,Unnamed: 0,id,index,type,substance,smiles_1,smiles_2,forcefield,replicate,value,uncertainty,reference_value,reference_uncertainty
0,0,dhmix_592425981731704,0,EnthalpyOfMixing,<Substance C1CCCCC1{solv}{x=0.100300}|Cc1ccccc1{solv}{x=0.899700}>,C1CCCCC1,Cc1ccccc1,Protein-Null-0.0.3-4-mer-AAQAA3-1E3-2-OPC3_opc3,1,0.219898258581523,0.0421778522014262,0.2015,0.0015
1,1,dens_191923210986624643,1,Density,<Substance C1CCCCC1{solv}{x=0.697700}|Cc1ccccc1{solv}{x=0.302300}>,C1CCCCC1,Cc1ccccc1,Protein-Null-0.0.3-4-mer-AAQAA3-1E3-2-OPC3_opc3,1,0.761286981867001,0.00016920726516,0.7818000000000002,0.00041
2,2,dens_699555827256664507,2,Density,<Substance C1CCCCC1{solv}{x=0.100000}|Cc1ccccc1{solv}{x=0.900000}>,C1CCCCC1,Cc1ccccc1,Protein-Null-0.0.3-4-mer-AAQAA3-1E3-2-OPC3_opc3,1,0.8222167360804288,0.0002260869277609,0.8378000000000001,0.00025
3,3,dhmix_997331474504366167,3,EnthalpyOfMixing,<Substance C1CCCCC1{solv}{x=0.697900}|Cc1ccccc1{solv}{x=0.302100}>,C1CCCCC1,Cc1ccccc1,Protein-Null-0.0.3-4-mer-AAQAA3-1E3-2-OPC3_opc3,1,0.7670768896002329,0.0475851587194793,0.5221,0.0034
4,4,dhmix_1586684551148150215,4,EnthalpyOfMixing,<Substance C1CCCCC1{solv}{x=0.397600}|Cc1ccccc1{solv}{x=0.602400}>,C1CCCCC1,Cc1ccccc1,Protein-Null-0.0.3-4-mer-AAQAA3-1E3-2-OPC3_opc3,1,0.7919291369251908,0.0403761214184429,0.5887,0.0038
5,5,dens_1809100412119556796,5,Density,<Substance C1CCCCC1{solv}{x=0.397500}|Cc1ccccc1{solv}{x=0.602500}>,C1CCCCC1,Cc1ccccc1,Protein-Null-0.0.3-4-mer-AAQAA3-1E3-2-OPC3_opc3,1,0.8054916765327361,0.0002552940888509,0.8228000000000002,0.0002
6,6,dhmix_1261378482688431,6,EnthalpyOfMixing,<Substance CCC(C)=O{solv}{x=0.510600}|Nc1ccccc1{solv}{x=0.489400}>,CCC(C)=O,Nc1ccccc1,Protein-Null-0.0.3-4-mer-AAQAA3-1E3-2-OPC3_opc3,1,-0.5739738271573529,0.0379214420617404,-1.173,0.0125
7,7,dhmix_157258283975731553,7,EnthalpyOfMixing,<Substance CCC(C)=O{solv}{x=0.901800}|Nc1ccccc1{solv}{x=0.098200}>,CCC(C)=O,Nc1ccccc1,Protein-Null-0.0.3-4-mer-AAQAA3-1E3-2-OPC3_opc3,1,-0.4231224091564165,0.0391424531522237,-0.469,0.005
8,8,dens_610648476268376520,8,Density,<Substance CCC(C)=O{solv}{x=0.502600}|Nc1ccccc1{solv}{x=0.497400}>,CCC(C)=O,Nc1ccccc1,Protein-Null-0.0.3-4-mer-AAQAA3-1E3-2-OPC3_opc3,1,0.926445653561837,0.0001972493782531,0.9213850000000002,5.650000000000002e-05
9,9,dens_1388487494953421117,9,Density,<Substance CCC(C)=O{solv}{x=0.901900}|Nc1ccccc1{solv}{x=0.098100}>,CCC(C)=O,Nc1ccccc1,Protein-Null-0.0.3-4-mer-AAQAA3-1E3-2-OPC3_opc3,1,0.8076111213883642,0.0002516294491547,0.8265540000000001,7.200000000000002e-05
10,10,dhmix_1389656513678923263,10,EnthalpyOfMixing,<Substance CCC(C)=O{solv}{x=0.209900}|Nc1ccccc1{solv}{x=0.790100}>,CCC(C)=O,Nc1ccccc1,Protein-Null-0.0.3-4-mer-AAQAA3-1E3-2-OPC3_opc3,1,0.0869950306131031,0.045351277987157,-0.648,0.007
11,11,dens_2115628806769415578,11,Density,<Substance CCC(C)=O{solv}{x=0.256300}|Nc1ccccc1{solv}{x=0.743700}>,CCC(C)=O,Nc1ccccc1,Protein-Null-0.0.3-4-mer-AAQAA3-1E3-2-OPC3_opc3,1,0.9983887704675,0.0003642633155962,0.9712300000000004,4.900000000000001e-05
12,12,dens_1379242187515209,12,Density,<Substance CC#N{solv}{x=0.795200}|CCCCOCCCC{solv}{x=0.204800}>,CC#N,CCCCOCCCC,Protein-Null-0.0.3-4-mer-AAQAA3-1E3-2-OPC3_opc3,1,0.7720645982493425,0.000228698084727,0.7708800000000002,0.000245
13,13,dhmix_575991096898484441,13,EnthalpyOfMixing,<Substance CC#N{solv}{x=0.488600}|CCCCOCCCC{solv}{x=0.511400}>,CC#N,CCCCOCCCC,Protein-Null-0.0.3-4-mer-AAQAA3-1E3-2-OPC3_opc3,1,0.7136661964654891,0.0409875203680017,1.26543,0.00796
14,14,dhmix_1182924089945476872,14,EnthalpyOfMixing,<Substance CC#N{solv}{x=0.241600}|CCCCOCCCC{solv}{x=0.758400}>,CC#N,CCCCOCCCC,Protein-Null-0.0.3-4-mer-AAQAA3-1E3-2-OPC3_opc3,1,0.4342707854984411,0.049398664158836,0.94593,0.00601
15,15,dhmix_1244492966201685063,15,EnthalpyOfMixing,<Substance CC#N{solv}{x=0.795200}|CCCCOCCCC{solv}{x=0.204800}>,CC#N,CCCCOCCCC,Protein-Null-0.0.3-4-mer-AAQAA3-1E3-2-OPC3_opc3,1,0.5059995292580417,0.0333939035991523,0.94289,0.005995
16,16,dens_2044032309137951705,16,Density,<Substance CC#N{solv}{x=0.245500}|CCCCOCCCC{solv}{x=0.754500}>,CC#N,CCCCOCCCC,Protein-Null-0.0.3-4-mer-AAQAA3-1E3-2-OPC3_opc3,1,0.7605355710669401,0.0002049943132058,0.7653000000000001,0.00028
17,17,dens_2211436825174998797,17,Density,<Substance CC#N{solv}{x=0.509800}|CCCCOCCCC{solv}{x=0.490200}>,CC#N,CCCCOCCCC,Protein-Null-0.0.3-4-mer-AAQAA3-1E3-2-OPC3_opc3,1,0.7657256579854992,0.0002156350731032,0.7671500000000001,0.00026
18,18,dens_1820034175228694,18,Density,<Substance C1CCCCC1{solv}{x=0.540900}|CN1CCCC1=O{solv}{x=0.459100}>,C1CCCCC1,CN1CCCC1=O,Protein-Null-0.0.3-4-mer-AAQAA3-1E3-2-OPC3_opc3,1,0.8537327747898668,0.0001737171667084,0.8757100000000002,0.000335
19,19,dhmix_1335365307191460458,19,EnthalpyOfMixing,<Substance C1CCCCC1{solv}{x=0.751800}|CN1CCCC1=O{solv}{x=0.248200}>,C1CCCCC1,CN1CCCC1=O,Protein-Null-0.0.3-4-mer-AAQAA3-1E3-2-OPC3_opc3,1,1.4913053758000103,0.0453933938519074,1.1998,0.01285
20,20,dens_1375048033230012198,20,Density,<Substance C1CCCCC1{solv}{x=0.733200}|CN1CCCC1=O{solv}{x=0.266800}>,C1CCCCC1,CN1CCCC1=O,Protein-Null-0.0.3-4-mer-AAQAA3-1E3-2-OPC3_opc3,1,0.8074449931204735,0.0002329417247611,0.8287300000000002,0.0004
21,21,dhmix_1563298635135474599,21,EnthalpyOfMixing,<Substance C1CCCCC1{solv}{x=0.278900}|CN1CCCC1=O{solv}{x=0.721100}>,C1CCCCC1,CN1CCCC1=O,Protein-Null-0.0.3-4-mer-AAQAA3-1E3-2-OPC3_opc3,1,1.6658216095949498,0.047816807983748,1.2061,0.0129
22,22,dens_1606235786379262481,22,Density,<Substance C1CCCCC1{solv}{x=0.227500}|CN1CCCC1=O{solv}{x=0.772500}>,C1CCCCC1,CN1CCCC1=O,Protein-Null-0.0.3-4-mer-AAQAA3-1E3-2-OPC3_opc3,1,0.9333131063144128,0.0002403213773968,0.9583800000000002,0.000245
23,23,dhmix_1683219349338278021,23,EnthalpyOfMixing,<Substance C1CCCCC1{solv}{x=0.473400}|CN1CCCC1=O{solv}{x=0.526600}>,C1CCCCC1,CN1CCCC1=O,Protein-Null-0.0.3-4-mer-AAQAA3-1E3-2-OPC3_opc3,1,1.859782411268128,0.0431426534458075,1.4691,0.0157
24,24,dens_4438302718372985,24,Density,<Substance BrCCCCBr{solv}{x=0.717000}|COC=O{solv}{x=0.283000}>,BrCCCCBr,COC=O,Protein-Null-0.0.3-4-mer-AAQAA3-1E3-2-OPC3_opc3,1,1.6295984699636945,0.0004959560172187,1.6702600000000003,0.00259
25,25,dhmix_369816950910078034,25,EnthalpyOfMixing,<Substance BrCCCCBr{solv}{x=0.778200}|COC=O{solv}{x=0.221800}>,BrCCCCBr,COC=O,Protein-Null-0.0.3-4-mer-AAQAA3-1E3-2-OPC3_opc3,1,0.7642324257228523,0.0403317219970377,0.6355,0.0057
26,26,dens_460757700461114532,26,Density,<Substance BrCCCCBr{solv}{x=0.495800}|COC=O{solv}{x=0.504200}>,BrCCCCBr,COC=O,Protein-Null-0.0.3-4-mer-AAQAA3-1E3-2-OPC3_opc3,1,1.4963453171823322,0.0004543361204013,1.5176800000000004,0.001885
27,27,dhmix_1496821399278454353,27,EnthalpyOfMixing,<Substance BrCCCCBr{solv}{x=0.265400}|COC=O{solv}{x=0.734600}>,BrCCCCBr,COC=O,Protein-Null-0.0.3-4-mer-AAQAA3-1E3-2-OPC3_opc3,1,0.988706827999822,0.0340355523114326,0.8185,0.00715
28,28,dens_1750413656870357630,28,Density,<Substance BrCCCCBr{solv}{x=0.225800}|COC=O{solv}{x=0.774200}>,BrCCCCBr,COC=O,Protein-Null-0.0.3-4-mer-AAQAA3-1E3-2-OPC3_opc3,1,1.2713435268308868,0.0003982333441707,1.2671300000000003,0.00104
29,29,dhmix_1802862930607761431,29,EnthalpyOfMixing,<Substance BrCCCCBr{solv}{x=0.482000}|COC=O{solv}{x=0.518000}>,BrCCCCBr,COC=O,Protein-Null-0.0.3-4-mer-AAQAA3-1E3-2-OPC3_opc3,1,1.2057017052816548,0.0351027734737023,1.0243,0.0087
30,30,dhmix_8447570649359775,30,EnthalpyOfMixing,<Substance OCCO{solv}{x=0.481700}|OCc1ccccc1{solv}{x=0.518300}>,OCCO,OCc1ccccc1,Protein-Null-0.0.3-4-mer-AAQAA3-1E3-2-OPC3_opc3,1,0.3062022627128868,0.0422369210278492,0.201,0.00465
31,31,dens_824372741354282107,31,Density,<Substance OCCO{solv}{x=0.505700}|OCc1ccccc1{solv}{x=0.494300}>,OCCO,OCc1ccccc1,Protein-Null-0.0.3-4-mer-AAQAA3-1E3-2-OPC3_opc3,1,1.0606067689334122,0.0002874425852272,1.0579000000000005,0.00027
32,32,dens_1105173553343721111,32,Density,<Substance OCCO{solv}{x=0.737100}|OCc1ccccc1{solv}{x=0.262900}>,OCCO,OCc1ccccc1,Protein-Null-0.0.3-4-mer-AAQAA3-1E3-2-OPC3_opc3,1,1.080752534761534,0.0004506079789898,1.0753200000000005,0.000275
33,33,dhmix_1362282802315816638,33,EnthalpyOfMixing,<Substance OCCO{solv}{x=0.736100}|OCc1ccccc1{solv}{x=0.263900}>,OCCO,OCc1ccccc1,Protein-Null-0.0.3-4-mer-AAQAA3-1E3-2-OPC3_opc3,1,0.1716744083405146,0.0391381554170101,0.1383,0.0037
34,34,dhmix_1666683879028583081,34,EnthalpyOfMixing,<Substance OCCO{solv}{x=0.236500}|OCc1ccccc1{solv}{x=0.763500}>,OCCO,OCc1ccccc1,Protein-Null-0.0.3-4-mer-AAQAA3-1E3-2-OPC3_opc3,1,0.4660536516996316,0.0478907081891095,0.209,0.0048
35,35,dens_1698159396404241323,35,Density,<Substance OCCO{solv}{x=0.262200}|OCc1ccccc1{solv}{x=0.737800}>,OCCO,OCc1ccccc1,Protein-Null-0.0.3-4-mer-AAQAA3-1E3-2-OPC3_opc3,1,1.0442056624464822,0.0002640294783078,1.0442900000000002,0.000265
36,36,dens_8507121971977381,36,Density,<Substance CCOC(C)(C)C{solv}{x=0.505000}|Cc1ccccc1{solv}{x=0.495000}>,CCOC(C)(C)C,Cc1ccccc1,Protein-Null-0.0.3-4-mer-AAQAA3-1E3-2-OPC3_opc3,1,0.7967737522400444,0.0002261524260178,0.7937390000000002,0.000467
37,37,dens_499290591626962121,37,Density,<Substance CCOC(C)(C)C{solv}{x=0.217000}|Cc1ccccc1{solv}{x=0.783000}>,CCOC(C)(C)C,Cc1ccccc1,Protein-Null-0.0.3-4-mer-AAQAA3-1E3-2-OPC3_opc3,1,0.8258633675257394,0.0002470889191245,0.8314450000000002,0.000411
38,38,dhmix_820491025608256793,38,EnthalpyOfMixing,<Substance CCOC(C)(C)C{solv}{x=0.501900}|Cc1ccccc1{solv}{x=0.498100}>,CCOC(C)(C)C,Cc1ccccc1,Protein-Null-0.0.3-4-mer-AAQAA3-1E3-2-OPC3_opc3,1,-0.2838826659494842,0.0442540636861581,-0.046,0.00055
39,39,dhmix_1374163681483564129,39,EnthalpyOfMixing,<Substance CCOC(C)(C)C{solv}{x=0.248900}|Cc1ccccc1{solv}{x=0.751100}>,CCOC(C)(C)C,Cc1ccccc1,Protein-Null-0.0.3-4-mer-AAQAA3-1E3-2-OPC3_opc3,1,-0.1034289858519699,0.0430967983892816,-0.0324,0.0005
40,40,dens_1904998692863983733,40,Density,<Substance CCOC(C)(C)C{solv}{x=0.701000}|Cc1ccccc1{solv}{x=0.299000}>,CCOC(C)(C)C,Cc1ccccc1,Protein-Null-0.0.3-4-mer-AAQAA3-1E3-2-OPC3_opc3,1,0.7779897737703041,0.0002243101178383,0.7696300000000001,0.000503
41,41,dhmix_1982853461678580310,41,EnthalpyOfMixing,<Substance CCOC(C)(C)C{solv}{x=0.749500}|Cc1ccccc1{solv}{x=0.250500}>,CCOC(C)(C)C,Cc1ccccc1,Protein-Null-0.0.3-4-mer-AAQAA3-1E3-2-OPC3_opc3,1,-0.1809987416652063,0.0502652249902728,-0.0348,0.0005
42,42,dhmix_13624411991961099,42,EnthalpyOfMixing,<Substance C1CCOCC1{solv}{x=0.237900}|Cc1ccccc1N{solv}{x=0.762100}>,C1CCOCC1,Cc1ccccc1N,Protein-Null-0.0.3-4-mer-AAQAA3-1E3-2-OPC3_opc3,1,-0.1581702681468373,0.0460982141474635,-0.3658,0.004
43,43,dhmix_510299013171775812,43,EnthalpyOfMixing,<Substance C1CCOCC1{solv}{x=0.741000}|Cc1ccccc1N{solv}{x=0.259000}>,C1CCOCC1,Cc1ccccc1N,Protein-Null-0.0.3-4-mer-AAQAA3-1E3-2-OPC3_opc3,1,-0.0926440406676292,0.0479322363990616,-0.4892,0.0053
44,44,dhmix_1337006691942958969,44,EnthalpyOfMixing,<Substance C1CCOCC1{solv}{x=0.490100}|Cc1ccccc1N{solv}{x=0.509900}>,C1CCOCC1,Cc1ccccc1N,Protein-Null-0.0.3-4-mer-AAQAA3-1E3-2-OPC3_opc3,1,-0.2682898866550722,0.0437583514240441,-0.5715,0.0062
45,45,dens_1448062547628404156,45,Density,<Substance C1CCOCC1{solv}{x=0.727900}|Cc1ccccc1N{solv}{x=0.272100}>,C1CCOCC1,Cc1ccccc1N,Protein-Null-0.0.3-4-mer-AAQAA3-1E3-2-OPC3_opc3,1,0.9142990212750972,0.0002138921150758,0.91866,0.000285
46,46,dens_2171966897328079405,46,Density,<Substance C1CCOCC1{solv}{x=0.498600}|Cc1ccccc1N{solv}{x=0.501400}>,C1CCOCC1,Cc1ccccc1N,Protein-Null-0.0.3-4-mer-AAQAA3-1E3-2-OPC3_opc3,1,0.9499613897477832,0.0002750238744124,0.9459860000000002,0.0002275
47,47,dens_2201621104799327758,47,Density,<Substance C1CCOCC1{solv}{x=0.229700}|Cc1ccccc1N{solv}{x=0.770300}>,C1CCOCC1,Cc1ccccc1N,Protein-Null-0.0.3-4-mer-AAQAA3-1E3-2-OPC3_opc3,1,0.9892983996677452,0.0002932499276272,0.9734540000000002,0.000164
48,48,dens_15008167137789802,48,Density,<Substance CCCCCl{solv}{x=0.299200}|CN(C)C=O{solv}{x=0.700800}>,CCCCCl,CN(C)C=O,Protein-Null-0.0.3-4-mer-AAQAA3-1E3-2-OPC3_opc3,1,0.8987571175012002,0.0002651412697158,0.9218000000000002,0.0002
49,49,dens_550868133232739009,49,Density,<Substance CCCCCl{solv}{x=0.701200}|CN(C)C=O{solv}{x=0.298800}>,CCCCCl,CN(C)C=O,Protein-Null-0.0.3-4-mer-AAQAA3-1E3-2-OPC3_opc3,1,0.8738310510837637,0.0003147689356125,0.8963000000000002,0.0002
50,50,dhmix_1315230298567753558,50,EnthalpyOfMixing,<Substance CCCCCl{solv}{x=0.793000}|CN(C)C=O{solv}{x=0.207000}>,CCCCCl,CN(C)C=O,Protein-Null-0.0.3-4-mer-AAQAA3-1E3-2-OPC3_opc3,1,0.6982299804312859,0.0440944732104006,0.404,0.003
51,51,dhmix_1929975181819720491,51,EnthalpyOfMixing,<Substance CCCCCl{solv}{x=0.493000}|CN(C)C=O{solv}{x=0.507000}>,CCCCCl,CN(C)C=O,Protein-Null-0.0.3-4-mer-AAQAA3-1E3-2-OPC3_opc3,1,0.9721287867554408,0.0371674292710025,0.571,0.003
52,52,dhmix_1976787548784045784,52,EnthalpyOfMixing,<Substance CCCCCl{solv}{x=0.295000}|CN(C)C=O{solv}{x=0.705000}>,CCCCCl,CN(C)C=O,Protein-Null-0.0.3-4-mer-AAQAA3-1E3-2-OPC3_opc3,1,0.8070436094870175,0.0381139703916455,0.467,0.003
53,53,dens_2008819185276371643,53,Density,<Substance CCCCCl{solv}{x=0.499000}|CN(C)C=O{solv}{x=0.501000}>,CCCCCl,CN(C)C=O,Protein-Null-0.0.3-4-mer-AAQAA3-1E3-2-OPC3_opc3,1,0.8867998180464524,0.0003048544674381,0.9086000000000002,0.0002
54,54,dens_16755306936326197,54,Density,<Substance Cc1ccccc1N{solv}{x=0.255700}|Cc1ccccn1{solv}{x=0.744300}>,Cc1ccccc1N,Cc1ccccn1,Protein-Null-0.0.3-4-mer-AAQAA3-1E3-2-OPC3_opc3,1,0.9662550862945204,0.0002223176007455,0.9597930000000002,0.000307
55,55,dens_238666738854407136,55,Density,<Substance Cc1ccccc1N{solv}{x=0.514600}|Cc1ccccn1{solv}{x=0.485400}>,Cc1ccccc1N,Cc1ccccn1,Protein-Null-0.0.3-4-mer-AAQAA3-1E3-2-OPC3_opc3,1,0.9866750401732142,0.0002182280050168,0.9748990000000002,0.0002315
56,56,dhmix_1909144841681931250,56,EnthalpyOfMixing,<Substance Cc1ccccc1N{solv}{x=0.488200}|Cc1ccccn1{solv}{x=0.511800}>,Cc1ccccc1N,Cc1ccccn1,Protein-Null-0.0.3-4-mer-AAQAA3-1E3-2-OPC3_opc3,1,-1.7937724753744817,0.0379847161742279,-1.4976,0.0305
57,57,dens_1945534954282706534,57,Density,<Substance Cc1ccccc1N{solv}{x=0.757100}|Cc1ccccn1{solv}{x=0.242900}>,Cc1ccccc1N,Cc1ccccn1,Protein-Null-0.0.3-4-mer-AAQAA3-1E3-2-OPC3_opc3,1,1.004790495631503,0.0002496727021207,0.9854410000000002,0.000169
58,58,dhmix_2038606904928978856,58,EnthalpyOfMixing,<Substance Cc1ccccc1N{solv}{x=0.782100}|Cc1ccccn1{solv}{x=0.217900}>,Cc1ccccc1N,Cc1ccccn1,Protein-Null-0.0.3-4-mer-AAQAA3-1E3-2-OPC3_opc3,1,-1.1018619225006674,0.0644291785412059,-0.8656,0.01775
59,59,dhmix_2125558080831870503,59,EnthalpyOfMixing,<Substance Cc1ccccc1N{solv}{x=0.273600}|Cc1ccccn1{solv}{x=0.726400}>,Cc1ccccc1N,Cc1ccccn1,Protein-Null-0.0.3-4-mer-AAQAA3-1E3-2-OPC3_opc3,1,-1.5568324176839,0.0430077488016399,-1.2462,0.0254
60,60,dens_19028061622240549,60,Density,<Substance CN(C)CCO{solv}{x=0.296200}|CO{solv}{x=0.703800}>,CN(C)CCO,CO,Protein-Null-0.0.3-4-mer-AAQAA3-1E3-2-OPC3_opc3,1,0.8424066634344058,0.000318154388523,0.8506500000000001,0.00014
61,61,dens_186649390549115907,61,Density,<Substance CN(C)CCO{solv}{x=0.502000}|CO{solv}{x=0.498000}>,CN(C)CCO,CO,Protein-Null-0.0.3-4-mer-AAQAA3-1E3-2-OPC3_opc3,1,0.8680738658716539,0.0002331139915297,0.8684000000000002,0.000155
62,62,dhmix_1453612193040378117,62,EnthalpyOfMixing,<Substance CN(C)CCO{solv}{x=0.497200}|CO{solv}{x=0.502800}>,CN(C)CCO,CO,Protein-Null-0.0.3-4-mer-AAQAA3-1E3-2-OPC3_opc3,1,-1.5484955415992945,0.0324344748459585,-0.8673,0.00935
63,63,dens_1978392691277508278,63,Density,<Substance CN(C)CCO{solv}{x=0.707500}|CO{solv}{x=0.292500}>,CN(C)CCO,CO,Protein-Null-0.0.3-4-mer-AAQAA3-1E3-2-OPC3_opc3,1,0.8844123119694073,0.0002096333091504,0.8766100000000002,0.00017
64,64,dhmix_2113387918969192804,64,EnthalpyOfMixing,<Substance CN(C)CCO{solv}{x=0.247900}|CO{solv}{x=0.752100}>,CN(C)CCO,CO,Protein-Null-0.0.3-4-mer-AAQAA3-1E3-2-OPC3_opc3,1,-1.324506353631648,0.0326259460589492,-0.8057,0.0087
65,65,dhmix_2220842061395014218,65,EnthalpyOfMixing,<Substance CN(C)CCO{solv}{x=0.750600}|CO{solv}{x=0.249400}>,CN(C)CCO,CO,Protein-Null-0.0.3-4-mer-AAQAA3-1E3-2-OPC3_opc3,1,-1.0664599487418087,0.0445611864284007,-0.5322,0.00585
66,66,dhmix_21994921667950318,66,EnthalpyOfMixing,<Substance C=CCCCC{solv}{x=0.500100}|CCCO{solv}{x=0.499900}>,C=CCCCC,CCCO,Protein-Null-0.0.3-4-mer-AAQAA3-1E3-2-OPC3_opc3,1,0.5894511838356351,0.0387837837202634,0.595,0.0055
67,67,dens_62854823056490751,67,Density,<Substance C=CCCCC{solv}{x=0.150300}|CCCO{solv}{x=0.849700}>,C=CCCCC,CCCO,Protein-Null-0.0.3-4-mer-AAQAA3-1E3-2-OPC3_opc3,1,0.7611126630296386,0.0002811889861857,0.7704980000000002,0.0001845
68,68,dens_294296714501123310,68,Density,<Substance C=CCCCC{solv}{x=0.499100}|CCCO{solv}{x=0.500900}>,C=CCCCC,CCCO,Protein-Null-0.0.3-4-mer-AAQAA3-1E3-2-OPC3_opc3,1,0.6997913162062478,0.0002504159545555,0.7176450000000002,0.0002145
69,69,dhmix_829065315899278784,69,EnthalpyOfMixing,<Substance C=CCCCC{solv}{x=0.750000}|CCCO{solv}{x=0.250000}>,C=CCCCC,CCCO,Protein-Null-0.0.3-4-mer-AAQAA3-1E3-2-OPC3_opc3,1,0.6356872907445137,0.0436195033122928,0.682,0.006
70,70,dens_2024397702416079279,70,Density,<Substance C=CCCCC{solv}{x=0.745600}|CCCO{solv}{x=0.254400}>,C=CCCCC,CCCO,Protein-Null-0.0.3-4-mer-AAQAA3-1E3-2-OPC3_opc3,1,0.668498961546989,0.0002585198018986,0.6899770000000002,0.0002305
71,71,dhmix_2167083041249157622,71,EnthalpyOfMixing,<Substance C=CCCCC{solv}{x=0.150100}|CCCO{solv}{x=0.849900}>,C=CCCCC,CCCO,Protein-Null-0.0.3-4-mer-AAQAA3-1E3-2-OPC3_opc3,1,0.2601400777555192,0.0415431090955312,0.192,0.005
72,72,dhmix_22428169890990447,72,EnthalpyOfMixing,<Substance CC1(C)C(=O)[C@]2(C)CC[C@H]1C2{solv}{x=0.286000}|CCO{solv}{x=0.714000}>,CC1(C)C(=O)[C@]2(C)CC[C@H]1C2,CCO,Protein-Null-0.0.3-4-mer-AAQAA3-1E3-2-OPC3_opc3,1,0.5523248847501634,0.0396897182071707,0.876,0.0265
73,73,dhmix_57626661746168078,73,EnthalpyOfMixing,<Substance CC1(C)C(=O)[C@]2(C)CC[C@H]1C2{solv}{x=0.701000}|CCO{solv}{x=0.299000}>,CC1(C)C(=O)[C@]2(C)CC[C@H]1C2,CCO,Protein-Null-0.0.3-4-mer-AAQAA3-1E3-2-OPC3_opc3,1,0.7417678043387923,0.038731089995986,1.0,0.0305
74,74,dhmix_287041928444283276,74,EnthalpyOfMixing,<Substance CC1(C)C(=O)[C@]2(C)CC[C@H]1C2{solv}{x=0.488000}|CCO{solv}{x=0.512000}>,CC1(C)C(=O)[C@]2(C)CC[C@H]1C2,CCO,Protein-Null-0.0.3-4-mer-AAQAA3-1E3-2-OPC3_opc3,1,0.8357473261765733,0.0349397668942359,1.109,0.0335
75,75,dens_618487453946854895,75,Density,<Substance CC1(C)C(=O)[C@]2(C)CC[C@H]1C2{solv}{x=0.501200}|CCO{solv}{x=0.498800}>,CC1(C)C(=O)[C@]2(C)CC[C@H]1C2,CCO,Protein-Null-0.0.3-4-mer-AAQAA3-1E3-2-OPC3_opc3,1,0.907049440935912,0.0002015597177566,0.9005900000000002,5.5000000000000016e-05
76,76,dens_1408969463542558504,76,Density,<Substance CC1(C)C(=O)[C@]2(C)CC[C@H]1C2{solv}{x=0.789700}|CCO{solv}{x=0.210300}>,CC1(C)C(=O)[C@]2(C)CC[C@H]1C2,CCO,Protein-Null-0.0.3-4-mer-AAQAA3-1E3-2-OPC3_opc3,1,0.9361043754469848,0.0002072785528246,0.9274800000000002,6.0000000000000015e-05
77,77,dens_2053919413592536040,77,Density,<Substance CC1(C)C(=O)[C@]2(C)CC[C@H]1C2{solv}{x=0.200200}|CCO{solv}{x=0.799800}>,CC1(C)C(=O)[C@]2(C)CC[C@H]1C2,CCO,Protein-Null-0.0.3-4-mer-AAQAA3-1E3-2-OPC3_opc3,1,0.8546264549563761,0.0002541268226323,0.8499000000000002,6.500000000000002e-05
78,78,dhmix_24700325920498635,78,EnthalpyOfMixing,<Substance CCC(C)(C)O{solv}{x=0.799400}|CCOC(C)(C)CC{solv}{x=0.200600}>,CCC(C)(C)O,CCOC(C)(C)CC,Protein-Null-0.0.3-4-mer-AAQAA3-1E3-2-OPC3_opc3,1,0.8091611581473046,0.0491843319541964,0.448,0.0073
79,79,dhmix_252628078473967793,79,EnthalpyOfMixing,<Substance CCC(C)(C)O{solv}{x=0.299700}|CCOC(C)(C)CC{solv}{x=0.700300}>,CCC(C)(C)O,CCOC(C)(C)CC,Protein-Null-0.0.3-4-mer-AAQAA3-1E3-2-OPC3_opc3,1,0.9895248557631292,0.0501699912305511,0.9727,0.0132
80,80,dens_281609537293621351,80,Density,<Substance CCC(C)(C)O{solv}{x=0.799400}|CCOC(C)(C)CC{solv}{x=0.200600}>,CCC(C)(C)O,CCOC(C)(C)CC,Protein-Null-0.0.3-4-mer-AAQAA3-1E3-2-OPC3_opc3,1,0.807169121424122,0.0002443334323916,0.7932000000000002,0.00025
81,81,dhmix_980734994193955874,81,EnthalpyOfMixing,<Substance CCC(C)(C)O{solv}{x=0.498700}|CCOC(C)(C)CC{solv}{x=0.501300}>,CCC(C)(C)O,CCOC(C)(C)CC,Protein-Null-0.0.3-4-mer-AAQAA3-1E3-2-OPC3_opc3,1,1.266828161672656,0.0497620222082066,0.8937,0.01225
82,82,dens_1165049856972872340,82,Density,<Substance CCC(C)(C)O{solv}{x=0.498700}|CCOC(C)(C)CC{solv}{x=0.501300}>,CCC(C)(C)O,CCOC(C)(C)CC,Protein-Null-0.0.3-4-mer-AAQAA3-1E3-2-OPC3_opc3,1,0.7879839854753982,0.0001856450367008,0.7789000000000001,0.0002
83,83,dens_2297026976830009992,83,Density,<Substance CCC(C)(C)O{solv}{x=0.299700}|CCOC(C)(C)CC{solv}{x=0.700300}>,CCC(C)(C)O,CCOC(C)(C)CC,Protein-Null-0.0.3-4-mer-AAQAA3-1E3-2-OPC3_opc3,1,0.7767771081848255,0.0001589524822564,0.7709000000000001,0.0002
84,84,dens_25810987980199799,84,Density,<Substance CCCCCC{solv}{x=0.158800}|Cc1ccccc1{solv}{x=0.841200}>,CCCCCC,Cc1ccccc1,Protein-Null-0.0.3-4-mer-AAQAA3-1E3-2-OPC3_opc3,1,0.8094277508914878,0.0002172284530672,0.8226300000000002,0.000335
85,85,dens_574637447996217594,85,Density,<Substance CCCCCC{solv}{x=0.501100}|Cc1ccccc1{solv}{x=0.498900}>,CCCCCC,Cc1ccccc1,Protein-Null-0.0.3-4-mer-AAQAA3-1E3-2-OPC3_opc3,1,0.7336244098868774,0.0002249064122102,0.7484400000000002,0.00015
86,86,dhmix_1373657903424456878,86,EnthalpyOfMixing,<Substance CCCCCC{solv}{x=0.158600}|Cc1ccccc1{solv}{x=0.841400}>,CCCCCC,Cc1ccccc1,Protein-Null-0.0.3-4-mer-AAQAA3-1E3-2-OPC3_opc3,1,0.4011025947930591,0.0429938207136631,0.3163,0.0043
87,87,dhmix_1383995974797334848,87,EnthalpyOfMixing,<Substance CCCCCC{solv}{x=0.472300}|Cc1ccccc1{solv}{x=0.527700}>,CCCCCC,Cc1ccccc1,Protein-Null-0.0.3-4-mer-AAQAA3-1E3-2-OPC3_opc3,1,0.7201351048559559,0.0339788246180812,0.5467,0.00715
88,88,dhmix_1412344026798360911,88,EnthalpyOfMixing,<Substance CCCCCC{solv}{x=0.748400}|Cc1ccccc1{solv}{x=0.251600}>,CCCCCC,Cc1ccccc1,Protein-Null-0.0.3-4-mer-AAQAA3-1E3-2-OPC3_opc3,1,0.5221736726659287,0.0314629634794331,0.393,0.00525
89,89,dens_2241575426887298365,89,Density,<Substance CCCCCC{solv}{x=0.733800}|Cc1ccccc1{solv}{x=0.266200}>,CCCCCC,Cc1ccccc1,Protein-Null-0.0.3-4-mer-AAQAA3-1E3-2-OPC3_opc3,1,0.6883404012413173,0.0002170317883545,0.7020900000000002,0.000305
90,90,dens_27241401908451167,90,Density,<Substance CN(C)C=O{solv}{x=0.503500}|Cc1ccccc1Cl{solv}{x=0.496500}>,CN(C)C=O,Cc1ccccc1Cl,Protein-Null-0.0.3-4-mer-AAQAA3-1E3-2-OPC3_opc3,1,1.011515574639595,0.0002594946991526,1.0247000000000004,0.0005
91,91,dhmix_674882857451857086,91,EnthalpyOfMixing,<Substance CN(C)C=O{solv}{x=0.511800}|Cc1ccccc1Cl{solv}{x=0.488200}>,CN(C)C=O,Cc1ccccc1Cl,Protein-Null-0.0.3-4-mer-AAQAA3-1E3-2-OPC3_opc3,1,0.1605442511238735,0.0394494319956017,0.545,0.006
92,92,dens_818042132181297482,92,Density,<Substance CN(C)C=O{solv}{x=0.751200}|Cc1ccccc1Cl{solv}{x=0.248800}>,CN(C)C=O,Cc1ccccc1Cl,Protein-Null-0.0.3-4-mer-AAQAA3-1E3-2-OPC3_opc3,1,0.9698959404935052,0.0002647862676884,0.9898800000000002,0.0005
93,93,dens_861365281257265917,93,Density,<Substance CN(C)C=O{solv}{x=0.273700}|Cc1ccccc1Cl{solv}{x=0.726300}>,CN(C)C=O,Cc1ccccc1Cl,Protein-Null-0.0.3-4-mer-AAQAA3-1E3-2-OPC3_opc3,1,1.0317920389172552,0.0002712357366267,1.0415000000000003,0.0005
94,94,dhmix_1670364528496870559,94,EnthalpyOfMixing,<Substance CN(C)C=O{solv}{x=0.767900}|Cc1ccccc1Cl{solv}{x=0.232100}>,CN(C)C=O,Cc1ccccc1Cl,Protein-Null-0.0.3-4-mer-AAQAA3-1E3-2-OPC3_opc3,1,0.1245053674168303,0.0361688795159944,0.436,0.005
95,95,dhmix_1992689527814967541,95,EnthalpyOfMixing,<Substance CN(C)C=O{solv}{x=0.274300}|Cc1ccccc1Cl{solv}{x=0.725700}>,CN(C)C=O,Cc1ccccc1Cl,Protein-Null-0.0.3-4-mer-AAQAA3-1E3-2-OPC3_opc3,1,0.1641504770012787,0.0435844458369826,0.373,0.004
96,96,dens_29213618499921464,96,Density,<Substance C1CCOCC1{solv}{x=0.254000}|O=C1CCCCCC1{solv}{x=0.746000}>,C1CCOCC1,O=C1CCCCCC1,Protein-Null-0.0.3-4-mer-AAQAA3-1E3-2-OPC3_opc3,1,0.9113289216189048,0.0001722229268254,0.9355100000000002,0.00051
97,97,dens_468319504030932569,97,Density,<Substance C1CCOCC1{solv}{x=0.498600}|O=C1CCCCCC1{solv}{x=0.501400}>,C1CCOCC1,O=C1CCCCCC1,Protein-Null-0.0.3-4-mer-AAQAA3-1E3-2-OPC3_opc3,1,0.8994999270985944,0.0001853508020124,0.9211200000000004,0.00051
98,98,dens_1174890511154571939,98,Density,<Substance C1CCOCC1{solv}{x=0.768600}|O=C1CCCCCC1{solv}{x=0.231400}>,C1CCOCC1,O=C1CCCCCC1,Protein-Null-0.0.3-4-mer-AAQAA3-1E3-2-OPC3_opc3,1,0.8849099568789575,0.0002337912023866,0.9012200000000002,0.000505
99,99,dens_30084818585402677,99,Density,<Substance CC(=O)N(C)C{solv}{x=0.700600}|ClCCCCCCCl{solv}{x=0.299400}>,CC(=O)N(C)C,ClCCCCCCCl,Protein-Null-0.0.3-4-mer-AAQAA3-1E3-2-OPC3_opc3,1,0.9609053285852772,0.0002225233338403,0.9853000000000002,0.00175
100,100,dhmix_384619296407103076,100,EnthalpyOfMixing,<Substance CC(=O)N(C)C{solv}{x=0.504000}|ClCCCCCCCl{solv}{x=0.496000}>,CC(=O)N(C)C,ClCCCCCCCl,Protein-Null-0.0.3-4-mer-AAQAA3-1E3-2-OPC3_opc3,1,0.3121238834043396,0.0352183094087898,0.09,0.002
101,101,dens_539464371986972328,101,Density,<Substance CC(=O)N(C)C{solv}{x=0.494300}|ClCCCCCCCl{solv}{x=0.505700}>,CC(=O)N(C)C,ClCCCCCCCl,Protein-Null-0.0.3-4-mer-AAQAA3-1E3-2-OPC3_opc3,1,0.9947966153171152,0.0002435529927405,1.0123000000000002,0.0016
102,102,dhmix_1114659247517686326,102,EnthalpyOfMixing,<Substance CC(=O)N(C)C{solv}{x=0.798000}|ClCCCCCCCl{solv}{x=0.202000}>,CC(=O)N(C)C,ClCCCCCCCl,Protein-Null-0.0.3-4-mer-AAQAA3-1E3-2-OPC3_opc3,1,0.2332672776906896,0.0426208948661005,0.067,0.002
103,103,dhmix_1410583096030633514,103,EnthalpyOfMixing,<Substance CC(=O)N(C)C{solv}{x=0.212000}|ClCCCCCCCl{solv}{x=0.788000}>,CC(=O)N(C)C,ClCCCCCCCl,Protein-Null-0.0.3-4-mer-AAQAA3-1E3-2-OPC3_opc3,1,0.0013270646540775,0.0484541721753894,0.04,0.002
104,104,dens_2244909992725638206,104,Density,<Substance CC(=O)N(C)C{solv}{x=0.300200}|ClCCCCCCCl{solv}{x=0.699800}>,CC(=O)N(C)C,ClCCCCCCCl,Protein-Null-0.0.3-4-mer-AAQAA3-1E3-2-OPC3_opc3,1,1.0218920888743683,0.0002378965943969,1.0345000000000002,0.0015
105,105,dhmix_35301006695188726,105,EnthalpyOfMixing,<Substance CCOC(=O)C(C)C{solv}{x=0.289000}|CO{solv}{x=0.711000}>,CCOC(=O)C(C)C,CO,Protein-Null-0.0.3-4-mer-AAQAA3-1E3-2-OPC3_opc3,1,0.3682408008007911,0.0359488277987778,0.488,0.0035
106,106,dens_508877804306927207,106,Density,<Substance CCOC(=O)C(C)C{solv}{x=0.499000}|CO{solv}{x=0.501000}>,CCOC(=O)C(C)C,CO,Protein-Null-0.0.3-4-mer-AAQAA3-1E3-2-OPC3_opc3,1,0.8428009416953041,0.0003033138411068,0.8414100000000002,0.00011
107,107,dens_1201422771202741625,107,Density,<Substance CCOC(=O)C(C)C{solv}{x=0.199600}|CO{solv}{x=0.800400}>,CCOC(=O)C(C)C,CO,Protein-Null-0.0.3-4-mer-AAQAA3-1E3-2-OPC3_opc3,1,0.8091470402934154,0.0003702438377585,0.8173600000000002,0.000115
108,108,dhmix_1951183536432642425,108,EnthalpyOfMixing,<Substance CCOC(=O)C(C)C{solv}{x=0.480000}|CO{solv}{x=0.520000}>,CCOC(=O)C(C)C,CO,Protein-Null-0.0.3-4-mer-AAQAA3-1E3-2-OPC3_opc3,1,0.4773861783156796,0.0417022165573275,0.671,0.0045
109,109,dens_1998368384671748308,109,Density,<Substance CCOC(=O)C(C)C{solv}{x=0.703000}|CO{solv}{x=0.297000}>,CCOC(=O)C(C)C,CO,Protein-Null-0.0.3-4-mer-AAQAA3-1E3-2-OPC3_opc3,1,0.8565133406695461,0.0002679229925419,0.8501200000000002,0.00011
110,110,dhmix_2200604492347455092,110,EnthalpyOfMixing,<Substance CCOC(=O)C(C)C{solv}{x=0.771000}|CO{solv}{x=0.229000}>,CCOC(=O)C(C)C,CO,Protein-Null-0.0.3-4-mer-AAQAA3-1E3-2-OPC3_opc3,1,0.3119297145141999,0.0486189033066475,0.632,0.0045
111,111,dhmix_39159150320919359,111,EnthalpyOfMixing,<Substance CCO{solv}{x=0.799700}|Cc1cccc(O)c1{solv}{x=0.200300}>,CCO,Cc1cccc(O)c1,Protein-Null-0.0.3-4-mer-AAQAA3-1E3-2-OPC3_opc3,1,-0.6608962381235699,0.0322979770763034,-0.79199,0.011965
112,112,dens_410843938837220593,112,Density,<Substance CCO{solv}{x=0.263700}|Cc1cccc(O)c1{solv}{x=0.736300}>,CCO,Cc1cccc(O)c1,Protein-Null-0.0.3-4-mer-AAQAA3-1E3-2-OPC3_opc3,1,0.9924706976518132,0.0002488680056448,0.9852300000000004,0.0006
113,113,dhmix_1115402835538407874,113,EnthalpyOfMixing,<Substance CCO{solv}{x=0.212500}|Cc1cccc(O)c1{solv}{x=0.787500}>,CCO,Cc1cccc(O)c1,Protein-Null-0.0.3-4-mer-AAQAA3-1E3-2-OPC3_opc3,1,-0.7788726824938124,0.0486653957960594,-0.68742,0.01275
114,114,dens_1359111234216199895,114,Density,<Substance CCO{solv}{x=0.472400}|Cc1cccc(O)c1{solv}{x=0.527600}>,CCO,Cc1cccc(O)c1,Protein-Null-0.0.3-4-mer-AAQAA3-1E3-2-OPC3_opc3,1,0.9539644642744411,0.0002590139335867,0.9446300000000002,0.0006
115,115,dens_1590314985481219627,115,Density,<Substance CCO{solv}{x=0.781700}|Cc1cccc(O)c1{solv}{x=0.218300}>,CCO,Cc1cccc(O)c1,Protein-Null-0.0.3-4-mer-AAQAA3-1E3-2-OPC3_opc3,1,0.8731711832976787,0.000292573509075,0.8631500000000002,0.000605
116,116,dhmix_1871939727966182523,116,EnthalpyOfMixing,<Substance CCO{solv}{x=0.413900}|Cc1cccc(O)c1{solv}{x=0.586100}>,CCO,Cc1cccc(O)c1,Protein-Null-0.0.3-4-mer-AAQAA3-1E3-2-OPC3_opc3,1,-1.027844249242488,0.0409696014542236,-1.14624,0.00985
117,117,dens_42678158079716854,117,Density,<Substance CN1CCCC1=O{solv}{x=0.937492}|c1ccccc1{solv}{x=0.062508}>,CN1CCCC1=O,c1ccccc1,Protein-Null-0.0.3-4-mer-AAQAA3-1E3-2-OPC3_opc3,1,0.9940412074694536,0.0002168953425461,1.0204500000000003,3.500000000000001e-05
118,118,dens_252520620125458637,118,Density,<Substance CN1CCCC1=O{solv}{x=0.513500}|c1ccccc1{solv}{x=0.486500}>,CN1CCCC1=O,c1ccccc1,Protein-Null-0.0.3-4-mer-AAQAA3-1E3-2-OPC3_opc3,1,0.9497385020417494,0.0002310130471105,0.9684700000000004,0.00018
119,119,dhmix_524477957640851666,119,EnthalpyOfMixing,<Substance CN1CCCC1=O{solv}{x=0.235600}|c1ccccc1{solv}{x=0.764400}>,CN1CCCC1=O,c1ccccc1,Protein-Null-0.0.3-4-mer-AAQAA3-1E3-2-OPC3_opc3,1,-0.1844423791625189,0.0352376269272262,-0.3684,0.00405
120,120,dhmix_1475629358723962160,120,EnthalpyOfMixing,<Substance CN1CCCC1=O{solv}{x=0.546700}|c1ccccc1{solv}{x=0.453300}>,CN1CCCC1=O,c1ccccc1,Protein-Null-0.0.3-4-mer-AAQAA3-1E3-2-OPC3_opc3,1,-0.2261346383556102,0.0345853296433802,-0.4943,0.00535
121,121,dens_2041306780823594960,121,Density,<Substance CN1CCCC1=O{solv}{x=0.252400}|c1ccccc1{solv}{x=0.747600}>,CN1CCCC1=O,c1ccccc1,Protein-Null-0.0.3-4-mer-AAQAA3-1E3-2-OPC3_opc3,1,0.9013331772446664,0.0002399136944855,0.9163300000000004,0.00029
122,122,dhmix_2156508970935294660,122,EnthalpyOfMixing,<Substance CN1CCCC1=O{solv}{x=0.741100}|c1ccccc1{solv}{x=0.258900}>,CN1CCCC1=O,c1ccccc1,Protein-Null-0.0.3-4-mer-AAQAA3-1E3-2-OPC3_opc3,1,-0.0567540045055494,0.0420414078000431,-0.3841,0.0042
123,123,dhmix_44217680865702366,123,EnthalpyOfMixing,<Substance CC(=O)c1ccccc1{solv}{x=0.200100}|CC(C)O{solv}{x=0.799900}>,CC(=O)c1ccccc1,CC(C)O,Protein-Null-0.0.3-4-mer-AAQAA3-1E3-2-OPC3_opc3,1,0.8825712355970583,0.039185249719829,1.1352,0.0124
124,124,dens_91454082453656404,124,Density,<Substance CC(=O)c1ccccc1{solv}{x=0.756100}|CC(C)O{solv}{x=0.243900}>,CC(=O)c1ccccc1,CC(C)O,Protein-Null-0.0.3-4-mer-AAQAA3-1E3-2-OPC3_opc3,1,0.9739154303162284,0.0002173278177956,0.9823500000000004,0.000175
125,125,dens_152869924254680766,125,Density,<Substance CC(=O)c1ccccc1{solv}{x=0.251700}|CC(C)O{solv}{x=0.748300}>,CC(=O)c1ccccc1,CC(C)O,Protein-Null-0.0.3-4-mer-AAQAA3-1E3-2-OPC3_opc3,1,0.8744636332922243,0.0002120736866403,0.8654400000000002,0.000245
126,126,dhmix_1214494501247401592,126,EnthalpyOfMixing,<Substance CC(=O)c1ccccc1{solv}{x=0.499600}|CC(C)O{solv}{x=0.500400}>,CC(=O)c1ccccc1,CC(C)O,Protein-Null-0.0.3-4-mer-AAQAA3-1E3-2-OPC3_opc3,1,1.372507346805957,0.0386299906066512,1.5703,0.0169
127,127,dhmix_1482394504883204224,127,EnthalpyOfMixing,<Substance CC(=O)c1ccccc1{solv}{x=0.700600}|CC(C)O{solv}{x=0.299400}>,CC(=O)c1ccccc1,CC(C)O,Protein-Null-0.0.3-4-mer-AAQAA3-1E3-2-OPC3_opc3,1,1.0628270078216886,0.0352061085907187,1.3758,0.01485
128,128,dens_1804860114822214449,128,Density,<Substance CC(=O)c1ccccc1{solv}{x=0.534500}|CC(C)O{solv}{x=0.465500}>,CC(=O)c1ccccc1,CC(C)O,Protein-Null-0.0.3-4-mer-AAQAA3-1E3-2-OPC3_opc3,1,0.936345894296823,0.0002247651256149,0.9375600000000002,0.0002
129,129,dhmix_47323681380989568,129,EnthalpyOfMixing,<Substance CCCCCCCCCl{solv}{x=0.498000}|CN(C)C=O{solv}{x=0.502000}>,CCCCCCCCCl,CN(C)C=O,Protein-Null-0.0.3-4-mer-AAQAA3-1E3-2-OPC3_opc3,1,1.4127461782368869,0.037334222638205,1.087,0.0045
130,130,dhmix_620291288515939248,130,EnthalpyOfMixing,<Substance CCCCCCCCCl{solv}{x=0.790000}|CN(C)C=O{solv}{x=0.210000}>,CCCCCCCCCl,CN(C)C=O,Protein-Null-0.0.3-4-mer-AAQAA3-1E3-2-OPC3_opc3,1,0.9281112725155224,0.0530219589339417,0.68,0.0045
131,131,dens_1830564734879843336,131,Density,<Substance CCCCCCCCCl{solv}{x=0.733100}|CN(C)C=O{solv}{x=0.266900}>,CCCCCCCCCl,CN(C)C=O,Protein-Null-0.0.3-4-mer-AAQAA3-1E3-2-OPC3_opc3,1,0.8667268736941012,0.0001670408655483,0.8779000000000002,0.00045
132,132,dens_1865569264533219410,132,Density,<Substance CCCCCCCCCl{solv}{x=0.500800}|CN(C)C=O{solv}{x=0.499200}>,CCCCCCCCCl,CN(C)C=O,Protein-Null-0.0.3-4-mer-AAQAA3-1E3-2-OPC3_opc3,1,0.8760792189595504,0.0002035376233105,0.8897000000000003,0.0004
133,133,dens_1893252821735673677,133,Density,<Substance CCCCCCCCCl{solv}{x=0.199800}|CN(C)C=O{solv}{x=0.800200}>,CCCCCCCCCl,CN(C)C=O,Protein-Null-0.0.3-4-mer-AAQAA3-1E3-2-OPC3_opc3,1,0.8955895938074725,0.0002750509520376,0.9149000000000002,0.0003
134,134,dhmix_2175249209874409534,134,EnthalpyOfMixing,<Substance CCCCCCCCCl{solv}{x=0.205000}|CN(C)C=O{solv}{x=0.795000}>,CCCCCCCCCl,CN(C)C=O,Protein-Null-0.0.3-4-mer-AAQAA3-1E3-2-OPC3_opc3,1,1.0224748524981706,0.0371927406926031,0.79,0.0045
135,135,dens_47347406470845261,135,Density,<Substance BrCCCBr{solv}{x=0.748600}|COC=O{solv}{x=0.251400}>,BrCCCBr,COC=O,Protein-Null-0.0.3-4-mer-AAQAA3-1E3-2-OPC3_opc3,1,1.7473760489679349,0.0005806305856562,1.7969200000000003,0.00306
136,136,dens_398260729245374704,136,Density,<Substance BrCCCBr{solv}{x=0.472200}|COC=O{solv}{x=0.527800}>,BrCCCBr,COC=O,Protein-Null-0.0.3-4-mer-AAQAA3-1E3-2-OPC3_opc3,1,1.538251148413695,0.000517743629651,1.5585100000000005,0.001985
137,137,dhmix_1440467239786579925,137,EnthalpyOfMixing,<Substance BrCCCBr{solv}{x=0.735400}|COC=O{solv}{x=0.264600}>,BrCCCBr,COC=O,Protein-Null-0.0.3-4-mer-AAQAA3-1E3-2-OPC3_opc3,1,0.7073467761501249,0.0340423058979707,0.7435,0.00655
138,138,dens_1812113401512645360,138,Density,<Substance BrCCCBr{solv}{x=0.204700}|COC=O{solv}{x=0.795300}>,BrCCCBr,COC=O,Protein-Null-0.0.3-4-mer-AAQAA3-1E3-2-OPC3_opc3,1,1.2710784094598775,0.0003837008937659,1.2611800000000004,0.001025
139,139,dhmix_2252268161220427112,139,EnthalpyOfMixing,<Substance BrCCCBr{solv}{x=0.485300}|COC=O{solv}{x=0.514700}>,BrCCCBr,COC=O,Protein-Null-0.0.3-4-mer-AAQAA3-1E3-2-OPC3_opc3,1,0.9328259200750502,0.0328040859782228,0.9249,0.00795
140,140,dhmix_2289960806584862127,140,EnthalpyOfMixing,<Substance BrCCCBr{solv}{x=0.239500}|COC=O{solv}{x=0.760500}>,BrCCCBr,COC=O,Protein-Null-0.0.3-4-mer-AAQAA3-1E3-2-OPC3_opc3,1,0.6676947217843292,0.0319912726763054,0.6669,0.00595
141,141,dens_52148744845178727,141,Density,<Substance CC(=O)CC(C)C{solv}{x=0.700900}|CCC(C)(C)O{solv}{x=0.299100}>,CC(=O)CC(C)C,CCC(C)(C)O,Protein-Null-0.0.3-4-mer-AAQAA3-1E3-2-OPC3_opc3,1,0.7998716481724112,0.0001526662892345,0.7968700000000002,0.00018
142,142,dhmix_202225007451030020,142,EnthalpyOfMixing,<Substance CC(=O)CC(C)C{solv}{x=0.201700}|CCC(C)(C)O{solv}{x=0.798300}>,CC(=O)CC(C)C,CCC(C)(C)O,Protein-Null-0.0.3-4-mer-AAQAA3-1E3-2-OPC3_opc3,1,0.4367704821023634,0.04528588562736,0.8181,0.01135
143,143,dens_938275493819605051,143,Density,<Substance CC(=O)CC(C)C{solv}{x=0.500800}|CCC(C)(C)O{solv}{x=0.499200}>,CC(=O)CC(C)C,CCC(C)(C)O,Protein-Null-0.0.3-4-mer-AAQAA3-1E3-2-OPC3_opc3,1,0.8054304357803351,0.00023437217107,0.7987300000000002,0.00018
144,144,dhmix_998794233701009996,144,EnthalpyOfMixing,<Substance CC(=O)CC(C)C{solv}{x=0.500800}|CCC(C)(C)O{solv}{x=0.499200}>,CC(=O)CC(C)C,CCC(C)(C)O,Protein-Null-0.0.3-4-mer-AAQAA3-1E3-2-OPC3_opc3,1,0.8508140244091527,0.0450674194361349,1.3674,0.0185
145,145,dhmix_1565593158104493647,145,EnthalpyOfMixing,<Substance CC(=O)CC(C)C{solv}{x=0.700900}|CCC(C)(C)O{solv}{x=0.299100}>,CC(=O)CC(C)C,CCC(C)(C)O,Protein-Null-0.0.3-4-mer-AAQAA3-1E3-2-OPC3_opc3,1,0.7817967835382174,0.0512565276973632,1.2068,0.0164
146,146,dens_2097057526665137697,146,Density,<Substance CC(=O)CC(C)C{solv}{x=0.201700}|CCC(C)(C)O{solv}{x=0.798300}>,CC(=O)CC(C)C,CCC(C)(C)O,Protein-Null-0.0.3-4-mer-AAQAA3-1E3-2-OPC3_opc3,1,0.8172809983423227,0.0003075603327627,0.8030000000000002,0.00019
147,147,dens_60145312697659458,147,Density,<Substance OC1=NCCC1{solv}{x=0.231200}|c1ccncc1{solv}{x=0.768800}>,OC1=NCCC1,c1ccncc1,Protein-Null-0.0.3-4-mer-AAQAA3-1E3-2-OPC3_opc3,1,1.0018438760802564,0.0002414359585684,1.0106200000000003,0.00051
148,148,dhmix_281987656487279026,148,EnthalpyOfMixing,<Substance OC1=NCCC1{solv}{x=0.525600}|c1ccncc1{solv}{x=0.474400}>,OC1=NCCC1,c1ccncc1,Protein-Null-0.0.3-4-mer-AAQAA3-1E3-2-OPC3_opc3,1,0.007421248443336,0.0349342918256109,0.2031,0.0508
149,149,dens_617740093035429712,149,Density,<Substance OC1=NCCC1{solv}{x=0.831200}|c1ccncc1{solv}{x=0.168800}>,OC1=NCCC1,c1ccncc1,Protein-Null-0.0.3-4-mer-AAQAA3-1E3-2-OPC3_opc3,1,1.0535318525202488,0.0002456933690804,1.0872000000000004,0.00052
150,150,dhmix_658699797311871042,150,EnthalpyOfMixing,<Substance OC1=NCCC1{solv}{x=0.261500}|c1ccncc1{solv}{x=0.738500}>,OC1=NCCC1,c1ccncc1,Protein-Null-0.0.3-4-mer-AAQAA3-1E3-2-OPC3_opc3,1,0.063558748161455,0.0353994484619872,0.165,0.04125
151,151,dhmix_774470106511868908,151,EnthalpyOfMixing,<Substance OC1=NCCC1{solv}{x=0.831100}|c1ccncc1{solv}{x=0.168900}>,OC1=NCCC1,c1ccncc1,Protein-Null-0.0.3-4-mer-AAQAA3-1E3-2-OPC3_opc3,1,-0.1821414163085108,0.0388464195490201,0.0972,0.0243
152,152,dens_1837977312272564303,152,Density,<Substance OC1=NCCC1{solv}{x=0.475200}|c1ccncc1{solv}{x=0.524800}>,OC1=NCCC1,c1ccncc1,Protein-Null-0.0.3-4-mer-AAQAA3-1E3-2-OPC3_opc3,1,1.0248779915961472,0.000257889044708,1.0431300000000003,0.000515
153,153,dens_64870336397637683,153,Density,<Substance NCCCO{solv}{x=0.489642}|O{solv}{x=0.510358}>,NCCCO,O,Protein-Null-0.0.3-4-mer-AAQAA3-1E3-2-OPC3_opc3,1,1.037050237109603,0.0003701359398257,1.0059000000000002,0.00155
154,154,dens_70371380055449550,154,Density,<Substance NCCCO{solv}{x=0.708044}|O{solv}{x=0.291956}>,NCCCO,O,Protein-Null-0.0.3-4-mer-AAQAA3-1E3-2-OPC3_opc3,1,1.040455289796716,0.0003488705570201,0.9975000000000004,0.0018
155,155,dhmix_150384853762728924,155,EnthalpyOfMixing,<Substance NCCCO{solv}{x=0.751500}|O{solv}{x=0.248500}>,NCCCO,O,Protein-Null-0.0.3-4-mer-AAQAA3-1E3-2-OPC3_opc3,1,-0.9247186918901136,0.037522594688563,-1.531,0.031
156,156,dens_847209819230970781,156,Density,<Substance NCCCO{solv}{x=0.272809}|O{solv}{x=0.727191}>,NCCCO,O,Protein-Null-0.0.3-4-mer-AAQAA3-1E3-2-OPC3_opc3,1,1.03317710491974,0.0004015508772033,1.0118000000000005,0.0014
157,157,dhmix_1448036989335532298,157,EnthalpyOfMixing,<Substance NCCCO{solv}{x=0.298200}|O{solv}{x=0.701800}>,NCCCO,O,Protein-Null-0.0.3-4-mer-AAQAA3-1E3-2-OPC3_opc3,1,-0.974903223303336,0.0311378124202076,-2.501,0.051
158,158,dhmix_1551692974855642379,158,EnthalpyOfMixing,<Substance NCCCO{solv}{x=0.498900}|O{solv}{x=0.501100}>,NCCCO,O,Protein-Null-0.0.3-4-mer-AAQAA3-1E3-2-OPC3_opc3,1,-1.066600554793375,0.0494852343123753,-2.462,0.05
159,159,dhmix_65921650414250861,159,EnthalpyOfMixing,<Substance CCOC(=O)CC(C)=O{solv}{x=0.499500}|CCO{solv}{x=0.500500}>,CCO,CCOC(=O)CC(C)=O,Protein-Null-0.0.3-4-mer-AAQAA3-1E3-2-OPC3_opc3,1,1.5395390834317482,0.0407067742571278,1.7079,0.0183
160,160,dhmix_546962203716710778,160,EnthalpyOfMixing,<Substance CCOC(=O)CC(C)=O{solv}{x=0.299400}|CCO{solv}{x=0.700600}>,CCO,CCOC(=O)CC(C)=O,Protein-Null-0.0.3-4-mer-AAQAA3-1E3-2-OPC3_opc3,1,1.4127373723257506,0.0350945680000617,1.4925,0.01605
161,161,dens_989479368116300355,161,Density,<Substance CCOC(=O)CC(C)=O{solv}{x=0.500000}|CCO{solv}{x=0.500000}>,CCO,CCOC(=O)CC(C)=O,Protein-Null-0.0.3-4-mer-AAQAA3-1E3-2-OPC3_opc3,1,0.95353035983805,0.0001554658944632,0.9484700000000004,0.000155
162,162,dens_1726065156375824332,162,Density,<Substance CCOC(=O)CC(C)=O{solv}{x=0.250000}|CCO{solv}{x=0.750000}>,CCO,CCOC(=O)CC(C)=O,Protein-Null-0.0.3-4-mer-AAQAA3-1E3-2-OPC3_opc3,1,0.8904400751649795,0.0002846843991487,0.8856300000000003,0.00017
163,163,dens_1736679431098209973,163,Density,<Substance CCOC(=O)CC(C)=O{solv}{x=0.750000}|CCO{solv}{x=0.250000}>,CCO,CCOC(=O)CC(C)=O,Protein-Null-0.0.3-4-mer-AAQAA3-1E3-2-OPC3_opc3,1,0.995801220363478,0.0002037492952794,0.9917100000000004,0.00017
164,164,dhmix_2221487218644783272,164,EnthalpyOfMixing,<Substance CCOC(=O)CC(C)=O{solv}{x=0.700800}|CCO{solv}{x=0.299200}>,CCO,CCOC(=O)CC(C)=O,Protein-Null-0.0.3-4-mer-AAQAA3-1E3-2-OPC3_opc3,1,1.282505250061206,0.0455863795313132,1.478,0.0159
165,165,dhmix_68947190908856741,165,EnthalpyOfMixing,<Substance C1COCCO1{solv}{x=0.250000}|O=C1CCCC1{solv}{x=0.750000}>,C1COCCO1,O=C1CCCC1,Protein-Null-0.0.3-4-mer-AAQAA3-1E3-2-OPC3_opc3,1,-0.0426039817117782,0.0408366378623091,0.04589,0.00057
166,166,dens_225413782402822877,166,Density,<Substance C1COCCO1{solv}{x=0.777800}|O=C1CCCC1{solv}{x=0.222200}>,C1COCCO1,O=C1CCCC1,Protein-Null-0.0.3-4-mer-AAQAA3-1E3-2-OPC3_opc3,1,1.0038299574049303,0.0002304433569488,1.0081000000000002,0.000255
167,167,dhmix_415496698649060745,167,EnthalpyOfMixing,<Substance C1COCCO1{solv}{x=0.500000}|O=C1CCCC1{solv}{x=0.500000}>,C1COCCO1,O=C1CCCC1,Protein-Null-0.0.3-4-mer-AAQAA3-1E3-2-OPC3_opc3,1,-0.0453552363265714,0.0367434780297614,0.07457,0.00068
168,168,dens_803440153424346423,168,Density,<Substance C1COCCO1{solv}{x=0.506300}|O=C1CCCC1{solv}{x=0.493700}>,C1COCCO1,O=C1CCCC1,Protein-Null-0.0.3-4-mer-AAQAA3-1E3-2-OPC3_opc3,1,0.9724260812395475,0.0002281600067776,0.9849200000000002,0.00025
169,169,dens_1553194080174872005,169,Density,<Substance C1COCCO1{solv}{x=0.243600}|O=C1CCCC1{solv}{x=0.756400}>,C1COCCO1,O=C1CCCC1,Protein-Null-0.0.3-4-mer-AAQAA3-1E3-2-OPC3_opc3,1,0.9423026375481052,0.0002311399313108,0.9633500000000004,0.000245
170,170,dhmix_1852349497898107924,170,EnthalpyOfMixing,<Substance C1COCCO1{solv}{x=0.750000}|O=C1CCCC1{solv}{x=0.250000}>,C1COCCO1,O=C1CCCC1,Protein-Null-0.0.3-4-mer-AAQAA3-1E3-2-OPC3_opc3,1,-0.0173311120154551,0.039149738886045,0.07097,0.000665
171,171,dhmix_71170350241685196,171,EnthalpyOfMixing,<Substance COC(C)(C)C{solv}{x=0.749000}|ClC(Cl)Cl{solv}{x=0.251000}>,COC(C)(C)C,ClC(Cl)Cl,Protein-Null-0.0.3-4-mer-AAQAA3-1E3-2-OPC3_opc3,1,-0.8680727754921023,0.0351412237658752,-1.9,0.077
172,172,dens_554111049740737271,172,Density,<Substance COC(C)(C)C{solv}{x=0.454000}|ClC(Cl)Cl{solv}{x=0.546000}>,COC(C)(C)C,ClC(Cl)Cl,Protein-Null-0.0.3-4-mer-AAQAA3-1E3-2-OPC3_opc3,1,1.1203862053119047,0.0003995692008016,1.0838000000000003,0.00015
173,173,dhmix_1691495556773848750,173,EnthalpyOfMixing,<Substance COC(C)(C)C{solv}{x=0.484000}|ClC(Cl)Cl{solv}{x=0.516000}>,COC(C)(C)C,ClC(Cl)Cl,Protein-Null-0.0.3-4-mer-AAQAA3-1E3-2-OPC3_opc3,1,-1.332437073669844,0.0364989865454785,-2.1,0.0845
174,174,dens_1874337336846858625,174,Density,<Substance COC(C)(C)C{solv}{x=0.276000}|ClC(Cl)Cl{solv}{x=0.724000}>,COC(C)(C)C,ClC(Cl)Cl,Protein-Null-0.0.3-4-mer-AAQAA3-1E3-2-OPC3_opc3,1,1.2788328590392115,0.0004143098118378,1.2259000000000004,0.0002
175,175,dens_2136498248834183810,175,Density,<Substance COC(C)(C)C{solv}{x=0.728600}|ClC(Cl)Cl{solv}{x=0.271400}>,COC(C)(C)C,ClC(Cl)Cl,Protein-Null-0.0.3-4-mer-AAQAA3-1E3-2-OPC3_opc3,1,0.9138137939670185,0.0002744136840931,0.8956000000000003,0.00015
176,176,dhmix_2232264038422377060,176,EnthalpyOfMixing,<Substance COC(C)(C)C{solv}{x=0.220000}|ClC(Cl)Cl{solv}{x=0.780000}>,COC(C)(C)C,ClC(Cl)Cl,Protein-Null-0.0.3-4-mer-AAQAA3-1E3-2-OPC3_opc3,1,-0.8745248629742992,0.0292084752031329,-1.5,0.0605
177,177,dhmix_73322629991074290,177,EnthalpyOfMixing,<Substance CCC(C)=O{solv}{x=0.212400}|CCN(CC)CC{solv}{x=0.787600}>,CCC(C)=O,CCN(CC)CC,Protein-Null-0.0.3-4-mer-AAQAA3-1E3-2-OPC3_opc3,1,0.3806246574407907,0.0408515984892468,0.57,0.006
178,178,dens_317201778138256714,178,Density,<Substance CCC(C)=O{solv}{x=0.261000}|CCN(CC)CC{solv}{x=0.739000}>,CCC(C)=O,CCN(CC)CC,Protein-Null-0.0.3-4-mer-AAQAA3-1E3-2-OPC3_opc3,1,0.7348929053084007,0.0001685300879053,0.7361510000000001,0.000106
179,179,dens_544322850735592196,179,Density,<Substance CCC(C)=O{solv}{x=0.510600}|CCN(CC)CC{solv}{x=0.489400}>,CCC(C)=O,CCN(CC)CC,Protein-Null-0.0.3-4-mer-AAQAA3-1E3-2-OPC3_opc3,1,0.7461807710859666,0.000207229279818,0.7527560000000002,0.0001045
180,180,dhmix_690665189446107141,180,EnthalpyOfMixing,<Substance CCC(C)=O{solv}{x=0.496700}|CCN(CC)CC{solv}{x=0.503300}>,CCC(C)=O,CCN(CC)CC,Protein-Null-0.0.3-4-mer-AAQAA3-1E3-2-OPC3_opc3,1,0.5546317765503517,0.0444604946334902,0.746,0.008
181,181,dhmix_935249702283890201,181,EnthalpyOfMixing,<Substance CCC(C)=O{solv}{x=0.789300}|CCN(CC)CC{solv}{x=0.210700}>,CCC(C)=O,CCN(CC)CC,Protein-Null-0.0.3-4-mer-AAQAA3-1E3-2-OPC3_opc3,1,0.3004924820951675,0.0401183324080153,0.455,0.005
182,182,dens_1635002920322954883,182,Density,<Substance CCC(C)=O{solv}{x=0.760400}|CCN(CC)CC{solv}{x=0.239600}>,CCC(C)=O,CCN(CC)CC,Protein-Null-0.0.3-4-mer-AAQAA3-1E3-2-OPC3_opc3,1,0.7601052845070762,0.0002375240096249,0.7738830000000002,9.900000000000003e-05
183,183,dhmix_76833325524040726,183,EnthalpyOfMixing,<Substance C1CCCCC1{solv}{x=0.260600}|c1ccccc1{solv}{x=0.739400}>,C1CCCCC1,c1ccccc1,Protein-Null-0.0.3-4-mer-AAQAA3-1E3-2-OPC3_opc3,1,0.7785723764720558,0.0338311880291512,0.6282,0.00695
184,184,dens_330305790736126156,184,Density,<Substance C1CCCCC1{solv}{x=0.499600}|c1ccccc1{solv}{x=0.500400}>,C1CCCCC1,c1ccccc1,Protein-Null-0.0.3-4-mer-AAQAA3-1E3-2-OPC3_opc3,1,0.795671204453752,0.0002579950649052,0.8136000000000002,0.0002
185,185,dhmix_460305358266375837,185,EnthalpyOfMixing,<Substance C1CCCCC1{solv}{x=0.766800}|c1ccccc1{solv}{x=0.233200}>,C1CCCCC1,c1ccccc1,Protein-Null-0.0.3-4-mer-AAQAA3-1E3-2-OPC3_opc3,1,0.7349712823180852,0.0416981072493455,0.5517,0.00725
186,186,dens_1579941980285561951,186,Density,<Substance C1CCCCC1{solv}{x=0.249800}|c1ccccc1{solv}{x=0.750200}>,C1CCCCC1,c1ccccc1,Protein-Null-0.0.3-4-mer-AAQAA3-1E3-2-OPC3_opc3,1,0.8258861146573092,0.0002586837206578,0.8405780000000002,7.05e-05
187,187,dhmix_1824194485055356086,187,EnthalpyOfMixing,<Substance C1CCCCC1{solv}{x=0.501200}|c1ccccc1{solv}{x=0.498800}>,C1CCCCC1,c1ccccc1,Protein-Null-0.0.3-4-mer-AAQAA3-1E3-2-OPC3_opc3,1,1.0400643843061914,0.0316254346396339,0.7893,0.00655
188,188,dens_1871885279620492514,188,Density,<Substance C1CCCCC1{solv}{x=0.732300}|c1ccccc1{solv}{x=0.267700}>,C1CCCCC1,c1ccccc1,Protein-Null-0.0.3-4-mer-AAQAA3-1E3-2-OPC3_opc3,1,0.7735083680300067,0.000252228457093,0.7929200000000002,7.450000000000001e-05
189,189,dens_78518696584109468,189,Density,<Substance CN(CCO)CCO{solv}{x=0.743000}|O{solv}{x=0.257000}>,CN(CCO)CCO,O,Protein-Null-0.0.3-4-mer-AAQAA3-1E3-2-OPC3_opc3,1,1.0479698625028857,0.0002165998653919,1.0405100000000005,0.000286
190,190,dens_169053214615075062,190,Density,<Substance CN(CCO)CCO{solv}{x=0.257100}|O{solv}{x=0.742900}>,CN(CCO)CCO,O,Protein-Null-0.0.3-4-mer-AAQAA3-1E3-2-OPC3_opc3,1,1.049958256289566,0.0003442815401369,1.0522550000000004,0.000221
191,191,dhmix_750283179383190388,191,EnthalpyOfMixing,<Substance CN(CCO)CCO{solv}{x=0.741100}|O{solv}{x=0.258900}>,CN(CCO)CCO,O,Protein-Null-0.0.3-4-mer-AAQAA3-1E3-2-OPC3_opc3,1,-0.8783540012642277,0.059731621078921,-1.154,0.0125
192,192,dhmix_1537351248216247854,192,EnthalpyOfMixing,<Substance CN(CCO)CCO{solv}{x=0.259300}|O{solv}{x=0.740700}>,CN(CCO)CCO,O,Protein-Null-0.0.3-4-mer-AAQAA3-1E3-2-OPC3_opc3,1,-1.5087528666734826,0.040799149583754,-2.271,0.046
193,193,dens_1700904374078825036,193,Density,<Substance CN(CCO)CCO{solv}{x=0.484900}|O{solv}{x=0.515100}>,CN(CCO)CCO,O,Protein-Null-0.0.3-4-mer-AAQAA3-1E3-2-OPC3_opc3,1,1.0531708407239937,0.0005145858626001,1.048636,0.0002475
194,194,dhmix_1761290393567900831,194,EnthalpyOfMixing,<Substance CN(CCO)CCO{solv}{x=0.494100}|O{solv}{x=0.505900}>,CN(CCO)CCO,O,Protein-Null-0.0.3-4-mer-AAQAA3-1E3-2-OPC3_opc3,1,-1.6339799625880858,0.0435480826828817,-2.072,0.042
195,195,dhmix_81883535492439507,195,EnthalpyOfMixing,<Substance C1COCO1{solv}{x=0.200000}|O=C1CCCC1{solv}{x=0.800000}>,C1COCO1,O=C1CCCC1,Protein-Null-0.0.3-4-mer-AAQAA3-1E3-2-OPC3_opc3,1,-0.0732525971660678,0.0265405835344844,-0.00853,0.000425
196,196,dens_192935635984964537,196,Density,<Substance C1COCO1{solv}{x=0.509000}|O=C1CCCC1{solv}{x=0.491000}>,C1COCO1,O=C1CCCC1,Protein-Null-0.0.3-4-mer-AAQAA3-1E3-2-OPC3_opc3,1,0.9926240722786096,0.0002802858756927,0.9954700000000004,0.000255
197,197,dhmix_309530351940031317,197,EnthalpyOfMixing,<Substance C1COCO1{solv}{x=0.700000}|O=C1CCCC1{solv}{x=0.300000}>,C1COCO1,O=C1CCCC1,Protein-Null-0.0.3-4-mer-AAQAA3-1E3-2-OPC3_opc3,1,-0.0590854320611526,0.0374306547335863,-0.02292,0.00048
198,198,dhmix_1480225642523009634,198,EnthalpyOfMixing,<Substance C1COCO1{solv}{x=0.500000}|O=C1CCCC1{solv}{x=0.500000}>,C1COCO1,O=C1CCCC1,Protein-Null-0.0.3-4-mer-AAQAA3-1E3-2-OPC3_opc3,1,-0.1828424641378347,0.0317116054668651,-0.02181,0.000475
199,199,dens_1663189314624242951,199,Density,<Substance C1COCO1{solv}{x=0.225100}|O=C1CCCC1{solv}{x=0.774900}>,C1COCO1,O=C1CCCC1,Protein-Null-0.0.3-4-mer-AAQAA3-1E3-2-OPC3_opc3,1,0.9474004274289268,0.0002236905626213,0.9652800000000002,0.000245
200,200,dens_1684591254659727640,200,Density,<Substance C1COCO1{solv}{x=0.789100}|O=C1CCCC1{solv}{x=0.210900}>,C1COCO1,O=C1CCCC1,Protein-Null-0.0.3-4-mer-AAQAA3-1E3-2-OPC3_opc3,1,1.0451382001922778,0.0002858520609469,1.02957,0.00026
201,201,dens_82854054922011802,201,Density,<Substance c1cc[nH]c1{solv}{x=0.542600}|c1ccncc1{solv}{x=0.457400}>,c1cc[nH]c1,c1ccncc1,Protein-Null-0.0.3-4-mer-AAQAA3-1E3-2-OPC3_opc3,1,0.9793288704260508,0.0002578230906357,0.9706400000000002,5.5000000000000016e-05
202,202,dens_332042143272324658,202,Density,<Substance c1cc[nH]c1{solv}{x=0.755400}|c1ccncc1{solv}{x=0.244600}>,c1cc[nH]c1,c1ccncc1,Protein-Null-0.0.3-4-mer-AAQAA3-1E3-2-OPC3_opc3,1,0.9812082100486044,0.0002831662752954,0.9676900000000004,5.5000000000000016e-05
203,203,dhmix_582184351339863568,203,EnthalpyOfMixing,<Substance c1cc[nH]c1{solv}{x=0.760200}|c1ccncc1{solv}{x=0.239800}>,c1cc[nH]c1,c1ccncc1,Protein-Null-0.0.3-4-mer-AAQAA3-1E3-2-OPC3_opc3,1,0.073987630787812,0.0348425277206677,-1.6452,0.01075
204,204,dhmix_809205277185290719,204,EnthalpyOfMixing,<Substance c1cc[nH]c1{solv}{x=0.509500}|c1ccncc1{solv}{x=0.490500}>,c1cc[nH]c1,c1ccncc1,Protein-Null-0.0.3-4-mer-AAQAA3-1E3-2-OPC3_opc3,1,-0.0795318083517102,0.0345918583858722,-2.649,0.01645
205,205,dens_1187941919350264461,205,Density,<Substance c1cc[nH]c1{solv}{x=0.227300}|c1ccncc1{solv}{x=0.772700}>,c1cc[nH]c1,c1ccncc1,Protein-Null-0.0.3-4-mer-AAQAA3-1E3-2-OPC3_opc3,1,0.978709405957879,0.0002875536272389,0.9755600000000002,5.5000000000000016e-05
206,206,dhmix_2302696180464118683,206,EnthalpyOfMixing,<Substance c1cc[nH]c1{solv}{x=0.239500}|c1ccncc1{solv}{x=0.760500}>,c1cc[nH]c1,c1ccncc1,Protein-Null-0.0.3-4-mer-AAQAA3-1E3-2-OPC3_opc3,1,-0.0553098434487859,0.0416052451481409,-1.7662,0.01145
207,207,dhmix_84488753175979819,207,EnthalpyOfMixing,<Substance C1CCOCC1{solv}{x=0.500000}|CCO{solv}{x=0.500000}>,C1CCOCC1,CCO,Protein-Null-0.0.3-4-mer-AAQAA3-1E3-2-OPC3_opc3,1,0.9800165514165649,0.0264737352751035,0.8491,0.00794
208,208,dens_904236164857914889,208,Density,<Substance C1CCOCC1{solv}{x=0.701000}|CCO{solv}{x=0.299000}>,C1CCOCC1,CCO,Protein-Null-0.0.3-4-mer-AAQAA3-1E3-2-OPC3_opc3,1,0.8515929516313706,0.0001972045002075,0.8595400000000002,8.500000000000002e-05
209,209,dhmix_923986751684807715,209,EnthalpyOfMixing,<Substance C1CCOCC1{solv}{x=0.750000}|CCO{solv}{x=0.250000}>,C1CCOCC1,CCO,Protein-Null-0.0.3-4-mer-AAQAA3-1E3-2-OPC3_opc3,1,0.8521802811976187,0.0393129437674116,0.75364,0.007115
210,210,dhmix_927648698725704337,210,EnthalpyOfMixing,<Substance C1CCOCC1{solv}{x=0.250000}|CCO{solv}{x=0.750000}>,C1CCOCC1,CCO,Protein-Null-0.0.3-4-mer-AAQAA3-1E3-2-OPC3_opc3,1,0.6489326806438847,0.0354890497569924,0.57017,0.00553
211,211,dens_1095414448718823860,211,Density,<Substance C1CCOCC1{solv}{x=0.504000}|CCO{solv}{x=0.496000}>,C1CCOCC1,CCO,Protein-Null-0.0.3-4-mer-AAQAA3-1E3-2-OPC3_opc3,1,0.8382539996467293,0.0002584793996671,0.8440100000000001,0.0001
212,212,dens_1309012152943788187,212,Density,<Substance C1CCOCC1{solv}{x=0.284000}|CCO{solv}{x=0.716000}>,C1CCOCC1,CCO,Protein-Null-0.0.3-4-mer-AAQAA3-1E3-2-OPC3_opc3,1,0.8199261001263536,0.000367044046531,0.8227400000000002,0.00012
213,213,dens_88489471162801298,213,Density,<Substance CC(C)=O{solv}{x=0.248400}|Nc1ccccc1{solv}{x=0.751600}>,CC(C)=O,Nc1ccccc1,Protein-Null-0.0.3-4-mer-AAQAA3-1E3-2-OPC3_opc3,1,1.0106972063834234,0.0004326955736667,0.9768950000000002,0.0001055
214,214,dens_892449093930393176,214,Density,<Substance CC(C)=O{solv}{x=0.411400}|Nc1ccccc1{solv}{x=0.588600}>,CC(C)=O,Nc1ccccc1,Protein-Null-0.0.3-4-mer-AAQAA3-1E3-2-OPC3_opc3,1,0.9670618224408748,0.0002403190189877,0.9457730000000002,0.0001285
215,215,dens_1087594007698023193,215,Density,<Substance CC(C)=O{solv}{x=0.699300}|Nc1ccccc1{solv}{x=0.300700}>,CC(C)=O,Nc1ccccc1,Protein-Null-0.0.3-4-mer-AAQAA3-1E3-2-OPC3_opc3,1,0.880666177111023,0.0002563247625291,0.8786430000000003,0.000178
216,216,dhmix_1461699545612032563,216,EnthalpyOfMixing,<Substance CC(C)=O{solv}{x=0.214500}|Nc1ccccc1{solv}{x=0.785500}>,CC(C)=O,Nc1ccccc1,Protein-Null-0.0.3-4-mer-AAQAA3-1E3-2-OPC3_opc3,1,-0.2612406839218124,0.039156502597064,-0.746,0.008
217,217,dhmix_1577476208805542019,217,EnthalpyOfMixing,<Substance CC(C)=O{solv}{x=0.699100}|Nc1ccccc1{solv}{x=0.300900}>,CC(C)=O,Nc1ccccc1,Protein-Null-0.0.3-4-mer-AAQAA3-1E3-2-OPC3_opc3,1,-0.9797853365251612,0.0382372916067859,-1.076,0.0115
218,218,dhmix_2267661763264899390,218,EnthalpyOfMixing,<Substance CC(C)=O{solv}{x=0.410700}|Nc1ccccc1{solv}{x=0.589300}>,CC(C)=O,Nc1ccccc1,Protein-Null-0.0.3-4-mer-AAQAA3-1E3-2-OPC3_opc3,1,-0.5574714392131455,0.036230395623815,-1.165,0.0125
219,219,dhmix_90851537891129625,219,EnthalpyOfMixing,<Substance C1CCOCC1{solv}{x=0.268300}|Cc1ccccn1{solv}{x=0.731700}>,C1CCOCC1,Cc1ccccn1,Protein-Null-0.0.3-4-mer-AAQAA3-1E3-2-OPC3_opc3,1,0.0713300228063325,0.0400067727628182,0.1057,0.00105
220,220,dhmix_975790739707505549,220,EnthalpyOfMixing,<Substance C1CCOCC1{solv}{x=0.482200}|Cc1ccccn1{solv}{x=0.517800}>,C1CCOCC1,Cc1ccccn1,Protein-Null-0.0.3-4-mer-AAQAA3-1E3-2-OPC3_opc3,1,0.1020814419480214,0.0418476305364577,0.1728,0.00135
221,221,dens_981500521813591443,221,Density,<Substance C1CCOCC1{solv}{x=0.491600}|Cc1ccccn1{solv}{x=0.508400}>,C1CCOCC1,Cc1ccccn1,Protein-Null-0.0.3-4-mer-AAQAA3-1E3-2-OPC3_opc3,1,0.9051589940004608,0.0002330470997554,0.910915,0.000475
222,222,dens_1237050172671894703,222,Density,<Substance C1CCOCC1{solv}{x=0.237300}|Cc1ccccn1{solv}{x=0.762700}>,C1CCOCC1,Cc1ccccn1,Protein-Null-0.0.3-4-mer-AAQAA3-1E3-2-OPC3_opc3,1,0.9235873005214644,0.0002229187136482,0.9261620000000004,0.0004855
223,223,dhmix_1841520238596708010,223,EnthalpyOfMixing,<Substance C1CCOCC1{solv}{x=0.821600}|Cc1ccccn1{solv}{x=0.178400}>,C1CCOCC1,Cc1ccccn1,Protein-Null-0.0.3-4-mer-AAQAA3-1E3-2-OPC3_opc3,1,0.0671353369126208,0.040302835344988,0.1352,0.0012
224,224,dens_1852422594896475094,224,Density,<Substance C1CCOCC1{solv}{x=0.821900}|Cc1ccccn1{solv}{x=0.178100}>,C1CCOCC1,Cc1ccccn1,Protein-Null-0.0.3-4-mer-AAQAA3-1E3-2-OPC3_opc3,1,0.8713943958692718,0.0001741156517445,0.8802920000000002,0.000454
225,225,dhmix_93676522673462266,225,EnthalpyOfMixing,<Substance CC(=O)N(C)C{solv}{x=0.702000}|ClCCCl{solv}{x=0.298000}>,CC(=O)N(C)C,ClCCCl,Protein-Null-0.0.3-4-mer-AAQAA3-1E3-2-OPC3_opc3,1,-0.0059663203217512,0.0366395052046686,-0.706,0.004
226,226,dens_466640151895915379,226,Density,<Substance CC(=O)N(C)C{solv}{x=0.499900}|ClCCCl{solv}{x=0.500100}>,CC(=O)N(C)C,ClCCCl,Protein-Null-0.0.3-4-mer-AAQAA3-1E3-2-OPC3_opc3,1,1.0462197945702143,0.0003129371286918,1.0774000000000004,0.00325
227,227,dhmix_504891727488256514,227,EnthalpyOfMixing,<Substance CC(=O)N(C)C{solv}{x=0.202000}|ClCCCl{solv}{x=0.798000}>,CC(=O)N(C)C,ClCCCl,Protein-Null-0.0.3-4-mer-AAQAA3-1E3-2-OPC3_opc3,1,-0.0315728872232572,0.035295972687295,-0.586,0.004
228,228,dens_1432716574300574119,228,Density,<Substance CC(=O)N(C)C{solv}{x=0.298800}|ClCCCl{solv}{x=0.701200}>,CC(=O)N(C)C,ClCCCl,Protein-Null-0.0.3-4-mer-AAQAA3-1E3-2-OPC3_opc3,1,1.1075595572600143,0.0003361259949792,1.1413000000000002,0.00345
229,229,dens_1909242265481868478,229,Density,<Substance CC(=O)N(C)C{solv}{x=0.700800}|ClCCCl{solv}{x=0.299200}>,CC(=O)N(C)C,ClCCCl,Protein-Null-0.0.3-4-mer-AAQAA3-1E3-2-OPC3_opc3,1,0.9853153577021936,0.0002567851895262,1.0181000000000002,0.00305
230,230,dhmix_2201663021806040380,230,EnthalpyOfMixing,<Substance CC(=O)N(C)C{solv}{x=0.500000}|ClCCCl{solv}{x=0.500000}>,CC(=O)N(C)C,ClCCCl,Protein-Null-0.0.3-4-mer-AAQAA3-1E3-2-OPC3_opc3,1,-0.1075548029250483,0.0295740358528983,-0.885,0.004
231,231,dhmix_101847702994296892,231,EnthalpyOfMixing,<Substance CCCCCCCl{solv}{x=0.790000}|CN1CCCC1=O{solv}{x=0.210000}>,CCCCCCCl,CN1CCCC1=O,Protein-Null-0.0.3-4-mer-AAQAA3-1E3-2-OPC3_opc3,1,0.6741505237531698,0.0486421128152755,0.232,0.0025
232,232,dhmix_275814181113182192,232,EnthalpyOfMixing,<Substance CCCCCCCl{solv}{x=0.497000}|CN1CCCC1=O{solv}{x=0.503000}>,CCCCCCCl,CN1CCCC1=O,Protein-Null-0.0.3-4-mer-AAQAA3-1E3-2-OPC3_opc3,1,1.035054175912833,0.0439883617367909,0.416,0.0025
233,233,dens_441375838683668512,233,Density,<Substance CCCCCCCl{solv}{x=0.499300}|CN1CCCC1=O{solv}{x=0.500700}>,CCCCCCCl,CN1CCCC1=O,Protein-Null-0.0.3-4-mer-AAQAA3-1E3-2-OPC3_opc3,1,0.9233807786041744,0.0002363965626816,0.9389000000000002,0.0002
234,234,dhmix_840847840731542643,234,EnthalpyOfMixing,<Substance CCCCCCCl{solv}{x=0.203000}|CN1CCCC1=O{solv}{x=0.797000}>,CCCCCCCl,CN1CCCC1=O,Protein-Null-0.0.3-4-mer-AAQAA3-1E3-2-OPC3_opc3,1,0.7233773425859837,0.0439288301275173,0.319,0.0025
235,235,dens_1314691253679633833,235,Density,<Substance CCCCCCCl{solv}{x=0.298400}|CN1CCCC1=O{solv}{x=0.701600}>,CCCCCCCl,CN1CCCC1=O,Protein-Null-0.0.3-4-mer-AAQAA3-1E3-2-OPC3_opc3,1,0.9525466046006028,0.0002063479896034,0.9715000000000004,0.0002
236,236,dens_1366683244756558841,236,Density,<Substance CCCCCCCl{solv}{x=0.801200}|CN1CCCC1=O{solv}{x=0.198800}>,CCCCCCCl,CN1CCCC1=O,Protein-Null-0.0.3-4-mer-AAQAA3-1E3-2-OPC3_opc3,1,0.8841885267321133,0.0002007481404312,0.8970000000000002,0.0003
237,237,dhmix_107460606439569535,237,EnthalpyOfMixing,<Substance C1COCCO1{solv}{x=0.572500}|O=C1CCCCCC1{solv}{x=0.427500}>,C1COCCO1,O=C1CCCCCC1,Protein-Null-0.0.3-4-mer-AAQAA3-1E3-2-OPC3_opc3,1,0.2027724573552092,0.0433325108194622,0.1032,0.00125
238,238,dens_229535957420918177,238,Density,<Substance C1COCCO1{solv}{x=0.748900}|O=C1CCCCCC1{solv}{x=0.251100}>,C1COCCO1,O=C1CCCCCC1,Protein-Null-0.0.3-4-mer-AAQAA3-1E3-2-OPC3_opc3,1,0.9937651308302629,0.000227114765535,0.9994100000000002,0.00051
239,239,dhmix_1101001475632451077,239,EnthalpyOfMixing,<Substance C1COCCO1{solv}{x=0.225200}|O=C1CCCCCC1{solv}{x=0.774800}>,C1COCCO1,O=C1CCCCCC1,Protein-Null-0.0.3-4-mer-AAQAA3-1E3-2-OPC3_opc3,1,0.1698547706946556,0.048027806929656,0.0783,0.001
240,240,dens_1711999737319704820,240,Density,<Substance C1COCCO1{solv}{x=0.572300}|O=C1CCCCCC1{solv}{x=0.427700}>,C1COCCO1,O=C1CCCCCC1,Protein-Null-0.0.3-4-mer-AAQAA3-1E3-2-OPC3_opc3,1,0.9623968075359388,0.0001965658569677,0.9737000000000002,0.00051
241,241,dens_1973863157285112004,241,Density,<Substance C1COCCO1{solv}{x=0.255500}|O=C1CCCCCC1{solv}{x=0.744500}>,C1COCCO1,O=C1CCCCCC1,Protein-Null-0.0.3-4-mer-AAQAA3-1E3-2-OPC3_opc3,1,0.9422779218602778,0.0002009916586986,0.9616800000000002,0.000515
242,242,dhmix_2239035738396328121,242,EnthalpyOfMixing,<Substance C1COCCO1{solv}{x=0.771600}|O=C1CCCCCC1{solv}{x=0.228400}>,C1COCCO1,O=C1CCCCCC1,Protein-Null-0.0.3-4-mer-AAQAA3-1E3-2-OPC3_opc3,1,0.1637929227656513,0.0398572776733136,0.0694,0.0009
243,243,dhmix_110368175234083214,243,EnthalpyOfMixing,<Substance CC#N{solv}{x=0.201600}|CCOC(C)(C)CC{solv}{x=0.798400}>,CC#N,CCOC(C)(C)CC,Protein-Null-0.0.3-4-mer-AAQAA3-1E3-2-OPC3_opc3,1,0.1481742838608184,0.0490225118518616,0.6411,0.0087
244,244,dhmix_565046024644834395,244,EnthalpyOfMixing,<Substance CC#N{solv}{x=0.700400}|CCOC(C)(C)CC{solv}{x=0.299600}>,CC#N,CCOC(C)(C)CC,Protein-Null-0.0.3-4-mer-AAQAA3-1E3-2-OPC3_opc3,1,0.396789147116066,0.0277679551763135,0.8397,0.0113
245,245,dens_865362803305469370,245,Density,<Substance CC#N{solv}{x=0.502400}|CCOC(C)(C)CC{solv}{x=0.497600}>,CC#N,CCOC(C)(C)CC,Protein-Null-0.0.3-4-mer-AAQAA3-1E3-2-OPC3_opc3,1,0.7711921394917363,0.0002596619289228,0.7675000000000002,0.00035
246,246,dhmix_1131176031733024874,246,EnthalpyOfMixing,<Substance CC#N{solv}{x=0.502400}|CCOC(C)(C)CC{solv}{x=0.497600}>,CC#N,CCOC(C)(C)CC,Protein-Null-0.0.3-4-mer-AAQAA3-1E3-2-OPC3_opc3,1,0.372450674010377,0.0386270860716709,0.9514,0.01285
247,247,dens_1305751749890499162,247,Density,<Substance CC#N{solv}{x=0.201600}|CCOC(C)(C)CC{solv}{x=0.798400}>,CC#N,CCOC(C)(C)CC,Protein-Null-0.0.3-4-mer-AAQAA3-1E3-2-OPC3_opc3,1,0.7661135109079372,0.0002103620752479,0.7635000000000002,0.00025
248,248,dens_1928701304100922381,248,Density,<Substance CC#N{solv}{x=0.700400}|CCOC(C)(C)CC{solv}{x=0.299600}>,CC#N,CCOC(C)(C)CC,Protein-Null-0.0.3-4-mer-AAQAA3-1E3-2-OPC3_opc3,1,0.7738548066010417,0.0002834817052279,0.7707000000000003,0.0005
249,249,dhmix_112729391186229967,249,EnthalpyOfMixing,<Substance CCC(C)=O{solv}{x=0.509000}|CNc1ccccc1{solv}{x=0.491000}>,CCC(C)=O,CNc1ccccc1,Protein-Null-0.0.3-4-mer-AAQAA3-1E3-2-OPC3_opc3,1,-0.6319611742952329,0.0391871714252975,-0.816,0.009
250,250,dens_414028029115294252,250,Density,<Substance CCC(C)=O{solv}{x=0.746300}|CNc1ccccc1{solv}{x=0.253700}>,CCC(C)=O,CNc1ccccc1,Protein-Null-0.0.3-4-mer-AAQAA3-1E3-2-OPC3_opc3,1,0.8437916265295787,0.0002407586557303,0.8582020000000002,0.000102
251,251,dens_559789475978651659,251,Density,<Substance CCC(C)=O{solv}{x=0.495000}|CNc1ccccc1{solv}{x=0.505000}>,CCC(C)=O,CNc1ccccc1,Protein-Null-0.0.3-4-mer-AAQAA3-1E3-2-OPC3_opc3,1,0.9016356560142406,0.0002374809606407,0.9066940000000002,0.000164
252,252,dhmix_1637459312398636454,252,EnthalpyOfMixing,<Substance CCC(C)=O{solv}{x=0.228300}|CNc1ccccc1{solv}{x=0.771700}>,CCC(C)=O,CNc1ccccc1,Protein-Null-0.0.3-4-mer-AAQAA3-1E3-2-OPC3_opc3,1,-0.2931912016362918,0.046418536544681,-0.54,0.006
253,253,dhmix_1933605864237207151,253,EnthalpyOfMixing,<Substance CCC(C)=O{solv}{x=0.705500}|CNc1ccccc1{solv}{x=0.294500}>,CCC(C)=O,CNc1ccccc1,Protein-Null-0.0.3-4-mer-AAQAA3-1E3-2-OPC3_opc3,1,-0.5094694033830818,0.0383801816833366,-0.672,0.0075
254,254,dens_2039660657679820411,254,Density,<Substance CCC(C)=O{solv}{x=0.258900}|CNc1ccccc1{solv}{x=0.741100}>,CCC(C)=O,CNc1ccccc1,Protein-Null-0.0.3-4-mer-AAQAA3-1E3-2-OPC3_opc3,1,0.9502957111690656,0.0002020601724076,0.9456330000000004,0.000259
255,255,dhmix_112832411362526364,255,EnthalpyOfMixing,<Substance C=CCCCC{solv}{x=0.250000}|CCCCO{solv}{x=0.750000}>,C=CCCCC,CCCCO,Protein-Null-0.0.3-4-mer-AAQAA3-1E3-2-OPC3_opc3,1,0.2190542521133096,0.0425841232516053,0.2829,0.00333
256,256,dhmix_385937725855980509,256,EnthalpyOfMixing,<Substance C=CCCCC{solv}{x=0.749900}|CCCCO{solv}{x=0.250100}>,C=CCCCC,CCCCO,Protein-Null-0.0.3-4-mer-AAQAA3-1E3-2-OPC3_opc3,1,0.6803413789901782,0.0426026824031051,0.63978,0.00696
257,257,dens_417191245012747241,257,Density,<Substance C=CCCCC{solv}{x=0.501800}|CCCCO{solv}{x=0.498200}>,C=CCCCC,CCCCO,Protein-Null-0.0.3-4-mer-AAQAA3-1E3-2-OPC3_opc3,1,0.7161714241085292,0.0002673844588624,0.7340000000000002,0.00035
258,258,dens_1053849773924337242,258,Density,<Substance C=CCCCC{solv}{x=0.100100}|CCCCO{solv}{x=0.899900}>,C=CCCCC,CCCCO,Protein-Null-0.0.3-4-mer-AAQAA3-1E3-2-OPC3_opc3,1,0.7868775181685924,0.0002255130521109,0.7924000000000002,0.00035
259,259,dhmix_1436053809694490847,259,EnthalpyOfMixing,<Substance C=CCCCC{solv}{x=0.500300}|CCCCO{solv}{x=0.499700}>,C=CCCCC,CCCCO,Protein-Null-0.0.3-4-mer-AAQAA3-1E3-2-OPC3_opc3,1,0.4610734043880313,0.0353265172091839,0.56098,0.00616
260,260,dens_1967827958045932694,260,Density,<Substance C=CCCCC{solv}{x=0.900000}|CCCCO{solv}{x=0.100000}>,C=CCCCC,CCCCO,Protein-Null-0.0.3-4-mer-AAQAA3-1E3-2-OPC3_opc3,1,0.6609289209103304,0.0002522842441874,0.6818000000000001,0.00035
261,261,dhmix_113202719214912577,261,EnthalpyOfMixing,<Substance CCN(CC)CCO{solv}{x=0.700300}|O{solv}{x=0.299700}>,CCN(CC)CCO,O,Protein-Null-0.0.3-4-mer-AAQAA3-1E3-2-OPC3_opc3,1,-2.3686820857706437,0.0631636597056523,-1.75,0.019
262,262,dhmix_450200897960931857,262,EnthalpyOfMixing,<Substance CCN(CC)CCO{solv}{x=0.500200}|O{solv}{x=0.499800}>,CCN(CC)CCO,O,Protein-Null-0.0.3-4-mer-AAQAA3-1E3-2-OPC3_opc3,1,-2.6676323727403854,0.041546752148599,-2.504,0.027
263,263,dens_727880187774296815,263,Density,<Substance CCN(CC)CCO{solv}{x=0.799700}|O{solv}{x=0.200300}>,CCN(CC)CCO,O,Protein-Null-0.0.3-4-mer-AAQAA3-1E3-2-OPC3_opc3,1,0.8919799822504177,0.0001795610299356,0.8996000000000003,0.005
264,264,dens_943193748522476096,264,Density,<Substance CCN(CC)CCO{solv}{x=0.499700}|O{solv}{x=0.500300}>,CCN(CC)CCO,O,Protein-Null-0.0.3-4-mer-AAQAA3-1E3-2-OPC3_opc3,1,0.9119833160937282,0.0003124112247879,0.9222000000000002,0.005
265,265,dhmix_1628408668678458098,265,EnthalpyOfMixing,<Substance CCN(CC)CCO{solv}{x=0.200800}|O{solv}{x=0.799200}>,CCN(CC)CCO,O,Protein-Null-0.0.3-4-mer-AAQAA3-1E3-2-OPC3_opc3,1,-1.497265526234406,0.0392732790274937,-2.185,0.0235
266,266,dens_1679974305630699360,266,Density,<Substance CCN(CC)CCO{solv}{x=0.193290}|O{solv}{x=0.806710}>,CCN(CC)CCO,O,Protein-Null-0.0.3-4-mer-AAQAA3-1E3-2-OPC3_opc3,1,0.9419381391810484,0.0003799287696474,0.9615690000000002,0.000144
267,267,dens_114257363738318755,267,Density,<Substance C1CCCCC1{solv}{x=0.754300}|CCCCCC{solv}{x=0.245700}>,C1CCCCC1,CCCCCC,Protein-Null-0.0.3-4-mer-AAQAA3-1E3-2-OPC3_opc3,1,0.7207643473018912,0.0002091262034601,0.7392000000000002,0.00065
268,268,dens_528453314861364780,268,Density,<Substance C1CCCCC1{solv}{x=0.234300}|CCCCCC{solv}{x=0.765700}>,C1CCCCC1,CCCCCC,Protein-Null-0.0.3-4-mer-AAQAA3-1E3-2-OPC3_opc3,1,0.6632679320417082,0.000229032019685,0.6838300000000002,0.001655
269,269,dens_547437695672624422,269,Density,<Substance C1CCCCC1{solv}{x=0.479300}|CCCCCC{solv}{x=0.520700}>,C1CCCCC1,CCCCCC,Protein-Null-0.0.3-4-mer-AAQAA3-1E3-2-OPC3_opc3,1,0.6885838038758104,0.0002246643483904,0.7105500000000001,0.001555
270,270,dhmix_728030976573858762,270,EnthalpyOfMixing,<Substance C1CCCCC1{solv}{x=0.483200}|CCCCCC{solv}{x=0.516800}>,C1CCCCC1,CCCCCC,Protein-Null-0.0.3-4-mer-AAQAA3-1E3-2-OPC3_opc3,1,0.2464488620317126,0.0338076051451819,0.2144,0.00155
271,271,dhmix_1406519609852245638,271,EnthalpyOfMixing,<Substance C1CCCCC1{solv}{x=0.219000}|CCCCCC{solv}{x=0.781000}>,C1CCCCC1,CCCCCC,Protein-Null-0.0.3-4-mer-AAQAA3-1E3-2-OPC3_opc3,1,0.16124375270509,0.0444478332964909,0.1264,0.00105
272,272,dhmix_1819992223413741006,272,EnthalpyOfMixing,<Substance C1CCCCC1{solv}{x=0.725500}|CCCCCC{solv}{x=0.274500}>,C1CCCCC1,CCCCCC,Protein-Null-0.0.3-4-mer-AAQAA3-1E3-2-OPC3_opc3,1,0.306149735690866,0.0443017635390741,0.199,0.00145
273,273,dhmix_114464856611254095,273,EnthalpyOfMixing,<Substance COc1ccccc1{solv}{x=0.739800}|OCc1ccccc1{solv}{x=0.260200}>,COc1ccccc1,OCc1ccccc1,Protein-Null-0.0.3-4-mer-AAQAA3-1E3-2-OPC3_opc3,1,0.8504608167783871,0.0449773787980936,1.0539,0.0113
274,274,dens_844721400884986444,274,Density,<Substance COc1ccccc1{solv}{x=0.288300}|OCc1ccccc1{solv}{x=0.711700}>,COc1ccccc1,OCc1ccccc1,Protein-Null-0.0.3-4-mer-AAQAA3-1E3-2-OPC3_opc3,1,1.0133832343837716,0.0001873723743095,1.0180000000000002,0.000135
275,275,dens_1208569209782779179,275,Density,<Substance COc1ccccc1{solv}{x=0.491100}|OCc1ccccc1{solv}{x=0.508900}>,COc1ccccc1,OCc1ccccc1,Protein-Null-0.0.3-4-mer-AAQAA3-1E3-2-OPC3_opc3,1,0.999462173354318,0.0002104059595674,1.0069400000000004,0.000165
276,276,dhmix_1342325728364187329,276,EnthalpyOfMixing,<Substance COc1ccccc1{solv}{x=0.240100}|OCc1ccccc1{solv}{x=0.759900}>,COc1ccccc1,OCc1ccccc1,Protein-Null-0.0.3-4-mer-AAQAA3-1E3-2-OPC3_opc3,1,0.6284763852972262,0.0521339599214197,0.6199,0.0067
277,277,dhmix_1596550872819493971,277,EnthalpyOfMixing,<Substance COc1ccccc1{solv}{x=0.486600}|OCc1ccccc1{solv}{x=0.513400}>,COc1ccccc1,OCc1ccccc1,Protein-Null-0.0.3-4-mer-AAQAA3-1E3-2-OPC3_opc3,1,0.7881424540115134,0.0425946911877181,0.9688,0.0104
278,278,dens_1833270112854727934,278,Density,<Substance COc1ccccc1{solv}{x=0.774500}|OCc1ccccc1{solv}{x=0.225500}>,COc1ccccc1,OCc1ccccc1,Protein-Null-0.0.3-4-mer-AAQAA3-1E3-2-OPC3_opc3,1,0.981644738410515,0.0002011356785251,0.9915900000000004,0.000215
279,279,dens_114725786693793907,279,Density,<Substance CC(=O)O{solv}{x=0.703100}|CCO{solv}{x=0.296900}>,CC(=O)O,CCO,Protein-Null-0.0.3-4-mer-AAQAA3-1E3-2-OPC3_opc3,1,0.9919419944127572,0.0003502038410312,0.97355,0.00021
280,280,dens_883421079927261907,280,Density,<Substance CC(=O)O{solv}{x=0.496100}|CCO{solv}{x=0.503900}>,CC(=O)O,CCO,Protein-Null-0.0.3-4-mer-AAQAA3-1E3-2-OPC3_opc3,1,0.9324108547789216,0.0003320684672045,0.9199600000000002,0.0002
281,281,dens_1042567278853913615,281,Density,<Substance CC(=O)O{solv}{x=0.297100}|CCO{solv}{x=0.702900}>,CC(=O)O,CCO,Protein-Null-0.0.3-4-mer-AAQAA3-1E3-2-OPC3_opc3,1,0.8752417004515134,0.000295333318716,0.8668600000000002,0.000195
282,282,dhmix_129373600931207498,282,EnthalpyOfMixing,<Substance NCCNCCN{solv}{x=0.702000}|O{solv}{x=0.298000}>,NCCNCCN,O,Protein-Null-0.0.3-4-mer-AAQAA3-1E3-2-OPC3_opc3,1,-2.629655679544541,0.0374562742730542,-3.393,0.036
283,283,dhmix_313570094367316478,283,EnthalpyOfMixing,<Substance NCCNCCN{solv}{x=0.241600}|O{solv}{x=0.758400}>,NCCNCCN,O,Protein-Null-0.0.3-4-mer-AAQAA3-1E3-2-OPC3_opc3,1,-5.212851009448771,0.0246433716354721,-6.523,0.0695
284,284,dens_548243159356184104,284,Density,<Substance NCCNCCN{solv}{x=0.244900}|O{solv}{x=0.755100}>,NCCNCCN,O,Protein-Null-0.0.3-4-mer-AAQAA3-1E3-2-OPC3_opc3,1,1.075125530850538,0.0004034273720708,1.0275000000000003,0.0005
285,285,dens_913992897582667960,285,Density,<Substance NCCNCCN{solv}{x=0.497400}|O{solv}{x=0.502600}>,NCCNCCN,O,Protein-Null-0.0.3-4-mer-AAQAA3-1E3-2-OPC3_opc3,1,1.069354124831057,0.0001712079207058,0.9928000000000002,0.0005
286,286,dhmix_1565087976771168604,286,EnthalpyOfMixing,<Substance NCCNCCN{solv}{x=0.501000}|O{solv}{x=0.499000}>,NCCNCCN,O,Protein-Null-0.0.3-4-mer-AAQAA3-1E3-2-OPC3_opc3,1,-4.207148583712339,0.0319074413396001,-5.417,0.0575
287,287,dens_1812124220217686569,287,Density,<Substance NCCNCCN{solv}{x=0.698800}|O{solv}{x=0.301200}>,NCCNCCN,O,Protein-Null-0.0.3-4-mer-AAQAA3-1E3-2-OPC3_opc3,1,1.0660456922396029,0.0001752357066554,0.9718000000000002,0.0005
288,288,dhmix_135176730945124637,288,EnthalpyOfMixing,<Substance CCCCNCCCC{solv}{x=0.751800}|CN(C)C=O{solv}{x=0.248200}>,CCCCNCCCC,CN(C)C=O,Protein-Null-0.0.3-4-mer-AAQAA3-1E3-2-OPC3_opc3,1,0.2675337290487078,0.0518780464144332,0.782,0.025
289,289,dens_586298674852090193,289,Density,<Substance CCCCNCCCC{solv}{x=0.726600}|CN(C)C=O{solv}{x=0.273400}>,CCCCNCCCC,CN(C)C=O,Protein-Null-0.0.3-4-mer-AAQAA3-1E3-2-OPC3_opc3,1,0.7827004809230578,0.0001728598127746,0.7828350000000002,0.0009465
290,290,dens_711718403070096827,290,Density,<Substance CCCCNCCCC{solv}{x=0.263900}|CN(C)C=O{solv}{x=0.736100}>,CCCCNCCCC,CN(C)C=O,Protein-Null-0.0.3-4-mer-AAQAA3-1E3-2-OPC3_opc3,1,0.8503723708840334,0.0002290852714271,0.8609240000000001,0.001053
291,291,dhmix_1537913365058000269,291,EnthalpyOfMixing,<Substance CCCCNCCCC{solv}{x=0.249400}|CN(C)C=O{solv}{x=0.750600}>,CCCCNCCCC,CN(C)C=O,Protein-Null-0.0.3-4-mer-AAQAA3-1E3-2-OPC3_opc3,1,0.2493873791704288,0.0456008349366165,0.921,0.029
292,292,dhmix_1965420976556284821,292,EnthalpyOfMixing,<Substance CCCCNCCCC{solv}{x=0.501800}|CN(C)C=O{solv}{x=0.498200}>,CCCCNCCCC,CN(C)C=O,Protein-Null-0.0.3-4-mer-AAQAA3-1E3-2-OPC3_opc3,1,0.233566514102705,0.0464425709783443,1.113,0.0335
293,293,dens_2298192241038151497,293,Density,<Substance CCCCNCCCC{solv}{x=0.492800}|CN(C)C=O{solv}{x=0.507200}>,CCCCNCCCC,CN(C)C=O,Protein-Null-0.0.3-4-mer-AAQAA3-1E3-2-OPC3_opc3,1,0.8110274381963906,0.0002077167179574,0.8153440000000003,0.0009895
294,294,dens_145031449158698048,294,Density,<Substance CN(C)C=O{solv}{x=0.498800}|ClCCCl{solv}{x=0.501200}>,CN(C)C=O,ClCCCl,Protein-Null-0.0.3-4-mer-AAQAA3-1E3-2-OPC3_opc3,1,1.0676650797041074,0.0003370091447561,1.0957000000000003,0.00305
295,295,dens_511894799968528211,295,Density,<Substance CN(C)C=O{solv}{x=0.197800}|ClCCCl{solv}{x=0.802200}>,CN(C)C=O,ClCCCl,Protein-Null-0.0.3-4-mer-AAQAA3-1E3-2-OPC3_opc3,1,1.1494159528344996,0.0004048776727871,1.1862000000000004,0.003
296,296,dhmix_693792312882226719,296,EnthalpyOfMixing,<Substance CN(C)C=O{solv}{x=0.498000}|ClCCCl{solv}{x=0.502000}>,CN(C)C=O,ClCCCl,Protein-Null-0.0.3-4-mer-AAQAA3-1E3-2-OPC3_opc3,1,0.4076595051573832,0.0315873352451867,-0.663,0.0035
297,297,dhmix_1364024895663592301,297,EnthalpyOfMixing,<Substance CN(C)C=O{solv}{x=0.299000}|ClCCCl{solv}{x=0.701000}>,CN(C)C=O,ClCCCl,Protein-Null-0.0.3-4-mer-AAQAA3-1E3-2-OPC3_opc3,1,0.3303210433166761,0.0349162727090201,-0.575,0.0035
298,298,dens_1874616475661316520,298,Density,<Substance CN(C)C=O{solv}{x=0.705400}|ClCCCl{solv}{x=0.294600}>,CN(C)C=O,ClCCCl,Protein-Null-0.0.3-4-mer-AAQAA3-1E3-2-OPC3_opc3,1,1.0074908575513282,0.0003023561849402,1.0336,0.003
299,299,dhmix_1965344541223753593,299,EnthalpyOfMixing,<Substance CN(C)C=O{solv}{x=0.702000}|ClCCCl{solv}{x=0.298000}>,CN(C)C=O,ClCCCl,Protein-Null-0.0.3-4-mer-AAQAA3-1E3-2-OPC3_opc3,1,0.3304502028437781,0.0365398979396977,-0.531,0.003
300,300,dens_145117083439077204,300,Density,<Substance CN1CCCC1=O{solv}{x=0.700300}|ClCCCCCl{solv}{x=0.299700}>,CN1CCCC1=O,ClCCCCCl,Protein-Null-0.0.3-4-mer-AAQAA3-1E3-2-OPC3_opc3,1,1.04207012856039,0.0002371591157917,1.0627000000000002,0.0005
301,301,dens_872271192908107773,301,Density,<Substance CN1CCCC1=O{solv}{x=0.203400}|ClCCCCCl{solv}{x=0.796600}>,CN1CCCC1=O,ClCCCCCl,Protein-Null-0.0.3-4-mer-AAQAA3-1E3-2-OPC3_opc3,1,1.0973564735985923,0.0002827199635995,1.1142000000000003,0.00125
302,302,dhmix_958757583081250655,302,EnthalpyOfMixing,<Substance CN1CCCC1=O{solv}{x=0.703000}|ClCCCCCl{solv}{x=0.297000}>,CN1CCCC1=O,ClCCCCCl,Protein-Null-0.0.3-4-mer-AAQAA3-1E3-2-OPC3_opc3,1,0.1798030585439036,0.045293937344288,-0.583,0.0035
303,303,dens_1187888029800539390,303,Density,<Substance CN1CCCC1=O{solv}{x=0.502500}|ClCCCCCl{solv}{x=0.497500}>,CN1CCCC1=O,ClCCCCCl,Protein-Null-0.0.3-4-mer-AAQAA3-1E3-2-OPC3_opc3,1,1.065476965919367,0.0002627356275838,1.0840000000000003,0.00075
304,304,dhmix_1448185356234442909,304,EnthalpyOfMixing,<Substance CN1CCCC1=O{solv}{x=0.210000}|ClCCCCCl{solv}{x=0.790000}>,CN1CCCC1=O,ClCCCCCl,Protein-Null-0.0.3-4-mer-AAQAA3-1E3-2-OPC3_opc3,1,0.1282683681430256,0.0421213158993245,-0.406,0.003
305,305,dhmix_1623586299486793214,305,EnthalpyOfMixing,<Substance CN1CCCC1=O{solv}{x=0.505000}|ClCCCCCl{solv}{x=0.495000}>,CN1CCCC1=O,ClCCCCCl,Protein-Null-0.0.3-4-mer-AAQAA3-1E3-2-OPC3_opc3,1,0.1133374610415316,0.0419510247449884,-0.678,0.0035
306,306,dens_151421667269785380,306,Density,<Substance OCCOCCO{solv}{x=0.228500}|OCc1ccccc1{solv}{x=0.771500}>,OCCOCCO,OCc1ccccc1,Protein-Null-0.0.3-4-mer-AAQAA3-1E3-2-OPC3_opc3,1,1.0508008019337582,0.0002096000075497,1.0497600000000002,0.000265
307,307,dens_207017358130726789,307,Density,<Substance OCCOCCO{solv}{x=0.531200}|OCc1ccccc1{solv}{x=0.468800}>,OCCOCCO,OCc1ccccc1,Protein-Null-0.0.3-4-mer-AAQAA3-1E3-2-OPC3_opc3,1,1.0761814150147018,0.0002522588412469,1.07136,0.00027
308,308,dhmix_638869206909151198,308,EnthalpyOfMixing,<Substance OCCOCCO{solv}{x=0.765800}|OCc1ccccc1{solv}{x=0.234200}>,OCCOCCO,OCc1ccccc1,Protein-Null-0.0.3-4-mer-AAQAA3-1E3-2-OPC3_opc3,1,0.0005215097704081,0.0541347941301211,-0.3712,0.0073
309,309,dhmix_884415658126351430,309,EnthalpyOfMixing,<Substance OCCOCCO{solv}{x=0.266500}|OCc1ccccc1{solv}{x=0.733500}>,OCCOCCO,OCc1ccccc1,Protein-Null-0.0.3-4-mer-AAQAA3-1E3-2-OPC3_opc3,1,-0.4285087967944321,0.044172435682407,-0.4216,0.0081
310,310,dhmix_925385148369690502,310,EnthalpyOfMixing,<Substance OCCOCCO{solv}{x=0.521600}|OCc1ccccc1{solv}{x=0.478400}>,OCCOCCO,OCc1ccccc1,Protein-Null-0.0.3-4-mer-AAQAA3-1E3-2-OPC3_opc3,1,-0.4273873661068847,0.052412938655384,-0.4574,0.00865
311,311,dens_1617133138157859384,311,Density,<Substance OCCOCCO{solv}{x=0.727700}|OCc1ccccc1{solv}{x=0.272300}>,OCCOCCO,OCc1ccccc1,Protein-Null-0.0.3-4-mer-AAQAA3-1E3-2-OPC3_opc3,1,1.091504478014493,0.0003876695379473,1.0857000000000003,0.000275
312,312,dens_155791527624482863,312,Density,<Substance CC(C)CO{solv}{x=0.279300}|CCCCBr{solv}{x=0.720700}>,CC(C)CO,CCCCBr,Protein-Null-0.0.3-4-mer-AAQAA3-1E3-2-OPC3_opc3,1,1.104270313108191,0.0004642373742592,1.1339800000000002,0.000305
313,313,dhmix_549211977118470640,313,EnthalpyOfMixing,<Substance CC(C)CO{solv}{x=0.293800}|CCCCBr{solv}{x=0.706200}>,CC(C)CO,CCCCBr,Protein-Null-0.0.3-4-mer-AAQAA3-1E3-2-OPC3_opc3,1,1.066016570427358,0.0379425023502469,1.248,0.0135
314,314,dens_692500675577783691,314,Density,<Substance CC(C)CO{solv}{x=0.793700}|CCCCBr{solv}{x=0.206300}>,CC(C)CO,CCCCBr,Protein-Null-0.0.3-4-mer-AAQAA3-1E3-2-OPC3_opc3,1,0.8963210791350542,0.0002974267504646,0.8962800000000002,0.00021
315,315,dens_841415441417626311,315,Density,<Substance CC(C)CO{solv}{x=0.498900}|CCCCBr{solv}{x=0.501100}>,CC(C)CO,CCCCBr,Protein-Null-0.0.3-4-mer-AAQAA3-1E3-2-OPC3_opc3,1,1.0194775999911951,0.0003274041566769,1.0366800000000005,0.000225
316,316,dhmix_1400807466047438160,316,EnthalpyOfMixing,<Substance CC(C)CO{solv}{x=0.499000}|CCCCBr{solv}{x=0.501000}>,CC(C)CO,CCCCBr,Protein-Null-0.0.3-4-mer-AAQAA3-1E3-2-OPC3_opc3,1,0.8648247000385894,0.0403748436536287,1.207,0.013
317,317,dhmix_1959880980464917582,317,EnthalpyOfMixing,<Substance CC(C)CO{solv}{x=0.702100}|CCCCBr{solv}{x=0.297900}>,CC(C)CO,CCCCBr,Protein-Null-0.0.3-4-mer-AAQAA3-1E3-2-OPC3_opc3,1,0.6859659774818851,0.0375040882974919,0.891,0.0095
318,318,dhmix_155924436295918663,318,EnthalpyOfMixing,<Substance OCCCO{solv}{x=0.501300}|O{solv}{x=0.498700}>,O,OCCCO,Protein-Null-0.0.3-4-mer-AAQAA3-1E3-2-OPC3_opc3,1,-0.1124522745829992,0.0416994408942852,-0.992,0.0125
319,319,dens_867859901093068556,319,Density,<Substance OCCCO{solv}{x=0.743700}|O{solv}{x=0.256300}>,O,OCCCO,Protein-Null-0.0.3-4-mer-AAQAA3-1E3-2-OPC3_opc3,1,1.059521886331829,0.0003532151721006,1.0503800000000003,0.00023
320,320,dhmix_2191722776959064631,320,EnthalpyOfMixing,<Substance OCCCO{solv}{x=0.743000}|O{solv}{x=0.257000}>,O,OCCCO,Protein-Null-0.0.3-4-mer-AAQAA3-1E3-2-OPC3_opc3,1,0.0299379045701044,0.0499568658107978,-0.633,0.008
321,321,dhmix_2210594516320705991,321,EnthalpyOfMixing,<Substance OCCCO{solv}{x=0.208700}|O{solv}{x=0.791300}>,O,OCCCO,Protein-Null-0.0.3-4-mer-AAQAA3-1E3-2-OPC3_opc3,1,0.2374334571930489,0.0268126026236176,-0.924,0.012
322,322,dens_2211391404402371237,322,Density,<Substance OCCCO{solv}{x=0.244700}|O{solv}{x=0.755300}>,O,OCCCO,Protein-Null-0.0.3-4-mer-AAQAA3-1E3-2-OPC3_opc3,1,1.038060687330265,0.0003342749844935,1.0381600000000004,0.00019
323,323,dens_2211609476735134421,323,Density,<Substance OCCCO{solv}{x=0.500000}|O{solv}{x=0.500000}>,O,OCCCO,Protein-Null-0.0.3-4-mer-AAQAA3-1E3-2-OPC3_opc3,1,1.0531157713080277,0.0003055772503359,1.0492100000000002,0.000215
324,324,dhmix_156929898609376763,324,EnthalpyOfMixing,<Substance CN(C)CCCO{solv}{x=0.800100}|O{solv}{x=0.199900}>,CN(C)CCCO,O,Protein-Null-0.0.3-4-mer-AAQAA3-1E3-2-OPC3_opc3,1,-1.326749145722253,0.0385531228194743,-1.26,0.0135
325,325,dhmix_786210276753247951,325,EnthalpyOfMixing,<Substance CN(C)CCCO{solv}{x=0.199800}|O{solv}{x=0.800200}>,CN(C)CCCO,O,Protein-Null-0.0.3-4-mer-AAQAA3-1E3-2-OPC3_opc3,1,-1.419673134995776,0.0271974866280378,-2.514,0.027
326,326,dens_971674883336993154,326,Density,<Substance CN(C)CCCO{solv}{x=0.289504}|O{solv}{x=0.710496}>,CN(C)CCCO,O,Protein-Null-0.0.3-4-mer-AAQAA3-1E3-2-OPC3_opc3,1,0.9479412110696396,0.0002746960183456,0.9443,0.00285
327,327,dhmix_1330584538745399524,327,EnthalpyOfMixing,<Substance CN(C)CCCO{solv}{x=0.501900}|O{solv}{x=0.498100}>,CN(C)CCCO,O,Protein-Null-0.0.3-4-mer-AAQAA3-1E3-2-OPC3_opc3,1,-2.211144267931613,0.0328701613715592,-2.706,0.029
328,328,dens_1781759734173902013,328,Density,<Substance CN(C)CCCO{solv}{x=0.501300}|O{solv}{x=0.498700}>,CN(C)CCCO,O,Protein-Null-0.0.3-4-mer-AAQAA3-1E3-2-OPC3_opc3,1,0.9274619304270422,0.0003363091024375,0.9170700000000004,8.000000000000002e-05
329,329,dens_2299157616447228221,329,Density,<Substance CN(C)CCCO{solv}{x=0.800600}|O{solv}{x=0.199400}>,CN(C)CCCO,O,Protein-Null-0.0.3-4-mer-AAQAA3-1E3-2-OPC3_opc3,1,0.9113066542962168,0.0002028934139663,0.8915100000000002,9.500000000000002e-05
330,330,dhmix_157983773008192768,330,EnthalpyOfMixing,<Substance BrCCCBr{solv}{x=0.743200}|CCCCOC(=O)CCC{solv}{x=0.256800}>,BrCCCBr,CCCCOC(=O)CCC,Protein-Null-0.0.3-4-mer-AAQAA3-1E3-2-OPC3_opc3,1,-0.3212503835166842,0.0436294001199822,0.032,0.0005
331,331,dens_720277045338028885,331,Density,<Substance BrCCCBr{solv}{x=0.748700}|CCCCOC(=O)CCC{solv}{x=0.251300}>,BrCCCBr,CCCCOC(=O)CCC,Protein-Null-0.0.3-4-mer-AAQAA3-1E3-2-OPC3_opc3,1,1.5413695257149391,0.0004380083600031,1.5786600000000004,0.00038
332,332,dens_933248802608751708,332,Density,<Substance BrCCCBr{solv}{x=0.529700}|CCCCOC(=O)CCC{solv}{x=0.470300}>,BrCCCBr,CCCCOC(=O)CCC,Protein-Null-0.0.3-4-mer-AAQAA3-1E3-2-OPC3_opc3,1,1.2949977417793077,0.0002926909335548,1.3159400000000003,0.000255
333,333,dens_1048925802213854204,333,Density,<Substance BrCCCBr{solv}{x=0.259100}|CCCCOC(=O)CCC{solv}{x=0.740900}>,BrCCCBr,CCCCOC(=O)CCC,Protein-Null-0.0.3-4-mer-AAQAA3-1E3-2-OPC3_opc3,1,1.0493309836737963,0.0001820694353209,1.0598600000000002,0.000145
334,334,dhmix_1090642624443832057,334,EnthalpyOfMixing,<Substance BrCCCBr{solv}{x=0.241200}|CCCCOC(=O)CCC{solv}{x=0.758800}>,BrCCCBr,CCCCOC(=O)CCC,Protein-Null-0.0.3-4-mer-AAQAA3-1E3-2-OPC3_opc3,1,-0.3420933679464113,0.0453987083630428,-0.094,0.001
335,335,dhmix_1649688325270115073,335,EnthalpyOfMixing,<Substance BrCCCBr{solv}{x=0.466700}|CCCCOC(=O)CCC{solv}{x=0.533300}>,BrCCCBr,CCCCOC(=O)CCC,Protein-Null-0.0.3-4-mer-AAQAA3-1E3-2-OPC3_opc3,1,-0.5233940205461707,0.04352637409651,-0.091,0.001
336,336,dhmix_158101159957898775,336,EnthalpyOfMixing,<Substance CCCCCl{solv}{x=0.490000}|CN1CCCC1=O{solv}{x=0.510000}>,CCCCCl,CN1CCCC1=O,Protein-Null-0.0.3-4-mer-AAQAA3-1E3-2-OPC3_opc3,1,0.7438735249506507,0.03569495255108,0.152,0.002
337,337,dhmix_586880142396707079,337,EnthalpyOfMixing,<Substance CCCCCl{solv}{x=0.294000}|CN1CCCC1=O{solv}{x=0.706000}>,CCCCCl,CN1CCCC1=O,Protein-Null-0.0.3-4-mer-AAQAA3-1E3-2-OPC3_opc3,1,0.6660693929407415,0.0415806333085827,0.145,0.002
338,338,dens_897975104490051322,338,Density,<Substance CCCCCl{solv}{x=0.296100}|CN1CCCC1=O{solv}{x=0.703900}>,CCCCCl,CN1CCCC1=O,Protein-Null-0.0.3-4-mer-AAQAA3-1E3-2-OPC3_opc3,1,0.9640559109286484,0.0002136292452082,0.9862000000000004,0.0001
339,339,dens_1393365907116297965,339,Density,<Substance CCCCCl{solv}{x=0.702600}|CN1CCCC1=O{solv}{x=0.297400}>,CCCCCl,CN1CCCC1=O,Protein-Null-0.0.3-4-mer-AAQAA3-1E3-2-OPC3_opc3,1,0.9066122457692444,0.0002778517917505,0.9268000000000002,0.0001
340,340,dhmix_1769887717174104485,340,EnthalpyOfMixing,<Substance CCCCCl{solv}{x=0.787000}|CN1CCCC1=O{solv}{x=0.213000}>,CCCCCl,CN1CCCC1=O,Protein-Null-0.0.3-4-mer-AAQAA3-1E3-2-OPC3_opc3,1,0.602163568965004,0.0427827409555813,0.081,0.002
341,341,dens_2070183543451797213,341,Density,<Substance CCCCCl{solv}{x=0.494800}|CN1CCCC1=O{solv}{x=0.505200}>,CCCCCl,CN1CCCC1=O,Protein-Null-0.0.3-4-mer-AAQAA3-1E3-2-OPC3_opc3,1,0.937587839210477,0.0002275642455815,0.9575000000000002,0.0001
342,342,dens_164369774990422412,342,Density,<Substance CC(C)O{solv}{x=0.764900}|CCOC=O{solv}{x=0.235100}>,CC(C)O,CCOC=O,Protein-Null-0.0.3-4-mer-AAQAA3-1E3-2-OPC3_opc3,1,0.8304716100514934,0.0002690955484087,0.8088000000000002,0.00035
343,343,dens_200561035496770448,343,Density,<Substance CC(C)O{solv}{x=0.265100}|CCOC=O{solv}{x=0.734900}>,CC(C)O,CCOC=O,Protein-Null-0.0.3-4-mer-AAQAA3-1E3-2-OPC3_opc3,1,0.8986507598316467,0.0002894350105839,0.8710000000000002,0.0003
344,344,dens_1124622586228643363,344,Density,<Substance CC(C)O{solv}{x=0.441300}|CCOC=O{solv}{x=0.558700}>,CC(C)O,CCOC=O,Protein-Null-0.0.3-4-mer-AAQAA3-1E3-2-OPC3_opc3,1,0.8742627495741442,0.0002301781399663,0.8482000000000003,0.00035
345,345,dens_166030075147825025,345,Density,<Substance Clc1ccccc1{solv}{x=0.467900}|c1ccccc1{solv}{x=0.532100}>,Clc1ccccc1,c1ccccc1,Protein-Null-0.0.3-4-mer-AAQAA3-1E3-2-OPC3_opc3,1,0.982933004456636,0.0002929775930675,0.9877000000000002,0.00025
346,346,dens_796537469137871297,346,Density,<Substance Clc1ccccc1{solv}{x=0.735800}|c1ccccc1{solv}{x=0.264200}>,Clc1ccccc1,c1ccccc1,Protein-Null-0.0.3-4-mer-AAQAA3-1E3-2-OPC3_opc3,1,1.0459725009250125,0.0003039241021034,1.0465000000000002,0.0002
347,347,dhmix_1485547099225054006,347,EnthalpyOfMixing,<Substance Clc1ccccc1{solv}{x=0.777700}|c1ccccc1{solv}{x=0.222300}>,Clc1ccccc1,c1ccccc1,Protein-Null-0.0.3-4-mer-AAQAA3-1E3-2-OPC3_opc3,1,-0.0243408112819736,0.0371325300774542,-0.0036,0.0004
348,348,dhmix_1808283008183194060,348,EnthalpyOfMixing,<Substance Clc1ccccc1{solv}{x=0.225800}|c1ccccc1{solv}{x=0.774200}>,Clc1ccccc1,c1ccccc1,Protein-Null-0.0.3-4-mer-AAQAA3-1E3-2-OPC3_opc3,1,-0.017781334367477,0.0402506419947111,-0.0046,0.0004
349,349,dhmix_2008892820486470381,349,EnthalpyOfMixing,<Substance Clc1ccccc1{solv}{x=0.466600}|c1ccccc1{solv}{x=0.533400}>,Clc1ccccc1,c1ccccc1,Protein-Null-0.0.3-4-mer-AAQAA3-1E3-2-OPC3_opc3,1,-0.0783580928509906,0.0358056514690186,-0.0057,0.0004
350,350,dens_2142546524113318099,350,Density,<Substance Clc1ccccc1{solv}{x=0.293100}|c1ccccc1{solv}{x=0.706900}>,Clc1ccccc1,c1ccccc1,Protein-Null-0.0.3-4-mer-AAQAA3-1E3-2-OPC3_opc3,1,0.9400109423851588,0.0002272668652227,0.9468000000000002,0.00025
351,351,dhmix_166527628917371560,351,EnthalpyOfMixing,<Substance CCCCCC(C)=O{solv}{x=0.500700}|CCCNCCC{solv}{x=0.499300}>,CCCCCC(C)=O,CCCNCCC,Protein-Null-0.0.3-4-mer-AAQAA3-1E3-2-OPC3_opc3,1,-0.2175449405719121,0.0485367504734315,0.162,0.002
352,352,dhmix_181797488552739205,352,EnthalpyOfMixing,<Substance CCCCCC(C)=O{solv}{x=0.213200}|CCCNCCC{solv}{x=0.786800}>,CCCCCC(C)=O,CCCNCCC,Protein-Null-0.0.3-4-mer-AAQAA3-1E3-2-OPC3_opc3,1,-0.0574480081723294,0.0481985413243389,0.137,0.0015
353,353,dens_286521458049436805,353,Density,<Substance CCCCCC(C)=O{solv}{x=0.542700}|CCCNCCC{solv}{x=0.457300}>,CCCCCC(C)=O,CCCNCCC,Protein-Null-0.0.3-4-mer-AAQAA3-1E3-2-OPC3_opc3,1,0.7717885578369983,0.0001794209656704,0.7766620000000002,0.0001215
354,354,dens_740930494074770103,354,Density,<Substance CCCCCC(C)=O{solv}{x=0.252600}|CCCNCCC{solv}{x=0.747400}>,CCCCCC(C)=O,CCCNCCC,Protein-Null-0.0.3-4-mer-AAQAA3-1E3-2-OPC3_opc3,1,0.752680755115915,0.0001956249518639,0.7540050000000001,0.0001215
355,355,dhmix_1180133264815330249,355,EnthalpyOfMixing,<Substance CCCCCC(C)=O{solv}{x=0.788000}|CCCNCCC{solv}{x=0.212000}>,CCCCCC(C)=O,CCCNCCC,Protein-Null-0.0.3-4-mer-AAQAA3-1E3-2-OPC3_opc3,1,-0.0644008907737969,0.0493032792834619,0.088,0.001
356,356,dens_1237727796782189302,356,Density,<Substance CCCCCC(C)=O{solv}{x=0.741800}|CCCNCCC{solv}{x=0.258200}>,CCCCCC(C)=O,CCCNCCC,Protein-Null-0.0.3-4-mer-AAQAA3-1E3-2-OPC3_opc3,1,0.7834604504594912,0.0002256137745476,0.7918920000000003,0.00012
357,357,dens_168376639142843665,357,Density,<Substance BrCCBr{solv}{x=0.084500}|CCOC(=O)CC{solv}{x=0.915500}>,BrCCBr,CCOC(=O)CC,Protein-Null-0.0.3-4-mer-AAQAA3-1E3-2-OPC3_opc3,1,0.966703402853278,0.0002637702608274,0.9671200000000002,0.001185
358,358,dhmix_897092526028522426,358,EnthalpyOfMixing,<Substance BrCCBr{solv}{x=0.753700}|CCOC(=O)CC{solv}{x=0.246300}>,BrCCBr,CCOC(=O)CC,Protein-Null-0.0.3-4-mer-AAQAA3-1E3-2-OPC3_opc3,1,-0.187120464385659,0.0340820769429601,0.0052,0.0008
359,359,dhmix_1078383344298013541,359,EnthalpyOfMixing,<Substance BrCCBr{solv}{x=0.084100}|CCOC(=O)CC{solv}{x=0.915900}>,BrCCBr,CCOC(=O)CC,Protein-Null-0.0.3-4-mer-AAQAA3-1E3-2-OPC3_opc3,1,-0.0317638002265194,0.0541536045004758,-0.0683,0.0014
360,360,dhmix_1103515663691342839,360,EnthalpyOfMixing,<Substance BrCCBr{solv}{x=0.514000}|CCOC(=O)CC{solv}{x=0.486000}>,BrCCBr,CCOC(=O)CC,Protein-Null-0.0.3-4-mer-AAQAA3-1E3-2-OPC3_opc3,1,-0.3467992327066831,0.0362143435755163,-0.1259,0.00205
361,361,dens_1193015082780501702,361,Density,<Substance BrCCBr{solv}{x=0.484400}|CCOC(=O)CC{solv}{x=0.515600}>,BrCCBr,CCOC(=O)CC,Protein-Null-0.0.3-4-mer-AAQAA3-1E3-2-OPC3_opc3,1,1.3978651458701628,0.000403516145144,1.4136000000000002,0.001165
362,362,dens_1660732943693703463,362,Density,<Substance BrCCBr{solv}{x=0.714800}|CCOC(=O)CC{solv}{x=0.285200}>,BrCCBr,CCOC(=O)CC,Protein-Null-0.0.3-4-mer-AAQAA3-1E3-2-OPC3_opc3,1,1.6874485879059602,0.0004775971905001,1.7205300000000003,0.000985
363,363,dens_172622055198885625,363,Density,<Substance CCCCOCCO{solv}{x=0.499500}|c1ccccc1{solv}{x=0.500500}>,CCCCOCCO,c1ccccc1,Protein-Null-0.0.3-4-mer-AAQAA3-1E3-2-OPC3_opc3,1,0.8787461590950377,0.000231816476935,0.8864700000000002,0.000795
364,364,dens_615182082919776992,364,Density,<Substance CCCCOCCO{solv}{x=0.753500}|c1ccccc1{solv}{x=0.246500}>,CCCCOCCO,c1ccccc1,Protein-Null-0.0.3-4-mer-AAQAA3-1E3-2-OPC3_opc3,1,0.8858141253535098,0.0001658215526698,0.8924600000000003,0.00077
365,365,dens_1014762781474427089,365,Density,<Substance CCCCOCCO{solv}{x=0.248800}|c1ccccc1{solv}{x=0.751200}>,CCCCOCCO,c1ccccc1,Protein-Null-0.0.3-4-mer-AAQAA3-1E3-2-OPC3_opc3,1,0.8715725601511953,0.0002699726078214,0.8790000000000002,0.00083
366,366,dhmix_1209838039340638454,366,EnthalpyOfMixing,<Substance CCCCOCCO{solv}{x=0.729700}|c1ccccc1{solv}{x=0.270300}>,CCCCOCCO,c1ccccc1,Protein-Null-0.0.3-4-mer-AAQAA3-1E3-2-OPC3_opc3,1,0.4287290130712904,0.0527277579716301,0.3037,0.00335
367,367,dhmix_1416395432810708431,367,EnthalpyOfMixing,<Substance CCCCOCCO{solv}{x=0.266500}|c1ccccc1{solv}{x=0.733500}>,CCCCOCCO,c1ccccc1,Protein-Null-0.0.3-4-mer-AAQAA3-1E3-2-OPC3_opc3,1,0.5037484915494446,0.04673594859116,0.6895,0.00745
368,368,dhmix_1775479338186698605,368,EnthalpyOfMixing,<Substance CCCCOCCO{solv}{x=0.503000}|c1ccccc1{solv}{x=0.497000}>,CCCCOCCO,c1ccccc1,Protein-Null-0.0.3-4-mer-AAQAA3-1E3-2-OPC3_opc3,1,0.5016915617635931,0.0372056703654661,0.5563,0.00605
369,369,dens_173950346939686352,369,Density,<Substance CCOC(=O)CC(=O)OCC{solv}{x=0.797800}|CO{solv}{x=0.202200}>,CCOC(=O)CC(=O)OCC,CO,Protein-Null-0.0.3-4-mer-AAQAA3-1E3-2-OPC3_opc3,1,1.0448206690539108,0.0002585984730683,1.0336070000000002,0.0001155
370,370,dhmix_796570713446660029,370,EnthalpyOfMixing,<Substance CCOC(=O)CC(=O)OCC{solv}{x=0.745300}|CO{solv}{x=0.254700}>,CCOC(=O)CC(=O)OCC,CO,Protein-Null-0.0.3-4-mer-AAQAA3-1E3-2-OPC3_opc3,1,0.9385998768907768,0.0475087974547162,1.184,0.013
371,371,dhmix_1053189657313504079,371,EnthalpyOfMixing,<Substance CCOC(=O)CC(=O)OCC{solv}{x=0.499300}|CO{solv}{x=0.500700}>,CCOC(=O)CC(=O)OCC,CO,Protein-Null-0.0.3-4-mer-AAQAA3-1E3-2-OPC3_opc3,1,1.2021987063335189,0.0403214524216573,1.426,0.0155
372,372,dens_1109796780897697143,372,Density,<Substance CCOC(=O)CC(=O)OCC{solv}{x=0.500400}|CO{solv}{x=0.499600}>,CCOC(=O)CC(=O)OCC,CO,Protein-Null-0.0.3-4-mer-AAQAA3-1E3-2-OPC3_opc3,1,1.0026968172345825,0.0002306400432783,0.9962350000000002,9.150000000000002e-05
373,373,dens_1145191816882985532,373,Density,<Substance CCOC(=O)CC(=O)OCC{solv}{x=0.250100}|CO{solv}{x=0.749900}>,CCOC(=O)CC(=O)OCC,CO,Protein-Null-0.0.3-4-mer-AAQAA3-1E3-2-OPC3_opc3,1,0.935575256434826,0.0002939090605965,0.9355040000000002,0.0001385
374,374,dhmix_1394433819711651760,374,EnthalpyOfMixing,<Substance CCOC(=O)CC(=O)OCC{solv}{x=0.251500}|CO{solv}{x=0.748500}>,CCOC(=O)CC(=O)OCC,CO,Protein-Null-0.0.3-4-mer-AAQAA3-1E3-2-OPC3_opc3,1,1.0718286428022452,0.0336846677413744,1.083,0.0115
375,375,dhmix_176700813960387714,375,EnthalpyOfMixing,<Substance CC(=O)N(C)C{solv}{x=0.211000}|ClCCCCCl{solv}{x=0.789000}>,CC(=O)N(C)C,ClCCCCCl,Protein-Null-0.0.3-4-mer-AAQAA3-1E3-2-OPC3_opc3,1,0.1094146800342983,0.0334669914110568,-0.188,0.0025
376,376,dhmix_422276068008732896,376,EnthalpyOfMixing,<Substance CC(=O)N(C)C{solv}{x=0.506000}|ClCCCCCl{solv}{x=0.494000}>,CC(=O)N(C)C,ClCCCCCl,Protein-Null-0.0.3-4-mer-AAQAA3-1E3-2-OPC3_opc3,1,0.0758986835919834,0.0412100684402551,-0.314,0.0025
377,377,dhmix_591740475541975327,377,EnthalpyOfMixing,<Substance CC(=O)N(C)C{solv}{x=0.705000}|ClCCCCCl{solv}{x=0.295000}>,CC(=O)N(C)C,ClCCCCCl,Protein-Null-0.0.3-4-mer-AAQAA3-1E3-2-OPC3_opc3,1,0.1565289055693046,0.0410614820404145,-0.281,0.0025
378,378,dens_600718364672681210,378,Density,<Substance CC(=O)N(C)C{solv}{x=0.200100}|ClCCCCCl{solv}{x=0.799900}>,CC(=O)N(C)C,ClCCCCCl,Protein-Null-0.0.3-4-mer-AAQAA3-1E3-2-OPC3_opc3,1,1.0775220992955707,0.0002944744847359,1.0978,0.0023
379,379,dens_833309518494254389,379,Density,<Substance CC(=O)N(C)C{solv}{x=0.698700}|ClCCCCCl{solv}{x=0.301300}>,CC(=O)N(C)C,ClCCCCCl,Protein-Null-0.0.3-4-mer-AAQAA3-1E3-2-OPC3_opc3,1,0.9727676045982476,0.0002402135297187,1.0011000000000003,0.0023
380,380,dens_1473570029953486090,380,Density,<Substance CC(=O)N(C)C{solv}{x=0.500900}|ClCCCCCl{solv}{x=0.499100}>,CC(=O)N(C)C,ClCCCCCl,Protein-Null-0.0.3-4-mer-AAQAA3-1E3-2-OPC3_opc3,1,1.0164074292062644,0.0002549775530594,1.0407000000000004,0.00225
381,381,dens_176740025668330569,381,Density,<Substance C1CCCCC1{solv}{x=0.499400}|C1COCCO1{solv}{x=0.500600}>,C1CCCCC1,C1COCCO1,Protein-Null-0.0.3-4-mer-AAQAA3-1E3-2-OPC3_opc3,1,0.8694310920672879,0.0001974055713038,0.8769800000000002,8.500000000000002e-05
382,382,dens_476825312331327209,382,Density,<Substance C1CCCCC1{solv}{x=0.297200}|C1COCCO1{solv}{x=0.702800}>,C1CCCCC1,C1COCCO1,Protein-Null-0.0.3-4-mer-AAQAA3-1E3-2-OPC3_opc3,1,0.9296870088046396,0.0002310120418289,0.9312200000000004,7.000000000000002e-05
383,383,dens_985438980823024302,383,Density,<Substance C1CCCCC1{solv}{x=0.699700}|C1COCCO1{solv}{x=0.300300}>,C1CCCCC1,C1COCCO1,Protein-Null-0.0.3-4-mer-AAQAA3-1E3-2-OPC3_opc3,1,0.8176319723187965,0.0001803419842733,0.8305800000000002,0.0001
384,384,dhmix_1624213860575299641,384,EnthalpyOfMixing,<Substance C1CCCCC1{solv}{x=0.492800}|C1COCCO1{solv}{x=0.507200}>,C1CCCCC1,C1COCCO1,Protein-Null-0.0.3-4-mer-AAQAA3-1E3-2-OPC3_opc3,1,1.9575721996700397,0.0416036400959035,1.588,0.008
385,385,dhmix_1900199136965747019,385,EnthalpyOfMixing,<Substance C1CCCCC1{solv}{x=0.239400}|C1COCCO1{solv}{x=0.760600}>,C1CCCCC1,C1COCCO1,Protein-Null-0.0.3-4-mer-AAQAA3-1E3-2-OPC3_opc3,1,1.4066012090315212,0.0441395175844405,1.124,0.007
386,386,dhmix_2022274493214392184,386,EnthalpyOfMixing,<Substance C1CCCCC1{solv}{x=0.744200}|C1COCCO1{solv}{x=0.255800}>,C1CCCCC1,C1COCCO1,Protein-Null-0.0.3-4-mer-AAQAA3-1E3-2-OPC3_opc3,1,1.5669591366883395,0.0406628027956356,1.262,0.007
387,387,dhmix_182795551078530810,387,EnthalpyOfMixing,<Substance C1COCCO1{solv}{x=0.491200}|Cc1ccccc1Cl{solv}{x=0.508800}>,C1COCCO1,Cc1ccccc1Cl,Protein-Null-0.0.3-4-mer-AAQAA3-1E3-2-OPC3_opc3,1,0.3029008119034131,0.0336468818542921,0.356,0.002
388,388,dens_242592003865933955,388,Density,<Substance C1COCCO1{solv}{x=0.835700}|Cc1ccccc1Cl{solv}{x=0.164300}>,C1COCCO1,Cc1ccccc1Cl,Protein-Null-0.0.3-4-mer-AAQAA3-1E3-2-OPC3_opc3,1,1.0285325767852476,0.0002649603108079,1.0256,0.0005
389,389,dens_810150133181620718,389,Density,<Substance C1COCCO1{solv}{x=0.513600}|Cc1ccccc1Cl{solv}{x=0.486400}>,C1COCCO1,Cc1ccccc1Cl,Protein-Null-0.0.3-4-mer-AAQAA3-1E3-2-OPC3_opc3,1,1.0541538336410012,0.0002733704139634,1.0536,0.0005
390,390,dhmix_1949119093643648586,390,EnthalpyOfMixing,<Substance C1COCCO1{solv}{x=0.246200}|Cc1ccccc1Cl{solv}{x=0.753800}>,C1COCCO1,Cc1ccccc1Cl,Protein-Null-0.0.3-4-mer-AAQAA3-1E3-2-OPC3_opc3,1,0.2658284584438917,0.0454244853620757,0.206,0.001
391,391,dens_2161584607380261748,391,Density,<Substance C1COCCO1{solv}{x=0.226300}|Cc1ccccc1Cl{solv}{x=0.773700}>,C1COCCO1,Cc1ccccc1Cl,Protein-Null-0.0.3-4-mer-AAQAA3-1E3-2-OPC3_opc3,1,1.0659817408808168,0.000188071563888,1.0674000000000003,0.0005
392,392,dhmix_2190589845176325501,392,EnthalpyOfMixing,<Substance C1COCCO1{solv}{x=0.835700}|Cc1ccccc1Cl{solv}{x=0.164300}>,C1COCCO1,Cc1ccccc1Cl,Protein-Null-0.0.3-4-mer-AAQAA3-1E3-2-OPC3_opc3,1,0.168955516253618,0.0438898037570611,0.244,0.0015
393,393,dens_194492664772262961,393,Density,<Substance CCCOC=O{solv}{x=0.479500}|ClCCCl{solv}{x=0.520500}>,CCCOC=O,ClCCCl,Protein-Null-0.0.3-4-mer-AAQAA3-1E3-2-OPC3_opc3,1,1.053248681047968,0.0003342309414814,1.0603100000000003,0.00196
394,394,dhmix_438833720470542962,394,EnthalpyOfMixing,<Substance CCCOC=O{solv}{x=0.738500}|ClCCCl{solv}{x=0.261500}>,CCCOC=O,ClCCCl,Protein-Null-0.0.3-4-mer-AAQAA3-1E3-2-OPC3_opc3,1,0.1242279013229215,0.0413333477811735,-0.205,0.0025
395,395,dens_598528978367940263,395,Density,<Substance CCCOC=O{solv}{x=0.254300}|ClCCCl{solv}{x=0.745700}>,CCCOC=O,ClCCCl,Protein-Null-0.0.3-4-mer-AAQAA3-1E3-2-OPC3_opc3,1,1.1182692771116896,0.0004592046731432,1.1418800000000005,0.002835
396,396,dens_822197650497048256,396,Density,<Substance CCCOC=O{solv}{x=0.728100}|ClCCCl{solv}{x=0.271900}>,CCCOC=O,ClCCCl,Protein-Null-0.0.3-4-mer-AAQAA3-1E3-2-OPC3_opc3,1,0.9843520978597704,0.0002972426560775,0.9794600000000002,0.001275
397,397,dhmix_1971772628311560569,397,EnthalpyOfMixing,<Substance CCCOC=O{solv}{x=0.503500}|ClCCCl{solv}{x=0.496500}>,CCCOC=O,ClCCCl,Protein-Null-0.0.3-4-mer-AAQAA3-1E3-2-OPC3_opc3,1,0.2429806976009132,0.0370140895486679,-0.254,0.003
398,398,dhmix_2087301877194561078,398,EnthalpyOfMixing,<Substance CCCOC=O{solv}{x=0.273300}|ClCCCl{solv}{x=0.726700}>,CCCOC=O,ClCCCl,Protein-Null-0.0.3-4-mer-AAQAA3-1E3-2-OPC3_opc3,1,0.1814791952174701,0.033557799443158,-0.154,0.002
399,399,dens_196547737404430199,399,Density,<Substance CCC(C)(C)O{solv}{x=0.258400}|CCO{solv}{x=0.741600}>,CCC(C)(C)O,CCO,Protein-Null-0.0.3-4-mer-AAQAA3-1E3-2-OPC3_opc3,1,0.8033323754759087,0.0002779758003417,0.7933000000000001,0.0005
400,400,dens_476512869308734578,400,Density,<Substance CCC(C)(C)O{solv}{x=0.549500}|CCO{solv}{x=0.450500}>,CCC(C)(C)O,CCO,Protein-Null-0.0.3-4-mer-AAQAA3-1E3-2-OPC3_opc3,1,0.8160789436380173,0.0002902272841125,0.8018000000000002,0.0005
401,401,dens_822446541953482206,401,Density,<Substance CCC(C)(C)O{solv}{x=0.676500}|CCO{solv}{x=0.323500}>,CCC(C)(C)O,CCO,Protein-Null-0.0.3-4-mer-AAQAA3-1E3-2-OPC3_opc3,1,0.820306916046364,0.0002170730780162,0.8048000000000002,0.0005
402,402,dhmix_935690434592096067,402,EnthalpyOfMixing,<Substance CCC(C)(C)O{solv}{x=0.460700}|CCO{solv}{x=0.539300}>,CCC(C)(C)O,CCO,Protein-Null-0.0.3-4-mer-AAQAA3-1E3-2-OPC3_opc3,1,-0.794781293470745,0.0410556692175538,-0.95,0.00405
403,403,dhmix_1167190373485301023,403,EnthalpyOfMixing,<Substance CCC(C)(C)O{solv}{x=0.730600}|CCO{solv}{x=0.269400}>,CCC(C)(C)O,CCO,Protein-Null-0.0.3-4-mer-AAQAA3-1E3-2-OPC3_opc3,1,-0.9928441788171458,0.0416584946124112,-0.7709,0.00335
404,404,dhmix_1275914601266938667,404,EnthalpyOfMixing,<Substance CCC(C)(C)O{solv}{x=0.280700}|CCO{solv}{x=0.719300}>,CCC(C)(C)O,CCO,Protein-Null-0.0.3-4-mer-AAQAA3-1E3-2-OPC3_opc3,1,-0.4861066586149736,0.0339046855072374,-0.7056,0.0031
405,405,dens_196896428021674416,405,Density,<Substance OCCCCO{solv}{x=0.250400}|O{solv}{x=0.749600}>,O,OCCCCO,Protein-Null-0.0.3-4-mer-AAQAA3-1E3-2-OPC3_opc3,1,1.0188617757783272,0.0003629952626338,1.0206500000000005,0.000165
406,406,dhmix_204758826312645465,406,EnthalpyOfMixing,<Substance OCCCCO{solv}{x=0.498600}|O{solv}{x=0.501400}>,O,OCCCCO,Protein-Null-0.0.3-4-mer-AAQAA3-1E3-2-OPC3_opc3,1,0.1105148046137891,0.0334105830502698,-0.882,0.011
407,407,dens_523660418548538159,407,Density,<Substance OCCCCO{solv}{x=0.502000}|O{solv}{x=0.498000}>,O,OCCCCO,Protein-Null-0.0.3-4-mer-AAQAA3-1E3-2-OPC3_opc3,1,1.0225161100934717,0.0005111008638324,1.0207100000000002,0.000175
408,408,dhmix_1424462945700338266,408,EnthalpyOfMixing,<Substance OCCCCO{solv}{x=0.794700}|O{solv}{x=0.205300}>,O,OCCCCO,Protein-Null-0.0.3-4-mer-AAQAA3-1E3-2-OPC3_opc3,1,-0.164197452701436,0.0515202260349488,-0.513,0.007
409,409,dhmix_2166372532060643622,409,EnthalpyOfMixing,<Substance OCCCCO{solv}{x=0.265800}|O{solv}{x=0.734200}>,O,OCCCCO,Protein-Null-0.0.3-4-mer-AAQAA3-1E3-2-OPC3_opc3,1,0.1033979808578315,0.0498078060374006,-0.896,0.0115
410,410,dens_2215793475715067258,410,Density,<Substance OCCCCO{solv}{x=0.752800}|O{solv}{x=0.247200}>,O,OCCCCO,Protein-Null-0.0.3-4-mer-AAQAA3-1E3-2-OPC3_opc3,1,1.022393649145353,0.0004410021341535,1.0165900000000003,0.00018
411,411,dhmix_199788824133179829,411,EnthalpyOfMixing,<Substance CNc1ccccc1{solv}{x=0.497300}|Cc1ccccc1{solv}{x=0.502700}>,CNc1ccccc1,Cc1ccccc1,Protein-Null-0.0.3-4-mer-AAQAA3-1E3-2-OPC3_opc3,1,0.8550126915636795,0.0433740049307856,0.497,0.0055
412,412,dens_515118724178190757,412,Density,<Substance CNc1ccccc1{solv}{x=0.740700}|Cc1ccccc1{solv}{x=0.259300}>,CNc1ccccc1,Cc1ccccc1,Protein-Null-0.0.3-4-mer-AAQAA3-1E3-2-OPC3_opc3,1,0.9607458496624416,0.0002113621181443,0.9531280000000004,0.0002595
413,413,dens_730775902780400634,413,Density,<Substance CNc1ccccc1{solv}{x=0.245200}|Cc1ccccc1{solv}{x=0.754800}>,CNc1ccccc1,Cc1ccccc1,Protein-Null-0.0.3-4-mer-AAQAA3-1E3-2-OPC3_opc3,1,0.8858860524970897,0.0002268199798897,0.8935250000000002,0.000118
414,414,dhmix_1213795502778853356,414,EnthalpyOfMixing,<Substance CNc1ccccc1{solv}{x=0.295200}|Cc1ccccc1{solv}{x=0.704800}>,CNc1ccccc1,Cc1ccccc1,Protein-Null-0.0.3-4-mer-AAQAA3-1E3-2-OPC3_opc3,1,0.8254743361122578,0.04464109017842,0.459,0.005
415,415,dhmix_1321810550349826496,415,EnthalpyOfMixing,<Substance CNc1ccccc1{solv}{x=0.789200}|Cc1ccccc1{solv}{x=0.210800}>,CNc1ccccc1,Cc1ccccc1,Protein-Null-0.0.3-4-mer-AAQAA3-1E3-2-OPC3_opc3,1,0.5746705391692402,0.0455803603356825,0.287,0.003
416,416,dens_2156484405108449314,416,Density,<Substance CNc1ccccc1{solv}{x=0.490000}|Cc1ccccc1{solv}{x=0.510000}>,CNc1ccccc1,Cc1ccccc1,Protein-Null-0.0.3-4-mer-AAQAA3-1E3-2-OPC3_opc3,1,0.9222389502036852,0.0002258409185596,0.9235800000000004,0.000164
417,417,dens_199829369486957606,417,Density,<Substance CC#N{solv}{x=0.200300}|c1ccccc1{solv}{x=0.799700}>,CC#N,c1ccccc1,Protein-Null-0.0.3-4-mer-AAQAA3-1E3-2-OPC3_opc3,1,0.8538725066377497,0.0002550910234286,0.8623400000000002,7.000000000000002e-05
418,418,dhmix_217315956534335620,418,EnthalpyOfMixing,<Substance CC#N{solv}{x=0.771500}|c1ccccc1{solv}{x=0.228500}>,CC#N,c1ccccc1,Protein-Null-0.0.3-4-mer-AAQAA3-1E3-2-OPC3_opc3,1,-0.0077536352063756,0.0302076649626991,0.3988,0.00815
419,419,dhmix_730497723685339496,419,EnthalpyOfMixing,<Substance CC#N{solv}{x=0.219600}|c1ccccc1{solv}{x=0.780400}>,CC#N,c1ccccc1,Protein-Null-0.0.3-4-mer-AAQAA3-1E3-2-OPC3_opc3,1,-0.0488949495298669,0.0359120744544513,0.2399,0.00495
420,420,dhmix_1038591828122641798,420,EnthalpyOfMixing,<Substance CC#N{solv}{x=0.529500}|c1ccccc1{solv}{x=0.470500}>,CC#N,c1ccccc1,Protein-Null-0.0.3-4-mer-AAQAA3-1E3-2-OPC3_opc3,1,-0.0132457967917982,0.0336374613495209,0.4415,0.00905
421,421,dens_1457706963514561052,421,Density,<Substance CC#N{solv}{x=0.500100}|c1ccccc1{solv}{x=0.499900}>,CC#N,c1ccccc1,Protein-Null-0.0.3-4-mer-AAQAA3-1E3-2-OPC3_opc3,1,0.8340568238618951,0.0002859541055636,0.8384600000000002,7.500000000000002e-05
422,422,dens_2111393000623474162,422,Density,<Substance CC#N{solv}{x=0.700200}|c1ccccc1{solv}{x=0.299800}>,CC#N,c1ccccc1,Protein-Null-0.0.3-4-mer-AAQAA3-1E3-2-OPC3_opc3,1,0.8155523527153894,0.0003060906345219,0.8174500000000002,7.500000000000002e-05
423,423,dens_201591193434833206,423,Density,<Substance CC(C)CC(C)(C)C{solv}{x=0.082400}|CCO{solv}{x=0.917600}>,CC(C)CC(C)(C)C,CCO,Protein-Null-0.0.3-4-mer-AAQAA3-1E3-2-OPC3_opc3,1,0.7637171729786699,0.0003361708290764,0.7605800000000003,0.000125
424,424,dhmix_371477530823830451,424,EnthalpyOfMixing,<Substance CC(C)CC(C)(C)C{solv}{x=0.761700}|CCO{solv}{x=0.238300}>,CC(C)CC(C)(C)C,CCO,Protein-Null-0.0.3-4-mer-AAQAA3-1E3-2-OPC3_opc3,1,0.6610930437031612,0.0499979702285432,0.634022,0.006851
425,425,dhmix_1127868571780691876,425,EnthalpyOfMixing,<Substance CC(C)CC(C)(C)C{solv}{x=0.515800}|CCO{solv}{x=0.484200}>,CC(C)CC(C)(C)C,CCO,Protein-Null-0.0.3-4-mer-AAQAA3-1E3-2-OPC3_opc3,1,0.6873355170721567,0.044733849914333,0.638973,0.006903
426,426,dens_1250915879314267304,426,Density,<Substance CC(C)CC(C)(C)C{solv}{x=0.493740}|CCO{solv}{x=0.506260}>,CC(C)CC(C)(C)C,CCO,Protein-Null-0.0.3-4-mer-AAQAA3-1E3-2-OPC3_opc3,1,0.7244837860986695,0.0001805276759426,0.7110500000000001,7.500000000000002e-05
427,427,dens_1473791133383705310,427,Density,<Substance CC(C)CC(C)(C)C{solv}{x=0.735960}|CCO{solv}{x=0.264040}>,CC(C)CC(C)(C)C,CCO,Protein-Null-0.0.3-4-mer-AAQAA3-1E3-2-OPC3_opc3,1,0.71353388654374,0.0001864084302002,0.6967900000000001,7.500000000000002e-05
428,428,dhmix_1870637719976274804,428,EnthalpyOfMixing,<Substance CC(C)CC(C)(C)C{solv}{x=0.081500}|CCO{solv}{x=0.918500}>,CC(C)CC(C)(C)C,CCO,Protein-Null-0.0.3-4-mer-AAQAA3-1E3-2-OPC3_opc3,1,0.3419878770369147,0.0418816728158896,0.197762,0.0022405
429,429,dens_202472488934755108,429,Density,<Substance CCC#N{solv}{x=0.301800}|CCOC(C)(C)C{solv}{x=0.698200}>,CCC#N,CCOC(C)(C)C,Protein-Null-0.0.3-4-mer-AAQAA3-1E3-2-OPC3_opc3,1,0.757903778748821,0.0002191847463341,0.7455000000000002,0.0002
430,430,dens_266175665931869051,430,Density,<Substance CCC#N{solv}{x=0.701400}|CCOC(C)(C)C{solv}{x=0.298600}>,CCC#N,CCOC(C)(C)C,Protein-Null-0.0.3-4-mer-AAQAA3-1E3-2-OPC3_opc3,1,0.7689931145070871,0.0002445708180912,0.7617000000000003,0.00035
431,431,dhmix_801664072836508009,431,EnthalpyOfMixing,<Substance CCC#N{solv}{x=0.301800}|CCOC(C)(C)C{solv}{x=0.698200}>,CCC#N,CCOC(C)(C)C,Protein-Null-0.0.3-4-mer-AAQAA3-1E3-2-OPC3_opc3,1,0.0581734268519618,0.0491144272069483,0.4557,0.0062
432,432,dhmix_1220778152018571786,432,EnthalpyOfMixing,<Substance CCC#N{solv}{x=0.501400}|CCOC(C)(C)C{solv}{x=0.498600}>,CCC#N,CCOC(C)(C)C,Protein-Null-0.0.3-4-mer-AAQAA3-1E3-2-OPC3_opc3,1,0.104308108801554,0.039191958183806,0.5053,0.00685
433,433,dhmix_1838699488178562925,433,EnthalpyOfMixing,<Substance CCC#N{solv}{x=0.701400}|CCOC(C)(C)C{solv}{x=0.298600}>,CCC#N,CCOC(C)(C)C,Protein-Null-0.0.3-4-mer-AAQAA3-1E3-2-OPC3_opc3,1,0.1221565593044484,0.0356518496205484,0.4078,0.0056
434,434,dens_1870081876609026392,434,Density,<Substance CCC#N{solv}{x=0.501400}|CCOC(C)(C)C{solv}{x=0.498600}>,CCC#N,CCOC(C)(C)C,Protein-Null-0.0.3-4-mer-AAQAA3-1E3-2-OPC3_opc3,1,0.7629767719754087,0.0002641560270613,0.7532000000000002,0.0003
435,435,dens_205210513551931414,435,Density,<Substance CCCC#N{solv}{x=0.200000}|c1ccccc1{solv}{x=0.800000}>,CCCC#N,c1ccccc1,Protein-Null-0.0.3-4-mer-AAQAA3-1E3-2-OPC3_opc3,1,0.8482483051875772,0.0002729971285509,0.8576940000000002,5.400000000000001e-05
436,436,dens_841576887891022329,436,Density,<Substance CCCC#N{solv}{x=0.500000}|c1ccccc1{solv}{x=0.500000}>,CCCC#N,c1ccccc1,Protein-Null-0.0.3-4-mer-AAQAA3-1E3-2-OPC3_opc3,1,0.8242548211854493,0.0002687416078334,0.8318550000000002,5.8000000000000014e-05
437,437,dhmix_901910638840590393,437,EnthalpyOfMixing,<Substance CCCC#N{solv}{x=0.503700}|c1ccccc1{solv}{x=0.496300}>,CCCC#N,c1ccccc1,Protein-Null-0.0.3-4-mer-AAQAA3-1E3-2-OPC3_opc3,1,-0.1232121222794759,0.0406636034639262,-0.0659,0.00145
438,438,dhmix_1123099162248680479,438,EnthalpyOfMixing,<Substance CCCC#N{solv}{x=0.752800}|c1ccccc1{solv}{x=0.247200}>,CCCC#N,c1ccccc1,Protein-Null-0.0.3-4-mer-AAQAA3-1E3-2-OPC3_opc3,1,-0.07185154096112,0.0389623750568535,-0.0312,0.0008
439,439,dhmix_1318990508180847616,439,EnthalpyOfMixing,<Substance CCCC#N{solv}{x=0.252800}|c1ccccc1{solv}{x=0.747200}>,CCCC#N,c1ccccc1,Protein-Null-0.0.3-4-mer-AAQAA3-1E3-2-OPC3_opc3,1,-0.05401307739384,0.036001554162953,-0.0571,0.00125
440,440,dens_1950627772023797339,440,Density,<Substance CCCC#N{solv}{x=0.700000}|c1ccccc1{solv}{x=0.300000}>,CCCC#N,c1ccccc1,Protein-Null-0.0.3-4-mer-AAQAA3-1E3-2-OPC3_opc3,1,0.8090772022890449,0.0002336198249536,0.8138540000000002,6.100000000000001e-05
441,441,dhmix_207411229673186667,441,EnthalpyOfMixing,<Substance CC(C)(C)Cl{solv}{x=0.774700}|CC(C)OC(C)C{solv}{x=0.225300}>,CC(C)(C)Cl,CC(C)OC(C)C,Protein-Null-0.0.3-4-mer-AAQAA3-1E3-2-OPC3_opc3,1,0.0272431457247179,0.0391429395695505,0.0035,0.0004
442,442,dhmix_263164663491745943,442,EnthalpyOfMixing,<Substance CC(C)(C)Cl{solv}{x=0.551200}|CC(C)OC(C)C{solv}{x=0.448800}>,CC(C)(C)Cl,CC(C)OC(C)C,Protein-Null-0.0.3-4-mer-AAQAA3-1E3-2-OPC3_opc3,1,-0.067530359653837,0.0395447485473584,0.0071,0.0004
443,443,dens_1527979990628499053,443,Density,<Substance CC(C)(C)Cl{solv}{x=0.514800}|CC(C)OC(C)C{solv}{x=0.485200}>,CC(C)(C)Cl,CC(C)OC(C)C,Protein-Null-0.0.3-4-mer-AAQAA3-1E3-2-OPC3_opc3,1,0.7918953366817193,0.0001855969753393,0.7723510000000002,0.00042
444,444,dens_1616242241384486673,444,Density,<Substance CC(C)(C)Cl{solv}{x=0.715200}|CC(C)OC(C)C{solv}{x=0.284800}>,CC(C)(C)Cl,CC(C)OC(C)C,Protein-Null-0.0.3-4-mer-AAQAA3-1E3-2-OPC3_opc3,1,0.8177502049546801,0.0002897583171783,0.7971450000000002,0.0003945
445,445,dens_2075469437997722238,445,Density,<Substance CC(C)(C)Cl{solv}{x=0.199100}|CC(C)OC(C)C{solv}{x=0.800900}>,CC(C)(C)Cl,CC(C)OC(C)C,Protein-Null-0.0.3-4-mer-AAQAA3-1E3-2-OPC3_opc3,1,0.7568437312027672,0.0002632615146958,0.7376660000000003,0.0004545
446,446,dhmix_2101531043492089277,446,EnthalpyOfMixing,<Substance CC(C)(C)Cl{solv}{x=0.219200}|CC(C)OC(C)C{solv}{x=0.780800}>,CC(C)(C)Cl,CC(C)OC(C)C,Protein-Null-0.0.3-4-mer-AAQAA3-1E3-2-OPC3_opc3,1,0.0095528325431679,0.040820406636221,0.007,0.0004
447,447,dens_210389881425986721,447,Density,<Substance C1COCO1{solv}{x=0.785000}|CCCCCC(C)=O{solv}{x=0.215000}>,C1COCO1,CCCCCC(C)=O,Protein-Null-0.0.3-4-mer-AAQAA3-1E3-2-OPC3_opc3,1,0.9850155446303456,0.0002411144362115,0.9696500000000002,0.0003
448,448,dhmix_503329310014436107,448,EnthalpyOfMixing,<Substance C1COCO1{solv}{x=0.750000}|CCCCCC(C)=O{solv}{x=0.250000}>,C1COCO1,CCCCCC(C)=O,Protein-Null-0.0.3-4-mer-AAQAA3-1E3-2-OPC3_opc3,1,0.5301558327225138,0.040155929731814,0.37402,0.001955
449,449,dens_824084186033535550,449,Density,<Substance C1COCO1{solv}{x=0.507100}|CCCCCC(C)=O{solv}{x=0.492900}>,C1COCO1,CCCCCC(C)=O,Protein-Null-0.0.3-4-mer-AAQAA3-1E3-2-OPC3_opc3,1,0.8954450461344454,0.0001985393019938,0.8936300000000003,0.00034
450,450,dens_839548343309182157,450,Density,<Substance C1COCO1{solv}{x=0.244000}|CCCCCC(C)=O{solv}{x=0.756000}>,C1COCO1,CCCCCC(C)=O,Protein-Null-0.0.3-4-mer-AAQAA3-1E3-2-OPC3_opc3,1,0.8381020241710988,0.0002009231152103,0.8445200000000002,0.00038
451,451,dhmix_1519451899562488304,451,EnthalpyOfMixing,<Substance C1COCO1{solv}{x=0.250000}|CCCCCC(C)=O{solv}{x=0.750000}>,C1COCO1,CCCCCC(C)=O,Protein-Null-0.0.3-4-mer-AAQAA3-1E3-2-OPC3_opc3,1,0.3419008344149148,0.0476464427762788,0.2754,0.00155
452,452,dhmix_1874814461447958752,452,EnthalpyOfMixing,<Substance C1COCO1{solv}{x=0.500000}|CCCCCC(C)=O{solv}{x=0.500000}>,C1COCO1,CCCCCC(C)=O,Protein-Null-0.0.3-4-mer-AAQAA3-1E3-2-OPC3_opc3,1,0.4798679981448472,0.0430387354478555,0.43148,0.00217
453,453,dhmix_219236717194413479,453,EnthalpyOfMixing,<Substance CCOc1ccccc1{solv}{x=0.762500}|OCCCc1ccccc1{solv}{x=0.237500}>,CCOc1ccccc1,OCCCc1ccccc1,Protein-Null-0.0.3-4-mer-AAQAA3-1E3-2-OPC3_opc3,1,1.0092448687007405,0.0418192191127418,1.1164,0.01195
454,454,dens_391027492102555874,454,Density,<Substance CCOc1ccccc1{solv}{x=0.515000}|OCCCc1ccccc1{solv}{x=0.485000}>,CCOc1ccccc1,OCCCc1ccccc1,Protein-Null-0.0.3-4-mer-AAQAA3-1E3-2-OPC3_opc3,1,0.9645111160091302,0.0001526219404446,0.9715100000000002,0.00026
455,455,dens_603450583692592837,455,Density,<Substance CCOc1ccccc1{solv}{x=0.707400}|OCCCc1ccccc1{solv}{x=0.292600}>,CCOc1ccccc1,OCCCc1ccccc1,Protein-Null-0.0.3-4-mer-AAQAA3-1E3-2-OPC3_opc3,1,0.9570184526013936,0.0001964123680511,0.9634300000000002,0.00026
456,456,dhmix_1297428070131435744,456,EnthalpyOfMixing,<Substance CCOc1ccccc1{solv}{x=0.516900}|OCCCc1ccccc1{solv}{x=0.483100}>,CCOc1ccccc1,OCCCc1ccccc1,Protein-Null-0.0.3-4-mer-AAQAA3-1E3-2-OPC3_opc3,1,1.0068856042374392,0.0438529510124369,0.989,0.0106
457,457,dens_1659818614169719187,457,Density,<Substance CCOc1ccccc1{solv}{x=0.216400}|OCCCc1ccccc1{solv}{x=0.783600}>,CCOc1ccccc1,OCCCc1ccccc1,Protein-Null-0.0.3-4-mer-AAQAA3-1E3-2-OPC3_opc3,1,0.9752548971720364,0.0002956636269922,0.9832000000000004,0.00026
458,458,dhmix_2058966624473104004,458,EnthalpyOfMixing,<Substance CCOc1ccccc1{solv}{x=0.262900}|OCCCc1ccccc1{solv}{x=0.737100}>,CCOc1ccccc1,OCCCc1ccccc1,Protein-Null-0.0.3-4-mer-AAQAA3-1E3-2-OPC3_opc3,1,0.6074193488504278,0.0545112914610636,0.7,0.00755
459,459,dhmix_224977805525763267,459,EnthalpyOfMixing,<Substance OCCO{solv}{x=0.519300}|O{solv}{x=0.480700}>,O,OCCO,Protein-Null-0.0.3-4-mer-AAQAA3-1E3-2-OPC3_opc3,1,-0.1095495039683334,0.0299422467685494,-0.64,0.0035
460,460,dhmix_454389511592218960,460,EnthalpyOfMixing,<Substance OCCO{solv}{x=0.790900}|O{solv}{x=0.209100}>,O,OCCO,Protein-Null-0.0.3-4-mer-AAQAA3-1E3-2-OPC3_opc3,1,0.0671410981021587,0.034968789417917,-0.347,0.0025
461,461,dens_624011570206871166,461,Density,<Substance OCCO{solv}{x=0.500560}|O{solv}{x=0.499440}>,O,OCCO,Protein-Null-0.0.3-4-mer-AAQAA3-1E3-2-OPC3_opc3,1,1.0962772887539711,0.0004030292898983,1.0923200000000002,0.0005
462,462,dhmix_997365299263661959,462,EnthalpyOfMixing,<Substance OCCO{solv}{x=0.205100}|O{solv}{x=0.794900}>,O,OCCO,Protein-Null-0.0.3-4-mer-AAQAA3-1E3-2-OPC3_opc3,1,0.1252201654728395,0.0280490077112544,-0.681,0.004
463,463,dens_1521229282261002740,463,Density,<Substance OCCO{solv}{x=0.299010}|O{solv}{x=0.700990}>,O,OCCO,Protein-Null-0.0.3-4-mer-AAQAA3-1E3-2-OPC3_opc3,1,1.0743359313435554,0.000347675773405,1.0735400000000002,0.0005
464,464,dens_2015496231826454735,464,Density,<Substance OCCO{solv}{x=0.706260}|O{solv}{x=0.293740}>,O,OCCO,Protein-Null-0.0.3-4-mer-AAQAA3-1E3-2-OPC3_opc3,1,1.1097774049713134,0.0003653669325504,1.1022400000000003,0.0005
465,465,dhmix_230261418136264651,465,EnthalpyOfMixing,<Substance CCCCOC(C)=O{solv}{x=0.700700}|CCOC(C)=O{solv}{x=0.299300}>,CCCCOC(C)=O,CCOC(C)=O,Protein-Null-0.0.3-4-mer-AAQAA3-1E3-2-OPC3_opc3,1,0.105778201290601,0.046102846419253,0.0594,0.001
466,466,dhmix_287092636460772443,466,EnthalpyOfMixing,<Substance CCCCOC(C)=O{solv}{x=0.501800}|CCOC(C)=O{solv}{x=0.498200}>,CCCCOC(C)=O,CCOC(C)=O,Protein-Null-0.0.3-4-mer-AAQAA3-1E3-2-OPC3_opc3,1,0.1295307012825048,0.0410179563362966,0.076,0.0012
467,467,dens_436289636626232396,467,Density,<Substance CCCCOC(C)=O{solv}{x=0.501800}|CCOC(C)=O{solv}{x=0.498200}>,CCCCOC(C)=O,CCOC(C)=O,Protein-Null-0.0.3-4-mer-AAQAA3-1E3-2-OPC3_opc3,1,0.8907488171567294,0.000191420452734,0.8829000000000002,0.0002
468,468,dens_1739528506032569134,468,Density,<Substance CCCCOC(C)=O{solv}{x=0.201200}|CCOC(C)=O{solv}{x=0.798800}>,CCCCOC(C)=O,CCOC(C)=O,Protein-Null-0.0.3-4-mer-AAQAA3-1E3-2-OPC3_opc3,1,0.8994387029856247,0.0002388549631693,0.8889000000000001,0.0002
469,469,dhmix_1951544232160779982,469,EnthalpyOfMixing,<Substance CCCCOC(C)=O{solv}{x=0.201200}|CCOC(C)=O{solv}{x=0.798800}>,CCCCOC(C)=O,CCOC(C)=O,Protein-Null-0.0.3-4-mer-AAQAA3-1E3-2-OPC3_opc3,1,0.0354992422965949,0.0417597016872482,0.0524,0.0009
470,470,dens_2199004103648094822,470,Density,<Substance CCCCOC(C)=O{solv}{x=0.700700}|CCOC(C)=O{solv}{x=0.299300}>,CCCCOC(C)=O,CCOC(C)=O,Protein-Null-0.0.3-4-mer-AAQAA3-1E3-2-OPC3_opc3,1,0.8859195194842768,0.0002504997640645,0.8797000000000003,0.0002
471,471,dens_230610561971140401,471,Density,<Substance CN(C)CCO{solv}{x=0.507700}|O{solv}{x=0.492300}>,CN(C)CCO,O,Protein-Null-0.0.3-4-mer-AAQAA3-1E3-2-OPC3_opc3,1,0.9352248154064232,0.0004145762701301,0.9237220000000002,0.000504
472,472,dens_531222131704065782,472,Density,<Substance CN(C)CCO{solv}{x=0.765200}|O{solv}{x=0.234800}>,CN(C)CCO,O,Protein-Null-0.0.3-4-mer-AAQAA3-1E3-2-OPC3_opc3,1,0.9121900262400688,0.0002288111778302,0.8989030000000002,0.0005805
473,473,dhmix_569544738684419327,473,EnthalpyOfMixing,<Substance CN(C)CCO{solv}{x=0.536500}|O{solv}{x=0.463500}>,CN(C)CCO,O,Protein-Null-0.0.3-4-mer-AAQAA3-1E3-2-OPC3_opc3,1,-2.795720481088551,0.0396258880833731,-2.575,0.0525
474,474,dens_1319192913326669904,474,Density,<Substance CN(C)CCO{solv}{x=0.264330}|O{solv}{x=0.735670}>,CN(C)CCO,O,Protein-Null-0.0.3-4-mer-AAQAA3-1E3-2-OPC3_opc3,1,0.9568757498884922,0.0003267239828104,0.9590000000000002,0.0029
475,475,dhmix_1669606825693628140,475,EnthalpyOfMixing,<Substance CN(C)CCO{solv}{x=0.205200}|O{solv}{x=0.794800}>,CN(C)CCO,O,Protein-Null-0.0.3-4-mer-AAQAA3-1E3-2-OPC3_opc3,1,-2.015333974778125,0.0359524195041097,-2.587,0.0525
476,476,dhmix_1723343163215510297,476,EnthalpyOfMixing,<Substance CN(C)CCO{solv}{x=0.799600}|O{solv}{x=0.200400}>,CN(C)CCO,O,Protein-Null-0.0.3-4-mer-AAQAA3-1E3-2-OPC3_opc3,1,-1.337441906691737,0.0506471535913564,-1.247,0.0255
477,477,dens_233554406241639981,477,Density,<Substance CC(C)CC(C)(C)C{solv}{x=0.200000}|CCCCOCCCC{solv}{x=0.800000}>,CC(C)CC(C)(C)C,CCCCOCCCC,Protein-Null-0.0.3-4-mer-AAQAA3-1E3-2-OPC3_opc3,1,0.7476017156176862,0.0001556545568795,0.7497500000000001,0.00017
478,478,dhmix_465541682585001245,478,EnthalpyOfMixing,<Substance CC(C)CC(C)(C)C{solv}{x=0.200400}|CCCCOCCCC{solv}{x=0.799600}>,CC(C)CC(C)(C)C,CCCCOCCCC,Protein-Null-0.0.3-4-mer-AAQAA3-1E3-2-OPC3_opc3,1,0.1522363044591088,0.0581956509566866,0.07397,0.00099
479,479,dhmix_1505777056782392294,479,EnthalpyOfMixing,<Substance CC(C)CC(C)(C)C{solv}{x=0.400400}|CCCCOCCCC{solv}{x=0.599600}>,CC(C)CC(C)(C)C,CCCCOCCCC,Protein-Null-0.0.3-4-mer-AAQAA3-1E3-2-OPC3_opc3,1,0.2872661801839626,0.053405450293834,0.11538,0.001385
480,480,dhmix_1595104467389948583,480,EnthalpyOfMixing,<Substance CC(C)CC(C)(C)C{solv}{x=0.700500}|CCCCOCCCC{solv}{x=0.299500}>,CC(C)CC(C)(C)C,CCCCOCCCC,Protein-Null-0.0.3-4-mer-AAQAA3-1E3-2-OPC3_opc3,1,0.1999967718226116,0.0533817597061011,0.10948,0.00133
481,481,dens_1672861274914038509,481,Density,<Substance CC(C)CC(C)(C)C{solv}{x=0.399700}|CCCCOCCCC{solv}{x=0.600300}>,CC(C)CC(C)(C)C,CCCCOCCCC,Protein-Null-0.0.3-4-mer-AAQAA3-1E3-2-OPC3_opc3,1,0.7371183651442327,0.0002046244441226,0.7348100000000001,0.000175
482,482,dens_1954694146948787176,482,Density,<Substance CC(C)CC(C)(C)C{solv}{x=0.700000}|CCCCOCCCC{solv}{x=0.300000}>,CC(C)CC(C)(C)C,CCCCOCCCC,Protein-Null-0.0.3-4-mer-AAQAA3-1E3-2-OPC3_opc3,1,0.7216583522647091,0.0001983136245989,0.7117300000000002,0.000185
483,483,dens_234746850701826990,483,Density,<Substance CC#N{solv}{x=0.700000}|CCCCCO{solv}{x=0.300000}>,CC#N,CCCCCO,Protein-Null-0.0.3-4-mer-AAQAA3-1E3-2-OPC3_opc3,1,0.7964068719245614,0.0002708978499891,0.7924200000000001,0.000165
484,484,dens_1261543146081029601,484,Density,<Substance CC#N{solv}{x=0.500300}|CCCCCO{solv}{x=0.499700}>,CC#N,CCCCCO,Protein-Null-0.0.3-4-mer-AAQAA3-1E3-2-OPC3_opc3,1,0.802092131597196,0.0002245066097968,0.7996400000000001,0.000185
485,485,dens_1462197010819319813,485,Density,<Substance CC#N{solv}{x=0.203100}|CCCCCO{solv}{x=0.796900}>,CC#N,CCCCCO,Protein-Null-0.0.3-4-mer-AAQAA3-1E3-2-OPC3_opc3,1,0.8087694884984892,0.0002309080738292,0.8090600000000001,0.00022
486,486,dhmix_1595997756227951615,486,EnthalpyOfMixing,<Substance CC#N{solv}{x=0.235500}|CCCCCO{solv}{x=0.764500}>,CC#N,CCCCCO,Protein-Null-0.0.3-4-mer-AAQAA3-1E3-2-OPC3_opc3,1,1.5174862998003815,0.0486858658342286,1.451,0.006
487,487,dhmix_1745037615762894827,487,EnthalpyOfMixing,<Substance CC#N{solv}{x=0.516700}|CCCCCO{solv}{x=0.483300}>,CC#N,CCCCCO,Protein-Null-0.0.3-4-mer-AAQAA3-1E3-2-OPC3_opc3,1,2.1054769969722553,0.0363586942590806,2.017,0.008
488,488,dhmix_2294048253872291609,488,EnthalpyOfMixing,<Substance CC#N{solv}{x=0.771100}|CCCCCO{solv}{x=0.228900}>,CC#N,CCCCCO,Protein-Null-0.0.3-4-mer-AAQAA3-1E3-2-OPC3_opc3,1,1.7339317649224704,0.0282987069327647,1.656,0.007
489,489,dens_237912652331354824,489,Density,<Substance C1COCCO1{solv}{x=0.512200}|CCCC(C)=O{solv}{x=0.487800}>,C1COCCO1,CCCC(C)=O,Protein-Null-0.0.3-4-mer-AAQAA3-1E3-2-OPC3_opc3,1,0.8963594482352387,0.0002266662203863,0.90478,0.00023
490,490,dhmix_951401191616771155,490,EnthalpyOfMixing,<Substance C1COCCO1{solv}{x=0.750000}|CCCC(C)=O{solv}{x=0.250000}>,C1COCCO1,CCCC(C)=O,Protein-Null-0.0.3-4-mer-AAQAA3-1E3-2-OPC3_opc3,1,0.2899872825600482,0.0444619834012581,0.23761,0.00135
491,491,dens_1815088975543208186,491,Density,<Substance C1COCCO1{solv}{x=0.225400}|CCCC(C)=O{solv}{x=0.774600}>,C1COCCO1,CCCC(C)=O,Protein-Null-0.0.3-4-mer-AAQAA3-1E3-2-OPC3_opc3,1,0.8307697245674271,0.0002358766445305,0.8442800000000001,0.00022
492,492,dens_2079717107234551519,492,Density,<Substance C1COCCO1{solv}{x=0.782300}|CCCC(C)=O{solv}{x=0.217700}>,C1COCCO1,CCCC(C)=O,Protein-Null-0.0.3-4-mer-AAQAA3-1E3-2-OPC3_opc3,1,0.9668307557893944,0.0002518301900142,0.9692000000000004,0.000245
493,493,dhmix_2166059870593139530,493,EnthalpyOfMixing,<Substance C1COCCO1{solv}{x=0.500000}|CCCC(C)=O{solv}{x=0.500000}>,C1COCCO1,CCCC(C)=O,Protein-Null-0.0.3-4-mer-AAQAA3-1E3-2-OPC3_opc3,1,0.2764833735887606,0.0424560890244863,0.26523,0.001455
494,494,dhmix_2196150660196365471,494,EnthalpyOfMixing,<Substance C1COCCO1{solv}{x=0.250000}|CCCC(C)=O{solv}{x=0.750000}>,C1COCCO1,CCCC(C)=O,Protein-Null-0.0.3-4-mer-AAQAA3-1E3-2-OPC3_opc3,1,0.1591837668492814,0.0404124157057332,0.1704,0.001085
495,495,dhmix_243334109655928306,495,EnthalpyOfMixing,<Substance C1CCOCC1{solv}{x=0.783200}|c1ccccc1{solv}{x=0.216800}>,C1CCOCC1,c1ccccc1,Protein-Null-0.0.3-4-mer-AAQAA3-1E3-2-OPC3_opc3,1,0.0108737837037438,0.0354035950732939,-0.1399,0.00165
496,496,dens_257753427541292519,496,Density,<Substance C1CCOCC1{solv}{x=0.479400}|c1ccccc1{solv}{x=0.520600}>,C1CCOCC1,c1ccccc1,Protein-Null-0.0.3-4-mer-AAQAA3-1E3-2-OPC3_opc3,1,0.866875523365857,0.0002477280731515,0.8778700000000003,0.000505
497,497,dhmix_604341867718608333,497,EnthalpyOfMixing,<Substance C1CCOCC1{solv}{x=0.242500}|c1ccccc1{solv}{x=0.757500}>,C1CCOCC1,c1ccccc1,Protein-Null-0.0.3-4-mer-AAQAA3-1E3-2-OPC3_opc3,1,0.0140474645854027,0.0398744444431992,-0.1608,0.00185
498,498,dens_791001710124267373,498,Density,<Substance C1CCOCC1{solv}{x=0.223900}|c1ccccc1{solv}{x=0.776100}>,C1CCOCC1,c1ccccc1,Protein-Null-0.0.3-4-mer-AAQAA3-1E3-2-OPC3_opc3,1,0.8655429075510874,0.0002622079582444,0.8761000000000002,0.0005
499,499,dens_1402061243325720407,499,Density,<Substance C1CCOCC1{solv}{x=0.743200}|c1ccccc1{solv}{x=0.256800}>,C1CCOCC1,c1ccccc1,Protein-Null-0.0.3-4-mer-AAQAA3-1E3-2-OPC3_opc3,1,0.8689158295563323,0.0002495533208139,0.8789500000000002,0.000505
500,500,dhmix_1407142629314355761,500,EnthalpyOfMixing,<Substance C1CCOCC1{solv}{x=0.498200}|c1ccccc1{solv}{x=0.501800}>,C1CCOCC1,c1ccccc1,Protein-Null-0.0.3-4-mer-AAQAA3-1E3-2-OPC3_opc3,1,-0.0294356024597277,0.0426295789071377,-0.2365,0.00265
501,501,dhmix_266800455813556356,501,EnthalpyOfMixing,<Substance CO{solv}{x=0.727200}|OCc1ccccc1{solv}{x=0.272800}>,CO,OCc1ccccc1,Protein-Null-0.0.3-4-mer-AAQAA3-1E3-2-OPC3_opc3,1,-0.0850080908753696,0.032924265862434,-0.0792,0.001
502,502,dhmix_949671607207910651,502,EnthalpyOfMixing,<Substance CO{solv}{x=0.500500}|OCc1ccccc1{solv}{x=0.499500}>,CO,OCc1ccccc1,Protein-Null-0.0.3-4-mer-AAQAA3-1E3-2-OPC3_opc3,1,-0.1359684245753847,0.0369924625314695,-0.1408,0.00165
503,503,dhmix_1388744759732522219,503,EnthalpyOfMixing,<Substance CO{solv}{x=0.200200}|OCc1ccccc1{solv}{x=0.799800}>,CO,OCc1ccccc1,Protein-Null-0.0.3-4-mer-AAQAA3-1E3-2-OPC3_opc3,1,-0.1855410191742379,0.035486503986975,-0.1081,0.0013
504,504,dens_270046772857960816,504,Density,<Substance C1CCOCC1{solv}{x=0.732100}|Cc1ccccc1{solv}{x=0.267900}>,C1CCOCC1,Cc1ccccc1,Protein-Null-0.0.3-4-mer-AAQAA3-1E3-2-OPC3_opc3,1,0.8641645956160212,0.0002612428976986,0.8754100000000001,0.000505
505,505,dens_324774743687652276,505,Density,<Substance C1CCOCC1{solv}{x=0.238700}|Cc1ccccc1{solv}{x=0.761300}>,C1CCOCC1,Cc1ccccc1,Protein-Null-0.0.3-4-mer-AAQAA3-1E3-2-OPC3_opc3,1,0.8545743583715384,0.0002309358175497,0.8669900000000003,0.000505
506,506,dhmix_390107187187002597,506,EnthalpyOfMixing,<Substance C1CCOCC1{solv}{x=0.531900}|Cc1ccccc1{solv}{x=0.468100}>,C1CCOCC1,Cc1ccccc1,Protein-Null-0.0.3-4-mer-AAQAA3-1E3-2-OPC3_opc3,1,-0.1061691176649048,0.0386472593922098,-0.2225,0.0025
507,507,dhmix_1070320975529400325,507,EnthalpyOfMixing,<Substance C1CCOCC1{solv}{x=0.280600}|Cc1ccccc1{solv}{x=0.719400}>,C1CCOCC1,Cc1ccccc1,Protein-Null-0.0.3-4-mer-AAQAA3-1E3-2-OPC3_opc3,1,-0.0445823369017546,0.0420470421371809,-0.1687,0.00195
508,508,dens_1397318239527979287,508,Density,<Substance C1CCOCC1{solv}{x=0.491500}|Cc1ccccc1{solv}{x=0.508500}>,C1CCOCC1,Cc1ccccc1,Protein-Null-0.0.3-4-mer-AAQAA3-1E3-2-OPC3_opc3,1,0.8591993787509815,0.0002811354568562,0.8715100000000002,0.000505
509,509,dhmix_1508130989501940613,509,EnthalpyOfMixing,<Substance C1CCOCC1{solv}{x=0.741300}|Cc1ccccc1{solv}{x=0.258700}>,C1CCOCC1,Cc1ccccc1,Protein-Null-0.0.3-4-mer-AAQAA3-1E3-2-OPC3_opc3,1,-0.1116060703264025,0.0361940016030473,-0.1629,0.0019
510,510,dhmix_271732469428717581,510,EnthalpyOfMixing,<Substance COc1ccccc1{solv}{x=0.237400}|OCCCc1ccccc1{solv}{x=0.762600}>,COc1ccccc1,OCCCc1ccccc1,Protein-Null-0.0.3-4-mer-AAQAA3-1E3-2-OPC3_opc3,1,0.7775462192635132,0.062251615720772,0.6076,0.0066
511,511,dhmix_1174392275991455181,511,EnthalpyOfMixing,<Substance COc1ccccc1{solv}{x=0.554700}|OCCCc1ccccc1{solv}{x=0.445300}>,COc1ccccc1,OCCCc1ccccc1,Protein-Null-0.0.3-4-mer-AAQAA3-1E3-2-OPC3_opc3,1,0.6474266733554188,0.0435379350258374,1.0293,0.01105
512,512,dhmix_1179341622676685107,512,EnthalpyOfMixing,<Substance COc1ccccc1{solv}{x=0.713600}|OCCCc1ccccc1{solv}{x=0.286400}>,COc1ccccc1,OCCCc1ccccc1,Protein-Null-0.0.3-4-mer-AAQAA3-1E3-2-OPC3_opc3,1,1.1070364763990668,0.046042248363168,1.1088,0.0119
513,513,dens_1468428612899754720,513,Density,<Substance COc1ccccc1{solv}{x=0.747700}|OCCCc1ccccc1{solv}{x=0.252300}>,COc1ccccc1,OCCCc1ccccc1,Protein-Null-0.0.3-4-mer-AAQAA3-1E3-2-OPC3_opc3,1,0.9729292592937142,0.0001690644659034,0.9827800000000002,0.00026
514,514,dens_1534619098234859574,514,Density,<Substance COc1ccccc1{solv}{x=0.555100}|OCCCc1ccccc1{solv}{x=0.444900}>,COc1ccccc1,OCCCc1ccccc1,Protein-Null-0.0.3-4-mer-AAQAA3-1E3-2-OPC3_opc3,1,0.9761381978471492,0.0002119831995234,0.9852700000000002,0.00026
515,515,dens_2298154173340539222,515,Density,<Substance COc1ccccc1{solv}{x=0.263600}|OCCCc1ccccc1{solv}{x=0.736400}>,COc1ccccc1,OCCCc1ccccc1,Protein-Null-0.0.3-4-mer-AAQAA3-1E3-2-OPC3_opc3,1,0.9805441319093252,0.0001993918940969,0.9885500000000002,0.00026
516,516,dens_274848672468745759,516,Density,<Substance CCCCOC(C)=O{solv}{x=0.293400}|c1ccccc1{solv}{x=0.706600}>,CCCCOC(C)=O,c1ccccc1,Protein-Null-0.0.3-4-mer-AAQAA3-1E3-2-OPC3_opc3,1,0.8693886736297471,0.0002455561652012,0.8736600000000002,0.00021
517,517,dens_493354132810710227,517,Density,<Substance CCCCOC(C)=O{solv}{x=0.710500}|c1ccccc1{solv}{x=0.289500}>,CCCCOC(C)=O,c1ccccc1,Protein-Null-0.0.3-4-mer-AAQAA3-1E3-2-OPC3_opc3,1,0.8765596688307183,0.0002260722125223,0.8751500000000002,0.000335
518,518,dhmix_754807126845437364,518,EnthalpyOfMixing,<Substance CCCCOC(C)=O{solv}{x=0.495800}|c1ccccc1{solv}{x=0.504200}>,CCCCOC(C)=O,c1ccccc1,Protein-Null-0.0.3-4-mer-AAQAA3-1E3-2-OPC3_opc3,1,-0.0780064522389452,0.0401334109818343,-0.0245,0.001
519,519,dens_834118541551127044,519,Density,<Substance CCCCOC(C)=O{solv}{x=0.504400}|c1ccccc1{solv}{x=0.495600}>,CCCCOC(C)=O,c1ccccc1,Protein-Null-0.0.3-4-mer-AAQAA3-1E3-2-OPC3_opc3,1,0.8729626538604037,0.0002627183319485,0.8744300000000002,0.000265
520,520,dhmix_1349932525480083284,520,EnthalpyOfMixing,<Substance CCCCOC(C)=O{solv}{x=0.252300}|c1ccccc1{solv}{x=0.747700}>,CCCCOC(C)=O,c1ccccc1,Protein-Null-0.0.3-4-mer-AAQAA3-1E3-2-OPC3_opc3,1,-0.1705274216112684,0.0439261625235104,-0.014,0.0009
521,521,dhmix_1597992980658352112,521,EnthalpyOfMixing,<Substance CCCCOC(C)=O{solv}{x=0.771400}|c1ccccc1{solv}{x=0.228600}>,CCCCOC(C)=O,c1ccccc1,Protein-Null-0.0.3-4-mer-AAQAA3-1E3-2-OPC3_opc3,1,-0.0847322028401009,0.0527890965766668,-0.0245,0.001
522,522,dens_275501958869207518,522,Density,<Substance C1CCOCC1{solv}{x=0.226300}|Cc1ccccc1Cl{solv}{x=0.773700}>,C1CCOCC1,Cc1ccccc1Cl,Protein-Null-0.0.3-4-mer-AAQAA3-1E3-2-OPC3_opc3,1,1.0332093335043773,0.0002454065046868,1.0396,0.0005
523,523,dhmix_818597523255588519,523,EnthalpyOfMixing,<Substance C1CCOCC1{solv}{x=0.753300}|Cc1ccccc1Cl{solv}{x=0.246700}>,C1CCOCC1,Cc1ccccc1Cl,Protein-Null-0.0.3-4-mer-AAQAA3-1E3-2-OPC3_opc3,1,-0.2201944923255894,0.0379828000419282,-0.154,0.001
524,524,dhmix_849121557716978550,524,EnthalpyOfMixing,<Substance C1CCOCC1{solv}{x=0.517500}|Cc1ccccc1Cl{solv}{x=0.482500}>,C1CCOCC1,Cc1ccccc1Cl,Protein-Null-0.0.3-4-mer-AAQAA3-1E3-2-OPC3_opc3,1,-0.2725597059407363,0.0387597990206943,-0.22,0.0015
525,525,dens_946978292781731327,525,Density,<Substance C1CCOCC1{solv}{x=0.478400}|Cc1ccccc1Cl{solv}{x=0.521600}>,C1CCOCC1,Cc1ccccc1Cl,Protein-Null-0.0.3-4-mer-AAQAA3-1E3-2-OPC3_opc3,1,0.9858881361414572,0.0002520037064078,0.9931600000000002,0.00051
526,526,dhmix_997266220336132741,526,EnthalpyOfMixing,<Substance C1CCOCC1{solv}{x=0.263200}|Cc1ccccc1Cl{solv}{x=0.736800}>,C1CCOCC1,Cc1ccccc1Cl,Protein-Null-0.0.3-4-mer-AAQAA3-1E3-2-OPC3_opc3,1,-0.2324981523924663,0.0451713896617102,-0.175,0.001
527,527,dens_1191185394819541532,527,Density,<Substance C1CCOCC1{solv}{x=0.765800}|Cc1ccccc1Cl{solv}{x=0.234200}>,C1CCOCC1,Cc1ccccc1Cl,Protein-Null-0.0.3-4-mer-AAQAA3-1E3-2-OPC3_opc3,1,0.9246606758844272,0.0002495581274548,0.9336500000000002,0.000505
528,528,dhmix_278334692660393021,528,EnthalpyOfMixing,<Substance CCCCCCC{solv}{x=0.205900}|CNc1ccccc1{solv}{x=0.794100}>,CCCCCCC,CNc1ccccc1,Protein-Null-0.0.3-4-mer-AAQAA3-1E3-2-OPC3_opc3,1,1.5454233996625035,0.044326734821104,1.126,0.012
529,529,dens_480658478095207102,529,Density,<Substance CCCCCCC{solv}{x=0.740500}|CNc1ccccc1{solv}{x=0.259500}>,CCCCCCC,CNc1ccccc1,Protein-Null-0.0.3-4-mer-AAQAA3-1E3-2-OPC3_opc3,1,0.7331622628761021,0.0002074179284261,0.7424910000000001,0.00014
530,530,dhmix_898293423987680187,530,EnthalpyOfMixing,<Substance CCCCCCC{solv}{x=0.501700}|CNc1ccccc1{solv}{x=0.498300}>,CCCCCCC,CNc1ccccc1,Protein-Null-0.0.3-4-mer-AAQAA3-1E3-2-OPC3_opc3,1,2.1414608508318764,0.0465554763346272,1.676,0.018
531,531,dens_1509968737377061562,531,Density,<Substance CCCCCCC{solv}{x=0.250900}|CNc1ccccc1{solv}{x=0.749100}>,CCCCCCC,CNc1ccccc1,Protein-Null-0.0.3-4-mer-AAQAA3-1E3-2-OPC3_opc3,1,0.892713093436864,0.0002188692857707,0.8897150000000003,0.0002615
532,532,dhmix_1680546488782143957,532,EnthalpyOfMixing,<Substance CCCCCCC{solv}{x=0.703200}|CNc1ccccc1{solv}{x=0.296800}>,CCCCCCC,CNc1ccccc1,Protein-Null-0.0.3-4-mer-AAQAA3-1E3-2-OPC3_opc3,1,1.7211971330979594,0.0533587151624939,1.539,0.0165
533,533,dens_2074014246120135820,533,Density,<Substance CCCCCCC{solv}{x=0.497000}|CNc1ccccc1{solv}{x=0.503000}>,CCCCCCC,CNc1ccccc1,Protein-Null-0.0.3-4-mer-AAQAA3-1E3-2-OPC3_opc3,1,0.8064516997228951,0.0001917826698818,0.8106920000000002,0.0001785
534,534,dens_296890921001565391,534,Density,<Substance CCCCN{solv}{x=0.755200}|CN(C)C=O{solv}{x=0.244800}>,CCCCN,CN(C)C=O,Protein-Null-0.0.3-4-mer-AAQAA3-1E3-2-OPC3_opc3,1,0.7945532863475201,0.0002428178851187,0.7762150000000002,0.000949
535,535,dens_380536870617309130,535,Density,<Substance CCCCN{solv}{x=0.242800}|CN(C)C=O{solv}{x=0.757200}>,CCCCN,CN(C)C=O,Protein-Null-0.0.3-4-mer-AAQAA3-1E3-2-OPC3_opc3,1,0.875768912064613,0.0002458175514499,0.8845160000000002,0.0010795
536,536,dhmix_493117160214491795,536,EnthalpyOfMixing,<Substance CCCCN{solv}{x=0.244100}|CN(C)C=O{solv}{x=0.755900}>,CCCCN,CN(C)C=O,Protein-Null-0.0.3-4-mer-AAQAA3-1E3-2-OPC3_opc3,1,0.2569104738095262,0.0391675381823921,0.245,0.008
537,537,dhmix_789225002934078019,537,EnthalpyOfMixing,<Substance CCCCN{solv}{x=0.750200}|CN(C)C=O{solv}{x=0.249800}>,CCCCN,CN(C)C=O,Protein-Null-0.0.3-4-mer-AAQAA3-1E3-2-OPC3_opc3,1,0.3388951972389478,0.0419542811433609,0.32,0.01
538,538,dhmix_941321571782058819,538,EnthalpyOfMixing,<Substance CCCCN{solv}{x=0.499200}|CN(C)C=O{solv}{x=0.500800}>,CCCCN,CN(C)C=O,Protein-Null-0.0.3-4-mer-AAQAA3-1E3-2-OPC3_opc3,1,0.3543887598942419,0.0393619561072948,0.384,0.0115
539,539,dens_2179361372918836941,539,Density,<Substance CCCCN{solv}{x=0.497200}|CN(C)C=O{solv}{x=0.502800}>,CCCCN,CN(C)C=O,Protein-Null-0.0.3-4-mer-AAQAA3-1E3-2-OPC3_opc3,1,0.8343850785131008,0.0002134141010998,0.8277360000000001,0.001011
540,540,dens_300257448272323407,540,Density,<Substance CC(C)O{solv}{x=0.745200}|NCCN{solv}{x=0.254800}>,CC(C)O,NCCN,Protein-Null-0.0.3-4-mer-AAQAA3-1E3-2-OPC3_opc3,1,0.8495757527665978,0.0003407072269285,0.8163970000000003,0.0002325
541,541,dens_924750366683277351,541,Density,<Substance CC(C)O{solv}{x=0.203100}|NCCN{solv}{x=0.796900}>,CC(C)O,NCCN,Protein-Null-0.0.3-4-mer-AAQAA3-1E3-2-OPC3_opc3,1,0.976927047825182,0.0002494945727854,0.8736620000000003,0.0002225
542,542,dens_2284409308160572308,542,Density,<Substance CC(C)O{solv}{x=0.489100}|NCCN{solv}{x=0.510900}>,CC(C)O,NCCN,Protein-Null-0.0.3-4-mer-AAQAA3-1E3-2-OPC3_opc3,1,0.905436329340562,0.0002568899463022,0.8449250000000001,0.0002245
543,543,dens_305501840068636812,543,Density,<Substance CC(C)=O{solv}{x=0.750000}|CCO{solv}{x=0.250000}>,CC(C)=O,CCO,Protein-Null-0.0.3-4-mer-AAQAA3-1E3-2-OPC3_opc3,1,0.7741096347678247,0.0003242727584513,0.7859000000000002,0.000115
544,544,dens_472577738907297293,544,Density,<Substance CC(C)=O{solv}{x=0.250000}|CCO{solv}{x=0.750000}>,CC(C)=O,CCO,Protein-Null-0.0.3-4-mer-AAQAA3-1E3-2-OPC3_opc3,1,0.7822918525186359,0.0003231517789984,0.7861600000000002,0.000115
545,545,dens_2271083741716457850,545,Density,<Substance CC(C)=O{solv}{x=0.499900}|CCO{solv}{x=0.500100}>,CC(C)=O,CCO,Protein-Null-0.0.3-4-mer-AAQAA3-1E3-2-OPC3_opc3,1,0.7769335424511632,0.0002971112934993,0.7861900000000003,0.000115
546,546,dens_307445163336341047,546,Density,<Substance CN1CCCC1=O{solv}{x=0.703700}|ClCCCl{solv}{x=0.296300}>,CN1CCCC1=O,ClCCCl,Protein-Null-0.0.3-4-mer-AAQAA3-1E3-2-OPC3_opc3,1,1.0624324430038876,0.0002596867020286,1.0851000000000002,0.0002
547,547,dhmix_453866769634566853,547,EnthalpyOfMixing,<Substance CN1CCCC1=O{solv}{x=0.253100}|ClCCCl{solv}{x=0.746900}>,CN1CCCC1=O,ClCCCl,Protein-Null-0.0.3-4-mer-AAQAA3-1E3-2-OPC3_opc3,1,-0.1154550588387586,0.0357094797417313,-0.8118,0.01525
548,548,dhmix_536206650470008584,548,EnthalpyOfMixing,<Substance CN1CCCC1=O{solv}{x=0.500000}|ClCCCl{solv}{x=0.500000}>,CN1CCCC1=O,ClCCCl,Protein-Null-0.0.3-4-mer-AAQAA3-1E3-2-OPC3_opc3,1,-0.0591942598442116,0.0386749204280833,-1.264,0.0055
549,549,dens_1046625605566999080,549,Density,<Substance CN1CCCC1=O{solv}{x=0.202500}|ClCCCl{solv}{x=0.797500}>,CN1CCCC1=O,ClCCCl,Protein-Null-0.0.3-4-mer-AAQAA3-1E3-2-OPC3_opc3,1,1.164575250489475,0.0003959024529871,1.1953000000000005,0.00025
550,550,dhmix_1620571823529677157,550,EnthalpyOfMixing,<Substance CN1CCCC1=O{solv}{x=0.736700}|ClCCCl{solv}{x=0.263300}>,CN1CCCC1=O,ClCCCl,Protein-Null-0.0.3-4-mer-AAQAA3-1E3-2-OPC3_opc3,1,-0.0844605281342332,0.0388458848270246,-0.8587,0.01605
551,551,dens_2059567022041766694,551,Density,<Substance CN1CCCC1=O{solv}{x=0.497500}|ClCCCl{solv}{x=0.502500}>,CN1CCCC1=O,ClCCCl,Protein-Null-0.0.3-4-mer-AAQAA3-1E3-2-OPC3_opc3,1,1.1053923760635858,0.0002874654130754,1.1283000000000003,0.0002
552,552,dens_313234519309892479,552,Density,<Substance CC(=O)N(C)C{solv}{x=0.293800}|CCCCCCCCCl{solv}{x=0.706200}>,CC(=O)N(C)C,CCCCCCCCCl,Protein-Null-0.0.3-4-mer-AAQAA3-1E3-2-OPC3_opc3,1,0.8666569786767113,0.0002011561343111,0.8796000000000003,0.00045
553,553,dhmix_444785917463403590,553,EnthalpyOfMixing,<Substance CC(=O)N(C)C{solv}{x=0.703000}|CCCCCCCCCl{solv}{x=0.297000}>,CC(=O)N(C)C,CCCCCCCCCl,Protein-Null-0.0.3-4-mer-AAQAA3-1E3-2-OPC3_opc3,1,0.9052687489413174,0.0457078378747751,0.751,0.004
554,554,dhmix_705168937124106402,554,EnthalpyOfMixing,<Substance CC(=O)N(C)C{solv}{x=0.215000}|CCCCCCCCCl{solv}{x=0.785000}>,CC(=O)N(C)C,CCCCCCCCCl,Protein-Null-0.0.3-4-mer-AAQAA3-1E3-2-OPC3_opc3,1,0.7054931028075231,0.0424664334648112,0.519,0.0035
555,555,dens_1549584991651515376,555,Density,<Substance CC(=O)N(C)C{solv}{x=0.502200}|CCCCCCCCCl{solv}{x=0.497800}>,CC(=O)N(C)C,CCCCCCCCCl,Protein-Null-0.0.3-4-mer-AAQAA3-1E3-2-OPC3_opc3,1,0.8741369889871078,0.0002093298210485,0.8902000000000002,0.0004
556,556,dhmix_1732161251827083272,556,EnthalpyOfMixing,<Substance CC(=O)N(C)C{solv}{x=0.508000}|CCCCCCCCCl{solv}{x=0.492000}>,CC(=O)N(C)C,CCCCCCCCCl,Protein-Null-0.0.3-4-mer-AAQAA3-1E3-2-OPC3_opc3,1,1.1504630397493545,0.042718038708957,0.829,0.004
557,557,dens_2189889607118243828,557,Density,<Substance CC(=O)N(C)C{solv}{x=0.700500}|CCCCCCCCCl{solv}{x=0.299500}>,CC(=O)N(C)C,CCCCCCCCCl,Protein-Null-0.0.3-4-mer-AAQAA3-1E3-2-OPC3_opc3,1,0.8814669736085526,0.0001877025895993,0.9041000000000002,0.00035
558,558,dens_314482396827660717,558,Density,<Substance BrCCBr{solv}{x=0.753700}|COC(C)=O{solv}{x=0.246300}>,BrCCBr,COC(C)=O,Protein-Null-0.0.3-4-mer-AAQAA3-1E3-2-OPC3_opc3,1,1.8337329736549264,0.0005883887506573,1.8774400000000004,0.003355
559,559,dens_344993892965738820,559,Density,<Substance BrCCBr{solv}{x=0.275200}|COC(C)=O{solv}{x=0.724800}>,BrCCBr,COC(C)=O,Protein-Null-0.0.3-4-mer-AAQAA3-1E3-2-OPC3_opc3,1,1.278805883321699,0.0003854331222158,1.2862400000000005,0.001125
560,560,dhmix_545996968666061076,560,EnthalpyOfMixing,<Substance BrCCBr{solv}{x=0.720900}|COC(C)=O{solv}{x=0.279100}>,BrCCBr,COC(C)=O,Protein-Null-0.0.3-4-mer-AAQAA3-1E3-2-OPC3_opc3,1,-0.0417065116104247,0.0297987175486049,0.2594,0.0028
561,561,dens_714044009336077786,561,Density,<Substance BrCCBr{solv}{x=0.512100}|COC(C)=O{solv}{x=0.487900}>,BrCCBr,COC(C)=O,Protein-Null-0.0.3-4-mer-AAQAA3-1E3-2-OPC3_opc3,1,1.561227403914606,0.0005390448171098,1.5834900000000005,0.0021
562,562,dhmix_1222511035002547253,562,EnthalpyOfMixing,<Substance BrCCBr{solv}{x=0.485500}|COC(C)=O{solv}{x=0.514500}>,BrCCBr,COC(C)=O,Protein-Null-0.0.3-4-mer-AAQAA3-1E3-2-OPC3_opc3,1,0.0222104895984998,0.0335363187441589,0.2577,0.00275
563,563,dhmix_1418101673429653456,563,EnthalpyOfMixing,<Substance BrCCBr{solv}{x=0.250800}|COC(C)=O{solv}{x=0.749200}>,BrCCBr,COC(C)=O,Protein-Null-0.0.3-4-mer-AAQAA3-1E3-2-OPC3_opc3,1,-0.0486984786758739,0.0282073746029409,0.1202,0.0017
564,564,dens_314934747194338330,564,Density,<Substance CC(C)CCl{solv}{x=0.513700}|CC(C)OC(C)C{solv}{x=0.486300}>,CC(C)CCl,CC(C)OC(C)C,Protein-Null-0.0.3-4-mer-AAQAA3-1E3-2-OPC3_opc3,1,0.7931276780336828,0.0002750886660056,0.7878250000000002,0.000405
565,565,dhmix_355399496844187096,565,EnthalpyOfMixing,<Substance CC(C)CCl{solv}{x=0.545300}|CC(C)OC(C)C{solv}{x=0.454700}>,CC(C)CCl,CC(C)OC(C)C,Protein-Null-0.0.3-4-mer-AAQAA3-1E3-2-OPC3_opc3,1,-0.1610882577947308,0.0408546063660516,-0.0957,0.0012
566,566,dens_688062365117407068,566,Density,<Substance CC(C)CCl{solv}{x=0.805900}|CC(C)OC(C)C{solv}{x=0.194100}>,CC(C)CCl,CC(C)OC(C)C,Protein-Null-0.0.3-4-mer-AAQAA3-1E3-2-OPC3_opc3,1,0.8318636353539882,0.0003091211136561,0.8355300000000002,0.0003555
567,567,dhmix_1411881046585885461,567,EnthalpyOfMixing,<Substance CC(C)CCl{solv}{x=0.090700}|CC(C)OC(C)C{solv}{x=0.909300}>,CC(C)CCl,CC(C)OC(C)C,Protein-Null-0.0.3-4-mer-AAQAA3-1E3-2-OPC3_opc3,1,-0.0502667885404406,0.0508614366099078,-0.0302,0.00055
568,568,dens_1762455266351712367,568,Density,<Substance CC(C)CCl{solv}{x=0.091000}|CC(C)OC(C)C{solv}{x=0.909000}>,CC(C)CCl,CC(C)OC(C)C,Protein-Null-0.0.3-4-mer-AAQAA3-1E3-2-OPC3_opc3,1,0.745778830652623,0.0002259163279623,0.7293950000000001,0.000464
569,569,dhmix_2302865667781063708,569,EnthalpyOfMixing,<Substance CC(C)CCl{solv}{x=0.727000}|CC(C)OC(C)C{solv}{x=0.273000}>,CC(C)CCl,CC(C)OC(C)C,Protein-Null-0.0.3-4-mer-AAQAA3-1E3-2-OPC3_opc3,1,-0.0725016709905332,0.0383461863024037,-0.0791,0.001
570,570,dens_321327254341950207,570,Density,<Substance C1COCCO1{solv}{x=0.780300}|CCCCCC(C)=O{solv}{x=0.219700}>,C1COCCO1,CCCCCC(C)=O,Protein-Null-0.0.3-4-mer-AAQAA3-1E3-2-OPC3_opc3,1,0.9561767050894876,0.0002080214028868,0.9576500000000002,0.0003
571,571,dens_377701756930918353,571,Density,<Substance C1COCCO1{solv}{x=0.500600}|CCCCCC(C)=O{solv}{x=0.499400}>,C1COCCO1,CCCCCC(C)=O,Protein-Null-0.0.3-4-mer-AAQAA3-1E3-2-OPC3_opc3,1,0.8854696269505107,0.0001760252605297,0.8916700000000002,0.000345
572,572,dhmix_600625644134907580,572,EnthalpyOfMixing,<Substance C1COCCO1{solv}{x=0.500000}|CCCCCC(C)=O{solv}{x=0.500000}>,C1COCCO1,CCCCCC(C)=O,Protein-Null-0.0.3-4-mer-AAQAA3-1E3-2-OPC3_opc3,1,0.4600179070235128,0.0443143251787587,0.4509,0.002255
573,573,dens_1451069448215305244,573,Density,<Substance C1COCCO1{solv}{x=0.220300}|CCCCCC(C)=O{solv}{x=0.779700}>,C1COCCO1,CCCCCC(C)=O,Protein-Null-0.0.3-4-mer-AAQAA3-1E3-2-OPC3_opc3,1,0.8324740919293363,0.0002121319385237,0.8420800000000003,0.000385
574,574,dhmix_2028813035406256788,574,EnthalpyOfMixing,<Substance C1COCCO1{solv}{x=0.750000}|CCCCCC(C)=O{solv}{x=0.250000}>,C1COCCO1,CCCCCC(C)=O,Protein-Null-0.0.3-4-mer-AAQAA3-1E3-2-OPC3_opc3,1,0.5101508193797031,0.0395540953695289,0.4064,0.00209
575,575,dhmix_2222211577832383320,575,EnthalpyOfMixing,<Substance C1COCCO1{solv}{x=0.250000}|CCCCCC(C)=O{solv}{x=0.750000}>,C1COCCO1,CCCCCC(C)=O,Protein-Null-0.0.3-4-mer-AAQAA3-1E3-2-OPC3_opc3,1,0.2186726919709229,0.0468337888437282,0.2911,0.00164
576,576,dhmix_325212618372456630,576,EnthalpyOfMixing,<Substance CCCCCCC{solv}{x=0.500000}|c1ccccc1{solv}{x=0.500000}>,CCCCCCC,c1ccccc1,Protein-Null-0.0.3-4-mer-AAQAA3-1E3-2-OPC3_opc3,1,1.096677871835837,0.0431514219345945,0.9235,0.0051
577,577,dhmix_409350268177199962,577,EnthalpyOfMixing,<Substance CCCCCCC{solv}{x=0.751900}|c1ccccc1{solv}{x=0.248100}>,CCCCCCC,c1ccccc1,Protein-Null-0.0.3-4-mer-AAQAA3-1E3-2-OPC3_opc3,1,0.8095855045806104,0.0523055462233288,0.6047,0.0035
578,578,dens_1685942387769177799,578,Density,<Substance CCCCCCC{solv}{x=0.913667}|c1ccccc1{solv}{x=0.086333}>,CCCCCCC,c1ccccc1,Protein-Null-0.0.3-4-mer-AAQAA3-1E3-2-OPC3_opc3,1,0.6775498984754941,0.0002179742348876,0.6892400000000002,0.000805
579,579,dens_2148382258223830900,579,Density,<Substance CCCCCCC{solv}{x=0.273700}|c1ccccc1{solv}{x=0.726300}>,CCCCCCC,c1ccccc1,Protein-Null-0.0.3-4-mer-AAQAA3-1E3-2-OPC3_opc3,1,0.7722260903849262,0.000258385571552,0.7855000000000002,0.00015
580,580,dens_2219829254239605828,580,Density,<Substance CCCCCCC{solv}{x=0.492200}|c1ccccc1{solv}{x=0.507800}>,CCCCCCC,c1ccccc1,Protein-Null-0.0.3-4-mer-AAQAA3-1E3-2-OPC3_opc3,1,0.7271078052741201,0.0002255366797465,0.7409000000000001,0.00015
581,581,dhmix_2296565820723783732,581,EnthalpyOfMixing,<Substance CCCCCCC{solv}{x=0.242400}|c1ccccc1{solv}{x=0.757600}>,CCCCCCC,c1ccccc1,Protein-Null-0.0.3-4-mer-AAQAA3-1E3-2-OPC3_opc3,1,1.0626859778129614,0.0419848370602153,0.7775,0.0044
582,582,dens_326446104630354701,582,Density,<Substance BrCCBr{solv}{x=0.728600}|CCC(=O)OC{solv}{x=0.271400}>,BrCCBr,CCC(=O)OC,Protein-Null-0.0.3-4-mer-AAQAA3-1E3-2-OPC3_opc3,1,1.7547601827767052,0.0006493466163644,1.7949900000000003,0.00303
583,583,dens_886315086380393150,583,Density,<Substance BrCCBr{solv}{x=0.494400}|CCC(=O)OC{solv}{x=0.505600}>,BrCCBr,CCC(=O)OC,Protein-Null-0.0.3-4-mer-AAQAA3-1E3-2-OPC3_opc3,1,1.4699230601288384,0.0003194199197579,1.4941800000000005,0.001825
584,584,dhmix_1410129135672303476,584,EnthalpyOfMixing,<Substance BrCCBr{solv}{x=0.491400}|CCC(=O)OC{solv}{x=0.508600}>,BrCCBr,CCC(=O)OC,Protein-Null-0.0.3-4-mer-AAQAA3-1E3-2-OPC3_opc3,1,-0.3656828980951125,0.0369388489532903,0.0195,0.00185
585,585,dhmix_1551714230583118668,585,EnthalpyOfMixing,<Substance BrCCBr{solv}{x=0.755400}|CCC(=O)OC{solv}{x=0.244600}>,BrCCBr,CCC(=O)OC,Protein-Null-0.0.3-4-mer-AAQAA3-1E3-2-OPC3_opc3,1,-0.2407636578948118,0.0330051547827981,0.09,0.00295
586,586,dhmix_1596310059176209101,586,EnthalpyOfMixing,<Substance BrCCBr{solv}{x=0.214800}|CCC(=O)OC{solv}{x=0.785200}>,BrCCBr,CCC(=O)OC,Protein-Null-0.0.3-4-mer-AAQAA3-1E3-2-OPC3_opc3,1,-0.2045344656315348,0.0384089803107905,-0.0281,0.002
587,587,dens_1860027304017736150,587,Density,<Substance BrCCBr{solv}{x=0.257000}|CCC(=O)OC{solv}{x=0.743000}>,BrCCBr,CCC(=O)OC,Protein-Null-0.0.3-4-mer-AAQAA3-1E3-2-OPC3_opc3,1,1.1916237153870075,0.0003551383319967,1.2059400000000002,0.000915
588,588,dhmix_334328961632702336,588,EnthalpyOfMixing,<Substance Cc1ccccc1N{solv}{x=0.492600}|Cc1cccnc1{solv}{x=0.507400}>,Cc1ccccc1N,Cc1cccnc1,Protein-Null-0.0.3-4-mer-AAQAA3-1E3-2-OPC3_opc3,1,-1.7819685671780403,0.0365513200917495,-1.4091,0.0287
589,589,dhmix_382843935535082222,589,EnthalpyOfMixing,<Substance Cc1ccccc1N{solv}{x=0.232300}|Cc1cccnc1{solv}{x=0.767700}>,Cc1ccccc1N,Cc1cccnc1,Protein-Null-0.0.3-4-mer-AAQAA3-1E3-2-OPC3_opc3,1,-1.328361795646403,0.039650674354295,-1.1196,0.02285
590,590,dens_890019852111400701,590,Density,<Substance Cc1ccccc1N{solv}{x=0.533600}|Cc1cccnc1{solv}{x=0.466400}>,Cc1ccccc1N,Cc1cccnc1,Protein-Null-0.0.3-4-mer-AAQAA3-1E3-2-OPC3_opc3,1,0.989161568242624,0.0001919267569682,0.9795770000000004,0.0001185
591,591,dens_1033313642915027277,591,Density,<Substance Cc1ccccc1N{solv}{x=0.737200}|Cc1cccnc1{solv}{x=0.262800}>,Cc1ccccc1N,Cc1cccnc1,Protein-Null-0.0.3-4-mer-AAQAA3-1E3-2-OPC3_opc3,1,1.0030004792061022,0.0003801650277117,0.9867010000000004,0.000118
592,592,dhmix_1057104304179164775,592,EnthalpyOfMixing,<Substance Cc1ccccc1N{solv}{x=0.778900}|Cc1cccnc1{solv}{x=0.221100}>,Cc1ccccc1N,Cc1cccnc1,Protein-Null-0.0.3-4-mer-AAQAA3-1E3-2-OPC3_opc3,1,-0.7702494119126797,0.0531046101291351,-0.8735,0.01785
593,593,dens_1445313714023685702,593,Density,<Substance Cc1ccccc1N{solv}{x=0.246700}|Cc1cccnc1{solv}{x=0.753300}>,Cc1ccccc1N,Cc1cccnc1,Protein-Null-0.0.3-4-mer-AAQAA3-1E3-2-OPC3_opc3,1,0.9660357492647826,0.0001572509165812,0.9668750000000004,0.00012
594,594,dens_335631113096608920,594,Density,<Substance CCC(C)=O{solv}{x=0.501800}|CCCCNCCCC{solv}{x=0.498200}>,CCC(C)=O,CCCCNCCCC,Protein-Null-0.0.3-4-mer-AAQAA3-1E3-2-OPC3_opc3,1,0.7645633764999791,0.0002180333059633,0.7693960000000002,9.950000000000003e-05
595,595,dhmix_551451232292287572,595,EnthalpyOfMixing,<Substance CCC(C)=O{solv}{x=0.215400}|CCCCNCCCC{solv}{x=0.784600}>,CCC(C)=O,CCCCNCCCC,Protein-Null-0.0.3-4-mer-AAQAA3-1E3-2-OPC3_opc3,1,0.0599050284651099,0.0556857351738482,0.417,0.0045
596,596,dens_800787154192710377,596,Density,<Substance CCC(C)=O{solv}{x=0.260300}|CCCCNCCCC{solv}{x=0.739700}>,CCC(C)=O,CCCCNCCCC,Protein-Null-0.0.3-4-mer-AAQAA3-1E3-2-OPC3_opc3,1,0.7604315127150698,0.0001885408257966,0.7614750000000002,0.0001005
597,597,dhmix_1210431916849512476,597,EnthalpyOfMixing,<Substance CCC(C)=O{solv}{x=0.504400}|CCCCNCCCC{solv}{x=0.495600}>,CCC(C)=O,CCCCNCCCC,Protein-Null-0.0.3-4-mer-AAQAA3-1E3-2-OPC3_opc3,1,0.1003702367391028,0.0413122464516884,0.619,0.0065
598,598,dhmix_1503682496766473076,598,EnthalpyOfMixing,<Substance CCC(C)=O{solv}{x=0.792200}|CCCCNCCCC{solv}{x=0.207800}>,CCC(C)=O,CCCCNCCCC,Protein-Null-0.0.3-4-mer-AAQAA3-1E3-2-OPC3_opc3,1,0.1265825225521943,0.0436152567609722,0.425,0.0045
599,599,dens_2232561341275312196,599,Density,<Substance CCC(C)=O{solv}{x=0.747300}|CCCCNCCCC{solv}{x=0.252700}>,CCC(C)=O,CCCCNCCCC,Protein-Null-0.0.3-4-mer-AAQAA3-1E3-2-OPC3_opc3,1,0.7688836893668908,0.0002326918981184,0.7810500000000001,9.750000000000004e-05
600,600,dhmix_335934546122425398,600,EnthalpyOfMixing,<Substance C1CCOCC1{solv}{x=0.550000}|O=C1CCCC1{solv}{x=0.450000}>,C1CCOCC1,O=C1CCCC1,Protein-Null-0.0.3-4-mer-AAQAA3-1E3-2-OPC3_opc3,1,0.0740216327238769,0.0390499775327775,0.15813,0.001
601,601,dhmix_337659115721770978,601,EnthalpyOfMixing,<Substance C1CCOCC1{solv}{x=0.250000}|O=C1CCCC1{solv}{x=0.750000}>,C1CCOCC1,O=C1CCCC1,Protein-Null-0.0.3-4-mer-AAQAA3-1E3-2-OPC3_opc3,1,0.0768276411615218,0.0402905564687233,0.11325,0.00084
602,602,dens_579415285212890284,602,Density,<Substance C1CCOCC1{solv}{x=0.708000}|O=C1CCCC1{solv}{x=0.292000}>,C1CCOCC1,O=C1CCCC1,Protein-Null-0.0.3-4-mer-AAQAA3-1E3-2-OPC3_opc3,1,0.8831082605819218,0.0002070889809359,0.8972200000000002,0.00023
603,603,dens_788777315764582180,603,Density,<Substance C1CCOCC1{solv}{x=0.549800}|O=C1CCCC1{solv}{x=0.450200}>,C1CCOCC1,O=C1CCCC1,Protein-Null-0.0.3-4-mer-AAQAA3-1E3-2-OPC3_opc3,1,0.8894411039906213,0.0002483176953818,0.9073000000000002,0.000235
604,604,dens_1539654406736576807,604,Density,<Substance C1CCOCC1{solv}{x=0.235400}|O=C1CCCC1{solv}{x=0.764600}>,C1CCOCC1,O=C1CCCC1,Protein-Null-0.0.3-4-mer-AAQAA3-1E3-2-OPC3_opc3,1,0.9043370015272516,0.000216023528748,0.9281000000000004,0.00024
605,605,dhmix_1706969020375394315,605,EnthalpyOfMixing,<Substance C1CCOCC1{solv}{x=0.750000}|O=C1CCCC1{solv}{x=0.250000}>,C1CCOCC1,O=C1CCCC1,Protein-Null-0.0.3-4-mer-AAQAA3-1E3-2-OPC3_opc3,1,0.0346679138416448,0.0344303956848164,0.12811,0.000895
606,606,dens_337077748334497354,606,Density,<Substance CN1CCCCC1{solv}{x=0.245200}|O{solv}{x=0.754800}>,CN1CCCCC1,O,Protein-Null-0.0.3-4-mer-AAQAA3-1E3-2-OPC3_opc3,1,0.901817455660968,0.0002961673053836,0.9038110000000004,9.700000000000004e-05
607,607,dens_1619467922469494964,607,Density,<Substance CN1CCCCC1{solv}{x=0.790700}|O{solv}{x=0.209300}>,CN1CCCCC1,O,Protein-Null-0.0.3-4-mer-AAQAA3-1E3-2-OPC3_opc3,1,0.8409329013893558,0.0002475358521506,0.8260470000000002,0.000108
608,608,dens_1725290505257505407,608,Density,<Substance CN1CCCCC1{solv}{x=0.505000}|O{solv}{x=0.495000}>,CN1CCCCC1,O,Protein-Null-0.0.3-4-mer-AAQAA3-1E3-2-OPC3_opc3,1,0.8650178695652779,0.0002817319303817,0.8581580000000002,9.450000000000002e-05
609,609,dhmix_344305070199657817,609,EnthalpyOfMixing,<Substance CC(C)CC(C)(C)C{solv}{x=0.200300}|CCCO{solv}{x=0.799700}>,CC(C)CC(C)(C)C,CCCO,Protein-Null-0.0.3-4-mer-AAQAA3-1E3-2-OPC3_opc3,1,0.2947425588876626,0.039936324608474,0.308,0.0055
610,610,dens_1020839744665732433,610,Density,<Substance CC(C)CC(C)(C)C{solv}{x=0.200100}|CCCO{solv}{x=0.799900}>,CC(C)CC(C)(C)C,CCCO,Protein-Null-0.0.3-4-mer-AAQAA3-1E3-2-OPC3_opc3,1,0.7619611939815522,0.0002669376529004,0.7589500000000002,0.00029
611,611,dens_1348847431810734601,611,Density,<Substance CC(C)CC(C)(C)C{solv}{x=0.700000}|CCCO{solv}{x=0.300000}>,CC(C)CC(C)(C)C,CCCO,Protein-Null-0.0.3-4-mer-AAQAA3-1E3-2-OPC3_opc3,1,0.7191894257529541,0.0002175827401511,0.7046500000000001,0.00028
612,612,dhmix_1376194238727172922,612,EnthalpyOfMixing,<Substance CC(C)CC(C)(C)C{solv}{x=0.499800}|CCCO{solv}{x=0.500200}>,CC(C)CC(C)(C)C,CCCO,Protein-Null-0.0.3-4-mer-AAQAA3-1E3-2-OPC3_opc3,1,0.5900230625469192,0.0450327444574767,0.6025,0.0027
613,613,dhmix_1868873434415785592,613,EnthalpyOfMixing,<Substance CC(C)CC(C)(C)C{solv}{x=0.699900}|CCCO{solv}{x=0.300100}>,CC(C)CC(C)(C)C,CCCO,Protein-Null-0.0.3-4-mer-AAQAA3-1E3-2-OPC3_opc3,1,0.669726582324671,0.0499490308730236,0.6544,0.0029
614,614,dens_1870552320710773195,614,Density,<Substance CC(C)CC(C)(C)C{solv}{x=0.500000}|CCCO{solv}{x=0.500000}>,CC(C)CC(C)(C)C,CCCO,Protein-Null-0.0.3-4-mer-AAQAA3-1E3-2-OPC3_opc3,1,0.7328285886976069,0.0002203384178039,0.7214400000000002,0.00028
615,615,dens_344701479262570906,615,Density,<Substance C1CCOCC1{solv}{x=0.246100}|Cc1cccnc1{solv}{x=0.753900}>,C1CCOCC1,Cc1cccnc1,Protein-Null-0.0.3-4-mer-AAQAA3-1E3-2-OPC3_opc3,1,0.9245053480174712,0.0002498011732649,0.9348570000000002,0.0004915
616,616,dhmix_772935681699310364,616,EnthalpyOfMixing,<Substance C1CCOCC1{solv}{x=0.480300}|Cc1cccnc1{solv}{x=0.519700}>,C1CCOCC1,Cc1cccnc1,Protein-Null-0.0.3-4-mer-AAQAA3-1E3-2-OPC3_opc3,1,0.0316664075537005,0.0404025509310617,0.1271,0.00115
617,617,dens_1179184695460672925,617,Density,<Substance C1CCOCC1{solv}{x=0.756800}|Cc1cccnc1{solv}{x=0.243200}>,C1CCOCC1,Cc1cccnc1,Protein-Null-0.0.3-4-mer-AAQAA3-1E3-2-OPC3_opc3,1,0.8873096942070369,0.0001837160696251,0.8976640000000002,0.0004655
618,618,dens_1273033541520518804,618,Density,<Substance C1CCOCC1{solv}{x=0.482700}|Cc1cccnc1{solv}{x=0.517300}>,C1CCOCC1,Cc1cccnc1,Protein-Null-0.0.3-4-mer-AAQAA3-1E3-2-OPC3_opc3,1,0.9069884475692386,0.0001550552182158,0.9179640000000002,0.00048
619,619,dhmix_1594947441282636711,619,EnthalpyOfMixing,<Substance C1CCOCC1{solv}{x=0.735500}|Cc1cccnc1{solv}{x=0.264500}>,C1CCOCC1,Cc1cccnc1,Protein-Null-0.0.3-4-mer-AAQAA3-1E3-2-OPC3_opc3,1,0.0838671120179057,0.0427749851877113,0.0924,0.00095
620,620,dhmix_2075643137470349800,620,EnthalpyOfMixing,<Substance C1CCOCC1{solv}{x=0.273200}|Cc1cccnc1{solv}{x=0.726800}>,C1CCOCC1,Cc1cccnc1,Protein-Null-0.0.3-4-mer-AAQAA3-1E3-2-OPC3_opc3,1,0.006204264930858,0.0422477939144991,0.1036,0.001
621,621,dhmix_346841872844739570,621,EnthalpyOfMixing,<Substance CC#N{solv}{x=0.700700}|CCOC(C)(C)C{solv}{x=0.299300}>,CC#N,CCOC(C)(C)C,Protein-Null-0.0.3-4-mer-AAQAA3-1E3-2-OPC3_opc3,1,0.2073218100765128,0.0341514085512677,0.6176,0.0084
622,622,dhmix_840136828933604757,622,EnthalpyOfMixing,<Substance CC#N{solv}{x=0.199000}|CCOC(C)(C)C{solv}{x=0.801000}>,CC#N,CCOC(C)(C)C,Protein-Null-0.0.3-4-mer-AAQAA3-1E3-2-OPC3_opc3,1,0.1482720606960583,0.0469074926950087,0.4418,0.006
623,623,dhmix_1934525864391020215,623,EnthalpyOfMixing,<Substance CC#N{solv}{x=0.501600}|CCOC(C)(C)C{solv}{x=0.498400}>,CC#N,CCOC(C)(C)C,Protein-Null-0.0.3-4-mer-AAQAA3-1E3-2-OPC3_opc3,1,0.2022602703963967,0.0357157016152766,0.7098,0.00965
624,624,dens_1954735606040559695,624,Density,<Substance CC#N{solv}{x=0.700700}|CCOC(C)(C)C{solv}{x=0.299300}>,CC#N,CCOC(C)(C)C,Protein-Null-0.0.3-4-mer-AAQAA3-1E3-2-OPC3_opc3,1,0.7686265507843376,0.0002522495112911,0.7595000000000002,0.00045
625,625,dens_2173310521496796694,625,Density,<Substance CC#N{solv}{x=0.501600}|CCOC(C)(C)C{solv}{x=0.498400}>,CC#N,CCOC(C)(C)C,Protein-Null-0.0.3-4-mer-AAQAA3-1E3-2-OPC3_opc3,1,0.7632000545732585,0.0001855914541977,0.7510000000000002,0.00035
626,626,dens_2235331649530959984,626,Density,<Substance CC#N{solv}{x=0.199000}|CCOC(C)(C)C{solv}{x=0.801000}>,CC#N,CCOC(C)(C)C,Protein-Null-0.0.3-4-mer-AAQAA3-1E3-2-OPC3_opc3,1,0.7555798815757637,0.0002388482986367,0.7408000000000001,0.00015
627,627,dhmix_355078149157572999,627,EnthalpyOfMixing,<Substance OCCOCCO{solv}{x=0.790600}|O{solv}{x=0.209400}>,O,OCCOCCO,Protein-Null-0.0.3-4-mer-AAQAA3-1E3-2-OPC3_opc3,1,-0.4826980272183334,0.0374735272629406,-0.521,0.003
628,628,dhmix_514261244195159379,628,EnthalpyOfMixing,<Substance OCCOCCO{solv}{x=0.300400}|O{solv}{x=0.699600}>,O,OCCOCCO,Protein-Null-0.0.3-4-mer-AAQAA3-1E3-2-OPC3_opc3,1,-0.3360046494819699,0.0296768186582294,-1.245,0.0065
629,629,dhmix_1512634639127890343,629,EnthalpyOfMixing,<Substance OCCOCCO{solv}{x=0.501000}|O{solv}{x=0.499000}>,O,OCCOCCO,Protein-Null-0.0.3-4-mer-AAQAA3-1E3-2-OPC3_opc3,1,-0.457194469681081,0.0363735318983687,-1.149,0.0065
630,630,dens_1532732041743097130,630,Density,<Substance OCCOCCO{solv}{x=0.500600}|O{solv}{x=0.499400}>,O,OCCOCCO,Protein-Null-0.0.3-4-mer-AAQAA3-1E3-2-OPC3_opc3,1,1.1116730109910051,0.0003259356322811,1.1070700000000002,0.00026
631,631,dens_1948924545926470959,631,Density,<Substance OCCOCCO{solv}{x=0.700300}|O{solv}{x=0.299700}>,O,OCCOCCO,Protein-Null-0.0.3-4-mer-AAQAA3-1E3-2-OPC3_opc3,1,1.1176148858152364,0.0003959797340107,1.1111900000000003,0.000285
632,632,dens_2114974877291939954,632,Density,<Substance OCCOCCO{solv}{x=0.301000}|O{solv}{x=0.699000}>,O,OCCOCCO,Protein-Null-0.0.3-4-mer-AAQAA3-1E3-2-OPC3_opc3,1,1.0974840478164058,0.0004500427897286,1.0958900000000005,0.000305
633,633,dhmix_355690558520209737,633,EnthalpyOfMixing,<Substance CC(C)CC(C)(C)C{solv}{x=0.774800}|CC(C)OC(C)C{solv}{x=0.225200}>,CC(C)CC(C)(C)C,CC(C)OC(C)C,Protein-Null-0.0.3-4-mer-AAQAA3-1E3-2-OPC3_opc3,1,0.2964188505352041,0.0440577319615078,0.132161,0.001556
634,634,dens_706481868145479619,634,Density,<Substance CC(C)CC(C)(C)C{solv}{x=0.250000}|CC(C)OC(C)C{solv}{x=0.750000}>,CC(C)CC(C)(C)C,CC(C)OC(C)C,Protein-Null-0.0.3-4-mer-AAQAA3-1E3-2-OPC3_opc3,1,0.7262407231249659,0.0002133652937245,0.7090800000000002,0.000155
635,635,dens_960755156711549154,635,Density,<Substance CC(C)CC(C)(C)C{solv}{x=0.750000}|CC(C)OC(C)C{solv}{x=0.250000}>,CC(C)CC(C)(C)C,CC(C)OC(C)C,Protein-Null-0.0.3-4-mer-AAQAA3-1E3-2-OPC3_opc3,1,0.7120245501290421,0.0002157557675365,0.6937500000000002,0.000155
636,636,dens_1165117582450092341,636,Density,<Substance CC(C)CC(C)(C)C{solv}{x=0.500900}|CC(C)OC(C)C{solv}{x=0.499100}>,CC(C)CC(C)(C)C,CC(C)OC(C)C,Protein-Null-0.0.3-4-mer-AAQAA3-1E3-2-OPC3_opc3,1,0.7181101454290402,0.0002307425678931,0.7005900000000002,0.000105
637,637,dhmix_1819714300540494359,637,EnthalpyOfMixing,<Substance CC(C)CC(C)(C)C{solv}{x=0.512500}|CC(C)OC(C)C{solv}{x=0.487500}>,CC(C)CC(C)(C)C,CC(C)OC(C)C,Protein-Null-0.0.3-4-mer-AAQAA3-1E3-2-OPC3_opc3,1,0.5642053442308281,0.0403350577928724,0.197047,0.002233
638,638,dhmix_2031984064821599856,638,EnthalpyOfMixing,<Substance CC(C)CC(C)(C)C{solv}{x=0.269300}|CC(C)OC(C)C{solv}{x=0.730700}>,CC(C)CC(C)(C)C,CC(C)OC(C)C,Protein-Null-0.0.3-4-mer-AAQAA3-1E3-2-OPC3_opc3,1,0.359784572373421,0.0490338022056688,0.158983,0.0018345
639,639,dens_357198687829738077,639,Density,<Substance C1CCOCC1{solv}{x=0.223500}|CCCCCC(C)=O{solv}{x=0.776500}>,C1CCOCC1,CCCCCC(C)=O,Protein-Null-0.0.3-4-mer-AAQAA3-1E3-2-OPC3_opc3,1,0.8099259532751661,0.000211059173146,0.8221200000000002,0.000375
640,640,dens_1074719884132299485,640,Density,<Substance C1CCOCC1{solv}{x=0.516600}|CCCCCC(C)=O{solv}{x=0.483400}>,C1CCOCC1,CCCCCC(C)=O,Protein-Null-0.0.3-4-mer-AAQAA3-1E3-2-OPC3_opc3,1,0.82761531001174,0.0002078237463927,0.8396100000000002,0.00032
641,641,dens_1427208283653313137,641,Density,<Substance C1CCOCC1{solv}{x=0.710100}|CCCCCC(C)=O{solv}{x=0.289900}>,C1CCOCC1,CCCCCC(C)=O,Protein-Null-0.0.3-4-mer-AAQAA3-1E3-2-OPC3_opc3,1,0.8420211704771026,0.0002298323683764,0.8534200000000002,0.000285
642,642,dhmix_1485904869507380555,642,EnthalpyOfMixing,<Substance C1CCOCC1{solv}{x=0.500000}|CCCCCC(C)=O{solv}{x=0.500000}>,C1CCOCC1,CCCCCC(C)=O,Protein-Null-0.0.3-4-mer-AAQAA3-1E3-2-OPC3_opc3,1,0.2036685542949285,0.0497774318773473,0.05773,0.000615
643,643,dhmix_1931504734279468677,643,EnthalpyOfMixing,<Substance C1CCOCC1{solv}{x=0.250000}|CCCCCC(C)=O{solv}{x=0.750000}>,C1CCOCC1,CCCCCC(C)=O,Protein-Null-0.0.3-4-mer-AAQAA3-1E3-2-OPC3_opc3,1,0.1396125646147439,0.0485370493759738,0.03429,0.00053
644,644,dhmix_2296263041755700053,644,EnthalpyOfMixing,<Substance C1CCOCC1{solv}{x=0.750000}|CCCCCC(C)=O{solv}{x=0.250000}>,C1CCOCC1,CCCCCC(C)=O,Protein-Null-0.0.3-4-mer-AAQAA3-1E3-2-OPC3_opc3,1,0.168585049014851,0.0465349450468824,0.05587,0.00061
645,645,dhmix_357499987240135169,645,EnthalpyOfMixing,<Substance CCCCC{solv}{x=0.772700}|CCCCOC=O{solv}{x=0.227300}>,CCCCC,CCCCOC=O,Protein-Null-0.0.3-4-mer-AAQAA3-1E3-2-OPC3_opc3,1,1.0870188589329928,0.0353306566754874,0.87,0.004
646,646,dens_435201289177646286,646,Density,<Substance CCCCC{solv}{x=0.504200}|CCCCOC=O{solv}{x=0.495800}>,CCCCC,CCCCOC=O,Protein-Null-0.0.3-4-mer-AAQAA3-1E3-2-OPC3_opc3,1,0.7505269978038475,0.0002674141127558,0.7523000000000001,0.00024
647,647,dens_635752291929824010,647,Density,<Substance CCCCC{solv}{x=0.699000}|CCCCOC=O{solv}{x=0.301000}>,CCCCC,CCCCOC=O,Protein-Null-0.0.3-4-mer-AAQAA3-1E3-2-OPC3_opc3,1,0.6923694115516944,0.0002723286052835,0.6994600000000002,0.00018
648,648,dhmix_869493303716364153,648,EnthalpyOfMixing,<Substance CCCCC{solv}{x=0.490500}|CCCCOC=O{solv}{x=0.509500}>,CCCCC,CCCCOC=O,Protein-Null-0.0.3-4-mer-AAQAA3-1E3-2-OPC3_opc3,1,1.2491182423221403,0.0397598738028296,0.959,0.004
649,649,dhmix_1188548276416925178,649,EnthalpyOfMixing,<Substance CCCCC{solv}{x=0.246000}|CCCCOC=O{solv}{x=0.754000}>,CCCCC,CCCCOC=O,Protein-Null-0.0.3-4-mer-AAQAA3-1E3-2-OPC3_opc3,1,0.7898731347308043,0.0416310305039984,0.632,0.003
650,650,dens_1944800378076074966,650,Density,<Substance CCCCC{solv}{x=0.247100}|CCCCOC=O{solv}{x=0.752900}>,CCCCC,CCCCOC=O,Protein-Null-0.0.3-4-mer-AAQAA3-1E3-2-OPC3_opc3,1,0.8272505869473655,0.0002430006735453,0.8221800000000001,0.000375
651,651,dhmix_357740737126275220,651,EnthalpyOfMixing,<Substance CC(=O)N(C)C{solv}{x=0.212000}|CCCCCl{solv}{x=0.788000}>,CC(=O)N(C)C,CCCCCl,Protein-Null-0.0.3-4-mer-AAQAA3-1E3-2-OPC3_opc3,1,0.4458512910015528,0.0409423517034288,0.244,0.0025
652,652,dens_563556088097831353,652,Density,<Substance CC(=O)N(C)C{solv}{x=0.499000}|CCCCCl{solv}{x=0.501000}>,CC(=O)N(C)C,CCCCCl,Protein-Null-0.0.3-4-mer-AAQAA3-1E3-2-OPC3_opc3,1,0.8817385595149213,0.0002966966861309,0.9081000000000002,0.0002
653,653,dens_1083232356130752567,653,Density,<Substance CC(=O)N(C)C{solv}{x=0.799700}|CCCCCl{solv}{x=0.200300}>,CC(=O)N(C)C,CCCCCl,Protein-Null-0.0.3-4-mer-AAQAA3-1E3-2-OPC3_opc3,1,0.8938692279286875,0.0002556756544004,0.9247000000000004,0.0002
654,654,dhmix_1487887746912587509,654,EnthalpyOfMixing,<Substance CC(=O)N(C)C{solv}{x=0.708000}|CCCCCl{solv}{x=0.292000}>,CC(=O)N(C)C,CCCCCl,Protein-Null-0.0.3-4-mer-AAQAA3-1E3-2-OPC3_opc3,1,0.4859835867596889,0.0391779763190486,0.305,0.0025
655,655,dens_1662749398344255132,655,Density,<Substance CC(=O)N(C)C{solv}{x=0.210500}|CCCCCl{solv}{x=0.789500}>,CC(=O)N(C)C,CCCCCl,Protein-Null-0.0.3-4-mer-AAQAA3-1E3-2-OPC3_opc3,1,0.8674829061805276,0.0002691344209274,0.8918000000000001,0.0002
656,656,dhmix_2085343422065298965,656,EnthalpyOfMixing,<Substance CC(=O)N(C)C{solv}{x=0.511000}|CCCCCl{solv}{x=0.489000}>,CC(=O)N(C)C,CCCCCl,Protein-Null-0.0.3-4-mer-AAQAA3-1E3-2-OPC3_opc3,1,0.6474191104431988,0.0418944993393736,0.363,0.0025
657,657,dhmix_359626193748497849,657,EnthalpyOfMixing,<Substance C1CCOCC1{solv}{x=0.750000}|O=C1CCCCC1{solv}{x=0.250000}>,C1CCOCC1,O=C1CCCCC1,Protein-Null-0.0.3-4-mer-AAQAA3-1E3-2-OPC3_opc3,1,-0.0760594018756961,0.042576860046928,0.07698,0.00069
658,658,dhmix_709905971434026360,658,EnthalpyOfMixing,<Substance C1CCOCC1{solv}{x=0.250000}|O=C1CCCCC1{solv}{x=0.750000}>,C1CCOCC1,O=C1CCCCC1,Protein-Null-0.0.3-4-mer-AAQAA3-1E3-2-OPC3_opc3,1,0.0931733149011577,0.0366020053038935,0.05827,0.00062
659,659,dens_996263306280392228,659,Density,<Substance C1CCOCC1{solv}{x=0.500900}|O=C1CCCCC1{solv}{x=0.499100}>,C1CCOCC1,O=C1CCCCC1,Protein-Null-0.0.3-4-mer-AAQAA3-1E3-2-OPC3_opc3,1,0.8953673109356539,0.0002516491403247,0.9160300000000002,0.000505
660,660,dens_1296485655493191092,660,Density,<Substance C1CCOCC1{solv}{x=0.247100}|O=C1CCCCC1{solv}{x=0.752900}>,C1CCOCC1,O=C1CCCCC1,Protein-Null-0.0.3-4-mer-AAQAA3-1E3-2-OPC3_opc3,1,0.9072124152899044,0.0002243719078965,0.9305900000000004,0.000505
661,661,dhmix_1617652800437548554,661,EnthalpyOfMixing,<Substance C1CCOCC1{solv}{x=0.500000}|O=C1CCCCC1{solv}{x=0.500000}>,C1CCOCC1,O=C1CCCCC1,Protein-Null-0.0.3-4-mer-AAQAA3-1E3-2-OPC3_opc3,1,0.1321351770320546,0.0412356655752692,0.08658,0.000725
662,662,dens_2134919398794801459,662,Density,<Substance C1CCOCC1{solv}{x=0.738900}|O=C1CCCCC1{solv}{x=0.261100}>,C1CCOCC1,O=C1CCCCC1,Protein-Null-0.0.3-4-mer-AAQAA3-1E3-2-OPC3_opc3,1,0.883635240300219,0.0002234594271224,0.9000800000000002,0.000505
663,663,dens_371429494256072686,663,Density,<Substance COC=O{solv}{x=0.513800}|ClCCCCl{solv}{x=0.486200}>,COC=O,ClCCCCl,Protein-Null-0.0.3-4-mer-AAQAA3-1E3-2-OPC3_opc3,1,1.0883246172781442,0.0003431149779285,1.08831,0.00025
664,664,dens_416463243686186519,664,Density,<Substance COC=O{solv}{x=0.738400}|ClCCCCl{solv}{x=0.261600}>,COC=O,ClCCCCl,Protein-Null-0.0.3-4-mer-AAQAA3-1E3-2-OPC3_opc3,1,1.0501660632333958,0.0003496893530401,1.03754,0.0002
665,665,dhmix_573570621261992547,665,EnthalpyOfMixing,<Substance COC=O{solv}{x=0.767400}|ClCCCCl{solv}{x=0.232600}>,COC=O,ClCCCCl,Protein-Null-0.0.3-4-mer-AAQAA3-1E3-2-OPC3_opc3,1,0.6534176580769264,0.0345758281699517,0.2841,0.0015
666,666,dens_1665007650151393058,666,Density,<Substance COC=O{solv}{x=0.244000}|ClCCCCl{solv}{x=0.756000}>,COC=O,ClCCCCl,Protein-Null-0.0.3-4-mer-AAQAA3-1E3-2-OPC3_opc3,1,1.1275533307076244,0.0003705401817192,1.1395000000000002,0.0003
667,667,dhmix_2050640017895200777,667,EnthalpyOfMixing,<Substance COC=O{solv}{x=0.502400}|ClCCCCl{solv}{x=0.497600}>,COC=O,ClCCCCl,Protein-Null-0.0.3-4-mer-AAQAA3-1E3-2-OPC3_opc3,1,0.9055584530089628,0.0314498474434158,0.3503,0.00175
668,668,dhmix_2121310957223924646,668,EnthalpyOfMixing,<Substance COC=O{solv}{x=0.202400}|ClCCCCl{solv}{x=0.797600}>,COC=O,ClCCCCl,Protein-Null-0.0.3-4-mer-AAQAA3-1E3-2-OPC3_opc3,1,0.5677924151669203,0.0392449903979763,0.2064,0.0012
669,669,dens_380799246642881225,669,Density,<Substance Cc1ccncc1{solv}{x=0.500000}|O{solv}{x=0.500000}>,Cc1ccncc1,O,Protein-Null-0.0.3-4-mer-AAQAA3-1E3-2-OPC3_opc3,1,0.9543671766039018,0.0002626202289742,0.9704000000000004,0.0005
670,670,dens_1024460369591354985,670,Density,<Substance Cc1ccncc1{solv}{x=0.225000}|O{solv}{x=0.775000}>,Cc1ccncc1,O,Protein-Null-0.0.3-4-mer-AAQAA3-1E3-2-OPC3_opc3,1,0.9674132840513572,0.0003866402265934,0.9848000000000002,0.0004
671,671,dens_1867704914487230306,671,Density,<Substance Cc1ccncc1{solv}{x=0.750000}|O{solv}{x=0.250000}>,Cc1ccncc1,O,Protein-Null-0.0.3-4-mer-AAQAA3-1E3-2-OPC3_opc3,1,0.9491970003328748,0.0002210398198479,0.9614000000000004,0.0004
672,672,dhmix_396839331496923568,672,EnthalpyOfMixing,<Substance CCCOC(=O)CC{solv}{x=0.237600}|ClCCCl{solv}{x=0.762400}>,CCCOC(=O)CC,ClCCCl,Protein-Null-0.0.3-4-mer-AAQAA3-1E3-2-OPC3_opc3,1,-0.2335527064287834,0.033627088954577,-0.317,0.0035
673,673,dens_1025242301432619836,673,Density,<Substance CCCOC(=O)CC{solv}{x=0.518800}|ClCCCl{solv}{x=0.481200}>,CCCOC(=O)CC,ClCCCl,Protein-Null-0.0.3-4-mer-AAQAA3-1E3-2-OPC3_opc3,1,0.994649948718824,0.0003035145201717,1.0064000000000002,0.000905
674,674,dens_1654149510571748883,674,Density,<Substance CCCOC(=O)CC{solv}{x=0.731600}|ClCCCl{solv}{x=0.268400}>,CCCOC(=O)CC,ClCCCl,Protein-Null-0.0.3-4-mer-AAQAA3-1E3-2-OPC3_opc3,1,0.9346296171690004,0.0002432566728849,0.9416300000000002,0.00041
675,675,dens_1804016971158746429,675,Density,<Substance CCCOC(=O)CC{solv}{x=0.243700}|ClCCCl{solv}{x=0.756300}>,CCCOC(=O)CC,ClCCCl,Protein-Null-0.0.3-4-mer-AAQAA3-1E3-2-OPC3_opc3,1,1.0899550050465647,0.0003569524592514,1.11431,0.002155
676,676,dhmix_1840109043188951916,676,EnthalpyOfMixing,<Substance CCCOC(=O)CC{solv}{x=0.517700}|ClCCCl{solv}{x=0.482300}>,CCCOC(=O)CC,ClCCCl,Protein-Null-0.0.3-4-mer-AAQAA3-1E3-2-OPC3_opc3,1,-0.1308412051688208,0.0431874478261313,-0.557,0.006
677,677,dhmix_1924188358781329171,677,EnthalpyOfMixing,<Substance CCCOC(=O)CC{solv}{x=0.787400}|ClCCCl{solv}{x=0.212600}>,CCCOC(=O)CC,ClCCCl,Protein-Null-0.0.3-4-mer-AAQAA3-1E3-2-OPC3_opc3,1,-0.1203616013454009,0.044553086721711,-0.357,0.004
678,678,dhmix_408170436877433675,678,EnthalpyOfMixing,<Substance CCCCC{solv}{x=0.229800}|CCOC=O{solv}{x=0.770200}>,CCCCC,CCOC=O,Protein-Null-0.0.3-4-mer-AAQAA3-1E3-2-OPC3_opc3,1,1.174142081621003,0.037916361144776,1.016,0.0045
679,679,dens_1159257310358090227,679,Density,<Substance CCCCC{solv}{x=0.748000}|CCOC=O{solv}{x=0.252000}>,CCCCC,CCOC=O,Protein-Null-0.0.3-4-mer-AAQAA3-1E3-2-OPC3_opc3,1,0.6629253807460105,0.0002811480250178,0.6707000000000002,0.000165
680,680,dhmix_1897634982824334825,680,EnthalpyOfMixing,<Substance CCCCC{solv}{x=0.500100}|CCOC=O{solv}{x=0.499900}>,CCCCC,CCOC=O,Protein-Null-0.0.3-4-mer-AAQAA3-1E3-2-OPC3_opc3,1,1.5871732813926511,0.037504150165516,1.354,0.0055
681,681,dens_1931965346092446599,681,Density,<Substance CCCCC{solv}{x=0.504000}|CCOC=O{solv}{x=0.496000}>,CCCCC,CCOC=O,Protein-Null-0.0.3-4-mer-AAQAA3-1E3-2-OPC3_opc3,1,0.7360056089737266,0.000302151613909,0.7333000000000002,0.00024
682,682,dens_2086304425324215507,682,Density,<Substance CCCCC{solv}{x=0.298000}|CCOC=O{solv}{x=0.702000}>,CCCCC,CCOC=O,Protein-Null-0.0.3-4-mer-AAQAA3-1E3-2-OPC3_opc3,1,0.8078846532464159,0.0002982235081895,0.7971000000000003,0.000345
683,683,dhmix_2117998354372981576,683,EnthalpyOfMixing,<Substance CCCCC{solv}{x=0.777900}|CCOC=O{solv}{x=0.222100}>,CCCCC,CCOC=O,Protein-Null-0.0.3-4-mer-AAQAA3-1E3-2-OPC3_opc3,1,1.386568162539831,0.0396769991313303,1.051,0.0045
684,684,dens_415189671276159712,684,Density,<Substance NCCO{solv}{x=0.785350}|c1ccncc1{solv}{x=0.214650}>,NCCO,c1ccncc1,Protein-Null-0.0.3-4-mer-AAQAA3-1E3-2-OPC3_opc3,1,1.0501996841811083,0.0003522955156715,1.002592,0.000101
685,685,dhmix_607563797490786343,685,EnthalpyOfMixing,<Substance NCCO{solv}{x=0.559360}|c1ccncc1{solv}{x=0.440640}>,NCCO,c1ccncc1,Protein-Null-0.0.3-4-mer-AAQAA3-1E3-2-OPC3_opc3,1,0.8376055841939305,0.0306314821573991,0.824,0.0035
686,686,dhmix_783614050589043390,686,EnthalpyOfMixing,<Substance NCCO{solv}{x=0.248120}|c1ccncc1{solv}{x=0.751880}>,NCCO,c1ccncc1,Protein-Null-0.0.3-4-mer-AAQAA3-1E3-2-OPC3_opc3,1,0.7802609332598776,0.0366122880924609,0.779,0.0035
687,687,dens_907288549206652702,687,Density,<Substance NCCO{solv}{x=0.558640}|c1ccncc1{solv}{x=0.441360}>,NCCO,c1ccncc1,Protein-Null-0.0.3-4-mer-AAQAA3-1E3-2-OPC3_opc3,1,1.0254230296504914,0.0002881090888582,0.9936870000000002,0.0001015
688,688,dhmix_1092036220949585875,688,EnthalpyOfMixing,<Substance NCCO{solv}{x=0.746780}|c1ccncc1{solv}{x=0.253220}>,NCCO,c1ccncc1,Protein-Null-0.0.3-4-mer-AAQAA3-1E3-2-OPC3_opc3,1,1.017594958973369,0.0501614778281292,0.612,0.003
689,689,dens_2278246591298089898,689,Density,<Substance NCCO{solv}{x=0.210010}|c1ccncc1{solv}{x=0.789990}>,NCCO,c1ccncc1,Protein-Null-0.0.3-4-mer-AAQAA3-1E3-2-OPC3_opc3,1,0.9928711282167988,0.0002221088130599,0.9825660000000004,0.0001015
690,690,dens_419188249264987147,690,Density,<Substance CCCCC(=O)OCC{solv}{x=0.492100}|CCOC(C)=O{solv}{x=0.507900}>,CCCCC(=O)OCC,CCOC(C)=O,Protein-Null-0.0.3-4-mer-AAQAA3-1E3-2-OPC3_opc3,1,0.8841661385685945,0.0001980339810033,0.8787300000000002,0.00012
691,691,dens_667714041205021070,691,Density,<Substance CCCCC(=O)OCC{solv}{x=0.304700}|CCOC(C)=O{solv}{x=0.695300}>,CCCCC(=O)OCC,CCOC(C)=O,Protein-Null-0.0.3-4-mer-AAQAA3-1E3-2-OPC3_opc3,1,0.8907851298663477,0.0002345078703399,0.8836400000000002,0.00012
692,692,dhmix_1137774316856842141,692,EnthalpyOfMixing,<Substance CCCCC(=O)OCC{solv}{x=0.737600}|CCOC(C)=O{solv}{x=0.262400}>,CCCCC(=O)OCC,CCOC(C)=O,Protein-Null-0.0.3-4-mer-AAQAA3-1E3-2-OPC3_opc3,1,0.1029653280152453,0.0500841642262,0.114,0.0015
693,693,dhmix_1322441082145072072,693,EnthalpyOfMixing,<Substance CCCCC(=O)OCC{solv}{x=0.279900}|CCOC(C)=O{solv}{x=0.720100}>,CCCCC(=O)OCC,CCOC(C)=O,Protein-Null-0.0.3-4-mer-AAQAA3-1E3-2-OPC3_opc3,1,0.0535273699759244,0.043491154178871,0.139,0.0015
694,694,dens_1682638395920841051,694,Density,<Substance CCCCC(=O)OCC{solv}{x=0.752600}|CCOC(C)=O{solv}{x=0.247400}>,CCCCC(=O)OCC,CCOC(C)=O,Protein-Null-0.0.3-4-mer-AAQAA3-1E3-2-OPC3_opc3,1,0.8758422819287607,0.0002056697400133,0.8732900000000001,0.00012
695,695,dhmix_2161842751879945948,695,EnthalpyOfMixing,<Substance CCCCC(=O)OCC{solv}{x=0.519800}|CCOC(C)=O{solv}{x=0.480200}>,CCCCC(=O)OCC,CCOC(C)=O,Protein-Null-0.0.3-4-mer-AAQAA3-1E3-2-OPC3_opc3,1,0.1495351412309631,0.0469640190726126,0.154,0.002
696,696,dhmix_419593950323214290,696,EnthalpyOfMixing,<Substance CCCCCC(C)=O{solv}{x=0.780400}|CCN(CC)CC{solv}{x=0.219600}>,CCCCCC(C)=O,CCN(CC)CC,Protein-Null-0.0.3-4-mer-AAQAA3-1E3-2-OPC3_opc3,1,0.1067934232469554,0.0510221654337146,0.216,0.0025
697,697,dens_651921010645567431,697,Density,<Substance CCCCCC(C)=O{solv}{x=0.259800}|CCN(CC)CC{solv}{x=0.740200}>,CCCCCC(C)=O,CCN(CC)CC,Protein-Null-0.0.3-4-mer-AAQAA3-1E3-2-OPC3_opc3,1,0.7456544502115137,0.0002221752290807,0.7465820000000002,8.950000000000002e-05
698,698,dens_995831511901627711,698,Density,<Substance CCCCCC(C)=O{solv}{x=0.748400}|CCN(CC)CC{solv}{x=0.251600}>,CCCCCC(C)=O,CCN(CC)CC,Protein-Null-0.0.3-4-mer-AAQAA3-1E3-2-OPC3_opc3,1,0.7812939081205479,0.0002017821269883,0.7899410000000002,0.0001055
699,699,dhmix_1001984601109558110,699,EnthalpyOfMixing,<Substance CCCCCC(C)=O{solv}{x=0.492000}|CCN(CC)CC{solv}{x=0.508000}>,CCCCCC(C)=O,CCN(CC)CC,Protein-Null-0.0.3-4-mer-AAQAA3-1E3-2-OPC3_opc3,1,0.2343527968380172,0.0467500983655342,0.419,0.0045
700,700,dens_1887829851815986883,700,Density,<Substance CCCCCC(C)=O{solv}{x=0.503200}|CCN(CC)CC{solv}{x=0.496800}>,CCCCCC(C)=O,CCN(CC)CC,Protein-Null-0.0.3-4-mer-AAQAA3-1E3-2-OPC3_opc3,1,0.7641633911928829,0.000197047856957,0.7684760000000002,9.800000000000002e-05
701,701,dhmix_2085744568401562111,701,EnthalpyOfMixing,<Substance CCCCCC(C)=O{solv}{x=0.293900}|CCN(CC)CC{solv}{x=0.706100}>,CCCCCC(C)=O,CCN(CC)CC,Protein-Null-0.0.3-4-mer-AAQAA3-1E3-2-OPC3_opc3,1,0.3052805329155461,0.0540146994505227,0.412,0.0045
702,702,dens_436049638479549968,702,Density,<Substance COC=O{solv}{x=0.472500}|ClCCCl{solv}{x=0.527500}>,COC=O,ClCCCl,Protein-Null-0.0.3-4-mer-AAQAA3-1E3-2-OPC3_opc3,1,1.118788142184088,0.0004258590706954,1.1269600000000004,0.000285
703,703,dens_627145458965592302,703,Density,<Substance COC=O{solv}{x=0.753000}|ClCCCl{solv}{x=0.247000}>,COC=O,ClCCCl,Protein-Null-0.0.3-4-mer-AAQAA3-1E3-2-OPC3_opc3,1,1.0581248039052051,0.0003428144736019,1.0461600000000004,0.000205
704,704,dhmix_731680623269260416,704,EnthalpyOfMixing,<Substance COC=O{solv}{x=0.250800}|ClCCCl{solv}{x=0.749200}>,COC=O,ClCCCl,Protein-Null-0.0.3-4-mer-AAQAA3-1E3-2-OPC3_opc3,1,0.5979179383618192,0.0339654231306508,0.0793,0.0007
705,705,dens_1488543630772933598,705,Density,<Substance COC=O{solv}{x=0.279500}|ClCCCl{solv}{x=0.720500}>,COC=O,ClCCCl,Protein-Null-0.0.3-4-mer-AAQAA3-1E3-2-OPC3_opc3,1,1.1537139373543233,0.0004524290218871,1.1777100000000005,0.00034
706,706,dhmix_2170321998768851974,706,EnthalpyOfMixing,<Substance COC=O{solv}{x=0.732200}|ClCCCl{solv}{x=0.267800}>,COC=O,ClCCCl,Protein-Null-0.0.3-4-mer-AAQAA3-1E3-2-OPC3_opc3,1,0.6001301675082193,0.0314789582343616,0.0733,0.00065
707,707,dhmix_2249001225536869896,707,EnthalpyOfMixing,<Substance COC=O{solv}{x=0.487400}|ClCCCl{solv}{x=0.512600}>,COC=O,ClCCCl,Protein-Null-0.0.3-4-mer-AAQAA3-1E3-2-OPC3_opc3,1,0.7664100181444296,0.0290753985193208,0.1028,0.0008
708,708,dhmix_442816374747487477,708,EnthalpyOfMixing,<Substance NCCCNCCCN{solv}{x=0.801500}|O{solv}{x=0.198500}>,NCCCNCCCN,O,Protein-Null-0.0.3-4-mer-AAQAA3-1E3-2-OPC3_opc3,1,-1.3457355528142951,0.0620339729659217,-2.233,0.024
709,709,dhmix_1795382205757805615,709,EnthalpyOfMixing,<Substance NCCCNCCCN{solv}{x=0.300500}|O{solv}{x=0.699500}>,NCCCNCCCN,O,Protein-Null-0.0.3-4-mer-AAQAA3-1E3-2-OPC3_opc3,1,-5.157271364649148,0.0327461941228149,-6.588,0.07
710,710,dhmix_1814950732748396893,710,EnthalpyOfMixing,<Substance NCCCNCCCN{solv}{x=0.499800}|O{solv}{x=0.500200}>,NCCCNCCCN,O,Protein-Null-0.0.3-4-mer-AAQAA3-1E3-2-OPC3_opc3,1,-4.301858837648428,0.0430061117175385,-5.544,0.059
711,711,dhmix_446869196417408130,711,EnthalpyOfMixing,<Substance NCCNCCO{solv}{x=0.770000}|O{solv}{x=0.230000}>,NCCNCCO,O,Protein-Null-0.0.3-4-mer-AAQAA3-1E3-2-OPC3_opc3,1,-1.4284247256693303,0.043771370563964,-1.711,0.035
712,712,dhmix_673839467313503071,712,EnthalpyOfMixing,<Substance NCCNCCO{solv}{x=0.069900}|O{solv}{x=0.930100}>,NCCNCCO,O,Protein-Null-0.0.3-4-mer-AAQAA3-1E3-2-OPC3_opc3,1,-1.130235535997322,0.0234278516963668,-1.713,0.035
713,713,dens_688094438561771555,713,Density,<Substance NCCNCCO{solv}{x=0.799700}|O{solv}{x=0.200300}>,NCCNCCO,O,Protein-Null-0.0.3-4-mer-AAQAA3-1E3-2-OPC3_opc3,1,1.0852603100709577,0.0001369037570595,1.0318300000000002,0.00024
714,714,dhmix_1682883323293489147,714,EnthalpyOfMixing,<Substance NCCNCCO{solv}{x=0.400100}|O{solv}{x=0.599900}>,NCCNCCO,O,Protein-Null-0.0.3-4-mer-AAQAA3-1E3-2-OPC3_opc3,1,-2.9497003376143383,0.033556265499501,-4.15,0.0845
715,715,dens_2045176885611624977,715,Density,<Substance NCCNCCO{solv}{x=0.070000}|O{solv}{x=0.930000}>,NCCNCCO,O,Protein-Null-0.0.3-4-mer-AAQAA3-1E3-2-OPC3_opc3,1,1.035740040199674,0.0003746046002522,1.0222800000000003,0.000125
716,716,dens_2280714043292214506,716,Density,<Substance NCCNCCO{solv}{x=0.399700}|O{solv}{x=0.600300}>,NCCNCCO,O,Protein-Null-0.0.3-4-mer-AAQAA3-1E3-2-OPC3_opc3,1,1.0778186842312572,0.0003607242566576,1.0370100000000002,0.00017
717,717,dens_448105363780466270,717,Density,<Substance CCCCCCCl{solv}{x=0.498300}|CN(C)C=O{solv}{x=0.501700}>,CCCCCCCl,CN(C)C=O,Protein-Null-0.0.3-4-mer-AAQAA3-1E3-2-OPC3_opc3,1,0.8809944405648473,0.00025436165993,0.8974000000000002,0.0003
718,718,dens_1134260732394863277,718,Density,<Substance CCCCCCCl{solv}{x=0.729300}|CN(C)C=O{solv}{x=0.270700}>,CCCCCCCl,CN(C)C=O,Protein-Null-0.0.3-4-mer-AAQAA3-1E3-2-OPC3_opc3,1,0.870018157882151,0.0002807172839918,0.8844000000000002,0.0003
719,719,dhmix_1150917243327149472,719,EnthalpyOfMixing,<Substance CCCCCCCl{solv}{x=0.500000}|CN(C)C=O{solv}{x=0.500000}>,CCCCCCCl,CN(C)C=O,Protein-Null-0.0.3-4-mer-AAQAA3-1E3-2-OPC3_opc3,1,1.1881585962522223,0.0359693739381627,0.847,0.004
720,720,dhmix_1166656674614639609,720,EnthalpyOfMixing,<Substance CCCCCCCl{solv}{x=0.204000}|CN(C)C=O{solv}{x=0.796000}>,CCCCCCCl,CN(C)C=O,Protein-Null-0.0.3-4-mer-AAQAA3-1E3-2-OPC3_opc3,1,0.8139043647329629,0.0401788654615191,0.583,0.004
721,721,dhmix_1262474968830454367,721,EnthalpyOfMixing,<Substance CCCCCCCl{solv}{x=0.795000}|CN(C)C=O{solv}{x=0.205000}>,CCCCCCCl,CN(C)C=O,Protein-Null-0.0.3-4-mer-AAQAA3-1E3-2-OPC3_opc3,1,0.8214110571024378,0.0446149703230764,0.542,0.0035
722,722,dens_1862934255267356180,722,Density,<Substance CCCCCCCl{solv}{x=0.200700}|CN(C)C=O{solv}{x=0.799300}>,CCCCCCCl,CN(C)C=O,Protein-Null-0.0.3-4-mer-AAQAA3-1E3-2-OPC3_opc3,1,0.9002012431569885,0.0002465063313124,0.9218000000000002,0.00025
723,723,dhmix_457000181442392641,723,EnthalpyOfMixing,<Substance CCOCCO{solv}{x=0.241100}|c1ccccc1{solv}{x=0.758900}>,CCOCCO,c1ccccc1,Protein-Null-0.0.3-4-mer-AAQAA3-1E3-2-OPC3_opc3,1,0.5880995107610403,0.0378204758931628,0.6303,0.00815
724,724,dhmix_501726034520661035,724,EnthalpyOfMixing,<Substance CCOCCO{solv}{x=0.733600}|c1ccccc1{solv}{x=0.266400}>,CCOCCO,c1ccccc1,Protein-Null-0.0.3-4-mer-AAQAA3-1E3-2-OPC3_opc3,1,0.4176940501396586,0.0420347233466662,0.2326,0.0033
725,725,dens_577983044895299238,725,Density,<Substance CCOCCO{solv}{x=0.251800}|c1ccccc1{solv}{x=0.748200}>,CCOCCO,c1ccccc1,Protein-Null-0.0.3-4-mer-AAQAA3-1E3-2-OPC3_opc3,1,0.8777577645419145,0.0002788453639256,0.8849000000000002,0.00081
726,726,dens_1506946378386070831,726,Density,<Substance CCOCCO{solv}{x=0.750800}|c1ccccc1{solv}{x=0.249200}>,CCOCCO,c1ccccc1,Protein-Null-0.0.3-4-mer-AAQAA3-1E3-2-OPC3_opc3,1,0.9093770567486996,0.0002111123926814,0.9134500000000004,0.000685
727,727,dhmix_1801594081157333975,727,EnthalpyOfMixing,<Substance CCOCCO{solv}{x=0.478600}|c1ccccc1{solv}{x=0.521400}>,CCOCCO,c1ccccc1,Protein-Null-0.0.3-4-mer-AAQAA3-1E3-2-OPC3_opc3,1,0.4515539890496711,0.0391180237148416,0.4912,0.00645
728,728,dens_2128846755225827916,728,Density,<Substance CCOCCO{solv}{x=0.504800}|c1ccccc1{solv}{x=0.495200}>,CCOCCO,c1ccccc1,Protein-Null-0.0.3-4-mer-AAQAA3-1E3-2-OPC3_opc3,1,0.8942682106046863,0.0002669667793795,0.8995700000000003,0.000745
729,729,dhmix_466383569529620932,729,EnthalpyOfMixing,<Substance CC(=O)N(C)C{solv}{x=0.505000}|CCCCCCCl{solv}{x=0.495000}>,CC(=O)N(C)C,CCCCCCCl,Protein-Null-0.0.3-4-mer-AAQAA3-1E3-2-OPC3_opc3,1,0.8397530839834246,0.042529132680211,0.61,0.003
730,730,dhmix_493694362228351572,730,EnthalpyOfMixing,<Substance CC(=O)N(C)C{solv}{x=0.798000}|CCCCCCCl{solv}{x=0.202000}>,CC(=O)N(C)C,CCCCCCCl,Protein-Null-0.0.3-4-mer-AAQAA3-1E3-2-OPC3_opc3,1,0.5464876593485073,0.0436100232946636,0.425,0.003
731,731,dhmix_626564461179097700,731,EnthalpyOfMixing,<Substance CC(=O)N(C)C{solv}{x=0.211000}|CCCCCCCl{solv}{x=0.789000}>,CC(=O)N(C)C,CCCCCCCl,Protein-Null-0.0.3-4-mer-AAQAA3-1E3-2-OPC3_opc3,1,0.6380830140039961,0.04499218024496,0.38,0.003
732,732,dens_1720641323575133011,732,Density,<Substance CC(=O)N(C)C{solv}{x=0.200300}|CCCCCCCl{solv}{x=0.799700}>,CC(=O)N(C)C,CCCCCCCl,Protein-Null-0.0.3-4-mer-AAQAA3-1E3-2-OPC3_opc3,1,0.8666903156497886,0.0002579577771252,0.8816000000000003,0.00025
733,733,dens_1817345990638851984,733,Density,<Substance CC(=O)N(C)C{solv}{x=0.503000}|CCCCCCCl{solv}{x=0.497000}>,CC(=O)N(C)C,CCCCCCCl,Protein-Null-0.0.3-4-mer-AAQAA3-1E3-2-OPC3_opc3,1,0.8774781090550677,0.0002403000084442,0.8975000000000002,0.00025
734,734,dens_1885054129776339889,734,Density,<Substance CC(=O)N(C)C{solv}{x=0.699200}|CCCCCCCl{solv}{x=0.300800}>,CC(=O)N(C)C,CCCCCCCl,Protein-Null-0.0.3-4-mer-AAQAA3-1E3-2-OPC3_opc3,1,0.8853355995418517,0.0001696409808165,0.9104000000000002,0.0002
735,735,dens_468507243072548580,735,Density,<Substance CCC#N{solv}{x=0.701200}|CCOC(C)(C)CC{solv}{x=0.298800}>,CCC#N,CCOC(C)(C)CC,Protein-Null-0.0.3-4-mer-AAQAA3-1E3-2-OPC3_opc3,1,0.7733680830235008,0.0002393929770235,0.7715000000000002,0.0004
736,736,dhmix_553135124490085656,736,EnthalpyOfMixing,<Substance CCC#N{solv}{x=0.502500}|CCOC(C)(C)CC{solv}{x=0.497500}>,CCC#N,CCOC(C)(C)CC,Protein-Null-0.0.3-4-mer-AAQAA3-1E3-2-OPC3_opc3,1,0.2009414611743167,0.0448901121769687,0.7023,0.00955
737,737,dens_762108332272225600,737,Density,<Substance CCC#N{solv}{x=0.502500}|CCOC(C)(C)CC{solv}{x=0.497500}>,CCC#N,CCOC(C)(C)CC,Protein-Null-0.0.3-4-mer-AAQAA3-1E3-2-OPC3_opc3,1,0.7705678161007156,0.0002319277545605,0.7683000000000001,0.00035
738,738,dens_967634241844220739,738,Density,<Substance CCC#N{solv}{x=0.200900}|CCOC(C)(C)CC{solv}{x=0.799100}>,CCC#N,CCOC(C)(C)CC,Protein-Null-0.0.3-4-mer-AAQAA3-1E3-2-OPC3_opc3,1,0.7661511686910307,0.0002019839390011,0.7638000000000001,0.00025
739,739,dhmix_1961082112686431376,739,EnthalpyOfMixing,<Substance CCC#N{solv}{x=0.200900}|CCOC(C)(C)CC{solv}{x=0.799100}>,CCC#N,CCOC(C)(C)CC,Protein-Null-0.0.3-4-mer-AAQAA3-1E3-2-OPC3_opc3,1,0.1578051956822932,0.0505681111212931,0.502,0.00685
740,740,dhmix_2005765786246998093,740,EnthalpyOfMixing,<Substance CCC#N{solv}{x=0.701200}|CCOC(C)(C)CC{solv}{x=0.298800}>,CCC#N,CCOC(C)(C)CC,Protein-Null-0.0.3-4-mer-AAQAA3-1E3-2-OPC3_opc3,1,0.2188824041990145,0.0313259390513747,0.5863,0.008
741,741,dhmix_471514663464011364,741,EnthalpyOfMixing,<Substance C1CCOCC1{solv}{x=0.722000}|CCCCCO{solv}{x=0.278000}>,C1CCOCC1,CCCCCO,Protein-Null-0.0.3-4-mer-AAQAA3-1E3-2-OPC3_opc3,1,1.1166461199755986,0.0425992124235324,0.8628,0.00745
742,742,dens_910343796235321484,742,Density,<Substance C1CCOCC1{solv}{x=0.298700}|CCCCCO{solv}{x=0.701300}>,C1CCOCC1,CCCCCO,Protein-Null-0.0.3-4-mer-AAQAA3-1E3-2-OPC3_opc3,1,0.8239210878519168,0.0001838326121423,0.8293300000000002,0.00034
743,743,dens_1812069868432416079,743,Density,<Substance C1CCOCC1{solv}{x=0.800000}|CCCCCO{solv}{x=0.200000}>,C1CCOCC1,CCCCCO,Protein-Null-0.0.3-4-mer-AAQAA3-1E3-2-OPC3_opc3,1,0.853966164389381,0.0002574653708236,0.8635900000000002,0.000315
744,744,dhmix_1936206883965149188,744,EnthalpyOfMixing,<Substance C1CCOCC1{solv}{x=0.526000}|CCCCCO{solv}{x=0.474000}>,C1CCOCC1,CCCCCO,Protein-Null-0.0.3-4-mer-AAQAA3-1E3-2-OPC3_opc3,1,1.1935723550145385,0.0409088117460303,0.97,0.00615
745,745,dhmix_1992318015190346725,745,EnthalpyOfMixing,<Substance C1CCOCC1{solv}{x=0.217000}|CCCCCO{solv}{x=0.783000}>,C1CCOCC1,CCCCCO,Protein-Null-0.0.3-4-mer-AAQAA3-1E3-2-OPC3_opc3,1,0.7845228810772795,0.0398511867364221,0.6006,0.00455
746,746,dens_2204330198012032768,746,Density,<Substance C1CCOCC1{solv}{x=0.499400}|CCCCCO{solv}{x=0.500600}>,C1CCOCC1,CCCCCO,Protein-Null-0.0.3-4-mer-AAQAA3-1E3-2-OPC3_opc3,1,0.8351077237707917,0.0002324872081836,0.8425400000000002,0.00033
747,747,dhmix_472822428299818953,747,EnthalpyOfMixing,<Substance CC(C)CC(C)(C)C{solv}{x=0.700500}|CCCCO{solv}{x=0.299500}>,CC(C)CC(C)(C)C,CCCCO,Protein-Null-0.0.3-4-mer-AAQAA3-1E3-2-OPC3_opc3,1,0.7290611589930336,0.0484471871249305,0.6228,0.0028
748,748,dhmix_628387028768654403,748,EnthalpyOfMixing,<Substance CC(C)CC(C)(C)C{solv}{x=0.499900}|CCCCO{solv}{x=0.500100}>,CC(C)CC(C)(C)C,CCCCO,Protein-Null-0.0.3-4-mer-AAQAA3-1E3-2-OPC3_opc3,1,0.7461978681270125,0.0433470070349613,0.5938,0.0027
749,749,dens_631668933678639865,749,Density,<Substance CC(C)CC(C)(C)C{solv}{x=0.200000}|CCCCO{solv}{x=0.800000}>,CC(C)CC(C)(C)C,CCCCO,Protein-Null-0.0.3-4-mer-AAQAA3-1E3-2-OPC3_opc3,1,0.7715985236482489,0.0002041568561344,0.7696800000000001,0.000295
750,750,dens_1394470087977586253,750,Density,<Substance CC(C)CC(C)(C)C{solv}{x=0.500000}|CCCCO{solv}{x=0.500000}>,CC(C)CC(C)(C)C,CCCCO,Protein-Null-0.0.3-4-mer-AAQAA3-1E3-2-OPC3_opc3,1,0.7393721072571876,0.0002367794975958,0.7294000000000002,0.000285
751,751,dens_1809610870413503056,751,Density,<Substance CC(C)CC(C)(C)C{solv}{x=0.699900}|CCCCO{solv}{x=0.300100}>,CC(C)CC(C)(C)C,CCCCO,Protein-Null-0.0.3-4-mer-AAQAA3-1E3-2-OPC3_opc3,1,0.7234730519996381,0.000214039437818,0.7097700000000001,0.000285
752,752,dhmix_2302589146189152767,752,EnthalpyOfMixing,<Substance CC(C)CC(C)(C)C{solv}{x=0.200200}|CCCCO{solv}{x=0.799800}>,CC(C)CC(C)(C)C,CCCCO,Protein-Null-0.0.3-4-mer-AAQAA3-1E3-2-OPC3_opc3,1,0.3304327994125273,0.0444363636877513,0.27646,0.003235
753,753,dens_486902622078179007,753,Density,<Substance COC=O{solv}{x=0.494600}|CO{solv}{x=0.505400}>,CO,COC=O,Protein-Null-0.0.3-4-mer-AAQAA3-1E3-2-OPC3_opc3,1,0.901944053654264,0.0003888292752649,0.8956100000000002,7.500000000000002e-05
754,754,dens_750646162221180186,754,Density,<Substance COC=O{solv}{x=0.083300}|CO{solv}{x=0.916700}>,CO,COC=O,Protein-Null-0.0.3-4-mer-AAQAA3-1E3-2-OPC3_opc3,1,0.7925001752955367,0.0004067270247341,0.8088000000000002,9.000000000000002e-05
755,755,dhmix_1113631207235753369,755,EnthalpyOfMixing,<Substance COC=O{solv}{x=0.717800}|CO{solv}{x=0.282200}>,CO,COC=O,Protein-Null-0.0.3-4-mer-AAQAA3-1E3-2-OPC3_opc3,1,0.6869616434601401,0.0249525692044753,1.105,0.012
756,756,dhmix_2143911117683117531,756,EnthalpyOfMixing,<Substance COC=O{solv}{x=0.512700}|CO{solv}{x=0.487300}>,CO,COC=O,Protein-Null-0.0.3-4-mer-AAQAA3-1E3-2-OPC3_opc3,1,0.841090906613239,0.0296461733875192,1.179,0.0125
757,757,dens_2148324189014877510,757,Density,<Substance COC=O{solv}{x=0.727100}|CO{solv}{x=0.272900}>,CO,COC=O,Protein-Null-0.0.3-4-mer-AAQAA3-1E3-2-OPC3_opc3,1,0.948071471690898,0.0003754645921479,0.9321000000000004,8.000000000000002e-05
758,758,dhmix_2205254965267695203,758,EnthalpyOfMixing,<Substance COC=O{solv}{x=0.083300}|CO{solv}{x=0.916700}>,CO,COC=O,Protein-Null-0.0.3-4-mer-AAQAA3-1E3-2-OPC3_opc3,1,0.3181887281899813,0.0332794722649992,0.311,0.0035
759,759,dhmix_497300242003673148,759,EnthalpyOfMixing,<Substance BrCCBr{solv}{x=0.284100}|CCCCOC(=O)CCC{solv}{x=0.715900}>,BrCCBr,CCCCOC(=O)CCC,Protein-Null-0.0.3-4-mer-AAQAA3-1E3-2-OPC3_opc3,1,-0.6269484760165298,0.0468201834064096,-0.054,0.001
760,760,dhmix_712261179736749495,760,EnthalpyOfMixing,<Substance BrCCBr{solv}{x=0.515300}|CCCCOC(=O)CCC{solv}{x=0.484700}>,BrCCBr,CCCCOC(=O)CCC,Protein-Null-0.0.3-4-mer-AAQAA3-1E3-2-OPC3_opc3,1,-0.796113456030227,0.0426138917674839,-0.027,0.0005
761,761,dens_846614854165535724,761,Density,<Substance BrCCBr{solv}{x=0.212900}|CCCCOC(=O)CCC{solv}{x=0.787100}>,BrCCBr,CCCCOC(=O)CCC,Protein-Null-0.0.3-4-mer-AAQAA3-1E3-2-OPC3_opc3,1,1.018014671323887,0.0002118356234227,1.0245500000000003,0.00013
762,762,dens_1085110183353279404,762,Density,<Substance BrCCBr{solv}{x=0.730000}|CCCCOC(=O)CCC{solv}{x=0.270000}>,BrCCBr,CCCCOC(=O)CCC,Protein-Null-0.0.3-4-mer-AAQAA3-1E3-2-OPC3_opc3,1,1.5957927466676456,0.0004063884189327,1.6231500000000003,0.000405
763,763,dhmix_2153957437015117204,763,EnthalpyOfMixing,<Substance BrCCBr{solv}{x=0.763900}|CCCCOC(=O)CCC{solv}{x=0.236100}>,BrCCBr,CCCCOC(=O)CCC,Protein-Null-0.0.3-4-mer-AAQAA3-1E3-2-OPC3_opc3,1,-0.5494931144040507,0.0377704714764615,0.051,0.001
764,764,dens_2242615301342819560,764,Density,<Substance BrCCBr{solv}{x=0.449300}|CCCCOC(=O)CCC{solv}{x=0.550700}>,BrCCBr,CCCCOC(=O)CCC,Protein-Null-0.0.3-4-mer-AAQAA3-1E3-2-OPC3_opc3,1,1.2389199353076332,0.0002774041143086,1.2506100000000002,0.000225
765,765,dens_501060706627477242,765,Density,<Substance OC1=NCCC1{solv}{x=0.500000}|O{solv}{x=0.500000}>,O,OC1=NCCC1,Protein-Null-0.0.3-4-mer-AAQAA3-1E3-2-OPC3_opc3,1,1.0608076610583348,0.0003788372565842,1.0977070000000004,0.0005555
766,766,dens_929065521104254808,766,Density,<Substance OC1=NCCC1{solv}{x=0.744800}|O{solv}{x=0.255200}>,O,OC1=NCCC1,Protein-Null-0.0.3-4-mer-AAQAA3-1E3-2-OPC3_opc3,1,1.0688066433056669,0.0003653593037265,1.1044310000000004,0.000577
767,767,dhmix_1128968771311392860,767,EnthalpyOfMixing,<Substance OC1=NCCC1{solv}{x=0.769300}|O{solv}{x=0.230700}>,O,OC1=NCCC1,Protein-Null-0.0.3-4-mer-AAQAA3-1E3-2-OPC3_opc3,1,0.7138666173781019,0.039586301601067,-0.678,0.1695
768,768,dens_1192491633684345401,768,Density,<Substance OC1=NCCC1{solv}{x=0.246800}|O{solv}{x=0.753200}>,O,OC1=NCCC1,Protein-Null-0.0.3-4-mer-AAQAA3-1E3-2-OPC3_opc3,1,1.045271499485107,0.0003479537500885,1.077068,0.0004905
769,769,dhmix_1775375132531538271,769,EnthalpyOfMixing,<Substance OC1=NCCC1{solv}{x=0.478300}|O{solv}{x=0.521700}>,O,OC1=NCCC1,Protein-Null-0.0.3-4-mer-AAQAA3-1E3-2-OPC3_opc3,1,0.7530699934958136,0.0311447335100342,-0.8384,0.20965
770,770,dhmix_1895825007089845103,770,EnthalpyOfMixing,<Substance OC1=NCCC1{solv}{x=0.231900}|O{solv}{x=0.768100}>,O,OC1=NCCC1,Protein-Null-0.0.3-4-mer-AAQAA3-1E3-2-OPC3_opc3,1,0.5990680772446666,0.0229584823466766,-0.5238,0.13095
771,771,dens_502738970558558534,771,Density,<Substance BrCCBr{solv}{x=0.749000}|COC=O{solv}{x=0.251000}>,BrCCBr,COC=O,Protein-Null-0.0.3-4-mer-AAQAA3-1E3-2-OPC3_opc3,1,1.8886994500425316,0.0004469150594426,1.9319600000000008,0.003535
772,772,dhmix_523129341332875255,772,EnthalpyOfMixing,<Substance BrCCBr{solv}{x=0.059500}|COC=O{solv}{x=0.940500}>,BrCCBr,COC=O,Protein-Null-0.0.3-4-mer-AAQAA3-1E3-2-OPC3_opc3,1,0.2965216274167246,0.0316743421329744,0.1715,0.00215
773,773,dens_528986974844153101,773,Density,<Substance BrCCBr{solv}{x=0.059800}|COC=O{solv}{x=0.940200}>,BrCCBr,COC=O,Protein-Null-0.0.3-4-mer-AAQAA3-1E3-2-OPC3_opc3,1,1.0879319200845092,0.0003296343471942,1.06428,0.00056
774,774,dhmix_1521152703631810888,774,EnthalpyOfMixing,<Substance BrCCBr{solv}{x=0.757400}|COC=O{solv}{x=0.242600}>,BrCCBr,COC=O,Protein-Null-0.0.3-4-mer-AAQAA3-1E3-2-OPC3_opc3,1,0.4377877793657578,0.0308847455360514,0.653,0.00585
775,775,dhmix_1685647138770344206,775,EnthalpyOfMixing,<Substance BrCCBr{solv}{x=0.528100}|COC=O{solv}{x=0.471900}>,BrCCBr,COC=O,Protein-Null-0.0.3-4-mer-AAQAA3-1E3-2-OPC3_opc3,1,0.5550112476908726,0.0266980746251554,0.8123,0.00705
776,776,dens_1945150067923572864,776,Density,<Substance BrCCBr{solv}{x=0.501500}|COC=O{solv}{x=0.498500}>,BrCCBr,COC=O,Protein-Null-0.0.3-4-mer-AAQAA3-1E3-2-OPC3_opc3,1,1.647765834358185,0.0005259593468605,1.6620300000000003,0.00232
777,777,dens_511283508189056955,777,Density,<Substance CCO{solv}{x=0.291400}|CN(C)CCO{solv}{x=0.708600}>,CCO,CN(C)CCO,Protein-Null-0.0.3-4-mer-AAQAA3-1E3-2-OPC3_opc3,1,0.8801328727341569,0.0002419095050519,0.8710100000000002,0.000165
778,778,dhmix_1055456388735168345,778,EnthalpyOfMixing,<Substance CCO{solv}{x=0.508400}|CN(C)CCO{solv}{x=0.491600}>,CCO,CN(C)CCO,Protein-Null-0.0.3-4-mer-AAQAA3-1E3-2-OPC3_opc3,1,-0.75087531751808,0.0352805082849571,-0.4044,0.0044
779,779,dens_1119930253414624267,779,Density,<Substance CCO{solv}{x=0.699500}|CN(C)CCO{solv}{x=0.300500}>,CCO,CN(C)CCO,Protein-Null-0.0.3-4-mer-AAQAA3-1E3-2-OPC3_opc3,1,0.8390876113538587,0.0002235612714632,0.8345000000000002,0.000135
780,780,dhmix_1132835222292135012,780,EnthalpyOfMixing,<Substance CCO{solv}{x=0.268600}|CN(C)CCO{solv}{x=0.731400}>,CCO,CN(C)CCO,Protein-Null-0.0.3-4-mer-AAQAA3-1E3-2-OPC3_opc3,1,-0.6067655556966685,0.0438177846384899,-0.2783,0.0031
781,781,dens_1964926738263319597,781,Density,<Substance CCO{solv}{x=0.494900}|CN(C)CCO{solv}{x=0.505100}>,CCO,CN(C)CCO,Protein-Null-0.0.3-4-mer-AAQAA3-1E3-2-OPC3_opc3,1,0.862295111317749,0.0002273353046173,0.8566200000000002,0.00015
782,782,dhmix_2011138895468245368,782,EnthalpyOfMixing,<Substance CCO{solv}{x=0.733500}|CN(C)CCO{solv}{x=0.266500}>,CCO,CN(C)CCO,Protein-Null-0.0.3-4-mer-AAQAA3-1E3-2-OPC3_opc3,1,-0.5933181917189536,0.0394466832165973,-0.3657,0.004
783,783,dhmix_517287783481256565,783,EnthalpyOfMixing,<Substance CN(C)C=O{solv}{x=0.701000}|ClCCCCCl{solv}{x=0.299000}>,CN(C)C=O,ClCCCCCl,Protein-Null-0.0.3-4-mer-AAQAA3-1E3-2-OPC3_opc3,1,0.4276808327889654,0.0380757453667073,-0.052,0.002
784,784,dens_765057686797526715,784,Density,<Substance CN(C)C=O{solv}{x=0.794300}|ClCCCCCl{solv}{x=0.205700}>,CN(C)C=O,ClCCCCCl,Protein-Null-0.0.3-4-mer-AAQAA3-1E3-2-OPC3_opc3,1,0.970510829868384,0.000249293907195,0.9934000000000002,0.00245
785,785,dens_1092490027864410415,785,Density,<Substance CN(C)C=O{solv}{x=0.502200}|ClCCCCCl{solv}{x=0.497800}>,CN(C)C=O,ClCCCCCl,Protein-Null-0.0.3-4-mer-AAQAA3-1E3-2-OPC3_opc3,1,1.0326160324039102,0.000281181542248,1.0524000000000004,0.0022
786,786,dens_1571926938169630329,786,Density,<Substance CN(C)C=O{solv}{x=0.299400}|ClCCCCCl{solv}{x=0.700600}>,CN(C)C=O,ClCCCCCl,Protein-Null-0.0.3-4-mer-AAQAA3-1E3-2-OPC3_opc3,1,1.0697799108554054,0.0003067612352246,1.0879000000000003,0.0021
787,787,dhmix_1989422051580285053,787,EnthalpyOfMixing,<Substance CN(C)C=O{solv}{x=0.501000}|ClCCCCCl{solv}{x=0.499000}>,CN(C)C=O,ClCCCCCl,Protein-Null-0.0.3-4-mer-AAQAA3-1E3-2-OPC3_opc3,1,0.5501678281330342,0.0385558758855411,-0.056,0.002
788,788,dhmix_2190775305913174779,788,EnthalpyOfMixing,<Substance CN(C)C=O{solv}{x=0.204000}|ClCCCCCl{solv}{x=0.796000}>,CN(C)C=O,ClCCCCCl,Protein-Null-0.0.3-4-mer-AAQAA3-1E3-2-OPC3_opc3,1,0.4134661982926673,0.0430637161245283,-0.039,0.002
789,789,dens_518199256039095036,789,Density,<Substance CCCCO{solv}{x=0.496400}|NCCN{solv}{x=0.503600}>,CCCCO,NCCN,Protein-Null-0.0.3-4-mer-AAQAA3-1E3-2-OPC3_opc3,1,0.8924258816260171,0.0003057999346953,0.8519430000000002,0.000219
790,790,dens_866492593379488722,790,Density,<Substance CCCCO{solv}{x=0.739800}|NCCN{solv}{x=0.260200}>,CCCCO,NCCN,Protein-Null-0.0.3-4-mer-AAQAA3-1E3-2-OPC3_opc3,1,0.843212970310808,0.0002585369905976,0.8325090000000002,0.000221
791,791,dens_2064365769538781360,791,Density,<Substance CCCCO{solv}{x=0.291900}|NCCN{solv}{x=0.708100}>,CCCCO,NCCN,Protein-Null-0.0.3-4-mer-AAQAA3-1E3-2-OPC3_opc3,1,0.941470672302725,0.0003564830767672,0.8676960000000002,0.0002205
792,792,dens_520201021244222151,792,Density,<Substance O=C1CCCO1{solv}{x=0.300000}|O{solv}{x=0.700000}>,O,O=C1CCCO1,Protein-Null-0.0.3-4-mer-AAQAA3-1E3-2-OPC3_opc3,1,1.0682517481315572,0.000340804923837,1.0886000000000002,0.0001
793,793,dens_2198925124601089428,793,Density,<Substance O=C1CCCO1{solv}{x=0.500000}|O{solv}{x=0.500000}>,O,O=C1CCCO1,Protein-Null-0.0.3-4-mer-AAQAA3-1E3-2-OPC3_opc3,1,1.0852629940242302,0.0002492623347064,1.1059000000000003,0.0001
794,794,dens_2272207838075726438,794,Density,<Substance O=C1CCCO1{solv}{x=0.800000}|O{solv}{x=0.200000}>,O,O=C1CCCO1,Protein-Null-0.0.3-4-mer-AAQAA3-1E3-2-OPC3_opc3,1,1.0967023008292474,0.0001954167528572,1.1182000000000003,0.0001
795,795,dhmix_524376395520217080,795,EnthalpyOfMixing,<Substance CC(C)CC(C)(C)C{solv}{x=0.440700}|CCCC(=O)OC{solv}{x=0.559300}>,CC(C)CC(C)(C)C,CCCC(=O)OC,Protein-Null-0.0.3-4-mer-AAQAA3-1E3-2-OPC3_opc3,1,1.5310754610194124,0.0497594729366274,1.053,0.0115
796,796,dens_581090592491592243,796,Density,<Substance CC(C)CC(C)(C)C{solv}{x=0.298100}|CCCC(=O)OC{solv}{x=0.701900}>,CC(C)CC(C)(C)C,CCCC(=O)OC,Protein-Null-0.0.3-4-mer-AAQAA3-1E3-2-OPC3_opc3,1,0.8173775296790665,0.0002226175990867,0.8119000000000002,0.000505
797,797,dens_1497434747823371430,797,Density,<Substance CC(C)CC(C)(C)C{solv}{x=0.724300}|CCCC(=O)OC{solv}{x=0.275700}>,CC(C)CC(C)(C)C,CCCC(=O)OC,Protein-Null-0.0.3-4-mer-AAQAA3-1E3-2-OPC3_opc3,1,0.7419106864661634,0.0001914616425964,0.7279000000000001,0.000505
798,798,dhmix_1614087501371550297,798,EnthalpyOfMixing,<Substance CC(C)CC(C)(C)C{solv}{x=0.762900}|CCCC(=O)OC{solv}{x=0.237100}>,CC(C)CC(C)(C)C,CCCC(=O)OC,Protein-Null-0.0.3-4-mer-AAQAA3-1E3-2-OPC3_opc3,1,1.254282630905081,0.0507770566599395,0.789,0.0085
799,799,dens_1842979547629422953,799,Density,<Substance CC(C)CC(C)(C)C{solv}{x=0.441000}|CCCC(=O)OC{solv}{x=0.559000}>,CC(C)CC(C)(C)C,CCCC(=O)OC,Protein-Null-0.0.3-4-mer-AAQAA3-1E3-2-OPC3_opc3,1,0.789216180702934,0.0002374291324408,0.7803000000000001,0.000505
800,800,dhmix_2246911102339588209,800,EnthalpyOfMixing,<Substance CC(C)CC(C)(C)C{solv}{x=0.298200}|CCCC(=O)OC{solv}{x=0.701800}>,CC(C)CC(C)(C)C,CCCC(=O)OC,Protein-Null-0.0.3-4-mer-AAQAA3-1E3-2-OPC3_opc3,1,1.386359502558662,0.0476170213420957,0.884,0.0095
801,801,dhmix_536798507677319129,801,EnthalpyOfMixing,<Substance C1COCO1{solv}{x=0.267900}|Cc1ccccc1Cl{solv}{x=0.732100}>,C1COCO1,Cc1ccccc1Cl,Protein-Null-0.0.3-4-mer-AAQAA3-1E3-2-OPC3_opc3,1,0.3141128422204104,0.0449782532369325,0.272,0.0015
802,802,dens_559535483529614058,802,Density,<Substance C1COCO1{solv}{x=0.726600}|Cc1ccccc1Cl{solv}{x=0.273400}>,C1COCO1,Cc1ccccc1Cl,Protein-Null-0.0.3-4-mer-AAQAA3-1E3-2-OPC3_opc3,1,1.0859508814027763,0.0002844657228234,1.0652000000000004,0.0005
803,803,dens_731520844601672570,803,Density,<Substance C1COCO1{solv}{x=0.268500}|Cc1ccccc1Cl{solv}{x=0.731500}>,C1COCO1,Cc1ccccc1Cl,Protein-Null-0.0.3-4-mer-AAQAA3-1E3-2-OPC3_opc3,1,1.066596352528094,0.000288980186171,1.0630000000000002,0.0005
804,804,dens_839907656840905053,804,Density,<Substance C1COCO1{solv}{x=0.516900}|Cc1ccccc1Cl{solv}{x=0.483100}>,C1COCO1,Cc1ccccc1Cl,Protein-Null-0.0.3-4-mer-AAQAA3-1E3-2-OPC3_opc3,1,1.0819548874359093,0.0002748825779108,1.0694000000000004,0.0005
805,805,dhmix_1308085019204784636,805,EnthalpyOfMixing,<Substance C1COCO1{solv}{x=0.500900}|Cc1ccccc1Cl{solv}{x=0.499100}>,C1COCO1,Cc1ccccc1Cl,Protein-Null-0.0.3-4-mer-AAQAA3-1E3-2-OPC3_opc3,1,0.3570021151665372,0.0400480285282129,0.393,0.002
806,806,dhmix_1924685013370154802,806,EnthalpyOfMixing,<Substance C1COCO1{solv}{x=0.760400}|Cc1ccccc1Cl{solv}{x=0.239600}>,C1COCO1,Cc1ccccc1Cl,Protein-Null-0.0.3-4-mer-AAQAA3-1E3-2-OPC3_opc3,1,0.2394886359602566,0.0399366549102481,0.313,0.0015
807,807,dhmix_549919019055097043,807,EnthalpyOfMixing,<Substance C1CCCCC1{solv}{x=0.799100}|CC(C)O{solv}{x=0.200900}>,C1CCCCC1,CC(C)O,Protein-Null-0.0.3-4-mer-AAQAA3-1E3-2-OPC3_opc3,1,0.8353532954037206,0.0410979956519374,0.702,0.017
808,808,dhmix_1101575580592240663,808,EnthalpyOfMixing,<Substance C1CCCCC1{solv}{x=0.199500}|CC(C)O{solv}{x=0.800500}>,C1CCCCC1,CC(C)O,Protein-Null-0.0.3-4-mer-AAQAA3-1E3-2-OPC3_opc3,1,0.3504072074247439,0.0404210839665743,0.438,0.011
809,809,dhmix_1262965345724899699,809,EnthalpyOfMixing,<Substance C1CCCCC1{solv}{x=0.498400}|CC(C)O{solv}{x=0.501600}>,C1CCCCC1,CC(C)O,Protein-Null-0.0.3-4-mer-AAQAA3-1E3-2-OPC3_opc3,1,0.8359142147768566,0.0361901404602605,0.801,0.0195
810,810,dens_1431184569437551541,810,Density,<Substance C1CCCCC1{solv}{x=0.705800}|CC(C)O{solv}{x=0.294200}>,C1CCCCC1,CC(C)O,Protein-Null-0.0.3-4-mer-AAQAA3-1E3-2-OPC3_opc3,1,0.7596789663281195,0.0002187156400888,0.7711100000000002,0.000245
811,811,dens_2097249982689376165,811,Density,<Substance C1CCCCC1{solv}{x=0.200000}|CC(C)O{solv}{x=0.800000}>,C1CCCCC1,CC(C)O,Protein-Null-0.0.3-4-mer-AAQAA3-1E3-2-OPC3_opc3,1,0.7841177155974884,0.0002453899728423,0.7761000000000002,0.0003
812,812,dens_2130071224188444793,812,Density,<Substance C1CCCCC1{solv}{x=0.503900}|CC(C)O{solv}{x=0.496100}>,C1CCCCC1,CC(C)O,Protein-Null-0.0.3-4-mer-AAQAA3-1E3-2-OPC3_opc3,1,0.7664987169983177,0.0002687495309124,0.7719000000000001,0.0003
813,813,dens_562489367284385084,813,Density,<Substance CCCCC(=O)OC{solv}{x=0.251100}|COC(C)=O{solv}{x=0.748900}>,CCCCC(=O)OC,COC(C)=O,Protein-Null-0.0.3-4-mer-AAQAA3-1E3-2-OPC3_opc3,1,0.9129506892197586,0.0002560176883179,0.9105300000000002,0.000505
814,814,dhmix_814771684244180933,814,EnthalpyOfMixing,<Substance CCCCC(=O)OC{solv}{x=0.733900}|COC(C)=O{solv}{x=0.266100}>,CCCCC(=O)OC,COC(C)=O,Protein-Null-0.0.3-4-mer-AAQAA3-1E3-2-OPC3_opc3,1,0.076501908503697,0.0459611376444059,0.178,0.002
815,815,dhmix_915202362324204655,815,EnthalpyOfMixing,<Substance CCCCC(=O)OC{solv}{x=0.505500}|COC(C)=O{solv}{x=0.494500}>,CCCCC(=O)OC,COC(C)=O,Protein-Null-0.0.3-4-mer-AAQAA3-1E3-2-OPC3_opc3,1,0.1474166372964624,0.0403593922541453,0.238,0.0025
816,816,dhmix_935892165648195197,816,EnthalpyOfMixing,<Substance CCCCC(=O)OC{solv}{x=0.234700}|COC(C)=O{solv}{x=0.765300}>,CCCCC(=O)OC,COC(C)=O,Protein-Null-0.0.3-4-mer-AAQAA3-1E3-2-OPC3_opc3,1,0.0471500554162744,0.0383961242052143,0.173,0.002
817,817,dens_961692445804333991,817,Density,<Substance CCCCC(=O)OC{solv}{x=0.738300}|COC(C)=O{solv}{x=0.261700}>,CCCCC(=O)OC,COC(C)=O,Protein-Null-0.0.3-4-mer-AAQAA3-1E3-2-OPC3_opc3,1,0.8906351102550077,0.0002409157574,0.8914700000000002,0.000505
818,818,dens_1493380961688632529,818,Density,<Substance CCCCC(=O)OC{solv}{x=0.493500}|COC(C)=O{solv}{x=0.506500}>,CCCCC(=O)OC,COC(C)=O,Protein-Null-0.0.3-4-mer-AAQAA3-1E3-2-OPC3_opc3,1,0.9004386030633786,0.0002199184424659,0.8996200000000002,0.000505
819,819,dhmix_563342363018905515,819,EnthalpyOfMixing,<Substance CCOC(=O)CC(C)=O{solv}{x=0.751400}|O{solv}{x=0.248600}>,CCOC(=O)CC(C)=O,O,Protein-Null-0.0.3-4-mer-AAQAA3-1E3-2-OPC3_opc3,1,0.6814271930498421,0.0475603849837919,1.128,0.012
820,820,dhmix_1385095028103136291,820,EnthalpyOfMixing,<Substance CCOC(=O)CC(C)=O{solv}{x=0.449100}|O{solv}{x=0.550900}>,CCOC(=O)CC(C)=O,O,Protein-Null-0.0.3-4-mer-AAQAA3-1E3-2-OPC3_opc3,1,0.5114857900144614,0.0268481136292209,0.684,0.0075
821,821,dhmix_1609967394780907654,821,EnthalpyOfMixing,<Substance CCOC(=O)CC(C)=O{solv}{x=0.299400}|O{solv}{x=0.700600}>,CCOC(=O)CC(C)=O,O,Protein-Null-0.0.3-4-mer-AAQAA3-1E3-2-OPC3_opc3,1,0.4807372676005457,0.0330269919593859,0.428,0.005
822,822,dhmix_566259260175961973,822,EnthalpyOfMixing,<Substance CCCCO{solv}{x=0.144700}|OC1=NCCC1{solv}{x=0.855300}>,CCCCO,OC1=NCCC1,Protein-Null-0.0.3-4-mer-AAQAA3-1E3-2-OPC3_opc3,1,0.8820422365351419,0.0354532453803443,0.0949,0.0012
823,823,dens_1146983614802652988,823,Density,<Substance CCCCO{solv}{x=0.500400}|OC1=NCCC1{solv}{x=0.499600}>,CCCCO,OC1=NCCC1,Protein-Null-0.0.3-4-mer-AAQAA3-1E3-2-OPC3_opc3,1,0.9303026746852262,0.0002273293252093,0.94503,0.00015
824,824,dhmix_1601732489230179724,824,EnthalpyOfMixing,<Substance CCCCO{solv}{x=0.497800}|OC1=NCCC1{solv}{x=0.502200}>,CCCCO,OC1=NCCC1,Protein-Null-0.0.3-4-mer-AAQAA3-1E3-2-OPC3_opc3,1,1.5717143437426486,0.0375661366503283,0.2326,0.0026
825,825,dhmix_1661138478850718837,825,EnthalpyOfMixing,<Substance CCCCO{solv}{x=0.754800}|OC1=NCCC1{solv}{x=0.245200}>,CCCCO,OC1=NCCC1,Protein-Null-0.0.3-4-mer-AAQAA3-1E3-2-OPC3_opc3,1,1.373666842908356,0.0422390205288738,0.2356,0.00265
826,826,dens_1878955695276199878,826,Density,<Substance CCCCO{solv}{x=0.144600}|OC1=NCCC1{solv}{x=0.855400}>,CCCCO,OC1=NCCC1,Protein-Null-0.0.3-4-mer-AAQAA3-1E3-2-OPC3_opc3,1,1.026984588677256,0.0002927677719928,1.0575900000000005,0.000205
827,827,dens_2101998760005952263,827,Density,<Substance CCCCO{solv}{x=0.755500}|OC1=NCCC1{solv}{x=0.244500}>,CCCCO,OC1=NCCC1,Protein-Null-0.0.3-4-mer-AAQAA3-1E3-2-OPC3_opc3,1,0.8628868703340984,0.000207561474702,0.8711500000000002,0.000185
828,828,dhmix_569012254773025696,828,EnthalpyOfMixing,<Substance CC(C)(C)O{solv}{x=0.505700}|OC1=NCCC1{solv}{x=0.494300}>,CC(C)(C)O,OC1=NCCC1,Protein-Null-0.0.3-4-mer-AAQAA3-1E3-2-OPC3_opc3,1,2.21966674079934,0.0388583461321068,0.4323,0.0047
829,829,dens_992979807705536615,829,Density,<Substance CC(C)(C)O{solv}{x=0.751100}|OC1=NCCC1{solv}{x=0.248900}>,CC(C)(C)O,OC1=NCCC1,Protein-Null-0.0.3-4-mer-AAQAA3-1E3-2-OPC3_opc3,1,0.873700391492057,0.0003344529267633,0.8505700000000003,0.000215
830,830,dens_1020722913861580636,830,Density,<Substance CC(C)(C)O{solv}{x=0.499700}|OC1=NCCC1{solv}{x=0.500300}>,CC(C)(C)O,OC1=NCCC1,Protein-Null-0.0.3-4-mer-AAQAA3-1E3-2-OPC3_opc3,1,0.9346502872173248,0.0002415314400651,0.9282800000000002,0.00018
831,831,dhmix_1408261346335628114,831,EnthalpyOfMixing,<Substance CC(C)(C)O{solv}{x=0.744900}|OC1=NCCC1{solv}{x=0.255100}>,CC(C)(C)O,OC1=NCCC1,Protein-Null-0.0.3-4-mer-AAQAA3-1E3-2-OPC3_opc3,1,1.786572477902595,0.0457375243514586,0.3774,0.00415
832,832,dhmix_1466823939183874689,832,EnthalpyOfMixing,<Substance CC(C)(C)O{solv}{x=0.257800}|OC1=NCCC1{solv}{x=0.742200}>,CC(C)(C)O,OC1=NCCC1,Protein-Null-0.0.3-4-mer-AAQAA3-1E3-2-OPC3_opc3,1,1.3500531987885722,0.0393029412503775,0.2874,0.0032
833,833,dens_1768273433543243004,833,Density,<Substance CC(C)(C)O{solv}{x=0.276400}|OC1=NCCC1{solv}{x=0.723600}>,CC(C)(C)O,OC1=NCCC1,Protein-Null-0.0.3-4-mer-AAQAA3-1E3-2-OPC3_opc3,1,0.9927823604022716,0.000263057302412,1.0036300000000002,0.000155
834,834,dens_571827819113574480,834,Density,<Substance CC(C)OC(C)C{solv}{x=0.700400}|Cc1ccccc1{solv}{x=0.299600}>,CC(C)OC(C)C,Cc1ccccc1,Protein-Null-0.0.3-4-mer-AAQAA3-1E3-2-OPC3_opc3,1,0.7667515654426739,0.0002321283433783,0.7573100000000001,0.000155
835,835,dhmix_686402805609192969,835,EnthalpyOfMixing,<Substance CC(C)OC(C)C{solv}{x=0.228000}|Cc1ccccc1{solv}{x=0.772000}>,CC(C)OC(C)C,Cc1ccccc1,Protein-Null-0.0.3-4-mer-AAQAA3-1E3-2-OPC3_opc3,1,-0.132216211550272,0.0417174383072882,0.0593,0.00515
836,836,dhmix_1045652173440309018,836,EnthalpyOfMixing,<Substance CC(C)OC(C)C{solv}{x=0.752000}|Cc1ccccc1{solv}{x=0.248000}>,CC(C)OC(C)C,Cc1ccccc1,Protein-Null-0.0.3-4-mer-AAQAA3-1E3-2-OPC3_opc3,1,-0.2061903830804752,0.0437524214566344,-0.0091,0.00505
837,837,dhmix_1690461453403165745,837,EnthalpyOfMixing,<Substance CC(C)OC(C)C{solv}{x=0.455000}|Cc1ccccc1{solv}{x=0.545000}>,CC(C)OC(C)C,Cc1ccccc1,Protein-Null-0.0.3-4-mer-AAQAA3-1E3-2-OPC3_opc3,1,-0.1869161019786034,0.0310889804077035,0.0323,0.0051
838,838,dens_2086775654110573795,838,Density,<Substance CC(C)OC(C)C{solv}{x=0.200400}|Cc1ccccc1{solv}{x=0.799600}>,CC(C)OC(C)C,Cc1ccccc1,Protein-Null-0.0.3-4-mer-AAQAA3-1E3-2-OPC3_opc3,1,0.8242806194375419,0.0002183417480763,0.8299700000000002,0.00014
839,839,dens_2167043968237201720,839,Density,<Substance CC(C)OC(C)C{solv}{x=0.500300}|Cc1ccccc1{solv}{x=0.499700}>,CC(C)OC(C)C,Cc1ccccc1,Protein-Null-0.0.3-4-mer-AAQAA3-1E3-2-OPC3_opc3,1,0.789357982693553,0.0002257144883506,0.7849200000000002,0.000155
840,840,dhmix_578047845607378963,840,EnthalpyOfMixing,<Substance CN1CCCC1=O{solv}{x=0.635900}|c1ccncc1{solv}{x=0.364100}>,CN1CCCC1=O,c1ccncc1,Protein-Null-0.0.3-4-mer-AAQAA3-1E3-2-OPC3_opc3,1,-0.3727313520351316,0.0387768012282608,-0.4013,0.10035
841,841,dhmix_625120262301063359,841,EnthalpyOfMixing,<Substance CN1CCCC1=O{solv}{x=0.231200}|c1ccncc1{solv}{x=0.768800}>,CN1CCCC1=O,c1ccncc1,Protein-Null-0.0.3-4-mer-AAQAA3-1E3-2-OPC3_opc3,1,-0.3140227688920376,0.0328630775504693,-0.3157,0.07895
842,842,dens_1059919274311274879,842,Density,<Substance CN1CCCC1=O{solv}{x=0.521500}|c1ccncc1{solv}{x=0.478500}>,CN1CCCC1=O,c1ccncc1,Protein-Null-0.0.3-4-mer-AAQAA3-1E3-2-OPC3_opc3,1,0.9930747647344192,0.0002356047231592,1.0158200000000004,0.00051
843,843,dens_1445187430653020908,843,Density,<Substance CN1CCCC1=O{solv}{x=0.234800}|c1ccncc1{solv}{x=0.765200}>,CN1CCCC1=O,c1ccncc1,Protein-Null-0.0.3-4-mer-AAQAA3-1E3-2-OPC3_opc3,1,0.9864677876247572,0.0002713641059912,0.9983500000000004,0.00051
844,844,dhmix_1933003504821603087,844,EnthalpyOfMixing,<Substance CN1CCCC1=O{solv}{x=0.499500}|c1ccncc1{solv}{x=0.500500}>,CN1CCCC1=O,c1ccncc1,Protein-Null-0.0.3-4-mer-AAQAA3-1E3-2-OPC3_opc3,1,-0.3920105707856294,0.036929499560064,-0.4356,0.1089
845,845,dens_2199047009222847682,845,Density,<Substance CN1CCCC1=O{solv}{x=0.636400}|c1ccncc1{solv}{x=0.363600}>,CN1CCCC1=O,c1ccncc1,Protein-Null-0.0.3-4-mer-AAQAA3-1E3-2-OPC3_opc3,1,0.995559249333228,0.0002505616952897,1.0207400000000002,0.00051
846,846,dens_586351122522837789,846,Density,<Substance c1cc[nH]c1{solv}{x=0.820700}|c1ccccc1{solv}{x=0.179300}>,c1cc[nH]c1,c1ccccc1,Protein-Null-0.0.3-4-mer-AAQAA3-1E3-2-OPC3_opc3,1,0.9586320729932504,0.0002697725001774,0.9503300000000002,0.000195
847,847,dhmix_1101447260293284221,847,EnthalpyOfMixing,<Substance c1cc[nH]c1{solv}{x=0.494000}|c1ccccc1{solv}{x=0.506000}>,c1cc[nH]c1,c1ccccc1,Protein-Null-0.0.3-4-mer-AAQAA3-1E3-2-OPC3_opc3,1,0.5620036182700261,0.0321306483376078,0.609,0.00395
848,848,dens_1366042600317618213,848,Density,<Substance c1cc[nH]c1{solv}{x=0.503000}|c1ccccc1{solv}{x=0.497000}>,c1cc[nH]c1,c1ccccc1,Protein-Null-0.0.3-4-mer-AAQAA3-1E3-2-OPC3_opc3,1,0.9169378126733604,0.0002893584556891,0.9220400000000002,0.00019
849,849,dens_2042223650153961549,849,Density,<Substance c1cc[nH]c1{solv}{x=0.314200}|c1ccccc1{solv}{x=0.685800}>,c1cc[nH]c1,c1ccccc1,Protein-Null-0.0.3-4-mer-AAQAA3-1E3-2-OPC3_opc3,1,0.8949741795145442,0.0002996067251852,0.9043500000000002,0.000195
850,850,dhmix_2080652523589171296,850,EnthalpyOfMixing,<Substance c1cc[nH]c1{solv}{x=0.820800}|c1ccccc1{solv}{x=0.179200}>,c1cc[nH]c1,c1ccccc1,Protein-Null-0.0.3-4-mer-AAQAA3-1E3-2-OPC3_opc3,1,0.2894011429381038,0.0362156514497295,0.3441,0.00245
851,851,dhmix_2101365800313583195,851,EnthalpyOfMixing,<Substance c1cc[nH]c1{solv}{x=0.314000}|c1ccccc1{solv}{x=0.686000}>,c1cc[nH]c1,c1ccccc1,Protein-Null-0.0.3-4-mer-AAQAA3-1E3-2-OPC3_opc3,1,0.491641894241738,0.0366907339392076,0.5893,0.00385
852,852,dens_592296207180530796,852,Density,<Substance C1CCNCC1{solv}{x=0.250000}|O{solv}{x=0.750000}>,C1CCNCC1,O,Protein-Null-0.0.3-4-mer-AAQAA3-1E3-2-OPC3_opc3,1,0.920598388224254,0.0003720068186844,0.9379600000000002,0.000185
853,853,dhmix_598563182385523239,853,EnthalpyOfMixing,<Substance C1CCNCC1{solv}{x=0.750000}|O{solv}{x=0.250000}>,C1CCNCC1,O,Protein-Null-0.0.3-4-mer-AAQAA3-1E3-2-OPC3_opc3,1,-0.7416795732418535,0.0380245518611248,-1.4628,0.02995
854,854,dens_1144696340343060729,854,Density,<Substance C1CCNCC1{solv}{x=0.500000}|O{solv}{x=0.500000}>,C1CCNCC1,O,Protein-Null-0.0.3-4-mer-AAQAA3-1E3-2-OPC3_opc3,1,0.8931334510056899,0.0002557994576203,0.90329,0.000235
855,855,dens_1551117370864361960,855,Density,<Substance C1CCNCC1{solv}{x=0.750000}|O{solv}{x=0.250000}>,C1CCNCC1,O,Protein-Null-0.0.3-4-mer-AAQAA3-1E3-2-OPC3_opc3,1,0.8773302135472058,0.0002201486476078,0.8771300000000002,0.000285
856,856,dhmix_2023343497633678069,856,EnthalpyOfMixing,<Substance C1CCNCC1{solv}{x=0.500000}|O{solv}{x=0.500000}>,C1CCNCC1,O,Protein-Null-0.0.3-4-mer-AAQAA3-1E3-2-OPC3_opc3,1,-1.1312133654419494,0.0330022132065397,-2.1379,0.04355
857,857,dhmix_2169709193905404129,857,EnthalpyOfMixing,<Substance C1CCNCC1{solv}{x=0.250000}|O{solv}{x=0.750000}>,C1CCNCC1,O,Protein-Null-0.0.3-4-mer-AAQAA3-1E3-2-OPC3_opc3,1,-0.9256820388316368,0.0263816450256437,-1.9642,0.04065
858,858,dhmix_597694390671293228,858,EnthalpyOfMixing,<Substance C1CCCCC1{solv}{x=0.495000}|c1cc[nH]c1{solv}{x=0.505000}>,C1CCCCC1,c1cc[nH]c1,Protein-Null-0.0.3-4-mer-AAQAA3-1E3-2-OPC3_opc3,1,1.3742129010145874,0.0364884334557523,1.4275,0.00895
859,859,dens_1402964712081643759,859,Density,<Substance C1CCCCC1{solv}{x=0.281700}|c1cc[nH]c1{solv}{x=0.718300}>,C1CCCCC1,c1cc[nH]c1,Protein-Null-0.0.3-4-mer-AAQAA3-1E3-2-OPC3_opc3,1,0.888605932799315,0.0001803355403889,0.9082800000000002,0.00023
860,860,dens_1463337814181203578,860,Density,<Substance C1CCCCC1{solv}{x=0.925100}|c1cc[nH]c1{solv}{x=0.074900}>,C1CCCCC1,c1cc[nH]c1,Protein-Null-0.0.3-4-mer-AAQAA3-1E3-2-OPC3_opc3,1,0.762281810598352,0.0002178393802625,0.7860300000000001,0.00026
861,861,dens_1586039458655447443,861,Density,<Substance C1CCCCC1{solv}{x=0.494200}|c1cc[nH]c1{solv}{x=0.505800}>,C1CCCCC1,c1cc[nH]c1,Protein-Null-0.0.3-4-mer-AAQAA3-1E3-2-OPC3_opc3,1,0.8369072265619817,0.0002034230573659,0.8661300000000002,0.000235
862,862,dhmix_1650717903260721901,862,EnthalpyOfMixing,<Substance C1CCCCC1{solv}{x=0.924800}|c1cc[nH]c1{solv}{x=0.075200}>,C1CCCCC1,c1cc[nH]c1,Protein-Null-0.0.3-4-mer-AAQAA3-1E3-2-OPC3_opc3,1,0.7487617225833816,0.049182000240742,0.7315,0.00535
863,863,dhmix_1709124910710738018,863,EnthalpyOfMixing,<Substance C1CCCCC1{solv}{x=0.281800}|c1cc[nH]c1{solv}{x=0.718200}>,C1CCCCC1,c1cc[nH]c1,Protein-Null-0.0.3-4-mer-AAQAA3-1E3-2-OPC3_opc3,1,1.271660264762005,0.0350620782280872,1.245,0.00795
864,864,dhmix_602003453564252918,864,EnthalpyOfMixing,<Substance COc1ccccc1{solv}{x=0.767000}|OCCc1ccccc1{solv}{x=0.233000}>,COc1ccccc1,OCCc1ccccc1,Protein-Null-0.0.3-4-mer-AAQAA3-1E3-2-OPC3_opc3,1,1.0741244305266022,0.0466024851471051,1.1154,0.01195
865,865,dhmix_831666159864093343,865,EnthalpyOfMixing,<Substance COc1ccccc1{solv}{x=0.267800}|OCCc1ccccc1{solv}{x=0.732200}>,COc1ccccc1,OCCc1ccccc1,Protein-Null-0.0.3-4-mer-AAQAA3-1E3-2-OPC3_opc3,1,0.5981317966322948,0.0498676807909273,0.688,0.00745
866,866,dhmix_1415130215717622630,866,EnthalpyOfMixing,<Substance COc1ccccc1{solv}{x=0.523200}|OCCc1ccccc1{solv}{x=0.476800}>,COc1ccccc1,OCCc1ccccc1,Protein-Null-0.0.3-4-mer-AAQAA3-1E3-2-OPC3_opc3,1,0.97347046588429,0.0451452467534063,1.0457,0.0112
867,867,dens_2018050376435813399,867,Density,<Substance COc1ccccc1{solv}{x=0.767300}|OCCc1ccccc1{solv}{x=0.232700}>,COc1ccccc1,OCCc1ccccc1,Protein-Null-0.0.3-4-mer-AAQAA3-1E3-2-OPC3_opc3,1,0.9775844561212108,0.0002098871955639,0.9869000000000002,0.00026
868,868,dens_2083067547090229321,868,Density,<Substance COc1ccccc1{solv}{x=0.524500}|OCCc1ccccc1{solv}{x=0.475500}>,COc1ccccc1,OCCc1ccccc1,Protein-Null-0.0.3-4-mer-AAQAA3-1E3-2-OPC3_opc3,1,0.9860527659438504,0.0002081124431515,0.9943600000000002,0.00026
869,869,dens_2108796896152795987,869,Density,<Substance COc1ccccc1{solv}{x=0.212100}|OCCc1ccccc1{solv}{x=0.787900}>,COc1ccccc1,OCCc1ccccc1,Protein-Null-0.0.3-4-mer-AAQAA3-1E3-2-OPC3_opc3,1,0.9962296615075984,0.0002230420493122,1.0032600000000005,0.00026
870,870,dhmix_607389561715885318,870,EnthalpyOfMixing,<Substance CC(C)O{solv}{x=0.750600}|CCOC(=O)CC(=O)OCC{solv}{x=0.249400}>,CC(C)O,CCOC(=O)CC(=O)OCC,Protein-Null-0.0.3-4-mer-AAQAA3-1E3-2-OPC3_opc3,1,1.8788082241893136,0.0381027781333898,1.955,0.021
871,871,dhmix_970997719035766241,871,EnthalpyOfMixing,<Substance CC(C)O{solv}{x=0.249200}|CCOC(=O)CC(=O)OCC{solv}{x=0.750800}>,CC(C)O,CCOC(=O)CC(=O)OCC,Protein-Null-0.0.3-4-mer-AAQAA3-1E3-2-OPC3_opc3,1,1.8233462527937832,0.0582341610952557,1.804,0.0195
872,872,dens_1055220895195342210,872,Density,<Substance CC(C)O{solv}{x=0.700000}|CCOC(=O)CC(=O)OCC{solv}{x=0.300000}>,CC(C)O,CCOC(=O)CC(=O)OCC,Protein-Null-0.0.3-4-mer-AAQAA3-1E3-2-OPC3_opc3,1,0.9204048915369106,0.0002325321882227,0.9013080000000002,0.000163
873,873,dens_1059428282849222105,873,Density,<Substance CC(C)O{solv}{x=0.500100}|CCOC(=O)CC(=O)OCC{solv}{x=0.499900}>,CC(C)O,CCOC(=O)CC(=O)OCC,Protein-Null-0.0.3-4-mer-AAQAA3-1E3-2-OPC3_opc3,1,0.9746798585006629,0.0002538614072112,0.9563730000000004,0.0001215
874,874,dhmix_2225069850502215858,874,EnthalpyOfMixing,<Substance CC(C)O{solv}{x=0.499700}|CCOC(=O)CC(=O)OCC{solv}{x=0.500300}>,CC(C)O,CCOC(=O)CC(=O)OCC,Protein-Null-0.0.3-4-mer-AAQAA3-1E3-2-OPC3_opc3,1,2.074428437702295,0.0467875331350475,2.369,0.0255
875,875,dens_2227064517025896927,875,Density,<Substance CC(C)O{solv}{x=0.200000}|CCOC(=O)CC(=O)OCC{solv}{x=0.800000}>,CC(C)O,CCOC(=O)CC(=O)OCC,Protein-Null-0.0.3-4-mer-AAQAA3-1E3-2-OPC3_opc3,1,1.0332594429156334,0.0003672894278749,1.0176930000000002,0.000103
876,876,dhmix_614525131410782877,876,EnthalpyOfMixing,<Substance CCCCCC(C)=O{solv}{x=0.491300}|CCCCNCCCC{solv}{x=0.508700}>,CCCCCC(C)=O,CCCCNCCCC,Protein-Null-0.0.3-4-mer-AAQAA3-1E3-2-OPC3_opc3,1,-0.1512342374600592,0.0522124453760285,0.278,0.003
877,877,dhmix_1051001364116056564,877,EnthalpyOfMixing,<Substance CCCCCC(C)=O{solv}{x=0.781100}|CCCCNCCCC{solv}{x=0.218900}>,CCCCCC(C)=O,CCCCNCCCC,Protein-Null-0.0.3-4-mer-AAQAA3-1E3-2-OPC3_opc3,1,-0.122067095721313,0.0455035569972756,0.164,0.002
878,878,dens_1087422962538109584,878,Density,<Substance CCCCCC(C)=O{solv}{x=0.449900}|CCCCNCCCC{solv}{x=0.550100}>,CCCCCC(C)=O,CCCCNCCCC,Protein-Null-0.0.3-4-mer-AAQAA3-1E3-2-OPC3_opc3,1,0.7746995714883526,0.0001777534577723,0.7778490000000002,9.250000000000004e-05
879,879,dens_1830187222448876426,879,Density,<Substance CCCCCC(C)=O{solv}{x=0.209700}|CCCCNCCCC{solv}{x=0.790300}>,CCCCCC(C)=O,CCCCNCCCC,Protein-Null-0.0.3-4-mer-AAQAA3-1E3-2-OPC3_opc3,1,0.7656046920064953,0.0001827496112288,0.7655110000000002,8.400000000000002e-05
880,880,dens_2113849591242853193,880,Density,<Substance CCCCCC(C)=O{solv}{x=0.750900}|CCCCNCCCC{solv}{x=0.249100}>,CCCCCC(C)=O,CCCCNCCCC,Protein-Null-0.0.3-4-mer-AAQAA3-1E3-2-OPC3_opc3,1,0.7876684057608176,0.0001942350572521,0.7951660000000003,0.000105
881,881,dhmix_2131918011494960609,881,EnthalpyOfMixing,<Substance CCCCCC(C)=O{solv}{x=0.294700}|CCCCNCCCC{solv}{x=0.705300}>,CCCCCC(C)=O,CCCCNCCCC,Protein-Null-0.0.3-4-mer-AAQAA3-1E3-2-OPC3_opc3,1,-0.037192308561444,0.0510184532860591,0.256,0.003
882,882,dhmix_618866445574413387,882,EnthalpyOfMixing,<Substance C1CCOCC1{solv}{x=0.442500}|Cc1ccccc1C{solv}{x=0.557500}>,C1CCOCC1,Cc1ccccc1C,Protein-Null-0.0.3-4-mer-AAQAA3-1E3-2-OPC3_opc3,1,-0.0699314713719729,0.0430534008121557,-0.0342,0.0006
883,883,dens_643927890193937545,883,Density,<Substance C1CCOCC1{solv}{x=0.518700}|Cc1ccccc1C{solv}{x=0.481300}>,C1CCOCC1,Cc1ccccc1C,Protein-Null-0.0.3-4-mer-AAQAA3-1E3-2-OPC3_opc3,1,0.8606495167858983,0.0002416984091142,0.8779900000000003,0.0005
884,884,dhmix_1129414916141538177,884,EnthalpyOfMixing,<Substance C1CCOCC1{solv}{x=0.744300}|Cc1ccccc1C{solv}{x=0.255700}>,C1CCOCC1,Cc1ccccc1C,Protein-Null-0.0.3-4-mer-AAQAA3-1E3-2-OPC3_opc3,1,0.0114197190331424,0.0465965404089721,0.0421,0.00065
885,885,dens_1429468909820653032,885,Density,<Substance C1CCOCC1{solv}{x=0.231800}|Cc1ccccc1C{solv}{x=0.768200}>,C1CCOCC1,Cc1ccccc1C,Protein-Null-0.0.3-4-mer-AAQAA3-1E3-2-OPC3_opc3,1,0.8574898770080275,0.0002301340815978,0.8770400000000002,0.0005
886,886,dens_1442497603142913792,886,Density,<Substance C1CCOCC1{solv}{x=0.772900}|Cc1ccccc1C{solv}{x=0.227100}>,C1CCOCC1,Cc1ccccc1C,Protein-Null-0.0.3-4-mer-AAQAA3-1E3-2-OPC3_opc3,1,0.8646071213785704,0.0002424287376538,0.8787800000000002,0.000505
887,887,dhmix_2268256048157488415,887,EnthalpyOfMixing,<Substance C1CCOCC1{solv}{x=0.245400}|Cc1ccccc1C{solv}{x=0.754600}>,C1CCOCC1,Cc1ccccc1C,Protein-Null-0.0.3-4-mer-AAQAA3-1E3-2-OPC3_opc3,1,0.021068071847651,0.047088335173132,-0.0613,0.00085
888,888,dens_626398848152359169,888,Density,<Substance C1COCCN1{solv}{x=0.498000}|O{solv}{x=0.502000}>,C1COCCN1,O,Protein-Null-0.0.3-4-mer-AAQAA3-1E3-2-OPC3_opc3,1,1.05140115966653,0.0002632987454877,1.0255000000000003,0.00255
889,889,dhmix_773913810754342365,889,EnthalpyOfMixing,<Substance C1COCCN1{solv}{x=0.714900}|O{solv}{x=0.285100}>,C1COCCN1,O,Protein-Null-0.0.3-4-mer-AAQAA3-1E3-2-OPC3_opc3,1,-1.9957484330649609,0.0346930648934276,-1.753,0.019
890,890,dhmix_1012297674499495059,890,EnthalpyOfMixing,<Substance C1COCCN1{solv}{x=0.201000}|O{solv}{x=0.799000}>,C1COCCN1,O,Protein-Null-0.0.3-4-mer-AAQAA3-1E3-2-OPC3_opc3,1,-1.634864173965206,0.0258174730630127,-2.758,0.0295
891,891,dens_1167008264969667349,891,Density,<Substance C1COCCN1{solv}{x=0.793000}|O{solv}{x=0.207000}>,C1COCCN1,O,Protein-Null-0.0.3-4-mer-AAQAA3-1E3-2-OPC3_opc3,1,1.04610578101678,0.0004987031306281,1.0057000000000005,0.00245
892,892,dhmix_1871930573512426354,892,EnthalpyOfMixing,<Substance C1COCCN1{solv}{x=0.491100}|O{solv}{x=0.508900}>,C1COCCN1,O,Protein-Null-0.0.3-4-mer-AAQAA3-1E3-2-OPC3_opc3,1,-2.4976048345163804,0.0384352056671553,-3.131,0.0335
893,893,dens_2014911999593579414,893,Density,<Substance C1COCCN1{solv}{x=0.298000}|O{solv}{x=0.702000}>,C1COCCN1,O,Protein-Null-0.0.3-4-mer-AAQAA3-1E3-2-OPC3_opc3,1,1.0444636835404566,0.0003726802138141,1.0309000000000004,0.00255
894,894,dens_627753907231278660,894,Density,<Substance CCC(C)=O{solv}{x=0.753100}|CCCNCCC{solv}{x=0.246900}>,CCC(C)=O,CCCNCCC,Protein-Null-0.0.3-4-mer-AAQAA3-1E3-2-OPC3_opc3,1,0.7639223391623521,0.0002743694025986,0.7771510000000001,0.000109
895,895,dens_674236159588910357,895,Density,<Substance CCC(C)=O{solv}{x=0.244600}|CCCNCCC{solv}{x=0.755400}>,CCC(C)=O,CCCNCCC,Protein-Null-0.0.3-4-mer-AAQAA3-1E3-2-OPC3_opc3,1,0.7431389337848123,0.000222811264368,0.7446230000000003,0.0001405
896,896,dhmix_749228177959685874,896,EnthalpyOfMixing,<Substance CCC(C)=O{solv}{x=0.235300}|CCCNCCC{solv}{x=0.764700}>,CCC(C)=O,CCCNCCC,Protein-Null-0.0.3-4-mer-AAQAA3-1E3-2-OPC3_opc3,1,-0.021354583349499,0.0496257293179677,0.299,0.0035
897,897,dhmix_1706960823617656563,897,EnthalpyOfMixing,<Substance CCC(C)=O{solv}{x=0.698400}|CCCNCCC{solv}{x=0.301600}>,CCC(C)=O,CCCNCCC,Protein-Null-0.0.3-4-mer-AAQAA3-1E3-2-OPC3_opc3,1,0.0138529594360718,0.0431222192542885,0.334,0.0035
898,898,dhmix_2102794241345605516,898,EnthalpyOfMixing,<Substance CCC(C)=O{solv}{x=0.505000}|CCCNCCC{solv}{x=0.495000}>,CCC(C)=O,CCCNCCC,Protein-Null-0.0.3-4-mer-AAQAA3-1E3-2-OPC3_opc3,1,-0.011857813004056,0.0452088961131698,0.397,0.0045
899,899,dens_2224864308887622456,899,Density,<Substance CCC(C)=O{solv}{x=0.500600}|CCCNCCC{solv}{x=0.499400}>,CCC(C)=O,CCCNCCC,Protein-Null-0.0.3-4-mer-AAQAA3-1E3-2-OPC3_opc3,1,0.7531130983838985,0.0002551223946,0.7590400000000002,0.000125
900,900,dhmix_628329103086906726,900,EnthalpyOfMixing,<Substance CC1CCCCC1{solv}{x=0.250400}|CCCO{solv}{x=0.749600}>,CC1CCCCC1,CCCO,Protein-Null-0.0.3-4-mer-AAQAA3-1E3-2-OPC3_opc3,1,0.3584989607166022,0.0385272162902063,0.321,0.0055
901,901,dhmix_989207392771680315,901,EnthalpyOfMixing,<Substance CC1CCCCC1{solv}{x=0.750500}|CCCO{solv}{x=0.249500}>,CC1CCCCC1,CCCO,Protein-Null-0.0.3-4-mer-AAQAA3-1E3-2-OPC3_opc3,1,0.6988741924742357,0.0439633539994193,0.574,0.0055
902,902,dens_1351260115393741606,902,Density,<Substance CC1CCCCC1{solv}{x=0.503100}|CCCO{solv}{x=0.496900}>,CC1CCCCC1,CCCO,Protein-Null-0.0.3-4-mer-AAQAA3-1E3-2-OPC3_opc3,1,0.7698671679455245,0.0001835174316421,0.7785600000000001,0.0039
903,903,dens_1376195506089851480,903,Density,<Substance CC1CCCCC1{solv}{x=0.202700}|CCCO{solv}{x=0.797300}>,CC1CCCCC1,CCCO,Protein-Null-0.0.3-4-mer-AAQAA3-1E3-2-OPC3_opc3,1,0.7831983708461284,0.0002911207322809,0.7942000000000002,0.00398
904,904,dens_1501229836503112732,904,Density,<Substance CC1CCCCC1{solv}{x=0.799000}|CCCO{solv}{x=0.201000}>,CC1CCCCC1,CCCO,Protein-Null-0.0.3-4-mer-AAQAA3-1E3-2-OPC3_opc3,1,0.7613231919712731,0.0002027025667371,0.7688300000000002,0.003855
905,905,dhmix_2109805019413953371,905,EnthalpyOfMixing,<Substance CC1CCCCC1{solv}{x=0.500400}|CCCO{solv}{x=0.499600}>,CC1CCCCC1,CCCO,Protein-Null-0.0.3-4-mer-AAQAA3-1E3-2-OPC3_opc3,1,0.6248387205979924,0.0376335291347322,0.533,0.0055
906,906,dhmix_634764080264908666,906,EnthalpyOfMixing,<Substance OCCN1CCOCC1{solv}{x=0.498900}|O{solv}{x=0.501100}>,O,OCCN1CCOCC1,Protein-Null-0.0.3-4-mer-AAQAA3-1E3-2-OPC3_opc3,1,-2.842653247862728,0.0442451004761471,-2.2633,0.02415
907,907,dens_707792343667224312,907,Density,<Substance OCCN1CCOCC1{solv}{x=0.246600}|O{solv}{x=0.753400}>,O,OCCN1CCOCC1,Protein-Null-0.0.3-4-mer-AAQAA3-1E3-2-OPC3_opc3,1,1.0819755420834245,0.0004160898118716,1.0838100000000002,0.00154
908,908,dhmix_1064373607860850902,908,EnthalpyOfMixing,<Substance OCCN1CCOCC1{solv}{x=0.694900}|O{solv}{x=0.305100}>,O,OCCN1CCOCC1,Protein-Null-0.0.3-4-mer-AAQAA3-1E3-2-OPC3_opc3,1,-2.3120872054944357,0.0404402547096331,-1.7936,0.01915
909,909,dhmix_1846281306963870091,909,EnthalpyOfMixing,<Substance OCCN1CCOCC1{solv}{x=0.300200}|O{solv}{x=0.699800}>,O,OCCN1CCOCC1,Protein-Null-0.0.3-4-mer-AAQAA3-1E3-2-OPC3_opc3,1,-2.386242506151127,0.03111543339824,-2.426,0.026
910,910,dens_2238932092645470826,910,Density,<Substance OCCN1CCOCC1{solv}{x=0.743900}|O{solv}{x=0.256100}>,O,OCCN1CCOCC1,Protein-Null-0.0.3-4-mer-AAQAA3-1E3-2-OPC3_opc3,1,1.0865444032414646,0.0001691521750423,1.08031,0.001565
911,911,dens_2269173599223764079,911,Density,<Substance OCCN1CCOCC1{solv}{x=0.485200}|O{solv}{x=0.514800}>,O,OCCN1CCOCC1,Protein-Null-0.0.3-4-mer-AAQAA3-1E3-2-OPC3_opc3,1,1.0916188074252715,0.0003185898397584,1.0866900000000004,0.00159
912,912,dhmix_636778454546345333,912,EnthalpyOfMixing,<Substance C1CCCCC1{solv}{x=0.506300}|CNc1ccccc1{solv}{x=0.493700}>,C1CCCCC1,CNc1ccccc1,Protein-Null-0.0.3-4-mer-AAQAA3-1E3-2-OPC3_opc3,1,2.2944530708698636,0.036986038149339,1.628,0.0175
913,913,dens_1209163492396921559,913,Density,<Substance C1CCCCC1{solv}{x=0.247000}|CNc1ccccc1{solv}{x=0.753000}>,C1CCCCC1,CNc1ccccc1,Protein-Null-0.0.3-4-mer-AAQAA3-1E3-2-OPC3_opc3,1,0.9314410986131992,0.0002458074735274,0.9289450000000002,0.000272
914,914,dens_1438140901521078017,914,Density,<Substance C1CCCCC1{solv}{x=0.494500}|CNc1ccccc1{solv}{x=0.505500}>,C1CCCCC1,CNc1ccccc1,Protein-Null-0.0.3-4-mer-AAQAA3-1E3-2-OPC3_opc3,1,0.8687130148082569,0.0001937307119314,0.8759620000000002,0.0001835
915,915,dens_1482697199055102595,915,Density,<Substance C1CCCCC1{solv}{x=0.746400}|CNc1ccccc1{solv}{x=0.253600}>,C1CCCCC1,CNc1ccccc1,Protein-Null-0.0.3-4-mer-AAQAA3-1E3-2-OPC3_opc3,1,0.8080291494722387,0.0002095784152765,0.8233530000000001,0.000138
916,916,dhmix_1832297119731463766,916,EnthalpyOfMixing,<Substance C1CCCCC1{solv}{x=0.204700}|CNc1ccccc1{solv}{x=0.795300}>,C1CCCCC1,CNc1ccccc1,Protein-Null-0.0.3-4-mer-AAQAA3-1E3-2-OPC3_opc3,1,1.377385357131132,0.0459191876398208,0.972,0.0105
917,917,dhmix_1889368397403208807,917,EnthalpyOfMixing,<Substance C1CCCCC1{solv}{x=0.706600}|CNc1ccccc1{solv}{x=0.293400}>,C1CCCCC1,CNc1ccccc1,Protein-Null-0.0.3-4-mer-AAQAA3-1E3-2-OPC3_opc3,1,1.9179415741442796,0.0408289122631106,1.521,0.0165
918,918,dhmix_637657437173907469,918,EnthalpyOfMixing,<Substance CC(C)=O{solv}{x=0.709700}|CNc1ccccc1{solv}{x=0.290300}>,CC(C)=O,CNc1ccccc1,Protein-Null-0.0.3-4-mer-AAQAA3-1E3-2-OPC3_opc3,1,-0.5667303495273366,0.0433623934550299,-0.525,0.0055
919,919,dhmix_817594693007274900,919,EnthalpyOfMixing,<Substance CC(C)=O{solv}{x=0.231600}|CNc1ccccc1{solv}{x=0.768400}>,CC(C)=O,CNc1ccccc1,Protein-Null-0.0.3-4-mer-AAQAA3-1E3-2-OPC3_opc3,1,-0.5360807892453847,0.047115424896389,-0.5,0.0055
920,920,dens_830664987854613197,920,Density,<Substance CC(C)=O{solv}{x=0.250300}|CNc1ccccc1{solv}{x=0.749700}>,CC(C)=O,CNc1ccccc1,Protein-Null-0.0.3-4-mer-AAQAA3-1E3-2-OPC3_opc3,1,0.9600187101946918,0.0001930740946678,0.9502900000000002,0.0003395
921,921,dhmix_1052042310023734389,921,EnthalpyOfMixing,<Substance CC(C)=O{solv}{x=0.508600}|CNc1ccccc1{solv}{x=0.491400}>,CC(C)=O,CNc1ccccc1,Protein-Null-0.0.3-4-mer-AAQAA3-1E3-2-OPC3_opc3,1,-0.8550738234564754,0.0331959927204341,-0.672,0.0075
922,922,dens_1302333367899693905,922,Density,<Substance CC(C)=O{solv}{x=0.750600}|CNc1ccccc1{solv}{x=0.249400}>,CC(C)=O,CNc1ccccc1,Protein-Null-0.0.3-4-mer-AAQAA3-1E3-2-OPC3_opc3,1,0.8512429761577459,0.0002567864118957,0.8565010000000002,0.000231
923,923,dens_1582643029733708616,923,Density,<Substance CC(C)=O{solv}{x=0.494800}|CNc1ccccc1{solv}{x=0.505200}>,CC(C)=O,CNc1ccccc1,Protein-Null-0.0.3-4-mer-AAQAA3-1E3-2-OPC3_opc3,1,0.9129351046457652,0.000222727026684,0.9107940000000002,0.000263
924,924,dens_650566412384126439,924,Density,<Substance CC(C)CC(C)(C)C{solv}{x=0.158800}|CCCCC(=O)OC{solv}{x=0.841200}>,CC(C)CC(C)(C)C,CCCCC(=O)OC,Protein-Null-0.0.3-4-mer-AAQAA3-1E3-2-OPC3_opc3,1,0.848222786752637,0.0002071623379446,0.8463800000000002,0.000505
925,925,dhmix_986100941633296124,925,EnthalpyOfMixing,<Substance CC(C)CC(C)(C)C{solv}{x=0.481800}|CCCCC(=O)OC{solv}{x=0.518200}>,CC(C)CC(C)(C)C,CCCCC(=O)OC,Protein-Null-0.0.3-4-mer-AAQAA3-1E3-2-OPC3_opc3,1,1.4110121432149612,0.045374298586696,0.866,0.0095
926,926,dens_1095352626338523806,926,Density,<Substance CC(C)CC(C)(C)C{solv}{x=0.742500}|CCCCC(=O)OC{solv}{x=0.257500}>,CC(C)CC(C)(C)C,CCCCC(=O)OC,Protein-Null-0.0.3-4-mer-AAQAA3-1E3-2-OPC3_opc3,1,0.7428050960647313,0.0002121207787468,0.7289800000000002,0.000505
927,927,dens_1260001645299629257,927,Density,<Substance CC(C)CC(C)(C)C{solv}{x=0.498400}|CCCCC(=O)OC{solv}{x=0.501600}>,CC(C)CC(C)(C)C,CCCCC(=O)OC,Protein-Null-0.0.3-4-mer-AAQAA3-1E3-2-OPC3_opc3,1,0.7830687425434045,0.0002125455818163,0.7738400000000002,0.000505
928,928,dhmix_1505455794590867712,928,EnthalpyOfMixing,<Substance CC(C)CC(C)(C)C{solv}{x=0.158900}|CCCCC(=O)OC{solv}{x=0.841100}>,CC(C)CC(C)(C)C,CCCCC(=O)OC,Protein-Null-0.0.3-4-mer-AAQAA3-1E3-2-OPC3_opc3,1,0.7682636473184985,0.0494643121722398,0.438,0.005
929,929,dhmix_1888614200283593194,929,EnthalpyOfMixing,<Substance CC(C)CC(C)(C)C{solv}{x=0.781300}|CCCCC(=O)OC{solv}{x=0.218700}>,CC(C)CC(C)(C)C,CCCCC(=O)OC,Protein-Null-0.0.3-4-mer-AAQAA3-1E3-2-OPC3_opc3,1,1.118946857407039,0.0521036401566336,0.658,0.007
930,930,dhmix_657900975986635712,930,EnthalpyOfMixing,<Substance Cc1ccccc1N{solv}{x=0.782700}|Cc1ccncc1{solv}{x=0.217300}>,Cc1ccccc1N,Cc1ccncc1,Protein-Null-0.0.3-4-mer-AAQAA3-1E3-2-OPC3_opc3,1,-1.006461246843827,0.0509656789610874,-0.8885,0.0182
931,931,dhmix_727678512066874384,931,EnthalpyOfMixing,<Substance Cc1ccccc1N{solv}{x=0.478300}|Cc1ccncc1{solv}{x=0.521700}>,Cc1ccccc1N,Cc1ccncc1,Protein-Null-0.0.3-4-mer-AAQAA3-1E3-2-OPC3_opc3,1,-1.71216305187788,0.044617121333403,-1.4295,0.0291
932,932,dhmix_860941552641107708,932,EnthalpyOfMixing,<Substance Cc1ccccc1N{solv}{x=0.271500}|Cc1ccncc1{solv}{x=0.728500}>,Cc1ccccc1N,Cc1ccncc1,Protein-Null-0.0.3-4-mer-AAQAA3-1E3-2-OPC3_opc3,1,-1.4905122322830735,0.0380911445161023,-1.1791,0.02405
933,933,dens_1148106102021344214,933,Density,<Substance Cc1ccccc1N{solv}{x=0.265500}|Cc1ccncc1{solv}{x=0.734500}>,Cc1ccccc1N,Cc1ccncc1,Protein-Null-0.0.3-4-mer-AAQAA3-1E3-2-OPC3_opc3,1,0.9687338629249782,0.0002270899853862,0.9662520000000002,0.00012
934,934,dens_1294189007890656769,934,Density,<Substance Cc1ccccc1N{solv}{x=0.486300}|Cc1ccncc1{solv}{x=0.513700}>,Cc1ccccc1N,Cc1ccncc1,Protein-Null-0.0.3-4-mer-AAQAA3-1E3-2-OPC3_opc3,1,0.9860363806851736,0.0002226700356378,0.9765780000000002,0.000119
935,935,dens_1461384477504239974,935,Density,<Substance Cc1ccccc1N{solv}{x=0.767400}|Cc1ccncc1{solv}{x=0.232600}>,Cc1ccccc1N,Cc1ccncc1,Protein-Null-0.0.3-4-mer-AAQAA3-1E3-2-OPC3_opc3,1,1.005960001554377,0.000217645392724,0.9868740000000004,0.000118
936,936,dens_671712471159959715,936,Density,<Substance CCCCCCN{solv}{x=0.294400}|CN(C)C=O{solv}{x=0.705600}>,CCCCCCN,CN(C)C=O,Protein-Null-0.0.3-4-mer-AAQAA3-1E3-2-OPC3_opc3,1,0.8627311524277907,0.0002434787217236,0.8676880000000002,0.001057
937,937,dhmix_791979567859859400,937,EnthalpyOfMixing,<Substance CCCCCCN{solv}{x=0.747800}|CN(C)C=O{solv}{x=0.252200}>,CCCCCCN,CN(C)C=O,Protein-Null-0.0.3-4-mer-AAQAA3-1E3-2-OPC3_opc3,1,0.566765091660983,0.0407484180113066,0.461,0.015
938,938,dens_812907294215791908,938,Density,<Substance CCCCCCN{solv}{x=0.450000}|CN(C)C=O{solv}{x=0.550000}>,CCCCCCN,CN(C)C=O,Protein-Null-0.0.3-4-mer-AAQAA3-1E3-2-OPC3_opc3,1,0.8406115490399008,0.0002248704141017,0.8367510000000001,0.001016
939,939,dhmix_1553880519684715156,939,EnthalpyOfMixing,<Substance CCCCCCN{solv}{x=0.249700}|CN(C)C=O{solv}{x=0.750300}>,CCCCCCN,CN(C)C=O,Protein-Null-0.0.3-4-mer-AAQAA3-1E3-2-OPC3_opc3,1,0.534227299531139,0.0323467344153925,0.51,0.0165
940,940,dens_1658157305664412923,940,Density,<Substance CCCCCCN{solv}{x=0.745200}|CN(C)C=O{solv}{x=0.254800}>,CCCCCCN,CN(C)C=O,Protein-Null-0.0.3-4-mer-AAQAA3-1E3-2-OPC3_opc3,1,0.804744659198318,0.0002083627181262,0.7905460000000002,0.0009575
941,941,dhmix_2271922176351407084,941,EnthalpyOfMixing,<Substance CCCCCCN{solv}{x=0.499700}|CN(C)C=O{solv}{x=0.500300}>,CCCCCCN,CN(C)C=O,Protein-Null-0.0.3-4-mer-AAQAA3-1E3-2-OPC3_opc3,1,0.7070652107859345,0.0381202242179945,0.661,0.02
942,942,dhmix_676105854791415053,942,EnthalpyOfMixing,<Substance C=C(C)[C@H]1CC=C(C)CC1{solv}{x=0.540000}|CCCCCO{solv}{x=0.460000}>,C=C(C)[C@H]1CC=C(C)CC1,CCCCCO,Protein-Null-0.0.3-4-mer-AAQAA3-1E3-2-OPC3_opc3,1,0.786556077882139,0.0523484228562826,0.858,0.0345
943,943,dhmix_865539540276734208,943,EnthalpyOfMixing,<Substance C=C(C)[C@H]1CC=C(C)CC1{solv}{x=0.766000}|CCCCCO{solv}{x=0.234000}>,C=C(C)[C@H]1CC=C(C)CC1,CCCCCO,Protein-Null-0.0.3-4-mer-AAQAA3-1E3-2-OPC3_opc3,1,0.7873783529021807,0.0561446862194179,0.782,0.0315
944,944,dens_1544700949225348296,944,Density,<Substance C=C(C)[C@H]1CC=C(C)CC1{solv}{x=0.263500}|CCCCCO{solv}{x=0.736500}>,C=C(C)[C@H]1CC=C(C)CC1,CCCCCO,Protein-Null-0.0.3-4-mer-AAQAA3-1E3-2-OPC3_opc3,1,0.8141093589767864,0.0002099365194563,0.8238000000000002,0.0002
945,945,dens_1638649899512334435,945,Density,<Substance C=C(C)[C@H]1CC=C(C)CC1{solv}{x=0.543500}|CCCCCO{solv}{x=0.456500}>,C=C(C)[C@H]1CC=C(C)CC1,CCCCCO,Protein-Null-0.0.3-4-mer-AAQAA3-1E3-2-OPC3_opc3,1,0.8160432175511318,0.0001906500518272,0.8312000000000003,0.0003
946,946,dens_2014432371647189246,946,Density,<Substance C=C(C)[C@H]1CC=C(C)CC1{solv}{x=0.725200}|CCCCCO{solv}{x=0.274800}>,C=C(C)[C@H]1CC=C(C)CC1,CCCCCO,Protein-Null-0.0.3-4-mer-AAQAA3-1E3-2-OPC3_opc3,1,0.8171908060615465,0.0001901852952534,0.8354000000000001,0.00035
947,947,dhmix_2293008983270202716,947,EnthalpyOfMixing,<Substance C=C(C)[C@H]1CC=C(C)CC1{solv}{x=0.272000}|CCCCCO{solv}{x=0.728000}>,C=C(C)[C@H]1CC=C(C)CC1,CCCCCO,Protein-Null-0.0.3-4-mer-AAQAA3-1E3-2-OPC3_opc3,1,0.4419942551504476,0.0406503993833896,0.532,0.0215
948,948,dens_680086766431069719,948,Density,<Substance CN1CCNCC1{solv}{x=0.209100}|O{solv}{x=0.790900}>,CN1CCNCC1,O,Protein-Null-0.0.3-4-mer-AAQAA3-1E3-2-OPC3_opc3,1,1.0172748589532312,0.0004571328169539,1.0013300000000005,4.000000000000001e-05
949,949,dhmix_979415629850644100,949,EnthalpyOfMixing,<Substance CN1CCNCC1{solv}{x=0.199800}|O{solv}{x=0.800200}>,CN1CCNCC1,O,Protein-Null-0.0.3-4-mer-AAQAA3-1E3-2-OPC3_opc3,1,-4.225364786948763,0.0307143140999503,-4.495,0.048
950,950,dhmix_1386641258873877278,950,EnthalpyOfMixing,<Substance CN1CCNCC1{solv}{x=0.792600}|O{solv}{x=0.207400}>,CN1CCNCC1,O,Protein-Null-0.0.3-4-mer-AAQAA3-1E3-2-OPC3_opc3,1,-1.3516230276495662,0.0431488889246965,-1.753,0.019
951,951,dhmix_1572121970391530461,951,EnthalpyOfMixing,<Substance CN1CCNCC1{solv}{x=0.550000}|O{solv}{x=0.450000}>,CN1CCNCC1,O,Protein-Null-0.0.3-4-mer-AAQAA3-1E3-2-OPC3_opc3,1,-3.288737951687608,0.0355978024062079,-3.547,0.038
952,952,dens_1756096179620961699,952,Density,<Substance CN1CCNCC1{solv}{x=0.510900}|O{solv}{x=0.489100}>,CN1CCNCC1,O,Protein-Null-0.0.3-4-mer-AAQAA3-1E3-2-OPC3_opc3,1,0.9800952489819584,0.0003122556568166,0.9464100000000002,7.000000000000002e-05
953,953,dens_1892970147583328629,953,Density,<Substance CN1CCNCC1{solv}{x=0.706500}|O{solv}{x=0.293500}>,CN1CCNCC1,O,Protein-Null-0.0.3-4-mer-AAQAA3-1E3-2-OPC3_opc3,1,0.9675746454955876,0.0002553944203916,0.9223100000000002,8.500000000000002e-05
954,954,dhmix_681274412655414068,954,EnthalpyOfMixing,<Substance CCCOC(=O)CC{solv}{x=0.739400}|Cc1ccccc1{solv}{x=0.260600}>,CCCOC(=O)CC,Cc1ccccc1,Protein-Null-0.0.3-4-mer-AAQAA3-1E3-2-OPC3_opc3,1,-0.2630811490891886,0.0452823423857779,-0.1135,0.0033
955,955,dhmix_720914323963600437,955,EnthalpyOfMixing,<Substance CCCOC(=O)CC{solv}{x=0.238900}|Cc1ccccc1{solv}{x=0.761100}>,CCCOC(=O)CC,Cc1ccccc1,Protein-Null-0.0.3-4-mer-AAQAA3-1E3-2-OPC3_opc3,1,-0.2720642611158013,0.0415463873687196,-0.1404,0.0037
956,956,dens_1397630560016316656,956,Density,<Substance CCCOC(=O)CC{solv}{x=0.274700}|Cc1ccccc1{solv}{x=0.725300}>,CCCOC(=O)CC,Cc1ccccc1,Protein-Null-0.0.3-4-mer-AAQAA3-1E3-2-OPC3_opc3,1,0.8583083367153503,0.0002153816111799,0.8675700000000003,0.00018
957,957,dhmix_1646061995263935606,957,EnthalpyOfMixing,<Substance CCCOC(=O)CC{solv}{x=0.548600}|Cc1ccccc1{solv}{x=0.451400}>,CCCOC(=O)CC,Cc1ccccc1,Protein-Null-0.0.3-4-mer-AAQAA3-1E3-2-OPC3_opc3,1,-0.3232532808458046,0.0447871057654849,-0.1583,0.004
958,958,dens_1792064777238352129,958,Density,<Substance CCCOC(=O)CC{solv}{x=0.490700}|Cc1ccccc1{solv}{x=0.509300}>,CCCOC(=O)CC,Cc1ccccc1,Protein-Null-0.0.3-4-mer-AAQAA3-1E3-2-OPC3_opc3,1,0.8639175882293767,0.0002015483323852,0.8707300000000002,0.00019
959,959,dens_1826904081955826008,959,Density,<Substance CCCOC(=O)CC{solv}{x=0.734600}|Cc1ccccc1{solv}{x=0.265400}>,CCCOC(=O)CC,Cc1ccccc1,Protein-Null-0.0.3-4-mer-AAQAA3-1E3-2-OPC3_opc3,1,0.868124288727143,0.0002142873857079,0.8734100000000001,0.00021
960,960,dens_685747331874801159,960,Density,<Substance CN1CCOCC1{solv}{x=0.498300}|O{solv}{x=0.501700}>,CN1CCOCC1,O,Protein-Null-0.0.3-4-mer-AAQAA3-1E3-2-OPC3_opc3,1,0.9830088453127848,0.0004233938213796,0.9627600000000002,0.00084
961,961,dens_1087644349445114282,961,Density,<Substance CN1CCOCC1{solv}{x=0.253800}|O{solv}{x=0.746200}>,CN1CCOCC1,O,Protein-Null-0.0.3-4-mer-AAQAA3-1E3-2-OPC3_opc3,1,0.9973750539361914,0.0004177677890462,0.9918800000000002,0.00059
962,962,dens_1374975991061431070,962,Density,<Substance CN1CCOCC1{solv}{x=0.758700}|O{solv}{x=0.241300}>,CN1CCOCC1,O,Protein-Null-0.0.3-4-mer-AAQAA3-1E3-2-OPC3_opc3,1,0.9655628613184816,0.0004059150297654,0.9345300000000002,0.00112
963,963,dhmix_686592400130667234,963,EnthalpyOfMixing,<Substance BrCCCBr{solv}{x=0.231300}|COC(C)=O{solv}{x=0.768700}>,BrCCCBr,COC(C)=O,Protein-Null-0.0.3-4-mer-AAQAA3-1E3-2-OPC3_opc3,1,0.2335903943007977,0.0311756603751062,0.2115,0.0024
964,964,dhmix_691866222529030049,964,EnthalpyOfMixing,<Substance BrCCCBr{solv}{x=0.504200}|COC(C)=O{solv}{x=0.495800}>,BrCCCBr,COC(C)=O,Protein-Null-0.0.3-4-mer-AAQAA3-1E3-2-OPC3_opc3,1,0.2956531843319627,0.0353179732262285,0.3912,0.0038
965,965,dens_1032175440351342196,965,Density,<Substance BrCCCBr{solv}{x=0.243500}|COC(C)=O{solv}{x=0.756500}>,BrCCCBr,COC(C)=O,Protein-Null-0.0.3-4-mer-AAQAA3-1E3-2-OPC3_opc3,1,1.2195276777501882,0.0003398052929507,1.2277600000000002,0.00096
966,966,dens_1180265274183315765,966,Density,<Substance BrCCCBr{solv}{x=0.713800}|COC(C)=O{solv}{x=0.286200}>,BrCCCBr,COC(C)=O,Protein-Null-0.0.3-4-mer-AAQAA3-1E3-2-OPC3_opc3,1,1.671150293673034,0.0004896617261615,1.7174300000000005,0.002745
967,967,dhmix_1380172638999588939,967,EnthalpyOfMixing,<Substance BrCCCBr{solv}{x=0.759400}|COC(C)=O{solv}{x=0.240600}>,BrCCCBr,COC(C)=O,Protein-Null-0.0.3-4-mer-AAQAA3-1E3-2-OPC3_opc3,1,0.1992770593286117,0.0375764045194435,0.313,0.0032
968,968,dens_1697077234757321859,968,Density,<Substance BrCCCBr{solv}{x=0.525600}|COC(C)=O{solv}{x=0.474400}>,BrCCCBr,COC(C)=O,Protein-Null-0.0.3-4-mer-AAQAA3-1E3-2-OPC3_opc3,1,1.5046072314072745,0.0004738380809108,1.5338800000000006,0.001965
969,969,dens_693154680723850561,969,Density,<Substance CN1CCCC1=O{solv}{x=0.756400}|Cc1ccccc1{solv}{x=0.243600}>,CN1CCCC1=O,Cc1ccccc1,Protein-Null-0.0.3-4-mer-AAQAA3-1E3-2-OPC3_opc3,1,0.96178299087412,0.0002231812795472,0.9854500000000004,0.00034
970,970,dhmix_1759507684169085916,970,EnthalpyOfMixing,<Substance CN1CCCC1=O{solv}{x=0.741800}|Cc1ccccc1{solv}{x=0.258200}>,CN1CCCC1=O,Cc1ccccc1,Protein-Null-0.0.3-4-mer-AAQAA3-1E3-2-OPC3_opc3,1,-0.1126413101232017,0.0432548952687062,-0.2141,0.0024
971,971,dens_1796497685752507694,971,Density,<Substance CN1CCCC1=O{solv}{x=0.481500}|Cc1ccccc1{solv}{x=0.518500}>,CN1CCCC1=O,Cc1ccccc1,Protein-Null-0.0.3-4-mer-AAQAA3-1E3-2-OPC3_opc3,1,0.9221751658014604,0.0001964294046374,0.9415400000000002,0.00028
972,972,dhmix_1857599089574133884,972,EnthalpyOfMixing,<Substance CN1CCCC1=O{solv}{x=0.223100}|Cc1ccccc1{solv}{x=0.776900}>,CN1CCCC1=O,Cc1ccccc1,Protein-Null-0.0.3-4-mer-AAQAA3-1E3-2-OPC3_opc3,1,-0.1265258224058882,0.0447695764793861,-0.1889,0.00215
973,973,dens_1886489466266398819,973,Density,<Substance CN1CCCC1=O{solv}{x=0.221600}|Cc1ccccc1{solv}{x=0.778400}>,CN1CCCC1=O,Cc1ccccc1,Protein-Null-0.0.3-4-mer-AAQAA3-1E3-2-OPC3_opc3,1,0.8912882451716193,0.0002229899673483,0.9061600000000002,0.00076
974,974,dhmix_2238554893157725289,974,EnthalpyOfMixing,<Substance CN1CCCC1=O{solv}{x=0.482100}|Cc1ccccc1{solv}{x=0.517900}>,CN1CCCC1=O,Cc1ccccc1,Protein-Null-0.0.3-4-mer-AAQAA3-1E3-2-OPC3_opc3,1,-0.1098079550971675,0.041630196659464,-0.2985,0.0033
975,975,dens_717951284355382404,975,Density,<Substance CN1CCCC1=O{solv}{x=0.702300}|ClCCCCCCCl{solv}{x=0.297700}>,CN1CCCC1=O,ClCCCCCCCl,Protein-Null-0.0.3-4-mer-AAQAA3-1E3-2-OPC3_opc3,1,1.0248286609379025,0.000200296560817,1.0416,0.0003
976,976,dhmix_859697969059379656,976,EnthalpyOfMixing,<Substance CN1CCCC1=O{solv}{x=0.503000}|ClCCCCCCCl{solv}{x=0.497000}>,CN1CCCC1=O,ClCCCCCCCl,Protein-Null-0.0.3-4-mer-AAQAA3-1E3-2-OPC3_opc3,1,0.400030640856599,0.0422250318190069,-0.2,0.0025
977,977,dhmix_916885053388204545,977,EnthalpyOfMixing,<Substance CN1CCCC1=O{solv}{x=0.212000}|ClCCCCCCCl{solv}{x=0.788000}>,CN1CCCC1=O,ClCCCCCCCl,Protein-Null-0.0.3-4-mer-AAQAA3-1E3-2-OPC3_opc3,1,0.1831180689999456,0.0470466543517979,-0.13,0.002
978,978,dens_1483670447992291960,978,Density,<Substance CN1CCCC1=O{solv}{x=0.201600}|ClCCCCCCCl{solv}{x=0.798400}>,CN1CCCC1=O,ClCCCCCCCl,Protein-Null-0.0.3-4-mer-AAQAA3-1E3-2-OPC3_opc3,1,1.0497550748708917,0.0002292767567934,1.0584000000000005,0.00055
979,979,dens_1896555095774116819,979,Density,<Substance CN1CCCC1=O{solv}{x=0.504900}|ClCCCCCCCl{solv}{x=0.495100}>,CN1CCCC1=O,ClCCCCCCCl,Protein-Null-0.0.3-4-mer-AAQAA3-1E3-2-OPC3_opc3,1,1.0356426594053127,0.0002355082103969,1.0490000000000002,0.00035
980,980,dhmix_2039443272323887912,980,EnthalpyOfMixing,<Substance CN1CCCC1=O{solv}{x=0.797000}|ClCCCCCCCl{solv}{x=0.203000}>,CN1CCCC1=O,ClCCCCCCCl,Protein-Null-0.0.3-4-mer-AAQAA3-1E3-2-OPC3_opc3,1,0.2517945591868482,0.0414445187973766,-0.123,0.002
981,981,dhmix_729169544598225866,981,EnthalpyOfMixing,<Substance CN(C)C=O{solv}{x=0.203000}|ClCCCCCCCl{solv}{x=0.797000}>,CN(C)C=O,ClCCCCCCCl,Protein-Null-0.0.3-4-mer-AAQAA3-1E3-2-OPC3_opc3,1,0.5564125853483262,0.0402011368853229,0.195,0.0025
982,982,dhmix_1359105787212172230,982,EnthalpyOfMixing,<Substance CN(C)C=O{solv}{x=0.796000}|ClCCCCCCCl{solv}{x=0.204000}>,CN(C)C=O,ClCCCCCCCl,Protein-Null-0.0.3-4-mer-AAQAA3-1E3-2-OPC3_opc3,1,0.4107361435213619,0.0390215485194568,0.24,0.0025
983,983,dhmix_1534380829757525169,983,EnthalpyOfMixing,<Substance CN(C)C=O{solv}{x=0.498000}|ClCCCCCCCl{solv}{x=0.502000}>,CN(C)C=O,ClCCCCCCCl,Protein-Null-0.0.3-4-mer-AAQAA3-1E3-2-OPC3_opc3,1,0.7541529262317255,0.0376216132365243,0.34,0.0025
984,984,dens_1752369236407148840,984,Density,<Substance CN(C)C=O{solv}{x=0.503300}|ClCCCCCCCl{solv}{x=0.496700}>,CN(C)C=O,ClCCCCCCCl,Protein-Null-0.0.3-4-mer-AAQAA3-1E3-2-OPC3_opc3,1,1.0058910673735006,0.0002347458118321,1.0190000000000003,0.00155
985,985,dens_2070195997725277466,985,Density,<Substance CN(C)C=O{solv}{x=0.703400}|ClCCCCCCCl{solv}{x=0.296600}>,CN(C)C=O,ClCCCCCCCl,Protein-Null-0.0.3-4-mer-AAQAA3-1E3-2-OPC3_opc3,1,0.9768230961756088,0.0002443105982599,0.9943000000000002,0.0017
986,986,dens_2171945276872385012,986,Density,<Substance CN(C)C=O{solv}{x=0.201300}|ClCCCCCCCl{solv}{x=0.798700}>,CN(C)C=O,ClCCCCCCCl,Protein-Null-0.0.3-4-mer-AAQAA3-1E3-2-OPC3_opc3,1,1.0389541607691015,0.0002465483725004,1.0486000000000002,0.0014
987,987,dens_741100297092592576,987,Density,<Substance C1CCCCC1{solv}{x=0.265900}|C1CCOCC1{solv}{x=0.734100}>,C1CCCCC1,C1CCOCC1,Protein-Null-0.0.3-4-mer-AAQAA3-1E3-2-OPC3_opc3,1,0.8334015629993546,0.0002199096608246,0.8470300000000002,0.000505
988,988,dens_1002639246322609242,988,Density,<Substance C1CCCCC1{solv}{x=0.762200}|C1CCOCC1{solv}{x=0.237800}>,C1CCCCC1,C1CCOCC1,Protein-Null-0.0.3-4-mer-AAQAA3-1E3-2-OPC3_opc3,1,0.7771441459782467,0.0002400645201492,0.7952000000000002,0.000505
989,989,dhmix_1171155554844966705,989,EnthalpyOfMixing,<Substance C1CCCCC1{solv}{x=0.247100}|C1CCOCC1{solv}{x=0.752900}>,C1CCCCC1,C1CCOCC1,Protein-Null-0.0.3-4-mer-AAQAA3-1E3-2-OPC3_opc3,1,0.4068135347383474,0.041138166874116,0.3613,0.00395
990,990,dens_2142973677177666085,990,Density,<Substance C1CCCCC1{solv}{x=0.501800}|C1CCOCC1{solv}{x=0.498200}>,C1CCCCC1,C1CCOCC1,Protein-Null-0.0.3-4-mer-AAQAA3-1E3-2-OPC3_opc3,1,0.8054457644723632,0.0001683268254156,0.8211500000000002,0.000505
991,991,dhmix_2195791820105752985,991,EnthalpyOfMixing,<Substance C1CCCCC1{solv}{x=0.726600}|C1CCOCC1{solv}{x=0.273400}>,C1CCCCC1,C1CCOCC1,Protein-Null-0.0.3-4-mer-AAQAA3-1E3-2-OPC3_opc3,1,0.626633786010629,0.0414550754469301,0.4424,0.00485
992,992,dhmix_2296999979529762407,992,EnthalpyOfMixing,<Substance C1CCCCC1{solv}{x=0.499000}|C1CCOCC1{solv}{x=0.501000}>,C1CCCCC1,C1CCOCC1,Protein-Null-0.0.3-4-mer-AAQAA3-1E3-2-OPC3_opc3,1,0.6530761833403602,0.0443262393700673,0.526,0.0055
993,993,dhmix_744994939606384802,993,EnthalpyOfMixing,<Substance CO{solv}{x=0.300000}|O{solv}{x=0.700000}>,CO,O,Protein-Null-0.0.3-4-mer-AAQAA3-1E3-2-OPC3_opc3,1,-0.1240864654945532,0.0207531641218271,-0.85,0.005
994,994,dens_1085345433585028387,994,Density,<Substance CO{solv}{x=0.499700}|O{solv}{x=0.500300}>,CO,O,Protein-Null-0.0.3-4-mer-AAQAA3-1E3-2-OPC3_opc3,1,0.859710708578354,0.0004755481670475,0.8816900000000003,0.000165
995,995,dhmix_1126710771921470495,995,EnthalpyOfMixing,<Substance CO{solv}{x=0.700000}|O{solv}{x=0.300000}>,CO,O,Protein-Null-0.0.3-4-mer-AAQAA3-1E3-2-OPC3_opc3,1,-0.1696069262151409,0.0248472131325854,-0.583,0.0035
996,996,dens_1258832080354057572,996,Density,<Substance CO{solv}{x=0.300300}|O{solv}{x=0.699700}>,CO,O,Protein-Null-0.0.3-4-mer-AAQAA3-1E3-2-OPC3_opc3,1,0.9081146169221608,0.0004454067356736,0.9252100000000004,0.000125
997,997,dens_1758371820245200558,997,Density,<Substance CO{solv}{x=0.760500}|O{solv}{x=0.239500}>,CO,O,Protein-Null-0.0.3-4-mer-AAQAA3-1E3-2-OPC3_opc3,1,0.8062311304457587,0.0003695366992899,0.8289000000000002,0.0001
998,998,dhmix_1824296469249495553,998,EnthalpyOfMixing,<Substance CO{solv}{x=0.500000}|O{solv}{x=0.500000}>,CO,O,Protein-Null-0.0.3-4-mer-AAQAA3-1E3-2-OPC3_opc3,1,-0.1317499417515968,0.022743177369801,-0.777,0.0045
999,999,dhmix_753952445434773754,999,EnthalpyOfMixing,<Substance CCCCCCCCCl{solv}{x=0.493000}|CN1CCCC1=O{solv}{x=0.507000}>,CCCCCCCCCl,CN1CCCC1=O,Protein-Null-0.0.3-4-mer-AAQAA3-1E3-2-OPC3_opc3,1,1.1744111074683303,0.0501813703465488,0.638,0.0035
1000,1000,dhmix_1273186684325800862,1000,EnthalpyOfMixing,<Substance CCCCCCCCCl{solv}{x=0.783000}|CN1CCCC1=O{solv}{x=0.217000}>,CCCCCCCCCl,CN1CCCC1=O,Protein-Null-0.0.3-4-mer-AAQAA3-1E3-2-OPC3_opc3,1,0.7151198714103089,0.0549278952701894,0.371,0.003
1001,1001,dhmix_1457789704046029008,1001,EnthalpyOfMixing,<Substance CCCCCCCCCl{solv}{x=0.202000}|CN1CCCC1=O{solv}{x=0.798000}>,CCCCCCCCCl,CN1CCCC1=O,Protein-Null-0.0.3-4-mer-AAQAA3-1E3-2-OPC3_opc3,1,0.8723222575346483,0.0435265837288815,0.5,0.0035
1002,1002,dens_1965529278608066299,1002,Density,<Substance CCCCCCCCCl{solv}{x=0.299500}|CN1CCCC1=O{solv}{x=0.700500}>,CCCCCCCCCl,CN1CCCC1=O,Protein-Null-0.0.3-4-mer-AAQAA3-1E3-2-OPC3_opc3,1,0.9433349738671426,0.000210532892483,0.9598000000000002,0.00025
1003,1003,dens_2167805246575708222,1003,Density,<Substance CCCCCCCCCl{solv}{x=0.798600}|CN1CCCC1=O{solv}{x=0.201400}>,CCCCCCCCCl,CN1CCCC1=O,Protein-Null-0.0.3-4-mer-AAQAA3-1E3-2-OPC3_opc3,1,0.8793339367296703,0.000222020470884,0.8888000000000001,0.00055
1004,1004,dens_2177162670107081086,1004,Density,<Substance CCCCCCCCCl{solv}{x=0.497900}|CN1CCCC1=O{solv}{x=0.502100}>,CCCCCCCCCl,CN1CCCC1=O,Protein-Null-0.0.3-4-mer-AAQAA3-1E3-2-OPC3_opc3,1,0.9134644286483212,0.0002345984593402,0.9269000000000002,0.00035
1005,1005,dhmix_756380521637559100,1005,EnthalpyOfMixing,<Substance C1COCCO1{solv}{x=0.500000}|O=C1CCCCC1{solv}{x=0.500000}>,C1COCCO1,O=C1CCCCC1,Protein-Null-0.0.3-4-mer-AAQAA3-1E3-2-OPC3_opc3,1,0.1409574757780092,0.0426108995836331,0.28584,0.00154
1006,1006,dens_1139761443535371798,1006,Density,<Substance C1COCCO1{solv}{x=0.459400}|O=C1CCCCC1{solv}{x=0.540600}>,C1COCCO1,O=C1CCCCC1,Protein-Null-0.0.3-4-mer-AAQAA3-1E3-2-OPC3_opc3,1,0.9621773566393138,0.0002207205719836,0.9762000000000004,0.00025
1007,1007,dhmix_1367833850972054360,1007,EnthalpyOfMixing,<Substance C1COCCO1{solv}{x=0.750000}|O=C1CCCCC1{solv}{x=0.250000}>,C1COCCO1,O=C1CCCCC1,Protein-Null-0.0.3-4-mer-AAQAA3-1E3-2-OPC3_opc3,1,0.1395902718262078,0.0416850729421224,0.23662,0.001355
1008,1008,dhmix_1533665710565492443,1008,EnthalpyOfMixing,<Substance C1COCCO1{solv}{x=0.250000}|O=C1CCCCC1{solv}{x=0.750000}>,C1COCCO1,O=C1CCCCC1,Protein-Null-0.0.3-4-mer-AAQAA3-1E3-2-OPC3_opc3,1,0.0251821877608051,0.0421490565908525,0.20076,0.00121
1009,1009,dens_1556646832168598904,1009,Density,<Substance C1COCCO1{solv}{x=0.797800}|O=C1CCCCC1{solv}{x=0.202200}>,C1COCCO1,O=C1CCCCC1,Protein-Null-0.0.3-4-mer-AAQAA3-1E3-2-OPC3_opc3,1,1.0027403101406671,0.0002118504872765,1.0062000000000002,0.00025
1010,1010,dens_1806066395455679216,1010,Density,<Substance C1COCCO1{solv}{x=0.272000}|O=C1CCCCC1{solv}{x=0.728000}>,C1COCCO1,O=C1CCCCC1,Protein-Null-0.0.3-4-mer-AAQAA3-1E3-2-OPC3_opc3,1,0.9436276503972136,0.0002004877978707,0.9614000000000004,0.00025
1011,1011,dhmix_781473821930081125,1011,EnthalpyOfMixing,<Substance CCOc1ccccc1{solv}{x=0.765100}|OCc1ccccc1{solv}{x=0.234900}>,CCOc1ccccc1,OCc1ccccc1,Protein-Null-0.0.3-4-mer-AAQAA3-1E3-2-OPC3_opc3,1,0.9664350106452132,0.0476273658172287,1.083,0.0116
1012,1012,dhmix_966435122735090568,1012,EnthalpyOfMixing,<Substance CCOc1ccccc1{solv}{x=0.063600}|OCc1ccccc1{solv}{x=0.936400}>,CCOc1ccccc1,OCc1ccccc1,Protein-Null-0.0.3-4-mer-AAQAA3-1E3-2-OPC3_opc3,1,0.2250591684221561,0.0446328099936245,0.1901,0.00225
1013,1013,dens_1184318999137642715,1013,Density,<Substance CCOc1ccccc1{solv}{x=0.064200}|OCc1ccccc1{solv}{x=0.935800}>,CCOc1ccccc1,OCc1ccccc1,Protein-Null-0.0.3-4-mer-AAQAA3-1E3-2-OPC3_opc3,1,1.0251291870347417,0.0001889694682237,1.02761,0.00011
1014,1014,dhmix_1518701992890040137,1014,EnthalpyOfMixing,<Substance CCOc1ccccc1{solv}{x=0.549900}|OCc1ccccc1{solv}{x=0.450100}>,CCOc1ccccc1,OCc1ccccc1,Protein-Null-0.0.3-4-mer-AAQAA3-1E3-2-OPC3_opc3,1,1.029722889474158,0.0554056577155307,1.0561,0.01135
1015,1015,dens_1575045736805268459,1015,Density,<Substance CCOc1ccccc1{solv}{x=0.459800}|OCc1ccccc1{solv}{x=0.540200}>,CCOc1ccccc1,OCc1ccccc1,Protein-Null-0.0.3-4-mer-AAQAA3-1E3-2-OPC3_opc3,1,0.9880780678285088,0.0002034022076318,0.9925100000000002,0.00016
1016,1016,dens_2214650701288997434,1016,Density,<Substance CCOc1ccccc1{solv}{x=0.757200}|OCc1ccccc1{solv}{x=0.242800}>,CCOc1ccccc1,OCc1ccccc1,Protein-Null-0.0.3-4-mer-AAQAA3-1E3-2-OPC3_opc3,1,0.9633056359662144,0.0002056196388356,0.9686500000000002,0.000215
1017,1017,dens_800807749587668066,1017,Density,<Substance C1CCOCC1{solv}{x=0.733600}|c1ccncc1{solv}{x=0.266400}>,C1CCOCC1,c1ccncc1,Protein-Null-0.0.3-4-mer-AAQAA3-1E3-2-OPC3_opc3,1,0.8844728980215043,0.0001709650958401,0.8933350000000002,0.000358
1018,1018,dhmix_836757145941804043,1018,EnthalpyOfMixing,<Substance C1CCOCC1{solv}{x=0.291500}|c1ccncc1{solv}{x=0.708500}>,C1CCOCC1,c1ccncc1,Protein-Null-0.0.3-4-mer-AAQAA3-1E3-2-OPC3_opc3,1,0.1107990946738226,0.0320176729030061,0.0898,0.00095
1019,1019,dhmix_1003039131395935786,1019,EnthalpyOfMixing,<Substance C1CCOCC1{solv}{x=0.536300}|c1ccncc1{solv}{x=0.463700}>,C1CCOCC1,c1ccncc1,Protein-Null-0.0.3-4-mer-AAQAA3-1E3-2-OPC3_opc3,1,0.1064309606071951,0.0400733602360233,0.1573,0.0013
1020,1020,dens_1859030547600172702,1020,Density,<Substance C1CCOCC1{solv}{x=0.241500}|c1ccncc1{solv}{x=0.758500}>,C1CCOCC1,c1ccncc1,Protein-Null-0.0.3-4-mer-AAQAA3-1E3-2-OPC3_opc3,1,0.948507343873594,0.0002585792608956,0.9525650000000004,0.000212
1021,1021,dhmix_2191254706131659314,1021,EnthalpyOfMixing,<Substance C1CCOCC1{solv}{x=0.734400}|c1ccncc1{solv}{x=0.265600}>,C1CCOCC1,c1ccncc1,Protein-Null-0.0.3-4-mer-AAQAA3-1E3-2-OPC3_opc3,1,0.1375603742897908,0.0410429697041381,0.1564,0.0013
1022,1022,dens_2239470871208865925,1022,Density,<Substance C1CCOCC1{solv}{x=0.536400}|c1ccncc1{solv}{x=0.463600}>,C1CCOCC1,c1ccncc1,Protein-Null-0.0.3-4-mer-AAQAA3-1E3-2-OPC3_opc3,1,0.9048953412735355,0.0002489586630992,0.9124250000000002,0.0002965
1023,1023,dens_801655585640229277,1023,Density,<Substance C1CCOCC1{solv}{x=0.777600}|CCCC(C)=O{solv}{x=0.222400}>,C1CCOCC1,CCCC(C)=O,Protein-Null-0.0.3-4-mer-AAQAA3-1E3-2-OPC3_opc3,1,0.8479655475782657,0.0002467402301565,0.8602600000000002,0.000225
1024,1024,dhmix_1175081460677389458,1024,EnthalpyOfMixing,<Substance C1CCOCC1{solv}{x=0.250000}|CCCC(C)=O{solv}{x=0.750000}>,C1CCOCC1,CCCC(C)=O,Protein-Null-0.0.3-4-mer-AAQAA3-1E3-2-OPC3_opc3,1,0.1799028587806148,0.0415646123526947,0.06014,0.00063
1025,1025,dens_1481139606755572767,1025,Density,<Substance C1CCOCC1{solv}{x=0.236100}|CCCC(C)=O{solv}{x=0.763900}>,C1CCOCC1,CCCC(C)=O,Protein-Null-0.0.3-4-mer-AAQAA3-1E3-2-OPC3_opc3,1,0.8013120219331883,0.0002455555604223,0.8183900000000002,0.000215
1026,1026,dhmix_1531586108535895092,1026,EnthalpyOfMixing,<Substance C1CCOCC1{solv}{x=0.750000}|CCCC(C)=O{solv}{x=0.250000}>,C1CCOCC1,CCCC(C)=O,Protein-Null-0.0.3-4-mer-AAQAA3-1E3-2-OPC3_opc3,1,0.1969274129198481,0.0449900573275888,0.08245,0.000715
1027,1027,dhmix_2074691820693967219,1027,EnthalpyOfMixing,<Substance C1CCOCC1{solv}{x=0.500000}|CCCC(C)=O{solv}{x=0.500000}>,C1CCOCC1,CCCC(C)=O,Protein-Null-0.0.3-4-mer-AAQAA3-1E3-2-OPC3_opc3,1,0.1669363793723519,0.0422773560059173,0.09128,0.000745
1028,1028,dens_2180187104403779312,1028,Density,<Substance C1CCOCC1{solv}{x=0.504600}|CCCC(C)=O{solv}{x=0.495400}>,C1CCOCC1,CCCC(C)=O,Protein-Null-0.0.3-4-mer-AAQAA3-1E3-2-OPC3_opc3,1,0.8240193824899918,0.0002761875857214,0.8386000000000002,0.00022
1029,1029,dhmix_814516627068967115,1029,EnthalpyOfMixing,<Substance CCCOC=O{solv}{x=0.230800}|ClCCCCl{solv}{x=0.769200}>,CCCOC=O,ClCCCCl,Protein-Null-0.0.3-4-mer-AAQAA3-1E3-2-OPC3_opc3,1,0.3079838288086414,0.0393548080991887,-0.054,0.001
1030,1030,dens_853749747181024442,1030,Density,<Substance CCCOC=O{solv}{x=0.525500}|ClCCCCl{solv}{x=0.474500}>,CCCOC=O,ClCCCCl,Protein-Null-0.0.3-4-mer-AAQAA3-1E3-2-OPC3_opc3,1,1.029365489116021,0.000236336849885,1.0302400000000005,0.00176
1031,1031,dhmix_1623640482466530427,1031,EnthalpyOfMixing,<Substance CCCOC=O{solv}{x=0.750900}|ClCCCCl{solv}{x=0.249100}>,CCCOC=O,ClCCCCl,Protein-Null-0.0.3-4-mer-AAQAA3-1E3-2-OPC3_opc3,1,0.2257562181201819,0.0404944115006352,-0.088,0.001
1032,1032,dens_1998603470347754754,1032,Density,<Substance CCCOC=O{solv}{x=0.233600}|ClCCCCl{solv}{x=0.766400}>,CCCOC=O,ClCCCCl,Protein-Null-0.0.3-4-mer-AAQAA3-1E3-2-OPC3_opc3,1,1.100132180124831,0.0003479191939716,1.1122200000000002,0.00274
1033,1033,dhmix_2003217087101692001,1033,EnthalpyOfMixing,<Substance CCCOC=O{solv}{x=0.514500}|ClCCCCl{solv}{x=0.485500}>,CCCOC=O,ClCCCCl,Protein-Null-0.0.3-4-mer-AAQAA3-1E3-2-OPC3_opc3,1,0.3738344314323605,0.0297757727911933,-0.114,0.0015
1034,1034,dens_2020761603812222512,1034,Density,<Substance CCCOC=O{solv}{x=0.763600}|ClCCCCl{solv}{x=0.236400}>,CCCOC=O,ClCCCCl,Protein-Null-0.0.3-4-mer-AAQAA3-1E3-2-OPC3_opc3,1,0.9706494923975492,0.0002998917238913,0.9644500000000004,0.00119
1035,1035,dens_828893303895070246,1035,Density,<Substance C1CCCCC1{solv}{x=0.249800}|CCCCCCCC{solv}{x=0.750200}>,C1CCCCC1,CCCCCCCC,Protein-Null-0.0.3-4-mer-AAQAA3-1E3-2-OPC3_opc3,1,0.6994807759142434,0.0002048003391507,0.7110900000000002,0.000605
1036,1036,dhmix_1288938247372010686,1036,EnthalpyOfMixing,<Substance C1CCCCC1{solv}{x=0.751300}|CCCCCCCC{solv}{x=0.248700}>,C1CCCCC1,CCCCCCCC,Protein-Null-0.0.3-4-mer-AAQAA3-1E3-2-OPC3_opc3,1,0.2793606188660789,0.042576047537624,0.23,0.005
1037,1037,dens_1398337515687242649,1037,Density,<Substance C1CCCCC1{solv}{x=0.477700}|CCCCCCCC{solv}{x=0.522300}>,C1CCCCC1,CCCCCCCC,Protein-Null-0.0.3-4-mer-AAQAA3-1E3-2-OPC3_opc3,1,0.7110770782574034,0.0002215295841731,0.7250300000000002,0.000585
1038,1038,dhmix_1429498464152515756,1038,EnthalpyOfMixing,<Substance C1CCCCC1{solv}{x=0.532400}|CCCCCCCC{solv}{x=0.467600}>,C1CCCCC1,CCCCCCCC,Protein-Null-0.0.3-4-mer-AAQAA3-1E3-2-OPC3_opc3,1,0.3530595674659338,0.0452284944020651,0.258,0.005
1039,1039,dens_2267960821195706299,1039,Density,<Substance C1CCCCC1{solv}{x=0.796100}|CCCCCCCC{solv}{x=0.203900}>,C1CCCCC1,CCCCCCCC,Protein-Null-0.0.3-4-mer-AAQAA3-1E3-2-OPC3_opc3,1,0.7333057876057589,0.0001822122798207,0.7509700000000002,0.00055
1040,1040,dhmix_2289023418386220795,1040,EnthalpyOfMixing,<Substance C1CCCCC1{solv}{x=0.274400}|CCCCCCCC{solv}{x=0.725600}>,C1CCCCC1,CCCCCCCC,Protein-Null-0.0.3-4-mer-AAQAA3-1E3-2-OPC3_opc3,1,0.1712684760765341,0.0522274240211245,0.18,0.005
1041,1041,dens_848374876759596361,1041,Density,<Substance CC(C)OC(C)C{solv}{x=0.284600}|CCCCCl{solv}{x=0.715400}>,CC(C)OC(C)C,CCCCCl,Protein-Null-0.0.3-4-mer-AAQAA3-1E3-2-OPC3_opc3,1,0.8167597727327768,0.0002928693002394,0.8263210000000002,0.000365
1042,1042,dens_917492506874956672,1042,Density,<Substance CC(C)OC(C)C{solv}{x=0.808200}|CCCCCl{solv}{x=0.191800}>,CC(C)OC(C)C,CCCCCl,Protein-Null-0.0.3-4-mer-AAQAA3-1E3-2-OPC3_opc3,1,0.7561855054915727,0.0002355262049944,0.7440910000000002,0.000448
1043,1043,dhmix_1107367594793013993,1043,EnthalpyOfMixing,<Substance CC(C)OC(C)C{solv}{x=0.272700}|CCCCCl{solv}{x=0.727300}>,CC(C)OC(C)C,CCCCCl,Protein-Null-0.0.3-4-mer-AAQAA3-1E3-2-OPC3_opc3,1,-0.125809257399176,0.0375722821823273,-0.0785,0.001
1044,1044,dhmix_1310204607958463222,1044,EnthalpyOfMixing,<Substance CC(C)OC(C)C{solv}{x=0.454700}|CCCCCl{solv}{x=0.545300}>,CC(C)OC(C)C,CCCCCl,Protein-Null-0.0.3-4-mer-AAQAA3-1E3-2-OPC3_opc3,1,-0.2477186425205175,0.0419904257654744,-0.0954,0.0012
1045,1045,dhmix_1605157292498138629,1045,EnthalpyOfMixing,<Substance CC(C)OC(C)C{solv}{x=0.727400}|CCCCCl{solv}{x=0.272600}>,CC(C)OC(C)C,CCCCCl,Protein-Null-0.0.3-4-mer-AAQAA3-1E3-2-OPC3_opc3,1,-0.2113278538128256,0.044121466821805,-0.0732,0.00095
1046,1046,dens_1927916489732771888,1046,Density,<Substance CC(C)OC(C)C{solv}{x=0.484000}|CCCCCl{solv}{x=0.516000}>,CC(C)OC(C)C,CCCCCl,Protein-Null-0.0.3-4-mer-AAQAA3-1E3-2-OPC3_opc3,1,0.7917546930283924,0.0002820364795049,0.7925060000000002,0.0004005
1047,1047,dens_860008765681738590,1047,Density,<Substance CN(CCO)CCO{solv}{x=0.231260}|c1ccncc1{solv}{x=0.768740}>,CN(CCO)CCO,c1ccncc1,Protein-Null-0.0.3-4-mer-AAQAA3-1E3-2-OPC3_opc3,1,0.9988868174844036,0.0002324956090723,0.9906030000000002,0.0001015
1048,1048,dens_1253280811379348869,1048,Density,<Substance CN(CCO)CCO{solv}{x=0.670000}|c1ccncc1{solv}{x=0.330000}>,CN(CCO)CCO,c1ccncc1,Protein-Null-0.0.3-4-mer-AAQAA3-1E3-2-OPC3_opc3,1,1.0288383953692954,0.0002348946136796,1.0161020000000005,0.000102
1049,1049,dhmix_1381513140604048573,1049,EnthalpyOfMixing,<Substance CN(CCO)CCO{solv}{x=0.473760}|c1ccncc1{solv}{x=0.526240}>,CN(CCO)CCO,c1ccncc1,Protein-Null-0.0.3-4-mer-AAQAA3-1E3-2-OPC3_opc3,1,0.0001128125951765,0.0395494574411965,-0.093,0.001
1050,1050,dens_1460709448836415360,1050,Density,<Substance CN(CCO)CCO{solv}{x=0.473530}|c1ccncc1{solv}{x=0.526470}>,CN(CCO)CCO,c1ccncc1,Protein-Null-0.0.3-4-mer-AAQAA3-1E3-2-OPC3_opc3,1,1.0171543518565054,0.0001870966194251,1.0044450000000005,0.0001015
1051,1051,dhmix_2085036308089359597,1051,EnthalpyOfMixing,<Substance CN(CCO)CCO{solv}{x=0.230610}|c1ccncc1{solv}{x=0.769390}>,CN(CCO)CCO,c1ccncc1,Protein-Null-0.0.3-4-mer-AAQAA3-1E3-2-OPC3_opc3,1,0.1517735098706225,0.0425553864578895,-0.032,0.001
1052,1052,dhmix_2287943921901918379,1052,EnthalpyOfMixing,<Substance CN(CCO)CCO{solv}{x=0.669580}|c1ccncc1{solv}{x=0.330420}>,CN(CCO)CCO,c1ccncc1,Protein-Null-0.0.3-4-mer-AAQAA3-1E3-2-OPC3_opc3,1,-0.386576594029151,0.0828990862007369,-0.12,0.0015
1053,1053,dens_929806754028972955,1053,Density,<Substance CCCC(=O)OC{solv}{x=0.695800}|COC(C)=O{solv}{x=0.304200}>,CCCC(=O)OC,COC(C)=O,Protein-Null-0.0.3-4-mer-AAQAA3-1E3-2-OPC3_opc3,1,0.8990299742736675,0.0002536293245813,0.8997600000000002,0.000505
1054,1054,dhmix_1093843275803987368,1054,EnthalpyOfMixing,<Substance CCCC(=O)OC{solv}{x=0.482200}|COC(C)=O{solv}{x=0.517800}>,CCCC(=O)OC,COC(C)=O,Protein-Null-0.0.3-4-mer-AAQAA3-1E3-2-OPC3_opc3,1,0.0466354655667196,0.0380448271489982,0.151,0.002
1055,1055,dens_1187818937240241755,1055,Density,<Substance CCCC(=O)OC{solv}{x=0.253600}|COC(C)=O{solv}{x=0.746400}>,CCCC(=O)OC,COC(C)=O,Protein-Null-0.0.3-4-mer-AAQAA3-1E3-2-OPC3_opc3,1,0.91751173784468,0.0002678922870898,0.9147400000000002,0.000505
1056,1056,dens_1462283017082249050,1056,Density,<Substance CCCC(=O)OC{solv}{x=0.545600}|COC(C)=O{solv}{x=0.454400}>,CCCC(=O)OC,COC(C)=O,Protein-Null-0.0.3-4-mer-AAQAA3-1E3-2-OPC3_opc3,1,0.9043576568706748,0.0002676404517023,0.9041900000000004,0.000505
1057,1057,dhmix_1514470349370367756,1057,EnthalpyOfMixing,<Substance CCCC(=O)OC{solv}{x=0.226000}|COC(C)=O{solv}{x=0.774000}>,CCCC(=O)OC,COC(C)=O,Protein-Null-0.0.3-4-mer-AAQAA3-1E3-2-OPC3_opc3,1,0.0153554172989558,0.0403177472027923,0.102,0.0015
1058,1058,dhmix_1615966506855005599,1058,EnthalpyOfMixing,<Substance CCCC(=O)OC{solv}{x=0.695800}|COC(C)=O{solv}{x=0.304200}>,CCCC(=O)OC,COC(C)=O,Protein-Null-0.0.3-4-mer-AAQAA3-1E3-2-OPC3_opc3,1,0.0326068574042359,0.0423522061363735,0.122,0.0015
1059,1059,dens_931039395662625393,1059,Density,<Substance BrCCBr{solv}{x=0.510700}|CCOC=O{solv}{x=0.489300}>,BrCCBr,CCOC=O,Protein-Null-0.0.3-4-mer-AAQAA3-1E3-2-OPC3_opc3,1,1.565168416961853,0.0005329716356737,1.5742900000000004,0.00125
1060,1060,dhmix_1379448524788285045,1060,EnthalpyOfMixing,<Substance BrCCBr{solv}{x=0.503000}|CCOC=O{solv}{x=0.497000}>,BrCCBr,CCOC=O,Protein-Null-0.0.3-4-mer-AAQAA3-1E3-2-OPC3_opc3,1,0.2781893029411222,0.0345737991525015,0.404,0.0054
1061,1061,dhmix_1589211680683586133,1061,EnthalpyOfMixing,<Substance BrCCBr{solv}{x=0.247500}|CCOC=O{solv}{x=0.752500}>,BrCCBr,CCOC=O,Protein-Null-0.0.3-4-mer-AAQAA3-1E3-2-OPC3_opc3,1,0.1812209019679587,0.0371634565933103,0.2492,0.0035
1062,1062,dens_1816072583621776909,1062,Density,<Substance BrCCBr{solv}{x=0.282500}|CCOC=O{solv}{x=0.717500}>,BrCCBr,CCOC=O,Protein-Null-0.0.3-4-mer-AAQAA3-1E3-2-OPC3_opc3,1,1.2943182540902225,0.0004254180895135,1.2851500000000005,0.00131
1063,1063,dens_1857279480363338972,1063,Density,<Substance BrCCBr{solv}{x=0.750600}|CCOC=O{solv}{x=0.249400}>,BrCCBr,CCOC=O,Protein-Null-0.0.3-4-mer-AAQAA3-1E3-2-OPC3_opc3,1,1.8322753221532209,0.000601947621498,1.8698300000000003,0.000995
1064,1064,dhmix_2225135654541562913,1064,EnthalpyOfMixing,<Substance BrCCBr{solv}{x=0.734600}|CCOC=O{solv}{x=0.265400}>,BrCCBr,CCOC=O,Protein-Null-0.0.3-4-mer-AAQAA3-1E3-2-OPC3_opc3,1,0.1773616846255272,0.0349558880744022,0.3604,0.00485
1065,1065,dhmix_933824509566848172,1065,EnthalpyOfMixing,<Substance C1COCO1{solv}{x=0.350000}|CCCC(C)=O{solv}{x=0.650000}>,C1COCO1,CCCC(C)=O,Protein-Null-0.0.3-4-mer-AAQAA3-1E3-2-OPC3_opc3,1,0.2153300746453048,0.0397870745974511,0.17755,0.001095
1066,1066,dens_1326756646981901590,1066,Density,<Substance C1COCO1{solv}{x=0.717400}|CCCC(C)=O{solv}{x=0.282600}>,C1COCO1,CCCC(C)=O,Protein-Null-0.0.3-4-mer-AAQAA3-1E3-2-OPC3_opc3,1,0.9747156437858098,0.0002936844597138,0.9625500000000002,0.000245
1067,1067,dhmix_1386053902220878259,1067,EnthalpyOfMixing,<Substance C1COCO1{solv}{x=0.500000}|CCCC(C)=O{solv}{x=0.500000}>,C1COCO1,CCCC(C)=O,Protein-Null-0.0.3-4-mer-AAQAA3-1E3-2-OPC3_opc3,1,0.3238274733139761,0.0358812950924822,0.21077,0.00122
1068,1068,dens_1490997112604690080,1068,Density,<Substance C1COCO1{solv}{x=0.349900}|CCCC(C)=O{solv}{x=0.650100}>,C1COCO1,CCCC(C)=O,Protein-Null-0.0.3-4-mer-AAQAA3-1E3-2-OPC3_opc3,1,0.8627929263254034,0.0002279627705997,0.8687200000000003,0.00022
1069,1069,dens_1979377813631413053,1069,Density,<Substance C1COCO1{solv}{x=0.516900}|CCCC(C)=O{solv}{x=0.483100}>,C1COCO1,CCCC(C)=O,Protein-Null-0.0.3-4-mer-AAQAA3-1E3-2-OPC3_opc3,1,0.9092244829025068,0.0002347179638492,0.9078200000000004,0.00023
1070,1070,dhmix_2113009728753201792,1070,EnthalpyOfMixing,<Substance C1COCO1{solv}{x=0.750000}|CCCC(C)=O{solv}{x=0.250000}>,C1COCO1,CCCC(C)=O,Protein-Null-0.0.3-4-mer-AAQAA3-1E3-2-OPC3_opc3,1,0.2798776529195521,0.0364989562866123,0.17046,0.00107
1071,1071,dhmix_962524540250306235,1071,EnthalpyOfMixing,<Substance Cc1ccccc1N{solv}{x=0.268100}|c1ccncc1{solv}{x=0.731900}>,Cc1ccccc1N,c1ccncc1,Protein-Null-0.0.3-4-mer-AAQAA3-1E3-2-OPC3_opc3,1,-1.5597196649328282,0.036332552092879,-0.8915,0.0182
1072,1072,dhmix_1000930562998604270,1072,EnthalpyOfMixing,<Substance Cc1ccccc1N{solv}{x=0.773500}|c1ccncc1{solv}{x=0.226500}>,Cc1ccccc1N,c1ccncc1,Protein-Null-0.0.3-4-mer-AAQAA3-1E3-2-OPC3_opc3,1,-1.2357567168598391,0.05134543290705,-0.7828,0.016
1073,1073,dens_1203111494553524663,1073,Density,<Substance Cc1ccccc1N{solv}{x=0.483700}|c1ccncc1{solv}{x=0.516300}>,Cc1ccccc1N,c1ccncc1,Protein-Null-0.0.3-4-mer-AAQAA3-1E3-2-OPC3_opc3,1,1.0064446417194264,0.0002333683557417,0.9912370000000004,0.000117
1074,1074,dens_1316174752280431242,1074,Density,<Substance Cc1ccccc1N{solv}{x=0.237400}|c1ccncc1{solv}{x=0.762600}>,Cc1ccccc1N,c1ccncc1,Protein-Null-0.0.3-4-mer-AAQAA3-1E3-2-OPC3_opc3,1,0.994032928677257,0.0001914404778965,0.9863750000000002,0.000118
1075,1075,dhmix_1371524052813651708,1075,EnthalpyOfMixing,<Substance Cc1ccccc1N{solv}{x=0.482600}|c1ccncc1{solv}{x=0.517400}>,Cc1ccccc1N,c1ccncc1,Protein-Null-0.0.3-4-mer-AAQAA3-1E3-2-OPC3_opc3,1,-1.82943561246082,0.0409410649865953,-1.0329,0.02105
1076,1076,dens_2188924364196997512,1076,Density,<Substance Cc1ccccc1N{solv}{x=0.767800}|c1ccncc1{solv}{x=0.232200}>,Cc1ccccc1N,c1ccncc1,Protein-Null-0.0.3-4-mer-AAQAA3-1E3-2-OPC3_opc3,1,1.0152864653870646,0.000209450090812,0.9936220000000002,0.000117
1077,1077,dens_964556344607822867,1077,Density,<Substance CCCCCCCCC{solv}{x=0.696300}|COC(C)(C)C{solv}{x=0.303700}>,CCCCCCCCC,COC(C)(C)C,Protein-Null-0.0.3-4-mer-AAQAA3-1E3-2-OPC3_opc3,1,0.7116996283453567,0.0001291465488274,0.7173600000000002,0.000295
1078,1078,dhmix_1091489740441728210,1078,EnthalpyOfMixing,<Substance CCCCCCCCC{solv}{x=0.260100}|COC(C)(C)C{solv}{x=0.739900}>,CCCCCCCCC,COC(C)(C)C,Protein-Null-0.0.3-4-mer-AAQAA3-1E3-2-OPC3_opc3,1,0.5859143650767891,0.0443590963412471,0.371,0.0075
1079,1079,dens_1264105858192356202,1079,Density,<Substance CCCCCCCCC{solv}{x=0.499200}|COC(C)(C)C{solv}{x=0.500800}>,CCCCCCCCC,COC(C)(C)C,Protein-Null-0.0.3-4-mer-AAQAA3-1E3-2-OPC3_opc3,1,0.7179659144963333,0.0001989074150947,0.7207300000000002,0.00029
1080,1080,dhmix_1760873631242020891,1080,EnthalpyOfMixing,<Substance CCCCCCCCC{solv}{x=0.759600}|COC(C)(C)C{solv}{x=0.240400}>,CCCCCCCCC,COC(C)(C)C,Protein-Null-0.0.3-4-mer-AAQAA3-1E3-2-OPC3_opc3,1,0.4404439950685059,0.0550791435026162,0.345,0.007
1081,1081,dens_2012579877169955729,1081,Density,<Substance CCCCCCCCC{solv}{x=0.199500}|COC(C)(C)C{solv}{x=0.800500}>,CCCCCCCCC,COC(C)(C)C,Protein-Null-0.0.3-4-mer-AAQAA3-1E3-2-OPC3_opc3,1,0.7311362719354202,0.000235119500432,0.7281100000000001,0.000285
1082,1082,dhmix_2200368758776542578,1082,EnthalpyOfMixing,<Substance CCCCCCCCC{solv}{x=0.513300}|COC(C)(C)C{solv}{x=0.486700}>,CCCCCCCCC,COC(C)(C)C,Protein-Null-0.0.3-4-mer-AAQAA3-1E3-2-OPC3_opc3,1,0.6082779136364138,0.0427699507893198,0.486,0.0095
1083,1083,dhmix_972091313059406932,1083,EnthalpyOfMixing,<Substance CCCNCCC{solv}{x=0.248200}|CN(C)C=O{solv}{x=0.751800}>,CCCNCCC,CN(C)C=O,Protein-Null-0.0.3-4-mer-AAQAA3-1E3-2-OPC3_opc3,1,0.1307676318680179,0.0439826413390388,0.613,0.0195
1084,1084,dhmix_1037416167092316519,1084,EnthalpyOfMixing,<Substance CCCNCCC{solv}{x=0.499500}|CN(C)C=O{solv}{x=0.500500}>,CCCNCCC,CN(C)C=O,Protein-Null-0.0.3-4-mer-AAQAA3-1E3-2-OPC3_opc3,1,0.001512380711226,0.042520127629259,0.748,0.0225
1085,1085,dhmix_1525975551610336413,1085,EnthalpyOfMixing,<Substance CCCNCCC{solv}{x=0.749600}|CN(C)C=O{solv}{x=0.250400}>,CCCNCCC,CN(C)C=O,Protein-Null-0.0.3-4-mer-AAQAA3-1E3-2-OPC3_opc3,1,-0.165937311351044,0.0472123234853498,0.529,0.017
1086,1086,dens_1610465641813938660,1086,Density,<Substance CCCNCCC{solv}{x=0.745900}|CN(C)C=O{solv}{x=0.254100}>,CCCNCCC,CN(C)C=O,Protein-Null-0.0.3-4-mer-AAQAA3-1E3-2-OPC3_opc3,1,0.7680992927575634,0.0001876453073624,0.7687320000000002,0.0009355
1087,1087,dens_2129043605695010641,1087,Density,<Substance CCCNCCC{solv}{x=0.503400}|CN(C)C=O{solv}{x=0.496600}>,CCCNCCC,CN(C)C=O,Protein-Null-0.0.3-4-mer-AAQAA3-1E3-2-OPC3_opc3,1,0.8064037213864449,0.0002343442157058,0.8108000000000002,0.0009885
1088,1088,dens_2129124855081233158,1088,Density,<Substance CCCNCCC{solv}{x=0.252300}|CN(C)C=O{solv}{x=0.747700}>,CCCNCCC,CN(C)C=O,Protein-Null-0.0.3-4-mer-AAQAA3-1E3-2-OPC3_opc3,1,0.8553329294169785,0.0002230678133024,0.8674480000000002,0.0010625
1089,1089,dhmix_1022139531284796266,1089,EnthalpyOfMixing,<Substance CCCO{solv}{x=0.730200}|O=Cc1ccccc1{solv}{x=0.269800}>,CCCO,O=Cc1ccccc1,Protein-Null-0.0.3-4-mer-AAQAA3-1E3-2-OPC3_opc3,1,1.1501367982024533,0.037942284340763,1.3784,0.00585
1090,1090,dens_1530410585842005416,1090,Density,<Substance CCCO{solv}{x=0.802500}|O=Cc1ccccc1{solv}{x=0.197500}>,CCCO,O=Cc1ccccc1,Protein-Null-0.0.3-4-mer-AAQAA3-1E3-2-OPC3_opc3,1,0.8584260501150078,0.0002520151704584,0.8676000000000003,0.0054
1091,1091,dens_1586325098516354010,1091,Density,<Substance CCCO{solv}{x=0.500300}|O=Cc1ccccc1{solv}{x=0.499700}>,CCCO,O=Cc1ccccc1,Protein-Null-0.0.3-4-mer-AAQAA3-1E3-2-OPC3_opc3,1,0.937202377826124,0.0002205510406755,0.9470000000000002,0.0035
1092,1092,dhmix_1860362391399300385,1092,EnthalpyOfMixing,<Substance CCCO{solv}{x=0.237400}|O=Cc1ccccc1{solv}{x=0.762600}>,CCCO,O=Cc1ccccc1,Protein-Null-0.0.3-4-mer-AAQAA3-1E3-2-OPC3_opc3,1,0.9291942214586442,0.041917798453278,1.2579,0.0055
1093,1093,dens_2022804020725863961,1093,Density,<Substance CCCO{solv}{x=0.192900}|O=Cc1ccccc1{solv}{x=0.807100}>,CCCO,O=Cc1ccccc1,Protein-Null-0.0.3-4-mer-AAQAA3-1E3-2-OPC3_opc3,1,1.0008922030334395,0.000194696346298,1.0128,0.00265
1094,1094,dhmix_2114980631721668598,1094,EnthalpyOfMixing,<Substance CCCO{solv}{x=0.517800}|O=Cc1ccccc1{solv}{x=0.482200}>,CCCO,O=Cc1ccccc1,Protein-Null-0.0.3-4-mer-AAQAA3-1E3-2-OPC3_opc3,1,1.4849160247415796,0.0288363899931344,1.6361,0.00675
1095,1095,dens_1061385011202038988,1095,Density,<Substance CC(C)O{solv}{x=0.495900}|CCCCOCCO{solv}{x=0.504100}>,CC(C)O,CCCCOCCO,Protein-Null-0.0.3-4-mer-AAQAA3-1E3-2-OPC3_opc3,1,0.8584023418694244,0.0001877091274188,0.8550000000000002,5.450000000000001e-05
1096,1096,dens_1314274960992474794,1096,Density,<Substance CC(C)O{solv}{x=0.292200}|CCCCOCCO{solv}{x=0.707800}>,CC(C)O,CCCCOCCO,Protein-Null-0.0.3-4-mer-AAQAA3-1E3-2-OPC3_opc3,1,0.873366034823094,0.0002364130885914,0.8743700000000002,4.600000000000001e-05
1097,1097,dens_1729117108592325655,1097,Density,<Substance CC(C)O{solv}{x=0.743300}|CCCCOCCO{solv}{x=0.256700}>,CC(C)O,CCCCOCCO,Protein-Null-0.0.3-4-mer-AAQAA3-1E3-2-OPC3_opc3,1,0.8344096006453816,0.0002293488684495,0.8247900000000001,5.600000000000001e-05
1098,1098,dens_1112128096721834081,1098,Density,<Substance CNCCO{solv}{x=0.800900}|O{solv}{x=0.199100}>,CNCCO,O,Protein-Null-0.0.3-4-mer-AAQAA3-1E3-2-OPC3_opc3,1,0.9696235034515018,0.0003215711205275,0.9466300000000002,0.00032
1099,1099,dens_1381694863030749046,1099,Density,<Substance CNCCO{solv}{x=0.198700}|O{solv}{x=0.801300}>,CNCCO,O,Protein-Null-0.0.3-4-mer-AAQAA3-1E3-2-OPC3_opc3,1,0.9985646888158948,0.000334954242803,0.9960300000000002,0.00016
1100,1100,dhmix_1383192140212198237,1100,EnthalpyOfMixing,<Substance CNCCO{solv}{x=0.798800}|O{solv}{x=0.201200}>,CNCCO,O,Protein-Null-0.0.3-4-mer-AAQAA3-1E3-2-OPC3_opc3,1,-0.9997314653160316,0.0485048790714079,-1.219,0.025
1101,1101,dens_1615304038745182966,1101,Density,<Substance CNCCO{solv}{x=0.504100}|O{solv}{x=0.495900}>,CNCCO,O,Protein-Null-0.0.3-4-mer-AAQAA3-1E3-2-OPC3_opc3,1,0.9848590838729904,0.0005585987296341,0.9688100000000002,0.000235
1102,1102,dhmix_1902240048183935170,1102,EnthalpyOfMixing,<Substance CNCCO{solv}{x=0.501700}|O{solv}{x=0.498300}>,CNCCO,O,Protein-Null-0.0.3-4-mer-AAQAA3-1E3-2-OPC3_opc3,1,-2.4277620443176566,0.0373910176151048,-2.508,0.051
1103,1103,dhmix_2185888808838690563,1103,EnthalpyOfMixing,<Substance CNCCO{solv}{x=0.199200}|O{solv}{x=0.800800}>,CNCCO,O,Protein-Null-0.0.3-4-mer-AAQAA3-1E3-2-OPC3_opc3,1,-1.4300683157899297,0.0279921013908749,-2.243,0.0455
1104,1104,dens_1155626281932782094,1104,Density,<Substance CCC(C)=O{solv}{x=0.292200}|CN1CCCC1=O{solv}{x=0.707800}>,CCC(C)=O,CN1CCCC1=O,Protein-Null-0.0.3-4-mer-AAQAA3-1E3-2-OPC3_opc3,1,0.9377175672770658,0.0002352355460574,0.9591400000000002,0.00262
1105,1105,dens_1354588388489384902,1105,Density,<Substance CCC(C)=O{solv}{x=0.779300}|CN1CCCC1=O{solv}{x=0.220700}>,CCC(C)=O,CN1CCCC1=O,Protein-Null-0.0.3-4-mer-AAQAA3-1E3-2-OPC3_opc3,1,0.8283749887268508,0.0002571377697224,0.8467600000000002,0.002595
1106,1106,dhmix_1468142552678388689,1106,EnthalpyOfMixing,<Substance CCC(C)=O{solv}{x=0.484100}|CN1CCCC1=O{solv}{x=0.515900}>,CCC(C)=O,CN1CCCC1=O,Protein-Null-0.0.3-4-mer-AAQAA3-1E3-2-OPC3_opc3,1,0.1000252823589775,0.0389614315227836,-0.1675,0.00415
1107,1107,dhmix_1545004468946955771,1107,EnthalpyOfMixing,<Substance CCC(C)=O{solv}{x=0.246100}|CN1CCCC1=O{solv}{x=0.753900}>,CCC(C)=O,CN1CCCC1=O,Protein-Null-0.0.3-4-mer-AAQAA3-1E3-2-OPC3_opc3,1,0.1753025125325003,0.0361397699528877,-0.0999,0.0031
1108,1108,dhmix_1746826813990258300,1108,EnthalpyOfMixing,<Substance CCC(C)=O{solv}{x=0.732400}|CN1CCCC1=O{solv}{x=0.267600}>,CCC(C)=O,CN1CCCC1=O,Protein-Null-0.0.3-4-mer-AAQAA3-1E3-2-OPC3_opc3,1,0.0953605457174431,0.0382805791707284,-0.0861,0.0029
1109,1109,dens_2035401379156582518,1109,Density,<Substance CCC(C)=O{solv}{x=0.479500}|CN1CCCC1=O{solv}{x=0.520500}>,CCC(C)=O,CN1CCCC1=O,Protein-Null-0.0.3-4-mer-AAQAA3-1E3-2-OPC3_opc3,1,0.8983556307861973,0.0002389728901715,0.9166100000000004,0.00261
1110,1110,dens_1159403686634788877,1110,Density,<Substance C1CCOCC1{solv}{x=0.253600}|Cc1ccncc1{solv}{x=0.746400}>,C1CCOCC1,Cc1ccncc1,Protein-Null-0.0.3-4-mer-AAQAA3-1E3-2-OPC3_opc3,1,0.9256714379307128,0.0002473079033962,0.9329390000000002,0.0002125
1111,1111,dhmix_1427533760370073434,1111,EnthalpyOfMixing,<Substance C1CCOCC1{solv}{x=0.241600}|Cc1ccncc1{solv}{x=0.758400}>,C1CCOCC1,Cc1ccncc1,Protein-Null-0.0.3-4-mer-AAQAA3-1E3-2-OPC3_opc3,1,0.0361770718428609,0.0341631473780167,0.0975,0.001
1112,1112,dens_1586440979425114987,1112,Density,<Substance C1CCOCC1{solv}{x=0.491300}|Cc1ccncc1{solv}{x=0.508700}>,C1CCOCC1,Cc1ccncc1,Protein-Null-0.0.3-4-mer-AAQAA3-1E3-2-OPC3_opc3,1,0.907258182251751,0.0002152142726158,0.9162950000000002,0.0002825
1113,1113,dhmix_1681679230288000235,1113,EnthalpyOfMixing,<Substance C1CCOCC1{solv}{x=0.483400}|Cc1ccncc1{solv}{x=0.516600}>,C1CCOCC1,Cc1ccncc1,Protein-Null-0.0.3-4-mer-AAQAA3-1E3-2-OPC3_opc3,1,0.1513599697113452,0.039594316646013,0.1741,0.00135
1114,1114,dhmix_1854625047398559527,1114,EnthalpyOfMixing,<Substance C1CCOCC1{solv}{x=0.826200}|Cc1ccncc1{solv}{x=0.173800}>,C1CCOCC1,Cc1ccncc1,Protein-Null-0.0.3-4-mer-AAQAA3-1E3-2-OPC3_opc3,1,0.0328287575381907,0.044284396222221,0.0948,0.001
1115,1115,dens_1998279082934343093,1115,Density,<Substance C1CCOCC1{solv}{x=0.826300}|Cc1ccncc1{solv}{x=0.173700}>,C1CCOCC1,Cc1ccncc1,Protein-Null-0.0.3-4-mer-AAQAA3-1E3-2-OPC3_opc3,1,0.8724169397146601,0.0002311053274837,0.8827950000000002,0.000387
1116,1116,dens_1226224986443053492,1116,Density,<Substance CCOc1ccccc1{solv}{x=0.482600}|OCCc1ccccc1{solv}{x=0.517400}>,CCOc1ccccc1,OCCc1ccccc1,Protein-Null-0.0.3-4-mer-AAQAA3-1E3-2-OPC3_opc3,1,0.9743257609402513,0.0001702996250868,0.9803700000000002,0.00026
1117,1117,dens_1288457717872177367,1117,Density,<Substance CCOc1ccccc1{solv}{x=0.304100}|OCCc1ccccc1{solv}{x=0.695900}>,CCOc1ccccc1,OCCc1ccccc1,Protein-Null-0.0.3-4-mer-AAQAA3-1E3-2-OPC3_opc3,1,0.9846361139446448,0.0002058290342705,0.9909900000000004,0.00026
1118,1118,dhmix_1400067757990485972,1118,EnthalpyOfMixing,<Substance CCOc1ccccc1{solv}{x=0.738800}|OCCc1ccccc1{solv}{x=0.261200}>,CCOc1ccccc1,OCCc1ccccc1,Protein-Null-0.0.3-4-mer-AAQAA3-1E3-2-OPC3_opc3,1,1.0148516830296683,0.0541750717676998,1.1427,0.01225
1119,1119,dens_1419265414647987466,1119,Density,<Substance CCOc1ccccc1{solv}{x=0.792900}|OCCc1ccccc1{solv}{x=0.207100}>,CCOc1ccccc1,OCCc1ccccc1,Protein-Null-0.0.3-4-mer-AAQAA3-1E3-2-OPC3_opc3,1,0.9565909068845692,0.0002346763603249,0.9624400000000004,0.00026
1120,1120,dhmix_1985234108792038812,1120,EnthalpyOfMixing,<Substance CCOc1ccccc1{solv}{x=0.485200}|OCCc1ccccc1{solv}{x=0.514800}>,CCOc1ccccc1,OCCc1ccccc1,Protein-Null-0.0.3-4-mer-AAQAA3-1E3-2-OPC3_opc3,1,1.058707408014456,0.0524251756411872,1.0249,0.011
1121,1121,dhmix_2203675640711482674,1121,EnthalpyOfMixing,<Substance CCOc1ccccc1{solv}{x=0.239100}|OCCc1ccccc1{solv}{x=0.760900}>,CCOc1ccccc1,OCCc1ccccc1,Protein-Null-0.0.3-4-mer-AAQAA3-1E3-2-OPC3_opc3,1,0.592500058877178,0.0509543326353318,0.6669,0.0072
1122,1122,dens_1247048173376376516,1122,Density,<Substance CCCCC(=O)OC{solv}{x=0.349300}|COC=O{solv}{x=0.650700}>,CCCCC(=O)OC,COC=O,Protein-Null-0.0.3-4-mer-AAQAA3-1E3-2-OPC3_opc3,1,0.931490113725592,0.0002581856154722,0.9198400000000002,0.000115
1123,1123,dens_1283923442255956417,1123,Density,<Substance CCCCC(=O)OC{solv}{x=0.500000}|COC=O{solv}{x=0.500000}>,CCCCC(=O)OC,COC=O,Protein-Null-0.0.3-4-mer-AAQAA3-1E3-2-OPC3_opc3,1,0.9151032184530432,0.0002499363758164,0.90817,0.00012
1124,1124,dhmix_1491739683552461043,1124,EnthalpyOfMixing,<Substance CCCCC(=O)OC{solv}{x=0.348600}|COC=O{solv}{x=0.651400}>,CCCCC(=O)OC,COC=O,Protein-Null-0.0.3-4-mer-AAQAA3-1E3-2-OPC3_opc3,1,0.3642741906072153,0.0364832195367072,0.422,0.0045
1125,1125,dhmix_1747049492522889097,1125,EnthalpyOfMixing,<Substance CCCCC(=O)OC{solv}{x=0.523200}|COC=O{solv}{x=0.476800}>,CCCCC(=O)OC,COC=O,Protein-Null-0.0.3-4-mer-AAQAA3-1E3-2-OPC3_opc3,1,0.3517362595942881,0.0421987134609271,0.409,0.0045
1126,1126,dhmix_1990853348078771210,1126,EnthalpyOfMixing,<Substance CCCCC(=O)OC{solv}{x=0.796800}|COC=O{solv}{x=0.203200}>,CCCCC(=O)OC,COC=O,Protein-Null-0.0.3-4-mer-AAQAA3-1E3-2-OPC3_opc3,1,0.189550034208505,0.0453333534915097,0.219,0.0025
1127,1127,dens_2269601061883384185,1127,Density,<Substance CCCCC(=O)OC{solv}{x=0.725800}|COC=O{solv}{x=0.274200}>,CCCCC(=O)OC,COC=O,Protein-Null-0.0.3-4-mer-AAQAA3-1E3-2-OPC3_opc3,1,0.897874892047276,0.0002207591892131,0.8955000000000002,0.000135
1128,1128,dens_1266839724964377205,1128,Density,<Substance Cn1ccnc1{solv}{x=0.779500}|O{solv}{x=0.220500}>,Cn1ccnc1,O,Protein-Null-0.0.3-4-mer-AAQAA3-1E3-2-OPC3_opc3,1,1.025783356329182,0.0001828878462931,1.0360000000000005,0.00015
1129,1129,dens_1634862053132906887,1129,Density,<Substance Cn1ccnc1{solv}{x=0.498200}|O{solv}{x=0.501800}>,Cn1ccnc1,O,Protein-Null-0.0.3-4-mer-AAQAA3-1E3-2-OPC3_opc3,1,1.0284362547542245,0.000219209234796,1.0416,0.00015
1130,1130,dens_1681126092995837883,1130,Density,<Substance Cn1ccnc1{solv}{x=0.216700}|O{solv}{x=0.783300}>,Cn1ccnc1,O,Protein-Null-0.0.3-4-mer-AAQAA3-1E3-2-OPC3_opc3,1,1.02003678404627,0.0003472440953943,1.0301000000000002,0.0001
1131,1131,dhmix_1311251505653939236,1131,EnthalpyOfMixing,<Substance CC(=O)CC(C)=O{solv}{x=0.598500}|O{solv}{x=0.401500}>,CC(=O)CC(C)=O,O,Protein-Null-0.0.3-4-mer-AAQAA3-1E3-2-OPC3_opc3,1,0.2326041083468908,0.0349863089696946,0.4905,0.00555
1132,1132,dhmix_1367092272310773702,1132,EnthalpyOfMixing,<Substance CC(=O)CC(C)=O{solv}{x=0.749200}|O{solv}{x=0.250800}>,CC(=O)CC(C)=O,O,Protein-Null-0.0.3-4-mer-AAQAA3-1E3-2-OPC3_opc3,1,0.2932402193055452,0.0387587247240515,0.6211,0.00695
1133,1133,dhmix_2033109088651196860,1133,EnthalpyOfMixing,<Substance CC(=O)CC(C)=O{solv}{x=0.200400}|O{solv}{x=0.799600}>,CC(=O)CC(C)=O,O,Protein-Null-0.0.3-4-mer-AAQAA3-1E3-2-OPC3_opc3,1,-0.1748415238346865,0.0213100665574621,0.1562,0.0021
1134,1134,dens_1319073694995976411,1134,Density,<Substance CC(C)CO{solv}{x=0.762200}|OC1=NCCC1{solv}{x=0.237800}>,CC(C)CO,OC1=NCCC1,Protein-Null-0.0.3-4-mer-AAQAA3-1E3-2-OPC3_opc3,1,0.8659364852872716,0.0002163408708617,0.8623100000000001,0.000205
1135,1135,dhmix_1817161401911066523,1135,EnthalpyOfMixing,<Substance CC(C)CO{solv}{x=0.754900}|OC1=NCCC1{solv}{x=0.245100}>,CC(C)CO,OC1=NCCC1,Protein-Null-0.0.3-4-mer-AAQAA3-1E3-2-OPC3_opc3,1,1.2829298621858267,0.043677939517076,0.2989,0.0033
1136,1136,dens_1852757585830259815,1136,Density,<Substance CC(C)CO{solv}{x=0.287400}|OC1=NCCC1{solv}{x=0.712600}>,CC(C)CO,OC1=NCCC1,Protein-Null-0.0.3-4-mer-AAQAA3-1E3-2-OPC3_opc3,1,0.9891334680724676,0.0002622487690994,1.0078300000000002,0.000155
1137,1137,dhmix_2057245570503088562,1137,EnthalpyOfMixing,<Substance CC(C)CO{solv}{x=0.259800}|OC1=NCCC1{solv}{x=0.740200}>,CC(C)CO,OC1=NCCC1,Protein-Null-0.0.3-4-mer-AAQAA3-1E3-2-OPC3_opc3,1,1.274781776523369,0.0400389926872659,0.1798,0.00205
1138,1138,dens_2175875616459255266,1138,Density,<Substance CC(C)CO{solv}{x=0.489400}|OC1=NCCC1{solv}{x=0.510600}>,CC(C)CO,OC1=NCCC1,Protein-Null-0.0.3-4-mer-AAQAA3-1E3-2-OPC3_opc3,1,0.9349371475118652,0.0002404049910989,0.9431100000000002,0.00017
1139,1139,dhmix_2273039716774959551,1139,EnthalpyOfMixing,<Substance CC(C)CO{solv}{x=0.497800}|OC1=NCCC1{solv}{x=0.502200}>,CC(C)CO,OC1=NCCC1,Protein-Null-0.0.3-4-mer-AAQAA3-1E3-2-OPC3_opc3,1,1.7205028197973815,0.0386226904061339,0.2775,0.0031
1140,1140,dens_1400897934227212514,1140,Density,<Substance CC(C)CC(C)(C)C{solv}{x=0.541100}|COC(C)=O{solv}{x=0.458900}>,CC(C)CC(C)(C)C,COC(C)=O,Protein-Null-0.0.3-4-mer-AAQAA3-1E3-2-OPC3_opc3,1,0.7661419289702196,0.0002198667563687,0.7495700000000002,0.000505
1141,1141,dhmix_1534218615961922445,1141,EnthalpyOfMixing,<Substance CC(C)CC(C)(C)C{solv}{x=0.256000}|COC(C)=O{solv}{x=0.744000}>,CC(C)CC(C)(C)C,COC(C)=O,Protein-Null-0.0.3-4-mer-AAQAA3-1E3-2-OPC3_opc3,1,1.683306861043798,0.0397051029004908,1.385,0.015
1142,1142,dhmix_1663557420681143866,1142,EnthalpyOfMixing,<Substance CC(C)CC(C)(C)C{solv}{x=0.540600}|COC(C)=O{solv}{x=0.459400}>,CC(C)CC(C)(C)C,COC(C)=O,Protein-Null-0.0.3-4-mer-AAQAA3-1E3-2-OPC3_opc3,1,2.01100658644296,0.0471504177509454,1.759,0.019
1143,1143,dens_1833608859418637606,1143,Density,<Substance CC(C)CC(C)(C)C{solv}{x=0.736400}|COC(C)=O{solv}{x=0.263600}>,CC(C)CC(C)(C)C,COC(C)=O,Protein-Null-0.0.3-4-mer-AAQAA3-1E3-2-OPC3_opc3,1,0.7353962526401185,0.0002038712455592,0.7171000000000002,0.00015
1144,1144,dhmix_1913788848230724771,1144,EnthalpyOfMixing,<Substance CC(C)CC(C)(C)C{solv}{x=0.783300}|COC(C)=O{solv}{x=0.216700}>,CC(C)CC(C)(C)C,COC(C)=O,Protein-Null-0.0.3-4-mer-AAQAA3-1E3-2-OPC3_opc3,1,1.553787188146373,0.0503486219394131,1.149,0.0125
1145,1145,dens_2018568384717712900,1145,Density,<Substance CC(C)CC(C)(C)C{solv}{x=0.238900}|COC(C)=O{solv}{x=0.761100}>,CC(C)CC(C)(C)C,COC(C)=O,Protein-Null-0.0.3-4-mer-AAQAA3-1E3-2-OPC3_opc3,1,0.8382304581419217,0.0002503878313413,0.8248000000000002,0.0001
1146,1146,dens_1465225466328543955,1146,Density,<Substance Cc1cccnc1{solv}{x=0.225000}|O{solv}{x=0.775000}>,Cc1cccnc1,O,Protein-Null-0.0.3-4-mer-AAQAA3-1E3-2-OPC3_opc3,1,0.9692609577827074,0.000379824309998,0.9921000000000002,0.0003
1147,1147,dens_1644445312716340330,1147,Density,<Substance Cc1cccnc1{solv}{x=0.500000}|O{solv}{x=0.500000}>,Cc1cccnc1,O,Protein-Null-0.0.3-4-mer-AAQAA3-1E3-2-OPC3_opc3,1,0.9568673464928604,0.0002823400109478,0.9797000000000002,0.0003
1148,1148,dens_2262998332454406432,1148,Density,<Substance Cc1cccnc1{solv}{x=0.700000}|O{solv}{x=0.300000}>,Cc1cccnc1,O,Protein-Null-0.0.3-4-mer-AAQAA3-1E3-2-OPC3_opc3,1,0.9528757637869611,0.0002533763432881,0.9690000000000002,0.0003
1149,1149,dens_1601780542508306264,1149,Density,<Substance CC(=O)N(C)C{solv}{x=0.771800}|CCOC(C)=O{solv}{x=0.228200}>,CC(=O)N(C)C,CCOC(C)=O,Protein-Null-0.0.3-4-mer-AAQAA3-1E3-2-OPC3_opc3,1,0.90191251763896,0.0001951331503835,0.9286200000000002,0.000185
1150,1150,dens_2126546638582188774,1150,Density,<Substance CC(=O)N(C)C{solv}{x=0.464600}|CCOC(C)=O{solv}{x=0.535400}>,CC(=O)N(C)C,CCOC(C)=O,Protein-Null-0.0.3-4-mer-AAQAA3-1E3-2-OPC3_opc3,1,0.9039541042741318,0.0002439186373404,0.9166300000000002,0.00022
1151,1151,dens_2159432384130350508,1151,Density,<Substance CC(=O)N(C)C{solv}{x=0.233100}|CCOC(C)=O{solv}{x=0.766900}>,CC(=O)N(C)C,CCOC(C)=O,Protein-Null-0.0.3-4-mer-AAQAA3-1E3-2-OPC3_opc3,1,0.90533415979877,0.0002321982868224,0.9064300000000002,0.000245
1152,1152,dens_1713891284028890335,1152,Density,<Substance CC(=O)O{solv}{x=0.798900}|CCOC(C)=O{solv}{x=0.201100}>,CC(=O)O,CCOC(C)=O,Protein-Null-0.0.3-4-mer-AAQAA3-1E3-2-OPC3_opc3,1,1.026083905318402,0.0002501853184676,0.9996600000000002,0.000225
1153,1153,dens_1856345418041920174,1153,Density,<Substance CC(=O)O{solv}{x=0.500700}|CCOC(C)=O{solv}{x=0.499300}>,CC(=O)O,CCOC(C)=O,Protein-Null-0.0.3-4-mer-AAQAA3-1E3-2-OPC3_opc3,1,0.9706411817673508,0.0002515765133212,0.9514000000000002,0.00018
1154,1154,dens_2035334988982485653,1154,Density,<Substance CC(=O)O{solv}{x=0.294400}|CCOC(C)=O{solv}{x=0.705600}>,CC(=O)O,CCOC(C)=O,Protein-Null-0.0.3-4-mer-AAQAA3-1E3-2-OPC3_opc3,1,0.9404700730106982,0.0002669680267813,0.9255000000000002,0.00016
1155,1155,dhmix_592425981731704,0,EnthalpyOfMixing,<Substance C1CCCCC1{solv}{x=0.100300}|Cc1ccccc1{solv}{x=0.899700}>,C1CCCCC1,Cc1ccccc1,Protein-Null-0.0.3-4-mer-AAQAA3-1E3-2-OPC3_opc3,2,0.2818787205353601,0.0432455698764019,0.2015,0.0015
1156,1156,dens_191923210986624643,1,Density,<Substance C1CCCCC1{solv}{x=0.697700}|Cc1ccccc1{solv}{x=0.302300}>,C1CCCCC1,Cc1ccccc1,Protein-Null-0.0.3-4-mer-AAQAA3-1E3-2-OPC3_opc3,2,0.7614342808640453,0.0002450635750913,0.7818000000000002,0.00041
1157,1157,dens_699555827256664507,2,Density,<Substance C1CCCCC1{solv}{x=0.100000}|Cc1ccccc1{solv}{x=0.900000}>,C1CCCCC1,Cc1ccccc1,Protein-Null-0.0.3-4-mer-AAQAA3-1E3-2-OPC3_opc3,2,0.8219420690774027,0.0002667080390818,0.8378000000000001,0.00025
1158,1158,dhmix_997331474504366167,3,EnthalpyOfMixing,<Substance C1CCCCC1{solv}{x=0.697900}|Cc1ccccc1{solv}{x=0.302100}>,C1CCCCC1,Cc1ccccc1,Protein-Null-0.0.3-4-mer-AAQAA3-1E3-2-OPC3_opc3,2,0.747397003124334,0.0448981837129898,0.5221,0.0034
1159,1159,dhmix_1586684551148150215,4,EnthalpyOfMixing,<Substance C1CCCCC1{solv}{x=0.397600}|Cc1ccccc1{solv}{x=0.602400}>,C1CCCCC1,Cc1ccccc1,Protein-Null-0.0.3-4-mer-AAQAA3-1E3-2-OPC3_opc3,2,0.7528487964362256,0.0339471973294133,0.5887,0.0038
1160,1160,dens_1809100412119556796,5,Density,<Substance C1CCCCC1{solv}{x=0.397500}|Cc1ccccc1{solv}{x=0.602500}>,C1CCCCC1,Cc1ccccc1,Protein-Null-0.0.3-4-mer-AAQAA3-1E3-2-OPC3_opc3,2,0.8050575980950532,0.0002399271087936,0.8228000000000002,0.0002
1161,1161,dhmix_1261378482688431,6,EnthalpyOfMixing,<Substance CCC(C)=O{solv}{x=0.510600}|Nc1ccccc1{solv}{x=0.489400}>,CCC(C)=O,Nc1ccccc1,Protein-Null-0.0.3-4-mer-AAQAA3-1E3-2-OPC3_opc3,2,-0.7250864810675708,0.0432345325712945,-1.173,0.0125
1162,1162,dhmix_157258283975731553,7,EnthalpyOfMixing,<Substance CCC(C)=O{solv}{x=0.901800}|Nc1ccccc1{solv}{x=0.098200}>,CCC(C)=O,Nc1ccccc1,Protein-Null-0.0.3-4-mer-AAQAA3-1E3-2-OPC3_opc3,2,-0.4733269664131683,0.035686122628424,-0.469,0.005
1163,1163,dens_610648476268376520,8,Density,<Substance CCC(C)=O{solv}{x=0.502600}|Nc1ccccc1{solv}{x=0.497400}>,CCC(C)=O,Nc1ccccc1,Protein-Null-0.0.3-4-mer-AAQAA3-1E3-2-OPC3_opc3,2,0.926008632597722,0.0002165831680037,0.9213850000000002,5.650000000000002e-05
1164,1164,dens_1388487494953421117,9,Density,<Substance CCC(C)=O{solv}{x=0.901900}|Nc1ccccc1{solv}{x=0.098100}>,CCC(C)=O,Nc1ccccc1,Protein-Null-0.0.3-4-mer-AAQAA3-1E3-2-OPC3_opc3,2,0.8073387316079431,0.0002382099335971,0.8265540000000001,7.200000000000002e-05
1165,1165,dhmix_1389656513678923263,10,EnthalpyOfMixing,<Substance CCC(C)=O{solv}{x=0.209900}|Nc1ccccc1{solv}{x=0.790100}>,CCC(C)=O,Nc1ccccc1,Protein-Null-0.0.3-4-mer-AAQAA3-1E3-2-OPC3_opc3,2,0.1925074481552684,0.0559841064052638,-0.648,0.007
1166,1166,dens_2115628806769415578,11,Density,<Substance CCC(C)=O{solv}{x=0.256300}|Nc1ccccc1{solv}{x=0.743700}>,CCC(C)=O,Nc1ccccc1,Protein-Null-0.0.3-4-mer-AAQAA3-1E3-2-OPC3_opc3,2,0.9980913599777342,0.0002241885661982,0.9712300000000004,4.900000000000001e-05
1167,1167,dens_1379242187515209,12,Density,<Substance CC#N{solv}{x=0.795200}|CCCCOCCCC{solv}{x=0.204800}>,CC#N,CCCCOCCCC,Protein-Null-0.0.3-4-mer-AAQAA3-1E3-2-OPC3_opc3,2,0.7727292869598648,0.0002532016021584,0.7708800000000002,0.000245
1168,1168,dhmix_575991096898484441,13,EnthalpyOfMixing,<Substance CC#N{solv}{x=0.488600}|CCCCOCCCC{solv}{x=0.511400}>,CC#N,CCCCOCCCC,Protein-Null-0.0.3-4-mer-AAQAA3-1E3-2-OPC3_opc3,2,0.6420251683143192,0.0427398883426717,1.26543,0.00796
1169,1169,dhmix_1182924089945476872,14,EnthalpyOfMixing,<Substance CC#N{solv}{x=0.241600}|CCCCOCCCC{solv}{x=0.758400}>,CC#N,CCCCOCCCC,Protein-Null-0.0.3-4-mer-AAQAA3-1E3-2-OPC3_opc3,2,0.4755962068621784,0.0508120649830335,0.94593,0.00601
1170,1170,dhmix_1244492966201685063,15,EnthalpyOfMixing,<Substance CC#N{solv}{x=0.795200}|CCCCOCCCC{solv}{x=0.204800}>,CC#N,CCCCOCCCC,Protein-Null-0.0.3-4-mer-AAQAA3-1E3-2-OPC3_opc3,2,0.4466015167457875,0.0334678343038554,0.94289,0.005995
1171,1171,dens_2044032309137951705,16,Density,<Substance CC#N{solv}{x=0.245500}|CCCCOCCCC{solv}{x=0.754500}>,CC#N,CCCCOCCCC,Protein-Null-0.0.3-4-mer-AAQAA3-1E3-2-OPC3_opc3,2,0.7607856645698002,0.0002043432123744,0.7653000000000001,0.00028
1172,1172,dens_2211436825174998797,17,Density,<Substance CC#N{solv}{x=0.509800}|CCCCOCCCC{solv}{x=0.490200}>,CC#N,CCCCOCCCC,Protein-Null-0.0.3-4-mer-AAQAA3-1E3-2-OPC3_opc3,2,0.7654361572720934,0.0002393916725258,0.7671500000000001,0.00026
1173,1173,dens_1820034175228694,18,Density,<Substance C1CCCCC1{solv}{x=0.540900}|CN1CCCC1=O{solv}{x=0.459100}>,C1CCCCC1,CN1CCCC1=O,Protein-Null-0.0.3-4-mer-AAQAA3-1E3-2-OPC3_opc3,2,0.8537070584283724,0.000156189777767,0.8757100000000002,0.000335
1174,1174,dhmix_1335365307191460458,19,EnthalpyOfMixing,<Substance C1CCCCC1{solv}{x=0.751800}|CN1CCCC1=O{solv}{x=0.248200}>,C1CCCCC1,CN1CCCC1=O,Protein-Null-0.0.3-4-mer-AAQAA3-1E3-2-OPC3_opc3,2,1.4114566063916527,0.0448245413663974,1.1998,0.01285
1175,1175,dens_1375048033230012198,20,Density,<Substance C1CCCCC1{solv}{x=0.733200}|CN1CCCC1=O{solv}{x=0.266800}>,C1CCCCC1,CN1CCCC1=O,Protein-Null-0.0.3-4-mer-AAQAA3-1E3-2-OPC3_opc3,2,0.8072555882590129,0.0001665914494156,0.8287300000000002,0.0004
1176,1176,dhmix_1563298635135474599,21,EnthalpyOfMixing,<Substance C1CCCCC1{solv}{x=0.278900}|CN1CCCC1=O{solv}{x=0.721100}>,C1CCCCC1,CN1CCCC1=O,Protein-Null-0.0.3-4-mer-AAQAA3-1E3-2-OPC3_opc3,2,1.482304172228261,0.0420071667815949,1.2061,0.0129
1177,1177,dens_1606235786379262481,22,Density,<Substance C1CCCCC1{solv}{x=0.227500}|CN1CCCC1=O{solv}{x=0.772500}>,C1CCCCC1,CN1CCCC1=O,Protein-Null-0.0.3-4-mer-AAQAA3-1E3-2-OPC3_opc3,2,0.933829770514216,0.000225622675391,0.9583800000000002,0.000245
1178,1178,dhmix_1683219349338278021,23,EnthalpyOfMixing,<Substance C1CCCCC1{solv}{x=0.473400}|CN1CCCC1=O{solv}{x=0.526600}>,C1CCCCC1,CN1CCCC1=O,Protein-Null-0.0.3-4-mer-AAQAA3-1E3-2-OPC3_opc3,2,1.7660716667750478,0.0449482399817157,1.4691,0.0157
1179,1179,dens_4438302718372985,24,Density,<Substance BrCCCCBr{solv}{x=0.717000}|COC=O{solv}{x=0.283000}>,BrCCCCBr,COC=O,Protein-Null-0.0.3-4-mer-AAQAA3-1E3-2-OPC3_opc3,2,1.6282255102531162,0.0004181767527235,1.6702600000000003,0.00259
1180,1180,dhmix_369816950910078034,25,EnthalpyOfMixing,<Substance BrCCCCBr{solv}{x=0.778200}|COC=O{solv}{x=0.221800}>,BrCCCCBr,COC=O,Protein-Null-0.0.3-4-mer-AAQAA3-1E3-2-OPC3_opc3,2,0.7921542736284479,0.0344673192655264,0.6355,0.0057
1181,1181,dens_460757700461114532,26,Density,<Substance BrCCCCBr{solv}{x=0.495800}|COC=O{solv}{x=0.504200}>,BrCCCCBr,COC=O,Protein-Null-0.0.3-4-mer-AAQAA3-1E3-2-OPC3_opc3,2,1.4960205792781336,0.0004919264836114,1.5176800000000004,0.001885
1182,1182,dhmix_1496821399278454353,27,EnthalpyOfMixing,<Substance BrCCCCBr{solv}{x=0.265400}|COC=O{solv}{x=0.734600}>,BrCCCCBr,COC=O,Protein-Null-0.0.3-4-mer-AAQAA3-1E3-2-OPC3_opc3,2,0.9619723170488808,0.0356584111702202,0.8185,0.00715
1183,1183,dens_1750413656870357630,28,Density,<Substance BrCCCCBr{solv}{x=0.225800}|COC=O{solv}{x=0.774200}>,BrCCCCBr,COC=O,Protein-Null-0.0.3-4-mer-AAQAA3-1E3-2-OPC3_opc3,2,1.2715319892136243,0.0003566324779324,1.2671300000000003,0.00104
1184,1184,dhmix_1802862930607761431,29,EnthalpyOfMixing,<Substance BrCCCCBr{solv}{x=0.482000}|COC=O{solv}{x=0.518000}>,BrCCCCBr,COC=O,Protein-Null-0.0.3-4-mer-AAQAA3-1E3-2-OPC3_opc3,2,1.1323219298098517,0.0292423906452603,1.0243,0.0087
1185,1185,dhmix_8447570649359775,30,EnthalpyOfMixing,<Substance OCCO{solv}{x=0.481700}|OCc1ccccc1{solv}{x=0.518300}>,OCCO,OCc1ccccc1,Protein-Null-0.0.3-4-mer-AAQAA3-1E3-2-OPC3_opc3,2,0.2205840838295572,0.0462097484787192,0.201,0.00465
1186,1186,dens_824372741354282107,31,Density,<Substance OCCO{solv}{x=0.505700}|OCc1ccccc1{solv}{x=0.494300}>,OCCO,OCc1ccccc1,Protein-Null-0.0.3-4-mer-AAQAA3-1E3-2-OPC3_opc3,2,1.0595121210483205,0.0004311730877472,1.0579000000000005,0.00027
1187,1187,dens_1105173553343721111,32,Density,<Substance OCCO{solv}{x=0.737100}|OCc1ccccc1{solv}{x=0.262900}>,OCCO,OCc1ccccc1,Protein-Null-0.0.3-4-mer-AAQAA3-1E3-2-OPC3_opc3,2,1.0814624974700515,0.0004442648222017,1.0753200000000005,0.000275
1188,1188,dhmix_1362282802315816638,33,EnthalpyOfMixing,<Substance OCCO{solv}{x=0.736100}|OCc1ccccc1{solv}{x=0.263900}>,OCCO,OCc1ccccc1,Protein-Null-0.0.3-4-mer-AAQAA3-1E3-2-OPC3_opc3,2,0.0388704274939186,0.0441748701314187,0.1383,0.0037
1189,1189,dhmix_1666683879028583081,34,EnthalpyOfMixing,<Substance OCCO{solv}{x=0.236500}|OCc1ccccc1{solv}{x=0.763500}>,OCCO,OCc1ccccc1,Protein-Null-0.0.3-4-mer-AAQAA3-1E3-2-OPC3_opc3,2,0.1899606560638886,0.0508037025005455,0.209,0.0048
1190,1190,dens_1698159396404241323,35,Density,<Substance OCCO{solv}{x=0.262200}|OCc1ccccc1{solv}{x=0.737800}>,OCCO,OCc1ccccc1,Protein-Null-0.0.3-4-mer-AAQAA3-1E3-2-OPC3_opc3,2,1.0444815334543456,0.0002593777159847,1.0442900000000002,0.000265
1191,1191,dens_8507121971977381,36,Density,<Substance CCOC(C)(C)C{solv}{x=0.505000}|Cc1ccccc1{solv}{x=0.495000}>,CCOC(C)(C)C,Cc1ccccc1,Protein-Null-0.0.3-4-mer-AAQAA3-1E3-2-OPC3_opc3,2,0.7964522869534629,0.0002254305929258,0.7937390000000002,0.000467
1192,1192,dens_499290591626962121,37,Density,<Substance CCOC(C)(C)C{solv}{x=0.217000}|Cc1ccccc1{solv}{x=0.783000}>,CCOC(C)(C)C,Cc1ccccc1,Protein-Null-0.0.3-4-mer-AAQAA3-1E3-2-OPC3_opc3,2,0.8256245829776283,0.0002442511494985,0.8314450000000002,0.000411
1193,1193,dhmix_820491025608256793,38,EnthalpyOfMixing,<Substance CCOC(C)(C)C{solv}{x=0.501900}|Cc1ccccc1{solv}{x=0.498100}>,CCOC(C)(C)C,Cc1ccccc1,Protein-Null-0.0.3-4-mer-AAQAA3-1E3-2-OPC3_opc3,2,-0.1960545878752455,0.0408885510095693,-0.046,0.00055
1194,1194,dhmix_1374163681483564129,39,EnthalpyOfMixing,<Substance CCOC(C)(C)C{solv}{x=0.248900}|Cc1ccccc1{solv}{x=0.751100}>,CCOC(C)(C)C,Cc1ccccc1,Protein-Null-0.0.3-4-mer-AAQAA3-1E3-2-OPC3_opc3,2,-0.2161111457996796,0.0335997960055766,-0.0324,0.0005
1195,1195,dens_1904998692863983733,40,Density,<Substance CCOC(C)(C)C{solv}{x=0.701000}|Cc1ccccc1{solv}{x=0.299000}>,CCOC(C)(C)C,Cc1ccccc1,Protein-Null-0.0.3-4-mer-AAQAA3-1E3-2-OPC3_opc3,2,0.7778689750076316,0.0002048250354222,0.7696300000000001,0.000503
1196,1196,dhmix_1982853461678580310,41,EnthalpyOfMixing,<Substance CCOC(C)(C)C{solv}{x=0.749500}|Cc1ccccc1{solv}{x=0.250500}>,CCOC(C)(C)C,Cc1ccccc1,Protein-Null-0.0.3-4-mer-AAQAA3-1E3-2-OPC3_opc3,2,-0.1982900703981371,0.0466738048959238,-0.0348,0.0005
1197,1197,dhmix_13624411991961099,42,EnthalpyOfMixing,<Substance C1CCOCC1{solv}{x=0.237900}|Cc1ccccc1N{solv}{x=0.762100}>,C1CCOCC1,Cc1ccccc1N,Protein-Null-0.0.3-4-mer-AAQAA3-1E3-2-OPC3_opc3,2,-0.0880492038076674,0.0513675985980843,-0.3658,0.004
1198,1198,dhmix_510299013171775812,43,EnthalpyOfMixing,<Substance C1CCOCC1{solv}{x=0.741000}|Cc1ccccc1N{solv}{x=0.259000}>,C1CCOCC1,Cc1ccccc1N,Protein-Null-0.0.3-4-mer-AAQAA3-1E3-2-OPC3_opc3,2,-0.1371299469274376,0.0476740395587957,-0.4892,0.0053
1199,1199,dhmix_1337006691942958969,44,EnthalpyOfMixing,<Substance C1CCOCC1{solv}{x=0.490100}|Cc1ccccc1N{solv}{x=0.509900}>,C1CCOCC1,Cc1ccccc1N,Protein-Null-0.0.3-4-mer-AAQAA3-1E3-2-OPC3_opc3,2,-0.0826428146848741,0.0453558203420266,-0.5715,0.0062
1200,1200,dens_1448062547628404156,45,Density,<Substance C1CCOCC1{solv}{x=0.727900}|Cc1ccccc1N{solv}{x=0.272100}>,C1CCOCC1,Cc1ccccc1N,Protein-Null-0.0.3-4-mer-AAQAA3-1E3-2-OPC3_opc3,2,0.9146743315405856,0.0001973778790549,0.91866,0.000285
1201,1201,dens_2171966897328079405,46,Density,<Substance C1CCOCC1{solv}{x=0.498600}|Cc1ccccc1N{solv}{x=0.501400}>,C1CCOCC1,Cc1ccccc1N,Protein-Null-0.0.3-4-mer-AAQAA3-1E3-2-OPC3_opc3,2,0.9502708319062396,0.0002462289616487,0.9459860000000002,0.0002275
1202,1202,dens_2201621104799327758,47,Density,<Substance C1CCOCC1{solv}{x=0.229700}|Cc1ccccc1N{solv}{x=0.770300}>,C1CCOCC1,Cc1ccccc1N,Protein-Null-0.0.3-4-mer-AAQAA3-1E3-2-OPC3_opc3,2,0.9898027647078969,0.0002364204383044,0.9734540000000002,0.000164
1203,1203,dens_15008167137789802,48,Density,<Substance CCCCCl{solv}{x=0.299200}|CN(C)C=O{solv}{x=0.700800}>,CCCCCl,CN(C)C=O,Protein-Null-0.0.3-4-mer-AAQAA3-1E3-2-OPC3_opc3,2,0.8991373044525712,0.0002711237844809,0.9218000000000002,0.0002
1204,1204,dens_550868133232739009,49,Density,<Substance CCCCCl{solv}{x=0.701200}|CN(C)C=O{solv}{x=0.298800}>,CCCCCl,CN(C)C=O,Protein-Null-0.0.3-4-mer-AAQAA3-1E3-2-OPC3_opc3,2,0.8740559843558603,0.0003242763086877,0.8963000000000002,0.0002
1205,1205,dhmix_1315230298567753558,50,EnthalpyOfMixing,<Substance CCCCCl{solv}{x=0.793000}|CN(C)C=O{solv}{x=0.207000}>,CCCCCl,CN(C)C=O,Protein-Null-0.0.3-4-mer-AAQAA3-1E3-2-OPC3_opc3,2,0.7616673948213943,0.0420573119146665,0.404,0.003
1206,1206,dhmix_1929975181819720491,51,EnthalpyOfMixing,<Substance CCCCCl{solv}{x=0.493000}|CN(C)C=O{solv}{x=0.507000}>,CCCCCl,CN(C)C=O,Protein-Null-0.0.3-4-mer-AAQAA3-1E3-2-OPC3_opc3,2,0.9684945487890744,0.0361447293105719,0.571,0.003
1207,1207,dhmix_1976787548784045784,52,EnthalpyOfMixing,<Substance CCCCCl{solv}{x=0.295000}|CN(C)C=O{solv}{x=0.705000}>,CCCCCl,CN(C)C=O,Protein-Null-0.0.3-4-mer-AAQAA3-1E3-2-OPC3_opc3,2,0.7847250980005285,0.0365935015283704,0.467,0.003
1208,1208,dens_2008819185276371643,53,Density,<Substance CCCCCl{solv}{x=0.499000}|CN(C)C=O{solv}{x=0.501000}>,CCCCCl,CN(C)C=O,Protein-Null-0.0.3-4-mer-AAQAA3-1E3-2-OPC3_opc3,2,0.8866888564267958,0.0002829268182087,0.9086000000000002,0.0002
1209,1209,dens_16755306936326197,54,Density,<Substance Cc1ccccc1N{solv}{x=0.255700}|Cc1ccccn1{solv}{x=0.744300}>,Cc1ccccc1N,Cc1ccccn1,Protein-Null-0.0.3-4-mer-AAQAA3-1E3-2-OPC3_opc3,2,0.965606742512608,0.0002182130753258,0.9597930000000002,0.000307
1210,1210,dens_238666738854407136,55,Density,<Substance Cc1ccccc1N{solv}{x=0.514600}|Cc1ccccn1{solv}{x=0.485400}>,Cc1ccccc1N,Cc1ccccn1,Protein-Null-0.0.3-4-mer-AAQAA3-1E3-2-OPC3_opc3,2,0.9878261013989856,0.0002288227288411,0.9748990000000002,0.0002315
1211,1211,dhmix_1909144841681931250,56,EnthalpyOfMixing,<Substance Cc1ccccc1N{solv}{x=0.488200}|Cc1ccccn1{solv}{x=0.511800}>,Cc1ccccc1N,Cc1ccccn1,Protein-Null-0.0.3-4-mer-AAQAA3-1E3-2-OPC3_opc3,2,-1.8078795860343888,0.0423172049606004,-1.4976,0.0305
1212,1212,dens_1945534954282706534,57,Density,<Substance Cc1ccccc1N{solv}{x=0.757100}|Cc1ccccn1{solv}{x=0.242900}>,Cc1ccccc1N,Cc1ccccn1,Protein-Null-0.0.3-4-mer-AAQAA3-1E3-2-OPC3_opc3,2,1.0040879608015585,0.000191467613624,0.9854410000000002,0.000169
1213,1213,dhmix_2038606904928978856,58,EnthalpyOfMixing,<Substance Cc1ccccc1N{solv}{x=0.782100}|Cc1ccccn1{solv}{x=0.217900}>,Cc1ccccc1N,Cc1ccccn1,Protein-Null-0.0.3-4-mer-AAQAA3-1E3-2-OPC3_opc3,2,-0.8273389549610357,0.0486828232627932,-0.8656,0.01775
1214,1214,dhmix_2125558080831870503,59,EnthalpyOfMixing,<Substance Cc1ccccc1N{solv}{x=0.273600}|Cc1ccccn1{solv}{x=0.726400}>,Cc1ccccc1N,Cc1ccccn1,Protein-Null-0.0.3-4-mer-AAQAA3-1E3-2-OPC3_opc3,2,-1.6082872703906474,0.0424256212639615,-1.2462,0.0254
1215,1215,dens_19028061622240549,60,Density,<Substance CN(C)CCO{solv}{x=0.296200}|CO{solv}{x=0.703800}>,CN(C)CCO,CO,Protein-Null-0.0.3-4-mer-AAQAA3-1E3-2-OPC3_opc3,2,0.8426315411853276,0.0003172843894597,0.8506500000000001,0.00014
1216,1216,dens_186649390549115907,61,Density,<Substance CN(C)CCO{solv}{x=0.502000}|CO{solv}{x=0.498000}>,CN(C)CCO,CO,Protein-Null-0.0.3-4-mer-AAQAA3-1E3-2-OPC3_opc3,2,0.8695598509964223,0.0002988331500193,0.8684000000000002,0.000155
1217,1217,dhmix_1453612193040378117,62,EnthalpyOfMixing,<Substance CN(C)CCO{solv}{x=0.497200}|CO{solv}{x=0.502800}>,CN(C)CCO,CO,Protein-Null-0.0.3-4-mer-AAQAA3-1E3-2-OPC3_opc3,2,-1.5848949528668896,0.0309593357144745,-0.8673,0.00935
1218,1218,dens_1978392691277508278,63,Density,<Substance CN(C)CCO{solv}{x=0.707500}|CO{solv}{x=0.292500}>,CN(C)CCO,CO,Protein-Null-0.0.3-4-mer-AAQAA3-1E3-2-OPC3_opc3,2,0.884685577960927,0.0001666994844727,0.8766100000000002,0.00017
1219,1219,dhmix_2113387918969192804,64,EnthalpyOfMixing,<Substance CN(C)CCO{solv}{x=0.247900}|CO{solv}{x=0.752100}>,CN(C)CCO,CO,Protein-Null-0.0.3-4-mer-AAQAA3-1E3-2-OPC3_opc3,2,-1.2929315855456238,0.0314093914585843,-0.8057,0.0087
1220,1220,dhmix_2220842061395014218,65,EnthalpyOfMixing,<Substance CN(C)CCO{solv}{x=0.750600}|CO{solv}{x=0.249400}>,CN(C)CCO,CO,Protein-Null-0.0.3-4-mer-AAQAA3-1E3-2-OPC3_opc3,2,-1.1264278873209437,0.0464948513514805,-0.5322,0.00585
1221,1221,dhmix_21994921667950318,66,EnthalpyOfMixing,<Substance C=CCCCC{solv}{x=0.500100}|CCCO{solv}{x=0.499900}>,C=CCCCC,CCCO,Protein-Null-0.0.3-4-mer-AAQAA3-1E3-2-OPC3_opc3,2,0.5348768263114678,0.0320817765130511,0.595,0.0055
1222,1222,dens_62854823056490751,67,Density,<Substance C=CCCCC{solv}{x=0.150300}|CCCO{solv}{x=0.849700}>,C=CCCCC,CCCO,Protein-Null-0.0.3-4-mer-AAQAA3-1E3-2-OPC3_opc3,2,0.760729955403401,0.0002952985755874,0.7704980000000002,0.0001845
1223,1223,dens_294296714501123310,68,Density,<Substance C=CCCCC{solv}{x=0.499100}|CCCO{solv}{x=0.500900}>,C=CCCCC,CCCO,Protein-Null-0.0.3-4-mer-AAQAA3-1E3-2-OPC3_opc3,2,0.7002286143583456,0.000247617213756,0.7176450000000002,0.0002145
1224,1224,dhmix_829065315899278784,69,EnthalpyOfMixing,<Substance C=CCCCC{solv}{x=0.750000}|CCCO{solv}{x=0.250000}>,C=CCCCC,CCCO,Protein-Null-0.0.3-4-mer-AAQAA3-1E3-2-OPC3_opc3,2,0.7276252986713416,0.0444682614974023,0.682,0.006
1225,1225,dens_2024397702416079279,70,Density,<Substance C=CCCCC{solv}{x=0.745600}|CCCO{solv}{x=0.254400}>,C=CCCCC,CCCO,Protein-Null-0.0.3-4-mer-AAQAA3-1E3-2-OPC3_opc3,2,0.6686802882126203,0.0002675706132144,0.6899770000000002,0.0002305
1226,1226,dhmix_2167083041249157622,71,EnthalpyOfMixing,<Substance C=CCCCC{solv}{x=0.150100}|CCCO{solv}{x=0.849900}>,C=CCCCC,CCCO,Protein-Null-0.0.3-4-mer-AAQAA3-1E3-2-OPC3_opc3,2,0.1816565601635602,0.0366818326769954,0.192,0.005
1227,1227,dhmix_22428169890990447,72,EnthalpyOfMixing,<Substance CC1(C)C(=O)[C@]2(C)CC[C@H]1C2{solv}{x=0.286000}|CCO{solv}{x=0.714000}>,CC1(C)C(=O)[C@]2(C)CC[C@H]1C2,CCO,Protein-Null-0.0.3-4-mer-AAQAA3-1E3-2-OPC3_opc3,2,0.593042575552218,0.0375560714430167,0.876,0.0265
1228,1228,dhmix_57626661746168078,73,EnthalpyOfMixing,<Substance CC1(C)C(=O)[C@]2(C)CC[C@H]1C2{solv}{x=0.701000}|CCO{solv}{x=0.299000}>,CC1(C)C(=O)[C@]2(C)CC[C@H]1C2,CCO,Protein-Null-0.0.3-4-mer-AAQAA3-1E3-2-OPC3_opc3,2,0.7147210052898174,0.048342852413546,1.0,0.0305
1229,1229,dhmix_287041928444283276,74,EnthalpyOfMixing,<Substance CC1(C)C(=O)[C@]2(C)CC[C@H]1C2{solv}{x=0.488000}|CCO{solv}{x=0.512000}>,CC1(C)C(=O)[C@]2(C)CC[C@H]1C2,CCO,Protein-Null-0.0.3-4-mer-AAQAA3-1E3-2-OPC3_opc3,2,0.8133847544372372,0.0430922280878192,1.109,0.0335
1230,1230,dens_618487453946854895,75,Density,<Substance CC1(C)C(=O)[C@]2(C)CC[C@H]1C2{solv}{x=0.501200}|CCO{solv}{x=0.498800}>,CC1(C)C(=O)[C@]2(C)CC[C@H]1C2,CCO,Protein-Null-0.0.3-4-mer-AAQAA3-1E3-2-OPC3_opc3,2,0.9071955454587274,0.0002444705202233,0.9005900000000002,5.5000000000000016e-05
1231,1231,dens_1408969463542558504,76,Density,<Substance CC1(C)C(=O)[C@]2(C)CC[C@H]1C2{solv}{x=0.789700}|CCO{solv}{x=0.210300}>,CC1(C)C(=O)[C@]2(C)CC[C@H]1C2,CCO,Protein-Null-0.0.3-4-mer-AAQAA3-1E3-2-OPC3_opc3,2,0.9357506922980686,0.0001734121622711,0.9274800000000002,6.0000000000000015e-05
1232,1232,dens_2053919413592536040,77,Density,<Substance CC1(C)C(=O)[C@]2(C)CC[C@H]1C2{solv}{x=0.200200}|CCO{solv}{x=0.799800}>,CC1(C)C(=O)[C@]2(C)CC[C@H]1C2,CCO,Protein-Null-0.0.3-4-mer-AAQAA3-1E3-2-OPC3_opc3,2,0.8546226434777775,0.0002841134235269,0.8499000000000002,6.500000000000002e-05
1233,1233,dhmix_24700325920498635,78,EnthalpyOfMixing,<Substance CCC(C)(C)O{solv}{x=0.799400}|CCOC(C)(C)CC{solv}{x=0.200600}>,CCC(C)(C)O,CCOC(C)(C)CC,Protein-Null-0.0.3-4-mer-AAQAA3-1E3-2-OPC3_opc3,2,1.1519430229767913,0.055314968752137,0.448,0.0073
1234,1234,dhmix_252628078473967793,79,EnthalpyOfMixing,<Substance CCC(C)(C)O{solv}{x=0.299700}|CCOC(C)(C)CC{solv}{x=0.700300}>,CCC(C)(C)O,CCOC(C)(C)CC,Protein-Null-0.0.3-4-mer-AAQAA3-1E3-2-OPC3_opc3,2,0.9127948272236496,0.0484162632348819,0.9727,0.0132
1235,1235,dens_281609537293621351,80,Density,<Substance CCC(C)(C)O{solv}{x=0.799400}|CCOC(C)(C)CC{solv}{x=0.200600}>,CCC(C)(C)O,CCOC(C)(C)CC,Protein-Null-0.0.3-4-mer-AAQAA3-1E3-2-OPC3_opc3,2,0.808276681595378,0.0002348276347302,0.7932000000000002,0.00025
1236,1236,dhmix_980734994193955874,81,EnthalpyOfMixing,<Substance CCC(C)(C)O{solv}{x=0.498700}|CCOC(C)(C)CC{solv}{x=0.501300}>,CCC(C)(C)O,CCOC(C)(C)CC,Protein-Null-0.0.3-4-mer-AAQAA3-1E3-2-OPC3_opc3,2,1.198875522048528,0.0493417909055366,0.8937,0.01225
1237,1237,dens_1165049856972872340,82,Density,<Substance CCC(C)(C)O{solv}{x=0.498700}|CCOC(C)(C)CC{solv}{x=0.501300}>,CCC(C)(C)O,CCOC(C)(C)CC,Protein-Null-0.0.3-4-mer-AAQAA3-1E3-2-OPC3_opc3,2,0.7867845431251809,0.0002352783982559,0.7789000000000001,0.0002
1238,1238,dens_2297026976830009992,83,Density,<Substance CCC(C)(C)O{solv}{x=0.299700}|CCOC(C)(C)CC{solv}{x=0.700300}>,CCC(C)(C)O,CCOC(C)(C)CC,Protein-Null-0.0.3-4-mer-AAQAA3-1E3-2-OPC3_opc3,2,0.7775365661592571,0.000146217259636,0.7709000000000001,0.0002
1239,1239,dens_25810987980199799,84,Density,<Substance CCCCCC{solv}{x=0.158800}|Cc1ccccc1{solv}{x=0.841200}>,CCCCCC,Cc1ccccc1,Protein-Null-0.0.3-4-mer-AAQAA3-1E3-2-OPC3_opc3,2,0.8098959074053905,0.0002396207165322,0.8226300000000002,0.000335
1240,1240,dens_574637447996217594,85,Density,<Substance CCCCCC{solv}{x=0.501100}|Cc1ccccc1{solv}{x=0.498900}>,CCCCCC,Cc1ccccc1,Protein-Null-0.0.3-4-mer-AAQAA3-1E3-2-OPC3_opc3,2,0.7337866274561938,0.0002633122606552,0.7484400000000002,0.00015
1241,1241,dhmix_1373657903424456878,86,EnthalpyOfMixing,<Substance CCCCCC{solv}{x=0.158600}|Cc1ccccc1{solv}{x=0.841400}>,CCCCCC,Cc1ccccc1,Protein-Null-0.0.3-4-mer-AAQAA3-1E3-2-OPC3_opc3,2,0.4211888808837898,0.0392706318123362,0.3163,0.0043
1242,1242,dhmix_1383995974797334848,87,EnthalpyOfMixing,<Substance CCCCCC{solv}{x=0.472300}|Cc1ccccc1{solv}{x=0.527700}>,CCCCCC,Cc1ccccc1,Protein-Null-0.0.3-4-mer-AAQAA3-1E3-2-OPC3_opc3,2,0.6893585895799532,0.0443375058323083,0.5467,0.00715
1243,1243,dhmix_1412344026798360911,88,EnthalpyOfMixing,<Substance CCCCCC{solv}{x=0.748400}|Cc1ccccc1{solv}{x=0.251600}>,CCCCCC,Cc1ccccc1,Protein-Null-0.0.3-4-mer-AAQAA3-1E3-2-OPC3_opc3,2,0.5018793431551529,0.0475654303904712,0.393,0.00525
1244,1244,dens_2241575426887298365,89,Density,<Substance CCCCCC{solv}{x=0.733800}|Cc1ccccc1{solv}{x=0.266200}>,CCCCCC,Cc1ccccc1,Protein-Null-0.0.3-4-mer-AAQAA3-1E3-2-OPC3_opc3,2,0.6883826260059661,0.000251093094463,0.7020900000000002,0.000305
1245,1245,dens_27241401908451167,90,Density,<Substance CN(C)C=O{solv}{x=0.503500}|Cc1ccccc1Cl{solv}{x=0.496500}>,CN(C)C=O,Cc1ccccc1Cl,Protein-Null-0.0.3-4-mer-AAQAA3-1E3-2-OPC3_opc3,2,1.0107589884936552,0.0002249072408507,1.0247000000000004,0.0005
1246,1246,dhmix_674882857451857086,91,EnthalpyOfMixing,<Substance CN(C)C=O{solv}{x=0.511800}|Cc1ccccc1Cl{solv}{x=0.488200}>,CN(C)C=O,Cc1ccccc1Cl,Protein-Null-0.0.3-4-mer-AAQAA3-1E3-2-OPC3_opc3,2,0.209089425676396,0.0395576988864197,0.545,0.006
1247,1247,dens_818042132181297482,92,Density,<Substance CN(C)C=O{solv}{x=0.751200}|Cc1ccccc1Cl{solv}{x=0.248800}>,CN(C)C=O,Cc1ccccc1Cl,Protein-Null-0.0.3-4-mer-AAQAA3-1E3-2-OPC3_opc3,2,0.97001684749414,0.0002597797147699,0.9898800000000002,0.0005
1248,1248,dens_861365281257265917,93,Density,<Substance CN(C)C=O{solv}{x=0.273700}|Cc1ccccc1Cl{solv}{x=0.726300}>,CN(C)C=O,Cc1ccccc1Cl,Protein-Null-0.0.3-4-mer-AAQAA3-1E3-2-OPC3_opc3,2,1.0316679301411371,0.000260927740762,1.0415000000000003,0.0005
1249,1249,dhmix_1670364528496870559,94,EnthalpyOfMixing,<Substance CN(C)C=O{solv}{x=0.767900}|Cc1ccccc1Cl{solv}{x=0.232100}>,CN(C)C=O,Cc1ccccc1Cl,Protein-Null-0.0.3-4-mer-AAQAA3-1E3-2-OPC3_opc3,2,0.1729048182356436,0.0381560646065354,0.436,0.005
1250,1250,dhmix_1992689527814967541,95,EnthalpyOfMixing,<Substance CN(C)C=O{solv}{x=0.274300}|Cc1ccccc1Cl{solv}{x=0.725700}>,CN(C)C=O,Cc1ccccc1Cl,Protein-Null-0.0.3-4-mer-AAQAA3-1E3-2-OPC3_opc3,2,0.1812207594531116,0.0419583282112638,0.373,0.004
1251,1251,dens_29213618499921464,96,Density,<Substance C1CCOCC1{solv}{x=0.254000}|O=C1CCCCCC1{solv}{x=0.746000}>,C1CCOCC1,O=C1CCCCCC1,Protein-Null-0.0.3-4-mer-AAQAA3-1E3-2-OPC3_opc3,2,0.911735183696742,0.000216933557874,0.9355100000000002,0.00051
1252,1252,dens_468319504030932569,97,Density,<Substance C1CCOCC1{solv}{x=0.498600}|O=C1CCCCCC1{solv}{x=0.501400}>,C1CCOCC1,O=C1CCCCCC1,Protein-Null-0.0.3-4-mer-AAQAA3-1E3-2-OPC3_opc3,2,0.8997084067884085,0.0002227190699013,0.9211200000000004,0.00051
1253,1253,dens_1174890511154571939,98,Density,<Substance C1CCOCC1{solv}{x=0.768600}|O=C1CCCCCC1{solv}{x=0.231400}>,C1CCOCC1,O=C1CCCCCC1,Protein-Null-0.0.3-4-mer-AAQAA3-1E3-2-OPC3_opc3,2,0.8843545453298158,0.0002174143635465,0.9012200000000002,0.000505
1254,1254,dens_30084818585402677,99,Density,<Substance CC(=O)N(C)C{solv}{x=0.700600}|ClCCCCCCCl{solv}{x=0.299400}>,CC(=O)N(C)C,ClCCCCCCCl,Protein-Null-0.0.3-4-mer-AAQAA3-1E3-2-OPC3_opc3,2,0.960804162090674,0.000278608944244,0.9853000000000002,0.00175
1255,1255,dhmix_384619296407103076,100,EnthalpyOfMixing,<Substance CC(=O)N(C)C{solv}{x=0.504000}|ClCCCCCCCl{solv}{x=0.496000}>,CC(=O)N(C)C,ClCCCCCCCl,Protein-Null-0.0.3-4-mer-AAQAA3-1E3-2-OPC3_opc3,2,0.2214566574226921,0.04790236439615,0.09,0.002
1256,1256,dens_539464371986972328,101,Density,<Substance CC(=O)N(C)C{solv}{x=0.494300}|ClCCCCCCCl{solv}{x=0.505700}>,CC(=O)N(C)C,ClCCCCCCCl,Protein-Null-0.0.3-4-mer-AAQAA3-1E3-2-OPC3_opc3,2,0.9948270473673498,0.0002313377952638,1.0123000000000002,0.0016
1257,1257,dhmix_1114659247517686326,102,EnthalpyOfMixing,<Substance CC(=O)N(C)C{solv}{x=0.798000}|ClCCCCCCCl{solv}{x=0.202000}>,CC(=O)N(C)C,ClCCCCCCCl,Protein-Null-0.0.3-4-mer-AAQAA3-1E3-2-OPC3_opc3,2,0.2704649662245337,0.0433662163659359,0.067,0.002
1258,1258,dhmix_1410583096030633514,103,EnthalpyOfMixing,<Substance CC(=O)N(C)C{solv}{x=0.212000}|ClCCCCCCCl{solv}{x=0.788000}>,CC(=O)N(C)C,ClCCCCCCCl,Protein-Null-0.0.3-4-mer-AAQAA3-1E3-2-OPC3_opc3,2,0.1648473697779593,0.0459072226351767,0.04,0.002
1259,1259,dens_2244909992725638206,104,Density,<Substance CC(=O)N(C)C{solv}{x=0.300200}|ClCCCCCCCl{solv}{x=0.699800}>,CC(=O)N(C)C,ClCCCCCCCl,Protein-Null-0.0.3-4-mer-AAQAA3-1E3-2-OPC3_opc3,2,1.021804380099555,0.0002489133314147,1.0345000000000002,0.0015
1260,1260,dhmix_35301006695188726,105,EnthalpyOfMixing,<Substance CCOC(=O)C(C)C{solv}{x=0.289000}|CO{solv}{x=0.711000}>,CCOC(=O)C(C)C,CO,Protein-Null-0.0.3-4-mer-AAQAA3-1E3-2-OPC3_opc3,2,0.3624544591083634,0.0354852337641059,0.488,0.0035
1261,1261,dens_508877804306927207,106,Density,<Substance CCOC(=O)C(C)C{solv}{x=0.499000}|CO{solv}{x=0.501000}>,CCOC(=O)C(C)C,CO,Protein-Null-0.0.3-4-mer-AAQAA3-1E3-2-OPC3_opc3,2,0.8438128545011633,0.00029986752066,0.8414100000000002,0.00011
1262,1262,dens_1201422771202741625,107,Density,<Substance CCOC(=O)C(C)C{solv}{x=0.199600}|CO{solv}{x=0.800400}>,CCOC(=O)C(C)C,CO,Protein-Null-0.0.3-4-mer-AAQAA3-1E3-2-OPC3_opc3,2,0.8092613107370281,0.0003523994771926,0.8173600000000002,0.000115
1263,1263,dhmix_1951183536432642425,108,EnthalpyOfMixing,<Substance CCOC(=O)C(C)C{solv}{x=0.480000}|CO{solv}{x=0.520000}>,CCOC(=O)C(C)C,CO,Protein-Null-0.0.3-4-mer-AAQAA3-1E3-2-OPC3_opc3,2,0.4371119662477873,0.0377542998999418,0.671,0.0045
1264,1264,dens_1998368384671748308,109,Density,<Substance CCOC(=O)C(C)C{solv}{x=0.703000}|CO{solv}{x=0.297000}>,CCOC(=O)C(C)C,CO,Protein-Null-0.0.3-4-mer-AAQAA3-1E3-2-OPC3_opc3,2,0.8556002561640028,0.0002648852211793,0.8501200000000002,0.00011
1265,1265,dhmix_2200604492347455092,110,EnthalpyOfMixing,<Substance CCOC(=O)C(C)C{solv}{x=0.771000}|CO{solv}{x=0.229000}>,CCOC(=O)C(C)C,CO,Protein-Null-0.0.3-4-mer-AAQAA3-1E3-2-OPC3_opc3,2,0.4103368976829813,0.0486727673457941,0.632,0.0045
1266,1266,dhmix_39159150320919359,111,EnthalpyOfMixing,<Substance CCO{solv}{x=0.799700}|Cc1cccc(O)c1{solv}{x=0.200300}>,CCO,Cc1cccc(O)c1,Protein-Null-0.0.3-4-mer-AAQAA3-1E3-2-OPC3_opc3,2,-0.7521185765836513,0.0349860314598498,-0.79199,0.011965
1267,1267,dens_410843938837220593,112,Density,<Substance CCO{solv}{x=0.263700}|Cc1cccc(O)c1{solv}{x=0.736300}>,CCO,Cc1cccc(O)c1,Protein-Null-0.0.3-4-mer-AAQAA3-1E3-2-OPC3_opc3,2,0.9919616855267748,0.0002616654973136,0.9852300000000004,0.0006
1268,1268,dhmix_1115402835538407874,113,EnthalpyOfMixing,<Substance CCO{solv}{x=0.212500}|Cc1cccc(O)c1{solv}{x=0.787500}>,CCO,Cc1cccc(O)c1,Protein-Null-0.0.3-4-mer-AAQAA3-1E3-2-OPC3_opc3,2,-0.848855526787645,0.0526812173377529,-0.68742,0.01275
1269,1269,dens_1359111234216199895,114,Density,<Substance CCO{solv}{x=0.472400}|Cc1cccc(O)c1{solv}{x=0.527600}>,CCO,Cc1cccc(O)c1,Protein-Null-0.0.3-4-mer-AAQAA3-1E3-2-OPC3_opc3,2,0.9545178269120472,0.0002594315216225,0.9446300000000002,0.0006
1270,1270,dens_1590314985481219627,115,Density,<Substance CCO{solv}{x=0.781700}|Cc1cccc(O)c1{solv}{x=0.218300}>,CCO,Cc1cccc(O)c1,Protein-Null-0.0.3-4-mer-AAQAA3-1E3-2-OPC3_opc3,2,0.873673571379367,0.0002893155122739,0.8631500000000002,0.000605
1271,1271,dhmix_1871939727966182523,116,EnthalpyOfMixing,<Substance CCO{solv}{x=0.413900}|Cc1cccc(O)c1{solv}{x=0.586100}>,CCO,Cc1cccc(O)c1,Protein-Null-0.0.3-4-mer-AAQAA3-1E3-2-OPC3_opc3,2,-0.9124239679693992,0.0413511829047876,-1.14624,0.00985
1272,1272,dens_42678158079716854,117,Density,<Substance CN1CCCC1=O{solv}{x=0.937492}|c1ccccc1{solv}{x=0.062508}>,CN1CCCC1=O,c1ccccc1,Protein-Null-0.0.3-4-mer-AAQAA3-1E3-2-OPC3_opc3,2,0.9943897896787218,0.0001741910833517,1.0204500000000003,3.500000000000001e-05
1273,1273,dens_252520620125458637,118,Density,<Substance CN1CCCC1=O{solv}{x=0.513500}|c1ccccc1{solv}{x=0.486500}>,CN1CCCC1=O,c1ccccc1,Protein-Null-0.0.3-4-mer-AAQAA3-1E3-2-OPC3_opc3,2,0.9487599428172704,0.0002552178046163,0.9684700000000004,0.00018
1274,1274,dhmix_524477957640851666,119,EnthalpyOfMixing,<Substance CN1CCCC1=O{solv}{x=0.235600}|c1ccccc1{solv}{x=0.764400}>,CN1CCCC1=O,c1ccccc1,Protein-Null-0.0.3-4-mer-AAQAA3-1E3-2-OPC3_opc3,2,-0.1223230875862242,0.0401842610405914,-0.3684,0.00405
1275,1275,dhmix_1475629358723962160,120,EnthalpyOfMixing,<Substance CN1CCCC1=O{solv}{x=0.546700}|c1ccccc1{solv}{x=0.453300}>,CN1CCCC1=O,c1ccccc1,Protein-Null-0.0.3-4-mer-AAQAA3-1E3-2-OPC3_opc3,2,-0.171127614337692,0.0391476372768835,-0.4943,0.00535
1276,1276,dens_2041306780823594960,121,Density,<Substance CN1CCCC1=O{solv}{x=0.252400}|c1ccccc1{solv}{x=0.747600}>,CN1CCCC1=O,c1ccccc1,Protein-Null-0.0.3-4-mer-AAQAA3-1E3-2-OPC3_opc3,2,0.902185379300928,0.000269333640387,0.9163300000000004,0.00029
1277,1277,dhmix_2156508970935294660,122,EnthalpyOfMixing,<Substance CN1CCCC1=O{solv}{x=0.741100}|c1ccccc1{solv}{x=0.258900}>,CN1CCCC1=O,c1ccccc1,Protein-Null-0.0.3-4-mer-AAQAA3-1E3-2-OPC3_opc3,2,-0.0778438144396602,0.0375882866978844,-0.3841,0.0042
1278,1278,dhmix_44217680865702366,123,EnthalpyOfMixing,<Substance CC(=O)c1ccccc1{solv}{x=0.200100}|CC(C)O{solv}{x=0.799900}>,CC(=O)c1ccccc1,CC(C)O,Protein-Null-0.0.3-4-mer-AAQAA3-1E3-2-OPC3_opc3,2,1.0382983971173494,0.0416773677430183,1.1352,0.0124
1279,1279,dens_91454082453656404,124,Density,<Substance CC(=O)c1ccccc1{solv}{x=0.756100}|CC(C)O{solv}{x=0.243900}>,CC(=O)c1ccccc1,CC(C)O,Protein-Null-0.0.3-4-mer-AAQAA3-1E3-2-OPC3_opc3,2,0.9744161016769216,0.0001513147195741,0.9823500000000004,0.000175
1280,1280,dens_152869924254680766,125,Density,<Substance CC(=O)c1ccccc1{solv}{x=0.251700}|CC(C)O{solv}{x=0.748300}>,CC(=O)c1ccccc1,CC(C)O,Protein-Null-0.0.3-4-mer-AAQAA3-1E3-2-OPC3_opc3,2,0.8745206809675996,0.000246585037751,0.8654400000000002,0.000245
1281,1281,dhmix_1214494501247401592,126,EnthalpyOfMixing,<Substance CC(=O)c1ccccc1{solv}{x=0.499600}|CC(C)O{solv}{x=0.500400}>,CC(=O)c1ccccc1,CC(C)O,Protein-Null-0.0.3-4-mer-AAQAA3-1E3-2-OPC3_opc3,2,1.3270344150529991,0.0341872668742598,1.5703,0.0169
1282,1282,dhmix_1482394504883204224,127,EnthalpyOfMixing,<Substance CC(=O)c1ccccc1{solv}{x=0.700600}|CC(C)O{solv}{x=0.299400}>,CC(=O)c1ccccc1,CC(C)O,Protein-Null-0.0.3-4-mer-AAQAA3-1E3-2-OPC3_opc3,2,1.1052684839525142,0.0429319118139321,1.3758,0.01485
1283,1283,dens_1804860114822214449,128,Density,<Substance CC(=O)c1ccccc1{solv}{x=0.534500}|CC(C)O{solv}{x=0.465500}>,CC(=O)c1ccccc1,CC(C)O,Protein-Null-0.0.3-4-mer-AAQAA3-1E3-2-OPC3_opc3,2,0.9366453057180189,0.0002372019706499,0.9375600000000002,0.0002
1284,1284,dhmix_47323681380989568,129,EnthalpyOfMixing,<Substance CCCCCCCCCl{solv}{x=0.498000}|CN(C)C=O{solv}{x=0.502000}>,CCCCCCCCCl,CN(C)C=O,Protein-Null-0.0.3-4-mer-AAQAA3-1E3-2-OPC3_opc3,2,1.4529626686602626,0.0455369069891612,1.087,0.0045
1285,1285,dhmix_620291288515939248,130,EnthalpyOfMixing,<Substance CCCCCCCCCl{solv}{x=0.790000}|CN(C)C=O{solv}{x=0.210000}>,CCCCCCCCCl,CN(C)C=O,Protein-Null-0.0.3-4-mer-AAQAA3-1E3-2-OPC3_opc3,2,0.9101893974544312,0.046231827983022,0.68,0.0045
1286,1286,dens_1830564734879843336,131,Density,<Substance CCCCCCCCCl{solv}{x=0.733100}|CN(C)C=O{solv}{x=0.266900}>,CCCCCCCCCl,CN(C)C=O,Protein-Null-0.0.3-4-mer-AAQAA3-1E3-2-OPC3_opc3,2,0.8671555939339571,0.0002028579603929,0.8779000000000002,0.00045
1287,1287,dens_1865569264533219410,132,Density,<Substance CCCCCCCCCl{solv}{x=0.500800}|CN(C)C=O{solv}{x=0.499200}>,CCCCCCCCCl,CN(C)C=O,Protein-Null-0.0.3-4-mer-AAQAA3-1E3-2-OPC3_opc3,2,0.8763846493693919,0.0002216478264988,0.8897000000000003,0.0004
1288,1288,dens_1893252821735673677,133,Density,<Substance CCCCCCCCCl{solv}{x=0.199800}|CN(C)C=O{solv}{x=0.800200}>,CCCCCCCCCl,CN(C)C=O,Protein-Null-0.0.3-4-mer-AAQAA3-1E3-2-OPC3_opc3,2,0.8957700064920289,0.000240478528175,0.9149000000000002,0.0003
1289,1289,dhmix_2175249209874409534,134,EnthalpyOfMixing,<Substance CCCCCCCCCl{solv}{x=0.205000}|CN(C)C=O{solv}{x=0.795000}>,CCCCCCCCCl,CN(C)C=O,Protein-Null-0.0.3-4-mer-AAQAA3-1E3-2-OPC3_opc3,2,1.0969996465851253,0.0422728816847659,0.79,0.0045
1290,1290,dens_47347406470845261,135,Density,<Substance BrCCCBr{solv}{x=0.748600}|COC=O{solv}{x=0.251400}>,BrCCCBr,COC=O,Protein-Null-0.0.3-4-mer-AAQAA3-1E3-2-OPC3_opc3,2,1.746316759414141,0.0005419812373215,1.7969200000000003,0.00306
1291,1291,dens_398260729245374704,136,Density,<Substance BrCCCBr{solv}{x=0.472200}|COC=O{solv}{x=0.527800}>,BrCCCBr,COC=O,Protein-Null-0.0.3-4-mer-AAQAA3-1E3-2-OPC3_opc3,2,1.538428513382884,0.0005117715747063,1.5585100000000005,0.001985
1292,1292,dhmix_1440467239786579925,137,EnthalpyOfMixing,<Substance BrCCCBr{solv}{x=0.735400}|COC=O{solv}{x=0.264600}>,BrCCCBr,COC=O,Protein-Null-0.0.3-4-mer-AAQAA3-1E3-2-OPC3_opc3,2,0.8188932999722027,0.0329892349254362,0.7435,0.00655
1293,1293,dens_1812113401512645360,138,Density,<Substance BrCCCBr{solv}{x=0.204700}|COC=O{solv}{x=0.795300}>,BrCCCBr,COC=O,Protein-Null-0.0.3-4-mer-AAQAA3-1E3-2-OPC3_opc3,2,1.2705507367268,0.0004092667951273,1.2611800000000004,0.001025
1294,1294,dhmix_2252268161220427112,139,EnthalpyOfMixing,<Substance BrCCCBr{solv}{x=0.485300}|COC=O{solv}{x=0.514700}>,BrCCCBr,COC=O,Protein-Null-0.0.3-4-mer-AAQAA3-1E3-2-OPC3_opc3,2,0.8884291395519597,0.0326569333080277,0.9249,0.00795
1295,1295,dhmix_2289960806584862127,140,EnthalpyOfMixing,<Substance BrCCCBr{solv}{x=0.239500}|COC=O{solv}{x=0.760500}>,BrCCCBr,COC=O,Protein-Null-0.0.3-4-mer-AAQAA3-1E3-2-OPC3_opc3,2,0.7568828987578016,0.0332398498536632,0.6669,0.00595
1296,1296,dens_52148744845178727,141,Density,<Substance CC(=O)CC(C)C{solv}{x=0.700900}|CCC(C)(C)O{solv}{x=0.299100}>,CC(=O)CC(C)C,CCC(C)(C)O,Protein-Null-0.0.3-4-mer-AAQAA3-1E3-2-OPC3_opc3,2,0.8003157337327299,0.0002328933880656,0.7968700000000002,0.00018
1297,1297,dhmix_202225007451030020,142,EnthalpyOfMixing,<Substance CC(=O)CC(C)C{solv}{x=0.201700}|CCC(C)(C)O{solv}{x=0.798300}>,CC(=O)CC(C)C,CCC(C)(C)O,Protein-Null-0.0.3-4-mer-AAQAA3-1E3-2-OPC3_opc3,2,0.0363493847973321,0.0446726744651844,0.8181,0.01135
1298,1298,dens_938275493819605051,143,Density,<Substance CC(=O)CC(C)C{solv}{x=0.500800}|CCC(C)(C)O{solv}{x=0.499200}>,CC(=O)CC(C)C,CCC(C)(C)O,Protein-Null-0.0.3-4-mer-AAQAA3-1E3-2-OPC3_opc3,2,0.805058398602316,0.000248631942266,0.7987300000000002,0.00018
1299,1299,dhmix_998794233701009996,144,EnthalpyOfMixing,<Substance CC(=O)CC(C)C{solv}{x=0.500800}|CCC(C)(C)O{solv}{x=0.499200}>,CC(=O)CC(C)C,CCC(C)(C)O,Protein-Null-0.0.3-4-mer-AAQAA3-1E3-2-OPC3_opc3,2,0.8755124705906958,0.0459146605094441,1.3674,0.0185
1300,1300,dhmix_1565593158104493647,145,EnthalpyOfMixing,<Substance CC(=O)CC(C)C{solv}{x=0.700900}|CCC(C)(C)O{solv}{x=0.299100}>,CC(=O)CC(C)C,CCC(C)(C)O,Protein-Null-0.0.3-4-mer-AAQAA3-1E3-2-OPC3_opc3,2,0.6062839332556873,0.0342473082161695,1.2068,0.0164
1301,1301,dens_2097057526665137697,146,Density,<Substance CC(=O)CC(C)C{solv}{x=0.201700}|CCC(C)(C)O{solv}{x=0.798300}>,CC(=O)CC(C)C,CCC(C)(C)O,Protein-Null-0.0.3-4-mer-AAQAA3-1E3-2-OPC3_opc3,2,0.8176182755728468,0.0002392544792559,0.8030000000000002,0.00019
1302,1302,dens_60145312697659458,147,Density,<Substance OC1=NCCC1{solv}{x=0.231200}|c1ccncc1{solv}{x=0.768800}>,OC1=NCCC1,c1ccncc1,Protein-Null-0.0.3-4-mer-AAQAA3-1E3-2-OPC3_opc3,2,1.0016508553539618,0.0002585933907111,1.0106200000000003,0.00051
1303,1303,dhmix_281987656487279026,148,EnthalpyOfMixing,<Substance OC1=NCCC1{solv}{x=0.525600}|c1ccncc1{solv}{x=0.474400}>,OC1=NCCC1,c1ccncc1,Protein-Null-0.0.3-4-mer-AAQAA3-1E3-2-OPC3_opc3,2,0.1552557923112374,0.0373806621717029,0.2031,0.0508
1304,1304,dens_617740093035429712,149,Density,<Substance OC1=NCCC1{solv}{x=0.831200}|c1ccncc1{solv}{x=0.168800}>,OC1=NCCC1,c1ccncc1,Protein-Null-0.0.3-4-mer-AAQAA3-1E3-2-OPC3_opc3,2,1.054106979768456,0.0002470073877244,1.0872000000000004,0.00052
1305,1305,dhmix_658699797311871042,150,EnthalpyOfMixing,<Substance OC1=NCCC1{solv}{x=0.261500}|c1ccncc1{solv}{x=0.738500}>,OC1=NCCC1,c1ccncc1,Protein-Null-0.0.3-4-mer-AAQAA3-1E3-2-OPC3_opc3,2,0.0405008525572512,0.0381304130690467,0.165,0.04125
1306,1306,dhmix_774470106511868908,151,EnthalpyOfMixing,<Substance OC1=NCCC1{solv}{x=0.831100}|c1ccncc1{solv}{x=0.168900}>,OC1=NCCC1,c1ccncc1,Protein-Null-0.0.3-4-mer-AAQAA3-1E3-2-OPC3_opc3,2,0.1846326098618078,0.0419463567504494,0.0972,0.0243
1307,1307,dens_1837977312272564303,152,Density,<Substance OC1=NCCC1{solv}{x=0.475200}|c1ccncc1{solv}{x=0.524800}>,OC1=NCCC1,c1ccncc1,Protein-Null-0.0.3-4-mer-AAQAA3-1E3-2-OPC3_opc3,2,1.0248189290404486,0.000218563770909,1.0431300000000003,0.000515
1308,1308,dens_64870336397637683,153,Density,<Substance NCCCO{solv}{x=0.489642}|O{solv}{x=0.510358}>,NCCCO,O,Protein-Null-0.0.3-4-mer-AAQAA3-1E3-2-OPC3_opc3,2,1.038407979222972,0.0003130517040339,1.0059000000000002,0.00155
1309,1309,dens_70371380055449550,154,Density,<Substance NCCCO{solv}{x=0.708044}|O{solv}{x=0.291956}>,NCCCO,O,Protein-Null-0.0.3-4-mer-AAQAA3-1E3-2-OPC3_opc3,2,1.0369623425088006,0.0004668279539735,0.9975000000000004,0.0018
1310,1310,dhmix_150384853762728924,155,EnthalpyOfMixing,<Substance NCCCO{solv}{x=0.751500}|O{solv}{x=0.248500}>,NCCCO,O,Protein-Null-0.0.3-4-mer-AAQAA3-1E3-2-OPC3_opc3,2,-0.6091692389504004,0.0404650450613801,-1.531,0.031
1311,1311,dens_847209819230970781,156,Density,<Substance NCCCO{solv}{x=0.272809}|O{solv}{x=0.727191}>,NCCCO,O,Protein-Null-0.0.3-4-mer-AAQAA3-1E3-2-OPC3_opc3,2,1.0337694334654763,0.0004684659369369,1.0118000000000005,0.0014
1312,1312,dhmix_1448036989335532298,157,EnthalpyOfMixing,<Substance NCCCO{solv}{x=0.298200}|O{solv}{x=0.701800}>,NCCCO,O,Protein-Null-0.0.3-4-mer-AAQAA3-1E3-2-OPC3_opc3,2,-0.9227878573554876,0.0283724125059208,-2.501,0.051
1313,1313,dhmix_1551692974855642379,158,EnthalpyOfMixing,<Substance NCCCO{solv}{x=0.498900}|O{solv}{x=0.501100}>,NCCCO,O,Protein-Null-0.0.3-4-mer-AAQAA3-1E3-2-OPC3_opc3,2,-1.161411504598,0.0387541633604807,-2.462,0.05
1314,1314,dhmix_65921650414250861,159,EnthalpyOfMixing,<Substance CCOC(=O)CC(C)=O{solv}{x=0.499500}|CCO{solv}{x=0.500500}>,CCO,CCOC(=O)CC(C)=O,Protein-Null-0.0.3-4-mer-AAQAA3-1E3-2-OPC3_opc3,2,1.6129533069692172,0.0357056927640936,1.7079,0.0183
1315,1315,dhmix_546962203716710778,160,EnthalpyOfMixing,<Substance CCOC(=O)CC(C)=O{solv}{x=0.299400}|CCO{solv}{x=0.700600}>,CCO,CCOC(=O)CC(C)=O,Protein-Null-0.0.3-4-mer-AAQAA3-1E3-2-OPC3_opc3,2,1.410844066047375,0.0368907041304205,1.4925,0.01605
1316,1316,dens_989479368116300355,161,Density,<Substance CCOC(=O)CC(C)=O{solv}{x=0.500000}|CCO{solv}{x=0.500000}>,CCO,CCOC(=O)CC(C)=O,Protein-Null-0.0.3-4-mer-AAQAA3-1E3-2-OPC3_opc3,2,0.9533350775975252,0.0002245680993362,0.9484700000000004,0.000155
1317,1317,dens_1726065156375824332,162,Density,<Substance CCOC(=O)CC(C)=O{solv}{x=0.250000}|CCO{solv}{x=0.750000}>,CCO,CCOC(=O)CC(C)=O,Protein-Null-0.0.3-4-mer-AAQAA3-1E3-2-OPC3_opc3,2,0.8900495652915799,0.0002567974985381,0.8856300000000003,0.00017
1318,1318,dens_1736679431098209973,163,Density,<Substance CCOC(=O)CC(C)=O{solv}{x=0.750000}|CCO{solv}{x=0.250000}>,CCO,CCOC(=O)CC(C)=O,Protein-Null-0.0.3-4-mer-AAQAA3-1E3-2-OPC3_opc3,2,0.9963416037333775,0.000195094543397,0.9917100000000004,0.00017
1319,1319,dhmix_2221487218644783272,164,EnthalpyOfMixing,<Substance CCOC(=O)CC(C)=O{solv}{x=0.700800}|CCO{solv}{x=0.299200}>,CCO,CCOC(=O)CC(C)=O,Protein-Null-0.0.3-4-mer-AAQAA3-1E3-2-OPC3_opc3,2,1.1931967887950634,0.0373271105645387,1.478,0.0159
1320,1320,dhmix_68947190908856741,165,EnthalpyOfMixing,<Substance C1COCCO1{solv}{x=0.250000}|O=C1CCCC1{solv}{x=0.750000}>,C1COCCO1,O=C1CCCC1,Protein-Null-0.0.3-4-mer-AAQAA3-1E3-2-OPC3_opc3,2,-0.0506278428981517,0.0398363428445361,0.04589,0.00057
1321,1321,dens_225413782402822877,166,Density,<Substance C1COCCO1{solv}{x=0.777800}|O=C1CCCC1{solv}{x=0.222200}>,C1COCCO1,O=C1CCCC1,Protein-Null-0.0.3-4-mer-AAQAA3-1E3-2-OPC3_opc3,2,1.003983193135423,0.0002049253297508,1.0081000000000002,0.000255
1322,1322,dhmix_415496698649060745,167,EnthalpyOfMixing,<Substance C1COCCO1{solv}{x=0.500000}|O=C1CCCC1{solv}{x=0.500000}>,C1COCCO1,O=C1CCCC1,Protein-Null-0.0.3-4-mer-AAQAA3-1E3-2-OPC3_opc3,2,-0.0573817262112328,0.0405817718855589,0.07457,0.00068
1323,1323,dens_803440153424346423,168,Density,<Substance C1COCCO1{solv}{x=0.506300}|O=C1CCCC1{solv}{x=0.493700}>,C1COCCO1,O=C1CCCC1,Protein-Null-0.0.3-4-mer-AAQAA3-1E3-2-OPC3_opc3,2,0.9719721696085936,0.0002480611015325,0.9849200000000002,0.00025
1324,1324,dens_1553194080174872005,169,Density,<Substance C1COCCO1{solv}{x=0.243600}|O=C1CCCC1{solv}{x=0.756400}>,C1COCCO1,O=C1CCCC1,Protein-Null-0.0.3-4-mer-AAQAA3-1E3-2-OPC3_opc3,2,0.9424766133208976,0.0002557234293498,0.9633500000000004,0.000245
1325,1325,dhmix_1852349497898107924,170,EnthalpyOfMixing,<Substance C1COCCO1{solv}{x=0.750000}|O=C1CCCC1{solv}{x=0.250000}>,C1COCCO1,O=C1CCCC1,Protein-Null-0.0.3-4-mer-AAQAA3-1E3-2-OPC3_opc3,2,0.0179184900258491,0.0352977537994354,0.07097,0.000665
1326,1326,dhmix_71170350241685196,171,EnthalpyOfMixing,<Substance COC(C)(C)C{solv}{x=0.749000}|ClC(Cl)Cl{solv}{x=0.251000}>,COC(C)(C)C,ClC(Cl)Cl,Protein-Null-0.0.3-4-mer-AAQAA3-1E3-2-OPC3_opc3,2,-0.8864883114513873,0.0375731347908718,-1.9,0.077
1327,1327,dens_554111049740737271,172,Density,<Substance COC(C)(C)C{solv}{x=0.454000}|ClC(Cl)Cl{solv}{x=0.546000}>,COC(C)(C)C,ClC(Cl)Cl,Protein-Null-0.0.3-4-mer-AAQAA3-1E3-2-OPC3_opc3,2,1.119434282924336,0.0003874652058143,1.0838000000000003,0.00015
1328,1328,dhmix_1691495556773848750,173,EnthalpyOfMixing,<Substance COC(C)(C)C{solv}{x=0.484000}|ClC(Cl)Cl{solv}{x=0.516000}>,COC(C)(C)C,ClC(Cl)Cl,Protein-Null-0.0.3-4-mer-AAQAA3-1E3-2-OPC3_opc3,2,-1.3489766153273894,0.0358822499372993,-2.1,0.0845
1329,1329,dens_1874337336846858625,174,Density,<Substance COC(C)(C)C{solv}{x=0.276000}|ClC(Cl)Cl{solv}{x=0.724000}>,COC(C)(C)C,ClC(Cl)Cl,Protein-Null-0.0.3-4-mer-AAQAA3-1E3-2-OPC3_opc3,2,1.2793519041001542,0.0004862794530601,1.2259000000000004,0.0002
1330,1330,dens_2136498248834183810,175,Density,<Substance COC(C)(C)C{solv}{x=0.728600}|ClC(Cl)Cl{solv}{x=0.271400}>,COC(C)(C)C,ClC(Cl)Cl,Protein-Null-0.0.3-4-mer-AAQAA3-1E3-2-OPC3_opc3,2,0.9141640201883616,0.0003144423852639,0.8956000000000003,0.00015
1331,1331,dhmix_2232264038422377060,176,EnthalpyOfMixing,<Substance COC(C)(C)C{solv}{x=0.220000}|ClC(Cl)Cl{solv}{x=0.780000}>,COC(C)(C)C,ClC(Cl)Cl,Protein-Null-0.0.3-4-mer-AAQAA3-1E3-2-OPC3_opc3,2,-0.9603240259265338,0.0323404037943621,-1.5,0.0605
1332,1332,dhmix_73322629991074290,177,EnthalpyOfMixing,<Substance CCC(C)=O{solv}{x=0.212400}|CCN(CC)CC{solv}{x=0.787600}>,CCC(C)=O,CCN(CC)CC,Protein-Null-0.0.3-4-mer-AAQAA3-1E3-2-OPC3_opc3,2,0.4006607614991964,0.0443011061887928,0.57,0.006
1333,1333,dens_317201778138256714,178,Density,<Substance CCC(C)=O{solv}{x=0.261000}|CCN(CC)CC{solv}{x=0.739000}>,CCC(C)=O,CCN(CC)CC,Protein-Null-0.0.3-4-mer-AAQAA3-1E3-2-OPC3_opc3,2,0.7348216310263586,0.0002173119121451,0.7361510000000001,0.000106
1334,1334,dens_544322850735592196,179,Density,<Substance CCC(C)=O{solv}{x=0.510600}|CCN(CC)CC{solv}{x=0.489400}>,CCC(C)=O,CCN(CC)CC,Protein-Null-0.0.3-4-mer-AAQAA3-1E3-2-OPC3_opc3,2,0.7458016249001639,0.0002283297711401,0.7527560000000002,0.0001045
1335,1335,dhmix_690665189446107141,180,EnthalpyOfMixing,<Substance CCC(C)=O{solv}{x=0.496700}|CCN(CC)CC{solv}{x=0.503300}>,CCC(C)=O,CCN(CC)CC,Protein-Null-0.0.3-4-mer-AAQAA3-1E3-2-OPC3_opc3,2,0.5262213372095772,0.0407291162626566,0.746,0.008
1336,1336,dhmix_935249702283890201,181,EnthalpyOfMixing,<Substance CCC(C)=O{solv}{x=0.789300}|CCN(CC)CC{solv}{x=0.210700}>,CCC(C)=O,CCN(CC)CC,Protein-Null-0.0.3-4-mer-AAQAA3-1E3-2-OPC3_opc3,2,0.3056170501062318,0.0406826677282542,0.455,0.005
1337,1337,dens_1635002920322954883,182,Density,<Substance CCC(C)=O{solv}{x=0.760400}|CCN(CC)CC{solv}{x=0.239600}>,CCC(C)=O,CCN(CC)CC,Protein-Null-0.0.3-4-mer-AAQAA3-1E3-2-OPC3_opc3,2,0.7602445772912664,0.0002648534927217,0.7738830000000002,9.900000000000003e-05
1338,1338,dhmix_76833325524040726,183,EnthalpyOfMixing,<Substance C1CCCCC1{solv}{x=0.260600}|c1ccccc1{solv}{x=0.739400}>,C1CCCCC1,c1ccccc1,Protein-Null-0.0.3-4-mer-AAQAA3-1E3-2-OPC3_opc3,2,0.8815974251243688,0.0391220728868006,0.6282,0.00695
1339,1339,dens_330305790736126156,184,Density,<Substance C1CCCCC1{solv}{x=0.499600}|c1ccccc1{solv}{x=0.500400}>,C1CCCCC1,c1ccccc1,Protein-Null-0.0.3-4-mer-AAQAA3-1E3-2-OPC3_opc3,2,0.7962384555755764,0.0002439310486231,0.8136000000000002,0.0002
1340,1340,dhmix_460305358266375837,185,EnthalpyOfMixing,<Substance C1CCCCC1{solv}{x=0.766800}|c1ccccc1{solv}{x=0.233200}>,C1CCCCC1,c1ccccc1,Protein-Null-0.0.3-4-mer-AAQAA3-1E3-2-OPC3_opc3,2,0.786516975100227,0.0412068576389358,0.5517,0.00725
1341,1341,dens_1579941980285561951,186,Density,<Substance C1CCCCC1{solv}{x=0.249800}|c1ccccc1{solv}{x=0.750200}>,C1CCCCC1,c1ccccc1,Protein-Null-0.0.3-4-mer-AAQAA3-1E3-2-OPC3_opc3,2,0.8255332671371327,0.0002829726041613,0.8405780000000002,7.05e-05
1342,1342,dhmix_1824194485055356086,187,EnthalpyOfMixing,<Substance C1CCCCC1{solv}{x=0.501200}|c1ccccc1{solv}{x=0.498800}>,C1CCCCC1,c1ccccc1,Protein-Null-0.0.3-4-mer-AAQAA3-1E3-2-OPC3_opc3,2,1.0925128771127817,0.0386794109631188,0.7893,0.00655
1343,1343,dens_1871885279620492514,188,Density,<Substance C1CCCCC1{solv}{x=0.732300}|c1ccccc1{solv}{x=0.267700}>,C1CCCCC1,c1ccccc1,Protein-Null-0.0.3-4-mer-AAQAA3-1E3-2-OPC3_opc3,2,0.773376772273683,0.0002212149431163,0.7929200000000002,7.450000000000001e-05
1344,1344,dens_78518696584109468,189,Density,<Substance CN(CCO)CCO{solv}{x=0.743000}|O{solv}{x=0.257000}>,CN(CCO)CCO,O,Protein-Null-0.0.3-4-mer-AAQAA3-1E3-2-OPC3_opc3,2,1.0483577617891646,0.0003008363981892,1.0405100000000005,0.000286
1345,1345,dens_169053214615075062,190,Density,<Substance CN(CCO)CCO{solv}{x=0.257100}|O{solv}{x=0.742900}>,CN(CCO)CCO,O,Protein-Null-0.0.3-4-mer-AAQAA3-1E3-2-OPC3_opc3,2,1.0496781113199374,0.0004927127099962,1.0522550000000004,0.000221
1346,1346,dhmix_750283179383190388,191,EnthalpyOfMixing,<Substance CN(CCO)CCO{solv}{x=0.741100}|O{solv}{x=0.258900}>,CN(CCO)CCO,O,Protein-Null-0.0.3-4-mer-AAQAA3-1E3-2-OPC3_opc3,2,-1.1483591285829675,0.0465095259301501,-1.154,0.0125
1347,1347,dhmix_1537351248216247854,192,EnthalpyOfMixing,<Substance CN(CCO)CCO{solv}{x=0.259300}|O{solv}{x=0.740700}>,CN(CCO)CCO,O,Protein-Null-0.0.3-4-mer-AAQAA3-1E3-2-OPC3_opc3,2,-1.5330899548166492,0.0308559017805797,-2.271,0.046
1348,1348,dens_1700904374078825036,193,Density,<Substance CN(CCO)CCO{solv}{x=0.484900}|O{solv}{x=0.515100}>,CN(CCO)CCO,O,Protein-Null-0.0.3-4-mer-AAQAA3-1E3-2-OPC3_opc3,2,1.054342175881227,0.0003703071968129,1.048636,0.0002475
1349,1349,dhmix_1761290393567900831,194,EnthalpyOfMixing,<Substance CN(CCO)CCO{solv}{x=0.494100}|O{solv}{x=0.505900}>,CN(CCO)CCO,O,Protein-Null-0.0.3-4-mer-AAQAA3-1E3-2-OPC3_opc3,2,-1.5523474362385912,0.0483470804692972,-2.072,0.042
1350,1350,dhmix_81883535492439507,195,EnthalpyOfMixing,<Substance C1COCO1{solv}{x=0.200000}|O=C1CCCC1{solv}{x=0.800000}>,C1COCO1,O=C1CCCC1,Protein-Null-0.0.3-4-mer-AAQAA3-1E3-2-OPC3_opc3,2,-0.0886998562843572,0.0330576801119567,-0.00853,0.000425
1351,1351,dens_192935635984964537,196,Density,<Substance C1COCO1{solv}{x=0.509000}|O=C1CCCC1{solv}{x=0.491000}>,C1COCO1,O=C1CCCC1,Protein-Null-0.0.3-4-mer-AAQAA3-1E3-2-OPC3_opc3,2,0.9928458459952018,0.000256417080849,0.9954700000000004,0.000255
1352,1352,dhmix_309530351940031317,197,EnthalpyOfMixing,<Substance C1COCO1{solv}{x=0.700000}|O=C1CCCC1{solv}{x=0.300000}>,C1COCO1,O=C1CCCC1,Protein-Null-0.0.3-4-mer-AAQAA3-1E3-2-OPC3_opc3,2,-0.0780816328214086,0.0366334341692984,-0.02292,0.00048
1353,1353,dhmix_1480225642523009634,198,EnthalpyOfMixing,<Substance C1COCO1{solv}{x=0.500000}|O=C1CCCC1{solv}{x=0.500000}>,C1COCO1,O=C1CCCC1,Protein-Null-0.0.3-4-mer-AAQAA3-1E3-2-OPC3_opc3,2,-0.1406129673574909,0.0369881987020564,-0.02181,0.000475
1354,1354,dens_1663189314624242951,199,Density,<Substance C1COCO1{solv}{x=0.225100}|O=C1CCCC1{solv}{x=0.774900}>,C1COCO1,O=C1CCCC1,Protein-Null-0.0.3-4-mer-AAQAA3-1E3-2-OPC3_opc3,2,0.9474606676398404,0.0002424194458907,0.9652800000000002,0.000245
1355,1355,dens_1684591254659727640,200,Density,<Substance C1COCO1{solv}{x=0.789100}|O=C1CCCC1{solv}{x=0.210900}>,C1COCO1,O=C1CCCC1,Protein-Null-0.0.3-4-mer-AAQAA3-1E3-2-OPC3_opc3,2,1.0450094567013306,0.0002946433264608,1.02957,0.00026
1356,1356,dens_82854054922011802,201,Density,<Substance c1cc[nH]c1{solv}{x=0.542600}|c1ccncc1{solv}{x=0.457400}>,c1cc[nH]c1,c1ccncc1,Protein-Null-0.0.3-4-mer-AAQAA3-1E3-2-OPC3_opc3,2,0.980267338464116,0.0002725968084414,0.9706400000000002,5.5000000000000016e-05
1357,1357,dens_332042143272324658,202,Density,<Substance c1cc[nH]c1{solv}{x=0.755400}|c1ccncc1{solv}{x=0.244600}>,c1cc[nH]c1,c1ccncc1,Protein-Null-0.0.3-4-mer-AAQAA3-1E3-2-OPC3_opc3,2,0.9806427472812238,0.0002606174501617,0.9676900000000004,5.5000000000000016e-05
1358,1358,dhmix_582184351339863568,203,EnthalpyOfMixing,<Substance c1cc[nH]c1{solv}{x=0.760200}|c1ccncc1{solv}{x=0.239800}>,c1cc[nH]c1,c1ccncc1,Protein-Null-0.0.3-4-mer-AAQAA3-1E3-2-OPC3_opc3,2,0.0597212680070242,0.0352231857961973,-1.6452,0.01075
1359,1359,dhmix_809205277185290719,204,EnthalpyOfMixing,<Substance c1cc[nH]c1{solv}{x=0.509500}|c1ccncc1{solv}{x=0.490500}>,c1cc[nH]c1,c1ccncc1,Protein-Null-0.0.3-4-mer-AAQAA3-1E3-2-OPC3_opc3,2,-0.0538619589985742,0.0364989093579633,-2.649,0.01645
1360,1360,dens_1187941919350264461,205,Density,<Substance c1cc[nH]c1{solv}{x=0.227300}|c1ccncc1{solv}{x=0.772700}>,c1cc[nH]c1,c1ccncc1,Protein-Null-0.0.3-4-mer-AAQAA3-1E3-2-OPC3_opc3,2,0.9782339520793568,0.0002854640048932,0.9755600000000002,5.5000000000000016e-05
1361,1361,dhmix_2302696180464118683,206,EnthalpyOfMixing,<Substance c1cc[nH]c1{solv}{x=0.239500}|c1ccncc1{solv}{x=0.760500}>,c1cc[nH]c1,c1ccncc1,Protein-Null-0.0.3-4-mer-AAQAA3-1E3-2-OPC3_opc3,2,-0.0832214645037932,0.0359504742270699,-1.7662,0.01145
1362,1362,dhmix_84488753175979819,207,EnthalpyOfMixing,<Substance C1CCOCC1{solv}{x=0.500000}|CCO{solv}{x=0.500000}>,C1CCOCC1,CCO,Protein-Null-0.0.3-4-mer-AAQAA3-1E3-2-OPC3_opc3,2,0.926079103631892,0.0364633560908445,0.8491,0.00794
1363,1363,dens_904236164857914889,208,Density,<Substance C1CCOCC1{solv}{x=0.701000}|CCO{solv}{x=0.299000}>,C1CCOCC1,CCO,Protein-Null-0.0.3-4-mer-AAQAA3-1E3-2-OPC3_opc3,2,0.8510405541235194,0.0002617859893291,0.8595400000000002,8.500000000000002e-05
1364,1364,dhmix_923986751684807715,209,EnthalpyOfMixing,<Substance C1CCOCC1{solv}{x=0.750000}|CCO{solv}{x=0.250000}>,C1CCOCC1,CCO,Protein-Null-0.0.3-4-mer-AAQAA3-1E3-2-OPC3_opc3,2,0.876771681876015,0.0407448091583094,0.75364,0.007115
1365,1365,dhmix_927648698725704337,210,EnthalpyOfMixing,<Substance C1CCOCC1{solv}{x=0.250000}|CCO{solv}{x=0.750000}>,C1CCOCC1,CCO,Protein-Null-0.0.3-4-mer-AAQAA3-1E3-2-OPC3_opc3,2,0.6904734645627251,0.03489302575443,0.57017,0.00553
1366,1366,dens_1095414448718823860,211,Density,<Substance C1CCOCC1{solv}{x=0.504000}|CCO{solv}{x=0.496000}>,C1CCOCC1,CCO,Protein-Null-0.0.3-4-mer-AAQAA3-1E3-2-OPC3_opc3,2,0.8382553785812552,0.000265566985805,0.8440100000000001,0.0001
1367,1367,dens_1309012152943788187,212,Density,<Substance C1CCOCC1{solv}{x=0.284000}|CCO{solv}{x=0.716000}>,C1CCOCC1,CCO,Protein-Null-0.0.3-4-mer-AAQAA3-1E3-2-OPC3_opc3,2,0.8200984128834417,0.0002969025288277,0.8227400000000002,0.00012
1368,1368,dens_88489471162801298,213,Density,<Substance CC(C)=O{solv}{x=0.248400}|Nc1ccccc1{solv}{x=0.751600}>,CC(C)=O,Nc1ccccc1,Protein-Null-0.0.3-4-mer-AAQAA3-1E3-2-OPC3_opc3,2,1.0116405663830526,0.0002254178687547,0.9768950000000002,0.0001055
1369,1369,dens_892449093930393176,214,Density,<Substance CC(C)=O{solv}{x=0.411400}|Nc1ccccc1{solv}{x=0.588600}>,CC(C)=O,Nc1ccccc1,Protein-Null-0.0.3-4-mer-AAQAA3-1E3-2-OPC3_opc3,2,0.9675430201895128,0.0002216765923936,0.9457730000000002,0.0001285
1370,1370,dens_1087594007698023193,215,Density,<Substance CC(C)=O{solv}{x=0.699300}|Nc1ccccc1{solv}{x=0.300700}>,CC(C)=O,Nc1ccccc1,Protein-Null-0.0.3-4-mer-AAQAA3-1E3-2-OPC3_opc3,2,0.8812782878751263,0.0001788585745588,0.8786430000000003,0.000178
1371,1371,dhmix_1461699545612032563,216,EnthalpyOfMixing,<Substance CC(C)=O{solv}{x=0.214500}|Nc1ccccc1{solv}{x=0.785500}>,CC(C)=O,Nc1ccccc1,Protein-Null-0.0.3-4-mer-AAQAA3-1E3-2-OPC3_opc3,2,-0.2128627848692303,0.0438579101209724,-0.746,0.008
1372,1372,dhmix_1577476208805542019,217,EnthalpyOfMixing,<Substance CC(C)=O{solv}{x=0.699100}|Nc1ccccc1{solv}{x=0.300900}>,CC(C)=O,Nc1ccccc1,Protein-Null-0.0.3-4-mer-AAQAA3-1E3-2-OPC3_opc3,2,-1.0324408275850487,0.0369791220716061,-1.076,0.0115
1373,1373,dhmix_2267661763264899390,218,EnthalpyOfMixing,<Substance CC(C)=O{solv}{x=0.410700}|Nc1ccccc1{solv}{x=0.589300}>,CC(C)=O,Nc1ccccc1,Protein-Null-0.0.3-4-mer-AAQAA3-1E3-2-OPC3_opc3,2,-0.6548456813915919,0.0434942170642565,-1.165,0.0125
1374,1374,dhmix_90851537891129625,219,EnthalpyOfMixing,<Substance C1CCOCC1{solv}{x=0.268300}|Cc1ccccn1{solv}{x=0.731700}>,C1CCOCC1,Cc1ccccn1,Protein-Null-0.0.3-4-mer-AAQAA3-1E3-2-OPC3_opc3,2,0.1091725821639961,0.0339480825177056,0.1057,0.00105
1375,1375,dhmix_975790739707505549,220,EnthalpyOfMixing,<Substance C1CCOCC1{solv}{x=0.482200}|Cc1ccccn1{solv}{x=0.517800}>,C1CCOCC1,Cc1ccccn1,Protein-Null-0.0.3-4-mer-AAQAA3-1E3-2-OPC3_opc3,2,0.1089945310966684,0.0422106244106488,0.1728,0.00135
1376,1376,dens_981500521813591443,221,Density,<Substance C1CCOCC1{solv}{x=0.491600}|Cc1ccccn1{solv}{x=0.508400}>,C1CCOCC1,Cc1ccccn1,Protein-Null-0.0.3-4-mer-AAQAA3-1E3-2-OPC3_opc3,2,0.9057835667366542,0.000202669589644,0.910915,0.000475
1377,1377,dens_1237050172671894703,222,Density,<Substance C1CCOCC1{solv}{x=0.237300}|Cc1ccccn1{solv}{x=0.762700}>,C1CCOCC1,Cc1ccccn1,Protein-Null-0.0.3-4-mer-AAQAA3-1E3-2-OPC3_opc3,2,0.9234414470998658,0.0002446013656418,0.9261620000000004,0.0004855
1378,1378,dhmix_1841520238596708010,223,EnthalpyOfMixing,<Substance C1CCOCC1{solv}{x=0.821600}|Cc1ccccn1{solv}{x=0.178400}>,C1CCOCC1,Cc1ccccn1,Protein-Null-0.0.3-4-mer-AAQAA3-1E3-2-OPC3_opc3,2,0.0574060332904764,0.038162823970836,0.1352,0.0012
1379,1379,dens_1852422594896475094,224,Density,<Substance C1CCOCC1{solv}{x=0.821900}|Cc1ccccn1{solv}{x=0.178100}>,C1CCOCC1,Cc1ccccn1,Protein-Null-0.0.3-4-mer-AAQAA3-1E3-2-OPC3_opc3,2,0.8714196973441274,0.0002665886797495,0.8802920000000002,0.000454
1380,1380,dhmix_93676522673462266,225,EnthalpyOfMixing,<Substance CC(=O)N(C)C{solv}{x=0.702000}|ClCCCl{solv}{x=0.298000}>,CC(=O)N(C)C,ClCCCl,Protein-Null-0.0.3-4-mer-AAQAA3-1E3-2-OPC3_opc3,2,-0.1104639410040819,0.0363238726487319,-0.706,0.004
1381,1381,dens_466640151895915379,226,Density,<Substance CC(=O)N(C)C{solv}{x=0.499900}|ClCCCl{solv}{x=0.500100}>,CC(=O)N(C)C,ClCCCl,Protein-Null-0.0.3-4-mer-AAQAA3-1E3-2-OPC3_opc3,2,1.0458524422174829,0.0003228917366994,1.0774000000000004,0.00325
1382,1382,dhmix_504891727488256514,227,EnthalpyOfMixing,<Substance CC(=O)N(C)C{solv}{x=0.202000}|ClCCCl{solv}{x=0.798000}>,CC(=O)N(C)C,ClCCCl,Protein-Null-0.0.3-4-mer-AAQAA3-1E3-2-OPC3_opc3,2,0.0609679198644084,0.0316687605603009,-0.586,0.004
1383,1383,dens_1432716574300574119,228,Density,<Substance CC(=O)N(C)C{solv}{x=0.298800}|ClCCCl{solv}{x=0.701200}>,CC(=O)N(C)C,ClCCCl,Protein-Null-0.0.3-4-mer-AAQAA3-1E3-2-OPC3_opc3,2,1.1075010700619614,0.0003892276976802,1.1413000000000002,0.00345
1384,1384,dens_1909242265481868478,229,Density,<Substance CC(=O)N(C)C{solv}{x=0.700800}|ClCCCl{solv}{x=0.299200}>,CC(=O)N(C)C,ClCCCl,Protein-Null-0.0.3-4-mer-AAQAA3-1E3-2-OPC3_opc3,2,0.9855057903002116,0.0002797357923886,1.0181000000000002,0.00305
1385,1385,dhmix_2201663021806040380,230,EnthalpyOfMixing,<Substance CC(=O)N(C)C{solv}{x=0.500000}|ClCCCl{solv}{x=0.500000}>,CC(=O)N(C)C,ClCCCl,Protein-Null-0.0.3-4-mer-AAQAA3-1E3-2-OPC3_opc3,2,-0.1292832433712163,0.0344599127449808,-0.885,0.004
1386,1386,dhmix_101847702994296892,231,EnthalpyOfMixing,<Substance CCCCCCCl{solv}{x=0.790000}|CN1CCCC1=O{solv}{x=0.210000}>,CCCCCCCl,CN1CCCC1=O,Protein-Null-0.0.3-4-mer-AAQAA3-1E3-2-OPC3_opc3,2,0.6145692924583415,0.0468748931174541,0.232,0.0025
1387,1387,dhmix_275814181113182192,232,EnthalpyOfMixing,<Substance CCCCCCCl{solv}{x=0.497000}|CN1CCCC1=O{solv}{x=0.503000}>,CCCCCCCl,CN1CCCC1=O,Protein-Null-0.0.3-4-mer-AAQAA3-1E3-2-OPC3_opc3,2,1.0221116245085256,0.0438075441323471,0.416,0.0025
1388,1388,dens_441375838683668512,233,Density,<Substance CCCCCCCl{solv}{x=0.499300}|CN1CCCC1=O{solv}{x=0.500700}>,CCCCCCCl,CN1CCCC1=O,Protein-Null-0.0.3-4-mer-AAQAA3-1E3-2-OPC3_opc3,2,0.92360257823938,0.0001672135500207,0.9389000000000002,0.0002
1389,1389,dhmix_840847840731542643,234,EnthalpyOfMixing,<Substance CCCCCCCl{solv}{x=0.203000}|CN1CCCC1=O{solv}{x=0.797000}>,CCCCCCCl,CN1CCCC1=O,Protein-Null-0.0.3-4-mer-AAQAA3-1E3-2-OPC3_opc3,2,0.6976341978774414,0.046613112955747,0.319,0.0025
1390,1390,dens_1314691253679633833,235,Density,<Substance CCCCCCCl{solv}{x=0.298400}|CN1CCCC1=O{solv}{x=0.701600}>,CCCCCCCl,CN1CCCC1=O,Protein-Null-0.0.3-4-mer-AAQAA3-1E3-2-OPC3_opc3,2,0.9527011639931086,0.0001881130154992,0.9715000000000004,0.0002
1391,1391,dens_1366683244756558841,236,Density,<Substance CCCCCCCl{solv}{x=0.801200}|CN1CCCC1=O{solv}{x=0.198800}>,CCCCCCCl,CN1CCCC1=O,Protein-Null-0.0.3-4-mer-AAQAA3-1E3-2-OPC3_opc3,2,0.8844649151880808,0.0002073929558018,0.8970000000000002,0.0003
1392,1392,dhmix_107460606439569535,237,EnthalpyOfMixing,<Substance C1COCCO1{solv}{x=0.572500}|O=C1CCCCCC1{solv}{x=0.427500}>,C1COCCO1,O=C1CCCCCC1,Protein-Null-0.0.3-4-mer-AAQAA3-1E3-2-OPC3_opc3,2,0.2229934843177119,0.0357098870653171,0.1032,0.00125
1393,1393,dens_229535957420918177,238,Density,<Substance C1COCCO1{solv}{x=0.748900}|O=C1CCCCCC1{solv}{x=0.251100}>,C1COCCO1,O=C1CCCCCC1,Protein-Null-0.0.3-4-mer-AAQAA3-1E3-2-OPC3_opc3,2,0.9937902941959872,0.0001915329766856,0.9994100000000002,0.00051
1394,1394,dhmix_1101001475632451077,239,EnthalpyOfMixing,<Substance C1COCCO1{solv}{x=0.225200}|O=C1CCCCCC1{solv}{x=0.774800}>,C1COCCO1,O=C1CCCCCC1,Protein-Null-0.0.3-4-mer-AAQAA3-1E3-2-OPC3_opc3,2,0.1957042224075564,0.0480154733431571,0.0783,0.001
1395,1395,dens_1711999737319704820,240,Density,<Substance C1COCCO1{solv}{x=0.572300}|O=C1CCCCCC1{solv}{x=0.427700}>,C1COCCO1,O=C1CCCCCC1,Protein-Null-0.0.3-4-mer-AAQAA3-1E3-2-OPC3_opc3,2,0.9628680579130016,0.0002088400752732,0.9737000000000002,0.00051
1396,1396,dens_1973863157285112004,241,Density,<Substance C1COCCO1{solv}{x=0.255500}|O=C1CCCCCC1{solv}{x=0.744500}>,C1COCCO1,O=C1CCCCCC1,Protein-Null-0.0.3-4-mer-AAQAA3-1E3-2-OPC3_opc3,2,0.942097725479555,0.0001706343644039,0.9616800000000002,0.000515
1397,1397,dhmix_2239035738396328121,242,EnthalpyOfMixing,<Substance C1COCCO1{solv}{x=0.771600}|O=C1CCCCCC1{solv}{x=0.228400}>,C1COCCO1,O=C1CCCCCC1,Protein-Null-0.0.3-4-mer-AAQAA3-1E3-2-OPC3_opc3,2,0.1990277253408976,0.0441881216535439,0.0694,0.0009
1398,1398,dhmix_110368175234083214,243,EnthalpyOfMixing,<Substance CC#N{solv}{x=0.201600}|CCOC(C)(C)CC{solv}{x=0.798400}>,CC#N,CCOC(C)(C)CC,Protein-Null-0.0.3-4-mer-AAQAA3-1E3-2-OPC3_opc3,2,0.3119182270356546,0.0539583509319405,0.6411,0.0087
1399,1399,dhmix_565046024644834395,244,EnthalpyOfMixing,<Substance CC#N{solv}{x=0.700400}|CCOC(C)(C)CC{solv}{x=0.299600}>,CC#N,CCOC(C)(C)CC,Protein-Null-0.0.3-4-mer-AAQAA3-1E3-2-OPC3_opc3,2,0.3279200408145648,0.0344698885484801,0.8397,0.0113
1400,1400,dens_865362803305469370,245,Density,<Substance CC#N{solv}{x=0.502400}|CCOC(C)(C)CC{solv}{x=0.497600}>,CC#N,CCOC(C)(C)CC,Protein-Null-0.0.3-4-mer-AAQAA3-1E3-2-OPC3_opc3,2,0.7705149654906911,0.0002521632938366,0.7675000000000002,0.00035
1401,1401,dhmix_1131176031733024874,246,EnthalpyOfMixing,<Substance CC#N{solv}{x=0.502400}|CCOC(C)(C)CC{solv}{x=0.497600}>,CC#N,CCOC(C)(C)CC,Protein-Null-0.0.3-4-mer-AAQAA3-1E3-2-OPC3_opc3,2,0.3344118636141147,0.0360223325148305,0.9514,0.01285
1402,1402,dens_1305751749890499162,247,Density,<Substance CC#N{solv}{x=0.201600}|CCOC(C)(C)CC{solv}{x=0.798400}>,CC#N,CCOC(C)(C)CC,Protein-Null-0.0.3-4-mer-AAQAA3-1E3-2-OPC3_opc3,2,0.7657203234879737,0.0001923710996548,0.7635000000000002,0.00025
1403,1403,dens_1928701304100922381,248,Density,<Substance CC#N{solv}{x=0.700400}|CCOC(C)(C)CC{solv}{x=0.299600}>,CC#N,CCOC(C)(C)CC,Protein-Null-0.0.3-4-mer-AAQAA3-1E3-2-OPC3_opc3,2,0.7743057405176074,0.00027014790638,0.7707000000000003,0.0005
1404,1404,dhmix_112729391186229967,249,EnthalpyOfMixing,<Substance CCC(C)=O{solv}{x=0.509000}|CNc1ccccc1{solv}{x=0.491000}>,CCC(C)=O,CNc1ccccc1,Protein-Null-0.0.3-4-mer-AAQAA3-1E3-2-OPC3_opc3,2,-0.5753230903197188,0.0431691937200198,-0.816,0.009
1405,1405,dens_414028029115294252,250,Density,<Substance CCC(C)=O{solv}{x=0.746300}|CNc1ccccc1{solv}{x=0.253700}>,CCC(C)=O,CNc1ccccc1,Protein-Null-0.0.3-4-mer-AAQAA3-1E3-2-OPC3_opc3,2,0.8435001663962682,0.0002122784299426,0.8582020000000002,0.000102
1406,1406,dens_559789475978651659,251,Density,<Substance CCC(C)=O{solv}{x=0.495000}|CNc1ccccc1{solv}{x=0.505000}>,CCC(C)=O,CNc1ccccc1,Protein-Null-0.0.3-4-mer-AAQAA3-1E3-2-OPC3_opc3,2,0.9018531362302686,0.0001896049705863,0.9066940000000002,0.000164
1407,1407,dhmix_1637459312398636454,252,EnthalpyOfMixing,<Substance CCC(C)=O{solv}{x=0.228300}|CNc1ccccc1{solv}{x=0.771700}>,CCC(C)=O,CNc1ccccc1,Protein-Null-0.0.3-4-mer-AAQAA3-1E3-2-OPC3_opc3,2,-0.3455654423032737,0.0442724807515488,-0.54,0.006
1408,1408,dhmix_1933605864237207151,253,EnthalpyOfMixing,<Substance CCC(C)=O{solv}{x=0.705500}|CNc1ccccc1{solv}{x=0.294500}>,CCC(C)=O,CNc1ccccc1,Protein-Null-0.0.3-4-mer-AAQAA3-1E3-2-OPC3_opc3,2,-0.4276154445692715,0.0460825549120856,-0.672,0.0075
1409,1409,dens_2039660657679820411,254,Density,<Substance CCC(C)=O{solv}{x=0.258900}|CNc1ccccc1{solv}{x=0.741100}>,CCC(C)=O,CNc1ccccc1,Protein-Null-0.0.3-4-mer-AAQAA3-1E3-2-OPC3_opc3,2,0.9503187235214036,0.0001691188248434,0.9456330000000004,0.000259
1410,1410,dhmix_112832411362526364,255,EnthalpyOfMixing,<Substance C=CCCCC{solv}{x=0.250000}|CCCCO{solv}{x=0.750000}>,C=CCCCC,CCCCO,Protein-Null-0.0.3-4-mer-AAQAA3-1E3-2-OPC3_opc3,2,0.4364786001814593,0.042411578680526,0.2829,0.00333
1411,1411,dhmix_385937725855980509,256,EnthalpyOfMixing,<Substance C=CCCCC{solv}{x=0.749900}|CCCCO{solv}{x=0.250100}>,C=CCCCC,CCCCO,Protein-Null-0.0.3-4-mer-AAQAA3-1E3-2-OPC3_opc3,2,0.5675109668878946,0.0385059150240568,0.63978,0.00696
1412,1412,dens_417191245012747241,257,Density,<Substance C=CCCCC{solv}{x=0.501800}|CCCCO{solv}{x=0.498200}>,C=CCCCC,CCCCO,Protein-Null-0.0.3-4-mer-AAQAA3-1E3-2-OPC3_opc3,2,0.7159900651905204,0.0002469974979358,0.7340000000000002,0.00035
1413,1413,dens_1053849773924337242,258,Density,<Substance C=CCCCC{solv}{x=0.100100}|CCCCO{solv}{x=0.899900}>,C=CCCCC,CCCCO,Protein-Null-0.0.3-4-mer-AAQAA3-1E3-2-OPC3_opc3,2,0.7865583802387581,0.0002046521414776,0.7924000000000002,0.00035
1414,1414,dhmix_1436053809694490847,259,EnthalpyOfMixing,<Substance C=CCCCC{solv}{x=0.500300}|CCCCO{solv}{x=0.499700}>,C=CCCCC,CCCCO,Protein-Null-0.0.3-4-mer-AAQAA3-1E3-2-OPC3_opc3,2,0.6198394707713106,0.0415290993577884,0.56098,0.00616
1415,1415,dens_1967827958045932694,260,Density,<Substance C=CCCCC{solv}{x=0.900000}|CCCCO{solv}{x=0.100000}>,C=CCCCC,CCCCO,Protein-Null-0.0.3-4-mer-AAQAA3-1E3-2-OPC3_opc3,2,0.6607308158102414,0.0002481889229956,0.6818000000000001,0.00035
1416,1416,dhmix_113202719214912577,261,EnthalpyOfMixing,<Substance CCN(CC)CCO{solv}{x=0.700300}|O{solv}{x=0.299700}>,CCN(CC)CCO,O,Protein-Null-0.0.3-4-mer-AAQAA3-1E3-2-OPC3_opc3,2,-2.304295876985634,0.04650701844318,-1.75,0.019
1417,1417,dhmix_450200897960931857,262,EnthalpyOfMixing,<Substance CCN(CC)CCO{solv}{x=0.500200}|O{solv}{x=0.499800}>,CCN(CC)CCO,O,Protein-Null-0.0.3-4-mer-AAQAA3-1E3-2-OPC3_opc3,2,-2.296207251114552,0.0391112671465643,-2.504,0.027
1418,1418,dens_727880187774296815,263,Density,<Substance CCN(CC)CCO{solv}{x=0.799700}|O{solv}{x=0.200300}>,CCN(CC)CCO,O,Protein-Null-0.0.3-4-mer-AAQAA3-1E3-2-OPC3_opc3,2,0.8893215533699248,0.0002666668626767,0.8996000000000003,0.005
1419,1419,dens_943193748522476096,264,Density,<Substance CCN(CC)CCO{solv}{x=0.499700}|O{solv}{x=0.500300}>,CCN(CC)CCO,O,Protein-Null-0.0.3-4-mer-AAQAA3-1E3-2-OPC3_opc3,2,0.9129258175094864,0.0004194939617577,0.9222000000000002,0.005
1420,1420,dhmix_1628408668678458098,265,EnthalpyOfMixing,<Substance CCN(CC)CCO{solv}{x=0.200800}|O{solv}{x=0.799200}>,CCN(CC)CCO,O,Protein-Null-0.0.3-4-mer-AAQAA3-1E3-2-OPC3_opc3,2,-1.513337327093331,0.0342888174742785,-2.185,0.0235
1421,1421,dens_1679974305630699360,266,Density,<Substance CCN(CC)CCO{solv}{x=0.193290}|O{solv}{x=0.806710}>,CCN(CC)CCO,O,Protein-Null-0.0.3-4-mer-AAQAA3-1E3-2-OPC3_opc3,2,0.9392905949821834,0.0002770748155018,0.9615690000000002,0.000144
1422,1422,dens_114257363738318755,267,Density,<Substance C1CCCCC1{solv}{x=0.754300}|CCCCCC{solv}{x=0.245700}>,C1CCCCC1,CCCCCC,Protein-Null-0.0.3-4-mer-AAQAA3-1E3-2-OPC3_opc3,2,0.7209705108130584,0.0002260077166363,0.7392000000000002,0.00065
1423,1423,dens_528453314861364780,268,Density,<Substance C1CCCCC1{solv}{x=0.234300}|CCCCCC{solv}{x=0.765700}>,C1CCCCC1,CCCCCC,Protein-Null-0.0.3-4-mer-AAQAA3-1E3-2-OPC3_opc3,2,0.6638711257793467,0.0002060323328551,0.6838300000000002,0.001655
1424,1424,dens_547437695672624422,269,Density,<Substance C1CCCCC1{solv}{x=0.479300}|CCCCCC{solv}{x=0.520700}>,C1CCCCC1,CCCCCC,Protein-Null-0.0.3-4-mer-AAQAA3-1E3-2-OPC3_opc3,2,0.6886996551890584,0.0001552239667508,0.7105500000000001,0.001555
1425,1425,dhmix_728030976573858762,270,EnthalpyOfMixing,<Substance C1CCCCC1{solv}{x=0.483200}|CCCCCC{solv}{x=0.516800}>,C1CCCCC1,CCCCCC,Protein-Null-0.0.3-4-mer-AAQAA3-1E3-2-OPC3_opc3,2,0.21576196150545,0.0428897300846405,0.2144,0.00155
1426,1426,dhmix_1406519609852245638,271,EnthalpyOfMixing,<Substance C1CCCCC1{solv}{x=0.219000}|CCCCCC{solv}{x=0.781000}>,C1CCCCC1,CCCCCC,Protein-Null-0.0.3-4-mer-AAQAA3-1E3-2-OPC3_opc3,2,0.1346910111164021,0.0373155952313993,0.1264,0.00105
1427,1427,dhmix_1819992223413741006,272,EnthalpyOfMixing,<Substance C1CCCCC1{solv}{x=0.725500}|CCCCCC{solv}{x=0.274500}>,C1CCCCC1,CCCCCC,Protein-Null-0.0.3-4-mer-AAQAA3-1E3-2-OPC3_opc3,2,0.2982209556819555,0.0428126487507641,0.199,0.00145
1428,1428,dhmix_114464856611254095,273,EnthalpyOfMixing,<Substance COc1ccccc1{solv}{x=0.739800}|OCc1ccccc1{solv}{x=0.260200}>,COc1ccccc1,OCc1ccccc1,Protein-Null-0.0.3-4-mer-AAQAA3-1E3-2-OPC3_opc3,2,1.008721641810823,0.0430254736508712,1.0539,0.0113
1429,1429,dens_844721400884986444,274,Density,<Substance COc1ccccc1{solv}{x=0.288300}|OCc1ccccc1{solv}{x=0.711700}>,COc1ccccc1,OCc1ccccc1,Protein-Null-0.0.3-4-mer-AAQAA3-1E3-2-OPC3_opc3,2,1.013551689226478,0.0001802826569362,1.0180000000000002,0.000135
1430,1430,dens_1208569209782779179,275,Density,<Substance COc1ccccc1{solv}{x=0.491100}|OCc1ccccc1{solv}{x=0.508900}>,COc1ccccc1,OCc1ccccc1,Protein-Null-0.0.3-4-mer-AAQAA3-1E3-2-OPC3_opc3,2,1.0000957130165289,0.0001837324650352,1.0069400000000004,0.000165
1431,1431,dhmix_1342325728364187329,276,EnthalpyOfMixing,<Substance COc1ccccc1{solv}{x=0.240100}|OCc1ccccc1{solv}{x=0.759900}>,COc1ccccc1,OCc1ccccc1,Protein-Null-0.0.3-4-mer-AAQAA3-1E3-2-OPC3_opc3,2,0.4805311734469484,0.0459237364872516,0.6199,0.0067
1432,1432,dhmix_1596550872819493971,277,EnthalpyOfMixing,<Substance COc1ccccc1{solv}{x=0.486600}|OCc1ccccc1{solv}{x=0.513400}>,COc1ccccc1,OCc1ccccc1,Protein-Null-0.0.3-4-mer-AAQAA3-1E3-2-OPC3_opc3,2,0.936554223856291,0.0431077958547754,0.9688,0.0104
1433,1433,dens_1833270112854727934,278,Density,<Substance COc1ccccc1{solv}{x=0.774500}|OCc1ccccc1{solv}{x=0.225500}>,COc1ccccc1,OCc1ccccc1,Protein-Null-0.0.3-4-mer-AAQAA3-1E3-2-OPC3_opc3,2,0.9818480942392036,0.0001554693963064,0.9915900000000004,0.000215
1434,1434,dens_114725786693793907,279,Density,<Substance CC(=O)O{solv}{x=0.703100}|CCO{solv}{x=0.296900}>,CC(=O)O,CCO,Protein-Null-0.0.3-4-mer-AAQAA3-1E3-2-OPC3_opc3,2,0.9918734614180555,0.0003088450213125,0.97355,0.00021
1435,1435,dens_883421079927261907,280,Density,<Substance CC(=O)O{solv}{x=0.496100}|CCO{solv}{x=0.503900}>,CC(=O)O,CCO,Protein-Null-0.0.3-4-mer-AAQAA3-1E3-2-OPC3_opc3,2,0.9325534735468872,0.0003265397422194,0.9199600000000002,0.0002
1436,1436,dens_1042567278853913615,281,Density,<Substance CC(=O)O{solv}{x=0.297100}|CCO{solv}{x=0.702900}>,CC(=O)O,CCO,Protein-Null-0.0.3-4-mer-AAQAA3-1E3-2-OPC3_opc3,2,0.8754177182080531,0.000342391950776,0.8668600000000002,0.000195
1437,1437,dhmix_129373600931207498,282,EnthalpyOfMixing,<Substance NCCNCCN{solv}{x=0.702000}|O{solv}{x=0.298000}>,NCCNCCN,O,Protein-Null-0.0.3-4-mer-AAQAA3-1E3-2-OPC3_opc3,2,-2.490661628182096,0.0462938082546177,-3.393,0.036
1438,1438,dhmix_313570094367316478,283,EnthalpyOfMixing,<Substance NCCNCCN{solv}{x=0.241600}|O{solv}{x=0.758400}>,NCCNCCN,O,Protein-Null-0.0.3-4-mer-AAQAA3-1E3-2-OPC3_opc3,2,-4.790767195590027,0.029536713835368,-6.523,0.0695
1439,1439,dens_548243159356184104,284,Density,<Substance NCCNCCN{solv}{x=0.244900}|O{solv}{x=0.755100}>,NCCNCCN,O,Protein-Null-0.0.3-4-mer-AAQAA3-1E3-2-OPC3_opc3,2,1.0782650126474995,0.0006184164948071,1.0275000000000003,0.0005
1440,1440,dens_913992897582667960,285,Density,<Substance NCCNCCN{solv}{x=0.497400}|O{solv}{x=0.502600}>,NCCNCCN,O,Protein-Null-0.0.3-4-mer-AAQAA3-1E3-2-OPC3_opc3,2,1.0689414404282849,0.000141671894922,0.9928000000000002,0.0005
1441,1441,dhmix_1565087976771168604,286,EnthalpyOfMixing,<Substance NCCNCCN{solv}{x=0.501000}|O{solv}{x=0.499000}>,NCCNCCN,O,Protein-Null-0.0.3-4-mer-AAQAA3-1E3-2-OPC3_opc3,2,-4.140889862370827,0.0353194948993279,-5.417,0.0575
1442,1442,dens_1812124220217686569,287,Density,<Substance NCCNCCN{solv}{x=0.698800}|O{solv}{x=0.301200}>,NCCNCCN,O,Protein-Null-0.0.3-4-mer-AAQAA3-1E3-2-OPC3_opc3,2,1.0683695598834608,0.0001274882828805,0.9718000000000002,0.0005
1443,1443,dhmix_135176730945124637,288,EnthalpyOfMixing,<Substance CCCCNCCCC{solv}{x=0.751800}|CN(C)C=O{solv}{x=0.248200}>,CCCCNCCCC,CN(C)C=O,Protein-Null-0.0.3-4-mer-AAQAA3-1E3-2-OPC3_opc3,2,0.1534600198066869,0.0551429413936162,0.782,0.025
1444,1444,dens_586298674852090193,289,Density,<Substance CCCCNCCCC{solv}{x=0.726600}|CN(C)C=O{solv}{x=0.273400}>,CCCCNCCCC,CN(C)C=O,Protein-Null-0.0.3-4-mer-AAQAA3-1E3-2-OPC3_opc3,2,0.7829900094937406,0.0002089213710139,0.7828350000000002,0.0009465
1445,1445,dens_711718403070096827,290,Density,<Substance CCCCNCCCC{solv}{x=0.263900}|CN(C)C=O{solv}{x=0.736100}>,CCCCNCCCC,CN(C)C=O,Protein-Null-0.0.3-4-mer-AAQAA3-1E3-2-OPC3_opc3,2,0.8501820483348163,0.0002182198628036,0.8609240000000001,0.001053
1446,1446,dhmix_1537913365058000269,291,EnthalpyOfMixing,<Substance CCCCNCCCC{solv}{x=0.249400}|CN(C)C=O{solv}{x=0.750600}>,CCCCNCCCC,CN(C)C=O,Protein-Null-0.0.3-4-mer-AAQAA3-1E3-2-OPC3_opc3,2,0.3063882329851637,0.0390430567744939,0.921,0.029
1447,1447,dhmix_1965420976556284821,292,EnthalpyOfMixing,<Substance CCCCNCCCC{solv}{x=0.501800}|CN(C)C=O{solv}{x=0.498200}>,CCCCNCCCC,CN(C)C=O,Protein-Null-0.0.3-4-mer-AAQAA3-1E3-2-OPC3_opc3,2,0.2454918913022368,0.0479968636313844,1.113,0.0335
1448,1448,dens_2298192241038151497,293,Density,<Substance CCCCNCCCC{solv}{x=0.492800}|CN(C)C=O{solv}{x=0.507200}>,CCCCNCCCC,CN(C)C=O,Protein-Null-0.0.3-4-mer-AAQAA3-1E3-2-OPC3_opc3,2,0.8120059094095564,0.0002273546423643,0.8153440000000003,0.0009895
1449,1449,dens_145031449158698048,294,Density,<Substance CN(C)C=O{solv}{x=0.498800}|ClCCCl{solv}{x=0.501200}>,CN(C)C=O,ClCCCl,Protein-Null-0.0.3-4-mer-AAQAA3-1E3-2-OPC3_opc3,2,1.0679409033502454,0.0003420644285561,1.0957000000000003,0.00305
1450,1450,dens_511894799968528211,295,Density,<Substance CN(C)C=O{solv}{x=0.197800}|ClCCCl{solv}{x=0.802200}>,CN(C)C=O,ClCCCl,Protein-Null-0.0.3-4-mer-AAQAA3-1E3-2-OPC3_opc3,2,1.1493476018185276,0.0004255954371437,1.1862000000000004,0.003
1451,1451,dhmix_693792312882226719,296,EnthalpyOfMixing,<Substance CN(C)C=O{solv}{x=0.498000}|ClCCCl{solv}{x=0.502000}>,CN(C)C=O,ClCCCl,Protein-Null-0.0.3-4-mer-AAQAA3-1E3-2-OPC3_opc3,2,0.3887645409412315,0.0338175772946297,-0.663,0.0035
1452,1452,dhmix_1364024895663592301,297,EnthalpyOfMixing,<Substance CN(C)C=O{solv}{x=0.299000}|ClCCCl{solv}{x=0.701000}>,CN(C)C=O,ClCCCl,Protein-Null-0.0.3-4-mer-AAQAA3-1E3-2-OPC3_opc3,2,0.433942124699552,0.0274695097911283,-0.575,0.0035
1453,1453,dens_1874616475661316520,298,Density,<Substance CN(C)C=O{solv}{x=0.705400}|ClCCCl{solv}{x=0.294600}>,CN(C)C=O,ClCCCl,Protein-Null-0.0.3-4-mer-AAQAA3-1E3-2-OPC3_opc3,2,1.0082331762499284,0.0002978298039254,1.0336,0.003
1454,1454,dhmix_1965344541223753593,299,EnthalpyOfMixing,<Substance CN(C)C=O{solv}{x=0.702000}|ClCCCl{solv}{x=0.298000}>,CN(C)C=O,ClCCCl,Protein-Null-0.0.3-4-mer-AAQAA3-1E3-2-OPC3_opc3,2,0.2502534927680564,0.0354178424166935,-0.531,0.003
1455,1455,dens_145117083439077204,300,Density,<Substance CN1CCCC1=O{solv}{x=0.700300}|ClCCCCCl{solv}{x=0.299700}>,CN1CCCC1=O,ClCCCCCl,Protein-Null-0.0.3-4-mer-AAQAA3-1E3-2-OPC3_opc3,2,1.0420903625970448,0.0002253074901842,1.0627000000000002,0.0005
1456,1456,dens_872271192908107773,301,Density,<Substance CN1CCCC1=O{solv}{x=0.203400}|ClCCCCCl{solv}{x=0.796600}>,CN1CCCC1=O,ClCCCCCl,Protein-Null-0.0.3-4-mer-AAQAA3-1E3-2-OPC3_opc3,2,1.0968161692659233,0.0002911353278084,1.1142000000000003,0.00125
1457,1457,dhmix_958757583081250655,302,EnthalpyOfMixing,<Substance CN1CCCC1=O{solv}{x=0.703000}|ClCCCCCl{solv}{x=0.297000}>,CN1CCCC1=O,ClCCCCCl,Protein-Null-0.0.3-4-mer-AAQAA3-1E3-2-OPC3_opc3,2,0.2186140262155476,0.0428921728364842,-0.583,0.0035
1458,1458,dens_1187888029800539390,303,Density,<Substance CN1CCCC1=O{solv}{x=0.502500}|ClCCCCCl{solv}{x=0.497500}>,CN1CCCC1=O,ClCCCCCl,Protein-Null-0.0.3-4-mer-AAQAA3-1E3-2-OPC3_opc3,2,1.065987086445218,0.0002680433924864,1.0840000000000003,0.00075
1459,1459,dhmix_1448185356234442909,304,EnthalpyOfMixing,<Substance CN1CCCC1=O{solv}{x=0.210000}|ClCCCCCl{solv}{x=0.790000}>,CN1CCCC1=O,ClCCCCCl,Protein-Null-0.0.3-4-mer-AAQAA3-1E3-2-OPC3_opc3,2,0.0472651878533199,0.0459236297424109,-0.406,0.003
1460,1460,dhmix_1623586299486793214,305,EnthalpyOfMixing,<Substance CN1CCCC1=O{solv}{x=0.505000}|ClCCCCCl{solv}{x=0.495000}>,CN1CCCC1=O,ClCCCCCl,Protein-Null-0.0.3-4-mer-AAQAA3-1E3-2-OPC3_opc3,2,0.1626350822135904,0.0391124755767285,-0.678,0.0035
1461,1461,dens_151421667269785380,306,Density,<Substance OCCOCCO{solv}{x=0.228500}|OCc1ccccc1{solv}{x=0.771500}>,OCCOCCO,OCc1ccccc1,Protein-Null-0.0.3-4-mer-AAQAA3-1E3-2-OPC3_opc3,2,1.0516141861589223,0.0002395517896607,1.0497600000000002,0.000265
1462,1462,dens_207017358130726789,307,Density,<Substance OCCOCCO{solv}{x=0.531200}|OCc1ccccc1{solv}{x=0.468800}>,OCCOCCO,OCc1ccccc1,Protein-Null-0.0.3-4-mer-AAQAA3-1E3-2-OPC3_opc3,2,1.0749611644286574,0.0001967436393182,1.07136,0.00027
1463,1463,dhmix_638869206909151198,308,EnthalpyOfMixing,<Substance OCCOCCO{solv}{x=0.765800}|OCc1ccccc1{solv}{x=0.234200}>,OCCOCCO,OCc1ccccc1,Protein-Null-0.0.3-4-mer-AAQAA3-1E3-2-OPC3_opc3,2,-0.1268523478272811,0.0545478614389566,-0.3712,0.0073
1464,1464,dhmix_884415658126351430,309,EnthalpyOfMixing,<Substance OCCOCCO{solv}{x=0.266500}|OCc1ccccc1{solv}{x=0.733500}>,OCCOCCO,OCc1ccccc1,Protein-Null-0.0.3-4-mer-AAQAA3-1E3-2-OPC3_opc3,2,-0.2495715668928824,0.0451586620062094,-0.4216,0.0081
1465,1465,dhmix_925385148369690502,310,EnthalpyOfMixing,<Substance OCCOCCO{solv}{x=0.521600}|OCc1ccccc1{solv}{x=0.478400}>,OCCOCCO,OCc1ccccc1,Protein-Null-0.0.3-4-mer-AAQAA3-1E3-2-OPC3_opc3,2,-0.4368133634463049,0.0893812373325082,-0.4574,0.00865
1466,1466,dens_1617133138157859384,311,Density,<Substance OCCOCCO{solv}{x=0.727700}|OCc1ccccc1{solv}{x=0.272300}>,OCCOCCO,OCc1ccccc1,Protein-Null-0.0.3-4-mer-AAQAA3-1E3-2-OPC3_opc3,2,1.0905184766426903,0.0002804887587387,1.0857000000000003,0.000275
1467,1467,dens_155791527624482863,312,Density,<Substance CC(C)CO{solv}{x=0.279300}|CCCCBr{solv}{x=0.720700}>,CC(C)CO,CCCCBr,Protein-Null-0.0.3-4-mer-AAQAA3-1E3-2-OPC3_opc3,2,1.103752900699167,0.0004323750121206,1.1339800000000002,0.000305
1468,1468,dhmix_549211977118470640,313,EnthalpyOfMixing,<Substance CC(C)CO{solv}{x=0.293800}|CCCCBr{solv}{x=0.706200}>,CC(C)CO,CCCCBr,Protein-Null-0.0.3-4-mer-AAQAA3-1E3-2-OPC3_opc3,2,1.0292716277455227,0.0414276189517129,1.248,0.0135
1469,1469,dens_692500675577783691,314,Density,<Substance CC(C)CO{solv}{x=0.793700}|CCCCBr{solv}{x=0.206300}>,CC(C)CO,CCCCBr,Protein-Null-0.0.3-4-mer-AAQAA3-1E3-2-OPC3_opc3,2,0.8957987126380292,0.0002686901410557,0.8962800000000002,0.00021
1470,1470,dens_841415441417626311,315,Density,<Substance CC(C)CO{solv}{x=0.498900}|CCCCBr{solv}{x=0.501100}>,CC(C)CO,CCCCBr,Protein-Null-0.0.3-4-mer-AAQAA3-1E3-2-OPC3_opc3,2,1.0204856613275637,0.0003804420818918,1.0366800000000005,0.000225
1471,1471,dhmix_1400807466047438160,316,EnthalpyOfMixing,<Substance CC(C)CO{solv}{x=0.499000}|CCCCBr{solv}{x=0.501000}>,CC(C)CO,CCCCBr,Protein-Null-0.0.3-4-mer-AAQAA3-1E3-2-OPC3_opc3,2,1.0092237589116737,0.0377543117542364,1.207,0.013
1472,1472,dhmix_1959880980464917582,317,EnthalpyOfMixing,<Substance CC(C)CO{solv}{x=0.702100}|CCCCBr{solv}{x=0.297900}>,CC(C)CO,CCCCBr,Protein-Null-0.0.3-4-mer-AAQAA3-1E3-2-OPC3_opc3,2,0.6278174787043582,0.0520845264196236,0.891,0.0095
1473,1473,dhmix_155924436295918663,318,EnthalpyOfMixing,<Substance OCCCO{solv}{x=0.501300}|O{solv}{x=0.498700}>,O,OCCCO,Protein-Null-0.0.3-4-mer-AAQAA3-1E3-2-OPC3_opc3,2,-0.0467035937102835,0.0365653399825859,-0.992,0.0125
1474,1474,dens_867859901093068556,319,Density,<Substance OCCCO{solv}{x=0.743700}|O{solv}{x=0.256300}>,O,OCCCO,Protein-Null-0.0.3-4-mer-AAQAA3-1E3-2-OPC3_opc3,2,1.057818791690899,0.0003620138639971,1.0503800000000003,0.00023
1475,1475,dhmix_2191722776959064631,320,EnthalpyOfMixing,<Substance OCCCO{solv}{x=0.743000}|O{solv}{x=0.257000}>,O,OCCCO,Protein-Null-0.0.3-4-mer-AAQAA3-1E3-2-OPC3_opc3,2,0.0677977937420308,0.0358311670853136,-0.633,0.008
1476,1476,dhmix_2210594516320705991,321,EnthalpyOfMixing,<Substance OCCCO{solv}{x=0.208700}|O{solv}{x=0.791300}>,O,OCCCO,Protein-Null-0.0.3-4-mer-AAQAA3-1E3-2-OPC3_opc3,2,0.2139187126975272,0.025365277669399,-0.924,0.012
1477,1477,dens_2211391404402371237,322,Density,<Substance OCCCO{solv}{x=0.244700}|O{solv}{x=0.755300}>,O,OCCCO,Protein-Null-0.0.3-4-mer-AAQAA3-1E3-2-OPC3_opc3,2,1.0377116165777862,0.0003922917514731,1.0381600000000004,0.00019
1478,1478,dens_2211609476735134421,323,Density,<Substance OCCCO{solv}{x=0.500000}|O{solv}{x=0.500000}>,O,OCCCO,Protein-Null-0.0.3-4-mer-AAQAA3-1E3-2-OPC3_opc3,2,1.0512077310398766,0.0004900355274686,1.0492100000000002,0.000215
1479,1479,dhmix_156929898609376763,324,EnthalpyOfMixing,<Substance CN(C)CCCO{solv}{x=0.800100}|O{solv}{x=0.199900}>,CN(C)CCCO,O,Protein-Null-0.0.3-4-mer-AAQAA3-1E3-2-OPC3_opc3,2,-1.4290475510976108,0.0433928331118397,-1.26,0.0135
1480,1480,dhmix_786210276753247951,325,EnthalpyOfMixing,<Substance CN(C)CCCO{solv}{x=0.199800}|O{solv}{x=0.800200}>,CN(C)CCCO,O,Protein-Null-0.0.3-4-mer-AAQAA3-1E3-2-OPC3_opc3,2,-1.504919765668376,0.0266145250532436,-2.514,0.027
1481,1481,dens_971674883336993154,326,Density,<Substance CN(C)CCCO{solv}{x=0.289504}|O{solv}{x=0.710496}>,CN(C)CCCO,O,Protein-Null-0.0.3-4-mer-AAQAA3-1E3-2-OPC3_opc3,2,0.9476351680090068,0.0004174492287838,0.9443,0.00285
1482,1482,dhmix_1330584538745399524,327,EnthalpyOfMixing,<Substance CN(C)CCCO{solv}{x=0.501900}|O{solv}{x=0.498100}>,CN(C)CCCO,O,Protein-Null-0.0.3-4-mer-AAQAA3-1E3-2-OPC3_opc3,2,-2.431053826770937,0.0373299932065248,-2.706,0.029
1483,1483,dens_1781759734173902013,328,Density,<Substance CN(C)CCCO{solv}{x=0.501300}|O{solv}{x=0.498700}>,CN(C)CCCO,O,Protein-Null-0.0.3-4-mer-AAQAA3-1E3-2-OPC3_opc3,2,0.9335255660139176,0.000236000616331,0.9170700000000004,8.000000000000002e-05
1484,1484,dens_2299157616447228221,329,Density,<Substance CN(C)CCCO{solv}{x=0.800600}|O{solv}{x=0.199400}>,CN(C)CCCO,O,Protein-Null-0.0.3-4-mer-AAQAA3-1E3-2-OPC3_opc3,2,0.9118976967377984,0.0002642145664089,0.8915100000000002,9.500000000000002e-05
1485,1485,dhmix_157983773008192768,330,EnthalpyOfMixing,<Substance BrCCCBr{solv}{x=0.743200}|CCCCOC(=O)CCC{solv}{x=0.256800}>,BrCCCBr,CCCCOC(=O)CCC,Protein-Null-0.0.3-4-mer-AAQAA3-1E3-2-OPC3_opc3,2,-0.3255437576207214,0.0399313655445884,0.032,0.0005
1486,1486,dens_720277045338028885,331,Density,<Substance BrCCCBr{solv}{x=0.748700}|CCCCOC(=O)CCC{solv}{x=0.251300}>,BrCCCBr,CCCCOC(=O)CCC,Protein-Null-0.0.3-4-mer-AAQAA3-1E3-2-OPC3_opc3,2,1.5418363505387274,0.0004232725919514,1.5786600000000004,0.00038
1487,1487,dens_933248802608751708,332,Density,<Substance BrCCCBr{solv}{x=0.529700}|CCCCOC(=O)CCC{solv}{x=0.470300}>,BrCCCBr,CCCCOC(=O)CCC,Protein-Null-0.0.3-4-mer-AAQAA3-1E3-2-OPC3_opc3,2,1.2947531127789835,0.0003335997418727,1.3159400000000003,0.000255
1488,1488,dens_1048925802213854204,333,Density,<Substance BrCCCBr{solv}{x=0.259100}|CCCCOC(=O)CCC{solv}{x=0.740900}>,BrCCCBr,CCCCOC(=O)CCC,Protein-Null-0.0.3-4-mer-AAQAA3-1E3-2-OPC3_opc3,2,1.0493333514044756,0.000212928181865,1.0598600000000002,0.000145
1489,1489,dhmix_1090642624443832057,334,EnthalpyOfMixing,<Substance BrCCCBr{solv}{x=0.241200}|CCCCOC(=O)CCC{solv}{x=0.758800}>,BrCCCBr,CCCCOC(=O)CCC,Protein-Null-0.0.3-4-mer-AAQAA3-1E3-2-OPC3_opc3,2,-0.4422183316869237,0.0509170303179452,-0.094,0.001
1490,1490,dhmix_1649688325270115073,335,EnthalpyOfMixing,<Substance BrCCCBr{solv}{x=0.466700}|CCCCOC(=O)CCC{solv}{x=0.533300}>,BrCCCBr,CCCCOC(=O)CCC,Protein-Null-0.0.3-4-mer-AAQAA3-1E3-2-OPC3_opc3,2,-0.5667708198026702,0.0500126398073934,-0.091,0.001
1491,1491,dhmix_158101159957898775,336,EnthalpyOfMixing,<Substance CCCCCl{solv}{x=0.490000}|CN1CCCC1=O{solv}{x=0.510000}>,CCCCCl,CN1CCCC1=O,Protein-Null-0.0.3-4-mer-AAQAA3-1E3-2-OPC3_opc3,2,0.7832433965565073,0.0395797066953179,0.152,0.002
1492,1492,dhmix_586880142396707079,337,EnthalpyOfMixing,<Substance CCCCCl{solv}{x=0.294000}|CN1CCCC1=O{solv}{x=0.706000}>,CCCCCl,CN1CCCC1=O,Protein-Null-0.0.3-4-mer-AAQAA3-1E3-2-OPC3_opc3,2,0.6345668342791839,0.0434442056546905,0.145,0.002
1493,1493,dens_897975104490051322,338,Density,<Substance CCCCCl{solv}{x=0.296100}|CN1CCCC1=O{solv}{x=0.703900}>,CCCCCl,CN1CCCC1=O,Protein-Null-0.0.3-4-mer-AAQAA3-1E3-2-OPC3_opc3,2,0.964567011737075,0.0002330376517244,0.9862000000000004,0.0001
1494,1494,dens_1393365907116297965,339,Density,<Substance CCCCCl{solv}{x=0.702600}|CN1CCCC1=O{solv}{x=0.297400}>,CCCCCl,CN1CCCC1=O,Protein-Null-0.0.3-4-mer-AAQAA3-1E3-2-OPC3_opc3,2,0.9058814374235892,0.0002710431122746,0.9268000000000002,0.0001
1495,1495,dhmix_1769887717174104485,340,EnthalpyOfMixing,<Substance CCCCCl{solv}{x=0.787000}|CN1CCCC1=O{solv}{x=0.213000}>,CCCCCl,CN1CCCC1=O,Protein-Null-0.0.3-4-mer-AAQAA3-1E3-2-OPC3_opc3,2,0.4569265330879304,0.0401983498959468,0.081,0.002
1496,1496,dens_2070183543451797213,341,Density,<Substance CCCCCl{solv}{x=0.494800}|CN1CCCC1=O{solv}{x=0.505200}>,CCCCCl,CN1CCCC1=O,Protein-Null-0.0.3-4-mer-AAQAA3-1E3-2-OPC3_opc3,2,0.9368037407315118,0.0002536569470217,0.9575000000000002,0.0001
1497,1497,dens_164369774990422412,342,Density,<Substance CC(C)O{solv}{x=0.764900}|CCOC=O{solv}{x=0.235100}>,CC(C)O,CCOC=O,Protein-Null-0.0.3-4-mer-AAQAA3-1E3-2-OPC3_opc3,2,0.829775092465529,0.000309691117682,0.8088000000000002,0.00035
1498,1498,dens_200561035496770448,343,Density,<Substance CC(C)O{solv}{x=0.265100}|CCOC=O{solv}{x=0.734900}>,CC(C)O,CCOC=O,Protein-Null-0.0.3-4-mer-AAQAA3-1E3-2-OPC3_opc3,2,0.899432139298752,0.0002908944532329,0.8710000000000002,0.0003
1499,1499,dens_1124622586228643363,344,Density,<Substance CC(C)O{solv}{x=0.441300}|CCOC=O{solv}{x=0.558700}>,CC(C)O,CCOC=O,Protein-Null-0.0.3-4-mer-AAQAA3-1E3-2-OPC3_opc3,2,0.8749153850773844,0.0003224975299748,0.8482000000000003,0.00035
1500,1500,dens_166030075147825025,345,Density,<Substance Clc1ccccc1{solv}{x=0.467900}|c1ccccc1{solv}{x=0.532100}>,Clc1ccccc1,c1ccccc1,Protein-Null-0.0.3-4-mer-AAQAA3-1E3-2-OPC3_opc3,2,0.9824871601567128,0.0002734147116052,0.9877000000000002,0.00025
1501,1501,dens_796537469137871297,346,Density,<Substance Clc1ccccc1{solv}{x=0.735800}|c1ccccc1{solv}{x=0.264200}>,Clc1ccccc1,c1ccccc1,Protein-Null-0.0.3-4-mer-AAQAA3-1E3-2-OPC3_opc3,2,1.045509286233766,0.00032221515335,1.0465000000000002,0.0002
1502,1502,dhmix_1485547099225054006,347,EnthalpyOfMixing,<Substance Clc1ccccc1{solv}{x=0.777700}|c1ccccc1{solv}{x=0.222300}>,Clc1ccccc1,c1ccccc1,Protein-Null-0.0.3-4-mer-AAQAA3-1E3-2-OPC3_opc3,2,-0.0384496691613875,0.0360041905128459,-0.0036,0.0004
1503,1503,dhmix_1808283008183194060,348,EnthalpyOfMixing,<Substance Clc1ccccc1{solv}{x=0.225800}|c1ccccc1{solv}{x=0.774200}>,Clc1ccccc1,c1ccccc1,Protein-Null-0.0.3-4-mer-AAQAA3-1E3-2-OPC3_opc3,2,0.010359193103838,0.0369146212387218,-0.0046,0.0004
1504,1504,dhmix_2008892820486470381,349,EnthalpyOfMixing,<Substance Clc1ccccc1{solv}{x=0.466600}|c1ccccc1{solv}{x=0.533400}>,Clc1ccccc1,c1ccccc1,Protein-Null-0.0.3-4-mer-AAQAA3-1E3-2-OPC3_opc3,2,-0.021719199287979,0.0302664085560449,-0.0057,0.0004
1505,1505,dens_2142546524113318099,350,Density,<Substance Clc1ccccc1{solv}{x=0.293100}|c1ccccc1{solv}{x=0.706900}>,Clc1ccccc1,c1ccccc1,Protein-Null-0.0.3-4-mer-AAQAA3-1E3-2-OPC3_opc3,2,0.9405096618371288,0.0003092723199596,0.9468000000000002,0.00025
1506,1506,dhmix_166527628917371560,351,EnthalpyOfMixing,<Substance CCCCCC(C)=O{solv}{x=0.500700}|CCCNCCC{solv}{x=0.499300}>,CCCCCC(C)=O,CCCNCCC,Protein-Null-0.0.3-4-mer-AAQAA3-1E3-2-OPC3_opc3,2,-0.1623993079629073,0.0371554284344326,0.162,0.002
1507,1507,dhmix_181797488552739205,352,EnthalpyOfMixing,<Substance CCCCCC(C)=O{solv}{x=0.213200}|CCCNCCC{solv}{x=0.786800}>,CCCCCC(C)=O,CCCNCCC,Protein-Null-0.0.3-4-mer-AAQAA3-1E3-2-OPC3_opc3,2,-0.2098593255080771,0.0517577716869901,0.137,0.0015
1508,1508,dens_286521458049436805,353,Density,<Substance CCCCCC(C)=O{solv}{x=0.542700}|CCCNCCC{solv}{x=0.457300}>,CCCCCC(C)=O,CCCNCCC,Protein-Null-0.0.3-4-mer-AAQAA3-1E3-2-OPC3_opc3,2,0.7718298672613442,0.0001947060678303,0.7766620000000002,0.0001215
1509,1509,dens_740930494074770103,354,Density,<Substance CCCCCC(C)=O{solv}{x=0.252600}|CCCNCCC{solv}{x=0.747400}>,CCCCCC(C)=O,CCCNCCC,Protein-Null-0.0.3-4-mer-AAQAA3-1E3-2-OPC3_opc3,2,0.7526966145285515,0.0001483030898644,0.7540050000000001,0.0001215
1510,1510,dhmix_1180133264815330249,355,EnthalpyOfMixing,<Substance CCCCCC(C)=O{solv}{x=0.788000}|CCCNCCC{solv}{x=0.212000}>,CCCCCC(C)=O,CCCNCCC,Protein-Null-0.0.3-4-mer-AAQAA3-1E3-2-OPC3_opc3,2,-0.1916420109500123,0.0519117724609386,0.088,0.001
1511,1511,dens_1237727796782189302,356,Density,<Substance CCCCCC(C)=O{solv}{x=0.741800}|CCCNCCC{solv}{x=0.258200}>,CCCCCC(C)=O,CCCNCCC,Protein-Null-0.0.3-4-mer-AAQAA3-1E3-2-OPC3_opc3,2,0.7844157350139818,0.0001769205295016,0.7918920000000003,0.00012
1512,1512,dens_168376639142843665,357,Density,<Substance BrCCBr{solv}{x=0.084500}|CCOC(=O)CC{solv}{x=0.915500}>,BrCCBr,CCOC(=O)CC,Protein-Null-0.0.3-4-mer-AAQAA3-1E3-2-OPC3_opc3,2,0.9662912067093758,0.0002622191294121,0.9671200000000002,0.001185
1513,1513,dhmix_897092526028522426,358,EnthalpyOfMixing,<Substance BrCCBr{solv}{x=0.753700}|CCOC(=O)CC{solv}{x=0.246300}>,BrCCBr,CCOC(=O)CC,Protein-Null-0.0.3-4-mer-AAQAA3-1E3-2-OPC3_opc3,2,-0.3305634910897002,0.036471251615512,0.0052,0.0008
1514,1514,dhmix_1078383344298013541,359,EnthalpyOfMixing,<Substance BrCCBr{solv}{x=0.084100}|CCOC(=O)CC{solv}{x=0.915900}>,BrCCBr,CCOC(=O)CC,Protein-Null-0.0.3-4-mer-AAQAA3-1E3-2-OPC3_opc3,2,-0.0785882811502399,0.0461222515088069,-0.0683,0.0014
1515,1515,dhmix_1103515663691342839,360,EnthalpyOfMixing,<Substance BrCCBr{solv}{x=0.514000}|CCOC(=O)CC{solv}{x=0.486000}>,BrCCBr,CCOC(=O)CC,Protein-Null-0.0.3-4-mer-AAQAA3-1E3-2-OPC3_opc3,2,-0.3830039237056368,0.0352525270009324,-0.1259,0.00205
1516,1516,dens_1193015082780501702,361,Density,<Substance BrCCBr{solv}{x=0.484400}|CCOC(=O)CC{solv}{x=0.515600}>,BrCCBr,CCOC(=O)CC,Protein-Null-0.0.3-4-mer-AAQAA3-1E3-2-OPC3_opc3,2,1.397836391202863,0.0004004717914011,1.4136000000000002,0.001165
1517,1517,dens_1660732943693703463,362,Density,<Substance BrCCBr{solv}{x=0.714800}|CCOC(=O)CC{solv}{x=0.285200}>,BrCCBr,CCOC(=O)CC,Protein-Null-0.0.3-4-mer-AAQAA3-1E3-2-OPC3_opc3,2,1.6877803012230803,0.000369570712019,1.7205300000000003,0.000985
1518,1518,dens_172622055198885625,363,Density,<Substance CCCCOCCO{solv}{x=0.499500}|c1ccccc1{solv}{x=0.500500}>,CCCCOCCO,c1ccccc1,Protein-Null-0.0.3-4-mer-AAQAA3-1E3-2-OPC3_opc3,2,0.8788421970315622,0.0002403658939169,0.8864700000000002,0.000795
1519,1519,dens_615182082919776992,364,Density,<Substance CCCCOCCO{solv}{x=0.753500}|c1ccccc1{solv}{x=0.246500}>,CCCCOCCO,c1ccccc1,Protein-Null-0.0.3-4-mer-AAQAA3-1E3-2-OPC3_opc3,2,0.8853429828211986,0.0001887470672644,0.8924600000000003,0.00077
1520,1520,dens_1014762781474427089,365,Density,<Substance CCCCOCCO{solv}{x=0.248800}|c1ccccc1{solv}{x=0.751200}>,CCCCOCCO,c1ccccc1,Protein-Null-0.0.3-4-mer-AAQAA3-1E3-2-OPC3_opc3,2,0.8711641022801847,0.0002041690740087,0.8790000000000002,0.00083
1521,1521,dhmix_1209838039340638454,366,EnthalpyOfMixing,<Substance CCCCOCCO{solv}{x=0.729700}|c1ccccc1{solv}{x=0.270300}>,CCCCOCCO,c1ccccc1,Protein-Null-0.0.3-4-mer-AAQAA3-1E3-2-OPC3_opc3,2,0.2234110310073589,0.0542603187414417,0.3037,0.00335
1522,1522,dhmix_1416395432810708431,367,EnthalpyOfMixing,<Substance CCCCOCCO{solv}{x=0.266500}|c1ccccc1{solv}{x=0.733500}>,CCCCOCCO,c1ccccc1,Protein-Null-0.0.3-4-mer-AAQAA3-1E3-2-OPC3_opc3,2,0.5443686054047134,0.0460885180096871,0.6895,0.00745
1523,1523,dhmix_1775479338186698605,368,EnthalpyOfMixing,<Substance CCCCOCCO{solv}{x=0.503000}|c1ccccc1{solv}{x=0.497000}>,CCCCOCCO,c1ccccc1,Protein-Null-0.0.3-4-mer-AAQAA3-1E3-2-OPC3_opc3,2,0.4325744163423621,0.0420606272555523,0.5563,0.00605
1524,1524,dens_173950346939686352,369,Density,<Substance CCOC(=O)CC(=O)OCC{solv}{x=0.797800}|CO{solv}{x=0.202200}>,CCOC(=O)CC(=O)OCC,CO,Protein-Null-0.0.3-4-mer-AAQAA3-1E3-2-OPC3_opc3,2,1.0441597927229975,0.0002840798823768,1.0336070000000002,0.0001155
1525,1525,dhmix_796570713446660029,370,EnthalpyOfMixing,<Substance CCOC(=O)CC(=O)OCC{solv}{x=0.745300}|CO{solv}{x=0.254700}>,CCOC(=O)CC(=O)OCC,CO,Protein-Null-0.0.3-4-mer-AAQAA3-1E3-2-OPC3_opc3,2,0.9882327986145184,0.0495307275747673,1.184,0.013
1526,1526,dhmix_1053189657313504079,371,EnthalpyOfMixing,<Substance CCOC(=O)CC(=O)OCC{solv}{x=0.499300}|CO{solv}{x=0.500700}>,CCOC(=O)CC(=O)OCC,CO,Protein-Null-0.0.3-4-mer-AAQAA3-1E3-2-OPC3_opc3,2,1.104502736647362,0.0411396200766691,1.426,0.0155
1527,1527,dens_1109796780897697143,372,Density,<Substance CCOC(=O)CC(=O)OCC{solv}{x=0.500400}|CO{solv}{x=0.499600}>,CCOC(=O)CC(=O)OCC,CO,Protein-Null-0.0.3-4-mer-AAQAA3-1E3-2-OPC3_opc3,2,1.002992514393782,0.00021023314858,0.9962350000000002,9.150000000000002e-05
1528,1528,dens_1145191816882985532,373,Density,<Substance CCOC(=O)CC(=O)OCC{solv}{x=0.250100}|CO{solv}{x=0.749900}>,CCOC(=O)CC(=O)OCC,CO,Protein-Null-0.0.3-4-mer-AAQAA3-1E3-2-OPC3_opc3,2,0.9351832806189538,0.0003120874531604,0.9355040000000002,0.0001385
1529,1529,dhmix_1394433819711651760,374,EnthalpyOfMixing,<Substance CCOC(=O)CC(=O)OCC{solv}{x=0.251500}|CO{solv}{x=0.748500}>,CCOC(=O)CC(=O)OCC,CO,Protein-Null-0.0.3-4-mer-AAQAA3-1E3-2-OPC3_opc3,2,1.0738088794443,0.0373676184484664,1.083,0.0115
1530,1530,dhmix_176700813960387714,375,EnthalpyOfMixing,<Substance CC(=O)N(C)C{solv}{x=0.211000}|ClCCCCCl{solv}{x=0.789000}>,CC(=O)N(C)C,ClCCCCCl,Protein-Null-0.0.3-4-mer-AAQAA3-1E3-2-OPC3_opc3,2,-0.016393080183036,0.0416361492631874,-0.188,0.0025
1531,1531,dhmix_422276068008732896,376,EnthalpyOfMixing,<Substance CC(=O)N(C)C{solv}{x=0.506000}|ClCCCCCl{solv}{x=0.494000}>,CC(=O)N(C)C,ClCCCCCl,Protein-Null-0.0.3-4-mer-AAQAA3-1E3-2-OPC3_opc3,2,0.0632702639215416,0.0359899882495406,-0.314,0.0025
1532,1532,dhmix_591740475541975327,377,EnthalpyOfMixing,<Substance CC(=O)N(C)C{solv}{x=0.705000}|ClCCCCCl{solv}{x=0.295000}>,CC(=O)N(C)C,ClCCCCCl,Protein-Null-0.0.3-4-mer-AAQAA3-1E3-2-OPC3_opc3,2,0.1330198980439139,0.0409106508875046,-0.281,0.0025
1533,1533,dens_600718364672681210,378,Density,<Substance CC(=O)N(C)C{solv}{x=0.200100}|ClCCCCCl{solv}{x=0.799900}>,CC(=O)N(C)C,ClCCCCCl,Protein-Null-0.0.3-4-mer-AAQAA3-1E3-2-OPC3_opc3,2,1.0778271157542227,0.0002917276551807,1.0978,0.0023
1534,1534,dens_833309518494254389,379,Density,<Substance CC(=O)N(C)C{solv}{x=0.698700}|ClCCCCCl{solv}{x=0.301300}>,CC(=O)N(C)C,ClCCCCCl,Protein-Null-0.0.3-4-mer-AAQAA3-1E3-2-OPC3_opc3,2,0.972503097774997,0.0002327929409298,1.0011000000000003,0.0023
1535,1535,dens_1473570029953486090,380,Density,<Substance CC(=O)N(C)C{solv}{x=0.500900}|ClCCCCCl{solv}{x=0.499100}>,CC(=O)N(C)C,ClCCCCCl,Protein-Null-0.0.3-4-mer-AAQAA3-1E3-2-OPC3_opc3,2,1.016254254788553,0.0002927896153901,1.0407000000000004,0.00225
1536,1536,dens_176740025668330569,381,Density,<Substance C1CCCCC1{solv}{x=0.499400}|C1COCCO1{solv}{x=0.500600}>,C1CCCCC1,C1COCCO1,Protein-Null-0.0.3-4-mer-AAQAA3-1E3-2-OPC3_opc3,2,0.8689788566643323,0.000249842394171,0.8769800000000002,8.500000000000002e-05
1537,1537,dens_476825312331327209,382,Density,<Substance C1CCCCC1{solv}{x=0.297200}|C1COCCO1{solv}{x=0.702800}>,C1CCCCC1,C1COCCO1,Protein-Null-0.0.3-4-mer-AAQAA3-1E3-2-OPC3_opc3,2,0.9287427297054996,0.0002468386529901,0.9312200000000004,7.000000000000002e-05
1538,1538,dens_985438980823024302,383,Density,<Substance C1CCCCC1{solv}{x=0.699700}|C1COCCO1{solv}{x=0.300300}>,C1CCCCC1,C1COCCO1,Protein-Null-0.0.3-4-mer-AAQAA3-1E3-2-OPC3_opc3,2,0.8174328469826547,0.0002268608606685,0.8305800000000002,0.0001
1539,1539,dhmix_1624213860575299641,384,EnthalpyOfMixing,<Substance C1CCCCC1{solv}{x=0.492800}|C1COCCO1{solv}{x=0.507200}>,C1CCCCC1,C1COCCO1,Protein-Null-0.0.3-4-mer-AAQAA3-1E3-2-OPC3_opc3,2,1.8782313634378769,0.039535335928473,1.588,0.008
1540,1540,dhmix_1900199136965747019,385,EnthalpyOfMixing,<Substance C1CCCCC1{solv}{x=0.239400}|C1COCCO1{solv}{x=0.760600}>,C1CCCCC1,C1COCCO1,Protein-Null-0.0.3-4-mer-AAQAA3-1E3-2-OPC3_opc3,2,1.4379421944307325,0.04131875165082,1.124,0.007
1541,1541,dhmix_2022274493214392184,386,EnthalpyOfMixing,<Substance C1CCCCC1{solv}{x=0.744200}|C1COCCO1{solv}{x=0.255800}>,C1CCCCC1,C1COCCO1,Protein-Null-0.0.3-4-mer-AAQAA3-1E3-2-OPC3_opc3,2,1.566862750952751,0.0478610111171083,1.262,0.007
1542,1542,dhmix_182795551078530810,387,EnthalpyOfMixing,<Substance C1COCCO1{solv}{x=0.491200}|Cc1ccccc1Cl{solv}{x=0.508800}>,C1COCCO1,Cc1ccccc1Cl,Protein-Null-0.0.3-4-mer-AAQAA3-1E3-2-OPC3_opc3,2,0.3302096523040205,0.0353413946551406,0.356,0.002
1543,1543,dens_242592003865933955,388,Density,<Substance C1COCCO1{solv}{x=0.835700}|Cc1ccccc1Cl{solv}{x=0.164300}>,C1COCCO1,Cc1ccccc1Cl,Protein-Null-0.0.3-4-mer-AAQAA3-1E3-2-OPC3_opc3,2,1.028782691636689,0.0002230402725216,1.0256,0.0005
1544,1544,dens_810150133181620718,389,Density,<Substance C1COCCO1{solv}{x=0.513600}|Cc1ccccc1Cl{solv}{x=0.486400}>,C1COCCO1,Cc1ccccc1Cl,Protein-Null-0.0.3-4-mer-AAQAA3-1E3-2-OPC3_opc3,2,1.0549956810771637,0.0002522974084817,1.0536,0.0005
1545,1545,dhmix_1949119093643648586,390,EnthalpyOfMixing,<Substance C1COCCO1{solv}{x=0.246200}|Cc1ccccc1Cl{solv}{x=0.753800}>,C1COCCO1,Cc1ccccc1Cl,Protein-Null-0.0.3-4-mer-AAQAA3-1E3-2-OPC3_opc3,2,0.2494322079581081,0.0428988169467849,0.206,0.001
1546,1546,dens_2161584607380261748,391,Density,<Substance C1COCCO1{solv}{x=0.226300}|Cc1ccccc1Cl{solv}{x=0.773700}>,C1COCCO1,Cc1ccccc1Cl,Protein-Null-0.0.3-4-mer-AAQAA3-1E3-2-OPC3_opc3,2,1.065122049942974,0.0002682007444588,1.0674000000000003,0.0005
1547,1547,dhmix_2190589845176325501,392,EnthalpyOfMixing,<Substance C1COCCO1{solv}{x=0.835700}|Cc1ccccc1Cl{solv}{x=0.164300}>,C1COCCO1,Cc1ccccc1Cl,Protein-Null-0.0.3-4-mer-AAQAA3-1E3-2-OPC3_opc3,2,0.1543622573258147,0.0448069679396838,0.244,0.0015
1548,1548,dens_194492664772262961,393,Density,<Substance CCCOC=O{solv}{x=0.479500}|ClCCCl{solv}{x=0.520500}>,CCCOC=O,ClCCCl,Protein-Null-0.0.3-4-mer-AAQAA3-1E3-2-OPC3_opc3,2,1.0534123026093798,0.0003518976277952,1.0603100000000003,0.00196
1549,1549,dhmix_438833720470542962,394,EnthalpyOfMixing,<Substance CCCOC=O{solv}{x=0.738500}|ClCCCl{solv}{x=0.261500}>,CCCOC=O,ClCCCl,Protein-Null-0.0.3-4-mer-AAQAA3-1E3-2-OPC3_opc3,2,0.357579465756789,0.039827578305329,-0.205,0.0025
1550,1550,dens_598528978367940263,395,Density,<Substance CCCOC=O{solv}{x=0.254300}|ClCCCl{solv}{x=0.745700}>,CCCOC=O,ClCCCl,Protein-Null-0.0.3-4-mer-AAQAA3-1E3-2-OPC3_opc3,2,1.118491627705198,0.0003727147390479,1.1418800000000005,0.002835
1551,1551,dens_822197650497048256,396,Density,<Substance CCCOC=O{solv}{x=0.728100}|ClCCCl{solv}{x=0.271900}>,CCCOC=O,ClCCCl,Protein-Null-0.0.3-4-mer-AAQAA3-1E3-2-OPC3_opc3,2,0.9833699737864412,0.0002844745554513,0.9794600000000002,0.001275
1552,1552,dhmix_1971772628311560569,397,EnthalpyOfMixing,<Substance CCCOC=O{solv}{x=0.503500}|ClCCCl{solv}{x=0.496500}>,CCCOC=O,ClCCCl,Protein-Null-0.0.3-4-mer-AAQAA3-1E3-2-OPC3_opc3,2,0.2123607979138633,0.0375601132592505,-0.254,0.003
1553,1553,dhmix_2087301877194561078,398,EnthalpyOfMixing,<Substance CCCOC=O{solv}{x=0.273300}|ClCCCl{solv}{x=0.726700}>,CCCOC=O,ClCCCl,Protein-Null-0.0.3-4-mer-AAQAA3-1E3-2-OPC3_opc3,2,0.164355381023272,0.0260640388730619,-0.154,0.002
1554,1554,dens_196547737404430199,399,Density,<Substance CCC(C)(C)O{solv}{x=0.258400}|CCO{solv}{x=0.741600}>,CCC(C)(C)O,CCO,Protein-Null-0.0.3-4-mer-AAQAA3-1E3-2-OPC3_opc3,2,0.8030771222022708,0.0002733572801319,0.7933000000000001,0.0005
1555,1555,dens_476512869308734578,400,Density,<Substance CCC(C)(C)O{solv}{x=0.549500}|CCO{solv}{x=0.450500}>,CCC(C)(C)O,CCO,Protein-Null-0.0.3-4-mer-AAQAA3-1E3-2-OPC3_opc3,2,0.8160043636700138,0.000395010157322,0.8018000000000002,0.0005
1556,1556,dens_822446541953482206,401,Density,<Substance CCC(C)(C)O{solv}{x=0.676500}|CCO{solv}{x=0.323500}>,CCC(C)(C)O,CCO,Protein-Null-0.0.3-4-mer-AAQAA3-1E3-2-OPC3_opc3,2,0.8201804020762348,0.0003268293426833,0.8048000000000002,0.0005
1557,1557,dhmix_935690434592096067,402,EnthalpyOfMixing,<Substance CCC(C)(C)O{solv}{x=0.460700}|CCO{solv}{x=0.539300}>,CCC(C)(C)O,CCO,Protein-Null-0.0.3-4-mer-AAQAA3-1E3-2-OPC3_opc3,2,-0.6600538426287752,0.0364524858674011,-0.95,0.00405
1558,1558,dhmix_1167190373485301023,403,EnthalpyOfMixing,<Substance CCC(C)(C)O{solv}{x=0.730600}|CCO{solv}{x=0.269400}>,CCC(C)(C)O,CCO,Protein-Null-0.0.3-4-mer-AAQAA3-1E3-2-OPC3_opc3,2,-0.4899898749751958,0.040492361378016,-0.7709,0.00335
1559,1559,dhmix_1275914601266938667,404,EnthalpyOfMixing,<Substance CCC(C)(C)O{solv}{x=0.280700}|CCO{solv}{x=0.719300}>,CCC(C)(C)O,CCO,Protein-Null-0.0.3-4-mer-AAQAA3-1E3-2-OPC3_opc3,2,-0.6151455455101313,0.0376099416149729,-0.7056,0.0031
1560,1560,dens_196896428021674416,405,Density,<Substance OCCCCO{solv}{x=0.250400}|O{solv}{x=0.749600}>,O,OCCCCO,Protein-Null-0.0.3-4-mer-AAQAA3-1E3-2-OPC3_opc3,2,1.019157107266734,0.0003433895810541,1.0206500000000005,0.000165
1561,1561,dhmix_204758826312645465,406,EnthalpyOfMixing,<Substance OCCCCO{solv}{x=0.498600}|O{solv}{x=0.501400}>,O,OCCCCO,Protein-Null-0.0.3-4-mer-AAQAA3-1E3-2-OPC3_opc3,2,-0.0891570912848394,0.0328764878905481,-0.882,0.011
1562,1562,dens_523660418548538159,407,Density,<Substance OCCCCO{solv}{x=0.502000}|O{solv}{x=0.498000}>,O,OCCCCO,Protein-Null-0.0.3-4-mer-AAQAA3-1E3-2-OPC3_opc3,2,1.021613922538373,0.0004379665877447,1.0207100000000002,0.000175
1563,1563,dhmix_1424462945700338266,408,EnthalpyOfMixing,<Substance OCCCCO{solv}{x=0.794700}|O{solv}{x=0.205300}>,O,OCCCCO,Protein-Null-0.0.3-4-mer-AAQAA3-1E3-2-OPC3_opc3,2,-0.1597048579069611,0.0553219896079095,-0.513,0.007
1564,1564,dhmix_2166372532060643622,409,EnthalpyOfMixing,<Substance OCCCCO{solv}{x=0.265800}|O{solv}{x=0.734200}>,O,OCCCCO,Protein-Null-0.0.3-4-mer-AAQAA3-1E3-2-OPC3_opc3,2,0.2467297617436727,0.0345307998788476,-0.896,0.0115
1565,1565,dens_2215793475715067258,410,Density,<Substance OCCCCO{solv}{x=0.752800}|O{solv}{x=0.247200}>,O,OCCCCO,Protein-Null-0.0.3-4-mer-AAQAA3-1E3-2-OPC3_opc3,2,1.022343159245694,0.0002279901200293,1.0165900000000003,0.00018
1566,1566,dhmix_199788824133179829,411,EnthalpyOfMixing,<Substance CNc1ccccc1{solv}{x=0.497300}|Cc1ccccc1{solv}{x=0.502700}>,CNc1ccccc1,Cc1ccccc1,Protein-Null-0.0.3-4-mer-AAQAA3-1E3-2-OPC3_opc3,2,0.8364165351730577,0.0384908274680859,0.497,0.0055
1567,1567,dens_515118724178190757,412,Density,<Substance CNc1ccccc1{solv}{x=0.740700}|Cc1ccccc1{solv}{x=0.259300}>,CNc1ccccc1,Cc1ccccc1,Protein-Null-0.0.3-4-mer-AAQAA3-1E3-2-OPC3_opc3,2,0.959562699044868,0.0001984331500751,0.9531280000000004,0.0002595
1568,1568,dens_730775902780400634,413,Density,<Substance CNc1ccccc1{solv}{x=0.245200}|Cc1ccccc1{solv}{x=0.754800}>,CNc1ccccc1,Cc1ccccc1,Protein-Null-0.0.3-4-mer-AAQAA3-1E3-2-OPC3_opc3,2,0.8863915785670888,0.0002348208816644,0.8935250000000002,0.000118
1569,1569,dhmix_1213795502778853356,414,EnthalpyOfMixing,<Substance CNc1ccccc1{solv}{x=0.295200}|Cc1ccccc1{solv}{x=0.704800}>,CNc1ccccc1,Cc1ccccc1,Protein-Null-0.0.3-4-mer-AAQAA3-1E3-2-OPC3_opc3,2,0.8158912328602952,0.0428354972656641,0.459,0.005
1570,1570,dhmix_1321810550349826496,415,EnthalpyOfMixing,<Substance CNc1ccccc1{solv}{x=0.789200}|Cc1ccccc1{solv}{x=0.210800}>,CNc1ccccc1,Cc1ccccc1,Protein-Null-0.0.3-4-mer-AAQAA3-1E3-2-OPC3_opc3,2,0.413759155996388,0.0481567317691991,0.287,0.003
1571,1571,dens_2156484405108449314,416,Density,<Substance CNc1ccccc1{solv}{x=0.490000}|Cc1ccccc1{solv}{x=0.510000}>,CNc1ccccc1,Cc1ccccc1,Protein-Null-0.0.3-4-mer-AAQAA3-1E3-2-OPC3_opc3,2,0.9225415064232442,0.0001335561585243,0.9235800000000004,0.000164
1572,1572,dens_199829369486957606,417,Density,<Substance CC#N{solv}{x=0.200300}|c1ccccc1{solv}{x=0.799700}>,CC#N,c1ccccc1,Protein-Null-0.0.3-4-mer-AAQAA3-1E3-2-OPC3_opc3,2,0.8541665026506667,0.0002867296992609,0.8623400000000002,7.000000000000002e-05
1573,1573,dhmix_217315956534335620,418,EnthalpyOfMixing,<Substance CC#N{solv}{x=0.771500}|c1ccccc1{solv}{x=0.228500}>,CC#N,c1ccccc1,Protein-Null-0.0.3-4-mer-AAQAA3-1E3-2-OPC3_opc3,2,0.0493715521516122,0.0280077812053495,0.3988,0.00815
1574,1574,dhmix_730497723685339496,419,EnthalpyOfMixing,<Substance CC#N{solv}{x=0.219600}|c1ccccc1{solv}{x=0.780400}>,CC#N,c1ccccc1,Protein-Null-0.0.3-4-mer-AAQAA3-1E3-2-OPC3_opc3,2,-0.0988380231600984,0.0346181162972356,0.2399,0.00495
1575,1575,dhmix_1038591828122641798,420,EnthalpyOfMixing,<Substance CC#N{solv}{x=0.529500}|c1ccccc1{solv}{x=0.470500}>,CC#N,c1ccccc1,Protein-Null-0.0.3-4-mer-AAQAA3-1E3-2-OPC3_opc3,2,0.0380647595290586,0.0290251263436895,0.4415,0.00905
1576,1576,dens_1457706963514561052,421,Density,<Substance CC#N{solv}{x=0.500100}|c1ccccc1{solv}{x=0.499900}>,CC#N,c1ccccc1,Protein-Null-0.0.3-4-mer-AAQAA3-1E3-2-OPC3_opc3,2,0.8338891044651269,0.0002804217164192,0.8384600000000002,7.500000000000002e-05
1577,1577,dens_2111393000623474162,422,Density,<Substance CC#N{solv}{x=0.700200}|c1ccccc1{solv}{x=0.299800}>,CC#N,c1ccccc1,Protein-Null-0.0.3-4-mer-AAQAA3-1E3-2-OPC3_opc3,2,0.8156942394039511,0.0003061619220938,0.8174500000000002,7.500000000000002e-05
1578,1578,dens_201591193434833206,423,Density,<Substance CC(C)CC(C)(C)C{solv}{x=0.082400}|CCO{solv}{x=0.917600}>,CC(C)CC(C)(C)C,CCO,Protein-Null-0.0.3-4-mer-AAQAA3-1E3-2-OPC3_opc3,2,0.7640652776206905,0.0003333369589402,0.7605800000000003,0.000125
1579,1579,dhmix_371477530823830451,424,EnthalpyOfMixing,<Substance CC(C)CC(C)(C)C{solv}{x=0.761700}|CCO{solv}{x=0.238300}>,CC(C)CC(C)(C)C,CCO,Protein-Null-0.0.3-4-mer-AAQAA3-1E3-2-OPC3_opc3,2,0.5240104462771882,0.0512946917227827,0.634022,0.006851
1580,1580,dhmix_1127868571780691876,425,EnthalpyOfMixing,<Substance CC(C)CC(C)(C)C{solv}{x=0.515800}|CCO{solv}{x=0.484200}>,CC(C)CC(C)(C)C,CCO,Protein-Null-0.0.3-4-mer-AAQAA3-1E3-2-OPC3_opc3,2,0.7804857819051563,0.0399642505557133,0.638973,0.006903
1581,1581,dens_1250915879314267304,426,Density,<Substance CC(C)CC(C)(C)C{solv}{x=0.493740}|CCO{solv}{x=0.506260}>,CC(C)CC(C)(C)C,CCO,Protein-Null-0.0.3-4-mer-AAQAA3-1E3-2-OPC3_opc3,2,0.7249346401736303,0.0001562813198229,0.7110500000000001,7.500000000000002e-05
1582,1582,dens_1473791133383705310,427,Density,<Substance CC(C)CC(C)(C)C{solv}{x=0.735960}|CCO{solv}{x=0.264040}>,CC(C)CC(C)(C)C,CCO,Protein-Null-0.0.3-4-mer-AAQAA3-1E3-2-OPC3_opc3,2,0.7134040630867545,0.0002320355998084,0.6967900000000001,7.500000000000002e-05
1583,1583,dhmix_1870637719976274804,428,EnthalpyOfMixing,<Substance CC(C)CC(C)(C)C{solv}{x=0.081500}|CCO{solv}{x=0.918500}>,CC(C)CC(C)(C)C,CCO,Protein-Null-0.0.3-4-mer-AAQAA3-1E3-2-OPC3_opc3,2,0.3134677829594423,0.0396623848241864,0.197762,0.0022405
1584,1584,dens_202472488934755108,429,Density,<Substance CCC#N{solv}{x=0.301800}|CCOC(C)(C)C{solv}{x=0.698200}>,CCC#N,CCOC(C)(C)C,Protein-Null-0.0.3-4-mer-AAQAA3-1E3-2-OPC3_opc3,2,0.75797287188258,0.0002146395973921,0.7455000000000002,0.0002
1585,1585,dens_266175665931869051,430,Density,<Substance CCC#N{solv}{x=0.701400}|CCOC(C)(C)C{solv}{x=0.298600}>,CCC#N,CCOC(C)(C)C,Protein-Null-0.0.3-4-mer-AAQAA3-1E3-2-OPC3_opc3,2,0.7684106835819839,0.0002336702822183,0.7617000000000003,0.00035
1586,1586,dhmix_801664072836508009,431,EnthalpyOfMixing,<Substance CCC#N{solv}{x=0.301800}|CCOC(C)(C)C{solv}{x=0.698200}>,CCC#N,CCOC(C)(C)C,Protein-Null-0.0.3-4-mer-AAQAA3-1E3-2-OPC3_opc3,2,0.11986267034111,0.0444293058184648,0.4557,0.0062
1587,1587,dhmix_1220778152018571786,432,EnthalpyOfMixing,<Substance CCC#N{solv}{x=0.501400}|CCOC(C)(C)C{solv}{x=0.498600}>,CCC#N,CCOC(C)(C)C,Protein-Null-0.0.3-4-mer-AAQAA3-1E3-2-OPC3_opc3,2,0.1166980489868372,0.0439843386520813,0.5053,0.00685
1588,1588,dhmix_1838699488178562925,433,EnthalpyOfMixing,<Substance CCC#N{solv}{x=0.701400}|CCOC(C)(C)C{solv}{x=0.298600}>,CCC#N,CCOC(C)(C)C,Protein-Null-0.0.3-4-mer-AAQAA3-1E3-2-OPC3_opc3,2,0.069150478208984,0.0356265609443365,0.4078,0.0056
1589,1589,dens_1870081876609026392,434,Density,<Substance CCC#N{solv}{x=0.501400}|CCOC(C)(C)C{solv}{x=0.498600}>,CCC#N,CCOC(C)(C)C,Protein-Null-0.0.3-4-mer-AAQAA3-1E3-2-OPC3_opc3,2,0.7637892097670186,0.0002538191006151,0.7532000000000002,0.0003
1590,1590,dens_205210513551931414,435,Density,<Substance CCCC#N{solv}{x=0.200000}|c1ccccc1{solv}{x=0.800000}>,CCCC#N,c1ccccc1,Protein-Null-0.0.3-4-mer-AAQAA3-1E3-2-OPC3_opc3,2,0.8477499278878652,0.0002457880904108,0.8576940000000002,5.400000000000001e-05
1591,1591,dens_841576887891022329,436,Density,<Substance CCCC#N{solv}{x=0.500000}|c1ccccc1{solv}{x=0.500000}>,CCCC#N,c1ccccc1,Protein-Null-0.0.3-4-mer-AAQAA3-1E3-2-OPC3_opc3,2,0.8241011076250144,0.0002540902130082,0.8318550000000002,5.8000000000000014e-05
1592,1592,dhmix_901910638840590393,437,EnthalpyOfMixing,<Substance CCCC#N{solv}{x=0.503700}|c1ccccc1{solv}{x=0.496300}>,CCCC#N,c1ccccc1,Protein-Null-0.0.3-4-mer-AAQAA3-1E3-2-OPC3_opc3,2,-0.0634278049328003,0.0359353255840138,-0.0659,0.00145
1593,1593,dhmix_1123099162248680479,438,EnthalpyOfMixing,<Substance CCCC#N{solv}{x=0.752800}|c1ccccc1{solv}{x=0.247200}>,CCCC#N,c1ccccc1,Protein-Null-0.0.3-4-mer-AAQAA3-1E3-2-OPC3_opc3,2,-0.0794195859431852,0.0401207336469643,-0.0312,0.0008
1594,1594,dhmix_1318990508180847616,439,EnthalpyOfMixing,<Substance CCCC#N{solv}{x=0.252800}|c1ccccc1{solv}{x=0.747200}>,CCCC#N,c1ccccc1,Protein-Null-0.0.3-4-mer-AAQAA3-1E3-2-OPC3_opc3,2,-0.1281405436974552,0.0414166228434517,-0.0571,0.00125
1595,1595,dens_1950627772023797339,440,Density,<Substance CCCC#N{solv}{x=0.700000}|c1ccccc1{solv}{x=0.300000}>,CCCC#N,c1ccccc1,Protein-Null-0.0.3-4-mer-AAQAA3-1E3-2-OPC3_opc3,2,0.8088261476850725,0.0001655245744484,0.8138540000000002,6.100000000000001e-05
1596,1596,dhmix_207411229673186667,441,EnthalpyOfMixing,<Substance CC(C)(C)Cl{solv}{x=0.774700}|CC(C)OC(C)C{solv}{x=0.225300}>,CC(C)(C)Cl,CC(C)OC(C)C,Protein-Null-0.0.3-4-mer-AAQAA3-1E3-2-OPC3_opc3,2,-0.0328804638563013,0.0418072500939483,0.0035,0.0004
1597,1597,dhmix_263164663491745943,442,EnthalpyOfMixing,<Substance CC(C)(C)Cl{solv}{x=0.551200}|CC(C)OC(C)C{solv}{x=0.448800}>,CC(C)(C)Cl,CC(C)OC(C)C,Protein-Null-0.0.3-4-mer-AAQAA3-1E3-2-OPC3_opc3,2,-0.0904921211442655,0.0415889884683015,0.0071,0.0004
1598,1598,dens_1527979990628499053,443,Density,<Substance CC(C)(C)Cl{solv}{x=0.514800}|CC(C)OC(C)C{solv}{x=0.485200}>,CC(C)(C)Cl,CC(C)OC(C)C,Protein-Null-0.0.3-4-mer-AAQAA3-1E3-2-OPC3_opc3,2,0.7924825914715653,0.0002571554094299,0.7723510000000002,0.00042
1599,1599,dens_1616242241384486673,444,Density,<Substance CC(C)(C)Cl{solv}{x=0.715200}|CC(C)OC(C)C{solv}{x=0.284800}>,CC(C)(C)Cl,CC(C)OC(C)C,Protein-Null-0.0.3-4-mer-AAQAA3-1E3-2-OPC3_opc3,2,0.8168826486669949,0.0002952560319048,0.7971450000000002,0.0003945
1600,1600,dens_2075469437997722238,445,Density,<Substance CC(C)(C)Cl{solv}{x=0.199100}|CC(C)OC(C)C{solv}{x=0.800900}>,CC(C)(C)Cl,CC(C)OC(C)C,Protein-Null-0.0.3-4-mer-AAQAA3-1E3-2-OPC3_opc3,2,0.756325364463211,0.0002346363584143,0.7376660000000003,0.0004545
1601,1601,dhmix_2101531043492089277,446,EnthalpyOfMixing,<Substance CC(C)(C)Cl{solv}{x=0.219200}|CC(C)OC(C)C{solv}{x=0.780800}>,CC(C)(C)Cl,CC(C)OC(C)C,Protein-Null-0.0.3-4-mer-AAQAA3-1E3-2-OPC3_opc3,2,-0.0462586481075746,0.0357573068610297,0.007,0.0004
1602,1602,dens_210389881425986721,447,Density,<Substance C1COCO1{solv}{x=0.785000}|CCCCCC(C)=O{solv}{x=0.215000}>,C1COCO1,CCCCCC(C)=O,Protein-Null-0.0.3-4-mer-AAQAA3-1E3-2-OPC3_opc3,2,0.9850856988906096,0.0002407284665542,0.9696500000000002,0.0003
1603,1603,dhmix_503329310014436107,448,EnthalpyOfMixing,<Substance C1COCO1{solv}{x=0.750000}|CCCCCC(C)=O{solv}{x=0.250000}>,C1COCO1,CCCCCC(C)=O,Protein-Null-0.0.3-4-mer-AAQAA3-1E3-2-OPC3_opc3,2,0.4780794334955516,0.0417247257737251,0.37402,0.001955
1604,1604,dens_824084186033535550,449,Density,<Substance C1COCO1{solv}{x=0.507100}|CCCCCC(C)=O{solv}{x=0.492900}>,C1COCO1,CCCCCC(C)=O,Protein-Null-0.0.3-4-mer-AAQAA3-1E3-2-OPC3_opc3,2,0.89507724190618,0.0002472555769365,0.8936300000000003,0.00034
1605,1605,dens_839548343309182157,450,Density,<Substance C1COCO1{solv}{x=0.244000}|CCCCCC(C)=O{solv}{x=0.756000}>,C1COCO1,CCCCCC(C)=O,Protein-Null-0.0.3-4-mer-AAQAA3-1E3-2-OPC3_opc3,2,0.8377794239924692,0.0001599817639819,0.8445200000000002,0.00038
1606,1606,dhmix_1519451899562488304,451,EnthalpyOfMixing,<Substance C1COCO1{solv}{x=0.250000}|CCCCCC(C)=O{solv}{x=0.750000}>,C1COCO1,CCCCCC(C)=O,Protein-Null-0.0.3-4-mer-AAQAA3-1E3-2-OPC3_opc3,2,0.3072906332703411,0.0510706226471344,0.2754,0.00155
1607,1607,dhmix_1874814461447958752,452,EnthalpyOfMixing,<Substance C1COCO1{solv}{x=0.500000}|CCCCCC(C)=O{solv}{x=0.500000}>,C1COCO1,CCCCCC(C)=O,Protein-Null-0.0.3-4-mer-AAQAA3-1E3-2-OPC3_opc3,2,0.5921689667065806,0.0352495706747354,0.43148,0.00217
1608,1608,dhmix_219236717194413479,453,EnthalpyOfMixing,<Substance CCOc1ccccc1{solv}{x=0.762500}|OCCCc1ccccc1{solv}{x=0.237500}>,CCOc1ccccc1,OCCCc1ccccc1,Protein-Null-0.0.3-4-mer-AAQAA3-1E3-2-OPC3_opc3,2,0.9952734616670966,0.0492570764009667,1.1164,0.01195
1609,1609,dens_391027492102555874,454,Density,<Substance CCOc1ccccc1{solv}{x=0.515000}|OCCCc1ccccc1{solv}{x=0.485000}>,CCOc1ccccc1,OCCCc1ccccc1,Protein-Null-0.0.3-4-mer-AAQAA3-1E3-2-OPC3_opc3,2,0.9643179156707136,0.0001640653036551,0.9715100000000002,0.00026
1610,1610,dens_603450583692592837,455,Density,<Substance CCOc1ccccc1{solv}{x=0.707400}|OCCCc1ccccc1{solv}{x=0.292600}>,CCOc1ccccc1,OCCCc1ccccc1,Protein-Null-0.0.3-4-mer-AAQAA3-1E3-2-OPC3_opc3,2,0.9570793385203458,0.0001484025844762,0.9634300000000002,0.00026
1611,1611,dhmix_1297428070131435744,456,EnthalpyOfMixing,<Substance CCOc1ccccc1{solv}{x=0.516900}|OCCCc1ccccc1{solv}{x=0.483100}>,CCOc1ccccc1,OCCCc1ccccc1,Protein-Null-0.0.3-4-mer-AAQAA3-1E3-2-OPC3_opc3,2,0.7646718511463177,0.0483646144121913,0.989,0.0106
1612,1612,dens_1659818614169719187,457,Density,<Substance CCOc1ccccc1{solv}{x=0.216400}|OCCCc1ccccc1{solv}{x=0.783600}>,CCOc1ccccc1,OCCCc1ccccc1,Protein-Null-0.0.3-4-mer-AAQAA3-1E3-2-OPC3_opc3,2,0.975753173546952,0.0003495182879647,0.9832000000000004,0.00026
1613,1613,dhmix_2058966624473104004,458,EnthalpyOfMixing,<Substance CCOc1ccccc1{solv}{x=0.262900}|OCCCc1ccccc1{solv}{x=0.737100}>,CCOc1ccccc1,OCCCc1ccccc1,Protein-Null-0.0.3-4-mer-AAQAA3-1E3-2-OPC3_opc3,2,0.610688731092452,0.0653893983398727,0.7,0.00755
1614,1614,dhmix_224977805525763267,459,EnthalpyOfMixing,<Substance OCCO{solv}{x=0.519300}|O{solv}{x=0.480700}>,O,OCCO,Protein-Null-0.0.3-4-mer-AAQAA3-1E3-2-OPC3_opc3,2,-0.1646154503960444,0.0333359247008315,-0.64,0.0035
1615,1615,dhmix_454389511592218960,460,EnthalpyOfMixing,<Substance OCCO{solv}{x=0.790900}|O{solv}{x=0.209100}>,O,OCCO,Protein-Null-0.0.3-4-mer-AAQAA3-1E3-2-OPC3_opc3,2,-0.1607171457800404,0.0477450851043446,-0.347,0.0025
1616,1616,dens_624011570206871166,461,Density,<Substance OCCO{solv}{x=0.500560}|O{solv}{x=0.499440}>,O,OCCO,Protein-Null-0.0.3-4-mer-AAQAA3-1E3-2-OPC3_opc3,2,1.095363590586579,0.0003910911472718,1.0923200000000002,0.0005
1617,1617,dhmix_997365299263661959,462,EnthalpyOfMixing,<Substance OCCO{solv}{x=0.205100}|O{solv}{x=0.794900}>,O,OCCO,Protein-Null-0.0.3-4-mer-AAQAA3-1E3-2-OPC3_opc3,2,0.0741869648274828,0.0248446981983671,-0.681,0.004
1618,1618,dens_1521229282261002740,463,Density,<Substance OCCO{solv}{x=0.299010}|O{solv}{x=0.700990}>,O,OCCO,Protein-Null-0.0.3-4-mer-AAQAA3-1E3-2-OPC3_opc3,2,1.0748754239121558,0.0003346697854586,1.0735400000000002,0.0005
1619,1619,dens_2015496231826454735,464,Density,<Substance OCCO{solv}{x=0.706260}|O{solv}{x=0.293740}>,O,OCCO,Protein-Null-0.0.3-4-mer-AAQAA3-1E3-2-OPC3_opc3,2,1.1099658681548354,0.0003639620600699,1.1022400000000003,0.0005
1620,1620,dhmix_230261418136264651,465,EnthalpyOfMixing,<Substance CCCCOC(C)=O{solv}{x=0.700700}|CCOC(C)=O{solv}{x=0.299300}>,CCCCOC(C)=O,CCOC(C)=O,Protein-Null-0.0.3-4-mer-AAQAA3-1E3-2-OPC3_opc3,2,0.0133078764110301,0.0452598934118045,0.0594,0.001
1621,1621,dhmix_287092636460772443,466,EnthalpyOfMixing,<Substance CCCCOC(C)=O{solv}{x=0.501800}|CCOC(C)=O{solv}{x=0.498200}>,CCCCOC(C)=O,CCOC(C)=O,Protein-Null-0.0.3-4-mer-AAQAA3-1E3-2-OPC3_opc3,2,0.0249685465377353,0.0384819775036755,0.076,0.0012
1622,1622,dens_436289636626232396,467,Density,<Substance CCCCOC(C)=O{solv}{x=0.501800}|CCOC(C)=O{solv}{x=0.498200}>,CCCCOC(C)=O,CCOC(C)=O,Protein-Null-0.0.3-4-mer-AAQAA3-1E3-2-OPC3_opc3,2,0.8908730591387148,0.0002250951514367,0.8829000000000002,0.0002
1623,1623,dens_1739528506032569134,468,Density,<Substance CCCCOC(C)=O{solv}{x=0.201200}|CCOC(C)=O{solv}{x=0.798800}>,CCCCOC(C)=O,CCOC(C)=O,Protein-Null-0.0.3-4-mer-AAQAA3-1E3-2-OPC3_opc3,2,0.8988550430390352,0.0002679139453658,0.8889000000000001,0.0002
1624,1624,dhmix_1951544232160779982,469,EnthalpyOfMixing,<Substance CCCCOC(C)=O{solv}{x=0.201200}|CCOC(C)=O{solv}{x=0.798800}>,CCCCOC(C)=O,CCOC(C)=O,Protein-Null-0.0.3-4-mer-AAQAA3-1E3-2-OPC3_opc3,2,0.0330139754267264,0.0425638781103684,0.0524,0.0009
1625,1625,dens_2199004103648094822,470,Density,<Substance CCCCOC(C)=O{solv}{x=0.700700}|CCOC(C)=O{solv}{x=0.299300}>,CCCCOC(C)=O,CCOC(C)=O,Protein-Null-0.0.3-4-mer-AAQAA3-1E3-2-OPC3_opc3,2,0.8859651873941948,0.0002207940113201,0.8797000000000003,0.0002
1626,1626,dens_230610561971140401,471,Density,<Substance CN(C)CCO{solv}{x=0.507700}|O{solv}{x=0.492300}>,CN(C)CCO,O,Protein-Null-0.0.3-4-mer-AAQAA3-1E3-2-OPC3_opc3,2,0.9312410859802784,0.0005278932682317,0.9237220000000002,0.000504
1627,1627,dens_531222131704065782,472,Density,<Substance CN(C)CCO{solv}{x=0.765200}|O{solv}{x=0.234800}>,CN(C)CCO,O,Protein-Null-0.0.3-4-mer-AAQAA3-1E3-2-OPC3_opc3,2,0.9119506221543348,0.000209655938834,0.8989030000000002,0.0005805
1628,1628,dhmix_569544738684419327,473,EnthalpyOfMixing,<Substance CN(C)CCO{solv}{x=0.536500}|O{solv}{x=0.463500}>,CN(C)CCO,O,Protein-Null-0.0.3-4-mer-AAQAA3-1E3-2-OPC3_opc3,2,-2.614148911726808,0.0286444234046128,-2.575,0.0525
1629,1629,dens_1319192913326669904,474,Density,<Substance CN(C)CCO{solv}{x=0.264330}|O{solv}{x=0.735670}>,CN(C)CCO,O,Protein-Null-0.0.3-4-mer-AAQAA3-1E3-2-OPC3_opc3,2,0.959808266326726,0.0005768709996061,0.9590000000000002,0.0029
1630,1630,dhmix_1669606825693628140,475,EnthalpyOfMixing,<Substance CN(C)CCO{solv}{x=0.205200}|O{solv}{x=0.794800}>,CN(C)CCO,O,Protein-Null-0.0.3-4-mer-AAQAA3-1E3-2-OPC3_opc3,2,-2.0452695646309245,0.0229910379012854,-2.587,0.0525
1631,1631,dhmix_1723343163215510297,476,EnthalpyOfMixing,<Substance CN(C)CCO{solv}{x=0.799600}|O{solv}{x=0.200400}>,CN(C)CCO,O,Protein-Null-0.0.3-4-mer-AAQAA3-1E3-2-OPC3_opc3,2,-1.5480348425180637,0.0519338237708368,-1.247,0.0255
1632,1632,dens_233554406241639981,477,Density,<Substance CC(C)CC(C)(C)C{solv}{x=0.200000}|CCCCOCCCC{solv}{x=0.800000}>,CC(C)CC(C)(C)C,CCCCOCCCC,Protein-Null-0.0.3-4-mer-AAQAA3-1E3-2-OPC3_opc3,2,0.7476159741778906,0.0001745020496365,0.7497500000000001,0.00017
1633,1633,dhmix_465541682585001245,478,EnthalpyOfMixing,<Substance CC(C)CC(C)(C)C{solv}{x=0.200400}|CCCCOCCCC{solv}{x=0.799600}>,CC(C)CC(C)(C)C,CCCCOCCCC,Protein-Null-0.0.3-4-mer-AAQAA3-1E3-2-OPC3_opc3,2,0.1664999180838435,0.0564864941310978,0.07397,0.00099
1634,1634,dhmix_1505777056782392294,479,EnthalpyOfMixing,<Substance CC(C)CC(C)(C)C{solv}{x=0.400400}|CCCCOCCCC{solv}{x=0.599600}>,CC(C)CC(C)(C)C,CCCCOCCCC,Protein-Null-0.0.3-4-mer-AAQAA3-1E3-2-OPC3_opc3,2,0.4280364686354687,0.0497052586622793,0.11538,0.001385
1635,1635,dhmix_1595104467389948583,480,EnthalpyOfMixing,<Substance CC(C)CC(C)(C)C{solv}{x=0.700500}|CCCCOCCCC{solv}{x=0.299500}>,CC(C)CC(C)(C)C,CCCCOCCCC,Protein-Null-0.0.3-4-mer-AAQAA3-1E3-2-OPC3_opc3,2,0.2943199276539303,0.0491606477349705,0.10948,0.00133
1636,1636,dens_1672861274914038509,481,Density,<Substance CC(C)CC(C)(C)C{solv}{x=0.399700}|CCCCOCCCC{solv}{x=0.600300}>,CC(C)CC(C)(C)C,CCCCOCCCC,Protein-Null-0.0.3-4-mer-AAQAA3-1E3-2-OPC3_opc3,2,0.7373975775451912,0.0001739649291574,0.7348100000000001,0.000175
1637,1637,dens_1954694146948787176,482,Density,<Substance CC(C)CC(C)(C)C{solv}{x=0.700000}|CCCCOCCCC{solv}{x=0.300000}>,CC(C)CC(C)(C)C,CCCCOCCCC,Protein-Null-0.0.3-4-mer-AAQAA3-1E3-2-OPC3_opc3,2,0.7211394764660235,0.0001812665828812,0.7117300000000002,0.000185
1638,1638,dens_234746850701826990,483,Density,<Substance CC#N{solv}{x=0.700000}|CCCCCO{solv}{x=0.300000}>,CC#N,CCCCCO,Protein-Null-0.0.3-4-mer-AAQAA3-1E3-2-OPC3_opc3,2,0.7961395856802767,0.0002687868693091,0.7924200000000001,0.000165
1639,1639,dens_1261543146081029601,484,Density,<Substance CC#N{solv}{x=0.500300}|CCCCCO{solv}{x=0.499700}>,CC#N,CCCCCO,Protein-Null-0.0.3-4-mer-AAQAA3-1E3-2-OPC3_opc3,2,0.8023121466763845,0.0002452152116016,0.7996400000000001,0.000185
1640,1640,dens_1462197010819319813,485,Density,<Substance CC#N{solv}{x=0.203100}|CCCCCO{solv}{x=0.796900}>,CC#N,CCCCCO,Protein-Null-0.0.3-4-mer-AAQAA3-1E3-2-OPC3_opc3,2,0.8085021371246224,0.0001976347196936,0.8090600000000001,0.00022
1641,1641,dhmix_1595997756227951615,486,EnthalpyOfMixing,<Substance CC#N{solv}{x=0.235500}|CCCCCO{solv}{x=0.764500}>,CC#N,CCCCCO,Protein-Null-0.0.3-4-mer-AAQAA3-1E3-2-OPC3_opc3,2,1.413827041839518,0.0401705963775253,1.451,0.006
1642,1642,dhmix_1745037615762894827,487,EnthalpyOfMixing,<Substance CC#N{solv}{x=0.516700}|CCCCCO{solv}{x=0.483300}>,CC#N,CCCCCO,Protein-Null-0.0.3-4-mer-AAQAA3-1E3-2-OPC3_opc3,2,2.113875926610767,0.0379585275975434,2.017,0.008
1643,1643,dhmix_2294048253872291609,488,EnthalpyOfMixing,<Substance CC#N{solv}{x=0.771100}|CCCCCO{solv}{x=0.228900}>,CC#N,CCCCCO,Protein-Null-0.0.3-4-mer-AAQAA3-1E3-2-OPC3_opc3,2,1.6554251106936633,0.0309114446516669,1.656,0.007
1644,1644,dens_237912652331354824,489,Density,<Substance C1COCCO1{solv}{x=0.512200}|CCCC(C)=O{solv}{x=0.487800}>,C1COCCO1,CCCC(C)=O,Protein-Null-0.0.3-4-mer-AAQAA3-1E3-2-OPC3_opc3,2,0.8964301385338451,0.00023849614659,0.90478,0.00023
1645,1645,dhmix_951401191616771155,490,EnthalpyOfMixing,<Substance C1COCCO1{solv}{x=0.750000}|CCCC(C)=O{solv}{x=0.250000}>,C1COCCO1,CCCC(C)=O,Protein-Null-0.0.3-4-mer-AAQAA3-1E3-2-OPC3_opc3,2,0.2992659081849638,0.0317179906602415,0.23761,0.00135
1646,1646,dens_1815088975543208186,491,Density,<Substance C1COCCO1{solv}{x=0.225400}|CCCC(C)=O{solv}{x=0.774600}>,C1COCCO1,CCCC(C)=O,Protein-Null-0.0.3-4-mer-AAQAA3-1E3-2-OPC3_opc3,2,0.8300155003191578,0.0002194268292864,0.8442800000000001,0.00022
1647,1647,dens_2079717107234551519,492,Density,<Substance C1COCCO1{solv}{x=0.782300}|CCCC(C)=O{solv}{x=0.217700}>,C1COCCO1,CCCC(C)=O,Protein-Null-0.0.3-4-mer-AAQAA3-1E3-2-OPC3_opc3,2,0.967439750281498,0.0002879535750935,0.9692000000000004,0.000245
1648,1648,dhmix_2166059870593139530,493,EnthalpyOfMixing,<Substance C1COCCO1{solv}{x=0.500000}|CCCC(C)=O{solv}{x=0.500000}>,C1COCCO1,CCCC(C)=O,Protein-Null-0.0.3-4-mer-AAQAA3-1E3-2-OPC3_opc3,2,0.2566014738302016,0.0401847158546466,0.26523,0.001455
1649,1649,dhmix_2196150660196365471,494,EnthalpyOfMixing,<Substance C1COCCO1{solv}{x=0.250000}|CCCC(C)=O{solv}{x=0.750000}>,C1COCCO1,CCCC(C)=O,Protein-Null-0.0.3-4-mer-AAQAA3-1E3-2-OPC3_opc3,2,0.1433728776739613,0.0413900276460653,0.1704,0.001085
1650,1650,dhmix_243334109655928306,495,EnthalpyOfMixing,<Substance C1CCOCC1{solv}{x=0.783200}|c1ccccc1{solv}{x=0.216800}>,C1CCOCC1,c1ccccc1,Protein-Null-0.0.3-4-mer-AAQAA3-1E3-2-OPC3_opc3,2,-0.0289786068017292,0.0433863834372753,-0.1399,0.00165
1651,1651,dens_257753427541292519,496,Density,<Substance C1CCOCC1{solv}{x=0.479400}|c1ccccc1{solv}{x=0.520600}>,C1CCOCC1,c1ccccc1,Protein-Null-0.0.3-4-mer-AAQAA3-1E3-2-OPC3_opc3,2,0.8670082856628891,0.0002346792816643,0.8778700000000003,0.000505
1652,1652,dhmix_604341867718608333,497,EnthalpyOfMixing,<Substance C1CCOCC1{solv}{x=0.242500}|c1ccccc1{solv}{x=0.757500}>,C1CCOCC1,c1ccccc1,Protein-Null-0.0.3-4-mer-AAQAA3-1E3-2-OPC3_opc3,2,-0.051187293268299,0.0462016233998657,-0.1608,0.00185
1653,1653,dens_791001710124267373,498,Density,<Substance C1CCOCC1{solv}{x=0.223900}|c1ccccc1{solv}{x=0.776100}>,C1CCOCC1,c1ccccc1,Protein-Null-0.0.3-4-mer-AAQAA3-1E3-2-OPC3_opc3,2,0.8652850429216215,0.0002654737687603,0.8761000000000002,0.0005
1654,1654,dens_1402061243325720407,499,Density,<Substance C1CCOCC1{solv}{x=0.743200}|c1ccccc1{solv}{x=0.256800}>,C1CCOCC1,c1ccccc1,Protein-Null-0.0.3-4-mer-AAQAA3-1E3-2-OPC3_opc3,2,0.8685014909598883,0.0002680294577251,0.8789500000000002,0.000505
1655,1655,dhmix_1407142629314355761,500,EnthalpyOfMixing,<Substance C1CCOCC1{solv}{x=0.498200}|c1ccccc1{solv}{x=0.501800}>,C1CCOCC1,c1ccccc1,Protein-Null-0.0.3-4-mer-AAQAA3-1E3-2-OPC3_opc3,2,-0.041966469196339,0.0391474369920739,-0.2365,0.00265
1656,1656,dhmix_266800455813556356,501,EnthalpyOfMixing,<Substance CO{solv}{x=0.727200}|OCc1ccccc1{solv}{x=0.272800}>,CO,OCc1ccccc1,Protein-Null-0.0.3-4-mer-AAQAA3-1E3-2-OPC3_opc3,2,-0.0306179561596344,0.0344342662460085,-0.0792,0.001
1657,1657,dhmix_949671607207910651,502,EnthalpyOfMixing,<Substance CO{solv}{x=0.500500}|OCc1ccccc1{solv}{x=0.499500}>,CO,OCc1ccccc1,Protein-Null-0.0.3-4-mer-AAQAA3-1E3-2-OPC3_opc3,2,-0.1726418812497918,0.0380774031903836,-0.1408,0.00165
1658,1658,dhmix_1388744759732522219,503,EnthalpyOfMixing,<Substance CO{solv}{x=0.200200}|OCc1ccccc1{solv}{x=0.799800}>,CO,OCc1ccccc1,Protein-Null-0.0.3-4-mer-AAQAA3-1E3-2-OPC3_opc3,2,-0.0406722869493734,0.0516370010715541,-0.1081,0.0013
1659,1659,dens_270046772857960816,504,Density,<Substance C1CCOCC1{solv}{x=0.732100}|Cc1ccccc1{solv}{x=0.267900}>,C1CCOCC1,Cc1ccccc1,Protein-Null-0.0.3-4-mer-AAQAA3-1E3-2-OPC3_opc3,2,0.8641622518071388,0.0002461026742305,0.8754100000000001,0.000505
1660,1660,dens_324774743687652276,505,Density,<Substance C1CCOCC1{solv}{x=0.238700}|Cc1ccccc1{solv}{x=0.761300}>,C1CCOCC1,Cc1ccccc1,Protein-Null-0.0.3-4-mer-AAQAA3-1E3-2-OPC3_opc3,2,0.8543872677544823,0.0002259036334461,0.8669900000000003,0.000505
1661,1661,dhmix_390107187187002597,506,EnthalpyOfMixing,<Substance C1CCOCC1{solv}{x=0.531900}|Cc1ccccc1{solv}{x=0.468100}>,C1CCOCC1,Cc1ccccc1,Protein-Null-0.0.3-4-mer-AAQAA3-1E3-2-OPC3_opc3,2,-0.0908708300766392,0.0380333462598724,-0.2225,0.0025
1662,1662,dhmix_1070320975529400325,507,EnthalpyOfMixing,<Substance C1CCOCC1{solv}{x=0.280600}|Cc1ccccc1{solv}{x=0.719400}>,C1CCOCC1,Cc1ccccc1,Protein-Null-0.0.3-4-mer-AAQAA3-1E3-2-OPC3_opc3,2,-0.0974233310347045,0.0411016194462747,-0.1687,0.00195
1663,1663,dens_1397318239527979287,508,Density,<Substance C1CCOCC1{solv}{x=0.491500}|Cc1ccccc1{solv}{x=0.508500}>,C1CCOCC1,Cc1ccccc1,Protein-Null-0.0.3-4-mer-AAQAA3-1E3-2-OPC3_opc3,2,0.8589279658665707,0.0002288330181223,0.8715100000000002,0.000505
1664,1664,dhmix_1508130989501940613,509,EnthalpyOfMixing,<Substance C1CCOCC1{solv}{x=0.741300}|Cc1ccccc1{solv}{x=0.258700}>,C1CCOCC1,Cc1ccccc1,Protein-Null-0.0.3-4-mer-AAQAA3-1E3-2-OPC3_opc3,2,-0.0543022283518439,0.0451671453795635,-0.1629,0.0019
1665,1665,dhmix_271732469428717581,510,EnthalpyOfMixing,<Substance COc1ccccc1{solv}{x=0.237400}|OCCCc1ccccc1{solv}{x=0.762600}>,COc1ccccc1,OCCCc1ccccc1,Protein-Null-0.0.3-4-mer-AAQAA3-1E3-2-OPC3_opc3,2,0.4473628829002081,0.0505842096700496,0.6076,0.0066
1666,1666,dhmix_1174392275991455181,511,EnthalpyOfMixing,<Substance COc1ccccc1{solv}{x=0.554700}|OCCCc1ccccc1{solv}{x=0.445300}>,COc1ccccc1,OCCCc1ccccc1,Protein-Null-0.0.3-4-mer-AAQAA3-1E3-2-OPC3_opc3,2,0.9592025069376008,0.0499559521916156,1.0293,0.01105
1667,1667,dhmix_1179341622676685107,512,EnthalpyOfMixing,<Substance COc1ccccc1{solv}{x=0.713600}|OCCCc1ccccc1{solv}{x=0.286400}>,COc1ccccc1,OCCCc1ccccc1,Protein-Null-0.0.3-4-mer-AAQAA3-1E3-2-OPC3_opc3,2,1.1317429109710702,0.0453950813831452,1.1088,0.0119
1668,1668,dens_1468428612899754720,513,Density,<Substance COc1ccccc1{solv}{x=0.747700}|OCCCc1ccccc1{solv}{x=0.252300}>,COc1ccccc1,OCCCc1ccccc1,Protein-Null-0.0.3-4-mer-AAQAA3-1E3-2-OPC3_opc3,2,0.9729019192491836,0.0001974213646755,0.9827800000000002,0.00026
1669,1669,dens_1534619098234859574,514,Density,<Substance COc1ccccc1{solv}{x=0.555100}|OCCCc1ccccc1{solv}{x=0.444900}>,COc1ccccc1,OCCCc1ccccc1,Protein-Null-0.0.3-4-mer-AAQAA3-1E3-2-OPC3_opc3,2,0.976408692629024,0.0001779232232216,0.9852700000000002,0.00026
1670,1670,dens_2298154173340539222,515,Density,<Substance COc1ccccc1{solv}{x=0.263600}|OCCCc1ccccc1{solv}{x=0.736400}>,COc1ccccc1,OCCCc1ccccc1,Protein-Null-0.0.3-4-mer-AAQAA3-1E3-2-OPC3_opc3,2,0.979898775735293,0.0002164583435904,0.9885500000000002,0.00026
1671,1671,dens_274848672468745759,516,Density,<Substance CCCCOC(C)=O{solv}{x=0.293400}|c1ccccc1{solv}{x=0.706600}>,CCCCOC(C)=O,c1ccccc1,Protein-Null-0.0.3-4-mer-AAQAA3-1E3-2-OPC3_opc3,2,0.8699061923350007,0.0002706911411443,0.8736600000000002,0.00021
1672,1672,dens_493354132810710227,517,Density,<Substance CCCCOC(C)=O{solv}{x=0.710500}|c1ccccc1{solv}{x=0.289500}>,CCCCOC(C)=O,c1ccccc1,Protein-Null-0.0.3-4-mer-AAQAA3-1E3-2-OPC3_opc3,2,0.8758301347495374,0.0002308558440317,0.8751500000000002,0.000335
1673,1673,dhmix_754807126845437364,518,EnthalpyOfMixing,<Substance CCCCOC(C)=O{solv}{x=0.495800}|c1ccccc1{solv}{x=0.504200}>,CCCCOC(C)=O,c1ccccc1,Protein-Null-0.0.3-4-mer-AAQAA3-1E3-2-OPC3_opc3,2,-0.0750187515757261,0.046735932010323,-0.0245,0.001
1674,1674,dens_834118541551127044,519,Density,<Substance CCCCOC(C)=O{solv}{x=0.504400}|c1ccccc1{solv}{x=0.495600}>,CCCCOC(C)=O,c1ccccc1,Protein-Null-0.0.3-4-mer-AAQAA3-1E3-2-OPC3_opc3,2,0.8731498799960725,0.000242997115917,0.8744300000000002,0.000265
1675,1675,dhmix_1349932525480083284,520,EnthalpyOfMixing,<Substance CCCCOC(C)=O{solv}{x=0.252300}|c1ccccc1{solv}{x=0.747700}>,CCCCOC(C)=O,c1ccccc1,Protein-Null-0.0.3-4-mer-AAQAA3-1E3-2-OPC3_opc3,2,-0.1302699473566875,0.0438697454072562,-0.014,0.0009
1676,1676,dhmix_1597992980658352112,521,EnthalpyOfMixing,<Substance CCCCOC(C)=O{solv}{x=0.771400}|c1ccccc1{solv}{x=0.228600}>,CCCCOC(C)=O,c1ccccc1,Protein-Null-0.0.3-4-mer-AAQAA3-1E3-2-OPC3_opc3,2,-0.0856610441952376,0.0464213258050723,-0.0245,0.001
1677,1677,dens_275501958869207518,522,Density,<Substance C1CCOCC1{solv}{x=0.226300}|Cc1ccccc1Cl{solv}{x=0.773700}>,C1CCOCC1,Cc1ccccc1Cl,Protein-Null-0.0.3-4-mer-AAQAA3-1E3-2-OPC3_opc3,2,1.0332153892244444,0.0002498420768603,1.0396,0.0005
1678,1678,dhmix_818597523255588519,523,EnthalpyOfMixing,<Substance C1CCOCC1{solv}{x=0.753300}|Cc1ccccc1Cl{solv}{x=0.246700}>,C1CCOCC1,Cc1ccccc1Cl,Protein-Null-0.0.3-4-mer-AAQAA3-1E3-2-OPC3_opc3,2,-0.1759250440516098,0.0423230186379146,-0.154,0.001
1679,1679,dhmix_849121557716978550,524,EnthalpyOfMixing,<Substance C1CCOCC1{solv}{x=0.517500}|Cc1ccccc1Cl{solv}{x=0.482500}>,C1CCOCC1,Cc1ccccc1Cl,Protein-Null-0.0.3-4-mer-AAQAA3-1E3-2-OPC3_opc3,2,-0.2485212565364349,0.0440999361549711,-0.22,0.0015
1680,1680,dens_946978292781731327,525,Density,<Substance C1CCOCC1{solv}{x=0.478400}|Cc1ccccc1Cl{solv}{x=0.521600}>,C1CCOCC1,Cc1ccccc1Cl,Protein-Null-0.0.3-4-mer-AAQAA3-1E3-2-OPC3_opc3,2,0.9856149062176428,0.0002400000960158,0.9931600000000002,0.00051
1681,1681,dhmix_997266220336132741,526,EnthalpyOfMixing,<Substance C1CCOCC1{solv}{x=0.263200}|Cc1ccccc1Cl{solv}{x=0.736800}>,C1CCOCC1,Cc1ccccc1Cl,Protein-Null-0.0.3-4-mer-AAQAA3-1E3-2-OPC3_opc3,2,-0.2078820987942009,0.0436908878951946,-0.175,0.001
1682,1682,dens_1191185394819541532,527,Density,<Substance C1CCOCC1{solv}{x=0.765800}|Cc1ccccc1Cl{solv}{x=0.234200}>,C1CCOCC1,Cc1ccccc1Cl,Protein-Null-0.0.3-4-mer-AAQAA3-1E3-2-OPC3_opc3,2,0.9248342258005782,0.0002638001268486,0.9336500000000002,0.000505
1683,1683,dhmix_278334692660393021,528,EnthalpyOfMixing,<Substance CCCCCCC{solv}{x=0.205900}|CNc1ccccc1{solv}{x=0.794100}>,CCCCCCC,CNc1ccccc1,Protein-Null-0.0.3-4-mer-AAQAA3-1E3-2-OPC3_opc3,2,1.6723970745497567,0.0480185183865149,1.126,0.012
1684,1684,dens_480658478095207102,529,Density,<Substance CCCCCCC{solv}{x=0.740500}|CNc1ccccc1{solv}{x=0.259500}>,CCCCCCC,CNc1ccccc1,Protein-Null-0.0.3-4-mer-AAQAA3-1E3-2-OPC3_opc3,2,0.7332331614354136,0.0002230707294659,0.7424910000000001,0.00014
1685,1685,dhmix_898293423987680187,530,EnthalpyOfMixing,<Substance CCCCCCC{solv}{x=0.501700}|CNc1ccccc1{solv}{x=0.498300}>,CCCCCCC,CNc1ccccc1,Protein-Null-0.0.3-4-mer-AAQAA3-1E3-2-OPC3_opc3,2,1.9455165359819375,0.0443015818535747,1.676,0.018
1686,1686,dens_1509968737377061562,531,Density,<Substance CCCCCCC{solv}{x=0.250900}|CNc1ccccc1{solv}{x=0.749100}>,CCCCCCC,CNc1ccccc1,Protein-Null-0.0.3-4-mer-AAQAA3-1E3-2-OPC3_opc3,2,0.8930460878922851,0.0002079347309854,0.8897150000000003,0.0002615
1687,1687,dhmix_1680546488782143957,532,EnthalpyOfMixing,<Substance CCCCCCC{solv}{x=0.703200}|CNc1ccccc1{solv}{x=0.296800}>,CCCCCCC,CNc1ccccc1,Protein-Null-0.0.3-4-mer-AAQAA3-1E3-2-OPC3_opc3,2,1.9678972290357424,0.0493722171037392,1.539,0.0165
1688,1688,dens_2074014246120135820,533,Density,<Substance CCCCCCC{solv}{x=0.497000}|CNc1ccccc1{solv}{x=0.503000}>,CCCCCCC,CNc1ccccc1,Protein-Null-0.0.3-4-mer-AAQAA3-1E3-2-OPC3_opc3,2,0.8063584388603194,0.0001818891354808,0.8106920000000002,0.0001785
1689,1689,dens_296890921001565391,534,Density,<Substance CCCCN{solv}{x=0.755200}|CN(C)C=O{solv}{x=0.244800}>,CCCCN,CN(C)C=O,Protein-Null-0.0.3-4-mer-AAQAA3-1E3-2-OPC3_opc3,2,0.7942939822849616,0.0002503779471623,0.7762150000000002,0.000949
1690,1690,dens_380536870617309130,535,Density,<Substance CCCCN{solv}{x=0.242800}|CN(C)C=O{solv}{x=0.757200}>,CCCCN,CN(C)C=O,Protein-Null-0.0.3-4-mer-AAQAA3-1E3-2-OPC3_opc3,2,0.8762514416118344,0.0002393497195588,0.8845160000000002,0.0010795
1691,1691,dhmix_493117160214491795,536,EnthalpyOfMixing,<Substance CCCCN{solv}{x=0.244100}|CN(C)C=O{solv}{x=0.755900}>,CCCCN,CN(C)C=O,Protein-Null-0.0.3-4-mer-AAQAA3-1E3-2-OPC3_opc3,2,0.2778240982532551,0.0337786575804071,0.245,0.008
1692,1692,dhmix_789225002934078019,537,EnthalpyOfMixing,<Substance CCCCN{solv}{x=0.750200}|CN(C)C=O{solv}{x=0.249800}>,CCCCN,CN(C)C=O,Protein-Null-0.0.3-4-mer-AAQAA3-1E3-2-OPC3_opc3,2,0.412692375469156,0.044229599204136,0.32,0.01
1693,1693,dhmix_941321571782058819,538,EnthalpyOfMixing,<Substance CCCCN{solv}{x=0.499200}|CN(C)C=O{solv}{x=0.500800}>,CCCCN,CN(C)C=O,Protein-Null-0.0.3-4-mer-AAQAA3-1E3-2-OPC3_opc3,2,0.4278223048771963,0.0368066464454786,0.384,0.0115
1694,1694,dens_2179361372918836941,539,Density,<Substance CCCCN{solv}{x=0.497200}|CN(C)C=O{solv}{x=0.502800}>,CCCCN,CN(C)C=O,Protein-Null-0.0.3-4-mer-AAQAA3-1E3-2-OPC3_opc3,2,0.8341329507150967,0.0002578866317384,0.8277360000000001,0.001011
1695,1695,dens_300257448272323407,540,Density,<Substance CC(C)O{solv}{x=0.745200}|NCCN{solv}{x=0.254800}>,CC(C)O,NCCN,Protein-Null-0.0.3-4-mer-AAQAA3-1E3-2-OPC3_opc3,2,0.8490554389855822,0.0003223468673157,0.8163970000000003,0.0002325
1696,1696,dens_924750366683277351,541,Density,<Substance CC(C)O{solv}{x=0.203100}|NCCN{solv}{x=0.796900}>,CC(C)O,NCCN,Protein-Null-0.0.3-4-mer-AAQAA3-1E3-2-OPC3_opc3,2,0.9753316380267392,0.0003121655168131,0.8736620000000003,0.0002225
1697,1697,dens_2284409308160572308,542,Density,<Substance CC(C)O{solv}{x=0.489100}|NCCN{solv}{x=0.510900}>,CC(C)O,NCCN,Protein-Null-0.0.3-4-mer-AAQAA3-1E3-2-OPC3_opc3,2,0.9046793914272384,0.0004267172489277,0.8449250000000001,0.0002245
1698,1698,dens_305501840068636812,543,Density,<Substance CC(C)=O{solv}{x=0.750000}|CCO{solv}{x=0.250000}>,CC(C)=O,CCO,Protein-Null-0.0.3-4-mer-AAQAA3-1E3-2-OPC3_opc3,2,0.7736036137150202,0.0003047656535684,0.7859000000000002,0.000115
1699,1699,dens_472577738907297293,544,Density,<Substance CC(C)=O{solv}{x=0.250000}|CCO{solv}{x=0.750000}>,CC(C)=O,CCO,Protein-Null-0.0.3-4-mer-AAQAA3-1E3-2-OPC3_opc3,2,0.7820674853563447,0.0003209422502206,0.7861600000000002,0.000115
1700,1700,dens_2271083741716457850,545,Density,<Substance CC(C)=O{solv}{x=0.499900}|CCO{solv}{x=0.500100}>,CC(C)=O,CCO,Protein-Null-0.0.3-4-mer-AAQAA3-1E3-2-OPC3_opc3,2,0.7774920871518247,0.0003157692642298,0.7861900000000003,0.000115
1701,1701,dens_307445163336341047,546,Density,<Substance CN1CCCC1=O{solv}{x=0.703700}|ClCCCl{solv}{x=0.296300}>,CN1CCCC1=O,ClCCCl,Protein-Null-0.0.3-4-mer-AAQAA3-1E3-2-OPC3_opc3,2,1.0622012128577791,0.0002598488333787,1.0851000000000002,0.0002
1702,1702,dhmix_453866769634566853,547,EnthalpyOfMixing,<Substance CN1CCCC1=O{solv}{x=0.253100}|ClCCCl{solv}{x=0.746900}>,CN1CCCC1=O,ClCCCl,Protein-Null-0.0.3-4-mer-AAQAA3-1E3-2-OPC3_opc3,2,-0.1062591269305173,0.0359046486666822,-0.8118,0.01525
1703,1703,dhmix_536206650470008584,548,EnthalpyOfMixing,<Substance CN1CCCC1=O{solv}{x=0.500000}|ClCCCl{solv}{x=0.500000}>,CN1CCCC1=O,ClCCCl,Protein-Null-0.0.3-4-mer-AAQAA3-1E3-2-OPC3_opc3,2,-0.0345458956618003,0.0348676967217385,-1.264,0.0055
1704,1704,dens_1046625605566999080,549,Density,<Substance CN1CCCC1=O{solv}{x=0.202500}|ClCCCl{solv}{x=0.797500}>,CN1CCCC1=O,ClCCCl,Protein-Null-0.0.3-4-mer-AAQAA3-1E3-2-OPC3_opc3,2,1.1650615435767693,0.0004406384261389,1.1953000000000005,0.00025
1705,1705,dhmix_1620571823529677157,550,EnthalpyOfMixing,<Substance CN1CCCC1=O{solv}{x=0.736700}|ClCCCl{solv}{x=0.263300}>,CN1CCCC1=O,ClCCCl,Protein-Null-0.0.3-4-mer-AAQAA3-1E3-2-OPC3_opc3,2,-0.0816168433532844,0.0414114845133225,-0.8587,0.01605
1706,1706,dens_2059567022041766694,551,Density,<Substance CN1CCCC1=O{solv}{x=0.497500}|ClCCCl{solv}{x=0.502500}>,CN1CCCC1=O,ClCCCl,Protein-Null-0.0.3-4-mer-AAQAA3-1E3-2-OPC3_opc3,2,1.1057362560251525,0.0003014195921016,1.1283000000000003,0.0002
1707,1707,dens_313234519309892479,552,Density,<Substance CC(=O)N(C)C{solv}{x=0.293800}|CCCCCCCCCl{solv}{x=0.706200}>,CC(=O)N(C)C,CCCCCCCCCl,Protein-Null-0.0.3-4-mer-AAQAA3-1E3-2-OPC3_opc3,2,0.8674809627892653,0.0002037637889112,0.8796000000000003,0.00045
1708,1708,dhmix_444785917463403590,553,EnthalpyOfMixing,<Substance CC(=O)N(C)C{solv}{x=0.703000}|CCCCCCCCCl{solv}{x=0.297000}>,CC(=O)N(C)C,CCCCCCCCCl,Protein-Null-0.0.3-4-mer-AAQAA3-1E3-2-OPC3_opc3,2,0.9166383249467742,0.0442723357205518,0.751,0.004
1709,1709,dhmix_705168937124106402,554,EnthalpyOfMixing,<Substance CC(=O)N(C)C{solv}{x=0.215000}|CCCCCCCCCl{solv}{x=0.785000}>,CC(=O)N(C)C,CCCCCCCCCl,Protein-Null-0.0.3-4-mer-AAQAA3-1E3-2-OPC3_opc3,2,0.8049240557355404,0.0499576276277351,0.519,0.0035
1710,1710,dens_1549584991651515376,555,Density,<Substance CC(=O)N(C)C{solv}{x=0.502200}|CCCCCCCCCl{solv}{x=0.497800}>,CC(=O)N(C)C,CCCCCCCCCl,Protein-Null-0.0.3-4-mer-AAQAA3-1E3-2-OPC3_opc3,2,0.873347654298481,0.0001867665420137,0.8902000000000002,0.0004
1711,1711,dhmix_1732161251827083272,556,EnthalpyOfMixing,<Substance CC(=O)N(C)C{solv}{x=0.508000}|CCCCCCCCCl{solv}{x=0.492000}>,CC(=O)N(C)C,CCCCCCCCCl,Protein-Null-0.0.3-4-mer-AAQAA3-1E3-2-OPC3_opc3,2,1.033901238413641,0.0425734344300595,0.829,0.004
1712,1712,dens_2189889607118243828,557,Density,<Substance CC(=O)N(C)C{solv}{x=0.700500}|CCCCCCCCCl{solv}{x=0.299500}>,CC(=O)N(C)C,CCCCCCCCCl,Protein-Null-0.0.3-4-mer-AAQAA3-1E3-2-OPC3_opc3,2,0.8821668776122978,0.000217527156909,0.9041000000000002,0.00035
1713,1713,dens_314482396827660717,558,Density,<Substance BrCCBr{solv}{x=0.753700}|COC(C)=O{solv}{x=0.246300}>,BrCCBr,COC(C)=O,Protein-Null-0.0.3-4-mer-AAQAA3-1E3-2-OPC3_opc3,2,1.832477853766599,0.0006179475706623,1.8774400000000004,0.003355
1714,1714,dens_344993892965738820,559,Density,<Substance BrCCBr{solv}{x=0.275200}|COC(C)=O{solv}{x=0.724800}>,BrCCBr,COC(C)=O,Protein-Null-0.0.3-4-mer-AAQAA3-1E3-2-OPC3_opc3,2,1.278995616770324,0.0003806631004067,1.2862400000000005,0.001125
1715,1715,dhmix_545996968666061076,560,EnthalpyOfMixing,<Substance BrCCBr{solv}{x=0.720900}|COC(C)=O{solv}{x=0.279100}>,BrCCBr,COC(C)=O,Protein-Null-0.0.3-4-mer-AAQAA3-1E3-2-OPC3_opc3,2,-0.0941684731788194,0.0296029624929796,0.2594,0.0028
1716,1716,dens_714044009336077786,561,Density,<Substance BrCCBr{solv}{x=0.512100}|COC(C)=O{solv}{x=0.487900}>,BrCCBr,COC(C)=O,Protein-Null-0.0.3-4-mer-AAQAA3-1E3-2-OPC3_opc3,2,1.5604304566879847,0.0004234913923555,1.5834900000000005,0.0021
1717,1717,dhmix_1222511035002547253,562,EnthalpyOfMixing,<Substance BrCCBr{solv}{x=0.485500}|COC(C)=O{solv}{x=0.514500}>,BrCCBr,COC(C)=O,Protein-Null-0.0.3-4-mer-AAQAA3-1E3-2-OPC3_opc3,2,-0.0065406479501177,0.0336903045511224,0.2577,0.00275
1718,1718,dhmix_1418101673429653456,563,EnthalpyOfMixing,<Substance BrCCBr{solv}{x=0.250800}|COC(C)=O{solv}{x=0.749200}>,BrCCBr,COC(C)=O,Protein-Null-0.0.3-4-mer-AAQAA3-1E3-2-OPC3_opc3,2,-0.0836325315784023,0.0326135616712871,0.1202,0.0017
1719,1719,dens_314934747194338330,564,Density,<Substance CC(C)CCl{solv}{x=0.513700}|CC(C)OC(C)C{solv}{x=0.486300}>,CC(C)CCl,CC(C)OC(C)C,Protein-Null-0.0.3-4-mer-AAQAA3-1E3-2-OPC3_opc3,2,0.7934462496612349,0.0002516775125267,0.7878250000000002,0.000405
1720,1720,dhmix_355399496844187096,565,EnthalpyOfMixing,<Substance CC(C)CCl{solv}{x=0.545300}|CC(C)OC(C)C{solv}{x=0.454700}>,CC(C)CCl,CC(C)OC(C)C,Protein-Null-0.0.3-4-mer-AAQAA3-1E3-2-OPC3_opc3,2,-0.1602905373834673,0.0432128041307891,-0.0957,0.0012
1721,1721,dens_688062365117407068,566,Density,<Substance CC(C)CCl{solv}{x=0.805900}|CC(C)OC(C)C{solv}{x=0.194100}>,CC(C)CCl,CC(C)OC(C)C,Protein-Null-0.0.3-4-mer-AAQAA3-1E3-2-OPC3_opc3,2,0.8322296040077664,0.0003153541004111,0.8355300000000002,0.0003555
1722,1722,dhmix_1411881046585885461,567,EnthalpyOfMixing,<Substance CC(C)CCl{solv}{x=0.090700}|CC(C)OC(C)C{solv}{x=0.909300}>,CC(C)CCl,CC(C)OC(C)C,Protein-Null-0.0.3-4-mer-AAQAA3-1E3-2-OPC3_opc3,2,-0.072024378726585,0.0492621567461201,-0.0302,0.00055
1723,1723,dens_1762455266351712367,568,Density,<Substance CC(C)CCl{solv}{x=0.091000}|CC(C)OC(C)C{solv}{x=0.909000}>,CC(C)CCl,CC(C)OC(C)C,Protein-Null-0.0.3-4-mer-AAQAA3-1E3-2-OPC3_opc3,2,0.745617454881035,0.0002429619132917,0.7293950000000001,0.000464
1724,1724,dhmix_2302865667781063708,569,EnthalpyOfMixing,<Substance CC(C)CCl{solv}{x=0.727000}|CC(C)OC(C)C{solv}{x=0.273000}>,CC(C)CCl,CC(C)OC(C)C,Protein-Null-0.0.3-4-mer-AAQAA3-1E3-2-OPC3_opc3,2,-0.1192450835857243,0.0376136177378277,-0.0791,0.001
1725,1725,dens_321327254341950207,570,Density,<Substance C1COCCO1{solv}{x=0.780300}|CCCCCC(C)=O{solv}{x=0.219700}>,C1COCCO1,CCCCCC(C)=O,Protein-Null-0.0.3-4-mer-AAQAA3-1E3-2-OPC3_opc3,2,0.9564878401187924,0.0001695123965896,0.9576500000000002,0.0003
1726,1726,dens_377701756930918353,571,Density,<Substance C1COCCO1{solv}{x=0.500600}|CCCCCC(C)=O{solv}{x=0.499400}>,C1COCCO1,CCCCCC(C)=O,Protein-Null-0.0.3-4-mer-AAQAA3-1E3-2-OPC3_opc3,2,0.8860483470506803,0.0001856257727747,0.8916700000000002,0.000345
1727,1727,dhmix_600625644134907580,572,EnthalpyOfMixing,<Substance C1COCCO1{solv}{x=0.500000}|CCCCCC(C)=O{solv}{x=0.500000}>,C1COCCO1,CCCCCC(C)=O,Protein-Null-0.0.3-4-mer-AAQAA3-1E3-2-OPC3_opc3,2,0.4606850811576493,0.0452170351556545,0.4509,0.002255
1728,1728,dens_1451069448215305244,573,Density,<Substance C1COCCO1{solv}{x=0.220300}|CCCCCC(C)=O{solv}{x=0.779700}>,C1COCCO1,CCCCCC(C)=O,Protein-Null-0.0.3-4-mer-AAQAA3-1E3-2-OPC3_opc3,2,0.8326147668071837,0.0002106030917812,0.8420800000000003,0.000385
1729,1729,dhmix_2028813035406256788,574,EnthalpyOfMixing,<Substance C1COCCO1{solv}{x=0.750000}|CCCCCC(C)=O{solv}{x=0.250000}>,C1COCCO1,CCCCCC(C)=O,Protein-Null-0.0.3-4-mer-AAQAA3-1E3-2-OPC3_opc3,2,0.4762317080471518,0.0410885826050253,0.4064,0.00209
1730,1730,dhmix_2222211577832383320,575,EnthalpyOfMixing,<Substance C1COCCO1{solv}{x=0.250000}|CCCCCC(C)=O{solv}{x=0.750000}>,C1COCCO1,CCCCCC(C)=O,Protein-Null-0.0.3-4-mer-AAQAA3-1E3-2-OPC3_opc3,2,0.2802704919555339,0.049407927314599,0.2911,0.00164
1731,1731,dhmix_325212618372456630,576,EnthalpyOfMixing,<Substance CCCCCCC{solv}{x=0.500000}|c1ccccc1{solv}{x=0.500000}>,CCCCCCC,c1ccccc1,Protein-Null-0.0.3-4-mer-AAQAA3-1E3-2-OPC3_opc3,2,1.1773313848007092,0.0446909972917901,0.9235,0.0051
1732,1732,dhmix_409350268177199962,577,EnthalpyOfMixing,<Substance CCCCCCC{solv}{x=0.751900}|c1ccccc1{solv}{x=0.248100}>,CCCCCCC,c1ccccc1,Protein-Null-0.0.3-4-mer-AAQAA3-1E3-2-OPC3_opc3,2,0.7477194594430188,0.0479627848186345,0.6047,0.0035
1733,1733,dens_1685942387769177799,578,Density,<Substance CCCCCCC{solv}{x=0.913667}|c1ccccc1{solv}{x=0.086333}>,CCCCCCC,c1ccccc1,Protein-Null-0.0.3-4-mer-AAQAA3-1E3-2-OPC3_opc3,2,0.6772072202005719,0.0002248930103357,0.6892400000000002,0.000805
1734,1734,dens_2148382258223830900,579,Density,<Substance CCCCCCC{solv}{x=0.273700}|c1ccccc1{solv}{x=0.726300}>,CCCCCCC,c1ccccc1,Protein-Null-0.0.3-4-mer-AAQAA3-1E3-2-OPC3_opc3,2,0.7724865162475187,0.000272496526994,0.7855000000000002,0.00015
1735,1735,dens_2219829254239605828,580,Density,<Substance CCCCCCC{solv}{x=0.492200}|c1ccccc1{solv}{x=0.507800}>,CCCCCCC,c1ccccc1,Protein-Null-0.0.3-4-mer-AAQAA3-1E3-2-OPC3_opc3,2,0.7270279796365751,0.0001893859007115,0.7409000000000001,0.00015
1736,1736,dhmix_2296565820723783732,581,EnthalpyOfMixing,<Substance CCCCCCC{solv}{x=0.242400}|c1ccccc1{solv}{x=0.757600}>,CCCCCCC,c1ccccc1,Protein-Null-0.0.3-4-mer-AAQAA3-1E3-2-OPC3_opc3,2,1.0323712593709615,0.0415175513654311,0.7775,0.0044
1737,1737,dens_326446104630354701,582,Density,<Substance BrCCBr{solv}{x=0.728600}|CCC(=O)OC{solv}{x=0.271400}>,BrCCBr,CCC(=O)OC,Protein-Null-0.0.3-4-mer-AAQAA3-1E3-2-OPC3_opc3,2,1.7533260889314777,0.0006007590036692,1.7949900000000003,0.00303
1738,1738,dens_886315086380393150,583,Density,<Substance BrCCBr{solv}{x=0.494400}|CCC(=O)OC{solv}{x=0.505600}>,BrCCBr,CCC(=O)OC,Protein-Null-0.0.3-4-mer-AAQAA3-1E3-2-OPC3_opc3,2,1.4696737293958186,0.0004496526381115,1.4941800000000005,0.001825
1739,1739,dhmix_1410129135672303476,584,EnthalpyOfMixing,<Substance BrCCBr{solv}{x=0.491400}|CCC(=O)OC{solv}{x=0.508600}>,BrCCBr,CCC(=O)OC,Protein-Null-0.0.3-4-mer-AAQAA3-1E3-2-OPC3_opc3,2,-0.2515074019735372,0.0363921875834046,0.0195,0.00185
1740,1740,dhmix_1551714230583118668,585,EnthalpyOfMixing,<Substance BrCCBr{solv}{x=0.755400}|CCC(=O)OC{solv}{x=0.244600}>,BrCCBr,CCC(=O)OC,Protein-Null-0.0.3-4-mer-AAQAA3-1E3-2-OPC3_opc3,2,-0.0715941702569757,0.0319997137228996,0.09,0.00295
1741,1741,dhmix_1596310059176209101,586,EnthalpyOfMixing,<Substance BrCCBr{solv}{x=0.214800}|CCC(=O)OC{solv}{x=0.785200}>,BrCCBr,CCC(=O)OC,Protein-Null-0.0.3-4-mer-AAQAA3-1E3-2-OPC3_opc3,2,-0.2296274853887139,0.0392899040708975,-0.0281,0.002
1742,1742,dens_1860027304017736150,587,Density,<Substance BrCCBr{solv}{x=0.257000}|CCC(=O)OC{solv}{x=0.743000}>,BrCCBr,CCC(=O)OC,Protein-Null-0.0.3-4-mer-AAQAA3-1E3-2-OPC3_opc3,2,1.1932099447668552,0.0003068986668431,1.2059400000000002,0.000915
1743,1743,dhmix_334328961632702336,588,EnthalpyOfMixing,<Substance Cc1ccccc1N{solv}{x=0.492600}|Cc1cccnc1{solv}{x=0.507400}>,Cc1ccccc1N,Cc1cccnc1,Protein-Null-0.0.3-4-mer-AAQAA3-1E3-2-OPC3_opc3,2,-1.7219659112886752,0.0441537331047866,-1.4091,0.0287
1744,1744,dhmix_382843935535082222,589,EnthalpyOfMixing,<Substance Cc1ccccc1N{solv}{x=0.232300}|Cc1cccnc1{solv}{x=0.767700}>,Cc1ccccc1N,Cc1cccnc1,Protein-Null-0.0.3-4-mer-AAQAA3-1E3-2-OPC3_opc3,2,-1.3561530076072117,0.0431649711836739,-1.1196,0.02285
1745,1745,dens_890019852111400701,590,Density,<Substance Cc1ccccc1N{solv}{x=0.533600}|Cc1cccnc1{solv}{x=0.466400}>,Cc1ccccc1N,Cc1cccnc1,Protein-Null-0.0.3-4-mer-AAQAA3-1E3-2-OPC3_opc3,2,0.9891983856877948,0.0001742791514167,0.9795770000000004,0.0001185
1746,1746,dens_1033313642915027277,591,Density,<Substance Cc1ccccc1N{solv}{x=0.737200}|Cc1cccnc1{solv}{x=0.262800}>,Cc1ccccc1N,Cc1cccnc1,Protein-Null-0.0.3-4-mer-AAQAA3-1E3-2-OPC3_opc3,2,1.0032081933843109,0.000302711946972,0.9867010000000004,0.000118
1747,1747,dhmix_1057104304179164775,592,EnthalpyOfMixing,<Substance Cc1ccccc1N{solv}{x=0.778900}|Cc1cccnc1{solv}{x=0.221100}>,Cc1ccccc1N,Cc1cccnc1,Protein-Null-0.0.3-4-mer-AAQAA3-1E3-2-OPC3_opc3,2,-0.928006891395828,0.0541753865164486,-0.8735,0.01785
1748,1748,dens_1445313714023685702,593,Density,<Substance Cc1ccccc1N{solv}{x=0.246700}|Cc1cccnc1{solv}{x=0.753300}>,Cc1ccccc1N,Cc1cccnc1,Protein-Null-0.0.3-4-mer-AAQAA3-1E3-2-OPC3_opc3,2,0.9658886107311724,0.000243772318764,0.9668750000000004,0.00012
1749,1749,dens_335631113096608920,594,Density,<Substance CCC(C)=O{solv}{x=0.501800}|CCCCNCCCC{solv}{x=0.498200}>,CCC(C)=O,CCCCNCCCC,Protein-Null-0.0.3-4-mer-AAQAA3-1E3-2-OPC3_opc3,2,0.7641235644622015,0.0001902385656061,0.7693960000000002,9.950000000000003e-05
1750,1750,dhmix_551451232292287572,595,EnthalpyOfMixing,<Substance CCC(C)=O{solv}{x=0.215400}|CCCCNCCCC{solv}{x=0.784600}>,CCC(C)=O,CCCCNCCCC,Protein-Null-0.0.3-4-mer-AAQAA3-1E3-2-OPC3_opc3,2,0.1310705362188997,0.0498931793302978,0.417,0.0045
1751,1751,dens_800787154192710377,596,Density,<Substance CCC(C)=O{solv}{x=0.260300}|CCCCNCCCC{solv}{x=0.739700}>,CCC(C)=O,CCCCNCCCC,Protein-Null-0.0.3-4-mer-AAQAA3-1E3-2-OPC3_opc3,2,0.7603726575217817,0.0001889281866948,0.7614750000000002,0.0001005
1752,1752,dhmix_1210431916849512476,597,EnthalpyOfMixing,<Substance CCC(C)=O{solv}{x=0.504400}|CCCCNCCCC{solv}{x=0.495600}>,CCC(C)=O,CCCCNCCCC,Protein-Null-0.0.3-4-mer-AAQAA3-1E3-2-OPC3_opc3,2,0.1003108862429016,0.0514559551092866,0.619,0.0065
1753,1753,dhmix_1503682496766473076,598,EnthalpyOfMixing,<Substance CCC(C)=O{solv}{x=0.792200}|CCCCNCCCC{solv}{x=0.207800}>,CCC(C)=O,CCCCNCCCC,Protein-Null-0.0.3-4-mer-AAQAA3-1E3-2-OPC3_opc3,2,0.1287102552864354,0.0366894885075121,0.425,0.0045
1754,1754,dens_2232561341275312196,599,Density,<Substance CCC(C)=O{solv}{x=0.747300}|CCCCNCCCC{solv}{x=0.252700}>,CCC(C)=O,CCCCNCCCC,Protein-Null-0.0.3-4-mer-AAQAA3-1E3-2-OPC3_opc3,2,0.7693070377335246,0.0002441947080701,0.7810500000000001,9.750000000000004e-05
1755,1755,dhmix_335934546122425398,600,EnthalpyOfMixing,<Substance C1CCOCC1{solv}{x=0.550000}|O=C1CCCC1{solv}{x=0.450000}>,C1CCOCC1,O=C1CCCC1,Protein-Null-0.0.3-4-mer-AAQAA3-1E3-2-OPC3_opc3,2,0.0578601702386549,0.0391672820387492,0.15813,0.001
1756,1756,dhmix_337659115721770978,601,EnthalpyOfMixing,<Substance C1CCOCC1{solv}{x=0.250000}|O=C1CCCC1{solv}{x=0.750000}>,C1CCOCC1,O=C1CCCC1,Protein-Null-0.0.3-4-mer-AAQAA3-1E3-2-OPC3_opc3,2,0.108613821418757,0.0438523187851188,0.11325,0.00084
1757,1757,dens_579415285212890284,602,Density,<Substance C1CCOCC1{solv}{x=0.708000}|O=C1CCCC1{solv}{x=0.292000}>,C1CCOCC1,O=C1CCCC1,Protein-Null-0.0.3-4-mer-AAQAA3-1E3-2-OPC3_opc3,2,0.8820992893878912,0.0002453933729506,0.8972200000000002,0.00023
1758,1758,dens_788777315764582180,603,Density,<Substance C1CCOCC1{solv}{x=0.549800}|O=C1CCCC1{solv}{x=0.450200}>,C1CCOCC1,O=C1CCCC1,Protein-Null-0.0.3-4-mer-AAQAA3-1E3-2-OPC3_opc3,2,0.889726527011224,0.0001686178203785,0.9073000000000002,0.000235
1759,1759,dens_1539654406736576807,604,Density,<Substance C1CCOCC1{solv}{x=0.235400}|O=C1CCCC1{solv}{x=0.764600}>,C1CCOCC1,O=C1CCCC1,Protein-Null-0.0.3-4-mer-AAQAA3-1E3-2-OPC3_opc3,2,0.9048197972220968,0.0002310305836577,0.9281000000000004,0.00024
1760,1760,dhmix_1706969020375394315,605,EnthalpyOfMixing,<Substance C1CCOCC1{solv}{x=0.750000}|O=C1CCCC1{solv}{x=0.250000}>,C1CCOCC1,O=C1CCCC1,Protein-Null-0.0.3-4-mer-AAQAA3-1E3-2-OPC3_opc3,2,0.0997172781281037,0.0442450741628028,0.12811,0.000895
1761,1761,dens_337077748334497354,606,Density,<Substance CN1CCCCC1{solv}{x=0.245200}|O{solv}{x=0.754800}>,CN1CCCCC1,O,Protein-Null-0.0.3-4-mer-AAQAA3-1E3-2-OPC3_opc3,2,0.9006325262614396,0.0002497846000336,0.9038110000000004,9.700000000000004e-05
1762,1762,dens_1619467922469494964,607,Density,<Substance CN1CCCCC1{solv}{x=0.790700}|O{solv}{x=0.209300}>,CN1CCCCC1,O,Protein-Null-0.0.3-4-mer-AAQAA3-1E3-2-OPC3_opc3,2,0.8410786866451255,0.0001342984354271,0.8260470000000002,0.000108
1763,1763,dens_1725290505257505407,608,Density,<Substance CN1CCCCC1{solv}{x=0.505000}|O{solv}{x=0.495000}>,CN1CCCCC1,O,Protein-Null-0.0.3-4-mer-AAQAA3-1E3-2-OPC3_opc3,2,0.8648920786847981,0.0002195136201087,0.8581580000000002,9.450000000000002e-05
1764,1764,dhmix_344305070199657817,609,EnthalpyOfMixing,<Substance CC(C)CC(C)(C)C{solv}{x=0.200300}|CCCO{solv}{x=0.799700}>,CC(C)CC(C)(C)C,CCCO,Protein-Null-0.0.3-4-mer-AAQAA3-1E3-2-OPC3_opc3,2,0.3319542822992289,0.0367490229269212,0.308,0.0055
1765,1765,dens_1020839744665732433,610,Density,<Substance CC(C)CC(C)(C)C{solv}{x=0.200100}|CCCO{solv}{x=0.799900}>,CC(C)CC(C)(C)C,CCCO,Protein-Null-0.0.3-4-mer-AAQAA3-1E3-2-OPC3_opc3,2,0.7621315829139038,0.0002789991276659,0.7589500000000002,0.00029
1766,1766,dens_1348847431810734601,611,Density,<Substance CC(C)CC(C)(C)C{solv}{x=0.700000}|CCCO{solv}{x=0.300000}>,CC(C)CC(C)(C)C,CCCO,Protein-Null-0.0.3-4-mer-AAQAA3-1E3-2-OPC3_opc3,2,0.7188040387249846,0.0002140575684468,0.7046500000000001,0.00028
1767,1767,dhmix_1376194238727172922,612,EnthalpyOfMixing,<Substance CC(C)CC(C)(C)C{solv}{x=0.499800}|CCCO{solv}{x=0.500200}>,CC(C)CC(C)(C)C,CCCO,Protein-Null-0.0.3-4-mer-AAQAA3-1E3-2-OPC3_opc3,2,0.6265726774678626,0.0446715333588661,0.6025,0.0027
1768,1768,dhmix_1868873434415785592,613,EnthalpyOfMixing,<Substance CC(C)CC(C)(C)C{solv}{x=0.699900}|CCCO{solv}{x=0.300100}>,CC(C)CC(C)(C)C,CCCO,Protein-Null-0.0.3-4-mer-AAQAA3-1E3-2-OPC3_opc3,2,0.5678412595501356,0.0430124146563877,0.6544,0.0029
1769,1769,dens_1870552320710773195,614,Density,<Substance CC(C)CC(C)(C)C{solv}{x=0.500000}|CCCO{solv}{x=0.500000}>,CC(C)CC(C)(C)C,CCCO,Protein-Null-0.0.3-4-mer-AAQAA3-1E3-2-OPC3_opc3,2,0.7321301248205824,0.0002268562258094,0.7214400000000002,0.00028
1770,1770,dens_344701479262570906,615,Density,<Substance C1CCOCC1{solv}{x=0.246100}|Cc1cccnc1{solv}{x=0.753900}>,C1CCOCC1,Cc1cccnc1,Protein-Null-0.0.3-4-mer-AAQAA3-1E3-2-OPC3_opc3,2,0.9247491348642568,0.0002248730209058,0.9348570000000002,0.0004915
1771,1771,dhmix_772935681699310364,616,EnthalpyOfMixing,<Substance C1CCOCC1{solv}{x=0.480300}|Cc1cccnc1{solv}{x=0.519700}>,C1CCOCC1,Cc1cccnc1,Protein-Null-0.0.3-4-mer-AAQAA3-1E3-2-OPC3_opc3,2,0.0350277933464795,0.0427814139120886,0.1271,0.00115
1772,1772,dens_1179184695460672925,617,Density,<Substance C1CCOCC1{solv}{x=0.756800}|Cc1cccnc1{solv}{x=0.243200}>,C1CCOCC1,Cc1cccnc1,Protein-Null-0.0.3-4-mer-AAQAA3-1E3-2-OPC3_opc3,2,0.8870353755901074,0.0002272782035581,0.8976640000000002,0.0004655
1773,1773,dens_1273033541520518804,618,Density,<Substance C1CCOCC1{solv}{x=0.482700}|Cc1cccnc1{solv}{x=0.517300}>,C1CCOCC1,Cc1cccnc1,Protein-Null-0.0.3-4-mer-AAQAA3-1E3-2-OPC3_opc3,2,0.9071558222704078,0.000251228022749,0.9179640000000002,0.00048
1774,1774,dhmix_1594947441282636711,619,EnthalpyOfMixing,<Substance C1CCOCC1{solv}{x=0.735500}|Cc1cccnc1{solv}{x=0.264500}>,C1CCOCC1,Cc1cccnc1,Protein-Null-0.0.3-4-mer-AAQAA3-1E3-2-OPC3_opc3,2,0.0766579053795126,0.0469424416772096,0.0924,0.00095
1775,1775,dhmix_2075643137470349800,620,EnthalpyOfMixing,<Substance C1CCOCC1{solv}{x=0.273200}|Cc1cccnc1{solv}{x=0.726800}>,C1CCOCC1,Cc1cccnc1,Protein-Null-0.0.3-4-mer-AAQAA3-1E3-2-OPC3_opc3,2,0.042435083100095,0.0412590192660624,0.1036,0.001
1776,1776,dhmix_346841872844739570,621,EnthalpyOfMixing,<Substance CC#N{solv}{x=0.700700}|CCOC(C)(C)C{solv}{x=0.299300}>,CC#N,CCOC(C)(C)C,Protein-Null-0.0.3-4-mer-AAQAA3-1E3-2-OPC3_opc3,2,0.2717077985735887,0.0335379328941855,0.6176,0.0084
1777,1777,dhmix_840136828933604757,622,EnthalpyOfMixing,<Substance CC#N{solv}{x=0.199000}|CCOC(C)(C)C{solv}{x=0.801000}>,CC#N,CCOC(C)(C)C,Protein-Null-0.0.3-4-mer-AAQAA3-1E3-2-OPC3_opc3,2,0.0869814478190846,0.0510378440939061,0.4418,0.006
1778,1778,dhmix_1934525864391020215,623,EnthalpyOfMixing,<Substance CC#N{solv}{x=0.501600}|CCOC(C)(C)C{solv}{x=0.498400}>,CC#N,CCOC(C)(C)C,Protein-Null-0.0.3-4-mer-AAQAA3-1E3-2-OPC3_opc3,2,0.2783539489657896,0.0387444163469129,0.7098,0.00965
1779,1779,dens_1954735606040559695,624,Density,<Substance CC#N{solv}{x=0.700700}|CCOC(C)(C)C{solv}{x=0.299300}>,CC#N,CCOC(C)(C)C,Protein-Null-0.0.3-4-mer-AAQAA3-1E3-2-OPC3_opc3,2,0.7688182545224654,0.0002410972939957,0.7595000000000002,0.00045
1780,1780,dens_2173310521496796694,625,Density,<Substance CC#N{solv}{x=0.501600}|CCOC(C)(C)C{solv}{x=0.498400}>,CC#N,CCOC(C)(C)C,Protein-Null-0.0.3-4-mer-AAQAA3-1E3-2-OPC3_opc3,2,0.7631998610291069,0.0002631355529236,0.7510000000000002,0.00035
1781,1781,dens_2235331649530959984,626,Density,<Substance CC#N{solv}{x=0.199000}|CCOC(C)(C)C{solv}{x=0.801000}>,CC#N,CCOC(C)(C)C,Protein-Null-0.0.3-4-mer-AAQAA3-1E3-2-OPC3_opc3,2,0.7549356231207309,0.000246121094467,0.7408000000000001,0.00015
1782,1782,dhmix_355078149157572999,627,EnthalpyOfMixing,<Substance OCCOCCO{solv}{x=0.790600}|O{solv}{x=0.209400}>,O,OCCOCCO,Protein-Null-0.0.3-4-mer-AAQAA3-1E3-2-OPC3_opc3,2,-0.1024941373319734,0.0505167508736945,-0.521,0.003
1783,1783,dhmix_514261244195159379,628,EnthalpyOfMixing,<Substance OCCOCCO{solv}{x=0.300400}|O{solv}{x=0.699600}>,O,OCCOCCO,Protein-Null-0.0.3-4-mer-AAQAA3-1E3-2-OPC3_opc3,2,-0.457260370416868,0.0340202892441137,-1.245,0.0065
1784,1784,dhmix_1512634639127890343,629,EnthalpyOfMixing,<Substance OCCOCCO{solv}{x=0.501000}|O{solv}{x=0.499000}>,O,OCCOCCO,Protein-Null-0.0.3-4-mer-AAQAA3-1E3-2-OPC3_opc3,2,-0.5730415832170834,0.0467183401620443,-1.149,0.0065
1785,1785,dens_1532732041743097130,630,Density,<Substance OCCOCCO{solv}{x=0.500600}|O{solv}{x=0.499400}>,O,OCCOCCO,Protein-Null-0.0.3-4-mer-AAQAA3-1E3-2-OPC3_opc3,2,1.1106231431333258,0.0002721347947185,1.1070700000000002,0.00026
1786,1786,dens_1948924545926470959,631,Density,<Substance OCCOCCO{solv}{x=0.700300}|O{solv}{x=0.299700}>,O,OCCOCCO,Protein-Null-0.0.3-4-mer-AAQAA3-1E3-2-OPC3_opc3,2,1.120391321927502,0.0004025296638091,1.1111900000000003,0.000285
1787,1787,dens_2114974877291939954,632,Density,<Substance OCCOCCO{solv}{x=0.301000}|O{solv}{x=0.699000}>,O,OCCOCCO,Protein-Null-0.0.3-4-mer-AAQAA3-1E3-2-OPC3_opc3,2,1.0970476470334771,0.0003780948678846,1.0958900000000005,0.000305
1788,1788,dhmix_355690558520209737,633,EnthalpyOfMixing,<Substance CC(C)CC(C)(C)C{solv}{x=0.774800}|CC(C)OC(C)C{solv}{x=0.225200}>,CC(C)CC(C)(C)C,CC(C)OC(C)C,Protein-Null-0.0.3-4-mer-AAQAA3-1E3-2-OPC3_opc3,2,0.2365579853137802,0.0515763817489614,0.132161,0.001556
1789,1789,dens_706481868145479619,634,Density,<Substance CC(C)CC(C)(C)C{solv}{x=0.250000}|CC(C)OC(C)C{solv}{x=0.750000}>,CC(C)CC(C)(C)C,CC(C)OC(C)C,Protein-Null-0.0.3-4-mer-AAQAA3-1E3-2-OPC3_opc3,2,0.7263077653908382,0.0001986781571609,0.7090800000000002,0.000155
1790,1790,dens_960755156711549154,635,Density,<Substance CC(C)CC(C)(C)C{solv}{x=0.750000}|CC(C)OC(C)C{solv}{x=0.250000}>,CC(C)CC(C)(C)C,CC(C)OC(C)C,Protein-Null-0.0.3-4-mer-AAQAA3-1E3-2-OPC3_opc3,2,0.7116606366643313,0.0002038984721691,0.6937500000000002,0.000155
1791,1791,dens_1165117582450092341,636,Density,<Substance CC(C)CC(C)(C)C{solv}{x=0.500900}|CC(C)OC(C)C{solv}{x=0.499100}>,CC(C)CC(C)(C)C,CC(C)OC(C)C,Protein-Null-0.0.3-4-mer-AAQAA3-1E3-2-OPC3_opc3,2,0.718186256724064,0.0002089731437698,0.7005900000000002,0.000105
1792,1792,dhmix_1819714300540494359,637,EnthalpyOfMixing,<Substance CC(C)CC(C)(C)C{solv}{x=0.512500}|CC(C)OC(C)C{solv}{x=0.487500}>,CC(C)CC(C)(C)C,CC(C)OC(C)C,Protein-Null-0.0.3-4-mer-AAQAA3-1E3-2-OPC3_opc3,2,0.4084057253261903,0.0466766919119151,0.197047,0.002233
1793,1793,dhmix_2031984064821599856,638,EnthalpyOfMixing,<Substance CC(C)CC(C)(C)C{solv}{x=0.269300}|CC(C)OC(C)C{solv}{x=0.730700}>,CC(C)CC(C)(C)C,CC(C)OC(C)C,Protein-Null-0.0.3-4-mer-AAQAA3-1E3-2-OPC3_opc3,2,0.4100409430604514,0.0473280184616209,0.158983,0.0018345
1794,1794,dens_357198687829738077,639,Density,<Substance C1CCOCC1{solv}{x=0.223500}|CCCCCC(C)=O{solv}{x=0.776500}>,C1CCOCC1,CCCCCC(C)=O,Protein-Null-0.0.3-4-mer-AAQAA3-1E3-2-OPC3_opc3,2,0.8098031054452834,0.0002130312401593,0.8221200000000002,0.000375
1795,1795,dens_1074719884132299485,640,Density,<Substance C1CCOCC1{solv}{x=0.516600}|CCCCCC(C)=O{solv}{x=0.483400}>,C1CCOCC1,CCCCCC(C)=O,Protein-Null-0.0.3-4-mer-AAQAA3-1E3-2-OPC3_opc3,2,0.8278074078067822,0.000219062335768,0.8396100000000002,0.00032
1796,1796,dens_1427208283653313137,641,Density,<Substance C1CCOCC1{solv}{x=0.710100}|CCCCCC(C)=O{solv}{x=0.289900}>,C1CCOCC1,CCCCCC(C)=O,Protein-Null-0.0.3-4-mer-AAQAA3-1E3-2-OPC3_opc3,2,0.8419538118632223,0.0002374778933273,0.8534200000000002,0.000285
1797,1797,dhmix_1485904869507380555,642,EnthalpyOfMixing,<Substance C1CCOCC1{solv}{x=0.500000}|CCCCCC(C)=O{solv}{x=0.500000}>,C1CCOCC1,CCCCCC(C)=O,Protein-Null-0.0.3-4-mer-AAQAA3-1E3-2-OPC3_opc3,2,0.096633870271674,0.0489223141859097,0.05773,0.000615
1798,1798,dhmix_1931504734279468677,643,EnthalpyOfMixing,<Substance C1CCOCC1{solv}{x=0.250000}|CCCCCC(C)=O{solv}{x=0.750000}>,C1CCOCC1,CCCCCC(C)=O,Protein-Null-0.0.3-4-mer-AAQAA3-1E3-2-OPC3_opc3,2,0.1197277724367609,0.0427874529969792,0.03429,0.00053
1799,1799,dhmix_2296263041755700053,644,EnthalpyOfMixing,<Substance C1CCOCC1{solv}{x=0.750000}|CCCCCC(C)=O{solv}{x=0.250000}>,C1CCOCC1,CCCCCC(C)=O,Protein-Null-0.0.3-4-mer-AAQAA3-1E3-2-OPC3_opc3,2,0.2097631097838146,0.0452985273442324,0.05587,0.00061
1800,1800,dhmix_357499987240135169,645,EnthalpyOfMixing,<Substance CCCCC{solv}{x=0.772700}|CCCCOC=O{solv}{x=0.227300}>,CCCCC,CCCCOC=O,Protein-Null-0.0.3-4-mer-AAQAA3-1E3-2-OPC3_opc3,2,1.0868517289617614,0.0370549755211722,0.87,0.004
1801,1801,dens_435201289177646286,646,Density,<Substance CCCCC{solv}{x=0.504200}|CCCCOC=O{solv}{x=0.495800}>,CCCCC,CCCCOC=O,Protein-Null-0.0.3-4-mer-AAQAA3-1E3-2-OPC3_opc3,2,0.7505453667287848,0.0002324903626649,0.7523000000000001,0.00024
1802,1802,dens_635752291929824010,647,Density,<Substance CCCCC{solv}{x=0.699000}|CCCCOC=O{solv}{x=0.301000}>,CCCCC,CCCCOC=O,Protein-Null-0.0.3-4-mer-AAQAA3-1E3-2-OPC3_opc3,2,0.6916662015877015,0.0002557127178899,0.6994600000000002,0.00018
1803,1803,dhmix_869493303716364153,648,EnthalpyOfMixing,<Substance CCCCC{solv}{x=0.490500}|CCCCOC=O{solv}{x=0.509500}>,CCCCC,CCCCOC=O,Protein-Null-0.0.3-4-mer-AAQAA3-1E3-2-OPC3_opc3,2,1.2057683947294322,0.0301849576342496,0.959,0.004
1804,1804,dhmix_1188548276416925178,649,EnthalpyOfMixing,<Substance CCCCC{solv}{x=0.246000}|CCCCOC=O{solv}{x=0.754000}>,CCCCC,CCCCOC=O,Protein-Null-0.0.3-4-mer-AAQAA3-1E3-2-OPC3_opc3,2,0.7071008411084208,0.0483733149050807,0.632,0.003
1805,1805,dens_1944800378076074966,650,Density,<Substance CCCCC{solv}{x=0.247100}|CCCCOC=O{solv}{x=0.752900}>,CCCCC,CCCCOC=O,Protein-Null-0.0.3-4-mer-AAQAA3-1E3-2-OPC3_opc3,2,0.8265190874661553,0.000229709798811,0.8221800000000001,0.000375
1806,1806,dhmix_357740737126275220,651,EnthalpyOfMixing,<Substance CC(=O)N(C)C{solv}{x=0.212000}|CCCCCl{solv}{x=0.788000}>,CC(=O)N(C)C,CCCCCl,Protein-Null-0.0.3-4-mer-AAQAA3-1E3-2-OPC3_opc3,2,0.5314250609077646,0.0417244679939189,0.244,0.0025
1807,1807,dens_563556088097831353,652,Density,<Substance CC(=O)N(C)C{solv}{x=0.499000}|CCCCCl{solv}{x=0.501000}>,CC(=O)N(C)C,CCCCCl,Protein-Null-0.0.3-4-mer-AAQAA3-1E3-2-OPC3_opc3,2,0.8818583850036132,0.0002728144403787,0.9081000000000002,0.0002
1808,1808,dens_1083232356130752567,653,Density,<Substance CC(=O)N(C)C{solv}{x=0.799700}|CCCCCl{solv}{x=0.200300}>,CC(=O)N(C)C,CCCCCl,Protein-Null-0.0.3-4-mer-AAQAA3-1E3-2-OPC3_opc3,2,0.8941357223224808,0.0002408449834866,0.9247000000000004,0.0002
1809,1809,dhmix_1487887746912587509,654,EnthalpyOfMixing,<Substance CC(=O)N(C)C{solv}{x=0.708000}|CCCCCl{solv}{x=0.292000}>,CC(=O)N(C)C,CCCCCl,Protein-Null-0.0.3-4-mer-AAQAA3-1E3-2-OPC3_opc3,2,0.5929559983111368,0.0386581948448975,0.305,0.0025
1810,1810,dens_1662749398344255132,655,Density,<Substance CC(=O)N(C)C{solv}{x=0.210500}|CCCCCl{solv}{x=0.789500}>,CC(=O)N(C)C,CCCCCl,Protein-Null-0.0.3-4-mer-AAQAA3-1E3-2-OPC3_opc3,2,0.8675665620206986,0.000346594324772,0.8918000000000001,0.0002
1811,1811,dhmix_2085343422065298965,656,EnthalpyOfMixing,<Substance CC(=O)N(C)C{solv}{x=0.511000}|CCCCCl{solv}{x=0.489000}>,CC(=O)N(C)C,CCCCCl,Protein-Null-0.0.3-4-mer-AAQAA3-1E3-2-OPC3_opc3,2,0.6862214020545885,0.0379133419697433,0.363,0.0025
1812,1812,dhmix_359626193748497849,657,EnthalpyOfMixing,<Substance C1CCOCC1{solv}{x=0.750000}|O=C1CCCCC1{solv}{x=0.250000}>,C1CCOCC1,O=C1CCCCC1,Protein-Null-0.0.3-4-mer-AAQAA3-1E3-2-OPC3_opc3,2,0.0028508181155899,0.0435192782626722,0.07698,0.00069
1813,1813,dhmix_709905971434026360,658,EnthalpyOfMixing,<Substance C1CCOCC1{solv}{x=0.250000}|O=C1CCCCC1{solv}{x=0.750000}>,C1CCOCC1,O=C1CCCCC1,Protein-Null-0.0.3-4-mer-AAQAA3-1E3-2-OPC3_opc3,2,0.2081648467721137,0.044678654823573,0.05827,0.00062
1814,1814,dens_996263306280392228,659,Density,<Substance C1CCOCC1{solv}{x=0.500900}|O=C1CCCCC1{solv}{x=0.499100}>,C1CCOCC1,O=C1CCCCC1,Protein-Null-0.0.3-4-mer-AAQAA3-1E3-2-OPC3_opc3,2,0.8954416195298309,0.0002210829163777,0.9160300000000002,0.000505
1815,1815,dens_1296485655493191092,660,Density,<Substance C1CCOCC1{solv}{x=0.247100}|O=C1CCCCC1{solv}{x=0.752900}>,C1CCOCC1,O=C1CCCCC1,Protein-Null-0.0.3-4-mer-AAQAA3-1E3-2-OPC3_opc3,2,0.907778134657058,0.0001988624253485,0.9305900000000004,0.000505
1816,1816,dhmix_1617652800437548554,661,EnthalpyOfMixing,<Substance C1CCOCC1{solv}{x=0.500000}|O=C1CCCCC1{solv}{x=0.500000}>,C1CCOCC1,O=C1CCCCC1,Protein-Null-0.0.3-4-mer-AAQAA3-1E3-2-OPC3_opc3,2,0.0961563770958093,0.037040305575408,0.08658,0.000725
1817,1817,dens_2134919398794801459,662,Density,<Substance C1CCOCC1{solv}{x=0.738900}|O=C1CCCCC1{solv}{x=0.261100}>,C1CCOCC1,O=C1CCCCC1,Protein-Null-0.0.3-4-mer-AAQAA3-1E3-2-OPC3_opc3,2,0.8832313940606626,0.0001900701260807,0.9000800000000002,0.000505
1818,1818,dens_371429494256072686,663,Density,<Substance COC=O{solv}{x=0.513800}|ClCCCCl{solv}{x=0.486200}>,COC=O,ClCCCCl,Protein-Null-0.0.3-4-mer-AAQAA3-1E3-2-OPC3_opc3,2,1.0895657336151416,0.0003997656221388,1.08831,0.00025
1819,1819,dens_416463243686186519,664,Density,<Substance COC=O{solv}{x=0.738400}|ClCCCCl{solv}{x=0.261600}>,COC=O,ClCCCCl,Protein-Null-0.0.3-4-mer-AAQAA3-1E3-2-OPC3_opc3,2,1.049978907967856,0.0003414603281749,1.03754,0.0002
1820,1820,dhmix_573570621261992547,665,EnthalpyOfMixing,<Substance COC=O{solv}{x=0.767400}|ClCCCCl{solv}{x=0.232600}>,COC=O,ClCCCCl,Protein-Null-0.0.3-4-mer-AAQAA3-1E3-2-OPC3_opc3,2,0.6504153715931134,0.0319792923548248,0.2841,0.0015
1821,1821,dens_1665007650151393058,666,Density,<Substance COC=O{solv}{x=0.244000}|ClCCCCl{solv}{x=0.756000}>,COC=O,ClCCCCl,Protein-Null-0.0.3-4-mer-AAQAA3-1E3-2-OPC3_opc3,2,1.1264451722182611,0.0002781435820104,1.1395000000000002,0.0003
1822,1822,dhmix_2050640017895200777,667,EnthalpyOfMixing,<Substance COC=O{solv}{x=0.502400}|ClCCCCl{solv}{x=0.497600}>,COC=O,ClCCCCl,Protein-Null-0.0.3-4-mer-AAQAA3-1E3-2-OPC3_opc3,2,0.882364093636717,0.0360512040348274,0.3503,0.00175
1823,1823,dhmix_2121310957223924646,668,EnthalpyOfMixing,<Substance COC=O{solv}{x=0.202400}|ClCCCCl{solv}{x=0.797600}>,COC=O,ClCCCCl,Protein-Null-0.0.3-4-mer-AAQAA3-1E3-2-OPC3_opc3,2,0.5391980192956822,0.0341299705634025,0.2064,0.0012
1824,1824,dens_380799246642881225,669,Density,<Substance Cc1ccncc1{solv}{x=0.500000}|O{solv}{x=0.500000}>,Cc1ccncc1,O,Protein-Null-0.0.3-4-mer-AAQAA3-1E3-2-OPC3_opc3,2,0.9533075192772076,0.0003110566619587,0.9704000000000004,0.0005
1825,1825,dens_1024460369591354985,670,Density,<Substance Cc1ccncc1{solv}{x=0.225000}|O{solv}{x=0.775000}>,Cc1ccncc1,O,Protein-Null-0.0.3-4-mer-AAQAA3-1E3-2-OPC3_opc3,2,0.9667307164506148,0.0003899282819542,0.9848000000000002,0.0004
1826,1826,dens_1867704914487230306,671,Density,<Substance Cc1ccncc1{solv}{x=0.750000}|O{solv}{x=0.250000}>,Cc1ccncc1,O,Protein-Null-0.0.3-4-mer-AAQAA3-1E3-2-OPC3_opc3,2,0.94933138793817,0.0002543992424488,0.9614000000000004,0.0004
1827,1827,dhmix_396839331496923568,672,EnthalpyOfMixing,<Substance CCCOC(=O)CC{solv}{x=0.237600}|ClCCCl{solv}{x=0.762400}>,CCCOC(=O)CC,ClCCCl,Protein-Null-0.0.3-4-mer-AAQAA3-1E3-2-OPC3_opc3,2,-0.2204998246097478,0.0365790106845371,-0.317,0.0035
1828,1828,dens_1025242301432619836,673,Density,<Substance CCCOC(=O)CC{solv}{x=0.518800}|ClCCCl{solv}{x=0.481200}>,CCCOC(=O)CC,ClCCCl,Protein-Null-0.0.3-4-mer-AAQAA3-1E3-2-OPC3_opc3,2,0.9940890135587532,0.0003189179859508,1.0064000000000002,0.000905
1829,1829,dens_1654149510571748883,674,Density,<Substance CCCOC(=O)CC{solv}{x=0.731600}|ClCCCl{solv}{x=0.268400}>,CCCOC(=O)CC,ClCCCl,Protein-Null-0.0.3-4-mer-AAQAA3-1E3-2-OPC3_opc3,2,0.9350535397598568,0.000224732658961,0.9416300000000002,0.00041
1830,1830,dens_1804016971158746429,675,Density,<Substance CCCOC(=O)CC{solv}{x=0.243700}|ClCCCl{solv}{x=0.756300}>,CCCOC(=O)CC,ClCCCl,Protein-Null-0.0.3-4-mer-AAQAA3-1E3-2-OPC3_opc3,2,1.0903739061537416,0.0004176150750724,1.11431,0.002155
1831,1831,dhmix_1840109043188951916,676,EnthalpyOfMixing,<Substance CCCOC(=O)CC{solv}{x=0.517700}|ClCCCl{solv}{x=0.482300}>,CCCOC(=O)CC,ClCCCl,Protein-Null-0.0.3-4-mer-AAQAA3-1E3-2-OPC3_opc3,2,-0.268020595873601,0.0409819249940957,-0.557,0.006
1832,1832,dhmix_1924188358781329171,677,EnthalpyOfMixing,<Substance CCCOC(=O)CC{solv}{x=0.787400}|ClCCCl{solv}{x=0.212600}>,CCCOC(=O)CC,ClCCCl,Protein-Null-0.0.3-4-mer-AAQAA3-1E3-2-OPC3_opc3,2,-0.1303032846635687,0.047336742183601,-0.357,0.004
1833,1833,dhmix_408170436877433675,678,EnthalpyOfMixing,<Substance CCCCC{solv}{x=0.229800}|CCOC=O{solv}{x=0.770200}>,CCCCC,CCOC=O,Protein-Null-0.0.3-4-mer-AAQAA3-1E3-2-OPC3_opc3,2,1.116873727412468,0.0387422023244777,1.016,0.0045
1834,1834,dens_1159257310358090227,679,Density,<Substance CCCCC{solv}{x=0.748000}|CCOC=O{solv}{x=0.252000}>,CCCCC,CCOC=O,Protein-Null-0.0.3-4-mer-AAQAA3-1E3-2-OPC3_opc3,2,0.663281968660543,0.0002578687355813,0.6707000000000002,0.000165
1835,1835,dhmix_1897634982824334825,680,EnthalpyOfMixing,<Substance CCCCC{solv}{x=0.500100}|CCOC=O{solv}{x=0.499900}>,CCCCC,CCOC=O,Protein-Null-0.0.3-4-mer-AAQAA3-1E3-2-OPC3_opc3,2,1.625623959410582,0.0384016493026996,1.354,0.0055
1836,1836,dens_1931965346092446599,681,Density,<Substance CCCCC{solv}{x=0.504000}|CCOC=O{solv}{x=0.496000}>,CCCCC,CCOC=O,Protein-Null-0.0.3-4-mer-AAQAA3-1E3-2-OPC3_opc3,2,0.7354966294473881,0.0002891587804882,0.7333000000000002,0.00024
1837,1837,dens_2086304425324215507,682,Density,<Substance CCCCC{solv}{x=0.298000}|CCOC=O{solv}{x=0.702000}>,CCCCC,CCOC=O,Protein-Null-0.0.3-4-mer-AAQAA3-1E3-2-OPC3_opc3,2,0.8082474647635829,0.0003165147208541,0.7971000000000003,0.000345
1838,1838,dhmix_2117998354372981576,683,EnthalpyOfMixing,<Substance CCCCC{solv}{x=0.777900}|CCOC=O{solv}{x=0.222100}>,CCCCC,CCOC=O,Protein-Null-0.0.3-4-mer-AAQAA3-1E3-2-OPC3_opc3,2,1.4105547687316005,0.0460477845938263,1.051,0.0045
1839,1839,dens_415189671276159712,684,Density,<Substance NCCO{solv}{x=0.785350}|c1ccncc1{solv}{x=0.214650}>,NCCO,c1ccncc1,Protein-Null-0.0.3-4-mer-AAQAA3-1E3-2-OPC3_opc3,2,1.0502720333012097,0.0004150346408703,1.002592,0.000101
1840,1840,dhmix_607563797490786343,685,EnthalpyOfMixing,<Substance NCCO{solv}{x=0.559360}|c1ccncc1{solv}{x=0.440640}>,NCCO,c1ccncc1,Protein-Null-0.0.3-4-mer-AAQAA3-1E3-2-OPC3_opc3,2,0.752598661653991,0.0405471727285912,0.824,0.0035
1841,1841,dhmix_783614050589043390,686,EnthalpyOfMixing,<Substance NCCO{solv}{x=0.248120}|c1ccncc1{solv}{x=0.751880}>,NCCO,c1ccncc1,Protein-Null-0.0.3-4-mer-AAQAA3-1E3-2-OPC3_opc3,2,0.7776613762648141,0.0360236261778349,0.779,0.0035
1842,1842,dens_907288549206652702,687,Density,<Substance NCCO{solv}{x=0.558640}|c1ccncc1{solv}{x=0.441360}>,NCCO,c1ccncc1,Protein-Null-0.0.3-4-mer-AAQAA3-1E3-2-OPC3_opc3,2,1.0246122117086096,0.0002526847728934,0.9936870000000002,0.0001015
1843,1843,dhmix_1092036220949585875,688,EnthalpyOfMixing,<Substance NCCO{solv}{x=0.746780}|c1ccncc1{solv}{x=0.253220}>,NCCO,c1ccncc1,Protein-Null-0.0.3-4-mer-AAQAA3-1E3-2-OPC3_opc3,2,0.8901083011755659,0.0389962944928701,0.612,0.003
1844,1844,dens_2278246591298089898,689,Density,<Substance NCCO{solv}{x=0.210010}|c1ccncc1{solv}{x=0.789990}>,NCCO,c1ccncc1,Protein-Null-0.0.3-4-mer-AAQAA3-1E3-2-OPC3_opc3,2,0.9925480651451912,0.0001786620534208,0.9825660000000004,0.0001015
1845,1845,dens_419188249264987147,690,Density,<Substance CCCCC(=O)OCC{solv}{x=0.492100}|CCOC(C)=O{solv}{x=0.507900}>,CCCCC(=O)OCC,CCOC(C)=O,Protein-Null-0.0.3-4-mer-AAQAA3-1E3-2-OPC3_opc3,2,0.8843079113627511,0.0002062473723305,0.8787300000000002,0.00012
1846,1846,dens_667714041205021070,691,Density,<Substance CCCCC(=O)OCC{solv}{x=0.304700}|CCOC(C)=O{solv}{x=0.695300}>,CCCCC(=O)OCC,CCOC(C)=O,Protein-Null-0.0.3-4-mer-AAQAA3-1E3-2-OPC3_opc3,2,0.8913392241172373,0.0002120486875594,0.8836400000000002,0.00012
1847,1847,dhmix_1137774316856842141,692,EnthalpyOfMixing,<Substance CCCCC(=O)OCC{solv}{x=0.737600}|CCOC(C)=O{solv}{x=0.262400}>,CCCCC(=O)OCC,CCOC(C)=O,Protein-Null-0.0.3-4-mer-AAQAA3-1E3-2-OPC3_opc3,2,0.0810987345930254,0.0483259483501251,0.114,0.0015
1848,1848,dhmix_1322441082145072072,693,EnthalpyOfMixing,<Substance CCCCC(=O)OCC{solv}{x=0.279900}|CCOC(C)=O{solv}{x=0.720100}>,CCCCC(=O)OCC,CCOC(C)=O,Protein-Null-0.0.3-4-mer-AAQAA3-1E3-2-OPC3_opc3,2,0.1069949997690287,0.0435942706535078,0.139,0.0015
1849,1849,dens_1682638395920841051,694,Density,<Substance CCCCC(=O)OCC{solv}{x=0.752600}|CCOC(C)=O{solv}{x=0.247400}>,CCCCC(=O)OCC,CCOC(C)=O,Protein-Null-0.0.3-4-mer-AAQAA3-1E3-2-OPC3_opc3,2,0.8762283509355764,0.0002019116862846,0.8732900000000001,0.00012
1850,1850,dhmix_2161842751879945948,695,EnthalpyOfMixing,<Substance CCCCC(=O)OCC{solv}{x=0.519800}|CCOC(C)=O{solv}{x=0.480200}>,CCCCC(=O)OCC,CCOC(C)=O,Protein-Null-0.0.3-4-mer-AAQAA3-1E3-2-OPC3_opc3,2,0.1202331833998293,0.0467078793595253,0.154,0.002
1851,1851,dhmix_419593950323214290,696,EnthalpyOfMixing,<Substance CCCCCC(C)=O{solv}{x=0.780400}|CCN(CC)CC{solv}{x=0.219600}>,CCCCCC(C)=O,CCN(CC)CC,Protein-Null-0.0.3-4-mer-AAQAA3-1E3-2-OPC3_opc3,2,0.1432249693936711,0.0511102685601549,0.216,0.0025
1852,1852,dens_651921010645567431,697,Density,<Substance CCCCCC(C)=O{solv}{x=0.259800}|CCN(CC)CC{solv}{x=0.740200}>,CCCCCC(C)=O,CCN(CC)CC,Protein-Null-0.0.3-4-mer-AAQAA3-1E3-2-OPC3_opc3,2,0.7454635371884858,0.0002065032550711,0.7465820000000002,8.950000000000002e-05
1853,1853,dens_995831511901627711,698,Density,<Substance CCCCCC(C)=O{solv}{x=0.748400}|CCN(CC)CC{solv}{x=0.251600}>,CCCCCC(C)=O,CCN(CC)CC,Protein-Null-0.0.3-4-mer-AAQAA3-1E3-2-OPC3_opc3,2,0.7811428014656114,0.000198902549073,0.7899410000000002,0.0001055
1854,1854,dhmix_1001984601109558110,699,EnthalpyOfMixing,<Substance CCCCCC(C)=O{solv}{x=0.492000}|CCN(CC)CC{solv}{x=0.508000}>,CCCCCC(C)=O,CCN(CC)CC,Protein-Null-0.0.3-4-mer-AAQAA3-1E3-2-OPC3_opc3,2,0.3560375173915204,0.0524791385270801,0.419,0.0045
1855,1855,dens_1887829851815986883,700,Density,<Substance CCCCCC(C)=O{solv}{x=0.503200}|CCN(CC)CC{solv}{x=0.496800}>,CCCCCC(C)=O,CCN(CC)CC,Protein-Null-0.0.3-4-mer-AAQAA3-1E3-2-OPC3_opc3,2,0.7632812429607453,0.0001833125510617,0.7684760000000002,9.800000000000002e-05
1856,1856,dhmix_2085744568401562111,701,EnthalpyOfMixing,<Substance CCCCCC(C)=O{solv}{x=0.293900}|CCN(CC)CC{solv}{x=0.706100}>,CCCCCC(C)=O,CCN(CC)CC,Protein-Null-0.0.3-4-mer-AAQAA3-1E3-2-OPC3_opc3,2,0.2488666584329735,0.0485454181706041,0.412,0.0045
1857,1857,dens_436049638479549968,702,Density,<Substance COC=O{solv}{x=0.472500}|ClCCCl{solv}{x=0.527500}>,COC=O,ClCCCl,Protein-Null-0.0.3-4-mer-AAQAA3-1E3-2-OPC3_opc3,2,1.118191180011716,0.0004313300807008,1.1269600000000004,0.000285
1858,1858,dens_627145458965592302,703,Density,<Substance COC=O{solv}{x=0.753000}|ClCCCl{solv}{x=0.247000}>,COC=O,ClCCCl,Protein-Null-0.0.3-4-mer-AAQAA3-1E3-2-OPC3_opc3,2,1.0578846954413612,0.0003983493070851,1.0461600000000004,0.000205
1859,1859,dhmix_731680623269260416,704,EnthalpyOfMixing,<Substance COC=O{solv}{x=0.250800}|ClCCCl{solv}{x=0.749200}>,COC=O,ClCCCl,Protein-Null-0.0.3-4-mer-AAQAA3-1E3-2-OPC3_opc3,2,0.6403071495182289,0.0318871373412364,0.0793,0.0007
1860,1860,dens_1488543630772933598,705,Density,<Substance COC=O{solv}{x=0.279500}|ClCCCl{solv}{x=0.720500}>,COC=O,ClCCCl,Protein-Null-0.0.3-4-mer-AAQAA3-1E3-2-OPC3_opc3,2,1.153800138289966,0.0004724908468062,1.1777100000000005,0.00034
1861,1861,dhmix_2170321998768851974,706,EnthalpyOfMixing,<Substance COC=O{solv}{x=0.732200}|ClCCCl{solv}{x=0.267800}>,COC=O,ClCCCl,Protein-Null-0.0.3-4-mer-AAQAA3-1E3-2-OPC3_opc3,2,0.6513812898909315,0.0333757442946397,0.0733,0.00065
1862,1862,dhmix_2249001225536869896,707,EnthalpyOfMixing,<Substance COC=O{solv}{x=0.487400}|ClCCCl{solv}{x=0.512600}>,COC=O,ClCCCl,Protein-Null-0.0.3-4-mer-AAQAA3-1E3-2-OPC3_opc3,2,0.8222418620136818,0.0322639526720901,0.1028,0.0008
1863,1863,dhmix_442816374747487477,708,EnthalpyOfMixing,<Substance NCCCNCCCN{solv}{x=0.801500}|O{solv}{x=0.198500}>,NCCCNCCCN,O,Protein-Null-0.0.3-4-mer-AAQAA3-1E3-2-OPC3_opc3,2,-1.3420075635112658,0.0856631820312759,-2.233,0.024
1864,1864,dhmix_1795382205757805615,709,EnthalpyOfMixing,<Substance NCCCNCCCN{solv}{x=0.300500}|O{solv}{x=0.699500}>,NCCCNCCCN,O,Protein-Null-0.0.3-4-mer-AAQAA3-1E3-2-OPC3_opc3,2,-4.859217969517893,0.0349042395638821,-6.588,0.07
1865,1865,dhmix_1814950732748396893,710,EnthalpyOfMixing,<Substance NCCCNCCCN{solv}{x=0.499800}|O{solv}{x=0.500200}>,NCCCNCCCN,O,Protein-Null-0.0.3-4-mer-AAQAA3-1E3-2-OPC3_opc3,2,-4.063913294529421,0.0401006449503196,-5.544,0.059
1866,1866,dhmix_446869196417408130,711,EnthalpyOfMixing,<Substance NCCNCCO{solv}{x=0.770000}|O{solv}{x=0.230000}>,NCCNCCO,O,Protein-Null-0.0.3-4-mer-AAQAA3-1E3-2-OPC3_opc3,2,-1.5541516949923275,0.0418184368895926,-1.711,0.035
1867,1867,dhmix_673839467313503071,712,EnthalpyOfMixing,<Substance NCCNCCO{solv}{x=0.069900}|O{solv}{x=0.930100}>,NCCNCCO,O,Protein-Null-0.0.3-4-mer-AAQAA3-1E3-2-OPC3_opc3,2,-1.0562832687846893,0.0243318209631346,-1.713,0.035
1868,1868,dens_688094438561771555,713,Density,<Substance NCCNCCO{solv}{x=0.799700}|O{solv}{x=0.200300}>,NCCNCCO,O,Protein-Null-0.0.3-4-mer-AAQAA3-1E3-2-OPC3_opc3,2,1.0834125623448658,0.0001625470363141,1.0318300000000002,0.00024
1869,1869,dhmix_1682883323293489147,714,EnthalpyOfMixing,<Substance NCCNCCO{solv}{x=0.400100}|O{solv}{x=0.599900}>,NCCNCCO,O,Protein-Null-0.0.3-4-mer-AAQAA3-1E3-2-OPC3_opc3,2,-2.6889993619499037,0.032797510928654,-4.15,0.0845
1870,1870,dens_2045176885611624977,715,Density,<Substance NCCNCCO{solv}{x=0.070000}|O{solv}{x=0.930000}>,NCCNCCO,O,Protein-Null-0.0.3-4-mer-AAQAA3-1E3-2-OPC3_opc3,2,1.0359817688671744,0.000411438374964,1.0222800000000003,0.000125
1871,1871,dens_2280714043292214506,716,Density,<Substance NCCNCCO{solv}{x=0.399700}|O{solv}{x=0.600300}>,NCCNCCO,O,Protein-Null-0.0.3-4-mer-AAQAA3-1E3-2-OPC3_opc3,2,1.0757706655810286,0.0003701260528122,1.0370100000000002,0.00017
1872,1872,dens_448105363780466270,717,Density,<Substance CCCCCCCl{solv}{x=0.498300}|CN(C)C=O{solv}{x=0.501700}>,CCCCCCCl,CN(C)C=O,Protein-Null-0.0.3-4-mer-AAQAA3-1E3-2-OPC3_opc3,2,0.8805588238681039,0.0002257635826495,0.8974000000000002,0.0003
1873,1873,dens_1134260732394863277,718,Density,<Substance CCCCCCCl{solv}{x=0.729300}|CN(C)C=O{solv}{x=0.270700}>,CCCCCCCl,CN(C)C=O,Protein-Null-0.0.3-4-mer-AAQAA3-1E3-2-OPC3_opc3,2,0.870388990793182,0.000274795829092,0.8844000000000002,0.0003
1874,1874,dhmix_1150917243327149472,719,EnthalpyOfMixing,<Substance CCCCCCCl{solv}{x=0.500000}|CN(C)C=O{solv}{x=0.500000}>,CCCCCCCl,CN(C)C=O,Protein-Null-0.0.3-4-mer-AAQAA3-1E3-2-OPC3_opc3,2,1.251364123798055,0.0392698340577971,0.847,0.004
1875,1875,dhmix_1166656674614639609,720,EnthalpyOfMixing,<Substance CCCCCCCl{solv}{x=0.204000}|CN(C)C=O{solv}{x=0.796000}>,CCCCCCCl,CN(C)C=O,Protein-Null-0.0.3-4-mer-AAQAA3-1E3-2-OPC3_opc3,2,0.8085577580690995,0.0380327776760605,0.583,0.004
1876,1876,dhmix_1262474968830454367,721,EnthalpyOfMixing,<Substance CCCCCCCl{solv}{x=0.795000}|CN(C)C=O{solv}{x=0.205000}>,CCCCCCCl,CN(C)C=O,Protein-Null-0.0.3-4-mer-AAQAA3-1E3-2-OPC3_opc3,2,0.8877482177029208,0.0329656564960672,0.542,0.0035
1877,1877,dens_1862934255267356180,722,Density,<Substance CCCCCCCl{solv}{x=0.200700}|CN(C)C=O{solv}{x=0.799300}>,CCCCCCCl,CN(C)C=O,Protein-Null-0.0.3-4-mer-AAQAA3-1E3-2-OPC3_opc3,2,0.900614958611605,0.0002574087370262,0.9218000000000002,0.00025
1878,1878,dhmix_457000181442392641,723,EnthalpyOfMixing,<Substance CCOCCO{solv}{x=0.241100}|c1ccccc1{solv}{x=0.758900}>,CCOCCO,c1ccccc1,Protein-Null-0.0.3-4-mer-AAQAA3-1E3-2-OPC3_opc3,2,0.6015466069351305,0.0394987496507626,0.6303,0.00815
1879,1879,dhmix_501726034520661035,724,EnthalpyOfMixing,<Substance CCOCCO{solv}{x=0.733600}|c1ccccc1{solv}{x=0.266400}>,CCOCCO,c1ccccc1,Protein-Null-0.0.3-4-mer-AAQAA3-1E3-2-OPC3_opc3,2,0.2577565936665422,0.0460998226345308,0.2326,0.0033
1880,1880,dens_577983044895299238,725,Density,<Substance CCOCCO{solv}{x=0.251800}|c1ccccc1{solv}{x=0.748200}>,CCOCCO,c1ccccc1,Protein-Null-0.0.3-4-mer-AAQAA3-1E3-2-OPC3_opc3,2,0.878198974705274,0.0002388820433258,0.8849000000000002,0.00081
1881,1881,dens_1506946378386070831,726,Density,<Substance CCOCCO{solv}{x=0.750800}|c1ccccc1{solv}{x=0.249200}>,CCOCCO,c1ccccc1,Protein-Null-0.0.3-4-mer-AAQAA3-1E3-2-OPC3_opc3,2,0.909300849023721,0.0002221987071841,0.9134500000000004,0.000685
1882,1882,dhmix_1801594081157333975,727,EnthalpyOfMixing,<Substance CCOCCO{solv}{x=0.478600}|c1ccccc1{solv}{x=0.521400}>,CCOCCO,c1ccccc1,Protein-Null-0.0.3-4-mer-AAQAA3-1E3-2-OPC3_opc3,2,0.5194687931122104,0.0401408145472059,0.4912,0.00645
1883,1883,dens_2128846755225827916,728,Density,<Substance CCOCCO{solv}{x=0.504800}|c1ccccc1{solv}{x=0.495200}>,CCOCCO,c1ccccc1,Protein-Null-0.0.3-4-mer-AAQAA3-1E3-2-OPC3_opc3,2,0.8940017874534099,0.0001973347919911,0.8995700000000003,0.000745
1884,1884,dhmix_466383569529620932,729,EnthalpyOfMixing,<Substance CC(=O)N(C)C{solv}{x=0.505000}|CCCCCCCl{solv}{x=0.495000}>,CC(=O)N(C)C,CCCCCCCl,Protein-Null-0.0.3-4-mer-AAQAA3-1E3-2-OPC3_opc3,2,0.8849779833475893,0.0406923540471491,0.61,0.003
1885,1885,dhmix_493694362228351572,730,EnthalpyOfMixing,<Substance CC(=O)N(C)C{solv}{x=0.798000}|CCCCCCCl{solv}{x=0.202000}>,CC(=O)N(C)C,CCCCCCCl,Protein-Null-0.0.3-4-mer-AAQAA3-1E3-2-OPC3_opc3,2,0.5828230933738521,0.037881313698289,0.425,0.003
1886,1886,dhmix_626564461179097700,731,EnthalpyOfMixing,<Substance CC(=O)N(C)C{solv}{x=0.211000}|CCCCCCCl{solv}{x=0.789000}>,CC(=O)N(C)C,CCCCCCCl,Protein-Null-0.0.3-4-mer-AAQAA3-1E3-2-OPC3_opc3,2,0.634949926670572,0.0465995836707494,0.38,0.003
1887,1887,dens_1720641323575133011,732,Density,<Substance CC(=O)N(C)C{solv}{x=0.200300}|CCCCCCCl{solv}{x=0.799700}>,CC(=O)N(C)C,CCCCCCCl,Protein-Null-0.0.3-4-mer-AAQAA3-1E3-2-OPC3_opc3,2,0.8666745579431074,0.0002333994535858,0.8816000000000003,0.00025
1888,1888,dens_1817345990638851984,733,Density,<Substance CC(=O)N(C)C{solv}{x=0.503000}|CCCCCCCl{solv}{x=0.497000}>,CC(=O)N(C)C,CCCCCCCl,Protein-Null-0.0.3-4-mer-AAQAA3-1E3-2-OPC3_opc3,2,0.8774063178916763,0.0002014440906576,0.8975000000000002,0.00025
1889,1889,dens_1885054129776339889,734,Density,<Substance CC(=O)N(C)C{solv}{x=0.699200}|CCCCCCCl{solv}{x=0.300800}>,CC(=O)N(C)C,CCCCCCCl,Protein-Null-0.0.3-4-mer-AAQAA3-1E3-2-OPC3_opc3,2,0.8857870051682554,0.0002711166783962,0.9104000000000002,0.0002
1890,1890,dens_468507243072548580,735,Density,<Substance CCC#N{solv}{x=0.701200}|CCOC(C)(C)CC{solv}{x=0.298800}>,CCC#N,CCOC(C)(C)CC,Protein-Null-0.0.3-4-mer-AAQAA3-1E3-2-OPC3_opc3,2,0.7734161268322655,0.0002425871713192,0.7715000000000002,0.0004
1891,1891,dhmix_553135124490085656,736,EnthalpyOfMixing,<Substance CCC#N{solv}{x=0.502500}|CCOC(C)(C)CC{solv}{x=0.497500}>,CCC#N,CCOC(C)(C)CC,Protein-Null-0.0.3-4-mer-AAQAA3-1E3-2-OPC3_opc3,2,0.28139235310109,0.0415645922541851,0.7023,0.00955
1892,1892,dens_762108332272225600,737,Density,<Substance CCC#N{solv}{x=0.502500}|CCOC(C)(C)CC{solv}{x=0.497500}>,CCC#N,CCOC(C)(C)CC,Protein-Null-0.0.3-4-mer-AAQAA3-1E3-2-OPC3_opc3,2,0.7707663135419687,0.0002097115676273,0.7683000000000001,0.00035
1893,1893,dens_967634241844220739,738,Density,<Substance CCC#N{solv}{x=0.200900}|CCOC(C)(C)CC{solv}{x=0.799100}>,CCC#N,CCOC(C)(C)CC,Protein-Null-0.0.3-4-mer-AAQAA3-1E3-2-OPC3_opc3,2,0.7656542472291115,0.0002223354618526,0.7638000000000001,0.00025
1894,1894,dhmix_1961082112686431376,739,EnthalpyOfMixing,<Substance CCC#N{solv}{x=0.200900}|CCOC(C)(C)CC{solv}{x=0.799100}>,CCC#N,CCOC(C)(C)CC,Protein-Null-0.0.3-4-mer-AAQAA3-1E3-2-OPC3_opc3,2,0.1414180784989653,0.0483733112322868,0.502,0.00685
1895,1895,dhmix_2005765786246998093,740,EnthalpyOfMixing,<Substance CCC#N{solv}{x=0.701200}|CCOC(C)(C)CC{solv}{x=0.298800}>,CCC#N,CCOC(C)(C)CC,Protein-Null-0.0.3-4-mer-AAQAA3-1E3-2-OPC3_opc3,2,0.2581853900837032,0.0365523755784512,0.5863,0.008
1896,1896,dhmix_471514663464011364,741,EnthalpyOfMixing,<Substance C1CCOCC1{solv}{x=0.722000}|CCCCCO{solv}{x=0.278000}>,C1CCOCC1,CCCCCO,Protein-Null-0.0.3-4-mer-AAQAA3-1E3-2-OPC3_opc3,2,1.0488788241867013,0.0415173541554805,0.8628,0.00745
1897,1897,dens_910343796235321484,742,Density,<Substance C1CCOCC1{solv}{x=0.298700}|CCCCCO{solv}{x=0.701300}>,C1CCOCC1,CCCCCO,Protein-Null-0.0.3-4-mer-AAQAA3-1E3-2-OPC3_opc3,2,0.8237008932430525,0.0001963649002849,0.8293300000000002,0.00034
1898,1898,dens_1812069868432416079,743,Density,<Substance C1CCOCC1{solv}{x=0.800000}|CCCCCO{solv}{x=0.200000}>,C1CCOCC1,CCCCCO,Protein-Null-0.0.3-4-mer-AAQAA3-1E3-2-OPC3_opc3,2,0.8549232395562776,0.0002483657309745,0.8635900000000002,0.000315
1899,1899,dhmix_1936206883965149188,744,EnthalpyOfMixing,<Substance C1CCOCC1{solv}{x=0.526000}|CCCCCO{solv}{x=0.474000}>,C1CCOCC1,CCCCCO,Protein-Null-0.0.3-4-mer-AAQAA3-1E3-2-OPC3_opc3,2,1.1550203196816824,0.0416330007402562,0.97,0.00615
1900,1900,dhmix_1992318015190346725,745,EnthalpyOfMixing,<Substance C1CCOCC1{solv}{x=0.217000}|CCCCCO{solv}{x=0.783000}>,C1CCOCC1,CCCCCO,Protein-Null-0.0.3-4-mer-AAQAA3-1E3-2-OPC3_opc3,2,0.6109062353358823,0.0452098903117979,0.6006,0.00455
1901,1901,dens_2204330198012032768,746,Density,<Substance C1CCOCC1{solv}{x=0.499400}|CCCCCO{solv}{x=0.500600}>,C1CCOCC1,CCCCCO,Protein-Null-0.0.3-4-mer-AAQAA3-1E3-2-OPC3_opc3,2,0.8354409764425518,0.0002396252085491,0.8425400000000002,0.00033
1902,1902,dhmix_472822428299818953,747,EnthalpyOfMixing,<Substance CC(C)CC(C)(C)C{solv}{x=0.700500}|CCCCO{solv}{x=0.299500}>,CC(C)CC(C)(C)C,CCCCO,Protein-Null-0.0.3-4-mer-AAQAA3-1E3-2-OPC3_opc3,2,0.7179847622319215,0.050001234472798,0.6228,0.0028
1903,1903,dhmix_628387028768654403,748,EnthalpyOfMixing,<Substance CC(C)CC(C)(C)C{solv}{x=0.499900}|CCCCO{solv}{x=0.500100}>,CC(C)CC(C)(C)C,CCCCO,Protein-Null-0.0.3-4-mer-AAQAA3-1E3-2-OPC3_opc3,2,0.5414670559017338,0.0465431547378445,0.5938,0.0027
1904,1904,dens_631668933678639865,749,Density,<Substance CC(C)CC(C)(C)C{solv}{x=0.200000}|CCCCO{solv}{x=0.800000}>,CC(C)CC(C)(C)C,CCCCO,Protein-Null-0.0.3-4-mer-AAQAA3-1E3-2-OPC3_opc3,2,0.771520960747344,0.00020357368503,0.7696800000000001,0.000295
1905,1905,dens_1394470087977586253,750,Density,<Substance CC(C)CC(C)(C)C{solv}{x=0.500000}|CCCCO{solv}{x=0.500000}>,CC(C)CC(C)(C)C,CCCCO,Protein-Null-0.0.3-4-mer-AAQAA3-1E3-2-OPC3_opc3,2,0.7392111615009099,0.000202128956672,0.7294000000000002,0.000285
1906,1906,dens_1809610870413503056,751,Density,<Substance CC(C)CC(C)(C)C{solv}{x=0.699900}|CCCCO{solv}{x=0.300100}>,CC(C)CC(C)(C)C,CCCCO,Protein-Null-0.0.3-4-mer-AAQAA3-1E3-2-OPC3_opc3,2,0.7238291881760761,0.0002189840402454,0.7097700000000001,0.000285
1907,1907,dhmix_2302589146189152767,752,EnthalpyOfMixing,<Substance CC(C)CC(C)(C)C{solv}{x=0.200200}|CCCCO{solv}{x=0.799800}>,CC(C)CC(C)(C)C,CCCCO,Protein-Null-0.0.3-4-mer-AAQAA3-1E3-2-OPC3_opc3,2,0.2920025905038343,0.0446077227619494,0.27646,0.003235
1908,1908,dens_486902622078179007,753,Density,<Substance COC=O{solv}{x=0.494600}|CO{solv}{x=0.505400}>,CO,COC=O,Protein-Null-0.0.3-4-mer-AAQAA3-1E3-2-OPC3_opc3,2,0.9019048765565948,0.0003476921807162,0.8956100000000002,7.500000000000002e-05
1909,1909,dens_750646162221180186,754,Density,<Substance COC=O{solv}{x=0.083300}|CO{solv}{x=0.916700}>,CO,COC=O,Protein-Null-0.0.3-4-mer-AAQAA3-1E3-2-OPC3_opc3,2,0.7931621323206435,0.0004133766456834,0.8088000000000002,9.000000000000002e-05
1910,1910,dhmix_1113631207235753369,755,EnthalpyOfMixing,<Substance COC=O{solv}{x=0.717800}|CO{solv}{x=0.282200}>,CO,COC=O,Protein-Null-0.0.3-4-mer-AAQAA3-1E3-2-OPC3_opc3,2,0.8257090559658187,0.0296968280727436,1.105,0.012
1911,1911,dhmix_2143911117683117531,756,EnthalpyOfMixing,<Substance COC=O{solv}{x=0.512700}|CO{solv}{x=0.487300}>,CO,COC=O,Protein-Null-0.0.3-4-mer-AAQAA3-1E3-2-OPC3_opc3,2,0.950522725531214,0.0312038107012874,1.179,0.0125
1912,1912,dens_2148324189014877510,757,Density,<Substance COC=O{solv}{x=0.727100}|CO{solv}{x=0.272900}>,CO,COC=O,Protein-Null-0.0.3-4-mer-AAQAA3-1E3-2-OPC3_opc3,2,0.947487888011507,0.0003511088982509,0.9321000000000004,8.000000000000002e-05
1913,1913,dhmix_2205254965267695203,758,EnthalpyOfMixing,<Substance COC=O{solv}{x=0.083300}|CO{solv}{x=0.916700}>,CO,COC=O,Protein-Null-0.0.3-4-mer-AAQAA3-1E3-2-OPC3_opc3,2,0.3030829311235186,0.0297101144297188,0.311,0.0035
1914,1914,dhmix_497300242003673148,759,EnthalpyOfMixing,<Substance BrCCBr{solv}{x=0.284100}|CCCCOC(=O)CCC{solv}{x=0.715900}>,BrCCBr,CCCCOC(=O)CCC,Protein-Null-0.0.3-4-mer-AAQAA3-1E3-2-OPC3_opc3,2,-0.687772212089854,0.0468470534319278,-0.054,0.001
1915,1915,dhmix_712261179736749495,760,EnthalpyOfMixing,<Substance BrCCBr{solv}{x=0.515300}|CCCCOC(=O)CCC{solv}{x=0.484700}>,BrCCBr,CCCCOC(=O)CCC,Protein-Null-0.0.3-4-mer-AAQAA3-1E3-2-OPC3_opc3,2,-0.783043122327939,0.0383086678847444,-0.027,0.0005
1916,1916,dens_846614854165535724,761,Density,<Substance BrCCBr{solv}{x=0.212900}|CCCCOC(=O)CCC{solv}{x=0.787100}>,BrCCBr,CCCCOC(=O)CCC,Protein-Null-0.0.3-4-mer-AAQAA3-1E3-2-OPC3_opc3,2,1.0176434014989997,0.0001987268743106,1.0245500000000003,0.00013
1917,1917,dens_1085110183353279404,762,Density,<Substance BrCCBr{solv}{x=0.730000}|CCCCOC(=O)CCC{solv}{x=0.270000}>,BrCCBr,CCCCOC(=O)CCC,Protein-Null-0.0.3-4-mer-AAQAA3-1E3-2-OPC3_opc3,2,1.5945849647271373,0.0004927914368139,1.6231500000000003,0.000405
1918,1918,dhmix_2153957437015117204,763,EnthalpyOfMixing,<Substance BrCCBr{solv}{x=0.763900}|CCCCOC(=O)CCC{solv}{x=0.236100}>,BrCCBr,CCCCOC(=O)CCC,Protein-Null-0.0.3-4-mer-AAQAA3-1E3-2-OPC3_opc3,2,-0.4331648578611826,0.0354653899487666,0.051,0.001
1919,1919,dens_2242615301342819560,764,Density,<Substance BrCCBr{solv}{x=0.449300}|CCCCOC(=O)CCC{solv}{x=0.550700}>,BrCCBr,CCCCOC(=O)CCC,Protein-Null-0.0.3-4-mer-AAQAA3-1E3-2-OPC3_opc3,2,1.2389060595730352,0.0002936742921161,1.2506100000000002,0.000225
1920,1920,dens_501060706627477242,765,Density,<Substance OC1=NCCC1{solv}{x=0.500000}|O{solv}{x=0.500000}>,O,OC1=NCCC1,Protein-Null-0.0.3-4-mer-AAQAA3-1E3-2-OPC3_opc3,2,1.062101880277171,0.0003639352310542,1.0977070000000004,0.0005555
1921,1921,dens_929065521104254808,766,Density,<Substance OC1=NCCC1{solv}{x=0.744800}|O{solv}{x=0.255200}>,O,OC1=NCCC1,Protein-Null-0.0.3-4-mer-AAQAA3-1E3-2-OPC3_opc3,2,1.0680872587288393,0.0003461476104157,1.1044310000000004,0.000577
1922,1922,dhmix_1128968771311392860,767,EnthalpyOfMixing,<Substance OC1=NCCC1{solv}{x=0.769300}|O{solv}{x=0.230700}>,O,OC1=NCCC1,Protein-Null-0.0.3-4-mer-AAQAA3-1E3-2-OPC3_opc3,2,0.7959460514693575,0.0357230669732523,-0.678,0.1695
1923,1923,dens_1192491633684345401,768,Density,<Substance OC1=NCCC1{solv}{x=0.246800}|O{solv}{x=0.753200}>,O,OC1=NCCC1,Protein-Null-0.0.3-4-mer-AAQAA3-1E3-2-OPC3_opc3,2,1.045295372028158,0.0003422019268298,1.077068,0.0004905
1924,1924,dhmix_1775375132531538271,769,EnthalpyOfMixing,<Substance OC1=NCCC1{solv}{x=0.478300}|O{solv}{x=0.521700}>,O,OC1=NCCC1,Protein-Null-0.0.3-4-mer-AAQAA3-1E3-2-OPC3_opc3,2,0.7848368772834107,0.0270802288704722,-0.8384,0.20965
1925,1925,dhmix_1895825007089845103,770,EnthalpyOfMixing,<Substance OC1=NCCC1{solv}{x=0.231900}|O{solv}{x=0.768100}>,O,OC1=NCCC1,Protein-Null-0.0.3-4-mer-AAQAA3-1E3-2-OPC3_opc3,2,0.5972799793618293,0.0262378822604197,-0.5238,0.13095
1926,1926,dens_502738970558558534,771,Density,<Substance BrCCBr{solv}{x=0.749000}|COC=O{solv}{x=0.251000}>,BrCCBr,COC=O,Protein-Null-0.0.3-4-mer-AAQAA3-1E3-2-OPC3_opc3,2,1.8869055082365072,0.0007397125120497,1.9319600000000008,0.003535
1927,1927,dhmix_523129341332875255,772,EnthalpyOfMixing,<Substance BrCCBr{solv}{x=0.059500}|COC=O{solv}{x=0.940500}>,BrCCBr,COC=O,Protein-Null-0.0.3-4-mer-AAQAA3-1E3-2-OPC3_opc3,2,0.2516986448659337,0.0336152245157546,0.1715,0.00215
1928,1928,dens_528986974844153101,773,Density,<Substance BrCCBr{solv}{x=0.059800}|COC=O{solv}{x=0.940200}>,BrCCBr,COC=O,Protein-Null-0.0.3-4-mer-AAQAA3-1E3-2-OPC3_opc3,2,1.086542710885497,0.0003359312007919,1.06428,0.00056
1929,1929,dhmix_1521152703631810888,774,EnthalpyOfMixing,<Substance BrCCBr{solv}{x=0.757400}|COC=O{solv}{x=0.242600}>,BrCCBr,COC=O,Protein-Null-0.0.3-4-mer-AAQAA3-1E3-2-OPC3_opc3,2,0.4828202159525325,0.0313923169095746,0.653,0.00585
1930,1930,dhmix_1685647138770344206,775,EnthalpyOfMixing,<Substance BrCCBr{solv}{x=0.528100}|COC=O{solv}{x=0.471900}>,BrCCBr,COC=O,Protein-Null-0.0.3-4-mer-AAQAA3-1E3-2-OPC3_opc3,2,0.5619327450362519,0.0316022893270992,0.8123,0.00705
1931,1931,dens_1945150067923572864,776,Density,<Substance BrCCBr{solv}{x=0.501500}|COC=O{solv}{x=0.498500}>,BrCCBr,COC=O,Protein-Null-0.0.3-4-mer-AAQAA3-1E3-2-OPC3_opc3,2,1.6482929728985405,0.000545769442888,1.6620300000000003,0.00232
1932,1932,dens_511283508189056955,777,Density,<Substance CCO{solv}{x=0.291400}|CN(C)CCO{solv}{x=0.708600}>,CCO,CN(C)CCO,Protein-Null-0.0.3-4-mer-AAQAA3-1E3-2-OPC3_opc3,2,0.8799821587037588,0.0002276721185494,0.8710100000000002,0.000165
1933,1933,dhmix_1055456388735168345,778,EnthalpyOfMixing,<Substance CCO{solv}{x=0.508400}|CN(C)CCO{solv}{x=0.491600}>,CCO,CN(C)CCO,Protein-Null-0.0.3-4-mer-AAQAA3-1E3-2-OPC3_opc3,2,-0.6323969156286466,0.0390177438028843,-0.4044,0.0044
1934,1934,dens_1119930253414624267,779,Density,<Substance CCO{solv}{x=0.699500}|CN(C)CCO{solv}{x=0.300500}>,CCO,CN(C)CCO,Protein-Null-0.0.3-4-mer-AAQAA3-1E3-2-OPC3_opc3,2,0.8386124275036335,0.000257121219728,0.8345000000000002,0.000135
1935,1935,dhmix_1132835222292135012,780,EnthalpyOfMixing,<Substance CCO{solv}{x=0.268600}|CN(C)CCO{solv}{x=0.731400}>,CCO,CN(C)CCO,Protein-Null-0.0.3-4-mer-AAQAA3-1E3-2-OPC3_opc3,2,-0.4561657987342897,0.0409504881206413,-0.2783,0.0031
1936,1936,dens_1964926738263319597,781,Density,<Substance CCO{solv}{x=0.494900}|CN(C)CCO{solv}{x=0.505100}>,CCO,CN(C)CCO,Protein-Null-0.0.3-4-mer-AAQAA3-1E3-2-OPC3_opc3,2,0.8623018742418382,0.0002292893280998,0.8566200000000002,0.00015
1937,1937,dhmix_2011138895468245368,782,EnthalpyOfMixing,<Substance CCO{solv}{x=0.733500}|CN(C)CCO{solv}{x=0.266500}>,CCO,CN(C)CCO,Protein-Null-0.0.3-4-mer-AAQAA3-1E3-2-OPC3_opc3,2,-0.6395458374711822,0.0297251952639587,-0.3657,0.004
1938,1938,dhmix_517287783481256565,783,EnthalpyOfMixing,<Substance CN(C)C=O{solv}{x=0.701000}|ClCCCCCl{solv}{x=0.299000}>,CN(C)C=O,ClCCCCCl,Protein-Null-0.0.3-4-mer-AAQAA3-1E3-2-OPC3_opc3,2,0.5562284465959948,0.0375942835364297,-0.052,0.002
1939,1939,dens_765057686797526715,784,Density,<Substance CN(C)C=O{solv}{x=0.794300}|ClCCCCCl{solv}{x=0.205700}>,CN(C)C=O,ClCCCCCl,Protein-Null-0.0.3-4-mer-AAQAA3-1E3-2-OPC3_opc3,2,0.970836564044558,0.0002392581209681,0.9934000000000002,0.00245
1940,1940,dens_1092490027864410415,785,Density,<Substance CN(C)C=O{solv}{x=0.502200}|ClCCCCCl{solv}{x=0.497800}>,CN(C)C=O,ClCCCCCl,Protein-Null-0.0.3-4-mer-AAQAA3-1E3-2-OPC3_opc3,2,1.0324326118910212,0.0002972552093025,1.0524000000000004,0.0022
1941,1941,dens_1571926938169630329,786,Density,<Substance CN(C)C=O{solv}{x=0.299400}|ClCCCCCl{solv}{x=0.700600}>,CN(C)C=O,ClCCCCCl,Protein-Null-0.0.3-4-mer-AAQAA3-1E3-2-OPC3_opc3,2,1.069172804983186,0.0002727357733354,1.0879000000000003,0.0021
1942,1942,dhmix_1989422051580285053,787,EnthalpyOfMixing,<Substance CN(C)C=O{solv}{x=0.501000}|ClCCCCCl{solv}{x=0.499000}>,CN(C)C=O,ClCCCCCl,Protein-Null-0.0.3-4-mer-AAQAA3-1E3-2-OPC3_opc3,2,0.5331590953920937,0.0390344852640781,-0.056,0.002
1943,1943,dhmix_2190775305913174779,788,EnthalpyOfMixing,<Substance CN(C)C=O{solv}{x=0.204000}|ClCCCCCl{solv}{x=0.796000}>,CN(C)C=O,ClCCCCCl,Protein-Null-0.0.3-4-mer-AAQAA3-1E3-2-OPC3_opc3,2,0.4029761628886703,0.0417739489815575,-0.039,0.002
1944,1944,dens_518199256039095036,789,Density,<Substance CCCCO{solv}{x=0.496400}|NCCN{solv}{x=0.503600}>,CCCCO,NCCN,Protein-Null-0.0.3-4-mer-AAQAA3-1E3-2-OPC3_opc3,2,0.892375496390271,0.0002360511121151,0.8519430000000002,0.000219
1945,1945,dens_866492593379488722,790,Density,<Substance CCCCO{solv}{x=0.739800}|NCCN{solv}{x=0.260200}>,CCCCO,NCCN,Protein-Null-0.0.3-4-mer-AAQAA3-1E3-2-OPC3_opc3,2,0.8437567079210475,0.0002498144733757,0.8325090000000002,0.000221
1946,1946,dens_2064365769538781360,791,Density,<Substance CCCCO{solv}{x=0.291900}|NCCN{solv}{x=0.708100}>,CCCCO,NCCN,Protein-Null-0.0.3-4-mer-AAQAA3-1E3-2-OPC3_opc3,2,0.941553707053833,0.000277990543633,0.8676960000000002,0.0002205
1947,1947,dens_520201021244222151,792,Density,<Substance O=C1CCCO1{solv}{x=0.300000}|O{solv}{x=0.700000}>,O,O=C1CCCO1,Protein-Null-0.0.3-4-mer-AAQAA3-1E3-2-OPC3_opc3,2,1.068350279070465,0.000371357439224,1.0886000000000002,0.0001
1948,1948,dens_2198925124601089428,793,Density,<Substance O=C1CCCO1{solv}{x=0.500000}|O{solv}{x=0.500000}>,O,O=C1CCCO1,Protein-Null-0.0.3-4-mer-AAQAA3-1E3-2-OPC3_opc3,2,1.0848457580343998,0.0002582119400121,1.1059000000000003,0.0001
1949,1949,dens_2272207838075726438,794,Density,<Substance O=C1CCCO1{solv}{x=0.800000}|O{solv}{x=0.200000}>,O,O=C1CCCO1,Protein-Null-0.0.3-4-mer-AAQAA3-1E3-2-OPC3_opc3,2,1.0971058153734368,0.0002654655515991,1.1182000000000003,0.0001
1950,1950,dhmix_524376395520217080,795,EnthalpyOfMixing,<Substance CC(C)CC(C)(C)C{solv}{x=0.440700}|CCCC(=O)OC{solv}{x=0.559300}>,CC(C)CC(C)(C)C,CCCC(=O)OC,Protein-Null-0.0.3-4-mer-AAQAA3-1E3-2-OPC3_opc3,2,1.5786088122467703,0.0461939672006304,1.053,0.0115
1951,1951,dens_581090592491592243,796,Density,<Substance CC(C)CC(C)(C)C{solv}{x=0.298100}|CCCC(=O)OC{solv}{x=0.701900}>,CC(C)CC(C)(C)C,CCCC(=O)OC,Protein-Null-0.0.3-4-mer-AAQAA3-1E3-2-OPC3_opc3,2,0.8176802559950396,0.000228838803352,0.8119000000000002,0.000505
1952,1952,dens_1497434747823371430,797,Density,<Substance CC(C)CC(C)(C)C{solv}{x=0.724300}|CCCC(=O)OC{solv}{x=0.275700}>,CC(C)CC(C)(C)C,CCCC(=O)OC,Protein-Null-0.0.3-4-mer-AAQAA3-1E3-2-OPC3_opc3,2,0.7419288244290949,0.0002050115328374,0.7279000000000001,0.000505
1953,1953,dhmix_1614087501371550297,798,EnthalpyOfMixing,<Substance CC(C)CC(C)(C)C{solv}{x=0.762900}|CCCC(=O)OC{solv}{x=0.237100}>,CC(C)CC(C)(C)C,CCCC(=O)OC,Protein-Null-0.0.3-4-mer-AAQAA3-1E3-2-OPC3_opc3,2,1.2336059494144251,0.0483297927302063,0.789,0.0085
1954,1954,dens_1842979547629422953,799,Density,<Substance CC(C)CC(C)(C)C{solv}{x=0.441000}|CCCC(=O)OC{solv}{x=0.559000}>,CC(C)CC(C)(C)C,CCCC(=O)OC,Protein-Null-0.0.3-4-mer-AAQAA3-1E3-2-OPC3_opc3,2,0.7887749163691647,0.0001551224634636,0.7803000000000001,0.000505
1955,1955,dhmix_2246911102339588209,800,EnthalpyOfMixing,<Substance CC(C)CC(C)(C)C{solv}{x=0.298200}|CCCC(=O)OC{solv}{x=0.701800}>,CC(C)CC(C)(C)C,CCCC(=O)OC,Protein-Null-0.0.3-4-mer-AAQAA3-1E3-2-OPC3_opc3,2,1.304762227779527,0.0464200419306863,0.884,0.0095
1956,1956,dhmix_536798507677319129,801,EnthalpyOfMixing,<Substance C1COCO1{solv}{x=0.267900}|Cc1ccccc1Cl{solv}{x=0.732100}>,C1COCO1,Cc1ccccc1Cl,Protein-Null-0.0.3-4-mer-AAQAA3-1E3-2-OPC3_opc3,2,0.3038883693487406,0.0426684019796419,0.272,0.0015
1957,1957,dens_559535483529614058,802,Density,<Substance C1COCO1{solv}{x=0.726600}|Cc1ccccc1Cl{solv}{x=0.273400}>,C1COCO1,Cc1ccccc1Cl,Protein-Null-0.0.3-4-mer-AAQAA3-1E3-2-OPC3_opc3,2,1.0856157091477727,0.00027086783356,1.0652000000000004,0.0005
1958,1958,dens_731520844601672570,803,Density,<Substance C1COCO1{solv}{x=0.268500}|Cc1ccccc1Cl{solv}{x=0.731500}>,C1COCO1,Cc1ccccc1Cl,Protein-Null-0.0.3-4-mer-AAQAA3-1E3-2-OPC3_opc3,2,1.0663884310292784,0.0002769074533198,1.0630000000000002,0.0005
1959,1959,dens_839907656840905053,804,Density,<Substance C1COCO1{solv}{x=0.516900}|Cc1ccccc1Cl{solv}{x=0.483100}>,C1COCO1,Cc1ccccc1Cl,Protein-Null-0.0.3-4-mer-AAQAA3-1E3-2-OPC3_opc3,2,1.0820807042821483,0.0003103668330769,1.0694000000000004,0.0005
1960,1960,dhmix_1308085019204784636,805,EnthalpyOfMixing,<Substance C1COCO1{solv}{x=0.500900}|Cc1ccccc1Cl{solv}{x=0.499100}>,C1COCO1,Cc1ccccc1Cl,Protein-Null-0.0.3-4-mer-AAQAA3-1E3-2-OPC3_opc3,2,0.3402944801012637,0.0356735354433861,0.393,0.002
1961,1961,dhmix_1924685013370154802,806,EnthalpyOfMixing,<Substance C1COCO1{solv}{x=0.760400}|Cc1ccccc1Cl{solv}{x=0.239600}>,C1COCO1,Cc1ccccc1Cl,Protein-Null-0.0.3-4-mer-AAQAA3-1E3-2-OPC3_opc3,2,0.2666472583435109,0.0345527463225452,0.313,0.0015
1962,1962,dhmix_549919019055097043,807,EnthalpyOfMixing,<Substance C1CCCCC1{solv}{x=0.799100}|CC(C)O{solv}{x=0.200900}>,C1CCCCC1,CC(C)O,Protein-Null-0.0.3-4-mer-AAQAA3-1E3-2-OPC3_opc3,2,0.7410956461273202,0.0461096925976017,0.702,0.017
1963,1963,dhmix_1101575580592240663,808,EnthalpyOfMixing,<Substance C1CCCCC1{solv}{x=0.199500}|CC(C)O{solv}{x=0.800500}>,C1CCCCC1,CC(C)O,Protein-Null-0.0.3-4-mer-AAQAA3-1E3-2-OPC3_opc3,2,0.3327286786780039,0.0347210418932584,0.438,0.011
1964,1964,dhmix_1262965345724899699,809,EnthalpyOfMixing,<Substance C1CCCCC1{solv}{x=0.498400}|CC(C)O{solv}{x=0.501600}>,C1CCCCC1,CC(C)O,Protein-Null-0.0.3-4-mer-AAQAA3-1E3-2-OPC3_opc3,2,0.7921666842216268,0.0401937717120752,0.801,0.0195
1965,1965,dens_1431184569437551541,810,Density,<Substance C1CCCCC1{solv}{x=0.705800}|CC(C)O{solv}{x=0.294200}>,C1CCCCC1,CC(C)O,Protein-Null-0.0.3-4-mer-AAQAA3-1E3-2-OPC3_opc3,2,0.7595788927183498,0.0002224314659436,0.7711100000000002,0.000245
1966,1966,dens_2097249982689376165,811,Density,<Substance C1CCCCC1{solv}{x=0.200000}|CC(C)O{solv}{x=0.800000}>,C1CCCCC1,CC(C)O,Protein-Null-0.0.3-4-mer-AAQAA3-1E3-2-OPC3_opc3,2,0.784210323341417,0.0002250018501478,0.7761000000000002,0.0003
1967,1967,dens_2130071224188444793,812,Density,<Substance C1CCCCC1{solv}{x=0.503900}|CC(C)O{solv}{x=0.496100}>,C1CCCCC1,CC(C)O,Protein-Null-0.0.3-4-mer-AAQAA3-1E3-2-OPC3_opc3,2,0.7678938187470039,0.0002898823561375,0.7719000000000001,0.0003
1968,1968,dens_562489367284385084,813,Density,<Substance CCCCC(=O)OC{solv}{x=0.251100}|COC(C)=O{solv}{x=0.748900}>,CCCCC(=O)OC,COC(C)=O,Protein-Null-0.0.3-4-mer-AAQAA3-1E3-2-OPC3_opc3,2,0.9138049429901944,0.0002539639351191,0.9105300000000002,0.000505
1969,1969,dhmix_814771684244180933,814,EnthalpyOfMixing,<Substance CCCCC(=O)OC{solv}{x=0.733900}|COC(C)=O{solv}{x=0.266100}>,CCCCC(=O)OC,COC(C)=O,Protein-Null-0.0.3-4-mer-AAQAA3-1E3-2-OPC3_opc3,2,0.0957198510445052,0.0484007540232166,0.178,0.002
1970,1970,dhmix_915202362324204655,815,EnthalpyOfMixing,<Substance CCCCC(=O)OC{solv}{x=0.505500}|COC(C)=O{solv}{x=0.494500}>,CCCCC(=O)OC,COC(C)=O,Protein-Null-0.0.3-4-mer-AAQAA3-1E3-2-OPC3_opc3,2,0.0923150761717508,0.0429062689093134,0.238,0.0025
1971,1971,dhmix_935892165648195197,816,EnthalpyOfMixing,<Substance CCCCC(=O)OC{solv}{x=0.234700}|COC(C)=O{solv}{x=0.765300}>,CCCCC(=O)OC,COC(C)=O,Protein-Null-0.0.3-4-mer-AAQAA3-1E3-2-OPC3_opc3,2,0.0425310848331008,0.0420861518409247,0.173,0.002
1972,1972,dens_961692445804333991,817,Density,<Substance CCCCC(=O)OC{solv}{x=0.738300}|COC(C)=O{solv}{x=0.261700}>,CCCCC(=O)OC,COC(C)=O,Protein-Null-0.0.3-4-mer-AAQAA3-1E3-2-OPC3_opc3,2,0.8910748438352246,0.0002164325734881,0.8914700000000002,0.000505
1973,1973,dens_1493380961688632529,818,Density,<Substance CCCCC(=O)OC{solv}{x=0.493500}|COC(C)=O{solv}{x=0.506500}>,CCCCC(=O)OC,COC(C)=O,Protein-Null-0.0.3-4-mer-AAQAA3-1E3-2-OPC3_opc3,2,0.9008731415696368,0.0002356310096605,0.8996200000000002,0.000505
1974,1974,dhmix_563342363018905515,819,EnthalpyOfMixing,<Substance CCOC(=O)CC(C)=O{solv}{x=0.751400}|O{solv}{x=0.248600}>,CCOC(=O)CC(C)=O,O,Protein-Null-0.0.3-4-mer-AAQAA3-1E3-2-OPC3_opc3,2,0.6931714328082137,0.0374137147709274,1.128,0.012
1975,1975,dhmix_1385095028103136291,820,EnthalpyOfMixing,<Substance CCOC(=O)CC(C)=O{solv}{x=0.449100}|O{solv}{x=0.550900}>,CCOC(=O)CC(C)=O,O,Protein-Null-0.0.3-4-mer-AAQAA3-1E3-2-OPC3_opc3,2,0.5586029415958365,0.0287535994271086,0.684,0.0075
1976,1976,dhmix_1609967394780907654,821,EnthalpyOfMixing,<Substance CCOC(=O)CC(C)=O{solv}{x=0.299400}|O{solv}{x=0.700600}>,CCOC(=O)CC(C)=O,O,Protein-Null-0.0.3-4-mer-AAQAA3-1E3-2-OPC3_opc3,2,0.5138557099659522,0.0265670651461648,0.428,0.005
1977,1977,dhmix_566259260175961973,822,EnthalpyOfMixing,<Substance CCCCO{solv}{x=0.144700}|OC1=NCCC1{solv}{x=0.855300}>,CCCCO,OC1=NCCC1,Protein-Null-0.0.3-4-mer-AAQAA3-1E3-2-OPC3_opc3,2,0.7158423220147512,0.0391755498673237,0.0949,0.0012
1978,1978,dens_1146983614802652988,823,Density,<Substance CCCCO{solv}{x=0.500400}|OC1=NCCC1{solv}{x=0.499600}>,CCCCO,OC1=NCCC1,Protein-Null-0.0.3-4-mer-AAQAA3-1E3-2-OPC3_opc3,2,0.9304850153238264,0.00024253977783,0.94503,0.00015
1979,1979,dhmix_1601732489230179724,824,EnthalpyOfMixing,<Substance CCCCO{solv}{x=0.497800}|OC1=NCCC1{solv}{x=0.502200}>,CCCCO,OC1=NCCC1,Protein-Null-0.0.3-4-mer-AAQAA3-1E3-2-OPC3_opc3,2,1.580200091425361,0.036322437554195,0.2326,0.0026
1980,1980,dhmix_1661138478850718837,825,EnthalpyOfMixing,<Substance CCCCO{solv}{x=0.754800}|OC1=NCCC1{solv}{x=0.245200}>,CCCCO,OC1=NCCC1,Protein-Null-0.0.3-4-mer-AAQAA3-1E3-2-OPC3_opc3,2,1.1858723859925655,0.0447339080060509,0.2356,0.00265
1981,1981,dens_1878955695276199878,826,Density,<Substance CCCCO{solv}{x=0.144600}|OC1=NCCC1{solv}{x=0.855400}>,CCCCO,OC1=NCCC1,Protein-Null-0.0.3-4-mer-AAQAA3-1E3-2-OPC3_opc3,2,1.027770141005061,0.0003066865957289,1.0575900000000005,0.000205
1982,1982,dens_2101998760005952263,827,Density,<Substance CCCCO{solv}{x=0.755500}|OC1=NCCC1{solv}{x=0.244500}>,CCCCO,OC1=NCCC1,Protein-Null-0.0.3-4-mer-AAQAA3-1E3-2-OPC3_opc3,2,0.8630741574446998,0.0002350059035789,0.8711500000000002,0.000185
1983,1983,dhmix_569012254773025696,828,EnthalpyOfMixing,<Substance CC(C)(C)O{solv}{x=0.505700}|OC1=NCCC1{solv}{x=0.494300}>,CC(C)(C)O,OC1=NCCC1,Protein-Null-0.0.3-4-mer-AAQAA3-1E3-2-OPC3_opc3,2,2.206758525656753,0.0376660718540606,0.4323,0.0047
1984,1984,dens_992979807705536615,829,Density,<Substance CC(C)(C)O{solv}{x=0.751100}|OC1=NCCC1{solv}{x=0.248900}>,CC(C)(C)O,OC1=NCCC1,Protein-Null-0.0.3-4-mer-AAQAA3-1E3-2-OPC3_opc3,2,0.8735172876970685,0.000280152841621,0.8505700000000003,0.000215
1985,1985,dens_1020722913861580636,830,Density,<Substance CC(C)(C)O{solv}{x=0.499700}|OC1=NCCC1{solv}{x=0.500300}>,CC(C)(C)O,OC1=NCCC1,Protein-Null-0.0.3-4-mer-AAQAA3-1E3-2-OPC3_opc3,2,0.9335135754557434,0.0003521737606874,0.9282800000000002,0.00018
1986,1986,dhmix_1408261346335628114,831,EnthalpyOfMixing,<Substance CC(C)(C)O{solv}{x=0.744900}|OC1=NCCC1{solv}{x=0.255100}>,CC(C)(C)O,OC1=NCCC1,Protein-Null-0.0.3-4-mer-AAQAA3-1E3-2-OPC3_opc3,2,1.8536357385322544,0.0406808972478292,0.3774,0.00415
1987,1987,dhmix_1466823939183874689,832,EnthalpyOfMixing,<Substance CC(C)(C)O{solv}{x=0.257800}|OC1=NCCC1{solv}{x=0.742200}>,CC(C)(C)O,OC1=NCCC1,Protein-Null-0.0.3-4-mer-AAQAA3-1E3-2-OPC3_opc3,2,1.3636765378891056,0.0446290940941426,0.2874,0.0032
1988,1988,dens_1768273433543243004,833,Density,<Substance CC(C)(C)O{solv}{x=0.276400}|OC1=NCCC1{solv}{x=0.723600}>,CC(C)(C)O,OC1=NCCC1,Protein-Null-0.0.3-4-mer-AAQAA3-1E3-2-OPC3_opc3,2,0.9931803754257948,0.0001762501048961,1.0036300000000002,0.000155
1989,1989,dens_571827819113574480,834,Density,<Substance CC(C)OC(C)C{solv}{x=0.700400}|Cc1ccccc1{solv}{x=0.299600}>,CC(C)OC(C)C,Cc1ccccc1,Protein-Null-0.0.3-4-mer-AAQAA3-1E3-2-OPC3_opc3,2,0.7672933016984406,0.0002595742511816,0.7573100000000001,0.000155
1990,1990,dhmix_686402805609192969,835,EnthalpyOfMixing,<Substance CC(C)OC(C)C{solv}{x=0.228000}|Cc1ccccc1{solv}{x=0.772000}>,CC(C)OC(C)C,Cc1ccccc1,Protein-Null-0.0.3-4-mer-AAQAA3-1E3-2-OPC3_opc3,2,-0.1404454657333005,0.0406512543537621,0.0593,0.00515
1991,1991,dhmix_1045652173440309018,836,EnthalpyOfMixing,<Substance CC(C)OC(C)C{solv}{x=0.752000}|Cc1ccccc1{solv}{x=0.248000}>,CC(C)OC(C)C,Cc1ccccc1,Protein-Null-0.0.3-4-mer-AAQAA3-1E3-2-OPC3_opc3,2,-0.0882767841416267,0.0451186513134018,-0.0091,0.00505
1992,1992,dhmix_1690461453403165745,837,EnthalpyOfMixing,<Substance CC(C)OC(C)C{solv}{x=0.455000}|Cc1ccccc1{solv}{x=0.545000}>,CC(C)OC(C)C,Cc1ccccc1,Protein-Null-0.0.3-4-mer-AAQAA3-1E3-2-OPC3_opc3,2,-0.12367670046401,0.0422207063475146,0.0323,0.0051
1993,1993,dens_2086775654110573795,838,Density,<Substance CC(C)OC(C)C{solv}{x=0.200400}|Cc1ccccc1{solv}{x=0.799600}>,CC(C)OC(C)C,Cc1ccccc1,Protein-Null-0.0.3-4-mer-AAQAA3-1E3-2-OPC3_opc3,2,0.8242484864209662,0.0002568324547534,0.8299700000000002,0.00014
1994,1994,dens_2167043968237201720,839,Density,<Substance CC(C)OC(C)C{solv}{x=0.500300}|Cc1ccccc1{solv}{x=0.499700}>,CC(C)OC(C)C,Cc1ccccc1,Protein-Null-0.0.3-4-mer-AAQAA3-1E3-2-OPC3_opc3,2,0.788982483824281,0.0002326074521442,0.7849200000000002,0.000155
1995,1995,dhmix_578047845607378963,840,EnthalpyOfMixing,<Substance CN1CCCC1=O{solv}{x=0.635900}|c1ccncc1{solv}{x=0.364100}>,CN1CCCC1=O,c1ccncc1,Protein-Null-0.0.3-4-mer-AAQAA3-1E3-2-OPC3_opc3,2,-0.3996420097235145,0.0370228818107908,-0.4013,0.10035
1996,1996,dhmix_625120262301063359,841,EnthalpyOfMixing,<Substance CN1CCCC1=O{solv}{x=0.231200}|c1ccncc1{solv}{x=0.768800}>,CN1CCCC1=O,c1ccncc1,Protein-Null-0.0.3-4-mer-AAQAA3-1E3-2-OPC3_opc3,2,-0.3511719263248523,0.0369484085872274,-0.3157,0.07895
1997,1997,dens_1059919274311274879,842,Density,<Substance CN1CCCC1=O{solv}{x=0.521500}|c1ccncc1{solv}{x=0.478500}>,CN1CCCC1=O,c1ccncc1,Protein-Null-0.0.3-4-mer-AAQAA3-1E3-2-OPC3_opc3,2,0.9935092134155236,0.0002035844247748,1.0158200000000004,0.00051
1998,1998,dens_1445187430653020908,843,Density,<Substance CN1CCCC1=O{solv}{x=0.234800}|c1ccncc1{solv}{x=0.765200}>,CN1CCCC1=O,c1ccncc1,Protein-Null-0.0.3-4-mer-AAQAA3-1E3-2-OPC3_opc3,2,0.9859623991989548,0.0002722689330327,0.9983500000000004,0.00051
1999,1999,dhmix_1933003504821603087,844,EnthalpyOfMixing,<Substance CN1CCCC1=O{solv}{x=0.499500}|c1ccncc1{solv}{x=0.500500}>,CN1CCCC1=O,c1ccncc1,Protein-Null-0.0.3-4-mer-AAQAA3-1E3-2-OPC3_opc3,2,-0.4626713964471438,0.0392333599511295,-0.4356,0.1089
2000,2000,dens_2199047009222847682,845,Density,<Substance CN1CCCC1=O{solv}{x=0.636400}|c1ccncc1{solv}{x=0.363600}>,CN1CCCC1=O,c1ccncc1,Protein-Null-0.0.3-4-mer-AAQAA3-1E3-2-OPC3_opc3,2,0.9949684498312136,0.0002182369362297,1.0207400000000002,0.00051
2001,2001,dens_586351122522837789,846,Density,<Substance c1cc[nH]c1{solv}{x=0.820700}|c1ccccc1{solv}{x=0.179300}>,c1cc[nH]c1,c1ccccc1,Protein-Null-0.0.3-4-mer-AAQAA3-1E3-2-OPC3_opc3,2,0.9573160720817732,0.0002337648493153,0.9503300000000002,0.000195
2002,2002,dhmix_1101447260293284221,847,EnthalpyOfMixing,<Substance c1cc[nH]c1{solv}{x=0.494000}|c1ccccc1{solv}{x=0.506000}>,c1cc[nH]c1,c1ccccc1,Protein-Null-0.0.3-4-mer-AAQAA3-1E3-2-OPC3_opc3,2,0.5506733288098786,0.0286889121984952,0.609,0.00395
2003,2003,dens_1366042600317618213,848,Density,<Substance c1cc[nH]c1{solv}{x=0.503000}|c1ccccc1{solv}{x=0.497000}>,c1cc[nH]c1,c1ccccc1,Protein-Null-0.0.3-4-mer-AAQAA3-1E3-2-OPC3_opc3,2,0.9161863117538572,0.0002619361234401,0.9220400000000002,0.00019
2004,2004,dens_2042223650153961549,849,Density,<Substance c1cc[nH]c1{solv}{x=0.314200}|c1ccccc1{solv}{x=0.685800}>,c1cc[nH]c1,c1ccccc1,Protein-Null-0.0.3-4-mer-AAQAA3-1E3-2-OPC3_opc3,2,0.8956356024210387,0.0002016582088155,0.9043500000000002,0.000195
2005,2005,dhmix_2080652523589171296,850,EnthalpyOfMixing,<Substance c1cc[nH]c1{solv}{x=0.820800}|c1ccccc1{solv}{x=0.179200}>,c1cc[nH]c1,c1ccccc1,Protein-Null-0.0.3-4-mer-AAQAA3-1E3-2-OPC3_opc3,2,0.3256184736246865,0.0366305388153742,0.3441,0.00245
2006,2006,dhmix_2101365800313583195,851,EnthalpyOfMixing,<Substance c1cc[nH]c1{solv}{x=0.314000}|c1ccccc1{solv}{x=0.686000}>,c1cc[nH]c1,c1ccccc1,Protein-Null-0.0.3-4-mer-AAQAA3-1E3-2-OPC3_opc3,2,0.5226178047130219,0.0361295409954101,0.5893,0.00385
2007,2007,dens_592296207180530796,852,Density,<Substance C1CCNCC1{solv}{x=0.250000}|O{solv}{x=0.750000}>,C1CCNCC1,O,Protein-Null-0.0.3-4-mer-AAQAA3-1E3-2-OPC3_opc3,2,0.9221775474703278,0.0002742928533386,0.9379600000000002,0.000185
2008,2008,dhmix_598563182385523239,853,EnthalpyOfMixing,<Substance C1CCNCC1{solv}{x=0.750000}|O{solv}{x=0.250000}>,C1CCNCC1,O,Protein-Null-0.0.3-4-mer-AAQAA3-1E3-2-OPC3_opc3,2,-0.8548392707872665,0.0364032069116437,-1.4628,0.02995
2009,2009,dens_1144696340343060729,854,Density,<Substance C1CCNCC1{solv}{x=0.500000}|O{solv}{x=0.500000}>,C1CCNCC1,O,Protein-Null-0.0.3-4-mer-AAQAA3-1E3-2-OPC3_opc3,2,0.8942293440754046,0.0002838798769694,0.90329,0.000235
2010,2010,dens_1551117370864361960,855,Density,<Substance C1CCNCC1{solv}{x=0.750000}|O{solv}{x=0.250000}>,C1CCNCC1,O,Protein-Null-0.0.3-4-mer-AAQAA3-1E3-2-OPC3_opc3,2,0.8776513663788205,0.0002331240352055,0.8771300000000002,0.000285
2011,2011,dhmix_2023343497633678069,856,EnthalpyOfMixing,<Substance C1CCNCC1{solv}{x=0.500000}|O{solv}{x=0.500000}>,C1CCNCC1,O,Protein-Null-0.0.3-4-mer-AAQAA3-1E3-2-OPC3_opc3,2,-1.245142741264475,0.0309268571515502,-2.1379,0.04355
2012,2012,dhmix_2169709193905404129,857,EnthalpyOfMixing,<Substance C1CCNCC1{solv}{x=0.250000}|O{solv}{x=0.750000}>,C1CCNCC1,O,Protein-Null-0.0.3-4-mer-AAQAA3-1E3-2-OPC3_opc3,2,-0.955616365265163,0.0262814647435199,-1.9642,0.04065
2013,2013,dhmix_597694390671293228,858,EnthalpyOfMixing,<Substance C1CCCCC1{solv}{x=0.495000}|c1cc[nH]c1{solv}{x=0.505000}>,C1CCCCC1,c1cc[nH]c1,Protein-Null-0.0.3-4-mer-AAQAA3-1E3-2-OPC3_opc3,2,1.6292411948523409,0.0412929105575323,1.4275,0.00895
2014,2014,dens_1402964712081643759,859,Density,<Substance C1CCCCC1{solv}{x=0.281700}|c1cc[nH]c1{solv}{x=0.718300}>,C1CCCCC1,c1cc[nH]c1,Protein-Null-0.0.3-4-mer-AAQAA3-1E3-2-OPC3_opc3,2,0.8891192508162725,0.000217315939242,0.9082800000000002,0.00023
2015,2015,dens_1463337814181203578,860,Density,<Substance C1CCCCC1{solv}{x=0.925100}|c1cc[nH]c1{solv}{x=0.074900}>,C1CCCCC1,c1cc[nH]c1,Protein-Null-0.0.3-4-mer-AAQAA3-1E3-2-OPC3_opc3,2,0.7625106178302737,0.000235549499259,0.7860300000000001,0.00026
2016,2016,dens_1586039458655447443,861,Density,<Substance C1CCCCC1{solv}{x=0.494200}|c1cc[nH]c1{solv}{x=0.505800}>,C1CCCCC1,c1cc[nH]c1,Protein-Null-0.0.3-4-mer-AAQAA3-1E3-2-OPC3_opc3,2,0.8367960513416564,0.0002752749951847,0.8661300000000002,0.000235
2017,2017,dhmix_1650717903260721901,862,EnthalpyOfMixing,<Substance C1CCCCC1{solv}{x=0.924800}|c1cc[nH]c1{solv}{x=0.075200}>,C1CCCCC1,c1cc[nH]c1,Protein-Null-0.0.3-4-mer-AAQAA3-1E3-2-OPC3_opc3,2,0.787240025681669,0.0461732559538611,0.7315,0.00535
2018,2018,dhmix_1709124910710738018,863,EnthalpyOfMixing,<Substance C1CCCCC1{solv}{x=0.281800}|c1cc[nH]c1{solv}{x=0.718200}>,C1CCCCC1,c1cc[nH]c1,Protein-Null-0.0.3-4-mer-AAQAA3-1E3-2-OPC3_opc3,2,1.3766645092626533,0.0297041393658639,1.245,0.00795
2019,2019,dhmix_602003453564252918,864,EnthalpyOfMixing,<Substance COc1ccccc1{solv}{x=0.767000}|OCCc1ccccc1{solv}{x=0.233000}>,COc1ccccc1,OCCc1ccccc1,Protein-Null-0.0.3-4-mer-AAQAA3-1E3-2-OPC3_opc3,2,0.9199859485813988,0.0439837223656003,1.1154,0.01195
2020,2020,dhmix_831666159864093343,865,EnthalpyOfMixing,<Substance COc1ccccc1{solv}{x=0.267800}|OCCc1ccccc1{solv}{x=0.732200}>,COc1ccccc1,OCCc1ccccc1,Protein-Null-0.0.3-4-mer-AAQAA3-1E3-2-OPC3_opc3,2,0.4780107263360378,0.0531213553233536,0.688,0.00745
2021,2021,dhmix_1415130215717622630,866,EnthalpyOfMixing,<Substance COc1ccccc1{solv}{x=0.523200}|OCCc1ccccc1{solv}{x=0.476800}>,COc1ccccc1,OCCc1ccccc1,Protein-Null-0.0.3-4-mer-AAQAA3-1E3-2-OPC3_opc3,2,0.8714787737301535,0.0478332496479309,1.0457,0.0112
2022,2022,dens_2018050376435813399,867,Density,<Substance COc1ccccc1{solv}{x=0.767300}|OCCc1ccccc1{solv}{x=0.232700}>,COc1ccccc1,OCCc1ccccc1,Protein-Null-0.0.3-4-mer-AAQAA3-1E3-2-OPC3_opc3,2,0.9774627704912734,0.0002201711547875,0.9869000000000002,0.00026
2023,2023,dens_2083067547090229321,868,Density,<Substance COc1ccccc1{solv}{x=0.524500}|OCCc1ccccc1{solv}{x=0.475500}>,COc1ccccc1,OCCc1ccccc1,Protein-Null-0.0.3-4-mer-AAQAA3-1E3-2-OPC3_opc3,2,0.985905778650454,0.0001726876978279,0.9943600000000002,0.00026
2024,2024,dens_2108796896152795987,869,Density,<Substance COc1ccccc1{solv}{x=0.212100}|OCCc1ccccc1{solv}{x=0.787900}>,COc1ccccc1,OCCc1ccccc1,Protein-Null-0.0.3-4-mer-AAQAA3-1E3-2-OPC3_opc3,2,0.9962996226103452,0.0002453514927097,1.0032600000000005,0.00026
2025,2025,dhmix_607389561715885318,870,EnthalpyOfMixing,<Substance CC(C)O{solv}{x=0.750600}|CCOC(=O)CC(=O)OCC{solv}{x=0.249400}>,CC(C)O,CCOC(=O)CC(=O)OCC,Protein-Null-0.0.3-4-mer-AAQAA3-1E3-2-OPC3_opc3,2,1.9868027196970957,0.0409945599406705,1.955,0.021
2026,2026,dhmix_970997719035766241,871,EnthalpyOfMixing,<Substance CC(C)O{solv}{x=0.249200}|CCOC(=O)CC(=O)OCC{solv}{x=0.750800}>,CC(C)O,CCOC(=O)CC(=O)OCC,Protein-Null-0.0.3-4-mer-AAQAA3-1E3-2-OPC3_opc3,2,1.5653754678563985,0.0442248141192714,1.804,0.0195
2027,2027,dens_1055220895195342210,872,Density,<Substance CC(C)O{solv}{x=0.700000}|CCOC(=O)CC(=O)OCC{solv}{x=0.300000}>,CC(C)O,CCOC(=O)CC(=O)OCC,Protein-Null-0.0.3-4-mer-AAQAA3-1E3-2-OPC3_opc3,2,0.9203036588229532,0.0002333064302896,0.9013080000000002,0.000163
2028,2028,dens_1059428282849222105,873,Density,<Substance CC(C)O{solv}{x=0.500100}|CCOC(=O)CC(=O)OCC{solv}{x=0.499900}>,CC(C)O,CCOC(=O)CC(=O)OCC,Protein-Null-0.0.3-4-mer-AAQAA3-1E3-2-OPC3_opc3,2,0.9747362588587096,0.0002037672897415,0.9563730000000004,0.0001215
2029,2029,dhmix_2225069850502215858,874,EnthalpyOfMixing,<Substance CC(C)O{solv}{x=0.499700}|CCOC(=O)CC(=O)OCC{solv}{x=0.500300}>,CC(C)O,CCOC(=O)CC(=O)OCC,Protein-Null-0.0.3-4-mer-AAQAA3-1E3-2-OPC3_opc3,2,2.1732137799980364,0.0458122499818932,2.369,0.0255
2030,2030,dens_2227064517025896927,875,Density,<Substance CC(C)O{solv}{x=0.200000}|CCOC(=O)CC(=O)OCC{solv}{x=0.800000}>,CC(C)O,CCOC(=O)CC(=O)OCC,Protein-Null-0.0.3-4-mer-AAQAA3-1E3-2-OPC3_opc3,2,1.0327127513676315,0.0002338229718635,1.0176930000000002,0.000103
2031,2031,dhmix_614525131410782877,876,EnthalpyOfMixing,<Substance CCCCCC(C)=O{solv}{x=0.491300}|CCCCNCCCC{solv}{x=0.508700}>,CCCCCC(C)=O,CCCCNCCCC,Protein-Null-0.0.3-4-mer-AAQAA3-1E3-2-OPC3_opc3,2,-0.1423078413621823,0.0492813375519178,0.278,0.003
2032,2032,dhmix_1051001364116056564,877,EnthalpyOfMixing,<Substance CCCCCC(C)=O{solv}{x=0.781100}|CCCCNCCCC{solv}{x=0.218900}>,CCCCCC(C)=O,CCCCNCCCC,Protein-Null-0.0.3-4-mer-AAQAA3-1E3-2-OPC3_opc3,2,-0.1517933718634125,0.0487116028649898,0.164,0.002
2033,2033,dens_1087422962538109584,878,Density,<Substance CCCCCC(C)=O{solv}{x=0.449900}|CCCCNCCCC{solv}{x=0.550100}>,CCCCCC(C)=O,CCCCNCCCC,Protein-Null-0.0.3-4-mer-AAQAA3-1E3-2-OPC3_opc3,2,0.7749521342023501,0.0001864159540725,0.7778490000000002,9.250000000000004e-05
2034,2034,dens_1830187222448876426,879,Density,<Substance CCCCCC(C)=O{solv}{x=0.209700}|CCCCNCCCC{solv}{x=0.790300}>,CCCCCC(C)=O,CCCCNCCCC,Protein-Null-0.0.3-4-mer-AAQAA3-1E3-2-OPC3_opc3,2,0.7654680802233154,0.0001458546736037,0.7655110000000002,8.400000000000002e-05
2035,2035,dens_2113849591242853193,880,Density,<Substance CCCCCC(C)=O{solv}{x=0.750900}|CCCCNCCCC{solv}{x=0.249100}>,CCCCCC(C)=O,CCCCNCCCC,Protein-Null-0.0.3-4-mer-AAQAA3-1E3-2-OPC3_opc3,2,0.7875186918445634,0.0001881580243665,0.7951660000000003,0.000105
2036,2036,dhmix_2131918011494960609,881,EnthalpyOfMixing,<Substance CCCCCC(C)=O{solv}{x=0.294700}|CCCCNCCCC{solv}{x=0.705300}>,CCCCCC(C)=O,CCCCNCCCC,Protein-Null-0.0.3-4-mer-AAQAA3-1E3-2-OPC3_opc3,2,-0.1146462192166524,0.0425142238922111,0.256,0.003
2037,2037,dhmix_618866445574413387,882,EnthalpyOfMixing,<Substance C1CCOCC1{solv}{x=0.442500}|Cc1ccccc1C{solv}{x=0.557500}>,C1CCOCC1,Cc1ccccc1C,Protein-Null-0.0.3-4-mer-AAQAA3-1E3-2-OPC3_opc3,2,0.0116729538778201,0.0483062311633004,-0.0342,0.0006
2038,2038,dens_643927890193937545,883,Density,<Substance C1CCOCC1{solv}{x=0.518700}|Cc1ccccc1C{solv}{x=0.481300}>,C1CCOCC1,Cc1ccccc1C,Protein-Null-0.0.3-4-mer-AAQAA3-1E3-2-OPC3_opc3,2,0.8613613422472904,0.0002369336507311,0.8779900000000003,0.0005
2039,2039,dhmix_1129414916141538177,884,EnthalpyOfMixing,<Substance C1CCOCC1{solv}{x=0.744300}|Cc1ccccc1C{solv}{x=0.255700}>,C1CCOCC1,Cc1ccccc1C,Protein-Null-0.0.3-4-mer-AAQAA3-1E3-2-OPC3_opc3,2,-0.054688374197596,0.0444354740699551,0.0421,0.00065
2040,2040,dens_1429468909820653032,885,Density,<Substance C1CCOCC1{solv}{x=0.231800}|Cc1ccccc1C{solv}{x=0.768200}>,C1CCOCC1,Cc1ccccc1C,Protein-Null-0.0.3-4-mer-AAQAA3-1E3-2-OPC3_opc3,2,0.8575568982546212,0.0002510758202963,0.8770400000000002,0.0005
2041,2041,dens_1442497603142913792,886,Density,<Substance C1CCOCC1{solv}{x=0.772900}|Cc1ccccc1C{solv}{x=0.227100}>,C1CCOCC1,Cc1ccccc1C,Protein-Null-0.0.3-4-mer-AAQAA3-1E3-2-OPC3_opc3,2,0.8646419622677063,0.0002422479203227,0.8787800000000002,0.000505
2042,2042,dhmix_2268256048157488415,887,EnthalpyOfMixing,<Substance C1CCOCC1{solv}{x=0.245400}|Cc1ccccc1C{solv}{x=0.754600}>,C1CCOCC1,Cc1ccccc1C,Protein-Null-0.0.3-4-mer-AAQAA3-1E3-2-OPC3_opc3,2,-0.0684532619372078,0.041717375757492,-0.0613,0.00085
2043,2043,dens_626398848152359169,888,Density,<Substance C1COCCN1{solv}{x=0.498000}|O{solv}{x=0.502000}>,C1COCCN1,O,Protein-Null-0.0.3-4-mer-AAQAA3-1E3-2-OPC3_opc3,2,1.048700819323105,0.0005821892844,1.0255000000000003,0.00255
2044,2044,dhmix_773913810754342365,889,EnthalpyOfMixing,<Substance C1COCCN1{solv}{x=0.714900}|O{solv}{x=0.285100}>,C1COCCN1,O,Protein-Null-0.0.3-4-mer-AAQAA3-1E3-2-OPC3_opc3,2,-1.904186717812479,0.0345648338407448,-1.753,0.019
2045,2045,dhmix_1012297674499495059,890,EnthalpyOfMixing,<Substance C1COCCN1{solv}{x=0.201000}|O{solv}{x=0.799000}>,C1COCCN1,O,Protein-Null-0.0.3-4-mer-AAQAA3-1E3-2-OPC3_opc3,2,-1.6109990144895132,0.0258886566411703,-2.758,0.0295
2046,2046,dens_1167008264969667349,891,Density,<Substance C1COCCN1{solv}{x=0.793000}|O{solv}{x=0.207000}>,C1COCCN1,O,Protein-Null-0.0.3-4-mer-AAQAA3-1E3-2-OPC3_opc3,2,1.046068544444132,0.0002989424918542,1.0057000000000005,0.00245
2047,2047,dhmix_1871930573512426354,892,EnthalpyOfMixing,<Substance C1COCCN1{solv}{x=0.491100}|O{solv}{x=0.508900}>,C1COCCN1,O,Protein-Null-0.0.3-4-mer-AAQAA3-1E3-2-OPC3_opc3,2,-2.55357459053738,0.0475948864594921,-3.131,0.0335
2048,2048,dens_2014911999593579414,893,Density,<Substance C1COCCN1{solv}{x=0.298000}|O{solv}{x=0.702000}>,C1COCCN1,O,Protein-Null-0.0.3-4-mer-AAQAA3-1E3-2-OPC3_opc3,2,1.044872589929296,0.0003835193908973,1.0309000000000004,0.00255
2049,2049,dens_627753907231278660,894,Density,<Substance CCC(C)=O{solv}{x=0.753100}|CCCNCCC{solv}{x=0.246900}>,CCC(C)=O,CCCNCCC,Protein-Null-0.0.3-4-mer-AAQAA3-1E3-2-OPC3_opc3,2,0.7633509065675113,0.0002764377892263,0.7771510000000001,0.000109
2050,2050,dens_674236159588910357,895,Density,<Substance CCC(C)=O{solv}{x=0.244600}|CCCNCCC{solv}{x=0.755400}>,CCC(C)=O,CCCNCCC,Protein-Null-0.0.3-4-mer-AAQAA3-1E3-2-OPC3_opc3,2,0.742992330819025,0.0001959252791622,0.7446230000000003,0.0001405
2051,2051,dhmix_749228177959685874,896,EnthalpyOfMixing,<Substance CCC(C)=O{solv}{x=0.235300}|CCCNCCC{solv}{x=0.764700}>,CCC(C)=O,CCCNCCC,Protein-Null-0.0.3-4-mer-AAQAA3-1E3-2-OPC3_opc3,2,-0.0699632653146338,0.0430001535831054,0.299,0.0035
2052,2052,dhmix_1706960823617656563,897,EnthalpyOfMixing,<Substance CCC(C)=O{solv}{x=0.698400}|CCCNCCC{solv}{x=0.301600}>,CCC(C)=O,CCCNCCC,Protein-Null-0.0.3-4-mer-AAQAA3-1E3-2-OPC3_opc3,2,0.0533380094184003,0.0406906507679982,0.334,0.0035
2053,2053,dhmix_2102794241345605516,898,EnthalpyOfMixing,<Substance CCC(C)=O{solv}{x=0.505000}|CCCNCCC{solv}{x=0.495000}>,CCC(C)=O,CCCNCCC,Protein-Null-0.0.3-4-mer-AAQAA3-1E3-2-OPC3_opc3,2,0.040719426362699,0.0434084466926099,0.397,0.0045
2054,2054,dens_2224864308887622456,899,Density,<Substance CCC(C)=O{solv}{x=0.500600}|CCCNCCC{solv}{x=0.499400}>,CCC(C)=O,CCCNCCC,Protein-Null-0.0.3-4-mer-AAQAA3-1E3-2-OPC3_opc3,2,0.7529160775924731,0.0002293774766744,0.7590400000000002,0.000125
2055,2055,dhmix_628329103086906726,900,EnthalpyOfMixing,<Substance CC1CCCCC1{solv}{x=0.250400}|CCCO{solv}{x=0.749600}>,CC1CCCCC1,CCCO,Protein-Null-0.0.3-4-mer-AAQAA3-1E3-2-OPC3_opc3,2,0.4274627953482977,0.0399572169280536,0.321,0.0055
2056,2056,dhmix_989207392771680315,901,EnthalpyOfMixing,<Substance CC1CCCCC1{solv}{x=0.750500}|CCCO{solv}{x=0.249500}>,CC1CCCCC1,CCCO,Protein-Null-0.0.3-4-mer-AAQAA3-1E3-2-OPC3_opc3,2,0.6074516155781424,0.0471012836995972,0.574,0.0055
2057,2057,dens_1351260115393741606,902,Density,<Substance CC1CCCCC1{solv}{x=0.503100}|CCCO{solv}{x=0.496900}>,CC1CCCCC1,CCCO,Protein-Null-0.0.3-4-mer-AAQAA3-1E3-2-OPC3_opc3,2,0.7701408412965438,0.0002199915516618,0.7785600000000001,0.0039
2058,2058,dens_1376195506089851480,903,Density,<Substance CC1CCCCC1{solv}{x=0.202700}|CCCO{solv}{x=0.797300}>,CC1CCCCC1,CCCO,Protein-Null-0.0.3-4-mer-AAQAA3-1E3-2-OPC3_opc3,2,0.7827152867752811,0.0001926521893056,0.7942000000000002,0.00398
2059,2059,dens_1501229836503112732,904,Density,<Substance CC1CCCCC1{solv}{x=0.799000}|CCCO{solv}{x=0.201000}>,CC1CCCCC1,CCCO,Protein-Null-0.0.3-4-mer-AAQAA3-1E3-2-OPC3_opc3,2,0.7612794956151739,0.0002026244631291,0.7688300000000002,0.003855
2060,2060,dhmix_2109805019413953371,905,EnthalpyOfMixing,<Substance CC1CCCCC1{solv}{x=0.500400}|CCCO{solv}{x=0.499600}>,CC1CCCCC1,CCCO,Protein-Null-0.0.3-4-mer-AAQAA3-1E3-2-OPC3_opc3,2,0.6319515267572484,0.0385552514086601,0.533,0.0055
2061,2061,dhmix_634764080264908666,906,EnthalpyOfMixing,<Substance OCCN1CCOCC1{solv}{x=0.498900}|O{solv}{x=0.501100}>,O,OCCN1CCOCC1,Protein-Null-0.0.3-4-mer-AAQAA3-1E3-2-OPC3_opc3,2,-2.645447489144175,0.0341928914781947,-2.2633,0.02415
2062,2062,dens_707792343667224312,907,Density,<Substance OCCN1CCOCC1{solv}{x=0.246600}|O{solv}{x=0.753400}>,O,OCCN1CCOCC1,Protein-Null-0.0.3-4-mer-AAQAA3-1E3-2-OPC3_opc3,2,1.0810607297630246,0.000314774533899,1.0838100000000002,0.00154
2063,2063,dhmix_1064373607860850902,908,EnthalpyOfMixing,<Substance OCCN1CCOCC1{solv}{x=0.694900}|O{solv}{x=0.305100}>,O,OCCN1CCOCC1,Protein-Null-0.0.3-4-mer-AAQAA3-1E3-2-OPC3_opc3,2,-2.1292436875503995,0.0429802307357369,-1.7936,0.01915
2064,2064,dhmix_1846281306963870091,909,EnthalpyOfMixing,<Substance OCCN1CCOCC1{solv}{x=0.300200}|O{solv}{x=0.699800}>,O,OCCN1CCOCC1,Protein-Null-0.0.3-4-mer-AAQAA3-1E3-2-OPC3_opc3,2,-2.4242023808273103,0.027494414694273,-2.426,0.026
2065,2065,dens_2238932092645470826,910,Density,<Substance OCCN1CCOCC1{solv}{x=0.743900}|O{solv}{x=0.256100}>,O,OCCN1CCOCC1,Protein-Null-0.0.3-4-mer-AAQAA3-1E3-2-OPC3_opc3,2,1.085848500067743,0.0002204242795071,1.08031,0.001565
2066,2066,dens_2269173599223764079,911,Density,<Substance OCCN1CCOCC1{solv}{x=0.485200}|O{solv}{x=0.514800}>,O,OCCN1CCOCC1,Protein-Null-0.0.3-4-mer-AAQAA3-1E3-2-OPC3_opc3,2,1.0915008362009246,0.0002565780445534,1.0866900000000004,0.00159
2067,2067,dhmix_636778454546345333,912,EnthalpyOfMixing,<Substance C1CCCCC1{solv}{x=0.506300}|CNc1ccccc1{solv}{x=0.493700}>,C1CCCCC1,CNc1ccccc1,Protein-Null-0.0.3-4-mer-AAQAA3-1E3-2-OPC3_opc3,2,2.1947183379415094,0.040210784077694,1.628,0.0175
2068,2068,dens_1209163492396921559,913,Density,<Substance C1CCCCC1{solv}{x=0.247000}|CNc1ccccc1{solv}{x=0.753000}>,C1CCCCC1,CNc1ccccc1,Protein-Null-0.0.3-4-mer-AAQAA3-1E3-2-OPC3_opc3,2,0.9311838036481678,0.0001887615064462,0.9289450000000002,0.000272
2069,2069,dens_1438140901521078017,914,Density,<Substance C1CCCCC1{solv}{x=0.494500}|CNc1ccccc1{solv}{x=0.505500}>,C1CCCCC1,CNc1ccccc1,Protein-Null-0.0.3-4-mer-AAQAA3-1E3-2-OPC3_opc3,2,0.8689544984588202,0.0002429676093481,0.8759620000000002,0.0001835
2070,2070,dens_1482697199055102595,915,Density,<Substance C1CCCCC1{solv}{x=0.746400}|CNc1ccccc1{solv}{x=0.253600}>,C1CCCCC1,CNc1ccccc1,Protein-Null-0.0.3-4-mer-AAQAA3-1E3-2-OPC3_opc3,2,0.8082014711060981,0.0001630387045778,0.8233530000000001,0.000138
2071,2071,dhmix_1832297119731463766,916,EnthalpyOfMixing,<Substance C1CCCCC1{solv}{x=0.204700}|CNc1ccccc1{solv}{x=0.795300}>,C1CCCCC1,CNc1ccccc1,Protein-Null-0.0.3-4-mer-AAQAA3-1E3-2-OPC3_opc3,2,1.500528246556165,0.0611631780788912,0.972,0.0105
2072,2072,dhmix_1889368397403208807,917,EnthalpyOfMixing,<Substance C1CCCCC1{solv}{x=0.706600}|CNc1ccccc1{solv}{x=0.293400}>,C1CCCCC1,CNc1ccccc1,Protein-Null-0.0.3-4-mer-AAQAA3-1E3-2-OPC3_opc3,2,1.9603660803689849,0.0453321326828469,1.521,0.0165
2073,2073,dhmix_637657437173907469,918,EnthalpyOfMixing,<Substance CC(C)=O{solv}{x=0.709700}|CNc1ccccc1{solv}{x=0.290300}>,CC(C)=O,CNc1ccccc1,Protein-Null-0.0.3-4-mer-AAQAA3-1E3-2-OPC3_opc3,2,-0.7212169694743586,0.0380235206422702,-0.525,0.0055
2074,2074,dhmix_817594693007274900,919,EnthalpyOfMixing,<Substance CC(C)=O{solv}{x=0.231600}|CNc1ccccc1{solv}{x=0.768400}>,CC(C)=O,CNc1ccccc1,Protein-Null-0.0.3-4-mer-AAQAA3-1E3-2-OPC3_opc3,2,-0.4308444912495419,0.0508752366689298,-0.5,0.0055
2075,2075,dens_830664987854613197,920,Density,<Substance CC(C)=O{solv}{x=0.250300}|CNc1ccccc1{solv}{x=0.749700}>,CC(C)=O,CNc1ccccc1,Protein-Null-0.0.3-4-mer-AAQAA3-1E3-2-OPC3_opc3,2,0.959636286608245,0.0001681317077463,0.9502900000000002,0.0003395
2076,2076,dhmix_1052042310023734389,921,EnthalpyOfMixing,<Substance CC(C)=O{solv}{x=0.508600}|CNc1ccccc1{solv}{x=0.491400}>,CC(C)=O,CNc1ccccc1,Protein-Null-0.0.3-4-mer-AAQAA3-1E3-2-OPC3_opc3,2,-0.8481783477374503,0.0385825539022836,-0.672,0.0075
2077,2077,dens_1302333367899693905,922,Density,<Substance CC(C)=O{solv}{x=0.750600}|CNc1ccccc1{solv}{x=0.249400}>,CC(C)=O,CNc1ccccc1,Protein-Null-0.0.3-4-mer-AAQAA3-1E3-2-OPC3_opc3,2,0.8509992639588345,0.0002711144667749,0.8565010000000002,0.000231
2078,2078,dens_1582643029733708616,923,Density,<Substance CC(C)=O{solv}{x=0.494800}|CNc1ccccc1{solv}{x=0.505200}>,CC(C)=O,CNc1ccccc1,Protein-Null-0.0.3-4-mer-AAQAA3-1E3-2-OPC3_opc3,2,0.913000282197204,0.000250604037597,0.9107940000000002,0.000263
2079,2079,dens_650566412384126439,924,Density,<Substance CC(C)CC(C)(C)C{solv}{x=0.158800}|CCCCC(=O)OC{solv}{x=0.841200}>,CC(C)CC(C)(C)C,CCCCC(=O)OC,Protein-Null-0.0.3-4-mer-AAQAA3-1E3-2-OPC3_opc3,2,0.8479169589632183,0.000211020904811,0.8463800000000002,0.000505
2080,2080,dhmix_986100941633296124,925,EnthalpyOfMixing,<Substance CC(C)CC(C)(C)C{solv}{x=0.481800}|CCCCC(=O)OC{solv}{x=0.518200}>,CC(C)CC(C)(C)C,CCCCC(=O)OC,Protein-Null-0.0.3-4-mer-AAQAA3-1E3-2-OPC3_opc3,2,1.29599823756719,0.0453252799075375,0.866,0.0095
2081,2081,dens_1095352626338523806,926,Density,<Substance CC(C)CC(C)(C)C{solv}{x=0.742500}|CCCCC(=O)OC{solv}{x=0.257500}>,CC(C)CC(C)(C)C,CCCCC(=O)OC,Protein-Null-0.0.3-4-mer-AAQAA3-1E3-2-OPC3_opc3,2,0.7423025400387606,0.000212395665262,0.7289800000000002,0.000505
2082,2082,dens_1260001645299629257,927,Density,<Substance CC(C)CC(C)(C)C{solv}{x=0.498400}|CCCCC(=O)OC{solv}{x=0.501600}>,CC(C)CC(C)(C)C,CCCCC(=O)OC,Protein-Null-0.0.3-4-mer-AAQAA3-1E3-2-OPC3_opc3,2,0.7825111958148491,0.0002171898959659,0.7738400000000002,0.000505
2083,2083,dhmix_1505455794590867712,928,EnthalpyOfMixing,<Substance CC(C)CC(C)(C)C{solv}{x=0.158900}|CCCCC(=O)OC{solv}{x=0.841100}>,CC(C)CC(C)(C)C,CCCCC(=O)OC,Protein-Null-0.0.3-4-mer-AAQAA3-1E3-2-OPC3_opc3,2,0.719392976755195,0.0535040944626223,0.438,0.005
2084,2084,dhmix_1888614200283593194,929,EnthalpyOfMixing,<Substance CC(C)CC(C)(C)C{solv}{x=0.781300}|CCCCC(=O)OC{solv}{x=0.218700}>,CC(C)CC(C)(C)C,CCCCC(=O)OC,Protein-Null-0.0.3-4-mer-AAQAA3-1E3-2-OPC3_opc3,2,1.0262409414584823,0.054082648186977,0.658,0.007
2085,2085,dhmix_657900975986635712,930,EnthalpyOfMixing,<Substance Cc1ccccc1N{solv}{x=0.782700}|Cc1ccncc1{solv}{x=0.217300}>,Cc1ccccc1N,Cc1ccncc1,Protein-Null-0.0.3-4-mer-AAQAA3-1E3-2-OPC3_opc3,2,-0.905614582206681,0.0579401507716282,-0.8885,0.0182
2086,2086,dhmix_727678512066874384,931,EnthalpyOfMixing,<Substance Cc1ccccc1N{solv}{x=0.478300}|Cc1ccncc1{solv}{x=0.521700}>,Cc1ccccc1N,Cc1ccncc1,Protein-Null-0.0.3-4-mer-AAQAA3-1E3-2-OPC3_opc3,2,-1.7926099591460058,0.0397438152897051,-1.4295,0.0291
2087,2087,dhmix_860941552641107708,932,EnthalpyOfMixing,<Substance Cc1ccccc1N{solv}{x=0.271500}|Cc1ccncc1{solv}{x=0.728500}>,Cc1ccccc1N,Cc1ccncc1,Protein-Null-0.0.3-4-mer-AAQAA3-1E3-2-OPC3_opc3,2,-1.413006519403723,0.0426159166054808,-1.1791,0.02405
2088,2088,dens_1148106102021344214,933,Density,<Substance Cc1ccccc1N{solv}{x=0.265500}|Cc1ccncc1{solv}{x=0.734500}>,Cc1ccccc1N,Cc1ccncc1,Protein-Null-0.0.3-4-mer-AAQAA3-1E3-2-OPC3_opc3,2,0.9686262031387616,0.0002039634207678,0.9662520000000002,0.00012
2089,2089,dens_1294189007890656769,934,Density,<Substance Cc1ccccc1N{solv}{x=0.486300}|Cc1ccncc1{solv}{x=0.513700}>,Cc1ccccc1N,Cc1ccncc1,Protein-Null-0.0.3-4-mer-AAQAA3-1E3-2-OPC3_opc3,2,0.9866171331387946,0.0002017569540564,0.9765780000000002,0.000119
2090,2090,dens_1461384477504239974,935,Density,<Substance Cc1ccccc1N{solv}{x=0.767400}|Cc1ccncc1{solv}{x=0.232600}>,Cc1ccccc1N,Cc1ccncc1,Protein-Null-0.0.3-4-mer-AAQAA3-1E3-2-OPC3_opc3,2,1.005352880122603,0.0002829676954198,0.9868740000000004,0.000118
2091,2091,dens_671712471159959715,936,Density,<Substance CCCCCCN{solv}{x=0.294400}|CN(C)C=O{solv}{x=0.705600}>,CCCCCCN,CN(C)C=O,Protein-Null-0.0.3-4-mer-AAQAA3-1E3-2-OPC3_opc3,2,0.863625904168873,0.0001940240089571,0.8676880000000002,0.001057
2092,2092,dhmix_791979567859859400,937,EnthalpyOfMixing,<Substance CCCCCCN{solv}{x=0.747800}|CN(C)C=O{solv}{x=0.252200}>,CCCCCCN,CN(C)C=O,Protein-Null-0.0.3-4-mer-AAQAA3-1E3-2-OPC3_opc3,2,0.6634644890042978,0.0557045073172329,0.461,0.015
2093,2093,dens_812907294215791908,938,Density,<Substance CCCCCCN{solv}{x=0.450000}|CN(C)C=O{solv}{x=0.550000}>,CCCCCCN,CN(C)C=O,Protein-Null-0.0.3-4-mer-AAQAA3-1E3-2-OPC3_opc3,2,0.8401269005090475,0.0001487365285524,0.8367510000000001,0.001016
2094,2094,dhmix_1553880519684715156,939,EnthalpyOfMixing,<Substance CCCCCCN{solv}{x=0.249700}|CN(C)C=O{solv}{x=0.750300}>,CCCCCCN,CN(C)C=O,Protein-Null-0.0.3-4-mer-AAQAA3-1E3-2-OPC3_opc3,2,0.6170787271098419,0.0449595344219546,0.51,0.0165
2095,2095,dens_1658157305664412923,940,Density,<Substance CCCCCCN{solv}{x=0.745200}|CN(C)C=O{solv}{x=0.254800}>,CCCCCCN,CN(C)C=O,Protein-Null-0.0.3-4-mer-AAQAA3-1E3-2-OPC3_opc3,2,0.8058660734037036,0.0001738751767447,0.7905460000000002,0.0009575
2096,2096,dhmix_2271922176351407084,941,EnthalpyOfMixing,<Substance CCCCCCN{solv}{x=0.499700}|CN(C)C=O{solv}{x=0.500300}>,CCCCCCN,CN(C)C=O,Protein-Null-0.0.3-4-mer-AAQAA3-1E3-2-OPC3_opc3,2,0.6122278387748921,0.0441022122381895,0.661,0.02
2097,2097,dhmix_676105854791415053,942,EnthalpyOfMixing,<Substance C=C(C)[C@H]1CC=C(C)CC1{solv}{x=0.540000}|CCCCCO{solv}{x=0.460000}>,C=C(C)[C@H]1CC=C(C)CC1,CCCCCO,Protein-Null-0.0.3-4-mer-AAQAA3-1E3-2-OPC3_opc3,2,0.8900939787801434,0.0432539517284576,0.858,0.0345
2098,2098,dhmix_865539540276734208,943,EnthalpyOfMixing,<Substance C=C(C)[C@H]1CC=C(C)CC1{solv}{x=0.766000}|CCCCCO{solv}{x=0.234000}>,C=C(C)[C@H]1CC=C(C)CC1,CCCCCO,Protein-Null-0.0.3-4-mer-AAQAA3-1E3-2-OPC3_opc3,2,0.9432894428386048,0.0471858130676402,0.782,0.0315
2099,2099,dens_1544700949225348296,944,Density,<Substance C=C(C)[C@H]1CC=C(C)CC1{solv}{x=0.263500}|CCCCCO{solv}{x=0.736500}>,C=C(C)[C@H]1CC=C(C)CC1,CCCCCO,Protein-Null-0.0.3-4-mer-AAQAA3-1E3-2-OPC3_opc3,2,0.8144339724502093,0.0001812272357031,0.8238000000000002,0.0002
2100,2100,dens_1638649899512334435,945,Density,<Substance C=C(C)[C@H]1CC=C(C)CC1{solv}{x=0.543500}|CCCCCO{solv}{x=0.456500}>,C=C(C)[C@H]1CC=C(C)CC1,CCCCCO,Protein-Null-0.0.3-4-mer-AAQAA3-1E3-2-OPC3_opc3,2,0.8158263795794513,0.0001454663125768,0.8312000000000003,0.0003
2101,2101,dens_2014432371647189246,946,Density,<Substance C=C(C)[C@H]1CC=C(C)CC1{solv}{x=0.725200}|CCCCCO{solv}{x=0.274800}>,C=C(C)[C@H]1CC=C(C)CC1,CCCCCO,Protein-Null-0.0.3-4-mer-AAQAA3-1E3-2-OPC3_opc3,2,0.8170420907155539,0.0001570710022657,0.8354000000000001,0.00035
2102,2102,dhmix_2293008983270202716,947,EnthalpyOfMixing,<Substance C=C(C)[C@H]1CC=C(C)CC1{solv}{x=0.272000}|CCCCCO{solv}{x=0.728000}>,C=C(C)[C@H]1CC=C(C)CC1,CCCCCO,Protein-Null-0.0.3-4-mer-AAQAA3-1E3-2-OPC3_opc3,2,0.4684094920189068,0.0497822157019318,0.532,0.0215
2103,2103,dens_680086766431069719,948,Density,<Substance CN1CCNCC1{solv}{x=0.209100}|O{solv}{x=0.790900}>,CN1CCNCC1,O,Protein-Null-0.0.3-4-mer-AAQAA3-1E3-2-OPC3_opc3,2,1.0105283109244445,0.0005344290735874,1.0013300000000005,4.000000000000001e-05
2104,2104,dhmix_979415629850644100,949,EnthalpyOfMixing,<Substance CN1CCNCC1{solv}{x=0.199800}|O{solv}{x=0.800200}>,CN1CCNCC1,O,Protein-Null-0.0.3-4-mer-AAQAA3-1E3-2-OPC3_opc3,2,-4.342893091795304,0.0297844341852709,-4.495,0.048
2105,2105,dhmix_1386641258873877278,950,EnthalpyOfMixing,<Substance CN1CCNCC1{solv}{x=0.792600}|O{solv}{x=0.207400}>,CN1CCNCC1,O,Protein-Null-0.0.3-4-mer-AAQAA3-1E3-2-OPC3_opc3,2,-1.656790566714477,0.0485307365316119,-1.753,0.019
2106,2106,dhmix_1572121970391530461,951,EnthalpyOfMixing,<Substance CN1CCNCC1{solv}{x=0.550000}|O{solv}{x=0.450000}>,CN1CCNCC1,O,Protein-Null-0.0.3-4-mer-AAQAA3-1E3-2-OPC3_opc3,2,-3.072229541747788,0.0373483206902143,-3.547,0.038
2107,2107,dens_1756096179620961699,952,Density,<Substance CN1CCNCC1{solv}{x=0.510900}|O{solv}{x=0.489100}>,CN1CCNCC1,O,Protein-Null-0.0.3-4-mer-AAQAA3-1E3-2-OPC3_opc3,2,0.9806391576543202,0.0002597428512338,0.9464100000000002,7.000000000000002e-05
2108,2108,dens_1892970147583328629,953,Density,<Substance CN1CCNCC1{solv}{x=0.706500}|O{solv}{x=0.293500}>,CN1CCNCC1,O,Protein-Null-0.0.3-4-mer-AAQAA3-1E3-2-OPC3_opc3,2,0.9630463204222524,0.0001956032550954,0.9223100000000002,8.500000000000002e-05
2109,2109,dhmix_681274412655414068,954,EnthalpyOfMixing,<Substance CCCOC(=O)CC{solv}{x=0.739400}|Cc1ccccc1{solv}{x=0.260600}>,CCCOC(=O)CC,Cc1ccccc1,Protein-Null-0.0.3-4-mer-AAQAA3-1E3-2-OPC3_opc3,2,-0.2295266262513422,0.0463506488991839,-0.1135,0.0033
2110,2110,dhmix_720914323963600437,955,EnthalpyOfMixing,<Substance CCCOC(=O)CC{solv}{x=0.238900}|Cc1ccccc1{solv}{x=0.761100}>,CCCOC(=O)CC,Cc1ccccc1,Protein-Null-0.0.3-4-mer-AAQAA3-1E3-2-OPC3_opc3,2,-0.2927374448415989,0.0395411502957515,-0.1404,0.0037
2111,2111,dens_1397630560016316656,956,Density,<Substance CCCOC(=O)CC{solv}{x=0.274700}|Cc1ccccc1{solv}{x=0.725300}>,CCCOC(=O)CC,Cc1ccccc1,Protein-Null-0.0.3-4-mer-AAQAA3-1E3-2-OPC3_opc3,2,0.858756615454113,0.0002311520039725,0.8675700000000003,0.00018
2112,2112,dhmix_1646061995263935606,957,EnthalpyOfMixing,<Substance CCCOC(=O)CC{solv}{x=0.548600}|Cc1ccccc1{solv}{x=0.451400}>,CCCOC(=O)CC,Cc1ccccc1,Protein-Null-0.0.3-4-mer-AAQAA3-1E3-2-OPC3_opc3,2,-0.3449528772707566,0.0426956270133192,-0.1583,0.004
2113,2113,dens_1792064777238352129,958,Density,<Substance CCCOC(=O)CC{solv}{x=0.490700}|Cc1ccccc1{solv}{x=0.509300}>,CCCOC(=O)CC,Cc1ccccc1,Protein-Null-0.0.3-4-mer-AAQAA3-1E3-2-OPC3_opc3,2,0.8636660401368805,0.000236263137505,0.8707300000000002,0.00019
2114,2114,dens_1826904081955826008,959,Density,<Substance CCCOC(=O)CC{solv}{x=0.734600}|Cc1ccccc1{solv}{x=0.265400}>,CCCOC(=O)CC,Cc1ccccc1,Protein-Null-0.0.3-4-mer-AAQAA3-1E3-2-OPC3_opc3,2,0.8681616777635511,0.0001924423828212,0.8734100000000001,0.00021
2115,2115,dens_685747331874801159,960,Density,<Substance CN1CCOCC1{solv}{x=0.498300}|O{solv}{x=0.501700}>,CN1CCOCC1,O,Protein-Null-0.0.3-4-mer-AAQAA3-1E3-2-OPC3_opc3,2,0.982733996095884,0.0002864620439173,0.9627600000000002,0.00084
2116,2116,dens_1087644349445114282,961,Density,<Substance CN1CCOCC1{solv}{x=0.253800}|O{solv}{x=0.746200}>,CN1CCOCC1,O,Protein-Null-0.0.3-4-mer-AAQAA3-1E3-2-OPC3_opc3,2,0.9979530290913956,0.0004268317331077,0.9918800000000002,0.00059
2117,2117,dens_1374975991061431070,962,Density,<Substance CN1CCOCC1{solv}{x=0.758700}|O{solv}{x=0.241300}>,CN1CCOCC1,O,Protein-Null-0.0.3-4-mer-AAQAA3-1E3-2-OPC3_opc3,2,0.9652088951314366,0.0002694532516046,0.9345300000000002,0.00112
2118,2118,dhmix_686592400130667234,963,EnthalpyOfMixing,<Substance BrCCCBr{solv}{x=0.231300}|COC(C)=O{solv}{x=0.768700}>,BrCCCBr,COC(C)=O,Protein-Null-0.0.3-4-mer-AAQAA3-1E3-2-OPC3_opc3,2,0.161531289871931,0.0357156991485829,0.2115,0.0024
2119,2119,dhmix_691866222529030049,964,EnthalpyOfMixing,<Substance BrCCCBr{solv}{x=0.504200}|COC(C)=O{solv}{x=0.495800}>,BrCCCBr,COC(C)=O,Protein-Null-0.0.3-4-mer-AAQAA3-1E3-2-OPC3_opc3,2,0.2151505567000651,0.0341686724205454,0.3912,0.0038
2120,2120,dens_1032175440351342196,965,Density,<Substance BrCCCBr{solv}{x=0.243500}|COC(C)=O{solv}{x=0.756500}>,BrCCCBr,COC(C)=O,Protein-Null-0.0.3-4-mer-AAQAA3-1E3-2-OPC3_opc3,2,1.2196507938277332,0.0003787062185543,1.2277600000000002,0.00096
2121,2121,dens_1180265274183315765,966,Density,<Substance BrCCCBr{solv}{x=0.713800}|COC(C)=O{solv}{x=0.286200}>,BrCCCBr,COC(C)=O,Protein-Null-0.0.3-4-mer-AAQAA3-1E3-2-OPC3_opc3,2,1.671939375754664,0.0005660393233071,1.7174300000000005,0.002745
2122,2122,dhmix_1380172638999588939,967,EnthalpyOfMixing,<Substance BrCCCBr{solv}{x=0.759400}|COC(C)=O{solv}{x=0.240600}>,BrCCCBr,COC(C)=O,Protein-Null-0.0.3-4-mer-AAQAA3-1E3-2-OPC3_opc3,2,0.2333451269356548,0.0363630985694452,0.313,0.0032
2123,2123,dens_1697077234757321859,968,Density,<Substance BrCCCBr{solv}{x=0.525600}|COC(C)=O{solv}{x=0.474400}>,BrCCCBr,COC(C)=O,Protein-Null-0.0.3-4-mer-AAQAA3-1E3-2-OPC3_opc3,2,1.5041879575360035,0.0003087651070758,1.5338800000000006,0.001965
2124,2124,dens_693154680723850561,969,Density,<Substance CN1CCCC1=O{solv}{x=0.756400}|Cc1ccccc1{solv}{x=0.243600}>,CN1CCCC1=O,Cc1ccccc1,Protein-Null-0.0.3-4-mer-AAQAA3-1E3-2-OPC3_opc3,2,0.9624959594204064,0.0002173819627875,0.9854500000000004,0.00034
2125,2125,dhmix_1759507684169085916,970,EnthalpyOfMixing,<Substance CN1CCCC1=O{solv}{x=0.741800}|Cc1ccccc1{solv}{x=0.258200}>,CN1CCCC1=O,Cc1ccccc1,Protein-Null-0.0.3-4-mer-AAQAA3-1E3-2-OPC3_opc3,2,0.0441322188511463,0.0467956692965483,-0.2141,0.0024
2126,2126,dens_1796497685752507694,971,Density,<Substance CN1CCCC1=O{solv}{x=0.481500}|Cc1ccccc1{solv}{x=0.518500}>,CN1CCCC1=O,Cc1ccccc1,Protein-Null-0.0.3-4-mer-AAQAA3-1E3-2-OPC3_opc3,2,0.9220245109462276,0.0002267681822787,0.9415400000000002,0.00028
2127,2127,dhmix_1857599089574133884,972,EnthalpyOfMixing,<Substance CN1CCCC1=O{solv}{x=0.223100}|Cc1ccccc1{solv}{x=0.776900}>,CN1CCCC1=O,Cc1ccccc1,Protein-Null-0.0.3-4-mer-AAQAA3-1E3-2-OPC3_opc3,2,-0.0918170788634924,0.0430775870368844,-0.1889,0.00215
2128,2128,dens_1886489466266398819,973,Density,<Substance CN1CCCC1=O{solv}{x=0.221600}|Cc1ccccc1{solv}{x=0.778400}>,CN1CCCC1=O,Cc1ccccc1,Protein-Null-0.0.3-4-mer-AAQAA3-1E3-2-OPC3_opc3,2,0.8910276694002027,0.0002372066786732,0.9061600000000002,0.00076
2129,2129,dhmix_2238554893157725289,974,EnthalpyOfMixing,<Substance CN1CCCC1=O{solv}{x=0.482100}|Cc1ccccc1{solv}{x=0.517900}>,CN1CCCC1=O,Cc1ccccc1,Protein-Null-0.0.3-4-mer-AAQAA3-1E3-2-OPC3_opc3,2,-0.1502334228021027,0.0343847029006354,-0.2985,0.0033
2130,2130,dens_717951284355382404,975,Density,<Substance CN1CCCC1=O{solv}{x=0.702300}|ClCCCCCCCl{solv}{x=0.297700}>,CN1CCCC1=O,ClCCCCCCCl,Protein-Null-0.0.3-4-mer-AAQAA3-1E3-2-OPC3_opc3,2,1.024185954140979,0.0001571709875696,1.0416,0.0003
2131,2131,dhmix_859697969059379656,976,EnthalpyOfMixing,<Substance CN1CCCC1=O{solv}{x=0.503000}|ClCCCCCCCl{solv}{x=0.497000}>,CN1CCCC1=O,ClCCCCCCCl,Protein-Null-0.0.3-4-mer-AAQAA3-1E3-2-OPC3_opc3,2,0.262365993040035,0.0435715300008641,-0.2,0.0025
2132,2132,dhmix_916885053388204545,977,EnthalpyOfMixing,<Substance CN1CCCC1=O{solv}{x=0.212000}|ClCCCCCCCl{solv}{x=0.788000}>,CN1CCCC1=O,ClCCCCCCCl,Protein-Null-0.0.3-4-mer-AAQAA3-1E3-2-OPC3_opc3,2,0.2549147543830088,0.0527907267516642,-0.13,0.002
2133,2133,dens_1483670447992291960,978,Density,<Substance CN1CCCC1=O{solv}{x=0.201600}|ClCCCCCCCl{solv}{x=0.798400}>,CN1CCCC1=O,ClCCCCCCCl,Protein-Null-0.0.3-4-mer-AAQAA3-1E3-2-OPC3_opc3,2,1.049737566299108,0.000275485750003,1.0584000000000005,0.00055
2134,2134,dens_1896555095774116819,979,Density,<Substance CN1CCCC1=O{solv}{x=0.504900}|ClCCCCCCCl{solv}{x=0.495100}>,CN1CCCC1=O,ClCCCCCCCl,Protein-Null-0.0.3-4-mer-AAQAA3-1E3-2-OPC3_opc3,2,1.0357687433372194,0.0002043075223907,1.0490000000000002,0.00035
2135,2135,dhmix_2039443272323887912,980,EnthalpyOfMixing,<Substance CN1CCCC1=O{solv}{x=0.797000}|ClCCCCCCCl{solv}{x=0.203000}>,CN1CCCC1=O,ClCCCCCCCl,Protein-Null-0.0.3-4-mer-AAQAA3-1E3-2-OPC3_opc3,2,0.3171539011763045,0.0424693145146072,-0.123,0.002
2136,2136,dhmix_729169544598225866,981,EnthalpyOfMixing,<Substance CN(C)C=O{solv}{x=0.203000}|ClCCCCCCCl{solv}{x=0.797000}>,CN(C)C=O,ClCCCCCCCl,Protein-Null-0.0.3-4-mer-AAQAA3-1E3-2-OPC3_opc3,2,0.4639168478618956,0.0492090117414414,0.195,0.0025
2137,2137,dhmix_1359105787212172230,982,EnthalpyOfMixing,<Substance CN(C)C=O{solv}{x=0.796000}|ClCCCCCCCl{solv}{x=0.204000}>,CN(C)C=O,ClCCCCCCCl,Protein-Null-0.0.3-4-mer-AAQAA3-1E3-2-OPC3_opc3,2,0.5426411662888384,0.0394068736824582,0.24,0.0025
2138,2138,dhmix_1534380829757525169,983,EnthalpyOfMixing,<Substance CN(C)C=O{solv}{x=0.498000}|ClCCCCCCCl{solv}{x=0.502000}>,CN(C)C=O,ClCCCCCCCl,Protein-Null-0.0.3-4-mer-AAQAA3-1E3-2-OPC3_opc3,2,0.7518918127441765,0.0445708626542533,0.34,0.0025
2139,2139,dens_1752369236407148840,984,Density,<Substance CN(C)C=O{solv}{x=0.503300}|ClCCCCCCCl{solv}{x=0.496700}>,CN(C)C=O,ClCCCCCCCl,Protein-Null-0.0.3-4-mer-AAQAA3-1E3-2-OPC3_opc3,2,1.0053402953922552,0.0002279372905559,1.0190000000000003,0.00155
2140,2140,dens_2070195997725277466,985,Density,<Substance CN(C)C=O{solv}{x=0.703400}|ClCCCCCCCl{solv}{x=0.296600}>,CN(C)C=O,ClCCCCCCCl,Protein-Null-0.0.3-4-mer-AAQAA3-1E3-2-OPC3_opc3,2,0.9774209957449312,0.0002452323997251,0.9943000000000002,0.0017
2141,2141,dens_2171945276872385012,986,Density,<Substance CN(C)C=O{solv}{x=0.201300}|ClCCCCCCCl{solv}{x=0.798700}>,CN(C)C=O,ClCCCCCCCl,Protein-Null-0.0.3-4-mer-AAQAA3-1E3-2-OPC3_opc3,2,1.0390421125277205,0.0002162581334221,1.0486000000000002,0.0014
2142,2142,dens_741100297092592576,987,Density,<Substance C1CCCCC1{solv}{x=0.265900}|C1CCOCC1{solv}{x=0.734100}>,C1CCCCC1,C1CCOCC1,Protein-Null-0.0.3-4-mer-AAQAA3-1E3-2-OPC3_opc3,2,0.8343389464355049,0.0002526201169076,0.8470300000000002,0.000505
2143,2143,dens_1002639246322609242,988,Density,<Substance C1CCCCC1{solv}{x=0.762200}|C1CCOCC1{solv}{x=0.237800}>,C1CCCCC1,C1CCOCC1,Protein-Null-0.0.3-4-mer-AAQAA3-1E3-2-OPC3_opc3,2,0.7767204221948485,0.0002282186221704,0.7952000000000002,0.000505
2144,2144,dhmix_1171155554844966705,989,EnthalpyOfMixing,<Substance C1CCCCC1{solv}{x=0.247100}|C1CCOCC1{solv}{x=0.752900}>,C1CCCCC1,C1CCOCC1,Protein-Null-0.0.3-4-mer-AAQAA3-1E3-2-OPC3_opc3,2,0.4827917770263923,0.0438190325128432,0.3613,0.00395
2145,2145,dens_2142973677177666085,990,Density,<Substance C1CCCCC1{solv}{x=0.501800}|C1CCOCC1{solv}{x=0.498200}>,C1CCCCC1,C1CCOCC1,Protein-Null-0.0.3-4-mer-AAQAA3-1E3-2-OPC3_opc3,2,0.8056243033091486,0.0002158776875354,0.8211500000000002,0.000505
2146,2146,dhmix_2195791820105752985,991,EnthalpyOfMixing,<Substance C1CCCCC1{solv}{x=0.726600}|C1CCOCC1{solv}{x=0.273400}>,C1CCCCC1,C1CCOCC1,Protein-Null-0.0.3-4-mer-AAQAA3-1E3-2-OPC3_opc3,2,0.534850080588626,0.0445014930584461,0.4424,0.00485
2147,2147,dhmix_2296999979529762407,992,EnthalpyOfMixing,<Substance C1CCCCC1{solv}{x=0.499000}|C1CCOCC1{solv}{x=0.501000}>,C1CCCCC1,C1CCOCC1,Protein-Null-0.0.3-4-mer-AAQAA3-1E3-2-OPC3_opc3,2,0.6166125007443952,0.0394605065255139,0.526,0.0055
2148,2148,dhmix_744994939606384802,993,EnthalpyOfMixing,<Substance CO{solv}{x=0.300000}|O{solv}{x=0.700000}>,CO,O,Protein-Null-0.0.3-4-mer-AAQAA3-1E3-2-OPC3_opc3,2,-0.1555496125888247,0.0240904107383071,-0.85,0.005
2149,2149,dens_1085345433585028387,994,Density,<Substance CO{solv}{x=0.499700}|O{solv}{x=0.500300}>,CO,O,Protein-Null-0.0.3-4-mer-AAQAA3-1E3-2-OPC3_opc3,2,0.8586826398190981,0.0003202982286214,0.8816900000000003,0.000165
2150,2150,dhmix_1126710771921470495,995,EnthalpyOfMixing,<Substance CO{solv}{x=0.700000}|O{solv}{x=0.300000}>,CO,O,Protein-Null-0.0.3-4-mer-AAQAA3-1E3-2-OPC3_opc3,2,-0.1545341098263266,0.0232727109504313,-0.583,0.0035
2151,2151,dens_1258832080354057572,996,Density,<Substance CO{solv}{x=0.300300}|O{solv}{x=0.699700}>,CO,O,Protein-Null-0.0.3-4-mer-AAQAA3-1E3-2-OPC3_opc3,2,0.9081779715537972,0.0005053222571384,0.9252100000000004,0.000125
2152,2152,dens_1758371820245200558,997,Density,<Substance CO{solv}{x=0.760500}|O{solv}{x=0.239500}>,CO,O,Protein-Null-0.0.3-4-mer-AAQAA3-1E3-2-OPC3_opc3,2,0.8070637371341618,0.0004125330649164,0.8289000000000002,0.0001
2153,2153,dhmix_1824296469249495553,998,EnthalpyOfMixing,<Substance CO{solv}{x=0.500000}|O{solv}{x=0.500000}>,CO,O,Protein-Null-0.0.3-4-mer-AAQAA3-1E3-2-OPC3_opc3,2,-0.1146373300633172,0.0253331973802824,-0.777,0.0045
2154,2154,dhmix_753952445434773754,999,EnthalpyOfMixing,<Substance CCCCCCCCCl{solv}{x=0.493000}|CN1CCCC1=O{solv}{x=0.507000}>,CCCCCCCCCl,CN1CCCC1=O,Protein-Null-0.0.3-4-mer-AAQAA3-1E3-2-OPC3_opc3,2,1.2175328843072464,0.0522336662055612,0.638,0.0035
2155,2155,dhmix_1273186684325800862,1000,EnthalpyOfMixing,<Substance CCCCCCCCCl{solv}{x=0.783000}|CN1CCCC1=O{solv}{x=0.217000}>,CCCCCCCCCl,CN1CCCC1=O,Protein-Null-0.0.3-4-mer-AAQAA3-1E3-2-OPC3_opc3,2,0.8109368935959509,0.0546144034308517,0.371,0.003
2156,2156,dhmix_1457789704046029008,1001,EnthalpyOfMixing,<Substance CCCCCCCCCl{solv}{x=0.202000}|CN1CCCC1=O{solv}{x=0.798000}>,CCCCCCCCCl,CN1CCCC1=O,Protein-Null-0.0.3-4-mer-AAQAA3-1E3-2-OPC3_opc3,2,0.8859053019548568,0.0432749368564113,0.5,0.0035
2157,2157,dens_1965529278608066299,1002,Density,<Substance CCCCCCCCCl{solv}{x=0.299500}|CN1CCCC1=O{solv}{x=0.700500}>,CCCCCCCCCl,CN1CCCC1=O,Protein-Null-0.0.3-4-mer-AAQAA3-1E3-2-OPC3_opc3,2,0.9426082576574212,0.0002198558515035,0.9598000000000002,0.00025
2158,2158,dens_2167805246575708222,1003,Density,<Substance CCCCCCCCCl{solv}{x=0.798600}|CN1CCCC1=O{solv}{x=0.201400}>,CCCCCCCCCl,CN1CCCC1=O,Protein-Null-0.0.3-4-mer-AAQAA3-1E3-2-OPC3_opc3,2,0.8794998779708019,0.0001679525851018,0.8888000000000001,0.00055
2159,2159,dens_2177162670107081086,1004,Density,<Substance CCCCCCCCCl{solv}{x=0.497900}|CN1CCCC1=O{solv}{x=0.502100}>,CCCCCCCCCl,CN1CCCC1=O,Protein-Null-0.0.3-4-mer-AAQAA3-1E3-2-OPC3_opc3,2,0.913819396856985,0.0001949198294038,0.9269000000000002,0.00035
2160,2160,dhmix_756380521637559100,1005,EnthalpyOfMixing,<Substance C1COCCO1{solv}{x=0.500000}|O=C1CCCCC1{solv}{x=0.500000}>,C1COCCO1,O=C1CCCCC1,Protein-Null-0.0.3-4-mer-AAQAA3-1E3-2-OPC3_opc3,2,0.1944164312803451,0.041151519279021,0.28584,0.00154
2161,2161,dens_1139761443535371798,1006,Density,<Substance C1COCCO1{solv}{x=0.459400}|O=C1CCCCC1{solv}{x=0.540600}>,C1COCCO1,O=C1CCCCC1,Protein-Null-0.0.3-4-mer-AAQAA3-1E3-2-OPC3_opc3,2,0.9625365189392306,0.0002413551036363,0.9762000000000004,0.00025
2162,2162,dhmix_1367833850972054360,1007,EnthalpyOfMixing,<Substance C1COCCO1{solv}{x=0.750000}|O=C1CCCCC1{solv}{x=0.250000}>,C1COCCO1,O=C1CCCCC1,Protein-Null-0.0.3-4-mer-AAQAA3-1E3-2-OPC3_opc3,2,0.153691130166095,0.0393913452716862,0.23662,0.001355
2163,2163,dhmix_1533665710565492443,1008,EnthalpyOfMixing,<Substance C1COCCO1{solv}{x=0.250000}|O=C1CCCCC1{solv}{x=0.750000}>,C1COCCO1,O=C1CCCCC1,Protein-Null-0.0.3-4-mer-AAQAA3-1E3-2-OPC3_opc3,2,0.078370915799276,0.0376199507155067,0.20076,0.00121
2164,2164,dens_1556646832168598904,1009,Density,<Substance C1COCCO1{solv}{x=0.797800}|O=C1CCCCC1{solv}{x=0.202200}>,C1COCCO1,O=C1CCCCC1,Protein-Null-0.0.3-4-mer-AAQAA3-1E3-2-OPC3_opc3,2,1.0024794242584367,0.0002209989321011,1.0062000000000002,0.00025
2165,2165,dens_1806066395455679216,1010,Density,<Substance C1COCCO1{solv}{x=0.272000}|O=C1CCCCC1{solv}{x=0.728000}>,C1COCCO1,O=C1CCCCC1,Protein-Null-0.0.3-4-mer-AAQAA3-1E3-2-OPC3_opc3,2,0.9432789812606712,0.0002181211471643,0.9614000000000004,0.00025
2166,2166,dhmix_781473821930081125,1011,EnthalpyOfMixing,<Substance CCOc1ccccc1{solv}{x=0.765100}|OCc1ccccc1{solv}{x=0.234900}>,CCOc1ccccc1,OCc1ccccc1,Protein-Null-0.0.3-4-mer-AAQAA3-1E3-2-OPC3_opc3,2,0.8592166843477429,0.0398972777835644,1.083,0.0116
2167,2167,dhmix_966435122735090568,1012,EnthalpyOfMixing,<Substance CCOc1ccccc1{solv}{x=0.063600}|OCc1ccccc1{solv}{x=0.936400}>,CCOc1ccccc1,OCc1ccccc1,Protein-Null-0.0.3-4-mer-AAQAA3-1E3-2-OPC3_opc3,2,0.1460666312766534,0.0452568791206583,0.1901,0.00225
2168,2168,dens_1184318999137642715,1013,Density,<Substance CCOc1ccccc1{solv}{x=0.064200}|OCc1ccccc1{solv}{x=0.935800}>,CCOc1ccccc1,OCc1ccccc1,Protein-Null-0.0.3-4-mer-AAQAA3-1E3-2-OPC3_opc3,2,1.0255860382023303,0.0001929084590234,1.02761,0.00011
2169,2169,dhmix_1518701992890040137,1014,EnthalpyOfMixing,<Substance CCOc1ccccc1{solv}{x=0.549900}|OCc1ccccc1{solv}{x=0.450100}>,CCOc1ccccc1,OCc1ccccc1,Protein-Null-0.0.3-4-mer-AAQAA3-1E3-2-OPC3_opc3,2,0.9898437802610544,0.039777857896377,1.0561,0.01135
2170,2170,dens_1575045736805268459,1015,Density,<Substance CCOc1ccccc1{solv}{x=0.459800}|OCc1ccccc1{solv}{x=0.540200}>,CCOc1ccccc1,OCc1ccccc1,Protein-Null-0.0.3-4-mer-AAQAA3-1E3-2-OPC3_opc3,2,0.9879071516002544,0.0001642551184513,0.9925100000000002,0.00016
2171,2171,dens_2214650701288997434,1016,Density,<Substance CCOc1ccccc1{solv}{x=0.757200}|OCc1ccccc1{solv}{x=0.242800}>,CCOc1ccccc1,OCc1ccccc1,Protein-Null-0.0.3-4-mer-AAQAA3-1E3-2-OPC3_opc3,2,0.962932393519204,0.0002222450787275,0.9686500000000002,0.000215
2172,2172,dens_800807749587668066,1017,Density,<Substance C1CCOCC1{solv}{x=0.733600}|c1ccncc1{solv}{x=0.266400}>,C1CCOCC1,c1ccncc1,Protein-Null-0.0.3-4-mer-AAQAA3-1E3-2-OPC3_opc3,2,0.8842967243199551,0.0002517489901227,0.8933350000000002,0.000358
2173,2173,dhmix_836757145941804043,1018,EnthalpyOfMixing,<Substance C1CCOCC1{solv}{x=0.291500}|c1ccncc1{solv}{x=0.708500}>,C1CCOCC1,c1ccncc1,Protein-Null-0.0.3-4-mer-AAQAA3-1E3-2-OPC3_opc3,2,0.0472055455201783,0.0355161698389117,0.0898,0.00095
2174,2174,dhmix_1003039131395935786,1019,EnthalpyOfMixing,<Substance C1CCOCC1{solv}{x=0.536300}|c1ccncc1{solv}{x=0.463700}>,C1CCOCC1,c1ccncc1,Protein-Null-0.0.3-4-mer-AAQAA3-1E3-2-OPC3_opc3,2,0.1067081234226847,0.0410045114315906,0.1573,0.0013
2175,2175,dens_1859030547600172702,1020,Density,<Substance C1CCOCC1{solv}{x=0.241500}|c1ccncc1{solv}{x=0.758500}>,C1CCOCC1,c1ccncc1,Protein-Null-0.0.3-4-mer-AAQAA3-1E3-2-OPC3_opc3,2,0.948375111727826,0.0002646382027681,0.9525650000000004,0.000212
2176,2176,dhmix_2191254706131659314,1021,EnthalpyOfMixing,<Substance C1CCOCC1{solv}{x=0.734400}|c1ccncc1{solv}{x=0.265600}>,C1CCOCC1,c1ccncc1,Protein-Null-0.0.3-4-mer-AAQAA3-1E3-2-OPC3_opc3,2,0.1730762554495513,0.0463657375074652,0.1564,0.0013
2177,2177,dens_2239470871208865925,1022,Density,<Substance C1CCOCC1{solv}{x=0.536400}|c1ccncc1{solv}{x=0.463600}>,C1CCOCC1,c1ccncc1,Protein-Null-0.0.3-4-mer-AAQAA3-1E3-2-OPC3_opc3,2,0.9046490728421172,0.0002481444029513,0.9124250000000002,0.0002965
2178,2178,dens_801655585640229277,1023,Density,<Substance C1CCOCC1{solv}{x=0.777600}|CCCC(C)=O{solv}{x=0.222400}>,C1CCOCC1,CCCC(C)=O,Protein-Null-0.0.3-4-mer-AAQAA3-1E3-2-OPC3_opc3,2,0.8479426237006419,0.0002309696061746,0.8602600000000002,0.000225
2179,2179,dhmix_1175081460677389458,1024,EnthalpyOfMixing,<Substance C1CCOCC1{solv}{x=0.250000}|CCCC(C)=O{solv}{x=0.750000}>,C1CCOCC1,CCCC(C)=O,Protein-Null-0.0.3-4-mer-AAQAA3-1E3-2-OPC3_opc3,2,0.1734639184327662,0.0367635914038876,0.06014,0.00063
2180,2180,dens_1481139606755572767,1025,Density,<Substance C1CCOCC1{solv}{x=0.236100}|CCCC(C)=O{solv}{x=0.763900}>,C1CCOCC1,CCCC(C)=O,Protein-Null-0.0.3-4-mer-AAQAA3-1E3-2-OPC3_opc3,2,0.8013327267861907,0.0002351793212625,0.8183900000000002,0.000215
2181,2181,dhmix_1531586108535895092,1026,EnthalpyOfMixing,<Substance C1CCOCC1{solv}{x=0.750000}|CCCC(C)=O{solv}{x=0.250000}>,C1CCOCC1,CCCC(C)=O,Protein-Null-0.0.3-4-mer-AAQAA3-1E3-2-OPC3_opc3,2,0.1507299182545907,0.0438559830463739,0.08245,0.000715
2182,2182,dhmix_2074691820693967219,1027,EnthalpyOfMixing,<Substance C1CCOCC1{solv}{x=0.500000}|CCCC(C)=O{solv}{x=0.500000}>,C1CCOCC1,CCCC(C)=O,Protein-Null-0.0.3-4-mer-AAQAA3-1E3-2-OPC3_opc3,2,0.1532820064753295,0.0452078709829134,0.09128,0.000745
2183,2183,dens_2180187104403779312,1028,Density,<Substance C1CCOCC1{solv}{x=0.504600}|CCCC(C)=O{solv}{x=0.495400}>,C1CCOCC1,CCCC(C)=O,Protein-Null-0.0.3-4-mer-AAQAA3-1E3-2-OPC3_opc3,2,0.8238640601486316,0.0002511742489824,0.8386000000000002,0.00022
2184,2184,dhmix_814516627068967115,1029,EnthalpyOfMixing,<Substance CCCOC=O{solv}{x=0.230800}|ClCCCCl{solv}{x=0.769200}>,CCCOC=O,ClCCCCl,Protein-Null-0.0.3-4-mer-AAQAA3-1E3-2-OPC3_opc3,2,0.2718600452870383,0.0405386298548178,-0.054,0.001
2185,2185,dens_853749747181024442,1030,Density,<Substance CCCOC=O{solv}{x=0.525500}|ClCCCCl{solv}{x=0.474500}>,CCCOC=O,ClCCCCl,Protein-Null-0.0.3-4-mer-AAQAA3-1E3-2-OPC3_opc3,2,1.0294319051461251,0.0003372187034719,1.0302400000000005,0.00176
2186,2186,dhmix_1623640482466530427,1031,EnthalpyOfMixing,<Substance CCCOC=O{solv}{x=0.750900}|ClCCCCl{solv}{x=0.249100}>,CCCOC=O,ClCCCCl,Protein-Null-0.0.3-4-mer-AAQAA3-1E3-2-OPC3_opc3,2,0.1403800235216579,0.0414023796757614,-0.088,0.001
2187,2187,dens_1998603470347754754,1032,Density,<Substance CCCOC=O{solv}{x=0.233600}|ClCCCCl{solv}{x=0.766400}>,CCCOC=O,ClCCCCl,Protein-Null-0.0.3-4-mer-AAQAA3-1E3-2-OPC3_opc3,2,1.1000964846722334,0.0003157270468129,1.1122200000000002,0.00274
2188,2188,dhmix_2003217087101692001,1033,EnthalpyOfMixing,<Substance CCCOC=O{solv}{x=0.514500}|ClCCCCl{solv}{x=0.485500}>,CCCOC=O,ClCCCCl,Protein-Null-0.0.3-4-mer-AAQAA3-1E3-2-OPC3_opc3,2,0.3890288055837843,0.0341770120097197,-0.114,0.0015
2189,2189,dens_2020761603812222512,1034,Density,<Substance CCCOC=O{solv}{x=0.763600}|ClCCCCl{solv}{x=0.236400}>,CCCOC=O,ClCCCCl,Protein-Null-0.0.3-4-mer-AAQAA3-1E3-2-OPC3_opc3,2,0.9704791866458105,0.0002653543623409,0.9644500000000004,0.00119
2190,2190,dens_828893303895070246,1035,Density,<Substance C1CCCCC1{solv}{x=0.249800}|CCCCCCCC{solv}{x=0.750200}>,C1CCCCC1,CCCCCCCC,Protein-Null-0.0.3-4-mer-AAQAA3-1E3-2-OPC3_opc3,2,0.699543545381185,0.0002025866243435,0.7110900000000002,0.000605
2191,2191,dhmix_1288938247372010686,1036,EnthalpyOfMixing,<Substance C1CCCCC1{solv}{x=0.751300}|CCCCCCCC{solv}{x=0.248700}>,C1CCCCC1,CCCCCCCC,Protein-Null-0.0.3-4-mer-AAQAA3-1E3-2-OPC3_opc3,2,0.2933417123249171,0.0453244081962096,0.23,0.005
2192,2192,dens_1398337515687242649,1037,Density,<Substance C1CCCCC1{solv}{x=0.477700}|CCCCCCCC{solv}{x=0.522300}>,C1CCCCC1,CCCCCCCC,Protein-Null-0.0.3-4-mer-AAQAA3-1E3-2-OPC3_opc3,2,0.7113153250137656,0.0002362724449049,0.7250300000000002,0.000585
2193,2193,dhmix_1429498464152515756,1038,EnthalpyOfMixing,<Substance C1CCCCC1{solv}{x=0.532400}|CCCCCCCC{solv}{x=0.467600}>,C1CCCCC1,CCCCCCCC,Protein-Null-0.0.3-4-mer-AAQAA3-1E3-2-OPC3_opc3,2,0.2534178159044558,0.0472667142509104,0.258,0.005
2194,2194,dens_2267960821195706299,1039,Density,<Substance C1CCCCC1{solv}{x=0.796100}|CCCCCCCC{solv}{x=0.203900}>,C1CCCCC1,CCCCCCCC,Protein-Null-0.0.3-4-mer-AAQAA3-1E3-2-OPC3_opc3,2,0.7336522682865129,0.0001531050785453,0.7509700000000002,0.00055
2195,2195,dhmix_2289023418386220795,1040,EnthalpyOfMixing,<Substance C1CCCCC1{solv}{x=0.274400}|CCCCCCCC{solv}{x=0.725600}>,C1CCCCC1,CCCCCCCC,Protein-Null-0.0.3-4-mer-AAQAA3-1E3-2-OPC3_opc3,2,0.1506342942837477,0.0528197087553418,0.18,0.005
2196,2196,dens_848374876759596361,1041,Density,<Substance CC(C)OC(C)C{solv}{x=0.284600}|CCCCCl{solv}{x=0.715400}>,CC(C)OC(C)C,CCCCCl,Protein-Null-0.0.3-4-mer-AAQAA3-1E3-2-OPC3_opc3,2,0.8164743518698768,0.0002703280926473,0.8263210000000002,0.000365
2197,2197,dens_917492506874956672,1042,Density,<Substance CC(C)OC(C)C{solv}{x=0.808200}|CCCCCl{solv}{x=0.191800}>,CC(C)OC(C)C,CCCCCl,Protein-Null-0.0.3-4-mer-AAQAA3-1E3-2-OPC3_opc3,2,0.7556574865670472,0.0002278691206918,0.7440910000000002,0.000448
2198,2198,dhmix_1107367594793013993,1043,EnthalpyOfMixing,<Substance CC(C)OC(C)C{solv}{x=0.272700}|CCCCCl{solv}{x=0.727300}>,CC(C)OC(C)C,CCCCCl,Protein-Null-0.0.3-4-mer-AAQAA3-1E3-2-OPC3_opc3,2,-0.0945472251074193,0.0428561215869792,-0.0785,0.001
2199,2199,dhmix_1310204607958463222,1044,EnthalpyOfMixing,<Substance CC(C)OC(C)C{solv}{x=0.454700}|CCCCCl{solv}{x=0.545300}>,CC(C)OC(C)C,CCCCCl,Protein-Null-0.0.3-4-mer-AAQAA3-1E3-2-OPC3_opc3,2,-0.1163389284391982,0.0402411437171399,-0.0954,0.0012
2200,2200,dhmix_1605157292498138629,1045,EnthalpyOfMixing,<Substance CC(C)OC(C)C{solv}{x=0.727400}|CCCCCl{solv}{x=0.272600}>,CC(C)OC(C)C,CCCCCl,Protein-Null-0.0.3-4-mer-AAQAA3-1E3-2-OPC3_opc3,2,-0.2381567429915634,0.0468600853736799,-0.0732,0.00095
2201,2201,dens_1927916489732771888,1046,Density,<Substance CC(C)OC(C)C{solv}{x=0.484000}|CCCCCl{solv}{x=0.516000}>,CC(C)OC(C)C,CCCCCl,Protein-Null-0.0.3-4-mer-AAQAA3-1E3-2-OPC3_opc3,2,0.7914111596972577,0.0002600100029686,0.7925060000000002,0.0004005
2202,2202,dens_860008765681738590,1047,Density,<Substance CN(CCO)CCO{solv}{x=0.231260}|c1ccncc1{solv}{x=0.768740}>,CN(CCO)CCO,c1ccncc1,Protein-Null-0.0.3-4-mer-AAQAA3-1E3-2-OPC3_opc3,2,0.998635433424317,0.00023561265357,0.9906030000000002,0.0001015
2203,2203,dens_1253280811379348869,1048,Density,<Substance CN(CCO)CCO{solv}{x=0.670000}|c1ccncc1{solv}{x=0.330000}>,CN(CCO)CCO,c1ccncc1,Protein-Null-0.0.3-4-mer-AAQAA3-1E3-2-OPC3_opc3,2,1.0286797826928642,0.0002839751241892,1.0161020000000005,0.000102
2204,2204,dhmix_1381513140604048573,1049,EnthalpyOfMixing,<Substance CN(CCO)CCO{solv}{x=0.473760}|c1ccncc1{solv}{x=0.526240}>,CN(CCO)CCO,c1ccncc1,Protein-Null-0.0.3-4-mer-AAQAA3-1E3-2-OPC3_opc3,2,-0.2113902081672733,0.0371974391285914,-0.093,0.001
2205,2205,dens_1460709448836415360,1050,Density,<Substance CN(CCO)CCO{solv}{x=0.473530}|c1ccncc1{solv}{x=0.526470}>,CN(CCO)CCO,c1ccncc1,Protein-Null-0.0.3-4-mer-AAQAA3-1E3-2-OPC3_opc3,2,1.0174874826531035,0.0002437476567834,1.0044450000000005,0.0001015
2206,2206,dhmix_2085036308089359597,1051,EnthalpyOfMixing,<Substance CN(CCO)CCO{solv}{x=0.230610}|c1ccncc1{solv}{x=0.769390}>,CN(CCO)CCO,c1ccncc1,Protein-Null-0.0.3-4-mer-AAQAA3-1E3-2-OPC3_opc3,2,0.2097098552822984,0.0400664042866611,-0.032,0.001
2207,2207,dhmix_2287943921901918379,1052,EnthalpyOfMixing,<Substance CN(CCO)CCO{solv}{x=0.669580}|c1ccncc1{solv}{x=0.330420}>,CN(CCO)CCO,c1ccncc1,Protein-Null-0.0.3-4-mer-AAQAA3-1E3-2-OPC3_opc3,2,-0.238466581924456,0.0529617680064036,-0.12,0.0015
2208,2208,dens_929806754028972955,1053,Density,<Substance CCCC(=O)OC{solv}{x=0.695800}|COC(C)=O{solv}{x=0.304200}>,CCCC(=O)OC,COC(C)=O,Protein-Null-0.0.3-4-mer-AAQAA3-1E3-2-OPC3_opc3,2,0.8987055086090923,0.0002374103644291,0.8997600000000002,0.000505
2209,2209,dhmix_1093843275803987368,1054,EnthalpyOfMixing,<Substance CCCC(=O)OC{solv}{x=0.482200}|COC(C)=O{solv}{x=0.517800}>,CCCC(=O)OC,COC(C)=O,Protein-Null-0.0.3-4-mer-AAQAA3-1E3-2-OPC3_opc3,2,0.041688729267534,0.0394613886402515,0.151,0.002
2210,2210,dens_1187818937240241755,1055,Density,<Substance CCCC(=O)OC{solv}{x=0.253600}|COC(C)=O{solv}{x=0.746400}>,CCCC(=O)OC,COC(C)=O,Protein-Null-0.0.3-4-mer-AAQAA3-1E3-2-OPC3_opc3,2,0.9170364624199526,0.0002687922234114,0.9147400000000002,0.000505
2211,2211,dens_1462283017082249050,1056,Density,<Substance CCCC(=O)OC{solv}{x=0.545600}|COC(C)=O{solv}{x=0.454400}>,CCCC(=O)OC,COC(C)=O,Protein-Null-0.0.3-4-mer-AAQAA3-1E3-2-OPC3_opc3,2,0.904285385212984,0.0002359047036844,0.9041900000000004,0.000505
2212,2212,dhmix_1514470349370367756,1057,EnthalpyOfMixing,<Substance CCCC(=O)OC{solv}{x=0.226000}|COC(C)=O{solv}{x=0.774000}>,CCCC(=O)OC,COC(C)=O,Protein-Null-0.0.3-4-mer-AAQAA3-1E3-2-OPC3_opc3,2,0.0006936891725857,0.037694955721229,0.102,0.0015
2213,2213,dhmix_1615966506855005599,1058,EnthalpyOfMixing,<Substance CCCC(=O)OC{solv}{x=0.695800}|COC(C)=O{solv}{x=0.304200}>,CCCC(=O)OC,COC(C)=O,Protein-Null-0.0.3-4-mer-AAQAA3-1E3-2-OPC3_opc3,2,0.0201274710202845,0.0342219721078344,0.122,0.0015
2214,2214,dens_931039395662625393,1059,Density,<Substance BrCCBr{solv}{x=0.510700}|CCOC=O{solv}{x=0.489300}>,BrCCBr,CCOC=O,Protein-Null-0.0.3-4-mer-AAQAA3-1E3-2-OPC3_opc3,2,1.5651372482388912,0.0005113715378765,1.5742900000000004,0.00125
2215,2215,dhmix_1379448524788285045,1060,EnthalpyOfMixing,<Substance BrCCBr{solv}{x=0.503000}|CCOC=O{solv}{x=0.497000}>,BrCCBr,CCOC=O,Protein-Null-0.0.3-4-mer-AAQAA3-1E3-2-OPC3_opc3,2,0.174818310077768,0.0306148486958043,0.404,0.0054
2216,2216,dhmix_1589211680683586133,1061,EnthalpyOfMixing,<Substance BrCCBr{solv}{x=0.247500}|CCOC=O{solv}{x=0.752500}>,BrCCBr,CCOC=O,Protein-Null-0.0.3-4-mer-AAQAA3-1E3-2-OPC3_opc3,2,0.1704884411267868,0.0367874647588086,0.2492,0.0035
2217,2217,dens_1816072583621776909,1062,Density,<Substance BrCCBr{solv}{x=0.282500}|CCOC=O{solv}{x=0.717500}>,BrCCBr,CCOC=O,Protein-Null-0.0.3-4-mer-AAQAA3-1E3-2-OPC3_opc3,2,1.2955314033969534,0.0003674441001176,1.2851500000000005,0.00131
2218,2218,dens_1857279480363338972,1063,Density,<Substance BrCCBr{solv}{x=0.750600}|CCOC=O{solv}{x=0.249400}>,BrCCBr,CCOC=O,Protein-Null-0.0.3-4-mer-AAQAA3-1E3-2-OPC3_opc3,2,1.8324461165661476,0.0006051119568148,1.8698300000000003,0.000995
2219,2219,dhmix_2225135654541562913,1064,EnthalpyOfMixing,<Substance BrCCBr{solv}{x=0.734600}|CCOC=O{solv}{x=0.265400}>,BrCCBr,CCOC=O,Protein-Null-0.0.3-4-mer-AAQAA3-1E3-2-OPC3_opc3,2,0.1767286674109396,0.0336461070555359,0.3604,0.00485
2220,2220,dhmix_933824509566848172,1065,EnthalpyOfMixing,<Substance C1COCO1{solv}{x=0.350000}|CCCC(C)=O{solv}{x=0.650000}>,C1COCO1,CCCC(C)=O,Protein-Null-0.0.3-4-mer-AAQAA3-1E3-2-OPC3_opc3,2,0.2652314915422948,0.0392885309260101,0.17755,0.001095
2221,2221,dens_1326756646981901590,1066,Density,<Substance C1COCO1{solv}{x=0.717400}|CCCC(C)=O{solv}{x=0.282600}>,C1COCO1,CCCC(C)=O,Protein-Null-0.0.3-4-mer-AAQAA3-1E3-2-OPC3_opc3,2,0.9743766035234246,0.000246332201335,0.9625500000000002,0.000245
2222,2222,dhmix_1386053902220878259,1067,EnthalpyOfMixing,<Substance C1COCO1{solv}{x=0.500000}|CCCC(C)=O{solv}{x=0.500000}>,C1COCO1,CCCC(C)=O,Protein-Null-0.0.3-4-mer-AAQAA3-1E3-2-OPC3_opc3,2,0.3514794125784561,0.0390039964628772,0.21077,0.00122
2223,2223,dens_1490997112604690080,1068,Density,<Substance C1COCO1{solv}{x=0.349900}|CCCC(C)=O{solv}{x=0.650100}>,C1COCO1,CCCC(C)=O,Protein-Null-0.0.3-4-mer-AAQAA3-1E3-2-OPC3_opc3,2,0.8624747400105274,0.0002730810125831,0.8687200000000003,0.00022
2224,2224,dens_1979377813631413053,1069,Density,<Substance C1COCO1{solv}{x=0.516900}|CCCC(C)=O{solv}{x=0.483100}>,C1COCO1,CCCC(C)=O,Protein-Null-0.0.3-4-mer-AAQAA3-1E3-2-OPC3_opc3,2,0.9094139370018144,0.0002621392268681,0.9078200000000004,0.00023
2225,2225,dhmix_2113009728753201792,1070,EnthalpyOfMixing,<Substance C1COCO1{solv}{x=0.750000}|CCCC(C)=O{solv}{x=0.250000}>,C1COCO1,CCCC(C)=O,Protein-Null-0.0.3-4-mer-AAQAA3-1E3-2-OPC3_opc3,2,0.2891697628149146,0.0394543649206402,0.17046,0.00107
2226,2226,dhmix_962524540250306235,1071,EnthalpyOfMixing,<Substance Cc1ccccc1N{solv}{x=0.268100}|c1ccncc1{solv}{x=0.731900}>,Cc1ccccc1N,c1ccncc1,Protein-Null-0.0.3-4-mer-AAQAA3-1E3-2-OPC3_opc3,2,-1.5835483063373168,0.0394341534631582,-0.8915,0.0182
2227,2227,dhmix_1000930562998604270,1072,EnthalpyOfMixing,<Substance Cc1ccccc1N{solv}{x=0.773500}|c1ccncc1{solv}{x=0.226500}>,Cc1ccccc1N,c1ccncc1,Protein-Null-0.0.3-4-mer-AAQAA3-1E3-2-OPC3_opc3,2,-1.052016831000671,0.0479301595058147,-0.7828,0.016
2228,2228,dens_1203111494553524663,1073,Density,<Substance Cc1ccccc1N{solv}{x=0.483700}|c1ccncc1{solv}{x=0.516300}>,Cc1ccccc1N,c1ccncc1,Protein-Null-0.0.3-4-mer-AAQAA3-1E3-2-OPC3_opc3,2,1.0064802906755892,0.0002392670580476,0.9912370000000004,0.000117
2229,2229,dens_1316174752280431242,1074,Density,<Substance Cc1ccccc1N{solv}{x=0.237400}|c1ccncc1{solv}{x=0.762600}>,Cc1ccccc1N,c1ccncc1,Protein-Null-0.0.3-4-mer-AAQAA3-1E3-2-OPC3_opc3,2,0.9948991101188912,0.0002354271466885,0.9863750000000002,0.000118
2230,2230,dhmix_1371524052813651708,1075,EnthalpyOfMixing,<Substance Cc1ccccc1N{solv}{x=0.482600}|c1ccncc1{solv}{x=0.517400}>,Cc1ccccc1N,c1ccncc1,Protein-Null-0.0.3-4-mer-AAQAA3-1E3-2-OPC3_opc3,2,-1.8006124187796253,0.0471352271463275,-1.0329,0.02105
2231,2231,dens_2188924364196997512,1076,Density,<Substance Cc1ccccc1N{solv}{x=0.767800}|c1ccncc1{solv}{x=0.232200}>,Cc1ccccc1N,c1ccncc1,Protein-Null-0.0.3-4-mer-AAQAA3-1E3-2-OPC3_opc3,2,1.0147599825142533,0.0002505561818392,0.9936220000000002,0.000117
2232,2232,dens_964556344607822867,1077,Density,<Substance CCCCCCCCC{solv}{x=0.696300}|COC(C)(C)C{solv}{x=0.303700}>,CCCCCCCCC,COC(C)(C)C,Protein-Null-0.0.3-4-mer-AAQAA3-1E3-2-OPC3_opc3,2,0.7116296789419537,0.0001901354374695,0.7173600000000002,0.000295
2233,2233,dhmix_1091489740441728210,1078,EnthalpyOfMixing,<Substance CCCCCCCCC{solv}{x=0.260100}|COC(C)(C)C{solv}{x=0.739900}>,CCCCCCCCC,COC(C)(C)C,Protein-Null-0.0.3-4-mer-AAQAA3-1E3-2-OPC3_opc3,2,0.5193735327861901,0.0466292073760209,0.371,0.0075
2234,2234,dens_1264105858192356202,1079,Density,<Substance CCCCCCCCC{solv}{x=0.499200}|COC(C)(C)C{solv}{x=0.500800}>,CCCCCCCCC,COC(C)(C)C,Protein-Null-0.0.3-4-mer-AAQAA3-1E3-2-OPC3_opc3,2,0.7177660476676205,0.000157808957777,0.7207300000000002,0.00029
2235,2235,dhmix_1760873631242020891,1080,EnthalpyOfMixing,<Substance CCCCCCCCC{solv}{x=0.759600}|COC(C)(C)C{solv}{x=0.240400}>,CCCCCCCCC,COC(C)(C)C,Protein-Null-0.0.3-4-mer-AAQAA3-1E3-2-OPC3_opc3,2,0.438257439301168,0.0556188555276828,0.345,0.007
2236,2236,dens_2012579877169955729,1081,Density,<Substance CCCCCCCCC{solv}{x=0.199500}|COC(C)(C)C{solv}{x=0.800500}>,CCCCCCCCC,COC(C)(C)C,Protein-Null-0.0.3-4-mer-AAQAA3-1E3-2-OPC3_opc3,2,0.7314486620098672,0.000155424198672,0.7281100000000001,0.000285
2237,2237,dhmix_2200368758776542578,1082,EnthalpyOfMixing,<Substance CCCCCCCCC{solv}{x=0.513300}|COC(C)(C)C{solv}{x=0.486700}>,CCCCCCCCC,COC(C)(C)C,Protein-Null-0.0.3-4-mer-AAQAA3-1E3-2-OPC3_opc3,2,0.723399102876499,0.0471295919340633,0.486,0.0095
2238,2238,dhmix_972091313059406932,1083,EnthalpyOfMixing,<Substance CCCNCCC{solv}{x=0.248200}|CN(C)C=O{solv}{x=0.751800}>,CCCNCCC,CN(C)C=O,Protein-Null-0.0.3-4-mer-AAQAA3-1E3-2-OPC3_opc3,2,0.14301565171084,0.041941724584435,0.613,0.0195
2239,2239,dhmix_1037416167092316519,1084,EnthalpyOfMixing,<Substance CCCNCCC{solv}{x=0.499500}|CN(C)C=O{solv}{x=0.500500}>,CCCNCCC,CN(C)C=O,Protein-Null-0.0.3-4-mer-AAQAA3-1E3-2-OPC3_opc3,2,-0.0266486402487586,0.0442311980393333,0.748,0.0225
2240,2240,dhmix_1525975551610336413,1085,EnthalpyOfMixing,<Substance CCCNCCC{solv}{x=0.749600}|CN(C)C=O{solv}{x=0.250400}>,CCCNCCC,CN(C)C=O,Protein-Null-0.0.3-4-mer-AAQAA3-1E3-2-OPC3_opc3,2,0.0486996946871656,0.0432141000861708,0.529,0.017
2241,2241,dens_1610465641813938660,1086,Density,<Substance CCCNCCC{solv}{x=0.745900}|CN(C)C=O{solv}{x=0.254100}>,CCCNCCC,CN(C)C=O,Protein-Null-0.0.3-4-mer-AAQAA3-1E3-2-OPC3_opc3,2,0.7682008361528798,0.0002289717184966,0.7687320000000002,0.0009355
2242,2242,dens_2129043605695010641,1087,Density,<Substance CCCNCCC{solv}{x=0.503400}|CN(C)C=O{solv}{x=0.496600}>,CCCNCCC,CN(C)C=O,Protein-Null-0.0.3-4-mer-AAQAA3-1E3-2-OPC3_opc3,2,0.8063485649663755,0.0002153115079024,0.8108000000000002,0.0009885
2243,2243,dens_2129124855081233158,1088,Density,<Substance CCCNCCC{solv}{x=0.252300}|CN(C)C=O{solv}{x=0.747700}>,CCCNCCC,CN(C)C=O,Protein-Null-0.0.3-4-mer-AAQAA3-1E3-2-OPC3_opc3,2,0.8552763663420605,0.000225316821013,0.8674480000000002,0.0010625
2244,2244,dhmix_1022139531284796266,1089,EnthalpyOfMixing,<Substance CCCO{solv}{x=0.730200}|O=Cc1ccccc1{solv}{x=0.269800}>,CCCO,O=Cc1ccccc1,Protein-Null-0.0.3-4-mer-AAQAA3-1E3-2-OPC3_opc3,2,1.1700794507131036,0.0389793817039519,1.3784,0.00585
2245,2245,dens_1530410585842005416,1090,Density,<Substance CCCO{solv}{x=0.802500}|O=Cc1ccccc1{solv}{x=0.197500}>,CCCO,O=Cc1ccccc1,Protein-Null-0.0.3-4-mer-AAQAA3-1E3-2-OPC3_opc3,2,0.8584422909559859,0.0002853371949718,0.8676000000000003,0.0054
2246,2246,dens_1586325098516354010,1091,Density,<Substance CCCO{solv}{x=0.500300}|O=Cc1ccccc1{solv}{x=0.499700}>,CCCO,O=Cc1ccccc1,Protein-Null-0.0.3-4-mer-AAQAA3-1E3-2-OPC3_opc3,2,0.9374269324130128,0.000178109827154,0.9470000000000002,0.0035
2247,2247,dhmix_1860362391399300385,1092,EnthalpyOfMixing,<Substance CCCO{solv}{x=0.237400}|O=Cc1ccccc1{solv}{x=0.762600}>,CCCO,O=Cc1ccccc1,Protein-Null-0.0.3-4-mer-AAQAA3-1E3-2-OPC3_opc3,2,0.9688509747352754,0.0415657390014457,1.2579,0.0055
2248,2248,dens_2022804020725863961,1093,Density,<Substance CCCO{solv}{x=0.192900}|O=Cc1ccccc1{solv}{x=0.807100}>,CCCO,O=Cc1ccccc1,Protein-Null-0.0.3-4-mer-AAQAA3-1E3-2-OPC3_opc3,2,1.0008265713295743,0.0001677852009889,1.0128,0.00265
2249,2249,dhmix_2114980631721668598,1094,EnthalpyOfMixing,<Substance CCCO{solv}{x=0.517800}|O=Cc1ccccc1{solv}{x=0.482200}>,CCCO,O=Cc1ccccc1,Protein-Null-0.0.3-4-mer-AAQAA3-1E3-2-OPC3_opc3,2,1.3564332673390993,0.0330269015400717,1.6361,0.00675
2250,2250,dens_1061385011202038988,1095,Density,<Substance CC(C)O{solv}{x=0.495900}|CCCCOCCO{solv}{x=0.504100}>,CC(C)O,CCCCOCCO,Protein-Null-0.0.3-4-mer-AAQAA3-1E3-2-OPC3_opc3,2,0.8583062379820354,0.0002324717942562,0.8550000000000002,5.450000000000001e-05
2251,2251,dens_1314274960992474794,1096,Density,<Substance CC(C)O{solv}{x=0.292200}|CCCCOCCO{solv}{x=0.707800}>,CC(C)O,CCCCOCCO,Protein-Null-0.0.3-4-mer-AAQAA3-1E3-2-OPC3_opc3,2,0.8735957202460405,0.0001894702672209,0.8743700000000002,4.600000000000001e-05
2252,2252,dens_1729117108592325655,1097,Density,<Substance CC(C)O{solv}{x=0.743300}|CCCCOCCO{solv}{x=0.256700}>,CC(C)O,CCCCOCCO,Protein-Null-0.0.3-4-mer-AAQAA3-1E3-2-OPC3_opc3,2,0.8342236588360887,0.0002279999500546,0.8247900000000001,5.600000000000001e-05
2253,2253,dens_1112128096721834081,1098,Density,<Substance CNCCO{solv}{x=0.800900}|O{solv}{x=0.199100}>,CNCCO,O,Protein-Null-0.0.3-4-mer-AAQAA3-1E3-2-OPC3_opc3,2,0.9678289186857922,0.0004571749789397,0.9466300000000002,0.00032
2254,2254,dens_1381694863030749046,1099,Density,<Substance CNCCO{solv}{x=0.198700}|O{solv}{x=0.801300}>,CNCCO,O,Protein-Null-0.0.3-4-mer-AAQAA3-1E3-2-OPC3_opc3,2,0.9978973161779476,0.0004027169072052,0.9960300000000002,0.00016
2255,2255,dhmix_1383192140212198237,1100,EnthalpyOfMixing,<Substance CNCCO{solv}{x=0.798800}|O{solv}{x=0.201200}>,CNCCO,O,Protein-Null-0.0.3-4-mer-AAQAA3-1E3-2-OPC3_opc3,2,-0.9116375770540088,0.0409797714773974,-1.219,0.025
2256,2256,dens_1615304038745182966,1101,Density,<Substance CNCCO{solv}{x=0.504100}|O{solv}{x=0.495900}>,CNCCO,O,Protein-Null-0.0.3-4-mer-AAQAA3-1E3-2-OPC3_opc3,2,0.9844735557752824,0.0003401975149652,0.9688100000000002,0.000235
2257,2257,dhmix_1902240048183935170,1102,EnthalpyOfMixing,<Substance CNCCO{solv}{x=0.501700}|O{solv}{x=0.498300}>,CNCCO,O,Protein-Null-0.0.3-4-mer-AAQAA3-1E3-2-OPC3_opc3,2,-2.2486377347330837,0.0445569896015953,-2.508,0.051
2258,2258,dhmix_2185888808838690563,1103,EnthalpyOfMixing,<Substance CNCCO{solv}{x=0.199200}|O{solv}{x=0.800800}>,CNCCO,O,Protein-Null-0.0.3-4-mer-AAQAA3-1E3-2-OPC3_opc3,2,-1.4246137290908578,0.0280782554820214,-2.243,0.0455
2259,2259,dens_1155626281932782094,1104,Density,<Substance CCC(C)=O{solv}{x=0.292200}|CN1CCCC1=O{solv}{x=0.707800}>,CCC(C)=O,CN1CCCC1=O,Protein-Null-0.0.3-4-mer-AAQAA3-1E3-2-OPC3_opc3,2,0.938395686138248,0.0002248428713583,0.9591400000000002,0.00262
2260,2260,dens_1354588388489384902,1105,Density,<Substance CCC(C)=O{solv}{x=0.779300}|CN1CCCC1=O{solv}{x=0.220700}>,CCC(C)=O,CN1CCCC1=O,Protein-Null-0.0.3-4-mer-AAQAA3-1E3-2-OPC3_opc3,2,0.8277633852645936,0.0002630757680649,0.8467600000000002,0.002595
2261,2261,dhmix_1468142552678388689,1106,EnthalpyOfMixing,<Substance CCC(C)=O{solv}{x=0.484100}|CN1CCCC1=O{solv}{x=0.515900}>,CCC(C)=O,CN1CCCC1=O,Protein-Null-0.0.3-4-mer-AAQAA3-1E3-2-OPC3_opc3,2,0.1076929483975774,0.0383569173578723,-0.1675,0.00415
2262,2262,dhmix_1545004468946955771,1107,EnthalpyOfMixing,<Substance CCC(C)=O{solv}{x=0.246100}|CN1CCCC1=O{solv}{x=0.753900}>,CCC(C)=O,CN1CCCC1=O,Protein-Null-0.0.3-4-mer-AAQAA3-1E3-2-OPC3_opc3,2,0.0365146070955724,0.0411081662062778,-0.0999,0.0031
2263,2263,dhmix_1746826813990258300,1108,EnthalpyOfMixing,<Substance CCC(C)=O{solv}{x=0.732400}|CN1CCCC1=O{solv}{x=0.267600}>,CCC(C)=O,CN1CCCC1=O,Protein-Null-0.0.3-4-mer-AAQAA3-1E3-2-OPC3_opc3,2,0.1352244266018285,0.0433465898556853,-0.0861,0.0029
2264,2264,dens_2035401379156582518,1109,Density,<Substance CCC(C)=O{solv}{x=0.479500}|CN1CCCC1=O{solv}{x=0.520500}>,CCC(C)=O,CN1CCCC1=O,Protein-Null-0.0.3-4-mer-AAQAA3-1E3-2-OPC3_opc3,2,0.8982576533486859,0.0002190175197449,0.9166100000000004,0.00261
2265,2265,dens_1159403686634788877,1110,Density,<Substance C1CCOCC1{solv}{x=0.253600}|Cc1ccncc1{solv}{x=0.746400}>,C1CCOCC1,Cc1ccncc1,Protein-Null-0.0.3-4-mer-AAQAA3-1E3-2-OPC3_opc3,2,0.9252755446083964,0.0002436771552042,0.9329390000000002,0.0002125
2266,2266,dhmix_1427533760370073434,1111,EnthalpyOfMixing,<Substance C1CCOCC1{solv}{x=0.241600}|Cc1ccncc1{solv}{x=0.758400}>,C1CCOCC1,Cc1ccncc1,Protein-Null-0.0.3-4-mer-AAQAA3-1E3-2-OPC3_opc3,2,0.0569934446378148,0.0448285400588883,0.0975,0.001
2267,2267,dens_1586440979425114987,1112,Density,<Substance C1CCOCC1{solv}{x=0.491300}|Cc1ccncc1{solv}{x=0.508700}>,C1CCOCC1,Cc1ccncc1,Protein-Null-0.0.3-4-mer-AAQAA3-1E3-2-OPC3_opc3,2,0.9078525906148772,0.0001864403587346,0.9162950000000002,0.0002825
2268,2268,dhmix_1681679230288000235,1113,EnthalpyOfMixing,<Substance C1CCOCC1{solv}{x=0.483400}|Cc1ccncc1{solv}{x=0.516600}>,C1CCOCC1,Cc1ccncc1,Protein-Null-0.0.3-4-mer-AAQAA3-1E3-2-OPC3_opc3,2,0.0379023830571609,0.0419038061576999,0.1741,0.00135
2269,2269,dhmix_1854625047398559527,1114,EnthalpyOfMixing,<Substance C1CCOCC1{solv}{x=0.826200}|Cc1ccncc1{solv}{x=0.173800}>,C1CCOCC1,Cc1ccncc1,Protein-Null-0.0.3-4-mer-AAQAA3-1E3-2-OPC3_opc3,2,0.1453077637542819,0.0480351253676572,0.0948,0.001
2270,2270,dens_1998279082934343093,1115,Density,<Substance C1CCOCC1{solv}{x=0.826300}|Cc1ccncc1{solv}{x=0.173700}>,C1CCOCC1,Cc1ccncc1,Protein-Null-0.0.3-4-mer-AAQAA3-1E3-2-OPC3_opc3,2,0.8720048459809855,0.0002550965082056,0.8827950000000002,0.000387
2271,2271,dens_1226224986443053492,1116,Density,<Substance CCOc1ccccc1{solv}{x=0.482600}|OCCc1ccccc1{solv}{x=0.517400}>,CCOc1ccccc1,OCCc1ccccc1,Protein-Null-0.0.3-4-mer-AAQAA3-1E3-2-OPC3_opc3,2,0.9741154273924938,0.0001991671170459,0.9803700000000002,0.00026
2272,2272,dens_1288457717872177367,1117,Density,<Substance CCOc1ccccc1{solv}{x=0.304100}|OCCc1ccccc1{solv}{x=0.695900}>,CCOc1ccccc1,OCCc1ccccc1,Protein-Null-0.0.3-4-mer-AAQAA3-1E3-2-OPC3_opc3,2,0.9845120007419076,0.0002099585219557,0.9909900000000004,0.00026
2273,2273,dhmix_1400067757990485972,1118,EnthalpyOfMixing,<Substance CCOc1ccccc1{solv}{x=0.738800}|OCCc1ccccc1{solv}{x=0.261200}>,CCOc1ccccc1,OCCc1ccccc1,Protein-Null-0.0.3-4-mer-AAQAA3-1E3-2-OPC3_opc3,2,1.020543667605061,0.0416313840570277,1.1427,0.01225
2274,2274,dens_1419265414647987466,1119,Density,<Substance CCOc1ccccc1{solv}{x=0.792900}|OCCc1ccccc1{solv}{x=0.207100}>,CCOc1ccccc1,OCCc1ccccc1,Protein-Null-0.0.3-4-mer-AAQAA3-1E3-2-OPC3_opc3,2,0.9564477045484592,0.0002294624084472,0.9624400000000004,0.00026
2275,2275,dhmix_1985234108792038812,1120,EnthalpyOfMixing,<Substance CCOc1ccccc1{solv}{x=0.485200}|OCCc1ccccc1{solv}{x=0.514800}>,CCOc1ccccc1,OCCc1ccccc1,Protein-Null-0.0.3-4-mer-AAQAA3-1E3-2-OPC3_opc3,2,1.0261588966738344,0.0522724732348468,1.0249,0.011
2276,2276,dhmix_2203675640711482674,1121,EnthalpyOfMixing,<Substance CCOc1ccccc1{solv}{x=0.239100}|OCCc1ccccc1{solv}{x=0.760900}>,CCOc1ccccc1,OCCc1ccccc1,Protein-Null-0.0.3-4-mer-AAQAA3-1E3-2-OPC3_opc3,2,0.7539174290461972,0.0541160334632838,0.6669,0.0072
2277,2277,dens_1247048173376376516,1122,Density,<Substance CCCCC(=O)OC{solv}{x=0.349300}|COC=O{solv}{x=0.650700}>,CCCCC(=O)OC,COC=O,Protein-Null-0.0.3-4-mer-AAQAA3-1E3-2-OPC3_opc3,2,0.9308437106651322,0.0002724188819101,0.9198400000000002,0.000115
2278,2278,dens_1283923442255956417,1123,Density,<Substance CCCCC(=O)OC{solv}{x=0.500000}|COC=O{solv}{x=0.500000}>,CCCCC(=O)OC,COC=O,Protein-Null-0.0.3-4-mer-AAQAA3-1E3-2-OPC3_opc3,2,0.915616741485058,0.000242312652708,0.90817,0.00012
2279,2279,dhmix_1491739683552461043,1124,EnthalpyOfMixing,<Substance CCCCC(=O)OC{solv}{x=0.348600}|COC=O{solv}{x=0.651400}>,CCCCC(=O)OC,COC=O,Protein-Null-0.0.3-4-mer-AAQAA3-1E3-2-OPC3_opc3,2,0.338509760090754,0.0398755615268491,0.422,0.0045
2280,2280,dhmix_1747049492522889097,1125,EnthalpyOfMixing,<Substance CCCCC(=O)OC{solv}{x=0.523200}|COC=O{solv}{x=0.476800}>,CCCCC(=O)OC,COC=O,Protein-Null-0.0.3-4-mer-AAQAA3-1E3-2-OPC3_opc3,2,0.4118076937464341,0.0415213755485351,0.409,0.0045
2281,2281,dhmix_1990853348078771210,1126,EnthalpyOfMixing,<Substance CCCCC(=O)OC{solv}{x=0.796800}|COC=O{solv}{x=0.203200}>,CCCCC(=O)OC,COC=O,Protein-Null-0.0.3-4-mer-AAQAA3-1E3-2-OPC3_opc3,2,0.0906560317317222,0.0461999829347701,0.219,0.0025
2282,2282,dens_2269601061883384185,1127,Density,<Substance CCCCC(=O)OC{solv}{x=0.725800}|COC=O{solv}{x=0.274200}>,CCCCC(=O)OC,COC=O,Protein-Null-0.0.3-4-mer-AAQAA3-1E3-2-OPC3_opc3,2,0.8978279410080464,0.0002218883490901,0.8955000000000002,0.000135
2283,2283,dens_1266839724964377205,1128,Density,<Substance Cn1ccnc1{solv}{x=0.779500}|O{solv}{x=0.220500}>,Cn1ccnc1,O,Protein-Null-0.0.3-4-mer-AAQAA3-1E3-2-OPC3_opc3,2,1.0256425965180698,0.0001771102160534,1.0360000000000005,0.00015
2284,2284,dens_1634862053132906887,1129,Density,<Substance Cn1ccnc1{solv}{x=0.498200}|O{solv}{x=0.501800}>,Cn1ccnc1,O,Protein-Null-0.0.3-4-mer-AAQAA3-1E3-2-OPC3_opc3,2,1.02882399621819,0.0002978970300594,1.0416,0.00015
2285,2285,dens_1681126092995837883,1130,Density,<Substance Cn1ccnc1{solv}{x=0.216700}|O{solv}{x=0.783300}>,Cn1ccnc1,O,Protein-Null-0.0.3-4-mer-AAQAA3-1E3-2-OPC3_opc3,2,1.0199234778483024,0.0003541760580928,1.0301000000000002,0.0001
2286,2286,dhmix_1311251505653939236,1131,EnthalpyOfMixing,<Substance CC(=O)CC(C)=O{solv}{x=0.598500}|O{solv}{x=0.401500}>,CC(=O)CC(C)=O,O,Protein-Null-0.0.3-4-mer-AAQAA3-1E3-2-OPC3_opc3,2,0.164075005415043,0.0354930478114986,0.4905,0.00555
2287,2287,dhmix_1367092272310773702,1132,EnthalpyOfMixing,<Substance CC(=O)CC(C)=O{solv}{x=0.749200}|O{solv}{x=0.250800}>,CC(=O)CC(C)=O,O,Protein-Null-0.0.3-4-mer-AAQAA3-1E3-2-OPC3_opc3,2,0.3321139076973907,0.0383068500919886,0.6211,0.00695
2288,2288,dhmix_2033109088651196860,1133,EnthalpyOfMixing,<Substance CC(=O)CC(C)=O{solv}{x=0.200400}|O{solv}{x=0.799600}>,CC(=O)CC(C)=O,O,Protein-Null-0.0.3-4-mer-AAQAA3-1E3-2-OPC3_opc3,2,-0.2065867150884059,0.024892240321719,0.1562,0.0021
2289,2289,dens_1319073694995976411,1134,Density,<Substance CC(C)CO{solv}{x=0.762200}|OC1=NCCC1{solv}{x=0.237800}>,CC(C)CO,OC1=NCCC1,Protein-Null-0.0.3-4-mer-AAQAA3-1E3-2-OPC3_opc3,2,0.8654067315696173,0.0002217155797305,0.8623100000000001,0.000205
2290,2290,dhmix_1817161401911066523,1135,EnthalpyOfMixing,<Substance CC(C)CO{solv}{x=0.754900}|OC1=NCCC1{solv}{x=0.245100}>,CC(C)CO,OC1=NCCC1,Protein-Null-0.0.3-4-mer-AAQAA3-1E3-2-OPC3_opc3,2,1.4179080297299322,0.0437171203867434,0.2989,0.0033
2291,2291,dens_1852757585830259815,1136,Density,<Substance CC(C)CO{solv}{x=0.287400}|OC1=NCCC1{solv}{x=0.712600}>,CC(C)CO,OC1=NCCC1,Protein-Null-0.0.3-4-mer-AAQAA3-1E3-2-OPC3_opc3,2,0.9884392505869758,0.0002725638838084,1.0078300000000002,0.000155
2292,2292,dhmix_2057245570503088562,1137,EnthalpyOfMixing,<Substance CC(C)CO{solv}{x=0.259800}|OC1=NCCC1{solv}{x=0.740200}>,CC(C)CO,OC1=NCCC1,Protein-Null-0.0.3-4-mer-AAQAA3-1E3-2-OPC3_opc3,2,1.1564723030339223,0.0425416035444206,0.1798,0.00205
2293,2293,dens_2175875616459255266,1138,Density,<Substance CC(C)CO{solv}{x=0.489400}|OC1=NCCC1{solv}{x=0.510600}>,CC(C)CO,OC1=NCCC1,Protein-Null-0.0.3-4-mer-AAQAA3-1E3-2-OPC3_opc3,2,0.9348964619578564,0.0002307497231528,0.9431100000000002,0.00017
2294,2294,dhmix_2273039716774959551,1139,EnthalpyOfMixing,<Substance CC(C)CO{solv}{x=0.497800}|OC1=NCCC1{solv}{x=0.502200}>,CC(C)CO,OC1=NCCC1,Protein-Null-0.0.3-4-mer-AAQAA3-1E3-2-OPC3_opc3,2,1.7969684867664597,0.0328773156319538,0.2775,0.0031
2295,2295,dens_1400897934227212514,1140,Density,<Substance CC(C)CC(C)(C)C{solv}{x=0.541100}|COC(C)=O{solv}{x=0.458900}>,CC(C)CC(C)(C)C,COC(C)=O,Protein-Null-0.0.3-4-mer-AAQAA3-1E3-2-OPC3_opc3,2,0.7665082427851346,0.0002178730593065,0.7495700000000002,0.000505
2296,2296,dhmix_1534218615961922445,1141,EnthalpyOfMixing,<Substance CC(C)CC(C)(C)C{solv}{x=0.256000}|COC(C)=O{solv}{x=0.744000}>,CC(C)CC(C)(C)C,COC(C)=O,Protein-Null-0.0.3-4-mer-AAQAA3-1E3-2-OPC3_opc3,2,1.7119027509650708,0.0465118574062487,1.385,0.015
2297,2297,dhmix_1663557420681143866,1142,EnthalpyOfMixing,<Substance CC(C)CC(C)(C)C{solv}{x=0.540600}|COC(C)=O{solv}{x=0.459400}>,CC(C)CC(C)(C)C,COC(C)=O,Protein-Null-0.0.3-4-mer-AAQAA3-1E3-2-OPC3_opc3,2,1.94718220827135,0.0477728609444792,1.759,0.019
2298,2298,dens_1833608859418637606,1143,Density,<Substance CC(C)CC(C)(C)C{solv}{x=0.736400}|COC(C)=O{solv}{x=0.263600}>,CC(C)CC(C)(C)C,COC(C)=O,Protein-Null-0.0.3-4-mer-AAQAA3-1E3-2-OPC3_opc3,2,0.7352836523242255,0.0001346293498439,0.7171000000000002,0.00015
2299,2299,dhmix_1913788848230724771,1144,EnthalpyOfMixing,<Substance CC(C)CC(C)(C)C{solv}{x=0.783300}|COC(C)=O{solv}{x=0.216700}>,CC(C)CC(C)(C)C,COC(C)=O,Protein-Null-0.0.3-4-mer-AAQAA3-1E3-2-OPC3_opc3,2,1.562100540856889,0.0456955964903532,1.149,0.0125
2300,2300,dens_2018568384717712900,1145,Density,<Substance CC(C)CC(C)(C)C{solv}{x=0.238900}|COC(C)=O{solv}{x=0.761100}>,CC(C)CC(C)(C)C,COC(C)=O,Protein-Null-0.0.3-4-mer-AAQAA3-1E3-2-OPC3_opc3,2,0.8382027926198516,0.0002500046125324,0.8248000000000002,0.0001
2301,2301,dens_1465225466328543955,1146,Density,<Substance Cc1cccnc1{solv}{x=0.225000}|O{solv}{x=0.775000}>,Cc1cccnc1,O,Protein-Null-0.0.3-4-mer-AAQAA3-1E3-2-OPC3_opc3,2,0.9701777680929524,0.0003460001529936,0.9921000000000002,0.0003
2302,2302,dens_1644445312716340330,1147,Density,<Substance Cc1cccnc1{solv}{x=0.500000}|O{solv}{x=0.500000}>,Cc1cccnc1,O,Protein-Null-0.0.3-4-mer-AAQAA3-1E3-2-OPC3_opc3,2,0.9577581423687952,0.000300031681745,0.9797000000000002,0.0003
2303,2303,dens_2262998332454406432,1148,Density,<Substance Cc1cccnc1{solv}{x=0.700000}|O{solv}{x=0.300000}>,Cc1cccnc1,O,Protein-Null-0.0.3-4-mer-AAQAA3-1E3-2-OPC3_opc3,2,0.9521716546357124,0.0002721205934119,0.9690000000000002,0.0003
2304,2304,dens_1601780542508306264,1149,Density,<Substance CC(=O)N(C)C{solv}{x=0.771800}|CCOC(C)=O{solv}{x=0.228200}>,CC(=O)N(C)C,CCOC(C)=O,Protein-Null-0.0.3-4-mer-AAQAA3-1E3-2-OPC3_opc3,2,0.9020747699299256,0.0001945172737107,0.9286200000000002,0.000185
2305,2305,dens_2126546638582188774,1150,Density,<Substance CC(=O)N(C)C{solv}{x=0.464600}|CCOC(C)=O{solv}{x=0.535400}>,CC(=O)N(C)C,CCOC(C)=O,Protein-Null-0.0.3-4-mer-AAQAA3-1E3-2-OPC3_opc3,2,0.9037118965496436,0.0002572167357716,0.9166300000000002,0.00022
2306,2306,dens_2159432384130350508,1151,Density,<Substance CC(=O)N(C)C{solv}{x=0.233100}|CCOC(C)=O{solv}{x=0.766900}>,CC(=O)N(C)C,CCOC(C)=O,Protein-Null-0.0.3-4-mer-AAQAA3-1E3-2-OPC3_opc3,2,0.9050659797303716,0.000232675015201,0.9064300000000002,0.000245
2307,2307,dens_1713891284028890335,1152,Density,<Substance CC(=O)O{solv}{x=0.798900}|CCOC(C)=O{solv}{x=0.201100}>,CC(=O)O,CCOC(C)=O,Protein-Null-0.0.3-4-mer-AAQAA3-1E3-2-OPC3_opc3,2,1.02553951449149,0.0002894073625079,0.9996600000000002,0.000225
2308,2308,dens_1856345418041920174,1153,Density,<Substance CC(=O)O{solv}{x=0.500700}|CCOC(C)=O{solv}{x=0.499300}>,CC(=O)O,CCOC(C)=O,Protein-Null-0.0.3-4-mer-AAQAA3-1E3-2-OPC3_opc3,2,0.9700518575232912,0.000282944682261,0.9514000000000002,0.00018
2309,2309,dens_2035334988982485653,1154,Density,<Substance CC(=O)O{solv}{x=0.294400}|CCOC(C)=O{solv}{x=0.705600}>,CC(=O)O,CCOC(C)=O,Protein-Null-0.0.3-4-mer-AAQAA3-1E3-2-OPC3_opc3,2,0.94052664199032,0.0002917540293219,0.9255000000000002,0.00016
2310,2310,dhmix_592425981731704,0,EnthalpyOfMixing,<Substance C1CCCCC1{solv}{x=0.100300}|Cc1ccccc1{solv}{x=0.899700}>,C1CCCCC1,Cc1ccccc1,Protein-Null-0.0.3-4-mer-AAQAA3-1E3-2-OPC3_opc3,3,0.3262178604907433,0.0436463967094114,0.2015,0.0015
2311,2311,dens_191923210986624643,1,Density,<Substance C1CCCCC1{solv}{x=0.697700}|Cc1ccccc1{solv}{x=0.302300}>,C1CCCCC1,Cc1ccccc1,Protein-Null-0.0.3-4-mer-AAQAA3-1E3-2-OPC3_opc3,3,0.7608917698441857,0.0001853714473824,0.7818000000000002,0.00041
2312,2312,dens_699555827256664507,2,Density,<Substance C1CCCCC1{solv}{x=0.100000}|Cc1ccccc1{solv}{x=0.900000}>,C1CCCCC1,Cc1ccccc1,Protein-Null-0.0.3-4-mer-AAQAA3-1E3-2-OPC3_opc3,3,0.8220416288699853,0.0002403698443198,0.8378000000000001,0.00025
2313,2313,dhmix_997331474504366167,3,EnthalpyOfMixing,<Substance C1CCCCC1{solv}{x=0.697900}|Cc1ccccc1{solv}{x=0.302100}>,C1CCCCC1,Cc1ccccc1,Protein-Null-0.0.3-4-mer-AAQAA3-1E3-2-OPC3_opc3,3,0.696707169335312,0.039082332208897,0.5221,0.0034
2314,2314,dhmix_1586684551148150215,4,EnthalpyOfMixing,<Substance C1CCCCC1{solv}{x=0.397600}|Cc1ccccc1{solv}{x=0.602400}>,C1CCCCC1,Cc1ccccc1,Protein-Null-0.0.3-4-mer-AAQAA3-1E3-2-OPC3_opc3,3,0.7683635703750014,0.0394540676673748,0.5887,0.0038
2315,2315,dens_1809100412119556796,5,Density,<Substance C1CCCCC1{solv}{x=0.397500}|Cc1ccccc1{solv}{x=0.602500}>,C1CCCCC1,Cc1ccccc1,Protein-Null-0.0.3-4-mer-AAQAA3-1E3-2-OPC3_opc3,3,0.8050879359669656,0.0002458188047463,0.8228000000000002,0.0002
2316,2316,dhmix_1261378482688431,6,EnthalpyOfMixing,<Substance CCC(C)=O{solv}{x=0.510600}|Nc1ccccc1{solv}{x=0.489400}>,CCC(C)=O,Nc1ccccc1,Protein-Null-0.0.3-4-mer-AAQAA3-1E3-2-OPC3_opc3,3,-0.6706031978737457,0.0360105654802514,-1.173,0.0125
2317,2317,dhmix_157258283975731553,7,EnthalpyOfMixing,<Substance CCC(C)=O{solv}{x=0.901800}|Nc1ccccc1{solv}{x=0.098200}>,CCC(C)=O,Nc1ccccc1,Protein-Null-0.0.3-4-mer-AAQAA3-1E3-2-OPC3_opc3,3,-0.4723689423795907,0.0424439222477325,-0.469,0.005
2318,2318,dens_610648476268376520,8,Density,<Substance CCC(C)=O{solv}{x=0.502600}|Nc1ccccc1{solv}{x=0.497400}>,CCC(C)=O,Nc1ccccc1,Protein-Null-0.0.3-4-mer-AAQAA3-1E3-2-OPC3_opc3,3,0.9262177964294576,0.0002482147734652,0.9213850000000002,5.650000000000002e-05
2319,2319,dens_1388487494953421117,9,Density,<Substance CCC(C)=O{solv}{x=0.901900}|Nc1ccccc1{solv}{x=0.098100}>,CCC(C)=O,Nc1ccccc1,Protein-Null-0.0.3-4-mer-AAQAA3-1E3-2-OPC3_opc3,3,0.8077084664081087,0.0002444550634581,0.8265540000000001,7.200000000000002e-05
2320,2320,dhmix_1389656513678923263,10,EnthalpyOfMixing,<Substance CCC(C)=O{solv}{x=0.209900}|Nc1ccccc1{solv}{x=0.790100}>,CCC(C)=O,Nc1ccccc1,Protein-Null-0.0.3-4-mer-AAQAA3-1E3-2-OPC3_opc3,3,-0.2937480499180509,0.039215202572867,-0.648,0.007
2321,2321,dens_2115628806769415578,11,Density,<Substance CCC(C)=O{solv}{x=0.256300}|Nc1ccccc1{solv}{x=0.743700}>,CCC(C)=O,Nc1ccccc1,Protein-Null-0.0.3-4-mer-AAQAA3-1E3-2-OPC3_opc3,3,0.9974583086161308,0.0002465610289847,0.9712300000000004,4.900000000000001e-05
2322,2322,dens_1379242187515209,12,Density,<Substance CC#N{solv}{x=0.795200}|CCCCOCCCC{solv}{x=0.204800}>,CC#N,CCCCOCCCC,Protein-Null-0.0.3-4-mer-AAQAA3-1E3-2-OPC3_opc3,3,0.771719366490662,0.0002371574822745,0.7708800000000002,0.000245
2323,2323,dhmix_575991096898484441,13,EnthalpyOfMixing,<Substance CC#N{solv}{x=0.488600}|CCCCOCCCC{solv}{x=0.511400}>,CC#N,CCCCOCCCC,Protein-Null-0.0.3-4-mer-AAQAA3-1E3-2-OPC3_opc3,3,0.6928877199041494,0.0387548296621865,1.26543,0.00796
2324,2324,dhmix_1182924089945476872,14,EnthalpyOfMixing,<Substance CC#N{solv}{x=0.241600}|CCCCOCCCC{solv}{x=0.758400}>,CC#N,CCCCOCCCC,Protein-Null-0.0.3-4-mer-AAQAA3-1E3-2-OPC3_opc3,3,0.4960359225629815,0.0494938042115985,0.94593,0.00601
2325,2325,dhmix_1244492966201685063,15,EnthalpyOfMixing,<Substance CC#N{solv}{x=0.795200}|CCCCOCCCC{solv}{x=0.204800}>,CC#N,CCCCOCCCC,Protein-Null-0.0.3-4-mer-AAQAA3-1E3-2-OPC3_opc3,3,0.4538568810456955,0.0333126688702227,0.94289,0.005995
2326,2326,dens_2044032309137951705,16,Density,<Substance CC#N{solv}{x=0.245500}|CCCCOCCCC{solv}{x=0.754500}>,CC#N,CCCCOCCCC,Protein-Null-0.0.3-4-mer-AAQAA3-1E3-2-OPC3_opc3,3,0.7610524152590923,0.0001995980325083,0.7653000000000001,0.00028
2327,2327,dens_2211436825174998797,17,Density,<Substance CC#N{solv}{x=0.509800}|CCCCOCCCC{solv}{x=0.490200}>,CC#N,CCCCOCCCC,Protein-Null-0.0.3-4-mer-AAQAA3-1E3-2-OPC3_opc3,3,0.7652888774013891,0.0002457924957292,0.7671500000000001,0.00026
2328,2328,dens_1820034175228694,18,Density,<Substance C1CCCCC1{solv}{x=0.540900}|CN1CCCC1=O{solv}{x=0.459100}>,C1CCCCC1,CN1CCCC1=O,Protein-Null-0.0.3-4-mer-AAQAA3-1E3-2-OPC3_opc3,3,0.8532754531193479,0.0002347077172626,0.8757100000000002,0.000335
2329,2329,dhmix_1335365307191460458,19,EnthalpyOfMixing,<Substance C1CCCCC1{solv}{x=0.751800}|CN1CCCC1=O{solv}{x=0.248200}>,C1CCCCC1,CN1CCCC1=O,Protein-Null-0.0.3-4-mer-AAQAA3-1E3-2-OPC3_opc3,3,1.4186903900889405,0.0440046997078081,1.1998,0.01285
2330,2330,dens_1375048033230012198,20,Density,<Substance C1CCCCC1{solv}{x=0.733200}|CN1CCCC1=O{solv}{x=0.266800}>,C1CCCCC1,CN1CCCC1=O,Protein-Null-0.0.3-4-mer-AAQAA3-1E3-2-OPC3_opc3,3,0.8070342940461769,0.0002200470553205,0.8287300000000002,0.0004
2331,2331,dhmix_1563298635135474599,21,EnthalpyOfMixing,<Substance C1CCCCC1{solv}{x=0.278900}|CN1CCCC1=O{solv}{x=0.721100}>,C1CCCCC1,CN1CCCC1=O,Protein-Null-0.0.3-4-mer-AAQAA3-1E3-2-OPC3_opc3,3,1.5422219747845318,0.0449750504799723,1.2061,0.0129
2332,2332,dens_1606235786379262481,22,Density,<Substance C1CCCCC1{solv}{x=0.227500}|CN1CCCC1=O{solv}{x=0.772500}>,C1CCCCC1,CN1CCCC1=O,Protein-Null-0.0.3-4-mer-AAQAA3-1E3-2-OPC3_opc3,3,0.934030377914708,0.0002383154114703,0.9583800000000002,0.000245
2333,2333,dhmix_1683219349338278021,23,EnthalpyOfMixing,<Substance C1CCCCC1{solv}{x=0.473400}|CN1CCCC1=O{solv}{x=0.526600}>,C1CCCCC1,CN1CCCC1=O,Protein-Null-0.0.3-4-mer-AAQAA3-1E3-2-OPC3_opc3,3,1.8398442231859915,0.0439008746002894,1.4691,0.0157
2334,2334,dens_4438302718372985,24,Density,<Substance BrCCCCBr{solv}{x=0.717000}|COC=O{solv}{x=0.283000}>,BrCCCCBr,COC=O,Protein-Null-0.0.3-4-mer-AAQAA3-1E3-2-OPC3_opc3,3,1.6292912617366695,0.0003202357830426,1.6702600000000003,0.00259
2335,2335,dhmix_369816950910078034,25,EnthalpyOfMixing,<Substance BrCCCCBr{solv}{x=0.778200}|COC=O{solv}{x=0.221800}>,BrCCCCBr,COC=O,Protein-Null-0.0.3-4-mer-AAQAA3-1E3-2-OPC3_opc3,3,0.8430438878917883,0.0377320874321027,0.6355,0.0057
2336,2336,dens_460757700461114532,26,Density,<Substance BrCCCCBr{solv}{x=0.495800}|COC=O{solv}{x=0.504200}>,BrCCCCBr,COC=O,Protein-Null-0.0.3-4-mer-AAQAA3-1E3-2-OPC3_opc3,3,1.4960482312933336,0.000439200502345,1.5176800000000004,0.001885
2337,2337,dhmix_1496821399278454353,27,EnthalpyOfMixing,<Substance BrCCCCBr{solv}{x=0.265400}|COC=O{solv}{x=0.734600}>,BrCCCCBr,COC=O,Protein-Null-0.0.3-4-mer-AAQAA3-1E3-2-OPC3_opc3,3,1.0059639812003578,0.033471435509532,0.8185,0.00715
2338,2338,dens_1750413656870357630,28,Density,<Substance BrCCCCBr{solv}{x=0.225800}|COC=O{solv}{x=0.774200}>,BrCCCCBr,COC=O,Protein-Null-0.0.3-4-mer-AAQAA3-1E3-2-OPC3_opc3,3,1.2728113339068603,0.0003798115221915,1.2671300000000003,0.00104
2339,2339,dhmix_1802862930607761431,29,EnthalpyOfMixing,<Substance BrCCCCBr{solv}{x=0.482000}|COC=O{solv}{x=0.518000}>,BrCCCCBr,COC=O,Protein-Null-0.0.3-4-mer-AAQAA3-1E3-2-OPC3_opc3,3,1.1010528783242748,0.0324139422714522,1.0243,0.0087
2340,2340,dhmix_8447570649359775,30,EnthalpyOfMixing,<Substance OCCO{solv}{x=0.481700}|OCc1ccccc1{solv}{x=0.518300}>,OCCO,OCc1ccccc1,Protein-Null-0.0.3-4-mer-AAQAA3-1E3-2-OPC3_opc3,3,0.1322393921216118,0.0374567039188308,0.201,0.00465
2341,2341,dens_824372741354282107,31,Density,<Substance OCCO{solv}{x=0.505700}|OCc1ccccc1{solv}{x=0.494300}>,OCCO,OCc1ccccc1,Protein-Null-0.0.3-4-mer-AAQAA3-1E3-2-OPC3_opc3,3,1.0603250535742028,0.0003352906802061,1.0579000000000005,0.00027
2342,2342,dens_1105173553343721111,32,Density,<Substance OCCO{solv}{x=0.737100}|OCc1ccccc1{solv}{x=0.262900}>,OCCO,OCc1ccccc1,Protein-Null-0.0.3-4-mer-AAQAA3-1E3-2-OPC3_opc3,3,1.0811010668415102,0.0003645557053584,1.0753200000000005,0.000275
2343,2343,dhmix_1362282802315816638,33,EnthalpyOfMixing,<Substance OCCO{solv}{x=0.736100}|OCc1ccccc1{solv}{x=0.263900}>,OCCO,OCc1ccccc1,Protein-Null-0.0.3-4-mer-AAQAA3-1E3-2-OPC3_opc3,3,0.4894374373541623,0.0596377630500811,0.1383,0.0037
2344,2344,dhmix_1666683879028583081,34,EnthalpyOfMixing,<Substance OCCO{solv}{x=0.236500}|OCc1ccccc1{solv}{x=0.763500}>,OCCO,OCc1ccccc1,Protein-Null-0.0.3-4-mer-AAQAA3-1E3-2-OPC3_opc3,3,0.2103251204347387,0.0508015917305171,0.209,0.0048
2345,2345,dens_1698159396404241323,35,Density,<Substance OCCO{solv}{x=0.262200}|OCc1ccccc1{solv}{x=0.737800}>,OCCO,OCc1ccccc1,Protein-Null-0.0.3-4-mer-AAQAA3-1E3-2-OPC3_opc3,3,1.0445287169158357,0.0002685226158588,1.0442900000000002,0.000265
2346,2346,dens_8507121971977381,36,Density,<Substance CCOC(C)(C)C{solv}{x=0.505000}|Cc1ccccc1{solv}{x=0.495000}>,CCOC(C)(C)C,Cc1ccccc1,Protein-Null-0.0.3-4-mer-AAQAA3-1E3-2-OPC3_opc3,3,0.7968084108111141,0.0002563276341319,0.7937390000000002,0.000467
2347,2347,dens_499290591626962121,37,Density,<Substance CCOC(C)(C)C{solv}{x=0.217000}|Cc1ccccc1{solv}{x=0.783000}>,CCOC(C)(C)C,Cc1ccccc1,Protein-Null-0.0.3-4-mer-AAQAA3-1E3-2-OPC3_opc3,3,0.8260055192533993,0.0002300863193943,0.8314450000000002,0.000411
2348,2348,dhmix_820491025608256793,38,EnthalpyOfMixing,<Substance CCOC(C)(C)C{solv}{x=0.501900}|Cc1ccccc1{solv}{x=0.498100}>,CCOC(C)(C)C,Cc1ccccc1,Protein-Null-0.0.3-4-mer-AAQAA3-1E3-2-OPC3_opc3,3,-0.2010302273098716,0.0387770076548875,-0.046,0.00055
2349,2349,dhmix_1374163681483564129,39,EnthalpyOfMixing,<Substance CCOC(C)(C)C{solv}{x=0.248900}|Cc1ccccc1{solv}{x=0.751100}>,CCOC(C)(C)C,Cc1ccccc1,Protein-Null-0.0.3-4-mer-AAQAA3-1E3-2-OPC3_opc3,3,-0.1868752345284861,0.0440094719685391,-0.0324,0.0005
2350,2350,dens_1904998692863983733,40,Density,<Substance CCOC(C)(C)C{solv}{x=0.701000}|Cc1ccccc1{solv}{x=0.299000}>,CCOC(C)(C)C,Cc1ccccc1,Protein-Null-0.0.3-4-mer-AAQAA3-1E3-2-OPC3_opc3,3,0.7777195220435748,0.0002249737692179,0.7696300000000001,0.000503
2351,2351,dhmix_1982853461678580310,41,EnthalpyOfMixing,<Substance CCOC(C)(C)C{solv}{x=0.749500}|Cc1ccccc1{solv}{x=0.250500}>,CCOC(C)(C)C,Cc1ccccc1,Protein-Null-0.0.3-4-mer-AAQAA3-1E3-2-OPC3_opc3,3,-0.1242129692562556,0.0407452128701943,-0.0348,0.0005
2352,2352,dhmix_13624411991961099,42,EnthalpyOfMixing,<Substance C1CCOCC1{solv}{x=0.237900}|Cc1ccccc1N{solv}{x=0.762100}>,C1CCOCC1,Cc1ccccc1N,Protein-Null-0.0.3-4-mer-AAQAA3-1E3-2-OPC3_opc3,3,-0.1639569437721473,0.0474235039020507,-0.3658,0.004
2353,2353,dhmix_510299013171775812,43,EnthalpyOfMixing,<Substance C1CCOCC1{solv}{x=0.741000}|Cc1ccccc1N{solv}{x=0.259000}>,C1CCOCC1,Cc1ccccc1N,Protein-Null-0.0.3-4-mer-AAQAA3-1E3-2-OPC3_opc3,3,-0.1263483514848715,0.0431795719296964,-0.4892,0.0053
2354,2354,dhmix_1337006691942958969,44,EnthalpyOfMixing,<Substance C1CCOCC1{solv}{x=0.490100}|Cc1ccccc1N{solv}{x=0.509900}>,C1CCOCC1,Cc1ccccc1N,Protein-Null-0.0.3-4-mer-AAQAA3-1E3-2-OPC3_opc3,3,-0.1881809332416111,0.045938053592252,-0.5715,0.0062
2355,2355,dens_1448062547628404156,45,Density,<Substance C1CCOCC1{solv}{x=0.727900}|Cc1ccccc1N{solv}{x=0.272100}>,C1CCOCC1,Cc1ccccc1N,Protein-Null-0.0.3-4-mer-AAQAA3-1E3-2-OPC3_opc3,3,0.9143967106603316,0.0002679828390812,0.91866,0.000285
2356,2356,dens_2171966897328079405,46,Density,<Substance C1CCOCC1{solv}{x=0.498600}|Cc1ccccc1N{solv}{x=0.501400}>,C1CCOCC1,Cc1ccccc1N,Protein-Null-0.0.3-4-mer-AAQAA3-1E3-2-OPC3_opc3,3,0.9500488039843824,0.0002299847415259,0.9459860000000002,0.0002275
2357,2357,dens_2201621104799327758,47,Density,<Substance C1CCOCC1{solv}{x=0.229700}|Cc1ccccc1N{solv}{x=0.770300}>,C1CCOCC1,Cc1ccccc1N,Protein-Null-0.0.3-4-mer-AAQAA3-1E3-2-OPC3_opc3,3,0.989199056212454,0.0004625041617756,0.9734540000000002,0.000164
2358,2358,dens_15008167137789802,48,Density,<Substance CCCCCl{solv}{x=0.299200}|CN(C)C=O{solv}{x=0.700800}>,CCCCCl,CN(C)C=O,Protein-Null-0.0.3-4-mer-AAQAA3-1E3-2-OPC3_opc3,3,0.8989376391139179,0.0002600889903954,0.9218000000000002,0.0002
2359,2359,dens_550868133232739009,49,Density,<Substance CCCCCl{solv}{x=0.701200}|CN(C)C=O{solv}{x=0.298800}>,CCCCCl,CN(C)C=O,Protein-Null-0.0.3-4-mer-AAQAA3-1E3-2-OPC3_opc3,3,0.8741843518247246,0.0003020301637902,0.8963000000000002,0.0002
2360,2360,dhmix_1315230298567753558,50,EnthalpyOfMixing,<Substance CCCCCl{solv}{x=0.793000}|CN(C)C=O{solv}{x=0.207000}>,CCCCCl,CN(C)C=O,Protein-Null-0.0.3-4-mer-AAQAA3-1E3-2-OPC3_opc3,3,0.6978982005566365,0.0390522302732891,0.404,0.003
2361,2361,dhmix_1929975181819720491,51,EnthalpyOfMixing,<Substance CCCCCl{solv}{x=0.493000}|CN(C)C=O{solv}{x=0.507000}>,CCCCCl,CN(C)C=O,Protein-Null-0.0.3-4-mer-AAQAA3-1E3-2-OPC3_opc3,3,1.0083376869841203,0.0373711299795988,0.571,0.003
2362,2362,dhmix_1976787548784045784,52,EnthalpyOfMixing,<Substance CCCCCl{solv}{x=0.295000}|CN(C)C=O{solv}{x=0.705000}>,CCCCCl,CN(C)C=O,Protein-Null-0.0.3-4-mer-AAQAA3-1E3-2-OPC3_opc3,3,0.7775115530725714,0.0345801908799252,0.467,0.003
2363,2363,dens_2008819185276371643,53,Density,<Substance CCCCCl{solv}{x=0.499000}|CN(C)C=O{solv}{x=0.501000}>,CCCCCl,CN(C)C=O,Protein-Null-0.0.3-4-mer-AAQAA3-1E3-2-OPC3_opc3,3,0.8874021378747192,0.0003081135796684,0.9086000000000002,0.0002
2364,2364,dens_16755306936326197,54,Density,<Substance Cc1ccccc1N{solv}{x=0.255700}|Cc1ccccn1{solv}{x=0.744300}>,Cc1ccccc1N,Cc1ccccn1,Protein-Null-0.0.3-4-mer-AAQAA3-1E3-2-OPC3_opc3,3,0.9662641228657788,0.0001813188984317,0.9597930000000002,0.000307
2365,2365,dens_238666738854407136,55,Density,<Substance Cc1ccccc1N{solv}{x=0.514600}|Cc1ccccn1{solv}{x=0.485400}>,Cc1ccccc1N,Cc1ccccn1,Protein-Null-0.0.3-4-mer-AAQAA3-1E3-2-OPC3_opc3,3,0.9868371022659566,0.0003346794421755,0.9748990000000002,0.0002315
2366,2366,dhmix_1909144841681931250,56,EnthalpyOfMixing,<Substance Cc1ccccc1N{solv}{x=0.488200}|Cc1ccccn1{solv}{x=0.511800}>,Cc1ccccc1N,Cc1ccccn1,Protein-Null-0.0.3-4-mer-AAQAA3-1E3-2-OPC3_opc3,3,-1.8318739837732776,0.0339952799932593,-1.4976,0.0305
2367,2367,dens_1945534954282706534,57,Density,<Substance Cc1ccccc1N{solv}{x=0.757100}|Cc1ccccn1{solv}{x=0.242900}>,Cc1ccccc1N,Cc1ccccn1,Protein-Null-0.0.3-4-mer-AAQAA3-1E3-2-OPC3_opc3,3,1.0049917926696843,0.0002171046791609,0.9854410000000002,0.000169
2368,2368,dhmix_2038606904928978856,58,EnthalpyOfMixing,<Substance Cc1ccccc1N{solv}{x=0.782100}|Cc1ccccn1{solv}{x=0.217900}>,Cc1ccccc1N,Cc1ccccn1,Protein-Null-0.0.3-4-mer-AAQAA3-1E3-2-OPC3_opc3,3,-0.9155516168819418,0.0559668660357094,-0.8656,0.01775
2369,2369,dhmix_2125558080831870503,59,EnthalpyOfMixing,<Substance Cc1ccccc1N{solv}{x=0.273600}|Cc1ccccn1{solv}{x=0.726400}>,Cc1ccccc1N,Cc1ccccn1,Protein-Null-0.0.3-4-mer-AAQAA3-1E3-2-OPC3_opc3,3,-1.5682483736901671,0.0402359632121589,-1.2462,0.0254
2370,2370,dens_19028061622240549,60,Density,<Substance CN(C)CCO{solv}{x=0.296200}|CO{solv}{x=0.703800}>,CN(C)CCO,CO,Protein-Null-0.0.3-4-mer-AAQAA3-1E3-2-OPC3_opc3,3,0.8424164298003097,0.0003246944053273,0.8506500000000001,0.00014
2371,2371,dens_186649390549115907,61,Density,<Substance CN(C)CCO{solv}{x=0.502000}|CO{solv}{x=0.498000}>,CN(C)CCO,CO,Protein-Null-0.0.3-4-mer-AAQAA3-1E3-2-OPC3_opc3,3,0.8684798687412743,0.000272320974411,0.8684000000000002,0.000155
2372,2372,dhmix_1453612193040378117,62,EnthalpyOfMixing,<Substance CN(C)CCO{solv}{x=0.497200}|CO{solv}{x=0.502800}>,CN(C)CCO,CO,Protein-Null-0.0.3-4-mer-AAQAA3-1E3-2-OPC3_opc3,3,-1.477129505522072,0.0367628801446889,-0.8673,0.00935
2373,2373,dens_1978392691277508278,63,Density,<Substance CN(C)CCO{solv}{x=0.707500}|CO{solv}{x=0.292500}>,CN(C)CCO,CO,Protein-Null-0.0.3-4-mer-AAQAA3-1E3-2-OPC3_opc3,3,0.8843053620883096,0.0002539419420291,0.8766100000000002,0.00017
2374,2374,dhmix_2113387918969192804,64,EnthalpyOfMixing,<Substance CN(C)CCO{solv}{x=0.247900}|CO{solv}{x=0.752100}>,CN(C)CCO,CO,Protein-Null-0.0.3-4-mer-AAQAA3-1E3-2-OPC3_opc3,3,-1.189786338293338,0.0306867911971819,-0.8057,0.0087
2375,2375,dhmix_2220842061395014218,65,EnthalpyOfMixing,<Substance CN(C)CCO{solv}{x=0.750600}|CO{solv}{x=0.249400}>,CN(C)CCO,CO,Protein-Null-0.0.3-4-mer-AAQAA3-1E3-2-OPC3_opc3,3,-1.034128853680599,0.0329006500648544,-0.5322,0.00585
2376,2376,dhmix_21994921667950318,66,EnthalpyOfMixing,<Substance C=CCCCC{solv}{x=0.500100}|CCCO{solv}{x=0.499900}>,C=CCCCC,CCCO,Protein-Null-0.0.3-4-mer-AAQAA3-1E3-2-OPC3_opc3,3,0.6252389154532878,0.056128701928997,0.595,0.0055
2377,2377,dens_62854823056490751,67,Density,<Substance C=CCCCC{solv}{x=0.150300}|CCCO{solv}{x=0.849700}>,C=CCCCC,CCCO,Protein-Null-0.0.3-4-mer-AAQAA3-1E3-2-OPC3_opc3,3,0.7610719713292596,0.0002278725433915,0.7704980000000002,0.0001845
2378,2378,dens_294296714501123310,68,Density,<Substance C=CCCCC{solv}{x=0.499100}|CCCO{solv}{x=0.500900}>,C=CCCCC,CCCO,Protein-Null-0.0.3-4-mer-AAQAA3-1E3-2-OPC3_opc3,3,0.6993279237667246,0.0002778721533702,0.7176450000000002,0.0002145
2379,2379,dhmix_829065315899278784,69,EnthalpyOfMixing,<Substance C=CCCCC{solv}{x=0.750000}|CCCO{solv}{x=0.250000}>,C=CCCCC,CCCO,Protein-Null-0.0.3-4-mer-AAQAA3-1E3-2-OPC3_opc3,3,0.6202153233780479,0.0432121150187518,0.682,0.006
2380,2380,dens_2024397702416079279,70,Density,<Substance C=CCCCC{solv}{x=0.745600}|CCCO{solv}{x=0.254400}>,C=CCCCC,CCCO,Protein-Null-0.0.3-4-mer-AAQAA3-1E3-2-OPC3_opc3,3,0.6678140731473995,0.0002597049100381,0.6899770000000002,0.0002305
2381,2381,dhmix_2167083041249157622,71,EnthalpyOfMixing,<Substance C=CCCCC{solv}{x=0.150100}|CCCO{solv}{x=0.849900}>,C=CCCCC,CCCO,Protein-Null-0.0.3-4-mer-AAQAA3-1E3-2-OPC3_opc3,3,0.2505267452527846,0.0341274384274093,0.192,0.005
2382,2382,dhmix_22428169890990447,72,EnthalpyOfMixing,<Substance CC1(C)C(=O)[C@]2(C)CC[C@H]1C2{solv}{x=0.286000}|CCO{solv}{x=0.714000}>,CC1(C)C(=O)[C@]2(C)CC[C@H]1C2,CCO,Protein-Null-0.0.3-4-mer-AAQAA3-1E3-2-OPC3_opc3,3,0.5906696278084098,0.0340996236610306,0.876,0.0265
2383,2383,dhmix_57626661746168078,73,EnthalpyOfMixing,<Substance CC1(C)C(=O)[C@]2(C)CC[C@H]1C2{solv}{x=0.701000}|CCO{solv}{x=0.299000}>,CC1(C)C(=O)[C@]2(C)CC[C@H]1C2,CCO,Protein-Null-0.0.3-4-mer-AAQAA3-1E3-2-OPC3_opc3,3,0.7953117658881581,0.0507332600549852,1.0,0.0305
2384,2384,dhmix_287041928444283276,74,EnthalpyOfMixing,<Substance CC1(C)C(=O)[C@]2(C)CC[C@H]1C2{solv}{x=0.488000}|CCO{solv}{x=0.512000}>,CC1(C)C(=O)[C@]2(C)CC[C@H]1C2,CCO,Protein-Null-0.0.3-4-mer-AAQAA3-1E3-2-OPC3_opc3,3,0.8468899693783669,0.0426272147473814,1.109,0.0335
2385,2385,dens_618487453946854895,75,Density,<Substance CC1(C)C(=O)[C@]2(C)CC[C@H]1C2{solv}{x=0.501200}|CCO{solv}{x=0.498800}>,CC1(C)C(=O)[C@]2(C)CC[C@H]1C2,CCO,Protein-Null-0.0.3-4-mer-AAQAA3-1E3-2-OPC3_opc3,3,0.9069924510555074,0.0001976294584629,0.9005900000000002,5.5000000000000016e-05
2386,2386,dens_1408969463542558504,76,Density,<Substance CC1(C)C(=O)[C@]2(C)CC[C@H]1C2{solv}{x=0.789700}|CCO{solv}{x=0.210300}>,CC1(C)C(=O)[C@]2(C)CC[C@H]1C2,CCO,Protein-Null-0.0.3-4-mer-AAQAA3-1E3-2-OPC3_opc3,3,0.9358806378039288,0.0002134725955829,0.9274800000000002,6.0000000000000015e-05
2387,2387,dens_2053919413592536040,77,Density,<Substance CC1(C)C(=O)[C@]2(C)CC[C@H]1C2{solv}{x=0.200200}|CCO{solv}{x=0.799800}>,CC1(C)C(=O)[C@]2(C)CC[C@H]1C2,CCO,Protein-Null-0.0.3-4-mer-AAQAA3-1E3-2-OPC3_opc3,3,0.8542576545374068,0.000247728006149,0.8499000000000002,6.500000000000002e-05
2388,2388,dhmix_24700325920498635,78,EnthalpyOfMixing,<Substance CCC(C)(C)O{solv}{x=0.799400}|CCOC(C)(C)CC{solv}{x=0.200600}>,CCC(C)(C)O,CCOC(C)(C)CC,Protein-Null-0.0.3-4-mer-AAQAA3-1E3-2-OPC3_opc3,3,0.8176733394991116,0.0454532837400068,0.448,0.0073
2389,2389,dhmix_252628078473967793,79,EnthalpyOfMixing,<Substance CCC(C)(C)O{solv}{x=0.299700}|CCOC(C)(C)CC{solv}{x=0.700300}>,CCC(C)(C)O,CCOC(C)(C)CC,Protein-Null-0.0.3-4-mer-AAQAA3-1E3-2-OPC3_opc3,3,1.0787567516753214,0.0504067202495679,0.9727,0.0132
2390,2390,dens_281609537293621351,80,Density,<Substance CCC(C)(C)O{solv}{x=0.799400}|CCOC(C)(C)CC{solv}{x=0.200600}>,CCC(C)(C)O,CCOC(C)(C)CC,Protein-Null-0.0.3-4-mer-AAQAA3-1E3-2-OPC3_opc3,3,0.8078754246386349,0.0002441303365718,0.7932000000000002,0.00025
2391,2391,dhmix_980734994193955874,81,EnthalpyOfMixing,<Substance CCC(C)(C)O{solv}{x=0.498700}|CCOC(C)(C)CC{solv}{x=0.501300}>,CCC(C)(C)O,CCOC(C)(C)CC,Protein-Null-0.0.3-4-mer-AAQAA3-1E3-2-OPC3_opc3,3,1.1070393364925977,0.0496647854562268,0.8937,0.01225
2392,2392,dens_1165049856972872340,82,Density,<Substance CCC(C)(C)O{solv}{x=0.498700}|CCOC(C)(C)CC{solv}{x=0.501300}>,CCC(C)(C)O,CCOC(C)(C)CC,Protein-Null-0.0.3-4-mer-AAQAA3-1E3-2-OPC3_opc3,3,0.7873976458817293,0.0002437069725402,0.7789000000000001,0.0002
2393,2393,dens_2297026976830009992,83,Density,<Substance CCC(C)(C)O{solv}{x=0.299700}|CCOC(C)(C)CC{solv}{x=0.700300}>,CCC(C)(C)O,CCOC(C)(C)CC,Protein-Null-0.0.3-4-mer-AAQAA3-1E3-2-OPC3_opc3,3,0.7770188406196127,0.0001990305569958,0.7709000000000001,0.0002
2394,2394,dens_25810987980199799,84,Density,<Substance CCCCCC{solv}{x=0.158800}|Cc1ccccc1{solv}{x=0.841200}>,CCCCCC,Cc1ccccc1,Protein-Null-0.0.3-4-mer-AAQAA3-1E3-2-OPC3_opc3,3,0.8098857896638724,0.0002402792576113,0.8226300000000002,0.000335
2395,2395,dens_574637447996217594,85,Density,<Substance CCCCCC{solv}{x=0.501100}|Cc1ccccc1{solv}{x=0.498900}>,CCCCCC,Cc1ccccc1,Protein-Null-0.0.3-4-mer-AAQAA3-1E3-2-OPC3_opc3,3,0.7334663389985161,0.000245268886941,0.7484400000000002,0.00015
2396,2396,dhmix_1373657903424456878,86,EnthalpyOfMixing,<Substance CCCCCC{solv}{x=0.158600}|Cc1ccccc1{solv}{x=0.841400}>,CCCCCC,Cc1ccccc1,Protein-Null-0.0.3-4-mer-AAQAA3-1E3-2-OPC3_opc3,3,0.4887027387425178,0.0371014338179141,0.3163,0.0043
2397,2397,dhmix_1383995974797334848,87,EnthalpyOfMixing,<Substance CCCCCC{solv}{x=0.472300}|Cc1ccccc1{solv}{x=0.527700}>,CCCCCC,Cc1ccccc1,Protein-Null-0.0.3-4-mer-AAQAA3-1E3-2-OPC3_opc3,3,0.763558838245487,0.040754532473791,0.5467,0.00715
2398,2398,dhmix_1412344026798360911,88,EnthalpyOfMixing,<Substance CCCCCC{solv}{x=0.748400}|Cc1ccccc1{solv}{x=0.251600}>,CCCCCC,Cc1ccccc1,Protein-Null-0.0.3-4-mer-AAQAA3-1E3-2-OPC3_opc3,3,0.5591486169854676,0.0429823371722344,0.393,0.00525
2399,2399,dens_2241575426887298365,89,Density,<Substance CCCCCC{solv}{x=0.733800}|Cc1ccccc1{solv}{x=0.266200}>,CCCCCC,Cc1ccccc1,Protein-Null-0.0.3-4-mer-AAQAA3-1E3-2-OPC3_opc3,3,0.6877210976975069,0.0002307324850711,0.7020900000000002,0.000305
2400,2400,dens_27241401908451167,90,Density,<Substance CN(C)C=O{solv}{x=0.503500}|Cc1ccccc1Cl{solv}{x=0.496500}>,CN(C)C=O,Cc1ccccc1Cl,Protein-Null-0.0.3-4-mer-AAQAA3-1E3-2-OPC3_opc3,3,1.0115598306512916,0.0002415483979277,1.0247000000000004,0.0005
2401,2401,dhmix_674882857451857086,91,EnthalpyOfMixing,<Substance CN(C)C=O{solv}{x=0.511800}|Cc1ccccc1Cl{solv}{x=0.488200}>,CN(C)C=O,Cc1ccccc1Cl,Protein-Null-0.0.3-4-mer-AAQAA3-1E3-2-OPC3_opc3,3,0.1937328460925016,0.033837990616604,0.545,0.006
2402,2402,dens_818042132181297482,92,Density,<Substance CN(C)C=O{solv}{x=0.751200}|Cc1ccccc1Cl{solv}{x=0.248800}>,CN(C)C=O,Cc1ccccc1Cl,Protein-Null-0.0.3-4-mer-AAQAA3-1E3-2-OPC3_opc3,3,0.9699162514875124,0.0002381538462586,0.9898800000000002,0.0005
2403,2403,dens_861365281257265917,93,Density,<Substance CN(C)C=O{solv}{x=0.273700}|Cc1ccccc1Cl{solv}{x=0.726300}>,CN(C)C=O,Cc1ccccc1Cl,Protein-Null-0.0.3-4-mer-AAQAA3-1E3-2-OPC3_opc3,3,1.0313884404417777,0.0002584587052365,1.0415000000000003,0.0005
2404,2404,dhmix_1670364528496870559,94,EnthalpyOfMixing,<Substance CN(C)C=O{solv}{x=0.767900}|Cc1ccccc1Cl{solv}{x=0.232100}>,CN(C)C=O,Cc1ccccc1Cl,Protein-Null-0.0.3-4-mer-AAQAA3-1E3-2-OPC3_opc3,3,0.1788819137073574,0.0397135741147598,0.436,0.005
2405,2405,dhmix_1992689527814967541,95,EnthalpyOfMixing,<Substance CN(C)C=O{solv}{x=0.274300}|Cc1ccccc1Cl{solv}{x=0.725700}>,CN(C)C=O,Cc1ccccc1Cl,Protein-Null-0.0.3-4-mer-AAQAA3-1E3-2-OPC3_opc3,3,0.2100006269891352,0.0437340229623008,0.373,0.004
2406,2406,dens_29213618499921464,96,Density,<Substance C1CCOCC1{solv}{x=0.254000}|O=C1CCCCCC1{solv}{x=0.746000}>,C1CCOCC1,O=C1CCCCCC1,Protein-Null-0.0.3-4-mer-AAQAA3-1E3-2-OPC3_opc3,3,0.9120314698967166,0.0001825905369043,0.9355100000000002,0.00051
2407,2407,dens_468319504030932569,97,Density,<Substance C1CCOCC1{solv}{x=0.498600}|O=C1CCCCCC1{solv}{x=0.501400}>,C1CCOCC1,O=C1CCCCCC1,Protein-Null-0.0.3-4-mer-AAQAA3-1E3-2-OPC3_opc3,3,0.900085338896817,0.0001871885405916,0.9211200000000004,0.00051
2408,2408,dens_1174890511154571939,98,Density,<Substance C1CCOCC1{solv}{x=0.768600}|O=C1CCCCCC1{solv}{x=0.231400}>,C1CCOCC1,O=C1CCCCCC1,Protein-Null-0.0.3-4-mer-AAQAA3-1E3-2-OPC3_opc3,3,0.8847278479588941,0.0001622105547894,0.9012200000000002,0.000505
2409,2409,dens_30084818585402677,99,Density,<Substance CC(=O)N(C)C{solv}{x=0.700600}|ClCCCCCCCl{solv}{x=0.299400}>,CC(=O)N(C)C,ClCCCCCCCl,Protein-Null-0.0.3-4-mer-AAQAA3-1E3-2-OPC3_opc3,3,0.960991348934266,0.0002446452705697,0.9853000000000002,0.00175
2410,2410,dhmix_384619296407103076,100,EnthalpyOfMixing,<Substance CC(=O)N(C)C{solv}{x=0.504000}|ClCCCCCCCl{solv}{x=0.496000}>,CC(=O)N(C)C,ClCCCCCCCl,Protein-Null-0.0.3-4-mer-AAQAA3-1E3-2-OPC3_opc3,3,0.2409675546023564,0.0421435528303971,0.09,0.002
2411,2411,dens_539464371986972328,101,Density,<Substance CC(=O)N(C)C{solv}{x=0.494300}|ClCCCCCCCl{solv}{x=0.505700}>,CC(=O)N(C)C,ClCCCCCCCl,Protein-Null-0.0.3-4-mer-AAQAA3-1E3-2-OPC3_opc3,3,0.9953196769071938,0.0002488600336779,1.0123000000000002,0.0016
2412,2412,dhmix_1114659247517686326,102,EnthalpyOfMixing,<Substance CC(=O)N(C)C{solv}{x=0.798000}|ClCCCCCCCl{solv}{x=0.202000}>,CC(=O)N(C)C,ClCCCCCCCl,Protein-Null-0.0.3-4-mer-AAQAA3-1E3-2-OPC3_opc3,3,0.1965991485305469,0.0347231707728631,0.067,0.002
2413,2413,dhmix_1410583096030633514,103,EnthalpyOfMixing,<Substance CC(=O)N(C)C{solv}{x=0.212000}|ClCCCCCCCl{solv}{x=0.788000}>,CC(=O)N(C)C,ClCCCCCCCl,Protein-Null-0.0.3-4-mer-AAQAA3-1E3-2-OPC3_opc3,3,0.2130440494601373,0.0467372319208345,0.04,0.002
2414,2414,dens_2244909992725638206,104,Density,<Substance CC(=O)N(C)C{solv}{x=0.300200}|ClCCCCCCCl{solv}{x=0.699800}>,CC(=O)N(C)C,ClCCCCCCCl,Protein-Null-0.0.3-4-mer-AAQAA3-1E3-2-OPC3_opc3,3,1.02172781126648,0.0002105829562162,1.0345000000000002,0.0015
2415,2415,dhmix_35301006695188726,105,EnthalpyOfMixing,<Substance CCOC(=O)C(C)C{solv}{x=0.289000}|CO{solv}{x=0.711000}>,CCOC(=O)C(C)C,CO,Protein-Null-0.0.3-4-mer-AAQAA3-1E3-2-OPC3_opc3,3,0.2875546978121264,0.0315048010629447,0.488,0.0035
2416,2416,dens_508877804306927207,106,Density,<Substance CCOC(=O)C(C)C{solv}{x=0.499000}|CO{solv}{x=0.501000}>,CCOC(=O)C(C)C,CO,Protein-Null-0.0.3-4-mer-AAQAA3-1E3-2-OPC3_opc3,3,0.8425095788966124,0.0002474491873516,0.8414100000000002,0.00011
2417,2417,dens_1201422771202741625,107,Density,<Substance CCOC(=O)C(C)C{solv}{x=0.199600}|CO{solv}{x=0.800400}>,CCOC(=O)C(C)C,CO,Protein-Null-0.0.3-4-mer-AAQAA3-1E3-2-OPC3_opc3,3,0.809691924045703,0.0003172741728496,0.8173600000000002,0.000115
2418,2418,dhmix_1951183536432642425,108,EnthalpyOfMixing,<Substance CCOC(=O)C(C)C{solv}{x=0.480000}|CO{solv}{x=0.520000}>,CCOC(=O)C(C)C,CO,Protein-Null-0.0.3-4-mer-AAQAA3-1E3-2-OPC3_opc3,3,0.3999679074405584,0.0388813452857969,0.671,0.0045
2419,2419,dens_1998368384671748308,109,Density,<Substance CCOC(=O)C(C)C{solv}{x=0.703000}|CO{solv}{x=0.297000}>,CCOC(=O)C(C)C,CO,Protein-Null-0.0.3-4-mer-AAQAA3-1E3-2-OPC3_opc3,3,0.8563880921980981,0.00025442364964,0.8501200000000002,0.00011
2420,2420,dhmix_2200604492347455092,110,EnthalpyOfMixing,<Substance CCOC(=O)C(C)C{solv}{x=0.771000}|CO{solv}{x=0.229000}>,CCOC(=O)C(C)C,CO,Protein-Null-0.0.3-4-mer-AAQAA3-1E3-2-OPC3_opc3,3,0.3707012704001116,0.0462655802027133,0.632,0.0045
2421,2421,dhmix_39159150320919359,111,EnthalpyOfMixing,<Substance CCO{solv}{x=0.799700}|Cc1cccc(O)c1{solv}{x=0.200300}>,CCO,Cc1cccc(O)c1,Protein-Null-0.0.3-4-mer-AAQAA3-1E3-2-OPC3_opc3,3,-0.7373228072833911,0.0326397519907016,-0.79199,0.011965
2422,2422,dens_410843938837220593,112,Density,<Substance CCO{solv}{x=0.263700}|Cc1cccc(O)c1{solv}{x=0.736300}>,CCO,Cc1cccc(O)c1,Protein-Null-0.0.3-4-mer-AAQAA3-1E3-2-OPC3_opc3,3,0.9920852021147866,0.0002483355918231,0.9852300000000004,0.0006
2423,2423,dhmix_1115402835538407874,113,EnthalpyOfMixing,<Substance CCO{solv}{x=0.212500}|Cc1cccc(O)c1{solv}{x=0.787500}>,CCO,Cc1cccc(O)c1,Protein-Null-0.0.3-4-mer-AAQAA3-1E3-2-OPC3_opc3,3,-0.6494015114681062,0.0375212676006453,-0.68742,0.01275
2424,2424,dens_1359111234216199895,114,Density,<Substance CCO{solv}{x=0.472400}|Cc1cccc(O)c1{solv}{x=0.527600}>,CCO,Cc1cccc(O)c1,Protein-Null-0.0.3-4-mer-AAQAA3-1E3-2-OPC3_opc3,3,0.954549361418912,0.0002130348976589,0.9446300000000002,0.0006
2425,2425,dens_1590314985481219627,115,Density,<Substance CCO{solv}{x=0.781700}|Cc1cccc(O)c1{solv}{x=0.218300}>,CCO,Cc1cccc(O)c1,Protein-Null-0.0.3-4-mer-AAQAA3-1E3-2-OPC3_opc3,3,0.873013935473994,0.000250352872865,0.8631500000000002,0.000605
2426,2426,dhmix_1871939727966182523,116,EnthalpyOfMixing,<Substance CCO{solv}{x=0.413900}|Cc1cccc(O)c1{solv}{x=0.586100}>,CCO,Cc1cccc(O)c1,Protein-Null-0.0.3-4-mer-AAQAA3-1E3-2-OPC3_opc3,3,-1.0797938029270426,0.0410421858417017,-1.14624,0.00985
2427,2427,dens_42678158079716854,117,Density,<Substance CN1CCCC1=O{solv}{x=0.937492}|c1ccccc1{solv}{x=0.062508}>,CN1CCCC1=O,c1ccccc1,Protein-Null-0.0.3-4-mer-AAQAA3-1E3-2-OPC3_opc3,3,0.9939480515434174,0.0001975148939298,1.0204500000000003,3.500000000000001e-05
2428,2428,dens_252520620125458637,118,Density,<Substance CN1CCCC1=O{solv}{x=0.513500}|c1ccccc1{solv}{x=0.486500}>,CN1CCCC1=O,c1ccccc1,Protein-Null-0.0.3-4-mer-AAQAA3-1E3-2-OPC3_opc3,3,0.9490296636193946,0.0002339162761495,0.9684700000000004,0.00018
2429,2429,dhmix_524477957640851666,119,EnthalpyOfMixing,<Substance CN1CCCC1=O{solv}{x=0.235600}|c1ccccc1{solv}{x=0.764400}>,CN1CCCC1=O,c1ccccc1,Protein-Null-0.0.3-4-mer-AAQAA3-1E3-2-OPC3_opc3,3,-0.144070822973731,0.0404296449256757,-0.3684,0.00405
2430,2430,dhmix_1475629358723962160,120,EnthalpyOfMixing,<Substance CN1CCCC1=O{solv}{x=0.546700}|c1ccccc1{solv}{x=0.453300}>,CN1CCCC1=O,c1ccccc1,Protein-Null-0.0.3-4-mer-AAQAA3-1E3-2-OPC3_opc3,3,-0.2413462728287569,0.0348969943387237,-0.4943,0.00535
2431,2431,dens_2041306780823594960,121,Density,<Substance CN1CCCC1=O{solv}{x=0.252400}|c1ccccc1{solv}{x=0.747600}>,CN1CCCC1=O,c1ccccc1,Protein-Null-0.0.3-4-mer-AAQAA3-1E3-2-OPC3_opc3,3,0.902044747324782,0.0002779626564233,0.9163300000000004,0.00029
2432,2432,dhmix_2156508970935294660,122,EnthalpyOfMixing,<Substance CN1CCCC1=O{solv}{x=0.741100}|c1ccccc1{solv}{x=0.258900}>,CN1CCCC1=O,c1ccccc1,Protein-Null-0.0.3-4-mer-AAQAA3-1E3-2-OPC3_opc3,3,-0.0665753711626848,0.0417521035437624,-0.3841,0.0042
2433,2433,dhmix_44217680865702366,123,EnthalpyOfMixing,<Substance CC(=O)c1ccccc1{solv}{x=0.200100}|CC(C)O{solv}{x=0.799900}>,CC(=O)c1ccccc1,CC(C)O,Protein-Null-0.0.3-4-mer-AAQAA3-1E3-2-OPC3_opc3,3,0.9350639165769384,0.034265391046638,1.1352,0.0124
2434,2434,dens_91454082453656404,124,Density,<Substance CC(=O)c1ccccc1{solv}{x=0.756100}|CC(C)O{solv}{x=0.243900}>,CC(=O)c1ccccc1,CC(C)O,Protein-Null-0.0.3-4-mer-AAQAA3-1E3-2-OPC3_opc3,3,0.9745693424241942,0.0002071401262919,0.9823500000000004,0.000175
2435,2435,dens_152869924254680766,125,Density,<Substance CC(=O)c1ccccc1{solv}{x=0.251700}|CC(C)O{solv}{x=0.748300}>,CC(=O)c1ccccc1,CC(C)O,Protein-Null-0.0.3-4-mer-AAQAA3-1E3-2-OPC3_opc3,3,0.8744899043272301,0.0002633043793964,0.8654400000000002,0.000245
2436,2436,dhmix_1214494501247401592,126,EnthalpyOfMixing,<Substance CC(=O)c1ccccc1{solv}{x=0.499600}|CC(C)O{solv}{x=0.500400}>,CC(=O)c1ccccc1,CC(C)O,Protein-Null-0.0.3-4-mer-AAQAA3-1E3-2-OPC3_opc3,3,1.416775538518845,0.0402498376068704,1.5703,0.0169
2437,2437,dhmix_1482394504883204224,127,EnthalpyOfMixing,<Substance CC(=O)c1ccccc1{solv}{x=0.700600}|CC(C)O{solv}{x=0.299400}>,CC(=O)c1ccccc1,CC(C)O,Protein-Null-0.0.3-4-mer-AAQAA3-1E3-2-OPC3_opc3,3,1.0079548561241083,0.0373691062460848,1.3758,0.01485
2438,2438,dens_1804860114822214449,128,Density,<Substance CC(=O)c1ccccc1{solv}{x=0.534500}|CC(C)O{solv}{x=0.465500}>,CC(=O)c1ccccc1,CC(C)O,Protein-Null-0.0.3-4-mer-AAQAA3-1E3-2-OPC3_opc3,3,0.9361371324985104,0.000218934763939,0.9375600000000002,0.0002
2439,2439,dhmix_47323681380989568,129,EnthalpyOfMixing,<Substance CCCCCCCCCl{solv}{x=0.498000}|CN(C)C=O{solv}{x=0.502000}>,CCCCCCCCCl,CN(C)C=O,Protein-Null-0.0.3-4-mer-AAQAA3-1E3-2-OPC3_opc3,3,1.2737727503096608,0.0467979511627235,1.087,0.0045
2440,2440,dhmix_620291288515939248,130,EnthalpyOfMixing,<Substance CCCCCCCCCl{solv}{x=0.790000}|CN(C)C=O{solv}{x=0.210000}>,CCCCCCCCCl,CN(C)C=O,Protein-Null-0.0.3-4-mer-AAQAA3-1E3-2-OPC3_opc3,3,0.943119470254416,0.0509916567276114,0.68,0.0045
2441,2441,dens_1830564734879843336,131,Density,<Substance CCCCCCCCCl{solv}{x=0.733100}|CN(C)C=O{solv}{x=0.266900}>,CCCCCCCCCl,CN(C)C=O,Protein-Null-0.0.3-4-mer-AAQAA3-1E3-2-OPC3_opc3,3,0.8678462354892392,0.0002215310395832,0.8779000000000002,0.00045
2442,2442,dens_1865569264533219410,132,Density,<Substance CCCCCCCCCl{solv}{x=0.500800}|CN(C)C=O{solv}{x=0.499200}>,CCCCCCCCCl,CN(C)C=O,Protein-Null-0.0.3-4-mer-AAQAA3-1E3-2-OPC3_opc3,3,0.8762942911520267,0.0002129067384035,0.8897000000000003,0.0004
2443,2443,dens_1893252821735673677,133,Density,<Substance CCCCCCCCCl{solv}{x=0.199800}|CN(C)C=O{solv}{x=0.800200}>,CCCCCCCCCl,CN(C)C=O,Protein-Null-0.0.3-4-mer-AAQAA3-1E3-2-OPC3_opc3,3,0.8953766721244477,0.0002568709498036,0.9149000000000002,0.0003
2444,2444,dhmix_2175249209874409534,134,EnthalpyOfMixing,<Substance CCCCCCCCCl{solv}{x=0.205000}|CN(C)C=O{solv}{x=0.795000}>,CCCCCCCCCl,CN(C)C=O,Protein-Null-0.0.3-4-mer-AAQAA3-1E3-2-OPC3_opc3,3,1.025547345928878,0.0408604209373452,0.79,0.0045
2445,2445,dens_47347406470845261,135,Density,<Substance BrCCCBr{solv}{x=0.748600}|COC=O{solv}{x=0.251400}>,BrCCCBr,COC=O,Protein-Null-0.0.3-4-mer-AAQAA3-1E3-2-OPC3_opc3,3,1.7466751344628733,0.0005737167329031,1.7969200000000003,0.00306
2446,2446,dens_398260729245374704,136,Density,<Substance BrCCCBr{solv}{x=0.472200}|COC=O{solv}{x=0.527800}>,BrCCCBr,COC=O,Protein-Null-0.0.3-4-mer-AAQAA3-1E3-2-OPC3_opc3,3,1.539687648094652,0.0005164915808671,1.5585100000000005,0.001985
2447,2447,dhmix_1440467239786579925,137,EnthalpyOfMixing,<Substance BrCCCBr{solv}{x=0.735400}|COC=O{solv}{x=0.264600}>,BrCCCBr,COC=O,Protein-Null-0.0.3-4-mer-AAQAA3-1E3-2-OPC3_opc3,3,0.7217683880674812,0.0356405804585107,0.7435,0.00655
2448,2448,dens_1812113401512645360,138,Density,<Substance BrCCCBr{solv}{x=0.204700}|COC=O{solv}{x=0.795300}>,BrCCCBr,COC=O,Protein-Null-0.0.3-4-mer-AAQAA3-1E3-2-OPC3_opc3,3,1.2716870622459078,0.0004610979724445,1.2611800000000004,0.001025
2449,2449,dhmix_2252268161220427112,139,EnthalpyOfMixing,<Substance BrCCCBr{solv}{x=0.485300}|COC=O{solv}{x=0.514700}>,BrCCCBr,COC=O,Protein-Null-0.0.3-4-mer-AAQAA3-1E3-2-OPC3_opc3,3,0.9820495809215366,0.0304041450653734,0.9249,0.00795
2450,2450,dhmix_2289960806584862127,140,EnthalpyOfMixing,<Substance BrCCCBr{solv}{x=0.239500}|COC=O{solv}{x=0.760500}>,BrCCCBr,COC=O,Protein-Null-0.0.3-4-mer-AAQAA3-1E3-2-OPC3_opc3,3,0.7313718413179036,0.0319433598747295,0.6669,0.00595
2451,2451,dens_52148744845178727,141,Density,<Substance CC(=O)CC(C)C{solv}{x=0.700900}|CCC(C)(C)O{solv}{x=0.299100}>,CC(=O)CC(C)C,CCC(C)(C)O,Protein-Null-0.0.3-4-mer-AAQAA3-1E3-2-OPC3_opc3,3,0.8001160281864159,0.0001511999601257,0.7968700000000002,0.00018
2452,2452,dhmix_202225007451030020,142,EnthalpyOfMixing,<Substance CC(=O)CC(C)C{solv}{x=0.201700}|CCC(C)(C)O{solv}{x=0.798300}>,CC(=O)CC(C)C,CCC(C)(C)O,Protein-Null-0.0.3-4-mer-AAQAA3-1E3-2-OPC3_opc3,3,0.3032343724981845,0.056301566936293,0.8181,0.01135
2453,2453,dens_938275493819605051,143,Density,<Substance CC(=O)CC(C)C{solv}{x=0.500800}|CCC(C)(C)O{solv}{x=0.499200}>,CC(=O)CC(C)C,CCC(C)(C)O,Protein-Null-0.0.3-4-mer-AAQAA3-1E3-2-OPC3_opc3,3,0.8056157364834544,0.0001888685191095,0.7987300000000002,0.00018
2454,2454,dhmix_998794233701009996,144,EnthalpyOfMixing,<Substance CC(=O)CC(C)C{solv}{x=0.500800}|CCC(C)(C)O{solv}{x=0.499200}>,CC(=O)CC(C)C,CCC(C)(C)O,Protein-Null-0.0.3-4-mer-AAQAA3-1E3-2-OPC3_opc3,3,0.8014873692805917,0.0443436976902987,1.3674,0.0185
2455,2455,dhmix_1565593158104493647,145,EnthalpyOfMixing,<Substance CC(=O)CC(C)C{solv}{x=0.700900}|CCC(C)(C)O{solv}{x=0.299100}>,CC(=O)CC(C)C,CCC(C)(C)O,Protein-Null-0.0.3-4-mer-AAQAA3-1E3-2-OPC3_opc3,3,0.8025364804002493,0.0363543499924342,1.2068,0.0164
2456,2456,dens_2097057526665137697,146,Density,<Substance CC(=O)CC(C)C{solv}{x=0.201700}|CCC(C)(C)O{solv}{x=0.798300}>,CC(=O)CC(C)C,CCC(C)(C)O,Protein-Null-0.0.3-4-mer-AAQAA3-1E3-2-OPC3_opc3,3,0.817709319272241,0.0002239345516914,0.8030000000000002,0.00019
2457,2457,dens_60145312697659458,147,Density,<Substance OC1=NCCC1{solv}{x=0.231200}|c1ccncc1{solv}{x=0.768800}>,OC1=NCCC1,c1ccncc1,Protein-Null-0.0.3-4-mer-AAQAA3-1E3-2-OPC3_opc3,3,1.001960023804438,0.0002556120597821,1.0106200000000003,0.00051
2458,2458,dhmix_281987656487279026,148,EnthalpyOfMixing,<Substance OC1=NCCC1{solv}{x=0.525600}|c1ccncc1{solv}{x=0.474400}>,OC1=NCCC1,c1ccncc1,Protein-Null-0.0.3-4-mer-AAQAA3-1E3-2-OPC3_opc3,3,0.1218143553741128,0.0294166294646755,0.2031,0.0508
2459,2459,dens_617740093035429712,149,Density,<Substance OC1=NCCC1{solv}{x=0.831200}|c1ccncc1{solv}{x=0.168800}>,OC1=NCCC1,c1ccncc1,Protein-Null-0.0.3-4-mer-AAQAA3-1E3-2-OPC3_opc3,3,1.0542208568904703,0.0002804102843849,1.0872000000000004,0.00052
2460,2460,dhmix_658699797311871042,150,EnthalpyOfMixing,<Substance OC1=NCCC1{solv}{x=0.261500}|c1ccncc1{solv}{x=0.738500}>,OC1=NCCC1,c1ccncc1,Protein-Null-0.0.3-4-mer-AAQAA3-1E3-2-OPC3_opc3,3,0.0975894424199808,0.0354106977933743,0.165,0.04125
2461,2461,dhmix_774470106511868908,151,EnthalpyOfMixing,<Substance OC1=NCCC1{solv}{x=0.831100}|c1ccncc1{solv}{x=0.168900}>,OC1=NCCC1,c1ccncc1,Protein-Null-0.0.3-4-mer-AAQAA3-1E3-2-OPC3_opc3,3,0.1117928375162762,0.035679716637636,0.0972,0.0243
2462,2462,dens_1837977312272564303,152,Density,<Substance OC1=NCCC1{solv}{x=0.475200}|c1ccncc1{solv}{x=0.524800}>,OC1=NCCC1,c1ccncc1,Protein-Null-0.0.3-4-mer-AAQAA3-1E3-2-OPC3_opc3,3,1.024828943865738,0.0002346922235157,1.0431300000000003,0.000515
2463,2463,dens_64870336397637683,153,Density,<Substance NCCCO{solv}{x=0.489642}|O{solv}{x=0.510358}>,NCCCO,O,Protein-Null-0.0.3-4-mer-AAQAA3-1E3-2-OPC3_opc3,3,1.037339613751373,0.000578232563761,1.0059000000000002,0.00155
2464,2464,dens_70371380055449550,154,Density,<Substance NCCCO{solv}{x=0.708044}|O{solv}{x=0.291956}>,NCCCO,O,Protein-Null-0.0.3-4-mer-AAQAA3-1E3-2-OPC3_opc3,3,1.0371694770532027,0.0004159371106047,0.9975000000000004,0.0018
2465,2465,dhmix_150384853762728924,155,EnthalpyOfMixing,<Substance NCCCO{solv}{x=0.751500}|O{solv}{x=0.248500}>,NCCCO,O,Protein-Null-0.0.3-4-mer-AAQAA3-1E3-2-OPC3_opc3,3,-1.0058097923456657,0.0456601451817974,-1.531,0.031
2466,2466,dens_847209819230970781,156,Density,<Substance NCCCO{solv}{x=0.272809}|O{solv}{x=0.727191}>,NCCCO,O,Protein-Null-0.0.3-4-mer-AAQAA3-1E3-2-OPC3_opc3,3,1.0338875913985637,0.0004168241839419,1.0118000000000005,0.0014
2467,2467,dhmix_1448036989335532298,157,EnthalpyOfMixing,<Substance NCCCO{solv}{x=0.298200}|O{solv}{x=0.701800}>,NCCCO,O,Protein-Null-0.0.3-4-mer-AAQAA3-1E3-2-OPC3_opc3,3,-1.1891697187665002,0.0308132404668366,-2.501,0.051
2468,2468,dhmix_1551692974855642379,158,EnthalpyOfMixing,<Substance NCCCO{solv}{x=0.498900}|O{solv}{x=0.501100}>,NCCCO,O,Protein-Null-0.0.3-4-mer-AAQAA3-1E3-2-OPC3_opc3,3,-1.193857485220974,0.0330000241875161,-2.462,0.05
2469,2469,dhmix_65921650414250861,159,EnthalpyOfMixing,<Substance CCOC(=O)CC(C)=O{solv}{x=0.499500}|CCO{solv}{x=0.500500}>,CCO,CCOC(=O)CC(C)=O,Protein-Null-0.0.3-4-mer-AAQAA3-1E3-2-OPC3_opc3,3,1.565962851029525,0.03108226495036,1.7079,0.0183
2470,2470,dhmix_546962203716710778,160,EnthalpyOfMixing,<Substance CCOC(=O)CC(C)=O{solv}{x=0.299400}|CCO{solv}{x=0.700600}>,CCO,CCOC(=O)CC(C)=O,Protein-Null-0.0.3-4-mer-AAQAA3-1E3-2-OPC3_opc3,3,1.4208358230315523,0.0364582128796119,1.4925,0.01605
2471,2471,dens_989479368116300355,161,Density,<Substance CCOC(=O)CC(C)=O{solv}{x=0.500000}|CCO{solv}{x=0.500000}>,CCO,CCOC(=O)CC(C)=O,Protein-Null-0.0.3-4-mer-AAQAA3-1E3-2-OPC3_opc3,3,0.9532424203140804,0.000208696521799,0.9484700000000004,0.000155
2472,2472,dens_1726065156375824332,162,Density,<Substance CCOC(=O)CC(C)=O{solv}{x=0.250000}|CCO{solv}{x=0.750000}>,CCO,CCOC(=O)CC(C)=O,Protein-Null-0.0.3-4-mer-AAQAA3-1E3-2-OPC3_opc3,3,0.8906963566701954,0.0003103995632374,0.8856300000000003,0.00017
2473,2473,dens_1736679431098209973,163,Density,<Substance CCOC(=O)CC(C)=O{solv}{x=0.750000}|CCO{solv}{x=0.250000}>,CCO,CCOC(=O)CC(C)=O,Protein-Null-0.0.3-4-mer-AAQAA3-1E3-2-OPC3_opc3,3,0.9964007649145088,0.0002054814916126,0.9917100000000004,0.00017
2474,2474,dhmix_2221487218644783272,164,EnthalpyOfMixing,<Substance CCOC(=O)CC(C)=O{solv}{x=0.700800}|CCO{solv}{x=0.299200}>,CCO,CCOC(=O)CC(C)=O,Protein-Null-0.0.3-4-mer-AAQAA3-1E3-2-OPC3_opc3,3,1.290754854240021,0.0326365864912356,1.478,0.0159
2475,2475,dhmix_68947190908856741,165,EnthalpyOfMixing,<Substance C1COCCO1{solv}{x=0.250000}|O=C1CCCC1{solv}{x=0.750000}>,C1COCCO1,O=C1CCCC1,Protein-Null-0.0.3-4-mer-AAQAA3-1E3-2-OPC3_opc3,3,-0.0022968864689971,0.039386677196014,0.04589,0.00057
2476,2476,dens_225413782402822877,166,Density,<Substance C1COCCO1{solv}{x=0.777800}|O=C1CCCC1{solv}{x=0.222200}>,C1COCCO1,O=C1CCCC1,Protein-Null-0.0.3-4-mer-AAQAA3-1E3-2-OPC3_opc3,3,1.0039039995221797,0.0002659682839893,1.0081000000000002,0.000255
2477,2477,dhmix_415496698649060745,167,EnthalpyOfMixing,<Substance C1COCCO1{solv}{x=0.500000}|O=C1CCCC1{solv}{x=0.500000}>,C1COCCO1,O=C1CCCC1,Protein-Null-0.0.3-4-mer-AAQAA3-1E3-2-OPC3_opc3,3,-0.0289659850675576,0.0350511334226317,0.07457,0.00068
2478,2478,dens_803440153424346423,168,Density,<Substance C1COCCO1{solv}{x=0.506300}|O=C1CCCC1{solv}{x=0.493700}>,C1COCCO1,O=C1CCCC1,Protein-Null-0.0.3-4-mer-AAQAA3-1E3-2-OPC3_opc3,3,0.9722640819148384,0.0002495122989384,0.9849200000000002,0.00025
2479,2479,dens_1553194080174872005,169,Density,<Substance C1COCCO1{solv}{x=0.243600}|O=C1CCCC1{solv}{x=0.756400}>,C1COCCO1,O=C1CCCC1,Protein-Null-0.0.3-4-mer-AAQAA3-1E3-2-OPC3_opc3,3,0.9424144405161594,0.0002350091401548,0.9633500000000004,0.000245
2480,2480,dhmix_1852349497898107924,170,EnthalpyOfMixing,<Substance C1COCCO1{solv}{x=0.750000}|O=C1CCCC1{solv}{x=0.250000}>,C1COCCO1,O=C1CCCC1,Protein-Null-0.0.3-4-mer-AAQAA3-1E3-2-OPC3_opc3,3,-0.0248545171445613,0.0399247877746494,0.07097,0.000665
2481,2481,dhmix_71170350241685196,171,EnthalpyOfMixing,<Substance COC(C)(C)C{solv}{x=0.749000}|ClC(Cl)Cl{solv}{x=0.251000}>,COC(C)(C)C,ClC(Cl)Cl,Protein-Null-0.0.3-4-mer-AAQAA3-1E3-2-OPC3_opc3,3,-0.8345309357961028,0.0425831041743162,-1.9,0.077
2482,2482,dens_554111049740737271,172,Density,<Substance COC(C)(C)C{solv}{x=0.454000}|ClC(Cl)Cl{solv}{x=0.546000}>,COC(C)(C)C,ClC(Cl)Cl,Protein-Null-0.0.3-4-mer-AAQAA3-1E3-2-OPC3_opc3,3,1.1205468762056754,0.0003903206021486,1.0838000000000003,0.00015
2483,2483,dhmix_1691495556773848750,173,EnthalpyOfMixing,<Substance COC(C)(C)C{solv}{x=0.484000}|ClC(Cl)Cl{solv}{x=0.516000}>,COC(C)(C)C,ClC(Cl)Cl,Protein-Null-0.0.3-4-mer-AAQAA3-1E3-2-OPC3_opc3,3,-1.300982989875564,0.0281871618471759,-2.1,0.0845
2484,2484,dens_1874337336846858625,174,Density,<Substance COC(C)(C)C{solv}{x=0.276000}|ClC(Cl)Cl{solv}{x=0.724000}>,COC(C)(C)C,ClC(Cl)Cl,Protein-Null-0.0.3-4-mer-AAQAA3-1E3-2-OPC3_opc3,3,1.2791753762574185,0.0004857583073652,1.2259000000000004,0.0002
2485,2485,dens_2136498248834183810,175,Density,<Substance COC(C)(C)C{solv}{x=0.728600}|ClC(Cl)Cl{solv}{x=0.271400}>,COC(C)(C)C,ClC(Cl)Cl,Protein-Null-0.0.3-4-mer-AAQAA3-1E3-2-OPC3_opc3,3,0.9140870250337482,0.0003240858315877,0.8956000000000003,0.00015
2486,2486,dhmix_2232264038422377060,176,EnthalpyOfMixing,<Substance COC(C)(C)C{solv}{x=0.220000}|ClC(Cl)Cl{solv}{x=0.780000}>,COC(C)(C)C,ClC(Cl)Cl,Protein-Null-0.0.3-4-mer-AAQAA3-1E3-2-OPC3_opc3,3,-0.9413528517932496,0.0283910694322276,-1.5,0.0605
2487,2487,dhmix_73322629991074290,177,EnthalpyOfMixing,<Substance CCC(C)=O{solv}{x=0.212400}|CCN(CC)CC{solv}{x=0.787600}>,CCC(C)=O,CCN(CC)CC,Protein-Null-0.0.3-4-mer-AAQAA3-1E3-2-OPC3_opc3,3,0.403822658095045,0.0490948761694601,0.57,0.006
2488,2488,dens_317201778138256714,178,Density,<Substance CCC(C)=O{solv}{x=0.261000}|CCN(CC)CC{solv}{x=0.739000}>,CCC(C)=O,CCN(CC)CC,Protein-Null-0.0.3-4-mer-AAQAA3-1E3-2-OPC3_opc3,3,0.7350387204301125,0.0001916354679192,0.7361510000000001,0.000106
2489,2489,dens_544322850735592196,179,Density,<Substance CCC(C)=O{solv}{x=0.510600}|CCN(CC)CC{solv}{x=0.489400}>,CCC(C)=O,CCN(CC)CC,Protein-Null-0.0.3-4-mer-AAQAA3-1E3-2-OPC3_opc3,3,0.745674850645222,0.0002273598350847,0.7527560000000002,0.0001045
2490,2490,dhmix_690665189446107141,180,EnthalpyOfMixing,<Substance CCC(C)=O{solv}{x=0.496700}|CCN(CC)CC{solv}{x=0.503300}>,CCC(C)=O,CCN(CC)CC,Protein-Null-0.0.3-4-mer-AAQAA3-1E3-2-OPC3_opc3,3,0.4405032698318223,0.0432573041746523,0.746,0.008
2491,2491,dhmix_935249702283890201,181,EnthalpyOfMixing,<Substance CCC(C)=O{solv}{x=0.789300}|CCN(CC)CC{solv}{x=0.210700}>,CCC(C)=O,CCN(CC)CC,Protein-Null-0.0.3-4-mer-AAQAA3-1E3-2-OPC3_opc3,3,0.3556049267371719,0.0418480125845865,0.455,0.005
2492,2492,dens_1635002920322954883,182,Density,<Substance CCC(C)=O{solv}{x=0.760400}|CCN(CC)CC{solv}{x=0.239600}>,CCC(C)=O,CCN(CC)CC,Protein-Null-0.0.3-4-mer-AAQAA3-1E3-2-OPC3_opc3,3,0.7603780266713644,0.000240015851179,0.7738830000000002,9.900000000000003e-05
2493,2493,dhmix_76833325524040726,183,EnthalpyOfMixing,<Substance C1CCCCC1{solv}{x=0.260600}|c1ccccc1{solv}{x=0.739400}>,C1CCCCC1,c1ccccc1,Protein-Null-0.0.3-4-mer-AAQAA3-1E3-2-OPC3_opc3,3,0.8093821788560973,0.0423946976051469,0.6282,0.00695
2494,2494,dens_330305790736126156,184,Density,<Substance C1CCCCC1{solv}{x=0.499600}|c1ccccc1{solv}{x=0.500400}>,C1CCCCC1,c1ccccc1,Protein-Null-0.0.3-4-mer-AAQAA3-1E3-2-OPC3_opc3,3,0.7956391745421288,0.000245649938197,0.8136000000000002,0.0002
2495,2495,dhmix_460305358266375837,185,EnthalpyOfMixing,<Substance C1CCCCC1{solv}{x=0.766800}|c1ccccc1{solv}{x=0.233200}>,C1CCCCC1,c1ccccc1,Protein-Null-0.0.3-4-mer-AAQAA3-1E3-2-OPC3_opc3,3,0.776815274960839,0.0462433331627347,0.5517,0.00725
2496,2496,dens_1579941980285561951,186,Density,<Substance C1CCCCC1{solv}{x=0.249800}|c1ccccc1{solv}{x=0.750200}>,C1CCCCC1,c1ccccc1,Protein-Null-0.0.3-4-mer-AAQAA3-1E3-2-OPC3_opc3,3,0.8262725754530094,0.0002619534999686,0.8405780000000002,7.05e-05
2497,2497,dhmix_1824194485055356086,187,EnthalpyOfMixing,<Substance C1CCCCC1{solv}{x=0.501200}|c1ccccc1{solv}{x=0.498800}>,C1CCCCC1,c1ccccc1,Protein-Null-0.0.3-4-mer-AAQAA3-1E3-2-OPC3_opc3,3,1.133142005767894,0.0388772801751616,0.7893,0.00655
2498,2498,dens_1871885279620492514,188,Density,<Substance C1CCCCC1{solv}{x=0.732300}|c1ccccc1{solv}{x=0.267700}>,C1CCCCC1,c1ccccc1,Protein-Null-0.0.3-4-mer-AAQAA3-1E3-2-OPC3_opc3,3,0.773707760073059,0.0002528746128956,0.7929200000000002,7.450000000000001e-05
2499,2499,dens_78518696584109468,189,Density,<Substance CN(CCO)CCO{solv}{x=0.743000}|O{solv}{x=0.257000}>,CN(CCO)CCO,O,Protein-Null-0.0.3-4-mer-AAQAA3-1E3-2-OPC3_opc3,3,1.0476384134459864,0.0003486577154938,1.0405100000000005,0.000286
2500,2500,dens_169053214615075062,190,Density,<Substance CN(CCO)CCO{solv}{x=0.257100}|O{solv}{x=0.742900}>,CN(CCO)CCO,O,Protein-Null-0.0.3-4-mer-AAQAA3-1E3-2-OPC3_opc3,3,1.0510185775657443,0.0003873093805947,1.0522550000000004,0.000221
2501,2501,dhmix_750283179383190388,191,EnthalpyOfMixing,<Substance CN(CCO)CCO{solv}{x=0.741100}|O{solv}{x=0.258900}>,CN(CCO)CCO,O,Protein-Null-0.0.3-4-mer-AAQAA3-1E3-2-OPC3_opc3,3,-1.3109390195717197,0.0473317440261714,-1.154,0.0125
2502,2502,dhmix_1537351248216247854,192,EnthalpyOfMixing,<Substance CN(CCO)CCO{solv}{x=0.259300}|O{solv}{x=0.740700}>,CN(CCO)CCO,O,Protein-Null-0.0.3-4-mer-AAQAA3-1E3-2-OPC3_opc3,3,-1.503680299754066,0.0275817115586654,-2.271,0.046
2503,2503,dens_1700904374078825036,193,Density,<Substance CN(CCO)CCO{solv}{x=0.484900}|O{solv}{x=0.515100}>,CN(CCO)CCO,O,Protein-Null-0.0.3-4-mer-AAQAA3-1E3-2-OPC3_opc3,3,1.0533440240366332,0.0003802247441307,1.048636,0.0002475
2504,2504,dhmix_1761290393567900831,194,EnthalpyOfMixing,<Substance CN(CCO)CCO{solv}{x=0.494100}|O{solv}{x=0.505900}>,CN(CCO)CCO,O,Protein-Null-0.0.3-4-mer-AAQAA3-1E3-2-OPC3_opc3,3,-1.1787223881714226,0.0428529683146143,-2.072,0.042
2505,2505,dhmix_81883535492439507,195,EnthalpyOfMixing,<Substance C1COCO1{solv}{x=0.200000}|O=C1CCCC1{solv}{x=0.800000}>,C1COCO1,O=C1CCCC1,Protein-Null-0.0.3-4-mer-AAQAA3-1E3-2-OPC3_opc3,3,0.0300908299886373,0.0440437412009086,-0.00853,0.000425
2506,2506,dens_192935635984964537,196,Density,<Substance C1COCO1{solv}{x=0.509000}|O=C1CCCC1{solv}{x=0.491000}>,C1COCO1,O=C1CCCC1,Protein-Null-0.0.3-4-mer-AAQAA3-1E3-2-OPC3_opc3,3,0.9926252862067186,0.0002611544187412,0.9954700000000004,0.000255
2507,2507,dhmix_309530351940031317,197,EnthalpyOfMixing,<Substance C1COCO1{solv}{x=0.700000}|O=C1CCCC1{solv}{x=0.300000}>,C1COCO1,O=C1CCCC1,Protein-Null-0.0.3-4-mer-AAQAA3-1E3-2-OPC3_opc3,3,-0.0779733633605843,0.0368810606989831,-0.02292,0.00048
2508,2508,dhmix_1480225642523009634,198,EnthalpyOfMixing,<Substance C1COCO1{solv}{x=0.500000}|O=C1CCCC1{solv}{x=0.500000}>,C1COCO1,O=C1CCCC1,Protein-Null-0.0.3-4-mer-AAQAA3-1E3-2-OPC3_opc3,3,-0.0322394598687907,0.0376732409765596,-0.02181,0.000475
2509,2509,dens_1663189314624242951,199,Density,<Substance C1COCO1{solv}{x=0.225100}|O=C1CCCC1{solv}{x=0.774900}>,C1COCO1,O=C1CCCC1,Protein-Null-0.0.3-4-mer-AAQAA3-1E3-2-OPC3_opc3,3,0.9474516665192912,0.00025331807687,0.9652800000000002,0.000245
2510,2510,dens_1684591254659727640,200,Density,<Substance C1COCO1{solv}{x=0.789100}|O=C1CCCC1{solv}{x=0.210900}>,C1COCO1,O=C1CCCC1,Protein-Null-0.0.3-4-mer-AAQAA3-1E3-2-OPC3_opc3,3,1.0449010324161758,0.0002624616975426,1.02957,0.00026
2511,2511,dens_82854054922011802,201,Density,<Substance c1cc[nH]c1{solv}{x=0.542600}|c1ccncc1{solv}{x=0.457400}>,c1cc[nH]c1,c1ccncc1,Protein-Null-0.0.3-4-mer-AAQAA3-1E3-2-OPC3_opc3,3,0.9798313199355018,0.0002882799732635,0.9706400000000002,5.5000000000000016e-05
2512,2512,dens_332042143272324658,202,Density,<Substance c1cc[nH]c1{solv}{x=0.755400}|c1ccncc1{solv}{x=0.244600}>,c1cc[nH]c1,c1ccncc1,Protein-Null-0.0.3-4-mer-AAQAA3-1E3-2-OPC3_opc3,3,0.981242615647142,0.0002171607302865,0.9676900000000004,5.5000000000000016e-05
2513,2513,dhmix_582184351339863568,203,EnthalpyOfMixing,<Substance c1cc[nH]c1{solv}{x=0.760200}|c1ccncc1{solv}{x=0.239800}>,c1cc[nH]c1,c1ccncc1,Protein-Null-0.0.3-4-mer-AAQAA3-1E3-2-OPC3_opc3,3,-0.0075524215085422,0.0364151626030244,-1.6452,0.01075
2514,2514,dhmix_809205277185290719,204,EnthalpyOfMixing,<Substance c1cc[nH]c1{solv}{x=0.509500}|c1ccncc1{solv}{x=0.490500}>,c1cc[nH]c1,c1ccncc1,Protein-Null-0.0.3-4-mer-AAQAA3-1E3-2-OPC3_opc3,3,-0.0247741650562645,0.0334508842204408,-2.649,0.01645
2515,2515,dens_1187941919350264461,205,Density,<Substance c1cc[nH]c1{solv}{x=0.227300}|c1ccncc1{solv}{x=0.772700}>,c1cc[nH]c1,c1ccncc1,Protein-Null-0.0.3-4-mer-AAQAA3-1E3-2-OPC3_opc3,3,0.9787048663078032,0.0002788241058724,0.9755600000000002,5.5000000000000016e-05
2516,2516,dhmix_2302696180464118683,206,EnthalpyOfMixing,<Substance c1cc[nH]c1{solv}{x=0.239500}|c1ccncc1{solv}{x=0.760500}>,c1cc[nH]c1,c1ccncc1,Protein-Null-0.0.3-4-mer-AAQAA3-1E3-2-OPC3_opc3,3,-0.1441356935526203,0.0392461093085391,-1.7662,0.01145
2517,2517,dhmix_84488753175979819,207,EnthalpyOfMixing,<Substance C1CCOCC1{solv}{x=0.500000}|CCO{solv}{x=0.500000}>,C1CCOCC1,CCO,Protein-Null-0.0.3-4-mer-AAQAA3-1E3-2-OPC3_opc3,3,1.009209518742793,0.037404542436361,0.8491,0.00794
2518,2518,dens_904236164857914889,208,Density,<Substance C1CCOCC1{solv}{x=0.701000}|CCO{solv}{x=0.299000}>,C1CCOCC1,CCO,Protein-Null-0.0.3-4-mer-AAQAA3-1E3-2-OPC3_opc3,3,0.8519870017832734,0.000276034119085,0.8595400000000002,8.500000000000002e-05
2519,2519,dhmix_923986751684807715,209,EnthalpyOfMixing,<Substance C1CCOCC1{solv}{x=0.750000}|CCO{solv}{x=0.250000}>,C1CCOCC1,CCO,Protein-Null-0.0.3-4-mer-AAQAA3-1E3-2-OPC3_opc3,3,0.9571416698540034,0.0412248091204465,0.75364,0.007115
2520,2520,dhmix_927648698725704337,210,EnthalpyOfMixing,<Substance C1CCOCC1{solv}{x=0.250000}|CCO{solv}{x=0.750000}>,C1CCOCC1,CCO,Protein-Null-0.0.3-4-mer-AAQAA3-1E3-2-OPC3_opc3,3,0.5847744041281917,0.0333903839803481,0.57017,0.00553
2521,2521,dens_1095414448718823860,211,Density,<Substance C1CCOCC1{solv}{x=0.504000}|CCO{solv}{x=0.496000}>,C1CCOCC1,CCO,Protein-Null-0.0.3-4-mer-AAQAA3-1E3-2-OPC3_opc3,3,0.8378884431866638,0.0002890711942271,0.8440100000000001,0.0001
2522,2522,dens_1309012152943788187,212,Density,<Substance C1CCOCC1{solv}{x=0.284000}|CCO{solv}{x=0.716000}>,C1CCOCC1,CCO,Protein-Null-0.0.3-4-mer-AAQAA3-1E3-2-OPC3_opc3,3,0.8204935116361839,0.0002531569476001,0.8227400000000002,0.00012
2523,2523,dens_88489471162801298,213,Density,<Substance CC(C)=O{solv}{x=0.248400}|Nc1ccccc1{solv}{x=0.751600}>,CC(C)=O,Nc1ccccc1,Protein-Null-0.0.3-4-mer-AAQAA3-1E3-2-OPC3_opc3,3,1.011391561675146,0.0004265607967194,0.9768950000000002,0.0001055
2524,2524,dens_892449093930393176,214,Density,<Substance CC(C)=O{solv}{x=0.411400}|Nc1ccccc1{solv}{x=0.588600}>,CC(C)=O,Nc1ccccc1,Protein-Null-0.0.3-4-mer-AAQAA3-1E3-2-OPC3_opc3,3,0.9682557166746556,0.0002310768098292,0.9457730000000002,0.0001285
2525,2525,dens_1087594007698023193,215,Density,<Substance CC(C)=O{solv}{x=0.699300}|Nc1ccccc1{solv}{x=0.300700}>,CC(C)=O,Nc1ccccc1,Protein-Null-0.0.3-4-mer-AAQAA3-1E3-2-OPC3_opc3,3,0.881338436964765,0.0002780193206915,0.8786430000000003,0.000178
2526,2526,dhmix_1461699545612032563,216,EnthalpyOfMixing,<Substance CC(C)=O{solv}{x=0.214500}|Nc1ccccc1{solv}{x=0.785500}>,CC(C)=O,Nc1ccccc1,Protein-Null-0.0.3-4-mer-AAQAA3-1E3-2-OPC3_opc3,3,-0.468137589007668,0.0390502155154861,-0.746,0.008
2527,2527,dhmix_1577476208805542019,217,EnthalpyOfMixing,<Substance CC(C)=O{solv}{x=0.699100}|Nc1ccccc1{solv}{x=0.300900}>,CC(C)=O,Nc1ccccc1,Protein-Null-0.0.3-4-mer-AAQAA3-1E3-2-OPC3_opc3,3,-0.98840638237602,0.0355108767487792,-1.076,0.0115
2528,2528,dhmix_2267661763264899390,218,EnthalpyOfMixing,<Substance CC(C)=O{solv}{x=0.410700}|Nc1ccccc1{solv}{x=0.589300}>,CC(C)=O,Nc1ccccc1,Protein-Null-0.0.3-4-mer-AAQAA3-1E3-2-OPC3_opc3,3,-0.7144920665678143,0.0350906842255567,-1.165,0.0125
2529,2529,dhmix_90851537891129625,219,EnthalpyOfMixing,<Substance C1CCOCC1{solv}{x=0.268300}|Cc1ccccn1{solv}{x=0.731700}>,C1CCOCC1,Cc1ccccn1,Protein-Null-0.0.3-4-mer-AAQAA3-1E3-2-OPC3_opc3,3,-0.0051061833807963,0.0421680571959634,0.1057,0.00105
2530,2530,dhmix_975790739707505549,220,EnthalpyOfMixing,<Substance C1CCOCC1{solv}{x=0.482200}|Cc1ccccn1{solv}{x=0.517800}>,C1CCOCC1,Cc1ccccn1,Protein-Null-0.0.3-4-mer-AAQAA3-1E3-2-OPC3_opc3,3,0.0745621143397247,0.041632890334853,0.1728,0.00135
2531,2531,dens_981500521813591443,221,Density,<Substance C1CCOCC1{solv}{x=0.491600}|Cc1ccccn1{solv}{x=0.508400}>,C1CCOCC1,Cc1ccccn1,Protein-Null-0.0.3-4-mer-AAQAA3-1E3-2-OPC3_opc3,3,0.9054870012165492,0.0002452637345141,0.910915,0.000475
2532,2532,dens_1237050172671894703,222,Density,<Substance C1CCOCC1{solv}{x=0.237300}|Cc1ccccn1{solv}{x=0.762700}>,C1CCOCC1,Cc1ccccn1,Protein-Null-0.0.3-4-mer-AAQAA3-1E3-2-OPC3_opc3,3,0.923227702405204,0.0002230787900608,0.9261620000000004,0.0004855
2533,2533,dhmix_1841520238596708010,223,EnthalpyOfMixing,<Substance C1CCOCC1{solv}{x=0.821600}|Cc1ccccn1{solv}{x=0.178400}>,C1CCOCC1,Cc1ccccn1,Protein-Null-0.0.3-4-mer-AAQAA3-1E3-2-OPC3_opc3,3,0.1183839138298097,0.04932897076912,0.1352,0.0012
2534,2534,dens_1852422594896475094,224,Density,<Substance C1CCOCC1{solv}{x=0.821900}|Cc1ccccn1{solv}{x=0.178100}>,C1CCOCC1,Cc1ccccn1,Protein-Null-0.0.3-4-mer-AAQAA3-1E3-2-OPC3_opc3,3,0.8713534864254536,0.0002722794260726,0.8802920000000002,0.000454
2535,2535,dhmix_93676522673462266,225,EnthalpyOfMixing,<Substance CC(=O)N(C)C{solv}{x=0.702000}|ClCCCl{solv}{x=0.298000}>,CC(=O)N(C)C,ClCCCl,Protein-Null-0.0.3-4-mer-AAQAA3-1E3-2-OPC3_opc3,3,-0.0521238222689497,0.0381385482300677,-0.706,0.004
2536,2536,dens_466640151895915379,226,Density,<Substance CC(=O)N(C)C{solv}{x=0.499900}|ClCCCl{solv}{x=0.500100}>,CC(=O)N(C)C,ClCCCl,Protein-Null-0.0.3-4-mer-AAQAA3-1E3-2-OPC3_opc3,3,1.0460357838305372,0.0002841466685986,1.0774000000000004,0.00325
2537,2537,dhmix_504891727488256514,227,EnthalpyOfMixing,<Substance CC(=O)N(C)C{solv}{x=0.202000}|ClCCCl{solv}{x=0.798000}>,CC(=O)N(C)C,ClCCCl,Protein-Null-0.0.3-4-mer-AAQAA3-1E3-2-OPC3_opc3,3,-0.0392663879087828,0.0330614040777739,-0.586,0.004
2538,2538,dens_1432716574300574119,228,Density,<Substance CC(=O)N(C)C{solv}{x=0.298800}|ClCCCl{solv}{x=0.701200}>,CC(=O)N(C)C,ClCCCl,Protein-Null-0.0.3-4-mer-AAQAA3-1E3-2-OPC3_opc3,3,1.1074588594792687,0.0003701372155349,1.1413000000000002,0.00345
2539,2539,dens_1909242265481868478,229,Density,<Substance CC(=O)N(C)C{solv}{x=0.700800}|ClCCCl{solv}{x=0.299200}>,CC(=O)N(C)C,ClCCCl,Protein-Null-0.0.3-4-mer-AAQAA3-1E3-2-OPC3_opc3,3,0.9854668741609234,0.0002655214579427,1.0181000000000002,0.00305
2540,2540,dhmix_2201663021806040380,230,EnthalpyOfMixing,<Substance CC(=O)N(C)C{solv}{x=0.500000}|ClCCCl{solv}{x=0.500000}>,CC(=O)N(C)C,ClCCCl,Protein-Null-0.0.3-4-mer-AAQAA3-1E3-2-OPC3_opc3,3,-0.1145950865912519,0.0283754972889219,-0.885,0.004
2541,2541,dhmix_101847702994296892,231,EnthalpyOfMixing,<Substance CCCCCCCl{solv}{x=0.790000}|CN1CCCC1=O{solv}{x=0.210000}>,CCCCCCCl,CN1CCCC1=O,Protein-Null-0.0.3-4-mer-AAQAA3-1E3-2-OPC3_opc3,3,0.6341215910752851,0.0494621214071992,0.232,0.0025
2542,2542,dhmix_275814181113182192,232,EnthalpyOfMixing,<Substance CCCCCCCl{solv}{x=0.497000}|CN1CCCC1=O{solv}{x=0.503000}>,CCCCCCCl,CN1CCCC1=O,Protein-Null-0.0.3-4-mer-AAQAA3-1E3-2-OPC3_opc3,3,0.9405808257988896,0.0404226906977508,0.416,0.0025
2543,2543,dens_441375838683668512,233,Density,<Substance CCCCCCCl{solv}{x=0.499300}|CN1CCCC1=O{solv}{x=0.500700}>,CCCCCCCl,CN1CCCC1=O,Protein-Null-0.0.3-4-mer-AAQAA3-1E3-2-OPC3_opc3,3,0.923294614827115,0.0002124818421322,0.9389000000000002,0.0002
2544,2544,dhmix_840847840731542643,234,EnthalpyOfMixing,<Substance CCCCCCCl{solv}{x=0.203000}|CN1CCCC1=O{solv}{x=0.797000}>,CCCCCCCl,CN1CCCC1=O,Protein-Null-0.0.3-4-mer-AAQAA3-1E3-2-OPC3_opc3,3,0.7751730443141938,0.0421045190660877,0.319,0.0025
2545,2545,dens_1314691253679633833,235,Density,<Substance CCCCCCCl{solv}{x=0.298400}|CN1CCCC1=O{solv}{x=0.701600}>,CCCCCCCl,CN1CCCC1=O,Protein-Null-0.0.3-4-mer-AAQAA3-1E3-2-OPC3_opc3,3,0.952913096500604,0.0002209622222898,0.9715000000000004,0.0002
2546,2546,dens_1366683244756558841,236,Density,<Substance CCCCCCCl{solv}{x=0.801200}|CN1CCCC1=O{solv}{x=0.198800}>,CCCCCCCl,CN1CCCC1=O,Protein-Null-0.0.3-4-mer-AAQAA3-1E3-2-OPC3_opc3,3,0.8846639313051127,0.0002209598606753,0.8970000000000002,0.0003
2547,2547,dhmix_107460606439569535,237,EnthalpyOfMixing,<Substance C1COCCO1{solv}{x=0.572500}|O=C1CCCCCC1{solv}{x=0.427500}>,C1COCCO1,O=C1CCCCCC1,Protein-Null-0.0.3-4-mer-AAQAA3-1E3-2-OPC3_opc3,3,0.1826408099486656,0.0467470622240929,0.1032,0.00125
2548,2548,dens_229535957420918177,238,Density,<Substance C1COCCO1{solv}{x=0.748900}|O=C1CCCCCC1{solv}{x=0.251100}>,C1COCCO1,O=C1CCCCCC1,Protein-Null-0.0.3-4-mer-AAQAA3-1E3-2-OPC3_opc3,3,0.9939547540439329,0.000194112631065,0.9994100000000002,0.00051
2549,2549,dhmix_1101001475632451077,239,EnthalpyOfMixing,<Substance C1COCCO1{solv}{x=0.225200}|O=C1CCCCCC1{solv}{x=0.774800}>,C1COCCO1,O=C1CCCCCC1,Protein-Null-0.0.3-4-mer-AAQAA3-1E3-2-OPC3_opc3,3,0.0798516104660649,0.047039251539747,0.0783,0.001
2550,2550,dens_1711999737319704820,240,Density,<Substance C1COCCO1{solv}{x=0.572300}|O=C1CCCCCC1{solv}{x=0.427700}>,C1COCCO1,O=C1CCCCCC1,Protein-Null-0.0.3-4-mer-AAQAA3-1E3-2-OPC3_opc3,3,0.9633255938370394,0.0002304974633829,0.9737000000000002,0.00051
2551,2551,dens_1973863157285112004,241,Density,<Substance C1COCCO1{solv}{x=0.255500}|O=C1CCCCCC1{solv}{x=0.744500}>,C1COCCO1,O=C1CCCCCC1,Protein-Null-0.0.3-4-mer-AAQAA3-1E3-2-OPC3_opc3,3,0.9419162463456398,0.0001786897364914,0.9616800000000002,0.000515
2552,2552,dhmix_2239035738396328121,242,EnthalpyOfMixing,<Substance C1COCCO1{solv}{x=0.771600}|O=C1CCCCCC1{solv}{x=0.228400}>,C1COCCO1,O=C1CCCCCC1,Protein-Null-0.0.3-4-mer-AAQAA3-1E3-2-OPC3_opc3,3,0.2591763681480472,0.043009982825436,0.0694,0.0009
2553,2553,dhmix_110368175234083214,243,EnthalpyOfMixing,<Substance CC#N{solv}{x=0.201600}|CCOC(C)(C)CC{solv}{x=0.798400}>,CC#N,CCOC(C)(C)CC,Protein-Null-0.0.3-4-mer-AAQAA3-1E3-2-OPC3_opc3,3,0.3561820000408531,0.0502111804917837,0.6411,0.0087
2554,2554,dhmix_565046024644834395,244,EnthalpyOfMixing,<Substance CC#N{solv}{x=0.700400}|CCOC(C)(C)CC{solv}{x=0.299600}>,CC#N,CCOC(C)(C)CC,Protein-Null-0.0.3-4-mer-AAQAA3-1E3-2-OPC3_opc3,3,0.4321977572460049,0.0354051367098787,0.8397,0.0113
2555,2555,dens_865362803305469370,245,Density,<Substance CC#N{solv}{x=0.502400}|CCOC(C)(C)CC{solv}{x=0.497600}>,CC#N,CCOC(C)(C)CC,Protein-Null-0.0.3-4-mer-AAQAA3-1E3-2-OPC3_opc3,3,0.7706975135945519,0.0002228289816218,0.7675000000000002,0.00035
2556,2556,dhmix_1131176031733024874,246,EnthalpyOfMixing,<Substance CC#N{solv}{x=0.502400}|CCOC(C)(C)CC{solv}{x=0.497600}>,CC#N,CCOC(C)(C)CC,Protein-Null-0.0.3-4-mer-AAQAA3-1E3-2-OPC3_opc3,3,0.3709599877723413,0.0402738077675169,0.9514,0.01285
2557,2557,dens_1305751749890499162,247,Density,<Substance CC#N{solv}{x=0.201600}|CCOC(C)(C)CC{solv}{x=0.798400}>,CC#N,CCOC(C)(C)CC,Protein-Null-0.0.3-4-mer-AAQAA3-1E3-2-OPC3_opc3,3,0.7662265640938278,0.0002087518645871,0.7635000000000002,0.00025
2558,2558,dens_1928701304100922381,248,Density,<Substance CC#N{solv}{x=0.700400}|CCOC(C)(C)CC{solv}{x=0.299600}>,CC#N,CCOC(C)(C)CC,Protein-Null-0.0.3-4-mer-AAQAA3-1E3-2-OPC3_opc3,3,0.7741488024741202,0.0002548534297491,0.7707000000000003,0.0005
2559,2559,dhmix_112729391186229967,249,EnthalpyOfMixing,<Substance CCC(C)=O{solv}{x=0.509000}|CNc1ccccc1{solv}{x=0.491000}>,CCC(C)=O,CNc1ccccc1,Protein-Null-0.0.3-4-mer-AAQAA3-1E3-2-OPC3_opc3,3,-0.5850613493448442,0.0498501738815857,-0.816,0.009
2560,2560,dens_414028029115294252,250,Density,<Substance CCC(C)=O{solv}{x=0.746300}|CNc1ccccc1{solv}{x=0.253700}>,CCC(C)=O,CNc1ccccc1,Protein-Null-0.0.3-4-mer-AAQAA3-1E3-2-OPC3_opc3,3,0.8440935498318678,0.0002232842731561,0.8582020000000002,0.000102
2561,2561,dens_559789475978651659,251,Density,<Substance CCC(C)=O{solv}{x=0.495000}|CNc1ccccc1{solv}{x=0.505000}>,CCC(C)=O,CNc1ccccc1,Protein-Null-0.0.3-4-mer-AAQAA3-1E3-2-OPC3_opc3,3,0.901496223577838,0.0002468280396178,0.9066940000000002,0.000164
2562,2562,dhmix_1637459312398636454,252,EnthalpyOfMixing,<Substance CCC(C)=O{solv}{x=0.228300}|CNc1ccccc1{solv}{x=0.771700}>,CCC(C)=O,CNc1ccccc1,Protein-Null-0.0.3-4-mer-AAQAA3-1E3-2-OPC3_opc3,3,-0.3238685403075614,0.0444292252591554,-0.54,0.006
2563,2563,dhmix_1933605864237207151,253,EnthalpyOfMixing,<Substance CCC(C)=O{solv}{x=0.705500}|CNc1ccccc1{solv}{x=0.294500}>,CCC(C)=O,CNc1ccccc1,Protein-Null-0.0.3-4-mer-AAQAA3-1E3-2-OPC3_opc3,3,-0.459062364767246,0.039450964634674,-0.672,0.0075
2564,2564,dens_2039660657679820411,254,Density,<Substance CCC(C)=O{solv}{x=0.258900}|CNc1ccccc1{solv}{x=0.741100}>,CCC(C)=O,CNc1ccccc1,Protein-Null-0.0.3-4-mer-AAQAA3-1E3-2-OPC3_opc3,3,0.9501440989072006,0.0002319330971268,0.9456330000000004,0.000259
2565,2565,dhmix_112832411362526364,255,EnthalpyOfMixing,<Substance C=CCCCC{solv}{x=0.250000}|CCCCO{solv}{x=0.750000}>,C=CCCCC,CCCCO,Protein-Null-0.0.3-4-mer-AAQAA3-1E3-2-OPC3_opc3,3,0.262610612682046,0.0430566190892959,0.2829,0.00333
2566,2566,dhmix_385937725855980509,256,EnthalpyOfMixing,<Substance C=CCCCC{solv}{x=0.749900}|CCCCO{solv}{x=0.250100}>,C=CCCCC,CCCCO,Protein-Null-0.0.3-4-mer-AAQAA3-1E3-2-OPC3_opc3,3,0.5508172916750453,0.0367063039637295,0.63978,0.00696
2567,2567,dens_417191245012747241,257,Density,<Substance C=CCCCC{solv}{x=0.501800}|CCCCO{solv}{x=0.498200}>,C=CCCCC,CCCCO,Protein-Null-0.0.3-4-mer-AAQAA3-1E3-2-OPC3_opc3,3,0.7161641900400428,0.0002535119980758,0.7340000000000002,0.00035
2568,2568,dens_1053849773924337242,258,Density,<Substance C=CCCCC{solv}{x=0.100100}|CCCCO{solv}{x=0.899900}>,C=CCCCC,CCCCO,Protein-Null-0.0.3-4-mer-AAQAA3-1E3-2-OPC3_opc3,3,0.7861891045333063,0.0002370493132853,0.7924000000000002,0.00035
2569,2569,dhmix_1436053809694490847,259,EnthalpyOfMixing,<Substance C=CCCCC{solv}{x=0.500300}|CCCCO{solv}{x=0.499700}>,C=CCCCC,CCCCO,Protein-Null-0.0.3-4-mer-AAQAA3-1E3-2-OPC3_opc3,3,0.5711653996742712,0.0346971806465333,0.56098,0.00616
2570,2570,dens_1967827958045932694,260,Density,<Substance C=CCCCC{solv}{x=0.900000}|CCCCO{solv}{x=0.100000}>,C=CCCCC,CCCCO,Protein-Null-0.0.3-4-mer-AAQAA3-1E3-2-OPC3_opc3,3,0.6605551970494384,0.000257795394293,0.6818000000000001,0.00035
2571,2571,dhmix_113202719214912577,261,EnthalpyOfMixing,<Substance CCN(CC)CCO{solv}{x=0.700300}|O{solv}{x=0.299700}>,CCN(CC)CCO,O,Protein-Null-0.0.3-4-mer-AAQAA3-1E3-2-OPC3_opc3,3,-2.2954353430453693,0.0594687212532854,-1.75,0.019
2572,2572,dhmix_450200897960931857,262,EnthalpyOfMixing,<Substance CCN(CC)CCO{solv}{x=0.500200}|O{solv}{x=0.499800}>,CCN(CC)CCO,O,Protein-Null-0.0.3-4-mer-AAQAA3-1E3-2-OPC3_opc3,3,-2.413492347391319,0.0361266989996766,-2.504,0.027
2573,2573,dens_727880187774296815,263,Density,<Substance CCN(CC)CCO{solv}{x=0.799700}|O{solv}{x=0.200300}>,CCN(CC)CCO,O,Protein-Null-0.0.3-4-mer-AAQAA3-1E3-2-OPC3_opc3,3,0.8904461655061161,0.0002069780595159,0.8996000000000003,0.005
2574,2574,dens_943193748522476096,264,Density,<Substance CCN(CC)CCO{solv}{x=0.499700}|O{solv}{x=0.500300}>,CCN(CC)CCO,O,Protein-Null-0.0.3-4-mer-AAQAA3-1E3-2-OPC3_opc3,3,0.909434073126791,0.0003446701081793,0.9222000000000002,0.005
2575,2575,dhmix_1628408668678458098,265,EnthalpyOfMixing,<Substance CCN(CC)CCO{solv}{x=0.200800}|O{solv}{x=0.799200}>,CCN(CC)CCO,O,Protein-Null-0.0.3-4-mer-AAQAA3-1E3-2-OPC3_opc3,3,-1.533956954770442,0.038927833655259,-2.185,0.0235
2576,2576,dens_1679974305630699360,266,Density,<Substance CCN(CC)CCO{solv}{x=0.193290}|O{solv}{x=0.806710}>,CCN(CC)CCO,O,Protein-Null-0.0.3-4-mer-AAQAA3-1E3-2-OPC3_opc3,3,0.9398023727949534,0.0003369617759939,0.9615690000000002,0.000144
2577,2577,dens_114257363738318755,267,Density,<Substance C1CCCCC1{solv}{x=0.754300}|CCCCCC{solv}{x=0.245700}>,C1CCCCC1,CCCCCC,Protein-Null-0.0.3-4-mer-AAQAA3-1E3-2-OPC3_opc3,3,0.7204664755973073,0.0002881243833026,0.7392000000000002,0.00065
2578,2578,dens_528453314861364780,268,Density,<Substance C1CCCCC1{solv}{x=0.234300}|CCCCCC{solv}{x=0.765700}>,C1CCCCC1,CCCCCC,Protein-Null-0.0.3-4-mer-AAQAA3-1E3-2-OPC3_opc3,3,0.6631297001680222,0.0002456072827285,0.6838300000000002,0.001655
2579,2579,dens_547437695672624422,269,Density,<Substance C1CCCCC1{solv}{x=0.479300}|CCCCCC{solv}{x=0.520700}>,C1CCCCC1,CCCCCC,Protein-Null-0.0.3-4-mer-AAQAA3-1E3-2-OPC3_opc3,3,0.6890146832805875,0.0001942829720026,0.7105500000000001,0.001555
2580,2580,dhmix_728030976573858762,270,EnthalpyOfMixing,<Substance C1CCCCC1{solv}{x=0.483200}|CCCCCC{solv}{x=0.516800}>,C1CCCCC1,CCCCCC,Protein-Null-0.0.3-4-mer-AAQAA3-1E3-2-OPC3_opc3,3,0.2546554629981727,0.0447016307723431,0.2144,0.00155
2581,2581,dhmix_1406519609852245638,271,EnthalpyOfMixing,<Substance C1CCCCC1{solv}{x=0.219000}|CCCCCC{solv}{x=0.781000}>,C1CCCCC1,CCCCCC,Protein-Null-0.0.3-4-mer-AAQAA3-1E3-2-OPC3_opc3,3,0.1293763936570258,0.0332130061797198,0.1264,0.00105
2582,2582,dhmix_1819992223413741006,272,EnthalpyOfMixing,<Substance C1CCCCC1{solv}{x=0.725500}|CCCCCC{solv}{x=0.274500}>,C1CCCCC1,CCCCCC,Protein-Null-0.0.3-4-mer-AAQAA3-1E3-2-OPC3_opc3,3,0.2518143033999962,0.0439098848792111,0.199,0.00145
2583,2583,dhmix_114464856611254095,273,EnthalpyOfMixing,<Substance COc1ccccc1{solv}{x=0.739800}|OCc1ccccc1{solv}{x=0.260200}>,COc1ccccc1,OCc1ccccc1,Protein-Null-0.0.3-4-mer-AAQAA3-1E3-2-OPC3_opc3,3,0.900816832553886,0.0451179066658117,1.0539,0.0113
2584,2584,dens_844721400884986444,274,Density,<Substance COc1ccccc1{solv}{x=0.288300}|OCc1ccccc1{solv}{x=0.711700}>,COc1ccccc1,OCc1ccccc1,Protein-Null-0.0.3-4-mer-AAQAA3-1E3-2-OPC3_opc3,3,1.0133600042858708,0.0001871226916173,1.0180000000000002,0.000135
2585,2585,dens_1208569209782779179,275,Density,<Substance COc1ccccc1{solv}{x=0.491100}|OCc1ccccc1{solv}{x=0.508900}>,COc1ccccc1,OCc1ccccc1,Protein-Null-0.0.3-4-mer-AAQAA3-1E3-2-OPC3_opc3,3,0.9999932849878672,0.0001764409550154,1.0069400000000004,0.000165
2586,2586,dhmix_1342325728364187329,276,EnthalpyOfMixing,<Substance COc1ccccc1{solv}{x=0.240100}|OCc1ccccc1{solv}{x=0.759900}>,COc1ccccc1,OCc1ccccc1,Protein-Null-0.0.3-4-mer-AAQAA3-1E3-2-OPC3_opc3,3,0.5578261529176487,0.0545441192428673,0.6199,0.0067
2587,2587,dhmix_1596550872819493971,277,EnthalpyOfMixing,<Substance COc1ccccc1{solv}{x=0.486600}|OCc1ccccc1{solv}{x=0.513400}>,COc1ccccc1,OCc1ccccc1,Protein-Null-0.0.3-4-mer-AAQAA3-1E3-2-OPC3_opc3,3,0.9342972902554294,0.0458302145934276,0.9688,0.0104
2588,2588,dens_1833270112854727934,278,Density,<Substance COc1ccccc1{solv}{x=0.774500}|OCc1ccccc1{solv}{x=0.225500}>,COc1ccccc1,OCc1ccccc1,Protein-Null-0.0.3-4-mer-AAQAA3-1E3-2-OPC3_opc3,3,0.9823428607078886,0.0002264331877397,0.9915900000000004,0.000215
2589,2589,dens_114725786693793907,279,Density,<Substance CC(=O)O{solv}{x=0.703100}|CCO{solv}{x=0.296900}>,CC(=O)O,CCO,Protein-Null-0.0.3-4-mer-AAQAA3-1E3-2-OPC3_opc3,3,0.9917211700539328,0.0003255638522471,0.97355,0.00021
2590,2590,dens_883421079927261907,280,Density,<Substance CC(=O)O{solv}{x=0.496100}|CCO{solv}{x=0.503900}>,CC(=O)O,CCO,Protein-Null-0.0.3-4-mer-AAQAA3-1E3-2-OPC3_opc3,3,0.9327462386721272,0.0003168356650076,0.9199600000000002,0.0002
2591,2591,dens_1042567278853913615,281,Density,<Substance CC(=O)O{solv}{x=0.297100}|CCO{solv}{x=0.702900}>,CC(=O)O,CCO,Protein-Null-0.0.3-4-mer-AAQAA3-1E3-2-OPC3_opc3,3,0.8753821126572026,0.0003204712360073,0.8668600000000002,0.000195
2592,2592,dhmix_129373600931207498,282,EnthalpyOfMixing,<Substance NCCNCCN{solv}{x=0.702000}|O{solv}{x=0.298000}>,NCCNCCN,O,Protein-Null-0.0.3-4-mer-AAQAA3-1E3-2-OPC3_opc3,3,-2.158757547447138,0.0393176979211381,-3.393,0.036
2593,2593,dhmix_313570094367316478,283,EnthalpyOfMixing,<Substance NCCNCCN{solv}{x=0.241600}|O{solv}{x=0.758400}>,NCCNCCN,O,Protein-Null-0.0.3-4-mer-AAQAA3-1E3-2-OPC3_opc3,3,-5.298607461296166,0.0515625879881923,-6.523,0.0695
2594,2594,dens_548243159356184104,284,Density,<Substance NCCNCCN{solv}{x=0.244900}|O{solv}{x=0.755100}>,NCCNCCN,O,Protein-Null-0.0.3-4-mer-AAQAA3-1E3-2-OPC3_opc3,3,1.0764732100962873,0.0002806526310364,1.0275000000000003,0.0005
2595,2595,dens_913992897582667960,285,Density,<Substance NCCNCCN{solv}{x=0.497400}|O{solv}{x=0.502600}>,NCCNCCN,O,Protein-Null-0.0.3-4-mer-AAQAA3-1E3-2-OPC3_opc3,3,1.0701240531870568,0.0002030269695843,0.9928000000000002,0.0005
2596,2596,dhmix_1565087976771168604,286,EnthalpyOfMixing,<Substance NCCNCCN{solv}{x=0.501000}|O{solv}{x=0.499000}>,NCCNCCN,O,Protein-Null-0.0.3-4-mer-AAQAA3-1E3-2-OPC3_opc3,3,-4.698170539287375,0.0268750953552382,-5.417,0.0575
2597,2597,dens_1812124220217686569,287,Density,<Substance NCCNCCN{solv}{x=0.698800}|O{solv}{x=0.301200}>,NCCNCCN,O,Protein-Null-0.0.3-4-mer-AAQAA3-1E3-2-OPC3_opc3,3,1.06532272592656,0.0001302426368576,0.9718000000000002,0.0005
2598,2598,dhmix_135176730945124637,288,EnthalpyOfMixing,<Substance CCCCNCCCC{solv}{x=0.751800}|CN(C)C=O{solv}{x=0.248200}>,CCCCNCCCC,CN(C)C=O,Protein-Null-0.0.3-4-mer-AAQAA3-1E3-2-OPC3_opc3,3,-0.0219582081811609,0.0499691049993289,0.782,0.025
2599,2599,dens_586298674852090193,289,Density,<Substance CCCCNCCCC{solv}{x=0.726600}|CN(C)C=O{solv}{x=0.273400}>,CCCCNCCCC,CN(C)C=O,Protein-Null-0.0.3-4-mer-AAQAA3-1E3-2-OPC3_opc3,3,0.7826335555706903,0.0001774924155904,0.7828350000000002,0.0009465
2600,2600,dens_711718403070096827,290,Density,<Substance CCCCNCCCC{solv}{x=0.263900}|CN(C)C=O{solv}{x=0.736100}>,CCCCNCCCC,CN(C)C=O,Protein-Null-0.0.3-4-mer-AAQAA3-1E3-2-OPC3_opc3,3,0.8501783881979043,0.0002167977288374,0.8609240000000001,0.001053
2601,2601,dhmix_1537913365058000269,291,EnthalpyOfMixing,<Substance CCCCNCCCC{solv}{x=0.249400}|CN(C)C=O{solv}{x=0.750600}>,CCCCNCCCC,CN(C)C=O,Protein-Null-0.0.3-4-mer-AAQAA3-1E3-2-OPC3_opc3,3,0.3000926830760093,0.0421881078164779,0.921,0.029
2602,2602,dhmix_1965420976556284821,292,EnthalpyOfMixing,<Substance CCCCNCCCC{solv}{x=0.501800}|CN(C)C=O{solv}{x=0.498200}>,CCCCNCCCC,CN(C)C=O,Protein-Null-0.0.3-4-mer-AAQAA3-1E3-2-OPC3_opc3,3,0.2498667872302036,0.0442054326874815,1.113,0.0335
2603,2603,dens_2298192241038151497,293,Density,<Substance CCCCNCCCC{solv}{x=0.492800}|CN(C)C=O{solv}{x=0.507200}>,CCCCNCCCC,CN(C)C=O,Protein-Null-0.0.3-4-mer-AAQAA3-1E3-2-OPC3_opc3,3,0.8113546673920278,0.000224837055798,0.8153440000000003,0.0009895
2604,2604,dens_145031449158698048,294,Density,<Substance CN(C)C=O{solv}{x=0.498800}|ClCCCl{solv}{x=0.501200}>,CN(C)C=O,ClCCCl,Protein-Null-0.0.3-4-mer-AAQAA3-1E3-2-OPC3_opc3,3,1.068102939840266,0.0003205473263166,1.0957000000000003,0.00305
2605,2605,dens_511894799968528211,295,Density,<Substance CN(C)C=O{solv}{x=0.197800}|ClCCCl{solv}{x=0.802200}>,CN(C)C=O,ClCCCl,Protein-Null-0.0.3-4-mer-AAQAA3-1E3-2-OPC3_opc3,3,1.1501357090092317,0.0004566192640378,1.1862000000000004,0.003
2606,2606,dhmix_693792312882226719,296,EnthalpyOfMixing,<Substance CN(C)C=O{solv}{x=0.498000}|ClCCCl{solv}{x=0.502000}>,CN(C)C=O,ClCCCl,Protein-Null-0.0.3-4-mer-AAQAA3-1E3-2-OPC3_opc3,3,0.360359279275837,0.0333511197549266,-0.663,0.0035
2607,2607,dhmix_1364024895663592301,297,EnthalpyOfMixing,<Substance CN(C)C=O{solv}{x=0.299000}|ClCCCl{solv}{x=0.701000}>,CN(C)C=O,ClCCCl,Protein-Null-0.0.3-4-mer-AAQAA3-1E3-2-OPC3_opc3,3,0.4139336903650417,0.0330352469025716,-0.575,0.0035
2608,2608,dens_1874616475661316520,298,Density,<Substance CN(C)C=O{solv}{x=0.705400}|ClCCCl{solv}{x=0.294600}>,CN(C)C=O,ClCCCl,Protein-Null-0.0.3-4-mer-AAQAA3-1E3-2-OPC3_opc3,3,1.0078218058628283,0.000315217130841,1.0336,0.003
2609,2609,dhmix_1965344541223753593,299,EnthalpyOfMixing,<Substance CN(C)C=O{solv}{x=0.702000}|ClCCCl{solv}{x=0.298000}>,CN(C)C=O,ClCCCl,Protein-Null-0.0.3-4-mer-AAQAA3-1E3-2-OPC3_opc3,3,0.2840162446427108,0.0293273097866134,-0.531,0.003
2610,2610,dens_145117083439077204,300,Density,<Substance CN1CCCC1=O{solv}{x=0.700300}|ClCCCCCl{solv}{x=0.299700}>,CN1CCCC1=O,ClCCCCCl,Protein-Null-0.0.3-4-mer-AAQAA3-1E3-2-OPC3_opc3,3,1.0417149904098564,0.0002428904670789,1.0627000000000002,0.0005
2611,2611,dens_872271192908107773,301,Density,<Substance CN1CCCC1=O{solv}{x=0.203400}|ClCCCCCl{solv}{x=0.796600}>,CN1CCCC1=O,ClCCCCCl,Protein-Null-0.0.3-4-mer-AAQAA3-1E3-2-OPC3_opc3,3,1.097555088924001,0.0002730294500437,1.1142000000000003,0.00125
2612,2612,dhmix_958757583081250655,302,EnthalpyOfMixing,<Substance CN1CCCC1=O{solv}{x=0.703000}|ClCCCCCl{solv}{x=0.297000}>,CN1CCCC1=O,ClCCCCCl,Protein-Null-0.0.3-4-mer-AAQAA3-1E3-2-OPC3_opc3,3,0.2465365682425613,0.0444087204875571,-0.583,0.0035
2613,2613,dens_1187888029800539390,303,Density,<Substance CN1CCCC1=O{solv}{x=0.502500}|ClCCCCCl{solv}{x=0.497500}>,CN1CCCC1=O,ClCCCCCl,Protein-Null-0.0.3-4-mer-AAQAA3-1E3-2-OPC3_opc3,3,1.0657017399876754,0.0002551489990529,1.0840000000000003,0.00075
2614,2614,dhmix_1448185356234442909,304,EnthalpyOfMixing,<Substance CN1CCCC1=O{solv}{x=0.210000}|ClCCCCCl{solv}{x=0.790000}>,CN1CCCC1=O,ClCCCCCl,Protein-Null-0.0.3-4-mer-AAQAA3-1E3-2-OPC3_opc3,3,0.1142800233099947,0.0399593938247397,-0.406,0.003
2615,2615,dhmix_1623586299486793214,305,EnthalpyOfMixing,<Substance CN1CCCC1=O{solv}{x=0.505000}|ClCCCCCl{solv}{x=0.495000}>,CN1CCCC1=O,ClCCCCCl,Protein-Null-0.0.3-4-mer-AAQAA3-1E3-2-OPC3_opc3,3,0.2428375120317696,0.0389651573980555,-0.678,0.0035
2616,2616,dens_151421667269785380,306,Density,<Substance OCCOCCO{solv}{x=0.228500}|OCc1ccccc1{solv}{x=0.771500}>,OCCOCCO,OCc1ccccc1,Protein-Null-0.0.3-4-mer-AAQAA3-1E3-2-OPC3_opc3,3,1.051217519732007,0.0003196198496766,1.0497600000000002,0.000265
2617,2617,dens_207017358130726789,307,Density,<Substance OCCOCCO{solv}{x=0.531200}|OCc1ccccc1{solv}{x=0.468800}>,OCCOCCO,OCc1ccccc1,Protein-Null-0.0.3-4-mer-AAQAA3-1E3-2-OPC3_opc3,3,1.073894995435307,0.0003165535016317,1.07136,0.00027
2618,2618,dhmix_638869206909151198,308,EnthalpyOfMixing,<Substance OCCOCCO{solv}{x=0.765800}|OCc1ccccc1{solv}{x=0.234200}>,OCCOCCO,OCc1ccccc1,Protein-Null-0.0.3-4-mer-AAQAA3-1E3-2-OPC3_opc3,3,-0.5209988034862789,0.0568066582453459,-0.3712,0.0073
2619,2619,dhmix_884415658126351430,309,EnthalpyOfMixing,<Substance OCCOCCO{solv}{x=0.266500}|OCc1ccccc1{solv}{x=0.733500}>,OCCOCCO,OCc1ccccc1,Protein-Null-0.0.3-4-mer-AAQAA3-1E3-2-OPC3_opc3,3,-0.2219317680436461,0.0497958823339839,-0.4216,0.0081
2620,2620,dhmix_925385148369690502,310,EnthalpyOfMixing,<Substance OCCOCCO{solv}{x=0.521600}|OCc1ccccc1{solv}{x=0.478400}>,OCCOCCO,OCc1ccccc1,Protein-Null-0.0.3-4-mer-AAQAA3-1E3-2-OPC3_opc3,3,-0.822933319441205,0.0461755018219289,-0.4574,0.00865
2621,2621,dens_1617133138157859384,311,Density,<Substance OCCOCCO{solv}{x=0.727700}|OCc1ccccc1{solv}{x=0.272300}>,OCCOCCO,OCc1ccccc1,Protein-Null-0.0.3-4-mer-AAQAA3-1E3-2-OPC3_opc3,3,1.0919942735064854,0.0002034562288,1.0857000000000003,0.000275
2622,2622,dens_155791527624482863,312,Density,<Substance CC(C)CO{solv}{x=0.279300}|CCCCBr{solv}{x=0.720700}>,CC(C)CO,CCCCBr,Protein-Null-0.0.3-4-mer-AAQAA3-1E3-2-OPC3_opc3,3,1.1038561532469904,0.0003854715680853,1.1339800000000002,0.000305
2623,2623,dhmix_549211977118470640,313,EnthalpyOfMixing,<Substance CC(C)CO{solv}{x=0.293800}|CCCCBr{solv}{x=0.706200}>,CC(C)CO,CCCCBr,Protein-Null-0.0.3-4-mer-AAQAA3-1E3-2-OPC3_opc3,3,1.0760179367963545,0.0422190759470483,1.248,0.0135
2624,2624,dens_692500675577783691,314,Density,<Substance CC(C)CO{solv}{x=0.793700}|CCCCBr{solv}{x=0.206300}>,CC(C)CO,CCCCBr,Protein-Null-0.0.3-4-mer-AAQAA3-1E3-2-OPC3_opc3,3,0.8958768891134609,0.0002429141384872,0.8962800000000002,0.00021
2625,2625,dens_841415441417626311,315,Density,<Substance CC(C)CO{solv}{x=0.498900}|CCCCBr{solv}{x=0.501100}>,CC(C)CO,CCCCBr,Protein-Null-0.0.3-4-mer-AAQAA3-1E3-2-OPC3_opc3,3,1.0201022890947071,0.0003034951125699,1.0366800000000005,0.000225
2626,2626,dhmix_1400807466047438160,316,EnthalpyOfMixing,<Substance CC(C)CO{solv}{x=0.499000}|CCCCBr{solv}{x=0.501000}>,CC(C)CO,CCCCBr,Protein-Null-0.0.3-4-mer-AAQAA3-1E3-2-OPC3_opc3,3,1.016354648512085,0.0395419133721895,1.207,0.013
2627,2627,dhmix_1959880980464917582,317,EnthalpyOfMixing,<Substance CC(C)CO{solv}{x=0.702100}|CCCCBr{solv}{x=0.297900}>,CC(C)CO,CCCCBr,Protein-Null-0.0.3-4-mer-AAQAA3-1E3-2-OPC3_opc3,3,0.6758070923402997,0.039802821726437,0.891,0.0095
2628,2628,dhmix_155924436295918663,318,EnthalpyOfMixing,<Substance OCCCO{solv}{x=0.501300}|O{solv}{x=0.498700}>,O,OCCCO,Protein-Null-0.0.3-4-mer-AAQAA3-1E3-2-OPC3_opc3,3,-0.0212146374198738,0.0426359281787698,-0.992,0.0125
2629,2629,dens_867859901093068556,319,Density,<Substance OCCCO{solv}{x=0.743700}|O{solv}{x=0.256300}>,O,OCCCO,Protein-Null-0.0.3-4-mer-AAQAA3-1E3-2-OPC3_opc3,3,1.0564271702056358,0.0003885247433629,1.0503800000000003,0.00023
2630,2630,dhmix_2191722776959064631,320,EnthalpyOfMixing,<Substance OCCCO{solv}{x=0.743000}|O{solv}{x=0.257000}>,O,OCCCO,Protein-Null-0.0.3-4-mer-AAQAA3-1E3-2-OPC3_opc3,3,-0.2231028287426468,0.0446590628169819,-0.633,0.008
2631,2631,dhmix_2210594516320705991,321,EnthalpyOfMixing,<Substance OCCCO{solv}{x=0.208700}|O{solv}{x=0.791300}>,O,OCCCO,Protein-Null-0.0.3-4-mer-AAQAA3-1E3-2-OPC3_opc3,3,0.2150791432514722,0.0272393094206505,-0.924,0.012
2632,2632,dens_2211391404402371237,322,Density,<Substance OCCCO{solv}{x=0.244700}|O{solv}{x=0.755300}>,O,OCCCO,Protein-Null-0.0.3-4-mer-AAQAA3-1E3-2-OPC3_opc3,3,1.037946738611788,0.0003397395579197,1.0381600000000004,0.00019
2633,2633,dens_2211609476735134421,323,Density,<Substance OCCCO{solv}{x=0.500000}|O{solv}{x=0.500000}>,O,OCCCO,Protein-Null-0.0.3-4-mer-AAQAA3-1E3-2-OPC3_opc3,3,1.0513966372399846,0.0003572581292244,1.0492100000000002,0.000215
2634,2634,dhmix_156929898609376763,324,EnthalpyOfMixing,<Substance CN(C)CCCO{solv}{x=0.800100}|O{solv}{x=0.199900}>,CN(C)CCCO,O,Protein-Null-0.0.3-4-mer-AAQAA3-1E3-2-OPC3_opc3,3,-1.261618165308846,0.0508164539930915,-1.26,0.0135
2635,2635,dhmix_786210276753247951,325,EnthalpyOfMixing,<Substance CN(C)CCCO{solv}{x=0.199800}|O{solv}{x=0.800200}>,CN(C)CCCO,O,Protein-Null-0.0.3-4-mer-AAQAA3-1E3-2-OPC3_opc3,3,-1.4477949866545463,0.0283161198113218,-2.514,0.027
2636,2636,dens_971674883336993154,326,Density,<Substance CN(C)CCCO{solv}{x=0.289504}|O{solv}{x=0.710496}>,CN(C)CCCO,O,Protein-Null-0.0.3-4-mer-AAQAA3-1E3-2-OPC3_opc3,3,0.9486822495505024,0.0003875927606881,0.9443,0.00285
2637,2637,dhmix_1330584538745399524,327,EnthalpyOfMixing,<Substance CN(C)CCCO{solv}{x=0.501900}|O{solv}{x=0.498100}>,CN(C)CCCO,O,Protein-Null-0.0.3-4-mer-AAQAA3-1E3-2-OPC3_opc3,3,-2.1449873089020692,0.0331070871259407,-2.706,0.029
2638,2638,dens_1781759734173902013,328,Density,<Substance CN(C)CCCO{solv}{x=0.501300}|O{solv}{x=0.498700}>,CN(C)CCCO,O,Protein-Null-0.0.3-4-mer-AAQAA3-1E3-2-OPC3_opc3,3,0.9328339531156012,0.0004629569325574,0.9170700000000004,8.000000000000002e-05
2639,2639,dens_2299157616447228221,329,Density,<Substance CN(C)CCCO{solv}{x=0.800600}|O{solv}{x=0.199400}>,CN(C)CCCO,O,Protein-Null-0.0.3-4-mer-AAQAA3-1E3-2-OPC3_opc3,3,0.9136743556832808,0.0003654536631051,0.8915100000000002,9.500000000000002e-05
2640,2640,dhmix_157983773008192768,330,EnthalpyOfMixing,<Substance BrCCCBr{solv}{x=0.743200}|CCCCOC(=O)CCC{solv}{x=0.256800}>,BrCCCBr,CCCCOC(=O)CCC,Protein-Null-0.0.3-4-mer-AAQAA3-1E3-2-OPC3_opc3,3,-0.3724080625955466,0.0415531985737222,0.032,0.0005
2641,2641,dens_720277045338028885,331,Density,<Substance BrCCCBr{solv}{x=0.748700}|CCCCOC(=O)CCC{solv}{x=0.251300}>,BrCCCBr,CCCCOC(=O)CCC,Protein-Null-0.0.3-4-mer-AAQAA3-1E3-2-OPC3_opc3,3,1.541302803691577,0.0004564158064156,1.5786600000000004,0.00038
2642,2642,dens_933248802608751708,332,Density,<Substance BrCCCBr{solv}{x=0.529700}|CCCCOC(=O)CCC{solv}{x=0.470300}>,BrCCCBr,CCCCOC(=O)CCC,Protein-Null-0.0.3-4-mer-AAQAA3-1E3-2-OPC3_opc3,3,1.2947451543676058,0.000256217546901,1.3159400000000003,0.000255
2643,2643,dens_1048925802213854204,333,Density,<Substance BrCCCBr{solv}{x=0.259100}|CCCCOC(=O)CCC{solv}{x=0.740900}>,BrCCCBr,CCCCOC(=O)CCC,Protein-Null-0.0.3-4-mer-AAQAA3-1E3-2-OPC3_opc3,3,1.049802515425734,0.0002392689057375,1.0598600000000002,0.000145
2644,2644,dhmix_1090642624443832057,334,EnthalpyOfMixing,<Substance BrCCCBr{solv}{x=0.241200}|CCCCOC(=O)CCC{solv}{x=0.758800}>,BrCCCBr,CCCCOC(=O)CCC,Protein-Null-0.0.3-4-mer-AAQAA3-1E3-2-OPC3_opc3,3,-0.4471566147237311,0.0568982900027951,-0.094,0.001
2645,2645,dhmix_1649688325270115073,335,EnthalpyOfMixing,<Substance BrCCCBr{solv}{x=0.466700}|CCCCOC(=O)CCC{solv}{x=0.533300}>,BrCCCBr,CCCCOC(=O)CCC,Protein-Null-0.0.3-4-mer-AAQAA3-1E3-2-OPC3_opc3,3,-0.4817821290490585,0.0467029269405784,-0.091,0.001
2646,2646,dhmix_158101159957898775,336,EnthalpyOfMixing,<Substance CCCCCl{solv}{x=0.490000}|CN1CCCC1=O{solv}{x=0.510000}>,CCCCCl,CN1CCCC1=O,Protein-Null-0.0.3-4-mer-AAQAA3-1E3-2-OPC3_opc3,3,0.6992705275898174,0.0393652226404285,0.152,0.002
2647,2647,dhmix_586880142396707079,337,EnthalpyOfMixing,<Substance CCCCCl{solv}{x=0.294000}|CN1CCCC1=O{solv}{x=0.706000}>,CCCCCl,CN1CCCC1=O,Protein-Null-0.0.3-4-mer-AAQAA3-1E3-2-OPC3_opc3,3,0.672807375119973,0.0411889620153436,0.145,0.002
2648,2648,dens_897975104490051322,338,Density,<Substance CCCCCl{solv}{x=0.296100}|CN1CCCC1=O{solv}{x=0.703900}>,CCCCCl,CN1CCCC1=O,Protein-Null-0.0.3-4-mer-AAQAA3-1E3-2-OPC3_opc3,3,0.9643417363409328,0.0002342115959912,0.9862000000000004,0.0001
2649,2649,dens_1393365907116297965,339,Density,<Substance CCCCCl{solv}{x=0.702600}|CN1CCCC1=O{solv}{x=0.297400}>,CCCCCl,CN1CCCC1=O,Protein-Null-0.0.3-4-mer-AAQAA3-1E3-2-OPC3_opc3,3,0.9059809560180728,0.0002582422877662,0.9268000000000002,0.0001
2650,2650,dhmix_1769887717174104485,340,EnthalpyOfMixing,<Substance CCCCCl{solv}{x=0.787000}|CN1CCCC1=O{solv}{x=0.213000}>,CCCCCl,CN1CCCC1=O,Protein-Null-0.0.3-4-mer-AAQAA3-1E3-2-OPC3_opc3,3,0.593674590183987,0.0403528866480875,0.081,0.002
2651,2651,dens_2070183543451797213,341,Density,<Substance CCCCCl{solv}{x=0.494800}|CN1CCCC1=O{solv}{x=0.505200}>,CCCCCl,CN1CCCC1=O,Protein-Null-0.0.3-4-mer-AAQAA3-1E3-2-OPC3_opc3,3,0.936710190064346,0.0002752943798557,0.9575000000000002,0.0001
2652,2652,dens_164369774990422412,342,Density,<Substance CC(C)O{solv}{x=0.764900}|CCOC=O{solv}{x=0.235100}>,CC(C)O,CCOC=O,Protein-Null-0.0.3-4-mer-AAQAA3-1E3-2-OPC3_opc3,3,0.8299298781346592,0.0002771285620723,0.8088000000000002,0.00035
2653,2653,dens_200561035496770448,343,Density,<Substance CC(C)O{solv}{x=0.265100}|CCOC=O{solv}{x=0.734900}>,CC(C)O,CCOC=O,Protein-Null-0.0.3-4-mer-AAQAA3-1E3-2-OPC3_opc3,3,0.8992768969535594,0.0002901270578956,0.8710000000000002,0.0003
2654,2654,dens_1124622586228643363,344,Density,<Substance CC(C)O{solv}{x=0.441300}|CCOC=O{solv}{x=0.558700}>,CC(C)O,CCOC=O,Protein-Null-0.0.3-4-mer-AAQAA3-1E3-2-OPC3_opc3,3,0.8737289810968609,0.0002773984449022,0.8482000000000003,0.00035
2655,2655,dens_166030075147825025,345,Density,<Substance Clc1ccccc1{solv}{x=0.467900}|c1ccccc1{solv}{x=0.532100}>,Clc1ccccc1,c1ccccc1,Protein-Null-0.0.3-4-mer-AAQAA3-1E3-2-OPC3_opc3,3,0.9824460565282704,0.0002903796324084,0.9877000000000002,0.00025
2656,2656,dens_796537469137871297,346,Density,<Substance Clc1ccccc1{solv}{x=0.735800}|c1ccccc1{solv}{x=0.264200}>,Clc1ccccc1,c1ccccc1,Protein-Null-0.0.3-4-mer-AAQAA3-1E3-2-OPC3_opc3,3,1.0460394004068525,0.0003068921895103,1.0465000000000002,0.0002
2657,2657,dhmix_1485547099225054006,347,EnthalpyOfMixing,<Substance Clc1ccccc1{solv}{x=0.777700}|c1ccccc1{solv}{x=0.222300}>,Clc1ccccc1,c1ccccc1,Protein-Null-0.0.3-4-mer-AAQAA3-1E3-2-OPC3_opc3,3,-0.0358756174833345,0.0382892211745733,-0.0036,0.0004
2658,2658,dhmix_1808283008183194060,348,EnthalpyOfMixing,<Substance Clc1ccccc1{solv}{x=0.225800}|c1ccccc1{solv}{x=0.774200}>,Clc1ccccc1,c1ccccc1,Protein-Null-0.0.3-4-mer-AAQAA3-1E3-2-OPC3_opc3,3,-0.0773450204915562,0.0371623600113012,-0.0046,0.0004
2659,2659,dhmix_2008892820486470381,349,EnthalpyOfMixing,<Substance Clc1ccccc1{solv}{x=0.466600}|c1ccccc1{solv}{x=0.533400}>,Clc1ccccc1,c1ccccc1,Protein-Null-0.0.3-4-mer-AAQAA3-1E3-2-OPC3_opc3,3,-0.0285555632044633,0.0352195679451556,-0.0057,0.0004
2660,2660,dens_2142546524113318099,350,Density,<Substance Clc1ccccc1{solv}{x=0.293100}|c1ccccc1{solv}{x=0.706900}>,Clc1ccccc1,c1ccccc1,Protein-Null-0.0.3-4-mer-AAQAA3-1E3-2-OPC3_opc3,3,0.9404979257149092,0.0002789702793228,0.9468000000000002,0.00025
2661,2661,dhmix_166527628917371560,351,EnthalpyOfMixing,<Substance CCCCCC(C)=O{solv}{x=0.500700}|CCCNCCC{solv}{x=0.499300}>,CCCCCC(C)=O,CCCNCCC,Protein-Null-0.0.3-4-mer-AAQAA3-1E3-2-OPC3_opc3,3,-0.2147471069814486,0.0505468091141638,0.162,0.002
2662,2662,dhmix_181797488552739205,352,EnthalpyOfMixing,<Substance CCCCCC(C)=O{solv}{x=0.213200}|CCCNCCC{solv}{x=0.786800}>,CCCCCC(C)=O,CCCNCCC,Protein-Null-0.0.3-4-mer-AAQAA3-1E3-2-OPC3_opc3,3,-0.019910362593265,0.0523092038215448,0.137,0.0015
2663,2663,dens_286521458049436805,353,Density,<Substance CCCCCC(C)=O{solv}{x=0.542700}|CCCNCCC{solv}{x=0.457300}>,CCCCCC(C)=O,CCCNCCC,Protein-Null-0.0.3-4-mer-AAQAA3-1E3-2-OPC3_opc3,3,0.7718015047108624,0.0001732997769079,0.7766620000000002,0.0001215
2664,2664,dens_740930494074770103,354,Density,<Substance CCCCCC(C)=O{solv}{x=0.252600}|CCCNCCC{solv}{x=0.747400}>,CCCCCC(C)=O,CCCNCCC,Protein-Null-0.0.3-4-mer-AAQAA3-1E3-2-OPC3_opc3,3,0.7525870586632407,0.0002131266696355,0.7540050000000001,0.0001215
2665,2665,dhmix_1180133264815330249,355,EnthalpyOfMixing,<Substance CCCCCC(C)=O{solv}{x=0.788000}|CCCNCCC{solv}{x=0.212000}>,CCCCCC(C)=O,CCCNCCC,Protein-Null-0.0.3-4-mer-AAQAA3-1E3-2-OPC3_opc3,3,-0.1553923920826037,0.0437920595263435,0.088,0.001
2666,2666,dens_1237727796782189302,356,Density,<Substance CCCCCC(C)=O{solv}{x=0.741800}|CCCNCCC{solv}{x=0.258200}>,CCCCCC(C)=O,CCCNCCC,Protein-Null-0.0.3-4-mer-AAQAA3-1E3-2-OPC3_opc3,3,0.7838105329262389,0.0002049454785455,0.7918920000000003,0.00012
2667,2667,dens_168376639142843665,357,Density,<Substance BrCCBr{solv}{x=0.084500}|CCOC(=O)CC{solv}{x=0.915500}>,BrCCBr,CCOC(=O)CC,Protein-Null-0.0.3-4-mer-AAQAA3-1E3-2-OPC3_opc3,3,0.966260561529214,0.0002350556085758,0.9671200000000002,0.001185
2668,2668,dhmix_897092526028522426,358,EnthalpyOfMixing,<Substance BrCCBr{solv}{x=0.753700}|CCOC(=O)CC{solv}{x=0.246300}>,BrCCBr,CCOC(=O)CC,Protein-Null-0.0.3-4-mer-AAQAA3-1E3-2-OPC3_opc3,3,-0.2793353891960244,0.0360122732931594,0.0052,0.0008
2669,2669,dhmix_1078383344298013541,359,EnthalpyOfMixing,<Substance BrCCBr{solv}{x=0.084100}|CCOC(=O)CC{solv}{x=0.915900}>,BrCCBr,CCOC(=O)CC,Protein-Null-0.0.3-4-mer-AAQAA3-1E3-2-OPC3_opc3,3,-0.1334645812729956,0.0476196075277219,-0.0683,0.0014
2670,2670,dhmix_1103515663691342839,360,EnthalpyOfMixing,<Substance BrCCBr{solv}{x=0.514000}|CCOC(=O)CC{solv}{x=0.486000}>,BrCCBr,CCOC(=O)CC,Protein-Null-0.0.3-4-mer-AAQAA3-1E3-2-OPC3_opc3,3,-0.4525480626628155,0.0375537557952017,-0.1259,0.00205
2671,2671,dens_1193015082780501702,361,Density,<Substance BrCCBr{solv}{x=0.484400}|CCOC(=O)CC{solv}{x=0.515600}>,BrCCBr,CCOC(=O)CC,Protein-Null-0.0.3-4-mer-AAQAA3-1E3-2-OPC3_opc3,3,1.3970958454907,0.0004044083864084,1.4136000000000002,0.001165
2672,2672,dens_1660732943693703463,362,Density,<Substance BrCCBr{solv}{x=0.714800}|CCOC(=O)CC{solv}{x=0.285200}>,BrCCBr,CCOC(=O)CC,Protein-Null-0.0.3-4-mer-AAQAA3-1E3-2-OPC3_opc3,3,1.68673547587649,0.00051463715605,1.7205300000000003,0.000985
2673,2673,dens_172622055198885625,363,Density,<Substance CCCCOCCO{solv}{x=0.499500}|c1ccccc1{solv}{x=0.500500}>,CCCCOCCO,c1ccccc1,Protein-Null-0.0.3-4-mer-AAQAA3-1E3-2-OPC3_opc3,3,0.8788621148524055,0.0001528189668784,0.8864700000000002,0.000795
2674,2674,dens_615182082919776992,364,Density,<Substance CCCCOCCO{solv}{x=0.753500}|c1ccccc1{solv}{x=0.246500}>,CCCCOCCO,c1ccccc1,Protein-Null-0.0.3-4-mer-AAQAA3-1E3-2-OPC3_opc3,3,0.8859576807864173,0.0001777599984537,0.8924600000000003,0.00077
2675,2675,dens_1014762781474427089,365,Density,<Substance CCCCOCCO{solv}{x=0.248800}|c1ccccc1{solv}{x=0.751200}>,CCCCOCCO,c1ccccc1,Protein-Null-0.0.3-4-mer-AAQAA3-1E3-2-OPC3_opc3,3,0.8709779174745717,0.0002518691792623,0.8790000000000002,0.00083
2676,2676,dhmix_1209838039340638454,366,EnthalpyOfMixing,<Substance CCCCOCCO{solv}{x=0.729700}|c1ccccc1{solv}{x=0.270300}>,CCCCOCCO,c1ccccc1,Protein-Null-0.0.3-4-mer-AAQAA3-1E3-2-OPC3_opc3,3,0.2819537893373791,0.0516014659211782,0.3037,0.00335
2677,2677,dhmix_1416395432810708431,367,EnthalpyOfMixing,<Substance CCCCOCCO{solv}{x=0.266500}|c1ccccc1{solv}{x=0.733500}>,CCCCOCCO,c1ccccc1,Protein-Null-0.0.3-4-mer-AAQAA3-1E3-2-OPC3_opc3,3,0.5534868419821066,0.0434308161791409,0.6895,0.00745
2678,2678,dhmix_1775479338186698605,368,EnthalpyOfMixing,<Substance CCCCOCCO{solv}{x=0.503000}|c1ccccc1{solv}{x=0.497000}>,CCCCOCCO,c1ccccc1,Protein-Null-0.0.3-4-mer-AAQAA3-1E3-2-OPC3_opc3,3,0.5177373491722363,0.0438911016455156,0.5563,0.00605
2679,2679,dens_173950346939686352,369,Density,<Substance CCOC(=O)CC(=O)OCC{solv}{x=0.797800}|CO{solv}{x=0.202200}>,CCOC(=O)CC(=O)OCC,CO,Protein-Null-0.0.3-4-mer-AAQAA3-1E3-2-OPC3_opc3,3,1.044806666515799,0.0002569811860932,1.0336070000000002,0.0001155
2680,2680,dhmix_796570713446660029,370,EnthalpyOfMixing,<Substance CCOC(=O)CC(=O)OCC{solv}{x=0.745300}|CO{solv}{x=0.254700}>,CCOC(=O)CC(=O)OCC,CO,Protein-Null-0.0.3-4-mer-AAQAA3-1E3-2-OPC3_opc3,3,1.0001606610705096,0.0473952377658557,1.184,0.013
2681,2681,dhmix_1053189657313504079,371,EnthalpyOfMixing,<Substance CCOC(=O)CC(=O)OCC{solv}{x=0.499300}|CO{solv}{x=0.500700}>,CCOC(=O)CC(=O)OCC,CO,Protein-Null-0.0.3-4-mer-AAQAA3-1E3-2-OPC3_opc3,3,1.2459453613487312,0.0406481737571761,1.426,0.0155
2682,2682,dens_1109796780897697143,372,Density,<Substance CCOC(=O)CC(=O)OCC{solv}{x=0.500400}|CO{solv}{x=0.499600}>,CCOC(=O)CC(=O)OCC,CO,Protein-Null-0.0.3-4-mer-AAQAA3-1E3-2-OPC3_opc3,3,1.0030937911040632,0.0002838349556194,0.9962350000000002,9.150000000000002e-05
2683,2683,dens_1145191816882985532,373,Density,<Substance CCOC(=O)CC(=O)OCC{solv}{x=0.250100}|CO{solv}{x=0.749900}>,CCOC(=O)CC(=O)OCC,CO,Protein-Null-0.0.3-4-mer-AAQAA3-1E3-2-OPC3_opc3,3,0.935049392504647,0.0002651820058905,0.9355040000000002,0.0001385
2684,2684,dhmix_1394433819711651760,374,EnthalpyOfMixing,<Substance CCOC(=O)CC(=O)OCC{solv}{x=0.251500}|CO{solv}{x=0.748500}>,CCOC(=O)CC(=O)OCC,CO,Protein-Null-0.0.3-4-mer-AAQAA3-1E3-2-OPC3_opc3,3,1.0039233505134175,0.0358497544603256,1.083,0.0115
2685,2685,dhmix_176700813960387714,375,EnthalpyOfMixing,<Substance CC(=O)N(C)C{solv}{x=0.211000}|ClCCCCCl{solv}{x=0.789000}>,CC(=O)N(C)C,ClCCCCCl,Protein-Null-0.0.3-4-mer-AAQAA3-1E3-2-OPC3_opc3,3,0.0363017864114212,0.0387631122409042,-0.188,0.0025
2686,2686,dhmix_422276068008732896,376,EnthalpyOfMixing,<Substance CC(=O)N(C)C{solv}{x=0.506000}|ClCCCCCl{solv}{x=0.494000}>,CC(=O)N(C)C,ClCCCCCl,Protein-Null-0.0.3-4-mer-AAQAA3-1E3-2-OPC3_opc3,3,0.1821679717441355,0.0424608432950657,-0.314,0.0025
2687,2687,dhmix_591740475541975327,377,EnthalpyOfMixing,<Substance CC(=O)N(C)C{solv}{x=0.705000}|ClCCCCCl{solv}{x=0.295000}>,CC(=O)N(C)C,ClCCCCCl,Protein-Null-0.0.3-4-mer-AAQAA3-1E3-2-OPC3_opc3,3,0.1172142357583796,0.042115727698475,-0.281,0.0025
2688,2688,dens_600718364672681210,378,Density,<Substance CC(=O)N(C)C{solv}{x=0.200100}|ClCCCCCl{solv}{x=0.799900}>,CC(=O)N(C)C,ClCCCCCl,Protein-Null-0.0.3-4-mer-AAQAA3-1E3-2-OPC3_opc3,3,1.0776922983259054,0.0002936327586093,1.0978,0.0023
2689,2689,dens_833309518494254389,379,Density,<Substance CC(=O)N(C)C{solv}{x=0.698700}|ClCCCCCl{solv}{x=0.301300}>,CC(=O)N(C)C,ClCCCCCl,Protein-Null-0.0.3-4-mer-AAQAA3-1E3-2-OPC3_opc3,3,0.972827246925316,0.0001903811085693,1.0011000000000003,0.0023
2690,2690,dens_1473570029953486090,380,Density,<Substance CC(=O)N(C)C{solv}{x=0.500900}|ClCCCCCl{solv}{x=0.499100}>,CC(=O)N(C)C,ClCCCCCl,Protein-Null-0.0.3-4-mer-AAQAA3-1E3-2-OPC3_opc3,3,1.016600668698996,0.0002770256227117,1.0407000000000004,0.00225
2691,2691,dens_176740025668330569,381,Density,<Substance C1CCCCC1{solv}{x=0.499400}|C1COCCO1{solv}{x=0.500600}>,C1CCCCC1,C1COCCO1,Protein-Null-0.0.3-4-mer-AAQAA3-1E3-2-OPC3_opc3,3,0.8696473196848112,0.0002234811363082,0.8769800000000002,8.500000000000002e-05
2692,2692,dens_476825312331327209,382,Density,<Substance C1CCCCC1{solv}{x=0.297200}|C1COCCO1{solv}{x=0.702800}>,C1CCCCC1,C1COCCO1,Protein-Null-0.0.3-4-mer-AAQAA3-1E3-2-OPC3_opc3,3,0.9291958897822492,0.0002413860622437,0.9312200000000004,7.000000000000002e-05
2693,2693,dens_985438980823024302,383,Density,<Substance C1CCCCC1{solv}{x=0.699700}|C1COCCO1{solv}{x=0.300300}>,C1CCCCC1,C1COCCO1,Protein-Null-0.0.3-4-mer-AAQAA3-1E3-2-OPC3_opc3,3,0.8173170367340361,0.0002213856384602,0.8305800000000002,0.0001
2694,2694,dhmix_1624213860575299641,384,EnthalpyOfMixing,<Substance C1CCCCC1{solv}{x=0.492800}|C1COCCO1{solv}{x=0.507200}>,C1CCCCC1,C1COCCO1,Protein-Null-0.0.3-4-mer-AAQAA3-1E3-2-OPC3_opc3,3,1.8343637888094408,0.042817385178863,1.588,0.008
2695,2695,dhmix_1900199136965747019,385,EnthalpyOfMixing,<Substance C1CCCCC1{solv}{x=0.239400}|C1COCCO1{solv}{x=0.760600}>,C1CCCCC1,C1COCCO1,Protein-Null-0.0.3-4-mer-AAQAA3-1E3-2-OPC3_opc3,3,1.3938873078796803,0.0438183518643323,1.124,0.007
2696,2696,dhmix_2022274493214392184,386,EnthalpyOfMixing,<Substance C1CCCCC1{solv}{x=0.744200}|C1COCCO1{solv}{x=0.255800}>,C1CCCCC1,C1COCCO1,Protein-Null-0.0.3-4-mer-AAQAA3-1E3-2-OPC3_opc3,3,1.5513540843512033,0.041490227133206,1.262,0.007
2697,2697,dhmix_182795551078530810,387,EnthalpyOfMixing,<Substance C1COCCO1{solv}{x=0.491200}|Cc1ccccc1Cl{solv}{x=0.508800}>,C1COCCO1,Cc1ccccc1Cl,Protein-Null-0.0.3-4-mer-AAQAA3-1E3-2-OPC3_opc3,3,0.3126081455886123,0.0352269554547696,0.356,0.002
2698,2698,dens_242592003865933955,388,Density,<Substance C1COCCO1{solv}{x=0.835700}|Cc1ccccc1Cl{solv}{x=0.164300}>,C1COCCO1,Cc1ccccc1Cl,Protein-Null-0.0.3-4-mer-AAQAA3-1E3-2-OPC3_opc3,3,1.0293430945661055,0.0002574572344652,1.0256,0.0005
2699,2699,dens_810150133181620718,389,Density,<Substance C1COCCO1{solv}{x=0.513600}|Cc1ccccc1Cl{solv}{x=0.486400}>,C1COCCO1,Cc1ccccc1Cl,Protein-Null-0.0.3-4-mer-AAQAA3-1E3-2-OPC3_opc3,3,1.0546137974621783,0.0002388706845854,1.0536,0.0005
2700,2700,dhmix_1949119093643648586,390,EnthalpyOfMixing,<Substance C1COCCO1{solv}{x=0.246200}|Cc1ccccc1Cl{solv}{x=0.753800}>,C1COCCO1,Cc1ccccc1Cl,Protein-Null-0.0.3-4-mer-AAQAA3-1E3-2-OPC3_opc3,3,0.1515308773556256,0.046146107778008,0.206,0.001
2701,2701,dens_2161584607380261748,391,Density,<Substance C1COCCO1{solv}{x=0.226300}|Cc1ccccc1Cl{solv}{x=0.773700}>,C1COCCO1,Cc1ccccc1Cl,Protein-Null-0.0.3-4-mer-AAQAA3-1E3-2-OPC3_opc3,3,1.0657295883294062,0.000247953906384,1.0674000000000003,0.0005
2702,2702,dhmix_2190589845176325501,392,EnthalpyOfMixing,<Substance C1COCCO1{solv}{x=0.835700}|Cc1ccccc1Cl{solv}{x=0.164300}>,C1COCCO1,Cc1ccccc1Cl,Protein-Null-0.0.3-4-mer-AAQAA3-1E3-2-OPC3_opc3,3,0.2454938341556243,0.045633024521131,0.244,0.0015
2703,2703,dens_194492664772262961,393,Density,<Substance CCCOC=O{solv}{x=0.479500}|ClCCCl{solv}{x=0.520500}>,CCCOC=O,ClCCCl,Protein-Null-0.0.3-4-mer-AAQAA3-1E3-2-OPC3_opc3,3,1.0529099080542648,0.0003774620443194,1.0603100000000003,0.00196
2704,2704,dhmix_438833720470542962,394,EnthalpyOfMixing,<Substance CCCOC=O{solv}{x=0.738500}|ClCCCl{solv}{x=0.261500}>,CCCOC=O,ClCCCl,Protein-Null-0.0.3-4-mer-AAQAA3-1E3-2-OPC3_opc3,3,0.1369397776875125,0.0392606815760766,-0.205,0.0025
2705,2705,dens_598528978367940263,395,Density,<Substance CCCOC=O{solv}{x=0.254300}|ClCCCl{solv}{x=0.745700}>,CCCOC=O,ClCCCl,Protein-Null-0.0.3-4-mer-AAQAA3-1E3-2-OPC3_opc3,3,1.119163329088408,0.0003721320737777,1.1418800000000005,0.002835
2706,2706,dens_822197650497048256,396,Density,<Substance CCCOC=O{solv}{x=0.728100}|ClCCCl{solv}{x=0.271900}>,CCCOC=O,ClCCCl,Protein-Null-0.0.3-4-mer-AAQAA3-1E3-2-OPC3_opc3,3,0.9836401886339412,0.0002250448791617,0.9794600000000002,0.001275
2707,2707,dhmix_1971772628311560569,397,EnthalpyOfMixing,<Substance CCCOC=O{solv}{x=0.503500}|ClCCCl{solv}{x=0.496500}>,CCCOC=O,ClCCCl,Protein-Null-0.0.3-4-mer-AAQAA3-1E3-2-OPC3_opc3,3,0.3284663356926636,0.0347285793667335,-0.254,0.003
2708,2708,dhmix_2087301877194561078,398,EnthalpyOfMixing,<Substance CCCOC=O{solv}{x=0.273300}|ClCCCl{solv}{x=0.726700}>,CCCOC=O,ClCCCl,Protein-Null-0.0.3-4-mer-AAQAA3-1E3-2-OPC3_opc3,3,0.1654545037962922,0.0294561189270152,-0.154,0.002
2709,2709,dens_196547737404430199,399,Density,<Substance CCC(C)(C)O{solv}{x=0.258400}|CCO{solv}{x=0.741600}>,CCC(C)(C)O,CCO,Protein-Null-0.0.3-4-mer-AAQAA3-1E3-2-OPC3_opc3,3,0.8035966525542497,0.0003095688914285,0.7933000000000001,0.0005
2710,2710,dens_476512869308734578,400,Density,<Substance CCC(C)(C)O{solv}{x=0.549500}|CCO{solv}{x=0.450500}>,CCC(C)(C)O,CCO,Protein-Null-0.0.3-4-mer-AAQAA3-1E3-2-OPC3_opc3,3,0.8172898586003687,0.0002868173889035,0.8018000000000002,0.0005
2711,2711,dens_822446541953482206,401,Density,<Substance CCC(C)(C)O{solv}{x=0.676500}|CCO{solv}{x=0.323500}>,CCC(C)(C)O,CCO,Protein-Null-0.0.3-4-mer-AAQAA3-1E3-2-OPC3_opc3,3,0.8207828999893485,0.0002908182872188,0.8048000000000002,0.0005
2712,2712,dhmix_935690434592096067,402,EnthalpyOfMixing,<Substance CCC(C)(C)O{solv}{x=0.460700}|CCO{solv}{x=0.539300}>,CCC(C)(C)O,CCO,Protein-Null-0.0.3-4-mer-AAQAA3-1E3-2-OPC3_opc3,3,-0.7242589632613257,0.03385516360626,-0.95,0.00405
2713,2713,dhmix_1167190373485301023,403,EnthalpyOfMixing,<Substance CCC(C)(C)O{solv}{x=0.730600}|CCO{solv}{x=0.269400}>,CCC(C)(C)O,CCO,Protein-Null-0.0.3-4-mer-AAQAA3-1E3-2-OPC3_opc3,3,-0.909355685998042,0.0438771879894073,-0.7709,0.00335
2714,2714,dhmix_1275914601266938667,404,EnthalpyOfMixing,<Substance CCC(C)(C)O{solv}{x=0.280700}|CCO{solv}{x=0.719300}>,CCC(C)(C)O,CCO,Protein-Null-0.0.3-4-mer-AAQAA3-1E3-2-OPC3_opc3,3,-0.5205037452306076,0.0355044710944421,-0.7056,0.0031
2715,2715,dens_196896428021674416,405,Density,<Substance OCCCCO{solv}{x=0.250400}|O{solv}{x=0.749600}>,O,OCCCCO,Protein-Null-0.0.3-4-mer-AAQAA3-1E3-2-OPC3_opc3,3,1.0187696608116503,0.0005046876471434,1.0206500000000005,0.000165
2716,2716,dhmix_204758826312645465,406,EnthalpyOfMixing,<Substance OCCCCO{solv}{x=0.498600}|O{solv}{x=0.501400}>,O,OCCCCO,Protein-Null-0.0.3-4-mer-AAQAA3-1E3-2-OPC3_opc3,3,0.1489419013544619,0.0351324442082253,-0.882,0.011
2717,2717,dens_523660418548538159,407,Density,<Substance OCCCCO{solv}{x=0.502000}|O{solv}{x=0.498000}>,O,OCCCCO,Protein-Null-0.0.3-4-mer-AAQAA3-1E3-2-OPC3_opc3,3,1.0238810177356208,0.0003207205298095,1.0207100000000002,0.000175
2718,2718,dhmix_1424462945700338266,408,EnthalpyOfMixing,<Substance OCCCCO{solv}{x=0.794700}|O{solv}{x=0.205300}>,O,OCCCCO,Protein-Null-0.0.3-4-mer-AAQAA3-1E3-2-OPC3_opc3,3,0.1533560411155541,0.0303780980739511,-0.513,0.007
2719,2719,dhmix_2166372532060643622,409,EnthalpyOfMixing,<Substance OCCCCO{solv}{x=0.265800}|O{solv}{x=0.734200}>,O,OCCCCO,Protein-Null-0.0.3-4-mer-AAQAA3-1E3-2-OPC3_opc3,3,0.2841305650148236,0.0267949106181539,-0.896,0.0115
2720,2720,dens_2215793475715067258,410,Density,<Substance OCCCCO{solv}{x=0.752800}|O{solv}{x=0.247200}>,O,OCCCCO,Protein-Null-0.0.3-4-mer-AAQAA3-1E3-2-OPC3_opc3,3,1.021081652412282,0.0003528468795853,1.0165900000000003,0.00018
2721,2721,dhmix_199788824133179829,411,EnthalpyOfMixing,<Substance CNc1ccccc1{solv}{x=0.497300}|Cc1ccccc1{solv}{x=0.502700}>,CNc1ccccc1,Cc1ccccc1,Protein-Null-0.0.3-4-mer-AAQAA3-1E3-2-OPC3_opc3,3,0.8599843952335391,0.0430634645431619,0.497,0.0055
2722,2722,dens_515118724178190757,412,Density,<Substance CNc1ccccc1{solv}{x=0.740700}|Cc1ccccc1{solv}{x=0.259300}>,CNc1ccccc1,Cc1ccccc1,Protein-Null-0.0.3-4-mer-AAQAA3-1E3-2-OPC3_opc3,3,0.9601145562310508,0.0002135054986597,0.9531280000000004,0.0002595
2723,2723,dens_730775902780400634,413,Density,<Substance CNc1ccccc1{solv}{x=0.245200}|Cc1ccccc1{solv}{x=0.754800}>,CNc1ccccc1,Cc1ccccc1,Protein-Null-0.0.3-4-mer-AAQAA3-1E3-2-OPC3_opc3,3,0.8860659013498074,0.0001688744211301,0.8935250000000002,0.000118
2724,2724,dhmix_1213795502778853356,414,EnthalpyOfMixing,<Substance CNc1ccccc1{solv}{x=0.295200}|Cc1ccccc1{solv}{x=0.704800}>,CNc1ccccc1,Cc1ccccc1,Protein-Null-0.0.3-4-mer-AAQAA3-1E3-2-OPC3_opc3,3,0.8634727846462837,0.043208370611326,0.459,0.005
2725,2725,dhmix_1321810550349826496,415,EnthalpyOfMixing,<Substance CNc1ccccc1{solv}{x=0.789200}|Cc1ccccc1{solv}{x=0.210800}>,CNc1ccccc1,Cc1ccccc1,Protein-Null-0.0.3-4-mer-AAQAA3-1E3-2-OPC3_opc3,3,0.5498325126027943,0.0522466742263778,0.287,0.003
2726,2726,dens_2156484405108449314,416,Density,<Substance CNc1ccccc1{solv}{x=0.490000}|Cc1ccccc1{solv}{x=0.510000}>,CNc1ccccc1,Cc1ccccc1,Protein-Null-0.0.3-4-mer-AAQAA3-1E3-2-OPC3_opc3,3,0.9229831953090252,0.0002543960863991,0.9235800000000004,0.000164
2727,2727,dens_199829369486957606,417,Density,<Substance CC#N{solv}{x=0.200300}|c1ccccc1{solv}{x=0.799700}>,CC#N,c1ccccc1,Protein-Null-0.0.3-4-mer-AAQAA3-1E3-2-OPC3_opc3,3,0.8536939991859662,0.0002883376676974,0.8623400000000002,7.000000000000002e-05
2728,2728,dhmix_217315956534335620,418,EnthalpyOfMixing,<Substance CC#N{solv}{x=0.771500}|c1ccccc1{solv}{x=0.228500}>,CC#N,c1ccccc1,Protein-Null-0.0.3-4-mer-AAQAA3-1E3-2-OPC3_opc3,3,0.0613862436694514,0.0302008883140789,0.3988,0.00815
2729,2729,dhmix_730497723685339496,419,EnthalpyOfMixing,<Substance CC#N{solv}{x=0.219600}|c1ccccc1{solv}{x=0.780400}>,CC#N,c1ccccc1,Protein-Null-0.0.3-4-mer-AAQAA3-1E3-2-OPC3_opc3,3,-0.0610377376216177,0.036303668204037,0.2399,0.00495
2730,2730,dhmix_1038591828122641798,420,EnthalpyOfMixing,<Substance CC#N{solv}{x=0.529500}|c1ccccc1{solv}{x=0.470500}>,CC#N,c1ccccc1,Protein-Null-0.0.3-4-mer-AAQAA3-1E3-2-OPC3_opc3,3,-0.0354908671348397,0.0291257521763157,0.4415,0.00905
2731,2731,dens_1457706963514561052,421,Density,<Substance CC#N{solv}{x=0.500100}|c1ccccc1{solv}{x=0.499900}>,CC#N,c1ccccc1,Protein-Null-0.0.3-4-mer-AAQAA3-1E3-2-OPC3_opc3,3,0.8336872043334078,0.0002867323392158,0.8384600000000002,7.500000000000002e-05
2732,2732,dens_2111393000623474162,422,Density,<Substance CC#N{solv}{x=0.700200}|c1ccccc1{solv}{x=0.299800}>,CC#N,c1ccccc1,Protein-Null-0.0.3-4-mer-AAQAA3-1E3-2-OPC3_opc3,3,0.8151591053475297,0.0002625214683366,0.8174500000000002,7.500000000000002e-05
2733,2733,dens_201591193434833206,423,Density,<Substance CC(C)CC(C)(C)C{solv}{x=0.082400}|CCO{solv}{x=0.917600}>,CC(C)CC(C)(C)C,CCO,Protein-Null-0.0.3-4-mer-AAQAA3-1E3-2-OPC3_opc3,3,0.7639867487160604,0.0003008002461279,0.7605800000000003,0.000125
2734,2734,dhmix_371477530823830451,424,EnthalpyOfMixing,<Substance CC(C)CC(C)(C)C{solv}{x=0.761700}|CCO{solv}{x=0.238300}>,CC(C)CC(C)(C)C,CCO,Protein-Null-0.0.3-4-mer-AAQAA3-1E3-2-OPC3_opc3,3,0.7476585753859979,0.052250626285522,0.634022,0.006851
2735,2735,dhmix_1127868571780691876,425,EnthalpyOfMixing,<Substance CC(C)CC(C)(C)C{solv}{x=0.515800}|CCO{solv}{x=0.484200}>,CC(C)CC(C)(C)C,CCO,Protein-Null-0.0.3-4-mer-AAQAA3-1E3-2-OPC3_opc3,3,0.7831610771208801,0.0426852099916857,0.638973,0.006903
2736,2736,dens_1250915879314267304,426,Density,<Substance CC(C)CC(C)(C)C{solv}{x=0.493740}|CCO{solv}{x=0.506260}>,CC(C)CC(C)(C)C,CCO,Protein-Null-0.0.3-4-mer-AAQAA3-1E3-2-OPC3_opc3,3,0.7252206890579351,0.0002517593868715,0.7110500000000001,7.500000000000002e-05
2737,2737,dens_1473791133383705310,427,Density,<Substance CC(C)CC(C)(C)C{solv}{x=0.735960}|CCO{solv}{x=0.264040}>,CC(C)CC(C)(C)C,CCO,Protein-Null-0.0.3-4-mer-AAQAA3-1E3-2-OPC3_opc3,3,0.713268367599669,0.0002125941614102,0.6967900000000001,7.500000000000002e-05
2738,2738,dhmix_1870637719976274804,428,EnthalpyOfMixing,<Substance CC(C)CC(C)(C)C{solv}{x=0.081500}|CCO{solv}{x=0.918500}>,CC(C)CC(C)(C)C,CCO,Protein-Null-0.0.3-4-mer-AAQAA3-1E3-2-OPC3_opc3,3,0.3050839162690524,0.0375839556225458,0.197762,0.0022405
2739,2739,dens_202472488934755108,429,Density,<Substance CCC#N{solv}{x=0.301800}|CCOC(C)(C)C{solv}{x=0.698200}>,CCC#N,CCOC(C)(C)C,Protein-Null-0.0.3-4-mer-AAQAA3-1E3-2-OPC3_opc3,3,0.7582345510638576,0.0002481046636221,0.7455000000000002,0.0002
2740,2740,dens_266175665931869051,430,Density,<Substance CCC#N{solv}{x=0.701400}|CCOC(C)(C)C{solv}{x=0.298600}>,CCC#N,CCOC(C)(C)C,Protein-Null-0.0.3-4-mer-AAQAA3-1E3-2-OPC3_opc3,3,0.7683769674009061,0.0002421607588268,0.7617000000000003,0.00035
2741,2741,dhmix_801664072836508009,431,EnthalpyOfMixing,<Substance CCC#N{solv}{x=0.301800}|CCOC(C)(C)C{solv}{x=0.698200}>,CCC#N,CCOC(C)(C)C,Protein-Null-0.0.3-4-mer-AAQAA3-1E3-2-OPC3_opc3,3,0.0852365929919933,0.0411289911723729,0.4557,0.0062
2742,2742,dhmix_1220778152018571786,432,EnthalpyOfMixing,<Substance CCC#N{solv}{x=0.501400}|CCOC(C)(C)C{solv}{x=0.498600}>,CCC#N,CCOC(C)(C)C,Protein-Null-0.0.3-4-mer-AAQAA3-1E3-2-OPC3_opc3,3,0.1170014737679405,0.0380301899044995,0.5053,0.00685
2743,2743,dhmix_1838699488178562925,433,EnthalpyOfMixing,<Substance CCC#N{solv}{x=0.701400}|CCOC(C)(C)C{solv}{x=0.298600}>,CCC#N,CCOC(C)(C)C,Protein-Null-0.0.3-4-mer-AAQAA3-1E3-2-OPC3_opc3,3,0.1397059704056822,0.0377043500522763,0.4078,0.0056
2744,2744,dens_1870081876609026392,434,Density,<Substance CCC#N{solv}{x=0.501400}|CCOC(C)(C)C{solv}{x=0.498600}>,CCC#N,CCOC(C)(C)C,Protein-Null-0.0.3-4-mer-AAQAA3-1E3-2-OPC3_opc3,3,0.7633602902273884,0.0002113922575922,0.7532000000000002,0.0003
2745,2745,dens_205210513551931414,435,Density,<Substance CCCC#N{solv}{x=0.200000}|c1ccccc1{solv}{x=0.800000}>,CCCC#N,c1ccccc1,Protein-Null-0.0.3-4-mer-AAQAA3-1E3-2-OPC3_opc3,3,0.8477839840881651,0.0002715754995522,0.8576940000000002,5.400000000000001e-05
2746,2746,dens_841576887891022329,436,Density,<Substance CCCC#N{solv}{x=0.500000}|c1ccccc1{solv}{x=0.500000}>,CCCC#N,c1ccccc1,Protein-Null-0.0.3-4-mer-AAQAA3-1E3-2-OPC3_opc3,3,0.8249338302798941,0.0002762641299244,0.8318550000000002,5.8000000000000014e-05
2747,2747,dhmix_901910638840590393,437,EnthalpyOfMixing,<Substance CCCC#N{solv}{x=0.503700}|c1ccccc1{solv}{x=0.496300}>,CCCC#N,c1ccccc1,Protein-Null-0.0.3-4-mer-AAQAA3-1E3-2-OPC3_opc3,3,-0.0123290169436955,0.0391941974659443,-0.0659,0.00145
2748,2748,dhmix_1123099162248680479,438,EnthalpyOfMixing,<Substance CCCC#N{solv}{x=0.752800}|c1ccccc1{solv}{x=0.247200}>,CCCC#N,c1ccccc1,Protein-Null-0.0.3-4-mer-AAQAA3-1E3-2-OPC3_opc3,3,-0.0682095152415414,0.0399975671879178,-0.0312,0.0008
2749,2749,dhmix_1318990508180847616,439,EnthalpyOfMixing,<Substance CCCC#N{solv}{x=0.252800}|c1ccccc1{solv}{x=0.747200}>,CCCC#N,c1ccccc1,Protein-Null-0.0.3-4-mer-AAQAA3-1E3-2-OPC3_opc3,3,-0.0542502830457607,0.033797226834013,-0.0571,0.00125
2750,2750,dens_1950627772023797339,440,Density,<Substance CCCC#N{solv}{x=0.700000}|c1ccccc1{solv}{x=0.300000}>,CCCC#N,c1ccccc1,Protein-Null-0.0.3-4-mer-AAQAA3-1E3-2-OPC3_opc3,3,0.8089011107461601,0.0001628167183737,0.8138540000000002,6.100000000000001e-05
2751,2751,dhmix_207411229673186667,441,EnthalpyOfMixing,<Substance CC(C)(C)Cl{solv}{x=0.774700}|CC(C)OC(C)C{solv}{x=0.225300}>,CC(C)(C)Cl,CC(C)OC(C)C,Protein-Null-0.0.3-4-mer-AAQAA3-1E3-2-OPC3_opc3,3,-0.0666722521109051,0.0417498010991836,0.0035,0.0004
2752,2752,dhmix_263164663491745943,442,EnthalpyOfMixing,<Substance CC(C)(C)Cl{solv}{x=0.551200}|CC(C)OC(C)C{solv}{x=0.448800}>,CC(C)(C)Cl,CC(C)OC(C)C,Protein-Null-0.0.3-4-mer-AAQAA3-1E3-2-OPC3_opc3,3,-0.0212226973436102,0.0390201587379981,0.0071,0.0004
2753,2753,dens_1527979990628499053,443,Density,<Substance CC(C)(C)Cl{solv}{x=0.514800}|CC(C)OC(C)C{solv}{x=0.485200}>,CC(C)(C)Cl,CC(C)OC(C)C,Protein-Null-0.0.3-4-mer-AAQAA3-1E3-2-OPC3_opc3,3,0.7918875329974986,0.0001965746846554,0.7723510000000002,0.00042
2754,2754,dens_1616242241384486673,444,Density,<Substance CC(C)(C)Cl{solv}{x=0.715200}|CC(C)OC(C)C{solv}{x=0.284800}>,CC(C)(C)Cl,CC(C)OC(C)C,Protein-Null-0.0.3-4-mer-AAQAA3-1E3-2-OPC3_opc3,3,0.817476799972311,0.000280231854062,0.7971450000000002,0.0003945
2755,2755,dens_2075469437997722238,445,Density,<Substance CC(C)(C)Cl{solv}{x=0.199100}|CC(C)OC(C)C{solv}{x=0.800900}>,CC(C)(C)Cl,CC(C)OC(C)C,Protein-Null-0.0.3-4-mer-AAQAA3-1E3-2-OPC3_opc3,3,0.7568100391148972,0.0002582366829453,0.7376660000000003,0.0004545
2756,2756,dhmix_2101531043492089277,446,EnthalpyOfMixing,<Substance CC(C)(C)Cl{solv}{x=0.219200}|CC(C)OC(C)C{solv}{x=0.780800}>,CC(C)(C)Cl,CC(C)OC(C)C,Protein-Null-0.0.3-4-mer-AAQAA3-1E3-2-OPC3_opc3,3,-0.0036455453477834,0.0467947469371214,0.007,0.0004
2757,2757,dens_210389881425986721,447,Density,<Substance C1COCO1{solv}{x=0.785000}|CCCCCC(C)=O{solv}{x=0.215000}>,C1COCO1,CCCCCC(C)=O,Protein-Null-0.0.3-4-mer-AAQAA3-1E3-2-OPC3_opc3,3,0.9850796029472144,0.0002689907305676,0.9696500000000002,0.0003
2758,2758,dhmix_503329310014436107,448,EnthalpyOfMixing,<Substance C1COCO1{solv}{x=0.750000}|CCCCCC(C)=O{solv}{x=0.250000}>,C1COCO1,CCCCCC(C)=O,Protein-Null-0.0.3-4-mer-AAQAA3-1E3-2-OPC3_opc3,3,0.4448491293155712,0.0407835443991735,0.37402,0.001955
2759,2759,dens_824084186033535550,449,Density,<Substance C1COCO1{solv}{x=0.507100}|CCCCCC(C)=O{solv}{x=0.492900}>,C1COCO1,CCCCCC(C)=O,Protein-Null-0.0.3-4-mer-AAQAA3-1E3-2-OPC3_opc3,3,0.8954649797149515,0.0002303289727095,0.8936300000000003,0.00034
2760,2760,dens_839548343309182157,450,Density,<Substance C1COCO1{solv}{x=0.244000}|CCCCCC(C)=O{solv}{x=0.756000}>,C1COCO1,CCCCCC(C)=O,Protein-Null-0.0.3-4-mer-AAQAA3-1E3-2-OPC3_opc3,3,0.8382148763844711,0.0001527968004024,0.8445200000000002,0.00038
2761,2761,dhmix_1519451899562488304,451,EnthalpyOfMixing,<Substance C1COCO1{solv}{x=0.250000}|CCCCCC(C)=O{solv}{x=0.750000}>,C1COCO1,CCCCCC(C)=O,Protein-Null-0.0.3-4-mer-AAQAA3-1E3-2-OPC3_opc3,3,0.2401954406167519,0.0386523038649877,0.2754,0.00155
2762,2762,dhmix_1874814461447958752,452,EnthalpyOfMixing,<Substance C1COCO1{solv}{x=0.500000}|CCCCCC(C)=O{solv}{x=0.500000}>,C1COCO1,CCCCCC(C)=O,Protein-Null-0.0.3-4-mer-AAQAA3-1E3-2-OPC3_opc3,3,0.4522774844299846,0.0450940662849297,0.43148,0.00217
2763,2763,dhmix_219236717194413479,453,EnthalpyOfMixing,<Substance CCOc1ccccc1{solv}{x=0.762500}|OCCCc1ccccc1{solv}{x=0.237500}>,CCOc1ccccc1,OCCCc1ccccc1,Protein-Null-0.0.3-4-mer-AAQAA3-1E3-2-OPC3_opc3,3,0.9514605401634456,0.0489137645716069,1.1164,0.01195
2764,2764,dens_391027492102555874,454,Density,<Substance CCOc1ccccc1{solv}{x=0.515000}|OCCCc1ccccc1{solv}{x=0.485000}>,CCOc1ccccc1,OCCCc1ccccc1,Protein-Null-0.0.3-4-mer-AAQAA3-1E3-2-OPC3_opc3,3,0.9650526480356844,0.000183687390649,0.9715100000000002,0.00026
2765,2765,dens_603450583692592837,455,Density,<Substance CCOc1ccccc1{solv}{x=0.707400}|OCCCc1ccccc1{solv}{x=0.292600}>,CCOc1ccccc1,OCCCc1ccccc1,Protein-Null-0.0.3-4-mer-AAQAA3-1E3-2-OPC3_opc3,3,0.9571805428454262,0.0001777005569523,0.9634300000000002,0.00026
2766,2766,dhmix_1297428070131435744,456,EnthalpyOfMixing,<Substance CCOc1ccccc1{solv}{x=0.516900}|OCCCc1ccccc1{solv}{x=0.483100}>,CCOc1ccccc1,OCCCc1ccccc1,Protein-Null-0.0.3-4-mer-AAQAA3-1E3-2-OPC3_opc3,3,1.0843197336351835,0.0487016167093303,0.989,0.0106
2767,2767,dens_1659818614169719187,457,Density,<Substance CCOc1ccccc1{solv}{x=0.216400}|OCCCc1ccccc1{solv}{x=0.783600}>,CCOc1ccccc1,OCCCc1ccccc1,Protein-Null-0.0.3-4-mer-AAQAA3-1E3-2-OPC3_opc3,3,0.97545652436183,0.0002273713625851,0.9832000000000004,0.00026
2768,2768,dhmix_2058966624473104004,458,EnthalpyOfMixing,<Substance CCOc1ccccc1{solv}{x=0.262900}|OCCCc1ccccc1{solv}{x=0.737100}>,CCOc1ccccc1,OCCCc1ccccc1,Protein-Null-0.0.3-4-mer-AAQAA3-1E3-2-OPC3_opc3,3,0.4279039533418114,0.0503824673778161,0.7,0.00755
2769,2769,dhmix_224977805525763267,459,EnthalpyOfMixing,<Substance OCCO{solv}{x=0.519300}|O{solv}{x=0.480700}>,O,OCCO,Protein-Null-0.0.3-4-mer-AAQAA3-1E3-2-OPC3_opc3,3,-0.0219847026275544,0.0296999147369506,-0.64,0.0035
2770,2770,dhmix_454389511592218960,460,EnthalpyOfMixing,<Substance OCCO{solv}{x=0.790900}|O{solv}{x=0.209100}>,O,OCCO,Protein-Null-0.0.3-4-mer-AAQAA3-1E3-2-OPC3_opc3,3,-0.073399870751885,0.0489013313974783,-0.347,0.0025
2771,2771,dens_624011570206871166,461,Density,<Substance OCCO{solv}{x=0.500560}|O{solv}{x=0.499440}>,O,OCCO,Protein-Null-0.0.3-4-mer-AAQAA3-1E3-2-OPC3_opc3,3,1.095508731509925,0.0003188632751798,1.0923200000000002,0.0005
2772,2772,dhmix_997365299263661959,462,EnthalpyOfMixing,<Substance OCCO{solv}{x=0.205100}|O{solv}{x=0.794900}>,O,OCCO,Protein-Null-0.0.3-4-mer-AAQAA3-1E3-2-OPC3_opc3,3,0.0984097696213979,0.0272489902945853,-0.681,0.004
2773,2773,dens_1521229282261002740,463,Density,<Substance OCCO{solv}{x=0.299010}|O{solv}{x=0.700990}>,O,OCCO,Protein-Null-0.0.3-4-mer-AAQAA3-1E3-2-OPC3_opc3,3,1.0736379400682314,0.0003926449815502,1.0735400000000002,0.0005
2774,2774,dens_2015496231826454735,464,Density,<Substance OCCO{solv}{x=0.706260}|O{solv}{x=0.293740}>,O,OCCO,Protein-Null-0.0.3-4-mer-AAQAA3-1E3-2-OPC3_opc3,3,1.1097561230195092,0.0004327547997434,1.1022400000000003,0.0005
2775,2775,dhmix_230261418136264651,465,EnthalpyOfMixing,<Substance CCCCOC(C)=O{solv}{x=0.700700}|CCOC(C)=O{solv}{x=0.299300}>,CCCCOC(C)=O,CCOC(C)=O,Protein-Null-0.0.3-4-mer-AAQAA3-1E3-2-OPC3_opc3,3,0.1052381413944871,0.0473543334105852,0.0594,0.001
2776,2776,dhmix_287092636460772443,466,EnthalpyOfMixing,<Substance CCCCOC(C)=O{solv}{x=0.501800}|CCOC(C)=O{solv}{x=0.498200}>,CCCCOC(C)=O,CCOC(C)=O,Protein-Null-0.0.3-4-mer-AAQAA3-1E3-2-OPC3_opc3,3,0.1635522524480848,0.0475961128084844,0.076,0.0012
2777,2777,dens_436289636626232396,467,Density,<Substance CCCCOC(C)=O{solv}{x=0.501800}|CCOC(C)=O{solv}{x=0.498200}>,CCCCOC(C)=O,CCOC(C)=O,Protein-Null-0.0.3-4-mer-AAQAA3-1E3-2-OPC3_opc3,3,0.8903434411280098,0.0002349955781947,0.8829000000000002,0.0002
2778,2778,dens_1739528506032569134,468,Density,<Substance CCCCOC(C)=O{solv}{x=0.201200}|CCOC(C)=O{solv}{x=0.798800}>,CCCCOC(C)=O,CCOC(C)=O,Protein-Null-0.0.3-4-mer-AAQAA3-1E3-2-OPC3_opc3,3,0.8990187596061496,0.0002189440935901,0.8889000000000001,0.0002
2779,2779,dhmix_1951544232160779982,469,EnthalpyOfMixing,<Substance CCCCOC(C)=O{solv}{x=0.201200}|CCOC(C)=O{solv}{x=0.798800}>,CCCCOC(C)=O,CCOC(C)=O,Protein-Null-0.0.3-4-mer-AAQAA3-1E3-2-OPC3_opc3,3,0.1039651354253621,0.0475263905157478,0.0524,0.0009
2780,2780,dens_2199004103648094822,470,Density,<Substance CCCCOC(C)=O{solv}{x=0.700700}|CCOC(C)=O{solv}{x=0.299300}>,CCCCOC(C)=O,CCOC(C)=O,Protein-Null-0.0.3-4-mer-AAQAA3-1E3-2-OPC3_opc3,3,0.8859456422487862,0.0001395883737978,0.8797000000000003,0.0002
2781,2781,dens_230610561971140401,471,Density,<Substance CN(C)CCO{solv}{x=0.507700}|O{solv}{x=0.492300}>,CN(C)CCO,O,Protein-Null-0.0.3-4-mer-AAQAA3-1E3-2-OPC3_opc3,3,0.9318210548103616,0.0003908567114658,0.9237220000000002,0.000504
2782,2782,dens_531222131704065782,472,Density,<Substance CN(C)CCO{solv}{x=0.765200}|O{solv}{x=0.234800}>,CN(C)CCO,O,Protein-Null-0.0.3-4-mer-AAQAA3-1E3-2-OPC3_opc3,3,0.9131184215462688,0.0003414167478805,0.8989030000000002,0.0005805
2783,2783,dhmix_569544738684419327,473,EnthalpyOfMixing,<Substance CN(C)CCO{solv}{x=0.536500}|O{solv}{x=0.463500}>,CN(C)CCO,O,Protein-Null-0.0.3-4-mer-AAQAA3-1E3-2-OPC3_opc3,3,-2.671785986640046,0.0295341079735764,-2.575,0.0525
2784,2784,dens_1319192913326669904,474,Density,<Substance CN(C)CCO{solv}{x=0.264330}|O{solv}{x=0.735670}>,CN(C)CCO,O,Protein-Null-0.0.3-4-mer-AAQAA3-1E3-2-OPC3_opc3,3,0.957679878818416,0.0004013200289784,0.9590000000000002,0.0029
2785,2785,dhmix_1669606825693628140,475,EnthalpyOfMixing,<Substance CN(C)CCO{solv}{x=0.205200}|O{solv}{x=0.794800}>,CN(C)CCO,O,Protein-Null-0.0.3-4-mer-AAQAA3-1E3-2-OPC3_opc3,3,-2.0388631649471227,0.0245949196116267,-2.587,0.0525
2786,2786,dhmix_1723343163215510297,476,EnthalpyOfMixing,<Substance CN(C)CCO{solv}{x=0.799600}|O{solv}{x=0.200400}>,CN(C)CCO,O,Protein-Null-0.0.3-4-mer-AAQAA3-1E3-2-OPC3_opc3,3,-1.6597560266425404,0.0566360882185561,-1.247,0.0255
2787,2787,dens_233554406241639981,477,Density,<Substance CC(C)CC(C)(C)C{solv}{x=0.200000}|CCCCOCCCC{solv}{x=0.800000}>,CC(C)CC(C)(C)C,CCCCOCCCC,Protein-Null-0.0.3-4-mer-AAQAA3-1E3-2-OPC3_opc3,3,0.7475074709665246,0.0001906450107668,0.7497500000000001,0.00017
2788,2788,dhmix_465541682585001245,478,EnthalpyOfMixing,<Substance CC(C)CC(C)(C)C{solv}{x=0.200400}|CCCCOCCCC{solv}{x=0.799600}>,CC(C)CC(C)(C)C,CCCCOCCCC,Protein-Null-0.0.3-4-mer-AAQAA3-1E3-2-OPC3_opc3,3,0.2339858950397229,0.0576443226881965,0.07397,0.00099
2789,2789,dhmix_1505777056782392294,479,EnthalpyOfMixing,<Substance CC(C)CC(C)(C)C{solv}{x=0.400400}|CCCCOCCCC{solv}{x=0.599600}>,CC(C)CC(C)(C)C,CCCCOCCCC,Protein-Null-0.0.3-4-mer-AAQAA3-1E3-2-OPC3_opc3,3,0.2946574605862793,0.0574761996925863,0.11538,0.001385
2790,2790,dhmix_1595104467389948583,480,EnthalpyOfMixing,<Substance CC(C)CC(C)(C)C{solv}{x=0.700500}|CCCCOCCCC{solv}{x=0.299500}>,CC(C)CC(C)(C)C,CCCCOCCCC,Protein-Null-0.0.3-4-mer-AAQAA3-1E3-2-OPC3_opc3,3,0.2855202536978254,0.0438302066998509,0.10948,0.00133
2791,2791,dens_1672861274914038509,481,Density,<Substance CC(C)CC(C)(C)C{solv}{x=0.399700}|CCCCOCCCC{solv}{x=0.600300}>,CC(C)CC(C)(C)C,CCCCOCCCC,Protein-Null-0.0.3-4-mer-AAQAA3-1E3-2-OPC3_opc3,3,0.7369187090248064,0.0001721069198852,0.7348100000000001,0.000175
2792,2792,dens_1954694146948787176,482,Density,<Substance CC(C)CC(C)(C)C{solv}{x=0.700000}|CCCCOCCCC{solv}{x=0.300000}>,CC(C)CC(C)(C)C,CCCCOCCCC,Protein-Null-0.0.3-4-mer-AAQAA3-1E3-2-OPC3_opc3,3,0.7214257724636034,0.000179900075632,0.7117300000000002,0.000185
2793,2793,dens_234746850701826990,483,Density,<Substance CC#N{solv}{x=0.700000}|CCCCCO{solv}{x=0.300000}>,CC#N,CCCCCO,Protein-Null-0.0.3-4-mer-AAQAA3-1E3-2-OPC3_opc3,3,0.7961594750093418,0.0002657077264484,0.7924200000000001,0.000165
2794,2794,dens_1261543146081029601,484,Density,<Substance CC#N{solv}{x=0.500300}|CCCCCO{solv}{x=0.499700}>,CC#N,CCCCCO,Protein-Null-0.0.3-4-mer-AAQAA3-1E3-2-OPC3_opc3,3,0.8017173550221476,0.0002462598600006,0.7996400000000001,0.000185
2795,2795,dens_1462197010819319813,485,Density,<Substance CC#N{solv}{x=0.203100}|CCCCCO{solv}{x=0.796900}>,CC#N,CCCCCO,Protein-Null-0.0.3-4-mer-AAQAA3-1E3-2-OPC3_opc3,3,0.8086822574464195,0.000218277182656,0.8090600000000001,0.00022
2796,2796,dhmix_1595997756227951615,486,EnthalpyOfMixing,<Substance CC#N{solv}{x=0.235500}|CCCCCO{solv}{x=0.764500}>,CC#N,CCCCCO,Protein-Null-0.0.3-4-mer-AAQAA3-1E3-2-OPC3_opc3,3,1.4655658098762814,0.0456430016957656,1.451,0.006
2797,2797,dhmix_1745037615762894827,487,EnthalpyOfMixing,<Substance CC#N{solv}{x=0.516700}|CCCCCO{solv}{x=0.483300}>,CC#N,CCCCCO,Protein-Null-0.0.3-4-mer-AAQAA3-1E3-2-OPC3_opc3,3,2.0396115423871883,0.0354668034868689,2.017,0.008
2798,2798,dhmix_2294048253872291609,488,EnthalpyOfMixing,<Substance CC#N{solv}{x=0.771100}|CCCCCO{solv}{x=0.228900}>,CC#N,CCCCCO,Protein-Null-0.0.3-4-mer-AAQAA3-1E3-2-OPC3_opc3,3,1.6832429052288216,0.0312494946102548,1.656,0.007
2799,2799,dens_237912652331354824,489,Density,<Substance C1COCCO1{solv}{x=0.512200}|CCCC(C)=O{solv}{x=0.487800}>,C1COCCO1,CCCC(C)=O,Protein-Null-0.0.3-4-mer-AAQAA3-1E3-2-OPC3_opc3,3,0.8968877709660567,0.0002585917198375,0.90478,0.00023
2800,2800,dhmix_951401191616771155,490,EnthalpyOfMixing,<Substance C1COCCO1{solv}{x=0.750000}|CCCC(C)=O{solv}{x=0.250000}>,C1COCCO1,CCCC(C)=O,Protein-Null-0.0.3-4-mer-AAQAA3-1E3-2-OPC3_opc3,3,0.2741802366462735,0.0430728525543105,0.23761,0.00135
2801,2801,dens_1815088975543208186,491,Density,<Substance C1COCCO1{solv}{x=0.225400}|CCCC(C)=O{solv}{x=0.774600}>,C1COCCO1,CCCC(C)=O,Protein-Null-0.0.3-4-mer-AAQAA3-1E3-2-OPC3_opc3,3,0.8304979304274862,0.0002259934082667,0.8442800000000001,0.00022
2802,2802,dens_2079717107234551519,492,Density,<Substance C1COCCO1{solv}{x=0.782300}|CCCC(C)=O{solv}{x=0.217700}>,C1COCCO1,CCCC(C)=O,Protein-Null-0.0.3-4-mer-AAQAA3-1E3-2-OPC3_opc3,3,0.9667688908543888,0.0001939970230167,0.9692000000000004,0.000245
2803,2803,dhmix_2166059870593139530,493,EnthalpyOfMixing,<Substance C1COCCO1{solv}{x=0.500000}|CCCC(C)=O{solv}{x=0.500000}>,C1COCCO1,CCCC(C)=O,Protein-Null-0.0.3-4-mer-AAQAA3-1E3-2-OPC3_opc3,3,0.312468803466416,0.0413503344069342,0.26523,0.001455
2804,2804,dhmix_2196150660196365471,494,EnthalpyOfMixing,<Substance C1COCCO1{solv}{x=0.250000}|CCCC(C)=O{solv}{x=0.750000}>,C1COCCO1,CCCC(C)=O,Protein-Null-0.0.3-4-mer-AAQAA3-1E3-2-OPC3_opc3,3,0.2073262318573441,0.041097107534219,0.1704,0.001085
2805,2805,dhmix_243334109655928306,495,EnthalpyOfMixing,<Substance C1CCOCC1{solv}{x=0.783200}|c1ccccc1{solv}{x=0.216800}>,C1CCOCC1,c1ccccc1,Protein-Null-0.0.3-4-mer-AAQAA3-1E3-2-OPC3_opc3,3,-0.0397534611332019,0.0365224549945034,-0.1399,0.00165
2806,2806,dens_257753427541292519,496,Density,<Substance C1CCOCC1{solv}{x=0.479400}|c1ccccc1{solv}{x=0.520600}>,C1CCOCC1,c1ccccc1,Protein-Null-0.0.3-4-mer-AAQAA3-1E3-2-OPC3_opc3,3,0.8672166236167002,0.0002501106012902,0.8778700000000003,0.000505
2807,2807,dhmix_604341867718608333,497,EnthalpyOfMixing,<Substance C1CCOCC1{solv}{x=0.242500}|c1ccccc1{solv}{x=0.757500}>,C1CCOCC1,c1ccccc1,Protein-Null-0.0.3-4-mer-AAQAA3-1E3-2-OPC3_opc3,3,-0.0281070892630594,0.0337136585592655,-0.1608,0.00185
2808,2808,dens_791001710124267373,498,Density,<Substance C1CCOCC1{solv}{x=0.223900}|c1ccccc1{solv}{x=0.776100}>,C1CCOCC1,c1ccccc1,Protein-Null-0.0.3-4-mer-AAQAA3-1E3-2-OPC3_opc3,3,0.8659528616481125,0.0002431125590976,0.8761000000000002,0.0005
2809,2809,dens_1402061243325720407,499,Density,<Substance C1CCOCC1{solv}{x=0.743200}|c1ccccc1{solv}{x=0.256800}>,C1CCOCC1,c1ccccc1,Protein-Null-0.0.3-4-mer-AAQAA3-1E3-2-OPC3_opc3,3,0.8688629421374457,0.0001769155611915,0.8789500000000002,0.000505
2810,2810,dhmix_1407142629314355761,500,EnthalpyOfMixing,<Substance C1CCOCC1{solv}{x=0.498200}|c1ccccc1{solv}{x=0.501800}>,C1CCOCC1,c1ccccc1,Protein-Null-0.0.3-4-mer-AAQAA3-1E3-2-OPC3_opc3,3,-0.0462346024096831,0.038739890309642,-0.2365,0.00265
2811,2811,dhmix_266800455813556356,501,EnthalpyOfMixing,<Substance CO{solv}{x=0.727200}|OCc1ccccc1{solv}{x=0.272800}>,CO,OCc1ccccc1,Protein-Null-0.0.3-4-mer-AAQAA3-1E3-2-OPC3_opc3,3,-0.0390438616504269,0.0301006552961888,-0.0792,0.001
2812,2812,dhmix_949671607207910651,502,EnthalpyOfMixing,<Substance CO{solv}{x=0.500500}|OCc1ccccc1{solv}{x=0.499500}>,CO,OCc1ccccc1,Protein-Null-0.0.3-4-mer-AAQAA3-1E3-2-OPC3_opc3,3,-0.0968187174829218,0.0359951379914002,-0.1408,0.00165
2813,2813,dhmix_1388744759732522219,503,EnthalpyOfMixing,<Substance CO{solv}{x=0.200200}|OCc1ccccc1{solv}{x=0.799800}>,CO,OCc1ccccc1,Protein-Null-0.0.3-4-mer-AAQAA3-1E3-2-OPC3_opc3,3,0.0688868385352137,0.0448348834514726,-0.1081,0.0013
2814,2814,dens_270046772857960816,504,Density,<Substance C1CCOCC1{solv}{x=0.732100}|Cc1ccccc1{solv}{x=0.267900}>,C1CCOCC1,Cc1ccccc1,Protein-Null-0.0.3-4-mer-AAQAA3-1E3-2-OPC3_opc3,3,0.8640016952343327,0.0002759812952622,0.8754100000000001,0.000505
2815,2815,dens_324774743687652276,505,Density,<Substance C1CCOCC1{solv}{x=0.238700}|Cc1ccccc1{solv}{x=0.761300}>,C1CCOCC1,Cc1ccccc1,Protein-Null-0.0.3-4-mer-AAQAA3-1E3-2-OPC3_opc3,3,0.8544763241117814,0.0002418971319769,0.8669900000000003,0.000505
2816,2816,dhmix_390107187187002597,506,EnthalpyOfMixing,<Substance C1CCOCC1{solv}{x=0.531900}|Cc1ccccc1{solv}{x=0.468100}>,C1CCOCC1,Cc1ccccc1,Protein-Null-0.0.3-4-mer-AAQAA3-1E3-2-OPC3_opc3,3,-0.0511049672777232,0.0348811937821195,-0.2225,0.0025
2817,2817,dhmix_1070320975529400325,507,EnthalpyOfMixing,<Substance C1CCOCC1{solv}{x=0.280600}|Cc1ccccc1{solv}{x=0.719400}>,C1CCOCC1,Cc1ccccc1,Protein-Null-0.0.3-4-mer-AAQAA3-1E3-2-OPC3_opc3,3,-0.0932710872215238,0.0423876527183695,-0.1687,0.00195
2818,2818,dens_1397318239527979287,508,Density,<Substance C1CCOCC1{solv}{x=0.491500}|Cc1ccccc1{solv}{x=0.508500}>,C1CCOCC1,Cc1ccccc1,Protein-Null-0.0.3-4-mer-AAQAA3-1E3-2-OPC3_opc3,3,0.8589393281791534,0.0002511352134263,0.8715100000000002,0.000505
2819,2819,dhmix_1508130989501940613,509,EnthalpyOfMixing,<Substance C1CCOCC1{solv}{x=0.741300}|Cc1ccccc1{solv}{x=0.258700}>,C1CCOCC1,Cc1ccccc1,Protein-Null-0.0.3-4-mer-AAQAA3-1E3-2-OPC3_opc3,3,-0.0634413522906101,0.043728198735786,-0.1629,0.0019
2820,2820,dhmix_271732469428717581,510,EnthalpyOfMixing,<Substance COc1ccccc1{solv}{x=0.237400}|OCCCc1ccccc1{solv}{x=0.762600}>,COc1ccccc1,OCCCc1ccccc1,Protein-Null-0.0.3-4-mer-AAQAA3-1E3-2-OPC3_opc3,3,0.3263604740035788,0.0445702979153295,0.6076,0.0066
2821,2821,dhmix_1174392275991455181,511,EnthalpyOfMixing,<Substance COc1ccccc1{solv}{x=0.554700}|OCCCc1ccccc1{solv}{x=0.445300}>,COc1ccccc1,OCCCc1ccccc1,Protein-Null-0.0.3-4-mer-AAQAA3-1E3-2-OPC3_opc3,3,0.834678387176865,0.0507176866756398,1.0293,0.01105
2822,2822,dhmix_1179341622676685107,512,EnthalpyOfMixing,<Substance COc1ccccc1{solv}{x=0.713600}|OCCCc1ccccc1{solv}{x=0.286400}>,COc1ccccc1,OCCCc1ccccc1,Protein-Null-0.0.3-4-mer-AAQAA3-1E3-2-OPC3_opc3,3,0.8630927572331686,0.0424419076783528,1.1088,0.0119
2823,2823,dens_1468428612899754720,513,Density,<Substance COc1ccccc1{solv}{x=0.747700}|OCCCc1ccccc1{solv}{x=0.252300}>,COc1ccccc1,OCCCc1ccccc1,Protein-Null-0.0.3-4-mer-AAQAA3-1E3-2-OPC3_opc3,3,0.972630037076498,0.000208403260145,0.9827800000000002,0.00026
2824,2824,dens_1534619098234859574,514,Density,<Substance COc1ccccc1{solv}{x=0.555100}|OCCCc1ccccc1{solv}{x=0.444900}>,COc1ccccc1,OCCCc1ccccc1,Protein-Null-0.0.3-4-mer-AAQAA3-1E3-2-OPC3_opc3,3,0.975999074848874,0.0002235390252954,0.9852700000000002,0.00026
2825,2825,dens_2298154173340539222,515,Density,<Substance COc1ccccc1{solv}{x=0.263600}|OCCCc1ccccc1{solv}{x=0.736400}>,COc1ccccc1,OCCCc1ccccc1,Protein-Null-0.0.3-4-mer-AAQAA3-1E3-2-OPC3_opc3,3,0.9802982241077544,0.0001880758820854,0.9885500000000002,0.00026
2826,2826,dens_274848672468745759,516,Density,<Substance CCCCOC(C)=O{solv}{x=0.293400}|c1ccccc1{solv}{x=0.706600}>,CCCCOC(C)=O,c1ccccc1,Protein-Null-0.0.3-4-mer-AAQAA3-1E3-2-OPC3_opc3,3,0.8694789123002791,0.0002052723697282,0.8736600000000002,0.00021
2827,2827,dens_493354132810710227,517,Density,<Substance CCCCOC(C)=O{solv}{x=0.710500}|c1ccccc1{solv}{x=0.289500}>,CCCCOC(C)=O,c1ccccc1,Protein-Null-0.0.3-4-mer-AAQAA3-1E3-2-OPC3_opc3,3,0.8763932139109893,0.0002108973972565,0.8751500000000002,0.000335
2828,2828,dhmix_754807126845437364,518,EnthalpyOfMixing,<Substance CCCCOC(C)=O{solv}{x=0.495800}|c1ccccc1{solv}{x=0.504200}>,CCCCOC(C)=O,c1ccccc1,Protein-Null-0.0.3-4-mer-AAQAA3-1E3-2-OPC3_opc3,3,-0.1172356213628482,0.0477402347690429,-0.0245,0.001
2829,2829,dens_834118541551127044,519,Density,<Substance CCCCOC(C)=O{solv}{x=0.504400}|c1ccccc1{solv}{x=0.495600}>,CCCCOC(C)=O,c1ccccc1,Protein-Null-0.0.3-4-mer-AAQAA3-1E3-2-OPC3_opc3,3,0.8731003041934604,0.0002324719404688,0.8744300000000002,0.000265
2830,2830,dhmix_1349932525480083284,520,EnthalpyOfMixing,<Substance CCCCOC(C)=O{solv}{x=0.252300}|c1ccccc1{solv}{x=0.747700}>,CCCCOC(C)=O,c1ccccc1,Protein-Null-0.0.3-4-mer-AAQAA3-1E3-2-OPC3_opc3,3,-0.1200326268440505,0.028892176515013,-0.014,0.0009
2831,2831,dhmix_1597992980658352112,521,EnthalpyOfMixing,<Substance CCCCOC(C)=O{solv}{x=0.771400}|c1ccccc1{solv}{x=0.228600}>,CCCCOC(C)=O,c1ccccc1,Protein-Null-0.0.3-4-mer-AAQAA3-1E3-2-OPC3_opc3,3,-0.1144284928102923,0.0497463960238899,-0.0245,0.001
2832,2832,dens_275501958869207518,522,Density,<Substance C1CCOCC1{solv}{x=0.226300}|Cc1ccccc1Cl{solv}{x=0.773700}>,C1CCOCC1,Cc1ccccc1Cl,Protein-Null-0.0.3-4-mer-AAQAA3-1E3-2-OPC3_opc3,3,1.0336596575775212,0.000266821623119,1.0396,0.0005
2833,2833,dhmix_818597523255588519,523,EnthalpyOfMixing,<Substance C1CCOCC1{solv}{x=0.753300}|Cc1ccccc1Cl{solv}{x=0.246700}>,C1CCOCC1,Cc1ccccc1Cl,Protein-Null-0.0.3-4-mer-AAQAA3-1E3-2-OPC3_opc3,3,-0.1900953324045247,0.0363337347484702,-0.154,0.001
2834,2834,dhmix_849121557716978550,524,EnthalpyOfMixing,<Substance C1CCOCC1{solv}{x=0.517500}|Cc1ccccc1Cl{solv}{x=0.482500}>,C1CCOCC1,Cc1ccccc1Cl,Protein-Null-0.0.3-4-mer-AAQAA3-1E3-2-OPC3_opc3,3,-0.2206959919052451,0.0411275525482141,-0.22,0.0015
2835,2835,dens_946978292781731327,525,Density,<Substance C1CCOCC1{solv}{x=0.478400}|Cc1ccccc1Cl{solv}{x=0.521600}>,C1CCOCC1,Cc1ccccc1Cl,Protein-Null-0.0.3-4-mer-AAQAA3-1E3-2-OPC3_opc3,3,0.9856095711938192,0.0002544657626763,0.9931600000000002,0.00051
2836,2836,dhmix_997266220336132741,526,EnthalpyOfMixing,<Substance C1CCOCC1{solv}{x=0.263200}|Cc1ccccc1Cl{solv}{x=0.736800}>,C1CCOCC1,Cc1ccccc1Cl,Protein-Null-0.0.3-4-mer-AAQAA3-1E3-2-OPC3_opc3,3,-0.2084045425894061,0.0427173222665332,-0.175,0.001
2837,2837,dens_1191185394819541532,527,Density,<Substance C1CCOCC1{solv}{x=0.765800}|Cc1ccccc1Cl{solv}{x=0.234200}>,C1CCOCC1,Cc1ccccc1Cl,Protein-Null-0.0.3-4-mer-AAQAA3-1E3-2-OPC3_opc3,3,0.9250000106409602,0.0002553007649424,0.9336500000000002,0.000505
2838,2838,dhmix_278334692660393021,528,EnthalpyOfMixing,<Substance CCCCCCC{solv}{x=0.205900}|CNc1ccccc1{solv}{x=0.794100}>,CCCCCCC,CNc1ccccc1,Protein-Null-0.0.3-4-mer-AAQAA3-1E3-2-OPC3_opc3,3,1.593133432154282,0.0454620041953817,1.126,0.012
2839,2839,dens_480658478095207102,529,Density,<Substance CCCCCCC{solv}{x=0.740500}|CNc1ccccc1{solv}{x=0.259500}>,CCCCCCC,CNc1ccccc1,Protein-Null-0.0.3-4-mer-AAQAA3-1E3-2-OPC3_opc3,3,0.7330307620948964,0.0001761882440198,0.7424910000000001,0.00014
2840,2840,dhmix_898293423987680187,530,EnthalpyOfMixing,<Substance CCCCCCC{solv}{x=0.501700}|CNc1ccccc1{solv}{x=0.498300}>,CCCCCCC,CNc1ccccc1,Protein-Null-0.0.3-4-mer-AAQAA3-1E3-2-OPC3_opc3,3,1.9462218213925837,0.0509870445358114,1.676,0.018
2841,2841,dens_1509968737377061562,531,Density,<Substance CCCCCCC{solv}{x=0.250900}|CNc1ccccc1{solv}{x=0.749100}>,CCCCCCC,CNc1ccccc1,Protein-Null-0.0.3-4-mer-AAQAA3-1E3-2-OPC3_opc3,3,0.8928190325904822,0.0002526306005553,0.8897150000000003,0.0002615
2842,2842,dhmix_1680546488782143957,532,EnthalpyOfMixing,<Substance CCCCCCC{solv}{x=0.703200}|CNc1ccccc1{solv}{x=0.296800}>,CCCCCCC,CNc1ccccc1,Protein-Null-0.0.3-4-mer-AAQAA3-1E3-2-OPC3_opc3,3,1.7655669721447538,0.0521134714945404,1.539,0.0165
2843,2843,dens_2074014246120135820,533,Density,<Substance CCCCCCC{solv}{x=0.497000}|CNc1ccccc1{solv}{x=0.503000}>,CCCCCCC,CNc1ccccc1,Protein-Null-0.0.3-4-mer-AAQAA3-1E3-2-OPC3_opc3,3,0.8061733044709788,0.0002026818454624,0.8106920000000002,0.0001785
2844,2844,dens_296890921001565391,534,Density,<Substance CCCCN{solv}{x=0.755200}|CN(C)C=O{solv}{x=0.244800}>,CCCCN,CN(C)C=O,Protein-Null-0.0.3-4-mer-AAQAA3-1E3-2-OPC3_opc3,3,0.7950136250935599,0.0002347944774032,0.7762150000000002,0.000949
2845,2845,dens_380536870617309130,535,Density,<Substance CCCCN{solv}{x=0.242800}|CN(C)C=O{solv}{x=0.757200}>,CCCCN,CN(C)C=O,Protein-Null-0.0.3-4-mer-AAQAA3-1E3-2-OPC3_opc3,3,0.8757995347042509,0.0002661091592925,0.8845160000000002,0.0010795
2846,2846,dhmix_493117160214491795,536,EnthalpyOfMixing,<Substance CCCCN{solv}{x=0.244100}|CN(C)C=O{solv}{x=0.755900}>,CCCCN,CN(C)C=O,Protein-Null-0.0.3-4-mer-AAQAA3-1E3-2-OPC3_opc3,3,0.2587701819153594,0.0398086374481072,0.245,0.008
2847,2847,dhmix_789225002934078019,537,EnthalpyOfMixing,<Substance CCCCN{solv}{x=0.750200}|CN(C)C=O{solv}{x=0.249800}>,CCCCN,CN(C)C=O,Protein-Null-0.0.3-4-mer-AAQAA3-1E3-2-OPC3_opc3,3,0.3570442595870915,0.0400795861336895,0.32,0.01
2848,2848,dhmix_941321571782058819,538,EnthalpyOfMixing,<Substance CCCCN{solv}{x=0.499200}|CN(C)C=O{solv}{x=0.500800}>,CCCCN,CN(C)C=O,Protein-Null-0.0.3-4-mer-AAQAA3-1E3-2-OPC3_opc3,3,0.3487632454651646,0.0403033618088084,0.384,0.0115
2849,2849,dens_2179361372918836941,539,Density,<Substance CCCCN{solv}{x=0.497200}|CN(C)C=O{solv}{x=0.502800}>,CCCCN,CN(C)C=O,Protein-Null-0.0.3-4-mer-AAQAA3-1E3-2-OPC3_opc3,3,0.8341516232450018,0.0002456901314084,0.8277360000000001,0.001011
2850,2850,dens_300257448272323407,540,Density,<Substance CC(C)O{solv}{x=0.745200}|NCCN{solv}{x=0.254800}>,CC(C)O,NCCN,Protein-Null-0.0.3-4-mer-AAQAA3-1E3-2-OPC3_opc3,3,0.8498503029588367,0.000265939576495,0.8163970000000003,0.0002325
2851,2851,dens_924750366683277351,541,Density,<Substance CC(C)O{solv}{x=0.203100}|NCCN{solv}{x=0.796900}>,CC(C)O,NCCN,Protein-Null-0.0.3-4-mer-AAQAA3-1E3-2-OPC3_opc3,3,0.9758160421508963,0.0003891783941948,0.8736620000000003,0.0002225
2852,2852,dens_2284409308160572308,542,Density,<Substance CC(C)O{solv}{x=0.489100}|NCCN{solv}{x=0.510900}>,CC(C)O,NCCN,Protein-Null-0.0.3-4-mer-AAQAA3-1E3-2-OPC3_opc3,3,0.9057742268869328,0.0003566620957359,0.8449250000000001,0.0002245
2853,2853,dens_305501840068636812,543,Density,<Substance CC(C)=O{solv}{x=0.750000}|CCO{solv}{x=0.250000}>,CC(C)=O,CCO,Protein-Null-0.0.3-4-mer-AAQAA3-1E3-2-OPC3_opc3,3,0.7734008239348055,0.0003403791861674,0.7859000000000002,0.000115
2854,2854,dens_472577738907297293,544,Density,<Substance CC(C)=O{solv}{x=0.250000}|CCO{solv}{x=0.750000}>,CC(C)=O,CCO,Protein-Null-0.0.3-4-mer-AAQAA3-1E3-2-OPC3_opc3,3,0.7822595057657761,0.0002960089772888,0.7861600000000002,0.000115
2855,2855,dens_2271083741716457850,545,Density,<Substance CC(C)=O{solv}{x=0.499900}|CCO{solv}{x=0.500100}>,CC(C)=O,CCO,Protein-Null-0.0.3-4-mer-AAQAA3-1E3-2-OPC3_opc3,3,0.7779288613899076,0.0002717065768004,0.7861900000000003,0.000115
2856,2856,dens_307445163336341047,546,Density,<Substance CN1CCCC1=O{solv}{x=0.703700}|ClCCCl{solv}{x=0.296300}>,CN1CCCC1=O,ClCCCl,Protein-Null-0.0.3-4-mer-AAQAA3-1E3-2-OPC3_opc3,3,1.06241030614905,0.0002655425276296,1.0851000000000002,0.0002
2857,2857,dhmix_453866769634566853,547,EnthalpyOfMixing,<Substance CN1CCCC1=O{solv}{x=0.253100}|ClCCCl{solv}{x=0.746900}>,CN1CCCC1=O,ClCCCl,Protein-Null-0.0.3-4-mer-AAQAA3-1E3-2-OPC3_opc3,3,-0.0580973684804497,0.0330273621401024,-0.8118,0.01525
2858,2858,dhmix_536206650470008584,548,EnthalpyOfMixing,<Substance CN1CCCC1=O{solv}{x=0.500000}|ClCCCl{solv}{x=0.500000}>,CN1CCCC1=O,ClCCCl,Protein-Null-0.0.3-4-mer-AAQAA3-1E3-2-OPC3_opc3,3,-0.0093328351475889,0.0378873077044523,-1.264,0.0055
2859,2859,dens_1046625605566999080,549,Density,<Substance CN1CCCC1=O{solv}{x=0.202500}|ClCCCl{solv}{x=0.797500}>,CN1CCCC1=O,ClCCCl,Protein-Null-0.0.3-4-mer-AAQAA3-1E3-2-OPC3_opc3,3,1.164282775242272,0.0003850430735356,1.1953000000000005,0.00025
2860,2860,dhmix_1620571823529677157,550,EnthalpyOfMixing,<Substance CN1CCCC1=O{solv}{x=0.736700}|ClCCCl{solv}{x=0.263300}>,CN1CCCC1=O,ClCCCl,Protein-Null-0.0.3-4-mer-AAQAA3-1E3-2-OPC3_opc3,3,-0.0585297610853103,0.0447736908993351,-0.8587,0.01605
2861,2861,dens_2059567022041766694,551,Density,<Substance CN1CCCC1=O{solv}{x=0.497500}|ClCCCl{solv}{x=0.502500}>,CN1CCCC1=O,ClCCCl,Protein-Null-0.0.3-4-mer-AAQAA3-1E3-2-OPC3_opc3,3,1.106492448085561,0.0003133626919357,1.1283000000000003,0.0002
2862,2862,dens_313234519309892479,552,Density,<Substance CC(=O)N(C)C{solv}{x=0.293800}|CCCCCCCCCl{solv}{x=0.706200}>,CC(=O)N(C)C,CCCCCCCCCl,Protein-Null-0.0.3-4-mer-AAQAA3-1E3-2-OPC3_opc3,3,0.8672681486590542,0.0002018530414178,0.8796000000000003,0.00045
2863,2863,dhmix_444785917463403590,553,EnthalpyOfMixing,<Substance CC(=O)N(C)C{solv}{x=0.703000}|CCCCCCCCCl{solv}{x=0.297000}>,CC(=O)N(C)C,CCCCCCCCCl,Protein-Null-0.0.3-4-mer-AAQAA3-1E3-2-OPC3_opc3,3,1.0183405001786383,0.0410361660005037,0.751,0.004
2864,2864,dhmix_705168937124106402,554,EnthalpyOfMixing,<Substance CC(=O)N(C)C{solv}{x=0.215000}|CCCCCCCCCl{solv}{x=0.785000}>,CC(=O)N(C)C,CCCCCCCCCl,Protein-Null-0.0.3-4-mer-AAQAA3-1E3-2-OPC3_opc3,3,0.8384133465523149,0.0537158910297465,0.519,0.0035
2865,2865,dens_1549584991651515376,555,Density,<Substance CC(=O)N(C)C{solv}{x=0.502200}|CCCCCCCCCl{solv}{x=0.497800}>,CC(=O)N(C)C,CCCCCCCCCl,Protein-Null-0.0.3-4-mer-AAQAA3-1E3-2-OPC3_opc3,3,0.8737048937807241,0.0002139785348297,0.8902000000000002,0.0004
2866,2866,dhmix_1732161251827083272,556,EnthalpyOfMixing,<Substance CC(=O)N(C)C{solv}{x=0.508000}|CCCCCCCCCl{solv}{x=0.492000}>,CC(=O)N(C)C,CCCCCCCCCl,Protein-Null-0.0.3-4-mer-AAQAA3-1E3-2-OPC3_opc3,3,1.1085981896204586,0.0441985456368525,0.829,0.004
2867,2867,dens_2189889607118243828,557,Density,<Substance CC(=O)N(C)C{solv}{x=0.700500}|CCCCCCCCCl{solv}{x=0.299500}>,CC(=O)N(C)C,CCCCCCCCCl,Protein-Null-0.0.3-4-mer-AAQAA3-1E3-2-OPC3_opc3,3,0.8819289312133153,0.0002170923182531,0.9041000000000002,0.00035
2868,2868,dens_314482396827660717,558,Density,<Substance BrCCBr{solv}{x=0.753700}|COC(C)=O{solv}{x=0.246300}>,BrCCBr,COC(C)=O,Protein-Null-0.0.3-4-mer-AAQAA3-1E3-2-OPC3_opc3,3,1.8342029119780856,0.0006204581988714,1.8774400000000004,0.003355
2869,2869,dens_344993892965738820,559,Density,<Substance BrCCBr{solv}{x=0.275200}|COC(C)=O{solv}{x=0.724800}>,BrCCBr,COC(C)=O,Protein-Null-0.0.3-4-mer-AAQAA3-1E3-2-OPC3_opc3,3,1.2794130300130793,0.0004093611238003,1.2862400000000005,0.001125
2870,2870,dhmix_545996968666061076,560,EnthalpyOfMixing,<Substance BrCCBr{solv}{x=0.720900}|COC(C)=O{solv}{x=0.279100}>,BrCCBr,COC(C)=O,Protein-Null-0.0.3-4-mer-AAQAA3-1E3-2-OPC3_opc3,3,0.0217200589882837,0.0350711868302098,0.2594,0.0028
2871,2871,dens_714044009336077786,561,Density,<Substance BrCCBr{solv}{x=0.512100}|COC(C)=O{solv}{x=0.487900}>,BrCCBr,COC(C)=O,Protein-Null-0.0.3-4-mer-AAQAA3-1E3-2-OPC3_opc3,3,1.5611168899975936,0.0005535011459901,1.5834900000000005,0.0021
2872,2872,dhmix_1222511035002547253,562,EnthalpyOfMixing,<Substance BrCCBr{solv}{x=0.485500}|COC(C)=O{solv}{x=0.514500}>,BrCCBr,COC(C)=O,Protein-Null-0.0.3-4-mer-AAQAA3-1E3-2-OPC3_opc3,3,-0.0232131852774308,0.0345793846148757,0.2577,0.00275
2873,2873,dhmix_1418101673429653456,563,EnthalpyOfMixing,<Substance BrCCBr{solv}{x=0.250800}|COC(C)=O{solv}{x=0.749200}>,BrCCBr,COC(C)=O,Protein-Null-0.0.3-4-mer-AAQAA3-1E3-2-OPC3_opc3,3,-0.0092366177345937,0.034782045574469,0.1202,0.0017
2874,2874,dens_314934747194338330,564,Density,<Substance CC(C)CCl{solv}{x=0.513700}|CC(C)OC(C)C{solv}{x=0.486300}>,CC(C)CCl,CC(C)OC(C)C,Protein-Null-0.0.3-4-mer-AAQAA3-1E3-2-OPC3_opc3,3,0.7936365561787861,0.0002594304575679,0.7878250000000002,0.000405
2875,2875,dhmix_355399496844187096,565,EnthalpyOfMixing,<Substance CC(C)CCl{solv}{x=0.545300}|CC(C)OC(C)C{solv}{x=0.454700}>,CC(C)CCl,CC(C)OC(C)C,Protein-Null-0.0.3-4-mer-AAQAA3-1E3-2-OPC3_opc3,3,-0.1655841310906893,0.0430303380325256,-0.0957,0.0012
2876,2876,dens_688062365117407068,566,Density,<Substance CC(C)CCl{solv}{x=0.805900}|CC(C)OC(C)C{solv}{x=0.194100}>,CC(C)CCl,CC(C)OC(C)C,Protein-Null-0.0.3-4-mer-AAQAA3-1E3-2-OPC3_opc3,3,0.8316483003759898,0.0002883498442782,0.8355300000000002,0.0003555
2877,2877,dhmix_1411881046585885461,567,EnthalpyOfMixing,<Substance CC(C)CCl{solv}{x=0.090700}|CC(C)OC(C)C{solv}{x=0.909300}>,CC(C)CCl,CC(C)OC(C)C,Protein-Null-0.0.3-4-mer-AAQAA3-1E3-2-OPC3_opc3,3,-0.1170490059194762,0.0513125803292314,-0.0302,0.00055
2878,2878,dens_1762455266351712367,568,Density,<Substance CC(C)CCl{solv}{x=0.091000}|CC(C)OC(C)C{solv}{x=0.909000}>,CC(C)CCl,CC(C)OC(C)C,Protein-Null-0.0.3-4-mer-AAQAA3-1E3-2-OPC3_opc3,3,0.7461761167702934,0.000248666204714,0.7293950000000001,0.000464
2879,2879,dhmix_2302865667781063708,569,EnthalpyOfMixing,<Substance CC(C)CCl{solv}{x=0.727000}|CC(C)OC(C)C{solv}{x=0.273000}>,CC(C)CCl,CC(C)OC(C)C,Protein-Null-0.0.3-4-mer-AAQAA3-1E3-2-OPC3_opc3,3,-0.1500761438048172,0.0439154727457731,-0.0791,0.001
2880,2880,dens_321327254341950207,570,Density,<Substance C1COCCO1{solv}{x=0.780300}|CCCCCC(C)=O{solv}{x=0.219700}>,C1COCCO1,CCCCCC(C)=O,Protein-Null-0.0.3-4-mer-AAQAA3-1E3-2-OPC3_opc3,3,0.9566274702251556,0.0002071255354999,0.9576500000000002,0.0003
2881,2881,dens_377701756930918353,571,Density,<Substance C1COCCO1{solv}{x=0.500600}|CCCCCC(C)=O{solv}{x=0.499400}>,C1COCCO1,CCCCCC(C)=O,Protein-Null-0.0.3-4-mer-AAQAA3-1E3-2-OPC3_opc3,3,0.8865813782916842,0.000188707969174,0.8916700000000002,0.000345
2882,2882,dhmix_600625644134907580,572,EnthalpyOfMixing,<Substance C1COCCO1{solv}{x=0.500000}|CCCCCC(C)=O{solv}{x=0.500000}>,C1COCCO1,CCCCCC(C)=O,Protein-Null-0.0.3-4-mer-AAQAA3-1E3-2-OPC3_opc3,3,0.5318758279392597,0.0415600172197927,0.4509,0.002255
2883,2883,dens_1451069448215305244,573,Density,<Substance C1COCCO1{solv}{x=0.220300}|CCCCCC(C)=O{solv}{x=0.779700}>,C1COCCO1,CCCCCC(C)=O,Protein-Null-0.0.3-4-mer-AAQAA3-1E3-2-OPC3_opc3,3,0.833055164815258,0.0001954645392483,0.8420800000000003,0.000385
2884,2884,dhmix_2028813035406256788,574,EnthalpyOfMixing,<Substance C1COCCO1{solv}{x=0.750000}|CCCCCC(C)=O{solv}{x=0.250000}>,C1COCCO1,CCCCCC(C)=O,Protein-Null-0.0.3-4-mer-AAQAA3-1E3-2-OPC3_opc3,3,0.4013758481565759,0.041298983433077,0.4064,0.00209
2885,2885,dhmix_2222211577832383320,575,EnthalpyOfMixing,<Substance C1COCCO1{solv}{x=0.250000}|CCCCCC(C)=O{solv}{x=0.750000}>,C1COCCO1,CCCCCC(C)=O,Protein-Null-0.0.3-4-mer-AAQAA3-1E3-2-OPC3_opc3,3,0.2567967930426391,0.0495870563708383,0.2911,0.00164
2886,2886,dhmix_325212618372456630,576,EnthalpyOfMixing,<Substance CCCCCCC{solv}{x=0.500000}|c1ccccc1{solv}{x=0.500000}>,CCCCCCC,c1ccccc1,Protein-Null-0.0.3-4-mer-AAQAA3-1E3-2-OPC3_opc3,3,1.2707275005747505,0.0411669224230917,0.9235,0.0051
2887,2887,dhmix_409350268177199962,577,EnthalpyOfMixing,<Substance CCCCCCC{solv}{x=0.751900}|c1ccccc1{solv}{x=0.248100}>,CCCCCCC,c1ccccc1,Protein-Null-0.0.3-4-mer-AAQAA3-1E3-2-OPC3_opc3,3,0.7931679534448932,0.0519763903200674,0.6047,0.0035
2888,2888,dens_1685942387769177799,578,Density,<Substance CCCCCCC{solv}{x=0.913667}|c1ccccc1{solv}{x=0.086333}>,CCCCCCC,c1ccccc1,Protein-Null-0.0.3-4-mer-AAQAA3-1E3-2-OPC3_opc3,3,0.6776202498941679,0.0002094978011002,0.6892400000000002,0.000805
2889,2889,dens_2148382258223830900,579,Density,<Substance CCCCCCC{solv}{x=0.273700}|c1ccccc1{solv}{x=0.726300}>,CCCCCCC,c1ccccc1,Protein-Null-0.0.3-4-mer-AAQAA3-1E3-2-OPC3_opc3,3,0.7720286798216689,0.0002575128545242,0.7855000000000002,0.00015
2890,2890,dens_2219829254239605828,580,Density,<Substance CCCCCCC{solv}{x=0.492200}|c1ccccc1{solv}{x=0.507800}>,CCCCCCC,c1ccccc1,Protein-Null-0.0.3-4-mer-AAQAA3-1E3-2-OPC3_opc3,3,0.7271229401529332,0.0002311453495302,0.7409000000000001,0.00015
2891,2891,dhmix_2296565820723783732,581,EnthalpyOfMixing,<Substance CCCCCCC{solv}{x=0.242400}|c1ccccc1{solv}{x=0.757600}>,CCCCCCC,c1ccccc1,Protein-Null-0.0.3-4-mer-AAQAA3-1E3-2-OPC3_opc3,3,1.0111903236148123,0.0390924183250226,0.7775,0.0044
2892,2892,dens_326446104630354701,582,Density,<Substance BrCCBr{solv}{x=0.728600}|CCC(=O)OC{solv}{x=0.271400}>,BrCCBr,CCC(=O)OC,Protein-Null-0.0.3-4-mer-AAQAA3-1E3-2-OPC3_opc3,3,1.7551733435648142,0.0005837761751791,1.7949900000000003,0.00303
2893,2893,dens_886315086380393150,583,Density,<Substance BrCCBr{solv}{x=0.494400}|CCC(=O)OC{solv}{x=0.505600}>,BrCCBr,CCC(=O)OC,Protein-Null-0.0.3-4-mer-AAQAA3-1E3-2-OPC3_opc3,3,1.4694489628743277,0.0004789051449956,1.4941800000000005,0.001825
2894,2894,dhmix_1410129135672303476,584,EnthalpyOfMixing,<Substance BrCCBr{solv}{x=0.491400}|CCC(=O)OC{solv}{x=0.508600}>,BrCCBr,CCC(=O)OC,Protein-Null-0.0.3-4-mer-AAQAA3-1E3-2-OPC3_opc3,3,-0.3645862823957806,0.0365429363157341,0.0195,0.00185
2895,2895,dhmix_1551714230583118668,585,EnthalpyOfMixing,<Substance BrCCBr{solv}{x=0.755400}|CCC(=O)OC{solv}{x=0.244600}>,BrCCBr,CCC(=O)OC,Protein-Null-0.0.3-4-mer-AAQAA3-1E3-2-OPC3_opc3,3,-0.2296477142942627,0.0341754301559582,0.09,0.00295
2896,2896,dhmix_1596310059176209101,586,EnthalpyOfMixing,<Substance BrCCBr{solv}{x=0.214800}|CCC(=O)OC{solv}{x=0.785200}>,BrCCBr,CCC(=O)OC,Protein-Null-0.0.3-4-mer-AAQAA3-1E3-2-OPC3_opc3,3,-0.1620970125575733,0.036403724582941,-0.0281,0.002
2897,2897,dens_1860027304017736150,587,Density,<Substance BrCCBr{solv}{x=0.257000}|CCC(=O)OC{solv}{x=0.743000}>,BrCCBr,CCC(=O)OC,Protein-Null-0.0.3-4-mer-AAQAA3-1E3-2-OPC3_opc3,3,1.1929838112589877,0.0003622828322953,1.2059400000000002,0.000915
2898,2898,dhmix_334328961632702336,588,EnthalpyOfMixing,<Substance Cc1ccccc1N{solv}{x=0.492600}|Cc1cccnc1{solv}{x=0.507400}>,Cc1ccccc1N,Cc1cccnc1,Protein-Null-0.0.3-4-mer-AAQAA3-1E3-2-OPC3_opc3,3,-1.669924433037591,0.0461862304434664,-1.4091,0.0287
2899,2899,dhmix_382843935535082222,589,EnthalpyOfMixing,<Substance Cc1ccccc1N{solv}{x=0.232300}|Cc1cccnc1{solv}{x=0.767700}>,Cc1ccccc1N,Cc1cccnc1,Protein-Null-0.0.3-4-mer-AAQAA3-1E3-2-OPC3_opc3,3,-1.237602562152432,0.0418337627744529,-1.1196,0.02285
2900,2900,dens_890019852111400701,590,Density,<Substance Cc1ccccc1N{solv}{x=0.533600}|Cc1cccnc1{solv}{x=0.466400}>,Cc1ccccc1N,Cc1cccnc1,Protein-Null-0.0.3-4-mer-AAQAA3-1E3-2-OPC3_opc3,3,0.989005916068549,0.000229939454682,0.9795770000000004,0.0001185
2901,2901,dens_1033313642915027277,591,Density,<Substance Cc1ccccc1N{solv}{x=0.737200}|Cc1cccnc1{solv}{x=0.262800}>,Cc1ccccc1N,Cc1cccnc1,Protein-Null-0.0.3-4-mer-AAQAA3-1E3-2-OPC3_opc3,3,1.0027537530802957,0.0002956890342451,0.9867010000000004,0.000118
2902,2902,dhmix_1057104304179164775,592,EnthalpyOfMixing,<Substance Cc1ccccc1N{solv}{x=0.778900}|Cc1cccnc1{solv}{x=0.221100}>,Cc1ccccc1N,Cc1cccnc1,Protein-Null-0.0.3-4-mer-AAQAA3-1E3-2-OPC3_opc3,3,-1.2217819892845938,0.0463698926668809,-0.8735,0.01785
2903,2903,dens_1445313714023685702,593,Density,<Substance Cc1ccccc1N{solv}{x=0.246700}|Cc1cccnc1{solv}{x=0.753300}>,Cc1ccccc1N,Cc1cccnc1,Protein-Null-0.0.3-4-mer-AAQAA3-1E3-2-OPC3_opc3,3,0.9663176007766524,0.0002376588931559,0.9668750000000004,0.00012
2904,2904,dens_335631113096608920,594,Density,<Substance CCC(C)=O{solv}{x=0.501800}|CCCCNCCCC{solv}{x=0.498200}>,CCC(C)=O,CCCCNCCCC,Protein-Null-0.0.3-4-mer-AAQAA3-1E3-2-OPC3_opc3,3,0.7642939122362888,0.0002014593195733,0.7693960000000002,9.950000000000003e-05
2905,2905,dhmix_551451232292287572,595,EnthalpyOfMixing,<Substance CCC(C)=O{solv}{x=0.215400}|CCCCNCCCC{solv}{x=0.784600}>,CCC(C)=O,CCCCNCCCC,Protein-Null-0.0.3-4-mer-AAQAA3-1E3-2-OPC3_opc3,3,0.0518305134593646,0.0531412790918841,0.417,0.0045
2906,2906,dens_800787154192710377,596,Density,<Substance CCC(C)=O{solv}{x=0.260300}|CCCCNCCCC{solv}{x=0.739700}>,CCC(C)=O,CCCCNCCCC,Protein-Null-0.0.3-4-mer-AAQAA3-1E3-2-OPC3_opc3,3,0.7605438355937354,0.0001808026372477,0.7614750000000002,0.0001005
2907,2907,dhmix_1210431916849512476,597,EnthalpyOfMixing,<Substance CCC(C)=O{solv}{x=0.504400}|CCCCNCCCC{solv}{x=0.495600}>,CCC(C)=O,CCCCNCCCC,Protein-Null-0.0.3-4-mer-AAQAA3-1E3-2-OPC3_opc3,3,0.1385517155617108,0.042678260051409,0.619,0.0065
2908,2908,dhmix_1503682496766473076,598,EnthalpyOfMixing,<Substance CCC(C)=O{solv}{x=0.792200}|CCCCNCCCC{solv}{x=0.207800}>,CCC(C)=O,CCCCNCCCC,Protein-Null-0.0.3-4-mer-AAQAA3-1E3-2-OPC3_opc3,3,0.1066299652357827,0.0383745155712483,0.425,0.0045
2909,2909,dens_2232561341275312196,599,Density,<Substance CCC(C)=O{solv}{x=0.747300}|CCCCNCCCC{solv}{x=0.252700}>,CCC(C)=O,CCCCNCCCC,Protein-Null-0.0.3-4-mer-AAQAA3-1E3-2-OPC3_opc3,3,0.7698533840752491,0.0002049832910443,0.7810500000000001,9.750000000000004e-05
2910,2910,dhmix_335934546122425398,600,EnthalpyOfMixing,<Substance C1CCOCC1{solv}{x=0.550000}|O=C1CCCC1{solv}{x=0.450000}>,C1CCOCC1,O=C1CCCC1,Protein-Null-0.0.3-4-mer-AAQAA3-1E3-2-OPC3_opc3,3,0.1229869154323779,0.0410512195923172,0.15813,0.001
2911,2911,dhmix_337659115721770978,601,EnthalpyOfMixing,<Substance C1CCOCC1{solv}{x=0.250000}|O=C1CCCC1{solv}{x=0.750000}>,C1CCOCC1,O=C1CCCC1,Protein-Null-0.0.3-4-mer-AAQAA3-1E3-2-OPC3_opc3,3,0.0794337295957845,0.0421838300593397,0.11325,0.00084
2912,2912,dens_579415285212890284,602,Density,<Substance C1CCOCC1{solv}{x=0.708000}|O=C1CCCC1{solv}{x=0.292000}>,C1CCOCC1,O=C1CCCC1,Protein-Null-0.0.3-4-mer-AAQAA3-1E3-2-OPC3_opc3,3,0.8823106933352645,0.000212949736741,0.8972200000000002,0.00023
2913,2913,dens_788777315764582180,603,Density,<Substance C1CCOCC1{solv}{x=0.549800}|O=C1CCCC1{solv}{x=0.450200}>,C1CCOCC1,O=C1CCCC1,Protein-Null-0.0.3-4-mer-AAQAA3-1E3-2-OPC3_opc3,3,0.8893095775362635,0.0001866037232287,0.9073000000000002,0.000235
2914,2914,dens_1539654406736576807,604,Density,<Substance C1CCOCC1{solv}{x=0.235400}|O=C1CCCC1{solv}{x=0.764600}>,C1CCOCC1,O=C1CCCC1,Protein-Null-0.0.3-4-mer-AAQAA3-1E3-2-OPC3_opc3,3,0.9043293865488058,0.0002266703671323,0.9281000000000004,0.00024
2915,2915,dhmix_1706969020375394315,605,EnthalpyOfMixing,<Substance C1CCOCC1{solv}{x=0.750000}|O=C1CCCC1{solv}{x=0.250000}>,C1CCOCC1,O=C1CCCC1,Protein-Null-0.0.3-4-mer-AAQAA3-1E3-2-OPC3_opc3,3,0.0498582424435198,0.0297387063102102,0.12811,0.000895
2916,2916,dens_337077748334497354,606,Density,<Substance CN1CCCCC1{solv}{x=0.245200}|O{solv}{x=0.754800}>,CN1CCCCC1,O,Protein-Null-0.0.3-4-mer-AAQAA3-1E3-2-OPC3_opc3,3,0.9001367639520967,0.0002881891221796,0.9038110000000004,9.700000000000004e-05
2917,2917,dens_1619467922469494964,607,Density,<Substance CN1CCCCC1{solv}{x=0.790700}|O{solv}{x=0.209300}>,CN1CCCCC1,O,Protein-Null-0.0.3-4-mer-AAQAA3-1E3-2-OPC3_opc3,3,0.8413864824400388,0.0001950588643428,0.8260470000000002,0.000108
2918,2918,dens_1725290505257505407,608,Density,<Substance CN1CCCCC1{solv}{x=0.505000}|O{solv}{x=0.495000}>,CN1CCCCC1,O,Protein-Null-0.0.3-4-mer-AAQAA3-1E3-2-OPC3_opc3,3,0.8651844577838966,0.0002483903472054,0.8581580000000002,9.450000000000002e-05
2919,2919,dhmix_344305070199657817,609,EnthalpyOfMixing,<Substance CC(C)CC(C)(C)C{solv}{x=0.200300}|CCCO{solv}{x=0.799700}>,CC(C)CC(C)(C)C,CCCO,Protein-Null-0.0.3-4-mer-AAQAA3-1E3-2-OPC3_opc3,3,0.2110733256835928,0.0406026719845604,0.308,0.0055
2920,2920,dens_1020839744665732433,610,Density,<Substance CC(C)CC(C)(C)C{solv}{x=0.200100}|CCCO{solv}{x=0.799900}>,CC(C)CC(C)(C)C,CCCO,Protein-Null-0.0.3-4-mer-AAQAA3-1E3-2-OPC3_opc3,3,0.7625653110115587,0.0002265444982714,0.7589500000000002,0.00029
2921,2921,dens_1348847431810734601,611,Density,<Substance CC(C)CC(C)(C)C{solv}{x=0.700000}|CCCO{solv}{x=0.300000}>,CC(C)CC(C)(C)C,CCCO,Protein-Null-0.0.3-4-mer-AAQAA3-1E3-2-OPC3_opc3,3,0.7190916414970334,0.0001691386217664,0.7046500000000001,0.00028
2922,2922,dhmix_1376194238727172922,612,EnthalpyOfMixing,<Substance CC(C)CC(C)(C)C{solv}{x=0.499800}|CCCO{solv}{x=0.500200}>,CC(C)CC(C)(C)C,CCCO,Protein-Null-0.0.3-4-mer-AAQAA3-1E3-2-OPC3_opc3,3,0.7500964706527498,0.0459887024921005,0.6025,0.0027
2923,2923,dhmix_1868873434415785592,613,EnthalpyOfMixing,<Substance CC(C)CC(C)(C)C{solv}{x=0.699900}|CCCO{solv}{x=0.300100}>,CC(C)CC(C)(C)C,CCCO,Protein-Null-0.0.3-4-mer-AAQAA3-1E3-2-OPC3_opc3,3,0.7102655260384125,0.046548296988252,0.6544,0.0029
2924,2924,dens_1870552320710773195,614,Density,<Substance CC(C)CC(C)(C)C{solv}{x=0.500000}|CCCO{solv}{x=0.500000}>,CC(C)CC(C)(C)C,CCCO,Protein-Null-0.0.3-4-mer-AAQAA3-1E3-2-OPC3_opc3,3,0.7327417921528293,0.0002196983177682,0.7214400000000002,0.00028
2925,2925,dens_344701479262570906,615,Density,<Substance C1CCOCC1{solv}{x=0.246100}|Cc1cccnc1{solv}{x=0.753900}>,C1CCOCC1,Cc1cccnc1,Protein-Null-0.0.3-4-mer-AAQAA3-1E3-2-OPC3_opc3,3,0.924073029195968,0.0002331532283535,0.9348570000000002,0.0004915
2926,2926,dhmix_772935681699310364,616,EnthalpyOfMixing,<Substance C1CCOCC1{solv}{x=0.480300}|Cc1cccnc1{solv}{x=0.519700}>,C1CCOCC1,Cc1cccnc1,Protein-Null-0.0.3-4-mer-AAQAA3-1E3-2-OPC3_opc3,3,0.1542212437240451,0.0376286626170518,0.1271,0.00115
2927,2927,dens_1179184695460672925,617,Density,<Substance C1CCOCC1{solv}{x=0.756800}|Cc1cccnc1{solv}{x=0.243200}>,C1CCOCC1,Cc1cccnc1,Protein-Null-0.0.3-4-mer-AAQAA3-1E3-2-OPC3_opc3,3,0.8873548790436656,0.0002205902849452,0.8976640000000002,0.0004655
2928,2928,dens_1273033541520518804,618,Density,<Substance C1CCOCC1{solv}{x=0.482700}|Cc1cccnc1{solv}{x=0.517300}>,C1CCOCC1,Cc1cccnc1,Protein-Null-0.0.3-4-mer-AAQAA3-1E3-2-OPC3_opc3,3,0.9071316739164844,0.0002095322358461,0.9179640000000002,0.00048
2929,2929,dhmix_1594947441282636711,619,EnthalpyOfMixing,<Substance C1CCOCC1{solv}{x=0.735500}|Cc1cccnc1{solv}{x=0.264500}>,C1CCOCC1,Cc1cccnc1,Protein-Null-0.0.3-4-mer-AAQAA3-1E3-2-OPC3_opc3,3,0.118118301896466,0.0417130446079008,0.0924,0.00095
2930,2930,dhmix_2075643137470349800,620,EnthalpyOfMixing,<Substance C1CCOCC1{solv}{x=0.273200}|Cc1cccnc1{solv}{x=0.726800}>,C1CCOCC1,Cc1cccnc1,Protein-Null-0.0.3-4-mer-AAQAA3-1E3-2-OPC3_opc3,3,0.0140481062127193,0.0430480314781457,0.1036,0.001
2931,2931,dhmix_346841872844739570,621,EnthalpyOfMixing,<Substance CC#N{solv}{x=0.700700}|CCOC(C)(C)C{solv}{x=0.299300}>,CC#N,CCOC(C)(C)C,Protein-Null-0.0.3-4-mer-AAQAA3-1E3-2-OPC3_opc3,3,0.208672325895435,0.0337349807793641,0.6176,0.0084
2932,2932,dhmix_840136828933604757,622,EnthalpyOfMixing,<Substance CC#N{solv}{x=0.199000}|CCOC(C)(C)C{solv}{x=0.801000}>,CC#N,CCOC(C)(C)C,Protein-Null-0.0.3-4-mer-AAQAA3-1E3-2-OPC3_opc3,3,0.2704118139971392,0.0500493611845431,0.4418,0.006
2933,2933,dhmix_1934525864391020215,623,EnthalpyOfMixing,<Substance CC#N{solv}{x=0.501600}|CCOC(C)(C)C{solv}{x=0.498400}>,CC#N,CCOC(C)(C)C,Protein-Null-0.0.3-4-mer-AAQAA3-1E3-2-OPC3_opc3,3,0.2029899521626363,0.0303986202537193,0.7098,0.00965
2934,2934,dens_1954735606040559695,624,Density,<Substance CC#N{solv}{x=0.700700}|CCOC(C)(C)C{solv}{x=0.299300}>,CC#N,CCOC(C)(C)C,Protein-Null-0.0.3-4-mer-AAQAA3-1E3-2-OPC3_opc3,3,0.7692740676767689,0.0002816752830237,0.7595000000000002,0.00045
2935,2935,dens_2173310521496796694,625,Density,<Substance CC#N{solv}{x=0.501600}|CCOC(C)(C)C{solv}{x=0.498400}>,CC#N,CCOC(C)(C)C,Protein-Null-0.0.3-4-mer-AAQAA3-1E3-2-OPC3_opc3,3,0.7629515609680303,0.0002610635796278,0.7510000000000002,0.00035
2936,2936,dens_2235331649530959984,626,Density,<Substance CC#N{solv}{x=0.199000}|CCOC(C)(C)C{solv}{x=0.801000}>,CC#N,CCOC(C)(C)C,Protein-Null-0.0.3-4-mer-AAQAA3-1E3-2-OPC3_opc3,3,0.7552573330755292,0.0002443646067592,0.7408000000000001,0.00015
2937,2937,dhmix_355078149157572999,627,EnthalpyOfMixing,<Substance OCCOCCO{solv}{x=0.790600}|O{solv}{x=0.209400}>,O,OCCOCCO,Protein-Null-0.0.3-4-mer-AAQAA3-1E3-2-OPC3_opc3,3,-0.4098662170398768,0.0413834455740765,-0.521,0.003
2938,2938,dhmix_514261244195159379,628,EnthalpyOfMixing,<Substance OCCOCCO{solv}{x=0.300400}|O{solv}{x=0.699600}>,O,OCCOCCO,Protein-Null-0.0.3-4-mer-AAQAA3-1E3-2-OPC3_opc3,3,-0.2820586771163129,0.0368187372745019,-1.245,0.0065
2939,2939,dhmix_1512634639127890343,629,EnthalpyOfMixing,<Substance OCCOCCO{solv}{x=0.501000}|O{solv}{x=0.499000}>,O,OCCOCCO,Protein-Null-0.0.3-4-mer-AAQAA3-1E3-2-OPC3_opc3,3,-0.3131127196177665,0.0392307207779751,-1.149,0.0065
2940,2940,dens_1532732041743097130,630,Density,<Substance OCCOCCO{solv}{x=0.500600}|O{solv}{x=0.499400}>,O,OCCOCCO,Protein-Null-0.0.3-4-mer-AAQAA3-1E3-2-OPC3_opc3,3,1.1132278592377114,0.0003643302720607,1.1070700000000002,0.00026
2941,2941,dens_1948924545926470959,631,Density,<Substance OCCOCCO{solv}{x=0.700300}|O{solv}{x=0.299700}>,O,OCCOCCO,Protein-Null-0.0.3-4-mer-AAQAA3-1E3-2-OPC3_opc3,3,1.1169766500826583,0.0002165654522769,1.1111900000000003,0.000285
2942,2942,dens_2114974877291939954,632,Density,<Substance OCCOCCO{solv}{x=0.301000}|O{solv}{x=0.699000}>,O,OCCOCCO,Protein-Null-0.0.3-4-mer-AAQAA3-1E3-2-OPC3_opc3,3,1.0977516373238705,0.0003309097885732,1.0958900000000005,0.000305
2943,2943,dhmix_355690558520209737,633,EnthalpyOfMixing,<Substance CC(C)CC(C)(C)C{solv}{x=0.774800}|CC(C)OC(C)C{solv}{x=0.225200}>,CC(C)CC(C)(C)C,CC(C)OC(C)C,Protein-Null-0.0.3-4-mer-AAQAA3-1E3-2-OPC3_opc3,3,0.3837078291759184,0.0548744891667554,0.132161,0.001556
2944,2944,dens_706481868145479619,634,Density,<Substance CC(C)CC(C)(C)C{solv}{x=0.250000}|CC(C)OC(C)C{solv}{x=0.750000}>,CC(C)CC(C)(C)C,CC(C)OC(C)C,Protein-Null-0.0.3-4-mer-AAQAA3-1E3-2-OPC3_opc3,3,0.7265939942974976,0.0002472821243191,0.7090800000000002,0.000155
2945,2945,dens_960755156711549154,635,Density,<Substance CC(C)CC(C)(C)C{solv}{x=0.750000}|CC(C)OC(C)C{solv}{x=0.250000}>,CC(C)CC(C)(C)C,CC(C)OC(C)C,Protein-Null-0.0.3-4-mer-AAQAA3-1E3-2-OPC3_opc3,3,0.711358109399861,0.0001420943431015,0.6937500000000002,0.000155
2946,2946,dens_1165117582450092341,636,Density,<Substance CC(C)CC(C)(C)C{solv}{x=0.500900}|CC(C)OC(C)C{solv}{x=0.499100}>,CC(C)CC(C)(C)C,CC(C)OC(C)C,Protein-Null-0.0.3-4-mer-AAQAA3-1E3-2-OPC3_opc3,3,0.7184508720741486,0.0002177196946182,0.7005900000000002,0.000105
2947,2947,dhmix_1819714300540494359,637,EnthalpyOfMixing,<Substance CC(C)CC(C)(C)C{solv}{x=0.512500}|CC(C)OC(C)C{solv}{x=0.487500}>,CC(C)CC(C)(C)C,CC(C)OC(C)C,Protein-Null-0.0.3-4-mer-AAQAA3-1E3-2-OPC3_opc3,3,0.4704128379743792,0.0465051919958045,0.197047,0.002233
2948,2948,dhmix_2031984064821599856,638,EnthalpyOfMixing,<Substance CC(C)CC(C)(C)C{solv}{x=0.269300}|CC(C)OC(C)C{solv}{x=0.730700}>,CC(C)CC(C)(C)C,CC(C)OC(C)C,Protein-Null-0.0.3-4-mer-AAQAA3-1E3-2-OPC3_opc3,3,0.4562152980600089,0.056668357934214,0.158983,0.0018345
2949,2949,dens_357198687829738077,639,Density,<Substance C1CCOCC1{solv}{x=0.223500}|CCCCCC(C)=O{solv}{x=0.776500}>,C1CCOCC1,CCCCCC(C)=O,Protein-Null-0.0.3-4-mer-AAQAA3-1E3-2-OPC3_opc3,3,0.8100233261709775,0.0002012126588104,0.8221200000000002,0.000375
2950,2950,dens_1074719884132299485,640,Density,<Substance C1CCOCC1{solv}{x=0.516600}|CCCCCC(C)=O{solv}{x=0.483400}>,C1CCOCC1,CCCCCC(C)=O,Protein-Null-0.0.3-4-mer-AAQAA3-1E3-2-OPC3_opc3,3,0.8281005651551986,0.0002037969855186,0.8396100000000002,0.00032
2951,2951,dens_1427208283653313137,641,Density,<Substance C1CCOCC1{solv}{x=0.710100}|CCCCCC(C)=O{solv}{x=0.289900}>,C1CCOCC1,CCCCCC(C)=O,Protein-Null-0.0.3-4-mer-AAQAA3-1E3-2-OPC3_opc3,3,0.8417854809665579,0.0002250217685799,0.8534200000000002,0.000285
2952,2952,dhmix_1485904869507380555,642,EnthalpyOfMixing,<Substance C1CCOCC1{solv}{x=0.500000}|CCCCCC(C)=O{solv}{x=0.500000}>,C1CCOCC1,CCCCCC(C)=O,Protein-Null-0.0.3-4-mer-AAQAA3-1E3-2-OPC3_opc3,3,0.188663879250889,0.0405920701924284,0.05773,0.000615
2953,2953,dhmix_1931504734279468677,643,EnthalpyOfMixing,<Substance C1CCOCC1{solv}{x=0.250000}|CCCCCC(C)=O{solv}{x=0.750000}>,C1CCOCC1,CCCCCC(C)=O,Protein-Null-0.0.3-4-mer-AAQAA3-1E3-2-OPC3_opc3,3,0.144073995293418,0.0444253291948609,0.03429,0.00053
2954,2954,dhmix_2296263041755700053,644,EnthalpyOfMixing,<Substance C1CCOCC1{solv}{x=0.750000}|CCCCCC(C)=O{solv}{x=0.250000}>,C1CCOCC1,CCCCCC(C)=O,Protein-Null-0.0.3-4-mer-AAQAA3-1E3-2-OPC3_opc3,3,0.107010240176919,0.0386909951623497,0.05587,0.00061
2955,2955,dhmix_357499987240135169,645,EnthalpyOfMixing,<Substance CCCCC{solv}{x=0.772700}|CCCCOC=O{solv}{x=0.227300}>,CCCCC,CCCCOC=O,Protein-Null-0.0.3-4-mer-AAQAA3-1E3-2-OPC3_opc3,3,1.064998163862512,0.0345839857547731,0.87,0.004
2956,2956,dens_435201289177646286,646,Density,<Substance CCCCC{solv}{x=0.504200}|CCCCOC=O{solv}{x=0.495800}>,CCCCC,CCCCOC=O,Protein-Null-0.0.3-4-mer-AAQAA3-1E3-2-OPC3_opc3,3,0.750122595267494,0.0002337237774742,0.7523000000000001,0.00024
2957,2957,dens_635752291929824010,647,Density,<Substance CCCCC{solv}{x=0.699000}|CCCCOC=O{solv}{x=0.301000}>,CCCCC,CCCCOC=O,Protein-Null-0.0.3-4-mer-AAQAA3-1E3-2-OPC3_opc3,3,0.692056845614936,0.0002901542209199,0.6994600000000002,0.00018
2958,2958,dhmix_869493303716364153,648,EnthalpyOfMixing,<Substance CCCCC{solv}{x=0.490500}|CCCCOC=O{solv}{x=0.509500}>,CCCCC,CCCCOC=O,Protein-Null-0.0.3-4-mer-AAQAA3-1E3-2-OPC3_opc3,3,1.1748890596594777,0.0373822804491176,0.959,0.004
2959,2959,dhmix_1188548276416925178,649,EnthalpyOfMixing,<Substance CCCCC{solv}{x=0.246000}|CCCCOC=O{solv}{x=0.754000}>,CCCCC,CCCCOC=O,Protein-Null-0.0.3-4-mer-AAQAA3-1E3-2-OPC3_opc3,3,0.8401901909548286,0.0458809039423853,0.632,0.003
2960,2960,dens_1944800378076074966,650,Density,<Substance CCCCC{solv}{x=0.247100}|CCCCOC=O{solv}{x=0.752900}>,CCCCC,CCCCOC=O,Protein-Null-0.0.3-4-mer-AAQAA3-1E3-2-OPC3_opc3,3,0.8268215701195043,0.000258750137376,0.8221800000000001,0.000375
2961,2961,dhmix_357740737126275220,651,EnthalpyOfMixing,<Substance CC(=O)N(C)C{solv}{x=0.212000}|CCCCCl{solv}{x=0.788000}>,CC(=O)N(C)C,CCCCCl,Protein-Null-0.0.3-4-mer-AAQAA3-1E3-2-OPC3_opc3,3,0.4343903151134256,0.042854085972488,0.244,0.0025
2962,2962,dens_563556088097831353,652,Density,<Substance CC(=O)N(C)C{solv}{x=0.499000}|CCCCCl{solv}{x=0.501000}>,CC(=O)N(C)C,CCCCCl,Protein-Null-0.0.3-4-mer-AAQAA3-1E3-2-OPC3_opc3,3,0.8817518940508788,0.0002474044421857,0.9081000000000002,0.0002
2963,2963,dens_1083232356130752567,653,Density,<Substance CC(=O)N(C)C{solv}{x=0.799700}|CCCCCl{solv}{x=0.200300}>,CC(=O)N(C)C,CCCCCl,Protein-Null-0.0.3-4-mer-AAQAA3-1E3-2-OPC3_opc3,3,0.8937174241609248,0.0002594534437492,0.9247000000000004,0.0002
2964,2964,dhmix_1487887746912587509,654,EnthalpyOfMixing,<Substance CC(=O)N(C)C{solv}{x=0.708000}|CCCCCl{solv}{x=0.292000}>,CC(=O)N(C)C,CCCCCl,Protein-Null-0.0.3-4-mer-AAQAA3-1E3-2-OPC3_opc3,3,0.5504328233573439,0.0394628386855801,0.305,0.0025
2965,2965,dens_1662749398344255132,655,Density,<Substance CC(=O)N(C)C{solv}{x=0.210500}|CCCCCl{solv}{x=0.789500}>,CC(=O)N(C)C,CCCCCl,Protein-Null-0.0.3-4-mer-AAQAA3-1E3-2-OPC3_opc3,3,0.8676161027273648,0.0002966448660692,0.8918000000000001,0.0002
2966,2966,dhmix_2085343422065298965,656,EnthalpyOfMixing,<Substance CC(=O)N(C)C{solv}{x=0.511000}|CCCCCl{solv}{x=0.489000}>,CC(=O)N(C)C,CCCCCl,Protein-Null-0.0.3-4-mer-AAQAA3-1E3-2-OPC3_opc3,3,0.7241654783202485,0.0386385052641427,0.363,0.0025
2967,2967,dhmix_359626193748497849,657,EnthalpyOfMixing,<Substance C1CCOCC1{solv}{x=0.750000}|O=C1CCCCC1{solv}{x=0.250000}>,C1CCOCC1,O=C1CCCCC1,Protein-Null-0.0.3-4-mer-AAQAA3-1E3-2-OPC3_opc3,3,-0.0279721106821142,0.0391660885954278,0.07698,0.00069
2968,2968,dhmix_709905971434026360,658,EnthalpyOfMixing,<Substance C1CCOCC1{solv}{x=0.250000}|O=C1CCCCC1{solv}{x=0.750000}>,C1CCOCC1,O=C1CCCCC1,Protein-Null-0.0.3-4-mer-AAQAA3-1E3-2-OPC3_opc3,3,0.0301075609349581,0.0419662145017886,0.05827,0.00062
2969,2969,dens_996263306280392228,659,Density,<Substance C1CCOCC1{solv}{x=0.500900}|O=C1CCCCC1{solv}{x=0.499100}>,C1CCOCC1,O=C1CCCCC1,Protein-Null-0.0.3-4-mer-AAQAA3-1E3-2-OPC3_opc3,3,0.8949485547390647,0.00021803623461,0.9160300000000002,0.000505
2970,2970,dens_1296485655493191092,660,Density,<Substance C1CCOCC1{solv}{x=0.247100}|O=C1CCCCC1{solv}{x=0.752900}>,C1CCOCC1,O=C1CCCCC1,Protein-Null-0.0.3-4-mer-AAQAA3-1E3-2-OPC3_opc3,3,0.9075122177594848,0.0002415978135875,0.9305900000000004,0.000505
2971,2971,dhmix_1617652800437548554,661,EnthalpyOfMixing,<Substance C1CCOCC1{solv}{x=0.500000}|O=C1CCCCC1{solv}{x=0.500000}>,C1CCOCC1,O=C1CCCCC1,Protein-Null-0.0.3-4-mer-AAQAA3-1E3-2-OPC3_opc3,3,0.0391153287151908,0.0397230997483319,0.08658,0.000725
2972,2972,dens_2134919398794801459,662,Density,<Substance C1CCOCC1{solv}{x=0.738900}|O=C1CCCCC1{solv}{x=0.261100}>,C1CCOCC1,O=C1CCCCC1,Protein-Null-0.0.3-4-mer-AAQAA3-1E3-2-OPC3_opc3,3,0.8833930871387395,0.00021988879722,0.9000800000000002,0.000505
2973,2973,dens_371429494256072686,663,Density,<Substance COC=O{solv}{x=0.513800}|ClCCCCl{solv}{x=0.486200}>,COC=O,ClCCCCl,Protein-Null-0.0.3-4-mer-AAQAA3-1E3-2-OPC3_opc3,3,1.088483179889198,0.0003716275170376,1.08831,0.00025
2974,2974,dens_416463243686186519,664,Density,<Substance COC=O{solv}{x=0.738400}|ClCCCCl{solv}{x=0.261600}>,COC=O,ClCCCCl,Protein-Null-0.0.3-4-mer-AAQAA3-1E3-2-OPC3_opc3,3,1.0492772136581698,0.0003308659005651,1.03754,0.0002
2975,2975,dhmix_573570621261992547,665,EnthalpyOfMixing,<Substance COC=O{solv}{x=0.767400}|ClCCCCl{solv}{x=0.232600}>,COC=O,ClCCCCl,Protein-Null-0.0.3-4-mer-AAQAA3-1E3-2-OPC3_opc3,3,0.666671041170992,0.0352331739544744,0.2841,0.0015
2976,2976,dens_1665007650151393058,666,Density,<Substance COC=O{solv}{x=0.244000}|ClCCCCl{solv}{x=0.756000}>,COC=O,ClCCCCl,Protein-Null-0.0.3-4-mer-AAQAA3-1E3-2-OPC3_opc3,3,1.1276950928874698,0.0003371756585469,1.1395000000000002,0.0003
2977,2977,dhmix_2050640017895200777,667,EnthalpyOfMixing,<Substance COC=O{solv}{x=0.502400}|ClCCCCl{solv}{x=0.497600}>,COC=O,ClCCCCl,Protein-Null-0.0.3-4-mer-AAQAA3-1E3-2-OPC3_opc3,3,0.830601204731023,0.0328583016975478,0.3503,0.00175
2978,2978,dhmix_2121310957223924646,668,EnthalpyOfMixing,<Substance COC=O{solv}{x=0.202400}|ClCCCCl{solv}{x=0.797600}>,COC=O,ClCCCCl,Protein-Null-0.0.3-4-mer-AAQAA3-1E3-2-OPC3_opc3,3,0.5988529390209152,0.0399347468090582,0.2064,0.0012
2979,2979,dens_380799246642881225,669,Density,<Substance Cc1ccncc1{solv}{x=0.500000}|O{solv}{x=0.500000}>,Cc1ccncc1,O,Protein-Null-0.0.3-4-mer-AAQAA3-1E3-2-OPC3_opc3,3,0.9538857548111624,0.0002705093273732,0.9704000000000004,0.0005
2980,2980,dens_1024460369591354985,670,Density,<Substance Cc1ccncc1{solv}{x=0.225000}|O{solv}{x=0.775000}>,Cc1ccncc1,O,Protein-Null-0.0.3-4-mer-AAQAA3-1E3-2-OPC3_opc3,3,0.9668365379005812,0.0003617586405819,0.9848000000000002,0.0004
2981,2981,dens_1867704914487230306,671,Density,<Substance Cc1ccncc1{solv}{x=0.750000}|O{solv}{x=0.250000}>,Cc1ccncc1,O,Protein-Null-0.0.3-4-mer-AAQAA3-1E3-2-OPC3_opc3,3,0.9492082968905976,0.0002546799416476,0.9614000000000004,0.0004
2982,2982,dhmix_396839331496923568,672,EnthalpyOfMixing,<Substance CCCOC(=O)CC{solv}{x=0.237600}|ClCCCl{solv}{x=0.762400}>,CCCOC(=O)CC,ClCCCl,Protein-Null-0.0.3-4-mer-AAQAA3-1E3-2-OPC3_opc3,3,-0.2459600588398345,0.0376823340599764,-0.317,0.0035
2983,2983,dens_1025242301432619836,673,Density,<Substance CCCOC(=O)CC{solv}{x=0.518800}|ClCCCl{solv}{x=0.481200}>,CCCOC(=O)CC,ClCCCl,Protein-Null-0.0.3-4-mer-AAQAA3-1E3-2-OPC3_opc3,3,0.9944313127915824,0.0002496507188077,1.0064000000000002,0.000905
2984,2984,dens_1654149510571748883,674,Density,<Substance CCCOC(=O)CC{solv}{x=0.731600}|ClCCCl{solv}{x=0.268400}>,CCCOC(=O)CC,ClCCCl,Protein-Null-0.0.3-4-mer-AAQAA3-1E3-2-OPC3_opc3,3,0.9345182479641622,0.0001701034349221,0.9416300000000002,0.00041
2985,2985,dens_1804016971158746429,675,Density,<Substance CCCOC(=O)CC{solv}{x=0.243700}|ClCCCl{solv}{x=0.756300}>,CCCOC(=O)CC,ClCCCl,Protein-Null-0.0.3-4-mer-AAQAA3-1E3-2-OPC3_opc3,3,1.090602389455769,0.0003641318410872,1.11431,0.002155
2986,2986,dhmix_1840109043188951916,676,EnthalpyOfMixing,<Substance CCCOC(=O)CC{solv}{x=0.517700}|ClCCCl{solv}{x=0.482300}>,CCCOC(=O)CC,ClCCCl,Protein-Null-0.0.3-4-mer-AAQAA3-1E3-2-OPC3_opc3,3,-0.2685120398495684,0.0324560904104972,-0.557,0.006
2987,2987,dhmix_1924188358781329171,677,EnthalpyOfMixing,<Substance CCCOC(=O)CC{solv}{x=0.787400}|ClCCCl{solv}{x=0.212600}>,CCCOC(=O)CC,ClCCCl,Protein-Null-0.0.3-4-mer-AAQAA3-1E3-2-OPC3_opc3,3,-0.179721336653575,0.0482360904585622,-0.357,0.004
2988,2988,dhmix_408170436877433675,678,EnthalpyOfMixing,<Substance CCCCC{solv}{x=0.229800}|CCOC=O{solv}{x=0.770200}>,CCCCC,CCOC=O,Protein-Null-0.0.3-4-mer-AAQAA3-1E3-2-OPC3_opc3,3,1.2040266009542506,0.0370822791644542,1.016,0.0045
2989,2989,dens_1159257310358090227,679,Density,<Substance CCCCC{solv}{x=0.748000}|CCOC=O{solv}{x=0.252000}>,CCCCC,CCOC=O,Protein-Null-0.0.3-4-mer-AAQAA3-1E3-2-OPC3_opc3,3,0.6631897001362874,0.0002900510683837,0.6707000000000002,0.000165
2990,2990,dhmix_1897634982824334825,680,EnthalpyOfMixing,<Substance CCCCC{solv}{x=0.500100}|CCOC=O{solv}{x=0.499900}>,CCCCC,CCOC=O,Protein-Null-0.0.3-4-mer-AAQAA3-1E3-2-OPC3_opc3,3,1.6685341915142544,0.0305134591265256,1.354,0.0055
2991,2991,dens_1931965346092446599,681,Density,<Substance CCCCC{solv}{x=0.504000}|CCOC=O{solv}{x=0.496000}>,CCCCC,CCOC=O,Protein-Null-0.0.3-4-mer-AAQAA3-1E3-2-OPC3_opc3,3,0.7354832407049527,0.0002800458006341,0.7333000000000002,0.00024
2992,2992,dens_2086304425324215507,682,Density,<Substance CCCCC{solv}{x=0.298000}|CCOC=O{solv}{x=0.702000}>,CCCCC,CCOC=O,Protein-Null-0.0.3-4-mer-AAQAA3-1E3-2-OPC3_opc3,3,0.807933628168249,0.0002793991891458,0.7971000000000003,0.000345
2993,2993,dhmix_2117998354372981576,683,EnthalpyOfMixing,<Substance CCCCC{solv}{x=0.777900}|CCOC=O{solv}{x=0.222100}>,CCCCC,CCOC=O,Protein-Null-0.0.3-4-mer-AAQAA3-1E3-2-OPC3_opc3,3,1.39891959142345,0.0424433058159379,1.051,0.0045
2994,2994,dens_415189671276159712,684,Density,<Substance NCCO{solv}{x=0.785350}|c1ccncc1{solv}{x=0.214650}>,NCCO,c1ccncc1,Protein-Null-0.0.3-4-mer-AAQAA3-1E3-2-OPC3_opc3,3,1.050863300931233,0.0006064766373092,1.002592,0.000101
2995,2995,dhmix_607563797490786343,685,EnthalpyOfMixing,<Substance NCCO{solv}{x=0.559360}|c1ccncc1{solv}{x=0.440640}>,NCCO,c1ccncc1,Protein-Null-0.0.3-4-mer-AAQAA3-1E3-2-OPC3_opc3,3,1.0652465398245567,0.0547134299461106,0.824,0.0035
2996,2996,dhmix_783614050589043390,686,EnthalpyOfMixing,<Substance NCCO{solv}{x=0.248120}|c1ccncc1{solv}{x=0.751880}>,NCCO,c1ccncc1,Protein-Null-0.0.3-4-mer-AAQAA3-1E3-2-OPC3_opc3,3,0.713624041028595,0.0358585623038901,0.779,0.0035
2997,2997,dens_907288549206652702,687,Density,<Substance NCCO{solv}{x=0.558640}|c1ccncc1{solv}{x=0.441360}>,NCCO,c1ccncc1,Protein-Null-0.0.3-4-mer-AAQAA3-1E3-2-OPC3_opc3,3,1.0244792155860265,0.0002072849906301,0.9936870000000002,0.0001015
2998,2998,dhmix_1092036220949585875,688,EnthalpyOfMixing,<Substance NCCO{solv}{x=0.746780}|c1ccncc1{solv}{x=0.253220}>,NCCO,c1ccncc1,Protein-Null-0.0.3-4-mer-AAQAA3-1E3-2-OPC3_opc3,3,0.3999138767478314,0.0463029311171914,0.612,0.003
2999,2999,dens_2278246591298089898,689,Density,<Substance NCCO{solv}{x=0.210010}|c1ccncc1{solv}{x=0.789990}>,NCCO,c1ccncc1,Protein-Null-0.0.3-4-mer-AAQAA3-1E3-2-OPC3_opc3,3,0.9925467456218544,0.0002732681674857,0.9825660000000004,0.0001015
3000,3000,dens_419188249264987147,690,Density,<Substance CCCCC(=O)OCC{solv}{x=0.492100}|CCOC(C)=O{solv}{x=0.507900}>,CCCCC(=O)OCC,CCOC(C)=O,Protein-Null-0.0.3-4-mer-AAQAA3-1E3-2-OPC3_opc3,3,0.8843582719948485,0.0001936934538057,0.8787300000000002,0.00012
3001,3001,dens_667714041205021070,691,Density,<Substance CCCCC(=O)OCC{solv}{x=0.304700}|CCOC(C)=O{solv}{x=0.695300}>,CCCCC(=O)OCC,CCOC(C)=O,Protein-Null-0.0.3-4-mer-AAQAA3-1E3-2-OPC3_opc3,3,0.8911494982386019,0.0001566712043759,0.8836400000000002,0.00012
3002,3002,dhmix_1137774316856842141,692,EnthalpyOfMixing,<Substance CCCCC(=O)OCC{solv}{x=0.737600}|CCOC(C)=O{solv}{x=0.262400}>,CCCCC(=O)OCC,CCOC(C)=O,Protein-Null-0.0.3-4-mer-AAQAA3-1E3-2-OPC3_opc3,3,0.0867422493479677,0.0522162704049948,0.114,0.0015
3003,3003,dhmix_1322441082145072072,693,EnthalpyOfMixing,<Substance CCCCC(=O)OCC{solv}{x=0.279900}|CCOC(C)=O{solv}{x=0.720100}>,CCCCC(=O)OCC,CCOC(C)=O,Protein-Null-0.0.3-4-mer-AAQAA3-1E3-2-OPC3_opc3,3,0.0754793259695461,0.0417039501238684,0.139,0.0015
3004,3004,dens_1682638395920841051,694,Density,<Substance CCCCC(=O)OCC{solv}{x=0.752600}|CCOC(C)=O{solv}{x=0.247400}>,CCCCC(=O)OCC,CCOC(C)=O,Protein-Null-0.0.3-4-mer-AAQAA3-1E3-2-OPC3_opc3,3,0.8761087516385965,0.0001524007107469,0.8732900000000001,0.00012
3005,3005,dhmix_2161842751879945948,695,EnthalpyOfMixing,<Substance CCCCC(=O)OCC{solv}{x=0.519800}|CCOC(C)=O{solv}{x=0.480200}>,CCCCC(=O)OCC,CCOC(C)=O,Protein-Null-0.0.3-4-mer-AAQAA3-1E3-2-OPC3_opc3,3,0.0870203514428382,0.037310802067924,0.154,0.002
3006,3006,dhmix_419593950323214290,696,EnthalpyOfMixing,<Substance CCCCCC(C)=O{solv}{x=0.780400}|CCN(CC)CC{solv}{x=0.219600}>,CCCCCC(C)=O,CCN(CC)CC,Protein-Null-0.0.3-4-mer-AAQAA3-1E3-2-OPC3_opc3,3,0.2471952813574134,0.0508635539579876,0.216,0.0025
3007,3007,dens_651921010645567431,697,Density,<Substance CCCCCC(C)=O{solv}{x=0.259800}|CCN(CC)CC{solv}{x=0.740200}>,CCCCCC(C)=O,CCN(CC)CC,Protein-Null-0.0.3-4-mer-AAQAA3-1E3-2-OPC3_opc3,3,0.7454058117446412,0.0001950438785228,0.7465820000000002,8.950000000000002e-05
3008,3008,dens_995831511901627711,698,Density,<Substance CCCCCC(C)=O{solv}{x=0.748400}|CCN(CC)CC{solv}{x=0.251600}>,CCCCCC(C)=O,CCN(CC)CC,Protein-Null-0.0.3-4-mer-AAQAA3-1E3-2-OPC3_opc3,3,0.7815534406248853,0.0001903170263656,0.7899410000000002,0.0001055
3009,3009,dhmix_1001984601109558110,699,EnthalpyOfMixing,<Substance CCCCCC(C)=O{solv}{x=0.492000}|CCN(CC)CC{solv}{x=0.508000}>,CCCCCC(C)=O,CCN(CC)CC,Protein-Null-0.0.3-4-mer-AAQAA3-1E3-2-OPC3_opc3,3,0.2861492109983956,0.0459650726626931,0.419,0.0045
3010,3010,dens_1887829851815986883,700,Density,<Substance CCCCCC(C)=O{solv}{x=0.503200}|CCN(CC)CC{solv}{x=0.496800}>,CCCCCC(C)=O,CCN(CC)CC,Protein-Null-0.0.3-4-mer-AAQAA3-1E3-2-OPC3_opc3,3,0.7638973571092198,0.0001928230956011,0.7684760000000002,9.800000000000002e-05
3011,3011,dhmix_2085744568401562111,701,EnthalpyOfMixing,<Substance CCCCCC(C)=O{solv}{x=0.293900}|CCN(CC)CC{solv}{x=0.706100}>,CCCCCC(C)=O,CCN(CC)CC,Protein-Null-0.0.3-4-mer-AAQAA3-1E3-2-OPC3_opc3,3,0.2156296194258544,0.0499390112065723,0.412,0.0045
3012,3012,dens_436049638479549968,702,Density,<Substance COC=O{solv}{x=0.472500}|ClCCCl{solv}{x=0.527500}>,COC=O,ClCCCl,Protein-Null-0.0.3-4-mer-AAQAA3-1E3-2-OPC3_opc3,3,1.1184029828431,0.0002775854624708,1.1269600000000004,0.000285
3013,3013,dens_627145458965592302,703,Density,<Substance COC=O{solv}{x=0.753000}|ClCCCl{solv}{x=0.247000}>,COC=O,ClCCCl,Protein-Null-0.0.3-4-mer-AAQAA3-1E3-2-OPC3_opc3,3,1.057328543880299,0.0003505104494233,1.0461600000000004,0.000205
3014,3014,dhmix_731680623269260416,704,EnthalpyOfMixing,<Substance COC=O{solv}{x=0.250800}|ClCCCl{solv}{x=0.749200}>,COC=O,ClCCCl,Protein-Null-0.0.3-4-mer-AAQAA3-1E3-2-OPC3_opc3,3,0.6520865802145366,0.0314978705384446,0.0793,0.0007
3015,3015,dens_1488543630772933598,705,Density,<Substance COC=O{solv}{x=0.279500}|ClCCCl{solv}{x=0.720500}>,COC=O,ClCCCl,Protein-Null-0.0.3-4-mer-AAQAA3-1E3-2-OPC3_opc3,3,1.1517963186992684,0.0004258951789041,1.1777100000000005,0.00034
3016,3016,dhmix_2170321998768851974,706,EnthalpyOfMixing,<Substance COC=O{solv}{x=0.732200}|ClCCCl{solv}{x=0.267800}>,COC=O,ClCCCl,Protein-Null-0.0.3-4-mer-AAQAA3-1E3-2-OPC3_opc3,3,0.6762648612684601,0.0259384789898335,0.0733,0.00065
3017,3017,dhmix_2249001225536869896,707,EnthalpyOfMixing,<Substance COC=O{solv}{x=0.487400}|ClCCCl{solv}{x=0.512600}>,COC=O,ClCCCl,Protein-Null-0.0.3-4-mer-AAQAA3-1E3-2-OPC3_opc3,3,0.8425724061443498,0.0314469579875769,0.1028,0.0008
3018,3018,dhmix_442816374747487477,708,EnthalpyOfMixing,<Substance NCCCNCCCN{solv}{x=0.801500}|O{solv}{x=0.198500}>,NCCCNCCCN,O,Protein-Null-0.0.3-4-mer-AAQAA3-1E3-2-OPC3_opc3,3,-1.816552666733621,0.0537612489243954,-2.233,0.024
3019,3019,dhmix_1795382205757805615,709,EnthalpyOfMixing,<Substance NCCCNCCCN{solv}{x=0.300500}|O{solv}{x=0.699500}>,NCCCNCCCN,O,Protein-Null-0.0.3-4-mer-AAQAA3-1E3-2-OPC3_opc3,3,-5.462840054989872,0.0332345401995355,-6.588,0.07
3020,3020,dhmix_1814950732748396893,710,EnthalpyOfMixing,<Substance NCCCNCCCN{solv}{x=0.499800}|O{solv}{x=0.500200}>,NCCCNCCCN,O,Protein-Null-0.0.3-4-mer-AAQAA3-1E3-2-OPC3_opc3,3,-4.7041261925538755,0.0475669058425197,-5.544,0.059
3021,3021,dhmix_446869196417408130,711,EnthalpyOfMixing,<Substance NCCNCCO{solv}{x=0.770000}|O{solv}{x=0.230000}>,NCCNCCO,O,Protein-Null-0.0.3-4-mer-AAQAA3-1E3-2-OPC3_opc3,3,-1.4998558868729504,0.042452379126752,-1.711,0.035
3022,3022,dhmix_673839467313503071,712,EnthalpyOfMixing,<Substance NCCNCCO{solv}{x=0.069900}|O{solv}{x=0.930100}>,NCCNCCO,O,Protein-Null-0.0.3-4-mer-AAQAA3-1E3-2-OPC3_opc3,3,-1.1464530644406885,0.0244611811424065,-1.713,0.035
3023,3023,dens_688094438561771555,713,Density,<Substance NCCNCCO{solv}{x=0.799700}|O{solv}{x=0.200300}>,NCCNCCO,O,Protein-Null-0.0.3-4-mer-AAQAA3-1E3-2-OPC3_opc3,3,1.0868385230494464,0.0001131985503354,1.0318300000000002,0.00024
3024,3024,dhmix_1682883323293489147,714,EnthalpyOfMixing,<Substance NCCNCCO{solv}{x=0.400100}|O{solv}{x=0.599900}>,NCCNCCO,O,Protein-Null-0.0.3-4-mer-AAQAA3-1E3-2-OPC3_opc3,3,-3.3099405048368027,0.0299291036726856,-4.15,0.0845
3025,3025,dens_2045176885611624977,715,Density,<Substance NCCNCCO{solv}{x=0.070000}|O{solv}{x=0.930000}>,NCCNCCO,O,Protein-Null-0.0.3-4-mer-AAQAA3-1E3-2-OPC3_opc3,3,1.0359829639870612,0.0004604121110465,1.0222800000000003,0.000125
3026,3026,dens_2280714043292214506,716,Density,<Substance NCCNCCO{solv}{x=0.399700}|O{solv}{x=0.600300}>,NCCNCCO,O,Protein-Null-0.0.3-4-mer-AAQAA3-1E3-2-OPC3_opc3,3,1.076770933624163,0.0005431832497026,1.0370100000000002,0.00017
3027,3027,dens_448105363780466270,717,Density,<Substance CCCCCCCl{solv}{x=0.498300}|CN(C)C=O{solv}{x=0.501700}>,CCCCCCCl,CN(C)C=O,Protein-Null-0.0.3-4-mer-AAQAA3-1E3-2-OPC3_opc3,3,0.8814982474164315,0.000245199846352,0.8974000000000002,0.0003
3028,3028,dens_1134260732394863277,718,Density,<Substance CCCCCCCl{solv}{x=0.729300}|CN(C)C=O{solv}{x=0.270700}>,CCCCCCCl,CN(C)C=O,Protein-Null-0.0.3-4-mer-AAQAA3-1E3-2-OPC3_opc3,3,0.8703096795054148,0.0002687068057145,0.8844000000000002,0.0003
3029,3029,dhmix_1150917243327149472,719,EnthalpyOfMixing,<Substance CCCCCCCl{solv}{x=0.500000}|CN(C)C=O{solv}{x=0.500000}>,CCCCCCCl,CN(C)C=O,Protein-Null-0.0.3-4-mer-AAQAA3-1E3-2-OPC3_opc3,3,1.3081999655681926,0.0416726367643093,0.847,0.004
3030,3030,dhmix_1166656674614639609,720,EnthalpyOfMixing,<Substance CCCCCCCl{solv}{x=0.204000}|CN(C)C=O{solv}{x=0.796000}>,CCCCCCCl,CN(C)C=O,Protein-Null-0.0.3-4-mer-AAQAA3-1E3-2-OPC3_opc3,3,0.848711319828034,0.033664229134191,0.583,0.004
3031,3031,dhmix_1262474968830454367,721,EnthalpyOfMixing,<Substance CCCCCCCl{solv}{x=0.795000}|CN(C)C=O{solv}{x=0.205000}>,CCCCCCCl,CN(C)C=O,Protein-Null-0.0.3-4-mer-AAQAA3-1E3-2-OPC3_opc3,3,0.758840066975182,0.0419291617380855,0.542,0.0035
3032,3032,dens_1862934255267356180,722,Density,<Substance CCCCCCCl{solv}{x=0.200700}|CN(C)C=O{solv}{x=0.799300}>,CCCCCCCl,CN(C)C=O,Protein-Null-0.0.3-4-mer-AAQAA3-1E3-2-OPC3_opc3,3,0.899922790903408,0.0002562878002928,0.9218000000000002,0.00025
3033,3033,dhmix_457000181442392641,723,EnthalpyOfMixing,<Substance CCOCCO{solv}{x=0.241100}|c1ccccc1{solv}{x=0.758900}>,CCOCCO,c1ccccc1,Protein-Null-0.0.3-4-mer-AAQAA3-1E3-2-OPC3_opc3,3,0.6160044265522657,0.043528444995631,0.6303,0.00815
3034,3034,dhmix_501726034520661035,724,EnthalpyOfMixing,<Substance CCOCCO{solv}{x=0.733600}|c1ccccc1{solv}{x=0.266400}>,CCOCCO,c1ccccc1,Protein-Null-0.0.3-4-mer-AAQAA3-1E3-2-OPC3_opc3,3,0.3875094447968763,0.0448472455492971,0.2326,0.0033
3035,3035,dens_577983044895299238,725,Density,<Substance CCOCCO{solv}{x=0.251800}|c1ccccc1{solv}{x=0.748200}>,CCOCCO,c1ccccc1,Protein-Null-0.0.3-4-mer-AAQAA3-1E3-2-OPC3_opc3,3,0.8779058985820746,0.0002706086642627,0.8849000000000002,0.00081
3036,3036,dens_1506946378386070831,726,Density,<Substance CCOCCO{solv}{x=0.750800}|c1ccccc1{solv}{x=0.249200}>,CCOCCO,c1ccccc1,Protein-Null-0.0.3-4-mer-AAQAA3-1E3-2-OPC3_opc3,3,0.909166756775086,0.0002613696047685,0.9134500000000004,0.000685
3037,3037,dhmix_1801594081157333975,727,EnthalpyOfMixing,<Substance CCOCCO{solv}{x=0.478600}|c1ccccc1{solv}{x=0.521400}>,CCOCCO,c1ccccc1,Protein-Null-0.0.3-4-mer-AAQAA3-1E3-2-OPC3_opc3,3,0.6264130993803718,0.0417140651509411,0.4912,0.00645
3038,3038,dens_2128846755225827916,728,Density,<Substance CCOCCO{solv}{x=0.504800}|c1ccccc1{solv}{x=0.495200}>,CCOCCO,c1ccccc1,Protein-Null-0.0.3-4-mer-AAQAA3-1E3-2-OPC3_opc3,3,0.8940852154971595,0.0002233330428719,0.8995700000000003,0.000745
3039,3039,dhmix_466383569529620932,729,EnthalpyOfMixing,<Substance CC(=O)N(C)C{solv}{x=0.505000}|CCCCCCCl{solv}{x=0.495000}>,CC(=O)N(C)C,CCCCCCCl,Protein-Null-0.0.3-4-mer-AAQAA3-1E3-2-OPC3_opc3,3,0.9153654839687348,0.0362546155207287,0.61,0.003
3040,3040,dhmix_493694362228351572,730,EnthalpyOfMixing,<Substance CC(=O)N(C)C{solv}{x=0.798000}|CCCCCCCl{solv}{x=0.202000}>,CC(=O)N(C)C,CCCCCCCl,Protein-Null-0.0.3-4-mer-AAQAA3-1E3-2-OPC3_opc3,3,0.6198945064616677,0.0393836189349696,0.425,0.003
3041,3041,dhmix_626564461179097700,731,EnthalpyOfMixing,<Substance CC(=O)N(C)C{solv}{x=0.211000}|CCCCCCCl{solv}{x=0.789000}>,CC(=O)N(C)C,CCCCCCCl,Protein-Null-0.0.3-4-mer-AAQAA3-1E3-2-OPC3_opc3,3,0.6759047359414296,0.0451633478390077,0.38,0.003
3042,3042,dens_1720641323575133011,732,Density,<Substance CC(=O)N(C)C{solv}{x=0.200300}|CCCCCCCl{solv}{x=0.799700}>,CC(=O)N(C)C,CCCCCCCl,Protein-Null-0.0.3-4-mer-AAQAA3-1E3-2-OPC3_opc3,3,0.8667012382664647,0.0002598226400438,0.8816000000000003,0.00025
3043,3043,dens_1817345990638851984,733,Density,<Substance CC(=O)N(C)C{solv}{x=0.503000}|CCCCCCCl{solv}{x=0.497000}>,CC(=O)N(C)C,CCCCCCCl,Protein-Null-0.0.3-4-mer-AAQAA3-1E3-2-OPC3_opc3,3,0.8773623148483715,0.0002306159484744,0.8975000000000002,0.00025
3044,3044,dens_1885054129776339889,734,Density,<Substance CC(=O)N(C)C{solv}{x=0.699200}|CCCCCCCl{solv}{x=0.300800}>,CC(=O)N(C)C,CCCCCCCl,Protein-Null-0.0.3-4-mer-AAQAA3-1E3-2-OPC3_opc3,3,0.8855159543100052,0.0001673984182685,0.9104000000000002,0.0002
3045,3045,dens_468507243072548580,735,Density,<Substance CCC#N{solv}{x=0.701200}|CCOC(C)(C)CC{solv}{x=0.298800}>,CCC#N,CCOC(C)(C)CC,Protein-Null-0.0.3-4-mer-AAQAA3-1E3-2-OPC3_opc3,3,0.7731319362796464,0.000241959503162,0.7715000000000002,0.0004
3046,3046,dhmix_553135124490085656,736,EnthalpyOfMixing,<Substance CCC#N{solv}{x=0.502500}|CCOC(C)(C)CC{solv}{x=0.497500}>,CCC#N,CCOC(C)(C)CC,Protein-Null-0.0.3-4-mer-AAQAA3-1E3-2-OPC3_opc3,3,0.2597124901066081,0.0396062253223938,0.7023,0.00955
3047,3047,dens_762108332272225600,737,Density,<Substance CCC#N{solv}{x=0.502500}|CCOC(C)(C)CC{solv}{x=0.497500}>,CCC#N,CCOC(C)(C)CC,Protein-Null-0.0.3-4-mer-AAQAA3-1E3-2-OPC3_opc3,3,0.7705498402368309,0.0002561523203761,0.7683000000000001,0.00035
3048,3048,dens_967634241844220739,738,Density,<Substance CCC#N{solv}{x=0.200900}|CCOC(C)(C)CC{solv}{x=0.799100}>,CCC#N,CCOC(C)(C)CC,Protein-Null-0.0.3-4-mer-AAQAA3-1E3-2-OPC3_opc3,3,0.7658456396423546,0.0002257358788366,0.7638000000000001,0.00025
3049,3049,dhmix_1961082112686431376,739,EnthalpyOfMixing,<Substance CCC#N{solv}{x=0.200900}|CCOC(C)(C)CC{solv}{x=0.799100}>,CCC#N,CCOC(C)(C)CC,Protein-Null-0.0.3-4-mer-AAQAA3-1E3-2-OPC3_opc3,3,0.0622040795423544,0.0469063042985457,0.502,0.00685
3050,3050,dhmix_2005765786246998093,740,EnthalpyOfMixing,<Substance CCC#N{solv}{x=0.701200}|CCOC(C)(C)CC{solv}{x=0.298800}>,CCC#N,CCOC(C)(C)CC,Protein-Null-0.0.3-4-mer-AAQAA3-1E3-2-OPC3_opc3,3,0.2252051696703318,0.0355483248582033,0.5863,0.008
3051,3051,dhmix_471514663464011364,741,EnthalpyOfMixing,<Substance C1CCOCC1{solv}{x=0.722000}|CCCCCO{solv}{x=0.278000}>,C1CCOCC1,CCCCCO,Protein-Null-0.0.3-4-mer-AAQAA3-1E3-2-OPC3_opc3,3,1.0115133246617989,0.0365643695678311,0.8628,0.00745
3052,3052,dens_910343796235321484,742,Density,<Substance C1CCOCC1{solv}{x=0.298700}|CCCCCO{solv}{x=0.701300}>,C1CCOCC1,CCCCCO,Protein-Null-0.0.3-4-mer-AAQAA3-1E3-2-OPC3_opc3,3,0.8238556707921848,0.000158698353436,0.8293300000000002,0.00034
3053,3053,dens_1812069868432416079,743,Density,<Substance C1CCOCC1{solv}{x=0.800000}|CCCCCO{solv}{x=0.200000}>,C1CCOCC1,CCCCCO,Protein-Null-0.0.3-4-mer-AAQAA3-1E3-2-OPC3_opc3,3,0.8544650652250174,0.0002085252044362,0.8635900000000002,0.000315
3054,3054,dhmix_1936206883965149188,744,EnthalpyOfMixing,<Substance C1CCOCC1{solv}{x=0.526000}|CCCCCO{solv}{x=0.474000}>,C1CCOCC1,CCCCCO,Protein-Null-0.0.3-4-mer-AAQAA3-1E3-2-OPC3_opc3,3,1.1914085178639129,0.0425205619301252,0.97,0.00615
3055,3055,dhmix_1992318015190346725,745,EnthalpyOfMixing,<Substance C1CCOCC1{solv}{x=0.217000}|CCCCCO{solv}{x=0.783000}>,C1CCOCC1,CCCCCO,Protein-Null-0.0.3-4-mer-AAQAA3-1E3-2-OPC3_opc3,3,0.7942612503795985,0.0449032930741844,0.6006,0.00455
3056,3056,dens_2204330198012032768,746,Density,<Substance C1CCOCC1{solv}{x=0.499400}|CCCCCO{solv}{x=0.500600}>,C1CCOCC1,CCCCCO,Protein-Null-0.0.3-4-mer-AAQAA3-1E3-2-OPC3_opc3,3,0.8350806106091199,0.0002103664294216,0.8425400000000002,0.00033
3057,3057,dhmix_472822428299818953,747,EnthalpyOfMixing,<Substance CC(C)CC(C)(C)C{solv}{x=0.700500}|CCCCO{solv}{x=0.299500}>,CC(C)CC(C)(C)C,CCCCO,Protein-Null-0.0.3-4-mer-AAQAA3-1E3-2-OPC3_opc3,3,0.5563471293868218,0.0384048360059935,0.6228,0.0028
3058,3058,dhmix_628387028768654403,748,EnthalpyOfMixing,<Substance CC(C)CC(C)(C)C{solv}{x=0.499900}|CCCCO{solv}{x=0.500100}>,CC(C)CC(C)(C)C,CCCCO,Protein-Null-0.0.3-4-mer-AAQAA3-1E3-2-OPC3_opc3,3,0.5233158117404741,0.0508794596765983,0.5938,0.0027
3059,3059,dens_631668933678639865,749,Density,<Substance CC(C)CC(C)(C)C{solv}{x=0.200000}|CCCCO{solv}{x=0.800000}>,CC(C)CC(C)(C)C,CCCCO,Protein-Null-0.0.3-4-mer-AAQAA3-1E3-2-OPC3_opc3,3,0.7719073918215145,0.000221391288749,0.7696800000000001,0.000295
3060,3060,dens_1394470087977586253,750,Density,<Substance CC(C)CC(C)(C)C{solv}{x=0.500000}|CCCCO{solv}{x=0.500000}>,CC(C)CC(C)(C)C,CCCCO,Protein-Null-0.0.3-4-mer-AAQAA3-1E3-2-OPC3_opc3,3,0.7391231523595576,0.0002197620383099,0.7294000000000002,0.000285
3061,3061,dens_1809610870413503056,751,Density,<Substance CC(C)CC(C)(C)C{solv}{x=0.699900}|CCCCO{solv}{x=0.300100}>,CC(C)CC(C)(C)C,CCCCO,Protein-Null-0.0.3-4-mer-AAQAA3-1E3-2-OPC3_opc3,3,0.7235093598589702,0.0001864049720789,0.7097700000000001,0.000285
3062,3062,dhmix_2302589146189152767,752,EnthalpyOfMixing,<Substance CC(C)CC(C)(C)C{solv}{x=0.200200}|CCCCO{solv}{x=0.799800}>,CC(C)CC(C)(C)C,CCCCO,Protein-Null-0.0.3-4-mer-AAQAA3-1E3-2-OPC3_opc3,3,0.3246141602433141,0.0441850172650303,0.27646,0.003235
3063,3063,dens_486902622078179007,753,Density,<Substance COC=O{solv}{x=0.494600}|CO{solv}{x=0.505400}>,CO,COC=O,Protein-Null-0.0.3-4-mer-AAQAA3-1E3-2-OPC3_opc3,3,0.9018374122818512,0.0003344166843853,0.8956100000000002,7.500000000000002e-05
3064,3064,dens_750646162221180186,754,Density,<Substance COC=O{solv}{x=0.083300}|CO{solv}{x=0.916700}>,CO,COC=O,Protein-Null-0.0.3-4-mer-AAQAA3-1E3-2-OPC3_opc3,3,0.7936981129166507,0.0004294023030144,0.8088000000000002,9.000000000000002e-05
3065,3065,dhmix_1113631207235753369,755,EnthalpyOfMixing,<Substance COC=O{solv}{x=0.717800}|CO{solv}{x=0.282200}>,CO,COC=O,Protein-Null-0.0.3-4-mer-AAQAA3-1E3-2-OPC3_opc3,3,0.6940586863544496,0.0306989519778803,1.105,0.012
3066,3066,dhmix_2143911117683117531,756,EnthalpyOfMixing,<Substance COC=O{solv}{x=0.512700}|CO{solv}{x=0.487300}>,CO,COC=O,Protein-Null-0.0.3-4-mer-AAQAA3-1E3-2-OPC3_opc3,3,0.886866835728215,0.029674743050984,1.179,0.0125
3067,3067,dens_2148324189014877510,757,Density,<Substance COC=O{solv}{x=0.727100}|CO{solv}{x=0.272900}>,CO,COC=O,Protein-Null-0.0.3-4-mer-AAQAA3-1E3-2-OPC3_opc3,3,0.94778095990808,0.000352453014742,0.9321000000000004,8.000000000000002e-05
3068,3068,dhmix_2205254965267695203,758,EnthalpyOfMixing,<Substance COC=O{solv}{x=0.083300}|CO{solv}{x=0.916700}>,CO,COC=O,Protein-Null-0.0.3-4-mer-AAQAA3-1E3-2-OPC3_opc3,3,0.2265893732025086,0.026318546934577,0.311,0.0035
3069,3069,dhmix_497300242003673148,759,EnthalpyOfMixing,<Substance BrCCBr{solv}{x=0.284100}|CCCCOC(=O)CCC{solv}{x=0.715900}>,BrCCBr,CCCCOC(=O)CCC,Protein-Null-0.0.3-4-mer-AAQAA3-1E3-2-OPC3_opc3,3,-0.6272371996724715,0.0509377356367018,-0.054,0.001
3070,3070,dhmix_712261179736749495,760,EnthalpyOfMixing,<Substance BrCCBr{solv}{x=0.515300}|CCCCOC(=O)CCC{solv}{x=0.484700}>,BrCCBr,CCCCOC(=O)CCC,Protein-Null-0.0.3-4-mer-AAQAA3-1E3-2-OPC3_opc3,3,-0.6951137465622637,0.0439971933349936,-0.027,0.0005
3071,3071,dens_846614854165535724,761,Density,<Substance BrCCBr{solv}{x=0.212900}|CCCCOC(=O)CCC{solv}{x=0.787100}>,BrCCBr,CCCCOC(=O)CCC,Protein-Null-0.0.3-4-mer-AAQAA3-1E3-2-OPC3_opc3,3,1.0179905890657712,0.0001938678802392,1.0245500000000003,0.00013
3072,3072,dens_1085110183353279404,762,Density,<Substance BrCCBr{solv}{x=0.730000}|CCCCOC(=O)CCC{solv}{x=0.270000}>,BrCCBr,CCCCOC(=O)CCC,Protein-Null-0.0.3-4-mer-AAQAA3-1E3-2-OPC3_opc3,3,1.5962669204650688,0.000312494916531,1.6231500000000003,0.000405
3073,3073,dhmix_2153957437015117204,763,EnthalpyOfMixing,<Substance BrCCBr{solv}{x=0.763900}|CCCCOC(=O)CCC{solv}{x=0.236100}>,BrCCBr,CCCCOC(=O)CCC,Protein-Null-0.0.3-4-mer-AAQAA3-1E3-2-OPC3_opc3,3,-0.4345743167724869,0.0289516753744344,0.051,0.001
3074,3074,dens_2242615301342819560,764,Density,<Substance BrCCBr{solv}{x=0.449300}|CCCCOC(=O)CCC{solv}{x=0.550700}>,BrCCBr,CCCCOC(=O)CCC,Protein-Null-0.0.3-4-mer-AAQAA3-1E3-2-OPC3_opc3,3,1.2388419161182034,0.0002170853186997,1.2506100000000002,0.000225
3075,3075,dens_501060706627477242,765,Density,<Substance OC1=NCCC1{solv}{x=0.500000}|O{solv}{x=0.500000}>,O,OC1=NCCC1,Protein-Null-0.0.3-4-mer-AAQAA3-1E3-2-OPC3_opc3,3,1.060549577053814,0.0003148772426505,1.0977070000000004,0.0005555
3076,3076,dens_929065521104254808,766,Density,<Substance OC1=NCCC1{solv}{x=0.744800}|O{solv}{x=0.255200}>,O,OC1=NCCC1,Protein-Null-0.0.3-4-mer-AAQAA3-1E3-2-OPC3_opc3,3,1.0678611715989177,0.0002862025108141,1.1044310000000004,0.000577
3077,3077,dhmix_1128968771311392860,767,EnthalpyOfMixing,<Substance OC1=NCCC1{solv}{x=0.769300}|O{solv}{x=0.230700}>,O,OC1=NCCC1,Protein-Null-0.0.3-4-mer-AAQAA3-1E3-2-OPC3_opc3,3,0.752464678291858,0.0457437335969821,-0.678,0.1695
3078,3078,dens_1192491633684345401,768,Density,<Substance OC1=NCCC1{solv}{x=0.246800}|O{solv}{x=0.753200}>,O,OC1=NCCC1,Protein-Null-0.0.3-4-mer-AAQAA3-1E3-2-OPC3_opc3,3,1.0451947694732795,0.000272968119409,1.077068,0.0004905
3079,3079,dhmix_1775375132531538271,769,EnthalpyOfMixing,<Substance OC1=NCCC1{solv}{x=0.478300}|O{solv}{x=0.521700}>,O,OC1=NCCC1,Protein-Null-0.0.3-4-mer-AAQAA3-1E3-2-OPC3_opc3,3,0.7849595890511978,0.0302506744615363,-0.8384,0.20965
3080,3080,dhmix_1895825007089845103,770,EnthalpyOfMixing,<Substance OC1=NCCC1{solv}{x=0.231900}|O{solv}{x=0.768100}>,O,OC1=NCCC1,Protein-Null-0.0.3-4-mer-AAQAA3-1E3-2-OPC3_opc3,3,0.6294920417497494,0.0231033429582767,-0.5238,0.13095
3081,3081,dens_502738970558558534,771,Density,<Substance BrCCBr{solv}{x=0.749000}|COC=O{solv}{x=0.251000}>,BrCCBr,COC=O,Protein-Null-0.0.3-4-mer-AAQAA3-1E3-2-OPC3_opc3,3,1.8877593705081253,0.000674504550365,1.9319600000000008,0.003535
3082,3082,dhmix_523129341332875255,772,EnthalpyOfMixing,<Substance BrCCBr{solv}{x=0.059500}|COC=O{solv}{x=0.940500}>,BrCCBr,COC=O,Protein-Null-0.0.3-4-mer-AAQAA3-1E3-2-OPC3_opc3,3,0.1213493746646228,0.02688015687852,0.1715,0.00215
3083,3083,dens_528986974844153101,773,Density,<Substance BrCCBr{solv}{x=0.059800}|COC=O{solv}{x=0.940200}>,BrCCBr,COC=O,Protein-Null-0.0.3-4-mer-AAQAA3-1E3-2-OPC3_opc3,3,1.087204105593763,0.0003353614990266,1.06428,0.00056
3084,3084,dhmix_1521152703631810888,774,EnthalpyOfMixing,<Substance BrCCBr{solv}{x=0.757400}|COC=O{solv}{x=0.242600}>,BrCCBr,COC=O,Protein-Null-0.0.3-4-mer-AAQAA3-1E3-2-OPC3_opc3,3,0.5329339984917105,0.029580795269112,0.653,0.00585
3085,3085,dhmix_1685647138770344206,775,EnthalpyOfMixing,<Substance BrCCBr{solv}{x=0.528100}|COC=O{solv}{x=0.471900}>,BrCCBr,COC=O,Protein-Null-0.0.3-4-mer-AAQAA3-1E3-2-OPC3_opc3,3,0.5370803354196898,0.0305743901368335,0.8123,0.00705
3086,3086,dens_1945150067923572864,776,Density,<Substance BrCCBr{solv}{x=0.501500}|COC=O{solv}{x=0.498500}>,BrCCBr,COC=O,Protein-Null-0.0.3-4-mer-AAQAA3-1E3-2-OPC3_opc3,3,1.648563180224393,0.0006406327624925,1.6620300000000003,0.00232
3087,3087,dens_511283508189056955,777,Density,<Substance CCO{solv}{x=0.291400}|CN(C)CCO{solv}{x=0.708600}>,CCO,CN(C)CCO,Protein-Null-0.0.3-4-mer-AAQAA3-1E3-2-OPC3_opc3,3,0.8802860689269008,0.0002831510314026,0.8710100000000002,0.000165
3088,3088,dhmix_1055456388735168345,778,EnthalpyOfMixing,<Substance CCO{solv}{x=0.508400}|CN(C)CCO{solv}{x=0.491600}>,CCO,CN(C)CCO,Protein-Null-0.0.3-4-mer-AAQAA3-1E3-2-OPC3_opc3,3,-0.4769402389475061,0.0401683425585463,-0.4044,0.0044
3089,3089,dens_1119930253414624267,779,Density,<Substance CCO{solv}{x=0.699500}|CN(C)CCO{solv}{x=0.300500}>,CCO,CN(C)CCO,Protein-Null-0.0.3-4-mer-AAQAA3-1E3-2-OPC3_opc3,3,0.8382471528633714,0.0002764702535145,0.8345000000000002,0.000135
3090,3090,dhmix_1132835222292135012,780,EnthalpyOfMixing,<Substance CCO{solv}{x=0.268600}|CN(C)CCO{solv}{x=0.731400}>,CCO,CN(C)CCO,Protein-Null-0.0.3-4-mer-AAQAA3-1E3-2-OPC3_opc3,3,-0.6060101500684141,0.0416900773868575,-0.2783,0.0031
3091,3091,dens_1964926738263319597,781,Density,<Substance CCO{solv}{x=0.494900}|CN(C)CCO{solv}{x=0.505100}>,CCO,CN(C)CCO,Protein-Null-0.0.3-4-mer-AAQAA3-1E3-2-OPC3_opc3,3,0.8625225231286249,0.0002483427067417,0.8566200000000002,0.00015
3092,3092,dhmix_2011138895468245368,782,EnthalpyOfMixing,<Substance CCO{solv}{x=0.733500}|CN(C)CCO{solv}{x=0.266500}>,CCO,CN(C)CCO,Protein-Null-0.0.3-4-mer-AAQAA3-1E3-2-OPC3_opc3,3,-0.4339357248154449,0.0348718963933441,-0.3657,0.004
3093,3093,dhmix_517287783481256565,783,EnthalpyOfMixing,<Substance CN(C)C=O{solv}{x=0.701000}|ClCCCCCl{solv}{x=0.299000}>,CN(C)C=O,ClCCCCCl,Protein-Null-0.0.3-4-mer-AAQAA3-1E3-2-OPC3_opc3,3,0.5003602525769821,0.037772117326264,-0.052,0.002
3094,3094,dens_765057686797526715,784,Density,<Substance CN(C)C=O{solv}{x=0.794300}|ClCCCCCl{solv}{x=0.205700}>,CN(C)C=O,ClCCCCCl,Protein-Null-0.0.3-4-mer-AAQAA3-1E3-2-OPC3_opc3,3,0.9709167298007808,0.0002324631134652,0.9934000000000002,0.00245
3095,3095,dens_1092490027864410415,785,Density,<Substance CN(C)C=O{solv}{x=0.502200}|ClCCCCCl{solv}{x=0.497800}>,CN(C)C=O,ClCCCCCl,Protein-Null-0.0.3-4-mer-AAQAA3-1E3-2-OPC3_opc3,3,1.0326387683909202,0.0003090530503418,1.0524000000000004,0.0022
3096,3096,dens_1571926938169630329,786,Density,<Substance CN(C)C=O{solv}{x=0.299400}|ClCCCCCl{solv}{x=0.700600}>,CN(C)C=O,ClCCCCCl,Protein-Null-0.0.3-4-mer-AAQAA3-1E3-2-OPC3_opc3,3,1.068981781564431,0.0002966387877657,1.0879000000000003,0.0021
3097,3097,dhmix_1989422051580285053,787,EnthalpyOfMixing,<Substance CN(C)C=O{solv}{x=0.501000}|ClCCCCCl{solv}{x=0.499000}>,CN(C)C=O,ClCCCCCl,Protein-Null-0.0.3-4-mer-AAQAA3-1E3-2-OPC3_opc3,3,0.6349362324149297,0.0392840091406791,-0.056,0.002
3098,3098,dhmix_2190775305913174779,788,EnthalpyOfMixing,<Substance CN(C)C=O{solv}{x=0.204000}|ClCCCCCl{solv}{x=0.796000}>,CN(C)C=O,ClCCCCCl,Protein-Null-0.0.3-4-mer-AAQAA3-1E3-2-OPC3_opc3,3,0.3817323150349807,0.0427460484775228,-0.039,0.002
3099,3099,dens_518199256039095036,789,Density,<Substance CCCCO{solv}{x=0.496400}|NCCN{solv}{x=0.503600}>,CCCCO,NCCN,Protein-Null-0.0.3-4-mer-AAQAA3-1E3-2-OPC3_opc3,3,0.8912178356385562,0.0002410334106663,0.8519430000000002,0.000219
3100,3100,dens_866492593379488722,790,Density,<Substance CCCCO{solv}{x=0.739800}|NCCN{solv}{x=0.260200}>,CCCCO,NCCN,Protein-Null-0.0.3-4-mer-AAQAA3-1E3-2-OPC3_opc3,3,0.8432111353782561,0.0002143206895225,0.8325090000000002,0.000221
3101,3101,dens_2064365769538781360,791,Density,<Substance CCCCO{solv}{x=0.291900}|NCCN{solv}{x=0.708100}>,CCCCO,NCCN,Protein-Null-0.0.3-4-mer-AAQAA3-1E3-2-OPC3_opc3,3,0.9415642196056568,0.00033665518356,0.8676960000000002,0.0002205
3102,3102,dens_520201021244222151,792,Density,<Substance O=C1CCCO1{solv}{x=0.300000}|O{solv}{x=0.700000}>,O,O=C1CCCO1,Protein-Null-0.0.3-4-mer-AAQAA3-1E3-2-OPC3_opc3,3,1.0684414702899565,0.0003367904939285,1.0886000000000002,0.0001
3103,3103,dens_2198925124601089428,793,Density,<Substance O=C1CCCO1{solv}{x=0.500000}|O{solv}{x=0.500000}>,O,O=C1CCCO1,Protein-Null-0.0.3-4-mer-AAQAA3-1E3-2-OPC3_opc3,3,1.085934915847366,0.0003330035080447,1.1059000000000003,0.0001
3104,3104,dens_2272207838075726438,794,Density,<Substance O=C1CCCO1{solv}{x=0.800000}|O{solv}{x=0.200000}>,O,O=C1CCCO1,Protein-Null-0.0.3-4-mer-AAQAA3-1E3-2-OPC3_opc3,3,1.0965185330847194,0.0002266386821696,1.1182000000000003,0.0001
3105,3105,dhmix_524376395520217080,795,EnthalpyOfMixing,<Substance CC(C)CC(C)(C)C{solv}{x=0.440700}|CCCC(=O)OC{solv}{x=0.559300}>,CC(C)CC(C)(C)C,CCCC(=O)OC,Protein-Null-0.0.3-4-mer-AAQAA3-1E3-2-OPC3_opc3,3,1.499953843085308,0.0429895972843202,1.053,0.0115
3106,3106,dens_581090592491592243,796,Density,<Substance CC(C)CC(C)(C)C{solv}{x=0.298100}|CCCC(=O)OC{solv}{x=0.701900}>,CC(C)CC(C)(C)C,CCCC(=O)OC,Protein-Null-0.0.3-4-mer-AAQAA3-1E3-2-OPC3_opc3,3,0.8176976782755295,0.0002062089072201,0.8119000000000002,0.000505
3107,3107,dens_1497434747823371430,797,Density,<Substance CC(C)CC(C)(C)C{solv}{x=0.724300}|CCCC(=O)OC{solv}{x=0.275700}>,CC(C)CC(C)(C)C,CCCC(=O)OC,Protein-Null-0.0.3-4-mer-AAQAA3-1E3-2-OPC3_opc3,3,0.7420225894290597,0.0002099297968011,0.7279000000000001,0.000505
3108,3108,dhmix_1614087501371550297,798,EnthalpyOfMixing,<Substance CC(C)CC(C)(C)C{solv}{x=0.762900}|CCCC(=O)OC{solv}{x=0.237100}>,CC(C)CC(C)(C)C,CCCC(=O)OC,Protein-Null-0.0.3-4-mer-AAQAA3-1E3-2-OPC3_opc3,3,1.2670478491998551,0.0531432003947931,0.789,0.0085
3109,3109,dens_1842979547629422953,799,Density,<Substance CC(C)CC(C)(C)C{solv}{x=0.441000}|CCCC(=O)OC{solv}{x=0.559000}>,CC(C)CC(C)(C)C,CCCC(=O)OC,Protein-Null-0.0.3-4-mer-AAQAA3-1E3-2-OPC3_opc3,3,0.7889998182215888,0.0001956132741453,0.7803000000000001,0.000505
3110,3110,dhmix_2246911102339588209,800,EnthalpyOfMixing,<Substance CC(C)CC(C)(C)C{solv}{x=0.298200}|CCCC(=O)OC{solv}{x=0.701800}>,CC(C)CC(C)(C)C,CCCC(=O)OC,Protein-Null-0.0.3-4-mer-AAQAA3-1E3-2-OPC3_opc3,3,1.3467764627975356,0.0468915763065958,0.884,0.0095
3111,3111,dhmix_536798507677319129,801,EnthalpyOfMixing,<Substance C1COCO1{solv}{x=0.267900}|Cc1ccccc1Cl{solv}{x=0.732100}>,C1COCO1,Cc1ccccc1Cl,Protein-Null-0.0.3-4-mer-AAQAA3-1E3-2-OPC3_opc3,3,0.2785095300487938,0.0427922244334845,0.272,0.0015
3112,3112,dens_559535483529614058,802,Density,<Substance C1COCO1{solv}{x=0.726600}|Cc1ccccc1Cl{solv}{x=0.273400}>,C1COCO1,Cc1ccccc1Cl,Protein-Null-0.0.3-4-mer-AAQAA3-1E3-2-OPC3_opc3,3,1.0854521017085756,0.0002935475167124,1.0652000000000004,0.0005
3113,3113,dens_731520844601672570,803,Density,<Substance C1COCO1{solv}{x=0.268500}|Cc1ccccc1Cl{solv}{x=0.731500}>,C1COCO1,Cc1ccccc1Cl,Protein-Null-0.0.3-4-mer-AAQAA3-1E3-2-OPC3_opc3,3,1.0657752682712822,0.0002995101786618,1.0630000000000002,0.0005
3114,3114,dens_839907656840905053,804,Density,<Substance C1COCO1{solv}{x=0.516900}|Cc1ccccc1Cl{solv}{x=0.483100}>,C1COCO1,Cc1ccccc1Cl,Protein-Null-0.0.3-4-mer-AAQAA3-1E3-2-OPC3_opc3,3,1.0819700345566314,0.0002758405019862,1.0694000000000004,0.0005
3115,3115,dhmix_1308085019204784636,805,EnthalpyOfMixing,<Substance C1COCO1{solv}{x=0.500900}|Cc1ccccc1Cl{solv}{x=0.499100}>,C1COCO1,Cc1ccccc1Cl,Protein-Null-0.0.3-4-mer-AAQAA3-1E3-2-OPC3_opc3,3,0.3524455300512699,0.04177213413281,0.393,0.002
3116,3116,dhmix_1924685013370154802,806,EnthalpyOfMixing,<Substance C1COCO1{solv}{x=0.760400}|Cc1ccccc1Cl{solv}{x=0.239600}>,C1COCO1,Cc1ccccc1Cl,Protein-Null-0.0.3-4-mer-AAQAA3-1E3-2-OPC3_opc3,3,0.3185732668536332,0.0402095594584073,0.313,0.0015
3117,3117,dhmix_549919019055097043,807,EnthalpyOfMixing,<Substance C1CCCCC1{solv}{x=0.799100}|CC(C)O{solv}{x=0.200900}>,C1CCCCC1,CC(C)O,Protein-Null-0.0.3-4-mer-AAQAA3-1E3-2-OPC3_opc3,3,0.8611732262229879,0.0449552368904457,0.702,0.017
3118,3118,dhmix_1101575580592240663,808,EnthalpyOfMixing,<Substance C1CCCCC1{solv}{x=0.199500}|CC(C)O{solv}{x=0.800500}>,C1CCCCC1,CC(C)O,Protein-Null-0.0.3-4-mer-AAQAA3-1E3-2-OPC3_opc3,3,0.3257509803326903,0.0408158029666445,0.438,0.011
3119,3119,dhmix_1262965345724899699,809,EnthalpyOfMixing,<Substance C1CCCCC1{solv}{x=0.498400}|CC(C)O{solv}{x=0.501600}>,C1CCCCC1,CC(C)O,Protein-Null-0.0.3-4-mer-AAQAA3-1E3-2-OPC3_opc3,3,0.7511816404928382,0.0390543892032819,0.801,0.0195
3120,3120,dens_1431184569437551541,810,Density,<Substance C1CCCCC1{solv}{x=0.705800}|CC(C)O{solv}{x=0.294200}>,C1CCCCC1,CC(C)O,Protein-Null-0.0.3-4-mer-AAQAA3-1E3-2-OPC3_opc3,3,0.7592851525839805,0.000238470334643,0.7711100000000002,0.000245
3121,3121,dens_2097249982689376165,811,Density,<Substance C1CCCCC1{solv}{x=0.200000}|CC(C)O{solv}{x=0.800000}>,C1CCCCC1,CC(C)O,Protein-Null-0.0.3-4-mer-AAQAA3-1E3-2-OPC3_opc3,3,0.7838457585214844,0.0002392599177232,0.7761000000000002,0.0003
3122,3122,dens_2130071224188444793,812,Density,<Substance C1CCCCC1{solv}{x=0.503900}|CC(C)O{solv}{x=0.496100}>,C1CCCCC1,CC(C)O,Protein-Null-0.0.3-4-mer-AAQAA3-1E3-2-OPC3_opc3,3,0.7668843239128876,0.0002399188393278,0.7719000000000001,0.0003
3123,3123,dens_562489367284385084,813,Density,<Substance CCCCC(=O)OC{solv}{x=0.251100}|COC(C)=O{solv}{x=0.748900}>,CCCCC(=O)OC,COC(C)=O,Protein-Null-0.0.3-4-mer-AAQAA3-1E3-2-OPC3_opc3,3,0.9130242115533894,0.0002339605435184,0.9105300000000002,0.000505
3124,3124,dhmix_814771684244180933,814,EnthalpyOfMixing,<Substance CCCCC(=O)OC{solv}{x=0.733900}|COC(C)=O{solv}{x=0.266100}>,CCCCC(=O)OC,COC(C)=O,Protein-Null-0.0.3-4-mer-AAQAA3-1E3-2-OPC3_opc3,3,0.0343052327723913,0.0456547104812338,0.178,0.002
3125,3125,dhmix_915202362324204655,815,EnthalpyOfMixing,<Substance CCCCC(=O)OC{solv}{x=0.505500}|COC(C)=O{solv}{x=0.494500}>,CCCCC(=O)OC,COC(C)=O,Protein-Null-0.0.3-4-mer-AAQAA3-1E3-2-OPC3_opc3,3,0.1117573188526428,0.0407501707861079,0.238,0.0025
3126,3126,dhmix_935892165648195197,816,EnthalpyOfMixing,<Substance CCCCC(=O)OC{solv}{x=0.234700}|COC(C)=O{solv}{x=0.765300}>,CCCCC(=O)OC,COC(C)=O,Protein-Null-0.0.3-4-mer-AAQAA3-1E3-2-OPC3_opc3,3,0.1519996310790148,0.0359490391384871,0.173,0.002
3127,3127,dens_961692445804333991,817,Density,<Substance CCCCC(=O)OC{solv}{x=0.738300}|COC(C)=O{solv}{x=0.261700}>,CCCCC(=O)OC,COC(C)=O,Protein-Null-0.0.3-4-mer-AAQAA3-1E3-2-OPC3_opc3,3,0.8912552323511757,0.0002062203217925,0.8914700000000002,0.000505
3128,3128,dens_1493380961688632529,818,Density,<Substance CCCCC(=O)OC{solv}{x=0.493500}|COC(C)=O{solv}{x=0.506500}>,CCCCC(=O)OC,COC(C)=O,Protein-Null-0.0.3-4-mer-AAQAA3-1E3-2-OPC3_opc3,3,0.9003486156053712,0.0002390913520529,0.8996200000000002,0.000505
3129,3129,dhmix_563342363018905515,819,EnthalpyOfMixing,<Substance CCOC(=O)CC(C)=O{solv}{x=0.751400}|O{solv}{x=0.248600}>,CCOC(=O)CC(C)=O,O,Protein-Null-0.0.3-4-mer-AAQAA3-1E3-2-OPC3_opc3,3,0.8069908203463001,0.0433194708043063,1.128,0.012
3130,3130,dhmix_1385095028103136291,820,EnthalpyOfMixing,<Substance CCOC(=O)CC(C)=O{solv}{x=0.449100}|O{solv}{x=0.550900}>,CCOC(=O)CC(C)=O,O,Protein-Null-0.0.3-4-mer-AAQAA3-1E3-2-OPC3_opc3,3,0.6643717411185435,0.0368129157410784,0.684,0.0075
3131,3131,dhmix_1609967394780907654,821,EnthalpyOfMixing,<Substance CCOC(=O)CC(C)=O{solv}{x=0.299400}|O{solv}{x=0.700600}>,CCOC(=O)CC(C)=O,O,Protein-Null-0.0.3-4-mer-AAQAA3-1E3-2-OPC3_opc3,3,0.4986547044934184,0.0327519028965238,0.428,0.005
3132,3132,dhmix_566259260175961973,822,EnthalpyOfMixing,<Substance CCCCO{solv}{x=0.144700}|OC1=NCCC1{solv}{x=0.855300}>,CCCCO,OC1=NCCC1,Protein-Null-0.0.3-4-mer-AAQAA3-1E3-2-OPC3_opc3,3,0.6605306526588635,0.0421462200259776,0.0949,0.0012
3133,3133,dens_1146983614802652988,823,Density,<Substance CCCCO{solv}{x=0.500400}|OC1=NCCC1{solv}{x=0.499600}>,CCCCO,OC1=NCCC1,Protein-Null-0.0.3-4-mer-AAQAA3-1E3-2-OPC3_opc3,3,0.9307702318631316,0.0002262289836597,0.94503,0.00015
3134,3134,dhmix_1601732489230179724,824,EnthalpyOfMixing,<Substance CCCCO{solv}{x=0.497800}|OC1=NCCC1{solv}{x=0.502200}>,CCCCO,OC1=NCCC1,Protein-Null-0.0.3-4-mer-AAQAA3-1E3-2-OPC3_opc3,3,1.559682054807567,0.0327944795763368,0.2326,0.0026
3135,3135,dhmix_1661138478850718837,825,EnthalpyOfMixing,<Substance CCCCO{solv}{x=0.754800}|OC1=NCCC1{solv}{x=0.245200}>,CCCCO,OC1=NCCC1,Protein-Null-0.0.3-4-mer-AAQAA3-1E3-2-OPC3_opc3,3,1.1756085724155942,0.0470933633920981,0.2356,0.00265
3136,3136,dens_1878955695276199878,826,Density,<Substance CCCCO{solv}{x=0.144600}|OC1=NCCC1{solv}{x=0.855400}>,CCCCO,OC1=NCCC1,Protein-Null-0.0.3-4-mer-AAQAA3-1E3-2-OPC3_opc3,3,1.0274107181515846,0.0002340745680246,1.0575900000000005,0.000205
3137,3137,dens_2101998760005952263,827,Density,<Substance CCCCO{solv}{x=0.755500}|OC1=NCCC1{solv}{x=0.244500}>,CCCCO,OC1=NCCC1,Protein-Null-0.0.3-4-mer-AAQAA3-1E3-2-OPC3_opc3,3,0.8631119721674267,0.0002132220702222,0.8711500000000002,0.000185
3138,3138,dhmix_569012254773025696,828,EnthalpyOfMixing,<Substance CC(C)(C)O{solv}{x=0.505700}|OC1=NCCC1{solv}{x=0.494300}>,CC(C)(C)O,OC1=NCCC1,Protein-Null-0.0.3-4-mer-AAQAA3-1E3-2-OPC3_opc3,3,2.015362859034809,0.0391721168636641,0.4323,0.0047
3139,3139,dens_992979807705536615,829,Density,<Substance CC(C)(C)O{solv}{x=0.751100}|OC1=NCCC1{solv}{x=0.248900}>,CC(C)(C)O,OC1=NCCC1,Protein-Null-0.0.3-4-mer-AAQAA3-1E3-2-OPC3_opc3,3,0.8736899056915767,0.0002730720406568,0.8505700000000003,0.000215
3140,3140,dens_1020722913861580636,830,Density,<Substance CC(C)(C)O{solv}{x=0.499700}|OC1=NCCC1{solv}{x=0.500300}>,CC(C)(C)O,OC1=NCCC1,Protein-Null-0.0.3-4-mer-AAQAA3-1E3-2-OPC3_opc3,3,0.9344217841985752,0.0002211522070234,0.9282800000000002,0.00018
3141,3141,dhmix_1408261346335628114,831,EnthalpyOfMixing,<Substance CC(C)(C)O{solv}{x=0.744900}|OC1=NCCC1{solv}{x=0.255100}>,CC(C)(C)O,OC1=NCCC1,Protein-Null-0.0.3-4-mer-AAQAA3-1E3-2-OPC3_opc3,3,1.8640242294685123,0.0496201174925231,0.3774,0.00415
3142,3142,dhmix_1466823939183874689,832,EnthalpyOfMixing,<Substance CC(C)(C)O{solv}{x=0.257800}|OC1=NCCC1{solv}{x=0.742200}>,CC(C)(C)O,OC1=NCCC1,Protein-Null-0.0.3-4-mer-AAQAA3-1E3-2-OPC3_opc3,3,1.307839419161695,0.0396831150274741,0.2874,0.0032
3143,3143,dens_1768273433543243004,833,Density,<Substance CC(C)(C)O{solv}{x=0.276400}|OC1=NCCC1{solv}{x=0.723600}>,CC(C)(C)O,OC1=NCCC1,Protein-Null-0.0.3-4-mer-AAQAA3-1E3-2-OPC3_opc3,3,0.9936843684569504,0.0002664243858777,1.0036300000000002,0.000155
3144,3144,dens_571827819113574480,834,Density,<Substance CC(C)OC(C)C{solv}{x=0.700400}|Cc1ccccc1{solv}{x=0.299600}>,CC(C)OC(C)C,Cc1ccccc1,Protein-Null-0.0.3-4-mer-AAQAA3-1E3-2-OPC3_opc3,3,0.7670362148420181,0.0002260816369227,0.7573100000000001,0.000155
3145,3145,dhmix_686402805609192969,835,EnthalpyOfMixing,<Substance CC(C)OC(C)C{solv}{x=0.228000}|Cc1ccccc1{solv}{x=0.772000}>,CC(C)OC(C)C,Cc1ccccc1,Protein-Null-0.0.3-4-mer-AAQAA3-1E3-2-OPC3_opc3,3,-0.1582451041743198,0.0375322537367338,0.0593,0.00515
3146,3146,dhmix_1045652173440309018,836,EnthalpyOfMixing,<Substance CC(C)OC(C)C{solv}{x=0.752000}|Cc1ccccc1{solv}{x=0.248000}>,CC(C)OC(C)C,Cc1ccccc1,Protein-Null-0.0.3-4-mer-AAQAA3-1E3-2-OPC3_opc3,3,-0.1003549486685599,0.0404112617353317,-0.0091,0.00505
3147,3147,dhmix_1690461453403165745,837,EnthalpyOfMixing,<Substance CC(C)OC(C)C{solv}{x=0.455000}|Cc1ccccc1{solv}{x=0.545000}>,CC(C)OC(C)C,Cc1ccccc1,Protein-Null-0.0.3-4-mer-AAQAA3-1E3-2-OPC3_opc3,3,-0.0961981545794685,0.0418689406355318,0.0323,0.0051
3148,3148,dens_2086775654110573795,838,Density,<Substance CC(C)OC(C)C{solv}{x=0.200400}|Cc1ccccc1{solv}{x=0.799600}>,CC(C)OC(C)C,Cc1ccccc1,Protein-Null-0.0.3-4-mer-AAQAA3-1E3-2-OPC3_opc3,3,0.8246907344286363,0.0002423017614875,0.8299700000000002,0.00014
3149,3149,dens_2167043968237201720,839,Density,<Substance CC(C)OC(C)C{solv}{x=0.500300}|Cc1ccccc1{solv}{x=0.499700}>,CC(C)OC(C)C,Cc1ccccc1,Protein-Null-0.0.3-4-mer-AAQAA3-1E3-2-OPC3_opc3,3,0.7892711574889043,0.0002588908277402,0.7849200000000002,0.000155
3150,3150,dhmix_578047845607378963,840,EnthalpyOfMixing,<Substance CN1CCCC1=O{solv}{x=0.635900}|c1ccncc1{solv}{x=0.364100}>,CN1CCCC1=O,c1ccncc1,Protein-Null-0.0.3-4-mer-AAQAA3-1E3-2-OPC3_opc3,3,-0.4155273000049355,0.0400967684502974,-0.4013,0.10035
3151,3151,dhmix_625120262301063359,841,EnthalpyOfMixing,<Substance CN1CCCC1=O{solv}{x=0.231200}|c1ccncc1{solv}{x=0.768800}>,CN1CCCC1=O,c1ccncc1,Protein-Null-0.0.3-4-mer-AAQAA3-1E3-2-OPC3_opc3,3,-0.3733053942012709,0.0354494218680543,-0.3157,0.07895
3152,3152,dens_1059919274311274879,842,Density,<Substance CN1CCCC1=O{solv}{x=0.521500}|c1ccncc1{solv}{x=0.478500}>,CN1CCCC1=O,c1ccncc1,Protein-Null-0.0.3-4-mer-AAQAA3-1E3-2-OPC3_opc3,3,0.9932335319209388,0.0002089303042421,1.0158200000000004,0.00051
3153,3153,dens_1445187430653020908,843,Density,<Substance CN1CCCC1=O{solv}{x=0.234800}|c1ccncc1{solv}{x=0.765200}>,CN1CCCC1=O,c1ccncc1,Protein-Null-0.0.3-4-mer-AAQAA3-1E3-2-OPC3_opc3,3,0.985966496745344,0.0002301686961233,0.9983500000000004,0.00051
3154,3154,dhmix_1933003504821603087,844,EnthalpyOfMixing,<Substance CN1CCCC1=O{solv}{x=0.499500}|c1ccncc1{solv}{x=0.500500}>,CN1CCCC1=O,c1ccncc1,Protein-Null-0.0.3-4-mer-AAQAA3-1E3-2-OPC3_opc3,3,-0.4028515859204047,0.0380398812171162,-0.4356,0.1089
3155,3155,dens_2199047009222847682,845,Density,<Substance CN1CCCC1=O{solv}{x=0.636400}|c1ccncc1{solv}{x=0.363600}>,CN1CCCC1=O,c1ccncc1,Protein-Null-0.0.3-4-mer-AAQAA3-1E3-2-OPC3_opc3,3,0.9958316748923806,0.0002270204533633,1.0207400000000002,0.00051
3156,3156,dens_586351122522837789,846,Density,<Substance c1cc[nH]c1{solv}{x=0.820700}|c1ccccc1{solv}{x=0.179300}>,c1cc[nH]c1,c1ccccc1,Protein-Null-0.0.3-4-mer-AAQAA3-1E3-2-OPC3_opc3,3,0.957596707924752,0.000248688492101,0.9503300000000002,0.000195
3157,3157,dhmix_1101447260293284221,847,EnthalpyOfMixing,<Substance c1cc[nH]c1{solv}{x=0.494000}|c1ccccc1{solv}{x=0.506000}>,c1cc[nH]c1,c1ccccc1,Protein-Null-0.0.3-4-mer-AAQAA3-1E3-2-OPC3_opc3,3,0.5733500204059254,0.0356584426235014,0.609,0.00395
3158,3158,dens_1366042600317618213,848,Density,<Substance c1cc[nH]c1{solv}{x=0.503000}|c1ccccc1{solv}{x=0.497000}>,c1cc[nH]c1,c1ccccc1,Protein-Null-0.0.3-4-mer-AAQAA3-1E3-2-OPC3_opc3,3,0.9170168065786128,0.0002471709347358,0.9220400000000002,0.00019
3159,3159,dens_2042223650153961549,849,Density,<Substance c1cc[nH]c1{solv}{x=0.314200}|c1ccccc1{solv}{x=0.685800}>,c1cc[nH]c1,c1ccccc1,Protein-Null-0.0.3-4-mer-AAQAA3-1E3-2-OPC3_opc3,3,0.8955334616020703,0.0002530425665798,0.9043500000000002,0.000195
3160,3160,dhmix_2080652523589171296,850,EnthalpyOfMixing,<Substance c1cc[nH]c1{solv}{x=0.820800}|c1ccccc1{solv}{x=0.179200}>,c1cc[nH]c1,c1ccccc1,Protein-Null-0.0.3-4-mer-AAQAA3-1E3-2-OPC3_opc3,3,0.2433687673398168,0.0404385328738649,0.3441,0.00245
3161,3161,dhmix_2101365800313583195,851,EnthalpyOfMixing,<Substance c1cc[nH]c1{solv}{x=0.314000}|c1ccccc1{solv}{x=0.686000}>,c1cc[nH]c1,c1ccccc1,Protein-Null-0.0.3-4-mer-AAQAA3-1E3-2-OPC3_opc3,3,0.5263062298959937,0.038494049716107,0.5893,0.00385
3162,3162,dens_592296207180530796,852,Density,<Substance C1CCNCC1{solv}{x=0.250000}|O{solv}{x=0.750000}>,C1CCNCC1,O,Protein-Null-0.0.3-4-mer-AAQAA3-1E3-2-OPC3_opc3,3,0.9224592513440608,0.0003401367414712,0.9379600000000002,0.000185
3163,3163,dhmix_598563182385523239,853,EnthalpyOfMixing,<Substance C1CCNCC1{solv}{x=0.750000}|O{solv}{x=0.250000}>,C1CCNCC1,O,Protein-Null-0.0.3-4-mer-AAQAA3-1E3-2-OPC3_opc3,3,-0.823131695424479,0.0425190250274784,-1.4628,0.02995
3164,3164,dens_1144696340343060729,854,Density,<Substance C1CCNCC1{solv}{x=0.500000}|O{solv}{x=0.500000}>,C1CCNCC1,O,Protein-Null-0.0.3-4-mer-AAQAA3-1E3-2-OPC3_opc3,3,0.8934581232282017,0.0002462230863084,0.90329,0.000235
3165,3165,dens_1551117370864361960,855,Density,<Substance C1CCNCC1{solv}{x=0.750000}|O{solv}{x=0.250000}>,C1CCNCC1,O,Protein-Null-0.0.3-4-mer-AAQAA3-1E3-2-OPC3_opc3,3,0.8768944439984111,0.0002766132612559,0.8771300000000002,0.000285
3166,3166,dhmix_2023343497633678069,856,EnthalpyOfMixing,<Substance C1CCNCC1{solv}{x=0.500000}|O{solv}{x=0.500000}>,C1CCNCC1,O,Protein-Null-0.0.3-4-mer-AAQAA3-1E3-2-OPC3_opc3,3,-1.2316556856092546,0.0301377866162429,-2.1379,0.04355
3167,3167,dhmix_2169709193905404129,857,EnthalpyOfMixing,<Substance C1CCNCC1{solv}{x=0.250000}|O{solv}{x=0.750000}>,C1CCNCC1,O,Protein-Null-0.0.3-4-mer-AAQAA3-1E3-2-OPC3_opc3,3,-0.9532837313738992,0.0258299871058643,-1.9642,0.04065
3168,3168,dhmix_597694390671293228,858,EnthalpyOfMixing,<Substance C1CCCCC1{solv}{x=0.495000}|c1cc[nH]c1{solv}{x=0.505000}>,C1CCCCC1,c1cc[nH]c1,Protein-Null-0.0.3-4-mer-AAQAA3-1E3-2-OPC3_opc3,3,1.600506621653679,0.0403735560723707,1.4275,0.00895
3169,3169,dens_1402964712081643759,859,Density,<Substance C1CCCCC1{solv}{x=0.281700}|c1cc[nH]c1{solv}{x=0.718300}>,C1CCCCC1,c1cc[nH]c1,Protein-Null-0.0.3-4-mer-AAQAA3-1E3-2-OPC3_opc3,3,0.8890286601272378,0.0001921099725005,0.9082800000000002,0.00023
3170,3170,dens_1463337814181203578,860,Density,<Substance C1CCCCC1{solv}{x=0.925100}|c1cc[nH]c1{solv}{x=0.074900}>,C1CCCCC1,c1cc[nH]c1,Protein-Null-0.0.3-4-mer-AAQAA3-1E3-2-OPC3_opc3,3,0.7623840815888127,0.0002385185041319,0.7860300000000001,0.00026
3171,3171,dens_1586039458655447443,861,Density,<Substance C1CCCCC1{solv}{x=0.494200}|c1cc[nH]c1{solv}{x=0.505800}>,C1CCCCC1,c1cc[nH]c1,Protein-Null-0.0.3-4-mer-AAQAA3-1E3-2-OPC3_opc3,3,0.8371460454407068,0.000264719506088,0.8661300000000002,0.000235
3172,3172,dhmix_1650717903260721901,862,EnthalpyOfMixing,<Substance C1CCCCC1{solv}{x=0.924800}|c1cc[nH]c1{solv}{x=0.075200}>,C1CCCCC1,c1cc[nH]c1,Protein-Null-0.0.3-4-mer-AAQAA3-1E3-2-OPC3_opc3,3,0.7720353334282919,0.0431951106779362,0.7315,0.00535
3173,3173,dhmix_1709124910710738018,863,EnthalpyOfMixing,<Substance C1CCCCC1{solv}{x=0.281800}|c1cc[nH]c1{solv}{x=0.718200}>,C1CCCCC1,c1cc[nH]c1,Protein-Null-0.0.3-4-mer-AAQAA3-1E3-2-OPC3_opc3,3,1.381417912335806,0.0382357231422784,1.245,0.00795
3174,3174,dhmix_602003453564252918,864,EnthalpyOfMixing,<Substance COc1ccccc1{solv}{x=0.767000}|OCCc1ccccc1{solv}{x=0.233000}>,COc1ccccc1,OCCc1ccccc1,Protein-Null-0.0.3-4-mer-AAQAA3-1E3-2-OPC3_opc3,3,0.8361982514910551,0.041663313185791,1.1154,0.01195
3175,3175,dhmix_831666159864093343,865,EnthalpyOfMixing,<Substance COc1ccccc1{solv}{x=0.267800}|OCCc1ccccc1{solv}{x=0.732200}>,COc1ccccc1,OCCc1ccccc1,Protein-Null-0.0.3-4-mer-AAQAA3-1E3-2-OPC3_opc3,3,0.5152116031913039,0.0572636035580897,0.688,0.00745
3176,3176,dhmix_1415130215717622630,866,EnthalpyOfMixing,<Substance COc1ccccc1{solv}{x=0.523200}|OCCc1ccccc1{solv}{x=0.476800}>,COc1ccccc1,OCCc1ccccc1,Protein-Null-0.0.3-4-mer-AAQAA3-1E3-2-OPC3_opc3,3,1.077952777993325,0.0442435130745046,1.0457,0.0112
3177,3177,dens_2018050376435813399,867,Density,<Substance COc1ccccc1{solv}{x=0.767300}|OCCc1ccccc1{solv}{x=0.232700}>,COc1ccccc1,OCCc1ccccc1,Protein-Null-0.0.3-4-mer-AAQAA3-1E3-2-OPC3_opc3,3,0.9766554570013029,0.0002283090207165,0.9869000000000002,0.00026
3178,3178,dens_2083067547090229321,868,Density,<Substance COc1ccccc1{solv}{x=0.524500}|OCCc1ccccc1{solv}{x=0.475500}>,COc1ccccc1,OCCc1ccccc1,Protein-Null-0.0.3-4-mer-AAQAA3-1E3-2-OPC3_opc3,3,0.9852083857171116,0.000245587671196,0.9943600000000002,0.00026
3179,3179,dens_2108796896152795987,869,Density,<Substance COc1ccccc1{solv}{x=0.212100}|OCCc1ccccc1{solv}{x=0.787900}>,COc1ccccc1,OCCc1ccccc1,Protein-Null-0.0.3-4-mer-AAQAA3-1E3-2-OPC3_opc3,3,0.996688431285546,0.0002147564736487,1.0032600000000005,0.00026
3180,3180,dhmix_607389561715885318,870,EnthalpyOfMixing,<Substance CC(C)O{solv}{x=0.750600}|CCOC(=O)CC(=O)OCC{solv}{x=0.249400}>,CC(C)O,CCOC(=O)CC(=O)OCC,Protein-Null-0.0.3-4-mer-AAQAA3-1E3-2-OPC3_opc3,3,1.9127589407220853,0.0367355491663596,1.955,0.021
3181,3181,dhmix_970997719035766241,871,EnthalpyOfMixing,<Substance CC(C)O{solv}{x=0.249200}|CCOC(=O)CC(=O)OCC{solv}{x=0.750800}>,CC(C)O,CCOC(=O)CC(=O)OCC,Protein-Null-0.0.3-4-mer-AAQAA3-1E3-2-OPC3_opc3,3,1.4660966126999426,0.0471404444275312,1.804,0.0195
3182,3182,dens_1055220895195342210,872,Density,<Substance CC(C)O{solv}{x=0.700000}|CCOC(=O)CC(=O)OCC{solv}{x=0.300000}>,CC(C)O,CCOC(=O)CC(=O)OCC,Protein-Null-0.0.3-4-mer-AAQAA3-1E3-2-OPC3_opc3,3,0.91982488800818,0.0002205694004492,0.9013080000000002,0.000163
3183,3183,dens_1059428282849222105,873,Density,<Substance CC(C)O{solv}{x=0.500100}|CCOC(=O)CC(=O)OCC{solv}{x=0.499900}>,CC(C)O,CCOC(=O)CC(=O)OCC,Protein-Null-0.0.3-4-mer-AAQAA3-1E3-2-OPC3_opc3,3,0.9742494537111605,0.0002370145544564,0.9563730000000004,0.0001215
3184,3184,dhmix_2225069850502215858,874,EnthalpyOfMixing,<Substance CC(C)O{solv}{x=0.499700}|CCOC(=O)CC(=O)OCC{solv}{x=0.500300}>,CC(C)O,CCOC(=O)CC(=O)OCC,Protein-Null-0.0.3-4-mer-AAQAA3-1E3-2-OPC3_opc3,3,2.196542498931933,0.048703980693718,2.369,0.0255
3185,3185,dens_2227064517025896927,875,Density,<Substance CC(C)O{solv}{x=0.200000}|CCOC(=O)CC(=O)OCC{solv}{x=0.800000}>,CC(C)O,CCOC(=O)CC(=O)OCC,Protein-Null-0.0.3-4-mer-AAQAA3-1E3-2-OPC3_opc3,3,1.0328275929462525,0.0002408009957193,1.0176930000000002,0.000103
3186,3186,dhmix_614525131410782877,876,EnthalpyOfMixing,<Substance CCCCCC(C)=O{solv}{x=0.491300}|CCCCNCCCC{solv}{x=0.508700}>,CCCCCC(C)=O,CCCCNCCCC,Protein-Null-0.0.3-4-mer-AAQAA3-1E3-2-OPC3_opc3,3,-0.0822442920620289,0.0442080707477734,0.278,0.003
3187,3187,dhmix_1051001364116056564,877,EnthalpyOfMixing,<Substance CCCCCC(C)=O{solv}{x=0.781100}|CCCCNCCCC{solv}{x=0.218900}>,CCCCCC(C)=O,CCCCNCCCC,Protein-Null-0.0.3-4-mer-AAQAA3-1E3-2-OPC3_opc3,3,-0.1157488647066813,0.0526165924614546,0.164,0.002
3188,3188,dens_1087422962538109584,878,Density,<Substance CCCCCC(C)=O{solv}{x=0.449900}|CCCCNCCCC{solv}{x=0.550100}>,CCCCCC(C)=O,CCCCNCCCC,Protein-Null-0.0.3-4-mer-AAQAA3-1E3-2-OPC3_opc3,3,0.7752871762448135,0.0001655100313651,0.7778490000000002,9.250000000000004e-05
3189,3189,dens_1830187222448876426,879,Density,<Substance CCCCCC(C)=O{solv}{x=0.209700}|CCCCNCCCC{solv}{x=0.790300}>,CCCCCC(C)=O,CCCCNCCCC,Protein-Null-0.0.3-4-mer-AAQAA3-1E3-2-OPC3_opc3,3,0.7653381951373524,0.0001865136373319,0.7655110000000002,8.400000000000002e-05
3190,3190,dens_2113849591242853193,880,Density,<Substance CCCCCC(C)=O{solv}{x=0.750900}|CCCCNCCCC{solv}{x=0.249100}>,CCCCCC(C)=O,CCCCNCCCC,Protein-Null-0.0.3-4-mer-AAQAA3-1E3-2-OPC3_opc3,3,0.7877682709375162,0.0001693869586024,0.7951660000000003,0.000105
3191,3191,dhmix_2131918011494960609,881,EnthalpyOfMixing,<Substance CCCCCC(C)=O{solv}{x=0.294700}|CCCCNCCCC{solv}{x=0.705300}>,CCCCCC(C)=O,CCCCNCCCC,Protein-Null-0.0.3-4-mer-AAQAA3-1E3-2-OPC3_opc3,3,-0.0773449584566634,0.0601967797736209,0.256,0.003
3192,3192,dhmix_618866445574413387,882,EnthalpyOfMixing,<Substance C1CCOCC1{solv}{x=0.442500}|Cc1ccccc1C{solv}{x=0.557500}>,C1CCOCC1,Cc1ccccc1C,Protein-Null-0.0.3-4-mer-AAQAA3-1E3-2-OPC3_opc3,3,0.0100864733154253,0.0441921497450857,-0.0342,0.0006
3193,3193,dens_643927890193937545,883,Density,<Substance C1CCOCC1{solv}{x=0.518700}|Cc1ccccc1C{solv}{x=0.481300}>,C1CCOCC1,Cc1ccccc1C,Protein-Null-0.0.3-4-mer-AAQAA3-1E3-2-OPC3_opc3,3,0.8606428521953335,0.0002332467468729,0.8779900000000003,0.0005
3194,3194,dhmix_1129414916141538177,884,EnthalpyOfMixing,<Substance C1CCOCC1{solv}{x=0.744300}|Cc1ccccc1C{solv}{x=0.255700}>,C1CCOCC1,Cc1ccccc1C,Protein-Null-0.0.3-4-mer-AAQAA3-1E3-2-OPC3_opc3,3,0.000581912735015,0.0492024888067063,0.0421,0.00065
3195,3195,dens_1429468909820653032,885,Density,<Substance C1CCOCC1{solv}{x=0.231800}|Cc1ccccc1C{solv}{x=0.768200}>,C1CCOCC1,Cc1ccccc1C,Protein-Null-0.0.3-4-mer-AAQAA3-1E3-2-OPC3_opc3,3,0.8572444064631757,0.0001556998093673,0.8770400000000002,0.0005
3196,3196,dens_1442497603142913792,886,Density,<Substance C1CCOCC1{solv}{x=0.772900}|Cc1ccccc1C{solv}{x=0.227100}>,C1CCOCC1,Cc1ccccc1C,Protein-Null-0.0.3-4-mer-AAQAA3-1E3-2-OPC3_opc3,3,0.8647736347358344,0.0002093374530207,0.8787800000000002,0.000505
3197,3197,dhmix_2268256048157488415,887,EnthalpyOfMixing,<Substance C1CCOCC1{solv}{x=0.245400}|Cc1ccccc1C{solv}{x=0.754600}>,C1CCOCC1,Cc1ccccc1C,Protein-Null-0.0.3-4-mer-AAQAA3-1E3-2-OPC3_opc3,3,-0.030455591724916,0.03927791331211,-0.0613,0.00085
3198,3198,dens_626398848152359169,888,Density,<Substance C1COCCN1{solv}{x=0.498000}|O{solv}{x=0.502000}>,C1COCCN1,O,Protein-Null-0.0.3-4-mer-AAQAA3-1E3-2-OPC3_opc3,3,1.050176773197608,0.0002596719540363,1.0255000000000003,0.00255
3199,3199,dhmix_773913810754342365,889,EnthalpyOfMixing,<Substance C1COCCN1{solv}{x=0.714900}|O{solv}{x=0.285100}>,C1COCCN1,O,Protein-Null-0.0.3-4-mer-AAQAA3-1E3-2-OPC3_opc3,3,-2.0855312450298413,0.0491455060198146,-1.753,0.019
3200,3200,dhmix_1012297674499495059,890,EnthalpyOfMixing,<Substance C1COCCN1{solv}{x=0.201000}|O{solv}{x=0.799000}>,C1COCCN1,O,Protein-Null-0.0.3-4-mer-AAQAA3-1E3-2-OPC3_opc3,3,-1.633475392678291,0.0243538003658168,-2.758,0.0295
3201,3201,dens_1167008264969667349,891,Density,<Substance C1COCCN1{solv}{x=0.793000}|O{solv}{x=0.207000}>,C1COCCN1,O,Protein-Null-0.0.3-4-mer-AAQAA3-1E3-2-OPC3_opc3,3,1.048365299647513,0.0002078867522746,1.0057000000000005,0.00245
3202,3202,dhmix_1871930573512426354,892,EnthalpyOfMixing,<Substance C1COCCN1{solv}{x=0.491100}|O{solv}{x=0.508900}>,C1COCCN1,O,Protein-Null-0.0.3-4-mer-AAQAA3-1E3-2-OPC3_opc3,3,-2.4891472399175285,0.0295488210445209,-3.131,0.0335
3203,3203,dens_2014911999593579414,893,Density,<Substance C1COCCN1{solv}{x=0.298000}|O{solv}{x=0.702000}>,C1COCCN1,O,Protein-Null-0.0.3-4-mer-AAQAA3-1E3-2-OPC3_opc3,3,1.044815622763345,0.0004054671651673,1.0309000000000004,0.00255
3204,3204,dens_627753907231278660,894,Density,<Substance CCC(C)=O{solv}{x=0.753100}|CCCNCCC{solv}{x=0.246900}>,CCC(C)=O,CCCNCCC,Protein-Null-0.0.3-4-mer-AAQAA3-1E3-2-OPC3_opc3,3,0.7638662594104324,0.0002597194858695,0.7771510000000001,0.000109
3205,3205,dens_674236159588910357,895,Density,<Substance CCC(C)=O{solv}{x=0.244600}|CCCNCCC{solv}{x=0.755400}>,CCC(C)=O,CCCNCCC,Protein-Null-0.0.3-4-mer-AAQAA3-1E3-2-OPC3_opc3,3,0.7431920468295704,0.0002214927164798,0.7446230000000003,0.0001405
3206,3206,dhmix_749228177959685874,896,EnthalpyOfMixing,<Substance CCC(C)=O{solv}{x=0.235300}|CCCNCCC{solv}{x=0.764700}>,CCC(C)=O,CCCNCCC,Protein-Null-0.0.3-4-mer-AAQAA3-1E3-2-OPC3_opc3,3,-0.005352148110532,0.0438271360034843,0.299,0.0035
3207,3207,dhmix_1706960823617656563,897,EnthalpyOfMixing,<Substance CCC(C)=O{solv}{x=0.698400}|CCCNCCC{solv}{x=0.301600}>,CCC(C)=O,CCCNCCC,Protein-Null-0.0.3-4-mer-AAQAA3-1E3-2-OPC3_opc3,3,-0.0192531978857246,0.0400907220616339,0.334,0.0035
3208,3208,dhmix_2102794241345605516,898,EnthalpyOfMixing,<Substance CCC(C)=O{solv}{x=0.505000}|CCCNCCC{solv}{x=0.495000}>,CCC(C)=O,CCCNCCC,Protein-Null-0.0.3-4-mer-AAQAA3-1E3-2-OPC3_opc3,3,0.022252447393356,0.0441335207148168,0.397,0.0045
3209,3209,dens_2224864308887622456,899,Density,<Substance CCC(C)=O{solv}{x=0.500600}|CCCNCCC{solv}{x=0.499400}>,CCC(C)=O,CCCNCCC,Protein-Null-0.0.3-4-mer-AAQAA3-1E3-2-OPC3_opc3,3,0.7524031904661879,0.0002123774192135,0.7590400000000002,0.000125
3210,3210,dhmix_628329103086906726,900,EnthalpyOfMixing,<Substance CC1CCCCC1{solv}{x=0.250400}|CCCO{solv}{x=0.749600}>,CC1CCCCC1,CCCO,Protein-Null-0.0.3-4-mer-AAQAA3-1E3-2-OPC3_opc3,3,0.4091196377208206,0.0401499889348039,0.321,0.0055
3211,3211,dhmix_989207392771680315,901,EnthalpyOfMixing,<Substance CC1CCCCC1{solv}{x=0.750500}|CCCO{solv}{x=0.249500}>,CC1CCCCC1,CCCO,Protein-Null-0.0.3-4-mer-AAQAA3-1E3-2-OPC3_opc3,3,0.4957329308916343,0.0443915587951491,0.574,0.0055
3212,3212,dens_1351260115393741606,902,Density,<Substance CC1CCCCC1{solv}{x=0.503100}|CCCO{solv}{x=0.496900}>,CC1CCCCC1,CCCO,Protein-Null-0.0.3-4-mer-AAQAA3-1E3-2-OPC3_opc3,3,0.7695334607523433,0.0002438661438278,0.7785600000000001,0.0039
3213,3213,dens_1376195506089851480,903,Density,<Substance CC1CCCCC1{solv}{x=0.202700}|CCCO{solv}{x=0.797300}>,CC1CCCCC1,CCCO,Protein-Null-0.0.3-4-mer-AAQAA3-1E3-2-OPC3_opc3,3,0.782771841965987,0.0002339872395067,0.7942000000000002,0.00398
3214,3214,dens_1501229836503112732,904,Density,<Substance CC1CCCCC1{solv}{x=0.799000}|CCCO{solv}{x=0.201000}>,CC1CCCCC1,CCCO,Protein-Null-0.0.3-4-mer-AAQAA3-1E3-2-OPC3_opc3,3,0.7613656159781099,0.0002408368806068,0.7688300000000002,0.003855
3215,3215,dhmix_2109805019413953371,905,EnthalpyOfMixing,<Substance CC1CCCCC1{solv}{x=0.500400}|CCCO{solv}{x=0.499600}>,CC1CCCCC1,CCCO,Protein-Null-0.0.3-4-mer-AAQAA3-1E3-2-OPC3_opc3,3,0.5570303740130811,0.042153023469505,0.533,0.0055
3216,3216,dhmix_634764080264908666,906,EnthalpyOfMixing,<Substance OCCN1CCOCC1{solv}{x=0.498900}|O{solv}{x=0.501100}>,O,OCCN1CCOCC1,Protein-Null-0.0.3-4-mer-AAQAA3-1E3-2-OPC3_opc3,3,-1.999484023710764,0.0330321582653646,-2.2633,0.02415
3217,3217,dens_707792343667224312,907,Density,<Substance OCCN1CCOCC1{solv}{x=0.246600}|O{solv}{x=0.753400}>,O,OCCN1CCOCC1,Protein-Null-0.0.3-4-mer-AAQAA3-1E3-2-OPC3_opc3,3,1.0827810697164515,0.0005895329789094,1.0838100000000002,0.00154
3218,3218,dhmix_1064373607860850902,908,EnthalpyOfMixing,<Substance OCCN1CCOCC1{solv}{x=0.694900}|O{solv}{x=0.305100}>,O,OCCN1CCOCC1,Protein-Null-0.0.3-4-mer-AAQAA3-1E3-2-OPC3_opc3,3,-2.1530608606847466,0.038850460338362,-1.7936,0.01915
3219,3219,dhmix_1846281306963870091,909,EnthalpyOfMixing,<Substance OCCN1CCOCC1{solv}{x=0.300200}|O{solv}{x=0.699800}>,O,OCCN1CCOCC1,Protein-Null-0.0.3-4-mer-AAQAA3-1E3-2-OPC3_opc3,3,-2.382549116330729,0.0275199886882803,-2.426,0.026
3220,3220,dens_2238932092645470826,910,Density,<Substance OCCN1CCOCC1{solv}{x=0.743900}|O{solv}{x=0.256100}>,O,OCCN1CCOCC1,Protein-Null-0.0.3-4-mer-AAQAA3-1E3-2-OPC3_opc3,3,1.0864111644062768,0.0002153771949086,1.08031,0.001565
3221,3221,dens_2269173599223764079,911,Density,<Substance OCCN1CCOCC1{solv}{x=0.485200}|O{solv}{x=0.514800}>,O,OCCN1CCOCC1,Protein-Null-0.0.3-4-mer-AAQAA3-1E3-2-OPC3_opc3,3,1.0935101187977054,0.0002297866316928,1.0866900000000004,0.00159
3222,3222,dhmix_636778454546345333,912,EnthalpyOfMixing,<Substance C1CCCCC1{solv}{x=0.506300}|CNc1ccccc1{solv}{x=0.493700}>,C1CCCCC1,CNc1ccccc1,Protein-Null-0.0.3-4-mer-AAQAA3-1E3-2-OPC3_opc3,3,2.088500638428968,0.0384316264726983,1.628,0.0175
3223,3223,dens_1209163492396921559,913,Density,<Substance C1CCCCC1{solv}{x=0.247000}|CNc1ccccc1{solv}{x=0.753000}>,C1CCCCC1,CNc1ccccc1,Protein-Null-0.0.3-4-mer-AAQAA3-1E3-2-OPC3_opc3,3,0.9308866985341436,0.0002786422366014,0.9289450000000002,0.000272
3224,3224,dens_1438140901521078017,914,Density,<Substance C1CCCCC1{solv}{x=0.494500}|CNc1ccccc1{solv}{x=0.505500}>,C1CCCCC1,CNc1ccccc1,Protein-Null-0.0.3-4-mer-AAQAA3-1E3-2-OPC3_opc3,3,0.8687816522025623,0.0002119874425675,0.8759620000000002,0.0001835
3225,3225,dens_1482697199055102595,915,Density,<Substance C1CCCCC1{solv}{x=0.746400}|CNc1ccccc1{solv}{x=0.253600}>,C1CCCCC1,CNc1ccccc1,Protein-Null-0.0.3-4-mer-AAQAA3-1E3-2-OPC3_opc3,3,0.8088189009408946,0.000208866942561,0.8233530000000001,0.000138
3226,3226,dhmix_1832297119731463766,916,EnthalpyOfMixing,<Substance C1CCCCC1{solv}{x=0.204700}|CNc1ccccc1{solv}{x=0.795300}>,C1CCCCC1,CNc1ccccc1,Protein-Null-0.0.3-4-mer-AAQAA3-1E3-2-OPC3_opc3,3,1.7173030082370104,0.0451404752442638,0.972,0.0105
3227,3227,dhmix_1889368397403208807,917,EnthalpyOfMixing,<Substance C1CCCCC1{solv}{x=0.706600}|CNc1ccccc1{solv}{x=0.293400}>,C1CCCCC1,CNc1ccccc1,Protein-Null-0.0.3-4-mer-AAQAA3-1E3-2-OPC3_opc3,3,1.9999733391752272,0.0372277856812178,1.521,0.0165
3228,3228,dhmix_637657437173907469,918,EnthalpyOfMixing,<Substance CC(C)=O{solv}{x=0.709700}|CNc1ccccc1{solv}{x=0.290300}>,CC(C)=O,CNc1ccccc1,Protein-Null-0.0.3-4-mer-AAQAA3-1E3-2-OPC3_opc3,3,-0.5445284852738332,0.0374522145782562,-0.525,0.0055
3229,3229,dhmix_817594693007274900,919,EnthalpyOfMixing,<Substance CC(C)=O{solv}{x=0.231600}|CNc1ccccc1{solv}{x=0.768400}>,CC(C)=O,CNc1ccccc1,Protein-Null-0.0.3-4-mer-AAQAA3-1E3-2-OPC3_opc3,3,-0.3359615764904449,0.0701990807668549,-0.5,0.0055
3230,3230,dens_830664987854613197,920,Density,<Substance CC(C)=O{solv}{x=0.250300}|CNc1ccccc1{solv}{x=0.749700}>,CC(C)=O,CNc1ccccc1,Protein-Null-0.0.3-4-mer-AAQAA3-1E3-2-OPC3_opc3,3,0.9603470512682628,0.0002142865024984,0.9502900000000002,0.0003395
3231,3231,dhmix_1052042310023734389,921,EnthalpyOfMixing,<Substance CC(C)=O{solv}{x=0.508600}|CNc1ccccc1{solv}{x=0.491400}>,CC(C)=O,CNc1ccccc1,Protein-Null-0.0.3-4-mer-AAQAA3-1E3-2-OPC3_opc3,3,-0.8241874791197539,0.0394477105922284,-0.672,0.0075
3232,3232,dens_1302333367899693905,922,Density,<Substance CC(C)=O{solv}{x=0.750600}|CNc1ccccc1{solv}{x=0.249400}>,CC(C)=O,CNc1ccccc1,Protein-Null-0.0.3-4-mer-AAQAA3-1E3-2-OPC3_opc3,3,0.850950963844781,0.0002494057197354,0.8565010000000002,0.000231
3233,3233,dens_1582643029733708616,923,Density,<Substance CC(C)=O{solv}{x=0.494800}|CNc1ccccc1{solv}{x=0.505200}>,CC(C)=O,CNc1ccccc1,Protein-Null-0.0.3-4-mer-AAQAA3-1E3-2-OPC3_opc3,3,0.9132979813145744,0.0001983949229384,0.9107940000000002,0.000263
3234,3234,dens_650566412384126439,924,Density,<Substance CC(C)CC(C)(C)C{solv}{x=0.158800}|CCCCC(=O)OC{solv}{x=0.841200}>,CC(C)CC(C)(C)C,CCCCC(=O)OC,Protein-Null-0.0.3-4-mer-AAQAA3-1E3-2-OPC3_opc3,3,0.8479008866906216,0.0001961423826573,0.8463800000000002,0.000505
3235,3235,dhmix_986100941633296124,925,EnthalpyOfMixing,<Substance CC(C)CC(C)(C)C{solv}{x=0.481800}|CCCCC(=O)OC{solv}{x=0.518200}>,CC(C)CC(C)(C)C,CCCCC(=O)OC,Protein-Null-0.0.3-4-mer-AAQAA3-1E3-2-OPC3_opc3,3,1.4364644245728613,0.0491369901229103,0.866,0.0095
3236,3236,dens_1095352626338523806,926,Density,<Substance CC(C)CC(C)(C)C{solv}{x=0.742500}|CCCCC(=O)OC{solv}{x=0.257500}>,CC(C)CC(C)(C)C,CCCCC(=O)OC,Protein-Null-0.0.3-4-mer-AAQAA3-1E3-2-OPC3_opc3,3,0.7424940850448438,0.0001958820208949,0.7289800000000002,0.000505
3237,3237,dens_1260001645299629257,927,Density,<Substance CC(C)CC(C)(C)C{solv}{x=0.498400}|CCCCC(=O)OC{solv}{x=0.501600}>,CC(C)CC(C)(C)C,CCCCC(=O)OC,Protein-Null-0.0.3-4-mer-AAQAA3-1E3-2-OPC3_opc3,3,0.7830671814012775,0.000183213233959,0.7738400000000002,0.000505
3238,3238,dhmix_1505455794590867712,928,EnthalpyOfMixing,<Substance CC(C)CC(C)(C)C{solv}{x=0.158900}|CCCCC(=O)OC{solv}{x=0.841100}>,CC(C)CC(C)(C)C,CCCCC(=O)OC,Protein-Null-0.0.3-4-mer-AAQAA3-1E3-2-OPC3_opc3,3,0.7817812011469059,0.0466392230715241,0.438,0.005
3239,3239,dhmix_1888614200283593194,929,EnthalpyOfMixing,<Substance CC(C)CC(C)(C)C{solv}{x=0.781300}|CCCCC(=O)OC{solv}{x=0.218700}>,CC(C)CC(C)(C)C,CCCCC(=O)OC,Protein-Null-0.0.3-4-mer-AAQAA3-1E3-2-OPC3_opc3,3,1.077026321976405,0.0493255136393944,0.658,0.007
3240,3240,dhmix_657900975986635712,930,EnthalpyOfMixing,<Substance Cc1ccccc1N{solv}{x=0.782700}|Cc1ccncc1{solv}{x=0.217300}>,Cc1ccccc1N,Cc1ccncc1,Protein-Null-0.0.3-4-mer-AAQAA3-1E3-2-OPC3_opc3,3,-1.1548695779989373,0.0386967127201267,-0.8885,0.0182
3241,3241,dhmix_727678512066874384,931,EnthalpyOfMixing,<Substance Cc1ccccc1N{solv}{x=0.478300}|Cc1ccncc1{solv}{x=0.521700}>,Cc1ccccc1N,Cc1ccncc1,Protein-Null-0.0.3-4-mer-AAQAA3-1E3-2-OPC3_opc3,3,-1.7612461949586589,0.0383008786254185,-1.4295,0.0291
3242,3242,dhmix_860941552641107708,932,EnthalpyOfMixing,<Substance Cc1ccccc1N{solv}{x=0.271500}|Cc1ccncc1{solv}{x=0.728500}>,Cc1ccccc1N,Cc1ccncc1,Protein-Null-0.0.3-4-mer-AAQAA3-1E3-2-OPC3_opc3,3,-1.5389503199481425,0.0420165241296472,-1.1791,0.02405
3243,3243,dens_1148106102021344214,933,Density,<Substance Cc1ccccc1N{solv}{x=0.265500}|Cc1ccncc1{solv}{x=0.734500}>,Cc1ccccc1N,Cc1ccncc1,Protein-Null-0.0.3-4-mer-AAQAA3-1E3-2-OPC3_opc3,3,0.969187596896903,0.0001874480940139,0.9662520000000002,0.00012
3244,3244,dens_1294189007890656769,934,Density,<Substance Cc1ccccc1N{solv}{x=0.486300}|Cc1ccncc1{solv}{x=0.513700}>,Cc1ccccc1N,Cc1ccncc1,Protein-Null-0.0.3-4-mer-AAQAA3-1E3-2-OPC3_opc3,3,0.9862019986480544,0.0002130893541617,0.9765780000000002,0.000119
3245,3245,dens_1461384477504239974,935,Density,<Substance Cc1ccccc1N{solv}{x=0.767400}|Cc1ccncc1{solv}{x=0.232600}>,Cc1ccccc1N,Cc1ccncc1,Protein-Null-0.0.3-4-mer-AAQAA3-1E3-2-OPC3_opc3,3,1.0060561658328353,0.0003698094123606,0.9868740000000004,0.000118
3246,3246,dens_671712471159959715,936,Density,<Substance CCCCCCN{solv}{x=0.294400}|CN(C)C=O{solv}{x=0.705600}>,CCCCCCN,CN(C)C=O,Protein-Null-0.0.3-4-mer-AAQAA3-1E3-2-OPC3_opc3,3,0.8630742314756279,0.0002249717512495,0.8676880000000002,0.001057
3247,3247,dhmix_791979567859859400,937,EnthalpyOfMixing,<Substance CCCCCCN{solv}{x=0.747800}|CN(C)C=O{solv}{x=0.252200}>,CCCCCCN,CN(C)C=O,Protein-Null-0.0.3-4-mer-AAQAA3-1E3-2-OPC3_opc3,3,0.6613282212630907,0.0458047408447435,0.461,0.015
3248,3248,dens_812907294215791908,938,Density,<Substance CCCCCCN{solv}{x=0.450000}|CN(C)C=O{solv}{x=0.550000}>,CCCCCCN,CN(C)C=O,Protein-Null-0.0.3-4-mer-AAQAA3-1E3-2-OPC3_opc3,3,0.8406050758350385,0.0002240508442719,0.8367510000000001,0.001016
3249,3249,dhmix_1553880519684715156,939,EnthalpyOfMixing,<Substance CCCCCCN{solv}{x=0.249700}|CN(C)C=O{solv}{x=0.750300}>,CCCCCCN,CN(C)C=O,Protein-Null-0.0.3-4-mer-AAQAA3-1E3-2-OPC3_opc3,3,0.5562092823592124,0.0454251211939799,0.51,0.0165
3250,3250,dens_1658157305664412923,940,Density,<Substance CCCCCCN{solv}{x=0.745200}|CN(C)C=O{solv}{x=0.254800}>,CCCCCCN,CN(C)C=O,Protein-Null-0.0.3-4-mer-AAQAA3-1E3-2-OPC3_opc3,3,0.8049669544646736,0.0001636368965858,0.7905460000000002,0.0009575
3251,3251,dhmix_2271922176351407084,941,EnthalpyOfMixing,<Substance CCCCCCN{solv}{x=0.499700}|CN(C)C=O{solv}{x=0.500300}>,CCCCCCN,CN(C)C=O,Protein-Null-0.0.3-4-mer-AAQAA3-1E3-2-OPC3_opc3,3,0.8185729737961793,0.0433318510836809,0.661,0.02
3252,3252,dhmix_676105854791415053,942,EnthalpyOfMixing,<Substance C=C(C)[C@H]1CC=C(C)CC1{solv}{x=0.540000}|CCCCCO{solv}{x=0.460000}>,C=C(C)[C@H]1CC=C(C)CC1,CCCCCO,Protein-Null-0.0.3-4-mer-AAQAA3-1E3-2-OPC3_opc3,3,0.700377200585379,0.0509596084589195,0.858,0.0345
3253,3253,dhmix_865539540276734208,943,EnthalpyOfMixing,<Substance C=C(C)[C@H]1CC=C(C)CC1{solv}{x=0.766000}|CCCCCO{solv}{x=0.234000}>,C=C(C)[C@H]1CC=C(C)CC1,CCCCCO,Protein-Null-0.0.3-4-mer-AAQAA3-1E3-2-OPC3_opc3,3,0.7131763304211063,0.0529911015223188,0.782,0.0315
3254,3254,dens_1544700949225348296,944,Density,<Substance C=C(C)[C@H]1CC=C(C)CC1{solv}{x=0.263500}|CCCCCO{solv}{x=0.736500}>,C=C(C)[C@H]1CC=C(C)CC1,CCCCCO,Protein-Null-0.0.3-4-mer-AAQAA3-1E3-2-OPC3_opc3,3,0.8146552714928437,0.0001622251294489,0.8238000000000002,0.0002
3255,3255,dens_1638649899512334435,945,Density,<Substance C=C(C)[C@H]1CC=C(C)CC1{solv}{x=0.543500}|CCCCCO{solv}{x=0.456500}>,C=C(C)[C@H]1CC=C(C)CC1,CCCCCO,Protein-Null-0.0.3-4-mer-AAQAA3-1E3-2-OPC3_opc3,3,0.8162775456322561,0.0001866478177503,0.8312000000000003,0.0003
3256,3256,dens_2014432371647189246,946,Density,<Substance C=C(C)[C@H]1CC=C(C)CC1{solv}{x=0.725200}|CCCCCO{solv}{x=0.274800}>,C=C(C)[C@H]1CC=C(C)CC1,CCCCCO,Protein-Null-0.0.3-4-mer-AAQAA3-1E3-2-OPC3_opc3,3,0.8172543996802618,0.0001648961700198,0.8354000000000001,0.00035
3257,3257,dhmix_2293008983270202716,947,EnthalpyOfMixing,<Substance C=C(C)[C@H]1CC=C(C)CC1{solv}{x=0.272000}|CCCCCO{solv}{x=0.728000}>,C=C(C)[C@H]1CC=C(C)CC1,CCCCCO,Protein-Null-0.0.3-4-mer-AAQAA3-1E3-2-OPC3_opc3,3,0.6395487878569526,0.0472729582835213,0.532,0.0215
3258,3258,dens_680086766431069719,948,Density,<Substance CN1CCNCC1{solv}{x=0.209100}|O{solv}{x=0.790900}>,CN1CCNCC1,O,Protein-Null-0.0.3-4-mer-AAQAA3-1E3-2-OPC3_opc3,3,1.0200092385387538,0.0007304777652909,1.0013300000000005,4.000000000000001e-05
3259,3259,dhmix_979415629850644100,949,EnthalpyOfMixing,<Substance CN1CCNCC1{solv}{x=0.199800}|O{solv}{x=0.800200}>,CN1CCNCC1,O,Protein-Null-0.0.3-4-mer-AAQAA3-1E3-2-OPC3_opc3,3,-4.295928222873634,0.0233462527200138,-4.495,0.048
3260,3260,dhmix_1386641258873877278,950,EnthalpyOfMixing,<Substance CN1CCNCC1{solv}{x=0.792600}|O{solv}{x=0.207400}>,CN1CCNCC1,O,Protein-Null-0.0.3-4-mer-AAQAA3-1E3-2-OPC3_opc3,3,-1.3587549473655258,0.0538877804354104,-1.753,0.019
3261,3261,dhmix_1572121970391530461,951,EnthalpyOfMixing,<Substance CN1CCNCC1{solv}{x=0.550000}|O{solv}{x=0.450000}>,CN1CCNCC1,O,Protein-Null-0.0.3-4-mer-AAQAA3-1E3-2-OPC3_opc3,3,-3.457034982019934,0.0279487773549516,-3.547,0.038
3262,3262,dens_1756096179620961699,952,Density,<Substance CN1CCNCC1{solv}{x=0.510900}|O{solv}{x=0.489100}>,CN1CCNCC1,O,Protein-Null-0.0.3-4-mer-AAQAA3-1E3-2-OPC3_opc3,3,0.9780369610529928,0.000342357539192,0.9464100000000002,7.000000000000002e-05
3263,3263,dens_1892970147583328629,953,Density,<Substance CN1CCNCC1{solv}{x=0.706500}|O{solv}{x=0.293500}>,CN1CCNCC1,O,Protein-Null-0.0.3-4-mer-AAQAA3-1E3-2-OPC3_opc3,3,0.9681961619736106,0.0003002679998226,0.9223100000000002,8.500000000000002e-05
3264,3264,dhmix_681274412655414068,954,EnthalpyOfMixing,<Substance CCCOC(=O)CC{solv}{x=0.739400}|Cc1ccccc1{solv}{x=0.260600}>,CCCOC(=O)CC,Cc1ccccc1,Protein-Null-0.0.3-4-mer-AAQAA3-1E3-2-OPC3_opc3,3,-0.1582361389086131,0.0460589539748587,-0.1135,0.0033
3265,3265,dhmix_720914323963600437,955,EnthalpyOfMixing,<Substance CCCOC(=O)CC{solv}{x=0.238900}|Cc1ccccc1{solv}{x=0.761100}>,CCCOC(=O)CC,Cc1ccccc1,Protein-Null-0.0.3-4-mer-AAQAA3-1E3-2-OPC3_opc3,3,-0.3746851494101832,0.0387611533450776,-0.1404,0.0037
3266,3266,dens_1397630560016316656,956,Density,<Substance CCCOC(=O)CC{solv}{x=0.274700}|Cc1ccccc1{solv}{x=0.725300}>,CCCOC(=O)CC,Cc1ccccc1,Protein-Null-0.0.3-4-mer-AAQAA3-1E3-2-OPC3_opc3,3,0.8587263629715661,0.0002460695512501,0.8675700000000003,0.00018
3267,3267,dhmix_1646061995263935606,957,EnthalpyOfMixing,<Substance CCCOC(=O)CC{solv}{x=0.548600}|Cc1ccccc1{solv}{x=0.451400}>,CCCOC(=O)CC,Cc1ccccc1,Protein-Null-0.0.3-4-mer-AAQAA3-1E3-2-OPC3_opc3,3,-0.2458903045373333,0.0444382872335308,-0.1583,0.004
3268,3268,dens_1792064777238352129,958,Density,<Substance CCCOC(=O)CC{solv}{x=0.490700}|Cc1ccccc1{solv}{x=0.509300}>,CCCOC(=O)CC,Cc1ccccc1,Protein-Null-0.0.3-4-mer-AAQAA3-1E3-2-OPC3_opc3,3,0.8638580103616446,0.0002448298588885,0.8707300000000002,0.00019
3269,3269,dens_1826904081955826008,959,Density,<Substance CCCOC(=O)CC{solv}{x=0.734600}|Cc1ccccc1{solv}{x=0.265400}>,CCCOC(=O)CC,Cc1ccccc1,Protein-Null-0.0.3-4-mer-AAQAA3-1E3-2-OPC3_opc3,3,0.8681663123846884,0.0002405731710703,0.8734100000000001,0.00021
3270,3270,dens_685747331874801159,960,Density,<Substance CN1CCOCC1{solv}{x=0.498300}|O{solv}{x=0.501700}>,CN1CCOCC1,O,Protein-Null-0.0.3-4-mer-AAQAA3-1E3-2-OPC3_opc3,3,0.9804367771483804,0.0005216993872432,0.9627600000000002,0.00084
3271,3271,dens_1087644349445114282,961,Density,<Substance CN1CCOCC1{solv}{x=0.253800}|O{solv}{x=0.746200}>,CN1CCOCC1,O,Protein-Null-0.0.3-4-mer-AAQAA3-1E3-2-OPC3_opc3,3,0.9974787591322086,0.0004050346151779,0.9918800000000002,0.00059
3272,3272,dens_1374975991061431070,962,Density,<Substance CN1CCOCC1{solv}{x=0.758700}|O{solv}{x=0.241300}>,CN1CCOCC1,O,Protein-Null-0.0.3-4-mer-AAQAA3-1E3-2-OPC3_opc3,3,0.9653324524145648,0.0002297028163126,0.9345300000000002,0.00112
3273,3273,dhmix_686592400130667234,963,EnthalpyOfMixing,<Substance BrCCCBr{solv}{x=0.231300}|COC(C)=O{solv}{x=0.768700}>,BrCCCBr,COC(C)=O,Protein-Null-0.0.3-4-mer-AAQAA3-1E3-2-OPC3_opc3,3,0.2456039783195294,0.0386584179479928,0.2115,0.0024
3274,3274,dhmix_691866222529030049,964,EnthalpyOfMixing,<Substance BrCCCBr{solv}{x=0.504200}|COC(C)=O{solv}{x=0.495800}>,BrCCCBr,COC(C)=O,Protein-Null-0.0.3-4-mer-AAQAA3-1E3-2-OPC3_opc3,3,0.2805077667250053,0.027542824589854,0.3912,0.0038
3275,3275,dens_1032175440351342196,965,Density,<Substance BrCCCBr{solv}{x=0.243500}|COC(C)=O{solv}{x=0.756500}>,BrCCCBr,COC(C)=O,Protein-Null-0.0.3-4-mer-AAQAA3-1E3-2-OPC3_opc3,3,1.2200781965843006,0.0003738649197951,1.2277600000000002,0.00096
3276,3276,dens_1180265274183315765,966,Density,<Substance BrCCCBr{solv}{x=0.713800}|COC(C)=O{solv}{x=0.286200}>,BrCCCBr,COC(C)=O,Protein-Null-0.0.3-4-mer-AAQAA3-1E3-2-OPC3_opc3,3,1.6703723778213344,0.0004709787382453,1.7174300000000005,0.002745
3277,3277,dhmix_1380172638999588939,967,EnthalpyOfMixing,<Substance BrCCCBr{solv}{x=0.759400}|COC(C)=O{solv}{x=0.240600}>,BrCCCBr,COC(C)=O,Protein-Null-0.0.3-4-mer-AAQAA3-1E3-2-OPC3_opc3,3,0.141890119594148,0.0372100379059643,0.313,0.0032
3278,3278,dens_1697077234757321859,968,Density,<Substance BrCCCBr{solv}{x=0.525600}|COC(C)=O{solv}{x=0.474400}>,BrCCCBr,COC(C)=O,Protein-Null-0.0.3-4-mer-AAQAA3-1E3-2-OPC3_opc3,3,1.5050243174726212,0.0004433034288253,1.5338800000000006,0.001965
3279,3279,dens_693154680723850561,969,Density,<Substance CN1CCCC1=O{solv}{x=0.756400}|Cc1ccccc1{solv}{x=0.243600}>,CN1CCCC1=O,Cc1ccccc1,Protein-Null-0.0.3-4-mer-AAQAA3-1E3-2-OPC3_opc3,3,0.9620676985747132,0.0002297176778025,0.9854500000000004,0.00034
3280,3280,dhmix_1759507684169085916,970,EnthalpyOfMixing,<Substance CN1CCCC1=O{solv}{x=0.741800}|Cc1ccccc1{solv}{x=0.258200}>,CN1CCCC1=O,Cc1ccccc1,Protein-Null-0.0.3-4-mer-AAQAA3-1E3-2-OPC3_opc3,3,-0.0356611915026974,0.0384473978562762,-0.2141,0.0024
3281,3281,dens_1796497685752507694,971,Density,<Substance CN1CCCC1=O{solv}{x=0.481500}|Cc1ccccc1{solv}{x=0.518500}>,CN1CCCC1=O,Cc1ccccc1,Protein-Null-0.0.3-4-mer-AAQAA3-1E3-2-OPC3_opc3,3,0.9216663980201258,0.0002137891993361,0.9415400000000002,0.00028
3282,3282,dhmix_1857599089574133884,972,EnthalpyOfMixing,<Substance CN1CCCC1=O{solv}{x=0.223100}|Cc1ccccc1{solv}{x=0.776900}>,CN1CCCC1=O,Cc1ccccc1,Protein-Null-0.0.3-4-mer-AAQAA3-1E3-2-OPC3_opc3,3,-0.0765235927684031,0.042219716031937,-0.1889,0.00215
3283,3283,dens_1886489466266398819,973,Density,<Substance CN1CCCC1=O{solv}{x=0.221600}|Cc1ccccc1{solv}{x=0.778400}>,CN1CCCC1=O,Cc1ccccc1,Protein-Null-0.0.3-4-mer-AAQAA3-1E3-2-OPC3_opc3,3,0.8915747731834973,0.0001701988793248,0.9061600000000002,0.00076
3284,3284,dhmix_2238554893157725289,974,EnthalpyOfMixing,<Substance CN1CCCC1=O{solv}{x=0.482100}|Cc1ccccc1{solv}{x=0.517900}>,CN1CCCC1=O,Cc1ccccc1,Protein-Null-0.0.3-4-mer-AAQAA3-1E3-2-OPC3_opc3,3,-0.1639579204229591,0.0424524692405362,-0.2985,0.0033
3285,3285,dens_717951284355382404,975,Density,<Substance CN1CCCC1=O{solv}{x=0.702300}|ClCCCCCCCl{solv}{x=0.297700}>,CN1CCCC1=O,ClCCCCCCCl,Protein-Null-0.0.3-4-mer-AAQAA3-1E3-2-OPC3_opc3,3,1.0239418708425123,0.0002035596685923,1.0416,0.0003
3286,3286,dhmix_859697969059379656,976,EnthalpyOfMixing,<Substance CN1CCCC1=O{solv}{x=0.503000}|ClCCCCCCCl{solv}{x=0.497000}>,CN1CCCC1=O,ClCCCCCCCl,Protein-Null-0.0.3-4-mer-AAQAA3-1E3-2-OPC3_opc3,3,0.306643570549582,0.0416162365161892,-0.2,0.0025
3287,3287,dhmix_916885053388204545,977,EnthalpyOfMixing,<Substance CN1CCCC1=O{solv}{x=0.212000}|ClCCCCCCCl{solv}{x=0.788000}>,CN1CCCC1=O,ClCCCCCCCl,Protein-Null-0.0.3-4-mer-AAQAA3-1E3-2-OPC3_opc3,3,0.1351125694922217,0.0498804199554924,-0.13,0.002
3288,3288,dens_1483670447992291960,978,Density,<Substance CN1CCCC1=O{solv}{x=0.201600}|ClCCCCCCCl{solv}{x=0.798400}>,CN1CCCC1=O,ClCCCCCCCl,Protein-Null-0.0.3-4-mer-AAQAA3-1E3-2-OPC3_opc3,3,1.0497875137859092,0.0002337909904557,1.0584000000000005,0.00055
3289,3289,dens_1896555095774116819,979,Density,<Substance CN1CCCC1=O{solv}{x=0.504900}|ClCCCCCCCl{solv}{x=0.495100}>,CN1CCCC1=O,ClCCCCCCCl,Protein-Null-0.0.3-4-mer-AAQAA3-1E3-2-OPC3_opc3,3,1.03594457726194,0.0002350217855617,1.0490000000000002,0.00035
3290,3290,dhmix_2039443272323887912,980,EnthalpyOfMixing,<Substance CN1CCCC1=O{solv}{x=0.797000}|ClCCCCCCCl{solv}{x=0.203000}>,CN1CCCC1=O,ClCCCCCCCl,Protein-Null-0.0.3-4-mer-AAQAA3-1E3-2-OPC3_opc3,3,0.2686270524018255,0.0416037289213239,-0.123,0.002
3291,3291,dhmix_729169544598225866,981,EnthalpyOfMixing,<Substance CN(C)C=O{solv}{x=0.203000}|ClCCCCCCCl{solv}{x=0.797000}>,CN(C)C=O,ClCCCCCCCl,Protein-Null-0.0.3-4-mer-AAQAA3-1E3-2-OPC3_opc3,3,0.489512749676976,0.0496007244936546,0.195,0.0025
3292,3292,dhmix_1359105787212172230,982,EnthalpyOfMixing,<Substance CN(C)C=O{solv}{x=0.796000}|ClCCCCCCCl{solv}{x=0.204000}>,CN(C)C=O,ClCCCCCCCl,Protein-Null-0.0.3-4-mer-AAQAA3-1E3-2-OPC3_opc3,3,0.4516755541726098,0.0390365607740712,0.24,0.0025
3293,3293,dhmix_1534380829757525169,983,EnthalpyOfMixing,<Substance CN(C)C=O{solv}{x=0.498000}|ClCCCCCCCl{solv}{x=0.502000}>,CN(C)C=O,ClCCCCCCCl,Protein-Null-0.0.3-4-mer-AAQAA3-1E3-2-OPC3_opc3,3,0.6794471761772769,0.0429149289528501,0.34,0.0025
3294,3294,dens_1752369236407148840,984,Density,<Substance CN(C)C=O{solv}{x=0.503300}|ClCCCCCCCl{solv}{x=0.496700}>,CN(C)C=O,ClCCCCCCCl,Protein-Null-0.0.3-4-mer-AAQAA3-1E3-2-OPC3_opc3,3,1.0053180766931833,0.000267733261687,1.0190000000000003,0.00155
3295,3295,dens_2070195997725277466,985,Density,<Substance CN(C)C=O{solv}{x=0.703400}|ClCCCCCCCl{solv}{x=0.296600}>,CN(C)C=O,ClCCCCCCCl,Protein-Null-0.0.3-4-mer-AAQAA3-1E3-2-OPC3_opc3,3,0.976521568519488,0.0002355950237309,0.9943000000000002,0.0017
3296,3296,dens_2171945276872385012,986,Density,<Substance CN(C)C=O{solv}{x=0.201300}|ClCCCCCCCl{solv}{x=0.798700}>,CN(C)C=O,ClCCCCCCCl,Protein-Null-0.0.3-4-mer-AAQAA3-1E3-2-OPC3_opc3,3,1.038736962761195,0.0002188188866021,1.0486000000000002,0.0014
3297,3297,dens_741100297092592576,987,Density,<Substance C1CCCCC1{solv}{x=0.265900}|C1CCOCC1{solv}{x=0.734100}>,C1CCCCC1,C1CCOCC1,Protein-Null-0.0.3-4-mer-AAQAA3-1E3-2-OPC3_opc3,3,0.8342724362760668,0.0002040957321184,0.8470300000000002,0.000505
3298,3298,dens_1002639246322609242,988,Density,<Substance C1CCCCC1{solv}{x=0.762200}|C1CCOCC1{solv}{x=0.237800}>,C1CCCCC1,C1CCOCC1,Protein-Null-0.0.3-4-mer-AAQAA3-1E3-2-OPC3_opc3,3,0.7766630883742951,0.0002503443789817,0.7952000000000002,0.000505
3299,3299,dhmix_1171155554844966705,989,EnthalpyOfMixing,<Substance C1CCCCC1{solv}{x=0.247100}|C1CCOCC1{solv}{x=0.752900}>,C1CCCCC1,C1CCOCC1,Protein-Null-0.0.3-4-mer-AAQAA3-1E3-2-OPC3_opc3,3,0.4954933946406044,0.0478110678319829,0.3613,0.00395
3300,3300,dens_2142973677177666085,990,Density,<Substance C1CCCCC1{solv}{x=0.501800}|C1CCOCC1{solv}{x=0.498200}>,C1CCCCC1,C1CCOCC1,Protein-Null-0.0.3-4-mer-AAQAA3-1E3-2-OPC3_opc3,3,0.8057553430387852,0.0002453612436837,0.8211500000000002,0.000505
3301,3301,dhmix_2195791820105752985,991,EnthalpyOfMixing,<Substance C1CCCCC1{solv}{x=0.726600}|C1CCOCC1{solv}{x=0.273400}>,C1CCCCC1,C1CCOCC1,Protein-Null-0.0.3-4-mer-AAQAA3-1E3-2-OPC3_opc3,3,0.5605974895992176,0.0400539306829841,0.4424,0.00485
3302,3302,dhmix_2296999979529762407,992,EnthalpyOfMixing,<Substance C1CCCCC1{solv}{x=0.499000}|C1CCOCC1{solv}{x=0.501000}>,C1CCCCC1,C1CCOCC1,Protein-Null-0.0.3-4-mer-AAQAA3-1E3-2-OPC3_opc3,3,0.600110160659213,0.0379942454131892,0.526,0.0055
3303,3303,dhmix_744994939606384802,993,EnthalpyOfMixing,<Substance CO{solv}{x=0.300000}|O{solv}{x=0.700000}>,CO,O,Protein-Null-0.0.3-4-mer-AAQAA3-1E3-2-OPC3_opc3,3,-0.1009242557457312,0.0216780545037297,-0.85,0.005
3304,3304,dens_1085345433585028387,994,Density,<Substance CO{solv}{x=0.499700}|O{solv}{x=0.500300}>,CO,O,Protein-Null-0.0.3-4-mer-AAQAA3-1E3-2-OPC3_opc3,3,0.8583931031418124,0.0004136166509471,0.8816900000000003,0.000165
3305,3305,dhmix_1126710771921470495,995,EnthalpyOfMixing,<Substance CO{solv}{x=0.700000}|O{solv}{x=0.300000}>,CO,O,Protein-Null-0.0.3-4-mer-AAQAA3-1E3-2-OPC3_opc3,3,-0.1390153749639679,0.0297491609275713,-0.583,0.0035
3306,3306,dens_1258832080354057572,996,Density,<Substance CO{solv}{x=0.300300}|O{solv}{x=0.699700}>,CO,O,Protein-Null-0.0.3-4-mer-AAQAA3-1E3-2-OPC3_opc3,3,0.9082991072153932,0.0004638794016224,0.9252100000000004,0.000125
3307,3307,dens_1758371820245200558,997,Density,<Substance CO{solv}{x=0.760500}|O{solv}{x=0.239500}>,CO,O,Protein-Null-0.0.3-4-mer-AAQAA3-1E3-2-OPC3_opc3,3,0.806275900457402,0.0004053277435225,0.8289000000000002,0.0001
3308,3308,dhmix_1824296469249495553,998,EnthalpyOfMixing,<Substance CO{solv}{x=0.500000}|O{solv}{x=0.500000}>,CO,O,Protein-Null-0.0.3-4-mer-AAQAA3-1E3-2-OPC3_opc3,3,-0.0586552196710457,0.0226788066598152,-0.777,0.0045
3309,3309,dhmix_753952445434773754,999,EnthalpyOfMixing,<Substance CCCCCCCCCl{solv}{x=0.493000}|CN1CCCC1=O{solv}{x=0.507000}>,CCCCCCCCCl,CN1CCCC1=O,Protein-Null-0.0.3-4-mer-AAQAA3-1E3-2-OPC3_opc3,3,1.2846380053623392,0.0494240225147606,0.638,0.0035
3310,3310,dhmix_1273186684325800862,1000,EnthalpyOfMixing,<Substance CCCCCCCCCl{solv}{x=0.783000}|CN1CCCC1=O{solv}{x=0.217000}>,CCCCCCCCCl,CN1CCCC1=O,Protein-Null-0.0.3-4-mer-AAQAA3-1E3-2-OPC3_opc3,3,0.8724102354167087,0.0607358813576426,0.371,0.003
3311,3311,dhmix_1457789704046029008,1001,EnthalpyOfMixing,<Substance CCCCCCCCCl{solv}{x=0.202000}|CN1CCCC1=O{solv}{x=0.798000}>,CCCCCCCCCl,CN1CCCC1=O,Protein-Null-0.0.3-4-mer-AAQAA3-1E3-2-OPC3_opc3,3,0.8471011410691816,0.0430932765608686,0.5,0.0035
3312,3312,dens_1965529278608066299,1002,Density,<Substance CCCCCCCCCl{solv}{x=0.299500}|CN1CCCC1=O{solv}{x=0.700500}>,CCCCCCCCCl,CN1CCCC1=O,Protein-Null-0.0.3-4-mer-AAQAA3-1E3-2-OPC3_opc3,3,0.9428883016764316,0.0001819248604458,0.9598000000000002,0.00025
3313,3313,dens_2167805246575708222,1003,Density,<Substance CCCCCCCCCl{solv}{x=0.798600}|CN1CCCC1=O{solv}{x=0.201400}>,CCCCCCCCCl,CN1CCCC1=O,Protein-Null-0.0.3-4-mer-AAQAA3-1E3-2-OPC3_opc3,3,0.8794190849406908,0.0001709255231904,0.8888000000000001,0.00055
3314,3314,dens_2177162670107081086,1004,Density,<Substance CCCCCCCCCl{solv}{x=0.497900}|CN1CCCC1=O{solv}{x=0.502100}>,CCCCCCCCCl,CN1CCCC1=O,Protein-Null-0.0.3-4-mer-AAQAA3-1E3-2-OPC3_opc3,3,0.9132610437124916,0.0001921264243181,0.9269000000000002,0.00035
3315,3315,dhmix_756380521637559100,1005,EnthalpyOfMixing,<Substance C1COCCO1{solv}{x=0.500000}|O=C1CCCCC1{solv}{x=0.500000}>,C1COCCO1,O=C1CCCCC1,Protein-Null-0.0.3-4-mer-AAQAA3-1E3-2-OPC3_opc3,3,0.1132315310883029,0.043509238154946,0.28584,0.00154
3316,3316,dens_1139761443535371798,1006,Density,<Substance C1COCCO1{solv}{x=0.459400}|O=C1CCCCC1{solv}{x=0.540600}>,C1COCCO1,O=C1CCCCC1,Protein-Null-0.0.3-4-mer-AAQAA3-1E3-2-OPC3_opc3,3,0.9621632387130008,0.0001619925104314,0.9762000000000004,0.00025
3317,3317,dhmix_1367833850972054360,1007,EnthalpyOfMixing,<Substance C1COCCO1{solv}{x=0.750000}|O=C1CCCCC1{solv}{x=0.250000}>,C1COCCO1,O=C1CCCCC1,Protein-Null-0.0.3-4-mer-AAQAA3-1E3-2-OPC3_opc3,3,0.11340773134458,0.0430611619015772,0.23662,0.001355
3318,3318,dhmix_1533665710565492443,1008,EnthalpyOfMixing,<Substance C1COCCO1{solv}{x=0.250000}|O=C1CCCCC1{solv}{x=0.750000}>,C1COCCO1,O=C1CCCCC1,Protein-Null-0.0.3-4-mer-AAQAA3-1E3-2-OPC3_opc3,3,0.0032049118674919,0.0462447717630277,0.20076,0.00121
3319,3319,dens_1556646832168598904,1009,Density,<Substance C1COCCO1{solv}{x=0.797800}|O=C1CCCCC1{solv}{x=0.202200}>,C1COCCO1,O=C1CCCCC1,Protein-Null-0.0.3-4-mer-AAQAA3-1E3-2-OPC3_opc3,3,1.0027623389153466,0.0002531221245116,1.0062000000000002,0.00025
3320,3320,dens_1806066395455679216,1010,Density,<Substance C1COCCO1{solv}{x=0.272000}|O=C1CCCCC1{solv}{x=0.728000}>,C1COCCO1,O=C1CCCCC1,Protein-Null-0.0.3-4-mer-AAQAA3-1E3-2-OPC3_opc3,3,0.943024530539873,0.0002449845672706,0.9614000000000004,0.00025
3321,3321,dhmix_781473821930081125,1011,EnthalpyOfMixing,<Substance CCOc1ccccc1{solv}{x=0.765100}|OCc1ccccc1{solv}{x=0.234900}>,CCOc1ccccc1,OCc1ccccc1,Protein-Null-0.0.3-4-mer-AAQAA3-1E3-2-OPC3_opc3,3,0.8941483018366227,0.038987393048153,1.083,0.0116
3322,3322,dhmix_966435122735090568,1012,EnthalpyOfMixing,<Substance CCOc1ccccc1{solv}{x=0.063600}|OCc1ccccc1{solv}{x=0.936400}>,CCOc1ccccc1,OCc1ccccc1,Protein-Null-0.0.3-4-mer-AAQAA3-1E3-2-OPC3_opc3,3,0.2141875072138503,0.0470202792107705,0.1901,0.00225
3323,3323,dens_1184318999137642715,1013,Density,<Substance CCOc1ccccc1{solv}{x=0.064200}|OCc1ccccc1{solv}{x=0.935800}>,CCOc1ccccc1,OCc1ccccc1,Protein-Null-0.0.3-4-mer-AAQAA3-1E3-2-OPC3_opc3,3,1.025809841399194,0.0002059896832437,1.02761,0.00011
3324,3324,dhmix_1518701992890040137,1014,EnthalpyOfMixing,<Substance CCOc1ccccc1{solv}{x=0.549900}|OCc1ccccc1{solv}{x=0.450100}>,CCOc1ccccc1,OCc1ccccc1,Protein-Null-0.0.3-4-mer-AAQAA3-1E3-2-OPC3_opc3,3,0.9043214250219478,0.0416007836859177,1.0561,0.01135
3325,3325,dens_1575045736805268459,1015,Density,<Substance CCOc1ccccc1{solv}{x=0.459800}|OCc1ccccc1{solv}{x=0.540200}>,CCOc1ccccc1,OCc1ccccc1,Protein-Null-0.0.3-4-mer-AAQAA3-1E3-2-OPC3_opc3,3,0.9878744627929712,0.0002180400797479,0.9925100000000002,0.00016
3326,3326,dens_2214650701288997434,1016,Density,<Substance CCOc1ccccc1{solv}{x=0.757200}|OCc1ccccc1{solv}{x=0.242800}>,CCOc1ccccc1,OCc1ccccc1,Protein-Null-0.0.3-4-mer-AAQAA3-1E3-2-OPC3_opc3,3,0.9637744264442568,0.0002277746509559,0.9686500000000002,0.000215
3327,3327,dens_800807749587668066,1017,Density,<Substance C1CCOCC1{solv}{x=0.733600}|c1ccncc1{solv}{x=0.266400}>,C1CCOCC1,c1ccncc1,Protein-Null-0.0.3-4-mer-AAQAA3-1E3-2-OPC3_opc3,3,0.8840861583221804,0.0001889509612993,0.8933350000000002,0.000358
3328,3328,dhmix_836757145941804043,1018,EnthalpyOfMixing,<Substance C1CCOCC1{solv}{x=0.291500}|c1ccncc1{solv}{x=0.708500}>,C1CCOCC1,c1ccncc1,Protein-Null-0.0.3-4-mer-AAQAA3-1E3-2-OPC3_opc3,3,0.1361466855999618,0.0396731097023127,0.0898,0.00095
3329,3329,dhmix_1003039131395935786,1019,EnthalpyOfMixing,<Substance C1CCOCC1{solv}{x=0.536300}|c1ccncc1{solv}{x=0.463700}>,C1CCOCC1,c1ccncc1,Protein-Null-0.0.3-4-mer-AAQAA3-1E3-2-OPC3_opc3,3,0.1071205283880836,0.0407632609506663,0.1573,0.0013
3330,3330,dens_1859030547600172702,1020,Density,<Substance C1CCOCC1{solv}{x=0.241500}|c1ccncc1{solv}{x=0.758500}>,C1CCOCC1,c1ccncc1,Protein-Null-0.0.3-4-mer-AAQAA3-1E3-2-OPC3_opc3,3,0.949161070021295,0.0002268694767136,0.9525650000000004,0.000212
3331,3331,dhmix_2191254706131659314,1021,EnthalpyOfMixing,<Substance C1CCOCC1{solv}{x=0.734400}|c1ccncc1{solv}{x=0.265600}>,C1CCOCC1,c1ccncc1,Protein-Null-0.0.3-4-mer-AAQAA3-1E3-2-OPC3_opc3,3,0.1372045102899406,0.0402357305714592,0.1564,0.0013
3332,3332,dens_2239470871208865925,1022,Density,<Substance C1CCOCC1{solv}{x=0.536400}|c1ccncc1{solv}{x=0.463600}>,C1CCOCC1,c1ccncc1,Protein-Null-0.0.3-4-mer-AAQAA3-1E3-2-OPC3_opc3,3,0.904672209417802,0.0002343809743851,0.9124250000000002,0.0002965
3333,3333,dens_801655585640229277,1023,Density,<Substance C1CCOCC1{solv}{x=0.777600}|CCCC(C)=O{solv}{x=0.222400}>,C1CCOCC1,CCCC(C)=O,Protein-Null-0.0.3-4-mer-AAQAA3-1E3-2-OPC3_opc3,3,0.8483820432565579,0.0002248451951036,0.8602600000000002,0.000225
3334,3334,dhmix_1175081460677389458,1024,EnthalpyOfMixing,<Substance C1CCOCC1{solv}{x=0.250000}|CCCC(C)=O{solv}{x=0.750000}>,C1CCOCC1,CCCC(C)=O,Protein-Null-0.0.3-4-mer-AAQAA3-1E3-2-OPC3_opc3,3,0.0973942420977458,0.0434224674441092,0.06014,0.00063
3335,3335,dens_1481139606755572767,1025,Density,<Substance C1CCOCC1{solv}{x=0.236100}|CCCC(C)=O{solv}{x=0.763900}>,C1CCOCC1,CCCC(C)=O,Protein-Null-0.0.3-4-mer-AAQAA3-1E3-2-OPC3_opc3,3,0.8020271917408748,0.0002246088453146,0.8183900000000002,0.000215
3336,3336,dhmix_1531586108535895092,1026,EnthalpyOfMixing,<Substance C1CCOCC1{solv}{x=0.750000}|CCCC(C)=O{solv}{x=0.250000}>,C1CCOCC1,CCCC(C)=O,Protein-Null-0.0.3-4-mer-AAQAA3-1E3-2-OPC3_opc3,3,0.1582493325230416,0.0470694156852621,0.08245,0.000715
3337,3337,dhmix_2074691820693967219,1027,EnthalpyOfMixing,<Substance C1CCOCC1{solv}{x=0.500000}|CCCC(C)=O{solv}{x=0.500000}>,C1CCOCC1,CCCC(C)=O,Protein-Null-0.0.3-4-mer-AAQAA3-1E3-2-OPC3_opc3,3,0.1878073498702264,0.0398346810891312,0.09128,0.000745
3338,3338,dens_2180187104403779312,1028,Density,<Substance C1CCOCC1{solv}{x=0.504600}|CCCC(C)=O{solv}{x=0.495400}>,C1CCOCC1,CCCC(C)=O,Protein-Null-0.0.3-4-mer-AAQAA3-1E3-2-OPC3_opc3,3,0.8237884194794195,0.0002240754862072,0.8386000000000002,0.00022
3339,3339,dhmix_814516627068967115,1029,EnthalpyOfMixing,<Substance CCCOC=O{solv}{x=0.230800}|ClCCCCl{solv}{x=0.769200}>,CCCOC=O,ClCCCCl,Protein-Null-0.0.3-4-mer-AAQAA3-1E3-2-OPC3_opc3,3,0.2980110862174534,0.036599953611008,-0.054,0.001
3340,3340,dens_853749747181024442,1030,Density,<Substance CCCOC=O{solv}{x=0.525500}|ClCCCCl{solv}{x=0.474500}>,CCCOC=O,ClCCCCl,Protein-Null-0.0.3-4-mer-AAQAA3-1E3-2-OPC3_opc3,3,1.0289938809137629,0.0002863821777575,1.0302400000000005,0.00176
3341,3341,dhmix_1623640482466530427,1031,EnthalpyOfMixing,<Substance CCCOC=O{solv}{x=0.750900}|ClCCCCl{solv}{x=0.249100}>,CCCOC=O,ClCCCCl,Protein-Null-0.0.3-4-mer-AAQAA3-1E3-2-OPC3_opc3,3,0.1670153336430253,0.0424981857308249,-0.088,0.001
3342,3342,dens_1998603470347754754,1032,Density,<Substance CCCOC=O{solv}{x=0.233600}|ClCCCCl{solv}{x=0.766400}>,CCCOC=O,ClCCCCl,Protein-Null-0.0.3-4-mer-AAQAA3-1E3-2-OPC3_opc3,3,1.099950855594357,0.0003887987736818,1.1122200000000002,0.00274
3343,3343,dhmix_2003217087101692001,1033,EnthalpyOfMixing,<Substance CCCOC=O{solv}{x=0.514500}|ClCCCCl{solv}{x=0.485500}>,CCCOC=O,ClCCCCl,Protein-Null-0.0.3-4-mer-AAQAA3-1E3-2-OPC3_opc3,3,0.2399282304155718,0.0292618399678067,-0.114,0.0015
3344,3344,dens_2020761603812222512,1034,Density,<Substance CCCOC=O{solv}{x=0.763600}|ClCCCCl{solv}{x=0.236400}>,CCCOC=O,ClCCCCl,Protein-Null-0.0.3-4-mer-AAQAA3-1E3-2-OPC3_opc3,3,0.9705115857738136,0.0002594944609303,0.9644500000000004,0.00119
3345,3345,dens_828893303895070246,1035,Density,<Substance C1CCCCC1{solv}{x=0.249800}|CCCCCCCC{solv}{x=0.750200}>,C1CCCCC1,CCCCCCCC,Protein-Null-0.0.3-4-mer-AAQAA3-1E3-2-OPC3_opc3,3,0.699220943846721,0.0001827598947161,0.7110900000000002,0.000605
3346,3346,dhmix_1288938247372010686,1036,EnthalpyOfMixing,<Substance C1CCCCC1{solv}{x=0.751300}|CCCCCCCC{solv}{x=0.248700}>,C1CCCCC1,CCCCCCCC,Protein-Null-0.0.3-4-mer-AAQAA3-1E3-2-OPC3_opc3,3,0.3128048987154841,0.0503224954058702,0.23,0.005
3347,3347,dens_1398337515687242649,1037,Density,<Substance C1CCCCC1{solv}{x=0.477700}|CCCCCCCC{solv}{x=0.522300}>,C1CCCCC1,CCCCCCCC,Protein-Null-0.0.3-4-mer-AAQAA3-1E3-2-OPC3_opc3,3,0.7110068543175181,0.0002302029656191,0.7250300000000002,0.000585
3348,3348,dhmix_1429498464152515756,1038,EnthalpyOfMixing,<Substance C1CCCCC1{solv}{x=0.532400}|CCCCCCCC{solv}{x=0.467600}>,C1CCCCC1,CCCCCCCC,Protein-Null-0.0.3-4-mer-AAQAA3-1E3-2-OPC3_opc3,3,0.2623808355862138,0.0475148205842954,0.258,0.005
3349,3349,dens_2267960821195706299,1039,Density,<Substance C1CCCCC1{solv}{x=0.796100}|CCCCCCCC{solv}{x=0.203900}>,C1CCCCC1,CCCCCCCC,Protein-Null-0.0.3-4-mer-AAQAA3-1E3-2-OPC3_opc3,3,0.7333017576524421,0.0001542387014036,0.7509700000000002,0.00055
3350,3350,dhmix_2289023418386220795,1040,EnthalpyOfMixing,<Substance C1CCCCC1{solv}{x=0.274400}|CCCCCCCC{solv}{x=0.725600}>,C1CCCCC1,CCCCCCCC,Protein-Null-0.0.3-4-mer-AAQAA3-1E3-2-OPC3_opc3,3,0.3106324911335889,0.0466501951070078,0.18,0.005
3351,3351,dens_848374876759596361,1041,Density,<Substance CC(C)OC(C)C{solv}{x=0.284600}|CCCCCl{solv}{x=0.715400}>,CC(C)OC(C)C,CCCCCl,Protein-Null-0.0.3-4-mer-AAQAA3-1E3-2-OPC3_opc3,3,0.8167505737107594,0.0003056850872326,0.8263210000000002,0.000365
3352,3352,dens_917492506874956672,1042,Density,<Substance CC(C)OC(C)C{solv}{x=0.808200}|CCCCCl{solv}{x=0.191800}>,CC(C)OC(C)C,CCCCCl,Protein-Null-0.0.3-4-mer-AAQAA3-1E3-2-OPC3_opc3,3,0.755547976741187,0.0002557615910628,0.7440910000000002,0.000448
3353,3353,dhmix_1107367594793013993,1043,EnthalpyOfMixing,<Substance CC(C)OC(C)C{solv}{x=0.272700}|CCCCCl{solv}{x=0.727300}>,CC(C)OC(C)C,CCCCCl,Protein-Null-0.0.3-4-mer-AAQAA3-1E3-2-OPC3_opc3,3,-0.1877086782124024,0.0329454945588463,-0.0785,0.001
3354,3354,dhmix_1310204607958463222,1044,EnthalpyOfMixing,<Substance CC(C)OC(C)C{solv}{x=0.454700}|CCCCCl{solv}{x=0.545300}>,CC(C)OC(C)C,CCCCCl,Protein-Null-0.0.3-4-mer-AAQAA3-1E3-2-OPC3_opc3,3,-0.2733329714255816,0.0439786380019245,-0.0954,0.0012
3355,3355,dhmix_1605157292498138629,1045,EnthalpyOfMixing,<Substance CC(C)OC(C)C{solv}{x=0.727400}|CCCCCl{solv}{x=0.272600}>,CC(C)OC(C)C,CCCCCl,Protein-Null-0.0.3-4-mer-AAQAA3-1E3-2-OPC3_opc3,3,-0.1080935134362164,0.0449686625822453,-0.0732,0.00095
3356,3356,dens_1927916489732771888,1046,Density,<Substance CC(C)OC(C)C{solv}{x=0.484000}|CCCCCl{solv}{x=0.516000}>,CC(C)OC(C)C,CCCCCl,Protein-Null-0.0.3-4-mer-AAQAA3-1E3-2-OPC3_opc3,3,0.7921176086482099,0.000244569362598,0.7925060000000002,0.0004005
3357,3357,dens_860008765681738590,1047,Density,<Substance CN(CCO)CCO{solv}{x=0.231260}|c1ccncc1{solv}{x=0.768740}>,CN(CCO)CCO,c1ccncc1,Protein-Null-0.0.3-4-mer-AAQAA3-1E3-2-OPC3_opc3,3,0.9984188874687164,0.0002086898212329,0.9906030000000002,0.0001015
3358,3358,dens_1253280811379348869,1048,Density,<Substance CN(CCO)CCO{solv}{x=0.670000}|c1ccncc1{solv}{x=0.330000}>,CN(CCO)CCO,c1ccncc1,Protein-Null-0.0.3-4-mer-AAQAA3-1E3-2-OPC3_opc3,3,1.0293971351025808,0.0003526367629813,1.0161020000000005,0.000102
3359,3359,dhmix_1381513140604048573,1049,EnthalpyOfMixing,<Substance CN(CCO)CCO{solv}{x=0.473760}|c1ccncc1{solv}{x=0.526240}>,CN(CCO)CCO,c1ccncc1,Protein-Null-0.0.3-4-mer-AAQAA3-1E3-2-OPC3_opc3,3,-0.0124770509070515,0.042916743732307,-0.093,0.001
3360,3360,dens_1460709448836415360,1050,Density,<Substance CN(CCO)CCO{solv}{x=0.473530}|c1ccncc1{solv}{x=0.526470}>,CN(CCO)CCO,c1ccncc1,Protein-Null-0.0.3-4-mer-AAQAA3-1E3-2-OPC3_opc3,3,1.017335471669341,0.0002985757811621,1.0044450000000005,0.0001015
3361,3361,dhmix_2085036308089359597,1051,EnthalpyOfMixing,<Substance CN(CCO)CCO{solv}{x=0.230610}|c1ccncc1{solv}{x=0.769390}>,CN(CCO)CCO,c1ccncc1,Protein-Null-0.0.3-4-mer-AAQAA3-1E3-2-OPC3_opc3,3,0.1640814300056945,0.0394770687752972,-0.032,0.001
3362,3362,dhmix_2287943921901918379,1052,EnthalpyOfMixing,<Substance CN(CCO)CCO{solv}{x=0.669580}|c1ccncc1{solv}{x=0.330420}>,CN(CCO)CCO,c1ccncc1,Protein-Null-0.0.3-4-mer-AAQAA3-1E3-2-OPC3_opc3,3,-0.245754538208331,0.0382219354872667,-0.12,0.0015
3363,3363,dens_929806754028972955,1053,Density,<Substance CCCC(=O)OC{solv}{x=0.695800}|COC(C)=O{solv}{x=0.304200}>,CCCC(=O)OC,COC(C)=O,Protein-Null-0.0.3-4-mer-AAQAA3-1E3-2-OPC3_opc3,3,0.8992562954859246,0.0002476218995927,0.8997600000000002,0.000505
3364,3364,dhmix_1093843275803987368,1054,EnthalpyOfMixing,<Substance CCCC(=O)OC{solv}{x=0.482200}|COC(C)=O{solv}{x=0.517800}>,CCCC(=O)OC,COC(C)=O,Protein-Null-0.0.3-4-mer-AAQAA3-1E3-2-OPC3_opc3,3,0.0097523759713915,0.0412629236102557,0.151,0.002
3365,3365,dens_1187818937240241755,1055,Density,<Substance CCCC(=O)OC{solv}{x=0.253600}|COC(C)=O{solv}{x=0.746400}>,CCCC(=O)OC,COC(C)=O,Protein-Null-0.0.3-4-mer-AAQAA3-1E3-2-OPC3_opc3,3,0.9166843054954844,0.0002587086179229,0.9147400000000002,0.000505
3366,3366,dens_1462283017082249050,1056,Density,<Substance CCCC(=O)OC{solv}{x=0.545600}|COC(C)=O{solv}{x=0.454400}>,CCCC(=O)OC,COC(C)=O,Protein-Null-0.0.3-4-mer-AAQAA3-1E3-2-OPC3_opc3,3,0.9046664632212176,0.0002765666800465,0.9041900000000004,0.000505
3367,3367,dhmix_1514470349370367756,1057,EnthalpyOfMixing,<Substance CCCC(=O)OC{solv}{x=0.226000}|COC(C)=O{solv}{x=0.774000}>,CCCC(=O)OC,COC(C)=O,Protein-Null-0.0.3-4-mer-AAQAA3-1E3-2-OPC3_opc3,3,0.0841586794870465,0.0380816655266331,0.102,0.0015
3368,3368,dhmix_1615966506855005599,1058,EnthalpyOfMixing,<Substance CCCC(=O)OC{solv}{x=0.695800}|COC(C)=O{solv}{x=0.304200}>,CCCC(=O)OC,COC(C)=O,Protein-Null-0.0.3-4-mer-AAQAA3-1E3-2-OPC3_opc3,3,0.0891016801421074,0.0355736929551805,0.122,0.0015
3369,3369,dens_931039395662625393,1059,Density,<Substance BrCCBr{solv}{x=0.510700}|CCOC=O{solv}{x=0.489300}>,BrCCBr,CCOC=O,Protein-Null-0.0.3-4-mer-AAQAA3-1E3-2-OPC3_opc3,3,1.5650130988684618,0.0004333922890339,1.5742900000000004,0.00125
3370,3370,dhmix_1379448524788285045,1060,EnthalpyOfMixing,<Substance BrCCBr{solv}{x=0.503000}|CCOC=O{solv}{x=0.497000}>,BrCCBr,CCOC=O,Protein-Null-0.0.3-4-mer-AAQAA3-1E3-2-OPC3_opc3,3,0.2805967610939159,0.0331682153970966,0.404,0.0054
3371,3371,dhmix_1589211680683586133,1061,EnthalpyOfMixing,<Substance BrCCBr{solv}{x=0.247500}|CCOC=O{solv}{x=0.752500}>,BrCCBr,CCOC=O,Protein-Null-0.0.3-4-mer-AAQAA3-1E3-2-OPC3_opc3,3,0.127554749785232,0.0371964901849711,0.2492,0.0035
3372,3372,dens_1816072583621776909,1062,Density,<Substance BrCCBr{solv}{x=0.282500}|CCOC=O{solv}{x=0.717500}>,BrCCBr,CCOC=O,Protein-Null-0.0.3-4-mer-AAQAA3-1E3-2-OPC3_opc3,3,1.2954374380888942,0.0003945308154309,1.2851500000000005,0.00131
3373,3373,dens_1857279480363338972,1063,Density,<Substance BrCCBr{solv}{x=0.750600}|CCOC=O{solv}{x=0.249400}>,BrCCBr,CCOC=O,Protein-Null-0.0.3-4-mer-AAQAA3-1E3-2-OPC3_opc3,3,1.8329038684627028,0.0005922740497485,1.8698300000000003,0.000995
3374,3374,dhmix_2225135654541562913,1064,EnthalpyOfMixing,<Substance BrCCBr{solv}{x=0.734600}|CCOC=O{solv}{x=0.265400}>,BrCCBr,CCOC=O,Protein-Null-0.0.3-4-mer-AAQAA3-1E3-2-OPC3_opc3,3,0.1589983289924603,0.0365831666043616,0.3604,0.00485
3375,3375,dhmix_933824509566848172,1065,EnthalpyOfMixing,<Substance C1COCO1{solv}{x=0.350000}|CCCC(C)=O{solv}{x=0.650000}>,C1COCO1,CCCC(C)=O,Protein-Null-0.0.3-4-mer-AAQAA3-1E3-2-OPC3_opc3,3,0.2748775777493044,0.0428449601439517,0.17755,0.001095
3376,3376,dens_1326756646981901590,1066,Density,<Substance C1COCO1{solv}{x=0.717400}|CCCC(C)=O{solv}{x=0.282600}>,C1COCO1,CCCC(C)=O,Protein-Null-0.0.3-4-mer-AAQAA3-1E3-2-OPC3_opc3,3,0.9743004739811169,0.000275921522654,0.9625500000000002,0.000245
3377,3377,dhmix_1386053902220878259,1067,EnthalpyOfMixing,<Substance C1COCO1{solv}{x=0.500000}|CCCC(C)=O{solv}{x=0.500000}>,C1COCO1,CCCC(C)=O,Protein-Null-0.0.3-4-mer-AAQAA3-1E3-2-OPC3_opc3,3,0.2164469541469884,0.0388140614134683,0.21077,0.00122
3378,3378,dens_1490997112604690080,1068,Density,<Substance C1COCO1{solv}{x=0.349900}|CCCC(C)=O{solv}{x=0.650100}>,C1COCO1,CCCC(C)=O,Protein-Null-0.0.3-4-mer-AAQAA3-1E3-2-OPC3_opc3,3,0.8626349080096624,0.0002343674806036,0.8687200000000003,0.00022
3379,3379,dens_1979377813631413053,1069,Density,<Substance C1COCO1{solv}{x=0.516900}|CCCC(C)=O{solv}{x=0.483100}>,C1COCO1,CCCC(C)=O,Protein-Null-0.0.3-4-mer-AAQAA3-1E3-2-OPC3_opc3,3,0.909093559005846,0.0002296096265829,0.9078200000000004,0.00023
3380,3380,dhmix_2113009728753201792,1070,EnthalpyOfMixing,<Substance C1COCO1{solv}{x=0.750000}|CCCC(C)=O{solv}{x=0.250000}>,C1COCO1,CCCC(C)=O,Protein-Null-0.0.3-4-mer-AAQAA3-1E3-2-OPC3_opc3,3,0.2677161382358264,0.0382148043732509,0.17046,0.00107
3381,3381,dhmix_962524540250306235,1071,EnthalpyOfMixing,<Substance Cc1ccccc1N{solv}{x=0.268100}|c1ccncc1{solv}{x=0.731900}>,Cc1ccccc1N,c1ccncc1,Protein-Null-0.0.3-4-mer-AAQAA3-1E3-2-OPC3_opc3,3,-1.5874601281394938,0.0364717516162141,-0.8915,0.0182
3382,3382,dhmix_1000930562998604270,1072,EnthalpyOfMixing,<Substance Cc1ccccc1N{solv}{x=0.773500}|c1ccncc1{solv}{x=0.226500}>,Cc1ccccc1N,c1ccncc1,Protein-Null-0.0.3-4-mer-AAQAA3-1E3-2-OPC3_opc3,3,-1.0046642575105338,0.0492839835654488,-0.7828,0.016
3383,3383,dens_1203111494553524663,1073,Density,<Substance Cc1ccccc1N{solv}{x=0.483700}|c1ccncc1{solv}{x=0.516300}>,Cc1ccccc1N,c1ccncc1,Protein-Null-0.0.3-4-mer-AAQAA3-1E3-2-OPC3_opc3,3,1.0066578601653082,0.0001833660540035,0.9912370000000004,0.000117
3384,3384,dens_1316174752280431242,1074,Density,<Substance Cc1ccccc1N{solv}{x=0.237400}|c1ccncc1{solv}{x=0.762600}>,Cc1ccccc1N,c1ccncc1,Protein-Null-0.0.3-4-mer-AAQAA3-1E3-2-OPC3_opc3,3,0.99433433146228,0.0001798406741057,0.9863750000000002,0.000118
3385,3385,dhmix_1371524052813651708,1075,EnthalpyOfMixing,<Substance Cc1ccccc1N{solv}{x=0.482600}|c1ccncc1{solv}{x=0.517400}>,Cc1ccccc1N,c1ccncc1,Protein-Null-0.0.3-4-mer-AAQAA3-1E3-2-OPC3_opc3,3,-1.8931024355040584,0.0463635795124856,-1.0329,0.02105
3386,3386,dens_2188924364196997512,1076,Density,<Substance Cc1ccccc1N{solv}{x=0.767800}|c1ccncc1{solv}{x=0.232200}>,Cc1ccccc1N,c1ccncc1,Protein-Null-0.0.3-4-mer-AAQAA3-1E3-2-OPC3_opc3,3,1.015007568714286,0.0002622068611096,0.9936220000000002,0.000117
3387,3387,dens_964556344607822867,1077,Density,<Substance CCCCCCCCC{solv}{x=0.696300}|COC(C)(C)C{solv}{x=0.303700}>,CCCCCCCCC,COC(C)(C)C,Protein-Null-0.0.3-4-mer-AAQAA3-1E3-2-OPC3_opc3,3,0.7116052610378403,0.0001776132047363,0.7173600000000002,0.000295
3388,3388,dhmix_1091489740441728210,1078,EnthalpyOfMixing,<Substance CCCCCCCCC{solv}{x=0.260100}|COC(C)(C)C{solv}{x=0.739900}>,CCCCCCCCC,COC(C)(C)C,Protein-Null-0.0.3-4-mer-AAQAA3-1E3-2-OPC3_opc3,3,0.5680458395216448,0.044872187195936,0.371,0.0075
3389,3389,dens_1264105858192356202,1079,Density,<Substance CCCCCCCCC{solv}{x=0.499200}|COC(C)(C)C{solv}{x=0.500800}>,CCCCCCCCC,COC(C)(C)C,Protein-Null-0.0.3-4-mer-AAQAA3-1E3-2-OPC3_opc3,3,0.7180762195548507,0.0001716877513726,0.7207300000000002,0.00029
3390,3390,dhmix_1760873631242020891,1080,EnthalpyOfMixing,<Substance CCCCCCCCC{solv}{x=0.759600}|COC(C)(C)C{solv}{x=0.240400}>,CCCCCCCCC,COC(C)(C)C,Protein-Null-0.0.3-4-mer-AAQAA3-1E3-2-OPC3_opc3,3,0.3752421901996001,0.0515954851167228,0.345,0.007
3391,3391,dens_2012579877169955729,1081,Density,<Substance CCCCCCCCC{solv}{x=0.199500}|COC(C)(C)C{solv}{x=0.800500}>,CCCCCCCCC,COC(C)(C)C,Protein-Null-0.0.3-4-mer-AAQAA3-1E3-2-OPC3_opc3,3,0.7310314561389964,0.000233883106344,0.7281100000000001,0.000285
3392,3392,dhmix_2200368758776542578,1082,EnthalpyOfMixing,<Substance CCCCCCCCC{solv}{x=0.513300}|COC(C)(C)C{solv}{x=0.486700}>,CCCCCCCCC,COC(C)(C)C,Protein-Null-0.0.3-4-mer-AAQAA3-1E3-2-OPC3_opc3,3,0.7138150888052195,0.0427944351278498,0.486,0.0095
3393,3393,dhmix_972091313059406932,1083,EnthalpyOfMixing,<Substance CCCNCCC{solv}{x=0.248200}|CN(C)C=O{solv}{x=0.751800}>,CCCNCCC,CN(C)C=O,Protein-Null-0.0.3-4-mer-AAQAA3-1E3-2-OPC3_opc3,3,0.063459483766664,0.0398934331386212,0.613,0.0195
3394,3394,dhmix_1037416167092316519,1084,EnthalpyOfMixing,<Substance CCCNCCC{solv}{x=0.499500}|CN(C)C=O{solv}{x=0.500500}>,CCCNCCC,CN(C)C=O,Protein-Null-0.0.3-4-mer-AAQAA3-1E3-2-OPC3_opc3,3,0.1219201957545408,0.0459121123167522,0.748,0.0225
3395,3395,dhmix_1525975551610336413,1085,EnthalpyOfMixing,<Substance CCCNCCC{solv}{x=0.749600}|CN(C)C=O{solv}{x=0.250400}>,CCCNCCC,CN(C)C=O,Protein-Null-0.0.3-4-mer-AAQAA3-1E3-2-OPC3_opc3,3,-0.0026934199648138,0.0540396867807918,0.529,0.017
3396,3396,dens_1610465641813938660,1086,Density,<Substance CCCNCCC{solv}{x=0.745900}|CN(C)C=O{solv}{x=0.254100}>,CCCNCCC,CN(C)C=O,Protein-Null-0.0.3-4-mer-AAQAA3-1E3-2-OPC3_opc3,3,0.7684871954141057,0.0001899903754742,0.7687320000000002,0.0009355
3397,3397,dens_2129043605695010641,1087,Density,<Substance CCCNCCC{solv}{x=0.503400}|CN(C)C=O{solv}{x=0.496600}>,CCCNCCC,CN(C)C=O,Protein-Null-0.0.3-4-mer-AAQAA3-1E3-2-OPC3_opc3,3,0.8064094569470929,0.0002419878603185,0.8108000000000002,0.0009885
3398,3398,dens_2129124855081233158,1088,Density,<Substance CCCNCCC{solv}{x=0.252300}|CN(C)C=O{solv}{x=0.747700}>,CCCNCCC,CN(C)C=O,Protein-Null-0.0.3-4-mer-AAQAA3-1E3-2-OPC3_opc3,3,0.855239704565132,0.0002079672466095,0.8674480000000002,0.0010625
3399,3399,dhmix_1022139531284796266,1089,EnthalpyOfMixing,<Substance CCCO{solv}{x=0.730200}|O=Cc1ccccc1{solv}{x=0.269800}>,CCCO,O=Cc1ccccc1,Protein-Null-0.0.3-4-mer-AAQAA3-1E3-2-OPC3_opc3,3,1.2139137921902048,0.0421167178246273,1.3784,0.00585
3400,3400,dens_1530410585842005416,1090,Density,<Substance CCCO{solv}{x=0.802500}|O=Cc1ccccc1{solv}{x=0.197500}>,CCCO,O=Cc1ccccc1,Protein-Null-0.0.3-4-mer-AAQAA3-1E3-2-OPC3_opc3,3,0.8584913505524537,0.0002446633746855,0.8676000000000003,0.0054
3401,3401,dens_1586325098516354010,1091,Density,<Substance CCCO{solv}{x=0.500300}|O=Cc1ccccc1{solv}{x=0.499700}>,CCCO,O=Cc1ccccc1,Protein-Null-0.0.3-4-mer-AAQAA3-1E3-2-OPC3_opc3,3,0.9377346173053276,0.0002354801005074,0.9470000000000002,0.0035
3402,3402,dhmix_1860362391399300385,1092,EnthalpyOfMixing,<Substance CCCO{solv}{x=0.237400}|O=Cc1ccccc1{solv}{x=0.762600}>,CCCO,O=Cc1ccccc1,Protein-Null-0.0.3-4-mer-AAQAA3-1E3-2-OPC3_opc3,3,0.9525776574622428,0.0383372841428925,1.2579,0.0055
3403,3403,dens_2022804020725863961,1093,Density,<Substance CCCO{solv}{x=0.192900}|O=Cc1ccccc1{solv}{x=0.807100}>,CCCO,O=Cc1ccccc1,Protein-Null-0.0.3-4-mer-AAQAA3-1E3-2-OPC3_opc3,3,1.000727265872442,0.0001575831694664,1.0128,0.00265
3404,3404,dhmix_2114980631721668598,1094,EnthalpyOfMixing,<Substance CCCO{solv}{x=0.517800}|O=Cc1ccccc1{solv}{x=0.482200}>,CCCO,O=Cc1ccccc1,Protein-Null-0.0.3-4-mer-AAQAA3-1E3-2-OPC3_opc3,3,1.3494105235937752,0.0357112827410946,1.6361,0.00675
3405,3405,dens_1061385011202038988,1095,Density,<Substance CC(C)O{solv}{x=0.495900}|CCCCOCCO{solv}{x=0.504100}>,CC(C)O,CCCCOCCO,Protein-Null-0.0.3-4-mer-AAQAA3-1E3-2-OPC3_opc3,3,0.8580278180639781,0.0002236701322013,0.8550000000000002,5.450000000000001e-05
3406,3406,dens_1314274960992474794,1096,Density,<Substance CC(C)O{solv}{x=0.292200}|CCCCOCCO{solv}{x=0.707800}>,CC(C)O,CCCCOCCO,Protein-Null-0.0.3-4-mer-AAQAA3-1E3-2-OPC3_opc3,3,0.8736011448606256,0.0001490455618538,0.8743700000000002,4.600000000000001e-05
3407,3407,dens_1729117108592325655,1097,Density,<Substance CC(C)O{solv}{x=0.743300}|CCCCOCCO{solv}{x=0.256700}>,CC(C)O,CCCCOCCO,Protein-Null-0.0.3-4-mer-AAQAA3-1E3-2-OPC3_opc3,3,0.8346499210049976,0.000266816899608,0.8247900000000001,5.600000000000001e-05
3408,3408,dens_1112128096721834081,1098,Density,<Substance CNCCO{solv}{x=0.800900}|O{solv}{x=0.199100}>,CNCCO,O,Protein-Null-0.0.3-4-mer-AAQAA3-1E3-2-OPC3_opc3,3,0.9688550711175392,0.0002937483666647,0.9466300000000002,0.00032
3409,3409,dens_1381694863030749046,1099,Density,<Substance CNCCO{solv}{x=0.198700}|O{solv}{x=0.801300}>,CNCCO,O,Protein-Null-0.0.3-4-mer-AAQAA3-1E3-2-OPC3_opc3,3,1.0000193389415817,0.0003251964470398,0.9960300000000002,0.00016
3410,3410,dhmix_1383192140212198237,1100,EnthalpyOfMixing,<Substance CNCCO{solv}{x=0.798800}|O{solv}{x=0.201200}>,CNCCO,O,Protein-Null-0.0.3-4-mer-AAQAA3-1E3-2-OPC3_opc3,3,-1.3770337941448645,0.0381082423267213,-1.219,0.025
3411,3411,dens_1615304038745182966,1101,Density,<Substance CNCCO{solv}{x=0.504100}|O{solv}{x=0.495900}>,CNCCO,O,Protein-Null-0.0.3-4-mer-AAQAA3-1E3-2-OPC3_opc3,3,0.9830476798259652,0.0005929885603492,0.9688100000000002,0.000235
3412,3412,dhmix_1902240048183935170,1102,EnthalpyOfMixing,<Substance CNCCO{solv}{x=0.501700}|O{solv}{x=0.498300}>,CNCCO,O,Protein-Null-0.0.3-4-mer-AAQAA3-1E3-2-OPC3_opc3,3,-2.270259485502286,0.0350202863628789,-2.508,0.051
3413,3413,dhmix_2185888808838690563,1103,EnthalpyOfMixing,<Substance CNCCO{solv}{x=0.199200}|O{solv}{x=0.800800}>,CNCCO,O,Protein-Null-0.0.3-4-mer-AAQAA3-1E3-2-OPC3_opc3,3,-1.4575913751433394,0.0242358801273963,-2.243,0.0455
3414,3414,dens_1155626281932782094,1104,Density,<Substance CCC(C)=O{solv}{x=0.292200}|CN1CCCC1=O{solv}{x=0.707800}>,CCC(C)=O,CN1CCCC1=O,Protein-Null-0.0.3-4-mer-AAQAA3-1E3-2-OPC3_opc3,3,0.9382927542707687,0.0002016840525571,0.9591400000000002,0.00262
3415,3415,dens_1354588388489384902,1105,Density,<Substance CCC(C)=O{solv}{x=0.779300}|CN1CCCC1=O{solv}{x=0.220700}>,CCC(C)=O,CN1CCCC1=O,Protein-Null-0.0.3-4-mer-AAQAA3-1E3-2-OPC3_opc3,3,0.8280848868974693,0.0002769331101243,0.8467600000000002,0.002595
3416,3416,dhmix_1468142552678388689,1106,EnthalpyOfMixing,<Substance CCC(C)=O{solv}{x=0.484100}|CN1CCCC1=O{solv}{x=0.515900}>,CCC(C)=O,CN1CCCC1=O,Protein-Null-0.0.3-4-mer-AAQAA3-1E3-2-OPC3_opc3,3,0.1898051242774414,0.032636188432229,-0.1675,0.00415
3417,3417,dhmix_1545004468946955771,1107,EnthalpyOfMixing,<Substance CCC(C)=O{solv}{x=0.246100}|CN1CCCC1=O{solv}{x=0.753900}>,CCC(C)=O,CN1CCCC1=O,Protein-Null-0.0.3-4-mer-AAQAA3-1E3-2-OPC3_opc3,3,0.1042789430792936,0.0349756885474865,-0.0999,0.0031
3418,3418,dhmix_1746826813990258300,1108,EnthalpyOfMixing,<Substance CCC(C)=O{solv}{x=0.732400}|CN1CCCC1=O{solv}{x=0.267600}>,CCC(C)=O,CN1CCCC1=O,Protein-Null-0.0.3-4-mer-AAQAA3-1E3-2-OPC3_opc3,3,0.0484260077293514,0.0375591715254517,-0.0861,0.0029
3419,3419,dens_2035401379156582518,1109,Density,<Substance CCC(C)=O{solv}{x=0.479500}|CN1CCCC1=O{solv}{x=0.520500}>,CCC(C)=O,CN1CCCC1=O,Protein-Null-0.0.3-4-mer-AAQAA3-1E3-2-OPC3_opc3,3,0.898329585631177,0.0002186347184664,0.9166100000000004,0.00261
3420,3420,dens_1159403686634788877,1110,Density,<Substance C1CCOCC1{solv}{x=0.253600}|Cc1ccncc1{solv}{x=0.746400}>,C1CCOCC1,Cc1ccncc1,Protein-Null-0.0.3-4-mer-AAQAA3-1E3-2-OPC3_opc3,3,0.9253066135474058,0.0002322123078559,0.9329390000000002,0.0002125
3421,3421,dhmix_1427533760370073434,1111,EnthalpyOfMixing,<Substance C1CCOCC1{solv}{x=0.241600}|Cc1ccncc1{solv}{x=0.758400}>,C1CCOCC1,Cc1ccncc1,Protein-Null-0.0.3-4-mer-AAQAA3-1E3-2-OPC3_opc3,3,0.0554117408568508,0.0426793471490829,0.0975,0.001
3422,3422,dens_1586440979425114987,1112,Density,<Substance C1CCOCC1{solv}{x=0.491300}|Cc1ccncc1{solv}{x=0.508700}>,C1CCOCC1,Cc1ccncc1,Protein-Null-0.0.3-4-mer-AAQAA3-1E3-2-OPC3_opc3,3,0.9080227266958318,0.0002593474537331,0.9162950000000002,0.0002825
3423,3423,dhmix_1681679230288000235,1113,EnthalpyOfMixing,<Substance C1CCOCC1{solv}{x=0.483400}|Cc1ccncc1{solv}{x=0.516600}>,C1CCOCC1,Cc1ccncc1,Protein-Null-0.0.3-4-mer-AAQAA3-1E3-2-OPC3_opc3,3,0.0872060315319576,0.033852668347438,0.1741,0.00135
3424,3424,dhmix_1854625047398559527,1114,EnthalpyOfMixing,<Substance C1CCOCC1{solv}{x=0.826200}|Cc1ccncc1{solv}{x=0.173800}>,C1CCOCC1,Cc1ccncc1,Protein-Null-0.0.3-4-mer-AAQAA3-1E3-2-OPC3_opc3,3,0.1607137749380029,0.0472814616231563,0.0948,0.001
3425,3425,dens_1998279082934343093,1115,Density,<Substance C1CCOCC1{solv}{x=0.826300}|Cc1ccncc1{solv}{x=0.173700}>,C1CCOCC1,Cc1ccncc1,Protein-Null-0.0.3-4-mer-AAQAA3-1E3-2-OPC3_opc3,3,0.872025335497246,0.0002530999033795,0.8827950000000002,0.000387
3426,3426,dens_1226224986443053492,1116,Density,<Substance CCOc1ccccc1{solv}{x=0.482600}|OCCc1ccccc1{solv}{x=0.517400}>,CCOc1ccccc1,OCCc1ccccc1,Protein-Null-0.0.3-4-mer-AAQAA3-1E3-2-OPC3_opc3,3,0.9737202012857072,0.0001990539499229,0.9803700000000002,0.00026
3427,3427,dens_1288457717872177367,1117,Density,<Substance CCOc1ccccc1{solv}{x=0.304100}|OCCc1ccccc1{solv}{x=0.695900}>,CCOc1ccccc1,OCCc1ccccc1,Protein-Null-0.0.3-4-mer-AAQAA3-1E3-2-OPC3_opc3,3,0.9850339795872812,0.000188320132463,0.9909900000000004,0.00026
3428,3428,dhmix_1400067757990485972,1118,EnthalpyOfMixing,<Substance CCOc1ccccc1{solv}{x=0.738800}|OCCc1ccccc1{solv}{x=0.261200}>,CCOc1ccccc1,OCCc1ccccc1,Protein-Null-0.0.3-4-mer-AAQAA3-1E3-2-OPC3_opc3,3,1.1507279891991402,0.0411703507033156,1.1427,0.01225
3429,3429,dens_1419265414647987466,1119,Density,<Substance CCOc1ccccc1{solv}{x=0.792900}|OCCc1ccccc1{solv}{x=0.207100}>,CCOc1ccccc1,OCCc1ccccc1,Protein-Null-0.0.3-4-mer-AAQAA3-1E3-2-OPC3_opc3,3,0.9568076308213472,0.0002124314493801,0.9624400000000004,0.00026
3430,3430,dhmix_1985234108792038812,1120,EnthalpyOfMixing,<Substance CCOc1ccccc1{solv}{x=0.485200}|OCCc1ccccc1{solv}{x=0.514800}>,CCOc1ccccc1,OCCc1ccccc1,Protein-Null-0.0.3-4-mer-AAQAA3-1E3-2-OPC3_opc3,3,1.0585483631771595,0.0519438976423379,1.0249,0.011
3431,3431,dhmix_2203675640711482674,1121,EnthalpyOfMixing,<Substance CCOc1ccccc1{solv}{x=0.239100}|OCCc1ccccc1{solv}{x=0.760900}>,CCOc1ccccc1,OCCc1ccccc1,Protein-Null-0.0.3-4-mer-AAQAA3-1E3-2-OPC3_opc3,3,0.5893544902437213,0.0515756177248959,0.6669,0.0072
3432,3432,dens_1247048173376376516,1122,Density,<Substance CCCCC(=O)OC{solv}{x=0.349300}|COC=O{solv}{x=0.650700}>,CCCCC(=O)OC,COC=O,Protein-Null-0.0.3-4-mer-AAQAA3-1E3-2-OPC3_opc3,3,0.9319390140673174,0.0002738421201274,0.9198400000000002,0.000115
3433,3433,dens_1283923442255956417,1123,Density,<Substance CCCCC(=O)OC{solv}{x=0.500000}|COC=O{solv}{x=0.500000}>,CCCCC(=O)OC,COC=O,Protein-Null-0.0.3-4-mer-AAQAA3-1E3-2-OPC3_opc3,3,0.915605397117954,0.0002550014746903,0.90817,0.00012
3434,3434,dhmix_1491739683552461043,1124,EnthalpyOfMixing,<Substance CCCCC(=O)OC{solv}{x=0.348600}|COC=O{solv}{x=0.651400}>,CCCCC(=O)OC,COC=O,Protein-Null-0.0.3-4-mer-AAQAA3-1E3-2-OPC3_opc3,3,0.3961223691717848,0.0278352733632832,0.422,0.0045
3435,3435,dhmix_1747049492522889097,1125,EnthalpyOfMixing,<Substance CCCCC(=O)OC{solv}{x=0.523200}|COC=O{solv}{x=0.476800}>,CCCCC(=O)OC,COC=O,Protein-Null-0.0.3-4-mer-AAQAA3-1E3-2-OPC3_opc3,3,0.4095703884773787,0.041328536358988,0.409,0.0045
3436,3436,dhmix_1990853348078771210,1126,EnthalpyOfMixing,<Substance CCCCC(=O)OC{solv}{x=0.796800}|COC=O{solv}{x=0.203200}>,CCCCC(=O)OC,COC=O,Protein-Null-0.0.3-4-mer-AAQAA3-1E3-2-OPC3_opc3,3,0.1556583700206744,0.045538781882446,0.219,0.0025
3437,3437,dens_2269601061883384185,1127,Density,<Substance CCCCC(=O)OC{solv}{x=0.725800}|COC=O{solv}{x=0.274200}>,CCCCC(=O)OC,COC=O,Protein-Null-0.0.3-4-mer-AAQAA3-1E3-2-OPC3_opc3,3,0.8973401266865636,0.0002406715843655,0.8955000000000002,0.000135
3438,3438,dens_1266839724964377205,1128,Density,<Substance Cn1ccnc1{solv}{x=0.779500}|O{solv}{x=0.220500}>,Cn1ccnc1,O,Protein-Null-0.0.3-4-mer-AAQAA3-1E3-2-OPC3_opc3,3,1.0259305436609392,0.0002512167591164,1.0360000000000005,0.00015
3439,3439,dens_1634862053132906887,1129,Density,<Substance Cn1ccnc1{solv}{x=0.498200}|O{solv}{x=0.501800}>,Cn1ccnc1,O,Protein-Null-0.0.3-4-mer-AAQAA3-1E3-2-OPC3_opc3,3,1.028635549212604,0.0002254563607603,1.0416,0.00015
3440,3440,dens_1681126092995837883,1130,Density,<Substance Cn1ccnc1{solv}{x=0.216700}|O{solv}{x=0.783300}>,Cn1ccnc1,O,Protein-Null-0.0.3-4-mer-AAQAA3-1E3-2-OPC3_opc3,3,1.0204129357257654,0.000314395815937,1.0301000000000002,0.0001
3441,3441,dhmix_1311251505653939236,1131,EnthalpyOfMixing,<Substance CC(=O)CC(C)=O{solv}{x=0.598500}|O{solv}{x=0.401500}>,CC(=O)CC(C)=O,O,Protein-Null-0.0.3-4-mer-AAQAA3-1E3-2-OPC3_opc3,3,0.1858420297263308,0.0362956864408158,0.4905,0.00555
3442,3442,dhmix_1367092272310773702,1132,EnthalpyOfMixing,<Substance CC(=O)CC(C)=O{solv}{x=0.749200}|O{solv}{x=0.250800}>,CC(=O)CC(C)=O,O,Protein-Null-0.0.3-4-mer-AAQAA3-1E3-2-OPC3_opc3,3,0.373322870587458,0.0416347870940758,0.6211,0.00695
3443,3443,dhmix_2033109088651196860,1133,EnthalpyOfMixing,<Substance CC(=O)CC(C)=O{solv}{x=0.200400}|O{solv}{x=0.799600}>,CC(=O)CC(C)=O,O,Protein-Null-0.0.3-4-mer-AAQAA3-1E3-2-OPC3_opc3,3,-0.2742000772621082,0.025108127570622,0.1562,0.0021
3444,3444,dens_1319073694995976411,1134,Density,<Substance CC(C)CO{solv}{x=0.762200}|OC1=NCCC1{solv}{x=0.237800}>,CC(C)CO,OC1=NCCC1,Protein-Null-0.0.3-4-mer-AAQAA3-1E3-2-OPC3_opc3,3,0.8656131015965559,0.0002610395855096,0.8623100000000001,0.000205
3445,3445,dhmix_1817161401911066523,1135,EnthalpyOfMixing,<Substance CC(C)CO{solv}{x=0.754900}|OC1=NCCC1{solv}{x=0.245100}>,CC(C)CO,OC1=NCCC1,Protein-Null-0.0.3-4-mer-AAQAA3-1E3-2-OPC3_opc3,3,1.3824830040610874,0.0351111885762212,0.2989,0.0033
3446,3446,dens_1852757585830259815,1136,Density,<Substance CC(C)CO{solv}{x=0.287400}|OC1=NCCC1{solv}{x=0.712600}>,CC(C)CO,OC1=NCCC1,Protein-Null-0.0.3-4-mer-AAQAA3-1E3-2-OPC3_opc3,3,0.9886348658156158,0.0002078641924274,1.0078300000000002,0.000155
3447,3447,dhmix_2057245570503088562,1137,EnthalpyOfMixing,<Substance CC(C)CO{solv}{x=0.259800}|OC1=NCCC1{solv}{x=0.740200}>,CC(C)CO,OC1=NCCC1,Protein-Null-0.0.3-4-mer-AAQAA3-1E3-2-OPC3_opc3,3,1.195361701574157,0.0403726838053706,0.1798,0.00205
3448,3448,dens_2175875616459255266,1138,Density,<Substance CC(C)CO{solv}{x=0.489400}|OC1=NCCC1{solv}{x=0.510600}>,CC(C)CO,OC1=NCCC1,Protein-Null-0.0.3-4-mer-AAQAA3-1E3-2-OPC3_opc3,3,0.9360312538090872,0.0002473294208249,0.9431100000000002,0.00017
3449,3449,dhmix_2273039716774959551,1139,EnthalpyOfMixing,<Substance CC(C)CO{solv}{x=0.497800}|OC1=NCCC1{solv}{x=0.502200}>,CC(C)CO,OC1=NCCC1,Protein-Null-0.0.3-4-mer-AAQAA3-1E3-2-OPC3_opc3,3,1.6664566419922269,0.0479870492973153,0.2775,0.0031
3450,3450,dens_1400897934227212514,1140,Density,<Substance CC(C)CC(C)(C)C{solv}{x=0.541100}|COC(C)=O{solv}{x=0.458900}>,CC(C)CC(C)(C)C,COC(C)=O,Protein-Null-0.0.3-4-mer-AAQAA3-1E3-2-OPC3_opc3,3,0.7663982725367741,0.0002187219849056,0.7495700000000002,0.000505
3451,3451,dhmix_1534218615961922445,1141,EnthalpyOfMixing,<Substance CC(C)CC(C)(C)C{solv}{x=0.256000}|COC(C)=O{solv}{x=0.744000}>,CC(C)CC(C)(C)C,COC(C)=O,Protein-Null-0.0.3-4-mer-AAQAA3-1E3-2-OPC3_opc3,3,1.6456902857586169,0.0400662043912758,1.385,0.015
3452,3452,dhmix_1663557420681143866,1142,EnthalpyOfMixing,<Substance CC(C)CC(C)(C)C{solv}{x=0.540600}|COC(C)=O{solv}{x=0.459400}>,CC(C)CC(C)(C)C,COC(C)=O,Protein-Null-0.0.3-4-mer-AAQAA3-1E3-2-OPC3_opc3,3,2.0415417438477093,0.0446286024140333,1.759,0.019
3453,3453,dens_1833608859418637606,1143,Density,<Substance CC(C)CC(C)(C)C{solv}{x=0.736400}|COC(C)=O{solv}{x=0.263600}>,CC(C)CC(C)(C)C,COC(C)=O,Protein-Null-0.0.3-4-mer-AAQAA3-1E3-2-OPC3_opc3,3,0.735346828109624,0.0002042341341663,0.7171000000000002,0.00015
3454,3454,dhmix_1913788848230724771,1144,EnthalpyOfMixing,<Substance CC(C)CC(C)(C)C{solv}{x=0.783300}|COC(C)=O{solv}{x=0.216700}>,CC(C)CC(C)(C)C,COC(C)=O,Protein-Null-0.0.3-4-mer-AAQAA3-1E3-2-OPC3_opc3,3,1.5694567861737738,0.0507521540621066,1.149,0.0125
3455,3455,dens_2018568384717712900,1145,Density,<Substance CC(C)CC(C)(C)C{solv}{x=0.238900}|COC(C)=O{solv}{x=0.761100}>,CC(C)CC(C)(C)C,COC(C)=O,Protein-Null-0.0.3-4-mer-AAQAA3-1E3-2-OPC3_opc3,3,0.8379721127720422,0.0002520866850623,0.8248000000000002,0.0001
3456,3456,dens_1465225466328543955,1146,Density,<Substance Cc1cccnc1{solv}{x=0.225000}|O{solv}{x=0.775000}>,Cc1cccnc1,O,Protein-Null-0.0.3-4-mer-AAQAA3-1E3-2-OPC3_opc3,3,0.9704974902772902,0.0003686852005159,0.9921000000000002,0.0003
3457,3457,dens_1644445312716340330,1147,Density,<Substance Cc1cccnc1{solv}{x=0.500000}|O{solv}{x=0.500000}>,Cc1cccnc1,O,Protein-Null-0.0.3-4-mer-AAQAA3-1E3-2-OPC3_opc3,3,0.9578698630024036,0.0002799977078733,0.9797000000000002,0.0003
3458,3458,dens_2262998332454406432,1148,Density,<Substance Cc1cccnc1{solv}{x=0.700000}|O{solv}{x=0.300000}>,Cc1cccnc1,O,Protein-Null-0.0.3-4-mer-AAQAA3-1E3-2-OPC3_opc3,3,0.9531266788811338,0.0002446302612719,0.9690000000000002,0.0003
3459,3459,dens_1601780542508306264,1149,Density,<Substance CC(=O)N(C)C{solv}{x=0.771800}|CCOC(C)=O{solv}{x=0.228200}>,CC(=O)N(C)C,CCOC(C)=O,Protein-Null-0.0.3-4-mer-AAQAA3-1E3-2-OPC3_opc3,3,0.9019670632222252,0.0002381846166616,0.9286200000000002,0.000185
3460,3460,dens_2126546638582188774,1150,Density,<Substance CC(=O)N(C)C{solv}{x=0.464600}|CCOC(C)=O{solv}{x=0.535400}>,CC(=O)N(C)C,CCOC(C)=O,Protein-Null-0.0.3-4-mer-AAQAA3-1E3-2-OPC3_opc3,3,0.9043062181752832,0.0001835529073376,0.9166300000000002,0.00022
3461,3461,dens_2159432384130350508,1151,Density,<Substance CC(=O)N(C)C{solv}{x=0.233100}|CCOC(C)=O{solv}{x=0.766900}>,CC(=O)N(C)C,CCOC(C)=O,Protein-Null-0.0.3-4-mer-AAQAA3-1E3-2-OPC3_opc3,3,0.9052584966610366,0.0002248782859591,0.9064300000000002,0.000245
3462,3462,dens_1713891284028890335,1152,Density,<Substance CC(=O)O{solv}{x=0.798900}|CCOC(C)=O{solv}{x=0.201100}>,CC(=O)O,CCOC(C)=O,Protein-Null-0.0.3-4-mer-AAQAA3-1E3-2-OPC3_opc3,3,1.0264735377866925,0.0002665832114967,0.9996600000000002,0.000225
3463,3463,dens_1856345418041920174,1153,Density,<Substance CC(=O)O{solv}{x=0.500700}|CCOC(C)=O{solv}{x=0.499300}>,CC(=O)O,CCOC(C)=O,Protein-Null-0.0.3-4-mer-AAQAA3-1E3-2-OPC3_opc3,3,0.969906076961879,0.0002766424452389,0.9514000000000002,0.00018
3464,3464,dens_2035334988982485653,1154,Density,<Substance CC(=O)O{solv}{x=0.294400}|CCOC(C)=O{solv}{x=0.705600}>,CC(=O)O,CCOC(C)=O,Protein-Null-0.0.3-4-mer-AAQAA3-1E3-2-OPC3_opc3,3,0.940305633910942,0.0002515995084593,0.9255000000000002,0.00016
3465,0,dhmix_592425981731704,0,EnthalpyOfMixing,<Substance C1CCCCC1{solv}{x=0.100300}|Cc1ccccc1{solv}{x=0.899700}>,C1CCCCC1,Cc1ccccc1,Protein-Null-0.0.3-Pair-NMR-1E4-Umbrella-1E3-4-AAQAA3-1E3-3-OPC3_opc3,1,0.316632747818943,0.0451953726651477,0.2015,0.0015
3466,1,dens_191923210986624643,1,Density,<Substance C1CCCCC1{solv}{x=0.697700}|Cc1ccccc1{solv}{x=0.302300}>,C1CCCCC1,Cc1ccccc1,Protein-Null-0.0.3-Pair-NMR-1E4-Umbrella-1E3-4-AAQAA3-1E3-3-OPC3_opc3,1,0.7590111971319985,0.0002427681378841,0.7818000000000002,0.00041
3467,2,dens_699555827256664507,2,Density,<Substance C1CCCCC1{solv}{x=0.100000}|Cc1ccccc1{solv}{x=0.900000}>,C1CCCCC1,Cc1ccccc1,Protein-Null-0.0.3-Pair-NMR-1E4-Umbrella-1E3-4-AAQAA3-1E3-3-OPC3_opc3,1,0.8193930483288853,0.0002603602619393,0.8378000000000001,0.00025
3468,3,dhmix_997331474504366167,3,EnthalpyOfMixing,<Substance C1CCCCC1{solv}{x=0.697900}|Cc1ccccc1{solv}{x=0.302100}>,C1CCCCC1,Cc1ccccc1,Protein-Null-0.0.3-Pair-NMR-1E4-Umbrella-1E3-4-AAQAA3-1E3-3-OPC3_opc3,1,0.7378841821453364,0.046844427282671,0.5221,0.0034
3469,4,dhmix_1586684551148150215,4,EnthalpyOfMixing,<Substance C1CCCCC1{solv}{x=0.397600}|Cc1ccccc1{solv}{x=0.602400}>,C1CCCCC1,Cc1ccccc1,Protein-Null-0.0.3-Pair-NMR-1E4-Umbrella-1E3-4-AAQAA3-1E3-3-OPC3_opc3,1,0.818071568585637,0.0405840290712739,0.5887,0.0038
3470,5,dens_1809100412119556796,5,Density,<Substance C1CCCCC1{solv}{x=0.397500}|Cc1ccccc1{solv}{x=0.602500}>,C1CCCCC1,Cc1ccccc1,Protein-Null-0.0.3-Pair-NMR-1E4-Umbrella-1E3-4-AAQAA3-1E3-3-OPC3_opc3,1,0.8030725963587445,0.0002415345098965,0.8228000000000002,0.0002
3471,6,dhmix_1261378482688431,6,EnthalpyOfMixing,<Substance CCC(C)=O{solv}{x=0.510600}|Nc1ccccc1{solv}{x=0.489400}>,CCC(C)=O,Nc1ccccc1,Protein-Null-0.0.3-Pair-NMR-1E4-Umbrella-1E3-4-AAQAA3-1E3-3-OPC3_opc3,1,-0.5400303846450925,0.0411916433229935,-1.173,0.0125
3472,7,dhmix_157258283975731553,7,EnthalpyOfMixing,<Substance CCC(C)=O{solv}{x=0.901800}|Nc1ccccc1{solv}{x=0.098200}>,CCC(C)=O,Nc1ccccc1,Protein-Null-0.0.3-Pair-NMR-1E4-Umbrella-1E3-4-AAQAA3-1E3-3-OPC3_opc3,1,-0.4483580237207611,0.0362201748519518,-0.469,0.005
3473,8,dens_610648476268376520,8,Density,<Substance CCC(C)=O{solv}{x=0.502600}|Nc1ccccc1{solv}{x=0.497400}>,CCC(C)=O,Nc1ccccc1,Protein-Null-0.0.3-Pair-NMR-1E4-Umbrella-1E3-4-AAQAA3-1E3-3-OPC3_opc3,1,0.9223495540380964,0.0001926830422086,0.9213850000000002,5.650000000000002e-05
3474,9,dens_1388487494953421117,9,Density,<Substance CCC(C)=O{solv}{x=0.901900}|Nc1ccccc1{solv}{x=0.098100}>,CCC(C)=O,Nc1ccccc1,Protein-Null-0.0.3-Pair-NMR-1E4-Umbrella-1E3-4-AAQAA3-1E3-3-OPC3_opc3,1,0.8041901374025864,0.0002636066974105,0.8265540000000001,7.200000000000002e-05
3475,10,dhmix_1389656513678923263,10,EnthalpyOfMixing,<Substance CCC(C)=O{solv}{x=0.209900}|Nc1ccccc1{solv}{x=0.790100}>,CCC(C)=O,Nc1ccccc1,Protein-Null-0.0.3-Pair-NMR-1E4-Umbrella-1E3-4-AAQAA3-1E3-3-OPC3_opc3,1,-0.1746702407448666,0.0375919028221077,-0.648,0.007
3476,11,dens_2115628806769415578,11,Density,<Substance CCC(C)=O{solv}{x=0.256300}|Nc1ccccc1{solv}{x=0.743700}>,CCC(C)=O,Nc1ccccc1,Protein-Null-0.0.3-Pair-NMR-1E4-Umbrella-1E3-4-AAQAA3-1E3-3-OPC3_opc3,1,0.9933954817044772,0.0002494884689176,0.9712300000000004,4.900000000000001e-05
3477,12,dens_1379242187515209,12,Density,<Substance CC#N{solv}{x=0.795200}|CCCCOCCCC{solv}{x=0.204800}>,CC#N,CCCCOCCCC,Protein-Null-0.0.3-Pair-NMR-1E4-Umbrella-1E3-4-AAQAA3-1E3-3-OPC3_opc3,1,0.7700948099256636,0.00024218802685,0.7708800000000002,0.000245
3478,13,dhmix_575991096898484441,13,EnthalpyOfMixing,<Substance CC#N{solv}{x=0.488600}|CCCCOCCCC{solv}{x=0.511400}>,CC#N,CCCCOCCCC,Protein-Null-0.0.3-Pair-NMR-1E4-Umbrella-1E3-4-AAQAA3-1E3-3-OPC3_opc3,1,0.6006515824600243,0.0394425744839044,1.26543,0.00796
3479,14,dhmix_1182924089945476872,14,EnthalpyOfMixing,<Substance CC#N{solv}{x=0.241600}|CCCCOCCCC{solv}{x=0.758400}>,CC#N,CCCCOCCCC,Protein-Null-0.0.3-Pair-NMR-1E4-Umbrella-1E3-4-AAQAA3-1E3-3-OPC3_opc3,1,0.5858361580018112,0.0506814350539926,0.94593,0.00601
3480,15,dhmix_1244492966201685063,15,EnthalpyOfMixing,<Substance CC#N{solv}{x=0.795200}|CCCCOCCCC{solv}{x=0.204800}>,CC#N,CCCCOCCCC,Protein-Null-0.0.3-Pair-NMR-1E4-Umbrella-1E3-4-AAQAA3-1E3-3-OPC3_opc3,1,0.5306245381012458,0.034619741173305,0.94289,0.005995
3481,16,dens_2044032309137951705,16,Density,<Substance CC#N{solv}{x=0.245500}|CCCCOCCCC{solv}{x=0.754500}>,CC#N,CCCCOCCCC,Protein-Null-0.0.3-Pair-NMR-1E4-Umbrella-1E3-4-AAQAA3-1E3-3-OPC3_opc3,1,0.7580655230154807,0.0001969617317376,0.7653000000000001,0.00028
3482,17,dens_2211436825174998797,17,Density,<Substance CC#N{solv}{x=0.509800}|CCCCOCCCC{solv}{x=0.490200}>,CC#N,CCCCOCCCC,Protein-Null-0.0.3-Pair-NMR-1E4-Umbrella-1E3-4-AAQAA3-1E3-3-OPC3_opc3,1,0.7626590965154844,0.0002612038971033,0.7671500000000001,0.00026
3483,18,dens_1820034175228694,18,Density,<Substance C1CCCCC1{solv}{x=0.540900}|CN1CCCC1=O{solv}{x=0.459100}>,C1CCCCC1,CN1CCCC1=O,Protein-Null-0.0.3-Pair-NMR-1E4-Umbrella-1E3-4-AAQAA3-1E3-3-OPC3_opc3,1,0.8511093827085824,0.0002515554599095,0.8757100000000002,0.000335
3484,19,dhmix_1335365307191460458,19,EnthalpyOfMixing,<Substance C1CCCCC1{solv}{x=0.751800}|CN1CCCC1=O{solv}{x=0.248200}>,C1CCCCC1,CN1CCCC1=O,Protein-Null-0.0.3-Pair-NMR-1E4-Umbrella-1E3-4-AAQAA3-1E3-3-OPC3_opc3,1,1.3610697279334545,0.0440628801897216,1.1998,0.01285
3485,20,dens_1375048033230012198,20,Density,<Substance C1CCCCC1{solv}{x=0.733200}|CN1CCCC1=O{solv}{x=0.266800}>,C1CCCCC1,CN1CCCC1=O,Protein-Null-0.0.3-Pair-NMR-1E4-Umbrella-1E3-4-AAQAA3-1E3-3-OPC3_opc3,1,0.8043137541584643,0.0001956329861233,0.8287300000000002,0.0004
3486,21,dhmix_1563298635135474599,21,EnthalpyOfMixing,<Substance C1CCCCC1{solv}{x=0.278900}|CN1CCCC1=O{solv}{x=0.721100}>,C1CCCCC1,CN1CCCC1=O,Protein-Null-0.0.3-Pair-NMR-1E4-Umbrella-1E3-4-AAQAA3-1E3-3-OPC3_opc3,1,1.5133751361845924,0.0343034602636831,1.2061,0.0129
3487,22,dens_1606235786379262481,22,Density,<Substance C1CCCCC1{solv}{x=0.227500}|CN1CCCC1=O{solv}{x=0.772500}>,C1CCCCC1,CN1CCCC1=O,Protein-Null-0.0.3-Pair-NMR-1E4-Umbrella-1E3-4-AAQAA3-1E3-3-OPC3_opc3,1,0.9317419191454488,0.0002089483753583,0.9583800000000002,0.000245
3488,23,dhmix_1683219349338278021,23,EnthalpyOfMixing,<Substance C1CCCCC1{solv}{x=0.473400}|CN1CCCC1=O{solv}{x=0.526600}>,C1CCCCC1,CN1CCCC1=O,Protein-Null-0.0.3-Pair-NMR-1E4-Umbrella-1E3-4-AAQAA3-1E3-3-OPC3_opc3,1,1.8646803652205932,0.0431930018727421,1.4691,0.0157
3489,24,dens_4438302718372985,24,Density,<Substance BrCCCCBr{solv}{x=0.717000}|COC=O{solv}{x=0.283000}>,BrCCCCBr,COC=O,Protein-Null-0.0.3-Pair-NMR-1E4-Umbrella-1E3-4-AAQAA3-1E3-3-OPC3_opc3,1,1.6261813204629023,0.0004682497996192,1.6702600000000003,0.00259
3490,25,dhmix_369816950910078034,25,EnthalpyOfMixing,<Substance BrCCCCBr{solv}{x=0.778200}|COC=O{solv}{x=0.221800}>,BrCCCCBr,COC=O,Protein-Null-0.0.3-Pair-NMR-1E4-Umbrella-1E3-4-AAQAA3-1E3-3-OPC3_opc3,1,0.7406561001580769,0.0360177215541865,0.6355,0.0057
3491,26,dens_460757700461114532,26,Density,<Substance BrCCCCBr{solv}{x=0.495800}|COC=O{solv}{x=0.504200}>,BrCCCCBr,COC=O,Protein-Null-0.0.3-Pair-NMR-1E4-Umbrella-1E3-4-AAQAA3-1E3-3-OPC3_opc3,1,1.494680656554811,0.0004258595390448,1.5176800000000004,0.001885
3492,27,dhmix_1496821399278454353,27,EnthalpyOfMixing,<Substance BrCCCCBr{solv}{x=0.265400}|COC=O{solv}{x=0.734600}>,BrCCCCBr,COC=O,Protein-Null-0.0.3-Pair-NMR-1E4-Umbrella-1E3-4-AAQAA3-1E3-3-OPC3_opc3,1,0.951767335433491,0.0325915490064618,0.8185,0.00715
3493,28,dens_1750413656870357630,28,Density,<Substance BrCCCCBr{solv}{x=0.225800}|COC=O{solv}{x=0.774200}>,BrCCCCBr,COC=O,Protein-Null-0.0.3-Pair-NMR-1E4-Umbrella-1E3-4-AAQAA3-1E3-3-OPC3_opc3,1,1.2715283416399492,0.0003649405910097,1.2671300000000003,0.00104
3494,29,dhmix_1802862930607761431,29,EnthalpyOfMixing,<Substance BrCCCCBr{solv}{x=0.482000}|COC=O{solv}{x=0.518000}>,BrCCCCBr,COC=O,Protein-Null-0.0.3-Pair-NMR-1E4-Umbrella-1E3-4-AAQAA3-1E3-3-OPC3_opc3,1,1.205905525110392,0.0330729242682318,1.0243,0.0087
3495,30,dhmix_8447570649359775,30,EnthalpyOfMixing,<Substance OCCO{solv}{x=0.481700}|OCc1ccccc1{solv}{x=0.518300}>,OCCO,OCc1ccccc1,Protein-Null-0.0.3-Pair-NMR-1E4-Umbrella-1E3-4-AAQAA3-1E3-3-OPC3_opc3,1,0.2561354251833236,0.0420914551541083,0.201,0.00465
3496,31,dens_824372741354282107,31,Density,<Substance OCCO{solv}{x=0.505700}|OCc1ccccc1{solv}{x=0.494300}>,OCCO,OCc1ccccc1,Protein-Null-0.0.3-Pair-NMR-1E4-Umbrella-1E3-4-AAQAA3-1E3-3-OPC3_opc3,1,1.0539272889495297,0.0002831131834674,1.0579000000000005,0.00027
3497,32,dens_1105173553343721111,32,Density,<Substance OCCO{solv}{x=0.737100}|OCc1ccccc1{solv}{x=0.262900}>,OCCO,OCc1ccccc1,Protein-Null-0.0.3-Pair-NMR-1E4-Umbrella-1E3-4-AAQAA3-1E3-3-OPC3_opc3,1,1.0736664904787925,0.0003783544746115,1.0753200000000005,0.000275
3498,33,dhmix_1362282802315816638,33,EnthalpyOfMixing,<Substance OCCO{solv}{x=0.736100}|OCc1ccccc1{solv}{x=0.263900}>,OCCO,OCc1ccccc1,Protein-Null-0.0.3-Pair-NMR-1E4-Umbrella-1E3-4-AAQAA3-1E3-3-OPC3_opc3,1,0.1107183908022193,0.0451713407469178,0.1383,0.0037
3499,34,dhmix_1666683879028583081,34,EnthalpyOfMixing,<Substance OCCO{solv}{x=0.236500}|OCc1ccccc1{solv}{x=0.763500}>,OCCO,OCc1ccccc1,Protein-Null-0.0.3-Pair-NMR-1E4-Umbrella-1E3-4-AAQAA3-1E3-3-OPC3_opc3,1,0.0909655986647095,0.0392158952941435,0.209,0.0048
3500,35,dens_1698159396404241323,35,Density,<Substance OCCO{solv}{x=0.262200}|OCc1ccccc1{solv}{x=0.737800}>,OCCO,OCc1ccccc1,Protein-Null-0.0.3-Pair-NMR-1E4-Umbrella-1E3-4-AAQAA3-1E3-3-OPC3_opc3,1,1.038465469896011,0.0002636667474894,1.0442900000000002,0.000265
3501,36,dens_8507121971977381,36,Density,<Substance CCOC(C)(C)C{solv}{x=0.505000}|Cc1ccccc1{solv}{x=0.495000}>,CCOC(C)(C)C,Cc1ccccc1,Protein-Null-0.0.3-Pair-NMR-1E4-Umbrella-1E3-4-AAQAA3-1E3-3-OPC3_opc3,1,0.7947244737725567,0.0002293996174181,0.7937390000000002,0.000467
3502,37,dens_499290591626962121,37,Density,<Substance CCOC(C)(C)C{solv}{x=0.217000}|Cc1ccccc1{solv}{x=0.783000}>,CCOC(C)(C)C,Cc1ccccc1,Protein-Null-0.0.3-Pair-NMR-1E4-Umbrella-1E3-4-AAQAA3-1E3-3-OPC3_opc3,1,0.8236580768525136,0.0002149523214306,0.8314450000000002,0.000411
3503,38,dhmix_820491025608256793,38,EnthalpyOfMixing,<Substance CCOC(C)(C)C{solv}{x=0.501900}|Cc1ccccc1{solv}{x=0.498100}>,CCOC(C)(C)C,Cc1ccccc1,Protein-Null-0.0.3-Pair-NMR-1E4-Umbrella-1E3-4-AAQAA3-1E3-3-OPC3_opc3,1,-0.2495960451018817,0.0427535622420634,-0.046,0.00055
3504,39,dhmix_1374163681483564129,39,EnthalpyOfMixing,<Substance CCOC(C)(C)C{solv}{x=0.248900}|Cc1ccccc1{solv}{x=0.751100}>,CCOC(C)(C)C,Cc1ccccc1,Protein-Null-0.0.3-Pair-NMR-1E4-Umbrella-1E3-4-AAQAA3-1E3-3-OPC3_opc3,1,-0.2317401781440367,0.0392886943560107,-0.0324,0.0005
3505,40,dens_1904998692863983733,40,Density,<Substance CCOC(C)(C)C{solv}{x=0.701000}|Cc1ccccc1{solv}{x=0.299000}>,CCOC(C)(C)C,Cc1ccccc1,Protein-Null-0.0.3-Pair-NMR-1E4-Umbrella-1E3-4-AAQAA3-1E3-3-OPC3_opc3,1,0.7765830322631926,0.0001748303743693,0.7696300000000001,0.000503
3506,41,dhmix_1982853461678580310,41,EnthalpyOfMixing,<Substance CCOC(C)(C)C{solv}{x=0.749500}|Cc1ccccc1{solv}{x=0.250500}>,CCOC(C)(C)C,Cc1ccccc1,Protein-Null-0.0.3-Pair-NMR-1E4-Umbrella-1E3-4-AAQAA3-1E3-3-OPC3_opc3,1,-0.153687439228662,0.0470229288362822,-0.0348,0.0005
3507,42,dhmix_13624411991961099,42,EnthalpyOfMixing,<Substance C1CCOCC1{solv}{x=0.237900}|Cc1ccccc1N{solv}{x=0.762100}>,C1CCOCC1,Cc1ccccc1N,Protein-Null-0.0.3-Pair-NMR-1E4-Umbrella-1E3-4-AAQAA3-1E3-3-OPC3_opc3,1,-0.1170649661402638,0.0415548734614941,-0.3658,0.004
3508,43,dhmix_510299013171775812,43,EnthalpyOfMixing,<Substance C1CCOCC1{solv}{x=0.741000}|Cc1ccccc1N{solv}{x=0.259000}>,C1CCOCC1,Cc1ccccc1N,Protein-Null-0.0.3-Pair-NMR-1E4-Umbrella-1E3-4-AAQAA3-1E3-3-OPC3_opc3,1,-0.1657770711972688,0.0424591205626291,-0.4892,0.0053
3509,44,dhmix_1337006691942958969,44,EnthalpyOfMixing,<Substance C1CCOCC1{solv}{x=0.490100}|Cc1ccccc1N{solv}{x=0.509900}>,C1CCOCC1,Cc1ccccc1N,Protein-Null-0.0.3-Pair-NMR-1E4-Umbrella-1E3-4-AAQAA3-1E3-3-OPC3_opc3,1,-0.2514567609452456,0.0424576404923415,-0.5715,0.0062
3510,45,dens_1448062547628404156,45,Density,<Substance C1CCOCC1{solv}{x=0.727900}|Cc1ccccc1N{solv}{x=0.272100}>,C1CCOCC1,Cc1ccccc1N,Protein-Null-0.0.3-Pair-NMR-1E4-Umbrella-1E3-4-AAQAA3-1E3-3-OPC3_opc3,1,0.9125586813466918,0.0002227899070044,0.91866,0.000285
3511,46,dens_2171966897328079405,46,Density,<Substance C1CCOCC1{solv}{x=0.498600}|Cc1ccccc1N{solv}{x=0.501400}>,C1CCOCC1,Cc1ccccc1N,Protein-Null-0.0.3-Pair-NMR-1E4-Umbrella-1E3-4-AAQAA3-1E3-3-OPC3_opc3,1,0.9471927976711968,0.0001800827666454,0.9459860000000002,0.0002275
3512,47,dens_2201621104799327758,47,Density,<Substance C1CCOCC1{solv}{x=0.229700}|Cc1ccccc1N{solv}{x=0.770300}>,C1CCOCC1,Cc1ccccc1N,Protein-Null-0.0.3-Pair-NMR-1E4-Umbrella-1E3-4-AAQAA3-1E3-3-OPC3_opc3,1,0.9854884389954413,0.0002204419237803,0.9734540000000002,0.000164
3513,48,dens_15008167137789802,48,Density,<Substance CCCCCl{solv}{x=0.299200}|CN(C)C=O{solv}{x=0.700800}>,CCCCCl,CN(C)C=O,Protein-Null-0.0.3-Pair-NMR-1E4-Umbrella-1E3-4-AAQAA3-1E3-3-OPC3_opc3,1,0.8970729669119509,0.0002599644543562,0.9218000000000002,0.0002
3514,49,dens_550868133232739009,49,Density,<Substance CCCCCl{solv}{x=0.701200}|CN(C)C=O{solv}{x=0.298800}>,CCCCCl,CN(C)C=O,Protein-Null-0.0.3-Pair-NMR-1E4-Umbrella-1E3-4-AAQAA3-1E3-3-OPC3_opc3,1,0.8717054293438253,0.0002902487883882,0.8963000000000002,0.0002
3515,50,dhmix_1315230298567753558,50,EnthalpyOfMixing,<Substance CCCCCl{solv}{x=0.793000}|CN(C)C=O{solv}{x=0.207000}>,CCCCCl,CN(C)C=O,Protein-Null-0.0.3-Pair-NMR-1E4-Umbrella-1E3-4-AAQAA3-1E3-3-OPC3_opc3,1,0.7499870282593903,0.0305677715456053,0.404,0.003
3516,51,dhmix_1929975181819720491,51,EnthalpyOfMixing,<Substance CCCCCl{solv}{x=0.493000}|CN(C)C=O{solv}{x=0.507000}>,CCCCCl,CN(C)C=O,Protein-Null-0.0.3-Pair-NMR-1E4-Umbrella-1E3-4-AAQAA3-1E3-3-OPC3_opc3,1,0.9200980825826052,0.0374330616138397,0.571,0.003
3517,52,dhmix_1976787548784045784,52,EnthalpyOfMixing,<Substance CCCCCl{solv}{x=0.295000}|CN(C)C=O{solv}{x=0.705000}>,CCCCCl,CN(C)C=O,Protein-Null-0.0.3-Pair-NMR-1E4-Umbrella-1E3-4-AAQAA3-1E3-3-OPC3_opc3,1,0.821917583938756,0.0370445136211905,0.467,0.003
3518,53,dens_2008819185276371643,53,Density,<Substance CCCCCl{solv}{x=0.499000}|CN(C)C=O{solv}{x=0.501000}>,CCCCCl,CN(C)C=O,Protein-Null-0.0.3-Pair-NMR-1E4-Umbrella-1E3-4-AAQAA3-1E3-3-OPC3_opc3,1,0.8848105744121239,0.0003052613340488,0.9086000000000002,0.0002
3519,54,dens_16755306936326197,54,Density,<Substance Cc1ccccc1N{solv}{x=0.255700}|Cc1ccccn1{solv}{x=0.744300}>,Cc1ccccc1N,Cc1ccccn1,Protein-Null-0.0.3-Pair-NMR-1E4-Umbrella-1E3-4-AAQAA3-1E3-3-OPC3_opc3,1,0.964491453758145,0.0002079547578128,0.9597930000000002,0.000307
3520,55,dens_238666738854407136,55,Density,<Substance Cc1ccccc1N{solv}{x=0.514600}|Cc1ccccn1{solv}{x=0.485400}>,Cc1ccccc1N,Cc1ccccn1,Protein-Null-0.0.3-Pair-NMR-1E4-Umbrella-1E3-4-AAQAA3-1E3-3-OPC3_opc3,1,0.9847788886327796,0.0001789848520583,0.9748990000000002,0.0002315
3521,56,dhmix_1909144841681931250,56,EnthalpyOfMixing,<Substance Cc1ccccc1N{solv}{x=0.488200}|Cc1ccccn1{solv}{x=0.511800}>,Cc1ccccc1N,Cc1ccccn1,Protein-Null-0.0.3-Pair-NMR-1E4-Umbrella-1E3-4-AAQAA3-1E3-3-OPC3_opc3,1,-1.5833814432123248,0.0419520995247236,-1.4976,0.0305
3522,57,dens_1945534954282706534,57,Density,<Substance Cc1ccccc1N{solv}{x=0.757100}|Cc1ccccn1{solv}{x=0.242900}>,Cc1ccccc1N,Cc1ccccn1,Protein-Null-0.0.3-Pair-NMR-1E4-Umbrella-1E3-4-AAQAA3-1E3-3-OPC3_opc3,1,1.0003621716847984,0.0002881112318921,0.9854410000000002,0.000169
3523,58,dhmix_2038606904928978856,58,EnthalpyOfMixing,<Substance Cc1ccccc1N{solv}{x=0.782100}|Cc1ccccn1{solv}{x=0.217900}>,Cc1ccccc1N,Cc1ccccn1,Protein-Null-0.0.3-Pair-NMR-1E4-Umbrella-1E3-4-AAQAA3-1E3-3-OPC3_opc3,1,-1.0116154964674848,0.0479446880689119,-0.8656,0.01775
3524,59,dhmix_2125558080831870503,59,EnthalpyOfMixing,<Substance Cc1ccccc1N{solv}{x=0.273600}|Cc1ccccn1{solv}{x=0.726400}>,Cc1ccccc1N,Cc1ccccn1,Protein-Null-0.0.3-Pair-NMR-1E4-Umbrella-1E3-4-AAQAA3-1E3-3-OPC3_opc3,1,-1.5101480946302814,0.0383448307438648,-1.2462,0.0254
3525,60,dens_19028061622240549,60,Density,<Substance CN(C)CCO{solv}{x=0.296200}|CO{solv}{x=0.703800}>,CN(C)CCO,CO,Protein-Null-0.0.3-Pair-NMR-1E4-Umbrella-1E3-4-AAQAA3-1E3-3-OPC3_opc3,1,0.834455930968313,0.0003279141740565,0.8506500000000001,0.00014
3526,61,dens_186649390549115907,61,Density,<Substance CN(C)CCO{solv}{x=0.502000}|CO{solv}{x=0.498000}>,CN(C)CCO,CO,Protein-Null-0.0.3-Pair-NMR-1E4-Umbrella-1E3-4-AAQAA3-1E3-3-OPC3_opc3,1,0.8601346015793365,0.0002865138547817,0.8684000000000002,0.000155
3527,62,dhmix_1453612193040378117,62,EnthalpyOfMixing,<Substance CN(C)CCO{solv}{x=0.497200}|CO{solv}{x=0.502800}>,CN(C)CCO,CO,Protein-Null-0.0.3-Pair-NMR-1E4-Umbrella-1E3-4-AAQAA3-1E3-3-OPC3_opc3,1,-1.591565607285787,0.0369255952806974,-0.8673,0.00935
3528,63,dens_1978392691277508278,63,Density,<Substance CN(C)CCO{solv}{x=0.707500}|CO{solv}{x=0.292500}>,CN(C)CCO,CO,Protein-Null-0.0.3-Pair-NMR-1E4-Umbrella-1E3-4-AAQAA3-1E3-3-OPC3_opc3,1,0.8751361131055667,0.0002231038140238,0.8766100000000002,0.00017
3529,64,dhmix_2113387918969192804,64,EnthalpyOfMixing,<Substance CN(C)CCO{solv}{x=0.247900}|CO{solv}{x=0.752100}>,CN(C)CCO,CO,Protein-Null-0.0.3-Pair-NMR-1E4-Umbrella-1E3-4-AAQAA3-1E3-3-OPC3_opc3,1,-1.276551180168788,0.026447945691085,-0.8057,0.0087
3530,65,dhmix_2220842061395014218,65,EnthalpyOfMixing,<Substance CN(C)CCO{solv}{x=0.750600}|CO{solv}{x=0.249400}>,CN(C)CCO,CO,Protein-Null-0.0.3-Pair-NMR-1E4-Umbrella-1E3-4-AAQAA3-1E3-3-OPC3_opc3,1,-1.043370063339978,0.0367501138052903,-0.5322,0.00585
3531,66,dhmix_21994921667950318,66,EnthalpyOfMixing,<Substance C=CCCCC{solv}{x=0.500100}|CCCO{solv}{x=0.499900}>,C=CCCCC,CCCO,Protein-Null-0.0.3-Pair-NMR-1E4-Umbrella-1E3-4-AAQAA3-1E3-3-OPC3_opc3,1,0.8177867398132577,0.0403466625433754,0.595,0.0055
3532,67,dens_62854823056490751,67,Density,<Substance C=CCCCC{solv}{x=0.150300}|CCCO{solv}{x=0.849700}>,C=CCCCC,CCCO,Protein-Null-0.0.3-Pair-NMR-1E4-Umbrella-1E3-4-AAQAA3-1E3-3-OPC3_opc3,1,0.7567530705170938,0.0001945722621047,0.7704980000000002,0.0001845
3533,68,dens_294296714501123310,68,Density,<Substance C=CCCCC{solv}{x=0.499100}|CCCO{solv}{x=0.500900}>,C=CCCCC,CCCO,Protein-Null-0.0.3-Pair-NMR-1E4-Umbrella-1E3-4-AAQAA3-1E3-3-OPC3_opc3,1,0.6964864746542748,0.0002601019534141,0.7176450000000002,0.0002145
3534,69,dhmix_829065315899278784,69,EnthalpyOfMixing,<Substance C=CCCCC{solv}{x=0.750000}|CCCO{solv}{x=0.250000}>,C=CCCCC,CCCO,Protein-Null-0.0.3-Pair-NMR-1E4-Umbrella-1E3-4-AAQAA3-1E3-3-OPC3_opc3,1,0.8330652721912344,0.0454851907916891,0.682,0.006
3535,70,dens_2024397702416079279,70,Density,<Substance C=CCCCC{solv}{x=0.745600}|CCCO{solv}{x=0.254400}>,C=CCCCC,CCCO,Protein-Null-0.0.3-Pair-NMR-1E4-Umbrella-1E3-4-AAQAA3-1E3-3-OPC3_opc3,1,0.6649898012265351,0.0001959410380726,0.6899770000000002,0.0002305
3536,71,dhmix_2167083041249157622,71,EnthalpyOfMixing,<Substance C=CCCCC{solv}{x=0.150100}|CCCO{solv}{x=0.849900}>,C=CCCCC,CCCO,Protein-Null-0.0.3-Pair-NMR-1E4-Umbrella-1E3-4-AAQAA3-1E3-3-OPC3_opc3,1,0.2997853273558739,0.0423773989872664,0.192,0.005
3537,72,dhmix_22428169890990447,72,EnthalpyOfMixing,<Substance CC1(C)C(=O)[C@]2(C)CC[C@H]1C2{solv}{x=0.286000}|CCO{solv}{x=0.714000}>,CC1(C)C(=O)[C@]2(C)CC[C@H]1C2,CCO,Protein-Null-0.0.3-Pair-NMR-1E4-Umbrella-1E3-4-AAQAA3-1E3-3-OPC3_opc3,1,0.5342200196897835,0.0396435318385783,0.876,0.0265
3538,73,dhmix_57626661746168078,73,EnthalpyOfMixing,<Substance CC1(C)C(=O)[C@]2(C)CC[C@H]1C2{solv}{x=0.701000}|CCO{solv}{x=0.299000}>,CC1(C)C(=O)[C@]2(C)CC[C@H]1C2,CCO,Protein-Null-0.0.3-Pair-NMR-1E4-Umbrella-1E3-4-AAQAA3-1E3-3-OPC3_opc3,1,0.6705134856437951,0.0529891372858805,1.0,0.0305
3539,74,dhmix_287041928444283276,74,EnthalpyOfMixing,<Substance CC1(C)C(=O)[C@]2(C)CC[C@H]1C2{solv}{x=0.488000}|CCO{solv}{x=0.512000}>,CC1(C)C(=O)[C@]2(C)CC[C@H]1C2,CCO,Protein-Null-0.0.3-Pair-NMR-1E4-Umbrella-1E3-4-AAQAA3-1E3-3-OPC3_opc3,1,0.7986244145107548,0.0448755541280231,1.109,0.0335
3540,75,dens_618487453946854895,75,Density,<Substance CC1(C)C(=O)[C@]2(C)CC[C@H]1C2{solv}{x=0.501200}|CCO{solv}{x=0.498800}>,CC1(C)C(=O)[C@]2(C)CC[C@H]1C2,CCO,Protein-Null-0.0.3-Pair-NMR-1E4-Umbrella-1E3-4-AAQAA3-1E3-3-OPC3_opc3,1,0.904413153055686,0.0002660810449619,0.9005900000000002,5.5000000000000016e-05
3541,76,dens_1408969463542558504,76,Density,<Substance CC1(C)C(=O)[C@]2(C)CC[C@H]1C2{solv}{x=0.789700}|CCO{solv}{x=0.210300}>,CC1(C)C(=O)[C@]2(C)CC[C@H]1C2,CCO,Protein-Null-0.0.3-Pair-NMR-1E4-Umbrella-1E3-4-AAQAA3-1E3-3-OPC3_opc3,1,0.9329166885318578,0.0001808287107521,0.9274800000000002,6.0000000000000015e-05
3542,77,dens_2053919413592536040,77,Density,<Substance CC1(C)C(=O)[C@]2(C)CC[C@H]1C2{solv}{x=0.200200}|CCO{solv}{x=0.799800}>,CC1(C)C(=O)[C@]2(C)CC[C@H]1C2,CCO,Protein-Null-0.0.3-Pair-NMR-1E4-Umbrella-1E3-4-AAQAA3-1E3-3-OPC3_opc3,1,0.850287053863635,0.0002494944534649,0.8499000000000002,6.500000000000002e-05
3543,78,dhmix_24700325920498635,78,EnthalpyOfMixing,<Substance CCC(C)(C)O{solv}{x=0.799400}|CCOC(C)(C)CC{solv}{x=0.200600}>,CCC(C)(C)O,CCOC(C)(C)CC,Protein-Null-0.0.3-Pair-NMR-1E4-Umbrella-1E3-4-AAQAA3-1E3-3-OPC3_opc3,1,0.9052958733640484,0.0463351769691932,0.448,0.0073
3544,79,dhmix_252628078473967793,79,EnthalpyOfMixing,<Substance CCC(C)(C)O{solv}{x=0.299700}|CCOC(C)(C)CC{solv}{x=0.700300}>,CCC(C)(C)O,CCOC(C)(C)CC,Protein-Null-0.0.3-Pair-NMR-1E4-Umbrella-1E3-4-AAQAA3-1E3-3-OPC3_opc3,1,1.1682159208022398,0.0465623561586671,0.9727,0.0132
3545,80,dens_281609537293621351,80,Density,<Substance CCC(C)(C)O{solv}{x=0.799400}|CCOC(C)(C)CC{solv}{x=0.200600}>,CCC(C)(C)O,CCOC(C)(C)CC,Protein-Null-0.0.3-Pair-NMR-1E4-Umbrella-1E3-4-AAQAA3-1E3-3-OPC3_opc3,1,0.8021626398692002,0.0002058896284205,0.7932000000000002,0.00025
3546,81,dhmix_980734994193955874,81,EnthalpyOfMixing,<Substance CCC(C)(C)O{solv}{x=0.498700}|CCOC(C)(C)CC{solv}{x=0.501300}>,CCC(C)(C)O,CCOC(C)(C)CC,Protein-Null-0.0.3-Pair-NMR-1E4-Umbrella-1E3-4-AAQAA3-1E3-3-OPC3_opc3,1,1.064064140556745,0.0449707320924063,0.8937,0.01225
3547,82,dens_1165049856972872340,82,Density,<Substance CCC(C)(C)O{solv}{x=0.498700}|CCOC(C)(C)CC{solv}{x=0.501300}>,CCC(C)(C)O,CCOC(C)(C)CC,Protein-Null-0.0.3-Pair-NMR-1E4-Umbrella-1E3-4-AAQAA3-1E3-3-OPC3_opc3,1,0.7836569908153787,0.0001673155823423,0.7789000000000001,0.0002
3548,83,dens_2297026976830009992,83,Density,<Substance CCC(C)(C)O{solv}{x=0.299700}|CCOC(C)(C)CC{solv}{x=0.700300}>,CCC(C)(C)O,CCOC(C)(C)CC,Protein-Null-0.0.3-Pair-NMR-1E4-Umbrella-1E3-4-AAQAA3-1E3-3-OPC3_opc3,1,0.7738207294584388,0.0001951730719124,0.7709000000000001,0.0002
3549,84,dens_25810987980199799,84,Density,<Substance CCCCCC{solv}{x=0.158800}|Cc1ccccc1{solv}{x=0.841200}>,CCCCCC,Cc1ccccc1,Protein-Null-0.0.3-Pair-NMR-1E4-Umbrella-1E3-4-AAQAA3-1E3-3-OPC3_opc3,1,0.8078987864927624,0.0002453383016205,0.8226300000000002,0.000335
3550,85,dens_574637447996217594,85,Density,<Substance CCCCCC{solv}{x=0.501100}|Cc1ccccc1{solv}{x=0.498900}>,CCCCCC,Cc1ccccc1,Protein-Null-0.0.3-Pair-NMR-1E4-Umbrella-1E3-4-AAQAA3-1E3-3-OPC3_opc3,1,0.7313182009964858,0.0002542869174953,0.7484400000000002,0.00015
3551,86,dhmix_1373657903424456878,86,EnthalpyOfMixing,<Substance CCCCCC{solv}{x=0.158600}|Cc1ccccc1{solv}{x=0.841400}>,CCCCCC,Cc1ccccc1,Protein-Null-0.0.3-Pair-NMR-1E4-Umbrella-1E3-4-AAQAA3-1E3-3-OPC3_opc3,1,0.4235573118270395,0.0396533747860384,0.3163,0.0043
3552,87,dhmix_1383995974797334848,87,EnthalpyOfMixing,<Substance CCCCCC{solv}{x=0.472300}|Cc1ccccc1{solv}{x=0.527700}>,CCCCCC,Cc1ccccc1,Protein-Null-0.0.3-Pair-NMR-1E4-Umbrella-1E3-4-AAQAA3-1E3-3-OPC3_opc3,1,0.7217421169532372,0.0425434646751986,0.5467,0.00715
3553,88,dhmix_1412344026798360911,88,EnthalpyOfMixing,<Substance CCCCCC{solv}{x=0.748400}|Cc1ccccc1{solv}{x=0.251600}>,CCCCCC,Cc1ccccc1,Protein-Null-0.0.3-Pair-NMR-1E4-Umbrella-1E3-4-AAQAA3-1E3-3-OPC3_opc3,1,0.5683908236475474,0.0478543080077081,0.393,0.00525
3554,89,dens_2241575426887298365,89,Density,<Substance CCCCCC{solv}{x=0.733800}|Cc1ccccc1{solv}{x=0.266200}>,CCCCCC,Cc1ccccc1,Protein-Null-0.0.3-Pair-NMR-1E4-Umbrella-1E3-4-AAQAA3-1E3-3-OPC3_opc3,1,0.6849459036690948,0.0002185950873545,0.7020900000000002,0.000305
3555,90,dens_27241401908451167,90,Density,<Substance CN(C)C=O{solv}{x=0.503500}|Cc1ccccc1Cl{solv}{x=0.496500}>,CN(C)C=O,Cc1ccccc1Cl,Protein-Null-0.0.3-Pair-NMR-1E4-Umbrella-1E3-4-AAQAA3-1E3-3-OPC3_opc3,1,1.0096019315605256,0.0002463270652438,1.0247000000000004,0.0005
3556,91,dhmix_674882857451857086,91,EnthalpyOfMixing,<Substance CN(C)C=O{solv}{x=0.511800}|Cc1ccccc1Cl{solv}{x=0.488200}>,CN(C)C=O,Cc1ccccc1Cl,Protein-Null-0.0.3-Pair-NMR-1E4-Umbrella-1E3-4-AAQAA3-1E3-3-OPC3_opc3,1,0.2438354565904532,0.0398996669509338,0.545,0.006
3557,92,dens_818042132181297482,92,Density,<Substance CN(C)C=O{solv}{x=0.751200}|Cc1ccccc1Cl{solv}{x=0.248800}>,CN(C)C=O,Cc1ccccc1Cl,Protein-Null-0.0.3-Pair-NMR-1E4-Umbrella-1E3-4-AAQAA3-1E3-3-OPC3_opc3,1,0.967951101107108,0.0002184910684938,0.9898800000000002,0.0005
3558,93,dens_861365281257265917,93,Density,<Substance CN(C)C=O{solv}{x=0.273700}|Cc1ccccc1Cl{solv}{x=0.726300}>,CN(C)C=O,Cc1ccccc1Cl,Protein-Null-0.0.3-Pair-NMR-1E4-Umbrella-1E3-4-AAQAA3-1E3-3-OPC3_opc3,1,1.0297511392992509,0.0002422934362046,1.0415000000000003,0.0005
3559,94,dhmix_1670364528496870559,94,EnthalpyOfMixing,<Substance CN(C)C=O{solv}{x=0.767900}|Cc1ccccc1Cl{solv}{x=0.232100}>,CN(C)C=O,Cc1ccccc1Cl,Protein-Null-0.0.3-Pair-NMR-1E4-Umbrella-1E3-4-AAQAA3-1E3-3-OPC3_opc3,1,0.1494796636063995,0.0436725803423665,0.436,0.005
3560,95,dhmix_1992689527814967541,95,EnthalpyOfMixing,<Substance CN(C)C=O{solv}{x=0.274300}|Cc1ccccc1Cl{solv}{x=0.725700}>,CN(C)C=O,Cc1ccccc1Cl,Protein-Null-0.0.3-Pair-NMR-1E4-Umbrella-1E3-4-AAQAA3-1E3-3-OPC3_opc3,1,0.2460050361847763,0.042161317996646,0.373,0.004
3561,96,dens_29213618499921464,96,Density,<Substance C1CCOCC1{solv}{x=0.254000}|O=C1CCCCCC1{solv}{x=0.746000}>,C1CCOCC1,O=C1CCCCCC1,Protein-Null-0.0.3-Pair-NMR-1E4-Umbrella-1E3-4-AAQAA3-1E3-3-OPC3_opc3,1,0.9095532978216516,0.0001918543882348,0.9355100000000002,0.00051
3562,97,dens_468319504030932569,97,Density,<Substance C1CCOCC1{solv}{x=0.498600}|O=C1CCCCCC1{solv}{x=0.501400}>,C1CCOCC1,O=C1CCCCCC1,Protein-Null-0.0.3-Pair-NMR-1E4-Umbrella-1E3-4-AAQAA3-1E3-3-OPC3_opc3,1,0.8977816672854797,0.0001922655332819,0.9211200000000004,0.00051
3563,98,dens_1174890511154571939,98,Density,<Substance C1CCOCC1{solv}{x=0.768600}|O=C1CCCCCC1{solv}{x=0.231400}>,C1CCOCC1,O=C1CCCCCC1,Protein-Null-0.0.3-Pair-NMR-1E4-Umbrella-1E3-4-AAQAA3-1E3-3-OPC3_opc3,1,0.8823929285729127,0.000196980133484,0.9012200000000002,0.000505
3564,99,dens_30084818585402677,99,Density,<Substance CC(=O)N(C)C{solv}{x=0.700600}|ClCCCCCCCl{solv}{x=0.299400}>,CC(=O)N(C)C,ClCCCCCCCl,Protein-Null-0.0.3-Pair-NMR-1E4-Umbrella-1E3-4-AAQAA3-1E3-3-OPC3_opc3,1,0.9582808558474114,0.0002454713343696,0.9853000000000002,0.00175
3565,100,dhmix_384619296407103076,100,EnthalpyOfMixing,<Substance CC(=O)N(C)C{solv}{x=0.504000}|ClCCCCCCCl{solv}{x=0.496000}>,CC(=O)N(C)C,ClCCCCCCCl,Protein-Null-0.0.3-Pair-NMR-1E4-Umbrella-1E3-4-AAQAA3-1E3-3-OPC3_opc3,1,0.2857273774878237,0.0408696759009824,0.09,0.002
3566,101,dens_539464371986972328,101,Density,<Substance CC(=O)N(C)C{solv}{x=0.494300}|ClCCCCCCCl{solv}{x=0.505700}>,CC(=O)N(C)C,ClCCCCCCCl,Protein-Null-0.0.3-Pair-NMR-1E4-Umbrella-1E3-4-AAQAA3-1E3-3-OPC3_opc3,1,0.9920743972076246,0.0002203945341367,1.0123000000000002,0.0016
3567,102,dhmix_1114659247517686326,102,EnthalpyOfMixing,<Substance CC(=O)N(C)C{solv}{x=0.798000}|ClCCCCCCCl{solv}{x=0.202000}>,CC(=O)N(C)C,ClCCCCCCCl,Protein-Null-0.0.3-Pair-NMR-1E4-Umbrella-1E3-4-AAQAA3-1E3-3-OPC3_opc3,1,0.169716825935895,0.0453291635857657,0.067,0.002
3568,103,dhmix_1410583096030633514,103,EnthalpyOfMixing,<Substance CC(=O)N(C)C{solv}{x=0.212000}|ClCCCCCCCl{solv}{x=0.788000}>,CC(=O)N(C)C,ClCCCCCCCl,Protein-Null-0.0.3-Pair-NMR-1E4-Umbrella-1E3-4-AAQAA3-1E3-3-OPC3_opc3,1,0.1415946184943806,0.0494808354254717,0.04,0.002
3569,104,dens_2244909992725638206,104,Density,<Substance CC(=O)N(C)C{solv}{x=0.300200}|ClCCCCCCCl{solv}{x=0.699800}>,CC(=O)N(C)C,ClCCCCCCCl,Protein-Null-0.0.3-Pair-NMR-1E4-Umbrella-1E3-4-AAQAA3-1E3-3-OPC3_opc3,1,1.0185561394140217,0.00021075572835,1.0345000000000002,0.0015
3570,105,dhmix_35301006695188726,105,EnthalpyOfMixing,<Substance CCOC(=O)C(C)C{solv}{x=0.289000}|CO{solv}{x=0.711000}>,CCOC(=O)C(C)C,CO,Protein-Null-0.0.3-Pair-NMR-1E4-Umbrella-1E3-4-AAQAA3-1E3-3-OPC3_opc3,1,0.2637087873418515,0.0300967578997813,0.488,0.0035
3571,106,dens_508877804306927207,106,Density,<Substance CCOC(=O)C(C)C{solv}{x=0.499000}|CO{solv}{x=0.501000}>,CCOC(=O)C(C)C,CO,Protein-Null-0.0.3-Pair-NMR-1E4-Umbrella-1E3-4-AAQAA3-1E3-3-OPC3_opc3,1,0.8408230264246668,0.0002828554433383,0.8414100000000002,0.00011
3572,107,dens_1201422771202741625,107,Density,<Substance CCOC(=O)C(C)C{solv}{x=0.199600}|CO{solv}{x=0.800400}>,CCOC(=O)C(C)C,CO,Protein-Null-0.0.3-Pair-NMR-1E4-Umbrella-1E3-4-AAQAA3-1E3-3-OPC3_opc3,1,0.8052221352021515,0.0003427415623521,0.8173600000000002,0.000115
3573,108,dhmix_1951183536432642425,108,EnthalpyOfMixing,<Substance CCOC(=O)C(C)C{solv}{x=0.480000}|CO{solv}{x=0.520000}>,CCOC(=O)C(C)C,CO,Protein-Null-0.0.3-Pair-NMR-1E4-Umbrella-1E3-4-AAQAA3-1E3-3-OPC3_opc3,1,0.3302102331041112,0.0385395938767238,0.671,0.0045
3574,109,dens_1998368384671748308,109,Density,<Substance CCOC(=O)C(C)C{solv}{x=0.703000}|CO{solv}{x=0.297000}>,CCOC(=O)C(C)C,CO,Protein-Null-0.0.3-Pair-NMR-1E4-Umbrella-1E3-4-AAQAA3-1E3-3-OPC3_opc3,1,0.8548143733881222,0.0002394891751245,0.8501200000000002,0.00011
3575,110,dhmix_2200604492347455092,110,EnthalpyOfMixing,<Substance CCOC(=O)C(C)C{solv}{x=0.771000}|CO{solv}{x=0.229000}>,CCOC(=O)C(C)C,CO,Protein-Null-0.0.3-Pair-NMR-1E4-Umbrella-1E3-4-AAQAA3-1E3-3-OPC3_opc3,1,0.2786851788011049,0.0414542374170385,0.632,0.0045
3576,111,dhmix_39159150320919359,111,EnthalpyOfMixing,<Substance CCO{solv}{x=0.799700}|Cc1cccc(O)c1{solv}{x=0.200300}>,CCO,Cc1cccc(O)c1,Protein-Null-0.0.3-Pair-NMR-1E4-Umbrella-1E3-4-AAQAA3-1E3-3-OPC3_opc3,1,-0.7811693856426238,0.0353747127011554,-0.79199,0.011965
3577,112,dens_410843938837220593,112,Density,<Substance CCO{solv}{x=0.263700}|Cc1cccc(O)c1{solv}{x=0.736300}>,CCO,Cc1cccc(O)c1,Protein-Null-0.0.3-Pair-NMR-1E4-Umbrella-1E3-4-AAQAA3-1E3-3-OPC3_opc3,1,0.9846700233334178,0.0002687216028973,0.9852300000000004,0.0006
3578,113,dhmix_1115402835538407874,113,EnthalpyOfMixing,<Substance CCO{solv}{x=0.212500}|Cc1cccc(O)c1{solv}{x=0.787500}>,CCO,Cc1cccc(O)c1,Protein-Null-0.0.3-Pair-NMR-1E4-Umbrella-1E3-4-AAQAA3-1E3-3-OPC3_opc3,1,-0.4936869701275412,0.0461444953655556,-0.68742,0.01275
3579,114,dens_1359111234216199895,114,Density,<Substance CCO{solv}{x=0.472400}|Cc1cccc(O)c1{solv}{x=0.527600}>,CCO,Cc1cccc(O)c1,Protein-Null-0.0.3-Pair-NMR-1E4-Umbrella-1E3-4-AAQAA3-1E3-3-OPC3_opc3,1,0.9479395148192932,0.0002588306151854,0.9446300000000002,0.0006
3580,115,dens_1590314985481219627,115,Density,<Substance CCO{solv}{x=0.781700}|Cc1cccc(O)c1{solv}{x=0.218300}>,CCO,Cc1cccc(O)c1,Protein-Null-0.0.3-Pair-NMR-1E4-Umbrella-1E3-4-AAQAA3-1E3-3-OPC3_opc3,1,0.8672677982602354,0.0003142777118374,0.8631500000000002,0.000605
3581,116,dhmix_1871939727966182523,116,EnthalpyOfMixing,<Substance CCO{solv}{x=0.413900}|Cc1cccc(O)c1{solv}{x=0.586100}>,CCO,Cc1cccc(O)c1,Protein-Null-0.0.3-Pair-NMR-1E4-Umbrella-1E3-4-AAQAA3-1E3-3-OPC3_opc3,1,-1.0382549987800154,0.036340794466041,-1.14624,0.00985
3582,117,dens_42678158079716854,117,Density,<Substance CN1CCCC1=O{solv}{x=0.937492}|c1ccccc1{solv}{x=0.062508}>,CN1CCCC1=O,c1ccccc1,Protein-Null-0.0.3-Pair-NMR-1E4-Umbrella-1E3-4-AAQAA3-1E3-3-OPC3_opc3,1,0.9918400062646466,0.0001772700939209,1.0204500000000003,3.500000000000001e-05
3583,118,dens_252520620125458637,118,Density,<Substance CN1CCCC1=O{solv}{x=0.513500}|c1ccccc1{solv}{x=0.486500}>,CN1CCCC1=O,c1ccccc1,Protein-Null-0.0.3-Pair-NMR-1E4-Umbrella-1E3-4-AAQAA3-1E3-3-OPC3_opc3,1,0.9463462371141972,0.0002771573210489,0.9684700000000004,0.00018
3584,119,dhmix_524477957640851666,119,EnthalpyOfMixing,<Substance CN1CCCC1=O{solv}{x=0.235600}|c1ccccc1{solv}{x=0.764400}>,CN1CCCC1=O,c1ccccc1,Protein-Null-0.0.3-Pair-NMR-1E4-Umbrella-1E3-4-AAQAA3-1E3-3-OPC3_opc3,1,-0.1848196159078838,0.0393240439918211,-0.3684,0.00405
3585,120,dhmix_1475629358723962160,120,EnthalpyOfMixing,<Substance CN1CCCC1=O{solv}{x=0.546700}|c1ccccc1{solv}{x=0.453300}>,CN1CCCC1=O,c1ccccc1,Protein-Null-0.0.3-Pair-NMR-1E4-Umbrella-1E3-4-AAQAA3-1E3-3-OPC3_opc3,1,-0.2063355357648433,0.0319336032983834,-0.4943,0.00535
3586,121,dens_2041306780823594960,121,Density,<Substance CN1CCCC1=O{solv}{x=0.252400}|c1ccccc1{solv}{x=0.747600}>,CN1CCCC1=O,c1ccccc1,Protein-Null-0.0.3-Pair-NMR-1E4-Umbrella-1E3-4-AAQAA3-1E3-3-OPC3_opc3,1,0.8990462435786721,0.0002699104195787,0.9163300000000004,0.00029
3587,122,dhmix_2156508970935294660,122,EnthalpyOfMixing,<Substance CN1CCCC1=O{solv}{x=0.741100}|c1ccccc1{solv}{x=0.258900}>,CN1CCCC1=O,c1ccccc1,Protein-Null-0.0.3-Pair-NMR-1E4-Umbrella-1E3-4-AAQAA3-1E3-3-OPC3_opc3,1,-0.2042243726007129,0.0484249596984626,-0.3841,0.0042
3588,123,dhmix_44217680865702366,123,EnthalpyOfMixing,<Substance CC(=O)c1ccccc1{solv}{x=0.200100}|CC(C)O{solv}{x=0.799900}>,CC(=O)c1ccccc1,CC(C)O,Protein-Null-0.0.3-Pair-NMR-1E4-Umbrella-1E3-4-AAQAA3-1E3-3-OPC3_opc3,1,0.8660907687482832,0.0406432747893348,1.1352,0.0124
3589,124,dens_91454082453656404,124,Density,<Substance CC(=O)c1ccccc1{solv}{x=0.756100}|CC(C)O{solv}{x=0.243900}>,CC(=O)c1ccccc1,CC(C)O,Protein-Null-0.0.3-Pair-NMR-1E4-Umbrella-1E3-4-AAQAA3-1E3-3-OPC3_opc3,1,0.9710169459698929,0.0001979073331407,0.9823500000000004,0.000175
3590,125,dens_152869924254680766,125,Density,<Substance CC(=O)c1ccccc1{solv}{x=0.251700}|CC(C)O{solv}{x=0.748300}>,CC(=O)c1ccccc1,CC(C)O,Protein-Null-0.0.3-Pair-NMR-1E4-Umbrella-1E3-4-AAQAA3-1E3-3-OPC3_opc3,1,0.8699715500672632,0.0002521853443786,0.8654400000000002,0.000245
3591,126,dhmix_1214494501247401592,126,EnthalpyOfMixing,<Substance CC(=O)c1ccccc1{solv}{x=0.499600}|CC(C)O{solv}{x=0.500400}>,CC(=O)c1ccccc1,CC(C)O,Protein-Null-0.0.3-Pair-NMR-1E4-Umbrella-1E3-4-AAQAA3-1E3-3-OPC3_opc3,1,1.2280402964409696,0.0377603388078248,1.5703,0.0169
3592,127,dhmix_1482394504883204224,127,EnthalpyOfMixing,<Substance CC(=O)c1ccccc1{solv}{x=0.700600}|CC(C)O{solv}{x=0.299400}>,CC(=O)c1ccccc1,CC(C)O,Protein-Null-0.0.3-Pair-NMR-1E4-Umbrella-1E3-4-AAQAA3-1E3-3-OPC3_opc3,1,0.9345184796747006,0.0449763314187192,1.3758,0.01485
3593,128,dens_1804860114822214449,128,Density,<Substance CC(=O)c1ccccc1{solv}{x=0.534500}|CC(C)O{solv}{x=0.465500}>,CC(=O)c1ccccc1,CC(C)O,Protein-Null-0.0.3-Pair-NMR-1E4-Umbrella-1E3-4-AAQAA3-1E3-3-OPC3_opc3,1,0.9329632326743518,0.0002186918438033,0.9375600000000002,0.0002
3594,129,dhmix_47323681380989568,129,EnthalpyOfMixing,<Substance CCCCCCCCCl{solv}{x=0.498000}|CN(C)C=O{solv}{x=0.502000}>,CCCCCCCCCl,CN(C)C=O,Protein-Null-0.0.3-Pair-NMR-1E4-Umbrella-1E3-4-AAQAA3-1E3-3-OPC3_opc3,1,1.400749806081237,0.0433920156630722,1.087,0.0045
3595,130,dhmix_620291288515939248,130,EnthalpyOfMixing,<Substance CCCCCCCCCl{solv}{x=0.790000}|CN(C)C=O{solv}{x=0.210000}>,CCCCCCCCCl,CN(C)C=O,Protein-Null-0.0.3-Pair-NMR-1E4-Umbrella-1E3-4-AAQAA3-1E3-3-OPC3_opc3,1,0.9376350246080278,0.048837047316307,0.68,0.0045
3596,131,dens_1830564734879843336,131,Density,<Substance CCCCCCCCCl{solv}{x=0.733100}|CN(C)C=O{solv}{x=0.266900}>,CCCCCCCCCl,CN(C)C=O,Protein-Null-0.0.3-Pair-NMR-1E4-Umbrella-1E3-4-AAQAA3-1E3-3-OPC3_opc3,1,0.8646200780757872,0.0001765603027009,0.8779000000000002,0.00045
3597,132,dens_1865569264533219410,132,Density,<Substance CCCCCCCCCl{solv}{x=0.500800}|CN(C)C=O{solv}{x=0.499200}>,CCCCCCCCCl,CN(C)C=O,Protein-Null-0.0.3-Pair-NMR-1E4-Umbrella-1E3-4-AAQAA3-1E3-3-OPC3_opc3,1,0.873850622414067,0.000242104307663,0.8897000000000003,0.0004
3598,133,dens_1893252821735673677,133,Density,<Substance CCCCCCCCCl{solv}{x=0.199800}|CN(C)C=O{solv}{x=0.800200}>,CCCCCCCCCl,CN(C)C=O,Protein-Null-0.0.3-Pair-NMR-1E4-Umbrella-1E3-4-AAQAA3-1E3-3-OPC3_opc3,1,0.8934895636610406,0.0001953856394751,0.9149000000000002,0.0003
3599,134,dhmix_2175249209874409534,134,EnthalpyOfMixing,<Substance CCCCCCCCCl{solv}{x=0.205000}|CN(C)C=O{solv}{x=0.795000}>,CCCCCCCCCl,CN(C)C=O,Protein-Null-0.0.3-Pair-NMR-1E4-Umbrella-1E3-4-AAQAA3-1E3-3-OPC3_opc3,1,0.9299491578467708,0.0431895786277728,0.79,0.0045
3600,135,dens_47347406470845261,135,Density,<Substance BrCCCBr{solv}{x=0.748600}|COC=O{solv}{x=0.251400}>,BrCCCBr,COC=O,Protein-Null-0.0.3-Pair-NMR-1E4-Umbrella-1E3-4-AAQAA3-1E3-3-OPC3_opc3,1,1.7446004777071855,0.0005506830134167,1.7969200000000003,0.00306
3601,136,dens_398260729245374704,136,Density,<Substance BrCCCBr{solv}{x=0.472200}|COC=O{solv}{x=0.527800}>,BrCCCBr,COC=O,Protein-Null-0.0.3-Pair-NMR-1E4-Umbrella-1E3-4-AAQAA3-1E3-3-OPC3_opc3,1,1.5370645829444742,0.0004804721099598,1.5585100000000005,0.001985
3602,137,dhmix_1440467239786579925,137,EnthalpyOfMixing,<Substance BrCCCBr{solv}{x=0.735400}|COC=O{solv}{x=0.264600}>,BrCCCBr,COC=O,Protein-Null-0.0.3-Pair-NMR-1E4-Umbrella-1E3-4-AAQAA3-1E3-3-OPC3_opc3,1,0.7378445127667312,0.0295009307240982,0.7435,0.00655
3603,138,dens_1812113401512645360,138,Density,<Substance BrCCCBr{solv}{x=0.204700}|COC=O{solv}{x=0.795300}>,BrCCCBr,COC=O,Protein-Null-0.0.3-Pair-NMR-1E4-Umbrella-1E3-4-AAQAA3-1E3-3-OPC3_opc3,1,1.271021457300741,0.0003882056588729,1.2611800000000004,0.001025
3604,139,dhmix_2252268161220427112,139,EnthalpyOfMixing,<Substance BrCCCBr{solv}{x=0.485300}|COC=O{solv}{x=0.514700}>,BrCCCBr,COC=O,Protein-Null-0.0.3-Pair-NMR-1E4-Umbrella-1E3-4-AAQAA3-1E3-3-OPC3_opc3,1,0.9250414001425966,0.030077310386441,0.9249,0.00795
3605,140,dhmix_2289960806584862127,140,EnthalpyOfMixing,<Substance BrCCCBr{solv}{x=0.239500}|COC=O{solv}{x=0.760500}>,BrCCCBr,COC=O,Protein-Null-0.0.3-Pair-NMR-1E4-Umbrella-1E3-4-AAQAA3-1E3-3-OPC3_opc3,1,0.7121216737195253,0.0317112240464673,0.6669,0.00595
3606,141,dens_52148744845178727,141,Density,<Substance CC(=O)CC(C)C{solv}{x=0.700900}|CCC(C)(C)O{solv}{x=0.299100}>,CC(=O)CC(C)C,CCC(C)(C)O,Protein-Null-0.0.3-Pair-NMR-1E4-Umbrella-1E3-4-AAQAA3-1E3-3-OPC3_opc3,1,0.796519580822201,0.0001861371401301,0.7968700000000002,0.00018
3607,142,dhmix_202225007451030020,142,EnthalpyOfMixing,<Substance CC(=O)CC(C)C{solv}{x=0.201700}|CCC(C)(C)O{solv}{x=0.798300}>,CC(=O)CC(C)C,CCC(C)(C)O,Protein-Null-0.0.3-Pair-NMR-1E4-Umbrella-1E3-4-AAQAA3-1E3-3-OPC3_opc3,1,-0.0793662768880923,0.0588174927774375,0.8181,0.01135
3608,143,dens_938275493819605051,143,Density,<Substance CC(=O)CC(C)C{solv}{x=0.500800}|CCC(C)(C)O{solv}{x=0.499200}>,CC(=O)CC(C)C,CCC(C)(C)O,Protein-Null-0.0.3-Pair-NMR-1E4-Umbrella-1E3-4-AAQAA3-1E3-3-OPC3_opc3,1,0.8020582796818744,0.0001854376791681,0.7987300000000002,0.00018
3609,144,dhmix_998794233701009996,144,EnthalpyOfMixing,<Substance CC(=O)CC(C)C{solv}{x=0.500800}|CCC(C)(C)O{solv}{x=0.499200}>,CC(=O)CC(C)C,CCC(C)(C)O,Protein-Null-0.0.3-Pair-NMR-1E4-Umbrella-1E3-4-AAQAA3-1E3-3-OPC3_opc3,1,0.4040699941163685,0.0461989838108699,1.3674,0.0185
3610,145,dhmix_1565593158104493647,145,EnthalpyOfMixing,<Substance CC(=O)CC(C)C{solv}{x=0.700900}|CCC(C)(C)O{solv}{x=0.299100}>,CC(=O)CC(C)C,CCC(C)(C)O,Protein-Null-0.0.3-Pair-NMR-1E4-Umbrella-1E3-4-AAQAA3-1E3-3-OPC3_opc3,1,0.4956628938383964,0.0353496369669915,1.2068,0.0164
3611,146,dens_2097057526665137697,146,Density,<Substance CC(=O)CC(C)C{solv}{x=0.201700}|CCC(C)(C)O{solv}{x=0.798300}>,CC(=O)CC(C)C,CCC(C)(C)O,Protein-Null-0.0.3-Pair-NMR-1E4-Umbrella-1E3-4-AAQAA3-1E3-3-OPC3_opc3,1,0.8115018782298029,0.0002545698470974,0.8030000000000002,0.00019
3612,147,dens_60145312697659458,147,Density,<Substance OC1=NCCC1{solv}{x=0.231200}|c1ccncc1{solv}{x=0.768800}>,OC1=NCCC1,c1ccncc1,Protein-Null-0.0.3-Pair-NMR-1E4-Umbrella-1E3-4-AAQAA3-1E3-3-OPC3_opc3,1,0.999705191379617,0.0002719249674153,1.0106200000000003,0.00051
3613,148,dhmix_281987656487279026,148,EnthalpyOfMixing,<Substance OC1=NCCC1{solv}{x=0.525600}|c1ccncc1{solv}{x=0.474400}>,OC1=NCCC1,c1ccncc1,Protein-Null-0.0.3-Pair-NMR-1E4-Umbrella-1E3-4-AAQAA3-1E3-3-OPC3_opc3,1,0.1478084109583903,0.0373674355719271,0.2031,0.0508
3614,149,dens_617740093035429712,149,Density,<Substance OC1=NCCC1{solv}{x=0.831200}|c1ccncc1{solv}{x=0.168800}>,OC1=NCCC1,c1ccncc1,Protein-Null-0.0.3-Pair-NMR-1E4-Umbrella-1E3-4-AAQAA3-1E3-3-OPC3_opc3,1,1.051403334034509,0.0002592637426192,1.0872000000000004,0.00052
3615,150,dhmix_658699797311871042,150,EnthalpyOfMixing,<Substance OC1=NCCC1{solv}{x=0.261500}|c1ccncc1{solv}{x=0.738500}>,OC1=NCCC1,c1ccncc1,Protein-Null-0.0.3-Pair-NMR-1E4-Umbrella-1E3-4-AAQAA3-1E3-3-OPC3_opc3,1,0.2058871143144003,0.0369569760240741,0.165,0.04125
3616,151,dhmix_774470106511868908,151,EnthalpyOfMixing,<Substance OC1=NCCC1{solv}{x=0.831100}|c1ccncc1{solv}{x=0.168900}>,OC1=NCCC1,c1ccncc1,Protein-Null-0.0.3-Pair-NMR-1E4-Umbrella-1E3-4-AAQAA3-1E3-3-OPC3_opc3,1,0.004628782777388,0.0414968499325518,0.0972,0.0243
3617,152,dens_1837977312272564303,152,Density,<Substance OC1=NCCC1{solv}{x=0.475200}|c1ccncc1{solv}{x=0.524800}>,OC1=NCCC1,c1ccncc1,Protein-Null-0.0.3-Pair-NMR-1E4-Umbrella-1E3-4-AAQAA3-1E3-3-OPC3_opc3,1,1.02206318372717,0.0002498845700371,1.0431300000000003,0.000515
3618,153,dens_64870336397637683,153,Density,<Substance NCCCO{solv}{x=0.489642}|O{solv}{x=0.510358}>,NCCCO,O,Protein-Null-0.0.3-Pair-NMR-1E4-Umbrella-1E3-4-AAQAA3-1E3-3-OPC3_opc3,1,1.0338579766983962,0.0003320605514244,1.0059000000000002,0.00155
3619,154,dens_70371380055449550,154,Density,<Substance NCCCO{solv}{x=0.708044}|O{solv}{x=0.291956}>,NCCCO,O,Protein-Null-0.0.3-Pair-NMR-1E4-Umbrella-1E3-4-AAQAA3-1E3-3-OPC3_opc3,1,1.0307501682563176,0.000330340463207,0.9975000000000004,0.0018
3620,155,dhmix_150384853762728924,155,EnthalpyOfMixing,<Substance NCCCO{solv}{x=0.751500}|O{solv}{x=0.248500}>,NCCCO,O,Protein-Null-0.0.3-Pair-NMR-1E4-Umbrella-1E3-4-AAQAA3-1E3-3-OPC3_opc3,1,-0.6862597343593677,0.041475047701225,-1.531,0.031
3621,156,dens_847209819230970781,156,Density,<Substance NCCCO{solv}{x=0.272809}|O{solv}{x=0.727191}>,NCCCO,O,Protein-Null-0.0.3-Pair-NMR-1E4-Umbrella-1E3-4-AAQAA3-1E3-3-OPC3_opc3,1,1.0294132679225476,0.0003532091681256,1.0118000000000005,0.0014
3622,157,dhmix_1448036989335532298,157,EnthalpyOfMixing,<Substance NCCCO{solv}{x=0.298200}|O{solv}{x=0.701800}>,NCCCO,O,Protein-Null-0.0.3-Pair-NMR-1E4-Umbrella-1E3-4-AAQAA3-1E3-3-OPC3_opc3,1,-1.1625315238200926,0.0275943733454588,-2.501,0.051
3623,158,dhmix_1551692974855642379,158,EnthalpyOfMixing,<Substance NCCCO{solv}{x=0.498900}|O{solv}{x=0.501100}>,NCCCO,O,Protein-Null-0.0.3-Pair-NMR-1E4-Umbrella-1E3-4-AAQAA3-1E3-3-OPC3_opc3,1,-1.378823779404378,0.042804290414727,-2.462,0.05
3624,159,dhmix_65921650414250861,159,EnthalpyOfMixing,<Substance CCOC(=O)CC(C)=O{solv}{x=0.499500}|CCO{solv}{x=0.500500}>,CCO,CCOC(=O)CC(C)=O,Protein-Null-0.0.3-Pair-NMR-1E4-Umbrella-1E3-4-AAQAA3-1E3-3-OPC3_opc3,1,1.4719531620219757,0.0407531646849898,1.7079,0.0183
3625,160,dhmix_546962203716710778,160,EnthalpyOfMixing,<Substance CCOC(=O)CC(C)=O{solv}{x=0.299400}|CCO{solv}{x=0.700600}>,CCO,CCOC(=O)CC(C)=O,Protein-Null-0.0.3-Pair-NMR-1E4-Umbrella-1E3-4-AAQAA3-1E3-3-OPC3_opc3,1,1.27772072415452,0.0394583212719511,1.4925,0.01605
3626,161,dens_989479368116300355,161,Density,<Substance CCOC(=O)CC(C)=O{solv}{x=0.500000}|CCO{solv}{x=0.500000}>,CCO,CCOC(=O)CC(C)=O,Protein-Null-0.0.3-Pair-NMR-1E4-Umbrella-1E3-4-AAQAA3-1E3-3-OPC3_opc3,1,0.950979572982556,0.0001591736778372,0.9484700000000004,0.000155
3627,162,dens_1726065156375824332,162,Density,<Substance CCOC(=O)CC(C)=O{solv}{x=0.250000}|CCO{solv}{x=0.750000}>,CCO,CCOC(=O)CC(C)=O,Protein-Null-0.0.3-Pair-NMR-1E4-Umbrella-1E3-4-AAQAA3-1E3-3-OPC3_opc3,1,0.8867776331105869,0.000290249484788,0.8856300000000003,0.00017
3628,163,dens_1736679431098209973,163,Density,<Substance CCOC(=O)CC(C)=O{solv}{x=0.750000}|CCO{solv}{x=0.250000}>,CCO,CCOC(=O)CC(C)=O,Protein-Null-0.0.3-Pair-NMR-1E4-Umbrella-1E3-4-AAQAA3-1E3-3-OPC3_opc3,1,0.9943507018208442,0.0001401583498948,0.9917100000000004,0.00017
3629,164,dhmix_2221487218644783272,164,EnthalpyOfMixing,<Substance CCOC(=O)CC(C)=O{solv}{x=0.700800}|CCO{solv}{x=0.299200}>,CCO,CCOC(=O)CC(C)=O,Protein-Null-0.0.3-Pair-NMR-1E4-Umbrella-1E3-4-AAQAA3-1E3-3-OPC3_opc3,1,1.186263025777464,0.0441805118292727,1.478,0.0159
3630,165,dhmix_68947190908856741,165,EnthalpyOfMixing,<Substance C1COCCO1{solv}{x=0.250000}|O=C1CCCC1{solv}{x=0.750000}>,C1COCCO1,O=C1CCCC1,Protein-Null-0.0.3-Pair-NMR-1E4-Umbrella-1E3-4-AAQAA3-1E3-3-OPC3_opc3,1,0.030569630650703,0.0379960976906335,0.04589,0.00057
3631,166,dens_225413782402822877,166,Density,<Substance C1COCCO1{solv}{x=0.777800}|O=C1CCCC1{solv}{x=0.222200}>,C1COCCO1,O=C1CCCC1,Protein-Null-0.0.3-Pair-NMR-1E4-Umbrella-1E3-4-AAQAA3-1E3-3-OPC3_opc3,1,1.0022651780420375,0.0002366723615638,1.0081000000000002,0.000255
3632,167,dhmix_415496698649060745,167,EnthalpyOfMixing,<Substance C1COCCO1{solv}{x=0.500000}|O=C1CCCC1{solv}{x=0.500000}>,C1COCCO1,O=C1CCCC1,Protein-Null-0.0.3-Pair-NMR-1E4-Umbrella-1E3-4-AAQAA3-1E3-3-OPC3_opc3,1,-0.0030471620454761,0.0380158991298552,0.07457,0.00068
3633,168,dens_803440153424346423,168,Density,<Substance C1COCCO1{solv}{x=0.506300}|O=C1CCCC1{solv}{x=0.493700}>,C1COCCO1,O=C1CCCC1,Protein-Null-0.0.3-Pair-NMR-1E4-Umbrella-1E3-4-AAQAA3-1E3-3-OPC3_opc3,1,0.9694660536291484,0.0002100920121315,0.9849200000000002,0.00025
3634,169,dens_1553194080174872005,169,Density,<Substance C1COCCO1{solv}{x=0.243600}|O=C1CCCC1{solv}{x=0.756400}>,C1COCCO1,O=C1CCCC1,Protein-Null-0.0.3-Pair-NMR-1E4-Umbrella-1E3-4-AAQAA3-1E3-3-OPC3_opc3,1,0.9398485321733604,0.000274782314419,0.9633500000000004,0.000245
3635,170,dhmix_1852349497898107924,170,EnthalpyOfMixing,<Substance C1COCCO1{solv}{x=0.750000}|O=C1CCCC1{solv}{x=0.250000}>,C1COCCO1,O=C1CCCC1,Protein-Null-0.0.3-Pair-NMR-1E4-Umbrella-1E3-4-AAQAA3-1E3-3-OPC3_opc3,1,-0.0097345811889653,0.0421264669985951,0.07097,0.000665
3636,171,dhmix_71170350241685196,171,EnthalpyOfMixing,<Substance COC(C)(C)C{solv}{x=0.749000}|ClC(Cl)Cl{solv}{x=0.251000}>,COC(C)(C)C,ClC(Cl)Cl,Protein-Null-0.0.3-Pair-NMR-1E4-Umbrella-1E3-4-AAQAA3-1E3-3-OPC3_opc3,1,-0.8504155118441261,0.0420295708137437,-1.9,0.077
3637,172,dens_554111049740737271,172,Density,<Substance COC(C)(C)C{solv}{x=0.454000}|ClC(Cl)Cl{solv}{x=0.546000}>,COC(C)(C)C,ClC(Cl)Cl,Protein-Null-0.0.3-Pair-NMR-1E4-Umbrella-1E3-4-AAQAA3-1E3-3-OPC3_opc3,1,1.1189287291532373,0.0003760404672916,1.0838000000000003,0.00015
3638,173,dhmix_1691495556773848750,173,EnthalpyOfMixing,<Substance COC(C)(C)C{solv}{x=0.484000}|ClC(Cl)Cl{solv}{x=0.516000}>,COC(C)(C)C,ClC(Cl)Cl,Protein-Null-0.0.3-Pair-NMR-1E4-Umbrella-1E3-4-AAQAA3-1E3-3-OPC3_opc3,1,-1.351697824569886,0.034281339118547,-2.1,0.0845
3639,174,dens_1874337336846858625,174,Density,<Substance COC(C)(C)C{solv}{x=0.276000}|ClC(Cl)Cl{solv}{x=0.724000}>,COC(C)(C)C,ClC(Cl)Cl,Protein-Null-0.0.3-Pair-NMR-1E4-Umbrella-1E3-4-AAQAA3-1E3-3-OPC3_opc3,1,1.277709219687574,0.0005620526867349,1.2259000000000004,0.0002
3640,175,dens_2136498248834183810,175,Density,<Substance COC(C)(C)C{solv}{x=0.728600}|ClC(Cl)Cl{solv}{x=0.271400}>,COC(C)(C)C,ClC(Cl)Cl,Protein-Null-0.0.3-Pair-NMR-1E4-Umbrella-1E3-4-AAQAA3-1E3-3-OPC3_opc3,1,0.913171716669587,0.0002720758804046,0.8956000000000003,0.00015
3641,176,dhmix_2232264038422377060,176,EnthalpyOfMixing,<Substance COC(C)(C)C{solv}{x=0.220000}|ClC(Cl)Cl{solv}{x=0.780000}>,COC(C)(C)C,ClC(Cl)Cl,Protein-Null-0.0.3-Pair-NMR-1E4-Umbrella-1E3-4-AAQAA3-1E3-3-OPC3_opc3,1,-0.9560459661904996,0.0323120515657015,-1.5,0.0605
3642,177,dhmix_73322629991074290,177,EnthalpyOfMixing,<Substance CCC(C)=O{solv}{x=0.212400}|CCN(CC)CC{solv}{x=0.787600}>,CCC(C)=O,CCN(CC)CC,Protein-Null-0.0.3-Pair-NMR-1E4-Umbrella-1E3-4-AAQAA3-1E3-3-OPC3_opc3,1,0.4218914435077892,0.0401409454730108,0.57,0.006
3643,178,dens_317201778138256714,178,Density,<Substance CCC(C)=O{solv}{x=0.261000}|CCN(CC)CC{solv}{x=0.739000}>,CCC(C)=O,CCN(CC)CC,Protein-Null-0.0.3-Pair-NMR-1E4-Umbrella-1E3-4-AAQAA3-1E3-3-OPC3_opc3,1,0.7304924605800293,0.0002131314623969,0.7361510000000001,0.000106
3644,179,dens_544322850735592196,179,Density,<Substance CCC(C)=O{solv}{x=0.510600}|CCN(CC)CC{solv}{x=0.489400}>,CCC(C)=O,CCN(CC)CC,Protein-Null-0.0.3-Pair-NMR-1E4-Umbrella-1E3-4-AAQAA3-1E3-3-OPC3_opc3,1,0.7418068757216831,0.0002333463328529,0.7527560000000002,0.0001045
3645,180,dhmix_690665189446107141,180,EnthalpyOfMixing,<Substance CCC(C)=O{solv}{x=0.496700}|CCN(CC)CC{solv}{x=0.503300}>,CCC(C)=O,CCN(CC)CC,Protein-Null-0.0.3-Pair-NMR-1E4-Umbrella-1E3-4-AAQAA3-1E3-3-OPC3_opc3,1,0.5314107595470219,0.0414310577122977,0.746,0.008
3646,181,dhmix_935249702283890201,181,EnthalpyOfMixing,<Substance CCC(C)=O{solv}{x=0.789300}|CCN(CC)CC{solv}{x=0.210700}>,CCC(C)=O,CCN(CC)CC,Protein-Null-0.0.3-Pair-NMR-1E4-Umbrella-1E3-4-AAQAA3-1E3-3-OPC3_opc3,1,0.336474048018184,0.0408074938184091,0.455,0.005
3647,182,dens_1635002920322954883,182,Density,<Substance CCC(C)=O{solv}{x=0.760400}|CCN(CC)CC{solv}{x=0.239600}>,CCC(C)=O,CCN(CC)CC,Protein-Null-0.0.3-Pair-NMR-1E4-Umbrella-1E3-4-AAQAA3-1E3-3-OPC3_opc3,1,0.7565287909344576,0.0002383950864118,0.7738830000000002,9.900000000000003e-05
3648,183,dhmix_76833325524040726,183,EnthalpyOfMixing,<Substance C1CCCCC1{solv}{x=0.260600}|c1ccccc1{solv}{x=0.739400}>,C1CCCCC1,c1ccccc1,Protein-Null-0.0.3-Pair-NMR-1E4-Umbrella-1E3-4-AAQAA3-1E3-3-OPC3_opc3,1,0.8126052778174113,0.0405295821089536,0.6282,0.00695
3649,184,dens_330305790736126156,184,Density,<Substance C1CCCCC1{solv}{x=0.499600}|c1ccccc1{solv}{x=0.500400}>,C1CCCCC1,c1ccccc1,Protein-Null-0.0.3-Pair-NMR-1E4-Umbrella-1E3-4-AAQAA3-1E3-3-OPC3_opc3,1,0.7931771317485315,0.0001790920201797,0.8136000000000002,0.0002
3650,185,dhmix_460305358266375837,185,EnthalpyOfMixing,<Substance C1CCCCC1{solv}{x=0.766800}|c1ccccc1{solv}{x=0.233200}>,C1CCCCC1,c1ccccc1,Protein-Null-0.0.3-Pair-NMR-1E4-Umbrella-1E3-4-AAQAA3-1E3-3-OPC3_opc3,1,0.7577371657017693,0.0387766642699851,0.5517,0.00725
3651,186,dens_1579941980285561951,186,Density,<Substance C1CCCCC1{solv}{x=0.249800}|c1ccccc1{solv}{x=0.750200}>,C1CCCCC1,c1ccccc1,Protein-Null-0.0.3-Pair-NMR-1E4-Umbrella-1E3-4-AAQAA3-1E3-3-OPC3_opc3,1,0.8233587996814847,0.0002950850517339,0.8405780000000002,7.05e-05
3652,187,dhmix_1824194485055356086,187,EnthalpyOfMixing,<Substance C1CCCCC1{solv}{x=0.501200}|c1ccccc1{solv}{x=0.498800}>,C1CCCCC1,c1ccccc1,Protein-Null-0.0.3-Pair-NMR-1E4-Umbrella-1E3-4-AAQAA3-1E3-3-OPC3_opc3,1,1.036897009357432,0.0363643208977752,0.7893,0.00655
3653,188,dens_1871885279620492514,188,Density,<Substance C1CCCCC1{solv}{x=0.732300}|c1ccccc1{solv}{x=0.267700}>,C1CCCCC1,c1ccccc1,Protein-Null-0.0.3-Pair-NMR-1E4-Umbrella-1E3-4-AAQAA3-1E3-3-OPC3_opc3,1,0.7716389758025749,0.0002812307599199,0.7929200000000002,7.450000000000001e-05
3654,189,dens_78518696584109468,189,Density,<Substance CN(CCO)CCO{solv}{x=0.743000}|O{solv}{x=0.257000}>,CN(CCO)CCO,O,Protein-Null-0.0.3-Pair-NMR-1E4-Umbrella-1E3-4-AAQAA3-1E3-3-OPC3_opc3,1,1.039827253960053,0.0002454356765673,1.0405100000000005,0.000286
3655,190,dens_169053214615075062,190,Density,<Substance CN(CCO)CCO{solv}{x=0.257100}|O{solv}{x=0.742900}>,CN(CCO)CCO,O,Protein-Null-0.0.3-Pair-NMR-1E4-Umbrella-1E3-4-AAQAA3-1E3-3-OPC3_opc3,1,1.0449692266326027,0.000444755273828,1.0522550000000004,0.000221
3656,191,dhmix_750283179383190388,191,EnthalpyOfMixing,<Substance CN(CCO)CCO{solv}{x=0.741100}|O{solv}{x=0.258900}>,CN(CCO)CCO,O,Protein-Null-0.0.3-Pair-NMR-1E4-Umbrella-1E3-4-AAQAA3-1E3-3-OPC3_opc3,1,-1.4035856432908531,0.0524273068559977,-1.154,0.0125
3657,192,dhmix_1537351248216247854,192,EnthalpyOfMixing,<Substance CN(CCO)CCO{solv}{x=0.259300}|O{solv}{x=0.740700}>,CN(CCO)CCO,O,Protein-Null-0.0.3-Pair-NMR-1E4-Umbrella-1E3-4-AAQAA3-1E3-3-OPC3_opc3,1,-1.4666208401970344,0.0380265521377806,-2.271,0.046
3658,193,dens_1700904374078825036,193,Density,<Substance CN(CCO)CCO{solv}{x=0.484900}|O{solv}{x=0.515100}>,CN(CCO)CCO,O,Protein-Null-0.0.3-Pair-NMR-1E4-Umbrella-1E3-4-AAQAA3-1E3-3-OPC3_opc3,1,1.0456117205744684,0.0002669947599499,1.048636,0.0002475
3659,194,dhmix_1761290393567900831,194,EnthalpyOfMixing,<Substance CN(CCO)CCO{solv}{x=0.494100}|O{solv}{x=0.505900}>,CN(CCO)CCO,O,Protein-Null-0.0.3-Pair-NMR-1E4-Umbrella-1E3-4-AAQAA3-1E3-3-OPC3_opc3,1,-1.494333114306812,0.0644629363952135,-2.072,0.042
3660,195,dhmix_81883535492439507,195,EnthalpyOfMixing,<Substance C1COCO1{solv}{x=0.200000}|O=C1CCCC1{solv}{x=0.800000}>,C1COCO1,O=C1CCCC1,Protein-Null-0.0.3-Pair-NMR-1E4-Umbrella-1E3-4-AAQAA3-1E3-3-OPC3_opc3,1,-0.0154680409178737,0.0411544665259225,-0.00853,0.000425
3661,196,dens_192935635984964537,196,Density,<Substance C1COCO1{solv}{x=0.509000}|O=C1CCCC1{solv}{x=0.491000}>,C1COCO1,O=C1CCCC1,Protein-Null-0.0.3-Pair-NMR-1E4-Umbrella-1E3-4-AAQAA3-1E3-3-OPC3_opc3,1,0.991253924828186,0.000240604240023,0.9954700000000004,0.000255
3662,197,dhmix_309530351940031317,197,EnthalpyOfMixing,<Substance C1COCO1{solv}{x=0.700000}|O=C1CCCC1{solv}{x=0.300000}>,C1COCO1,O=C1CCCC1,Protein-Null-0.0.3-Pair-NMR-1E4-Umbrella-1E3-4-AAQAA3-1E3-3-OPC3_opc3,1,-0.0263090736508786,0.0353432587650388,-0.02292,0.00048
3663,198,dhmix_1480225642523009634,198,EnthalpyOfMixing,<Substance C1COCO1{solv}{x=0.500000}|O=C1CCCC1{solv}{x=0.500000}>,C1COCO1,O=C1CCCC1,Protein-Null-0.0.3-Pair-NMR-1E4-Umbrella-1E3-4-AAQAA3-1E3-3-OPC3_opc3,1,-0.0143283850803186,0.035908111536654,-0.02181,0.000475
3664,199,dens_1663189314624242951,199,Density,<Substance C1COCO1{solv}{x=0.225100}|O=C1CCCC1{solv}{x=0.774900}>,C1COCO1,O=C1CCCC1,Protein-Null-0.0.3-Pair-NMR-1E4-Umbrella-1E3-4-AAQAA3-1E3-3-OPC3_opc3,1,0.944517852869156,0.0002423058127072,0.9652800000000002,0.000245
3665,200,dens_1684591254659727640,200,Density,<Substance C1COCO1{solv}{x=0.789100}|O=C1CCCC1{solv}{x=0.210900}>,C1COCO1,O=C1CCCC1,Protein-Null-0.0.3-Pair-NMR-1E4-Umbrella-1E3-4-AAQAA3-1E3-3-OPC3_opc3,1,1.0433217942587056,0.0002964918013553,1.02957,0.00026
3666,201,dens_82854054922011802,201,Density,<Substance c1cc[nH]c1{solv}{x=0.542600}|c1ccncc1{solv}{x=0.457400}>,c1cc[nH]c1,c1ccncc1,Protein-Null-0.0.3-Pair-NMR-1E4-Umbrella-1E3-4-AAQAA3-1E3-3-OPC3_opc3,1,0.9771376360885684,0.0002069087075421,0.9706400000000002,5.5000000000000016e-05
3667,202,dens_332042143272324658,202,Density,<Substance c1cc[nH]c1{solv}{x=0.755400}|c1ccncc1{solv}{x=0.244600}>,c1cc[nH]c1,c1ccncc1,Protein-Null-0.0.3-Pair-NMR-1E4-Umbrella-1E3-4-AAQAA3-1E3-3-OPC3_opc3,1,0.9778017055598212,0.0002656361436316,0.9676900000000004,5.5000000000000016e-05
3668,203,dhmix_582184351339863568,203,EnthalpyOfMixing,<Substance c1cc[nH]c1{solv}{x=0.760200}|c1ccncc1{solv}{x=0.239800}>,c1cc[nH]c1,c1ccncc1,Protein-Null-0.0.3-Pair-NMR-1E4-Umbrella-1E3-4-AAQAA3-1E3-3-OPC3_opc3,1,-0.0102798903568626,0.0329790899487515,-1.6452,0.01075
3669,204,dhmix_809205277185290719,204,EnthalpyOfMixing,<Substance c1cc[nH]c1{solv}{x=0.509500}|c1ccncc1{solv}{x=0.490500}>,c1cc[nH]c1,c1ccncc1,Protein-Null-0.0.3-Pair-NMR-1E4-Umbrella-1E3-4-AAQAA3-1E3-3-OPC3_opc3,1,-0.0270537797772831,0.0319255699500941,-2.649,0.01645
3670,205,dens_1187941919350264461,205,Density,<Substance c1cc[nH]c1{solv}{x=0.227300}|c1ccncc1{solv}{x=0.772700}>,c1cc[nH]c1,c1ccncc1,Protein-Null-0.0.3-Pair-NMR-1E4-Umbrella-1E3-4-AAQAA3-1E3-3-OPC3_opc3,1,0.9767748466969304,0.000277108450044,0.9755600000000002,5.5000000000000016e-05
3671,206,dhmix_2302696180464118683,206,EnthalpyOfMixing,<Substance c1cc[nH]c1{solv}{x=0.239500}|c1ccncc1{solv}{x=0.760500}>,c1cc[nH]c1,c1ccncc1,Protein-Null-0.0.3-Pair-NMR-1E4-Umbrella-1E3-4-AAQAA3-1E3-3-OPC3_opc3,1,-0.0609429563683687,0.0363251545417692,-1.7662,0.01145
3672,207,dhmix_84488753175979819,207,EnthalpyOfMixing,<Substance C1CCOCC1{solv}{x=0.500000}|CCO{solv}{x=0.500000}>,C1CCOCC1,CCO,Protein-Null-0.0.3-Pair-NMR-1E4-Umbrella-1E3-4-AAQAA3-1E3-3-OPC3_opc3,1,0.9390674251894282,0.0382291176224,0.8491,0.00794
3673,208,dens_904236164857914889,208,Density,<Substance C1CCOCC1{solv}{x=0.701000}|CCO{solv}{x=0.299000}>,C1CCOCC1,CCO,Protein-Null-0.0.3-Pair-NMR-1E4-Umbrella-1E3-4-AAQAA3-1E3-3-OPC3_opc3,1,0.8488288058218497,0.0002359520103727,0.8595400000000002,8.500000000000002e-05
3674,209,dhmix_923986751684807715,209,EnthalpyOfMixing,<Substance C1CCOCC1{solv}{x=0.750000}|CCO{solv}{x=0.250000}>,C1CCOCC1,CCO,Protein-Null-0.0.3-Pair-NMR-1E4-Umbrella-1E3-4-AAQAA3-1E3-3-OPC3_opc3,1,0.8534534832514211,0.0401388230666528,0.75364,0.007115
3675,210,dhmix_927648698725704337,210,EnthalpyOfMixing,<Substance C1CCOCC1{solv}{x=0.250000}|CCO{solv}{x=0.750000}>,C1CCOCC1,CCO,Protein-Null-0.0.3-Pair-NMR-1E4-Umbrella-1E3-4-AAQAA3-1E3-3-OPC3_opc3,1,0.6410876663826812,0.034899415095544,0.57017,0.00553
3676,211,dens_1095414448718823860,211,Density,<Substance C1CCOCC1{solv}{x=0.504000}|CCO{solv}{x=0.496000}>,C1CCOCC1,CCO,Protein-Null-0.0.3-Pair-NMR-1E4-Umbrella-1E3-4-AAQAA3-1E3-3-OPC3_opc3,1,0.8348324025101804,0.0003139998615234,0.8440100000000001,0.0001
3677,212,dens_1309012152943788187,212,Density,<Substance C1CCOCC1{solv}{x=0.284000}|CCO{solv}{x=0.716000}>,C1CCOCC1,CCO,Protein-Null-0.0.3-Pair-NMR-1E4-Umbrella-1E3-4-AAQAA3-1E3-3-OPC3_opc3,1,0.8158008733635677,0.0003160702067194,0.8227400000000002,0.00012
3678,213,dens_88489471162801298,213,Density,<Substance CC(C)=O{solv}{x=0.248400}|Nc1ccccc1{solv}{x=0.751600}>,CC(C)=O,Nc1ccccc1,Protein-Null-0.0.3-Pair-NMR-1E4-Umbrella-1E3-4-AAQAA3-1E3-3-OPC3_opc3,1,1.0068891410373926,0.0002483276871939,0.9768950000000002,0.0001055
3679,214,dens_892449093930393176,214,Density,<Substance CC(C)=O{solv}{x=0.411400}|Nc1ccccc1{solv}{x=0.588600}>,CC(C)=O,Nc1ccccc1,Protein-Null-0.0.3-Pair-NMR-1E4-Umbrella-1E3-4-AAQAA3-1E3-3-OPC3_opc3,1,0.963119810804878,0.0001988834106283,0.9457730000000002,0.0001285
3680,215,dens_1087594007698023193,215,Density,<Substance CC(C)=O{solv}{x=0.699300}|Nc1ccccc1{solv}{x=0.300700}>,CC(C)=O,Nc1ccccc1,Protein-Null-0.0.3-Pair-NMR-1E4-Umbrella-1E3-4-AAQAA3-1E3-3-OPC3_opc3,1,0.8772677560149826,0.0002642764045304,0.8786430000000003,0.000178
3681,216,dhmix_1461699545612032563,216,EnthalpyOfMixing,<Substance CC(C)=O{solv}{x=0.214500}|Nc1ccccc1{solv}{x=0.785500}>,CC(C)=O,Nc1ccccc1,Protein-Null-0.0.3-Pair-NMR-1E4-Umbrella-1E3-4-AAQAA3-1E3-3-OPC3_opc3,1,-0.2484603305361759,0.0514341263838918,-0.746,0.008
3682,217,dhmix_1577476208805542019,217,EnthalpyOfMixing,<Substance CC(C)=O{solv}{x=0.699100}|Nc1ccccc1{solv}{x=0.300900}>,CC(C)=O,Nc1ccccc1,Protein-Null-0.0.3-Pair-NMR-1E4-Umbrella-1E3-4-AAQAA3-1E3-3-OPC3_opc3,1,-0.9598537610656734,0.0371031788984896,-1.076,0.0115
3683,218,dhmix_2267661763264899390,218,EnthalpyOfMixing,<Substance CC(C)=O{solv}{x=0.410700}|Nc1ccccc1{solv}{x=0.589300}>,CC(C)=O,Nc1ccccc1,Protein-Null-0.0.3-Pair-NMR-1E4-Umbrella-1E3-4-AAQAA3-1E3-3-OPC3_opc3,1,-0.7998593044048761,0.0390718684412815,-1.165,0.0125
3684,219,dhmix_90851537891129625,219,EnthalpyOfMixing,<Substance C1CCOCC1{solv}{x=0.268300}|Cc1ccccn1{solv}{x=0.731700}>,C1CCOCC1,Cc1ccccn1,Protein-Null-0.0.3-Pair-NMR-1E4-Umbrella-1E3-4-AAQAA3-1E3-3-OPC3_opc3,1,0.0968211810975034,0.0393065042701504,0.1057,0.00105
3685,220,dhmix_975790739707505549,220,EnthalpyOfMixing,<Substance C1CCOCC1{solv}{x=0.482200}|Cc1ccccn1{solv}{x=0.517800}>,C1CCOCC1,Cc1ccccn1,Protein-Null-0.0.3-Pair-NMR-1E4-Umbrella-1E3-4-AAQAA3-1E3-3-OPC3_opc3,1,0.0666684650616808,0.0426682581854036,0.1728,0.00135
3686,221,dens_981500521813591443,221,Density,<Substance C1CCOCC1{solv}{x=0.491600}|Cc1ccccn1{solv}{x=0.508400}>,C1CCOCC1,Cc1ccccn1,Protein-Null-0.0.3-Pair-NMR-1E4-Umbrella-1E3-4-AAQAA3-1E3-3-OPC3_opc3,1,0.9042355508038754,0.0001715730924709,0.910915,0.000475
3687,222,dens_1237050172671894703,222,Density,<Substance C1CCOCC1{solv}{x=0.237300}|Cc1ccccn1{solv}{x=0.762700}>,C1CCOCC1,Cc1ccccn1,Protein-Null-0.0.3-Pair-NMR-1E4-Umbrella-1E3-4-AAQAA3-1E3-3-OPC3_opc3,1,0.9229242335189972,0.0002274963846985,0.9261620000000004,0.0004855
3688,223,dhmix_1841520238596708010,223,EnthalpyOfMixing,<Substance C1CCOCC1{solv}{x=0.821600}|Cc1ccccn1{solv}{x=0.178400}>,C1CCOCC1,Cc1ccccn1,Protein-Null-0.0.3-Pair-NMR-1E4-Umbrella-1E3-4-AAQAA3-1E3-3-OPC3_opc3,1,0.0565291731047921,0.0362215214099605,0.1352,0.0012
3689,224,dens_1852422594896475094,224,Density,<Substance C1CCOCC1{solv}{x=0.821900}|Cc1ccccn1{solv}{x=0.178100}>,C1CCOCC1,Cc1ccccn1,Protein-Null-0.0.3-Pair-NMR-1E4-Umbrella-1E3-4-AAQAA3-1E3-3-OPC3_opc3,1,0.8700863785794464,0.0002270838644016,0.8802920000000002,0.000454
3690,225,dhmix_93676522673462266,225,EnthalpyOfMixing,<Substance CC(=O)N(C)C{solv}{x=0.702000}|ClCCCl{solv}{x=0.298000}>,CC(=O)N(C)C,ClCCCl,Protein-Null-0.0.3-Pair-NMR-1E4-Umbrella-1E3-4-AAQAA3-1E3-3-OPC3_opc3,1,-0.0524267065043329,0.0396730889792001,-0.706,0.004
3691,226,dens_466640151895915379,226,Density,<Substance CC(=O)N(C)C{solv}{x=0.499900}|ClCCCl{solv}{x=0.500100}>,CC(=O)N(C)C,ClCCCl,Protein-Null-0.0.3-Pair-NMR-1E4-Umbrella-1E3-4-AAQAA3-1E3-3-OPC3_opc3,1,1.043809515648435,0.0003169521690377,1.0774000000000004,0.00325
3692,227,dhmix_504891727488256514,227,EnthalpyOfMixing,<Substance CC(=O)N(C)C{solv}{x=0.202000}|ClCCCl{solv}{x=0.798000}>,CC(=O)N(C)C,ClCCCl,Protein-Null-0.0.3-Pair-NMR-1E4-Umbrella-1E3-4-AAQAA3-1E3-3-OPC3_opc3,1,-0.0843440554781125,0.0356597205140137,-0.586,0.004
3693,228,dens_1432716574300574119,228,Density,<Substance CC(=O)N(C)C{solv}{x=0.298800}|ClCCCl{solv}{x=0.701200}>,CC(=O)N(C)C,ClCCCl,Protein-Null-0.0.3-Pair-NMR-1E4-Umbrella-1E3-4-AAQAA3-1E3-3-OPC3_opc3,1,1.1052540689772294,0.0004233208008782,1.1413000000000002,0.00345
3694,229,dens_1909242265481868478,229,Density,<Substance CC(=O)N(C)C{solv}{x=0.700800}|ClCCCl{solv}{x=0.299200}>,CC(=O)N(C)C,ClCCCl,Protein-Null-0.0.3-Pair-NMR-1E4-Umbrella-1E3-4-AAQAA3-1E3-3-OPC3_opc3,1,0.9829085407772112,0.0001986186256678,1.0181000000000002,0.00305
3695,230,dhmix_2201663021806040380,230,EnthalpyOfMixing,<Substance CC(=O)N(C)C{solv}{x=0.500000}|ClCCCl{solv}{x=0.500000}>,CC(=O)N(C)C,ClCCCl,Protein-Null-0.0.3-Pair-NMR-1E4-Umbrella-1E3-4-AAQAA3-1E3-3-OPC3_opc3,1,-0.1467825698118996,0.0344441693507401,-0.885,0.004
3696,231,dhmix_101847702994296892,231,EnthalpyOfMixing,<Substance CCCCCCCl{solv}{x=0.790000}|CN1CCCC1=O{solv}{x=0.210000}>,CCCCCCCl,CN1CCCC1=O,Protein-Null-0.0.3-Pair-NMR-1E4-Umbrella-1E3-4-AAQAA3-1E3-3-OPC3_opc3,1,0.6640330728958617,0.0352092567806742,0.232,0.0025
3697,232,dhmix_275814181113182192,232,EnthalpyOfMixing,<Substance CCCCCCCl{solv}{x=0.497000}|CN1CCCC1=O{solv}{x=0.503000}>,CCCCCCCl,CN1CCCC1=O,Protein-Null-0.0.3-Pair-NMR-1E4-Umbrella-1E3-4-AAQAA3-1E3-3-OPC3_opc3,1,1.0367020028433842,0.0446114597796496,0.416,0.0025
3698,233,dens_441375838683668512,233,Density,<Substance CCCCCCCl{solv}{x=0.499300}|CN1CCCC1=O{solv}{x=0.500700}>,CCCCCCCl,CN1CCCC1=O,Protein-Null-0.0.3-Pair-NMR-1E4-Umbrella-1E3-4-AAQAA3-1E3-3-OPC3_opc3,1,0.9209491949331822,0.0002441145547228,0.9389000000000002,0.0002
3699,234,dhmix_840847840731542643,234,EnthalpyOfMixing,<Substance CCCCCCCl{solv}{x=0.203000}|CN1CCCC1=O{solv}{x=0.797000}>,CCCCCCCl,CN1CCCC1=O,Protein-Null-0.0.3-Pair-NMR-1E4-Umbrella-1E3-4-AAQAA3-1E3-3-OPC3_opc3,1,0.6966107868120162,0.0357845495648282,0.319,0.0025
3700,235,dens_1314691253679633833,235,Density,<Substance CCCCCCCl{solv}{x=0.298400}|CN1CCCC1=O{solv}{x=0.701600}>,CCCCCCCl,CN1CCCC1=O,Protein-Null-0.0.3-Pair-NMR-1E4-Umbrella-1E3-4-AAQAA3-1E3-3-OPC3_opc3,1,0.9496939577054504,0.0002364399637408,0.9715000000000004,0.0002
3701,236,dens_1366683244756558841,236,Density,<Substance CCCCCCCl{solv}{x=0.801200}|CN1CCCC1=O{solv}{x=0.198800}>,CCCCCCCl,CN1CCCC1=O,Protein-Null-0.0.3-Pair-NMR-1E4-Umbrella-1E3-4-AAQAA3-1E3-3-OPC3_opc3,1,0.8818779669042873,0.0001976643577109,0.8970000000000002,0.0003
3702,237,dhmix_107460606439569535,237,EnthalpyOfMixing,<Substance C1COCCO1{solv}{x=0.572500}|O=C1CCCCCC1{solv}{x=0.427500}>,C1COCCO1,O=C1CCCCCC1,Protein-Null-0.0.3-Pair-NMR-1E4-Umbrella-1E3-4-AAQAA3-1E3-3-OPC3_opc3,1,0.2210390548256242,0.0465236379295648,0.1032,0.00125
3703,238,dens_229535957420918177,238,Density,<Substance C1COCCO1{solv}{x=0.748900}|O=C1CCCCCC1{solv}{x=0.251100}>,C1COCCO1,O=C1CCCCCC1,Protein-Null-0.0.3-Pair-NMR-1E4-Umbrella-1E3-4-AAQAA3-1E3-3-OPC3_opc3,1,0.9924401269299976,0.0001986010830637,0.9994100000000002,0.00051
3704,239,dhmix_1101001475632451077,239,EnthalpyOfMixing,<Substance C1COCCO1{solv}{x=0.225200}|O=C1CCCCCC1{solv}{x=0.774800}>,C1COCCO1,O=C1CCCCCC1,Protein-Null-0.0.3-Pair-NMR-1E4-Umbrella-1E3-4-AAQAA3-1E3-3-OPC3_opc3,1,0.2232155669243383,0.0495249342197922,0.0783,0.001
3705,240,dens_1711999737319704820,240,Density,<Substance C1COCCO1{solv}{x=0.572300}|O=C1CCCCCC1{solv}{x=0.427700}>,C1COCCO1,O=C1CCCCCC1,Protein-Null-0.0.3-Pair-NMR-1E4-Umbrella-1E3-4-AAQAA3-1E3-3-OPC3_opc3,1,0.9603864649616368,0.0002223686130518,0.9737000000000002,0.00051
3706,241,dens_1973863157285112004,241,Density,<Substance C1COCCO1{solv}{x=0.255500}|O=C1CCCCCC1{solv}{x=0.744500}>,C1COCCO1,O=C1CCCCCC1,Protein-Null-0.0.3-Pair-NMR-1E4-Umbrella-1E3-4-AAQAA3-1E3-3-OPC3_opc3,1,0.9398936027737383,0.0002048097265641,0.9616800000000002,0.000515
3707,242,dhmix_2239035738396328121,242,EnthalpyOfMixing,<Substance C1COCCO1{solv}{x=0.771600}|O=C1CCCCCC1{solv}{x=0.228400}>,C1COCCO1,O=C1CCCCCC1,Protein-Null-0.0.3-Pair-NMR-1E4-Umbrella-1E3-4-AAQAA3-1E3-3-OPC3_opc3,1,0.1660212025471708,0.0421946523237795,0.0694,0.0009
3708,243,dhmix_110368175234083214,243,EnthalpyOfMixing,<Substance CC#N{solv}{x=0.201600}|CCOC(C)(C)CC{solv}{x=0.798400}>,CC#N,CCOC(C)(C)CC,Protein-Null-0.0.3-Pair-NMR-1E4-Umbrella-1E3-4-AAQAA3-1E3-3-OPC3_opc3,1,0.2629119928944448,0.0493310087596044,0.6411,0.0087
3709,244,dhmix_565046024644834395,244,EnthalpyOfMixing,<Substance CC#N{solv}{x=0.700400}|CCOC(C)(C)CC{solv}{x=0.299600}>,CC#N,CCOC(C)(C)CC,Protein-Null-0.0.3-Pair-NMR-1E4-Umbrella-1E3-4-AAQAA3-1E3-3-OPC3_opc3,1,0.3551935726538084,0.0380514424206884,0.8397,0.0113
3710,245,dens_865362803305469370,245,Density,<Substance CC#N{solv}{x=0.502400}|CCOC(C)(C)CC{solv}{x=0.497600}>,CC#N,CCOC(C)(C)CC,Protein-Null-0.0.3-Pair-NMR-1E4-Umbrella-1E3-4-AAQAA3-1E3-3-OPC3_opc3,1,0.7691893914732031,0.0001687673939844,0.7675000000000002,0.00035
3711,246,dhmix_1131176031733024874,246,EnthalpyOfMixing,<Substance CC#N{solv}{x=0.502400}|CCOC(C)(C)CC{solv}{x=0.497600}>,CC#N,CCOC(C)(C)CC,Protein-Null-0.0.3-Pair-NMR-1E4-Umbrella-1E3-4-AAQAA3-1E3-3-OPC3_opc3,1,0.4447909196342543,0.0391939528877336,0.9514,0.01285
3712,247,dens_1305751749890499162,247,Density,<Substance CC#N{solv}{x=0.201600}|CCOC(C)(C)CC{solv}{x=0.798400}>,CC#N,CCOC(C)(C)CC,Protein-Null-0.0.3-Pair-NMR-1E4-Umbrella-1E3-4-AAQAA3-1E3-3-OPC3_opc3,1,0.7643217707439389,0.0002085868889847,0.7635000000000002,0.00025
3713,248,dens_1928701304100922381,248,Density,<Substance CC#N{solv}{x=0.700400}|CCOC(C)(C)CC{solv}{x=0.299600}>,CC#N,CCOC(C)(C)CC,Protein-Null-0.0.3-Pair-NMR-1E4-Umbrella-1E3-4-AAQAA3-1E3-3-OPC3_opc3,1,0.77242620539908,0.0002410250371775,0.7707000000000003,0.0005
3714,249,dhmix_112729391186229967,249,EnthalpyOfMixing,<Substance CCC(C)=O{solv}{x=0.509000}|CNc1ccccc1{solv}{x=0.491000}>,CCC(C)=O,CNc1ccccc1,Protein-Null-0.0.3-Pair-NMR-1E4-Umbrella-1E3-4-AAQAA3-1E3-3-OPC3_opc3,1,-0.6131428379010995,0.0381763855341591,-0.816,0.009
3715,250,dens_414028029115294252,250,Density,<Substance CCC(C)=O{solv}{x=0.746300}|CNc1ccccc1{solv}{x=0.253700}>,CCC(C)=O,CNc1ccccc1,Protein-Null-0.0.3-Pair-NMR-1E4-Umbrella-1E3-4-AAQAA3-1E3-3-OPC3_opc3,1,0.8397250560146804,0.0002624640765337,0.8582020000000002,0.000102
3716,251,dens_559789475978651659,251,Density,<Substance CCC(C)=O{solv}{x=0.495000}|CNc1ccccc1{solv}{x=0.505000}>,CCC(C)=O,CNc1ccccc1,Protein-Null-0.0.3-Pair-NMR-1E4-Umbrella-1E3-4-AAQAA3-1E3-3-OPC3_opc3,1,0.8982515947750079,0.0002435717587562,0.9066940000000002,0.000164
3717,252,dhmix_1637459312398636454,252,EnthalpyOfMixing,<Substance CCC(C)=O{solv}{x=0.228300}|CNc1ccccc1{solv}{x=0.771700}>,CCC(C)=O,CNc1ccccc1,Protein-Null-0.0.3-Pair-NMR-1E4-Umbrella-1E3-4-AAQAA3-1E3-3-OPC3_opc3,1,-0.4635268465582012,0.0437375634254154,-0.54,0.006
3718,253,dhmix_1933605864237207151,253,EnthalpyOfMixing,<Substance CCC(C)=O{solv}{x=0.705500}|CNc1ccccc1{solv}{x=0.294500}>,CCC(C)=O,CNc1ccccc1,Protein-Null-0.0.3-Pair-NMR-1E4-Umbrella-1E3-4-AAQAA3-1E3-3-OPC3_opc3,1,-0.4382290767071284,0.0427101986836446,-0.672,0.0075
3719,254,dens_2039660657679820411,254,Density,<Substance CCC(C)=O{solv}{x=0.258900}|CNc1ccccc1{solv}{x=0.741100}>,CCC(C)=O,CNc1ccccc1,Protein-Null-0.0.3-Pair-NMR-1E4-Umbrella-1E3-4-AAQAA3-1E3-3-OPC3_opc3,1,0.9463992431997402,0.0002106141218698,0.9456330000000004,0.000259
3720,255,dhmix_112832411362526364,255,EnthalpyOfMixing,<Substance C=CCCCC{solv}{x=0.250000}|CCCCO{solv}{x=0.750000}>,C=CCCCC,CCCCO,Protein-Null-0.0.3-Pair-NMR-1E4-Umbrella-1E3-4-AAQAA3-1E3-3-OPC3_opc3,1,0.4278600152372078,0.0441982792582673,0.2829,0.00333
3721,256,dhmix_385937725855980509,256,EnthalpyOfMixing,<Substance C=CCCCC{solv}{x=0.749900}|CCCCO{solv}{x=0.250100}>,C=CCCCC,CCCCO,Protein-Null-0.0.3-Pair-NMR-1E4-Umbrella-1E3-4-AAQAA3-1E3-3-OPC3_opc3,1,0.7992639468439364,0.0475647406924799,0.63978,0.00696
3722,257,dens_417191245012747241,257,Density,<Substance C=CCCCC{solv}{x=0.501800}|CCCCO{solv}{x=0.498200}>,C=CCCCC,CCCCO,Protein-Null-0.0.3-Pair-NMR-1E4-Umbrella-1E3-4-AAQAA3-1E3-3-OPC3_opc3,1,0.7125382264093487,0.0002345396663037,0.7340000000000002,0.00035
3723,258,dens_1053849773924337242,258,Density,<Substance C=CCCCC{solv}{x=0.100100}|CCCCO{solv}{x=0.899900}>,C=CCCCC,CCCCO,Protein-Null-0.0.3-Pair-NMR-1E4-Umbrella-1E3-4-AAQAA3-1E3-3-OPC3_opc3,1,0.7820997567158873,0.0002669986842926,0.7924000000000002,0.00035
3724,259,dhmix_1436053809694490847,259,EnthalpyOfMixing,<Substance C=CCCCC{solv}{x=0.500300}|CCCCO{solv}{x=0.499700}>,C=CCCCC,CCCCO,Protein-Null-0.0.3-Pair-NMR-1E4-Umbrella-1E3-4-AAQAA3-1E3-3-OPC3_opc3,1,0.6725612787445243,0.0386892244915951,0.56098,0.00616
3725,260,dens_1967827958045932694,260,Density,<Substance C=CCCCC{solv}{x=0.900000}|CCCCO{solv}{x=0.100000}>,C=CCCCC,CCCCO,Protein-Null-0.0.3-Pair-NMR-1E4-Umbrella-1E3-4-AAQAA3-1E3-3-OPC3_opc3,1,0.6579795990012477,0.0002585722864514,0.6818000000000001,0.00035
3726,261,dhmix_113202719214912577,261,EnthalpyOfMixing,<Substance CCN(CC)CCO{solv}{x=0.700300}|O{solv}{x=0.299700}>,CCN(CC)CCO,O,Protein-Null-0.0.3-Pair-NMR-1E4-Umbrella-1E3-4-AAQAA3-1E3-3-OPC3_opc3,1,-1.7548332195995044,0.0488691342024699,-1.75,0.019
3727,262,dhmix_450200897960931857,262,EnthalpyOfMixing,<Substance CCN(CC)CCO{solv}{x=0.500200}|O{solv}{x=0.499800}>,CCN(CC)CCO,O,Protein-Null-0.0.3-Pair-NMR-1E4-Umbrella-1E3-4-AAQAA3-1E3-3-OPC3_opc3,1,-2.393394749076677,0.0376478775646541,-2.504,0.027
3728,263,dens_727880187774296815,263,Density,<Substance CCN(CC)CCO{solv}{x=0.799700}|O{solv}{x=0.200300}>,CCN(CC)CCO,O,Protein-Null-0.0.3-Pair-NMR-1E4-Umbrella-1E3-4-AAQAA3-1E3-3-OPC3_opc3,1,0.8773586635288069,0.0002099193175985,0.8996000000000003,0.005
3729,264,dens_943193748522476096,264,Density,<Substance CCN(CC)CCO{solv}{x=0.499700}|O{solv}{x=0.500300}>,CCN(CC)CCO,O,Protein-Null-0.0.3-Pair-NMR-1E4-Umbrella-1E3-4-AAQAA3-1E3-3-OPC3_opc3,1,0.9001412280310385,0.0002330284989461,0.9222000000000002,0.005
3730,265,dhmix_1628408668678458098,265,EnthalpyOfMixing,<Substance CCN(CC)CCO{solv}{x=0.200800}|O{solv}{x=0.799200}>,CCN(CC)CCO,O,Protein-Null-0.0.3-Pair-NMR-1E4-Umbrella-1E3-4-AAQAA3-1E3-3-OPC3_opc3,1,-1.4248881985205315,0.0416556887818683,-2.185,0.0235
3731,266,dens_1679974305630699360,266,Density,<Substance CCN(CC)CCO{solv}{x=0.193290}|O{solv}{x=0.806710}>,CCN(CC)CCO,O,Protein-Null-0.0.3-Pair-NMR-1E4-Umbrella-1E3-4-AAQAA3-1E3-3-OPC3_opc3,1,0.9275291789225532,0.0005376049449461,0.9615690000000002,0.000144
3732,267,dens_114257363738318755,267,Density,<Substance C1CCCCC1{solv}{x=0.754300}|CCCCCC{solv}{x=0.245700}>,C1CCCCC1,CCCCCC,Protein-Null-0.0.3-Pair-NMR-1E4-Umbrella-1E3-4-AAQAA3-1E3-3-OPC3_opc3,1,0.7183282952688924,0.0002288799819055,0.7392000000000002,0.00065
3733,268,dens_528453314861364780,268,Density,<Substance C1CCCCC1{solv}{x=0.234300}|CCCCCC{solv}{x=0.765700}>,C1CCCCC1,CCCCCC,Protein-Null-0.0.3-Pair-NMR-1E4-Umbrella-1E3-4-AAQAA3-1E3-3-OPC3_opc3,1,0.660838522597632,0.0002340545372224,0.6838300000000002,0.001655
3734,269,dens_547437695672624422,269,Density,<Substance C1CCCCC1{solv}{x=0.479300}|CCCCCC{solv}{x=0.520700}>,C1CCCCC1,CCCCCC,Protein-Null-0.0.3-Pair-NMR-1E4-Umbrella-1E3-4-AAQAA3-1E3-3-OPC3_opc3,1,0.686504350794921,0.0002279419502584,0.7105500000000001,0.001555
3735,270,dhmix_728030976573858762,270,EnthalpyOfMixing,<Substance C1CCCCC1{solv}{x=0.483200}|CCCCCC{solv}{x=0.516800}>,C1CCCCC1,CCCCCC,Protein-Null-0.0.3-Pair-NMR-1E4-Umbrella-1E3-4-AAQAA3-1E3-3-OPC3_opc3,1,0.273442290425038,0.0424431210162225,0.2144,0.00155
3736,271,dhmix_1406519609852245638,271,EnthalpyOfMixing,<Substance C1CCCCC1{solv}{x=0.219000}|CCCCCC{solv}{x=0.781000}>,C1CCCCC1,CCCCCC,Protein-Null-0.0.3-Pair-NMR-1E4-Umbrella-1E3-4-AAQAA3-1E3-3-OPC3_opc3,1,0.1905656680775393,0.0495329551924241,0.1264,0.00105
3737,272,dhmix_1819992223413741006,272,EnthalpyOfMixing,<Substance C1CCCCC1{solv}{x=0.725500}|CCCCCC{solv}{x=0.274500}>,C1CCCCC1,CCCCCC,Protein-Null-0.0.3-Pair-NMR-1E4-Umbrella-1E3-4-AAQAA3-1E3-3-OPC3_opc3,1,0.3041382536583512,0.0438880925189451,0.199,0.00145
3738,273,dhmix_114464856611254095,273,EnthalpyOfMixing,<Substance COc1ccccc1{solv}{x=0.739800}|OCc1ccccc1{solv}{x=0.260200}>,COc1ccccc1,OCc1ccccc1,Protein-Null-0.0.3-Pair-NMR-1E4-Umbrella-1E3-4-AAQAA3-1E3-3-OPC3_opc3,1,0.8377004872936737,0.0443773387343454,1.0539,0.0113
3739,274,dens_844721400884986444,274,Density,<Substance COc1ccccc1{solv}{x=0.288300}|OCc1ccccc1{solv}{x=0.711700}>,COc1ccccc1,OCc1ccccc1,Protein-Null-0.0.3-Pair-NMR-1E4-Umbrella-1E3-4-AAQAA3-1E3-3-OPC3_opc3,1,1.0081046421778024,0.0002396071971542,1.0180000000000002,0.000135
3740,275,dens_1208569209782779179,275,Density,<Substance COc1ccccc1{solv}{x=0.491100}|OCc1ccccc1{solv}{x=0.508900}>,COc1ccccc1,OCc1ccccc1,Protein-Null-0.0.3-Pair-NMR-1E4-Umbrella-1E3-4-AAQAA3-1E3-3-OPC3_opc3,1,0.9956250317840188,0.0002111800022261,1.0069400000000004,0.000165
3741,276,dhmix_1342325728364187329,276,EnthalpyOfMixing,<Substance COc1ccccc1{solv}{x=0.240100}|OCc1ccccc1{solv}{x=0.759900}>,COc1ccccc1,OCc1ccccc1,Protein-Null-0.0.3-Pair-NMR-1E4-Umbrella-1E3-4-AAQAA3-1E3-3-OPC3_opc3,1,0.5575779208679066,0.0423860155929526,0.6199,0.0067
3742,277,dhmix_1596550872819493971,277,EnthalpyOfMixing,<Substance COc1ccccc1{solv}{x=0.486600}|OCc1ccccc1{solv}{x=0.513400}>,COc1ccccc1,OCc1ccccc1,Protein-Null-0.0.3-Pair-NMR-1E4-Umbrella-1E3-4-AAQAA3-1E3-3-OPC3_opc3,1,0.9747021564644598,0.0420325842314859,0.9688,0.0104
3743,278,dens_1833270112854727934,278,Density,<Substance COc1ccccc1{solv}{x=0.774500}|OCc1ccccc1{solv}{x=0.225500}>,COc1ccccc1,OCc1ccccc1,Protein-Null-0.0.3-Pair-NMR-1E4-Umbrella-1E3-4-AAQAA3-1E3-3-OPC3_opc3,1,0.9786303058328906,0.0002369455819895,0.9915900000000004,0.000215
3744,279,dens_114725786693793907,279,Density,<Substance CC(=O)O{solv}{x=0.703100}|CCO{solv}{x=0.296900}>,CC(=O)O,CCO,Protein-Null-0.0.3-Pair-NMR-1E4-Umbrella-1E3-4-AAQAA3-1E3-3-OPC3_opc3,1,0.984679247808257,0.0003095967039938,0.97355,0.00021
3745,280,dens_883421079927261907,280,Density,<Substance CC(=O)O{solv}{x=0.496100}|CCO{solv}{x=0.503900}>,CC(=O)O,CCO,Protein-Null-0.0.3-Pair-NMR-1E4-Umbrella-1E3-4-AAQAA3-1E3-3-OPC3_opc3,1,0.9251898224649262,0.000355366905714,0.9199600000000002,0.0002
3746,281,dens_1042567278853913615,281,Density,<Substance CC(=O)O{solv}{x=0.297100}|CCO{solv}{x=0.702900}>,CC(=O)O,CCO,Protein-Null-0.0.3-Pair-NMR-1E4-Umbrella-1E3-4-AAQAA3-1E3-3-OPC3_opc3,1,0.8688296513143915,0.0003137344955379,0.8668600000000002,0.000195
3747,282,dhmix_129373600931207498,282,EnthalpyOfMixing,<Substance NCCNCCN{solv}{x=0.702000}|O{solv}{x=0.298000}>,NCCNCCN,O,Protein-Null-0.0.3-Pair-NMR-1E4-Umbrella-1E3-4-AAQAA3-1E3-3-OPC3_opc3,1,-2.347242895353645,0.0376898463717703,-3.393,0.036
3748,283,dhmix_313570094367316478,283,EnthalpyOfMixing,<Substance NCCNCCN{solv}{x=0.241600}|O{solv}{x=0.758400}>,NCCNCCN,O,Protein-Null-0.0.3-Pair-NMR-1E4-Umbrella-1E3-4-AAQAA3-1E3-3-OPC3_opc3,1,-5.02779246060752,0.0294731084543876,-6.523,0.0695
3749,284,dens_548243159356184104,284,Density,<Substance NCCNCCN{solv}{x=0.244900}|O{solv}{x=0.755100}>,NCCNCCN,O,Protein-Null-0.0.3-Pair-NMR-1E4-Umbrella-1E3-4-AAQAA3-1E3-3-OPC3_opc3,1,1.0750683149213422,0.0002943915847314,1.0275000000000003,0.0005
3750,285,dens_913992897582667960,285,Density,<Substance NCCNCCN{solv}{x=0.497400}|O{solv}{x=0.502600}>,NCCNCCN,O,Protein-Null-0.0.3-Pair-NMR-1E4-Umbrella-1E3-4-AAQAA3-1E3-3-OPC3_opc3,1,1.066837962395662,0.0002030227491993,0.9928000000000002,0.0005
3751,286,dhmix_1565087976771168604,286,EnthalpyOfMixing,<Substance NCCNCCN{solv}{x=0.501000}|O{solv}{x=0.499000}>,NCCNCCN,O,Protein-Null-0.0.3-Pair-NMR-1E4-Umbrella-1E3-4-AAQAA3-1E3-3-OPC3_opc3,1,-4.232413807874565,0.0378488553562955,-5.417,0.0575
3752,287,dens_1812124220217686569,287,Density,<Substance NCCNCCN{solv}{x=0.698800}|O{solv}{x=0.301200}>,NCCNCCN,O,Protein-Null-0.0.3-Pair-NMR-1E4-Umbrella-1E3-4-AAQAA3-1E3-3-OPC3_opc3,1,1.0608921638379134,0.00026793169293,0.9718000000000002,0.0005
3753,288,dhmix_135176730945124637,288,EnthalpyOfMixing,<Substance CCCCNCCCC{solv}{x=0.751800}|CN(C)C=O{solv}{x=0.248200}>,CCCCNCCCC,CN(C)C=O,Protein-Null-0.0.3-Pair-NMR-1E4-Umbrella-1E3-4-AAQAA3-1E3-3-OPC3_opc3,1,0.2519961543589204,0.0458867361405537,0.782,0.025
3754,289,dens_586298674852090193,289,Density,<Substance CCCCNCCCC{solv}{x=0.726600}|CN(C)C=O{solv}{x=0.273400}>,CCCCNCCCC,CN(C)C=O,Protein-Null-0.0.3-Pair-NMR-1E4-Umbrella-1E3-4-AAQAA3-1E3-3-OPC3_opc3,1,0.7788519576398917,0.0001806331134007,0.7828350000000002,0.0009465
3755,290,dens_711718403070096827,290,Density,<Substance CCCCNCCCC{solv}{x=0.263900}|CN(C)C=O{solv}{x=0.736100}>,CCCCNCCCC,CN(C)C=O,Protein-Null-0.0.3-Pair-NMR-1E4-Umbrella-1E3-4-AAQAA3-1E3-3-OPC3_opc3,1,0.8473337784502571,0.0002250008536844,0.8609240000000001,0.001053
3756,291,dhmix_1537913365058000269,291,EnthalpyOfMixing,<Substance CCCCNCCCC{solv}{x=0.249400}|CN(C)C=O{solv}{x=0.750600}>,CCCCNCCCC,CN(C)C=O,Protein-Null-0.0.3-Pair-NMR-1E4-Umbrella-1E3-4-AAQAA3-1E3-3-OPC3_opc3,1,0.4146379126560973,0.0405377210303975,0.921,0.029
3757,292,dhmix_1965420976556284821,292,EnthalpyOfMixing,<Substance CCCCNCCCC{solv}{x=0.501800}|CN(C)C=O{solv}{x=0.498200}>,CCCCNCCCC,CN(C)C=O,Protein-Null-0.0.3-Pair-NMR-1E4-Umbrella-1E3-4-AAQAA3-1E3-3-OPC3_opc3,1,0.3652946376897148,0.0386999033673833,1.113,0.0335
3758,293,dens_2298192241038151497,293,Density,<Substance CCCCNCCCC{solv}{x=0.492800}|CN(C)C=O{solv}{x=0.507200}>,CCCCNCCCC,CN(C)C=O,Protein-Null-0.0.3-Pair-NMR-1E4-Umbrella-1E3-4-AAQAA3-1E3-3-OPC3_opc3,1,0.8076661994741935,0.000195998762413,0.8153440000000003,0.0009895
3759,294,dens_145031449158698048,294,Density,<Substance CN(C)C=O{solv}{x=0.498800}|ClCCCl{solv}{x=0.501200}>,CN(C)C=O,ClCCCl,Protein-Null-0.0.3-Pair-NMR-1E4-Umbrella-1E3-4-AAQAA3-1E3-3-OPC3_opc3,1,1.0671663235848674,0.0004053717519189,1.0957000000000003,0.00305
3760,295,dens_511894799968528211,295,Density,<Substance CN(C)C=O{solv}{x=0.197800}|ClCCCl{solv}{x=0.802200}>,CN(C)C=O,ClCCCl,Protein-Null-0.0.3-Pair-NMR-1E4-Umbrella-1E3-4-AAQAA3-1E3-3-OPC3_opc3,1,1.149055241900183,0.0004358293553826,1.1862000000000004,0.003
3761,296,dhmix_693792312882226719,296,EnthalpyOfMixing,<Substance CN(C)C=O{solv}{x=0.498000}|ClCCCl{solv}{x=0.502000}>,CN(C)C=O,ClCCCl,Protein-Null-0.0.3-Pair-NMR-1E4-Umbrella-1E3-4-AAQAA3-1E3-3-OPC3_opc3,1,0.3991551343285309,0.0327366406178516,-0.663,0.0035
3762,297,dhmix_1364024895663592301,297,EnthalpyOfMixing,<Substance CN(C)C=O{solv}{x=0.299000}|ClCCCl{solv}{x=0.701000}>,CN(C)C=O,ClCCCl,Protein-Null-0.0.3-Pair-NMR-1E4-Umbrella-1E3-4-AAQAA3-1E3-3-OPC3_opc3,1,0.3528657056012747,0.0310126743676327,-0.575,0.0035
3763,298,dens_1874616475661316520,298,Density,<Substance CN(C)C=O{solv}{x=0.705400}|ClCCCl{solv}{x=0.294600}>,CN(C)C=O,ClCCCl,Protein-Null-0.0.3-Pair-NMR-1E4-Umbrella-1E3-4-AAQAA3-1E3-3-OPC3_opc3,1,1.006206752104291,0.0002951784172949,1.0336,0.003
3764,299,dhmix_1965344541223753593,299,EnthalpyOfMixing,<Substance CN(C)C=O{solv}{x=0.702000}|ClCCCl{solv}{x=0.298000}>,CN(C)C=O,ClCCCl,Protein-Null-0.0.3-Pair-NMR-1E4-Umbrella-1E3-4-AAQAA3-1E3-3-OPC3_opc3,1,0.3031639069297078,0.0377567828296862,-0.531,0.003
3765,300,dens_145117083439077204,300,Density,<Substance CN1CCCC1=O{solv}{x=0.700300}|ClCCCCCl{solv}{x=0.299700}>,CN1CCCC1=O,ClCCCCCl,Protein-Null-0.0.3-Pair-NMR-1E4-Umbrella-1E3-4-AAQAA3-1E3-3-OPC3_opc3,1,1.0397107434652335,0.0001679298332404,1.0627000000000002,0.0005
3766,301,dens_872271192908107773,301,Density,<Substance CN1CCCC1=O{solv}{x=0.203400}|ClCCCCCl{solv}{x=0.796600}>,CN1CCCC1=O,ClCCCCCl,Protein-Null-0.0.3-Pair-NMR-1E4-Umbrella-1E3-4-AAQAA3-1E3-3-OPC3_opc3,1,1.095494055309174,0.0003265504672685,1.1142000000000003,0.00125
3767,302,dhmix_958757583081250655,302,EnthalpyOfMixing,<Substance CN1CCCC1=O{solv}{x=0.703000}|ClCCCCCl{solv}{x=0.297000}>,CN1CCCC1=O,ClCCCCCl,Protein-Null-0.0.3-Pair-NMR-1E4-Umbrella-1E3-4-AAQAA3-1E3-3-OPC3_opc3,1,0.1612828607916867,0.0398659939650372,-0.583,0.0035
3768,303,dens_1187888029800539390,303,Density,<Substance CN1CCCC1=O{solv}{x=0.502500}|ClCCCCCl{solv}{x=0.497500}>,CN1CCCC1=O,ClCCCCCl,Protein-Null-0.0.3-Pair-NMR-1E4-Umbrella-1E3-4-AAQAA3-1E3-3-OPC3_opc3,1,1.063988060386218,0.0002349878293019,1.0840000000000003,0.00075
3769,304,dhmix_1448185356234442909,304,EnthalpyOfMixing,<Substance CN1CCCC1=O{solv}{x=0.210000}|ClCCCCCl{solv}{x=0.790000}>,CN1CCCC1=O,ClCCCCCl,Protein-Null-0.0.3-Pair-NMR-1E4-Umbrella-1E3-4-AAQAA3-1E3-3-OPC3_opc3,1,0.141399145449327,0.0336414661495029,-0.406,0.003
3770,305,dhmix_1623586299486793214,305,EnthalpyOfMixing,<Substance CN1CCCC1=O{solv}{x=0.505000}|ClCCCCCl{solv}{x=0.495000}>,CN1CCCC1=O,ClCCCCCl,Protein-Null-0.0.3-Pair-NMR-1E4-Umbrella-1E3-4-AAQAA3-1E3-3-OPC3_opc3,1,0.1613186272229541,0.039882030964687,-0.678,0.0035
3771,306,dens_151421667269785380,306,Density,<Substance OCCOCCO{solv}{x=0.228500}|OCc1ccccc1{solv}{x=0.771500}>,OCCOCCO,OCc1ccccc1,Protein-Null-0.0.3-Pair-NMR-1E4-Umbrella-1E3-4-AAQAA3-1E3-3-OPC3_opc3,1,1.0456269435358332,0.0002616726499407,1.0497600000000002,0.000265
3772,307,dens_207017358130726789,307,Density,<Substance OCCOCCO{solv}{x=0.531200}|OCc1ccccc1{solv}{x=0.468800}>,OCCOCCO,OCc1ccccc1,Protein-Null-0.0.3-Pair-NMR-1E4-Umbrella-1E3-4-AAQAA3-1E3-3-OPC3_opc3,1,1.0682447160199775,0.0002537044349274,1.07136,0.00027
3773,308,dhmix_638869206909151198,308,EnthalpyOfMixing,<Substance OCCOCCO{solv}{x=0.765800}|OCc1ccccc1{solv}{x=0.234200}>,OCCOCCO,OCc1ccccc1,Protein-Null-0.0.3-Pair-NMR-1E4-Umbrella-1E3-4-AAQAA3-1E3-3-OPC3_opc3,1,-0.3045122096925752,0.0489826197617045,-0.3712,0.0073
3774,309,dhmix_884415658126351430,309,EnthalpyOfMixing,<Substance OCCOCCO{solv}{x=0.266500}|OCc1ccccc1{solv}{x=0.733500}>,OCCOCCO,OCc1ccccc1,Protein-Null-0.0.3-Pair-NMR-1E4-Umbrella-1E3-4-AAQAA3-1E3-3-OPC3_opc3,1,-0.3852817364618062,0.0582661203703369,-0.4216,0.0081
3775,310,dhmix_925385148369690502,310,EnthalpyOfMixing,<Substance OCCOCCO{solv}{x=0.521600}|OCc1ccccc1{solv}{x=0.478400}>,OCCOCCO,OCc1ccccc1,Protein-Null-0.0.3-Pair-NMR-1E4-Umbrella-1E3-4-AAQAA3-1E3-3-OPC3_opc3,1,-0.391549076519226,0.0572687362412654,-0.4574,0.00865
3776,311,dens_1617133138157859384,311,Density,<Substance OCCOCCO{solv}{x=0.727700}|OCc1ccccc1{solv}{x=0.272300}>,OCCOCCO,OCc1ccccc1,Protein-Null-0.0.3-Pair-NMR-1E4-Umbrella-1E3-4-AAQAA3-1E3-3-OPC3_opc3,1,1.0854098189557997,0.000328307439135,1.0857000000000003,0.000275
3777,312,dens_155791527624482863,312,Density,<Substance CC(C)CO{solv}{x=0.279300}|CCCCBr{solv}{x=0.720700}>,CC(C)CO,CCCCBr,Protein-Null-0.0.3-Pair-NMR-1E4-Umbrella-1E3-4-AAQAA3-1E3-3-OPC3_opc3,1,1.097710640676137,0.0004196353572872,1.1339800000000002,0.000305
3778,313,dhmix_549211977118470640,313,EnthalpyOfMixing,<Substance CC(C)CO{solv}{x=0.293800}|CCCCBr{solv}{x=0.706200}>,CC(C)CO,CCCCBr,Protein-Null-0.0.3-Pair-NMR-1E4-Umbrella-1E3-4-AAQAA3-1E3-3-OPC3_opc3,1,1.260030491331264,0.0386897556611883,1.248,0.0135
3779,314,dens_692500675577783691,314,Density,<Substance CC(C)CO{solv}{x=0.793700}|CCCCBr{solv}{x=0.206300}>,CC(C)CO,CCCCBr,Protein-Null-0.0.3-Pair-NMR-1E4-Umbrella-1E3-4-AAQAA3-1E3-3-OPC3_opc3,1,0.8898949301948306,0.0002074148874221,0.8962800000000002,0.00021
3780,315,dens_841415441417626311,315,Density,<Substance CC(C)CO{solv}{x=0.498900}|CCCCBr{solv}{x=0.501100}>,CC(C)CO,CCCCBr,Protein-Null-0.0.3-Pair-NMR-1E4-Umbrella-1E3-4-AAQAA3-1E3-3-OPC3_opc3,1,1.0139630299590257,0.0003401820548642,1.0366800000000005,0.000225
3781,316,dhmix_1400807466047438160,316,EnthalpyOfMixing,<Substance CC(C)CO{solv}{x=0.499000}|CCCCBr{solv}{x=0.501000}>,CC(C)CO,CCCCBr,Protein-Null-0.0.3-Pair-NMR-1E4-Umbrella-1E3-4-AAQAA3-1E3-3-OPC3_opc3,1,1.1639446265332791,0.0387566538946007,1.207,0.013
3782,317,dhmix_1959880980464917582,317,EnthalpyOfMixing,<Substance CC(C)CO{solv}{x=0.702100}|CCCCBr{solv}{x=0.297900}>,CC(C)CO,CCCCBr,Protein-Null-0.0.3-Pair-NMR-1E4-Umbrella-1E3-4-AAQAA3-1E3-3-OPC3_opc3,1,0.8255103342359007,0.0444149892786362,0.891,0.0095
3783,318,dhmix_155924436295918663,318,EnthalpyOfMixing,<Substance OCCCO{solv}{x=0.501300}|O{solv}{x=0.498700}>,O,OCCCO,Protein-Null-0.0.3-Pair-NMR-1E4-Umbrella-1E3-4-AAQAA3-1E3-3-OPC3_opc3,1,0.2659561965814916,0.0423647140703481,-0.992,0.0125
3784,319,dens_867859901093068556,319,Density,<Substance OCCCO{solv}{x=0.743700}|O{solv}{x=0.256300}>,O,OCCCO,Protein-Null-0.0.3-Pair-NMR-1E4-Umbrella-1E3-4-AAQAA3-1E3-3-OPC3_opc3,1,1.0512987491297625,0.0004312476869863,1.0503800000000003,0.00023
3785,320,dhmix_2191722776959064631,320,EnthalpyOfMixing,<Substance OCCCO{solv}{x=0.743000}|O{solv}{x=0.257000}>,O,OCCCO,Protein-Null-0.0.3-Pair-NMR-1E4-Umbrella-1E3-4-AAQAA3-1E3-3-OPC3_opc3,1,0.2541333545940887,0.0570756433292927,-0.633,0.008
3786,321,dhmix_2210594516320705991,321,EnthalpyOfMixing,<Substance OCCCO{solv}{x=0.208700}|O{solv}{x=0.791300}>,O,OCCCO,Protein-Null-0.0.3-Pair-NMR-1E4-Umbrella-1E3-4-AAQAA3-1E3-3-OPC3_opc3,1,0.1267136508622002,0.021765815744185,-0.924,0.012
3787,322,dens_2211391404402371237,322,Density,<Substance OCCCO{solv}{x=0.244700}|O{solv}{x=0.755300}>,O,OCCCO,Protein-Null-0.0.3-Pair-NMR-1E4-Umbrella-1E3-4-AAQAA3-1E3-3-OPC3_opc3,1,1.0350205054919603,0.0003014651037602,1.0381600000000004,0.00019
3788,323,dens_2211609476735134421,323,Density,<Substance OCCCO{solv}{x=0.500000}|O{solv}{x=0.500000}>,O,OCCCO,Protein-Null-0.0.3-Pair-NMR-1E4-Umbrella-1E3-4-AAQAA3-1E3-3-OPC3_opc3,1,1.0466761282545975,0.0003804536358715,1.0492100000000002,0.000215
3789,324,dhmix_156929898609376763,324,EnthalpyOfMixing,<Substance CN(C)CCCO{solv}{x=0.800100}|O{solv}{x=0.199900}>,CN(C)CCCO,O,Protein-Null-0.0.3-Pair-NMR-1E4-Umbrella-1E3-4-AAQAA3-1E3-3-OPC3_opc3,1,-1.6098710388416535,0.042662623915759,-1.26,0.0135
3790,325,dhmix_786210276753247951,325,EnthalpyOfMixing,<Substance CN(C)CCCO{solv}{x=0.199800}|O{solv}{x=0.800200}>,CN(C)CCCO,O,Protein-Null-0.0.3-Pair-NMR-1E4-Umbrella-1E3-4-AAQAA3-1E3-3-OPC3_opc3,1,-1.4952903913401094,0.0271589202006207,-2.514,0.027
3791,326,dens_971674883336993154,326,Density,<Substance CN(C)CCCO{solv}{x=0.289504}|O{solv}{x=0.710496}>,CN(C)CCCO,O,Protein-Null-0.0.3-Pair-NMR-1E4-Umbrella-1E3-4-AAQAA3-1E3-3-OPC3_opc3,1,0.9426956491722012,0.0004607630518967,0.9443,0.00285
3792,327,dhmix_1330584538745399524,327,EnthalpyOfMixing,<Substance CN(C)CCCO{solv}{x=0.501900}|O{solv}{x=0.498100}>,CN(C)CCCO,O,Protein-Null-0.0.3-Pair-NMR-1E4-Umbrella-1E3-4-AAQAA3-1E3-3-OPC3_opc3,1,-2.2991425138750454,0.034082359595428,-2.706,0.029
3793,328,dens_1781759734173902013,328,Density,<Substance CN(C)CCCO{solv}{x=0.501300}|O{solv}{x=0.498700}>,CN(C)CCCO,O,Protein-Null-0.0.3-Pair-NMR-1E4-Umbrella-1E3-4-AAQAA3-1E3-3-OPC3_opc3,1,0.92519677569462,0.0004111765882794,0.9170700000000004,8.000000000000002e-05
3794,329,dens_2299157616447228221,329,Density,<Substance CN(C)CCCO{solv}{x=0.800600}|O{solv}{x=0.199400}>,CN(C)CCCO,O,Protein-Null-0.0.3-Pair-NMR-1E4-Umbrella-1E3-4-AAQAA3-1E3-3-OPC3_opc3,1,0.9070363610013188,0.0002855649629943,0.8915100000000002,9.500000000000002e-05
3795,330,dhmix_157983773008192768,330,EnthalpyOfMixing,<Substance BrCCCBr{solv}{x=0.743200}|CCCCOC(=O)CCC{solv}{x=0.256800}>,BrCCCBr,CCCCOC(=O)CCC,Protein-Null-0.0.3-Pair-NMR-1E4-Umbrella-1E3-4-AAQAA3-1E3-3-OPC3_opc3,1,-0.380122309516409,0.0385892617315871,0.032,0.0005
3796,331,dens_720277045338028885,331,Density,<Substance BrCCCBr{solv}{x=0.748700}|CCCCOC(=O)CCC{solv}{x=0.251300}>,BrCCCBr,CCCCOC(=O)CCC,Protein-Null-0.0.3-Pair-NMR-1E4-Umbrella-1E3-4-AAQAA3-1E3-3-OPC3_opc3,1,1.538931973683649,0.0003112277317733,1.5786600000000004,0.00038
3797,332,dens_933248802608751708,332,Density,<Substance BrCCCBr{solv}{x=0.529700}|CCCCOC(=O)CCC{solv}{x=0.470300}>,BrCCCBr,CCCCOC(=O)CCC,Protein-Null-0.0.3-Pair-NMR-1E4-Umbrella-1E3-4-AAQAA3-1E3-3-OPC3_opc3,1,1.2919911145605054,0.0003633631079159,1.3159400000000003,0.000255
3798,333,dens_1048925802213854204,333,Density,<Substance BrCCCBr{solv}{x=0.259100}|CCCCOC(=O)CCC{solv}{x=0.740900}>,BrCCCBr,CCCCOC(=O)CCC,Protein-Null-0.0.3-Pair-NMR-1E4-Umbrella-1E3-4-AAQAA3-1E3-3-OPC3_opc3,1,1.0478394961521516,0.000213903656926,1.0598600000000002,0.000145
3799,334,dhmix_1090642624443832057,334,EnthalpyOfMixing,<Substance BrCCCBr{solv}{x=0.241200}|CCCCOC(=O)CCC{solv}{x=0.758800}>,BrCCCBr,CCCCOC(=O)CCC,Protein-Null-0.0.3-Pair-NMR-1E4-Umbrella-1E3-4-AAQAA3-1E3-3-OPC3_opc3,1,-0.3112367640339641,0.0469438408929234,-0.094,0.001
3800,335,dhmix_1649688325270115073,335,EnthalpyOfMixing,<Substance BrCCCBr{solv}{x=0.466700}|CCCCOC(=O)CCC{solv}{x=0.533300}>,BrCCCBr,CCCCOC(=O)CCC,Protein-Null-0.0.3-Pair-NMR-1E4-Umbrella-1E3-4-AAQAA3-1E3-3-OPC3_opc3,1,-0.5845655670032102,0.0404906155869482,-0.091,0.001
3801,336,dhmix_158101159957898775,336,EnthalpyOfMixing,<Substance CCCCCl{solv}{x=0.490000}|CN1CCCC1=O{solv}{x=0.510000}>,CCCCCl,CN1CCCC1=O,Protein-Null-0.0.3-Pair-NMR-1E4-Umbrella-1E3-4-AAQAA3-1E3-3-OPC3_opc3,1,0.7693744782065437,0.0396274544096698,0.152,0.002
3802,337,dhmix_586880142396707079,337,EnthalpyOfMixing,<Substance CCCCCl{solv}{x=0.294000}|CN1CCCC1=O{solv}{x=0.706000}>,CCCCCl,CN1CCCC1=O,Protein-Null-0.0.3-Pair-NMR-1E4-Umbrella-1E3-4-AAQAA3-1E3-3-OPC3_opc3,1,0.6242187674484114,0.0443260027375937,0.145,0.002
3803,338,dens_897975104490051322,338,Density,<Substance CCCCCl{solv}{x=0.296100}|CN1CCCC1=O{solv}{x=0.703900}>,CCCCCl,CN1CCCC1=O,Protein-Null-0.0.3-Pair-NMR-1E4-Umbrella-1E3-4-AAQAA3-1E3-3-OPC3_opc3,1,0.9614292494133302,0.0001659128662904,0.9862000000000004,0.0001
3804,339,dens_1393365907116297965,339,Density,<Substance CCCCCl{solv}{x=0.702600}|CN1CCCC1=O{solv}{x=0.297400}>,CCCCCl,CN1CCCC1=O,Protein-Null-0.0.3-Pair-NMR-1E4-Umbrella-1E3-4-AAQAA3-1E3-3-OPC3_opc3,1,0.9035184962322568,0.0002940914181802,0.9268000000000002,0.0001
3805,340,dhmix_1769887717174104485,340,EnthalpyOfMixing,<Substance CCCCCl{solv}{x=0.787000}|CN1CCCC1=O{solv}{x=0.213000}>,CCCCCl,CN1CCCC1=O,Protein-Null-0.0.3-Pair-NMR-1E4-Umbrella-1E3-4-AAQAA3-1E3-3-OPC3_opc3,1,0.6052096813965164,0.0448910547262579,0.081,0.002
3806,341,dens_2070183543451797213,341,Density,<Substance CCCCCl{solv}{x=0.494800}|CN1CCCC1=O{solv}{x=0.505200}>,CCCCCl,CN1CCCC1=O,Protein-Null-0.0.3-Pair-NMR-1E4-Umbrella-1E3-4-AAQAA3-1E3-3-OPC3_opc3,1,0.9345819884667166,0.000280145087918,0.9575000000000002,0.0001
3807,342,dens_164369774990422412,342,Density,<Substance CC(C)O{solv}{x=0.764900}|CCOC=O{solv}{x=0.235100}>,CC(C)O,CCOC=O,Protein-Null-0.0.3-Pair-NMR-1E4-Umbrella-1E3-4-AAQAA3-1E3-3-OPC3_opc3,1,0.8264390464922016,0.00028292845285,0.8088000000000002,0.00035
3808,343,dens_200561035496770448,343,Density,<Substance CC(C)O{solv}{x=0.265100}|CCOC=O{solv}{x=0.734900}>,CC(C)O,CCOC=O,Protein-Null-0.0.3-Pair-NMR-1E4-Umbrella-1E3-4-AAQAA3-1E3-3-OPC3_opc3,1,0.8978886723645059,0.0003184535006068,0.8710000000000002,0.0003
3809,344,dens_1124622586228643363,344,Density,<Substance CC(C)O{solv}{x=0.441300}|CCOC=O{solv}{x=0.558700}>,CC(C)O,CCOC=O,Protein-Null-0.0.3-Pair-NMR-1E4-Umbrella-1E3-4-AAQAA3-1E3-3-OPC3_opc3,1,0.872191578773178,0.000298447950213,0.8482000000000003,0.00035
3810,345,dens_166030075147825025,345,Density,<Substance Clc1ccccc1{solv}{x=0.467900}|c1ccccc1{solv}{x=0.532100}>,Clc1ccccc1,c1ccccc1,Protein-Null-0.0.3-Pair-NMR-1E4-Umbrella-1E3-4-AAQAA3-1E3-3-OPC3_opc3,1,0.980660057391125,0.0002701051469782,0.9877000000000002,0.00025
3811,346,dens_796537469137871297,346,Density,<Substance Clc1ccccc1{solv}{x=0.735800}|c1ccccc1{solv}{x=0.264200}>,Clc1ccccc1,c1ccccc1,Protein-Null-0.0.3-Pair-NMR-1E4-Umbrella-1E3-4-AAQAA3-1E3-3-OPC3_opc3,1,1.043019212415054,0.0003075034903829,1.0465000000000002,0.0002
3812,347,dhmix_1485547099225054006,347,EnthalpyOfMixing,<Substance Clc1ccccc1{solv}{x=0.777700}|c1ccccc1{solv}{x=0.222300}>,Clc1ccccc1,c1ccccc1,Protein-Null-0.0.3-Pair-NMR-1E4-Umbrella-1E3-4-AAQAA3-1E3-3-OPC3_opc3,1,-0.017568151822779,0.0374742943990121,-0.0036,0.0004
3813,348,dhmix_1808283008183194060,348,EnthalpyOfMixing,<Substance Clc1ccccc1{solv}{x=0.225800}|c1ccccc1{solv}{x=0.774200}>,Clc1ccccc1,c1ccccc1,Protein-Null-0.0.3-Pair-NMR-1E4-Umbrella-1E3-4-AAQAA3-1E3-3-OPC3_opc3,1,-0.0575167960536688,0.0395638742087009,-0.0046,0.0004
3814,349,dhmix_2008892820486470381,349,EnthalpyOfMixing,<Substance Clc1ccccc1{solv}{x=0.466600}|c1ccccc1{solv}{x=0.533400}>,Clc1ccccc1,c1ccccc1,Protein-Null-0.0.3-Pair-NMR-1E4-Umbrella-1E3-4-AAQAA3-1E3-3-OPC3_opc3,1,-0.0539939203586357,0.0396747520961532,-0.0057,0.0004
3815,350,dens_2142546524113318099,350,Density,<Substance Clc1ccccc1{solv}{x=0.293100}|c1ccccc1{solv}{x=0.706900}>,Clc1ccccc1,c1ccccc1,Protein-Null-0.0.3-Pair-NMR-1E4-Umbrella-1E3-4-AAQAA3-1E3-3-OPC3_opc3,1,0.937424204699158,0.0003010013969558,0.9468000000000002,0.00025
3816,351,dhmix_166527628917371560,351,EnthalpyOfMixing,<Substance CCCCCC(C)=O{solv}{x=0.500700}|CCCNCCC{solv}{x=0.499300}>,CCCCCC(C)=O,CCCNCCC,Protein-Null-0.0.3-Pair-NMR-1E4-Umbrella-1E3-4-AAQAA3-1E3-3-OPC3_opc3,1,-0.049264346061733,0.0478426823038539,0.162,0.002
3817,352,dhmix_181797488552739205,352,EnthalpyOfMixing,<Substance CCCCCC(C)=O{solv}{x=0.213200}|CCCNCCC{solv}{x=0.786800}>,CCCCCC(C)=O,CCCNCCC,Protein-Null-0.0.3-Pair-NMR-1E4-Umbrella-1E3-4-AAQAA3-1E3-3-OPC3_opc3,1,-0.1169861844837925,0.0506730366417638,0.137,0.0015
3818,353,dens_286521458049436805,353,Density,<Substance CCCCCC(C)=O{solv}{x=0.542700}|CCCNCCC{solv}{x=0.457300}>,CCCCCC(C)=O,CCCNCCC,Protein-Null-0.0.3-Pair-NMR-1E4-Umbrella-1E3-4-AAQAA3-1E3-3-OPC3_opc3,1,0.7683375323131144,0.0002240636785195,0.7766620000000002,0.0001215
3819,354,dens_740930494074770103,354,Density,<Substance CCCCCC(C)=O{solv}{x=0.252600}|CCCNCCC{solv}{x=0.747400}>,CCCCCC(C)=O,CCCNCCC,Protein-Null-0.0.3-Pair-NMR-1E4-Umbrella-1E3-4-AAQAA3-1E3-3-OPC3_opc3,1,0.7491852002312495,0.0002173534848328,0.7540050000000001,0.0001215
3820,355,dhmix_1180133264815330249,355,EnthalpyOfMixing,<Substance CCCCCC(C)=O{solv}{x=0.788000}|CCCNCCC{solv}{x=0.212000}>,CCCCCC(C)=O,CCCNCCC,Protein-Null-0.0.3-Pair-NMR-1E4-Umbrella-1E3-4-AAQAA3-1E3-3-OPC3_opc3,1,-0.1381204647007905,0.0513772832864101,0.088,0.001
3821,356,dens_1237727796782189302,356,Density,<Substance CCCCCC(C)=O{solv}{x=0.741800}|CCCNCCC{solv}{x=0.258200}>,CCCCCC(C)=O,CCCNCCC,Protein-Null-0.0.3-Pair-NMR-1E4-Umbrella-1E3-4-AAQAA3-1E3-3-OPC3_opc3,1,0.7808132524993519,0.0002200180565979,0.7918920000000003,0.00012
3822,357,dens_168376639142843665,357,Density,<Substance BrCCBr{solv}{x=0.084500}|CCOC(=O)CC{solv}{x=0.915500}>,BrCCBr,CCOC(=O)CC,Protein-Null-0.0.3-Pair-NMR-1E4-Umbrella-1E3-4-AAQAA3-1E3-3-OPC3_opc3,1,0.9652328194942388,0.0001751693996707,0.9671200000000002,0.001185
3823,358,dhmix_897092526028522426,358,EnthalpyOfMixing,<Substance BrCCBr{solv}{x=0.753700}|CCOC(=O)CC{solv}{x=0.246300}>,BrCCBr,CCOC(=O)CC,Protein-Null-0.0.3-Pair-NMR-1E4-Umbrella-1E3-4-AAQAA3-1E3-3-OPC3_opc3,1,-0.1665878896663386,0.0360755833531616,0.0052,0.0008
3824,359,dhmix_1078383344298013541,359,EnthalpyOfMixing,<Substance BrCCBr{solv}{x=0.084100}|CCOC(=O)CC{solv}{x=0.915900}>,BrCCBr,CCOC(=O)CC,Protein-Null-0.0.3-Pair-NMR-1E4-Umbrella-1E3-4-AAQAA3-1E3-3-OPC3_opc3,1,-0.0769931750639552,0.049017934453339,-0.0683,0.0014
3825,360,dhmix_1103515663691342839,360,EnthalpyOfMixing,<Substance BrCCBr{solv}{x=0.514000}|CCOC(=O)CC{solv}{x=0.486000}>,BrCCBr,CCOC(=O)CC,Protein-Null-0.0.3-Pair-NMR-1E4-Umbrella-1E3-4-AAQAA3-1E3-3-OPC3_opc3,1,-0.2680815857234542,0.0383306385973105,-0.1259,0.00205
3826,361,dens_1193015082780501702,361,Density,<Substance BrCCBr{solv}{x=0.484400}|CCOC(=O)CC{solv}{x=0.515600}>,BrCCBr,CCOC(=O)CC,Protein-Null-0.0.3-Pair-NMR-1E4-Umbrella-1E3-4-AAQAA3-1E3-3-OPC3_opc3,1,1.3957220611400845,0.0004004377505669,1.4136000000000002,0.001165
3827,362,dens_1660732943693703463,362,Density,<Substance BrCCBr{solv}{x=0.714800}|CCOC(=O)CC{solv}{x=0.285200}>,BrCCBr,CCOC(=O)CC,Protein-Null-0.0.3-Pair-NMR-1E4-Umbrella-1E3-4-AAQAA3-1E3-3-OPC3_opc3,1,1.684796800088904,0.0005394856809512,1.7205300000000003,0.000985
3828,363,dens_172622055198885625,363,Density,<Substance CCCCOCCO{solv}{x=0.499500}|c1ccccc1{solv}{x=0.500500}>,CCCCOCCO,c1ccccc1,Protein-Null-0.0.3-Pair-NMR-1E4-Umbrella-1E3-4-AAQAA3-1E3-3-OPC3_opc3,1,0.8738165712609581,0.0002008538561792,0.8864700000000002,0.000795
3829,364,dens_615182082919776992,364,Density,<Substance CCCCOCCO{solv}{x=0.753500}|c1ccccc1{solv}{x=0.246500}>,CCCCOCCO,c1ccccc1,Protein-Null-0.0.3-Pair-NMR-1E4-Umbrella-1E3-4-AAQAA3-1E3-3-OPC3_opc3,1,0.8803065493128656,0.0001914693582919,0.8924600000000003,0.00077
3830,365,dens_1014762781474427089,365,Density,<Substance CCCCOCCO{solv}{x=0.248800}|c1ccccc1{solv}{x=0.751200}>,CCCCOCCO,c1ccccc1,Protein-Null-0.0.3-Pair-NMR-1E4-Umbrella-1E3-4-AAQAA3-1E3-3-OPC3_opc3,1,0.8667152249001068,0.0002280271601003,0.8790000000000002,0.00083
3831,366,dhmix_1209838039340638454,366,EnthalpyOfMixing,<Substance CCCCOCCO{solv}{x=0.729700}|c1ccccc1{solv}{x=0.270300}>,CCCCOCCO,c1ccccc1,Protein-Null-0.0.3-Pair-NMR-1E4-Umbrella-1E3-4-AAQAA3-1E3-3-OPC3_opc3,1,0.2809824791475819,0.0489808793815424,0.3037,0.00335
3832,367,dhmix_1416395432810708431,367,EnthalpyOfMixing,<Substance CCCCOCCO{solv}{x=0.266500}|c1ccccc1{solv}{x=0.733500}>,CCCCOCCO,c1ccccc1,Protein-Null-0.0.3-Pair-NMR-1E4-Umbrella-1E3-4-AAQAA3-1E3-3-OPC3_opc3,1,0.5378009256896092,0.0431020708741194,0.6895,0.00745
3833,368,dhmix_1775479338186698605,368,EnthalpyOfMixing,<Substance CCCCOCCO{solv}{x=0.503000}|c1ccccc1{solv}{x=0.497000}>,CCCCOCCO,c1ccccc1,Protein-Null-0.0.3-Pair-NMR-1E4-Umbrella-1E3-4-AAQAA3-1E3-3-OPC3_opc3,1,0.4680956605058384,0.0460143327543422,0.5563,0.00605
3834,369,dens_173950346939686352,369,Density,<Substance CCOC(=O)CC(=O)OCC{solv}{x=0.797800}|CO{solv}{x=0.202200}>,CCOC(=O)CC(=O)OCC,CO,Protein-Null-0.0.3-Pair-NMR-1E4-Umbrella-1E3-4-AAQAA3-1E3-3-OPC3_opc3,1,1.0447345809634938,0.0002184487859547,1.0336070000000002,0.0001155
3835,370,dhmix_796570713446660029,370,EnthalpyOfMixing,<Substance CCOC(=O)CC(=O)OCC{solv}{x=0.745300}|CO{solv}{x=0.254700}>,CCOC(=O)CC(=O)OCC,CO,Protein-Null-0.0.3-Pair-NMR-1E4-Umbrella-1E3-4-AAQAA3-1E3-3-OPC3_opc3,1,0.8515453804848789,0.0499937126174391,1.184,0.013
3836,371,dhmix_1053189657313504079,371,EnthalpyOfMixing,<Substance CCOC(=O)CC(=O)OCC{solv}{x=0.499300}|CO{solv}{x=0.500700}>,CCOC(=O)CC(=O)OCC,CO,Protein-Null-0.0.3-Pair-NMR-1E4-Umbrella-1E3-4-AAQAA3-1E3-3-OPC3_opc3,1,1.140965661125307,0.0392529649239339,1.426,0.0155
3837,372,dens_1109796780897697143,372,Density,<Substance CCOC(=O)CC(=O)OCC{solv}{x=0.500400}|CO{solv}{x=0.499600}>,CCOC(=O)CC(=O)OCC,CO,Protein-Null-0.0.3-Pair-NMR-1E4-Umbrella-1E3-4-AAQAA3-1E3-3-OPC3_opc3,1,1.001976135147547,0.0001988425934725,0.9962350000000002,9.150000000000002e-05
3838,373,dens_1145191816882985532,373,Density,<Substance CCOC(=O)CC(=O)OCC{solv}{x=0.250100}|CO{solv}{x=0.749900}>,CCOC(=O)CC(=O)OCC,CO,Protein-Null-0.0.3-Pair-NMR-1E4-Umbrella-1E3-4-AAQAA3-1E3-3-OPC3_opc3,1,0.932526362957245,0.0002913203696926,0.9355040000000002,0.0001385
3839,374,dhmix_1394433819711651760,374,EnthalpyOfMixing,<Substance CCOC(=O)CC(=O)OCC{solv}{x=0.251500}|CO{solv}{x=0.748500}>,CCOC(=O)CC(=O)OCC,CO,Protein-Null-0.0.3-Pair-NMR-1E4-Umbrella-1E3-4-AAQAA3-1E3-3-OPC3_opc3,1,1.046388068851222,0.0348790461786896,1.083,0.0115
3840,375,dhmix_176700813960387714,375,EnthalpyOfMixing,<Substance CC(=O)N(C)C{solv}{x=0.211000}|ClCCCCCl{solv}{x=0.789000}>,CC(=O)N(C)C,ClCCCCCl,Protein-Null-0.0.3-Pair-NMR-1E4-Umbrella-1E3-4-AAQAA3-1E3-3-OPC3_opc3,1,0.1058267336268272,0.0412675953885951,-0.188,0.0025
3841,376,dhmix_422276068008732896,376,EnthalpyOfMixing,<Substance CC(=O)N(C)C{solv}{x=0.506000}|ClCCCCCl{solv}{x=0.494000}>,CC(=O)N(C)C,ClCCCCCl,Protein-Null-0.0.3-Pair-NMR-1E4-Umbrella-1E3-4-AAQAA3-1E3-3-OPC3_opc3,1,0.0790786307046822,0.0420878770791198,-0.314,0.0025
3842,377,dhmix_591740475541975327,377,EnthalpyOfMixing,<Substance CC(=O)N(C)C{solv}{x=0.705000}|ClCCCCCl{solv}{x=0.295000}>,CC(=O)N(C)C,ClCCCCCl,Protein-Null-0.0.3-Pair-NMR-1E4-Umbrella-1E3-4-AAQAA3-1E3-3-OPC3_opc3,1,0.1148394501411296,0.0410366417090526,-0.281,0.0025
3843,378,dens_600718364672681210,378,Density,<Substance CC(=O)N(C)C{solv}{x=0.200100}|ClCCCCCl{solv}{x=0.799900}>,CC(=O)N(C)C,ClCCCCCl,Protein-Null-0.0.3-Pair-NMR-1E4-Umbrella-1E3-4-AAQAA3-1E3-3-OPC3_opc3,1,1.075341064331519,0.0002274170278748,1.0978,0.0023
3844,379,dens_833309518494254389,379,Density,<Substance CC(=O)N(C)C{solv}{x=0.698700}|ClCCCCCl{solv}{x=0.301300}>,CC(=O)N(C)C,ClCCCCCl,Protein-Null-0.0.3-Pair-NMR-1E4-Umbrella-1E3-4-AAQAA3-1E3-3-OPC3_opc3,1,0.9705048457916172,0.0002390121165128,1.0011000000000003,0.0023
3845,380,dens_1473570029953486090,380,Density,<Substance CC(=O)N(C)C{solv}{x=0.500900}|ClCCCCCl{solv}{x=0.499100}>,CC(=O)N(C)C,ClCCCCCl,Protein-Null-0.0.3-Pair-NMR-1E4-Umbrella-1E3-4-AAQAA3-1E3-3-OPC3_opc3,1,1.014290053991461,0.0002834234672598,1.0407000000000004,0.00225
3846,381,dens_176740025668330569,381,Density,<Substance C1CCCCC1{solv}{x=0.499400}|C1COCCO1{solv}{x=0.500600}>,C1CCCCC1,C1COCCO1,Protein-Null-0.0.3-Pair-NMR-1E4-Umbrella-1E3-4-AAQAA3-1E3-3-OPC3_opc3,1,0.8674852394506352,0.0002716781916986,0.8769800000000002,8.500000000000002e-05
3847,382,dens_476825312331327209,382,Density,<Substance C1CCCCC1{solv}{x=0.297200}|C1COCCO1{solv}{x=0.702800}>,C1CCCCC1,C1COCCO1,Protein-Null-0.0.3-Pair-NMR-1E4-Umbrella-1E3-4-AAQAA3-1E3-3-OPC3_opc3,1,0.9272350308745286,0.0002321018526281,0.9312200000000004,7.000000000000002e-05
3848,383,dens_985438980823024302,383,Density,<Substance C1CCCCC1{solv}{x=0.699700}|C1COCCO1{solv}{x=0.300300}>,C1CCCCC1,C1COCCO1,Protein-Null-0.0.3-Pair-NMR-1E4-Umbrella-1E3-4-AAQAA3-1E3-3-OPC3_opc3,1,0.8160272540639217,0.0002240428649059,0.8305800000000002,0.0001
3849,384,dhmix_1624213860575299641,384,EnthalpyOfMixing,<Substance C1CCCCC1{solv}{x=0.492800}|C1COCCO1{solv}{x=0.507200}>,C1CCCCC1,C1COCCO1,Protein-Null-0.0.3-Pair-NMR-1E4-Umbrella-1E3-4-AAQAA3-1E3-3-OPC3_opc3,1,2.01192817028911,0.0408441356810127,1.588,0.008
3850,385,dhmix_1900199136965747019,385,EnthalpyOfMixing,<Substance C1CCCCC1{solv}{x=0.239400}|C1COCCO1{solv}{x=0.760600}>,C1CCCCC1,C1COCCO1,Protein-Null-0.0.3-Pair-NMR-1E4-Umbrella-1E3-4-AAQAA3-1E3-3-OPC3_opc3,1,1.3252097224686992,0.0421842009446476,1.124,0.007
3851,386,dhmix_2022274493214392184,386,EnthalpyOfMixing,<Substance C1CCCCC1{solv}{x=0.744200}|C1COCCO1{solv}{x=0.255800}>,C1CCCCC1,C1COCCO1,Protein-Null-0.0.3-Pair-NMR-1E4-Umbrella-1E3-4-AAQAA3-1E3-3-OPC3_opc3,1,1.595429838866238,0.0425915409674688,1.262,0.007
3852,387,dhmix_182795551078530810,387,EnthalpyOfMixing,<Substance C1COCCO1{solv}{x=0.491200}|Cc1ccccc1Cl{solv}{x=0.508800}>,C1COCCO1,Cc1ccccc1Cl,Protein-Null-0.0.3-Pair-NMR-1E4-Umbrella-1E3-4-AAQAA3-1E3-3-OPC3_opc3,1,0.2430917883835945,0.0454099848262241,0.356,0.002
3853,388,dens_242592003865933955,388,Density,<Substance C1COCCO1{solv}{x=0.835700}|Cc1ccccc1Cl{solv}{x=0.164300}>,C1COCCO1,Cc1ccccc1Cl,Protein-Null-0.0.3-Pair-NMR-1E4-Umbrella-1E3-4-AAQAA3-1E3-3-OPC3_opc3,1,1.0270923313570388,0.0002251766908445,1.0256,0.0005
3854,389,dens_810150133181620718,389,Density,<Substance C1COCCO1{solv}{x=0.513600}|Cc1ccccc1Cl{solv}{x=0.486400}>,C1COCCO1,Cc1ccccc1Cl,Protein-Null-0.0.3-Pair-NMR-1E4-Umbrella-1E3-4-AAQAA3-1E3-3-OPC3_opc3,1,1.053273466200992,0.0002594419483707,1.0536,0.0005
3855,390,dhmix_1949119093643648586,390,EnthalpyOfMixing,<Substance C1COCCO1{solv}{x=0.246200}|Cc1ccccc1Cl{solv}{x=0.753800}>,C1COCCO1,Cc1ccccc1Cl,Protein-Null-0.0.3-Pair-NMR-1E4-Umbrella-1E3-4-AAQAA3-1E3-3-OPC3_opc3,1,0.2283733581372189,0.0418741763608794,0.206,0.001
3856,391,dens_2161584607380261748,391,Density,<Substance C1COCCO1{solv}{x=0.226300}|Cc1ccccc1Cl{solv}{x=0.773700}>,C1COCCO1,Cc1ccccc1Cl,Protein-Null-0.0.3-Pair-NMR-1E4-Umbrella-1E3-4-AAQAA3-1E3-3-OPC3_opc3,1,1.063354554840637,0.00024670976684,1.0674000000000003,0.0005
3857,392,dhmix_2190589845176325501,392,EnthalpyOfMixing,<Substance C1COCCO1{solv}{x=0.835700}|Cc1ccccc1Cl{solv}{x=0.164300}>,C1COCCO1,Cc1ccccc1Cl,Protein-Null-0.0.3-Pair-NMR-1E4-Umbrella-1E3-4-AAQAA3-1E3-3-OPC3_opc3,1,0.2543877507323628,0.0450452099230838,0.244,0.0015
3858,393,dens_194492664772262961,393,Density,<Substance CCCOC=O{solv}{x=0.479500}|ClCCCl{solv}{x=0.520500}>,CCCOC=O,ClCCCl,Protein-Null-0.0.3-Pair-NMR-1E4-Umbrella-1E3-4-AAQAA3-1E3-3-OPC3_opc3,1,1.0526820942443411,0.0003353230831498,1.0603100000000003,0.00196
3859,394,dhmix_438833720470542962,394,EnthalpyOfMixing,<Substance CCCOC=O{solv}{x=0.738500}|ClCCCl{solv}{x=0.261500}>,CCCOC=O,ClCCCl,Protein-Null-0.0.3-Pair-NMR-1E4-Umbrella-1E3-4-AAQAA3-1E3-3-OPC3_opc3,1,0.1219416294206752,0.0366518514787413,-0.205,0.0025
3860,395,dens_598528978367940263,395,Density,<Substance CCCOC=O{solv}{x=0.254300}|ClCCCl{solv}{x=0.745700}>,CCCOC=O,ClCCCl,Protein-Null-0.0.3-Pair-NMR-1E4-Umbrella-1E3-4-AAQAA3-1E3-3-OPC3_opc3,1,1.118347489336307,0.0003906860023382,1.1418800000000005,0.002835
3861,396,dens_822197650497048256,396,Density,<Substance CCCOC=O{solv}{x=0.728100}|ClCCCl{solv}{x=0.271900}>,CCCOC=O,ClCCCl,Protein-Null-0.0.3-Pair-NMR-1E4-Umbrella-1E3-4-AAQAA3-1E3-3-OPC3_opc3,1,0.9834352588358732,0.0003053595277841,0.9794600000000002,0.001275
3862,397,dhmix_1971772628311560569,397,EnthalpyOfMixing,<Substance CCCOC=O{solv}{x=0.503500}|ClCCCl{solv}{x=0.496500}>,CCCOC=O,ClCCCl,Protein-Null-0.0.3-Pair-NMR-1E4-Umbrella-1E3-4-AAQAA3-1E3-3-OPC3_opc3,1,0.2641703943259834,0.029632138721874,-0.254,0.003
3863,398,dhmix_2087301877194561078,398,EnthalpyOfMixing,<Substance CCCOC=O{solv}{x=0.273300}|ClCCCl{solv}{x=0.726700}>,CCCOC=O,ClCCCl,Protein-Null-0.0.3-Pair-NMR-1E4-Umbrella-1E3-4-AAQAA3-1E3-3-OPC3_opc3,1,0.1969921393034255,0.0327461810870927,-0.154,0.002
3864,399,dens_196547737404430199,399,Density,<Substance CCC(C)(C)O{solv}{x=0.258400}|CCO{solv}{x=0.741600}>,CCC(C)(C)O,CCO,Protein-Null-0.0.3-Pair-NMR-1E4-Umbrella-1E3-4-AAQAA3-1E3-3-OPC3_opc3,1,0.7988492229624345,0.0002547071696907,0.7933000000000001,0.0005
3865,400,dens_476512869308734578,400,Density,<Substance CCC(C)(C)O{solv}{x=0.549500}|CCO{solv}{x=0.450500}>,CCC(C)(C)O,CCO,Protein-Null-0.0.3-Pair-NMR-1E4-Umbrella-1E3-4-AAQAA3-1E3-3-OPC3_opc3,1,0.8101976149299202,0.0003017409719673,0.8018000000000002,0.0005
3866,401,dens_822446541953482206,401,Density,<Substance CCC(C)(C)O{solv}{x=0.676500}|CCO{solv}{x=0.323500}>,CCC(C)(C)O,CCO,Protein-Null-0.0.3-Pair-NMR-1E4-Umbrella-1E3-4-AAQAA3-1E3-3-OPC3_opc3,1,0.813963731385124,0.0003450203013547,0.8048000000000002,0.0005
3867,402,dhmix_935690434592096067,402,EnthalpyOfMixing,<Substance CCC(C)(C)O{solv}{x=0.460700}|CCO{solv}{x=0.539300}>,CCC(C)(C)O,CCO,Protein-Null-0.0.3-Pair-NMR-1E4-Umbrella-1E3-4-AAQAA3-1E3-3-OPC3_opc3,1,-0.9544946324550568,0.0487599538770426,-0.95,0.00405
3868,403,dhmix_1167190373485301023,403,EnthalpyOfMixing,<Substance CCC(C)(C)O{solv}{x=0.730600}|CCO{solv}{x=0.269400}>,CCC(C)(C)O,CCO,Protein-Null-0.0.3-Pair-NMR-1E4-Umbrella-1E3-4-AAQAA3-1E3-3-OPC3_opc3,1,-1.103593644803225,0.0490369844813219,-0.7709,0.00335
3869,404,dhmix_1275914601266938667,404,EnthalpyOfMixing,<Substance CCC(C)(C)O{solv}{x=0.280700}|CCO{solv}{x=0.719300}>,CCC(C)(C)O,CCO,Protein-Null-0.0.3-Pair-NMR-1E4-Umbrella-1E3-4-AAQAA3-1E3-3-OPC3_opc3,1,-0.5707814696016724,0.0375101511795208,-0.7056,0.0031
3870,405,dens_196896428021674416,405,Density,<Substance OCCCCO{solv}{x=0.250400}|O{solv}{x=0.749600}>,O,OCCCCO,Protein-Null-0.0.3-Pair-NMR-1E4-Umbrella-1E3-4-AAQAA3-1E3-3-OPC3_opc3,1,1.017007421698589,0.0003354888294787,1.0206500000000005,0.000165
3871,406,dhmix_204758826312645465,406,EnthalpyOfMixing,<Substance OCCCCO{solv}{x=0.498600}|O{solv}{x=0.501400}>,O,OCCCCO,Protein-Null-0.0.3-Pair-NMR-1E4-Umbrella-1E3-4-AAQAA3-1E3-3-OPC3_opc3,1,0.1550814727357092,0.0323725519055733,-0.882,0.011
3872,407,dens_523660418548538159,407,Density,<Substance OCCCCO{solv}{x=0.502000}|O{solv}{x=0.498000}>,O,OCCCCO,Protein-Null-0.0.3-Pair-NMR-1E4-Umbrella-1E3-4-AAQAA3-1E3-3-OPC3_opc3,1,1.0170398475171778,0.0007645296665253,1.0207100000000002,0.000175
3873,408,dhmix_1424462945700338266,408,EnthalpyOfMixing,<Substance OCCCCO{solv}{x=0.794700}|O{solv}{x=0.205300}>,O,OCCCCO,Protein-Null-0.0.3-Pair-NMR-1E4-Umbrella-1E3-4-AAQAA3-1E3-3-OPC3_opc3,1,0.1773002229824785,0.0472256261128819,-0.513,0.007
3874,409,dhmix_2166372532060643622,409,EnthalpyOfMixing,<Substance OCCCCO{solv}{x=0.265800}|O{solv}{x=0.734200}>,O,OCCCCO,Protein-Null-0.0.3-Pair-NMR-1E4-Umbrella-1E3-4-AAQAA3-1E3-3-OPC3_opc3,1,0.2550722149507294,0.0320778946907618,-0.896,0.0115
3875,410,dens_2215793475715067258,410,Density,<Substance OCCCCO{solv}{x=0.752800}|O{solv}{x=0.247200}>,O,OCCCCO,Protein-Null-0.0.3-Pair-NMR-1E4-Umbrella-1E3-4-AAQAA3-1E3-3-OPC3_opc3,1,1.0185923041950218,0.0002396616803071,1.0165900000000003,0.00018
3876,411,dhmix_199788824133179829,411,EnthalpyOfMixing,<Substance CNc1ccccc1{solv}{x=0.497300}|Cc1ccccc1{solv}{x=0.502700}>,CNc1ccccc1,Cc1ccccc1,Protein-Null-0.0.3-Pair-NMR-1E4-Umbrella-1E3-4-AAQAA3-1E3-3-OPC3_opc3,1,0.8573243743937482,0.0416326118560423,0.497,0.0055
3877,412,dens_515118724178190757,412,Density,<Substance CNc1ccccc1{solv}{x=0.740700}|Cc1ccccc1{solv}{x=0.259300}>,CNc1ccccc1,Cc1ccccc1,Protein-Null-0.0.3-Pair-NMR-1E4-Umbrella-1E3-4-AAQAA3-1E3-3-OPC3_opc3,1,0.956286684188857,0.0001921087866328,0.9531280000000004,0.0002595
3878,413,dens_730775902780400634,413,Density,<Substance CNc1ccccc1{solv}{x=0.245200}|Cc1ccccc1{solv}{x=0.754800}>,CNc1ccccc1,Cc1ccccc1,Protein-Null-0.0.3-Pair-NMR-1E4-Umbrella-1E3-4-AAQAA3-1E3-3-OPC3_opc3,1,0.8833127452048379,0.000225034748944,0.8935250000000002,0.000118
3879,414,dhmix_1213795502778853356,414,EnthalpyOfMixing,<Substance CNc1ccccc1{solv}{x=0.295200}|Cc1ccccc1{solv}{x=0.704800}>,CNc1ccccc1,Cc1ccccc1,Protein-Null-0.0.3-Pair-NMR-1E4-Umbrella-1E3-4-AAQAA3-1E3-3-OPC3_opc3,1,0.8706171814138273,0.041050005475594,0.459,0.005
3880,415,dhmix_1321810550349826496,415,EnthalpyOfMixing,<Substance CNc1ccccc1{solv}{x=0.789200}|Cc1ccccc1{solv}{x=0.210800}>,CNc1ccccc1,Cc1ccccc1,Protein-Null-0.0.3-Pair-NMR-1E4-Umbrella-1E3-4-AAQAA3-1E3-3-OPC3_opc3,1,0.6294586824789263,0.0490821096193835,0.287,0.003
3881,416,dens_2156484405108449314,416,Density,<Substance CNc1ccccc1{solv}{x=0.490000}|Cc1ccccc1{solv}{x=0.510000}>,CNc1ccccc1,Cc1ccccc1,Protein-Null-0.0.3-Pair-NMR-1E4-Umbrella-1E3-4-AAQAA3-1E3-3-OPC3_opc3,1,0.9192870054931748,0.0001589134014323,0.9235800000000004,0.000164
3882,417,dens_199829369486957606,417,Density,<Substance CC#N{solv}{x=0.200300}|c1ccccc1{solv}{x=0.799700}>,CC#N,c1ccccc1,Protein-Null-0.0.3-Pair-NMR-1E4-Umbrella-1E3-4-AAQAA3-1E3-3-OPC3_opc3,1,0.8511447211436644,0.0002683652930276,0.8623400000000002,7.000000000000002e-05
3883,418,dhmix_217315956534335620,418,EnthalpyOfMixing,<Substance CC#N{solv}{x=0.771500}|c1ccccc1{solv}{x=0.228500}>,CC#N,c1ccccc1,Protein-Null-0.0.3-Pair-NMR-1E4-Umbrella-1E3-4-AAQAA3-1E3-3-OPC3_opc3,1,0.0116861542397117,0.0233350225417464,0.3988,0.00815
3884,419,dhmix_730497723685339496,419,EnthalpyOfMixing,<Substance CC#N{solv}{x=0.219600}|c1ccccc1{solv}{x=0.780400}>,CC#N,c1ccccc1,Protein-Null-0.0.3-Pair-NMR-1E4-Umbrella-1E3-4-AAQAA3-1E3-3-OPC3_opc3,1,-0.0503314526605578,0.0298234740042113,0.2399,0.00495
3885,420,dhmix_1038591828122641798,420,EnthalpyOfMixing,<Substance CC#N{solv}{x=0.529500}|c1ccccc1{solv}{x=0.470500}>,CC#N,c1ccccc1,Protein-Null-0.0.3-Pair-NMR-1E4-Umbrella-1E3-4-AAQAA3-1E3-3-OPC3_opc3,1,-0.0324845747268991,0.0336979211875464,0.4415,0.00905
3886,421,dens_1457706963514561052,421,Density,<Substance CC#N{solv}{x=0.500100}|c1ccccc1{solv}{x=0.499900}>,CC#N,c1ccccc1,Protein-Null-0.0.3-Pair-NMR-1E4-Umbrella-1E3-4-AAQAA3-1E3-3-OPC3_opc3,1,0.8310389702507566,0.0002714096289234,0.8384600000000002,7.500000000000002e-05
3887,422,dens_2111393000623474162,422,Density,<Substance CC#N{solv}{x=0.700200}|c1ccccc1{solv}{x=0.299800}>,CC#N,c1ccccc1,Protein-Null-0.0.3-Pair-NMR-1E4-Umbrella-1E3-4-AAQAA3-1E3-3-OPC3_opc3,1,0.8125994916860959,0.000282372594557,0.8174500000000002,7.500000000000002e-05
3888,423,dens_201591193434833206,423,Density,<Substance CC(C)CC(C)(C)C{solv}{x=0.082400}|CCO{solv}{x=0.917600}>,CC(C)CC(C)(C)C,CCO,Protein-Null-0.0.3-Pair-NMR-1E4-Umbrella-1E3-4-AAQAA3-1E3-3-OPC3_opc3,1,0.7595981693425965,0.0003080357994791,0.7605800000000003,0.000125
3889,424,dhmix_371477530823830451,424,EnthalpyOfMixing,<Substance CC(C)CC(C)(C)C{solv}{x=0.761700}|CCO{solv}{x=0.238300}>,CC(C)CC(C)(C)C,CCO,Protein-Null-0.0.3-Pair-NMR-1E4-Umbrella-1E3-4-AAQAA3-1E3-3-OPC3_opc3,1,0.7598789352618809,0.0543001563605493,0.634022,0.006851
3890,425,dhmix_1127868571780691876,425,EnthalpyOfMixing,<Substance CC(C)CC(C)(C)C{solv}{x=0.515800}|CCO{solv}{x=0.484200}>,CC(C)CC(C)(C)C,CCO,Protein-Null-0.0.3-Pair-NMR-1E4-Umbrella-1E3-4-AAQAA3-1E3-3-OPC3_opc3,1,0.9424959206686054,0.043567433992539,0.638973,0.006903
3891,426,dens_1250915879314267304,426,Density,<Substance CC(C)CC(C)(C)C{solv}{x=0.493740}|CCO{solv}{x=0.506260}>,CC(C)CC(C)(C)C,CCO,Protein-Null-0.0.3-Pair-NMR-1E4-Umbrella-1E3-4-AAQAA3-1E3-3-OPC3_opc3,1,0.7212919851225472,0.0002277756718602,0.7110500000000001,7.500000000000002e-05
3892,427,dens_1473791133383705310,427,Density,<Substance CC(C)CC(C)(C)C{solv}{x=0.735960}|CCO{solv}{x=0.264040}>,CC(C)CC(C)(C)C,CCO,Protein-Null-0.0.3-Pair-NMR-1E4-Umbrella-1E3-4-AAQAA3-1E3-3-OPC3_opc3,1,0.7100521586125693,0.0001844732443979,0.6967900000000001,7.500000000000002e-05
3893,428,dhmix_1870637719976274804,428,EnthalpyOfMixing,<Substance CC(C)CC(C)(C)C{solv}{x=0.081500}|CCO{solv}{x=0.918500}>,CC(C)CC(C)(C)C,CCO,Protein-Null-0.0.3-Pair-NMR-1E4-Umbrella-1E3-4-AAQAA3-1E3-3-OPC3_opc3,1,0.2645023501058787,0.0344918718684044,0.197762,0.0022405
3894,429,dens_202472488934755108,429,Density,<Substance CCC#N{solv}{x=0.301800}|CCOC(C)(C)C{solv}{x=0.698200}>,CCC#N,CCOC(C)(C)C,Protein-Null-0.0.3-Pair-NMR-1E4-Umbrella-1E3-4-AAQAA3-1E3-3-OPC3_opc3,1,0.7568170664536013,0.0002552488857366,0.7455000000000002,0.0002
3895,430,dens_266175665931869051,430,Density,<Substance CCC#N{solv}{x=0.701400}|CCOC(C)(C)C{solv}{x=0.298600}>,CCC#N,CCOC(C)(C)C,Protein-Null-0.0.3-Pair-NMR-1E4-Umbrella-1E3-4-AAQAA3-1E3-3-OPC3_opc3,1,0.7677086668046734,0.0002374506943249,0.7617000000000003,0.00035
3896,431,dhmix_801664072836508009,431,EnthalpyOfMixing,<Substance CCC#N{solv}{x=0.301800}|CCOC(C)(C)C{solv}{x=0.698200}>,CCC#N,CCOC(C)(C)C,Protein-Null-0.0.3-Pair-NMR-1E4-Umbrella-1E3-4-AAQAA3-1E3-3-OPC3_opc3,1,0.1229911806446786,0.0378688726363084,0.4557,0.0062
3897,432,dhmix_1220778152018571786,432,EnthalpyOfMixing,<Substance CCC#N{solv}{x=0.501400}|CCOC(C)(C)C{solv}{x=0.498600}>,CCC#N,CCOC(C)(C)C,Protein-Null-0.0.3-Pair-NMR-1E4-Umbrella-1E3-4-AAQAA3-1E3-3-OPC3_opc3,1,0.1494531907361462,0.0401728075708811,0.5053,0.00685
3898,433,dhmix_1838699488178562925,433,EnthalpyOfMixing,<Substance CCC#N{solv}{x=0.701400}|CCOC(C)(C)C{solv}{x=0.298600}>,CCC#N,CCOC(C)(C)C,Protein-Null-0.0.3-Pair-NMR-1E4-Umbrella-1E3-4-AAQAA3-1E3-3-OPC3_opc3,1,0.1525114548956008,0.0359832549979744,0.4078,0.0056
3899,434,dens_1870081876609026392,434,Density,<Substance CCC#N{solv}{x=0.501400}|CCOC(C)(C)C{solv}{x=0.498600}>,CCC#N,CCOC(C)(C)C,Protein-Null-0.0.3-Pair-NMR-1E4-Umbrella-1E3-4-AAQAA3-1E3-3-OPC3_opc3,1,0.7621597485110214,0.0002218772439837,0.7532000000000002,0.0003
3900,435,dens_205210513551931414,435,Density,<Substance CCCC#N{solv}{x=0.200000}|c1ccccc1{solv}{x=0.800000}>,CCCC#N,c1ccccc1,Protein-Null-0.0.3-Pair-NMR-1E4-Umbrella-1E3-4-AAQAA3-1E3-3-OPC3_opc3,1,0.8448789416004256,0.0002050360507777,0.8576940000000002,5.400000000000001e-05
3901,436,dens_841576887891022329,436,Density,<Substance CCCC#N{solv}{x=0.500000}|c1ccccc1{solv}{x=0.500000}>,CCCC#N,c1ccccc1,Protein-Null-0.0.3-Pair-NMR-1E4-Umbrella-1E3-4-AAQAA3-1E3-3-OPC3_opc3,1,0.8220736060619731,0.0002328207814406,0.8318550000000002,5.8000000000000014e-05
3902,437,dhmix_901910638840590393,437,EnthalpyOfMixing,<Substance CCCC#N{solv}{x=0.503700}|c1ccccc1{solv}{x=0.496300}>,CCCC#N,c1ccccc1,Protein-Null-0.0.3-Pair-NMR-1E4-Umbrella-1E3-4-AAQAA3-1E3-3-OPC3_opc3,1,-0.0653374968104572,0.0353388655338482,-0.0659,0.00145
3903,438,dhmix_1123099162248680479,438,EnthalpyOfMixing,<Substance CCCC#N{solv}{x=0.752800}|c1ccccc1{solv}{x=0.247200}>,CCCC#N,c1ccccc1,Protein-Null-0.0.3-Pair-NMR-1E4-Umbrella-1E3-4-AAQAA3-1E3-3-OPC3_opc3,1,0.0098927133660495,0.0350211845620023,-0.0312,0.0008
3904,439,dhmix_1318990508180847616,439,EnthalpyOfMixing,<Substance CCCC#N{solv}{x=0.252800}|c1ccccc1{solv}{x=0.747200}>,CCCC#N,c1ccccc1,Protein-Null-0.0.3-Pair-NMR-1E4-Umbrella-1E3-4-AAQAA3-1E3-3-OPC3_opc3,1,-0.069484507033529,0.0365711429559648,-0.0571,0.00125
3905,440,dens_1950627772023797339,440,Density,<Substance CCCC#N{solv}{x=0.700000}|c1ccccc1{solv}{x=0.300000}>,CCCC#N,c1ccccc1,Protein-Null-0.0.3-Pair-NMR-1E4-Umbrella-1E3-4-AAQAA3-1E3-3-OPC3_opc3,1,0.8068807801908839,0.0002401193521013,0.8138540000000002,6.100000000000001e-05
3906,441,dhmix_207411229673186667,441,EnthalpyOfMixing,<Substance CC(C)(C)Cl{solv}{x=0.774700}|CC(C)OC(C)C{solv}{x=0.225300}>,CC(C)(C)Cl,CC(C)OC(C)C,Protein-Null-0.0.3-Pair-NMR-1E4-Umbrella-1E3-4-AAQAA3-1E3-3-OPC3_opc3,1,-0.0969749555662176,0.0408227825860727,0.0035,0.0004
3907,442,dhmix_263164663491745943,442,EnthalpyOfMixing,<Substance CC(C)(C)Cl{solv}{x=0.551200}|CC(C)OC(C)C{solv}{x=0.448800}>,CC(C)(C)Cl,CC(C)OC(C)C,Protein-Null-0.0.3-Pair-NMR-1E4-Umbrella-1E3-4-AAQAA3-1E3-3-OPC3_opc3,1,-0.1501053376286805,0.0411266808951468,0.0071,0.0004
3908,443,dens_1527979990628499053,443,Density,<Substance CC(C)(C)Cl{solv}{x=0.514800}|CC(C)OC(C)C{solv}{x=0.485200}>,CC(C)(C)Cl,CC(C)OC(C)C,Protein-Null-0.0.3-Pair-NMR-1E4-Umbrella-1E3-4-AAQAA3-1E3-3-OPC3_opc3,1,0.7925996081975714,0.0002582632116675,0.7723510000000002,0.00042
3909,444,dens_1616242241384486673,444,Density,<Substance CC(C)(C)Cl{solv}{x=0.715200}|CC(C)OC(C)C{solv}{x=0.284800}>,CC(C)(C)Cl,CC(C)OC(C)C,Protein-Null-0.0.3-Pair-NMR-1E4-Umbrella-1E3-4-AAQAA3-1E3-3-OPC3_opc3,1,0.8173231079800418,0.0002885192045448,0.7971450000000002,0.0003945
3910,445,dens_2075469437997722238,445,Density,<Substance CC(C)(C)Cl{solv}{x=0.199100}|CC(C)OC(C)C{solv}{x=0.800900}>,CC(C)(C)Cl,CC(C)OC(C)C,Protein-Null-0.0.3-Pair-NMR-1E4-Umbrella-1E3-4-AAQAA3-1E3-3-OPC3_opc3,1,0.7589204270355809,0.0002752395434838,0.7376660000000003,0.0004545
3911,446,dhmix_2101531043492089277,446,EnthalpyOfMixing,<Substance CC(C)(C)Cl{solv}{x=0.219200}|CC(C)OC(C)C{solv}{x=0.780800}>,CC(C)(C)Cl,CC(C)OC(C)C,Protein-Null-0.0.3-Pair-NMR-1E4-Umbrella-1E3-4-AAQAA3-1E3-3-OPC3_opc3,1,-0.0112805425839468,0.0488887047399989,0.007,0.0004
3912,447,dens_210389881425986721,447,Density,<Substance C1COCO1{solv}{x=0.785000}|CCCCCC(C)=O{solv}{x=0.215000}>,C1COCO1,CCCCCC(C)=O,Protein-Null-0.0.3-Pair-NMR-1E4-Umbrella-1E3-4-AAQAA3-1E3-3-OPC3_opc3,1,0.9824740385994892,0.0002475541152093,0.9696500000000002,0.0003
3913,448,dhmix_503329310014436107,448,EnthalpyOfMixing,<Substance C1COCO1{solv}{x=0.750000}|CCCCCC(C)=O{solv}{x=0.250000}>,C1COCO1,CCCCCC(C)=O,Protein-Null-0.0.3-Pair-NMR-1E4-Umbrella-1E3-4-AAQAA3-1E3-3-OPC3_opc3,1,0.5196232494669175,0.0422530178408766,0.37402,0.001955
3914,449,dens_824084186033535550,449,Density,<Substance C1COCO1{solv}{x=0.507100}|CCCCCC(C)=O{solv}{x=0.492900}>,C1COCO1,CCCCCC(C)=O,Protein-Null-0.0.3-Pair-NMR-1E4-Umbrella-1E3-4-AAQAA3-1E3-3-OPC3_opc3,1,0.8925565925425568,0.000215587384356,0.8936300000000003,0.00034
3915,450,dens_839548343309182157,450,Density,<Substance C1COCO1{solv}{x=0.244000}|CCCCCC(C)=O{solv}{x=0.756000}>,C1COCO1,CCCCCC(C)=O,Protein-Null-0.0.3-Pair-NMR-1E4-Umbrella-1E3-4-AAQAA3-1E3-3-OPC3_opc3,1,0.835044991300433,0.0002307480255937,0.8445200000000002,0.00038
3916,451,dhmix_1519451899562488304,451,EnthalpyOfMixing,<Substance C1COCO1{solv}{x=0.250000}|CCCCCC(C)=O{solv}{x=0.750000}>,C1COCO1,CCCCCC(C)=O,Protein-Null-0.0.3-Pair-NMR-1E4-Umbrella-1E3-4-AAQAA3-1E3-3-OPC3_opc3,1,0.3993348343778251,0.0522008545031344,0.2754,0.00155
3917,452,dhmix_1874814461447958752,452,EnthalpyOfMixing,<Substance C1COCO1{solv}{x=0.500000}|CCCCCC(C)=O{solv}{x=0.500000}>,C1COCO1,CCCCCC(C)=O,Protein-Null-0.0.3-Pair-NMR-1E4-Umbrella-1E3-4-AAQAA3-1E3-3-OPC3_opc3,1,0.5654278436920421,0.045132937466954,0.43148,0.00217
3918,453,dhmix_219236717194413479,453,EnthalpyOfMixing,<Substance CCOc1ccccc1{solv}{x=0.762500}|OCCCc1ccccc1{solv}{x=0.237500}>,CCOc1ccccc1,OCCCc1ccccc1,Protein-Null-0.0.3-Pair-NMR-1E4-Umbrella-1E3-4-AAQAA3-1E3-3-OPC3_opc3,1,0.956140192307231,0.0523342933683088,1.1164,0.01195
3919,454,dens_391027492102555874,454,Density,<Substance CCOc1ccccc1{solv}{x=0.515000}|OCCCc1ccccc1{solv}{x=0.485000}>,CCOc1ccccc1,OCCCc1ccccc1,Protein-Null-0.0.3-Pair-NMR-1E4-Umbrella-1E3-4-AAQAA3-1E3-3-OPC3_opc3,1,0.9607508075770228,0.0001805523713887,0.9715100000000002,0.00026
3920,455,dens_603450583692592837,455,Density,<Substance CCOc1ccccc1{solv}{x=0.707400}|OCCCc1ccccc1{solv}{x=0.292600}>,CCOc1ccccc1,OCCCc1ccccc1,Protein-Null-0.0.3-Pair-NMR-1E4-Umbrella-1E3-4-AAQAA3-1E3-3-OPC3_opc3,1,0.9536760454086808,0.0001679859370006,0.9634300000000002,0.00026
3921,456,dhmix_1297428070131435744,456,EnthalpyOfMixing,<Substance CCOc1ccccc1{solv}{x=0.516900}|OCCCc1ccccc1{solv}{x=0.483100}>,CCOc1ccccc1,OCCCc1ccccc1,Protein-Null-0.0.3-Pair-NMR-1E4-Umbrella-1E3-4-AAQAA3-1E3-3-OPC3_opc3,1,0.9596923559759604,0.0578862283040422,0.989,0.0106
3922,457,dens_1659818614169719187,457,Density,<Substance CCOc1ccccc1{solv}{x=0.216400}|OCCCc1ccccc1{solv}{x=0.783600}>,CCOc1ccccc1,OCCCc1ccccc1,Protein-Null-0.0.3-Pair-NMR-1E4-Umbrella-1E3-4-AAQAA3-1E3-3-OPC3_opc3,1,0.97199694197497,0.0002170656537767,0.9832000000000004,0.00026
3923,458,dhmix_2058966624473104004,458,EnthalpyOfMixing,<Substance CCOc1ccccc1{solv}{x=0.262900}|OCCCc1ccccc1{solv}{x=0.737100}>,CCOc1ccccc1,OCCCc1ccccc1,Protein-Null-0.0.3-Pair-NMR-1E4-Umbrella-1E3-4-AAQAA3-1E3-3-OPC3_opc3,1,0.6041338005434227,0.0511203497467883,0.7,0.00755
3924,459,dhmix_224977805525763267,459,EnthalpyOfMixing,<Substance OCCO{solv}{x=0.519300}|O{solv}{x=0.480700}>,O,OCCO,Protein-Null-0.0.3-Pair-NMR-1E4-Umbrella-1E3-4-AAQAA3-1E3-3-OPC3_opc3,1,-0.0332499818064073,0.0240337219014098,-0.64,0.0035
3925,460,dhmix_454389511592218960,460,EnthalpyOfMixing,<Substance OCCO{solv}{x=0.790900}|O{solv}{x=0.209100}>,O,OCCO,Protein-Null-0.0.3-Pair-NMR-1E4-Umbrella-1E3-4-AAQAA3-1E3-3-OPC3_opc3,1,-0.0727010392174669,0.0436220274651843,-0.347,0.0025
3926,461,dens_624011570206871166,461,Density,<Substance OCCO{solv}{x=0.500560}|O{solv}{x=0.499440}>,O,OCCO,Protein-Null-0.0.3-Pair-NMR-1E4-Umbrella-1E3-4-AAQAA3-1E3-3-OPC3_opc3,1,1.0899404260599224,0.0003326304685125,1.0923200000000002,0.0005
3927,462,dhmix_997365299263661959,462,EnthalpyOfMixing,<Substance OCCO{solv}{x=0.205100}|O{solv}{x=0.794900}>,O,OCCO,Protein-Null-0.0.3-Pair-NMR-1E4-Umbrella-1E3-4-AAQAA3-1E3-3-OPC3_opc3,1,0.0770857215877818,0.0248172528369551,-0.681,0.004
3928,463,dens_1521229282261002740,463,Density,<Substance OCCO{solv}{x=0.299010}|O{solv}{x=0.700990}>,O,OCCO,Protein-Null-0.0.3-Pair-NMR-1E4-Umbrella-1E3-4-AAQAA3-1E3-3-OPC3_opc3,1,1.0696321608053183,0.0003194898194926,1.0735400000000002,0.0005
3929,464,dens_2015496231826454735,464,Density,<Substance OCCO{solv}{x=0.706260}|O{solv}{x=0.293740}>,O,OCCO,Protein-Null-0.0.3-Pair-NMR-1E4-Umbrella-1E3-4-AAQAA3-1E3-3-OPC3_opc3,1,1.1026037519751493,0.0004663209888373,1.1022400000000003,0.0005
3930,465,dhmix_230261418136264651,465,EnthalpyOfMixing,<Substance CCCCOC(C)=O{solv}{x=0.700700}|CCOC(C)=O{solv}{x=0.299300}>,CCCCOC(C)=O,CCOC(C)=O,Protein-Null-0.0.3-Pair-NMR-1E4-Umbrella-1E3-4-AAQAA3-1E3-3-OPC3_opc3,1,0.0222290021092064,0.0451814000218737,0.0594,0.001
3931,466,dhmix_287092636460772443,466,EnthalpyOfMixing,<Substance CCCCOC(C)=O{solv}{x=0.501800}|CCOC(C)=O{solv}{x=0.498200}>,CCCCOC(C)=O,CCOC(C)=O,Protein-Null-0.0.3-Pair-NMR-1E4-Umbrella-1E3-4-AAQAA3-1E3-3-OPC3_opc3,1,-0.0464322936992616,0.0463643484715879,0.076,0.0012
3932,467,dens_436289636626232396,467,Density,<Substance CCCCOC(C)=O{solv}{x=0.501800}|CCOC(C)=O{solv}{x=0.498200}>,CCCCOC(C)=O,CCOC(C)=O,Protein-Null-0.0.3-Pair-NMR-1E4-Umbrella-1E3-4-AAQAA3-1E3-3-OPC3_opc3,1,0.8896175893571902,0.0002342949847768,0.8829000000000002,0.0002
3933,468,dens_1739528506032569134,468,Density,<Substance CCCCOC(C)=O{solv}{x=0.201200}|CCOC(C)=O{solv}{x=0.798800}>,CCCCOC(C)=O,CCOC(C)=O,Protein-Null-0.0.3-Pair-NMR-1E4-Umbrella-1E3-4-AAQAA3-1E3-3-OPC3_opc3,1,0.8986069299021936,0.0002290905420433,0.8889000000000001,0.0002
3934,469,dhmix_1951544232160779982,469,EnthalpyOfMixing,<Substance CCCCOC(C)=O{solv}{x=0.201200}|CCOC(C)=O{solv}{x=0.798800}>,CCCCOC(C)=O,CCOC(C)=O,Protein-Null-0.0.3-Pair-NMR-1E4-Umbrella-1E3-4-AAQAA3-1E3-3-OPC3_opc3,1,0.0812502413564857,0.042338642369537,0.0524,0.0009
3935,470,dens_2199004103648094822,470,Density,<Substance CCCCOC(C)=O{solv}{x=0.700700}|CCOC(C)=O{solv}{x=0.299300}>,CCCCOC(C)=O,CCOC(C)=O,Protein-Null-0.0.3-Pair-NMR-1E4-Umbrella-1E3-4-AAQAA3-1E3-3-OPC3_opc3,1,0.8848050109608491,0.0002228636415191,0.8797000000000003,0.0002
3936,471,dens_230610561971140401,471,Density,<Substance CN(C)CCO{solv}{x=0.507700}|O{solv}{x=0.492300}>,CN(C)CCO,O,Protein-Null-0.0.3-Pair-NMR-1E4-Umbrella-1E3-4-AAQAA3-1E3-3-OPC3_opc3,1,0.925084908458496,0.0003230158869644,0.9237220000000002,0.000504
3937,472,dens_531222131704065782,472,Density,<Substance CN(C)CCO{solv}{x=0.765200}|O{solv}{x=0.234800}>,CN(C)CCO,O,Protein-Null-0.0.3-Pair-NMR-1E4-Umbrella-1E3-4-AAQAA3-1E3-3-OPC3_opc3,1,0.9040541559154492,0.0002315909419793,0.8989030000000002,0.0005805
3938,473,dhmix_569544738684419327,473,EnthalpyOfMixing,<Substance CN(C)CCO{solv}{x=0.536500}|O{solv}{x=0.463500}>,CN(C)CCO,O,Protein-Null-0.0.3-Pair-NMR-1E4-Umbrella-1E3-4-AAQAA3-1E3-3-OPC3_opc3,1,-2.9298720338301862,0.0317308892512184,-2.575,0.0525
3939,474,dens_1319192913326669904,474,Density,<Substance CN(C)CCO{solv}{x=0.264330}|O{solv}{x=0.735670}>,CN(C)CCO,O,Protein-Null-0.0.3-Pair-NMR-1E4-Umbrella-1E3-4-AAQAA3-1E3-3-OPC3_opc3,1,0.9558038482028476,0.0005422551677864,0.9590000000000002,0.0029
3940,475,dhmix_1669606825693628140,475,EnthalpyOfMixing,<Substance CN(C)CCO{solv}{x=0.205200}|O{solv}{x=0.794800}>,CN(C)CCO,O,Protein-Null-0.0.3-Pair-NMR-1E4-Umbrella-1E3-4-AAQAA3-1E3-3-OPC3_opc3,1,-2.073398263266779,0.0293120187738158,-2.587,0.0525
3941,476,dhmix_1723343163215510297,476,EnthalpyOfMixing,<Substance CN(C)CCO{solv}{x=0.799600}|O{solv}{x=0.200400}>,CN(C)CCO,O,Protein-Null-0.0.3-Pair-NMR-1E4-Umbrella-1E3-4-AAQAA3-1E3-3-OPC3_opc3,1,-1.6915195010183055,0.0387335594849901,-1.247,0.0255
3942,477,dens_233554406241639981,477,Density,<Substance CC(C)CC(C)(C)C{solv}{x=0.200000}|CCCCOCCCC{solv}{x=0.800000}>,CC(C)CC(C)(C)C,CCCCOCCCC,Protein-Null-0.0.3-Pair-NMR-1E4-Umbrella-1E3-4-AAQAA3-1E3-3-OPC3_opc3,1,0.7446439116526389,0.0001778248213422,0.7497500000000001,0.00017
3943,478,dhmix_465541682585001245,478,EnthalpyOfMixing,<Substance CC(C)CC(C)(C)C{solv}{x=0.200400}|CCCCOCCCC{solv}{x=0.799600}>,CC(C)CC(C)(C)C,CCCCOCCCC,Protein-Null-0.0.3-Pair-NMR-1E4-Umbrella-1E3-4-AAQAA3-1E3-3-OPC3_opc3,1,0.2776507844201319,0.0534120369874124,0.07397,0.00099
3944,479,dhmix_1505777056782392294,479,EnthalpyOfMixing,<Substance CC(C)CC(C)(C)C{solv}{x=0.400400}|CCCCOCCCC{solv}{x=0.599600}>,CC(C)CC(C)(C)C,CCCCOCCCC,Protein-Null-0.0.3-Pair-NMR-1E4-Umbrella-1E3-4-AAQAA3-1E3-3-OPC3_opc3,1,0.3378160712203168,0.0504948212296629,0.11538,0.001385
3945,480,dhmix_1595104467389948583,480,EnthalpyOfMixing,<Substance CC(C)CC(C)(C)C{solv}{x=0.700500}|CCCCOCCCC{solv}{x=0.299500}>,CC(C)CC(C)(C)C,CCCCOCCCC,Protein-Null-0.0.3-Pair-NMR-1E4-Umbrella-1E3-4-AAQAA3-1E3-3-OPC3_opc3,1,0.230763475279673,0.0483140342291377,0.10948,0.00133
3946,481,dens_1672861274914038509,481,Density,<Substance CC(C)CC(C)(C)C{solv}{x=0.399700}|CCCCOCCCC{solv}{x=0.600300}>,CC(C)CC(C)(C)C,CCCCOCCCC,Protein-Null-0.0.3-Pair-NMR-1E4-Umbrella-1E3-4-AAQAA3-1E3-3-OPC3_opc3,1,0.7339973562279309,0.0001591182359848,0.7348100000000001,0.000175
3947,482,dens_1954694146948787176,482,Density,<Substance CC(C)CC(C)(C)C{solv}{x=0.700000}|CCCCOCCCC{solv}{x=0.300000}>,CC(C)CC(C)(C)C,CCCCOCCCC,Protein-Null-0.0.3-Pair-NMR-1E4-Umbrella-1E3-4-AAQAA3-1E3-3-OPC3_opc3,1,0.7188483971038319,0.0001990491817245,0.7117300000000002,0.000185
3948,483,dens_234746850701826990,483,Density,<Substance CC#N{solv}{x=0.700000}|CCCCCO{solv}{x=0.300000}>,CC#N,CCCCCO,Protein-Null-0.0.3-Pair-NMR-1E4-Umbrella-1E3-4-AAQAA3-1E3-3-OPC3_opc3,1,0.7928443343610772,0.0002724206008961,0.7924200000000001,0.000165
3949,484,dens_1261543146081029601,484,Density,<Substance CC#N{solv}{x=0.500300}|CCCCCO{solv}{x=0.499700}>,CC#N,CCCCCO,Protein-Null-0.0.3-Pair-NMR-1E4-Umbrella-1E3-4-AAQAA3-1E3-3-OPC3_opc3,1,0.7982507833172813,0.0002325031148367,0.7996400000000001,0.000185
3950,485,dens_1462197010819319813,485,Density,<Substance CC#N{solv}{x=0.203100}|CCCCCO{solv}{x=0.796900}>,CC#N,CCCCCO,Protein-Null-0.0.3-Pair-NMR-1E4-Umbrella-1E3-4-AAQAA3-1E3-3-OPC3_opc3,1,0.8044558939608669,0.0002080832906265,0.8090600000000001,0.00022
3951,486,dhmix_1595997756227951615,486,EnthalpyOfMixing,<Substance CC#N{solv}{x=0.235500}|CCCCCO{solv}{x=0.764500}>,CC#N,CCCCCO,Protein-Null-0.0.3-Pair-NMR-1E4-Umbrella-1E3-4-AAQAA3-1E3-3-OPC3_opc3,1,1.4809586464123043,0.0385099370612486,1.451,0.006
3952,487,dhmix_1745037615762894827,487,EnthalpyOfMixing,<Substance CC#N{solv}{x=0.516700}|CCCCCO{solv}{x=0.483300}>,CC#N,CCCCCO,Protein-Null-0.0.3-Pair-NMR-1E4-Umbrella-1E3-4-AAQAA3-1E3-3-OPC3_opc3,1,2.0481566647462817,0.0340052605034649,2.017,0.008
3953,488,dhmix_2294048253872291609,488,EnthalpyOfMixing,<Substance CC#N{solv}{x=0.771100}|CCCCCO{solv}{x=0.228900}>,CC#N,CCCCCO,Protein-Null-0.0.3-Pair-NMR-1E4-Umbrella-1E3-4-AAQAA3-1E3-3-OPC3_opc3,1,1.5178989073353844,0.0314444569734447,1.656,0.007
3954,489,dens_237912652331354824,489,Density,<Substance C1COCCO1{solv}{x=0.512200}|CCCC(C)=O{solv}{x=0.487800}>,C1COCCO1,CCCC(C)=O,Protein-Null-0.0.3-Pair-NMR-1E4-Umbrella-1E3-4-AAQAA3-1E3-3-OPC3_opc3,1,0.8937583407989076,0.000234544557734,0.90478,0.00023
3955,490,dhmix_951401191616771155,490,EnthalpyOfMixing,<Substance C1COCCO1{solv}{x=0.750000}|CCCC(C)=O{solv}{x=0.250000}>,C1COCCO1,CCCC(C)=O,Protein-Null-0.0.3-Pair-NMR-1E4-Umbrella-1E3-4-AAQAA3-1E3-3-OPC3_opc3,1,0.253773379757348,0.0436612731609087,0.23761,0.00135
3956,491,dens_1815088975543208186,491,Density,<Substance C1COCCO1{solv}{x=0.225400}|CCCC(C)=O{solv}{x=0.774600}>,C1COCCO1,CCCC(C)=O,Protein-Null-0.0.3-Pair-NMR-1E4-Umbrella-1E3-4-AAQAA3-1E3-3-OPC3_opc3,1,0.8277477797283344,0.0002326892770279,0.8442800000000001,0.00022
3957,492,dens_2079717107234551519,492,Density,<Substance C1COCCO1{solv}{x=0.782300}|CCCC(C)=O{solv}{x=0.217700}>,C1COCCO1,CCCC(C)=O,Protein-Null-0.0.3-Pair-NMR-1E4-Umbrella-1E3-4-AAQAA3-1E3-3-OPC3_opc3,1,0.964913958048266,0.0002368367814517,0.9692000000000004,0.000245
3958,493,dhmix_2166059870593139530,493,EnthalpyOfMixing,<Substance C1COCCO1{solv}{x=0.500000}|CCCC(C)=O{solv}{x=0.500000}>,C1COCCO1,CCCC(C)=O,Protein-Null-0.0.3-Pair-NMR-1E4-Umbrella-1E3-4-AAQAA3-1E3-3-OPC3_opc3,1,0.4099981145036224,0.0453855226108599,0.26523,0.001455
3959,494,dhmix_2196150660196365471,494,EnthalpyOfMixing,<Substance C1COCCO1{solv}{x=0.250000}|CCCC(C)=O{solv}{x=0.750000}>,C1COCCO1,CCCC(C)=O,Protein-Null-0.0.3-Pair-NMR-1E4-Umbrella-1E3-4-AAQAA3-1E3-3-OPC3_opc3,1,0.1445885552843577,0.0398696564894188,0.1704,0.001085
3960,495,dhmix_243334109655928306,495,EnthalpyOfMixing,<Substance C1CCOCC1{solv}{x=0.783200}|c1ccccc1{solv}{x=0.216800}>,C1CCOCC1,c1ccccc1,Protein-Null-0.0.3-Pair-NMR-1E4-Umbrella-1E3-4-AAQAA3-1E3-3-OPC3_opc3,1,-0.0605030191968296,0.0431322110402841,-0.1399,0.00165
3961,496,dens_257753427541292519,496,Density,<Substance C1CCOCC1{solv}{x=0.479400}|c1ccccc1{solv}{x=0.520600}>,C1CCOCC1,c1ccccc1,Protein-Null-0.0.3-Pair-NMR-1E4-Umbrella-1E3-4-AAQAA3-1E3-3-OPC3_opc3,1,0.8649652520835608,0.0002493298778334,0.8778700000000003,0.000505
3962,497,dhmix_604341867718608333,497,EnthalpyOfMixing,<Substance C1CCOCC1{solv}{x=0.242500}|c1ccccc1{solv}{x=0.757500}>,C1CCOCC1,c1ccccc1,Protein-Null-0.0.3-Pair-NMR-1E4-Umbrella-1E3-4-AAQAA3-1E3-3-OPC3_opc3,1,0.0048963136950845,0.0383106755158586,-0.1608,0.00185
3963,498,dens_791001710124267373,498,Density,<Substance C1CCOCC1{solv}{x=0.223900}|c1ccccc1{solv}{x=0.776100}>,C1CCOCC1,c1ccccc1,Protein-Null-0.0.3-Pair-NMR-1E4-Umbrella-1E3-4-AAQAA3-1E3-3-OPC3_opc3,1,0.8624473709667358,0.0002876438679959,0.8761000000000002,0.0005
3964,499,dens_1402061243325720407,499,Density,<Substance C1CCOCC1{solv}{x=0.743200}|c1ccccc1{solv}{x=0.256800}>,C1CCOCC1,c1ccccc1,Protein-Null-0.0.3-Pair-NMR-1E4-Umbrella-1E3-4-AAQAA3-1E3-3-OPC3_opc3,1,0.8659684537729208,0.000254093166524,0.8789500000000002,0.000505
3965,500,dhmix_1407142629314355761,500,EnthalpyOfMixing,<Substance C1CCOCC1{solv}{x=0.498200}|c1ccccc1{solv}{x=0.501800}>,C1CCOCC1,c1ccccc1,Protein-Null-0.0.3-Pair-NMR-1E4-Umbrella-1E3-4-AAQAA3-1E3-3-OPC3_opc3,1,-0.0566406396449679,0.0299325507371446,-0.2365,0.00265
3966,501,dhmix_266800455813556356,501,EnthalpyOfMixing,<Substance CO{solv}{x=0.727200}|OCc1ccccc1{solv}{x=0.272800}>,CO,OCc1ccccc1,Protein-Null-0.0.3-Pair-NMR-1E4-Umbrella-1E3-4-AAQAA3-1E3-3-OPC3_opc3,1,-0.0431567371647183,0.0338096291986719,-0.0792,0.001
3967,502,dhmix_949671607207910651,502,EnthalpyOfMixing,<Substance CO{solv}{x=0.500500}|OCc1ccccc1{solv}{x=0.499500}>,CO,OCc1ccccc1,Protein-Null-0.0.3-Pair-NMR-1E4-Umbrella-1E3-4-AAQAA3-1E3-3-OPC3_opc3,1,-0.098071304115173,0.0354892629151214,-0.1408,0.00165
3968,503,dhmix_1388744759732522219,503,EnthalpyOfMixing,<Substance CO{solv}{x=0.200200}|OCc1ccccc1{solv}{x=0.799800}>,CO,OCc1ccccc1,Protein-Null-0.0.3-Pair-NMR-1E4-Umbrella-1E3-4-AAQAA3-1E3-3-OPC3_opc3,1,-0.0891277466956381,0.0413167013162545,-0.1081,0.0013
3969,504,dens_270046772857960816,504,Density,<Substance C1CCOCC1{solv}{x=0.732100}|Cc1ccccc1{solv}{x=0.267900}>,C1CCOCC1,Cc1ccccc1,Protein-Null-0.0.3-Pair-NMR-1E4-Umbrella-1E3-4-AAQAA3-1E3-3-OPC3_opc3,1,0.8618887018989254,0.0002818183946307,0.8754100000000001,0.000505
3970,505,dens_324774743687652276,505,Density,<Substance C1CCOCC1{solv}{x=0.238700}|Cc1ccccc1{solv}{x=0.761300}>,C1CCOCC1,Cc1ccccc1,Protein-Null-0.0.3-Pair-NMR-1E4-Umbrella-1E3-4-AAQAA3-1E3-3-OPC3_opc3,1,0.8517593670760696,0.0002480927191675,0.8669900000000003,0.000505
3971,506,dhmix_390107187187002597,506,EnthalpyOfMixing,<Substance C1CCOCC1{solv}{x=0.531900}|Cc1ccccc1{solv}{x=0.468100}>,C1CCOCC1,Cc1ccccc1,Protein-Null-0.0.3-Pair-NMR-1E4-Umbrella-1E3-4-AAQAA3-1E3-3-OPC3_opc3,1,-0.1321498019761975,0.0388564897608293,-0.2225,0.0025
3972,507,dhmix_1070320975529400325,507,EnthalpyOfMixing,<Substance C1CCOCC1{solv}{x=0.280600}|Cc1ccccc1{solv}{x=0.719400}>,C1CCOCC1,Cc1ccccc1,Protein-Null-0.0.3-Pair-NMR-1E4-Umbrella-1E3-4-AAQAA3-1E3-3-OPC3_opc3,1,-0.1000814365833093,0.0368285104765243,-0.1687,0.00195
3973,508,dens_1397318239527979287,508,Density,<Substance C1CCOCC1{solv}{x=0.491500}|Cc1ccccc1{solv}{x=0.508500}>,C1CCOCC1,Cc1ccccc1,Protein-Null-0.0.3-Pair-NMR-1E4-Umbrella-1E3-4-AAQAA3-1E3-3-OPC3_opc3,1,0.856803916792975,0.0002382855361265,0.8715100000000002,0.000505
3974,509,dhmix_1508130989501940613,509,EnthalpyOfMixing,<Substance C1CCOCC1{solv}{x=0.741300}|Cc1ccccc1{solv}{x=0.258700}>,C1CCOCC1,Cc1ccccc1,Protein-Null-0.0.3-Pair-NMR-1E4-Umbrella-1E3-4-AAQAA3-1E3-3-OPC3_opc3,1,0.0328637309405621,0.0423613164990893,-0.1629,0.0019
3975,510,dhmix_271732469428717581,510,EnthalpyOfMixing,<Substance COc1ccccc1{solv}{x=0.237400}|OCCCc1ccccc1{solv}{x=0.762600}>,COc1ccccc1,OCCCc1ccccc1,Protein-Null-0.0.3-Pair-NMR-1E4-Umbrella-1E3-4-AAQAA3-1E3-3-OPC3_opc3,1,0.6006835264596759,0.0640228047738961,0.6076,0.0066
3976,511,dhmix_1174392275991455181,511,EnthalpyOfMixing,<Substance COc1ccccc1{solv}{x=0.554700}|OCCCc1ccccc1{solv}{x=0.445300}>,COc1ccccc1,OCCCc1ccccc1,Protein-Null-0.0.3-Pair-NMR-1E4-Umbrella-1E3-4-AAQAA3-1E3-3-OPC3_opc3,1,0.9633058029596951,0.0460844570158824,1.0293,0.01105
3977,512,dhmix_1179341622676685107,512,EnthalpyOfMixing,<Substance COc1ccccc1{solv}{x=0.713600}|OCCCc1ccccc1{solv}{x=0.286400}>,COc1ccccc1,OCCCc1ccccc1,Protein-Null-0.0.3-Pair-NMR-1E4-Umbrella-1E3-4-AAQAA3-1E3-3-OPC3_opc3,1,1.0459395838672094,0.045020398351725,1.1088,0.0119
3978,513,dens_1468428612899754720,513,Density,<Substance COc1ccccc1{solv}{x=0.747700}|OCCCc1ccccc1{solv}{x=0.252300}>,COc1ccccc1,OCCCc1ccccc1,Protein-Null-0.0.3-Pair-NMR-1E4-Umbrella-1E3-4-AAQAA3-1E3-3-OPC3_opc3,1,0.969411912136732,0.0002074348066344,0.9827800000000002,0.00026
3979,514,dens_1534619098234859574,514,Density,<Substance COc1ccccc1{solv}{x=0.555100}|OCCCc1ccccc1{solv}{x=0.444900}>,COc1ccccc1,OCCCc1ccccc1,Protein-Null-0.0.3-Pair-NMR-1E4-Umbrella-1E3-4-AAQAA3-1E3-3-OPC3_opc3,1,0.9718776300508633,0.0001701691798182,0.9852700000000002,0.00026
3980,515,dens_2298154173340539222,515,Density,<Substance COc1ccccc1{solv}{x=0.263600}|OCCCc1ccccc1{solv}{x=0.736400}>,COc1ccccc1,OCCCc1ccccc1,Protein-Null-0.0.3-Pair-NMR-1E4-Umbrella-1E3-4-AAQAA3-1E3-3-OPC3_opc3,1,0.9758535586048572,0.0001861378491683,0.9885500000000002,0.00026
3981,516,dens_274848672468745759,516,Density,<Substance CCCCOC(C)=O{solv}{x=0.293400}|c1ccccc1{solv}{x=0.706600}>,CCCCOC(C)=O,c1ccccc1,Protein-Null-0.0.3-Pair-NMR-1E4-Umbrella-1E3-4-AAQAA3-1E3-3-OPC3_opc3,1,0.8672751096121422,0.0002631846876341,0.8736600000000002,0.00021
3982,517,dens_493354132810710227,517,Density,<Substance CCCCOC(C)=O{solv}{x=0.710500}|c1ccccc1{solv}{x=0.289500}>,CCCCOC(C)=O,c1ccccc1,Protein-Null-0.0.3-Pair-NMR-1E4-Umbrella-1E3-4-AAQAA3-1E3-3-OPC3_opc3,1,0.8740900519152414,0.0002206524919021,0.8751500000000002,0.000335
3983,518,dhmix_754807126845437364,518,EnthalpyOfMixing,<Substance CCCCOC(C)=O{solv}{x=0.495800}|c1ccccc1{solv}{x=0.504200}>,CCCCOC(C)=O,c1ccccc1,Protein-Null-0.0.3-Pair-NMR-1E4-Umbrella-1E3-4-AAQAA3-1E3-3-OPC3_opc3,1,-0.1886431831258903,0.0391736295332937,-0.0245,0.001
3984,519,dens_834118541551127044,519,Density,<Substance CCCCOC(C)=O{solv}{x=0.504400}|c1ccccc1{solv}{x=0.495600}>,CCCCOC(C)=O,c1ccccc1,Protein-Null-0.0.3-Pair-NMR-1E4-Umbrella-1E3-4-AAQAA3-1E3-3-OPC3_opc3,1,0.8713730772621515,0.0002284907308272,0.8744300000000002,0.000265
3985,520,dhmix_1349932525480083284,520,EnthalpyOfMixing,<Substance CCCCOC(C)=O{solv}{x=0.252300}|c1ccccc1{solv}{x=0.747700}>,CCCCOC(C)=O,c1ccccc1,Protein-Null-0.0.3-Pair-NMR-1E4-Umbrella-1E3-4-AAQAA3-1E3-3-OPC3_opc3,1,-0.1120216887463385,0.0433402202200851,-0.014,0.0009
3986,521,dhmix_1597992980658352112,521,EnthalpyOfMixing,<Substance CCCCOC(C)=O{solv}{x=0.771400}|c1ccccc1{solv}{x=0.228600}>,CCCCOC(C)=O,c1ccccc1,Protein-Null-0.0.3-Pair-NMR-1E4-Umbrella-1E3-4-AAQAA3-1E3-3-OPC3_opc3,1,-0.0479843646849902,0.0482626506459408,-0.0245,0.001
3987,522,dens_275501958869207518,522,Density,<Substance C1CCOCC1{solv}{x=0.226300}|Cc1ccccc1Cl{solv}{x=0.773700}>,C1CCOCC1,Cc1ccccc1Cl,Protein-Null-0.0.3-Pair-NMR-1E4-Umbrella-1E3-4-AAQAA3-1E3-3-OPC3_opc3,1,1.0320600035696232,0.0002808203386861,1.0396,0.0005
3988,523,dhmix_818597523255588519,523,EnthalpyOfMixing,<Substance C1CCOCC1{solv}{x=0.753300}|Cc1ccccc1Cl{solv}{x=0.246700}>,C1CCOCC1,Cc1ccccc1Cl,Protein-Null-0.0.3-Pair-NMR-1E4-Umbrella-1E3-4-AAQAA3-1E3-3-OPC3_opc3,1,-0.2176906856309841,0.0449123787074541,-0.154,0.001
3989,524,dhmix_849121557716978550,524,EnthalpyOfMixing,<Substance C1CCOCC1{solv}{x=0.517500}|Cc1ccccc1Cl{solv}{x=0.482500}>,C1CCOCC1,Cc1ccccc1Cl,Protein-Null-0.0.3-Pair-NMR-1E4-Umbrella-1E3-4-AAQAA3-1E3-3-OPC3_opc3,1,-0.2476062633580795,0.0433139118696497,-0.22,0.0015
3990,525,dens_946978292781731327,525,Density,<Substance C1CCOCC1{solv}{x=0.478400}|Cc1ccccc1Cl{solv}{x=0.521600}>,C1CCOCC1,Cc1ccccc1Cl,Protein-Null-0.0.3-Pair-NMR-1E4-Umbrella-1E3-4-AAQAA3-1E3-3-OPC3_opc3,1,0.9842371100202282,0.0002534851431743,0.9931600000000002,0.00051
3991,526,dhmix_997266220336132741,526,EnthalpyOfMixing,<Substance C1CCOCC1{solv}{x=0.263200}|Cc1ccccc1Cl{solv}{x=0.736800}>,C1CCOCC1,Cc1ccccc1Cl,Protein-Null-0.0.3-Pair-NMR-1E4-Umbrella-1E3-4-AAQAA3-1E3-3-OPC3_opc3,1,-0.1894109830395365,0.0406733303712615,-0.175,0.001
3992,527,dens_1191185394819541532,527,Density,<Substance C1CCOCC1{solv}{x=0.765800}|Cc1ccccc1Cl{solv}{x=0.234200}>,C1CCOCC1,Cc1ccccc1Cl,Protein-Null-0.0.3-Pair-NMR-1E4-Umbrella-1E3-4-AAQAA3-1E3-3-OPC3_opc3,1,0.9225947447595408,0.0002304839748909,0.9336500000000002,0.000505
3993,528,dhmix_278334692660393021,528,EnthalpyOfMixing,<Substance CCCCCCC{solv}{x=0.205900}|CNc1ccccc1{solv}{x=0.794100}>,CCCCCCC,CNc1ccccc1,Protein-Null-0.0.3-Pair-NMR-1E4-Umbrella-1E3-4-AAQAA3-1E3-3-OPC3_opc3,1,1.7533607898943444,0.0412207077808475,1.126,0.012
3994,529,dens_480658478095207102,529,Density,<Substance CCCCCCC{solv}{x=0.740500}|CNc1ccccc1{solv}{x=0.259500}>,CCCCCCC,CNc1ccccc1,Protein-Null-0.0.3-Pair-NMR-1E4-Umbrella-1E3-4-AAQAA3-1E3-3-OPC3_opc3,1,0.7301319225617502,0.0001612269720642,0.7424910000000001,0.00014
3995,530,dhmix_898293423987680187,530,EnthalpyOfMixing,<Substance CCCCCCC{solv}{x=0.501700}|CNc1ccccc1{solv}{x=0.498300}>,CCCCCCC,CNc1ccccc1,Protein-Null-0.0.3-Pair-NMR-1E4-Umbrella-1E3-4-AAQAA3-1E3-3-OPC3_opc3,1,2.133313429236395,0.0367790991745631,1.676,0.018
3996,531,dens_1509968737377061562,531,Density,<Substance CCCCCCC{solv}{x=0.250900}|CNc1ccccc1{solv}{x=0.749100}>,CCCCCCC,CNc1ccccc1,Protein-Null-0.0.3-Pair-NMR-1E4-Umbrella-1E3-4-AAQAA3-1E3-3-OPC3_opc3,1,0.8887358794877597,0.0002043834986436,0.8897150000000003,0.0002615
3997,532,dhmix_1680546488782143957,532,EnthalpyOfMixing,<Substance CCCCCCC{solv}{x=0.703200}|CNc1ccccc1{solv}{x=0.296800}>,CCCCCCC,CNc1ccccc1,Protein-Null-0.0.3-Pair-NMR-1E4-Umbrella-1E3-4-AAQAA3-1E3-3-OPC3_opc3,1,2.038094965893947,0.045877180582957,1.539,0.0165
3998,533,dens_2074014246120135820,533,Density,<Substance CCCCCCC{solv}{x=0.497000}|CNc1ccccc1{solv}{x=0.503000}>,CCCCCCC,CNc1ccccc1,Protein-Null-0.0.3-Pair-NMR-1E4-Umbrella-1E3-4-AAQAA3-1E3-3-OPC3_opc3,1,0.802680823278246,0.0001796523373767,0.8106920000000002,0.0001785
3999,534,dens_296890921001565391,534,Density,<Substance CCCCN{solv}{x=0.755200}|CN(C)C=O{solv}{x=0.244800}>,CCCCN,CN(C)C=O,Protein-Null-0.0.3-Pair-NMR-1E4-Umbrella-1E3-4-AAQAA3-1E3-3-OPC3_opc3,1,0.7896532254991004,0.0001657535874835,0.7762150000000002,0.000949
4000,535,dens_380536870617309130,535,Density,<Substance CCCCN{solv}{x=0.242800}|CN(C)C=O{solv}{x=0.757200}>,CCCCN,CN(C)C=O,Protein-Null-0.0.3-Pair-NMR-1E4-Umbrella-1E3-4-AAQAA3-1E3-3-OPC3_opc3,1,0.8731699752206535,0.0002485544761005,0.8845160000000002,0.0010795
4001,536,dhmix_493117160214491795,536,EnthalpyOfMixing,<Substance CCCCN{solv}{x=0.244100}|CN(C)C=O{solv}{x=0.755900}>,CCCCN,CN(C)C=O,Protein-Null-0.0.3-Pair-NMR-1E4-Umbrella-1E3-4-AAQAA3-1E3-3-OPC3_opc3,1,0.232554887452224,0.0418493685091973,0.245,0.008
4002,537,dhmix_789225002934078019,537,EnthalpyOfMixing,<Substance CCCCN{solv}{x=0.750200}|CN(C)C=O{solv}{x=0.249800}>,CCCCN,CN(C)C=O,Protein-Null-0.0.3-Pair-NMR-1E4-Umbrella-1E3-4-AAQAA3-1E3-3-OPC3_opc3,1,0.1778388436458939,0.0416259758043488,0.32,0.01
4003,538,dhmix_941321571782058819,538,EnthalpyOfMixing,<Substance CCCCN{solv}{x=0.499200}|CN(C)C=O{solv}{x=0.500800}>,CCCCN,CN(C)C=O,Protein-Null-0.0.3-Pair-NMR-1E4-Umbrella-1E3-4-AAQAA3-1E3-3-OPC3_opc3,1,0.3232890116277858,0.0409274074818883,0.384,0.0115
4004,539,dens_2179361372918836941,539,Density,<Substance CCCCN{solv}{x=0.497200}|CN(C)C=O{solv}{x=0.502800}>,CCCCN,CN(C)C=O,Protein-Null-0.0.3-Pair-NMR-1E4-Umbrella-1E3-4-AAQAA3-1E3-3-OPC3_opc3,1,0.8302868481304561,0.000234331182428,0.8277360000000001,0.001011
4005,540,dens_300257448272323407,540,Density,<Substance CC(C)O{solv}{x=0.745200}|NCCN{solv}{x=0.254800}>,CC(C)O,NCCN,Protein-Null-0.0.3-Pair-NMR-1E4-Umbrella-1E3-4-AAQAA3-1E3-3-OPC3_opc3,1,0.8437441340547753,0.0002893056048441,0.8163970000000003,0.0002325
4006,541,dens_924750366683277351,541,Density,<Substance CC(C)O{solv}{x=0.203100}|NCCN{solv}{x=0.796900}>,CC(C)O,NCCN,Protein-Null-0.0.3-Pair-NMR-1E4-Umbrella-1E3-4-AAQAA3-1E3-3-OPC3_opc3,1,0.9674756000370042,0.0002774874887291,0.8736620000000003,0.0002225
4007,542,dens_2284409308160572308,542,Density,<Substance CC(C)O{solv}{x=0.489100}|NCCN{solv}{x=0.510900}>,CC(C)O,NCCN,Protein-Null-0.0.3-Pair-NMR-1E4-Umbrella-1E3-4-AAQAA3-1E3-3-OPC3_opc3,1,0.8984493877617173,0.0002504247685175,0.8449250000000001,0.0002245
4008,543,dens_305501840068636812,543,Density,<Substance CC(C)=O{solv}{x=0.750000}|CCO{solv}{x=0.250000}>,CC(C)=O,CCO,Protein-Null-0.0.3-Pair-NMR-1E4-Umbrella-1E3-4-AAQAA3-1E3-3-OPC3_opc3,1,0.7701830685427313,0.0003104022298414,0.7859000000000002,0.000115
4009,544,dens_472577738907297293,544,Density,<Substance CC(C)=O{solv}{x=0.250000}|CCO{solv}{x=0.750000}>,CC(C)=O,CCO,Protein-Null-0.0.3-Pair-NMR-1E4-Umbrella-1E3-4-AAQAA3-1E3-3-OPC3_opc3,1,0.7780802110063726,0.0003145827012249,0.7861600000000002,0.000115
4010,545,dens_2271083741716457850,545,Density,<Substance CC(C)=O{solv}{x=0.499900}|CCO{solv}{x=0.500100}>,CC(C)=O,CCO,Protein-Null-0.0.3-Pair-NMR-1E4-Umbrella-1E3-4-AAQAA3-1E3-3-OPC3_opc3,1,0.773410632466822,0.0003173733630948,0.7861900000000003,0.000115
4011,546,dens_307445163336341047,546,Density,<Substance CN1CCCC1=O{solv}{x=0.703700}|ClCCCl{solv}{x=0.296300}>,CN1CCCC1=O,ClCCCl,Protein-Null-0.0.3-Pair-NMR-1E4-Umbrella-1E3-4-AAQAA3-1E3-3-OPC3_opc3,1,1.0594562477490066,0.0002598957970055,1.0851000000000002,0.0002
4012,547,dhmix_453866769634566853,547,EnthalpyOfMixing,<Substance CN1CCCC1=O{solv}{x=0.253100}|ClCCCl{solv}{x=0.746900}>,CN1CCCC1=O,ClCCCl,Protein-Null-0.0.3-Pair-NMR-1E4-Umbrella-1E3-4-AAQAA3-1E3-3-OPC3_opc3,1,-0.0831149060624838,0.0352095557625939,-0.8118,0.01525
4013,548,dhmix_536206650470008584,548,EnthalpyOfMixing,<Substance CN1CCCC1=O{solv}{x=0.500000}|ClCCCl{solv}{x=0.500000}>,CN1CCCC1=O,ClCCCl,Protein-Null-0.0.3-Pair-NMR-1E4-Umbrella-1E3-4-AAQAA3-1E3-3-OPC3_opc3,1,-0.0729016065146552,0.0356542517192856,-1.264,0.0055
4014,549,dens_1046625605566999080,549,Density,<Substance CN1CCCC1=O{solv}{x=0.202500}|ClCCCl{solv}{x=0.797500}>,CN1CCCC1=O,ClCCCl,Protein-Null-0.0.3-Pair-NMR-1E4-Umbrella-1E3-4-AAQAA3-1E3-3-OPC3_opc3,1,1.1639424839899586,0.0003577676785246,1.1953000000000005,0.00025
4015,550,dhmix_1620571823529677157,550,EnthalpyOfMixing,<Substance CN1CCCC1=O{solv}{x=0.736700}|ClCCCl{solv}{x=0.263300}>,CN1CCCC1=O,ClCCCl,Protein-Null-0.0.3-Pair-NMR-1E4-Umbrella-1E3-4-AAQAA3-1E3-3-OPC3_opc3,1,-0.10147361957031,0.030455336917362,-0.8587,0.01605
4016,551,dens_2059567022041766694,551,Density,<Substance CN1CCCC1=O{solv}{x=0.497500}|ClCCCl{solv}{x=0.502500}>,CN1CCCC1=O,ClCCCl,Protein-Null-0.0.3-Pair-NMR-1E4-Umbrella-1E3-4-AAQAA3-1E3-3-OPC3_opc3,1,1.1041058210908274,0.0003020788955738,1.1283000000000003,0.0002
4017,552,dens_313234519309892479,552,Density,<Substance CC(=O)N(C)C{solv}{x=0.293800}|CCCCCCCCCl{solv}{x=0.706200}>,CC(=O)N(C)C,CCCCCCCCCl,Protein-Null-0.0.3-Pair-NMR-1E4-Umbrella-1E3-4-AAQAA3-1E3-3-OPC3_opc3,1,0.8646882122191948,0.0001722970535785,0.8796000000000003,0.00045
4018,553,dhmix_444785917463403590,553,EnthalpyOfMixing,<Substance CC(=O)N(C)C{solv}{x=0.703000}|CCCCCCCCCl{solv}{x=0.297000}>,CC(=O)N(C)C,CCCCCCCCCl,Protein-Null-0.0.3-Pair-NMR-1E4-Umbrella-1E3-4-AAQAA3-1E3-3-OPC3_opc3,1,0.9968453568586888,0.0454806805344394,0.751,0.004
4019,554,dhmix_705168937124106402,554,EnthalpyOfMixing,<Substance CC(=O)N(C)C{solv}{x=0.215000}|CCCCCCCCCl{solv}{x=0.785000}>,CC(=O)N(C)C,CCCCCCCCCl,Protein-Null-0.0.3-Pair-NMR-1E4-Umbrella-1E3-4-AAQAA3-1E3-3-OPC3_opc3,1,0.6204730524160453,0.0526815778801472,0.519,0.0035
4020,555,dens_1549584991651515376,555,Density,<Substance CC(=O)N(C)C{solv}{x=0.502200}|CCCCCCCCCl{solv}{x=0.497800}>,CC(=O)N(C)C,CCCCCCCCCl,Protein-Null-0.0.3-Pair-NMR-1E4-Umbrella-1E3-4-AAQAA3-1E3-3-OPC3_opc3,1,0.8713696150578006,0.0002202991741089,0.8902000000000002,0.0004
4021,556,dhmix_1732161251827083272,556,EnthalpyOfMixing,<Substance CC(=O)N(C)C{solv}{x=0.508000}|CCCCCCCCCl{solv}{x=0.492000}>,CC(=O)N(C)C,CCCCCCCCCl,Protein-Null-0.0.3-Pair-NMR-1E4-Umbrella-1E3-4-AAQAA3-1E3-3-OPC3_opc3,1,1.0600919026468176,0.0383433787513682,0.829,0.004
4022,557,dens_2189889607118243828,557,Density,<Substance CC(=O)N(C)C{solv}{x=0.700500}|CCCCCCCCCl{solv}{x=0.299500}>,CC(=O)N(C)C,CCCCCCCCCl,Protein-Null-0.0.3-Pair-NMR-1E4-Umbrella-1E3-4-AAQAA3-1E3-3-OPC3_opc3,1,0.8790475157625764,0.0002355650878933,0.9041000000000002,0.00035
4023,558,dens_314482396827660717,558,Density,<Substance BrCCBr{solv}{x=0.753700}|COC(C)=O{solv}{x=0.246300}>,BrCCBr,COC(C)=O,Protein-Null-0.0.3-Pair-NMR-1E4-Umbrella-1E3-4-AAQAA3-1E3-3-OPC3_opc3,1,1.8294788428794624,0.0006197520500964,1.8774400000000004,0.003355
4024,559,dens_344993892965738820,559,Density,<Substance BrCCBr{solv}{x=0.275200}|COC(C)=O{solv}{x=0.724800}>,BrCCBr,COC(C)=O,Protein-Null-0.0.3-Pair-NMR-1E4-Umbrella-1E3-4-AAQAA3-1E3-3-OPC3_opc3,1,1.2782602730336998,0.0004054696231985,1.2862400000000005,0.001125
4025,560,dhmix_545996968666061076,560,EnthalpyOfMixing,<Substance BrCCBr{solv}{x=0.720900}|COC(C)=O{solv}{x=0.279100}>,BrCCBr,COC(C)=O,Protein-Null-0.0.3-Pair-NMR-1E4-Umbrella-1E3-4-AAQAA3-1E3-3-OPC3_opc3,1,-0.0301598201433819,0.0335362358057292,0.2594,0.0028
4026,561,dens_714044009336077786,561,Density,<Substance BrCCBr{solv}{x=0.512100}|COC(C)=O{solv}{x=0.487900}>,BrCCBr,COC(C)=O,Protein-Null-0.0.3-Pair-NMR-1E4-Umbrella-1E3-4-AAQAA3-1E3-3-OPC3_opc3,1,1.5597865929457384,0.0005180534325799,1.5834900000000005,0.0021
4027,562,dhmix_1222511035002547253,562,EnthalpyOfMixing,<Substance BrCCBr{solv}{x=0.485500}|COC(C)=O{solv}{x=0.514500}>,BrCCBr,COC(C)=O,Protein-Null-0.0.3-Pair-NMR-1E4-Umbrella-1E3-4-AAQAA3-1E3-3-OPC3_opc3,1,-0.1013016355972311,0.0334185852576854,0.2577,0.00275
4028,563,dhmix_1418101673429653456,563,EnthalpyOfMixing,<Substance BrCCBr{solv}{x=0.250800}|COC(C)=O{solv}{x=0.749200}>,BrCCBr,COC(C)=O,Protein-Null-0.0.3-Pair-NMR-1E4-Umbrella-1E3-4-AAQAA3-1E3-3-OPC3_opc3,1,-0.020321184144521,0.0339200143300967,0.1202,0.0017
4029,564,dens_314934747194338330,564,Density,<Substance CC(C)CCl{solv}{x=0.513700}|CC(C)OC(C)C{solv}{x=0.486300}>,CC(C)CCl,CC(C)OC(C)C,Protein-Null-0.0.3-Pair-NMR-1E4-Umbrella-1E3-4-AAQAA3-1E3-3-OPC3_opc3,1,0.794355145015691,0.0002746819877284,0.7878250000000002,0.000405
4030,565,dhmix_355399496844187096,565,EnthalpyOfMixing,<Substance CC(C)CCl{solv}{x=0.545300}|CC(C)OC(C)C{solv}{x=0.454700}>,CC(C)CCl,CC(C)OC(C)C,Protein-Null-0.0.3-Pair-NMR-1E4-Umbrella-1E3-4-AAQAA3-1E3-3-OPC3_opc3,1,-0.2087677811457098,0.0411138794684679,-0.0957,0.0012
4031,566,dens_688062365117407068,566,Density,<Substance CC(C)CCl{solv}{x=0.805900}|CC(C)OC(C)C{solv}{x=0.194100}>,CC(C)CCl,CC(C)OC(C)C,Protein-Null-0.0.3-Pair-NMR-1E4-Umbrella-1E3-4-AAQAA3-1E3-3-OPC3_opc3,1,0.8308431644144694,0.0002921792601505,0.8355300000000002,0.0003555
4032,567,dhmix_1411881046585885461,567,EnthalpyOfMixing,<Substance CC(C)CCl{solv}{x=0.090700}|CC(C)OC(C)C{solv}{x=0.909300}>,CC(C)CCl,CC(C)OC(C)C,Protein-Null-0.0.3-Pair-NMR-1E4-Umbrella-1E3-4-AAQAA3-1E3-3-OPC3_opc3,1,-0.1104777823437075,0.0541649044445502,-0.0302,0.00055
4033,568,dens_1762455266351712367,568,Density,<Substance CC(C)CCl{solv}{x=0.091000}|CC(C)OC(C)C{solv}{x=0.909000}>,CC(C)CCl,CC(C)OC(C)C,Protein-Null-0.0.3-Pair-NMR-1E4-Umbrella-1E3-4-AAQAA3-1E3-3-OPC3_opc3,1,0.748453144678369,0.0002474302847575,0.7293950000000001,0.000464
4034,569,dhmix_2302865667781063708,569,EnthalpyOfMixing,<Substance CC(C)CCl{solv}{x=0.727000}|CC(C)OC(C)C{solv}{x=0.273000}>,CC(C)CCl,CC(C)OC(C)C,Protein-Null-0.0.3-Pair-NMR-1E4-Umbrella-1E3-4-AAQAA3-1E3-3-OPC3_opc3,1,-0.1101267005106336,0.0423369349253373,-0.0791,0.001
4035,570,dens_321327254341950207,570,Density,<Substance C1COCCO1{solv}{x=0.780300}|CCCCCC(C)=O{solv}{x=0.219700}>,C1COCCO1,CCCCCC(C)=O,Protein-Null-0.0.3-Pair-NMR-1E4-Umbrella-1E3-4-AAQAA3-1E3-3-OPC3_opc3,1,0.953960776937269,0.0002215456594504,0.9576500000000002,0.0003
4036,571,dens_377701756930918353,571,Density,<Substance C1COCCO1{solv}{x=0.500600}|CCCCCC(C)=O{solv}{x=0.499400}>,C1COCCO1,CCCCCC(C)=O,Protein-Null-0.0.3-Pair-NMR-1E4-Umbrella-1E3-4-AAQAA3-1E3-3-OPC3_opc3,1,0.8831591903015421,0.0002303128308865,0.8916700000000002,0.000345
4037,572,dhmix_600625644134907580,572,EnthalpyOfMixing,<Substance C1COCCO1{solv}{x=0.500000}|CCCCCC(C)=O{solv}{x=0.500000}>,C1COCCO1,CCCCCC(C)=O,Protein-Null-0.0.3-Pair-NMR-1E4-Umbrella-1E3-4-AAQAA3-1E3-3-OPC3_opc3,1,0.5431145460652687,0.0447807249953051,0.4509,0.002255
4038,573,dens_1451069448215305244,573,Density,<Substance C1COCCO1{solv}{x=0.220300}|CCCCCC(C)=O{solv}{x=0.779700}>,C1COCCO1,CCCCCC(C)=O,Protein-Null-0.0.3-Pair-NMR-1E4-Umbrella-1E3-4-AAQAA3-1E3-3-OPC3_opc3,1,0.8293798464160165,0.0001932644278283,0.8420800000000003,0.000385
4039,574,dhmix_2028813035406256788,574,EnthalpyOfMixing,<Substance C1COCCO1{solv}{x=0.750000}|CCCCCC(C)=O{solv}{x=0.250000}>,C1COCCO1,CCCCCC(C)=O,Protein-Null-0.0.3-Pair-NMR-1E4-Umbrella-1E3-4-AAQAA3-1E3-3-OPC3_opc3,1,0.4431842836038271,0.04331419834376,0.4064,0.00209
4040,575,dhmix_2222211577832383320,575,EnthalpyOfMixing,<Substance C1COCCO1{solv}{x=0.250000}|CCCCCC(C)=O{solv}{x=0.750000}>,C1COCCO1,CCCCCC(C)=O,Protein-Null-0.0.3-Pair-NMR-1E4-Umbrella-1E3-4-AAQAA3-1E3-3-OPC3_opc3,1,0.3537586333902425,0.0410634455470536,0.2911,0.00164
4041,576,dhmix_325212618372456630,576,EnthalpyOfMixing,<Substance CCCCCCC{solv}{x=0.500000}|c1ccccc1{solv}{x=0.500000}>,CCCCCCC,c1ccccc1,Protein-Null-0.0.3-Pair-NMR-1E4-Umbrella-1E3-4-AAQAA3-1E3-3-OPC3_opc3,1,1.2241703658354766,0.0419864669643312,0.9235,0.0051
4042,577,dhmix_409350268177199962,577,EnthalpyOfMixing,<Substance CCCCCCC{solv}{x=0.751900}|c1ccccc1{solv}{x=0.248100}>,CCCCCCC,c1ccccc1,Protein-Null-0.0.3-Pair-NMR-1E4-Umbrella-1E3-4-AAQAA3-1E3-3-OPC3_opc3,1,0.7327215167467216,0.0411065803139442,0.6047,0.0035
4043,578,dens_1685942387769177799,578,Density,<Substance CCCCCCC{solv}{x=0.913667}|c1ccccc1{solv}{x=0.086333}>,CCCCCCC,c1ccccc1,Protein-Null-0.0.3-Pair-NMR-1E4-Umbrella-1E3-4-AAQAA3-1E3-3-OPC3_opc3,1,0.674544116337401,0.0002032365056666,0.6892400000000002,0.000805
4044,579,dens_2148382258223830900,579,Density,<Substance CCCCCCC{solv}{x=0.273700}|c1ccccc1{solv}{x=0.726300}>,CCCCCCC,c1ccccc1,Protein-Null-0.0.3-Pair-NMR-1E4-Umbrella-1E3-4-AAQAA3-1E3-3-OPC3_opc3,1,0.7689660579735678,0.0002933157216211,0.7855000000000002,0.00015
4045,580,dens_2219829254239605828,580,Density,<Substance CCCCCCC{solv}{x=0.492200}|c1ccccc1{solv}{x=0.507800}>,CCCCCCC,c1ccccc1,Protein-Null-0.0.3-Pair-NMR-1E4-Umbrella-1E3-4-AAQAA3-1E3-3-OPC3_opc3,1,0.7247106505437352,0.0002482439945754,0.7409000000000001,0.00015
4046,581,dhmix_2296565820723783732,581,EnthalpyOfMixing,<Substance CCCCCCC{solv}{x=0.242400}|c1ccccc1{solv}{x=0.757600}>,CCCCCCC,c1ccccc1,Protein-Null-0.0.3-Pair-NMR-1E4-Umbrella-1E3-4-AAQAA3-1E3-3-OPC3_opc3,1,0.9949529328317084,0.0433926423248964,0.7775,0.0044
4047,582,dens_326446104630354701,582,Density,<Substance BrCCBr{solv}{x=0.728600}|CCC(=O)OC{solv}{x=0.271400}>,BrCCBr,CCC(=O)OC,Protein-Null-0.0.3-Pair-NMR-1E4-Umbrella-1E3-4-AAQAA3-1E3-3-OPC3_opc3,1,1.752510431754348,0.0006892216671556,1.7949900000000003,0.00303
4048,583,dens_886315086380393150,583,Density,<Substance BrCCBr{solv}{x=0.494400}|CCC(=O)OC{solv}{x=0.505600}>,BrCCBr,CCC(=O)OC,Protein-Null-0.0.3-Pair-NMR-1E4-Umbrella-1E3-4-AAQAA3-1E3-3-OPC3_opc3,1,1.4677041363919745,0.0004689348586308,1.4941800000000005,0.001825
4049,584,dhmix_1410129135672303476,584,EnthalpyOfMixing,<Substance BrCCBr{solv}{x=0.491400}|CCC(=O)OC{solv}{x=0.508600}>,BrCCBr,CCC(=O)OC,Protein-Null-0.0.3-Pair-NMR-1E4-Umbrella-1E3-4-AAQAA3-1E3-3-OPC3_opc3,1,-0.3273464261260201,0.0318456375191641,0.0195,0.00185
4050,585,dhmix_1551714230583118668,585,EnthalpyOfMixing,<Substance BrCCBr{solv}{x=0.755400}|CCC(=O)OC{solv}{x=0.244600}>,BrCCBr,CCC(=O)OC,Protein-Null-0.0.3-Pair-NMR-1E4-Umbrella-1E3-4-AAQAA3-1E3-3-OPC3_opc3,1,-0.2601924415373471,0.0344452185324328,0.09,0.00295
4051,586,dhmix_1596310059176209101,586,EnthalpyOfMixing,<Substance BrCCBr{solv}{x=0.214800}|CCC(=O)OC{solv}{x=0.785200}>,BrCCBr,CCC(=O)OC,Protein-Null-0.0.3-Pair-NMR-1E4-Umbrella-1E3-4-AAQAA3-1E3-3-OPC3_opc3,1,-0.2135922957492284,0.0362754451193171,-0.0281,0.002
4052,587,dens_1860027304017736150,587,Density,<Substance BrCCBr{solv}{x=0.257000}|CCC(=O)OC{solv}{x=0.743000}>,BrCCBr,CCC(=O)OC,Protein-Null-0.0.3-Pair-NMR-1E4-Umbrella-1E3-4-AAQAA3-1E3-3-OPC3_opc3,1,1.192194816984151,0.0003392835441831,1.2059400000000002,0.000915
4053,588,dhmix_334328961632702336,588,EnthalpyOfMixing,<Substance Cc1ccccc1N{solv}{x=0.492600}|Cc1cccnc1{solv}{x=0.507400}>,Cc1ccccc1N,Cc1cccnc1,Protein-Null-0.0.3-Pair-NMR-1E4-Umbrella-1E3-4-AAQAA3-1E3-3-OPC3_opc3,1,-1.5730912468452924,0.0430836008324209,-1.4091,0.0287
4054,589,dhmix_382843935535082222,589,EnthalpyOfMixing,<Substance Cc1ccccc1N{solv}{x=0.232300}|Cc1cccnc1{solv}{x=0.767700}>,Cc1ccccc1N,Cc1cccnc1,Protein-Null-0.0.3-Pair-NMR-1E4-Umbrella-1E3-4-AAQAA3-1E3-3-OPC3_opc3,1,-1.224664455720596,0.0423235577257737,-1.1196,0.02285
4055,590,dens_890019852111400701,590,Density,<Substance Cc1ccccc1N{solv}{x=0.533600}|Cc1cccnc1{solv}{x=0.466400}>,Cc1ccccc1N,Cc1cccnc1,Protein-Null-0.0.3-Pair-NMR-1E4-Umbrella-1E3-4-AAQAA3-1E3-3-OPC3_opc3,1,0.986155179127197,0.0003539675503868,0.9795770000000004,0.0001185
4056,591,dens_1033313642915027277,591,Density,<Substance Cc1ccccc1N{solv}{x=0.737200}|Cc1cccnc1{solv}{x=0.262800}>,Cc1ccccc1N,Cc1cccnc1,Protein-Null-0.0.3-Pair-NMR-1E4-Umbrella-1E3-4-AAQAA3-1E3-3-OPC3_opc3,1,0.9995163773900416,0.000229511832997,0.9867010000000004,0.000118
4057,592,dhmix_1057104304179164775,592,EnthalpyOfMixing,<Substance Cc1ccccc1N{solv}{x=0.778900}|Cc1cccnc1{solv}{x=0.221100}>,Cc1ccccc1N,Cc1cccnc1,Protein-Null-0.0.3-Pair-NMR-1E4-Umbrella-1E3-4-AAQAA3-1E3-3-OPC3_opc3,1,-1.0196020049416816,0.0444913003676622,-0.8735,0.01785
4058,593,dens_1445313714023685702,593,Density,<Substance Cc1ccccc1N{solv}{x=0.246700}|Cc1cccnc1{solv}{x=0.753300}>,Cc1ccccc1N,Cc1cccnc1,Protein-Null-0.0.3-Pair-NMR-1E4-Umbrella-1E3-4-AAQAA3-1E3-3-OPC3_opc3,1,0.9637842103190938,0.0002314005630434,0.9668750000000004,0.00012
4059,594,dens_335631113096608920,594,Density,<Substance CCC(C)=O{solv}{x=0.501800}|CCCCNCCCC{solv}{x=0.498200}>,CCC(C)=O,CCCCNCCCC,Protein-Null-0.0.3-Pair-NMR-1E4-Umbrella-1E3-4-AAQAA3-1E3-3-OPC3_opc3,1,0.7605653335064378,0.0002070036256403,0.7693960000000002,9.950000000000003e-05
4060,595,dhmix_551451232292287572,595,EnthalpyOfMixing,<Substance CCC(C)=O{solv}{x=0.215400}|CCCCNCCCC{solv}{x=0.784600}>,CCC(C)=O,CCCCNCCCC,Protein-Null-0.0.3-Pair-NMR-1E4-Umbrella-1E3-4-AAQAA3-1E3-3-OPC3_opc3,1,0.1066262594910085,0.0514249582313472,0.417,0.0045
4061,596,dens_800787154192710377,596,Density,<Substance CCC(C)=O{solv}{x=0.260300}|CCCCNCCCC{solv}{x=0.739700}>,CCC(C)=O,CCCCNCCCC,Protein-Null-0.0.3-Pair-NMR-1E4-Umbrella-1E3-4-AAQAA3-1E3-3-OPC3_opc3,1,0.7565842254272317,0.0001908738520925,0.7614750000000002,0.0001005
4062,597,dhmix_1210431916849512476,597,EnthalpyOfMixing,<Substance CCC(C)=O{solv}{x=0.504400}|CCCCNCCCC{solv}{x=0.495600}>,CCC(C)=O,CCCCNCCCC,Protein-Null-0.0.3-Pair-NMR-1E4-Umbrella-1E3-4-AAQAA3-1E3-3-OPC3_opc3,1,0.1469424225492446,0.0397804657323364,0.619,0.0065
4063,598,dhmix_1503682496766473076,598,EnthalpyOfMixing,<Substance CCC(C)=O{solv}{x=0.792200}|CCCCNCCCC{solv}{x=0.207800}>,CCC(C)=O,CCCCNCCCC,Protein-Null-0.0.3-Pair-NMR-1E4-Umbrella-1E3-4-AAQAA3-1E3-3-OPC3_opc3,1,0.0790343379279185,0.0427600519632524,0.425,0.0045
4064,599,dens_2232561341275312196,599,Density,<Substance CCC(C)=O{solv}{x=0.747300}|CCCCNCCCC{solv}{x=0.252700}>,CCC(C)=O,CCCCNCCCC,Protein-Null-0.0.3-Pair-NMR-1E4-Umbrella-1E3-4-AAQAA3-1E3-3-OPC3_opc3,1,0.7657888816052688,0.0002169129102903,0.7810500000000001,9.750000000000004e-05
4065,600,dhmix_335934546122425398,600,EnthalpyOfMixing,<Substance C1CCOCC1{solv}{x=0.550000}|O=C1CCCC1{solv}{x=0.450000}>,C1CCOCC1,O=C1CCCC1,Protein-Null-0.0.3-Pair-NMR-1E4-Umbrella-1E3-4-AAQAA3-1E3-3-OPC3_opc3,1,0.1002741766133112,0.0416192903919883,0.15813,0.001
4066,601,dhmix_337659115721770978,601,EnthalpyOfMixing,<Substance C1CCOCC1{solv}{x=0.250000}|O=C1CCCC1{solv}{x=0.750000}>,C1CCOCC1,O=C1CCCC1,Protein-Null-0.0.3-Pair-NMR-1E4-Umbrella-1E3-4-AAQAA3-1E3-3-OPC3_opc3,1,0.0230020808881548,0.040342549337066,0.11325,0.00084
4067,602,dens_579415285212890284,602,Density,<Substance C1CCOCC1{solv}{x=0.708000}|O=C1CCCC1{solv}{x=0.292000}>,C1CCOCC1,O=C1CCCC1,Protein-Null-0.0.3-Pair-NMR-1E4-Umbrella-1E3-4-AAQAA3-1E3-3-OPC3_opc3,1,0.8805128083541235,0.0001955950720591,0.8972200000000002,0.00023
4068,603,dens_788777315764582180,603,Density,<Substance C1CCOCC1{solv}{x=0.549800}|O=C1CCCC1{solv}{x=0.450200}>,C1CCOCC1,O=C1CCCC1,Protein-Null-0.0.3-Pair-NMR-1E4-Umbrella-1E3-4-AAQAA3-1E3-3-OPC3_opc3,1,0.8878326892321468,0.0002616707308242,0.9073000000000002,0.000235
4069,604,dens_1539654406736576807,604,Density,<Substance C1CCOCC1{solv}{x=0.235400}|O=C1CCCC1{solv}{x=0.764600}>,C1CCOCC1,O=C1CCCC1,Protein-Null-0.0.3-Pair-NMR-1E4-Umbrella-1E3-4-AAQAA3-1E3-3-OPC3_opc3,1,0.9021310189083972,0.0002301841887836,0.9281000000000004,0.00024
4070,605,dhmix_1706969020375394315,605,EnthalpyOfMixing,<Substance C1CCOCC1{solv}{x=0.750000}|O=C1CCCC1{solv}{x=0.250000}>,C1CCOCC1,O=C1CCCC1,Protein-Null-0.0.3-Pair-NMR-1E4-Umbrella-1E3-4-AAQAA3-1E3-3-OPC3_opc3,1,0.0564088638982269,0.0445562603855288,0.12811,0.000895
4071,606,dens_337077748334497354,606,Density,<Substance CN1CCCCC1{solv}{x=0.245200}|O{solv}{x=0.754800}>,CN1CCCCC1,O,Protein-Null-0.0.3-Pair-NMR-1E4-Umbrella-1E3-4-AAQAA3-1E3-3-OPC3_opc3,1,0.8973119208523349,0.000331251527922,0.9038110000000004,9.700000000000004e-05
4072,607,dens_1619467922469494964,607,Density,<Substance CN1CCCCC1{solv}{x=0.790700}|O{solv}{x=0.209300}>,CN1CCCCC1,O,Protein-Null-0.0.3-Pair-NMR-1E4-Umbrella-1E3-4-AAQAA3-1E3-3-OPC3_opc3,1,0.8378859993132924,0.0001944889970121,0.8260470000000002,0.000108
4073,608,dens_1725290505257505407,608,Density,<Substance CN1CCCCC1{solv}{x=0.505000}|O{solv}{x=0.495000}>,CN1CCCCC1,O,Protein-Null-0.0.3-Pair-NMR-1E4-Umbrella-1E3-4-AAQAA3-1E3-3-OPC3_opc3,1,0.8619309541296833,0.0002659522583256,0.8581580000000002,9.450000000000002e-05
4074,609,dhmix_344305070199657817,609,EnthalpyOfMixing,<Substance CC(C)CC(C)(C)C{solv}{x=0.200300}|CCCO{solv}{x=0.799700}>,CC(C)CC(C)(C)C,CCCO,Protein-Null-0.0.3-Pair-NMR-1E4-Umbrella-1E3-4-AAQAA3-1E3-3-OPC3_opc3,1,0.5247673449711172,0.0346509588108766,0.308,0.0055
4075,610,dens_1020839744665732433,610,Density,<Substance CC(C)CC(C)(C)C{solv}{x=0.200100}|CCCO{solv}{x=0.799900}>,CC(C)CC(C)(C)C,CCCO,Protein-Null-0.0.3-Pair-NMR-1E4-Umbrella-1E3-4-AAQAA3-1E3-3-OPC3_opc3,1,0.7585009791229281,0.000280584161506,0.7589500000000002,0.00029
4076,611,dens_1348847431810734601,611,Density,<Substance CC(C)CC(C)(C)C{solv}{x=0.700000}|CCCO{solv}{x=0.300000}>,CC(C)CC(C)(C)C,CCCO,Protein-Null-0.0.3-Pair-NMR-1E4-Umbrella-1E3-4-AAQAA3-1E3-3-OPC3_opc3,1,0.7164586527619624,0.0001649730225762,0.7046500000000001,0.00028
4077,612,dhmix_1376194238727172922,612,EnthalpyOfMixing,<Substance CC(C)CC(C)(C)C{solv}{x=0.499800}|CCCO{solv}{x=0.500200}>,CC(C)CC(C)(C)C,CCCO,Protein-Null-0.0.3-Pair-NMR-1E4-Umbrella-1E3-4-AAQAA3-1E3-3-OPC3_opc3,1,0.8340153736294127,0.0414884213812422,0.6025,0.0027
4078,613,dhmix_1868873434415785592,613,EnthalpyOfMixing,<Substance CC(C)CC(C)(C)C{solv}{x=0.699900}|CCCO{solv}{x=0.300100}>,CC(C)CC(C)(C)C,CCCO,Protein-Null-0.0.3-Pair-NMR-1E4-Umbrella-1E3-4-AAQAA3-1E3-3-OPC3_opc3,1,0.8740836508273162,0.0488390319934047,0.6544,0.0029
4079,614,dens_1870552320710773195,614,Density,<Substance CC(C)CC(C)(C)C{solv}{x=0.500000}|CCCO{solv}{x=0.500000}>,CC(C)CC(C)(C)C,CCCO,Protein-Null-0.0.3-Pair-NMR-1E4-Umbrella-1E3-4-AAQAA3-1E3-3-OPC3_opc3,1,0.7287956286938276,0.0001846556311648,0.7214400000000002,0.00028
4080,615,dens_344701479262570906,615,Density,<Substance C1CCOCC1{solv}{x=0.246100}|Cc1cccnc1{solv}{x=0.753900}>,C1CCOCC1,Cc1cccnc1,Protein-Null-0.0.3-Pair-NMR-1E4-Umbrella-1E3-4-AAQAA3-1E3-3-OPC3_opc3,1,0.923205108447234,0.0002451731353264,0.9348570000000002,0.0004915
4081,616,dhmix_772935681699310364,616,EnthalpyOfMixing,<Substance C1CCOCC1{solv}{x=0.480300}|Cc1cccnc1{solv}{x=0.519700}>,C1CCOCC1,Cc1cccnc1,Protein-Null-0.0.3-Pair-NMR-1E4-Umbrella-1E3-4-AAQAA3-1E3-3-OPC3_opc3,1,0.0669503577539885,0.0422864174645237,0.1271,0.00115
4082,617,dens_1179184695460672925,617,Density,<Substance C1CCOCC1{solv}{x=0.756800}|Cc1cccnc1{solv}{x=0.243200}>,C1CCOCC1,Cc1cccnc1,Protein-Null-0.0.3-Pair-NMR-1E4-Umbrella-1E3-4-AAQAA3-1E3-3-OPC3_opc3,1,0.8860696689227002,0.0002213731021724,0.8976640000000002,0.0004655
4083,618,dens_1273033541520518804,618,Density,<Substance C1CCOCC1{solv}{x=0.482700}|Cc1cccnc1{solv}{x=0.517300}>,C1CCOCC1,Cc1cccnc1,Protein-Null-0.0.3-Pair-NMR-1E4-Umbrella-1E3-4-AAQAA3-1E3-3-OPC3_opc3,1,0.9058461468196198,0.0002496516543782,0.9179640000000002,0.00048
4084,619,dhmix_1594947441282636711,619,EnthalpyOfMixing,<Substance C1CCOCC1{solv}{x=0.735500}|Cc1cccnc1{solv}{x=0.264500}>,C1CCOCC1,Cc1cccnc1,Protein-Null-0.0.3-Pair-NMR-1E4-Umbrella-1E3-4-AAQAA3-1E3-3-OPC3_opc3,1,-0.0599463859389288,0.0430191982685517,0.0924,0.00095
4085,620,dhmix_2075643137470349800,620,EnthalpyOfMixing,<Substance C1CCOCC1{solv}{x=0.273200}|Cc1cccnc1{solv}{x=0.726800}>,C1CCOCC1,Cc1cccnc1,Protein-Null-0.0.3-Pair-NMR-1E4-Umbrella-1E3-4-AAQAA3-1E3-3-OPC3_opc3,1,0.1422030936549276,0.0418278023604079,0.1036,0.001
4086,621,dhmix_346841872844739570,621,EnthalpyOfMixing,<Substance CC#N{solv}{x=0.700700}|CCOC(C)(C)C{solv}{x=0.299300}>,CC#N,CCOC(C)(C)C,Protein-Null-0.0.3-Pair-NMR-1E4-Umbrella-1E3-4-AAQAA3-1E3-3-OPC3_opc3,1,0.1865622197772136,0.0312798647308508,0.6176,0.0084
4087,622,dhmix_840136828933604757,622,EnthalpyOfMixing,<Substance CC#N{solv}{x=0.199000}|CCOC(C)(C)C{solv}{x=0.801000}>,CC#N,CCOC(C)(C)C,Protein-Null-0.0.3-Pair-NMR-1E4-Umbrella-1E3-4-AAQAA3-1E3-3-OPC3_opc3,1,0.0918429742091753,0.0474004082125842,0.4418,0.006
4088,623,dhmix_1934525864391020215,623,EnthalpyOfMixing,<Substance CC#N{solv}{x=0.501600}|CCOC(C)(C)C{solv}{x=0.498400}>,CC#N,CCOC(C)(C)C,Protein-Null-0.0.3-Pair-NMR-1E4-Umbrella-1E3-4-AAQAA3-1E3-3-OPC3_opc3,1,0.2443522010070842,0.0390903943193914,0.7098,0.00965
4089,624,dens_1954735606040559695,624,Density,<Substance CC#N{solv}{x=0.700700}|CCOC(C)(C)C{solv}{x=0.299300}>,CC#N,CCOC(C)(C)C,Protein-Null-0.0.3-Pair-NMR-1E4-Umbrella-1E3-4-AAQAA3-1E3-3-OPC3_opc3,1,0.768266536424349,0.0002412274037965,0.7595000000000002,0.00045
4090,625,dens_2173310521496796694,625,Density,<Substance CC#N{solv}{x=0.501600}|CCOC(C)(C)C{solv}{x=0.498400}>,CC#N,CCOC(C)(C)C,Protein-Null-0.0.3-Pair-NMR-1E4-Umbrella-1E3-4-AAQAA3-1E3-3-OPC3_opc3,1,0.7621757720243849,0.0002374952599485,0.7510000000000002,0.00035
4091,626,dens_2235331649530959984,626,Density,<Substance CC#N{solv}{x=0.199000}|CCOC(C)(C)C{solv}{x=0.801000}>,CC#N,CCOC(C)(C)C,Protein-Null-0.0.3-Pair-NMR-1E4-Umbrella-1E3-4-AAQAA3-1E3-3-OPC3_opc3,1,0.754191821411866,0.0002175900442984,0.7408000000000001,0.00015
4092,627,dhmix_355078149157572999,627,EnthalpyOfMixing,<Substance OCCOCCO{solv}{x=0.790600}|O{solv}{x=0.209400}>,O,OCCOCCO,Protein-Null-0.0.3-Pair-NMR-1E4-Umbrella-1E3-4-AAQAA3-1E3-3-OPC3_opc3,1,-0.475201710799908,0.0409574902510309,-0.521,0.003
4093,628,dhmix_514261244195159379,628,EnthalpyOfMixing,<Substance OCCOCCO{solv}{x=0.300400}|O{solv}{x=0.699600}>,O,OCCOCCO,Protein-Null-0.0.3-Pair-NMR-1E4-Umbrella-1E3-4-AAQAA3-1E3-3-OPC3_opc3,1,-0.359276072376999,0.0434835634412846,-1.245,0.0065
4094,629,dhmix_1512634639127890343,629,EnthalpyOfMixing,<Substance OCCOCCO{solv}{x=0.501000}|O{solv}{x=0.499000}>,O,OCCOCCO,Protein-Null-0.0.3-Pair-NMR-1E4-Umbrella-1E3-4-AAQAA3-1E3-3-OPC3_opc3,1,-0.3061370504146907,0.0401707827680962,-1.149,0.0065
4095,630,dens_1532732041743097130,630,Density,<Substance OCCOCCO{solv}{x=0.500600}|O{solv}{x=0.499400}>,O,OCCOCCO,Protein-Null-0.0.3-Pair-NMR-1E4-Umbrella-1E3-4-AAQAA3-1E3-3-OPC3_opc3,1,1.1064736555580643,0.0005360802451289,1.1070700000000002,0.00026
4096,631,dens_1948924545926470959,631,Density,<Substance OCCOCCO{solv}{x=0.700300}|O{solv}{x=0.299700}>,O,OCCOCCO,Protein-Null-0.0.3-Pair-NMR-1E4-Umbrella-1E3-4-AAQAA3-1E3-3-OPC3_opc3,1,1.113908392140549,0.0003472077953295,1.1111900000000003,0.000285
4097,632,dens_2114974877291939954,632,Density,<Substance OCCOCCO{solv}{x=0.301000}|O{solv}{x=0.699000}>,O,OCCOCCO,Protein-Null-0.0.3-Pair-NMR-1E4-Umbrella-1E3-4-AAQAA3-1E3-3-OPC3_opc3,1,1.0944202188278802,0.0003478813597644,1.0958900000000005,0.000305
4098,633,dhmix_355690558520209737,633,EnthalpyOfMixing,<Substance CC(C)CC(C)(C)C{solv}{x=0.774800}|CC(C)OC(C)C{solv}{x=0.225200}>,CC(C)CC(C)(C)C,CC(C)OC(C)C,Protein-Null-0.0.3-Pair-NMR-1E4-Umbrella-1E3-4-AAQAA3-1E3-3-OPC3_opc3,1,0.3449836877785799,0.0510253089660538,0.132161,0.001556
4099,634,dens_706481868145479619,634,Density,<Substance CC(C)CC(C)(C)C{solv}{x=0.250000}|CC(C)OC(C)C{solv}{x=0.750000}>,CC(C)CC(C)(C)C,CC(C)OC(C)C,Protein-Null-0.0.3-Pair-NMR-1E4-Umbrella-1E3-4-AAQAA3-1E3-3-OPC3_opc3,1,0.7279886665073043,0.0002237763744948,0.7090800000000002,0.000155
4100,635,dens_960755156711549154,635,Density,<Substance CC(C)CC(C)(C)C{solv}{x=0.750000}|CC(C)OC(C)C{solv}{x=0.250000}>,CC(C)CC(C)(C)C,CC(C)OC(C)C,Protein-Null-0.0.3-Pair-NMR-1E4-Umbrella-1E3-4-AAQAA3-1E3-3-OPC3_opc3,1,0.7100793259083638,0.0001912898715766,0.6937500000000002,0.000155
4101,636,dens_1165117582450092341,636,Density,<Substance CC(C)CC(C)(C)C{solv}{x=0.500900}|CC(C)OC(C)C{solv}{x=0.499100}>,CC(C)CC(C)(C)C,CC(C)OC(C)C,Protein-Null-0.0.3-Pair-NMR-1E4-Umbrella-1E3-4-AAQAA3-1E3-3-OPC3_opc3,1,0.7179617875542864,0.0002422629976645,0.7005900000000002,0.000105
4102,637,dhmix_1819714300540494359,637,EnthalpyOfMixing,<Substance CC(C)CC(C)(C)C{solv}{x=0.512500}|CC(C)OC(C)C{solv}{x=0.487500}>,CC(C)CC(C)(C)C,CC(C)OC(C)C,Protein-Null-0.0.3-Pair-NMR-1E4-Umbrella-1E3-4-AAQAA3-1E3-3-OPC3_opc3,1,0.510648538041707,0.0480444773303533,0.197047,0.002233
4103,638,dhmix_2031984064821599856,638,EnthalpyOfMixing,<Substance CC(C)CC(C)(C)C{solv}{x=0.269300}|CC(C)OC(C)C{solv}{x=0.730700}>,CC(C)CC(C)(C)C,CC(C)OC(C)C,Protein-Null-0.0.3-Pair-NMR-1E4-Umbrella-1E3-4-AAQAA3-1E3-3-OPC3_opc3,1,0.4127928338881759,0.0497128532178743,0.158983,0.0018345
4104,639,dens_357198687829738077,639,Density,<Substance C1CCOCC1{solv}{x=0.223500}|CCCCCC(C)=O{solv}{x=0.776500}>,C1CCOCC1,CCCCCC(C)=O,Protein-Null-0.0.3-Pair-NMR-1E4-Umbrella-1E3-4-AAQAA3-1E3-3-OPC3_opc3,1,0.8067559441899528,0.0001980686982556,0.8221200000000002,0.000375
4105,640,dens_1074719884132299485,640,Density,<Substance C1CCOCC1{solv}{x=0.516600}|CCCCCC(C)=O{solv}{x=0.483400}>,C1CCOCC1,CCCCCC(C)=O,Protein-Null-0.0.3-Pair-NMR-1E4-Umbrella-1E3-4-AAQAA3-1E3-3-OPC3_opc3,1,0.8250621566959995,0.0001969831252292,0.8396100000000002,0.00032
4106,641,dens_1427208283653313137,641,Density,<Substance C1CCOCC1{solv}{x=0.710100}|CCCCCC(C)=O{solv}{x=0.289900}>,C1CCOCC1,CCCCCC(C)=O,Protein-Null-0.0.3-Pair-NMR-1E4-Umbrella-1E3-4-AAQAA3-1E3-3-OPC3_opc3,1,0.8393546088791998,0.0002306842215759,0.8534200000000002,0.000285
4107,642,dhmix_1485904869507380555,642,EnthalpyOfMixing,<Substance C1CCOCC1{solv}{x=0.500000}|CCCCCC(C)=O{solv}{x=0.500000}>,C1CCOCC1,CCCCCC(C)=O,Protein-Null-0.0.3-Pair-NMR-1E4-Umbrella-1E3-4-AAQAA3-1E3-3-OPC3_opc3,1,0.2695331160828473,0.0416600895668853,0.05773,0.000615
4108,643,dhmix_1931504734279468677,643,EnthalpyOfMixing,<Substance C1CCOCC1{solv}{x=0.250000}|CCCCCC(C)=O{solv}{x=0.750000}>,C1CCOCC1,CCCCCC(C)=O,Protein-Null-0.0.3-Pair-NMR-1E4-Umbrella-1E3-4-AAQAA3-1E3-3-OPC3_opc3,1,-0.0370646180440559,0.0491562679478191,0.03429,0.00053
4109,644,dhmix_2296263041755700053,644,EnthalpyOfMixing,<Substance C1CCOCC1{solv}{x=0.750000}|CCCCCC(C)=O{solv}{x=0.250000}>,C1CCOCC1,CCCCCC(C)=O,Protein-Null-0.0.3-Pair-NMR-1E4-Umbrella-1E3-4-AAQAA3-1E3-3-OPC3_opc3,1,0.172739653729181,0.0442006451613973,0.05587,0.00061
4110,645,dhmix_357499987240135169,645,EnthalpyOfMixing,<Substance CCCCC{solv}{x=0.772700}|CCCCOC=O{solv}{x=0.227300}>,CCCCC,CCCCOC=O,Protein-Null-0.0.3-Pair-NMR-1E4-Umbrella-1E3-4-AAQAA3-1E3-3-OPC3_opc3,1,1.188655344114963,0.0373498412147769,0.87,0.004
4111,646,dens_435201289177646286,646,Density,<Substance CCCCC{solv}{x=0.504200}|CCCCOC=O{solv}{x=0.495800}>,CCCCC,CCCCOC=O,Protein-Null-0.0.3-Pair-NMR-1E4-Umbrella-1E3-4-AAQAA3-1E3-3-OPC3_opc3,1,0.7487863663046125,0.0002523126609372,0.7523000000000001,0.00024
4112,647,dens_635752291929824010,647,Density,<Substance CCCCC{solv}{x=0.699000}|CCCCOC=O{solv}{x=0.301000}>,CCCCC,CCCCOC=O,Protein-Null-0.0.3-Pair-NMR-1E4-Umbrella-1E3-4-AAQAA3-1E3-3-OPC3_opc3,1,0.6895114885167328,0.0002529827012942,0.6994600000000002,0.00018
4113,648,dhmix_869493303716364153,648,EnthalpyOfMixing,<Substance CCCCC{solv}{x=0.490500}|CCCCOC=O{solv}{x=0.509500}>,CCCCC,CCCCOC=O,Protein-Null-0.0.3-Pair-NMR-1E4-Umbrella-1E3-4-AAQAA3-1E3-3-OPC3_opc3,1,1.2289602224467586,0.0344980923013061,0.959,0.004
4114,649,dhmix_1188548276416925178,649,EnthalpyOfMixing,<Substance CCCCC{solv}{x=0.246000}|CCCCOC=O{solv}{x=0.754000}>,CCCCC,CCCCOC=O,Protein-Null-0.0.3-Pair-NMR-1E4-Umbrella-1E3-4-AAQAA3-1E3-3-OPC3_opc3,1,0.9327243902476284,0.0473757404676677,0.632,0.003
4115,650,dens_1944800378076074966,650,Density,<Substance CCCCC{solv}{x=0.247100}|CCCCOC=O{solv}{x=0.752900}>,CCCCC,CCCCOC=O,Protein-Null-0.0.3-Pair-NMR-1E4-Umbrella-1E3-4-AAQAA3-1E3-3-OPC3_opc3,1,0.8254804832287448,0.0001663813207662,0.8221800000000001,0.000375
4116,651,dhmix_357740737126275220,651,EnthalpyOfMixing,<Substance CC(=O)N(C)C{solv}{x=0.212000}|CCCCCl{solv}{x=0.788000}>,CC(=O)N(C)C,CCCCCl,Protein-Null-0.0.3-Pair-NMR-1E4-Umbrella-1E3-4-AAQAA3-1E3-3-OPC3_opc3,1,0.4219739865783296,0.0426452246509349,0.244,0.0025
4117,652,dens_563556088097831353,652,Density,<Substance CC(=O)N(C)C{solv}{x=0.499000}|CCCCCl{solv}{x=0.501000}>,CC(=O)N(C)C,CCCCCl,Protein-Null-0.0.3-Pair-NMR-1E4-Umbrella-1E3-4-AAQAA3-1E3-3-OPC3_opc3,1,0.8793969690915229,0.0002637702298808,0.9081000000000002,0.0002
4118,653,dens_1083232356130752567,653,Density,<Substance CC(=O)N(C)C{solv}{x=0.799700}|CCCCCl{solv}{x=0.200300}>,CC(=O)N(C)C,CCCCCl,Protein-Null-0.0.3-Pair-NMR-1E4-Umbrella-1E3-4-AAQAA3-1E3-3-OPC3_opc3,1,0.8914206889647882,0.0002574097084779,0.9247000000000004,0.0002
4119,654,dhmix_1487887746912587509,654,EnthalpyOfMixing,<Substance CC(=O)N(C)C{solv}{x=0.708000}|CCCCCl{solv}{x=0.292000}>,CC(=O)N(C)C,CCCCCl,Protein-Null-0.0.3-Pair-NMR-1E4-Umbrella-1E3-4-AAQAA3-1E3-3-OPC3_opc3,1,0.562603062280763,0.0420375687810253,0.305,0.0025
4120,655,dens_1662749398344255132,655,Density,<Substance CC(=O)N(C)C{solv}{x=0.210500}|CCCCCl{solv}{x=0.789500}>,CC(=O)N(C)C,CCCCCl,Protein-Null-0.0.3-Pair-NMR-1E4-Umbrella-1E3-4-AAQAA3-1E3-3-OPC3_opc3,1,0.865807386754733,0.0003353269229153,0.8918000000000001,0.0002
4121,656,dhmix_2085343422065298965,656,EnthalpyOfMixing,<Substance CC(=O)N(C)C{solv}{x=0.511000}|CCCCCl{solv}{x=0.489000}>,CC(=O)N(C)C,CCCCCl,Protein-Null-0.0.3-Pair-NMR-1E4-Umbrella-1E3-4-AAQAA3-1E3-3-OPC3_opc3,1,0.5770758981107207,0.0416496673372304,0.363,0.0025
4122,657,dhmix_359626193748497849,657,EnthalpyOfMixing,<Substance C1CCOCC1{solv}{x=0.750000}|O=C1CCCCC1{solv}{x=0.250000}>,C1CCOCC1,O=C1CCCCC1,Protein-Null-0.0.3-Pair-NMR-1E4-Umbrella-1E3-4-AAQAA3-1E3-3-OPC3_opc3,1,0.1104258092299446,0.0397764237966422,0.07698,0.00069
4123,658,dhmix_709905971434026360,658,EnthalpyOfMixing,<Substance C1CCOCC1{solv}{x=0.250000}|O=C1CCCCC1{solv}{x=0.750000}>,C1CCOCC1,O=C1CCCCC1,Protein-Null-0.0.3-Pair-NMR-1E4-Umbrella-1E3-4-AAQAA3-1E3-3-OPC3_opc3,1,0.013991522335651,0.0432642934196493,0.05827,0.00062
4124,659,dens_996263306280392228,659,Density,<Substance C1CCOCC1{solv}{x=0.500900}|O=C1CCCCC1{solv}{x=0.499100}>,C1CCOCC1,O=C1CCCCC1,Protein-Null-0.0.3-Pair-NMR-1E4-Umbrella-1E3-4-AAQAA3-1E3-3-OPC3_opc3,1,0.8931437411038945,0.0002616210022782,0.9160300000000002,0.000505
4125,660,dens_1296485655493191092,660,Density,<Substance C1CCOCC1{solv}{x=0.247100}|O=C1CCCCC1{solv}{x=0.752900}>,C1CCOCC1,O=C1CCCCC1,Protein-Null-0.0.3-Pair-NMR-1E4-Umbrella-1E3-4-AAQAA3-1E3-3-OPC3_opc3,1,0.905348520828138,0.0001880040317839,0.9305900000000004,0.000505
4126,661,dhmix_1617652800437548554,661,EnthalpyOfMixing,<Substance C1CCOCC1{solv}{x=0.500000}|O=C1CCCCC1{solv}{x=0.500000}>,C1CCOCC1,O=C1CCCCC1,Protein-Null-0.0.3-Pair-NMR-1E4-Umbrella-1E3-4-AAQAA3-1E3-3-OPC3_opc3,1,0.0517187254188726,0.0420427034206906,0.08658,0.000725
4127,662,dens_2134919398794801459,662,Density,<Substance C1CCOCC1{solv}{x=0.738900}|O=C1CCCCC1{solv}{x=0.261100}>,C1CCOCC1,O=C1CCCCC1,Protein-Null-0.0.3-Pair-NMR-1E4-Umbrella-1E3-4-AAQAA3-1E3-3-OPC3_opc3,1,0.8813870578224323,0.0001716281446034,0.9000800000000002,0.000505
4128,663,dens_371429494256072686,663,Density,<Substance COC=O{solv}{x=0.513800}|ClCCCCl{solv}{x=0.486200}>,COC=O,ClCCCCl,Protein-Null-0.0.3-Pair-NMR-1E4-Umbrella-1E3-4-AAQAA3-1E3-3-OPC3_opc3,1,1.0886338813259675,0.0003892847836622,1.08831,0.00025
4129,664,dens_416463243686186519,664,Density,<Substance COC=O{solv}{x=0.738400}|ClCCCCl{solv}{x=0.261600}>,COC=O,ClCCCCl,Protein-Null-0.0.3-Pair-NMR-1E4-Umbrella-1E3-4-AAQAA3-1E3-3-OPC3_opc3,1,1.0501169461079796,0.0003283577298746,1.03754,0.0002
4130,665,dhmix_573570621261992547,665,EnthalpyOfMixing,<Substance COC=O{solv}{x=0.767400}|ClCCCCl{solv}{x=0.232600}>,COC=O,ClCCCCl,Protein-Null-0.0.3-Pair-NMR-1E4-Umbrella-1E3-4-AAQAA3-1E3-3-OPC3_opc3,1,0.6464628158527743,0.0256818169339876,0.2841,0.0015
4131,666,dens_1665007650151393058,666,Density,<Substance COC=O{solv}{x=0.244000}|ClCCCCl{solv}{x=0.756000}>,COC=O,ClCCCCl,Protein-Null-0.0.3-Pair-NMR-1E4-Umbrella-1E3-4-AAQAA3-1E3-3-OPC3_opc3,1,1.125782680107518,0.0003535851729393,1.1395000000000002,0.0003
4132,667,dhmix_2050640017895200777,667,EnthalpyOfMixing,<Substance COC=O{solv}{x=0.502400}|ClCCCCl{solv}{x=0.497600}>,COC=O,ClCCCCl,Protein-Null-0.0.3-Pair-NMR-1E4-Umbrella-1E3-4-AAQAA3-1E3-3-OPC3_opc3,1,0.8127286873423749,0.0336052981727099,0.3503,0.00175
4133,668,dhmix_2121310957223924646,668,EnthalpyOfMixing,<Substance COC=O{solv}{x=0.202400}|ClCCCCl{solv}{x=0.797600}>,COC=O,ClCCCCl,Protein-Null-0.0.3-Pair-NMR-1E4-Umbrella-1E3-4-AAQAA3-1E3-3-OPC3_opc3,1,0.577278383972093,0.0353603364697766,0.2064,0.0012
4134,669,dens_380799246642881225,669,Density,<Substance Cc1ccncc1{solv}{x=0.500000}|O{solv}{x=0.500000}>,Cc1ccncc1,O,Protein-Null-0.0.3-Pair-NMR-1E4-Umbrella-1E3-4-AAQAA3-1E3-3-OPC3_opc3,1,0.9538201403340908,0.00029121792596,0.9704000000000004,0.0005
4135,670,dens_1024460369591354985,670,Density,<Substance Cc1ccncc1{solv}{x=0.225000}|O{solv}{x=0.775000}>,Cc1ccncc1,O,Protein-Null-0.0.3-Pair-NMR-1E4-Umbrella-1E3-4-AAQAA3-1E3-3-OPC3_opc3,1,0.9655137789642736,0.000359271906479,0.9848000000000002,0.0004
4136,671,dens_1867704914487230306,671,Density,<Substance Cc1ccncc1{solv}{x=0.750000}|O{solv}{x=0.250000}>,Cc1ccncc1,O,Protein-Null-0.0.3-Pair-NMR-1E4-Umbrella-1E3-4-AAQAA3-1E3-3-OPC3_opc3,1,0.947948658942571,0.0002536446511245,0.9614000000000004,0.0004
4137,672,dhmix_396839331496923568,672,EnthalpyOfMixing,<Substance CCCOC(=O)CC{solv}{x=0.237600}|ClCCCl{solv}{x=0.762400}>,CCCOC(=O)CC,ClCCCl,Protein-Null-0.0.3-Pair-NMR-1E4-Umbrella-1E3-4-AAQAA3-1E3-3-OPC3_opc3,1,-0.1990928113229486,0.0298429305292774,-0.317,0.0035
4138,673,dens_1025242301432619836,673,Density,<Substance CCCOC(=O)CC{solv}{x=0.518800}|ClCCCl{solv}{x=0.481200}>,CCCOC(=O)CC,ClCCCl,Protein-Null-0.0.3-Pair-NMR-1E4-Umbrella-1E3-4-AAQAA3-1E3-3-OPC3_opc3,1,0.9935245719037488,0.0003061202408391,1.0064000000000002,0.000905
4139,674,dens_1654149510571748883,674,Density,<Substance CCCOC(=O)CC{solv}{x=0.731600}|ClCCCl{solv}{x=0.268400}>,CCCOC(=O)CC,ClCCCl,Protein-Null-0.0.3-Pair-NMR-1E4-Umbrella-1E3-4-AAQAA3-1E3-3-OPC3_opc3,1,0.9336803065150354,0.0002488327965294,0.9416300000000002,0.00041
4140,675,dens_1804016971158746429,675,Density,<Substance CCCOC(=O)CC{solv}{x=0.243700}|ClCCCl{solv}{x=0.756300}>,CCCOC(=O)CC,ClCCCl,Protein-Null-0.0.3-Pair-NMR-1E4-Umbrella-1E3-4-AAQAA3-1E3-3-OPC3_opc3,1,1.0884769522744353,0.000389138529319,1.11431,0.002155
4141,676,dhmix_1840109043188951916,676,EnthalpyOfMixing,<Substance CCCOC(=O)CC{solv}{x=0.517700}|ClCCCl{solv}{x=0.482300}>,CCCOC(=O)CC,ClCCCl,Protein-Null-0.0.3-Pair-NMR-1E4-Umbrella-1E3-4-AAQAA3-1E3-3-OPC3_opc3,1,-0.2872512696378742,0.0361085449637741,-0.557,0.006
4142,677,dhmix_1924188358781329171,677,EnthalpyOfMixing,<Substance CCCOC(=O)CC{solv}{x=0.787400}|ClCCCl{solv}{x=0.212600}>,CCCOC(=O)CC,ClCCCl,Protein-Null-0.0.3-Pair-NMR-1E4-Umbrella-1E3-4-AAQAA3-1E3-3-OPC3_opc3,1,-0.1633989034287637,0.0474195432953622,-0.357,0.004
4143,678,dhmix_408170436877433675,678,EnthalpyOfMixing,<Substance CCCCC{solv}{x=0.229800}|CCOC=O{solv}{x=0.770200}>,CCCCC,CCOC=O,Protein-Null-0.0.3-Pair-NMR-1E4-Umbrella-1E3-4-AAQAA3-1E3-3-OPC3_opc3,1,1.192197472330303,0.0326584577003523,1.016,0.0045
4144,679,dens_1159257310358090227,679,Density,<Substance CCCCC{solv}{x=0.748000}|CCOC=O{solv}{x=0.252000}>,CCCCC,CCOC=O,Protein-Null-0.0.3-Pair-NMR-1E4-Umbrella-1E3-4-AAQAA3-1E3-3-OPC3_opc3,1,0.661482492897781,0.0002502809833288,0.6707000000000002,0.000165
4145,680,dhmix_1897634982824334825,680,EnthalpyOfMixing,<Substance CCCCC{solv}{x=0.500100}|CCOC=O{solv}{x=0.499900}>,CCCCC,CCOC=O,Protein-Null-0.0.3-Pair-NMR-1E4-Umbrella-1E3-4-AAQAA3-1E3-3-OPC3_opc3,1,1.646827479927886,0.0401594679300781,1.354,0.0055
4146,681,dens_1931965346092446599,681,Density,<Substance CCCCC{solv}{x=0.504000}|CCOC=O{solv}{x=0.496000}>,CCCCC,CCOC=O,Protein-Null-0.0.3-Pair-NMR-1E4-Umbrella-1E3-4-AAQAA3-1E3-3-OPC3_opc3,1,0.7341516122066688,0.0002689755570322,0.7333000000000002,0.00024
4147,682,dens_2086304425324215507,682,Density,<Substance CCCCC{solv}{x=0.298000}|CCOC=O{solv}{x=0.702000}>,CCCCC,CCOC=O,Protein-Null-0.0.3-Pair-NMR-1E4-Umbrella-1E3-4-AAQAA3-1E3-3-OPC3_opc3,1,0.8076380275534355,0.0002887345467654,0.7971000000000003,0.000345
4148,683,dhmix_2117998354372981576,683,EnthalpyOfMixing,<Substance CCCCC{solv}{x=0.777900}|CCOC=O{solv}{x=0.222100}>,CCCCC,CCOC=O,Protein-Null-0.0.3-Pair-NMR-1E4-Umbrella-1E3-4-AAQAA3-1E3-3-OPC3_opc3,1,1.5021809137186182,0.0424331671664184,1.051,0.0045
4149,684,dens_415189671276159712,684,Density,<Substance NCCO{solv}{x=0.785350}|c1ccncc1{solv}{x=0.214650}>,NCCO,c1ccncc1,Protein-Null-0.0.3-Pair-NMR-1E4-Umbrella-1E3-4-AAQAA3-1E3-3-OPC3_opc3,1,1.0430681227635936,0.0001952906621067,1.002592,0.000101
4150,685,dhmix_607563797490786343,685,EnthalpyOfMixing,<Substance NCCO{solv}{x=0.559360}|c1ccncc1{solv}{x=0.440640}>,NCCO,c1ccncc1,Protein-Null-0.0.3-Pair-NMR-1E4-Umbrella-1E3-4-AAQAA3-1E3-3-OPC3_opc3,1,0.839132408738049,0.0366337811917812,0.824,0.0035
4151,686,dhmix_783614050589043390,686,EnthalpyOfMixing,<Substance NCCO{solv}{x=0.248120}|c1ccncc1{solv}{x=0.751880}>,NCCO,c1ccncc1,Protein-Null-0.0.3-Pair-NMR-1E4-Umbrella-1E3-4-AAQAA3-1E3-3-OPC3_opc3,1,0.952232037734546,0.0399520048505762,0.779,0.0035
4152,687,dens_907288549206652702,687,Density,<Substance NCCO{solv}{x=0.558640}|c1ccncc1{solv}{x=0.441360}>,NCCO,c1ccncc1,Protein-Null-0.0.3-Pair-NMR-1E4-Umbrella-1E3-4-AAQAA3-1E3-3-OPC3_opc3,1,1.0205478107306498,0.0002809365935427,0.9936870000000002,0.0001015
4153,688,dhmix_1092036220949585875,688,EnthalpyOfMixing,<Substance NCCO{solv}{x=0.746780}|c1ccncc1{solv}{x=0.253220}>,NCCO,c1ccncc1,Protein-Null-0.0.3-Pair-NMR-1E4-Umbrella-1E3-4-AAQAA3-1E3-3-OPC3_opc3,1,0.6483120697325546,0.0446218602330532,0.612,0.003
4154,689,dens_2278246591298089898,689,Density,<Substance NCCO{solv}{x=0.210010}|c1ccncc1{solv}{x=0.789990}>,NCCO,c1ccncc1,Protein-Null-0.0.3-Pair-NMR-1E4-Umbrella-1E3-4-AAQAA3-1E3-3-OPC3_opc3,1,0.9899436478121134,0.0002733667429796,0.9825660000000004,0.0001015
4155,690,dens_419188249264987147,690,Density,<Substance CCCCC(=O)OCC{solv}{x=0.492100}|CCOC(C)=O{solv}{x=0.507900}>,CCCCC(=O)OCC,CCOC(C)=O,Protein-Null-0.0.3-Pair-NMR-1E4-Umbrella-1E3-4-AAQAA3-1E3-3-OPC3_opc3,1,0.8832590336002177,0.0001924423527181,0.8787300000000002,0.00012
4156,691,dens_667714041205021070,691,Density,<Substance CCCCC(=O)OCC{solv}{x=0.304700}|CCOC(C)=O{solv}{x=0.695300}>,CCCCC(=O)OCC,CCOC(C)=O,Protein-Null-0.0.3-Pair-NMR-1E4-Umbrella-1E3-4-AAQAA3-1E3-3-OPC3_opc3,1,0.8905684207091211,0.0002267546036546,0.8836400000000002,0.00012
4157,692,dhmix_1137774316856842141,692,EnthalpyOfMixing,<Substance CCCCC(=O)OCC{solv}{x=0.737600}|CCOC(C)=O{solv}{x=0.262400}>,CCCCC(=O)OCC,CCOC(C)=O,Protein-Null-0.0.3-Pair-NMR-1E4-Umbrella-1E3-4-AAQAA3-1E3-3-OPC3_opc3,1,0.0014827394279288,0.0446662562740658,0.114,0.0015
4158,693,dhmix_1322441082145072072,693,EnthalpyOfMixing,<Substance CCCCC(=O)OCC{solv}{x=0.279900}|CCOC(C)=O{solv}{x=0.720100}>,CCCCC(=O)OCC,CCOC(C)=O,Protein-Null-0.0.3-Pair-NMR-1E4-Umbrella-1E3-4-AAQAA3-1E3-3-OPC3_opc3,1,0.1906853717592298,0.0427691508711981,0.139,0.0015
4159,694,dens_1682638395920841051,694,Density,<Substance CCCCC(=O)OCC{solv}{x=0.752600}|CCOC(C)=O{solv}{x=0.247400}>,CCCCC(=O)OCC,CCOC(C)=O,Protein-Null-0.0.3-Pair-NMR-1E4-Umbrella-1E3-4-AAQAA3-1E3-3-OPC3_opc3,1,0.8747716089299359,0.000197885670863,0.8732900000000001,0.00012
4160,695,dhmix_2161842751879945948,695,EnthalpyOfMixing,<Substance CCCCC(=O)OCC{solv}{x=0.519800}|CCOC(C)=O{solv}{x=0.480200}>,CCCCC(=O)OCC,CCOC(C)=O,Protein-Null-0.0.3-Pair-NMR-1E4-Umbrella-1E3-4-AAQAA3-1E3-3-OPC3_opc3,1,0.0967638855087908,0.0441600995597396,0.154,0.002
4161,696,dhmix_419593950323214290,696,EnthalpyOfMixing,<Substance CCCCCC(C)=O{solv}{x=0.780400}|CCN(CC)CC{solv}{x=0.219600}>,CCCCCC(C)=O,CCN(CC)CC,Protein-Null-0.0.3-Pair-NMR-1E4-Umbrella-1E3-4-AAQAA3-1E3-3-OPC3_opc3,1,0.2219191546820837,0.047888704070944,0.216,0.0025
4162,697,dens_651921010645567431,697,Density,<Substance CCCCCC(C)=O{solv}{x=0.259800}|CCN(CC)CC{solv}{x=0.740200}>,CCCCCC(C)=O,CCN(CC)CC,Protein-Null-0.0.3-Pair-NMR-1E4-Umbrella-1E3-4-AAQAA3-1E3-3-OPC3_opc3,1,0.7412182381731568,0.0002146849279939,0.7465820000000002,8.950000000000002e-05
4163,698,dens_995831511901627711,698,Density,<Substance CCCCCC(C)=O{solv}{x=0.748400}|CCN(CC)CC{solv}{x=0.251600}>,CCCCCC(C)=O,CCN(CC)CC,Protein-Null-0.0.3-Pair-NMR-1E4-Umbrella-1E3-4-AAQAA3-1E3-3-OPC3_opc3,1,0.7776512840688479,0.0001984383917173,0.7899410000000002,0.0001055
4164,699,dhmix_1001984601109558110,699,EnthalpyOfMixing,<Substance CCCCCC(C)=O{solv}{x=0.492000}|CCN(CC)CC{solv}{x=0.508000}>,CCCCCC(C)=O,CCN(CC)CC,Protein-Null-0.0.3-Pair-NMR-1E4-Umbrella-1E3-4-AAQAA3-1E3-3-OPC3_opc3,1,0.4034771985157235,0.0455854034889846,0.419,0.0045
4165,700,dens_1887829851815986883,700,Density,<Substance CCCCCC(C)=O{solv}{x=0.503200}|CCN(CC)CC{solv}{x=0.496800}>,CCCCCC(C)=O,CCN(CC)CC,Protein-Null-0.0.3-Pair-NMR-1E4-Umbrella-1E3-4-AAQAA3-1E3-3-OPC3_opc3,1,0.7597720874259887,0.0001997733741991,0.7684760000000002,9.800000000000002e-05
4166,701,dhmix_2085744568401562111,701,EnthalpyOfMixing,<Substance CCCCCC(C)=O{solv}{x=0.293900}|CCN(CC)CC{solv}{x=0.706100}>,CCCCCC(C)=O,CCN(CC)CC,Protein-Null-0.0.3-Pair-NMR-1E4-Umbrella-1E3-4-AAQAA3-1E3-3-OPC3_opc3,1,0.2956959110083801,0.0487691131018877,0.412,0.0045
4167,702,dens_436049638479549968,702,Density,<Substance COC=O{solv}{x=0.472500}|ClCCCl{solv}{x=0.527500}>,COC=O,ClCCCl,Protein-Null-0.0.3-Pair-NMR-1E4-Umbrella-1E3-4-AAQAA3-1E3-3-OPC3_opc3,1,1.1186252877931318,0.0004123668124362,1.1269600000000004,0.000285
4168,703,dens_627145458965592302,703,Density,<Substance COC=O{solv}{x=0.753000}|ClCCCl{solv}{x=0.247000}>,COC=O,ClCCCl,Protein-Null-0.0.3-Pair-NMR-1E4-Umbrella-1E3-4-AAQAA3-1E3-3-OPC3_opc3,1,1.058181862441537,0.0003457679977595,1.0461600000000004,0.000205
4169,704,dhmix_731680623269260416,704,EnthalpyOfMixing,<Substance COC=O{solv}{x=0.250800}|ClCCCl{solv}{x=0.749200}>,COC=O,ClCCCl,Protein-Null-0.0.3-Pair-NMR-1E4-Umbrella-1E3-4-AAQAA3-1E3-3-OPC3_opc3,1,0.6246592934496658,0.0290019104288064,0.0793,0.0007
4170,705,dens_1488543630772933598,705,Density,<Substance COC=O{solv}{x=0.279500}|ClCCCl{solv}{x=0.720500}>,COC=O,ClCCCl,Protein-Null-0.0.3-Pair-NMR-1E4-Umbrella-1E3-4-AAQAA3-1E3-3-OPC3_opc3,1,1.1521364852575016,0.0004594953310187,1.1777100000000005,0.00034
4171,706,dhmix_2170321998768851974,706,EnthalpyOfMixing,<Substance COC=O{solv}{x=0.732200}|ClCCCl{solv}{x=0.267800}>,COC=O,ClCCCl,Protein-Null-0.0.3-Pair-NMR-1E4-Umbrella-1E3-4-AAQAA3-1E3-3-OPC3_opc3,1,0.5818126308281977,0.0337266777741972,0.0733,0.00065
4172,707,dhmix_2249001225536869896,707,EnthalpyOfMixing,<Substance COC=O{solv}{x=0.487400}|ClCCCl{solv}{x=0.512600}>,COC=O,ClCCCl,Protein-Null-0.0.3-Pair-NMR-1E4-Umbrella-1E3-4-AAQAA3-1E3-3-OPC3_opc3,1,0.7821468782739496,0.0318603210743818,0.1028,0.0008
4173,708,dhmix_442816374747487477,708,EnthalpyOfMixing,<Substance NCCCNCCCN{solv}{x=0.801500}|O{solv}{x=0.198500}>,NCCCNCCCN,O,Protein-Null-0.0.3-Pair-NMR-1E4-Umbrella-1E3-4-AAQAA3-1E3-3-OPC3_opc3,1,-0.9670819661192196,0.0584465349559409,-2.233,0.024
4174,709,dhmix_1795382205757805615,709,EnthalpyOfMixing,<Substance NCCCNCCCN{solv}{x=0.300500}|O{solv}{x=0.699500}>,NCCCNCCCN,O,Protein-Null-0.0.3-Pair-NMR-1E4-Umbrella-1E3-4-AAQAA3-1E3-3-OPC3_opc3,1,-4.834715229446161,0.027574623021611,-6.588,0.07
4175,710,dhmix_1814950732748396893,710,EnthalpyOfMixing,<Substance NCCCNCCCN{solv}{x=0.499800}|O{solv}{x=0.500200}>,NCCCNCCCN,O,Protein-Null-0.0.3-Pair-NMR-1E4-Umbrella-1E3-4-AAQAA3-1E3-3-OPC3_opc3,1,-4.373706512205423,0.0363475738157084,-5.544,0.059
4176,711,dhmix_446869196417408130,711,EnthalpyOfMixing,<Substance NCCNCCO{solv}{x=0.770000}|O{solv}{x=0.230000}>,NCCNCCO,O,Protein-Null-0.0.3-Pair-NMR-1E4-Umbrella-1E3-4-AAQAA3-1E3-3-OPC3_opc3,1,-1.5668618130462306,0.03483121311555,-1.711,0.035
4177,712,dhmix_673839467313503071,712,EnthalpyOfMixing,<Substance NCCNCCO{solv}{x=0.069900}|O{solv}{x=0.930100}>,NCCNCCO,O,Protein-Null-0.0.3-Pair-NMR-1E4-Umbrella-1E3-4-AAQAA3-1E3-3-OPC3_opc3,1,-1.077834864564604,0.0230942996460743,-1.713,0.035
4178,713,dens_688094438561771555,713,Density,<Substance NCCNCCO{solv}{x=0.799700}|O{solv}{x=0.200300}>,NCCNCCO,O,Protein-Null-0.0.3-Pair-NMR-1E4-Umbrella-1E3-4-AAQAA3-1E3-3-OPC3_opc3,1,1.0802795895634236,0.0001691781729618,1.0318300000000002,0.00024
4179,714,dhmix_1682883323293489147,714,EnthalpyOfMixing,<Substance NCCNCCO{solv}{x=0.400100}|O{solv}{x=0.599900}>,NCCNCCO,O,Protein-Null-0.0.3-Pair-NMR-1E4-Umbrella-1E3-4-AAQAA3-1E3-3-OPC3_opc3,1,-2.840714468827244,0.0399988441235827,-4.15,0.0845
4180,715,dens_2045176885611624977,715,Density,<Substance NCCNCCO{solv}{x=0.070000}|O{solv}{x=0.930000}>,NCCNCCO,O,Protein-Null-0.0.3-Pair-NMR-1E4-Umbrella-1E3-4-AAQAA3-1E3-3-OPC3_opc3,1,1.0353039478771535,0.0002750441309235,1.0222800000000003,0.000125
4181,716,dens_2280714043292214506,716,Density,<Substance NCCNCCO{solv}{x=0.399700}|O{solv}{x=0.600300}>,NCCNCCO,O,Protein-Null-0.0.3-Pair-NMR-1E4-Umbrella-1E3-4-AAQAA3-1E3-3-OPC3_opc3,1,1.0707605730731822,0.0006033114018641,1.0370100000000002,0.00017
4182,717,dens_448105363780466270,717,Density,<Substance CCCCCCCl{solv}{x=0.498300}|CN(C)C=O{solv}{x=0.501700}>,CCCCCCCl,CN(C)C=O,Protein-Null-0.0.3-Pair-NMR-1E4-Umbrella-1E3-4-AAQAA3-1E3-3-OPC3_opc3,1,0.8788553634314193,0.0002714728221666,0.8974000000000002,0.0003
4183,718,dens_1134260732394863277,718,Density,<Substance CCCCCCCl{solv}{x=0.729300}|CN(C)C=O{solv}{x=0.270700}>,CCCCCCCl,CN(C)C=O,Protein-Null-0.0.3-Pair-NMR-1E4-Umbrella-1E3-4-AAQAA3-1E3-3-OPC3_opc3,1,0.8678556902384608,0.0002331740380056,0.8844000000000002,0.0003
4184,719,dhmix_1150917243327149472,719,EnthalpyOfMixing,<Substance CCCCCCCl{solv}{x=0.500000}|CN(C)C=O{solv}{x=0.500000}>,CCCCCCCl,CN(C)C=O,Protein-Null-0.0.3-Pair-NMR-1E4-Umbrella-1E3-4-AAQAA3-1E3-3-OPC3_opc3,1,1.1555676812853335,0.0432119849864311,0.847,0.004
4185,720,dhmix_1166656674614639609,720,EnthalpyOfMixing,<Substance CCCCCCCl{solv}{x=0.204000}|CN(C)C=O{solv}{x=0.796000}>,CCCCCCCl,CN(C)C=O,Protein-Null-0.0.3-Pair-NMR-1E4-Umbrella-1E3-4-AAQAA3-1E3-3-OPC3_opc3,1,0.8529753128816182,0.0377320271024665,0.583,0.004
4186,721,dhmix_1262474968830454367,721,EnthalpyOfMixing,<Substance CCCCCCCl{solv}{x=0.795000}|CN(C)C=O{solv}{x=0.205000}>,CCCCCCCl,CN(C)C=O,Protein-Null-0.0.3-Pair-NMR-1E4-Umbrella-1E3-4-AAQAA3-1E3-3-OPC3_opc3,1,0.8797445417549596,0.0481675227564771,0.542,0.0035
4187,722,dens_1862934255267356180,722,Density,<Substance CCCCCCCl{solv}{x=0.200700}|CN(C)C=O{solv}{x=0.799300}>,CCCCCCCl,CN(C)C=O,Protein-Null-0.0.3-Pair-NMR-1E4-Umbrella-1E3-4-AAQAA3-1E3-3-OPC3_opc3,1,0.897961576007883,0.0002647131321096,0.9218000000000002,0.00025
4188,723,dhmix_457000181442392641,723,EnthalpyOfMixing,<Substance CCOCCO{solv}{x=0.241100}|c1ccccc1{solv}{x=0.758900}>,CCOCCO,c1ccccc1,Protein-Null-0.0.3-Pair-NMR-1E4-Umbrella-1E3-4-AAQAA3-1E3-3-OPC3_opc3,1,0.5782646256009656,0.0417781263476339,0.6303,0.00815
4189,724,dhmix_501726034520661035,724,EnthalpyOfMixing,<Substance CCOCCO{solv}{x=0.733600}|c1ccccc1{solv}{x=0.266400}>,CCOCCO,c1ccccc1,Protein-Null-0.0.3-Pair-NMR-1E4-Umbrella-1E3-4-AAQAA3-1E3-3-OPC3_opc3,1,0.3237890706274697,0.0474639881679102,0.2326,0.0033
4190,725,dens_577983044895299238,725,Density,<Substance CCOCCO{solv}{x=0.251800}|c1ccccc1{solv}{x=0.748200}>,CCOCCO,c1ccccc1,Protein-Null-0.0.3-Pair-NMR-1E4-Umbrella-1E3-4-AAQAA3-1E3-3-OPC3_opc3,1,0.8739603217553245,0.0002678558686991,0.8849000000000002,0.00081
4191,726,dens_1506946378386070831,726,Density,<Substance CCOCCO{solv}{x=0.750800}|c1ccccc1{solv}{x=0.249200}>,CCOCCO,c1ccccc1,Protein-Null-0.0.3-Pair-NMR-1E4-Umbrella-1E3-4-AAQAA3-1E3-3-OPC3_opc3,1,0.904384773130855,0.0002211393060215,0.9134500000000004,0.000685
4192,727,dhmix_1801594081157333975,727,EnthalpyOfMixing,<Substance CCOCCO{solv}{x=0.478600}|c1ccccc1{solv}{x=0.521400}>,CCOCCO,c1ccccc1,Protein-Null-0.0.3-Pair-NMR-1E4-Umbrella-1E3-4-AAQAA3-1E3-3-OPC3_opc3,1,0.7079873730791917,0.0417364506178783,0.4912,0.00645
4193,728,dens_2128846755225827916,728,Density,<Substance CCOCCO{solv}{x=0.504800}|c1ccccc1{solv}{x=0.495200}>,CCOCCO,c1ccccc1,Protein-Null-0.0.3-Pair-NMR-1E4-Umbrella-1E3-4-AAQAA3-1E3-3-OPC3_opc3,1,0.8892939583579638,0.0002814662892744,0.8995700000000003,0.000745
4194,729,dhmix_466383569529620932,729,EnthalpyOfMixing,<Substance CC(=O)N(C)C{solv}{x=0.505000}|CCCCCCCl{solv}{x=0.495000}>,CC(=O)N(C)C,CCCCCCCl,Protein-Null-0.0.3-Pair-NMR-1E4-Umbrella-1E3-4-AAQAA3-1E3-3-OPC3_opc3,1,0.8933465963693195,0.0414748880029279,0.61,0.003
4195,730,dhmix_493694362228351572,730,EnthalpyOfMixing,<Substance CC(=O)N(C)C{solv}{x=0.798000}|CCCCCCCl{solv}{x=0.202000}>,CC(=O)N(C)C,CCCCCCCl,Protein-Null-0.0.3-Pair-NMR-1E4-Umbrella-1E3-4-AAQAA3-1E3-3-OPC3_opc3,1,0.5687203230851878,0.0368990472532713,0.425,0.003
4196,731,dhmix_626564461179097700,731,EnthalpyOfMixing,<Substance CC(=O)N(C)C{solv}{x=0.211000}|CCCCCCCl{solv}{x=0.789000}>,CC(=O)N(C)C,CCCCCCCl,Protein-Null-0.0.3-Pair-NMR-1E4-Umbrella-1E3-4-AAQAA3-1E3-3-OPC3_opc3,1,0.5412764118745201,0.047871015481603,0.38,0.003
4197,732,dens_1720641323575133011,732,Density,<Substance CC(=O)N(C)C{solv}{x=0.200300}|CCCCCCCl{solv}{x=0.799700}>,CC(=O)N(C)C,CCCCCCCl,Protein-Null-0.0.3-Pair-NMR-1E4-Umbrella-1E3-4-AAQAA3-1E3-3-OPC3_opc3,1,0.8641553986708033,0.0002442410533637,0.8816000000000003,0.00025
4198,733,dens_1817345990638851984,733,Density,<Substance CC(=O)N(C)C{solv}{x=0.503000}|CCCCCCCl{solv}{x=0.497000}>,CC(=O)N(C)C,CCCCCCCl,Protein-Null-0.0.3-Pair-NMR-1E4-Umbrella-1E3-4-AAQAA3-1E3-3-OPC3_opc3,1,0.874761396888675,0.000249937518759,0.8975000000000002,0.00025
4199,734,dens_1885054129776339889,734,Density,<Substance CC(=O)N(C)C{solv}{x=0.699200}|CCCCCCCl{solv}{x=0.300800}>,CC(=O)N(C)C,CCCCCCCl,Protein-Null-0.0.3-Pair-NMR-1E4-Umbrella-1E3-4-AAQAA3-1E3-3-OPC3_opc3,1,0.8830245764633807,0.000249680596972,0.9104000000000002,0.0002
4200,735,dens_468507243072548580,735,Density,<Substance CCC#N{solv}{x=0.701200}|CCOC(C)(C)CC{solv}{x=0.298800}>,CCC#N,CCOC(C)(C)CC,Protein-Null-0.0.3-Pair-NMR-1E4-Umbrella-1E3-4-AAQAA3-1E3-3-OPC3_opc3,1,0.7714999926493631,0.0002620084059964,0.7715000000000002,0.0004
4201,736,dhmix_553135124490085656,736,EnthalpyOfMixing,<Substance CCC#N{solv}{x=0.502500}|CCOC(C)(C)CC{solv}{x=0.497500}>,CCC#N,CCOC(C)(C)CC,Protein-Null-0.0.3-Pair-NMR-1E4-Umbrella-1E3-4-AAQAA3-1E3-3-OPC3_opc3,1,0.162869050022266,0.0396535581306392,0.7023,0.00955
4202,737,dens_762108332272225600,737,Density,<Substance CCC#N{solv}{x=0.502500}|CCOC(C)(C)CC{solv}{x=0.497500}>,CCC#N,CCOC(C)(C)CC,Protein-Null-0.0.3-Pair-NMR-1E4-Umbrella-1E3-4-AAQAA3-1E3-3-OPC3_opc3,1,0.7684411010539519,0.0002319603211835,0.7683000000000001,0.00035
4203,738,dens_967634241844220739,738,Density,<Substance CCC#N{solv}{x=0.200900}|CCOC(C)(C)CC{solv}{x=0.799100}>,CCC#N,CCOC(C)(C)CC,Protein-Null-0.0.3-Pair-NMR-1E4-Umbrella-1E3-4-AAQAA3-1E3-3-OPC3_opc3,1,0.7645665384280829,0.0002093157926756,0.7638000000000001,0.00025
4204,739,dhmix_1961082112686431376,739,EnthalpyOfMixing,<Substance CCC#N{solv}{x=0.200900}|CCOC(C)(C)CC{solv}{x=0.799100}>,CCC#N,CCOC(C)(C)CC,Protein-Null-0.0.3-Pair-NMR-1E4-Umbrella-1E3-4-AAQAA3-1E3-3-OPC3_opc3,1,0.1915705036893484,0.0519081651926354,0.502,0.00685
4205,740,dhmix_2005765786246998093,740,EnthalpyOfMixing,<Substance CCC#N{solv}{x=0.701200}|CCOC(C)(C)CC{solv}{x=0.298800}>,CCC#N,CCOC(C)(C)CC,Protein-Null-0.0.3-Pair-NMR-1E4-Umbrella-1E3-4-AAQAA3-1E3-3-OPC3_opc3,1,0.2069847775343269,0.038419577300437,0.5863,0.008
4206,741,dhmix_471514663464011364,741,EnthalpyOfMixing,<Substance C1CCOCC1{solv}{x=0.722000}|CCCCCO{solv}{x=0.278000}>,C1CCOCC1,CCCCCO,Protein-Null-0.0.3-Pair-NMR-1E4-Umbrella-1E3-4-AAQAA3-1E3-3-OPC3_opc3,1,1.0426947318380115,0.04434291497832,0.8628,0.00745
4207,742,dens_910343796235321484,742,Density,<Substance C1CCOCC1{solv}{x=0.298700}|CCCCCO{solv}{x=0.701300}>,C1CCOCC1,CCCCCO,Protein-Null-0.0.3-Pair-NMR-1E4-Umbrella-1E3-4-AAQAA3-1E3-3-OPC3_opc3,1,0.8198593080448643,0.0002294659907478,0.8293300000000002,0.00034
4208,743,dens_1812069868432416079,743,Density,<Substance C1CCOCC1{solv}{x=0.800000}|CCCCCO{solv}{x=0.200000}>,C1CCOCC1,CCCCCO,Protein-Null-0.0.3-Pair-NMR-1E4-Umbrella-1E3-4-AAQAA3-1E3-3-OPC3_opc3,1,0.8519031374509419,0.0001714206336954,0.8635900000000002,0.000315
4209,744,dhmix_1936206883965149188,744,EnthalpyOfMixing,<Substance C1CCOCC1{solv}{x=0.526000}|CCCCCO{solv}{x=0.474000}>,C1CCOCC1,CCCCCO,Protein-Null-0.0.3-Pair-NMR-1E4-Umbrella-1E3-4-AAQAA3-1E3-3-OPC3_opc3,1,1.1934601053650056,0.0416288187841318,0.97,0.00615
4210,745,dhmix_1992318015190346725,745,EnthalpyOfMixing,<Substance C1CCOCC1{solv}{x=0.217000}|CCCCCO{solv}{x=0.783000}>,C1CCOCC1,CCCCCO,Protein-Null-0.0.3-Pair-NMR-1E4-Umbrella-1E3-4-AAQAA3-1E3-3-OPC3_opc3,1,0.6880256353505487,0.0527944733282605,0.6006,0.00455
4211,746,dens_2204330198012032768,746,Density,<Substance C1CCOCC1{solv}{x=0.499400}|CCCCCO{solv}{x=0.500600}>,C1CCOCC1,CCCCCO,Protein-Null-0.0.3-Pair-NMR-1E4-Umbrella-1E3-4-AAQAA3-1E3-3-OPC3_opc3,1,0.8310398402183289,0.0002144537713801,0.8425400000000002,0.00033
4212,747,dhmix_472822428299818953,747,EnthalpyOfMixing,<Substance CC(C)CC(C)(C)C{solv}{x=0.700500}|CCCCO{solv}{x=0.299500}>,CC(C)CC(C)(C)C,CCCCO,Protein-Null-0.0.3-Pair-NMR-1E4-Umbrella-1E3-4-AAQAA3-1E3-3-OPC3_opc3,1,0.9316576354369346,0.0526292947523184,0.6228,0.0028
4213,748,dhmix_628387028768654403,748,EnthalpyOfMixing,<Substance CC(C)CC(C)(C)C{solv}{x=0.499900}|CCCCO{solv}{x=0.500100}>,CC(C)CC(C)(C)C,CCCCO,Protein-Null-0.0.3-Pair-NMR-1E4-Umbrella-1E3-4-AAQAA3-1E3-3-OPC3_opc3,1,0.7831371513362768,0.0468173722557034,0.5938,0.0027
4214,749,dens_631668933678639865,749,Density,<Substance CC(C)CC(C)(C)C{solv}{x=0.200000}|CCCCO{solv}{x=0.800000}>,CC(C)CC(C)(C)C,CCCCO,Protein-Null-0.0.3-Pair-NMR-1E4-Umbrella-1E3-4-AAQAA3-1E3-3-OPC3_opc3,1,0.7670981043764467,0.0001603853432044,0.7696800000000001,0.000295
4215,750,dens_1394470087977586253,750,Density,<Substance CC(C)CC(C)(C)C{solv}{x=0.500000}|CCCCO{solv}{x=0.500000}>,CC(C)CC(C)(C)C,CCCCO,Protein-Null-0.0.3-Pair-NMR-1E4-Umbrella-1E3-4-AAQAA3-1E3-3-OPC3_opc3,1,0.7360597814353557,0.0001437506920987,0.7294000000000002,0.000285
4216,751,dens_1809610870413503056,751,Density,<Substance CC(C)CC(C)(C)C{solv}{x=0.699900}|CCCCO{solv}{x=0.300100}>,CC(C)CC(C)(C)C,CCCCO,Protein-Null-0.0.3-Pair-NMR-1E4-Umbrella-1E3-4-AAQAA3-1E3-3-OPC3_opc3,1,0.7202742361576725,0.0002215201066323,0.7097700000000001,0.000285
4217,752,dhmix_2302589146189152767,752,EnthalpyOfMixing,<Substance CC(C)CC(C)(C)C{solv}{x=0.200200}|CCCCO{solv}{x=0.799800}>,CC(C)CC(C)(C)C,CCCCO,Protein-Null-0.0.3-Pair-NMR-1E4-Umbrella-1E3-4-AAQAA3-1E3-3-OPC3_opc3,1,0.4215967504368691,0.0470397931738038,0.27646,0.003235
4218,753,dens_486902622078179007,753,Density,<Substance COC=O{solv}{x=0.494600}|CO{solv}{x=0.505400}>,CO,COC=O,Protein-Null-0.0.3-Pair-NMR-1E4-Umbrella-1E3-4-AAQAA3-1E3-3-OPC3_opc3,1,0.9000113468502067,0.00037167887412,0.8956100000000002,7.500000000000002e-05
4219,754,dens_750646162221180186,754,Density,<Substance COC=O{solv}{x=0.083300}|CO{solv}{x=0.916700}>,CO,COC=O,Protein-Null-0.0.3-Pair-NMR-1E4-Umbrella-1E3-4-AAQAA3-1E3-3-OPC3_opc3,1,0.7877436140501244,0.0004219642118994,0.8088000000000002,9.000000000000002e-05
4220,755,dhmix_1113631207235753369,755,EnthalpyOfMixing,<Substance COC=O{solv}{x=0.717800}|CO{solv}{x=0.282200}>,CO,COC=O,Protein-Null-0.0.3-Pair-NMR-1E4-Umbrella-1E3-4-AAQAA3-1E3-3-OPC3_opc3,1,0.5429976357449409,0.0282838714304557,1.105,0.012
4221,756,dhmix_2143911117683117531,756,EnthalpyOfMixing,<Substance COC=O{solv}{x=0.512700}|CO{solv}{x=0.487300}>,CO,COC=O,Protein-Null-0.0.3-Pair-NMR-1E4-Umbrella-1E3-4-AAQAA3-1E3-3-OPC3_opc3,1,0.793772264859725,0.0276291169007864,1.179,0.0125
4222,757,dens_2148324189014877510,757,Density,<Substance COC=O{solv}{x=0.727100}|CO{solv}{x=0.272900}>,CO,COC=O,Protein-Null-0.0.3-Pair-NMR-1E4-Umbrella-1E3-4-AAQAA3-1E3-3-OPC3_opc3,1,0.9478405392832554,0.0003513930935011,0.9321000000000004,8.000000000000002e-05
4223,758,dhmix_2205254965267695203,758,EnthalpyOfMixing,<Substance COC=O{solv}{x=0.083300}|CO{solv}{x=0.916700}>,CO,COC=O,Protein-Null-0.0.3-Pair-NMR-1E4-Umbrella-1E3-4-AAQAA3-1E3-3-OPC3_opc3,1,0.2509168822112411,0.0309603197189443,0.311,0.0035
4224,759,dhmix_497300242003673148,759,EnthalpyOfMixing,<Substance BrCCBr{solv}{x=0.284100}|CCCCOC(=O)CCC{solv}{x=0.715900}>,BrCCBr,CCCCOC(=O)CCC,Protein-Null-0.0.3-Pair-NMR-1E4-Umbrella-1E3-4-AAQAA3-1E3-3-OPC3_opc3,1,-0.6247393903271927,0.0504413905076592,-0.054,0.001
4225,760,dhmix_712261179736749495,760,EnthalpyOfMixing,<Substance BrCCBr{solv}{x=0.515300}|CCCCOC(=O)CCC{solv}{x=0.484700}>,BrCCBr,CCCCOC(=O)CCC,Protein-Null-0.0.3-Pair-NMR-1E4-Umbrella-1E3-4-AAQAA3-1E3-3-OPC3_opc3,1,-0.7124377939735496,0.0362439832875412,-0.027,0.0005
4226,761,dens_846614854165535724,761,Density,<Substance BrCCBr{solv}{x=0.212900}|CCCCOC(=O)CCC{solv}{x=0.787100}>,BrCCBr,CCCCOC(=O)CCC,Protein-Null-0.0.3-Pair-NMR-1E4-Umbrella-1E3-4-AAQAA3-1E3-3-OPC3_opc3,1,1.0163212088425622,0.0001831660539811,1.0245500000000003,0.00013
4227,762,dens_1085110183353279404,762,Density,<Substance BrCCBr{solv}{x=0.730000}|CCCCOC(=O)CCC{solv}{x=0.270000}>,BrCCBr,CCCCOC(=O)CCC,Protein-Null-0.0.3-Pair-NMR-1E4-Umbrella-1E3-4-AAQAA3-1E3-3-OPC3_opc3,1,1.5941756986318405,0.0004851099856849,1.6231500000000003,0.000405
4228,763,dhmix_2153957437015117204,763,EnthalpyOfMixing,<Substance BrCCBr{solv}{x=0.763900}|CCCCOC(=O)CCC{solv}{x=0.236100}>,BrCCBr,CCCCOC(=O)CCC,Protein-Null-0.0.3-Pair-NMR-1E4-Umbrella-1E3-4-AAQAA3-1E3-3-OPC3_opc3,1,-0.3757430909574815,0.0378887176034887,0.051,0.001
4229,764,dens_2242615301342819560,764,Density,<Substance BrCCBr{solv}{x=0.449300}|CCCCOC(=O)CCC{solv}{x=0.550700}>,BrCCBr,CCCCOC(=O)CCC,Protein-Null-0.0.3-Pair-NMR-1E4-Umbrella-1E3-4-AAQAA3-1E3-3-OPC3_opc3,1,1.2365987890001993,0.0002840406563172,1.2506100000000002,0.000225
4230,765,dens_501060706627477242,765,Density,<Substance OC1=NCCC1{solv}{x=0.500000}|O{solv}{x=0.500000}>,O,OC1=NCCC1,Protein-Null-0.0.3-Pair-NMR-1E4-Umbrella-1E3-4-AAQAA3-1E3-3-OPC3_opc3,1,1.0591604514365447,0.0003136171394554,1.0977070000000004,0.0005555
4231,766,dens_929065521104254808,766,Density,<Substance OC1=NCCC1{solv}{x=0.744800}|O{solv}{x=0.255200}>,O,OC1=NCCC1,Protein-Null-0.0.3-Pair-NMR-1E4-Umbrella-1E3-4-AAQAA3-1E3-3-OPC3_opc3,1,1.0653412295624107,0.0002675171098867,1.1044310000000004,0.000577
4232,767,dhmix_1128968771311392860,767,EnthalpyOfMixing,<Substance OC1=NCCC1{solv}{x=0.769300}|O{solv}{x=0.230700}>,O,OC1=NCCC1,Protein-Null-0.0.3-Pair-NMR-1E4-Umbrella-1E3-4-AAQAA3-1E3-3-OPC3_opc3,1,0.8511525938835689,0.0375832258900257,-0.678,0.1695
4233,768,dens_1192491633684345401,768,Density,<Substance OC1=NCCC1{solv}{x=0.246800}|O{solv}{x=0.753200}>,O,OC1=NCCC1,Protein-Null-0.0.3-Pair-NMR-1E4-Umbrella-1E3-4-AAQAA3-1E3-3-OPC3_opc3,1,1.045236654310347,0.0003813544686007,1.077068,0.0004905
4234,769,dhmix_1775375132531538271,769,EnthalpyOfMixing,<Substance OC1=NCCC1{solv}{x=0.478300}|O{solv}{x=0.521700}>,O,OC1=NCCC1,Protein-Null-0.0.3-Pair-NMR-1E4-Umbrella-1E3-4-AAQAA3-1E3-3-OPC3_opc3,1,0.8764702740662784,0.02865542526497,-0.8384,0.20965
4235,770,dhmix_1895825007089845103,770,EnthalpyOfMixing,<Substance OC1=NCCC1{solv}{x=0.231900}|O{solv}{x=0.768100}>,O,OC1=NCCC1,Protein-Null-0.0.3-Pair-NMR-1E4-Umbrella-1E3-4-AAQAA3-1E3-3-OPC3_opc3,1,0.6552045228271481,0.0205815065226562,-0.5238,0.13095
4236,771,dens_502738970558558534,771,Density,<Substance BrCCBr{solv}{x=0.749000}|COC=O{solv}{x=0.251000}>,BrCCBr,COC=O,Protein-Null-0.0.3-Pair-NMR-1E4-Umbrella-1E3-4-AAQAA3-1E3-3-OPC3_opc3,1,1.885415008767707,0.0006956934401708,1.9319600000000008,0.003535
4237,772,dhmix_523129341332875255,772,EnthalpyOfMixing,<Substance BrCCBr{solv}{x=0.059500}|COC=O{solv}{x=0.940500}>,BrCCBr,COC=O,Protein-Null-0.0.3-Pair-NMR-1E4-Umbrella-1E3-4-AAQAA3-1E3-3-OPC3_opc3,1,0.3427819148848927,0.0345325923878371,0.1715,0.00215
4238,773,dens_528986974844153101,773,Density,<Substance BrCCBr{solv}{x=0.059800}|COC=O{solv}{x=0.940200}>,BrCCBr,COC=O,Protein-Null-0.0.3-Pair-NMR-1E4-Umbrella-1E3-4-AAQAA3-1E3-3-OPC3_opc3,1,1.088349530977806,0.0003375004045458,1.06428,0.00056
4239,774,dhmix_1521152703631810888,774,EnthalpyOfMixing,<Substance BrCCBr{solv}{x=0.757400}|COC=O{solv}{x=0.242600}>,BrCCBr,COC=O,Protein-Null-0.0.3-Pair-NMR-1E4-Umbrella-1E3-4-AAQAA3-1E3-3-OPC3_opc3,1,0.4116964952728512,0.0309444006469006,0.653,0.00585
4240,775,dhmix_1685647138770344206,775,EnthalpyOfMixing,<Substance BrCCBr{solv}{x=0.528100}|COC=O{solv}{x=0.471900}>,BrCCBr,COC=O,Protein-Null-0.0.3-Pair-NMR-1E4-Umbrella-1E3-4-AAQAA3-1E3-3-OPC3_opc3,1,0.5801500063904133,0.0294162648608971,0.8123,0.00705
4241,776,dens_1945150067923572864,776,Density,<Substance BrCCBr{solv}{x=0.501500}|COC=O{solv}{x=0.498500}>,BrCCBr,COC=O,Protein-Null-0.0.3-Pair-NMR-1E4-Umbrella-1E3-4-AAQAA3-1E3-3-OPC3_opc3,1,1.6483992591758072,0.0006067650821704,1.6620300000000003,0.00232
4242,777,dens_511283508189056955,777,Density,<Substance CCO{solv}{x=0.291400}|CN(C)CCO{solv}{x=0.708600}>,CCO,CN(C)CCO,Protein-Null-0.0.3-Pair-NMR-1E4-Umbrella-1E3-4-AAQAA3-1E3-3-OPC3_opc3,1,0.8696903465901311,0.0002378758435353,0.8710100000000002,0.000165
4243,778,dhmix_1055456388735168345,778,EnthalpyOfMixing,<Substance CCO{solv}{x=0.508400}|CN(C)CCO{solv}{x=0.491600}>,CCO,CN(C)CCO,Protein-Null-0.0.3-Pair-NMR-1E4-Umbrella-1E3-4-AAQAA3-1E3-3-OPC3_opc3,1,-0.7187001947564795,0.0342560267450015,-0.4044,0.0044
4244,779,dens_1119930253414624267,779,Density,<Substance CCO{solv}{x=0.699500}|CN(C)CCO{solv}{x=0.300500}>,CCO,CN(C)CCO,Protein-Null-0.0.3-Pair-NMR-1E4-Umbrella-1E3-4-AAQAA3-1E3-3-OPC3_opc3,1,0.8309898844955865,0.0002999823502979,0.8345000000000002,0.000135
4245,780,dhmix_1132835222292135012,780,EnthalpyOfMixing,<Substance CCO{solv}{x=0.268600}|CN(C)CCO{solv}{x=0.731400}>,CCO,CN(C)CCO,Protein-Null-0.0.3-Pair-NMR-1E4-Umbrella-1E3-4-AAQAA3-1E3-3-OPC3_opc3,1,-0.5234619569682764,0.0458241344654584,-0.2783,0.0031
4246,781,dens_1964926738263319597,781,Density,<Substance CCO{solv}{x=0.494900}|CN(C)CCO{solv}{x=0.505100}>,CCO,CN(C)CCO,Protein-Null-0.0.3-Pair-NMR-1E4-Umbrella-1E3-4-AAQAA3-1E3-3-OPC3_opc3,1,0.8539741484155048,0.0002630534823173,0.8566200000000002,0.00015
4247,782,dhmix_2011138895468245368,782,EnthalpyOfMixing,<Substance CCO{solv}{x=0.733500}|CN(C)CCO{solv}{x=0.266500}>,CCO,CN(C)CCO,Protein-Null-0.0.3-Pair-NMR-1E4-Umbrella-1E3-4-AAQAA3-1E3-3-OPC3_opc3,1,-0.6624557144828245,0.0342696714194745,-0.3657,0.004
4248,783,dhmix_517287783481256565,783,EnthalpyOfMixing,<Substance CN(C)C=O{solv}{x=0.701000}|ClCCCCCl{solv}{x=0.299000}>,CN(C)C=O,ClCCCCCl,Protein-Null-0.0.3-Pair-NMR-1E4-Umbrella-1E3-4-AAQAA3-1E3-3-OPC3_opc3,1,0.4798666312278214,0.034653685776589,-0.052,0.002
4249,784,dens_765057686797526715,784,Density,<Substance CN(C)C=O{solv}{x=0.794300}|ClCCCCCl{solv}{x=0.205700}>,CN(C)C=O,ClCCCCCl,Protein-Null-0.0.3-Pair-NMR-1E4-Umbrella-1E3-4-AAQAA3-1E3-3-OPC3_opc3,1,0.9691883577670516,0.0002809234737647,0.9934000000000002,0.00245
4250,785,dens_1092490027864410415,785,Density,<Substance CN(C)C=O{solv}{x=0.502200}|ClCCCCCl{solv}{x=0.497800}>,CN(C)C=O,ClCCCCCl,Protein-Null-0.0.3-Pair-NMR-1E4-Umbrella-1E3-4-AAQAA3-1E3-3-OPC3_opc3,1,1.0310906179029455,0.0002826275512399,1.0524000000000004,0.0022
4251,786,dens_1571926938169630329,786,Density,<Substance CN(C)C=O{solv}{x=0.299400}|ClCCCCCl{solv}{x=0.700600}>,CN(C)C=O,ClCCCCCl,Protein-Null-0.0.3-Pair-NMR-1E4-Umbrella-1E3-4-AAQAA3-1E3-3-OPC3_opc3,1,1.0674022337678992,0.000268819742752,1.0879000000000003,0.0021
4252,787,dhmix_1989422051580285053,787,EnthalpyOfMixing,<Substance CN(C)C=O{solv}{x=0.501000}|ClCCCCCl{solv}{x=0.499000}>,CN(C)C=O,ClCCCCCl,Protein-Null-0.0.3-Pair-NMR-1E4-Umbrella-1E3-4-AAQAA3-1E3-3-OPC3_opc3,1,0.528045716238708,0.032933196400219,-0.056,0.002
4253,788,dhmix_2190775305913174779,788,EnthalpyOfMixing,<Substance CN(C)C=O{solv}{x=0.204000}|ClCCCCCl{solv}{x=0.796000}>,CN(C)C=O,ClCCCCCl,Protein-Null-0.0.3-Pair-NMR-1E4-Umbrella-1E3-4-AAQAA3-1E3-3-OPC3_opc3,1,0.3562419666007983,0.0427660085232724,-0.039,0.002
4254,789,dens_518199256039095036,789,Density,<Substance CCCCO{solv}{x=0.496400}|NCCN{solv}{x=0.503600}>,CCCCO,NCCN,Protein-Null-0.0.3-Pair-NMR-1E4-Umbrella-1E3-4-AAQAA3-1E3-3-OPC3_opc3,1,0.8847709829003061,0.00037070452964,0.8519430000000002,0.000219
4255,790,dens_866492593379488722,790,Density,<Substance CCCCO{solv}{x=0.739800}|NCCN{solv}{x=0.260200}>,CCCCO,NCCN,Protein-Null-0.0.3-Pair-NMR-1E4-Umbrella-1E3-4-AAQAA3-1E3-3-OPC3_opc3,1,0.838018457742404,0.0002672146223635,0.8325090000000002,0.000221
4256,791,dens_2064365769538781360,791,Density,<Substance CCCCO{solv}{x=0.291900}|NCCN{solv}{x=0.708100}>,CCCCO,NCCN,Protein-Null-0.0.3-Pair-NMR-1E4-Umbrella-1E3-4-AAQAA3-1E3-3-OPC3_opc3,1,0.9344566106893172,0.0003362769623321,0.8676960000000002,0.0002205
4257,792,dens_520201021244222151,792,Density,<Substance O=C1CCCO1{solv}{x=0.300000}|O{solv}{x=0.700000}>,O,O=C1CCCO1,Protein-Null-0.0.3-Pair-NMR-1E4-Umbrella-1E3-4-AAQAA3-1E3-3-OPC3_opc3,1,1.0682155655753127,0.0003879209410908,1.0886000000000002,0.0001
4258,793,dens_2198925124601089428,793,Density,<Substance O=C1CCCO1{solv}{x=0.500000}|O{solv}{x=0.500000}>,O,O=C1CCCO1,Protein-Null-0.0.3-Pair-NMR-1E4-Umbrella-1E3-4-AAQAA3-1E3-3-OPC3_opc3,1,1.0843998943592692,0.0002814828051909,1.1059000000000003,0.0001
4259,794,dens_2272207838075726438,794,Density,<Substance O=C1CCCO1{solv}{x=0.800000}|O{solv}{x=0.200000}>,O,O=C1CCCO1,Protein-Null-0.0.3-Pair-NMR-1E4-Umbrella-1E3-4-AAQAA3-1E3-3-OPC3_opc3,1,1.0973983442181228,0.0002866394265591,1.1182000000000003,0.0001
4260,795,dhmix_524376395520217080,795,EnthalpyOfMixing,<Substance CC(C)CC(C)(C)C{solv}{x=0.440700}|CCCC(=O)OC{solv}{x=0.559300}>,CC(C)CC(C)(C)C,CCCC(=O)OC,Protein-Null-0.0.3-Pair-NMR-1E4-Umbrella-1E3-4-AAQAA3-1E3-3-OPC3_opc3,1,1.4645708313481265,0.0462864296894062,1.053,0.0115
4261,796,dens_581090592491592243,796,Density,<Substance CC(C)CC(C)(C)C{solv}{x=0.298100}|CCCC(=O)OC{solv}{x=0.701900}>,CC(C)CC(C)(C)C,CCCC(=O)OC,Protein-Null-0.0.3-Pair-NMR-1E4-Umbrella-1E3-4-AAQAA3-1E3-3-OPC3_opc3,1,0.8154943654797093,0.0002261888162182,0.8119000000000002,0.000505
4262,797,dens_1497434747823371430,797,Density,<Substance CC(C)CC(C)(C)C{solv}{x=0.724300}|CCCC(=O)OC{solv}{x=0.275700}>,CC(C)CC(C)(C)C,CCCC(=O)OC,Protein-Null-0.0.3-Pair-NMR-1E4-Umbrella-1E3-4-AAQAA3-1E3-3-OPC3_opc3,1,0.7395956928086596,0.000220684881492,0.7279000000000001,0.000505
4263,798,dhmix_1614087501371550297,798,EnthalpyOfMixing,<Substance CC(C)CC(C)(C)C{solv}{x=0.762900}|CCCC(=O)OC{solv}{x=0.237100}>,CC(C)CC(C)(C)C,CCCC(=O)OC,Protein-Null-0.0.3-Pair-NMR-1E4-Umbrella-1E3-4-AAQAA3-1E3-3-OPC3_opc3,1,1.264457414737123,0.0473322211136858,0.789,0.0085
4264,799,dens_1842979547629422953,799,Density,<Substance CC(C)CC(C)(C)C{solv}{x=0.441000}|CCCC(=O)OC{solv}{x=0.559000}>,CC(C)CC(C)(C)C,CCCC(=O)OC,Protein-Null-0.0.3-Pair-NMR-1E4-Umbrella-1E3-4-AAQAA3-1E3-3-OPC3_opc3,1,0.7866849518767982,0.0002103702594226,0.7803000000000001,0.000505
4265,800,dhmix_2246911102339588209,800,EnthalpyOfMixing,<Substance CC(C)CC(C)(C)C{solv}{x=0.298200}|CCCC(=O)OC{solv}{x=0.701800}>,CC(C)CC(C)(C)C,CCCC(=O)OC,Protein-Null-0.0.3-Pair-NMR-1E4-Umbrella-1E3-4-AAQAA3-1E3-3-OPC3_opc3,1,1.2817990515910864,0.0485776520727778,0.884,0.0095
4266,801,dhmix_536798507677319129,801,EnthalpyOfMixing,<Substance C1COCO1{solv}{x=0.267900}|Cc1ccccc1Cl{solv}{x=0.732100}>,C1COCO1,Cc1ccccc1Cl,Protein-Null-0.0.3-Pair-NMR-1E4-Umbrella-1E3-4-AAQAA3-1E3-3-OPC3_opc3,1,0.2938933411226259,0.0448255679082301,0.272,0.0015
4267,802,dens_559535483529614058,802,Density,<Substance C1COCO1{solv}{x=0.726600}|Cc1ccccc1Cl{solv}{x=0.273400}>,C1COCO1,Cc1ccccc1Cl,Protein-Null-0.0.3-Pair-NMR-1E4-Umbrella-1E3-4-AAQAA3-1E3-3-OPC3_opc3,1,1.0847235104909625,0.0001912154456623,1.0652000000000004,0.0005
4268,803,dens_731520844601672570,803,Density,<Substance C1COCO1{solv}{x=0.268500}|Cc1ccccc1Cl{solv}{x=0.731500}>,C1COCO1,Cc1ccccc1Cl,Protein-Null-0.0.3-Pair-NMR-1E4-Umbrella-1E3-4-AAQAA3-1E3-3-OPC3_opc3,1,1.0645326661070316,0.0002625646885868,1.0630000000000002,0.0005
4269,804,dens_839907656840905053,804,Density,<Substance C1COCO1{solv}{x=0.516900}|Cc1ccccc1Cl{solv}{x=0.483100}>,C1COCO1,Cc1ccccc1Cl,Protein-Null-0.0.3-Pair-NMR-1E4-Umbrella-1E3-4-AAQAA3-1E3-3-OPC3_opc3,1,1.0807261208325518,0.0002767676814551,1.0694000000000004,0.0005
4270,805,dhmix_1308085019204784636,805,EnthalpyOfMixing,<Substance C1COCO1{solv}{x=0.500900}|Cc1ccccc1Cl{solv}{x=0.499100}>,C1COCO1,Cc1ccccc1Cl,Protein-Null-0.0.3-Pair-NMR-1E4-Umbrella-1E3-4-AAQAA3-1E3-3-OPC3_opc3,1,0.3121806751168918,0.0316878305842978,0.393,0.002
4271,806,dhmix_1924685013370154802,806,EnthalpyOfMixing,<Substance C1COCO1{solv}{x=0.760400}|Cc1ccccc1Cl{solv}{x=0.239600}>,C1COCO1,Cc1ccccc1Cl,Protein-Null-0.0.3-Pair-NMR-1E4-Umbrella-1E3-4-AAQAA3-1E3-3-OPC3_opc3,1,0.2904019840844825,0.0385573993855269,0.313,0.0015
4272,807,dhmix_549919019055097043,807,EnthalpyOfMixing,<Substance C1CCCCC1{solv}{x=0.799100}|CC(C)O{solv}{x=0.200900}>,C1CCCCC1,CC(C)O,Protein-Null-0.0.3-Pair-NMR-1E4-Umbrella-1E3-4-AAQAA3-1E3-3-OPC3_opc3,1,0.8879047410434282,0.0450762125517283,0.702,0.017
4273,808,dhmix_1101575580592240663,808,EnthalpyOfMixing,<Substance C1CCCCC1{solv}{x=0.199500}|CC(C)O{solv}{x=0.800500}>,C1CCCCC1,CC(C)O,Protein-Null-0.0.3-Pair-NMR-1E4-Umbrella-1E3-4-AAQAA3-1E3-3-OPC3_opc3,1,0.4898489535310755,0.0361774183808506,0.438,0.011
4274,809,dhmix_1262965345724899699,809,EnthalpyOfMixing,<Substance C1CCCCC1{solv}{x=0.498400}|CC(C)O{solv}{x=0.501600}>,C1CCCCC1,CC(C)O,Protein-Null-0.0.3-Pair-NMR-1E4-Umbrella-1E3-4-AAQAA3-1E3-3-OPC3_opc3,1,0.8479130625960636,0.0377183899712063,0.801,0.0195
4275,810,dens_1431184569437551541,810,Density,<Substance C1CCCCC1{solv}{x=0.705800}|CC(C)O{solv}{x=0.294200}>,C1CCCCC1,CC(C)O,Protein-Null-0.0.3-Pair-NMR-1E4-Umbrella-1E3-4-AAQAA3-1E3-3-OPC3_opc3,1,0.7562606584861798,0.0002546301926217,0.7711100000000002,0.000245
4276,811,dens_2097249982689376165,811,Density,<Substance C1CCCCC1{solv}{x=0.200000}|CC(C)O{solv}{x=0.800000}>,C1CCCCC1,CC(C)O,Protein-Null-0.0.3-Pair-NMR-1E4-Umbrella-1E3-4-AAQAA3-1E3-3-OPC3_opc3,1,0.7796806420086948,0.0001889341210411,0.7761000000000002,0.0003
4277,812,dens_2130071224188444793,812,Density,<Substance C1CCCCC1{solv}{x=0.503900}|CC(C)O{solv}{x=0.496100}>,C1CCCCC1,CC(C)O,Protein-Null-0.0.3-Pair-NMR-1E4-Umbrella-1E3-4-AAQAA3-1E3-3-OPC3_opc3,1,0.7634822659818494,0.0002599019214331,0.7719000000000001,0.0003
4278,813,dens_562489367284385084,813,Density,<Substance CCCCC(=O)OC{solv}{x=0.251100}|COC(C)=O{solv}{x=0.748900}>,CCCCC(=O)OC,COC(C)=O,Protein-Null-0.0.3-Pair-NMR-1E4-Umbrella-1E3-4-AAQAA3-1E3-3-OPC3_opc3,1,0.9122121777268364,0.0002383865907827,0.9105300000000002,0.000505
4279,814,dhmix_814771684244180933,814,EnthalpyOfMixing,<Substance CCCCC(=O)OC{solv}{x=0.733900}|COC(C)=O{solv}{x=0.266100}>,CCCCC(=O)OC,COC(C)=O,Protein-Null-0.0.3-Pair-NMR-1E4-Umbrella-1E3-4-AAQAA3-1E3-3-OPC3_opc3,1,0.0428497125407385,0.0447226986185509,0.178,0.002
4280,815,dhmix_915202362324204655,815,EnthalpyOfMixing,<Substance CCCCC(=O)OC{solv}{x=0.505500}|COC(C)=O{solv}{x=0.494500}>,CCCCC(=O)OC,COC(C)=O,Protein-Null-0.0.3-Pair-NMR-1E4-Umbrella-1E3-4-AAQAA3-1E3-3-OPC3_opc3,1,0.1636613959513297,0.0334403069191188,0.238,0.0025
4281,816,dhmix_935892165648195197,816,EnthalpyOfMixing,<Substance CCCCC(=O)OC{solv}{x=0.234700}|COC(C)=O{solv}{x=0.765300}>,CCCCC(=O)OC,COC(C)=O,Protein-Null-0.0.3-Pair-NMR-1E4-Umbrella-1E3-4-AAQAA3-1E3-3-OPC3_opc3,1,0.0084525197620166,0.0370028463126843,0.173,0.002
4282,817,dens_961692445804333991,817,Density,<Substance CCCCC(=O)OC{solv}{x=0.738300}|COC(C)=O{solv}{x=0.261700}>,CCCCC(=O)OC,COC(C)=O,Protein-Null-0.0.3-Pair-NMR-1E4-Umbrella-1E3-4-AAQAA3-1E3-3-OPC3_opc3,1,0.8894223801103701,0.0002364148551516,0.8914700000000002,0.000505
4283,818,dens_1493380961688632529,818,Density,<Substance CCCCC(=O)OC{solv}{x=0.493500}|COC(C)=O{solv}{x=0.506500}>,CCCCC(=O)OC,COC(C)=O,Protein-Null-0.0.3-Pair-NMR-1E4-Umbrella-1E3-4-AAQAA3-1E3-3-OPC3_opc3,1,0.8998002574878055,0.0002484277568415,0.8996200000000002,0.000505
4284,819,dhmix_563342363018905515,819,EnthalpyOfMixing,<Substance CCOC(=O)CC(C)=O{solv}{x=0.751400}|O{solv}{x=0.248600}>,CCOC(=O)CC(C)=O,O,Protein-Null-0.0.3-Pair-NMR-1E4-Umbrella-1E3-4-AAQAA3-1E3-3-OPC3_opc3,1,0.7663196077973566,0.0478482519691638,1.128,0.012
4285,820,dhmix_1385095028103136291,820,EnthalpyOfMixing,<Substance CCOC(=O)CC(C)=O{solv}{x=0.449100}|O{solv}{x=0.550900}>,CCOC(=O)CC(C)=O,O,Protein-Null-0.0.3-Pair-NMR-1E4-Umbrella-1E3-4-AAQAA3-1E3-3-OPC3_opc3,1,0.5999928217914317,0.0302667019417809,0.684,0.0075
4286,821,dhmix_1609967394780907654,821,EnthalpyOfMixing,<Substance CCOC(=O)CC(C)=O{solv}{x=0.299400}|O{solv}{x=0.700600}>,CCOC(=O)CC(C)=O,O,Protein-Null-0.0.3-Pair-NMR-1E4-Umbrella-1E3-4-AAQAA3-1E3-3-OPC3_opc3,1,0.4135896266612064,0.0279631403189228,0.428,0.005
4287,822,dhmix_566259260175961973,822,EnthalpyOfMixing,<Substance CCCCO{solv}{x=0.144700}|OC1=NCCC1{solv}{x=0.855300}>,CCCCO,OC1=NCCC1,Protein-Null-0.0.3-Pair-NMR-1E4-Umbrella-1E3-4-AAQAA3-1E3-3-OPC3_opc3,1,0.7151637825875241,0.0373627347223402,0.0949,0.0012
4288,823,dens_1146983614802652988,823,Density,<Substance CCCCO{solv}{x=0.500400}|OC1=NCCC1{solv}{x=0.499600}>,CCCCO,OC1=NCCC1,Protein-Null-0.0.3-Pair-NMR-1E4-Umbrella-1E3-4-AAQAA3-1E3-3-OPC3_opc3,1,0.9250231826299236,0.0002347805663268,0.94503,0.00015
4289,824,dhmix_1601732489230179724,824,EnthalpyOfMixing,<Substance CCCCO{solv}{x=0.497800}|OC1=NCCC1{solv}{x=0.502200}>,CCCCO,OC1=NCCC1,Protein-Null-0.0.3-Pair-NMR-1E4-Umbrella-1E3-4-AAQAA3-1E3-3-OPC3_opc3,1,1.5906326950028316,0.0339636310772668,0.2326,0.0026
4290,825,dhmix_1661138478850718837,825,EnthalpyOfMixing,<Substance CCCCO{solv}{x=0.754800}|OC1=NCCC1{solv}{x=0.245200}>,CCCCO,OC1=NCCC1,Protein-Null-0.0.3-Pair-NMR-1E4-Umbrella-1E3-4-AAQAA3-1E3-3-OPC3_opc3,1,1.2695791086104995,0.0339930261212935,0.2356,0.00265
4291,826,dens_1878955695276199878,826,Density,<Substance CCCCO{solv}{x=0.144600}|OC1=NCCC1{solv}{x=0.855400}>,CCCCO,OC1=NCCC1,Protein-Null-0.0.3-Pair-NMR-1E4-Umbrella-1E3-4-AAQAA3-1E3-3-OPC3_opc3,1,1.0234438546286149,0.0002486721859755,1.0575900000000005,0.000205
4292,827,dens_2101998760005952263,827,Density,<Substance CCCCO{solv}{x=0.755500}|OC1=NCCC1{solv}{x=0.244500}>,CCCCO,OC1=NCCC1,Protein-Null-0.0.3-Pair-NMR-1E4-Umbrella-1E3-4-AAQAA3-1E3-3-OPC3_opc3,1,0.8582606216289906,0.0002452615803071,0.8711500000000002,0.000185
4293,828,dhmix_569012254773025696,828,EnthalpyOfMixing,<Substance CC(C)(C)O{solv}{x=0.505700}|OC1=NCCC1{solv}{x=0.494300}>,CC(C)(C)O,OC1=NCCC1,Protein-Null-0.0.3-Pair-NMR-1E4-Umbrella-1E3-4-AAQAA3-1E3-3-OPC3_opc3,1,2.0469986966869556,0.0388727928847883,0.4323,0.0047
4294,829,dens_992979807705536615,829,Density,<Substance CC(C)(C)O{solv}{x=0.751100}|OC1=NCCC1{solv}{x=0.248900}>,CC(C)(C)O,OC1=NCCC1,Protein-Null-0.0.3-Pair-NMR-1E4-Umbrella-1E3-4-AAQAA3-1E3-3-OPC3_opc3,1,0.868804977443616,0.0003213008966208,0.8505700000000003,0.000215
4295,830,dens_1020722913861580636,830,Density,<Substance CC(C)(C)O{solv}{x=0.499700}|OC1=NCCC1{solv}{x=0.500300}>,CC(C)(C)O,OC1=NCCC1,Protein-Null-0.0.3-Pair-NMR-1E4-Umbrella-1E3-4-AAQAA3-1E3-3-OPC3_opc3,1,0.9304570017195324,0.0002424846659995,0.9282800000000002,0.00018
4296,831,dhmix_1408261346335628114,831,EnthalpyOfMixing,<Substance CC(C)(C)O{solv}{x=0.744900}|OC1=NCCC1{solv}{x=0.255100}>,CC(C)(C)O,OC1=NCCC1,Protein-Null-0.0.3-Pair-NMR-1E4-Umbrella-1E3-4-AAQAA3-1E3-3-OPC3_opc3,1,1.8220552429713024,0.0520733140809033,0.3774,0.00415
4297,832,dhmix_1466823939183874689,832,EnthalpyOfMixing,<Substance CC(C)(C)O{solv}{x=0.257800}|OC1=NCCC1{solv}{x=0.742200}>,CC(C)(C)O,OC1=NCCC1,Protein-Null-0.0.3-Pair-NMR-1E4-Umbrella-1E3-4-AAQAA3-1E3-3-OPC3_opc3,1,1.3987058962466818,0.0482014499815569,0.2874,0.0032
4298,833,dens_1768273433543243004,833,Density,<Substance CC(C)(C)O{solv}{x=0.276400}|OC1=NCCC1{solv}{x=0.723600}>,CC(C)(C)O,OC1=NCCC1,Protein-Null-0.0.3-Pair-NMR-1E4-Umbrella-1E3-4-AAQAA3-1E3-3-OPC3_opc3,1,0.9887545931760152,0.0004132639796008,1.0036300000000002,0.000155
4299,834,dens_571827819113574480,834,Density,<Substance CC(C)OC(C)C{solv}{x=0.700400}|Cc1ccccc1{solv}{x=0.299600}>,CC(C)OC(C)C,Cc1ccccc1,Protein-Null-0.0.3-Pair-NMR-1E4-Umbrella-1E3-4-AAQAA3-1E3-3-OPC3_opc3,1,0.7686803885098785,0.0002268877092141,0.7573100000000001,0.000155
4300,835,dhmix_686402805609192969,835,EnthalpyOfMixing,<Substance CC(C)OC(C)C{solv}{x=0.228000}|Cc1ccccc1{solv}{x=0.772000}>,CC(C)OC(C)C,Cc1ccccc1,Protein-Null-0.0.3-Pair-NMR-1E4-Umbrella-1E3-4-AAQAA3-1E3-3-OPC3_opc3,1,-0.1732360297811581,0.0419984219907769,0.0593,0.00515
4301,836,dhmix_1045652173440309018,836,EnthalpyOfMixing,<Substance CC(C)OC(C)C{solv}{x=0.752000}|Cc1ccccc1{solv}{x=0.248000}>,CC(C)OC(C)C,Cc1ccccc1,Protein-Null-0.0.3-Pair-NMR-1E4-Umbrella-1E3-4-AAQAA3-1E3-3-OPC3_opc3,1,-0.2520329083501451,0.0464833788604732,-0.0091,0.00505
4302,837,dhmix_1690461453403165745,837,EnthalpyOfMixing,<Substance CC(C)OC(C)C{solv}{x=0.455000}|Cc1ccccc1{solv}{x=0.545000}>,CC(C)OC(C)C,Cc1ccccc1,Protein-Null-0.0.3-Pair-NMR-1E4-Umbrella-1E3-4-AAQAA3-1E3-3-OPC3_opc3,1,-0.3038736195329221,0.0330525110632185,0.0323,0.0051
4303,838,dens_2086775654110573795,838,Density,<Substance CC(C)OC(C)C{solv}{x=0.200400}|Cc1ccccc1{solv}{x=0.799600}>,CC(C)OC(C)C,Cc1ccccc1,Protein-Null-0.0.3-Pair-NMR-1E4-Umbrella-1E3-4-AAQAA3-1E3-3-OPC3_opc3,1,0.8231184714014597,0.0002352067221963,0.8299700000000002,0.00014
4304,839,dens_2167043968237201720,839,Density,<Substance CC(C)OC(C)C{solv}{x=0.500300}|Cc1ccccc1{solv}{x=0.499700}>,CC(C)OC(C)C,Cc1ccccc1,Protein-Null-0.0.3-Pair-NMR-1E4-Umbrella-1E3-4-AAQAA3-1E3-3-OPC3_opc3,1,0.7900929454471466,0.000254006507597,0.7849200000000002,0.000155
4305,840,dhmix_578047845607378963,840,EnthalpyOfMixing,<Substance CN1CCCC1=O{solv}{x=0.635900}|c1ccncc1{solv}{x=0.364100}>,CN1CCCC1=O,c1ccncc1,Protein-Null-0.0.3-Pair-NMR-1E4-Umbrella-1E3-4-AAQAA3-1E3-3-OPC3_opc3,1,-0.3979816559412956,0.0399196383109139,-0.4013,0.10035
4306,841,dhmix_625120262301063359,841,EnthalpyOfMixing,<Substance CN1CCCC1=O{solv}{x=0.231200}|c1ccncc1{solv}{x=0.768800}>,CN1CCCC1=O,c1ccncc1,Protein-Null-0.0.3-Pair-NMR-1E4-Umbrella-1E3-4-AAQAA3-1E3-3-OPC3_opc3,1,-0.3686991774385895,0.039672839922696,-0.3157,0.07895
4307,842,dens_1059919274311274879,842,Density,<Substance CN1CCCC1=O{solv}{x=0.521500}|c1ccncc1{solv}{x=0.478500}>,CN1CCCC1=O,c1ccncc1,Protein-Null-0.0.3-Pair-NMR-1E4-Umbrella-1E3-4-AAQAA3-1E3-3-OPC3_opc3,1,0.9911829014679712,0.0002261114983286,1.0158200000000004,0.00051
4308,843,dens_1445187430653020908,843,Density,<Substance CN1CCCC1=O{solv}{x=0.234800}|c1ccncc1{solv}{x=0.765200}>,CN1CCCC1=O,c1ccncc1,Protein-Null-0.0.3-Pair-NMR-1E4-Umbrella-1E3-4-AAQAA3-1E3-3-OPC3_opc3,1,0.984716303842028,0.0002555823342135,0.9983500000000004,0.00051
4309,844,dhmix_1933003504821603087,844,EnthalpyOfMixing,<Substance CN1CCCC1=O{solv}{x=0.499500}|c1ccncc1{solv}{x=0.500500}>,CN1CCCC1=O,c1ccncc1,Protein-Null-0.0.3-Pair-NMR-1E4-Umbrella-1E3-4-AAQAA3-1E3-3-OPC3_opc3,1,-0.3792622981147011,0.036832470226621,-0.4356,0.1089
4310,845,dens_2199047009222847682,845,Density,<Substance CN1CCCC1=O{solv}{x=0.636400}|c1ccncc1{solv}{x=0.363600}>,CN1CCCC1=O,c1ccncc1,Protein-Null-0.0.3-Pair-NMR-1E4-Umbrella-1E3-4-AAQAA3-1E3-3-OPC3_opc3,1,0.9941640222174958,0.0002648654425446,1.0207400000000002,0.00051
4311,846,dens_586351122522837789,846,Density,<Substance c1cc[nH]c1{solv}{x=0.820700}|c1ccccc1{solv}{x=0.179300}>,c1cc[nH]c1,c1ccccc1,Protein-Null-0.0.3-Pair-NMR-1E4-Umbrella-1E3-4-AAQAA3-1E3-3-OPC3_opc3,1,0.953484614597236,0.0002635373222246,0.9503300000000002,0.000195
4312,847,dhmix_1101447260293284221,847,EnthalpyOfMixing,<Substance c1cc[nH]c1{solv}{x=0.494000}|c1ccccc1{solv}{x=0.506000}>,c1cc[nH]c1,c1ccccc1,Protein-Null-0.0.3-Pair-NMR-1E4-Umbrella-1E3-4-AAQAA3-1E3-3-OPC3_opc3,1,0.5172819629190855,0.0355420023561215,0.609,0.00395
4313,848,dens_1366042600317618213,848,Density,<Substance c1cc[nH]c1{solv}{x=0.503000}|c1ccccc1{solv}{x=0.497000}>,c1cc[nH]c1,c1ccccc1,Protein-Null-0.0.3-Pair-NMR-1E4-Umbrella-1E3-4-AAQAA3-1E3-3-OPC3_opc3,1,0.9131393936960128,0.0002994277020047,0.9220400000000002,0.00019
4314,849,dens_2042223650153961549,849,Density,<Substance c1cc[nH]c1{solv}{x=0.314200}|c1ccccc1{solv}{x=0.685800}>,c1cc[nH]c1,c1ccccc1,Protein-Null-0.0.3-Pair-NMR-1E4-Umbrella-1E3-4-AAQAA3-1E3-3-OPC3_opc3,1,0.8920187411874434,0.0002919705375397,0.9043500000000002,0.000195
4315,850,dhmix_2080652523589171296,850,EnthalpyOfMixing,<Substance c1cc[nH]c1{solv}{x=0.820800}|c1ccccc1{solv}{x=0.179200}>,c1cc[nH]c1,c1ccccc1,Protein-Null-0.0.3-Pair-NMR-1E4-Umbrella-1E3-4-AAQAA3-1E3-3-OPC3_opc3,1,0.3041454175447455,0.0358435778131533,0.3441,0.00245
4316,851,dhmix_2101365800313583195,851,EnthalpyOfMixing,<Substance c1cc[nH]c1{solv}{x=0.314000}|c1ccccc1{solv}{x=0.686000}>,c1cc[nH]c1,c1ccccc1,Protein-Null-0.0.3-Pair-NMR-1E4-Umbrella-1E3-4-AAQAA3-1E3-3-OPC3_opc3,1,0.5170325689808095,0.0377750451261817,0.5893,0.00385
4317,852,dens_592296207180530796,852,Density,<Substance C1CCNCC1{solv}{x=0.250000}|O{solv}{x=0.750000}>,C1CCNCC1,O,Protein-Null-0.0.3-Pair-NMR-1E4-Umbrella-1E3-4-AAQAA3-1E3-3-OPC3_opc3,1,0.9201869440997869,0.0003317044452513,0.9379600000000002,0.000185
4318,853,dhmix_598563182385523239,853,EnthalpyOfMixing,<Substance C1CCNCC1{solv}{x=0.750000}|O{solv}{x=0.250000}>,C1CCNCC1,O,Protein-Null-0.0.3-Pair-NMR-1E4-Umbrella-1E3-4-AAQAA3-1E3-3-OPC3_opc3,1,-0.7664767460322182,0.040532486301515,-1.4628,0.02995
4319,854,dens_1144696340343060729,854,Density,<Substance C1CCNCC1{solv}{x=0.500000}|O{solv}{x=0.500000}>,C1CCNCC1,O,Protein-Null-0.0.3-Pair-NMR-1E4-Umbrella-1E3-4-AAQAA3-1E3-3-OPC3_opc3,1,0.8896576266258913,0.0002954947741321,0.90329,0.000235
4320,855,dens_1551117370864361960,855,Density,<Substance C1CCNCC1{solv}{x=0.750000}|O{solv}{x=0.250000}>,C1CCNCC1,O,Protein-Null-0.0.3-Pair-NMR-1E4-Umbrella-1E3-4-AAQAA3-1E3-3-OPC3_opc3,1,0.8737789324910413,0.0002253500801043,0.8771300000000002,0.000285
4321,856,dhmix_2023343497633678069,856,EnthalpyOfMixing,<Substance C1CCNCC1{solv}{x=0.500000}|O{solv}{x=0.500000}>,C1CCNCC1,O,Protein-Null-0.0.3-Pair-NMR-1E4-Umbrella-1E3-4-AAQAA3-1E3-3-OPC3_opc3,1,-1.246837234018818,0.033833740395158,-2.1379,0.04355
4322,857,dhmix_2169709193905404129,857,EnthalpyOfMixing,<Substance C1CCNCC1{solv}{x=0.250000}|O{solv}{x=0.750000}>,C1CCNCC1,O,Protein-Null-0.0.3-Pair-NMR-1E4-Umbrella-1E3-4-AAQAA3-1E3-3-OPC3_opc3,1,-0.9642383281838588,0.0229677213005697,-1.9642,0.04065
4323,858,dhmix_597694390671293228,858,EnthalpyOfMixing,<Substance C1CCCCC1{solv}{x=0.495000}|c1cc[nH]c1{solv}{x=0.505000}>,C1CCCCC1,c1cc[nH]c1,Protein-Null-0.0.3-Pair-NMR-1E4-Umbrella-1E3-4-AAQAA3-1E3-3-OPC3_opc3,1,1.5548148765261658,0.0438169857194754,1.4275,0.00895
4324,859,dens_1402964712081643759,859,Density,<Substance C1CCCCC1{solv}{x=0.281700}|c1cc[nH]c1{solv}{x=0.718300}>,C1CCCCC1,c1cc[nH]c1,Protein-Null-0.0.3-Pair-NMR-1E4-Umbrella-1E3-4-AAQAA3-1E3-3-OPC3_opc3,1,0.885071050523177,0.0002766116102428,0.9082800000000002,0.00023
4325,860,dens_1463337814181203578,860,Density,<Substance C1CCCCC1{solv}{x=0.925100}|c1cc[nH]c1{solv}{x=0.074900}>,C1CCCCC1,c1cc[nH]c1,Protein-Null-0.0.3-Pair-NMR-1E4-Umbrella-1E3-4-AAQAA3-1E3-3-OPC3_opc3,1,0.7601676819671407,0.0001590840444986,0.7860300000000001,0.00026
4326,861,dens_1586039458655447443,861,Density,<Substance C1CCCCC1{solv}{x=0.494200}|c1cc[nH]c1{solv}{x=0.505800}>,C1CCCCC1,c1cc[nH]c1,Protein-Null-0.0.3-Pair-NMR-1E4-Umbrella-1E3-4-AAQAA3-1E3-3-OPC3_opc3,1,0.8344935403484094,0.0002776400841535,0.8661300000000002,0.000235
4327,862,dhmix_1650717903260721901,862,EnthalpyOfMixing,<Substance C1CCCCC1{solv}{x=0.924800}|c1cc[nH]c1{solv}{x=0.075200}>,C1CCCCC1,c1cc[nH]c1,Protein-Null-0.0.3-Pair-NMR-1E4-Umbrella-1E3-4-AAQAA3-1E3-3-OPC3_opc3,1,0.7490980343181945,0.0484464334243912,0.7315,0.00535
4328,863,dhmix_1709124910710738018,863,EnthalpyOfMixing,<Substance C1CCCCC1{solv}{x=0.281800}|c1cc[nH]c1{solv}{x=0.718200}>,C1CCCCC1,c1cc[nH]c1,Protein-Null-0.0.3-Pair-NMR-1E4-Umbrella-1E3-4-AAQAA3-1E3-3-OPC3_opc3,1,1.3451217399176585,0.0359208004364269,1.245,0.00795
4329,864,dhmix_602003453564252918,864,EnthalpyOfMixing,<Substance COc1ccccc1{solv}{x=0.767000}|OCCc1ccccc1{solv}{x=0.233000}>,COc1ccccc1,OCCc1ccccc1,Protein-Null-0.0.3-Pair-NMR-1E4-Umbrella-1E3-4-AAQAA3-1E3-3-OPC3_opc3,1,0.9052673905302058,0.0480839123333597,1.1154,0.01195
4330,865,dhmix_831666159864093343,865,EnthalpyOfMixing,<Substance COc1ccccc1{solv}{x=0.267800}|OCCc1ccccc1{solv}{x=0.732200}>,COc1ccccc1,OCCc1ccccc1,Protein-Null-0.0.3-Pair-NMR-1E4-Umbrella-1E3-4-AAQAA3-1E3-3-OPC3_opc3,1,0.599302812441195,0.0502784695470257,0.688,0.00745
4331,866,dhmix_1415130215717622630,866,EnthalpyOfMixing,<Substance COc1ccccc1{solv}{x=0.523200}|OCCc1ccccc1{solv}{x=0.476800}>,COc1ccccc1,OCCc1ccccc1,Protein-Null-0.0.3-Pair-NMR-1E4-Umbrella-1E3-4-AAQAA3-1E3-3-OPC3_opc3,1,1.053903073104756,0.0434152728868862,1.0457,0.0112
4332,867,dens_2018050376435813399,867,Density,<Substance COc1ccccc1{solv}{x=0.767300}|OCCc1ccccc1{solv}{x=0.232700}>,COc1ccccc1,OCCc1ccccc1,Protein-Null-0.0.3-Pair-NMR-1E4-Umbrella-1E3-4-AAQAA3-1E3-3-OPC3_opc3,1,0.9737836629515144,0.0001479317608849,0.9869000000000002,0.00026
4333,868,dens_2083067547090229321,868,Density,<Substance COc1ccccc1{solv}{x=0.524500}|OCCc1ccccc1{solv}{x=0.475500}>,COc1ccccc1,OCCc1ccccc1,Protein-Null-0.0.3-Pair-NMR-1E4-Umbrella-1E3-4-AAQAA3-1E3-3-OPC3_opc3,1,0.9812157527882872,0.0002297875639571,0.9943600000000002,0.00026
4334,869,dens_2108796896152795987,869,Density,<Substance COc1ccccc1{solv}{x=0.212100}|OCCc1ccccc1{solv}{x=0.787900}>,COc1ccccc1,OCCc1ccccc1,Protein-Null-0.0.3-Pair-NMR-1E4-Umbrella-1E3-4-AAQAA3-1E3-3-OPC3_opc3,1,0.9919975185785702,0.000201039304407,1.0032600000000005,0.00026
4335,870,dhmix_607389561715885318,870,EnthalpyOfMixing,<Substance CC(C)O{solv}{x=0.750600}|CCOC(=O)CC(=O)OCC{solv}{x=0.249400}>,CC(C)O,CCOC(=O)CC(=O)OCC,Protein-Null-0.0.3-Pair-NMR-1E4-Umbrella-1E3-4-AAQAA3-1E3-3-OPC3_opc3,1,1.7968504977733062,0.035936064107163,1.955,0.021
4336,871,dhmix_970997719035766241,871,EnthalpyOfMixing,<Substance CC(C)O{solv}{x=0.249200}|CCOC(=O)CC(=O)OCC{solv}{x=0.750800}>,CC(C)O,CCOC(=O)CC(=O)OCC,Protein-Null-0.0.3-Pair-NMR-1E4-Umbrella-1E3-4-AAQAA3-1E3-3-OPC3_opc3,1,1.4959140330146852,0.0495781063794276,1.804,0.0195
4337,872,dens_1055220895195342210,872,Density,<Substance CC(C)O{solv}{x=0.700000}|CCOC(=O)CC(=O)OCC{solv}{x=0.300000}>,CC(C)O,CCOC(=O)CC(=O)OCC,Protein-Null-0.0.3-Pair-NMR-1E4-Umbrella-1E3-4-AAQAA3-1E3-3-OPC3_opc3,1,0.9175817004854688,0.0001906696455266,0.9013080000000002,0.000163
4338,873,dens_1059428282849222105,873,Density,<Substance CC(C)O{solv}{x=0.500100}|CCOC(=O)CC(=O)OCC{solv}{x=0.499900}>,CC(C)O,CCOC(=O)CC(=O)OCC,Protein-Null-0.0.3-Pair-NMR-1E4-Umbrella-1E3-4-AAQAA3-1E3-3-OPC3_opc3,1,0.9726105767111416,0.00023921573209,0.9563730000000004,0.0001215
4339,874,dhmix_2225069850502215858,874,EnthalpyOfMixing,<Substance CC(C)O{solv}{x=0.499700}|CCOC(=O)CC(=O)OCC{solv}{x=0.500300}>,CC(C)O,CCOC(=O)CC(=O)OCC,Protein-Null-0.0.3-Pair-NMR-1E4-Umbrella-1E3-4-AAQAA3-1E3-3-OPC3_opc3,1,2.055536508223298,0.0443395892607853,2.369,0.0255
4340,875,dens_2227064517025896927,875,Density,<Substance CC(C)O{solv}{x=0.200000}|CCOC(=O)CC(=O)OCC{solv}{x=0.800000}>,CC(C)O,CCOC(=O)CC(=O)OCC,Protein-Null-0.0.3-Pair-NMR-1E4-Umbrella-1E3-4-AAQAA3-1E3-3-OPC3_opc3,1,1.032551879929625,0.0001741148990329,1.0176930000000002,0.000103
4341,876,dhmix_614525131410782877,876,EnthalpyOfMixing,<Substance CCCCCC(C)=O{solv}{x=0.491300}|CCCCNCCCC{solv}{x=0.508700}>,CCCCCC(C)=O,CCCCNCCCC,Protein-Null-0.0.3-Pair-NMR-1E4-Umbrella-1E3-4-AAQAA3-1E3-3-OPC3_opc3,1,-0.1094284869335808,0.0441981592095595,0.278,0.003
4342,877,dhmix_1051001364116056564,877,EnthalpyOfMixing,<Substance CCCCCC(C)=O{solv}{x=0.781100}|CCCCNCCCC{solv}{x=0.218900}>,CCCCCC(C)=O,CCCCNCCCC,Protein-Null-0.0.3-Pair-NMR-1E4-Umbrella-1E3-4-AAQAA3-1E3-3-OPC3_opc3,1,-0.1814312205662318,0.0577955847355136,0.164,0.002
4343,878,dens_1087422962538109584,878,Density,<Substance CCCCCC(C)=O{solv}{x=0.449900}|CCCCNCCCC{solv}{x=0.550100}>,CCCCCC(C)=O,CCCCNCCCC,Protein-Null-0.0.3-Pair-NMR-1E4-Umbrella-1E3-4-AAQAA3-1E3-3-OPC3_opc3,1,0.7716488474470746,0.0001974801070693,0.7778490000000002,9.250000000000004e-05
4344,879,dens_1830187222448876426,879,Density,<Substance CCCCCC(C)=O{solv}{x=0.209700}|CCCCNCCCC{solv}{x=0.790300}>,CCCCCC(C)=O,CCCCNCCCC,Protein-Null-0.0.3-Pair-NMR-1E4-Umbrella-1E3-4-AAQAA3-1E3-3-OPC3_opc3,1,0.7612353287934547,0.0001523101563402,0.7655110000000002,8.400000000000002e-05
4345,880,dens_2113849591242853193,880,Density,<Substance CCCCCC(C)=O{solv}{x=0.750900}|CCCCNCCCC{solv}{x=0.249100}>,CCCCCC(C)=O,CCCCNCCCC,Protein-Null-0.0.3-Pair-NMR-1E4-Umbrella-1E3-4-AAQAA3-1E3-3-OPC3_opc3,1,0.7842715749850063,0.000179952989979,0.7951660000000003,0.000105
4346,881,dhmix_2131918011494960609,881,EnthalpyOfMixing,<Substance CCCCCC(C)=O{solv}{x=0.294700}|CCCCNCCCC{solv}{x=0.705300}>,CCCCCC(C)=O,CCCCNCCCC,Protein-Null-0.0.3-Pair-NMR-1E4-Umbrella-1E3-4-AAQAA3-1E3-3-OPC3_opc3,1,-0.1414215584675133,0.0518330803176932,0.256,0.003
4347,882,dhmix_618866445574413387,882,EnthalpyOfMixing,<Substance C1CCOCC1{solv}{x=0.442500}|Cc1ccccc1C{solv}{x=0.557500}>,C1CCOCC1,Cc1ccccc1C,Protein-Null-0.0.3-Pair-NMR-1E4-Umbrella-1E3-4-AAQAA3-1E3-3-OPC3_opc3,1,-0.013415052531343,0.045692106447157,-0.0342,0.0006
4348,883,dens_643927890193937545,883,Density,<Substance C1CCOCC1{solv}{x=0.518700}|Cc1ccccc1C{solv}{x=0.481300}>,C1CCOCC1,Cc1ccccc1C,Protein-Null-0.0.3-Pair-NMR-1E4-Umbrella-1E3-4-AAQAA3-1E3-3-OPC3_opc3,1,0.8590855861760565,0.0002121355601321,0.8779900000000003,0.0005
4349,884,dhmix_1129414916141538177,884,EnthalpyOfMixing,<Substance C1CCOCC1{solv}{x=0.744300}|Cc1ccccc1C{solv}{x=0.255700}>,C1CCOCC1,Cc1ccccc1C,Protein-Null-0.0.3-Pair-NMR-1E4-Umbrella-1E3-4-AAQAA3-1E3-3-OPC3_opc3,1,-0.0811081507628301,0.0434279685113974,0.0421,0.00065
4350,885,dens_1429468909820653032,885,Density,<Substance C1CCOCC1{solv}{x=0.231800}|Cc1ccccc1C{solv}{x=0.768200}>,C1CCOCC1,Cc1ccccc1C,Protein-Null-0.0.3-Pair-NMR-1E4-Umbrella-1E3-4-AAQAA3-1E3-3-OPC3_opc3,1,0.8553809052010205,0.0002340934417561,0.8770400000000002,0.0005
4351,886,dens_1442497603142913792,886,Density,<Substance C1CCOCC1{solv}{x=0.772900}|Cc1ccccc1C{solv}{x=0.227100}>,C1CCOCC1,Cc1ccccc1C,Protein-Null-0.0.3-Pair-NMR-1E4-Umbrella-1E3-4-AAQAA3-1E3-3-OPC3_opc3,1,0.8628173529967659,0.0002262265527269,0.8787800000000002,0.000505
4352,887,dhmix_2268256048157488415,887,EnthalpyOfMixing,<Substance C1CCOCC1{solv}{x=0.245400}|Cc1ccccc1C{solv}{x=0.754600}>,C1CCOCC1,Cc1ccccc1C,Protein-Null-0.0.3-Pair-NMR-1E4-Umbrella-1E3-4-AAQAA3-1E3-3-OPC3_opc3,1,-0.0175746978663511,0.0400403924956014,-0.0613,0.00085
4353,888,dens_626398848152359169,888,Density,<Substance C1COCCN1{solv}{x=0.498000}|O{solv}{x=0.502000}>,C1COCCN1,O,Protein-Null-0.0.3-Pair-NMR-1E4-Umbrella-1E3-4-AAQAA3-1E3-3-OPC3_opc3,1,1.0463953251111628,0.0003797365503448,1.0255000000000003,0.00255
4354,889,dhmix_773913810754342365,889,EnthalpyOfMixing,<Substance C1COCCN1{solv}{x=0.714900}|O{solv}{x=0.285100}>,C1COCCN1,O,Protein-Null-0.0.3-Pair-NMR-1E4-Umbrella-1E3-4-AAQAA3-1E3-3-OPC3_opc3,1,-2.421058172695652,0.0311585510056558,-1.753,0.019
4355,890,dhmix_1012297674499495059,890,EnthalpyOfMixing,<Substance C1COCCN1{solv}{x=0.201000}|O{solv}{x=0.799000}>,C1COCCN1,O,Protein-Null-0.0.3-Pair-NMR-1E4-Umbrella-1E3-4-AAQAA3-1E3-3-OPC3_opc3,1,-1.5697316563823671,0.0260571269290806,-2.758,0.0295
4356,891,dens_1167008264969667349,891,Density,<Substance C1COCCN1{solv}{x=0.793000}|O{solv}{x=0.207000}>,C1COCCN1,O,Protein-Null-0.0.3-Pair-NMR-1E4-Umbrella-1E3-4-AAQAA3-1E3-3-OPC3_opc3,1,1.043784144236152,0.0003581941453044,1.0057000000000005,0.00245
4357,892,dhmix_1871930573512426354,892,EnthalpyOfMixing,<Substance C1COCCN1{solv}{x=0.491100}|O{solv}{x=0.508900}>,C1COCCN1,O,Protein-Null-0.0.3-Pair-NMR-1E4-Umbrella-1E3-4-AAQAA3-1E3-3-OPC3_opc3,1,-2.368524318049211,0.0408318849671962,-3.131,0.0335
4358,893,dens_2014911999593579414,893,Density,<Substance C1COCCN1{solv}{x=0.298000}|O{solv}{x=0.702000}>,C1COCCN1,O,Protein-Null-0.0.3-Pair-NMR-1E4-Umbrella-1E3-4-AAQAA3-1E3-3-OPC3_opc3,1,1.042120746272526,0.0003925119157615,1.0309000000000004,0.00255
4359,894,dens_627753907231278660,894,Density,<Substance CCC(C)=O{solv}{x=0.753100}|CCCNCCC{solv}{x=0.246900}>,CCC(C)=O,CCCNCCC,Protein-Null-0.0.3-Pair-NMR-1E4-Umbrella-1E3-4-AAQAA3-1E3-3-OPC3_opc3,1,0.760798329522952,0.0001754895241274,0.7771510000000001,0.000109
4360,895,dens_674236159588910357,895,Density,<Substance CCC(C)=O{solv}{x=0.244600}|CCCNCCC{solv}{x=0.755400}>,CCC(C)=O,CCCNCCC,Protein-Null-0.0.3-Pair-NMR-1E4-Umbrella-1E3-4-AAQAA3-1E3-3-OPC3_opc3,1,0.739183004642455,0.0002192820472644,0.7446230000000003,0.0001405
4361,896,dhmix_749228177959685874,896,EnthalpyOfMixing,<Substance CCC(C)=O{solv}{x=0.235300}|CCCNCCC{solv}{x=0.764700}>,CCC(C)=O,CCCNCCC,Protein-Null-0.0.3-Pair-NMR-1E4-Umbrella-1E3-4-AAQAA3-1E3-3-OPC3_opc3,1,-0.014264668538324,0.0362327867706946,0.299,0.0035
4362,897,dhmix_1706960823617656563,897,EnthalpyOfMixing,<Substance CCC(C)=O{solv}{x=0.698400}|CCCNCCC{solv}{x=0.301600}>,CCC(C)=O,CCCNCCC,Protein-Null-0.0.3-Pair-NMR-1E4-Umbrella-1E3-4-AAQAA3-1E3-3-OPC3_opc3,1,0.0623220279927032,0.0412327290397096,0.334,0.0035
4363,898,dhmix_2102794241345605516,898,EnthalpyOfMixing,<Substance CCC(C)=O{solv}{x=0.505000}|CCCNCCC{solv}{x=0.495000}>,CCC(C)=O,CCCNCCC,Protein-Null-0.0.3-Pair-NMR-1E4-Umbrella-1E3-4-AAQAA3-1E3-3-OPC3_opc3,1,0.0817862700305198,0.0423441610947806,0.397,0.0045
4364,899,dens_2224864308887622456,899,Density,<Substance CCC(C)=O{solv}{x=0.500600}|CCCNCCC{solv}{x=0.499400}>,CCC(C)=O,CCCNCCC,Protein-Null-0.0.3-Pair-NMR-1E4-Umbrella-1E3-4-AAQAA3-1E3-3-OPC3_opc3,1,0.7492848925229666,0.0001800288850431,0.7590400000000002,0.000125
4365,900,dhmix_628329103086906726,900,EnthalpyOfMixing,<Substance CC1CCCCC1{solv}{x=0.250400}|CCCO{solv}{x=0.749600}>,CC1CCCCC1,CCCO,Protein-Null-0.0.3-Pair-NMR-1E4-Umbrella-1E3-4-AAQAA3-1E3-3-OPC3_opc3,1,0.5478057343214005,0.0415312247940007,0.321,0.0055
4366,901,dhmix_989207392771680315,901,EnthalpyOfMixing,<Substance CC1CCCCC1{solv}{x=0.750500}|CCCO{solv}{x=0.249500}>,CC1CCCCC1,CCCO,Protein-Null-0.0.3-Pair-NMR-1E4-Umbrella-1E3-4-AAQAA3-1E3-3-OPC3_opc3,1,0.7434983253973968,0.0461265228015593,0.574,0.0055
4367,902,dens_1351260115393741606,902,Density,<Substance CC1CCCCC1{solv}{x=0.503100}|CCCO{solv}{x=0.496900}>,CC1CCCCC1,CCCO,Protein-Null-0.0.3-Pair-NMR-1E4-Umbrella-1E3-4-AAQAA3-1E3-3-OPC3_opc3,1,0.7667907066993268,0.0002473328867696,0.7785600000000001,0.0039
4368,903,dens_1376195506089851480,903,Density,<Substance CC1CCCCC1{solv}{x=0.202700}|CCCO{solv}{x=0.797300}>,CC1CCCCC1,CCCO,Protein-Null-0.0.3-Pair-NMR-1E4-Umbrella-1E3-4-AAQAA3-1E3-3-OPC3_opc3,1,0.7787404720801389,0.0002499688321422,0.7942000000000002,0.00398
4369,904,dens_1501229836503112732,904,Density,<Substance CC1CCCCC1{solv}{x=0.799000}|CCCO{solv}{x=0.201000}>,CC1CCCCC1,CCCO,Protein-Null-0.0.3-Pair-NMR-1E4-Umbrella-1E3-4-AAQAA3-1E3-3-OPC3_opc3,1,0.7585141005749321,0.0002310468713295,0.7688300000000002,0.003855
4370,905,dhmix_2109805019413953371,905,EnthalpyOfMixing,<Substance CC1CCCCC1{solv}{x=0.500400}|CCCO{solv}{x=0.499600}>,CC1CCCCC1,CCCO,Protein-Null-0.0.3-Pair-NMR-1E4-Umbrella-1E3-4-AAQAA3-1E3-3-OPC3_opc3,1,0.7444481453889153,0.0426363859876346,0.533,0.0055
4371,906,dhmix_634764080264908666,906,EnthalpyOfMixing,<Substance OCCN1CCOCC1{solv}{x=0.498900}|O{solv}{x=0.501100}>,O,OCCN1CCOCC1,Protein-Null-0.0.3-Pair-NMR-1E4-Umbrella-1E3-4-AAQAA3-1E3-3-OPC3_opc3,1,-2.6235064659654626,0.0392180465986677,-2.2633,0.02415
4372,907,dens_707792343667224312,907,Density,<Substance OCCN1CCOCC1{solv}{x=0.246600}|O{solv}{x=0.753400}>,O,OCCN1CCOCC1,Protein-Null-0.0.3-Pair-NMR-1E4-Umbrella-1E3-4-AAQAA3-1E3-3-OPC3_opc3,1,1.0766410220093918,0.0004103964067098,1.0838100000000002,0.00154
4373,908,dhmix_1064373607860850902,908,EnthalpyOfMixing,<Substance OCCN1CCOCC1{solv}{x=0.694900}|O{solv}{x=0.305100}>,O,OCCN1CCOCC1,Protein-Null-0.0.3-Pair-NMR-1E4-Umbrella-1E3-4-AAQAA3-1E3-3-OPC3_opc3,1,-2.0943747349837167,0.0386155961193236,-1.7936,0.01915
4374,909,dhmix_1846281306963870091,909,EnthalpyOfMixing,<Substance OCCN1CCOCC1{solv}{x=0.300200}|O{solv}{x=0.699800}>,O,OCCN1CCOCC1,Protein-Null-0.0.3-Pair-NMR-1E4-Umbrella-1E3-4-AAQAA3-1E3-3-OPC3_opc3,1,-2.210511930083541,0.0267020767163136,-2.426,0.026
4375,910,dens_2238932092645470826,910,Density,<Substance OCCN1CCOCC1{solv}{x=0.743900}|O{solv}{x=0.256100}>,O,OCCN1CCOCC1,Protein-Null-0.0.3-Pair-NMR-1E4-Umbrella-1E3-4-AAQAA3-1E3-3-OPC3_opc3,1,1.0864122612227176,0.0002278327403102,1.08031,0.001565
4376,911,dens_2269173599223764079,911,Density,<Substance OCCN1CCOCC1{solv}{x=0.485200}|O{solv}{x=0.514800}>,O,OCCN1CCOCC1,Protein-Null-0.0.3-Pair-NMR-1E4-Umbrella-1E3-4-AAQAA3-1E3-3-OPC3_opc3,1,1.08693863001069,0.0002151394914979,1.0866900000000004,0.00159
4377,912,dhmix_636778454546345333,912,EnthalpyOfMixing,<Substance C1CCCCC1{solv}{x=0.506300}|CNc1ccccc1{solv}{x=0.493700}>,C1CCCCC1,CNc1ccccc1,Protein-Null-0.0.3-Pair-NMR-1E4-Umbrella-1E3-4-AAQAA3-1E3-3-OPC3_opc3,1,2.220476380325408,0.0480459678540912,1.628,0.0175
4378,913,dens_1209163492396921559,913,Density,<Substance C1CCCCC1{solv}{x=0.247000}|CNc1ccccc1{solv}{x=0.753000}>,C1CCCCC1,CNc1ccccc1,Protein-Null-0.0.3-Pair-NMR-1E4-Umbrella-1E3-4-AAQAA3-1E3-3-OPC3_opc3,1,0.9277667131327632,0.0003290146714301,0.9289450000000002,0.000272
4379,914,dens_1438140901521078017,914,Density,<Substance C1CCCCC1{solv}{x=0.494500}|CNc1ccccc1{solv}{x=0.505500}>,C1CCCCC1,CNc1ccccc1,Protein-Null-0.0.3-Pair-NMR-1E4-Umbrella-1E3-4-AAQAA3-1E3-3-OPC3_opc3,1,0.8651878685678733,0.0002068309074231,0.8759620000000002,0.0001835
4380,915,dens_1482697199055102595,915,Density,<Substance C1CCCCC1{solv}{x=0.746400}|CNc1ccccc1{solv}{x=0.253600}>,C1CCCCC1,CNc1ccccc1,Protein-Null-0.0.3-Pair-NMR-1E4-Umbrella-1E3-4-AAQAA3-1E3-3-OPC3_opc3,1,0.8057314582435042,0.0002525942628968,0.8233530000000001,0.000138
4381,916,dhmix_1832297119731463766,916,EnthalpyOfMixing,<Substance C1CCCCC1{solv}{x=0.204700}|CNc1ccccc1{solv}{x=0.795300}>,C1CCCCC1,CNc1ccccc1,Protein-Null-0.0.3-Pair-NMR-1E4-Umbrella-1E3-4-AAQAA3-1E3-3-OPC3_opc3,1,1.6644036194546104,0.0498893299605512,0.972,0.0105
4382,917,dhmix_1889368397403208807,917,EnthalpyOfMixing,<Substance C1CCCCC1{solv}{x=0.706600}|CNc1ccccc1{solv}{x=0.293400}>,C1CCCCC1,CNc1ccccc1,Protein-Null-0.0.3-Pair-NMR-1E4-Umbrella-1E3-4-AAQAA3-1E3-3-OPC3_opc3,1,1.8502191234020984,0.0437744193424476,1.521,0.0165
4383,918,dhmix_637657437173907469,918,EnthalpyOfMixing,<Substance CC(C)=O{solv}{x=0.709700}|CNc1ccccc1{solv}{x=0.290300}>,CC(C)=O,CNc1ccccc1,Protein-Null-0.0.3-Pair-NMR-1E4-Umbrella-1E3-4-AAQAA3-1E3-3-OPC3_opc3,1,-0.579249067817603,0.0354960532689719,-0.525,0.0055
4384,919,dhmix_817594693007274900,919,EnthalpyOfMixing,<Substance CC(C)=O{solv}{x=0.231600}|CNc1ccccc1{solv}{x=0.768400}>,CC(C)=O,CNc1ccccc1,Protein-Null-0.0.3-Pair-NMR-1E4-Umbrella-1E3-4-AAQAA3-1E3-3-OPC3_opc3,1,-0.6928084255612195,0.0382123247320703,-0.5,0.0055
4385,920,dens_830664987854613197,920,Density,<Substance CC(C)=O{solv}{x=0.250300}|CNc1ccccc1{solv}{x=0.749700}>,CC(C)=O,CNc1ccccc1,Protein-Null-0.0.3-Pair-NMR-1E4-Umbrella-1E3-4-AAQAA3-1E3-3-OPC3_opc3,1,0.95636331742527,0.0001801821578691,0.9502900000000002,0.0003395
4386,921,dhmix_1052042310023734389,921,EnthalpyOfMixing,<Substance CC(C)=O{solv}{x=0.508600}|CNc1ccccc1{solv}{x=0.491400}>,CC(C)=O,CNc1ccccc1,Protein-Null-0.0.3-Pair-NMR-1E4-Umbrella-1E3-4-AAQAA3-1E3-3-OPC3_opc3,1,-0.7116337468112164,0.0288582400566028,-0.672,0.0075
4387,922,dens_1302333367899693905,922,Density,<Substance CC(C)=O{solv}{x=0.750600}|CNc1ccccc1{solv}{x=0.249400}>,CC(C)=O,CNc1ccccc1,Protein-Null-0.0.3-Pair-NMR-1E4-Umbrella-1E3-4-AAQAA3-1E3-3-OPC3_opc3,1,0.8475877386807892,0.0002403682815559,0.8565010000000002,0.000231
4388,923,dens_1582643029733708616,923,Density,<Substance CC(C)=O{solv}{x=0.494800}|CNc1ccccc1{solv}{x=0.505200}>,CC(C)=O,CNc1ccccc1,Protein-Null-0.0.3-Pair-NMR-1E4-Umbrella-1E3-4-AAQAA3-1E3-3-OPC3_opc3,1,0.9096215535119844,0.0002362163251157,0.9107940000000002,0.000263
4389,924,dens_650566412384126439,924,Density,<Substance CC(C)CC(C)(C)C{solv}{x=0.158800}|CCCCC(=O)OC{solv}{x=0.841200}>,CC(C)CC(C)(C)C,CCCCC(=O)OC,Protein-Null-0.0.3-Pair-NMR-1E4-Umbrella-1E3-4-AAQAA3-1E3-3-OPC3_opc3,1,0.8462691418215438,0.0002096171130091,0.8463800000000002,0.000505
4390,925,dhmix_986100941633296124,925,EnthalpyOfMixing,<Substance CC(C)CC(C)(C)C{solv}{x=0.481800}|CCCCC(=O)OC{solv}{x=0.518200}>,CC(C)CC(C)(C)C,CCCCC(=O)OC,Protein-Null-0.0.3-Pair-NMR-1E4-Umbrella-1E3-4-AAQAA3-1E3-3-OPC3_opc3,1,1.3238549240592905,0.0485718735065895,0.866,0.0095
4391,926,dens_1095352626338523806,926,Density,<Substance CC(C)CC(C)(C)C{solv}{x=0.742500}|CCCCC(=O)OC{solv}{x=0.257500}>,CC(C)CC(C)(C)C,CCCCC(=O)OC,Protein-Null-0.0.3-Pair-NMR-1E4-Umbrella-1E3-4-AAQAA3-1E3-3-OPC3_opc3,1,0.7403166122719366,0.0002262391661461,0.7289800000000002,0.000505
4392,927,dens_1260001645299629257,927,Density,<Substance CC(C)CC(C)(C)C{solv}{x=0.498400}|CCCCC(=O)OC{solv}{x=0.501600}>,CC(C)CC(C)(C)C,CCCCC(=O)OC,Protein-Null-0.0.3-Pair-NMR-1E4-Umbrella-1E3-4-AAQAA3-1E3-3-OPC3_opc3,1,0.7810670518867797,0.0002214012511219,0.7738400000000002,0.000505
4393,928,dhmix_1505455794590867712,928,EnthalpyOfMixing,<Substance CC(C)CC(C)(C)C{solv}{x=0.158900}|CCCCC(=O)OC{solv}{x=0.841100}>,CC(C)CC(C)(C)C,CCCCC(=O)OC,Protein-Null-0.0.3-Pair-NMR-1E4-Umbrella-1E3-4-AAQAA3-1E3-3-OPC3_opc3,1,0.6547772704887507,0.0484672647157789,0.438,0.005
4394,929,dhmix_1888614200283593194,929,EnthalpyOfMixing,<Substance CC(C)CC(C)(C)C{solv}{x=0.781300}|CCCCC(=O)OC{solv}{x=0.218700}>,CC(C)CC(C)(C)C,CCCCC(=O)OC,Protein-Null-0.0.3-Pair-NMR-1E4-Umbrella-1E3-4-AAQAA3-1E3-3-OPC3_opc3,1,1.1542341809650625,0.0511013080527982,0.658,0.007
4395,930,dhmix_657900975986635712,930,EnthalpyOfMixing,<Substance Cc1ccccc1N{solv}{x=0.782700}|Cc1ccncc1{solv}{x=0.217300}>,Cc1ccccc1N,Cc1ccncc1,Protein-Null-0.0.3-Pair-NMR-1E4-Umbrella-1E3-4-AAQAA3-1E3-3-OPC3_opc3,1,-0.8039291807068452,0.0514742076032336,-0.8885,0.0182
4396,931,dhmix_727678512066874384,931,EnthalpyOfMixing,<Substance Cc1ccccc1N{solv}{x=0.478300}|Cc1ccncc1{solv}{x=0.521700}>,Cc1ccccc1N,Cc1ccncc1,Protein-Null-0.0.3-Pair-NMR-1E4-Umbrella-1E3-4-AAQAA3-1E3-3-OPC3_opc3,1,-1.657444183700001,0.0431467380864658,-1.4295,0.0291
4397,932,dhmix_860941552641107708,932,EnthalpyOfMixing,<Substance Cc1ccccc1N{solv}{x=0.271500}|Cc1ccncc1{solv}{x=0.728500}>,Cc1ccccc1N,Cc1ccncc1,Protein-Null-0.0.3-Pair-NMR-1E4-Umbrella-1E3-4-AAQAA3-1E3-3-OPC3_opc3,1,-1.405027648965941,0.0388978137391689,-1.1791,0.02405
4398,933,dens_1148106102021344214,933,Density,<Substance Cc1ccccc1N{solv}{x=0.265500}|Cc1ccncc1{solv}{x=0.734500}>,Cc1ccccc1N,Cc1ccncc1,Protein-Null-0.0.3-Pair-NMR-1E4-Umbrella-1E3-4-AAQAA3-1E3-3-OPC3_opc3,1,0.9671647530836563,0.0001925236687426,0.9662520000000002,0.00012
4399,934,dens_1294189007890656769,934,Density,<Substance Cc1ccccc1N{solv}{x=0.486300}|Cc1ccncc1{solv}{x=0.513700}>,Cc1ccccc1N,Cc1ccncc1,Protein-Null-0.0.3-Pair-NMR-1E4-Umbrella-1E3-4-AAQAA3-1E3-3-OPC3_opc3,1,0.9831053835955592,0.0001972451565217,0.9765780000000002,0.000119
4400,935,dens_1461384477504239974,935,Density,<Substance Cc1ccccc1N{solv}{x=0.767400}|Cc1ccncc1{solv}{x=0.232600}>,Cc1ccccc1N,Cc1ccncc1,Protein-Null-0.0.3-Pair-NMR-1E4-Umbrella-1E3-4-AAQAA3-1E3-3-OPC3_opc3,1,1.002819235799911,0.0002999374631386,0.9868740000000004,0.000118
4401,936,dens_671712471159959715,936,Density,<Substance CCCCCCN{solv}{x=0.294400}|CN(C)C=O{solv}{x=0.705600}>,CCCCCCN,CN(C)C=O,Protein-Null-0.0.3-Pair-NMR-1E4-Umbrella-1E3-4-AAQAA3-1E3-3-OPC3_opc3,1,0.8601008874654168,0.0002314857330595,0.8676880000000002,0.001057
4402,937,dhmix_791979567859859400,937,EnthalpyOfMixing,<Substance CCCCCCN{solv}{x=0.747800}|CN(C)C=O{solv}{x=0.252200}>,CCCCCCN,CN(C)C=O,Protein-Null-0.0.3-Pair-NMR-1E4-Umbrella-1E3-4-AAQAA3-1E3-3-OPC3_opc3,1,0.7423591800742599,0.0460578845718815,0.461,0.015
4403,938,dens_812907294215791908,938,Density,<Substance CCCCCCN{solv}{x=0.450000}|CN(C)C=O{solv}{x=0.550000}>,CCCCCCN,CN(C)C=O,Protein-Null-0.0.3-Pair-NMR-1E4-Umbrella-1E3-4-AAQAA3-1E3-3-OPC3_opc3,1,0.8366131704919171,0.0001559928083391,0.8367510000000001,0.001016
4404,939,dhmix_1553880519684715156,939,EnthalpyOfMixing,<Substance CCCCCCN{solv}{x=0.249700}|CN(C)C=O{solv}{x=0.750300}>,CCCCCCN,CN(C)C=O,Protein-Null-0.0.3-Pair-NMR-1E4-Umbrella-1E3-4-AAQAA3-1E3-3-OPC3_opc3,1,0.420557447489017,0.0424184534317739,0.51,0.0165
4405,940,dens_1658157305664412923,940,Density,<Substance CCCCCCN{solv}{x=0.745200}|CN(C)C=O{solv}{x=0.254800}>,CCCCCCN,CN(C)C=O,Protein-Null-0.0.3-Pair-NMR-1E4-Umbrella-1E3-4-AAQAA3-1E3-3-OPC3_opc3,1,0.8006260417473119,0.0001923260678435,0.7905460000000002,0.0009575
4406,941,dhmix_2271922176351407084,941,EnthalpyOfMixing,<Substance CCCCCCN{solv}{x=0.499700}|CN(C)C=O{solv}{x=0.500300}>,CCCCCCN,CN(C)C=O,Protein-Null-0.0.3-Pair-NMR-1E4-Umbrella-1E3-4-AAQAA3-1E3-3-OPC3_opc3,1,0.6652355299489585,0.0423591010223793,0.661,0.02
4407,942,dhmix_676105854791415053,942,EnthalpyOfMixing,<Substance C=C(C)[C@H]1CC=C(C)CC1{solv}{x=0.540000}|CCCCCO{solv}{x=0.460000}>,C=C(C)[C@H]1CC=C(C)CC1,CCCCCO,Protein-Null-0.0.3-Pair-NMR-1E4-Umbrella-1E3-4-AAQAA3-1E3-3-OPC3_opc3,1,1.0427538901018067,0.0522561378086561,0.858,0.0345
4408,943,dhmix_865539540276734208,943,EnthalpyOfMixing,<Substance C=C(C)[C@H]1CC=C(C)CC1{solv}{x=0.766000}|CCCCCO{solv}{x=0.234000}>,C=C(C)[C@H]1CC=C(C)CC1,CCCCCO,Protein-Null-0.0.3-Pair-NMR-1E4-Umbrella-1E3-4-AAQAA3-1E3-3-OPC3_opc3,1,0.9762011072768644,0.0541675245980697,0.782,0.0315
4409,944,dens_1544700949225348296,944,Density,<Substance C=C(C)[C@H]1CC=C(C)CC1{solv}{x=0.263500}|CCCCCO{solv}{x=0.736500}>,C=C(C)[C@H]1CC=C(C)CC1,CCCCCO,Protein-Null-0.0.3-Pair-NMR-1E4-Umbrella-1E3-4-AAQAA3-1E3-3-OPC3_opc3,1,0.8106614568954424,0.000225643092956,0.8238000000000002,0.0002
4410,945,dens_1638649899512334435,945,Density,<Substance C=C(C)[C@H]1CC=C(C)CC1{solv}{x=0.543500}|CCCCCO{solv}{x=0.456500}>,C=C(C)[C@H]1CC=C(C)CC1,CCCCCO,Protein-Null-0.0.3-Pair-NMR-1E4-Umbrella-1E3-4-AAQAA3-1E3-3-OPC3_opc3,1,0.8136687493468238,0.0001949538410566,0.8312000000000003,0.0003
4411,946,dens_2014432371647189246,946,Density,<Substance C=C(C)[C@H]1CC=C(C)CC1{solv}{x=0.725200}|CCCCCO{solv}{x=0.274800}>,C=C(C)[C@H]1CC=C(C)CC1,CCCCCO,Protein-Null-0.0.3-Pair-NMR-1E4-Umbrella-1E3-4-AAQAA3-1E3-3-OPC3_opc3,1,0.8151209839311521,0.0001606211651205,0.8354000000000001,0.00035
4412,947,dhmix_2293008983270202716,947,EnthalpyOfMixing,<Substance C=C(C)[C@H]1CC=C(C)CC1{solv}{x=0.272000}|CCCCCO{solv}{x=0.728000}>,C=C(C)[C@H]1CC=C(C)CC1,CCCCCO,Protein-Null-0.0.3-Pair-NMR-1E4-Umbrella-1E3-4-AAQAA3-1E3-3-OPC3_opc3,1,0.5408530198026398,0.0464559820930765,0.532,0.0215
4413,948,dens_680086766431069719,948,Density,<Substance CN1CCNCC1{solv}{x=0.209100}|O{solv}{x=0.790900}>,CN1CCNCC1,O,Protein-Null-0.0.3-Pair-NMR-1E4-Umbrella-1E3-4-AAQAA3-1E3-3-OPC3_opc3,1,1.0121729040769405,0.0004894999179867,1.0013300000000005,4.000000000000001e-05
4414,949,dhmix_979415629850644100,949,EnthalpyOfMixing,<Substance CN1CCNCC1{solv}{x=0.199800}|O{solv}{x=0.800200}>,CN1CCNCC1,O,Protein-Null-0.0.3-Pair-NMR-1E4-Umbrella-1E3-4-AAQAA3-1E3-3-OPC3_opc3,1,-4.4925203672796705,0.0247411632630849,-4.495,0.048
4415,950,dhmix_1386641258873877278,950,EnthalpyOfMixing,<Substance CN1CCNCC1{solv}{x=0.792600}|O{solv}{x=0.207400}>,CN1CCNCC1,O,Protein-Null-0.0.3-Pair-NMR-1E4-Umbrella-1E3-4-AAQAA3-1E3-3-OPC3_opc3,1,-1.1849421083782945,0.0625398882269461,-1.753,0.019
4416,951,dhmix_1572121970391530461,951,EnthalpyOfMixing,<Substance CN1CCNCC1{solv}{x=0.550000}|O{solv}{x=0.450000}>,CN1CCNCC1,O,Protein-Null-0.0.3-Pair-NMR-1E4-Umbrella-1E3-4-AAQAA3-1E3-3-OPC3_opc3,1,-3.5948053968533316,0.0359303131488669,-3.547,0.038
4417,952,dens_1756096179620961699,952,Density,<Substance CN1CCNCC1{solv}{x=0.510900}|O{solv}{x=0.489100}>,CN1CCNCC1,O,Protein-Null-0.0.3-Pair-NMR-1E4-Umbrella-1E3-4-AAQAA3-1E3-3-OPC3_opc3,1,0.9757703750942092,0.0003331537612428,0.9464100000000002,7.000000000000002e-05
4418,953,dens_1892970147583328629,953,Density,<Substance CN1CCNCC1{solv}{x=0.706500}|O{solv}{x=0.293500}>,CN1CCNCC1,O,Protein-Null-0.0.3-Pair-NMR-1E4-Umbrella-1E3-4-AAQAA3-1E3-3-OPC3_opc3,1,0.9601844523597404,0.0005729677013793,0.9223100000000002,8.500000000000002e-05
4419,954,dhmix_681274412655414068,954,EnthalpyOfMixing,<Substance CCCOC(=O)CC{solv}{x=0.739400}|Cc1ccccc1{solv}{x=0.260600}>,CCCOC(=O)CC,Cc1ccccc1,Protein-Null-0.0.3-Pair-NMR-1E4-Umbrella-1E3-4-AAQAA3-1E3-3-OPC3_opc3,1,-0.3971656525931806,0.0461141729705542,-0.1135,0.0033
4420,955,dhmix_720914323963600437,955,EnthalpyOfMixing,<Substance CCCOC(=O)CC{solv}{x=0.238900}|Cc1ccccc1{solv}{x=0.761100}>,CCCOC(=O)CC,Cc1ccccc1,Protein-Null-0.0.3-Pair-NMR-1E4-Umbrella-1E3-4-AAQAA3-1E3-3-OPC3_opc3,1,-0.2920273089648475,0.0415736358303893,-0.1404,0.0037
4421,956,dens_1397630560016316656,956,Density,<Substance CCCOC(=O)CC{solv}{x=0.274700}|Cc1ccccc1{solv}{x=0.725300}>,CCCOC(=O)CC,Cc1ccccc1,Protein-Null-0.0.3-Pair-NMR-1E4-Umbrella-1E3-4-AAQAA3-1E3-3-OPC3_opc3,1,0.8571851938857857,0.0002157158395406,0.8675700000000003,0.00018
4422,957,dhmix_1646061995263935606,957,EnthalpyOfMixing,<Substance CCCOC(=O)CC{solv}{x=0.548600}|Cc1ccccc1{solv}{x=0.451400}>,CCCOC(=O)CC,Cc1ccccc1,Protein-Null-0.0.3-Pair-NMR-1E4-Umbrella-1E3-4-AAQAA3-1E3-3-OPC3_opc3,1,-0.2939250204442913,0.0448946679317267,-0.1583,0.004
4423,958,dens_1792064777238352129,958,Density,<Substance CCCOC(=O)CC{solv}{x=0.490700}|Cc1ccccc1{solv}{x=0.509300}>,CCCOC(=O)CC,Cc1ccccc1,Protein-Null-0.0.3-Pair-NMR-1E4-Umbrella-1E3-4-AAQAA3-1E3-3-OPC3_opc3,1,0.8629630969410803,0.000229006316871,0.8707300000000002,0.00019
4424,959,dens_1826904081955826008,959,Density,<Substance CCCOC(=O)CC{solv}{x=0.734600}|Cc1ccccc1{solv}{x=0.265400}>,CCCOC(=O)CC,Cc1ccccc1,Protein-Null-0.0.3-Pair-NMR-1E4-Umbrella-1E3-4-AAQAA3-1E3-3-OPC3_opc3,1,0.8674358217917163,0.0002150127641853,0.8734100000000001,0.00021
4425,960,dens_685747331874801159,960,Density,<Substance CN1CCOCC1{solv}{x=0.498300}|O{solv}{x=0.501700}>,CN1CCOCC1,O,Protein-Null-0.0.3-Pair-NMR-1E4-Umbrella-1E3-4-AAQAA3-1E3-3-OPC3_opc3,1,0.980133120565409,0.0003587902527468,0.9627600000000002,0.00084
4426,961,dens_1087644349445114282,961,Density,<Substance CN1CCOCC1{solv}{x=0.253800}|O{solv}{x=0.746200}>,CN1CCOCC1,O,Protein-Null-0.0.3-Pair-NMR-1E4-Umbrella-1E3-4-AAQAA3-1E3-3-OPC3_opc3,1,0.9958320712112356,0.0004125056317788,0.9918800000000002,0.00059
4427,962,dens_1374975991061431070,962,Density,<Substance CN1CCOCC1{solv}{x=0.758700}|O{solv}{x=0.241300}>,CN1CCOCC1,O,Protein-Null-0.0.3-Pair-NMR-1E4-Umbrella-1E3-4-AAQAA3-1E3-3-OPC3_opc3,1,0.9625966551446504,0.0001912618637602,0.9345300000000002,0.00112
4428,963,dhmix_686592400130667234,963,EnthalpyOfMixing,<Substance BrCCCBr{solv}{x=0.231300}|COC(C)=O{solv}{x=0.768700}>,BrCCCBr,COC(C)=O,Protein-Null-0.0.3-Pair-NMR-1E4-Umbrella-1E3-4-AAQAA3-1E3-3-OPC3_opc3,1,0.1564576880779995,0.0314099405009085,0.2115,0.0024
4429,964,dhmix_691866222529030049,964,EnthalpyOfMixing,<Substance BrCCCBr{solv}{x=0.504200}|COC(C)=O{solv}{x=0.495800}>,BrCCCBr,COC(C)=O,Protein-Null-0.0.3-Pair-NMR-1E4-Umbrella-1E3-4-AAQAA3-1E3-3-OPC3_opc3,1,0.2882429454659565,0.0346036629141456,0.3912,0.0038
4430,965,dens_1032175440351342196,965,Density,<Substance BrCCCBr{solv}{x=0.243500}|COC(C)=O{solv}{x=0.756500}>,BrCCCBr,COC(C)=O,Protein-Null-0.0.3-Pair-NMR-1E4-Umbrella-1E3-4-AAQAA3-1E3-3-OPC3_opc3,1,1.2181085246437886,0.0003441319372433,1.2277600000000002,0.00096
4431,966,dens_1180265274183315765,966,Density,<Substance BrCCCBr{solv}{x=0.713800}|COC(C)=O{solv}{x=0.286200}>,BrCCCBr,COC(C)=O,Protein-Null-0.0.3-Pair-NMR-1E4-Umbrella-1E3-4-AAQAA3-1E3-3-OPC3_opc3,1,1.6689785169622,0.0004949648425871,1.7174300000000005,0.002745
4432,967,dhmix_1380172638999588939,967,EnthalpyOfMixing,<Substance BrCCCBr{solv}{x=0.759400}|COC(C)=O{solv}{x=0.240600}>,BrCCCBr,COC(C)=O,Protein-Null-0.0.3-Pair-NMR-1E4-Umbrella-1E3-4-AAQAA3-1E3-3-OPC3_opc3,1,0.1863911221149248,0.0372541319313691,0.313,0.0032
4433,968,dens_1697077234757321859,968,Density,<Substance BrCCCBr{solv}{x=0.525600}|COC(C)=O{solv}{x=0.474400}>,BrCCCBr,COC(C)=O,Protein-Null-0.0.3-Pair-NMR-1E4-Umbrella-1E3-4-AAQAA3-1E3-3-OPC3_opc3,1,1.503171773601489,0.0005864837459264,1.5338800000000006,0.001965
4434,969,dens_693154680723850561,969,Density,<Substance CN1CCCC1=O{solv}{x=0.756400}|Cc1ccccc1{solv}{x=0.243600}>,CN1CCCC1=O,Cc1ccccc1,Protein-Null-0.0.3-Pair-NMR-1E4-Umbrella-1E3-4-AAQAA3-1E3-3-OPC3_opc3,1,0.9596986337046683,0.0001584831088981,0.9854500000000004,0.00034
4435,970,dhmix_1759507684169085916,970,EnthalpyOfMixing,<Substance CN1CCCC1=O{solv}{x=0.741800}|Cc1ccccc1{solv}{x=0.258200}>,CN1CCCC1=O,Cc1ccccc1,Protein-Null-0.0.3-Pair-NMR-1E4-Umbrella-1E3-4-AAQAA3-1E3-3-OPC3_opc3,1,-0.049501796732251,0.0478283410340244,-0.2141,0.0024
4436,971,dens_1796497685752507694,971,Density,<Substance CN1CCCC1=O{solv}{x=0.481500}|Cc1ccccc1{solv}{x=0.518500}>,CN1CCCC1=O,Cc1ccccc1,Protein-Null-0.0.3-Pair-NMR-1E4-Umbrella-1E3-4-AAQAA3-1E3-3-OPC3_opc3,1,0.9192780910407768,0.0002117505336958,0.9415400000000002,0.00028
4437,972,dhmix_1857599089574133884,972,EnthalpyOfMixing,<Substance CN1CCCC1=O{solv}{x=0.223100}|Cc1ccccc1{solv}{x=0.776900}>,CN1CCCC1=O,Cc1ccccc1,Protein-Null-0.0.3-Pair-NMR-1E4-Umbrella-1E3-4-AAQAA3-1E3-3-OPC3_opc3,1,-0.1093213147315737,0.0425667335021966,-0.1889,0.00215
4438,973,dens_1886489466266398819,973,Density,<Substance CN1CCCC1=O{solv}{x=0.221600}|Cc1ccccc1{solv}{x=0.778400}>,CN1CCCC1=O,Cc1ccccc1,Protein-Null-0.0.3-Pair-NMR-1E4-Umbrella-1E3-4-AAQAA3-1E3-3-OPC3_opc3,1,0.8885403401632732,0.0002248848715649,0.9061600000000002,0.00076
4439,974,dhmix_2238554893157725289,974,EnthalpyOfMixing,<Substance CN1CCCC1=O{solv}{x=0.482100}|Cc1ccccc1{solv}{x=0.517900}>,CN1CCCC1=O,Cc1ccccc1,Protein-Null-0.0.3-Pair-NMR-1E4-Umbrella-1E3-4-AAQAA3-1E3-3-OPC3_opc3,1,-0.0778253252189102,0.0401896577084084,-0.2985,0.0033
4440,975,dens_717951284355382404,975,Density,<Substance CN1CCCC1=O{solv}{x=0.702300}|ClCCCCCCCl{solv}{x=0.297700}>,CN1CCCC1=O,ClCCCCCCCl,Protein-Null-0.0.3-Pair-NMR-1E4-Umbrella-1E3-4-AAQAA3-1E3-3-OPC3_opc3,1,1.0218981535231746,0.0002311375441765,1.0416,0.0003
4441,976,dhmix_859697969059379656,976,EnthalpyOfMixing,<Substance CN1CCCC1=O{solv}{x=0.503000}|ClCCCCCCCl{solv}{x=0.497000}>,CN1CCCC1=O,ClCCCCCCCl,Protein-Null-0.0.3-Pair-NMR-1E4-Umbrella-1E3-4-AAQAA3-1E3-3-OPC3_opc3,1,0.29413351695041,0.0482771354603283,-0.2,0.0025
4442,977,dhmix_916885053388204545,977,EnthalpyOfMixing,<Substance CN1CCCC1=O{solv}{x=0.212000}|ClCCCCCCCl{solv}{x=0.788000}>,CN1CCCC1=O,ClCCCCCCCl,Protein-Null-0.0.3-Pair-NMR-1E4-Umbrella-1E3-4-AAQAA3-1E3-3-OPC3_opc3,1,0.2255458513418489,0.0486292701382526,-0.13,0.002
4443,978,dens_1483670447992291960,978,Density,<Substance CN1CCCC1=O{solv}{x=0.201600}|ClCCCCCCCl{solv}{x=0.798400}>,CN1CCCC1=O,ClCCCCCCCl,Protein-Null-0.0.3-Pair-NMR-1E4-Umbrella-1E3-4-AAQAA3-1E3-3-OPC3_opc3,1,1.0473693327395526,0.0002469454488866,1.0584000000000005,0.00055
4444,979,dens_1896555095774116819,979,Density,<Substance CN1CCCC1=O{solv}{x=0.504900}|ClCCCCCCCl{solv}{x=0.495100}>,CN1CCCC1=O,ClCCCCCCCl,Protein-Null-0.0.3-Pair-NMR-1E4-Umbrella-1E3-4-AAQAA3-1E3-3-OPC3_opc3,1,1.033315192734501,0.0002034653853297,1.0490000000000002,0.00035
4445,980,dhmix_2039443272323887912,980,EnthalpyOfMixing,<Substance CN1CCCC1=O{solv}{x=0.797000}|ClCCCCCCCl{solv}{x=0.203000}>,CN1CCCC1=O,ClCCCCCCCl,Protein-Null-0.0.3-Pair-NMR-1E4-Umbrella-1E3-4-AAQAA3-1E3-3-OPC3_opc3,1,0.2795358794405089,0.0429239351379124,-0.123,0.002
4446,981,dhmix_729169544598225866,981,EnthalpyOfMixing,<Substance CN(C)C=O{solv}{x=0.203000}|ClCCCCCCCl{solv}{x=0.797000}>,CN(C)C=O,ClCCCCCCCl,Protein-Null-0.0.3-Pair-NMR-1E4-Umbrella-1E3-4-AAQAA3-1E3-3-OPC3_opc3,1,0.5792354355559013,0.0520560316337747,0.195,0.0025
4447,982,dhmix_1359105787212172230,982,EnthalpyOfMixing,<Substance CN(C)C=O{solv}{x=0.796000}|ClCCCCCCCl{solv}{x=0.204000}>,CN(C)C=O,ClCCCCCCCl,Protein-Null-0.0.3-Pair-NMR-1E4-Umbrella-1E3-4-AAQAA3-1E3-3-OPC3_opc3,1,0.5254357353504631,0.0387532567874155,0.24,0.0025
4448,983,dhmix_1534380829757525169,983,EnthalpyOfMixing,<Substance CN(C)C=O{solv}{x=0.498000}|ClCCCCCCCl{solv}{x=0.502000}>,CN(C)C=O,ClCCCCCCCl,Protein-Null-0.0.3-Pair-NMR-1E4-Umbrella-1E3-4-AAQAA3-1E3-3-OPC3_opc3,1,0.7332503724581585,0.0446630713858398,0.34,0.0025
4449,984,dens_1752369236407148840,984,Density,<Substance CN(C)C=O{solv}{x=0.503300}|ClCCCCCCCl{solv}{x=0.496700}>,CN(C)C=O,ClCCCCCCCl,Protein-Null-0.0.3-Pair-NMR-1E4-Umbrella-1E3-4-AAQAA3-1E3-3-OPC3_opc3,1,1.0034905368741338,0.0002339261108886,1.0190000000000003,0.00155
4450,985,dens_2070195997725277466,985,Density,<Substance CN(C)C=O{solv}{x=0.703400}|ClCCCCCCCl{solv}{x=0.296600}>,CN(C)C=O,ClCCCCCCCl,Protein-Null-0.0.3-Pair-NMR-1E4-Umbrella-1E3-4-AAQAA3-1E3-3-OPC3_opc3,1,0.9741767103476436,0.0002377606302062,0.9943000000000002,0.0017
4451,986,dens_2171945276872385012,986,Density,<Substance CN(C)C=O{solv}{x=0.201300}|ClCCCCCCCl{solv}{x=0.798700}>,CN(C)C=O,ClCCCCCCCl,Protein-Null-0.0.3-Pair-NMR-1E4-Umbrella-1E3-4-AAQAA3-1E3-3-OPC3_opc3,1,1.03675837100482,0.0002383827882089,1.0486000000000002,0.0014
4452,987,dens_741100297092592576,987,Density,<Substance C1CCCCC1{solv}{x=0.265900}|C1CCOCC1{solv}{x=0.734100}>,C1CCCCC1,C1CCOCC1,Protein-Null-0.0.3-Pair-NMR-1E4-Umbrella-1E3-4-AAQAA3-1E3-3-OPC3_opc3,1,0.8324561005084444,0.0002445907575288,0.8470300000000002,0.000505
4453,988,dens_1002639246322609242,988,Density,<Substance C1CCCCC1{solv}{x=0.762200}|C1CCOCC1{solv}{x=0.237800}>,C1CCCCC1,C1CCOCC1,Protein-Null-0.0.3-Pair-NMR-1E4-Umbrella-1E3-4-AAQAA3-1E3-3-OPC3_opc3,1,0.7752065415109237,0.0002215146970564,0.7952000000000002,0.000505
4454,989,dhmix_1171155554844966705,989,EnthalpyOfMixing,<Substance C1CCCCC1{solv}{x=0.247100}|C1CCOCC1{solv}{x=0.752900}>,C1CCCCC1,C1CCOCC1,Protein-Null-0.0.3-Pair-NMR-1E4-Umbrella-1E3-4-AAQAA3-1E3-3-OPC3_opc3,1,0.4721004344692971,0.0371861548570376,0.3613,0.00395
4455,990,dens_2142973677177666085,990,Density,<Substance C1CCCCC1{solv}{x=0.501800}|C1CCOCC1{solv}{x=0.498200}>,C1CCCCC1,C1CCOCC1,Protein-Null-0.0.3-Pair-NMR-1E4-Umbrella-1E3-4-AAQAA3-1E3-3-OPC3_opc3,1,0.803239277804404,0.0001688458338542,0.8211500000000002,0.000505
4456,991,dhmix_2195791820105752985,991,EnthalpyOfMixing,<Substance C1CCCCC1{solv}{x=0.726600}|C1CCOCC1{solv}{x=0.273400}>,C1CCCCC1,C1CCOCC1,Protein-Null-0.0.3-Pair-NMR-1E4-Umbrella-1E3-4-AAQAA3-1E3-3-OPC3_opc3,1,0.5510515312495841,0.0504850925672844,0.4424,0.00485
4457,992,dhmix_2296999979529762407,992,EnthalpyOfMixing,<Substance C1CCCCC1{solv}{x=0.499000}|C1CCOCC1{solv}{x=0.501000}>,C1CCCCC1,C1CCOCC1,Protein-Null-0.0.3-Pair-NMR-1E4-Umbrella-1E3-4-AAQAA3-1E3-3-OPC3_opc3,1,0.6646404054386892,0.0346731833106902,0.526,0.0055
4458,993,dhmix_744994939606384802,993,EnthalpyOfMixing,<Substance CO{solv}{x=0.300000}|O{solv}{x=0.700000}>,CO,O,Protein-Null-0.0.3-Pair-NMR-1E4-Umbrella-1E3-4-AAQAA3-1E3-3-OPC3_opc3,1,-0.1442127615007038,0.0217386641665048,-0.85,0.005
4459,994,dens_1085345433585028387,994,Density,<Substance CO{solv}{x=0.499700}|O{solv}{x=0.500300}>,CO,O,Protein-Null-0.0.3-Pair-NMR-1E4-Umbrella-1E3-4-AAQAA3-1E3-3-OPC3_opc3,1,0.8563472406623958,0.0003832187319082,0.8816900000000003,0.000165
4460,995,dhmix_1126710771921470495,995,EnthalpyOfMixing,<Substance CO{solv}{x=0.700000}|O{solv}{x=0.300000}>,CO,O,Protein-Null-0.0.3-Pair-NMR-1E4-Umbrella-1E3-4-AAQAA3-1E3-3-OPC3_opc3,1,-0.1356304911572081,0.0243419467239199,-0.583,0.0035
4461,996,dens_1258832080354057572,996,Density,<Substance CO{solv}{x=0.300300}|O{solv}{x=0.699700}>,CO,O,Protein-Null-0.0.3-Pair-NMR-1E4-Umbrella-1E3-4-AAQAA3-1E3-3-OPC3_opc3,1,0.9062977331241604,0.0004323982262147,0.9252100000000004,0.000125
4462,997,dens_1758371820245200558,997,Density,<Substance CO{solv}{x=0.760500}|O{solv}{x=0.239500}>,CO,O,Protein-Null-0.0.3-Pair-NMR-1E4-Umbrella-1E3-4-AAQAA3-1E3-3-OPC3_opc3,1,0.8020704673981348,0.000425707477021,0.8289000000000002,0.0001
4463,998,dhmix_1824296469249495553,998,EnthalpyOfMixing,<Substance CO{solv}{x=0.500000}|O{solv}{x=0.500000}>,CO,O,Protein-Null-0.0.3-Pair-NMR-1E4-Umbrella-1E3-4-AAQAA3-1E3-3-OPC3_opc3,1,-0.146159522380513,0.0264893156707516,-0.777,0.0045
4464,999,dhmix_753952445434773754,999,EnthalpyOfMixing,<Substance CCCCCCCCCl{solv}{x=0.493000}|CN1CCCC1=O{solv}{x=0.507000}>,CCCCCCCCCl,CN1CCCC1=O,Protein-Null-0.0.3-Pair-NMR-1E4-Umbrella-1E3-4-AAQAA3-1E3-3-OPC3_opc3,1,1.1749712754356096,0.0486572555669888,0.638,0.0035
4465,1000,dhmix_1273186684325800862,1000,EnthalpyOfMixing,<Substance CCCCCCCCCl{solv}{x=0.783000}|CN1CCCC1=O{solv}{x=0.217000}>,CCCCCCCCCl,CN1CCCC1=O,Protein-Null-0.0.3-Pair-NMR-1E4-Umbrella-1E3-4-AAQAA3-1E3-3-OPC3_opc3,1,0.7653407954578739,0.0568110239633335,0.371,0.003
4466,1001,dhmix_1457789704046029008,1001,EnthalpyOfMixing,<Substance CCCCCCCCCl{solv}{x=0.202000}|CN1CCCC1=O{solv}{x=0.798000}>,CCCCCCCCCl,CN1CCCC1=O,Protein-Null-0.0.3-Pair-NMR-1E4-Umbrella-1E3-4-AAQAA3-1E3-3-OPC3_opc3,1,0.8707750066015478,0.0449055535142278,0.5,0.0035
4467,1002,dens_1965529278608066299,1002,Density,<Substance CCCCCCCCCl{solv}{x=0.299500}|CN1CCCC1=O{solv}{x=0.700500}>,CCCCCCCCCl,CN1CCCC1=O,Protein-Null-0.0.3-Pair-NMR-1E4-Umbrella-1E3-4-AAQAA3-1E3-3-OPC3_opc3,1,0.940268365584322,0.0002068413372542,0.9598000000000002,0.00025
4468,1003,dens_2167805246575708222,1003,Density,<Substance CCCCCCCCCl{solv}{x=0.798600}|CN1CCCC1=O{solv}{x=0.201400}>,CCCCCCCCCl,CN1CCCC1=O,Protein-Null-0.0.3-Pair-NMR-1E4-Umbrella-1E3-4-AAQAA3-1E3-3-OPC3_opc3,1,0.8762325266941593,0.0001748210318391,0.8888000000000001,0.00055
4469,1004,dens_2177162670107081086,1004,Density,<Substance CCCCCCCCCl{solv}{x=0.497900}|CN1CCCC1=O{solv}{x=0.502100}>,CCCCCCCCCl,CN1CCCC1=O,Protein-Null-0.0.3-Pair-NMR-1E4-Umbrella-1E3-4-AAQAA3-1E3-3-OPC3_opc3,1,0.9111624768041604,0.0002123599456429,0.9269000000000002,0.00035
4470,1005,dhmix_756380521637559100,1005,EnthalpyOfMixing,<Substance C1COCCO1{solv}{x=0.500000}|O=C1CCCCC1{solv}{x=0.500000}>,C1COCCO1,O=C1CCCCC1,Protein-Null-0.0.3-Pair-NMR-1E4-Umbrella-1E3-4-AAQAA3-1E3-3-OPC3_opc3,1,0.1760462539940164,0.041914604586892,0.28584,0.00154
4471,1006,dens_1139761443535371798,1006,Density,<Substance C1COCCO1{solv}{x=0.459400}|O=C1CCCCC1{solv}{x=0.540600}>,C1COCCO1,O=C1CCCCC1,Protein-Null-0.0.3-Pair-NMR-1E4-Umbrella-1E3-4-AAQAA3-1E3-3-OPC3_opc3,1,0.9600524584010584,0.0001966098004171,0.9762000000000004,0.00025
4472,1007,dhmix_1367833850972054360,1007,EnthalpyOfMixing,<Substance C1COCCO1{solv}{x=0.750000}|O=C1CCCCC1{solv}{x=0.250000}>,C1COCCO1,O=C1CCCCC1,Protein-Null-0.0.3-Pair-NMR-1E4-Umbrella-1E3-4-AAQAA3-1E3-3-OPC3_opc3,1,0.1998193597661099,0.0366481787720748,0.23662,0.001355
4473,1008,dhmix_1533665710565492443,1008,EnthalpyOfMixing,<Substance C1COCCO1{solv}{x=0.250000}|O=C1CCCCC1{solv}{x=0.750000}>,C1COCCO1,O=C1CCCCC1,Protein-Null-0.0.3-Pair-NMR-1E4-Umbrella-1E3-4-AAQAA3-1E3-3-OPC3_opc3,1,0.1319248776348303,0.0398874640645979,0.20076,0.00121
4474,1009,dens_1556646832168598904,1009,Density,<Substance C1COCCO1{solv}{x=0.797800}|O=C1CCCCC1{solv}{x=0.202200}>,C1COCCO1,O=C1CCCCC1,Protein-Null-0.0.3-Pair-NMR-1E4-Umbrella-1E3-4-AAQAA3-1E3-3-OPC3_opc3,1,1.0005283867459729,0.0001653599056023,1.0062000000000002,0.00025
4475,1010,dens_1806066395455679216,1010,Density,<Substance C1COCCO1{solv}{x=0.272000}|O=C1CCCCC1{solv}{x=0.728000}>,C1COCCO1,O=C1CCCCC1,Protein-Null-0.0.3-Pair-NMR-1E4-Umbrella-1E3-4-AAQAA3-1E3-3-OPC3_opc3,1,0.9410708264592302,0.0002047280857207,0.9614000000000004,0.00025
4476,1011,dhmix_781473821930081125,1011,EnthalpyOfMixing,<Substance CCOc1ccccc1{solv}{x=0.765100}|OCc1ccccc1{solv}{x=0.234900}>,CCOc1ccccc1,OCc1ccccc1,Protein-Null-0.0.3-Pair-NMR-1E4-Umbrella-1E3-4-AAQAA3-1E3-3-OPC3_opc3,1,0.8814548935914672,0.0506688611101637,1.083,0.0116
4477,1012,dhmix_966435122735090568,1012,EnthalpyOfMixing,<Substance CCOc1ccccc1{solv}{x=0.063600}|OCc1ccccc1{solv}{x=0.936400}>,CCOc1ccccc1,OCc1ccccc1,Protein-Null-0.0.3-Pair-NMR-1E4-Umbrella-1E3-4-AAQAA3-1E3-3-OPC3_opc3,1,0.275354747561451,0.0553924343728416,0.1901,0.00225
4478,1013,dens_1184318999137642715,1013,Density,<Substance CCOc1ccccc1{solv}{x=0.064200}|OCc1ccccc1{solv}{x=0.935800}>,CCOc1ccccc1,OCc1ccccc1,Protein-Null-0.0.3-Pair-NMR-1E4-Umbrella-1E3-4-AAQAA3-1E3-3-OPC3_opc3,1,1.020402228393095,0.0001906175676497,1.02761,0.00011
4479,1014,dhmix_1518701992890040137,1014,EnthalpyOfMixing,<Substance CCOc1ccccc1{solv}{x=0.549900}|OCc1ccccc1{solv}{x=0.450100}>,CCOc1ccccc1,OCc1ccccc1,Protein-Null-0.0.3-Pair-NMR-1E4-Umbrella-1E3-4-AAQAA3-1E3-3-OPC3_opc3,1,1.033015443565354,0.0463495264822894,1.0561,0.01135
4480,1015,dens_1575045736805268459,1015,Density,<Substance CCOc1ccccc1{solv}{x=0.459800}|OCc1ccccc1{solv}{x=0.540200}>,CCOc1ccccc1,OCc1ccccc1,Protein-Null-0.0.3-Pair-NMR-1E4-Umbrella-1E3-4-AAQAA3-1E3-3-OPC3_opc3,1,0.9837688713593448,0.0002415914897329,0.9925100000000002,0.00016
4481,1016,dens_2214650701288997434,1016,Density,<Substance CCOc1ccccc1{solv}{x=0.757200}|OCc1ccccc1{solv}{x=0.242800}>,CCOc1ccccc1,OCc1ccccc1,Protein-Null-0.0.3-Pair-NMR-1E4-Umbrella-1E3-4-AAQAA3-1E3-3-OPC3_opc3,1,0.96024158128072,0.0002111708529385,0.9686500000000002,0.000215
4482,1017,dens_800807749587668066,1017,Density,<Substance C1CCOCC1{solv}{x=0.733600}|c1ccncc1{solv}{x=0.266400}>,C1CCOCC1,c1ccncc1,Protein-Null-0.0.3-Pair-NMR-1E4-Umbrella-1E3-4-AAQAA3-1E3-3-OPC3_opc3,1,0.8829148797162026,0.000262438169117,0.8933350000000002,0.000358
4483,1018,dhmix_836757145941804043,1018,EnthalpyOfMixing,<Substance C1CCOCC1{solv}{x=0.291500}|c1ccncc1{solv}{x=0.708500}>,C1CCOCC1,c1ccncc1,Protein-Null-0.0.3-Pair-NMR-1E4-Umbrella-1E3-4-AAQAA3-1E3-3-OPC3_opc3,1,0.0320379396526417,0.0311787531412367,0.0898,0.00095
4484,1019,dhmix_1003039131395935786,1019,EnthalpyOfMixing,<Substance C1CCOCC1{solv}{x=0.536300}|c1ccncc1{solv}{x=0.463700}>,C1CCOCC1,c1ccncc1,Protein-Null-0.0.3-Pair-NMR-1E4-Umbrella-1E3-4-AAQAA3-1E3-3-OPC3_opc3,1,0.0715466739621888,0.0274141980851372,0.1573,0.0013
4485,1020,dens_1859030547600172702,1020,Density,<Substance C1CCOCC1{solv}{x=0.241500}|c1ccncc1{solv}{x=0.758500}>,C1CCOCC1,c1ccncc1,Protein-Null-0.0.3-Pair-NMR-1E4-Umbrella-1E3-4-AAQAA3-1E3-3-OPC3_opc3,1,0.9477297830231222,0.0002616556501668,0.9525650000000004,0.000212
4486,1021,dhmix_2191254706131659314,1021,EnthalpyOfMixing,<Substance C1CCOCC1{solv}{x=0.734400}|c1ccncc1{solv}{x=0.265600}>,C1CCOCC1,c1ccncc1,Protein-Null-0.0.3-Pair-NMR-1E4-Umbrella-1E3-4-AAQAA3-1E3-3-OPC3_opc3,1,0.0766421187340782,0.0399265858926952,0.1564,0.0013
4487,1022,dens_2239470871208865925,1022,Density,<Substance C1CCOCC1{solv}{x=0.536400}|c1ccncc1{solv}{x=0.463600}>,C1CCOCC1,c1ccncc1,Protein-Null-0.0.3-Pair-NMR-1E4-Umbrella-1E3-4-AAQAA3-1E3-3-OPC3_opc3,1,0.903675129550702,0.0002502890301193,0.9124250000000002,0.0002965
4488,1023,dens_801655585640229277,1023,Density,<Substance C1CCOCC1{solv}{x=0.777600}|CCCC(C)=O{solv}{x=0.222400}>,C1CCOCC1,CCCC(C)=O,Protein-Null-0.0.3-Pair-NMR-1E4-Umbrella-1E3-4-AAQAA3-1E3-3-OPC3_opc3,1,0.8455619651698079,0.0002680702343854,0.8602600000000002,0.000225
4489,1024,dhmix_1175081460677389458,1024,EnthalpyOfMixing,<Substance C1CCOCC1{solv}{x=0.250000}|CCCC(C)=O{solv}{x=0.750000}>,C1CCOCC1,CCCC(C)=O,Protein-Null-0.0.3-Pair-NMR-1E4-Umbrella-1E3-4-AAQAA3-1E3-3-OPC3_opc3,1,0.0946427336823809,0.045031735499325,0.06014,0.00063
4490,1025,dens_1481139606755572767,1025,Density,<Substance C1CCOCC1{solv}{x=0.236100}|CCCC(C)=O{solv}{x=0.763900}>,C1CCOCC1,CCCC(C)=O,Protein-Null-0.0.3-Pair-NMR-1E4-Umbrella-1E3-4-AAQAA3-1E3-3-OPC3_opc3,1,0.7989449803401015,0.0002246989361005,0.8183900000000002,0.000215
4491,1026,dhmix_1531586108535895092,1026,EnthalpyOfMixing,<Substance C1CCOCC1{solv}{x=0.750000}|CCCC(C)=O{solv}{x=0.250000}>,C1CCOCC1,CCCC(C)=O,Protein-Null-0.0.3-Pair-NMR-1E4-Umbrella-1E3-4-AAQAA3-1E3-3-OPC3_opc3,1,0.1897714296477275,0.0428307837730458,0.08245,0.000715
4492,1027,dhmix_2074691820693967219,1027,EnthalpyOfMixing,<Substance C1CCOCC1{solv}{x=0.500000}|CCCC(C)=O{solv}{x=0.500000}>,C1CCOCC1,CCCC(C)=O,Protein-Null-0.0.3-Pair-NMR-1E4-Umbrella-1E3-4-AAQAA3-1E3-3-OPC3_opc3,1,0.1973433931429227,0.0420364840775758,0.09128,0.000745
4493,1028,dens_2180187104403779312,1028,Density,<Substance C1CCOCC1{solv}{x=0.504600}|CCCC(C)=O{solv}{x=0.495400}>,C1CCOCC1,CCCC(C)=O,Protein-Null-0.0.3-Pair-NMR-1E4-Umbrella-1E3-4-AAQAA3-1E3-3-OPC3_opc3,1,0.8208102781098041,0.0002229884958886,0.8386000000000002,0.00022
4494,1029,dhmix_814516627068967115,1029,EnthalpyOfMixing,<Substance CCCOC=O{solv}{x=0.230800}|ClCCCCl{solv}{x=0.769200}>,CCCOC=O,ClCCCCl,Protein-Null-0.0.3-Pair-NMR-1E4-Umbrella-1E3-4-AAQAA3-1E3-3-OPC3_opc3,1,0.3193427528369597,0.0396919041340261,-0.054,0.001
4495,1030,dens_853749747181024442,1030,Density,<Substance CCCOC=O{solv}{x=0.525500}|ClCCCCl{solv}{x=0.474500}>,CCCOC=O,ClCCCCl,Protein-Null-0.0.3-Pair-NMR-1E4-Umbrella-1E3-4-AAQAA3-1E3-3-OPC3_opc3,1,1.028879759949054,0.0002915522484893,1.0302400000000005,0.00176
4496,1031,dhmix_1623640482466530427,1031,EnthalpyOfMixing,<Substance CCCOC=O{solv}{x=0.750900}|ClCCCCl{solv}{x=0.249100}>,CCCOC=O,ClCCCCl,Protein-Null-0.0.3-Pair-NMR-1E4-Umbrella-1E3-4-AAQAA3-1E3-3-OPC3_opc3,1,0.1976706912237453,0.041234393128953,-0.088,0.001
4497,1032,dens_1998603470347754754,1032,Density,<Substance CCCOC=O{solv}{x=0.233600}|ClCCCCl{solv}{x=0.766400}>,CCCOC=O,ClCCCCl,Protein-Null-0.0.3-Pair-NMR-1E4-Umbrella-1E3-4-AAQAA3-1E3-3-OPC3_opc3,1,1.09804173687143,0.000339403957059,1.1122200000000002,0.00274
4498,1033,dhmix_2003217087101692001,1033,EnthalpyOfMixing,<Substance CCCOC=O{solv}{x=0.514500}|ClCCCCl{solv}{x=0.485500}>,CCCOC=O,ClCCCCl,Protein-Null-0.0.3-Pair-NMR-1E4-Umbrella-1E3-4-AAQAA3-1E3-3-OPC3_opc3,1,0.2914704269419133,0.0348727260976308,-0.114,0.0015
4499,1034,dens_2020761603812222512,1034,Density,<Substance CCCOC=O{solv}{x=0.763600}|ClCCCCl{solv}{x=0.236400}>,CCCOC=O,ClCCCCl,Protein-Null-0.0.3-Pair-NMR-1E4-Umbrella-1E3-4-AAQAA3-1E3-3-OPC3_opc3,1,0.9710123644538536,0.0002839357815024,0.9644500000000004,0.00119
4500,1035,dens_828893303895070246,1035,Density,<Substance C1CCCCC1{solv}{x=0.249800}|CCCCCCCC{solv}{x=0.750200}>,C1CCCCC1,CCCCCCCC,Protein-Null-0.0.3-Pair-NMR-1E4-Umbrella-1E3-4-AAQAA3-1E3-3-OPC3_opc3,1,0.696341127314474,0.0001869347167698,0.7110900000000002,0.000605
4501,1036,dhmix_1288938247372010686,1036,EnthalpyOfMixing,<Substance C1CCCCC1{solv}{x=0.751300}|CCCCCCCC{solv}{x=0.248700}>,C1CCCCC1,CCCCCCCC,Protein-Null-0.0.3-Pair-NMR-1E4-Umbrella-1E3-4-AAQAA3-1E3-3-OPC3_opc3,1,0.3109458502732991,0.0438338486684869,0.23,0.005
4502,1037,dens_1398337515687242649,1037,Density,<Substance C1CCCCC1{solv}{x=0.477700}|CCCCCCCC{solv}{x=0.522300}>,C1CCCCC1,CCCCCCCC,Protein-Null-0.0.3-Pair-NMR-1E4-Umbrella-1E3-4-AAQAA3-1E3-3-OPC3_opc3,1,0.7085650783838567,0.0001914581854479,0.7250300000000002,0.000585
4503,1038,dhmix_1429498464152515756,1038,EnthalpyOfMixing,<Substance C1CCCCC1{solv}{x=0.532400}|CCCCCCCC{solv}{x=0.467600}>,C1CCCCC1,CCCCCCCC,Protein-Null-0.0.3-Pair-NMR-1E4-Umbrella-1E3-4-AAQAA3-1E3-3-OPC3_opc3,1,0.3382552532567473,0.0461462655255991,0.258,0.005
4504,1039,dens_2267960821195706299,1039,Density,<Substance C1CCCCC1{solv}{x=0.796100}|CCCCCCCC{solv}{x=0.203900}>,C1CCCCC1,CCCCCCCC,Protein-Null-0.0.3-Pair-NMR-1E4-Umbrella-1E3-4-AAQAA3-1E3-3-OPC3_opc3,1,0.7310481114359939,0.0001757682607339,0.7509700000000002,0.00055
4505,1040,dhmix_2289023418386220795,1040,EnthalpyOfMixing,<Substance C1CCCCC1{solv}{x=0.274400}|CCCCCCCC{solv}{x=0.725600}>,C1CCCCC1,CCCCCCCC,Protein-Null-0.0.3-Pair-NMR-1E4-Umbrella-1E3-4-AAQAA3-1E3-3-OPC3_opc3,1,0.1215603552259381,0.0422282540813014,0.18,0.005
4506,1041,dens_848374876759596361,1041,Density,<Substance CC(C)OC(C)C{solv}{x=0.284600}|CCCCCl{solv}{x=0.715400}>,CC(C)OC(C)C,CCCCCl,Protein-Null-0.0.3-Pair-NMR-1E4-Umbrella-1E3-4-AAQAA3-1E3-3-OPC3_opc3,1,0.8166668407177918,0.0002872563181325,0.8263210000000002,0.000365
4507,1042,dens_917492506874956672,1042,Density,<Substance CC(C)OC(C)C{solv}{x=0.808200}|CCCCCl{solv}{x=0.191800}>,CC(C)OC(C)C,CCCCCl,Protein-Null-0.0.3-Pair-NMR-1E4-Umbrella-1E3-4-AAQAA3-1E3-3-OPC3_opc3,1,0.7578986736248694,0.0002431195251202,0.7440910000000002,0.000448
4508,1043,dhmix_1107367594793013993,1043,EnthalpyOfMixing,<Substance CC(C)OC(C)C{solv}{x=0.272700}|CCCCCl{solv}{x=0.727300}>,CC(C)OC(C)C,CCCCCl,Protein-Null-0.0.3-Pair-NMR-1E4-Umbrella-1E3-4-AAQAA3-1E3-3-OPC3_opc3,1,-0.1323960101307193,0.0333074443131497,-0.0785,0.001
4509,1044,dhmix_1310204607958463222,1044,EnthalpyOfMixing,<Substance CC(C)OC(C)C{solv}{x=0.454700}|CCCCCl{solv}{x=0.545300}>,CC(C)OC(C)C,CCCCCl,Protein-Null-0.0.3-Pair-NMR-1E4-Umbrella-1E3-4-AAQAA3-1E3-3-OPC3_opc3,1,-0.1916270593000462,0.0321258921812611,-0.0954,0.0012
4510,1045,dhmix_1605157292498138629,1045,EnthalpyOfMixing,<Substance CC(C)OC(C)C{solv}{x=0.727400}|CCCCCl{solv}{x=0.272600}>,CC(C)OC(C)C,CCCCCl,Protein-Null-0.0.3-Pair-NMR-1E4-Umbrella-1E3-4-AAQAA3-1E3-3-OPC3_opc3,1,-0.1679062413190948,0.045117400077007,-0.0732,0.00095
4511,1046,dens_1927916489732771888,1046,Density,<Substance CC(C)OC(C)C{solv}{x=0.484000}|CCCCCl{solv}{x=0.516000}>,CC(C)OC(C)C,CCCCCl,Protein-Null-0.0.3-Pair-NMR-1E4-Umbrella-1E3-4-AAQAA3-1E3-3-OPC3_opc3,1,0.792691136895844,0.0002851375549808,0.7925060000000002,0.0004005
4512,1047,dens_860008765681738590,1047,Density,<Substance CN(CCO)CCO{solv}{x=0.231260}|c1ccncc1{solv}{x=0.768740}>,CN(CCO)CCO,c1ccncc1,Protein-Null-0.0.3-Pair-NMR-1E4-Umbrella-1E3-4-AAQAA3-1E3-3-OPC3_opc3,1,0.99412442716693,0.0002291409042776,0.9906030000000002,0.0001015
4513,1048,dens_1253280811379348869,1048,Density,<Substance CN(CCO)CCO{solv}{x=0.670000}|c1ccncc1{solv}{x=0.330000}>,CN(CCO)CCO,c1ccncc1,Protein-Null-0.0.3-Pair-NMR-1E4-Umbrella-1E3-4-AAQAA3-1E3-3-OPC3_opc3,1,1.022285761350875,0.0002204049978984,1.0161020000000005,0.000102
4514,1049,dhmix_1381513140604048573,1049,EnthalpyOfMixing,<Substance CN(CCO)CCO{solv}{x=0.473760}|c1ccncc1{solv}{x=0.526240}>,CN(CCO)CCO,c1ccncc1,Protein-Null-0.0.3-Pair-NMR-1E4-Umbrella-1E3-4-AAQAA3-1E3-3-OPC3_opc3,1,0.2204386082987213,0.03718000399927,-0.093,0.001
4515,1050,dens_1460709448836415360,1050,Density,<Substance CN(CCO)CCO{solv}{x=0.473530}|c1ccncc1{solv}{x=0.526470}>,CN(CCO)CCO,c1ccncc1,Protein-Null-0.0.3-Pair-NMR-1E4-Umbrella-1E3-4-AAQAA3-1E3-3-OPC3_opc3,1,1.0105120798286358,0.0002274794627645,1.0044450000000005,0.0001015
4516,1051,dhmix_2085036308089359597,1051,EnthalpyOfMixing,<Substance CN(CCO)CCO{solv}{x=0.230610}|c1ccncc1{solv}{x=0.769390}>,CN(CCO)CCO,c1ccncc1,Protein-Null-0.0.3-Pair-NMR-1E4-Umbrella-1E3-4-AAQAA3-1E3-3-OPC3_opc3,1,0.157182403937206,0.0389371083697836,-0.032,0.001
4517,1052,dhmix_2287943921901918379,1052,EnthalpyOfMixing,<Substance CN(CCO)CCO{solv}{x=0.669580}|c1ccncc1{solv}{x=0.330420}>,CN(CCO)CCO,c1ccncc1,Protein-Null-0.0.3-Pair-NMR-1E4-Umbrella-1E3-4-AAQAA3-1E3-3-OPC3_opc3,1,0.0584979696443923,0.0495895416734092,-0.12,0.0015
4518,1053,dens_929806754028972955,1053,Density,<Substance CCCC(=O)OC{solv}{x=0.695800}|COC(C)=O{solv}{x=0.304200}>,CCCC(=O)OC,COC(C)=O,Protein-Null-0.0.3-Pair-NMR-1E4-Umbrella-1E3-4-AAQAA3-1E3-3-OPC3_opc3,1,0.8992574515672254,0.0002137275142039,0.8997600000000002,0.000505
4519,1054,dhmix_1093843275803987368,1054,EnthalpyOfMixing,<Substance CCCC(=O)OC{solv}{x=0.482200}|COC(C)=O{solv}{x=0.517800}>,CCCC(=O)OC,COC(C)=O,Protein-Null-0.0.3-Pair-NMR-1E4-Umbrella-1E3-4-AAQAA3-1E3-3-OPC3_opc3,1,0.0697091683105703,0.033821392792708,0.151,0.002
4520,1055,dens_1187818937240241755,1055,Density,<Substance CCCC(=O)OC{solv}{x=0.253600}|COC(C)=O{solv}{x=0.746400}>,CCCC(=O)OC,COC(C)=O,Protein-Null-0.0.3-Pair-NMR-1E4-Umbrella-1E3-4-AAQAA3-1E3-3-OPC3_opc3,1,0.91648230538233,0.0002734195771826,0.9147400000000002,0.000505
4521,1056,dens_1462283017082249050,1056,Density,<Substance CCCC(=O)OC{solv}{x=0.545600}|COC(C)=O{solv}{x=0.454400}>,CCCC(=O)OC,COC(C)=O,Protein-Null-0.0.3-Pair-NMR-1E4-Umbrella-1E3-4-AAQAA3-1E3-3-OPC3_opc3,1,0.9035645130217248,0.0002651659387574,0.9041900000000004,0.000505
4522,1057,dhmix_1514470349370367756,1057,EnthalpyOfMixing,<Substance CCCC(=O)OC{solv}{x=0.226000}|COC(C)=O{solv}{x=0.774000}>,CCCC(=O)OC,COC(C)=O,Protein-Null-0.0.3-Pair-NMR-1E4-Umbrella-1E3-4-AAQAA3-1E3-3-OPC3_opc3,1,0.0887979210875116,0.0385505520734221,0.102,0.0015
4523,1058,dhmix_1615966506855005599,1058,EnthalpyOfMixing,<Substance CCCC(=O)OC{solv}{x=0.695800}|COC(C)=O{solv}{x=0.304200}>,CCCC(=O)OC,COC(C)=O,Protein-Null-0.0.3-Pair-NMR-1E4-Umbrella-1E3-4-AAQAA3-1E3-3-OPC3_opc3,1,0.0794267444215215,0.041327478965382,0.122,0.0015
4524,1059,dens_931039395662625393,1059,Density,<Substance BrCCBr{solv}{x=0.510700}|CCOC=O{solv}{x=0.489300}>,BrCCBr,CCOC=O,Protein-Null-0.0.3-Pair-NMR-1E4-Umbrella-1E3-4-AAQAA3-1E3-3-OPC3_opc3,1,1.564207957868803,0.0005380862736596,1.5742900000000004,0.00125
4525,1060,dhmix_1379448524788285045,1060,EnthalpyOfMixing,<Substance BrCCBr{solv}{x=0.503000}|CCOC=O{solv}{x=0.497000}>,BrCCBr,CCOC=O,Protein-Null-0.0.3-Pair-NMR-1E4-Umbrella-1E3-4-AAQAA3-1E3-3-OPC3_opc3,1,0.3187428474198928,0.0330925200210403,0.404,0.0054
4526,1061,dhmix_1589211680683586133,1061,EnthalpyOfMixing,<Substance BrCCBr{solv}{x=0.247500}|CCOC=O{solv}{x=0.752500}>,BrCCBr,CCOC=O,Protein-Null-0.0.3-Pair-NMR-1E4-Umbrella-1E3-4-AAQAA3-1E3-3-OPC3_opc3,1,0.0773785588209037,0.0298890777752357,0.2492,0.0035
4527,1062,dens_1816072583621776909,1062,Density,<Substance BrCCBr{solv}{x=0.282500}|CCOC=O{solv}{x=0.717500}>,BrCCBr,CCOC=O,Protein-Null-0.0.3-Pair-NMR-1E4-Umbrella-1E3-4-AAQAA3-1E3-3-OPC3_opc3,1,1.2946993656143182,0.0004088068571919,1.2851500000000005,0.00131
4528,1063,dens_1857279480363338972,1063,Density,<Substance BrCCBr{solv}{x=0.750600}|CCOC=O{solv}{x=0.249400}>,BrCCBr,CCOC=O,Protein-Null-0.0.3-Pair-NMR-1E4-Umbrella-1E3-4-AAQAA3-1E3-3-OPC3_opc3,1,1.8303636408309103,0.0007020572924313,1.8698300000000003,0.000995
4529,1064,dhmix_2225135654541562913,1064,EnthalpyOfMixing,<Substance BrCCBr{solv}{x=0.734600}|CCOC=O{solv}{x=0.265400}>,BrCCBr,CCOC=O,Protein-Null-0.0.3-Pair-NMR-1E4-Umbrella-1E3-4-AAQAA3-1E3-3-OPC3_opc3,1,0.2215022598094584,0.0340460039942636,0.3604,0.00485
4530,1065,dhmix_933824509566848172,1065,EnthalpyOfMixing,<Substance C1COCO1{solv}{x=0.350000}|CCCC(C)=O{solv}{x=0.650000}>,C1COCO1,CCCC(C)=O,Protein-Null-0.0.3-Pair-NMR-1E4-Umbrella-1E3-4-AAQAA3-1E3-3-OPC3_opc3,1,0.26533645722008,0.0382028371234419,0.17755,0.001095
4531,1066,dens_1326756646981901590,1066,Density,<Substance C1COCO1{solv}{x=0.717400}|CCCC(C)=O{solv}{x=0.282600}>,C1COCO1,CCCC(C)=O,Protein-Null-0.0.3-Pair-NMR-1E4-Umbrella-1E3-4-AAQAA3-1E3-3-OPC3_opc3,1,0.9722238862856536,0.0002094450230632,0.9625500000000002,0.000245
4532,1067,dhmix_1386053902220878259,1067,EnthalpyOfMixing,<Substance C1COCO1{solv}{x=0.500000}|CCCC(C)=O{solv}{x=0.500000}>,C1COCO1,CCCC(C)=O,Protein-Null-0.0.3-Pair-NMR-1E4-Umbrella-1E3-4-AAQAA3-1E3-3-OPC3_opc3,1,0.3524212049413222,0.0388447300951564,0.21077,0.00122
4533,1068,dens_1490997112604690080,1068,Density,<Substance C1COCO1{solv}{x=0.349900}|CCCC(C)=O{solv}{x=0.650100}>,C1COCO1,CCCC(C)=O,Protein-Null-0.0.3-Pair-NMR-1E4-Umbrella-1E3-4-AAQAA3-1E3-3-OPC3_opc3,1,0.8603299567266949,0.0002529240829859,0.8687200000000003,0.00022
4534,1069,dens_1979377813631413053,1069,Density,<Substance C1COCO1{solv}{x=0.516900}|CCCC(C)=O{solv}{x=0.483100}>,C1COCO1,CCCC(C)=O,Protein-Null-0.0.3-Pair-NMR-1E4-Umbrella-1E3-4-AAQAA3-1E3-3-OPC3_opc3,1,0.9067649357631932,0.0002258042290392,0.9078200000000004,0.00023
4535,1070,dhmix_2113009728753201792,1070,EnthalpyOfMixing,<Substance C1COCO1{solv}{x=0.750000}|CCCC(C)=O{solv}{x=0.250000}>,C1COCO1,CCCC(C)=O,Protein-Null-0.0.3-Pair-NMR-1E4-Umbrella-1E3-4-AAQAA3-1E3-3-OPC3_opc3,1,0.3160337820486845,0.0335312843402096,0.17046,0.00107
4536,1071,dhmix_962524540250306235,1071,EnthalpyOfMixing,<Substance Cc1ccccc1N{solv}{x=0.268100}|c1ccncc1{solv}{x=0.731900}>,Cc1ccccc1N,c1ccncc1,Protein-Null-0.0.3-Pair-NMR-1E4-Umbrella-1E3-4-AAQAA3-1E3-3-OPC3_opc3,1,-1.4214927090658165,0.042993824075253,-0.8915,0.0182
4537,1072,dhmix_1000930562998604270,1072,EnthalpyOfMixing,<Substance Cc1ccccc1N{solv}{x=0.773500}|c1ccncc1{solv}{x=0.226500}>,Cc1ccccc1N,c1ccncc1,Protein-Null-0.0.3-Pair-NMR-1E4-Umbrella-1E3-4-AAQAA3-1E3-3-OPC3_opc3,1,-1.0915889670982644,0.0446937671239733,-0.7828,0.016
4538,1073,dens_1203111494553524663,1073,Density,<Substance Cc1ccccc1N{solv}{x=0.483700}|c1ccncc1{solv}{x=0.516300}>,Cc1ccccc1N,c1ccncc1,Protein-Null-0.0.3-Pair-NMR-1E4-Umbrella-1E3-4-AAQAA3-1E3-3-OPC3_opc3,1,1.003096572673034,0.0001940627364263,0.9912370000000004,0.000117
4539,1074,dens_1316174752280431242,1074,Density,<Substance Cc1ccccc1N{solv}{x=0.237400}|c1ccncc1{solv}{x=0.762600}>,Cc1ccccc1N,c1ccncc1,Protein-Null-0.0.3-Pair-NMR-1E4-Umbrella-1E3-4-AAQAA3-1E3-3-OPC3_opc3,1,0.992763917736147,0.0001883271750316,0.9863750000000002,0.000118
4540,1075,dhmix_1371524052813651708,1075,EnthalpyOfMixing,<Substance Cc1ccccc1N{solv}{x=0.482600}|c1ccncc1{solv}{x=0.517400}>,Cc1ccccc1N,c1ccncc1,Protein-Null-0.0.3-Pair-NMR-1E4-Umbrella-1E3-4-AAQAA3-1E3-3-OPC3_opc3,1,-1.7595239538396683,0.0389975347310803,-1.0329,0.02105
4541,1076,dens_2188924364196997512,1076,Density,<Substance Cc1ccccc1N{solv}{x=0.767800}|c1ccncc1{solv}{x=0.232200}>,Cc1ccccc1N,c1ccncc1,Protein-Null-0.0.3-Pair-NMR-1E4-Umbrella-1E3-4-AAQAA3-1E3-3-OPC3_opc3,1,1.0113948338657373,0.0002319870737792,0.9936220000000002,0.000117
4542,1077,dens_964556344607822867,1077,Density,<Substance CCCCCCCCC{solv}{x=0.696300}|COC(C)(C)C{solv}{x=0.303700}>,CCCCCCCCC,COC(C)(C)C,Protein-Null-0.0.3-Pair-NMR-1E4-Umbrella-1E3-4-AAQAA3-1E3-3-OPC3_opc3,1,0.7092957554084164,0.0001714537562248,0.7173600000000002,0.000295
4543,1078,dhmix_1091489740441728210,1078,EnthalpyOfMixing,<Substance CCCCCCCCC{solv}{x=0.260100}|COC(C)(C)C{solv}{x=0.739900}>,CCCCCCCCC,COC(C)(C)C,Protein-Null-0.0.3-Pair-NMR-1E4-Umbrella-1E3-4-AAQAA3-1E3-3-OPC3_opc3,1,0.5122675011725875,0.0399696194542091,0.371,0.0075
4544,1079,dens_1264105858192356202,1079,Density,<Substance CCCCCCCCC{solv}{x=0.499200}|COC(C)(C)C{solv}{x=0.500800}>,CCCCCCCCC,COC(C)(C)C,Protein-Null-0.0.3-Pair-NMR-1E4-Umbrella-1E3-4-AAQAA3-1E3-3-OPC3_opc3,1,0.7153749103595795,0.0002090728211588,0.7207300000000002,0.00029
4545,1080,dhmix_1760873631242020891,1080,EnthalpyOfMixing,<Substance CCCCCCCCC{solv}{x=0.759600}|COC(C)(C)C{solv}{x=0.240400}>,CCCCCCCCC,COC(C)(C)C,Protein-Null-0.0.3-Pair-NMR-1E4-Umbrella-1E3-4-AAQAA3-1E3-3-OPC3_opc3,1,0.4591652346506691,0.0466211436689313,0.345,0.007
4546,1081,dens_2012579877169955729,1081,Density,<Substance CCCCCCCCC{solv}{x=0.199500}|COC(C)(C)C{solv}{x=0.800500}>,CCCCCCCCC,COC(C)(C)C,Protein-Null-0.0.3-Pair-NMR-1E4-Umbrella-1E3-4-AAQAA3-1E3-3-OPC3_opc3,1,0.7294438520291223,0.0002448462279908,0.7281100000000001,0.000285
4547,1082,dhmix_2200368758776542578,1082,EnthalpyOfMixing,<Substance CCCCCCCCC{solv}{x=0.513300}|COC(C)(C)C{solv}{x=0.486700}>,CCCCCCCCC,COC(C)(C)C,Protein-Null-0.0.3-Pair-NMR-1E4-Umbrella-1E3-4-AAQAA3-1E3-3-OPC3_opc3,1,0.6788701017409124,0.0434148136187955,0.486,0.0095
4548,1083,dhmix_972091313059406932,1083,EnthalpyOfMixing,<Substance CCCNCCC{solv}{x=0.248200}|CN(C)C=O{solv}{x=0.751800}>,CCCNCCC,CN(C)C=O,Protein-Null-0.0.3-Pair-NMR-1E4-Umbrella-1E3-4-AAQAA3-1E3-3-OPC3_opc3,1,0.1779332437474607,0.0422535576080816,0.613,0.0195
4549,1084,dhmix_1037416167092316519,1084,EnthalpyOfMixing,<Substance CCCNCCC{solv}{x=0.499500}|CN(C)C=O{solv}{x=0.500500}>,CCCNCCC,CN(C)C=O,Protein-Null-0.0.3-Pair-NMR-1E4-Umbrella-1E3-4-AAQAA3-1E3-3-OPC3_opc3,1,0.1887644719489642,0.0441806269094106,0.748,0.0225
4550,1085,dhmix_1525975551610336413,1085,EnthalpyOfMixing,<Substance CCCNCCC{solv}{x=0.749600}|CN(C)C=O{solv}{x=0.250400}>,CCCNCCC,CN(C)C=O,Protein-Null-0.0.3-Pair-NMR-1E4-Umbrella-1E3-4-AAQAA3-1E3-3-OPC3_opc3,1,0.0375137936168812,0.0370852441019809,0.529,0.017
4551,1086,dens_1610465641813938660,1086,Density,<Substance CCCNCCC{solv}{x=0.745900}|CN(C)C=O{solv}{x=0.254100}>,CCCNCCC,CN(C)C=O,Protein-Null-0.0.3-Pair-NMR-1E4-Umbrella-1E3-4-AAQAA3-1E3-3-OPC3_opc3,1,0.7640903551813678,0.0002147159264557,0.7687320000000002,0.0009355
4552,1087,dens_2129043605695010641,1087,Density,<Substance CCCNCCC{solv}{x=0.503400}|CN(C)C=O{solv}{x=0.496600}>,CCCNCCC,CN(C)C=O,Protein-Null-0.0.3-Pair-NMR-1E4-Umbrella-1E3-4-AAQAA3-1E3-3-OPC3_opc3,1,0.8033555233869378,0.0002037861316686,0.8108000000000002,0.0009885
4553,1088,dens_2129124855081233158,1088,Density,<Substance CCCNCCC{solv}{x=0.252300}|CN(C)C=O{solv}{x=0.747700}>,CCCNCCC,CN(C)C=O,Protein-Null-0.0.3-Pair-NMR-1E4-Umbrella-1E3-4-AAQAA3-1E3-3-OPC3_opc3,1,0.8526069151228263,0.0002388531445137,0.8674480000000002,0.0010625
4554,1089,dhmix_1022139531284796266,1089,EnthalpyOfMixing,<Substance CCCO{solv}{x=0.730200}|O=Cc1ccccc1{solv}{x=0.269800}>,CCCO,O=Cc1ccccc1,Protein-Null-0.0.3-Pair-NMR-1E4-Umbrella-1E3-4-AAQAA3-1E3-3-OPC3_opc3,1,1.0574205398026777,0.0391262832879681,1.3784,0.00585
4555,1090,dens_1530410585842005416,1090,Density,<Substance CCCO{solv}{x=0.802500}|O=Cc1ccccc1{solv}{x=0.197500}>,CCCO,O=Cc1ccccc1,Protein-Null-0.0.3-Pair-NMR-1E4-Umbrella-1E3-4-AAQAA3-1E3-3-OPC3_opc3,1,0.8542992643762766,0.0002491613925236,0.8676000000000003,0.0054
4556,1091,dens_1586325098516354010,1091,Density,<Substance CCCO{solv}{x=0.500300}|O=Cc1ccccc1{solv}{x=0.499700}>,CCCO,O=Cc1ccccc1,Protein-Null-0.0.3-Pair-NMR-1E4-Umbrella-1E3-4-AAQAA3-1E3-3-OPC3_opc3,1,0.9339933053896566,0.0002477308027678,0.9470000000000002,0.0035
4557,1092,dhmix_1860362391399300385,1092,EnthalpyOfMixing,<Substance CCCO{solv}{x=0.237400}|O=Cc1ccccc1{solv}{x=0.762600}>,CCCO,O=Cc1ccccc1,Protein-Null-0.0.3-Pair-NMR-1E4-Umbrella-1E3-4-AAQAA3-1E3-3-OPC3_opc3,1,0.8033487090030746,0.0399124805933435,1.2579,0.0055
4558,1093,dens_2022804020725863961,1093,Density,<Substance CCCO{solv}{x=0.192900}|O=Cc1ccccc1{solv}{x=0.807100}>,CCCO,O=Cc1ccccc1,Protein-Null-0.0.3-Pair-NMR-1E4-Umbrella-1E3-4-AAQAA3-1E3-3-OPC3_opc3,1,0.9983937662326912,0.0002415524919967,1.0128,0.00265
4559,1094,dhmix_2114980631721668598,1094,EnthalpyOfMixing,<Substance CCCO{solv}{x=0.517800}|O=Cc1ccccc1{solv}{x=0.482200}>,CCCO,O=Cc1ccccc1,Protein-Null-0.0.3-Pair-NMR-1E4-Umbrella-1E3-4-AAQAA3-1E3-3-OPC3_opc3,1,1.2473561688707306,0.0341961177962691,1.6361,0.00675
4560,1095,dens_1061385011202038988,1095,Density,<Substance CC(C)O{solv}{x=0.495900}|CCCCOCCO{solv}{x=0.504100}>,CC(C)O,CCCCOCCO,Protein-Null-0.0.3-Pair-NMR-1E4-Umbrella-1E3-4-AAQAA3-1E3-3-OPC3_opc3,1,0.8524315304854813,0.0001909933626844,0.8550000000000002,5.450000000000001e-05
4561,1096,dens_1314274960992474794,1096,Density,<Substance CC(C)O{solv}{x=0.292200}|CCCCOCCO{solv}{x=0.707800}>,CC(C)O,CCCCOCCO,Protein-Null-0.0.3-Pair-NMR-1E4-Umbrella-1E3-4-AAQAA3-1E3-3-OPC3_opc3,1,0.8669709169291693,0.0002277407935204,0.8743700000000002,4.600000000000001e-05
4562,1097,dens_1729117108592325655,1097,Density,<Substance CC(C)O{solv}{x=0.743300}|CCCCOCCO{solv}{x=0.256700}>,CC(C)O,CCCCOCCO,Protein-Null-0.0.3-Pair-NMR-1E4-Umbrella-1E3-4-AAQAA3-1E3-3-OPC3_opc3,1,0.8283882627209854,0.0002496762395457,0.8247900000000001,5.600000000000001e-05
4563,1098,dens_1112128096721834081,1098,Density,<Substance CNCCO{solv}{x=0.800900}|O{solv}{x=0.199100}>,CNCCO,O,Protein-Null-0.0.3-Pair-NMR-1E4-Umbrella-1E3-4-AAQAA3-1E3-3-OPC3_opc3,1,0.9615405384337492,0.0003677338766697,0.9466300000000002,0.00032
4564,1099,dens_1381694863030749046,1099,Density,<Substance CNCCO{solv}{x=0.198700}|O{solv}{x=0.801300}>,CNCCO,O,Protein-Null-0.0.3-Pair-NMR-1E4-Umbrella-1E3-4-AAQAA3-1E3-3-OPC3_opc3,1,0.9966902523008174,0.0004554839640494,0.9960300000000002,0.00016
4565,1100,dhmix_1383192140212198237,1100,EnthalpyOfMixing,<Substance CNCCO{solv}{x=0.798800}|O{solv}{x=0.201200}>,CNCCO,O,Protein-Null-0.0.3-Pair-NMR-1E4-Umbrella-1E3-4-AAQAA3-1E3-3-OPC3_opc3,1,-0.9436892203102047,0.040051733748284,-1.219,0.025
4566,1101,dens_1615304038745182966,1101,Density,<Substance CNCCO{solv}{x=0.504100}|O{solv}{x=0.495900}>,CNCCO,O,Protein-Null-0.0.3-Pair-NMR-1E4-Umbrella-1E3-4-AAQAA3-1E3-3-OPC3_opc3,1,0.9756109904122632,0.0003421143525961,0.9688100000000002,0.000235
4567,1102,dhmix_1902240048183935170,1102,EnthalpyOfMixing,<Substance CNCCO{solv}{x=0.501700}|O{solv}{x=0.498300}>,CNCCO,O,Protein-Null-0.0.3-Pair-NMR-1E4-Umbrella-1E3-4-AAQAA3-1E3-3-OPC3_opc3,1,-2.229203371568815,0.0401338855698805,-2.508,0.051
4568,1103,dhmix_2185888808838690563,1103,EnthalpyOfMixing,<Substance CNCCO{solv}{x=0.199200}|O{solv}{x=0.800800}>,CNCCO,O,Protein-Null-0.0.3-Pair-NMR-1E4-Umbrella-1E3-4-AAQAA3-1E3-3-OPC3_opc3,1,-1.4386110760946735,0.0356437856224732,-2.243,0.0455
4569,1104,dens_1155626281932782094,1104,Density,<Substance CCC(C)=O{solv}{x=0.292200}|CN1CCCC1=O{solv}{x=0.707800}>,CCC(C)=O,CN1CCCC1=O,Protein-Null-0.0.3-Pair-NMR-1E4-Umbrella-1E3-4-AAQAA3-1E3-3-OPC3_opc3,1,0.9359672833966768,0.0002230317183209,0.9591400000000002,0.00262
4570,1105,dens_1354588388489384902,1105,Density,<Substance CCC(C)=O{solv}{x=0.779300}|CN1CCCC1=O{solv}{x=0.220700}>,CCC(C)=O,CN1CCCC1=O,Protein-Null-0.0.3-Pair-NMR-1E4-Umbrella-1E3-4-AAQAA3-1E3-3-OPC3_opc3,1,0.8251015037890534,0.000292987884529,0.8467600000000002,0.002595
4571,1106,dhmix_1468142552678388689,1106,EnthalpyOfMixing,<Substance CCC(C)=O{solv}{x=0.484100}|CN1CCCC1=O{solv}{x=0.515900}>,CCC(C)=O,CN1CCCC1=O,Protein-Null-0.0.3-Pair-NMR-1E4-Umbrella-1E3-4-AAQAA3-1E3-3-OPC3_opc3,1,0.140905008149982,0.0433576937574531,-0.1675,0.00415
4572,1107,dhmix_1545004468946955771,1107,EnthalpyOfMixing,<Substance CCC(C)=O{solv}{x=0.246100}|CN1CCCC1=O{solv}{x=0.753900}>,CCC(C)=O,CN1CCCC1=O,Protein-Null-0.0.3-Pair-NMR-1E4-Umbrella-1E3-4-AAQAA3-1E3-3-OPC3_opc3,1,0.1191252780298519,0.0433451347518075,-0.0999,0.0031
4573,1108,dhmix_1746826813990258300,1108,EnthalpyOfMixing,<Substance CCC(C)=O{solv}{x=0.732400}|CN1CCCC1=O{solv}{x=0.267600}>,CCC(C)=O,CN1CCCC1=O,Protein-Null-0.0.3-Pair-NMR-1E4-Umbrella-1E3-4-AAQAA3-1E3-3-OPC3_opc3,1,0.1086795513045739,0.0380130156192733,-0.0861,0.0029
4574,1109,dens_2035401379156582518,1109,Density,<Substance CCC(C)=O{solv}{x=0.479500}|CN1CCCC1=O{solv}{x=0.520500}>,CCC(C)=O,CN1CCCC1=O,Protein-Null-0.0.3-Pair-NMR-1E4-Umbrella-1E3-4-AAQAA3-1E3-3-OPC3_opc3,1,0.895321243205597,0.0002390077504019,0.9166100000000004,0.00261
4575,1110,dens_1159403686634788877,1110,Density,<Substance C1CCOCC1{solv}{x=0.253600}|Cc1ccncc1{solv}{x=0.746400}>,C1CCOCC1,Cc1ccncc1,Protein-Null-0.0.3-Pair-NMR-1E4-Umbrella-1E3-4-AAQAA3-1E3-3-OPC3_opc3,1,0.9242211224333414,0.0002028657460673,0.9329390000000002,0.0002125
4576,1111,dhmix_1427533760370073434,1111,EnthalpyOfMixing,<Substance C1CCOCC1{solv}{x=0.241600}|Cc1ccncc1{solv}{x=0.758400}>,C1CCOCC1,Cc1ccncc1,Protein-Null-0.0.3-Pair-NMR-1E4-Umbrella-1E3-4-AAQAA3-1E3-3-OPC3_opc3,1,-0.0209080564600938,0.045749069747582,0.0975,0.001
4577,1112,dens_1586440979425114987,1112,Density,<Substance C1CCOCC1{solv}{x=0.491300}|Cc1ccncc1{solv}{x=0.508700}>,C1CCOCC1,Cc1ccncc1,Protein-Null-0.0.3-Pair-NMR-1E4-Umbrella-1E3-4-AAQAA3-1E3-3-OPC3_opc3,1,0.9067595415519274,0.0002688275291588,0.9162950000000002,0.0002825
4578,1113,dhmix_1681679230288000235,1113,EnthalpyOfMixing,<Substance C1CCOCC1{solv}{x=0.483400}|Cc1ccncc1{solv}{x=0.516600}>,C1CCOCC1,Cc1ccncc1,Protein-Null-0.0.3-Pair-NMR-1E4-Umbrella-1E3-4-AAQAA3-1E3-3-OPC3_opc3,1,0.0884899703023514,0.0384591149850263,0.1741,0.00135
4579,1114,dhmix_1854625047398559527,1114,EnthalpyOfMixing,<Substance C1CCOCC1{solv}{x=0.826200}|Cc1ccncc1{solv}{x=0.173800}>,C1CCOCC1,Cc1ccncc1,Protein-Null-0.0.3-Pair-NMR-1E4-Umbrella-1E3-4-AAQAA3-1E3-3-OPC3_opc3,1,0.0363230309112694,0.0462857704565843,0.0948,0.001
4580,1115,dens_1998279082934343093,1115,Density,<Substance C1CCOCC1{solv}{x=0.826300}|Cc1ccncc1{solv}{x=0.173700}>,C1CCOCC1,Cc1ccncc1,Protein-Null-0.0.3-Pair-NMR-1E4-Umbrella-1E3-4-AAQAA3-1E3-3-OPC3_opc3,1,0.870466789359283,0.0002837004167051,0.8827950000000002,0.000387
4581,1116,dens_1226224986443053492,1116,Density,<Substance CCOc1ccccc1{solv}{x=0.482600}|OCCc1ccccc1{solv}{x=0.517400}>,CCOc1ccccc1,OCCc1ccccc1,Protein-Null-0.0.3-Pair-NMR-1E4-Umbrella-1E3-4-AAQAA3-1E3-3-OPC3_opc3,1,0.9698453568561156,0.0001785000911795,0.9803700000000002,0.00026
4582,1117,dens_1288457717872177367,1117,Density,<Substance CCOc1ccccc1{solv}{x=0.304100}|OCCc1ccccc1{solv}{x=0.695900}>,CCOc1ccccc1,OCCc1ccccc1,Protein-Null-0.0.3-Pair-NMR-1E4-Umbrella-1E3-4-AAQAA3-1E3-3-OPC3_opc3,1,0.980225584300352,0.0002039174067949,0.9909900000000004,0.00026
4583,1118,dhmix_1400067757990485972,1118,EnthalpyOfMixing,<Substance CCOc1ccccc1{solv}{x=0.738800}|OCCc1ccccc1{solv}{x=0.261200}>,CCOc1ccccc1,OCCc1ccccc1,Protein-Null-0.0.3-Pair-NMR-1E4-Umbrella-1E3-4-AAQAA3-1E3-3-OPC3_opc3,1,1.1052164516163288,0.0531095328018224,1.1427,0.01225
4584,1119,dens_1419265414647987466,1119,Density,<Substance CCOc1ccccc1{solv}{x=0.792900}|OCCc1ccccc1{solv}{x=0.207100}>,CCOc1ccccc1,OCCc1ccccc1,Protein-Null-0.0.3-Pair-NMR-1E4-Umbrella-1E3-4-AAQAA3-1E3-3-OPC3_opc3,1,0.9536019526325906,0.0002129840897492,0.9624400000000004,0.00026
4585,1120,dhmix_1985234108792038812,1120,EnthalpyOfMixing,<Substance CCOc1ccccc1{solv}{x=0.485200}|OCCc1ccccc1{solv}{x=0.514800}>,CCOc1ccccc1,OCCc1ccccc1,Protein-Null-0.0.3-Pair-NMR-1E4-Umbrella-1E3-4-AAQAA3-1E3-3-OPC3_opc3,1,0.9229412892362774,0.0445971806816751,1.0249,0.011
4586,1121,dhmix_2203675640711482674,1121,EnthalpyOfMixing,<Substance CCOc1ccccc1{solv}{x=0.239100}|OCCc1ccccc1{solv}{x=0.760900}>,CCOc1ccccc1,OCCc1ccccc1,Protein-Null-0.0.3-Pair-NMR-1E4-Umbrella-1E3-4-AAQAA3-1E3-3-OPC3_opc3,1,0.6843785227805483,0.0495373044986932,0.6669,0.0072
4587,1122,dens_1247048173376376516,1122,Density,<Substance CCCCC(=O)OC{solv}{x=0.349300}|COC=O{solv}{x=0.650700}>,CCCCC(=O)OC,COC=O,Protein-Null-0.0.3-Pair-NMR-1E4-Umbrella-1E3-4-AAQAA3-1E3-3-OPC3_opc3,1,0.9311135858546152,0.000237808068779,0.9198400000000002,0.000115
4588,1123,dens_1283923442255956417,1123,Density,<Substance CCCCC(=O)OC{solv}{x=0.500000}|COC=O{solv}{x=0.500000}>,CCCCC(=O)OC,COC=O,Protein-Null-0.0.3-Pair-NMR-1E4-Umbrella-1E3-4-AAQAA3-1E3-3-OPC3_opc3,1,0.9145630811028096,0.0002518726449756,0.90817,0.00012
4589,1124,dhmix_1491739683552461043,1124,EnthalpyOfMixing,<Substance CCCCC(=O)OC{solv}{x=0.348600}|COC=O{solv}{x=0.651400}>,CCCCC(=O)OC,COC=O,Protein-Null-0.0.3-Pair-NMR-1E4-Umbrella-1E3-4-AAQAA3-1E3-3-OPC3_opc3,1,0.4252341573412632,0.0390940766273004,0.422,0.0045
4590,1125,dhmix_1747049492522889097,1125,EnthalpyOfMixing,<Substance CCCCC(=O)OC{solv}{x=0.523200}|COC=O{solv}{x=0.476800}>,CCCCC(=O)OC,COC=O,Protein-Null-0.0.3-Pair-NMR-1E4-Umbrella-1E3-4-AAQAA3-1E3-3-OPC3_opc3,1,0.3592456982964354,0.0287963256957124,0.409,0.0045
4591,1126,dhmix_1990853348078771210,1126,EnthalpyOfMixing,<Substance CCCCC(=O)OC{solv}{x=0.796800}|COC=O{solv}{x=0.203200}>,CCCCC(=O)OC,COC=O,Protein-Null-0.0.3-Pair-NMR-1E4-Umbrella-1E3-4-AAQAA3-1E3-3-OPC3_opc3,1,0.1869861175758949,0.0480900570656379,0.219,0.0025
4592,1127,dens_2269601061883384185,1127,Density,<Substance CCCCC(=O)OC{solv}{x=0.725800}|COC=O{solv}{x=0.274200}>,CCCCC(=O)OC,COC=O,Protein-Null-0.0.3-Pair-NMR-1E4-Umbrella-1E3-4-AAQAA3-1E3-3-OPC3_opc3,1,0.8968564327714925,0.0001995959510241,0.8955000000000002,0.000135
4593,1128,dens_1266839724964377205,1128,Density,<Substance Cn1ccnc1{solv}{x=0.779500}|O{solv}{x=0.220500}>,Cn1ccnc1,O,Protein-Null-0.0.3-Pair-NMR-1E4-Umbrella-1E3-4-AAQAA3-1E3-3-OPC3_opc3,1,1.0208701330310268,0.0002722456328092,1.0360000000000005,0.00015
4594,1129,dens_1634862053132906887,1129,Density,<Substance Cn1ccnc1{solv}{x=0.498200}|O{solv}{x=0.501800}>,Cn1ccnc1,O,Protein-Null-0.0.3-Pair-NMR-1E4-Umbrella-1E3-4-AAQAA3-1E3-3-OPC3_opc3,1,1.0249929025141054,0.000265331346672,1.0416,0.00015
4595,1130,dens_1681126092995837883,1130,Density,<Substance Cn1ccnc1{solv}{x=0.216700}|O{solv}{x=0.783300}>,Cn1ccnc1,O,Protein-Null-0.0.3-Pair-NMR-1E4-Umbrella-1E3-4-AAQAA3-1E3-3-OPC3_opc3,1,1.0183731921248902,0.000339946056341,1.0301000000000002,0.0001
4596,1131,dhmix_1311251505653939236,1131,EnthalpyOfMixing,<Substance CC(=O)CC(C)=O{solv}{x=0.598500}|O{solv}{x=0.401500}>,CC(=O)CC(C)=O,O,Protein-Null-0.0.3-Pair-NMR-1E4-Umbrella-1E3-4-AAQAA3-1E3-3-OPC3_opc3,1,0.186297491764094,0.0356145993232039,0.4905,0.00555
4597,1132,dhmix_1367092272310773702,1132,EnthalpyOfMixing,<Substance CC(=O)CC(C)=O{solv}{x=0.749200}|O{solv}{x=0.250800}>,CC(=O)CC(C)=O,O,Protein-Null-0.0.3-Pair-NMR-1E4-Umbrella-1E3-4-AAQAA3-1E3-3-OPC3_opc3,1,0.3644749119690402,0.0339398042529053,0.6211,0.00695
4598,1133,dhmix_2033109088651196860,1133,EnthalpyOfMixing,<Substance CC(=O)CC(C)=O{solv}{x=0.200400}|O{solv}{x=0.799600}>,CC(=O)CC(C)=O,O,Protein-Null-0.0.3-Pair-NMR-1E4-Umbrella-1E3-4-AAQAA3-1E3-3-OPC3_opc3,1,-0.1892236602372321,0.0256539073365857,0.1562,0.0021
4599,1134,dens_1319073694995976411,1134,Density,<Substance CC(C)CO{solv}{x=0.762200}|OC1=NCCC1{solv}{x=0.237800}>,CC(C)CO,OC1=NCCC1,Protein-Null-0.0.3-Pair-NMR-1E4-Umbrella-1E3-4-AAQAA3-1E3-3-OPC3_opc3,1,0.860492781143299,0.0001753264510027,0.8623100000000001,0.000205
4600,1135,dhmix_1817161401911066523,1135,EnthalpyOfMixing,<Substance CC(C)CO{solv}{x=0.754900}|OC1=NCCC1{solv}{x=0.245100}>,CC(C)CO,OC1=NCCC1,Protein-Null-0.0.3-Pair-NMR-1E4-Umbrella-1E3-4-AAQAA3-1E3-3-OPC3_opc3,1,1.3432939123910788,0.0365964760261688,0.2989,0.0033
4601,1136,dens_1852757585830259815,1136,Density,<Substance CC(C)CO{solv}{x=0.287400}|OC1=NCCC1{solv}{x=0.712600}>,CC(C)CO,OC1=NCCC1,Protein-Null-0.0.3-Pair-NMR-1E4-Umbrella-1E3-4-AAQAA3-1E3-3-OPC3_opc3,1,0.9845399985758392,0.0002612933478257,1.0078300000000002,0.000155
4602,1137,dhmix_2057245570503088562,1137,EnthalpyOfMixing,<Substance CC(C)CO{solv}{x=0.259800}|OC1=NCCC1{solv}{x=0.740200}>,CC(C)CO,OC1=NCCC1,Protein-Null-0.0.3-Pair-NMR-1E4-Umbrella-1E3-4-AAQAA3-1E3-3-OPC3_opc3,1,1.217111595580434,0.0331007938476233,0.1798,0.00205
4603,1138,dens_2175875616459255266,1138,Density,<Substance CC(C)CO{solv}{x=0.489400}|OC1=NCCC1{solv}{x=0.510600}>,CC(C)CO,OC1=NCCC1,Protein-Null-0.0.3-Pair-NMR-1E4-Umbrella-1E3-4-AAQAA3-1E3-3-OPC3_opc3,1,0.9299107856082144,0.0002081000339119,0.9431100000000002,0.00017
4604,1139,dhmix_2273039716774959551,1139,EnthalpyOfMixing,<Substance CC(C)CO{solv}{x=0.497800}|OC1=NCCC1{solv}{x=0.502200}>,CC(C)CO,OC1=NCCC1,Protein-Null-0.0.3-Pair-NMR-1E4-Umbrella-1E3-4-AAQAA3-1E3-3-OPC3_opc3,1,1.5841186285438624,0.0355993086700484,0.2775,0.0031
4605,1140,dens_1400897934227212514,1140,Density,<Substance CC(C)CC(C)(C)C{solv}{x=0.541100}|COC(C)=O{solv}{x=0.458900}>,CC(C)CC(C)(C)C,COC(C)=O,Protein-Null-0.0.3-Pair-NMR-1E4-Umbrella-1E3-4-AAQAA3-1E3-3-OPC3_opc3,1,0.764325642466815,0.0002223689587253,0.7495700000000002,0.000505
4606,1141,dhmix_1534218615961922445,1141,EnthalpyOfMixing,<Substance CC(C)CC(C)(C)C{solv}{x=0.256000}|COC(C)=O{solv}{x=0.744000}>,CC(C)CC(C)(C)C,COC(C)=O,Protein-Null-0.0.3-Pair-NMR-1E4-Umbrella-1E3-4-AAQAA3-1E3-3-OPC3_opc3,1,1.6259310339880244,0.0398824401442909,1.385,0.015
4607,1142,dhmix_1663557420681143866,1142,EnthalpyOfMixing,<Substance CC(C)CC(C)(C)C{solv}{x=0.540600}|COC(C)=O{solv}{x=0.459400}>,CC(C)CC(C)(C)C,COC(C)=O,Protein-Null-0.0.3-Pair-NMR-1E4-Umbrella-1E3-4-AAQAA3-1E3-3-OPC3_opc3,1,1.9335011318481108,0.0464311409986201,1.759,0.019
4608,1143,dens_1833608859418637606,1143,Density,<Substance CC(C)CC(C)(C)C{solv}{x=0.736400}|COC(C)=O{solv}{x=0.263600}>,CC(C)CC(C)(C)C,COC(C)=O,Protein-Null-0.0.3-Pair-NMR-1E4-Umbrella-1E3-4-AAQAA3-1E3-3-OPC3_opc3,1,0.7330604011936063,0.0002129084938142,0.7171000000000002,0.00015
4609,1144,dhmix_1913788848230724771,1144,EnthalpyOfMixing,<Substance CC(C)CC(C)(C)C{solv}{x=0.783300}|COC(C)=O{solv}{x=0.216700}>,CC(C)CC(C)(C)C,COC(C)=O,Protein-Null-0.0.3-Pair-NMR-1E4-Umbrella-1E3-4-AAQAA3-1E3-3-OPC3_opc3,1,1.5491510075636228,0.045265099167122,1.149,0.0125
4610,1145,dens_2018568384717712900,1145,Density,<Substance CC(C)CC(C)(C)C{solv}{x=0.238900}|COC(C)=O{solv}{x=0.761100}>,CC(C)CC(C)(C)C,COC(C)=O,Protein-Null-0.0.3-Pair-NMR-1E4-Umbrella-1E3-4-AAQAA3-1E3-3-OPC3_opc3,1,0.8369130124306408,0.0002559518773316,0.8248000000000002,0.0001
4611,1146,dens_1465225466328543955,1146,Density,<Substance Cc1cccnc1{solv}{x=0.225000}|O{solv}{x=0.775000}>,Cc1cccnc1,O,Protein-Null-0.0.3-Pair-NMR-1E4-Umbrella-1E3-4-AAQAA3-1E3-3-OPC3_opc3,1,0.9692175230278256,0.0003813966158234,0.9921000000000002,0.0003
4612,1147,dens_1644445312716340330,1147,Density,<Substance Cc1cccnc1{solv}{x=0.500000}|O{solv}{x=0.500000}>,Cc1cccnc1,O,Protein-Null-0.0.3-Pair-NMR-1E4-Umbrella-1E3-4-AAQAA3-1E3-3-OPC3_opc3,1,0.9559213591238376,0.00024879730515,0.9797000000000002,0.0003
4613,1148,dens_2262998332454406432,1148,Density,<Substance Cc1cccnc1{solv}{x=0.700000}|O{solv}{x=0.300000}>,Cc1cccnc1,O,Protein-Null-0.0.3-Pair-NMR-1E4-Umbrella-1E3-4-AAQAA3-1E3-3-OPC3_opc3,1,0.951991947021044,0.0002677088050977,0.9690000000000002,0.0003
4614,1149,dens_1601780542508306264,1149,Density,<Substance CC(=O)N(C)C{solv}{x=0.771800}|CCOC(C)=O{solv}{x=0.228200}>,CC(=O)N(C)C,CCOC(C)=O,Protein-Null-0.0.3-Pair-NMR-1E4-Umbrella-1E3-4-AAQAA3-1E3-3-OPC3_opc3,1,0.9000692967553351,0.0001786075846408,0.9286200000000002,0.000185
4615,1150,dens_2126546638582188774,1150,Density,<Substance CC(=O)N(C)C{solv}{x=0.464600}|CCOC(C)=O{solv}{x=0.535400}>,CC(=O)N(C)C,CCOC(C)=O,Protein-Null-0.0.3-Pair-NMR-1E4-Umbrella-1E3-4-AAQAA3-1E3-3-OPC3_opc3,1,0.9023992617647344,0.000215542167154,0.9166300000000002,0.00022
4616,1151,dens_2159432384130350508,1151,Density,<Substance CC(=O)N(C)C{solv}{x=0.233100}|CCOC(C)=O{solv}{x=0.766900}>,CC(=O)N(C)C,CCOC(C)=O,Protein-Null-0.0.3-Pair-NMR-1E4-Umbrella-1E3-4-AAQAA3-1E3-3-OPC3_opc3,1,0.9040670759008176,0.0002476173525622,0.9064300000000002,0.000245
4617,1152,dens_1713891284028890335,1152,Density,<Substance CC(=O)O{solv}{x=0.798900}|CCOC(C)=O{solv}{x=0.201100}>,CC(=O)O,CCOC(C)=O,Protein-Null-0.0.3-Pair-NMR-1E4-Umbrella-1E3-4-AAQAA3-1E3-3-OPC3_opc3,1,1.0199261771534975,0.0003263267016379,0.9996600000000002,0.000225
4618,1153,dens_1856345418041920174,1153,Density,<Substance CC(=O)O{solv}{x=0.500700}|CCOC(C)=O{solv}{x=0.499300}>,CC(=O)O,CCOC(C)=O,Protein-Null-0.0.3-Pair-NMR-1E4-Umbrella-1E3-4-AAQAA3-1E3-3-OPC3_opc3,1,0.9670128057217288,0.00028254279421,0.9514000000000002,0.00018
4619,1154,dens_2035334988982485653,1154,Density,<Substance CC(=O)O{solv}{x=0.294400}|CCOC(C)=O{solv}{x=0.705600}>,CC(=O)O,CCOC(C)=O,Protein-Null-0.0.3-Pair-NMR-1E4-Umbrella-1E3-4-AAQAA3-1E3-3-OPC3_opc3,1,0.9387598601271584,0.0002431310110399,0.9255000000000002,0.00016
4620,1155,dhmix_592425981731704,0,EnthalpyOfMixing,<Substance C1CCCCC1{solv}{x=0.100300}|Cc1ccccc1{solv}{x=0.899700}>,C1CCCCC1,Cc1ccccc1,Protein-Null-0.0.3-Pair-NMR-1E4-Umbrella-1E3-4-AAQAA3-1E3-3-OPC3_opc3,2,0.2748213977277345,0.0473419226775809,0.2015,0.0015
4621,1156,dens_191923210986624643,1,Density,<Substance C1CCCCC1{solv}{x=0.697700}|Cc1ccccc1{solv}{x=0.302300}>,C1CCCCC1,Cc1ccccc1,Protein-Null-0.0.3-Pair-NMR-1E4-Umbrella-1E3-4-AAQAA3-1E3-3-OPC3_opc3,2,0.7593092814718653,0.0002403247256046,0.7818000000000002,0.00041
4622,1157,dens_699555827256664507,2,Density,<Substance C1CCCCC1{solv}{x=0.100000}|Cc1ccccc1{solv}{x=0.900000}>,C1CCCCC1,Cc1ccccc1,Protein-Null-0.0.3-Pair-NMR-1E4-Umbrella-1E3-4-AAQAA3-1E3-3-OPC3_opc3,2,0.8195519026458117,0.0002524554526582,0.8378000000000001,0.00025
4623,1158,dhmix_997331474504366167,3,EnthalpyOfMixing,<Substance C1CCCCC1{solv}{x=0.697900}|Cc1ccccc1{solv}{x=0.302100}>,C1CCCCC1,Cc1ccccc1,Protein-Null-0.0.3-Pair-NMR-1E4-Umbrella-1E3-4-AAQAA3-1E3-3-OPC3_opc3,2,0.7537769965061187,0.0474747205091681,0.5221,0.0034
4624,1159,dhmix_1586684551148150215,4,EnthalpyOfMixing,<Substance C1CCCCC1{solv}{x=0.397600}|Cc1ccccc1{solv}{x=0.602400}>,C1CCCCC1,Cc1ccccc1,Protein-Null-0.0.3-Pair-NMR-1E4-Umbrella-1E3-4-AAQAA3-1E3-3-OPC3_opc3,2,0.7688910434561649,0.0376955442009589,0.5887,0.0038
4625,1160,dens_1809100412119556796,5,Density,<Substance C1CCCCC1{solv}{x=0.397500}|Cc1ccccc1{solv}{x=0.602500}>,C1CCCCC1,Cc1ccccc1,Protein-Null-0.0.3-Pair-NMR-1E4-Umbrella-1E3-4-AAQAA3-1E3-3-OPC3_opc3,2,0.8031918034798637,0.0001559825453324,0.8228000000000002,0.0002
4626,1161,dhmix_1261378482688431,6,EnthalpyOfMixing,<Substance CCC(C)=O{solv}{x=0.510600}|Nc1ccccc1{solv}{x=0.489400}>,CCC(C)=O,Nc1ccccc1,Protein-Null-0.0.3-Pair-NMR-1E4-Umbrella-1E3-4-AAQAA3-1E3-3-OPC3_opc3,2,-0.4946799013995004,0.0311159745771618,-1.173,0.0125
4627,1162,dhmix_157258283975731553,7,EnthalpyOfMixing,<Substance CCC(C)=O{solv}{x=0.901800}|Nc1ccccc1{solv}{x=0.098200}>,CCC(C)=O,Nc1ccccc1,Protein-Null-0.0.3-Pair-NMR-1E4-Umbrella-1E3-4-AAQAA3-1E3-3-OPC3_opc3,2,-0.4718377770771269,0.0418183273841501,-0.469,0.005
4628,1163,dens_610648476268376520,8,Density,<Substance CCC(C)=O{solv}{x=0.502600}|Nc1ccccc1{solv}{x=0.497400}>,CCC(C)=O,Nc1ccccc1,Protein-Null-0.0.3-Pair-NMR-1E4-Umbrella-1E3-4-AAQAA3-1E3-3-OPC3_opc3,2,0.9219739932284092,0.0002264856944375,0.9213850000000002,5.650000000000002e-05
4629,1164,dens_1388487494953421117,9,Density,<Substance CCC(C)=O{solv}{x=0.901900}|Nc1ccccc1{solv}{x=0.098100}>,CCC(C)=O,Nc1ccccc1,Protein-Null-0.0.3-Pair-NMR-1E4-Umbrella-1E3-4-AAQAA3-1E3-3-OPC3_opc3,2,0.8046397869433088,0.0002568650657318,0.8265540000000001,7.200000000000002e-05
4630,1165,dhmix_1389656513678923263,10,EnthalpyOfMixing,<Substance CCC(C)=O{solv}{x=0.209900}|Nc1ccccc1{solv}{x=0.790100}>,CCC(C)=O,Nc1ccccc1,Protein-Null-0.0.3-Pair-NMR-1E4-Umbrella-1E3-4-AAQAA3-1E3-3-OPC3_opc3,2,-0.3753876068807784,0.0468707457088066,-0.648,0.007
4631,1166,dens_2115628806769415578,11,Density,<Substance CCC(C)=O{solv}{x=0.256300}|Nc1ccccc1{solv}{x=0.743700}>,CCC(C)=O,Nc1ccccc1,Protein-Null-0.0.3-Pair-NMR-1E4-Umbrella-1E3-4-AAQAA3-1E3-3-OPC3_opc3,2,0.9939603574231028,0.0003133251535452,0.9712300000000004,4.900000000000001e-05
4632,1167,dens_1379242187515209,12,Density,<Substance CC#N{solv}{x=0.795200}|CCCCOCCCC{solv}{x=0.204800}>,CC#N,CCCCOCCCC,Protein-Null-0.0.3-Pair-NMR-1E4-Umbrella-1E3-4-AAQAA3-1E3-3-OPC3_opc3,2,0.7703070146479222,0.000289467079989,0.7708800000000002,0.000245
4633,1168,dhmix_575991096898484441,13,EnthalpyOfMixing,<Substance CC#N{solv}{x=0.488600}|CCCCOCCCC{solv}{x=0.511400}>,CC#N,CCCCOCCCC,Protein-Null-0.0.3-Pair-NMR-1E4-Umbrella-1E3-4-AAQAA3-1E3-3-OPC3_opc3,2,0.6672188702872148,0.0415353843991268,1.26543,0.00796
4634,1169,dhmix_1182924089945476872,14,EnthalpyOfMixing,<Substance CC#N{solv}{x=0.241600}|CCCCOCCCC{solv}{x=0.758400}>,CC#N,CCCCOCCCC,Protein-Null-0.0.3-Pair-NMR-1E4-Umbrella-1E3-4-AAQAA3-1E3-3-OPC3_opc3,2,0.4413535619686257,0.0540916652720255,0.94593,0.00601
4635,1170,dhmix_1244492966201685063,15,EnthalpyOfMixing,<Substance CC#N{solv}{x=0.795200}|CCCCOCCCC{solv}{x=0.204800}>,CC#N,CCCCOCCCC,Protein-Null-0.0.3-Pair-NMR-1E4-Umbrella-1E3-4-AAQAA3-1E3-3-OPC3_opc3,2,0.5013871511359546,0.0319349452152121,0.94289,0.005995
4636,1171,dens_2044032309137951705,16,Density,<Substance CC#N{solv}{x=0.245500}|CCCCOCCCC{solv}{x=0.754500}>,CC#N,CCCCOCCCC,Protein-Null-0.0.3-Pair-NMR-1E4-Umbrella-1E3-4-AAQAA3-1E3-3-OPC3_opc3,2,0.7579971020401006,0.0002154121641021,0.7653000000000001,0.00028
4637,1172,dens_2211436825174998797,17,Density,<Substance CC#N{solv}{x=0.509800}|CCCCOCCCC{solv}{x=0.490200}>,CC#N,CCCCOCCCC,Protein-Null-0.0.3-Pair-NMR-1E4-Umbrella-1E3-4-AAQAA3-1E3-3-OPC3_opc3,2,0.7630085176243794,0.00022811074015,0.7671500000000001,0.00026
4638,1173,dens_1820034175228694,18,Density,<Substance C1CCCCC1{solv}{x=0.540900}|CN1CCCC1=O{solv}{x=0.459100}>,C1CCCCC1,CN1CCCC1=O,Protein-Null-0.0.3-Pair-NMR-1E4-Umbrella-1E3-4-AAQAA3-1E3-3-OPC3_opc3,2,0.8519223297565669,0.0002077685436159,0.8757100000000002,0.000335
4639,1174,dhmix_1335365307191460458,19,EnthalpyOfMixing,<Substance C1CCCCC1{solv}{x=0.751800}|CN1CCCC1=O{solv}{x=0.248200}>,C1CCCCC1,CN1CCCC1=O,Protein-Null-0.0.3-Pair-NMR-1E4-Umbrella-1E3-4-AAQAA3-1E3-3-OPC3_opc3,2,1.341208115467083,0.046408220930049,1.1998,0.01285
4640,1175,dens_1375048033230012198,20,Density,<Substance C1CCCCC1{solv}{x=0.733200}|CN1CCCC1=O{solv}{x=0.266800}>,C1CCCCC1,CN1CCCC1=O,Protein-Null-0.0.3-Pair-NMR-1E4-Umbrella-1E3-4-AAQAA3-1E3-3-OPC3_opc3,2,0.8046155329683525,0.0002428418677196,0.8287300000000002,0.0004
4641,1176,dhmix_1563298635135474599,21,EnthalpyOfMixing,<Substance C1CCCCC1{solv}{x=0.278900}|CN1CCCC1=O{solv}{x=0.721100}>,C1CCCCC1,CN1CCCC1=O,Protein-Null-0.0.3-Pair-NMR-1E4-Umbrella-1E3-4-AAQAA3-1E3-3-OPC3_opc3,2,1.4979544535869564,0.0413509775792226,1.2061,0.0129
4642,1177,dens_1606235786379262481,22,Density,<Substance C1CCCCC1{solv}{x=0.227500}|CN1CCCC1=O{solv}{x=0.772500}>,C1CCCCC1,CN1CCCC1=O,Protein-Null-0.0.3-Pair-NMR-1E4-Umbrella-1E3-4-AAQAA3-1E3-3-OPC3_opc3,2,0.9311327409798312,0.0002171333621735,0.9583800000000002,0.000245
4643,1178,dhmix_1683219349338278021,23,EnthalpyOfMixing,<Substance C1CCCCC1{solv}{x=0.473400}|CN1CCCC1=O{solv}{x=0.526600}>,C1CCCCC1,CN1CCCC1=O,Protein-Null-0.0.3-Pair-NMR-1E4-Umbrella-1E3-4-AAQAA3-1E3-3-OPC3_opc3,2,1.8743882565350136,0.0363387378332306,1.4691,0.0157
4644,1179,dens_4438302718372985,24,Density,<Substance BrCCCCBr{solv}{x=0.717000}|COC=O{solv}{x=0.283000}>,BrCCCCBr,COC=O,Protein-Null-0.0.3-Pair-NMR-1E4-Umbrella-1E3-4-AAQAA3-1E3-3-OPC3_opc3,2,1.6260953932167173,0.00042994539858,1.6702600000000003,0.00259
4645,1180,dhmix_369816950910078034,25,EnthalpyOfMixing,<Substance BrCCCCBr{solv}{x=0.778200}|COC=O{solv}{x=0.221800}>,BrCCCCBr,COC=O,Protein-Null-0.0.3-Pair-NMR-1E4-Umbrella-1E3-4-AAQAA3-1E3-3-OPC3_opc3,2,0.7639678315337264,0.0422423229154192,0.6355,0.0057
4646,1181,dens_460757700461114532,26,Density,<Substance BrCCCCBr{solv}{x=0.495800}|COC=O{solv}{x=0.504200}>,BrCCCCBr,COC=O,Protein-Null-0.0.3-Pair-NMR-1E4-Umbrella-1E3-4-AAQAA3-1E3-3-OPC3_opc3,2,1.4954000722712917,0.0004549047457371,1.5176800000000004,0.001885
4647,1182,dhmix_1496821399278454353,27,EnthalpyOfMixing,<Substance BrCCCCBr{solv}{x=0.265400}|COC=O{solv}{x=0.734600}>,BrCCCCBr,COC=O,Protein-Null-0.0.3-Pair-NMR-1E4-Umbrella-1E3-4-AAQAA3-1E3-3-OPC3_opc3,2,0.9038397510062204,0.0347297777803328,0.8185,0.00715
4648,1183,dens_1750413656870357630,28,Density,<Substance BrCCCCBr{solv}{x=0.225800}|COC=O{solv}{x=0.774200}>,BrCCCCBr,COC=O,Protein-Null-0.0.3-Pair-NMR-1E4-Umbrella-1E3-4-AAQAA3-1E3-3-OPC3_opc3,2,1.2714142137832118,0.0003110052878927,1.2671300000000003,0.00104
4649,1184,dhmix_1802862930607761431,29,EnthalpyOfMixing,<Substance BrCCCCBr{solv}{x=0.482000}|COC=O{solv}{x=0.518000}>,BrCCCCBr,COC=O,Protein-Null-0.0.3-Pair-NMR-1E4-Umbrella-1E3-4-AAQAA3-1E3-3-OPC3_opc3,2,1.098377608892125,0.0345376014660077,1.0243,0.0087
4650,1185,dhmix_8447570649359775,30,EnthalpyOfMixing,<Substance OCCO{solv}{x=0.481700}|OCc1ccccc1{solv}{x=0.518300}>,OCCO,OCc1ccccc1,Protein-Null-0.0.3-Pair-NMR-1E4-Umbrella-1E3-4-AAQAA3-1E3-3-OPC3_opc3,2,0.174050958052895,0.0445422372418619,0.201,0.00465
4651,1186,dens_824372741354282107,31,Density,<Substance OCCO{solv}{x=0.505700}|OCc1ccccc1{solv}{x=0.494300}>,OCCO,OCc1ccccc1,Protein-Null-0.0.3-Pair-NMR-1E4-Umbrella-1E3-4-AAQAA3-1E3-3-OPC3_opc3,2,1.054087959103671,0.0001985401090159,1.0579000000000005,0.00027
4652,1187,dens_1105173553343721111,32,Density,<Substance OCCO{solv}{x=0.737100}|OCc1ccccc1{solv}{x=0.262900}>,OCCO,OCc1ccccc1,Protein-Null-0.0.3-Pair-NMR-1E4-Umbrella-1E3-4-AAQAA3-1E3-3-OPC3_opc3,2,1.07408423292096,0.0002507133422834,1.0753200000000005,0.000275
4653,1188,dhmix_1362282802315816638,33,EnthalpyOfMixing,<Substance OCCO{solv}{x=0.736100}|OCc1ccccc1{solv}{x=0.263900}>,OCCO,OCc1ccccc1,Protein-Null-0.0.3-Pair-NMR-1E4-Umbrella-1E3-4-AAQAA3-1E3-3-OPC3_opc3,2,0.1474212672266404,0.0446104809704679,0.1383,0.0037
4654,1189,dhmix_1666683879028583081,34,EnthalpyOfMixing,<Substance OCCO{solv}{x=0.236500}|OCc1ccccc1{solv}{x=0.763500}>,OCCO,OCc1ccccc1,Protein-Null-0.0.3-Pair-NMR-1E4-Umbrella-1E3-4-AAQAA3-1E3-3-OPC3_opc3,2,0.0761429400566058,0.0446682509431004,0.209,0.0048
4655,1190,dens_1698159396404241323,35,Density,<Substance OCCO{solv}{x=0.262200}|OCc1ccccc1{solv}{x=0.737800}>,OCCO,OCc1ccccc1,Protein-Null-0.0.3-Pair-NMR-1E4-Umbrella-1E3-4-AAQAA3-1E3-3-OPC3_opc3,2,1.0380712424335146,0.0002149829124307,1.0442900000000002,0.000265
4656,1191,dens_8507121971977381,36,Density,<Substance CCOC(C)(C)C{solv}{x=0.505000}|Cc1ccccc1{solv}{x=0.495000}>,CCOC(C)(C)C,Cc1ccccc1,Protein-Null-0.0.3-Pair-NMR-1E4-Umbrella-1E3-4-AAQAA3-1E3-3-OPC3_opc3,2,0.7951692858655358,0.0002457298737207,0.7937390000000002,0.000467
4657,1192,dens_499290591626962121,37,Density,<Substance CCOC(C)(C)C{solv}{x=0.217000}|Cc1ccccc1{solv}{x=0.783000}>,CCOC(C)(C)C,Cc1ccccc1,Protein-Null-0.0.3-Pair-NMR-1E4-Umbrella-1E3-4-AAQAA3-1E3-3-OPC3_opc3,2,0.8247232773992378,0.0002582204594866,0.8314450000000002,0.000411
4658,1193,dhmix_820491025608256793,38,EnthalpyOfMixing,<Substance CCOC(C)(C)C{solv}{x=0.501900}|Cc1ccccc1{solv}{x=0.498100}>,CCOC(C)(C)C,Cc1ccccc1,Protein-Null-0.0.3-Pair-NMR-1E4-Umbrella-1E3-4-AAQAA3-1E3-3-OPC3_opc3,2,-0.2049923200424004,0.0323704181524447,-0.046,0.00055
4659,1194,dhmix_1374163681483564129,39,EnthalpyOfMixing,<Substance CCOC(C)(C)C{solv}{x=0.248900}|Cc1ccccc1{solv}{x=0.751100}>,CCOC(C)(C)C,Cc1ccccc1,Protein-Null-0.0.3-Pair-NMR-1E4-Umbrella-1E3-4-AAQAA3-1E3-3-OPC3_opc3,2,-0.2428561031192657,0.0471983381109135,-0.0324,0.0005
4660,1195,dens_1904998692863983733,40,Density,<Substance CCOC(C)(C)C{solv}{x=0.701000}|Cc1ccccc1{solv}{x=0.299000}>,CCOC(C)(C)C,Cc1ccccc1,Protein-Null-0.0.3-Pair-NMR-1E4-Umbrella-1E3-4-AAQAA3-1E3-3-OPC3_opc3,2,0.7762676366781875,0.0002413922976702,0.7696300000000001,0.000503
4661,1196,dhmix_1982853461678580310,41,EnthalpyOfMixing,<Substance CCOC(C)(C)C{solv}{x=0.749500}|Cc1ccccc1{solv}{x=0.250500}>,CCOC(C)(C)C,Cc1ccccc1,Protein-Null-0.0.3-Pair-NMR-1E4-Umbrella-1E3-4-AAQAA3-1E3-3-OPC3_opc3,2,-0.1438808560458326,0.0455504913640182,-0.0348,0.0005
4662,1197,dhmix_13624411991961099,42,EnthalpyOfMixing,<Substance C1CCOCC1{solv}{x=0.237900}|Cc1ccccc1N{solv}{x=0.762100}>,C1CCOCC1,Cc1ccccc1N,Protein-Null-0.0.3-Pair-NMR-1E4-Umbrella-1E3-4-AAQAA3-1E3-3-OPC3_opc3,2,-0.2169812908544273,0.0468695745989131,-0.3658,0.004
4663,1198,dhmix_510299013171775812,43,EnthalpyOfMixing,<Substance C1CCOCC1{solv}{x=0.741000}|Cc1ccccc1N{solv}{x=0.259000}>,C1CCOCC1,Cc1ccccc1N,Protein-Null-0.0.3-Pair-NMR-1E4-Umbrella-1E3-4-AAQAA3-1E3-3-OPC3_opc3,2,-0.1228750291940059,0.0468437134862379,-0.4892,0.0053
4664,1199,dhmix_1337006691942958969,44,EnthalpyOfMixing,<Substance C1CCOCC1{solv}{x=0.490100}|Cc1ccccc1N{solv}{x=0.509900}>,C1CCOCC1,Cc1ccccc1N,Protein-Null-0.0.3-Pair-NMR-1E4-Umbrella-1E3-4-AAQAA3-1E3-3-OPC3_opc3,2,-0.2476769046459743,0.0419234099680358,-0.5715,0.0062
4665,1200,dens_1448062547628404156,45,Density,<Substance C1CCOCC1{solv}{x=0.727900}|Cc1ccccc1N{solv}{x=0.272100}>,C1CCOCC1,Cc1ccccc1N,Protein-Null-0.0.3-Pair-NMR-1E4-Umbrella-1E3-4-AAQAA3-1E3-3-OPC3_opc3,2,0.9116173629190112,0.0001940365956578,0.91866,0.000285
4666,1201,dens_2171966897328079405,46,Density,<Substance C1CCOCC1{solv}{x=0.498600}|Cc1ccccc1N{solv}{x=0.501400}>,C1CCOCC1,Cc1ccccc1N,Protein-Null-0.0.3-Pair-NMR-1E4-Umbrella-1E3-4-AAQAA3-1E3-3-OPC3_opc3,2,0.9469668468855404,0.0001837046015757,0.9459860000000002,0.0002275
4667,1202,dens_2201621104799327758,47,Density,<Substance C1CCOCC1{solv}{x=0.229700}|Cc1ccccc1N{solv}{x=0.770300}>,C1CCOCC1,Cc1ccccc1N,Protein-Null-0.0.3-Pair-NMR-1E4-Umbrella-1E3-4-AAQAA3-1E3-3-OPC3_opc3,2,0.985343250984206,0.0001900398565032,0.9734540000000002,0.000164
4668,1203,dens_15008167137789802,48,Density,<Substance CCCCCl{solv}{x=0.299200}|CN(C)C=O{solv}{x=0.700800}>,CCCCCl,CN(C)C=O,Protein-Null-0.0.3-Pair-NMR-1E4-Umbrella-1E3-4-AAQAA3-1E3-3-OPC3_opc3,2,0.8973287294017852,0.0003102835739826,0.9218000000000002,0.0002
4669,1204,dens_550868133232739009,49,Density,<Substance CCCCCl{solv}{x=0.701200}|CN(C)C=O{solv}{x=0.298800}>,CCCCCl,CN(C)C=O,Protein-Null-0.0.3-Pair-NMR-1E4-Umbrella-1E3-4-AAQAA3-1E3-3-OPC3_opc3,2,0.8717718968505934,0.000308704396637,0.8963000000000002,0.0002
4670,1205,dhmix_1315230298567753558,50,EnthalpyOfMixing,<Substance CCCCCl{solv}{x=0.793000}|CN(C)C=O{solv}{x=0.207000}>,CCCCCl,CN(C)C=O,Protein-Null-0.0.3-Pair-NMR-1E4-Umbrella-1E3-4-AAQAA3-1E3-3-OPC3_opc3,2,0.6668517661294118,0.045625957892962,0.404,0.003
4671,1206,dhmix_1929975181819720491,51,EnthalpyOfMixing,<Substance CCCCCl{solv}{x=0.493000}|CN(C)C=O{solv}{x=0.507000}>,CCCCCl,CN(C)C=O,Protein-Null-0.0.3-Pair-NMR-1E4-Umbrella-1E3-4-AAQAA3-1E3-3-OPC3_opc3,2,0.9768488359031338,0.0367363441691822,0.571,0.003
4672,1207,dhmix_1976787548784045784,52,EnthalpyOfMixing,<Substance CCCCCl{solv}{x=0.295000}|CN(C)C=O{solv}{x=0.705000}>,CCCCCl,CN(C)C=O,Protein-Null-0.0.3-Pair-NMR-1E4-Umbrella-1E3-4-AAQAA3-1E3-3-OPC3_opc3,2,0.7986385469161661,0.0392918290581258,0.467,0.003
4673,1208,dens_2008819185276371643,53,Density,<Substance CCCCCl{solv}{x=0.499000}|CN(C)C=O{solv}{x=0.501000}>,CCCCCl,CN(C)C=O,Protein-Null-0.0.3-Pair-NMR-1E4-Umbrella-1E3-4-AAQAA3-1E3-3-OPC3_opc3,2,0.8843755520963393,0.0002900637039007,0.9086000000000002,0.0002
4674,1209,dens_16755306936326197,54,Density,<Substance Cc1ccccc1N{solv}{x=0.255700}|Cc1ccccn1{solv}{x=0.744300}>,Cc1ccccc1N,Cc1ccccn1,Protein-Null-0.0.3-Pair-NMR-1E4-Umbrella-1E3-4-AAQAA3-1E3-3-OPC3_opc3,2,0.964682434179351,0.000203957424608,0.9597930000000002,0.000307
4675,1210,dens_238666738854407136,55,Density,<Substance Cc1ccccc1N{solv}{x=0.514600}|Cc1ccccn1{solv}{x=0.485400}>,Cc1ccccc1N,Cc1ccccn1,Protein-Null-0.0.3-Pair-NMR-1E4-Umbrella-1E3-4-AAQAA3-1E3-3-OPC3_opc3,2,0.9849074384317896,0.0002572812098964,0.9748990000000002,0.0002315
4676,1211,dhmix_1909144841681931250,56,EnthalpyOfMixing,<Substance Cc1ccccc1N{solv}{x=0.488200}|Cc1ccccn1{solv}{x=0.511800}>,Cc1ccccc1N,Cc1ccccn1,Protein-Null-0.0.3-Pair-NMR-1E4-Umbrella-1E3-4-AAQAA3-1E3-3-OPC3_opc3,2,-1.608135901652922,0.0414870598289196,-1.4976,0.0305
4677,1212,dens_1945534954282706534,57,Density,<Substance Cc1ccccc1N{solv}{x=0.757100}|Cc1ccccn1{solv}{x=0.242900}>,Cc1ccccc1N,Cc1ccccn1,Protein-Null-0.0.3-Pair-NMR-1E4-Umbrella-1E3-4-AAQAA3-1E3-3-OPC3_opc3,2,1.0005759418379705,0.000276471751447,0.9854410000000002,0.000169
4678,1213,dhmix_2038606904928978856,58,EnthalpyOfMixing,<Substance Cc1ccccc1N{solv}{x=0.782100}|Cc1ccccn1{solv}{x=0.217900}>,Cc1ccccc1N,Cc1ccccn1,Protein-Null-0.0.3-Pair-NMR-1E4-Umbrella-1E3-4-AAQAA3-1E3-3-OPC3_opc3,2,-0.8052988781056527,0.0408357299038293,-0.8656,0.01775
4679,1214,dhmix_2125558080831870503,59,EnthalpyOfMixing,<Substance Cc1ccccc1N{solv}{x=0.273600}|Cc1ccccn1{solv}{x=0.726400}>,Cc1ccccc1N,Cc1ccccn1,Protein-Null-0.0.3-Pair-NMR-1E4-Umbrella-1E3-4-AAQAA3-1E3-3-OPC3_opc3,2,-1.4802638816262856,0.0443373312708823,-1.2462,0.0254
4680,1215,dens_19028061622240549,60,Density,<Substance CN(C)CCO{solv}{x=0.296200}|CO{solv}{x=0.703800}>,CN(C)CCO,CO,Protein-Null-0.0.3-Pair-NMR-1E4-Umbrella-1E3-4-AAQAA3-1E3-3-OPC3_opc3,2,0.8346032310085642,0.0003483439622436,0.8506500000000001,0.00014
4681,1216,dens_186649390549115907,61,Density,<Substance CN(C)CCO{solv}{x=0.502000}|CO{solv}{x=0.498000}>,CN(C)CCO,CO,Protein-Null-0.0.3-Pair-NMR-1E4-Umbrella-1E3-4-AAQAA3-1E3-3-OPC3_opc3,2,0.8596528597342634,0.0002659785042593,0.8684000000000002,0.000155
4682,1217,dhmix_1453612193040378117,62,EnthalpyOfMixing,<Substance CN(C)CCO{solv}{x=0.497200}|CO{solv}{x=0.502800}>,CN(C)CCO,CO,Protein-Null-0.0.3-Pair-NMR-1E4-Umbrella-1E3-4-AAQAA3-1E3-3-OPC3_opc3,2,-1.5425285174933665,0.036757329745605,-0.8673,0.00935
4683,1218,dens_1978392691277508278,63,Density,<Substance CN(C)CCO{solv}{x=0.707500}|CO{solv}{x=0.292500}>,CN(C)CCO,CO,Protein-Null-0.0.3-Pair-NMR-1E4-Umbrella-1E3-4-AAQAA3-1E3-3-OPC3_opc3,2,0.8752831851818336,0.0002130709759758,0.8766100000000002,0.00017
4684,1219,dhmix_2113387918969192804,64,EnthalpyOfMixing,<Substance CN(C)CCO{solv}{x=0.247900}|CO{solv}{x=0.752100}>,CN(C)CCO,CO,Protein-Null-0.0.3-Pair-NMR-1E4-Umbrella-1E3-4-AAQAA3-1E3-3-OPC3_opc3,2,-1.3254671087718677,0.0300828139826999,-0.8057,0.0087
4685,1220,dhmix_2220842061395014218,65,EnthalpyOfMixing,<Substance CN(C)CCO{solv}{x=0.750600}|CO{solv}{x=0.249400}>,CN(C)CCO,CO,Protein-Null-0.0.3-Pair-NMR-1E4-Umbrella-1E3-4-AAQAA3-1E3-3-OPC3_opc3,2,-1.0031137370690573,0.0428684665680159,-0.5322,0.00585
4686,1221,dhmix_21994921667950318,66,EnthalpyOfMixing,<Substance C=CCCCC{solv}{x=0.500100}|CCCO{solv}{x=0.499900}>,C=CCCCC,CCCO,Protein-Null-0.0.3-Pair-NMR-1E4-Umbrella-1E3-4-AAQAA3-1E3-3-OPC3_opc3,2,0.7132124321152915,0.0393080340096474,0.595,0.0055
4687,1222,dens_62854823056490751,67,Density,<Substance C=CCCCC{solv}{x=0.150300}|CCCO{solv}{x=0.849700}>,C=CCCCC,CCCO,Protein-Null-0.0.3-Pair-NMR-1E4-Umbrella-1E3-4-AAQAA3-1E3-3-OPC3_opc3,2,0.7568502045016082,0.0002226856828376,0.7704980000000002,0.0001845
4688,1223,dens_294296714501123310,68,Density,<Substance C=CCCCC{solv}{x=0.499100}|CCCO{solv}{x=0.500900}>,C=CCCCC,CCCO,Protein-Null-0.0.3-Pair-NMR-1E4-Umbrella-1E3-4-AAQAA3-1E3-3-OPC3_opc3,2,0.6969508030268164,0.0002627850698686,0.7176450000000002,0.0002145
4689,1224,dhmix_829065315899278784,69,EnthalpyOfMixing,<Substance C=CCCCC{solv}{x=0.750000}|CCCO{solv}{x=0.250000}>,C=CCCCC,CCCO,Protein-Null-0.0.3-Pair-NMR-1E4-Umbrella-1E3-4-AAQAA3-1E3-3-OPC3_opc3,2,0.9745420649786496,0.0436672508810626,0.682,0.006
4690,1225,dens_2024397702416079279,70,Density,<Substance C=CCCCC{solv}{x=0.745600}|CCCO{solv}{x=0.254400}>,C=CCCCC,CCCO,Protein-Null-0.0.3-Pair-NMR-1E4-Umbrella-1E3-4-AAQAA3-1E3-3-OPC3_opc3,2,0.664914271490592,0.0002510816628886,0.6899770000000002,0.0002305
4691,1226,dhmix_2167083041249157622,71,EnthalpyOfMixing,<Substance C=CCCCC{solv}{x=0.150100}|CCCO{solv}{x=0.849900}>,C=CCCCC,CCCO,Protein-Null-0.0.3-Pair-NMR-1E4-Umbrella-1E3-4-AAQAA3-1E3-3-OPC3_opc3,2,0.2739961362477672,0.033783871398515,0.192,0.005
4692,1227,dhmix_22428169890990447,72,EnthalpyOfMixing,<Substance CC1(C)C(=O)[C@]2(C)CC[C@H]1C2{solv}{x=0.286000}|CCO{solv}{x=0.714000}>,CC1(C)C(=O)[C@]2(C)CC[C@H]1C2,CCO,Protein-Null-0.0.3-Pair-NMR-1E4-Umbrella-1E3-4-AAQAA3-1E3-3-OPC3_opc3,2,0.5478053363454478,0.0387722744136358,0.876,0.0265
4693,1228,dhmix_57626661746168078,73,EnthalpyOfMixing,<Substance CC1(C)C(=O)[C@]2(C)CC[C@H]1C2{solv}{x=0.701000}|CCO{solv}{x=0.299000}>,CC1(C)C(=O)[C@]2(C)CC[C@H]1C2,CCO,Protein-Null-0.0.3-Pair-NMR-1E4-Umbrella-1E3-4-AAQAA3-1E3-3-OPC3_opc3,2,0.7225571718788046,0.0449849416336585,1.0,0.0305
4694,1229,dhmix_287041928444283276,74,EnthalpyOfMixing,<Substance CC1(C)C(=O)[C@]2(C)CC[C@H]1C2{solv}{x=0.488000}|CCO{solv}{x=0.512000}>,CC1(C)C(=O)[C@]2(C)CC[C@H]1C2,CCO,Protein-Null-0.0.3-Pair-NMR-1E4-Umbrella-1E3-4-AAQAA3-1E3-3-OPC3_opc3,2,0.662534188938082,0.0461412155863233,1.109,0.0335
4695,1230,dens_618487453946854895,75,Density,<Substance CC1(C)C(=O)[C@]2(C)CC[C@H]1C2{solv}{x=0.501200}|CCO{solv}{x=0.498800}>,CC1(C)C(=O)[C@]2(C)CC[C@H]1C2,CCO,Protein-Null-0.0.3-Pair-NMR-1E4-Umbrella-1E3-4-AAQAA3-1E3-3-OPC3_opc3,2,0.9038409296671228,0.0001861594551928,0.9005900000000002,5.5000000000000016e-05
4696,1231,dens_1408969463542558504,76,Density,<Substance CC1(C)C(=O)[C@]2(C)CC[C@H]1C2{solv}{x=0.789700}|CCO{solv}{x=0.210300}>,CC1(C)C(=O)[C@]2(C)CC[C@H]1C2,CCO,Protein-Null-0.0.3-Pair-NMR-1E4-Umbrella-1E3-4-AAQAA3-1E3-3-OPC3_opc3,2,0.9327732581089054,0.0002349846427774,0.9274800000000002,6.0000000000000015e-05
4697,1232,dens_2053919413592536040,77,Density,<Substance CC1(C)C(=O)[C@]2(C)CC[C@H]1C2{solv}{x=0.200200}|CCO{solv}{x=0.799800}>,CC1(C)C(=O)[C@]2(C)CC[C@H]1C2,CCO,Protein-Null-0.0.3-Pair-NMR-1E4-Umbrella-1E3-4-AAQAA3-1E3-3-OPC3_opc3,2,0.8506598390207806,0.0002368978426692,0.8499000000000002,6.500000000000002e-05
4698,1233,dhmix_24700325920498635,78,EnthalpyOfMixing,<Substance CCC(C)(C)O{solv}{x=0.799400}|CCOC(C)(C)CC{solv}{x=0.200600}>,CCC(C)(C)O,CCOC(C)(C)CC,Protein-Null-0.0.3-Pair-NMR-1E4-Umbrella-1E3-4-AAQAA3-1E3-3-OPC3_opc3,2,0.6662346943031796,0.0437981390857844,0.448,0.0073
4699,1234,dhmix_252628078473967793,79,EnthalpyOfMixing,<Substance CCC(C)(C)O{solv}{x=0.299700}|CCOC(C)(C)CC{solv}{x=0.700300}>,CCC(C)(C)O,CCOC(C)(C)CC,Protein-Null-0.0.3-Pair-NMR-1E4-Umbrella-1E3-4-AAQAA3-1E3-3-OPC3_opc3,2,1.2188998344271411,0.0462353532577347,0.9727,0.0132
4700,1235,dens_281609537293621351,80,Density,<Substance CCC(C)(C)O{solv}{x=0.799400}|CCOC(C)(C)CC{solv}{x=0.200600}>,CCC(C)(C)O,CCOC(C)(C)CC,Protein-Null-0.0.3-Pair-NMR-1E4-Umbrella-1E3-4-AAQAA3-1E3-3-OPC3_opc3,2,0.8022344187636571,0.0002697784336269,0.7932000000000002,0.00025
4701,1236,dhmix_980734994193955874,81,EnthalpyOfMixing,<Substance CCC(C)(C)O{solv}{x=0.498700}|CCOC(C)(C)CC{solv}{x=0.501300}>,CCC(C)(C)O,CCOC(C)(C)CC,Protein-Null-0.0.3-Pair-NMR-1E4-Umbrella-1E3-4-AAQAA3-1E3-3-OPC3_opc3,2,1.1102187609859795,0.040372148987526,0.8937,0.01225
4702,1237,dens_1165049856972872340,82,Density,<Substance CCC(C)(C)O{solv}{x=0.498700}|CCOC(C)(C)CC{solv}{x=0.501300}>,CCC(C)(C)O,CCOC(C)(C)CC,Protein-Null-0.0.3-Pair-NMR-1E4-Umbrella-1E3-4-AAQAA3-1E3-3-OPC3_opc3,2,0.7833774095790725,0.0001872467262917,0.7789000000000001,0.0002
4703,1238,dens_2297026976830009992,83,Density,<Substance CCC(C)(C)O{solv}{x=0.299700}|CCOC(C)(C)CC{solv}{x=0.700300}>,CCC(C)(C)O,CCOC(C)(C)CC,Protein-Null-0.0.3-Pair-NMR-1E4-Umbrella-1E3-4-AAQAA3-1E3-3-OPC3_opc3,2,0.7737533660697895,0.000153703790089,0.7709000000000001,0.0002
4704,1239,dens_25810987980199799,84,Density,<Substance CCCCCC{solv}{x=0.158800}|Cc1ccccc1{solv}{x=0.841200}>,CCCCCC,Cc1ccccc1,Protein-Null-0.0.3-Pair-NMR-1E4-Umbrella-1E3-4-AAQAA3-1E3-3-OPC3_opc3,2,0.8070702837297519,0.0002445987532975,0.8226300000000002,0.000335
4705,1240,dens_574637447996217594,85,Density,<Substance CCCCCC{solv}{x=0.501100}|Cc1ccccc1{solv}{x=0.498900}>,CCCCCC,Cc1ccccc1,Protein-Null-0.0.3-Pair-NMR-1E4-Umbrella-1E3-4-AAQAA3-1E3-3-OPC3_opc3,2,0.7314424390890095,0.0002544760361378,0.7484400000000002,0.00015
4706,1241,dhmix_1373657903424456878,86,EnthalpyOfMixing,<Substance CCCCCC{solv}{x=0.158600}|Cc1ccccc1{solv}{x=0.841400}>,CCCCCC,Cc1ccccc1,Protein-Null-0.0.3-Pair-NMR-1E4-Umbrella-1E3-4-AAQAA3-1E3-3-OPC3_opc3,2,0.4175889316577041,0.0425263342207854,0.3163,0.0043
4707,1242,dhmix_1383995974797334848,87,EnthalpyOfMixing,<Substance CCCCCC{solv}{x=0.472300}|Cc1ccccc1{solv}{x=0.527700}>,CCCCCC,Cc1ccccc1,Protein-Null-0.0.3-Pair-NMR-1E4-Umbrella-1E3-4-AAQAA3-1E3-3-OPC3_opc3,2,0.7142284799523253,0.0442247698410506,0.5467,0.00715
4708,1243,dhmix_1412344026798360911,88,EnthalpyOfMixing,<Substance CCCCCC{solv}{x=0.748400}|Cc1ccccc1{solv}{x=0.251600}>,CCCCCC,Cc1ccccc1,Protein-Null-0.0.3-Pair-NMR-1E4-Umbrella-1E3-4-AAQAA3-1E3-3-OPC3_opc3,2,0.4833054061009392,0.0509133671162189,0.393,0.00525
4709,1244,dens_2241575426887298365,89,Density,<Substance CCCCCC{solv}{x=0.733800}|Cc1ccccc1{solv}{x=0.266200}>,CCCCCC,Cc1ccccc1,Protein-Null-0.0.3-Pair-NMR-1E4-Umbrella-1E3-4-AAQAA3-1E3-3-OPC3_opc3,2,0.6852448594950475,0.0002312392678755,0.7020900000000002,0.000305
4710,1245,dens_27241401908451167,90,Density,<Substance CN(C)C=O{solv}{x=0.503500}|Cc1ccccc1Cl{solv}{x=0.496500}>,CN(C)C=O,Cc1ccccc1Cl,Protein-Null-0.0.3-Pair-NMR-1E4-Umbrella-1E3-4-AAQAA3-1E3-3-OPC3_opc3,2,1.0102554516151463,0.0002430907922016,1.0247000000000004,0.0005
4711,1246,dhmix_674882857451857086,91,EnthalpyOfMixing,<Substance CN(C)C=O{solv}{x=0.511800}|Cc1ccccc1Cl{solv}{x=0.488200}>,CN(C)C=O,Cc1ccccc1Cl,Protein-Null-0.0.3-Pair-NMR-1E4-Umbrella-1E3-4-AAQAA3-1E3-3-OPC3_opc3,2,0.2384262980880933,0.0390185932562434,0.545,0.006
4712,1247,dens_818042132181297482,92,Density,<Substance CN(C)C=O{solv}{x=0.751200}|Cc1ccccc1Cl{solv}{x=0.248800}>,CN(C)C=O,Cc1ccccc1Cl,Protein-Null-0.0.3-Pair-NMR-1E4-Umbrella-1E3-4-AAQAA3-1E3-3-OPC3_opc3,2,0.9687466479380844,0.0002756541573113,0.9898800000000002,0.0005
4713,1248,dens_861365281257265917,93,Density,<Substance CN(C)C=O{solv}{x=0.273700}|Cc1ccccc1Cl{solv}{x=0.726300}>,CN(C)C=O,Cc1ccccc1Cl,Protein-Null-0.0.3-Pair-NMR-1E4-Umbrella-1E3-4-AAQAA3-1E3-3-OPC3_opc3,2,1.030252743071799,0.0002524672753917,1.0415000000000003,0.0005
4714,1249,dhmix_1670364528496870559,94,EnthalpyOfMixing,<Substance CN(C)C=O{solv}{x=0.767900}|Cc1ccccc1Cl{solv}{x=0.232100}>,CN(C)C=O,Cc1ccccc1Cl,Protein-Null-0.0.3-Pair-NMR-1E4-Umbrella-1E3-4-AAQAA3-1E3-3-OPC3_opc3,2,0.1448970089430759,0.0326019036807001,0.436,0.005
4715,1250,dhmix_1992689527814967541,95,EnthalpyOfMixing,<Substance CN(C)C=O{solv}{x=0.274300}|Cc1ccccc1Cl{solv}{x=0.725700}>,CN(C)C=O,Cc1ccccc1Cl,Protein-Null-0.0.3-Pair-NMR-1E4-Umbrella-1E3-4-AAQAA3-1E3-3-OPC3_opc3,2,0.229627345864948,0.0433616417868707,0.373,0.004
4716,1251,dens_29213618499921464,96,Density,<Substance C1CCOCC1{solv}{x=0.254000}|O=C1CCCCCC1{solv}{x=0.746000}>,C1CCOCC1,O=C1CCCCCC1,Protein-Null-0.0.3-Pair-NMR-1E4-Umbrella-1E3-4-AAQAA3-1E3-3-OPC3_opc3,2,0.9091281741193844,0.000211820878864,0.9355100000000002,0.00051
4717,1252,dens_468319504030932569,97,Density,<Substance C1CCOCC1{solv}{x=0.498600}|O=C1CCCCCC1{solv}{x=0.501400}>,C1CCOCC1,O=C1CCCCCC1,Protein-Null-0.0.3-Pair-NMR-1E4-Umbrella-1E3-4-AAQAA3-1E3-3-OPC3_opc3,2,0.8976610757479085,0.0001905197377721,0.9211200000000004,0.00051
4718,1253,dens_1174890511154571939,98,Density,<Substance C1CCOCC1{solv}{x=0.768600}|O=C1CCCCCC1{solv}{x=0.231400}>,C1CCOCC1,O=C1CCCCCC1,Protein-Null-0.0.3-Pair-NMR-1E4-Umbrella-1E3-4-AAQAA3-1E3-3-OPC3_opc3,2,0.8821085531767983,0.0002275976134206,0.9012200000000002,0.000505
4719,1254,dens_30084818585402677,99,Density,<Substance CC(=O)N(C)C{solv}{x=0.700600}|ClCCCCCCCl{solv}{x=0.299400}>,CC(=O)N(C)C,ClCCCCCCCl,Protein-Null-0.0.3-Pair-NMR-1E4-Umbrella-1E3-4-AAQAA3-1E3-3-OPC3_opc3,2,0.9583478789697478,0.0002490168417666,0.9853000000000002,0.00175
4720,1255,dhmix_384619296407103076,100,EnthalpyOfMixing,<Substance CC(=O)N(C)C{solv}{x=0.504000}|ClCCCCCCCl{solv}{x=0.496000}>,CC(=O)N(C)C,ClCCCCCCCl,Protein-Null-0.0.3-Pair-NMR-1E4-Umbrella-1E3-4-AAQAA3-1E3-3-OPC3_opc3,2,0.3118383790385195,0.0423677280848043,0.09,0.002
4721,1256,dens_539464371986972328,101,Density,<Substance CC(=O)N(C)C{solv}{x=0.494300}|ClCCCCCCCl{solv}{x=0.505700}>,CC(=O)N(C)C,ClCCCCCCCl,Protein-Null-0.0.3-Pair-NMR-1E4-Umbrella-1E3-4-AAQAA3-1E3-3-OPC3_opc3,2,0.991851486438215,0.0001683195459348,1.0123000000000002,0.0016
4722,1257,dhmix_1114659247517686326,102,EnthalpyOfMixing,<Substance CC(=O)N(C)C{solv}{x=0.798000}|ClCCCCCCCl{solv}{x=0.202000}>,CC(=O)N(C)C,ClCCCCCCCl,Protein-Null-0.0.3-Pair-NMR-1E4-Umbrella-1E3-4-AAQAA3-1E3-3-OPC3_opc3,2,0.1721193780695831,0.0406547615918596,0.067,0.002
4723,1258,dhmix_1410583096030633514,103,EnthalpyOfMixing,<Substance CC(=O)N(C)C{solv}{x=0.212000}|ClCCCCCCCl{solv}{x=0.788000}>,CC(=O)N(C)C,ClCCCCCCCl,Protein-Null-0.0.3-Pair-NMR-1E4-Umbrella-1E3-4-AAQAA3-1E3-3-OPC3_opc3,2,0.1928995273277252,0.0487324210474379,0.04,0.002
4724,1259,dens_2244909992725638206,104,Density,<Substance CC(=O)N(C)C{solv}{x=0.300200}|ClCCCCCCCl{solv}{x=0.699800}>,CC(=O)N(C)C,ClCCCCCCCl,Protein-Null-0.0.3-Pair-NMR-1E4-Umbrella-1E3-4-AAQAA3-1E3-3-OPC3_opc3,2,1.0188389797583095,0.0002577337398574,1.0345000000000002,0.0015
4725,1260,dhmix_35301006695188726,105,EnthalpyOfMixing,<Substance CCOC(=O)C(C)C{solv}{x=0.289000}|CO{solv}{x=0.711000}>,CCOC(=O)C(C)C,CO,Protein-Null-0.0.3-Pair-NMR-1E4-Umbrella-1E3-4-AAQAA3-1E3-3-OPC3_opc3,2,0.2116925526566433,0.0328714816447332,0.488,0.0035
4726,1261,dens_508877804306927207,106,Density,<Substance CCOC(=O)C(C)C{solv}{x=0.499000}|CO{solv}{x=0.501000}>,CCOC(=O)C(C)C,CO,Protein-Null-0.0.3-Pair-NMR-1E4-Umbrella-1E3-4-AAQAA3-1E3-3-OPC3_opc3,2,0.8409082929704805,0.0003185779675148,0.8414100000000002,0.00011
4727,1262,dens_1201422771202741625,107,Density,<Substance CCOC(=O)C(C)C{solv}{x=0.199600}|CO{solv}{x=0.800400}>,CCOC(=O)C(C)C,CO,Protein-Null-0.0.3-Pair-NMR-1E4-Umbrella-1E3-4-AAQAA3-1E3-3-OPC3_opc3,2,0.8048118871179041,0.0003703824764789,0.8173600000000002,0.000115
4728,1263,dhmix_1951183536432642425,108,EnthalpyOfMixing,<Substance CCOC(=O)C(C)C{solv}{x=0.480000}|CO{solv}{x=0.520000}>,CCOC(=O)C(C)C,CO,Protein-Null-0.0.3-Pair-NMR-1E4-Umbrella-1E3-4-AAQAA3-1E3-3-OPC3_opc3,2,0.4420193833208259,0.035930443894928,0.671,0.0045
4729,1264,dens_1998368384671748308,109,Density,<Substance CCOC(=O)C(C)C{solv}{x=0.703000}|CO{solv}{x=0.297000}>,CCOC(=O)C(C)C,CO,Protein-Null-0.0.3-Pair-NMR-1E4-Umbrella-1E3-4-AAQAA3-1E3-3-OPC3_opc3,2,0.8548510683769843,0.0002574994039701,0.8501200000000002,0.00011
4730,1265,dhmix_2200604492347455092,110,EnthalpyOfMixing,<Substance CCOC(=O)C(C)C{solv}{x=0.771000}|CO{solv}{x=0.229000}>,CCOC(=O)C(C)C,CO,Protein-Null-0.0.3-Pair-NMR-1E4-Umbrella-1E3-4-AAQAA3-1E3-3-OPC3_opc3,2,0.2781740174615095,0.0447185054576494,0.632,0.0045
4731,1266,dhmix_39159150320919359,111,EnthalpyOfMixing,<Substance CCO{solv}{x=0.799700}|Cc1cccc(O)c1{solv}{x=0.200300}>,CCO,Cc1cccc(O)c1,Protein-Null-0.0.3-Pair-NMR-1E4-Umbrella-1E3-4-AAQAA3-1E3-3-OPC3_opc3,2,-0.6594584869838371,0.0362714542494329,-0.79199,0.011965
4732,1267,dens_410843938837220593,112,Density,<Substance CCO{solv}{x=0.263700}|Cc1cccc(O)c1{solv}{x=0.736300}>,CCO,Cc1cccc(O)c1,Protein-Null-0.0.3-Pair-NMR-1E4-Umbrella-1E3-4-AAQAA3-1E3-3-OPC3_opc3,2,0.9853228981334992,0.0002281309828702,0.9852300000000004,0.0006
4733,1268,dhmix_1115402835538407874,113,EnthalpyOfMixing,<Substance CCO{solv}{x=0.212500}|Cc1cccc(O)c1{solv}{x=0.787500}>,CCO,Cc1cccc(O)c1,Protein-Null-0.0.3-Pair-NMR-1E4-Umbrella-1E3-4-AAQAA3-1E3-3-OPC3_opc3,2,-0.7891943853930954,0.0492063897137614,-0.68742,0.01275
4734,1269,dens_1359111234216199895,114,Density,<Substance CCO{solv}{x=0.472400}|Cc1cccc(O)c1{solv}{x=0.527600}>,CCO,Cc1cccc(O)c1,Protein-Null-0.0.3-Pair-NMR-1E4-Umbrella-1E3-4-AAQAA3-1E3-3-OPC3_opc3,2,0.9481384249103706,0.0002026603281648,0.9446300000000002,0.0006
4735,1270,dens_1590314985481219627,115,Density,<Substance CCO{solv}{x=0.781700}|Cc1cccc(O)c1{solv}{x=0.218300}>,CCO,Cc1cccc(O)c1,Protein-Null-0.0.3-Pair-NMR-1E4-Umbrella-1E3-4-AAQAA3-1E3-3-OPC3_opc3,2,0.8672724172061553,0.0003031417332209,0.8631500000000002,0.000605
4736,1271,dhmix_1871939727966182523,116,EnthalpyOfMixing,<Substance CCO{solv}{x=0.413900}|Cc1cccc(O)c1{solv}{x=0.586100}>,CCO,Cc1cccc(O)c1,Protein-Null-0.0.3-Pair-NMR-1E4-Umbrella-1E3-4-AAQAA3-1E3-3-OPC3_opc3,2,-1.067869228133581,0.0354262569786942,-1.14624,0.00985
4737,1272,dens_42678158079716854,117,Density,<Substance CN1CCCC1=O{solv}{x=0.937492}|c1ccccc1{solv}{x=0.062508}>,CN1CCCC1=O,c1ccccc1,Protein-Null-0.0.3-Pair-NMR-1E4-Umbrella-1E3-4-AAQAA3-1E3-3-OPC3_opc3,2,0.9918480403738495,0.0001507911995087,1.0204500000000003,3.500000000000001e-05
4738,1273,dens_252520620125458637,118,Density,<Substance CN1CCCC1=O{solv}{x=0.513500}|c1ccccc1{solv}{x=0.486500}>,CN1CCCC1=O,c1ccccc1,Protein-Null-0.0.3-Pair-NMR-1E4-Umbrella-1E3-4-AAQAA3-1E3-3-OPC3_opc3,2,0.9462303637022764,0.0002217401268825,0.9684700000000004,0.00018
4739,1274,dhmix_524477957640851666,119,EnthalpyOfMixing,<Substance CN1CCCC1=O{solv}{x=0.235600}|c1ccccc1{solv}{x=0.764400}>,CN1CCCC1=O,c1ccccc1,Protein-Null-0.0.3-Pair-NMR-1E4-Umbrella-1E3-4-AAQAA3-1E3-3-OPC3_opc3,2,-0.167493293638266,0.0414550120244219,-0.3684,0.00405
4740,1275,dhmix_1475629358723962160,120,EnthalpyOfMixing,<Substance CN1CCCC1=O{solv}{x=0.546700}|c1ccccc1{solv}{x=0.453300}>,CN1CCCC1=O,c1ccccc1,Protein-Null-0.0.3-Pair-NMR-1E4-Umbrella-1E3-4-AAQAA3-1E3-3-OPC3_opc3,2,-0.2323912124732885,0.041015824362603,-0.4943,0.00535
4741,1276,dens_2041306780823594960,121,Density,<Substance CN1CCCC1=O{solv}{x=0.252400}|c1ccccc1{solv}{x=0.747600}>,CN1CCCC1=O,c1ccccc1,Protein-Null-0.0.3-Pair-NMR-1E4-Umbrella-1E3-4-AAQAA3-1E3-3-OPC3_opc3,2,0.898880296217055,0.000171872842786,0.9163300000000004,0.00029
4742,1277,dhmix_2156508970935294660,122,EnthalpyOfMixing,<Substance CN1CCCC1=O{solv}{x=0.741100}|c1ccccc1{solv}{x=0.258900}>,CN1CCCC1=O,c1ccccc1,Protein-Null-0.0.3-Pair-NMR-1E4-Umbrella-1E3-4-AAQAA3-1E3-3-OPC3_opc3,2,-0.0876733733032537,0.0470439144285149,-0.3841,0.0042
4743,1278,dhmix_44217680865702366,123,EnthalpyOfMixing,<Substance CC(=O)c1ccccc1{solv}{x=0.200100}|CC(C)O{solv}{x=0.799900}>,CC(=O)c1ccccc1,CC(C)O,Protein-Null-0.0.3-Pair-NMR-1E4-Umbrella-1E3-4-AAQAA3-1E3-3-OPC3_opc3,2,0.8115638748751588,0.0412801076642798,1.1352,0.0124
4744,1279,dens_91454082453656404,124,Density,<Substance CC(=O)c1ccccc1{solv}{x=0.756100}|CC(C)O{solv}{x=0.243900}>,CC(=O)c1ccccc1,CC(C)O,Protein-Null-0.0.3-Pair-NMR-1E4-Umbrella-1E3-4-AAQAA3-1E3-3-OPC3_opc3,2,0.9713649413300768,0.0001746216559857,0.9823500000000004,0.000175
4745,1280,dens_152869924254680766,125,Density,<Substance CC(=O)c1ccccc1{solv}{x=0.251700}|CC(C)O{solv}{x=0.748300}>,CC(=O)c1ccccc1,CC(C)O,Protein-Null-0.0.3-Pair-NMR-1E4-Umbrella-1E3-4-AAQAA3-1E3-3-OPC3_opc3,2,0.8700953022121196,0.0002203449280909,0.8654400000000002,0.000245
4746,1281,dhmix_1214494501247401592,126,EnthalpyOfMixing,<Substance CC(=O)c1ccccc1{solv}{x=0.499600}|CC(C)O{solv}{x=0.500400}>,CC(=O)c1ccccc1,CC(C)O,Protein-Null-0.0.3-Pair-NMR-1E4-Umbrella-1E3-4-AAQAA3-1E3-3-OPC3_opc3,2,1.2506489254855315,0.0448670346067496,1.5703,0.0169
4747,1282,dhmix_1482394504883204224,127,EnthalpyOfMixing,<Substance CC(=O)c1ccccc1{solv}{x=0.700600}|CC(C)O{solv}{x=0.299400}>,CC(=O)c1ccccc1,CC(C)O,Protein-Null-0.0.3-Pair-NMR-1E4-Umbrella-1E3-4-AAQAA3-1E3-3-OPC3_opc3,2,0.9087599746684702,0.0445112855957287,1.3758,0.01485
4748,1283,dens_1804860114822214449,128,Density,<Substance CC(=O)c1ccccc1{solv}{x=0.534500}|CC(C)O{solv}{x=0.465500}>,CC(=O)c1ccccc1,CC(C)O,Protein-Null-0.0.3-Pair-NMR-1E4-Umbrella-1E3-4-AAQAA3-1E3-3-OPC3_opc3,2,0.932985313294712,0.0002109416705586,0.9375600000000002,0.0002
4749,1284,dhmix_47323681380989568,129,EnthalpyOfMixing,<Substance CCCCCCCCCl{solv}{x=0.498000}|CN(C)C=O{solv}{x=0.502000}>,CCCCCCCCCl,CN(C)C=O,Protein-Null-0.0.3-Pair-NMR-1E4-Umbrella-1E3-4-AAQAA3-1E3-3-OPC3_opc3,2,1.389213951438876,0.0349424338034025,1.087,0.0045
4750,1285,dhmix_620291288515939248,130,EnthalpyOfMixing,<Substance CCCCCCCCCl{solv}{x=0.790000}|CN(C)C=O{solv}{x=0.210000}>,CCCCCCCCCl,CN(C)C=O,Protein-Null-0.0.3-Pair-NMR-1E4-Umbrella-1E3-4-AAQAA3-1E3-3-OPC3_opc3,2,0.8894328368815252,0.0522648374629244,0.68,0.0045
4751,1286,dens_1830564734879843336,131,Density,<Substance CCCCCCCCCl{solv}{x=0.733100}|CN(C)C=O{solv}{x=0.266900}>,CCCCCCCCCl,CN(C)C=O,Protein-Null-0.0.3-Pair-NMR-1E4-Umbrella-1E3-4-AAQAA3-1E3-3-OPC3_opc3,2,0.8644739258320707,0.0002240966637537,0.8779000000000002,0.00045
4752,1287,dens_1865569264533219410,132,Density,<Substance CCCCCCCCCl{solv}{x=0.500800}|CN(C)C=O{solv}{x=0.499200}>,CCCCCCCCCl,CN(C)C=O,Protein-Null-0.0.3-Pair-NMR-1E4-Umbrella-1E3-4-AAQAA3-1E3-3-OPC3_opc3,2,0.8737416663710763,0.0002312242533513,0.8897000000000003,0.0004
4753,1288,dens_1893252821735673677,133,Density,<Substance CCCCCCCCCl{solv}{x=0.199800}|CN(C)C=O{solv}{x=0.800200}>,CCCCCCCCCl,CN(C)C=O,Protein-Null-0.0.3-Pair-NMR-1E4-Umbrella-1E3-4-AAQAA3-1E3-3-OPC3_opc3,2,0.8936718861720631,0.0002385409343177,0.9149000000000002,0.0003
4754,1289,dhmix_2175249209874409534,134,EnthalpyOfMixing,<Substance CCCCCCCCCl{solv}{x=0.205000}|CN(C)C=O{solv}{x=0.795000}>,CCCCCCCCCl,CN(C)C=O,Protein-Null-0.0.3-Pair-NMR-1E4-Umbrella-1E3-4-AAQAA3-1E3-3-OPC3_opc3,2,1.0569102329206217,0.042103979541476,0.79,0.0045
4755,1290,dens_47347406470845261,135,Density,<Substance BrCCCBr{solv}{x=0.748600}|COC=O{solv}{x=0.251400}>,BrCCCBr,COC=O,Protein-Null-0.0.3-Pair-NMR-1E4-Umbrella-1E3-4-AAQAA3-1E3-3-OPC3_opc3,2,1.7441923322750583,0.0005804409557672,1.7969200000000003,0.00306
4756,1291,dens_398260729245374704,136,Density,<Substance BrCCCBr{solv}{x=0.472200}|COC=O{solv}{x=0.527800}>,BrCCCBr,COC=O,Protein-Null-0.0.3-Pair-NMR-1E4-Umbrella-1E3-4-AAQAA3-1E3-3-OPC3_opc3,2,1.5372906621129128,0.0005269970562546,1.5585100000000005,0.001985
4757,1292,dhmix_1440467239786579925,137,EnthalpyOfMixing,<Substance BrCCCBr{solv}{x=0.735400}|COC=O{solv}{x=0.264600}>,BrCCCBr,COC=O,Protein-Null-0.0.3-Pair-NMR-1E4-Umbrella-1E3-4-AAQAA3-1E3-3-OPC3_opc3,2,0.7600881362181582,0.0327599160535837,0.7435,0.00655
4758,1293,dens_1812113401512645360,138,Density,<Substance BrCCCBr{solv}{x=0.204700}|COC=O{solv}{x=0.795300}>,BrCCCBr,COC=O,Protein-Null-0.0.3-Pair-NMR-1E4-Umbrella-1E3-4-AAQAA3-1E3-3-OPC3_opc3,2,1.2710307022307812,0.0003936608013737,1.2611800000000004,0.001025
4759,1294,dhmix_2252268161220427112,139,EnthalpyOfMixing,<Substance BrCCCBr{solv}{x=0.485300}|COC=O{solv}{x=0.514700}>,BrCCCBr,COC=O,Protein-Null-0.0.3-Pair-NMR-1E4-Umbrella-1E3-4-AAQAA3-1E3-3-OPC3_opc3,2,0.97113193740185,0.0333380388174088,0.9249,0.00795
4760,1295,dhmix_2289960806584862127,140,EnthalpyOfMixing,<Substance BrCCCBr{solv}{x=0.239500}|COC=O{solv}{x=0.760500}>,BrCCCBr,COC=O,Protein-Null-0.0.3-Pair-NMR-1E4-Umbrella-1E3-4-AAQAA3-1E3-3-OPC3_opc3,2,0.7239324633120239,0.0323807987828418,0.6669,0.00595
4761,1296,dens_52148744845178727,141,Density,<Substance CC(=O)CC(C)C{solv}{x=0.700900}|CCC(C)(C)O{solv}{x=0.299100}>,CC(=O)CC(C)C,CCC(C)(C)O,Protein-Null-0.0.3-Pair-NMR-1E4-Umbrella-1E3-4-AAQAA3-1E3-3-OPC3_opc3,2,0.796418260455356,0.0002142602430159,0.7968700000000002,0.00018
4762,1297,dhmix_202225007451030020,142,EnthalpyOfMixing,<Substance CC(=O)CC(C)C{solv}{x=0.201700}|CCC(C)(C)O{solv}{x=0.798300}>,CC(=O)CC(C)C,CCC(C)(C)O,Protein-Null-0.0.3-Pair-NMR-1E4-Umbrella-1E3-4-AAQAA3-1E3-3-OPC3_opc3,2,0.1666142396533217,0.0485359602265949,0.8181,0.01135
4763,1298,dens_938275493819605051,143,Density,<Substance CC(=O)CC(C)C{solv}{x=0.500800}|CCC(C)(C)O{solv}{x=0.499200}>,CC(=O)CC(C)C,CCC(C)(C)O,Protein-Null-0.0.3-Pair-NMR-1E4-Umbrella-1E3-4-AAQAA3-1E3-3-OPC3_opc3,2,0.8013763756124105,0.0001931623177221,0.7987300000000002,0.00018
4764,1299,dhmix_998794233701009996,144,EnthalpyOfMixing,<Substance CC(=O)CC(C)C{solv}{x=0.500800}|CCC(C)(C)O{solv}{x=0.499200}>,CC(=O)CC(C)C,CCC(C)(C)O,Protein-Null-0.0.3-Pair-NMR-1E4-Umbrella-1E3-4-AAQAA3-1E3-3-OPC3_opc3,2,0.4488820778609756,0.0477412958403882,1.3674,0.0185
4765,1300,dhmix_1565593158104493647,145,EnthalpyOfMixing,<Substance CC(=O)CC(C)C{solv}{x=0.700900}|CCC(C)(C)O{solv}{x=0.299100}>,CC(=O)CC(C)C,CCC(C)(C)O,Protein-Null-0.0.3-Pair-NMR-1E4-Umbrella-1E3-4-AAQAA3-1E3-3-OPC3_opc3,2,0.390601063021041,0.0405039547852911,1.2068,0.0164
4766,1301,dens_2097057526665137697,146,Density,<Substance CC(=O)CC(C)C{solv}{x=0.201700}|CCC(C)(C)O{solv}{x=0.798300}>,CC(=O)CC(C)C,CCC(C)(C)O,Protein-Null-0.0.3-Pair-NMR-1E4-Umbrella-1E3-4-AAQAA3-1E3-3-OPC3_opc3,2,0.8112820030188211,0.0002175435225827,0.8030000000000002,0.00019
4767,1302,dens_60145312697659458,147,Density,<Substance OC1=NCCC1{solv}{x=0.231200}|c1ccncc1{solv}{x=0.768800}>,OC1=NCCC1,c1ccncc1,Protein-Null-0.0.3-Pair-NMR-1E4-Umbrella-1E3-4-AAQAA3-1E3-3-OPC3_opc3,2,0.9990474115857494,0.0001676410006086,1.0106200000000003,0.00051
4768,1303,dhmix_281987656487279026,148,EnthalpyOfMixing,<Substance OC1=NCCC1{solv}{x=0.525600}|c1ccncc1{solv}{x=0.474400}>,OC1=NCCC1,c1ccncc1,Protein-Null-0.0.3-Pair-NMR-1E4-Umbrella-1E3-4-AAQAA3-1E3-3-OPC3_opc3,2,0.1896098648360578,0.0366311780154904,0.2031,0.0508
4769,1304,dens_617740093035429712,149,Density,<Substance OC1=NCCC1{solv}{x=0.831200}|c1ccncc1{solv}{x=0.168800}>,OC1=NCCC1,c1ccncc1,Protein-Null-0.0.3-Pair-NMR-1E4-Umbrella-1E3-4-AAQAA3-1E3-3-OPC3_opc3,2,1.0513405180846869,0.0002502336380824,1.0872000000000004,0.00052
4770,1305,dhmix_658699797311871042,150,EnthalpyOfMixing,<Substance OC1=NCCC1{solv}{x=0.261500}|c1ccncc1{solv}{x=0.738500}>,OC1=NCCC1,c1ccncc1,Protein-Null-0.0.3-Pair-NMR-1E4-Umbrella-1E3-4-AAQAA3-1E3-3-OPC3_opc3,2,0.1451563129949846,0.0400363811657408,0.165,0.04125
4771,1306,dhmix_774470106511868908,151,EnthalpyOfMixing,<Substance OC1=NCCC1{solv}{x=0.831100}|c1ccncc1{solv}{x=0.168900}>,OC1=NCCC1,c1ccncc1,Protein-Null-0.0.3-Pair-NMR-1E4-Umbrella-1E3-4-AAQAA3-1E3-3-OPC3_opc3,2,0.0368486618801853,0.0380873881430685,0.0972,0.0243
4772,1307,dens_1837977312272564303,152,Density,<Substance OC1=NCCC1{solv}{x=0.475200}|c1ccncc1{solv}{x=0.524800}>,OC1=NCCC1,c1ccncc1,Protein-Null-0.0.3-Pair-NMR-1E4-Umbrella-1E3-4-AAQAA3-1E3-3-OPC3_opc3,2,1.021924439118542,0.0002156683879431,1.0431300000000003,0.000515
4773,1308,dens_64870336397637683,153,Density,<Substance NCCCO{solv}{x=0.489642}|O{solv}{x=0.510358}>,NCCCO,O,Protein-Null-0.0.3-Pair-NMR-1E4-Umbrella-1E3-4-AAQAA3-1E3-3-OPC3_opc3,2,1.034141471973229,0.0006147476751666,1.0059000000000002,0.00155
4774,1309,dens_70371380055449550,154,Density,<Substance NCCCO{solv}{x=0.708044}|O{solv}{x=0.291956}>,NCCCO,O,Protein-Null-0.0.3-Pair-NMR-1E4-Umbrella-1E3-4-AAQAA3-1E3-3-OPC3_opc3,2,1.029637868907373,0.0002847979756129,0.9975000000000004,0.0018
4775,1310,dhmix_150384853762728924,155,EnthalpyOfMixing,<Substance NCCCO{solv}{x=0.751500}|O{solv}{x=0.248500}>,NCCCO,O,Protein-Null-0.0.3-Pair-NMR-1E4-Umbrella-1E3-4-AAQAA3-1E3-3-OPC3_opc3,2,-1.188574536825545,0.0466708638413072,-1.531,0.031
4776,1311,dens_847209819230970781,156,Density,<Substance NCCCO{solv}{x=0.272809}|O{solv}{x=0.727191}>,NCCCO,O,Protein-Null-0.0.3-Pair-NMR-1E4-Umbrella-1E3-4-AAQAA3-1E3-3-OPC3_opc3,2,1.0296992078010367,0.0003635073426246,1.0118000000000005,0.0014
4777,1312,dhmix_1448036989335532298,157,EnthalpyOfMixing,<Substance NCCCO{solv}{x=0.298200}|O{solv}{x=0.701800}>,NCCCO,O,Protein-Null-0.0.3-Pair-NMR-1E4-Umbrella-1E3-4-AAQAA3-1E3-3-OPC3_opc3,2,-1.1477038963970188,0.0391679697304451,-2.501,0.051
4778,1313,dhmix_1551692974855642379,158,EnthalpyOfMixing,<Substance NCCCO{solv}{x=0.498900}|O{solv}{x=0.501100}>,NCCCO,O,Protein-Null-0.0.3-Pair-NMR-1E4-Umbrella-1E3-4-AAQAA3-1E3-3-OPC3_opc3,2,-1.0857872370319583,0.0337021045533912,-2.462,0.05
4779,1314,dhmix_65921650414250861,159,EnthalpyOfMixing,<Substance CCOC(=O)CC(C)=O{solv}{x=0.499500}|CCO{solv}{x=0.500500}>,CCO,CCOC(=O)CC(C)=O,Protein-Null-0.0.3-Pair-NMR-1E4-Umbrella-1E3-4-AAQAA3-1E3-3-OPC3_opc3,2,1.3849628921349506,0.0396536804523687,1.7079,0.0183
4780,1315,dhmix_546962203716710778,160,EnthalpyOfMixing,<Substance CCOC(=O)CC(C)=O{solv}{x=0.299400}|CCO{solv}{x=0.700600}>,CCO,CCOC(=O)CC(C)=O,Protein-Null-0.0.3-Pair-NMR-1E4-Umbrella-1E3-4-AAQAA3-1E3-3-OPC3_opc3,2,1.3294855385591546,0.0347779380296929,1.4925,0.01605
4781,1316,dens_989479368116300355,161,Density,<Substance CCOC(=O)CC(C)=O{solv}{x=0.500000}|CCO{solv}{x=0.500000}>,CCO,CCOC(=O)CC(C)=O,Protein-Null-0.0.3-Pair-NMR-1E4-Umbrella-1E3-4-AAQAA3-1E3-3-OPC3_opc3,2,0.9504557309605912,0.0002522416245494,0.9484700000000004,0.000155
4782,1317,dens_1726065156375824332,162,Density,<Substance CCOC(=O)CC(C)=O{solv}{x=0.250000}|CCO{solv}{x=0.750000}>,CCO,CCOC(=O)CC(C)=O,Protein-Null-0.0.3-Pair-NMR-1E4-Umbrella-1E3-4-AAQAA3-1E3-3-OPC3_opc3,2,0.8870909015571043,0.0002828398101706,0.8856300000000003,0.00017
4783,1318,dens_1736679431098209973,163,Density,<Substance CCOC(=O)CC(C)=O{solv}{x=0.750000}|CCO{solv}{x=0.250000}>,CCO,CCOC(=O)CC(C)=O,Protein-Null-0.0.3-Pair-NMR-1E4-Umbrella-1E3-4-AAQAA3-1E3-3-OPC3_opc3,2,0.9944225119340528,0.0002120706110856,0.9917100000000004,0.00017
4784,1319,dhmix_2221487218644783272,164,EnthalpyOfMixing,<Substance CCOC(=O)CC(C)=O{solv}{x=0.700800}|CCO{solv}{x=0.299200}>,CCO,CCOC(=O)CC(C)=O,Protein-Null-0.0.3-Pair-NMR-1E4-Umbrella-1E3-4-AAQAA3-1E3-3-OPC3_opc3,2,1.0974066469586037,0.0471201450645548,1.478,0.0159
4785,1320,dhmix_68947190908856741,165,EnthalpyOfMixing,<Substance C1COCCO1{solv}{x=0.250000}|O=C1CCCC1{solv}{x=0.750000}>,C1COCCO1,O=C1CCCC1,Protein-Null-0.0.3-Pair-NMR-1E4-Umbrella-1E3-4-AAQAA3-1E3-3-OPC3_opc3,2,-0.095057414930963,0.0406486678616222,0.04589,0.00057
4786,1321,dens_225413782402822877,166,Density,<Substance C1COCCO1{solv}{x=0.777800}|O=C1CCCC1{solv}{x=0.222200}>,C1COCCO1,O=C1CCCC1,Protein-Null-0.0.3-Pair-NMR-1E4-Umbrella-1E3-4-AAQAA3-1E3-3-OPC3_opc3,2,1.0019846438436304,0.0002173549555838,1.0081000000000002,0.000255
4787,1322,dhmix_415496698649060745,167,EnthalpyOfMixing,<Substance C1COCCO1{solv}{x=0.500000}|O=C1CCCC1{solv}{x=0.500000}>,C1COCCO1,O=C1CCCC1,Protein-Null-0.0.3-Pair-NMR-1E4-Umbrella-1E3-4-AAQAA3-1E3-3-OPC3_opc3,2,-0.0622112975136701,0.0370677037246153,0.07457,0.00068
4788,1323,dens_803440153424346423,168,Density,<Substance C1COCCO1{solv}{x=0.506300}|O=C1CCCC1{solv}{x=0.493700}>,C1COCCO1,O=C1CCCC1,Protein-Null-0.0.3-Pair-NMR-1E4-Umbrella-1E3-4-AAQAA3-1E3-3-OPC3_opc3,2,0.9695444678099469,0.0002644094960429,0.9849200000000002,0.00025
4789,1324,dens_1553194080174872005,169,Density,<Substance C1COCCO1{solv}{x=0.243600}|O=C1CCCC1{solv}{x=0.756400}>,C1COCCO1,O=C1CCCC1,Protein-Null-0.0.3-Pair-NMR-1E4-Umbrella-1E3-4-AAQAA3-1E3-3-OPC3_opc3,2,0.9397295459231396,0.0002384342986381,0.9633500000000004,0.000245
4790,1325,dhmix_1852349497898107924,170,EnthalpyOfMixing,<Substance C1COCCO1{solv}{x=0.750000}|O=C1CCCC1{solv}{x=0.250000}>,C1COCCO1,O=C1CCCC1,Protein-Null-0.0.3-Pair-NMR-1E4-Umbrella-1E3-4-AAQAA3-1E3-3-OPC3_opc3,2,0.0519371242352804,0.0356102137764861,0.07097,0.000665
4791,1326,dhmix_71170350241685196,171,EnthalpyOfMixing,<Substance COC(C)(C)C{solv}{x=0.749000}|ClC(Cl)Cl{solv}{x=0.251000}>,COC(C)(C)C,ClC(Cl)Cl,Protein-Null-0.0.3-Pair-NMR-1E4-Umbrella-1E3-4-AAQAA3-1E3-3-OPC3_opc3,2,-0.8671647451080382,0.041875030705978,-1.9,0.077
4792,1327,dens_554111049740737271,172,Density,<Substance COC(C)(C)C{solv}{x=0.454000}|ClC(Cl)Cl{solv}{x=0.546000}>,COC(C)(C)C,ClC(Cl)Cl,Protein-Null-0.0.3-Pair-NMR-1E4-Umbrella-1E3-4-AAQAA3-1E3-3-OPC3_opc3,2,1.119640856205475,0.0004060787471094,1.0838000000000003,0.00015
4793,1328,dhmix_1691495556773848750,173,EnthalpyOfMixing,<Substance COC(C)(C)C{solv}{x=0.484000}|ClC(Cl)Cl{solv}{x=0.516000}>,COC(C)(C)C,ClC(Cl)Cl,Protein-Null-0.0.3-Pair-NMR-1E4-Umbrella-1E3-4-AAQAA3-1E3-3-OPC3_opc3,2,-1.3513170297704669,0.0345706505003807,-2.1,0.0845
4794,1329,dens_1874337336846858625,174,Density,<Substance COC(C)(C)C{solv}{x=0.276000}|ClC(Cl)Cl{solv}{x=0.724000}>,COC(C)(C)C,ClC(Cl)Cl,Protein-Null-0.0.3-Pair-NMR-1E4-Umbrella-1E3-4-AAQAA3-1E3-3-OPC3_opc3,2,1.2783930042305671,0.0004569448421849,1.2259000000000004,0.0002
4795,1330,dens_2136498248834183810,175,Density,<Substance COC(C)(C)C{solv}{x=0.728600}|ClC(Cl)Cl{solv}{x=0.271400}>,COC(C)(C)C,ClC(Cl)Cl,Protein-Null-0.0.3-Pair-NMR-1E4-Umbrella-1E3-4-AAQAA3-1E3-3-OPC3_opc3,2,0.912433963701569,0.0003138339722502,0.8956000000000003,0.00015
4796,1331,dhmix_2232264038422377060,176,EnthalpyOfMixing,<Substance COC(C)(C)C{solv}{x=0.220000}|ClC(Cl)Cl{solv}{x=0.780000}>,COC(C)(C)C,ClC(Cl)Cl,Protein-Null-0.0.3-Pair-NMR-1E4-Umbrella-1E3-4-AAQAA3-1E3-3-OPC3_opc3,2,-0.947733780818128,0.0311811279921152,-1.5,0.0605
4797,1332,dhmix_73322629991074290,177,EnthalpyOfMixing,<Substance CCC(C)=O{solv}{x=0.212400}|CCN(CC)CC{solv}{x=0.787600}>,CCC(C)=O,CCN(CC)CC,Protein-Null-0.0.3-Pair-NMR-1E4-Umbrella-1E3-4-AAQAA3-1E3-3-OPC3_opc3,2,0.3866810255795059,0.0475352252788083,0.57,0.006
4798,1333,dens_317201778138256714,178,Density,<Substance CCC(C)=O{solv}{x=0.261000}|CCN(CC)CC{solv}{x=0.739000}>,CCC(C)=O,CCN(CC)CC,Protein-Null-0.0.3-Pair-NMR-1E4-Umbrella-1E3-4-AAQAA3-1E3-3-OPC3_opc3,2,0.7305975191646166,0.0002282401796004,0.7361510000000001,0.000106
4799,1334,dens_544322850735592196,179,Density,<Substance CCC(C)=O{solv}{x=0.510600}|CCN(CC)CC{solv}{x=0.489400}>,CCC(C)=O,CCN(CC)CC,Protein-Null-0.0.3-Pair-NMR-1E4-Umbrella-1E3-4-AAQAA3-1E3-3-OPC3_opc3,2,0.7416218330473937,0.0002305242472909,0.7527560000000002,0.0001045
4800,1335,dhmix_690665189446107141,180,EnthalpyOfMixing,<Substance CCC(C)=O{solv}{x=0.496700}|CCN(CC)CC{solv}{x=0.503300}>,CCC(C)=O,CCN(CC)CC,Protein-Null-0.0.3-Pair-NMR-1E4-Umbrella-1E3-4-AAQAA3-1E3-3-OPC3_opc3,2,0.5329376486770698,0.038710999839901,0.746,0.008
4801,1336,dhmix_935249702283890201,181,EnthalpyOfMixing,<Substance CCC(C)=O{solv}{x=0.789300}|CCN(CC)CC{solv}{x=0.210700}>,CCC(C)=O,CCN(CC)CC,Protein-Null-0.0.3-Pair-NMR-1E4-Umbrella-1E3-4-AAQAA3-1E3-3-OPC3_opc3,2,0.271983435442964,0.0415500995113739,0.455,0.005
4802,1337,dens_1635002920322954883,182,Density,<Substance CCC(C)=O{solv}{x=0.760400}|CCN(CC)CC{solv}{x=0.239600}>,CCC(C)=O,CCN(CC)CC,Protein-Null-0.0.3-Pair-NMR-1E4-Umbrella-1E3-4-AAQAA3-1E3-3-OPC3_opc3,2,0.7565821630161204,0.0002482465931871,0.7738830000000002,9.900000000000003e-05
4803,1338,dhmix_76833325524040726,183,EnthalpyOfMixing,<Substance C1CCCCC1{solv}{x=0.260600}|c1ccccc1{solv}{x=0.739400}>,C1CCCCC1,c1ccccc1,Protein-Null-0.0.3-Pair-NMR-1E4-Umbrella-1E3-4-AAQAA3-1E3-3-OPC3_opc3,2,0.7781648673748975,0.042562793476097,0.6282,0.00695
4804,1339,dens_330305790736126156,184,Density,<Substance C1CCCCC1{solv}{x=0.499600}|c1ccccc1{solv}{x=0.500400}>,C1CCCCC1,c1ccccc1,Protein-Null-0.0.3-Pair-NMR-1E4-Umbrella-1E3-4-AAQAA3-1E3-3-OPC3_opc3,2,0.7932249447883497,0.000266336674281,0.8136000000000002,0.0002
4805,1340,dhmix_460305358266375837,185,EnthalpyOfMixing,<Substance C1CCCCC1{solv}{x=0.766800}|c1ccccc1{solv}{x=0.233200}>,C1CCCCC1,c1ccccc1,Protein-Null-0.0.3-Pair-NMR-1E4-Umbrella-1E3-4-AAQAA3-1E3-3-OPC3_opc3,2,0.7381856460475831,0.0437374656482168,0.5517,0.00725
4806,1341,dens_1579941980285561951,186,Density,<Substance C1CCCCC1{solv}{x=0.249800}|c1ccccc1{solv}{x=0.750200}>,C1CCCCC1,c1ccccc1,Protein-Null-0.0.3-Pair-NMR-1E4-Umbrella-1E3-4-AAQAA3-1E3-3-OPC3_opc3,2,0.8230229749596908,0.0002596820884375,0.8405780000000002,7.05e-05
4807,1342,dhmix_1824194485055356086,187,EnthalpyOfMixing,<Substance C1CCCCC1{solv}{x=0.501200}|c1ccccc1{solv}{x=0.498800}>,C1CCCCC1,c1ccccc1,Protein-Null-0.0.3-Pair-NMR-1E4-Umbrella-1E3-4-AAQAA3-1E3-3-OPC3_opc3,2,1.1238720115109828,0.0375963676399234,0.7893,0.00655
4808,1343,dens_1871885279620492514,188,Density,<Substance C1CCCCC1{solv}{x=0.732300}|c1ccccc1{solv}{x=0.267700}>,C1CCCCC1,c1ccccc1,Protein-Null-0.0.3-Pair-NMR-1E4-Umbrella-1E3-4-AAQAA3-1E3-3-OPC3_opc3,2,0.7714644089768095,0.0002219443943555,0.7929200000000002,7.450000000000001e-05
4809,1344,dens_78518696584109468,189,Density,<Substance CN(CCO)CCO{solv}{x=0.743000}|O{solv}{x=0.257000}>,CN(CCO)CCO,O,Protein-Null-0.0.3-Pair-NMR-1E4-Umbrella-1E3-4-AAQAA3-1E3-3-OPC3_opc3,2,1.0408744395951666,0.0002874691766621,1.0405100000000005,0.000286
4810,1345,dens_169053214615075062,190,Density,<Substance CN(CCO)CCO{solv}{x=0.257100}|O{solv}{x=0.742900}>,CN(CCO)CCO,O,Protein-Null-0.0.3-Pair-NMR-1E4-Umbrella-1E3-4-AAQAA3-1E3-3-OPC3_opc3,2,1.045576776862405,0.000641436157774,1.0522550000000004,0.000221
4811,1346,dhmix_750283179383190388,191,EnthalpyOfMixing,<Substance CN(CCO)CCO{solv}{x=0.741100}|O{solv}{x=0.258900}>,CN(CCO)CCO,O,Protein-Null-0.0.3-Pair-NMR-1E4-Umbrella-1E3-4-AAQAA3-1E3-3-OPC3_opc3,2,-1.20126610384753,0.069154447055974,-1.154,0.0125
4812,1347,dhmix_1537351248216247854,192,EnthalpyOfMixing,<Substance CN(CCO)CCO{solv}{x=0.259300}|O{solv}{x=0.740700}>,CN(CCO)CCO,O,Protein-Null-0.0.3-Pair-NMR-1E4-Umbrella-1E3-4-AAQAA3-1E3-3-OPC3_opc3,2,-1.3186106679169782,0.0311015787260536,-2.271,0.046
4813,1348,dens_1700904374078825036,193,Density,<Substance CN(CCO)CCO{solv}{x=0.484900}|O{solv}{x=0.515100}>,CN(CCO)CCO,O,Protein-Null-0.0.3-Pair-NMR-1E4-Umbrella-1E3-4-AAQAA3-1E3-3-OPC3_opc3,2,1.0438212989228322,0.0003041446043965,1.048636,0.0002475
4814,1349,dhmix_1761290393567900831,194,EnthalpyOfMixing,<Substance CN(CCO)CCO{solv}{x=0.494100}|O{solv}{x=0.505900}>,CN(CCO)CCO,O,Protein-Null-0.0.3-Pair-NMR-1E4-Umbrella-1E3-4-AAQAA3-1E3-3-OPC3_opc3,2,-1.80036913640933,0.0527955602141636,-2.072,0.042
4815,1350,dhmix_81883535492439507,195,EnthalpyOfMixing,<Substance C1COCO1{solv}{x=0.200000}|O=C1CCCC1{solv}{x=0.800000}>,C1COCO1,O=C1CCCC1,Protein-Null-0.0.3-Pair-NMR-1E4-Umbrella-1E3-4-AAQAA3-1E3-3-OPC3_opc3,2,-0.0751854582453717,0.0406031797135717,-0.00853,0.000425
4816,1351,dens_192935635984964537,196,Density,<Substance C1COCO1{solv}{x=0.509000}|O=C1CCCC1{solv}{x=0.491000}>,C1COCO1,O=C1CCCC1,Protein-Null-0.0.3-Pair-NMR-1E4-Umbrella-1E3-4-AAQAA3-1E3-3-OPC3_opc3,2,0.9904763390985398,0.0002686859954234,0.9954700000000004,0.000255
4817,1352,dhmix_309530351940031317,197,EnthalpyOfMixing,<Substance C1COCO1{solv}{x=0.700000}|O=C1CCCC1{solv}{x=0.300000}>,C1COCO1,O=C1CCCC1,Protein-Null-0.0.3-Pair-NMR-1E4-Umbrella-1E3-4-AAQAA3-1E3-3-OPC3_opc3,2,0.01051574128671,0.0356867241153251,-0.02292,0.00048
4818,1353,dhmix_1480225642523009634,198,EnthalpyOfMixing,<Substance C1COCO1{solv}{x=0.500000}|O=C1CCCC1{solv}{x=0.500000}>,C1COCO1,O=C1CCCC1,Protein-Null-0.0.3-Pair-NMR-1E4-Umbrella-1E3-4-AAQAA3-1E3-3-OPC3_opc3,2,-0.0944302762804341,0.0393964469513546,-0.02181,0.000475
4819,1354,dens_1663189314624242951,199,Density,<Substance C1COCO1{solv}{x=0.225100}|O=C1CCCC1{solv}{x=0.774900}>,C1COCO1,O=C1CCCC1,Protein-Null-0.0.3-Pair-NMR-1E4-Umbrella-1E3-4-AAQAA3-1E3-3-OPC3_opc3,2,0.9448988440893048,0.0002385280907129,0.9652800000000002,0.000245
4820,1355,dens_1684591254659727640,200,Density,<Substance C1COCO1{solv}{x=0.789100}|O=C1CCCC1{solv}{x=0.210900}>,C1COCO1,O=C1CCCC1,Protein-Null-0.0.3-Pair-NMR-1E4-Umbrella-1E3-4-AAQAA3-1E3-3-OPC3_opc3,2,1.04357470844461,0.000286314411419,1.02957,0.00026
4821,1356,dens_82854054922011802,201,Density,<Substance c1cc[nH]c1{solv}{x=0.542600}|c1ccncc1{solv}{x=0.457400}>,c1cc[nH]c1,c1ccncc1,Protein-Null-0.0.3-Pair-NMR-1E4-Umbrella-1E3-4-AAQAA3-1E3-3-OPC3_opc3,2,0.9771925660923996,0.0002602165391451,0.9706400000000002,5.5000000000000016e-05
4822,1357,dens_332042143272324658,202,Density,<Substance c1cc[nH]c1{solv}{x=0.755400}|c1ccncc1{solv}{x=0.244600}>,c1cc[nH]c1,c1ccncc1,Protein-Null-0.0.3-Pair-NMR-1E4-Umbrella-1E3-4-AAQAA3-1E3-3-OPC3_opc3,2,0.9779667268139648,0.0002339398976311,0.9676900000000004,5.5000000000000016e-05
4823,1358,dhmix_582184351339863568,203,EnthalpyOfMixing,<Substance c1cc[nH]c1{solv}{x=0.760200}|c1ccncc1{solv}{x=0.239800}>,c1cc[nH]c1,c1ccncc1,Protein-Null-0.0.3-Pair-NMR-1E4-Umbrella-1E3-4-AAQAA3-1E3-3-OPC3_opc3,2,0.0664801290018317,0.0367897501312087,-1.6452,0.01075
4824,1359,dhmix_809205277185290719,204,EnthalpyOfMixing,<Substance c1cc[nH]c1{solv}{x=0.509500}|c1ccncc1{solv}{x=0.490500}>,c1cc[nH]c1,c1ccncc1,Protein-Null-0.0.3-Pair-NMR-1E4-Umbrella-1E3-4-AAQAA3-1E3-3-OPC3_opc3,2,-0.048583304881852,0.03591469458132,-2.649,0.01645
4825,1360,dens_1187941919350264461,205,Density,<Substance c1cc[nH]c1{solv}{x=0.227300}|c1ccncc1{solv}{x=0.772700}>,c1cc[nH]c1,c1ccncc1,Protein-Null-0.0.3-Pair-NMR-1E4-Umbrella-1E3-4-AAQAA3-1E3-3-OPC3_opc3,2,0.9774340330519884,0.0001827722157045,0.9755600000000002,5.5000000000000016e-05
4826,1361,dhmix_2302696180464118683,206,EnthalpyOfMixing,<Substance c1cc[nH]c1{solv}{x=0.239500}|c1ccncc1{solv}{x=0.760500}>,c1cc[nH]c1,c1ccncc1,Protein-Null-0.0.3-Pair-NMR-1E4-Umbrella-1E3-4-AAQAA3-1E3-3-OPC3_opc3,2,-0.0033070206043006,0.0299676521174231,-1.7662,0.01145
4827,1362,dhmix_84488753175979819,207,EnthalpyOfMixing,<Substance C1CCOCC1{solv}{x=0.500000}|CCO{solv}{x=0.500000}>,C1CCOCC1,CCO,Protein-Null-0.0.3-Pair-NMR-1E4-Umbrella-1E3-4-AAQAA3-1E3-3-OPC3_opc3,2,1.0296063986428123,0.0368567392972887,0.8491,0.00794
4828,1363,dens_904236164857914889,208,Density,<Substance C1CCOCC1{solv}{x=0.701000}|CCO{solv}{x=0.299000}>,C1CCOCC1,CCO,Protein-Null-0.0.3-Pair-NMR-1E4-Umbrella-1E3-4-AAQAA3-1E3-3-OPC3_opc3,2,0.8484153609821331,0.0002428038038849,0.8595400000000002,8.500000000000002e-05
4829,1364,dhmix_923986751684807715,209,EnthalpyOfMixing,<Substance C1CCOCC1{solv}{x=0.750000}|CCO{solv}{x=0.250000}>,C1CCOCC1,CCO,Protein-Null-0.0.3-Pair-NMR-1E4-Umbrella-1E3-4-AAQAA3-1E3-3-OPC3_opc3,2,0.8785468873275946,0.0384932753666683,0.75364,0.007115
4830,1365,dhmix_927648698725704337,210,EnthalpyOfMixing,<Substance C1CCOCC1{solv}{x=0.250000}|CCO{solv}{x=0.750000}>,C1CCOCC1,CCO,Protein-Null-0.0.3-Pair-NMR-1E4-Umbrella-1E3-4-AAQAA3-1E3-3-OPC3_opc3,2,0.6403081866470988,0.0381948213545637,0.57017,0.00553
4831,1366,dens_1095414448718823860,211,Density,<Substance C1CCOCC1{solv}{x=0.504000}|CCO{solv}{x=0.496000}>,C1CCOCC1,CCO,Protein-Null-0.0.3-Pair-NMR-1E4-Umbrella-1E3-4-AAQAA3-1E3-3-OPC3_opc3,2,0.834472051146181,0.0002654134252693,0.8440100000000001,0.0001
4832,1367,dens_1309012152943788187,212,Density,<Substance C1CCOCC1{solv}{x=0.284000}|CCO{solv}{x=0.716000}>,C1CCOCC1,CCO,Protein-Null-0.0.3-Pair-NMR-1E4-Umbrella-1E3-4-AAQAA3-1E3-3-OPC3_opc3,2,0.816003892426048,0.0002866291188099,0.8227400000000002,0.00012
4833,1368,dens_88489471162801298,213,Density,<Substance CC(C)=O{solv}{x=0.248400}|Nc1ccccc1{solv}{x=0.751600}>,CC(C)=O,Nc1ccccc1,Protein-Null-0.0.3-Pair-NMR-1E4-Umbrella-1E3-4-AAQAA3-1E3-3-OPC3_opc3,2,1.0058487491766412,0.0002341353089743,0.9768950000000002,0.0001055
4834,1369,dens_892449093930393176,214,Density,<Substance CC(C)=O{solv}{x=0.411400}|Nc1ccccc1{solv}{x=0.588600}>,CC(C)=O,Nc1ccccc1,Protein-Null-0.0.3-Pair-NMR-1E4-Umbrella-1E3-4-AAQAA3-1E3-3-OPC3_opc3,2,0.9630034900860246,0.0002803466449909,0.9457730000000002,0.0001285
4835,1370,dens_1087594007698023193,215,Density,<Substance CC(C)=O{solv}{x=0.699300}|Nc1ccccc1{solv}{x=0.300700}>,CC(C)=O,Nc1ccccc1,Protein-Null-0.0.3-Pair-NMR-1E4-Umbrella-1E3-4-AAQAA3-1E3-3-OPC3_opc3,2,0.8775611991664034,0.0002521593645625,0.8786430000000003,0.000178
4836,1371,dhmix_1461699545612032563,216,EnthalpyOfMixing,<Substance CC(C)=O{solv}{x=0.214500}|Nc1ccccc1{solv}{x=0.785500}>,CC(C)=O,Nc1ccccc1,Protein-Null-0.0.3-Pair-NMR-1E4-Umbrella-1E3-4-AAQAA3-1E3-3-OPC3_opc3,2,-0.3318170839226297,0.0400125928291818,-0.746,0.008
4837,1372,dhmix_1577476208805542019,217,EnthalpyOfMixing,<Substance CC(C)=O{solv}{x=0.699100}|Nc1ccccc1{solv}{x=0.300900}>,CC(C)=O,Nc1ccccc1,Protein-Null-0.0.3-Pair-NMR-1E4-Umbrella-1E3-4-AAQAA3-1E3-3-OPC3_opc3,2,-0.944508501615296,0.0358883809754767,-1.076,0.0115
4838,1373,dhmix_2267661763264899390,218,EnthalpyOfMixing,<Substance CC(C)=O{solv}{x=0.410700}|Nc1ccccc1{solv}{x=0.589300}>,CC(C)=O,Nc1ccccc1,Protein-Null-0.0.3-Pair-NMR-1E4-Umbrella-1E3-4-AAQAA3-1E3-3-OPC3_opc3,2,-0.693083068108514,0.0348029075470125,-1.165,0.0125
4839,1374,dhmix_90851537891129625,219,EnthalpyOfMixing,<Substance C1CCOCC1{solv}{x=0.268300}|Cc1ccccn1{solv}{x=0.731700}>,C1CCOCC1,Cc1ccccn1,Protein-Null-0.0.3-Pair-NMR-1E4-Umbrella-1E3-4-AAQAA3-1E3-3-OPC3_opc3,2,0.0763362415422257,0.0419818578884309,0.1057,0.00105
4840,1375,dhmix_975790739707505549,220,EnthalpyOfMixing,<Substance C1CCOCC1{solv}{x=0.482200}|Cc1ccccn1{solv}{x=0.517800}>,C1CCOCC1,Cc1ccccn1,Protein-Null-0.0.3-Pair-NMR-1E4-Umbrella-1E3-4-AAQAA3-1E3-3-OPC3_opc3,2,0.0455887446790836,0.0405443219997219,0.1728,0.00135
4841,1376,dens_981500521813591443,221,Density,<Substance C1CCOCC1{solv}{x=0.491600}|Cc1ccccn1{solv}{x=0.508400}>,C1CCOCC1,Cc1ccccn1,Protein-Null-0.0.3-Pair-NMR-1E4-Umbrella-1E3-4-AAQAA3-1E3-3-OPC3_opc3,2,0.903698046492046,0.0002481299452226,0.910915,0.000475
4842,1377,dens_1237050172671894703,222,Density,<Substance C1CCOCC1{solv}{x=0.237300}|Cc1ccccn1{solv}{x=0.762700}>,C1CCOCC1,Cc1ccccn1,Protein-Null-0.0.3-Pair-NMR-1E4-Umbrella-1E3-4-AAQAA3-1E3-3-OPC3_opc3,2,0.922863290507853,0.0002465218357742,0.9261620000000004,0.0004855
4843,1378,dhmix_1841520238596708010,223,EnthalpyOfMixing,<Substance C1CCOCC1{solv}{x=0.821600}|Cc1ccccn1{solv}{x=0.178400}>,C1CCOCC1,Cc1ccccn1,Protein-Null-0.0.3-Pair-NMR-1E4-Umbrella-1E3-4-AAQAA3-1E3-3-OPC3_opc3,2,0.1425670935572611,0.0433991418907424,0.1352,0.0012
4844,1379,dens_1852422594896475094,224,Density,<Substance C1CCOCC1{solv}{x=0.821900}|Cc1ccccn1{solv}{x=0.178100}>,C1CCOCC1,Cc1ccccn1,Protein-Null-0.0.3-Pair-NMR-1E4-Umbrella-1E3-4-AAQAA3-1E3-3-OPC3_opc3,2,0.8698839270703569,0.0002527953186615,0.8802920000000002,0.000454
4845,1380,dhmix_93676522673462266,225,EnthalpyOfMixing,<Substance CC(=O)N(C)C{solv}{x=0.702000}|ClCCCl{solv}{x=0.298000}>,CC(=O)N(C)C,ClCCCl,Protein-Null-0.0.3-Pair-NMR-1E4-Umbrella-1E3-4-AAQAA3-1E3-3-OPC3_opc3,2,-0.1561969537961189,0.0390078913191837,-0.706,0.004
4846,1381,dens_466640151895915379,226,Density,<Substance CC(=O)N(C)C{solv}{x=0.499900}|ClCCCl{solv}{x=0.500100}>,CC(=O)N(C)C,ClCCCl,Protein-Null-0.0.3-Pair-NMR-1E4-Umbrella-1E3-4-AAQAA3-1E3-3-OPC3_opc3,2,1.043628276727084,0.0002885584209959,1.0774000000000004,0.00325
4847,1382,dhmix_504891727488256514,227,EnthalpyOfMixing,<Substance CC(=O)N(C)C{solv}{x=0.202000}|ClCCCl{solv}{x=0.798000}>,CC(=O)N(C)C,ClCCCl,Protein-Null-0.0.3-Pair-NMR-1E4-Umbrella-1E3-4-AAQAA3-1E3-3-OPC3_opc3,2,0.0360247804935021,0.0335906946671625,-0.586,0.004
4848,1383,dens_1432716574300574119,228,Density,<Substance CC(=O)N(C)C{solv}{x=0.298800}|ClCCCl{solv}{x=0.701200}>,CC(=O)N(C)C,ClCCCl,Protein-Null-0.0.3-Pair-NMR-1E4-Umbrella-1E3-4-AAQAA3-1E3-3-OPC3_opc3,2,1.1064404264440182,0.000380719169734,1.1413000000000002,0.00345
4849,1384,dens_1909242265481868478,229,Density,<Substance CC(=O)N(C)C{solv}{x=0.700800}|ClCCCl{solv}{x=0.299200}>,CC(=O)N(C)C,ClCCCl,Protein-Null-0.0.3-Pair-NMR-1E4-Umbrella-1E3-4-AAQAA3-1E3-3-OPC3_opc3,2,0.9831120175319988,0.0002618788595111,1.0181000000000002,0.00305
4850,1385,dhmix_2201663021806040380,230,EnthalpyOfMixing,<Substance CC(=O)N(C)C{solv}{x=0.500000}|ClCCCl{solv}{x=0.500000}>,CC(=O)N(C)C,ClCCCl,Protein-Null-0.0.3-Pair-NMR-1E4-Umbrella-1E3-4-AAQAA3-1E3-3-OPC3_opc3,2,-0.13931615493478,0.0351247410156443,-0.885,0.004
4851,1386,dhmix_101847702994296892,231,EnthalpyOfMixing,<Substance CCCCCCCl{solv}{x=0.790000}|CN1CCCC1=O{solv}{x=0.210000}>,CCCCCCCl,CN1CCCC1=O,Protein-Null-0.0.3-Pair-NMR-1E4-Umbrella-1E3-4-AAQAA3-1E3-3-OPC3_opc3,2,0.6779708576991794,0.0484943795764894,0.232,0.0025
4852,1387,dhmix_275814181113182192,232,EnthalpyOfMixing,<Substance CCCCCCCl{solv}{x=0.497000}|CN1CCCC1=O{solv}{x=0.503000}>,CCCCCCCl,CN1CCCC1=O,Protein-Null-0.0.3-Pair-NMR-1E4-Umbrella-1E3-4-AAQAA3-1E3-3-OPC3_opc3,2,0.9203953362808904,0.0421743300171214,0.416,0.0025
4853,1388,dens_441375838683668512,233,Density,<Substance CCCCCCCl{solv}{x=0.499300}|CN1CCCC1=O{solv}{x=0.500700}>,CCCCCCCl,CN1CCCC1=O,Protein-Null-0.0.3-Pair-NMR-1E4-Umbrella-1E3-4-AAQAA3-1E3-3-OPC3_opc3,2,0.9210928393766032,0.0002158616147256,0.9389000000000002,0.0002
4854,1389,dhmix_840847840731542643,234,EnthalpyOfMixing,<Substance CCCCCCCl{solv}{x=0.203000}|CN1CCCC1=O{solv}{x=0.797000}>,CCCCCCCl,CN1CCCC1=O,Protein-Null-0.0.3-Pair-NMR-1E4-Umbrella-1E3-4-AAQAA3-1E3-3-OPC3_opc3,2,0.6999463319709918,0.0448672098746872,0.319,0.0025
4855,1390,dens_1314691253679633833,235,Density,<Substance CCCCCCCl{solv}{x=0.298400}|CN1CCCC1=O{solv}{x=0.701600}>,CCCCCCCl,CN1CCCC1=O,Protein-Null-0.0.3-Pair-NMR-1E4-Umbrella-1E3-4-AAQAA3-1E3-3-OPC3_opc3,2,0.9500630221752896,0.0002135874294101,0.9715000000000004,0.0002
4856,1391,dens_1366683244756558841,236,Density,<Substance CCCCCCCl{solv}{x=0.801200}|CN1CCCC1=O{solv}{x=0.198800}>,CCCCCCCl,CN1CCCC1=O,Protein-Null-0.0.3-Pair-NMR-1E4-Umbrella-1E3-4-AAQAA3-1E3-3-OPC3_opc3,2,0.8813804571285934,0.0002595308111618,0.8970000000000002,0.0003
4857,1392,dhmix_107460606439569535,237,EnthalpyOfMixing,<Substance C1COCCO1{solv}{x=0.572500}|O=C1CCCCCC1{solv}{x=0.427500}>,C1COCCO1,O=C1CCCCCC1,Protein-Null-0.0.3-Pair-NMR-1E4-Umbrella-1E3-4-AAQAA3-1E3-3-OPC3_opc3,2,0.1953368997599938,0.0350207220530151,0.1032,0.00125
4858,1393,dens_229535957420918177,238,Density,<Substance C1COCCO1{solv}{x=0.748900}|O=C1CCCCCC1{solv}{x=0.251100}>,C1COCCO1,O=C1CCCCCC1,Protein-Null-0.0.3-Pair-NMR-1E4-Umbrella-1E3-4-AAQAA3-1E3-3-OPC3_opc3,2,0.991771090957164,0.0002220917539931,0.9994100000000002,0.00051
4859,1394,dhmix_1101001475632451077,239,EnthalpyOfMixing,<Substance C1COCCO1{solv}{x=0.225200}|O=C1CCCCCC1{solv}{x=0.774800}>,C1COCCO1,O=C1CCCCCC1,Protein-Null-0.0.3-Pair-NMR-1E4-Umbrella-1E3-4-AAQAA3-1E3-3-OPC3_opc3,2,0.2245200279020309,0.0483304985127521,0.0783,0.001
4860,1395,dens_1711999737319704820,240,Density,<Substance C1COCCO1{solv}{x=0.572300}|O=C1CCCCCC1{solv}{x=0.427700}>,C1COCCO1,O=C1CCCCCC1,Protein-Null-0.0.3-Pair-NMR-1E4-Umbrella-1E3-4-AAQAA3-1E3-3-OPC3_opc3,2,0.9611970969768612,0.0002201658498032,0.9737000000000002,0.00051
4861,1396,dens_1973863157285112004,241,Density,<Substance C1COCCO1{solv}{x=0.255500}|O=C1CCCCCC1{solv}{x=0.744500}>,C1COCCO1,O=C1CCCCCC1,Protein-Null-0.0.3-Pair-NMR-1E4-Umbrella-1E3-4-AAQAA3-1E3-3-OPC3_opc3,2,0.939737926779926,0.0002200525449825,0.9616800000000002,0.000515
4862,1397,dhmix_2239035738396328121,242,EnthalpyOfMixing,<Substance C1COCCO1{solv}{x=0.771600}|O=C1CCCCCC1{solv}{x=0.228400}>,C1COCCO1,O=C1CCCCCC1,Protein-Null-0.0.3-Pair-NMR-1E4-Umbrella-1E3-4-AAQAA3-1E3-3-OPC3_opc3,2,0.1715682272093488,0.0450630097003654,0.0694,0.0009
4863,1398,dhmix_110368175234083214,243,EnthalpyOfMixing,<Substance CC#N{solv}{x=0.201600}|CCOC(C)(C)CC{solv}{x=0.798400}>,CC#N,CCOC(C)(C)CC,Protein-Null-0.0.3-Pair-NMR-1E4-Umbrella-1E3-4-AAQAA3-1E3-3-OPC3_opc3,2,0.2627957883065619,0.0531812991175381,0.6411,0.0087
4864,1399,dhmix_565046024644834395,244,EnthalpyOfMixing,<Substance CC#N{solv}{x=0.700400}|CCOC(C)(C)CC{solv}{x=0.299600}>,CC#N,CCOC(C)(C)CC,Protein-Null-0.0.3-Pair-NMR-1E4-Umbrella-1E3-4-AAQAA3-1E3-3-OPC3_opc3,2,0.360672563635039,0.0311386764078103,0.8397,0.0113
4865,1400,dens_865362803305469370,245,Density,<Substance CC#N{solv}{x=0.502400}|CCOC(C)(C)CC{solv}{x=0.497600}>,CC#N,CCOC(C)(C)CC,Protein-Null-0.0.3-Pair-NMR-1E4-Umbrella-1E3-4-AAQAA3-1E3-3-OPC3_opc3,2,0.7692367781716564,0.0002559320889827,0.7675000000000002,0.00035
4866,1401,dhmix_1131176031733024874,246,EnthalpyOfMixing,<Substance CC#N{solv}{x=0.502400}|CCOC(C)(C)CC{solv}{x=0.497600}>,CC#N,CCOC(C)(C)CC,Protein-Null-0.0.3-Pair-NMR-1E4-Umbrella-1E3-4-AAQAA3-1E3-3-OPC3_opc3,2,0.4131795620413285,0.0398019948773366,0.9514,0.01285
4867,1402,dens_1305751749890499162,247,Density,<Substance CC#N{solv}{x=0.201600}|CCOC(C)(C)CC{solv}{x=0.798400}>,CC#N,CCOC(C)(C)CC,Protein-Null-0.0.3-Pair-NMR-1E4-Umbrella-1E3-4-AAQAA3-1E3-3-OPC3_opc3,2,0.7643210897594293,0.0002166886979555,0.7635000000000002,0.00025
4868,1403,dens_1928701304100922381,248,Density,<Substance CC#N{solv}{x=0.700400}|CCOC(C)(C)CC{solv}{x=0.299600}>,CC#N,CCOC(C)(C)CC,Protein-Null-0.0.3-Pair-NMR-1E4-Umbrella-1E3-4-AAQAA3-1E3-3-OPC3_opc3,2,0.7724080126230541,0.0002400514187011,0.7707000000000003,0.0005
4869,1404,dhmix_112729391186229967,249,EnthalpyOfMixing,<Substance CCC(C)=O{solv}{x=0.509000}|CNc1ccccc1{solv}{x=0.491000}>,CCC(C)=O,CNc1ccccc1,Protein-Null-0.0.3-Pair-NMR-1E4-Umbrella-1E3-4-AAQAA3-1E3-3-OPC3_opc3,2,-0.4225642006990515,0.0372571699036094,-0.816,0.009
4870,1405,dens_414028029115294252,250,Density,<Substance CCC(C)=O{solv}{x=0.746300}|CNc1ccccc1{solv}{x=0.253700}>,CCC(C)=O,CNc1ccccc1,Protein-Null-0.0.3-Pair-NMR-1E4-Umbrella-1E3-4-AAQAA3-1E3-3-OPC3_opc3,2,0.8399001275082923,0.0002411253465211,0.8582020000000002,0.000102
4871,1406,dens_559789475978651659,251,Density,<Substance CCC(C)=O{solv}{x=0.495000}|CNc1ccccc1{solv}{x=0.505000}>,CCC(C)=O,CNc1ccccc1,Protein-Null-0.0.3-Pair-NMR-1E4-Umbrella-1E3-4-AAQAA3-1E3-3-OPC3_opc3,2,0.8982310949365856,0.00023266733881,0.9066940000000002,0.000164
4872,1407,dhmix_1637459312398636454,252,EnthalpyOfMixing,<Substance CCC(C)=O{solv}{x=0.228300}|CNc1ccccc1{solv}{x=0.771700}>,CCC(C)=O,CNc1ccccc1,Protein-Null-0.0.3-Pair-NMR-1E4-Umbrella-1E3-4-AAQAA3-1E3-3-OPC3_opc3,2,-0.3391513529946337,0.0540292115904965,-0.54,0.006
4873,1408,dhmix_1933605864237207151,253,EnthalpyOfMixing,<Substance CCC(C)=O{solv}{x=0.705500}|CNc1ccccc1{solv}{x=0.294500}>,CCC(C)=O,CNc1ccccc1,Protein-Null-0.0.3-Pair-NMR-1E4-Umbrella-1E3-4-AAQAA3-1E3-3-OPC3_opc3,2,-0.4481441164637223,0.0394422022112174,-0.672,0.0075
4874,1409,dens_2039660657679820411,254,Density,<Substance CCC(C)=O{solv}{x=0.258900}|CNc1ccccc1{solv}{x=0.741100}>,CCC(C)=O,CNc1ccccc1,Protein-Null-0.0.3-Pair-NMR-1E4-Umbrella-1E3-4-AAQAA3-1E3-3-OPC3_opc3,2,0.9464658376321772,0.0002139711185599,0.9456330000000004,0.000259
4875,1410,dhmix_112832411362526364,255,EnthalpyOfMixing,<Substance C=CCCCC{solv}{x=0.250000}|CCCCO{solv}{x=0.750000}>,C=CCCCC,CCCCO,Protein-Null-0.0.3-Pair-NMR-1E4-Umbrella-1E3-4-AAQAA3-1E3-3-OPC3_opc3,2,0.4664117808419235,0.0407172326216696,0.2829,0.00333
4876,1411,dhmix_385937725855980509,256,EnthalpyOfMixing,<Substance C=CCCCC{solv}{x=0.749900}|CCCCO{solv}{x=0.250100}>,C=CCCCC,CCCCO,Protein-Null-0.0.3-Pair-NMR-1E4-Umbrella-1E3-4-AAQAA3-1E3-3-OPC3_opc3,2,0.7970310372413962,0.0438466632916263,0.63978,0.00696
4877,1412,dens_417191245012747241,257,Density,<Substance C=CCCCC{solv}{x=0.501800}|CCCCO{solv}{x=0.498200}>,C=CCCCC,CCCCO,Protein-Null-0.0.3-Pair-NMR-1E4-Umbrella-1E3-4-AAQAA3-1E3-3-OPC3_opc3,2,0.7123043475722239,0.0002432131752954,0.7340000000000002,0.00035
4878,1413,dens_1053849773924337242,258,Density,<Substance C=CCCCC{solv}{x=0.100100}|CCCCO{solv}{x=0.899900}>,C=CCCCC,CCCCO,Protein-Null-0.0.3-Pair-NMR-1E4-Umbrella-1E3-4-AAQAA3-1E3-3-OPC3_opc3,2,0.7825082915748184,0.0002497691851306,0.7924000000000002,0.00035
4879,1414,dhmix_1436053809694490847,259,EnthalpyOfMixing,<Substance C=CCCCC{solv}{x=0.500300}|CCCCO{solv}{x=0.499700}>,C=CCCCC,CCCCO,Protein-Null-0.0.3-Pair-NMR-1E4-Umbrella-1E3-4-AAQAA3-1E3-3-OPC3_opc3,2,0.7624670862652749,0.0414016819428312,0.56098,0.00616
4880,1415,dens_1967827958045932694,260,Density,<Substance C=CCCCC{solv}{x=0.900000}|CCCCO{solv}{x=0.100000}>,C=CCCCC,CCCCO,Protein-Null-0.0.3-Pair-NMR-1E4-Umbrella-1E3-4-AAQAA3-1E3-3-OPC3_opc3,2,0.6577012828074241,0.0002477192883851,0.6818000000000001,0.00035
4881,1416,dhmix_113202719214912577,261,EnthalpyOfMixing,<Substance CCN(CC)CCO{solv}{x=0.700300}|O{solv}{x=0.299700}>,CCN(CC)CCO,O,Protein-Null-0.0.3-Pair-NMR-1E4-Umbrella-1E3-4-AAQAA3-1E3-3-OPC3_opc3,2,-2.091190495843165,0.0455692374061654,-1.75,0.019
4882,1417,dhmix_450200897960931857,262,EnthalpyOfMixing,<Substance CCN(CC)CCO{solv}{x=0.500200}|O{solv}{x=0.499800}>,CCN(CC)CCO,O,Protein-Null-0.0.3-Pair-NMR-1E4-Umbrella-1E3-4-AAQAA3-1E3-3-OPC3_opc3,2,-2.253959373083852,0.0474002281686079,-2.504,0.027
4883,1418,dens_727880187774296815,263,Density,<Substance CCN(CC)CCO{solv}{x=0.799700}|O{solv}{x=0.200300}>,CCN(CC)CCO,O,Protein-Null-0.0.3-Pair-NMR-1E4-Umbrella-1E3-4-AAQAA3-1E3-3-OPC3_opc3,2,0.8771171461866313,0.0002948350830177,0.8996000000000003,0.005
4884,1419,dens_943193748522476096,264,Density,<Substance CCN(CC)CCO{solv}{x=0.499700}|O{solv}{x=0.500300}>,CCN(CC)CCO,O,Protein-Null-0.0.3-Pair-NMR-1E4-Umbrella-1E3-4-AAQAA3-1E3-3-OPC3_opc3,2,0.900844496427761,0.0004127756507851,0.9222000000000002,0.005
4885,1420,dhmix_1628408668678458098,265,EnthalpyOfMixing,<Substance CCN(CC)CCO{solv}{x=0.200800}|O{solv}{x=0.799200}>,CCN(CC)CCO,O,Protein-Null-0.0.3-Pair-NMR-1E4-Umbrella-1E3-4-AAQAA3-1E3-3-OPC3_opc3,2,-1.4150592378967115,0.0251126732325429,-2.185,0.0235
4886,1421,dens_1679974305630699360,266,Density,<Substance CCN(CC)CCO{solv}{x=0.193290}|O{solv}{x=0.806710}>,CCN(CC)CCO,O,Protein-Null-0.0.3-Pair-NMR-1E4-Umbrella-1E3-4-AAQAA3-1E3-3-OPC3_opc3,2,0.928426417624033,0.0003043884991511,0.9615690000000002,0.000144
4887,1422,dens_114257363738318755,267,Density,<Substance C1CCCCC1{solv}{x=0.754300}|CCCCCC{solv}{x=0.245700}>,C1CCCCC1,CCCCCC,Protein-Null-0.0.3-Pair-NMR-1E4-Umbrella-1E3-4-AAQAA3-1E3-3-OPC3_opc3,2,0.7185215019319694,0.0002542926843916,0.7392000000000002,0.00065
4888,1423,dens_528453314861364780,268,Density,<Substance C1CCCCC1{solv}{x=0.234300}|CCCCCC{solv}{x=0.765700}>,C1CCCCC1,CCCCCC,Protein-Null-0.0.3-Pair-NMR-1E4-Umbrella-1E3-4-AAQAA3-1E3-3-OPC3_opc3,2,0.660550521319434,0.0002235555576928,0.6838300000000002,0.001655
4889,1424,dens_547437695672624422,269,Density,<Substance C1CCCCC1{solv}{x=0.479300}|CCCCCC{solv}{x=0.520700}>,C1CCCCC1,CCCCCC,Protein-Null-0.0.3-Pair-NMR-1E4-Umbrella-1E3-4-AAQAA3-1E3-3-OPC3_opc3,2,0.6863099075603054,0.0002310861243985,0.7105500000000001,0.001555
4890,1425,dhmix_728030976573858762,270,EnthalpyOfMixing,<Substance C1CCCCC1{solv}{x=0.483200}|CCCCCC{solv}{x=0.516800}>,C1CCCCC1,CCCCCC,Protein-Null-0.0.3-Pair-NMR-1E4-Umbrella-1E3-4-AAQAA3-1E3-3-OPC3_opc3,2,0.2711030219805366,0.0446744438074497,0.2144,0.00155
4891,1426,dhmix_1406519609852245638,271,EnthalpyOfMixing,<Substance C1CCCCC1{solv}{x=0.219000}|CCCCCC{solv}{x=0.781000}>,C1CCCCC1,CCCCCC,Protein-Null-0.0.3-Pair-NMR-1E4-Umbrella-1E3-4-AAQAA3-1E3-3-OPC3_opc3,2,0.2774674120212097,0.0473703699237733,0.1264,0.00105
4892,1427,dhmix_1819992223413741006,272,EnthalpyOfMixing,<Substance C1CCCCC1{solv}{x=0.725500}|CCCCCC{solv}{x=0.274500}>,C1CCCCC1,CCCCCC,Protein-Null-0.0.3-Pair-NMR-1E4-Umbrella-1E3-4-AAQAA3-1E3-3-OPC3_opc3,2,0.2706525926774787,0.0410268157900823,0.199,0.00145
4893,1428,dhmix_114464856611254095,273,EnthalpyOfMixing,<Substance COc1ccccc1{solv}{x=0.739800}|OCc1ccccc1{solv}{x=0.260200}>,COc1ccccc1,OCc1ccccc1,Protein-Null-0.0.3-Pair-NMR-1E4-Umbrella-1E3-4-AAQAA3-1E3-3-OPC3_opc3,2,0.7854373159717767,0.0466396208944583,1.0539,0.0113
4894,1429,dens_844721400884986444,274,Density,<Substance COc1ccccc1{solv}{x=0.288300}|OCc1ccccc1{solv}{x=0.711700}>,COc1ccccc1,OCc1ccccc1,Protein-Null-0.0.3-Pair-NMR-1E4-Umbrella-1E3-4-AAQAA3-1E3-3-OPC3_opc3,2,1.0086188319761606,0.000193473835029,1.0180000000000002,0.000135
4895,1430,dens_1208569209782779179,275,Density,<Substance COc1ccccc1{solv}{x=0.491100}|OCc1ccccc1{solv}{x=0.508900}>,COc1ccccc1,OCc1ccccc1,Protein-Null-0.0.3-Pair-NMR-1E4-Umbrella-1E3-4-AAQAA3-1E3-3-OPC3_opc3,2,0.9959130835375236,0.0002236057171112,1.0069400000000004,0.000165
4896,1431,dhmix_1342325728364187329,276,EnthalpyOfMixing,<Substance COc1ccccc1{solv}{x=0.240100}|OCc1ccccc1{solv}{x=0.759900}>,COc1ccccc1,OCc1ccccc1,Protein-Null-0.0.3-Pair-NMR-1E4-Umbrella-1E3-4-AAQAA3-1E3-3-OPC3_opc3,2,0.5351212439015782,0.0413357926398628,0.6199,0.0067
4897,1432,dhmix_1596550872819493971,277,EnthalpyOfMixing,<Substance COc1ccccc1{solv}{x=0.486600}|OCc1ccccc1{solv}{x=0.513400}>,COc1ccccc1,OCc1ccccc1,Protein-Null-0.0.3-Pair-NMR-1E4-Umbrella-1E3-4-AAQAA3-1E3-3-OPC3_opc3,2,0.8493907974956869,0.0448394978620225,0.9688,0.0104
4898,1433,dens_1833270112854727934,278,Density,<Substance COc1ccccc1{solv}{x=0.774500}|OCc1ccccc1{solv}{x=0.225500}>,COc1ccccc1,OCc1ccccc1,Protein-Null-0.0.3-Pair-NMR-1E4-Umbrella-1E3-4-AAQAA3-1E3-3-OPC3_opc3,2,0.9784556505236682,0.0002402660579984,0.9915900000000004,0.000215
4899,1434,dens_114725786693793907,279,Density,<Substance CC(=O)O{solv}{x=0.703100}|CCO{solv}{x=0.296900}>,CC(=O)O,CCO,Protein-Null-0.0.3-Pair-NMR-1E4-Umbrella-1E3-4-AAQAA3-1E3-3-OPC3_opc3,2,0.9843958622581428,0.0003347275535445,0.97355,0.00021
4900,1435,dens_883421079927261907,280,Density,<Substance CC(=O)O{solv}{x=0.496100}|CCO{solv}{x=0.503900}>,CC(=O)O,CCO,Protein-Null-0.0.3-Pair-NMR-1E4-Umbrella-1E3-4-AAQAA3-1E3-3-OPC3_opc3,2,0.9255290977425528,0.0002444306341009,0.9199600000000002,0.0002
4901,1436,dens_1042567278853913615,281,Density,<Substance CC(=O)O{solv}{x=0.297100}|CCO{solv}{x=0.702900}>,CC(=O)O,CCO,Protein-Null-0.0.3-Pair-NMR-1E4-Umbrella-1E3-4-AAQAA3-1E3-3-OPC3_opc3,2,0.869168838192906,0.0003305834164832,0.8668600000000002,0.000195
4902,1437,dhmix_129373600931207498,282,EnthalpyOfMixing,<Substance NCCNCCN{solv}{x=0.702000}|O{solv}{x=0.298000}>,NCCNCCN,O,Protein-Null-0.0.3-Pair-NMR-1E4-Umbrella-1E3-4-AAQAA3-1E3-3-OPC3_opc3,2,-2.03729477408433,0.0460177292093944,-3.393,0.036
4903,1438,dhmix_313570094367316478,283,EnthalpyOfMixing,<Substance NCCNCCN{solv}{x=0.241600}|O{solv}{x=0.758400}>,NCCNCCN,O,Protein-Null-0.0.3-Pair-NMR-1E4-Umbrella-1E3-4-AAQAA3-1E3-3-OPC3_opc3,2,-4.47284091776571,0.0398917224870238,-6.523,0.0695
4904,1439,dens_548243159356184104,284,Density,<Substance NCCNCCN{solv}{x=0.244900}|O{solv}{x=0.755100}>,NCCNCCN,O,Protein-Null-0.0.3-Pair-NMR-1E4-Umbrella-1E3-4-AAQAA3-1E3-3-OPC3_opc3,2,1.0734402953666218,0.0001991682870428,1.0275000000000003,0.0005
4905,1440,dens_913992897582667960,285,Density,<Substance NCCNCCN{solv}{x=0.497400}|O{solv}{x=0.502600}>,NCCNCCN,O,Protein-Null-0.0.3-Pair-NMR-1E4-Umbrella-1E3-4-AAQAA3-1E3-3-OPC3_opc3,2,1.0667538764549993,0.0002097244800133,0.9928000000000002,0.0005
4906,1441,dhmix_1565087976771168604,286,EnthalpyOfMixing,<Substance NCCNCCN{solv}{x=0.501000}|O{solv}{x=0.499000}>,NCCNCCN,O,Protein-Null-0.0.3-Pair-NMR-1E4-Umbrella-1E3-4-AAQAA3-1E3-3-OPC3_opc3,2,-3.956483036689292,0.0313659504563364,-5.417,0.0575
4907,1442,dens_1812124220217686569,287,Density,<Substance NCCNCCN{solv}{x=0.698800}|O{solv}{x=0.301200}>,NCCNCCN,O,Protein-Null-0.0.3-Pair-NMR-1E4-Umbrella-1E3-4-AAQAA3-1E3-3-OPC3_opc3,2,1.064028789481648,0.0001826762856441,0.9718000000000002,0.0005
4908,1443,dhmix_135176730945124637,288,EnthalpyOfMixing,<Substance CCCCNCCCC{solv}{x=0.751800}|CN(C)C=O{solv}{x=0.248200}>,CCCCNCCCC,CN(C)C=O,Protein-Null-0.0.3-Pair-NMR-1E4-Umbrella-1E3-4-AAQAA3-1E3-3-OPC3_opc3,2,0.2627095975164195,0.0543158259197356,0.782,0.025
4909,1444,dens_586298674852090193,289,Density,<Substance CCCCNCCCC{solv}{x=0.726600}|CN(C)C=O{solv}{x=0.273400}>,CCCCNCCCC,CN(C)C=O,Protein-Null-0.0.3-Pair-NMR-1E4-Umbrella-1E3-4-AAQAA3-1E3-3-OPC3_opc3,2,0.7789643427166901,0.0002066880756815,0.7828350000000002,0.0009465
4910,1445,dens_711718403070096827,290,Density,<Substance CCCCNCCCC{solv}{x=0.263900}|CN(C)C=O{solv}{x=0.736100}>,CCCCNCCCC,CN(C)C=O,Protein-Null-0.0.3-Pair-NMR-1E4-Umbrella-1E3-4-AAQAA3-1E3-3-OPC3_opc3,2,0.8476023773281542,0.0002065654748446,0.8609240000000001,0.001053
4911,1446,dhmix_1537913365058000269,291,EnthalpyOfMixing,<Substance CCCCNCCCC{solv}{x=0.249400}|CN(C)C=O{solv}{x=0.750600}>,CCCCNCCCC,CN(C)C=O,Protein-Null-0.0.3-Pair-NMR-1E4-Umbrella-1E3-4-AAQAA3-1E3-3-OPC3_opc3,2,0.4200059503985045,0.0404016616993192,0.921,0.029
4912,1447,dhmix_1965420976556284821,292,EnthalpyOfMixing,<Substance CCCCNCCCC{solv}{x=0.501800}|CN(C)C=O{solv}{x=0.498200}>,CCCCNCCCC,CN(C)C=O,Protein-Null-0.0.3-Pair-NMR-1E4-Umbrella-1E3-4-AAQAA3-1E3-3-OPC3_opc3,2,0.3522580646154267,0.04902368686293,1.113,0.0335
4913,1448,dens_2298192241038151497,293,Density,<Substance CCCCNCCCC{solv}{x=0.492800}|CN(C)C=O{solv}{x=0.507200}>,CCCCNCCCC,CN(C)C=O,Protein-Null-0.0.3-Pair-NMR-1E4-Umbrella-1E3-4-AAQAA3-1E3-3-OPC3_opc3,2,0.8081030982574932,0.0001745346989201,0.8153440000000003,0.0009895
4914,1449,dens_145031449158698048,294,Density,<Substance CN(C)C=O{solv}{x=0.498800}|ClCCCl{solv}{x=0.501200}>,CN(C)C=O,ClCCCl,Protein-Null-0.0.3-Pair-NMR-1E4-Umbrella-1E3-4-AAQAA3-1E3-3-OPC3_opc3,2,1.0669390983380445,0.0003598435280907,1.0957000000000003,0.00305
4915,1450,dens_511894799968528211,295,Density,<Substance CN(C)C=O{solv}{x=0.197800}|ClCCCl{solv}{x=0.802200}>,CN(C)C=O,ClCCCl,Protein-Null-0.0.3-Pair-NMR-1E4-Umbrella-1E3-4-AAQAA3-1E3-3-OPC3_opc3,2,1.1483327688308764,0.0002738931912732,1.1862000000000004,0.003
4916,1451,dhmix_693792312882226719,296,EnthalpyOfMixing,<Substance CN(C)C=O{solv}{x=0.498000}|ClCCCl{solv}{x=0.502000}>,CN(C)C=O,ClCCCl,Protein-Null-0.0.3-Pair-NMR-1E4-Umbrella-1E3-4-AAQAA3-1E3-3-OPC3_opc3,2,0.4029858079226684,0.0340412769104141,-0.663,0.0035
4917,1452,dhmix_1364024895663592301,297,EnthalpyOfMixing,<Substance CN(C)C=O{solv}{x=0.299000}|ClCCCl{solv}{x=0.701000}>,CN(C)C=O,ClCCCl,Protein-Null-0.0.3-Pair-NMR-1E4-Umbrella-1E3-4-AAQAA3-1E3-3-OPC3_opc3,2,0.3251263748254516,0.0366163616610581,-0.575,0.0035
4918,1453,dens_1874616475661316520,298,Density,<Substance CN(C)C=O{solv}{x=0.705400}|ClCCCl{solv}{x=0.294600}>,CN(C)C=O,ClCCCl,Protein-Null-0.0.3-Pair-NMR-1E4-Umbrella-1E3-4-AAQAA3-1E3-3-OPC3_opc3,2,1.005990753818477,0.0003798610968424,1.0336,0.003
4919,1454,dhmix_1965344541223753593,299,EnthalpyOfMixing,<Substance CN(C)C=O{solv}{x=0.702000}|ClCCCl{solv}{x=0.298000}>,CN(C)C=O,ClCCCl,Protein-Null-0.0.3-Pair-NMR-1E4-Umbrella-1E3-4-AAQAA3-1E3-3-OPC3_opc3,2,0.2572217048933289,0.0375533014275515,-0.531,0.003
4920,1455,dens_145117083439077204,300,Density,<Substance CN1CCCC1=O{solv}{x=0.700300}|ClCCCCCl{solv}{x=0.299700}>,CN1CCCC1=O,ClCCCCCl,Protein-Null-0.0.3-Pair-NMR-1E4-Umbrella-1E3-4-AAQAA3-1E3-3-OPC3_opc3,2,1.0399781915569155,0.0002247061359657,1.0627000000000002,0.0005
4921,1456,dens_872271192908107773,301,Density,<Substance CN1CCCC1=O{solv}{x=0.203400}|ClCCCCCl{solv}{x=0.796600}>,CN1CCCC1=O,ClCCCCCl,Protein-Null-0.0.3-Pair-NMR-1E4-Umbrella-1E3-4-AAQAA3-1E3-3-OPC3_opc3,2,1.0947006552515592,0.0002906567320187,1.1142000000000003,0.00125
4922,1457,dhmix_958757583081250655,302,EnthalpyOfMixing,<Substance CN1CCCC1=O{solv}{x=0.703000}|ClCCCCCl{solv}{x=0.297000}>,CN1CCCC1=O,ClCCCCCl,Protein-Null-0.0.3-Pair-NMR-1E4-Umbrella-1E3-4-AAQAA3-1E3-3-OPC3_opc3,2,0.1440048421990596,0.0365090715495514,-0.583,0.0035
4923,1458,dens_1187888029800539390,303,Density,<Substance CN1CCCC1=O{solv}{x=0.502500}|ClCCCCCl{solv}{x=0.497500}>,CN1CCCC1=O,ClCCCCCl,Protein-Null-0.0.3-Pair-NMR-1E4-Umbrella-1E3-4-AAQAA3-1E3-3-OPC3_opc3,2,1.0632932519233451,0.0002750662327482,1.0840000000000003,0.00075
4924,1459,dhmix_1448185356234442909,304,EnthalpyOfMixing,<Substance CN1CCCC1=O{solv}{x=0.210000}|ClCCCCCl{solv}{x=0.790000}>,CN1CCCC1=O,ClCCCCCl,Protein-Null-0.0.3-Pair-NMR-1E4-Umbrella-1E3-4-AAQAA3-1E3-3-OPC3_opc3,2,0.1103632147935727,0.0411354054870799,-0.406,0.003
4925,1460,dhmix_1623586299486793214,305,EnthalpyOfMixing,<Substance CN1CCCC1=O{solv}{x=0.505000}|ClCCCCCl{solv}{x=0.495000}>,CN1CCCC1=O,ClCCCCCl,Protein-Null-0.0.3-Pair-NMR-1E4-Umbrella-1E3-4-AAQAA3-1E3-3-OPC3_opc3,2,0.1608385322220442,0.0416009143455693,-0.678,0.0035
4926,1461,dens_151421667269785380,306,Density,<Substance OCCOCCO{solv}{x=0.228500}|OCc1ccccc1{solv}{x=0.771500}>,OCCOCCO,OCc1ccccc1,Protein-Null-0.0.3-Pair-NMR-1E4-Umbrella-1E3-4-AAQAA3-1E3-3-OPC3_opc3,2,1.0444769320590446,0.0002721787779318,1.0497600000000002,0.000265
4927,1462,dens_207017358130726789,307,Density,<Substance OCCOCCO{solv}{x=0.531200}|OCc1ccccc1{solv}{x=0.468800}>,OCCOCCO,OCc1ccccc1,Protein-Null-0.0.3-Pair-NMR-1E4-Umbrella-1E3-4-AAQAA3-1E3-3-OPC3_opc3,2,1.069510836363056,0.0003545640810266,1.07136,0.00027
4928,1463,dhmix_638869206909151198,308,EnthalpyOfMixing,<Substance OCCOCCO{solv}{x=0.765800}|OCc1ccccc1{solv}{x=0.234200}>,OCCOCCO,OCc1ccccc1,Protein-Null-0.0.3-Pair-NMR-1E4-Umbrella-1E3-4-AAQAA3-1E3-3-OPC3_opc3,2,-0.1529701616145189,0.052648729786487,-0.3712,0.0073
4929,1464,dhmix_884415658126351430,309,EnthalpyOfMixing,<Substance OCCOCCO{solv}{x=0.266500}|OCc1ccccc1{solv}{x=0.733500}>,OCCOCCO,OCc1ccccc1,Protein-Null-0.0.3-Pair-NMR-1E4-Umbrella-1E3-4-AAQAA3-1E3-3-OPC3_opc3,2,-0.4240325882605731,0.0464096997713484,-0.4216,0.0081
4930,1465,dhmix_925385148369690502,310,EnthalpyOfMixing,<Substance OCCOCCO{solv}{x=0.521600}|OCc1ccccc1{solv}{x=0.478400}>,OCCOCCO,OCc1ccccc1,Protein-Null-0.0.3-Pair-NMR-1E4-Umbrella-1E3-4-AAQAA3-1E3-3-OPC3_opc3,2,-0.8214968903829885,0.0449922411716913,-0.4574,0.00865
4931,1466,dens_1617133138157859384,311,Density,<Substance OCCOCCO{solv}{x=0.727700}|OCc1ccccc1{solv}{x=0.272300}>,OCCOCCO,OCc1ccccc1,Protein-Null-0.0.3-Pair-NMR-1E4-Umbrella-1E3-4-AAQAA3-1E3-3-OPC3_opc3,2,1.084823199264371,0.0003753253242753,1.0857000000000003,0.000275
4932,1467,dens_155791527624482863,312,Density,<Substance CC(C)CO{solv}{x=0.279300}|CCCCBr{solv}{x=0.720700}>,CC(C)CO,CCCCBr,Protein-Null-0.0.3-Pair-NMR-1E4-Umbrella-1E3-4-AAQAA3-1E3-3-OPC3_opc3,2,1.097891841482153,0.0003925866144747,1.1339800000000002,0.000305
4933,1468,dhmix_549211977118470640,313,EnthalpyOfMixing,<Substance CC(C)CO{solv}{x=0.293800}|CCCCBr{solv}{x=0.706200}>,CC(C)CO,CCCCBr,Protein-Null-0.0.3-Pair-NMR-1E4-Umbrella-1E3-4-AAQAA3-1E3-3-OPC3_opc3,2,1.2784824857624528,0.0424372062603432,1.248,0.0135
4934,1469,dens_692500675577783691,314,Density,<Substance CC(C)CO{solv}{x=0.793700}|CCCCBr{solv}{x=0.206300}>,CC(C)CO,CCCCBr,Protein-Null-0.0.3-Pair-NMR-1E4-Umbrella-1E3-4-AAQAA3-1E3-3-OPC3_opc3,2,0.8903625005786325,0.0002187383474964,0.8962800000000002,0.00021
4935,1470,dens_841415441417626311,315,Density,<Substance CC(C)CO{solv}{x=0.498900}|CCCCBr{solv}{x=0.501100}>,CC(C)CO,CCCCBr,Protein-Null-0.0.3-Pair-NMR-1E4-Umbrella-1E3-4-AAQAA3-1E3-3-OPC3_opc3,2,1.0149351471310954,0.0003457034767278,1.0366800000000005,0.000225
4936,1471,dhmix_1400807466047438160,316,EnthalpyOfMixing,<Substance CC(C)CO{solv}{x=0.499000}|CCCCBr{solv}{x=0.501000}>,CC(C)CO,CCCCBr,Protein-Null-0.0.3-Pair-NMR-1E4-Umbrella-1E3-4-AAQAA3-1E3-3-OPC3_opc3,2,1.200030304427031,0.0380316949225133,1.207,0.013
4937,1472,dhmix_1959880980464917582,317,EnthalpyOfMixing,<Substance CC(C)CO{solv}{x=0.702100}|CCCCBr{solv}{x=0.297900}>,CC(C)CO,CCCCBr,Protein-Null-0.0.3-Pair-NMR-1E4-Umbrella-1E3-4-AAQAA3-1E3-3-OPC3_opc3,2,0.9098429037558304,0.0365638866959034,0.891,0.0095
4938,1473,dhmix_155924436295918663,318,EnthalpyOfMixing,<Substance OCCCO{solv}{x=0.501300}|O{solv}{x=0.498700}>,O,OCCCO,Protein-Null-0.0.3-Pair-NMR-1E4-Umbrella-1E3-4-AAQAA3-1E3-3-OPC3_opc3,2,-0.0040434400542324,0.0376372087391025,-0.992,0.0125
4939,1474,dens_867859901093068556,319,Density,<Substance OCCCO{solv}{x=0.743700}|O{solv}{x=0.256300}>,O,OCCCO,Protein-Null-0.0.3-Pair-NMR-1E4-Umbrella-1E3-4-AAQAA3-1E3-3-OPC3_opc3,2,1.0506904576019804,0.0006119143390189,1.0503800000000003,0.00023
4940,1475,dhmix_2191722776959064631,320,EnthalpyOfMixing,<Substance OCCCO{solv}{x=0.743000}|O{solv}{x=0.257000}>,O,OCCCO,Protein-Null-0.0.3-Pair-NMR-1E4-Umbrella-1E3-4-AAQAA3-1E3-3-OPC3_opc3,2,0.1695811856512961,0.0442805305499087,-0.633,0.008
4941,1476,dhmix_2210594516320705991,321,EnthalpyOfMixing,<Substance OCCCO{solv}{x=0.208700}|O{solv}{x=0.791300}>,O,OCCCO,Protein-Null-0.0.3-Pair-NMR-1E4-Umbrella-1E3-4-AAQAA3-1E3-3-OPC3_opc3,2,0.1374354948157758,0.0228360234741825,-0.924,0.012
4942,1477,dens_2211391404402371237,322,Density,<Substance OCCCO{solv}{x=0.244700}|O{solv}{x=0.755300}>,O,OCCCO,Protein-Null-0.0.3-Pair-NMR-1E4-Umbrella-1E3-4-AAQAA3-1E3-3-OPC3_opc3,2,1.035354828656157,0.0003229633600253,1.0381600000000004,0.00019
4943,1478,dens_2211609476735134421,323,Density,<Substance OCCCO{solv}{x=0.500000}|O{solv}{x=0.500000}>,O,OCCCO,Protein-Null-0.0.3-Pair-NMR-1E4-Umbrella-1E3-4-AAQAA3-1E3-3-OPC3_opc3,2,1.0463839660165333,0.0003256231954175,1.0492100000000002,0.000215
4944,1479,dhmix_156929898609376763,324,EnthalpyOfMixing,<Substance CN(C)CCCO{solv}{x=0.800100}|O{solv}{x=0.199900}>,CN(C)CCCO,O,Protein-Null-0.0.3-Pair-NMR-1E4-Umbrella-1E3-4-AAQAA3-1E3-3-OPC3_opc3,2,-1.349519256711261,0.0600092838681525,-1.26,0.0135
4945,1480,dhmix_786210276753247951,325,EnthalpyOfMixing,<Substance CN(C)CCCO{solv}{x=0.199800}|O{solv}{x=0.800200}>,CN(C)CCCO,O,Protein-Null-0.0.3-Pair-NMR-1E4-Umbrella-1E3-4-AAQAA3-1E3-3-OPC3_opc3,2,-1.4717162542430806,0.0246033422826418,-2.514,0.027
4946,1481,dens_971674883336993154,326,Density,<Substance CN(C)CCCO{solv}{x=0.289504}|O{solv}{x=0.710496}>,CN(C)CCCO,O,Protein-Null-0.0.3-Pair-NMR-1E4-Umbrella-1E3-4-AAQAA3-1E3-3-OPC3_opc3,2,0.946606221328956,0.0003695448121098,0.9443,0.00285
4947,1482,dhmix_1330584538745399524,327,EnthalpyOfMixing,<Substance CN(C)CCCO{solv}{x=0.501900}|O{solv}{x=0.498100}>,CN(C)CCCO,O,Protein-Null-0.0.3-Pair-NMR-1E4-Umbrella-1E3-4-AAQAA3-1E3-3-OPC3_opc3,2,-2.0407579803001097,0.0369732484378219,-2.706,0.029
4948,1483,dens_1781759734173902013,328,Density,<Substance CN(C)CCCO{solv}{x=0.501300}|O{solv}{x=0.498700}>,CN(C)CCCO,O,Protein-Null-0.0.3-Pair-NMR-1E4-Umbrella-1E3-4-AAQAA3-1E3-3-OPC3_opc3,2,0.9257799834362674,0.0003330486793765,0.9170700000000004,8.000000000000002e-05
4949,1484,dens_2299157616447228221,329,Density,<Substance CN(C)CCCO{solv}{x=0.800600}|O{solv}{x=0.199400}>,CN(C)CCCO,O,Protein-Null-0.0.3-Pair-NMR-1E4-Umbrella-1E3-4-AAQAA3-1E3-3-OPC3_opc3,2,0.907449603890597,0.0003312965951643,0.8915100000000002,9.500000000000002e-05
4950,1485,dhmix_157983773008192768,330,EnthalpyOfMixing,<Substance BrCCCBr{solv}{x=0.743200}|CCCCOC(=O)CCC{solv}{x=0.256800}>,BrCCCBr,CCCCOC(=O)CCC,Protein-Null-0.0.3-Pair-NMR-1E4-Umbrella-1E3-4-AAQAA3-1E3-3-OPC3_opc3,2,-0.3732666111516067,0.0427401410369737,0.032,0.0005
4951,1486,dens_720277045338028885,331,Density,<Substance BrCCCBr{solv}{x=0.748700}|CCCCOC(=O)CCC{solv}{x=0.251300}>,BrCCCBr,CCCCOC(=O)CCC,Protein-Null-0.0.3-Pair-NMR-1E4-Umbrella-1E3-4-AAQAA3-1E3-3-OPC3_opc3,2,1.538519600482608,0.0003373742492311,1.5786600000000004,0.00038
4952,1487,dens_933248802608751708,332,Density,<Substance BrCCCBr{solv}{x=0.529700}|CCCCOC(=O)CCC{solv}{x=0.470300}>,BrCCCBr,CCCCOC(=O)CCC,Protein-Null-0.0.3-Pair-NMR-1E4-Umbrella-1E3-4-AAQAA3-1E3-3-OPC3_opc3,2,1.293135838464194,0.000236103661013,1.3159400000000003,0.000255
4953,1488,dens_1048925802213854204,333,Density,<Substance BrCCCBr{solv}{x=0.259100}|CCCCOC(=O)CCC{solv}{x=0.740900}>,BrCCCBr,CCCCOC(=O)CCC,Protein-Null-0.0.3-Pair-NMR-1E4-Umbrella-1E3-4-AAQAA3-1E3-3-OPC3_opc3,2,1.0478095387906146,0.0001985387115337,1.0598600000000002,0.000145
4954,1489,dhmix_1090642624443832057,334,EnthalpyOfMixing,<Substance BrCCCBr{solv}{x=0.241200}|CCCCOC(=O)CCC{solv}{x=0.758800}>,BrCCCBr,CCCCOC(=O)CCC,Protein-Null-0.0.3-Pair-NMR-1E4-Umbrella-1E3-4-AAQAA3-1E3-3-OPC3_opc3,2,-0.3666196073493424,0.0559972342289178,-0.094,0.001
4955,1490,dhmix_1649688325270115073,335,EnthalpyOfMixing,<Substance BrCCCBr{solv}{x=0.466700}|CCCCOC(=O)CCC{solv}{x=0.533300}>,BrCCCBr,CCCCOC(=O)CCC,Protein-Null-0.0.3-Pair-NMR-1E4-Umbrella-1E3-4-AAQAA3-1E3-3-OPC3_opc3,2,-0.4099336172332499,0.0509082370490685,-0.091,0.001
4956,1491,dhmix_158101159957898775,336,EnthalpyOfMixing,<Substance CCCCCl{solv}{x=0.490000}|CN1CCCC1=O{solv}{x=0.510000}>,CCCCCl,CN1CCCC1=O,Protein-Null-0.0.3-Pair-NMR-1E4-Umbrella-1E3-4-AAQAA3-1E3-3-OPC3_opc3,2,0.8339607101497961,0.0363334507083253,0.152,0.002
4957,1492,dhmix_586880142396707079,337,EnthalpyOfMixing,<Substance CCCCCl{solv}{x=0.294000}|CN1CCCC1=O{solv}{x=0.706000}>,CCCCCl,CN1CCCC1=O,Protein-Null-0.0.3-Pair-NMR-1E4-Umbrella-1E3-4-AAQAA3-1E3-3-OPC3_opc3,2,0.6339776792804699,0.0392965686629564,0.145,0.002
4958,1493,dens_897975104490051322,338,Density,<Substance CCCCCl{solv}{x=0.296100}|CN1CCCC1=O{solv}{x=0.703900}>,CCCCCl,CN1CCCC1=O,Protein-Null-0.0.3-Pair-NMR-1E4-Umbrella-1E3-4-AAQAA3-1E3-3-OPC3_opc3,2,0.9619030776795569,0.0002309654300026,0.9862000000000004,0.0001
4959,1494,dens_1393365907116297965,339,Density,<Substance CCCCCl{solv}{x=0.702600}|CN1CCCC1=O{solv}{x=0.297400}>,CCCCCl,CN1CCCC1=O,Protein-Null-0.0.3-Pair-NMR-1E4-Umbrella-1E3-4-AAQAA3-1E3-3-OPC3_opc3,2,0.9040331484294593,0.0002579156721751,0.9268000000000002,0.0001
4960,1495,dhmix_1769887717174104485,340,EnthalpyOfMixing,<Substance CCCCCl{solv}{x=0.787000}|CN1CCCC1=O{solv}{x=0.213000}>,CCCCCl,CN1CCCC1=O,Protein-Null-0.0.3-Pair-NMR-1E4-Umbrella-1E3-4-AAQAA3-1E3-3-OPC3_opc3,2,0.5591251057161202,0.0428063215835261,0.081,0.002
4961,1496,dens_2070183543451797213,341,Density,<Substance CCCCCl{solv}{x=0.494800}|CN1CCCC1=O{solv}{x=0.505200}>,CCCCCl,CN1CCCC1=O,Protein-Null-0.0.3-Pair-NMR-1E4-Umbrella-1E3-4-AAQAA3-1E3-3-OPC3_opc3,2,0.9343668413298029,0.0002807776875023,0.9575000000000002,0.0001
4962,1497,dens_164369774990422412,342,Density,<Substance CC(C)O{solv}{x=0.764900}|CCOC=O{solv}{x=0.235100}>,CC(C)O,CCOC=O,Protein-Null-0.0.3-Pair-NMR-1E4-Umbrella-1E3-4-AAQAA3-1E3-3-OPC3_opc3,2,0.8264093994890093,0.0002082869339196,0.8088000000000002,0.00035
4963,1498,dens_200561035496770448,343,Density,<Substance CC(C)O{solv}{x=0.265100}|CCOC=O{solv}{x=0.734900}>,CC(C)O,CCOC=O,Protein-Null-0.0.3-Pair-NMR-1E4-Umbrella-1E3-4-AAQAA3-1E3-3-OPC3_opc3,2,0.898615386594986,0.0003046530262249,0.8710000000000002,0.0003
4964,1499,dens_1124622586228643363,344,Density,<Substance CC(C)O{solv}{x=0.441300}|CCOC=O{solv}{x=0.558700}>,CC(C)O,CCOC=O,Protein-Null-0.0.3-Pair-NMR-1E4-Umbrella-1E3-4-AAQAA3-1E3-3-OPC3_opc3,2,0.8725947730079014,0.0002904152231196,0.8482000000000003,0.00035
4965,1500,dens_166030075147825025,345,Density,<Substance Clc1ccccc1{solv}{x=0.467900}|c1ccccc1{solv}{x=0.532100}>,Clc1ccccc1,c1ccccc1,Protein-Null-0.0.3-Pair-NMR-1E4-Umbrella-1E3-4-AAQAA3-1E3-3-OPC3_opc3,2,0.9801425513263404,0.0003253284510638,0.9877000000000002,0.00025
4966,1501,dens_796537469137871297,346,Density,<Substance Clc1ccccc1{solv}{x=0.735800}|c1ccccc1{solv}{x=0.264200}>,Clc1ccccc1,c1ccccc1,Protein-Null-0.0.3-Pair-NMR-1E4-Umbrella-1E3-4-AAQAA3-1E3-3-OPC3_opc3,2,1.0435912990340432,0.0002435917061698,1.0465000000000002,0.0002
4967,1502,dhmix_1485547099225054006,347,EnthalpyOfMixing,<Substance Clc1ccccc1{solv}{x=0.777700}|c1ccccc1{solv}{x=0.222300}>,Clc1ccccc1,c1ccccc1,Protein-Null-0.0.3-Pair-NMR-1E4-Umbrella-1E3-4-AAQAA3-1E3-3-OPC3_opc3,2,-0.0092764527298001,0.0383525263433892,-0.0036,0.0004
4968,1503,dhmix_1808283008183194060,348,EnthalpyOfMixing,<Substance Clc1ccccc1{solv}{x=0.225800}|c1ccccc1{solv}{x=0.774200}>,Clc1ccccc1,c1ccccc1,Protein-Null-0.0.3-Pair-NMR-1E4-Umbrella-1E3-4-AAQAA3-1E3-3-OPC3_opc3,2,-0.0170209669043757,0.0365918030085903,-0.0046,0.0004
4969,1504,dhmix_2008892820486470381,349,EnthalpyOfMixing,<Substance Clc1ccccc1{solv}{x=0.466600}|c1ccccc1{solv}{x=0.533400}>,Clc1ccccc1,c1ccccc1,Protein-Null-0.0.3-Pair-NMR-1E4-Umbrella-1E3-4-AAQAA3-1E3-3-OPC3_opc3,2,0.0057219173948936,0.0380405865736819,-0.0057,0.0004
4970,1505,dens_2142546524113318099,350,Density,<Substance Clc1ccccc1{solv}{x=0.293100}|c1ccccc1{solv}{x=0.706900}>,Clc1ccccc1,c1ccccc1,Protein-Null-0.0.3-Pair-NMR-1E4-Umbrella-1E3-4-AAQAA3-1E3-3-OPC3_opc3,2,0.937275356003196,0.0002863903600408,0.9468000000000002,0.00025
4971,1506,dhmix_166527628917371560,351,EnthalpyOfMixing,<Substance CCCCCC(C)=O{solv}{x=0.500700}|CCCNCCC{solv}{x=0.499300}>,CCCCCC(C)=O,CCCNCCC,Protein-Null-0.0.3-Pair-NMR-1E4-Umbrella-1E3-4-AAQAA3-1E3-3-OPC3_opc3,2,-0.0714477609312354,0.0514330028011052,0.162,0.002
4972,1507,dhmix_181797488552739205,352,EnthalpyOfMixing,<Substance CCCCCC(C)=O{solv}{x=0.213200}|CCCNCCC{solv}{x=0.786800}>,CCCCCC(C)=O,CCCNCCC,Protein-Null-0.0.3-Pair-NMR-1E4-Umbrella-1E3-4-AAQAA3-1E3-3-OPC3_opc3,2,-0.0382636366770157,0.0471609752612203,0.137,0.0015
4973,1508,dens_286521458049436805,353,Density,<Substance CCCCCC(C)=O{solv}{x=0.542700}|CCCNCCC{solv}{x=0.457300}>,CCCCCC(C)=O,CCCNCCC,Protein-Null-0.0.3-Pair-NMR-1E4-Umbrella-1E3-4-AAQAA3-1E3-3-OPC3_opc3,2,0.7682027241132928,0.0001850727295146,0.7766620000000002,0.0001215
4974,1509,dens_740930494074770103,354,Density,<Substance CCCCCC(C)=O{solv}{x=0.252600}|CCCNCCC{solv}{x=0.747400}>,CCCCCC(C)=O,CCCNCCC,Protein-Null-0.0.3-Pair-NMR-1E4-Umbrella-1E3-4-AAQAA3-1E3-3-OPC3_opc3,2,0.7490958896043897,0.0001962289485928,0.7540050000000001,0.0001215
4975,1510,dhmix_1180133264815330249,355,EnthalpyOfMixing,<Substance CCCCCC(C)=O{solv}{x=0.788000}|CCCNCCC{solv}{x=0.212000}>,CCCCCC(C)=O,CCCNCCC,Protein-Null-0.0.3-Pair-NMR-1E4-Umbrella-1E3-4-AAQAA3-1E3-3-OPC3_opc3,2,-0.095045995237335,0.0493160586724851,0.088,0.001
4976,1511,dens_1237727796782189302,356,Density,<Substance CCCCCC(C)=O{solv}{x=0.741800}|CCCNCCC{solv}{x=0.258200}>,CCCCCC(C)=O,CCCNCCC,Protein-Null-0.0.3-Pair-NMR-1E4-Umbrella-1E3-4-AAQAA3-1E3-3-OPC3_opc3,2,0.7810772189215636,0.000187164804921,0.7918920000000003,0.00012
4977,1512,dens_168376639142843665,357,Density,<Substance BrCCBr{solv}{x=0.084500}|CCOC(=O)CC{solv}{x=0.915500}>,BrCCBr,CCOC(=O)CC,Protein-Null-0.0.3-Pair-NMR-1E4-Umbrella-1E3-4-AAQAA3-1E3-3-OPC3_opc3,2,0.965626206409429,0.0002327187905876,0.9671200000000002,0.001185
4978,1513,dhmix_897092526028522426,358,EnthalpyOfMixing,<Substance BrCCBr{solv}{x=0.753700}|CCOC(=O)CC{solv}{x=0.246300}>,BrCCBr,CCOC(=O)CC,Protein-Null-0.0.3-Pair-NMR-1E4-Umbrella-1E3-4-AAQAA3-1E3-3-OPC3_opc3,2,-0.4060543011951374,0.0338828848713723,0.0052,0.0008
4979,1514,dhmix_1078383344298013541,359,EnthalpyOfMixing,<Substance BrCCBr{solv}{x=0.084100}|CCOC(=O)CC{solv}{x=0.915900}>,BrCCBr,CCOC(=O)CC,Protein-Null-0.0.3-Pair-NMR-1E4-Umbrella-1E3-4-AAQAA3-1E3-3-OPC3_opc3,2,-0.1725631120319297,0.0401509535294352,-0.0683,0.0014
4980,1515,dhmix_1103515663691342839,360,EnthalpyOfMixing,<Substance BrCCBr{solv}{x=0.514000}|CCOC(=O)CC{solv}{x=0.486000}>,BrCCBr,CCOC(=O)CC,Protein-Null-0.0.3-Pair-NMR-1E4-Umbrella-1E3-4-AAQAA3-1E3-3-OPC3_opc3,2,-0.3758343936989519,0.0409321713149249,-0.1259,0.00205
4981,1516,dens_1193015082780501702,361,Density,<Substance BrCCBr{solv}{x=0.484400}|CCOC(=O)CC{solv}{x=0.515600}>,BrCCBr,CCOC(=O)CC,Protein-Null-0.0.3-Pair-NMR-1E4-Umbrella-1E3-4-AAQAA3-1E3-3-OPC3_opc3,2,1.39482883333411,0.0004067313618626,1.4136000000000002,0.001165
4982,1517,dens_1660732943693703463,362,Density,<Substance BrCCBr{solv}{x=0.714800}|CCOC(=O)CC{solv}{x=0.285200}>,BrCCBr,CCOC(=O)CC,Protein-Null-0.0.3-Pair-NMR-1E4-Umbrella-1E3-4-AAQAA3-1E3-3-OPC3_opc3,2,1.6845497257412332,0.000493088134503,1.7205300000000003,0.000985
4983,1518,dens_172622055198885625,363,Density,<Substance CCCCOCCO{solv}{x=0.499500}|c1ccccc1{solv}{x=0.500500}>,CCCCOCCO,c1ccccc1,Protein-Null-0.0.3-Pair-NMR-1E4-Umbrella-1E3-4-AAQAA3-1E3-3-OPC3_opc3,2,0.8733753797975531,0.0001989688020691,0.8864700000000002,0.000795
4984,1519,dens_615182082919776992,364,Density,<Substance CCCCOCCO{solv}{x=0.753500}|c1ccccc1{solv}{x=0.246500}>,CCCCOCCO,c1ccccc1,Protein-Null-0.0.3-Pair-NMR-1E4-Umbrella-1E3-4-AAQAA3-1E3-3-OPC3_opc3,2,0.8797990181227885,0.0002106319025978,0.8924600000000003,0.00077
4985,1520,dens_1014762781474427089,365,Density,<Substance CCCCOCCO{solv}{x=0.248800}|c1ccccc1{solv}{x=0.751200}>,CCCCOCCO,c1ccccc1,Protein-Null-0.0.3-Pair-NMR-1E4-Umbrella-1E3-4-AAQAA3-1E3-3-OPC3_opc3,2,0.8668932264412338,0.0002790592314966,0.8790000000000002,0.00083
4986,1521,dhmix_1209838039340638454,366,EnthalpyOfMixing,<Substance CCCCOCCO{solv}{x=0.729700}|c1ccccc1{solv}{x=0.270300}>,CCCCOCCO,c1ccccc1,Protein-Null-0.0.3-Pair-NMR-1E4-Umbrella-1E3-4-AAQAA3-1E3-3-OPC3_opc3,2,0.2319287151741633,0.0486737551220948,0.3037,0.00335
4987,1522,dhmix_1416395432810708431,367,EnthalpyOfMixing,<Substance CCCCOCCO{solv}{x=0.266500}|c1ccccc1{solv}{x=0.733500}>,CCCCOCCO,c1ccccc1,Protein-Null-0.0.3-Pair-NMR-1E4-Umbrella-1E3-4-AAQAA3-1E3-3-OPC3_opc3,2,0.5558584411273841,0.0453130417426172,0.6895,0.00745
4988,1523,dhmix_1775479338186698605,368,EnthalpyOfMixing,<Substance CCCCOCCO{solv}{x=0.503000}|c1ccccc1{solv}{x=0.497000}>,CCCCOCCO,c1ccccc1,Protein-Null-0.0.3-Pair-NMR-1E4-Umbrella-1E3-4-AAQAA3-1E3-3-OPC3_opc3,2,0.5593507181793598,0.043722582886934,0.5563,0.00605
4989,1524,dens_173950346939686352,369,Density,<Substance CCOC(=O)CC(=O)OCC{solv}{x=0.797800}|CO{solv}{x=0.202200}>,CCOC(=O)CC(=O)OCC,CO,Protein-Null-0.0.3-Pair-NMR-1E4-Umbrella-1E3-4-AAQAA3-1E3-3-OPC3_opc3,2,1.044578826159405,0.0002197878544166,1.0336070000000002,0.0001155
4990,1525,dhmix_796570713446660029,370,EnthalpyOfMixing,<Substance CCOC(=O)CC(=O)OCC{solv}{x=0.745300}|CO{solv}{x=0.254700}>,CCOC(=O)CC(=O)OCC,CO,Protein-Null-0.0.3-Pair-NMR-1E4-Umbrella-1E3-4-AAQAA3-1E3-3-OPC3_opc3,2,0.78342024076386,0.0456476901273118,1.184,0.013
4991,1526,dhmix_1053189657313504079,371,EnthalpyOfMixing,<Substance CCOC(=O)CC(=O)OCC{solv}{x=0.499300}|CO{solv}{x=0.500700}>,CCOC(=O)CC(=O)OCC,CO,Protein-Null-0.0.3-Pair-NMR-1E4-Umbrella-1E3-4-AAQAA3-1E3-3-OPC3_opc3,2,1.0508315608840064,0.0333251169854902,1.426,0.0155
4992,1527,dens_1109796780897697143,372,Density,<Substance CCOC(=O)CC(=O)OCC{solv}{x=0.500400}|CO{solv}{x=0.499600}>,CCOC(=O)CC(=O)OCC,CO,Protein-Null-0.0.3-Pair-NMR-1E4-Umbrella-1E3-4-AAQAA3-1E3-3-OPC3_opc3,2,1.0018732780639958,0.0001979726120859,0.9962350000000002,9.150000000000002e-05
4993,1528,dens_1145191816882985532,373,Density,<Substance CCOC(=O)CC(=O)OCC{solv}{x=0.250100}|CO{solv}{x=0.749900}>,CCOC(=O)CC(=O)OCC,CO,Protein-Null-0.0.3-Pair-NMR-1E4-Umbrella-1E3-4-AAQAA3-1E3-3-OPC3_opc3,2,0.9326189316901052,0.0002967987125331,0.9355040000000002,0.0001385
4994,1529,dhmix_1394433819711651760,374,EnthalpyOfMixing,<Substance CCOC(=O)CC(=O)OCC{solv}{x=0.251500}|CO{solv}{x=0.748500}>,CCOC(=O)CC(=O)OCC,CO,Protein-Null-0.0.3-Pair-NMR-1E4-Umbrella-1E3-4-AAQAA3-1E3-3-OPC3_opc3,2,0.9345826665076372,0.0328692021935627,1.083,0.0115
4995,1530,dhmix_176700813960387714,375,EnthalpyOfMixing,<Substance CC(=O)N(C)C{solv}{x=0.211000}|ClCCCCCl{solv}{x=0.789000}>,CC(=O)N(C)C,ClCCCCCl,Protein-Null-0.0.3-Pair-NMR-1E4-Umbrella-1E3-4-AAQAA3-1E3-3-OPC3_opc3,2,0.1550109221877704,0.0416868212663742,-0.188,0.0025
4996,1531,dhmix_422276068008732896,376,EnthalpyOfMixing,<Substance CC(=O)N(C)C{solv}{x=0.506000}|ClCCCCCl{solv}{x=0.494000}>,CC(=O)N(C)C,ClCCCCCl,Protein-Null-0.0.3-Pair-NMR-1E4-Umbrella-1E3-4-AAQAA3-1E3-3-OPC3_opc3,2,0.0283849097304091,0.0335585188817579,-0.314,0.0025
4997,1532,dhmix_591740475541975327,377,EnthalpyOfMixing,<Substance CC(=O)N(C)C{solv}{x=0.705000}|ClCCCCCl{solv}{x=0.295000}>,CC(=O)N(C)C,ClCCCCCl,Protein-Null-0.0.3-Pair-NMR-1E4-Umbrella-1E3-4-AAQAA3-1E3-3-OPC3_opc3,2,0.0711794355631987,0.0411287440836814,-0.281,0.0025
4998,1533,dens_600718364672681210,378,Density,<Substance CC(=O)N(C)C{solv}{x=0.200100}|ClCCCCCl{solv}{x=0.799900}>,CC(=O)N(C)C,ClCCCCCl,Protein-Null-0.0.3-Pair-NMR-1E4-Umbrella-1E3-4-AAQAA3-1E3-3-OPC3_opc3,2,1.0757436879408733,0.0003017634290509,1.0978,0.0023
4999,1534,dens_833309518494254389,379,Density,<Substance CC(=O)N(C)C{solv}{x=0.698700}|ClCCCCCl{solv}{x=0.301300}>,CC(=O)N(C)C,ClCCCCCl,Protein-Null-0.0.3-Pair-NMR-1E4-Umbrella-1E3-4-AAQAA3-1E3-3-OPC3_opc3,2,0.970303674880702,0.0002420109209373,1.0011000000000003,0.0023
5000,1535,dens_1473570029953486090,380,Density,<Substance CC(=O)N(C)C{solv}{x=0.500900}|ClCCCCCl{solv}{x=0.499100}>,CC(=O)N(C)C,ClCCCCCl,Protein-Null-0.0.3-Pair-NMR-1E4-Umbrella-1E3-4-AAQAA3-1E3-3-OPC3_opc3,2,1.0141800498379214,0.0002411626350084,1.0407000000000004,0.00225
5001,1536,dens_176740025668330569,381,Density,<Substance C1CCCCC1{solv}{x=0.499400}|C1COCCO1{solv}{x=0.500600}>,C1CCCCC1,C1COCCO1,Protein-Null-0.0.3-Pair-NMR-1E4-Umbrella-1E3-4-AAQAA3-1E3-3-OPC3_opc3,2,0.8674831770581838,0.0002148565097073,0.8769800000000002,8.500000000000002e-05
5002,1537,dens_476825312331327209,382,Density,<Substance C1CCCCC1{solv}{x=0.297200}|C1COCCO1{solv}{x=0.702800}>,C1CCCCC1,C1COCCO1,Protein-Null-0.0.3-Pair-NMR-1E4-Umbrella-1E3-4-AAQAA3-1E3-3-OPC3_opc3,2,0.9273141165845842,0.0002716545089212,0.9312200000000004,7.000000000000002e-05
5003,1538,dens_985438980823024302,383,Density,<Substance C1CCCCC1{solv}{x=0.699700}|C1COCCO1{solv}{x=0.300300}>,C1CCCCC1,C1COCCO1,Protein-Null-0.0.3-Pair-NMR-1E4-Umbrella-1E3-4-AAQAA3-1E3-3-OPC3_opc3,2,0.815565080702698,0.0002129470872742,0.8305800000000002,0.0001
5004,1539,dhmix_1624213860575299641,384,EnthalpyOfMixing,<Substance C1CCCCC1{solv}{x=0.492800}|C1COCCO1{solv}{x=0.507200}>,C1CCCCC1,C1COCCO1,Protein-Null-0.0.3-Pair-NMR-1E4-Umbrella-1E3-4-AAQAA3-1E3-3-OPC3_opc3,2,1.9510424423517063,0.0412180199851648,1.588,0.008
5005,1540,dhmix_1900199136965747019,385,EnthalpyOfMixing,<Substance C1CCCCC1{solv}{x=0.239400}|C1COCCO1{solv}{x=0.760600}>,C1CCCCC1,C1COCCO1,Protein-Null-0.0.3-Pair-NMR-1E4-Umbrella-1E3-4-AAQAA3-1E3-3-OPC3_opc3,2,1.4198305246123937,0.037953266302131,1.124,0.007
5006,1541,dhmix_2022274493214392184,386,EnthalpyOfMixing,<Substance C1CCCCC1{solv}{x=0.744200}|C1COCCO1{solv}{x=0.255800}>,C1CCCCC1,C1COCCO1,Protein-Null-0.0.3-Pair-NMR-1E4-Umbrella-1E3-4-AAQAA3-1E3-3-OPC3_opc3,2,1.5404280466044329,0.0455109644206481,1.262,0.007
5007,1542,dhmix_182795551078530810,387,EnthalpyOfMixing,<Substance C1COCCO1{solv}{x=0.491200}|Cc1ccccc1Cl{solv}{x=0.508800}>,C1COCCO1,Cc1ccccc1Cl,Protein-Null-0.0.3-Pair-NMR-1E4-Umbrella-1E3-4-AAQAA3-1E3-3-OPC3_opc3,2,0.3531228320010484,0.0396180248996634,0.356,0.002
5008,1543,dens_242592003865933955,388,Density,<Substance C1COCCO1{solv}{x=0.835700}|Cc1ccccc1Cl{solv}{x=0.164300}>,C1COCCO1,Cc1ccccc1Cl,Protein-Null-0.0.3-Pair-NMR-1E4-Umbrella-1E3-4-AAQAA3-1E3-3-OPC3_opc3,2,1.0272971330339349,0.0002015306247483,1.0256,0.0005
5009,1544,dens_810150133181620718,389,Density,<Substance C1COCCO1{solv}{x=0.513600}|Cc1ccccc1Cl{solv}{x=0.486400}>,C1COCCO1,Cc1ccccc1Cl,Protein-Null-0.0.3-Pair-NMR-1E4-Umbrella-1E3-4-AAQAA3-1E3-3-OPC3_opc3,2,1.0527656905679024,0.0002572610485715,1.0536,0.0005
5010,1545,dhmix_1949119093643648586,390,EnthalpyOfMixing,<Substance C1COCCO1{solv}{x=0.246200}|Cc1ccccc1Cl{solv}{x=0.753800}>,C1COCCO1,Cc1ccccc1Cl,Protein-Null-0.0.3-Pair-NMR-1E4-Umbrella-1E3-4-AAQAA3-1E3-3-OPC3_opc3,2,0.206198442999522,0.0311590784690412,0.206,0.001
5011,1546,dens_2161584607380261748,391,Density,<Substance C1COCCO1{solv}{x=0.226300}|Cc1ccccc1Cl{solv}{x=0.773700}>,C1COCCO1,Cc1ccccc1Cl,Protein-Null-0.0.3-Pair-NMR-1E4-Umbrella-1E3-4-AAQAA3-1E3-3-OPC3_opc3,2,1.063979209389861,0.0002439703319924,1.0674000000000003,0.0005
5012,1547,dhmix_2190589845176325501,392,EnthalpyOfMixing,<Substance C1COCCO1{solv}{x=0.835700}|Cc1ccccc1Cl{solv}{x=0.164300}>,C1COCCO1,Cc1ccccc1Cl,Protein-Null-0.0.3-Pair-NMR-1E4-Umbrella-1E3-4-AAQAA3-1E3-3-OPC3_opc3,2,0.1287010461986,0.0449090522932261,0.244,0.0015
5013,1548,dens_194492664772262961,393,Density,<Substance CCCOC=O{solv}{x=0.479500}|ClCCCl{solv}{x=0.520500}>,CCCOC=O,ClCCCl,Protein-Null-0.0.3-Pair-NMR-1E4-Umbrella-1E3-4-AAQAA3-1E3-3-OPC3_opc3,2,1.0533106842937912,0.0004007751877896,1.0603100000000003,0.00196
5014,1549,dhmix_438833720470542962,394,EnthalpyOfMixing,<Substance CCCOC=O{solv}{x=0.738500}|ClCCCl{solv}{x=0.261500}>,CCCOC=O,ClCCCl,Protein-Null-0.0.3-Pair-NMR-1E4-Umbrella-1E3-4-AAQAA3-1E3-3-OPC3_opc3,2,0.0422604969251807,0.0383273271429449,-0.205,0.0025
5015,1550,dens_598528978367940263,395,Density,<Substance CCCOC=O{solv}{x=0.254300}|ClCCCl{solv}{x=0.745700}>,CCCOC=O,ClCCCl,Protein-Null-0.0.3-Pair-NMR-1E4-Umbrella-1E3-4-AAQAA3-1E3-3-OPC3_opc3,2,1.118611212960869,0.0004176389175781,1.1418800000000005,0.002835
5016,1551,dens_822197650497048256,396,Density,<Substance CCCOC=O{solv}{x=0.728100}|ClCCCl{solv}{x=0.271900}>,CCCOC=O,ClCCCl,Protein-Null-0.0.3-Pair-NMR-1E4-Umbrella-1E3-4-AAQAA3-1E3-3-OPC3_opc3,2,0.9842671508786656,0.0002901983911856,0.9794600000000002,0.001275
5017,1552,dhmix_1971772628311560569,397,EnthalpyOfMixing,<Substance CCCOC=O{solv}{x=0.503500}|ClCCCl{solv}{x=0.496500}>,CCCOC=O,ClCCCl,Protein-Null-0.0.3-Pair-NMR-1E4-Umbrella-1E3-4-AAQAA3-1E3-3-OPC3_opc3,2,0.1419882153411293,0.0342133577896703,-0.254,0.003
5018,1553,dhmix_2087301877194561078,398,EnthalpyOfMixing,<Substance CCCOC=O{solv}{x=0.273300}|ClCCCl{solv}{x=0.726700}>,CCCOC=O,ClCCCl,Protein-Null-0.0.3-Pair-NMR-1E4-Umbrella-1E3-4-AAQAA3-1E3-3-OPC3_opc3,2,0.0874119779613238,0.0340306831575537,-0.154,0.002
5019,1554,dens_196547737404430199,399,Density,<Substance CCC(C)(C)O{solv}{x=0.258400}|CCO{solv}{x=0.741600}>,CCC(C)(C)O,CCO,Protein-Null-0.0.3-Pair-NMR-1E4-Umbrella-1E3-4-AAQAA3-1E3-3-OPC3_opc3,2,0.7983992705064481,0.0002823502195477,0.7933000000000001,0.0005
5020,1555,dens_476512869308734578,400,Density,<Substance CCC(C)(C)O{solv}{x=0.549500}|CCO{solv}{x=0.450500}>,CCC(C)(C)O,CCO,Protein-Null-0.0.3-Pair-NMR-1E4-Umbrella-1E3-4-AAQAA3-1E3-3-OPC3_opc3,2,0.810301310555669,0.0002277901337053,0.8018000000000002,0.0005
5021,1556,dens_822446541953482206,401,Density,<Substance CCC(C)(C)O{solv}{x=0.676500}|CCO{solv}{x=0.323500}>,CCC(C)(C)O,CCO,Protein-Null-0.0.3-Pair-NMR-1E4-Umbrella-1E3-4-AAQAA3-1E3-3-OPC3_opc3,2,0.813733163679127,0.0003595706718346,0.8048000000000002,0.0005
5022,1557,dhmix_935690434592096067,402,EnthalpyOfMixing,<Substance CCC(C)(C)O{solv}{x=0.460700}|CCO{solv}{x=0.539300}>,CCC(C)(C)O,CCO,Protein-Null-0.0.3-Pair-NMR-1E4-Umbrella-1E3-4-AAQAA3-1E3-3-OPC3_opc3,2,-0.8700226076483322,0.0364614355961789,-0.95,0.00405
5023,1558,dhmix_1167190373485301023,403,EnthalpyOfMixing,<Substance CCC(C)(C)O{solv}{x=0.730600}|CCO{solv}{x=0.269400}>,CCC(C)(C)O,CCO,Protein-Null-0.0.3-Pair-NMR-1E4-Umbrella-1E3-4-AAQAA3-1E3-3-OPC3_opc3,2,-0.8857948558232911,0.0424676051763174,-0.7709,0.00335
5024,1559,dhmix_1275914601266938667,404,EnthalpyOfMixing,<Substance CCC(C)(C)O{solv}{x=0.280700}|CCO{solv}{x=0.719300}>,CCC(C)(C)O,CCO,Protein-Null-0.0.3-Pair-NMR-1E4-Umbrella-1E3-4-AAQAA3-1E3-3-OPC3_opc3,2,-0.5639830840666118,0.0344053043217474,-0.7056,0.0031
5025,1560,dens_196896428021674416,405,Density,<Substance OCCCCO{solv}{x=0.250400}|O{solv}{x=0.749600}>,O,OCCCCO,Protein-Null-0.0.3-Pair-NMR-1E4-Umbrella-1E3-4-AAQAA3-1E3-3-OPC3_opc3,2,1.0163148145585672,0.0003089358832682,1.0206500000000005,0.000165
5026,1561,dhmix_204758826312645465,406,EnthalpyOfMixing,<Substance OCCCCO{solv}{x=0.498600}|O{solv}{x=0.501400}>,O,OCCCCO,Protein-Null-0.0.3-Pair-NMR-1E4-Umbrella-1E3-4-AAQAA3-1E3-3-OPC3_opc3,2,0.3568735612523355,0.030516596656738,-0.882,0.011
5027,1562,dens_523660418548538159,407,Density,<Substance OCCCCO{solv}{x=0.502000}|O{solv}{x=0.498000}>,O,OCCCCO,Protein-Null-0.0.3-Pair-NMR-1E4-Umbrella-1E3-4-AAQAA3-1E3-3-OPC3_opc3,2,1.018750674784994,0.0003876175337226,1.0207100000000002,0.000175
5028,1563,dhmix_1424462945700338266,408,EnthalpyOfMixing,<Substance OCCCCO{solv}{x=0.794700}|O{solv}{x=0.205300}>,O,OCCCCO,Protein-Null-0.0.3-Pair-NMR-1E4-Umbrella-1E3-4-AAQAA3-1E3-3-OPC3_opc3,2,-0.0154818935902101,0.049293788813993,-0.513,0.007
5029,1564,dhmix_2166372532060643622,409,EnthalpyOfMixing,<Substance OCCCCO{solv}{x=0.265800}|O{solv}{x=0.734200}>,O,OCCCCO,Protein-Null-0.0.3-Pair-NMR-1E4-Umbrella-1E3-4-AAQAA3-1E3-3-OPC3_opc3,2,0.2518323740508421,0.0302431043487476,-0.896,0.0115
5030,1565,dens_2215793475715067258,410,Density,<Substance OCCCCO{solv}{x=0.752800}|O{solv}{x=0.247200}>,O,OCCCCO,Protein-Null-0.0.3-Pair-NMR-1E4-Umbrella-1E3-4-AAQAA3-1E3-3-OPC3_opc3,2,1.0146942207077434,0.000486181022939,1.0165900000000003,0.00018
5031,1566,dhmix_199788824133179829,411,EnthalpyOfMixing,<Substance CNc1ccccc1{solv}{x=0.497300}|Cc1ccccc1{solv}{x=0.502700}>,CNc1ccccc1,Cc1ccccc1,Protein-Null-0.0.3-Pair-NMR-1E4-Umbrella-1E3-4-AAQAA3-1E3-3-OPC3_opc3,2,0.9074151721495128,0.041723322695226,0.497,0.0055
5032,1567,dens_515118724178190757,412,Density,<Substance CNc1ccccc1{solv}{x=0.740700}|Cc1ccccc1{solv}{x=0.259300}>,CNc1ccccc1,Cc1ccccc1,Protein-Null-0.0.3-Pair-NMR-1E4-Umbrella-1E3-4-AAQAA3-1E3-3-OPC3_opc3,2,0.9556353291438768,0.0001982836296197,0.9531280000000004,0.0002595
5033,1568,dens_730775902780400634,413,Density,<Substance CNc1ccccc1{solv}{x=0.245200}|Cc1ccccc1{solv}{x=0.754800}>,CNc1ccccc1,Cc1ccccc1,Protein-Null-0.0.3-Pair-NMR-1E4-Umbrella-1E3-4-AAQAA3-1E3-3-OPC3_opc3,2,0.8832228597793494,0.0001950583932887,0.8935250000000002,0.000118
5034,1569,dhmix_1213795502778853356,414,EnthalpyOfMixing,<Substance CNc1ccccc1{solv}{x=0.295200}|Cc1ccccc1{solv}{x=0.704800}>,CNc1ccccc1,Cc1ccccc1,Protein-Null-0.0.3-Pair-NMR-1E4-Umbrella-1E3-4-AAQAA3-1E3-3-OPC3_opc3,2,0.8346193238332376,0.042474514027576,0.459,0.005
5035,1570,dhmix_1321810550349826496,415,EnthalpyOfMixing,<Substance CNc1ccccc1{solv}{x=0.789200}|Cc1ccccc1{solv}{x=0.210800}>,CNc1ccccc1,Cc1ccccc1,Protein-Null-0.0.3-Pair-NMR-1E4-Umbrella-1E3-4-AAQAA3-1E3-3-OPC3_opc3,2,0.428521304995666,0.0386336655404467,0.287,0.003
5036,1571,dens_2156484405108449314,416,Density,<Substance CNc1ccccc1{solv}{x=0.490000}|Cc1ccccc1{solv}{x=0.510000}>,CNc1ccccc1,Cc1ccccc1,Protein-Null-0.0.3-Pair-NMR-1E4-Umbrella-1E3-4-AAQAA3-1E3-3-OPC3_opc3,2,0.919396993857166,0.0001721268646553,0.9235800000000004,0.000164
5037,1572,dens_199829369486957606,417,Density,<Substance CC#N{solv}{x=0.200300}|c1ccccc1{solv}{x=0.799700}>,CC#N,c1ccccc1,Protein-Null-0.0.3-Pair-NMR-1E4-Umbrella-1E3-4-AAQAA3-1E3-3-OPC3_opc3,2,0.8509284004296274,0.0002701808176145,0.8623400000000002,7.000000000000002e-05
5038,1573,dhmix_217315956534335620,418,EnthalpyOfMixing,<Substance CC#N{solv}{x=0.771500}|c1ccccc1{solv}{x=0.228500}>,CC#N,c1ccccc1,Protein-Null-0.0.3-Pair-NMR-1E4-Umbrella-1E3-4-AAQAA3-1E3-3-OPC3_opc3,2,0.008339568496785,0.0251055332851812,0.3988,0.00815
5039,1574,dhmix_730497723685339496,419,EnthalpyOfMixing,<Substance CC#N{solv}{x=0.219600}|c1ccccc1{solv}{x=0.780400}>,CC#N,c1ccccc1,Protein-Null-0.0.3-Pair-NMR-1E4-Umbrella-1E3-4-AAQAA3-1E3-3-OPC3_opc3,2,-0.0237014491833704,0.0389408050411971,0.2399,0.00495
5040,1575,dhmix_1038591828122641798,420,EnthalpyOfMixing,<Substance CC#N{solv}{x=0.529500}|c1ccccc1{solv}{x=0.470500}>,CC#N,c1ccccc1,Protein-Null-0.0.3-Pair-NMR-1E4-Umbrella-1E3-4-AAQAA3-1E3-3-OPC3_opc3,2,-0.0376606499111638,0.0305796865118701,0.4415,0.00905
5041,1576,dens_1457706963514561052,421,Density,<Substance CC#N{solv}{x=0.500100}|c1ccccc1{solv}{x=0.499900}>,CC#N,c1ccccc1,Protein-Null-0.0.3-Pair-NMR-1E4-Umbrella-1E3-4-AAQAA3-1E3-3-OPC3_opc3,2,0.8311545706440376,0.0003515369312396,0.8384600000000002,7.500000000000002e-05
5042,1577,dens_2111393000623474162,422,Density,<Substance CC#N{solv}{x=0.700200}|c1ccccc1{solv}{x=0.299800}>,CC#N,c1ccccc1,Protein-Null-0.0.3-Pair-NMR-1E4-Umbrella-1E3-4-AAQAA3-1E3-3-OPC3_opc3,2,0.812835223186808,0.0002852945614114,0.8174500000000002,7.500000000000002e-05
5043,1578,dens_201591193434833206,423,Density,<Substance CC(C)CC(C)(C)C{solv}{x=0.082400}|CCO{solv}{x=0.917600}>,CC(C)CC(C)(C)C,CCO,Protein-Null-0.0.3-Pair-NMR-1E4-Umbrella-1E3-4-AAQAA3-1E3-3-OPC3_opc3,2,0.759629658752002,0.0003096448129088,0.7605800000000003,0.000125
5044,1579,dhmix_371477530823830451,424,EnthalpyOfMixing,<Substance CC(C)CC(C)(C)C{solv}{x=0.761700}|CCO{solv}{x=0.238300}>,CC(C)CC(C)(C)C,CCO,Protein-Null-0.0.3-Pair-NMR-1E4-Umbrella-1E3-4-AAQAA3-1E3-3-OPC3_opc3,2,0.7985765587334583,0.0508421935858392,0.634022,0.006851
5045,1580,dhmix_1127868571780691876,425,EnthalpyOfMixing,<Substance CC(C)CC(C)(C)C{solv}{x=0.515800}|CCO{solv}{x=0.484200}>,CC(C)CC(C)(C)C,CCO,Protein-Null-0.0.3-Pair-NMR-1E4-Umbrella-1E3-4-AAQAA3-1E3-3-OPC3_opc3,2,0.9441452905086294,0.038601962151291,0.638973,0.006903
5046,1581,dens_1250915879314267304,426,Density,<Substance CC(C)CC(C)(C)C{solv}{x=0.493740}|CCO{solv}{x=0.506260}>,CC(C)CC(C)(C)C,CCO,Protein-Null-0.0.3-Pair-NMR-1E4-Umbrella-1E3-4-AAQAA3-1E3-3-OPC3_opc3,2,0.7215218880887264,0.000243377015802,0.7110500000000001,7.500000000000002e-05
5047,1582,dens_1473791133383705310,427,Density,<Substance CC(C)CC(C)(C)C{solv}{x=0.735960}|CCO{solv}{x=0.264040}>,CC(C)CC(C)(C)C,CCO,Protein-Null-0.0.3-Pair-NMR-1E4-Umbrella-1E3-4-AAQAA3-1E3-3-OPC3_opc3,2,0.7097372093968313,0.0002125233301528,0.6967900000000001,7.500000000000002e-05
5048,1583,dhmix_1870637719976274804,428,EnthalpyOfMixing,<Substance CC(C)CC(C)(C)C{solv}{x=0.081500}|CCO{solv}{x=0.918500}>,CC(C)CC(C)(C)C,CCO,Protein-Null-0.0.3-Pair-NMR-1E4-Umbrella-1E3-4-AAQAA3-1E3-3-OPC3_opc3,2,0.340948735031195,0.0403735322713943,0.197762,0.0022405
5049,1584,dens_202472488934755108,429,Density,<Substance CCC#N{solv}{x=0.301800}|CCOC(C)(C)C{solv}{x=0.698200}>,CCC#N,CCOC(C)(C)C,Protein-Null-0.0.3-Pair-NMR-1E4-Umbrella-1E3-4-AAQAA3-1E3-3-OPC3_opc3,2,0.7566366708773694,0.0002476859978778,0.7455000000000002,0.0002
5050,1585,dens_266175665931869051,430,Density,<Substance CCC#N{solv}{x=0.701400}|CCOC(C)(C)C{solv}{x=0.298600}>,CCC#N,CCOC(C)(C)C,Protein-Null-0.0.3-Pair-NMR-1E4-Umbrella-1E3-4-AAQAA3-1E3-3-OPC3_opc3,2,0.7674550875805353,0.000254144534412,0.7617000000000003,0.00035
5051,1586,dhmix_801664072836508009,431,EnthalpyOfMixing,<Substance CCC#N{solv}{x=0.301800}|CCOC(C)(C)C{solv}{x=0.698200}>,CCC#N,CCOC(C)(C)C,Protein-Null-0.0.3-Pair-NMR-1E4-Umbrella-1E3-4-AAQAA3-1E3-3-OPC3_opc3,2,0.114742468078397,0.0398016248595821,0.4557,0.0062
5052,1587,dhmix_1220778152018571786,432,EnthalpyOfMixing,<Substance CCC#N{solv}{x=0.501400}|CCOC(C)(C)C{solv}{x=0.498600}>,CCC#N,CCOC(C)(C)C,Protein-Null-0.0.3-Pair-NMR-1E4-Umbrella-1E3-4-AAQAA3-1E3-3-OPC3_opc3,2,0.0528728666331694,0.0456037593118813,0.5053,0.00685
5053,1588,dhmix_1838699488178562925,433,EnthalpyOfMixing,<Substance CCC#N{solv}{x=0.701400}|CCOC(C)(C)C{solv}{x=0.298600}>,CCC#N,CCOC(C)(C)C,Protein-Null-0.0.3-Pair-NMR-1E4-Umbrella-1E3-4-AAQAA3-1E3-3-OPC3_opc3,2,0.1149690354192642,0.0369770881784815,0.4078,0.0056
5054,1589,dens_1870081876609026392,434,Density,<Substance CCC#N{solv}{x=0.501400}|CCOC(C)(C)C{solv}{x=0.498600}>,CCC#N,CCOC(C)(C)C,Protein-Null-0.0.3-Pair-NMR-1E4-Umbrella-1E3-4-AAQAA3-1E3-3-OPC3_opc3,2,0.762355706071967,0.0002276172815218,0.7532000000000002,0.0003
5055,1590,dens_205210513551931414,435,Density,<Substance CCCC#N{solv}{x=0.200000}|c1ccccc1{solv}{x=0.800000}>,CCCC#N,c1ccccc1,Protein-Null-0.0.3-Pair-NMR-1E4-Umbrella-1E3-4-AAQAA3-1E3-3-OPC3_opc3,2,0.8449032672428086,0.0002558087121578,0.8576940000000002,5.400000000000001e-05
5056,1591,dens_841576887891022329,436,Density,<Substance CCCC#N{solv}{x=0.500000}|c1ccccc1{solv}{x=0.500000}>,CCCC#N,c1ccccc1,Protein-Null-0.0.3-Pair-NMR-1E4-Umbrella-1E3-4-AAQAA3-1E3-3-OPC3_opc3,2,0.8218960998947952,0.0002253814763137,0.8318550000000002,5.8000000000000014e-05
5057,1592,dhmix_901910638840590393,437,EnthalpyOfMixing,<Substance CCCC#N{solv}{x=0.503700}|c1ccccc1{solv}{x=0.496300}>,CCCC#N,c1ccccc1,Protein-Null-0.0.3-Pair-NMR-1E4-Umbrella-1E3-4-AAQAA3-1E3-3-OPC3_opc3,2,-0.0989295775737773,0.0352874742215952,-0.0659,0.00145
5058,1593,dhmix_1123099162248680479,438,EnthalpyOfMixing,<Substance CCCC#N{solv}{x=0.752800}|c1ccccc1{solv}{x=0.247200}>,CCCC#N,c1ccccc1,Protein-Null-0.0.3-Pair-NMR-1E4-Umbrella-1E3-4-AAQAA3-1E3-3-OPC3_opc3,2,-0.0948640165993168,0.0388860980638649,-0.0312,0.0008
5059,1594,dhmix_1318990508180847616,439,EnthalpyOfMixing,<Substance CCCC#N{solv}{x=0.252800}|c1ccccc1{solv}{x=0.747200}>,CCCC#N,c1ccccc1,Protein-Null-0.0.3-Pair-NMR-1E4-Umbrella-1E3-4-AAQAA3-1E3-3-OPC3_opc3,2,-0.0910215824256397,0.0383579539228781,-0.0571,0.00125
5060,1595,dens_1950627772023797339,440,Density,<Substance CCCC#N{solv}{x=0.700000}|c1ccccc1{solv}{x=0.300000}>,CCCC#N,c1ccccc1,Protein-Null-0.0.3-Pair-NMR-1E4-Umbrella-1E3-4-AAQAA3-1E3-3-OPC3_opc3,2,0.8067659469888963,0.0002518333826738,0.8138540000000002,6.100000000000001e-05
5061,1596,dhmix_207411229673186667,441,EnthalpyOfMixing,<Substance CC(C)(C)Cl{solv}{x=0.774700}|CC(C)OC(C)C{solv}{x=0.225300}>,CC(C)(C)Cl,CC(C)OC(C)C,Protein-Null-0.0.3-Pair-NMR-1E4-Umbrella-1E3-4-AAQAA3-1E3-3-OPC3_opc3,2,-0.064849433833217,0.0406467283958669,0.0035,0.0004
5062,1597,dhmix_263164663491745943,442,EnthalpyOfMixing,<Substance CC(C)(C)Cl{solv}{x=0.551200}|CC(C)OC(C)C{solv}{x=0.448800}>,CC(C)(C)Cl,CC(C)OC(C)C,Protein-Null-0.0.3-Pair-NMR-1E4-Umbrella-1E3-4-AAQAA3-1E3-3-OPC3_opc3,2,-0.1365356448995172,0.046206937151812,0.0071,0.0004
5063,1598,dens_1527979990628499053,443,Density,<Substance CC(C)(C)Cl{solv}{x=0.514800}|CC(C)OC(C)C{solv}{x=0.485200}>,CC(C)(C)Cl,CC(C)OC(C)C,Protein-Null-0.0.3-Pair-NMR-1E4-Umbrella-1E3-4-AAQAA3-1E3-3-OPC3_opc3,2,0.7930020478993972,0.0002291753371626,0.7723510000000002,0.00042
5064,1599,dens_1616242241384486673,444,Density,<Substance CC(C)(C)Cl{solv}{x=0.715200}|CC(C)OC(C)C{solv}{x=0.284800}>,CC(C)(C)Cl,CC(C)OC(C)C,Protein-Null-0.0.3-Pair-NMR-1E4-Umbrella-1E3-4-AAQAA3-1E3-3-OPC3_opc3,2,0.8175358160987084,0.0002919874685207,0.7971450000000002,0.0003945
5065,1600,dens_2075469437997722238,445,Density,<Substance CC(C)(C)Cl{solv}{x=0.199100}|CC(C)OC(C)C{solv}{x=0.800900}>,CC(C)(C)Cl,CC(C)OC(C)C,Protein-Null-0.0.3-Pair-NMR-1E4-Umbrella-1E3-4-AAQAA3-1E3-3-OPC3_opc3,2,0.7586644215174654,0.000258260319088,0.7376660000000003,0.0004545
5066,1601,dhmix_2101531043492089277,446,EnthalpyOfMixing,<Substance CC(C)(C)Cl{solv}{x=0.219200}|CC(C)OC(C)C{solv}{x=0.780800}>,CC(C)(C)Cl,CC(C)OC(C)C,Protein-Null-0.0.3-Pair-NMR-1E4-Umbrella-1E3-4-AAQAA3-1E3-3-OPC3_opc3,2,-0.0470622444322543,0.0474450169845871,0.007,0.0004
5067,1602,dens_210389881425986721,447,Density,<Substance C1COCO1{solv}{x=0.785000}|CCCCCC(C)=O{solv}{x=0.215000}>,C1COCO1,CCCCCC(C)=O,Protein-Null-0.0.3-Pair-NMR-1E4-Umbrella-1E3-4-AAQAA3-1E3-3-OPC3_opc3,2,0.9830024600888888,0.0002735140739051,0.9696500000000002,0.0003
5068,1603,dhmix_503329310014436107,448,EnthalpyOfMixing,<Substance C1COCO1{solv}{x=0.750000}|CCCCCC(C)=O{solv}{x=0.250000}>,C1COCO1,CCCCCC(C)=O,Protein-Null-0.0.3-Pair-NMR-1E4-Umbrella-1E3-4-AAQAA3-1E3-3-OPC3_opc3,2,0.481743354690721,0.0394840685408647,0.37402,0.001955
5069,1604,dens_824084186033535550,449,Density,<Substance C1COCO1{solv}{x=0.507100}|CCCCCC(C)=O{solv}{x=0.492900}>,C1COCO1,CCCCCC(C)=O,Protein-Null-0.0.3-Pair-NMR-1E4-Umbrella-1E3-4-AAQAA3-1E3-3-OPC3_opc3,2,0.8925687399746902,0.0002372525945235,0.8936300000000003,0.00034
5070,1605,dens_839548343309182157,450,Density,<Substance C1COCO1{solv}{x=0.244000}|CCCCCC(C)=O{solv}{x=0.756000}>,C1COCO1,CCCCCC(C)=O,Protein-Null-0.0.3-Pair-NMR-1E4-Umbrella-1E3-4-AAQAA3-1E3-3-OPC3_opc3,2,0.8353158451641786,0.0002111809555734,0.8445200000000002,0.00038
5071,1606,dhmix_1519451899562488304,451,EnthalpyOfMixing,<Substance C1COCO1{solv}{x=0.250000}|CCCCCC(C)=O{solv}{x=0.750000}>,C1COCO1,CCCCCC(C)=O,Protein-Null-0.0.3-Pair-NMR-1E4-Umbrella-1E3-4-AAQAA3-1E3-3-OPC3_opc3,2,0.3144510242103422,0.0498643769383831,0.2754,0.00155
5072,1607,dhmix_1874814461447958752,452,EnthalpyOfMixing,<Substance C1COCO1{solv}{x=0.500000}|CCCCCC(C)=O{solv}{x=0.500000}>,C1COCO1,CCCCCC(C)=O,Protein-Null-0.0.3-Pair-NMR-1E4-Umbrella-1E3-4-AAQAA3-1E3-3-OPC3_opc3,2,0.5301776925781283,0.0434012947596195,0.43148,0.00217
5073,1608,dhmix_219236717194413479,453,EnthalpyOfMixing,<Substance CCOc1ccccc1{solv}{x=0.762500}|OCCCc1ccccc1{solv}{x=0.237500}>,CCOc1ccccc1,OCCCc1ccccc1,Protein-Null-0.0.3-Pair-NMR-1E4-Umbrella-1E3-4-AAQAA3-1E3-3-OPC3_opc3,2,0.891225224310574,0.0416809281998124,1.1164,0.01195
5074,1609,dens_391027492102555874,454,Density,<Substance CCOc1ccccc1{solv}{x=0.515000}|OCCCc1ccccc1{solv}{x=0.485000}>,CCOc1ccccc1,OCCCc1ccccc1,Protein-Null-0.0.3-Pair-NMR-1E4-Umbrella-1E3-4-AAQAA3-1E3-3-OPC3_opc3,2,0.9610843187353576,0.0002171523711948,0.9715100000000002,0.00026
5075,1610,dens_603450583692592837,455,Density,<Substance CCOc1ccccc1{solv}{x=0.707400}|OCCCc1ccccc1{solv}{x=0.292600}>,CCOc1ccccc1,OCCCc1ccccc1,Protein-Null-0.0.3-Pair-NMR-1E4-Umbrella-1E3-4-AAQAA3-1E3-3-OPC3_opc3,2,0.9534861503307568,0.0001875856260649,0.9634300000000002,0.00026
5076,1611,dhmix_1297428070131435744,456,EnthalpyOfMixing,<Substance CCOc1ccccc1{solv}{x=0.516900}|OCCCc1ccccc1{solv}{x=0.483100}>,CCOc1ccccc1,OCCCc1ccccc1,Protein-Null-0.0.3-Pair-NMR-1E4-Umbrella-1E3-4-AAQAA3-1E3-3-OPC3_opc3,2,1.1842931866917468,0.0524262634313634,0.989,0.0106
5077,1612,dens_1659818614169719187,457,Density,<Substance CCOc1ccccc1{solv}{x=0.216400}|OCCCc1ccccc1{solv}{x=0.783600}>,CCOc1ccccc1,OCCCc1ccccc1,Protein-Null-0.0.3-Pair-NMR-1E4-Umbrella-1E3-4-AAQAA3-1E3-3-OPC3_opc3,2,0.9720443141580246,0.0002230149176655,0.9832000000000004,0.00026
5078,1613,dhmix_2058966624473104004,458,EnthalpyOfMixing,<Substance CCOc1ccccc1{solv}{x=0.262900}|OCCCc1ccccc1{solv}{x=0.737100}>,CCOc1ccccc1,OCCCc1ccccc1,Protein-Null-0.0.3-Pair-NMR-1E4-Umbrella-1E3-4-AAQAA3-1E3-3-OPC3_opc3,2,0.829197936081485,0.0576038370749096,0.7,0.00755
5079,1614,dhmix_224977805525763267,459,EnthalpyOfMixing,<Substance OCCO{solv}{x=0.519300}|O{solv}{x=0.480700}>,O,OCCO,Protein-Null-0.0.3-Pair-NMR-1E4-Umbrella-1E3-4-AAQAA3-1E3-3-OPC3_opc3,2,-0.1456205810949913,0.0336842063060211,-0.64,0.0035
5080,1615,dhmix_454389511592218960,460,EnthalpyOfMixing,<Substance OCCO{solv}{x=0.790900}|O{solv}{x=0.209100}>,O,OCCO,Protein-Null-0.0.3-Pair-NMR-1E4-Umbrella-1E3-4-AAQAA3-1E3-3-OPC3_opc3,2,-0.1087492164414989,0.0435420824358135,-0.347,0.0025
5081,1616,dens_624011570206871166,461,Density,<Substance OCCO{solv}{x=0.500560}|O{solv}{x=0.499440}>,O,OCCO,Protein-Null-0.0.3-Pair-NMR-1E4-Umbrella-1E3-4-AAQAA3-1E3-3-OPC3_opc3,2,1.088265096402146,0.0003963109203967,1.0923200000000002,0.0005
5082,1617,dhmix_997365299263661959,462,EnthalpyOfMixing,<Substance OCCO{solv}{x=0.205100}|O{solv}{x=0.794900}>,O,OCCO,Protein-Null-0.0.3-Pair-NMR-1E4-Umbrella-1E3-4-AAQAA3-1E3-3-OPC3_opc3,2,-0.0066061862622603,0.0233461430683964,-0.681,0.004
5083,1618,dens_1521229282261002740,463,Density,<Substance OCCO{solv}{x=0.299010}|O{solv}{x=0.700990}>,O,OCCO,Protein-Null-0.0.3-Pair-NMR-1E4-Umbrella-1E3-4-AAQAA3-1E3-3-OPC3_opc3,2,1.0703040706033768,0.0003803364966995,1.0735400000000002,0.0005
5084,1619,dens_2015496231826454735,464,Density,<Substance OCCO{solv}{x=0.706260}|O{solv}{x=0.293740}>,O,OCCO,Protein-Null-0.0.3-Pair-NMR-1E4-Umbrella-1E3-4-AAQAA3-1E3-3-OPC3_opc3,2,1.102402842560561,0.0004062423282186,1.1022400000000003,0.0005
5085,1620,dhmix_230261418136264651,465,EnthalpyOfMixing,<Substance CCCCOC(C)=O{solv}{x=0.700700}|CCOC(C)=O{solv}{x=0.299300}>,CCCCOC(C)=O,CCOC(C)=O,Protein-Null-0.0.3-Pair-NMR-1E4-Umbrella-1E3-4-AAQAA3-1E3-3-OPC3_opc3,2,0.1293303640069076,0.044836029687034,0.0594,0.001
5086,1621,dhmix_287092636460772443,466,EnthalpyOfMixing,<Substance CCCCOC(C)=O{solv}{x=0.501800}|CCOC(C)=O{solv}{x=0.498200}>,CCCCOC(C)=O,CCOC(C)=O,Protein-Null-0.0.3-Pair-NMR-1E4-Umbrella-1E3-4-AAQAA3-1E3-3-OPC3_opc3,2,0.0797539248148879,0.0398838938070629,0.076,0.0012
5087,1622,dens_436289636626232396,467,Density,<Substance CCCCOC(C)=O{solv}{x=0.501800}|CCOC(C)=O{solv}{x=0.498200}>,CCCCOC(C)=O,CCOC(C)=O,Protein-Null-0.0.3-Pair-NMR-1E4-Umbrella-1E3-4-AAQAA3-1E3-3-OPC3_opc3,2,0.8894285658246921,0.0002213210204682,0.8829000000000002,0.0002
5088,1623,dens_1739528506032569134,468,Density,<Substance CCCCOC(C)=O{solv}{x=0.201200}|CCOC(C)=O{solv}{x=0.798800}>,CCCCOC(C)=O,CCOC(C)=O,Protein-Null-0.0.3-Pair-NMR-1E4-Umbrella-1E3-4-AAQAA3-1E3-3-OPC3_opc3,2,0.8988643346858748,0.0002548429309365,0.8889000000000001,0.0002
5089,1624,dhmix_1951544232160779982,469,EnthalpyOfMixing,<Substance CCCCOC(C)=O{solv}{x=0.201200}|CCOC(C)=O{solv}{x=0.798800}>,CCCCOC(C)=O,CCOC(C)=O,Protein-Null-0.0.3-Pair-NMR-1E4-Umbrella-1E3-4-AAQAA3-1E3-3-OPC3_opc3,2,0.0834360260528654,0.0421371130310401,0.0524,0.0009
5090,1625,dens_2199004103648094822,470,Density,<Substance CCCCOC(C)=O{solv}{x=0.700700}|CCOC(C)=O{solv}{x=0.299300}>,CCCCOC(C)=O,CCOC(C)=O,Protein-Null-0.0.3-Pair-NMR-1E4-Umbrella-1E3-4-AAQAA3-1E3-3-OPC3_opc3,2,0.8852121722763944,0.0002174634270689,0.8797000000000003,0.0002
5091,1626,dens_230610561971140401,471,Density,<Substance CN(C)CCO{solv}{x=0.507700}|O{solv}{x=0.492300}>,CN(C)CCO,O,Protein-Null-0.0.3-Pair-NMR-1E4-Umbrella-1E3-4-AAQAA3-1E3-3-OPC3_opc3,2,0.9254531361174316,0.0004577558198963,0.9237220000000002,0.000504
5092,1627,dens_531222131704065782,472,Density,<Substance CN(C)CCO{solv}{x=0.765200}|O{solv}{x=0.234800}>,CN(C)CCO,O,Protein-Null-0.0.3-Pair-NMR-1E4-Umbrella-1E3-4-AAQAA3-1E3-3-OPC3_opc3,2,0.9031796941811592,0.0002438025945599,0.8989030000000002,0.0005805
5093,1628,dhmix_569544738684419327,473,EnthalpyOfMixing,<Substance CN(C)CCO{solv}{x=0.536500}|O{solv}{x=0.463500}>,CN(C)CCO,O,Protein-Null-0.0.3-Pair-NMR-1E4-Umbrella-1E3-4-AAQAA3-1E3-3-OPC3_opc3,2,-2.8490557156704597,0.0385547082650788,-2.575,0.0525
5094,1629,dens_1319192913326669904,474,Density,<Substance CN(C)CCO{solv}{x=0.264330}|O{solv}{x=0.735670}>,CN(C)CCO,O,Protein-Null-0.0.3-Pair-NMR-1E4-Umbrella-1E3-4-AAQAA3-1E3-3-OPC3_opc3,2,0.9539086497223898,0.0003034788095341,0.9590000000000002,0.0029
5095,1630,dhmix_1669606825693628140,475,EnthalpyOfMixing,<Substance CN(C)CCO{solv}{x=0.205200}|O{solv}{x=0.794800}>,CN(C)CCO,O,Protein-Null-0.0.3-Pair-NMR-1E4-Umbrella-1E3-4-AAQAA3-1E3-3-OPC3_opc3,2,-2.1029011633683714,0.0255519370929012,-2.587,0.0525
5096,1631,dhmix_1723343163215510297,476,EnthalpyOfMixing,<Substance CN(C)CCO{solv}{x=0.799600}|O{solv}{x=0.200400}>,CN(C)CCO,O,Protein-Null-0.0.3-Pair-NMR-1E4-Umbrella-1E3-4-AAQAA3-1E3-3-OPC3_opc3,2,-1.8823479332604904,0.0499469056882124,-1.247,0.0255
5097,1632,dens_233554406241639981,477,Density,<Substance CC(C)CC(C)(C)C{solv}{x=0.200000}|CCCCOCCCC{solv}{x=0.800000}>,CC(C)CC(C)(C)C,CCCCOCCCC,Protein-Null-0.0.3-Pair-NMR-1E4-Umbrella-1E3-4-AAQAA3-1E3-3-OPC3_opc3,2,0.7444462692015317,0.0001962440481196,0.7497500000000001,0.00017
5098,1633,dhmix_465541682585001245,478,EnthalpyOfMixing,<Substance CC(C)CC(C)(C)C{solv}{x=0.200400}|CCCCOCCCC{solv}{x=0.799600}>,CC(C)CC(C)(C)C,CCCCOCCCC,Protein-Null-0.0.3-Pair-NMR-1E4-Umbrella-1E3-4-AAQAA3-1E3-3-OPC3_opc3,2,0.2259517760005849,0.0561037197964965,0.07397,0.00099
5099,1634,dhmix_1505777056782392294,479,EnthalpyOfMixing,<Substance CC(C)CC(C)(C)C{solv}{x=0.400400}|CCCCOCCCC{solv}{x=0.599600}>,CC(C)CC(C)(C)C,CCCCOCCCC,Protein-Null-0.0.3-Pair-NMR-1E4-Umbrella-1E3-4-AAQAA3-1E3-3-OPC3_opc3,2,0.3032423623588727,0.0513021116572154,0.11538,0.001385
5100,1635,dhmix_1595104467389948583,480,EnthalpyOfMixing,<Substance CC(C)CC(C)(C)C{solv}{x=0.700500}|CCCCOCCCC{solv}{x=0.299500}>,CC(C)CC(C)(C)C,CCCCOCCCC,Protein-Null-0.0.3-Pair-NMR-1E4-Umbrella-1E3-4-AAQAA3-1E3-3-OPC3_opc3,2,0.3528218660446498,0.0450957869995829,0.10948,0.00133
5101,1636,dens_1672861274914038509,481,Density,<Substance CC(C)CC(C)(C)C{solv}{x=0.399700}|CCCCOCCCC{solv}{x=0.600300}>,CC(C)CC(C)(C)C,CCCCOCCCC,Protein-Null-0.0.3-Pair-NMR-1E4-Umbrella-1E3-4-AAQAA3-1E3-3-OPC3_opc3,2,0.7343306744224638,0.0001889928152838,0.7348100000000001,0.000175
5102,1637,dens_1954694146948787176,482,Density,<Substance CC(C)CC(C)(C)C{solv}{x=0.700000}|CCCCOCCCC{solv}{x=0.300000}>,CC(C)CC(C)(C)C,CCCCOCCCC,Protein-Null-0.0.3-Pair-NMR-1E4-Umbrella-1E3-4-AAQAA3-1E3-3-OPC3_opc3,2,0.7193536129911966,0.0002051257748997,0.7117300000000002,0.000185
5103,1638,dens_234746850701826990,483,Density,<Substance CC#N{solv}{x=0.700000}|CCCCCO{solv}{x=0.300000}>,CC#N,CCCCCO,Protein-Null-0.0.3-Pair-NMR-1E4-Umbrella-1E3-4-AAQAA3-1E3-3-OPC3_opc3,2,0.7924933692376367,0.0002549955161671,0.7924200000000001,0.000165
5104,1639,dens_1261543146081029601,484,Density,<Substance CC#N{solv}{x=0.500300}|CCCCCO{solv}{x=0.499700}>,CC#N,CCCCCO,Protein-Null-0.0.3-Pair-NMR-1E4-Umbrella-1E3-4-AAQAA3-1E3-3-OPC3_opc3,2,0.7984906853384633,0.000177811807468,0.7996400000000001,0.000185
5105,1640,dens_1462197010819319813,485,Density,<Substance CC#N{solv}{x=0.203100}|CCCCCO{solv}{x=0.796900}>,CC#N,CCCCCO,Protein-Null-0.0.3-Pair-NMR-1E4-Umbrella-1E3-4-AAQAA3-1E3-3-OPC3_opc3,2,0.8041445051114735,0.0002159094770222,0.8090600000000001,0.00022
5106,1641,dhmix_1595997756227951615,486,EnthalpyOfMixing,<Substance CC#N{solv}{x=0.235500}|CCCCCO{solv}{x=0.764500}>,CC#N,CCCCCO,Protein-Null-0.0.3-Pair-NMR-1E4-Umbrella-1E3-4-AAQAA3-1E3-3-OPC3_opc3,2,1.3310641691221932,0.0378066505347639,1.451,0.006
5107,1642,dhmix_1745037615762894827,487,EnthalpyOfMixing,<Substance CC#N{solv}{x=0.516700}|CCCCCO{solv}{x=0.483300}>,CC#N,CCCCCO,Protein-Null-0.0.3-Pair-NMR-1E4-Umbrella-1E3-4-AAQAA3-1E3-3-OPC3_opc3,2,2.030181248646466,0.0336508573164163,2.017,0.008
5108,1643,dhmix_2294048253872291609,488,EnthalpyOfMixing,<Substance CC#N{solv}{x=0.771100}|CCCCCO{solv}{x=0.228900}>,CC#N,CCCCCO,Protein-Null-0.0.3-Pair-NMR-1E4-Umbrella-1E3-4-AAQAA3-1E3-3-OPC3_opc3,2,1.5859584214640954,0.0252933247511611,1.656,0.007
5109,1644,dens_237912652331354824,489,Density,<Substance C1COCCO1{solv}{x=0.512200}|CCCC(C)=O{solv}{x=0.487800}>,C1COCCO1,CCCC(C)=O,Protein-Null-0.0.3-Pair-NMR-1E4-Umbrella-1E3-4-AAQAA3-1E3-3-OPC3_opc3,2,0.89447785142431,0.0002355322175101,0.90478,0.00023
5110,1645,dhmix_951401191616771155,490,EnthalpyOfMixing,<Substance C1COCCO1{solv}{x=0.750000}|CCCC(C)=O{solv}{x=0.250000}>,C1COCCO1,CCCC(C)=O,Protein-Null-0.0.3-Pair-NMR-1E4-Umbrella-1E3-4-AAQAA3-1E3-3-OPC3_opc3,2,0.2587316087115283,0.0366627683891939,0.23761,0.00135
5111,1646,dens_1815088975543208186,491,Density,<Substance C1COCCO1{solv}{x=0.225400}|CCCC(C)=O{solv}{x=0.774600}>,C1COCCO1,CCCC(C)=O,Protein-Null-0.0.3-Pair-NMR-1E4-Umbrella-1E3-4-AAQAA3-1E3-3-OPC3_opc3,2,0.827505661013309,0.0002356931135772,0.8442800000000001,0.00022
5112,1647,dens_2079717107234551519,492,Density,<Substance C1COCCO1{solv}{x=0.782300}|CCCC(C)=O{solv}{x=0.217700}>,C1COCCO1,CCCC(C)=O,Protein-Null-0.0.3-Pair-NMR-1E4-Umbrella-1E3-4-AAQAA3-1E3-3-OPC3_opc3,2,0.9647057681642032,0.0001928662561578,0.9692000000000004,0.000245
5113,1648,dhmix_2166059870593139530,493,EnthalpyOfMixing,<Substance C1COCCO1{solv}{x=0.500000}|CCCC(C)=O{solv}{x=0.500000}>,C1COCCO1,CCCC(C)=O,Protein-Null-0.0.3-Pair-NMR-1E4-Umbrella-1E3-4-AAQAA3-1E3-3-OPC3_opc3,2,0.3167765622760043,0.0388595500836349,0.26523,0.001455
5114,1649,dhmix_2196150660196365471,494,EnthalpyOfMixing,<Substance C1COCCO1{solv}{x=0.250000}|CCCC(C)=O{solv}{x=0.750000}>,C1COCCO1,CCCC(C)=O,Protein-Null-0.0.3-Pair-NMR-1E4-Umbrella-1E3-4-AAQAA3-1E3-3-OPC3_opc3,2,0.1047064311074592,0.0421563843450685,0.1704,0.001085
5115,1650,dhmix_243334109655928306,495,EnthalpyOfMixing,<Substance C1CCOCC1{solv}{x=0.783200}|c1ccccc1{solv}{x=0.216800}>,C1CCOCC1,c1ccccc1,Protein-Null-0.0.3-Pair-NMR-1E4-Umbrella-1E3-4-AAQAA3-1E3-3-OPC3_opc3,2,0.0074907736238429,0.0356485390836728,-0.1399,0.00165
5116,1651,dens_257753427541292519,496,Density,<Substance C1CCOCC1{solv}{x=0.479400}|c1ccccc1{solv}{x=0.520600}>,C1CCOCC1,c1ccccc1,Protein-Null-0.0.3-Pair-NMR-1E4-Umbrella-1E3-4-AAQAA3-1E3-3-OPC3_opc3,2,0.8646080668428942,0.0002730496542717,0.8778700000000003,0.000505
5117,1652,dhmix_604341867718608333,497,EnthalpyOfMixing,<Substance C1CCOCC1{solv}{x=0.242500}|c1ccccc1{solv}{x=0.757500}>,C1CCOCC1,c1ccccc1,Protein-Null-0.0.3-Pair-NMR-1E4-Umbrella-1E3-4-AAQAA3-1E3-3-OPC3_opc3,2,0.0018455331028235,0.0412838944340128,-0.1608,0.00185
5118,1653,dens_791001710124267373,498,Density,<Substance C1CCOCC1{solv}{x=0.223900}|c1ccccc1{solv}{x=0.776100}>,C1CCOCC1,c1ccccc1,Protein-Null-0.0.3-Pair-NMR-1E4-Umbrella-1E3-4-AAQAA3-1E3-3-OPC3_opc3,2,0.8626857555172173,0.0003260649297329,0.8761000000000002,0.0005
5119,1654,dens_1402061243325720407,499,Density,<Substance C1CCOCC1{solv}{x=0.743200}|c1ccccc1{solv}{x=0.256800}>,C1CCOCC1,c1ccccc1,Protein-Null-0.0.3-Pair-NMR-1E4-Umbrella-1E3-4-AAQAA3-1E3-3-OPC3_opc3,2,0.8662448319934822,0.0002335569737011,0.8789500000000002,0.000505
5120,1655,dhmix_1407142629314355761,500,EnthalpyOfMixing,<Substance C1CCOCC1{solv}{x=0.498200}|c1ccccc1{solv}{x=0.501800}>,C1CCOCC1,c1ccccc1,Protein-Null-0.0.3-Pair-NMR-1E4-Umbrella-1E3-4-AAQAA3-1E3-3-OPC3_opc3,2,-0.1109112830283152,0.0408287664691276,-0.2365,0.00265
5121,1656,dhmix_266800455813556356,501,EnthalpyOfMixing,<Substance CO{solv}{x=0.727200}|OCc1ccccc1{solv}{x=0.272800}>,CO,OCc1ccccc1,Protein-Null-0.0.3-Pair-NMR-1E4-Umbrella-1E3-4-AAQAA3-1E3-3-OPC3_opc3,2,-0.0812512467585655,0.033258280623623,-0.0792,0.001
5122,1657,dhmix_949671607207910651,502,EnthalpyOfMixing,<Substance CO{solv}{x=0.500500}|OCc1ccccc1{solv}{x=0.499500}>,CO,OCc1ccccc1,Protein-Null-0.0.3-Pair-NMR-1E4-Umbrella-1E3-4-AAQAA3-1E3-3-OPC3_opc3,2,-0.0705177217464338,0.0374026992725421,-0.1408,0.00165
5123,1658,dhmix_1388744759732522219,503,EnthalpyOfMixing,<Substance CO{solv}{x=0.200200}|OCc1ccccc1{solv}{x=0.799800}>,CO,OCc1ccccc1,Protein-Null-0.0.3-Pair-NMR-1E4-Umbrella-1E3-4-AAQAA3-1E3-3-OPC3_opc3,2,-0.0806773759451218,0.0414399277524067,-0.1081,0.0013
5124,1659,dens_270046772857960816,504,Density,<Substance C1CCOCC1{solv}{x=0.732100}|Cc1ccccc1{solv}{x=0.267900}>,C1CCOCC1,Cc1ccccc1,Protein-Null-0.0.3-Pair-NMR-1E4-Umbrella-1E3-4-AAQAA3-1E3-3-OPC3_opc3,2,0.8621806962732553,0.0002478118089762,0.8754100000000001,0.000505
5125,1660,dens_324774743687652276,505,Density,<Substance C1CCOCC1{solv}{x=0.238700}|Cc1ccccc1{solv}{x=0.761300}>,C1CCOCC1,Cc1ccccc1,Protein-Null-0.0.3-Pair-NMR-1E4-Umbrella-1E3-4-AAQAA3-1E3-3-OPC3_opc3,2,0.8513061528623979,0.0002320381290516,0.8669900000000003,0.000505
5126,1661,dhmix_390107187187002597,506,EnthalpyOfMixing,<Substance C1CCOCC1{solv}{x=0.531900}|Cc1ccccc1{solv}{x=0.468100}>,C1CCOCC1,Cc1ccccc1,Protein-Null-0.0.3-Pair-NMR-1E4-Umbrella-1E3-4-AAQAA3-1E3-3-OPC3_opc3,2,-0.0504257761161284,0.0384029947320705,-0.2225,0.0025
5127,1662,dhmix_1070320975529400325,507,EnthalpyOfMixing,<Substance C1CCOCC1{solv}{x=0.280600}|Cc1ccccc1{solv}{x=0.719400}>,C1CCOCC1,Cc1ccccc1,Protein-Null-0.0.3-Pair-NMR-1E4-Umbrella-1E3-4-AAQAA3-1E3-3-OPC3_opc3,2,-0.0949024247988177,0.0435270346599099,-0.1687,0.00195
5128,1663,dens_1397318239527979287,508,Density,<Substance C1CCOCC1{solv}{x=0.491500}|Cc1ccccc1{solv}{x=0.508500}>,C1CCOCC1,Cc1ccccc1,Protein-Null-0.0.3-Pair-NMR-1E4-Umbrella-1E3-4-AAQAA3-1E3-3-OPC3_opc3,2,0.8568270207898466,0.0002194545062732,0.8715100000000002,0.000505
5129,1664,dhmix_1508130989501940613,509,EnthalpyOfMixing,<Substance C1CCOCC1{solv}{x=0.741300}|Cc1ccccc1{solv}{x=0.258700}>,C1CCOCC1,Cc1ccccc1,Protein-Null-0.0.3-Pair-NMR-1E4-Umbrella-1E3-4-AAQAA3-1E3-3-OPC3_opc3,2,-0.0584079404640931,0.0437974982665693,-0.1629,0.0019
5130,1665,dhmix_271732469428717581,510,EnthalpyOfMixing,<Substance COc1ccccc1{solv}{x=0.237400}|OCCCc1ccccc1{solv}{x=0.762600}>,COc1ccccc1,OCCCc1ccccc1,Protein-Null-0.0.3-Pair-NMR-1E4-Umbrella-1E3-4-AAQAA3-1E3-3-OPC3_opc3,2,0.5663156366049833,0.0626704227896291,0.6076,0.0066
5131,1666,dhmix_1174392275991455181,511,EnthalpyOfMixing,<Substance COc1ccccc1{solv}{x=0.554700}|OCCCc1ccccc1{solv}{x=0.445300}>,COc1ccccc1,OCCCc1ccccc1,Protein-Null-0.0.3-Pair-NMR-1E4-Umbrella-1E3-4-AAQAA3-1E3-3-OPC3_opc3,2,0.8140714978314278,0.0439081489702516,1.0293,0.01105
5132,1667,dhmix_1179341622676685107,512,EnthalpyOfMixing,<Substance COc1ccccc1{solv}{x=0.713600}|OCCCc1ccccc1{solv}{x=0.286400}>,COc1ccccc1,OCCCc1ccccc1,Protein-Null-0.0.3-Pair-NMR-1E4-Umbrella-1E3-4-AAQAA3-1E3-3-OPC3_opc3,2,0.9925191140691324,0.0511318316185259,1.1088,0.0119
5133,1668,dens_1468428612899754720,513,Density,<Substance COc1ccccc1{solv}{x=0.747700}|OCCCc1ccccc1{solv}{x=0.252300}>,COc1ccccc1,OCCCc1ccccc1,Protein-Null-0.0.3-Pair-NMR-1E4-Umbrella-1E3-4-AAQAA3-1E3-3-OPC3_opc3,2,0.9694016913440312,0.0001567029268262,0.9827800000000002,0.00026
5134,1669,dens_1534619098234859574,514,Density,<Substance COc1ccccc1{solv}{x=0.555100}|OCCCc1ccccc1{solv}{x=0.444900}>,COc1ccccc1,OCCCc1ccccc1,Protein-Null-0.0.3-Pair-NMR-1E4-Umbrella-1E3-4-AAQAA3-1E3-3-OPC3_opc3,2,0.9723000821003418,0.0001953910727206,0.9852700000000002,0.00026
5135,1670,dens_2298154173340539222,515,Density,<Substance COc1ccccc1{solv}{x=0.263600}|OCCCc1ccccc1{solv}{x=0.736400}>,COc1ccccc1,OCCCc1ccccc1,Protein-Null-0.0.3-Pair-NMR-1E4-Umbrella-1E3-4-AAQAA3-1E3-3-OPC3_opc3,2,0.9765318191409482,0.0003384557077173,0.9885500000000002,0.00026
5136,1671,dens_274848672468745759,516,Density,<Substance CCCCOC(C)=O{solv}{x=0.293400}|c1ccccc1{solv}{x=0.706600}>,CCCCOC(C)=O,c1ccccc1,Protein-Null-0.0.3-Pair-NMR-1E4-Umbrella-1E3-4-AAQAA3-1E3-3-OPC3_opc3,2,0.8673403860895117,0.0002520016293317,0.8736600000000002,0.00021
5137,1672,dens_493354132810710227,517,Density,<Substance CCCCOC(C)=O{solv}{x=0.710500}|c1ccccc1{solv}{x=0.289500}>,CCCCOC(C)=O,c1ccccc1,Protein-Null-0.0.3-Pair-NMR-1E4-Umbrella-1E3-4-AAQAA3-1E3-3-OPC3_opc3,2,0.8745894904877639,0.0002564564934697,0.8751500000000002,0.000335
5138,1673,dhmix_754807126845437364,518,EnthalpyOfMixing,<Substance CCCCOC(C)=O{solv}{x=0.495800}|c1ccccc1{solv}{x=0.504200}>,CCCCOC(C)=O,c1ccccc1,Protein-Null-0.0.3-Pair-NMR-1E4-Umbrella-1E3-4-AAQAA3-1E3-3-OPC3_opc3,2,-0.0092165431657029,0.0426976183378039,-0.0245,0.001
5139,1674,dens_834118541551127044,519,Density,<Substance CCCCOC(C)=O{solv}{x=0.504400}|c1ccccc1{solv}{x=0.495600}>,CCCCOC(C)=O,c1ccccc1,Protein-Null-0.0.3-Pair-NMR-1E4-Umbrella-1E3-4-AAQAA3-1E3-3-OPC3_opc3,2,0.8711261850482529,0.0002569716654785,0.8744300000000002,0.000265
5140,1675,dhmix_1349932525480083284,520,EnthalpyOfMixing,<Substance CCCCOC(C)=O{solv}{x=0.252300}|c1ccccc1{solv}{x=0.747700}>,CCCCOC(C)=O,c1ccccc1,Protein-Null-0.0.3-Pair-NMR-1E4-Umbrella-1E3-4-AAQAA3-1E3-3-OPC3_opc3,2,-0.0935699555381788,0.0412844461644255,-0.014,0.0009
5141,1676,dhmix_1597992980658352112,521,EnthalpyOfMixing,<Substance CCCCOC(C)=O{solv}{x=0.771400}|c1ccccc1{solv}{x=0.228600}>,CCCCOC(C)=O,c1ccccc1,Protein-Null-0.0.3-Pair-NMR-1E4-Umbrella-1E3-4-AAQAA3-1E3-3-OPC3_opc3,2,-0.094765593727943,0.047193455196351,-0.0245,0.001
5142,1677,dens_275501958869207518,522,Density,<Substance C1CCOCC1{solv}{x=0.226300}|Cc1ccccc1Cl{solv}{x=0.773700}>,C1CCOCC1,Cc1ccccc1Cl,Protein-Null-0.0.3-Pair-NMR-1E4-Umbrella-1E3-4-AAQAA3-1E3-3-OPC3_opc3,2,1.0312945671123646,0.0002565735413861,1.0396,0.0005
5143,1678,dhmix_818597523255588519,523,EnthalpyOfMixing,<Substance C1CCOCC1{solv}{x=0.753300}|Cc1ccccc1Cl{solv}{x=0.246700}>,C1CCOCC1,Cc1ccccc1Cl,Protein-Null-0.0.3-Pair-NMR-1E4-Umbrella-1E3-4-AAQAA3-1E3-3-OPC3_opc3,2,-0.1222137019793905,0.0441135283136925,-0.154,0.001
5144,1679,dhmix_849121557716978550,524,EnthalpyOfMixing,<Substance C1CCOCC1{solv}{x=0.517500}|Cc1ccccc1Cl{solv}{x=0.482500}>,C1CCOCC1,Cc1ccccc1Cl,Protein-Null-0.0.3-Pair-NMR-1E4-Umbrella-1E3-4-AAQAA3-1E3-3-OPC3_opc3,2,-0.2864384496154599,0.0390029967840994,-0.22,0.0015
5145,1680,dens_946978292781731327,525,Density,<Substance C1CCOCC1{solv}{x=0.478400}|Cc1ccccc1Cl{solv}{x=0.521600}>,C1CCOCC1,Cc1ccccc1Cl,Protein-Null-0.0.3-Pair-NMR-1E4-Umbrella-1E3-4-AAQAA3-1E3-3-OPC3_opc3,2,0.9832719355127644,0.0002278367015333,0.9931600000000002,0.00051
5146,1681,dhmix_997266220336132741,526,EnthalpyOfMixing,<Substance C1CCOCC1{solv}{x=0.263200}|Cc1ccccc1Cl{solv}{x=0.736800}>,C1CCOCC1,Cc1ccccc1Cl,Protein-Null-0.0.3-Pair-NMR-1E4-Umbrella-1E3-4-AAQAA3-1E3-3-OPC3_opc3,2,-0.2741918928010989,0.0431126066415188,-0.175,0.001
5147,1682,dens_1191185394819541532,527,Density,<Substance C1CCOCC1{solv}{x=0.765800}|Cc1ccccc1Cl{solv}{x=0.234200}>,C1CCOCC1,Cc1ccccc1Cl,Protein-Null-0.0.3-Pair-NMR-1E4-Umbrella-1E3-4-AAQAA3-1E3-3-OPC3_opc3,2,0.9231923784650704,0.0002694702500814,0.9336500000000002,0.000505
5148,1683,dhmix_278334692660393021,528,EnthalpyOfMixing,<Substance CCCCCCC{solv}{x=0.205900}|CNc1ccccc1{solv}{x=0.794100}>,CCCCCCC,CNc1ccccc1,Protein-Null-0.0.3-Pair-NMR-1E4-Umbrella-1E3-4-AAQAA3-1E3-3-OPC3_opc3,2,1.6031046720174589,0.0613181326243622,1.126,0.012
5149,1684,dens_480658478095207102,529,Density,<Substance CCCCCCC{solv}{x=0.740500}|CNc1ccccc1{solv}{x=0.259500}>,CCCCCCC,CNc1ccccc1,Protein-Null-0.0.3-Pair-NMR-1E4-Umbrella-1E3-4-AAQAA3-1E3-3-OPC3_opc3,2,0.730388137395841,0.0002159497485414,0.7424910000000001,0.00014
5150,1685,dhmix_898293423987680187,530,EnthalpyOfMixing,<Substance CCCCCCC{solv}{x=0.501700}|CNc1ccccc1{solv}{x=0.498300}>,CCCCCCC,CNc1ccccc1,Protein-Null-0.0.3-Pair-NMR-1E4-Umbrella-1E3-4-AAQAA3-1E3-3-OPC3_opc3,2,2.052194117221262,0.04687027915941,1.676,0.018
5151,1686,dens_1509968737377061562,531,Density,<Substance CCCCCCC{solv}{x=0.250900}|CNc1ccccc1{solv}{x=0.749100}>,CCCCCCC,CNc1ccccc1,Protein-Null-0.0.3-Pair-NMR-1E4-Umbrella-1E3-4-AAQAA3-1E3-3-OPC3_opc3,2,0.8888537017300562,0.0002018270776284,0.8897150000000003,0.0002615
5152,1687,dhmix_1680546488782143957,532,EnthalpyOfMixing,<Substance CCCCCCC{solv}{x=0.703200}|CNc1ccccc1{solv}{x=0.296800}>,CCCCCCC,CNc1ccccc1,Protein-Null-0.0.3-Pair-NMR-1E4-Umbrella-1E3-4-AAQAA3-1E3-3-OPC3_opc3,2,1.7985373371044917,0.0532342725978742,1.539,0.0165
5153,1688,dens_2074014246120135820,533,Density,<Substance CCCCCCC{solv}{x=0.497000}|CNc1ccccc1{solv}{x=0.503000}>,CCCCCCC,CNc1ccccc1,Protein-Null-0.0.3-Pair-NMR-1E4-Umbrella-1E3-4-AAQAA3-1E3-3-OPC3_opc3,2,0.8023783264608997,0.0001596751439468,0.8106920000000002,0.0001785
5154,1689,dens_296890921001565391,534,Density,<Substance CCCCN{solv}{x=0.755200}|CN(C)C=O{solv}{x=0.244800}>,CCCCN,CN(C)C=O,Protein-Null-0.0.3-Pair-NMR-1E4-Umbrella-1E3-4-AAQAA3-1E3-3-OPC3_opc3,2,0.7898517905658071,0.000243241635108,0.7762150000000002,0.000949
5155,1690,dens_380536870617309130,535,Density,<Substance CCCCN{solv}{x=0.242800}|CN(C)C=O{solv}{x=0.757200}>,CCCCN,CN(C)C=O,Protein-Null-0.0.3-Pair-NMR-1E4-Umbrella-1E3-4-AAQAA3-1E3-3-OPC3_opc3,2,0.8731218032186974,0.0002424504894003,0.8845160000000002,0.0010795
5156,1691,dhmix_493117160214491795,536,EnthalpyOfMixing,<Substance CCCCN{solv}{x=0.244100}|CN(C)C=O{solv}{x=0.755900}>,CCCCN,CN(C)C=O,Protein-Null-0.0.3-Pair-NMR-1E4-Umbrella-1E3-4-AAQAA3-1E3-3-OPC3_opc3,2,0.178020593893784,0.0418639687112979,0.245,0.008
5157,1692,dhmix_789225002934078019,537,EnthalpyOfMixing,<Substance CCCCN{solv}{x=0.750200}|CN(C)C=O{solv}{x=0.249800}>,CCCCN,CN(C)C=O,Protein-Null-0.0.3-Pair-NMR-1E4-Umbrella-1E3-4-AAQAA3-1E3-3-OPC3_opc3,2,0.2993982552109884,0.0449479673737894,0.32,0.01
5158,1693,dhmix_941321571782058819,538,EnthalpyOfMixing,<Substance CCCCN{solv}{x=0.499200}|CN(C)C=O{solv}{x=0.500800}>,CCCCN,CN(C)C=O,Protein-Null-0.0.3-Pair-NMR-1E4-Umbrella-1E3-4-AAQAA3-1E3-3-OPC3_opc3,2,0.2666414159543251,0.0389197510288921,0.384,0.0115
5159,1694,dens_2179361372918836941,539,Density,<Substance CCCCN{solv}{x=0.497200}|CN(C)C=O{solv}{x=0.502800}>,CCCCN,CN(C)C=O,Protein-Null-0.0.3-Pair-NMR-1E4-Umbrella-1E3-4-AAQAA3-1E3-3-OPC3_opc3,2,0.8303979229515044,0.0002432774473013,0.8277360000000001,0.001011
5160,1695,dens_300257448272323407,540,Density,<Substance CC(C)O{solv}{x=0.745200}|NCCN{solv}{x=0.254800}>,CC(C)O,NCCN,Protein-Null-0.0.3-Pair-NMR-1E4-Umbrella-1E3-4-AAQAA3-1E3-3-OPC3_opc3,2,0.8432703329926517,0.0002344485619914,0.8163970000000003,0.0002325
5161,1696,dens_924750366683277351,541,Density,<Substance CC(C)O{solv}{x=0.203100}|NCCN{solv}{x=0.796900}>,CC(C)O,NCCN,Protein-Null-0.0.3-Pair-NMR-1E4-Umbrella-1E3-4-AAQAA3-1E3-3-OPC3_opc3,2,0.9670397348124048,0.0003297054724044,0.8736620000000003,0.0002225
5162,1697,dens_2284409308160572308,542,Density,<Substance CC(C)O{solv}{x=0.489100}|NCCN{solv}{x=0.510900}>,CC(C)O,NCCN,Protein-Null-0.0.3-Pair-NMR-1E4-Umbrella-1E3-4-AAQAA3-1E3-3-OPC3_opc3,2,0.8976938238978694,0.0002340290664018,0.8449250000000001,0.0002245
5163,1698,dens_305501840068636812,543,Density,<Substance CC(C)=O{solv}{x=0.750000}|CCO{solv}{x=0.250000}>,CC(C)=O,CCO,Protein-Null-0.0.3-Pair-NMR-1E4-Umbrella-1E3-4-AAQAA3-1E3-3-OPC3_opc3,2,0.7703953173601338,0.0003144837678824,0.7859000000000002,0.000115
5164,1699,dens_472577738907297293,544,Density,<Substance CC(C)=O{solv}{x=0.250000}|CCO{solv}{x=0.750000}>,CC(C)=O,CCO,Protein-Null-0.0.3-Pair-NMR-1E4-Umbrella-1E3-4-AAQAA3-1E3-3-OPC3_opc3,2,0.7776558687720044,0.0003102184257713,0.7861600000000002,0.000115
5165,1700,dens_2271083741716457850,545,Density,<Substance CC(C)=O{solv}{x=0.499900}|CCO{solv}{x=0.500100}>,CC(C)=O,CCO,Protein-Null-0.0.3-Pair-NMR-1E4-Umbrella-1E3-4-AAQAA3-1E3-3-OPC3_opc3,2,0.7732854714167505,0.0003297929492453,0.7861900000000003,0.000115
5166,1701,dens_307445163336341047,546,Density,<Substance CN1CCCC1=O{solv}{x=0.703700}|ClCCCl{solv}{x=0.296300}>,CN1CCCC1=O,ClCCCl,Protein-Null-0.0.3-Pair-NMR-1E4-Umbrella-1E3-4-AAQAA3-1E3-3-OPC3_opc3,2,1.0597756015360662,0.0002564622388195,1.0851000000000002,0.0002
5167,1702,dhmix_453866769634566853,547,EnthalpyOfMixing,<Substance CN1CCCC1=O{solv}{x=0.253100}|ClCCCl{solv}{x=0.746900}>,CN1CCCC1=O,ClCCCl,Protein-Null-0.0.3-Pair-NMR-1E4-Umbrella-1E3-4-AAQAA3-1E3-3-OPC3_opc3,2,-0.0736498204211706,0.0360203142512431,-0.8118,0.01525
5168,1703,dhmix_536206650470008584,548,EnthalpyOfMixing,<Substance CN1CCCC1=O{solv}{x=0.500000}|ClCCCl{solv}{x=0.500000}>,CN1CCCC1=O,ClCCCl,Protein-Null-0.0.3-Pair-NMR-1E4-Umbrella-1E3-4-AAQAA3-1E3-3-OPC3_opc3,2,-0.1290894726283227,0.0354309448580548,-1.264,0.0055
5169,1704,dens_1046625605566999080,549,Density,<Substance CN1CCCC1=O{solv}{x=0.202500}|ClCCCl{solv}{x=0.797500}>,CN1CCCC1=O,ClCCCl,Protein-Null-0.0.3-Pair-NMR-1E4-Umbrella-1E3-4-AAQAA3-1E3-3-OPC3_opc3,2,1.1639418017900731,0.0004058164497799,1.1953000000000005,0.00025
5170,1705,dhmix_1620571823529677157,550,EnthalpyOfMixing,<Substance CN1CCCC1=O{solv}{x=0.736700}|ClCCCl{solv}{x=0.263300}>,CN1CCCC1=O,ClCCCl,Protein-Null-0.0.3-Pair-NMR-1E4-Umbrella-1E3-4-AAQAA3-1E3-3-OPC3_opc3,2,-0.0743846388747151,0.0442176272200762,-0.8587,0.01605
5171,1706,dens_2059567022041766694,551,Density,<Substance CN1CCCC1=O{solv}{x=0.497500}|ClCCCl{solv}{x=0.502500}>,CN1CCCC1=O,ClCCCl,Protein-Null-0.0.3-Pair-NMR-1E4-Umbrella-1E3-4-AAQAA3-1E3-3-OPC3_opc3,2,1.1034541679395833,0.000316860440719,1.1283000000000003,0.0002
5172,1707,dens_313234519309892479,552,Density,<Substance CC(=O)N(C)C{solv}{x=0.293800}|CCCCCCCCCl{solv}{x=0.706200}>,CC(=O)N(C)C,CCCCCCCCCl,Protein-Null-0.0.3-Pair-NMR-1E4-Umbrella-1E3-4-AAQAA3-1E3-3-OPC3_opc3,2,0.8643696387734338,0.0001407234721474,0.8796000000000003,0.00045
5173,1708,dhmix_444785917463403590,553,EnthalpyOfMixing,<Substance CC(=O)N(C)C{solv}{x=0.703000}|CCCCCCCCCl{solv}{x=0.297000}>,CC(=O)N(C)C,CCCCCCCCCl,Protein-Null-0.0.3-Pair-NMR-1E4-Umbrella-1E3-4-AAQAA3-1E3-3-OPC3_opc3,2,0.9752974224313284,0.0434728107145867,0.751,0.004
5174,1709,dhmix_705168937124106402,554,EnthalpyOfMixing,<Substance CC(=O)N(C)C{solv}{x=0.215000}|CCCCCCCCCl{solv}{x=0.785000}>,CC(=O)N(C)C,CCCCCCCCCl,Protein-Null-0.0.3-Pair-NMR-1E4-Umbrella-1E3-4-AAQAA3-1E3-3-OPC3_opc3,2,0.7473387331937573,0.048839506486338,0.519,0.0035
5175,1710,dens_1549584991651515376,555,Density,<Substance CC(=O)N(C)C{solv}{x=0.502200}|CCCCCCCCCl{solv}{x=0.497800}>,CC(=O)N(C)C,CCCCCCCCCl,Protein-Null-0.0.3-Pair-NMR-1E4-Umbrella-1E3-4-AAQAA3-1E3-3-OPC3_opc3,2,0.8705734972127303,0.0002008152137899,0.8902000000000002,0.0004
5176,1711,dhmix_1732161251827083272,556,EnthalpyOfMixing,<Substance CC(=O)N(C)C{solv}{x=0.508000}|CCCCCCCCCl{solv}{x=0.492000}>,CC(=O)N(C)C,CCCCCCCCCl,Protein-Null-0.0.3-Pair-NMR-1E4-Umbrella-1E3-4-AAQAA3-1E3-3-OPC3_opc3,2,1.0734358550141323,0.041402352275282,0.829,0.004
5177,1712,dens_2189889607118243828,557,Density,<Substance CC(=O)N(C)C{solv}{x=0.700500}|CCCCCCCCCl{solv}{x=0.299500}>,CC(=O)N(C)C,CCCCCCCCCl,Protein-Null-0.0.3-Pair-NMR-1E4-Umbrella-1E3-4-AAQAA3-1E3-3-OPC3_opc3,2,0.879329414609042,0.0002006152901567,0.9041000000000002,0.00035
5178,1713,dens_314482396827660717,558,Density,<Substance BrCCBr{solv}{x=0.753700}|COC(C)=O{solv}{x=0.246300}>,BrCCBr,COC(C)=O,Protein-Null-0.0.3-Pair-NMR-1E4-Umbrella-1E3-4-AAQAA3-1E3-3-OPC3_opc3,2,1.832475319334605,0.0005863192718181,1.8774400000000004,0.003355
5179,1714,dens_344993892965738820,559,Density,<Substance BrCCBr{solv}{x=0.275200}|COC(C)=O{solv}{x=0.724800}>,BrCCBr,COC(C)=O,Protein-Null-0.0.3-Pair-NMR-1E4-Umbrella-1E3-4-AAQAA3-1E3-3-OPC3_opc3,2,1.2776510572274955,0.0004037285187538,1.2862400000000005,0.001125
5180,1715,dhmix_545996968666061076,560,EnthalpyOfMixing,<Substance BrCCBr{solv}{x=0.720900}|COC(C)=O{solv}{x=0.279100}>,BrCCBr,COC(C)=O,Protein-Null-0.0.3-Pair-NMR-1E4-Umbrella-1E3-4-AAQAA3-1E3-3-OPC3_opc3,2,-0.0440110834052207,0.0306328536398219,0.2594,0.0028
5181,1716,dens_714044009336077786,561,Density,<Substance BrCCBr{solv}{x=0.512100}|COC(C)=O{solv}{x=0.487900}>,BrCCBr,COC(C)=O,Protein-Null-0.0.3-Pair-NMR-1E4-Umbrella-1E3-4-AAQAA3-1E3-3-OPC3_opc3,2,1.559704570927785,0.0004601418052825,1.5834900000000005,0.0021
5182,1717,dhmix_1222511035002547253,562,EnthalpyOfMixing,<Substance BrCCBr{solv}{x=0.485500}|COC(C)=O{solv}{x=0.514500}>,BrCCBr,COC(C)=O,Protein-Null-0.0.3-Pair-NMR-1E4-Umbrella-1E3-4-AAQAA3-1E3-3-OPC3_opc3,2,-0.132510475040636,0.0355411759362068,0.2577,0.00275
5183,1718,dhmix_1418101673429653456,563,EnthalpyOfMixing,<Substance BrCCBr{solv}{x=0.250800}|COC(C)=O{solv}{x=0.749200}>,BrCCBr,COC(C)=O,Protein-Null-0.0.3-Pair-NMR-1E4-Umbrella-1E3-4-AAQAA3-1E3-3-OPC3_opc3,2,-0.0199168551004618,0.0336551721523161,0.1202,0.0017
5184,1719,dens_314934747194338330,564,Density,<Substance CC(C)CCl{solv}{x=0.513700}|CC(C)OC(C)C{solv}{x=0.486300}>,CC(C)CCl,CC(C)OC(C)C,Protein-Null-0.0.3-Pair-NMR-1E4-Umbrella-1E3-4-AAQAA3-1E3-3-OPC3_opc3,2,0.7943818068097922,0.0002781164504319,0.7878250000000002,0.000405
5185,1720,dhmix_355399496844187096,565,EnthalpyOfMixing,<Substance CC(C)CCl{solv}{x=0.545300}|CC(C)OC(C)C{solv}{x=0.454700}>,CC(C)CCl,CC(C)OC(C)C,Protein-Null-0.0.3-Pair-NMR-1E4-Umbrella-1E3-4-AAQAA3-1E3-3-OPC3_opc3,2,-0.2341386100675464,0.0411850770505934,-0.0957,0.0012
5186,1721,dens_688062365117407068,566,Density,<Substance CC(C)CCl{solv}{x=0.805900}|CC(C)OC(C)C{solv}{x=0.194100}>,CC(C)CCl,CC(C)OC(C)C,Protein-Null-0.0.3-Pair-NMR-1E4-Umbrella-1E3-4-AAQAA3-1E3-3-OPC3_opc3,2,0.831566256415107,0.0002351072653959,0.8355300000000002,0.0003555
5187,1722,dhmix_1411881046585885461,567,EnthalpyOfMixing,<Substance CC(C)CCl{solv}{x=0.090700}|CC(C)OC(C)C{solv}{x=0.909300}>,CC(C)CCl,CC(C)OC(C)C,Protein-Null-0.0.3-Pair-NMR-1E4-Umbrella-1E3-4-AAQAA3-1E3-3-OPC3_opc3,2,-0.048249261547312,0.0451885212754817,-0.0302,0.00055
5188,1723,dens_1762455266351712367,568,Density,<Substance CC(C)CCl{solv}{x=0.091000}|CC(C)OC(C)C{solv}{x=0.909000}>,CC(C)CCl,CC(C)OC(C)C,Protein-Null-0.0.3-Pair-NMR-1E4-Umbrella-1E3-4-AAQAA3-1E3-3-OPC3_opc3,2,0.748421398121533,0.0002191692730482,0.7293950000000001,0.000464
5189,1724,dhmix_2302865667781063708,569,EnthalpyOfMixing,<Substance CC(C)CCl{solv}{x=0.727000}|CC(C)OC(C)C{solv}{x=0.273000}>,CC(C)CCl,CC(C)OC(C)C,Protein-Null-0.0.3-Pair-NMR-1E4-Umbrella-1E3-4-AAQAA3-1E3-3-OPC3_opc3,2,-0.1644760437106285,0.0405573621272291,-0.0791,0.001
5190,1725,dens_321327254341950207,570,Density,<Substance C1COCCO1{solv}{x=0.780300}|CCCCCC(C)=O{solv}{x=0.219700}>,C1COCCO1,CCCCCC(C)=O,Protein-Null-0.0.3-Pair-NMR-1E4-Umbrella-1E3-4-AAQAA3-1E3-3-OPC3_opc3,2,0.9538103111692944,0.0002107775548825,0.9576500000000002,0.0003
5191,1726,dens_377701756930918353,571,Density,<Substance C1COCCO1{solv}{x=0.500600}|CCCCCC(C)=O{solv}{x=0.499400}>,C1COCCO1,CCCCCC(C)=O,Protein-Null-0.0.3-Pair-NMR-1E4-Umbrella-1E3-4-AAQAA3-1E3-3-OPC3_opc3,2,0.8828948635999162,0.0002032295567631,0.8916700000000002,0.000345
5192,1727,dhmix_600625644134907580,572,EnthalpyOfMixing,<Substance C1COCCO1{solv}{x=0.500000}|CCCCCC(C)=O{solv}{x=0.500000}>,C1COCCO1,CCCCCC(C)=O,Protein-Null-0.0.3-Pair-NMR-1E4-Umbrella-1E3-4-AAQAA3-1E3-3-OPC3_opc3,2,0.4825299487686578,0.0410045172522663,0.4509,0.002255
5193,1728,dens_1451069448215305244,573,Density,<Substance C1COCCO1{solv}{x=0.220300}|CCCCCC(C)=O{solv}{x=0.779700}>,C1COCCO1,CCCCCC(C)=O,Protein-Null-0.0.3-Pair-NMR-1E4-Umbrella-1E3-4-AAQAA3-1E3-3-OPC3_opc3,2,0.8293399729336638,0.0002068623629643,0.8420800000000003,0.000385
5194,1729,dhmix_2028813035406256788,574,EnthalpyOfMixing,<Substance C1COCCO1{solv}{x=0.750000}|CCCCCC(C)=O{solv}{x=0.250000}>,C1COCCO1,CCCCCC(C)=O,Protein-Null-0.0.3-Pair-NMR-1E4-Umbrella-1E3-4-AAQAA3-1E3-3-OPC3_opc3,2,0.4827768970023669,0.0407321875786534,0.4064,0.00209
5195,1730,dhmix_2222211577832383320,575,EnthalpyOfMixing,<Substance C1COCCO1{solv}{x=0.250000}|CCCCCC(C)=O{solv}{x=0.750000}>,C1COCCO1,CCCCCC(C)=O,Protein-Null-0.0.3-Pair-NMR-1E4-Umbrella-1E3-4-AAQAA3-1E3-3-OPC3_opc3,2,0.3268992674975806,0.0485831882127589,0.2911,0.00164
5196,1731,dhmix_325212618372456630,576,EnthalpyOfMixing,<Substance CCCCCCC{solv}{x=0.500000}|c1ccccc1{solv}{x=0.500000}>,CCCCCCC,c1ccccc1,Protein-Null-0.0.3-Pair-NMR-1E4-Umbrella-1E3-4-AAQAA3-1E3-3-OPC3_opc3,2,1.1165797988258106,0.0457879496009273,0.9235,0.0051
5197,1732,dhmix_409350268177199962,577,EnthalpyOfMixing,<Substance CCCCCCC{solv}{x=0.751900}|c1ccccc1{solv}{x=0.248100}>,CCCCCCC,c1ccccc1,Protein-Null-0.0.3-Pair-NMR-1E4-Umbrella-1E3-4-AAQAA3-1E3-3-OPC3_opc3,2,0.7656817833648546,0.03551077212468,0.6047,0.0035
5198,1733,dens_1685942387769177799,578,Density,<Substance CCCCCCC{solv}{x=0.913667}|c1ccccc1{solv}{x=0.086333}>,CCCCCCC,c1ccccc1,Protein-Null-0.0.3-Pair-NMR-1E4-Umbrella-1E3-4-AAQAA3-1E3-3-OPC3_opc3,2,0.6750838928666981,0.0002225517194443,0.6892400000000002,0.000805
5199,1734,dens_2148382258223830900,579,Density,<Substance CCCCCCC{solv}{x=0.273700}|c1ccccc1{solv}{x=0.726300}>,CCCCCCC,c1ccccc1,Protein-Null-0.0.3-Pair-NMR-1E4-Umbrella-1E3-4-AAQAA3-1E3-3-OPC3_opc3,2,0.7687892608659194,0.0002822748655862,0.7855000000000002,0.00015
5200,1735,dens_2219829254239605828,580,Density,<Substance CCCCCCC{solv}{x=0.492200}|c1ccccc1{solv}{x=0.507800}>,CCCCCCC,c1ccccc1,Protein-Null-0.0.3-Pair-NMR-1E4-Umbrella-1E3-4-AAQAA3-1E3-3-OPC3_opc3,2,0.7247028266651098,0.0002391373692454,0.7409000000000001,0.00015
5201,1736,dhmix_2296565820723783732,581,EnthalpyOfMixing,<Substance CCCCCCC{solv}{x=0.242400}|c1ccccc1{solv}{x=0.757600}>,CCCCCCC,c1ccccc1,Protein-Null-0.0.3-Pair-NMR-1E4-Umbrella-1E3-4-AAQAA3-1E3-3-OPC3_opc3,2,1.1240107548077418,0.0414930189963045,0.7775,0.0044
5202,1737,dens_326446104630354701,582,Density,<Substance BrCCBr{solv}{x=0.728600}|CCC(=O)OC{solv}{x=0.271400}>,BrCCBr,CCC(=O)OC,Protein-Null-0.0.3-Pair-NMR-1E4-Umbrella-1E3-4-AAQAA3-1E3-3-OPC3_opc3,2,1.7520803296733007,0.0006070020643004,1.7949900000000003,0.00303
5203,1738,dens_886315086380393150,583,Density,<Substance BrCCBr{solv}{x=0.494400}|CCC(=O)OC{solv}{x=0.505600}>,BrCCBr,CCC(=O)OC,Protein-Null-0.0.3-Pair-NMR-1E4-Umbrella-1E3-4-AAQAA3-1E3-3-OPC3_opc3,2,1.467473702554822,0.0004749657122162,1.4941800000000005,0.001825
5204,1739,dhmix_1410129135672303476,584,EnthalpyOfMixing,<Substance BrCCBr{solv}{x=0.491400}|CCC(=O)OC{solv}{x=0.508600}>,BrCCBr,CCC(=O)OC,Protein-Null-0.0.3-Pair-NMR-1E4-Umbrella-1E3-4-AAQAA3-1E3-3-OPC3_opc3,2,-0.2306539504271079,0.0355485659472181,0.0195,0.00185
5205,1740,dhmix_1551714230583118668,585,EnthalpyOfMixing,<Substance BrCCBr{solv}{x=0.755400}|CCC(=O)OC{solv}{x=0.244600}>,BrCCBr,CCC(=O)OC,Protein-Null-0.0.3-Pair-NMR-1E4-Umbrella-1E3-4-AAQAA3-1E3-3-OPC3_opc3,2,-0.2824169327491201,0.0349224498152793,0.09,0.00295
5206,1741,dhmix_1596310059176209101,586,EnthalpyOfMixing,<Substance BrCCBr{solv}{x=0.214800}|CCC(=O)OC{solv}{x=0.785200}>,BrCCBr,CCC(=O)OC,Protein-Null-0.0.3-Pair-NMR-1E4-Umbrella-1E3-4-AAQAA3-1E3-3-OPC3_opc3,2,-0.2464227012497897,0.0357662136418425,-0.0281,0.002
5207,1742,dens_1860027304017736150,587,Density,<Substance BrCCBr{solv}{x=0.257000}|CCC(=O)OC{solv}{x=0.743000}>,BrCCBr,CCC(=O)OC,Protein-Null-0.0.3-Pair-NMR-1E4-Umbrella-1E3-4-AAQAA3-1E3-3-OPC3_opc3,2,1.1918007880594623,0.0003613628508358,1.2059400000000002,0.000915
5208,1743,dhmix_334328961632702336,588,EnthalpyOfMixing,<Substance Cc1ccccc1N{solv}{x=0.492600}|Cc1cccnc1{solv}{x=0.507400}>,Cc1ccccc1N,Cc1cccnc1,Protein-Null-0.0.3-Pair-NMR-1E4-Umbrella-1E3-4-AAQAA3-1E3-3-OPC3_opc3,2,-1.5702099308678923,0.0466818753531439,-1.4091,0.0287
5209,1744,dhmix_382843935535082222,589,EnthalpyOfMixing,<Substance Cc1ccccc1N{solv}{x=0.232300}|Cc1cccnc1{solv}{x=0.767700}>,Cc1ccccc1N,Cc1cccnc1,Protein-Null-0.0.3-Pair-NMR-1E4-Umbrella-1E3-4-AAQAA3-1E3-3-OPC3_opc3,2,-1.3196597627193665,0.0411838851971572,-1.1196,0.02285
5210,1745,dens_890019852111400701,590,Density,<Substance Cc1ccccc1N{solv}{x=0.533600}|Cc1cccnc1{solv}{x=0.466400}>,Cc1ccccc1N,Cc1cccnc1,Protein-Null-0.0.3-Pair-NMR-1E4-Umbrella-1E3-4-AAQAA3-1E3-3-OPC3_opc3,2,0.986643159878793,0.0002329064366933,0.9795770000000004,0.0001185
5211,1746,dens_1033313642915027277,591,Density,<Substance Cc1ccccc1N{solv}{x=0.737200}|Cc1cccnc1{solv}{x=0.262800}>,Cc1ccccc1N,Cc1cccnc1,Protein-Null-0.0.3-Pair-NMR-1E4-Umbrella-1E3-4-AAQAA3-1E3-3-OPC3_opc3,2,1.0006881450784542,0.0001932376485953,0.9867010000000004,0.000118
5212,1747,dhmix_1057104304179164775,592,EnthalpyOfMixing,<Substance Cc1ccccc1N{solv}{x=0.778900}|Cc1cccnc1{solv}{x=0.221100}>,Cc1ccccc1N,Cc1cccnc1,Protein-Null-0.0.3-Pair-NMR-1E4-Umbrella-1E3-4-AAQAA3-1E3-3-OPC3_opc3,2,-0.9567845453738713,0.0430291130291136,-0.8735,0.01785
5213,1748,dens_1445313714023685702,593,Density,<Substance Cc1ccccc1N{solv}{x=0.246700}|Cc1cccnc1{solv}{x=0.753300}>,Cc1ccccc1N,Cc1cccnc1,Protein-Null-0.0.3-Pair-NMR-1E4-Umbrella-1E3-4-AAQAA3-1E3-3-OPC3_opc3,2,0.9638225239165904,0.0002075981728663,0.9668750000000004,0.00012
5214,1749,dens_335631113096608920,594,Density,<Substance CCC(C)=O{solv}{x=0.501800}|CCCCNCCCC{solv}{x=0.498200}>,CCC(C)=O,CCCCNCCCC,Protein-Null-0.0.3-Pair-NMR-1E4-Umbrella-1E3-4-AAQAA3-1E3-3-OPC3_opc3,2,0.7600276488867816,0.0002231361666443,0.7693960000000002,9.950000000000003e-05
5215,1750,dhmix_551451232292287572,595,EnthalpyOfMixing,<Substance CCC(C)=O{solv}{x=0.215400}|CCCCNCCCC{solv}{x=0.784600}>,CCC(C)=O,CCCCNCCCC,Protein-Null-0.0.3-Pair-NMR-1E4-Umbrella-1E3-4-AAQAA3-1E3-3-OPC3_opc3,2,0.2119605321908864,0.0587035183037028,0.417,0.0045
5216,1751,dens_800787154192710377,596,Density,<Substance CCC(C)=O{solv}{x=0.260300}|CCCCNCCCC{solv}{x=0.739700}>,CCC(C)=O,CCCCNCCCC,Protein-Null-0.0.3-Pair-NMR-1E4-Umbrella-1E3-4-AAQAA3-1E3-3-OPC3_opc3,2,0.7563298066166048,0.0001868248206531,0.7614750000000002,0.0001005
5217,1752,dhmix_1210431916849512476,597,EnthalpyOfMixing,<Substance CCC(C)=O{solv}{x=0.504400}|CCCCNCCCC{solv}{x=0.495600}>,CCC(C)=O,CCCCNCCCC,Protein-Null-0.0.3-Pair-NMR-1E4-Umbrella-1E3-4-AAQAA3-1E3-3-OPC3_opc3,2,0.2208348777104518,0.0368080968128044,0.619,0.0065
5218,1753,dhmix_1503682496766473076,598,EnthalpyOfMixing,<Substance CCC(C)=O{solv}{x=0.792200}|CCCCNCCCC{solv}{x=0.207800}>,CCC(C)=O,CCCCNCCCC,Protein-Null-0.0.3-Pair-NMR-1E4-Umbrella-1E3-4-AAQAA3-1E3-3-OPC3_opc3,2,0.1901688635771634,0.0422615892348637,0.425,0.0045
5219,1754,dens_2232561341275312196,599,Density,<Substance CCC(C)=O{solv}{x=0.747300}|CCCCNCCCC{solv}{x=0.252700}>,CCC(C)=O,CCCCNCCCC,Protein-Null-0.0.3-Pair-NMR-1E4-Umbrella-1E3-4-AAQAA3-1E3-3-OPC3_opc3,2,0.7659887299829338,0.0002321573601606,0.7810500000000001,9.750000000000004e-05
5220,1755,dhmix_335934546122425398,600,EnthalpyOfMixing,<Substance C1CCOCC1{solv}{x=0.550000}|O=C1CCCC1{solv}{x=0.450000}>,C1CCOCC1,O=C1CCCC1,Protein-Null-0.0.3-Pair-NMR-1E4-Umbrella-1E3-4-AAQAA3-1E3-3-OPC3_opc3,2,0.0958838946042064,0.0413270128196809,0.15813,0.001
5221,1756,dhmix_337659115721770978,601,EnthalpyOfMixing,<Substance C1CCOCC1{solv}{x=0.250000}|O=C1CCCC1{solv}{x=0.750000}>,C1CCOCC1,O=C1CCCC1,Protein-Null-0.0.3-Pair-NMR-1E4-Umbrella-1E3-4-AAQAA3-1E3-3-OPC3_opc3,2,0.0783335711719885,0.0411623864718688,0.11325,0.00084
5222,1757,dens_579415285212890284,602,Density,<Substance C1CCOCC1{solv}{x=0.708000}|O=C1CCCC1{solv}{x=0.292000}>,C1CCOCC1,O=C1CCCC1,Protein-Null-0.0.3-Pair-NMR-1E4-Umbrella-1E3-4-AAQAA3-1E3-3-OPC3_opc3,2,0.8802462286241856,0.0002469419681627,0.8972200000000002,0.00023
5223,1758,dens_788777315764582180,603,Density,<Substance C1CCOCC1{solv}{x=0.549800}|O=C1CCCC1{solv}{x=0.450200}>,C1CCOCC1,O=C1CCCC1,Protein-Null-0.0.3-Pair-NMR-1E4-Umbrella-1E3-4-AAQAA3-1E3-3-OPC3_opc3,2,0.8872997218023838,0.0002034683493606,0.9073000000000002,0.000235
5224,1759,dens_1539654406736576807,604,Density,<Substance C1CCOCC1{solv}{x=0.235400}|O=C1CCCC1{solv}{x=0.764600}>,C1CCOCC1,O=C1CCCC1,Protein-Null-0.0.3-Pair-NMR-1E4-Umbrella-1E3-4-AAQAA3-1E3-3-OPC3_opc3,2,0.901461312259986,0.0002502160435997,0.9281000000000004,0.00024
5225,1760,dhmix_1706969020375394315,605,EnthalpyOfMixing,<Substance C1CCOCC1{solv}{x=0.750000}|O=C1CCCC1{solv}{x=0.250000}>,C1CCOCC1,O=C1CCCC1,Protein-Null-0.0.3-Pair-NMR-1E4-Umbrella-1E3-4-AAQAA3-1E3-3-OPC3_opc3,2,0.0544999750495094,0.0441289074563794,0.12811,0.000895
5226,1761,dens_337077748334497354,606,Density,<Substance CN1CCCCC1{solv}{x=0.245200}|O{solv}{x=0.754800}>,CN1CCCCC1,O,Protein-Null-0.0.3-Pair-NMR-1E4-Umbrella-1E3-4-AAQAA3-1E3-3-OPC3_opc3,2,0.8977178368309588,0.0002701650889775,0.9038110000000004,9.700000000000004e-05
5227,1762,dens_1619467922469494964,607,Density,<Substance CN1CCCCC1{solv}{x=0.790700}|O{solv}{x=0.209300}>,CN1CCCCC1,O,Protein-Null-0.0.3-Pair-NMR-1E4-Umbrella-1E3-4-AAQAA3-1E3-3-OPC3_opc3,2,0.8377855734091642,0.0001819894933647,0.8260470000000002,0.000108
5228,1763,dens_1725290505257505407,608,Density,<Substance CN1CCCCC1{solv}{x=0.505000}|O{solv}{x=0.495000}>,CN1CCCCC1,O,Protein-Null-0.0.3-Pair-NMR-1E4-Umbrella-1E3-4-AAQAA3-1E3-3-OPC3_opc3,2,0.8622247871832336,0.0002934321880634,0.8581580000000002,9.450000000000002e-05
5229,1764,dhmix_344305070199657817,609,EnthalpyOfMixing,<Substance CC(C)CC(C)(C)C{solv}{x=0.200300}|CCCO{solv}{x=0.799700}>,CC(C)CC(C)(C)C,CCCO,Protein-Null-0.0.3-Pair-NMR-1E4-Umbrella-1E3-4-AAQAA3-1E3-3-OPC3_opc3,2,0.4924261739184388,0.0444282300946818,0.308,0.0055
5230,1765,dens_1020839744665732433,610,Density,<Substance CC(C)CC(C)(C)C{solv}{x=0.200100}|CCCO{solv}{x=0.799900}>,CC(C)CC(C)(C)C,CCCO,Protein-Null-0.0.3-Pair-NMR-1E4-Umbrella-1E3-4-AAQAA3-1E3-3-OPC3_opc3,2,0.7584761099264891,0.0002641188323138,0.7589500000000002,0.00029
5231,1766,dens_1348847431810734601,611,Density,<Substance CC(C)CC(C)(C)C{solv}{x=0.700000}|CCCO{solv}{x=0.300000}>,CC(C)CC(C)(C)C,CCCO,Protein-Null-0.0.3-Pair-NMR-1E4-Umbrella-1E3-4-AAQAA3-1E3-3-OPC3_opc3,2,0.7161386155237355,0.0002085223572575,0.7046500000000001,0.00028
5232,1767,dhmix_1376194238727172922,612,EnthalpyOfMixing,<Substance CC(C)CC(C)(C)C{solv}{x=0.499800}|CCCO{solv}{x=0.500200}>,CC(C)CC(C)(C)C,CCCO,Protein-Null-0.0.3-Pair-NMR-1E4-Umbrella-1E3-4-AAQAA3-1E3-3-OPC3_opc3,2,0.8236727859659823,0.04031661891346,0.6025,0.0027
5233,1768,dhmix_1868873434415785592,613,EnthalpyOfMixing,<Substance CC(C)CC(C)(C)C{solv}{x=0.699900}|CCCO{solv}{x=0.300100}>,CC(C)CC(C)(C)C,CCCO,Protein-Null-0.0.3-Pair-NMR-1E4-Umbrella-1E3-4-AAQAA3-1E3-3-OPC3_opc3,2,0.8924636515605044,0.0459209041260982,0.6544,0.0029
5234,1769,dens_1870552320710773195,614,Density,<Substance CC(C)CC(C)(C)C{solv}{x=0.500000}|CCCO{solv}{x=0.500000}>,CC(C)CC(C)(C)C,CCCO,Protein-Null-0.0.3-Pair-NMR-1E4-Umbrella-1E3-4-AAQAA3-1E3-3-OPC3_opc3,2,0.7287282323196698,0.0002190966066127,0.7214400000000002,0.00028
5235,1770,dens_344701479262570906,615,Density,<Substance C1CCOCC1{solv}{x=0.246100}|Cc1cccnc1{solv}{x=0.753900}>,C1CCOCC1,Cc1cccnc1,Protein-Null-0.0.3-Pair-NMR-1E4-Umbrella-1E3-4-AAQAA3-1E3-3-OPC3_opc3,2,0.9229235223693756,0.0002268127353987,0.9348570000000002,0.0004915
5236,1771,dhmix_772935681699310364,616,EnthalpyOfMixing,<Substance C1CCOCC1{solv}{x=0.480300}|Cc1cccnc1{solv}{x=0.519700}>,C1CCOCC1,Cc1cccnc1,Protein-Null-0.0.3-Pair-NMR-1E4-Umbrella-1E3-4-AAQAA3-1E3-3-OPC3_opc3,2,0.1014480586663211,0.0422388482717737,0.1271,0.00115
5237,1772,dens_1179184695460672925,617,Density,<Substance C1CCOCC1{solv}{x=0.756800}|Cc1cccnc1{solv}{x=0.243200}>,C1CCOCC1,Cc1cccnc1,Protein-Null-0.0.3-Pair-NMR-1E4-Umbrella-1E3-4-AAQAA3-1E3-3-OPC3_opc3,2,0.8853558335825374,0.0002363418192999,0.8976640000000002,0.0004655
5238,1773,dens_1273033541520518804,618,Density,<Substance C1CCOCC1{solv}{x=0.482700}|Cc1cccnc1{solv}{x=0.517300}>,C1CCOCC1,Cc1cccnc1,Protein-Null-0.0.3-Pair-NMR-1E4-Umbrella-1E3-4-AAQAA3-1E3-3-OPC3_opc3,2,0.905908176635432,0.0002334408179963,0.9179640000000002,0.00048
5239,1774,dhmix_1594947441282636711,619,EnthalpyOfMixing,<Substance C1CCOCC1{solv}{x=0.735500}|Cc1cccnc1{solv}{x=0.264500}>,C1CCOCC1,Cc1cccnc1,Protein-Null-0.0.3-Pair-NMR-1E4-Umbrella-1E3-4-AAQAA3-1E3-3-OPC3_opc3,2,0.0659863550266877,0.0324620612888455,0.0924,0.00095
5240,1775,dhmix_2075643137470349800,620,EnthalpyOfMixing,<Substance C1CCOCC1{solv}{x=0.273200}|Cc1cccnc1{solv}{x=0.726800}>,C1CCOCC1,Cc1cccnc1,Protein-Null-0.0.3-Pair-NMR-1E4-Umbrella-1E3-4-AAQAA3-1E3-3-OPC3_opc3,2,-0.0110562685757713,0.0366485607487159,0.1036,0.001
5241,1776,dhmix_346841872844739570,621,EnthalpyOfMixing,<Substance CC#N{solv}{x=0.700700}|CCOC(C)(C)C{solv}{x=0.299300}>,CC#N,CCOC(C)(C)C,Protein-Null-0.0.3-Pair-NMR-1E4-Umbrella-1E3-4-AAQAA3-1E3-3-OPC3_opc3,2,0.1917470328358543,0.0365926110087699,0.6176,0.0084
5242,1777,dhmix_840136828933604757,622,EnthalpyOfMixing,<Substance CC#N{solv}{x=0.199000}|CCOC(C)(C)C{solv}{x=0.801000}>,CC#N,CCOC(C)(C)C,Protein-Null-0.0.3-Pair-NMR-1E4-Umbrella-1E3-4-AAQAA3-1E3-3-OPC3_opc3,2,0.2043668618097278,0.0395893742074904,0.4418,0.006
5243,1778,dhmix_1934525864391020215,623,EnthalpyOfMixing,<Substance CC#N{solv}{x=0.501600}|CCOC(C)(C)C{solv}{x=0.498400}>,CC#N,CCOC(C)(C)C,Protein-Null-0.0.3-Pair-NMR-1E4-Umbrella-1E3-4-AAQAA3-1E3-3-OPC3_opc3,2,0.2761996969106676,0.040875047922976,0.7098,0.00965
5244,1779,dens_1954735606040559695,624,Density,<Substance CC#N{solv}{x=0.700700}|CCOC(C)(C)C{solv}{x=0.299300}>,CC#N,CCOC(C)(C)C,Protein-Null-0.0.3-Pair-NMR-1E4-Umbrella-1E3-4-AAQAA3-1E3-3-OPC3_opc3,2,0.7675176772080631,0.0002428640792304,0.7595000000000002,0.00045
5245,1780,dens_2173310521496796694,625,Density,<Substance CC#N{solv}{x=0.501600}|CCOC(C)(C)C{solv}{x=0.498400}>,CC#N,CCOC(C)(C)C,Protein-Null-0.0.3-Pair-NMR-1E4-Umbrella-1E3-4-AAQAA3-1E3-3-OPC3_opc3,2,0.7621059036187834,0.0002745758211935,0.7510000000000002,0.00035
5246,1781,dens_2235331649530959984,626,Density,<Substance CC#N{solv}{x=0.199000}|CCOC(C)(C)C{solv}{x=0.801000}>,CC#N,CCOC(C)(C)C,Protein-Null-0.0.3-Pair-NMR-1E4-Umbrella-1E3-4-AAQAA3-1E3-3-OPC3_opc3,2,0.7544746188085263,0.0002187766908974,0.7408000000000001,0.00015
5247,1782,dhmix_355078149157572999,627,EnthalpyOfMixing,<Substance OCCOCCO{solv}{x=0.790600}|O{solv}{x=0.209400}>,O,OCCOCCO,Protein-Null-0.0.3-Pair-NMR-1E4-Umbrella-1E3-4-AAQAA3-1E3-3-OPC3_opc3,2,0.248373109415354,0.046533876075637,-0.521,0.003
5248,1783,dhmix_514261244195159379,628,EnthalpyOfMixing,<Substance OCCOCCO{solv}{x=0.300400}|O{solv}{x=0.699600}>,O,OCCOCCO,Protein-Null-0.0.3-Pair-NMR-1E4-Umbrella-1E3-4-AAQAA3-1E3-3-OPC3_opc3,2,-0.2566495579252192,0.0260577619743881,-1.245,0.0065
5249,1784,dhmix_1512634639127890343,629,EnthalpyOfMixing,<Substance OCCOCCO{solv}{x=0.501000}|O{solv}{x=0.499000}>,O,OCCOCCO,Protein-Null-0.0.3-Pair-NMR-1E4-Umbrella-1E3-4-AAQAA3-1E3-3-OPC3_opc3,2,-0.3692675390363433,0.0335415587463625,-1.149,0.0065
5250,1785,dens_1532732041743097130,630,Density,<Substance OCCOCCO{solv}{x=0.500600}|O{solv}{x=0.499400}>,O,OCCOCCO,Protein-Null-0.0.3-Pair-NMR-1E4-Umbrella-1E3-4-AAQAA3-1E3-3-OPC3_opc3,2,1.1079301961636605,0.0006146376848753,1.1070700000000002,0.00026
5251,1786,dens_1948924545926470959,631,Density,<Substance OCCOCCO{solv}{x=0.700300}|O{solv}{x=0.299700}>,O,OCCOCCO,Protein-Null-0.0.3-Pair-NMR-1E4-Umbrella-1E3-4-AAQAA3-1E3-3-OPC3_opc3,2,1.1112906387117951,0.0003334253100505,1.1111900000000003,0.000285
5252,1787,dens_2114974877291939954,632,Density,<Substance OCCOCCO{solv}{x=0.301000}|O{solv}{x=0.699000}>,O,OCCOCCO,Protein-Null-0.0.3-Pair-NMR-1E4-Umbrella-1E3-4-AAQAA3-1E3-3-OPC3_opc3,2,1.0910354250912384,0.0005124941054974,1.0958900000000005,0.000305
5253,1788,dhmix_355690558520209737,633,EnthalpyOfMixing,<Substance CC(C)CC(C)(C)C{solv}{x=0.774800}|CC(C)OC(C)C{solv}{x=0.225200}>,CC(C)CC(C)(C)C,CC(C)OC(C)C,Protein-Null-0.0.3-Pair-NMR-1E4-Umbrella-1E3-4-AAQAA3-1E3-3-OPC3_opc3,2,0.455952650037716,0.0501998685589314,0.132161,0.001556
5254,1789,dens_706481868145479619,634,Density,<Substance CC(C)CC(C)(C)C{solv}{x=0.250000}|CC(C)OC(C)C{solv}{x=0.750000}>,CC(C)CC(C)(C)C,CC(C)OC(C)C,Protein-Null-0.0.3-Pair-NMR-1E4-Umbrella-1E3-4-AAQAA3-1E3-3-OPC3_opc3,2,0.7273373713675114,0.0002322576926604,0.7090800000000002,0.000155
5255,1790,dens_960755156711549154,635,Density,<Substance CC(C)CC(C)(C)C{solv}{x=0.750000}|CC(C)OC(C)C{solv}{x=0.250000}>,CC(C)CC(C)(C)C,CC(C)OC(C)C,Protein-Null-0.0.3-Pair-NMR-1E4-Umbrella-1E3-4-AAQAA3-1E3-3-OPC3_opc3,2,0.7099744776199897,0.000194388247417,0.6937500000000002,0.000155
5256,1791,dens_1165117582450092341,636,Density,<Substance CC(C)CC(C)(C)C{solv}{x=0.500900}|CC(C)OC(C)C{solv}{x=0.499100}>,CC(C)CC(C)(C)C,CC(C)OC(C)C,Protein-Null-0.0.3-Pair-NMR-1E4-Umbrella-1E3-4-AAQAA3-1E3-3-OPC3_opc3,2,0.7181274057135801,0.0002235931750984,0.7005900000000002,0.000105
5257,1792,dhmix_1819714300540494359,637,EnthalpyOfMixing,<Substance CC(C)CC(C)(C)C{solv}{x=0.512500}|CC(C)OC(C)C{solv}{x=0.487500}>,CC(C)CC(C)(C)C,CC(C)OC(C)C,Protein-Null-0.0.3-Pair-NMR-1E4-Umbrella-1E3-4-AAQAA3-1E3-3-OPC3_opc3,2,0.4786701991857853,0.0453506954384398,0.197047,0.002233
5258,1793,dhmix_2031984064821599856,638,EnthalpyOfMixing,<Substance CC(C)CC(C)(C)C{solv}{x=0.269300}|CC(C)OC(C)C{solv}{x=0.730700}>,CC(C)CC(C)(C)C,CC(C)OC(C)C,Protein-Null-0.0.3-Pair-NMR-1E4-Umbrella-1E3-4-AAQAA3-1E3-3-OPC3_opc3,2,0.3702255050554299,0.0462865833294541,0.158983,0.0018345
5259,1794,dens_357198687829738077,639,Density,<Substance C1CCOCC1{solv}{x=0.223500}|CCCCCC(C)=O{solv}{x=0.776500}>,C1CCOCC1,CCCCCC(C)=O,Protein-Null-0.0.3-Pair-NMR-1E4-Umbrella-1E3-4-AAQAA3-1E3-3-OPC3_opc3,2,0.8070325485086062,0.0001885111164684,0.8221200000000002,0.000375
5260,1795,dens_1074719884132299485,640,Density,<Substance C1CCOCC1{solv}{x=0.516600}|CCCCCC(C)=O{solv}{x=0.483400}>,C1CCOCC1,CCCCCC(C)=O,Protein-Null-0.0.3-Pair-NMR-1E4-Umbrella-1E3-4-AAQAA3-1E3-3-OPC3_opc3,2,0.8249607944750442,0.0002186037572766,0.8396100000000002,0.00032
5261,1796,dens_1427208283653313137,641,Density,<Substance C1CCOCC1{solv}{x=0.710100}|CCCCCC(C)=O{solv}{x=0.289900}>,C1CCOCC1,CCCCCC(C)=O,Protein-Null-0.0.3-Pair-NMR-1E4-Umbrella-1E3-4-AAQAA3-1E3-3-OPC3_opc3,2,0.8394447673424766,0.0002083583968134,0.8534200000000002,0.000285
5262,1797,dhmix_1485904869507380555,642,EnthalpyOfMixing,<Substance C1CCOCC1{solv}{x=0.500000}|CCCCCC(C)=O{solv}{x=0.500000}>,C1CCOCC1,CCCCCC(C)=O,Protein-Null-0.0.3-Pair-NMR-1E4-Umbrella-1E3-4-AAQAA3-1E3-3-OPC3_opc3,2,0.1892626492054603,0.0418590756151854,0.05773,0.000615
5263,1798,dhmix_1931504734279468677,643,EnthalpyOfMixing,<Substance C1CCOCC1{solv}{x=0.250000}|CCCCCC(C)=O{solv}{x=0.750000}>,C1CCOCC1,CCCCCC(C)=O,Protein-Null-0.0.3-Pair-NMR-1E4-Umbrella-1E3-4-AAQAA3-1E3-3-OPC3_opc3,2,0.1646924656908339,0.0482518146872182,0.03429,0.00053
5264,1799,dhmix_2296263041755700053,644,EnthalpyOfMixing,<Substance C1CCOCC1{solv}{x=0.750000}|CCCCCC(C)=O{solv}{x=0.250000}>,C1CCOCC1,CCCCCC(C)=O,Protein-Null-0.0.3-Pair-NMR-1E4-Umbrella-1E3-4-AAQAA3-1E3-3-OPC3_opc3,2,0.2195585040023502,0.031119094832445,0.05587,0.00061
5265,1800,dhmix_357499987240135169,645,EnthalpyOfMixing,<Substance CCCCC{solv}{x=0.772700}|CCCCOC=O{solv}{x=0.227300}>,CCCCC,CCCCOC=O,Protein-Null-0.0.3-Pair-NMR-1E4-Umbrella-1E3-4-AAQAA3-1E3-3-OPC3_opc3,2,1.1512901042272858,0.0444680993942156,0.87,0.004
5266,1801,dens_435201289177646286,646,Density,<Substance CCCCC{solv}{x=0.504200}|CCCCOC=O{solv}{x=0.495800}>,CCCCC,CCCCOC=O,Protein-Null-0.0.3-Pair-NMR-1E4-Umbrella-1E3-4-AAQAA3-1E3-3-OPC3_opc3,2,0.7486282847705066,0.000223200129622,0.7523000000000001,0.00024
5267,1802,dens_635752291929824010,647,Density,<Substance CCCCC{solv}{x=0.699000}|CCCCOC=O{solv}{x=0.301000}>,CCCCC,CCCCOC=O,Protein-Null-0.0.3-Pair-NMR-1E4-Umbrella-1E3-4-AAQAA3-1E3-3-OPC3_opc3,2,0.6899873046787731,0.0002443295569953,0.6994600000000002,0.00018
5268,1803,dhmix_869493303716364153,648,EnthalpyOfMixing,<Substance CCCCC{solv}{x=0.490500}|CCCCOC=O{solv}{x=0.509500}>,CCCCC,CCCCOC=O,Protein-Null-0.0.3-Pair-NMR-1E4-Umbrella-1E3-4-AAQAA3-1E3-3-OPC3_opc3,2,1.338171302964355,0.0449919167508841,0.959,0.004
5269,1804,dhmix_1188548276416925178,649,EnthalpyOfMixing,<Substance CCCCC{solv}{x=0.246000}|CCCCOC=O{solv}{x=0.754000}>,CCCCC,CCCCOC=O,Protein-Null-0.0.3-Pair-NMR-1E4-Umbrella-1E3-4-AAQAA3-1E3-3-OPC3_opc3,2,0.8269526435805972,0.0416216802658413,0.632,0.003
5270,1805,dens_1944800378076074966,650,Density,<Substance CCCCC{solv}{x=0.247100}|CCCCOC=O{solv}{x=0.752900}>,CCCCC,CCCCOC=O,Protein-Null-0.0.3-Pair-NMR-1E4-Umbrella-1E3-4-AAQAA3-1E3-3-OPC3_opc3,2,0.8258683315609147,0.0002259365582804,0.8221800000000001,0.000375
5271,1806,dhmix_357740737126275220,651,EnthalpyOfMixing,<Substance CC(=O)N(C)C{solv}{x=0.212000}|CCCCCl{solv}{x=0.788000}>,CC(=O)N(C)C,CCCCCl,Protein-Null-0.0.3-Pair-NMR-1E4-Umbrella-1E3-4-AAQAA3-1E3-3-OPC3_opc3,2,0.3673286800698108,0.0397724868312421,0.244,0.0025
5272,1807,dens_563556088097831353,652,Density,<Substance CC(=O)N(C)C{solv}{x=0.499000}|CCCCCl{solv}{x=0.501000}>,CC(=O)N(C)C,CCCCCl,Protein-Null-0.0.3-Pair-NMR-1E4-Umbrella-1E3-4-AAQAA3-1E3-3-OPC3_opc3,2,0.8795339859123814,0.0002626533791728,0.9081000000000002,0.0002
5273,1808,dens_1083232356130752567,653,Density,<Substance CC(=O)N(C)C{solv}{x=0.799700}|CCCCCl{solv}{x=0.200300}>,CC(=O)N(C)C,CCCCCl,Protein-Null-0.0.3-Pair-NMR-1E4-Umbrella-1E3-4-AAQAA3-1E3-3-OPC3_opc3,2,0.891111208335057,0.000251083673836,0.9247000000000004,0.0002
5274,1809,dhmix_1487887746912587509,654,EnthalpyOfMixing,<Substance CC(=O)N(C)C{solv}{x=0.708000}|CCCCCl{solv}{x=0.292000}>,CC(=O)N(C)C,CCCCCl,Protein-Null-0.0.3-Pair-NMR-1E4-Umbrella-1E3-4-AAQAA3-1E3-3-OPC3_opc3,2,0.516414515474171,0.0384327327227909,0.305,0.0025
5275,1810,dens_1662749398344255132,655,Density,<Substance CC(=O)N(C)C{solv}{x=0.210500}|CCCCCl{solv}{x=0.789500}>,CC(=O)N(C)C,CCCCCl,Protein-Null-0.0.3-Pair-NMR-1E4-Umbrella-1E3-4-AAQAA3-1E3-3-OPC3_opc3,2,0.8660126455680028,0.0003001419235005,0.8918000000000001,0.0002
5276,1811,dhmix_2085343422065298965,656,EnthalpyOfMixing,<Substance CC(=O)N(C)C{solv}{x=0.511000}|CCCCCl{solv}{x=0.489000}>,CC(=O)N(C)C,CCCCCl,Protein-Null-0.0.3-Pair-NMR-1E4-Umbrella-1E3-4-AAQAA3-1E3-3-OPC3_opc3,2,0.5749892042936118,0.0374375184278064,0.363,0.0025
5277,1812,dhmix_359626193748497849,657,EnthalpyOfMixing,<Substance C1CCOCC1{solv}{x=0.750000}|O=C1CCCCC1{solv}{x=0.250000}>,C1CCOCC1,O=C1CCCCC1,Protein-Null-0.0.3-Pair-NMR-1E4-Umbrella-1E3-4-AAQAA3-1E3-3-OPC3_opc3,2,0.0547218588931457,0.0460272325840351,0.07698,0.00069
5278,1813,dhmix_709905971434026360,658,EnthalpyOfMixing,<Substance C1CCOCC1{solv}{x=0.250000}|O=C1CCCCC1{solv}{x=0.750000}>,C1CCOCC1,O=C1CCCCC1,Protein-Null-0.0.3-Pair-NMR-1E4-Umbrella-1E3-4-AAQAA3-1E3-3-OPC3_opc3,2,0.1087911596686552,0.0439757752940781,0.05827,0.00062
5279,1814,dens_996263306280392228,659,Density,<Substance C1CCOCC1{solv}{x=0.500900}|O=C1CCCCC1{solv}{x=0.499100}>,C1CCOCC1,O=C1CCCCC1,Protein-Null-0.0.3-Pair-NMR-1E4-Umbrella-1E3-4-AAQAA3-1E3-3-OPC3_opc3,2,0.8932319273548962,0.0002374589157,0.9160300000000002,0.000505
5280,1815,dens_1296485655493191092,660,Density,<Substance C1CCOCC1{solv}{x=0.247100}|O=C1CCCCC1{solv}{x=0.752900}>,C1CCOCC1,O=C1CCCCC1,Protein-Null-0.0.3-Pair-NMR-1E4-Umbrella-1E3-4-AAQAA3-1E3-3-OPC3_opc3,2,0.9051852938665031,0.0002042714163371,0.9305900000000004,0.000505
5281,1816,dhmix_1617652800437548554,661,EnthalpyOfMixing,<Substance C1CCOCC1{solv}{x=0.500000}|O=C1CCCCC1{solv}{x=0.500000}>,C1CCOCC1,O=C1CCCCC1,Protein-Null-0.0.3-Pair-NMR-1E4-Umbrella-1E3-4-AAQAA3-1E3-3-OPC3_opc3,2,0.0522975919178918,0.0430896164717327,0.08658,0.000725
5282,1817,dens_2134919398794801459,662,Density,<Substance C1CCOCC1{solv}{x=0.738900}|O=C1CCCCC1{solv}{x=0.261100}>,C1CCOCC1,O=C1CCCCC1,Protein-Null-0.0.3-Pair-NMR-1E4-Umbrella-1E3-4-AAQAA3-1E3-3-OPC3_opc3,2,0.8812816072983324,0.0002304840628328,0.9000800000000002,0.000505
5283,1818,dens_371429494256072686,663,Density,<Substance COC=O{solv}{x=0.513800}|ClCCCCl{solv}{x=0.486200}>,COC=O,ClCCCCl,Protein-Null-0.0.3-Pair-NMR-1E4-Umbrella-1E3-4-AAQAA3-1E3-3-OPC3_opc3,2,1.0888737468403633,0.0004030376907677,1.08831,0.00025
5284,1819,dens_416463243686186519,664,Density,<Substance COC=O{solv}{x=0.738400}|ClCCCCl{solv}{x=0.261600}>,COC=O,ClCCCCl,Protein-Null-0.0.3-Pair-NMR-1E4-Umbrella-1E3-4-AAQAA3-1E3-3-OPC3_opc3,2,1.0503527559003398,0.0003429521856886,1.03754,0.0002
5285,1820,dhmix_573570621261992547,665,EnthalpyOfMixing,<Substance COC=O{solv}{x=0.767400}|ClCCCCl{solv}{x=0.232600}>,COC=O,ClCCCCl,Protein-Null-0.0.3-Pair-NMR-1E4-Umbrella-1E3-4-AAQAA3-1E3-3-OPC3_opc3,2,0.725811864316741,0.0338107455261706,0.2841,0.0015
5286,1821,dens_1665007650151393058,666,Density,<Substance COC=O{solv}{x=0.244000}|ClCCCCl{solv}{x=0.756000}>,COC=O,ClCCCCl,Protein-Null-0.0.3-Pair-NMR-1E4-Umbrella-1E3-4-AAQAA3-1E3-3-OPC3_opc3,2,1.1258696122559475,0.0002960890304181,1.1395000000000002,0.0003
5287,1822,dhmix_2050640017895200777,667,EnthalpyOfMixing,<Substance COC=O{solv}{x=0.502400}|ClCCCCl{solv}{x=0.497600}>,COC=O,ClCCCCl,Protein-Null-0.0.3-Pair-NMR-1E4-Umbrella-1E3-4-AAQAA3-1E3-3-OPC3_opc3,2,0.7846449152532404,0.0307073887622916,0.3503,0.00175
5288,1823,dhmix_2121310957223924646,668,EnthalpyOfMixing,<Substance COC=O{solv}{x=0.202400}|ClCCCCl{solv}{x=0.797600}>,COC=O,ClCCCCl,Protein-Null-0.0.3-Pair-NMR-1E4-Umbrella-1E3-4-AAQAA3-1E3-3-OPC3_opc3,2,0.6054083223664506,0.0318549999164623,0.2064,0.0012
5289,1824,dens_380799246642881225,669,Density,<Substance Cc1ccncc1{solv}{x=0.500000}|O{solv}{x=0.500000}>,Cc1ccncc1,O,Protein-Null-0.0.3-Pair-NMR-1E4-Umbrella-1E3-4-AAQAA3-1E3-3-OPC3_opc3,2,0.9531913925605446,0.0002981596362806,0.9704000000000004,0.0005
5290,1825,dens_1024460369591354985,670,Density,<Substance Cc1ccncc1{solv}{x=0.225000}|O{solv}{x=0.775000}>,Cc1ccncc1,O,Protein-Null-0.0.3-Pair-NMR-1E4-Umbrella-1E3-4-AAQAA3-1E3-3-OPC3_opc3,2,0.9657112532042283,0.0003504646431542,0.9848000000000002,0.0004
5291,1826,dens_1867704914487230306,671,Density,<Substance Cc1ccncc1{solv}{x=0.750000}|O{solv}{x=0.250000}>,Cc1ccncc1,O,Protein-Null-0.0.3-Pair-NMR-1E4-Umbrella-1E3-4-AAQAA3-1E3-3-OPC3_opc3,2,0.9477238046049276,0.0002795600120758,0.9614000000000004,0.0004
5292,1827,dhmix_396839331496923568,672,EnthalpyOfMixing,<Substance CCCOC(=O)CC{solv}{x=0.237600}|ClCCCl{solv}{x=0.762400}>,CCCOC(=O)CC,ClCCCl,Protein-Null-0.0.3-Pair-NMR-1E4-Umbrella-1E3-4-AAQAA3-1E3-3-OPC3_opc3,2,-0.2627950109472792,0.0369054844433986,-0.317,0.0035
5293,1828,dens_1025242301432619836,673,Density,<Substance CCCOC(=O)CC{solv}{x=0.518800}|ClCCCl{solv}{x=0.481200}>,CCCOC(=O)CC,ClCCCl,Protein-Null-0.0.3-Pair-NMR-1E4-Umbrella-1E3-4-AAQAA3-1E3-3-OPC3_opc3,2,0.9936429766592638,0.0001918425215882,1.0064000000000002,0.000905
5294,1829,dens_1654149510571748883,674,Density,<Substance CCCOC(=O)CC{solv}{x=0.731600}|ClCCCl{solv}{x=0.268400}>,CCCOC(=O)CC,ClCCCl,Protein-Null-0.0.3-Pair-NMR-1E4-Umbrella-1E3-4-AAQAA3-1E3-3-OPC3_opc3,2,0.9331122014895146,0.0002730744196916,0.9416300000000002,0.00041
5295,1830,dens_1804016971158746429,675,Density,<Substance CCCOC(=O)CC{solv}{x=0.243700}|ClCCCl{solv}{x=0.756300}>,CCCOC(=O)CC,ClCCCl,Protein-Null-0.0.3-Pair-NMR-1E4-Umbrella-1E3-4-AAQAA3-1E3-3-OPC3_opc3,2,1.0890700256337775,0.0003585175411053,1.11431,0.002155
5296,1831,dhmix_1840109043188951916,676,EnthalpyOfMixing,<Substance CCCOC(=O)CC{solv}{x=0.517700}|ClCCCl{solv}{x=0.482300}>,CCCOC(=O)CC,ClCCCl,Protein-Null-0.0.3-Pair-NMR-1E4-Umbrella-1E3-4-AAQAA3-1E3-3-OPC3_opc3,2,-0.2534103574679349,0.0427972745257622,-0.557,0.006
5297,1832,dhmix_1924188358781329171,677,EnthalpyOfMixing,<Substance CCCOC(=O)CC{solv}{x=0.787400}|ClCCCl{solv}{x=0.212600}>,CCCOC(=O)CC,ClCCCl,Protein-Null-0.0.3-Pair-NMR-1E4-Umbrella-1E3-4-AAQAA3-1E3-3-OPC3_opc3,2,-0.1855290447341993,0.0478301390189045,-0.357,0.004
5298,1833,dhmix_408170436877433675,678,EnthalpyOfMixing,<Substance CCCCC{solv}{x=0.229800}|CCOC=O{solv}{x=0.770200}>,CCCCC,CCOC=O,Protein-Null-0.0.3-Pair-NMR-1E4-Umbrella-1E3-4-AAQAA3-1E3-3-OPC3_opc3,2,1.2901738269509195,0.0368441856188605,1.016,0.0045
5299,1834,dens_1159257310358090227,679,Density,<Substance CCCCC{solv}{x=0.748000}|CCOC=O{solv}{x=0.252000}>,CCCCC,CCOC=O,Protein-Null-0.0.3-Pair-NMR-1E4-Umbrella-1E3-4-AAQAA3-1E3-3-OPC3_opc3,2,0.6607518993432048,0.0002834398093222,0.6707000000000002,0.000165
5300,1835,dhmix_1897634982824334825,680,EnthalpyOfMixing,<Substance CCCCC{solv}{x=0.500100}|CCOC=O{solv}{x=0.499900}>,CCCCC,CCOC=O,Protein-Null-0.0.3-Pair-NMR-1E4-Umbrella-1E3-4-AAQAA3-1E3-3-OPC3_opc3,2,1.7983473472480682,0.0404042748249482,1.354,0.0055
5301,1836,dens_1931965346092446599,681,Density,<Substance CCCCC{solv}{x=0.504000}|CCOC=O{solv}{x=0.496000}>,CCCCC,CCOC=O,Protein-Null-0.0.3-Pair-NMR-1E4-Umbrella-1E3-4-AAQAA3-1E3-3-OPC3_opc3,2,0.7341229104023284,0.0002916900904265,0.7333000000000002,0.00024
5302,1837,dens_2086304425324215507,682,Density,<Substance CCCCC{solv}{x=0.298000}|CCOC=O{solv}{x=0.702000}>,CCCCC,CCOC=O,Protein-Null-0.0.3-Pair-NMR-1E4-Umbrella-1E3-4-AAQAA3-1E3-3-OPC3_opc3,2,0.8075522549901744,0.0003072059515828,0.7971000000000003,0.000345
5303,1838,dhmix_2117998354372981576,683,EnthalpyOfMixing,<Substance CCCCC{solv}{x=0.777900}|CCOC=O{solv}{x=0.222100}>,CCCCC,CCOC=O,Protein-Null-0.0.3-Pair-NMR-1E4-Umbrella-1E3-4-AAQAA3-1E3-3-OPC3_opc3,2,1.402992293220322,0.0406447502903222,1.051,0.0045
5304,1839,dens_415189671276159712,684,Density,<Substance NCCO{solv}{x=0.785350}|c1ccncc1{solv}{x=0.214650}>,NCCO,c1ccncc1,Protein-Null-0.0.3-Pair-NMR-1E4-Umbrella-1E3-4-AAQAA3-1E3-3-OPC3_opc3,2,1.0432315042110734,0.0003082431383553,1.002592,0.000101
5305,1840,dhmix_607563797490786343,685,EnthalpyOfMixing,<Substance NCCO{solv}{x=0.559360}|c1ccncc1{solv}{x=0.440640}>,NCCO,c1ccncc1,Protein-Null-0.0.3-Pair-NMR-1E4-Umbrella-1E3-4-AAQAA3-1E3-3-OPC3_opc3,2,0.9012571366627108,0.0383077878393363,0.824,0.0035
5306,1841,dhmix_783614050589043390,686,EnthalpyOfMixing,<Substance NCCO{solv}{x=0.248120}|c1ccncc1{solv}{x=0.751880}>,NCCO,c1ccncc1,Protein-Null-0.0.3-Pair-NMR-1E4-Umbrella-1E3-4-AAQAA3-1E3-3-OPC3_opc3,2,0.8449486848306944,0.0379743060116665,0.779,0.0035
5307,1842,dens_907288549206652702,687,Density,<Substance NCCO{solv}{x=0.558640}|c1ccncc1{solv}{x=0.441360}>,NCCO,c1ccncc1,Protein-Null-0.0.3-Pair-NMR-1E4-Umbrella-1E3-4-AAQAA3-1E3-3-OPC3_opc3,2,1.019747371905651,0.00024597829759,0.9936870000000002,0.0001015
5308,1843,dhmix_1092036220949585875,688,EnthalpyOfMixing,<Substance NCCO{solv}{x=0.746780}|c1ccncc1{solv}{x=0.253220}>,NCCO,c1ccncc1,Protein-Null-0.0.3-Pair-NMR-1E4-Umbrella-1E3-4-AAQAA3-1E3-3-OPC3_opc3,2,0.6009248990117371,0.0367987787793164,0.612,0.003
5309,1844,dens_2278246591298089898,689,Density,<Substance NCCO{solv}{x=0.210010}|c1ccncc1{solv}{x=0.789990}>,NCCO,c1ccncc1,Protein-Null-0.0.3-Pair-NMR-1E4-Umbrella-1E3-4-AAQAA3-1E3-3-OPC3_opc3,2,0.9900550708115642,0.0002534705443126,0.9825660000000004,0.0001015
5310,1845,dens_419188249264987147,690,Density,<Substance CCCCC(=O)OCC{solv}{x=0.492100}|CCOC(C)=O{solv}{x=0.507900}>,CCCCC(=O)OCC,CCOC(C)=O,Protein-Null-0.0.3-Pair-NMR-1E4-Umbrella-1E3-4-AAQAA3-1E3-3-OPC3_opc3,2,0.8831589789595826,0.0001925292530609,0.8787300000000002,0.00012
5311,1846,dens_667714041205021070,691,Density,<Substance CCCCC(=O)OCC{solv}{x=0.304700}|CCOC(C)=O{solv}{x=0.695300}>,CCCCC(=O)OCC,CCOC(C)=O,Protein-Null-0.0.3-Pair-NMR-1E4-Umbrella-1E3-4-AAQAA3-1E3-3-OPC3_opc3,2,0.8904444005151925,0.0002519025229368,0.8836400000000002,0.00012
5312,1847,dhmix_1137774316856842141,692,EnthalpyOfMixing,<Substance CCCCC(=O)OCC{solv}{x=0.737600}|CCOC(C)=O{solv}{x=0.262400}>,CCCCC(=O)OCC,CCOC(C)=O,Protein-Null-0.0.3-Pair-NMR-1E4-Umbrella-1E3-4-AAQAA3-1E3-3-OPC3_opc3,2,0.0129035239576813,0.0511314100553767,0.114,0.0015
5313,1848,dhmix_1322441082145072072,693,EnthalpyOfMixing,<Substance CCCCC(=O)OCC{solv}{x=0.279900}|CCOC(C)=O{solv}{x=0.720100}>,CCCCC(=O)OCC,CCOC(C)=O,Protein-Null-0.0.3-Pair-NMR-1E4-Umbrella-1E3-4-AAQAA3-1E3-3-OPC3_opc3,2,0.1073591334059571,0.0433247544003581,0.139,0.0015
5314,1849,dens_1682638395920841051,694,Density,<Substance CCCCC(=O)OCC{solv}{x=0.752600}|CCOC(C)=O{solv}{x=0.247400}>,CCCCC(=O)OCC,CCOC(C)=O,Protein-Null-0.0.3-Pair-NMR-1E4-Umbrella-1E3-4-AAQAA3-1E3-3-OPC3_opc3,2,0.8748975290366774,0.0001696468146113,0.8732900000000001,0.00012
5315,1850,dhmix_2161842751879945948,695,EnthalpyOfMixing,<Substance CCCCC(=O)OCC{solv}{x=0.519800}|CCOC(C)=O{solv}{x=0.480200}>,CCCCC(=O)OCC,CCOC(C)=O,Protein-Null-0.0.3-Pair-NMR-1E4-Umbrella-1E3-4-AAQAA3-1E3-3-OPC3_opc3,2,0.0124329750997329,0.0417711261802395,0.154,0.002
5316,1851,dhmix_419593950323214290,696,EnthalpyOfMixing,<Substance CCCCCC(C)=O{solv}{x=0.780400}|CCN(CC)CC{solv}{x=0.219600}>,CCCCCC(C)=O,CCN(CC)CC,Protein-Null-0.0.3-Pair-NMR-1E4-Umbrella-1E3-4-AAQAA3-1E3-3-OPC3_opc3,2,0.1454890576960181,0.0520312187010292,0.216,0.0025
5317,1852,dens_651921010645567431,697,Density,<Substance CCCCCC(C)=O{solv}{x=0.259800}|CCN(CC)CC{solv}{x=0.740200}>,CCCCCC(C)=O,CCN(CC)CC,Protein-Null-0.0.3-Pair-NMR-1E4-Umbrella-1E3-4-AAQAA3-1E3-3-OPC3_opc3,2,0.7414031318391138,0.0002020712449825,0.7465820000000002,8.950000000000002e-05
5318,1853,dens_995831511901627711,698,Density,<Substance CCCCCC(C)=O{solv}{x=0.748400}|CCN(CC)CC{solv}{x=0.251600}>,CCCCCC(C)=O,CCN(CC)CC,Protein-Null-0.0.3-Pair-NMR-1E4-Umbrella-1E3-4-AAQAA3-1E3-3-OPC3_opc3,2,0.77797216907963,0.0002027787361571,0.7899410000000002,0.0001055
5319,1854,dhmix_1001984601109558110,699,EnthalpyOfMixing,<Substance CCCCCC(C)=O{solv}{x=0.492000}|CCN(CC)CC{solv}{x=0.508000}>,CCCCCC(C)=O,CCN(CC)CC,Protein-Null-0.0.3-Pair-NMR-1E4-Umbrella-1E3-4-AAQAA3-1E3-3-OPC3_opc3,2,0.1916298565477134,0.0488885105676164,0.419,0.0045
5320,1855,dens_1887829851815986883,700,Density,<Substance CCCCCC(C)=O{solv}{x=0.503200}|CCN(CC)CC{solv}{x=0.496800}>,CCCCCC(C)=O,CCN(CC)CC,Protein-Null-0.0.3-Pair-NMR-1E4-Umbrella-1E3-4-AAQAA3-1E3-3-OPC3_opc3,2,0.7595100828761397,0.0001986708655311,0.7684760000000002,9.800000000000002e-05
5321,1856,dhmix_2085744568401562111,701,EnthalpyOfMixing,<Substance CCCCCC(C)=O{solv}{x=0.293900}|CCN(CC)CC{solv}{x=0.706100}>,CCCCCC(C)=O,CCN(CC)CC,Protein-Null-0.0.3-Pair-NMR-1E4-Umbrella-1E3-4-AAQAA3-1E3-3-OPC3_opc3,2,0.3494059421095272,0.0409632958104414,0.412,0.0045
5322,1857,dens_436049638479549968,702,Density,<Substance COC=O{solv}{x=0.472500}|ClCCCl{solv}{x=0.527500}>,COC=O,ClCCCl,Protein-Null-0.0.3-Pair-NMR-1E4-Umbrella-1E3-4-AAQAA3-1E3-3-OPC3_opc3,2,1.1183452482807588,0.0004252504010798,1.1269600000000004,0.000285
5323,1858,dens_627145458965592302,703,Density,<Substance COC=O{solv}{x=0.753000}|ClCCCl{solv}{x=0.247000}>,COC=O,ClCCCl,Protein-Null-0.0.3-Pair-NMR-1E4-Umbrella-1E3-4-AAQAA3-1E3-3-OPC3_opc3,2,1.0583448668762263,0.0003829900451783,1.0461600000000004,0.000205
5324,1859,dhmix_731680623269260416,704,EnthalpyOfMixing,<Substance COC=O{solv}{x=0.250800}|ClCCCl{solv}{x=0.749200}>,COC=O,ClCCCl,Protein-Null-0.0.3-Pair-NMR-1E4-Umbrella-1E3-4-AAQAA3-1E3-3-OPC3_opc3,2,0.6018655315848136,0.0327410015946869,0.0793,0.0007
5325,1860,dens_1488543630772933598,705,Density,<Substance COC=O{solv}{x=0.279500}|ClCCCl{solv}{x=0.720500}>,COC=O,ClCCCl,Protein-Null-0.0.3-Pair-NMR-1E4-Umbrella-1E3-4-AAQAA3-1E3-3-OPC3_opc3,2,1.152237030076781,0.0004966227414871,1.1777100000000005,0.00034
5326,1861,dhmix_2170321998768851974,706,EnthalpyOfMixing,<Substance COC=O{solv}{x=0.732200}|ClCCCl{solv}{x=0.267800}>,COC=O,ClCCCl,Protein-Null-0.0.3-Pair-NMR-1E4-Umbrella-1E3-4-AAQAA3-1E3-3-OPC3_opc3,2,0.6008014300386066,0.0337809676354464,0.0733,0.00065
5327,1862,dhmix_2249001225536869896,707,EnthalpyOfMixing,<Substance COC=O{solv}{x=0.487400}|ClCCCl{solv}{x=0.512600}>,COC=O,ClCCCl,Protein-Null-0.0.3-Pair-NMR-1E4-Umbrella-1E3-4-AAQAA3-1E3-3-OPC3_opc3,2,0.7068271460173543,0.0323564243351086,0.1028,0.0008
5328,1863,dhmix_442816374747487477,708,EnthalpyOfMixing,<Substance NCCCNCCCN{solv}{x=0.801500}|O{solv}{x=0.198500}>,NCCCNCCCN,O,Protein-Null-0.0.3-Pair-NMR-1E4-Umbrella-1E3-4-AAQAA3-1E3-3-OPC3_opc3,2,-1.941458229299432,0.07157302254243,-2.233,0.024
5329,1864,dhmix_1795382205757805615,709,EnthalpyOfMixing,<Substance NCCCNCCCN{solv}{x=0.300500}|O{solv}{x=0.699500}>,NCCCNCCCN,O,Protein-Null-0.0.3-Pair-NMR-1E4-Umbrella-1E3-4-AAQAA3-1E3-3-OPC3_opc3,2,-4.855666997324921,0.0317763801013501,-6.588,0.07
5330,1865,dhmix_1814950732748396893,710,EnthalpyOfMixing,<Substance NCCCNCCCN{solv}{x=0.499800}|O{solv}{x=0.500200}>,NCCCNCCCN,O,Protein-Null-0.0.3-Pair-NMR-1E4-Umbrella-1E3-4-AAQAA3-1E3-3-OPC3_opc3,2,-3.935278864907975,0.0428488078050083,-5.544,0.059
5331,1866,dhmix_446869196417408130,711,EnthalpyOfMixing,<Substance NCCNCCO{solv}{x=0.770000}|O{solv}{x=0.230000}>,NCCNCCO,O,Protein-Null-0.0.3-Pair-NMR-1E4-Umbrella-1E3-4-AAQAA3-1E3-3-OPC3_opc3,2,-1.3780658184155072,0.0378141573024259,-1.711,0.035
5332,1867,dhmix_673839467313503071,712,EnthalpyOfMixing,<Substance NCCNCCO{solv}{x=0.069900}|O{solv}{x=0.930100}>,NCCNCCO,O,Protein-Null-0.0.3-Pair-NMR-1E4-Umbrella-1E3-4-AAQAA3-1E3-3-OPC3_opc3,2,-1.0304000430806113,0.0241773430787397,-1.713,0.035
5333,1868,dens_688094438561771555,713,Density,<Substance NCCNCCO{solv}{x=0.799700}|O{solv}{x=0.200300}>,NCCNCCO,O,Protein-Null-0.0.3-Pair-NMR-1E4-Umbrella-1E3-4-AAQAA3-1E3-3-OPC3_opc3,2,1.081320757538049,0.000164859447059,1.0318300000000002,0.00024
5334,1869,dhmix_1682883323293489147,714,EnthalpyOfMixing,<Substance NCCNCCO{solv}{x=0.400100}|O{solv}{x=0.599900}>,NCCNCCO,O,Protein-Null-0.0.3-Pair-NMR-1E4-Umbrella-1E3-4-AAQAA3-1E3-3-OPC3_opc3,2,-3.215267193521349,0.0326963233297536,-4.15,0.0845
5335,1870,dens_2045176885611624977,715,Density,<Substance NCCNCCO{solv}{x=0.070000}|O{solv}{x=0.930000}>,NCCNCCO,O,Protein-Null-0.0.3-Pair-NMR-1E4-Umbrella-1E3-4-AAQAA3-1E3-3-OPC3_opc3,2,1.0347086956538247,0.000377318509865,1.0222800000000003,0.000125
5336,1871,dens_2280714043292214506,716,Density,<Substance NCCNCCO{solv}{x=0.399700}|O{solv}{x=0.600300}>,NCCNCCO,O,Protein-Null-0.0.3-Pair-NMR-1E4-Umbrella-1E3-4-AAQAA3-1E3-3-OPC3_opc3,2,1.0659743244201365,0.0004040974352203,1.0370100000000002,0.00017
5337,1872,dens_448105363780466270,717,Density,<Substance CCCCCCCl{solv}{x=0.498300}|CN(C)C=O{solv}{x=0.501700}>,CCCCCCCl,CN(C)C=O,Protein-Null-0.0.3-Pair-NMR-1E4-Umbrella-1E3-4-AAQAA3-1E3-3-OPC3_opc3,2,0.8784873579439293,0.0002213926506575,0.8974000000000002,0.0003
5338,1873,dens_1134260732394863277,718,Density,<Substance CCCCCCCl{solv}{x=0.729300}|CN(C)C=O{solv}{x=0.270700}>,CCCCCCCl,CN(C)C=O,Protein-Null-0.0.3-Pair-NMR-1E4-Umbrella-1E3-4-AAQAA3-1E3-3-OPC3_opc3,2,0.8675520320643872,0.0002465129480403,0.8844000000000002,0.0003
5339,1874,dhmix_1150917243327149472,719,EnthalpyOfMixing,<Substance CCCCCCCl{solv}{x=0.500000}|CN(C)C=O{solv}{x=0.500000}>,CCCCCCCl,CN(C)C=O,Protein-Null-0.0.3-Pair-NMR-1E4-Umbrella-1E3-4-AAQAA3-1E3-3-OPC3_opc3,2,1.1502396992210748,0.0392152918643004,0.847,0.004
5340,1875,dhmix_1166656674614639609,720,EnthalpyOfMixing,<Substance CCCCCCCl{solv}{x=0.204000}|CN(C)C=O{solv}{x=0.796000}>,CCCCCCCl,CN(C)C=O,Protein-Null-0.0.3-Pair-NMR-1E4-Umbrella-1E3-4-AAQAA3-1E3-3-OPC3_opc3,2,0.8906855107554961,0.0424405676070735,0.583,0.004
5341,1876,dhmix_1262474968830454367,721,EnthalpyOfMixing,<Substance CCCCCCCl{solv}{x=0.795000}|CN(C)C=O{solv}{x=0.205000}>,CCCCCCCl,CN(C)C=O,Protein-Null-0.0.3-Pair-NMR-1E4-Umbrella-1E3-4-AAQAA3-1E3-3-OPC3_opc3,2,0.847831755702245,0.043690254004961,0.542,0.0035
5342,1877,dens_1862934255267356180,722,Density,<Substance CCCCCCCl{solv}{x=0.200700}|CN(C)C=O{solv}{x=0.799300}>,CCCCCCCl,CN(C)C=O,Protein-Null-0.0.3-Pair-NMR-1E4-Umbrella-1E3-4-AAQAA3-1E3-3-OPC3_opc3,2,0.8983079385527152,0.0002261044225911,0.9218000000000002,0.00025
5343,1878,dhmix_457000181442392641,723,EnthalpyOfMixing,<Substance CCOCCO{solv}{x=0.241100}|c1ccccc1{solv}{x=0.758900}>,CCOCCO,c1ccccc1,Protein-Null-0.0.3-Pair-NMR-1E4-Umbrella-1E3-4-AAQAA3-1E3-3-OPC3_opc3,2,0.5703047727006236,0.0396852604790359,0.6303,0.00815
5344,1879,dhmix_501726034520661035,724,EnthalpyOfMixing,<Substance CCOCCO{solv}{x=0.733600}|c1ccccc1{solv}{x=0.266400}>,CCOCCO,c1ccccc1,Protein-Null-0.0.3-Pair-NMR-1E4-Umbrella-1E3-4-AAQAA3-1E3-3-OPC3_opc3,2,0.4758634411151519,0.0474552508190947,0.2326,0.0033
5345,1880,dens_577983044895299238,725,Density,<Substance CCOCCO{solv}{x=0.251800}|c1ccccc1{solv}{x=0.748200}>,CCOCCO,c1ccccc1,Protein-Null-0.0.3-Pair-NMR-1E4-Umbrella-1E3-4-AAQAA3-1E3-3-OPC3_opc3,2,0.8742155214451064,0.0002796192606898,0.8849000000000002,0.00081
5346,1881,dens_1506946378386070831,726,Density,<Substance CCOCCO{solv}{x=0.750800}|c1ccccc1{solv}{x=0.249200}>,CCOCCO,c1ccccc1,Protein-Null-0.0.3-Pair-NMR-1E4-Umbrella-1E3-4-AAQAA3-1E3-3-OPC3_opc3,2,0.9043731252578648,0.0002588914452256,0.9134500000000004,0.000685
5347,1882,dhmix_1801594081157333975,727,EnthalpyOfMixing,<Substance CCOCCO{solv}{x=0.478600}|c1ccccc1{solv}{x=0.521400}>,CCOCCO,c1ccccc1,Protein-Null-0.0.3-Pair-NMR-1E4-Umbrella-1E3-4-AAQAA3-1E3-3-OPC3_opc3,2,0.605763283661716,0.0446489240134422,0.4912,0.00645
5348,1883,dens_2128846755225827916,728,Density,<Substance CCOCCO{solv}{x=0.504800}|c1ccccc1{solv}{x=0.495200}>,CCOCCO,c1ccccc1,Protein-Null-0.0.3-Pair-NMR-1E4-Umbrella-1E3-4-AAQAA3-1E3-3-OPC3_opc3,2,0.8893018378321865,0.0002685254949554,0.8995700000000003,0.000745
5349,1884,dhmix_466383569529620932,729,EnthalpyOfMixing,<Substance CC(=O)N(C)C{solv}{x=0.505000}|CCCCCCCl{solv}{x=0.495000}>,CC(=O)N(C)C,CCCCCCCl,Protein-Null-0.0.3-Pair-NMR-1E4-Umbrella-1E3-4-AAQAA3-1E3-3-OPC3_opc3,2,0.8326862935458763,0.041046059590566,0.61,0.003
5350,1885,dhmix_493694362228351572,730,EnthalpyOfMixing,<Substance CC(=O)N(C)C{solv}{x=0.798000}|CCCCCCCl{solv}{x=0.202000}>,CC(=O)N(C)C,CCCCCCCl,Protein-Null-0.0.3-Pair-NMR-1E4-Umbrella-1E3-4-AAQAA3-1E3-3-OPC3_opc3,2,0.5951094103865824,0.0446674172382471,0.425,0.003
5351,1886,dhmix_626564461179097700,731,EnthalpyOfMixing,<Substance CC(=O)N(C)C{solv}{x=0.211000}|CCCCCCCl{solv}{x=0.789000}>,CC(=O)N(C)C,CCCCCCCl,Protein-Null-0.0.3-Pair-NMR-1E4-Umbrella-1E3-4-AAQAA3-1E3-3-OPC3_opc3,2,0.5577732908806041,0.0464545851644266,0.38,0.003
5352,1887,dens_1720641323575133011,732,Density,<Substance CC(=O)N(C)C{solv}{x=0.200300}|CCCCCCCl{solv}{x=0.799700}>,CC(=O)N(C)C,CCCCCCCl,Protein-Null-0.0.3-Pair-NMR-1E4-Umbrella-1E3-4-AAQAA3-1E3-3-OPC3_opc3,2,0.8638033981550529,0.0002523863165958,0.8816000000000003,0.00025
5353,1888,dens_1817345990638851984,733,Density,<Substance CC(=O)N(C)C{solv}{x=0.503000}|CCCCCCCl{solv}{x=0.497000}>,CC(=O)N(C)C,CCCCCCCl,Protein-Null-0.0.3-Pair-NMR-1E4-Umbrella-1E3-4-AAQAA3-1E3-3-OPC3_opc3,2,0.8748473292574532,0.0002289190442957,0.8975000000000002,0.00025
5354,1889,dens_1885054129776339889,734,Density,<Substance CC(=O)N(C)C{solv}{x=0.699200}|CCCCCCCl{solv}{x=0.300800}>,CC(=O)N(C)C,CCCCCCCl,Protein-Null-0.0.3-Pair-NMR-1E4-Umbrella-1E3-4-AAQAA3-1E3-3-OPC3_opc3,2,0.8831022207302407,0.0002350316974758,0.9104000000000002,0.0002
5355,1890,dens_468507243072548580,735,Density,<Substance CCC#N{solv}{x=0.701200}|CCOC(C)(C)CC{solv}{x=0.298800}>,CCC#N,CCOC(C)(C)CC,Protein-Null-0.0.3-Pair-NMR-1E4-Umbrella-1E3-4-AAQAA3-1E3-3-OPC3_opc3,2,0.7719766499787081,0.0002406154439991,0.7715000000000002,0.0004
5356,1891,dhmix_553135124490085656,736,EnthalpyOfMixing,<Substance CCC#N{solv}{x=0.502500}|CCOC(C)(C)CC{solv}{x=0.497500}>,CCC#N,CCOC(C)(C)CC,Protein-Null-0.0.3-Pair-NMR-1E4-Umbrella-1E3-4-AAQAA3-1E3-3-OPC3_opc3,2,0.2083674301288525,0.039189640680993,0.7023,0.00955
5357,1892,dens_762108332272225600,737,Density,<Substance CCC#N{solv}{x=0.502500}|CCOC(C)(C)CC{solv}{x=0.497500}>,CCC#N,CCOC(C)(C)CC,Protein-Null-0.0.3-Pair-NMR-1E4-Umbrella-1E3-4-AAQAA3-1E3-3-OPC3_opc3,2,0.7692478866581063,0.0002118914508204,0.7683000000000001,0.00035
5358,1893,dens_967634241844220739,738,Density,<Substance CCC#N{solv}{x=0.200900}|CCOC(C)(C)CC{solv}{x=0.799100}>,CCC#N,CCOC(C)(C)CC,Protein-Null-0.0.3-Pair-NMR-1E4-Umbrella-1E3-4-AAQAA3-1E3-3-OPC3_opc3,2,0.7640552065061953,0.0002013444563856,0.7638000000000001,0.00025
5359,1894,dhmix_1961082112686431376,739,EnthalpyOfMixing,<Substance CCC#N{solv}{x=0.200900}|CCOC(C)(C)CC{solv}{x=0.799100}>,CCC#N,CCOC(C)(C)CC,Protein-Null-0.0.3-Pair-NMR-1E4-Umbrella-1E3-4-AAQAA3-1E3-3-OPC3_opc3,2,0.2127884178120496,0.0435713437962257,0.502,0.00685
5360,1895,dhmix_2005765786246998093,740,EnthalpyOfMixing,<Substance CCC#N{solv}{x=0.701200}|CCOC(C)(C)CC{solv}{x=0.298800}>,CCC#N,CCOC(C)(C)CC,Protein-Null-0.0.3-Pair-NMR-1E4-Umbrella-1E3-4-AAQAA3-1E3-3-OPC3_opc3,2,0.2373091803906746,0.0413239322877322,0.5863,0.008
5361,1896,dhmix_471514663464011364,741,EnthalpyOfMixing,<Substance C1CCOCC1{solv}{x=0.722000}|CCCCCO{solv}{x=0.278000}>,C1CCOCC1,CCCCCO,Protein-Null-0.0.3-Pair-NMR-1E4-Umbrella-1E3-4-AAQAA3-1E3-3-OPC3_opc3,2,1.0276532937443648,0.0481248380479007,0.8628,0.00745
5362,1897,dens_910343796235321484,742,Density,<Substance C1CCOCC1{solv}{x=0.298700}|CCCCCO{solv}{x=0.701300}>,C1CCOCC1,CCCCCO,Protein-Null-0.0.3-Pair-NMR-1E4-Umbrella-1E3-4-AAQAA3-1E3-3-OPC3_opc3,2,0.8201059485904086,0.0002192454319109,0.8293300000000002,0.00034
5363,1898,dens_1812069868432416079,743,Density,<Substance C1CCOCC1{solv}{x=0.800000}|CCCCCO{solv}{x=0.200000}>,C1CCOCC1,CCCCCO,Protein-Null-0.0.3-Pair-NMR-1E4-Umbrella-1E3-4-AAQAA3-1E3-3-OPC3_opc3,2,0.8515644702264815,0.0001713411144407,0.8635900000000002,0.000315
5364,1899,dhmix_1936206883965149188,744,EnthalpyOfMixing,<Substance C1CCOCC1{solv}{x=0.526000}|CCCCCO{solv}{x=0.474000}>,C1CCOCC1,CCCCCO,Protein-Null-0.0.3-Pair-NMR-1E4-Umbrella-1E3-4-AAQAA3-1E3-3-OPC3_opc3,2,1.1452097017675271,0.0445820442596103,0.97,0.00615
5365,1900,dhmix_1992318015190346725,745,EnthalpyOfMixing,<Substance C1CCOCC1{solv}{x=0.217000}|CCCCCO{solv}{x=0.783000}>,C1CCOCC1,CCCCCO,Protein-Null-0.0.3-Pair-NMR-1E4-Umbrella-1E3-4-AAQAA3-1E3-3-OPC3_opc3,2,0.6971133990798037,0.0418695878333391,0.6006,0.00455
5366,1901,dens_2204330198012032768,746,Density,<Substance C1CCOCC1{solv}{x=0.499400}|CCCCCO{solv}{x=0.500600}>,C1CCOCC1,CCCCCO,Protein-Null-0.0.3-Pair-NMR-1E4-Umbrella-1E3-4-AAQAA3-1E3-3-OPC3_opc3,2,0.8311476432931666,0.0002326218816875,0.8425400000000002,0.00033
5367,1902,dhmix_472822428299818953,747,EnthalpyOfMixing,<Substance CC(C)CC(C)(C)C{solv}{x=0.700500}|CCCCO{solv}{x=0.299500}>,CC(C)CC(C)(C)C,CCCCO,Protein-Null-0.0.3-Pair-NMR-1E4-Umbrella-1E3-4-AAQAA3-1E3-3-OPC3_opc3,2,0.9005414481247556,0.0555227659578891,0.6228,0.0028
5368,1903,dhmix_628387028768654403,748,EnthalpyOfMixing,<Substance CC(C)CC(C)(C)C{solv}{x=0.499900}|CCCCO{solv}{x=0.500100}>,CC(C)CC(C)(C)C,CCCCO,Protein-Null-0.0.3-Pair-NMR-1E4-Umbrella-1E3-4-AAQAA3-1E3-3-OPC3_opc3,2,0.7084192445166053,0.0352328755487505,0.5938,0.0027
5369,1904,dens_631668933678639865,749,Density,<Substance CC(C)CC(C)(C)C{solv}{x=0.200000}|CCCCO{solv}{x=0.800000}>,CC(C)CC(C)(C)C,CCCCO,Protein-Null-0.0.3-Pair-NMR-1E4-Umbrella-1E3-4-AAQAA3-1E3-3-OPC3_opc3,2,0.7677443094374412,0.0002281717302585,0.7696800000000001,0.000295
5370,1905,dens_1394470087977586253,750,Density,<Substance CC(C)CC(C)(C)C{solv}{x=0.500000}|CCCCO{solv}{x=0.500000}>,CC(C)CC(C)(C)C,CCCCO,Protein-Null-0.0.3-Pair-NMR-1E4-Umbrella-1E3-4-AAQAA3-1E3-3-OPC3_opc3,2,0.7361173259463383,0.0002272869780452,0.7294000000000002,0.000285
5371,1906,dens_1809610870413503056,751,Density,<Substance CC(C)CC(C)(C)C{solv}{x=0.699900}|CCCCO{solv}{x=0.300100}>,CC(C)CC(C)(C)C,CCCCO,Protein-Null-0.0.3-Pair-NMR-1E4-Umbrella-1E3-4-AAQAA3-1E3-3-OPC3_opc3,2,0.7203079507929152,0.0001622336024911,0.7097700000000001,0.000285
5372,1907,dhmix_2302589146189152767,752,EnthalpyOfMixing,<Substance CC(C)CC(C)(C)C{solv}{x=0.200200}|CCCCO{solv}{x=0.799800}>,CC(C)CC(C)(C)C,CCCCO,Protein-Null-0.0.3-Pair-NMR-1E4-Umbrella-1E3-4-AAQAA3-1E3-3-OPC3_opc3,2,0.428244397734737,0.0473870431886097,0.27646,0.003235
5373,1908,dens_486902622078179007,753,Density,<Substance COC=O{solv}{x=0.494600}|CO{solv}{x=0.505400}>,CO,COC=O,Protein-Null-0.0.3-Pair-NMR-1E4-Umbrella-1E3-4-AAQAA3-1E3-3-OPC3_opc3,2,0.899200279174458,0.0003635570276099,0.8956100000000002,7.500000000000002e-05
5374,1909,dens_750646162221180186,754,Density,<Substance COC=O{solv}{x=0.083300}|CO{solv}{x=0.916700}>,CO,COC=O,Protein-Null-0.0.3-Pair-NMR-1E4-Umbrella-1E3-4-AAQAA3-1E3-3-OPC3_opc3,2,0.7892553600675933,0.0004160424263473,0.8088000000000002,9.000000000000002e-05
5375,1910,dhmix_1113631207235753369,755,EnthalpyOfMixing,<Substance COC=O{solv}{x=0.717800}|CO{solv}{x=0.282200}>,CO,COC=O,Protein-Null-0.0.3-Pair-NMR-1E4-Umbrella-1E3-4-AAQAA3-1E3-3-OPC3_opc3,2,0.7068266243821888,0.0303802589968752,1.105,0.012
5376,1911,dhmix_2143911117683117531,756,EnthalpyOfMixing,<Substance COC=O{solv}{x=0.512700}|CO{solv}{x=0.487300}>,CO,COC=O,Protein-Null-0.0.3-Pair-NMR-1E4-Umbrella-1E3-4-AAQAA3-1E3-3-OPC3_opc3,2,0.8127122934453386,0.0276105625798254,1.179,0.0125
5377,1912,dens_2148324189014877510,757,Density,<Substance COC=O{solv}{x=0.727100}|CO{solv}{x=0.272900}>,CO,COC=O,Protein-Null-0.0.3-Pair-NMR-1E4-Umbrella-1E3-4-AAQAA3-1E3-3-OPC3_opc3,2,0.9476884158594864,0.0003242337122559,0.9321000000000004,8.000000000000002e-05
5378,1913,dhmix_2205254965267695203,758,EnthalpyOfMixing,<Substance COC=O{solv}{x=0.083300}|CO{solv}{x=0.916700}>,CO,COC=O,Protein-Null-0.0.3-Pair-NMR-1E4-Umbrella-1E3-4-AAQAA3-1E3-3-OPC3_opc3,2,0.2694951937536345,0.0310113319644247,0.311,0.0035
5379,1914,dhmix_497300242003673148,759,EnthalpyOfMixing,<Substance BrCCBr{solv}{x=0.284100}|CCCCOC(=O)CCC{solv}{x=0.715900}>,BrCCBr,CCCCOC(=O)CCC,Protein-Null-0.0.3-Pair-NMR-1E4-Umbrella-1E3-4-AAQAA3-1E3-3-OPC3_opc3,2,-0.6104531018066766,0.053278774251784,-0.054,0.001
5380,1915,dhmix_712261179736749495,760,EnthalpyOfMixing,<Substance BrCCBr{solv}{x=0.515300}|CCCCOC(=O)CCC{solv}{x=0.484700}>,BrCCBr,CCCCOC(=O)CCC,Protein-Null-0.0.3-Pair-NMR-1E4-Umbrella-1E3-4-AAQAA3-1E3-3-OPC3_opc3,2,-0.8437517559597012,0.0399987507258893,-0.027,0.0005
5381,1916,dens_846614854165535724,761,Density,<Substance BrCCBr{solv}{x=0.212900}|CCCCOC(=O)CCC{solv}{x=0.787100}>,BrCCBr,CCCCOC(=O)CCC,Protein-Null-0.0.3-Pair-NMR-1E4-Umbrella-1E3-4-AAQAA3-1E3-3-OPC3_opc3,2,1.015815346705475,0.0001678877924968,1.0245500000000003,0.00013
5382,1917,dens_1085110183353279404,762,Density,<Substance BrCCBr{solv}{x=0.730000}|CCCCOC(=O)CCC{solv}{x=0.270000}>,BrCCBr,CCCCOC(=O)CCC,Protein-Null-0.0.3-Pair-NMR-1E4-Umbrella-1E3-4-AAQAA3-1E3-3-OPC3_opc3,2,1.5927523032416515,0.0003966326517315,1.6231500000000003,0.000405
5383,1918,dhmix_2153957437015117204,763,EnthalpyOfMixing,<Substance BrCCBr{solv}{x=0.763900}|CCCCOC(=O)CCC{solv}{x=0.236100}>,BrCCBr,CCCCOC(=O)CCC,Protein-Null-0.0.3-Pair-NMR-1E4-Umbrella-1E3-4-AAQAA3-1E3-3-OPC3_opc3,2,-0.4465191866262792,0.0363708734631228,0.051,0.001
5384,1919,dens_2242615301342819560,764,Density,<Substance BrCCBr{solv}{x=0.449300}|CCCCOC(=O)CCC{solv}{x=0.550700}>,BrCCBr,CCCCOC(=O)CCC,Protein-Null-0.0.3-Pair-NMR-1E4-Umbrella-1E3-4-AAQAA3-1E3-3-OPC3_opc3,2,1.2368883171244374,0.0002250470020353,1.2506100000000002,0.000225
5385,1920,dens_501060706627477242,765,Density,<Substance OC1=NCCC1{solv}{x=0.500000}|O{solv}{x=0.500000}>,O,OC1=NCCC1,Protein-Null-0.0.3-Pair-NMR-1E4-Umbrella-1E3-4-AAQAA3-1E3-3-OPC3_opc3,2,1.058228311777882,0.0008493517548956,1.0977070000000004,0.0005555
5386,1921,dens_929065521104254808,766,Density,<Substance OC1=NCCC1{solv}{x=0.744800}|O{solv}{x=0.255200}>,O,OC1=NCCC1,Protein-Null-0.0.3-Pair-NMR-1E4-Umbrella-1E3-4-AAQAA3-1E3-3-OPC3_opc3,2,1.064895660419319,0.0004109934535859,1.1044310000000004,0.000577
5387,1922,dhmix_1128968771311392860,767,EnthalpyOfMixing,<Substance OC1=NCCC1{solv}{x=0.769300}|O{solv}{x=0.230700}>,O,OC1=NCCC1,Protein-Null-0.0.3-Pair-NMR-1E4-Umbrella-1E3-4-AAQAA3-1E3-3-OPC3_opc3,2,0.8622943080984555,0.0335585882234231,-0.678,0.1695
5388,1923,dens_1192491633684345401,768,Density,<Substance OC1=NCCC1{solv}{x=0.246800}|O{solv}{x=0.753200}>,O,OC1=NCCC1,Protein-Null-0.0.3-Pair-NMR-1E4-Umbrella-1E3-4-AAQAA3-1E3-3-OPC3_opc3,2,1.0440891103359211,0.0003351483999804,1.077068,0.0004905
5389,1924,dhmix_1775375132531538271,769,EnthalpyOfMixing,<Substance OC1=NCCC1{solv}{x=0.478300}|O{solv}{x=0.521700}>,O,OC1=NCCC1,Protein-Null-0.0.3-Pair-NMR-1E4-Umbrella-1E3-4-AAQAA3-1E3-3-OPC3_opc3,2,0.8997720599473809,0.030248918843997,-0.8384,0.20965
5390,1925,dhmix_1895825007089845103,770,EnthalpyOfMixing,<Substance OC1=NCCC1{solv}{x=0.231900}|O{solv}{x=0.768100}>,O,OC1=NCCC1,Protein-Null-0.0.3-Pair-NMR-1E4-Umbrella-1E3-4-AAQAA3-1E3-3-OPC3_opc3,2,0.6920663617463703,0.0247868627290478,-0.5238,0.13095
5391,1926,dens_502738970558558534,771,Density,<Substance BrCCBr{solv}{x=0.749000}|COC=O{solv}{x=0.251000}>,BrCCBr,COC=O,Protein-Null-0.0.3-Pair-NMR-1E4-Umbrella-1E3-4-AAQAA3-1E3-3-OPC3_opc3,2,1.8858754824420936,0.0006548556985959,1.9319600000000008,0.003535
5392,1927,dhmix_523129341332875255,772,EnthalpyOfMixing,<Substance BrCCBr{solv}{x=0.059500}|COC=O{solv}{x=0.940500}>,BrCCBr,COC=O,Protein-Null-0.0.3-Pair-NMR-1E4-Umbrella-1E3-4-AAQAA3-1E3-3-OPC3_opc3,2,0.1467326947127298,0.035472735153958,0.1715,0.00215
5393,1928,dens_528986974844153101,773,Density,<Substance BrCCBr{solv}{x=0.059800}|COC=O{solv}{x=0.940200}>,BrCCBr,COC=O,Protein-Null-0.0.3-Pair-NMR-1E4-Umbrella-1E3-4-AAQAA3-1E3-3-OPC3_opc3,2,1.0885184067362104,0.0003633528577431,1.06428,0.00056
5394,1929,dhmix_1521152703631810888,774,EnthalpyOfMixing,<Substance BrCCBr{solv}{x=0.757400}|COC=O{solv}{x=0.242600}>,BrCCBr,COC=O,Protein-Null-0.0.3-Pair-NMR-1E4-Umbrella-1E3-4-AAQAA3-1E3-3-OPC3_opc3,2,0.5174892357149243,0.0288189179870973,0.653,0.00585
5395,1930,dhmix_1685647138770344206,775,EnthalpyOfMixing,<Substance BrCCBr{solv}{x=0.528100}|COC=O{solv}{x=0.471900}>,BrCCBr,COC=O,Protein-Null-0.0.3-Pair-NMR-1E4-Umbrella-1E3-4-AAQAA3-1E3-3-OPC3_opc3,2,0.4652002010760601,0.0282474566332639,0.8123,0.00705
5396,1931,dens_1945150067923572864,776,Density,<Substance BrCCBr{solv}{x=0.501500}|COC=O{solv}{x=0.498500}>,BrCCBr,COC=O,Protein-Null-0.0.3-Pair-NMR-1E4-Umbrella-1E3-4-AAQAA3-1E3-3-OPC3_opc3,2,1.6481094626575408,0.0005715817764802,1.6620300000000003,0.00232
5397,1932,dens_511283508189056955,777,Density,<Substance CCO{solv}{x=0.291400}|CN(C)CCO{solv}{x=0.708600}>,CCO,CN(C)CCO,Protein-Null-0.0.3-Pair-NMR-1E4-Umbrella-1E3-4-AAQAA3-1E3-3-OPC3_opc3,2,0.8712070715569034,0.0001815522473104,0.8710100000000002,0.000165
5398,1933,dhmix_1055456388735168345,778,EnthalpyOfMixing,<Substance CCO{solv}{x=0.508400}|CN(C)CCO{solv}{x=0.491600}>,CCO,CN(C)CCO,Protein-Null-0.0.3-Pair-NMR-1E4-Umbrella-1E3-4-AAQAA3-1E3-3-OPC3_opc3,2,-0.7932037925645119,0.0373118631146478,-0.4044,0.0044
5399,1934,dens_1119930253414624267,779,Density,<Substance CCO{solv}{x=0.699500}|CN(C)CCO{solv}{x=0.300500}>,CCO,CN(C)CCO,Protein-Null-0.0.3-Pair-NMR-1E4-Umbrella-1E3-4-AAQAA3-1E3-3-OPC3_opc3,2,0.8318865884817287,0.0002980892870244,0.8345000000000002,0.000135
5400,1935,dhmix_1132835222292135012,780,EnthalpyOfMixing,<Substance CCO{solv}{x=0.268600}|CN(C)CCO{solv}{x=0.731400}>,CCO,CN(C)CCO,Protein-Null-0.0.3-Pair-NMR-1E4-Umbrella-1E3-4-AAQAA3-1E3-3-OPC3_opc3,2,-0.4787491749531654,0.0432241627470931,-0.2783,0.0031
5401,1936,dens_1964926738263319597,781,Density,<Substance CCO{solv}{x=0.494900}|CN(C)CCO{solv}{x=0.505100}>,CCO,CN(C)CCO,Protein-Null-0.0.3-Pair-NMR-1E4-Umbrella-1E3-4-AAQAA3-1E3-3-OPC3_opc3,2,0.853574251072271,0.0002576338652876,0.8566200000000002,0.00015
5402,1937,dhmix_2011138895468245368,782,EnthalpyOfMixing,<Substance CCO{solv}{x=0.733500}|CN(C)CCO{solv}{x=0.266500}>,CCO,CN(C)CCO,Protein-Null-0.0.3-Pair-NMR-1E4-Umbrella-1E3-4-AAQAA3-1E3-3-OPC3_opc3,2,-0.6929025657548422,0.0358670733162171,-0.3657,0.004
5403,1938,dhmix_517287783481256565,783,EnthalpyOfMixing,<Substance CN(C)C=O{solv}{x=0.701000}|ClCCCCCl{solv}{x=0.299000}>,CN(C)C=O,ClCCCCCl,Protein-Null-0.0.3-Pair-NMR-1E4-Umbrella-1E3-4-AAQAA3-1E3-3-OPC3_opc3,2,0.4394334166827747,0.0379090355397646,-0.052,0.002
5404,1939,dens_765057686797526715,784,Density,<Substance CN(C)C=O{solv}{x=0.794300}|ClCCCCCl{solv}{x=0.205700}>,CN(C)C=O,ClCCCCCl,Protein-Null-0.0.3-Pair-NMR-1E4-Umbrella-1E3-4-AAQAA3-1E3-3-OPC3_opc3,2,0.9689869752201417,0.0002646735931769,0.9934000000000002,0.00245
5405,1940,dens_1092490027864410415,785,Density,<Substance CN(C)C=O{solv}{x=0.502200}|ClCCCCCl{solv}{x=0.497800}>,CN(C)C=O,ClCCCCCl,Protein-Null-0.0.3-Pair-NMR-1E4-Umbrella-1E3-4-AAQAA3-1E3-3-OPC3_opc3,2,1.030821599090198,0.0003127231570302,1.0524000000000004,0.0022
5406,1941,dens_1571926938169630329,786,Density,<Substance CN(C)C=O{solv}{x=0.299400}|ClCCCCCl{solv}{x=0.700600}>,CN(C)C=O,ClCCCCCl,Protein-Null-0.0.3-Pair-NMR-1E4-Umbrella-1E3-4-AAQAA3-1E3-3-OPC3_opc3,2,1.0667453216128966,0.0001986645128589,1.0879000000000003,0.0021
5407,1942,dhmix_1989422051580285053,787,EnthalpyOfMixing,<Substance CN(C)C=O{solv}{x=0.501000}|ClCCCCCl{solv}{x=0.499000}>,CN(C)C=O,ClCCCCCl,Protein-Null-0.0.3-Pair-NMR-1E4-Umbrella-1E3-4-AAQAA3-1E3-3-OPC3_opc3,2,0.5536176966763833,0.0397110946179185,-0.056,0.002
5408,1943,dhmix_2190775305913174779,788,EnthalpyOfMixing,<Substance CN(C)C=O{solv}{x=0.204000}|ClCCCCCl{solv}{x=0.796000}>,CN(C)C=O,ClCCCCCl,Protein-Null-0.0.3-Pair-NMR-1E4-Umbrella-1E3-4-AAQAA3-1E3-3-OPC3_opc3,2,0.4694347516401578,0.040276156499511,-0.039,0.002
5409,1944,dens_518199256039095036,789,Density,<Substance CCCCO{solv}{x=0.496400}|NCCN{solv}{x=0.503600}>,CCCCO,NCCN,Protein-Null-0.0.3-Pair-NMR-1E4-Umbrella-1E3-4-AAQAA3-1E3-3-OPC3_opc3,2,0.8851805284793716,0.0002902020493704,0.8519430000000002,0.000219
5410,1945,dens_866492593379488722,790,Density,<Substance CCCCO{solv}{x=0.739800}|NCCN{solv}{x=0.260200}>,CCCCO,NCCN,Protein-Null-0.0.3-Pair-NMR-1E4-Umbrella-1E3-4-AAQAA3-1E3-3-OPC3_opc3,2,0.8376822560324518,0.000196607621915,0.8325090000000002,0.000221
5411,1946,dens_2064365769538781360,791,Density,<Substance CCCCO{solv}{x=0.291900}|NCCN{solv}{x=0.708100}>,CCCCO,NCCN,Protein-Null-0.0.3-Pair-NMR-1E4-Umbrella-1E3-4-AAQAA3-1E3-3-OPC3_opc3,2,0.9326511019103336,0.0003280439892361,0.8676960000000002,0.0002205
5412,1947,dens_520201021244222151,792,Density,<Substance O=C1CCCO1{solv}{x=0.300000}|O{solv}{x=0.700000}>,O,O=C1CCCO1,Protein-Null-0.0.3-Pair-NMR-1E4-Umbrella-1E3-4-AAQAA3-1E3-3-OPC3_opc3,2,1.068093563040216,0.0003135548665932,1.0886000000000002,0.0001
5413,1948,dens_2198925124601089428,793,Density,<Substance O=C1CCCO1{solv}{x=0.500000}|O{solv}{x=0.500000}>,O,O=C1CCCO1,Protein-Null-0.0.3-Pair-NMR-1E4-Umbrella-1E3-4-AAQAA3-1E3-3-OPC3_opc3,2,1.083983979922365,0.0002694409286568,1.1059000000000003,0.0001
5414,1949,dens_2272207838075726438,794,Density,<Substance O=C1CCCO1{solv}{x=0.800000}|O{solv}{x=0.200000}>,O,O=C1CCCO1,Protein-Null-0.0.3-Pair-NMR-1E4-Umbrella-1E3-4-AAQAA3-1E3-3-OPC3_opc3,2,1.0967419257029207,0.000261585218255,1.1182000000000003,0.0001
5415,1950,dhmix_524376395520217080,795,EnthalpyOfMixing,<Substance CC(C)CC(C)(C)C{solv}{x=0.440700}|CCCC(=O)OC{solv}{x=0.559300}>,CC(C)CC(C)(C)C,CCCC(=O)OC,Protein-Null-0.0.3-Pair-NMR-1E4-Umbrella-1E3-4-AAQAA3-1E3-3-OPC3_opc3,2,1.4642396104293027,0.0435305636393431,1.053,0.0115
5416,1951,dens_581090592491592243,796,Density,<Substance CC(C)CC(C)(C)C{solv}{x=0.298100}|CCCC(=O)OC{solv}{x=0.701900}>,CC(C)CC(C)(C)C,CCCC(=O)OC,Protein-Null-0.0.3-Pair-NMR-1E4-Umbrella-1E3-4-AAQAA3-1E3-3-OPC3_opc3,2,0.8157237117306596,0.000219518944563,0.8119000000000002,0.000505
5417,1952,dens_1497434747823371430,797,Density,<Substance CC(C)CC(C)(C)C{solv}{x=0.724300}|CCCC(=O)OC{solv}{x=0.275700}>,CC(C)CC(C)(C)C,CCCC(=O)OC,Protein-Null-0.0.3-Pair-NMR-1E4-Umbrella-1E3-4-AAQAA3-1E3-3-OPC3_opc3,2,0.7394775125527996,0.0001724299305124,0.7279000000000001,0.000505
5418,1953,dhmix_1614087501371550297,798,EnthalpyOfMixing,<Substance CC(C)CC(C)(C)C{solv}{x=0.762900}|CCCC(=O)OC{solv}{x=0.237100}>,CC(C)CC(C)(C)C,CCCC(=O)OC,Protein-Null-0.0.3-Pair-NMR-1E4-Umbrella-1E3-4-AAQAA3-1E3-3-OPC3_opc3,2,1.3130913608554522,0.0534072037067908,0.789,0.0085
5419,1954,dens_1842979547629422953,799,Density,<Substance CC(C)CC(C)(C)C{solv}{x=0.441000}|CCCC(=O)OC{solv}{x=0.559000}>,CC(C)CC(C)(C)C,CCCC(=O)OC,Protein-Null-0.0.3-Pair-NMR-1E4-Umbrella-1E3-4-AAQAA3-1E3-3-OPC3_opc3,2,0.787461972894926,0.0002031000981417,0.7803000000000001,0.000505
5420,1955,dhmix_2246911102339588209,800,EnthalpyOfMixing,<Substance CC(C)CC(C)(C)C{solv}{x=0.298200}|CCCC(=O)OC{solv}{x=0.701800}>,CC(C)CC(C)(C)C,CCCC(=O)OC,Protein-Null-0.0.3-Pair-NMR-1E4-Umbrella-1E3-4-AAQAA3-1E3-3-OPC3_opc3,2,1.2916637231306538,0.0387074718880388,0.884,0.0095
5421,1956,dhmix_536798507677319129,801,EnthalpyOfMixing,<Substance C1COCO1{solv}{x=0.267900}|Cc1ccccc1Cl{solv}{x=0.732100}>,C1COCO1,Cc1ccccc1Cl,Protein-Null-0.0.3-Pair-NMR-1E4-Umbrella-1E3-4-AAQAA3-1E3-3-OPC3_opc3,2,0.2618758992948073,0.0395508055104191,0.272,0.0015
5422,1957,dens_559535483529614058,802,Density,<Substance C1COCO1{solv}{x=0.726600}|Cc1ccccc1Cl{solv}{x=0.273400}>,C1COCO1,Cc1ccccc1Cl,Protein-Null-0.0.3-Pair-NMR-1E4-Umbrella-1E3-4-AAQAA3-1E3-3-OPC3_opc3,2,1.0845000272945926,0.0002711030470887,1.0652000000000004,0.0005
5423,1958,dens_731520844601672570,803,Density,<Substance C1COCO1{solv}{x=0.268500}|Cc1ccccc1Cl{solv}{x=0.731500}>,C1COCO1,Cc1ccccc1Cl,Protein-Null-0.0.3-Pair-NMR-1E4-Umbrella-1E3-4-AAQAA3-1E3-3-OPC3_opc3,2,1.0643349492800267,0.0001982844233531,1.0630000000000002,0.0005
5424,1959,dens_839907656840905053,804,Density,<Substance C1COCO1{solv}{x=0.516900}|Cc1ccccc1Cl{solv}{x=0.483100}>,C1COCO1,Cc1ccccc1Cl,Protein-Null-0.0.3-Pair-NMR-1E4-Umbrella-1E3-4-AAQAA3-1E3-3-OPC3_opc3,2,1.0801313097382834,0.00025598169815,1.0694000000000004,0.0005
5425,1960,dhmix_1308085019204784636,805,EnthalpyOfMixing,<Substance C1COCO1{solv}{x=0.500900}|Cc1ccccc1Cl{solv}{x=0.499100}>,C1COCO1,Cc1ccccc1Cl,Protein-Null-0.0.3-Pair-NMR-1E4-Umbrella-1E3-4-AAQAA3-1E3-3-OPC3_opc3,2,0.3404952070410445,0.0393361632645225,0.393,0.002
5426,1961,dhmix_1924685013370154802,806,EnthalpyOfMixing,<Substance C1COCO1{solv}{x=0.760400}|Cc1ccccc1Cl{solv}{x=0.239600}>,C1COCO1,Cc1ccccc1Cl,Protein-Null-0.0.3-Pair-NMR-1E4-Umbrella-1E3-4-AAQAA3-1E3-3-OPC3_opc3,2,0.3522875408421839,0.0381891260535349,0.313,0.0015
5427,1962,dhmix_549919019055097043,807,EnthalpyOfMixing,<Substance C1CCCCC1{solv}{x=0.799100}|CC(C)O{solv}{x=0.200900}>,C1CCCCC1,CC(C)O,Protein-Null-0.0.3-Pair-NMR-1E4-Umbrella-1E3-4-AAQAA3-1E3-3-OPC3_opc3,2,0.7238428523473459,0.0454929237123893,0.702,0.017
5428,1963,dhmix_1101575580592240663,808,EnthalpyOfMixing,<Substance C1CCCCC1{solv}{x=0.199500}|CC(C)O{solv}{x=0.800500}>,C1CCCCC1,CC(C)O,Protein-Null-0.0.3-Pair-NMR-1E4-Umbrella-1E3-4-AAQAA3-1E3-3-OPC3_opc3,2,0.5540342706172117,0.0364811101480853,0.438,0.011
5429,1964,dhmix_1262965345724899699,809,EnthalpyOfMixing,<Substance C1CCCCC1{solv}{x=0.498400}|CC(C)O{solv}{x=0.501600}>,C1CCCCC1,CC(C)O,Protein-Null-0.0.3-Pair-NMR-1E4-Umbrella-1E3-4-AAQAA3-1E3-3-OPC3_opc3,2,0.955537742473318,0.0342006618341473,0.801,0.0195
5430,1965,dens_1431184569437551541,810,Density,<Substance C1CCCCC1{solv}{x=0.705800}|CC(C)O{solv}{x=0.294200}>,C1CCCCC1,CC(C)O,Protein-Null-0.0.3-Pair-NMR-1E4-Umbrella-1E3-4-AAQAA3-1E3-3-OPC3_opc3,2,0.7570116327979683,0.0002645278655986,0.7711100000000002,0.000245
5431,1966,dens_2097249982689376165,811,Density,<Substance C1CCCCC1{solv}{x=0.200000}|CC(C)O{solv}{x=0.800000}>,C1CCCCC1,CC(C)O,Protein-Null-0.0.3-Pair-NMR-1E4-Umbrella-1E3-4-AAQAA3-1E3-3-OPC3_opc3,2,0.7792752908987642,0.0002588159288044,0.7761000000000002,0.0003
5432,1967,dens_2130071224188444793,812,Density,<Substance C1CCCCC1{solv}{x=0.503900}|CC(C)O{solv}{x=0.496100}>,C1CCCCC1,CC(C)O,Protein-Null-0.0.3-Pair-NMR-1E4-Umbrella-1E3-4-AAQAA3-1E3-3-OPC3_opc3,2,0.7635664008741646,0.000201009752954,0.7719000000000001,0.0003
5433,1968,dens_562489367284385084,813,Density,<Substance CCCCC(=O)OC{solv}{x=0.251100}|COC(C)=O{solv}{x=0.748900}>,CCCCC(=O)OC,COC(C)=O,Protein-Null-0.0.3-Pair-NMR-1E4-Umbrella-1E3-4-AAQAA3-1E3-3-OPC3_opc3,2,0.9127902831090488,0.0002364327786971,0.9105300000000002,0.000505
5434,1969,dhmix_814771684244180933,814,EnthalpyOfMixing,<Substance CCCCC(=O)OC{solv}{x=0.733900}|COC(C)=O{solv}{x=0.266100}>,CCCCC(=O)OC,COC(C)=O,Protein-Null-0.0.3-Pair-NMR-1E4-Umbrella-1E3-4-AAQAA3-1E3-3-OPC3_opc3,2,0.1189904293372304,0.0421649594106152,0.178,0.002
5435,1970,dhmix_915202362324204655,815,EnthalpyOfMixing,<Substance CCCCC(=O)OC{solv}{x=0.505500}|COC(C)=O{solv}{x=0.494500}>,CCCCC(=O)OC,COC(C)=O,Protein-Null-0.0.3-Pair-NMR-1E4-Umbrella-1E3-4-AAQAA3-1E3-3-OPC3_opc3,2,0.0581328117371171,0.0402204819161492,0.238,0.0025
5436,1971,dhmix_935892165648195197,816,EnthalpyOfMixing,<Substance CCCCC(=O)OC{solv}{x=0.234700}|COC(C)=O{solv}{x=0.765300}>,CCCCC(=O)OC,COC(C)=O,Protein-Null-0.0.3-Pair-NMR-1E4-Umbrella-1E3-4-AAQAA3-1E3-3-OPC3_opc3,2,0.0858941019031576,0.0345134819941337,0.173,0.002
5437,1972,dens_961692445804333991,817,Density,<Substance CCCCC(=O)OC{solv}{x=0.738300}|COC(C)=O{solv}{x=0.261700}>,CCCCC(=O)OC,COC(C)=O,Protein-Null-0.0.3-Pair-NMR-1E4-Umbrella-1E3-4-AAQAA3-1E3-3-OPC3_opc3,2,0.8896739127615124,0.0002116913330383,0.8914700000000002,0.000505
5438,1973,dens_1493380961688632529,818,Density,<Substance CCCCC(=O)OC{solv}{x=0.493500}|COC(C)=O{solv}{x=0.506500}>,CCCCC(=O)OC,COC(C)=O,Protein-Null-0.0.3-Pair-NMR-1E4-Umbrella-1E3-4-AAQAA3-1E3-3-OPC3_opc3,2,0.8996654357347926,0.0002399268956015,0.8996200000000002,0.000505
5439,1974,dhmix_563342363018905515,819,EnthalpyOfMixing,<Substance CCOC(=O)CC(C)=O{solv}{x=0.751400}|O{solv}{x=0.248600}>,CCOC(=O)CC(C)=O,O,Protein-Null-0.0.3-Pair-NMR-1E4-Umbrella-1E3-4-AAQAA3-1E3-3-OPC3_opc3,2,0.7365463804783303,0.0420100009292499,1.128,0.012
5440,1975,dhmix_1385095028103136291,820,EnthalpyOfMixing,<Substance CCOC(=O)CC(C)=O{solv}{x=0.449100}|O{solv}{x=0.550900}>,CCOC(=O)CC(C)=O,O,Protein-Null-0.0.3-Pair-NMR-1E4-Umbrella-1E3-4-AAQAA3-1E3-3-OPC3_opc3,2,0.6014048451389442,0.0345317463532125,0.684,0.0075
5441,1976,dhmix_1609967394780907654,821,EnthalpyOfMixing,<Substance CCOC(=O)CC(C)=O{solv}{x=0.299400}|O{solv}{x=0.700600}>,CCOC(=O)CC(C)=O,O,Protein-Null-0.0.3-Pair-NMR-1E4-Umbrella-1E3-4-AAQAA3-1E3-3-OPC3_opc3,2,0.3501500160690938,0.031177146447101,0.428,0.005
5442,1977,dhmix_566259260175961973,822,EnthalpyOfMixing,<Substance CCCCO{solv}{x=0.144700}|OC1=NCCC1{solv}{x=0.855300}>,CCCCO,OC1=NCCC1,Protein-Null-0.0.3-Pair-NMR-1E4-Umbrella-1E3-4-AAQAA3-1E3-3-OPC3_opc3,2,0.866271446790563,0.0376169401607357,0.0949,0.0012
5443,1978,dens_1146983614802652988,823,Density,<Substance CCCCO{solv}{x=0.500400}|OC1=NCCC1{solv}{x=0.499600}>,CCCCO,OC1=NCCC1,Protein-Null-0.0.3-Pair-NMR-1E4-Umbrella-1E3-4-AAQAA3-1E3-3-OPC3_opc3,2,0.9255568100186788,0.0002100805475677,0.94503,0.00015
5444,1979,dhmix_1601732489230179724,824,EnthalpyOfMixing,<Substance CCCCO{solv}{x=0.497800}|OC1=NCCC1{solv}{x=0.502200}>,CCCCO,OC1=NCCC1,Protein-Null-0.0.3-Pair-NMR-1E4-Umbrella-1E3-4-AAQAA3-1E3-3-OPC3_opc3,2,1.5597855512772298,0.0400522744531308,0.2326,0.0026
5445,1980,dhmix_1661138478850718837,825,EnthalpyOfMixing,<Substance CCCCO{solv}{x=0.754800}|OC1=NCCC1{solv}{x=0.245200}>,CCCCO,OC1=NCCC1,Protein-Null-0.0.3-Pair-NMR-1E4-Umbrella-1E3-4-AAQAA3-1E3-3-OPC3_opc3,2,1.29619889282877,0.0349395579506186,0.2356,0.00265
5446,1981,dens_1878955695276199878,826,Density,<Substance CCCCO{solv}{x=0.144600}|OC1=NCCC1{solv}{x=0.855400}>,CCCCO,OC1=NCCC1,Protein-Null-0.0.3-Pair-NMR-1E4-Umbrella-1E3-4-AAQAA3-1E3-3-OPC3_opc3,2,1.0227015181772228,0.0002147433100427,1.0575900000000005,0.000205
5447,1982,dens_2101998760005952263,827,Density,<Substance CCCCO{solv}{x=0.755500}|OC1=NCCC1{solv}{x=0.244500}>,CCCCO,OC1=NCCC1,Protein-Null-0.0.3-Pair-NMR-1E4-Umbrella-1E3-4-AAQAA3-1E3-3-OPC3_opc3,2,0.8583523765587135,0.0002136136194478,0.8711500000000002,0.000185
5448,1983,dhmix_569012254773025696,828,EnthalpyOfMixing,<Substance CC(C)(C)O{solv}{x=0.505700}|OC1=NCCC1{solv}{x=0.494300}>,CC(C)(C)O,OC1=NCCC1,Protein-Null-0.0.3-Pair-NMR-1E4-Umbrella-1E3-4-AAQAA3-1E3-3-OPC3_opc3,2,1.8906714807900613,0.0362828740895435,0.4323,0.0047
5449,1984,dens_992979807705536615,829,Density,<Substance CC(C)(C)O{solv}{x=0.751100}|OC1=NCCC1{solv}{x=0.248900}>,CC(C)(C)O,OC1=NCCC1,Protein-Null-0.0.3-Pair-NMR-1E4-Umbrella-1E3-4-AAQAA3-1E3-3-OPC3_opc3,2,0.8678329624316846,0.0003215913419999,0.8505700000000003,0.000215
5450,1985,dens_1020722913861580636,830,Density,<Substance CC(C)(C)O{solv}{x=0.499700}|OC1=NCCC1{solv}{x=0.500300}>,CC(C)(C)O,OC1=NCCC1,Protein-Null-0.0.3-Pair-NMR-1E4-Umbrella-1E3-4-AAQAA3-1E3-3-OPC3_opc3,2,0.9302602969874482,0.0002472830201392,0.9282800000000002,0.00018
5451,1986,dhmix_1408261346335628114,831,EnthalpyOfMixing,<Substance CC(C)(C)O{solv}{x=0.744900}|OC1=NCCC1{solv}{x=0.255100}>,CC(C)(C)O,OC1=NCCC1,Protein-Null-0.0.3-Pair-NMR-1E4-Umbrella-1E3-4-AAQAA3-1E3-3-OPC3_opc3,2,1.8345490776720084,0.0393959996641384,0.3774,0.00415
5452,1987,dhmix_1466823939183874689,832,EnthalpyOfMixing,<Substance CC(C)(C)O{solv}{x=0.257800}|OC1=NCCC1{solv}{x=0.742200}>,CC(C)(C)O,OC1=NCCC1,Protein-Null-0.0.3-Pair-NMR-1E4-Umbrella-1E3-4-AAQAA3-1E3-3-OPC3_opc3,2,1.237118806416504,0.0336273942172375,0.2874,0.0032
5453,1988,dens_1768273433543243004,833,Density,<Substance CC(C)(C)O{solv}{x=0.276400}|OC1=NCCC1{solv}{x=0.723600}>,CC(C)(C)O,OC1=NCCC1,Protein-Null-0.0.3-Pair-NMR-1E4-Umbrella-1E3-4-AAQAA3-1E3-3-OPC3_opc3,2,0.9893167306045504,0.0002517668018716,1.0036300000000002,0.000155
5454,1989,dens_571827819113574480,834,Density,<Substance CC(C)OC(C)C{solv}{x=0.700400}|Cc1ccccc1{solv}{x=0.299600}>,CC(C)OC(C)C,Cc1ccccc1,Protein-Null-0.0.3-Pair-NMR-1E4-Umbrella-1E3-4-AAQAA3-1E3-3-OPC3_opc3,2,0.7688030069374888,0.0002394749953378,0.7573100000000001,0.000155
5455,1990,dhmix_686402805609192969,835,EnthalpyOfMixing,<Substance CC(C)OC(C)C{solv}{x=0.228000}|Cc1ccccc1{solv}{x=0.772000}>,CC(C)OC(C)C,Cc1ccccc1,Protein-Null-0.0.3-Pair-NMR-1E4-Umbrella-1E3-4-AAQAA3-1E3-3-OPC3_opc3,2,-0.233826236228424,0.0402029954615603,0.0593,0.00515
5456,1991,dhmix_1045652173440309018,836,EnthalpyOfMixing,<Substance CC(C)OC(C)C{solv}{x=0.752000}|Cc1ccccc1{solv}{x=0.248000}>,CC(C)OC(C)C,Cc1ccccc1,Protein-Null-0.0.3-Pair-NMR-1E4-Umbrella-1E3-4-AAQAA3-1E3-3-OPC3_opc3,2,-0.1472087309138601,0.0463481693782685,-0.0091,0.00505
5457,1992,dhmix_1690461453403165745,837,EnthalpyOfMixing,<Substance CC(C)OC(C)C{solv}{x=0.455000}|Cc1ccccc1{solv}{x=0.545000}>,CC(C)OC(C)C,Cc1ccccc1,Protein-Null-0.0.3-Pair-NMR-1E4-Umbrella-1E3-4-AAQAA3-1E3-3-OPC3_opc3,2,-0.2669321558887887,0.0353084944205652,0.0323,0.0051
5458,1993,dens_2086775654110573795,838,Density,<Substance CC(C)OC(C)C{solv}{x=0.200400}|Cc1ccccc1{solv}{x=0.799600}>,CC(C)OC(C)C,Cc1ccccc1,Protein-Null-0.0.3-Pair-NMR-1E4-Umbrella-1E3-4-AAQAA3-1E3-3-OPC3_opc3,2,0.8235042772290533,0.0002417020990256,0.8299700000000002,0.00014
5459,1994,dens_2167043968237201720,839,Density,<Substance CC(C)OC(C)C{solv}{x=0.500300}|Cc1ccccc1{solv}{x=0.499700}>,CC(C)OC(C)C,Cc1ccccc1,Protein-Null-0.0.3-Pair-NMR-1E4-Umbrella-1E3-4-AAQAA3-1E3-3-OPC3_opc3,2,0.7898921276880978,0.0002390601117163,0.7849200000000002,0.000155
5460,1995,dhmix_578047845607378963,840,EnthalpyOfMixing,<Substance CN1CCCC1=O{solv}{x=0.635900}|c1ccncc1{solv}{x=0.364100}>,CN1CCCC1=O,c1ccncc1,Protein-Null-0.0.3-Pair-NMR-1E4-Umbrella-1E3-4-AAQAA3-1E3-3-OPC3_opc3,2,-0.3349048722243797,0.0392041851192929,-0.4013,0.10035
5461,1996,dhmix_625120262301063359,841,EnthalpyOfMixing,<Substance CN1CCCC1=O{solv}{x=0.231200}|c1ccncc1{solv}{x=0.768800}>,CN1CCCC1=O,c1ccncc1,Protein-Null-0.0.3-Pair-NMR-1E4-Umbrella-1E3-4-AAQAA3-1E3-3-OPC3_opc3,2,-0.259018388515889,0.0368372600255103,-0.3157,0.07895
5462,1997,dens_1059919274311274879,842,Density,<Substance CN1CCCC1=O{solv}{x=0.521500}|c1ccncc1{solv}{x=0.478500}>,CN1CCCC1=O,c1ccncc1,Protein-Null-0.0.3-Pair-NMR-1E4-Umbrella-1E3-4-AAQAA3-1E3-3-OPC3_opc3,2,0.9914798011181978,0.0002354595087125,1.0158200000000004,0.00051
5463,1998,dens_1445187430653020908,843,Density,<Substance CN1CCCC1=O{solv}{x=0.234800}|c1ccncc1{solv}{x=0.765200}>,CN1CCCC1=O,c1ccncc1,Protein-Null-0.0.3-Pair-NMR-1E4-Umbrella-1E3-4-AAQAA3-1E3-3-OPC3_opc3,2,0.9843451090498616,0.0002670857615802,0.9983500000000004,0.00051
5464,1999,dhmix_1933003504821603087,844,EnthalpyOfMixing,<Substance CN1CCCC1=O{solv}{x=0.499500}|c1ccncc1{solv}{x=0.500500}>,CN1CCCC1=O,c1ccncc1,Protein-Null-0.0.3-Pair-NMR-1E4-Umbrella-1E3-4-AAQAA3-1E3-3-OPC3_opc3,2,-0.3910017838393353,0.0359710138443578,-0.4356,0.1089
5465,2000,dens_2199047009222847682,845,Density,<Substance CN1CCCC1=O{solv}{x=0.636400}|c1ccncc1{solv}{x=0.363600}>,CN1CCCC1=O,c1ccncc1,Protein-Null-0.0.3-Pair-NMR-1E4-Umbrella-1E3-4-AAQAA3-1E3-3-OPC3_opc3,2,0.993812083095753,0.0001981384918836,1.0207400000000002,0.00051
5466,2001,dens_586351122522837789,846,Density,<Substance c1cc[nH]c1{solv}{x=0.820700}|c1ccccc1{solv}{x=0.179300}>,c1cc[nH]c1,c1ccccc1,Protein-Null-0.0.3-Pair-NMR-1E4-Umbrella-1E3-4-AAQAA3-1E3-3-OPC3_opc3,2,0.954093190384981,0.0002636004297211,0.9503300000000002,0.000195
5467,2002,dhmix_1101447260293284221,847,EnthalpyOfMixing,<Substance c1cc[nH]c1{solv}{x=0.494000}|c1ccccc1{solv}{x=0.506000}>,c1cc[nH]c1,c1ccccc1,Protein-Null-0.0.3-Pair-NMR-1E4-Umbrella-1E3-4-AAQAA3-1E3-3-OPC3_opc3,2,0.5717404992820576,0.0372888489098864,0.609,0.00395
5468,2003,dens_1366042600317618213,848,Density,<Substance c1cc[nH]c1{solv}{x=0.503000}|c1ccccc1{solv}{x=0.497000}>,c1cc[nH]c1,c1ccccc1,Protein-Null-0.0.3-Pair-NMR-1E4-Umbrella-1E3-4-AAQAA3-1E3-3-OPC3_opc3,2,0.9129319118045364,0.0002239074050318,0.9220400000000002,0.00019
5469,2004,dens_2042223650153961549,849,Density,<Substance c1cc[nH]c1{solv}{x=0.314200}|c1ccccc1{solv}{x=0.685800}>,c1cc[nH]c1,c1ccccc1,Protein-Null-0.0.3-Pair-NMR-1E4-Umbrella-1E3-4-AAQAA3-1E3-3-OPC3_opc3,2,0.891973102339329,0.0003234612526865,0.9043500000000002,0.000195
5470,2005,dhmix_2080652523589171296,850,EnthalpyOfMixing,<Substance c1cc[nH]c1{solv}{x=0.820800}|c1ccccc1{solv}{x=0.179200}>,c1cc[nH]c1,c1ccccc1,Protein-Null-0.0.3-Pair-NMR-1E4-Umbrella-1E3-4-AAQAA3-1E3-3-OPC3_opc3,2,0.3121426589760006,0.0319585085941759,0.3441,0.00245
5471,2006,dhmix_2101365800313583195,851,EnthalpyOfMixing,<Substance c1cc[nH]c1{solv}{x=0.314000}|c1ccccc1{solv}{x=0.686000}>,c1cc[nH]c1,c1ccccc1,Protein-Null-0.0.3-Pair-NMR-1E4-Umbrella-1E3-4-AAQAA3-1E3-3-OPC3_opc3,2,0.5564248991903327,0.0372261714653922,0.5893,0.00385
5472,2007,dens_592296207180530796,852,Density,<Substance C1CCNCC1{solv}{x=0.250000}|O{solv}{x=0.750000}>,C1CCNCC1,O,Protein-Null-0.0.3-Pair-NMR-1E4-Umbrella-1E3-4-AAQAA3-1E3-3-OPC3_opc3,2,0.91794060859616,0.0003249944220841,0.9379600000000002,0.000185
5473,2008,dhmix_598563182385523239,853,EnthalpyOfMixing,<Substance C1CCNCC1{solv}{x=0.750000}|O{solv}{x=0.250000}>,C1CCNCC1,O,Protein-Null-0.0.3-Pair-NMR-1E4-Umbrella-1E3-4-AAQAA3-1E3-3-OPC3_opc3,2,-0.7958902914399033,0.0428744610918223,-1.4628,0.02995
5474,2009,dens_1144696340343060729,854,Density,<Substance C1CCNCC1{solv}{x=0.500000}|O{solv}{x=0.500000}>,C1CCNCC1,O,Protein-Null-0.0.3-Pair-NMR-1E4-Umbrella-1E3-4-AAQAA3-1E3-3-OPC3_opc3,2,0.8904050583784945,0.0002710989218233,0.90329,0.000235
5475,2010,dens_1551117370864361960,855,Density,<Substance C1CCNCC1{solv}{x=0.750000}|O{solv}{x=0.250000}>,C1CCNCC1,O,Protein-Null-0.0.3-Pair-NMR-1E4-Umbrella-1E3-4-AAQAA3-1E3-3-OPC3_opc3,2,0.8736604107435318,0.0001995879293271,0.8771300000000002,0.000285
5476,2011,dhmix_2023343497633678069,856,EnthalpyOfMixing,<Substance C1CCNCC1{solv}{x=0.500000}|O{solv}{x=0.500000}>,C1CCNCC1,O,Protein-Null-0.0.3-Pair-NMR-1E4-Umbrella-1E3-4-AAQAA3-1E3-3-OPC3_opc3,2,-1.172446406994533,0.0289637053240396,-2.1379,0.04355
5477,2012,dhmix_2169709193905404129,857,EnthalpyOfMixing,<Substance C1CCNCC1{solv}{x=0.250000}|O{solv}{x=0.750000}>,C1CCNCC1,O,Protein-Null-0.0.3-Pair-NMR-1E4-Umbrella-1E3-4-AAQAA3-1E3-3-OPC3_opc3,2,-1.034036803046499,0.0275125075281664,-1.9642,0.04065
5478,2013,dhmix_597694390671293228,858,EnthalpyOfMixing,<Substance C1CCCCC1{solv}{x=0.495000}|c1cc[nH]c1{solv}{x=0.505000}>,C1CCCCC1,c1cc[nH]c1,Protein-Null-0.0.3-Pair-NMR-1E4-Umbrella-1E3-4-AAQAA3-1E3-3-OPC3_opc3,2,1.4680587025619047,0.0416116690964212,1.4275,0.00895
5479,2014,dens_1402964712081643759,859,Density,<Substance C1CCCCC1{solv}{x=0.281700}|c1cc[nH]c1{solv}{x=0.718300}>,C1CCCCC1,c1cc[nH]c1,Protein-Null-0.0.3-Pair-NMR-1E4-Umbrella-1E3-4-AAQAA3-1E3-3-OPC3_opc3,2,0.8854878979683289,0.0002691507990351,0.9082800000000002,0.00023
5480,2015,dens_1463337814181203578,860,Density,<Substance C1CCCCC1{solv}{x=0.925100}|c1cc[nH]c1{solv}{x=0.074900}>,C1CCCCC1,c1cc[nH]c1,Protein-Null-0.0.3-Pair-NMR-1E4-Umbrella-1E3-4-AAQAA3-1E3-3-OPC3_opc3,2,0.7604713388933183,0.0002129791012601,0.7860300000000001,0.00026
5481,2016,dens_1586039458655447443,861,Density,<Substance C1CCCCC1{solv}{x=0.494200}|c1cc[nH]c1{solv}{x=0.505800}>,C1CCCCC1,c1cc[nH]c1,Protein-Null-0.0.3-Pair-NMR-1E4-Umbrella-1E3-4-AAQAA3-1E3-3-OPC3_opc3,2,0.8334001883885661,0.0002466086431305,0.8661300000000002,0.000235
5482,2017,dhmix_1650717903260721901,862,EnthalpyOfMixing,<Substance C1CCCCC1{solv}{x=0.924800}|c1cc[nH]c1{solv}{x=0.075200}>,C1CCCCC1,c1cc[nH]c1,Protein-Null-0.0.3-Pair-NMR-1E4-Umbrella-1E3-4-AAQAA3-1E3-3-OPC3_opc3,2,0.7717579926969051,0.0484652277404934,0.7315,0.00535
5483,2018,dhmix_1709124910710738018,863,EnthalpyOfMixing,<Substance C1CCCCC1{solv}{x=0.281800}|c1cc[nH]c1{solv}{x=0.718200}>,C1CCCCC1,c1cc[nH]c1,Protein-Null-0.0.3-Pair-NMR-1E4-Umbrella-1E3-4-AAQAA3-1E3-3-OPC3_opc3,2,1.3798225611659376,0.0336230261178957,1.245,0.00795
5484,2019,dhmix_602003453564252918,864,EnthalpyOfMixing,<Substance COc1ccccc1{solv}{x=0.767000}|OCCc1ccccc1{solv}{x=0.233000}>,COc1ccccc1,OCCc1ccccc1,Protein-Null-0.0.3-Pair-NMR-1E4-Umbrella-1E3-4-AAQAA3-1E3-3-OPC3_opc3,2,0.8309402187143817,0.0445505929230623,1.1154,0.01195
5485,2020,dhmix_831666159864093343,865,EnthalpyOfMixing,<Substance COc1ccccc1{solv}{x=0.267800}|OCCc1ccccc1{solv}{x=0.732200}>,COc1ccccc1,OCCc1ccccc1,Protein-Null-0.0.3-Pair-NMR-1E4-Umbrella-1E3-4-AAQAA3-1E3-3-OPC3_opc3,2,0.6863511264811564,0.046384881269577,0.688,0.00745
5486,2021,dhmix_1415130215717622630,866,EnthalpyOfMixing,<Substance COc1ccccc1{solv}{x=0.523200}|OCCc1ccccc1{solv}{x=0.476800}>,COc1ccccc1,OCCc1ccccc1,Protein-Null-0.0.3-Pair-NMR-1E4-Umbrella-1E3-4-AAQAA3-1E3-3-OPC3_opc3,2,0.9766913944682188,0.0472892057544724,1.0457,0.0112
5487,2022,dens_2018050376435813399,867,Density,<Substance COc1ccccc1{solv}{x=0.767300}|OCCc1ccccc1{solv}{x=0.232700}>,COc1ccccc1,OCCc1ccccc1,Protein-Null-0.0.3-Pair-NMR-1E4-Umbrella-1E3-4-AAQAA3-1E3-3-OPC3_opc3,2,0.9735026471195616,0.000211253614863,0.9869000000000002,0.00026
5488,2023,dens_2083067547090229321,868,Density,<Substance COc1ccccc1{solv}{x=0.524500}|OCCc1ccccc1{solv}{x=0.475500}>,COc1ccccc1,OCCc1ccccc1,Protein-Null-0.0.3-Pair-NMR-1E4-Umbrella-1E3-4-AAQAA3-1E3-3-OPC3_opc3,2,0.9817921480499162,0.0002230787792478,0.9943600000000002,0.00026
5489,2024,dens_2108796896152795987,869,Density,<Substance COc1ccccc1{solv}{x=0.212100}|OCCc1ccccc1{solv}{x=0.787900}>,COc1ccccc1,OCCc1ccccc1,Protein-Null-0.0.3-Pair-NMR-1E4-Umbrella-1E3-4-AAQAA3-1E3-3-OPC3_opc3,2,0.9920486335255936,0.0002415415880328,1.0032600000000005,0.00026
5490,2025,dhmix_607389561715885318,870,EnthalpyOfMixing,<Substance CC(C)O{solv}{x=0.750600}|CCOC(=O)CC(=O)OCC{solv}{x=0.249400}>,CC(C)O,CCOC(=O)CC(=O)OCC,Protein-Null-0.0.3-Pair-NMR-1E4-Umbrella-1E3-4-AAQAA3-1E3-3-OPC3_opc3,2,1.78953375002925,0.0308556054768235,1.955,0.021
5491,2026,dhmix_970997719035766241,871,EnthalpyOfMixing,<Substance CC(C)O{solv}{x=0.249200}|CCOC(=O)CC(=O)OCC{solv}{x=0.750800}>,CC(C)O,CCOC(=O)CC(=O)OCC,Protein-Null-0.0.3-Pair-NMR-1E4-Umbrella-1E3-4-AAQAA3-1E3-3-OPC3_opc3,2,1.5425820689500824,0.0561763860751157,1.804,0.0195
5492,2027,dens_1055220895195342210,872,Density,<Substance CC(C)O{solv}{x=0.700000}|CCOC(=O)CC(=O)OCC{solv}{x=0.300000}>,CC(C)O,CCOC(=O)CC(=O)OCC,Protein-Null-0.0.3-Pair-NMR-1E4-Umbrella-1E3-4-AAQAA3-1E3-3-OPC3_opc3,2,0.9174943187968596,0.0002521636807928,0.9013080000000002,0.000163
5493,2028,dens_1059428282849222105,873,Density,<Substance CC(C)O{solv}{x=0.500100}|CCOC(=O)CC(=O)OCC{solv}{x=0.499900}>,CC(C)O,CCOC(=O)CC(=O)OCC,Protein-Null-0.0.3-Pair-NMR-1E4-Umbrella-1E3-4-AAQAA3-1E3-3-OPC3_opc3,2,0.972707370259879,0.0001659563825212,0.9563730000000004,0.0001215
5494,2029,dhmix_2225069850502215858,874,EnthalpyOfMixing,<Substance CC(C)O{solv}{x=0.499700}|CCOC(=O)CC(=O)OCC{solv}{x=0.500300}>,CC(C)O,CCOC(=O)CC(=O)OCC,Protein-Null-0.0.3-Pair-NMR-1E4-Umbrella-1E3-4-AAQAA3-1E3-3-OPC3_opc3,2,2.040246825059114,0.0418200365914103,2.369,0.0255
5495,2030,dens_2227064517025896927,875,Density,<Substance CC(C)O{solv}{x=0.200000}|CCOC(=O)CC(=O)OCC{solv}{x=0.800000}>,CC(C)O,CCOC(=O)CC(=O)OCC,Protein-Null-0.0.3-Pair-NMR-1E4-Umbrella-1E3-4-AAQAA3-1E3-3-OPC3_opc3,2,1.033051168661783,0.0002329186490722,1.0176930000000002,0.000103
5496,2031,dhmix_614525131410782877,876,EnthalpyOfMixing,<Substance CCCCCC(C)=O{solv}{x=0.491300}|CCCCNCCCC{solv}{x=0.508700}>,CCCCCC(C)=O,CCCCNCCCC,Protein-Null-0.0.3-Pair-NMR-1E4-Umbrella-1E3-4-AAQAA3-1E3-3-OPC3_opc3,2,-0.0516150974585372,0.0509471679040339,0.278,0.003
5497,2032,dhmix_1051001364116056564,877,EnthalpyOfMixing,<Substance CCCCCC(C)=O{solv}{x=0.781100}|CCCCNCCCC{solv}{x=0.218900}>,CCCCCC(C)=O,CCCCNCCCC,Protein-Null-0.0.3-Pair-NMR-1E4-Umbrella-1E3-4-AAQAA3-1E3-3-OPC3_opc3,2,0.0341197029212025,0.0518838633148296,0.164,0.002
5498,2033,dens_1087422962538109584,878,Density,<Substance CCCCCC(C)=O{solv}{x=0.449900}|CCCCNCCCC{solv}{x=0.550100}>,CCCCCC(C)=O,CCCCNCCCC,Protein-Null-0.0.3-Pair-NMR-1E4-Umbrella-1E3-4-AAQAA3-1E3-3-OPC3_opc3,2,0.7714472078968251,0.0001662178991547,0.7778490000000002,9.250000000000004e-05
5499,2034,dens_1830187222448876426,879,Density,<Substance CCCCCC(C)=O{solv}{x=0.209700}|CCCCNCCCC{solv}{x=0.790300}>,CCCCCC(C)=O,CCCCNCCCC,Protein-Null-0.0.3-Pair-NMR-1E4-Umbrella-1E3-4-AAQAA3-1E3-3-OPC3_opc3,2,0.7616503883158801,0.0001791573679876,0.7655110000000002,8.400000000000002e-05
5500,2035,dens_2113849591242853193,880,Density,<Substance CCCCCC(C)=O{solv}{x=0.750900}|CCCCNCCCC{solv}{x=0.249100}>,CCCCCC(C)=O,CCCCNCCCC,Protein-Null-0.0.3-Pair-NMR-1E4-Umbrella-1E3-4-AAQAA3-1E3-3-OPC3_opc3,2,0.7840489419117633,0.0001256072040263,0.7951660000000003,0.000105
5501,2036,dhmix_2131918011494960609,881,EnthalpyOfMixing,<Substance CCCCCC(C)=O{solv}{x=0.294700}|CCCCNCCCC{solv}{x=0.705300}>,CCCCCC(C)=O,CCCCNCCCC,Protein-Null-0.0.3-Pair-NMR-1E4-Umbrella-1E3-4-AAQAA3-1E3-3-OPC3_opc3,2,-0.0118082663296945,0.0544068577517895,0.256,0.003
5502,2037,dhmix_618866445574413387,882,EnthalpyOfMixing,<Substance C1CCOCC1{solv}{x=0.442500}|Cc1ccccc1C{solv}{x=0.557500}>,C1CCOCC1,Cc1ccccc1C,Protein-Null-0.0.3-Pair-NMR-1E4-Umbrella-1E3-4-AAQAA3-1E3-3-OPC3_opc3,2,-0.0571717488757883,0.0425534107187017,-0.0342,0.0006
5503,2038,dens_643927890193937545,883,Density,<Substance C1CCOCC1{solv}{x=0.518700}|Cc1ccccc1C{solv}{x=0.481300}>,C1CCOCC1,Cc1ccccc1C,Protein-Null-0.0.3-Pair-NMR-1E4-Umbrella-1E3-4-AAQAA3-1E3-3-OPC3_opc3,2,0.8594359792839926,0.0001762013089937,0.8779900000000003,0.0005
5504,2039,dhmix_1129414916141538177,884,EnthalpyOfMixing,<Substance C1CCOCC1{solv}{x=0.744300}|Cc1ccccc1C{solv}{x=0.255700}>,C1CCOCC1,Cc1ccccc1C,Protein-Null-0.0.3-Pair-NMR-1E4-Umbrella-1E3-4-AAQAA3-1E3-3-OPC3_opc3,2,0.0128955707398006,0.0435893247421328,0.0421,0.00065
5505,2040,dens_1429468909820653032,885,Density,<Substance C1CCOCC1{solv}{x=0.231800}|Cc1ccccc1C{solv}{x=0.768200}>,C1CCOCC1,Cc1ccccc1C,Protein-Null-0.0.3-Pair-NMR-1E4-Umbrella-1E3-4-AAQAA3-1E3-3-OPC3_opc3,2,0.8549563637109497,0.0002117210144001,0.8770400000000002,0.0005
5506,2041,dens_1442497603142913792,886,Density,<Substance C1CCOCC1{solv}{x=0.772900}|Cc1ccccc1C{solv}{x=0.227100}>,C1CCOCC1,Cc1ccccc1C,Protein-Null-0.0.3-Pair-NMR-1E4-Umbrella-1E3-4-AAQAA3-1E3-3-OPC3_opc3,2,0.8632352094915006,0.0002327628947901,0.8787800000000002,0.000505
5507,2042,dhmix_2268256048157488415,887,EnthalpyOfMixing,<Substance C1CCOCC1{solv}{x=0.245400}|Cc1ccccc1C{solv}{x=0.754600}>,C1CCOCC1,Cc1ccccc1C,Protein-Null-0.0.3-Pair-NMR-1E4-Umbrella-1E3-4-AAQAA3-1E3-3-OPC3_opc3,2,-0.031873596002157,0.0419648973976049,-0.0613,0.00085
5508,2043,dens_626398848152359169,888,Density,<Substance C1COCCN1{solv}{x=0.498000}|O{solv}{x=0.502000}>,C1COCCN1,O,Protein-Null-0.0.3-Pair-NMR-1E4-Umbrella-1E3-4-AAQAA3-1E3-3-OPC3_opc3,2,1.0484008078287144,0.0004039313032711,1.0255000000000003,0.00255
5509,2044,dhmix_773913810754342365,889,EnthalpyOfMixing,<Substance C1COCCN1{solv}{x=0.714900}|O{solv}{x=0.285100}>,C1COCCN1,O,Protein-Null-0.0.3-Pair-NMR-1E4-Umbrella-1E3-4-AAQAA3-1E3-3-OPC3_opc3,2,-1.935946187650245,0.0356828862083331,-1.753,0.019
5510,2045,dhmix_1012297674499495059,890,EnthalpyOfMixing,<Substance C1COCCN1{solv}{x=0.201000}|O{solv}{x=0.799000}>,C1COCCN1,O,Protein-Null-0.0.3-Pair-NMR-1E4-Umbrella-1E3-4-AAQAA3-1E3-3-OPC3_opc3,2,-1.6777026109109858,0.0234937596868095,-2.758,0.0295
5511,2046,dens_1167008264969667349,891,Density,<Substance C1COCCN1{solv}{x=0.793000}|O{solv}{x=0.207000}>,C1COCCN1,O,Protein-Null-0.0.3-Pair-NMR-1E4-Umbrella-1E3-4-AAQAA3-1E3-3-OPC3_opc3,2,1.0416197679645287,0.0004989414933711,1.0057000000000005,0.00245
5512,2047,dhmix_1871930573512426354,892,EnthalpyOfMixing,<Substance C1COCCN1{solv}{x=0.491100}|O{solv}{x=0.508900}>,C1COCCN1,O,Protein-Null-0.0.3-Pair-NMR-1E4-Umbrella-1E3-4-AAQAA3-1E3-3-OPC3_opc3,2,-2.7842340102929057,0.0304671379618416,-3.131,0.0335
5513,2048,dens_2014911999593579414,893,Density,<Substance C1COCCN1{solv}{x=0.298000}|O{solv}{x=0.702000}>,C1COCCN1,O,Protein-Null-0.0.3-Pair-NMR-1E4-Umbrella-1E3-4-AAQAA3-1E3-3-OPC3_opc3,2,1.042666947164751,0.0004387625432475,1.0309000000000004,0.00255
5514,2049,dens_627753907231278660,894,Density,<Substance CCC(C)=O{solv}{x=0.753100}|CCCNCCC{solv}{x=0.246900}>,CCC(C)=O,CCCNCCC,Protein-Null-0.0.3-Pair-NMR-1E4-Umbrella-1E3-4-AAQAA3-1E3-3-OPC3_opc3,2,0.7604315474007532,0.0002441492323689,0.7771510000000001,0.000109
5515,2050,dens_674236159588910357,895,Density,<Substance CCC(C)=O{solv}{x=0.244600}|CCCNCCC{solv}{x=0.755400}>,CCC(C)=O,CCCNCCC,Protein-Null-0.0.3-Pair-NMR-1E4-Umbrella-1E3-4-AAQAA3-1E3-3-OPC3_opc3,2,0.7389564242955812,0.0002179210527998,0.7446230000000003,0.0001405
5516,2051,dhmix_749228177959685874,896,EnthalpyOfMixing,<Substance CCC(C)=O{solv}{x=0.235300}|CCCNCCC{solv}{x=0.764700}>,CCC(C)=O,CCCNCCC,Protein-Null-0.0.3-Pair-NMR-1E4-Umbrella-1E3-4-AAQAA3-1E3-3-OPC3_opc3,2,-0.005539648566895,0.044837445367323,0.299,0.0035
5517,2052,dhmix_1706960823617656563,897,EnthalpyOfMixing,<Substance CCC(C)=O{solv}{x=0.698400}|CCCNCCC{solv}{x=0.301600}>,CCC(C)=O,CCCNCCC,Protein-Null-0.0.3-Pair-NMR-1E4-Umbrella-1E3-4-AAQAA3-1E3-3-OPC3_opc3,2,0.0747018245222399,0.0405754998896173,0.334,0.0035
5518,2053,dhmix_2102794241345605516,898,EnthalpyOfMixing,<Substance CCC(C)=O{solv}{x=0.505000}|CCCNCCC{solv}{x=0.495000}>,CCC(C)=O,CCCNCCC,Protein-Null-0.0.3-Pair-NMR-1E4-Umbrella-1E3-4-AAQAA3-1E3-3-OPC3_opc3,2,0.0869799046731145,0.0443134016349003,0.397,0.0045
5519,2054,dens_2224864308887622456,899,Density,<Substance CCC(C)=O{solv}{x=0.500600}|CCCNCCC{solv}{x=0.499400}>,CCC(C)=O,CCCNCCC,Protein-Null-0.0.3-Pair-NMR-1E4-Umbrella-1E3-4-AAQAA3-1E3-3-OPC3_opc3,2,0.7491794443761123,0.0002392029650133,0.7590400000000002,0.000125
5520,2055,dhmix_628329103086906726,900,EnthalpyOfMixing,<Substance CC1CCCCC1{solv}{x=0.250400}|CCCO{solv}{x=0.749600}>,CC1CCCCC1,CCCO,Protein-Null-0.0.3-Pair-NMR-1E4-Umbrella-1E3-4-AAQAA3-1E3-3-OPC3_opc3,2,0.4261498869683464,0.0369045818394411,0.321,0.0055
5521,2056,dhmix_989207392771680315,901,EnthalpyOfMixing,<Substance CC1CCCCC1{solv}{x=0.750500}|CCCO{solv}{x=0.249500}>,CC1CCCCC1,CCCO,Protein-Null-0.0.3-Pair-NMR-1E4-Umbrella-1E3-4-AAQAA3-1E3-3-OPC3_opc3,2,0.946316713329992,0.047909635870715,0.574,0.0055
5522,2057,dens_1351260115393741606,902,Density,<Substance CC1CCCCC1{solv}{x=0.503100}|CCCO{solv}{x=0.496900}>,CC1CCCCC1,CCCO,Protein-Null-0.0.3-Pair-NMR-1E4-Umbrella-1E3-4-AAQAA3-1E3-3-OPC3_opc3,2,0.7669914495550533,0.0002360891829637,0.7785600000000001,0.0039
5523,2058,dens_1376195506089851480,903,Density,<Substance CC1CCCCC1{solv}{x=0.202700}|CCCO{solv}{x=0.797300}>,CC1CCCCC1,CCCO,Protein-Null-0.0.3-Pair-NMR-1E4-Umbrella-1E3-4-AAQAA3-1E3-3-OPC3_opc3,2,0.7788962032119647,0.0002528365443525,0.7942000000000002,0.00398
5524,2059,dens_1501229836503112732,904,Density,<Substance CC1CCCCC1{solv}{x=0.799000}|CCCO{solv}{x=0.201000}>,CC1CCCCC1,CCCO,Protein-Null-0.0.3-Pair-NMR-1E4-Umbrella-1E3-4-AAQAA3-1E3-3-OPC3_opc3,2,0.7589594858926102,0.0001525523421669,0.7688300000000002,0.003855
5525,2060,dhmix_2109805019413953371,905,EnthalpyOfMixing,<Substance CC1CCCCC1{solv}{x=0.500400}|CCCO{solv}{x=0.499600}>,CC1CCCCC1,CCCO,Protein-Null-0.0.3-Pair-NMR-1E4-Umbrella-1E3-4-AAQAA3-1E3-3-OPC3_opc3,2,0.6751796959998018,0.0391912198547414,0.533,0.0055
5526,2061,dhmix_634764080264908666,906,EnthalpyOfMixing,<Substance OCCN1CCOCC1{solv}{x=0.498900}|O{solv}{x=0.501100}>,O,OCCN1CCOCC1,Protein-Null-0.0.3-Pair-NMR-1E4-Umbrella-1E3-4-AAQAA3-1E3-3-OPC3_opc3,2,-2.928547531170395,0.0368341055920419,-2.2633,0.02415
5527,2062,dens_707792343667224312,907,Density,<Substance OCCN1CCOCC1{solv}{x=0.246600}|O{solv}{x=0.753400}>,O,OCCN1CCOCC1,Protein-Null-0.0.3-Pair-NMR-1E4-Umbrella-1E3-4-AAQAA3-1E3-3-OPC3_opc3,2,1.079153715927369,0.0003295170066757,1.0838100000000002,0.00154
5528,2063,dhmix_1064373607860850902,908,EnthalpyOfMixing,<Substance OCCN1CCOCC1{solv}{x=0.694900}|O{solv}{x=0.305100}>,O,OCCN1CCOCC1,Protein-Null-0.0.3-Pair-NMR-1E4-Umbrella-1E3-4-AAQAA3-1E3-3-OPC3_opc3,2,-2.7141969974138647,0.0368929058536481,-1.7936,0.01915
5529,2064,dhmix_1846281306963870091,909,EnthalpyOfMixing,<Substance OCCN1CCOCC1{solv}{x=0.300200}|O{solv}{x=0.699800}>,O,OCCN1CCOCC1,Protein-Null-0.0.3-Pair-NMR-1E4-Umbrella-1E3-4-AAQAA3-1E3-3-OPC3_opc3,2,-2.3795108485368743,0.0247107340181664,-2.426,0.026
5530,2065,dens_2238932092645470826,910,Density,<Substance OCCN1CCOCC1{solv}{x=0.743900}|O{solv}{x=0.256100}>,O,OCCN1CCOCC1,Protein-Null-0.0.3-Pair-NMR-1E4-Umbrella-1E3-4-AAQAA3-1E3-3-OPC3_opc3,2,1.0835704508772437,0.0002881078166631,1.08031,0.001565
5531,2066,dens_2269173599223764079,911,Density,<Substance OCCN1CCOCC1{solv}{x=0.485200}|O{solv}{x=0.514800}>,O,OCCN1CCOCC1,Protein-Null-0.0.3-Pair-NMR-1E4-Umbrella-1E3-4-AAQAA3-1E3-3-OPC3_opc3,2,1.088949297807143,0.0002378411740526,1.0866900000000004,0.00159
5532,2067,dhmix_636778454546345333,912,EnthalpyOfMixing,<Substance C1CCCCC1{solv}{x=0.506300}|CNc1ccccc1{solv}{x=0.493700}>,C1CCCCC1,CNc1ccccc1,Protein-Null-0.0.3-Pair-NMR-1E4-Umbrella-1E3-4-AAQAA3-1E3-3-OPC3_opc3,2,2.0379277652004575,0.0456464398342742,1.628,0.0175
5533,2068,dens_1209163492396921559,913,Density,<Substance C1CCCCC1{solv}{x=0.247000}|CNc1ccccc1{solv}{x=0.753000}>,C1CCCCC1,CNc1ccccc1,Protein-Null-0.0.3-Pair-NMR-1E4-Umbrella-1E3-4-AAQAA3-1E3-3-OPC3_opc3,2,0.9273461799998772,0.0002621417571427,0.9289450000000002,0.000272
5534,2069,dens_1438140901521078017,914,Density,<Substance C1CCCCC1{solv}{x=0.494500}|CNc1ccccc1{solv}{x=0.505500}>,C1CCCCC1,CNc1ccccc1,Protein-Null-0.0.3-Pair-NMR-1E4-Umbrella-1E3-4-AAQAA3-1E3-3-OPC3_opc3,2,0.8657139284740583,0.0002325710729609,0.8759620000000002,0.0001835
5535,2070,dens_1482697199055102595,915,Density,<Substance C1CCCCC1{solv}{x=0.746400}|CNc1ccccc1{solv}{x=0.253600}>,C1CCCCC1,CNc1ccccc1,Protein-Null-0.0.3-Pair-NMR-1E4-Umbrella-1E3-4-AAQAA3-1E3-3-OPC3_opc3,2,0.8060272125353638,0.0002424412848055,0.8233530000000001,0.000138
5536,2071,dhmix_1832297119731463766,916,EnthalpyOfMixing,<Substance C1CCCCC1{solv}{x=0.204700}|CNc1ccccc1{solv}{x=0.795300}>,C1CCCCC1,CNc1ccccc1,Protein-Null-0.0.3-Pair-NMR-1E4-Umbrella-1E3-4-AAQAA3-1E3-3-OPC3_opc3,2,1.6427848688093007,0.042319285997168,0.972,0.0105
5537,2072,dhmix_1889368397403208807,917,EnthalpyOfMixing,<Substance C1CCCCC1{solv}{x=0.706600}|CNc1ccccc1{solv}{x=0.293400}>,C1CCCCC1,CNc1ccccc1,Protein-Null-0.0.3-Pair-NMR-1E4-Umbrella-1E3-4-AAQAA3-1E3-3-OPC3_opc3,2,1.8542533947915985,0.0439491117927019,1.521,0.0165
5538,2073,dhmix_637657437173907469,918,EnthalpyOfMixing,<Substance CC(C)=O{solv}{x=0.709700}|CNc1ccccc1{solv}{x=0.290300}>,CC(C)=O,CNc1ccccc1,Protein-Null-0.0.3-Pair-NMR-1E4-Umbrella-1E3-4-AAQAA3-1E3-3-OPC3_opc3,2,-0.5520640990844363,0.0365611651599619,-0.525,0.0055
5539,2074,dhmix_817594693007274900,919,EnthalpyOfMixing,<Substance CC(C)=O{solv}{x=0.231600}|CNc1ccccc1{solv}{x=0.768400}>,CC(C)=O,CNc1ccccc1,Protein-Null-0.0.3-Pair-NMR-1E4-Umbrella-1E3-4-AAQAA3-1E3-3-OPC3_opc3,2,-0.508340289876803,0.0444057354742926,-0.5,0.0055
5540,2075,dens_830664987854613197,920,Density,<Substance CC(C)=O{solv}{x=0.250300}|CNc1ccccc1{solv}{x=0.749700}>,CC(C)=O,CNc1ccccc1,Protein-Null-0.0.3-Pair-NMR-1E4-Umbrella-1E3-4-AAQAA3-1E3-3-OPC3_opc3,2,0.9562484753321582,0.0002133626403497,0.9502900000000002,0.0003395
5541,2076,dhmix_1052042310023734389,921,EnthalpyOfMixing,<Substance CC(C)=O{solv}{x=0.508600}|CNc1ccccc1{solv}{x=0.491400}>,CC(C)=O,CNc1ccccc1,Protein-Null-0.0.3-Pair-NMR-1E4-Umbrella-1E3-4-AAQAA3-1E3-3-OPC3_opc3,2,-0.7491351805026216,0.034398312596822,-0.672,0.0075
5542,2077,dens_1302333367899693905,922,Density,<Substance CC(C)=O{solv}{x=0.750600}|CNc1ccccc1{solv}{x=0.249400}>,CC(C)=O,CNc1ccccc1,Protein-Null-0.0.3-Pair-NMR-1E4-Umbrella-1E3-4-AAQAA3-1E3-3-OPC3_opc3,2,0.8474590329929738,0.0002547362804957,0.8565010000000002,0.000231
5543,2078,dens_1582643029733708616,923,Density,<Substance CC(C)=O{solv}{x=0.494800}|CNc1ccccc1{solv}{x=0.505200}>,CC(C)=O,CNc1ccccc1,Protein-Null-0.0.3-Pair-NMR-1E4-Umbrella-1E3-4-AAQAA3-1E3-3-OPC3_opc3,2,0.9091481155252862,0.0002262084915604,0.9107940000000002,0.000263
5544,2079,dens_650566412384126439,924,Density,<Substance CC(C)CC(C)(C)C{solv}{x=0.158800}|CCCCC(=O)OC{solv}{x=0.841200}>,CC(C)CC(C)(C)C,CCCCC(=O)OC,Protein-Null-0.0.3-Pair-NMR-1E4-Umbrella-1E3-4-AAQAA3-1E3-3-OPC3_opc3,2,0.8460874018018116,0.0002126531875082,0.8463800000000002,0.000505
5545,2080,dhmix_986100941633296124,925,EnthalpyOfMixing,<Substance CC(C)CC(C)(C)C{solv}{x=0.481800}|CCCCC(=O)OC{solv}{x=0.518200}>,CC(C)CC(C)(C)C,CCCCC(=O)OC,Protein-Null-0.0.3-Pair-NMR-1E4-Umbrella-1E3-4-AAQAA3-1E3-3-OPC3_opc3,2,1.3241942316395097,0.0467002602371609,0.866,0.0095
5546,2081,dens_1095352626338523806,926,Density,<Substance CC(C)CC(C)(C)C{solv}{x=0.742500}|CCCCC(=O)OC{solv}{x=0.257500}>,CC(C)CC(C)(C)C,CCCCC(=O)OC,Protein-Null-0.0.3-Pair-NMR-1E4-Umbrella-1E3-4-AAQAA3-1E3-3-OPC3_opc3,2,0.7403134373065204,0.0002008608847254,0.7289800000000002,0.000505
5547,2082,dens_1260001645299629257,927,Density,<Substance CC(C)CC(C)(C)C{solv}{x=0.498400}|CCCCC(=O)OC{solv}{x=0.501600}>,CC(C)CC(C)(C)C,CCCCC(=O)OC,Protein-Null-0.0.3-Pair-NMR-1E4-Umbrella-1E3-4-AAQAA3-1E3-3-OPC3_opc3,2,0.7810691971149052,0.0001454160136788,0.7738400000000002,0.000505
5548,2083,dhmix_1505455794590867712,928,EnthalpyOfMixing,<Substance CC(C)CC(C)(C)C{solv}{x=0.158900}|CCCCC(=O)OC{solv}{x=0.841100}>,CC(C)CC(C)(C)C,CCCCC(=O)OC,Protein-Null-0.0.3-Pair-NMR-1E4-Umbrella-1E3-4-AAQAA3-1E3-3-OPC3_opc3,2,0.68529370913582,0.0505335359937526,0.438,0.005
5549,2084,dhmix_1888614200283593194,929,EnthalpyOfMixing,<Substance CC(C)CC(C)(C)C{solv}{x=0.781300}|CCCCC(=O)OC{solv}{x=0.218700}>,CC(C)CC(C)(C)C,CCCCC(=O)OC,Protein-Null-0.0.3-Pair-NMR-1E4-Umbrella-1E3-4-AAQAA3-1E3-3-OPC3_opc3,2,0.9094085690810232,0.0524016478398027,0.658,0.007
5550,2085,dhmix_657900975986635712,930,EnthalpyOfMixing,<Substance Cc1ccccc1N{solv}{x=0.782700}|Cc1ccncc1{solv}{x=0.217300}>,Cc1ccccc1N,Cc1ccncc1,Protein-Null-0.0.3-Pair-NMR-1E4-Umbrella-1E3-4-AAQAA3-1E3-3-OPC3_opc3,2,-0.9547074587063236,0.0508083918506367,-0.8885,0.0182
5551,2086,dhmix_727678512066874384,931,EnthalpyOfMixing,<Substance Cc1ccccc1N{solv}{x=0.478300}|Cc1ccncc1{solv}{x=0.521700}>,Cc1ccccc1N,Cc1ccncc1,Protein-Null-0.0.3-Pair-NMR-1E4-Umbrella-1E3-4-AAQAA3-1E3-3-OPC3_opc3,2,-1.673958313169102,0.0419490474639351,-1.4295,0.0291
5552,2087,dhmix_860941552641107708,932,EnthalpyOfMixing,<Substance Cc1ccccc1N{solv}{x=0.271500}|Cc1ccncc1{solv}{x=0.728500}>,Cc1ccccc1N,Cc1ccncc1,Protein-Null-0.0.3-Pair-NMR-1E4-Umbrella-1E3-4-AAQAA3-1E3-3-OPC3_opc3,2,-1.4032371038100706,0.0364788996664559,-1.1791,0.02405
5553,2088,dens_1148106102021344214,933,Density,<Substance Cc1ccccc1N{solv}{x=0.265500}|Cc1ccncc1{solv}{x=0.734500}>,Cc1ccccc1N,Cc1ccncc1,Protein-Null-0.0.3-Pair-NMR-1E4-Umbrella-1E3-4-AAQAA3-1E3-3-OPC3_opc3,2,0.966948507025689,0.0002033066673539,0.9662520000000002,0.00012
5554,2089,dens_1294189007890656769,934,Density,<Substance Cc1ccccc1N{solv}{x=0.486300}|Cc1ccncc1{solv}{x=0.513700}>,Cc1ccccc1N,Cc1ccncc1,Protein-Null-0.0.3-Pair-NMR-1E4-Umbrella-1E3-4-AAQAA3-1E3-3-OPC3_opc3,2,0.9837606206581992,0.0001744134303332,0.9765780000000002,0.000119
5555,2090,dens_1461384477504239974,935,Density,<Substance Cc1ccccc1N{solv}{x=0.767400}|Cc1ccncc1{solv}{x=0.232600}>,Cc1ccccc1N,Cc1ccncc1,Protein-Null-0.0.3-Pair-NMR-1E4-Umbrella-1E3-4-AAQAA3-1E3-3-OPC3_opc3,2,1.001588132316886,0.0003480245725624,0.9868740000000004,0.000118
5556,2091,dens_671712471159959715,936,Density,<Substance CCCCCCN{solv}{x=0.294400}|CN(C)C=O{solv}{x=0.705600}>,CCCCCCN,CN(C)C=O,Protein-Null-0.0.3-Pair-NMR-1E4-Umbrella-1E3-4-AAQAA3-1E3-3-OPC3_opc3,2,0.8604816633607582,0.0002348661069652,0.8676880000000002,0.001057
5557,2092,dhmix_791979567859859400,937,EnthalpyOfMixing,<Substance CCCCCCN{solv}{x=0.747800}|CN(C)C=O{solv}{x=0.252200}>,CCCCCCN,CN(C)C=O,Protein-Null-0.0.3-Pair-NMR-1E4-Umbrella-1E3-4-AAQAA3-1E3-3-OPC3_opc3,2,0.5560540562838696,0.0450891996383729,0.461,0.015
5558,2093,dens_812907294215791908,938,Density,<Substance CCCCCCN{solv}{x=0.450000}|CN(C)C=O{solv}{x=0.550000}>,CCCCCCN,CN(C)C=O,Protein-Null-0.0.3-Pair-NMR-1E4-Umbrella-1E3-4-AAQAA3-1E3-3-OPC3_opc3,2,0.8364607776850826,0.0001853870887293,0.8367510000000001,0.001016
5559,2094,dhmix_1553880519684715156,939,EnthalpyOfMixing,<Substance CCCCCCN{solv}{x=0.249700}|CN(C)C=O{solv}{x=0.750300}>,CCCCCCN,CN(C)C=O,Protein-Null-0.0.3-Pair-NMR-1E4-Umbrella-1E3-4-AAQAA3-1E3-3-OPC3_opc3,2,0.5279158884008979,0.0436786903986962,0.51,0.0165
5560,2095,dens_1658157305664412923,940,Density,<Substance CCCCCCN{solv}{x=0.745200}|CN(C)C=O{solv}{x=0.254800}>,CCCCCCN,CN(C)C=O,Protein-Null-0.0.3-Pair-NMR-1E4-Umbrella-1E3-4-AAQAA3-1E3-3-OPC3_opc3,2,0.8008366974748355,0.000167975684353,0.7905460000000002,0.0009575
5561,2096,dhmix_2271922176351407084,941,EnthalpyOfMixing,<Substance CCCCCCN{solv}{x=0.499700}|CN(C)C=O{solv}{x=0.500300}>,CCCCCCN,CN(C)C=O,Protein-Null-0.0.3-Pair-NMR-1E4-Umbrella-1E3-4-AAQAA3-1E3-3-OPC3_opc3,2,0.6862169163793013,0.0429956585408291,0.661,0.02
5562,2097,dhmix_676105854791415053,942,EnthalpyOfMixing,<Substance C=C(C)[C@H]1CC=C(C)CC1{solv}{x=0.540000}|CCCCCO{solv}{x=0.460000}>,C=C(C)[C@H]1CC=C(C)CC1,CCCCCO,Protein-Null-0.0.3-Pair-NMR-1E4-Umbrella-1E3-4-AAQAA3-1E3-3-OPC3_opc3,2,1.07638627831777,0.048945778092983,0.858,0.0345
5563,2098,dhmix_865539540276734208,943,EnthalpyOfMixing,<Substance C=C(C)[C@H]1CC=C(C)CC1{solv}{x=0.766000}|CCCCCO{solv}{x=0.234000}>,C=C(C)[C@H]1CC=C(C)CC1,CCCCCO,Protein-Null-0.0.3-Pair-NMR-1E4-Umbrella-1E3-4-AAQAA3-1E3-3-OPC3_opc3,2,1.026683239594746,0.052515591225408,0.782,0.0315
5564,2099,dens_1544700949225348296,944,Density,<Substance C=C(C)[C@H]1CC=C(C)CC1{solv}{x=0.263500}|CCCCCO{solv}{x=0.736500}>,C=C(C)[C@H]1CC=C(C)CC1,CCCCCO,Protein-Null-0.0.3-Pair-NMR-1E4-Umbrella-1E3-4-AAQAA3-1E3-3-OPC3_opc3,2,0.8107304538922423,0.000222050650335,0.8238000000000002,0.0002
5565,2100,dens_1638649899512334435,945,Density,<Substance C=C(C)[C@H]1CC=C(C)CC1{solv}{x=0.543500}|CCCCCO{solv}{x=0.456500}>,C=C(C)[C@H]1CC=C(C)CC1,CCCCCO,Protein-Null-0.0.3-Pair-NMR-1E4-Umbrella-1E3-4-AAQAA3-1E3-3-OPC3_opc3,2,0.8137376778957603,0.0001702993264646,0.8312000000000003,0.0003
5566,2101,dens_2014432371647189246,946,Density,<Substance C=C(C)[C@H]1CC=C(C)CC1{solv}{x=0.725200}|CCCCCO{solv}{x=0.274800}>,C=C(C)[C@H]1CC=C(C)CC1,CCCCCO,Protein-Null-0.0.3-Pair-NMR-1E4-Umbrella-1E3-4-AAQAA3-1E3-3-OPC3_opc3,2,0.8150833847309675,0.0001813289516409,0.8354000000000001,0.00035
5567,2102,dhmix_2293008983270202716,947,EnthalpyOfMixing,<Substance C=C(C)[C@H]1CC=C(C)CC1{solv}{x=0.272000}|CCCCCO{solv}{x=0.728000}>,C=C(C)[C@H]1CC=C(C)CC1,CCCCCO,Protein-Null-0.0.3-Pair-NMR-1E4-Umbrella-1E3-4-AAQAA3-1E3-3-OPC3_opc3,2,0.6739402902340572,0.0447328136770962,0.532,0.0215
5568,2103,dens_680086766431069719,948,Density,<Substance CN1CCNCC1{solv}{x=0.209100}|O{solv}{x=0.790900}>,CN1CCNCC1,O,Protein-Null-0.0.3-Pair-NMR-1E4-Umbrella-1E3-4-AAQAA3-1E3-3-OPC3_opc3,2,1.0134675496142276,0.0004747509087411,1.0013300000000005,4.000000000000001e-05
5569,2104,dhmix_979415629850644100,949,EnthalpyOfMixing,<Substance CN1CCNCC1{solv}{x=0.199800}|O{solv}{x=0.800200}>,CN1CCNCC1,O,Protein-Null-0.0.3-Pair-NMR-1E4-Umbrella-1E3-4-AAQAA3-1E3-3-OPC3_opc3,2,-4.470750838561315,0.0264792150857148,-4.495,0.048
5570,2105,dhmix_1386641258873877278,950,EnthalpyOfMixing,<Substance CN1CCNCC1{solv}{x=0.792600}|O{solv}{x=0.207400}>,CN1CCNCC1,O,Protein-Null-0.0.3-Pair-NMR-1E4-Umbrella-1E3-4-AAQAA3-1E3-3-OPC3_opc3,2,-1.187621584530376,0.0433061067180444,-1.753,0.019
5571,2106,dhmix_1572121970391530461,951,EnthalpyOfMixing,<Substance CN1CCNCC1{solv}{x=0.550000}|O{solv}{x=0.450000}>,CN1CCNCC1,O,Protein-Null-0.0.3-Pair-NMR-1E4-Umbrella-1E3-4-AAQAA3-1E3-3-OPC3_opc3,2,-3.335653839353455,0.0391450774073489,-3.547,0.038
5572,2107,dens_1756096179620961699,952,Density,<Substance CN1CCNCC1{solv}{x=0.510900}|O{solv}{x=0.489100}>,CN1CCNCC1,O,Protein-Null-0.0.3-Pair-NMR-1E4-Umbrella-1E3-4-AAQAA3-1E3-3-OPC3_opc3,2,0.9734921785987646,0.000235602055387,0.9464100000000002,7.000000000000002e-05
5573,2108,dens_1892970147583328629,953,Density,<Substance CN1CCNCC1{solv}{x=0.706500}|O{solv}{x=0.293500}>,CN1CCNCC1,O,Protein-Null-0.0.3-Pair-NMR-1E4-Umbrella-1E3-4-AAQAA3-1E3-3-OPC3_opc3,2,0.9607355067529256,0.0002081036509271,0.9223100000000002,8.500000000000002e-05
5574,2109,dhmix_681274412655414068,954,EnthalpyOfMixing,<Substance CCCOC(=O)CC{solv}{x=0.739400}|Cc1ccccc1{solv}{x=0.260600}>,CCCOC(=O)CC,Cc1ccccc1,Protein-Null-0.0.3-Pair-NMR-1E4-Umbrella-1E3-4-AAQAA3-1E3-3-OPC3_opc3,2,-0.2694297896281128,0.0501339482030436,-0.1135,0.0033
5575,2110,dhmix_720914323963600437,955,EnthalpyOfMixing,<Substance CCCOC(=O)CC{solv}{x=0.238900}|Cc1ccccc1{solv}{x=0.761100}>,CCCOC(=O)CC,Cc1ccccc1,Protein-Null-0.0.3-Pair-NMR-1E4-Umbrella-1E3-4-AAQAA3-1E3-3-OPC3_opc3,2,-0.2853495117868121,0.0421130364631225,-0.1404,0.0037
5576,2111,dens_1397630560016316656,956,Density,<Substance CCCOC(=O)CC{solv}{x=0.274700}|Cc1ccccc1{solv}{x=0.725300}>,CCCOC(=O)CC,Cc1ccccc1,Protein-Null-0.0.3-Pair-NMR-1E4-Umbrella-1E3-4-AAQAA3-1E3-3-OPC3_opc3,2,0.8563977534110077,0.0002424856355618,0.8675700000000003,0.00018
5577,2112,dhmix_1646061995263935606,957,EnthalpyOfMixing,<Substance CCCOC(=O)CC{solv}{x=0.548600}|Cc1ccccc1{solv}{x=0.451400}>,CCCOC(=O)CC,Cc1ccccc1,Protein-Null-0.0.3-Pair-NMR-1E4-Umbrella-1E3-4-AAQAA3-1E3-3-OPC3_opc3,2,-0.3332673458779709,0.0439253673438141,-0.1583,0.004
5578,2113,dens_1792064777238352129,958,Density,<Substance CCCOC(=O)CC{solv}{x=0.490700}|Cc1ccccc1{solv}{x=0.509300}>,CCCOC(=O)CC,Cc1ccccc1,Protein-Null-0.0.3-Pair-NMR-1E4-Umbrella-1E3-4-AAQAA3-1E3-3-OPC3_opc3,2,0.8616565882880679,0.0002157842810788,0.8707300000000002,0.00019
5579,2114,dens_1826904081955826008,959,Density,<Substance CCCOC(=O)CC{solv}{x=0.734600}|Cc1ccccc1{solv}{x=0.265400}>,CCCOC(=O)CC,Cc1ccccc1,Protein-Null-0.0.3-Pair-NMR-1E4-Umbrella-1E3-4-AAQAA3-1E3-3-OPC3_opc3,2,0.8668984111927255,0.0002154478843463,0.8734100000000001,0.00021
5580,2115,dens_685747331874801159,960,Density,<Substance CN1CCOCC1{solv}{x=0.498300}|O{solv}{x=0.501700}>,CN1CCOCC1,O,Protein-Null-0.0.3-Pair-NMR-1E4-Umbrella-1E3-4-AAQAA3-1E3-3-OPC3_opc3,2,0.981234243304114,0.0003256515103335,0.9627600000000002,0.00084
5581,2116,dens_1087644349445114282,961,Density,<Substance CN1CCOCC1{solv}{x=0.253800}|O{solv}{x=0.746200}>,CN1CCOCC1,O,Protein-Null-0.0.3-Pair-NMR-1E4-Umbrella-1E3-4-AAQAA3-1E3-3-OPC3_opc3,2,0.99647101256799,0.0003264524611877,0.9918800000000002,0.00059
5582,2117,dens_1374975991061431070,962,Density,<Substance CN1CCOCC1{solv}{x=0.758700}|O{solv}{x=0.241300}>,CN1CCOCC1,O,Protein-Null-0.0.3-Pair-NMR-1E4-Umbrella-1E3-4-AAQAA3-1E3-3-OPC3_opc3,2,0.962130178521096,0.0002551193397018,0.9345300000000002,0.00112
5583,2118,dhmix_686592400130667234,963,EnthalpyOfMixing,<Substance BrCCCBr{solv}{x=0.231300}|COC(C)=O{solv}{x=0.768700}>,BrCCCBr,COC(C)=O,Protein-Null-0.0.3-Pair-NMR-1E4-Umbrella-1E3-4-AAQAA3-1E3-3-OPC3_opc3,2,0.2322325191958256,0.0375702567577016,0.2115,0.0024
5584,2119,dhmix_691866222529030049,964,EnthalpyOfMixing,<Substance BrCCCBr{solv}{x=0.504200}|COC(C)=O{solv}{x=0.495800}>,BrCCCBr,COC(C)=O,Protein-Null-0.0.3-Pair-NMR-1E4-Umbrella-1E3-4-AAQAA3-1E3-3-OPC3_opc3,2,0.2977434116074704,0.0319498324975476,0.3912,0.0038
5585,2120,dens_1032175440351342196,965,Density,<Substance BrCCCBr{solv}{x=0.243500}|COC(C)=O{solv}{x=0.756500}>,BrCCCBr,COC(C)=O,Protein-Null-0.0.3-Pair-NMR-1E4-Umbrella-1E3-4-AAQAA3-1E3-3-OPC3_opc3,2,1.218427525681739,0.0003927113693677,1.2277600000000002,0.00096
5586,2121,dens_1180265274183315765,966,Density,<Substance BrCCCBr{solv}{x=0.713800}|COC(C)=O{solv}{x=0.286200}>,BrCCCBr,COC(C)=O,Protein-Null-0.0.3-Pair-NMR-1E4-Umbrella-1E3-4-AAQAA3-1E3-3-OPC3_opc3,2,1.6694255083158482,0.0005379536545628,1.7174300000000005,0.002745
5587,2122,dhmix_1380172638999588939,967,EnthalpyOfMixing,<Substance BrCCCBr{solv}{x=0.759400}|COC(C)=O{solv}{x=0.240600}>,BrCCCBr,COC(C)=O,Protein-Null-0.0.3-Pair-NMR-1E4-Umbrella-1E3-4-AAQAA3-1E3-3-OPC3_opc3,2,0.1226911961039149,0.0374427778949352,0.313,0.0032
5588,2123,dens_1697077234757321859,968,Density,<Substance BrCCCBr{solv}{x=0.525600}|COC(C)=O{solv}{x=0.474400}>,BrCCCBr,COC(C)=O,Protein-Null-0.0.3-Pair-NMR-1E4-Umbrella-1E3-4-AAQAA3-1E3-3-OPC3_opc3,2,1.503583968544448,0.0004466408727222,1.5338800000000006,0.001965
5589,2124,dens_693154680723850561,969,Density,<Substance CN1CCCC1=O{solv}{x=0.756400}|Cc1ccccc1{solv}{x=0.243600}>,CN1CCCC1=O,Cc1ccccc1,Protein-Null-0.0.3-Pair-NMR-1E4-Umbrella-1E3-4-AAQAA3-1E3-3-OPC3_opc3,2,0.9597814190392416,0.0002378327390282,0.9854500000000004,0.00034
5590,2125,dhmix_1759507684169085916,970,EnthalpyOfMixing,<Substance CN1CCCC1=O{solv}{x=0.741800}|Cc1ccccc1{solv}{x=0.258200}>,CN1CCCC1=O,Cc1ccccc1,Protein-Null-0.0.3-Pair-NMR-1E4-Umbrella-1E3-4-AAQAA3-1E3-3-OPC3_opc3,2,-0.0735856279484608,0.0470660305612768,-0.2141,0.0024
5591,2126,dens_1796497685752507694,971,Density,<Substance CN1CCCC1=O{solv}{x=0.481500}|Cc1ccccc1{solv}{x=0.518500}>,CN1CCCC1=O,Cc1ccccc1,Protein-Null-0.0.3-Pair-NMR-1E4-Umbrella-1E3-4-AAQAA3-1E3-3-OPC3_opc3,2,0.9192414108351497,0.000224484239179,0.9415400000000002,0.00028
5592,2127,dhmix_1857599089574133884,972,EnthalpyOfMixing,<Substance CN1CCCC1=O{solv}{x=0.223100}|Cc1ccccc1{solv}{x=0.776900}>,CN1CCCC1=O,Cc1ccccc1,Protein-Null-0.0.3-Pair-NMR-1E4-Umbrella-1E3-4-AAQAA3-1E3-3-OPC3_opc3,2,-0.1014572195140175,0.0414747220846598,-0.1889,0.00215
5593,2128,dens_1886489466266398819,973,Density,<Substance CN1CCCC1=O{solv}{x=0.221600}|Cc1ccccc1{solv}{x=0.778400}>,CN1CCCC1=O,Cc1ccccc1,Protein-Null-0.0.3-Pair-NMR-1E4-Umbrella-1E3-4-AAQAA3-1E3-3-OPC3_opc3,2,0.8890961119741835,0.0002513160547424,0.9061600000000002,0.00076
5594,2129,dhmix_2238554893157725289,974,EnthalpyOfMixing,<Substance CN1CCCC1=O{solv}{x=0.482100}|Cc1ccccc1{solv}{x=0.517900}>,CN1CCCC1=O,Cc1ccccc1,Protein-Null-0.0.3-Pair-NMR-1E4-Umbrella-1E3-4-AAQAA3-1E3-3-OPC3_opc3,2,-0.1044652000184456,0.0440933805289816,-0.2985,0.0033
5595,2130,dens_717951284355382404,975,Density,<Substance CN1CCCC1=O{solv}{x=0.702300}|ClCCCCCCCl{solv}{x=0.297700}>,CN1CCCC1=O,ClCCCCCCCl,Protein-Null-0.0.3-Pair-NMR-1E4-Umbrella-1E3-4-AAQAA3-1E3-3-OPC3_opc3,2,1.0212669434034454,0.0002142914189317,1.0416,0.0003
5596,2131,dhmix_859697969059379656,976,EnthalpyOfMixing,<Substance CN1CCCC1=O{solv}{x=0.503000}|ClCCCCCCCl{solv}{x=0.497000}>,CN1CCCC1=O,ClCCCCCCCl,Protein-Null-0.0.3-Pair-NMR-1E4-Umbrella-1E3-4-AAQAA3-1E3-3-OPC3_opc3,2,0.4365430274305595,0.0407521750602629,-0.2,0.0025
5597,2132,dhmix_916885053388204545,977,EnthalpyOfMixing,<Substance CN1CCCC1=O{solv}{x=0.212000}|ClCCCCCCCl{solv}{x=0.788000}>,CN1CCCC1=O,ClCCCCCCCl,Protein-Null-0.0.3-Pair-NMR-1E4-Umbrella-1E3-4-AAQAA3-1E3-3-OPC3_opc3,2,0.2857968562622233,0.0476624522355991,-0.13,0.002
5598,2133,dens_1483670447992291960,978,Density,<Substance CN1CCCC1=O{solv}{x=0.201600}|ClCCCCCCCl{solv}{x=0.798400}>,CN1CCCC1=O,ClCCCCCCCl,Protein-Null-0.0.3-Pair-NMR-1E4-Umbrella-1E3-4-AAQAA3-1E3-3-OPC3_opc3,2,1.0471738556299204,0.0001847289110738,1.0584000000000005,0.00055
5599,2134,dens_1896555095774116819,979,Density,<Substance CN1CCCC1=O{solv}{x=0.504900}|ClCCCCCCCl{solv}{x=0.495100}>,CN1CCCC1=O,ClCCCCCCCl,Protein-Null-0.0.3-Pair-NMR-1E4-Umbrella-1E3-4-AAQAA3-1E3-3-OPC3_opc3,2,1.03360104960513,0.0002226065908446,1.0490000000000002,0.00035
5600,2135,dhmix_2039443272323887912,980,EnthalpyOfMixing,<Substance CN1CCCC1=O{solv}{x=0.797000}|ClCCCCCCCl{solv}{x=0.203000}>,CN1CCCC1=O,ClCCCCCCCl,Protein-Null-0.0.3-Pair-NMR-1E4-Umbrella-1E3-4-AAQAA3-1E3-3-OPC3_opc3,2,0.2378082295222086,0.0427872466353476,-0.123,0.002
5601,2136,dhmix_729169544598225866,981,EnthalpyOfMixing,<Substance CN(C)C=O{solv}{x=0.203000}|ClCCCCCCCl{solv}{x=0.797000}>,CN(C)C=O,ClCCCCCCCl,Protein-Null-0.0.3-Pair-NMR-1E4-Umbrella-1E3-4-AAQAA3-1E3-3-OPC3_opc3,2,0.4631070969751221,0.0472924156129769,0.195,0.0025
5602,2137,dhmix_1359105787212172230,982,EnthalpyOfMixing,<Substance CN(C)C=O{solv}{x=0.796000}|ClCCCCCCCl{solv}{x=0.204000}>,CN(C)C=O,ClCCCCCCCl,Protein-Null-0.0.3-Pair-NMR-1E4-Umbrella-1E3-4-AAQAA3-1E3-3-OPC3_opc3,2,0.4947464841734899,0.0412293244033258,0.24,0.0025
5603,2138,dhmix_1534380829757525169,983,EnthalpyOfMixing,<Substance CN(C)C=O{solv}{x=0.498000}|ClCCCCCCCl{solv}{x=0.502000}>,CN(C)C=O,ClCCCCCCCl,Protein-Null-0.0.3-Pair-NMR-1E4-Umbrella-1E3-4-AAQAA3-1E3-3-OPC3_opc3,2,0.7300327261481385,0.0408802880132093,0.34,0.0025
5604,2139,dens_1752369236407148840,984,Density,<Substance CN(C)C=O{solv}{x=0.503300}|ClCCCCCCCl{solv}{x=0.496700}>,CN(C)C=O,ClCCCCCCCl,Protein-Null-0.0.3-Pair-NMR-1E4-Umbrella-1E3-4-AAQAA3-1E3-3-OPC3_opc3,2,1.0036193582966166,0.0002669681977262,1.0190000000000003,0.00155
5605,2140,dens_2070195997725277466,985,Density,<Substance CN(C)C=O{solv}{x=0.703400}|ClCCCCCCCl{solv}{x=0.296600}>,CN(C)C=O,ClCCCCCCCl,Protein-Null-0.0.3-Pair-NMR-1E4-Umbrella-1E3-4-AAQAA3-1E3-3-OPC3_opc3,2,0.9744349918965696,0.0002309270123542,0.9943000000000002,0.0017
5606,2141,dens_2171945276872385012,986,Density,<Substance CN(C)C=O{solv}{x=0.201300}|ClCCCCCCCl{solv}{x=0.798700}>,CN(C)C=O,ClCCCCCCCl,Protein-Null-0.0.3-Pair-NMR-1E4-Umbrella-1E3-4-AAQAA3-1E3-3-OPC3_opc3,2,1.036220809699077,0.0002577894009117,1.0486000000000002,0.0014
5607,2142,dens_741100297092592576,987,Density,<Substance C1CCCCC1{solv}{x=0.265900}|C1CCOCC1{solv}{x=0.734100}>,C1CCCCC1,C1CCOCC1,Protein-Null-0.0.3-Pair-NMR-1E4-Umbrella-1E3-4-AAQAA3-1E3-3-OPC3_opc3,2,0.8320553868812822,0.0002581979001601,0.8470300000000002,0.000505
5608,2143,dens_1002639246322609242,988,Density,<Substance C1CCCCC1{solv}{x=0.762200}|C1CCOCC1{solv}{x=0.237800}>,C1CCCCC1,C1CCOCC1,Protein-Null-0.0.3-Pair-NMR-1E4-Umbrella-1E3-4-AAQAA3-1E3-3-OPC3_opc3,2,0.7755494874929132,0.0002503538185048,0.7952000000000002,0.000505
5609,2144,dhmix_1171155554844966705,989,EnthalpyOfMixing,<Substance C1CCCCC1{solv}{x=0.247100}|C1CCOCC1{solv}{x=0.752900}>,C1CCCCC1,C1CCOCC1,Protein-Null-0.0.3-Pair-NMR-1E4-Umbrella-1E3-4-AAQAA3-1E3-3-OPC3_opc3,2,0.471364671887315,0.039506826252977,0.3613,0.00395
5610,2145,dens_2142973677177666085,990,Density,<Substance C1CCCCC1{solv}{x=0.501800}|C1CCOCC1{solv}{x=0.498200}>,C1CCCCC1,C1CCOCC1,Protein-Null-0.0.3-Pair-NMR-1E4-Umbrella-1E3-4-AAQAA3-1E3-3-OPC3_opc3,2,0.8036062434475894,0.0002414392231562,0.8211500000000002,0.000505
5611,2146,dhmix_2195791820105752985,991,EnthalpyOfMixing,<Substance C1CCCCC1{solv}{x=0.726600}|C1CCOCC1{solv}{x=0.273400}>,C1CCCCC1,C1CCOCC1,Protein-Null-0.0.3-Pair-NMR-1E4-Umbrella-1E3-4-AAQAA3-1E3-3-OPC3_opc3,2,0.5002165384482282,0.0423247297434835,0.4424,0.00485
5612,2147,dhmix_2296999979529762407,992,EnthalpyOfMixing,<Substance C1CCCCC1{solv}{x=0.499000}|C1CCOCC1{solv}{x=0.501000}>,C1CCCCC1,C1CCOCC1,Protein-Null-0.0.3-Pair-NMR-1E4-Umbrella-1E3-4-AAQAA3-1E3-3-OPC3_opc3,2,0.6973145907657994,0.0483113072425755,0.526,0.0055
5613,2148,dhmix_744994939606384802,993,EnthalpyOfMixing,<Substance CO{solv}{x=0.300000}|O{solv}{x=0.700000}>,CO,O,Protein-Null-0.0.3-Pair-NMR-1E4-Umbrella-1E3-4-AAQAA3-1E3-3-OPC3_opc3,2,-0.1597449955037078,0.0230574931282464,-0.85,0.005
5614,2149,dens_1085345433585028387,994,Density,<Substance CO{solv}{x=0.499700}|O{solv}{x=0.500300}>,CO,O,Protein-Null-0.0.3-Pair-NMR-1E4-Umbrella-1E3-4-AAQAA3-1E3-3-OPC3_opc3,2,0.8550546721980284,0.0004564814344209,0.8816900000000003,0.000165
5615,2150,dhmix_1126710771921470495,995,EnthalpyOfMixing,<Substance CO{solv}{x=0.700000}|O{solv}{x=0.300000}>,CO,O,Protein-Null-0.0.3-Pair-NMR-1E4-Umbrella-1E3-4-AAQAA3-1E3-3-OPC3_opc3,2,-0.1697027363483068,0.0262946142223605,-0.583,0.0035
5616,2151,dens_1258832080354057572,996,Density,<Substance CO{solv}{x=0.300300}|O{solv}{x=0.699700}>,CO,O,Protein-Null-0.0.3-Pair-NMR-1E4-Umbrella-1E3-4-AAQAA3-1E3-3-OPC3_opc3,2,0.9048696854658864,0.0004978922296991,0.9252100000000004,0.000125
5617,2152,dens_1758371820245200558,997,Density,<Substance CO{solv}{x=0.760500}|O{solv}{x=0.239500}>,CO,O,Protein-Null-0.0.3-Pair-NMR-1E4-Umbrella-1E3-4-AAQAA3-1E3-3-OPC3_opc3,2,0.8016864066877009,0.0004484679432914,0.8289000000000002,0.0001
5618,2153,dhmix_1824296469249495553,998,EnthalpyOfMixing,<Substance CO{solv}{x=0.500000}|O{solv}{x=0.500000}>,CO,O,Protein-Null-0.0.3-Pair-NMR-1E4-Umbrella-1E3-4-AAQAA3-1E3-3-OPC3_opc3,2,-0.1101131615361357,0.0240981818210534,-0.777,0.0045
5619,2154,dhmix_753952445434773754,999,EnthalpyOfMixing,<Substance CCCCCCCCCl{solv}{x=0.493000}|CN1CCCC1=O{solv}{x=0.507000}>,CCCCCCCCCl,CN1CCCC1=O,Protein-Null-0.0.3-Pair-NMR-1E4-Umbrella-1E3-4-AAQAA3-1E3-3-OPC3_opc3,2,1.066171643639592,0.0516928844648628,0.638,0.0035
5620,2155,dhmix_1273186684325800862,1000,EnthalpyOfMixing,<Substance CCCCCCCCCl{solv}{x=0.783000}|CN1CCCC1=O{solv}{x=0.217000}>,CCCCCCCCCl,CN1CCCC1=O,Protein-Null-0.0.3-Pair-NMR-1E4-Umbrella-1E3-4-AAQAA3-1E3-3-OPC3_opc3,2,0.8129780538893101,0.0566991640059814,0.371,0.003
5621,2156,dhmix_1457789704046029008,1001,EnthalpyOfMixing,<Substance CCCCCCCCCl{solv}{x=0.202000}|CN1CCCC1=O{solv}{x=0.798000}>,CCCCCCCCCl,CN1CCCC1=O,Protein-Null-0.0.3-Pair-NMR-1E4-Umbrella-1E3-4-AAQAA3-1E3-3-OPC3_opc3,2,0.8087158380644865,0.0470490904576108,0.5,0.0035
5622,2157,dens_1965529278608066299,1002,Density,<Substance CCCCCCCCCl{solv}{x=0.299500}|CN1CCCC1=O{solv}{x=0.700500}>,CCCCCCCCCl,CN1CCCC1=O,Protein-Null-0.0.3-Pair-NMR-1E4-Umbrella-1E3-4-AAQAA3-1E3-3-OPC3_opc3,2,0.9402067802740484,0.0002083561682217,0.9598000000000002,0.00025
5623,2158,dens_2167805246575708222,1003,Density,<Substance CCCCCCCCCl{solv}{x=0.798600}|CN1CCCC1=O{solv}{x=0.201400}>,CCCCCCCCCl,CN1CCCC1=O,Protein-Null-0.0.3-Pair-NMR-1E4-Umbrella-1E3-4-AAQAA3-1E3-3-OPC3_opc3,2,0.8760018108780858,0.0001699276994062,0.8888000000000001,0.00055
5624,2159,dens_2177162670107081086,1004,Density,<Substance CCCCCCCCCl{solv}{x=0.497900}|CN1CCCC1=O{solv}{x=0.502100}>,CCCCCCCCCl,CN1CCCC1=O,Protein-Null-0.0.3-Pair-NMR-1E4-Umbrella-1E3-4-AAQAA3-1E3-3-OPC3_opc3,2,0.91160833680506,0.0002217698770702,0.9269000000000002,0.00035
5625,2160,dhmix_756380521637559100,1005,EnthalpyOfMixing,<Substance C1COCCO1{solv}{x=0.500000}|O=C1CCCCC1{solv}{x=0.500000}>,C1COCCO1,O=C1CCCCC1,Protein-Null-0.0.3-Pair-NMR-1E4-Umbrella-1E3-4-AAQAA3-1E3-3-OPC3_opc3,2,0.1335973476114134,0.0414547628013566,0.28584,0.00154
5626,2161,dens_1139761443535371798,1006,Density,<Substance C1COCCO1{solv}{x=0.459400}|O=C1CCCCC1{solv}{x=0.540600}>,C1COCCO1,O=C1CCCCC1,Protein-Null-0.0.3-Pair-NMR-1E4-Umbrella-1E3-4-AAQAA3-1E3-3-OPC3_opc3,2,0.9599008940676304,0.0002424099320398,0.9762000000000004,0.00025
5627,2162,dhmix_1367833850972054360,1007,EnthalpyOfMixing,<Substance C1COCCO1{solv}{x=0.750000}|O=C1CCCCC1{solv}{x=0.250000}>,C1COCCO1,O=C1CCCCC1,Protein-Null-0.0.3-Pair-NMR-1E4-Umbrella-1E3-4-AAQAA3-1E3-3-OPC3_opc3,2,0.1910746387060271,0.0415335333493757,0.23662,0.001355
5628,2163,dhmix_1533665710565492443,1008,EnthalpyOfMixing,<Substance C1COCCO1{solv}{x=0.250000}|O=C1CCCCC1{solv}{x=0.750000}>,C1COCCO1,O=C1CCCCC1,Protein-Null-0.0.3-Pair-NMR-1E4-Umbrella-1E3-4-AAQAA3-1E3-3-OPC3_opc3,2,0.1051142433390452,0.0426362355278071,0.20076,0.00121
5629,2164,dens_1556646832168598904,1009,Density,<Substance C1COCCO1{solv}{x=0.797800}|O=C1CCCCC1{solv}{x=0.202200}>,C1COCCO1,O=C1CCCCC1,Protein-Null-0.0.3-Pair-NMR-1E4-Umbrella-1E3-4-AAQAA3-1E3-3-OPC3_opc3,2,1.0010822516458442,0.0002052672935488,1.0062000000000002,0.00025
5630,2165,dens_1806066395455679216,1010,Density,<Substance C1COCCO1{solv}{x=0.272000}|O=C1CCCCC1{solv}{x=0.728000}>,C1COCCO1,O=C1CCCCC1,Protein-Null-0.0.3-Pair-NMR-1E4-Umbrella-1E3-4-AAQAA3-1E3-3-OPC3_opc3,2,0.941073752991548,0.0001999468128056,0.9614000000000004,0.00025
5631,2166,dhmix_781473821930081125,1011,EnthalpyOfMixing,<Substance CCOc1ccccc1{solv}{x=0.765100}|OCc1ccccc1{solv}{x=0.234900}>,CCOc1ccccc1,OCc1ccccc1,Protein-Null-0.0.3-Pair-NMR-1E4-Umbrella-1E3-4-AAQAA3-1E3-3-OPC3_opc3,2,0.8004526505846172,0.0514729763175808,1.083,0.0116
5632,2167,dhmix_966435122735090568,1012,EnthalpyOfMixing,<Substance CCOc1ccccc1{solv}{x=0.063600}|OCc1ccccc1{solv}{x=0.936400}>,CCOc1ccccc1,OCc1ccccc1,Protein-Null-0.0.3-Pair-NMR-1E4-Umbrella-1E3-4-AAQAA3-1E3-3-OPC3_opc3,2,0.1966889781978693,0.0532220205777009,0.1901,0.00225
5633,2168,dens_1184318999137642715,1013,Density,<Substance CCOc1ccccc1{solv}{x=0.064200}|OCc1ccccc1{solv}{x=0.935800}>,CCOc1ccccc1,OCc1ccccc1,Protein-Null-0.0.3-Pair-NMR-1E4-Umbrella-1E3-4-AAQAA3-1E3-3-OPC3_opc3,2,1.020339483007261,0.0002076471057064,1.02761,0.00011
5634,2169,dhmix_1518701992890040137,1014,EnthalpyOfMixing,<Substance CCOc1ccccc1{solv}{x=0.549900}|OCc1ccccc1{solv}{x=0.450100}>,CCOc1ccccc1,OCc1ccccc1,Protein-Null-0.0.3-Pair-NMR-1E4-Umbrella-1E3-4-AAQAA3-1E3-3-OPC3_opc3,2,0.8732990921750314,0.0492347052311872,1.0561,0.01135
5635,2170,dens_1575045736805268459,1015,Density,<Substance CCOc1ccccc1{solv}{x=0.459800}|OCc1ccccc1{solv}{x=0.540200}>,CCOc1ccccc1,OCc1ccccc1,Protein-Null-0.0.3-Pair-NMR-1E4-Umbrella-1E3-4-AAQAA3-1E3-3-OPC3_opc3,2,0.9835413540006004,0.0002161385414667,0.9925100000000002,0.00016
5636,2171,dens_2214650701288997434,1016,Density,<Substance CCOc1ccccc1{solv}{x=0.757200}|OCc1ccccc1{solv}{x=0.242800}>,CCOc1ccccc1,OCc1ccccc1,Protein-Null-0.0.3-Pair-NMR-1E4-Umbrella-1E3-4-AAQAA3-1E3-3-OPC3_opc3,2,0.959933026321462,0.0002164325018261,0.9686500000000002,0.000215
5637,2172,dens_800807749587668066,1017,Density,<Substance C1CCOCC1{solv}{x=0.733600}|c1ccncc1{solv}{x=0.266400}>,C1CCOCC1,c1ccncc1,Protein-Null-0.0.3-Pair-NMR-1E4-Umbrella-1E3-4-AAQAA3-1E3-3-OPC3_opc3,2,0.8823656116165273,0.0002664409286832,0.8933350000000002,0.000358
5638,2173,dhmix_836757145941804043,1018,EnthalpyOfMixing,<Substance C1CCOCC1{solv}{x=0.291500}|c1ccncc1{solv}{x=0.708500}>,C1CCOCC1,c1ccncc1,Protein-Null-0.0.3-Pair-NMR-1E4-Umbrella-1E3-4-AAQAA3-1E3-3-OPC3_opc3,2,0.0095043336643971,0.0388209593160659,0.0898,0.00095
5639,2174,dhmix_1003039131395935786,1019,EnthalpyOfMixing,<Substance C1CCOCC1{solv}{x=0.536300}|c1ccncc1{solv}{x=0.463700}>,C1CCOCC1,c1ccncc1,Protein-Null-0.0.3-Pair-NMR-1E4-Umbrella-1E3-4-AAQAA3-1E3-3-OPC3_opc3,2,0.0786513592898643,0.0403888888787142,0.1573,0.0013
5640,2175,dens_1859030547600172702,1020,Density,<Substance C1CCOCC1{solv}{x=0.241500}|c1ccncc1{solv}{x=0.758500}>,C1CCOCC1,c1ccncc1,Protein-Null-0.0.3-Pair-NMR-1E4-Umbrella-1E3-4-AAQAA3-1E3-3-OPC3_opc3,2,0.9478740856947456,0.0002296592708603,0.9525650000000004,0.000212
5641,2176,dhmix_2191254706131659314,1021,EnthalpyOfMixing,<Substance C1CCOCC1{solv}{x=0.734400}|c1ccncc1{solv}{x=0.265600}>,C1CCOCC1,c1ccncc1,Protein-Null-0.0.3-Pair-NMR-1E4-Umbrella-1E3-4-AAQAA3-1E3-3-OPC3_opc3,2,0.1437020245261067,0.0418347299187433,0.1564,0.0013
5642,2177,dens_2239470871208865925,1022,Density,<Substance C1CCOCC1{solv}{x=0.536400}|c1ccncc1{solv}{x=0.463600}>,C1CCOCC1,c1ccncc1,Protein-Null-0.0.3-Pair-NMR-1E4-Umbrella-1E3-4-AAQAA3-1E3-3-OPC3_opc3,2,0.9031276776437998,0.0002479002179148,0.9124250000000002,0.0002965
5643,2178,dens_801655585640229277,1023,Density,<Substance C1CCOCC1{solv}{x=0.777600}|CCCC(C)=O{solv}{x=0.222400}>,C1CCOCC1,CCCC(C)=O,Protein-Null-0.0.3-Pair-NMR-1E4-Umbrella-1E3-4-AAQAA3-1E3-3-OPC3_opc3,2,0.8458329353935872,0.0002313876807677,0.8602600000000002,0.000225
5644,2179,dhmix_1175081460677389458,1024,EnthalpyOfMixing,<Substance C1CCOCC1{solv}{x=0.250000}|CCCC(C)=O{solv}{x=0.750000}>,C1CCOCC1,CCCC(C)=O,Protein-Null-0.0.3-Pair-NMR-1E4-Umbrella-1E3-4-AAQAA3-1E3-3-OPC3_opc3,2,0.1403481405777178,0.0402635307149068,0.06014,0.00063
5645,2180,dens_1481139606755572767,1025,Density,<Substance C1CCOCC1{solv}{x=0.236100}|CCCC(C)=O{solv}{x=0.763900}>,C1CCOCC1,CCCC(C)=O,Protein-Null-0.0.3-Pair-NMR-1E4-Umbrella-1E3-4-AAQAA3-1E3-3-OPC3_opc3,2,0.7985091474911432,0.0002316108427858,0.8183900000000002,0.000215
5646,2181,dhmix_1531586108535895092,1026,EnthalpyOfMixing,<Substance C1CCOCC1{solv}{x=0.750000}|CCCC(C)=O{solv}{x=0.250000}>,C1CCOCC1,CCCC(C)=O,Protein-Null-0.0.3-Pair-NMR-1E4-Umbrella-1E3-4-AAQAA3-1E3-3-OPC3_opc3,2,0.1796351038244736,0.0426042323319032,0.08245,0.000715
5647,2182,dhmix_2074691820693967219,1027,EnthalpyOfMixing,<Substance C1CCOCC1{solv}{x=0.500000}|CCCC(C)=O{solv}{x=0.500000}>,C1CCOCC1,CCCC(C)=O,Protein-Null-0.0.3-Pair-NMR-1E4-Umbrella-1E3-4-AAQAA3-1E3-3-OPC3_opc3,2,0.1811857786176531,0.039683637307625,0.09128,0.000745
5648,2183,dens_2180187104403779312,1028,Density,<Substance C1CCOCC1{solv}{x=0.504600}|CCCC(C)=O{solv}{x=0.495400}>,C1CCOCC1,CCCC(C)=O,Protein-Null-0.0.3-Pair-NMR-1E4-Umbrella-1E3-4-AAQAA3-1E3-3-OPC3_opc3,2,0.821278442324417,0.0002303230460307,0.8386000000000002,0.00022
5649,2184,dhmix_814516627068967115,1029,EnthalpyOfMixing,<Substance CCCOC=O{solv}{x=0.230800}|ClCCCCl{solv}{x=0.769200}>,CCCOC=O,ClCCCCl,Protein-Null-0.0.3-Pair-NMR-1E4-Umbrella-1E3-4-AAQAA3-1E3-3-OPC3_opc3,2,0.2745364530201897,0.0350607418435033,-0.054,0.001
5650,2185,dens_853749747181024442,1030,Density,<Substance CCCOC=O{solv}{x=0.525500}|ClCCCCl{solv}{x=0.474500}>,CCCOC=O,ClCCCCl,Protein-Null-0.0.3-Pair-NMR-1E4-Umbrella-1E3-4-AAQAA3-1E3-3-OPC3_opc3,2,1.028838642938625,0.0002967934436291,1.0302400000000005,0.00176
5651,2186,dhmix_1623640482466530427,1031,EnthalpyOfMixing,<Substance CCCOC=O{solv}{x=0.750900}|ClCCCCl{solv}{x=0.249100}>,CCCOC=O,ClCCCCl,Protein-Null-0.0.3-Pair-NMR-1E4-Umbrella-1E3-4-AAQAA3-1E3-3-OPC3_opc3,2,0.0796662464788688,0.0344134683986806,-0.088,0.001
5652,2187,dens_1998603470347754754,1032,Density,<Substance CCCOC=O{solv}{x=0.233600}|ClCCCCl{solv}{x=0.766400}>,CCCOC=O,ClCCCCl,Protein-Null-0.0.3-Pair-NMR-1E4-Umbrella-1E3-4-AAQAA3-1E3-3-OPC3_opc3,2,1.0988602698368268,0.000354151628321,1.1122200000000002,0.00274
5653,2188,dhmix_2003217087101692001,1033,EnthalpyOfMixing,<Substance CCCOC=O{solv}{x=0.514500}|ClCCCCl{solv}{x=0.485500}>,CCCOC=O,ClCCCCl,Protein-Null-0.0.3-Pair-NMR-1E4-Umbrella-1E3-4-AAQAA3-1E3-3-OPC3_opc3,2,0.2762622449621688,0.0358313935346122,-0.114,0.0015
5654,2189,dens_2020761603812222512,1034,Density,<Substance CCCOC=O{solv}{x=0.763600}|ClCCCCl{solv}{x=0.236400}>,CCCOC=O,ClCCCCl,Protein-Null-0.0.3-Pair-NMR-1E4-Umbrella-1E3-4-AAQAA3-1E3-3-OPC3_opc3,2,0.9703450347354978,0.0002672677373885,0.9644500000000004,0.00119
5655,2190,dens_828893303895070246,1035,Density,<Substance C1CCCCC1{solv}{x=0.249800}|CCCCCCCC{solv}{x=0.750200}>,C1CCCCC1,CCCCCCCC,Protein-Null-0.0.3-Pair-NMR-1E4-Umbrella-1E3-4-AAQAA3-1E3-3-OPC3_opc3,2,0.6965072439542737,0.0001257958622364,0.7110900000000002,0.000605
5656,2191,dhmix_1288938247372010686,1036,EnthalpyOfMixing,<Substance C1CCCCC1{solv}{x=0.751300}|CCCCCCCC{solv}{x=0.248700}>,C1CCCCC1,CCCCCCCC,Protein-Null-0.0.3-Pair-NMR-1E4-Umbrella-1E3-4-AAQAA3-1E3-3-OPC3_opc3,2,0.3052291310987129,0.0466955299392952,0.23,0.005
5657,2192,dens_1398337515687242649,1037,Density,<Substance C1CCCCC1{solv}{x=0.477700}|CCCCCCCC{solv}{x=0.522300}>,C1CCCCC1,CCCCCCCC,Protein-Null-0.0.3-Pair-NMR-1E4-Umbrella-1E3-4-AAQAA3-1E3-3-OPC3_opc3,2,0.7082499556017172,0.00022545725445,0.7250300000000002,0.000585
5658,2193,dhmix_1429498464152515756,1038,EnthalpyOfMixing,<Substance C1CCCCC1{solv}{x=0.532400}|CCCCCCCC{solv}{x=0.467600}>,C1CCCCC1,CCCCCCCC,Protein-Null-0.0.3-Pair-NMR-1E4-Umbrella-1E3-4-AAQAA3-1E3-3-OPC3_opc3,2,0.2931174382230495,0.03608777854531,0.258,0.005
5659,2194,dens_2267960821195706299,1039,Density,<Substance C1CCCCC1{solv}{x=0.796100}|CCCCCCCC{solv}{x=0.203900}>,C1CCCCC1,CCCCCCCC,Protein-Null-0.0.3-Pair-NMR-1E4-Umbrella-1E3-4-AAQAA3-1E3-3-OPC3_opc3,2,0.7314573306708694,0.0001902034241016,0.7509700000000002,0.00055
5660,2195,dhmix_2289023418386220795,1040,EnthalpyOfMixing,<Substance C1CCCCC1{solv}{x=0.274400}|CCCCCCCC{solv}{x=0.725600}>,C1CCCCC1,CCCCCCCC,Protein-Null-0.0.3-Pair-NMR-1E4-Umbrella-1E3-4-AAQAA3-1E3-3-OPC3_opc3,2,0.2088903188565325,0.0547625439526945,0.18,0.005
5661,2196,dens_848374876759596361,1041,Density,<Substance CC(C)OC(C)C{solv}{x=0.284600}|CCCCCl{solv}{x=0.715400}>,CC(C)OC(C)C,CCCCCl,Protein-Null-0.0.3-Pair-NMR-1E4-Umbrella-1E3-4-AAQAA3-1E3-3-OPC3_opc3,2,0.8162327093153938,0.0002709312836992,0.8263210000000002,0.000365
5662,2197,dens_917492506874956672,1042,Density,<Substance CC(C)OC(C)C{solv}{x=0.808200}|CCCCCl{solv}{x=0.191800}>,CC(C)OC(C)C,CCCCCl,Protein-Null-0.0.3-Pair-NMR-1E4-Umbrella-1E3-4-AAQAA3-1E3-3-OPC3_opc3,2,0.7574195353390626,0.0002552001850816,0.7440910000000002,0.000448
5663,2198,dhmix_1107367594793013993,1043,EnthalpyOfMixing,<Substance CC(C)OC(C)C{solv}{x=0.272700}|CCCCCl{solv}{x=0.727300}>,CC(C)OC(C)C,CCCCCl,Protein-Null-0.0.3-Pair-NMR-1E4-Umbrella-1E3-4-AAQAA3-1E3-3-OPC3_opc3,2,-0.1306988775828372,0.0392848692472696,-0.0785,0.001
5664,2199,dhmix_1310204607958463222,1044,EnthalpyOfMixing,<Substance CC(C)OC(C)C{solv}{x=0.454700}|CCCCCl{solv}{x=0.545300}>,CC(C)OC(C)C,CCCCCl,Protein-Null-0.0.3-Pair-NMR-1E4-Umbrella-1E3-4-AAQAA3-1E3-3-OPC3_opc3,2,-0.1670387417039549,0.043487589829404,-0.0954,0.0012
5665,2200,dhmix_1605157292498138629,1045,EnthalpyOfMixing,<Substance CC(C)OC(C)C{solv}{x=0.727400}|CCCCCl{solv}{x=0.272600}>,CC(C)OC(C)C,CCCCCl,Protein-Null-0.0.3-Pair-NMR-1E4-Umbrella-1E3-4-AAQAA3-1E3-3-OPC3_opc3,2,-0.1577382785781864,0.0451838569931421,-0.0732,0.00095
5666,2201,dens_1927916489732771888,1046,Density,<Substance CC(C)OC(C)C{solv}{x=0.484000}|CCCCCl{solv}{x=0.516000}>,CC(C)OC(C)C,CCCCCl,Protein-Null-0.0.3-Pair-NMR-1E4-Umbrella-1E3-4-AAQAA3-1E3-3-OPC3_opc3,2,0.7928459666022838,0.0002687312589182,0.7925060000000002,0.0004005
5667,2202,dens_860008765681738590,1047,Density,<Substance CN(CCO)CCO{solv}{x=0.231260}|c1ccncc1{solv}{x=0.768740}>,CN(CCO)CCO,c1ccncc1,Protein-Null-0.0.3-Pair-NMR-1E4-Umbrella-1E3-4-AAQAA3-1E3-3-OPC3_opc3,2,0.9947110686464564,0.0002337391332692,0.9906030000000002,0.0001015
5668,2203,dens_1253280811379348869,1048,Density,<Substance CN(CCO)CCO{solv}{x=0.670000}|c1ccncc1{solv}{x=0.330000}>,CN(CCO)CCO,c1ccncc1,Protein-Null-0.0.3-Pair-NMR-1E4-Umbrella-1E3-4-AAQAA3-1E3-3-OPC3_opc3,2,1.022698968472722,0.0001884187278714,1.0161020000000005,0.000102
5669,2204,dhmix_1381513140604048573,1049,EnthalpyOfMixing,<Substance CN(CCO)CCO{solv}{x=0.473760}|c1ccncc1{solv}{x=0.526240}>,CN(CCO)CCO,c1ccncc1,Protein-Null-0.0.3-Pair-NMR-1E4-Umbrella-1E3-4-AAQAA3-1E3-3-OPC3_opc3,2,0.5958285261985452,0.0421092271744007,-0.093,0.001
5670,2205,dens_1460709448836415360,1050,Density,<Substance CN(CCO)CCO{solv}{x=0.473530}|c1ccncc1{solv}{x=0.526470}>,CN(CCO)CCO,c1ccncc1,Protein-Null-0.0.3-Pair-NMR-1E4-Umbrella-1E3-4-AAQAA3-1E3-3-OPC3_opc3,2,1.010310460977044,0.0002855700922421,1.0044450000000005,0.0001015
5671,2206,dhmix_2085036308089359597,1051,EnthalpyOfMixing,<Substance CN(CCO)CCO{solv}{x=0.230610}|c1ccncc1{solv}{x=0.769390}>,CN(CCO)CCO,c1ccncc1,Protein-Null-0.0.3-Pair-NMR-1E4-Umbrella-1E3-4-AAQAA3-1E3-3-OPC3_opc3,2,0.2771982565810802,0.035377073873253,-0.032,0.001
5672,2207,dhmix_2287943921901918379,1052,EnthalpyOfMixing,<Substance CN(CCO)CCO{solv}{x=0.669580}|c1ccncc1{solv}{x=0.330420}>,CN(CCO)CCO,c1ccncc1,Protein-Null-0.0.3-Pair-NMR-1E4-Umbrella-1E3-4-AAQAA3-1E3-3-OPC3_opc3,2,0.3428936186708569,0.0499256119390101,-0.12,0.0015
5673,2208,dens_929806754028972955,1053,Density,<Substance CCCC(=O)OC{solv}{x=0.695800}|COC(C)=O{solv}{x=0.304200}>,CCCC(=O)OC,COC(C)=O,Protein-Null-0.0.3-Pair-NMR-1E4-Umbrella-1E3-4-AAQAA3-1E3-3-OPC3_opc3,2,0.8984159773901763,0.0002457312229379,0.8997600000000002,0.000505
5674,2209,dhmix_1093843275803987368,1054,EnthalpyOfMixing,<Substance CCCC(=O)OC{solv}{x=0.482200}|COC(C)=O{solv}{x=0.517800}>,CCCC(=O)OC,COC(C)=O,Protein-Null-0.0.3-Pair-NMR-1E4-Umbrella-1E3-4-AAQAA3-1E3-3-OPC3_opc3,2,0.0011310183168049,0.0355493583551357,0.151,0.002
5675,2210,dens_1187818937240241755,1055,Density,<Substance CCCC(=O)OC{solv}{x=0.253600}|COC(C)=O{solv}{x=0.746400}>,CCCC(=O)OC,COC(C)=O,Protein-Null-0.0.3-Pair-NMR-1E4-Umbrella-1E3-4-AAQAA3-1E3-3-OPC3_opc3,2,0.916427541998029,0.0002871480706603,0.9147400000000002,0.000505
5676,2211,dens_1462283017082249050,1056,Density,<Substance CCCC(=O)OC{solv}{x=0.545600}|COC(C)=O{solv}{x=0.454400}>,CCCC(=O)OC,COC(C)=O,Protein-Null-0.0.3-Pair-NMR-1E4-Umbrella-1E3-4-AAQAA3-1E3-3-OPC3_opc3,2,0.903814943843748,0.0002581189310704,0.9041900000000004,0.000505
5677,2212,dhmix_1514470349370367756,1057,EnthalpyOfMixing,<Substance CCCC(=O)OC{solv}{x=0.226000}|COC(C)=O{solv}{x=0.774000}>,CCCC(=O)OC,COC(C)=O,Protein-Null-0.0.3-Pair-NMR-1E4-Umbrella-1E3-4-AAQAA3-1E3-3-OPC3_opc3,2,0.1028090883011785,0.040097962294907,0.102,0.0015
5678,2213,dhmix_1615966506855005599,1058,EnthalpyOfMixing,<Substance CCCC(=O)OC{solv}{x=0.695800}|COC(C)=O{solv}{x=0.304200}>,CCCC(=O)OC,COC(C)=O,Protein-Null-0.0.3-Pair-NMR-1E4-Umbrella-1E3-4-AAQAA3-1E3-3-OPC3_opc3,2,0.0258503655857946,0.0439551122318906,0.122,0.0015
5679,2214,dens_931039395662625393,1059,Density,<Substance BrCCBr{solv}{x=0.510700}|CCOC=O{solv}{x=0.489300}>,BrCCBr,CCOC=O,Protein-Null-0.0.3-Pair-NMR-1E4-Umbrella-1E3-4-AAQAA3-1E3-3-OPC3_opc3,2,1.5638710133612148,0.0004722665305085,1.5742900000000004,0.00125
5680,2215,dhmix_1379448524788285045,1060,EnthalpyOfMixing,<Substance BrCCBr{solv}{x=0.503000}|CCOC=O{solv}{x=0.497000}>,BrCCBr,CCOC=O,Protein-Null-0.0.3-Pair-NMR-1E4-Umbrella-1E3-4-AAQAA3-1E3-3-OPC3_opc3,2,0.2734174865205165,0.0267811236557239,0.404,0.0054
5681,2216,dhmix_1589211680683586133,1061,EnthalpyOfMixing,<Substance BrCCBr{solv}{x=0.247500}|CCOC=O{solv}{x=0.752500}>,BrCCBr,CCOC=O,Protein-Null-0.0.3-Pair-NMR-1E4-Umbrella-1E3-4-AAQAA3-1E3-3-OPC3_opc3,2,0.1855927611091736,0.0327019687171247,0.2492,0.0035
5682,2217,dens_1816072583621776909,1062,Density,<Substance BrCCBr{solv}{x=0.282500}|CCOC=O{solv}{x=0.717500}>,BrCCBr,CCOC=O,Protein-Null-0.0.3-Pair-NMR-1E4-Umbrella-1E3-4-AAQAA3-1E3-3-OPC3_opc3,2,1.2954691574290829,0.0002947038576349,1.2851500000000005,0.00131
5683,2218,dens_1857279480363338972,1063,Density,<Substance BrCCBr{solv}{x=0.750600}|CCOC=O{solv}{x=0.249400}>,BrCCBr,CCOC=O,Protein-Null-0.0.3-Pair-NMR-1E4-Umbrella-1E3-4-AAQAA3-1E3-3-OPC3_opc3,2,1.8304485714903296,0.0006160122637166,1.8698300000000003,0.000995
5684,2219,dhmix_2225135654541562913,1064,EnthalpyOfMixing,<Substance BrCCBr{solv}{x=0.734600}|CCOC=O{solv}{x=0.265400}>,BrCCBr,CCOC=O,Protein-Null-0.0.3-Pair-NMR-1E4-Umbrella-1E3-4-AAQAA3-1E3-3-OPC3_opc3,2,0.1803162311156292,0.0329760189252453,0.3604,0.00485
5685,2220,dhmix_933824509566848172,1065,EnthalpyOfMixing,<Substance C1COCO1{solv}{x=0.350000}|CCCC(C)=O{solv}{x=0.650000}>,C1COCO1,CCCC(C)=O,Protein-Null-0.0.3-Pair-NMR-1E4-Umbrella-1E3-4-AAQAA3-1E3-3-OPC3_opc3,2,0.3580567907855467,0.0417429275169568,0.17755,0.001095
5686,2221,dens_1326756646981901590,1066,Density,<Substance C1COCO1{solv}{x=0.717400}|CCCC(C)=O{solv}{x=0.282600}>,C1COCO1,CCCC(C)=O,Protein-Null-0.0.3-Pair-NMR-1E4-Umbrella-1E3-4-AAQAA3-1E3-3-OPC3_opc3,2,0.972536122791976,0.0002550220770272,0.9625500000000002,0.000245
5687,2222,dhmix_1386053902220878259,1067,EnthalpyOfMixing,<Substance C1COCO1{solv}{x=0.500000}|CCCC(C)=O{solv}{x=0.500000}>,C1COCO1,CCCC(C)=O,Protein-Null-0.0.3-Pair-NMR-1E4-Umbrella-1E3-4-AAQAA3-1E3-3-OPC3_opc3,2,0.3513147488378152,0.0284267088421491,0.21077,0.00122
5688,2223,dens_1490997112604690080,1068,Density,<Substance C1COCO1{solv}{x=0.349900}|CCCC(C)=O{solv}{x=0.650100}>,C1COCO1,CCCC(C)=O,Protein-Null-0.0.3-Pair-NMR-1E4-Umbrella-1E3-4-AAQAA3-1E3-3-OPC3_opc3,2,0.8598403935402706,0.0002358177044173,0.8687200000000003,0.00022
5689,2224,dens_1979377813631413053,1069,Density,<Substance C1COCO1{solv}{x=0.516900}|CCCC(C)=O{solv}{x=0.483100}>,C1COCO1,CCCC(C)=O,Protein-Null-0.0.3-Pair-NMR-1E4-Umbrella-1E3-4-AAQAA3-1E3-3-OPC3_opc3,2,0.906412825584432,0.0002985644320237,0.9078200000000004,0.00023
5690,2225,dhmix_2113009728753201792,1070,EnthalpyOfMixing,<Substance C1COCO1{solv}{x=0.750000}|CCCC(C)=O{solv}{x=0.250000}>,C1COCO1,CCCC(C)=O,Protein-Null-0.0.3-Pair-NMR-1E4-Umbrella-1E3-4-AAQAA3-1E3-3-OPC3_opc3,2,0.36518279548131,0.0412366343210426,0.17046,0.00107
5691,2226,dhmix_962524540250306235,1071,EnthalpyOfMixing,<Substance Cc1ccccc1N{solv}{x=0.268100}|c1ccncc1{solv}{x=0.731900}>,Cc1ccccc1N,c1ccncc1,Protein-Null-0.0.3-Pair-NMR-1E4-Umbrella-1E3-4-AAQAA3-1E3-3-OPC3_opc3,2,-1.4018461389742107,0.0397997326002085,-0.8915,0.0182
5692,2227,dhmix_1000930562998604270,1072,EnthalpyOfMixing,<Substance Cc1ccccc1N{solv}{x=0.773500}|c1ccncc1{solv}{x=0.226500}>,Cc1ccccc1N,c1ccncc1,Protein-Null-0.0.3-Pair-NMR-1E4-Umbrella-1E3-4-AAQAA3-1E3-3-OPC3_opc3,2,-1.059854782293904,0.0581892399402883,-0.7828,0.016
5693,2228,dens_1203111494553524663,1073,Density,<Substance Cc1ccccc1N{solv}{x=0.483700}|c1ccncc1{solv}{x=0.516300}>,Cc1ccccc1N,c1ccncc1,Protein-Null-0.0.3-Pair-NMR-1E4-Umbrella-1E3-4-AAQAA3-1E3-3-OPC3_opc3,2,1.00330130057345,0.0002052373204806,0.9912370000000004,0.000117
5694,2229,dens_1316174752280431242,1074,Density,<Substance Cc1ccccc1N{solv}{x=0.237400}|c1ccncc1{solv}{x=0.762600}>,Cc1ccccc1N,c1ccncc1,Protein-Null-0.0.3-Pair-NMR-1E4-Umbrella-1E3-4-AAQAA3-1E3-3-OPC3_opc3,2,0.9923635691823136,0.00022157881569,0.9863750000000002,0.000118
5695,2230,dhmix_1371524052813651708,1075,EnthalpyOfMixing,<Substance Cc1ccccc1N{solv}{x=0.482600}|c1ccncc1{solv}{x=0.517400}>,Cc1ccccc1N,c1ccncc1,Protein-Null-0.0.3-Pair-NMR-1E4-Umbrella-1E3-4-AAQAA3-1E3-3-OPC3_opc3,2,-1.7263713477537657,0.0432158285483938,-1.0329,0.02105
5696,2231,dens_2188924364196997512,1076,Density,<Substance Cc1ccccc1N{solv}{x=0.767800}|c1ccncc1{solv}{x=0.232200}>,Cc1ccccc1N,c1ccncc1,Protein-Null-0.0.3-Pair-NMR-1E4-Umbrella-1E3-4-AAQAA3-1E3-3-OPC3_opc3,2,1.0126225683013244,0.000287930622213,0.9936220000000002,0.000117
5697,2232,dens_964556344607822867,1077,Density,<Substance CCCCCCCCC{solv}{x=0.696300}|COC(C)(C)C{solv}{x=0.303700}>,CCCCCCCCC,COC(C)(C)C,Protein-Null-0.0.3-Pair-NMR-1E4-Umbrella-1E3-4-AAQAA3-1E3-3-OPC3_opc3,2,0.709293309327963,0.0001764265527241,0.7173600000000002,0.000295
5698,2233,dhmix_1091489740441728210,1078,EnthalpyOfMixing,<Substance CCCCCCCCC{solv}{x=0.260100}|COC(C)(C)C{solv}{x=0.739900}>,CCCCCCCCC,COC(C)(C)C,Protein-Null-0.0.3-Pair-NMR-1E4-Umbrella-1E3-4-AAQAA3-1E3-3-OPC3_opc3,2,0.5998450027853153,0.0415350168410881,0.371,0.0075
5699,2234,dens_1264105858192356202,1079,Density,<Substance CCCCCCCCC{solv}{x=0.499200}|COC(C)(C)C{solv}{x=0.500800}>,CCCCCCCCC,COC(C)(C)C,Protein-Null-0.0.3-Pair-NMR-1E4-Umbrella-1E3-4-AAQAA3-1E3-3-OPC3_opc3,2,0.7157790658725923,0.0001942959719985,0.7207300000000002,0.00029
5700,2235,dhmix_1760873631242020891,1080,EnthalpyOfMixing,<Substance CCCCCCCCC{solv}{x=0.759600}|COC(C)(C)C{solv}{x=0.240400}>,CCCCCCCCC,COC(C)(C)C,Protein-Null-0.0.3-Pair-NMR-1E4-Umbrella-1E3-4-AAQAA3-1E3-3-OPC3_opc3,2,0.4778446900612607,0.0513869029825557,0.345,0.007
5701,2236,dens_2012579877169955729,1081,Density,<Substance CCCCCCCCC{solv}{x=0.199500}|COC(C)(C)C{solv}{x=0.800500}>,CCCCCCCCC,COC(C)(C)C,Protein-Null-0.0.3-Pair-NMR-1E4-Umbrella-1E3-4-AAQAA3-1E3-3-OPC3_opc3,2,0.7293856407815558,0.0001721258073278,0.7281100000000001,0.000285
5702,2237,dhmix_2200368758776542578,1082,EnthalpyOfMixing,<Substance CCCCCCCCC{solv}{x=0.513300}|COC(C)(C)C{solv}{x=0.486700}>,CCCCCCCCC,COC(C)(C)C,Protein-Null-0.0.3-Pair-NMR-1E4-Umbrella-1E3-4-AAQAA3-1E3-3-OPC3_opc3,2,0.6176699858473,0.0439076003150592,0.486,0.0095
5703,2238,dhmix_972091313059406932,1083,EnthalpyOfMixing,<Substance CCCNCCC{solv}{x=0.248200}|CN(C)C=O{solv}{x=0.751800}>,CCCNCCC,CN(C)C=O,Protein-Null-0.0.3-Pair-NMR-1E4-Umbrella-1E3-4-AAQAA3-1E3-3-OPC3_opc3,2,0.1212474650893824,0.0379346110799228,0.613,0.0195
5704,2239,dhmix_1037416167092316519,1084,EnthalpyOfMixing,<Substance CCCNCCC{solv}{x=0.499500}|CN(C)C=O{solv}{x=0.500500}>,CCCNCCC,CN(C)C=O,Protein-Null-0.0.3-Pair-NMR-1E4-Umbrella-1E3-4-AAQAA3-1E3-3-OPC3_opc3,2,0.1322743397652033,0.0446470811840794,0.748,0.0225
5705,2240,dhmix_1525975551610336413,1085,EnthalpyOfMixing,<Substance CCCNCCC{solv}{x=0.749600}|CN(C)C=O{solv}{x=0.250400}>,CCCNCCC,CN(C)C=O,Protein-Null-0.0.3-Pair-NMR-1E4-Umbrella-1E3-4-AAQAA3-1E3-3-OPC3_opc3,2,0.0971776405329336,0.0465835394630824,0.529,0.017
5706,2241,dens_1610465641813938660,1086,Density,<Substance CCCNCCC{solv}{x=0.745900}|CN(C)C=O{solv}{x=0.254100}>,CCCNCCC,CN(C)C=O,Protein-Null-0.0.3-Pair-NMR-1E4-Umbrella-1E3-4-AAQAA3-1E3-3-OPC3_opc3,2,0.76473213868732,0.0001862842525681,0.7687320000000002,0.0009355
5707,2242,dens_2129043605695010641,1087,Density,<Substance CCCNCCC{solv}{x=0.503400}|CN(C)C=O{solv}{x=0.496600}>,CCCNCCC,CN(C)C=O,Protein-Null-0.0.3-Pair-NMR-1E4-Umbrella-1E3-4-AAQAA3-1E3-3-OPC3_opc3,2,0.8032658299867347,0.0002468830866847,0.8108000000000002,0.0009885
5708,2243,dens_2129124855081233158,1088,Density,<Substance CCCNCCC{solv}{x=0.252300}|CN(C)C=O{solv}{x=0.747700}>,CCCNCCC,CN(C)C=O,Protein-Null-0.0.3-Pair-NMR-1E4-Umbrella-1E3-4-AAQAA3-1E3-3-OPC3_opc3,2,0.8527994221030756,0.0002165106468307,0.8674480000000002,0.0010625
5709,2244,dhmix_1022139531284796266,1089,EnthalpyOfMixing,<Substance CCCO{solv}{x=0.730200}|O=Cc1ccccc1{solv}{x=0.269800}>,CCCO,O=Cc1ccccc1,Protein-Null-0.0.3-Pair-NMR-1E4-Umbrella-1E3-4-AAQAA3-1E3-3-OPC3_opc3,2,1.0098898509864895,0.0387128470761102,1.3784,0.00585
5710,2245,dens_1530410585842005416,1090,Density,<Substance CCCO{solv}{x=0.802500}|O=Cc1ccccc1{solv}{x=0.197500}>,CCCO,O=Cc1ccccc1,Protein-Null-0.0.3-Pair-NMR-1E4-Umbrella-1E3-4-AAQAA3-1E3-3-OPC3_opc3,2,0.8546495374067963,0.0002494569727558,0.8676000000000003,0.0054
5711,2246,dens_1586325098516354010,1091,Density,<Substance CCCO{solv}{x=0.500300}|O=Cc1ccccc1{solv}{x=0.499700}>,CCCO,O=Cc1ccccc1,Protein-Null-0.0.3-Pair-NMR-1E4-Umbrella-1E3-4-AAQAA3-1E3-3-OPC3_opc3,2,0.9340359273742412,0.0002261462625719,0.9470000000000002,0.0035
5712,2247,dhmix_1860362391399300385,1092,EnthalpyOfMixing,<Substance CCCO{solv}{x=0.237400}|O=Cc1ccccc1{solv}{x=0.762600}>,CCCO,O=Cc1ccccc1,Protein-Null-0.0.3-Pair-NMR-1E4-Umbrella-1E3-4-AAQAA3-1E3-3-OPC3_opc3,2,0.8728374082332948,0.0367466477430621,1.2579,0.0055
5713,2248,dens_2022804020725863961,1093,Density,<Substance CCCO{solv}{x=0.192900}|O=Cc1ccccc1{solv}{x=0.807100}>,CCCO,O=Cc1ccccc1,Protein-Null-0.0.3-Pair-NMR-1E4-Umbrella-1E3-4-AAQAA3-1E3-3-OPC3_opc3,2,0.9978931192043908,0.0002402477575058,1.0128,0.00265
5714,2249,dhmix_2114980631721668598,1094,EnthalpyOfMixing,<Substance CCCO{solv}{x=0.517800}|O=Cc1ccccc1{solv}{x=0.482200}>,CCCO,O=Cc1ccccc1,Protein-Null-0.0.3-Pair-NMR-1E4-Umbrella-1E3-4-AAQAA3-1E3-3-OPC3_opc3,2,1.3423551941092384,0.0383513010682937,1.6361,0.00675
5715,2250,dens_1061385011202038988,1095,Density,<Substance CC(C)O{solv}{x=0.495900}|CCCCOCCO{solv}{x=0.504100}>,CC(C)O,CCCCOCCO,Protein-Null-0.0.3-Pair-NMR-1E4-Umbrella-1E3-4-AAQAA3-1E3-3-OPC3_opc3,2,0.852151802832109,0.0002209016609825,0.8550000000000002,5.450000000000001e-05
5716,2251,dens_1314274960992474794,1096,Density,<Substance CC(C)O{solv}{x=0.292200}|CCCCOCCO{solv}{x=0.707800}>,CC(C)O,CCCCOCCO,Protein-Null-0.0.3-Pair-NMR-1E4-Umbrella-1E3-4-AAQAA3-1E3-3-OPC3_opc3,2,0.8674266134905105,0.0001846800574554,0.8743700000000002,4.600000000000001e-05
5717,2252,dens_1729117108592325655,1097,Density,<Substance CC(C)O{solv}{x=0.743300}|CCCCOCCO{solv}{x=0.256700}>,CC(C)O,CCCCOCCO,Protein-Null-0.0.3-Pair-NMR-1E4-Umbrella-1E3-4-AAQAA3-1E3-3-OPC3_opc3,2,0.8283605563087302,0.0002214280354744,0.8247900000000001,5.600000000000001e-05
5718,2253,dens_1112128096721834081,1098,Density,<Substance CNCCO{solv}{x=0.800900}|O{solv}{x=0.199100}>,CNCCO,O,Protein-Null-0.0.3-Pair-NMR-1E4-Umbrella-1E3-4-AAQAA3-1E3-3-OPC3_opc3,2,0.9581073996475936,0.0004334453799803,0.9466300000000002,0.00032
5719,2254,dens_1381694863030749046,1099,Density,<Substance CNCCO{solv}{x=0.198700}|O{solv}{x=0.801300}>,CNCCO,O,Protein-Null-0.0.3-Pair-NMR-1E4-Umbrella-1E3-4-AAQAA3-1E3-3-OPC3_opc3,2,0.9960833561228672,0.00028495154682,0.9960300000000002,0.00016
5720,2255,dhmix_1383192140212198237,1100,EnthalpyOfMixing,<Substance CNCCO{solv}{x=0.798800}|O{solv}{x=0.201200}>,CNCCO,O,Protein-Null-0.0.3-Pair-NMR-1E4-Umbrella-1E3-4-AAQAA3-1E3-3-OPC3_opc3,2,-1.1174985058963929,0.0467833790950255,-1.219,0.025
5721,2256,dens_1615304038745182966,1101,Density,<Substance CNCCO{solv}{x=0.504100}|O{solv}{x=0.495900}>,CNCCO,O,Protein-Null-0.0.3-Pair-NMR-1E4-Umbrella-1E3-4-AAQAA3-1E3-3-OPC3_opc3,2,0.976801401893489,0.0003614132212599,0.9688100000000002,0.000235
5722,2257,dhmix_1902240048183935170,1102,EnthalpyOfMixing,<Substance CNCCO{solv}{x=0.501700}|O{solv}{x=0.498300}>,CNCCO,O,Protein-Null-0.0.3-Pair-NMR-1E4-Umbrella-1E3-4-AAQAA3-1E3-3-OPC3_opc3,2,-2.010147604895838,0.0324918808279289,-2.508,0.051
5723,2258,dhmix_2185888808838690563,1103,EnthalpyOfMixing,<Substance CNCCO{solv}{x=0.199200}|O{solv}{x=0.800800}>,CNCCO,O,Protein-Null-0.0.3-Pair-NMR-1E4-Umbrella-1E3-4-AAQAA3-1E3-3-OPC3_opc3,2,-1.5007599215975524,0.0261890444218261,-2.243,0.0455
5724,2259,dens_1155626281932782094,1104,Density,<Substance CCC(C)=O{solv}{x=0.292200}|CN1CCCC1=O{solv}{x=0.707800}>,CCC(C)=O,CN1CCCC1=O,Protein-Null-0.0.3-Pair-NMR-1E4-Umbrella-1E3-4-AAQAA3-1E3-3-OPC3_opc3,2,0.9354551731410436,0.0002203466964937,0.9591400000000002,0.00262
5725,2260,dens_1354588388489384902,1105,Density,<Substance CCC(C)=O{solv}{x=0.779300}|CN1CCCC1=O{solv}{x=0.220700}>,CCC(C)=O,CN1CCCC1=O,Protein-Null-0.0.3-Pair-NMR-1E4-Umbrella-1E3-4-AAQAA3-1E3-3-OPC3_opc3,2,0.825167217066572,0.0002746744959077,0.8467600000000002,0.002595
5726,2261,dhmix_1468142552678388689,1106,EnthalpyOfMixing,<Substance CCC(C)=O{solv}{x=0.484100}|CN1CCCC1=O{solv}{x=0.515900}>,CCC(C)=O,CN1CCCC1=O,Protein-Null-0.0.3-Pair-NMR-1E4-Umbrella-1E3-4-AAQAA3-1E3-3-OPC3_opc3,2,0.1513741181491621,0.0426663754768944,-0.1675,0.00415
5727,2262,dhmix_1545004468946955771,1107,EnthalpyOfMixing,<Substance CCC(C)=O{solv}{x=0.246100}|CN1CCCC1=O{solv}{x=0.753900}>,CCC(C)=O,CN1CCCC1=O,Protein-Null-0.0.3-Pair-NMR-1E4-Umbrella-1E3-4-AAQAA3-1E3-3-OPC3_opc3,2,0.1113328804493463,0.0390087305946649,-0.0999,0.0031
5728,2263,dhmix_1746826813990258300,1108,EnthalpyOfMixing,<Substance CCC(C)=O{solv}{x=0.732400}|CN1CCCC1=O{solv}{x=0.267600}>,CCC(C)=O,CN1CCCC1=O,Protein-Null-0.0.3-Pair-NMR-1E4-Umbrella-1E3-4-AAQAA3-1E3-3-OPC3_opc3,2,0.135946170124483,0.0334250605929645,-0.0861,0.0029
5729,2264,dens_2035401379156582518,1109,Density,<Substance CCC(C)=O{solv}{x=0.479500}|CN1CCCC1=O{solv}{x=0.520500}>,CCC(C)=O,CN1CCCC1=O,Protein-Null-0.0.3-Pair-NMR-1E4-Umbrella-1E3-4-AAQAA3-1E3-3-OPC3_opc3,2,0.8951749279238156,0.0002764898447732,0.9166100000000004,0.00261
5730,2265,dens_1159403686634788877,1110,Density,<Substance C1CCOCC1{solv}{x=0.253600}|Cc1ccncc1{solv}{x=0.746400}>,C1CCOCC1,Cc1ccncc1,Protein-Null-0.0.3-Pair-NMR-1E4-Umbrella-1E3-4-AAQAA3-1E3-3-OPC3_opc3,2,0.9240211464455208,0.0002121587777307,0.9329390000000002,0.0002125
5731,2266,dhmix_1427533760370073434,1111,EnthalpyOfMixing,<Substance C1CCOCC1{solv}{x=0.241600}|Cc1ccncc1{solv}{x=0.758400}>,C1CCOCC1,Cc1ccncc1,Protein-Null-0.0.3-Pair-NMR-1E4-Umbrella-1E3-4-AAQAA3-1E3-3-OPC3_opc3,2,0.1365431121158948,0.043840434898268,0.0975,0.001
5732,2267,dens_1586440979425114987,1112,Density,<Substance C1CCOCC1{solv}{x=0.491300}|Cc1ccncc1{solv}{x=0.508700}>,C1CCOCC1,Cc1ccncc1,Protein-Null-0.0.3-Pair-NMR-1E4-Umbrella-1E3-4-AAQAA3-1E3-3-OPC3_opc3,2,0.9061822572561316,0.0002461756495094,0.9162950000000002,0.0002825
5733,2268,dhmix_1681679230288000235,1113,EnthalpyOfMixing,<Substance C1CCOCC1{solv}{x=0.483400}|Cc1ccncc1{solv}{x=0.516600}>,C1CCOCC1,Cc1ccncc1,Protein-Null-0.0.3-Pair-NMR-1E4-Umbrella-1E3-4-AAQAA3-1E3-3-OPC3_opc3,2,0.0730451764576027,0.0409952996095147,0.1741,0.00135
5734,2269,dhmix_1854625047398559527,1114,EnthalpyOfMixing,<Substance C1CCOCC1{solv}{x=0.826200}|Cc1ccncc1{solv}{x=0.173800}>,C1CCOCC1,Cc1ccncc1,Protein-Null-0.0.3-Pair-NMR-1E4-Umbrella-1E3-4-AAQAA3-1E3-3-OPC3_opc3,2,0.0806459202076794,0.0458942595718205,0.0948,0.001
5735,2270,dens_1998279082934343093,1115,Density,<Substance C1CCOCC1{solv}{x=0.826300}|Cc1ccncc1{solv}{x=0.173700}>,C1CCOCC1,Cc1ccncc1,Protein-Null-0.0.3-Pair-NMR-1E4-Umbrella-1E3-4-AAQAA3-1E3-3-OPC3_opc3,2,0.8702088690466622,0.000216986743663,0.8827950000000002,0.000387
5736,2271,dens_1226224986443053492,1116,Density,<Substance CCOc1ccccc1{solv}{x=0.482600}|OCCc1ccccc1{solv}{x=0.517400}>,CCOc1ccccc1,OCCc1ccccc1,Protein-Null-0.0.3-Pair-NMR-1E4-Umbrella-1E3-4-AAQAA3-1E3-3-OPC3_opc3,2,0.9703762234389984,0.0001860573081643,0.9803700000000002,0.00026
5737,2272,dens_1288457717872177367,1117,Density,<Substance CCOc1ccccc1{solv}{x=0.304100}|OCCc1ccccc1{solv}{x=0.695900}>,CCOc1ccccc1,OCCc1ccccc1,Protein-Null-0.0.3-Pair-NMR-1E4-Umbrella-1E3-4-AAQAA3-1E3-3-OPC3_opc3,2,0.9802559300135076,0.0001592063246464,0.9909900000000004,0.00026
5738,2273,dhmix_1400067757990485972,1118,EnthalpyOfMixing,<Substance CCOc1ccccc1{solv}{x=0.738800}|OCCc1ccccc1{solv}{x=0.261200}>,CCOc1ccccc1,OCCc1ccccc1,Protein-Null-0.0.3-Pair-NMR-1E4-Umbrella-1E3-4-AAQAA3-1E3-3-OPC3_opc3,2,0.879375824519883,0.0470322459539468,1.1427,0.01225
5739,2274,dens_1419265414647987466,1119,Density,<Substance CCOc1ccccc1{solv}{x=0.792900}|OCCc1ccccc1{solv}{x=0.207100}>,CCOc1ccccc1,OCCc1ccccc1,Protein-Null-0.0.3-Pair-NMR-1E4-Umbrella-1E3-4-AAQAA3-1E3-3-OPC3_opc3,2,0.9531446318411044,0.0001900034242492,0.9624400000000004,0.00026
5740,2275,dhmix_1985234108792038812,1120,EnthalpyOfMixing,<Substance CCOc1ccccc1{solv}{x=0.485200}|OCCc1ccccc1{solv}{x=0.514800}>,CCOc1ccccc1,OCCc1ccccc1,Protein-Null-0.0.3-Pair-NMR-1E4-Umbrella-1E3-4-AAQAA3-1E3-3-OPC3_opc3,2,1.005111093177149,0.0506798248442303,1.0249,0.011
5741,2276,dhmix_2203675640711482674,1121,EnthalpyOfMixing,<Substance CCOc1ccccc1{solv}{x=0.239100}|OCCc1ccccc1{solv}{x=0.760900}>,CCOc1ccccc1,OCCc1ccccc1,Protein-Null-0.0.3-Pair-NMR-1E4-Umbrella-1E3-4-AAQAA3-1E3-3-OPC3_opc3,2,0.69409554090754,0.0613990745203551,0.6669,0.0072
5742,2277,dens_1247048173376376516,1122,Density,<Substance CCCCC(=O)OC{solv}{x=0.349300}|COC=O{solv}{x=0.650700}>,CCCCC(=O)OC,COC=O,Protein-Null-0.0.3-Pair-NMR-1E4-Umbrella-1E3-4-AAQAA3-1E3-3-OPC3_opc3,2,0.9314403878364718,0.0002506316271558,0.9198400000000002,0.000115
5743,2278,dens_1283923442255956417,1123,Density,<Substance CCCCC(=O)OC{solv}{x=0.500000}|COC=O{solv}{x=0.500000}>,CCCCC(=O)OC,COC=O,Protein-Null-0.0.3-Pair-NMR-1E4-Umbrella-1E3-4-AAQAA3-1E3-3-OPC3_opc3,2,0.9144833601879118,0.0002322803590211,0.90817,0.00012
5744,2279,dhmix_1491739683552461043,1124,EnthalpyOfMixing,<Substance CCCCC(=O)OC{solv}{x=0.348600}|COC=O{solv}{x=0.651400}>,CCCCC(=O)OC,COC=O,Protein-Null-0.0.3-Pair-NMR-1E4-Umbrella-1E3-4-AAQAA3-1E3-3-OPC3_opc3,2,0.3601230325643767,0.0353754007216916,0.422,0.0045
5745,2280,dhmix_1747049492522889097,1125,EnthalpyOfMixing,<Substance CCCCC(=O)OC{solv}{x=0.523200}|COC=O{solv}{x=0.476800}>,CCCCC(=O)OC,COC=O,Protein-Null-0.0.3-Pair-NMR-1E4-Umbrella-1E3-4-AAQAA3-1E3-3-OPC3_opc3,2,0.3804288686183223,0.0434400017462815,0.409,0.0045
5746,2281,dhmix_1990853348078771210,1126,EnthalpyOfMixing,<Substance CCCCC(=O)OC{solv}{x=0.796800}|COC=O{solv}{x=0.203200}>,CCCCC(=O)OC,COC=O,Protein-Null-0.0.3-Pair-NMR-1E4-Umbrella-1E3-4-AAQAA3-1E3-3-OPC3_opc3,2,0.1711801239649659,0.0469700531500519,0.219,0.0025
5747,2282,dens_2269601061883384185,1127,Density,<Substance CCCCC(=O)OC{solv}{x=0.725800}|COC=O{solv}{x=0.274200}>,CCCCC(=O)OC,COC=O,Protein-Null-0.0.3-Pair-NMR-1E4-Umbrella-1E3-4-AAQAA3-1E3-3-OPC3_opc3,2,0.8972499037627847,0.0002189954255718,0.8955000000000002,0.000135
5748,2283,dens_1266839724964377205,1128,Density,<Substance Cn1ccnc1{solv}{x=0.779500}|O{solv}{x=0.220500}>,Cn1ccnc1,O,Protein-Null-0.0.3-Pair-NMR-1E4-Umbrella-1E3-4-AAQAA3-1E3-3-OPC3_opc3,2,1.0208703687816516,0.0002744540337018,1.0360000000000005,0.00015
5749,2284,dens_1634862053132906887,1129,Density,<Substance Cn1ccnc1{solv}{x=0.498200}|O{solv}{x=0.501800}>,Cn1ccnc1,O,Protein-Null-0.0.3-Pair-NMR-1E4-Umbrella-1E3-4-AAQAA3-1E3-3-OPC3_opc3,2,1.0235226223391412,0.0002752065303958,1.0416,0.00015
5750,2285,dens_1681126092995837883,1130,Density,<Substance Cn1ccnc1{solv}{x=0.216700}|O{solv}{x=0.783300}>,Cn1ccnc1,O,Protein-Null-0.0.3-Pair-NMR-1E4-Umbrella-1E3-4-AAQAA3-1E3-3-OPC3_opc3,2,1.017369655412506,0.0003848525018607,1.0301000000000002,0.0001
5751,2286,dhmix_1311251505653939236,1131,EnthalpyOfMixing,<Substance CC(=O)CC(C)=O{solv}{x=0.598500}|O{solv}{x=0.401500}>,CC(=O)CC(C)=O,O,Protein-Null-0.0.3-Pair-NMR-1E4-Umbrella-1E3-4-AAQAA3-1E3-3-OPC3_opc3,2,0.1426499955213671,0.0342718363316532,0.4905,0.00555
5752,2287,dhmix_1367092272310773702,1132,EnthalpyOfMixing,<Substance CC(=O)CC(C)=O{solv}{x=0.749200}|O{solv}{x=0.250800}>,CC(=O)CC(C)=O,O,Protein-Null-0.0.3-Pair-NMR-1E4-Umbrella-1E3-4-AAQAA3-1E3-3-OPC3_opc3,2,0.3278007710907786,0.0357476571307886,0.6211,0.00695
5753,2288,dhmix_2033109088651196860,1133,EnthalpyOfMixing,<Substance CC(=O)CC(C)=O{solv}{x=0.200400}|O{solv}{x=0.799600}>,CC(=O)CC(C)=O,O,Protein-Null-0.0.3-Pair-NMR-1E4-Umbrella-1E3-4-AAQAA3-1E3-3-OPC3_opc3,2,-0.2699245675114525,0.0222258438392931,0.1562,0.0021
5754,2289,dens_1319073694995976411,1134,Density,<Substance CC(C)CO{solv}{x=0.762200}|OC1=NCCC1{solv}{x=0.237800}>,CC(C)CO,OC1=NCCC1,Protein-Null-0.0.3-Pair-NMR-1E4-Umbrella-1E3-4-AAQAA3-1E3-3-OPC3_opc3,2,0.8603895580964382,0.0002206064593842,0.8623100000000001,0.000205
5755,2290,dhmix_1817161401911066523,1135,EnthalpyOfMixing,<Substance CC(C)CO{solv}{x=0.754900}|OC1=NCCC1{solv}{x=0.245100}>,CC(C)CO,OC1=NCCC1,Protein-Null-0.0.3-Pair-NMR-1E4-Umbrella-1E3-4-AAQAA3-1E3-3-OPC3_opc3,2,1.2751178077537486,0.043558804722101,0.2989,0.0033
5756,2291,dens_1852757585830259815,1136,Density,<Substance CC(C)CO{solv}{x=0.287400}|OC1=NCCC1{solv}{x=0.712600}>,CC(C)CO,OC1=NCCC1,Protein-Null-0.0.3-Pair-NMR-1E4-Umbrella-1E3-4-AAQAA3-1E3-3-OPC3_opc3,2,0.9841175536084604,0.0002752508230577,1.0078300000000002,0.000155
5757,2292,dhmix_2057245570503088562,1137,EnthalpyOfMixing,<Substance CC(C)CO{solv}{x=0.259800}|OC1=NCCC1{solv}{x=0.740200}>,CC(C)CO,OC1=NCCC1,Protein-Null-0.0.3-Pair-NMR-1E4-Umbrella-1E3-4-AAQAA3-1E3-3-OPC3_opc3,2,1.1990514717087564,0.0416346668992631,0.1798,0.00205
5758,2293,dens_2175875616459255266,1138,Density,<Substance CC(C)CO{solv}{x=0.489400}|OC1=NCCC1{solv}{x=0.510600}>,CC(C)CO,OC1=NCCC1,Protein-Null-0.0.3-Pair-NMR-1E4-Umbrella-1E3-4-AAQAA3-1E3-3-OPC3_opc3,2,0.9303906809833754,0.0002254472818615,0.9431100000000002,0.00017
5759,2294,dhmix_2273039716774959551,1139,EnthalpyOfMixing,<Substance CC(C)CO{solv}{x=0.497800}|OC1=NCCC1{solv}{x=0.502200}>,CC(C)CO,OC1=NCCC1,Protein-Null-0.0.3-Pair-NMR-1E4-Umbrella-1E3-4-AAQAA3-1E3-3-OPC3_opc3,2,1.7978752447835618,0.0357190911683444,0.2775,0.0031
5760,2295,dens_1400897934227212514,1140,Density,<Substance CC(C)CC(C)(C)C{solv}{x=0.541100}|COC(C)=O{solv}{x=0.458900}>,CC(C)CC(C)(C)C,COC(C)=O,Protein-Null-0.0.3-Pair-NMR-1E4-Umbrella-1E3-4-AAQAA3-1E3-3-OPC3_opc3,2,0.7648300224970138,0.0002401321330145,0.7495700000000002,0.000505
5761,2296,dhmix_1534218615961922445,1141,EnthalpyOfMixing,<Substance CC(C)CC(C)(C)C{solv}{x=0.256000}|COC(C)=O{solv}{x=0.744000}>,CC(C)CC(C)(C)C,COC(C)=O,Protein-Null-0.0.3-Pair-NMR-1E4-Umbrella-1E3-4-AAQAA3-1E3-3-OPC3_opc3,2,1.7029502273578867,0.0409759459066743,1.385,0.015
5762,2297,dhmix_1663557420681143866,1142,EnthalpyOfMixing,<Substance CC(C)CC(C)(C)C{solv}{x=0.540600}|COC(C)=O{solv}{x=0.459400}>,CC(C)CC(C)(C)C,COC(C)=O,Protein-Null-0.0.3-Pair-NMR-1E4-Umbrella-1E3-4-AAQAA3-1E3-3-OPC3_opc3,2,2.01186100508842,0.0446244696019504,1.759,0.019
5763,2298,dens_1833608859418637606,1143,Density,<Substance CC(C)CC(C)(C)C{solv}{x=0.736400}|COC(C)=O{solv}{x=0.263600}>,CC(C)CC(C)(C)C,COC(C)=O,Protein-Null-0.0.3-Pair-NMR-1E4-Umbrella-1E3-4-AAQAA3-1E3-3-OPC3_opc3,2,0.7332240972484405,0.0001952969996667,0.7171000000000002,0.00015
5764,2299,dhmix_1913788848230724771,1144,EnthalpyOfMixing,<Substance CC(C)CC(C)(C)C{solv}{x=0.783300}|COC(C)=O{solv}{x=0.216700}>,CC(C)CC(C)(C)C,COC(C)=O,Protein-Null-0.0.3-Pair-NMR-1E4-Umbrella-1E3-4-AAQAA3-1E3-3-OPC3_opc3,2,1.404774284346786,0.0405193981967404,1.149,0.0125
5765,2300,dens_2018568384717712900,1145,Density,<Substance CC(C)CC(C)(C)C{solv}{x=0.238900}|COC(C)=O{solv}{x=0.761100}>,CC(C)CC(C)(C)C,COC(C)=O,Protein-Null-0.0.3-Pair-NMR-1E4-Umbrella-1E3-4-AAQAA3-1E3-3-OPC3_opc3,2,0.8369826065538327,0.0002425823623292,0.8248000000000002,0.0001
5766,2301,dens_1465225466328543955,1146,Density,<Substance Cc1cccnc1{solv}{x=0.225000}|O{solv}{x=0.775000}>,Cc1cccnc1,O,Protein-Null-0.0.3-Pair-NMR-1E4-Umbrella-1E3-4-AAQAA3-1E3-3-OPC3_opc3,2,0.9686494618697986,0.0003764784083105,0.9921000000000002,0.0003
5767,2302,dens_1644445312716340330,1147,Density,<Substance Cc1cccnc1{solv}{x=0.500000}|O{solv}{x=0.500000}>,Cc1cccnc1,O,Protein-Null-0.0.3-Pair-NMR-1E4-Umbrella-1E3-4-AAQAA3-1E3-3-OPC3_opc3,2,0.9563121102756972,0.00034195494586,0.9797000000000002,0.0003
5768,2303,dens_2262998332454406432,1148,Density,<Substance Cc1cccnc1{solv}{x=0.700000}|O{solv}{x=0.300000}>,Cc1cccnc1,O,Protein-Null-0.0.3-Pair-NMR-1E4-Umbrella-1E3-4-AAQAA3-1E3-3-OPC3_opc3,2,0.9516268810365324,0.0002730481410202,0.9690000000000002,0.0003
5769,2304,dens_1601780542508306264,1149,Density,<Substance CC(=O)N(C)C{solv}{x=0.771800}|CCOC(C)=O{solv}{x=0.228200}>,CC(=O)N(C)C,CCOC(C)=O,Protein-Null-0.0.3-Pair-NMR-1E4-Umbrella-1E3-4-AAQAA3-1E3-3-OPC3_opc3,2,0.8996756425580741,0.0002331425214519,0.9286200000000002,0.000185
5770,2305,dens_2126546638582188774,1150,Density,<Substance CC(=O)N(C)C{solv}{x=0.464600}|CCOC(C)=O{solv}{x=0.535400}>,CC(=O)N(C)C,CCOC(C)=O,Protein-Null-0.0.3-Pair-NMR-1E4-Umbrella-1E3-4-AAQAA3-1E3-3-OPC3_opc3,2,0.9025078951218722,0.0002308800811657,0.9166300000000002,0.00022
5771,2306,dens_2159432384130350508,1151,Density,<Substance CC(=O)N(C)C{solv}{x=0.233100}|CCOC(C)=O{solv}{x=0.766900}>,CC(=O)N(C)C,CCOC(C)=O,Protein-Null-0.0.3-Pair-NMR-1E4-Umbrella-1E3-4-AAQAA3-1E3-3-OPC3_opc3,2,0.9039560978849788,0.0002515929000403,0.9064300000000002,0.000245
5772,2307,dens_1713891284028890335,1152,Density,<Substance CC(=O)O{solv}{x=0.798900}|CCOC(C)=O{solv}{x=0.201100}>,CC(=O)O,CCOC(C)=O,Protein-Null-0.0.3-Pair-NMR-1E4-Umbrella-1E3-4-AAQAA3-1E3-3-OPC3_opc3,2,1.02002485540169,0.0002673958000336,0.9996600000000002,0.000225
5773,2308,dens_1856345418041920174,1153,Density,<Substance CC(=O)O{solv}{x=0.500700}|CCOC(C)=O{solv}{x=0.499300}>,CC(=O)O,CCOC(C)=O,Protein-Null-0.0.3-Pair-NMR-1E4-Umbrella-1E3-4-AAQAA3-1E3-3-OPC3_opc3,2,0.966952509891531,0.0002816695434774,0.9514000000000002,0.00018
5774,2309,dens_2035334988982485653,1154,Density,<Substance CC(=O)O{solv}{x=0.294400}|CCOC(C)=O{solv}{x=0.705600}>,CC(=O)O,CCOC(C)=O,Protein-Null-0.0.3-Pair-NMR-1E4-Umbrella-1E3-4-AAQAA3-1E3-3-OPC3_opc3,2,0.93813521531383,0.0002732511972239,0.9255000000000002,0.00016
5775,2310,dhmix_592425981731704,0,EnthalpyOfMixing,<Substance C1CCCCC1{solv}{x=0.100300}|Cc1ccccc1{solv}{x=0.899700}>,C1CCCCC1,Cc1ccccc1,Protein-Null-0.0.3-Pair-NMR-1E4-Umbrella-1E3-4-AAQAA3-1E3-3-OPC3_opc3,3,0.2705414758049187,0.0496117978578182,0.2015,0.0015
5776,2311,dens_191923210986624643,1,Density,<Substance C1CCCCC1{solv}{x=0.697700}|Cc1ccccc1{solv}{x=0.302300}>,C1CCCCC1,Cc1ccccc1,Protein-Null-0.0.3-Pair-NMR-1E4-Umbrella-1E3-4-AAQAA3-1E3-3-OPC3_opc3,3,0.7588346338471297,0.0002433815672964,0.7818000000000002,0.00041
5777,2312,dens_699555827256664507,2,Density,<Substance C1CCCCC1{solv}{x=0.100000}|Cc1ccccc1{solv}{x=0.900000}>,C1CCCCC1,Cc1ccccc1,Protein-Null-0.0.3-Pair-NMR-1E4-Umbrella-1E3-4-AAQAA3-1E3-3-OPC3_opc3,3,0.8199300504338455,0.0002696861859245,0.8378000000000001,0.00025
5778,2313,dhmix_997331474504366167,3,EnthalpyOfMixing,<Substance C1CCCCC1{solv}{x=0.697900}|Cc1ccccc1{solv}{x=0.302100}>,C1CCCCC1,Cc1ccccc1,Protein-Null-0.0.3-Pair-NMR-1E4-Umbrella-1E3-4-AAQAA3-1E3-3-OPC3_opc3,3,0.6174293420373971,0.0454329661747723,0.5221,0.0034
5779,2314,dhmix_1586684551148150215,4,EnthalpyOfMixing,<Substance C1CCCCC1{solv}{x=0.397600}|Cc1ccccc1{solv}{x=0.602400}>,C1CCCCC1,Cc1ccccc1,Protein-Null-0.0.3-Pair-NMR-1E4-Umbrella-1E3-4-AAQAA3-1E3-3-OPC3_opc3,3,0.8329351710717106,0.0425327523807519,0.5887,0.0038
5780,2315,dens_1809100412119556796,5,Density,<Substance C1CCCCC1{solv}{x=0.397500}|Cc1ccccc1{solv}{x=0.602500}>,C1CCCCC1,Cc1ccccc1,Protein-Null-0.0.3-Pair-NMR-1E4-Umbrella-1E3-4-AAQAA3-1E3-3-OPC3_opc3,3,0.8029861176172471,0.0002474976670764,0.8228000000000002,0.0002
5781,2316,dhmix_1261378482688431,6,EnthalpyOfMixing,<Substance CCC(C)=O{solv}{x=0.510600}|Nc1ccccc1{solv}{x=0.489400}>,CCC(C)=O,Nc1ccccc1,Protein-Null-0.0.3-Pair-NMR-1E4-Umbrella-1E3-4-AAQAA3-1E3-3-OPC3_opc3,3,-0.7560640526873428,0.0382769048213375,-1.173,0.0125
5782,2317,dhmix_157258283975731553,7,EnthalpyOfMixing,<Substance CCC(C)=O{solv}{x=0.901800}|Nc1ccccc1{solv}{x=0.098200}>,CCC(C)=O,Nc1ccccc1,Protein-Null-0.0.3-Pair-NMR-1E4-Umbrella-1E3-4-AAQAA3-1E3-3-OPC3_opc3,3,-0.3884154906645882,0.0435561080066348,-0.469,0.005
5783,2318,dens_610648476268376520,8,Density,<Substance CCC(C)=O{solv}{x=0.502600}|Nc1ccccc1{solv}{x=0.497400}>,CCC(C)=O,Nc1ccccc1,Protein-Null-0.0.3-Pair-NMR-1E4-Umbrella-1E3-4-AAQAA3-1E3-3-OPC3_opc3,3,0.9221226863689524,0.0002478086434218,0.9213850000000002,5.650000000000002e-05
5784,2319,dens_1388487494953421117,9,Density,<Substance CCC(C)=O{solv}{x=0.901900}|Nc1ccccc1{solv}{x=0.098100}>,CCC(C)=O,Nc1ccccc1,Protein-Null-0.0.3-Pair-NMR-1E4-Umbrella-1E3-4-AAQAA3-1E3-3-OPC3_opc3,3,0.8037319681405735,0.000274014691708,0.8265540000000001,7.200000000000002e-05
5785,2320,dhmix_1389656513678923263,10,EnthalpyOfMixing,<Substance CCC(C)=O{solv}{x=0.209900}|Nc1ccccc1{solv}{x=0.790100}>,CCC(C)=O,Nc1ccccc1,Protein-Null-0.0.3-Pair-NMR-1E4-Umbrella-1E3-4-AAQAA3-1E3-3-OPC3_opc3,3,-0.1698678901243298,0.0413833009091109,-0.648,0.007
5786,2321,dens_2115628806769415578,11,Density,<Substance CCC(C)=O{solv}{x=0.256300}|Nc1ccccc1{solv}{x=0.743700}>,CCC(C)=O,Nc1ccccc1,Protein-Null-0.0.3-Pair-NMR-1E4-Umbrella-1E3-4-AAQAA3-1E3-3-OPC3_opc3,3,0.9931408370941158,0.0002526872568893,0.9712300000000004,4.900000000000001e-05
5787,2322,dens_1379242187515209,12,Density,<Substance CC#N{solv}{x=0.795200}|CCCCOCCCC{solv}{x=0.204800}>,CC#N,CCCCOCCCC,Protein-Null-0.0.3-Pair-NMR-1E4-Umbrella-1E3-4-AAQAA3-1E3-3-OPC3_opc3,3,0.770035888604414,0.0002536650466409,0.7708800000000002,0.000245
5788,2323,dhmix_575991096898484441,13,EnthalpyOfMixing,<Substance CC#N{solv}{x=0.488600}|CCCCOCCCC{solv}{x=0.511400}>,CC#N,CCCCOCCCC,Protein-Null-0.0.3-Pair-NMR-1E4-Umbrella-1E3-4-AAQAA3-1E3-3-OPC3_opc3,3,0.699230920067258,0.0431144184868492,1.26543,0.00796
5789,2324,dhmix_1182924089945476872,14,EnthalpyOfMixing,<Substance CC#N{solv}{x=0.241600}|CCCCOCCCC{solv}{x=0.758400}>,CC#N,CCCCOCCCC,Protein-Null-0.0.3-Pair-NMR-1E4-Umbrella-1E3-4-AAQAA3-1E3-3-OPC3_opc3,3,0.501852023264405,0.0507635507868077,0.94593,0.00601
5790,2325,dhmix_1244492966201685063,15,EnthalpyOfMixing,<Substance CC#N{solv}{x=0.795200}|CCCCOCCCC{solv}{x=0.204800}>,CC#N,CCCCOCCCC,Protein-Null-0.0.3-Pair-NMR-1E4-Umbrella-1E3-4-AAQAA3-1E3-3-OPC3_opc3,3,0.4541194227180394,0.0320148900839526,0.94289,0.005995
5791,2326,dens_2044032309137951705,16,Density,<Substance CC#N{solv}{x=0.245500}|CCCCOCCCC{solv}{x=0.754500}>,CC#N,CCCCOCCCC,Protein-Null-0.0.3-Pair-NMR-1E4-Umbrella-1E3-4-AAQAA3-1E3-3-OPC3_opc3,3,0.7582680686374547,0.0001943223518177,0.7653000000000001,0.00028
5792,2327,dens_2211436825174998797,17,Density,<Substance CC#N{solv}{x=0.509800}|CCCCOCCCC{solv}{x=0.490200}>,CC#N,CCCCOCCCC,Protein-Null-0.0.3-Pair-NMR-1E4-Umbrella-1E3-4-AAQAA3-1E3-3-OPC3_opc3,3,0.7628394298895755,0.0002296148420668,0.7671500000000001,0.00026
5793,2328,dens_1820034175228694,18,Density,<Substance C1CCCCC1{solv}{x=0.540900}|CN1CCCC1=O{solv}{x=0.459100}>,C1CCCCC1,CN1CCCC1=O,Protein-Null-0.0.3-Pair-NMR-1E4-Umbrella-1E3-4-AAQAA3-1E3-3-OPC3_opc3,3,0.8517750343999663,0.000226434392973,0.8757100000000002,0.000335
5794,2329,dhmix_1335365307191460458,19,EnthalpyOfMixing,<Substance C1CCCCC1{solv}{x=0.751800}|CN1CCCC1=O{solv}{x=0.248200}>,C1CCCCC1,CN1CCCC1=O,Protein-Null-0.0.3-Pair-NMR-1E4-Umbrella-1E3-4-AAQAA3-1E3-3-OPC3_opc3,3,1.5037289057981411,0.0389153555153197,1.1998,0.01285
5795,2330,dens_1375048033230012198,20,Density,<Substance C1CCCCC1{solv}{x=0.733200}|CN1CCCC1=O{solv}{x=0.266800}>,C1CCCCC1,CN1CCCC1=O,Protein-Null-0.0.3-Pair-NMR-1E4-Umbrella-1E3-4-AAQAA3-1E3-3-OPC3_opc3,3,0.8054899284120745,0.000212144491729,0.8287300000000002,0.0004
5796,2331,dhmix_1563298635135474599,21,EnthalpyOfMixing,<Substance C1CCCCC1{solv}{x=0.278900}|CN1CCCC1=O{solv}{x=0.721100}>,C1CCCCC1,CN1CCCC1=O,Protein-Null-0.0.3-Pair-NMR-1E4-Umbrella-1E3-4-AAQAA3-1E3-3-OPC3_opc3,3,1.6045533801235763,0.0486711718725142,1.2061,0.0129
5797,2332,dens_1606235786379262481,22,Density,<Substance C1CCCCC1{solv}{x=0.227500}|CN1CCCC1=O{solv}{x=0.772500}>,C1CCCCC1,CN1CCCC1=O,Protein-Null-0.0.3-Pair-NMR-1E4-Umbrella-1E3-4-AAQAA3-1E3-3-OPC3_opc3,3,0.9313344212342036,0.0001795193219595,0.9583800000000002,0.000245
5798,2333,dhmix_1683219349338278021,23,EnthalpyOfMixing,<Substance C1CCCCC1{solv}{x=0.473400}|CN1CCCC1=O{solv}{x=0.526600}>,C1CCCCC1,CN1CCCC1=O,Protein-Null-0.0.3-Pair-NMR-1E4-Umbrella-1E3-4-AAQAA3-1E3-3-OPC3_opc3,3,1.781753058971148,0.0444988381700399,1.4691,0.0157
5799,2334,dens_4438302718372985,24,Density,<Substance BrCCCCBr{solv}{x=0.717000}|COC=O{solv}{x=0.283000}>,BrCCCCBr,COC=O,Protein-Null-0.0.3-Pair-NMR-1E4-Umbrella-1E3-4-AAQAA3-1E3-3-OPC3_opc3,3,1.6264669739721007,0.0004875689577641,1.6702600000000003,0.00259
5800,2335,dhmix_369816950910078034,25,EnthalpyOfMixing,<Substance BrCCCCBr{solv}{x=0.778200}|COC=O{solv}{x=0.221800}>,BrCCCCBr,COC=O,Protein-Null-0.0.3-Pair-NMR-1E4-Umbrella-1E3-4-AAQAA3-1E3-3-OPC3_opc3,3,0.7296030467136561,0.0402232370182737,0.6355,0.0057
5801,2336,dens_460757700461114532,26,Density,<Substance BrCCCCBr{solv}{x=0.495800}|COC=O{solv}{x=0.504200}>,BrCCCCBr,COC=O,Protein-Null-0.0.3-Pair-NMR-1E4-Umbrella-1E3-4-AAQAA3-1E3-3-OPC3_opc3,3,1.494886649359791,0.0004247590775715,1.5176800000000004,0.001885
5802,2337,dhmix_1496821399278454353,27,EnthalpyOfMixing,<Substance BrCCCCBr{solv}{x=0.265400}|COC=O{solv}{x=0.734600}>,BrCCCCBr,COC=O,Protein-Null-0.0.3-Pair-NMR-1E4-Umbrella-1E3-4-AAQAA3-1E3-3-OPC3_opc3,3,0.9196046979406668,0.0344347870763407,0.8185,0.00715
5803,2338,dens_1750413656870357630,28,Density,<Substance BrCCCCBr{solv}{x=0.225800}|COC=O{solv}{x=0.774200}>,BrCCCCBr,COC=O,Protein-Null-0.0.3-Pair-NMR-1E4-Umbrella-1E3-4-AAQAA3-1E3-3-OPC3_opc3,3,1.272151957986778,0.0004273090346071,1.2671300000000003,0.00104
5804,2339,dhmix_1802862930607761431,29,EnthalpyOfMixing,<Substance BrCCCCBr{solv}{x=0.482000}|COC=O{solv}{x=0.518000}>,BrCCCCBr,COC=O,Protein-Null-0.0.3-Pair-NMR-1E4-Umbrella-1E3-4-AAQAA3-1E3-3-OPC3_opc3,3,1.1618287788554014,0.0345077356153365,1.0243,0.0087
5805,2340,dhmix_8447570649359775,30,EnthalpyOfMixing,<Substance OCCO{solv}{x=0.481700}|OCc1ccccc1{solv}{x=0.518300}>,OCCO,OCc1ccccc1,Protein-Null-0.0.3-Pair-NMR-1E4-Umbrella-1E3-4-AAQAA3-1E3-3-OPC3_opc3,3,0.1180151719371167,0.046404367489555,0.201,0.00465
5806,2341,dens_824372741354282107,31,Density,<Substance OCCO{solv}{x=0.505700}|OCc1ccccc1{solv}{x=0.494300}>,OCCO,OCc1ccccc1,Protein-Null-0.0.3-Pair-NMR-1E4-Umbrella-1E3-4-AAQAA3-1E3-3-OPC3_opc3,3,1.0535327429839896,0.0002877107114516,1.0579000000000005,0.00027
5807,2342,dens_1105173553343721111,32,Density,<Substance OCCO{solv}{x=0.737100}|OCc1ccccc1{solv}{x=0.262900}>,OCCO,OCc1ccccc1,Protein-Null-0.0.3-Pair-NMR-1E4-Umbrella-1E3-4-AAQAA3-1E3-3-OPC3_opc3,3,1.0735545997167693,0.0003789769767222,1.0753200000000005,0.000275
5808,2343,dhmix_1362282802315816638,33,EnthalpyOfMixing,<Substance OCCO{solv}{x=0.736100}|OCc1ccccc1{solv}{x=0.263900}>,OCCO,OCc1ccccc1,Protein-Null-0.0.3-Pair-NMR-1E4-Umbrella-1E3-4-AAQAA3-1E3-3-OPC3_opc3,3,0.1749439806252155,0.0485335776227124,0.1383,0.0037
5809,2344,dhmix_1666683879028583081,34,EnthalpyOfMixing,<Substance OCCO{solv}{x=0.236500}|OCc1ccccc1{solv}{x=0.763500}>,OCCO,OCc1ccccc1,Protein-Null-0.0.3-Pair-NMR-1E4-Umbrella-1E3-4-AAQAA3-1E3-3-OPC3_opc3,3,0.0856920169803316,0.0385120133804946,0.209,0.0048
5810,2345,dens_1698159396404241323,35,Density,<Substance OCCO{solv}{x=0.262200}|OCc1ccccc1{solv}{x=0.737800}>,OCCO,OCc1ccccc1,Protein-Null-0.0.3-Pair-NMR-1E4-Umbrella-1E3-4-AAQAA3-1E3-3-OPC3_opc3,3,1.0382145107945886,0.0002608590306351,1.0442900000000002,0.000265
5811,2346,dens_8507121971977381,36,Density,<Substance CCOC(C)(C)C{solv}{x=0.505000}|Cc1ccccc1{solv}{x=0.495000}>,CCOC(C)(C)C,Cc1ccccc1,Protein-Null-0.0.3-Pair-NMR-1E4-Umbrella-1E3-4-AAQAA3-1E3-3-OPC3_opc3,3,0.795204430327344,0.0002515366609517,0.7937390000000002,0.000467
5812,2347,dens_499290591626962121,37,Density,<Substance CCOC(C)(C)C{solv}{x=0.217000}|Cc1ccccc1{solv}{x=0.783000}>,CCOC(C)(C)C,Cc1ccccc1,Protein-Null-0.0.3-Pair-NMR-1E4-Umbrella-1E3-4-AAQAA3-1E3-3-OPC3_opc3,3,0.8239794515388792,0.0002317789621416,0.8314450000000002,0.000411
5813,2348,dhmix_820491025608256793,38,EnthalpyOfMixing,<Substance CCOC(C)(C)C{solv}{x=0.501900}|Cc1ccccc1{solv}{x=0.498100}>,CCOC(C)(C)C,Cc1ccccc1,Protein-Null-0.0.3-Pair-NMR-1E4-Umbrella-1E3-4-AAQAA3-1E3-3-OPC3_opc3,3,-0.2450714057073995,0.0459468701505051,-0.046,0.00055
5814,2349,dhmix_1374163681483564129,39,EnthalpyOfMixing,<Substance CCOC(C)(C)C{solv}{x=0.248900}|Cc1ccccc1{solv}{x=0.751100}>,CCOC(C)(C)C,Cc1ccccc1,Protein-Null-0.0.3-Pair-NMR-1E4-Umbrella-1E3-4-AAQAA3-1E3-3-OPC3_opc3,3,-0.2261345614927066,0.0457559540514122,-0.0324,0.0005
5815,2350,dens_1904998692863983733,40,Density,<Substance CCOC(C)(C)C{solv}{x=0.701000}|Cc1ccccc1{solv}{x=0.299000}>,CCOC(C)(C)C,Cc1ccccc1,Protein-Null-0.0.3-Pair-NMR-1E4-Umbrella-1E3-4-AAQAA3-1E3-3-OPC3_opc3,3,0.7764237555280857,0.0002083282041893,0.7696300000000001,0.000503
5816,2351,dhmix_1982853461678580310,41,EnthalpyOfMixing,<Substance CCOC(C)(C)C{solv}{x=0.749500}|Cc1ccccc1{solv}{x=0.250500}>,CCOC(C)(C)C,Cc1ccccc1,Protein-Null-0.0.3-Pair-NMR-1E4-Umbrella-1E3-4-AAQAA3-1E3-3-OPC3_opc3,3,-0.274956280670672,0.0469739018259088,-0.0348,0.0005
5817,2352,dhmix_13624411991961099,42,EnthalpyOfMixing,<Substance C1CCOCC1{solv}{x=0.237900}|Cc1ccccc1N{solv}{x=0.762100}>,C1CCOCC1,Cc1ccccc1N,Protein-Null-0.0.3-Pair-NMR-1E4-Umbrella-1E3-4-AAQAA3-1E3-3-OPC3_opc3,3,-0.1856691302092219,0.0438041007045848,-0.3658,0.004
5818,2353,dhmix_510299013171775812,43,EnthalpyOfMixing,<Substance C1CCOCC1{solv}{x=0.741000}|Cc1ccccc1N{solv}{x=0.259000}>,C1CCOCC1,Cc1ccccc1N,Protein-Null-0.0.3-Pair-NMR-1E4-Umbrella-1E3-4-AAQAA3-1E3-3-OPC3_opc3,3,-0.0657823322754964,0.0443973172708216,-0.4892,0.0053
5819,2354,dhmix_1337006691942958969,44,EnthalpyOfMixing,<Substance C1CCOCC1{solv}{x=0.490100}|Cc1ccccc1N{solv}{x=0.509900}>,C1CCOCC1,Cc1ccccc1N,Protein-Null-0.0.3-Pair-NMR-1E4-Umbrella-1E3-4-AAQAA3-1E3-3-OPC3_opc3,3,-0.2389690916561662,0.042369971173596,-0.5715,0.0062
5820,2355,dens_1448062547628404156,45,Density,<Substance C1CCOCC1{solv}{x=0.727900}|Cc1ccccc1N{solv}{x=0.272100}>,C1CCOCC1,Cc1ccccc1N,Protein-Null-0.0.3-Pair-NMR-1E4-Umbrella-1E3-4-AAQAA3-1E3-3-OPC3_opc3,3,0.9117797130694096,0.0002198597495684,0.91866,0.000285
5821,2356,dens_2171966897328079405,46,Density,<Substance C1CCOCC1{solv}{x=0.498600}|Cc1ccccc1N{solv}{x=0.501400}>,C1CCOCC1,Cc1ccccc1N,Protein-Null-0.0.3-Pair-NMR-1E4-Umbrella-1E3-4-AAQAA3-1E3-3-OPC3_opc3,3,0.9467648740295008,0.0001980178074745,0.9459860000000002,0.0002275
5822,2357,dens_2201621104799327758,47,Density,<Substance C1CCOCC1{solv}{x=0.229700}|Cc1ccccc1N{solv}{x=0.770300}>,C1CCOCC1,Cc1ccccc1N,Protein-Null-0.0.3-Pair-NMR-1E4-Umbrella-1E3-4-AAQAA3-1E3-3-OPC3_opc3,3,0.9855648140686528,0.0003204048359724,0.9734540000000002,0.000164
5823,2358,dens_15008167137789802,48,Density,<Substance CCCCCl{solv}{x=0.299200}|CN(C)C=O{solv}{x=0.700800}>,CCCCCl,CN(C)C=O,Protein-Null-0.0.3-Pair-NMR-1E4-Umbrella-1E3-4-AAQAA3-1E3-3-OPC3_opc3,3,0.8972192180767495,0.000266814992599,0.9218000000000002,0.0002
5824,2359,dens_550868133232739009,49,Density,<Substance CCCCCl{solv}{x=0.701200}|CN(C)C=O{solv}{x=0.298800}>,CCCCCl,CN(C)C=O,Protein-Null-0.0.3-Pair-NMR-1E4-Umbrella-1E3-4-AAQAA3-1E3-3-OPC3_opc3,3,0.8717269307657821,0.0002957944809279,0.8963000000000002,0.0002
5825,2360,dhmix_1315230298567753558,50,EnthalpyOfMixing,<Substance CCCCCl{solv}{x=0.793000}|CN(C)C=O{solv}{x=0.207000}>,CCCCCl,CN(C)C=O,Protein-Null-0.0.3-Pair-NMR-1E4-Umbrella-1E3-4-AAQAA3-1E3-3-OPC3_opc3,3,0.6813612460151859,0.0353837932797743,0.404,0.003
5826,2361,dhmix_1929975181819720491,51,EnthalpyOfMixing,<Substance CCCCCl{solv}{x=0.493000}|CN(C)C=O{solv}{x=0.507000}>,CCCCCl,CN(C)C=O,Protein-Null-0.0.3-Pair-NMR-1E4-Umbrella-1E3-4-AAQAA3-1E3-3-OPC3_opc3,3,0.9396552829673864,0.0360860430431345,0.571,0.003
5827,2362,dhmix_1976787548784045784,52,EnthalpyOfMixing,<Substance CCCCCl{solv}{x=0.295000}|CN(C)C=O{solv}{x=0.705000}>,CCCCCl,CN(C)C=O,Protein-Null-0.0.3-Pair-NMR-1E4-Umbrella-1E3-4-AAQAA3-1E3-3-OPC3_opc3,3,0.830054490425681,0.0385778756260009,0.467,0.003
5828,2363,dens_2008819185276371643,53,Density,<Substance CCCCCl{solv}{x=0.499000}|CN(C)C=O{solv}{x=0.501000}>,CCCCCl,CN(C)C=O,Protein-Null-0.0.3-Pair-NMR-1E4-Umbrella-1E3-4-AAQAA3-1E3-3-OPC3_opc3,3,0.88475423757136,0.0002654161252855,0.9086000000000002,0.0002
5829,2364,dens_16755306936326197,54,Density,<Substance Cc1ccccc1N{solv}{x=0.255700}|Cc1ccccn1{solv}{x=0.744300}>,Cc1ccccc1N,Cc1ccccn1,Protein-Null-0.0.3-Pair-NMR-1E4-Umbrella-1E3-4-AAQAA3-1E3-3-OPC3_opc3,3,0.9646039535401404,0.0002065529865513,0.9597930000000002,0.000307
5830,2365,dens_238666738854407136,55,Density,<Substance Cc1ccccc1N{solv}{x=0.514600}|Cc1ccccn1{solv}{x=0.485400}>,Cc1ccccc1N,Cc1ccccn1,Protein-Null-0.0.3-Pair-NMR-1E4-Umbrella-1E3-4-AAQAA3-1E3-3-OPC3_opc3,3,0.984910631167374,0.0002385331343524,0.9748990000000002,0.0002315
5831,2366,dhmix_1909144841681931250,56,EnthalpyOfMixing,<Substance Cc1ccccc1N{solv}{x=0.488200}|Cc1ccccn1{solv}{x=0.511800}>,Cc1ccccc1N,Cc1ccccn1,Protein-Null-0.0.3-Pair-NMR-1E4-Umbrella-1E3-4-AAQAA3-1E3-3-OPC3_opc3,3,-1.6597370888557208,0.04156381828044,-1.4976,0.0305
5832,2367,dens_1945534954282706534,57,Density,<Substance Cc1ccccc1N{solv}{x=0.757100}|Cc1ccccn1{solv}{x=0.242900}>,Cc1ccccc1N,Cc1ccccn1,Protein-Null-0.0.3-Pair-NMR-1E4-Umbrella-1E3-4-AAQAA3-1E3-3-OPC3_opc3,3,1.000101591018132,0.0003200425656067,0.9854410000000002,0.000169
5833,2368,dhmix_2038606904928978856,58,EnthalpyOfMixing,<Substance Cc1ccccc1N{solv}{x=0.782100}|Cc1ccccn1{solv}{x=0.217900}>,Cc1ccccc1N,Cc1ccccn1,Protein-Null-0.0.3-Pair-NMR-1E4-Umbrella-1E3-4-AAQAA3-1E3-3-OPC3_opc3,3,-0.8499921206380847,0.0476365220273023,-0.8656,0.01775
5834,2369,dhmix_2125558080831870503,59,EnthalpyOfMixing,<Substance Cc1ccccc1N{solv}{x=0.273600}|Cc1ccccn1{solv}{x=0.726400}>,Cc1ccccc1N,Cc1ccccn1,Protein-Null-0.0.3-Pair-NMR-1E4-Umbrella-1E3-4-AAQAA3-1E3-3-OPC3_opc3,3,-1.4704797068348014,0.0440261556463994,-1.2462,0.0254
5835,2370,dens_19028061622240549,60,Density,<Substance CN(C)CCO{solv}{x=0.296200}|CO{solv}{x=0.703800}>,CN(C)CCO,CO,Protein-Null-0.0.3-Pair-NMR-1E4-Umbrella-1E3-4-AAQAA3-1E3-3-OPC3_opc3,3,0.8349963592128501,0.0003171857815953,0.8506500000000001,0.00014
5836,2371,dens_186649390549115907,61,Density,<Substance CN(C)CCO{solv}{x=0.502000}|CO{solv}{x=0.498000}>,CN(C)CCO,CO,Protein-Null-0.0.3-Pair-NMR-1E4-Umbrella-1E3-4-AAQAA3-1E3-3-OPC3_opc3,3,0.8592460341106998,0.0001990422400432,0.8684000000000002,0.000155
5837,2372,dhmix_1453612193040378117,62,EnthalpyOfMixing,<Substance CN(C)CCO{solv}{x=0.497200}|CO{solv}{x=0.502800}>,CN(C)CCO,CO,Protein-Null-0.0.3-Pair-NMR-1E4-Umbrella-1E3-4-AAQAA3-1E3-3-OPC3_opc3,3,-1.639452518942079,0.0372307299935309,-0.8673,0.00935
5838,2373,dens_1978392691277508278,63,Density,<Substance CN(C)CCO{solv}{x=0.707500}|CO{solv}{x=0.292500}>,CN(C)CCO,CO,Protein-Null-0.0.3-Pair-NMR-1E4-Umbrella-1E3-4-AAQAA3-1E3-3-OPC3_opc3,3,0.8746369878464323,0.000274679404496,0.8766100000000002,0.00017
5839,2374,dhmix_2113387918969192804,64,EnthalpyOfMixing,<Substance CN(C)CCO{solv}{x=0.247900}|CO{solv}{x=0.752100}>,CN(C)CCO,CO,Protein-Null-0.0.3-Pair-NMR-1E4-Umbrella-1E3-4-AAQAA3-1E3-3-OPC3_opc3,3,-1.3308231458648052,0.0308749934944387,-0.8057,0.0087
5840,2375,dhmix_2220842061395014218,65,EnthalpyOfMixing,<Substance CN(C)CCO{solv}{x=0.750600}|CO{solv}{x=0.249400}>,CN(C)CCO,CO,Protein-Null-0.0.3-Pair-NMR-1E4-Umbrella-1E3-4-AAQAA3-1E3-3-OPC3_opc3,3,-1.031350799834243,0.0400332796559227,-0.5322,0.00585
5841,2376,dhmix_21994921667950318,66,EnthalpyOfMixing,<Substance C=CCCCC{solv}{x=0.500100}|CCCO{solv}{x=0.499900}>,C=CCCCC,CCCO,Protein-Null-0.0.3-Pair-NMR-1E4-Umbrella-1E3-4-AAQAA3-1E3-3-OPC3_opc3,3,0.8105125197380403,0.0367221642271387,0.595,0.0055
5842,2377,dens_62854823056490751,67,Density,<Substance C=CCCCC{solv}{x=0.150300}|CCCO{solv}{x=0.849700}>,C=CCCCC,CCCO,Protein-Null-0.0.3-Pair-NMR-1E4-Umbrella-1E3-4-AAQAA3-1E3-3-OPC3_opc3,3,0.757124410417423,0.0002881186862555,0.7704980000000002,0.0001845
5843,2378,dens_294296714501123310,68,Density,<Substance C=CCCCC{solv}{x=0.499100}|CCCO{solv}{x=0.500900}>,C=CCCCC,CCCO,Protein-Null-0.0.3-Pair-NMR-1E4-Umbrella-1E3-4-AAQAA3-1E3-3-OPC3_opc3,3,0.6962717522232402,0.0002591098216425,0.7176450000000002,0.0002145
5844,2379,dhmix_829065315899278784,69,EnthalpyOfMixing,<Substance C=CCCCC{solv}{x=0.750000}|CCCO{solv}{x=0.250000}>,C=CCCCC,CCCO,Protein-Null-0.0.3-Pair-NMR-1E4-Umbrella-1E3-4-AAQAA3-1E3-3-OPC3_opc3,3,0.7905284959455372,0.0449367059630474,0.682,0.006
5845,2380,dens_2024397702416079279,70,Density,<Substance C=CCCCC{solv}{x=0.745600}|CCCO{solv}{x=0.254400}>,C=CCCCC,CCCO,Protein-Null-0.0.3-Pair-NMR-1E4-Umbrella-1E3-4-AAQAA3-1E3-3-OPC3_opc3,3,0.6654913748367253,0.0002528023716178,0.6899770000000002,0.0002305
5846,2381,dhmix_2167083041249157622,71,EnthalpyOfMixing,<Substance C=CCCCC{solv}{x=0.150100}|CCCO{solv}{x=0.849900}>,C=CCCCC,CCCO,Protein-Null-0.0.3-Pair-NMR-1E4-Umbrella-1E3-4-AAQAA3-1E3-3-OPC3_opc3,3,0.351692617693061,0.0409724290049876,0.192,0.005
5847,2382,dhmix_22428169890990447,72,EnthalpyOfMixing,<Substance CC1(C)C(=O)[C@]2(C)CC[C@H]1C2{solv}{x=0.286000}|CCO{solv}{x=0.714000}>,CC1(C)C(=O)[C@]2(C)CC[C@H]1C2,CCO,Protein-Null-0.0.3-Pair-NMR-1E4-Umbrella-1E3-4-AAQAA3-1E3-3-OPC3_opc3,3,0.473126443593614,0.0375617993570873,0.876,0.0265
5848,2383,dhmix_57626661746168078,73,EnthalpyOfMixing,<Substance CC1(C)C(=O)[C@]2(C)CC[C@H]1C2{solv}{x=0.701000}|CCO{solv}{x=0.299000}>,CC1(C)C(=O)[C@]2(C)CC[C@H]1C2,CCO,Protein-Null-0.0.3-Pair-NMR-1E4-Umbrella-1E3-4-AAQAA3-1E3-3-OPC3_opc3,3,0.6289334033882596,0.0515297794828607,1.0,0.0305
5849,2384,dhmix_287041928444283276,74,EnthalpyOfMixing,<Substance CC1(C)C(=O)[C@]2(C)CC[C@H]1C2{solv}{x=0.488000}|CCO{solv}{x=0.512000}>,CC1(C)C(=O)[C@]2(C)CC[C@H]1C2,CCO,Protein-Null-0.0.3-Pair-NMR-1E4-Umbrella-1E3-4-AAQAA3-1E3-3-OPC3_opc3,3,0.7653041147507622,0.0444568113053988,1.109,0.0335
5850,2385,dens_618487453946854895,75,Density,<Substance CC1(C)C(=O)[C@]2(C)CC[C@H]1C2{solv}{x=0.501200}|CCO{solv}{x=0.498800}>,CC1(C)C(=O)[C@]2(C)CC[C@H]1C2,CCO,Protein-Null-0.0.3-Pair-NMR-1E4-Umbrella-1E3-4-AAQAA3-1E3-3-OPC3_opc3,3,0.9040556022407868,0.0001739315637155,0.9005900000000002,5.5000000000000016e-05
5851,2386,dens_1408969463542558504,76,Density,<Substance CC1(C)C(=O)[C@]2(C)CC[C@H]1C2{solv}{x=0.789700}|CCO{solv}{x=0.210300}>,CC1(C)C(=O)[C@]2(C)CC[C@H]1C2,CCO,Protein-Null-0.0.3-Pair-NMR-1E4-Umbrella-1E3-4-AAQAA3-1E3-3-OPC3_opc3,3,0.9327135246423488,0.0001880528893302,0.9274800000000002,6.0000000000000015e-05
5852,2387,dens_2053919413592536040,77,Density,<Substance CC1(C)C(=O)[C@]2(C)CC[C@H]1C2{solv}{x=0.200200}|CCO{solv}{x=0.799800}>,CC1(C)C(=O)[C@]2(C)CC[C@H]1C2,CCO,Protein-Null-0.0.3-Pair-NMR-1E4-Umbrella-1E3-4-AAQAA3-1E3-3-OPC3_opc3,3,0.8503682000051282,0.0002884634913221,0.8499000000000002,6.500000000000002e-05
5853,2388,dhmix_24700325920498635,78,EnthalpyOfMixing,<Substance CCC(C)(C)O{solv}{x=0.799400}|CCOC(C)(C)CC{solv}{x=0.200600}>,CCC(C)(C)O,CCOC(C)(C)CC,Protein-Null-0.0.3-Pair-NMR-1E4-Umbrella-1E3-4-AAQAA3-1E3-3-OPC3_opc3,3,0.462585327151821,0.0487019300370222,0.448,0.0073
5854,2389,dhmix_252628078473967793,79,EnthalpyOfMixing,<Substance CCC(C)(C)O{solv}{x=0.299700}|CCOC(C)(C)CC{solv}{x=0.700300}>,CCC(C)(C)O,CCOC(C)(C)CC,Protein-Null-0.0.3-Pair-NMR-1E4-Umbrella-1E3-4-AAQAA3-1E3-3-OPC3_opc3,3,1.1021569415836368,0.0487500300148504,0.9727,0.0132
5855,2390,dens_281609537293621351,80,Density,<Substance CCC(C)(C)O{solv}{x=0.799400}|CCOC(C)(C)CC{solv}{x=0.200600}>,CCC(C)(C)O,CCOC(C)(C)CC,Protein-Null-0.0.3-Pair-NMR-1E4-Umbrella-1E3-4-AAQAA3-1E3-3-OPC3_opc3,3,0.8019985839694689,0.0003277788263328,0.7932000000000002,0.00025
5856,2391,dhmix_980734994193955874,81,EnthalpyOfMixing,<Substance CCC(C)(C)O{solv}{x=0.498700}|CCOC(C)(C)CC{solv}{x=0.501300}>,CCC(C)(C)O,CCOC(C)(C)CC,Protein-Null-0.0.3-Pair-NMR-1E4-Umbrella-1E3-4-AAQAA3-1E3-3-OPC3_opc3,3,1.1613548620195715,0.0496193655997415,0.8937,0.01225
5857,2392,dens_1165049856972872340,82,Density,<Substance CCC(C)(C)O{solv}{x=0.498700}|CCOC(C)(C)CC{solv}{x=0.501300}>,CCC(C)(C)O,CCOC(C)(C)CC,Protein-Null-0.0.3-Pair-NMR-1E4-Umbrella-1E3-4-AAQAA3-1E3-3-OPC3_opc3,3,0.7836933596468677,0.0002105417776945,0.7789000000000001,0.0002
5858,2393,dens_2297026976830009992,83,Density,<Substance CCC(C)(C)O{solv}{x=0.299700}|CCOC(C)(C)CC{solv}{x=0.700300}>,CCC(C)(C)O,CCOC(C)(C)CC,Protein-Null-0.0.3-Pair-NMR-1E4-Umbrella-1E3-4-AAQAA3-1E3-3-OPC3_opc3,3,0.7739209358594088,0.0001941237320685,0.7709000000000001,0.0002
5859,2394,dens_25810987980199799,84,Density,<Substance CCCCCC{solv}{x=0.158800}|Cc1ccccc1{solv}{x=0.841200}>,CCCCCC,Cc1ccccc1,Protein-Null-0.0.3-Pair-NMR-1E4-Umbrella-1E3-4-AAQAA3-1E3-3-OPC3_opc3,3,0.8072840024612903,0.0002521692304617,0.8226300000000002,0.000335
5860,2395,dens_574637447996217594,85,Density,<Substance CCCCCC{solv}{x=0.501100}|Cc1ccccc1{solv}{x=0.498900}>,CCCCCC,Cc1ccccc1,Protein-Null-0.0.3-Pair-NMR-1E4-Umbrella-1E3-4-AAQAA3-1E3-3-OPC3_opc3,3,0.7313970745609133,0.0002381526000975,0.7484400000000002,0.00015
5861,2396,dhmix_1373657903424456878,86,EnthalpyOfMixing,<Substance CCCCCC{solv}{x=0.158600}|Cc1ccccc1{solv}{x=0.841400}>,CCCCCC,Cc1ccccc1,Protein-Null-0.0.3-Pair-NMR-1E4-Umbrella-1E3-4-AAQAA3-1E3-3-OPC3_opc3,3,0.3729547012847689,0.0375022953938316,0.3163,0.0043
5862,2397,dhmix_1383995974797334848,87,EnthalpyOfMixing,<Substance CCCCCC{solv}{x=0.472300}|Cc1ccccc1{solv}{x=0.527700}>,CCCCCC,Cc1ccccc1,Protein-Null-0.0.3-Pair-NMR-1E4-Umbrella-1E3-4-AAQAA3-1E3-3-OPC3_opc3,3,0.7301355370768192,0.0351364994968239,0.5467,0.00715
5863,2398,dhmix_1412344026798360911,88,EnthalpyOfMixing,<Substance CCCCCC{solv}{x=0.748400}|Cc1ccccc1{solv}{x=0.251600}>,CCCCCC,Cc1ccccc1,Protein-Null-0.0.3-Pair-NMR-1E4-Umbrella-1E3-4-AAQAA3-1E3-3-OPC3_opc3,3,0.4216517316762065,0.0410104433751506,0.393,0.00525
5864,2399,dens_2241575426887298365,89,Density,<Substance CCCCCC{solv}{x=0.733800}|Cc1ccccc1{solv}{x=0.266200}>,CCCCCC,Cc1ccccc1,Protein-Null-0.0.3-Pair-NMR-1E4-Umbrella-1E3-4-AAQAA3-1E3-3-OPC3_opc3,3,0.6855015335095175,0.0002154788328235,0.7020900000000002,0.000305
5865,2400,dens_27241401908451167,90,Density,<Substance CN(C)C=O{solv}{x=0.503500}|Cc1ccccc1Cl{solv}{x=0.496500}>,CN(C)C=O,Cc1ccccc1Cl,Protein-Null-0.0.3-Pair-NMR-1E4-Umbrella-1E3-4-AAQAA3-1E3-3-OPC3_opc3,3,1.0097410828711082,0.0002296641395453,1.0247000000000004,0.0005
5866,2401,dhmix_674882857451857086,91,EnthalpyOfMixing,<Substance CN(C)C=O{solv}{x=0.511800}|Cc1ccccc1Cl{solv}{x=0.488200}>,CN(C)C=O,Cc1ccccc1Cl,Protein-Null-0.0.3-Pair-NMR-1E4-Umbrella-1E3-4-AAQAA3-1E3-3-OPC3_opc3,3,0.2358659516318226,0.0398010712819514,0.545,0.006
5867,2402,dens_818042132181297482,92,Density,<Substance CN(C)C=O{solv}{x=0.751200}|Cc1ccccc1Cl{solv}{x=0.248800}>,CN(C)C=O,Cc1ccccc1Cl,Protein-Null-0.0.3-Pair-NMR-1E4-Umbrella-1E3-4-AAQAA3-1E3-3-OPC3_opc3,3,0.968826981855857,0.0002557434624471,0.9898800000000002,0.0005
5868,2403,dens_861365281257265917,93,Density,<Substance CN(C)C=O{solv}{x=0.273700}|Cc1ccccc1Cl{solv}{x=0.726300}>,CN(C)C=O,Cc1ccccc1Cl,Protein-Null-0.0.3-Pair-NMR-1E4-Umbrella-1E3-4-AAQAA3-1E3-3-OPC3_opc3,3,1.0298743618644233,0.0002561098288255,1.0415000000000003,0.0005
5869,2404,dhmix_1670364528496870559,94,EnthalpyOfMixing,<Substance CN(C)C=O{solv}{x=0.767900}|Cc1ccccc1Cl{solv}{x=0.232100}>,CN(C)C=O,Cc1ccccc1Cl,Protein-Null-0.0.3-Pair-NMR-1E4-Umbrella-1E3-4-AAQAA3-1E3-3-OPC3_opc3,3,0.10660466260844,0.0332212451390838,0.436,0.005
5870,2405,dhmix_1992689527814967541,95,EnthalpyOfMixing,<Substance CN(C)C=O{solv}{x=0.274300}|Cc1ccccc1Cl{solv}{x=0.725700}>,CN(C)C=O,Cc1ccccc1Cl,Protein-Null-0.0.3-Pair-NMR-1E4-Umbrella-1E3-4-AAQAA3-1E3-3-OPC3_opc3,3,0.2129488544871378,0.0353797659050268,0.373,0.004
5871,2406,dens_29213618499921464,96,Density,<Substance C1CCOCC1{solv}{x=0.254000}|O=C1CCCCCC1{solv}{x=0.746000}>,C1CCOCC1,O=C1CCCCCC1,Protein-Null-0.0.3-Pair-NMR-1E4-Umbrella-1E3-4-AAQAA3-1E3-3-OPC3_opc3,3,0.9096074598315098,0.0001713827303225,0.9355100000000002,0.00051
5872,2407,dens_468319504030932569,97,Density,<Substance C1CCOCC1{solv}{x=0.498600}|O=C1CCCCCC1{solv}{x=0.501400}>,C1CCOCC1,O=C1CCCCCC1,Protein-Null-0.0.3-Pair-NMR-1E4-Umbrella-1E3-4-AAQAA3-1E3-3-OPC3_opc3,3,0.8972769051924039,0.0001782093981476,0.9211200000000004,0.00051
5873,2408,dens_1174890511154571939,98,Density,<Substance C1CCOCC1{solv}{x=0.768600}|O=C1CCCCCC1{solv}{x=0.231400}>,C1CCOCC1,O=C1CCCCCC1,Protein-Null-0.0.3-Pair-NMR-1E4-Umbrella-1E3-4-AAQAA3-1E3-3-OPC3_opc3,3,0.8824897737099826,0.0001562981700927,0.9012200000000002,0.000505
5874,2409,dens_30084818585402677,99,Density,<Substance CC(=O)N(C)C{solv}{x=0.700600}|ClCCCCCCCl{solv}{x=0.299400}>,CC(=O)N(C)C,ClCCCCCCCl,Protein-Null-0.0.3-Pair-NMR-1E4-Umbrella-1E3-4-AAQAA3-1E3-3-OPC3_opc3,3,0.9578249002487904,0.0002247452279971,0.9853000000000002,0.00175
5875,2410,dhmix_384619296407103076,100,EnthalpyOfMixing,<Substance CC(=O)N(C)C{solv}{x=0.504000}|ClCCCCCCCl{solv}{x=0.496000}>,CC(=O)N(C)C,ClCCCCCCCl,Protein-Null-0.0.3-Pair-NMR-1E4-Umbrella-1E3-4-AAQAA3-1E3-3-OPC3_opc3,3,0.2578102157089859,0.0457008310726546,0.09,0.002
5876,2411,dens_539464371986972328,101,Density,<Substance CC(=O)N(C)C{solv}{x=0.494300}|ClCCCCCCCl{solv}{x=0.505700}>,CC(=O)N(C)C,ClCCCCCCCl,Protein-Null-0.0.3-Pair-NMR-1E4-Umbrella-1E3-4-AAQAA3-1E3-3-OPC3_opc3,3,0.9921020831951368,0.0002270904317428,1.0123000000000002,0.0016
5877,2412,dhmix_1114659247517686326,102,EnthalpyOfMixing,<Substance CC(=O)N(C)C{solv}{x=0.798000}|ClCCCCCCCl{solv}{x=0.202000}>,CC(=O)N(C)C,ClCCCCCCCl,Protein-Null-0.0.3-Pair-NMR-1E4-Umbrella-1E3-4-AAQAA3-1E3-3-OPC3_opc3,3,0.1134909861089408,0.0455232967978465,0.067,0.002
5878,2413,dhmix_1410583096030633514,103,EnthalpyOfMixing,<Substance CC(=O)N(C)C{solv}{x=0.212000}|ClCCCCCCCl{solv}{x=0.788000}>,CC(=O)N(C)C,ClCCCCCCCl,Protein-Null-0.0.3-Pair-NMR-1E4-Umbrella-1E3-4-AAQAA3-1E3-3-OPC3_opc3,3,0.2073393988834624,0.0455579410815524,0.04,0.002
5879,2414,dens_2244909992725638206,104,Density,<Substance CC(=O)N(C)C{solv}{x=0.300200}|ClCCCCCCCl{solv}{x=0.699800}>,CC(=O)N(C)C,ClCCCCCCCl,Protein-Null-0.0.3-Pair-NMR-1E4-Umbrella-1E3-4-AAQAA3-1E3-3-OPC3_opc3,3,1.018879393403444,0.0002535550725594,1.0345000000000002,0.0015
5880,2415,dhmix_35301006695188726,105,EnthalpyOfMixing,<Substance CCOC(=O)C(C)C{solv}{x=0.289000}|CO{solv}{x=0.711000}>,CCOC(=O)C(C)C,CO,Protein-Null-0.0.3-Pair-NMR-1E4-Umbrella-1E3-4-AAQAA3-1E3-3-OPC3_opc3,3,0.3188785593382732,0.0349745857178852,0.488,0.0035
5881,2416,dens_508877804306927207,106,Density,<Substance CCOC(=O)C(C)C{solv}{x=0.499000}|CO{solv}{x=0.501000}>,CCOC(=O)C(C)C,CO,Protein-Null-0.0.3-Pair-NMR-1E4-Umbrella-1E3-4-AAQAA3-1E3-3-OPC3_opc3,3,0.8413296057254965,0.0003080020098022,0.8414100000000002,0.00011
5882,2417,dens_1201422771202741625,107,Density,<Substance CCOC(=O)C(C)C{solv}{x=0.199600}|CO{solv}{x=0.800400}>,CCOC(=O)C(C)C,CO,Protein-Null-0.0.3-Pair-NMR-1E4-Umbrella-1E3-4-AAQAA3-1E3-3-OPC3_opc3,3,0.8046884417473454,0.0003280887444659,0.8173600000000002,0.000115
5883,2418,dhmix_1951183536432642425,108,EnthalpyOfMixing,<Substance CCOC(=O)C(C)C{solv}{x=0.480000}|CO{solv}{x=0.520000}>,CCOC(=O)C(C)C,CO,Protein-Null-0.0.3-Pair-NMR-1E4-Umbrella-1E3-4-AAQAA3-1E3-3-OPC3_opc3,3,0.3325496246885535,0.0386049168580534,0.671,0.0045
5884,2419,dens_1998368384671748308,109,Density,<Substance CCOC(=O)C(C)C{solv}{x=0.703000}|CO{solv}{x=0.297000}>,CCOC(=O)C(C)C,CO,Protein-Null-0.0.3-Pair-NMR-1E4-Umbrella-1E3-4-AAQAA3-1E3-3-OPC3_opc3,3,0.854698400807765,0.0002434140318812,0.8501200000000002,0.00011
5885,2420,dhmix_2200604492347455092,110,EnthalpyOfMixing,<Substance CCOC(=O)C(C)C{solv}{x=0.771000}|CO{solv}{x=0.229000}>,CCOC(=O)C(C)C,CO,Protein-Null-0.0.3-Pair-NMR-1E4-Umbrella-1E3-4-AAQAA3-1E3-3-OPC3_opc3,3,0.3058135177911012,0.0490779233283141,0.632,0.0045
5886,2421,dhmix_39159150320919359,111,EnthalpyOfMixing,<Substance CCO{solv}{x=0.799700}|Cc1cccc(O)c1{solv}{x=0.200300}>,CCO,Cc1cccc(O)c1,Protein-Null-0.0.3-Pair-NMR-1E4-Umbrella-1E3-4-AAQAA3-1E3-3-OPC3_opc3,3,-0.6757583744226867,0.0323141595741582,-0.79199,0.011965
5887,2422,dens_410843938837220593,112,Density,<Substance CCO{solv}{x=0.263700}|Cc1cccc(O)c1{solv}{x=0.736300}>,CCO,Cc1cccc(O)c1,Protein-Null-0.0.3-Pair-NMR-1E4-Umbrella-1E3-4-AAQAA3-1E3-3-OPC3_opc3,3,0.9847955804877918,0.0003007697812718,0.9852300000000004,0.0006
5888,2423,dhmix_1115402835538407874,113,EnthalpyOfMixing,<Substance CCO{solv}{x=0.212500}|Cc1cccc(O)c1{solv}{x=0.787500}>,CCO,Cc1cccc(O)c1,Protein-Null-0.0.3-Pair-NMR-1E4-Umbrella-1E3-4-AAQAA3-1E3-3-OPC3_opc3,3,-0.6496164227528567,0.0457972499145265,-0.68742,0.01275
5889,2424,dens_1359111234216199895,114,Density,<Substance CCO{solv}{x=0.472400}|Cc1cccc(O)c1{solv}{x=0.527600}>,CCO,Cc1cccc(O)c1,Protein-Null-0.0.3-Pair-NMR-1E4-Umbrella-1E3-4-AAQAA3-1E3-3-OPC3_opc3,3,0.9475600837875268,0.0002364969794097,0.9446300000000002,0.0006
5890,2425,dens_1590314985481219627,115,Density,<Substance CCO{solv}{x=0.781700}|Cc1cccc(O)c1{solv}{x=0.218300}>,CCO,Cc1cccc(O)c1,Protein-Null-0.0.3-Pair-NMR-1E4-Umbrella-1E3-4-AAQAA3-1E3-3-OPC3_opc3,3,0.8661012836468288,0.0002928582677809,0.8631500000000002,0.000605
5891,2426,dhmix_1871939727966182523,116,EnthalpyOfMixing,<Substance CCO{solv}{x=0.413900}|Cc1cccc(O)c1{solv}{x=0.586100}>,CCO,Cc1cccc(O)c1,Protein-Null-0.0.3-Pair-NMR-1E4-Umbrella-1E3-4-AAQAA3-1E3-3-OPC3_opc3,3,-1.0593031040470038,0.0366832467033833,-1.14624,0.00985
5892,2427,dens_42678158079716854,117,Density,<Substance CN1CCCC1=O{solv}{x=0.937492}|c1ccccc1{solv}{x=0.062508}>,CN1CCCC1=O,c1ccccc1,Protein-Null-0.0.3-Pair-NMR-1E4-Umbrella-1E3-4-AAQAA3-1E3-3-OPC3_opc3,3,0.9915671252367037,0.0001780137252614,1.0204500000000003,3.500000000000001e-05
5893,2428,dens_252520620125458637,118,Density,<Substance CN1CCCC1=O{solv}{x=0.513500}|c1ccccc1{solv}{x=0.486500}>,CN1CCCC1=O,c1ccccc1,Protein-Null-0.0.3-Pair-NMR-1E4-Umbrella-1E3-4-AAQAA3-1E3-3-OPC3_opc3,3,0.9463323961375272,0.000156064372746,0.9684700000000004,0.00018
5894,2429,dhmix_524477957640851666,119,EnthalpyOfMixing,<Substance CN1CCCC1=O{solv}{x=0.235600}|c1ccccc1{solv}{x=0.764400}>,CN1CCCC1=O,c1ccccc1,Protein-Null-0.0.3-Pair-NMR-1E4-Umbrella-1E3-4-AAQAA3-1E3-3-OPC3_opc3,3,-0.1085497968187638,0.0422448470527426,-0.3684,0.00405
5895,2430,dhmix_1475629358723962160,120,EnthalpyOfMixing,<Substance CN1CCCC1=O{solv}{x=0.546700}|c1ccccc1{solv}{x=0.453300}>,CN1CCCC1=O,c1ccccc1,Protein-Null-0.0.3-Pair-NMR-1E4-Umbrella-1E3-4-AAQAA3-1E3-3-OPC3_opc3,3,-0.1995377294197666,0.0403129508952027,-0.4943,0.00535
5896,2431,dens_2041306780823594960,121,Density,<Substance CN1CCCC1=O{solv}{x=0.252400}|c1ccccc1{solv}{x=0.747600}>,CN1CCCC1=O,c1ccccc1,Protein-Null-0.0.3-Pair-NMR-1E4-Umbrella-1E3-4-AAQAA3-1E3-3-OPC3_opc3,3,0.8984974170867633,0.0002392163406339,0.9163300000000004,0.00029
5897,2432,dhmix_2156508970935294660,122,EnthalpyOfMixing,<Substance CN1CCCC1=O{solv}{x=0.741100}|c1ccccc1{solv}{x=0.258900}>,CN1CCCC1=O,c1ccccc1,Protein-Null-0.0.3-Pair-NMR-1E4-Umbrella-1E3-4-AAQAA3-1E3-3-OPC3_opc3,3,-0.1923105926742607,0.0299812251338813,-0.3841,0.0042
5898,2433,dhmix_44217680865702366,123,EnthalpyOfMixing,<Substance CC(=O)c1ccccc1{solv}{x=0.200100}|CC(C)O{solv}{x=0.799900}>,CC(=O)c1ccccc1,CC(C)O,Protein-Null-0.0.3-Pair-NMR-1E4-Umbrella-1E3-4-AAQAA3-1E3-3-OPC3_opc3,3,0.8330933919860044,0.0374283336495555,1.1352,0.0124
5899,2434,dens_91454082453656404,124,Density,<Substance CC(=O)c1ccccc1{solv}{x=0.756100}|CC(C)O{solv}{x=0.243900}>,CC(=O)c1ccccc1,CC(C)O,Protein-Null-0.0.3-Pair-NMR-1E4-Umbrella-1E3-4-AAQAA3-1E3-3-OPC3_opc3,3,0.9707524256137126,0.0001490241288093,0.9823500000000004,0.000175
5900,2435,dens_152869924254680766,125,Density,<Substance CC(=O)c1ccccc1{solv}{x=0.251700}|CC(C)O{solv}{x=0.748300}>,CC(=O)c1ccccc1,CC(C)O,Protein-Null-0.0.3-Pair-NMR-1E4-Umbrella-1E3-4-AAQAA3-1E3-3-OPC3_opc3,3,0.8699907586593598,0.0001997483113478,0.8654400000000002,0.000245
5901,2436,dhmix_1214494501247401592,126,EnthalpyOfMixing,<Substance CC(=O)c1ccccc1{solv}{x=0.499600}|CC(C)O{solv}{x=0.500400}>,CC(=O)c1ccccc1,CC(C)O,Protein-Null-0.0.3-Pair-NMR-1E4-Umbrella-1E3-4-AAQAA3-1E3-3-OPC3_opc3,3,1.2087926373183642,0.0367630956752725,1.5703,0.0169
5902,2437,dhmix_1482394504883204224,127,EnthalpyOfMixing,<Substance CC(=O)c1ccccc1{solv}{x=0.700600}|CC(C)O{solv}{x=0.299400}>,CC(=O)c1ccccc1,CC(C)O,Protein-Null-0.0.3-Pair-NMR-1E4-Umbrella-1E3-4-AAQAA3-1E3-3-OPC3_opc3,3,0.9054710428658764,0.0434729699705436,1.3758,0.01485
5903,2438,dens_1804860114822214449,128,Density,<Substance CC(=O)c1ccccc1{solv}{x=0.534500}|CC(C)O{solv}{x=0.465500}>,CC(=O)c1ccccc1,CC(C)O,Protein-Null-0.0.3-Pair-NMR-1E4-Umbrella-1E3-4-AAQAA3-1E3-3-OPC3_opc3,3,0.9328364582266586,0.0002186834087153,0.9375600000000002,0.0002
5904,2439,dhmix_47323681380989568,129,EnthalpyOfMixing,<Substance CCCCCCCCCl{solv}{x=0.498000}|CN(C)C=O{solv}{x=0.502000}>,CCCCCCCCCl,CN(C)C=O,Protein-Null-0.0.3-Pair-NMR-1E4-Umbrella-1E3-4-AAQAA3-1E3-3-OPC3_opc3,3,1.3491847227297455,0.045751780711012,1.087,0.0045
5905,2440,dhmix_620291288515939248,130,EnthalpyOfMixing,<Substance CCCCCCCCCl{solv}{x=0.790000}|CN(C)C=O{solv}{x=0.210000}>,CCCCCCCCCl,CN(C)C=O,Protein-Null-0.0.3-Pair-NMR-1E4-Umbrella-1E3-4-AAQAA3-1E3-3-OPC3_opc3,3,0.987992251149194,0.0530288513310882,0.68,0.0045
5906,2441,dens_1830564734879843336,131,Density,<Substance CCCCCCCCCl{solv}{x=0.733100}|CN(C)C=O{solv}{x=0.266900}>,CCCCCCCCCl,CN(C)C=O,Protein-Null-0.0.3-Pair-NMR-1E4-Umbrella-1E3-4-AAQAA3-1E3-3-OPC3_opc3,3,0.8641103320040042,0.0001654656578262,0.8779000000000002,0.00045
5907,2442,dens_1865569264533219410,132,Density,<Substance CCCCCCCCCl{solv}{x=0.500800}|CN(C)C=O{solv}{x=0.499200}>,CCCCCCCCCl,CN(C)C=O,Protein-Null-0.0.3-Pair-NMR-1E4-Umbrella-1E3-4-AAQAA3-1E3-3-OPC3_opc3,3,0.8741906574272486,0.0001640774896944,0.8897000000000003,0.0004
5908,2443,dens_1893252821735673677,133,Density,<Substance CCCCCCCCCl{solv}{x=0.199800}|CN(C)C=O{solv}{x=0.800200}>,CCCCCCCCCl,CN(C)C=O,Protein-Null-0.0.3-Pair-NMR-1E4-Umbrella-1E3-4-AAQAA3-1E3-3-OPC3_opc3,3,0.8932410772476794,0.0002657106650992,0.9149000000000002,0.0003
5909,2444,dhmix_2175249209874409534,134,EnthalpyOfMixing,<Substance CCCCCCCCCl{solv}{x=0.205000}|CN(C)C=O{solv}{x=0.795000}>,CCCCCCCCCl,CN(C)C=O,Protein-Null-0.0.3-Pair-NMR-1E4-Umbrella-1E3-4-AAQAA3-1E3-3-OPC3_opc3,3,0.9699645687460644,0.0377732046531397,0.79,0.0045
5910,2445,dens_47347406470845261,135,Density,<Substance BrCCCBr{solv}{x=0.748600}|COC=O{solv}{x=0.251400}>,BrCCCBr,COC=O,Protein-Null-0.0.3-Pair-NMR-1E4-Umbrella-1E3-4-AAQAA3-1E3-3-OPC3_opc3,3,1.7444541398910915,0.0005332263700404,1.7969200000000003,0.00306
5911,2446,dens_398260729245374704,136,Density,<Substance BrCCCBr{solv}{x=0.472200}|COC=O{solv}{x=0.527800}>,BrCCCBr,COC=O,Protein-Null-0.0.3-Pair-NMR-1E4-Umbrella-1E3-4-AAQAA3-1E3-3-OPC3_opc3,3,1.5381654470258457,0.0004509782343423,1.5585100000000005,0.001985
5912,2447,dhmix_1440467239786579925,137,EnthalpyOfMixing,<Substance BrCCCBr{solv}{x=0.735400}|COC=O{solv}{x=0.264600}>,BrCCCBr,COC=O,Protein-Null-0.0.3-Pair-NMR-1E4-Umbrella-1E3-4-AAQAA3-1E3-3-OPC3_opc3,3,0.77108724562639,0.0363071064767617,0.7435,0.00655
5913,2448,dens_1812113401512645360,138,Density,<Substance BrCCCBr{solv}{x=0.204700}|COC=O{solv}{x=0.795300}>,BrCCCBr,COC=O,Protein-Null-0.0.3-Pair-NMR-1E4-Umbrella-1E3-4-AAQAA3-1E3-3-OPC3_opc3,3,1.2709540760358982,0.0004290853944828,1.2611800000000004,0.001025
5914,2449,dhmix_2252268161220427112,139,EnthalpyOfMixing,<Substance BrCCCBr{solv}{x=0.485300}|COC=O{solv}{x=0.514700}>,BrCCCBr,COC=O,Protein-Null-0.0.3-Pair-NMR-1E4-Umbrella-1E3-4-AAQAA3-1E3-3-OPC3_opc3,3,0.9519855487809572,0.0327481123448856,0.9249,0.00795
5915,2450,dhmix_2289960806584862127,140,EnthalpyOfMixing,<Substance BrCCCBr{solv}{x=0.239500}|COC=O{solv}{x=0.760500}>,BrCCCBr,COC=O,Protein-Null-0.0.3-Pair-NMR-1E4-Umbrella-1E3-4-AAQAA3-1E3-3-OPC3_opc3,3,0.7204955033775855,0.0313410839618637,0.6669,0.00595
5916,2451,dens_52148744845178727,141,Density,<Substance CC(=O)CC(C)C{solv}{x=0.700900}|CCC(C)(C)O{solv}{x=0.299100}>,CC(=O)CC(C)C,CCC(C)(C)O,Protein-Null-0.0.3-Pair-NMR-1E4-Umbrella-1E3-4-AAQAA3-1E3-3-OPC3_opc3,3,0.7962319507959471,0.0001553706228394,0.7968700000000002,0.00018
5917,2452,dhmix_202225007451030020,142,EnthalpyOfMixing,<Substance CC(=O)CC(C)C{solv}{x=0.201700}|CCC(C)(C)O{solv}{x=0.798300}>,CC(=O)CC(C)C,CCC(C)(C)O,Protein-Null-0.0.3-Pair-NMR-1E4-Umbrella-1E3-4-AAQAA3-1E3-3-OPC3_opc3,3,0.18919818900567,0.0450606082027465,0.8181,0.01135
5918,2453,dens_938275493819605051,143,Density,<Substance CC(=O)CC(C)C{solv}{x=0.500800}|CCC(C)(C)O{solv}{x=0.499200}>,CC(=O)CC(C)C,CCC(C)(C)O,Protein-Null-0.0.3-Pair-NMR-1E4-Umbrella-1E3-4-AAQAA3-1E3-3-OPC3_opc3,3,0.8010945410878588,0.0002074435521281,0.7987300000000002,0.00018
5919,2454,dhmix_998794233701009996,144,EnthalpyOfMixing,<Substance CC(=O)CC(C)C{solv}{x=0.500800}|CCC(C)(C)O{solv}{x=0.499200}>,CC(=O)CC(C)C,CCC(C)(C)O,Protein-Null-0.0.3-Pair-NMR-1E4-Umbrella-1E3-4-AAQAA3-1E3-3-OPC3_opc3,3,0.3926160599665147,0.0449505594019154,1.3674,0.0185
5920,2455,dhmix_1565593158104493647,145,EnthalpyOfMixing,<Substance CC(=O)CC(C)C{solv}{x=0.700900}|CCC(C)(C)O{solv}{x=0.299100}>,CC(=O)CC(C)C,CCC(C)(C)O,Protein-Null-0.0.3-Pair-NMR-1E4-Umbrella-1E3-4-AAQAA3-1E3-3-OPC3_opc3,3,0.5128427383105922,0.0439915812746881,1.2068,0.0164
5921,2456,dens_2097057526665137697,146,Density,<Substance CC(=O)CC(C)C{solv}{x=0.201700}|CCC(C)(C)O{solv}{x=0.798300}>,CC(=O)CC(C)C,CCC(C)(C)O,Protein-Null-0.0.3-Pair-NMR-1E4-Umbrella-1E3-4-AAQAA3-1E3-3-OPC3_opc3,3,0.8114040958881291,0.000214296953615,0.8030000000000002,0.00019
5922,2457,dens_60145312697659458,147,Density,<Substance OC1=NCCC1{solv}{x=0.231200}|c1ccncc1{solv}{x=0.768800}>,OC1=NCCC1,c1ccncc1,Protein-Null-0.0.3-Pair-NMR-1E4-Umbrella-1E3-4-AAQAA3-1E3-3-OPC3_opc3,3,0.9997629416096409,0.000268897216517,1.0106200000000003,0.00051
5923,2458,dhmix_281987656487279026,148,EnthalpyOfMixing,<Substance OC1=NCCC1{solv}{x=0.525600}|c1ccncc1{solv}{x=0.474400}>,OC1=NCCC1,c1ccncc1,Protein-Null-0.0.3-Pair-NMR-1E4-Umbrella-1E3-4-AAQAA3-1E3-3-OPC3_opc3,3,0.0905566329789877,0.035623706174045,0.2031,0.0508
5924,2459,dens_617740093035429712,149,Density,<Substance OC1=NCCC1{solv}{x=0.831200}|c1ccncc1{solv}{x=0.168800}>,OC1=NCCC1,c1ccncc1,Protein-Null-0.0.3-Pair-NMR-1E4-Umbrella-1E3-4-AAQAA3-1E3-3-OPC3_opc3,3,1.0512966298333823,0.0002535731651072,1.0872000000000004,0.00052
5925,2460,dhmix_658699797311871042,150,EnthalpyOfMixing,<Substance OC1=NCCC1{solv}{x=0.261500}|c1ccncc1{solv}{x=0.738500}>,OC1=NCCC1,c1ccncc1,Protein-Null-0.0.3-Pair-NMR-1E4-Umbrella-1E3-4-AAQAA3-1E3-3-OPC3_opc3,3,0.1174456660204441,0.0397033157049876,0.165,0.04125
5926,2461,dhmix_774470106511868908,151,EnthalpyOfMixing,<Substance OC1=NCCC1{solv}{x=0.831100}|c1ccncc1{solv}{x=0.168900}>,OC1=NCCC1,c1ccncc1,Protein-Null-0.0.3-Pair-NMR-1E4-Umbrella-1E3-4-AAQAA3-1E3-3-OPC3_opc3,3,0.0931533312326422,0.0433050681572385,0.0972,0.0243
5927,2462,dens_1837977312272564303,152,Density,<Substance OC1=NCCC1{solv}{x=0.475200}|c1ccncc1{solv}{x=0.524800}>,OC1=NCCC1,c1ccncc1,Protein-Null-0.0.3-Pair-NMR-1E4-Umbrella-1E3-4-AAQAA3-1E3-3-OPC3_opc3,3,1.021148909557983,0.0002666992703802,1.0431300000000003,0.000515
5928,2463,dens_64870336397637683,153,Density,<Substance NCCCO{solv}{x=0.489642}|O{solv}{x=0.510358}>,NCCCO,O,Protein-Null-0.0.3-Pair-NMR-1E4-Umbrella-1E3-4-AAQAA3-1E3-3-OPC3_opc3,3,1.0344083856574244,0.0003884697137479,1.0059000000000002,0.00155
5929,2464,dens_70371380055449550,154,Density,<Substance NCCCO{solv}{x=0.708044}|O{solv}{x=0.291956}>,NCCCO,O,Protein-Null-0.0.3-Pair-NMR-1E4-Umbrella-1E3-4-AAQAA3-1E3-3-OPC3_opc3,3,1.032329775695505,0.0003924364946474,0.9975000000000004,0.0018
5930,2465,dhmix_150384853762728924,155,EnthalpyOfMixing,<Substance NCCCO{solv}{x=0.751500}|O{solv}{x=0.248500}>,NCCCO,O,Protein-Null-0.0.3-Pair-NMR-1E4-Umbrella-1E3-4-AAQAA3-1E3-3-OPC3_opc3,3,-0.7383870930634728,0.038154281705505,-1.531,0.031
5931,2466,dens_847209819230970781,156,Density,<Substance NCCCO{solv}{x=0.272809}|O{solv}{x=0.727191}>,NCCCO,O,Protein-Null-0.0.3-Pair-NMR-1E4-Umbrella-1E3-4-AAQAA3-1E3-3-OPC3_opc3,3,1.0301331100125128,0.0003579577631848,1.0118000000000005,0.0014
5932,2467,dhmix_1448036989335532298,157,EnthalpyOfMixing,<Substance NCCCO{solv}{x=0.298200}|O{solv}{x=0.701800}>,NCCCO,O,Protein-Null-0.0.3-Pair-NMR-1E4-Umbrella-1E3-4-AAQAA3-1E3-3-OPC3_opc3,3,-1.0638450685286216,0.0269947399157373,-2.501,0.051
5933,2468,dhmix_1551692974855642379,158,EnthalpyOfMixing,<Substance NCCCO{solv}{x=0.498900}|O{solv}{x=0.501100}>,NCCCO,O,Protein-Null-0.0.3-Pair-NMR-1E4-Umbrella-1E3-4-AAQAA3-1E3-3-OPC3_opc3,3,-1.070976256013516,0.0304606534863824,-2.462,0.05
5934,2469,dhmix_65921650414250861,159,EnthalpyOfMixing,<Substance CCOC(=O)CC(C)=O{solv}{x=0.499500}|CCO{solv}{x=0.500500}>,CCO,CCOC(=O)CC(C)=O,Protein-Null-0.0.3-Pair-NMR-1E4-Umbrella-1E3-4-AAQAA3-1E3-3-OPC3_opc3,3,1.4498373044764037,0.0404054133264795,1.7079,0.0183
5935,2470,dhmix_546962203716710778,160,EnthalpyOfMixing,<Substance CCOC(=O)CC(C)=O{solv}{x=0.299400}|CCO{solv}{x=0.700600}>,CCO,CCOC(=O)CC(C)=O,Protein-Null-0.0.3-Pair-NMR-1E4-Umbrella-1E3-4-AAQAA3-1E3-3-OPC3_opc3,3,1.392438107505825,0.0376326380043223,1.4925,0.01605
5936,2471,dens_989479368116300355,161,Density,<Substance CCOC(=O)CC(C)=O{solv}{x=0.500000}|CCO{solv}{x=0.500000}>,CCO,CCOC(=O)CC(C)=O,Protein-Null-0.0.3-Pair-NMR-1E4-Umbrella-1E3-4-AAQAA3-1E3-3-OPC3_opc3,3,0.9514455050221838,0.0002233946151855,0.9484700000000004,0.000155
5937,2472,dens_1726065156375824332,162,Density,<Substance CCOC(=O)CC(C)=O{solv}{x=0.250000}|CCO{solv}{x=0.750000}>,CCO,CCOC(=O)CC(C)=O,Protein-Null-0.0.3-Pair-NMR-1E4-Umbrella-1E3-4-AAQAA3-1E3-3-OPC3_opc3,3,0.8867867392349428,0.0002917445090183,0.8856300000000003,0.00017
5938,2473,dens_1736679431098209973,163,Density,<Substance CCOC(=O)CC(C)=O{solv}{x=0.750000}|CCO{solv}{x=0.250000}>,CCO,CCOC(=O)CC(C)=O,Protein-Null-0.0.3-Pair-NMR-1E4-Umbrella-1E3-4-AAQAA3-1E3-3-OPC3_opc3,3,0.9943002302099274,0.0001755874456702,0.9917100000000004,0.00017
5939,2474,dhmix_2221487218644783272,164,EnthalpyOfMixing,<Substance CCOC(=O)CC(C)=O{solv}{x=0.700800}|CCO{solv}{x=0.299200}>,CCO,CCOC(=O)CC(C)=O,Protein-Null-0.0.3-Pair-NMR-1E4-Umbrella-1E3-4-AAQAA3-1E3-3-OPC3_opc3,3,1.0538722827386948,0.0453563951711071,1.478,0.0159
5940,2475,dhmix_68947190908856741,165,EnthalpyOfMixing,<Substance C1COCCO1{solv}{x=0.250000}|O=C1CCCC1{solv}{x=0.750000}>,C1COCCO1,O=C1CCCC1,Protein-Null-0.0.3-Pair-NMR-1E4-Umbrella-1E3-4-AAQAA3-1E3-3-OPC3_opc3,3,-0.0247020203877923,0.0384033470800485,0.04589,0.00057
5941,2476,dens_225413782402822877,166,Density,<Substance C1COCCO1{solv}{x=0.777800}|O=C1CCCC1{solv}{x=0.222200}>,C1COCCO1,O=C1CCCC1,Protein-Null-0.0.3-Pair-NMR-1E4-Umbrella-1E3-4-AAQAA3-1E3-3-OPC3_opc3,3,1.0020648888067372,0.0002499796814967,1.0081000000000002,0.000255
5942,2477,dhmix_415496698649060745,167,EnthalpyOfMixing,<Substance C1COCCO1{solv}{x=0.500000}|O=C1CCCC1{solv}{x=0.500000}>,C1COCCO1,O=C1CCCC1,Protein-Null-0.0.3-Pair-NMR-1E4-Umbrella-1E3-4-AAQAA3-1E3-3-OPC3_opc3,3,-0.0221890904767718,0.0395447787716101,0.07457,0.00068
5943,2478,dens_803440153424346423,168,Density,<Substance C1COCCO1{solv}{x=0.506300}|O=C1CCCC1{solv}{x=0.493700}>,C1COCCO1,O=C1CCCC1,Protein-Null-0.0.3-Pair-NMR-1E4-Umbrella-1E3-4-AAQAA3-1E3-3-OPC3_opc3,3,0.9695545397163916,0.00030268113833,0.9849200000000002,0.00025
5944,2479,dens_1553194080174872005,169,Density,<Substance C1COCCO1{solv}{x=0.243600}|O=C1CCCC1{solv}{x=0.756400}>,C1COCCO1,O=C1CCCC1,Protein-Null-0.0.3-Pair-NMR-1E4-Umbrella-1E3-4-AAQAA3-1E3-3-OPC3_opc3,3,0.9405256948715436,0.0002441352170733,0.9633500000000004,0.000245
5945,2480,dhmix_1852349497898107924,170,EnthalpyOfMixing,<Substance C1COCCO1{solv}{x=0.750000}|O=C1CCCC1{solv}{x=0.250000}>,C1COCCO1,O=C1CCCC1,Protein-Null-0.0.3-Pair-NMR-1E4-Umbrella-1E3-4-AAQAA3-1E3-3-OPC3_opc3,3,0.0537442960033018,0.0414273294642828,0.07097,0.000665
5946,2481,dhmix_71170350241685196,171,EnthalpyOfMixing,<Substance COC(C)(C)C{solv}{x=0.749000}|ClC(Cl)Cl{solv}{x=0.251000}>,COC(C)(C)C,ClC(Cl)Cl,Protein-Null-0.0.3-Pair-NMR-1E4-Umbrella-1E3-4-AAQAA3-1E3-3-OPC3_opc3,3,-0.9153300132004888,0.0386481781596352,-1.9,0.077
5947,2482,dens_554111049740737271,172,Density,<Substance COC(C)(C)C{solv}{x=0.454000}|ClC(Cl)Cl{solv}{x=0.546000}>,COC(C)(C)C,ClC(Cl)Cl,Protein-Null-0.0.3-Pair-NMR-1E4-Umbrella-1E3-4-AAQAA3-1E3-3-OPC3_opc3,3,1.1194140223597164,0.0003604098322343,1.0838000000000003,0.00015
5948,2483,dhmix_1691495556773848750,173,EnthalpyOfMixing,<Substance COC(C)(C)C{solv}{x=0.484000}|ClC(Cl)Cl{solv}{x=0.516000}>,COC(C)(C)C,ClC(Cl)Cl,Protein-Null-0.0.3-Pair-NMR-1E4-Umbrella-1E3-4-AAQAA3-1E3-3-OPC3_opc3,3,-1.378947523471428,0.0374414894020625,-2.1,0.0845
5949,2484,dens_1874337336846858625,174,Density,<Substance COC(C)(C)C{solv}{x=0.276000}|ClC(Cl)Cl{solv}{x=0.724000}>,COC(C)(C)C,ClC(Cl)Cl,Protein-Null-0.0.3-Pair-NMR-1E4-Umbrella-1E3-4-AAQAA3-1E3-3-OPC3_opc3,3,1.2769282956975512,0.0005381663587131,1.2259000000000004,0.0002
5950,2485,dens_2136498248834183810,175,Density,<Substance COC(C)(C)C{solv}{x=0.728600}|ClC(Cl)Cl{solv}{x=0.271400}>,COC(C)(C)C,ClC(Cl)Cl,Protein-Null-0.0.3-Pair-NMR-1E4-Umbrella-1E3-4-AAQAA3-1E3-3-OPC3_opc3,3,0.9132138688369555,0.0002689133798743,0.8956000000000003,0.00015
5951,2486,dhmix_2232264038422377060,176,EnthalpyOfMixing,<Substance COC(C)(C)C{solv}{x=0.220000}|ClC(Cl)Cl{solv}{x=0.780000}>,COC(C)(C)C,ClC(Cl)Cl,Protein-Null-0.0.3-Pair-NMR-1E4-Umbrella-1E3-4-AAQAA3-1E3-3-OPC3_opc3,3,-0.8231535746940253,0.0315659755103561,-1.5,0.0605
5952,2487,dhmix_73322629991074290,177,EnthalpyOfMixing,<Substance CCC(C)=O{solv}{x=0.212400}|CCN(CC)CC{solv}{x=0.787600}>,CCC(C)=O,CCN(CC)CC,Protein-Null-0.0.3-Pair-NMR-1E4-Umbrella-1E3-4-AAQAA3-1E3-3-OPC3_opc3,3,0.4861113880957575,0.0436385257467701,0.57,0.006
5953,2488,dens_317201778138256714,178,Density,<Substance CCC(C)=O{solv}{x=0.261000}|CCN(CC)CC{solv}{x=0.739000}>,CCC(C)=O,CCN(CC)CC,Protein-Null-0.0.3-Pair-NMR-1E4-Umbrella-1E3-4-AAQAA3-1E3-3-OPC3_opc3,3,0.7300499235745014,0.0002404173766759,0.7361510000000001,0.000106
5954,2489,dens_544322850735592196,179,Density,<Substance CCC(C)=O{solv}{x=0.510600}|CCN(CC)CC{solv}{x=0.489400}>,CCC(C)=O,CCN(CC)CC,Protein-Null-0.0.3-Pair-NMR-1E4-Umbrella-1E3-4-AAQAA3-1E3-3-OPC3_opc3,3,0.7416645957705499,0.0002244972723225,0.7527560000000002,0.0001045
5955,2490,dhmix_690665189446107141,180,EnthalpyOfMixing,<Substance CCC(C)=O{solv}{x=0.496700}|CCN(CC)CC{solv}{x=0.503300}>,CCC(C)=O,CCN(CC)CC,Protein-Null-0.0.3-Pair-NMR-1E4-Umbrella-1E3-4-AAQAA3-1E3-3-OPC3_opc3,3,0.5361289837444829,0.0326838085603583,0.746,0.008
5956,2491,dhmix_935249702283890201,181,EnthalpyOfMixing,<Substance CCC(C)=O{solv}{x=0.789300}|CCN(CC)CC{solv}{x=0.210700}>,CCC(C)=O,CCN(CC)CC,Protein-Null-0.0.3-Pair-NMR-1E4-Umbrella-1E3-4-AAQAA3-1E3-3-OPC3_opc3,3,0.3712900986763721,0.0329524054925808,0.455,0.005
5957,2492,dens_1635002920322954883,182,Density,<Substance CCC(C)=O{solv}{x=0.760400}|CCN(CC)CC{solv}{x=0.239600}>,CCC(C)=O,CCN(CC)CC,Protein-Null-0.0.3-Pair-NMR-1E4-Umbrella-1E3-4-AAQAA3-1E3-3-OPC3_opc3,3,0.7570456040493887,0.0002457102439897,0.7738830000000002,9.900000000000003e-05
5958,2493,dhmix_76833325524040726,183,EnthalpyOfMixing,<Substance C1CCCCC1{solv}{x=0.260600}|c1ccccc1{solv}{x=0.739400}>,C1CCCCC1,c1ccccc1,Protein-Null-0.0.3-Pair-NMR-1E4-Umbrella-1E3-4-AAQAA3-1E3-3-OPC3_opc3,3,0.9184687578657532,0.0398938774219232,0.6282,0.00695
5959,2494,dens_330305790736126156,184,Density,<Substance C1CCCCC1{solv}{x=0.499600}|c1ccccc1{solv}{x=0.500400}>,C1CCCCC1,c1ccccc1,Protein-Null-0.0.3-Pair-NMR-1E4-Umbrella-1E3-4-AAQAA3-1E3-3-OPC3_opc3,3,0.7928589167264639,0.0002367761552835,0.8136000000000002,0.0002
5960,2495,dhmix_460305358266375837,185,EnthalpyOfMixing,<Substance C1CCCCC1{solv}{x=0.766800}|c1ccccc1{solv}{x=0.233200}>,C1CCCCC1,c1ccccc1,Protein-Null-0.0.3-Pair-NMR-1E4-Umbrella-1E3-4-AAQAA3-1E3-3-OPC3_opc3,3,0.8084431457251355,0.0438340364748813,0.5517,0.00725
5961,2496,dens_1579941980285561951,186,Density,<Substance C1CCCCC1{solv}{x=0.249800}|c1ccccc1{solv}{x=0.750200}>,C1CCCCC1,c1ccccc1,Protein-Null-0.0.3-Pair-NMR-1E4-Umbrella-1E3-4-AAQAA3-1E3-3-OPC3_opc3,3,0.8233569311736042,0.0002634375656393,0.8405780000000002,7.05e-05
5962,2497,dhmix_1824194485055356086,187,EnthalpyOfMixing,<Substance C1CCCCC1{solv}{x=0.501200}|c1ccccc1{solv}{x=0.498800}>,C1CCCCC1,c1ccccc1,Protein-Null-0.0.3-Pair-NMR-1E4-Umbrella-1E3-4-AAQAA3-1E3-3-OPC3_opc3,3,1.0519954719359816,0.0381430852672314,0.7893,0.00655
5963,2498,dens_1871885279620492514,188,Density,<Substance C1CCCCC1{solv}{x=0.732300}|c1ccccc1{solv}{x=0.267700}>,C1CCCCC1,c1ccccc1,Protein-Null-0.0.3-Pair-NMR-1E4-Umbrella-1E3-4-AAQAA3-1E3-3-OPC3_opc3,3,0.7714653467238769,0.0002596056186527,0.7929200000000002,7.450000000000001e-05
5964,2499,dens_78518696584109468,189,Density,<Substance CN(CCO)CCO{solv}{x=0.743000}|O{solv}{x=0.257000}>,CN(CCO)CCO,O,Protein-Null-0.0.3-Pair-NMR-1E4-Umbrella-1E3-4-AAQAA3-1E3-3-OPC3_opc3,3,1.041778328993726,0.0002458152084997,1.0405100000000005,0.000286
5965,2500,dens_169053214615075062,190,Density,<Substance CN(CCO)CCO{solv}{x=0.257100}|O{solv}{x=0.742900}>,CN(CCO)CCO,O,Protein-Null-0.0.3-Pair-NMR-1E4-Umbrella-1E3-4-AAQAA3-1E3-3-OPC3_opc3,3,1.044619610963448,0.0003068076907716,1.0522550000000004,0.000221
5966,2501,dhmix_750283179383190388,191,EnthalpyOfMixing,<Substance CN(CCO)CCO{solv}{x=0.741100}|O{solv}{x=0.258900}>,CN(CCO)CCO,O,Protein-Null-0.0.3-Pair-NMR-1E4-Umbrella-1E3-4-AAQAA3-1E3-3-OPC3_opc3,3,-1.2044612007512967,0.0569653052671581,-1.154,0.0125
5967,2502,dhmix_1537351248216247854,192,EnthalpyOfMixing,<Substance CN(CCO)CCO{solv}{x=0.259300}|O{solv}{x=0.740700}>,CN(CCO)CCO,O,Protein-Null-0.0.3-Pair-NMR-1E4-Umbrella-1E3-4-AAQAA3-1E3-3-OPC3_opc3,3,-1.5035122103061376,0.0344521525048795,-2.271,0.046
5968,2503,dens_1700904374078825036,193,Density,<Substance CN(CCO)CCO{solv}{x=0.484900}|O{solv}{x=0.515100}>,CN(CCO)CCO,O,Protein-Null-0.0.3-Pair-NMR-1E4-Umbrella-1E3-4-AAQAA3-1E3-3-OPC3_opc3,3,1.0443791561022022,0.0003545217768046,1.048636,0.0002475
5969,2504,dhmix_1761290393567900831,194,EnthalpyOfMixing,<Substance CN(CCO)CCO{solv}{x=0.494100}|O{solv}{x=0.505900}>,CN(CCO)CCO,O,Protein-Null-0.0.3-Pair-NMR-1E4-Umbrella-1E3-4-AAQAA3-1E3-3-OPC3_opc3,3,-1.4996049524977195,0.0611069441086013,-2.072,0.042
5970,2505,dhmix_81883535492439507,195,EnthalpyOfMixing,<Substance C1COCO1{solv}{x=0.200000}|O=C1CCCC1{solv}{x=0.800000}>,C1COCO1,O=C1CCCC1,Protein-Null-0.0.3-Pair-NMR-1E4-Umbrella-1E3-4-AAQAA3-1E3-3-OPC3_opc3,3,-0.1359830671946582,0.0388131042124473,-0.00853,0.000425
5971,2506,dens_192935635984964537,196,Density,<Substance C1COCO1{solv}{x=0.509000}|O=C1CCCC1{solv}{x=0.491000}>,C1COCO1,O=C1CCCC1,Protein-Null-0.0.3-Pair-NMR-1E4-Umbrella-1E3-4-AAQAA3-1E3-3-OPC3_opc3,3,0.9899607411671286,0.000270295017841,0.9954700000000004,0.000255
5972,2507,dhmix_309530351940031317,197,EnthalpyOfMixing,<Substance C1COCO1{solv}{x=0.700000}|O=C1CCCC1{solv}{x=0.300000}>,C1COCO1,O=C1CCCC1,Protein-Null-0.0.3-Pair-NMR-1E4-Umbrella-1E3-4-AAQAA3-1E3-3-OPC3_opc3,3,-0.0521056332985523,0.0373685112487018,-0.02292,0.00048
5973,2508,dhmix_1480225642523009634,198,EnthalpyOfMixing,<Substance C1COCO1{solv}{x=0.500000}|O=C1CCCC1{solv}{x=0.500000}>,C1COCO1,O=C1CCCC1,Protein-Null-0.0.3-Pair-NMR-1E4-Umbrella-1E3-4-AAQAA3-1E3-3-OPC3_opc3,3,-0.1728987777125041,0.038785401840819,-0.02181,0.000475
5974,2509,dens_1663189314624242951,199,Density,<Substance C1COCO1{solv}{x=0.225100}|O=C1CCCC1{solv}{x=0.774900}>,C1COCO1,O=C1CCCC1,Protein-Null-0.0.3-Pair-NMR-1E4-Umbrella-1E3-4-AAQAA3-1E3-3-OPC3_opc3,3,0.945195367333001,0.0002458055819044,0.9652800000000002,0.000245
5975,2510,dens_1684591254659727640,200,Density,<Substance C1COCO1{solv}{x=0.789100}|O=C1CCCC1{solv}{x=0.210900}>,C1COCO1,O=C1CCCC1,Protein-Null-0.0.3-Pair-NMR-1E4-Umbrella-1E3-4-AAQAA3-1E3-3-OPC3_opc3,3,1.0438302123365557,0.0002817693577583,1.02957,0.00026
5976,2511,dens_82854054922011802,201,Density,<Substance c1cc[nH]c1{solv}{x=0.542600}|c1ccncc1{solv}{x=0.457400}>,c1cc[nH]c1,c1ccncc1,Protein-Null-0.0.3-Pair-NMR-1E4-Umbrella-1E3-4-AAQAA3-1E3-3-OPC3_opc3,3,0.9773264818730912,0.0002411038583063,0.9706400000000002,5.5000000000000016e-05
5977,2512,dens_332042143272324658,202,Density,<Substance c1cc[nH]c1{solv}{x=0.755400}|c1ccncc1{solv}{x=0.244600}>,c1cc[nH]c1,c1ccncc1,Protein-Null-0.0.3-Pair-NMR-1E4-Umbrella-1E3-4-AAQAA3-1E3-3-OPC3_opc3,3,0.9779010011054122,0.0002251442507926,0.9676900000000004,5.5000000000000016e-05
5978,2513,dhmix_582184351339863568,203,EnthalpyOfMixing,<Substance c1cc[nH]c1{solv}{x=0.760200}|c1ccncc1{solv}{x=0.239800}>,c1cc[nH]c1,c1ccncc1,Protein-Null-0.0.3-Pair-NMR-1E4-Umbrella-1E3-4-AAQAA3-1E3-3-OPC3_opc3,3,0.0113885991718802,0.0376099684753709,-1.6452,0.01075
5979,2514,dhmix_809205277185290719,204,EnthalpyOfMixing,<Substance c1cc[nH]c1{solv}{x=0.509500}|c1ccncc1{solv}{x=0.490500}>,c1cc[nH]c1,c1ccncc1,Protein-Null-0.0.3-Pair-NMR-1E4-Umbrella-1E3-4-AAQAA3-1E3-3-OPC3_opc3,3,-0.0084744690279094,0.0353887579403946,-2.649,0.01645
5980,2515,dens_1187941919350264461,205,Density,<Substance c1cc[nH]c1{solv}{x=0.227300}|c1ccncc1{solv}{x=0.772700}>,c1cc[nH]c1,c1ccncc1,Protein-Null-0.0.3-Pair-NMR-1E4-Umbrella-1E3-4-AAQAA3-1E3-3-OPC3_opc3,3,0.9769680179166232,0.0002601657289921,0.9755600000000002,5.5000000000000016e-05
5981,2516,dhmix_2302696180464118683,206,EnthalpyOfMixing,<Substance c1cc[nH]c1{solv}{x=0.239500}|c1ccncc1{solv}{x=0.760500}>,c1cc[nH]c1,c1ccncc1,Protein-Null-0.0.3-Pair-NMR-1E4-Umbrella-1E3-4-AAQAA3-1E3-3-OPC3_opc3,3,-0.1303256089444187,0.0364085082780817,-1.7662,0.01145
5982,2517,dhmix_84488753175979819,207,EnthalpyOfMixing,<Substance C1CCOCC1{solv}{x=0.500000}|CCO{solv}{x=0.500000}>,C1CCOCC1,CCO,Protein-Null-0.0.3-Pair-NMR-1E4-Umbrella-1E3-4-AAQAA3-1E3-3-OPC3_opc3,3,0.9971555324067084,0.0365401585561299,0.8491,0.00794
5983,2518,dens_904236164857914889,208,Density,<Substance C1CCOCC1{solv}{x=0.701000}|CCO{solv}{x=0.299000}>,C1CCOCC1,CCO,Protein-Null-0.0.3-Pair-NMR-1E4-Umbrella-1E3-4-AAQAA3-1E3-3-OPC3_opc3,3,0.8483479682559382,0.0002673778615448,0.8595400000000002,8.500000000000002e-05
5984,2519,dhmix_923986751684807715,209,EnthalpyOfMixing,<Substance C1CCOCC1{solv}{x=0.750000}|CCO{solv}{x=0.250000}>,C1CCOCC1,CCO,Protein-Null-0.0.3-Pair-NMR-1E4-Umbrella-1E3-4-AAQAA3-1E3-3-OPC3_opc3,3,0.9628334232039606,0.0433935888276612,0.75364,0.007115
5985,2520,dhmix_927648698725704337,210,EnthalpyOfMixing,<Substance C1CCOCC1{solv}{x=0.250000}|CCO{solv}{x=0.750000}>,C1CCOCC1,CCO,Protein-Null-0.0.3-Pair-NMR-1E4-Umbrella-1E3-4-AAQAA3-1E3-3-OPC3_opc3,3,0.5456001017133723,0.032865203390178,0.57017,0.00553
5986,2521,dens_1095414448718823860,211,Density,<Substance C1CCOCC1{solv}{x=0.504000}|CCO{solv}{x=0.496000}>,C1CCOCC1,CCO,Protein-Null-0.0.3-Pair-NMR-1E4-Umbrella-1E3-4-AAQAA3-1E3-3-OPC3_opc3,3,0.8344683067617843,0.0002711051155753,0.8440100000000001,0.0001
5987,2522,dens_1309012152943788187,212,Density,<Substance C1CCOCC1{solv}{x=0.284000}|CCO{solv}{x=0.716000}>,C1CCOCC1,CCO,Protein-Null-0.0.3-Pair-NMR-1E4-Umbrella-1E3-4-AAQAA3-1E3-3-OPC3_opc3,3,0.8159430324178778,0.0002779060875426,0.8227400000000002,0.00012
5988,2523,dens_88489471162801298,213,Density,<Substance CC(C)=O{solv}{x=0.248400}|Nc1ccccc1{solv}{x=0.751600}>,CC(C)=O,Nc1ccccc1,Protein-Null-0.0.3-Pair-NMR-1E4-Umbrella-1E3-4-AAQAA3-1E3-3-OPC3_opc3,3,1.0069573345793448,0.0001835845023211,0.9768950000000002,0.0001055
5989,2524,dens_892449093930393176,214,Density,<Substance CC(C)=O{solv}{x=0.411400}|Nc1ccccc1{solv}{x=0.588600}>,CC(C)=O,Nc1ccccc1,Protein-Null-0.0.3-Pair-NMR-1E4-Umbrella-1E3-4-AAQAA3-1E3-3-OPC3_opc3,3,0.9630490253943436,0.0001670370211044,0.9457730000000002,0.0001285
5990,2525,dens_1087594007698023193,215,Density,<Substance CC(C)=O{solv}{x=0.699300}|Nc1ccccc1{solv}{x=0.300700}>,CC(C)=O,Nc1ccccc1,Protein-Null-0.0.3-Pair-NMR-1E4-Umbrella-1E3-4-AAQAA3-1E3-3-OPC3_opc3,3,0.8773761504118284,0.0003081173457959,0.8786430000000003,0.000178
5991,2526,dhmix_1461699545612032563,216,EnthalpyOfMixing,<Substance CC(C)=O{solv}{x=0.214500}|Nc1ccccc1{solv}{x=0.785500}>,CC(C)=O,Nc1ccccc1,Protein-Null-0.0.3-Pair-NMR-1E4-Umbrella-1E3-4-AAQAA3-1E3-3-OPC3_opc3,3,-0.3388147084032766,0.0577418254439708,-0.746,0.008
5992,2527,dhmix_1577476208805542019,217,EnthalpyOfMixing,<Substance CC(C)=O{solv}{x=0.699100}|Nc1ccccc1{solv}{x=0.300900}>,CC(C)=O,Nc1ccccc1,Protein-Null-0.0.3-Pair-NMR-1E4-Umbrella-1E3-4-AAQAA3-1E3-3-OPC3_opc3,3,-0.9192262365499532,0.0373318435890915,-1.076,0.0115
5993,2528,dhmix_2267661763264899390,218,EnthalpyOfMixing,<Substance CC(C)=O{solv}{x=0.410700}|Nc1ccccc1{solv}{x=0.589300}>,CC(C)=O,Nc1ccccc1,Protein-Null-0.0.3-Pair-NMR-1E4-Umbrella-1E3-4-AAQAA3-1E3-3-OPC3_opc3,3,-0.6133134543114096,0.040464294766927,-1.165,0.0125
5994,2529,dhmix_90851537891129625,219,EnthalpyOfMixing,<Substance C1CCOCC1{solv}{x=0.268300}|Cc1ccccn1{solv}{x=0.731700}>,C1CCOCC1,Cc1ccccn1,Protein-Null-0.0.3-Pair-NMR-1E4-Umbrella-1E3-4-AAQAA3-1E3-3-OPC3_opc3,3,0.0076528619043259,0.0419477022104848,0.1057,0.00105
5995,2530,dhmix_975790739707505549,220,EnthalpyOfMixing,<Substance C1CCOCC1{solv}{x=0.482200}|Cc1ccccn1{solv}{x=0.517800}>,C1CCOCC1,Cc1ccccn1,Protein-Null-0.0.3-Pair-NMR-1E4-Umbrella-1E3-4-AAQAA3-1E3-3-OPC3_opc3,3,0.0622076595358718,0.0383360005071295,0.1728,0.00135
5996,2531,dens_981500521813591443,221,Density,<Substance C1CCOCC1{solv}{x=0.491600}|Cc1ccccn1{solv}{x=0.508400}>,C1CCOCC1,Cc1ccccn1,Protein-Null-0.0.3-Pair-NMR-1E4-Umbrella-1E3-4-AAQAA3-1E3-3-OPC3_opc3,3,0.9045572360183932,0.0002648907944223,0.910915,0.000475
5997,2532,dens_1237050172671894703,222,Density,<Substance C1CCOCC1{solv}{x=0.237300}|Cc1ccccn1{solv}{x=0.762700}>,C1CCOCC1,Cc1ccccn1,Protein-Null-0.0.3-Pair-NMR-1E4-Umbrella-1E3-4-AAQAA3-1E3-3-OPC3_opc3,3,0.922657321186558,0.0002409770540591,0.9261620000000004,0.0004855
5998,2533,dhmix_1841520238596708010,223,EnthalpyOfMixing,<Substance C1CCOCC1{solv}{x=0.821600}|Cc1ccccn1{solv}{x=0.178400}>,C1CCOCC1,Cc1ccccn1,Protein-Null-0.0.3-Pair-NMR-1E4-Umbrella-1E3-4-AAQAA3-1E3-3-OPC3_opc3,3,0.0711977472860212,0.0477188643468613,0.1352,0.0012
5999,2534,dens_1852422594896475094,224,Density,<Substance C1CCOCC1{solv}{x=0.821900}|Cc1ccccn1{solv}{x=0.178100}>,C1CCOCC1,Cc1ccccn1,Protein-Null-0.0.3-Pair-NMR-1E4-Umbrella-1E3-4-AAQAA3-1E3-3-OPC3_opc3,3,0.8699397318400354,0.0002853915456144,0.8802920000000002,0.000454
6000,2535,dhmix_93676522673462266,225,EnthalpyOfMixing,<Substance CC(=O)N(C)C{solv}{x=0.702000}|ClCCCl{solv}{x=0.298000}>,CC(=O)N(C)C,ClCCCl,Protein-Null-0.0.3-Pair-NMR-1E4-Umbrella-1E3-4-AAQAA3-1E3-3-OPC3_opc3,3,-0.1525262515207837,0.0414767269303836,-0.706,0.004
6001,2536,dens_466640151895915379,226,Density,<Substance CC(=O)N(C)C{solv}{x=0.499900}|ClCCCl{solv}{x=0.500100}>,CC(=O)N(C)C,ClCCCl,Protein-Null-0.0.3-Pair-NMR-1E4-Umbrella-1E3-4-AAQAA3-1E3-3-OPC3_opc3,3,1.043574934624066,0.0003544835377093,1.0774000000000004,0.00325
6002,2537,dhmix_504891727488256514,227,EnthalpyOfMixing,<Substance CC(=O)N(C)C{solv}{x=0.202000}|ClCCCl{solv}{x=0.798000}>,CC(=O)N(C)C,ClCCCl,Protein-Null-0.0.3-Pair-NMR-1E4-Umbrella-1E3-4-AAQAA3-1E3-3-OPC3_opc3,3,-0.0531679647450014,0.0345974435548415,-0.586,0.004
6003,2538,dens_1432716574300574119,228,Density,<Substance CC(=O)N(C)C{solv}{x=0.298800}|ClCCCl{solv}{x=0.701200}>,CC(=O)N(C)C,ClCCCl,Protein-Null-0.0.3-Pair-NMR-1E4-Umbrella-1E3-4-AAQAA3-1E3-3-OPC3_opc3,3,1.105522643558157,0.0003064595068305,1.1413000000000002,0.00345
6004,2539,dens_1909242265481868478,229,Density,<Substance CC(=O)N(C)C{solv}{x=0.700800}|ClCCCl{solv}{x=0.299200}>,CC(=O)N(C)C,ClCCCl,Protein-Null-0.0.3-Pair-NMR-1E4-Umbrella-1E3-4-AAQAA3-1E3-3-OPC3_opc3,3,0.982827701275644,0.0002502136889042,1.0181000000000002,0.00305
6005,2540,dhmix_2201663021806040380,230,EnthalpyOfMixing,<Substance CC(=O)N(C)C{solv}{x=0.500000}|ClCCCl{solv}{x=0.500000}>,CC(=O)N(C)C,ClCCCl,Protein-Null-0.0.3-Pair-NMR-1E4-Umbrella-1E3-4-AAQAA3-1E3-3-OPC3_opc3,3,-0.1641582418650406,0.0370123163396375,-0.885,0.004
6006,2541,dhmix_101847702994296892,231,EnthalpyOfMixing,<Substance CCCCCCCl{solv}{x=0.790000}|CN1CCCC1=O{solv}{x=0.210000}>,CCCCCCCl,CN1CCCC1=O,Protein-Null-0.0.3-Pair-NMR-1E4-Umbrella-1E3-4-AAQAA3-1E3-3-OPC3_opc3,3,0.583111282463193,0.0460087573988308,0.232,0.0025
6007,2542,dhmix_275814181113182192,232,EnthalpyOfMixing,<Substance CCCCCCCl{solv}{x=0.497000}|CN1CCCC1=O{solv}{x=0.503000}>,CCCCCCCl,CN1CCCC1=O,Protein-Null-0.0.3-Pair-NMR-1E4-Umbrella-1E3-4-AAQAA3-1E3-3-OPC3_opc3,3,1.0445653641589416,0.042894392840318,0.416,0.0025
6008,2543,dens_441375838683668512,233,Density,<Substance CCCCCCCl{solv}{x=0.499300}|CN1CCCC1=O{solv}{x=0.500700}>,CCCCCCCl,CN1CCCC1=O,Protein-Null-0.0.3-Pair-NMR-1E4-Umbrella-1E3-4-AAQAA3-1E3-3-OPC3_opc3,3,0.9210572910256716,0.0001961047675897,0.9389000000000002,0.0002
6009,2544,dhmix_840847840731542643,234,EnthalpyOfMixing,<Substance CCCCCCCl{solv}{x=0.203000}|CN1CCCC1=O{solv}{x=0.797000}>,CCCCCCCl,CN1CCCC1=O,Protein-Null-0.0.3-Pair-NMR-1E4-Umbrella-1E3-4-AAQAA3-1E3-3-OPC3_opc3,3,0.6292293192804834,0.0406367267210866,0.319,0.0025
6010,2545,dens_1314691253679633833,235,Density,<Substance CCCCCCCl{solv}{x=0.298400}|CN1CCCC1=O{solv}{x=0.701600}>,CCCCCCCl,CN1CCCC1=O,Protein-Null-0.0.3-Pair-NMR-1E4-Umbrella-1E3-4-AAQAA3-1E3-3-OPC3_opc3,3,0.9499852479624548,0.0002222374416215,0.9715000000000004,0.0002
6011,2546,dens_1366683244756558841,236,Density,<Substance CCCCCCCl{solv}{x=0.801200}|CN1CCCC1=O{solv}{x=0.198800}>,CCCCCCCl,CN1CCCC1=O,Protein-Null-0.0.3-Pair-NMR-1E4-Umbrella-1E3-4-AAQAA3-1E3-3-OPC3_opc3,3,0.8814851539679384,0.0001701522162861,0.8970000000000002,0.0003
6012,2547,dhmix_107460606439569535,237,EnthalpyOfMixing,<Substance C1COCCO1{solv}{x=0.572500}|O=C1CCCCCC1{solv}{x=0.427500}>,C1COCCO1,O=C1CCCCCC1,Protein-Null-0.0.3-Pair-NMR-1E4-Umbrella-1E3-4-AAQAA3-1E3-3-OPC3_opc3,3,0.2889458586464997,0.0434859909602233,0.1032,0.00125
6013,2548,dens_229535957420918177,238,Density,<Substance C1COCCO1{solv}{x=0.748900}|O=C1CCCCCC1{solv}{x=0.251100}>,C1COCCO1,O=C1CCCCCC1,Protein-Null-0.0.3-Pair-NMR-1E4-Umbrella-1E3-4-AAQAA3-1E3-3-OPC3_opc3,3,0.9920237459711466,0.0002451417637808,0.9994100000000002,0.00051
6014,2549,dhmix_1101001475632451077,239,EnthalpyOfMixing,<Substance C1COCCO1{solv}{x=0.225200}|O=C1CCCCCC1{solv}{x=0.774800}>,C1COCCO1,O=C1CCCCCC1,Protein-Null-0.0.3-Pair-NMR-1E4-Umbrella-1E3-4-AAQAA3-1E3-3-OPC3_opc3,3,0.2492360558267989,0.0486367526210804,0.0783,0.001
6015,2550,dens_1711999737319704820,240,Density,<Substance C1COCCO1{solv}{x=0.572300}|O=C1CCCCCC1{solv}{x=0.427700}>,C1COCCO1,O=C1CCCCCC1,Protein-Null-0.0.3-Pair-NMR-1E4-Umbrella-1E3-4-AAQAA3-1E3-3-OPC3_opc3,3,0.9608925443295966,0.0001766035263361,0.9737000000000002,0.00051
6016,2551,dens_1973863157285112004,241,Density,<Substance C1COCCO1{solv}{x=0.255500}|O=C1CCCCCC1{solv}{x=0.744500}>,C1COCCO1,O=C1CCCCCC1,Protein-Null-0.0.3-Pair-NMR-1E4-Umbrella-1E3-4-AAQAA3-1E3-3-OPC3_opc3,3,0.939896839580515,0.0001451675576066,0.9616800000000002,0.000515
6017,2552,dhmix_2239035738396328121,242,EnthalpyOfMixing,<Substance C1COCCO1{solv}{x=0.771600}|O=C1CCCCCC1{solv}{x=0.228400}>,C1COCCO1,O=C1CCCCCC1,Protein-Null-0.0.3-Pair-NMR-1E4-Umbrella-1E3-4-AAQAA3-1E3-3-OPC3_opc3,3,0.1355237648265586,0.044263181440901,0.0694,0.0009
6018,2553,dhmix_110368175234083214,243,EnthalpyOfMixing,<Substance CC#N{solv}{x=0.201600}|CCOC(C)(C)CC{solv}{x=0.798400}>,CC#N,CCOC(C)(C)CC,Protein-Null-0.0.3-Pair-NMR-1E4-Umbrella-1E3-4-AAQAA3-1E3-3-OPC3_opc3,3,0.3230109424359639,0.0509849846944203,0.6411,0.0087
6019,2554,dhmix_565046024644834395,244,EnthalpyOfMixing,<Substance CC#N{solv}{x=0.700400}|CCOC(C)(C)CC{solv}{x=0.299600}>,CC#N,CCOC(C)(C)CC,Protein-Null-0.0.3-Pair-NMR-1E4-Umbrella-1E3-4-AAQAA3-1E3-3-OPC3_opc3,3,0.4499817935804891,0.0307991762736794,0.8397,0.0113
6020,2555,dens_865362803305469370,245,Density,<Substance CC#N{solv}{x=0.502400}|CCOC(C)(C)CC{solv}{x=0.497600}>,CC#N,CCOC(C)(C)CC,Protein-Null-0.0.3-Pair-NMR-1E4-Umbrella-1E3-4-AAQAA3-1E3-3-OPC3_opc3,3,0.7692883495512806,0.0002318659956296,0.7675000000000002,0.00035
6021,2556,dhmix_1131176031733024874,246,EnthalpyOfMixing,<Substance CC#N{solv}{x=0.502400}|CCOC(C)(C)CC{solv}{x=0.497600}>,CC#N,CCOC(C)(C)CC,Protein-Null-0.0.3-Pair-NMR-1E4-Umbrella-1E3-4-AAQAA3-1E3-3-OPC3_opc3,3,0.4052972895038067,0.0391141374081669,0.9514,0.01285
6022,2557,dens_1305751749890499162,247,Density,<Substance CC#N{solv}{x=0.201600}|CCOC(C)(C)CC{solv}{x=0.798400}>,CC#N,CCOC(C)(C)CC,Protein-Null-0.0.3-Pair-NMR-1E4-Umbrella-1E3-4-AAQAA3-1E3-3-OPC3_opc3,3,0.7643149729871161,0.0001938931585602,0.7635000000000002,0.00025
6023,2558,dens_1928701304100922381,248,Density,<Substance CC#N{solv}{x=0.700400}|CCOC(C)(C)CC{solv}{x=0.299600}>,CC#N,CCOC(C)(C)CC,Protein-Null-0.0.3-Pair-NMR-1E4-Umbrella-1E3-4-AAQAA3-1E3-3-OPC3_opc3,3,0.7719010117037403,0.0002339371350143,0.7707000000000003,0.0005
6024,2559,dhmix_112729391186229967,249,EnthalpyOfMixing,<Substance CCC(C)=O{solv}{x=0.509000}|CNc1ccccc1{solv}{x=0.491000}>,CCC(C)=O,CNc1ccccc1,Protein-Null-0.0.3-Pair-NMR-1E4-Umbrella-1E3-4-AAQAA3-1E3-3-OPC3_opc3,3,-0.579970407146682,0.0504002448968921,-0.816,0.009
6025,2560,dens_414028029115294252,250,Density,<Substance CCC(C)=O{solv}{x=0.746300}|CNc1ccccc1{solv}{x=0.253700}>,CCC(C)=O,CNc1ccccc1,Protein-Null-0.0.3-Pair-NMR-1E4-Umbrella-1E3-4-AAQAA3-1E3-3-OPC3_opc3,3,0.8405428232773771,0.0002439006498751,0.8582020000000002,0.000102
6026,2561,dens_559789475978651659,251,Density,<Substance CCC(C)=O{solv}{x=0.495000}|CNc1ccccc1{solv}{x=0.505000}>,CCC(C)=O,CNc1ccccc1,Protein-Null-0.0.3-Pair-NMR-1E4-Umbrella-1E3-4-AAQAA3-1E3-3-OPC3_opc3,3,0.8980509594313297,0.000239172042946,0.9066940000000002,0.000164
6027,2562,dhmix_1637459312398636454,252,EnthalpyOfMixing,<Substance CCC(C)=O{solv}{x=0.228300}|CNc1ccccc1{solv}{x=0.771700}>,CCC(C)=O,CNc1ccccc1,Protein-Null-0.0.3-Pair-NMR-1E4-Umbrella-1E3-4-AAQAA3-1E3-3-OPC3_opc3,3,-0.4000943353289443,0.0456363593360214,-0.54,0.006
6028,2563,dhmix_1933605864237207151,253,EnthalpyOfMixing,<Substance CCC(C)=O{solv}{x=0.705500}|CNc1ccccc1{solv}{x=0.294500}>,CCC(C)=O,CNc1ccccc1,Protein-Null-0.0.3-Pair-NMR-1E4-Umbrella-1E3-4-AAQAA3-1E3-3-OPC3_opc3,3,-0.4810091303215946,0.0431382669502001,-0.672,0.0075
6029,2564,dens_2039660657679820411,254,Density,<Substance CCC(C)=O{solv}{x=0.258900}|CNc1ccccc1{solv}{x=0.741100}>,CCC(C)=O,CNc1ccccc1,Protein-Null-0.0.3-Pair-NMR-1E4-Umbrella-1E3-4-AAQAA3-1E3-3-OPC3_opc3,3,0.9462665487243196,0.0001735378695292,0.9456330000000004,0.000259
6030,2565,dhmix_112832411362526364,255,EnthalpyOfMixing,<Substance C=CCCCC{solv}{x=0.250000}|CCCCO{solv}{x=0.750000}>,C=CCCCC,CCCCO,Protein-Null-0.0.3-Pair-NMR-1E4-Umbrella-1E3-4-AAQAA3-1E3-3-OPC3_opc3,3,0.3452906691194357,0.0441250750175082,0.2829,0.00333
6031,2566,dhmix_385937725855980509,256,EnthalpyOfMixing,<Substance C=CCCCC{solv}{x=0.749900}|CCCCO{solv}{x=0.250100}>,C=CCCCC,CCCCO,Protein-Null-0.0.3-Pair-NMR-1E4-Umbrella-1E3-4-AAQAA3-1E3-3-OPC3_opc3,3,0.6880413064920674,0.0369451964791346,0.63978,0.00696
6032,2567,dens_417191245012747241,257,Density,<Substance C=CCCCC{solv}{x=0.501800}|CCCCO{solv}{x=0.498200}>,C=CCCCC,CCCCO,Protein-Null-0.0.3-Pair-NMR-1E4-Umbrella-1E3-4-AAQAA3-1E3-3-OPC3_opc3,3,0.7129122794791394,0.0002498392567183,0.7340000000000002,0.00035
6033,2568,dens_1053849773924337242,258,Density,<Substance C=CCCCC{solv}{x=0.100100}|CCCCO{solv}{x=0.899900}>,C=CCCCC,CCCCO,Protein-Null-0.0.3-Pair-NMR-1E4-Umbrella-1E3-4-AAQAA3-1E3-3-OPC3_opc3,3,0.7815264717759512,0.0002546466819334,0.7924000000000002,0.00035
6034,2569,dhmix_1436053809694490847,259,EnthalpyOfMixing,<Substance C=CCCCC{solv}{x=0.500300}|CCCCO{solv}{x=0.499700}>,C=CCCCC,CCCCO,Protein-Null-0.0.3-Pair-NMR-1E4-Umbrella-1E3-4-AAQAA3-1E3-3-OPC3_opc3,3,0.6281750069171608,0.0419394219805096,0.56098,0.00616
6035,2570,dens_1967827958045932694,260,Density,<Substance C=CCCCC{solv}{x=0.900000}|CCCCO{solv}{x=0.100000}>,C=CCCCC,CCCCO,Protein-Null-0.0.3-Pair-NMR-1E4-Umbrella-1E3-4-AAQAA3-1E3-3-OPC3_opc3,3,0.6578144162571301,0.0002317845635264,0.6818000000000001,0.00035
6036,2571,dhmix_113202719214912577,261,EnthalpyOfMixing,<Substance CCN(CC)CCO{solv}{x=0.700300}|O{solv}{x=0.299700}>,CCN(CC)CCO,O,Protein-Null-0.0.3-Pair-NMR-1E4-Umbrella-1E3-4-AAQAA3-1E3-3-OPC3_opc3,3,-2.114513665839723,0.0510700111925709,-1.75,0.019
6037,2572,dhmix_450200897960931857,262,EnthalpyOfMixing,<Substance CCN(CC)CCO{solv}{x=0.500200}|O{solv}{x=0.499800}>,CCN(CC)CCO,O,Protein-Null-0.0.3-Pair-NMR-1E4-Umbrella-1E3-4-AAQAA3-1E3-3-OPC3_opc3,3,-2.245804200545784,0.0384390139330016,-2.504,0.027
6038,2573,dens_727880187774296815,263,Density,<Substance CCN(CC)CCO{solv}{x=0.799700}|O{solv}{x=0.200300}>,CCN(CC)CCO,O,Protein-Null-0.0.3-Pair-NMR-1E4-Umbrella-1E3-4-AAQAA3-1E3-3-OPC3_opc3,3,0.8767220106767118,0.0002034362177392,0.8996000000000003,0.005
6039,2574,dens_943193748522476096,264,Density,<Substance CCN(CC)CCO{solv}{x=0.499700}|O{solv}{x=0.500300}>,CCN(CC)CCO,O,Protein-Null-0.0.3-Pair-NMR-1E4-Umbrella-1E3-4-AAQAA3-1E3-3-OPC3_opc3,3,0.900988777955248,0.0002598836331847,0.9222000000000002,0.005
6040,2575,dhmix_1628408668678458098,265,EnthalpyOfMixing,<Substance CCN(CC)CCO{solv}{x=0.200800}|O{solv}{x=0.799200}>,CCN(CC)CCO,O,Protein-Null-0.0.3-Pair-NMR-1E4-Umbrella-1E3-4-AAQAA3-1E3-3-OPC3_opc3,3,-1.497186574066177,0.0336370771108324,-2.185,0.0235
6041,2576,dens_1679974305630699360,266,Density,<Substance CCN(CC)CCO{solv}{x=0.193290}|O{solv}{x=0.806710}>,CCN(CC)CCO,O,Protein-Null-0.0.3-Pair-NMR-1E4-Umbrella-1E3-4-AAQAA3-1E3-3-OPC3_opc3,3,0.9302020759839132,0.0003558937913469,0.9615690000000002,0.000144
6042,2577,dens_114257363738318755,267,Density,<Substance C1CCCCC1{solv}{x=0.754300}|CCCCCC{solv}{x=0.245700}>,C1CCCCC1,CCCCCC,Protein-Null-0.0.3-Pair-NMR-1E4-Umbrella-1E3-4-AAQAA3-1E3-3-OPC3_opc3,3,0.71858185101263,0.0001740504304309,0.7392000000000002,0.00065
6043,2578,dens_528453314861364780,268,Density,<Substance C1CCCCC1{solv}{x=0.234300}|CCCCCC{solv}{x=0.765700}>,C1CCCCC1,CCCCCC,Protein-Null-0.0.3-Pair-NMR-1E4-Umbrella-1E3-4-AAQAA3-1E3-3-OPC3_opc3,3,0.6610561763649384,0.0002485573848154,0.6838300000000002,0.001655
6044,2579,dens_547437695672624422,269,Density,<Substance C1CCCCC1{solv}{x=0.479300}|CCCCCC{solv}{x=0.520700}>,C1CCCCC1,CCCCCC,Protein-Null-0.0.3-Pair-NMR-1E4-Umbrella-1E3-4-AAQAA3-1E3-3-OPC3_opc3,3,0.6862363965744958,0.0001995744487877,0.7105500000000001,0.001555
6045,2580,dhmix_728030976573858762,270,EnthalpyOfMixing,<Substance C1CCCCC1{solv}{x=0.483200}|CCCCCC{solv}{x=0.516800}>,C1CCCCC1,CCCCCC,Protein-Null-0.0.3-Pair-NMR-1E4-Umbrella-1E3-4-AAQAA3-1E3-3-OPC3_opc3,3,0.2614212926004882,0.0468849381542714,0.2144,0.00155
6046,2581,dhmix_1406519609852245638,271,EnthalpyOfMixing,<Substance C1CCCCC1{solv}{x=0.219000}|CCCCCC{solv}{x=0.781000}>,C1CCCCC1,CCCCCC,Protein-Null-0.0.3-Pair-NMR-1E4-Umbrella-1E3-4-AAQAA3-1E3-3-OPC3_opc3,3,0.170298148867559,0.0328119198455376,0.1264,0.00105
6047,2582,dhmix_1819992223413741006,272,EnthalpyOfMixing,<Substance C1CCCCC1{solv}{x=0.725500}|CCCCCC{solv}{x=0.274500}>,C1CCCCC1,CCCCCC,Protein-Null-0.0.3-Pair-NMR-1E4-Umbrella-1E3-4-AAQAA3-1E3-3-OPC3_opc3,3,0.3036949399437105,0.0463906785697484,0.199,0.00145
6048,2583,dhmix_114464856611254095,273,EnthalpyOfMixing,<Substance COc1ccccc1{solv}{x=0.739800}|OCc1ccccc1{solv}{x=0.260200}>,COc1ccccc1,OCc1ccccc1,Protein-Null-0.0.3-Pair-NMR-1E4-Umbrella-1E3-4-AAQAA3-1E3-3-OPC3_opc3,3,0.8813167007935832,0.0513942690398342,1.0539,0.0113
6049,2584,dens_844721400884986444,274,Density,<Substance COc1ccccc1{solv}{x=0.288300}|OCc1ccccc1{solv}{x=0.711700}>,COc1ccccc1,OCc1ccccc1,Protein-Null-0.0.3-Pair-NMR-1E4-Umbrella-1E3-4-AAQAA3-1E3-3-OPC3_opc3,3,1.008759770230266,0.0002097330609475,1.0180000000000002,0.000135
6050,2585,dens_1208569209782779179,275,Density,<Substance COc1ccccc1{solv}{x=0.491100}|OCc1ccccc1{solv}{x=0.508900}>,COc1ccccc1,OCc1ccccc1,Protein-Null-0.0.3-Pair-NMR-1E4-Umbrella-1E3-4-AAQAA3-1E3-3-OPC3_opc3,3,0.9955932036345888,0.0002383598382319,1.0069400000000004,0.000165
6051,2586,dhmix_1342325728364187329,276,EnthalpyOfMixing,<Substance COc1ccccc1{solv}{x=0.240100}|OCc1ccccc1{solv}{x=0.759900}>,COc1ccccc1,OCc1ccccc1,Protein-Null-0.0.3-Pair-NMR-1E4-Umbrella-1E3-4-AAQAA3-1E3-3-OPC3_opc3,3,0.527748980973584,0.0382209399991012,0.6199,0.0067
6052,2587,dhmix_1596550872819493971,277,EnthalpyOfMixing,<Substance COc1ccccc1{solv}{x=0.486600}|OCc1ccccc1{solv}{x=0.513400}>,COc1ccccc1,OCc1ccccc1,Protein-Null-0.0.3-Pair-NMR-1E4-Umbrella-1E3-4-AAQAA3-1E3-3-OPC3_opc3,3,0.8084500423538685,0.0479532400788986,0.9688,0.0104
6053,2588,dens_1833270112854727934,278,Density,<Substance COc1ccccc1{solv}{x=0.774500}|OCc1ccccc1{solv}{x=0.225500}>,COc1ccccc1,OCc1ccccc1,Protein-Null-0.0.3-Pair-NMR-1E4-Umbrella-1E3-4-AAQAA3-1E3-3-OPC3_opc3,3,0.9787451424927698,0.0002224463496147,0.9915900000000004,0.000215
6054,2589,dens_114725786693793907,279,Density,<Substance CC(=O)O{solv}{x=0.703100}|CCO{solv}{x=0.296900}>,CC(=O)O,CCO,Protein-Null-0.0.3-Pair-NMR-1E4-Umbrella-1E3-4-AAQAA3-1E3-3-OPC3_opc3,3,0.984670511459246,0.0003134306612874,0.97355,0.00021
6055,2590,dens_883421079927261907,280,Density,<Substance CC(=O)O{solv}{x=0.496100}|CCO{solv}{x=0.503900}>,CC(=O)O,CCO,Protein-Null-0.0.3-Pair-NMR-1E4-Umbrella-1E3-4-AAQAA3-1E3-3-OPC3_opc3,3,0.9253199971554584,0.0003482194077887,0.9199600000000002,0.0002
6056,2591,dens_1042567278853913615,281,Density,<Substance CC(=O)O{solv}{x=0.297100}|CCO{solv}{x=0.702900}>,CC(=O)O,CCO,Protein-Null-0.0.3-Pair-NMR-1E4-Umbrella-1E3-4-AAQAA3-1E3-3-OPC3_opc3,3,0.8696007224341752,0.0003104730215795,0.8668600000000002,0.000195
6057,2592,dhmix_129373600931207498,282,EnthalpyOfMixing,<Substance NCCNCCN{solv}{x=0.702000}|O{solv}{x=0.298000}>,NCCNCCN,O,Protein-Null-0.0.3-Pair-NMR-1E4-Umbrella-1E3-4-AAQAA3-1E3-3-OPC3_opc3,3,-2.5739801582843995,0.0404021423983075,-3.393,0.036
6058,2593,dhmix_313570094367316478,283,EnthalpyOfMixing,<Substance NCCNCCN{solv}{x=0.241600}|O{solv}{x=0.758400}>,NCCNCCN,O,Protein-Null-0.0.3-Pair-NMR-1E4-Umbrella-1E3-4-AAQAA3-1E3-3-OPC3_opc3,3,-4.41641504597043,0.0353480914954956,-6.523,0.0695
6059,2594,dens_548243159356184104,284,Density,<Substance NCCNCCN{solv}{x=0.244900}|O{solv}{x=0.755100}>,NCCNCCN,O,Protein-Null-0.0.3-Pair-NMR-1E4-Umbrella-1E3-4-AAQAA3-1E3-3-OPC3_opc3,3,1.0768199318673908,0.000510955955128,1.0275000000000003,0.0005
6060,2595,dens_913992897582667960,285,Density,<Substance NCCNCCN{solv}{x=0.497400}|O{solv}{x=0.502600}>,NCCNCCN,O,Protein-Null-0.0.3-Pair-NMR-1E4-Umbrella-1E3-4-AAQAA3-1E3-3-OPC3_opc3,3,1.0675108074729216,0.0002693824552842,0.9928000000000002,0.0005
6061,2596,dhmix_1565087976771168604,286,EnthalpyOfMixing,<Substance NCCNCCN{solv}{x=0.501000}|O{solv}{x=0.499000}>,NCCNCCN,O,Protein-Null-0.0.3-Pair-NMR-1E4-Umbrella-1E3-4-AAQAA3-1E3-3-OPC3_opc3,3,-4.315013885760678,0.032954981784673,-5.417,0.0575
6062,2597,dens_1812124220217686569,287,Density,<Substance NCCNCCN{solv}{x=0.698800}|O{solv}{x=0.301200}>,NCCNCCN,O,Protein-Null-0.0.3-Pair-NMR-1E4-Umbrella-1E3-4-AAQAA3-1E3-3-OPC3_opc3,3,1.062656089088342,0.000269076151014,0.9718000000000002,0.0005
6063,2598,dhmix_135176730945124637,288,EnthalpyOfMixing,<Substance CCCCNCCCC{solv}{x=0.751800}|CN(C)C=O{solv}{x=0.248200}>,CCCCNCCCC,CN(C)C=O,Protein-Null-0.0.3-Pair-NMR-1E4-Umbrella-1E3-4-AAQAA3-1E3-3-OPC3_opc3,3,0.1016646783650543,0.0543720743565359,0.782,0.025
6064,2599,dens_586298674852090193,289,Density,<Substance CCCCNCCCC{solv}{x=0.726600}|CN(C)C=O{solv}{x=0.273400}>,CCCCNCCCC,CN(C)C=O,Protein-Null-0.0.3-Pair-NMR-1E4-Umbrella-1E3-4-AAQAA3-1E3-3-OPC3_opc3,3,0.7786514065358964,0.0001978648525377,0.7828350000000002,0.0009465
6065,2600,dens_711718403070096827,290,Density,<Substance CCCCNCCCC{solv}{x=0.263900}|CN(C)C=O{solv}{x=0.736100}>,CCCCNCCCC,CN(C)C=O,Protein-Null-0.0.3-Pair-NMR-1E4-Umbrella-1E3-4-AAQAA3-1E3-3-OPC3_opc3,3,0.8471390673340977,0.0002026039690904,0.8609240000000001,0.001053
6066,2601,dhmix_1537913365058000269,291,EnthalpyOfMixing,<Substance CCCCNCCCC{solv}{x=0.249400}|CN(C)C=O{solv}{x=0.750600}>,CCCCNCCCC,CN(C)C=O,Protein-Null-0.0.3-Pair-NMR-1E4-Umbrella-1E3-4-AAQAA3-1E3-3-OPC3_opc3,3,0.468701610015664,0.0429788213670659,0.921,0.029
6067,2602,dhmix_1965420976556284821,292,EnthalpyOfMixing,<Substance CCCCNCCCC{solv}{x=0.501800}|CN(C)C=O{solv}{x=0.498200}>,CCCCNCCCC,CN(C)C=O,Protein-Null-0.0.3-Pair-NMR-1E4-Umbrella-1E3-4-AAQAA3-1E3-3-OPC3_opc3,3,0.4483401026352851,0.0480774209133279,1.113,0.0335
6068,2603,dens_2298192241038151497,293,Density,<Substance CCCCNCCCC{solv}{x=0.492800}|CN(C)C=O{solv}{x=0.507200}>,CCCCNCCCC,CN(C)C=O,Protein-Null-0.0.3-Pair-NMR-1E4-Umbrella-1E3-4-AAQAA3-1E3-3-OPC3_opc3,3,0.8077775829115902,0.0002278025014106,0.8153440000000003,0.0009895
6069,2604,dens_145031449158698048,294,Density,<Substance CN(C)C=O{solv}{x=0.498800}|ClCCCl{solv}{x=0.501200}>,CN(C)C=O,ClCCCl,Protein-Null-0.0.3-Pair-NMR-1E4-Umbrella-1E3-4-AAQAA3-1E3-3-OPC3_opc3,3,1.067356500889881,0.0003494096233427,1.0957000000000003,0.00305
6070,2605,dens_511894799968528211,295,Density,<Substance CN(C)C=O{solv}{x=0.197800}|ClCCCl{solv}{x=0.802200}>,CN(C)C=O,ClCCCl,Protein-Null-0.0.3-Pair-NMR-1E4-Umbrella-1E3-4-AAQAA3-1E3-3-OPC3_opc3,3,1.148730444736852,0.0004436701028682,1.1862000000000004,0.003
6071,2606,dhmix_693792312882226719,296,EnthalpyOfMixing,<Substance CN(C)C=O{solv}{x=0.498000}|ClCCCl{solv}{x=0.502000}>,CN(C)C=O,ClCCCl,Protein-Null-0.0.3-Pair-NMR-1E4-Umbrella-1E3-4-AAQAA3-1E3-3-OPC3_opc3,3,0.3946135356366476,0.0253283889241814,-0.663,0.0035
6072,2607,dhmix_1364024895663592301,297,EnthalpyOfMixing,<Substance CN(C)C=O{solv}{x=0.299000}|ClCCCl{solv}{x=0.701000}>,CN(C)C=O,ClCCCl,Protein-Null-0.0.3-Pair-NMR-1E4-Umbrella-1E3-4-AAQAA3-1E3-3-OPC3_opc3,3,0.3119032158678259,0.0331614855079885,-0.575,0.0035
6073,2608,dens_1874616475661316520,298,Density,<Substance CN(C)C=O{solv}{x=0.705400}|ClCCCl{solv}{x=0.294600}>,CN(C)C=O,ClCCCl,Protein-Null-0.0.3-Pair-NMR-1E4-Umbrella-1E3-4-AAQAA3-1E3-3-OPC3_opc3,3,1.0065307347766903,0.000301922323573,1.0336,0.003
6074,2609,dhmix_1965344541223753593,299,EnthalpyOfMixing,<Substance CN(C)C=O{solv}{x=0.702000}|ClCCCl{solv}{x=0.298000}>,CN(C)C=O,ClCCCl,Protein-Null-0.0.3-Pair-NMR-1E4-Umbrella-1E3-4-AAQAA3-1E3-3-OPC3_opc3,3,0.2275543415622287,0.0357927722221529,-0.531,0.003
6075,2610,dens_145117083439077204,300,Density,<Substance CN1CCCC1=O{solv}{x=0.700300}|ClCCCCCl{solv}{x=0.299700}>,CN1CCCC1=O,ClCCCCCl,Protein-Null-0.0.3-Pair-NMR-1E4-Umbrella-1E3-4-AAQAA3-1E3-3-OPC3_opc3,3,1.0395054870467997,0.0002457991853314,1.0627000000000002,0.0005
6076,2611,dens_872271192908107773,301,Density,<Substance CN1CCCC1=O{solv}{x=0.203400}|ClCCCCCl{solv}{x=0.796600}>,CN1CCCC1=O,ClCCCCCl,Protein-Null-0.0.3-Pair-NMR-1E4-Umbrella-1E3-4-AAQAA3-1E3-3-OPC3_opc3,3,1.0952359357050228,0.0002949877178515,1.1142000000000003,0.00125
6077,2612,dhmix_958757583081250655,302,EnthalpyOfMixing,<Substance CN1CCCC1=O{solv}{x=0.703000}|ClCCCCCl{solv}{x=0.297000}>,CN1CCCC1=O,ClCCCCCl,Protein-Null-0.0.3-Pair-NMR-1E4-Umbrella-1E3-4-AAQAA3-1E3-3-OPC3_opc3,3,0.1407742762421335,0.0459738660252474,-0.583,0.0035
6078,2613,dens_1187888029800539390,303,Density,<Substance CN1CCCC1=O{solv}{x=0.502500}|ClCCCCCl{solv}{x=0.497500}>,CN1CCCC1=O,ClCCCCCl,Protein-Null-0.0.3-Pair-NMR-1E4-Umbrella-1E3-4-AAQAA3-1E3-3-OPC3_opc3,3,1.0636720874918864,0.0002874316980158,1.0840000000000003,0.00075
6079,2614,dhmix_1448185356234442909,304,EnthalpyOfMixing,<Substance CN1CCCC1=O{solv}{x=0.210000}|ClCCCCCl{solv}{x=0.790000}>,CN1CCCC1=O,ClCCCCCl,Protein-Null-0.0.3-Pair-NMR-1E4-Umbrella-1E3-4-AAQAA3-1E3-3-OPC3_opc3,3,0.0381824303799973,0.0427405755290006,-0.406,0.003
6080,2615,dhmix_1623586299486793214,305,EnthalpyOfMixing,<Substance CN1CCCC1=O{solv}{x=0.505000}|ClCCCCCl{solv}{x=0.495000}>,CN1CCCC1=O,ClCCCCCl,Protein-Null-0.0.3-Pair-NMR-1E4-Umbrella-1E3-4-AAQAA3-1E3-3-OPC3_opc3,3,0.0251059620023212,0.0379625651469004,-0.678,0.0035
6081,2616,dens_151421667269785380,306,Density,<Substance OCCOCCO{solv}{x=0.228500}|OCc1ccccc1{solv}{x=0.771500}>,OCCOCCO,OCc1ccccc1,Protein-Null-0.0.3-Pair-NMR-1E4-Umbrella-1E3-4-AAQAA3-1E3-3-OPC3_opc3,3,1.0453092652216696,0.0002645375193547,1.0497600000000002,0.000265
6082,2617,dens_207017358130726789,307,Density,<Substance OCCOCCO{solv}{x=0.531200}|OCc1ccccc1{solv}{x=0.468800}>,OCCOCCO,OCc1ccccc1,Protein-Null-0.0.3-Pair-NMR-1E4-Umbrella-1E3-4-AAQAA3-1E3-3-OPC3_opc3,3,1.0701569631180152,0.0003520512252553,1.07136,0.00027
6083,2618,dhmix_638869206909151198,308,EnthalpyOfMixing,<Substance OCCOCCO{solv}{x=0.765800}|OCc1ccccc1{solv}{x=0.234200}>,OCCOCCO,OCc1ccccc1,Protein-Null-0.0.3-Pair-NMR-1E4-Umbrella-1E3-4-AAQAA3-1E3-3-OPC3_opc3,3,-0.2292040281948573,0.0587709667551666,-0.3712,0.0073
6084,2619,dhmix_884415658126351430,309,EnthalpyOfMixing,<Substance OCCOCCO{solv}{x=0.266500}|OCc1ccccc1{solv}{x=0.733500}>,OCCOCCO,OCc1ccccc1,Protein-Null-0.0.3-Pair-NMR-1E4-Umbrella-1E3-4-AAQAA3-1E3-3-OPC3_opc3,3,-0.5221117356726808,0.0587761863764981,-0.4216,0.0081
6085,2620,dhmix_925385148369690502,310,EnthalpyOfMixing,<Substance OCCOCCO{solv}{x=0.521600}|OCc1ccccc1{solv}{x=0.478400}>,OCCOCCO,OCc1ccccc1,Protein-Null-0.0.3-Pair-NMR-1E4-Umbrella-1E3-4-AAQAA3-1E3-3-OPC3_opc3,3,-0.5633210786978111,0.0477967679354291,-0.4574,0.00865
6086,2621,dens_1617133138157859384,311,Density,<Substance OCCOCCO{solv}{x=0.727700}|OCc1ccccc1{solv}{x=0.272300}>,OCCOCCO,OCc1ccccc1,Protein-Null-0.0.3-Pair-NMR-1E4-Umbrella-1E3-4-AAQAA3-1E3-3-OPC3_opc3,3,1.0847916769361676,0.000410568103547,1.0857000000000003,0.000275
6087,2622,dens_155791527624482863,312,Density,<Substance CC(C)CO{solv}{x=0.279300}|CCCCBr{solv}{x=0.720700}>,CC(C)CO,CCCCBr,Protein-Null-0.0.3-Pair-NMR-1E4-Umbrella-1E3-4-AAQAA3-1E3-3-OPC3_opc3,3,1.0989269119154463,0.0004132250504372,1.1339800000000002,0.000305
6088,2623,dhmix_549211977118470640,313,EnthalpyOfMixing,<Substance CC(C)CO{solv}{x=0.293800}|CCCCBr{solv}{x=0.706200}>,CC(C)CO,CCCCBr,Protein-Null-0.0.3-Pair-NMR-1E4-Umbrella-1E3-4-AAQAA3-1E3-3-OPC3_opc3,3,1.293997550531003,0.0405582949980251,1.248,0.0135
6089,2624,dens_692500675577783691,314,Density,<Substance CC(C)CO{solv}{x=0.793700}|CCCCBr{solv}{x=0.206300}>,CC(C)CO,CCCCBr,Protein-Null-0.0.3-Pair-NMR-1E4-Umbrella-1E3-4-AAQAA3-1E3-3-OPC3_opc3,3,0.8893495933637047,0.0002715025502803,0.8962800000000002,0.00021
6090,2625,dens_841415441417626311,315,Density,<Substance CC(C)CO{solv}{x=0.498900}|CCCCBr{solv}{x=0.501100}>,CC(C)CO,CCCCBr,Protein-Null-0.0.3-Pair-NMR-1E4-Umbrella-1E3-4-AAQAA3-1E3-3-OPC3_opc3,3,1.0146807088760434,0.0003661971560623,1.0366800000000005,0.000225
6091,2626,dhmix_1400807466047438160,316,EnthalpyOfMixing,<Substance CC(C)CO{solv}{x=0.499000}|CCCCBr{solv}{x=0.501000}>,CC(C)CO,CCCCBr,Protein-Null-0.0.3-Pair-NMR-1E4-Umbrella-1E3-4-AAQAA3-1E3-3-OPC3_opc3,3,1.3512058703909702,0.0379637170904605,1.207,0.013
6092,2627,dhmix_1959880980464917582,317,EnthalpyOfMixing,<Substance CC(C)CO{solv}{x=0.702100}|CCCCBr{solv}{x=0.297900}>,CC(C)CO,CCCCBr,Protein-Null-0.0.3-Pair-NMR-1E4-Umbrella-1E3-4-AAQAA3-1E3-3-OPC3_opc3,3,0.8615668071821716,0.0394957134067399,0.891,0.0095
6093,2628,dhmix_155924436295918663,318,EnthalpyOfMixing,<Substance OCCCO{solv}{x=0.501300}|O{solv}{x=0.498700}>,O,OCCCO,Protein-Null-0.0.3-Pair-NMR-1E4-Umbrella-1E3-4-AAQAA3-1E3-3-OPC3_opc3,3,0.0364095607288632,0.0326099884984656,-0.992,0.0125
6094,2629,dens_867859901093068556,319,Density,<Substance OCCCO{solv}{x=0.743700}|O{solv}{x=0.256300}>,O,OCCCO,Protein-Null-0.0.3-Pair-NMR-1E4-Umbrella-1E3-4-AAQAA3-1E3-3-OPC3_opc3,3,1.0497969029611507,0.0005153781704514,1.0503800000000003,0.00023
6095,2630,dhmix_2191722776959064631,320,EnthalpyOfMixing,<Substance OCCCO{solv}{x=0.743000}|O{solv}{x=0.257000}>,O,OCCCO,Protein-Null-0.0.3-Pair-NMR-1E4-Umbrella-1E3-4-AAQAA3-1E3-3-OPC3_opc3,3,0.1214569659032207,0.0358277474922054,-0.633,0.008
6096,2631,dhmix_2210594516320705991,321,EnthalpyOfMixing,<Substance OCCCO{solv}{x=0.208700}|O{solv}{x=0.791300}>,O,OCCCO,Protein-Null-0.0.3-Pair-NMR-1E4-Umbrella-1E3-4-AAQAA3-1E3-3-OPC3_opc3,3,0.1604010137383298,0.0260395589899844,-0.924,0.012
6097,2632,dens_2211391404402371237,322,Density,<Substance OCCCO{solv}{x=0.244700}|O{solv}{x=0.755300}>,O,OCCCO,Protein-Null-0.0.3-Pair-NMR-1E4-Umbrella-1E3-4-AAQAA3-1E3-3-OPC3_opc3,3,1.0358009844819698,0.0003180136024074,1.0381600000000004,0.00019
6098,2633,dens_2211609476735134421,323,Density,<Substance OCCCO{solv}{x=0.500000}|O{solv}{x=0.500000}>,O,OCCCO,Protein-Null-0.0.3-Pair-NMR-1E4-Umbrella-1E3-4-AAQAA3-1E3-3-OPC3_opc3,3,1.0472566226440243,0.0004490696192898,1.0492100000000002,0.000215
6099,2634,dhmix_156929898609376763,324,EnthalpyOfMixing,<Substance CN(C)CCCO{solv}{x=0.800100}|O{solv}{x=0.199900}>,CN(C)CCCO,O,Protein-Null-0.0.3-Pair-NMR-1E4-Umbrella-1E3-4-AAQAA3-1E3-3-OPC3_opc3,3,-1.4430648590515105,0.0531680747518643,-1.26,0.0135
6100,2635,dhmix_786210276753247951,325,EnthalpyOfMixing,<Substance CN(C)CCCO{solv}{x=0.199800}|O{solv}{x=0.800200}>,CN(C)CCCO,O,Protein-Null-0.0.3-Pair-NMR-1E4-Umbrella-1E3-4-AAQAA3-1E3-3-OPC3_opc3,3,-1.4187843741382054,0.0286872795307677,-2.514,0.027
6101,2636,dens_971674883336993154,326,Density,<Substance CN(C)CCCO{solv}{x=0.289504}|O{solv}{x=0.710496}>,CN(C)CCCO,O,Protein-Null-0.0.3-Pair-NMR-1E4-Umbrella-1E3-4-AAQAA3-1E3-3-OPC3_opc3,3,0.9447892834474596,0.0003501020953964,0.9443,0.00285
6102,2637,dhmix_1330584538745399524,327,EnthalpyOfMixing,<Substance CN(C)CCCO{solv}{x=0.501900}|O{solv}{x=0.498100}>,CN(C)CCCO,O,Protein-Null-0.0.3-Pair-NMR-1E4-Umbrella-1E3-4-AAQAA3-1E3-3-OPC3_opc3,3,-2.068803461180427,0.0360631530468047,-2.706,0.029
6103,2638,dens_1781759734173902013,328,Density,<Substance CN(C)CCCO{solv}{x=0.501300}|O{solv}{x=0.498700}>,CN(C)CCCO,O,Protein-Null-0.0.3-Pair-NMR-1E4-Umbrella-1E3-4-AAQAA3-1E3-3-OPC3_opc3,3,0.9261454466183872,0.0002178163404767,0.9170700000000004,8.000000000000002e-05
6104,2639,dens_2299157616447228221,329,Density,<Substance CN(C)CCCO{solv}{x=0.800600}|O{solv}{x=0.199400}>,CN(C)CCCO,O,Protein-Null-0.0.3-Pair-NMR-1E4-Umbrella-1E3-4-AAQAA3-1E3-3-OPC3_opc3,3,0.9065156264316692,0.0002789533240834,0.8915100000000002,9.500000000000002e-05
6105,2640,dhmix_157983773008192768,330,EnthalpyOfMixing,<Substance BrCCCBr{solv}{x=0.743200}|CCCCOC(=O)CCC{solv}{x=0.256800}>,BrCCCBr,CCCCOC(=O)CCC,Protein-Null-0.0.3-Pair-NMR-1E4-Umbrella-1E3-4-AAQAA3-1E3-3-OPC3_opc3,3,-0.3345019862380738,0.0452675713536203,0.032,0.0005
6106,2641,dens_720277045338028885,331,Density,<Substance BrCCCBr{solv}{x=0.748700}|CCCCOC(=O)CCC{solv}{x=0.251300}>,BrCCCBr,CCCCOC(=O)CCC,Protein-Null-0.0.3-Pair-NMR-1E4-Umbrella-1E3-4-AAQAA3-1E3-3-OPC3_opc3,3,1.538248536807896,0.000450492947582,1.5786600000000004,0.00038
6107,2642,dens_933248802608751708,332,Density,<Substance BrCCCBr{solv}{x=0.529700}|CCCCOC(=O)CCC{solv}{x=0.470300}>,BrCCCBr,CCCCOC(=O)CCC,Protein-Null-0.0.3-Pair-NMR-1E4-Umbrella-1E3-4-AAQAA3-1E3-3-OPC3_opc3,3,1.2924790557762469,0.0003175549498721,1.3159400000000003,0.000255
6108,2643,dens_1048925802213854204,333,Density,<Substance BrCCCBr{solv}{x=0.259100}|CCCCOC(=O)CCC{solv}{x=0.740900}>,BrCCCBr,CCCCOC(=O)CCC,Protein-Null-0.0.3-Pair-NMR-1E4-Umbrella-1E3-4-AAQAA3-1E3-3-OPC3_opc3,3,1.0478001089905726,0.0002409600141438,1.0598600000000002,0.000145
6109,2644,dhmix_1090642624443832057,334,EnthalpyOfMixing,<Substance BrCCCBr{solv}{x=0.241200}|CCCCOC(=O)CCC{solv}{x=0.758800}>,BrCCCBr,CCCCOC(=O)CCC,Protein-Null-0.0.3-Pair-NMR-1E4-Umbrella-1E3-4-AAQAA3-1E3-3-OPC3_opc3,3,-0.3009632806279683,0.053685790683599,-0.094,0.001
6110,2645,dhmix_1649688325270115073,335,EnthalpyOfMixing,<Substance BrCCCBr{solv}{x=0.466700}|CCCCOC(=O)CCC{solv}{x=0.533300}>,BrCCCBr,CCCCOC(=O)CCC,Protein-Null-0.0.3-Pair-NMR-1E4-Umbrella-1E3-4-AAQAA3-1E3-3-OPC3_opc3,3,-0.5317353489362304,0.0450321908725856,-0.091,0.001
6111,2646,dhmix_158101159957898775,336,EnthalpyOfMixing,<Substance CCCCCl{solv}{x=0.490000}|CN1CCCC1=O{solv}{x=0.510000}>,CCCCCl,CN1CCCC1=O,Protein-Null-0.0.3-Pair-NMR-1E4-Umbrella-1E3-4-AAQAA3-1E3-3-OPC3_opc3,3,0.7439338851118364,0.0405614737851641,0.152,0.002
6112,2647,dhmix_586880142396707079,337,EnthalpyOfMixing,<Substance CCCCCl{solv}{x=0.294000}|CN1CCCC1=O{solv}{x=0.706000}>,CCCCCl,CN1CCCC1=O,Protein-Null-0.0.3-Pair-NMR-1E4-Umbrella-1E3-4-AAQAA3-1E3-3-OPC3_opc3,3,0.6397740202064668,0.0405945913030113,0.145,0.002
6113,2648,dens_897975104490051322,338,Density,<Substance CCCCCl{solv}{x=0.296100}|CN1CCCC1=O{solv}{x=0.703900}>,CCCCCl,CN1CCCC1=O,Protein-Null-0.0.3-Pair-NMR-1E4-Umbrella-1E3-4-AAQAA3-1E3-3-OPC3_opc3,3,0.962025898489444,0.0002353351940408,0.9862000000000004,0.0001
6114,2649,dens_1393365907116297965,339,Density,<Substance CCCCCl{solv}{x=0.702600}|CN1CCCC1=O{solv}{x=0.297400}>,CCCCCl,CN1CCCC1=O,Protein-Null-0.0.3-Pair-NMR-1E4-Umbrella-1E3-4-AAQAA3-1E3-3-OPC3_opc3,3,0.9037363511685836,0.000286755196981,0.9268000000000002,0.0001
6115,2650,dhmix_1769887717174104485,340,EnthalpyOfMixing,<Substance CCCCCl{solv}{x=0.787000}|CN1CCCC1=O{solv}{x=0.213000}>,CCCCCl,CN1CCCC1=O,Protein-Null-0.0.3-Pair-NMR-1E4-Umbrella-1E3-4-AAQAA3-1E3-3-OPC3_opc3,3,0.4128522598206672,0.0419124926435261,0.081,0.002
6116,2651,dens_2070183543451797213,341,Density,<Substance CCCCCl{solv}{x=0.494800}|CN1CCCC1=O{solv}{x=0.505200}>,CCCCCl,CN1CCCC1=O,Protein-Null-0.0.3-Pair-NMR-1E4-Umbrella-1E3-4-AAQAA3-1E3-3-OPC3_opc3,3,0.9338778041473984,0.0002591574192785,0.9575000000000002,0.0001
6117,2652,dens_164369774990422412,342,Density,<Substance CC(C)O{solv}{x=0.764900}|CCOC=O{solv}{x=0.235100}>,CC(C)O,CCOC=O,Protein-Null-0.0.3-Pair-NMR-1E4-Umbrella-1E3-4-AAQAA3-1E3-3-OPC3_opc3,3,0.8268615028363471,0.0002705159107203,0.8088000000000002,0.00035
6118,2653,dens_200561035496770448,343,Density,<Substance CC(C)O{solv}{x=0.265100}|CCOC=O{solv}{x=0.734900}>,CC(C)O,CCOC=O,Protein-Null-0.0.3-Pair-NMR-1E4-Umbrella-1E3-4-AAQAA3-1E3-3-OPC3_opc3,3,0.8981097726434802,0.000297415606022,0.8710000000000002,0.0003
6119,2654,dens_1124622586228643363,344,Density,<Substance CC(C)O{solv}{x=0.441300}|CCOC=O{solv}{x=0.558700}>,CC(C)O,CCOC=O,Protein-Null-0.0.3-Pair-NMR-1E4-Umbrella-1E3-4-AAQAA3-1E3-3-OPC3_opc3,3,0.8728766586198823,0.0002733205179249,0.8482000000000003,0.00035
6120,2655,dens_166030075147825025,345,Density,<Substance Clc1ccccc1{solv}{x=0.467900}|c1ccccc1{solv}{x=0.532100}>,Clc1ccccc1,c1ccccc1,Protein-Null-0.0.3-Pair-NMR-1E4-Umbrella-1E3-4-AAQAA3-1E3-3-OPC3_opc3,3,0.9804294802744272,0.0003147375319171,0.9877000000000002,0.00025
6121,2656,dens_796537469137871297,346,Density,<Substance Clc1ccccc1{solv}{x=0.735800}|c1ccccc1{solv}{x=0.264200}>,Clc1ccccc1,c1ccccc1,Protein-Null-0.0.3-Pair-NMR-1E4-Umbrella-1E3-4-AAQAA3-1E3-3-OPC3_opc3,3,1.043125133764623,0.0003134154105586,1.0465000000000002,0.0002
6122,2657,dhmix_1485547099225054006,347,EnthalpyOfMixing,<Substance Clc1ccccc1{solv}{x=0.777700}|c1ccccc1{solv}{x=0.222300}>,Clc1ccccc1,c1ccccc1,Protein-Null-0.0.3-Pair-NMR-1E4-Umbrella-1E3-4-AAQAA3-1E3-3-OPC3_opc3,3,0.0724660312603617,0.0372711919499619,-0.0036,0.0004
6123,2658,dhmix_1808283008183194060,348,EnthalpyOfMixing,<Substance Clc1ccccc1{solv}{x=0.225800}|c1ccccc1{solv}{x=0.774200}>,Clc1ccccc1,c1ccccc1,Protein-Null-0.0.3-Pair-NMR-1E4-Umbrella-1E3-4-AAQAA3-1E3-3-OPC3_opc3,3,-0.0387442044848924,0.0370817168087997,-0.0046,0.0004
6124,2659,dhmix_2008892820486470381,349,EnthalpyOfMixing,<Substance Clc1ccccc1{solv}{x=0.466600}|c1ccccc1{solv}{x=0.533400}>,Clc1ccccc1,c1ccccc1,Protein-Null-0.0.3-Pair-NMR-1E4-Umbrella-1E3-4-AAQAA3-1E3-3-OPC3_opc3,3,-0.0468287397606985,0.0384131442691329,-0.0057,0.0004
6125,2660,dens_2142546524113318099,350,Density,<Substance Clc1ccccc1{solv}{x=0.293100}|c1ccccc1{solv}{x=0.706900}>,Clc1ccccc1,c1ccccc1,Protein-Null-0.0.3-Pair-NMR-1E4-Umbrella-1E3-4-AAQAA3-1E3-3-OPC3_opc3,3,0.9372013079880384,0.0002864581395132,0.9468000000000002,0.00025
6126,2661,dhmix_166527628917371560,351,EnthalpyOfMixing,<Substance CCCCCC(C)=O{solv}{x=0.500700}|CCCNCCC{solv}{x=0.499300}>,CCCCCC(C)=O,CCCNCCC,Protein-Null-0.0.3-Pair-NMR-1E4-Umbrella-1E3-4-AAQAA3-1E3-3-OPC3_opc3,3,-0.1558078374948479,0.0426286549473131,0.162,0.002
6127,2662,dhmix_181797488552739205,352,EnthalpyOfMixing,<Substance CCCCCC(C)=O{solv}{x=0.213200}|CCCNCCC{solv}{x=0.786800}>,CCCCCC(C)=O,CCCNCCC,Protein-Null-0.0.3-Pair-NMR-1E4-Umbrella-1E3-4-AAQAA3-1E3-3-OPC3_opc3,3,0.0189874316957343,0.0492565667828862,0.137,0.0015
6128,2663,dens_286521458049436805,353,Density,<Substance CCCCCC(C)=O{solv}{x=0.542700}|CCCNCCC{solv}{x=0.457300}>,CCCCCC(C)=O,CCCNCCC,Protein-Null-0.0.3-Pair-NMR-1E4-Umbrella-1E3-4-AAQAA3-1E3-3-OPC3_opc3,3,0.7683505374055747,0.0002005073045488,0.7766620000000002,0.0001215
6129,2664,dens_740930494074770103,354,Density,<Substance CCCCCC(C)=O{solv}{x=0.252600}|CCCNCCC{solv}{x=0.747400}>,CCCCCC(C)=O,CCCNCCC,Protein-Null-0.0.3-Pair-NMR-1E4-Umbrella-1E3-4-AAQAA3-1E3-3-OPC3_opc3,3,0.7490556844175403,0.0002049065888058,0.7540050000000001,0.0001215
6130,2665,dhmix_1180133264815330249,355,EnthalpyOfMixing,<Substance CCCCCC(C)=O{solv}{x=0.788000}|CCCNCCC{solv}{x=0.212000}>,CCCCCC(C)=O,CCCNCCC,Protein-Null-0.0.3-Pair-NMR-1E4-Umbrella-1E3-4-AAQAA3-1E3-3-OPC3_opc3,3,-0.2040890199875278,0.0550112786632466,0.088,0.001
6131,2666,dens_1237727796782189302,356,Density,<Substance CCCCCC(C)=O{solv}{x=0.741800}|CCCNCCC{solv}{x=0.258200}>,CCCCCC(C)=O,CCCNCCC,Protein-Null-0.0.3-Pair-NMR-1E4-Umbrella-1E3-4-AAQAA3-1E3-3-OPC3_opc3,3,0.7807082584040889,0.0002100633781665,0.7918920000000003,0.00012
6132,2667,dens_168376639142843665,357,Density,<Substance BrCCBr{solv}{x=0.084500}|CCOC(=O)CC{solv}{x=0.915500}>,BrCCBr,CCOC(=O)CC,Protein-Null-0.0.3-Pair-NMR-1E4-Umbrella-1E3-4-AAQAA3-1E3-3-OPC3_opc3,3,0.9651240674681266,0.0002670196279707,0.9671200000000002,0.001185
6133,2668,dhmix_897092526028522426,358,EnthalpyOfMixing,<Substance BrCCBr{solv}{x=0.753700}|CCOC(=O)CC{solv}{x=0.246300}>,BrCCBr,CCOC(=O)CC,Protein-Null-0.0.3-Pair-NMR-1E4-Umbrella-1E3-4-AAQAA3-1E3-3-OPC3_opc3,3,-0.3613751402176142,0.0329542601738016,0.0052,0.0008
6134,2669,dhmix_1078383344298013541,359,EnthalpyOfMixing,<Substance BrCCBr{solv}{x=0.084100}|CCOC(=O)CC{solv}{x=0.915900}>,BrCCBr,CCOC(=O)CC,Protein-Null-0.0.3-Pair-NMR-1E4-Umbrella-1E3-4-AAQAA3-1E3-3-OPC3_opc3,3,-0.1149569139102304,0.044079392612652,-0.0683,0.0014
6135,2670,dhmix_1103515663691342839,360,EnthalpyOfMixing,<Substance BrCCBr{solv}{x=0.514000}|CCOC(=O)CC{solv}{x=0.486000}>,BrCCBr,CCOC(=O)CC,Protein-Null-0.0.3-Pair-NMR-1E4-Umbrella-1E3-4-AAQAA3-1E3-3-OPC3_opc3,3,-0.3631384886579454,0.0371022210176904,-0.1259,0.00205
6136,2671,dens_1193015082780501702,361,Density,<Substance BrCCBr{solv}{x=0.484400}|CCOC(=O)CC{solv}{x=0.515600}>,BrCCBr,CCOC(=O)CC,Protein-Null-0.0.3-Pair-NMR-1E4-Umbrella-1E3-4-AAQAA3-1E3-3-OPC3_opc3,3,1.3957364841629456,0.0003891546841308,1.4136000000000002,0.001165
6137,2672,dens_1660732943693703463,362,Density,<Substance BrCCBr{solv}{x=0.714800}|CCOC(=O)CC{solv}{x=0.285200}>,BrCCBr,CCOC(=O)CC,Protein-Null-0.0.3-Pair-NMR-1E4-Umbrella-1E3-4-AAQAA3-1E3-3-OPC3_opc3,3,1.684895741999217,0.0005547710039991,1.7205300000000003,0.000985
6138,2673,dens_172622055198885625,363,Density,<Substance CCCCOCCO{solv}{x=0.499500}|c1ccccc1{solv}{x=0.500500}>,CCCCOCCO,c1ccccc1,Protein-Null-0.0.3-Pair-NMR-1E4-Umbrella-1E3-4-AAQAA3-1E3-3-OPC3_opc3,3,0.8738252931011413,0.0002057251700244,0.8864700000000002,0.000795
6139,2674,dens_615182082919776992,364,Density,<Substance CCCCOCCO{solv}{x=0.753500}|c1ccccc1{solv}{x=0.246500}>,CCCCOCCO,c1ccccc1,Protein-Null-0.0.3-Pair-NMR-1E4-Umbrella-1E3-4-AAQAA3-1E3-3-OPC3_opc3,3,0.8796258139073725,0.0002181092311846,0.8924600000000003,0.00077
6140,2675,dens_1014762781474427089,365,Density,<Substance CCCCOCCO{solv}{x=0.248800}|c1ccccc1{solv}{x=0.751200}>,CCCCOCCO,c1ccccc1,Protein-Null-0.0.3-Pair-NMR-1E4-Umbrella-1E3-4-AAQAA3-1E3-3-OPC3_opc3,3,0.8672340196105972,0.0002836739765556,0.8790000000000002,0.00083
6141,2676,dhmix_1209838039340638454,366,EnthalpyOfMixing,<Substance CCCCOCCO{solv}{x=0.729700}|c1ccccc1{solv}{x=0.270300}>,CCCCOCCO,c1ccccc1,Protein-Null-0.0.3-Pair-NMR-1E4-Umbrella-1E3-4-AAQAA3-1E3-3-OPC3_opc3,3,0.3022549216340593,0.0431249460303278,0.3037,0.00335
6142,2677,dhmix_1416395432810708431,367,EnthalpyOfMixing,<Substance CCCCOCCO{solv}{x=0.266500}|c1ccccc1{solv}{x=0.733500}>,CCCCOCCO,c1ccccc1,Protein-Null-0.0.3-Pair-NMR-1E4-Umbrella-1E3-4-AAQAA3-1E3-3-OPC3_opc3,3,0.4683184151479764,0.0399724275000454,0.6895,0.00745
6143,2678,dhmix_1775479338186698605,368,EnthalpyOfMixing,<Substance CCCCOCCO{solv}{x=0.503000}|c1ccccc1{solv}{x=0.497000}>,CCCCOCCO,c1ccccc1,Protein-Null-0.0.3-Pair-NMR-1E4-Umbrella-1E3-4-AAQAA3-1E3-3-OPC3_opc3,3,0.4364540761352771,0.040016603895148,0.5563,0.00605
6144,2679,dens_173950346939686352,369,Density,<Substance CCOC(=O)CC(=O)OCC{solv}{x=0.797800}|CO{solv}{x=0.202200}>,CCOC(=O)CC(=O)OCC,CO,Protein-Null-0.0.3-Pair-NMR-1E4-Umbrella-1E3-4-AAQAA3-1E3-3-OPC3_opc3,3,1.0452649068590028,0.0001661267148255,1.0336070000000002,0.0001155
6145,2680,dhmix_796570713446660029,370,EnthalpyOfMixing,<Substance CCOC(=O)CC(=O)OCC{solv}{x=0.745300}|CO{solv}{x=0.254700}>,CCOC(=O)CC(=O)OCC,CO,Protein-Null-0.0.3-Pair-NMR-1E4-Umbrella-1E3-4-AAQAA3-1E3-3-OPC3_opc3,3,0.8381906011136664,0.0517304242141927,1.184,0.013
6146,2681,dhmix_1053189657313504079,371,EnthalpyOfMixing,<Substance CCOC(=O)CC(=O)OCC{solv}{x=0.499300}|CO{solv}{x=0.500700}>,CCOC(=O)CC(=O)OCC,CO,Protein-Null-0.0.3-Pair-NMR-1E4-Umbrella-1E3-4-AAQAA3-1E3-3-OPC3_opc3,3,1.1256189058269117,0.0350774473529399,1.426,0.0155
6147,2682,dens_1109796780897697143,372,Density,<Substance CCOC(=O)CC(=O)OCC{solv}{x=0.500400}|CO{solv}{x=0.499600}>,CCOC(=O)CC(=O)OCC,CO,Protein-Null-0.0.3-Pair-NMR-1E4-Umbrella-1E3-4-AAQAA3-1E3-3-OPC3_opc3,3,1.0021527988539645,0.0002343636599096,0.9962350000000002,9.150000000000002e-05
6148,2683,dens_1145191816882985532,373,Density,<Substance CCOC(=O)CC(=O)OCC{solv}{x=0.250100}|CO{solv}{x=0.749900}>,CCOC(=O)CC(=O)OCC,CO,Protein-Null-0.0.3-Pair-NMR-1E4-Umbrella-1E3-4-AAQAA3-1E3-3-OPC3_opc3,3,0.9328581699587593,0.0002083619942073,0.9355040000000002,0.0001385
6149,2684,dhmix_1394433819711651760,374,EnthalpyOfMixing,<Substance CCOC(=O)CC(=O)OCC{solv}{x=0.251500}|CO{solv}{x=0.748500}>,CCOC(=O)CC(=O)OCC,CO,Protein-Null-0.0.3-Pair-NMR-1E4-Umbrella-1E3-4-AAQAA3-1E3-3-OPC3_opc3,3,0.998292396136641,0.0360813292964292,1.083,0.0115
6150,2685,dhmix_176700813960387714,375,EnthalpyOfMixing,<Substance CC(=O)N(C)C{solv}{x=0.211000}|ClCCCCCl{solv}{x=0.789000}>,CC(=O)N(C)C,ClCCCCCl,Protein-Null-0.0.3-Pair-NMR-1E4-Umbrella-1E3-4-AAQAA3-1E3-3-OPC3_opc3,3,0.003883820921807,0.0419611471723408,-0.188,0.0025
6151,2686,dhmix_422276068008732896,376,EnthalpyOfMixing,<Substance CC(=O)N(C)C{solv}{x=0.506000}|ClCCCCCl{solv}{x=0.494000}>,CC(=O)N(C)C,ClCCCCCl,Protein-Null-0.0.3-Pair-NMR-1E4-Umbrella-1E3-4-AAQAA3-1E3-3-OPC3_opc3,3,0.089100712996867,0.0363985984356328,-0.314,0.0025
6152,2687,dhmix_591740475541975327,377,EnthalpyOfMixing,<Substance CC(=O)N(C)C{solv}{x=0.705000}|ClCCCCCl{solv}{x=0.295000}>,CC(=O)N(C)C,ClCCCCCl,Protein-Null-0.0.3-Pair-NMR-1E4-Umbrella-1E3-4-AAQAA3-1E3-3-OPC3_opc3,3,0.1332964294733027,0.0385001325969915,-0.281,0.0025
6153,2688,dens_600718364672681210,378,Density,<Substance CC(=O)N(C)C{solv}{x=0.200100}|ClCCCCCl{solv}{x=0.799900}>,CC(=O)N(C)C,ClCCCCCl,Protein-Null-0.0.3-Pair-NMR-1E4-Umbrella-1E3-4-AAQAA3-1E3-3-OPC3_opc3,3,1.0753385315585162,0.0002885981977039,1.0978,0.0023
6154,2689,dens_833309518494254389,379,Density,<Substance CC(=O)N(C)C{solv}{x=0.698700}|ClCCCCCl{solv}{x=0.301300}>,CC(=O)N(C)C,ClCCCCCl,Protein-Null-0.0.3-Pair-NMR-1E4-Umbrella-1E3-4-AAQAA3-1E3-3-OPC3_opc3,3,0.9699143503108716,0.000256984574326,1.0011000000000003,0.0023
6155,2690,dens_1473570029953486090,380,Density,<Substance CC(=O)N(C)C{solv}{x=0.500900}|ClCCCCCl{solv}{x=0.499100}>,CC(=O)N(C)C,ClCCCCCl,Protein-Null-0.0.3-Pair-NMR-1E4-Umbrella-1E3-4-AAQAA3-1E3-3-OPC3_opc3,3,1.013980274394453,0.0002674144970824,1.0407000000000004,0.00225
6156,2691,dens_176740025668330569,381,Density,<Substance C1CCCCC1{solv}{x=0.499400}|C1COCCO1{solv}{x=0.500600}>,C1CCCCC1,C1COCCO1,Protein-Null-0.0.3-Pair-NMR-1E4-Umbrella-1E3-4-AAQAA3-1E3-3-OPC3_opc3,3,0.8677841849911562,0.0002486449071325,0.8769800000000002,8.500000000000002e-05
6157,2692,dens_476825312331327209,382,Density,<Substance C1CCCCC1{solv}{x=0.297200}|C1COCCO1{solv}{x=0.702800}>,C1CCCCC1,C1COCCO1,Protein-Null-0.0.3-Pair-NMR-1E4-Umbrella-1E3-4-AAQAA3-1E3-3-OPC3_opc3,3,0.9270706104452908,0.0002069743852928,0.9312200000000004,7.000000000000002e-05
6158,2693,dens_985438980823024302,383,Density,<Substance C1CCCCC1{solv}{x=0.699700}|C1COCCO1{solv}{x=0.300300}>,C1CCCCC1,C1COCCO1,Protein-Null-0.0.3-Pair-NMR-1E4-Umbrella-1E3-4-AAQAA3-1E3-3-OPC3_opc3,3,0.8154926417840914,0.0001506579505606,0.8305800000000002,0.0001
6159,2694,dhmix_1624213860575299641,384,EnthalpyOfMixing,<Substance C1CCCCC1{solv}{x=0.492800}|C1COCCO1{solv}{x=0.507200}>,C1CCCCC1,C1COCCO1,Protein-Null-0.0.3-Pair-NMR-1E4-Umbrella-1E3-4-AAQAA3-1E3-3-OPC3_opc3,3,1.9687787186137624,0.0408009453700684,1.588,0.008
6160,2695,dhmix_1900199136965747019,385,EnthalpyOfMixing,<Substance C1CCCCC1{solv}{x=0.239400}|C1COCCO1{solv}{x=0.760600}>,C1CCCCC1,C1COCCO1,Protein-Null-0.0.3-Pair-NMR-1E4-Umbrella-1E3-4-AAQAA3-1E3-3-OPC3_opc3,3,1.4246376557908889,0.0421425825744922,1.124,0.007
6161,2696,dhmix_2022274493214392184,386,EnthalpyOfMixing,<Substance C1CCCCC1{solv}{x=0.744200}|C1COCCO1{solv}{x=0.255800}>,C1CCCCC1,C1COCCO1,Protein-Null-0.0.3-Pair-NMR-1E4-Umbrella-1E3-4-AAQAA3-1E3-3-OPC3_opc3,3,1.6033187329927614,0.0441894105684003,1.262,0.007
6162,2697,dhmix_182795551078530810,387,EnthalpyOfMixing,<Substance C1COCCO1{solv}{x=0.491200}|Cc1ccccc1Cl{solv}{x=0.508800}>,C1COCCO1,Cc1ccccc1Cl,Protein-Null-0.0.3-Pair-NMR-1E4-Umbrella-1E3-4-AAQAA3-1E3-3-OPC3_opc3,3,0.310697293821093,0.0417523199431081,0.356,0.002
6163,2698,dens_242592003865933955,388,Density,<Substance C1COCCO1{solv}{x=0.835700}|Cc1ccccc1Cl{solv}{x=0.164300}>,C1COCCO1,Cc1ccccc1Cl,Protein-Null-0.0.3-Pair-NMR-1E4-Umbrella-1E3-4-AAQAA3-1E3-3-OPC3_opc3,3,1.0271918262697337,0.0002599130236591,1.0256,0.0005
6164,2699,dens_810150133181620718,389,Density,<Substance C1COCCO1{solv}{x=0.513600}|Cc1ccccc1Cl{solv}{x=0.486400}>,C1COCCO1,Cc1ccccc1Cl,Protein-Null-0.0.3-Pair-NMR-1E4-Umbrella-1E3-4-AAQAA3-1E3-3-OPC3_opc3,3,1.052450912100981,0.0002401109371966,1.0536,0.0005
6165,2700,dhmix_1949119093643648586,390,EnthalpyOfMixing,<Substance C1COCCO1{solv}{x=0.246200}|Cc1ccccc1Cl{solv}{x=0.753800}>,C1COCCO1,Cc1ccccc1Cl,Protein-Null-0.0.3-Pair-NMR-1E4-Umbrella-1E3-4-AAQAA3-1E3-3-OPC3_opc3,3,0.1929660998511195,0.0390390027776823,0.206,0.001
6166,2701,dens_2161584607380261748,391,Density,<Substance C1COCCO1{solv}{x=0.226300}|Cc1ccccc1Cl{solv}{x=0.773700}>,C1COCCO1,Cc1ccccc1Cl,Protein-Null-0.0.3-Pair-NMR-1E4-Umbrella-1E3-4-AAQAA3-1E3-3-OPC3_opc3,3,1.063719502969738,0.0001778975765245,1.0674000000000003,0.0005
6167,2702,dhmix_2190589845176325501,392,EnthalpyOfMixing,<Substance C1COCCO1{solv}{x=0.835700}|Cc1ccccc1Cl{solv}{x=0.164300}>,C1COCCO1,Cc1ccccc1Cl,Protein-Null-0.0.3-Pair-NMR-1E4-Umbrella-1E3-4-AAQAA3-1E3-3-OPC3_opc3,3,0.1956062716350004,0.0410156008768143,0.244,0.0015
6168,2703,dens_194492664772262961,393,Density,<Substance CCCOC=O{solv}{x=0.479500}|ClCCCl{solv}{x=0.520500}>,CCCOC=O,ClCCCl,Protein-Null-0.0.3-Pair-NMR-1E4-Umbrella-1E3-4-AAQAA3-1E3-3-OPC3_opc3,3,1.0530849078382898,0.0003578434814416,1.0603100000000003,0.00196
6169,2704,dhmix_438833720470542962,394,EnthalpyOfMixing,<Substance CCCOC=O{solv}{x=0.738500}|ClCCCl{solv}{x=0.261500}>,CCCOC=O,ClCCCl,Protein-Null-0.0.3-Pair-NMR-1E4-Umbrella-1E3-4-AAQAA3-1E3-3-OPC3_opc3,3,0.1245080505343665,0.0316689859997852,-0.205,0.0025
6170,2705,dens_598528978367940263,395,Density,<Substance CCCOC=O{solv}{x=0.254300}|ClCCCl{solv}{x=0.745700}>,CCCOC=O,ClCCCl,Protein-Null-0.0.3-Pair-NMR-1E4-Umbrella-1E3-4-AAQAA3-1E3-3-OPC3_opc3,3,1.1180884474633712,0.0004209624974009,1.1418800000000005,0.002835
6171,2706,dens_822197650497048256,396,Density,<Substance CCCOC=O{solv}{x=0.728100}|ClCCCl{solv}{x=0.271900}>,CCCOC=O,ClCCCl,Protein-Null-0.0.3-Pair-NMR-1E4-Umbrella-1E3-4-AAQAA3-1E3-3-OPC3_opc3,3,0.9839297459721535,0.0002980556621923,0.9794600000000002,0.001275
6172,2707,dhmix_1971772628311560569,397,EnthalpyOfMixing,<Substance CCCOC=O{solv}{x=0.503500}|ClCCCl{solv}{x=0.496500}>,CCCOC=O,ClCCCl,Protein-Null-0.0.3-Pair-NMR-1E4-Umbrella-1E3-4-AAQAA3-1E3-3-OPC3_opc3,3,0.1478636007314619,0.0334362119747787,-0.254,0.003
6173,2708,dhmix_2087301877194561078,398,EnthalpyOfMixing,<Substance CCCOC=O{solv}{x=0.273300}|ClCCCl{solv}{x=0.726700}>,CCCOC=O,ClCCCl,Protein-Null-0.0.3-Pair-NMR-1E4-Umbrella-1E3-4-AAQAA3-1E3-3-OPC3_opc3,3,0.1801662057182653,0.0355856442979553,-0.154,0.002
6174,2709,dens_196547737404430199,399,Density,<Substance CCC(C)(C)O{solv}{x=0.258400}|CCO{solv}{x=0.741600}>,CCC(C)(C)O,CCO,Protein-Null-0.0.3-Pair-NMR-1E4-Umbrella-1E3-4-AAQAA3-1E3-3-OPC3_opc3,3,0.7988916414808331,0.0003291520242536,0.7933000000000001,0.0005
6175,2710,dens_476512869308734578,400,Density,<Substance CCC(C)(C)O{solv}{x=0.549500}|CCO{solv}{x=0.450500}>,CCC(C)(C)O,CCO,Protein-Null-0.0.3-Pair-NMR-1E4-Umbrella-1E3-4-AAQAA3-1E3-3-OPC3_opc3,3,0.8108934019717,0.0002882614559232,0.8018000000000002,0.0005
6176,2711,dens_822446541953482206,401,Density,<Substance CCC(C)(C)O{solv}{x=0.676500}|CCO{solv}{x=0.323500}>,CCC(C)(C)O,CCO,Protein-Null-0.0.3-Pair-NMR-1E4-Umbrella-1E3-4-AAQAA3-1E3-3-OPC3_opc3,3,0.8131887361683361,0.0003138428801004,0.8048000000000002,0.0005
6177,2712,dhmix_935690434592096067,402,EnthalpyOfMixing,<Substance CCC(C)(C)O{solv}{x=0.460700}|CCO{solv}{x=0.539300}>,CCC(C)(C)O,CCO,Protein-Null-0.0.3-Pair-NMR-1E4-Umbrella-1E3-4-AAQAA3-1E3-3-OPC3_opc3,3,-1.1272247324108493,0.060270247948534,-0.95,0.00405
6178,2713,dhmix_1167190373485301023,403,EnthalpyOfMixing,<Substance CCC(C)(C)O{solv}{x=0.730600}|CCO{solv}{x=0.269400}>,CCC(C)(C)O,CCO,Protein-Null-0.0.3-Pair-NMR-1E4-Umbrella-1E3-4-AAQAA3-1E3-3-OPC3_opc3,3,-0.9739141694819544,0.0418552763931013,-0.7709,0.00335
6179,2714,dhmix_1275914601266938667,404,EnthalpyOfMixing,<Substance CCC(C)(C)O{solv}{x=0.280700}|CCO{solv}{x=0.719300}>,CCC(C)(C)O,CCO,Protein-Null-0.0.3-Pair-NMR-1E4-Umbrella-1E3-4-AAQAA3-1E3-3-OPC3_opc3,3,-0.5339442968232335,0.0359012685351942,-0.7056,0.0031
6180,2715,dens_196896428021674416,405,Density,<Substance OCCCCO{solv}{x=0.250400}|O{solv}{x=0.749600}>,O,OCCCCO,Protein-Null-0.0.3-Pair-NMR-1E4-Umbrella-1E3-4-AAQAA3-1E3-3-OPC3_opc3,3,1.0161531829963255,0.0003726182468813,1.0206500000000005,0.000165
6181,2716,dhmix_204758826312645465,406,EnthalpyOfMixing,<Substance OCCCCO{solv}{x=0.498600}|O{solv}{x=0.501400}>,O,OCCCCO,Protein-Null-0.0.3-Pair-NMR-1E4-Umbrella-1E3-4-AAQAA3-1E3-3-OPC3_opc3,3,0.1994300281197425,0.0392648610072588,-0.882,0.011
6182,2717,dens_523660418548538159,407,Density,<Substance OCCCCO{solv}{x=0.502000}|O{solv}{x=0.498000}>,O,OCCCCO,Protein-Null-0.0.3-Pair-NMR-1E4-Umbrella-1E3-4-AAQAA3-1E3-3-OPC3_opc3,3,1.0179409122688552,0.0004142740451396,1.0207100000000002,0.000175
6183,2718,dhmix_1424462945700338266,408,EnthalpyOfMixing,<Substance OCCCCO{solv}{x=0.794700}|O{solv}{x=0.205300}>,O,OCCCCO,Protein-Null-0.0.3-Pair-NMR-1E4-Umbrella-1E3-4-AAQAA3-1E3-3-OPC3_opc3,3,-0.0731593719816201,0.057299500148422,-0.513,0.007
6184,2719,dhmix_2166372532060643622,409,EnthalpyOfMixing,<Substance OCCCCO{solv}{x=0.265800}|O{solv}{x=0.734200}>,O,OCCCCO,Protein-Null-0.0.3-Pair-NMR-1E4-Umbrella-1E3-4-AAQAA3-1E3-3-OPC3_opc3,3,0.1969220500249839,0.0261121989848088,-0.896,0.0115
6185,2720,dens_2215793475715067258,410,Density,<Substance OCCCCO{solv}{x=0.752800}|O{solv}{x=0.247200}>,O,OCCCCO,Protein-Null-0.0.3-Pair-NMR-1E4-Umbrella-1E3-4-AAQAA3-1E3-3-OPC3_opc3,3,1.0153815207740435,0.0003781651094059,1.0165900000000003,0.00018
6186,2721,dhmix_199788824133179829,411,EnthalpyOfMixing,<Substance CNc1ccccc1{solv}{x=0.497300}|Cc1ccccc1{solv}{x=0.502700}>,CNc1ccccc1,Cc1ccccc1,Protein-Null-0.0.3-Pair-NMR-1E4-Umbrella-1E3-4-AAQAA3-1E3-3-OPC3_opc3,3,0.9398615974390908,0.0403447247964974,0.497,0.0055
6187,2722,dens_515118724178190757,412,Density,<Substance CNc1ccccc1{solv}{x=0.740700}|Cc1ccccc1{solv}{x=0.259300}>,CNc1ccccc1,Cc1ccccc1,Protein-Null-0.0.3-Pair-NMR-1E4-Umbrella-1E3-4-AAQAA3-1E3-3-OPC3_opc3,3,0.9563808787308298,0.0002278988117875,0.9531280000000004,0.0002595
6188,2723,dens_730775902780400634,413,Density,<Substance CNc1ccccc1{solv}{x=0.245200}|Cc1ccccc1{solv}{x=0.754800}>,CNc1ccccc1,Cc1ccccc1,Protein-Null-0.0.3-Pair-NMR-1E4-Umbrella-1E3-4-AAQAA3-1E3-3-OPC3_opc3,3,0.8832276223065416,0.0002323851798643,0.8935250000000002,0.000118
6189,2724,dhmix_1213795502778853356,414,EnthalpyOfMixing,<Substance CNc1ccccc1{solv}{x=0.295200}|Cc1ccccc1{solv}{x=0.704800}>,CNc1ccccc1,Cc1ccccc1,Protein-Null-0.0.3-Pair-NMR-1E4-Umbrella-1E3-4-AAQAA3-1E3-3-OPC3_opc3,3,0.8455398494803177,0.0453761106400971,0.459,0.005
6190,2725,dhmix_1321810550349826496,415,EnthalpyOfMixing,<Substance CNc1ccccc1{solv}{x=0.789200}|Cc1ccccc1{solv}{x=0.210800}>,CNc1ccccc1,Cc1ccccc1,Protein-Null-0.0.3-Pair-NMR-1E4-Umbrella-1E3-4-AAQAA3-1E3-3-OPC3_opc3,3,0.6051470931324623,0.0361354490134497,0.287,0.003
6191,2726,dens_2156484405108449314,416,Density,<Substance CNc1ccccc1{solv}{x=0.490000}|Cc1ccccc1{solv}{x=0.510000}>,CNc1ccccc1,Cc1ccccc1,Protein-Null-0.0.3-Pair-NMR-1E4-Umbrella-1E3-4-AAQAA3-1E3-3-OPC3_opc3,3,0.9193100998535274,0.0002083169014439,0.9235800000000004,0.000164
6192,2727,dens_199829369486957606,417,Density,<Substance CC#N{solv}{x=0.200300}|c1ccccc1{solv}{x=0.799700}>,CC#N,c1ccccc1,Protein-Null-0.0.3-Pair-NMR-1E4-Umbrella-1E3-4-AAQAA3-1E3-3-OPC3_opc3,3,0.8509567569926272,0.0002593048433669,0.8623400000000002,7.000000000000002e-05
6193,2728,dhmix_217315956534335620,418,EnthalpyOfMixing,<Substance CC#N{solv}{x=0.771500}|c1ccccc1{solv}{x=0.228500}>,CC#N,c1ccccc1,Protein-Null-0.0.3-Pair-NMR-1E4-Umbrella-1E3-4-AAQAA3-1E3-3-OPC3_opc3,3,0.0279030671185207,0.0312631462924839,0.3988,0.00815
6194,2729,dhmix_730497723685339496,419,EnthalpyOfMixing,<Substance CC#N{solv}{x=0.219600}|c1ccccc1{solv}{x=0.780400}>,CC#N,c1ccccc1,Protein-Null-0.0.3-Pair-NMR-1E4-Umbrella-1E3-4-AAQAA3-1E3-3-OPC3_opc3,3,-0.0591166839081438,0.0375020394113628,0.2399,0.00495
6195,2730,dhmix_1038591828122641798,420,EnthalpyOfMixing,<Substance CC#N{solv}{x=0.529500}|c1ccccc1{solv}{x=0.470500}>,CC#N,c1ccccc1,Protein-Null-0.0.3-Pair-NMR-1E4-Umbrella-1E3-4-AAQAA3-1E3-3-OPC3_opc3,3,-0.0071807698896364,0.0325893874645401,0.4415,0.00905
6196,2731,dens_1457706963514561052,421,Density,<Substance CC#N{solv}{x=0.500100}|c1ccccc1{solv}{x=0.499900}>,CC#N,c1ccccc1,Protein-Null-0.0.3-Pair-NMR-1E4-Umbrella-1E3-4-AAQAA3-1E3-3-OPC3_opc3,3,0.8310081508863748,0.0002810683691667,0.8384600000000002,7.500000000000002e-05
6197,2732,dens_2111393000623474162,422,Density,<Substance CC#N{solv}{x=0.700200}|c1ccccc1{solv}{x=0.299800}>,CC#N,c1ccccc1,Protein-Null-0.0.3-Pair-NMR-1E4-Umbrella-1E3-4-AAQAA3-1E3-3-OPC3_opc3,3,0.8129799098348133,0.0003158476231734,0.8174500000000002,7.500000000000002e-05
6198,2733,dens_201591193434833206,423,Density,<Substance CC(C)CC(C)(C)C{solv}{x=0.082400}|CCO{solv}{x=0.917600}>,CC(C)CC(C)(C)C,CCO,Protein-Null-0.0.3-Pair-NMR-1E4-Umbrella-1E3-4-AAQAA3-1E3-3-OPC3_opc3,3,0.7587053948192023,0.0003161387936638,0.7605800000000003,0.000125
6199,2734,dhmix_371477530823830451,424,EnthalpyOfMixing,<Substance CC(C)CC(C)(C)C{solv}{x=0.761700}|CCO{solv}{x=0.238300}>,CC(C)CC(C)(C)C,CCO,Protein-Null-0.0.3-Pair-NMR-1E4-Umbrella-1E3-4-AAQAA3-1E3-3-OPC3_opc3,3,0.784002462131113,0.0368917713313631,0.634022,0.006851
6200,2735,dhmix_1127868571780691876,425,EnthalpyOfMixing,<Substance CC(C)CC(C)(C)C{solv}{x=0.515800}|CCO{solv}{x=0.484200}>,CC(C)CC(C)(C)C,CCO,Protein-Null-0.0.3-Pair-NMR-1E4-Umbrella-1E3-4-AAQAA3-1E3-3-OPC3_opc3,3,0.7977549916357702,0.0393091047546406,0.638973,0.006903
6201,2736,dens_1250915879314267304,426,Density,<Substance CC(C)CC(C)(C)C{solv}{x=0.493740}|CCO{solv}{x=0.506260}>,CC(C)CC(C)(C)C,CCO,Protein-Null-0.0.3-Pair-NMR-1E4-Umbrella-1E3-4-AAQAA3-1E3-3-OPC3_opc3,3,0.7210360942016321,0.0002406796970623,0.7110500000000001,7.500000000000002e-05
6202,2737,dens_1473791133383705310,427,Density,<Substance CC(C)CC(C)(C)C{solv}{x=0.735960}|CCO{solv}{x=0.264040}>,CC(C)CC(C)(C)C,CCO,Protein-Null-0.0.3-Pair-NMR-1E4-Umbrella-1E3-4-AAQAA3-1E3-3-OPC3_opc3,3,0.7100126565339481,0.0002355431613642,0.6967900000000001,7.500000000000002e-05
6203,2738,dhmix_1870637719976274804,428,EnthalpyOfMixing,<Substance CC(C)CC(C)(C)C{solv}{x=0.081500}|CCO{solv}{x=0.918500}>,CC(C)CC(C)(C)C,CCO,Protein-Null-0.0.3-Pair-NMR-1E4-Umbrella-1E3-4-AAQAA3-1E3-3-OPC3_opc3,3,0.5017573004472711,0.041997562802497,0.197762,0.0022405
6204,2739,dens_202472488934755108,429,Density,<Substance CCC#N{solv}{x=0.301800}|CCOC(C)(C)C{solv}{x=0.698200}>,CCC#N,CCOC(C)(C)C,Protein-Null-0.0.3-Pair-NMR-1E4-Umbrella-1E3-4-AAQAA3-1E3-3-OPC3_opc3,3,0.7569217138399624,0.0002265889377962,0.7455000000000002,0.0002
6205,2740,dens_266175665931869051,430,Density,<Substance CCC#N{solv}{x=0.701400}|CCOC(C)(C)C{solv}{x=0.298600}>,CCC#N,CCOC(C)(C)C,Protein-Null-0.0.3-Pair-NMR-1E4-Umbrella-1E3-4-AAQAA3-1E3-3-OPC3_opc3,3,0.7679382830989053,0.0002293006697438,0.7617000000000003,0.00035
6206,2741,dhmix_801664072836508009,431,EnthalpyOfMixing,<Substance CCC#N{solv}{x=0.301800}|CCOC(C)(C)C{solv}{x=0.698200}>,CCC#N,CCOC(C)(C)C,Protein-Null-0.0.3-Pair-NMR-1E4-Umbrella-1E3-4-AAQAA3-1E3-3-OPC3_opc3,3,0.0388444500935811,0.0421096622314216,0.4557,0.0062
6207,2742,dhmix_1220778152018571786,432,EnthalpyOfMixing,<Substance CCC#N{solv}{x=0.501400}|CCOC(C)(C)C{solv}{x=0.498600}>,CCC#N,CCOC(C)(C)C,Protein-Null-0.0.3-Pair-NMR-1E4-Umbrella-1E3-4-AAQAA3-1E3-3-OPC3_opc3,3,0.1091313590981251,0.0371693080286777,0.5053,0.00685
6208,2743,dhmix_1838699488178562925,433,EnthalpyOfMixing,<Substance CCC#N{solv}{x=0.701400}|CCOC(C)(C)C{solv}{x=0.298600}>,CCC#N,CCOC(C)(C)C,Protein-Null-0.0.3-Pair-NMR-1E4-Umbrella-1E3-4-AAQAA3-1E3-3-OPC3_opc3,3,0.0582301226432147,0.0347841812695034,0.4078,0.0056
6209,2744,dens_1870081876609026392,434,Density,<Substance CCC#N{solv}{x=0.501400}|CCOC(C)(C)C{solv}{x=0.498600}>,CCC#N,CCOC(C)(C)C,Protein-Null-0.0.3-Pair-NMR-1E4-Umbrella-1E3-4-AAQAA3-1E3-3-OPC3_opc3,3,0.7621593119025467,0.0002281474999337,0.7532000000000002,0.0003
6210,2745,dens_205210513551931414,435,Density,<Substance CCCC#N{solv}{x=0.200000}|c1ccccc1{solv}{x=0.800000}>,CCCC#N,c1ccccc1,Protein-Null-0.0.3-Pair-NMR-1E4-Umbrella-1E3-4-AAQAA3-1E3-3-OPC3_opc3,3,0.8451938428331259,0.0002918774425614,0.8576940000000002,5.400000000000001e-05
6211,2746,dens_841576887891022329,436,Density,<Substance CCCC#N{solv}{x=0.500000}|c1ccccc1{solv}{x=0.500000}>,CCCC#N,c1ccccc1,Protein-Null-0.0.3-Pair-NMR-1E4-Umbrella-1E3-4-AAQAA3-1E3-3-OPC3_opc3,3,0.8222551714717415,0.0002597046154718,0.8318550000000002,5.8000000000000014e-05
6212,2747,dhmix_901910638840590393,437,EnthalpyOfMixing,<Substance CCCC#N{solv}{x=0.503700}|c1ccccc1{solv}{x=0.496300}>,CCCC#N,c1ccccc1,Protein-Null-0.0.3-Pair-NMR-1E4-Umbrella-1E3-4-AAQAA3-1E3-3-OPC3_opc3,3,-0.0873771085953052,0.0364118389747874,-0.0659,0.00145
6213,2748,dhmix_1123099162248680479,438,EnthalpyOfMixing,<Substance CCCC#N{solv}{x=0.752800}|c1ccccc1{solv}{x=0.247200}>,CCCC#N,c1ccccc1,Protein-Null-0.0.3-Pair-NMR-1E4-Umbrella-1E3-4-AAQAA3-1E3-3-OPC3_opc3,3,-0.1347734132017564,0.0372412447529818,-0.0312,0.0008
6214,2749,dhmix_1318990508180847616,439,EnthalpyOfMixing,<Substance CCCC#N{solv}{x=0.252800}|c1ccccc1{solv}{x=0.747200}>,CCCC#N,c1ccccc1,Protein-Null-0.0.3-Pair-NMR-1E4-Umbrella-1E3-4-AAQAA3-1E3-3-OPC3_opc3,3,-0.0691506992481549,0.0387542600522819,-0.0571,0.00125
6215,2750,dens_1950627772023797339,440,Density,<Substance CCCC#N{solv}{x=0.700000}|c1ccccc1{solv}{x=0.300000}>,CCCC#N,c1ccccc1,Protein-Null-0.0.3-Pair-NMR-1E4-Umbrella-1E3-4-AAQAA3-1E3-3-OPC3_opc3,3,0.8066841649322949,0.0002296567715571,0.8138540000000002,6.100000000000001e-05
6216,2751,dhmix_207411229673186667,441,EnthalpyOfMixing,<Substance CC(C)(C)Cl{solv}{x=0.774700}|CC(C)OC(C)C{solv}{x=0.225300}>,CC(C)(C)Cl,CC(C)OC(C)C,Protein-Null-0.0.3-Pair-NMR-1E4-Umbrella-1E3-4-AAQAA3-1E3-3-OPC3_opc3,3,-0.0924212424863597,0.04234064918628,0.0035,0.0004
6217,2752,dhmix_263164663491745943,442,EnthalpyOfMixing,<Substance CC(C)(C)Cl{solv}{x=0.551200}|CC(C)OC(C)C{solv}{x=0.448800}>,CC(C)(C)Cl,CC(C)OC(C)C,Protein-Null-0.0.3-Pair-NMR-1E4-Umbrella-1E3-4-AAQAA3-1E3-3-OPC3_opc3,3,-0.0879599857204027,0.0403490804246211,0.0071,0.0004
6218,2753,dens_1527979990628499053,443,Density,<Substance CC(C)(C)Cl{solv}{x=0.514800}|CC(C)OC(C)C{solv}{x=0.485200}>,CC(C)(C)Cl,CC(C)OC(C)C,Protein-Null-0.0.3-Pair-NMR-1E4-Umbrella-1E3-4-AAQAA3-1E3-3-OPC3_opc3,3,0.793169104764372,0.0002532624047333,0.7723510000000002,0.00042
6219,2754,dens_1616242241384486673,444,Density,<Substance CC(C)(C)Cl{solv}{x=0.715200}|CC(C)OC(C)C{solv}{x=0.284800}>,CC(C)(C)Cl,CC(C)OC(C)C,Protein-Null-0.0.3-Pair-NMR-1E4-Umbrella-1E3-4-AAQAA3-1E3-3-OPC3_opc3,3,0.8170808522355278,0.0002929787304551,0.7971450000000002,0.0003945
6220,2755,dens_2075469437997722238,445,Density,<Substance CC(C)(C)Cl{solv}{x=0.199100}|CC(C)OC(C)C{solv}{x=0.800900}>,CC(C)(C)Cl,CC(C)OC(C)C,Protein-Null-0.0.3-Pair-NMR-1E4-Umbrella-1E3-4-AAQAA3-1E3-3-OPC3_opc3,3,0.7588109796564975,0.0002543218234608,0.7376660000000003,0.0004545
6221,2756,dhmix_2101531043492089277,446,EnthalpyOfMixing,<Substance CC(C)(C)Cl{solv}{x=0.219200}|CC(C)OC(C)C{solv}{x=0.780800}>,CC(C)(C)Cl,CC(C)OC(C)C,Protein-Null-0.0.3-Pair-NMR-1E4-Umbrella-1E3-4-AAQAA3-1E3-3-OPC3_opc3,3,-0.0183779289864034,0.0475412977369051,0.007,0.0004
6222,2757,dens_210389881425986721,447,Density,<Substance C1COCO1{solv}{x=0.785000}|CCCCCC(C)=O{solv}{x=0.215000}>,C1COCO1,CCCCCC(C)=O,Protein-Null-0.0.3-Pair-NMR-1E4-Umbrella-1E3-4-AAQAA3-1E3-3-OPC3_opc3,3,0.9824277944737684,0.0002682180562782,0.9696500000000002,0.0003
6223,2758,dhmix_503329310014436107,448,EnthalpyOfMixing,<Substance C1COCO1{solv}{x=0.750000}|CCCCCC(C)=O{solv}{x=0.250000}>,C1COCO1,CCCCCC(C)=O,Protein-Null-0.0.3-Pair-NMR-1E4-Umbrella-1E3-4-AAQAA3-1E3-3-OPC3_opc3,3,0.5050487223605842,0.0426736032977393,0.37402,0.001955
6224,2759,dens_824084186033535550,449,Density,<Substance C1COCO1{solv}{x=0.507100}|CCCCCC(C)=O{solv}{x=0.492900}>,C1COCO1,CCCCCC(C)=O,Protein-Null-0.0.3-Pair-NMR-1E4-Umbrella-1E3-4-AAQAA3-1E3-3-OPC3_opc3,3,0.8927958065809263,0.0002250004523602,0.8936300000000003,0.00034
6225,2760,dens_839548343309182157,450,Density,<Substance C1COCO1{solv}{x=0.244000}|CCCCCC(C)=O{solv}{x=0.756000}>,C1COCO1,CCCCCC(C)=O,Protein-Null-0.0.3-Pair-NMR-1E4-Umbrella-1E3-4-AAQAA3-1E3-3-OPC3_opc3,3,0.8347605372455178,0.0002038880765119,0.8445200000000002,0.00038
6226,2761,dhmix_1519451899562488304,451,EnthalpyOfMixing,<Substance C1COCO1{solv}{x=0.250000}|CCCCCC(C)=O{solv}{x=0.750000}>,C1COCO1,CCCCCC(C)=O,Protein-Null-0.0.3-Pair-NMR-1E4-Umbrella-1E3-4-AAQAA3-1E3-3-OPC3_opc3,3,0.3759334007211379,0.0472388604760421,0.2754,0.00155
6227,2762,dhmix_1874814461447958752,452,EnthalpyOfMixing,<Substance C1COCO1{solv}{x=0.500000}|CCCCCC(C)=O{solv}{x=0.500000}>,C1COCO1,CCCCCC(C)=O,Protein-Null-0.0.3-Pair-NMR-1E4-Umbrella-1E3-4-AAQAA3-1E3-3-OPC3_opc3,3,0.6039583518100429,0.0452964666414549,0.43148,0.00217
6228,2763,dhmix_219236717194413479,453,EnthalpyOfMixing,<Substance CCOc1ccccc1{solv}{x=0.762500}|OCCCc1ccccc1{solv}{x=0.237500}>,CCOc1ccccc1,OCCCc1ccccc1,Protein-Null-0.0.3-Pair-NMR-1E4-Umbrella-1E3-4-AAQAA3-1E3-3-OPC3_opc3,3,0.9126731924854,0.0509892825465751,1.1164,0.01195
6229,2764,dens_391027492102555874,454,Density,<Substance CCOc1ccccc1{solv}{x=0.515000}|OCCCc1ccccc1{solv}{x=0.485000}>,CCOc1ccccc1,OCCCc1ccccc1,Protein-Null-0.0.3-Pair-NMR-1E4-Umbrella-1E3-4-AAQAA3-1E3-3-OPC3_opc3,3,0.9608082245631324,0.0001911198458069,0.9715100000000002,0.00026
6230,2765,dens_603450583692592837,455,Density,<Substance CCOc1ccccc1{solv}{x=0.707400}|OCCCc1ccccc1{solv}{x=0.292600}>,CCOc1ccccc1,OCCCc1ccccc1,Protein-Null-0.0.3-Pair-NMR-1E4-Umbrella-1E3-4-AAQAA3-1E3-3-OPC3_opc3,3,0.9533554518955518,0.0001991663354234,0.9634300000000002,0.00026
6231,2766,dhmix_1297428070131435744,456,EnthalpyOfMixing,<Substance CCOc1ccccc1{solv}{x=0.516900}|OCCCc1ccccc1{solv}{x=0.483100}>,CCOc1ccccc1,OCCCc1ccccc1,Protein-Null-0.0.3-Pair-NMR-1E4-Umbrella-1E3-4-AAQAA3-1E3-3-OPC3_opc3,3,1.0051367458641352,0.0486264891664535,0.989,0.0106
6232,2767,dens_1659818614169719187,457,Density,<Substance CCOc1ccccc1{solv}{x=0.216400}|OCCCc1ccccc1{solv}{x=0.783600}>,CCOc1ccccc1,OCCCc1ccccc1,Protein-Null-0.0.3-Pair-NMR-1E4-Umbrella-1E3-4-AAQAA3-1E3-3-OPC3_opc3,3,0.972002800036992,0.0001420242265591,0.9832000000000004,0.00026
6233,2768,dhmix_2058966624473104004,458,EnthalpyOfMixing,<Substance CCOc1ccccc1{solv}{x=0.262900}|OCCCc1ccccc1{solv}{x=0.737100}>,CCOc1ccccc1,OCCCc1ccccc1,Protein-Null-0.0.3-Pair-NMR-1E4-Umbrella-1E3-4-AAQAA3-1E3-3-OPC3_opc3,3,0.4852109462484861,0.0538034756212779,0.7,0.00755
6234,2769,dhmix_224977805525763267,459,EnthalpyOfMixing,<Substance OCCO{solv}{x=0.519300}|O{solv}{x=0.480700}>,O,OCCO,Protein-Null-0.0.3-Pair-NMR-1E4-Umbrella-1E3-4-AAQAA3-1E3-3-OPC3_opc3,3,-0.0162668053010563,0.0298044800886191,-0.64,0.0035
6235,2770,dhmix_454389511592218960,460,EnthalpyOfMixing,<Substance OCCO{solv}{x=0.790900}|O{solv}{x=0.209100}>,O,OCCO,Protein-Null-0.0.3-Pair-NMR-1E4-Umbrella-1E3-4-AAQAA3-1E3-3-OPC3_opc3,3,-0.1071499797193773,0.0559506473718276,-0.347,0.0025
6236,2771,dens_624011570206871166,461,Density,<Substance OCCO{solv}{x=0.500560}|O{solv}{x=0.499440}>,O,OCCO,Protein-Null-0.0.3-Pair-NMR-1E4-Umbrella-1E3-4-AAQAA3-1E3-3-OPC3_opc3,3,1.0887764301874374,0.0003004732763505,1.0923200000000002,0.0005
6237,2772,dhmix_997365299263661959,462,EnthalpyOfMixing,<Substance OCCO{solv}{x=0.205100}|O{solv}{x=0.794900}>,O,OCCO,Protein-Null-0.0.3-Pair-NMR-1E4-Umbrella-1E3-4-AAQAA3-1E3-3-OPC3_opc3,3,0.0306275993699642,0.0247630182441411,-0.681,0.004
6238,2773,dens_1521229282261002740,463,Density,<Substance OCCO{solv}{x=0.299010}|O{solv}{x=0.700990}>,O,OCCO,Protein-Null-0.0.3-Pair-NMR-1E4-Umbrella-1E3-4-AAQAA3-1E3-3-OPC3_opc3,3,1.0698408798594874,0.0004085479502138,1.0735400000000002,0.0005
6239,2774,dens_2015496231826454735,464,Density,<Substance OCCO{solv}{x=0.706260}|O{solv}{x=0.293740}>,O,OCCO,Protein-Null-0.0.3-Pair-NMR-1E4-Umbrella-1E3-4-AAQAA3-1E3-3-OPC3_opc3,3,1.1015411006920452,0.0003500142536684,1.1022400000000003,0.0005
6240,2775,dhmix_230261418136264651,465,EnthalpyOfMixing,<Substance CCCCOC(C)=O{solv}{x=0.700700}|CCOC(C)=O{solv}{x=0.299300}>,CCCCOC(C)=O,CCOC(C)=O,Protein-Null-0.0.3-Pair-NMR-1E4-Umbrella-1E3-4-AAQAA3-1E3-3-OPC3_opc3,3,0.0910335269431534,0.0470713542085275,0.0594,0.001
6241,2776,dhmix_287092636460772443,466,EnthalpyOfMixing,<Substance CCCCOC(C)=O{solv}{x=0.501800}|CCOC(C)=O{solv}{x=0.498200}>,CCCCOC(C)=O,CCOC(C)=O,Protein-Null-0.0.3-Pair-NMR-1E4-Umbrella-1E3-4-AAQAA3-1E3-3-OPC3_opc3,3,0.063099966995928,0.0472529543433244,0.076,0.0012
6242,2777,dens_436289636626232396,467,Density,<Substance CCCCOC(C)=O{solv}{x=0.501800}|CCOC(C)=O{solv}{x=0.498200}>,CCCCOC(C)=O,CCOC(C)=O,Protein-Null-0.0.3-Pair-NMR-1E4-Umbrella-1E3-4-AAQAA3-1E3-3-OPC3_opc3,3,0.8896058487731836,0.0002095823193232,0.8829000000000002,0.0002
6243,2778,dens_1739528506032569134,468,Density,<Substance CCCCOC(C)=O{solv}{x=0.201200}|CCOC(C)=O{solv}{x=0.798800}>,CCCCOC(C)=O,CCOC(C)=O,Protein-Null-0.0.3-Pair-NMR-1E4-Umbrella-1E3-4-AAQAA3-1E3-3-OPC3_opc3,3,0.8984841544597809,0.000238441594336,0.8889000000000001,0.0002
6244,2779,dhmix_1951544232160779982,469,EnthalpyOfMixing,<Substance CCCCOC(C)=O{solv}{x=0.201200}|CCOC(C)=O{solv}{x=0.798800}>,CCCCOC(C)=O,CCOC(C)=O,Protein-Null-0.0.3-Pair-NMR-1E4-Umbrella-1E3-4-AAQAA3-1E3-3-OPC3_opc3,3,0.0642338917259479,0.0375705014997998,0.0524,0.0009
6245,2780,dens_2199004103648094822,470,Density,<Substance CCCCOC(C)=O{solv}{x=0.700700}|CCOC(C)=O{solv}{x=0.299300}>,CCCCOC(C)=O,CCOC(C)=O,Protein-Null-0.0.3-Pair-NMR-1E4-Umbrella-1E3-4-AAQAA3-1E3-3-OPC3_opc3,3,0.8844055433445387,0.0001791817468681,0.8797000000000003,0.0002
6246,2781,dens_230610561971140401,471,Density,<Substance CN(C)CCO{solv}{x=0.507700}|O{solv}{x=0.492300}>,CN(C)CCO,O,Protein-Null-0.0.3-Pair-NMR-1E4-Umbrella-1E3-4-AAQAA3-1E3-3-OPC3_opc3,3,0.925531059791001,0.0003764696939595,0.9237220000000002,0.000504
6247,2782,dens_531222131704065782,472,Density,<Substance CN(C)CCO{solv}{x=0.765200}|O{solv}{x=0.234800}>,CN(C)CCO,O,Protein-Null-0.0.3-Pair-NMR-1E4-Umbrella-1E3-4-AAQAA3-1E3-3-OPC3_opc3,3,0.9033264357143796,0.0003436159943238,0.8989030000000002,0.0005805
6248,2783,dhmix_569544738684419327,473,EnthalpyOfMixing,<Substance CN(C)CCO{solv}{x=0.536500}|O{solv}{x=0.463500}>,CN(C)CCO,O,Protein-Null-0.0.3-Pair-NMR-1E4-Umbrella-1E3-4-AAQAA3-1E3-3-OPC3_opc3,3,-3.0075903854707136,0.0515749547694703,-2.575,0.0525
6249,2784,dens_1319192913326669904,474,Density,<Substance CN(C)CCO{solv}{x=0.264330}|O{solv}{x=0.735670}>,CN(C)CCO,O,Protein-Null-0.0.3-Pair-NMR-1E4-Umbrella-1E3-4-AAQAA3-1E3-3-OPC3_opc3,3,0.9545028751792864,0.0002932973146784,0.9590000000000002,0.0029
6250,2785,dhmix_1669606825693628140,475,EnthalpyOfMixing,<Substance CN(C)CCO{solv}{x=0.205200}|O{solv}{x=0.794800}>,CN(C)CCO,O,Protein-Null-0.0.3-Pair-NMR-1E4-Umbrella-1E3-4-AAQAA3-1E3-3-OPC3_opc3,3,-2.187592855548311,0.0270445194984905,-2.587,0.0525
6251,2786,dhmix_1723343163215510297,476,EnthalpyOfMixing,<Substance CN(C)CCO{solv}{x=0.799600}|O{solv}{x=0.200400}>,CN(C)CCO,O,Protein-Null-0.0.3-Pair-NMR-1E4-Umbrella-1E3-4-AAQAA3-1E3-3-OPC3_opc3,3,-1.8056414482503984,0.044426377196347,-1.247,0.0255
6252,2787,dens_233554406241639981,477,Density,<Substance CC(C)CC(C)(C)C{solv}{x=0.200000}|CCCCOCCCC{solv}{x=0.800000}>,CC(C)CC(C)(C)C,CCCCOCCCC,Protein-Null-0.0.3-Pair-NMR-1E4-Umbrella-1E3-4-AAQAA3-1E3-3-OPC3_opc3,3,0.7444005425843739,0.000196836734787,0.7497500000000001,0.00017
6253,2788,dhmix_465541682585001245,478,EnthalpyOfMixing,<Substance CC(C)CC(C)(C)C{solv}{x=0.200400}|CCCCOCCCC{solv}{x=0.799600}>,CC(C)CC(C)(C)C,CCCCOCCCC,Protein-Null-0.0.3-Pair-NMR-1E4-Umbrella-1E3-4-AAQAA3-1E3-3-OPC3_opc3,3,0.2279070053814678,0.059997111227519,0.07397,0.00099
6254,2789,dhmix_1505777056782392294,479,EnthalpyOfMixing,<Substance CC(C)CC(C)(C)C{solv}{x=0.400400}|CCCCOCCCC{solv}{x=0.599600}>,CC(C)CC(C)(C)C,CCCCOCCCC,Protein-Null-0.0.3-Pair-NMR-1E4-Umbrella-1E3-4-AAQAA3-1E3-3-OPC3_opc3,3,0.2726935038276679,0.0484461643621669,0.11538,0.001385
6255,2790,dhmix_1595104467389948583,480,EnthalpyOfMixing,<Substance CC(C)CC(C)(C)C{solv}{x=0.700500}|CCCCOCCCC{solv}{x=0.299500}>,CC(C)CC(C)(C)C,CCCCOCCCC,Protein-Null-0.0.3-Pair-NMR-1E4-Umbrella-1E3-4-AAQAA3-1E3-3-OPC3_opc3,3,0.3214998601416425,0.0529129604872724,0.10948,0.00133
6256,2791,dens_1672861274914038509,481,Density,<Substance CC(C)CC(C)(C)C{solv}{x=0.399700}|CCCCOCCCC{solv}{x=0.600300}>,CC(C)CC(C)(C)C,CCCCOCCCC,Protein-Null-0.0.3-Pair-NMR-1E4-Umbrella-1E3-4-AAQAA3-1E3-3-OPC3_opc3,3,0.734142181207724,0.0001700095234573,0.7348100000000001,0.000175
6257,2792,dens_1954694146948787176,482,Density,<Substance CC(C)CC(C)(C)C{solv}{x=0.700000}|CCCCOCCCC{solv}{x=0.300000}>,CC(C)CC(C)(C)C,CCCCOCCCC,Protein-Null-0.0.3-Pair-NMR-1E4-Umbrella-1E3-4-AAQAA3-1E3-3-OPC3_opc3,3,0.7189347545402891,0.0002031833813713,0.7117300000000002,0.000185
6258,2793,dens_234746850701826990,483,Density,<Substance CC#N{solv}{x=0.700000}|CCCCCO{solv}{x=0.300000}>,CC#N,CCCCCO,Protein-Null-0.0.3-Pair-NMR-1E4-Umbrella-1E3-4-AAQAA3-1E3-3-OPC3_opc3,3,0.793136067843479,0.0001822595377477,0.7924200000000001,0.000165
6259,2794,dens_1261543146081029601,484,Density,<Substance CC#N{solv}{x=0.500300}|CCCCCO{solv}{x=0.499700}>,CC#N,CCCCCO,Protein-Null-0.0.3-Pair-NMR-1E4-Umbrella-1E3-4-AAQAA3-1E3-3-OPC3_opc3,3,0.7983297896146007,0.0001784342416373,0.7996400000000001,0.000185
6260,2795,dens_1462197010819319813,485,Density,<Substance CC#N{solv}{x=0.203100}|CCCCCO{solv}{x=0.796900}>,CC#N,CCCCCO,Protein-Null-0.0.3-Pair-NMR-1E4-Umbrella-1E3-4-AAQAA3-1E3-3-OPC3_opc3,3,0.8035893300136001,0.0002462233282834,0.8090600000000001,0.00022
6261,2796,dhmix_1595997756227951615,486,EnthalpyOfMixing,<Substance CC#N{solv}{x=0.235500}|CCCCCO{solv}{x=0.764500}>,CC#N,CCCCCO,Protein-Null-0.0.3-Pair-NMR-1E4-Umbrella-1E3-4-AAQAA3-1E3-3-OPC3_opc3,3,1.5078331418899822,0.0409548707521496,1.451,0.006
6262,2797,dhmix_1745037615762894827,487,EnthalpyOfMixing,<Substance CC#N{solv}{x=0.516700}|CCCCCO{solv}{x=0.483300}>,CC#N,CCCCCO,Protein-Null-0.0.3-Pair-NMR-1E4-Umbrella-1E3-4-AAQAA3-1E3-3-OPC3_opc3,3,1.9435272273359008,0.0365047787159564,2.017,0.008
6263,2798,dhmix_2294048253872291609,488,EnthalpyOfMixing,<Substance CC#N{solv}{x=0.771100}|CCCCCO{solv}{x=0.228900}>,CC#N,CCCCCO,Protein-Null-0.0.3-Pair-NMR-1E4-Umbrella-1E3-4-AAQAA3-1E3-3-OPC3_opc3,3,1.611654388890564,0.0325897573316876,1.656,0.007
6264,2799,dens_237912652331354824,489,Density,<Substance C1COCCO1{solv}{x=0.512200}|CCCC(C)=O{solv}{x=0.487800}>,C1COCCO1,CCCC(C)=O,Protein-Null-0.0.3-Pair-NMR-1E4-Umbrella-1E3-4-AAQAA3-1E3-3-OPC3_opc3,3,0.8942615481809049,0.0002208711179174,0.90478,0.00023
6265,2800,dhmix_951401191616771155,490,EnthalpyOfMixing,<Substance C1COCCO1{solv}{x=0.750000}|CCCC(C)=O{solv}{x=0.250000}>,C1COCCO1,CCCC(C)=O,Protein-Null-0.0.3-Pair-NMR-1E4-Umbrella-1E3-4-AAQAA3-1E3-3-OPC3_opc3,3,0.2545712883621718,0.0390720416838362,0.23761,0.00135
6266,2801,dens_1815088975543208186,491,Density,<Substance C1COCCO1{solv}{x=0.225400}|CCCC(C)=O{solv}{x=0.774600}>,C1COCCO1,CCCC(C)=O,Protein-Null-0.0.3-Pair-NMR-1E4-Umbrella-1E3-4-AAQAA3-1E3-3-OPC3_opc3,3,0.8273930996261076,0.0002175338957088,0.8442800000000001,0.00022
6267,2802,dens_2079717107234551519,492,Density,<Substance C1COCCO1{solv}{x=0.782300}|CCCC(C)=O{solv}{x=0.217700}>,C1COCCO1,CCCC(C)=O,Protein-Null-0.0.3-Pair-NMR-1E4-Umbrella-1E3-4-AAQAA3-1E3-3-OPC3_opc3,3,0.9649967337563984,0.0002316265071368,0.9692000000000004,0.000245
6268,2803,dhmix_2166059870593139530,493,EnthalpyOfMixing,<Substance C1COCCO1{solv}{x=0.500000}|CCCC(C)=O{solv}{x=0.500000}>,C1COCCO1,CCCC(C)=O,Protein-Null-0.0.3-Pair-NMR-1E4-Umbrella-1E3-4-AAQAA3-1E3-3-OPC3_opc3,3,0.2928411189232633,0.0408912802391526,0.26523,0.001455
6269,2804,dhmix_2196150660196365471,494,EnthalpyOfMixing,<Substance C1COCCO1{solv}{x=0.250000}|CCCC(C)=O{solv}{x=0.750000}>,C1COCCO1,CCCC(C)=O,Protein-Null-0.0.3-Pair-NMR-1E4-Umbrella-1E3-4-AAQAA3-1E3-3-OPC3_opc3,3,0.3052448211791159,0.0428222805699488,0.1704,0.001085
6270,2805,dhmix_243334109655928306,495,EnthalpyOfMixing,<Substance C1CCOCC1{solv}{x=0.783200}|c1ccccc1{solv}{x=0.216800}>,C1CCOCC1,c1ccccc1,Protein-Null-0.0.3-Pair-NMR-1E4-Umbrella-1E3-4-AAQAA3-1E3-3-OPC3_opc3,3,-0.1029432154727771,0.0367116424039974,-0.1399,0.00165
6271,2806,dens_257753427541292519,496,Density,<Substance C1CCOCC1{solv}{x=0.479400}|c1ccccc1{solv}{x=0.520600}>,C1CCOCC1,c1ccccc1,Protein-Null-0.0.3-Pair-NMR-1E4-Umbrella-1E3-4-AAQAA3-1E3-3-OPC3_opc3,3,0.8642915662941885,0.0002701168487218,0.8778700000000003,0.000505
6272,2807,dhmix_604341867718608333,497,EnthalpyOfMixing,<Substance C1CCOCC1{solv}{x=0.242500}|c1ccccc1{solv}{x=0.757500}>,C1CCOCC1,c1ccccc1,Protein-Null-0.0.3-Pair-NMR-1E4-Umbrella-1E3-4-AAQAA3-1E3-3-OPC3_opc3,3,-0.0849816871830029,0.038859788037626,-0.1608,0.00185
6273,2808,dens_791001710124267373,498,Density,<Substance C1CCOCC1{solv}{x=0.223900}|c1ccccc1{solv}{x=0.776100}>,C1CCOCC1,c1ccccc1,Protein-Null-0.0.3-Pair-NMR-1E4-Umbrella-1E3-4-AAQAA3-1E3-3-OPC3_opc3,3,0.8629671469788598,0.000285029863387,0.8761000000000002,0.0005
6274,2809,dens_1402061243325720407,499,Density,<Substance C1CCOCC1{solv}{x=0.743200}|c1ccccc1{solv}{x=0.256800}>,C1CCOCC1,c1ccccc1,Protein-Null-0.0.3-Pair-NMR-1E4-Umbrella-1E3-4-AAQAA3-1E3-3-OPC3_opc3,3,0.8658157876681508,0.0002730597851981,0.8789500000000002,0.000505
6275,2810,dhmix_1407142629314355761,500,EnthalpyOfMixing,<Substance C1CCOCC1{solv}{x=0.498200}|c1ccccc1{solv}{x=0.501800}>,C1CCOCC1,c1ccccc1,Protein-Null-0.0.3-Pair-NMR-1E4-Umbrella-1E3-4-AAQAA3-1E3-3-OPC3_opc3,3,-0.0077289892520724,0.0390248253186702,-0.2365,0.00265
6276,2811,dhmix_266800455813556356,501,EnthalpyOfMixing,<Substance CO{solv}{x=0.727200}|OCc1ccccc1{solv}{x=0.272800}>,CO,OCc1ccccc1,Protein-Null-0.0.3-Pair-NMR-1E4-Umbrella-1E3-4-AAQAA3-1E3-3-OPC3_opc3,3,-0.0561625587620255,0.0318414055490743,-0.0792,0.001
6277,2812,dhmix_949671607207910651,502,EnthalpyOfMixing,<Substance CO{solv}{x=0.500500}|OCc1ccccc1{solv}{x=0.499500}>,CO,OCc1ccccc1,Protein-Null-0.0.3-Pair-NMR-1E4-Umbrella-1E3-4-AAQAA3-1E3-3-OPC3_opc3,3,-0.1469536253045618,0.0360368013259345,-0.1408,0.00165
6278,2813,dhmix_1388744759732522219,503,EnthalpyOfMixing,<Substance CO{solv}{x=0.200200}|OCc1ccccc1{solv}{x=0.799800}>,CO,OCc1ccccc1,Protein-Null-0.0.3-Pair-NMR-1E4-Umbrella-1E3-4-AAQAA3-1E3-3-OPC3_opc3,3,-0.0459400098107067,0.048995988100704,-0.1081,0.0013
6279,2814,dens_270046772857960816,504,Density,<Substance C1CCOCC1{solv}{x=0.732100}|Cc1ccccc1{solv}{x=0.267900}>,C1CCOCC1,Cc1ccccc1,Protein-Null-0.0.3-Pair-NMR-1E4-Umbrella-1E3-4-AAQAA3-1E3-3-OPC3_opc3,3,0.8620407654537229,0.0002384952900001,0.8754100000000001,0.000505
6280,2815,dens_324774743687652276,505,Density,<Substance C1CCOCC1{solv}{x=0.238700}|Cc1ccccc1{solv}{x=0.761300}>,C1CCOCC1,Cc1ccccc1,Protein-Null-0.0.3-Pair-NMR-1E4-Umbrella-1E3-4-AAQAA3-1E3-3-OPC3_opc3,3,0.8521876029033472,0.0002237995995874,0.8669900000000003,0.000505
6281,2816,dhmix_390107187187002597,506,EnthalpyOfMixing,<Substance C1CCOCC1{solv}{x=0.531900}|Cc1ccccc1{solv}{x=0.468100}>,C1CCOCC1,Cc1ccccc1,Protein-Null-0.0.3-Pair-NMR-1E4-Umbrella-1E3-4-AAQAA3-1E3-3-OPC3_opc3,3,0.009811239672814,0.0459308497712615,-0.2225,0.0025
6282,2817,dhmix_1070320975529400325,507,EnthalpyOfMixing,<Substance C1CCOCC1{solv}{x=0.280600}|Cc1ccccc1{solv}{x=0.719400}>,C1CCOCC1,Cc1ccccc1,Protein-Null-0.0.3-Pair-NMR-1E4-Umbrella-1E3-4-AAQAA3-1E3-3-OPC3_opc3,3,-0.1009788770603705,0.0421370885339365,-0.1687,0.00195
6283,2818,dens_1397318239527979287,508,Density,<Substance C1CCOCC1{solv}{x=0.491500}|Cc1ccccc1{solv}{x=0.508500}>,C1CCOCC1,Cc1ccccc1,Protein-Null-0.0.3-Pair-NMR-1E4-Umbrella-1E3-4-AAQAA3-1E3-3-OPC3_opc3,3,0.8567446050483097,0.0002886866934982,0.8715100000000002,0.000505
6284,2819,dhmix_1508130989501940613,509,EnthalpyOfMixing,<Substance C1CCOCC1{solv}{x=0.741300}|Cc1ccccc1{solv}{x=0.258700}>,C1CCOCC1,Cc1ccccc1,Protein-Null-0.0.3-Pair-NMR-1E4-Umbrella-1E3-4-AAQAA3-1E3-3-OPC3_opc3,3,-0.0995911396970115,0.0453358527214457,-0.1629,0.0019
6285,2820,dhmix_271732469428717581,510,EnthalpyOfMixing,<Substance COc1ccccc1{solv}{x=0.237400}|OCCCc1ccccc1{solv}{x=0.762600}>,COc1ccccc1,OCCCc1ccccc1,Protein-Null-0.0.3-Pair-NMR-1E4-Umbrella-1E3-4-AAQAA3-1E3-3-OPC3_opc3,3,0.7826799038258372,0.0538018947893425,0.6076,0.0066
6286,2821,dhmix_1174392275991455181,511,EnthalpyOfMixing,<Substance COc1ccccc1{solv}{x=0.554700}|OCCCc1ccccc1{solv}{x=0.445300}>,COc1ccccc1,OCCCc1ccccc1,Protein-Null-0.0.3-Pair-NMR-1E4-Umbrella-1E3-4-AAQAA3-1E3-3-OPC3_opc3,3,0.8998161559078852,0.0456762674527738,1.0293,0.01105
6287,2822,dhmix_1179341622676685107,512,EnthalpyOfMixing,<Substance COc1ccccc1{solv}{x=0.713600}|OCCCc1ccccc1{solv}{x=0.286400}>,COc1ccccc1,OCCCc1ccccc1,Protein-Null-0.0.3-Pair-NMR-1E4-Umbrella-1E3-4-AAQAA3-1E3-3-OPC3_opc3,3,1.0150578679743916,0.0425517961729545,1.1088,0.0119
6288,2823,dens_1468428612899754720,513,Density,<Substance COc1ccccc1{solv}{x=0.747700}|OCCCc1ccccc1{solv}{x=0.252300}>,COc1ccccc1,OCCCc1ccccc1,Protein-Null-0.0.3-Pair-NMR-1E4-Umbrella-1E3-4-AAQAA3-1E3-3-OPC3_opc3,3,0.9697300183985024,0.0002276861233062,0.9827800000000002,0.00026
6289,2824,dens_1534619098234859574,514,Density,<Substance COc1ccccc1{solv}{x=0.555100}|OCCCc1ccccc1{solv}{x=0.444900}>,COc1ccccc1,OCCCc1ccccc1,Protein-Null-0.0.3-Pair-NMR-1E4-Umbrella-1E3-4-AAQAA3-1E3-3-OPC3_opc3,3,0.972347393352886,0.000187678811123,0.9852700000000002,0.00026
6290,2825,dens_2298154173340539222,515,Density,<Substance COc1ccccc1{solv}{x=0.263600}|OCCCc1ccccc1{solv}{x=0.736400}>,COc1ccccc1,OCCCc1ccccc1,Protein-Null-0.0.3-Pair-NMR-1E4-Umbrella-1E3-4-AAQAA3-1E3-3-OPC3_opc3,3,0.9762058817314082,0.0002645050875751,0.9885500000000002,0.00026
6291,2826,dens_274848672468745759,516,Density,<Substance CCCCOC(C)=O{solv}{x=0.293400}|c1ccccc1{solv}{x=0.706600}>,CCCCOC(C)=O,c1ccccc1,Protein-Null-0.0.3-Pair-NMR-1E4-Umbrella-1E3-4-AAQAA3-1E3-3-OPC3_opc3,3,0.8673215021528953,0.0002814814013239,0.8736600000000002,0.00021
6292,2827,dens_493354132810710227,517,Density,<Substance CCCCOC(C)=O{solv}{x=0.710500}|c1ccccc1{solv}{x=0.289500}>,CCCCOC(C)=O,c1ccccc1,Protein-Null-0.0.3-Pair-NMR-1E4-Umbrella-1E3-4-AAQAA3-1E3-3-OPC3_opc3,3,0.8741707082595205,0.0002087920148923,0.8751500000000002,0.000335
6293,2828,dhmix_754807126845437364,518,EnthalpyOfMixing,<Substance CCCCOC(C)=O{solv}{x=0.495800}|c1ccccc1{solv}{x=0.504200}>,CCCCOC(C)=O,c1ccccc1,Protein-Null-0.0.3-Pair-NMR-1E4-Umbrella-1E3-4-AAQAA3-1E3-3-OPC3_opc3,3,-0.1335335109328106,0.0394234517759155,-0.0245,0.001
6294,2829,dens_834118541551127044,519,Density,<Substance CCCCOC(C)=O{solv}{x=0.504400}|c1ccccc1{solv}{x=0.495600}>,CCCCOC(C)=O,c1ccccc1,Protein-Null-0.0.3-Pair-NMR-1E4-Umbrella-1E3-4-AAQAA3-1E3-3-OPC3_opc3,3,0.8709878313656944,0.0002351438915507,0.8744300000000002,0.000265
6295,2830,dhmix_1349932525480083284,520,EnthalpyOfMixing,<Substance CCCCOC(C)=O{solv}{x=0.252300}|c1ccccc1{solv}{x=0.747700}>,CCCCOC(C)=O,c1ccccc1,Protein-Null-0.0.3-Pair-NMR-1E4-Umbrella-1E3-4-AAQAA3-1E3-3-OPC3_opc3,3,-0.0989798772846768,0.0405921246521898,-0.014,0.0009
6296,2831,dhmix_1597992980658352112,521,EnthalpyOfMixing,<Substance CCCCOC(C)=O{solv}{x=0.771400}|c1ccccc1{solv}{x=0.228600}>,CCCCOC(C)=O,c1ccccc1,Protein-Null-0.0.3-Pair-NMR-1E4-Umbrella-1E3-4-AAQAA3-1E3-3-OPC3_opc3,3,-0.1527689498547513,0.0485827593281941,-0.0245,0.001
6297,2832,dens_275501958869207518,522,Density,<Substance C1CCOCC1{solv}{x=0.226300}|Cc1ccccc1Cl{solv}{x=0.773700}>,C1CCOCC1,Cc1ccccc1Cl,Protein-Null-0.0.3-Pair-NMR-1E4-Umbrella-1E3-4-AAQAA3-1E3-3-OPC3_opc3,3,1.031646684012318,0.0002651297466146,1.0396,0.0005
6298,2833,dhmix_818597523255588519,523,EnthalpyOfMixing,<Substance C1CCOCC1{solv}{x=0.753300}|Cc1ccccc1Cl{solv}{x=0.246700}>,C1CCOCC1,Cc1ccccc1Cl,Protein-Null-0.0.3-Pair-NMR-1E4-Umbrella-1E3-4-AAQAA3-1E3-3-OPC3_opc3,3,-0.2519977510691831,0.0460048563926377,-0.154,0.001
6299,2834,dhmix_849121557716978550,524,EnthalpyOfMixing,<Substance C1CCOCC1{solv}{x=0.517500}|Cc1ccccc1Cl{solv}{x=0.482500}>,C1CCOCC1,Cc1ccccc1Cl,Protein-Null-0.0.3-Pair-NMR-1E4-Umbrella-1E3-4-AAQAA3-1E3-3-OPC3_opc3,3,-0.2325891557352832,0.0411537894946558,-0.22,0.0015
6300,2835,dens_946978292781731327,525,Density,<Substance C1CCOCC1{solv}{x=0.478400}|Cc1ccccc1Cl{solv}{x=0.521600}>,C1CCOCC1,Cc1ccccc1Cl,Protein-Null-0.0.3-Pair-NMR-1E4-Umbrella-1E3-4-AAQAA3-1E3-3-OPC3_opc3,3,0.9837353661428032,0.0002130266934251,0.9931600000000002,0.00051
6301,2836,dhmix_997266220336132741,526,EnthalpyOfMixing,<Substance C1CCOCC1{solv}{x=0.263200}|Cc1ccccc1Cl{solv}{x=0.736800}>,C1CCOCC1,Cc1ccccc1Cl,Protein-Null-0.0.3-Pair-NMR-1E4-Umbrella-1E3-4-AAQAA3-1E3-3-OPC3_opc3,3,-0.2193709422221985,0.0433852949605024,-0.175,0.001
6302,2837,dens_1191185394819541532,527,Density,<Substance C1CCOCC1{solv}{x=0.765800}|Cc1ccccc1Cl{solv}{x=0.234200}>,C1CCOCC1,Cc1ccccc1Cl,Protein-Null-0.0.3-Pair-NMR-1E4-Umbrella-1E3-4-AAQAA3-1E3-3-OPC3_opc3,3,0.9228504522330376,0.000255045655692,0.9336500000000002,0.000505
6303,2838,dhmix_278334692660393021,528,EnthalpyOfMixing,<Substance CCCCCCC{solv}{x=0.205900}|CNc1ccccc1{solv}{x=0.794100}>,CCCCCCC,CNc1ccccc1,Protein-Null-0.0.3-Pair-NMR-1E4-Umbrella-1E3-4-AAQAA3-1E3-3-OPC3_opc3,3,1.832671342506039,0.0465878953144634,1.126,0.012
6304,2839,dens_480658478095207102,529,Density,<Substance CCCCCCC{solv}{x=0.740500}|CNc1ccccc1{solv}{x=0.259500}>,CCCCCCC,CNc1ccccc1,Protein-Null-0.0.3-Pair-NMR-1E4-Umbrella-1E3-4-AAQAA3-1E3-3-OPC3_opc3,3,0.7299128805484645,0.0002299131102504,0.7424910000000001,0.00014
6305,2840,dhmix_898293423987680187,530,EnthalpyOfMixing,<Substance CCCCCCC{solv}{x=0.501700}|CNc1ccccc1{solv}{x=0.498300}>,CCCCCCC,CNc1ccccc1,Protein-Null-0.0.3-Pair-NMR-1E4-Umbrella-1E3-4-AAQAA3-1E3-3-OPC3_opc3,3,2.0735627593189747,0.0395711951627804,1.676,0.018
6306,2841,dens_1509968737377061562,531,Density,<Substance CCCCCCC{solv}{x=0.250900}|CNc1ccccc1{solv}{x=0.749100}>,CCCCCCC,CNc1ccccc1,Protein-Null-0.0.3-Pair-NMR-1E4-Umbrella-1E3-4-AAQAA3-1E3-3-OPC3_opc3,3,0.888910199881842,0.0001864241153104,0.8897150000000003,0.0002615
6307,2842,dhmix_1680546488782143957,532,EnthalpyOfMixing,<Substance CCCCCCC{solv}{x=0.703200}|CNc1ccccc1{solv}{x=0.296800}>,CCCCCCC,CNc1ccccc1,Protein-Null-0.0.3-Pair-NMR-1E4-Umbrella-1E3-4-AAQAA3-1E3-3-OPC3_opc3,3,2.136505722673959,0.0511888637164151,1.539,0.0165
6308,2843,dens_2074014246120135820,533,Density,<Substance CCCCCCC{solv}{x=0.497000}|CNc1ccccc1{solv}{x=0.503000}>,CCCCCCC,CNc1ccccc1,Protein-Null-0.0.3-Pair-NMR-1E4-Umbrella-1E3-4-AAQAA3-1E3-3-OPC3_opc3,3,0.8028874394971596,0.0001767237476773,0.8106920000000002,0.0001785
6309,2844,dens_296890921001565391,534,Density,<Substance CCCCN{solv}{x=0.755200}|CN(C)C=O{solv}{x=0.244800}>,CCCCN,CN(C)C=O,Protein-Null-0.0.3-Pair-NMR-1E4-Umbrella-1E3-4-AAQAA3-1E3-3-OPC3_opc3,3,0.7893698747352714,0.000243618417382,0.7762150000000002,0.000949
6310,2845,dens_380536870617309130,535,Density,<Substance CCCCN{solv}{x=0.242800}|CN(C)C=O{solv}{x=0.757200}>,CCCCN,CN(C)C=O,Protein-Null-0.0.3-Pair-NMR-1E4-Umbrella-1E3-4-AAQAA3-1E3-3-OPC3_opc3,3,0.8728434848669023,0.0002527590519712,0.8845160000000002,0.0010795
6311,2846,dhmix_493117160214491795,536,EnthalpyOfMixing,<Substance CCCCN{solv}{x=0.244100}|CN(C)C=O{solv}{x=0.755900}>,CCCCN,CN(C)C=O,Protein-Null-0.0.3-Pair-NMR-1E4-Umbrella-1E3-4-AAQAA3-1E3-3-OPC3_opc3,3,0.1650097724359795,0.0416912018323559,0.245,0.008
6312,2847,dhmix_789225002934078019,537,EnthalpyOfMixing,<Substance CCCCN{solv}{x=0.750200}|CN(C)C=O{solv}{x=0.249800}>,CCCCN,CN(C)C=O,Protein-Null-0.0.3-Pair-NMR-1E4-Umbrella-1E3-4-AAQAA3-1E3-3-OPC3_opc3,3,0.2708432645875618,0.0471191908675589,0.32,0.01
6313,2848,dhmix_941321571782058819,538,EnthalpyOfMixing,<Substance CCCCN{solv}{x=0.499200}|CN(C)C=O{solv}{x=0.500800}>,CCCCN,CN(C)C=O,Protein-Null-0.0.3-Pair-NMR-1E4-Umbrella-1E3-4-AAQAA3-1E3-3-OPC3_opc3,3,0.3250611556461464,0.0385049453445505,0.384,0.0115
6314,2849,dens_2179361372918836941,539,Density,<Substance CCCCN{solv}{x=0.497200}|CN(C)C=O{solv}{x=0.502800}>,CCCCN,CN(C)C=O,Protein-Null-0.0.3-Pair-NMR-1E4-Umbrella-1E3-4-AAQAA3-1E3-3-OPC3_opc3,3,0.8300747846267795,0.0002606123378574,0.8277360000000001,0.001011
6315,2850,dens_300257448272323407,540,Density,<Substance CC(C)O{solv}{x=0.745200}|NCCN{solv}{x=0.254800}>,CC(C)O,NCCN,Protein-Null-0.0.3-Pair-NMR-1E4-Umbrella-1E3-4-AAQAA3-1E3-3-OPC3_opc3,3,0.8434187521723611,0.0002243454347543,0.8163970000000003,0.0002325
6316,2851,dens_924750366683277351,541,Density,<Substance CC(C)O{solv}{x=0.203100}|NCCN{solv}{x=0.796900}>,CC(C)O,NCCN,Protein-Null-0.0.3-Pair-NMR-1E4-Umbrella-1E3-4-AAQAA3-1E3-3-OPC3_opc3,3,0.9670235056144104,0.0002714294117329,0.8736620000000003,0.0002225
6317,2852,dens_2284409308160572308,542,Density,<Substance CC(C)O{solv}{x=0.489100}|NCCN{solv}{x=0.510900}>,CC(C)O,NCCN,Protein-Null-0.0.3-Pair-NMR-1E4-Umbrella-1E3-4-AAQAA3-1E3-3-OPC3_opc3,3,0.8985786944775501,0.0003230517347344,0.8449250000000001,0.0002245
6318,2853,dens_305501840068636812,543,Density,<Substance CC(C)=O{solv}{x=0.750000}|CCO{solv}{x=0.250000}>,CC(C)=O,CCO,Protein-Null-0.0.3-Pair-NMR-1E4-Umbrella-1E3-4-AAQAA3-1E3-3-OPC3_opc3,3,0.7703684421880426,0.0003157480537705,0.7859000000000002,0.000115
6319,2854,dens_472577738907297293,544,Density,<Substance CC(C)=O{solv}{x=0.250000}|CCO{solv}{x=0.750000}>,CC(C)=O,CCO,Protein-Null-0.0.3-Pair-NMR-1E4-Umbrella-1E3-4-AAQAA3-1E3-3-OPC3_opc3,3,0.7774393138854354,0.0002313321340589,0.7861600000000002,0.000115
6320,2855,dens_2271083741716457850,545,Density,<Substance CC(C)=O{solv}{x=0.499900}|CCO{solv}{x=0.500100}>,CC(C)=O,CCO,Protein-Null-0.0.3-Pair-NMR-1E4-Umbrella-1E3-4-AAQAA3-1E3-3-OPC3_opc3,3,0.7719818475598085,0.0003259373128648,0.7861900000000003,0.000115
6321,2856,dens_307445163336341047,546,Density,<Substance CN1CCCC1=O{solv}{x=0.703700}|ClCCCl{solv}{x=0.296300}>,CN1CCCC1=O,ClCCCl,Protein-Null-0.0.3-Pair-NMR-1E4-Umbrella-1E3-4-AAQAA3-1E3-3-OPC3_opc3,3,1.0598123350103128,0.0002562121115638,1.0851000000000002,0.0002
6322,2857,dhmix_453866769634566853,547,EnthalpyOfMixing,<Substance CN1CCCC1=O{solv}{x=0.253100}|ClCCCl{solv}{x=0.746900}>,CN1CCCC1=O,ClCCCl,Protein-Null-0.0.3-Pair-NMR-1E4-Umbrella-1E3-4-AAQAA3-1E3-3-OPC3_opc3,3,-0.0911790369490646,0.0364255627534623,-0.8118,0.01525
6323,2858,dhmix_536206650470008584,548,EnthalpyOfMixing,<Substance CN1CCCC1=O{solv}{x=0.500000}|ClCCCl{solv}{x=0.500000}>,CN1CCCC1=O,ClCCCl,Protein-Null-0.0.3-Pair-NMR-1E4-Umbrella-1E3-4-AAQAA3-1E3-3-OPC3_opc3,3,-0.1270314291061645,0.0360477003493047,-1.264,0.0055
6324,2859,dens_1046625605566999080,549,Density,<Substance CN1CCCC1=O{solv}{x=0.202500}|ClCCCl{solv}{x=0.797500}>,CN1CCCC1=O,ClCCCl,Protein-Null-0.0.3-Pair-NMR-1E4-Umbrella-1E3-4-AAQAA3-1E3-3-OPC3_opc3,3,1.1636534380927313,0.0004099980603789,1.1953000000000005,0.00025
6325,2860,dhmix_1620571823529677157,550,EnthalpyOfMixing,<Substance CN1CCCC1=O{solv}{x=0.736700}|ClCCCl{solv}{x=0.263300}>,CN1CCCC1=O,ClCCCl,Protein-Null-0.0.3-Pair-NMR-1E4-Umbrella-1E3-4-AAQAA3-1E3-3-OPC3_opc3,3,-0.069116919726305,0.0411325192206704,-0.8587,0.01605
6326,2861,dens_2059567022041766694,551,Density,<Substance CN1CCCC1=O{solv}{x=0.497500}|ClCCCl{solv}{x=0.502500}>,CN1CCCC1=O,ClCCCl,Protein-Null-0.0.3-Pair-NMR-1E4-Umbrella-1E3-4-AAQAA3-1E3-3-OPC3_opc3,3,1.10376612459142,0.0002971532547653,1.1283000000000003,0.0002
6327,2862,dens_313234519309892479,552,Density,<Substance CC(=O)N(C)C{solv}{x=0.293800}|CCCCCCCCCl{solv}{x=0.706200}>,CC(=O)N(C)C,CCCCCCCCCl,Protein-Null-0.0.3-Pair-NMR-1E4-Umbrella-1E3-4-AAQAA3-1E3-3-OPC3_opc3,3,0.8639498945865839,0.0002168130043342,0.8796000000000003,0.00045
6328,2863,dhmix_444785917463403590,553,EnthalpyOfMixing,<Substance CC(=O)N(C)C{solv}{x=0.703000}|CCCCCCCCCl{solv}{x=0.297000}>,CC(=O)N(C)C,CCCCCCCCCl,Protein-Null-0.0.3-Pair-NMR-1E4-Umbrella-1E3-4-AAQAA3-1E3-3-OPC3_opc3,3,0.9857804176611468,0.0393605443241082,0.751,0.004
6329,2864,dhmix_705168937124106402,554,EnthalpyOfMixing,<Substance CC(=O)N(C)C{solv}{x=0.215000}|CCCCCCCCCl{solv}{x=0.785000}>,CC(=O)N(C)C,CCCCCCCCCl,Protein-Null-0.0.3-Pair-NMR-1E4-Umbrella-1E3-4-AAQAA3-1E3-3-OPC3_opc3,3,0.6795653300709716,0.0578604469218139,0.519,0.0035
6330,2865,dens_1549584991651515376,555,Density,<Substance CC(=O)N(C)C{solv}{x=0.502200}|CCCCCCCCCl{solv}{x=0.497800}>,CC(=O)N(C)C,CCCCCCCCCl,Protein-Null-0.0.3-Pair-NMR-1E4-Umbrella-1E3-4-AAQAA3-1E3-3-OPC3_opc3,3,0.870460394611619,0.000202438519039,0.8902000000000002,0.0004
6331,2866,dhmix_1732161251827083272,556,EnthalpyOfMixing,<Substance CC(=O)N(C)C{solv}{x=0.508000}|CCCCCCCCCl{solv}{x=0.492000}>,CC(=O)N(C)C,CCCCCCCCCl,Protein-Null-0.0.3-Pair-NMR-1E4-Umbrella-1E3-4-AAQAA3-1E3-3-OPC3_opc3,3,0.9466991555087318,0.0435022265598617,0.829,0.004
6332,2867,dens_2189889607118243828,557,Density,<Substance CC(=O)N(C)C{solv}{x=0.700500}|CCCCCCCCCl{solv}{x=0.299500}>,CC(=O)N(C)C,CCCCCCCCCl,Protein-Null-0.0.3-Pair-NMR-1E4-Umbrella-1E3-4-AAQAA3-1E3-3-OPC3_opc3,3,0.8787414687008037,0.0002193696917193,0.9041000000000002,0.00035
6333,2868,dens_314482396827660717,558,Density,<Substance BrCCBr{solv}{x=0.753700}|COC(C)=O{solv}{x=0.246300}>,BrCCBr,COC(C)=O,Protein-Null-0.0.3-Pair-NMR-1E4-Umbrella-1E3-4-AAQAA3-1E3-3-OPC3_opc3,3,1.830403145944918,0.0005567987111794,1.8774400000000004,0.003355
6334,2869,dens_344993892965738820,559,Density,<Substance BrCCBr{solv}{x=0.275200}|COC(C)=O{solv}{x=0.724800}>,BrCCBr,COC(C)=O,Protein-Null-0.0.3-Pair-NMR-1E4-Umbrella-1E3-4-AAQAA3-1E3-3-OPC3_opc3,3,1.2779314062121865,0.0003752245970105,1.2862400000000005,0.001125
6335,2870,dhmix_545996968666061076,560,EnthalpyOfMixing,<Substance BrCCBr{solv}{x=0.720900}|COC(C)=O{solv}{x=0.279100}>,BrCCBr,COC(C)=O,Protein-Null-0.0.3-Pair-NMR-1E4-Umbrella-1E3-4-AAQAA3-1E3-3-OPC3_opc3,3,-0.0311417312853707,0.0281312657422593,0.2594,0.0028
6336,2871,dens_714044009336077786,561,Density,<Substance BrCCBr{solv}{x=0.512100}|COC(C)=O{solv}{x=0.487900}>,BrCCBr,COC(C)=O,Protein-Null-0.0.3-Pair-NMR-1E4-Umbrella-1E3-4-AAQAA3-1E3-3-OPC3_opc3,3,1.5593283155387798,0.0004407953910882,1.5834900000000005,0.0021
6337,2872,dhmix_1222511035002547253,562,EnthalpyOfMixing,<Substance BrCCBr{solv}{x=0.485500}|COC(C)=O{solv}{x=0.514500}>,BrCCBr,COC(C)=O,Protein-Null-0.0.3-Pair-NMR-1E4-Umbrella-1E3-4-AAQAA3-1E3-3-OPC3_opc3,3,-0.0667291694466989,0.0321007177395002,0.2577,0.00275
6338,2873,dhmix_1418101673429653456,563,EnthalpyOfMixing,<Substance BrCCBr{solv}{x=0.250800}|COC(C)=O{solv}{x=0.749200}>,BrCCBr,COC(C)=O,Protein-Null-0.0.3-Pair-NMR-1E4-Umbrella-1E3-4-AAQAA3-1E3-3-OPC3_opc3,3,-0.042697534763775,0.0353736901092048,0.1202,0.0017
6339,2874,dens_314934747194338330,564,Density,<Substance CC(C)CCl{solv}{x=0.513700}|CC(C)OC(C)C{solv}{x=0.486300}>,CC(C)CCl,CC(C)OC(C)C,Protein-Null-0.0.3-Pair-NMR-1E4-Umbrella-1E3-4-AAQAA3-1E3-3-OPC3_opc3,3,0.794294962424413,0.0003051396501542,0.7878250000000002,0.000405
6340,2875,dhmix_355399496844187096,565,EnthalpyOfMixing,<Substance CC(C)CCl{solv}{x=0.545300}|CC(C)OC(C)C{solv}{x=0.454700}>,CC(C)CCl,CC(C)OC(C)C,Protein-Null-0.0.3-Pair-NMR-1E4-Umbrella-1E3-4-AAQAA3-1E3-3-OPC3_opc3,3,-0.1597155791598581,0.0404438311770232,-0.0957,0.0012
6341,2876,dens_688062365117407068,566,Density,<Substance CC(C)CCl{solv}{x=0.805900}|CC(C)OC(C)C{solv}{x=0.194100}>,CC(C)CCl,CC(C)OC(C)C,Protein-Null-0.0.3-Pair-NMR-1E4-Umbrella-1E3-4-AAQAA3-1E3-3-OPC3_opc3,3,0.8315460066894387,0.0002614259883316,0.8355300000000002,0.0003555
6342,2877,dhmix_1411881046585885461,567,EnthalpyOfMixing,<Substance CC(C)CCl{solv}{x=0.090700}|CC(C)OC(C)C{solv}{x=0.909300}>,CC(C)CCl,CC(C)OC(C)C,Protein-Null-0.0.3-Pair-NMR-1E4-Umbrella-1E3-4-AAQAA3-1E3-3-OPC3_opc3,3,-0.079409259526038,0.0474606157542567,-0.0302,0.00055
6343,2878,dens_1762455266351712367,568,Density,<Substance CC(C)CCl{solv}{x=0.091000}|CC(C)OC(C)C{solv}{x=0.909000}>,CC(C)CCl,CC(C)OC(C)C,Protein-Null-0.0.3-Pair-NMR-1E4-Umbrella-1E3-4-AAQAA3-1E3-3-OPC3_opc3,3,0.7482213516142322,0.0002483630926715,0.7293950000000001,0.000464
6344,2879,dhmix_2302865667781063708,569,EnthalpyOfMixing,<Substance CC(C)CCl{solv}{x=0.727000}|CC(C)OC(C)C{solv}{x=0.273000}>,CC(C)CCl,CC(C)OC(C)C,Protein-Null-0.0.3-Pair-NMR-1E4-Umbrella-1E3-4-AAQAA3-1E3-3-OPC3_opc3,3,-0.0806564414968775,0.0441393475428646,-0.0791,0.001
6345,2880,dens_321327254341950207,570,Density,<Substance C1COCCO1{solv}{x=0.780300}|CCCCCC(C)=O{solv}{x=0.219700}>,C1COCCO1,CCCCCC(C)=O,Protein-Null-0.0.3-Pair-NMR-1E4-Umbrella-1E3-4-AAQAA3-1E3-3-OPC3_opc3,3,0.9535122870535128,0.0002193900492306,0.9576500000000002,0.0003
6346,2881,dens_377701756930918353,571,Density,<Substance C1COCCO1{solv}{x=0.500600}|CCCCCC(C)=O{solv}{x=0.499400}>,C1COCCO1,CCCCCC(C)=O,Protein-Null-0.0.3-Pair-NMR-1E4-Umbrella-1E3-4-AAQAA3-1E3-3-OPC3_opc3,3,0.8829572494958378,0.0002054198182676,0.8916700000000002,0.000345
6347,2882,dhmix_600625644134907580,572,EnthalpyOfMixing,<Substance C1COCCO1{solv}{x=0.500000}|CCCCCC(C)=O{solv}{x=0.500000}>,C1COCCO1,CCCCCC(C)=O,Protein-Null-0.0.3-Pair-NMR-1E4-Umbrella-1E3-4-AAQAA3-1E3-3-OPC3_opc3,3,0.4893014139749994,0.0397300212194537,0.4509,0.002255
6348,2883,dens_1451069448215305244,573,Density,<Substance C1COCCO1{solv}{x=0.220300}|CCCCCC(C)=O{solv}{x=0.779700}>,C1COCCO1,CCCCCC(C)=O,Protein-Null-0.0.3-Pair-NMR-1E4-Umbrella-1E3-4-AAQAA3-1E3-3-OPC3_opc3,3,0.8291924878832059,0.0001959775511766,0.8420800000000003,0.000385
6349,2884,dhmix_2028813035406256788,574,EnthalpyOfMixing,<Substance C1COCCO1{solv}{x=0.750000}|CCCCCC(C)=O{solv}{x=0.250000}>,C1COCCO1,CCCCCC(C)=O,Protein-Null-0.0.3-Pair-NMR-1E4-Umbrella-1E3-4-AAQAA3-1E3-3-OPC3_opc3,3,0.5315955807922279,0.044673524440182,0.4064,0.00209
6350,2885,dhmix_2222211577832383320,575,EnthalpyOfMixing,<Substance C1COCCO1{solv}{x=0.250000}|CCCCCC(C)=O{solv}{x=0.750000}>,C1COCCO1,CCCCCC(C)=O,Protein-Null-0.0.3-Pair-NMR-1E4-Umbrella-1E3-4-AAQAA3-1E3-3-OPC3_opc3,3,0.4639476049767665,0.0511124266620586,0.2911,0.00164
6351,2886,dhmix_325212618372456630,576,EnthalpyOfMixing,<Substance CCCCCCC{solv}{x=0.500000}|c1ccccc1{solv}{x=0.500000}>,CCCCCCC,c1ccccc1,Protein-Null-0.0.3-Pair-NMR-1E4-Umbrella-1E3-4-AAQAA3-1E3-3-OPC3_opc3,3,1.136911199586578,0.0442211606834669,0.9235,0.0051
6352,2887,dhmix_409350268177199962,577,EnthalpyOfMixing,<Substance CCCCCCC{solv}{x=0.751900}|c1ccccc1{solv}{x=0.248100}>,CCCCCCC,c1ccccc1,Protein-Null-0.0.3-Pair-NMR-1E4-Umbrella-1E3-4-AAQAA3-1E3-3-OPC3_opc3,3,0.8474555135683062,0.0490532001699267,0.6047,0.0035
6353,2888,dens_1685942387769177799,578,Density,<Substance CCCCCCC{solv}{x=0.913667}|c1ccccc1{solv}{x=0.086333}>,CCCCCCC,c1ccccc1,Protein-Null-0.0.3-Pair-NMR-1E4-Umbrella-1E3-4-AAQAA3-1E3-3-OPC3_opc3,3,0.6744203232643412,0.0002114138968079,0.6892400000000002,0.000805
6354,2889,dens_2148382258223830900,579,Density,<Substance CCCCCCC{solv}{x=0.273700}|c1ccccc1{solv}{x=0.726300}>,CCCCCCC,c1ccccc1,Protein-Null-0.0.3-Pair-NMR-1E4-Umbrella-1E3-4-AAQAA3-1E3-3-OPC3_opc3,3,0.7689501496879428,0.0002725069378255,0.7855000000000002,0.00015
6355,2890,dens_2219829254239605828,580,Density,<Substance CCCCCCC{solv}{x=0.492200}|c1ccccc1{solv}{x=0.507800}>,CCCCCCC,c1ccccc1,Protein-Null-0.0.3-Pair-NMR-1E4-Umbrella-1E3-4-AAQAA3-1E3-3-OPC3_opc3,3,0.7240068096425416,0.0002392040270884,0.7409000000000001,0.00015
6356,2891,dhmix_2296565820723783732,581,EnthalpyOfMixing,<Substance CCCCCCC{solv}{x=0.242400}|c1ccccc1{solv}{x=0.757600}>,CCCCCCC,c1ccccc1,Protein-Null-0.0.3-Pair-NMR-1E4-Umbrella-1E3-4-AAQAA3-1E3-3-OPC3_opc3,3,0.9614135398791176,0.0425435543348692,0.7775,0.0044
6357,2892,dens_326446104630354701,582,Density,<Substance BrCCBr{solv}{x=0.728600}|CCC(=O)OC{solv}{x=0.271400}>,BrCCBr,CCC(=O)OC,Protein-Null-0.0.3-Pair-NMR-1E4-Umbrella-1E3-4-AAQAA3-1E3-3-OPC3_opc3,3,1.7516943545624335,0.0005983974453144,1.7949900000000003,0.00303
6358,2893,dens_886315086380393150,583,Density,<Substance BrCCBr{solv}{x=0.494400}|CCC(=O)OC{solv}{x=0.505600}>,BrCCBr,CCC(=O)OC,Protein-Null-0.0.3-Pair-NMR-1E4-Umbrella-1E3-4-AAQAA3-1E3-3-OPC3_opc3,3,1.4670320426148626,0.0004724135785553,1.4941800000000005,0.001825
6359,2894,dhmix_1410129135672303476,584,EnthalpyOfMixing,<Substance BrCCBr{solv}{x=0.491400}|CCC(=O)OC{solv}{x=0.508600}>,BrCCBr,CCC(=O)OC,Protein-Null-0.0.3-Pair-NMR-1E4-Umbrella-1E3-4-AAQAA3-1E3-3-OPC3_opc3,3,-0.3429280227663298,0.0362048917456839,0.0195,0.00185
6360,2895,dhmix_1551714230583118668,585,EnthalpyOfMixing,<Substance BrCCBr{solv}{x=0.755400}|CCC(=O)OC{solv}{x=0.244600}>,BrCCBr,CCC(=O)OC,Protein-Null-0.0.3-Pair-NMR-1E4-Umbrella-1E3-4-AAQAA3-1E3-3-OPC3_opc3,3,-0.1363228153132976,0.0362805108404948,0.09,0.00295
6361,2896,dhmix_1596310059176209101,586,EnthalpyOfMixing,<Substance BrCCBr{solv}{x=0.214800}|CCC(=O)OC{solv}{x=0.785200}>,BrCCBr,CCC(=O)OC,Protein-Null-0.0.3-Pair-NMR-1E4-Umbrella-1E3-4-AAQAA3-1E3-3-OPC3_opc3,3,-0.2781129990184938,0.04455273861008,-0.0281,0.002
6362,2897,dens_1860027304017736150,587,Density,<Substance BrCCBr{solv}{x=0.257000}|CCC(=O)OC{solv}{x=0.743000}>,BrCCBr,CCC(=O)OC,Protein-Null-0.0.3-Pair-NMR-1E4-Umbrella-1E3-4-AAQAA3-1E3-3-OPC3_opc3,3,1.1914242726101854,0.0003863440809713,1.2059400000000002,0.000915
6363,2898,dhmix_334328961632702336,588,EnthalpyOfMixing,<Substance Cc1ccccc1N{solv}{x=0.492600}|Cc1cccnc1{solv}{x=0.507400}>,Cc1ccccc1N,Cc1cccnc1,Protein-Null-0.0.3-Pair-NMR-1E4-Umbrella-1E3-4-AAQAA3-1E3-3-OPC3_opc3,3,-1.600223301611372,0.0393778129029889,-1.4091,0.0287
6364,2899,dhmix_382843935535082222,589,EnthalpyOfMixing,<Substance Cc1ccccc1N{solv}{x=0.232300}|Cc1cccnc1{solv}{x=0.767700}>,Cc1ccccc1N,Cc1cccnc1,Protein-Null-0.0.3-Pair-NMR-1E4-Umbrella-1E3-4-AAQAA3-1E3-3-OPC3_opc3,3,-1.1936770967188632,0.0415124191351518,-1.1196,0.02285
6365,2900,dens_890019852111400701,590,Density,<Substance Cc1ccccc1N{solv}{x=0.533600}|Cc1cccnc1{solv}{x=0.466400}>,Cc1ccccc1N,Cc1cccnc1,Protein-Null-0.0.3-Pair-NMR-1E4-Umbrella-1E3-4-AAQAA3-1E3-3-OPC3_opc3,3,0.9861181988945172,0.0002885502288557,0.9795770000000004,0.0001185
6366,2901,dens_1033313642915027277,591,Density,<Substance Cc1ccccc1N{solv}{x=0.737200}|Cc1cccnc1{solv}{x=0.262800}>,Cc1ccccc1N,Cc1cccnc1,Protein-Null-0.0.3-Pair-NMR-1E4-Umbrella-1E3-4-AAQAA3-1E3-3-OPC3_opc3,3,0.999984762400386,0.000372978249701,0.9867010000000004,0.000118
6367,2902,dhmix_1057104304179164775,592,EnthalpyOfMixing,<Substance Cc1ccccc1N{solv}{x=0.778900}|Cc1cccnc1{solv}{x=0.221100}>,Cc1ccccc1N,Cc1cccnc1,Protein-Null-0.0.3-Pair-NMR-1E4-Umbrella-1E3-4-AAQAA3-1E3-3-OPC3_opc3,3,-1.0203537681655632,0.0528832077867897,-0.8735,0.01785
6368,2903,dens_1445313714023685702,593,Density,<Substance Cc1ccccc1N{solv}{x=0.246700}|Cc1cccnc1{solv}{x=0.753300}>,Cc1ccccc1N,Cc1cccnc1,Protein-Null-0.0.3-Pair-NMR-1E4-Umbrella-1E3-4-AAQAA3-1E3-3-OPC3_opc3,3,0.964120434943725,0.0002179110913377,0.9668750000000004,0.00012
6369,2904,dens_335631113096608920,594,Density,<Substance CCC(C)=O{solv}{x=0.501800}|CCCCNCCCC{solv}{x=0.498200}>,CCC(C)=O,CCCCNCCCC,Protein-Null-0.0.3-Pair-NMR-1E4-Umbrella-1E3-4-AAQAA3-1E3-3-OPC3_opc3,3,0.7605341684930049,0.0002143726238639,0.7693960000000002,9.950000000000003e-05
6370,2905,dhmix_551451232292287572,595,EnthalpyOfMixing,<Substance CCC(C)=O{solv}{x=0.215400}|CCCCNCCCC{solv}{x=0.784600}>,CCC(C)=O,CCCCNCCCC,Protein-Null-0.0.3-Pair-NMR-1E4-Umbrella-1E3-4-AAQAA3-1E3-3-OPC3_opc3,3,0.0909190623701334,0.0593445235571988,0.417,0.0045
6371,2906,dens_800787154192710377,596,Density,<Substance CCC(C)=O{solv}{x=0.260300}|CCCCNCCCC{solv}{x=0.739700}>,CCC(C)=O,CCCCNCCCC,Protein-Null-0.0.3-Pair-NMR-1E4-Umbrella-1E3-4-AAQAA3-1E3-3-OPC3_opc3,3,0.7566000427532357,0.0001907718444131,0.7614750000000002,0.0001005
6372,2907,dhmix_1210431916849512476,597,EnthalpyOfMixing,<Substance CCC(C)=O{solv}{x=0.504400}|CCCCNCCCC{solv}{x=0.495600}>,CCC(C)=O,CCCCNCCCC,Protein-Null-0.0.3-Pair-NMR-1E4-Umbrella-1E3-4-AAQAA3-1E3-3-OPC3_opc3,3,0.1883194314288587,0.0448296835365455,0.619,0.0065
6373,2908,dhmix_1503682496766473076,598,EnthalpyOfMixing,<Substance CCC(C)=O{solv}{x=0.792200}|CCCCNCCCC{solv}{x=0.207800}>,CCC(C)=O,CCCCNCCCC,Protein-Null-0.0.3-Pair-NMR-1E4-Umbrella-1E3-4-AAQAA3-1E3-3-OPC3_opc3,3,0.136721148922323,0.0445026279170892,0.425,0.0045
6374,2909,dens_2232561341275312196,599,Density,<Substance CCC(C)=O{solv}{x=0.747300}|CCCCNCCCC{solv}{x=0.252700}>,CCC(C)=O,CCCCNCCCC,Protein-Null-0.0.3-Pair-NMR-1E4-Umbrella-1E3-4-AAQAA3-1E3-3-OPC3_opc3,3,0.7663313336495206,0.0002237150548189,0.7810500000000001,9.750000000000004e-05
6375,2910,dhmix_335934546122425398,600,EnthalpyOfMixing,<Substance C1CCOCC1{solv}{x=0.550000}|O=C1CCCC1{solv}{x=0.450000}>,C1CCOCC1,O=C1CCCC1,Protein-Null-0.0.3-Pair-NMR-1E4-Umbrella-1E3-4-AAQAA3-1E3-3-OPC3_opc3,3,0.0526267621690692,0.0318511052062123,0.15813,0.001
6376,2911,dhmix_337659115721770978,601,EnthalpyOfMixing,<Substance C1CCOCC1{solv}{x=0.250000}|O=C1CCCC1{solv}{x=0.750000}>,C1CCOCC1,O=C1CCCC1,Protein-Null-0.0.3-Pair-NMR-1E4-Umbrella-1E3-4-AAQAA3-1E3-3-OPC3_opc3,3,0.0346070632102666,0.0440748449624114,0.11325,0.00084
6377,2912,dens_579415285212890284,602,Density,<Substance C1CCOCC1{solv}{x=0.708000}|O=C1CCCC1{solv}{x=0.292000}>,C1CCOCC1,O=C1CCCC1,Protein-Null-0.0.3-Pair-NMR-1E4-Umbrella-1E3-4-AAQAA3-1E3-3-OPC3_opc3,3,0.8800918958389973,0.0002243907601734,0.8972200000000002,0.00023
6378,2913,dens_788777315764582180,603,Density,<Substance C1CCOCC1{solv}{x=0.549800}|O=C1CCCC1{solv}{x=0.450200}>,C1CCOCC1,O=C1CCCC1,Protein-Null-0.0.3-Pair-NMR-1E4-Umbrella-1E3-4-AAQAA3-1E3-3-OPC3_opc3,3,0.8875963336982785,0.000264810765774,0.9073000000000002,0.000235
6379,2914,dens_1539654406736576807,604,Density,<Substance C1CCOCC1{solv}{x=0.235400}|O=C1CCCC1{solv}{x=0.764600}>,C1CCOCC1,O=C1CCCC1,Protein-Null-0.0.3-Pair-NMR-1E4-Umbrella-1E3-4-AAQAA3-1E3-3-OPC3_opc3,3,0.9017242674594788,0.0002671318823045,0.9281000000000004,0.00024
6380,2915,dhmix_1706969020375394315,605,EnthalpyOfMixing,<Substance C1CCOCC1{solv}{x=0.750000}|O=C1CCCC1{solv}{x=0.250000}>,C1CCOCC1,O=C1CCCC1,Protein-Null-0.0.3-Pair-NMR-1E4-Umbrella-1E3-4-AAQAA3-1E3-3-OPC3_opc3,3,0.066373303582722,0.0405553846134396,0.12811,0.000895
6381,2916,dens_337077748334497354,606,Density,<Substance CN1CCCCC1{solv}{x=0.245200}|O{solv}{x=0.754800}>,CN1CCCCC1,O,Protein-Null-0.0.3-Pair-NMR-1E4-Umbrella-1E3-4-AAQAA3-1E3-3-OPC3_opc3,3,0.8984295026671872,0.0003220092795141,0.9038110000000004,9.700000000000004e-05
6382,2917,dens_1619467922469494964,607,Density,<Substance CN1CCCCC1{solv}{x=0.790700}|O{solv}{x=0.209300}>,CN1CCCCC1,O,Protein-Null-0.0.3-Pair-NMR-1E4-Umbrella-1E3-4-AAQAA3-1E3-3-OPC3_opc3,3,0.8379290345767277,0.0002038252143974,0.8260470000000002,0.000108
6383,2918,dens_1725290505257505407,608,Density,<Substance CN1CCCCC1{solv}{x=0.505000}|O{solv}{x=0.495000}>,CN1CCCCC1,O,Protein-Null-0.0.3-Pair-NMR-1E4-Umbrella-1E3-4-AAQAA3-1E3-3-OPC3_opc3,3,0.8613973209103476,0.0002663199905223,0.8581580000000002,9.450000000000002e-05
6384,2919,dhmix_344305070199657817,609,EnthalpyOfMixing,<Substance CC(C)CC(C)(C)C{solv}{x=0.200300}|CCCO{solv}{x=0.799700}>,CC(C)CC(C)(C)C,CCCO,Protein-Null-0.0.3-Pair-NMR-1E4-Umbrella-1E3-4-AAQAA3-1E3-3-OPC3_opc3,3,0.415452829577184,0.0367558426012801,0.308,0.0055
6385,2920,dens_1020839744665732433,610,Density,<Substance CC(C)CC(C)(C)C{solv}{x=0.200100}|CCCO{solv}{x=0.799900}>,CC(C)CC(C)(C)C,CCCO,Protein-Null-0.0.3-Pair-NMR-1E4-Umbrella-1E3-4-AAQAA3-1E3-3-OPC3_opc3,3,0.7585893737911991,0.0001743639812446,0.7589500000000002,0.00029
6386,2921,dens_1348847431810734601,611,Density,<Substance CC(C)CC(C)(C)C{solv}{x=0.700000}|CCCO{solv}{x=0.300000}>,CC(C)CC(C)(C)C,CCCO,Protein-Null-0.0.3-Pair-NMR-1E4-Umbrella-1E3-4-AAQAA3-1E3-3-OPC3_opc3,3,0.7159473345680422,0.0002289778548548,0.7046500000000001,0.00028
6387,2922,dhmix_1376194238727172922,612,EnthalpyOfMixing,<Substance CC(C)CC(C)(C)C{solv}{x=0.499800}|CCCO{solv}{x=0.500200}>,CC(C)CC(C)(C)C,CCCO,Protein-Null-0.0.3-Pair-NMR-1E4-Umbrella-1E3-4-AAQAA3-1E3-3-OPC3_opc3,3,0.9675748288374422,0.0416761601816909,0.6025,0.0027
6388,2923,dhmix_1868873434415785592,613,EnthalpyOfMixing,<Substance CC(C)CC(C)(C)C{solv}{x=0.699900}|CCCO{solv}{x=0.300100}>,CC(C)CC(C)(C)C,CCCO,Protein-Null-0.0.3-Pair-NMR-1E4-Umbrella-1E3-4-AAQAA3-1E3-3-OPC3_opc3,3,0.9362909725190748,0.0480535589145108,0.6544,0.0029
6389,2924,dens_1870552320710773195,614,Density,<Substance CC(C)CC(C)(C)C{solv}{x=0.500000}|CCCO{solv}{x=0.500000}>,CC(C)CC(C)(C)C,CCCO,Protein-Null-0.0.3-Pair-NMR-1E4-Umbrella-1E3-4-AAQAA3-1E3-3-OPC3_opc3,3,0.729099580748922,0.0002304294738811,0.7214400000000002,0.00028
6390,2925,dens_344701479262570906,615,Density,<Substance C1CCOCC1{solv}{x=0.246100}|Cc1cccnc1{solv}{x=0.753900}>,C1CCOCC1,Cc1cccnc1,Protein-Null-0.0.3-Pair-NMR-1E4-Umbrella-1E3-4-AAQAA3-1E3-3-OPC3_opc3,3,0.9235496696571324,0.0002229651758609,0.9348570000000002,0.0004915
6391,2926,dhmix_772935681699310364,616,EnthalpyOfMixing,<Substance C1CCOCC1{solv}{x=0.480300}|Cc1cccnc1{solv}{x=0.519700}>,C1CCOCC1,Cc1cccnc1,Protein-Null-0.0.3-Pair-NMR-1E4-Umbrella-1E3-4-AAQAA3-1E3-3-OPC3_opc3,3,0.0862683479044932,0.0367629686542678,0.1271,0.00115
6392,2927,dens_1179184695460672925,617,Density,<Substance C1CCOCC1{solv}{x=0.756800}|Cc1cccnc1{solv}{x=0.243200}>,C1CCOCC1,Cc1cccnc1,Protein-Null-0.0.3-Pair-NMR-1E4-Umbrella-1E3-4-AAQAA3-1E3-3-OPC3_opc3,3,0.8858627860647155,0.0002259539981965,0.8976640000000002,0.0004655
6393,2928,dens_1273033541520518804,618,Density,<Substance C1CCOCC1{solv}{x=0.482700}|Cc1cccnc1{solv}{x=0.517300}>,C1CCOCC1,Cc1cccnc1,Protein-Null-0.0.3-Pair-NMR-1E4-Umbrella-1E3-4-AAQAA3-1E3-3-OPC3_opc3,3,0.9053658723529856,0.0002418649474455,0.9179640000000002,0.00048
6394,2929,dhmix_1594947441282636711,619,EnthalpyOfMixing,<Substance C1CCOCC1{solv}{x=0.735500}|Cc1cccnc1{solv}{x=0.264500}>,C1CCOCC1,Cc1cccnc1,Protein-Null-0.0.3-Pair-NMR-1E4-Umbrella-1E3-4-AAQAA3-1E3-3-OPC3_opc3,3,0.0622742453260372,0.0455079241291291,0.0924,0.00095
6395,2930,dhmix_2075643137470349800,620,EnthalpyOfMixing,<Substance C1CCOCC1{solv}{x=0.273200}|Cc1cccnc1{solv}{x=0.726800}>,C1CCOCC1,Cc1cccnc1,Protein-Null-0.0.3-Pair-NMR-1E4-Umbrella-1E3-4-AAQAA3-1E3-3-OPC3_opc3,3,-0.0036399438898087,0.042274595327405,0.1036,0.001
6396,2931,dhmix_346841872844739570,621,EnthalpyOfMixing,<Substance CC#N{solv}{x=0.700700}|CCOC(C)(C)C{solv}{x=0.299300}>,CC#N,CCOC(C)(C)C,Protein-Null-0.0.3-Pair-NMR-1E4-Umbrella-1E3-4-AAQAA3-1E3-3-OPC3_opc3,3,0.2175053979341612,0.0326211488311432,0.6176,0.0084
6397,2932,dhmix_840136828933604757,622,EnthalpyOfMixing,<Substance CC#N{solv}{x=0.199000}|CCOC(C)(C)C{solv}{x=0.801000}>,CC#N,CCOC(C)(C)C,Protein-Null-0.0.3-Pair-NMR-1E4-Umbrella-1E3-4-AAQAA3-1E3-3-OPC3_opc3,3,0.1560237937220172,0.0452137116357842,0.4418,0.006
6398,2933,dhmix_1934525864391020215,623,EnthalpyOfMixing,<Substance CC#N{solv}{x=0.501600}|CCOC(C)(C)C{solv}{x=0.498400}>,CC#N,CCOC(C)(C)C,Protein-Null-0.0.3-Pair-NMR-1E4-Umbrella-1E3-4-AAQAA3-1E3-3-OPC3_opc3,3,0.2071875046655573,0.0367923797683088,0.7098,0.00965
6399,2934,dens_1954735606040559695,624,Density,<Substance CC#N{solv}{x=0.700700}|CCOC(C)(C)C{solv}{x=0.299300}>,CC#N,CCOC(C)(C)C,Protein-Null-0.0.3-Pair-NMR-1E4-Umbrella-1E3-4-AAQAA3-1E3-3-OPC3_opc3,3,0.7679267365817292,0.0002539661189748,0.7595000000000002,0.00045
6400,2935,dens_2173310521496796694,625,Density,<Substance CC#N{solv}{x=0.501600}|CCOC(C)(C)C{solv}{x=0.498400}>,CC#N,CCOC(C)(C)C,Protein-Null-0.0.3-Pair-NMR-1E4-Umbrella-1E3-4-AAQAA3-1E3-3-OPC3_opc3,3,0.7620223751608066,0.0002711993926707,0.7510000000000002,0.00035
6401,2936,dens_2235331649530959984,626,Density,<Substance CC#N{solv}{x=0.199000}|CCOC(C)(C)C{solv}{x=0.801000}>,CC#N,CCOC(C)(C)C,Protein-Null-0.0.3-Pair-NMR-1E4-Umbrella-1E3-4-AAQAA3-1E3-3-OPC3_opc3,3,0.753962500710061,0.0002429070691335,0.7408000000000001,0.00015
6402,2937,dhmix_355078149157572999,627,EnthalpyOfMixing,<Substance OCCOCCO{solv}{x=0.790600}|O{solv}{x=0.209400}>,O,OCCOCCO,Protein-Null-0.0.3-Pair-NMR-1E4-Umbrella-1E3-4-AAQAA3-1E3-3-OPC3_opc3,3,0.1639115317721149,0.0477528307912949,-0.521,0.003
6403,2938,dhmix_514261244195159379,628,EnthalpyOfMixing,<Substance OCCOCCO{solv}{x=0.300400}|O{solv}{x=0.699600}>,O,OCCOCCO,Protein-Null-0.0.3-Pair-NMR-1E4-Umbrella-1E3-4-AAQAA3-1E3-3-OPC3_opc3,3,-0.346502730833909,0.0347027467240777,-1.245,0.0065
6404,2939,dhmix_1512634639127890343,629,EnthalpyOfMixing,<Substance OCCOCCO{solv}{x=0.501000}|O{solv}{x=0.499000}>,O,OCCOCCO,Protein-Null-0.0.3-Pair-NMR-1E4-Umbrella-1E3-4-AAQAA3-1E3-3-OPC3_opc3,3,-0.4465711419364098,0.0428834224737338,-1.149,0.0065
6405,2940,dens_1532732041743097130,630,Density,<Substance OCCOCCO{solv}{x=0.500600}|O{solv}{x=0.499400}>,O,OCCOCCO,Protein-Null-0.0.3-Pair-NMR-1E4-Umbrella-1E3-4-AAQAA3-1E3-3-OPC3_opc3,3,1.1091779236494652,0.000344692848505,1.1070700000000002,0.00026
6406,2941,dens_1948924545926470959,631,Density,<Substance OCCOCCO{solv}{x=0.700300}|O{solv}{x=0.299700}>,O,OCCOCCO,Protein-Null-0.0.3-Pair-NMR-1E4-Umbrella-1E3-4-AAQAA3-1E3-3-OPC3_opc3,3,1.1122990500749266,0.0002927082127911,1.1111900000000003,0.000285
6407,2942,dens_2114974877291939954,632,Density,<Substance OCCOCCO{solv}{x=0.301000}|O{solv}{x=0.699000}>,O,OCCOCCO,Protein-Null-0.0.3-Pair-NMR-1E4-Umbrella-1E3-4-AAQAA3-1E3-3-OPC3_opc3,3,1.09367869224974,0.0002582761983734,1.0958900000000005,0.000305
6408,2943,dhmix_355690558520209737,633,EnthalpyOfMixing,<Substance CC(C)CC(C)(C)C{solv}{x=0.774800}|CC(C)OC(C)C{solv}{x=0.225200}>,CC(C)CC(C)(C)C,CC(C)OC(C)C,Protein-Null-0.0.3-Pair-NMR-1E4-Umbrella-1E3-4-AAQAA3-1E3-3-OPC3_opc3,3,0.3147892577617597,0.0458918225464906,0.132161,0.001556
6409,2944,dens_706481868145479619,634,Density,<Substance CC(C)CC(C)(C)C{solv}{x=0.250000}|CC(C)OC(C)C{solv}{x=0.750000}>,CC(C)CC(C)(C)C,CC(C)OC(C)C,Protein-Null-0.0.3-Pair-NMR-1E4-Umbrella-1E3-4-AAQAA3-1E3-3-OPC3_opc3,3,0.7278887968000747,0.0002077942176084,0.7090800000000002,0.000155
6410,2945,dens_960755156711549154,635,Density,<Substance CC(C)CC(C)(C)C{solv}{x=0.750000}|CC(C)OC(C)C{solv}{x=0.250000}>,CC(C)CC(C)(C)C,CC(C)OC(C)C,Protein-Null-0.0.3-Pair-NMR-1E4-Umbrella-1E3-4-AAQAA3-1E3-3-OPC3_opc3,3,0.7100301826990124,0.0002372913822367,0.6937500000000002,0.000155
6411,2946,dens_1165117582450092341,636,Density,<Substance CC(C)CC(C)(C)C{solv}{x=0.500900}|CC(C)OC(C)C{solv}{x=0.499100}>,CC(C)CC(C)(C)C,CC(C)OC(C)C,Protein-Null-0.0.3-Pair-NMR-1E4-Umbrella-1E3-4-AAQAA3-1E3-3-OPC3_opc3,3,0.7184683301113692,0.000206746894419,0.7005900000000002,0.000105
6412,2947,dhmix_1819714300540494359,637,EnthalpyOfMixing,<Substance CC(C)CC(C)(C)C{solv}{x=0.512500}|CC(C)OC(C)C{solv}{x=0.487500}>,CC(C)CC(C)(C)C,CC(C)OC(C)C,Protein-Null-0.0.3-Pair-NMR-1E4-Umbrella-1E3-4-AAQAA3-1E3-3-OPC3_opc3,3,0.3701530831163637,0.0445668979825744,0.197047,0.002233
6413,2948,dhmix_2031984064821599856,638,EnthalpyOfMixing,<Substance CC(C)CC(C)(C)C{solv}{x=0.269300}|CC(C)OC(C)C{solv}{x=0.730700}>,CC(C)CC(C)(C)C,CC(C)OC(C)C,Protein-Null-0.0.3-Pair-NMR-1E4-Umbrella-1E3-4-AAQAA3-1E3-3-OPC3_opc3,3,0.3949986368782987,0.0480213562488426,0.158983,0.0018345
6414,2949,dens_357198687829738077,639,Density,<Substance C1CCOCC1{solv}{x=0.223500}|CCCCCC(C)=O{solv}{x=0.776500}>,C1CCOCC1,CCCCCC(C)=O,Protein-Null-0.0.3-Pair-NMR-1E4-Umbrella-1E3-4-AAQAA3-1E3-3-OPC3_opc3,3,0.8066143794805435,0.0001690164306223,0.8221200000000002,0.000375
6415,2950,dens_1074719884132299485,640,Density,<Substance C1CCOCC1{solv}{x=0.516600}|CCCCCC(C)=O{solv}{x=0.483400}>,C1CCOCC1,CCCCCC(C)=O,Protein-Null-0.0.3-Pair-NMR-1E4-Umbrella-1E3-4-AAQAA3-1E3-3-OPC3_opc3,3,0.8252231258056792,0.0002173563241105,0.8396100000000002,0.00032
6416,2951,dens_1427208283653313137,641,Density,<Substance C1CCOCC1{solv}{x=0.710100}|CCCCCC(C)=O{solv}{x=0.289900}>,C1CCOCC1,CCCCCC(C)=O,Protein-Null-0.0.3-Pair-NMR-1E4-Umbrella-1E3-4-AAQAA3-1E3-3-OPC3_opc3,3,0.8394188889911761,0.0002292485016751,0.8534200000000002,0.000285
6417,2952,dhmix_1485904869507380555,642,EnthalpyOfMixing,<Substance C1CCOCC1{solv}{x=0.500000}|CCCCCC(C)=O{solv}{x=0.500000}>,C1CCOCC1,CCCCCC(C)=O,Protein-Null-0.0.3-Pair-NMR-1E4-Umbrella-1E3-4-AAQAA3-1E3-3-OPC3_opc3,3,0.1649474135512463,0.035761779492202,0.05773,0.000615
6418,2953,dhmix_1931504734279468677,643,EnthalpyOfMixing,<Substance C1CCOCC1{solv}{x=0.250000}|CCCCCC(C)=O{solv}{x=0.750000}>,C1CCOCC1,CCCCCC(C)=O,Protein-Null-0.0.3-Pair-NMR-1E4-Umbrella-1E3-4-AAQAA3-1E3-3-OPC3_opc3,3,0.0408404468878345,0.0528298016067064,0.03429,0.00053
6419,2954,dhmix_2296263041755700053,644,EnthalpyOfMixing,<Substance C1CCOCC1{solv}{x=0.750000}|CCCCCC(C)=O{solv}{x=0.250000}>,C1CCOCC1,CCCCCC(C)=O,Protein-Null-0.0.3-Pair-NMR-1E4-Umbrella-1E3-4-AAQAA3-1E3-3-OPC3_opc3,3,0.1720798328120594,0.0426419310031857,0.05587,0.00061
6420,2955,dhmix_357499987240135169,645,EnthalpyOfMixing,<Substance CCCCC{solv}{x=0.772700}|CCCCOC=O{solv}{x=0.227300}>,CCCCC,CCCCOC=O,Protein-Null-0.0.3-Pair-NMR-1E4-Umbrella-1E3-4-AAQAA3-1E3-3-OPC3_opc3,3,1.0914174129213166,0.046194974861908,0.87,0.004
6421,2956,dens_435201289177646286,646,Density,<Substance CCCCC{solv}{x=0.504200}|CCCCOC=O{solv}{x=0.495800}>,CCCCC,CCCCOC=O,Protein-Null-0.0.3-Pair-NMR-1E4-Umbrella-1E3-4-AAQAA3-1E3-3-OPC3_opc3,3,0.7490566216850789,0.0002296757625275,0.7523000000000001,0.00024
6422,2957,dens_635752291929824010,647,Density,<Substance CCCCC{solv}{x=0.699000}|CCCCOC=O{solv}{x=0.301000}>,CCCCC,CCCCOC=O,Protein-Null-0.0.3-Pair-NMR-1E4-Umbrella-1E3-4-AAQAA3-1E3-3-OPC3_opc3,3,0.6900751408912412,0.0002691576680627,0.6994600000000002,0.00018
6423,2958,dhmix_869493303716364153,648,EnthalpyOfMixing,<Substance CCCCC{solv}{x=0.490500}|CCCCOC=O{solv}{x=0.509500}>,CCCCC,CCCCOC=O,Protein-Null-0.0.3-Pair-NMR-1E4-Umbrella-1E3-4-AAQAA3-1E3-3-OPC3_opc3,3,1.222278387677818,0.0439823989686698,0.959,0.004
6424,2959,dhmix_1188548276416925178,649,EnthalpyOfMixing,<Substance CCCCC{solv}{x=0.246000}|CCCCOC=O{solv}{x=0.754000}>,CCCCC,CCCCOC=O,Protein-Null-0.0.3-Pair-NMR-1E4-Umbrella-1E3-4-AAQAA3-1E3-3-OPC3_opc3,3,0.8291608455323924,0.0448473730152278,0.632,0.003
6425,2960,dens_1944800378076074966,650,Density,<Substance CCCCC{solv}{x=0.247100}|CCCCOC=O{solv}{x=0.752900}>,CCCCC,CCCCOC=O,Protein-Null-0.0.3-Pair-NMR-1E4-Umbrella-1E3-4-AAQAA3-1E3-3-OPC3_opc3,3,0.8261347004601397,0.0002337729464712,0.8221800000000001,0.000375
6426,2961,dhmix_357740737126275220,651,EnthalpyOfMixing,<Substance CC(=O)N(C)C{solv}{x=0.212000}|CCCCCl{solv}{x=0.788000}>,CC(=O)N(C)C,CCCCCl,Protein-Null-0.0.3-Pair-NMR-1E4-Umbrella-1E3-4-AAQAA3-1E3-3-OPC3_opc3,3,0.4390751267485626,0.0396102964520304,0.244,0.0025
6427,2962,dens_563556088097831353,652,Density,<Substance CC(=O)N(C)C{solv}{x=0.499000}|CCCCCl{solv}{x=0.501000}>,CC(=O)N(C)C,CCCCCl,Protein-Null-0.0.3-Pair-NMR-1E4-Umbrella-1E3-4-AAQAA3-1E3-3-OPC3_opc3,3,0.879147224765408,0.0002618681851813,0.9081000000000002,0.0002
6428,2963,dens_1083232356130752567,653,Density,<Substance CC(=O)N(C)C{solv}{x=0.799700}|CCCCCl{solv}{x=0.200300}>,CC(=O)N(C)C,CCCCCl,Protein-Null-0.0.3-Pair-NMR-1E4-Umbrella-1E3-4-AAQAA3-1E3-3-OPC3_opc3,3,0.8911808235334628,0.0002506489288934,0.9247000000000004,0.0002
6429,2964,dhmix_1487887746912587509,654,EnthalpyOfMixing,<Substance CC(=O)N(C)C{solv}{x=0.708000}|CCCCCl{solv}{x=0.292000}>,CC(=O)N(C)C,CCCCCl,Protein-Null-0.0.3-Pair-NMR-1E4-Umbrella-1E3-4-AAQAA3-1E3-3-OPC3_opc3,3,0.4471400914116419,0.0427731405400289,0.305,0.0025
6430,2965,dens_1662749398344255132,655,Density,<Substance CC(=O)N(C)C{solv}{x=0.210500}|CCCCCl{solv}{x=0.789500}>,CC(=O)N(C)C,CCCCCl,Protein-Null-0.0.3-Pair-NMR-1E4-Umbrella-1E3-4-AAQAA3-1E3-3-OPC3_opc3,3,0.8658451443608187,0.0002847524394605,0.8918000000000001,0.0002
6431,2966,dhmix_2085343422065298965,656,EnthalpyOfMixing,<Substance CC(=O)N(C)C{solv}{x=0.511000}|CCCCCl{solv}{x=0.489000}>,CC(=O)N(C)C,CCCCCl,Protein-Null-0.0.3-Pair-NMR-1E4-Umbrella-1E3-4-AAQAA3-1E3-3-OPC3_opc3,3,0.6504766128178723,0.0378830476894497,0.363,0.0025
6432,2967,dhmix_359626193748497849,657,EnthalpyOfMixing,<Substance C1CCOCC1{solv}{x=0.750000}|O=C1CCCCC1{solv}{x=0.250000}>,C1CCOCC1,O=C1CCCCC1,Protein-Null-0.0.3-Pair-NMR-1E4-Umbrella-1E3-4-AAQAA3-1E3-3-OPC3_opc3,3,0.0533060652929862,0.0444057006195717,0.07698,0.00069
6433,2968,dhmix_709905971434026360,658,EnthalpyOfMixing,<Substance C1CCOCC1{solv}{x=0.250000}|O=C1CCCCC1{solv}{x=0.750000}>,C1CCOCC1,O=C1CCCCC1,Protein-Null-0.0.3-Pair-NMR-1E4-Umbrella-1E3-4-AAQAA3-1E3-3-OPC3_opc3,3,0.0828130080993503,0.0430755768050912,0.05827,0.00062
6434,2969,dens_996263306280392228,659,Density,<Substance C1CCOCC1{solv}{x=0.500900}|O=C1CCCCC1{solv}{x=0.499100}>,C1CCOCC1,O=C1CCCCC1,Protein-Null-0.0.3-Pair-NMR-1E4-Umbrella-1E3-4-AAQAA3-1E3-3-OPC3_opc3,3,0.89292794326957,0.0002057750507768,0.9160300000000002,0.000505
6435,2970,dens_1296485655493191092,660,Density,<Substance C1CCOCC1{solv}{x=0.247100}|O=C1CCCCC1{solv}{x=0.752900}>,C1CCOCC1,O=C1CCCCC1,Protein-Null-0.0.3-Pair-NMR-1E4-Umbrella-1E3-4-AAQAA3-1E3-3-OPC3_opc3,3,0.90526239587406,0.0001857991272757,0.9305900000000004,0.000505
6436,2971,dhmix_1617652800437548554,661,EnthalpyOfMixing,<Substance C1CCOCC1{solv}{x=0.500000}|O=C1CCCCC1{solv}{x=0.500000}>,C1CCOCC1,O=C1CCCCC1,Protein-Null-0.0.3-Pair-NMR-1E4-Umbrella-1E3-4-AAQAA3-1E3-3-OPC3_opc3,3,0.0720461860794117,0.035782207105334,0.08658,0.000725
6437,2972,dens_2134919398794801459,662,Density,<Substance C1CCOCC1{solv}{x=0.738900}|O=C1CCCCC1{solv}{x=0.261100}>,C1CCOCC1,O=C1CCCCC1,Protein-Null-0.0.3-Pair-NMR-1E4-Umbrella-1E3-4-AAQAA3-1E3-3-OPC3_opc3,3,0.8816541509963504,0.0002219554224631,0.9000800000000002,0.000505
6438,2973,dens_371429494256072686,663,Density,<Substance COC=O{solv}{x=0.513800}|ClCCCCl{solv}{x=0.486200}>,COC=O,ClCCCCl,Protein-Null-0.0.3-Pair-NMR-1E4-Umbrella-1E3-4-AAQAA3-1E3-3-OPC3_opc3,3,1.0885578563825686,0.0003626133289069,1.08831,0.00025
6439,2974,dens_416463243686186519,664,Density,<Substance COC=O{solv}{x=0.738400}|ClCCCCl{solv}{x=0.261600}>,COC=O,ClCCCCl,Protein-Null-0.0.3-Pair-NMR-1E4-Umbrella-1E3-4-AAQAA3-1E3-3-OPC3_opc3,3,1.049874242637285,0.0003226803075322,1.03754,0.0002
6440,2975,dhmix_573570621261992547,665,EnthalpyOfMixing,<Substance COC=O{solv}{x=0.767400}|ClCCCCl{solv}{x=0.232600}>,COC=O,ClCCCCl,Protein-Null-0.0.3-Pair-NMR-1E4-Umbrella-1E3-4-AAQAA3-1E3-3-OPC3_opc3,3,0.68718082849142,0.0322595878326476,0.2841,0.0015
6441,2976,dens_1665007650151393058,666,Density,<Substance COC=O{solv}{x=0.244000}|ClCCCCl{solv}{x=0.756000}>,COC=O,ClCCCCl,Protein-Null-0.0.3-Pair-NMR-1E4-Umbrella-1E3-4-AAQAA3-1E3-3-OPC3_opc3,3,1.125972909487298,0.0003490917797571,1.1395000000000002,0.0003
6442,2977,dhmix_2050640017895200777,667,EnthalpyOfMixing,<Substance COC=O{solv}{x=0.502400}|ClCCCCl{solv}{x=0.497600}>,COC=O,ClCCCCl,Protein-Null-0.0.3-Pair-NMR-1E4-Umbrella-1E3-4-AAQAA3-1E3-3-OPC3_opc3,3,0.8516506395071719,0.0321281893072854,0.3503,0.00175
6443,2978,dhmix_2121310957223924646,668,EnthalpyOfMixing,<Substance COC=O{solv}{x=0.202400}|ClCCCCl{solv}{x=0.797600}>,COC=O,ClCCCCl,Protein-Null-0.0.3-Pair-NMR-1E4-Umbrella-1E3-4-AAQAA3-1E3-3-OPC3_opc3,3,0.5600847737558965,0.0346940489906712,0.2064,0.0012
6444,2979,dens_380799246642881225,669,Density,<Substance Cc1ccncc1{solv}{x=0.500000}|O{solv}{x=0.500000}>,Cc1ccncc1,O,Protein-Null-0.0.3-Pair-NMR-1E4-Umbrella-1E3-4-AAQAA3-1E3-3-OPC3_opc3,3,0.9533358431422556,0.0003033174939221,0.9704000000000004,0.0005
6445,2980,dens_1024460369591354985,670,Density,<Substance Cc1ccncc1{solv}{x=0.225000}|O{solv}{x=0.775000}>,Cc1ccncc1,O,Protein-Null-0.0.3-Pair-NMR-1E4-Umbrella-1E3-4-AAQAA3-1E3-3-OPC3_opc3,3,0.965707946028761,0.0003772044785303,0.9848000000000002,0.0004
6446,2981,dens_1867704914487230306,671,Density,<Substance Cc1ccncc1{solv}{x=0.750000}|O{solv}{x=0.250000}>,Cc1ccncc1,O,Protein-Null-0.0.3-Pair-NMR-1E4-Umbrella-1E3-4-AAQAA3-1E3-3-OPC3_opc3,3,0.9478918050631112,0.0002574865409484,0.9614000000000004,0.0004
6447,2982,dhmix_396839331496923568,672,EnthalpyOfMixing,<Substance CCCOC(=O)CC{solv}{x=0.237600}|ClCCCl{solv}{x=0.762400}>,CCCOC(=O)CC,ClCCCl,Protein-Null-0.0.3-Pair-NMR-1E4-Umbrella-1E3-4-AAQAA3-1E3-3-OPC3_opc3,3,-0.1754796307101074,0.0394241625624992,-0.317,0.0035
6448,2983,dens_1025242301432619836,673,Density,<Substance CCCOC(=O)CC{solv}{x=0.518800}|ClCCCl{solv}{x=0.481200}>,CCCOC(=O)CC,ClCCCl,Protein-Null-0.0.3-Pair-NMR-1E4-Umbrella-1E3-4-AAQAA3-1E3-3-OPC3_opc3,3,0.9934792913359832,0.0002867036805684,1.0064000000000002,0.000905
6449,2984,dens_1654149510571748883,674,Density,<Substance CCCOC(=O)CC{solv}{x=0.731600}|ClCCCl{solv}{x=0.268400}>,CCCOC(=O)CC,ClCCCl,Protein-Null-0.0.3-Pair-NMR-1E4-Umbrella-1E3-4-AAQAA3-1E3-3-OPC3_opc3,3,0.9333377289543708,0.0002351269001625,0.9416300000000002,0.00041
6450,2985,dens_1804016971158746429,675,Density,<Substance CCCOC(=O)CC{solv}{x=0.243700}|ClCCCl{solv}{x=0.756300}>,CCCOC(=O)CC,ClCCCl,Protein-Null-0.0.3-Pair-NMR-1E4-Umbrella-1E3-4-AAQAA3-1E3-3-OPC3_opc3,3,1.0891392008265048,0.0003527861318733,1.11431,0.002155
6451,2986,dhmix_1840109043188951916,676,EnthalpyOfMixing,<Substance CCCOC(=O)CC{solv}{x=0.517700}|ClCCCl{solv}{x=0.482300}>,CCCOC(=O)CC,ClCCCl,Protein-Null-0.0.3-Pair-NMR-1E4-Umbrella-1E3-4-AAQAA3-1E3-3-OPC3_opc3,3,-0.3304353157305506,0.0408087275182173,-0.557,0.006
6452,2987,dhmix_1924188358781329171,677,EnthalpyOfMixing,<Substance CCCOC(=O)CC{solv}{x=0.787400}|ClCCCl{solv}{x=0.212600}>,CCCOC(=O)CC,ClCCCl,Protein-Null-0.0.3-Pair-NMR-1E4-Umbrella-1E3-4-AAQAA3-1E3-3-OPC3_opc3,3,-0.2942266898180037,0.0443896257050091,-0.357,0.004
6453,2988,dhmix_408170436877433675,678,EnthalpyOfMixing,<Substance CCCCC{solv}{x=0.229800}|CCOC=O{solv}{x=0.770200}>,CCCCC,CCOC=O,Protein-Null-0.0.3-Pair-NMR-1E4-Umbrella-1E3-4-AAQAA3-1E3-3-OPC3_opc3,3,1.1472479164677445,0.0390408989158103,1.016,0.0045
6454,2989,dens_1159257310358090227,679,Density,<Substance CCCCC{solv}{x=0.748000}|CCOC=O{solv}{x=0.252000}>,CCCCC,CCOC=O,Protein-Null-0.0.3-Pair-NMR-1E4-Umbrella-1E3-4-AAQAA3-1E3-3-OPC3_opc3,3,0.6612400909515008,0.0002788888985662,0.6707000000000002,0.000165
6455,2990,dhmix_1897634982824334825,680,EnthalpyOfMixing,<Substance CCCCC{solv}{x=0.500100}|CCOC=O{solv}{x=0.499900}>,CCCCC,CCOC=O,Protein-Null-0.0.3-Pair-NMR-1E4-Umbrella-1E3-4-AAQAA3-1E3-3-OPC3_opc3,3,1.6550698285084096,0.0360722440771379,1.354,0.0055
6456,2991,dens_1931965346092446599,681,Density,<Substance CCCCC{solv}{x=0.504000}|CCOC=O{solv}{x=0.496000}>,CCCCC,CCOC=O,Protein-Null-0.0.3-Pair-NMR-1E4-Umbrella-1E3-4-AAQAA3-1E3-3-OPC3_opc3,3,0.7340479687193013,0.0002722196770698,0.7333000000000002,0.00024
6457,2992,dens_2086304425324215507,682,Density,<Substance CCCCC{solv}{x=0.298000}|CCOC=O{solv}{x=0.702000}>,CCCCC,CCOC=O,Protein-Null-0.0.3-Pair-NMR-1E4-Umbrella-1E3-4-AAQAA3-1E3-3-OPC3_opc3,3,0.8081908269884812,0.0002796884725748,0.7971000000000003,0.000345
6458,2993,dhmix_2117998354372981576,683,EnthalpyOfMixing,<Substance CCCCC{solv}{x=0.777900}|CCOC=O{solv}{x=0.222100}>,CCCCC,CCOC=O,Protein-Null-0.0.3-Pair-NMR-1E4-Umbrella-1E3-4-AAQAA3-1E3-3-OPC3_opc3,3,1.5453678990377997,0.0367550400884824,1.051,0.0045
6459,2994,dens_415189671276159712,684,Density,<Substance NCCO{solv}{x=0.785350}|c1ccncc1{solv}{x=0.214650}>,NCCO,c1ccncc1,Protein-Null-0.0.3-Pair-NMR-1E4-Umbrella-1E3-4-AAQAA3-1E3-3-OPC3_opc3,3,1.0426995946881614,0.0003235646532705,1.002592,0.000101
6460,2995,dhmix_607563797490786343,685,EnthalpyOfMixing,<Substance NCCO{solv}{x=0.559360}|c1ccncc1{solv}{x=0.440640}>,NCCO,c1ccncc1,Protein-Null-0.0.3-Pair-NMR-1E4-Umbrella-1E3-4-AAQAA3-1E3-3-OPC3_opc3,3,0.9065266363897492,0.031596219051793,0.824,0.0035
6461,2996,dhmix_783614050589043390,686,EnthalpyOfMixing,<Substance NCCO{solv}{x=0.248120}|c1ccncc1{solv}{x=0.751880}>,NCCO,c1ccncc1,Protein-Null-0.0.3-Pair-NMR-1E4-Umbrella-1E3-4-AAQAA3-1E3-3-OPC3_opc3,3,0.8546163026307705,0.0424856772543365,0.779,0.0035
6462,2997,dens_907288549206652702,687,Density,<Substance NCCO{solv}{x=0.558640}|c1ccncc1{solv}{x=0.441360}>,NCCO,c1ccncc1,Protein-Null-0.0.3-Pair-NMR-1E4-Umbrella-1E3-4-AAQAA3-1E3-3-OPC3_opc3,3,1.019583956070624,0.0002187862333952,0.9936870000000002,0.0001015
6463,2998,dhmix_1092036220949585875,688,EnthalpyOfMixing,<Substance NCCO{solv}{x=0.746780}|c1ccncc1{solv}{x=0.253220}>,NCCO,c1ccncc1,Protein-Null-0.0.3-Pair-NMR-1E4-Umbrella-1E3-4-AAQAA3-1E3-3-OPC3_opc3,3,0.7582862582479422,0.0397642537744505,0.612,0.003
6464,2999,dens_2278246591298089898,689,Density,<Substance NCCO{solv}{x=0.210010}|c1ccncc1{solv}{x=0.789990}>,NCCO,c1ccncc1,Protein-Null-0.0.3-Pair-NMR-1E4-Umbrella-1E3-4-AAQAA3-1E3-3-OPC3_opc3,3,0.98992654850132,0.0002295035897571,0.9825660000000004,0.0001015
6465,3000,dens_419188249264987147,690,Density,<Substance CCCCC(=O)OCC{solv}{x=0.492100}|CCOC(C)=O{solv}{x=0.507900}>,CCCCC(=O)OCC,CCOC(C)=O,Protein-Null-0.0.3-Pair-NMR-1E4-Umbrella-1E3-4-AAQAA3-1E3-3-OPC3_opc3,3,0.8831161832771968,0.0002093183922166,0.8787300000000002,0.00012
6466,3001,dens_667714041205021070,691,Density,<Substance CCCCC(=O)OCC{solv}{x=0.304700}|CCOC(C)=O{solv}{x=0.695300}>,CCCCC(=O)OCC,CCOC(C)=O,Protein-Null-0.0.3-Pair-NMR-1E4-Umbrella-1E3-4-AAQAA3-1E3-3-OPC3_opc3,3,0.8898516099137651,0.0001924508633872,0.8836400000000002,0.00012
6467,3002,dhmix_1137774316856842141,692,EnthalpyOfMixing,<Substance CCCCC(=O)OCC{solv}{x=0.737600}|CCOC(C)=O{solv}{x=0.262400}>,CCCCC(=O)OCC,CCOC(C)=O,Protein-Null-0.0.3-Pair-NMR-1E4-Umbrella-1E3-4-AAQAA3-1E3-3-OPC3_opc3,3,0.0826275525350093,0.0546168308760593,0.114,0.0015
6468,3003,dhmix_1322441082145072072,693,EnthalpyOfMixing,<Substance CCCCC(=O)OCC{solv}{x=0.279900}|CCOC(C)=O{solv}{x=0.720100}>,CCCCC(=O)OCC,CCOC(C)=O,Protein-Null-0.0.3-Pair-NMR-1E4-Umbrella-1E3-4-AAQAA3-1E3-3-OPC3_opc3,3,0.1490974464698311,0.0463690045454588,0.139,0.0015
6469,3004,dens_1682638395920841051,694,Density,<Substance CCCCC(=O)OCC{solv}{x=0.752600}|CCOC(C)=O{solv}{x=0.247400}>,CCCCC(=O)OCC,CCOC(C)=O,Protein-Null-0.0.3-Pair-NMR-1E4-Umbrella-1E3-4-AAQAA3-1E3-3-OPC3_opc3,3,0.8746294788276678,0.0002138231700068,0.8732900000000001,0.00012
6470,3005,dhmix_2161842751879945948,695,EnthalpyOfMixing,<Substance CCCCC(=O)OCC{solv}{x=0.519800}|CCOC(C)=O{solv}{x=0.480200}>,CCCCC(=O)OCC,CCOC(C)=O,Protein-Null-0.0.3-Pair-NMR-1E4-Umbrella-1E3-4-AAQAA3-1E3-3-OPC3_opc3,3,0.0781765832860781,0.0481356083645243,0.154,0.002
6471,3006,dhmix_419593950323214290,696,EnthalpyOfMixing,<Substance CCCCCC(C)=O{solv}{x=0.780400}|CCN(CC)CC{solv}{x=0.219600}>,CCCCCC(C)=O,CCN(CC)CC,Protein-Null-0.0.3-Pair-NMR-1E4-Umbrella-1E3-4-AAQAA3-1E3-3-OPC3_opc3,3,0.1466919502205215,0.05253913436458,0.216,0.0025
6472,3007,dens_651921010645567431,697,Density,<Substance CCCCCC(C)=O{solv}{x=0.259800}|CCN(CC)CC{solv}{x=0.740200}>,CCCCCC(C)=O,CCN(CC)CC,Protein-Null-0.0.3-Pair-NMR-1E4-Umbrella-1E3-4-AAQAA3-1E3-3-OPC3_opc3,3,0.7413042494951816,0.0002405580147813,0.7465820000000002,8.950000000000002e-05
6473,3008,dens_995831511901627711,698,Density,<Substance CCCCCC(C)=O{solv}{x=0.748400}|CCN(CC)CC{solv}{x=0.251600}>,CCCCCC(C)=O,CCN(CC)CC,Protein-Null-0.0.3-Pair-NMR-1E4-Umbrella-1E3-4-AAQAA3-1E3-3-OPC3_opc3,3,0.7778547656113554,0.0002125826432987,0.7899410000000002,0.0001055
6474,3009,dhmix_1001984601109558110,699,EnthalpyOfMixing,<Substance CCCCCC(C)=O{solv}{x=0.492000}|CCN(CC)CC{solv}{x=0.508000}>,CCCCCC(C)=O,CCN(CC)CC,Protein-Null-0.0.3-Pair-NMR-1E4-Umbrella-1E3-4-AAQAA3-1E3-3-OPC3_opc3,3,0.3127893138157276,0.0496685760196707,0.419,0.0045
6475,3010,dens_1887829851815986883,700,Density,<Substance CCCCCC(C)=O{solv}{x=0.503200}|CCN(CC)CC{solv}{x=0.496800}>,CCCCCC(C)=O,CCN(CC)CC,Protein-Null-0.0.3-Pair-NMR-1E4-Umbrella-1E3-4-AAQAA3-1E3-3-OPC3_opc3,3,0.7597045433964964,0.0001935243418192,0.7684760000000002,9.800000000000002e-05
6476,3011,dhmix_2085744568401562111,701,EnthalpyOfMixing,<Substance CCCCCC(C)=O{solv}{x=0.293900}|CCN(CC)CC{solv}{x=0.706100}>,CCCCCC(C)=O,CCN(CC)CC,Protein-Null-0.0.3-Pair-NMR-1E4-Umbrella-1E3-4-AAQAA3-1E3-3-OPC3_opc3,3,0.3332272576728599,0.0450161844708573,0.412,0.0045
6477,3012,dens_436049638479549968,702,Density,<Substance COC=O{solv}{x=0.472500}|ClCCCl{solv}{x=0.527500}>,COC=O,ClCCCl,Protein-Null-0.0.3-Pair-NMR-1E4-Umbrella-1E3-4-AAQAA3-1E3-3-OPC3_opc3,3,1.1186274639545548,0.0004278998085056,1.1269600000000004,0.000285
6478,3013,dens_627145458965592302,703,Density,<Substance COC=O{solv}{x=0.753000}|ClCCCl{solv}{x=0.247000}>,COC=O,ClCCCl,Protein-Null-0.0.3-Pair-NMR-1E4-Umbrella-1E3-4-AAQAA3-1E3-3-OPC3_opc3,3,1.0587037425399688,0.0003746699898407,1.0461600000000004,0.000205
6479,3014,dhmix_731680623269260416,704,EnthalpyOfMixing,<Substance COC=O{solv}{x=0.250800}|ClCCCl{solv}{x=0.749200}>,COC=O,ClCCCl,Protein-Null-0.0.3-Pair-NMR-1E4-Umbrella-1E3-4-AAQAA3-1E3-3-OPC3_opc3,3,0.5742791005336727,0.0322968473467926,0.0793,0.0007
6480,3015,dens_1488543630772933598,705,Density,<Substance COC=O{solv}{x=0.279500}|ClCCCl{solv}{x=0.720500}>,COC=O,ClCCCl,Protein-Null-0.0.3-Pair-NMR-1E4-Umbrella-1E3-4-AAQAA3-1E3-3-OPC3_opc3,3,1.1525999755600107,0.0004466613818988,1.1777100000000005,0.00034
6481,3016,dhmix_2170321998768851974,706,EnthalpyOfMixing,<Substance COC=O{solv}{x=0.732200}|ClCCCl{solv}{x=0.267800}>,COC=O,ClCCCl,Protein-Null-0.0.3-Pair-NMR-1E4-Umbrella-1E3-4-AAQAA3-1E3-3-OPC3_opc3,3,0.5384519689826286,0.0346198977975048,0.0733,0.00065
6482,3017,dhmix_2249001225536869896,707,EnthalpyOfMixing,<Substance COC=O{solv}{x=0.487400}|ClCCCl{solv}{x=0.512600}>,COC=O,ClCCCl,Protein-Null-0.0.3-Pair-NMR-1E4-Umbrella-1E3-4-AAQAA3-1E3-3-OPC3_opc3,3,0.7357036781200224,0.0315698769483479,0.1028,0.0008
6483,3018,dhmix_442816374747487477,708,EnthalpyOfMixing,<Substance NCCCNCCCN{solv}{x=0.801500}|O{solv}{x=0.198500}>,NCCCNCCCN,O,Protein-Null-0.0.3-Pair-NMR-1E4-Umbrella-1E3-4-AAQAA3-1E3-3-OPC3_opc3,3,-1.1414506344200683,0.0694278114222453,-2.233,0.024
6484,3019,dhmix_1795382205757805615,709,EnthalpyOfMixing,<Substance NCCCNCCCN{solv}{x=0.300500}|O{solv}{x=0.699500}>,NCCCNCCCN,O,Protein-Null-0.0.3-Pair-NMR-1E4-Umbrella-1E3-4-AAQAA3-1E3-3-OPC3_opc3,3,-5.488133128142486,0.0479222956800228,-6.588,0.07
6485,3020,dhmix_1814950732748396893,710,EnthalpyOfMixing,<Substance NCCCNCCCN{solv}{x=0.499800}|O{solv}{x=0.500200}>,NCCCNCCCN,O,Protein-Null-0.0.3-Pair-NMR-1E4-Umbrella-1E3-4-AAQAA3-1E3-3-OPC3_opc3,3,-4.3099796765334375,0.0414119493372297,-5.544,0.059
6486,3021,dhmix_446869196417408130,711,EnthalpyOfMixing,<Substance NCCNCCO{solv}{x=0.770000}|O{solv}{x=0.230000}>,NCCNCCO,O,Protein-Null-0.0.3-Pair-NMR-1E4-Umbrella-1E3-4-AAQAA3-1E3-3-OPC3_opc3,3,-1.6892056125681307,0.0358216528407058,-1.711,0.035
6487,3022,dhmix_673839467313503071,712,EnthalpyOfMixing,<Substance NCCNCCO{solv}{x=0.069900}|O{solv}{x=0.930100}>,NCCNCCO,O,Protein-Null-0.0.3-Pair-NMR-1E4-Umbrella-1E3-4-AAQAA3-1E3-3-OPC3_opc3,3,-1.0897968765968535,0.0239529882519158,-1.713,0.035
6488,3023,dens_688094438561771555,713,Density,<Substance NCCNCCO{solv}{x=0.799700}|O{solv}{x=0.200300}>,NCCNCCO,O,Protein-Null-0.0.3-Pair-NMR-1E4-Umbrella-1E3-4-AAQAA3-1E3-3-OPC3_opc3,3,1.0781862920624603,0.0002000767497342,1.0318300000000002,0.00024
6489,3024,dhmix_1682883323293489147,714,EnthalpyOfMixing,<Substance NCCNCCO{solv}{x=0.400100}|O{solv}{x=0.599900}>,NCCNCCO,O,Protein-Null-0.0.3-Pair-NMR-1E4-Umbrella-1E3-4-AAQAA3-1E3-3-OPC3_opc3,3,-3.231061844553423,0.0314584669026999,-4.15,0.0845
6490,3025,dens_2045176885611624977,715,Density,<Substance NCCNCCO{solv}{x=0.070000}|O{solv}{x=0.930000}>,NCCNCCO,O,Protein-Null-0.0.3-Pair-NMR-1E4-Umbrella-1E3-4-AAQAA3-1E3-3-OPC3_opc3,3,1.0351373561629786,0.0004058280311801,1.0222800000000003,0.000125
6491,3026,dens_2280714043292214506,716,Density,<Substance NCCNCCO{solv}{x=0.399700}|O{solv}{x=0.600300}>,NCCNCCO,O,Protein-Null-0.0.3-Pair-NMR-1E4-Umbrella-1E3-4-AAQAA3-1E3-3-OPC3_opc3,3,1.0721307678275958,0.0003554349176108,1.0370100000000002,0.00017
6492,3027,dens_448105363780466270,717,Density,<Substance CCCCCCCl{solv}{x=0.498300}|CN(C)C=O{solv}{x=0.501700}>,CCCCCCCl,CN(C)C=O,Protein-Null-0.0.3-Pair-NMR-1E4-Umbrella-1E3-4-AAQAA3-1E3-3-OPC3_opc3,3,0.8787941201216445,0.0002225588000658,0.8974000000000002,0.0003
6493,3028,dens_1134260732394863277,718,Density,<Substance CCCCCCCl{solv}{x=0.729300}|CN(C)C=O{solv}{x=0.270700}>,CCCCCCCl,CN(C)C=O,Protein-Null-0.0.3-Pair-NMR-1E4-Umbrella-1E3-4-AAQAA3-1E3-3-OPC3_opc3,3,0.8678469443033353,0.0002060074118664,0.8844000000000002,0.0003
6494,3029,dhmix_1150917243327149472,719,EnthalpyOfMixing,<Substance CCCCCCCl{solv}{x=0.500000}|CN(C)C=O{solv}{x=0.500000}>,CCCCCCCl,CN(C)C=O,Protein-Null-0.0.3-Pair-NMR-1E4-Umbrella-1E3-4-AAQAA3-1E3-3-OPC3_opc3,3,1.2022695393832663,0.0345338080895495,0.847,0.004
6495,3030,dhmix_1166656674614639609,720,EnthalpyOfMixing,<Substance CCCCCCCl{solv}{x=0.204000}|CN(C)C=O{solv}{x=0.796000}>,CCCCCCCl,CN(C)C=O,Protein-Null-0.0.3-Pair-NMR-1E4-Umbrella-1E3-4-AAQAA3-1E3-3-OPC3_opc3,3,0.8137756163299414,0.0347493384674546,0.583,0.004
6496,3031,dhmix_1262474968830454367,721,EnthalpyOfMixing,<Substance CCCCCCCl{solv}{x=0.795000}|CN(C)C=O{solv}{x=0.205000}>,CCCCCCCl,CN(C)C=O,Protein-Null-0.0.3-Pair-NMR-1E4-Umbrella-1E3-4-AAQAA3-1E3-3-OPC3_opc3,3,0.8315722912471415,0.0471532176833398,0.542,0.0035
6497,3032,dens_1862934255267356180,722,Density,<Substance CCCCCCCl{solv}{x=0.200700}|CN(C)C=O{solv}{x=0.799300}>,CCCCCCCl,CN(C)C=O,Protein-Null-0.0.3-Pair-NMR-1E4-Umbrella-1E3-4-AAQAA3-1E3-3-OPC3_opc3,3,0.8982279901592417,0.0002340849748809,0.9218000000000002,0.00025
6498,3033,dhmix_457000181442392641,723,EnthalpyOfMixing,<Substance CCOCCO{solv}{x=0.241100}|c1ccccc1{solv}{x=0.758900}>,CCOCCO,c1ccccc1,Protein-Null-0.0.3-Pair-NMR-1E4-Umbrella-1E3-4-AAQAA3-1E3-3-OPC3_opc3,3,0.5951581504036341,0.0415702491960976,0.6303,0.00815
6499,3034,dhmix_501726034520661035,724,EnthalpyOfMixing,<Substance CCOCCO{solv}{x=0.733600}|c1ccccc1{solv}{x=0.266400}>,CCOCCO,c1ccccc1,Protein-Null-0.0.3-Pair-NMR-1E4-Umbrella-1E3-4-AAQAA3-1E3-3-OPC3_opc3,3,0.4384201588514287,0.0424780634109064,0.2326,0.0033
6500,3035,dens_577983044895299238,725,Density,<Substance CCOCCO{solv}{x=0.251800}|c1ccccc1{solv}{x=0.748200}>,CCOCCO,c1ccccc1,Protein-Null-0.0.3-Pair-NMR-1E4-Umbrella-1E3-4-AAQAA3-1E3-3-OPC3_opc3,3,0.8740581742025324,0.0002200872082798,0.8849000000000002,0.00081
6501,3036,dens_1506946378386070831,726,Density,<Substance CCOCCO{solv}{x=0.750800}|c1ccccc1{solv}{x=0.249200}>,CCOCCO,c1ccccc1,Protein-Null-0.0.3-Pair-NMR-1E4-Umbrella-1E3-4-AAQAA3-1E3-3-OPC3_opc3,3,0.9034987718492988,0.0002183495120892,0.9134500000000004,0.000685
6502,3037,dhmix_1801594081157333975,727,EnthalpyOfMixing,<Substance CCOCCO{solv}{x=0.478600}|c1ccccc1{solv}{x=0.521400}>,CCOCCO,c1ccccc1,Protein-Null-0.0.3-Pair-NMR-1E4-Umbrella-1E3-4-AAQAA3-1E3-3-OPC3_opc3,3,0.5466928694479947,0.0439890925631855,0.4912,0.00645
6503,3038,dens_2128846755225827916,728,Density,<Substance CCOCCO{solv}{x=0.504800}|c1ccccc1{solv}{x=0.495200}>,CCOCCO,c1ccccc1,Protein-Null-0.0.3-Pair-NMR-1E4-Umbrella-1E3-4-AAQAA3-1E3-3-OPC3_opc3,3,0.888749963169105,0.0002559396273985,0.8995700000000003,0.000745
6504,3039,dhmix_466383569529620932,729,EnthalpyOfMixing,<Substance CC(=O)N(C)C{solv}{x=0.505000}|CCCCCCCl{solv}{x=0.495000}>,CC(=O)N(C)C,CCCCCCCl,Protein-Null-0.0.3-Pair-NMR-1E4-Umbrella-1E3-4-AAQAA3-1E3-3-OPC3_opc3,3,0.9022903211398584,0.042270321876152,0.61,0.003
6505,3040,dhmix_493694362228351572,730,EnthalpyOfMixing,<Substance CC(=O)N(C)C{solv}{x=0.798000}|CCCCCCCl{solv}{x=0.202000}>,CC(=O)N(C)C,CCCCCCCl,Protein-Null-0.0.3-Pair-NMR-1E4-Umbrella-1E3-4-AAQAA3-1E3-3-OPC3_opc3,3,0.515019219842527,0.0460933303935836,0.425,0.003
6506,3041,dhmix_626564461179097700,731,EnthalpyOfMixing,<Substance CC(=O)N(C)C{solv}{x=0.211000}|CCCCCCCl{solv}{x=0.789000}>,CC(=O)N(C)C,CCCCCCCl,Protein-Null-0.0.3-Pair-NMR-1E4-Umbrella-1E3-4-AAQAA3-1E3-3-OPC3_opc3,3,0.5249195463615166,0.0500791215405829,0.38,0.003
6507,3042,dens_1720641323575133011,732,Density,<Substance CC(=O)N(C)C{solv}{x=0.200300}|CCCCCCCl{solv}{x=0.799700}>,CC(=O)N(C)C,CCCCCCCl,Protein-Null-0.0.3-Pair-NMR-1E4-Umbrella-1E3-4-AAQAA3-1E3-3-OPC3_opc3,3,0.8642294356524091,0.0001809538356982,0.8816000000000003,0.00025
6508,3043,dens_1817345990638851984,733,Density,<Substance CC(=O)N(C)C{solv}{x=0.503000}|CCCCCCCl{solv}{x=0.497000}>,CC(=O)N(C)C,CCCCCCCl,Protein-Null-0.0.3-Pair-NMR-1E4-Umbrella-1E3-4-AAQAA3-1E3-3-OPC3_opc3,3,0.8748605864420678,0.0002421747564131,0.8975000000000002,0.00025
6509,3044,dens_1885054129776339889,734,Density,<Substance CC(=O)N(C)C{solv}{x=0.699200}|CCCCCCCl{solv}{x=0.300800}>,CC(=O)N(C)C,CCCCCCCl,Protein-Null-0.0.3-Pair-NMR-1E4-Umbrella-1E3-4-AAQAA3-1E3-3-OPC3_opc3,3,0.8828209832815055,0.000158004161503,0.9104000000000002,0.0002
6510,3045,dens_468507243072548580,735,Density,<Substance CCC#N{solv}{x=0.701200}|CCOC(C)(C)CC{solv}{x=0.298800}>,CCC#N,CCOC(C)(C)CC,Protein-Null-0.0.3-Pair-NMR-1E4-Umbrella-1E3-4-AAQAA3-1E3-3-OPC3_opc3,3,0.7717735664620662,0.000249514423759,0.7715000000000002,0.0004
6511,3046,dhmix_553135124490085656,736,EnthalpyOfMixing,<Substance CCC#N{solv}{x=0.502500}|CCOC(C)(C)CC{solv}{x=0.497500}>,CCC#N,CCOC(C)(C)CC,Protein-Null-0.0.3-Pair-NMR-1E4-Umbrella-1E3-4-AAQAA3-1E3-3-OPC3_opc3,3,0.206591754240577,0.0423295193592645,0.7023,0.00955
6512,3047,dens_762108332272225600,737,Density,<Substance CCC#N{solv}{x=0.502500}|CCOC(C)(C)CC{solv}{x=0.497500}>,CCC#N,CCOC(C)(C)CC,Protein-Null-0.0.3-Pair-NMR-1E4-Umbrella-1E3-4-AAQAA3-1E3-3-OPC3_opc3,3,0.768775754075039,0.0002275411453929,0.7683000000000001,0.00035
6513,3048,dens_967634241844220739,738,Density,<Substance CCC#N{solv}{x=0.200900}|CCOC(C)(C)CC{solv}{x=0.799100}>,CCC#N,CCOC(C)(C)CC,Protein-Null-0.0.3-Pair-NMR-1E4-Umbrella-1E3-4-AAQAA3-1E3-3-OPC3_opc3,3,0.7638883905096449,0.0001520417937723,0.7638000000000001,0.00025
6514,3049,dhmix_1961082112686431376,739,EnthalpyOfMixing,<Substance CCC#N{solv}{x=0.200900}|CCOC(C)(C)CC{solv}{x=0.799100}>,CCC#N,CCOC(C)(C)CC,Protein-Null-0.0.3-Pair-NMR-1E4-Umbrella-1E3-4-AAQAA3-1E3-3-OPC3_opc3,3,0.1837221830005191,0.0477677023937986,0.502,0.00685
6515,3050,dhmix_2005765786246998093,740,EnthalpyOfMixing,<Substance CCC#N{solv}{x=0.701200}|CCOC(C)(C)CC{solv}{x=0.298800}>,CCC#N,CCOC(C)(C)CC,Protein-Null-0.0.3-Pair-NMR-1E4-Umbrella-1E3-4-AAQAA3-1E3-3-OPC3_opc3,3,0.2201189326232473,0.0404441372960764,0.5863,0.008
6516,3051,dhmix_471514663464011364,741,EnthalpyOfMixing,<Substance C1CCOCC1{solv}{x=0.722000}|CCCCCO{solv}{x=0.278000}>,C1CCOCC1,CCCCCO,Protein-Null-0.0.3-Pair-NMR-1E4-Umbrella-1E3-4-AAQAA3-1E3-3-OPC3_opc3,3,1.0614532516822806,0.0397070493406549,0.8628,0.00745
6517,3052,dens_910343796235321484,742,Density,<Substance C1CCOCC1{solv}{x=0.298700}|CCCCCO{solv}{x=0.701300}>,C1CCOCC1,CCCCCO,Protein-Null-0.0.3-Pair-NMR-1E4-Umbrella-1E3-4-AAQAA3-1E3-3-OPC3_opc3,3,0.8194321196091054,0.0002654765066624,0.8293300000000002,0.00034
6518,3053,dens_1812069868432416079,743,Density,<Substance C1CCOCC1{solv}{x=0.800000}|CCCCCO{solv}{x=0.200000}>,C1CCOCC1,CCCCCO,Protein-Null-0.0.3-Pair-NMR-1E4-Umbrella-1E3-4-AAQAA3-1E3-3-OPC3_opc3,3,0.8521280415765458,0.0002233201582178,0.8635900000000002,0.000315
6519,3054,dhmix_1936206883965149188,744,EnthalpyOfMixing,<Substance C1CCOCC1{solv}{x=0.526000}|CCCCCO{solv}{x=0.474000}>,C1CCOCC1,CCCCCO,Protein-Null-0.0.3-Pair-NMR-1E4-Umbrella-1E3-4-AAQAA3-1E3-3-OPC3_opc3,3,1.1647796700999464,0.0403343159377979,0.97,0.00615
6520,3055,dhmix_1992318015190346725,745,EnthalpyOfMixing,<Substance C1CCOCC1{solv}{x=0.217000}|CCCCCO{solv}{x=0.783000}>,C1CCOCC1,CCCCCO,Protein-Null-0.0.3-Pair-NMR-1E4-Umbrella-1E3-4-AAQAA3-1E3-3-OPC3_opc3,3,0.6379952627211338,0.0421542465987069,0.6006,0.00455
6521,3056,dens_2204330198012032768,746,Density,<Substance C1CCOCC1{solv}{x=0.499400}|CCCCCO{solv}{x=0.500600}>,C1CCOCC1,CCCCCO,Protein-Null-0.0.3-Pair-NMR-1E4-Umbrella-1E3-4-AAQAA3-1E3-3-OPC3_opc3,3,0.8313066447776355,0.0002240398393578,0.8425400000000002,0.00033
6522,3057,dhmix_472822428299818953,747,EnthalpyOfMixing,<Substance CC(C)CC(C)(C)C{solv}{x=0.700500}|CCCCO{solv}{x=0.299500}>,CC(C)CC(C)(C)C,CCCCO,Protein-Null-0.0.3-Pair-NMR-1E4-Umbrella-1E3-4-AAQAA3-1E3-3-OPC3_opc3,3,0.8553802143691485,0.0475988314770616,0.6228,0.0028
6523,3058,dhmix_628387028768654403,748,EnthalpyOfMixing,<Substance CC(C)CC(C)(C)C{solv}{x=0.499900}|CCCCO{solv}{x=0.500100}>,CC(C)CC(C)(C)C,CCCCO,Protein-Null-0.0.3-Pair-NMR-1E4-Umbrella-1E3-4-AAQAA3-1E3-3-OPC3_opc3,3,0.8234497656005431,0.0458643526752713,0.5938,0.0027
6524,3059,dens_631668933678639865,749,Density,<Substance CC(C)CC(C)(C)C{solv}{x=0.200000}|CCCCO{solv}{x=0.800000}>,CC(C)CC(C)(C)C,CCCCO,Protein-Null-0.0.3-Pair-NMR-1E4-Umbrella-1E3-4-AAQAA3-1E3-3-OPC3_opc3,3,0.7676202457035962,0.0002398661157611,0.7696800000000001,0.000295
6525,3060,dens_1394470087977586253,750,Density,<Substance CC(C)CC(C)(C)C{solv}{x=0.500000}|CCCCO{solv}{x=0.500000}>,CC(C)CC(C)(C)C,CCCCO,Protein-Null-0.0.3-Pair-NMR-1E4-Umbrella-1E3-4-AAQAA3-1E3-3-OPC3_opc3,3,0.7359084688254052,0.0001919441465647,0.7294000000000002,0.000285
6526,3061,dens_1809610870413503056,751,Density,<Substance CC(C)CC(C)(C)C{solv}{x=0.699900}|CCCCO{solv}{x=0.300100}>,CC(C)CC(C)(C)C,CCCCO,Protein-Null-0.0.3-Pair-NMR-1E4-Umbrella-1E3-4-AAQAA3-1E3-3-OPC3_opc3,3,0.7202280252868798,0.000211455679577,0.7097700000000001,0.000285
6527,3062,dhmix_2302589146189152767,752,EnthalpyOfMixing,<Substance CC(C)CC(C)(C)C{solv}{x=0.200200}|CCCCO{solv}{x=0.799800}>,CC(C)CC(C)(C)C,CCCCO,Protein-Null-0.0.3-Pair-NMR-1E4-Umbrella-1E3-4-AAQAA3-1E3-3-OPC3_opc3,3,0.4267767156763042,0.0456795475806707,0.27646,0.003235
6528,3063,dens_486902622078179007,753,Density,<Substance COC=O{solv}{x=0.494600}|CO{solv}{x=0.505400}>,CO,COC=O,Protein-Null-0.0.3-Pair-NMR-1E4-Umbrella-1E3-4-AAQAA3-1E3-3-OPC3_opc3,3,0.9002233692095261,0.0004007217319025,0.8956100000000002,7.500000000000002e-05
6529,3064,dens_750646162221180186,754,Density,<Substance COC=O{solv}{x=0.083300}|CO{solv}{x=0.916700}>,CO,COC=O,Protein-Null-0.0.3-Pair-NMR-1E4-Umbrella-1E3-4-AAQAA3-1E3-3-OPC3_opc3,3,0.7885380058236168,0.0003179927850691,0.8088000000000002,9.000000000000002e-05
6530,3065,dhmix_1113631207235753369,755,EnthalpyOfMixing,<Substance COC=O{solv}{x=0.717800}|CO{solv}{x=0.282200}>,CO,COC=O,Protein-Null-0.0.3-Pair-NMR-1E4-Umbrella-1E3-4-AAQAA3-1E3-3-OPC3_opc3,3,0.6919671428805443,0.029833192875773,1.105,0.012
6531,3066,dhmix_2143911117683117531,756,EnthalpyOfMixing,<Substance COC=O{solv}{x=0.512700}|CO{solv}{x=0.487300}>,CO,COC=O,Protein-Null-0.0.3-Pair-NMR-1E4-Umbrella-1E3-4-AAQAA3-1E3-3-OPC3_opc3,3,0.8165702989982799,0.0272223316449411,1.179,0.0125
6532,3067,dens_2148324189014877510,757,Density,<Substance COC=O{solv}{x=0.727100}|CO{solv}{x=0.272900}>,CO,COC=O,Protein-Null-0.0.3-Pair-NMR-1E4-Umbrella-1E3-4-AAQAA3-1E3-3-OPC3_opc3,3,0.947114384421001,0.0003357838307027,0.9321000000000004,8.000000000000002e-05
6533,3068,dhmix_2205254965267695203,758,EnthalpyOfMixing,<Substance COC=O{solv}{x=0.083300}|CO{solv}{x=0.916700}>,CO,COC=O,Protein-Null-0.0.3-Pair-NMR-1E4-Umbrella-1E3-4-AAQAA3-1E3-3-OPC3_opc3,3,0.2427997062068563,0.0298731439770972,0.311,0.0035
6534,3069,dhmix_497300242003673148,759,EnthalpyOfMixing,<Substance BrCCBr{solv}{x=0.284100}|CCCCOC(=O)CCC{solv}{x=0.715900}>,BrCCBr,CCCCOC(=O)CCC,Protein-Null-0.0.3-Pair-NMR-1E4-Umbrella-1E3-4-AAQAA3-1E3-3-OPC3_opc3,3,-0.6167716980681845,0.0515077695605209,-0.054,0.001
6535,3070,dhmix_712261179736749495,760,EnthalpyOfMixing,<Substance BrCCBr{solv}{x=0.515300}|CCCCOC(=O)CCC{solv}{x=0.484700}>,BrCCBr,CCCCOC(=O)CCC,Protein-Null-0.0.3-Pair-NMR-1E4-Umbrella-1E3-4-AAQAA3-1E3-3-OPC3_opc3,3,-0.7366697127527502,0.0411931101056332,-0.027,0.0005
6536,3071,dens_846614854165535724,761,Density,<Substance BrCCBr{solv}{x=0.212900}|CCCCOC(=O)CCC{solv}{x=0.787100}>,BrCCBr,CCCCOC(=O)CCC,Protein-Null-0.0.3-Pair-NMR-1E4-Umbrella-1E3-4-AAQAA3-1E3-3-OPC3_opc3,3,1.0163042869649952,0.0002098279757632,1.0245500000000003,0.00013
6537,3072,dens_1085110183353279404,762,Density,<Substance BrCCBr{solv}{x=0.730000}|CCCCOC(=O)CCC{solv}{x=0.270000}>,BrCCBr,CCCCOC(=O)CCC,Protein-Null-0.0.3-Pair-NMR-1E4-Umbrella-1E3-4-AAQAA3-1E3-3-OPC3_opc3,3,1.5931105753559318,0.0004472110885301,1.6231500000000003,0.000405
6538,3073,dhmix_2153957437015117204,763,EnthalpyOfMixing,<Substance BrCCBr{solv}{x=0.763900}|CCCCOC(=O)CCC{solv}{x=0.236100}>,BrCCBr,CCCCOC(=O)CCC,Protein-Null-0.0.3-Pair-NMR-1E4-Umbrella-1E3-4-AAQAA3-1E3-3-OPC3_opc3,3,-0.4734232769301627,0.0377550713363048,0.051,0.001
6539,3074,dens_2242615301342819560,764,Density,<Substance BrCCBr{solv}{x=0.449300}|CCCCOC(=O)CCC{solv}{x=0.550700}>,BrCCBr,CCCCOC(=O)CCC,Protein-Null-0.0.3-Pair-NMR-1E4-Umbrella-1E3-4-AAQAA3-1E3-3-OPC3_opc3,3,1.2368142028642528,0.0002511627133293,1.2506100000000002,0.000225
6540,3075,dens_501060706627477242,765,Density,<Substance OC1=NCCC1{solv}{x=0.500000}|O{solv}{x=0.500000}>,O,OC1=NCCC1,Protein-Null-0.0.3-Pair-NMR-1E4-Umbrella-1E3-4-AAQAA3-1E3-3-OPC3_opc3,3,1.0588912472964682,0.0003121257024504,1.0977070000000004,0.0005555
6541,3076,dens_929065521104254808,766,Density,<Substance OC1=NCCC1{solv}{x=0.744800}|O{solv}{x=0.255200}>,O,OC1=NCCC1,Protein-Null-0.0.3-Pair-NMR-1E4-Umbrella-1E3-4-AAQAA3-1E3-3-OPC3_opc3,3,1.0655118861900508,0.0003564760380049,1.1044310000000004,0.000577
6542,3077,dhmix_1128968771311392860,767,EnthalpyOfMixing,<Substance OC1=NCCC1{solv}{x=0.769300}|O{solv}{x=0.230700}>,O,OC1=NCCC1,Protein-Null-0.0.3-Pair-NMR-1E4-Umbrella-1E3-4-AAQAA3-1E3-3-OPC3_opc3,3,0.9274681144727596,0.0443792653205409,-0.678,0.1695
6543,3078,dens_1192491633684345401,768,Density,<Substance OC1=NCCC1{solv}{x=0.246800}|O{solv}{x=0.753200}>,O,OC1=NCCC1,Protein-Null-0.0.3-Pair-NMR-1E4-Umbrella-1E3-4-AAQAA3-1E3-3-OPC3_opc3,3,1.044906142956432,0.0002703270738146,1.077068,0.0004905
6544,3079,dhmix_1775375132531538271,769,EnthalpyOfMixing,<Substance OC1=NCCC1{solv}{x=0.478300}|O{solv}{x=0.521700}>,O,OC1=NCCC1,Protein-Null-0.0.3-Pair-NMR-1E4-Umbrella-1E3-4-AAQAA3-1E3-3-OPC3_opc3,3,0.7561982202221031,0.0298174698101758,-0.8384,0.20965
6545,3080,dhmix_1895825007089845103,770,EnthalpyOfMixing,<Substance OC1=NCCC1{solv}{x=0.231900}|O{solv}{x=0.768100}>,O,OC1=NCCC1,Protein-Null-0.0.3-Pair-NMR-1E4-Umbrella-1E3-4-AAQAA3-1E3-3-OPC3_opc3,3,0.6459828801532268,0.0269941170029825,-0.5238,0.13095
6546,3081,dens_502738970558558534,771,Density,<Substance BrCCBr{solv}{x=0.749000}|COC=O{solv}{x=0.251000}>,BrCCBr,COC=O,Protein-Null-0.0.3-Pair-NMR-1E4-Umbrella-1E3-4-AAQAA3-1E3-3-OPC3_opc3,3,1.8855879483806872,0.0006470336476186,1.9319600000000008,0.003535
6547,3082,dhmix_523129341332875255,772,EnthalpyOfMixing,<Substance BrCCBr{solv}{x=0.059500}|COC=O{solv}{x=0.940500}>,BrCCBr,COC=O,Protein-Null-0.0.3-Pair-NMR-1E4-Umbrella-1E3-4-AAQAA3-1E3-3-OPC3_opc3,3,0.1707938541663554,0.0353746721535939,0.1715,0.00215
6548,3083,dens_528986974844153101,773,Density,<Substance BrCCBr{solv}{x=0.059800}|COC=O{solv}{x=0.940200}>,BrCCBr,COC=O,Protein-Null-0.0.3-Pair-NMR-1E4-Umbrella-1E3-4-AAQAA3-1E3-3-OPC3_opc3,3,1.0885247535558529,0.0003626771599573,1.06428,0.00056
6549,3084,dhmix_1521152703631810888,774,EnthalpyOfMixing,<Substance BrCCBr{solv}{x=0.757400}|COC=O{solv}{x=0.242600}>,BrCCBr,COC=O,Protein-Null-0.0.3-Pair-NMR-1E4-Umbrella-1E3-4-AAQAA3-1E3-3-OPC3_opc3,3,0.4764820504660889,0.0305153568245199,0.653,0.00585
6550,3085,dhmix_1685647138770344206,775,EnthalpyOfMixing,<Substance BrCCBr{solv}{x=0.528100}|COC=O{solv}{x=0.471900}>,BrCCBr,COC=O,Protein-Null-0.0.3-Pair-NMR-1E4-Umbrella-1E3-4-AAQAA3-1E3-3-OPC3_opc3,3,0.5116170501120951,0.0269973389506898,0.8123,0.00705
6551,3086,dens_1945150067923572864,776,Density,<Substance BrCCBr{solv}{x=0.501500}|COC=O{solv}{x=0.498500}>,BrCCBr,COC=O,Protein-Null-0.0.3-Pair-NMR-1E4-Umbrella-1E3-4-AAQAA3-1E3-3-OPC3_opc3,3,1.648841622565118,0.0005765343960611,1.6620300000000003,0.00232
6552,3087,dens_511283508189056955,777,Density,<Substance CCO{solv}{x=0.291400}|CN(C)CCO{solv}{x=0.708600}>,CCO,CN(C)CCO,Protein-Null-0.0.3-Pair-NMR-1E4-Umbrella-1E3-4-AAQAA3-1E3-3-OPC3_opc3,3,0.8705833042611945,0.0002230804911417,0.8710100000000002,0.000165
6553,3088,dhmix_1055456388735168345,778,EnthalpyOfMixing,<Substance CCO{solv}{x=0.508400}|CN(C)CCO{solv}{x=0.491600}>,CCO,CN(C)CCO,Protein-Null-0.0.3-Pair-NMR-1E4-Umbrella-1E3-4-AAQAA3-1E3-3-OPC3_opc3,3,-0.7728098915686417,0.0391222272429113,-0.4044,0.0044
6554,3089,dens_1119930253414624267,779,Density,<Substance CCO{solv}{x=0.699500}|CN(C)CCO{solv}{x=0.300500}>,CCO,CN(C)CCO,Protein-Null-0.0.3-Pair-NMR-1E4-Umbrella-1E3-4-AAQAA3-1E3-3-OPC3_opc3,3,0.8318247142951609,0.0002611051267932,0.8345000000000002,0.000135
6555,3090,dhmix_1132835222292135012,780,EnthalpyOfMixing,<Substance CCO{solv}{x=0.268600}|CN(C)CCO{solv}{x=0.731400}>,CCO,CN(C)CCO,Protein-Null-0.0.3-Pair-NMR-1E4-Umbrella-1E3-4-AAQAA3-1E3-3-OPC3_opc3,3,-0.5320357558174607,0.0380778348281805,-0.2783,0.0031
6556,3091,dens_1964926738263319597,781,Density,<Substance CCO{solv}{x=0.494900}|CN(C)CCO{solv}{x=0.505100}>,CCO,CN(C)CCO,Protein-Null-0.0.3-Pair-NMR-1E4-Umbrella-1E3-4-AAQAA3-1E3-3-OPC3_opc3,3,0.8546648957475638,0.0002361210626984,0.8566200000000002,0.00015
6557,3092,dhmix_2011138895468245368,782,EnthalpyOfMixing,<Substance CCO{solv}{x=0.733500}|CN(C)CCO{solv}{x=0.266500}>,CCO,CN(C)CCO,Protein-Null-0.0.3-Pair-NMR-1E4-Umbrella-1E3-4-AAQAA3-1E3-3-OPC3_opc3,3,-0.7352493311341348,0.0298512807356489,-0.3657,0.004
6558,3093,dhmix_517287783481256565,783,EnthalpyOfMixing,<Substance CN(C)C=O{solv}{x=0.701000}|ClCCCCCl{solv}{x=0.299000}>,CN(C)C=O,ClCCCCCl,Protein-Null-0.0.3-Pair-NMR-1E4-Umbrella-1E3-4-AAQAA3-1E3-3-OPC3_opc3,3,0.5066408042058228,0.0390398903527653,-0.052,0.002
6559,3094,dens_765057686797526715,784,Density,<Substance CN(C)C=O{solv}{x=0.794300}|ClCCCCCl{solv}{x=0.205700}>,CN(C)C=O,ClCCCCCl,Protein-Null-0.0.3-Pair-NMR-1E4-Umbrella-1E3-4-AAQAA3-1E3-3-OPC3_opc3,3,0.9686535327556453,0.0002537969630949,0.9934000000000002,0.00245
6560,3095,dens_1092490027864410415,785,Density,<Substance CN(C)C=O{solv}{x=0.502200}|ClCCCCCl{solv}{x=0.497800}>,CN(C)C=O,ClCCCCCl,Protein-Null-0.0.3-Pair-NMR-1E4-Umbrella-1E3-4-AAQAA3-1E3-3-OPC3_opc3,3,1.0308508686271474,0.000266653797838,1.0524000000000004,0.0022
6561,3096,dens_1571926938169630329,786,Density,<Substance CN(C)C=O{solv}{x=0.299400}|ClCCCCCl{solv}{x=0.700600}>,CN(C)C=O,ClCCCCCl,Protein-Null-0.0.3-Pair-NMR-1E4-Umbrella-1E3-4-AAQAA3-1E3-3-OPC3_opc3,3,1.0673117274359265,0.000295260652862,1.0879000000000003,0.0021
6562,3097,dhmix_1989422051580285053,787,EnthalpyOfMixing,<Substance CN(C)C=O{solv}{x=0.501000}|ClCCCCCl{solv}{x=0.499000}>,CN(C)C=O,ClCCCCCl,Protein-Null-0.0.3-Pair-NMR-1E4-Umbrella-1E3-4-AAQAA3-1E3-3-OPC3_opc3,3,0.5418761489551969,0.036885678400253,-0.056,0.002
6563,3098,dhmix_2190775305913174779,788,EnthalpyOfMixing,<Substance CN(C)C=O{solv}{x=0.204000}|ClCCCCCl{solv}{x=0.796000}>,CN(C)C=O,ClCCCCCl,Protein-Null-0.0.3-Pair-NMR-1E4-Umbrella-1E3-4-AAQAA3-1E3-3-OPC3_opc3,3,0.4492466535510004,0.0431783939756782,-0.039,0.002
6564,3099,dens_518199256039095036,789,Density,<Substance CCCCO{solv}{x=0.496400}|NCCN{solv}{x=0.503600}>,CCCCO,NCCN,Protein-Null-0.0.3-Pair-NMR-1E4-Umbrella-1E3-4-AAQAA3-1E3-3-OPC3_opc3,3,0.8846161779138462,0.0003090417585397,0.8519430000000002,0.000219
6565,3100,dens_866492593379488722,790,Density,<Substance CCCCO{solv}{x=0.739800}|NCCN{solv}{x=0.260200}>,CCCCO,NCCN,Protein-Null-0.0.3-Pair-NMR-1E4-Umbrella-1E3-4-AAQAA3-1E3-3-OPC3_opc3,3,0.838237396182035,0.0001962505340687,0.8325090000000002,0.000221
6566,3101,dens_2064365769538781360,791,Density,<Substance CCCCO{solv}{x=0.291900}|NCCN{solv}{x=0.708100}>,CCCCO,NCCN,Protein-Null-0.0.3-Pair-NMR-1E4-Umbrella-1E3-4-AAQAA3-1E3-3-OPC3_opc3,3,0.9336912902807752,0.0003688108280191,0.8676960000000002,0.0002205
6567,3102,dens_520201021244222151,792,Density,<Substance O=C1CCCO1{solv}{x=0.300000}|O{solv}{x=0.700000}>,O,O=C1CCCO1,Protein-Null-0.0.3-Pair-NMR-1E4-Umbrella-1E3-4-AAQAA3-1E3-3-OPC3_opc3,3,1.0673339113256897,0.0003435001814462,1.0886000000000002,0.0001
6568,3103,dens_2198925124601089428,793,Density,<Substance O=C1CCCO1{solv}{x=0.500000}|O{solv}{x=0.500000}>,O,O=C1CCCO1,Protein-Null-0.0.3-Pair-NMR-1E4-Umbrella-1E3-4-AAQAA3-1E3-3-OPC3_opc3,3,1.0841917438249586,0.000283042922992,1.1059000000000003,0.0001
6569,3104,dens_2272207838075726438,794,Density,<Substance O=C1CCCO1{solv}{x=0.800000}|O{solv}{x=0.200000}>,O,O=C1CCCO1,Protein-Null-0.0.3-Pair-NMR-1E4-Umbrella-1E3-4-AAQAA3-1E3-3-OPC3_opc3,3,1.0967523765869511,0.0002153032982969,1.1182000000000003,0.0001
6570,3105,dhmix_524376395520217080,795,EnthalpyOfMixing,<Substance CC(C)CC(C)(C)C{solv}{x=0.440700}|CCCC(=O)OC{solv}{x=0.559300}>,CC(C)CC(C)(C)C,CCCC(=O)OC,Protein-Null-0.0.3-Pair-NMR-1E4-Umbrella-1E3-4-AAQAA3-1E3-3-OPC3_opc3,3,1.5218416676593025,0.046326653912122,1.053,0.0115
6571,3106,dens_581090592491592243,796,Density,<Substance CC(C)CC(C)(C)C{solv}{x=0.298100}|CCCC(=O)OC{solv}{x=0.701900}>,CC(C)CC(C)(C)C,CCCC(=O)OC,Protein-Null-0.0.3-Pair-NMR-1E4-Umbrella-1E3-4-AAQAA3-1E3-3-OPC3_opc3,3,0.8161806557709431,0.000207326270105,0.8119000000000002,0.000505
6572,3107,dens_1497434747823371430,797,Density,<Substance CC(C)CC(C)(C)C{solv}{x=0.724300}|CCCC(=O)OC{solv}{x=0.275700}>,CC(C)CC(C)(C)C,CCCC(=O)OC,Protein-Null-0.0.3-Pair-NMR-1E4-Umbrella-1E3-4-AAQAA3-1E3-3-OPC3_opc3,3,0.739663710744908,0.0001839035747414,0.7279000000000001,0.000505
6573,3108,dhmix_1614087501371550297,798,EnthalpyOfMixing,<Substance CC(C)CC(C)(C)C{solv}{x=0.762900}|CCCC(=O)OC{solv}{x=0.237100}>,CC(C)CC(C)(C)C,CCCC(=O)OC,Protein-Null-0.0.3-Pair-NMR-1E4-Umbrella-1E3-4-AAQAA3-1E3-3-OPC3_opc3,3,1.2050080258505602,0.0515751226240681,0.789,0.0085
6574,3109,dens_1842979547629422953,799,Density,<Substance CC(C)CC(C)(C)C{solv}{x=0.441000}|CCCC(=O)OC{solv}{x=0.559000}>,CC(C)CC(C)(C)C,CCCC(=O)OC,Protein-Null-0.0.3-Pair-NMR-1E4-Umbrella-1E3-4-AAQAA3-1E3-3-OPC3_opc3,3,0.7871642198925108,0.000225749602845,0.7803000000000001,0.000505
6575,3110,dhmix_2246911102339588209,800,EnthalpyOfMixing,<Substance CC(C)CC(C)(C)C{solv}{x=0.298200}|CCCC(=O)OC{solv}{x=0.701800}>,CC(C)CC(C)(C)C,CCCC(=O)OC,Protein-Null-0.0.3-Pair-NMR-1E4-Umbrella-1E3-4-AAQAA3-1E3-3-OPC3_opc3,3,1.2250514223878142,0.0512230602134611,0.884,0.0095
6576,3111,dhmix_536798507677319129,801,EnthalpyOfMixing,<Substance C1COCO1{solv}{x=0.267900}|Cc1ccccc1Cl{solv}{x=0.732100}>,C1COCO1,Cc1ccccc1Cl,Protein-Null-0.0.3-Pair-NMR-1E4-Umbrella-1E3-4-AAQAA3-1E3-3-OPC3_opc3,3,0.2176139456068426,0.0361749530404207,0.272,0.0015
6577,3112,dens_559535483529614058,802,Density,<Substance C1COCO1{solv}{x=0.726600}|Cc1ccccc1Cl{solv}{x=0.273400}>,C1COCO1,Cc1ccccc1Cl,Protein-Null-0.0.3-Pair-NMR-1E4-Umbrella-1E3-4-AAQAA3-1E3-3-OPC3_opc3,3,1.0842398953808234,0.0002549125363125,1.0652000000000004,0.0005
6578,3113,dens_731520844601672570,803,Density,<Substance C1COCO1{solv}{x=0.268500}|Cc1ccccc1Cl{solv}{x=0.731500}>,C1COCO1,Cc1ccccc1Cl,Protein-Null-0.0.3-Pair-NMR-1E4-Umbrella-1E3-4-AAQAA3-1E3-3-OPC3_opc3,3,1.0647878000601725,0.0002673374962942,1.0630000000000002,0.0005
6579,3114,dens_839907656840905053,804,Density,<Substance C1COCO1{solv}{x=0.516900}|Cc1ccccc1Cl{solv}{x=0.483100}>,C1COCO1,Cc1ccccc1Cl,Protein-Null-0.0.3-Pair-NMR-1E4-Umbrella-1E3-4-AAQAA3-1E3-3-OPC3_opc3,3,1.0805599548343043,0.0003146404674343,1.0694000000000004,0.0005
6580,3115,dhmix_1308085019204784636,805,EnthalpyOfMixing,<Substance C1COCO1{solv}{x=0.500900}|Cc1ccccc1Cl{solv}{x=0.499100}>,C1COCO1,Cc1ccccc1Cl,Protein-Null-0.0.3-Pair-NMR-1E4-Umbrella-1E3-4-AAQAA3-1E3-3-OPC3_opc3,3,0.4127638995073255,0.0385178247852396,0.393,0.002
6581,3116,dhmix_1924685013370154802,806,EnthalpyOfMixing,<Substance C1COCO1{solv}{x=0.760400}|Cc1ccccc1Cl{solv}{x=0.239600}>,C1COCO1,Cc1ccccc1Cl,Protein-Null-0.0.3-Pair-NMR-1E4-Umbrella-1E3-4-AAQAA3-1E3-3-OPC3_opc3,3,0.3103814222341441,0.0379543169468077,0.313,0.0015
6582,3117,dhmix_549919019055097043,807,EnthalpyOfMixing,<Substance C1CCCCC1{solv}{x=0.799100}|CC(C)O{solv}{x=0.200900}>,C1CCCCC1,CC(C)O,Protein-Null-0.0.3-Pair-NMR-1E4-Umbrella-1E3-4-AAQAA3-1E3-3-OPC3_opc3,3,0.806696343072403,0.0428963565955958,0.702,0.017
6583,3118,dhmix_1101575580592240663,808,EnthalpyOfMixing,<Substance C1CCCCC1{solv}{x=0.199500}|CC(C)O{solv}{x=0.800500}>,C1CCCCC1,CC(C)O,Protein-Null-0.0.3-Pair-NMR-1E4-Umbrella-1E3-4-AAQAA3-1E3-3-OPC3_opc3,3,0.5357593211741789,0.033440973530563,0.438,0.011
6584,3119,dhmix_1262965345724899699,809,EnthalpyOfMixing,<Substance C1CCCCC1{solv}{x=0.498400}|CC(C)O{solv}{x=0.501600}>,C1CCCCC1,CC(C)O,Protein-Null-0.0.3-Pair-NMR-1E4-Umbrella-1E3-4-AAQAA3-1E3-3-OPC3_opc3,3,0.9602062317602388,0.0315409310617755,0.801,0.0195
6585,3120,dens_1431184569437551541,810,Density,<Substance C1CCCCC1{solv}{x=0.705800}|CC(C)O{solv}{x=0.294200}>,C1CCCCC1,CC(C)O,Protein-Null-0.0.3-Pair-NMR-1E4-Umbrella-1E3-4-AAQAA3-1E3-3-OPC3_opc3,3,0.7561220643673542,0.0002662172962094,0.7711100000000002,0.000245
6586,3121,dens_2097249982689376165,811,Density,<Substance C1CCCCC1{solv}{x=0.200000}|CC(C)O{solv}{x=0.800000}>,C1CCCCC1,CC(C)O,Protein-Null-0.0.3-Pair-NMR-1E4-Umbrella-1E3-4-AAQAA3-1E3-3-OPC3_opc3,3,0.7791074003957237,0.0002792189828516,0.7761000000000002,0.0003
6587,3122,dens_2130071224188444793,812,Density,<Substance C1CCCCC1{solv}{x=0.503900}|CC(C)O{solv}{x=0.496100}>,C1CCCCC1,CC(C)O,Protein-Null-0.0.3-Pair-NMR-1E4-Umbrella-1E3-4-AAQAA3-1E3-3-OPC3_opc3,3,0.7636264044224974,0.0002440670738724,0.7719000000000001,0.0003
6588,3123,dens_562489367284385084,813,Density,<Substance CCCCC(=O)OC{solv}{x=0.251100}|COC(C)=O{solv}{x=0.748900}>,CCCCC(=O)OC,COC(C)=O,Protein-Null-0.0.3-Pair-NMR-1E4-Umbrella-1E3-4-AAQAA3-1E3-3-OPC3_opc3,3,0.9122724052226168,0.0002552574537533,0.9105300000000002,0.000505
6589,3124,dhmix_814771684244180933,814,EnthalpyOfMixing,<Substance CCCCC(=O)OC{solv}{x=0.733900}|COC(C)=O{solv}{x=0.266100}>,CCCCC(=O)OC,COC(C)=O,Protein-Null-0.0.3-Pair-NMR-1E4-Umbrella-1E3-4-AAQAA3-1E3-3-OPC3_opc3,3,0.1117009222706817,0.0441982662787973,0.178,0.002
6590,3125,dhmix_915202362324204655,815,EnthalpyOfMixing,<Substance CCCCC(=O)OC{solv}{x=0.505500}|COC(C)=O{solv}{x=0.494500}>,CCCCC(=O)OC,COC(C)=O,Protein-Null-0.0.3-Pair-NMR-1E4-Umbrella-1E3-4-AAQAA3-1E3-3-OPC3_opc3,3,0.1604618244869904,0.0426232259801535,0.238,0.0025
6591,3126,dhmix_935892165648195197,816,EnthalpyOfMixing,<Substance CCCCC(=O)OC{solv}{x=0.234700}|COC(C)=O{solv}{x=0.765300}>,CCCCC(=O)OC,COC(C)=O,Protein-Null-0.0.3-Pair-NMR-1E4-Umbrella-1E3-4-AAQAA3-1E3-3-OPC3_opc3,3,0.0487872577566221,0.0381776336271151,0.173,0.002
6592,3127,dens_961692445804333991,817,Density,<Substance CCCCC(=O)OC{solv}{x=0.738300}|COC(C)=O{solv}{x=0.261700}>,CCCCC(=O)OC,COC(C)=O,Protein-Null-0.0.3-Pair-NMR-1E4-Umbrella-1E3-4-AAQAA3-1E3-3-OPC3_opc3,3,0.8896382544346724,0.000203771777966,0.8914700000000002,0.000505
6593,3128,dens_1493380961688632529,818,Density,<Substance CCCCC(=O)OC{solv}{x=0.493500}|COC(C)=O{solv}{x=0.506500}>,CCCCC(=O)OC,COC(C)=O,Protein-Null-0.0.3-Pair-NMR-1E4-Umbrella-1E3-4-AAQAA3-1E3-3-OPC3_opc3,3,0.8994802622669571,0.0002294617235225,0.8996200000000002,0.000505
6594,3129,dhmix_563342363018905515,819,EnthalpyOfMixing,<Substance CCOC(=O)CC(C)=O{solv}{x=0.751400}|O{solv}{x=0.248600}>,CCOC(=O)CC(C)=O,O,Protein-Null-0.0.3-Pair-NMR-1E4-Umbrella-1E3-4-AAQAA3-1E3-3-OPC3_opc3,3,0.8098019497812459,0.0466744734707285,1.128,0.012
6595,3130,dhmix_1385095028103136291,820,EnthalpyOfMixing,<Substance CCOC(=O)CC(C)=O{solv}{x=0.449100}|O{solv}{x=0.550900}>,CCOC(=O)CC(C)=O,O,Protein-Null-0.0.3-Pair-NMR-1E4-Umbrella-1E3-4-AAQAA3-1E3-3-OPC3_opc3,3,0.4077553529656086,0.0377992798641324,0.684,0.0075
6596,3131,dhmix_1609967394780907654,821,EnthalpyOfMixing,<Substance CCOC(=O)CC(C)=O{solv}{x=0.299400}|O{solv}{x=0.700600}>,CCOC(=O)CC(C)=O,O,Protein-Null-0.0.3-Pair-NMR-1E4-Umbrella-1E3-4-AAQAA3-1E3-3-OPC3_opc3,3,0.5067233491750756,0.0269158416243675,0.428,0.005
6597,3132,dhmix_566259260175961973,822,EnthalpyOfMixing,<Substance CCCCO{solv}{x=0.144700}|OC1=NCCC1{solv}{x=0.855300}>,CCCCO,OC1=NCCC1,Protein-Null-0.0.3-Pair-NMR-1E4-Umbrella-1E3-4-AAQAA3-1E3-3-OPC3_opc3,3,0.6864194853826717,0.0421190498947177,0.0949,0.0012
6598,3133,dens_1146983614802652988,823,Density,<Substance CCCCO{solv}{x=0.500400}|OC1=NCCC1{solv}{x=0.499600}>,CCCCO,OC1=NCCC1,Protein-Null-0.0.3-Pair-NMR-1E4-Umbrella-1E3-4-AAQAA3-1E3-3-OPC3_opc3,3,0.9254286651956624,0.0002376336580071,0.94503,0.00015
6599,3134,dhmix_1601732489230179724,824,EnthalpyOfMixing,<Substance CCCCO{solv}{x=0.497800}|OC1=NCCC1{solv}{x=0.502200}>,CCCCO,OC1=NCCC1,Protein-Null-0.0.3-Pair-NMR-1E4-Umbrella-1E3-4-AAQAA3-1E3-3-OPC3_opc3,3,1.615933375745584,0.0378626126551002,0.2326,0.0026
6600,3135,dhmix_1661138478850718837,825,EnthalpyOfMixing,<Substance CCCCO{solv}{x=0.754800}|OC1=NCCC1{solv}{x=0.245200}>,CCCCO,OC1=NCCC1,Protein-Null-0.0.3-Pair-NMR-1E4-Umbrella-1E3-4-AAQAA3-1E3-3-OPC3_opc3,3,1.1589382616281363,0.0377288608723011,0.2356,0.00265
6601,3136,dens_1878955695276199878,826,Density,<Substance CCCCO{solv}{x=0.144600}|OC1=NCCC1{solv}{x=0.855400}>,CCCCO,OC1=NCCC1,Protein-Null-0.0.3-Pair-NMR-1E4-Umbrella-1E3-4-AAQAA3-1E3-3-OPC3_opc3,3,1.023668370888411,0.000258388143111,1.0575900000000005,0.000205
6602,3137,dens_2101998760005952263,827,Density,<Substance CCCCO{solv}{x=0.755500}|OC1=NCCC1{solv}{x=0.244500}>,CCCCO,OC1=NCCC1,Protein-Null-0.0.3-Pair-NMR-1E4-Umbrella-1E3-4-AAQAA3-1E3-3-OPC3_opc3,3,0.8581745410903675,0.0001842657483013,0.8711500000000002,0.000185
6603,3138,dhmix_569012254773025696,828,EnthalpyOfMixing,<Substance CC(C)(C)O{solv}{x=0.505700}|OC1=NCCC1{solv}{x=0.494300}>,CC(C)(C)O,OC1=NCCC1,Protein-Null-0.0.3-Pair-NMR-1E4-Umbrella-1E3-4-AAQAA3-1E3-3-OPC3_opc3,3,1.929149607814054,0.0387193096251305,0.4323,0.0047
6604,3139,dens_992979807705536615,829,Density,<Substance CC(C)(C)O{solv}{x=0.751100}|OC1=NCCC1{solv}{x=0.248900}>,CC(C)(C)O,OC1=NCCC1,Protein-Null-0.0.3-Pair-NMR-1E4-Umbrella-1E3-4-AAQAA3-1E3-3-OPC3_opc3,3,0.8689195233311958,0.0003605545496423,0.8505700000000003,0.000215
6605,3140,dens_1020722913861580636,830,Density,<Substance CC(C)(C)O{solv}{x=0.499700}|OC1=NCCC1{solv}{x=0.500300}>,CC(C)(C)O,OC1=NCCC1,Protein-Null-0.0.3-Pair-NMR-1E4-Umbrella-1E3-4-AAQAA3-1E3-3-OPC3_opc3,3,0.93012044928382,0.0002198455599791,0.9282800000000002,0.00018
6606,3141,dhmix_1408261346335628114,831,EnthalpyOfMixing,<Substance CC(C)(C)O{solv}{x=0.744900}|OC1=NCCC1{solv}{x=0.255100}>,CC(C)(C)O,OC1=NCCC1,Protein-Null-0.0.3-Pair-NMR-1E4-Umbrella-1E3-4-AAQAA3-1E3-3-OPC3_opc3,3,1.9660194368283612,0.0368658983626241,0.3774,0.00415
6607,3142,dhmix_1466823939183874689,832,EnthalpyOfMixing,<Substance CC(C)(C)O{solv}{x=0.257800}|OC1=NCCC1{solv}{x=0.742200}>,CC(C)(C)O,OC1=NCCC1,Protein-Null-0.0.3-Pair-NMR-1E4-Umbrella-1E3-4-AAQAA3-1E3-3-OPC3_opc3,3,1.3172289666553496,0.038414414150443,0.2874,0.0032
6608,3143,dens_1768273433543243004,833,Density,<Substance CC(C)(C)O{solv}{x=0.276400}|OC1=NCCC1{solv}{x=0.723600}>,CC(C)(C)O,OC1=NCCC1,Protein-Null-0.0.3-Pair-NMR-1E4-Umbrella-1E3-4-AAQAA3-1E3-3-OPC3_opc3,3,0.98907186770943,0.0002737684806647,1.0036300000000002,0.000155
6609,3144,dens_571827819113574480,834,Density,<Substance CC(C)OC(C)C{solv}{x=0.700400}|Cc1ccccc1{solv}{x=0.299600}>,CC(C)OC(C)C,Cc1ccccc1,Protein-Null-0.0.3-Pair-NMR-1E4-Umbrella-1E3-4-AAQAA3-1E3-3-OPC3_opc3,3,0.7689833031059641,0.0002072196340948,0.7573100000000001,0.000155
6610,3145,dhmix_686402805609192969,835,EnthalpyOfMixing,<Substance CC(C)OC(C)C{solv}{x=0.228000}|Cc1ccccc1{solv}{x=0.772000}>,CC(C)OC(C)C,Cc1ccccc1,Protein-Null-0.0.3-Pair-NMR-1E4-Umbrella-1E3-4-AAQAA3-1E3-3-OPC3_opc3,3,-0.1624203761716742,0.0439311967642267,0.0593,0.00515
6611,3146,dhmix_1045652173440309018,836,EnthalpyOfMixing,<Substance CC(C)OC(C)C{solv}{x=0.752000}|Cc1ccccc1{solv}{x=0.248000}>,CC(C)OC(C)C,Cc1ccccc1,Protein-Null-0.0.3-Pair-NMR-1E4-Umbrella-1E3-4-AAQAA3-1E3-3-OPC3_opc3,3,-0.1413397670570191,0.0486364960938655,-0.0091,0.00505
6612,3147,dhmix_1690461453403165745,837,EnthalpyOfMixing,<Substance CC(C)OC(C)C{solv}{x=0.455000}|Cc1ccccc1{solv}{x=0.545000}>,CC(C)OC(C)C,Cc1ccccc1,Protein-Null-0.0.3-Pair-NMR-1E4-Umbrella-1E3-4-AAQAA3-1E3-3-OPC3_opc3,3,-0.2304555131604075,0.0474058345422613,0.0323,0.0051
6613,3148,dens_2086775654110573795,838,Density,<Substance CC(C)OC(C)C{solv}{x=0.200400}|Cc1ccccc1{solv}{x=0.799600}>,CC(C)OC(C)C,Cc1ccccc1,Protein-Null-0.0.3-Pair-NMR-1E4-Umbrella-1E3-4-AAQAA3-1E3-3-OPC3_opc3,3,0.8232664831096171,0.0002859665417039,0.8299700000000002,0.00014
6614,3149,dens_2167043968237201720,839,Density,<Substance CC(C)OC(C)C{solv}{x=0.500300}|Cc1ccccc1{solv}{x=0.499700}>,CC(C)OC(C)C,Cc1ccccc1,Protein-Null-0.0.3-Pair-NMR-1E4-Umbrella-1E3-4-AAQAA3-1E3-3-OPC3_opc3,3,0.789756670914086,0.0002635682840873,0.7849200000000002,0.000155
6615,3150,dhmix_578047845607378963,840,EnthalpyOfMixing,<Substance CN1CCCC1=O{solv}{x=0.635900}|c1ccncc1{solv}{x=0.364100}>,CN1CCCC1=O,c1ccncc1,Protein-Null-0.0.3-Pair-NMR-1E4-Umbrella-1E3-4-AAQAA3-1E3-3-OPC3_opc3,3,-0.3952413728090338,0.0358076179393325,-0.4013,0.10035
6616,3151,dhmix_625120262301063359,841,EnthalpyOfMixing,<Substance CN1CCCC1=O{solv}{x=0.231200}|c1ccncc1{solv}{x=0.768800}>,CN1CCCC1=O,c1ccncc1,Protein-Null-0.0.3-Pair-NMR-1E4-Umbrella-1E3-4-AAQAA3-1E3-3-OPC3_opc3,3,-0.2817208609031407,0.0387143561597884,-0.3157,0.07895
6617,3152,dens_1059919274311274879,842,Density,<Substance CN1CCCC1=O{solv}{x=0.521500}|c1ccncc1{solv}{x=0.478500}>,CN1CCCC1=O,c1ccncc1,Protein-Null-0.0.3-Pair-NMR-1E4-Umbrella-1E3-4-AAQAA3-1E3-3-OPC3_opc3,3,0.9916728987801444,0.0002246457475105,1.0158200000000004,0.00051
6618,3153,dens_1445187430653020908,843,Density,<Substance CN1CCCC1=O{solv}{x=0.234800}|c1ccncc1{solv}{x=0.765200}>,CN1CCCC1=O,c1ccncc1,Protein-Null-0.0.3-Pair-NMR-1E4-Umbrella-1E3-4-AAQAA3-1E3-3-OPC3_opc3,3,0.9851297433643126,0.0002744051459181,0.9983500000000004,0.00051
6619,3154,dhmix_1933003504821603087,844,EnthalpyOfMixing,<Substance CN1CCCC1=O{solv}{x=0.499500}|c1ccncc1{solv}{x=0.500500}>,CN1CCCC1=O,c1ccncc1,Protein-Null-0.0.3-Pair-NMR-1E4-Umbrella-1E3-4-AAQAA3-1E3-3-OPC3_opc3,3,-0.3830862465546203,0.0377522883517074,-0.4356,0.1089
6620,3155,dens_2199047009222847682,845,Density,<Substance CN1CCCC1=O{solv}{x=0.636400}|c1ccncc1{solv}{x=0.363600}>,CN1CCCC1=O,c1ccncc1,Protein-Null-0.0.3-Pair-NMR-1E4-Umbrella-1E3-4-AAQAA3-1E3-3-OPC3_opc3,3,0.9931741579175392,0.0002145795700493,1.0207400000000002,0.00051
6621,3156,dens_586351122522837789,846,Density,<Substance c1cc[nH]c1{solv}{x=0.820700}|c1ccccc1{solv}{x=0.179300}>,c1cc[nH]c1,c1ccccc1,Protein-Null-0.0.3-Pair-NMR-1E4-Umbrella-1E3-4-AAQAA3-1E3-3-OPC3_opc3,3,0.9531882151477752,0.0002890974897209,0.9503300000000002,0.000195
6622,3157,dhmix_1101447260293284221,847,EnthalpyOfMixing,<Substance c1cc[nH]c1{solv}{x=0.494000}|c1ccccc1{solv}{x=0.506000}>,c1cc[nH]c1,c1ccccc1,Protein-Null-0.0.3-Pair-NMR-1E4-Umbrella-1E3-4-AAQAA3-1E3-3-OPC3_opc3,3,0.5026032772046563,0.0367927602032063,0.609,0.00395
6623,3158,dens_1366042600317618213,848,Density,<Substance c1cc[nH]c1{solv}{x=0.503000}|c1ccccc1{solv}{x=0.497000}>,c1cc[nH]c1,c1ccccc1,Protein-Null-0.0.3-Pair-NMR-1E4-Umbrella-1E3-4-AAQAA3-1E3-3-OPC3_opc3,3,0.912956314409238,0.0002573482646293,0.9220400000000002,0.00019
6624,3159,dens_2042223650153961549,849,Density,<Substance c1cc[nH]c1{solv}{x=0.314200}|c1ccccc1{solv}{x=0.685800}>,c1cc[nH]c1,c1ccccc1,Protein-Null-0.0.3-Pair-NMR-1E4-Umbrella-1E3-4-AAQAA3-1E3-3-OPC3_opc3,3,0.8924336476040764,0.0003292547359847,0.9043500000000002,0.000195
6625,3160,dhmix_2080652523589171296,850,EnthalpyOfMixing,<Substance c1cc[nH]c1{solv}{x=0.820800}|c1ccccc1{solv}{x=0.179200}>,c1cc[nH]c1,c1ccccc1,Protein-Null-0.0.3-Pair-NMR-1E4-Umbrella-1E3-4-AAQAA3-1E3-3-OPC3_opc3,3,0.2948169457155671,0.0394472883050722,0.3441,0.00245
6626,3161,dhmix_2101365800313583195,851,EnthalpyOfMixing,<Substance c1cc[nH]c1{solv}{x=0.314000}|c1ccccc1{solv}{x=0.686000}>,c1cc[nH]c1,c1ccccc1,Protein-Null-0.0.3-Pair-NMR-1E4-Umbrella-1E3-4-AAQAA3-1E3-3-OPC3_opc3,3,0.5782998962831982,0.0374903931468985,0.5893,0.00385
6627,3162,dens_592296207180530796,852,Density,<Substance C1CCNCC1{solv}{x=0.250000}|O{solv}{x=0.750000}>,C1CCNCC1,O,Protein-Null-0.0.3-Pair-NMR-1E4-Umbrella-1E3-4-AAQAA3-1E3-3-OPC3_opc3,3,0.9203626673796884,0.00034466939185,0.9379600000000002,0.000185
6628,3163,dhmix_598563182385523239,853,EnthalpyOfMixing,<Substance C1CCNCC1{solv}{x=0.750000}|O{solv}{x=0.250000}>,C1CCNCC1,O,Protein-Null-0.0.3-Pair-NMR-1E4-Umbrella-1E3-4-AAQAA3-1E3-3-OPC3_opc3,3,-0.7942904314976573,0.0392554951167403,-1.4628,0.02995
6629,3164,dens_1144696340343060729,854,Density,<Substance C1CCNCC1{solv}{x=0.500000}|O{solv}{x=0.500000}>,C1CCNCC1,O,Protein-Null-0.0.3-Pair-NMR-1E4-Umbrella-1E3-4-AAQAA3-1E3-3-OPC3_opc3,3,0.8906185296298215,0.0002746645478318,0.90329,0.000235
6630,3165,dens_1551117370864361960,855,Density,<Substance C1CCNCC1{solv}{x=0.750000}|O{solv}{x=0.250000}>,C1CCNCC1,O,Protein-Null-0.0.3-Pair-NMR-1E4-Umbrella-1E3-4-AAQAA3-1E3-3-OPC3_opc3,3,0.8733788700466585,0.0002116816384836,0.8771300000000002,0.000285
6631,3166,dhmix_2023343497633678069,856,EnthalpyOfMixing,<Substance C1CCNCC1{solv}{x=0.500000}|O{solv}{x=0.500000}>,C1CCNCC1,O,Protein-Null-0.0.3-Pair-NMR-1E4-Umbrella-1E3-4-AAQAA3-1E3-3-OPC3_opc3,3,-1.2627380048988393,0.0369053556112238,-2.1379,0.04355
6632,3167,dhmix_2169709193905404129,857,EnthalpyOfMixing,<Substance C1CCNCC1{solv}{x=0.250000}|O{solv}{x=0.750000}>,C1CCNCC1,O,Protein-Null-0.0.3-Pair-NMR-1E4-Umbrella-1E3-4-AAQAA3-1E3-3-OPC3_opc3,3,-0.9334066730917812,0.0278207435195572,-1.9642,0.04065
6633,3168,dhmix_597694390671293228,858,EnthalpyOfMixing,<Substance C1CCCCC1{solv}{x=0.495000}|c1cc[nH]c1{solv}{x=0.505000}>,C1CCCCC1,c1cc[nH]c1,Protein-Null-0.0.3-Pair-NMR-1E4-Umbrella-1E3-4-AAQAA3-1E3-3-OPC3_opc3,3,1.4301819381601746,0.0391733153508529,1.4275,0.00895
6634,3169,dens_1402964712081643759,859,Density,<Substance C1CCCCC1{solv}{x=0.281700}|c1cc[nH]c1{solv}{x=0.718300}>,C1CCCCC1,c1cc[nH]c1,Protein-Null-0.0.3-Pair-NMR-1E4-Umbrella-1E3-4-AAQAA3-1E3-3-OPC3_opc3,3,0.885277888760441,0.0002371403487048,0.9082800000000002,0.00023
6635,3170,dens_1463337814181203578,860,Density,<Substance C1CCCCC1{solv}{x=0.925100}|c1cc[nH]c1{solv}{x=0.074900}>,C1CCCCC1,c1cc[nH]c1,Protein-Null-0.0.3-Pair-NMR-1E4-Umbrella-1E3-4-AAQAA3-1E3-3-OPC3_opc3,3,0.7604292913375703,0.0002464036831389,0.7860300000000001,0.00026
6636,3171,dens_1586039458655447443,861,Density,<Substance C1CCCCC1{solv}{x=0.494200}|c1cc[nH]c1{solv}{x=0.505800}>,C1CCCCC1,c1cc[nH]c1,Protein-Null-0.0.3-Pair-NMR-1E4-Umbrella-1E3-4-AAQAA3-1E3-3-OPC3_opc3,3,0.8340652560306001,0.0002638717650381,0.8661300000000002,0.000235
6637,3172,dhmix_1650717903260721901,862,EnthalpyOfMixing,<Substance C1CCCCC1{solv}{x=0.924800}|c1cc[nH]c1{solv}{x=0.075200}>,C1CCCCC1,c1cc[nH]c1,Protein-Null-0.0.3-Pair-NMR-1E4-Umbrella-1E3-4-AAQAA3-1E3-3-OPC3_opc3,3,0.717039346277005,0.0469768468554774,0.7315,0.00535
6638,3173,dhmix_1709124910710738018,863,EnthalpyOfMixing,<Substance C1CCCCC1{solv}{x=0.281800}|c1cc[nH]c1{solv}{x=0.718200}>,C1CCCCC1,c1cc[nH]c1,Protein-Null-0.0.3-Pair-NMR-1E4-Umbrella-1E3-4-AAQAA3-1E3-3-OPC3_opc3,3,1.418578179487426,0.037600354285833,1.245,0.00795
6639,3174,dhmix_602003453564252918,864,EnthalpyOfMixing,<Substance COc1ccccc1{solv}{x=0.767000}|OCCc1ccccc1{solv}{x=0.233000}>,COc1ccccc1,OCCc1ccccc1,Protein-Null-0.0.3-Pair-NMR-1E4-Umbrella-1E3-4-AAQAA3-1E3-3-OPC3_opc3,3,0.7510648925491168,0.0515801183881398,1.1154,0.01195
6640,3175,dhmix_831666159864093343,865,EnthalpyOfMixing,<Substance COc1ccccc1{solv}{x=0.267800}|OCCc1ccccc1{solv}{x=0.732200}>,COc1ccccc1,OCCc1ccccc1,Protein-Null-0.0.3-Pair-NMR-1E4-Umbrella-1E3-4-AAQAA3-1E3-3-OPC3_opc3,3,0.6468630259903705,0.0437593785052769,0.688,0.00745
6641,3176,dhmix_1415130215717622630,866,EnthalpyOfMixing,<Substance COc1ccccc1{solv}{x=0.523200}|OCCc1ccccc1{solv}{x=0.476800}>,COc1ccccc1,OCCc1ccccc1,Protein-Null-0.0.3-Pair-NMR-1E4-Umbrella-1E3-4-AAQAA3-1E3-3-OPC3_opc3,3,0.8677220895661932,0.0559332122553285,1.0457,0.0112
6642,3177,dens_2018050376435813399,867,Density,<Substance COc1ccccc1{solv}{x=0.767300}|OCCc1ccccc1{solv}{x=0.232700}>,COc1ccccc1,OCCc1ccccc1,Protein-Null-0.0.3-Pair-NMR-1E4-Umbrella-1E3-4-AAQAA3-1E3-3-OPC3_opc3,3,0.9734750670351108,0.0002215619220871,0.9869000000000002,0.00026
6643,3178,dens_2083067547090229321,868,Density,<Substance COc1ccccc1{solv}{x=0.524500}|OCCc1ccccc1{solv}{x=0.475500}>,COc1ccccc1,OCCc1ccccc1,Protein-Null-0.0.3-Pair-NMR-1E4-Umbrella-1E3-4-AAQAA3-1E3-3-OPC3_opc3,3,0.9825524095661368,0.0002520499612668,0.9943600000000002,0.00026
6644,3179,dens_2108796896152795987,869,Density,<Substance COc1ccccc1{solv}{x=0.212100}|OCCc1ccccc1{solv}{x=0.787900}>,COc1ccccc1,OCCc1ccccc1,Protein-Null-0.0.3-Pair-NMR-1E4-Umbrella-1E3-4-AAQAA3-1E3-3-OPC3_opc3,3,0.991887376737098,0.0002362608240518,1.0032600000000005,0.00026
6645,3180,dhmix_607389561715885318,870,EnthalpyOfMixing,<Substance CC(C)O{solv}{x=0.750600}|CCOC(=O)CC(=O)OCC{solv}{x=0.249400}>,CC(C)O,CCOC(=O)CC(=O)OCC,Protein-Null-0.0.3-Pair-NMR-1E4-Umbrella-1E3-4-AAQAA3-1E3-3-OPC3_opc3,3,1.7120006461183408,0.0368958653248773,1.955,0.021
6646,3181,dhmix_970997719035766241,871,EnthalpyOfMixing,<Substance CC(C)O{solv}{x=0.249200}|CCOC(=O)CC(=O)OCC{solv}{x=0.750800}>,CC(C)O,CCOC(=O)CC(=O)OCC,Protein-Null-0.0.3-Pair-NMR-1E4-Umbrella-1E3-4-AAQAA3-1E3-3-OPC3_opc3,3,1.2684562518987264,0.0566898731044905,1.804,0.0195
6647,3182,dens_1055220895195342210,872,Density,<Substance CC(C)O{solv}{x=0.700000}|CCOC(=O)CC(=O)OCC{solv}{x=0.300000}>,CC(C)O,CCOC(=O)CC(=O)OCC,Protein-Null-0.0.3-Pair-NMR-1E4-Umbrella-1E3-4-AAQAA3-1E3-3-OPC3_opc3,3,0.9176498828016364,0.0001767945900458,0.9013080000000002,0.000163
6648,3183,dens_1059428282849222105,873,Density,<Substance CC(C)O{solv}{x=0.500100}|CCOC(=O)CC(=O)OCC{solv}{x=0.499900}>,CC(C)O,CCOC(=O)CC(=O)OCC,Protein-Null-0.0.3-Pair-NMR-1E4-Umbrella-1E3-4-AAQAA3-1E3-3-OPC3_opc3,3,0.97287176754092,0.0001856530759778,0.9563730000000004,0.0001215
6649,3184,dhmix_2225069850502215858,874,EnthalpyOfMixing,<Substance CC(C)O{solv}{x=0.499700}|CCOC(=O)CC(=O)OCC{solv}{x=0.500300}>,CC(C)O,CCOC(=O)CC(=O)OCC,Protein-Null-0.0.3-Pair-NMR-1E4-Umbrella-1E3-4-AAQAA3-1E3-3-OPC3_opc3,3,2.0807400294798697,0.0392822583931753,2.369,0.0255
6650,3185,dens_2227064517025896927,875,Density,<Substance CC(C)O{solv}{x=0.200000}|CCOC(=O)CC(=O)OCC{solv}{x=0.800000}>,CC(C)O,CCOC(=O)CC(=O)OCC,Protein-Null-0.0.3-Pair-NMR-1E4-Umbrella-1E3-4-AAQAA3-1E3-3-OPC3_opc3,3,1.032869695776588,0.0002342722649399,1.0176930000000002,0.000103
6651,3186,dhmix_614525131410782877,876,EnthalpyOfMixing,<Substance CCCCCC(C)=O{solv}{x=0.491300}|CCCCNCCCC{solv}{x=0.508700}>,CCCCCC(C)=O,CCCCNCCCC,Protein-Null-0.0.3-Pair-NMR-1E4-Umbrella-1E3-4-AAQAA3-1E3-3-OPC3_opc3,3,-0.0825238575440749,0.0501588384840088,0.278,0.003
6652,3187,dhmix_1051001364116056564,877,EnthalpyOfMixing,<Substance CCCCCC(C)=O{solv}{x=0.781100}|CCCCNCCCC{solv}{x=0.218900}>,CCCCCC(C)=O,CCCCNCCCC,Protein-Null-0.0.3-Pair-NMR-1E4-Umbrella-1E3-4-AAQAA3-1E3-3-OPC3_opc3,3,-0.0432510906860557,0.0427225104998203,0.164,0.002
6653,3188,dens_1087422962538109584,878,Density,<Substance CCCCCC(C)=O{solv}{x=0.449900}|CCCCNCCCC{solv}{x=0.550100}>,CCCCCC(C)=O,CCCCNCCCC,Protein-Null-0.0.3-Pair-NMR-1E4-Umbrella-1E3-4-AAQAA3-1E3-3-OPC3_opc3,3,0.7709627065832312,0.000172299744379,0.7778490000000002,9.250000000000004e-05
6654,3189,dens_1830187222448876426,879,Density,<Substance CCCCCC(C)=O{solv}{x=0.209700}|CCCCNCCCC{solv}{x=0.790300}>,CCCCCC(C)=O,CCCCNCCCC,Protein-Null-0.0.3-Pair-NMR-1E4-Umbrella-1E3-4-AAQAA3-1E3-3-OPC3_opc3,3,0.7612637336762922,0.0001702407141208,0.7655110000000002,8.400000000000002e-05
6655,3190,dens_2113849591242853193,880,Density,<Substance CCCCCC(C)=O{solv}{x=0.750900}|CCCCNCCCC{solv}{x=0.249100}>,CCCCCC(C)=O,CCCCNCCCC,Protein-Null-0.0.3-Pair-NMR-1E4-Umbrella-1E3-4-AAQAA3-1E3-3-OPC3_opc3,3,0.7843304547343428,0.0001406385603508,0.7951660000000003,0.000105
6656,3191,dhmix_2131918011494960609,881,EnthalpyOfMixing,<Substance CCCCCC(C)=O{solv}{x=0.294700}|CCCCNCCCC{solv}{x=0.705300}>,CCCCCC(C)=O,CCCCNCCCC,Protein-Null-0.0.3-Pair-NMR-1E4-Umbrella-1E3-4-AAQAA3-1E3-3-OPC3_opc3,3,0.0896164741584897,0.0565915303460017,0.256,0.003
6657,3192,dhmix_618866445574413387,882,EnthalpyOfMixing,<Substance C1CCOCC1{solv}{x=0.442500}|Cc1ccccc1C{solv}{x=0.557500}>,C1CCOCC1,Cc1ccccc1C,Protein-Null-0.0.3-Pair-NMR-1E4-Umbrella-1E3-4-AAQAA3-1E3-3-OPC3_opc3,3,-0.1243109782656546,0.0438005134733405,-0.0342,0.0006
6658,3193,dens_643927890193937545,883,Density,<Substance C1CCOCC1{solv}{x=0.518700}|Cc1ccccc1C{solv}{x=0.481300}>,C1CCOCC1,Cc1ccccc1C,Protein-Null-0.0.3-Pair-NMR-1E4-Umbrella-1E3-4-AAQAA3-1E3-3-OPC3_opc3,3,0.8587379436092097,0.0002048376903791,0.8779900000000003,0.0005
6659,3194,dhmix_1129414916141538177,884,EnthalpyOfMixing,<Substance C1CCOCC1{solv}{x=0.744300}|Cc1ccccc1C{solv}{x=0.255700}>,C1CCOCC1,Cc1ccccc1C,Protein-Null-0.0.3-Pair-NMR-1E4-Umbrella-1E3-4-AAQAA3-1E3-3-OPC3_opc3,3,-0.0293944123740459,0.0410218654344197,0.0421,0.00065
6660,3195,dens_1429468909820653032,885,Density,<Substance C1CCOCC1{solv}{x=0.231800}|Cc1ccccc1C{solv}{x=0.768200}>,C1CCOCC1,Cc1ccccc1C,Protein-Null-0.0.3-Pair-NMR-1E4-Umbrella-1E3-4-AAQAA3-1E3-3-OPC3_opc3,3,0.8552561975207157,0.0002004040632502,0.8770400000000002,0.0005
6661,3196,dens_1442497603142913792,886,Density,<Substance C1CCOCC1{solv}{x=0.772900}|Cc1ccccc1C{solv}{x=0.227100}>,C1CCOCC1,Cc1ccccc1C,Protein-Null-0.0.3-Pair-NMR-1E4-Umbrella-1E3-4-AAQAA3-1E3-3-OPC3_opc3,3,0.8629632982062116,0.000215212419791,0.8787800000000002,0.000505
6662,3197,dhmix_2268256048157488415,887,EnthalpyOfMixing,<Substance C1CCOCC1{solv}{x=0.245400}|Cc1ccccc1C{solv}{x=0.754600}>,C1CCOCC1,Cc1ccccc1C,Protein-Null-0.0.3-Pair-NMR-1E4-Umbrella-1E3-4-AAQAA3-1E3-3-OPC3_opc3,3,-0.0400948713065503,0.0479345454742123,-0.0613,0.00085
6663,3198,dens_626398848152359169,888,Density,<Substance C1COCCN1{solv}{x=0.498000}|O{solv}{x=0.502000}>,C1COCCN1,O,Protein-Null-0.0.3-Pair-NMR-1E4-Umbrella-1E3-4-AAQAA3-1E3-3-OPC3_opc3,3,1.0491991732210202,0.0002857778383828,1.0255000000000003,0.00255
6664,3199,dhmix_773913810754342365,889,EnthalpyOfMixing,<Substance C1COCCN1{solv}{x=0.714900}|O{solv}{x=0.285100}>,C1COCCN1,O,Protein-Null-0.0.3-Pair-NMR-1E4-Umbrella-1E3-4-AAQAA3-1E3-3-OPC3_opc3,3,-1.692198149818239,0.041563394486248,-1.753,0.019
6665,3200,dhmix_1012297674499495059,890,EnthalpyOfMixing,<Substance C1COCCN1{solv}{x=0.201000}|O{solv}{x=0.799000}>,C1COCCN1,O,Protein-Null-0.0.3-Pair-NMR-1E4-Umbrella-1E3-4-AAQAA3-1E3-3-OPC3_opc3,3,-1.6340866970465893,0.0274463029549169,-2.758,0.0295
6666,3201,dens_1167008264969667349,891,Density,<Substance C1COCCN1{solv}{x=0.793000}|O{solv}{x=0.207000}>,C1COCCN1,O,Protein-Null-0.0.3-Pair-NMR-1E4-Umbrella-1E3-4-AAQAA3-1E3-3-OPC3_opc3,3,1.0434779403895942,0.0004005901138742,1.0057000000000005,0.00245
6667,3202,dhmix_1871930573512426354,892,EnthalpyOfMixing,<Substance C1COCCN1{solv}{x=0.491100}|O{solv}{x=0.508900}>,C1COCCN1,O,Protein-Null-0.0.3-Pair-NMR-1E4-Umbrella-1E3-4-AAQAA3-1E3-3-OPC3_opc3,3,-2.6137724694378193,0.032171846536958,-3.131,0.0335
6668,3203,dens_2014911999593579414,893,Density,<Substance C1COCCN1{solv}{x=0.298000}|O{solv}{x=0.702000}>,C1COCCN1,O,Protein-Null-0.0.3-Pair-NMR-1E4-Umbrella-1E3-4-AAQAA3-1E3-3-OPC3_opc3,3,1.0439245036311944,0.0006352840733365,1.0309000000000004,0.00255
6669,3204,dens_627753907231278660,894,Density,<Substance CCC(C)=O{solv}{x=0.753100}|CCCNCCC{solv}{x=0.246900}>,CCC(C)=O,CCCNCCC,Protein-Null-0.0.3-Pair-NMR-1E4-Umbrella-1E3-4-AAQAA3-1E3-3-OPC3_opc3,3,0.7608109262712573,0.0002402991946059,0.7771510000000001,0.000109
6670,3205,dens_674236159588910357,895,Density,<Substance CCC(C)=O{solv}{x=0.244600}|CCCNCCC{solv}{x=0.755400}>,CCC(C)=O,CCCNCCC,Protein-Null-0.0.3-Pair-NMR-1E4-Umbrella-1E3-4-AAQAA3-1E3-3-OPC3_opc3,3,0.7396987661133336,0.0002296115282652,0.7446230000000003,0.0001405
6671,3206,dhmix_749228177959685874,896,EnthalpyOfMixing,<Substance CCC(C)=O{solv}{x=0.235300}|CCCNCCC{solv}{x=0.764700}>,CCC(C)=O,CCCNCCC,Protein-Null-0.0.3-Pair-NMR-1E4-Umbrella-1E3-4-AAQAA3-1E3-3-OPC3_opc3,3,0.1552127109107743,0.0503520174340008,0.299,0.0035
6672,3207,dhmix_1706960823617656563,897,EnthalpyOfMixing,<Substance CCC(C)=O{solv}{x=0.698400}|CCCNCCC{solv}{x=0.301600}>,CCC(C)=O,CCCNCCC,Protein-Null-0.0.3-Pair-NMR-1E4-Umbrella-1E3-4-AAQAA3-1E3-3-OPC3_opc3,3,0.0728335619332156,0.038761968324797,0.334,0.0035
6673,3208,dhmix_2102794241345605516,898,EnthalpyOfMixing,<Substance CCC(C)=O{solv}{x=0.505000}|CCCNCCC{solv}{x=0.495000}>,CCC(C)=O,CCCNCCC,Protein-Null-0.0.3-Pair-NMR-1E4-Umbrella-1E3-4-AAQAA3-1E3-3-OPC3_opc3,3,0.0373110170589967,0.0464680558366478,0.397,0.0045
6674,3209,dens_2224864308887622456,899,Density,<Substance CCC(C)=O{solv}{x=0.500600}|CCCNCCC{solv}{x=0.499400}>,CCC(C)=O,CCCNCCC,Protein-Null-0.0.3-Pair-NMR-1E4-Umbrella-1E3-4-AAQAA3-1E3-3-OPC3_opc3,3,0.7485696184120345,0.0002326861382075,0.7590400000000002,0.000125
6675,3210,dhmix_628329103086906726,900,EnthalpyOfMixing,<Substance CC1CCCCC1{solv}{x=0.250400}|CCCO{solv}{x=0.749600}>,CC1CCCCC1,CCCO,Protein-Null-0.0.3-Pair-NMR-1E4-Umbrella-1E3-4-AAQAA3-1E3-3-OPC3_opc3,3,0.3976173464720247,0.0401949660252857,0.321,0.0055
6676,3211,dhmix_989207392771680315,901,EnthalpyOfMixing,<Substance CC1CCCCC1{solv}{x=0.750500}|CCCO{solv}{x=0.249500}>,CC1CCCCC1,CCCO,Protein-Null-0.0.3-Pair-NMR-1E4-Umbrella-1E3-4-AAQAA3-1E3-3-OPC3_opc3,3,0.7225117649943087,0.0485026107654909,0.574,0.0055
6677,3212,dens_1351260115393741606,902,Density,<Substance CC1CCCCC1{solv}{x=0.503100}|CCCO{solv}{x=0.496900}>,CC1CCCCC1,CCCO,Protein-Null-0.0.3-Pair-NMR-1E4-Umbrella-1E3-4-AAQAA3-1E3-3-OPC3_opc3,3,0.7663582416183572,0.0002414588561974,0.7785600000000001,0.0039
6678,3213,dens_1376195506089851480,903,Density,<Substance CC1CCCCC1{solv}{x=0.202700}|CCCO{solv}{x=0.797300}>,CC1CCCCC1,CCCO,Protein-Null-0.0.3-Pair-NMR-1E4-Umbrella-1E3-4-AAQAA3-1E3-3-OPC3_opc3,3,0.77880062740507,0.0002842000085443,0.7942000000000002,0.00398
6679,3214,dens_1501229836503112732,904,Density,<Substance CC1CCCCC1{solv}{x=0.799000}|CCCO{solv}{x=0.201000}>,CC1CCCCC1,CCCO,Protein-Null-0.0.3-Pair-NMR-1E4-Umbrella-1E3-4-AAQAA3-1E3-3-OPC3_opc3,3,0.7590534199004338,0.0001558993573768,0.7688300000000002,0.003855
6680,3215,dhmix_2109805019413953371,905,EnthalpyOfMixing,<Substance CC1CCCCC1{solv}{x=0.500400}|CCCO{solv}{x=0.499600}>,CC1CCCCC1,CCCO,Protein-Null-0.0.3-Pair-NMR-1E4-Umbrella-1E3-4-AAQAA3-1E3-3-OPC3_opc3,3,0.7863579438748332,0.0441311881125303,0.533,0.0055
6681,3216,dhmix_634764080264908666,906,EnthalpyOfMixing,<Substance OCCN1CCOCC1{solv}{x=0.498900}|O{solv}{x=0.501100}>,O,OCCN1CCOCC1,Protein-Null-0.0.3-Pair-NMR-1E4-Umbrella-1E3-4-AAQAA3-1E3-3-OPC3_opc3,3,-2.2814300607791154,0.0344767446489357,-2.2633,0.02415
6682,3217,dens_707792343667224312,907,Density,<Substance OCCN1CCOCC1{solv}{x=0.246600}|O{solv}{x=0.753400}>,O,OCCN1CCOCC1,Protein-Null-0.0.3-Pair-NMR-1E4-Umbrella-1E3-4-AAQAA3-1E3-3-OPC3_opc3,3,1.0781435111270412,0.0005754104638477,1.0838100000000002,0.00154
6683,3218,dhmix_1064373607860850902,908,EnthalpyOfMixing,<Substance OCCN1CCOCC1{solv}{x=0.694900}|O{solv}{x=0.305100}>,O,OCCN1CCOCC1,Protein-Null-0.0.3-Pair-NMR-1E4-Umbrella-1E3-4-AAQAA3-1E3-3-OPC3_opc3,3,-1.7934513721369283,0.0442362752531181,-1.7936,0.01915
6684,3219,dhmix_1846281306963870091,909,EnthalpyOfMixing,<Substance OCCN1CCOCC1{solv}{x=0.300200}|O{solv}{x=0.699800}>,O,OCCN1CCOCC1,Protein-Null-0.0.3-Pair-NMR-1E4-Umbrella-1E3-4-AAQAA3-1E3-3-OPC3_opc3,3,-2.368249590912214,0.0249878500337276,-2.426,0.026
6685,3220,dens_2238932092645470826,910,Density,<Substance OCCN1CCOCC1{solv}{x=0.743900}|O{solv}{x=0.256100}>,O,OCCN1CCOCC1,Protein-Null-0.0.3-Pair-NMR-1E4-Umbrella-1E3-4-AAQAA3-1E3-3-OPC3_opc3,3,1.083337307753547,0.0001529869975288,1.08031,0.001565
6686,3221,dens_2269173599223764079,911,Density,<Substance OCCN1CCOCC1{solv}{x=0.485200}|O{solv}{x=0.514800}>,O,OCCN1CCOCC1,Protein-Null-0.0.3-Pair-NMR-1E4-Umbrella-1E3-4-AAQAA3-1E3-3-OPC3_opc3,3,1.0859509501849154,0.0002218731047021,1.0866900000000004,0.00159
6687,3222,dhmix_636778454546345333,912,EnthalpyOfMixing,<Substance C1CCCCC1{solv}{x=0.506300}|CNc1ccccc1{solv}{x=0.493700}>,C1CCCCC1,CNc1ccccc1,Protein-Null-0.0.3-Pair-NMR-1E4-Umbrella-1E3-4-AAQAA3-1E3-3-OPC3_opc3,3,2.153660802497356,0.0425727787079413,1.628,0.0175
6688,3223,dens_1209163492396921559,913,Density,<Substance C1CCCCC1{solv}{x=0.247000}|CNc1ccccc1{solv}{x=0.753000}>,C1CCCCC1,CNc1ccccc1,Protein-Null-0.0.3-Pair-NMR-1E4-Umbrella-1E3-4-AAQAA3-1E3-3-OPC3_opc3,3,0.9275565537456026,0.0002260593718495,0.9289450000000002,0.000272
6689,3224,dens_1438140901521078017,914,Density,<Substance C1CCCCC1{solv}{x=0.494500}|CNc1ccccc1{solv}{x=0.505500}>,C1CCCCC1,CNc1ccccc1,Protein-Null-0.0.3-Pair-NMR-1E4-Umbrella-1E3-4-AAQAA3-1E3-3-OPC3_opc3,3,0.8654288360443355,0.0001494509227897,0.8759620000000002,0.0001835
6690,3225,dens_1482697199055102595,915,Density,<Substance C1CCCCC1{solv}{x=0.746400}|CNc1ccccc1{solv}{x=0.253600}>,C1CCCCC1,CNc1ccccc1,Protein-Null-0.0.3-Pair-NMR-1E4-Umbrella-1E3-4-AAQAA3-1E3-3-OPC3_opc3,3,0.8060109082543736,0.0002366913499553,0.8233530000000001,0.000138
6691,3226,dhmix_1832297119731463766,916,EnthalpyOfMixing,<Substance C1CCCCC1{solv}{x=0.204700}|CNc1ccccc1{solv}{x=0.795300}>,C1CCCCC1,CNc1ccccc1,Protein-Null-0.0.3-Pair-NMR-1E4-Umbrella-1E3-4-AAQAA3-1E3-3-OPC3_opc3,3,1.695703055627284,0.0445532490167025,0.972,0.0105
6692,3227,dhmix_1889368397403208807,917,EnthalpyOfMixing,<Substance C1CCCCC1{solv}{x=0.706600}|CNc1ccccc1{solv}{x=0.293400}>,C1CCCCC1,CNc1ccccc1,Protein-Null-0.0.3-Pair-NMR-1E4-Umbrella-1E3-4-AAQAA3-1E3-3-OPC3_opc3,3,1.9308148307158175,0.0454090105413511,1.521,0.0165
6693,3228,dhmix_637657437173907469,918,EnthalpyOfMixing,<Substance CC(C)=O{solv}{x=0.709700}|CNc1ccccc1{solv}{x=0.290300}>,CC(C)=O,CNc1ccccc1,Protein-Null-0.0.3-Pair-NMR-1E4-Umbrella-1E3-4-AAQAA3-1E3-3-OPC3_opc3,3,-0.532681594807304,0.0400567290057542,-0.525,0.0055
6694,3229,dhmix_817594693007274900,919,EnthalpyOfMixing,<Substance CC(C)=O{solv}{x=0.231600}|CNc1ccccc1{solv}{x=0.768400}>,CC(C)=O,CNc1ccccc1,Protein-Null-0.0.3-Pair-NMR-1E4-Umbrella-1E3-4-AAQAA3-1E3-3-OPC3_opc3,3,-0.5542379385800711,0.0374543626752624,-0.5,0.0055
6695,3230,dens_830664987854613197,920,Density,<Substance CC(C)=O{solv}{x=0.250300}|CNc1ccccc1{solv}{x=0.749700}>,CC(C)=O,CNc1ccccc1,Protein-Null-0.0.3-Pair-NMR-1E4-Umbrella-1E3-4-AAQAA3-1E3-3-OPC3_opc3,3,0.955711877067149,0.0002189203722239,0.9502900000000002,0.0003395
6696,3231,dhmix_1052042310023734389,921,EnthalpyOfMixing,<Substance CC(C)=O{solv}{x=0.508600}|CNc1ccccc1{solv}{x=0.491400}>,CC(C)=O,CNc1ccccc1,Protein-Null-0.0.3-Pair-NMR-1E4-Umbrella-1E3-4-AAQAA3-1E3-3-OPC3_opc3,3,-0.747665409087718,0.0315392408033812,-0.672,0.0075
6697,3232,dens_1302333367899693905,922,Density,<Substance CC(C)=O{solv}{x=0.750600}|CNc1ccccc1{solv}{x=0.249400}>,CC(C)=O,CNc1ccccc1,Protein-Null-0.0.3-Pair-NMR-1E4-Umbrella-1E3-4-AAQAA3-1E3-3-OPC3_opc3,3,0.8470075397592648,0.0002485987801749,0.8565010000000002,0.000231
6698,3233,dens_1582643029733708616,923,Density,<Substance CC(C)=O{solv}{x=0.494800}|CNc1ccccc1{solv}{x=0.505200}>,CC(C)=O,CNc1ccccc1,Protein-Null-0.0.3-Pair-NMR-1E4-Umbrella-1E3-4-AAQAA3-1E3-3-OPC3_opc3,3,0.909409731242678,0.0002425157094954,0.9107940000000002,0.000263
6699,3234,dens_650566412384126439,924,Density,<Substance CC(C)CC(C)(C)C{solv}{x=0.158800}|CCCCC(=O)OC{solv}{x=0.841200}>,CC(C)CC(C)(C)C,CCCCC(=O)OC,Protein-Null-0.0.3-Pair-NMR-1E4-Umbrella-1E3-4-AAQAA3-1E3-3-OPC3_opc3,3,0.8459123338701424,0.0002225665438188,0.8463800000000002,0.000505
6700,3235,dhmix_986100941633296124,925,EnthalpyOfMixing,<Substance CC(C)CC(C)(C)C{solv}{x=0.481800}|CCCCC(=O)OC{solv}{x=0.518200}>,CC(C)CC(C)(C)C,CCCCC(=O)OC,Protein-Null-0.0.3-Pair-NMR-1E4-Umbrella-1E3-4-AAQAA3-1E3-3-OPC3_opc3,3,1.2775135238378823,0.053052722921223,0.866,0.0095
6701,3236,dens_1095352626338523806,926,Density,<Substance CC(C)CC(C)(C)C{solv}{x=0.742500}|CCCCC(=O)OC{solv}{x=0.257500}>,CC(C)CC(C)(C)C,CCCCC(=O)OC,Protein-Null-0.0.3-Pair-NMR-1E4-Umbrella-1E3-4-AAQAA3-1E3-3-OPC3_opc3,3,0.7403505295405117,0.0001815426733648,0.7289800000000002,0.000505
6702,3237,dens_1260001645299629257,927,Density,<Substance CC(C)CC(C)(C)C{solv}{x=0.498400}|CCCCC(=O)OC{solv}{x=0.501600}>,CC(C)CC(C)(C)C,CCCCC(=O)OC,Protein-Null-0.0.3-Pair-NMR-1E4-Umbrella-1E3-4-AAQAA3-1E3-3-OPC3_opc3,3,0.7807566832099003,0.0001789114879161,0.7738400000000002,0.000505
6703,3238,dhmix_1505455794590867712,928,EnthalpyOfMixing,<Substance CC(C)CC(C)(C)C{solv}{x=0.158900}|CCCCC(=O)OC{solv}{x=0.841100}>,CC(C)CC(C)(C)C,CCCCC(=O)OC,Protein-Null-0.0.3-Pair-NMR-1E4-Umbrella-1E3-4-AAQAA3-1E3-3-OPC3_opc3,3,0.7682106118779188,0.0574656458335195,0.438,0.005
6704,3239,dhmix_1888614200283593194,929,EnthalpyOfMixing,<Substance CC(C)CC(C)(C)C{solv}{x=0.781300}|CCCCC(=O)OC{solv}{x=0.218700}>,CC(C)CC(C)(C)C,CCCCC(=O)OC,Protein-Null-0.0.3-Pair-NMR-1E4-Umbrella-1E3-4-AAQAA3-1E3-3-OPC3_opc3,3,1.0275444939510834,0.0523001694794407,0.658,0.007
6705,3240,dhmix_657900975986635712,930,EnthalpyOfMixing,<Substance Cc1ccccc1N{solv}{x=0.782700}|Cc1ccncc1{solv}{x=0.217300}>,Cc1ccccc1N,Cc1ccncc1,Protein-Null-0.0.3-Pair-NMR-1E4-Umbrella-1E3-4-AAQAA3-1E3-3-OPC3_opc3,3,-0.8874612808978526,0.0522545160358502,-0.8885,0.0182
6706,3241,dhmix_727678512066874384,931,EnthalpyOfMixing,<Substance Cc1ccccc1N{solv}{x=0.478300}|Cc1ccncc1{solv}{x=0.521700}>,Cc1ccccc1N,Cc1ccncc1,Protein-Null-0.0.3-Pair-NMR-1E4-Umbrella-1E3-4-AAQAA3-1E3-3-OPC3_opc3,3,-1.4517848161938005,0.0446955576020872,-1.4295,0.0291
6707,3242,dhmix_860941552641107708,932,EnthalpyOfMixing,<Substance Cc1ccccc1N{solv}{x=0.271500}|Cc1ccncc1{solv}{x=0.728500}>,Cc1ccccc1N,Cc1ccncc1,Protein-Null-0.0.3-Pair-NMR-1E4-Umbrella-1E3-4-AAQAA3-1E3-3-OPC3_opc3,3,-1.2856176802978254,0.0408069621651444,-1.1791,0.02405
6708,3243,dens_1148106102021344214,933,Density,<Substance Cc1ccccc1N{solv}{x=0.265500}|Cc1ccncc1{solv}{x=0.734500}>,Cc1ccccc1N,Cc1ccncc1,Protein-Null-0.0.3-Pair-NMR-1E4-Umbrella-1E3-4-AAQAA3-1E3-3-OPC3_opc3,3,0.9674063889335194,0.0002262127448987,0.9662520000000002,0.00012
6709,3244,dens_1294189007890656769,934,Density,<Substance Cc1ccccc1N{solv}{x=0.486300}|Cc1ccncc1{solv}{x=0.513700}>,Cc1ccccc1N,Cc1ccncc1,Protein-Null-0.0.3-Pair-NMR-1E4-Umbrella-1E3-4-AAQAA3-1E3-3-OPC3_opc3,3,0.983939088371308,0.0001961382433384,0.9765780000000002,0.000119
6710,3245,dens_1461384477504239974,935,Density,<Substance Cc1ccccc1N{solv}{x=0.767400}|Cc1ccncc1{solv}{x=0.232600}>,Cc1ccccc1N,Cc1ccncc1,Protein-Null-0.0.3-Pair-NMR-1E4-Umbrella-1E3-4-AAQAA3-1E3-3-OPC3_opc3,3,1.001677256866206,0.0002412621382197,0.9868740000000004,0.000118
6711,3246,dens_671712471159959715,936,Density,<Substance CCCCCCN{solv}{x=0.294400}|CN(C)C=O{solv}{x=0.705600}>,CCCCCCN,CN(C)C=O,Protein-Null-0.0.3-Pair-NMR-1E4-Umbrella-1E3-4-AAQAA3-1E3-3-OPC3_opc3,3,0.8598536404359614,0.000244145722821,0.8676880000000002,0.001057
6712,3247,dhmix_791979567859859400,937,EnthalpyOfMixing,<Substance CCCCCCN{solv}{x=0.747800}|CN(C)C=O{solv}{x=0.252200}>,CCCCCCN,CN(C)C=O,Protein-Null-0.0.3-Pair-NMR-1E4-Umbrella-1E3-4-AAQAA3-1E3-3-OPC3_opc3,3,0.4967979892918066,0.0430028152406385,0.461,0.015
6713,3248,dens_812907294215791908,938,Density,<Substance CCCCCCN{solv}{x=0.450000}|CN(C)C=O{solv}{x=0.550000}>,CCCCCCN,CN(C)C=O,Protein-Null-0.0.3-Pair-NMR-1E4-Umbrella-1E3-4-AAQAA3-1E3-3-OPC3_opc3,3,0.8365707038803557,0.0001469987961326,0.8367510000000001,0.001016
6714,3249,dhmix_1553880519684715156,939,EnthalpyOfMixing,<Substance CCCCCCN{solv}{x=0.249700}|CN(C)C=O{solv}{x=0.750300}>,CCCCCCN,CN(C)C=O,Protein-Null-0.0.3-Pair-NMR-1E4-Umbrella-1E3-4-AAQAA3-1E3-3-OPC3_opc3,3,0.4610269116945673,0.0373810073150092,0.51,0.0165
6715,3250,dens_1658157305664412923,940,Density,<Substance CCCCCCN{solv}{x=0.745200}|CN(C)C=O{solv}{x=0.254800}>,CCCCCCN,CN(C)C=O,Protein-Null-0.0.3-Pair-NMR-1E4-Umbrella-1E3-4-AAQAA3-1E3-3-OPC3_opc3,3,0.8005378197956576,0.0002265036723819,0.7905460000000002,0.0009575
6716,3251,dhmix_2271922176351407084,941,EnthalpyOfMixing,<Substance CCCCCCN{solv}{x=0.499700}|CN(C)C=O{solv}{x=0.500300}>,CCCCCCN,CN(C)C=O,Protein-Null-0.0.3-Pair-NMR-1E4-Umbrella-1E3-4-AAQAA3-1E3-3-OPC3_opc3,3,0.6524672607329691,0.0480630781242835,0.661,0.02
6717,3252,dhmix_676105854791415053,942,EnthalpyOfMixing,<Substance C=C(C)[C@H]1CC=C(C)CC1{solv}{x=0.540000}|CCCCCO{solv}{x=0.460000}>,C=C(C)[C@H]1CC=C(C)CC1,CCCCCO,Protein-Null-0.0.3-Pair-NMR-1E4-Umbrella-1E3-4-AAQAA3-1E3-3-OPC3_opc3,3,1.0884068543732184,0.0477455857395722,0.858,0.0345
6718,3253,dhmix_865539540276734208,943,EnthalpyOfMixing,<Substance C=C(C)[C@H]1CC=C(C)CC1{solv}{x=0.766000}|CCCCCO{solv}{x=0.234000}>,C=C(C)[C@H]1CC=C(C)CC1,CCCCCO,Protein-Null-0.0.3-Pair-NMR-1E4-Umbrella-1E3-4-AAQAA3-1E3-3-OPC3_opc3,3,0.9501754334815048,0.0581767837578541,0.782,0.0315
6719,3254,dens_1544700949225348296,944,Density,<Substance C=C(C)[C@H]1CC=C(C)CC1{solv}{x=0.263500}|CCCCCO{solv}{x=0.736500}>,C=C(C)[C@H]1CC=C(C)CC1,CCCCCO,Protein-Null-0.0.3-Pair-NMR-1E4-Umbrella-1E3-4-AAQAA3-1E3-3-OPC3_opc3,3,0.8108182886427375,0.0002153857043707,0.8238000000000002,0.0002
6720,3255,dens_1638649899512334435,945,Density,<Substance C=C(C)[C@H]1CC=C(C)CC1{solv}{x=0.543500}|CCCCCO{solv}{x=0.456500}>,C=C(C)[C@H]1CC=C(C)CC1,CCCCCO,Protein-Null-0.0.3-Pair-NMR-1E4-Umbrella-1E3-4-AAQAA3-1E3-3-OPC3_opc3,3,0.8133590465075833,0.0001654260024428,0.8312000000000003,0.0003
6721,3256,dens_2014432371647189246,946,Density,<Substance C=C(C)[C@H]1CC=C(C)CC1{solv}{x=0.725200}|CCCCCO{solv}{x=0.274800}>,C=C(C)[C@H]1CC=C(C)CC1,CCCCCO,Protein-Null-0.0.3-Pair-NMR-1E4-Umbrella-1E3-4-AAQAA3-1E3-3-OPC3_opc3,3,0.8150917647407888,0.000201864806058,0.8354000000000001,0.00035
6722,3257,dhmix_2293008983270202716,947,EnthalpyOfMixing,<Substance C=C(C)[C@H]1CC=C(C)CC1{solv}{x=0.272000}|CCCCCO{solv}{x=0.728000}>,C=C(C)[C@H]1CC=C(C)CC1,CCCCCO,Protein-Null-0.0.3-Pair-NMR-1E4-Umbrella-1E3-4-AAQAA3-1E3-3-OPC3_opc3,3,0.6434174849880492,0.0484583188265496,0.532,0.0215
6723,3258,dens_680086766431069719,948,Density,<Substance CN1CCNCC1{solv}{x=0.209100}|O{solv}{x=0.790900}>,CN1CCNCC1,O,Protein-Null-0.0.3-Pair-NMR-1E4-Umbrella-1E3-4-AAQAA3-1E3-3-OPC3_opc3,3,1.01077846722263,0.0004713296648527,1.0013300000000005,4.000000000000001e-05
6724,3259,dhmix_979415629850644100,949,EnthalpyOfMixing,<Substance CN1CCNCC1{solv}{x=0.199800}|O{solv}{x=0.800200}>,CN1CCNCC1,O,Protein-Null-0.0.3-Pair-NMR-1E4-Umbrella-1E3-4-AAQAA3-1E3-3-OPC3_opc3,3,-4.404152948545313,0.0248604396224198,-4.495,0.048
6725,3260,dhmix_1386641258873877278,950,EnthalpyOfMixing,<Substance CN1CCNCC1{solv}{x=0.792600}|O{solv}{x=0.207400}>,CN1CCNCC1,O,Protein-Null-0.0.3-Pair-NMR-1E4-Umbrella-1E3-4-AAQAA3-1E3-3-OPC3_opc3,3,-1.4078156580596897,0.0559248473279853,-1.753,0.019
6726,3261,dhmix_1572121970391530461,951,EnthalpyOfMixing,<Substance CN1CCNCC1{solv}{x=0.550000}|O{solv}{x=0.450000}>,CN1CCNCC1,O,Protein-Null-0.0.3-Pair-NMR-1E4-Umbrella-1E3-4-AAQAA3-1E3-3-OPC3_opc3,3,-3.4861085301153025,0.0423477065184118,-3.547,0.038
6727,3262,dens_1756096179620961699,952,Density,<Substance CN1CCNCC1{solv}{x=0.510900}|O{solv}{x=0.489100}>,CN1CCNCC1,O,Protein-Null-0.0.3-Pair-NMR-1E4-Umbrella-1E3-4-AAQAA3-1E3-3-OPC3_opc3,3,0.9763635791889628,0.0003260066688255,0.9464100000000002,7.000000000000002e-05
6728,3263,dens_1892970147583328629,953,Density,<Substance CN1CCNCC1{solv}{x=0.706500}|O{solv}{x=0.293500}>,CN1CCNCC1,O,Protein-Null-0.0.3-Pair-NMR-1E4-Umbrella-1E3-4-AAQAA3-1E3-3-OPC3_opc3,3,0.95955722526261,0.000232143049573,0.9223100000000002,8.500000000000002e-05
6729,3264,dhmix_681274412655414068,954,EnthalpyOfMixing,<Substance CCCOC(=O)CC{solv}{x=0.739400}|Cc1ccccc1{solv}{x=0.260600}>,CCCOC(=O)CC,Cc1ccccc1,Protein-Null-0.0.3-Pair-NMR-1E4-Umbrella-1E3-4-AAQAA3-1E3-3-OPC3_opc3,3,-0.184341914727419,0.0479906357552783,-0.1135,0.0033
6730,3265,dhmix_720914323963600437,955,EnthalpyOfMixing,<Substance CCCOC(=O)CC{solv}{x=0.238900}|Cc1ccccc1{solv}{x=0.761100}>,CCCOC(=O)CC,Cc1ccccc1,Protein-Null-0.0.3-Pair-NMR-1E4-Umbrella-1E3-4-AAQAA3-1E3-3-OPC3_opc3,3,-0.3163055704336983,0.0460023143215959,-0.1404,0.0037
6731,3266,dens_1397630560016316656,956,Density,<Substance CCCOC(=O)CC{solv}{x=0.274700}|Cc1ccccc1{solv}{x=0.725300}>,CCCOC(=O)CC,Cc1ccccc1,Protein-Null-0.0.3-Pair-NMR-1E4-Umbrella-1E3-4-AAQAA3-1E3-3-OPC3_opc3,3,0.8565593515322357,0.0002058322807386,0.8675700000000003,0.00018
6732,3267,dhmix_1646061995263935606,957,EnthalpyOfMixing,<Substance CCCOC(=O)CC{solv}{x=0.548600}|Cc1ccccc1{solv}{x=0.451400}>,CCCOC(=O)CC,Cc1ccccc1,Protein-Null-0.0.3-Pair-NMR-1E4-Umbrella-1E3-4-AAQAA3-1E3-3-OPC3_opc3,3,-0.3594987226447372,0.0424053735667907,-0.1583,0.004
6733,3268,dens_1792064777238352129,958,Density,<Substance CCCOC(=O)CC{solv}{x=0.490700}|Cc1ccccc1{solv}{x=0.509300}>,CCCOC(=O)CC,Cc1ccccc1,Protein-Null-0.0.3-Pair-NMR-1E4-Umbrella-1E3-4-AAQAA3-1E3-3-OPC3_opc3,3,0.8621128381246851,0.0002120560811546,0.8707300000000002,0.00019
6734,3269,dens_1826904081955826008,959,Density,<Substance CCCOC(=O)CC{solv}{x=0.734600}|Cc1ccccc1{solv}{x=0.265400}>,CCCOC(=O)CC,Cc1ccccc1,Protein-Null-0.0.3-Pair-NMR-1E4-Umbrella-1E3-4-AAQAA3-1E3-3-OPC3_opc3,3,0.8672359323372013,0.0002066672246441,0.8734100000000001,0.00021
6735,3270,dens_685747331874801159,960,Density,<Substance CN1CCOCC1{solv}{x=0.498300}|O{solv}{x=0.501700}>,CN1CCOCC1,O,Protein-Null-0.0.3-Pair-NMR-1E4-Umbrella-1E3-4-AAQAA3-1E3-3-OPC3_opc3,3,0.981937380426224,0.0003557214335104,0.9627600000000002,0.00084
6736,3271,dens_1087644349445114282,961,Density,<Substance CN1CCOCC1{solv}{x=0.253800}|O{solv}{x=0.746200}>,CN1CCOCC1,O,Protein-Null-0.0.3-Pair-NMR-1E4-Umbrella-1E3-4-AAQAA3-1E3-3-OPC3_opc3,3,0.9974940962519484,0.0003447404445244,0.9918800000000002,0.00059
6737,3272,dens_1374975991061431070,962,Density,<Substance CN1CCOCC1{solv}{x=0.758700}|O{solv}{x=0.241300}>,CN1CCOCC1,O,Protein-Null-0.0.3-Pair-NMR-1E4-Umbrella-1E3-4-AAQAA3-1E3-3-OPC3_opc3,3,0.9623939347719874,0.0002298581679909,0.9345300000000002,0.00112
6738,3273,dhmix_686592400130667234,963,EnthalpyOfMixing,<Substance BrCCCBr{solv}{x=0.231300}|COC(C)=O{solv}{x=0.768700}>,BrCCCBr,COC(C)=O,Protein-Null-0.0.3-Pair-NMR-1E4-Umbrella-1E3-4-AAQAA3-1E3-3-OPC3_opc3,3,0.1978483044597681,0.0350985972482537,0.2115,0.0024
6739,3274,dhmix_691866222529030049,964,EnthalpyOfMixing,<Substance BrCCCBr{solv}{x=0.504200}|COC(C)=O{solv}{x=0.495800}>,BrCCCBr,COC(C)=O,Protein-Null-0.0.3-Pair-NMR-1E4-Umbrella-1E3-4-AAQAA3-1E3-3-OPC3_opc3,3,0.3259674040864553,0.0328176750383589,0.3912,0.0038
6740,3275,dens_1032175440351342196,965,Density,<Substance BrCCCBr{solv}{x=0.243500}|COC(C)=O{solv}{x=0.756500}>,BrCCCBr,COC(C)=O,Protein-Null-0.0.3-Pair-NMR-1E4-Umbrella-1E3-4-AAQAA3-1E3-3-OPC3_opc3,3,1.2178670457659444,0.0003495337800724,1.2277600000000002,0.00096
6741,3276,dens_1180265274183315765,966,Density,<Substance BrCCCBr{solv}{x=0.713800}|COC(C)=O{solv}{x=0.286200}>,BrCCCBr,COC(C)=O,Protein-Null-0.0.3-Pair-NMR-1E4-Umbrella-1E3-4-AAQAA3-1E3-3-OPC3_opc3,3,1.6677582208040176,0.0004844105692458,1.7174300000000005,0.002745
6742,3277,dhmix_1380172638999588939,967,EnthalpyOfMixing,<Substance BrCCCBr{solv}{x=0.759400}|COC(C)=O{solv}{x=0.240600}>,BrCCCBr,COC(C)=O,Protein-Null-0.0.3-Pair-NMR-1E4-Umbrella-1E3-4-AAQAA3-1E3-3-OPC3_opc3,3,0.1805687497414005,0.0410408956676747,0.313,0.0032
6743,3278,dens_1697077234757321859,968,Density,<Substance BrCCCBr{solv}{x=0.525600}|COC(C)=O{solv}{x=0.474400}>,BrCCCBr,COC(C)=O,Protein-Null-0.0.3-Pair-NMR-1E4-Umbrella-1E3-4-AAQAA3-1E3-3-OPC3_opc3,3,1.502630189504759,0.0004155129867718,1.5338800000000006,0.001965
6744,3279,dens_693154680723850561,969,Density,<Substance CN1CCCC1=O{solv}{x=0.756400}|Cc1ccccc1{solv}{x=0.243600}>,CN1CCCC1=O,Cc1ccccc1,Protein-Null-0.0.3-Pair-NMR-1E4-Umbrella-1E3-4-AAQAA3-1E3-3-OPC3_opc3,3,0.959670851948132,0.0002067610313348,0.9854500000000004,0.00034
6745,3280,dhmix_1759507684169085916,970,EnthalpyOfMixing,<Substance CN1CCCC1=O{solv}{x=0.741800}|Cc1ccccc1{solv}{x=0.258200}>,CN1CCCC1=O,Cc1ccccc1,Protein-Null-0.0.3-Pair-NMR-1E4-Umbrella-1E3-4-AAQAA3-1E3-3-OPC3_opc3,3,-0.0809529096602759,0.0427371337495383,-0.2141,0.0024
6746,3281,dens_1796497685752507694,971,Density,<Substance CN1CCCC1=O{solv}{x=0.481500}|Cc1ccccc1{solv}{x=0.518500}>,CN1CCCC1=O,Cc1ccccc1,Protein-Null-0.0.3-Pair-NMR-1E4-Umbrella-1E3-4-AAQAA3-1E3-3-OPC3_opc3,3,0.9191689991146074,0.0002181218680592,0.9415400000000002,0.00028
6747,3282,dhmix_1857599089574133884,972,EnthalpyOfMixing,<Substance CN1CCCC1=O{solv}{x=0.223100}|Cc1ccccc1{solv}{x=0.776900}>,CN1CCCC1=O,Cc1ccccc1,Protein-Null-0.0.3-Pair-NMR-1E4-Umbrella-1E3-4-AAQAA3-1E3-3-OPC3_opc3,3,-0.0440883873829776,0.0460974969530631,-0.1889,0.00215
6748,3283,dens_1886489466266398819,973,Density,<Substance CN1CCCC1=O{solv}{x=0.221600}|Cc1ccccc1{solv}{x=0.778400}>,CN1CCCC1=O,Cc1ccccc1,Protein-Null-0.0.3-Pair-NMR-1E4-Umbrella-1E3-4-AAQAA3-1E3-3-OPC3_opc3,3,0.888824112077435,0.0002360802280473,0.9061600000000002,0.00076
6749,3284,dhmix_2238554893157725289,974,EnthalpyOfMixing,<Substance CN1CCCC1=O{solv}{x=0.482100}|Cc1ccccc1{solv}{x=0.517900}>,CN1CCCC1=O,Cc1ccccc1,Protein-Null-0.0.3-Pair-NMR-1E4-Umbrella-1E3-4-AAQAA3-1E3-3-OPC3_opc3,3,-0.1588325116755484,0.044260375269079,-0.2985,0.0033
6750,3285,dens_717951284355382404,975,Density,<Substance CN1CCCC1=O{solv}{x=0.702300}|ClCCCCCCCl{solv}{x=0.297700}>,CN1CCCC1=O,ClCCCCCCCl,Protein-Null-0.0.3-Pair-NMR-1E4-Umbrella-1E3-4-AAQAA3-1E3-3-OPC3_opc3,3,1.0210543744230256,0.0002199755989155,1.0416,0.0003
6751,3286,dhmix_859697969059379656,976,EnthalpyOfMixing,<Substance CN1CCCC1=O{solv}{x=0.503000}|ClCCCCCCCl{solv}{x=0.497000}>,CN1CCCC1=O,ClCCCCCCCl,Protein-Null-0.0.3-Pair-NMR-1E4-Umbrella-1E3-4-AAQAA3-1E3-3-OPC3_opc3,3,0.3889982649543384,0.043535184942361,-0.2,0.0025
6752,3287,dhmix_916885053388204545,977,EnthalpyOfMixing,<Substance CN1CCCC1=O{solv}{x=0.212000}|ClCCCCCCCl{solv}{x=0.788000}>,CN1CCCC1=O,ClCCCCCCCl,Protein-Null-0.0.3-Pair-NMR-1E4-Umbrella-1E3-4-AAQAA3-1E3-3-OPC3_opc3,3,0.278914286257546,0.0486783802968155,-0.13,0.002
6753,3288,dens_1483670447992291960,978,Density,<Substance CN1CCCC1=O{solv}{x=0.201600}|ClCCCCCCCl{solv}{x=0.798400}>,CN1CCCC1=O,ClCCCCCCCl,Protein-Null-0.0.3-Pair-NMR-1E4-Umbrella-1E3-4-AAQAA3-1E3-3-OPC3_opc3,3,1.0470557079047045,0.0002425515359061,1.0584000000000005,0.00055
6754,3289,dens_1896555095774116819,979,Density,<Substance CN1CCCC1=O{solv}{x=0.504900}|ClCCCCCCCl{solv}{x=0.495100}>,CN1CCCC1=O,ClCCCCCCCl,Protein-Null-0.0.3-Pair-NMR-1E4-Umbrella-1E3-4-AAQAA3-1E3-3-OPC3_opc3,3,1.0336888073420258,0.0002293119075198,1.0490000000000002,0.00035
6755,3290,dhmix_2039443272323887912,980,EnthalpyOfMixing,<Substance CN1CCCC1=O{solv}{x=0.797000}|ClCCCCCCCl{solv}{x=0.203000}>,CN1CCCC1=O,ClCCCCCCCl,Protein-Null-0.0.3-Pair-NMR-1E4-Umbrella-1E3-4-AAQAA3-1E3-3-OPC3_opc3,3,0.2871049841362207,0.0372266756445678,-0.123,0.002
6756,3291,dhmix_729169544598225866,981,EnthalpyOfMixing,<Substance CN(C)C=O{solv}{x=0.203000}|ClCCCCCCCl{solv}{x=0.797000}>,CN(C)C=O,ClCCCCCCCl,Protein-Null-0.0.3-Pair-NMR-1E4-Umbrella-1E3-4-AAQAA3-1E3-3-OPC3_opc3,3,0.4169256143857751,0.0450953718013226,0.195,0.0025
6757,3292,dhmix_1359105787212172230,982,EnthalpyOfMixing,<Substance CN(C)C=O{solv}{x=0.796000}|ClCCCCCCCl{solv}{x=0.204000}>,CN(C)C=O,ClCCCCCCCl,Protein-Null-0.0.3-Pair-NMR-1E4-Umbrella-1E3-4-AAQAA3-1E3-3-OPC3_opc3,3,0.4639272108734928,0.0390358341639891,0.24,0.0025
6758,3293,dhmix_1534380829757525169,983,EnthalpyOfMixing,<Substance CN(C)C=O{solv}{x=0.498000}|ClCCCCCCCl{solv}{x=0.502000}>,CN(C)C=O,ClCCCCCCCl,Protein-Null-0.0.3-Pair-NMR-1E4-Umbrella-1E3-4-AAQAA3-1E3-3-OPC3_opc3,3,0.7557822832995384,0.0409664109467115,0.34,0.0025
6759,3294,dens_1752369236407148840,984,Density,<Substance CN(C)C=O{solv}{x=0.503300}|ClCCCCCCCl{solv}{x=0.496700}>,CN(C)C=O,ClCCCCCCCl,Protein-Null-0.0.3-Pair-NMR-1E4-Umbrella-1E3-4-AAQAA3-1E3-3-OPC3_opc3,3,1.0032141708151787,0.0002582330160873,1.0190000000000003,0.00155
6760,3295,dens_2070195997725277466,985,Density,<Substance CN(C)C=O{solv}{x=0.703400}|ClCCCCCCCl{solv}{x=0.296600}>,CN(C)C=O,ClCCCCCCCl,Protein-Null-0.0.3-Pair-NMR-1E4-Umbrella-1E3-4-AAQAA3-1E3-3-OPC3_opc3,3,0.9746884057759132,0.0002472522220121,0.9943000000000002,0.0017
6761,3296,dens_2171945276872385012,986,Density,<Substance CN(C)C=O{solv}{x=0.201300}|ClCCCCCCCl{solv}{x=0.798700}>,CN(C)C=O,ClCCCCCCCl,Protein-Null-0.0.3-Pair-NMR-1E4-Umbrella-1E3-4-AAQAA3-1E3-3-OPC3_opc3,3,1.0365247939837394,0.0002597507431007,1.0486000000000002,0.0014
6762,3297,dens_741100297092592576,987,Density,<Substance C1CCCCC1{solv}{x=0.265900}|C1CCOCC1{solv}{x=0.734100}>,C1CCCCC1,C1CCOCC1,Protein-Null-0.0.3-Pair-NMR-1E4-Umbrella-1E3-4-AAQAA3-1E3-3-OPC3_opc3,3,0.8321410760080074,0.0002391584114275,0.8470300000000002,0.000505
6763,3298,dens_1002639246322609242,988,Density,<Substance C1CCCCC1{solv}{x=0.762200}|C1CCOCC1{solv}{x=0.237800}>,C1CCCCC1,C1CCOCC1,Protein-Null-0.0.3-Pair-NMR-1E4-Umbrella-1E3-4-AAQAA3-1E3-3-OPC3_opc3,3,0.7749084168758583,0.0002463687375637,0.7952000000000002,0.000505
6764,3299,dhmix_1171155554844966705,989,EnthalpyOfMixing,<Substance C1CCCCC1{solv}{x=0.247100}|C1CCOCC1{solv}{x=0.752900}>,C1CCCCC1,C1CCOCC1,Protein-Null-0.0.3-Pair-NMR-1E4-Umbrella-1E3-4-AAQAA3-1E3-3-OPC3_opc3,3,0.470075639303019,0.04061609973222,0.3613,0.00395
6765,3300,dens_2142973677177666085,990,Density,<Substance C1CCCCC1{solv}{x=0.501800}|C1CCOCC1{solv}{x=0.498200}>,C1CCCCC1,C1CCOCC1,Protein-Null-0.0.3-Pair-NMR-1E4-Umbrella-1E3-4-AAQAA3-1E3-3-OPC3_opc3,3,0.8036672949945022,0.0002132049830337,0.8211500000000002,0.000505
6766,3301,dhmix_2195791820105752985,991,EnthalpyOfMixing,<Substance C1CCCCC1{solv}{x=0.726600}|C1CCOCC1{solv}{x=0.273400}>,C1CCCCC1,C1CCOCC1,Protein-Null-0.0.3-Pair-NMR-1E4-Umbrella-1E3-4-AAQAA3-1E3-3-OPC3_opc3,3,0.600533438380296,0.0460619013658405,0.4424,0.00485
6767,3302,dhmix_2296999979529762407,992,EnthalpyOfMixing,<Substance C1CCCCC1{solv}{x=0.499000}|C1CCOCC1{solv}{x=0.501000}>,C1CCCCC1,C1CCOCC1,Protein-Null-0.0.3-Pair-NMR-1E4-Umbrella-1E3-4-AAQAA3-1E3-3-OPC3_opc3,3,0.6945093713241306,0.0443011235963558,0.526,0.0055
6768,3303,dhmix_744994939606384802,993,EnthalpyOfMixing,<Substance CO{solv}{x=0.300000}|O{solv}{x=0.700000}>,CO,O,Protein-Null-0.0.3-Pair-NMR-1E4-Umbrella-1E3-4-AAQAA3-1E3-3-OPC3_opc3,3,-0.1684997430111217,0.0221723349463633,-0.85,0.005
6769,3304,dens_1085345433585028387,994,Density,<Substance CO{solv}{x=0.499700}|O{solv}{x=0.500300}>,CO,O,Protein-Null-0.0.3-Pair-NMR-1E4-Umbrella-1E3-4-AAQAA3-1E3-3-OPC3_opc3,3,0.8552591262842301,0.0004458612668808,0.8816900000000003,0.000165
6770,3305,dhmix_1126710771921470495,995,EnthalpyOfMixing,<Substance CO{solv}{x=0.700000}|O{solv}{x=0.300000}>,CO,O,Protein-Null-0.0.3-Pair-NMR-1E4-Umbrella-1E3-4-AAQAA3-1E3-3-OPC3_opc3,3,-0.1067840224982248,0.0271794968848266,-0.583,0.0035
6771,3306,dens_1258832080354057572,996,Density,<Substance CO{solv}{x=0.300300}|O{solv}{x=0.699700}>,CO,O,Protein-Null-0.0.3-Pair-NMR-1E4-Umbrella-1E3-4-AAQAA3-1E3-3-OPC3_opc3,3,0.907234562159344,0.0004217683511283,0.9252100000000004,0.000125
6772,3307,dens_1758371820245200558,997,Density,<Substance CO{solv}{x=0.760500}|O{solv}{x=0.239500}>,CO,O,Protein-Null-0.0.3-Pair-NMR-1E4-Umbrella-1E3-4-AAQAA3-1E3-3-OPC3_opc3,3,0.8016878527285268,0.0003947102005646,0.8289000000000002,0.0001
6773,3308,dhmix_1824296469249495553,998,EnthalpyOfMixing,<Substance CO{solv}{x=0.500000}|O{solv}{x=0.500000}>,CO,O,Protein-Null-0.0.3-Pair-NMR-1E4-Umbrella-1E3-4-AAQAA3-1E3-3-OPC3_opc3,3,-0.1312241803023415,0.0231592035269784,-0.777,0.0045
6774,3309,dhmix_753952445434773754,999,EnthalpyOfMixing,<Substance CCCCCCCCCl{solv}{x=0.493000}|CN1CCCC1=O{solv}{x=0.507000}>,CCCCCCCCCl,CN1CCCC1=O,Protein-Null-0.0.3-Pair-NMR-1E4-Umbrella-1E3-4-AAQAA3-1E3-3-OPC3_opc3,3,1.2459740976617013,0.0448269744293136,0.638,0.0035
6775,3310,dhmix_1273186684325800862,1000,EnthalpyOfMixing,<Substance CCCCCCCCCl{solv}{x=0.783000}|CN1CCCC1=O{solv}{x=0.217000}>,CCCCCCCCCl,CN1CCCC1=O,Protein-Null-0.0.3-Pair-NMR-1E4-Umbrella-1E3-4-AAQAA3-1E3-3-OPC3_opc3,3,0.8646410799317863,0.0531273207298966,0.371,0.003
6776,3311,dhmix_1457789704046029008,1001,EnthalpyOfMixing,<Substance CCCCCCCCCl{solv}{x=0.202000}|CN1CCCC1=O{solv}{x=0.798000}>,CCCCCCCCCl,CN1CCCC1=O,Protein-Null-0.0.3-Pair-NMR-1E4-Umbrella-1E3-4-AAQAA3-1E3-3-OPC3_opc3,3,0.8069684945752371,0.0419281102381176,0.5,0.0035
6777,3312,dens_1965529278608066299,1002,Density,<Substance CCCCCCCCCl{solv}{x=0.299500}|CN1CCCC1=O{solv}{x=0.700500}>,CCCCCCCCCl,CN1CCCC1=O,Protein-Null-0.0.3-Pair-NMR-1E4-Umbrella-1E3-4-AAQAA3-1E3-3-OPC3_opc3,3,0.940192574209304,0.0002163670494691,0.9598000000000002,0.00025
6778,3313,dens_2167805246575708222,1003,Density,<Substance CCCCCCCCCl{solv}{x=0.798600}|CN1CCCC1=O{solv}{x=0.201400}>,CCCCCCCCCl,CN1CCCC1=O,Protein-Null-0.0.3-Pair-NMR-1E4-Umbrella-1E3-4-AAQAA3-1E3-3-OPC3_opc3,3,0.8762751583901499,0.0001735796881064,0.8888000000000001,0.00055
6779,3314,dens_2177162670107081086,1004,Density,<Substance CCCCCCCCCl{solv}{x=0.497900}|CN1CCCC1=O{solv}{x=0.502100}>,CCCCCCCCCl,CN1CCCC1=O,Protein-Null-0.0.3-Pair-NMR-1E4-Umbrella-1E3-4-AAQAA3-1E3-3-OPC3_opc3,3,0.9109114349685262,0.0001636954159516,0.9269000000000002,0.00035
6780,3315,dhmix_756380521637559100,1005,EnthalpyOfMixing,<Substance C1COCCO1{solv}{x=0.500000}|O=C1CCCCC1{solv}{x=0.500000}>,C1COCCO1,O=C1CCCCC1,Protein-Null-0.0.3-Pair-NMR-1E4-Umbrella-1E3-4-AAQAA3-1E3-3-OPC3_opc3,3,0.2013866496111802,0.0411065382999031,0.28584,0.00154
6781,3316,dens_1139761443535371798,1006,Density,<Substance C1COCCO1{solv}{x=0.459400}|O=C1CCCCC1{solv}{x=0.540600}>,C1COCCO1,O=C1CCCCC1,Protein-Null-0.0.3-Pair-NMR-1E4-Umbrella-1E3-4-AAQAA3-1E3-3-OPC3_opc3,3,0.9601330376844974,0.0001888684313713,0.9762000000000004,0.00025
6782,3317,dhmix_1367833850972054360,1007,EnthalpyOfMixing,<Substance C1COCCO1{solv}{x=0.750000}|O=C1CCCCC1{solv}{x=0.250000}>,C1COCCO1,O=C1CCCCC1,Protein-Null-0.0.3-Pair-NMR-1E4-Umbrella-1E3-4-AAQAA3-1E3-3-OPC3_opc3,3,0.0899645804443025,0.0366500655217516,0.23662,0.001355
6783,3318,dhmix_1533665710565492443,1008,EnthalpyOfMixing,<Substance C1COCCO1{solv}{x=0.250000}|O=C1CCCCC1{solv}{x=0.750000}>,C1COCCO1,O=C1CCCCC1,Protein-Null-0.0.3-Pair-NMR-1E4-Umbrella-1E3-4-AAQAA3-1E3-3-OPC3_opc3,3,0.0040847736271487,0.0497076129913703,0.20076,0.00121
6784,3319,dens_1556646832168598904,1009,Density,<Substance C1COCCO1{solv}{x=0.797800}|O=C1CCCCC1{solv}{x=0.202200}>,C1COCCO1,O=C1CCCCC1,Protein-Null-0.0.3-Pair-NMR-1E4-Umbrella-1E3-4-AAQAA3-1E3-3-OPC3_opc3,3,1.0006650499458405,0.0001693505478164,1.0062000000000002,0.00025
6785,3320,dens_1806066395455679216,1010,Density,<Substance C1COCCO1{solv}{x=0.272000}|O=C1CCCCC1{solv}{x=0.728000}>,C1COCCO1,O=C1CCCCC1,Protein-Null-0.0.3-Pair-NMR-1E4-Umbrella-1E3-4-AAQAA3-1E3-3-OPC3_opc3,3,0.9408084680512592,0.0001916705390027,0.9614000000000004,0.00025
6786,3321,dhmix_781473821930081125,1011,EnthalpyOfMixing,<Substance CCOc1ccccc1{solv}{x=0.765100}|OCc1ccccc1{solv}{x=0.234900}>,CCOc1ccccc1,OCc1ccccc1,Protein-Null-0.0.3-Pair-NMR-1E4-Umbrella-1E3-4-AAQAA3-1E3-3-OPC3_opc3,3,0.8939114706315081,0.0483383231646115,1.083,0.0116
6787,3322,dhmix_966435122735090568,1012,EnthalpyOfMixing,<Substance CCOc1ccccc1{solv}{x=0.063600}|OCc1ccccc1{solv}{x=0.936400}>,CCOc1ccccc1,OCc1ccccc1,Protein-Null-0.0.3-Pair-NMR-1E4-Umbrella-1E3-4-AAQAA3-1E3-3-OPC3_opc3,3,0.1234508119122352,0.0469847870768371,0.1901,0.00225
6788,3323,dens_1184318999137642715,1013,Density,<Substance CCOc1ccccc1{solv}{x=0.064200}|OCc1ccccc1{solv}{x=0.935800}>,CCOc1ccccc1,OCc1ccccc1,Protein-Null-0.0.3-Pair-NMR-1E4-Umbrella-1E3-4-AAQAA3-1E3-3-OPC3_opc3,3,1.020772590249027,0.0002020255923191,1.02761,0.00011
6789,3324,dhmix_1518701992890040137,1014,EnthalpyOfMixing,<Substance CCOc1ccccc1{solv}{x=0.549900}|OCc1ccccc1{solv}{x=0.450100}>,CCOc1ccccc1,OCc1ccccc1,Protein-Null-0.0.3-Pair-NMR-1E4-Umbrella-1E3-4-AAQAA3-1E3-3-OPC3_opc3,3,0.948554805385278,0.0497096126149208,1.0561,0.01135
6790,3325,dens_1575045736805268459,1015,Density,<Substance CCOc1ccccc1{solv}{x=0.459800}|OCc1ccccc1{solv}{x=0.540200}>,CCOc1ccccc1,OCc1ccccc1,Protein-Null-0.0.3-Pair-NMR-1E4-Umbrella-1E3-4-AAQAA3-1E3-3-OPC3_opc3,3,0.9833608243835944,0.0002246877487543,0.9925100000000002,0.00016
6791,3326,dens_2214650701288997434,1016,Density,<Substance CCOc1ccccc1{solv}{x=0.757200}|OCc1ccccc1{solv}{x=0.242800}>,CCOc1ccccc1,OCc1ccccc1,Protein-Null-0.0.3-Pair-NMR-1E4-Umbrella-1E3-4-AAQAA3-1E3-3-OPC3_opc3,3,0.9599912146603664,0.0001898740058693,0.9686500000000002,0.000215
6792,3327,dens_800807749587668066,1017,Density,<Substance C1CCOCC1{solv}{x=0.733600}|c1ccncc1{solv}{x=0.266400}>,C1CCOCC1,c1ccncc1,Protein-Null-0.0.3-Pair-NMR-1E4-Umbrella-1E3-4-AAQAA3-1E3-3-OPC3_opc3,3,0.8826622615646882,0.0002435545993049,0.8933350000000002,0.000358
6793,3328,dhmix_836757145941804043,1018,EnthalpyOfMixing,<Substance C1CCOCC1{solv}{x=0.291500}|c1ccncc1{solv}{x=0.708500}>,C1CCOCC1,c1ccncc1,Protein-Null-0.0.3-Pair-NMR-1E4-Umbrella-1E3-4-AAQAA3-1E3-3-OPC3_opc3,3,0.0553595293489728,0.0396287809096623,0.0898,0.00095
6794,3329,dhmix_1003039131395935786,1019,EnthalpyOfMixing,<Substance C1CCOCC1{solv}{x=0.536300}|c1ccncc1{solv}{x=0.463700}>,C1CCOCC1,c1ccncc1,Protein-Null-0.0.3-Pair-NMR-1E4-Umbrella-1E3-4-AAQAA3-1E3-3-OPC3_opc3,3,0.1520294964277226,0.0381952775744193,0.1573,0.0013
6795,3330,dens_1859030547600172702,1020,Density,<Substance C1CCOCC1{solv}{x=0.241500}|c1ccncc1{solv}{x=0.758500}>,C1CCOCC1,c1ccncc1,Protein-Null-0.0.3-Pair-NMR-1E4-Umbrella-1E3-4-AAQAA3-1E3-3-OPC3_opc3,3,0.9473651119424068,0.0002622248121615,0.9525650000000004,0.000212
6796,3331,dhmix_2191254706131659314,1021,EnthalpyOfMixing,<Substance C1CCOCC1{solv}{x=0.734400}|c1ccncc1{solv}{x=0.265600}>,C1CCOCC1,c1ccncc1,Protein-Null-0.0.3-Pair-NMR-1E4-Umbrella-1E3-4-AAQAA3-1E3-3-OPC3_opc3,3,0.0833368446067197,0.0411255551544297,0.1564,0.0013
6797,3332,dens_2239470871208865925,1022,Density,<Substance C1CCOCC1{solv}{x=0.536400}|c1ccncc1{solv}{x=0.463600}>,C1CCOCC1,c1ccncc1,Protein-Null-0.0.3-Pair-NMR-1E4-Umbrella-1E3-4-AAQAA3-1E3-3-OPC3_opc3,3,0.9030182823923624,0.0002649768078276,0.9124250000000002,0.0002965
6798,3333,dens_801655585640229277,1023,Density,<Substance C1CCOCC1{solv}{x=0.777600}|CCCC(C)=O{solv}{x=0.222400}>,C1CCOCC1,CCCC(C)=O,Protein-Null-0.0.3-Pair-NMR-1E4-Umbrella-1E3-4-AAQAA3-1E3-3-OPC3_opc3,3,0.8459550602192728,0.0002484708416984,0.8602600000000002,0.000225
6799,3334,dhmix_1175081460677389458,1024,EnthalpyOfMixing,<Substance C1CCOCC1{solv}{x=0.250000}|CCCC(C)=O{solv}{x=0.750000}>,C1CCOCC1,CCCC(C)=O,Protein-Null-0.0.3-Pair-NMR-1E4-Umbrella-1E3-4-AAQAA3-1E3-3-OPC3_opc3,3,0.0645615671135999,0.0423687333357562,0.06014,0.00063
6800,3335,dens_1481139606755572767,1025,Density,<Substance C1CCOCC1{solv}{x=0.236100}|CCCC(C)=O{solv}{x=0.763900}>,C1CCOCC1,CCCC(C)=O,Protein-Null-0.0.3-Pair-NMR-1E4-Umbrella-1E3-4-AAQAA3-1E3-3-OPC3_opc3,3,0.7988394331848092,0.0002364461852113,0.8183900000000002,0.000215
6801,3336,dhmix_1531586108535895092,1026,EnthalpyOfMixing,<Substance C1CCOCC1{solv}{x=0.750000}|CCCC(C)=O{solv}{x=0.250000}>,C1CCOCC1,CCCC(C)=O,Protein-Null-0.0.3-Pair-NMR-1E4-Umbrella-1E3-4-AAQAA3-1E3-3-OPC3_opc3,3,0.1367916183251267,0.036296906658128,0.08245,0.000715
6802,3337,dhmix_2074691820693967219,1027,EnthalpyOfMixing,<Substance C1CCOCC1{solv}{x=0.500000}|CCCC(C)=O{solv}{x=0.500000}>,C1CCOCC1,CCCC(C)=O,Protein-Null-0.0.3-Pair-NMR-1E4-Umbrella-1E3-4-AAQAA3-1E3-3-OPC3_opc3,3,0.2920819702763779,0.040890651475116,0.09128,0.000745
6803,3338,dens_2180187104403779312,1028,Density,<Substance C1CCOCC1{solv}{x=0.504600}|CCCC(C)=O{solv}{x=0.495400}>,C1CCOCC1,CCCC(C)=O,Protein-Null-0.0.3-Pair-NMR-1E4-Umbrella-1E3-4-AAQAA3-1E3-3-OPC3_opc3,3,0.8215667056901602,0.0002482489350303,0.8386000000000002,0.00022
6804,3339,dhmix_814516627068967115,1029,EnthalpyOfMixing,<Substance CCCOC=O{solv}{x=0.230800}|ClCCCCl{solv}{x=0.769200}>,CCCOC=O,ClCCCCl,Protein-Null-0.0.3-Pair-NMR-1E4-Umbrella-1E3-4-AAQAA3-1E3-3-OPC3_opc3,3,0.2709681771674752,0.0388465586477836,-0.054,0.001
6805,3340,dens_853749747181024442,1030,Density,<Substance CCCOC=O{solv}{x=0.525500}|ClCCCCl{solv}{x=0.474500}>,CCCOC=O,ClCCCCl,Protein-Null-0.0.3-Pair-NMR-1E4-Umbrella-1E3-4-AAQAA3-1E3-3-OPC3_opc3,3,1.0284896602217557,0.0003321725401883,1.0302400000000005,0.00176
6806,3341,dhmix_1623640482466530427,1031,EnthalpyOfMixing,<Substance CCCOC=O{solv}{x=0.750900}|ClCCCCl{solv}{x=0.249100}>,CCCOC=O,ClCCCCl,Protein-Null-0.0.3-Pair-NMR-1E4-Umbrella-1E3-4-AAQAA3-1E3-3-OPC3_opc3,3,0.2937114670890359,0.0406218691651692,-0.088,0.001
6807,3342,dens_1998603470347754754,1032,Density,<Substance CCCOC=O{solv}{x=0.233600}|ClCCCCl{solv}{x=0.766400}>,CCCOC=O,ClCCCCl,Protein-Null-0.0.3-Pair-NMR-1E4-Umbrella-1E3-4-AAQAA3-1E3-3-OPC3_opc3,3,1.0992148411163607,0.0003560687287084,1.1122200000000002,0.00274
6808,3343,dhmix_2003217087101692001,1033,EnthalpyOfMixing,<Substance CCCOC=O{solv}{x=0.514500}|ClCCCCl{solv}{x=0.485500}>,CCCOC=O,ClCCCCl,Protein-Null-0.0.3-Pair-NMR-1E4-Umbrella-1E3-4-AAQAA3-1E3-3-OPC3_opc3,3,0.355928537157574,0.0374624664725314,-0.114,0.0015
6809,3344,dens_2020761603812222512,1034,Density,<Substance CCCOC=O{solv}{x=0.763600}|ClCCCCl{solv}{x=0.236400}>,CCCOC=O,ClCCCCl,Protein-Null-0.0.3-Pair-NMR-1E4-Umbrella-1E3-4-AAQAA3-1E3-3-OPC3_opc3,3,0.9702669353364812,0.000280825769284,0.9644500000000004,0.00119
6810,3345,dens_828893303895070246,1035,Density,<Substance C1CCCCC1{solv}{x=0.249800}|CCCCCCCC{solv}{x=0.750200}>,C1CCCCC1,CCCCCCCC,Protein-Null-0.0.3-Pair-NMR-1E4-Umbrella-1E3-4-AAQAA3-1E3-3-OPC3_opc3,3,0.6962979020960786,0.0001901586192692,0.7110900000000002,0.000605
6811,3346,dhmix_1288938247372010686,1036,EnthalpyOfMixing,<Substance C1CCCCC1{solv}{x=0.751300}|CCCCCCCC{solv}{x=0.248700}>,C1CCCCC1,CCCCCCCC,Protein-Null-0.0.3-Pair-NMR-1E4-Umbrella-1E3-4-AAQAA3-1E3-3-OPC3_opc3,3,0.2756918270370079,0.0393836980475202,0.23,0.005
6812,3347,dens_1398337515687242649,1037,Density,<Substance C1CCCCC1{solv}{x=0.477700}|CCCCCCCC{solv}{x=0.522300}>,C1CCCCC1,CCCCCCCC,Protein-Null-0.0.3-Pair-NMR-1E4-Umbrella-1E3-4-AAQAA3-1E3-3-OPC3_opc3,3,0.7083102031726828,0.0002009738696207,0.7250300000000002,0.000585
6813,3348,dhmix_1429498464152515756,1038,EnthalpyOfMixing,<Substance C1CCCCC1{solv}{x=0.532400}|CCCCCCCC{solv}{x=0.467600}>,C1CCCCC1,CCCCCCCC,Protein-Null-0.0.3-Pair-NMR-1E4-Umbrella-1E3-4-AAQAA3-1E3-3-OPC3_opc3,3,0.3742338649853138,0.051932902295497,0.258,0.005
6814,3349,dens_2267960821195706299,1039,Density,<Substance C1CCCCC1{solv}{x=0.796100}|CCCCCCCC{solv}{x=0.203900}>,C1CCCCC1,CCCCCCCC,Protein-Null-0.0.3-Pair-NMR-1E4-Umbrella-1E3-4-AAQAA3-1E3-3-OPC3_opc3,3,0.7312500732311928,0.000224391661531,0.7509700000000002,0.00055
6815,3350,dhmix_2289023418386220795,1040,EnthalpyOfMixing,<Substance C1CCCCC1{solv}{x=0.274400}|CCCCCCCC{solv}{x=0.725600}>,C1CCCCC1,CCCCCCCC,Protein-Null-0.0.3-Pair-NMR-1E4-Umbrella-1E3-4-AAQAA3-1E3-3-OPC3_opc3,3,0.1980757781296063,0.0524182461218115,0.18,0.005
6816,3351,dens_848374876759596361,1041,Density,<Substance CC(C)OC(C)C{solv}{x=0.284600}|CCCCCl{solv}{x=0.715400}>,CC(C)OC(C)C,CCCCCl,Protein-Null-0.0.3-Pair-NMR-1E4-Umbrella-1E3-4-AAQAA3-1E3-3-OPC3_opc3,3,0.8167367949331613,0.0002579571941384,0.8263210000000002,0.000365
6817,3352,dens_917492506874956672,1042,Density,<Substance CC(C)OC(C)C{solv}{x=0.808200}|CCCCCl{solv}{x=0.191800}>,CC(C)OC(C)C,CCCCCl,Protein-Null-0.0.3-Pair-NMR-1E4-Umbrella-1E3-4-AAQAA3-1E3-3-OPC3_opc3,3,0.7575376007962248,0.0002416420666608,0.7440910000000002,0.000448
6818,3353,dhmix_1107367594793013993,1043,EnthalpyOfMixing,<Substance CC(C)OC(C)C{solv}{x=0.272700}|CCCCCl{solv}{x=0.727300}>,CC(C)OC(C)C,CCCCCl,Protein-Null-0.0.3-Pair-NMR-1E4-Umbrella-1E3-4-AAQAA3-1E3-3-OPC3_opc3,3,-0.1851324611935112,0.039141325846641,-0.0785,0.001
6819,3354,dhmix_1310204607958463222,1044,EnthalpyOfMixing,<Substance CC(C)OC(C)C{solv}{x=0.454700}|CCCCCl{solv}{x=0.545300}>,CC(C)OC(C)C,CCCCCl,Protein-Null-0.0.3-Pair-NMR-1E4-Umbrella-1E3-4-AAQAA3-1E3-3-OPC3_opc3,3,-0.1264086587360324,0.04099538783809,-0.0954,0.0012
6820,3355,dhmix_1605157292498138629,1045,EnthalpyOfMixing,<Substance CC(C)OC(C)C{solv}{x=0.727400}|CCCCCl{solv}{x=0.272600}>,CC(C)OC(C)C,CCCCCl,Protein-Null-0.0.3-Pair-NMR-1E4-Umbrella-1E3-4-AAQAA3-1E3-3-OPC3_opc3,3,-0.197418930239472,0.0487304261758675,-0.0732,0.00095
6821,3356,dens_1927916489732771888,1046,Density,<Substance CC(C)OC(C)C{solv}{x=0.484000}|CCCCCl{solv}{x=0.516000}>,CC(C)OC(C)C,CCCCCl,Protein-Null-0.0.3-Pair-NMR-1E4-Umbrella-1E3-4-AAQAA3-1E3-3-OPC3_opc3,3,0.7928194473868748,0.0002570934751662,0.7925060000000002,0.0004005
6822,3357,dens_860008765681738590,1047,Density,<Substance CN(CCO)CCO{solv}{x=0.231260}|c1ccncc1{solv}{x=0.768740}>,CN(CCO)CCO,c1ccncc1,Protein-Null-0.0.3-Pair-NMR-1E4-Umbrella-1E3-4-AAQAA3-1E3-3-OPC3_opc3,3,0.9940786925576816,0.000186368924964,0.9906030000000002,0.0001015
6823,3358,dens_1253280811379348869,1048,Density,<Substance CN(CCO)CCO{solv}{x=0.670000}|c1ccncc1{solv}{x=0.330000}>,CN(CCO)CCO,c1ccncc1,Protein-Null-0.0.3-Pair-NMR-1E4-Umbrella-1E3-4-AAQAA3-1E3-3-OPC3_opc3,3,1.0224834950725197,0.0002180010809407,1.0161020000000005,0.000102
6824,3359,dhmix_1381513140604048573,1049,EnthalpyOfMixing,<Substance CN(CCO)CCO{solv}{x=0.473760}|c1ccncc1{solv}{x=0.526240}>,CN(CCO)CCO,c1ccncc1,Protein-Null-0.0.3-Pair-NMR-1E4-Umbrella-1E3-4-AAQAA3-1E3-3-OPC3_opc3,3,0.1323982791149518,0.0435495302305002,-0.093,0.001
6825,3360,dens_1460709448836415360,1050,Density,<Substance CN(CCO)CCO{solv}{x=0.473530}|c1ccncc1{solv}{x=0.526470}>,CN(CCO)CCO,c1ccncc1,Protein-Null-0.0.3-Pair-NMR-1E4-Umbrella-1E3-4-AAQAA3-1E3-3-OPC3_opc3,3,1.0103606662199816,0.0002609489152194,1.0044450000000005,0.0001015
6826,3361,dhmix_2085036308089359597,1051,EnthalpyOfMixing,<Substance CN(CCO)CCO{solv}{x=0.230610}|c1ccncc1{solv}{x=0.769390}>,CN(CCO)CCO,c1ccncc1,Protein-Null-0.0.3-Pair-NMR-1E4-Umbrella-1E3-4-AAQAA3-1E3-3-OPC3_opc3,3,0.1789421207510564,0.0418736439156802,-0.032,0.001
6827,3362,dhmix_2287943921901918379,1052,EnthalpyOfMixing,<Substance CN(CCO)CCO{solv}{x=0.669580}|c1ccncc1{solv}{x=0.330420}>,CN(CCO)CCO,c1ccncc1,Protein-Null-0.0.3-Pair-NMR-1E4-Umbrella-1E3-4-AAQAA3-1E3-3-OPC3_opc3,3,0.3940239233372864,0.0461942502283984,-0.12,0.0015
6828,3363,dens_929806754028972955,1053,Density,<Substance CCCC(=O)OC{solv}{x=0.695800}|COC(C)=O{solv}{x=0.304200}>,CCCC(=O)OC,COC(C)=O,Protein-Null-0.0.3-Pair-NMR-1E4-Umbrella-1E3-4-AAQAA3-1E3-3-OPC3_opc3,3,0.8984241922265237,0.0002783202201068,0.8997600000000002,0.000505
6829,3364,dhmix_1093843275803987368,1054,EnthalpyOfMixing,<Substance CCCC(=O)OC{solv}{x=0.482200}|COC(C)=O{solv}{x=0.517800}>,CCCC(=O)OC,COC(C)=O,Protein-Null-0.0.3-Pair-NMR-1E4-Umbrella-1E3-4-AAQAA3-1E3-3-OPC3_opc3,3,0.0304371331086166,0.0394836914715075,0.151,0.002
6830,3365,dens_1187818937240241755,1055,Density,<Substance CCCC(=O)OC{solv}{x=0.253600}|COC(C)=O{solv}{x=0.746400}>,CCCC(=O)OC,COC(C)=O,Protein-Null-0.0.3-Pair-NMR-1E4-Umbrella-1E3-4-AAQAA3-1E3-3-OPC3_opc3,3,0.9167334954761688,0.0002676357628536,0.9147400000000002,0.000505
6831,3366,dens_1462283017082249050,1056,Density,<Substance CCCC(=O)OC{solv}{x=0.545600}|COC(C)=O{solv}{x=0.454400}>,CCCC(=O)OC,COC(C)=O,Protein-Null-0.0.3-Pair-NMR-1E4-Umbrella-1E3-4-AAQAA3-1E3-3-OPC3_opc3,3,0.9032431571132256,0.0002362322995195,0.9041900000000004,0.000505
6832,3367,dhmix_1514470349370367756,1057,EnthalpyOfMixing,<Substance CCCC(=O)OC{solv}{x=0.226000}|COC(C)=O{solv}{x=0.774000}>,CCCC(=O)OC,COC(C)=O,Protein-Null-0.0.3-Pair-NMR-1E4-Umbrella-1E3-4-AAQAA3-1E3-3-OPC3_opc3,3,0.0419245425781085,0.0398563419679202,0.102,0.0015
6833,3368,dhmix_1615966506855005599,1058,EnthalpyOfMixing,<Substance CCCC(=O)OC{solv}{x=0.695800}|COC(C)=O{solv}{x=0.304200}>,CCCC(=O)OC,COC(C)=O,Protein-Null-0.0.3-Pair-NMR-1E4-Umbrella-1E3-4-AAQAA3-1E3-3-OPC3_opc3,3,0.096567533539071,0.0418792381968129,0.122,0.0015
6834,3369,dens_931039395662625393,1059,Density,<Substance BrCCBr{solv}{x=0.510700}|CCOC=O{solv}{x=0.489300}>,BrCCBr,CCOC=O,Protein-Null-0.0.3-Pair-NMR-1E4-Umbrella-1E3-4-AAQAA3-1E3-3-OPC3_opc3,3,1.5647221483638067,0.0004946212351831,1.5742900000000004,0.00125
6835,3370,dhmix_1379448524788285045,1060,EnthalpyOfMixing,<Substance BrCCBr{solv}{x=0.503000}|CCOC=O{solv}{x=0.497000}>,BrCCBr,CCOC=O,Protein-Null-0.0.3-Pair-NMR-1E4-Umbrella-1E3-4-AAQAA3-1E3-3-OPC3_opc3,3,0.2508963513327931,0.0340978691024706,0.404,0.0054
6836,3371,dhmix_1589211680683586133,1061,EnthalpyOfMixing,<Substance BrCCBr{solv}{x=0.247500}|CCOC=O{solv}{x=0.752500}>,BrCCBr,CCOC=O,Protein-Null-0.0.3-Pair-NMR-1E4-Umbrella-1E3-4-AAQAA3-1E3-3-OPC3_opc3,3,0.1132444601607129,0.0363001500787474,0.2492,0.0035
6837,3372,dens_1816072583621776909,1062,Density,<Substance BrCCBr{solv}{x=0.282500}|CCOC=O{solv}{x=0.717500}>,BrCCBr,CCOC=O,Protein-Null-0.0.3-Pair-NMR-1E4-Umbrella-1E3-4-AAQAA3-1E3-3-OPC3_opc3,3,1.2951246538734753,0.0004196887936756,1.2851500000000005,0.00131
6838,3373,dens_1857279480363338972,1063,Density,<Substance BrCCBr{solv}{x=0.750600}|CCOC=O{solv}{x=0.249400}>,BrCCBr,CCOC=O,Protein-Null-0.0.3-Pair-NMR-1E4-Umbrella-1E3-4-AAQAA3-1E3-3-OPC3_opc3,3,1.831483407285518,0.0006095187150675,1.8698300000000003,0.000995
6839,3374,dhmix_2225135654541562913,1064,EnthalpyOfMixing,<Substance BrCCBr{solv}{x=0.734600}|CCOC=O{solv}{x=0.265400}>,BrCCBr,CCOC=O,Protein-Null-0.0.3-Pair-NMR-1E4-Umbrella-1E3-4-AAQAA3-1E3-3-OPC3_opc3,3,0.1484275467155846,0.0342236881057757,0.3604,0.00485
6840,3375,dhmix_933824509566848172,1065,EnthalpyOfMixing,<Substance C1COCO1{solv}{x=0.350000}|CCCC(C)=O{solv}{x=0.650000}>,C1COCO1,CCCC(C)=O,Protein-Null-0.0.3-Pair-NMR-1E4-Umbrella-1E3-4-AAQAA3-1E3-3-OPC3_opc3,3,0.2753934957763277,0.0398832706685304,0.17755,0.001095
6841,3376,dens_1326756646981901590,1066,Density,<Substance C1COCO1{solv}{x=0.717400}|CCCC(C)=O{solv}{x=0.282600}>,C1COCO1,CCCC(C)=O,Protein-Null-0.0.3-Pair-NMR-1E4-Umbrella-1E3-4-AAQAA3-1E3-3-OPC3_opc3,3,0.9724801660491136,0.0002680563754485,0.9625500000000002,0.000245
6842,3377,dhmix_1386053902220878259,1067,EnthalpyOfMixing,<Substance C1COCO1{solv}{x=0.500000}|CCCC(C)=O{solv}{x=0.500000}>,C1COCO1,CCCC(C)=O,Protein-Null-0.0.3-Pair-NMR-1E4-Umbrella-1E3-4-AAQAA3-1E3-3-OPC3_opc3,3,0.2878691429360529,0.0384541665589411,0.21077,0.00122
6843,3378,dens_1490997112604690080,1068,Density,<Substance C1COCO1{solv}{x=0.349900}|CCCC(C)=O{solv}{x=0.650100}>,C1COCO1,CCCC(C)=O,Protein-Null-0.0.3-Pair-NMR-1E4-Umbrella-1E3-4-AAQAA3-1E3-3-OPC3_opc3,3,0.8600656198873183,0.0002230160149955,0.8687200000000003,0.00022
6844,3379,dens_1979377813631413053,1069,Density,<Substance C1COCO1{solv}{x=0.516900}|CCCC(C)=O{solv}{x=0.483100}>,C1COCO1,CCCC(C)=O,Protein-Null-0.0.3-Pair-NMR-1E4-Umbrella-1E3-4-AAQAA3-1E3-3-OPC3_opc3,3,0.9062929220137012,0.0002706128008278,0.9078200000000004,0.00023
6845,3380,dhmix_2113009728753201792,1070,EnthalpyOfMixing,<Substance C1COCO1{solv}{x=0.750000}|CCCC(C)=O{solv}{x=0.250000}>,C1COCO1,CCCC(C)=O,Protein-Null-0.0.3-Pair-NMR-1E4-Umbrella-1E3-4-AAQAA3-1E3-3-OPC3_opc3,3,0.3205918167311239,0.0374281913177742,0.17046,0.00107
6846,3381,dhmix_962524540250306235,1071,EnthalpyOfMixing,<Substance Cc1ccccc1N{solv}{x=0.268100}|c1ccncc1{solv}{x=0.731900}>,Cc1ccccc1N,c1ccncc1,Protein-Null-0.0.3-Pair-NMR-1E4-Umbrella-1E3-4-AAQAA3-1E3-3-OPC3_opc3,3,-1.4641392445563532,0.0382896867764823,-0.8915,0.0182
6847,3382,dhmix_1000930562998604270,1072,EnthalpyOfMixing,<Substance Cc1ccccc1N{solv}{x=0.773500}|c1ccncc1{solv}{x=0.226500}>,Cc1ccccc1N,c1ccncc1,Protein-Null-0.0.3-Pair-NMR-1E4-Umbrella-1E3-4-AAQAA3-1E3-3-OPC3_opc3,3,-0.9595664453516832,0.0454626707510177,-0.7828,0.016
6848,3383,dens_1203111494553524663,1073,Density,<Substance Cc1ccccc1N{solv}{x=0.483700}|c1ccncc1{solv}{x=0.516300}>,Cc1ccccc1N,c1ccncc1,Protein-Null-0.0.3-Pair-NMR-1E4-Umbrella-1E3-4-AAQAA3-1E3-3-OPC3_opc3,3,1.0038438242232512,0.000278319257798,0.9912370000000004,0.000117
6849,3384,dens_1316174752280431242,1074,Density,<Substance Cc1ccccc1N{solv}{x=0.237400}|c1ccncc1{solv}{x=0.762600}>,Cc1ccccc1N,c1ccncc1,Protein-Null-0.0.3-Pair-NMR-1E4-Umbrella-1E3-4-AAQAA3-1E3-3-OPC3_opc3,3,0.9928765494841768,0.000250859860108,0.9863750000000002,0.000118
6850,3385,dhmix_1371524052813651708,1075,EnthalpyOfMixing,<Substance Cc1ccccc1N{solv}{x=0.482600}|c1ccncc1{solv}{x=0.517400}>,Cc1ccccc1N,c1ccncc1,Protein-Null-0.0.3-Pair-NMR-1E4-Umbrella-1E3-4-AAQAA3-1E3-3-OPC3_opc3,3,-1.7017633103914562,0.0417345170840269,-1.0329,0.02105
6851,3386,dens_2188924364196997512,1076,Density,<Substance Cc1ccccc1N{solv}{x=0.767800}|c1ccncc1{solv}{x=0.232200}>,Cc1ccccc1N,c1ccncc1,Protein-Null-0.0.3-Pair-NMR-1E4-Umbrella-1E3-4-AAQAA3-1E3-3-OPC3_opc3,3,1.0126172306087184,0.0004150279033116,0.9936220000000002,0.000117
6852,3387,dens_964556344607822867,1077,Density,<Substance CCCCCCCCC{solv}{x=0.696300}|COC(C)(C)C{solv}{x=0.303700}>,CCCCCCCCC,COC(C)(C)C,Protein-Null-0.0.3-Pair-NMR-1E4-Umbrella-1E3-4-AAQAA3-1E3-3-OPC3_opc3,3,0.7093405411744714,0.0002072861333989,0.7173600000000002,0.000295
6853,3388,dhmix_1091489740441728210,1078,EnthalpyOfMixing,<Substance CCCCCCCCC{solv}{x=0.260100}|COC(C)(C)C{solv}{x=0.739900}>,CCCCCCCCC,COC(C)(C)C,Protein-Null-0.0.3-Pair-NMR-1E4-Umbrella-1E3-4-AAQAA3-1E3-3-OPC3_opc3,3,0.5498105510918663,0.0409036185408064,0.371,0.0075
6854,3389,dens_1264105858192356202,1079,Density,<Substance CCCCCCCCC{solv}{x=0.499200}|COC(C)(C)C{solv}{x=0.500800}>,CCCCCCCCC,COC(C)(C)C,Protein-Null-0.0.3-Pair-NMR-1E4-Umbrella-1E3-4-AAQAA3-1E3-3-OPC3_opc3,3,0.7156023704980422,0.0002071630821666,0.7207300000000002,0.00029
6855,3390,dhmix_1760873631242020891,1080,EnthalpyOfMixing,<Substance CCCCCCCCC{solv}{x=0.759600}|COC(C)(C)C{solv}{x=0.240400}>,CCCCCCCCC,COC(C)(C)C,Protein-Null-0.0.3-Pair-NMR-1E4-Umbrella-1E3-4-AAQAA3-1E3-3-OPC3_opc3,3,0.529449846964269,0.0441395451587692,0.345,0.007
6856,3391,dens_2012579877169955729,1081,Density,<Substance CCCCCCCCC{solv}{x=0.199500}|COC(C)(C)C{solv}{x=0.800500}>,CCCCCCCCC,COC(C)(C)C,Protein-Null-0.0.3-Pair-NMR-1E4-Umbrella-1E3-4-AAQAA3-1E3-3-OPC3_opc3,3,0.7293575842784125,0.0002155264961821,0.7281100000000001,0.000285
6857,3392,dhmix_2200368758776542578,1082,EnthalpyOfMixing,<Substance CCCCCCCCC{solv}{x=0.513300}|COC(C)(C)C{solv}{x=0.486700}>,CCCCCCCCC,COC(C)(C)C,Protein-Null-0.0.3-Pair-NMR-1E4-Umbrella-1E3-4-AAQAA3-1E3-3-OPC3_opc3,3,0.6493754044187057,0.0487444841772044,0.486,0.0095
6858,3393,dhmix_972091313059406932,1083,EnthalpyOfMixing,<Substance CCCNCCC{solv}{x=0.248200}|CN(C)C=O{solv}{x=0.751800}>,CCCNCCC,CN(C)C=O,Protein-Null-0.0.3-Pair-NMR-1E4-Umbrella-1E3-4-AAQAA3-1E3-3-OPC3_opc3,3,0.1387551005582423,0.0472935852893512,0.613,0.0195
6859,3394,dhmix_1037416167092316519,1084,EnthalpyOfMixing,<Substance CCCNCCC{solv}{x=0.499500}|CN(C)C=O{solv}{x=0.500500}>,CCCNCCC,CN(C)C=O,Protein-Null-0.0.3-Pair-NMR-1E4-Umbrella-1E3-4-AAQAA3-1E3-3-OPC3_opc3,3,0.2475024860974102,0.0454092878181112,0.748,0.0225
6860,3395,dhmix_1525975551610336413,1085,EnthalpyOfMixing,<Substance CCCNCCC{solv}{x=0.749600}|CN(C)C=O{solv}{x=0.250400}>,CCCNCCC,CN(C)C=O,Protein-Null-0.0.3-Pair-NMR-1E4-Umbrella-1E3-4-AAQAA3-1E3-3-OPC3_opc3,3,0.2013145165566712,0.0474096481529053,0.529,0.017
6861,3396,dens_1610465641813938660,1086,Density,<Substance CCCNCCC{solv}{x=0.745900}|CN(C)C=O{solv}{x=0.254100}>,CCCNCCC,CN(C)C=O,Protein-Null-0.0.3-Pair-NMR-1E4-Umbrella-1E3-4-AAQAA3-1E3-3-OPC3_opc3,3,0.7649448247607507,0.0002093932242382,0.7687320000000002,0.0009355
6862,3397,dens_2129043605695010641,1087,Density,<Substance CCCNCCC{solv}{x=0.503400}|CN(C)C=O{solv}{x=0.496600}>,CCCNCCC,CN(C)C=O,Protein-Null-0.0.3-Pair-NMR-1E4-Umbrella-1E3-4-AAQAA3-1E3-3-OPC3_opc3,3,0.802722347348235,0.0002230664270179,0.8108000000000002,0.0009885
6863,3398,dens_2129124855081233158,1088,Density,<Substance CCCNCCC{solv}{x=0.252300}|CN(C)C=O{solv}{x=0.747700}>,CCCNCCC,CN(C)C=O,Protein-Null-0.0.3-Pair-NMR-1E4-Umbrella-1E3-4-AAQAA3-1E3-3-OPC3_opc3,3,0.8524514851252402,0.0002327439894634,0.8674480000000002,0.0010625
6864,3399,dhmix_1022139531284796266,1089,EnthalpyOfMixing,<Substance CCCO{solv}{x=0.730200}|O=Cc1ccccc1{solv}{x=0.269800}>,CCCO,O=Cc1ccccc1,Protein-Null-0.0.3-Pair-NMR-1E4-Umbrella-1E3-4-AAQAA3-1E3-3-OPC3_opc3,3,1.0640752876781292,0.0341041856831025,1.3784,0.00585
6865,3400,dens_1530410585842005416,1090,Density,<Substance CCCO{solv}{x=0.802500}|O=Cc1ccccc1{solv}{x=0.197500}>,CCCO,O=Cc1ccccc1,Protein-Null-0.0.3-Pair-NMR-1E4-Umbrella-1E3-4-AAQAA3-1E3-3-OPC3_opc3,3,0.8549870030105082,0.000180292626296,0.8676000000000003,0.0054
6866,3401,dens_1586325098516354010,1091,Density,<Substance CCCO{solv}{x=0.500300}|O=Cc1ccccc1{solv}{x=0.499700}>,CCCO,O=Cc1ccccc1,Protein-Null-0.0.3-Pair-NMR-1E4-Umbrella-1E3-4-AAQAA3-1E3-3-OPC3_opc3,3,0.9342304608381288,0.0002368248157355,0.9470000000000002,0.0035
6867,3402,dhmix_1860362391399300385,1092,EnthalpyOfMixing,<Substance CCCO{solv}{x=0.237400}|O=Cc1ccccc1{solv}{x=0.762600}>,CCCO,O=Cc1ccccc1,Protein-Null-0.0.3-Pair-NMR-1E4-Umbrella-1E3-4-AAQAA3-1E3-3-OPC3_opc3,3,0.9560052079704064,0.0404186670541613,1.2579,0.0055
6868,3403,dens_2022804020725863961,1093,Density,<Substance CCCO{solv}{x=0.192900}|O=Cc1ccccc1{solv}{x=0.807100}>,CCCO,O=Cc1ccccc1,Protein-Null-0.0.3-Pair-NMR-1E4-Umbrella-1E3-4-AAQAA3-1E3-3-OPC3_opc3,3,0.9980580477372928,0.0002128980133903,1.0128,0.00265
6869,3404,dhmix_2114980631721668598,1094,EnthalpyOfMixing,<Substance CCCO{solv}{x=0.517800}|O=Cc1ccccc1{solv}{x=0.482200}>,CCCO,O=Cc1ccccc1,Protein-Null-0.0.3-Pair-NMR-1E4-Umbrella-1E3-4-AAQAA3-1E3-3-OPC3_opc3,3,1.1997955054588303,0.0403813571984714,1.6361,0.00675
6870,3405,dens_1061385011202038988,1095,Density,<Substance CC(C)O{solv}{x=0.495900}|CCCCOCCO{solv}{x=0.504100}>,CC(C)O,CCCCOCCO,Protein-Null-0.0.3-Pair-NMR-1E4-Umbrella-1E3-4-AAQAA3-1E3-3-OPC3_opc3,3,0.8522662585732995,0.0002157425939667,0.8550000000000002,5.450000000000001e-05
6871,3406,dens_1314274960992474794,1096,Density,<Substance CC(C)O{solv}{x=0.292200}|CCCCOCCO{solv}{x=0.707800}>,CC(C)O,CCCCOCCO,Protein-Null-0.0.3-Pair-NMR-1E4-Umbrella-1E3-4-AAQAA3-1E3-3-OPC3_opc3,3,0.867657641886209,0.0002621759246828,0.8743700000000002,4.600000000000001e-05
6872,3407,dens_1729117108592325655,1097,Density,<Substance CC(C)O{solv}{x=0.743300}|CCCCOCCO{solv}{x=0.256700}>,CC(C)O,CCCCOCCO,Protein-Null-0.0.3-Pair-NMR-1E4-Umbrella-1E3-4-AAQAA3-1E3-3-OPC3_opc3,3,0.8285861378063585,0.0002628170885506,0.8247900000000001,5.600000000000001e-05
6873,3408,dens_1112128096721834081,1098,Density,<Substance CNCCO{solv}{x=0.800900}|O{solv}{x=0.199100}>,CNCCO,O,Protein-Null-0.0.3-Pair-NMR-1E4-Umbrella-1E3-4-AAQAA3-1E3-3-OPC3_opc3,3,0.95959380071573,0.0004515760788194,0.9466300000000002,0.00032
6874,3409,dens_1381694863030749046,1099,Density,<Substance CNCCO{solv}{x=0.198700}|O{solv}{x=0.801300}>,CNCCO,O,Protein-Null-0.0.3-Pair-NMR-1E4-Umbrella-1E3-4-AAQAA3-1E3-3-OPC3_opc3,3,0.997442608937088,0.0003410746494954,0.9960300000000002,0.00016
6875,3410,dhmix_1383192140212198237,1100,EnthalpyOfMixing,<Substance CNCCO{solv}{x=0.798800}|O{solv}{x=0.201200}>,CNCCO,O,Protein-Null-0.0.3-Pair-NMR-1E4-Umbrella-1E3-4-AAQAA3-1E3-3-OPC3_opc3,3,-1.2787151358528774,0.0396478078984628,-1.219,0.025
6876,3411,dens_1615304038745182966,1101,Density,<Substance CNCCO{solv}{x=0.504100}|O{solv}{x=0.495900}>,CNCCO,O,Protein-Null-0.0.3-Pair-NMR-1E4-Umbrella-1E3-4-AAQAA3-1E3-3-OPC3_opc3,3,0.9798271676059658,0.0003200766955405,0.9688100000000002,0.000235
6877,3412,dhmix_1902240048183935170,1102,EnthalpyOfMixing,<Substance CNCCO{solv}{x=0.501700}|O{solv}{x=0.498300}>,CNCCO,O,Protein-Null-0.0.3-Pair-NMR-1E4-Umbrella-1E3-4-AAQAA3-1E3-3-OPC3_opc3,3,-2.092936921931809,0.0320986513286767,-2.508,0.051
6878,3413,dhmix_2185888808838690563,1103,EnthalpyOfMixing,<Substance CNCCO{solv}{x=0.199200}|O{solv}{x=0.800800}>,CNCCO,O,Protein-Null-0.0.3-Pair-NMR-1E4-Umbrella-1E3-4-AAQAA3-1E3-3-OPC3_opc3,3,-1.5286509151884928,0.0231151862554771,-2.243,0.0455
6879,3414,dens_1155626281932782094,1104,Density,<Substance CCC(C)=O{solv}{x=0.292200}|CN1CCCC1=O{solv}{x=0.707800}>,CCC(C)=O,CN1CCCC1=O,Protein-Null-0.0.3-Pair-NMR-1E4-Umbrella-1E3-4-AAQAA3-1E3-3-OPC3_opc3,3,0.9363381028878116,0.0002237279024966,0.9591400000000002,0.00262
6880,3415,dens_1354588388489384902,1105,Density,<Substance CCC(C)=O{solv}{x=0.779300}|CN1CCCC1=O{solv}{x=0.220700}>,CCC(C)=O,CN1CCCC1=O,Protein-Null-0.0.3-Pair-NMR-1E4-Umbrella-1E3-4-AAQAA3-1E3-3-OPC3_opc3,3,0.8249465745593366,0.0002418491160305,0.8467600000000002,0.002595
6881,3416,dhmix_1468142552678388689,1106,EnthalpyOfMixing,<Substance CCC(C)=O{solv}{x=0.484100}|CN1CCCC1=O{solv}{x=0.515900}>,CCC(C)=O,CN1CCCC1=O,Protein-Null-0.0.3-Pair-NMR-1E4-Umbrella-1E3-4-AAQAA3-1E3-3-OPC3_opc3,3,0.2063786049843461,0.0390362230185607,-0.1675,0.00415
6882,3417,dhmix_1545004468946955771,1107,EnthalpyOfMixing,<Substance CCC(C)=O{solv}{x=0.246100}|CN1CCCC1=O{solv}{x=0.753900}>,CCC(C)=O,CN1CCCC1=O,Protein-Null-0.0.3-Pair-NMR-1E4-Umbrella-1E3-4-AAQAA3-1E3-3-OPC3_opc3,3,0.0339882109828835,0.046369001981495,-0.0999,0.0031
6883,3418,dhmix_1746826813990258300,1108,EnthalpyOfMixing,<Substance CCC(C)=O{solv}{x=0.732400}|CN1CCCC1=O{solv}{x=0.267600}>,CCC(C)=O,CN1CCCC1=O,Protein-Null-0.0.3-Pair-NMR-1E4-Umbrella-1E3-4-AAQAA3-1E3-3-OPC3_opc3,3,0.1509157475956062,0.0394756963528874,-0.0861,0.0029
6884,3419,dens_2035401379156582518,1109,Density,<Substance CCC(C)=O{solv}{x=0.479500}|CN1CCCC1=O{solv}{x=0.520500}>,CCC(C)=O,CN1CCCC1=O,Protein-Null-0.0.3-Pair-NMR-1E4-Umbrella-1E3-4-AAQAA3-1E3-3-OPC3_opc3,3,0.8954924986935257,0.0002155517496271,0.9166100000000004,0.00261
6885,3420,dens_1159403686634788877,1110,Density,<Substance C1CCOCC1{solv}{x=0.253600}|Cc1ccncc1{solv}{x=0.746400}>,C1CCOCC1,Cc1ccncc1,Protein-Null-0.0.3-Pair-NMR-1E4-Umbrella-1E3-4-AAQAA3-1E3-3-OPC3_opc3,3,0.924084783679008,0.0002391068620688,0.9329390000000002,0.0002125
6886,3421,dhmix_1427533760370073434,1111,EnthalpyOfMixing,<Substance C1CCOCC1{solv}{x=0.241600}|Cc1ccncc1{solv}{x=0.758400}>,C1CCOCC1,Cc1ccncc1,Protein-Null-0.0.3-Pair-NMR-1E4-Umbrella-1E3-4-AAQAA3-1E3-3-OPC3_opc3,3,0.1292258015824821,0.0390908324454715,0.0975,0.001
6887,3422,dens_1586440979425114987,1112,Density,<Substance C1CCOCC1{solv}{x=0.491300}|Cc1ccncc1{solv}{x=0.508700}>,C1CCOCC1,Cc1ccncc1,Protein-Null-0.0.3-Pair-NMR-1E4-Umbrella-1E3-4-AAQAA3-1E3-3-OPC3_opc3,3,0.906069262601884,0.0002463521290791,0.9162950000000002,0.0002825
6888,3423,dhmix_1681679230288000235,1113,EnthalpyOfMixing,<Substance C1CCOCC1{solv}{x=0.483400}|Cc1ccncc1{solv}{x=0.516600}>,C1CCOCC1,Cc1ccncc1,Protein-Null-0.0.3-Pair-NMR-1E4-Umbrella-1E3-4-AAQAA3-1E3-3-OPC3_opc3,3,0.0904574804287321,0.0418328851689956,0.1741,0.00135
6889,3424,dhmix_1854625047398559527,1114,EnthalpyOfMixing,<Substance C1CCOCC1{solv}{x=0.826200}|Cc1ccncc1{solv}{x=0.173800}>,C1CCOCC1,Cc1ccncc1,Protein-Null-0.0.3-Pair-NMR-1E4-Umbrella-1E3-4-AAQAA3-1E3-3-OPC3_opc3,3,0.0789600775080785,0.0328971898697899,0.0948,0.001
6890,3425,dens_1998279082934343093,1115,Density,<Substance C1CCOCC1{solv}{x=0.826300}|Cc1ccncc1{solv}{x=0.173700}>,C1CCOCC1,Cc1ccncc1,Protein-Null-0.0.3-Pair-NMR-1E4-Umbrella-1E3-4-AAQAA3-1E3-3-OPC3_opc3,3,0.8704891755809006,0.0002543097859092,0.8827950000000002,0.000387
6891,3426,dens_1226224986443053492,1116,Density,<Substance CCOc1ccccc1{solv}{x=0.482600}|OCCc1ccccc1{solv}{x=0.517400}>,CCOc1ccccc1,OCCc1ccccc1,Protein-Null-0.0.3-Pair-NMR-1E4-Umbrella-1E3-4-AAQAA3-1E3-3-OPC3_opc3,3,0.970504830150152,0.000186476903989,0.9803700000000002,0.00026
6892,3427,dens_1288457717872177367,1117,Density,<Substance CCOc1ccccc1{solv}{x=0.304100}|OCCc1ccccc1{solv}{x=0.695900}>,CCOc1ccccc1,OCCc1ccccc1,Protein-Null-0.0.3-Pair-NMR-1E4-Umbrella-1E3-4-AAQAA3-1E3-3-OPC3_opc3,3,0.9806139347080142,0.0002000754380368,0.9909900000000004,0.00026
6893,3428,dhmix_1400067757990485972,1118,EnthalpyOfMixing,<Substance CCOc1ccccc1{solv}{x=0.738800}|OCCc1ccccc1{solv}{x=0.261200}>,CCOc1ccccc1,OCCc1ccccc1,Protein-Null-0.0.3-Pair-NMR-1E4-Umbrella-1E3-4-AAQAA3-1E3-3-OPC3_opc3,3,0.9004976059899406,0.0460968202885817,1.1427,0.01225
6894,3429,dens_1419265414647987466,1119,Density,<Substance CCOc1ccccc1{solv}{x=0.792900}|OCCc1ccccc1{solv}{x=0.207100}>,CCOc1ccccc1,OCCc1ccccc1,Protein-Null-0.0.3-Pair-NMR-1E4-Umbrella-1E3-4-AAQAA3-1E3-3-OPC3_opc3,3,0.9527998675938688,0.0002037054825117,0.9624400000000004,0.00026
6895,3430,dhmix_1985234108792038812,1120,EnthalpyOfMixing,<Substance CCOc1ccccc1{solv}{x=0.485200}|OCCc1ccccc1{solv}{x=0.514800}>,CCOc1ccccc1,OCCc1ccccc1,Protein-Null-0.0.3-Pair-NMR-1E4-Umbrella-1E3-4-AAQAA3-1E3-3-OPC3_opc3,3,0.8958462084538468,0.049011788613893,1.0249,0.011
6896,3431,dhmix_2203675640711482674,1121,EnthalpyOfMixing,<Substance CCOc1ccccc1{solv}{x=0.239100}|OCCc1ccccc1{solv}{x=0.760900}>,CCOc1ccccc1,OCCc1ccccc1,Protein-Null-0.0.3-Pair-NMR-1E4-Umbrella-1E3-4-AAQAA3-1E3-3-OPC3_opc3,3,0.6448070182641885,0.0568188210266075,0.6669,0.0072
6897,3432,dens_1247048173376376516,1122,Density,<Substance CCCCC(=O)OC{solv}{x=0.349300}|COC=O{solv}{x=0.650700}>,CCCCC(=O)OC,COC=O,Protein-Null-0.0.3-Pair-NMR-1E4-Umbrella-1E3-4-AAQAA3-1E3-3-OPC3_opc3,3,0.9309051307549728,0.0001863284722498,0.9198400000000002,0.000115
6898,3433,dens_1283923442255956417,1123,Density,<Substance CCCCC(=O)OC{solv}{x=0.500000}|COC=O{solv}{x=0.500000}>,CCCCC(=O)OC,COC=O,Protein-Null-0.0.3-Pair-NMR-1E4-Umbrella-1E3-4-AAQAA3-1E3-3-OPC3_opc3,3,0.9147154773974522,0.0002343800702209,0.90817,0.00012
6899,3434,dhmix_1491739683552461043,1124,EnthalpyOfMixing,<Substance CCCCC(=O)OC{solv}{x=0.348600}|COC=O{solv}{x=0.651400}>,CCCCC(=O)OC,COC=O,Protein-Null-0.0.3-Pair-NMR-1E4-Umbrella-1E3-4-AAQAA3-1E3-3-OPC3_opc3,3,0.3344904871059748,0.0394539488345476,0.422,0.0045
6900,3435,dhmix_1747049492522889097,1125,EnthalpyOfMixing,<Substance CCCCC(=O)OC{solv}{x=0.523200}|COC=O{solv}{x=0.476800}>,CCCCC(=O)OC,COC=O,Protein-Null-0.0.3-Pair-NMR-1E4-Umbrella-1E3-4-AAQAA3-1E3-3-OPC3_opc3,3,0.3272079672565766,0.0318278104465555,0.409,0.0045
6901,3436,dhmix_1990853348078771210,1126,EnthalpyOfMixing,<Substance CCCCC(=O)OC{solv}{x=0.796800}|COC=O{solv}{x=0.203200}>,CCCCC(=O)OC,COC=O,Protein-Null-0.0.3-Pair-NMR-1E4-Umbrella-1E3-4-AAQAA3-1E3-3-OPC3_opc3,3,0.1919544391128091,0.0435484398121461,0.219,0.0025
6902,3437,dens_2269601061883384185,1127,Density,<Substance CCCCC(=O)OC{solv}{x=0.725800}|COC=O{solv}{x=0.274200}>,CCCCC(=O)OC,COC=O,Protein-Null-0.0.3-Pair-NMR-1E4-Umbrella-1E3-4-AAQAA3-1E3-3-OPC3_opc3,3,0.8965895469479709,0.000230028985716,0.8955000000000002,0.000135
6903,3438,dens_1266839724964377205,1128,Density,<Substance Cn1ccnc1{solv}{x=0.779500}|O{solv}{x=0.220500}>,Cn1ccnc1,O,Protein-Null-0.0.3-Pair-NMR-1E4-Umbrella-1E3-4-AAQAA3-1E3-3-OPC3_opc3,3,1.0207680656998497,0.0002931982452066,1.0360000000000005,0.00015
6904,3439,dens_1634862053132906887,1129,Density,<Substance Cn1ccnc1{solv}{x=0.498200}|O{solv}{x=0.501800}>,Cn1ccnc1,O,Protein-Null-0.0.3-Pair-NMR-1E4-Umbrella-1E3-4-AAQAA3-1E3-3-OPC3_opc3,3,1.0241821993431584,0.0002784206708852,1.0416,0.00015
6905,3440,dens_1681126092995837883,1130,Density,<Substance Cn1ccnc1{solv}{x=0.216700}|O{solv}{x=0.783300}>,Cn1ccnc1,O,Protein-Null-0.0.3-Pair-NMR-1E4-Umbrella-1E3-4-AAQAA3-1E3-3-OPC3_opc3,3,1.0171911395442177,0.0002736183928734,1.0301000000000002,0.0001
6906,3441,dhmix_1311251505653939236,1131,EnthalpyOfMixing,<Substance CC(=O)CC(C)=O{solv}{x=0.598500}|O{solv}{x=0.401500}>,CC(=O)CC(C)=O,O,Protein-Null-0.0.3-Pair-NMR-1E4-Umbrella-1E3-4-AAQAA3-1E3-3-OPC3_opc3,3,0.1700586353326514,0.0347817007266652,0.4905,0.00555
6907,3442,dhmix_1367092272310773702,1132,EnthalpyOfMixing,<Substance CC(=O)CC(C)=O{solv}{x=0.749200}|O{solv}{x=0.250800}>,CC(=O)CC(C)=O,O,Protein-Null-0.0.3-Pair-NMR-1E4-Umbrella-1E3-4-AAQAA3-1E3-3-OPC3_opc3,3,0.3816136132185193,0.0404578693702693,0.6211,0.00695
6908,3443,dhmix_2033109088651196860,1133,EnthalpyOfMixing,<Substance CC(=O)CC(C)=O{solv}{x=0.200400}|O{solv}{x=0.799600}>,CC(=O)CC(C)=O,O,Protein-Null-0.0.3-Pair-NMR-1E4-Umbrella-1E3-4-AAQAA3-1E3-3-OPC3_opc3,3,-0.2372569553991041,0.0256632768367914,0.1562,0.0021
6909,3444,dens_1319073694995976411,1134,Density,<Substance CC(C)CO{solv}{x=0.762200}|OC1=NCCC1{solv}{x=0.237800}>,CC(C)CO,OC1=NCCC1,Protein-Null-0.0.3-Pair-NMR-1E4-Umbrella-1E3-4-AAQAA3-1E3-3-OPC3_opc3,3,0.8609265000948287,0.0001974840087972,0.8623100000000001,0.000205
6910,3445,dhmix_1817161401911066523,1135,EnthalpyOfMixing,<Substance CC(C)CO{solv}{x=0.754900}|OC1=NCCC1{solv}{x=0.245100}>,CC(C)CO,OC1=NCCC1,Protein-Null-0.0.3-Pair-NMR-1E4-Umbrella-1E3-4-AAQAA3-1E3-3-OPC3_opc3,3,1.2762550357740183,0.0406666165114015,0.2989,0.0033
6911,3446,dens_1852757585830259815,1136,Density,<Substance CC(C)CO{solv}{x=0.287400}|OC1=NCCC1{solv}{x=0.712600}>,CC(C)CO,OC1=NCCC1,Protein-Null-0.0.3-Pair-NMR-1E4-Umbrella-1E3-4-AAQAA3-1E3-3-OPC3_opc3,3,0.9836576172241496,0.0002646979936058,1.0078300000000002,0.000155
6912,3447,dhmix_2057245570503088562,1137,EnthalpyOfMixing,<Substance CC(C)CO{solv}{x=0.259800}|OC1=NCCC1{solv}{x=0.740200}>,CC(C)CO,OC1=NCCC1,Protein-Null-0.0.3-Pair-NMR-1E4-Umbrella-1E3-4-AAQAA3-1E3-3-OPC3_opc3,3,1.0842346677273014,0.0358115734924375,0.1798,0.00205
6913,3448,dens_2175875616459255266,1138,Density,<Substance CC(C)CO{solv}{x=0.489400}|OC1=NCCC1{solv}{x=0.510600}>,CC(C)CO,OC1=NCCC1,Protein-Null-0.0.3-Pair-NMR-1E4-Umbrella-1E3-4-AAQAA3-1E3-3-OPC3_opc3,3,0.9300182875958668,0.0002491563621998,0.9431100000000002,0.00017
6914,3449,dhmix_2273039716774959551,1139,EnthalpyOfMixing,<Substance CC(C)CO{solv}{x=0.497800}|OC1=NCCC1{solv}{x=0.502200}>,CC(C)CO,OC1=NCCC1,Protein-Null-0.0.3-Pair-NMR-1E4-Umbrella-1E3-4-AAQAA3-1E3-3-OPC3_opc3,3,1.5196718463501782,0.0398260982891863,0.2775,0.0031
6915,3450,dens_1400897934227212514,1140,Density,<Substance CC(C)CC(C)(C)C{solv}{x=0.541100}|COC(C)=O{solv}{x=0.458900}>,CC(C)CC(C)(C)C,COC(C)=O,Protein-Null-0.0.3-Pair-NMR-1E4-Umbrella-1E3-4-AAQAA3-1E3-3-OPC3_opc3,3,0.7644243652019101,0.0002497029895958,0.7495700000000002,0.000505
6916,3451,dhmix_1534218615961922445,1141,EnthalpyOfMixing,<Substance CC(C)CC(C)(C)C{solv}{x=0.256000}|COC(C)=O{solv}{x=0.744000}>,CC(C)CC(C)(C)C,COC(C)=O,Protein-Null-0.0.3-Pair-NMR-1E4-Umbrella-1E3-4-AAQAA3-1E3-3-OPC3_opc3,3,1.5861223430792268,0.0385563253380386,1.385,0.015
6917,3452,dhmix_1663557420681143866,1142,EnthalpyOfMixing,<Substance CC(C)CC(C)(C)C{solv}{x=0.540600}|COC(C)=O{solv}{x=0.459400}>,CC(C)CC(C)(C)C,COC(C)=O,Protein-Null-0.0.3-Pair-NMR-1E4-Umbrella-1E3-4-AAQAA3-1E3-3-OPC3_opc3,3,1.9010253952359408,0.0439080728644395,1.759,0.019
6918,3453,dens_1833608859418637606,1143,Density,<Substance CC(C)CC(C)(C)C{solv}{x=0.736400}|COC(C)=O{solv}{x=0.263600}>,CC(C)CC(C)(C)C,COC(C)=O,Protein-Null-0.0.3-Pair-NMR-1E4-Umbrella-1E3-4-AAQAA3-1E3-3-OPC3_opc3,3,0.7330145246214155,0.0002119211702612,0.7171000000000002,0.00015
6919,3454,dhmix_1913788848230724771,1144,EnthalpyOfMixing,<Substance CC(C)CC(C)(C)C{solv}{x=0.783300}|COC(C)=O{solv}{x=0.216700}>,CC(C)CC(C)(C)C,COC(C)=O,Protein-Null-0.0.3-Pair-NMR-1E4-Umbrella-1E3-4-AAQAA3-1E3-3-OPC3_opc3,3,1.5872608440802196,0.0526210802690354,1.149,0.0125
6920,3455,dens_2018568384717712900,1145,Density,<Substance CC(C)CC(C)(C)C{solv}{x=0.238900}|COC(C)=O{solv}{x=0.761100}>,CC(C)CC(C)(C)C,COC(C)=O,Protein-Null-0.0.3-Pair-NMR-1E4-Umbrella-1E3-4-AAQAA3-1E3-3-OPC3_opc3,3,0.8366543061018281,0.0002157441818978,0.8248000000000002,0.0001
6921,3456,dens_1465225466328543955,1146,Density,<Substance Cc1cccnc1{solv}{x=0.225000}|O{solv}{x=0.775000}>,Cc1cccnc1,O,Protein-Null-0.0.3-Pair-NMR-1E4-Umbrella-1E3-4-AAQAA3-1E3-3-OPC3_opc3,3,0.9693246296072568,0.0003825972227575,0.9921000000000002,0.0003
6922,3457,dens_1644445312716340330,1147,Density,<Substance Cc1cccnc1{solv}{x=0.500000}|O{solv}{x=0.500000}>,Cc1cccnc1,O,Protein-Null-0.0.3-Pair-NMR-1E4-Umbrella-1E3-4-AAQAA3-1E3-3-OPC3_opc3,3,0.955791355857049,0.0002793008997935,0.9797000000000002,0.0003
6923,3458,dens_2262998332454406432,1148,Density,<Substance Cc1cccnc1{solv}{x=0.700000}|O{solv}{x=0.300000}>,Cc1cccnc1,O,Protein-Null-0.0.3-Pair-NMR-1E4-Umbrella-1E3-4-AAQAA3-1E3-3-OPC3_opc3,3,0.951344091417531,0.0002872899983468,0.9690000000000002,0.0003
6924,3459,dens_1601780542508306264,1149,Density,<Substance CC(=O)N(C)C{solv}{x=0.771800}|CCOC(C)=O{solv}{x=0.228200}>,CC(=O)N(C)C,CCOC(C)=O,Protein-Null-0.0.3-Pair-NMR-1E4-Umbrella-1E3-4-AAQAA3-1E3-3-OPC3_opc3,3,0.8997383627670523,0.0002130159832908,0.9286200000000002,0.000185
6925,3460,dens_2126546638582188774,1150,Density,<Substance CC(=O)N(C)C{solv}{x=0.464600}|CCOC(C)=O{solv}{x=0.535400}>,CC(=O)N(C)C,CCOC(C)=O,Protein-Null-0.0.3-Pair-NMR-1E4-Umbrella-1E3-4-AAQAA3-1E3-3-OPC3_opc3,3,0.9030405232564456,0.0002347608478008,0.9166300000000002,0.00022
6926,3461,dens_2159432384130350508,1151,Density,<Substance CC(=O)N(C)C{solv}{x=0.233100}|CCOC(C)=O{solv}{x=0.766900}>,CC(=O)N(C)C,CCOC(C)=O,Protein-Null-0.0.3-Pair-NMR-1E4-Umbrella-1E3-4-AAQAA3-1E3-3-OPC3_opc3,3,0.9040915676029756,0.0002532373324765,0.9064300000000002,0.000245
6927,3462,dens_1713891284028890335,1152,Density,<Substance CC(=O)O{solv}{x=0.798900}|CCOC(C)=O{solv}{x=0.201100}>,CC(=O)O,CCOC(C)=O,Protein-Null-0.0.3-Pair-NMR-1E4-Umbrella-1E3-4-AAQAA3-1E3-3-OPC3_opc3,3,1.0193132563522145,0.0002946595281817,0.9996600000000002,0.000225
6928,3463,dens_1856345418041920174,1153,Density,<Substance CC(=O)O{solv}{x=0.500700}|CCOC(C)=O{solv}{x=0.499300}>,CC(=O)O,CCOC(C)=O,Protein-Null-0.0.3-Pair-NMR-1E4-Umbrella-1E3-4-AAQAA3-1E3-3-OPC3_opc3,3,0.9670203208190092,0.0002625060893117,0.9514000000000002,0.00018
6929,3464,dens_2035334988982485653,1154,Density,<Substance CC(=O)O{solv}{x=0.294400}|CCOC(C)=O{solv}{x=0.705600}>,CC(=O)O,CCOC(C)=O,Protein-Null-0.0.3-Pair-NMR-1E4-Umbrella-1E3-4-AAQAA3-1E3-3-OPC3_opc3,3,0.9384363333026832,0.0001801239258136,0.9255000000000002,0.00016
6930,0,dhmix_592425981731704,0,EnthalpyOfMixing,<Substance C1CCCCC1{solv}{x=0.100300}|Cc1ccccc1{solv}{x=0.899700}>,C1CCCCC1,Cc1ccccc1,fb-fit-v0-single-mean-k20,1,0.3051571044288295,0.050552404882171,0.2015,0.0015
6931,1,dens_191923210986624643,1,Density,<Substance C1CCCCC1{solv}{x=0.697700}|Cc1ccccc1{solv}{x=0.302300}>,C1CCCCC1,Cc1ccccc1,fb-fit-v0-single-mean-k20,1,0.7787149190817291,0.0002526533872432,0.7818000000000002,0.00041
6932,2,dens_699555827256664507,2,Density,<Substance C1CCCCC1{solv}{x=0.100000}|Cc1ccccc1{solv}{x=0.900000}>,C1CCCCC1,Cc1ccccc1,fb-fit-v0-single-mean-k20,1,0.8418823562583927,0.0002154750010636,0.8378000000000001,0.00025
6933,3,dhmix_997331474504366167,3,EnthalpyOfMixing,<Substance C1CCCCC1{solv}{x=0.697900}|Cc1ccccc1{solv}{x=0.302100}>,C1CCCCC1,Cc1ccccc1,fb-fit-v0-single-mean-k20,1,0.685297903625198,0.0462852572719648,0.5221,0.0034
6934,4,dhmix_1586684551148150215,4,EnthalpyOfMixing,<Substance C1CCCCC1{solv}{x=0.397600}|Cc1ccccc1{solv}{x=0.602400}>,C1CCCCC1,Cc1ccccc1,fb-fit-v0-single-mean-k20,1,0.785763725299077,0.0446805406849038,0.5887,0.0038
6935,5,dens_1809100412119556796,5,Density,<Substance C1CCCCC1{solv}{x=0.397500}|Cc1ccccc1{solv}{x=0.602500}>,C1CCCCC1,Cc1ccccc1,fb-fit-v0-single-mean-k20,1,0.8228933872931967,0.0001597275963244,0.8228000000000002,0.0002
6936,6,dhmix_1261378482688431,6,EnthalpyOfMixing,<Substance CCC(C)=O{solv}{x=0.510600}|Nc1ccccc1{solv}{x=0.489400}>,CCC(C)=O,Nc1ccccc1,fb-fit-v0-single-mean-k20,1,-0.6126862133235207,0.0409607727674373,-1.173,0.0125
6937,7,dhmix_157258283975731553,7,EnthalpyOfMixing,<Substance CCC(C)=O{solv}{x=0.901800}|Nc1ccccc1{solv}{x=0.098200}>,CCC(C)=O,Nc1ccccc1,fb-fit-v0-single-mean-k20,1,-0.3423914447523444,0.0403742128232396,-0.469,0.005
6938,8,dens_610648476268376520,8,Density,<Substance CCC(C)=O{solv}{x=0.502600}|Nc1ccccc1{solv}{x=0.497400}>,CCC(C)=O,Nc1ccccc1,fb-fit-v0-single-mean-k20,1,0.9264524854179998,0.0002088579701255,0.9213850000000002,5.650000000000002e-05
6939,9,dens_1388487494953421117,9,Density,<Substance CCC(C)=O{solv}{x=0.901900}|Nc1ccccc1{solv}{x=0.098100}>,CCC(C)=O,Nc1ccccc1,fb-fit-v0-single-mean-k20,1,0.8163553721478151,0.0002198789879892,0.8265540000000001,7.200000000000002e-05
6940,10,dhmix_1389656513678923263,10,EnthalpyOfMixing,<Substance CCC(C)=O{solv}{x=0.209900}|Nc1ccccc1{solv}{x=0.790100}>,CCC(C)=O,Nc1ccccc1,fb-fit-v0-single-mean-k20,1,0.0535444914137812,0.0423653729667673,-0.648,0.007
6941,11,dens_2115628806769415578,11,Density,<Substance CCC(C)=O{solv}{x=0.256300}|Nc1ccccc1{solv}{x=0.743700}>,CCC(C)=O,Nc1ccccc1,fb-fit-v0-single-mean-k20,1,0.9923975013347754,0.0003320520948663,0.9712300000000004,4.900000000000001e-05
6942,12,dens_1379242187515209,12,Density,<Substance CC#N{solv}{x=0.795200}|CCCCOCCCC{solv}{x=0.204800}>,CC#N,CCCCOCCCC,fb-fit-v0-single-mean-k20,1,0.7645479561530302,0.0002631594263348,0.7708800000000002,0.000245
6943,13,dhmix_575991096898484441,13,EnthalpyOfMixing,<Substance CC#N{solv}{x=0.488600}|CCCCOCCCC{solv}{x=0.511400}>,CC#N,CCCCOCCCC,fb-fit-v0-single-mean-k20,1,0.5340168239520722,0.03312047795614,1.26543,0.00796
6944,14,dhmix_1182924089945476872,14,EnthalpyOfMixing,<Substance CC#N{solv}{x=0.241600}|CCCCOCCCC{solv}{x=0.758400}>,CC#N,CCCCOCCCC,fb-fit-v0-single-mean-k20,1,0.430523493563399,0.0508419186774637,0.94593,0.00601
6945,15,dhmix_1244492966201685063,15,EnthalpyOfMixing,<Substance CC#N{solv}{x=0.795200}|CCCCOCCCC{solv}{x=0.204800}>,CC#N,CCCCOCCCC,fb-fit-v0-single-mean-k20,1,0.3989521694609186,0.0302876264820704,0.94289,0.005995
6946,16,dens_2044032309137951705,16,Density,<Substance CC#N{solv}{x=0.245500}|CCCCOCCCC{solv}{x=0.754500}>,CC#N,CCCCOCCCC,fb-fit-v0-single-mean-k20,1,0.7639573346534392,0.000218915390984,0.7653000000000001,0.00028
6947,17,dens_2211436825174998797,17,Density,<Substance CC#N{solv}{x=0.509800}|CCCCOCCCC{solv}{x=0.490200}>,CC#N,CCCCOCCCC,fb-fit-v0-single-mean-k20,1,0.7644721862560283,0.0002421381945571,0.7671500000000001,0.00026
6948,18,dens_1820034175228694,18,Density,<Substance C1CCCCC1{solv}{x=0.540900}|CN1CCCC1=O{solv}{x=0.459100}>,C1CCCCC1,CN1CCCC1=O,fb-fit-v0-single-mean-k20,1,0.8636931943441438,0.0001553262469345,0.8757100000000002,0.000335
6949,19,dhmix_1335365307191460458,19,EnthalpyOfMixing,<Substance C1CCCCC1{solv}{x=0.751800}|CN1CCCC1=O{solv}{x=0.248200}>,C1CCCCC1,CN1CCCC1=O,fb-fit-v0-single-mean-k20,1,1.4726610351175822,0.0445204802757587,1.1998,0.01285
6950,20,dens_1375048033230012198,20,Density,<Substance C1CCCCC1{solv}{x=0.733200}|CN1CCCC1=O{solv}{x=0.266800}>,C1CCCCC1,CN1CCCC1=O,fb-fit-v0-single-mean-k20,1,0.8196429705301138,0.0002157859208098,0.8287300000000002,0.0004
6951,21,dhmix_1563298635135474599,21,EnthalpyOfMixing,<Substance C1CCCCC1{solv}{x=0.278900}|CN1CCCC1=O{solv}{x=0.721100}>,C1CCCCC1,CN1CCCC1=O,fb-fit-v0-single-mean-k20,1,1.6070630471179257,0.0449374612722814,1.2061,0.0129
6952,22,dens_1606235786379262481,22,Density,<Substance C1CCCCC1{solv}{x=0.227500}|CN1CCCC1=O{solv}{x=0.772500}>,C1CCCCC1,CN1CCCC1=O,fb-fit-v0-single-mean-k20,1,0.9414780815922452,0.0001787877409918,0.9583800000000002,0.000245
6953,23,dhmix_1683219349338278021,23,EnthalpyOfMixing,<Substance C1CCCCC1{solv}{x=0.473400}|CN1CCCC1=O{solv}{x=0.526600}>,C1CCCCC1,CN1CCCC1=O,fb-fit-v0-single-mean-k20,1,1.9425925478980588,0.0432434390203638,1.4691,0.0157
6954,24,dens_4438302718372985,24,Density,<Substance BrCCCCBr{solv}{x=0.717000}|COC=O{solv}{x=0.283000}>,BrCCCCBr,COC=O,fb-fit-v0-single-mean-k20,1,1.66011477596948,0.0004363113646118,1.6702600000000003,0.00259
6955,25,dhmix_369816950910078034,25,EnthalpyOfMixing,<Substance BrCCCCBr{solv}{x=0.778200}|COC=O{solv}{x=0.221800}>,BrCCCCBr,COC=O,fb-fit-v0-single-mean-k20,1,0.7609989982712122,0.0384908677325375,0.6355,0.0057
6956,26,dens_460757700461114532,26,Density,<Substance BrCCCCBr{solv}{x=0.495800}|COC=O{solv}{x=0.504200}>,BrCCCCBr,COC=O,fb-fit-v0-single-mean-k20,1,1.515577942535772,0.0004659023548639,1.5176800000000004,0.001885
6957,27,dhmix_1496821399278454353,27,EnthalpyOfMixing,<Substance BrCCCCBr{solv}{x=0.265400}|COC=O{solv}{x=0.734600}>,BrCCCCBr,COC=O,fb-fit-v0-single-mean-k20,1,0.973263363711169,0.0327354660411857,0.8185,0.00715
6958,28,dens_1750413656870357630,28,Density,<Substance BrCCCCBr{solv}{x=0.225800}|COC=O{solv}{x=0.774200}>,BrCCCCBr,COC=O,fb-fit-v0-single-mean-k20,1,1.27824722019586,0.0003975331314647,1.2671300000000003,0.00104
6959,29,dhmix_1802862930607761431,29,EnthalpyOfMixing,<Substance BrCCCCBr{solv}{x=0.482000}|COC=O{solv}{x=0.518000}>,BrCCCCBr,COC=O,fb-fit-v0-single-mean-k20,1,1.1305864125818523,0.0333768287200394,1.0243,0.0087
6960,30,dhmix_8447570649359775,30,EnthalpyOfMixing,<Substance OCCO{solv}{x=0.481700}|OCc1ccccc1{solv}{x=0.518300}>,OCCO,OCc1ccccc1,fb-fit-v0-single-mean-k20,1,0.2381652042642059,0.0429771890539247,0.201,0.00465
6961,31,dens_824372741354282107,31,Density,<Substance OCCO{solv}{x=0.505700}|OCc1ccccc1{solv}{x=0.494300}>,OCCO,OCc1ccccc1,fb-fit-v0-single-mean-k20,1,1.0626204512945976,0.0002353439783399,1.0579000000000005,0.00027
6962,32,dens_1105173553343721111,32,Density,<Substance OCCO{solv}{x=0.737100}|OCc1ccccc1{solv}{x=0.262900}>,OCCO,OCc1ccccc1,fb-fit-v0-single-mean-k20,1,1.0821170106289688,0.000358927119117,1.0753200000000005,0.000275
6963,33,dhmix_1362282802315816638,33,EnthalpyOfMixing,<Substance OCCO{solv}{x=0.736100}|OCc1ccccc1{solv}{x=0.263900}>,OCCO,OCc1ccccc1,fb-fit-v0-single-mean-k20,1,0.372393461130784,0.0407803745084116,0.1383,0.0037
6964,34,dhmix_1666683879028583081,34,EnthalpyOfMixing,<Substance OCCO{solv}{x=0.236500}|OCc1ccccc1{solv}{x=0.763500}>,OCCO,OCc1ccccc1,fb-fit-v0-single-mean-k20,1,0.1560154173603862,0.0663901036991855,0.209,0.0048
6965,35,dens_1698159396404241323,35,Density,<Substance OCCO{solv}{x=0.262200}|OCc1ccccc1{solv}{x=0.737800}>,OCCO,OCc1ccccc1,fb-fit-v0-single-mean-k20,1,1.048676901847556,0.0003055983225791,1.0442900000000002,0.000265
6966,36,dens_8507121971977381,36,Density,<Substance CCOC(C)(C)C{solv}{x=0.505000}|Cc1ccccc1{solv}{x=0.495000}>,CCOC(C)(C)C,Cc1ccccc1,fb-fit-v0-single-mean-k20,1,0.8050835430633824,0.0002231048136252,0.7937390000000002,0.000467
6967,37,dens_499290591626962121,37,Density,<Substance CCOC(C)(C)C{solv}{x=0.217000}|Cc1ccccc1{solv}{x=0.783000}>,CCOC(C)(C)C,Cc1ccccc1,fb-fit-v0-single-mean-k20,1,0.8402022298313807,0.0002011046815873,0.8314450000000002,0.000411
6968,38,dhmix_820491025608256793,38,EnthalpyOfMixing,<Substance CCOC(C)(C)C{solv}{x=0.501900}|Cc1ccccc1{solv}{x=0.498100}>,CCOC(C)(C)C,Cc1ccccc1,fb-fit-v0-single-mean-k20,1,-0.2883899470398106,0.039575820267337,-0.046,0.00055
6969,39,dhmix_1374163681483564129,39,EnthalpyOfMixing,<Substance CCOC(C)(C)C{solv}{x=0.248900}|Cc1ccccc1{solv}{x=0.751100}>,CCOC(C)(C)C,Cc1ccccc1,fb-fit-v0-single-mean-k20,1,-0.1654647000786653,0.0454982925827568,-0.0324,0.0005
6970,40,dens_1904998692863983733,40,Density,<Substance CCOC(C)(C)C{solv}{x=0.701000}|Cc1ccccc1{solv}{x=0.299000}>,CCOC(C)(C)C,Cc1ccccc1,fb-fit-v0-single-mean-k20,1,0.7821307964595724,0.0002476834066316,0.7696300000000001,0.000503
6971,41,dhmix_1982853461678580310,41,EnthalpyOfMixing,<Substance CCOC(C)(C)C{solv}{x=0.749500}|Cc1ccccc1{solv}{x=0.250500}>,CCOC(C)(C)C,Cc1ccccc1,fb-fit-v0-single-mean-k20,1,-0.1587913269052094,0.0445099468270802,-0.0348,0.0005
6972,42,dhmix_13624411991961099,42,EnthalpyOfMixing,<Substance C1CCOCC1{solv}{x=0.237900}|Cc1ccccc1N{solv}{x=0.762100}>,C1CCOCC1,Cc1ccccc1N,fb-fit-v0-single-mean-k20,1,-0.3642437227910071,0.0436213399519378,-0.3658,0.004
6973,43,dhmix_510299013171775812,43,EnthalpyOfMixing,<Substance C1CCOCC1{solv}{x=0.741000}|Cc1ccccc1N{solv}{x=0.259000}>,C1CCOCC1,Cc1ccccc1N,fb-fit-v0-single-mean-k20,1,-0.3221453640747569,0.0354325524626155,-0.4892,0.0053
6974,44,dhmix_1337006691942958969,44,EnthalpyOfMixing,<Substance C1CCOCC1{solv}{x=0.490100}|Cc1ccccc1N{solv}{x=0.509900}>,C1CCOCC1,Cc1ccccc1N,fb-fit-v0-single-mean-k20,1,-0.3582265510269558,0.0421072133583794,-0.5715,0.0062
6975,45,dens_1448062547628404156,45,Density,<Substance C1CCOCC1{solv}{x=0.727900}|Cc1ccccc1N{solv}{x=0.272100}>,C1CCOCC1,Cc1ccccc1N,fb-fit-v0-single-mean-k20,1,0.918007015456721,0.0001995685724504,0.91866,0.000285
6976,46,dens_2171966897328079405,46,Density,<Substance C1CCOCC1{solv}{x=0.498600}|Cc1ccccc1N{solv}{x=0.501400}>,C1CCOCC1,Cc1ccccc1N,fb-fit-v0-single-mean-k20,1,0.9517567889242724,0.0002559690324611,0.9459860000000002,0.0002275
6977,47,dens_2201621104799327758,47,Density,<Substance C1CCOCC1{solv}{x=0.229700}|Cc1ccccc1N{solv}{x=0.770300}>,C1CCOCC1,Cc1ccccc1N,fb-fit-v0-single-mean-k20,1,0.9879978072455892,0.000362054927558,0.9734540000000002,0.000164
6978,48,dens_15008167137789802,48,Density,<Substance CCCCCl{solv}{x=0.299200}|CN(C)C=O{solv}{x=0.700800}>,CCCCCl,CN(C)C=O,fb-fit-v0-single-mean-k20,1,0.9040714186487904,0.0002653088930902,0.9218000000000002,0.0002
6979,49,dens_550868133232739009,49,Density,<Substance CCCCCl{solv}{x=0.701200}|CN(C)C=O{solv}{x=0.298800}>,CCCCCl,CN(C)C=O,fb-fit-v0-single-mean-k20,1,0.8820685329457059,0.0002829790324904,0.8963000000000002,0.0002
6980,50,dhmix_1315230298567753558,50,EnthalpyOfMixing,<Substance CCCCCl{solv}{x=0.793000}|CN(C)C=O{solv}{x=0.207000}>,CCCCCl,CN(C)C=O,fb-fit-v0-single-mean-k20,1,0.75586741194045,0.0382982882613067,0.404,0.003
6981,51,dhmix_1929975181819720491,51,EnthalpyOfMixing,<Substance CCCCCl{solv}{x=0.493000}|CN(C)C=O{solv}{x=0.507000}>,CCCCCl,CN(C)C=O,fb-fit-v0-single-mean-k20,1,0.95781252861984,0.0372465378003874,0.571,0.003
6982,52,dhmix_1976787548784045784,52,EnthalpyOfMixing,<Substance CCCCCl{solv}{x=0.295000}|CN(C)C=O{solv}{x=0.705000}>,CCCCCl,CN(C)C=O,fb-fit-v0-single-mean-k20,1,0.8507141632881741,0.0413695151704162,0.467,0.003
6983,53,dens_2008819185276371643,53,Density,<Substance CCCCCl{solv}{x=0.499000}|CN(C)C=O{solv}{x=0.501000}>,CCCCCl,CN(C)C=O,fb-fit-v0-single-mean-k20,1,0.8922518289967296,0.0002856216883176,0.9086000000000002,0.0002
6984,54,dens_16755306936326197,54,Density,<Substance Cc1ccccc1N{solv}{x=0.255700}|Cc1ccccn1{solv}{x=0.744300}>,Cc1ccccc1N,Cc1ccccn1,fb-fit-v0-single-mean-k20,1,0.9640088906696388,0.0001996224116195,0.9597930000000002,0.000307
6985,55,dens_238666738854407136,55,Density,<Substance Cc1ccccc1N{solv}{x=0.514600}|Cc1ccccn1{solv}{x=0.485400}>,Cc1ccccc1N,Cc1ccccn1,fb-fit-v0-single-mean-k20,1,0.9832874395650778,0.0002164312609014,0.9748990000000002,0.0002315
6986,56,dhmix_1909144841681931250,56,EnthalpyOfMixing,<Substance Cc1ccccc1N{solv}{x=0.488200}|Cc1ccccn1{solv}{x=0.511800}>,Cc1ccccc1N,Cc1ccccn1,fb-fit-v0-single-mean-k20,1,-1.537623282100185,0.0491784746975663,-1.4976,0.0305
6987,57,dens_1945534954282706534,57,Density,<Substance Cc1ccccc1N{solv}{x=0.757100}|Cc1ccccn1{solv}{x=0.242900}>,Cc1ccccc1N,Cc1ccccn1,fb-fit-v0-single-mean-k20,1,0.9995419089338592,0.0001924370316936,0.9854410000000002,0.000169
6988,58,dhmix_2038606904928978856,58,EnthalpyOfMixing,<Substance Cc1ccccc1N{solv}{x=0.782100}|Cc1ccccn1{solv}{x=0.217900}>,Cc1ccccc1N,Cc1ccccn1,fb-fit-v0-single-mean-k20,1,-0.8733925532035158,0.0482105497802386,-0.8656,0.01775
6989,59,dhmix_2125558080831870503,59,EnthalpyOfMixing,<Substance Cc1ccccc1N{solv}{x=0.273600}|Cc1ccccn1{solv}{x=0.726400}>,Cc1ccccc1N,Cc1ccccn1,fb-fit-v0-single-mean-k20,1,-1.40401612205941,0.0448342478753021,-1.2462,0.0254
6990,60,dens_19028061622240549,60,Density,<Substance CN(C)CCO{solv}{x=0.296200}|CO{solv}{x=0.703800}>,CN(C)CCO,CO,fb-fit-v0-single-mean-k20,1,0.8433241995886392,0.000317807936901,0.8506500000000001,0.00014
6991,61,dens_186649390549115907,61,Density,<Substance CN(C)CCO{solv}{x=0.502000}|CO{solv}{x=0.498000}>,CN(C)CCO,CO,fb-fit-v0-single-mean-k20,1,0.871266690709394,0.0002451399560765,0.8684000000000002,0.000155
6992,62,dhmix_1453612193040378117,62,EnthalpyOfMixing,<Substance CN(C)CCO{solv}{x=0.497200}|CO{solv}{x=0.502800}>,CN(C)CCO,CO,fb-fit-v0-single-mean-k20,1,-1.3436437420587026,0.0356998305667426,-0.8673,0.00935
6993,63,dens_1978392691277508278,63,Density,<Substance CN(C)CCO{solv}{x=0.707500}|CO{solv}{x=0.292500}>,CN(C)CCO,CO,fb-fit-v0-single-mean-k20,1,0.8886985790635566,0.0002716629155152,0.8766100000000002,0.00017
6994,64,dhmix_2113387918969192804,64,EnthalpyOfMixing,<Substance CN(C)CCO{solv}{x=0.247900}|CO{solv}{x=0.752100}>,CN(C)CCO,CO,fb-fit-v0-single-mean-k20,1,-1.0813914243349745,0.030329067955783,-0.8057,0.0087
6995,65,dhmix_2220842061395014218,65,EnthalpyOfMixing,<Substance CN(C)CCO{solv}{x=0.750600}|CO{solv}{x=0.249400}>,CN(C)CCO,CO,fb-fit-v0-single-mean-k20,1,-1.0235053784388413,0.0460283985768984,-0.5322,0.00585
6996,66,dhmix_21994921667950318,66,EnthalpyOfMixing,<Substance C=CCCCC{solv}{x=0.500100}|CCCO{solv}{x=0.499900}>,C=CCCCC,CCCO,fb-fit-v0-single-mean-k20,1,0.7279788150088962,0.0362303648019313,0.595,0.0055
6997,67,dens_62854823056490751,67,Density,<Substance C=CCCCC{solv}{x=0.150300}|CCCO{solv}{x=0.849700}>,C=CCCCC,CCCO,fb-fit-v0-single-mean-k20,1,0.7666815689811894,0.0002317185950309,0.7704980000000002,0.0001845
6998,68,dens_294296714501123310,68,Density,<Substance C=CCCCC{solv}{x=0.499100}|CCCO{solv}{x=0.500900}>,C=CCCCC,CCCO,fb-fit-v0-single-mean-k20,1,0.7112500796224169,0.0002561188613181,0.7176450000000002,0.0002145
6999,69,dhmix_829065315899278784,69,EnthalpyOfMixing,<Substance C=CCCCC{solv}{x=0.750000}|CCCO{solv}{x=0.250000}>,C=CCCCC,CCCO,fb-fit-v0-single-mean-k20,1,0.6680638341470768,0.0430173668303381,0.682,0.006
7000,70,dens_2024397702416079279,70,Density,<Substance C=CCCCC{solv}{x=0.745600}|CCCO{solv}{x=0.254400}>,C=CCCCC,CCCO,fb-fit-v0-single-mean-k20,1,0.6828402601536159,0.0002384969739844,0.6899770000000002,0.0002305
7001,71,dhmix_2167083041249157622,71,EnthalpyOfMixing,<Substance C=CCCCC{solv}{x=0.150100}|CCCO{solv}{x=0.849900}>,C=CCCCC,CCCO,fb-fit-v0-single-mean-k20,1,0.232043628578257,0.0439301391041792,0.192,0.005
7002,72,dhmix_22428169890990447,72,EnthalpyOfMixing,<Substance CC1(C)C(=O)[C@]2(C)CC[C@H]1C2{solv}{x=0.286000}|CCO{solv}{x=0.714000}>,CC1(C)C(=O)[C@]2(C)CC[C@H]1C2,CCO,fb-fit-v0-single-mean-k20,1,1.0141588652919324,0.0383166132018806,0.876,0.0265
7003,73,dhmix_57626661746168078,73,EnthalpyOfMixing,<Substance CC1(C)C(=O)[C@]2(C)CC[C@H]1C2{solv}{x=0.701000}|CCO{solv}{x=0.299000}>,CC1(C)C(=O)[C@]2(C)CC[C@H]1C2,CCO,fb-fit-v0-single-mean-k20,1,1.1533695519707976,0.0498113751776943,1.0,0.0305
7004,74,dhmix_287041928444283276,74,EnthalpyOfMixing,<Substance CC1(C)C(=O)[C@]2(C)CC[C@H]1C2{solv}{x=0.488000}|CCO{solv}{x=0.512000}>,CC1(C)C(=O)[C@]2(C)CC[C@H]1C2,CCO,fb-fit-v0-single-mean-k20,1,1.322917475734414,0.0438828091543695,1.109,0.0335
7005,75,dens_618487453946854895,75,Density,<Substance CC1(C)C(=O)[C@]2(C)CC[C@H]1C2{solv}{x=0.501200}|CCO{solv}{x=0.498800}>,CC1(C)C(=O)[C@]2(C)CC[C@H]1C2,CCO,fb-fit-v0-single-mean-k20,1,0.9173649305914272,0.0002336056654296,0.9005900000000002,5.5000000000000016e-05
7006,76,dens_1408969463542558504,76,Density,<Substance CC1(C)C(=O)[C@]2(C)CC[C@H]1C2{solv}{x=0.789700}|CCO{solv}{x=0.210300}>,CC1(C)C(=O)[C@]2(C)CC[C@H]1C2,CCO,fb-fit-v0-single-mean-k20,1,0.949402578388608,0.0001474968478237,0.9274800000000002,6.0000000000000015e-05
7007,77,dens_2053919413592536040,77,Density,<Substance CC1(C)C(=O)[C@]2(C)CC[C@H]1C2{solv}{x=0.200200}|CCO{solv}{x=0.799800}>,CC1(C)C(=O)[C@]2(C)CC[C@H]1C2,CCO,fb-fit-v0-single-mean-k20,1,0.8592668487035902,0.000260305824033,0.8499000000000002,6.500000000000002e-05
7008,78,dhmix_24700325920498635,78,EnthalpyOfMixing,<Substance CCC(C)(C)O{solv}{x=0.799400}|CCOC(C)(C)CC{solv}{x=0.200600}>,CCC(C)(C)O,CCOC(C)(C)CC,fb-fit-v0-single-mean-k20,1,0.6356167089427771,0.0519887220420311,0.448,0.0073
7009,79,dhmix_252628078473967793,79,EnthalpyOfMixing,<Substance CCC(C)(C)O{solv}{x=0.299700}|CCOC(C)(C)CC{solv}{x=0.700300}>,CCC(C)(C)O,CCOC(C)(C)CC,fb-fit-v0-single-mean-k20,1,0.9643645363924946,0.0541527012260763,0.9727,0.0132
7010,80,dens_281609537293621351,80,Density,<Substance CCC(C)(C)O{solv}{x=0.799400}|CCOC(C)(C)CC{solv}{x=0.200600}>,CCC(C)(C)O,CCOC(C)(C)CC,fb-fit-v0-single-mean-k20,1,0.8048236432091437,0.0002212566536523,0.7932000000000002,0.00025
7011,81,dhmix_980734994193955874,81,EnthalpyOfMixing,<Substance CCC(C)(C)O{solv}{x=0.498700}|CCOC(C)(C)CC{solv}{x=0.501300}>,CCC(C)(C)O,CCOC(C)(C)CC,fb-fit-v0-single-mean-k20,1,1.0473666430167654,0.0560430936188378,0.8937,0.01225
7012,82,dens_1165049856972872340,82,Density,<Substance CCC(C)(C)O{solv}{x=0.498700}|CCOC(C)(C)CC{solv}{x=0.501300}>,CCC(C)(C)O,CCOC(C)(C)CC,fb-fit-v0-single-mean-k20,1,0.7864315180703878,0.0001956570622128,0.7789000000000001,0.0002
7013,83,dens_2297026976830009992,83,Density,<Substance CCC(C)(C)O{solv}{x=0.299700}|CCOC(C)(C)CC{solv}{x=0.700300}>,CCC(C)(C)O,CCOC(C)(C)CC,fb-fit-v0-single-mean-k20,1,0.7759990478202342,0.0001345431551937,0.7709000000000001,0.0002
7014,84,dens_25810987980199799,84,Density,<Substance CCCCCC{solv}{x=0.158800}|Cc1ccccc1{solv}{x=0.841200}>,CCCCCC,Cc1ccccc1,fb-fit-v0-single-mean-k20,1,0.8276409118744771,0.000204214218242,0.8226300000000002,0.000335
7015,85,dens_574637447996217594,85,Density,<Substance CCCCCC{solv}{x=0.501100}|Cc1ccccc1{solv}{x=0.498900}>,CCCCCC,Cc1ccccc1,fb-fit-v0-single-mean-k20,1,0.7502377448222244,0.0002059474048355,0.7484400000000002,0.00015
7016,86,dhmix_1373657903424456878,86,EnthalpyOfMixing,<Substance CCCCCC{solv}{x=0.158600}|Cc1ccccc1{solv}{x=0.841400}>,CCCCCC,Cc1ccccc1,fb-fit-v0-single-mean-k20,1,0.3406452512042222,0.0445172338738226,0.3163,0.0043
7017,87,dhmix_1383995974797334848,87,EnthalpyOfMixing,<Substance CCCCCC{solv}{x=0.472300}|Cc1ccccc1{solv}{x=0.527700}>,CCCCCC,Cc1ccccc1,fb-fit-v0-single-mean-k20,1,0.7344851055712667,0.0322216231940467,0.5467,0.00715
7018,88,dhmix_1412344026798360911,88,EnthalpyOfMixing,<Substance CCCCCC{solv}{x=0.748400}|Cc1ccccc1{solv}{x=0.251600}>,CCCCCC,Cc1ccccc1,fb-fit-v0-single-mean-k20,1,0.5847676367485093,0.0458957426328646,0.393,0.00525
7019,89,dens_2241575426887298365,89,Density,<Substance CCCCCC{solv}{x=0.733800}|Cc1ccccc1{solv}{x=0.266200}>,CCCCCC,Cc1ccccc1,fb-fit-v0-single-mean-k20,1,0.7018332144532597,0.0002345209329685,0.7020900000000002,0.000305
7020,90,dens_27241401908451167,90,Density,<Substance CN(C)C=O{solv}{x=0.503500}|Cc1ccccc1Cl{solv}{x=0.496500}>,CN(C)C=O,Cc1ccccc1Cl,fb-fit-v0-single-mean-k20,1,1.0194749144046786,0.0002223801103843,1.0247000000000004,0.0005
7021,91,dhmix_674882857451857086,91,EnthalpyOfMixing,<Substance CN(C)C=O{solv}{x=0.511800}|Cc1ccccc1Cl{solv}{x=0.488200}>,CN(C)C=O,Cc1ccccc1Cl,fb-fit-v0-single-mean-k20,1,0.3349886157295572,0.039247191975735,0.545,0.006
7022,92,dens_818042132181297482,92,Density,<Substance CN(C)C=O{solv}{x=0.751200}|Cc1ccccc1Cl{solv}{x=0.248800}>,CN(C)C=O,Cc1ccccc1Cl,fb-fit-v0-single-mean-k20,1,0.9751129794414496,0.0002537774433828,0.9898800000000002,0.0005
7023,93,dens_861365281257265917,93,Density,<Substance CN(C)C=O{solv}{x=0.273700}|Cc1ccccc1Cl{solv}{x=0.726300}>,CN(C)C=O,Cc1ccccc1Cl,fb-fit-v0-single-mean-k20,1,1.043912739859311,0.0002353502456084,1.0415000000000003,0.0005
7024,94,dhmix_1670364528496870559,94,EnthalpyOfMixing,<Substance CN(C)C=O{solv}{x=0.767900}|Cc1ccccc1Cl{solv}{x=0.232100}>,CN(C)C=O,Cc1ccccc1Cl,fb-fit-v0-single-mean-k20,1,0.190994401213203,0.0428532844224907,0.436,0.005
7025,95,dhmix_1992689527814967541,95,EnthalpyOfMixing,<Substance CN(C)C=O{solv}{x=0.274300}|Cc1ccccc1Cl{solv}{x=0.725700}>,CN(C)C=O,Cc1ccccc1Cl,fb-fit-v0-single-mean-k20,1,0.2783422559109709,0.0435853347700839,0.373,0.004
7026,96,dens_29213618499921464,96,Density,<Substance C1CCOCC1{solv}{x=0.254000}|O=C1CCCCCC1{solv}{x=0.746000}>,C1CCOCC1,O=C1CCCCCC1,fb-fit-v0-single-mean-k20,1,0.923620513665506,0.0001697985172188,0.9355100000000002,0.00051
7027,97,dens_468319504030932569,97,Density,<Substance C1CCOCC1{solv}{x=0.498600}|O=C1CCCCCC1{solv}{x=0.501400}>,C1CCOCC1,O=C1CCCCCC1,fb-fit-v0-single-mean-k20,1,0.9097588915319113,0.0002147389556696,0.9211200000000004,0.00051
7028,98,dens_1174890511154571939,98,Density,<Substance C1CCOCC1{solv}{x=0.768600}|O=C1CCCCCC1{solv}{x=0.231400}>,C1CCOCC1,O=C1CCCCCC1,fb-fit-v0-single-mean-k20,1,0.8917952629562403,0.0002402881431474,0.9012200000000002,0.000505
7029,99,dens_30084818585402677,99,Density,<Substance CC(=O)N(C)C{solv}{x=0.700600}|ClCCCCCCCl{solv}{x=0.299400}>,CC(=O)N(C)C,ClCCCCCCCl,fb-fit-v0-single-mean-k20,1,0.9649586300626029,0.0002224812581101,0.9853000000000002,0.00175
7030,100,dhmix_384619296407103076,100,EnthalpyOfMixing,<Substance CC(=O)N(C)C{solv}{x=0.504000}|ClCCCCCCCl{solv}{x=0.496000}>,CC(=O)N(C)C,ClCCCCCCCl,fb-fit-v0-single-mean-k20,1,0.2723270941150559,0.0454200173961405,0.09,0.002
7031,101,dens_539464371986972328,101,Density,<Substance CC(=O)N(C)C{solv}{x=0.494300}|ClCCCCCCCl{solv}{x=0.505700}>,CC(=O)N(C)C,ClCCCCCCCl,fb-fit-v0-single-mean-k20,1,1.000804334812909,0.000253991550303,1.0123000000000002,0.0016
7032,102,dhmix_1114659247517686326,102,EnthalpyOfMixing,<Substance CC(=O)N(C)C{solv}{x=0.798000}|ClCCCCCCCl{solv}{x=0.202000}>,CC(=O)N(C)C,ClCCCCCCCl,fb-fit-v0-single-mean-k20,1,0.2718873151966381,0.0408281360096958,0.067,0.002
7033,103,dhmix_1410583096030633514,103,EnthalpyOfMixing,<Substance CC(=O)N(C)C{solv}{x=0.212000}|ClCCCCCCCl{solv}{x=0.788000}>,CC(=O)N(C)C,ClCCCCCCCl,fb-fit-v0-single-mean-k20,1,0.3222637166975488,0.0480011370274898,0.04,0.002
7034,104,dens_2244909992725638206,104,Density,<Substance CC(=O)N(C)C{solv}{x=0.300200}|ClCCCCCCCl{solv}{x=0.699800}>,CC(=O)N(C)C,ClCCCCCCCl,fb-fit-v0-single-mean-k20,1,1.0296445625867765,0.0002009051068079,1.0345000000000002,0.0015
7035,105,dhmix_35301006695188726,105,EnthalpyOfMixing,<Substance CCOC(=O)C(C)C{solv}{x=0.289000}|CO{solv}{x=0.711000}>,CCOC(=O)C(C)C,CO,fb-fit-v0-single-mean-k20,1,0.5934639043082228,0.0354421083098175,0.488,0.0035
7036,106,dens_508877804306927207,106,Density,<Substance CCOC(=O)C(C)C{solv}{x=0.499000}|CO{solv}{x=0.501000}>,CCOC(=O)C(C)C,CO,fb-fit-v0-single-mean-k20,1,0.8410355602179733,0.0002882990680558,0.8414100000000002,0.00011
7037,107,dens_1201422771202741625,107,Density,<Substance CCOC(=O)C(C)C{solv}{x=0.199600}|CO{solv}{x=0.800400}>,CCOC(=O)C(C)C,CO,fb-fit-v0-single-mean-k20,1,0.8049890857824105,0.0003293114899459,0.8173600000000002,0.000115
7038,108,dhmix_1951183536432642425,108,EnthalpyOfMixing,<Substance CCOC(=O)C(C)C{solv}{x=0.480000}|CO{solv}{x=0.520000}>,CCOC(=O)C(C)C,CO,fb-fit-v0-single-mean-k20,1,0.8718872804569031,0.0414488020144002,0.671,0.0045
7039,109,dens_1998368384671748308,109,Density,<Substance CCOC(=O)C(C)C{solv}{x=0.703000}|CO{solv}{x=0.297000}>,CCOC(=O)C(C)C,CO,fb-fit-v0-single-mean-k20,1,0.8555290463338998,0.0002257919231085,0.8501200000000002,0.00011
7040,110,dhmix_2200604492347455092,110,EnthalpyOfMixing,<Substance CCOC(=O)C(C)C{solv}{x=0.771000}|CO{solv}{x=0.229000}>,CCOC(=O)C(C)C,CO,fb-fit-v0-single-mean-k20,1,0.7067981993834707,0.0470624854906329,0.632,0.0045
7041,111,dhmix_39159150320919359,111,EnthalpyOfMixing,<Substance CCO{solv}{x=0.799700}|Cc1cccc(O)c1{solv}{x=0.200300}>,CCO,Cc1cccc(O)c1,fb-fit-v0-single-mean-k20,1,-0.7246054857283539,0.0329488112364197,-0.79199,0.011965
7042,112,dens_410843938837220593,112,Density,<Substance CCO{solv}{x=0.263700}|Cc1cccc(O)c1{solv}{x=0.736300}>,CCO,Cc1cccc(O)c1,fb-fit-v0-single-mean-k20,1,0.9972507030322258,0.0001961133348064,0.9852300000000004,0.0006
7043,113,dhmix_1115402835538407874,113,EnthalpyOfMixing,<Substance CCO{solv}{x=0.212500}|Cc1cccc(O)c1{solv}{x=0.787500}>,CCO,Cc1cccc(O)c1,fb-fit-v0-single-mean-k20,1,-0.7349916246419532,0.0398993985123856,-0.68742,0.01275
7044,114,dens_1359111234216199895,114,Density,<Substance CCO{solv}{x=0.472400}|Cc1cccc(O)c1{solv}{x=0.527600}>,CCO,Cc1cccc(O)c1,fb-fit-v0-single-mean-k20,1,0.9591303056725112,0.0002765400805545,0.9446300000000002,0.0006
7045,115,dens_1590314985481219627,115,Density,<Substance CCO{solv}{x=0.781700}|Cc1cccc(O)c1{solv}{x=0.218300}>,CCO,Cc1cccc(O)c1,fb-fit-v0-single-mean-k20,1,0.8751691902267682,0.0002383042749296,0.8631500000000002,0.000605
7046,116,dhmix_1871939727966182523,116,EnthalpyOfMixing,<Substance CCO{solv}{x=0.413900}|Cc1cccc(O)c1{solv}{x=0.586100}>,CCO,Cc1cccc(O)c1,fb-fit-v0-single-mean-k20,1,-1.1266831386397484,0.0436112753106888,-1.14624,0.00985
7047,117,dens_42678158079716854,117,Density,<Substance CN1CCCC1=O{solv}{x=0.937492}|c1ccccc1{solv}{x=0.062508}>,CN1CCCC1=O,c1ccccc1,fb-fit-v0-single-mean-k20,1,0.9997036310145996,0.0001869822883715,1.0204500000000003,3.500000000000001e-05
7048,118,dens_252520620125458637,118,Density,<Substance CN1CCCC1=O{solv}{x=0.513500}|c1ccccc1{solv}{x=0.486500}>,CN1CCCC1=O,c1ccccc1,fb-fit-v0-single-mean-k20,1,0.9574653314519516,0.0002149774390598,0.9684700000000004,0.00018
7049,119,dhmix_524477957640851666,119,EnthalpyOfMixing,<Substance CN1CCCC1=O{solv}{x=0.235600}|c1ccccc1{solv}{x=0.764400}>,CN1CCCC1=O,c1ccccc1,fb-fit-v0-single-mean-k20,1,-0.1198236002996964,0.0446052575662288,-0.3684,0.00405
7050,120,dhmix_1475629358723962160,120,EnthalpyOfMixing,<Substance CN1CCCC1=O{solv}{x=0.546700}|c1ccccc1{solv}{x=0.453300}>,CN1CCCC1=O,c1ccccc1,fb-fit-v0-single-mean-k20,1,-0.1801449408838848,0.0410203199813408,-0.4943,0.00535
7051,121,dens_2041306780823594960,121,Density,<Substance CN1CCCC1=O{solv}{x=0.252400}|c1ccccc1{solv}{x=0.747600}>,CN1CCCC1=O,c1ccccc1,fb-fit-v0-single-mean-k20,1,0.9161918128930236,0.0002192239186033,0.9163300000000004,0.00029
7052,122,dhmix_2156508970935294660,122,EnthalpyOfMixing,<Substance CN1CCCC1=O{solv}{x=0.741100}|c1ccccc1{solv}{x=0.258900}>,CN1CCCC1=O,c1ccccc1,fb-fit-v0-single-mean-k20,1,-0.1130330358816742,0.0475725107368674,-0.3841,0.0042
7053,123,dhmix_44217680865702366,123,EnthalpyOfMixing,<Substance CC(=O)c1ccccc1{solv}{x=0.200100}|CC(C)O{solv}{x=0.799900}>,CC(=O)c1ccccc1,CC(C)O,fb-fit-v0-single-mean-k20,1,1.1154165028509917,0.0395533353221267,1.1352,0.0124
7054,124,dens_91454082453656404,124,Density,<Substance CC(=O)c1ccccc1{solv}{x=0.756100}|CC(C)O{solv}{x=0.243900}>,CC(=O)c1ccccc1,CC(C)O,fb-fit-v0-single-mean-k20,1,0.9822098474159348,0.0001713067279912,0.9823500000000004,0.000175
7055,125,dens_152869924254680766,125,Density,<Substance CC(=O)c1ccccc1{solv}{x=0.251700}|CC(C)O{solv}{x=0.748300}>,CC(=O)c1ccccc1,CC(C)O,fb-fit-v0-single-mean-k20,1,0.8788532780121178,0.0002402706938259,0.8654400000000002,0.000245
7056,126,dhmix_1214494501247401592,126,EnthalpyOfMixing,<Substance CC(=O)c1ccccc1{solv}{x=0.499600}|CC(C)O{solv}{x=0.500400}>,CC(=O)c1ccccc1,CC(C)O,fb-fit-v0-single-mean-k20,1,1.673851824996536,0.0365153967206509,1.5703,0.0169
7057,127,dhmix_1482394504883204224,127,EnthalpyOfMixing,<Substance CC(=O)c1ccccc1{solv}{x=0.700600}|CC(C)O{solv}{x=0.299400}>,CC(=O)c1ccccc1,CC(C)O,fb-fit-v0-single-mean-k20,1,1.289748560720945,0.0411722854012763,1.3758,0.01485
7058,128,dens_1804860114822214449,128,Density,<Substance CC(=O)c1ccccc1{solv}{x=0.534500}|CC(C)O{solv}{x=0.465500}>,CC(=O)c1ccccc1,CC(C)O,fb-fit-v0-single-mean-k20,1,0.9431642901933104,0.0001884702669304,0.9375600000000002,0.0002
7059,129,dhmix_47323681380989568,129,EnthalpyOfMixing,<Substance CCCCCCCCCl{solv}{x=0.498000}|CN(C)C=O{solv}{x=0.502000}>,CCCCCCCCCl,CN(C)C=O,fb-fit-v0-single-mean-k20,1,1.4195633451762577,0.0456130106545761,1.087,0.0045
7060,130,dhmix_620291288515939248,130,EnthalpyOfMixing,<Substance CCCCCCCCCl{solv}{x=0.790000}|CN(C)C=O{solv}{x=0.210000}>,CCCCCCCCCl,CN(C)C=O,fb-fit-v0-single-mean-k20,1,1.02245364967456,0.0460230824013649,0.68,0.0045
7061,131,dens_1830564734879843336,131,Density,<Substance CCCCCCCCCl{solv}{x=0.733100}|CN(C)C=O{solv}{x=0.266900}>,CCCCCCCCCl,CN(C)C=O,fb-fit-v0-single-mean-k20,1,0.876175127826466,0.0002133547054066,0.8779000000000002,0.00045
7062,132,dens_1865569264533219410,132,Density,<Substance CCCCCCCCCl{solv}{x=0.500800}|CN(C)C=O{solv}{x=0.499200}>,CCCCCCCCCl,CN(C)C=O,fb-fit-v0-single-mean-k20,1,0.8841430638086788,0.0002338898425972,0.8897000000000003,0.0004
7063,133,dens_1893252821735673677,133,Density,<Substance CCCCCCCCCl{solv}{x=0.199800}|CN(C)C=O{solv}{x=0.800200}>,CCCCCCCCCl,CN(C)C=O,fb-fit-v0-single-mean-k20,1,0.9004152910133266,0.0002070666550958,0.9149000000000002,0.0003
7064,134,dhmix_2175249209874409534,134,EnthalpyOfMixing,<Substance CCCCCCCCCl{solv}{x=0.205000}|CN(C)C=O{solv}{x=0.795000}>,CCCCCCCCCl,CN(C)C=O,fb-fit-v0-single-mean-k20,1,1.1011019312871897,0.0410949243935509,0.79,0.0045
7065,135,dens_47347406470845261,135,Density,<Substance BrCCCBr{solv}{x=0.748600}|COC=O{solv}{x=0.251400}>,BrCCCBr,COC=O,fb-fit-v0-single-mean-k20,1,1.781392905991596,0.0005243870503481,1.7969200000000003,0.00306
7066,136,dens_398260729245374704,136,Density,<Substance BrCCCBr{solv}{x=0.472200}|COC=O{solv}{x=0.527800}>,BrCCCBr,COC=O,fb-fit-v0-single-mean-k20,1,1.5580502381477392,0.0004829809380427,1.5585100000000005,0.001985
7067,137,dhmix_1440467239786579925,137,EnthalpyOfMixing,<Substance BrCCCBr{solv}{x=0.735400}|COC=O{solv}{x=0.264600}>,BrCCCBr,COC=O,fb-fit-v0-single-mean-k20,1,0.638851906406618,0.0382394010962094,0.7435,0.00655
7068,138,dens_1812113401512645360,138,Density,<Substance BrCCCBr{solv}{x=0.204700}|COC=O{solv}{x=0.795300}>,BrCCCBr,COC=O,fb-fit-v0-single-mean-k20,1,1.2744635910000943,0.0003753153887201,1.2611800000000004,0.001025
7069,139,dhmix_2252268161220427112,139,EnthalpyOfMixing,<Substance BrCCCBr{solv}{x=0.485300}|COC=O{solv}{x=0.514700}>,BrCCCBr,COC=O,fb-fit-v0-single-mean-k20,1,0.9631110646315016,0.0291236991272549,0.9249,0.00795
7070,140,dhmix_2289960806584862127,140,EnthalpyOfMixing,<Substance BrCCCBr{solv}{x=0.239500}|COC=O{solv}{x=0.760500}>,BrCCCBr,COC=O,fb-fit-v0-single-mean-k20,1,0.7001054906776458,0.034168501931346,0.6669,0.00595
7071,141,dens_52148744845178727,141,Density,<Substance CC(=O)CC(C)C{solv}{x=0.700900}|CCC(C)(C)O{solv}{x=0.299100}>,CC(=O)CC(C)C,CCC(C)(C)O,fb-fit-v0-single-mean-k20,1,0.806809985017979,0.0001856393747149,0.7968700000000002,0.00018
7072,142,dhmix_202225007451030020,142,EnthalpyOfMixing,<Substance CC(=O)CC(C)C{solv}{x=0.201700}|CCC(C)(C)O{solv}{x=0.798300}>,CC(=O)CC(C)C,CCC(C)(C)O,fb-fit-v0-single-mean-k20,1,0.0684273327436297,0.0498530158388931,0.8181,0.01135
7073,143,dens_938275493819605051,143,Density,<Substance CC(=O)CC(C)C{solv}{x=0.500800}|CCC(C)(C)O{solv}{x=0.499200}>,CC(=O)CC(C)C,CCC(C)(C)O,fb-fit-v0-single-mean-k20,1,0.8106118356230745,0.0002197434814577,0.7987300000000002,0.00018
7074,144,dhmix_998794233701009996,144,EnthalpyOfMixing,<Substance CC(=O)CC(C)C{solv}{x=0.500800}|CCC(C)(C)O{solv}{x=0.499200}>,CC(=O)CC(C)C,CCC(C)(C)O,fb-fit-v0-single-mean-k20,1,0.7469892773539941,0.0434131654748883,1.3674,0.0185
7075,145,dhmix_1565593158104493647,145,EnthalpyOfMixing,<Substance CC(=O)CC(C)C{solv}{x=0.700900}|CCC(C)(C)O{solv}{x=0.299100}>,CC(=O)CC(C)C,CCC(C)(C)O,fb-fit-v0-single-mean-k20,1,0.87541569896959,0.0445632209062025,1.2068,0.0164
7076,146,dens_2097057526665137697,146,Density,<Substance CC(=O)CC(C)C{solv}{x=0.201700}|CCC(C)(C)O{solv}{x=0.798300}>,CC(=O)CC(C)C,CCC(C)(C)O,fb-fit-v0-single-mean-k20,1,0.8174796721772387,0.0001935982947512,0.8030000000000002,0.00019
7077,147,dens_60145312697659458,147,Density,<Substance OC1=NCCC1{solv}{x=0.231200}|c1ccncc1{solv}{x=0.768800}>,OC1=NCCC1,c1ccncc1,fb-fit-v0-single-mean-k20,1,0.9971656884171848,0.0002049099439954,1.0106200000000003,0.00051
7078,148,dhmix_281987656487279026,148,EnthalpyOfMixing,<Substance OC1=NCCC1{solv}{x=0.525600}|c1ccncc1{solv}{x=0.474400}>,OC1=NCCC1,c1ccncc1,fb-fit-v0-single-mean-k20,1,0.0534657254609527,0.0360110512025751,0.2031,0.0508
7079,149,dens_617740093035429712,149,Density,<Substance OC1=NCCC1{solv}{x=0.831200}|c1ccncc1{solv}{x=0.168800}>,OC1=NCCC1,c1ccncc1,fb-fit-v0-single-mean-k20,1,1.0443744222834548,0.0002603149385999,1.0872000000000004,0.00052
7080,150,dhmix_658699797311871042,150,EnthalpyOfMixing,<Substance OC1=NCCC1{solv}{x=0.261500}|c1ccncc1{solv}{x=0.738500}>,OC1=NCCC1,c1ccncc1,fb-fit-v0-single-mean-k20,1,0.0202582313177899,0.0368835501898227,0.165,0.04125
7081,151,dhmix_774470106511868908,151,EnthalpyOfMixing,<Substance OC1=NCCC1{solv}{x=0.831100}|c1ccncc1{solv}{x=0.168900}>,OC1=NCCC1,c1ccncc1,fb-fit-v0-single-mean-k20,1,0.0978652965019364,0.0395776993395592,0.0972,0.0243
7082,152,dens_1837977312272564303,152,Density,<Substance OC1=NCCC1{solv}{x=0.475200}|c1ccncc1{solv}{x=0.524800}>,OC1=NCCC1,c1ccncc1,fb-fit-v0-single-mean-k20,1,1.0185522126794353,0.0002537288027006,1.0431300000000003,0.000515
7083,153,dens_64870336397637683,153,Density,<Substance NCCCO{solv}{x=0.489642}|O{solv}{x=0.510358}>,NCCCO,O,fb-fit-v0-single-mean-k20,1,1.0208117424169467,0.0004193779722081,1.0059000000000002,0.00155
7084,154,dens_70371380055449550,154,Density,<Substance NCCCO{solv}{x=0.708044}|O{solv}{x=0.291956}>,NCCCO,O,fb-fit-v0-single-mean-k20,1,1.0199525243337126,0.0003340455045674,0.9975000000000004,0.0018
7085,155,dhmix_150384853762728924,155,EnthalpyOfMixing,<Substance NCCCO{solv}{x=0.751500}|O{solv}{x=0.248500}>,NCCCO,O,fb-fit-v0-single-mean-k20,1,-0.8766405965211348,0.0444627536885062,-1.531,0.031
7086,156,dens_847209819230970781,156,Density,<Substance NCCCO{solv}{x=0.272809}|O{solv}{x=0.727191}>,NCCCO,O,fb-fit-v0-single-mean-k20,1,1.0151560482404347,0.0003233376801211,1.0118000000000005,0.0014
7087,157,dhmix_1448036989335532298,157,EnthalpyOfMixing,<Substance NCCCO{solv}{x=0.298200}|O{solv}{x=0.701800}>,NCCCO,O,fb-fit-v0-single-mean-k20,1,-0.9471433159918696,0.0207807462307681,-2.501,0.051
7088,158,dhmix_1551692974855642379,158,EnthalpyOfMixing,<Substance NCCCO{solv}{x=0.498900}|O{solv}{x=0.501100}>,NCCCO,O,fb-fit-v0-single-mean-k20,1,-1.1403321079375992,0.0364654730984586,-2.462,0.05
7089,159,dhmix_65921650414250861,159,EnthalpyOfMixing,<Substance CCOC(=O)CC(C)=O{solv}{x=0.499500}|CCO{solv}{x=0.500500}>,CCO,CCOC(=O)CC(C)=O,fb-fit-v0-single-mean-k20,1,1.8131051950346375,0.0370560005477251,1.7079,0.0183
7090,160,dhmix_546962203716710778,160,EnthalpyOfMixing,<Substance CCOC(=O)CC(C)=O{solv}{x=0.299400}|CCO{solv}{x=0.700600}>,CCO,CCOC(=O)CC(C)=O,fb-fit-v0-single-mean-k20,1,1.6633630154892387,0.0359284748886535,1.4925,0.01605
7091,161,dens_989479368116300355,161,Density,<Substance CCOC(=O)CC(C)=O{solv}{x=0.500000}|CCO{solv}{x=0.500000}>,CCO,CCOC(=O)CC(C)=O,fb-fit-v0-single-mean-k20,1,0.9530091628131108,0.0002320398408169,0.9484700000000004,0.000155
7092,162,dens_1726065156375824332,162,Density,<Substance CCOC(=O)CC(C)=O{solv}{x=0.250000}|CCO{solv}{x=0.750000}>,CCO,CCOC(=O)CC(C)=O,fb-fit-v0-single-mean-k20,1,0.8895140059638984,0.0002514784607125,0.8856300000000003,0.00017
7093,163,dens_1736679431098209973,163,Density,<Substance CCOC(=O)CC(C)=O{solv}{x=0.750000}|CCO{solv}{x=0.250000}>,CCO,CCOC(=O)CC(C)=O,fb-fit-v0-single-mean-k20,1,0.9971140961452588,0.0002021312297926,0.9917100000000004,0.00017
7094,164,dhmix_2221487218644783272,164,EnthalpyOfMixing,<Substance CCOC(=O)CC(C)=O{solv}{x=0.700800}|CCO{solv}{x=0.299200}>,CCO,CCOC(=O)CC(C)=O,fb-fit-v0-single-mean-k20,1,1.530737544759603,0.045066622796902,1.478,0.0159
7095,165,dhmix_68947190908856741,165,EnthalpyOfMixing,<Substance C1COCCO1{solv}{x=0.250000}|O=C1CCCC1{solv}{x=0.750000}>,C1COCCO1,O=C1CCCC1,fb-fit-v0-single-mean-k20,1,-0.0590370185917805,0.041912647340882,0.04589,0.00057
7096,166,dens_225413782402822877,166,Density,<Substance C1COCCO1{solv}{x=0.777800}|O=C1CCCC1{solv}{x=0.222200}>,C1COCCO1,O=C1CCCC1,fb-fit-v0-single-mean-k20,1,1.0039256113369244,0.0002596710189606,1.0081000000000002,0.000255
7097,167,dhmix_415496698649060745,167,EnthalpyOfMixing,<Substance C1COCCO1{solv}{x=0.500000}|O=C1CCCC1{solv}{x=0.500000}>,C1COCCO1,O=C1CCCC1,fb-fit-v0-single-mean-k20,1,-0.0319672031108382,0.0418601887551989,0.07457,0.00068
7098,168,dens_803440153424346423,168,Density,<Substance C1COCCO1{solv}{x=0.506300}|O=C1CCCC1{solv}{x=0.493700}>,C1COCCO1,O=C1CCCC1,fb-fit-v0-single-mean-k20,1,0.9771683376930244,0.000260324978153,0.9849200000000002,0.00025
7099,169,dens_1553194080174872005,169,Density,<Substance C1COCCO1{solv}{x=0.243600}|O=C1CCCC1{solv}{x=0.756400}>,C1COCCO1,O=C1CCCC1,fb-fit-v0-single-mean-k20,1,0.9527914057115938,0.000228368817751,0.9633500000000004,0.000245
7100,170,dhmix_1852349497898107924,170,EnthalpyOfMixing,<Substance C1COCCO1{solv}{x=0.750000}|O=C1CCCC1{solv}{x=0.250000}>,C1COCCO1,O=C1CCCC1,fb-fit-v0-single-mean-k20,1,0.0146452475803471,0.0396053024396417,0.07097,0.000665
7101,171,dhmix_71170350241685196,171,EnthalpyOfMixing,<Substance COC(C)(C)C{solv}{x=0.749000}|ClC(Cl)Cl{solv}{x=0.251000}>,COC(C)(C)C,ClC(Cl)Cl,fb-fit-v0-single-mean-k20,1,-0.948429589995115,0.0404097227460139,-1.9,0.077
7102,172,dens_554111049740737271,172,Density,<Substance COC(C)(C)C{solv}{x=0.454000}|ClC(Cl)Cl{solv}{x=0.546000}>,COC(C)(C)C,ClC(Cl)Cl,fb-fit-v0-single-mean-k20,1,1.1050021412000437,0.0004008293157445,1.0838000000000003,0.00015
7103,173,dhmix_1691495556773848750,173,EnthalpyOfMixing,<Substance COC(C)(C)C{solv}{x=0.484000}|ClC(Cl)Cl{solv}{x=0.516000}>,COC(C)(C)C,ClC(Cl)Cl,fb-fit-v0-single-mean-k20,1,-1.3358494338560298,0.036298819873691,-2.1,0.0845
7104,174,dens_1874337336846858625,174,Density,<Substance COC(C)(C)C{solv}{x=0.276000}|ClC(Cl)Cl{solv}{x=0.724000}>,COC(C)(C)C,ClC(Cl)Cl,fb-fit-v0-single-mean-k20,1,1.255729708679542,0.0005010676583663,1.2259000000000004,0.0002
7105,175,dens_2136498248834183810,175,Density,<Substance COC(C)(C)C{solv}{x=0.728600}|ClC(Cl)Cl{solv}{x=0.271400}>,COC(C)(C)C,ClC(Cl)Cl,fb-fit-v0-single-mean-k20,1,0.9069949953518526,0.0002281974554332,0.8956000000000003,0.00015
7106,176,dhmix_2232264038422377060,176,EnthalpyOfMixing,<Substance COC(C)(C)C{solv}{x=0.220000}|ClC(Cl)Cl{solv}{x=0.780000}>,COC(C)(C)C,ClC(Cl)Cl,fb-fit-v0-single-mean-k20,1,-0.9306647646202464,0.0319291788041517,-1.5,0.0605
7107,177,dhmix_73322629991074290,177,EnthalpyOfMixing,<Substance CCC(C)=O{solv}{x=0.212400}|CCN(CC)CC{solv}{x=0.787600}>,CCC(C)=O,CCN(CC)CC,fb-fit-v0-single-mean-k20,1,0.2111309976330275,0.0500188965218284,0.57,0.006
7108,178,dens_317201778138256714,178,Density,<Substance CCC(C)=O{solv}{x=0.261000}|CCN(CC)CC{solv}{x=0.739000}>,CCC(C)=O,CCN(CC)CC,fb-fit-v0-single-mean-k20,1,0.7431350029693886,0.0002110617362113,0.7361510000000001,0.000106
7109,179,dens_544322850735592196,179,Density,<Substance CCC(C)=O{solv}{x=0.510600}|CCN(CC)CC{solv}{x=0.489400}>,CCC(C)=O,CCN(CC)CC,fb-fit-v0-single-mean-k20,1,0.7549599786434,0.0002041266144009,0.7527560000000002,0.0001045
7110,180,dhmix_690665189446107141,180,EnthalpyOfMixing,<Substance CCC(C)=O{solv}{x=0.496700}|CCN(CC)CC{solv}{x=0.503300}>,CCC(C)=O,CCN(CC)CC,fb-fit-v0-single-mean-k20,1,0.4624401617970619,0.040164248500031,0.746,0.008
7111,181,dhmix_935249702283890201,181,EnthalpyOfMixing,<Substance CCC(C)=O{solv}{x=0.789300}|CCN(CC)CC{solv}{x=0.210700}>,CCC(C)=O,CCN(CC)CC,fb-fit-v0-single-mean-k20,1,0.2755596265950295,0.0445773979379764,0.455,0.005
7112,182,dens_1635002920322954883,182,Density,<Substance CCC(C)=O{solv}{x=0.760400}|CCN(CC)CC{solv}{x=0.239600}>,CCC(C)=O,CCN(CC)CC,fb-fit-v0-single-mean-k20,1,0.7700079208243268,0.0002119378064829,0.7738830000000002,9.900000000000003e-05
7113,183,dhmix_76833325524040726,183,EnthalpyOfMixing,<Substance C1CCCCC1{solv}{x=0.260600}|c1ccccc1{solv}{x=0.739400}>,C1CCCCC1,c1ccccc1,fb-fit-v0-single-mean-k20,1,0.8226758022997416,0.0350594287374944,0.6282,0.00695
7114,184,dens_330305790736126156,184,Density,<Substance C1CCCCC1{solv}{x=0.499600}|c1ccccc1{solv}{x=0.500400}>,C1CCCCC1,c1ccccc1,fb-fit-v0-single-mean-k20,1,0.8149182211993715,0.0001511617260393,0.8136000000000002,0.0002
7115,185,dhmix_460305358266375837,185,EnthalpyOfMixing,<Substance C1CCCCC1{solv}{x=0.766800}|c1ccccc1{solv}{x=0.233200}>,C1CCCCC1,c1ccccc1,fb-fit-v0-single-mean-k20,1,0.8059982577044877,0.0396902224483462,0.5517,0.00725
7116,186,dens_1579941980285561951,186,Density,<Substance C1CCCCC1{solv}{x=0.249800}|c1ccccc1{solv}{x=0.750200}>,C1CCCCC1,c1ccccc1,fb-fit-v0-single-mean-k20,1,0.8467039098876122,0.0002605165228449,0.8405780000000002,7.05e-05
7117,187,dhmix_1824194485055356086,187,EnthalpyOfMixing,<Substance C1CCCCC1{solv}{x=0.501200}|c1ccccc1{solv}{x=0.498800}>,C1CCCCC1,c1ccccc1,fb-fit-v0-single-mean-k20,1,0.9919474389518824,0.0399701697403217,0.7893,0.00655
7118,188,dens_1871885279620492514,188,Density,<Substance C1CCCCC1{solv}{x=0.732300}|c1ccccc1{solv}{x=0.267700}>,C1CCCCC1,c1ccccc1,fb-fit-v0-single-mean-k20,1,0.7904590520661788,0.0001915562197096,0.7929200000000002,7.450000000000001e-05
7119,189,dens_78518696584109468,189,Density,<Substance CN(CCO)CCO{solv}{x=0.743000}|O{solv}{x=0.257000}>,CN(CCO)CCO,O,fb-fit-v0-single-mean-k20,1,1.0526212562889448,0.0003080892143016,1.0405100000000005,0.000286
7120,190,dens_169053214615075062,190,Density,<Substance CN(CCO)CCO{solv}{x=0.257100}|O{solv}{x=0.742900}>,CN(CCO)CCO,O,fb-fit-v0-single-mean-k20,1,1.0444469251795412,0.0003046962337451,1.0522550000000004,0.000221
7121,191,dhmix_750283179383190388,191,EnthalpyOfMixing,<Substance CN(CCO)CCO{solv}{x=0.741100}|O{solv}{x=0.258900}>,CN(CCO)CCO,O,fb-fit-v0-single-mean-k20,1,-1.1769687956970074,0.0408334391746028,-1.154,0.0125
7122,192,dhmix_1537351248216247854,192,EnthalpyOfMixing,<Substance CN(CCO)CCO{solv}{x=0.259300}|O{solv}{x=0.740700}>,CN(CCO)CCO,O,fb-fit-v0-single-mean-k20,1,-1.5210294187282507,0.0364212497018845,-2.271,0.046
7123,193,dens_1700904374078825036,193,Density,<Substance CN(CCO)CCO{solv}{x=0.484900}|O{solv}{x=0.515100}>,CN(CCO)CCO,O,fb-fit-v0-single-mean-k20,1,1.0528245169168458,0.0003399934611012,1.048636,0.0002475
7124,194,dhmix_1761290393567900831,194,EnthalpyOfMixing,<Substance CN(CCO)CCO{solv}{x=0.494100}|O{solv}{x=0.505900}>,CN(CCO)CCO,O,fb-fit-v0-single-mean-k20,1,-1.779046087820916,0.060638226444583,-2.072,0.042
7125,195,dhmix_81883535492439507,195,EnthalpyOfMixing,<Substance C1COCO1{solv}{x=0.200000}|O=C1CCCC1{solv}{x=0.800000}>,C1COCO1,O=C1CCCC1,fb-fit-v0-single-mean-k20,1,-0.0041699692976209,0.0313606057276891,-0.00853,0.000425
7126,196,dens_192935635984964537,196,Density,<Substance C1COCO1{solv}{x=0.509000}|O=C1CCCC1{solv}{x=0.491000}>,C1COCO1,O=C1CCCC1,fb-fit-v0-single-mean-k20,1,0.9934989256192478,0.0002984371763163,0.9954700000000004,0.000255
7127,197,dhmix_309530351940031317,197,EnthalpyOfMixing,<Substance C1COCO1{solv}{x=0.700000}|O=C1CCCC1{solv}{x=0.300000}>,C1COCO1,O=C1CCCC1,fb-fit-v0-single-mean-k20,1,-0.0392959948484161,0.0319649724258663,-0.02292,0.00048
7128,198,dhmix_1480225642523009634,198,EnthalpyOfMixing,<Substance C1COCO1{solv}{x=0.500000}|O=C1CCCC1{solv}{x=0.500000}>,C1COCO1,O=C1CCCC1,fb-fit-v0-single-mean-k20,1,-0.086472285410359,0.0368247952322569,-0.02181,0.000475
7129,199,dens_1663189314624242951,199,Density,<Substance C1COCO1{solv}{x=0.225100}|O=C1CCCC1{solv}{x=0.774900}>,C1COCO1,O=C1CCCC1,fb-fit-v0-single-mean-k20,1,0.9563489249216808,0.0002557154473632,0.9652800000000002,0.000245
7130,200,dens_1684591254659727640,200,Density,<Substance C1COCO1{solv}{x=0.789100}|O=C1CCCC1{solv}{x=0.210900}>,C1COCO1,O=C1CCCC1,fb-fit-v0-single-mean-k20,1,1.0363234807895454,0.0002727169644661,1.02957,0.00026
7131,201,dens_82854054922011802,201,Density,<Substance c1cc[nH]c1{solv}{x=0.542600}|c1ccncc1{solv}{x=0.457400}>,c1cc[nH]c1,c1ccncc1,fb-fit-v0-single-mean-k20,1,0.9774196242777482,0.0002398916942044,0.9706400000000002,5.5000000000000016e-05
7132,202,dens_332042143272324658,202,Density,<Substance c1cc[nH]c1{solv}{x=0.755400}|c1ccncc1{solv}{x=0.244600}>,c1cc[nH]c1,c1ccncc1,fb-fit-v0-single-mean-k20,1,0.9793693232797795,0.0001877089012917,0.9676900000000004,5.5000000000000016e-05
7133,203,dhmix_582184351339863568,203,EnthalpyOfMixing,<Substance c1cc[nH]c1{solv}{x=0.760200}|c1ccncc1{solv}{x=0.239800}>,c1cc[nH]c1,c1ccncc1,fb-fit-v0-single-mean-k20,1,-0.0375667019303378,0.0349648913141722,-1.6452,0.01075
7134,204,dhmix_809205277185290719,204,EnthalpyOfMixing,<Substance c1cc[nH]c1{solv}{x=0.509500}|c1ccncc1{solv}{x=0.490500}>,c1cc[nH]c1,c1ccncc1,fb-fit-v0-single-mean-k20,1,-0.150461063302693,0.0358062940043729,-2.649,0.01645
7135,205,dens_1187941919350264461,205,Density,<Substance c1cc[nH]c1{solv}{x=0.227300}|c1ccncc1{solv}{x=0.772700}>,c1cc[nH]c1,c1ccncc1,fb-fit-v0-single-mean-k20,1,0.9767769364969354,0.0002356527984148,0.9755600000000002,5.5000000000000016e-05
7136,206,dhmix_2302696180464118683,206,EnthalpyOfMixing,<Substance c1cc[nH]c1{solv}{x=0.239500}|c1ccncc1{solv}{x=0.760500}>,c1cc[nH]c1,c1ccncc1,fb-fit-v0-single-mean-k20,1,-0.1441777516592477,0.0373364301555756,-1.7662,0.01145
7137,207,dhmix_84488753175979819,207,EnthalpyOfMixing,<Substance C1CCOCC1{solv}{x=0.500000}|CCO{solv}{x=0.500000}>,C1CCOCC1,CCO,fb-fit-v0-single-mean-k20,1,0.9304625207742916,0.0389828988286597,0.8491,0.00794
7138,208,dens_904236164857914889,208,Density,<Substance C1CCOCC1{solv}{x=0.701000}|CCO{solv}{x=0.299000}>,C1CCOCC1,CCO,fb-fit-v0-single-mean-k20,1,0.8533537169659731,0.00025152236917,0.8595400000000002,8.500000000000002e-05
7139,209,dhmix_923986751684807715,209,EnthalpyOfMixing,<Substance C1CCOCC1{solv}{x=0.750000}|CCO{solv}{x=0.250000}>,C1CCOCC1,CCO,fb-fit-v0-single-mean-k20,1,0.8403298928109635,0.0399557799357408,0.75364,0.007115
7140,210,dhmix_927648698725704337,210,EnthalpyOfMixing,<Substance C1CCOCC1{solv}{x=0.250000}|CCO{solv}{x=0.750000}>,C1CCOCC1,CCO,fb-fit-v0-single-mean-k20,1,0.629868705358648,0.0357942168347447,0.57017,0.00553
7141,211,dens_1095414448718823860,211,Density,<Substance C1CCOCC1{solv}{x=0.504000}|CCO{solv}{x=0.496000}>,C1CCOCC1,CCO,fb-fit-v0-single-mean-k20,1,0.8388036547690132,0.0002573555633948,0.8440100000000001,0.0001
7142,212,dens_1309012152943788187,212,Density,<Substance C1CCOCC1{solv}{x=0.284000}|CCO{solv}{x=0.716000}>,C1CCOCC1,CCO,fb-fit-v0-single-mean-k20,1,0.8191280882131545,0.0003069303791422,0.8227400000000002,0.00012
7143,213,dens_88489471162801298,213,Density,<Substance CC(C)=O{solv}{x=0.248400}|Nc1ccccc1{solv}{x=0.751600}>,CC(C)=O,Nc1ccccc1,fb-fit-v0-single-mean-k20,1,1.002443200803833,0.0003593025373237,0.9768950000000002,0.0001055
7144,214,dens_892449093930393176,214,Density,<Substance CC(C)=O{solv}{x=0.411400}|Nc1ccccc1{solv}{x=0.588600}>,CC(C)=O,Nc1ccccc1,fb-fit-v0-single-mean-k20,1,0.9642311316373066,0.0002206672510532,0.9457730000000002,0.0001285
7145,215,dens_1087594007698023193,215,Density,<Substance CC(C)=O{solv}{x=0.699300}|Nc1ccccc1{solv}{x=0.300700}>,CC(C)=O,Nc1ccccc1,fb-fit-v0-single-mean-k20,1,0.8842218900547384,0.0002423897156325,0.8786430000000003,0.000178
7146,216,dhmix_1461699545612032563,216,EnthalpyOfMixing,<Substance CC(C)=O{solv}{x=0.214500}|Nc1ccccc1{solv}{x=0.785500}>,CC(C)=O,Nc1ccccc1,fb-fit-v0-single-mean-k20,1,-0.2884222361269195,0.0361043502621147,-0.746,0.008
7147,217,dhmix_1577476208805542019,217,EnthalpyOfMixing,<Substance CC(C)=O{solv}{x=0.699100}|Nc1ccccc1{solv}{x=0.300900}>,CC(C)=O,Nc1ccccc1,fb-fit-v0-single-mean-k20,1,-0.8509493120894405,0.0340209246546275,-1.076,0.0115
7148,218,dhmix_2267661763264899390,218,EnthalpyOfMixing,<Substance CC(C)=O{solv}{x=0.410700}|Nc1ccccc1{solv}{x=0.589300}>,CC(C)=O,Nc1ccccc1,fb-fit-v0-single-mean-k20,1,-0.5535255249636322,0.0357022431846808,-1.165,0.0125
7149,219,dhmix_90851537891129625,219,EnthalpyOfMixing,<Substance C1CCOCC1{solv}{x=0.268300}|Cc1ccccn1{solv}{x=0.731700}>,C1CCOCC1,Cc1ccccn1,fb-fit-v0-single-mean-k20,1,-0.052224436935937,0.0320105693096117,0.1057,0.00105
7150,220,dhmix_975790739707505549,220,EnthalpyOfMixing,<Substance C1CCOCC1{solv}{x=0.482200}|Cc1ccccn1{solv}{x=0.517800}>,C1CCOCC1,Cc1ccccn1,fb-fit-v0-single-mean-k20,1,0.0297184251965854,0.031486535493974,0.1728,0.00135
7151,221,dens_981500521813591443,221,Density,<Substance C1CCOCC1{solv}{x=0.491600}|Cc1ccccn1{solv}{x=0.508400}>,C1CCOCC1,Cc1ccccn1,fb-fit-v0-single-mean-k20,1,0.9081555813037896,0.0001593050411407,0.910915,0.000475
7152,222,dens_1237050172671894703,222,Density,<Substance C1CCOCC1{solv}{x=0.237300}|Cc1ccccn1{solv}{x=0.762700}>,C1CCOCC1,Cc1ccccn1,fb-fit-v0-single-mean-k20,1,0.9250256638948172,0.0001636146583631,0.9261620000000004,0.0004855
7153,223,dhmix_1841520238596708010,223,EnthalpyOfMixing,<Substance C1CCOCC1{solv}{x=0.821600}|Cc1ccccn1{solv}{x=0.178400}>,C1CCOCC1,Cc1ccccn1,fb-fit-v0-single-mean-k20,1,-0.0057000036279077,0.0393478779177079,0.1352,0.0012
7154,224,dens_1852422594896475094,224,Density,<Substance C1CCOCC1{solv}{x=0.821900}|Cc1ccccn1{solv}{x=0.178100}>,C1CCOCC1,Cc1ccccn1,fb-fit-v0-single-mean-k20,1,0.8755629587904198,0.0002553930603616,0.8802920000000002,0.000454
7155,225,dhmix_93676522673462266,225,EnthalpyOfMixing,<Substance CC(=O)N(C)C{solv}{x=0.702000}|ClCCCl{solv}{x=0.298000}>,CC(=O)N(C)C,ClCCCl,fb-fit-v0-single-mean-k20,1,-0.5459803745762302,0.038925800017357,-0.706,0.004
7156,226,dens_466640151895915379,226,Density,<Substance CC(=O)N(C)C{solv}{x=0.499900}|ClCCCl{solv}{x=0.500100}>,CC(=O)N(C)C,ClCCCl,fb-fit-v0-single-mean-k20,1,1.0551219946819592,0.0002954674282445,1.0774000000000004,0.00325
7157,227,dhmix_504891727488256514,227,EnthalpyOfMixing,<Substance CC(=O)N(C)C{solv}{x=0.202000}|ClCCCl{solv}{x=0.798000}>,CC(=O)N(C)C,ClCCCl,fb-fit-v0-single-mean-k20,1,-0.3751720022534854,0.033930000140191,-0.586,0.004
7158,228,dens_1432716574300574119,228,Density,<Substance CC(=O)N(C)C{solv}{x=0.298800}|ClCCCl{solv}{x=0.701200}>,CC(=O)N(C)C,ClCCCl,fb-fit-v0-single-mean-k20,1,1.1238174455510102,0.0003896263235842,1.1413000000000002,0.00345
7159,229,dens_1909242265481868478,229,Density,<Substance CC(=O)N(C)C{solv}{x=0.700800}|ClCCCl{solv}{x=0.299200}>,CC(=O)N(C)C,ClCCCl,fb-fit-v0-single-mean-k20,1,0.9911950639736078,0.0002849297401705,1.0181000000000002,0.00305
7160,230,dhmix_2201663021806040380,230,EnthalpyOfMixing,<Substance CC(=O)N(C)C{solv}{x=0.500000}|ClCCCl{solv}{x=0.500000}>,CC(=O)N(C)C,ClCCCl,fb-fit-v0-single-mean-k20,1,-0.6315986117890455,0.0338661253101743,-0.885,0.004
7161,231,dhmix_101847702994296892,231,EnthalpyOfMixing,<Substance CCCCCCCl{solv}{x=0.790000}|CN1CCCC1=O{solv}{x=0.210000}>,CCCCCCCl,CN1CCCC1=O,fb-fit-v0-single-mean-k20,1,0.7527969420197707,0.0477703184255033,0.232,0.0025
7162,232,dhmix_275814181113182192,232,EnthalpyOfMixing,<Substance CCCCCCCl{solv}{x=0.497000}|CN1CCCC1=O{solv}{x=0.503000}>,CCCCCCCl,CN1CCCC1=O,fb-fit-v0-single-mean-k20,1,1.0322871145381356,0.0424834577909375,0.416,0.0025
7163,233,dens_441375838683668512,233,Density,<Substance CCCCCCCl{solv}{x=0.499300}|CN1CCCC1=O{solv}{x=0.500700}>,CCCCCCCl,CN1CCCC1=O,fb-fit-v0-single-mean-k20,1,0.9322883553104352,0.0002324340738285,0.9389000000000002,0.0002
7164,234,dhmix_840847840731542643,234,EnthalpyOfMixing,<Substance CCCCCCCl{solv}{x=0.203000}|CN1CCCC1=O{solv}{x=0.797000}>,CCCCCCCl,CN1CCCC1=O,fb-fit-v0-single-mean-k20,1,0.8114533419512284,0.0445090849357821,0.319,0.0025
7165,235,dens_1314691253679633833,235,Density,<Substance CCCCCCCl{solv}{x=0.298400}|CN1CCCC1=O{solv}{x=0.701600}>,CCCCCCCl,CN1CCCC1=O,fb-fit-v0-single-mean-k20,1,0.9597985969243704,0.0002258479980249,0.9715000000000004,0.0002
7166,236,dens_1366683244756558841,236,Density,<Substance CCCCCCCl{solv}{x=0.801200}|CN1CCCC1=O{solv}{x=0.198800}>,CCCCCCCl,CN1CCCC1=O,fb-fit-v0-single-mean-k20,1,0.8938176835514495,0.0002388739808171,0.8970000000000002,0.0003
7167,237,dhmix_107460606439569535,237,EnthalpyOfMixing,<Substance C1COCCO1{solv}{x=0.572500}|O=C1CCCCCC1{solv}{x=0.427500}>,C1COCCO1,O=C1CCCCCC1,fb-fit-v0-single-mean-k20,1,0.313589242243296,0.0419327196367078,0.1032,0.00125
7168,238,dens_229535957420918177,238,Density,<Substance C1COCCO1{solv}{x=0.748900}|O=C1CCCCCC1{solv}{x=0.251100}>,C1COCCO1,O=C1CCCCCC1,fb-fit-v0-single-mean-k20,1,0.9952839798753405,0.0001976547188601,0.9994100000000002,0.00051
7169,239,dhmix_1101001475632451077,239,EnthalpyOfMixing,<Substance C1COCCO1{solv}{x=0.225200}|O=C1CCCCCC1{solv}{x=0.774800}>,C1COCCO1,O=C1CCCCCC1,fb-fit-v0-single-mean-k20,1,0.1526762243432529,0.0508564182199383,0.0783,0.001
7170,240,dens_1711999737319704820,240,Density,<Substance C1COCCO1{solv}{x=0.572300}|O=C1CCCCCC1{solv}{x=0.427700}>,C1COCCO1,O=C1CCCCCC1,fb-fit-v0-single-mean-k20,1,0.9683022989141284,0.0002202415597147,0.9737000000000002,0.00051
7171,241,dens_1973863157285112004,241,Density,<Substance C1COCCO1{solv}{x=0.255500}|O=C1CCCCCC1{solv}{x=0.744500}>,C1COCCO1,O=C1CCCCCC1,fb-fit-v0-single-mean-k20,1,0.9522795263205256,0.0002163492551339,0.9616800000000002,0.000515
7172,242,dhmix_2239035738396328121,242,EnthalpyOfMixing,<Substance C1COCCO1{solv}{x=0.771600}|O=C1CCCCCC1{solv}{x=0.228400}>,C1COCCO1,O=C1CCCCCC1,fb-fit-v0-single-mean-k20,1,0.2163554320173659,0.0435252857840098,0.0694,0.0009
7173,243,dhmix_110368175234083214,243,EnthalpyOfMixing,<Substance CC#N{solv}{x=0.201600}|CCOC(C)(C)CC{solv}{x=0.798400}>,CC#N,CCOC(C)(C)CC,fb-fit-v0-single-mean-k20,1,0.2204656421612867,0.0443386231999291,0.6411,0.0087
7174,244,dhmix_565046024644834395,244,EnthalpyOfMixing,<Substance CC#N{solv}{x=0.700400}|CCOC(C)(C)CC{solv}{x=0.299600}>,CC#N,CCOC(C)(C)CC,fb-fit-v0-single-mean-k20,1,0.3563623994412123,0.0297626851369935,0.8397,0.0113
7175,245,dens_865362803305469370,245,Density,<Substance CC#N{solv}{x=0.502400}|CCOC(C)(C)CC{solv}{x=0.497600}>,CC#N,CCOC(C)(C)CC,fb-fit-v0-single-mean-k20,1,0.7660968683492796,0.0002510905424423,0.7675000000000002,0.00035
7176,246,dhmix_1131176031733024874,246,EnthalpyOfMixing,<Substance CC#N{solv}{x=0.502400}|CCOC(C)(C)CC{solv}{x=0.497600}>,CC#N,CCOC(C)(C)CC,fb-fit-v0-single-mean-k20,1,0.2757691483111308,0.0396620078821655,0.9514,0.01285
7177,247,dens_1305751749890499162,247,Density,<Substance CC#N{solv}{x=0.201600}|CCOC(C)(C)CC{solv}{x=0.798400}>,CC#N,CCOC(C)(C)CC,fb-fit-v0-single-mean-k20,1,0.7644638050775129,0.0002308174381279,0.7635000000000002,0.00025
7178,248,dens_1928701304100922381,248,Density,<Substance CC#N{solv}{x=0.700400}|CCOC(C)(C)CC{solv}{x=0.299600}>,CC#N,CCOC(C)(C)CC,fb-fit-v0-single-mean-k20,1,0.766078076595479,0.0002602375427614,0.7707000000000003,0.0005
7179,249,dhmix_112729391186229967,249,EnthalpyOfMixing,<Substance CCC(C)=O{solv}{x=0.509000}|CNc1ccccc1{solv}{x=0.491000}>,CCC(C)=O,CNc1ccccc1,fb-fit-v0-single-mean-k20,1,-0.5826976893283948,0.0359988222208089,-0.816,0.009
7180,250,dens_414028029115294252,250,Density,<Substance CCC(C)=O{solv}{x=0.746300}|CNc1ccccc1{solv}{x=0.253700}>,CCC(C)=O,CNc1ccccc1,fb-fit-v0-single-mean-k20,1,0.8510740085624541,0.0002307606383187,0.8582020000000002,0.000102
7181,251,dens_559789475978651659,251,Density,<Substance CCC(C)=O{solv}{x=0.495000}|CNc1ccccc1{solv}{x=0.505000}>,CCC(C)=O,CNc1ccccc1,fb-fit-v0-single-mean-k20,1,0.9055165478806948,0.0002221293394311,0.9066940000000002,0.000164
7182,252,dhmix_1637459312398636454,252,EnthalpyOfMixing,<Substance CCC(C)=O{solv}{x=0.228300}|CNc1ccccc1{solv}{x=0.771700}>,CCC(C)=O,CNc1ccccc1,fb-fit-v0-single-mean-k20,1,-0.2286049534338552,0.0540339443600392,-0.54,0.006
7183,253,dhmix_1933605864237207151,253,EnthalpyOfMixing,<Substance CCC(C)=O{solv}{x=0.705500}|CNc1ccccc1{solv}{x=0.294500}>,CCC(C)=O,CNc1ccccc1,fb-fit-v0-single-mean-k20,1,-0.4416647031589223,0.0400757724426097,-0.672,0.0075
7184,254,dens_2039660657679820411,254,Density,<Substance CCC(C)=O{solv}{x=0.258900}|CNc1ccccc1{solv}{x=0.741100}>,CCC(C)=O,CNc1ccccc1,fb-fit-v0-single-mean-k20,1,0.9503993895937788,0.0001820751689049,0.9456330000000004,0.000259
7185,255,dhmix_112832411362526364,255,EnthalpyOfMixing,<Substance C=CCCCC{solv}{x=0.250000}|CCCCO{solv}{x=0.750000}>,C=CCCCC,CCCCO,fb-fit-v0-single-mean-k20,1,0.2756212490870879,0.0465112379398352,0.2829,0.00333
7186,256,dhmix_385937725855980509,256,EnthalpyOfMixing,<Substance C=CCCCC{solv}{x=0.749900}|CCCCO{solv}{x=0.250100}>,C=CCCCC,CCCCO,fb-fit-v0-single-mean-k20,1,0.7350686857972164,0.0387444820967979,0.63978,0.00696
7187,257,dens_417191245012747241,257,Density,<Substance C=CCCCC{solv}{x=0.501800}|CCCCO{solv}{x=0.498200}>,C=CCCCC,CCCCO,fb-fit-v0-single-mean-k20,1,0.7273614734610769,0.0002293763680347,0.7340000000000002,0.00035
7188,258,dens_1053849773924337242,258,Density,<Substance C=CCCCC{solv}{x=0.100100}|CCCCO{solv}{x=0.899900}>,C=CCCCC,CCCCO,fb-fit-v0-single-mean-k20,1,0.7924482735733537,0.0002302198796065,0.7924000000000002,0.00035
7189,259,dhmix_1436053809694490847,259,EnthalpyOfMixing,<Substance C=CCCCC{solv}{x=0.500300}|CCCCO{solv}{x=0.499700}>,C=CCCCC,CCCCO,fb-fit-v0-single-mean-k20,1,0.561119211031496,0.0436322930077257,0.56098,0.00616
7190,260,dens_1967827958045932694,260,Density,<Substance C=CCCCC{solv}{x=0.900000}|CCCCO{solv}{x=0.100000}>,C=CCCCC,CCCCO,fb-fit-v0-single-mean-k20,1,0.6772710741835325,0.0002354942445695,0.6818000000000001,0.00035
7191,261,dhmix_113202719214912577,261,EnthalpyOfMixing,<Substance CCN(CC)CCO{solv}{x=0.700300}|O{solv}{x=0.299700}>,CCN(CC)CCO,O,fb-fit-v0-single-mean-k20,1,-2.070963187602885,0.0415306155567333,-1.75,0.019
7192,262,dhmix_450200897960931857,262,EnthalpyOfMixing,<Substance CCN(CC)CCO{solv}{x=0.500200}|O{solv}{x=0.499800}>,CCN(CC)CCO,O,fb-fit-v0-single-mean-k20,1,-2.2749661624998225,0.0782974150600197,-2.504,0.027
7193,263,dens_727880187774296815,263,Density,<Substance CCN(CC)CCO{solv}{x=0.799700}|O{solv}{x=0.200300}>,CCN(CC)CCO,O,fb-fit-v0-single-mean-k20,1,0.891084029802695,0.0002382531123482,0.8996000000000003,0.005
7194,264,dens_943193748522476096,264,Density,<Substance CCN(CC)CCO{solv}{x=0.499700}|O{solv}{x=0.500300}>,CCN(CC)CCO,O,fb-fit-v0-single-mean-k20,1,0.9057740818303656,0.0003051266201158,0.9222000000000002,0.005
7195,265,dhmix_1628408668678458098,265,EnthalpyOfMixing,<Substance CCN(CC)CCO{solv}{x=0.200800}|O{solv}{x=0.799200}>,CCN(CC)CCO,O,fb-fit-v0-single-mean-k20,1,-1.2518205885806857,0.0264067742863876,-2.185,0.0235
7196,266,dens_1679974305630699360,266,Density,<Substance CCN(CC)CCO{solv}{x=0.193290}|O{solv}{x=0.806710}>,CCN(CC)CCO,O,fb-fit-v0-single-mean-k20,1,0.9293071132049706,0.0003775245555468,0.9615690000000002,0.000144
7197,267,dens_114257363738318755,267,Density,<Substance C1CCCCC1{solv}{x=0.754300}|CCCCCC{solv}{x=0.245700}>,C1CCCCC1,CCCCCC,fb-fit-v0-single-mean-k20,1,0.733496724548233,0.0001555760067338,0.7392000000000002,0.00065
7198,268,dens_528453314861364780,268,Density,<Substance C1CCCCC1{solv}{x=0.234300}|CCCCCC{solv}{x=0.765700}>,C1CCCCC1,CCCCCC,fb-fit-v0-single-mean-k20,1,0.6740114102123921,0.0002198126623678,0.6838300000000002,0.001655
7199,269,dens_547437695672624422,269,Density,<Substance C1CCCCC1{solv}{x=0.479300}|CCCCCC{solv}{x=0.520700}>,C1CCCCC1,CCCCCC,fb-fit-v0-single-mean-k20,1,0.7004943587837293,0.0002182146826293,0.7105500000000001,0.001555
7200,270,dhmix_728030976573858762,270,EnthalpyOfMixing,<Substance C1CCCCC1{solv}{x=0.483200}|CCCCCC{solv}{x=0.516800}>,C1CCCCC1,CCCCCC,fb-fit-v0-single-mean-k20,1,0.2705866840590545,0.0446566161872678,0.2144,0.00155
7201,271,dhmix_1406519609852245638,271,EnthalpyOfMixing,<Substance C1CCCCC1{solv}{x=0.219000}|CCCCCC{solv}{x=0.781000}>,C1CCCCC1,CCCCCC,fb-fit-v0-single-mean-k20,1,0.2128089115725941,0.0371786726185653,0.1264,0.00105
7202,272,dhmix_1819992223413741006,272,EnthalpyOfMixing,<Substance C1CCCCC1{solv}{x=0.725500}|CCCCCC{solv}{x=0.274500}>,C1CCCCC1,CCCCCC,fb-fit-v0-single-mean-k20,1,0.2340927475339356,0.0374209290676808,0.199,0.00145
7203,273,dhmix_114464856611254095,273,EnthalpyOfMixing,<Substance COc1ccccc1{solv}{x=0.739800}|OCc1ccccc1{solv}{x=0.260200}>,COc1ccccc1,OCc1ccccc1,fb-fit-v0-single-mean-k20,1,0.8798289380832216,0.047313963215244,1.0539,0.0113
7204,274,dens_844721400884986444,274,Density,<Substance COc1ccccc1{solv}{x=0.288300}|OCc1ccccc1{solv}{x=0.711700}>,COc1ccccc1,OCc1ccccc1,fb-fit-v0-single-mean-k20,1,1.0189235210342158,0.0001967707295624,1.0180000000000002,0.000135
7205,275,dens_1208569209782779179,275,Density,<Substance COc1ccccc1{solv}{x=0.491100}|OCc1ccccc1{solv}{x=0.508900}>,COc1ccccc1,OCc1ccccc1,fb-fit-v0-single-mean-k20,1,1.004523301992101,0.0002444897647672,1.0069400000000004,0.000165
7206,276,dhmix_1342325728364187329,276,EnthalpyOfMixing,<Substance COc1ccccc1{solv}{x=0.240100}|OCc1ccccc1{solv}{x=0.759900}>,COc1ccccc1,OCc1ccccc1,fb-fit-v0-single-mean-k20,1,0.5880471623665784,0.0551329603919098,0.6199,0.0067
7207,277,dhmix_1596550872819493971,277,EnthalpyOfMixing,<Substance COc1ccccc1{solv}{x=0.486600}|OCc1ccccc1{solv}{x=0.513400}>,COc1ccccc1,OCc1ccccc1,fb-fit-v0-single-mean-k20,1,0.8769973753059048,0.0391251729288092,0.9688,0.0104
7208,278,dens_1833270112854727934,278,Density,<Substance COc1ccccc1{solv}{x=0.774500}|OCc1ccccc1{solv}{x=0.225500}>,COc1ccccc1,OCc1ccccc1,fb-fit-v0-single-mean-k20,1,0.986291100620672,0.0002021954788659,0.9915900000000004,0.000215
7209,279,dens_114725786693793907,279,Density,<Substance CC(=O)O{solv}{x=0.703100}|CCO{solv}{x=0.296900}>,CC(=O)O,CCO,fb-fit-v0-single-mean-k20,1,0.9891202211557788,0.0003297159060832,0.97355,0.00021
7210,280,dens_883421079927261907,280,Density,<Substance CC(=O)O{solv}{x=0.496100}|CCO{solv}{x=0.503900}>,CC(=O)O,CCO,fb-fit-v0-single-mean-k20,1,0.9294994193483732,0.0002343141147994,0.9199600000000002,0.0002
7211,281,dens_1042567278853913615,281,Density,<Substance CC(=O)O{solv}{x=0.297100}|CCO{solv}{x=0.702900}>,CC(=O)O,CCO,fb-fit-v0-single-mean-k20,1,0.872070116304764,0.0003520479751774,0.8668600000000002,0.000195
7212,282,dhmix_129373600931207498,282,EnthalpyOfMixing,<Substance NCCNCCN{solv}{x=0.702000}|O{solv}{x=0.298000}>,NCCNCCN,O,fb-fit-v0-single-mean-k20,1,-2.6831139954985304,0.0452682442435315,-3.393,0.036
7213,283,dhmix_313570094367316478,283,EnthalpyOfMixing,<Substance NCCNCCN{solv}{x=0.241600}|O{solv}{x=0.758400}>,NCCNCCN,O,fb-fit-v0-single-mean-k20,1,-4.94020359615735,0.03482589192434,-6.523,0.0695
7214,284,dens_548243159356184104,284,Density,<Substance NCCNCCN{solv}{x=0.244900}|O{solv}{x=0.755100}>,NCCNCCN,O,fb-fit-v0-single-mean-k20,1,1.0544458092880915,0.0004198259810861,1.0275000000000003,0.0005
7215,285,dens_913992897582667960,285,Density,<Substance NCCNCCN{solv}{x=0.497400}|O{solv}{x=0.502600}>,NCCNCCN,O,fb-fit-v0-single-mean-k20,1,1.0571917735669707,0.000304633605244,0.9928000000000002,0.0005
7216,286,dhmix_1565087976771168604,286,EnthalpyOfMixing,<Substance NCCNCCN{solv}{x=0.501000}|O{solv}{x=0.499000}>,NCCNCCN,O,fb-fit-v0-single-mean-k20,1,-4.438550477559588,0.061243426376147,-5.417,0.0575
7217,287,dens_1812124220217686569,287,Density,<Substance NCCNCCN{solv}{x=0.698800}|O{solv}{x=0.301200}>,NCCNCCN,O,fb-fit-v0-single-mean-k20,1,1.0507562431940731,0.0003946128235723,0.9718000000000002,0.0005
7218,288,dhmix_135176730945124637,288,EnthalpyOfMixing,<Substance CCCCNCCCC{solv}{x=0.751800}|CN(C)C=O{solv}{x=0.248200}>,CCCCNCCCC,CN(C)C=O,fb-fit-v0-single-mean-k20,1,0.3427848063431185,0.043750379507708,0.782,0.025
7219,289,dens_586298674852090193,289,Density,<Substance CCCCNCCCC{solv}{x=0.726600}|CN(C)C=O{solv}{x=0.273400}>,CCCCNCCCC,CN(C)C=O,fb-fit-v0-single-mean-k20,1,0.7864900668112689,0.0001829365106576,0.7828350000000002,0.0009465
7220,290,dens_711718403070096827,290,Density,<Substance CCCCNCCCC{solv}{x=0.263900}|CN(C)C=O{solv}{x=0.736100}>,CCCCNCCCC,CN(C)C=O,fb-fit-v0-single-mean-k20,1,0.8526783535551533,0.0002154131788192,0.8609240000000001,0.001053
7221,291,dhmix_1537913365058000269,291,EnthalpyOfMixing,<Substance CCCCNCCCC{solv}{x=0.249400}|CN(C)C=O{solv}{x=0.750600}>,CCCCNCCCC,CN(C)C=O,fb-fit-v0-single-mean-k20,1,0.302807756168022,0.0405479341111763,0.921,0.029
7222,292,dhmix_1965420976556284821,292,EnthalpyOfMixing,<Substance CCCCNCCCC{solv}{x=0.501800}|CN(C)C=O{solv}{x=0.498200}>,CCCCNCCCC,CN(C)C=O,fb-fit-v0-single-mean-k20,1,0.4696114152833814,0.0455626725111395,1.113,0.0335
7223,293,dens_2298192241038151497,293,Density,<Substance CCCCNCCCC{solv}{x=0.492800}|CN(C)C=O{solv}{x=0.507200}>,CCCCNCCCC,CN(C)C=O,fb-fit-v0-single-mean-k20,1,0.8146696071444631,0.0002038810668921,0.8153440000000003,0.0009895
7224,294,dens_145031449158698048,294,Density,<Substance CN(C)C=O{solv}{x=0.498800}|ClCCCl{solv}{x=0.501200}>,CN(C)C=O,ClCCCl,fb-fit-v0-single-mean-k20,1,1.0805077050157543,0.0003280130819051,1.0957000000000003,0.00305
7225,295,dens_511894799968528211,295,Density,<Substance CN(C)C=O{solv}{x=0.197800}|ClCCCl{solv}{x=0.802200}>,CN(C)C=O,ClCCCl,fb-fit-v0-single-mean-k20,1,1.1703348566672975,0.0004353187268482,1.1862000000000004,0.003
7226,296,dhmix_693792312882226719,296,EnthalpyOfMixing,<Substance CN(C)C=O{solv}{x=0.498000}|ClCCCl{solv}{x=0.502000}>,CN(C)C=O,ClCCCl,fb-fit-v0-single-mean-k20,1,-0.0808594487878515,0.0357738615287618,-0.663,0.0035
7227,297,dhmix_1364024895663592301,297,EnthalpyOfMixing,<Substance CN(C)C=O{solv}{x=0.299000}|ClCCCl{solv}{x=0.701000}>,CN(C)C=O,ClCCCl,fb-fit-v0-single-mean-k20,1,-0.0733435492146554,0.0362602989581714,-0.575,0.0035
7228,298,dens_1874616475661316520,298,Density,<Substance CN(C)C=O{solv}{x=0.705400}|ClCCCl{solv}{x=0.294600}>,CN(C)C=O,ClCCCl,fb-fit-v0-single-mean-k20,1,1.0155693338630418,0.0002998484946887,1.0336,0.003
7229,299,dhmix_1965344541223753593,299,EnthalpyOfMixing,<Substance CN(C)C=O{solv}{x=0.702000}|ClCCCl{solv}{x=0.298000}>,CN(C)C=O,ClCCCl,fb-fit-v0-single-mean-k20,1,-0.0976867706065292,0.0323229485383904,-0.531,0.003
7230,300,dens_145117083439077204,300,Density,<Substance CN1CCCC1=O{solv}{x=0.700300}|ClCCCCCl{solv}{x=0.299700}>,CN1CCCC1=O,ClCCCCCl,fb-fit-v0-single-mean-k20,1,1.0494521296274422,0.0002400294107803,1.0627000000000002,0.0005
7231,301,dens_872271192908107773,301,Density,<Substance CN1CCCC1=O{solv}{x=0.203400}|ClCCCCCl{solv}{x=0.796600}>,CN1CCCC1=O,ClCCCCCl,fb-fit-v0-single-mean-k20,1,1.1077804510058629,0.0002789614942356,1.1142000000000003,0.00125
7232,302,dhmix_958757583081250655,302,EnthalpyOfMixing,<Substance CN1CCCC1=O{solv}{x=0.703000}|ClCCCCCl{solv}{x=0.297000}>,CN1CCCC1=O,ClCCCCCl,fb-fit-v0-single-mean-k20,1,0.0865785402356529,0.0387194958455514,-0.583,0.0035
7233,303,dens_1187888029800539390,303,Density,<Substance CN1CCCC1=O{solv}{x=0.502500}|ClCCCCCl{solv}{x=0.497500}>,CN1CCCC1=O,ClCCCCCl,fb-fit-v0-single-mean-k20,1,1.0745056366753774,0.0001963490279829,1.0840000000000003,0.00075
7234,304,dhmix_1448185356234442909,304,EnthalpyOfMixing,<Substance CN1CCCC1=O{solv}{x=0.210000}|ClCCCCCl{solv}{x=0.790000}>,CN1CCCC1=O,ClCCCCCl,fb-fit-v0-single-mean-k20,1,0.0084509833797241,0.0391993996332567,-0.406,0.003
7235,305,dhmix_1623586299486793214,305,EnthalpyOfMixing,<Substance CN1CCCC1=O{solv}{x=0.505000}|ClCCCCCl{solv}{x=0.495000}>,CN1CCCC1=O,ClCCCCCl,fb-fit-v0-single-mean-k20,1,0.0353525996976706,0.0403500767591625,-0.678,0.0035
7236,306,dens_151421667269785380,306,Density,<Substance OCCOCCO{solv}{x=0.228500}|OCc1ccccc1{solv}{x=0.771500}>,OCCOCCO,OCc1ccccc1,fb-fit-v0-single-mean-k20,1,1.05447499918954,0.0003259438583552,1.0497600000000002,0.000265
7237,307,dens_207017358130726789,307,Density,<Substance OCCOCCO{solv}{x=0.531200}|OCc1ccccc1{solv}{x=0.468800}>,OCCOCCO,OCc1ccccc1,fb-fit-v0-single-mean-k20,1,1.0781469899089826,0.0002422387005597,1.07136,0.00027
7238,308,dhmix_638869206909151198,308,EnthalpyOfMixing,<Substance OCCOCCO{solv}{x=0.765800}|OCc1ccccc1{solv}{x=0.234200}>,OCCOCCO,OCc1ccccc1,fb-fit-v0-single-mean-k20,1,-0.2721655161168712,0.0522326700858663,-0.3712,0.0073
7239,309,dhmix_884415658126351430,309,EnthalpyOfMixing,<Substance OCCOCCO{solv}{x=0.266500}|OCc1ccccc1{solv}{x=0.733500}>,OCCOCCO,OCc1ccccc1,fb-fit-v0-single-mean-k20,1,-0.3627277773400692,0.045283275855572,-0.4216,0.0081
7240,310,dhmix_925385148369690502,310,EnthalpyOfMixing,<Substance OCCOCCO{solv}{x=0.521600}|OCc1ccccc1{solv}{x=0.478400}>,OCCOCCO,OCc1ccccc1,fb-fit-v0-single-mean-k20,1,-0.364058432809017,0.0528848140724787,-0.4574,0.00865
7241,311,dens_1617133138157859384,311,Density,<Substance OCCOCCO{solv}{x=0.727700}|OCc1ccccc1{solv}{x=0.272300}>,OCCOCCO,OCc1ccccc1,fb-fit-v0-single-mean-k20,1,1.0946236162599572,0.0003378026067125,1.0857000000000003,0.000275
7242,312,dens_155791527624482863,312,Density,<Substance CC(C)CO{solv}{x=0.279300}|CCCCBr{solv}{x=0.720700}>,CC(C)CO,CCCCBr,fb-fit-v0-single-mean-k20,1,1.1215469879108566,0.0003765373251167,1.1339800000000002,0.000305
7243,313,dhmix_549211977118470640,313,EnthalpyOfMixing,<Substance CC(C)CO{solv}{x=0.293800}|CCCCBr{solv}{x=0.706200}>,CC(C)CO,CCCCBr,fb-fit-v0-single-mean-k20,1,1.0818574621307278,0.0394423020107141,1.248,0.0135
7244,314,dens_692500675577783691,314,Density,<Substance CC(C)CO{solv}{x=0.793700}|CCCCBr{solv}{x=0.206300}>,CC(C)CO,CCCCBr,fb-fit-v0-single-mean-k20,1,0.9022599764979626,0.0003016762739611,0.8962800000000002,0.00021
7245,315,dens_841415441417626311,315,Density,<Substance CC(C)CO{solv}{x=0.498900}|CCCCBr{solv}{x=0.501100}>,CC(C)CO,CCCCBr,fb-fit-v0-single-mean-k20,1,1.032592594618538,0.0003740283466089,1.0366800000000005,0.000225
7246,316,dhmix_1400807466047438160,316,EnthalpyOfMixing,<Substance CC(C)CO{solv}{x=0.499000}|CCCCBr{solv}{x=0.501000}>,CC(C)CO,CCCCBr,fb-fit-v0-single-mean-k20,1,1.1109019459493652,0.0327609708111724,1.207,0.013
7247,317,dhmix_1959880980464917582,317,EnthalpyOfMixing,<Substance CC(C)CO{solv}{x=0.702100}|CCCCBr{solv}{x=0.297900}>,CC(C)CO,CCCCBr,fb-fit-v0-single-mean-k20,1,0.926746326415838,0.0402501012577935,0.891,0.0095
7248,318,dhmix_155924436295918663,318,EnthalpyOfMixing,<Substance OCCCO{solv}{x=0.501300}|O{solv}{x=0.498700}>,O,OCCCO,fb-fit-v0-single-mean-k20,1,0.2499333542689399,0.03576216150749,-0.992,0.0125
7249,319,dens_867859901093068556,319,Density,<Substance OCCCO{solv}{x=0.743700}|O{solv}{x=0.256300}>,O,OCCCO,fb-fit-v0-single-mean-k20,1,1.0592521084340616,0.0004231864343962,1.0503800000000003,0.00023
7250,320,dhmix_2191722776959064631,320,EnthalpyOfMixing,<Substance OCCCO{solv}{x=0.743000}|O{solv}{x=0.257000}>,O,OCCCO,fb-fit-v0-single-mean-k20,1,-0.0040983258445059,0.0407670348725948,-0.633,0.008
7251,321,dhmix_2210594516320705991,321,EnthalpyOfMixing,<Substance OCCCO{solv}{x=0.208700}|O{solv}{x=0.791300}>,O,OCCCO,fb-fit-v0-single-mean-k20,1,0.2566052746381864,0.0272767305448804,-0.924,0.012
7252,322,dens_2211391404402371237,322,Density,<Substance OCCCO{solv}{x=0.244700}|O{solv}{x=0.755300}>,O,OCCCO,fb-fit-v0-single-mean-k20,1,1.0295954712121482,0.0004079538351269,1.0381600000000004,0.00019
7253,323,dens_2211609476735134421,323,Density,<Substance OCCCO{solv}{x=0.500000}|O{solv}{x=0.500000}>,O,OCCCO,fb-fit-v0-single-mean-k20,1,1.0488292128822638,0.000362288662669,1.0492100000000002,0.000215
7254,324,dhmix_156929898609376763,324,EnthalpyOfMixing,<Substance CN(C)CCCO{solv}{x=0.800100}|O{solv}{x=0.199900}>,CN(C)CCCO,O,fb-fit-v0-single-mean-k20,1,-1.331151408017334,0.056663445917004,-1.26,0.0135
7255,325,dhmix_786210276753247951,325,EnthalpyOfMixing,<Substance CN(C)CCCO{solv}{x=0.199800}|O{solv}{x=0.800200}>,CN(C)CCCO,O,fb-fit-v0-single-mean-k20,1,-1.2726480360606889,0.0314155857185724,-2.514,0.027
7256,326,dens_971674883336993154,326,Density,<Substance CN(C)CCCO{solv}{x=0.289504}|O{solv}{x=0.710496}>,CN(C)CCCO,O,fb-fit-v0-single-mean-k20,1,0.9426750205075968,0.0002799961913407,0.9443,0.00285
7257,327,dhmix_1330584538745399524,327,EnthalpyOfMixing,<Substance CN(C)CCCO{solv}{x=0.501900}|O{solv}{x=0.498100}>,CN(C)CCCO,O,fb-fit-v0-single-mean-k20,1,-1.929892904444909,0.0452424877881826,-2.706,0.029
7258,328,dens_1781759734173902013,328,Density,<Substance CN(C)CCCO{solv}{x=0.501300}|O{solv}{x=0.498700}>,CN(C)CCCO,O,fb-fit-v0-single-mean-k20,1,0.9322482352019902,0.0003684375129273,0.9170700000000004,8.000000000000002e-05
7259,329,dens_2299157616447228221,329,Density,<Substance CN(C)CCCO{solv}{x=0.800600}|O{solv}{x=0.199400}>,CN(C)CCCO,O,fb-fit-v0-single-mean-k20,1,0.9188644518538268,0.0003848066755573,0.8915100000000002,9.500000000000002e-05
7260,330,dhmix_157983773008192768,330,EnthalpyOfMixing,<Substance BrCCCBr{solv}{x=0.743200}|CCCCOC(=O)CCC{solv}{x=0.256800}>,BrCCCBr,CCCCOC(=O)CCC,fb-fit-v0-single-mean-k20,1,-0.4322186566271924,0.0389254826714183,0.032,0.0005
7261,331,dens_720277045338028885,331,Density,<Substance BrCCCBr{solv}{x=0.748700}|CCCCOC(=O)CCC{solv}{x=0.251300}>,BrCCCBr,CCCCOC(=O)CCC,fb-fit-v0-single-mean-k20,1,1.5686181050597363,0.0004660845004675,1.5786600000000004,0.00038
7262,332,dens_933248802608751708,332,Density,<Substance BrCCCBr{solv}{x=0.529700}|CCCCOC(=O)CCC{solv}{x=0.470300}>,BrCCCBr,CCCCOC(=O)CCC,fb-fit-v0-single-mean-k20,1,1.3112022984476015,0.000323591894797,1.3159400000000003,0.000255
7263,333,dens_1048925802213854204,333,Density,<Substance BrCCCBr{solv}{x=0.259100}|CCCCOC(=O)CCC{solv}{x=0.740900}>,BrCCCBr,CCCCOC(=O)CCC,fb-fit-v0-single-mean-k20,1,1.0577983335039514,0.0002036558581761,1.0598600000000002,0.000145
7264,334,dhmix_1090642624443832057,334,EnthalpyOfMixing,<Substance BrCCCBr{solv}{x=0.241200}|CCCCOC(=O)CCC{solv}{x=0.758800}>,BrCCCBr,CCCCOC(=O)CCC,fb-fit-v0-single-mean-k20,1,-0.4186032370118155,0.0528383748627121,-0.094,0.001
7265,335,dhmix_1649688325270115073,335,EnthalpyOfMixing,<Substance BrCCCBr{solv}{x=0.466700}|CCCCOC(=O)CCC{solv}{x=0.533300}>,BrCCCBr,CCCCOC(=O)CCC,fb-fit-v0-single-mean-k20,1,-0.617846892031146,0.0453042500086631,-0.091,0.001
7266,336,dhmix_158101159957898775,336,EnthalpyOfMixing,<Substance CCCCCl{solv}{x=0.490000}|CN1CCCC1=O{solv}{x=0.510000}>,CCCCCl,CN1CCCC1=O,fb-fit-v0-single-mean-k20,1,0.9028159441075588,0.030825874431607,0.152,0.002
7267,337,dhmix_586880142396707079,337,EnthalpyOfMixing,<Substance CCCCCl{solv}{x=0.294000}|CN1CCCC1=O{solv}{x=0.706000}>,CCCCCl,CN1CCCC1=O,fb-fit-v0-single-mean-k20,1,0.7303328721742233,0.0435857596453459,0.145,0.002
7268,338,dens_897975104490051322,338,Density,<Substance CCCCCl{solv}{x=0.296100}|CN1CCCC1=O{solv}{x=0.703900}>,CCCCCl,CN1CCCC1=O,fb-fit-v0-single-mean-k20,1,0.9715037095549014,0.0002513969883065,0.9862000000000004,0.0001
7269,339,dens_1393365907116297965,339,Density,<Substance CCCCCl{solv}{x=0.702600}|CN1CCCC1=O{solv}{x=0.297400}>,CCCCCl,CN1CCCC1=O,fb-fit-v0-single-mean-k20,1,0.9140544704124632,0.0002814137565472,0.9268000000000002,0.0001
7270,340,dhmix_1769887717174104485,340,EnthalpyOfMixing,<Substance CCCCCl{solv}{x=0.787000}|CN1CCCC1=O{solv}{x=0.213000}>,CCCCCl,CN1CCCC1=O,fb-fit-v0-single-mean-k20,1,0.6348267505393039,0.0380758665028594,0.081,0.002
7271,341,dens_2070183543451797213,341,Density,<Substance CCCCCl{solv}{x=0.494800}|CN1CCCC1=O{solv}{x=0.505200}>,CCCCCl,CN1CCCC1=O,fb-fit-v0-single-mean-k20,1,0.9449597380227324,0.0001861278549829,0.9575000000000002,0.0001
7272,342,dens_164369774990422412,342,Density,<Substance CC(C)O{solv}{x=0.764900}|CCOC=O{solv}{x=0.235100}>,CC(C)O,CCOC=O,fb-fit-v0-single-mean-k20,1,0.8286255742138503,0.0002991840961966,0.8088000000000002,0.00035
7273,343,dens_200561035496770448,343,Density,<Substance CC(C)O{solv}{x=0.265100}|CCOC=O{solv}{x=0.734900}>,CC(C)O,CCOC=O,fb-fit-v0-single-mean-k20,1,0.8976132036367518,0.0002951347166727,0.8710000000000002,0.0003
7274,344,dens_1124622586228643363,344,Density,<Substance CC(C)O{solv}{x=0.441300}|CCOC=O{solv}{x=0.558700}>,CC(C)O,CCOC=O,fb-fit-v0-single-mean-k20,1,0.872755360188343,0.0003027077165718,0.8482000000000003,0.00035
7275,345,dens_166030075147825025,345,Density,<Substance Clc1ccccc1{solv}{x=0.467900}|c1ccccc1{solv}{x=0.532100}>,Clc1ccccc1,c1ccccc1,fb-fit-v0-single-mean-k20,1,1.0021292142554563,0.0002809477129541,0.9877000000000002,0.00025
7276,346,dens_796537469137871297,346,Density,<Substance Clc1ccccc1{solv}{x=0.735800}|c1ccccc1{solv}{x=0.264200}>,Clc1ccccc1,c1ccccc1,fb-fit-v0-single-mean-k20,1,1.063165208417437,0.0002857248063512,1.0465000000000002,0.0002
7277,347,dhmix_1485547099225054006,347,EnthalpyOfMixing,<Substance Clc1ccccc1{solv}{x=0.777700}|c1ccccc1{solv}{x=0.222300}>,Clc1ccccc1,c1ccccc1,fb-fit-v0-single-mean-k20,1,0.0186704038808684,0.036200676711731,-0.0036,0.0004
7278,348,dhmix_1808283008183194060,348,EnthalpyOfMixing,<Substance Clc1ccccc1{solv}{x=0.225800}|c1ccccc1{solv}{x=0.774200}>,Clc1ccccc1,c1ccccc1,fb-fit-v0-single-mean-k20,1,0.0562985526301673,0.0390680203111123,-0.0046,0.0004
7279,349,dhmix_2008892820486470381,349,EnthalpyOfMixing,<Substance Clc1ccccc1{solv}{x=0.466600}|c1ccccc1{solv}{x=0.533400}>,Clc1ccccc1,c1ccccc1,fb-fit-v0-single-mean-k20,1,-0.0553508099010642,0.036926262884308,-0.0057,0.0004
7280,350,dens_2142546524113318099,350,Density,<Substance Clc1ccccc1{solv}{x=0.293100}|c1ccccc1{solv}{x=0.706900}>,Clc1ccccc1,c1ccccc1,fb-fit-v0-single-mean-k20,1,0.96003300405152,0.0002405124934669,0.9468000000000002,0.00025
7281,351,dhmix_166527628917371560,351,EnthalpyOfMixing,<Substance CCCCCC(C)=O{solv}{x=0.500700}|CCCNCCC{solv}{x=0.499300}>,CCCCCC(C)=O,CCCNCCC,fb-fit-v0-single-mean-k20,1,-0.1608132008994545,0.0508010164388598,0.162,0.002
7282,352,dhmix_181797488552739205,352,EnthalpyOfMixing,<Substance CCCCCC(C)=O{solv}{x=0.213200}|CCCNCCC{solv}{x=0.786800}>,CCCCCC(C)=O,CCCNCCC,fb-fit-v0-single-mean-k20,1,-0.1015295893943175,0.0497917551615502,0.137,0.0015
7283,353,dens_286521458049436805,353,Density,<Substance CCCCCC(C)=O{solv}{x=0.542700}|CCCNCCC{solv}{x=0.457300}>,CCCCCC(C)=O,CCCNCCC,fb-fit-v0-single-mean-k20,1,0.7784342868800315,0.0001890099627873,0.7766620000000002,0.0001215
7284,354,dens_740930494074770103,354,Density,<Substance CCCCCC(C)=O{solv}{x=0.252600}|CCCNCCC{solv}{x=0.747400}>,CCCCCC(C)=O,CCCNCCC,fb-fit-v0-single-mean-k20,1,0.7569983361432671,0.0001939166989499,0.7540050000000001,0.0001215
7285,355,dhmix_1180133264815330249,355,EnthalpyOfMixing,<Substance CCCCCC(C)=O{solv}{x=0.788000}|CCCNCCC{solv}{x=0.212000}>,CCCCCC(C)=O,CCCNCCC,fb-fit-v0-single-mean-k20,1,-0.1547714566670563,0.0494665135081973,0.088,0.001
7286,356,dens_1237727796782189302,356,Density,<Substance CCCCCC(C)=O{solv}{x=0.741800}|CCCNCCC{solv}{x=0.258200}>,CCCCCC(C)=O,CCCNCCC,fb-fit-v0-single-mean-k20,1,0.7919791049529419,0.0001331094310268,0.7918920000000003,0.00012
7287,357,dens_168376639142843665,357,Density,<Substance BrCCBr{solv}{x=0.084500}|CCOC(=O)CC{solv}{x=0.915500}>,BrCCBr,CCOC(=O)CC,fb-fit-v0-single-mean-k20,1,0.9652219731102618,0.000245007046594,0.9671200000000002,0.001185
7288,358,dhmix_897092526028522426,358,EnthalpyOfMixing,<Substance BrCCBr{solv}{x=0.753700}|CCOC(=O)CC{solv}{x=0.246300}>,BrCCBr,CCOC(=O)CC,fb-fit-v0-single-mean-k20,1,-0.2622621608275235,0.0379983885089905,0.0052,0.0008
7289,359,dhmix_1078383344298013541,359,EnthalpyOfMixing,<Substance BrCCBr{solv}{x=0.084100}|CCOC(=O)CC{solv}{x=0.915900}>,BrCCBr,CCOC(=O)CC,fb-fit-v0-single-mean-k20,1,-0.0635685277194397,0.0490960323390946,-0.0683,0.0014
7290,360,dhmix_1103515663691342839,360,EnthalpyOfMixing,<Substance BrCCBr{solv}{x=0.514000}|CCOC(=O)CC{solv}{x=0.486000}>,BrCCBr,CCOC(=O)CC,fb-fit-v0-single-mean-k20,1,-0.2520307865869142,0.0357549448278548,-0.1259,0.00205
7291,361,dens_1193015082780501702,361,Density,<Substance BrCCBr{solv}{x=0.484400}|CCOC(=O)CC{solv}{x=0.515600}>,BrCCBr,CCOC(=O)CC,fb-fit-v0-single-mean-k20,1,1.4023852465424107,0.0004520546597016,1.4136000000000002,0.001165
7292,362,dens_1660732943693703463,362,Density,<Substance BrCCBr{solv}{x=0.714800}|CCOC(=O)CC{solv}{x=0.285200}>,BrCCBr,CCOC(=O)CC,fb-fit-v0-single-mean-k20,1,1.6985328798544856,0.0004946382685265,1.7205300000000003,0.000985
7293,363,dens_172622055198885625,363,Density,<Substance CCCCOCCO{solv}{x=0.499500}|c1ccccc1{solv}{x=0.500500}>,CCCCOCCO,c1ccccc1,fb-fit-v0-single-mean-k20,1,0.8867172489997807,0.0001755302746928,0.8864700000000002,0.000795
7294,364,dens_615182082919776992,364,Density,<Substance CCCCOCCO{solv}{x=0.753500}|c1ccccc1{solv}{x=0.246500}>,CCCCOCCO,c1ccccc1,fb-fit-v0-single-mean-k20,1,0.8896242723233421,0.0001822795655641,0.8924600000000003,0.00077
7295,365,dens_1014762781474427089,365,Density,<Substance CCCCOCCO{solv}{x=0.248800}|c1ccccc1{solv}{x=0.751200}>,CCCCOCCO,c1ccccc1,fb-fit-v0-single-mean-k20,1,0.8839372214689777,0.0002473572988097,0.8790000000000002,0.00083
7296,366,dhmix_1209838039340638454,366,EnthalpyOfMixing,<Substance CCCCOCCO{solv}{x=0.729700}|c1ccccc1{solv}{x=0.270300}>,CCCCOCCO,c1ccccc1,fb-fit-v0-single-mean-k20,1,0.3950620438144625,0.0566594265315096,0.3037,0.00335
7297,367,dhmix_1416395432810708431,367,EnthalpyOfMixing,<Substance CCCCOCCO{solv}{x=0.266500}|c1ccccc1{solv}{x=0.733500}>,CCCCOCCO,c1ccccc1,fb-fit-v0-single-mean-k20,1,0.6742970259342229,0.0357823940554394,0.6895,0.00745
7298,368,dhmix_1775479338186698605,368,EnthalpyOfMixing,<Substance CCCCOCCO{solv}{x=0.503000}|c1ccccc1{solv}{x=0.497000}>,CCCCOCCO,c1ccccc1,fb-fit-v0-single-mean-k20,1,0.6755151242183217,0.0480343329229202,0.5563,0.00605
7299,369,dens_173950346939686352,369,Density,<Substance CCOC(=O)CC(=O)OCC{solv}{x=0.797800}|CO{solv}{x=0.202200}>,CCOC(=O)CC(=O)OCC,CO,fb-fit-v0-single-mean-k20,1,1.039851318010336,0.0002128864417787,1.0336070000000002,0.0001155
7300,370,dhmix_796570713446660029,370,EnthalpyOfMixing,<Substance CCOC(=O)CC(=O)OCC{solv}{x=0.745300}|CO{solv}{x=0.254700}>,CCOC(=O)CC(=O)OCC,CO,fb-fit-v0-single-mean-k20,1,1.2135059798682732,0.0521338095473923,1.184,0.013
7301,371,dhmix_1053189657313504079,371,EnthalpyOfMixing,<Substance CCOC(=O)CC(=O)OCC{solv}{x=0.499300}|CO{solv}{x=0.500700}>,CCOC(=O)CC(=O)OCC,CO,fb-fit-v0-single-mean-k20,1,1.6095342468066178,0.0408755840308091,1.426,0.0155
7302,372,dens_1109796780897697143,372,Density,<Substance CCOC(=O)CC(=O)OCC{solv}{x=0.500400}|CO{solv}{x=0.499600}>,CCOC(=O)CC(=O)OCC,CO,fb-fit-v0-single-mean-k20,1,0.9982836123670216,0.0002584241272167,0.9962350000000002,9.150000000000002e-05
7303,373,dens_1145191816882985532,373,Density,<Substance CCOC(=O)CC(=O)OCC{solv}{x=0.250100}|CO{solv}{x=0.749900}>,CCOC(=O)CC(=O)OCC,CO,fb-fit-v0-single-mean-k20,1,0.9300509065226074,0.0003237792915376,0.9355040000000002,0.0001385
7304,374,dhmix_1394433819711651760,374,EnthalpyOfMixing,<Substance CCOC(=O)CC(=O)OCC{solv}{x=0.251500}|CO{solv}{x=0.748500}>,CCOC(=O)CC(=O)OCC,CO,fb-fit-v0-single-mean-k20,1,1.1948803529923495,0.0336293288293798,1.083,0.0115
7305,375,dhmix_176700813960387714,375,EnthalpyOfMixing,<Substance CC(=O)N(C)C{solv}{x=0.211000}|ClCCCCCl{solv}{x=0.789000}>,CC(=O)N(C)C,ClCCCCCl,fb-fit-v0-single-mean-k20,1,-0.0256941619185013,0.036050579175157,-0.188,0.0025
7306,376,dhmix_422276068008732896,376,EnthalpyOfMixing,<Substance CC(=O)N(C)C{solv}{x=0.506000}|ClCCCCCl{solv}{x=0.494000}>,CC(=O)N(C)C,ClCCCCCl,fb-fit-v0-single-mean-k20,1,-0.0298707059872853,0.0374444614585104,-0.314,0.0025
7307,377,dhmix_591740475541975327,377,EnthalpyOfMixing,<Substance CC(=O)N(C)C{solv}{x=0.705000}|ClCCCCCl{solv}{x=0.295000}>,CC(=O)N(C)C,ClCCCCCl,fb-fit-v0-single-mean-k20,1,0.0399172543011996,0.0396196945717652,-0.281,0.0025
7308,378,dens_600718364672681210,378,Density,<Substance CC(=O)N(C)C{solv}{x=0.200100}|ClCCCCCl{solv}{x=0.799900}>,CC(=O)N(C)C,ClCCCCCl,fb-fit-v0-single-mean-k20,1,1.087408414840424,0.0002961285138296,1.0978,0.0023
7309,379,dens_833309518494254389,379,Density,<Substance CC(=O)N(C)C{solv}{x=0.698700}|ClCCCCCl{solv}{x=0.301300}>,CC(=O)N(C)C,ClCCCCCl,fb-fit-v0-single-mean-k20,1,0.9764928394021436,0.0002432324802822,1.0011000000000003,0.0023
7310,380,dens_1473570029953486090,380,Density,<Substance CC(=O)N(C)C{solv}{x=0.500900}|ClCCCCCl{solv}{x=0.499100}>,CC(=O)N(C)C,ClCCCCCl,fb-fit-v0-single-mean-k20,1,1.0226115068434638,0.0002767169300201,1.0407000000000004,0.00225
7311,381,dens_176740025668330569,381,Density,<Substance C1CCCCC1{solv}{x=0.499400}|C1COCCO1{solv}{x=0.500600}>,C1CCCCC1,C1COCCO1,fb-fit-v0-single-mean-k20,1,0.8733645412263971,0.0002604528812972,0.8769800000000002,8.500000000000002e-05
7312,382,dens_476825312331327209,382,Density,<Substance C1CCCCC1{solv}{x=0.297200}|C1COCCO1{solv}{x=0.702800}>,C1CCCCC1,C1COCCO1,fb-fit-v0-single-mean-k20,1,0.9285775524951836,0.0002582585124167,0.9312200000000004,7.000000000000002e-05
7313,383,dens_985438980823024302,383,Density,<Substance C1CCCCC1{solv}{x=0.699700}|C1COCCO1{solv}{x=0.300300}>,C1CCCCC1,C1COCCO1,fb-fit-v0-single-mean-k20,1,0.8248842742222972,0.0002461611272654,0.8305800000000002,0.0001
7314,384,dhmix_1624213860575299641,384,EnthalpyOfMixing,<Substance C1CCCCC1{solv}{x=0.492800}|C1COCCO1{solv}{x=0.507200}>,C1CCCCC1,C1COCCO1,fb-fit-v0-single-mean-k20,1,1.928265123086092,0.0392136153266143,1.588,0.008
7315,385,dhmix_1900199136965747019,385,EnthalpyOfMixing,<Substance C1CCCCC1{solv}{x=0.239400}|C1COCCO1{solv}{x=0.760600}>,C1CCCCC1,C1COCCO1,fb-fit-v0-single-mean-k20,1,1.3867038600407682,0.0386816559203428,1.124,0.007
7316,386,dhmix_2022274493214392184,386,EnthalpyOfMixing,<Substance C1CCCCC1{solv}{x=0.744200}|C1COCCO1{solv}{x=0.255800}>,C1CCCCC1,C1COCCO1,fb-fit-v0-single-mean-k20,1,1.641459282378321,0.0403552914889792,1.262,0.007
7317,387,dhmix_182795551078530810,387,EnthalpyOfMixing,<Substance C1COCCO1{solv}{x=0.491200}|Cc1ccccc1Cl{solv}{x=0.508800}>,C1COCCO1,Cc1ccccc1Cl,fb-fit-v0-single-mean-k20,1,0.2761052602289595,0.0437983065712179,0.356,0.002
7318,388,dens_242592003865933955,388,Density,<Substance C1COCCO1{solv}{x=0.835700}|Cc1ccccc1Cl{solv}{x=0.164300}>,C1COCCO1,Cc1ccccc1Cl,fb-fit-v0-single-mean-k20,1,1.0270039800884885,0.0002610072060716,1.0256,0.0005
7319,389,dens_810150133181620718,389,Density,<Substance C1COCCO1{solv}{x=0.513600}|Cc1ccccc1Cl{solv}{x=0.486400}>,C1COCCO1,Cc1ccccc1Cl,fb-fit-v0-single-mean-k20,1,1.0595510688783396,0.0002196193619134,1.0536,0.0005
7320,390,dhmix_1949119093643648586,390,EnthalpyOfMixing,<Substance C1COCCO1{solv}{x=0.246200}|Cc1ccccc1Cl{solv}{x=0.753800}>,C1COCCO1,Cc1ccccc1Cl,fb-fit-v0-single-mean-k20,1,0.1462072010434099,0.0448378913894776,0.206,0.001
7321,391,dens_2161584607380261748,391,Density,<Substance C1COCCO1{solv}{x=0.226300}|Cc1ccccc1Cl{solv}{x=0.773700}>,C1COCCO1,Cc1ccccc1Cl,fb-fit-v0-single-mean-k20,1,1.076039533188471,0.0002460766241189,1.0674000000000003,0.0005
7322,392,dhmix_2190589845176325501,392,EnthalpyOfMixing,<Substance C1COCCO1{solv}{x=0.835700}|Cc1ccccc1Cl{solv}{x=0.164300}>,C1COCCO1,Cc1ccccc1Cl,fb-fit-v0-single-mean-k20,1,0.1852863977989329,0.0430363655990982,0.244,0.0015
7323,393,dens_194492664772262961,393,Density,<Substance CCCOC=O{solv}{x=0.479500}|ClCCCl{solv}{x=0.520500}>,CCCOC=O,ClCCCl,fb-fit-v0-single-mean-k20,1,1.0649381581019617,0.0003051386015976,1.0603100000000003,0.00196
7324,394,dhmix_438833720470542962,394,EnthalpyOfMixing,<Substance CCCOC=O{solv}{x=0.738500}|ClCCCl{solv}{x=0.261500}>,CCCOC=O,ClCCCl,fb-fit-v0-single-mean-k20,1,0.014104738595563,0.0375088448828949,-0.205,0.0025
7325,395,dens_598528978367940263,395,Density,<Substance CCCOC=O{solv}{x=0.254300}|ClCCCl{solv}{x=0.745700}>,CCCOC=O,ClCCCl,fb-fit-v0-single-mean-k20,1,1.1375572239358367,0.0004004101189707,1.1418800000000005,0.002835
7326,396,dens_822197650497048256,396,Density,<Substance CCCOC=O{solv}{x=0.728100}|ClCCCl{solv}{x=0.271900}>,CCCOC=O,ClCCCl,fb-fit-v0-single-mean-k20,1,0.9902652139871144,0.0003088632299739,0.9794600000000002,0.001275
7327,397,dhmix_1971772628311560569,397,EnthalpyOfMixing,<Substance CCCOC=O{solv}{x=0.503500}|ClCCCl{solv}{x=0.496500}>,CCCOC=O,ClCCCl,fb-fit-v0-single-mean-k20,1,-0.0096687152443699,0.0353087933266513,-0.254,0.003
7328,398,dhmix_2087301877194561078,398,EnthalpyOfMixing,<Substance CCCOC=O{solv}{x=0.273300}|ClCCCl{solv}{x=0.726700}>,CCCOC=O,ClCCCl,fb-fit-v0-single-mean-k20,1,0.0196543038699807,0.0280984276780304,-0.154,0.002
7329,399,dens_196547737404430199,399,Density,<Substance CCC(C)(C)O{solv}{x=0.258400}|CCO{solv}{x=0.741600}>,CCC(C)(C)O,CCO,fb-fit-v0-single-mean-k20,1,0.8025133630965581,0.0002501328587984,0.7933000000000001,0.0005
7330,400,dens_476512869308734578,400,Density,<Substance CCC(C)(C)O{solv}{x=0.549500}|CCO{solv}{x=0.450500}>,CCC(C)(C)O,CCO,fb-fit-v0-single-mean-k20,1,0.8170423277590625,0.0003237597277239,0.8018000000000002,0.0005
7331,401,dens_822446541953482206,401,Density,<Substance CCC(C)(C)O{solv}{x=0.676500}|CCO{solv}{x=0.323500}>,CCC(C)(C)O,CCO,fb-fit-v0-single-mean-k20,1,0.8198927926669355,0.0002866998561848,0.8048000000000002,0.0005
7332,402,dhmix_935690434592096067,402,EnthalpyOfMixing,<Substance CCC(C)(C)O{solv}{x=0.460700}|CCO{solv}{x=0.539300}>,CCC(C)(C)O,CCO,fb-fit-v0-single-mean-k20,1,-0.8488857638362464,0.0435858480395582,-0.95,0.00405
7333,403,dhmix_1167190373485301023,403,EnthalpyOfMixing,<Substance CCC(C)(C)O{solv}{x=0.730600}|CCO{solv}{x=0.269400}>,CCC(C)(C)O,CCO,fb-fit-v0-single-mean-k20,1,-0.854558611526139,0.0423253572137834,-0.7709,0.00335
7334,404,dhmix_1275914601266938667,404,EnthalpyOfMixing,<Substance CCC(C)(C)O{solv}{x=0.280700}|CCO{solv}{x=0.719300}>,CCC(C)(C)O,CCO,fb-fit-v0-single-mean-k20,1,-0.6078438587868291,0.0351490991603575,-0.7056,0.0031
7335,405,dens_196896428021674416,405,Density,<Substance OCCCCO{solv}{x=0.250400}|O{solv}{x=0.749600}>,O,OCCCCO,fb-fit-v0-single-mean-k20,1,1.008775008751802,0.0003213312585528,1.0206500000000005,0.000165
7336,406,dhmix_204758826312645465,406,EnthalpyOfMixing,<Substance OCCCCO{solv}{x=0.498600}|O{solv}{x=0.501400}>,O,OCCCCO,fb-fit-v0-single-mean-k20,1,0.2692322638386226,0.0340927390456342,-0.882,0.011
7337,407,dens_523660418548538159,407,Density,<Substance OCCCCO{solv}{x=0.502000}|O{solv}{x=0.498000}>,O,OCCCCO,fb-fit-v0-single-mean-k20,1,1.0209678145405288,0.0003486087541584,1.0207100000000002,0.000175
7338,408,dhmix_1424462945700338266,408,EnthalpyOfMixing,<Substance OCCCCO{solv}{x=0.794700}|O{solv}{x=0.205300}>,O,OCCCCO,fb-fit-v0-single-mean-k20,1,0.3735100506417687,0.0397979563043112,-0.513,0.007
7339,409,dhmix_2166372532060643622,409,EnthalpyOfMixing,<Substance OCCCCO{solv}{x=0.265800}|O{solv}{x=0.734200}>,O,OCCCCO,fb-fit-v0-single-mean-k20,1,0.4786503160741056,0.0258509813551038,-0.896,0.0115
7340,410,dens_2215793475715067258,410,Density,<Substance OCCCCO{solv}{x=0.752800}|O{solv}{x=0.247200}>,O,OCCCCO,fb-fit-v0-single-mean-k20,1,1.0209471028485284,0.0003730268249649,1.0165900000000003,0.00018
7341,411,dhmix_199788824133179829,411,EnthalpyOfMixing,<Substance CNc1ccccc1{solv}{x=0.497300}|Cc1ccccc1{solv}{x=0.502700}>,CNc1ccccc1,Cc1ccccc1,fb-fit-v0-single-mean-k20,1,0.8313143950845117,0.0373633999290683,0.497,0.0055
7342,412,dens_515118724178190757,412,Density,<Substance CNc1ccccc1{solv}{x=0.740700}|Cc1ccccc1{solv}{x=0.259300}>,CNc1ccccc1,Cc1ccccc1,fb-fit-v0-single-mean-k20,1,0.961042886730105,0.0001595100630236,0.9531280000000004,0.0002595
7343,413,dens_730775902780400634,413,Density,<Substance CNc1ccccc1{solv}{x=0.245200}|Cc1ccccc1{solv}{x=0.754800}>,CNc1ccccc1,Cc1ccccc1,fb-fit-v0-single-mean-k20,1,0.8980250848603164,0.0001939219796887,0.8935250000000002,0.000118
7344,414,dhmix_1213795502778853356,414,EnthalpyOfMixing,<Substance CNc1ccccc1{solv}{x=0.295200}|Cc1ccccc1{solv}{x=0.704800}>,CNc1ccccc1,Cc1ccccc1,fb-fit-v0-single-mean-k20,1,0.7579473269248282,0.0423381957903239,0.459,0.005
7345,415,dhmix_1321810550349826496,415,EnthalpyOfMixing,<Substance CNc1ccccc1{solv}{x=0.789200}|Cc1ccccc1{solv}{x=0.210800}>,CNc1ccccc1,Cc1ccccc1,fb-fit-v0-single-mean-k20,1,0.6291099853727289,0.043546530438957,0.287,0.003
7346,416,dens_2156484405108449314,416,Density,<Substance CNc1ccccc1{solv}{x=0.490000}|Cc1ccccc1{solv}{x=0.510000}>,CNc1ccccc1,Cc1ccccc1,fb-fit-v0-single-mean-k20,1,0.9294572065117338,0.0001768763991388,0.9235800000000004,0.000164
7347,417,dens_199829369486957606,417,Density,<Substance CC#N{solv}{x=0.200300}|c1ccccc1{solv}{x=0.799700}>,CC#N,c1ccccc1,fb-fit-v0-single-mean-k20,1,0.8680632816744901,0.0002380091799423,0.8623400000000002,7.000000000000002e-05
7348,418,dhmix_217315956534335620,418,EnthalpyOfMixing,<Substance CC#N{solv}{x=0.771500}|c1ccccc1{solv}{x=0.228500}>,CC#N,c1ccccc1,fb-fit-v0-single-mean-k20,1,0.0815282570407287,0.0299115656995568,0.3988,0.00815
7349,419,dhmix_730497723685339496,419,EnthalpyOfMixing,<Substance CC#N{solv}{x=0.219600}|c1ccccc1{solv}{x=0.780400}>,CC#N,c1ccccc1,fb-fit-v0-single-mean-k20,1,0.0930187747282076,0.037816736330225,0.2399,0.00495
7350,420,dhmix_1038591828122641798,420,EnthalpyOfMixing,<Substance CC#N{solv}{x=0.529500}|c1ccccc1{solv}{x=0.470500}>,CC#N,c1ccccc1,fb-fit-v0-single-mean-k20,1,0.0503453297061859,0.0301828253021767,0.4415,0.00905
7351,421,dens_1457706963514561052,421,Density,<Substance CC#N{solv}{x=0.500100}|c1ccccc1{solv}{x=0.499900}>,CC#N,c1ccccc1,fb-fit-v0-single-mean-k20,1,0.837630599534047,0.0002775489285879,0.8384600000000002,7.500000000000002e-05
7352,422,dens_2111393000623474162,422,Density,<Substance CC#N{solv}{x=0.700200}|c1ccccc1{solv}{x=0.299800}>,CC#N,c1ccccc1,fb-fit-v0-single-mean-k20,1,0.811962494986845,0.0001847520203161,0.8174500000000002,7.500000000000002e-05
7353,423,dens_201591193434833206,423,Density,<Substance CC(C)CC(C)(C)C{solv}{x=0.082400}|CCO{solv}{x=0.917600}>,CC(C)CC(C)(C)C,CCO,fb-fit-v0-single-mean-k20,1,0.7627168979928941,0.0002900039054631,0.7605800000000003,0.000125
7354,424,dhmix_371477530823830451,424,EnthalpyOfMixing,<Substance CC(C)CC(C)(C)C{solv}{x=0.761700}|CCO{solv}{x=0.238300}>,CC(C)CC(C)(C)C,CCO,fb-fit-v0-single-mean-k20,1,0.6760087135630641,0.0524279649805388,0.634022,0.006851
7355,425,dhmix_1127868571780691876,425,EnthalpyOfMixing,<Substance CC(C)CC(C)(C)C{solv}{x=0.515800}|CCO{solv}{x=0.484200}>,CC(C)CC(C)(C)C,CCO,fb-fit-v0-single-mean-k20,1,0.6782584790495321,0.0419651513118835,0.638973,0.006903
7356,426,dens_1250915879314267304,426,Density,<Substance CC(C)CC(C)(C)C{solv}{x=0.493740}|CCO{solv}{x=0.506260}>,CC(C)CC(C)(C)C,CCO,fb-fit-v0-single-mean-k20,1,0.7287979860912266,0.0001626628172104,0.7110500000000001,7.500000000000002e-05
7357,427,dens_1473791133383705310,427,Density,<Substance CC(C)CC(C)(C)C{solv}{x=0.735960}|CCO{solv}{x=0.264040}>,CC(C)CC(C)(C)C,CCO,fb-fit-v0-single-mean-k20,1,0.7188490410791439,0.0001427090123598,0.6967900000000001,7.500000000000002e-05
7358,428,dhmix_1870637719976274804,428,EnthalpyOfMixing,<Substance CC(C)CC(C)(C)C{solv}{x=0.081500}|CCO{solv}{x=0.918500}>,CC(C)CC(C)(C)C,CCO,fb-fit-v0-single-mean-k20,1,0.2825238817017741,0.0373456481782501,0.197762,0.0022405
7359,429,dens_202472488934755108,429,Density,<Substance CCC#N{solv}{x=0.301800}|CCOC(C)(C)C{solv}{x=0.698200}>,CCC#N,CCOC(C)(C)C,fb-fit-v0-single-mean-k20,1,0.7540724173905756,0.0002192872038423,0.7455000000000002,0.0002
7360,430,dens_266175665931869051,430,Density,<Substance CCC#N{solv}{x=0.701400}|CCOC(C)(C)C{solv}{x=0.298600}>,CCC#N,CCOC(C)(C)C,fb-fit-v0-single-mean-k20,1,0.7627063655125387,0.0002572151318066,0.7617000000000003,0.00035
7361,431,dhmix_801664072836508009,431,EnthalpyOfMixing,<Substance CCC#N{solv}{x=0.301800}|CCOC(C)(C)C{solv}{x=0.698200}>,CCC#N,CCOC(C)(C)C,fb-fit-v0-single-mean-k20,1,0.0454360999940881,0.0392078909125718,0.4557,0.0062
7362,432,dhmix_1220778152018571786,432,EnthalpyOfMixing,<Substance CCC#N{solv}{x=0.501400}|CCOC(C)(C)C{solv}{x=0.498600}>,CCC#N,CCOC(C)(C)C,fb-fit-v0-single-mean-k20,1,0.09935441578126,0.0390370405929091,0.5053,0.00685
7363,433,dhmix_1838699488178562925,433,EnthalpyOfMixing,<Substance CCC#N{solv}{x=0.701400}|CCOC(C)(C)C{solv}{x=0.298600}>,CCC#N,CCOC(C)(C)C,fb-fit-v0-single-mean-k20,1,0.0462780719382678,0.0351843272521452,0.4078,0.0056
7364,434,dens_1870081876609026392,434,Density,<Substance CCC#N{solv}{x=0.501400}|CCOC(C)(C)C{solv}{x=0.498600}>,CCC#N,CCOC(C)(C)C,fb-fit-v0-single-mean-k20,1,0.7585961387617675,0.000242820230653,0.7532000000000002,0.0003
7365,435,dens_205210513551931414,435,Density,<Substance CCCC#N{solv}{x=0.200000}|c1ccccc1{solv}{x=0.800000}>,CCCC#N,c1ccccc1,fb-fit-v0-single-mean-k20,1,0.8624773678384604,0.0002429140892953,0.8576940000000002,5.400000000000001e-05
7366,436,dens_841576887891022329,436,Density,<Substance CCCC#N{solv}{x=0.500000}|c1ccccc1{solv}{x=0.500000}>,CCCC#N,c1ccccc1,fb-fit-v0-single-mean-k20,1,0.8309489690566608,0.0002507137876792,0.8318550000000002,5.8000000000000014e-05
7367,437,dhmix_901910638840590393,437,EnthalpyOfMixing,<Substance CCCC#N{solv}{x=0.503700}|c1ccccc1{solv}{x=0.496300}>,CCCC#N,c1ccccc1,fb-fit-v0-single-mean-k20,1,-0.0370764045570055,0.0346422138321275,-0.0659,0.00145
7368,438,dhmix_1123099162248680479,438,EnthalpyOfMixing,<Substance CCCC#N{solv}{x=0.752800}|c1ccccc1{solv}{x=0.247200}>,CCCC#N,c1ccccc1,fb-fit-v0-single-mean-k20,1,-0.0076849239308955,0.0316855435311959,-0.0312,0.0008
7369,439,dhmix_1318990508180847616,439,EnthalpyOfMixing,<Substance CCCC#N{solv}{x=0.252800}|c1ccccc1{solv}{x=0.747200}>,CCCC#N,c1ccccc1,fb-fit-v0-single-mean-k20,1,0.0985279161176961,0.0374822202302306,-0.0571,0.00125
7370,440,dens_1950627772023797339,440,Density,<Substance CCCC#N{solv}{x=0.700000}|c1ccccc1{solv}{x=0.300000}>,CCCC#N,c1ccccc1,fb-fit-v0-single-mean-k20,1,0.8107258571094831,0.00024176298364,0.8138540000000002,6.100000000000001e-05
7371,441,dhmix_207411229673186667,441,EnthalpyOfMixing,<Substance CC(C)(C)Cl{solv}{x=0.774700}|CC(C)OC(C)C{solv}{x=0.225300}>,CC(C)(C)Cl,CC(C)OC(C)C,fb-fit-v0-single-mean-k20,1,-0.122762316906396,0.0363747603177758,0.0035,0.0004
7372,442,dhmix_263164663491745943,442,EnthalpyOfMixing,<Substance CC(C)(C)Cl{solv}{x=0.551200}|CC(C)OC(C)C{solv}{x=0.448800}>,CC(C)(C)Cl,CC(C)OC(C)C,fb-fit-v0-single-mean-k20,1,-0.071217136751013,0.0414920490107037,0.0071,0.0004
7373,443,dens_1527979990628499053,443,Density,<Substance CC(C)(C)Cl{solv}{x=0.514800}|CC(C)OC(C)C{solv}{x=0.485200}>,CC(C)(C)Cl,CC(C)OC(C)C,fb-fit-v0-single-mean-k20,1,0.7887943518437891,0.0002876026811525,0.7723510000000002,0.00042
7374,444,dens_1616242241384486673,444,Density,<Substance CC(C)(C)Cl{solv}{x=0.715200}|CC(C)OC(C)C{solv}{x=0.284800}>,CC(C)(C)Cl,CC(C)OC(C)C,fb-fit-v0-single-mean-k20,1,0.815004592453012,0.000298956859604,0.7971450000000002,0.0003945
7375,445,dens_2075469437997722238,445,Density,<Substance CC(C)(C)Cl{solv}{x=0.199100}|CC(C)OC(C)C{solv}{x=0.800900}>,CC(C)(C)Cl,CC(C)OC(C)C,fb-fit-v0-single-mean-k20,1,0.7513185134980486,0.0002398672860081,0.7376660000000003,0.0004545
7376,446,dhmix_2101531043492089277,446,EnthalpyOfMixing,<Substance CC(C)(C)Cl{solv}{x=0.219200}|CC(C)OC(C)C{solv}{x=0.780800}>,CC(C)(C)Cl,CC(C)OC(C)C,fb-fit-v0-single-mean-k20,1,-0.11182408710496,0.0465776994972279,0.007,0.0004
7377,447,dens_210389881425986721,447,Density,<Substance C1COCO1{solv}{x=0.785000}|CCCCCC(C)=O{solv}{x=0.215000}>,C1COCO1,CCCCCC(C)=O,fb-fit-v0-single-mean-k20,1,0.9773873519964668,0.0002266350514976,0.9696500000000002,0.0003
7378,448,dhmix_503329310014436107,448,EnthalpyOfMixing,<Substance C1COCO1{solv}{x=0.750000}|CCCCCC(C)=O{solv}{x=0.250000}>,C1COCO1,CCCCCC(C)=O,fb-fit-v0-single-mean-k20,1,0.4329324389730757,0.0385753029444737,0.37402,0.001955
7379,449,dens_824084186033535550,449,Density,<Substance C1COCO1{solv}{x=0.507100}|CCCCCC(C)=O{solv}{x=0.492900}>,C1COCO1,CCCCCC(C)=O,fb-fit-v0-single-mean-k20,1,0.895868645673489,0.0001669102006141,0.8936300000000003,0.00034
7380,450,dens_839548343309182157,450,Density,<Substance C1COCO1{solv}{x=0.244000}|CCCCCC(C)=O{solv}{x=0.756000}>,C1COCO1,CCCCCC(C)=O,fb-fit-v0-single-mean-k20,1,0.8446046669594183,0.0002002879264487,0.8445200000000002,0.00038
7381,451,dhmix_1519451899562488304,451,EnthalpyOfMixing,<Substance C1COCO1{solv}{x=0.250000}|CCCCCC(C)=O{solv}{x=0.750000}>,C1COCO1,CCCCCC(C)=O,fb-fit-v0-single-mean-k20,1,0.3894041894164743,0.0472484176066969,0.2754,0.00155
7382,452,dhmix_1874814461447958752,452,EnthalpyOfMixing,<Substance C1COCO1{solv}{x=0.500000}|CCCCCC(C)=O{solv}{x=0.500000}>,C1COCO1,CCCCCC(C)=O,fb-fit-v0-single-mean-k20,1,0.56416341169475,0.0441151468230999,0.43148,0.00217
7383,453,dhmix_219236717194413479,453,EnthalpyOfMixing,<Substance CCOc1ccccc1{solv}{x=0.762500}|OCCCc1ccccc1{solv}{x=0.237500}>,CCOc1ccccc1,OCCCc1ccccc1,fb-fit-v0-single-mean-k20,1,0.9110236248347264,0.0485328697759505,1.1164,0.01195
7384,454,dens_391027492102555874,454,Density,<Substance CCOc1ccccc1{solv}{x=0.515000}|OCCCc1ccccc1{solv}{x=0.485000}>,CCOc1ccccc1,OCCCc1ccccc1,fb-fit-v0-single-mean-k20,1,0.9706420354804716,0.0002261837815796,0.9715100000000002,0.00026
7385,455,dens_603450583692592837,455,Density,<Substance CCOc1ccccc1{solv}{x=0.707400}|OCCCc1ccccc1{solv}{x=0.292600}>,CCOc1ccccc1,OCCCc1ccccc1,fb-fit-v0-single-mean-k20,1,0.962359610475284,0.0002105344269939,0.9634300000000002,0.00026
7386,456,dhmix_1297428070131435744,456,EnthalpyOfMixing,<Substance CCOc1ccccc1{solv}{x=0.516900}|OCCCc1ccccc1{solv}{x=0.483100}>,CCOc1ccccc1,OCCCc1ccccc1,fb-fit-v0-single-mean-k20,1,1.0329444635420515,0.0487195612438065,0.989,0.0106
7387,457,dens_1659818614169719187,457,Density,<Substance CCOc1ccccc1{solv}{x=0.216400}|OCCCc1ccccc1{solv}{x=0.783600}>,CCOc1ccccc1,OCCCc1ccccc1,fb-fit-v0-single-mean-k20,1,0.9828961768662724,0.0002461711273568,0.9832000000000004,0.00026
7388,458,dhmix_2058966624473104004,458,EnthalpyOfMixing,<Substance CCOc1ccccc1{solv}{x=0.262900}|OCCCc1ccccc1{solv}{x=0.737100}>,CCOc1ccccc1,OCCCc1ccccc1,fb-fit-v0-single-mean-k20,1,0.5774868148606771,0.051318647242943,0.7,0.00755
7389,459,dhmix_224977805525763267,459,EnthalpyOfMixing,<Substance OCCO{solv}{x=0.519300}|O{solv}{x=0.480700}>,O,OCCO,fb-fit-v0-single-mean-k20,1,-0.0902983847513265,0.0281299292031518,-0.64,0.0035
7390,460,dhmix_454389511592218960,460,EnthalpyOfMixing,<Substance OCCO{solv}{x=0.790900}|O{solv}{x=0.209100}>,O,OCCO,fb-fit-v0-single-mean-k20,1,0.3071317327960621,0.056776002866154,-0.347,0.0025
7391,461,dens_624011570206871166,461,Density,<Substance OCCO{solv}{x=0.500560}|O{solv}{x=0.499440}>,O,OCCO,fb-fit-v0-single-mean-k20,1,1.0938048436711996,0.0002887656269123,1.0923200000000002,0.0005
7392,462,dhmix_997365299263661959,462,EnthalpyOfMixing,<Substance OCCO{solv}{x=0.205100}|O{solv}{x=0.794900}>,O,OCCO,fb-fit-v0-single-mean-k20,1,-0.0518467870077046,0.0245721574452742,-0.681,0.004
7393,463,dens_1521229282261002740,463,Density,<Substance OCCO{solv}{x=0.299010}|O{solv}{x=0.700990}>,O,OCCO,fb-fit-v0-single-mean-k20,1,1.0682791003814265,0.000442698446691,1.0735400000000002,0.0005
7394,464,dens_2015496231826454735,464,Density,<Substance OCCO{solv}{x=0.706260}|O{solv}{x=0.293740}>,O,OCCO,fb-fit-v0-single-mean-k20,1,1.109000799459732,0.0004423633371307,1.1022400000000003,0.0005
7395,465,dhmix_230261418136264651,465,EnthalpyOfMixing,<Substance CCCCOC(C)=O{solv}{x=0.700700}|CCOC(C)=O{solv}{x=0.299300}>,CCCCOC(C)=O,CCOC(C)=O,fb-fit-v0-single-mean-k20,1,-0.0434338976703827,0.0434870441304698,0.0594,0.001
7396,466,dhmix_287092636460772443,466,EnthalpyOfMixing,<Substance CCCCOC(C)=O{solv}{x=0.501800}|CCOC(C)=O{solv}{x=0.498200}>,CCCCOC(C)=O,CCOC(C)=O,fb-fit-v0-single-mean-k20,1,0.03406989100516,0.0382026181939907,0.076,0.0012
7397,467,dens_436289636626232396,467,Density,<Substance CCCCOC(C)=O{solv}{x=0.501800}|CCOC(C)=O{solv}{x=0.498200}>,CCCCOC(C)=O,CCOC(C)=O,fb-fit-v0-single-mean-k20,1,0.889479408335415,0.000204646994808,0.8829000000000002,0.0002
7398,468,dens_1739528506032569134,468,Density,<Substance CCCCOC(C)=O{solv}{x=0.201200}|CCOC(C)=O{solv}{x=0.798800}>,CCCCOC(C)=O,CCOC(C)=O,fb-fit-v0-single-mean-k20,1,0.8962152796380058,0.0002297006274939,0.8889000000000001,0.0002
7399,469,dhmix_1951544232160779982,469,EnthalpyOfMixing,<Substance CCCCOC(C)=O{solv}{x=0.201200}|CCOC(C)=O{solv}{x=0.798800}>,CCCCOC(C)=O,CCOC(C)=O,fb-fit-v0-single-mean-k20,1,0.0193375219353484,0.0381402130149975,0.0524,0.0009
7400,470,dens_2199004103648094822,470,Density,<Substance CCCCOC(C)=O{solv}{x=0.700700}|CCOC(C)=O{solv}{x=0.299300}>,CCCCOC(C)=O,CCOC(C)=O,fb-fit-v0-single-mean-k20,1,0.8858455286307377,0.0002414100210988,0.8797000000000003,0.0002
7401,471,dens_230610561971140401,471,Density,<Substance CN(C)CCO{solv}{x=0.507700}|O{solv}{x=0.492300}>,CN(C)CCO,O,fb-fit-v0-single-mean-k20,1,0.9308415507484926,0.0003808854405997,0.9237220000000002,0.000504
7402,472,dens_531222131704065782,472,Density,<Substance CN(C)CCO{solv}{x=0.765200}|O{solv}{x=0.234800}>,CN(C)CCO,O,fb-fit-v0-single-mean-k20,1,0.9151388967535282,0.0003234238813173,0.8989030000000002,0.0005805
7403,473,dhmix_569544738684419327,473,EnthalpyOfMixing,<Substance CN(C)CCO{solv}{x=0.536500}|O{solv}{x=0.463500}>,CN(C)CCO,O,fb-fit-v0-single-mean-k20,1,-2.7565483289596955,0.0360870846641686,-2.575,0.0525
7404,474,dens_1319192913326669904,474,Density,<Substance CN(C)CCO{solv}{x=0.264330}|O{solv}{x=0.735670}>,CN(C)CCO,O,fb-fit-v0-single-mean-k20,1,0.9485955142719996,0.0003740028177974,0.9590000000000002,0.0029
7405,475,dhmix_1669606825693628140,475,EnthalpyOfMixing,<Substance CN(C)CCO{solv}{x=0.205200}|O{solv}{x=0.794800}>,CN(C)CCO,O,fb-fit-v0-single-mean-k20,1,-1.8615679689672755,0.0250933477086833,-2.587,0.0525
7406,476,dhmix_1723343163215510297,476,EnthalpyOfMixing,<Substance CN(C)CCO{solv}{x=0.799600}|O{solv}{x=0.200400}>,CN(C)CCO,O,fb-fit-v0-single-mean-k20,1,-1.7759088824142282,0.0413416931658031,-1.247,0.0255
7407,477,dens_233554406241639981,477,Density,<Substance CC(C)CC(C)(C)C{solv}{x=0.200000}|CCCCOCCCC{solv}{x=0.800000}>,CC(C)CC(C)(C)C,CCCCOCCCC,fb-fit-v0-single-mean-k20,1,0.7528782630822349,0.0001891930098335,0.7497500000000001,0.00017
7408,478,dhmix_465541682585001245,478,EnthalpyOfMixing,<Substance CC(C)CC(C)(C)C{solv}{x=0.200400}|CCCCOCCCC{solv}{x=0.799600}>,CC(C)CC(C)(C)C,CCCCOCCCC,fb-fit-v0-single-mean-k20,1,0.1835876878636213,0.0556656313253116,0.07397,0.00099
7409,479,dhmix_1505777056782392294,479,EnthalpyOfMixing,<Substance CC(C)CC(C)(C)C{solv}{x=0.400400}|CCCCOCCCC{solv}{x=0.599600}>,CC(C)CC(C)(C)C,CCCCOCCCC,fb-fit-v0-single-mean-k20,1,0.3233899134104945,0.0417312441348131,0.11538,0.001385
7410,480,dhmix_1595104467389948583,480,EnthalpyOfMixing,<Substance CC(C)CC(C)(C)C{solv}{x=0.700500}|CCCCOCCCC{solv}{x=0.299500}>,CC(C)CC(C)(C)C,CCCCOCCCC,fb-fit-v0-single-mean-k20,1,0.2847941652402141,0.0450804757094049,0.10948,0.00133
7411,481,dens_1672861274914038509,481,Density,<Substance CC(C)CC(C)(C)C{solv}{x=0.399700}|CCCCOCCCC{solv}{x=0.600300}>,CC(C)CC(C)(C)C,CCCCOCCCC,fb-fit-v0-single-mean-k20,1,0.7425353334621172,0.0001356373038033,0.7348100000000001,0.000175
7412,482,dens_1954694146948787176,482,Density,<Substance CC(C)CC(C)(C)C{solv}{x=0.700000}|CCCCOCCCC{solv}{x=0.300000}>,CC(C)CC(C)(C)C,CCCCOCCCC,fb-fit-v0-single-mean-k20,1,0.7275129932121519,0.000192158754832,0.7117300000000002,0.000185
7413,483,dens_234746850701826990,483,Density,<Substance CC#N{solv}{x=0.700000}|CCCCCO{solv}{x=0.300000}>,CC#N,CCCCCO,fb-fit-v0-single-mean-k20,1,0.7891811353994751,0.0002515875887449,0.7924200000000001,0.000165
7414,484,dens_1261543146081029601,484,Density,<Substance CC#N{solv}{x=0.500300}|CCCCCO{solv}{x=0.499700}>,CC#N,CCCCCO,fb-fit-v0-single-mean-k20,1,0.7998168510464723,0.0002432632800722,0.7996400000000001,0.000185
7415,485,dens_1462197010819319813,485,Density,<Substance CC#N{solv}{x=0.203100}|CCCCCO{solv}{x=0.796900}>,CC#N,CCCCCO,fb-fit-v0-single-mean-k20,1,0.8115894147140463,0.0001945664481651,0.8090600000000001,0.00022
7416,486,dhmix_1595997756227951615,486,EnthalpyOfMixing,<Substance CC#N{solv}{x=0.235500}|CCCCCO{solv}{x=0.764500}>,CC#N,CCCCCO,fb-fit-v0-single-mean-k20,1,1.518128801868265,0.039722813739738,1.451,0.006
7417,487,dhmix_1745037615762894827,487,EnthalpyOfMixing,<Substance CC#N{solv}{x=0.516700}|CCCCCO{solv}{x=0.483300}>,CC#N,CCCCCO,fb-fit-v0-single-mean-k20,1,2.0486506933041504,0.0389486651335286,2.017,0.008
7418,488,dhmix_2294048253872291609,488,EnthalpyOfMixing,<Substance CC#N{solv}{x=0.771100}|CCCCCO{solv}{x=0.228900}>,CC#N,CCCCCO,fb-fit-v0-single-mean-k20,1,1.6361907321902065,0.0330527159928446,1.656,0.007
7419,489,dens_237912652331354824,489,Density,<Substance C1COCCO1{solv}{x=0.512200}|CCCC(C)=O{solv}{x=0.487800}>,C1COCCO1,CCCC(C)=O,fb-fit-v0-single-mean-k20,1,0.8989636025637073,0.0002396314968756,0.90478,0.00023
7420,490,dhmix_951401191616771155,490,EnthalpyOfMixing,<Substance C1COCCO1{solv}{x=0.750000}|CCCC(C)=O{solv}{x=0.250000}>,C1COCCO1,CCCC(C)=O,fb-fit-v0-single-mean-k20,1,0.2763013686179505,0.0355976188304417,0.23761,0.00135
7421,491,dens_1815088975543208186,491,Density,<Substance C1COCCO1{solv}{x=0.225400}|CCCC(C)=O{solv}{x=0.774600}>,C1COCCO1,CCCC(C)=O,fb-fit-v0-single-mean-k20,1,0.8374755021820881,0.0002312131347926,0.8442800000000001,0.00022
7422,492,dens_2079717107234551519,492,Density,<Substance C1COCCO1{solv}{x=0.782300}|CCCC(C)=O{solv}{x=0.217700}>,C1COCCO1,CCCC(C)=O,fb-fit-v0-single-mean-k20,1,0.965814124991628,0.0001918176341881,0.9692000000000004,0.000245
7423,493,dhmix_2166059870593139530,493,EnthalpyOfMixing,<Substance C1COCCO1{solv}{x=0.500000}|CCCC(C)=O{solv}{x=0.500000}>,C1COCCO1,CCCC(C)=O,fb-fit-v0-single-mean-k20,1,0.2258132852274172,0.0402630191043494,0.26523,0.001455
7424,494,dhmix_2196150660196365471,494,EnthalpyOfMixing,<Substance C1COCCO1{solv}{x=0.250000}|CCCC(C)=O{solv}{x=0.750000}>,C1COCCO1,CCCC(C)=O,fb-fit-v0-single-mean-k20,1,0.1521895291686199,0.0412158998697375,0.1704,0.001085
7425,495,dhmix_243334109655928306,495,EnthalpyOfMixing,<Substance C1CCOCC1{solv}{x=0.783200}|c1ccccc1{solv}{x=0.216800}>,C1CCOCC1,c1ccccc1,fb-fit-v0-single-mean-k20,1,-0.0349048339063244,0.0424328583111564,-0.1399,0.00165
7426,496,dens_257753427541292519,496,Density,<Substance C1CCOCC1{solv}{x=0.479400}|c1ccccc1{solv}{x=0.520600}>,C1CCOCC1,c1ccccc1,fb-fit-v0-single-mean-k20,1,0.8800261796502856,0.0002147272348119,0.8778700000000003,0.000505
7427,497,dhmix_604341867718608333,497,EnthalpyOfMixing,<Substance C1CCOCC1{solv}{x=0.242500}|c1ccccc1{solv}{x=0.757500}>,C1CCOCC1,c1ccccc1,fb-fit-v0-single-mean-k20,1,-0.0610950167154697,0.0406961793423912,-0.1608,0.00185
7428,498,dens_791001710124267373,498,Density,<Substance C1CCOCC1{solv}{x=0.223900}|c1ccccc1{solv}{x=0.776100}>,C1CCOCC1,c1ccccc1,fb-fit-v0-single-mean-k20,1,0.8831388546780814,0.0002180506271922,0.8761000000000002,0.0005
7429,499,dens_1402061243325720407,499,Density,<Substance C1CCOCC1{solv}{x=0.743200}|c1ccccc1{solv}{x=0.256800}>,C1CCOCC1,c1ccccc1,fb-fit-v0-single-mean-k20,1,0.8769084593602741,0.0001883072336586,0.8789500000000002,0.000505
7430,500,dhmix_1407142629314355761,500,EnthalpyOfMixing,<Substance C1CCOCC1{solv}{x=0.498200}|c1ccccc1{solv}{x=0.501800}>,C1CCOCC1,c1ccccc1,fb-fit-v0-single-mean-k20,1,-0.1151007752438602,0.0403779799104614,-0.2365,0.00265
7431,501,dhmix_266800455813556356,501,EnthalpyOfMixing,<Substance CO{solv}{x=0.727200}|OCc1ccccc1{solv}{x=0.272800}>,CO,OCc1ccccc1,fb-fit-v0-single-mean-k20,1,0.0665195424819238,0.0336030207766365,-0.0792,0.001
7432,502,dhmix_949671607207910651,502,EnthalpyOfMixing,<Substance CO{solv}{x=0.500500}|OCc1ccccc1{solv}{x=0.499500}>,CO,OCc1ccccc1,fb-fit-v0-single-mean-k20,1,0.1221213317078451,0.0319846931897202,-0.1408,0.00165
7433,503,dhmix_1388744759732522219,503,EnthalpyOfMixing,<Substance CO{solv}{x=0.200200}|OCc1ccccc1{solv}{x=0.799800}>,CO,OCc1ccccc1,fb-fit-v0-single-mean-k20,1,-0.1491331635422454,0.0520748964757694,-0.1081,0.0013
7434,504,dens_270046772857960816,504,Density,<Substance C1CCOCC1{solv}{x=0.732100}|Cc1ccccc1{solv}{x=0.267900}>,C1CCOCC1,Cc1ccccc1,fb-fit-v0-single-mean-k20,1,0.8729110566263832,0.0002462095958493,0.8754100000000001,0.000505
7435,505,dens_324774743687652276,505,Density,<Substance C1CCOCC1{solv}{x=0.238700}|Cc1ccccc1{solv}{x=0.761300}>,C1CCOCC1,Cc1ccccc1,fb-fit-v0-single-mean-k20,1,0.8693815719282805,0.0002161712280931,0.8669900000000003,0.000505
7436,506,dhmix_390107187187002597,506,EnthalpyOfMixing,<Substance C1CCOCC1{solv}{x=0.531900}|Cc1ccccc1{solv}{x=0.468100}>,C1CCOCC1,Cc1ccccc1,fb-fit-v0-single-mean-k20,1,-0.264027922989527,0.0381167800914771,-0.2225,0.0025
7437,507,dhmix_1070320975529400325,507,EnthalpyOfMixing,<Substance C1CCOCC1{solv}{x=0.280600}|Cc1ccccc1{solv}{x=0.719400}>,C1CCOCC1,Cc1ccccc1,fb-fit-v0-single-mean-k20,1,-0.1533517312445553,0.0457229558895822,-0.1687,0.00195
7438,508,dens_1397318239527979287,508,Density,<Substance C1CCOCC1{solv}{x=0.491500}|Cc1ccccc1{solv}{x=0.508500}>,C1CCOCC1,Cc1ccccc1,fb-fit-v0-single-mean-k20,1,0.8711823456929906,0.0002422192504062,0.8715100000000002,0.000505
7439,509,dhmix_1508130989501940613,509,EnthalpyOfMixing,<Substance C1CCOCC1{solv}{x=0.741300}|Cc1ccccc1{solv}{x=0.258700}>,C1CCOCC1,Cc1ccccc1,fb-fit-v0-single-mean-k20,1,-0.1592791221211484,0.0438495341494666,-0.1629,0.0019
7440,510,dhmix_271732469428717581,510,EnthalpyOfMixing,<Substance COc1ccccc1{solv}{x=0.237400}|OCCCc1ccccc1{solv}{x=0.762600}>,COc1ccccc1,OCCCc1ccccc1,fb-fit-v0-single-mean-k20,1,0.3837986337727699,0.053924384043192,0.6076,0.0066
7441,511,dhmix_1174392275991455181,511,EnthalpyOfMixing,<Substance COc1ccccc1{solv}{x=0.554700}|OCCCc1ccccc1{solv}{x=0.445300}>,COc1ccccc1,OCCCc1ccccc1,fb-fit-v0-single-mean-k20,1,0.7925946742605561,0.0447674674884255,1.0293,0.01105
7442,512,dhmix_1179341622676685107,512,EnthalpyOfMixing,<Substance COc1ccccc1{solv}{x=0.713600}|OCCCc1ccccc1{solv}{x=0.286400}>,COc1ccccc1,OCCCc1ccccc1,fb-fit-v0-single-mean-k20,1,1.1933508573729057,0.047725073569178,1.1088,0.0119
7443,513,dens_1468428612899754720,513,Density,<Substance COc1ccccc1{solv}{x=0.747700}|OCCCc1ccccc1{solv}{x=0.252300}>,COc1ccccc1,OCCCc1ccccc1,fb-fit-v0-single-mean-k20,1,0.977675234428752,0.0002297602592691,0.9827800000000002,0.00026
7444,514,dens_1534619098234859574,514,Density,<Substance COc1ccccc1{solv}{x=0.555100}|OCCCc1ccccc1{solv}{x=0.444900}>,COc1ccccc1,OCCCc1ccccc1,fb-fit-v0-single-mean-k20,1,0.9818673562089648,0.0001515248118561,0.9852700000000002,0.00026
7445,515,dens_2298154173340539222,515,Density,<Substance COc1ccccc1{solv}{x=0.263600}|OCCCc1ccccc1{solv}{x=0.736400}>,COc1ccccc1,OCCCc1ccccc1,fb-fit-v0-single-mean-k20,1,0.98736907201421,0.0003004819350757,0.9885500000000002,0.00026
7446,516,dens_274848672468745759,516,Density,<Substance CCCCOC(C)=O{solv}{x=0.293400}|c1ccccc1{solv}{x=0.706600}>,CCCCOC(C)=O,c1ccccc1,fb-fit-v0-single-mean-k20,1,0.8819969012970139,0.0002439678266457,0.8736600000000002,0.00021
7447,517,dens_493354132810710227,517,Density,<Substance CCCCOC(C)=O{solv}{x=0.710500}|c1ccccc1{solv}{x=0.289500}>,CCCCOC(C)=O,c1ccccc1,fb-fit-v0-single-mean-k20,1,0.8809963793876251,0.0002473629538249,0.8751500000000002,0.000335
7448,518,dhmix_754807126845437364,518,EnthalpyOfMixing,<Substance CCCCOC(C)=O{solv}{x=0.495800}|c1ccccc1{solv}{x=0.504200}>,CCCCOC(C)=O,c1ccccc1,fb-fit-v0-single-mean-k20,1,-0.0588672012044533,0.0445578436802228,-0.0245,0.001
7449,519,dens_834118541551127044,519,Density,<Substance CCCCOC(C)=O{solv}{x=0.504400}|c1ccccc1{solv}{x=0.495600}>,CCCCOC(C)=O,c1ccccc1,fb-fit-v0-single-mean-k20,1,0.8813613650849073,0.0001506034170069,0.8744300000000002,0.000265
7450,520,dhmix_1349932525480083284,520,EnthalpyOfMixing,<Substance CCCCOC(C)=O{solv}{x=0.252300}|c1ccccc1{solv}{x=0.747700}>,CCCCOC(C)=O,c1ccccc1,fb-fit-v0-single-mean-k20,1,-0.0256831490699553,0.0412778277515401,-0.014,0.0009
7451,521,dhmix_1597992980658352112,521,EnthalpyOfMixing,<Substance CCCCOC(C)=O{solv}{x=0.771400}|c1ccccc1{solv}{x=0.228600}>,CCCCOC(C)=O,c1ccccc1,fb-fit-v0-single-mean-k20,1,0.0322341900772205,0.0422151923584015,-0.0245,0.001
7452,522,dens_275501958869207518,522,Density,<Substance C1CCOCC1{solv}{x=0.226300}|Cc1ccccc1Cl{solv}{x=0.773700}>,C1CCOCC1,Cc1ccccc1Cl,fb-fit-v0-single-mean-k20,1,1.0466912219519195,0.0002474618646308,1.0396,0.0005
7453,523,dhmix_818597523255588519,523,EnthalpyOfMixing,<Substance C1CCOCC1{solv}{x=0.753300}|Cc1ccccc1Cl{solv}{x=0.246700}>,C1CCOCC1,Cc1ccccc1Cl,fb-fit-v0-single-mean-k20,1,-0.3086200005560755,0.0461599963125561,-0.154,0.001
7454,524,dhmix_849121557716978550,524,EnthalpyOfMixing,<Substance C1CCOCC1{solv}{x=0.517500}|Cc1ccccc1Cl{solv}{x=0.482500}>,C1CCOCC1,Cc1ccccc1Cl,fb-fit-v0-single-mean-k20,1,-0.3132857614033213,0.0420741347011902,-0.22,0.0015
7455,525,dens_946978292781731327,525,Density,<Substance C1CCOCC1{solv}{x=0.478400}|Cc1ccccc1Cl{solv}{x=0.521600}>,C1CCOCC1,Cc1ccccc1Cl,fb-fit-v0-single-mean-k20,1,0.9966349599054848,0.0002439583715178,0.9931600000000002,0.00051
7456,526,dhmix_997266220336132741,526,EnthalpyOfMixing,<Substance C1CCOCC1{solv}{x=0.263200}|Cc1ccccc1Cl{solv}{x=0.736800}>,C1CCOCC1,Cc1ccccc1Cl,fb-fit-v0-single-mean-k20,1,-0.3135240605325435,0.0466570389154757,-0.175,0.001
7457,527,dens_1191185394819541532,527,Density,<Substance C1CCOCC1{solv}{x=0.765800}|Cc1ccccc1Cl{solv}{x=0.234200}>,C1CCOCC1,Cc1ccccc1Cl,fb-fit-v0-single-mean-k20,1,0.9323795704943032,0.0002717219525013,0.9336500000000002,0.000505
7458,528,dhmix_278334692660393021,528,EnthalpyOfMixing,<Substance CCCCCCC{solv}{x=0.205900}|CNc1ccccc1{solv}{x=0.794100}>,CCCCCCC,CNc1ccccc1,fb-fit-v0-single-mean-k20,1,1.6265497245482692,0.044796181176638,1.126,0.012
7459,529,dens_480658478095207102,529,Density,<Substance CCCCCCC{solv}{x=0.740500}|CNc1ccccc1{solv}{x=0.259500}>,CCCCCCC,CNc1ccccc1,fb-fit-v0-single-mean-k20,1,0.7420243658832928,0.0002213873555686,0.7424910000000001,0.00014
7460,530,dhmix_898293423987680187,530,EnthalpyOfMixing,<Substance CCCCCCC{solv}{x=0.501700}|CNc1ccccc1{solv}{x=0.498300}>,CCCCCCC,CNc1ccccc1,fb-fit-v0-single-mean-k20,1,2.385507367351863,0.0486999658423126,1.676,0.018
7461,531,dens_1509968737377061562,531,Density,<Substance CCCCCCC{solv}{x=0.250900}|CNc1ccccc1{solv}{x=0.749100}>,CCCCCCC,CNc1ccccc1,fb-fit-v0-single-mean-k20,1,0.8956954674636303,0.0002954307089059,0.8897150000000003,0.0002615
7462,532,dhmix_1680546488782143957,532,EnthalpyOfMixing,<Substance CCCCCCC{solv}{x=0.703200}|CNc1ccccc1{solv}{x=0.296800}>,CCCCCCC,CNc1ccccc1,fb-fit-v0-single-mean-k20,1,2.045649317585287,0.0438996172320886,1.539,0.0165
7463,533,dens_2074014246120135820,533,Density,<Substance CCCCCCC{solv}{x=0.497000}|CNc1ccccc1{solv}{x=0.503000}>,CCCCCCC,CNc1ccccc1,fb-fit-v0-single-mean-k20,1,0.8133747234457736,0.0001780278464541,0.8106920000000002,0.0001785
7464,534,dens_296890921001565391,534,Density,<Substance CCCCN{solv}{x=0.755200}|CN(C)C=O{solv}{x=0.244800}>,CCCCN,CN(C)C=O,fb-fit-v0-single-mean-k20,1,0.7856640847842155,0.0002298616777882,0.7762150000000002,0.000949
7465,535,dens_380536870617309130,535,Density,<Substance CCCCN{solv}{x=0.242800}|CN(C)C=O{solv}{x=0.757200}>,CCCCN,CN(C)C=O,fb-fit-v0-single-mean-k20,1,0.8740511023736615,0.000262039032174,0.8845160000000002,0.0010795
7466,536,dhmix_493117160214491795,536,EnthalpyOfMixing,<Substance CCCCN{solv}{x=0.244100}|CN(C)C=O{solv}{x=0.755900}>,CCCCN,CN(C)C=O,fb-fit-v0-single-mean-k20,1,0.1080556821591329,0.04158945788928,0.245,0.008
7467,537,dhmix_789225002934078019,537,EnthalpyOfMixing,<Substance CCCCN{solv}{x=0.750200}|CN(C)C=O{solv}{x=0.249800}>,CCCCN,CN(C)C=O,fb-fit-v0-single-mean-k20,1,0.1908761615853293,0.0463587618732561,0.32,0.01
7468,538,dhmix_941321571782058819,538,EnthalpyOfMixing,<Substance CCCCN{solv}{x=0.499200}|CN(C)C=O{solv}{x=0.500800}>,CCCCN,CN(C)C=O,fb-fit-v0-single-mean-k20,1,0.2396664560283952,0.0354954670247371,0.384,0.0115
7469,539,dens_2179361372918836941,539,Density,<Substance CCCCN{solv}{x=0.497200}|CN(C)C=O{solv}{x=0.502800}>,CCCCN,CN(C)C=O,fb-fit-v0-single-mean-k20,1,0.8287577216481298,0.0002454811843214,0.8277360000000001,0.001011
7470,540,dens_300257448272323407,540,Density,<Substance CC(C)O{solv}{x=0.745200}|NCCN{solv}{x=0.254800}>,CC(C)O,NCCN,fb-fit-v0-single-mean-k20,1,0.8391130694942731,0.000288371679469,0.8163970000000003,0.0002325
7471,541,dens_924750366683277351,541,Density,<Substance CC(C)O{solv}{x=0.203100}|NCCN{solv}{x=0.796900}>,CC(C)O,NCCN,fb-fit-v0-single-mean-k20,1,0.9436766060824964,0.0002941113908325,0.8736620000000003,0.0002225
7472,542,dens_2284409308160572308,542,Density,<Substance CC(C)O{solv}{x=0.489100}|NCCN{solv}{x=0.510900}>,CC(C)O,NCCN,fb-fit-v0-single-mean-k20,1,0.8839999561535845,0.0002574572874532,0.8449250000000001,0.0002245
7473,543,dens_305501840068636812,543,Density,<Substance CC(C)=O{solv}{x=0.750000}|CCO{solv}{x=0.250000}>,CC(C)=O,CCO,fb-fit-v0-single-mean-k20,1,0.7797874350551458,0.000313873135821,0.7859000000000002,0.000115
7474,544,dens_472577738907297293,544,Density,<Substance CC(C)=O{solv}{x=0.250000}|CCO{solv}{x=0.750000}>,CC(C)=O,CCO,fb-fit-v0-single-mean-k20,1,0.7816927404228519,0.0003312895830615,0.7861600000000002,0.000115
7475,545,dens_2271083741716457850,545,Density,<Substance CC(C)=O{solv}{x=0.499900}|CCO{solv}{x=0.500100}>,CC(C)=O,CCO,fb-fit-v0-single-mean-k20,1,0.7798788249127911,0.0002948914971815,0.7861900000000003,0.000115
7476,546,dens_307445163336341047,546,Density,<Substance CN1CCCC1=O{solv}{x=0.703700}|ClCCCl{solv}{x=0.296300}>,CN1CCCC1=O,ClCCCl,fb-fit-v0-single-mean-k20,1,1.0711725173699782,0.0002598081908732,1.0851000000000002,0.0002
7477,547,dhmix_453866769634566853,547,EnthalpyOfMixing,<Substance CN1CCCC1=O{solv}{x=0.253100}|ClCCCl{solv}{x=0.746900}>,CN1CCCC1=O,ClCCCl,fb-fit-v0-single-mean-k20,1,-0.5089898927080334,0.034452608947871,-0.8118,0.01525
7478,548,dhmix_536206650470008584,548,EnthalpyOfMixing,<Substance CN1CCCC1=O{solv}{x=0.500000}|ClCCCl{solv}{x=0.500000}>,CN1CCCC1=O,ClCCCl,fb-fit-v0-single-mean-k20,1,-0.5594095480881176,0.0363777918193896,-1.264,0.0055
7479,549,dens_1046625605566999080,549,Density,<Substance CN1CCCC1=O{solv}{x=0.202500}|ClCCCl{solv}{x=0.797500}>,CN1CCCC1=O,ClCCCl,fb-fit-v0-single-mean-k20,1,1.18464026686752,0.0003593019263709,1.1953000000000005,0.00025
7480,550,dhmix_1620571823529677157,550,EnthalpyOfMixing,<Substance CN1CCCC1=O{solv}{x=0.736700}|ClCCCl{solv}{x=0.263300}>,CN1CCCC1=O,ClCCCl,fb-fit-v0-single-mean-k20,1,-0.344721434435546,0.036256439640818,-0.8587,0.01605
7481,551,dens_2059567022041766694,551,Density,<Substance CN1CCCC1=O{solv}{x=0.497500}|ClCCCl{solv}{x=0.502500}>,CN1CCCC1=O,ClCCCl,fb-fit-v0-single-mean-k20,1,1.1183230770615935,0.0003067868405859,1.1283000000000003,0.0002
7482,552,dens_313234519309892479,552,Density,<Substance CC(=O)N(C)C{solv}{x=0.293800}|CCCCCCCCCl{solv}{x=0.706200}>,CC(=O)N(C)C,CCCCCCCCCl,fb-fit-v0-single-mean-k20,1,0.8754393528568025,0.0001892243643559,0.8796000000000003,0.00045
7483,553,dhmix_444785917463403590,553,EnthalpyOfMixing,<Substance CC(=O)N(C)C{solv}{x=0.703000}|CCCCCCCCCl{solv}{x=0.297000}>,CC(=O)N(C)C,CCCCCCCCCl,fb-fit-v0-single-mean-k20,1,0.9758567264381242,0.0464044884047588,0.751,0.004
7484,554,dhmix_705168937124106402,554,EnthalpyOfMixing,<Substance CC(=O)N(C)C{solv}{x=0.215000}|CCCCCCCCCl{solv}{x=0.785000}>,CC(=O)N(C)C,CCCCCCCCCl,fb-fit-v0-single-mean-k20,1,0.7367992821329352,0.0542645296327831,0.519,0.0035
7485,555,dens_1549584991651515376,555,Density,<Substance CC(=O)N(C)C{solv}{x=0.502200}|CCCCCCCCCl{solv}{x=0.497800}>,CC(=O)N(C)C,CCCCCCCCCl,fb-fit-v0-single-mean-k20,1,0.8800903996394297,0.0002170048592052,0.8902000000000002,0.0004
7486,556,dhmix_1732161251827083272,556,EnthalpyOfMixing,<Substance CC(=O)N(C)C{solv}{x=0.508000}|CCCCCCCCCl{solv}{x=0.492000}>,CC(=O)N(C)C,CCCCCCCCCl,fb-fit-v0-single-mean-k20,1,1.094323231456876,0.0507560570236002,0.829,0.004
7487,557,dens_2189889607118243828,557,Density,<Substance CC(=O)N(C)C{solv}{x=0.700500}|CCCCCCCCCl{solv}{x=0.299500}>,CC(=O)N(C)C,CCCCCCCCCl,fb-fit-v0-single-mean-k20,1,0.8871246485175005,0.0002083017053743,0.9041000000000002,0.00035
7488,558,dens_314482396827660717,558,Density,<Substance BrCCBr{solv}{x=0.753700}|COC(C)=O{solv}{x=0.246300}>,BrCCBr,COC(C)=O,fb-fit-v0-single-mean-k20,1,1.8468485070177831,0.0006485766524144,1.8774400000000004,0.003355
7489,559,dens_344993892965738820,559,Density,<Substance BrCCBr{solv}{x=0.275200}|COC(C)=O{solv}{x=0.724800}>,BrCCBr,COC(C)=O,fb-fit-v0-single-mean-k20,1,1.278098186082748,0.0003033322758527,1.2862400000000005,0.001125
7490,560,dhmix_545996968666061076,560,EnthalpyOfMixing,<Substance BrCCBr{solv}{x=0.720900}|COC(C)=O{solv}{x=0.279100}>,BrCCBr,COC(C)=O,fb-fit-v0-single-mean-k20,1,0.0738474250605243,0.0319429776212717,0.2594,0.0028
7491,561,dens_714044009336077786,561,Density,<Substance BrCCBr{solv}{x=0.512100}|COC(C)=O{solv}{x=0.487900}>,BrCCBr,COC(C)=O,fb-fit-v0-single-mean-k20,1,1.5667520228171288,0.0004515100433282,1.5834900000000005,0.0021
7492,562,dhmix_1222511035002547253,562,EnthalpyOfMixing,<Substance BrCCBr{solv}{x=0.485500}|COC(C)=O{solv}{x=0.514500}>,BrCCBr,COC(C)=O,fb-fit-v0-single-mean-k20,1,0.07851869025761,0.0341094225542363,0.2577,0.00275
7493,563,dhmix_1418101673429653456,563,EnthalpyOfMixing,<Substance BrCCBr{solv}{x=0.250800}|COC(C)=O{solv}{x=0.749200}>,BrCCBr,COC(C)=O,fb-fit-v0-single-mean-k20,1,0.1126811557425568,0.034888620907226,0.1202,0.0017
7494,564,dens_314934747194338330,564,Density,<Substance CC(C)CCl{solv}{x=0.513700}|CC(C)OC(C)C{solv}{x=0.486300}>,CC(C)CCl,CC(C)OC(C)C,fb-fit-v0-single-mean-k20,1,0.7931847707189139,0.0002803760685648,0.7878250000000002,0.000405
7495,565,dhmix_355399496844187096,565,EnthalpyOfMixing,<Substance CC(C)CCl{solv}{x=0.545300}|CC(C)OC(C)C{solv}{x=0.454700}>,CC(C)CCl,CC(C)OC(C)C,fb-fit-v0-single-mean-k20,1,-0.1682417963739908,0.0413351779659336,-0.0957,0.0012
7496,566,dens_688062365117407068,566,Density,<Substance CC(C)CCl{solv}{x=0.805900}|CC(C)OC(C)C{solv}{x=0.194100}>,CC(C)CCl,CC(C)OC(C)C,fb-fit-v0-single-mean-k20,1,0.8364172695002627,0.0002590581197723,0.8355300000000002,0.0003555
7497,567,dhmix_1411881046585885461,567,EnthalpyOfMixing,<Substance CC(C)CCl{solv}{x=0.090700}|CC(C)OC(C)C{solv}{x=0.909300}>,CC(C)CCl,CC(C)OC(C)C,fb-fit-v0-single-mean-k20,1,-0.1317653996124974,0.0448370744693443,-0.0302,0.00055
7498,568,dens_1762455266351712367,568,Density,<Substance CC(C)CCl{solv}{x=0.091000}|CC(C)OC(C)C{solv}{x=0.909000}>,CC(C)CCl,CC(C)OC(C)C,fb-fit-v0-single-mean-k20,1,0.74112972080483,0.0002134302585566,0.7293950000000001,0.000464
7499,569,dhmix_2302865667781063708,569,EnthalpyOfMixing,<Substance CC(C)CCl{solv}{x=0.727000}|CC(C)OC(C)C{solv}{x=0.273000}>,CC(C)CCl,CC(C)OC(C)C,fb-fit-v0-single-mean-k20,1,-0.0918613570113962,0.0392662648250507,-0.0791,0.001
7500,570,dens_321327254341950207,570,Density,<Substance C1COCCO1{solv}{x=0.780300}|CCCCCC(C)=O{solv}{x=0.219700}>,C1COCCO1,CCCCCC(C)=O,fb-fit-v0-single-mean-k20,1,0.9556791578202456,0.0002433541771486,0.9576500000000002,0.0003
7501,571,dens_377701756930918353,571,Density,<Substance C1COCCO1{solv}{x=0.500600}|CCCCCC(C)=O{solv}{x=0.499400}>,C1COCCO1,CCCCCC(C)=O,fb-fit-v0-single-mean-k20,1,0.890432538044784,0.0002354665853344,0.8916700000000002,0.000345
7502,572,dhmix_600625644134907580,572,EnthalpyOfMixing,<Substance C1COCCO1{solv}{x=0.500000}|CCCCCC(C)=O{solv}{x=0.500000}>,C1COCCO1,CCCCCC(C)=O,fb-fit-v0-single-mean-k20,1,0.4341748628551301,0.0364344342723807,0.4509,0.002255
7503,573,dens_1451069448215305244,573,Density,<Substance C1COCCO1{solv}{x=0.220300}|CCCCCC(C)=O{solv}{x=0.779700}>,C1COCCO1,CCCCCC(C)=O,fb-fit-v0-single-mean-k20,1,0.8409628305699655,0.0001950886249783,0.8420800000000003,0.000385
7504,574,dhmix_2028813035406256788,574,EnthalpyOfMixing,<Substance C1COCCO1{solv}{x=0.750000}|CCCCCC(C)=O{solv}{x=0.250000}>,C1COCCO1,CCCCCC(C)=O,fb-fit-v0-single-mean-k20,1,0.4669787682109074,0.0433538741238858,0.4064,0.00209
7505,575,dhmix_2222211577832383320,575,EnthalpyOfMixing,<Substance C1COCCO1{solv}{x=0.250000}|CCCCCC(C)=O{solv}{x=0.750000}>,C1COCCO1,CCCCCC(C)=O,fb-fit-v0-single-mean-k20,1,0.3026499723375337,0.0469116025991303,0.2911,0.00164
7506,576,dhmix_325212618372456630,576,EnthalpyOfMixing,<Substance CCCCCCC{solv}{x=0.500000}|c1ccccc1{solv}{x=0.500000}>,CCCCCCC,c1ccccc1,fb-fit-v0-single-mean-k20,1,1.3533074985636375,0.0423301495862034,0.9235,0.0051
7507,577,dhmix_409350268177199962,577,EnthalpyOfMixing,<Substance CCCCCCC{solv}{x=0.751900}|c1ccccc1{solv}{x=0.248100}>,CCCCCCC,c1ccccc1,fb-fit-v0-single-mean-k20,1,0.8680027966468487,0.0489563247918301,0.6047,0.0035
7508,578,dens_1685942387769177799,578,Density,<Substance CCCCCCC{solv}{x=0.913667}|c1ccccc1{solv}{x=0.086333}>,CCCCCCC,c1ccccc1,fb-fit-v0-single-mean-k20,1,0.6884333529182342,0.0001971681769531,0.6892400000000002,0.000805
7509,579,dens_2148382258223830900,579,Density,<Substance CCCCCCC{solv}{x=0.273700}|c1ccccc1{solv}{x=0.726300}>,CCCCCCC,c1ccccc1,fb-fit-v0-single-mean-k20,1,0.7929056932784203,0.0002059738581886,0.7855000000000002,0.00015
7510,580,dens_2219829254239605828,580,Density,<Substance CCCCCCC{solv}{x=0.492200}|c1ccccc1{solv}{x=0.507800}>,CCCCCCC,c1ccccc1,fb-fit-v0-single-mean-k20,1,0.7448423350524898,0.0002331000531936,0.7409000000000001,0.00015
7511,581,dhmix_2296565820723783732,581,EnthalpyOfMixing,<Substance CCCCCCC{solv}{x=0.242400}|c1ccccc1{solv}{x=0.757600}>,CCCCCCC,c1ccccc1,fb-fit-v0-single-mean-k20,1,1.0616883657966838,0.0433334198914275,0.7775,0.0044
7512,582,dens_326446104630354701,582,Density,<Substance BrCCBr{solv}{x=0.728600}|CCC(=O)OC{solv}{x=0.271400}>,BrCCBr,CCC(=O)OC,fb-fit-v0-single-mean-k20,1,1.767536442549808,0.0005820283281603,1.7949900000000003,0.00303
7513,583,dens_886315086380393150,583,Density,<Substance BrCCBr{solv}{x=0.494400}|CCC(=O)OC{solv}{x=0.505600}>,BrCCBr,CCC(=O)OC,fb-fit-v0-single-mean-k20,1,1.4752074611384869,0.0005060626827389,1.4941800000000005,0.001825
7514,584,dhmix_1410129135672303476,584,EnthalpyOfMixing,<Substance BrCCBr{solv}{x=0.491400}|CCC(=O)OC{solv}{x=0.508600}>,BrCCBr,CCC(=O)OC,fb-fit-v0-single-mean-k20,1,-0.0470859992457644,0.0348066013854787,0.0195,0.00185
7515,585,dhmix_1551714230583118668,585,EnthalpyOfMixing,<Substance BrCCBr{solv}{x=0.755400}|CCC(=O)OC{solv}{x=0.244600}>,BrCCBr,CCC(=O)OC,fb-fit-v0-single-mean-k20,1,-0.056294029953559,0.0347330095945533,0.09,0.00295
7516,586,dhmix_1596310059176209101,586,EnthalpyOfMixing,<Substance BrCCBr{solv}{x=0.214800}|CCC(=O)OC{solv}{x=0.785200}>,BrCCBr,CCC(=O)OC,fb-fit-v0-single-mean-k20,1,-0.0377609391988309,0.0432260055530384,-0.0281,0.002
7517,587,dens_1860027304017736150,587,Density,<Substance BrCCBr{solv}{x=0.257000}|CCC(=O)OC{solv}{x=0.743000}>,BrCCBr,CCC(=O)OC,fb-fit-v0-single-mean-k20,1,1.1939990368713411,0.0003423590529781,1.2059400000000002,0.000915
7518,588,dhmix_334328961632702336,588,EnthalpyOfMixing,<Substance Cc1ccccc1N{solv}{x=0.492600}|Cc1cccnc1{solv}{x=0.507400}>,Cc1ccccc1N,Cc1cccnc1,fb-fit-v0-single-mean-k20,1,-1.752602261437183,0.0389477908722978,-1.4091,0.0287
7519,589,dhmix_382843935535082222,589,EnthalpyOfMixing,<Substance Cc1ccccc1N{solv}{x=0.232300}|Cc1cccnc1{solv}{x=0.767700}>,Cc1ccccc1N,Cc1cccnc1,fb-fit-v0-single-mean-k20,1,-1.1760923643958918,0.0412748310765581,-1.1196,0.02285
7520,590,dens_890019852111400701,590,Density,<Substance Cc1ccccc1N{solv}{x=0.533600}|Cc1cccnc1{solv}{x=0.466400}>,Cc1ccccc1N,Cc1cccnc1,fb-fit-v0-single-mean-k20,1,0.9866919932804172,0.0002168063571208,0.9795770000000004,0.0001185
7521,591,dens_1033313642915027277,591,Density,<Substance Cc1ccccc1N{solv}{x=0.737200}|Cc1cccnc1{solv}{x=0.262800}>,Cc1ccccc1N,Cc1cccnc1,fb-fit-v0-single-mean-k20,1,0.9995053648344712,0.0002507879966334,0.9867010000000004,0.000118
7522,592,dhmix_1057104304179164775,592,EnthalpyOfMixing,<Substance Cc1ccccc1N{solv}{x=0.778900}|Cc1cccnc1{solv}{x=0.221100}>,Cc1ccccc1N,Cc1cccnc1,fb-fit-v0-single-mean-k20,1,-0.9260617622049808,0.0513279523992107,-0.8735,0.01785
7523,593,dens_1445313714023685702,593,Density,<Substance Cc1ccccc1N{solv}{x=0.246700}|Cc1cccnc1{solv}{x=0.753300}>,Cc1ccccc1N,Cc1cccnc1,fb-fit-v0-single-mean-k20,1,0.9658378268030302,0.0001813476386937,0.9668750000000004,0.00012
7524,594,dens_335631113096608920,594,Density,<Substance CCC(C)=O{solv}{x=0.501800}|CCCCNCCCC{solv}{x=0.498200}>,CCC(C)=O,CCCCNCCCC,fb-fit-v0-single-mean-k20,1,0.7707991391747407,0.0002203461311702,0.7693960000000002,9.950000000000003e-05
7525,595,dhmix_551451232292287572,595,EnthalpyOfMixing,<Substance CCC(C)=O{solv}{x=0.215400}|CCCCNCCCC{solv}{x=0.784600}>,CCC(C)=O,CCCCNCCCC,fb-fit-v0-single-mean-k20,1,0.1131700867741187,0.0528408685507598,0.417,0.0045
7526,596,dens_800787154192710377,596,Density,<Substance CCC(C)=O{solv}{x=0.260300}|CCCCNCCCC{solv}{x=0.739700}>,CCC(C)=O,CCCCNCCCC,fb-fit-v0-single-mean-k20,1,0.7658249419754761,0.0001994297588032,0.7614750000000002,0.0001005
7527,597,dhmix_1210431916849512476,597,EnthalpyOfMixing,<Substance CCC(C)=O{solv}{x=0.504400}|CCCCNCCCC{solv}{x=0.495600}>,CCC(C)=O,CCCCNCCCC,fb-fit-v0-single-mean-k20,1,0.2329278809772574,0.0464068137923069,0.619,0.0065
7528,598,dhmix_1503682496766473076,598,EnthalpyOfMixing,<Substance CCC(C)=O{solv}{x=0.792200}|CCCCNCCCC{solv}{x=0.207800}>,CCC(C)=O,CCCCNCCCC,fb-fit-v0-single-mean-k20,1,0.2239487723658904,0.0440969718225551,0.425,0.0045
7529,599,dens_2232561341275312196,599,Density,<Substance CCC(C)=O{solv}{x=0.747300}|CCCCNCCCC{solv}{x=0.252700}>,CCC(C)=O,CCCCNCCCC,fb-fit-v0-single-mean-k20,1,0.7773537597084155,0.0001963241656773,0.7810500000000001,9.750000000000004e-05
7530,600,dhmix_335934546122425398,600,EnthalpyOfMixing,<Substance C1CCOCC1{solv}{x=0.550000}|O=C1CCCC1{solv}{x=0.450000}>,C1CCOCC1,O=C1CCCC1,fb-fit-v0-single-mean-k20,1,0.002983397834761,0.0424928357001906,0.15813,0.001
7531,601,dhmix_337659115721770978,601,EnthalpyOfMixing,<Substance C1CCOCC1{solv}{x=0.250000}|O=C1CCCC1{solv}{x=0.750000}>,C1CCOCC1,O=C1CCCC1,fb-fit-v0-single-mean-k20,1,0.0217652790800428,0.0413971334477504,0.11325,0.00084
7532,602,dens_579415285212890284,602,Density,<Substance C1CCOCC1{solv}{x=0.708000}|O=C1CCCC1{solv}{x=0.292000}>,C1CCOCC1,O=C1CCCC1,fb-fit-v0-single-mean-k20,1,0.8899385036170553,0.0002373420259769,0.8972200000000002,0.00023
7533,603,dens_788777315764582180,603,Density,<Substance C1CCOCC1{solv}{x=0.549800}|O=C1CCCC1{solv}{x=0.450200}>,C1CCOCC1,O=C1CCCC1,fb-fit-v0-single-mean-k20,1,0.8990827355911907,0.0002448871495206,0.9073000000000002,0.000235
7534,604,dens_1539654406736576807,604,Density,<Substance C1CCOCC1{solv}{x=0.235400}|O=C1CCCC1{solv}{x=0.764600}>,C1CCOCC1,O=C1CCCC1,fb-fit-v0-single-mean-k20,1,0.917707445992394,0.0002470104104182,0.9281000000000004,0.00024
7535,605,dhmix_1706969020375394315,605,EnthalpyOfMixing,<Substance C1CCOCC1{solv}{x=0.750000}|O=C1CCCC1{solv}{x=0.250000}>,C1CCOCC1,O=C1CCCC1,fb-fit-v0-single-mean-k20,1,0.0755053986373681,0.0339129138170978,0.12811,0.000895
7536,606,dens_337077748334497354,606,Density,<Substance CN1CCCCC1{solv}{x=0.245200}|O{solv}{x=0.754800}>,CN1CCCCC1,O,fb-fit-v0-single-mean-k20,1,0.8979758742879402,0.0003634079989649,0.9038110000000004,9.700000000000004e-05
7537,607,dens_1619467922469494964,607,Density,<Substance CN1CCCCC1{solv}{x=0.790700}|O{solv}{x=0.209300}>,CN1CCCCC1,O,fb-fit-v0-single-mean-k20,1,0.8506339358470684,0.0002200453105319,0.8260470000000002,0.000108
7538,608,dens_1725290505257505407,608,Density,<Substance CN1CCCCC1{solv}{x=0.505000}|O{solv}{x=0.495000}>,CN1CCCCC1,O,fb-fit-v0-single-mean-k20,1,0.870306707543194,0.0002720097710838,0.8581580000000002,9.450000000000002e-05
7539,609,dhmix_344305070199657817,609,EnthalpyOfMixing,<Substance CC(C)CC(C)(C)C{solv}{x=0.200300}|CCCO{solv}{x=0.799700}>,CC(C)CC(C)(C)C,CCCO,fb-fit-v0-single-mean-k20,1,0.3996428483385941,0.0410642661578113,0.308,0.0055
7540,610,dens_1020839744665732433,610,Density,<Substance CC(C)CC(C)(C)C{solv}{x=0.200100}|CCCO{solv}{x=0.799900}>,CC(C)CC(C)(C)C,CCCO,fb-fit-v0-single-mean-k20,1,0.7661798171294092,0.0002781266890121,0.7589500000000002,0.00029
7541,611,dens_1348847431810734601,611,Density,<Substance CC(C)CC(C)(C)C{solv}{x=0.700000}|CCCO{solv}{x=0.300000}>,CC(C)CC(C)(C)C,CCCO,fb-fit-v0-single-mean-k20,1,0.72481935452417,0.0002213328095039,0.7046500000000001,0.00028
7542,612,dhmix_1376194238727172922,612,EnthalpyOfMixing,<Substance CC(C)CC(C)(C)C{solv}{x=0.499800}|CCCO{solv}{x=0.500200}>,CC(C)CC(C)(C)C,CCCO,fb-fit-v0-single-mean-k20,1,0.755859133337637,0.0470402582025313,0.6025,0.0027
7543,613,dhmix_1868873434415785592,613,EnthalpyOfMixing,<Substance CC(C)CC(C)(C)C{solv}{x=0.699900}|CCCO{solv}{x=0.300100}>,CC(C)CC(C)(C)C,CCCO,fb-fit-v0-single-mean-k20,1,0.6847773959207899,0.0539041470712791,0.6544,0.0029
7544,614,dens_1870552320710773195,614,Density,<Substance CC(C)CC(C)(C)C{solv}{x=0.500000}|CCCO{solv}{x=0.500000}>,CC(C)CC(C)(C)C,CCCO,fb-fit-v0-single-mean-k20,1,0.7373144815323406,0.000216502697152,0.7214400000000002,0.00028
7545,615,dens_344701479262570906,615,Density,<Substance C1CCOCC1{solv}{x=0.246100}|Cc1cccnc1{solv}{x=0.753900}>,C1CCOCC1,Cc1cccnc1,fb-fit-v0-single-mean-k20,1,0.9279983376056872,0.0002452645207565,0.9348570000000002,0.0004915
7546,616,dhmix_772935681699310364,616,EnthalpyOfMixing,<Substance C1CCOCC1{solv}{x=0.480300}|Cc1cccnc1{solv}{x=0.519700}>,C1CCOCC1,Cc1cccnc1,fb-fit-v0-single-mean-k20,1,0.0010589044512983,0.0343311251112701,0.1271,0.00115
7547,617,dens_1179184695460672925,617,Density,<Substance C1CCOCC1{solv}{x=0.756800}|Cc1cccnc1{solv}{x=0.243200}>,C1CCOCC1,Cc1cccnc1,fb-fit-v0-single-mean-k20,1,0.8911484475955821,0.0002594058953656,0.8976640000000002,0.0004655
7548,618,dens_1273033541520518804,618,Density,<Substance C1CCOCC1{solv}{x=0.482700}|Cc1cccnc1{solv}{x=0.517300}>,C1CCOCC1,Cc1cccnc1,fb-fit-v0-single-mean-k20,1,0.9115894955580746,0.0002551177962059,0.9179640000000002,0.00048
7549,619,dhmix_1594947441282636711,619,EnthalpyOfMixing,<Substance C1CCOCC1{solv}{x=0.735500}|Cc1cccnc1{solv}{x=0.264500}>,C1CCOCC1,Cc1cccnc1,fb-fit-v0-single-mean-k20,1,0.0511274809781383,0.0466937535348476,0.0924,0.00095
7550,620,dhmix_2075643137470349800,620,EnthalpyOfMixing,<Substance C1CCOCC1{solv}{x=0.273200}|Cc1cccnc1{solv}{x=0.726800}>,C1CCOCC1,Cc1cccnc1,fb-fit-v0-single-mean-k20,1,0.0202761875914987,0.0432931914575744,0.1036,0.001
7551,621,dhmix_346841872844739570,621,EnthalpyOfMixing,<Substance CC#N{solv}{x=0.700700}|CCOC(C)(C)C{solv}{x=0.299300}>,CC#N,CCOC(C)(C)C,fb-fit-v0-single-mean-k20,1,0.1437599323293295,0.0281668254741382,0.6176,0.0084
7552,622,dhmix_840136828933604757,622,EnthalpyOfMixing,<Substance CC#N{solv}{x=0.199000}|CCOC(C)(C)C{solv}{x=0.801000}>,CC#N,CCOC(C)(C)C,fb-fit-v0-single-mean-k20,1,0.0341698509639911,0.0501670790584545,0.4418,0.006
7553,623,dhmix_1934525864391020215,623,EnthalpyOfMixing,<Substance CC#N{solv}{x=0.501600}|CCOC(C)(C)C{solv}{x=0.498400}>,CC#N,CCOC(C)(C)C,fb-fit-v0-single-mean-k20,1,0.1016114971527859,0.0381415006432107,0.7098,0.00965
7554,624,dens_1954735606040559695,624,Density,<Substance CC#N{solv}{x=0.700700}|CCOC(C)(C)C{solv}{x=0.299300}>,CC#N,CCOC(C)(C)C,fb-fit-v0-single-mean-k20,1,0.7592572220419457,0.0002234731009454,0.7595000000000002,0.00045
7555,625,dens_2173310521496796694,625,Density,<Substance CC#N{solv}{x=0.501600}|CCOC(C)(C)C{solv}{x=0.498400}>,CC#N,CCOC(C)(C)C,fb-fit-v0-single-mean-k20,1,0.7566450744462938,0.0002650793015952,0.7510000000000002,0.00035
7556,626,dens_2235331649530959984,626,Density,<Substance CC#N{solv}{x=0.199000}|CCOC(C)(C)C{solv}{x=0.801000}>,CC#N,CCOC(C)(C)C,fb-fit-v0-single-mean-k20,1,0.7510908896941363,0.0002023249688797,0.7408000000000001,0.00015
7557,627,dhmix_355078149157572999,627,EnthalpyOfMixing,<Substance OCCOCCO{solv}{x=0.790600}|O{solv}{x=0.209400}>,O,OCCOCCO,fb-fit-v0-single-mean-k20,1,-0.7443710566583093,0.042784164426677,-0.521,0.003
7558,628,dhmix_514261244195159379,628,EnthalpyOfMixing,<Substance OCCOCCO{solv}{x=0.300400}|O{solv}{x=0.699600}>,O,OCCOCCO,fb-fit-v0-single-mean-k20,1,-0.9651594336095464,0.026059948542877,-1.245,0.0065
7559,629,dhmix_1512634639127890343,629,EnthalpyOfMixing,<Substance OCCOCCO{solv}{x=0.501000}|O{solv}{x=0.499000}>,O,OCCOCCO,fb-fit-v0-single-mean-k20,1,-0.8952746164713332,0.046293416905032,-1.149,0.0065
7560,630,dens_1532732041743097130,630,Density,<Substance OCCOCCO{solv}{x=0.500600}|O{solv}{x=0.499400}>,O,OCCOCCO,fb-fit-v0-single-mean-k20,1,1.112047033184715,0.0003298230512841,1.1070700000000002,0.00026
7561,631,dens_1948924545926470959,631,Density,<Substance OCCOCCO{solv}{x=0.700300}|O{solv}{x=0.299700}>,O,OCCOCCO,fb-fit-v0-single-mean-k20,1,1.1200132264534397,0.0003534198836022,1.1111900000000003,0.000285
7562,632,dens_2114974877291939954,632,Density,<Substance OCCOCCO{solv}{x=0.301000}|O{solv}{x=0.699000}>,O,OCCOCCO,fb-fit-v0-single-mean-k20,1,1.0939587976184193,0.0002680655458504,1.0958900000000005,0.000305
7563,633,dhmix_355690558520209737,633,EnthalpyOfMixing,<Substance CC(C)CC(C)(C)C{solv}{x=0.774800}|CC(C)OC(C)C{solv}{x=0.225200}>,CC(C)CC(C)(C)C,CC(C)OC(C)C,fb-fit-v0-single-mean-k20,1,0.3744971952388454,0.0562877920893278,0.132161,0.001556
7564,634,dens_706481868145479619,634,Density,<Substance CC(C)CC(C)(C)C{solv}{x=0.250000}|CC(C)OC(C)C{solv}{x=0.750000}>,CC(C)CC(C)(C)C,CC(C)OC(C)C,fb-fit-v0-single-mean-k20,1,0.7241472890855551,0.0002047069359504,0.7090800000000002,0.000155
7565,635,dens_960755156711549154,635,Density,<Substance CC(C)CC(C)(C)C{solv}{x=0.750000}|CC(C)OC(C)C{solv}{x=0.250000}>,CC(C)CC(C)(C)C,CC(C)OC(C)C,fb-fit-v0-single-mean-k20,1,0.7154953044891583,0.0001928071284166,0.6937500000000002,0.000155
7566,636,dens_1165117582450092341,636,Density,<Substance CC(C)CC(C)(C)C{solv}{x=0.500900}|CC(C)OC(C)C{solv}{x=0.499100}>,CC(C)CC(C)(C)C,CC(C)OC(C)C,fb-fit-v0-single-mean-k20,1,0.7191552951310485,0.0001924073173618,0.7005900000000002,0.000105
7567,637,dhmix_1819714300540494359,637,EnthalpyOfMixing,<Substance CC(C)CC(C)(C)C{solv}{x=0.512500}|CC(C)OC(C)C{solv}{x=0.487500}>,CC(C)CC(C)(C)C,CC(C)OC(C)C,fb-fit-v0-single-mean-k20,1,0.4657332940096097,0.0490844157371578,0.197047,0.002233
7568,638,dhmix_2031984064821599856,638,EnthalpyOfMixing,<Substance CC(C)CC(C)(C)C{solv}{x=0.269300}|CC(C)OC(C)C{solv}{x=0.730700}>,CC(C)CC(C)(C)C,CC(C)OC(C)C,fb-fit-v0-single-mean-k20,1,0.3977229742454753,0.0480943405270221,0.158983,0.0018345
7569,639,dens_357198687829738077,639,Density,<Substance C1CCOCC1{solv}{x=0.223500}|CCCCCC(C)=O{solv}{x=0.776500}>,C1CCOCC1,CCCCCC(C)=O,fb-fit-v0-single-mean-k20,1,0.8196422821593565,0.0001978856225671,0.8221200000000002,0.000375
7570,640,dens_1074719884132299485,640,Density,<Substance C1CCOCC1{solv}{x=0.516600}|CCCCCC(C)=O{solv}{x=0.483400}>,C1CCOCC1,CCCCCC(C)=O,fb-fit-v0-single-mean-k20,1,0.8357065796573475,0.0002098493329938,0.8396100000000002,0.00032
7571,641,dens_1427208283653313137,641,Density,<Substance C1CCOCC1{solv}{x=0.710100}|CCCCCC(C)=O{solv}{x=0.289900}>,C1CCOCC1,CCCCCC(C)=O,fb-fit-v0-single-mean-k20,1,0.8495894251516274,0.0002265975360737,0.8534200000000002,0.000285
7572,642,dhmix_1485904869507380555,642,EnthalpyOfMixing,<Substance C1CCOCC1{solv}{x=0.500000}|CCCCCC(C)=O{solv}{x=0.500000}>,C1CCOCC1,CCCCCC(C)=O,fb-fit-v0-single-mean-k20,1,0.1635024170717471,0.0458722810950236,0.05773,0.000615
7573,643,dhmix_1931504734279468677,643,EnthalpyOfMixing,<Substance C1CCOCC1{solv}{x=0.250000}|CCCCCC(C)=O{solv}{x=0.750000}>,C1CCOCC1,CCCCCC(C)=O,fb-fit-v0-single-mean-k20,1,0.1187468688923942,0.0477692566944569,0.03429,0.00053
7574,644,dhmix_2296263041755700053,644,EnthalpyOfMixing,<Substance C1CCOCC1{solv}{x=0.750000}|CCCCCC(C)=O{solv}{x=0.250000}>,C1CCOCC1,CCCCCC(C)=O,fb-fit-v0-single-mean-k20,1,0.1271275983306594,0.0428333408737963,0.05587,0.00061
7575,645,dhmix_357499987240135169,645,EnthalpyOfMixing,<Substance CCCCC{solv}{x=0.772700}|CCCCOC=O{solv}{x=0.227300}>,CCCCC,CCCCOC=O,fb-fit-v0-single-mean-k20,1,1.1606534719322212,0.0437611287719108,0.87,0.004
7576,646,dens_435201289177646286,646,Density,<Substance CCCCC{solv}{x=0.504200}|CCCCOC=O{solv}{x=0.495800}>,CCCCC,CCCCOC=O,fb-fit-v0-single-mean-k20,1,0.7566571185019378,0.0001618870329407,0.7523000000000001,0.00024
7577,647,dens_635752291929824010,647,Density,<Substance CCCCC{solv}{x=0.699000}|CCCCOC=O{solv}{x=0.301000}>,CCCCC,CCCCOC=O,fb-fit-v0-single-mean-k20,1,0.699466409256794,0.0002430394777331,0.6994600000000002,0.00018
7578,648,dhmix_869493303716364153,648,EnthalpyOfMixing,<Substance CCCCC{solv}{x=0.490500}|CCCCOC=O{solv}{x=0.509500}>,CCCCC,CCCCOC=O,fb-fit-v0-single-mean-k20,1,1.2251190749649084,0.0410832889348408,0.959,0.004
7579,649,dhmix_1188548276416925178,649,EnthalpyOfMixing,<Substance CCCCC{solv}{x=0.246000}|CCCCOC=O{solv}{x=0.754000}>,CCCCC,CCCCOC=O,fb-fit-v0-single-mean-k20,1,0.8589469376504937,0.0431346174827144,0.632,0.003
7580,650,dens_1944800378076074966,650,Density,<Substance CCCCC{solv}{x=0.247100}|CCCCOC=O{solv}{x=0.752900}>,CCCCC,CCCCOC=O,fb-fit-v0-single-mean-k20,1,0.8315247674247026,0.0002385687001449,0.8221800000000001,0.000375
7581,651,dhmix_357740737126275220,651,EnthalpyOfMixing,<Substance CC(=O)N(C)C{solv}{x=0.212000}|CCCCCl{solv}{x=0.788000}>,CC(=O)N(C)C,CCCCCl,fb-fit-v0-single-mean-k20,1,0.4770720684854268,0.0392987551275296,0.244,0.0025
7582,652,dens_563556088097831353,652,Density,<Substance CC(=O)N(C)C{solv}{x=0.499000}|CCCCCl{solv}{x=0.501000}>,CC(=O)N(C)C,CCCCCl,fb-fit-v0-single-mean-k20,1,0.8877181631059359,0.000235019158511,0.9081000000000002,0.0002
7583,653,dens_1083232356130752567,653,Density,<Substance CC(=O)N(C)C{solv}{x=0.799700}|CCCCCl{solv}{x=0.200300}>,CC(=O)N(C)C,CCCCCl,fb-fit-v0-single-mean-k20,1,0.8963485852271798,0.0002048691670596,0.9247000000000004,0.0002
7584,654,dhmix_1487887746912587509,654,EnthalpyOfMixing,<Substance CC(=O)N(C)C{solv}{x=0.708000}|CCCCCl{solv}{x=0.292000}>,CC(=O)N(C)C,CCCCCl,fb-fit-v0-single-mean-k20,1,0.5931370579717807,0.0396752435558758,0.305,0.0025
7585,655,dens_1662749398344255132,655,Density,<Substance CC(=O)N(C)C{solv}{x=0.210500}|CCCCCl{solv}{x=0.789500}>,CC(=O)N(C)C,CCCCCl,fb-fit-v0-single-mean-k20,1,0.8761556039177305,0.0003128842100726,0.8918000000000001,0.0002
7586,656,dhmix_2085343422065298965,656,EnthalpyOfMixing,<Substance CC(=O)N(C)C{solv}{x=0.511000}|CCCCCl{solv}{x=0.489000}>,CC(=O)N(C)C,CCCCCl,fb-fit-v0-single-mean-k20,1,0.7025533731677633,0.0301080042183093,0.363,0.0025
7587,657,dhmix_359626193748497849,657,EnthalpyOfMixing,<Substance C1CCOCC1{solv}{x=0.750000}|O=C1CCCCC1{solv}{x=0.250000}>,C1CCOCC1,O=C1CCCCC1,fb-fit-v0-single-mean-k20,1,0.0542049196360707,0.0406186745476639,0.07698,0.00069
7588,658,dhmix_709905971434026360,658,EnthalpyOfMixing,<Substance C1CCOCC1{solv}{x=0.250000}|O=C1CCCCC1{solv}{x=0.750000}>,C1CCOCC1,O=C1CCCCC1,fb-fit-v0-single-mean-k20,1,0.0811384005168491,0.0452958122539819,0.05827,0.00062
7589,659,dens_996263306280392228,659,Density,<Substance C1CCOCC1{solv}{x=0.500900}|O=C1CCCCC1{solv}{x=0.499100}>,C1CCOCC1,O=C1CCCCC1,fb-fit-v0-single-mean-k20,1,0.9050895573527078,0.0002441387079442,0.9160300000000002,0.000505
7590,660,dens_1296485655493191092,660,Density,<Substance C1CCOCC1{solv}{x=0.247100}|O=C1CCCCC1{solv}{x=0.752900}>,C1CCOCC1,O=C1CCCCC1,fb-fit-v0-single-mean-k20,1,0.9195139410835416,0.0002266998332826,0.9305900000000004,0.000505
7591,661,dhmix_1617652800437548554,661,EnthalpyOfMixing,<Substance C1CCOCC1{solv}{x=0.500000}|O=C1CCCCC1{solv}{x=0.500000}>,C1CCOCC1,O=C1CCCCC1,fb-fit-v0-single-mean-k20,1,0.1074222659204124,0.0430485940281106,0.08658,0.000725
7592,662,dens_2134919398794801459,662,Density,<Substance C1CCOCC1{solv}{x=0.738900}|O=C1CCCCC1{solv}{x=0.261100}>,C1CCOCC1,O=C1CCCCC1,fb-fit-v0-single-mean-k20,1,0.8906802365694626,0.0001918675647444,0.9000800000000002,0.000505
7593,663,dens_371429494256072686,663,Density,<Substance COC=O{solv}{x=0.513800}|ClCCCCl{solv}{x=0.486200}>,COC=O,ClCCCCl,fb-fit-v0-single-mean-k20,1,1.091226012751202,0.0003113139893097,1.08831,0.00025
7594,664,dens_416463243686186519,664,Density,<Substance COC=O{solv}{x=0.738400}|ClCCCCl{solv}{x=0.261600}>,COC=O,ClCCCCl,fb-fit-v0-single-mean-k20,1,1.0498570140615933,0.0003887752731545,1.03754,0.0002
7595,665,dhmix_573570621261992547,665,EnthalpyOfMixing,<Substance COC=O{solv}{x=0.767400}|ClCCCCl{solv}{x=0.232600}>,COC=O,ClCCCCl,fb-fit-v0-single-mean-k20,1,0.5984916735422168,0.0288002629488558,0.2841,0.0015
7596,666,dens_1665007650151393058,666,Density,<Substance COC=O{solv}{x=0.244000}|ClCCCCl{solv}{x=0.756000}>,COC=O,ClCCCCl,fb-fit-v0-single-mean-k20,1,1.1325995386758203,0.0003914555719479,1.1395000000000002,0.0003
7597,667,dhmix_2050640017895200777,667,EnthalpyOfMixing,<Substance COC=O{solv}{x=0.502400}|ClCCCCl{solv}{x=0.497600}>,COC=O,ClCCCCl,fb-fit-v0-single-mean-k20,1,0.7811181885922078,0.0336100727297611,0.3503,0.00175
7598,668,dhmix_2121310957223924646,668,EnthalpyOfMixing,<Substance COC=O{solv}{x=0.202400}|ClCCCCl{solv}{x=0.797600}>,COC=O,ClCCCCl,fb-fit-v0-single-mean-k20,1,0.4647039575540077,0.0334475594321106,0.2064,0.0012
7599,669,dens_380799246642881225,669,Density,<Substance Cc1ccncc1{solv}{x=0.500000}|O{solv}{x=0.500000}>,Cc1ccncc1,O,fb-fit-v0-single-mean-k20,1,0.9517097556977328,0.000275185638725,0.9704000000000004,0.0005
7600,670,dens_1024460369591354985,670,Density,<Substance Cc1ccncc1{solv}{x=0.225000}|O{solv}{x=0.775000}>,Cc1ccncc1,O,fb-fit-v0-single-mean-k20,1,0.959462893617234,0.0003991291641926,0.9848000000000002,0.0004
7601,671,dens_1867704914487230306,671,Density,<Substance Cc1ccncc1{solv}{x=0.750000}|O{solv}{x=0.250000}>,Cc1ccncc1,O,fb-fit-v0-single-mean-k20,1,0.9484219196727944,0.0002522716253075,0.9614000000000004,0.0004
7602,672,dhmix_396839331496923568,672,EnthalpyOfMixing,<Substance CCCOC(=O)CC{solv}{x=0.237600}|ClCCCl{solv}{x=0.762400}>,CCCOC(=O)CC,ClCCCl,fb-fit-v0-single-mean-k20,1,-0.3051002291780058,0.0347792924360581,-0.317,0.0035
7603,673,dens_1025242301432619836,673,Density,<Substance CCCOC(=O)CC{solv}{x=0.518800}|ClCCCl{solv}{x=0.481200}>,CCCOC(=O)CC,ClCCCl,fb-fit-v0-single-mean-k20,1,1.0017480099264704,0.0002540024036752,1.0064000000000002,0.000905
7604,674,dens_1654149510571748883,674,Density,<Substance CCCOC(=O)CC{solv}{x=0.731600}|ClCCCl{solv}{x=0.268400}>,CCCOC(=O)CC,ClCCCl,fb-fit-v0-single-mean-k20,1,0.9381005925818592,0.0002244605096059,0.9416300000000002,0.00041
7605,675,dens_1804016971158746429,675,Density,<Substance CCCOC(=O)CC{solv}{x=0.243700}|ClCCCl{solv}{x=0.756300}>,CCCOC(=O)CC,ClCCCl,fb-fit-v0-single-mean-k20,1,1.105062894530328,0.0003588071508663,1.11431,0.002155
7606,676,dhmix_1840109043188951916,676,EnthalpyOfMixing,<Substance CCCOC(=O)CC{solv}{x=0.517700}|ClCCCl{solv}{x=0.482300}>,CCCOC(=O)CC,ClCCCl,fb-fit-v0-single-mean-k20,1,-0.416551915228176,0.0422960003106098,-0.557,0.006
7607,677,dhmix_1924188358781329171,677,EnthalpyOfMixing,<Substance CCCOC(=O)CC{solv}{x=0.787400}|ClCCCl{solv}{x=0.212600}>,CCCOC(=O)CC,ClCCCl,fb-fit-v0-single-mean-k20,1,-0.2544189893967505,0.046659964657402,-0.357,0.004
7608,678,dhmix_408170436877433675,678,EnthalpyOfMixing,<Substance CCCCC{solv}{x=0.229800}|CCOC=O{solv}{x=0.770200}>,CCCCC,CCOC=O,fb-fit-v0-single-mean-k20,1,1.184763566984568,0.038020665364819,1.016,0.0045
7609,679,dens_1159257310358090227,679,Density,<Substance CCCCC{solv}{x=0.748000}|CCOC=O{solv}{x=0.252000}>,CCCCC,CCOC=O,fb-fit-v0-single-mean-k20,1,0.6707537358595708,0.0002704814974692,0.6707000000000002,0.000165
7610,680,dhmix_1897634982824334825,680,EnthalpyOfMixing,<Substance CCCCC{solv}{x=0.500100}|CCOC=O{solv}{x=0.499900}>,CCCCC,CCOC=O,fb-fit-v0-single-mean-k20,1,1.7493963804874326,0.0392026891035545,1.354,0.0055
7611,681,dens_1931965346092446599,681,Density,<Substance CCCCC{solv}{x=0.504000}|CCOC=O{solv}{x=0.496000}>,CCCCC,CCOC=O,fb-fit-v0-single-mean-k20,1,0.7401919980444429,0.0002949992633203,0.7333000000000002,0.00024
7612,682,dens_2086304425324215507,682,Density,<Substance CCCCC{solv}{x=0.298000}|CCOC=O{solv}{x=0.702000}>,CCCCC,CCOC=O,fb-fit-v0-single-mean-k20,1,0.81112442677291,0.0002760522590745,0.7971000000000003,0.000345
7613,683,dhmix_2117998354372981576,683,EnthalpyOfMixing,<Substance CCCCC{solv}{x=0.777900}|CCOC=O{solv}{x=0.222100}>,CCCCC,CCOC=O,fb-fit-v0-single-mean-k20,1,1.396263289788379,0.0304088495314511,1.051,0.0045
7614,684,dens_415189671276159712,684,Density,<Substance NCCO{solv}{x=0.785350}|c1ccncc1{solv}{x=0.214650}>,NCCO,c1ccncc1,fb-fit-v0-single-mean-k20,1,1.0303855621194642,0.0002167359238491,1.002592,0.000101
7615,685,dhmix_607563797490786343,685,EnthalpyOfMixing,<Substance NCCO{solv}{x=0.559360}|c1ccncc1{solv}{x=0.440640}>,NCCO,c1ccncc1,fb-fit-v0-single-mean-k20,1,1.0652603763867,0.0463807292691379,0.824,0.0035
7616,686,dhmix_783614050589043390,686,EnthalpyOfMixing,<Substance NCCO{solv}{x=0.248120}|c1ccncc1{solv}{x=0.751880}>,NCCO,c1ccncc1,fb-fit-v0-single-mean-k20,1,0.9381563545904448,0.0400605301170343,0.779,0.0035
7617,687,dens_907288549206652702,687,Density,<Substance NCCO{solv}{x=0.558640}|c1ccncc1{solv}{x=0.441360}>,NCCO,c1ccncc1,fb-fit-v0-single-mean-k20,1,1.0099734793464898,0.0002438331436533,0.9936870000000002,0.0001015
7618,688,dhmix_1092036220949585875,688,EnthalpyOfMixing,<Substance NCCO{solv}{x=0.746780}|c1ccncc1{solv}{x=0.253220}>,NCCO,c1ccncc1,fb-fit-v0-single-mean-k20,1,0.6180259059470217,0.0445831901156735,0.612,0.003
7619,689,dens_2278246591298089898,689,Density,<Substance NCCO{solv}{x=0.210010}|c1ccncc1{solv}{x=0.789990}>,NCCO,c1ccncc1,fb-fit-v0-single-mean-k20,1,0.9858252000623792,0.0002371046163367,0.9825660000000004,0.0001015
7620,690,dens_419188249264987147,690,Density,<Substance CCCCC(=O)OCC{solv}{x=0.492100}|CCOC(C)=O{solv}{x=0.507900}>,CCCCC(=O)OCC,CCOC(C)=O,fb-fit-v0-single-mean-k20,1,0.8835466686490949,0.0002678521209363,0.8787300000000002,0.00012
7621,691,dens_667714041205021070,691,Density,<Substance CCCCC(=O)OCC{solv}{x=0.304700}|CCOC(C)=O{solv}{x=0.695300}>,CCCCC(=O)OCC,CCOC(C)=O,fb-fit-v0-single-mean-k20,1,0.8894425682263511,0.0002740486695227,0.8836400000000002,0.00012
7622,692,dhmix_1137774316856842141,692,EnthalpyOfMixing,<Substance CCCCC(=O)OCC{solv}{x=0.737600}|CCOC(C)=O{solv}{x=0.262400}>,CCCCC(=O)OCC,CCOC(C)=O,fb-fit-v0-single-mean-k20,1,0.0407451456799599,0.0536110427080747,0.114,0.0015
7623,693,dhmix_1322441082145072072,693,EnthalpyOfMixing,<Substance CCCCC(=O)OCC{solv}{x=0.279900}|CCOC(C)=O{solv}{x=0.720100}>,CCCCC(=O)OCC,CCOC(C)=O,fb-fit-v0-single-mean-k20,1,0.1594573635775447,0.0452171987342486,0.139,0.0015
7624,694,dens_1682638395920841051,694,Density,<Substance CCCCC(=O)OCC{solv}{x=0.752600}|CCOC(C)=O{solv}{x=0.247400}>,CCCCC(=O)OCC,CCOC(C)=O,fb-fit-v0-single-mean-k20,1,0.8771413279465441,0.0001865378912661,0.8732900000000001,0.00012
7625,695,dhmix_2161842751879945948,695,EnthalpyOfMixing,<Substance CCCCC(=O)OCC{solv}{x=0.519800}|CCOC(C)=O{solv}{x=0.480200}>,CCCCC(=O)OCC,CCOC(C)=O,fb-fit-v0-single-mean-k20,1,0.0772434399817951,0.0422261145326404,0.154,0.002
7626,696,dhmix_419593950323214290,696,EnthalpyOfMixing,<Substance CCCCCC(C)=O{solv}{x=0.780400}|CCN(CC)CC{solv}{x=0.219600}>,CCCCCC(C)=O,CCN(CC)CC,fb-fit-v0-single-mean-k20,1,0.1696141900677261,0.0529911641807777,0.216,0.0025
7627,697,dens_651921010645567431,697,Density,<Substance CCCCCC(C)=O{solv}{x=0.259800}|CCN(CC)CC{solv}{x=0.740200}>,CCCCCC(C)=O,CCN(CC)CC,fb-fit-v0-single-mean-k20,1,0.7537200213011345,0.0001968441356834,0.7465820000000002,8.950000000000002e-05
7628,698,dens_995831511901627711,698,Density,<Substance CCCCCC(C)=O{solv}{x=0.748400}|CCN(CC)CC{solv}{x=0.251600}>,CCCCCC(C)=O,CCN(CC)CC,fb-fit-v0-single-mean-k20,1,0.7912560804980319,0.0002113734399285,0.7899410000000002,0.0001055
7629,699,dhmix_1001984601109558110,699,EnthalpyOfMixing,<Substance CCCCCC(C)=O{solv}{x=0.492000}|CCN(CC)CC{solv}{x=0.508000}>,CCCCCC(C)=O,CCN(CC)CC,fb-fit-v0-single-mean-k20,1,0.1940424045301014,0.0458866509984016,0.419,0.0045
7630,700,dens_1887829851815986883,700,Density,<Substance CCCCCC(C)=O{solv}{x=0.503200}|CCN(CC)CC{solv}{x=0.496800}>,CCCCCC(C)=O,CCN(CC)CC,fb-fit-v0-single-mean-k20,1,0.7730111372101096,0.0001912679421735,0.7684760000000002,9.800000000000002e-05
7631,701,dhmix_2085744568401562111,701,EnthalpyOfMixing,<Substance CCCCCC(C)=O{solv}{x=0.293900}|CCN(CC)CC{solv}{x=0.706100}>,CCCCCC(C)=O,CCN(CC)CC,fb-fit-v0-single-mean-k20,1,0.1033284500724249,0.0461549754795595,0.412,0.0045
7632,702,dens_436049638479549968,702,Density,<Substance COC=O{solv}{x=0.472500}|ClCCCl{solv}{x=0.527500}>,COC=O,ClCCCl,fb-fit-v0-single-mean-k20,1,1.1301804531241957,0.0004163317419825,1.1269600000000004,0.000285
7633,703,dens_627145458965592302,703,Density,<Substance COC=O{solv}{x=0.753000}|ClCCCl{solv}{x=0.247000}>,COC=O,ClCCCl,fb-fit-v0-single-mean-k20,1,1.0610352415484396,0.0003680184352762,1.0461600000000004,0.000205
7634,704,dhmix_731680623269260416,704,EnthalpyOfMixing,<Substance COC=O{solv}{x=0.250800}|ClCCCl{solv}{x=0.749200}>,COC=O,ClCCCl,fb-fit-v0-single-mean-k20,1,0.3608722023087125,0.0297951517902302,0.0793,0.0007
7635,705,dens_1488543630772933598,705,Density,<Substance COC=O{solv}{x=0.279500}|ClCCCl{solv}{x=0.720500}>,COC=O,ClCCCl,fb-fit-v0-single-mean-k20,1,1.1707838040819132,0.0004607104086757,1.1777100000000005,0.00034
7636,706,dhmix_2170321998768851974,706,EnthalpyOfMixing,<Substance COC=O{solv}{x=0.732200}|ClCCCl{solv}{x=0.267800}>,COC=O,ClCCCl,fb-fit-v0-single-mean-k20,1,0.3982333971121794,0.033119413577548,0.0733,0.00065
7637,707,dhmix_2249001225536869896,707,EnthalpyOfMixing,<Substance COC=O{solv}{x=0.487400}|ClCCCl{solv}{x=0.512600}>,COC=O,ClCCCl,fb-fit-v0-single-mean-k20,1,0.4550436062770906,0.0299020774397223,0.1028,0.0008
7638,708,dhmix_442816374747487477,708,EnthalpyOfMixing,<Substance NCCCNCCCN{solv}{x=0.801500}|O{solv}{x=0.198500}>,NCCCNCCCN,O,fb-fit-v0-single-mean-k20,1,-1.7016939324510587,0.0801197606661199,-2.233,0.024
7639,709,dhmix_1795382205757805615,709,EnthalpyOfMixing,<Substance NCCCNCCCN{solv}{x=0.300500}|O{solv}{x=0.699500}>,NCCCNCCCN,O,fb-fit-v0-single-mean-k20,1,-5.055970863707767,0.0334995489481617,-6.588,0.07
7640,710,dhmix_1814950732748396893,710,EnthalpyOfMixing,<Substance NCCCNCCCN{solv}{x=0.499800}|O{solv}{x=0.500200}>,NCCCNCCCN,O,fb-fit-v0-single-mean-k20,1,-4.48809003486911,0.0513742155631129,-5.544,0.059
7641,711,dhmix_446869196417408130,711,EnthalpyOfMixing,<Substance NCCNCCO{solv}{x=0.770000}|O{solv}{x=0.230000}>,NCCNCCO,O,fb-fit-v0-single-mean-k20,1,-2.069385528217296,0.0421967458902791,-1.711,0.035
7642,712,dhmix_673839467313503071,712,EnthalpyOfMixing,<Substance NCCNCCO{solv}{x=0.069900}|O{solv}{x=0.930100}>,NCCNCCO,O,fb-fit-v0-single-mean-k20,1,-0.8544894557631437,0.0224765751588137,-1.713,0.035
7643,713,dens_688094438561771555,713,Density,<Substance NCCNCCO{solv}{x=0.799700}|O{solv}{x=0.200300}>,NCCNCCO,O,fb-fit-v0-single-mean-k20,1,1.0784502522331685,0.0003180083892181,1.0318300000000002,0.00024
7644,714,dhmix_1682883323293489147,714,EnthalpyOfMixing,<Substance NCCNCCO{solv}{x=0.400100}|O{solv}{x=0.599900}>,NCCNCCO,O,fb-fit-v0-single-mean-k20,1,-2.410566383152144,0.0354160549997845,-4.15,0.0845
7645,715,dens_2045176885611624977,715,Density,<Substance NCCNCCO{solv}{x=0.070000}|O{solv}{x=0.930000}>,NCCNCCO,O,fb-fit-v0-single-mean-k20,1,1.020038587892123,0.0004617311099847,1.0222800000000003,0.000125
7646,716,dens_2280714043292214506,716,Density,<Substance NCCNCCO{solv}{x=0.399700}|O{solv}{x=0.600300}>,NCCNCCO,O,fb-fit-v0-single-mean-k20,1,1.0588117674109636,0.0003373571914403,1.0370100000000002,0.00017
7647,717,dens_448105363780466270,717,Density,<Substance CCCCCCCl{solv}{x=0.498300}|CN(C)C=O{solv}{x=0.501700}>,CCCCCCCl,CN(C)C=O,fb-fit-v0-single-mean-k20,1,0.8878195483710699,0.0002534357290099,0.8974000000000002,0.0003
7648,718,dens_1134260732394863277,718,Density,<Substance CCCCCCCl{solv}{x=0.729300}|CN(C)C=O{solv}{x=0.270700}>,CCCCCCCl,CN(C)C=O,fb-fit-v0-single-mean-k20,1,0.8788152328884302,0.0002381957681044,0.8844000000000002,0.0003
7649,719,dhmix_1150917243327149472,719,EnthalpyOfMixing,<Substance CCCCCCCl{solv}{x=0.500000}|CN(C)C=O{solv}{x=0.500000}>,CCCCCCCl,CN(C)C=O,fb-fit-v0-single-mean-k20,1,1.223615680071262,0.0408362999140824,0.847,0.004
7650,720,dhmix_1166656674614639609,720,EnthalpyOfMixing,<Substance CCCCCCCl{solv}{x=0.204000}|CN(C)C=O{solv}{x=0.796000}>,CCCCCCCl,CN(C)C=O,fb-fit-v0-single-mean-k20,1,0.8262949066889362,0.0425806792980052,0.583,0.004
7651,721,dhmix_1262474968830454367,721,EnthalpyOfMixing,<Substance CCCCCCCl{solv}{x=0.795000}|CN(C)C=O{solv}{x=0.205000}>,CCCCCCCl,CN(C)C=O,fb-fit-v0-single-mean-k20,1,0.8079074719551897,0.046978966267239,0.542,0.0035
7652,722,dens_1862934255267356180,722,Density,<Substance CCCCCCCl{solv}{x=0.200700}|CN(C)C=O{solv}{x=0.799300}>,CCCCCCCl,CN(C)C=O,fb-fit-v0-single-mean-k20,1,0.9049289779862184,0.0002196070956514,0.9218000000000002,0.00025
7653,723,dhmix_457000181442392641,723,EnthalpyOfMixing,<Substance CCOCCO{solv}{x=0.241100}|c1ccccc1{solv}{x=0.758900}>,CCOCCO,c1ccccc1,fb-fit-v0-single-mean-k20,1,0.6785225443119458,0.0391660923213689,0.6303,0.00815
7654,724,dhmix_501726034520661035,724,EnthalpyOfMixing,<Substance CCOCCO{solv}{x=0.733600}|c1ccccc1{solv}{x=0.266400}>,CCOCCO,c1ccccc1,fb-fit-v0-single-mean-k20,1,0.4226018368611335,0.0435249571303777,0.2326,0.0033
7655,725,dens_577983044895299238,725,Density,<Substance CCOCCO{solv}{x=0.251800}|c1ccccc1{solv}{x=0.748200}>,CCOCCO,c1ccccc1,fb-fit-v0-single-mean-k20,1,0.8906334441499202,0.0002637900607458,0.8849000000000002,0.00081
7656,726,dens_1506946378386070831,726,Density,<Substance CCOCCO{solv}{x=0.750800}|c1ccccc1{solv}{x=0.249200}>,CCOCCO,c1ccccc1,fb-fit-v0-single-mean-k20,1,0.9111692492833676,0.000229349281765,0.9134500000000004,0.000685
7657,727,dhmix_1801594081157333975,727,EnthalpyOfMixing,<Substance CCOCCO{solv}{x=0.478600}|c1ccccc1{solv}{x=0.521400}>,CCOCCO,c1ccccc1,fb-fit-v0-single-mean-k20,1,0.7598712539483188,0.0363195737464472,0.4912,0.00645
7658,728,dens_2128846755225827916,728,Density,<Substance CCOCCO{solv}{x=0.504800}|c1ccccc1{solv}{x=0.495200}>,CCOCCO,c1ccccc1,fb-fit-v0-single-mean-k20,1,0.900278352190574,0.0002722750030997,0.8995700000000003,0.000745
7659,729,dhmix_466383569529620932,729,EnthalpyOfMixing,<Substance CC(=O)N(C)C{solv}{x=0.505000}|CCCCCCCl{solv}{x=0.495000}>,CC(=O)N(C)C,CCCCCCCl,fb-fit-v0-single-mean-k20,1,0.8376129302568529,0.0417514693019999,0.61,0.003
7660,730,dhmix_493694362228351572,730,EnthalpyOfMixing,<Substance CC(=O)N(C)C{solv}{x=0.798000}|CCCCCCCl{solv}{x=0.202000}>,CC(=O)N(C)C,CCCCCCCl,fb-fit-v0-single-mean-k20,1,0.6641037269826722,0.0443474685106336,0.425,0.003
7661,731,dhmix_626564461179097700,731,EnthalpyOfMixing,<Substance CC(=O)N(C)C{solv}{x=0.211000}|CCCCCCCl{solv}{x=0.789000}>,CC(=O)N(C)C,CCCCCCCl,fb-fit-v0-single-mean-k20,1,0.602134022735143,0.0461866491271712,0.38,0.003
7662,732,dens_1720641323575133011,732,Density,<Substance CC(=O)N(C)C{solv}{x=0.200300}|CCCCCCCl{solv}{x=0.799700}>,CC(=O)N(C)C,CCCCCCCl,fb-fit-v0-single-mean-k20,1,0.8751632030671238,0.0002132986978377,0.8816000000000003,0.00025
7663,733,dens_1817345990638851984,733,Density,<Substance CC(=O)N(C)C{solv}{x=0.503000}|CCCCCCCl{solv}{x=0.497000}>,CC(=O)N(C)C,CCCCCCCl,fb-fit-v0-single-mean-k20,1,0.883699460948322,0.0002282954707684,0.8975000000000002,0.00025
7664,734,dens_1885054129776339889,734,Density,<Substance CC(=O)N(C)C{solv}{x=0.699200}|CCCCCCCl{solv}{x=0.300800}>,CC(=O)N(C)C,CCCCCCCl,fb-fit-v0-single-mean-k20,1,0.8899001212901774,0.0002040305423662,0.9104000000000002,0.0002
7665,735,dens_468507243072548580,735,Density,<Substance CCC#N{solv}{x=0.701200}|CCOC(C)(C)CC{solv}{x=0.298800}>,CCC#N,CCOC(C)(C)CC,fb-fit-v0-single-mean-k20,1,0.7688732742060416,0.0002155921080024,0.7715000000000002,0.0004
7666,736,dhmix_553135124490085656,736,EnthalpyOfMixing,<Substance CCC#N{solv}{x=0.502500}|CCOC(C)(C)CC{solv}{x=0.497500}>,CCC#N,CCOC(C)(C)CC,fb-fit-v0-single-mean-k20,1,0.1912977321202902,0.0405390811886132,0.7023,0.00955
7667,737,dens_762108332272225600,737,Density,<Substance CCC#N{solv}{x=0.502500}|CCOC(C)(C)CC{solv}{x=0.497500}>,CCC#N,CCOC(C)(C)CC,fb-fit-v0-single-mean-k20,1,0.7671904019152566,0.0001754706501475,0.7683000000000001,0.00035
7668,738,dens_967634241844220739,738,Density,<Substance CCC#N{solv}{x=0.200900}|CCOC(C)(C)CC{solv}{x=0.799100}>,CCC#N,CCOC(C)(C)CC,fb-fit-v0-single-mean-k20,1,0.7646093611823465,0.0002172811913234,0.7638000000000001,0.00025
7669,739,dhmix_1961082112686431376,739,EnthalpyOfMixing,<Substance CCC#N{solv}{x=0.200900}|CCOC(C)(C)CC{solv}{x=0.799100}>,CCC#N,CCOC(C)(C)CC,fb-fit-v0-single-mean-k20,1,0.1250391876013168,0.0416153201385696,0.502,0.00685
7670,740,dhmix_2005765786246998093,740,EnthalpyOfMixing,<Substance CCC#N{solv}{x=0.701200}|CCOC(C)(C)CC{solv}{x=0.298800}>,CCC#N,CCOC(C)(C)CC,fb-fit-v0-single-mean-k20,1,0.1404820901278078,0.0371381119898791,0.5863,0.008
7671,741,dhmix_471514663464011364,741,EnthalpyOfMixing,<Substance C1CCOCC1{solv}{x=0.722000}|CCCCCO{solv}{x=0.278000}>,C1CCOCC1,CCCCCO,fb-fit-v0-single-mean-k20,1,1.0580892342964958,0.0450428951953787,0.8628,0.00745
7672,742,dens_910343796235321484,742,Density,<Substance C1CCOCC1{solv}{x=0.298700}|CCCCCO{solv}{x=0.701300}>,C1CCOCC1,CCCCCO,fb-fit-v0-single-mean-k20,1,0.8287497256351379,0.0002081473540375,0.8293300000000002,0.00034
7673,743,dens_1812069868432416079,743,Density,<Substance C1CCOCC1{solv}{x=0.800000}|CCCCCO{solv}{x=0.200000}>,C1CCOCC1,CCCCCO,fb-fit-v0-single-mean-k20,1,0.8584852181024341,0.0002437981286879,0.8635900000000002,0.000315
7674,744,dhmix_1936206883965149188,744,EnthalpyOfMixing,<Substance C1CCOCC1{solv}{x=0.526000}|CCCCCO{solv}{x=0.474000}>,C1CCOCC1,CCCCCO,fb-fit-v0-single-mean-k20,1,1.1353429017901533,0.0405487448894665,0.97,0.00615
7675,745,dhmix_1992318015190346725,745,EnthalpyOfMixing,<Substance C1CCOCC1{solv}{x=0.217000}|CCCCCO{solv}{x=0.783000}>,C1CCOCC1,CCCCCO,fb-fit-v0-single-mean-k20,1,0.700882565165486,0.0378285469452852,0.6006,0.00455
7676,746,dens_2204330198012032768,746,Density,<Substance C1CCOCC1{solv}{x=0.499400}|CCCCCO{solv}{x=0.500600}>,C1CCOCC1,CCCCCO,fb-fit-v0-single-mean-k20,1,0.8399967005113921,0.0002266343604502,0.8425400000000002,0.00033
7677,747,dhmix_472822428299818953,747,EnthalpyOfMixing,<Substance CC(C)CC(C)(C)C{solv}{x=0.700500}|CCCCO{solv}{x=0.299500}>,CC(C)CC(C)(C)C,CCCCO,fb-fit-v0-single-mean-k20,1,0.7444091884176629,0.0497989754205617,0.6228,0.0028
7678,748,dhmix_628387028768654403,748,EnthalpyOfMixing,<Substance CC(C)CC(C)(C)C{solv}{x=0.499900}|CCCCO{solv}{x=0.500100}>,CC(C)CC(C)(C)C,CCCCO,fb-fit-v0-single-mean-k20,1,0.6413531136686572,0.0471322661351707,0.5938,0.0027
7679,749,dens_631668933678639865,749,Density,<Substance CC(C)CC(C)(C)C{solv}{x=0.200000}|CCCCO{solv}{x=0.800000}>,CC(C)CC(C)(C)C,CCCCO,fb-fit-v0-single-mean-k20,1,0.7762691615559663,0.0002296714867345,0.7696800000000001,0.000295
7680,750,dens_1394470087977586253,750,Density,<Substance CC(C)CC(C)(C)C{solv}{x=0.500000}|CCCCO{solv}{x=0.500000}>,CC(C)CC(C)(C)C,CCCCO,fb-fit-v0-single-mean-k20,1,0.7451009999226338,0.0002206296428133,0.7294000000000002,0.000285
7681,751,dens_1809610870413503056,751,Density,<Substance CC(C)CC(C)(C)C{solv}{x=0.699900}|CCCCO{solv}{x=0.300100}>,CC(C)CC(C)(C)C,CCCCO,fb-fit-v0-single-mean-k20,1,0.7292402876672188,0.000182400173787,0.7097700000000001,0.000285
7682,752,dhmix_2302589146189152767,752,EnthalpyOfMixing,<Substance CC(C)CC(C)(C)C{solv}{x=0.200200}|CCCCO{solv}{x=0.799800}>,CC(C)CC(C)(C)C,CCCCO,fb-fit-v0-single-mean-k20,1,0.381572483723211,0.0410768107959174,0.27646,0.003235
7683,753,dens_486902622078179007,753,Density,<Substance COC=O{solv}{x=0.494600}|CO{solv}{x=0.505400}>,CO,COC=O,fb-fit-v0-single-mean-k20,1,0.8957352512363864,0.0003826851255992,0.8956100000000002,7.500000000000002e-05
7684,754,dens_750646162221180186,754,Density,<Substance COC=O{solv}{x=0.083300}|CO{solv}{x=0.916700}>,CO,COC=O,fb-fit-v0-single-mean-k20,1,0.78734902803484,0.000406154531449,0.8088000000000002,9.000000000000002e-05
7685,755,dhmix_1113631207235753369,755,EnthalpyOfMixing,<Substance COC=O{solv}{x=0.717800}|CO{solv}{x=0.282200}>,CO,COC=O,fb-fit-v0-single-mean-k20,1,0.9486559585319114,0.0300758226407997,1.105,0.012
7686,756,dhmix_2143911117683117531,756,EnthalpyOfMixing,<Substance COC=O{solv}{x=0.512700}|CO{solv}{x=0.487300}>,CO,COC=O,fb-fit-v0-single-mean-k20,1,1.1055773860790437,0.0280912562156645,1.179,0.0125
7687,757,dens_2148324189014877510,757,Density,<Substance COC=O{solv}{x=0.727100}|CO{solv}{x=0.272900}>,CO,COC=O,fb-fit-v0-single-mean-k20,1,0.9436642837690032,0.0003292441738302,0.9321000000000004,8.000000000000002e-05
7688,758,dhmix_2205254965267695203,758,EnthalpyOfMixing,<Substance COC=O{solv}{x=0.083300}|CO{solv}{x=0.916700}>,CO,COC=O,fb-fit-v0-single-mean-k20,1,0.3539835382484924,0.0262249653760981,0.311,0.0035
7689,759,dhmix_497300242003673148,759,EnthalpyOfMixing,<Substance BrCCBr{solv}{x=0.284100}|CCCCOC(=O)CCC{solv}{x=0.715900}>,BrCCBr,CCCCOC(=O)CCC,fb-fit-v0-single-mean-k20,1,-0.4550068898835491,0.0481703722941675,-0.054,0.001
7690,760,dhmix_712261179736749495,760,EnthalpyOfMixing,<Substance BrCCBr{solv}{x=0.515300}|CCCCOC(=O)CCC{solv}{x=0.484700}>,BrCCBr,CCCCOC(=O)CCC,fb-fit-v0-single-mean-k20,1,-0.5714234058384164,0.0423659603144836,-0.027,0.0005
7691,761,dens_846614854165535724,761,Density,<Substance BrCCBr{solv}{x=0.212900}|CCCCOC(=O)CCC{solv}{x=0.787100}>,BrCCBr,CCCCOC(=O)CCC,fb-fit-v0-single-mean-k20,1,1.0232367504831517,0.0001987264021128,1.0245500000000003,0.00013
7692,762,dens_1085110183353279404,762,Density,<Substance BrCCBr{solv}{x=0.730000}|CCCCOC(=O)CCC{solv}{x=0.270000}>,BrCCBr,CCCCOC(=O)CCC,fb-fit-v0-single-mean-k20,1,1.6100349226396609,0.0004663590367012,1.6231500000000003,0.000405
7693,763,dhmix_2153957437015117204,763,EnthalpyOfMixing,<Substance BrCCBr{solv}{x=0.763900}|CCCCOC(=O)CCC{solv}{x=0.236100}>,BrCCBr,CCCCOC(=O)CCC,fb-fit-v0-single-mean-k20,1,-0.5069523296350553,0.0360581474421152,0.051,0.001
7694,764,dens_2242615301342819560,764,Density,<Substance BrCCBr{solv}{x=0.449300}|CCCCOC(=O)CCC{solv}{x=0.550700}>,BrCCBr,CCCCOC(=O)CCC,fb-fit-v0-single-mean-k20,1,1.2466370115925665,0.0002242427480316,1.2506100000000002,0.000225
7695,765,dens_501060706627477242,765,Density,<Substance OC1=NCCC1{solv}{x=0.500000}|O{solv}{x=0.500000}>,O,OC1=NCCC1,fb-fit-v0-single-mean-k20,1,1.0497546982122103,0.0003063738556839,1.0977070000000004,0.0005555
7696,766,dens_929065521104254808,766,Density,<Substance OC1=NCCC1{solv}{x=0.744800}|O{solv}{x=0.255200}>,O,OC1=NCCC1,fb-fit-v0-single-mean-k20,1,1.0569665811834952,0.000277579945618,1.1044310000000004,0.000577
7697,767,dhmix_1128968771311392860,767,EnthalpyOfMixing,<Substance OC1=NCCC1{solv}{x=0.769300}|O{solv}{x=0.230700}>,O,OC1=NCCC1,fb-fit-v0-single-mean-k20,1,0.6277762806542881,0.035823785084612,-0.678,0.1695
7698,768,dens_1192491633684345401,768,Density,<Substance OC1=NCCC1{solv}{x=0.246800}|O{solv}{x=0.753200}>,O,OC1=NCCC1,fb-fit-v0-single-mean-k20,1,1.0318851623420684,0.0003747035153618,1.077068,0.0004905
7699,769,dhmix_1775375132531538271,769,EnthalpyOfMixing,<Substance OC1=NCCC1{solv}{x=0.478300}|O{solv}{x=0.521700}>,O,OC1=NCCC1,fb-fit-v0-single-mean-k20,1,0.690018906607591,0.0326748726551219,-0.8384,0.20965
7700,770,dhmix_1895825007089845103,770,EnthalpyOfMixing,<Substance OC1=NCCC1{solv}{x=0.231900}|O{solv}{x=0.768100}>,O,OC1=NCCC1,fb-fit-v0-single-mean-k20,1,0.5531253424228808,0.0247567237684132,-0.5238,0.13095
7701,771,dens_502738970558558534,771,Density,<Substance BrCCBr{solv}{x=0.749000}|COC=O{solv}{x=0.251000}>,BrCCBr,COC=O,fb-fit-v0-single-mean-k20,1,1.904106954883669,0.0006222073478819,1.9319600000000008,0.003535
7702,772,dhmix_523129341332875255,772,EnthalpyOfMixing,<Substance BrCCBr{solv}{x=0.059500}|COC=O{solv}{x=0.940500}>,BrCCBr,COC=O,fb-fit-v0-single-mean-k20,1,0.2209717131115518,0.0357948938762185,0.1715,0.00215
7703,773,dens_528986974844153101,773,Density,<Substance BrCCBr{solv}{x=0.059800}|COC=O{solv}{x=0.940200}>,BrCCBr,COC=O,fb-fit-v0-single-mean-k20,1,1.0847901999579184,0.0003415206172013,1.06428,0.00056
7704,774,dhmix_1521152703631810888,774,EnthalpyOfMixing,<Substance BrCCBr{solv}{x=0.757400}|COC=O{solv}{x=0.242600}>,BrCCBr,COC=O,fb-fit-v0-single-mean-k20,1,0.6685437077585776,0.0331055424599899,0.653,0.00585
7705,775,dhmix_1685647138770344206,775,EnthalpyOfMixing,<Substance BrCCBr{solv}{x=0.528100}|COC=O{solv}{x=0.471900}>,BrCCBr,COC=O,fb-fit-v0-single-mean-k20,1,0.8842672333920238,0.0324227736717859,0.8123,0.00705
7706,776,dens_1945150067923572864,776,Density,<Substance BrCCBr{solv}{x=0.501500}|COC=O{solv}{x=0.498500}>,BrCCBr,COC=O,fb-fit-v0-single-mean-k20,1,1.6550586171674002,0.0004334269129576,1.6620300000000003,0.00232
7707,777,dens_511283508189056955,777,Density,<Substance CCO{solv}{x=0.291400}|CN(C)CCO{solv}{x=0.708600}>,CCO,CN(C)CCO,fb-fit-v0-single-mean-k20,1,0.8827810219146985,0.0002487958854486,0.8710100000000002,0.000165
7708,778,dhmix_1055456388735168345,778,EnthalpyOfMixing,<Substance CCO{solv}{x=0.508400}|CN(C)CCO{solv}{x=0.491600}>,CCO,CN(C)CCO,fb-fit-v0-single-mean-k20,1,-0.8239584282015642,0.0390508726429935,-0.4044,0.0044
7709,779,dens_1119930253414624267,779,Density,<Substance CCO{solv}{x=0.699500}|CN(C)CCO{solv}{x=0.300500}>,CCO,CN(C)CCO,fb-fit-v0-single-mean-k20,1,0.838205718234549,0.0001991703331547,0.8345000000000002,0.000135
7710,780,dhmix_1132835222292135012,780,EnthalpyOfMixing,<Substance CCO{solv}{x=0.268600}|CN(C)CCO{solv}{x=0.731400}>,CCO,CN(C)CCO,fb-fit-v0-single-mean-k20,1,-0.4954434222590578,0.0423592289092225,-0.2783,0.0031
7711,781,dens_1964926738263319597,781,Density,<Substance CCO{solv}{x=0.494900}|CN(C)CCO{solv}{x=0.505100}>,CCO,CN(C)CCO,fb-fit-v0-single-mean-k20,1,0.8634818891697152,0.0002922309870875,0.8566200000000002,0.00015
7712,782,dhmix_2011138895468245368,782,EnthalpyOfMixing,<Substance CCO{solv}{x=0.733500}|CN(C)CCO{solv}{x=0.266500}>,CCO,CN(C)CCO,fb-fit-v0-single-mean-k20,1,-0.6307309049936478,0.0358463733203213,-0.3657,0.004
7713,783,dhmix_517287783481256565,783,EnthalpyOfMixing,<Substance CN(C)C=O{solv}{x=0.701000}|ClCCCCCl{solv}{x=0.299000}>,CN(C)C=O,ClCCCCCl,fb-fit-v0-single-mean-k20,1,0.4038775087885895,0.0303162828007125,-0.052,0.002
7714,784,dens_765057686797526715,784,Density,<Substance CN(C)C=O{solv}{x=0.794300}|ClCCCCCl{solv}{x=0.205700}>,CN(C)C=O,ClCCCCCl,fb-fit-v0-single-mean-k20,1,0.97476254228605,0.0002525052720021,0.9934000000000002,0.00245
7715,785,dens_1092490027864410415,785,Density,<Substance CN(C)C=O{solv}{x=0.502200}|ClCCCCCl{solv}{x=0.497800}>,CN(C)C=O,ClCCCCCl,fb-fit-v0-single-mean-k20,1,1.0401316788006594,0.0002775891896282,1.0524000000000004,0.0022
7716,786,dens_1571926938169630329,786,Density,<Substance CN(C)C=O{solv}{x=0.299400}|ClCCCCCl{solv}{x=0.700600}>,CN(C)C=O,ClCCCCCl,fb-fit-v0-single-mean-k20,1,1.0781095884931444,0.0002078843508227,1.0879000000000003,0.0021
7717,787,dhmix_1989422051580285053,787,EnthalpyOfMixing,<Substance CN(C)C=O{solv}{x=0.501000}|ClCCCCCl{solv}{x=0.499000}>,CN(C)C=O,ClCCCCCl,fb-fit-v0-single-mean-k20,1,0.5334041927383808,0.039353468773178,-0.056,0.002
7718,788,dhmix_2190775305913174779,788,EnthalpyOfMixing,<Substance CN(C)C=O{solv}{x=0.204000}|ClCCCCCl{solv}{x=0.796000}>,CN(C)C=O,ClCCCCCl,fb-fit-v0-single-mean-k20,1,0.2698149832741094,0.0408447542788872,-0.039,0.002
7719,789,dens_518199256039095036,789,Density,<Substance CCCCO{solv}{x=0.496400}|NCCN{solv}{x=0.503600}>,CCCCO,NCCN,fb-fit-v0-single-mean-k20,1,0.8779020325810541,0.0002386343509585,0.8519430000000002,0.000219
7720,790,dens_866492593379488722,790,Density,<Substance CCCCO{solv}{x=0.739800}|NCCN{solv}{x=0.260200}>,CCCCO,NCCN,fb-fit-v0-single-mean-k20,1,0.8390557872726949,0.00019861460108,0.8325090000000002,0.000221
7721,791,dens_2064365769538781360,791,Density,<Substance CCCCO{solv}{x=0.291900}|NCCN{solv}{x=0.708100}>,CCCCO,NCCN,fb-fit-v0-single-mean-k20,1,0.9165496674202954,0.0002749801972214,0.8676960000000002,0.0002205
7722,792,dens_520201021244222151,792,Density,<Substance O=C1CCCO1{solv}{x=0.300000}|O{solv}{x=0.700000}>,O,O=C1CCCO1,fb-fit-v0-single-mean-k20,1,1.0571174241442751,0.0003642329289067,1.0886000000000002,0.0001
7723,793,dens_2198925124601089428,793,Density,<Substance O=C1CCCO1{solv}{x=0.500000}|O{solv}{x=0.500000}>,O,O=C1CCCO1,fb-fit-v0-single-mean-k20,1,1.077913007941566,0.0003252305745686,1.1059000000000003,0.0001
7724,794,dens_2272207838075726438,794,Density,<Substance O=C1CCCO1{solv}{x=0.800000}|O{solv}{x=0.200000}>,O,O=C1CCCO1,fb-fit-v0-single-mean-k20,1,1.0952944665596214,0.0002795427771074,1.1182000000000003,0.0001
7725,795,dhmix_524376395520217080,795,EnthalpyOfMixing,<Substance CC(C)CC(C)(C)C{solv}{x=0.440700}|CCCC(=O)OC{solv}{x=0.559300}>,CC(C)CC(C)(C)C,CCCC(=O)OC,fb-fit-v0-single-mean-k20,1,1.446304085722815,0.0456139276415842,1.053,0.0115
7726,796,dens_581090592491592243,796,Density,<Substance CC(C)CC(C)(C)C{solv}{x=0.298100}|CCCC(=O)OC{solv}{x=0.701900}>,CC(C)CC(C)(C)C,CCCC(=O)OC,fb-fit-v0-single-mean-k20,1,0.8199504406088444,0.0002063744896941,0.8119000000000002,0.000505
7727,797,dens_1497434747823371430,797,Density,<Substance CC(C)CC(C)(C)C{solv}{x=0.724300}|CCCC(=O)OC{solv}{x=0.275700}>,CC(C)CC(C)(C)C,CCCC(=O)OC,fb-fit-v0-single-mean-k20,1,0.7470888590748886,0.0002047192358058,0.7279000000000001,0.000505
7728,798,dhmix_1614087501371550297,798,EnthalpyOfMixing,<Substance CC(C)CC(C)(C)C{solv}{x=0.762900}|CCCC(=O)OC{solv}{x=0.237100}>,CC(C)CC(C)(C)C,CCCC(=O)OC,fb-fit-v0-single-mean-k20,1,1.1451553458760912,0.0517846548348424,0.789,0.0085
7729,799,dens_1842979547629422953,799,Density,<Substance CC(C)CC(C)(C)C{solv}{x=0.441000}|CCCC(=O)OC{solv}{x=0.559000}>,CC(C)CC(C)(C)C,CCCC(=O)OC,fb-fit-v0-single-mean-k20,1,0.7923899365632877,0.0002308505848716,0.7803000000000001,0.000505
7730,800,dhmix_2246911102339588209,800,EnthalpyOfMixing,<Substance CC(C)CC(C)(C)C{solv}{x=0.298200}|CCCC(=O)OC{solv}{x=0.701800}>,CC(C)CC(C)(C)C,CCCC(=O)OC,fb-fit-v0-single-mean-k20,1,1.2511414682144562,0.0460475680195105,0.884,0.0095
7731,801,dhmix_536798507677319129,801,EnthalpyOfMixing,<Substance C1COCO1{solv}{x=0.267900}|Cc1ccccc1Cl{solv}{x=0.732100}>,C1COCO1,Cc1ccccc1Cl,fb-fit-v0-single-mean-k20,1,0.2036275199272097,0.0407824310289361,0.272,0.0015
7732,802,dens_559535483529614058,802,Density,<Substance C1COCO1{solv}{x=0.726600}|Cc1ccccc1Cl{solv}{x=0.273400}>,C1COCO1,Cc1ccccc1Cl,fb-fit-v0-single-mean-k20,1,1.0789560943402403,0.0002961229872297,1.0652000000000004,0.0005
7733,803,dens_731520844601672570,803,Density,<Substance C1COCO1{solv}{x=0.268500}|Cc1ccccc1Cl{solv}{x=0.731500}>,C1COCO1,Cc1ccccc1Cl,fb-fit-v0-single-mean-k20,1,1.074556433099248,0.0001836784321386,1.0630000000000002,0.0005
7734,804,dens_839907656840905053,804,Density,<Substance C1COCO1{solv}{x=0.516900}|Cc1ccccc1Cl{solv}{x=0.483100}>,C1COCO1,Cc1ccccc1Cl,fb-fit-v0-single-mean-k20,1,1.082177447387587,0.0002818449449644,1.0694000000000004,0.0005
7735,805,dhmix_1308085019204784636,805,EnthalpyOfMixing,<Substance C1COCO1{solv}{x=0.500900}|Cc1ccccc1Cl{solv}{x=0.499100}>,C1COCO1,Cc1ccccc1Cl,fb-fit-v0-single-mean-k20,1,0.3635923058207737,0.0325479836974642,0.393,0.002
7736,806,dhmix_1924685013370154802,806,EnthalpyOfMixing,<Substance C1COCO1{solv}{x=0.760400}|Cc1ccccc1Cl{solv}{x=0.239600}>,C1COCO1,Cc1ccccc1Cl,fb-fit-v0-single-mean-k20,1,0.1992319269160702,0.039615291382053,0.313,0.0015
7737,807,dhmix_549919019055097043,807,EnthalpyOfMixing,<Substance C1CCCCC1{solv}{x=0.799100}|CC(C)O{solv}{x=0.200900}>,C1CCCCC1,CC(C)O,fb-fit-v0-single-mean-k20,1,0.7569635770662586,0.0350335597318381,0.702,0.017
7738,808,dhmix_1101575580592240663,808,EnthalpyOfMixing,<Substance C1CCCCC1{solv}{x=0.199500}|CC(C)O{solv}{x=0.800500}>,C1CCCCC1,CC(C)O,fb-fit-v0-single-mean-k20,1,0.4538743721887472,0.0383285314337907,0.438,0.011
7739,809,dhmix_1262965345724899699,809,EnthalpyOfMixing,<Substance C1CCCCC1{solv}{x=0.498400}|CC(C)O{solv}{x=0.501600}>,C1CCCCC1,CC(C)O,fb-fit-v0-single-mean-k20,1,0.865060192739584,0.0406611515617997,0.801,0.0195
7740,810,dens_1431184569437551541,810,Density,<Substance C1CCCCC1{solv}{x=0.705800}|CC(C)O{solv}{x=0.294200}>,C1CCCCC1,CC(C)O,fb-fit-v0-single-mean-k20,1,0.7687497041532948,0.0002449794927102,0.7711100000000002,0.000245
7741,811,dens_2097249982689376165,811,Density,<Substance C1CCCCC1{solv}{x=0.200000}|CC(C)O{solv}{x=0.800000}>,C1CCCCC1,CC(C)O,fb-fit-v0-single-mean-k20,1,0.7866766935211362,0.0002895315635426,0.7761000000000002,0.0003
7742,812,dens_2130071224188444793,812,Density,<Substance C1CCCCC1{solv}{x=0.503900}|CC(C)O{solv}{x=0.496100}>,C1CCCCC1,CC(C)O,fb-fit-v0-single-mean-k20,1,0.7738796397239838,0.0003297426560626,0.7719000000000001,0.0003
7743,813,dens_562489367284385084,813,Density,<Substance CCCCC(=O)OC{solv}{x=0.251100}|COC(C)=O{solv}{x=0.748900}>,CCCCC(=O)OC,COC(C)=O,fb-fit-v0-single-mean-k20,1,0.910849360324834,0.0002459440165396,0.9105300000000002,0.000505
7744,814,dhmix_814771684244180933,814,EnthalpyOfMixing,<Substance CCCCC(=O)OC{solv}{x=0.733900}|COC(C)=O{solv}{x=0.266100}>,CCCCC(=O)OC,COC(C)=O,fb-fit-v0-single-mean-k20,1,0.1217114278798173,0.0489067122132296,0.178,0.002
7745,815,dhmix_915202362324204655,815,EnthalpyOfMixing,<Substance CCCCC(=O)OC{solv}{x=0.505500}|COC(C)=O{solv}{x=0.494500}>,CCCCC(=O)OC,COC(C)=O,fb-fit-v0-single-mean-k20,1,0.1274060229680138,0.0341445995314106,0.238,0.0025
7746,816,dhmix_935892165648195197,816,EnthalpyOfMixing,<Substance CCCCC(=O)OC{solv}{x=0.234700}|COC(C)=O{solv}{x=0.765300}>,CCCCC(=O)OC,COC(C)=O,fb-fit-v0-single-mean-k20,1,0.1422673894295059,0.039809347660221,0.173,0.002
7747,817,dens_961692445804333991,817,Density,<Substance CCCCC(=O)OC{solv}{x=0.738300}|COC(C)=O{solv}{x=0.261700}>,CCCCC(=O)OC,COC(C)=O,fb-fit-v0-single-mean-k20,1,0.891946483157089,0.0002145807071207,0.8914700000000002,0.000505
7748,818,dens_1493380961688632529,818,Density,<Substance CCCCC(=O)OC{solv}{x=0.493500}|COC(C)=O{solv}{x=0.506500}>,CCCCC(=O)OC,COC(C)=O,fb-fit-v0-single-mean-k20,1,0.9002014677385116,0.0002402338669267,0.8996200000000002,0.000505
7749,819,dhmix_563342363018905515,819,EnthalpyOfMixing,<Substance CCOC(=O)CC(C)=O{solv}{x=0.751400}|O{solv}{x=0.248600}>,CCOC(=O)CC(C)=O,O,fb-fit-v0-single-mean-k20,1,0.8607101010149165,0.0448251178501852,1.128,0.012
7750,820,dhmix_1385095028103136291,820,EnthalpyOfMixing,<Substance CCOC(=O)CC(C)=O{solv}{x=0.449100}|O{solv}{x=0.550900}>,CCOC(=O)CC(C)=O,O,fb-fit-v0-single-mean-k20,1,0.7118981345382451,0.0332000971158285,0.684,0.0075
7751,821,dhmix_1609967394780907654,821,EnthalpyOfMixing,<Substance CCOC(=O)CC(C)=O{solv}{x=0.299400}|O{solv}{x=0.700600}>,CCOC(=O)CC(C)=O,O,fb-fit-v0-single-mean-k20,1,0.5995383071719971,0.0270204173697533,0.428,0.005
7752,822,dhmix_566259260175961973,822,EnthalpyOfMixing,<Substance CCCCO{solv}{x=0.144700}|OC1=NCCC1{solv}{x=0.855300}>,CCCCO,OC1=NCCC1,fb-fit-v0-single-mean-k20,1,0.6261285096089892,0.0383124145630395,0.0949,0.0012
7753,823,dens_1146983614802652988,823,Density,<Substance CCCCO{solv}{x=0.500400}|OC1=NCCC1{solv}{x=0.499600}>,CCCCO,OC1=NCCC1,fb-fit-v0-single-mean-k20,1,0.9276446802956744,0.0002270819694547,0.94503,0.00015
7754,824,dhmix_1601732489230179724,824,EnthalpyOfMixing,<Substance CCCCO{solv}{x=0.497800}|OC1=NCCC1{solv}{x=0.502200}>,CCCCO,OC1=NCCC1,fb-fit-v0-single-mean-k20,1,1.5318028223075544,0.0404367002690395,0.2326,0.0026
7755,825,dhmix_1661138478850718837,825,EnthalpyOfMixing,<Substance CCCCO{solv}{x=0.754800}|OC1=NCCC1{solv}{x=0.245200}>,CCCCO,OC1=NCCC1,fb-fit-v0-single-mean-k20,1,1.2473858042528692,0.0375333720333569,0.2356,0.00265
7756,826,dens_1878955695276199878,826,Density,<Substance CCCCO{solv}{x=0.144600}|OC1=NCCC1{solv}{x=0.855400}>,CCCCO,OC1=NCCC1,fb-fit-v0-single-mean-k20,1,1.019548037540217,0.0002364204963735,1.0575900000000005,0.000205
7757,827,dens_2101998760005952263,827,Density,<Substance CCCCO{solv}{x=0.755500}|OC1=NCCC1{solv}{x=0.244500}>,CCCCO,OC1=NCCC1,fb-fit-v0-single-mean-k20,1,0.8642004622516406,0.0001862778179385,0.8711500000000002,0.000185
7758,828,dhmix_569012254773025696,828,EnthalpyOfMixing,<Substance CC(C)(C)O{solv}{x=0.505700}|OC1=NCCC1{solv}{x=0.494300}>,CC(C)(C)O,OC1=NCCC1,fb-fit-v0-single-mean-k20,1,1.951701516164519,0.0324384373182875,0.4323,0.0047
7759,829,dens_992979807705536615,829,Density,<Substance CC(C)(C)O{solv}{x=0.751100}|OC1=NCCC1{solv}{x=0.248900}>,CC(C)(C)O,OC1=NCCC1,fb-fit-v0-single-mean-k20,1,0.8696169552253611,0.0004465173216056,0.8505700000000003,0.000215
7760,830,dens_1020722913861580636,830,Density,<Substance CC(C)(C)O{solv}{x=0.499700}|OC1=NCCC1{solv}{x=0.500300}>,CC(C)(C)O,OC1=NCCC1,fb-fit-v0-single-mean-k20,1,0.9283001443527716,0.0002811202825825,0.9282800000000002,0.00018
7761,831,dhmix_1408261346335628114,831,EnthalpyOfMixing,<Substance CC(C)(C)O{solv}{x=0.744900}|OC1=NCCC1{solv}{x=0.255100}>,CC(C)(C)O,OC1=NCCC1,fb-fit-v0-single-mean-k20,1,2.0346891802926805,0.0493556776116664,0.3774,0.00415
7762,832,dhmix_1466823939183874689,832,EnthalpyOfMixing,<Substance CC(C)(C)O{solv}{x=0.257800}|OC1=NCCC1{solv}{x=0.742200}>,CC(C)(C)O,OC1=NCCC1,fb-fit-v0-single-mean-k20,1,1.3496553288806297,0.0377911419460147,0.2874,0.0032
7763,833,dens_1768273433543243004,833,Density,<Substance CC(C)(C)O{solv}{x=0.276400}|OC1=NCCC1{solv}{x=0.723600}>,CC(C)(C)O,OC1=NCCC1,fb-fit-v0-single-mean-k20,1,0.9860433158967972,0.0002650873428876,1.0036300000000002,0.000155
7764,834,dens_571827819113574480,834,Density,<Substance CC(C)OC(C)C{solv}{x=0.700400}|Cc1ccccc1{solv}{x=0.299600}>,CC(C)OC(C)C,Cc1ccccc1,fb-fit-v0-single-mean-k20,1,0.7694213457069806,0.0002321149833453,0.7573100000000001,0.000155
7765,835,dhmix_686402805609192969,835,EnthalpyOfMixing,<Substance CC(C)OC(C)C{solv}{x=0.228000}|Cc1ccccc1{solv}{x=0.772000}>,CC(C)OC(C)C,Cc1ccccc1,fb-fit-v0-single-mean-k20,1,-0.0440502393285129,0.0420641376900442,0.0593,0.00515
7766,836,dhmix_1045652173440309018,836,EnthalpyOfMixing,<Substance CC(C)OC(C)C{solv}{x=0.752000}|Cc1ccccc1{solv}{x=0.248000}>,CC(C)OC(C)C,Cc1ccccc1,fb-fit-v0-single-mean-k20,1,-0.1708395596163612,0.0481069866303783,-0.0091,0.00505
7767,837,dhmix_1690461453403165745,837,EnthalpyOfMixing,<Substance CC(C)OC(C)C{solv}{x=0.455000}|Cc1ccccc1{solv}{x=0.545000}>,CC(C)OC(C)C,Cc1ccccc1,fb-fit-v0-single-mean-k20,1,0.020968631118599,0.0430939874298403,0.0323,0.0051
7768,838,dens_2086775654110573795,838,Density,<Substance CC(C)OC(C)C{solv}{x=0.200400}|Cc1ccccc1{solv}{x=0.799600}>,CC(C)OC(C)C,Cc1ccccc1,fb-fit-v0-single-mean-k20,1,0.8376115637307059,0.0001991430874255,0.8299700000000002,0.00014
7769,839,dens_2167043968237201720,839,Density,<Substance CC(C)OC(C)C{solv}{x=0.500300}|Cc1ccccc1{solv}{x=0.499700}>,CC(C)OC(C)C,Cc1ccccc1,fb-fit-v0-single-mean-k20,1,0.7956183244257147,0.0002285947199016,0.7849200000000002,0.000155
7770,840,dhmix_578047845607378963,840,EnthalpyOfMixing,<Substance CN1CCCC1=O{solv}{x=0.635900}|c1ccncc1{solv}{x=0.364100}>,CN1CCCC1=O,c1ccncc1,fb-fit-v0-single-mean-k20,1,-0.3611521192276328,0.0336847038375821,-0.4013,0.10035
7771,841,dhmix_625120262301063359,841,EnthalpyOfMixing,<Substance CN1CCCC1=O{solv}{x=0.231200}|c1ccncc1{solv}{x=0.768800}>,CN1CCCC1=O,c1ccncc1,fb-fit-v0-single-mean-k20,1,-0.2954321115902161,0.0396485861246712,-0.3157,0.07895
7772,842,dens_1059919274311274879,842,Density,<Substance CN1CCCC1=O{solv}{x=0.521500}|c1ccncc1{solv}{x=0.478500}>,CN1CCCC1=O,c1ccncc1,fb-fit-v0-single-mean-k20,1,0.994528786966544,0.0002112303109634,1.0158200000000004,0.00051
7773,843,dens_1445187430653020908,843,Density,<Substance CN1CCCC1=O{solv}{x=0.234800}|c1ccncc1{solv}{x=0.765200}>,CN1CCCC1=O,c1ccncc1,fb-fit-v0-single-mean-k20,1,0.9859933202606382,0.0002631896146269,0.9983500000000004,0.00051
7774,844,dhmix_1933003504821603087,844,EnthalpyOfMixing,<Substance CN1CCCC1=O{solv}{x=0.499500}|c1ccncc1{solv}{x=0.500500}>,CN1CCCC1=O,c1ccncc1,fb-fit-v0-single-mean-k20,1,-0.3362275521430096,0.0368206809598201,-0.4356,0.1089
7775,845,dens_2199047009222847682,845,Density,<Substance CN1CCCC1=O{solv}{x=0.636400}|c1ccncc1{solv}{x=0.363600}>,CN1CCCC1=O,c1ccncc1,fb-fit-v0-single-mean-k20,1,0.9975567726933612,0.0001694327750073,1.0207400000000002,0.00051
7776,846,dens_586351122522837789,846,Density,<Substance c1cc[nH]c1{solv}{x=0.820700}|c1ccccc1{solv}{x=0.179300}>,c1cc[nH]c1,c1ccccc1,fb-fit-v0-single-mean-k20,1,0.9589210846532362,0.0002317103879461,0.9503300000000002,0.000195
7777,847,dhmix_1101447260293284221,847,EnthalpyOfMixing,<Substance c1cc[nH]c1{solv}{x=0.494000}|c1ccccc1{solv}{x=0.506000}>,c1cc[nH]c1,c1ccccc1,fb-fit-v0-single-mean-k20,1,0.6938047791016828,0.0338097708702767,0.609,0.00395
7778,848,dens_1366042600317618213,848,Density,<Substance c1cc[nH]c1{solv}{x=0.503000}|c1ccccc1{solv}{x=0.497000}>,c1cc[nH]c1,c1ccccc1,fb-fit-v0-single-mean-k20,1,0.925353127658472,0.0002442460770923,0.9220400000000002,0.00019
7779,849,dens_2042223650153961549,849,Density,<Substance c1cc[nH]c1{solv}{x=0.314200}|c1ccccc1{solv}{x=0.685800}>,c1cc[nH]c1,c1ccccc1,fb-fit-v0-single-mean-k20,1,0.9086362123082744,0.0001785403454272,0.9043500000000002,0.000195
7780,850,dhmix_2080652523589171296,850,EnthalpyOfMixing,<Substance c1cc[nH]c1{solv}{x=0.820800}|c1ccccc1{solv}{x=0.179200}>,c1cc[nH]c1,c1ccccc1,fb-fit-v0-single-mean-k20,1,0.2792637513288198,0.0385762735032911,0.3441,0.00245
7781,851,dhmix_2101365800313583195,851,EnthalpyOfMixing,<Substance c1cc[nH]c1{solv}{x=0.314000}|c1ccccc1{solv}{x=0.686000}>,c1cc[nH]c1,c1ccccc1,fb-fit-v0-single-mean-k20,1,0.5905032441048306,0.0371893210592952,0.5893,0.00385
7782,852,dens_592296207180530796,852,Density,<Substance C1CCNCC1{solv}{x=0.250000}|O{solv}{x=0.750000}>,C1CCNCC1,O,fb-fit-v0-single-mean-k20,1,0.9119637164605224,0.0003467053563621,0.9379600000000002,0.000185
7783,853,dhmix_598563182385523239,853,EnthalpyOfMixing,<Substance C1CCNCC1{solv}{x=0.750000}|O{solv}{x=0.250000}>,C1CCNCC1,O,fb-fit-v0-single-mean-k20,1,-1.048884904695143,0.0431737412247948,-1.4628,0.02995
7784,854,dens_1144696340343060729,854,Density,<Substance C1CCNCC1{solv}{x=0.500000}|O{solv}{x=0.500000}>,C1CCNCC1,O,fb-fit-v0-single-mean-k20,1,0.8886081258138199,0.0002489306285467,0.90329,0.000235
7785,855,dens_1551117370864361960,855,Density,<Substance C1CCNCC1{solv}{x=0.750000}|O{solv}{x=0.250000}>,C1CCNCC1,O,fb-fit-v0-single-mean-k20,1,0.8746750126213915,0.0002236206917293,0.8771300000000002,0.000285
7786,856,dhmix_2023343497633678069,856,EnthalpyOfMixing,<Substance C1CCNCC1{solv}{x=0.500000}|O{solv}{x=0.500000}>,C1CCNCC1,O,fb-fit-v0-single-mean-k20,1,-1.4521799445747323,0.031791883843608,-2.1379,0.04355
7787,857,dhmix_2169709193905404129,857,EnthalpyOfMixing,<Substance C1CCNCC1{solv}{x=0.250000}|O{solv}{x=0.750000}>,C1CCNCC1,O,fb-fit-v0-single-mean-k20,1,-0.9652730557202512,0.0235147914541621,-1.9642,0.04065
7788,858,dhmix_597694390671293228,858,EnthalpyOfMixing,<Substance C1CCCCC1{solv}{x=0.495000}|c1cc[nH]c1{solv}{x=0.505000}>,C1CCCCC1,c1cc[nH]c1,fb-fit-v0-single-mean-k20,1,1.5987161090367508,0.0377560026877215,1.4275,0.00895
7789,859,dens_1402964712081643759,859,Density,<Substance C1CCCCC1{solv}{x=0.281700}|c1cc[nH]c1{solv}{x=0.718300}>,C1CCCCC1,c1cc[nH]c1,fb-fit-v0-single-mean-k20,1,0.8942942427229505,0.0001802758218213,0.9082800000000002,0.00023
7790,860,dens_1463337814181203578,860,Density,<Substance C1CCCCC1{solv}{x=0.925100}|c1cc[nH]c1{solv}{x=0.074900}>,C1CCCCC1,c1cc[nH]c1,fb-fit-v0-single-mean-k20,1,0.7751864361191293,0.000163884541731,0.7860300000000001,0.00026
7791,861,dens_1586039458655447443,861,Density,<Substance C1CCCCC1{solv}{x=0.494200}|c1cc[nH]c1{solv}{x=0.505800}>,C1CCCCC1,c1cc[nH]c1,fb-fit-v0-single-mean-k20,1,0.8456617775294989,0.0002491693112634,0.8661300000000002,0.000235
7792,862,dhmix_1650717903260721901,862,EnthalpyOfMixing,<Substance C1CCCCC1{solv}{x=0.924800}|c1cc[nH]c1{solv}{x=0.075200}>,C1CCCCC1,c1cc[nH]c1,fb-fit-v0-single-mean-k20,1,0.8004584145895848,0.0504129758049862,0.7315,0.00535
7793,863,dhmix_1709124910710738018,863,EnthalpyOfMixing,<Substance C1CCCCC1{solv}{x=0.281800}|c1cc[nH]c1{solv}{x=0.718200}>,C1CCCCC1,c1cc[nH]c1,fb-fit-v0-single-mean-k20,1,1.2878964101457413,0.0414556235121514,1.245,0.00795
7794,864,dhmix_602003453564252918,864,EnthalpyOfMixing,<Substance COc1ccccc1{solv}{x=0.767000}|OCCc1ccccc1{solv}{x=0.233000}>,COc1ccccc1,OCCc1ccccc1,fb-fit-v0-single-mean-k20,1,0.9701751054205588,0.0488315490945594,1.1154,0.01195
7795,865,dhmix_831666159864093343,865,EnthalpyOfMixing,<Substance COc1ccccc1{solv}{x=0.267800}|OCCc1ccccc1{solv}{x=0.732200}>,COc1ccccc1,OCCc1ccccc1,fb-fit-v0-single-mean-k20,1,0.7850229471082031,0.0585110335339591,0.688,0.00745
7796,866,dhmix_1415130215717622630,866,EnthalpyOfMixing,<Substance COc1ccccc1{solv}{x=0.523200}|OCCc1ccccc1{solv}{x=0.476800}>,COc1ccccc1,OCCc1ccccc1,fb-fit-v0-single-mean-k20,1,1.006925874303228,0.0496104927229976,1.0457,0.0112
7797,867,dens_2018050376435813399,867,Density,<Substance COc1ccccc1{solv}{x=0.767300}|OCCc1ccccc1{solv}{x=0.232700}>,COc1ccccc1,OCCc1ccccc1,fb-fit-v0-single-mean-k20,1,0.9819471123838196,0.0001864794107767,0.9869000000000002,0.00026
7798,868,dens_2083067547090229321,868,Density,<Substance COc1ccccc1{solv}{x=0.524500}|OCCc1ccccc1{solv}{x=0.475500}>,COc1ccccc1,OCCc1ccccc1,fb-fit-v0-single-mean-k20,1,0.9911522564643022,0.0001589003559722,0.9943600000000002,0.00026
7799,869,dens_2108796896152795987,869,Density,<Substance COc1ccccc1{solv}{x=0.212100}|OCCc1ccccc1{solv}{x=0.787900}>,COc1ccccc1,OCCc1ccccc1,fb-fit-v0-single-mean-k20,1,1.003196924487561,0.0002120168416899,1.0032600000000005,0.00026
7800,870,dhmix_607389561715885318,870,EnthalpyOfMixing,<Substance CC(C)O{solv}{x=0.750600}|CCOC(=O)CC(=O)OCC{solv}{x=0.249400}>,CC(C)O,CCOC(=O)CC(=O)OCC,fb-fit-v0-single-mean-k20,1,2.032718197237301,0.038680959175781,1.955,0.021
7801,871,dhmix_970997719035766241,871,EnthalpyOfMixing,<Substance CC(C)O{solv}{x=0.249200}|CCOC(=O)CC(=O)OCC{solv}{x=0.750800}>,CC(C)O,CCOC(=O)CC(=O)OCC,fb-fit-v0-single-mean-k20,1,1.8246576349146153,0.0498172704537392,1.804,0.0195
7802,872,dens_1055220895195342210,872,Density,<Substance CC(C)O{solv}{x=0.700000}|CCOC(=O)CC(=O)OCC{solv}{x=0.300000}>,CC(C)O,CCOC(=O)CC(=O)OCC,fb-fit-v0-single-mean-k20,1,0.91724521506328,0.0002001208861164,0.9013080000000002,0.000163
7803,873,dens_1059428282849222105,873,Density,<Substance CC(C)O{solv}{x=0.500100}|CCOC(=O)CC(=O)OCC{solv}{x=0.499900}>,CC(C)O,CCOC(=O)CC(=O)OCC,fb-fit-v0-single-mean-k20,1,0.9707074378116766,0.0002206040534779,0.9563730000000004,0.0001215
7804,874,dhmix_2225069850502215858,874,EnthalpyOfMixing,<Substance CC(C)O{solv}{x=0.499700}|CCOC(=O)CC(=O)OCC{solv}{x=0.500300}>,CC(C)O,CCOC(=O)CC(=O)OCC,fb-fit-v0-single-mean-k20,1,2.458925798529094,0.0412723445714197,2.369,0.0255
7805,875,dens_2227064517025896927,875,Density,<Substance CC(C)O{solv}{x=0.200000}|CCOC(=O)CC(=O)OCC{solv}{x=0.800000}>,CC(C)O,CCOC(=O)CC(=O)OCC,fb-fit-v0-single-mean-k20,1,1.02883717203211,0.0001568831564038,1.0176930000000002,0.000103
7806,876,dhmix_614525131410782877,876,EnthalpyOfMixing,<Substance CCCCCC(C)=O{solv}{x=0.491300}|CCCCNCCCC{solv}{x=0.508700}>,CCCCCC(C)=O,CCCCNCCCC,fb-fit-v0-single-mean-k20,1,-0.1331946340879568,0.0513759947856463,0.278,0.003
7807,877,dhmix_1051001364116056564,877,EnthalpyOfMixing,<Substance CCCCCC(C)=O{solv}{x=0.781100}|CCCCNCCCC{solv}{x=0.218900}>,CCCCCC(C)=O,CCCCNCCCC,fb-fit-v0-single-mean-k20,1,-0.2025259424516861,0.0543021363715859,0.164,0.002
7808,878,dens_1087422962538109584,878,Density,<Substance CCCCCC(C)=O{solv}{x=0.449900}|CCCCNCCCC{solv}{x=0.550100}>,CCCCCC(C)=O,CCCCNCCCC,fb-fit-v0-single-mean-k20,1,0.7815197251251604,0.000171376105568,0.7778490000000002,9.250000000000004e-05
7809,879,dens_1830187222448876426,879,Density,<Substance CCCCCC(C)=O{solv}{x=0.209700}|CCCCNCCCC{solv}{x=0.790300}>,CCCCCC(C)=O,CCCCNCCCC,fb-fit-v0-single-mean-k20,1,0.7708564110437073,0.0001543801901009,0.7655110000000002,8.400000000000002e-05
7810,880,dens_2113849591242853193,880,Density,<Substance CCCCCC(C)=O{solv}{x=0.750900}|CCCCNCCCC{solv}{x=0.249100}>,CCCCCC(C)=O,CCCCNCCCC,fb-fit-v0-single-mean-k20,1,0.7962576823067428,0.0001899764839479,0.7951660000000003,0.000105
7811,881,dhmix_2131918011494960609,881,EnthalpyOfMixing,<Substance CCCCCC(C)=O{solv}{x=0.294700}|CCCCNCCCC{solv}{x=0.705300}>,CCCCCC(C)=O,CCCCNCCCC,fb-fit-v0-single-mean-k20,1,-0.0810152437042432,0.0531754347670175,0.256,0.003
7812,882,dhmix_618866445574413387,882,EnthalpyOfMixing,<Substance C1CCOCC1{solv}{x=0.442500}|Cc1ccccc1C{solv}{x=0.557500}>,C1CCOCC1,Cc1ccccc1C,fb-fit-v0-single-mean-k20,1,-0.1082867618354157,0.0464671231678866,-0.0342,0.0006
7813,883,dens_643927890193937545,883,Density,<Substance C1CCOCC1{solv}{x=0.518700}|Cc1ccccc1C{solv}{x=0.481300}>,C1CCOCC1,Cc1ccccc1C,fb-fit-v0-single-mean-k20,1,0.872157239557109,0.0002120675084704,0.8779900000000003,0.0005
7814,884,dhmix_1129414916141538177,884,EnthalpyOfMixing,<Substance C1CCOCC1{solv}{x=0.744300}|Cc1ccccc1C{solv}{x=0.255700}>,C1CCOCC1,Cc1ccccc1C,fb-fit-v0-single-mean-k20,1,-0.0534938286714208,0.0460344019339813,0.0421,0.00065
7815,885,dens_1429468909820653032,885,Density,<Substance C1CCOCC1{solv}{x=0.231800}|Cc1ccccc1C{solv}{x=0.768200}>,C1CCOCC1,Cc1ccccc1C,fb-fit-v0-single-mean-k20,1,0.8712616521260302,0.0001831197378831,0.8770400000000002,0.0005
7816,886,dens_1442497603142913792,886,Density,<Substance C1CCOCC1{solv}{x=0.772900}|Cc1ccccc1C{solv}{x=0.227100}>,C1CCOCC1,Cc1ccccc1C,fb-fit-v0-single-mean-k20,1,0.8718561097686097,0.0002298023232164,0.8787800000000002,0.000505
7817,887,dhmix_2268256048157488415,887,EnthalpyOfMixing,<Substance C1CCOCC1{solv}{x=0.245400}|Cc1ccccc1C{solv}{x=0.754600}>,C1CCOCC1,Cc1ccccc1C,fb-fit-v0-single-mean-k20,1,-0.0535902366415825,0.0469366259354932,-0.0613,0.00085
7818,888,dens_626398848152359169,888,Density,<Substance C1COCCN1{solv}{x=0.498000}|O{solv}{x=0.502000}>,C1COCCN1,O,fb-fit-v0-single-mean-k20,1,1.0385897514634836,0.0002783942128591,1.0255000000000003,0.00255
7819,889,dhmix_773913810754342365,889,EnthalpyOfMixing,<Substance C1COCCN1{solv}{x=0.714900}|O{solv}{x=0.285100}>,C1COCCN1,O,fb-fit-v0-single-mean-k20,1,-2.2724640767539057,0.0471486537075218,-1.753,0.019
7820,890,dhmix_1012297674499495059,890,EnthalpyOfMixing,<Substance C1COCCN1{solv}{x=0.201000}|O{solv}{x=0.799000}>,C1COCCN1,O,fb-fit-v0-single-mean-k20,1,-1.8521617660957137,0.0273751508180051,-2.758,0.0295
7821,891,dens_1167008264969667349,891,Density,<Substance C1COCCN1{solv}{x=0.793000}|O{solv}{x=0.207000}>,C1COCCN1,O,fb-fit-v0-single-mean-k20,1,1.0373568897352905,0.0002058982319635,1.0057000000000005,0.00245
7822,892,dhmix_1871930573512426354,892,EnthalpyOfMixing,<Substance C1COCCN1{solv}{x=0.491100}|O{solv}{x=0.508900}>,C1COCCN1,O,fb-fit-v0-single-mean-k20,1,-2.9195928787710415,0.03679604691279,-3.131,0.0335
7823,893,dens_2014911999593579414,893,Density,<Substance C1COCCN1{solv}{x=0.298000}|O{solv}{x=0.702000}>,C1COCCN1,O,fb-fit-v0-single-mean-k20,1,1.0319287682207994,0.0003463630464221,1.0309000000000004,0.00255
7824,894,dens_627753907231278660,894,Density,<Substance CCC(C)=O{solv}{x=0.753100}|CCCNCCC{solv}{x=0.246900}>,CCC(C)=O,CCCNCCC,fb-fit-v0-single-mean-k20,1,0.7713569859555024,0.0001605211222997,0.7771510000000001,0.000109
7825,895,dens_674236159588910357,895,Density,<Substance CCC(C)=O{solv}{x=0.244600}|CCCNCCC{solv}{x=0.755400}>,CCC(C)=O,CCCNCCC,fb-fit-v0-single-mean-k20,1,0.7455717365096423,0.0002168885522359,0.7446230000000003,0.0001405
7826,896,dhmix_749228177959685874,896,EnthalpyOfMixing,<Substance CCC(C)=O{solv}{x=0.235300}|CCCNCCC{solv}{x=0.764700}>,CCC(C)=O,CCCNCCC,fb-fit-v0-single-mean-k20,1,0.0049992797313649,0.0484502663714082,0.299,0.0035
7827,897,dhmix_1706960823617656563,897,EnthalpyOfMixing,<Substance CCC(C)=O{solv}{x=0.698400}|CCCNCCC{solv}{x=0.301600}>,CCC(C)=O,CCCNCCC,fb-fit-v0-single-mean-k20,1,0.0430040245843361,0.0402374620812417,0.334,0.0035
7828,898,dhmix_2102794241345605516,898,EnthalpyOfMixing,<Substance CCC(C)=O{solv}{x=0.505000}|CCCNCCC{solv}{x=0.495000}>,CCC(C)=O,CCCNCCC,fb-fit-v0-single-mean-k20,1,-0.0264449423512616,0.0433345761973045,0.397,0.0045
7829,899,dens_2224864308887622456,899,Density,<Substance CCC(C)=O{solv}{x=0.500600}|CCCNCCC{solv}{x=0.499400}>,CCC(C)=O,CCCNCCC,fb-fit-v0-single-mean-k20,1,0.7576632801730157,0.0002299766956091,0.7590400000000002,0.000125
7830,900,dhmix_628329103086906726,900,EnthalpyOfMixing,<Substance CC1CCCCC1{solv}{x=0.250400}|CCCO{solv}{x=0.749600}>,CC1CCCCC1,CCCO,fb-fit-v0-single-mean-k20,1,0.4051950710940986,0.0407207016586173,0.321,0.0055
7831,901,dhmix_989207392771680315,901,EnthalpyOfMixing,<Substance CC1CCCCC1{solv}{x=0.750500}|CCCO{solv}{x=0.249500}>,CC1CCCCC1,CCCO,fb-fit-v0-single-mean-k20,1,0.6580936492254921,0.0366892858381407,0.574,0.0055
7832,902,dens_1351260115393741606,902,Density,<Substance CC1CCCCC1{solv}{x=0.503100}|CCCO{solv}{x=0.496900}>,CC1CCCCC1,CCCO,fb-fit-v0-single-mean-k20,1,0.7791170823775123,0.0002423981122504,0.7785600000000001,0.0039
7833,903,dens_1376195506089851480,903,Density,<Substance CC1CCCCC1{solv}{x=0.202700}|CCCO{solv}{x=0.797300}>,CC1CCCCC1,CCCO,fb-fit-v0-single-mean-k20,1,0.7883952382402573,0.0002811990223277,0.7942000000000002,0.00398
7834,904,dens_1501229836503112732,904,Density,<Substance CC1CCCCC1{solv}{x=0.799000}|CCCO{solv}{x=0.201000}>,CC1CCCCC1,CCCO,fb-fit-v0-single-mean-k20,1,0.7722716701322467,0.0002238939778668,0.7688300000000002,0.003855
7835,905,dhmix_2109805019413953371,905,EnthalpyOfMixing,<Substance CC1CCCCC1{solv}{x=0.500400}|CCCO{solv}{x=0.499600}>,CC1CCCCC1,CCCO,fb-fit-v0-single-mean-k20,1,0.6628506545236235,0.0410815450006961,0.533,0.0055
7836,906,dhmix_634764080264908666,906,EnthalpyOfMixing,<Substance OCCN1CCOCC1{solv}{x=0.498900}|O{solv}{x=0.501100}>,O,OCCN1CCOCC1,fb-fit-v0-single-mean-k20,1,-3.13986517546401,0.0278909281143443,-2.2633,0.02415
7837,907,dens_707792343667224312,907,Density,<Substance OCCN1CCOCC1{solv}{x=0.246600}|O{solv}{x=0.753400}>,O,OCCN1CCOCC1,fb-fit-v0-single-mean-k20,1,1.0761251008932664,0.0003004461578196,1.0838100000000002,0.00154
7838,908,dhmix_1064373607860850902,908,EnthalpyOfMixing,<Substance OCCN1CCOCC1{solv}{x=0.694900}|O{solv}{x=0.305100}>,O,OCCN1CCOCC1,fb-fit-v0-single-mean-k20,1,-2.5725293894365393,0.0477165875874973,-1.7936,0.01915
7839,909,dhmix_1846281306963870091,909,EnthalpyOfMixing,<Substance OCCN1CCOCC1{solv}{x=0.300200}|O{solv}{x=0.699800}>,O,OCCN1CCOCC1,fb-fit-v0-single-mean-k20,1,-2.70655042803628,0.0393413106423878,-2.426,0.026
7840,910,dens_2238932092645470826,910,Density,<Substance OCCN1CCOCC1{solv}{x=0.743900}|O{solv}{x=0.256100}>,O,OCCN1CCOCC1,fb-fit-v0-single-mean-k20,1,1.093773336837185,0.0002159542044405,1.08031,0.001565
7841,911,dens_2269173599223764079,911,Density,<Substance OCCN1CCOCC1{solv}{x=0.485200}|O{solv}{x=0.514800}>,O,OCCN1CCOCC1,fb-fit-v0-single-mean-k20,1,1.090659695507895,0.0002101607154071,1.0866900000000004,0.00159
7842,912,dhmix_636778454546345333,912,EnthalpyOfMixing,<Substance C1CCCCC1{solv}{x=0.506300}|CNc1ccccc1{solv}{x=0.493700}>,C1CCCCC1,CNc1ccccc1,fb-fit-v0-single-mean-k20,1,2.21921277052666,0.0414637712307023,1.628,0.0175
7843,913,dens_1209163492396921559,913,Density,<Substance C1CCCCC1{solv}{x=0.247000}|CNc1ccccc1{solv}{x=0.753000}>,C1CCCCC1,CNc1ccccc1,fb-fit-v0-single-mean-k20,1,0.93323915789441,0.0001999901318282,0.9289450000000002,0.000272
7844,914,dens_1438140901521078017,914,Density,<Substance C1CCCCC1{solv}{x=0.494500}|CNc1ccccc1{solv}{x=0.505500}>,C1CCCCC1,CNc1ccccc1,fb-fit-v0-single-mean-k20,1,0.875778915282031,0.0002113991596071,0.8759620000000002,0.0001835
7845,915,dens_1482697199055102595,915,Density,<Substance C1CCCCC1{solv}{x=0.746400}|CNc1ccccc1{solv}{x=0.253600}>,C1CCCCC1,CNc1ccccc1,fb-fit-v0-single-mean-k20,1,0.8197226244030323,0.0002063111905188,0.8233530000000001,0.000138
7846,916,dhmix_1832297119731463766,916,EnthalpyOfMixing,<Substance C1CCCCC1{solv}{x=0.204700}|CNc1ccccc1{solv}{x=0.795300}>,C1CCCCC1,CNc1ccccc1,fb-fit-v0-single-mean-k20,1,1.6314903915814725,0.0544032737115805,0.972,0.0105
7847,917,dhmix_1889368397403208807,917,EnthalpyOfMixing,<Substance C1CCCCC1{solv}{x=0.706600}|CNc1ccccc1{solv}{x=0.293400}>,C1CCCCC1,CNc1ccccc1,fb-fit-v0-single-mean-k20,1,1.8697905451230952,0.0419987233850503,1.521,0.0165
7848,918,dhmix_637657437173907469,918,EnthalpyOfMixing,<Substance CC(C)=O{solv}{x=0.709700}|CNc1ccccc1{solv}{x=0.290300}>,CC(C)=O,CNc1ccccc1,fb-fit-v0-single-mean-k20,1,-0.5565380088164247,0.0374339210183671,-0.525,0.0055
7849,919,dhmix_817594693007274900,919,EnthalpyOfMixing,<Substance CC(C)=O{solv}{x=0.231600}|CNc1ccccc1{solv}{x=0.768400}>,CC(C)=O,CNc1ccccc1,fb-fit-v0-single-mean-k20,1,-0.5800681168088611,0.0538467699709276,-0.5,0.0055
7850,920,dens_830664987854613197,920,Density,<Substance CC(C)=O{solv}{x=0.250300}|CNc1ccccc1{solv}{x=0.749700}>,CC(C)=O,CNc1ccccc1,fb-fit-v0-single-mean-k20,1,0.9594147919572136,0.0001998930694603,0.9502900000000002,0.0003395
7851,921,dhmix_1052042310023734389,921,EnthalpyOfMixing,<Substance CC(C)=O{solv}{x=0.508600}|CNc1ccccc1{solv}{x=0.491400}>,CC(C)=O,CNc1ccccc1,fb-fit-v0-single-mean-k20,1,-0.6497751904786888,0.0354257674445613,-0.672,0.0075
7852,922,dens_1302333367899693905,922,Density,<Substance CC(C)=O{solv}{x=0.750600}|CNc1ccccc1{solv}{x=0.249400}>,CC(C)=O,CNc1ccccc1,fb-fit-v0-single-mean-k20,1,0.8578455673660503,0.0002670909744875,0.8565010000000002,0.000231
7853,923,dens_1582643029733708616,923,Density,<Substance CC(C)=O{solv}{x=0.494800}|CNc1ccccc1{solv}{x=0.505200}>,CC(C)=O,CNc1ccccc1,fb-fit-v0-single-mean-k20,1,0.9160180048646764,0.0001848862449713,0.9107940000000002,0.000263
7854,924,dens_650566412384126439,924,Density,<Substance CC(C)CC(C)(C)C{solv}{x=0.158800}|CCCCC(=O)OC{solv}{x=0.841200}>,CC(C)CC(C)(C)C,CCCCC(=O)OC,fb-fit-v0-single-mean-k20,1,0.8511651841274199,0.0002149060757082,0.8463800000000002,0.000505
7855,925,dhmix_986100941633296124,925,EnthalpyOfMixing,<Substance CC(C)CC(C)(C)C{solv}{x=0.481800}|CCCCC(=O)OC{solv}{x=0.518200}>,CC(C)CC(C)(C)C,CCCCC(=O)OC,fb-fit-v0-single-mean-k20,1,1.3328537014203905,0.0515251352523682,0.866,0.0095
7856,926,dens_1095352626338523806,926,Density,<Substance CC(C)CC(C)(C)C{solv}{x=0.742500}|CCCCC(=O)OC{solv}{x=0.257500}>,CC(C)CC(C)(C)C,CCCCC(=O)OC,fb-fit-v0-single-mean-k20,1,0.7478208641912075,0.0001807614851801,0.7289800000000002,0.000505
7857,927,dens_1260001645299629257,927,Density,<Substance CC(C)CC(C)(C)C{solv}{x=0.498400}|CCCCC(=O)OC{solv}{x=0.501600}>,CC(C)CC(C)(C)C,CCCCC(=O)OC,fb-fit-v0-single-mean-k20,1,0.7873769617540622,0.000182229094417,0.7738400000000002,0.000505
7858,928,dhmix_1505455794590867712,928,EnthalpyOfMixing,<Substance CC(C)CC(C)(C)C{solv}{x=0.158900}|CCCCC(=O)OC{solv}{x=0.841100}>,CC(C)CC(C)(C)C,CCCCC(=O)OC,fb-fit-v0-single-mean-k20,1,0.7113261584521666,0.0532866462176406,0.438,0.005
7859,929,dhmix_1888614200283593194,929,EnthalpyOfMixing,<Substance CC(C)CC(C)(C)C{solv}{x=0.781300}|CCCCC(=O)OC{solv}{x=0.218700}>,CC(C)CC(C)(C)C,CCCCC(=O)OC,fb-fit-v0-single-mean-k20,1,1.0659984603241526,0.052941675481805,0.658,0.007
7860,930,dhmix_657900975986635712,930,EnthalpyOfMixing,<Substance Cc1ccccc1N{solv}{x=0.782700}|Cc1ccncc1{solv}{x=0.217300}>,Cc1ccccc1N,Cc1ccncc1,fb-fit-v0-single-mean-k20,1,-0.8710670444635014,0.0508030109361017,-0.8885,0.0182
7861,931,dhmix_727678512066874384,931,EnthalpyOfMixing,<Substance Cc1ccccc1N{solv}{x=0.478300}|Cc1ccncc1{solv}{x=0.521700}>,Cc1ccccc1N,Cc1ccncc1,fb-fit-v0-single-mean-k20,1,-1.5654626217935783,0.047468544995789,-1.4295,0.0291
7862,932,dhmix_860941552641107708,932,EnthalpyOfMixing,<Substance Cc1ccccc1N{solv}{x=0.271500}|Cc1ccncc1{solv}{x=0.728500}>,Cc1ccccc1N,Cc1ccncc1,fb-fit-v0-single-mean-k20,1,-1.409474538150434,0.0454069525542914,-1.1791,0.02405
7863,933,dens_1148106102021344214,933,Density,<Substance Cc1ccccc1N{solv}{x=0.265500}|Cc1ccncc1{solv}{x=0.734500}>,Cc1ccccc1N,Cc1ccncc1,fb-fit-v0-single-mean-k20,1,0.96828872235881,0.0002316998945475,0.9662520000000002,0.00012
7864,934,dens_1294189007890656769,934,Density,<Substance Cc1ccccc1N{solv}{x=0.486300}|Cc1ccncc1{solv}{x=0.513700}>,Cc1ccccc1N,Cc1ccncc1,fb-fit-v0-single-mean-k20,1,0.9834575209647544,0.0002196925412509,0.9765780000000002,0.000119
7865,935,dens_1461384477504239974,935,Density,<Substance Cc1ccccc1N{solv}{x=0.767400}|Cc1ccncc1{solv}{x=0.232600}>,Cc1ccccc1N,Cc1ccncc1,fb-fit-v0-single-mean-k20,1,1.0006055614922496,0.0002130343720828,0.9868740000000004,0.000118
7866,936,dens_671712471159959715,936,Density,<Substance CCCCCCN{solv}{x=0.294400}|CN(C)C=O{solv}{x=0.705600}>,CCCCCCN,CN(C)C=O,fb-fit-v0-single-mean-k20,1,0.8620166868723743,0.000224733723508,0.8676880000000002,0.001057
7867,937,dhmix_791979567859859400,937,EnthalpyOfMixing,<Substance CCCCCCN{solv}{x=0.747800}|CN(C)C=O{solv}{x=0.252200}>,CCCCCCN,CN(C)C=O,fb-fit-v0-single-mean-k20,1,0.4267791110921166,0.0502759615857717,0.461,0.015
7868,938,dens_812907294215791908,938,Density,<Substance CCCCCCN{solv}{x=0.450000}|CN(C)C=O{solv}{x=0.550000}>,CCCCCCN,CN(C)C=O,fb-fit-v0-single-mean-k20,1,0.8382409504180205,0.0001539099078459,0.8367510000000001,0.001016
7869,939,dhmix_1553880519684715156,939,EnthalpyOfMixing,<Substance CCCCCCN{solv}{x=0.249700}|CN(C)C=O{solv}{x=0.750300}>,CCCCCCN,CN(C)C=O,fb-fit-v0-single-mean-k20,1,0.3313573485057546,0.0410231724632725,0.51,0.0165
7870,940,dens_1658157305664412923,940,Density,<Substance CCCCCCN{solv}{x=0.745200}|CN(C)C=O{solv}{x=0.254800}>,CCCCCCN,CN(C)C=O,fb-fit-v0-single-mean-k20,1,0.8010683231699347,0.0002157477832164,0.7905460000000002,0.0009575
7871,941,dhmix_2271922176351407084,941,EnthalpyOfMixing,<Substance CCCCCCN{solv}{x=0.499700}|CN(C)C=O{solv}{x=0.500300}>,CCCCCCN,CN(C)C=O,fb-fit-v0-single-mean-k20,1,0.5242653829547663,0.0398182492217739,0.661,0.02
7872,942,dhmix_676105854791415053,942,EnthalpyOfMixing,<Substance C=C(C)[C@H]1CC=C(C)CC1{solv}{x=0.540000}|CCCCCO{solv}{x=0.460000}>,C=C(C)[C@H]1CC=C(C)CC1,CCCCCO,fb-fit-v0-single-mean-k20,1,0.9758962926173922,0.0471147627683306,0.858,0.0345
7873,943,dhmix_865539540276734208,943,EnthalpyOfMixing,<Substance C=C(C)[C@H]1CC=C(C)CC1{solv}{x=0.766000}|CCCCCO{solv}{x=0.234000}>,C=C(C)[C@H]1CC=C(C)CC1,CCCCCO,fb-fit-v0-single-mean-k20,1,0.843499199447038,0.0555072036947486,0.782,0.0315
7874,944,dens_1544700949225348296,944,Density,<Substance C=C(C)[C@H]1CC=C(C)CC1{solv}{x=0.263500}|CCCCCO{solv}{x=0.736500}>,C=C(C)[C@H]1CC=C(C)CC1,CCCCCO,fb-fit-v0-single-mean-k20,1,0.8242836856979536,0.000157906745284,0.8238000000000002,0.0002
7875,945,dens_1638649899512334435,945,Density,<Substance C=C(C)[C@H]1CC=C(C)CC1{solv}{x=0.543500}|CCCCCO{solv}{x=0.456500}>,C=C(C)[C@H]1CC=C(C)CC1,CCCCCO,fb-fit-v0-single-mean-k20,1,0.829321439901904,0.0001655958514221,0.8312000000000003,0.0003
7876,946,dens_2014432371647189246,946,Density,<Substance C=C(C)[C@H]1CC=C(C)CC1{solv}{x=0.725200}|CCCCCO{solv}{x=0.274800}>,C=C(C)[C@H]1CC=C(C)CC1,CCCCCO,fb-fit-v0-single-mean-k20,1,0.8322025736615648,0.0001752229533784,0.8354000000000001,0.00035
7877,947,dhmix_2293008983270202716,947,EnthalpyOfMixing,<Substance C=C(C)[C@H]1CC=C(C)CC1{solv}{x=0.272000}|CCCCCO{solv}{x=0.728000}>,C=C(C)[C@H]1CC=C(C)CC1,CCCCCO,fb-fit-v0-single-mean-k20,1,0.5227250464307929,0.0408638476340244,0.532,0.0215
7878,948,dens_680086766431069719,948,Density,<Substance CN1CCNCC1{solv}{x=0.209100}|O{solv}{x=0.790900}>,CN1CCNCC1,O,fb-fit-v0-single-mean-k20,1,0.996856564281241,0.0003721132995493,1.0013300000000005,4.000000000000001e-05
7879,949,dhmix_979415629850644100,949,EnthalpyOfMixing,<Substance CN1CCNCC1{solv}{x=0.199800}|O{solv}{x=0.800200}>,CN1CCNCC1,O,fb-fit-v0-single-mean-k20,1,-4.189682464215917,0.0372372036592722,-4.495,0.048
7880,950,dhmix_1386641258873877278,950,EnthalpyOfMixing,<Substance CN1CCNCC1{solv}{x=0.792600}|O{solv}{x=0.207400}>,CN1CCNCC1,O,fb-fit-v0-single-mean-k20,1,-1.8802897108234904,0.0454464175160788,-1.753,0.019
7881,951,dhmix_1572121970391530461,951,EnthalpyOfMixing,<Substance CN1CCNCC1{solv}{x=0.550000}|O{solv}{x=0.450000}>,CN1CCNCC1,O,fb-fit-v0-single-mean-k20,1,-3.805597779212974,0.0323315175605178,-3.547,0.038
7882,952,dens_1756096179620961699,952,Density,<Substance CN1CCNCC1{solv}{x=0.510900}|O{solv}{x=0.489100}>,CN1CCNCC1,O,fb-fit-v0-single-mean-k20,1,0.97390373123406,0.0005189541973211,0.9464100000000002,7.000000000000002e-05
7883,953,dens_1892970147583328629,953,Density,<Substance CN1CCNCC1{solv}{x=0.706500}|O{solv}{x=0.293500}>,CN1CCNCC1,O,fb-fit-v0-single-mean-k20,1,0.960627953197666,0.0003780825837745,0.9223100000000002,8.500000000000002e-05
7884,954,dhmix_681274412655414068,954,EnthalpyOfMixing,<Substance CCCOC(=O)CC{solv}{x=0.739400}|Cc1ccccc1{solv}{x=0.260600}>,CCCOC(=O)CC,Cc1ccccc1,fb-fit-v0-single-mean-k20,1,-0.3341350976135757,0.0419705052138474,-0.1135,0.0033
7885,955,dhmix_720914323963600437,955,EnthalpyOfMixing,<Substance CCCOC(=O)CC{solv}{x=0.238900}|Cc1ccccc1{solv}{x=0.761100}>,CCCOC(=O)CC,Cc1ccccc1,fb-fit-v0-single-mean-k20,1,-0.3265767184213359,0.0368960941163004,-0.1404,0.0037
7886,956,dens_1397630560016316656,956,Density,<Substance CCCOC(=O)CC{solv}{x=0.274700}|Cc1ccccc1{solv}{x=0.725300}>,CCCOC(=O)CC,Cc1ccccc1,fb-fit-v0-single-mean-k20,1,0.8708432518845869,0.0002217152827134,0.8675700000000003,0.00018
7887,957,dhmix_1646061995263935606,957,EnthalpyOfMixing,<Substance CCCOC(=O)CC{solv}{x=0.548600}|Cc1ccccc1{solv}{x=0.451400}>,CCCOC(=O)CC,Cc1ccccc1,fb-fit-v0-single-mean-k20,1,-0.348685251416434,0.0494958844793548,-0.1583,0.004
7888,958,dens_1792064777238352129,958,Density,<Substance CCCOC(=O)CC{solv}{x=0.490700}|Cc1ccccc1{solv}{x=0.509300}>,CCCOC(=O)CC,Cc1ccccc1,fb-fit-v0-single-mean-k20,1,0.8720284233746161,0.0002221175608749,0.8707300000000002,0.00019
7889,959,dens_1826904081955826008,959,Density,<Substance CCCOC(=O)CC{solv}{x=0.734600}|Cc1ccccc1{solv}{x=0.265400}>,CCCOC(=O)CC,Cc1ccccc1,fb-fit-v0-single-mean-k20,1,0.8730058790185716,0.0002188427749298,0.8734100000000001,0.00021
7890,960,dens_685747331874801159,960,Density,<Substance CN1CCOCC1{solv}{x=0.498300}|O{solv}{x=0.501700}>,CN1CCOCC1,O,fb-fit-v0-single-mean-k20,1,0.9813352210862676,0.0003367016386058,0.9627600000000002,0.00084
7891,961,dens_1087644349445114282,961,Density,<Substance CN1CCOCC1{solv}{x=0.253800}|O{solv}{x=0.746200}>,CN1CCOCC1,O,fb-fit-v0-single-mean-k20,1,0.990351294509937,0.0002945215791814,0.9918800000000002,0.00059
7892,962,dens_1374975991061431070,962,Density,<Substance CN1CCOCC1{solv}{x=0.758700}|O{solv}{x=0.241300}>,CN1CCOCC1,O,fb-fit-v0-single-mean-k20,1,0.968024504156604,0.0002328011979625,0.9345300000000002,0.00112
7893,963,dhmix_686592400130667234,963,EnthalpyOfMixing,<Substance BrCCCBr{solv}{x=0.231300}|COC(C)=O{solv}{x=0.768700}>,BrCCCBr,COC(C)=O,fb-fit-v0-single-mean-k20,1,0.1820914949564454,0.0369727377782305,0.2115,0.0024
7894,964,dhmix_691866222529030049,964,EnthalpyOfMixing,<Substance BrCCCBr{solv}{x=0.504200}|COC(C)=O{solv}{x=0.495800}>,BrCCCBr,COC(C)=O,fb-fit-v0-single-mean-k20,1,0.2725455555615603,0.0382802067691946,0.3912,0.0038
7895,965,dens_1032175440351342196,965,Density,<Substance BrCCCBr{solv}{x=0.243500}|COC(C)=O{solv}{x=0.756500}>,BrCCCBr,COC(C)=O,fb-fit-v0-single-mean-k20,1,1.2225270996206483,0.0004059694915883,1.2277600000000002,0.00096
7896,966,dens_1180265274183315765,966,Density,<Substance BrCCCBr{solv}{x=0.713800}|COC(C)=O{solv}{x=0.286200}>,BrCCCBr,COC(C)=O,fb-fit-v0-single-mean-k20,1,1.701900307032301,0.0004622191065751,1.7174300000000005,0.002745
7897,967,dhmix_1380172638999588939,967,EnthalpyOfMixing,<Substance BrCCCBr{solv}{x=0.759400}|COC(C)=O{solv}{x=0.240600}>,BrCCCBr,COC(C)=O,fb-fit-v0-single-mean-k20,1,0.1773619082995257,0.0369312503753237,0.313,0.0032
7898,968,dens_1697077234757321859,968,Density,<Substance BrCCCBr{solv}{x=0.525600}|COC(C)=O{solv}{x=0.474400}>,BrCCCBr,COC(C)=O,fb-fit-v0-single-mean-k20,1,1.5237297328839512,0.0004239171595592,1.5338800000000006,0.001965
7899,969,dens_693154680723850561,969,Density,<Substance CN1CCCC1=O{solv}{x=0.756400}|Cc1ccccc1{solv}{x=0.243600}>,CN1CCCC1=O,Cc1ccccc1,fb-fit-v0-single-mean-k20,1,0.9692460257223634,0.0002196453786533,0.9854500000000004,0.00034
7900,970,dhmix_1759507684169085916,970,EnthalpyOfMixing,<Substance CN1CCCC1=O{solv}{x=0.741800}|Cc1ccccc1{solv}{x=0.258200}>,CN1CCCC1=O,Cc1ccccc1,fb-fit-v0-single-mean-k20,1,-0.0359283139914907,0.0418813053812384,-0.2141,0.0024
7901,971,dens_1796497685752507694,971,Density,<Substance CN1CCCC1=O{solv}{x=0.481500}|Cc1ccccc1{solv}{x=0.518500}>,CN1CCCC1=O,Cc1ccccc1,fb-fit-v0-single-mean-k20,1,0.9314483485466676,0.000230684637944,0.9415400000000002,0.00028
7902,972,dhmix_1857599089574133884,972,EnthalpyOfMixing,<Substance CN1CCCC1=O{solv}{x=0.223100}|Cc1ccccc1{solv}{x=0.776900}>,CN1CCCC1=O,Cc1ccccc1,fb-fit-v0-single-mean-k20,1,-0.0813740503542419,0.0457603531765344,-0.1889,0.00215
7903,973,dens_1886489466266398819,973,Density,<Substance CN1CCCC1=O{solv}{x=0.221600}|Cc1ccccc1{solv}{x=0.778400}>,CN1CCCC1=O,Cc1ccccc1,fb-fit-v0-single-mean-k20,1,0.9039152219983182,0.0002087198474886,0.9061600000000002,0.00076
7904,974,dhmix_2238554893157725289,974,EnthalpyOfMixing,<Substance CN1CCCC1=O{solv}{x=0.482100}|Cc1ccccc1{solv}{x=0.517900}>,CN1CCCC1=O,Cc1ccccc1,fb-fit-v0-single-mean-k20,1,-0.1864477741985979,0.0358443180700706,-0.2985,0.0033
7905,975,dens_717951284355382404,975,Density,<Substance CN1CCCC1=O{solv}{x=0.702300}|ClCCCCCCCl{solv}{x=0.297700}>,CN1CCCC1=O,ClCCCCCCCl,fb-fit-v0-single-mean-k20,1,1.0319901568698164,0.0002407953662816,1.0416,0.0003
7906,976,dhmix_859697969059379656,976,EnthalpyOfMixing,<Substance CN1CCCC1=O{solv}{x=0.503000}|ClCCCCCCCl{solv}{x=0.497000}>,CN1CCCC1=O,ClCCCCCCCl,fb-fit-v0-single-mean-k20,1,0.3715983949937751,0.0433280085070744,-0.2,0.0025
7907,977,dhmix_916885053388204545,977,EnthalpyOfMixing,<Substance CN1CCCC1=O{solv}{x=0.212000}|ClCCCCCCCl{solv}{x=0.788000}>,CN1CCCC1=O,ClCCCCCCCl,fb-fit-v0-single-mean-k20,1,0.1903955527492229,0.0532449100846045,-0.13,0.002
7908,978,dens_1483670447992291960,978,Density,<Substance CN1CCCC1=O{solv}{x=0.201600}|ClCCCCCCCl{solv}{x=0.798400}>,CN1CCCC1=O,ClCCCCCCCl,fb-fit-v0-single-mean-k20,1,1.059804690849172,0.0001965929482872,1.0584000000000005,0.00055
7909,979,dens_1896555095774116819,979,Density,<Substance CN1CCCC1=O{solv}{x=0.504900}|ClCCCCCCCl{solv}{x=0.495100}>,CN1CCCC1=O,ClCCCCCCCl,fb-fit-v0-single-mean-k20,1,1.0443833834772276,0.0002411098920068,1.0490000000000002,0.00035
7910,980,dhmix_2039443272323887912,980,EnthalpyOfMixing,<Substance CN1CCCC1=O{solv}{x=0.797000}|ClCCCCCCCl{solv}{x=0.203000}>,CN1CCCC1=O,ClCCCCCCCl,fb-fit-v0-single-mean-k20,1,0.2564610811302756,0.0439220240030806,-0.123,0.002
7911,981,dhmix_729169544598225866,981,EnthalpyOfMixing,<Substance CN(C)C=O{solv}{x=0.203000}|ClCCCCCCCl{solv}{x=0.797000}>,CN(C)C=O,ClCCCCCCCl,fb-fit-v0-single-mean-k20,1,0.5500540914186303,0.0499894342179164,0.195,0.0025
7912,982,dhmix_1359105787212172230,982,EnthalpyOfMixing,<Substance CN(C)C=O{solv}{x=0.796000}|ClCCCCCCCl{solv}{x=0.204000}>,CN(C)C=O,ClCCCCCCCl,fb-fit-v0-single-mean-k20,1,0.52150913388801,0.0402663986112881,0.24,0.0025
7913,983,dhmix_1534380829757525169,983,EnthalpyOfMixing,<Substance CN(C)C=O{solv}{x=0.498000}|ClCCCCCCCl{solv}{x=0.502000}>,CN(C)C=O,ClCCCCCCCl,fb-fit-v0-single-mean-k20,1,0.7906662527375374,0.0341135040285016,0.34,0.0025
7914,984,dens_1752369236407148840,984,Density,<Substance CN(C)C=O{solv}{x=0.503300}|ClCCCCCCCl{solv}{x=0.496700}>,CN(C)C=O,ClCCCCCCCl,fb-fit-v0-single-mean-k20,1,1.013159439001471,0.0002509671123829,1.0190000000000003,0.00155
7915,985,dens_2070195997725277466,985,Density,<Substance CN(C)C=O{solv}{x=0.703400}|ClCCCCCCCl{solv}{x=0.296600}>,CN(C)C=O,ClCCCCCCCl,fb-fit-v0-single-mean-k20,1,0.9815644730579542,0.0002384254262665,0.9943000000000002,0.0017
7916,986,dens_2171945276872385012,986,Density,<Substance CN(C)C=O{solv}{x=0.201300}|ClCCCCCCCl{solv}{x=0.798700}>,CN(C)C=O,ClCCCCCCCl,fb-fit-v0-single-mean-k20,1,1.0481502555999571,0.0002200783052538,1.0486000000000002,0.0014
7917,987,dens_741100297092592576,987,Density,<Substance C1CCCCC1{solv}{x=0.265900}|C1CCOCC1{solv}{x=0.734100}>,C1CCCCC1,C1CCOCC1,fb-fit-v0-single-mean-k20,1,0.8399660013590415,0.0002441931118305,0.8470300000000002,0.000505
7918,988,dens_1002639246322609242,988,Density,<Substance C1CCCCC1{solv}{x=0.762200}|C1CCOCC1{solv}{x=0.237800}>,C1CCCCC1,C1CCOCC1,fb-fit-v0-single-mean-k20,1,0.7879145181060865,0.0002005408677895,0.7952000000000002,0.000505
7919,989,dhmix_1171155554844966705,989,EnthalpyOfMixing,<Substance C1CCCCC1{solv}{x=0.247100}|C1CCOCC1{solv}{x=0.752900}>,C1CCCCC1,C1CCOCC1,fb-fit-v0-single-mean-k20,1,0.5605899765635627,0.0435283804511235,0.3613,0.00395
7920,990,dens_2142973677177666085,990,Density,<Substance C1CCCCC1{solv}{x=0.501800}|C1CCOCC1{solv}{x=0.498200}>,C1CCCCC1,C1CCOCC1,fb-fit-v0-single-mean-k20,1,0.8135613409967039,0.0001936321436937,0.8211500000000002,0.000505
7921,991,dhmix_2195791820105752985,991,EnthalpyOfMixing,<Substance C1CCCCC1{solv}{x=0.726600}|C1CCOCC1{solv}{x=0.273400}>,C1CCCCC1,C1CCOCC1,fb-fit-v0-single-mean-k20,1,0.615070874904049,0.0437453172706526,0.4424,0.00485
7922,992,dhmix_2296999979529762407,992,EnthalpyOfMixing,<Substance C1CCCCC1{solv}{x=0.499000}|C1CCOCC1{solv}{x=0.501000}>,C1CCCCC1,C1CCOCC1,fb-fit-v0-single-mean-k20,1,0.7037506856648577,0.047327125899917,0.526,0.0055
7923,993,dhmix_744994939606384802,993,EnthalpyOfMixing,<Substance CO{solv}{x=0.300000}|O{solv}{x=0.700000}>,CO,O,fb-fit-v0-single-mean-k20,1,0.0298018613354074,0.0205848257270007,-0.85,0.005
7924,994,dens_1085345433585028387,994,Density,<Substance CO{solv}{x=0.499700}|O{solv}{x=0.500300}>,CO,O,fb-fit-v0-single-mean-k20,1,0.8408198770839629,0.0005458713703883,0.8816900000000003,0.000165
7925,995,dhmix_1126710771921470495,995,EnthalpyOfMixing,<Substance CO{solv}{x=0.700000}|O{solv}{x=0.300000}>,CO,O,fb-fit-v0-single-mean-k20,1,-0.0203785989804763,0.0217257604514124,-0.583,0.0035
7926,996,dens_1258832080354057572,996,Density,<Substance CO{solv}{x=0.300300}|O{solv}{x=0.699700}>,CO,O,fb-fit-v0-single-mean-k20,1,0.8864747309943583,0.0004794769088616,0.9252100000000004,0.000125
7927,997,dens_1758371820245200558,997,Density,<Substance CO{solv}{x=0.760500}|O{solv}{x=0.239500}>,CO,O,fb-fit-v0-single-mean-k20,1,0.7940476340445983,0.0005030294381403,0.8289000000000002,0.0001
7928,998,dhmix_1824296469249495553,998,EnthalpyOfMixing,<Substance CO{solv}{x=0.500000}|O{solv}{x=0.500000}>,CO,O,fb-fit-v0-single-mean-k20,1,-0.0210185852115003,0.023313175480684,-0.777,0.0045
7929,999,dhmix_753952445434773754,999,EnthalpyOfMixing,<Substance CCCCCCCCCl{solv}{x=0.493000}|CN1CCCC1=O{solv}{x=0.507000}>,CCCCCCCCCl,CN1CCCC1=O,fb-fit-v0-single-mean-k20,1,1.310493904897939,0.0494740851181262,0.638,0.0035
7930,1000,dhmix_1273186684325800862,1000,EnthalpyOfMixing,<Substance CCCCCCCCCl{solv}{x=0.783000}|CN1CCCC1=O{solv}{x=0.217000}>,CCCCCCCCCl,CN1CCCC1=O,fb-fit-v0-single-mean-k20,1,0.8243220422086779,0.0546833803351137,0.371,0.003
7931,1001,dhmix_1457789704046029008,1001,EnthalpyOfMixing,<Substance CCCCCCCCCl{solv}{x=0.202000}|CN1CCCC1=O{solv}{x=0.798000}>,CCCCCCCCCl,CN1CCCC1=O,fb-fit-v0-single-mean-k20,1,0.8501624875191318,0.0456974460462745,0.5,0.0035
7932,1002,dens_1965529278608066299,1002,Density,<Substance CCCCCCCCCl{solv}{x=0.299500}|CN1CCCC1=O{solv}{x=0.700500}>,CCCCCCCCCl,CN1CCCC1=O,fb-fit-v0-single-mean-k20,1,0.9509057980786506,0.0001995539412173,0.9598000000000002,0.00025
7933,1003,dens_2167805246575708222,1003,Density,<Substance CCCCCCCCCl{solv}{x=0.798600}|CN1CCCC1=O{solv}{x=0.201400}>,CCCCCCCCCl,CN1CCCC1=O,fb-fit-v0-single-mean-k20,1,0.8889074182529024,0.0001914872431092,0.8888000000000001,0.00055
7934,1004,dens_2177162670107081086,1004,Density,<Substance CCCCCCCCCl{solv}{x=0.497900}|CN1CCCC1=O{solv}{x=0.502100}>,CCCCCCCCCl,CN1CCCC1=O,fb-fit-v0-single-mean-k20,1,0.9225911696683734,0.0001846759326128,0.9269000000000002,0.00035
7935,1005,dhmix_756380521637559100,1005,EnthalpyOfMixing,<Substance C1COCCO1{solv}{x=0.500000}|O=C1CCCCC1{solv}{x=0.500000}>,C1COCCO1,O=C1CCCCC1,fb-fit-v0-single-mean-k20,1,0.2749666132540795,0.0411904710998533,0.28584,0.00154
7936,1006,dens_1139761443535371798,1006,Density,<Substance C1COCCO1{solv}{x=0.459400}|O=C1CCCCC1{solv}{x=0.540600}>,C1COCCO1,O=C1CCCCC1,fb-fit-v0-single-mean-k20,1,0.9686994763241182,0.000205238706015,0.9762000000000004,0.00025
7937,1007,dhmix_1367833850972054360,1007,EnthalpyOfMixing,<Substance C1COCCO1{solv}{x=0.750000}|O=C1CCCCC1{solv}{x=0.250000}>,C1COCCO1,O=C1CCCCC1,fb-fit-v0-single-mean-k20,1,0.1176508120020116,0.0426848496127759,0.23662,0.001355
7938,1008,dhmix_1533665710565492443,1008,EnthalpyOfMixing,<Substance C1COCCO1{solv}{x=0.250000}|O=C1CCCCC1{solv}{x=0.750000}>,C1COCCO1,O=C1CCCCC1,fb-fit-v0-single-mean-k20,1,0.1653836977879876,0.043479895490531,0.20076,0.00121
7939,1009,dens_1556646832168598904,1009,Density,<Substance C1COCCO1{solv}{x=0.797800}|O=C1CCCCC1{solv}{x=0.202200}>,C1COCCO1,O=C1CCCCC1,fb-fit-v0-single-mean-k20,1,1.002249315503474,0.0002008331881665,1.0062000000000002,0.00025
7940,1010,dens_1806066395455679216,1010,Density,<Substance C1COCCO1{solv}{x=0.272000}|O=C1CCCCC1{solv}{x=0.728000}>,C1COCCO1,O=C1CCCCC1,fb-fit-v0-single-mean-k20,1,0.952705205937666,0.0001951517647879,0.9614000000000004,0.00025
7941,1011,dhmix_781473821930081125,1011,EnthalpyOfMixing,<Substance CCOc1ccccc1{solv}{x=0.765100}|OCc1ccccc1{solv}{x=0.234900}>,CCOc1ccccc1,OCc1ccccc1,fb-fit-v0-single-mean-k20,1,1.0636145864887965,0.0472324741687803,1.083,0.0116
7942,1012,dhmix_966435122735090568,1012,EnthalpyOfMixing,<Substance CCOc1ccccc1{solv}{x=0.063600}|OCc1ccccc1{solv}{x=0.936400}>,CCOc1ccccc1,OCc1ccccc1,fb-fit-v0-single-mean-k20,1,-0.108515258990117,0.0569040129279727,0.1901,0.00225
7943,1013,dens_1184318999137642715,1013,Density,<Substance CCOc1ccccc1{solv}{x=0.064200}|OCc1ccccc1{solv}{x=0.935800}>,CCOc1ccccc1,OCc1ccccc1,fb-fit-v0-single-mean-k20,1,1.0317239056064746,0.000185306726804,1.02761,0.00011
7944,1014,dhmix_1518701992890040137,1014,EnthalpyOfMixing,<Substance CCOc1ccccc1{solv}{x=0.549900}|OCc1ccccc1{solv}{x=0.450100}>,CCOc1ccccc1,OCc1ccccc1,fb-fit-v0-single-mean-k20,1,0.9318835127580344,0.0415020821619252,1.0561,0.01135
7945,1015,dens_1575045736805268459,1015,Density,<Substance CCOc1ccccc1{solv}{x=0.459800}|OCc1ccccc1{solv}{x=0.540200}>,CCOc1ccccc1,OCc1ccccc1,fb-fit-v0-single-mean-k20,1,0.9926296618180892,0.0001969783072763,0.9925100000000002,0.00016
7946,1016,dens_2214650701288997434,1016,Density,<Substance CCOc1ccccc1{solv}{x=0.757200}|OCc1ccccc1{solv}{x=0.242800}>,CCOc1ccccc1,OCc1ccccc1,fb-fit-v0-single-mean-k20,1,0.967915934013594,0.0001952432878887,0.9686500000000002,0.000215
7947,1017,dens_800807749587668066,1017,Density,<Substance C1CCOCC1{solv}{x=0.733600}|c1ccncc1{solv}{x=0.266400}>,C1CCOCC1,c1ccncc1,fb-fit-v0-single-mean-k20,1,0.888707073852281,0.0002822221292988,0.8933350000000002,0.000358
7948,1018,dhmix_836757145941804043,1018,EnthalpyOfMixing,<Substance C1CCOCC1{solv}{x=0.291500}|c1ccncc1{solv}{x=0.708500}>,C1CCOCC1,c1ccncc1,fb-fit-v0-single-mean-k20,1,0.0297336265377454,0.0387882813206202,0.0898,0.00095
7949,1019,dhmix_1003039131395935786,1019,EnthalpyOfMixing,<Substance C1CCOCC1{solv}{x=0.536300}|c1ccncc1{solv}{x=0.463700}>,C1CCOCC1,c1ccncc1,fb-fit-v0-single-mean-k20,1,0.0188654886578021,0.0398586579700147,0.1573,0.0013
7950,1020,dens_1859030547600172702,1020,Density,<Substance C1CCOCC1{solv}{x=0.241500}|c1ccncc1{solv}{x=0.758500}>,C1CCOCC1,c1ccncc1,fb-fit-v0-single-mean-k20,1,0.9494954137534668,0.0002352443605266,0.9525650000000004,0.000212
7951,1021,dhmix_2191254706131659314,1021,EnthalpyOfMixing,<Substance C1CCOCC1{solv}{x=0.734400}|c1ccncc1{solv}{x=0.265600}>,C1CCOCC1,c1ccncc1,fb-fit-v0-single-mean-k20,1,0.055891484672955,0.0447748742804456,0.1564,0.0013
7952,1022,dens_2239470871208865925,1022,Density,<Substance C1CCOCC1{solv}{x=0.536400}|c1ccncc1{solv}{x=0.463600}>,C1CCOCC1,c1ccncc1,fb-fit-v0-single-mean-k20,1,0.9093599115915026,0.0002566531046835,0.9124250000000002,0.0002965
7953,1023,dens_801655585640229277,1023,Density,<Substance C1CCOCC1{solv}{x=0.777600}|CCCC(C)=O{solv}{x=0.222400}>,C1CCOCC1,CCCC(C)=O,fb-fit-v0-single-mean-k20,1,0.8537534345854242,0.0002388197756238,0.8602600000000002,0.000225
7954,1024,dhmix_1175081460677389458,1024,EnthalpyOfMixing,<Substance C1CCOCC1{solv}{x=0.250000}|CCCC(C)=O{solv}{x=0.750000}>,C1CCOCC1,CCCC(C)=O,fb-fit-v0-single-mean-k20,1,0.092833153017926,0.0423270193910034,0.06014,0.00063
7955,1025,dens_1481139606755572767,1025,Density,<Substance C1CCOCC1{solv}{x=0.236100}|CCCC(C)=O{solv}{x=0.763900}>,C1CCOCC1,CCCC(C)=O,fb-fit-v0-single-mean-k20,1,0.8109143747724339,0.0001986241388583,0.8183900000000002,0.000215
7956,1026,dhmix_1531586108535895092,1026,EnthalpyOfMixing,<Substance C1CCOCC1{solv}{x=0.750000}|CCCC(C)=O{solv}{x=0.250000}>,C1CCOCC1,CCCC(C)=O,fb-fit-v0-single-mean-k20,1,0.0826579098296349,0.0418249793128228,0.08245,0.000715
7957,1027,dhmix_2074691820693967219,1027,EnthalpyOfMixing,<Substance C1CCOCC1{solv}{x=0.500000}|CCCC(C)=O{solv}{x=0.500000}>,C1CCOCC1,CCCC(C)=O,fb-fit-v0-single-mean-k20,1,0.133029363203736,0.0357844938177295,0.09128,0.000745
7958,1028,dens_2180187104403779312,1028,Density,<Substance C1CCOCC1{solv}{x=0.504600}|CCCC(C)=O{solv}{x=0.495400}>,C1CCOCC1,CCCC(C)=O,fb-fit-v0-single-mean-k20,1,0.8315883037878775,0.0002224313222343,0.8386000000000002,0.00022
7959,1029,dhmix_814516627068967115,1029,EnthalpyOfMixing,<Substance CCCOC=O{solv}{x=0.230800}|ClCCCCl{solv}{x=0.769200}>,CCCOC=O,ClCCCCl,fb-fit-v0-single-mean-k20,1,0.2114001670079552,0.0367847073464325,-0.054,0.001
7960,1030,dens_853749747181024442,1030,Density,<Substance CCCOC=O{solv}{x=0.525500}|ClCCCCl{solv}{x=0.474500}>,CCCOC=O,ClCCCCl,fb-fit-v0-single-mean-k20,1,1.0332610437045562,0.0003080810174413,1.0302400000000005,0.00176
7961,1031,dhmix_1623640482466530427,1031,EnthalpyOfMixing,<Substance CCCOC=O{solv}{x=0.750900}|ClCCCCl{solv}{x=0.249100}>,CCCOC=O,ClCCCCl,fb-fit-v0-single-mean-k20,1,0.1371874508102735,0.032861508765614,-0.088,0.001
7962,1032,dens_1998603470347754754,1032,Density,<Substance CCCOC=O{solv}{x=0.233600}|ClCCCCl{solv}{x=0.766400}>,CCCOC=O,ClCCCCl,fb-fit-v0-single-mean-k20,1,1.1073691151159883,0.0003373567987014,1.1122200000000002,0.00274
7963,1033,dhmix_2003217087101692001,1033,EnthalpyOfMixing,<Substance CCCOC=O{solv}{x=0.514500}|ClCCCCl{solv}{x=0.485500}>,CCCOC=O,ClCCCCl,fb-fit-v0-single-mean-k20,1,0.2575720951128275,0.0379068602865335,-0.114,0.0015
7964,1034,dens_2020761603812222512,1034,Density,<Substance CCCOC=O{solv}{x=0.763600}|ClCCCCl{solv}{x=0.236400}>,CCCOC=O,ClCCCCl,fb-fit-v0-single-mean-k20,1,0.9736284099169564,0.0002898967419903,0.9644500000000004,0.00119
7965,1035,dens_828893303895070246,1035,Density,<Substance C1CCCCC1{solv}{x=0.249800}|CCCCCCCC{solv}{x=0.750200}>,C1CCCCC1,CCCCCCCC,fb-fit-v0-single-mean-k20,1,0.7100426218637038,0.0001763538373102,0.7110900000000002,0.000605
7966,1036,dhmix_1288938247372010686,1036,EnthalpyOfMixing,<Substance C1CCCCC1{solv}{x=0.751300}|CCCCCCCC{solv}{x=0.248700}>,C1CCCCC1,CCCCCCCC,fb-fit-v0-single-mean-k20,1,0.2903855798136732,0.042792567881358,0.23,0.005
7967,1037,dens_1398337515687242649,1037,Density,<Substance C1CCCCC1{solv}{x=0.477700}|CCCCCCCC{solv}{x=0.522300}>,C1CCCCC1,CCCCCCCC,fb-fit-v0-single-mean-k20,1,0.7223361975437435,0.0001997540192243,0.7250300000000002,0.000585
7968,1038,dhmix_1429498464152515756,1038,EnthalpyOfMixing,<Substance C1CCCCC1{solv}{x=0.532400}|CCCCCCCC{solv}{x=0.467600}>,C1CCCCC1,CCCCCCCC,fb-fit-v0-single-mean-k20,1,0.2947434025231672,0.0453096025102765,0.258,0.005
7969,1039,dens_2267960821195706299,1039,Density,<Substance C1CCCCC1{solv}{x=0.796100}|CCCCCCCC{solv}{x=0.203900}>,C1CCCCC1,CCCCCCCC,fb-fit-v0-single-mean-k20,1,0.745707300613181,0.0001829224622465,0.7509700000000002,0.00055
7970,1040,dhmix_2289023418386220795,1040,EnthalpyOfMixing,<Substance C1CCCCC1{solv}{x=0.274400}|CCCCCCCC{solv}{x=0.725600}>,C1CCCCC1,CCCCCCCC,fb-fit-v0-single-mean-k20,1,0.2524752517545039,0.0419795124472457,0.18,0.005
7971,1041,dens_848374876759596361,1041,Density,<Substance CC(C)OC(C)C{solv}{x=0.284600}|CCCCCl{solv}{x=0.715400}>,CC(C)OC(C)C,CCCCCl,fb-fit-v0-single-mean-k20,1,0.8196339838986868,0.0002837263883632,0.8263210000000002,0.000365
7972,1042,dens_917492506874956672,1042,Density,<Substance CC(C)OC(C)C{solv}{x=0.808200}|CCCCCl{solv}{x=0.191800}>,CC(C)OC(C)C,CCCCCl,fb-fit-v0-single-mean-k20,1,0.7519208351685017,0.0002882686218953,0.7440910000000002,0.000448
7973,1043,dhmix_1107367594793013993,1043,EnthalpyOfMixing,<Substance CC(C)OC(C)C{solv}{x=0.272700}|CCCCCl{solv}{x=0.727300}>,CC(C)OC(C)C,CCCCCl,fb-fit-v0-single-mean-k20,1,-0.0393784479811714,0.035907794368249,-0.0785,0.001
7974,1044,dhmix_1310204607958463222,1044,EnthalpyOfMixing,<Substance CC(C)OC(C)C{solv}{x=0.454700}|CCCCCl{solv}{x=0.545300}>,CC(C)OC(C)C,CCCCCl,fb-fit-v0-single-mean-k20,1,-0.126483326934597,0.0309528604147452,-0.0954,0.0012
7975,1045,dhmix_1605157292498138629,1045,EnthalpyOfMixing,<Substance CC(C)OC(C)C{solv}{x=0.727400}|CCCCCl{solv}{x=0.272600}>,CC(C)OC(C)C,CCCCCl,fb-fit-v0-single-mean-k20,1,-0.1112580400621894,0.0410938644248195,-0.0732,0.00095
7976,1046,dens_1927916489732771888,1046,Density,<Substance CC(C)OC(C)C{solv}{x=0.484000}|CCCCCl{solv}{x=0.516000}>,CC(C)OC(C)C,CCCCCl,fb-fit-v0-single-mean-k20,1,0.7916377163290276,0.0002753151988867,0.7925060000000002,0.0004005
7977,1047,dens_860008765681738590,1047,Density,<Substance CN(CCO)CCO{solv}{x=0.231260}|c1ccncc1{solv}{x=0.768740}>,CN(CCO)CCO,c1ccncc1,fb-fit-v0-single-mean-k20,1,0.9960067602384508,0.0002321638991481,0.9906030000000002,0.0001015
7978,1048,dens_1253280811379348869,1048,Density,<Substance CN(CCO)CCO{solv}{x=0.670000}|c1ccncc1{solv}{x=0.330000}>,CN(CCO)CCO,c1ccncc1,fb-fit-v0-single-mean-k20,1,1.0309004964476454,0.0003340203423725,1.0161020000000005,0.000102
7979,1049,dhmix_1381513140604048573,1049,EnthalpyOfMixing,<Substance CN(CCO)CCO{solv}{x=0.473760}|c1ccncc1{solv}{x=0.526240}>,CN(CCO)CCO,c1ccncc1,fb-fit-v0-single-mean-k20,1,0.1101171572118175,0.0454206312504223,-0.093,0.001
7980,1050,dens_1460709448836415360,1050,Density,<Substance CN(CCO)CCO{solv}{x=0.473530}|c1ccncc1{solv}{x=0.526470}>,CN(CCO)CCO,c1ccncc1,fb-fit-v0-single-mean-k20,1,1.0162761372754288,0.0002234070419938,1.0044450000000005,0.0001015
7981,1051,dhmix_2085036308089359597,1051,EnthalpyOfMixing,<Substance CN(CCO)CCO{solv}{x=0.230610}|c1ccncc1{solv}{x=0.769390}>,CN(CCO)CCO,c1ccncc1,fb-fit-v0-single-mean-k20,1,0.5679513019102274,0.0327288885322979,-0.032,0.001
7982,1052,dhmix_2287943921901918379,1052,EnthalpyOfMixing,<Substance CN(CCO)CCO{solv}{x=0.669580}|c1ccncc1{solv}{x=0.330420}>,CN(CCO)CCO,c1ccncc1,fb-fit-v0-single-mean-k20,1,-0.0117113384752514,0.0486960930853332,-0.12,0.0015
7983,1053,dens_929806754028972955,1053,Density,<Substance CCCC(=O)OC{solv}{x=0.695800}|COC(C)=O{solv}{x=0.304200}>,CCCC(=O)OC,COC(C)=O,fb-fit-v0-single-mean-k20,1,0.8989410514790752,0.0002274220169672,0.8997600000000002,0.000505
7984,1054,dhmix_1093843275803987368,1054,EnthalpyOfMixing,<Substance CCCC(=O)OC{solv}{x=0.482200}|COC(C)=O{solv}{x=0.517800}>,CCCC(=O)OC,COC(C)=O,fb-fit-v0-single-mean-k20,1,0.0790470628695416,0.0409979577311897,0.151,0.002
7985,1055,dens_1187818937240241755,1055,Density,<Substance CCCC(=O)OC{solv}{x=0.253600}|COC(C)=O{solv}{x=0.746400}>,CCCC(=O)OC,COC(C)=O,fb-fit-v0-single-mean-k20,1,0.913843080453808,0.0002615649962759,0.9147400000000002,0.000505
7986,1056,dens_1462283017082249050,1056,Density,<Substance CCCC(=O)OC{solv}{x=0.545600}|COC(C)=O{solv}{x=0.454400}>,CCCC(=O)OC,COC(C)=O,fb-fit-v0-single-mean-k20,1,0.9034793605614276,0.0002563059399081,0.9041900000000004,0.000505
7987,1057,dhmix_1514470349370367756,1057,EnthalpyOfMixing,<Substance CCCC(=O)OC{solv}{x=0.226000}|COC(C)=O{solv}{x=0.774000}>,CCCC(=O)OC,COC(C)=O,fb-fit-v0-single-mean-k20,1,0.0949554068854823,0.0371986565383253,0.102,0.0015
7988,1058,dhmix_1615966506855005599,1058,EnthalpyOfMixing,<Substance CCCC(=O)OC{solv}{x=0.695800}|COC(C)=O{solv}{x=0.304200}>,CCCC(=O)OC,COC(C)=O,fb-fit-v0-single-mean-k20,1,0.0622365710732193,0.0395831773164603,0.122,0.0015
7989,1059,dens_931039395662625393,1059,Density,<Substance BrCCBr{solv}{x=0.510700}|CCOC=O{solv}{x=0.489300}>,BrCCBr,CCOC=O,fb-fit-v0-single-mean-k20,1,1.573093395085974,0.0004856358389946,1.5742900000000004,0.00125
7990,1060,dhmix_1379448524788285045,1060,EnthalpyOfMixing,<Substance BrCCBr{solv}{x=0.503000}|CCOC=O{solv}{x=0.497000}>,BrCCBr,CCOC=O,fb-fit-v0-single-mean-k20,1,0.5506735913366132,0.0254680450111376,0.404,0.0054
7991,1061,dhmix_1589211680683586133,1061,EnthalpyOfMixing,<Substance BrCCBr{solv}{x=0.247500}|CCOC=O{solv}{x=0.752500}>,BrCCBr,CCOC=O,fb-fit-v0-single-mean-k20,1,0.358104708661239,0.0376391811808978,0.2492,0.0035
7992,1062,dens_1816072583621776909,1062,Density,<Substance BrCCBr{solv}{x=0.282500}|CCOC=O{solv}{x=0.717500}>,BrCCBr,CCOC=O,fb-fit-v0-single-mean-k20,1,1.29804012984052,0.0003716971485897,1.2851500000000005,0.00131
7993,1063,dens_1857279480363338972,1063,Density,<Substance BrCCBr{solv}{x=0.750600}|CCOC=O{solv}{x=0.249400}>,BrCCBr,CCOC=O,fb-fit-v0-single-mean-k20,1,1.846752300669148,0.0006917572959455,1.8698300000000003,0.000995
7994,1064,dhmix_2225135654541562913,1064,EnthalpyOfMixing,<Substance BrCCBr{solv}{x=0.734600}|CCOC=O{solv}{x=0.265400}>,BrCCBr,CCOC=O,fb-fit-v0-single-mean-k20,1,0.4379206791022199,0.0334824169685634,0.3604,0.00485
7995,1065,dhmix_933824509566848172,1065,EnthalpyOfMixing,<Substance C1COCO1{solv}{x=0.350000}|CCCC(C)=O{solv}{x=0.650000}>,C1COCO1,CCCC(C)=O,fb-fit-v0-single-mean-k20,1,0.2006374629064247,0.0365816287975051,0.17755,0.001095
7996,1066,dens_1326756646981901590,1066,Density,<Substance C1COCO1{solv}{x=0.717400}|CCCC(C)=O{solv}{x=0.282600}>,C1COCO1,CCCC(C)=O,fb-fit-v0-single-mean-k20,1,0.966567150377855,0.0002949278257521,0.9625500000000002,0.000245
7997,1067,dhmix_1386053902220878259,1067,EnthalpyOfMixing,<Substance C1COCO1{solv}{x=0.500000}|CCCC(C)=O{solv}{x=0.500000}>,C1COCO1,CCCC(C)=O,fb-fit-v0-single-mean-k20,1,0.2268883428339947,0.0389564308698359,0.21077,0.00122
7998,1068,dens_1490997112604690080,1068,Density,<Substance C1COCO1{solv}{x=0.349900}|CCCC(C)=O{solv}{x=0.650100}>,C1COCO1,CCCC(C)=O,fb-fit-v0-single-mean-k20,1,0.8649328176195737,0.000238548892802,0.8687200000000003,0.00022
7999,1069,dens_1979377813631413053,1069,Density,<Substance C1COCO1{solv}{x=0.516900}|CCCC(C)=O{solv}{x=0.483100}>,C1COCO1,CCCC(C)=O,fb-fit-v0-single-mean-k20,1,0.9063125767586636,0.0002556369807481,0.9078200000000004,0.00023
8000,1070,dhmix_2113009728753201792,1070,EnthalpyOfMixing,<Substance C1COCO1{solv}{x=0.750000}|CCCC(C)=O{solv}{x=0.250000}>,C1COCO1,CCCC(C)=O,fb-fit-v0-single-mean-k20,1,0.2082575953360574,0.0410495617421441,0.17046,0.00107
8001,1071,dhmix_962524540250306235,1071,EnthalpyOfMixing,<Substance Cc1ccccc1N{solv}{x=0.268100}|c1ccncc1{solv}{x=0.731900}>,Cc1ccccc1N,c1ccncc1,fb-fit-v0-single-mean-k20,1,-1.4207144568144905,0.0396885916821243,-0.8915,0.0182
8002,1072,dhmix_1000930562998604270,1072,EnthalpyOfMixing,<Substance Cc1ccccc1N{solv}{x=0.773500}|c1ccncc1{solv}{x=0.226500}>,Cc1ccccc1N,c1ccncc1,fb-fit-v0-single-mean-k20,1,-0.967261590307274,0.0432919421357505,-0.7828,0.016
8003,1073,dens_1203111494553524663,1073,Density,<Substance Cc1ccccc1N{solv}{x=0.483700}|c1ccncc1{solv}{x=0.516300}>,Cc1ccccc1N,c1ccncc1,fb-fit-v0-single-mean-k20,1,1.001949878391223,0.0001861175508516,0.9912370000000004,0.000117
8004,1074,dens_1316174752280431242,1074,Density,<Substance Cc1ccccc1N{solv}{x=0.237400}|c1ccncc1{solv}{x=0.762600}>,Cc1ccccc1N,c1ccncc1,fb-fit-v0-single-mean-k20,1,0.9913303347045824,0.0002392789077572,0.9863750000000002,0.000118
8005,1075,dhmix_1371524052813651708,1075,EnthalpyOfMixing,<Substance Cc1ccccc1N{solv}{x=0.482600}|c1ccncc1{solv}{x=0.517400}>,Cc1ccccc1N,c1ccncc1,fb-fit-v0-single-mean-k20,1,-1.7410921220452984,0.0431668381297654,-1.0329,0.02105
8006,1076,dens_2188924364196997512,1076,Density,<Substance Cc1ccccc1N{solv}{x=0.767800}|c1ccncc1{solv}{x=0.232200}>,Cc1ccccc1N,c1ccncc1,fb-fit-v0-single-mean-k20,1,1.0110634024519496,0.0002422325149728,0.9936220000000002,0.000117
8007,1077,dens_964556344607822867,1077,Density,<Substance CCCCCCCCC{solv}{x=0.696300}|COC(C)(C)C{solv}{x=0.303700}>,CCCCCCCCC,COC(C)(C)C,fb-fit-v0-single-mean-k20,1,0.7185513603342797,0.0001930009067606,0.7173600000000002,0.000295
8008,1078,dhmix_1091489740441728210,1078,EnthalpyOfMixing,<Substance CCCCCCCCC{solv}{x=0.260100}|COC(C)(C)C{solv}{x=0.739900}>,CCCCCCCCC,COC(C)(C)C,fb-fit-v0-single-mean-k20,1,0.5510573752080319,0.0480372384927094,0.371,0.0075
8009,1079,dens_1264105858192356202,1079,Density,<Substance CCCCCCCCC{solv}{x=0.499200}|COC(C)(C)C{solv}{x=0.500800}>,CCCCCCCCC,COC(C)(C)C,fb-fit-v0-single-mean-k20,1,0.7228088288447633,0.0001916850377404,0.7207300000000002,0.00029
8010,1080,dhmix_1760873631242020891,1080,EnthalpyOfMixing,<Substance CCCCCCCCC{solv}{x=0.759600}|COC(C)(C)C{solv}{x=0.240400}>,CCCCCCCCC,COC(C)(C)C,fb-fit-v0-single-mean-k20,1,0.3998405812732812,0.0538090616910139,0.345,0.007
8011,1081,dens_2012579877169955729,1081,Density,<Substance CCCCCCCCC{solv}{x=0.199500}|COC(C)(C)C{solv}{x=0.800500}>,CCCCCCCCC,COC(C)(C)C,fb-fit-v0-single-mean-k20,1,0.7322303938496997,0.0002369873806357,0.7281100000000001,0.000285
8012,1082,dhmix_2200368758776542578,1082,EnthalpyOfMixing,<Substance CCCCCCCCC{solv}{x=0.513300}|COC(C)(C)C{solv}{x=0.486700}>,CCCCCCCCC,COC(C)(C)C,fb-fit-v0-single-mean-k20,1,0.6708454030059983,0.0370634474435462,0.486,0.0095
8013,1083,dhmix_972091313059406932,1083,EnthalpyOfMixing,<Substance CCCNCCC{solv}{x=0.248200}|CN(C)C=O{solv}{x=0.751800}>,CCCNCCC,CN(C)C=O,fb-fit-v0-single-mean-k20,1,0.2133460033184846,0.0370395864332405,0.613,0.0195
8014,1084,dhmix_1037416167092316519,1084,EnthalpyOfMixing,<Substance CCCNCCC{solv}{x=0.499500}|CN(C)C=O{solv}{x=0.500500}>,CCCNCCC,CN(C)C=O,fb-fit-v0-single-mean-k20,1,0.1049538868623614,0.0420787309384909,0.748,0.0225
8015,1085,dhmix_1525975551610336413,1085,EnthalpyOfMixing,<Substance CCCNCCC{solv}{x=0.749600}|CN(C)C=O{solv}{x=0.250400}>,CCCNCCC,CN(C)C=O,fb-fit-v0-single-mean-k20,1,0.1288163921491332,0.0392453739735892,0.529,0.017
8016,1086,dens_1610465641813938660,1086,Density,<Substance CCCNCCC{solv}{x=0.745900}|CN(C)C=O{solv}{x=0.254100}>,CCCNCCC,CN(C)C=O,fb-fit-v0-single-mean-k20,1,0.7689998841302385,0.0002326055348171,0.7687320000000002,0.0009355
8017,1087,dens_2129043605695010641,1087,Density,<Substance CCCNCCC{solv}{x=0.503400}|CN(C)C=O{solv}{x=0.496600}>,CCCNCCC,CN(C)C=O,fb-fit-v0-single-mean-k20,1,0.8081611131283629,0.0002012636580866,0.8108000000000002,0.0009885
8018,1088,dens_2129124855081233158,1088,Density,<Substance CCCNCCC{solv}{x=0.252300}|CN(C)C=O{solv}{x=0.747700}>,CCCNCCC,CN(C)C=O,fb-fit-v0-single-mean-k20,1,0.8567716788157281,0.0002158898623031,0.8674480000000002,0.0010625
8019,1089,dhmix_1022139531284796266,1089,EnthalpyOfMixing,<Substance CCCO{solv}{x=0.730200}|O=Cc1ccccc1{solv}{x=0.269800}>,CCCO,O=Cc1ccccc1,fb-fit-v0-single-mean-k20,1,1.3892246822929837,0.0413431513684538,1.3784,0.00585
8020,1090,dens_1530410585842005416,1090,Density,<Substance CCCO{solv}{x=0.802500}|O=Cc1ccccc1{solv}{x=0.197500}>,CCCO,O=Cc1ccccc1,fb-fit-v0-single-mean-k20,1,0.8654507506518895,0.0002245681389339,0.8676000000000003,0.0054
8021,1091,dens_1586325098516354010,1091,Density,<Substance CCCO{solv}{x=0.500300}|O=Cc1ccccc1{solv}{x=0.499700}>,CCCO,O=Cc1ccccc1,fb-fit-v0-single-mean-k20,1,0.9469146617988504,0.0002248035934766,0.9470000000000002,0.0035
8022,1092,dhmix_1860362391399300385,1092,EnthalpyOfMixing,<Substance CCCO{solv}{x=0.237400}|O=Cc1ccccc1{solv}{x=0.762600}>,CCCO,O=Cc1ccccc1,fb-fit-v0-single-mean-k20,1,1.1650746554827125,0.0428514777768753,1.2579,0.0055
8023,1093,dens_2022804020725863961,1093,Density,<Substance CCCO{solv}{x=0.192900}|O=Cc1ccccc1{solv}{x=0.807100}>,CCCO,O=Cc1ccccc1,fb-fit-v0-single-mean-k20,1,1.0106518155429678,0.0002055798580174,1.0128,0.00265
8024,1094,dhmix_2114980631721668598,1094,EnthalpyOfMixing,<Substance CCCO{solv}{x=0.517800}|O=Cc1ccccc1{solv}{x=0.482200}>,CCCO,O=Cc1ccccc1,fb-fit-v0-single-mean-k20,1,1.6294739071167186,0.0383856439298093,1.6361,0.00675
8025,1095,dens_1061385011202038988,1095,Density,<Substance CC(C)O{solv}{x=0.495900}|CCCCOCCO{solv}{x=0.504100}>,CC(C)O,CCCCOCCO,fb-fit-v0-single-mean-k20,1,0.8581349494766505,0.0002132937878446,0.8550000000000002,5.450000000000001e-05
8026,1096,dens_1314274960992474794,1096,Density,<Substance CC(C)O{solv}{x=0.292200}|CCCCOCCO{solv}{x=0.707800}>,CC(C)O,CCCCOCCO,fb-fit-v0-single-mean-k20,1,0.8740720070546077,0.0002510150070402,0.8743700000000002,4.600000000000001e-05
8027,1097,dens_1729117108592325655,1097,Density,<Substance CC(C)O{solv}{x=0.743300}|CCCCOCCO{solv}{x=0.256700}>,CC(C)O,CCCCOCCO,fb-fit-v0-single-mean-k20,1,0.8337563779440188,0.0002777703379959,0.8247900000000001,5.600000000000001e-05
8028,1098,dens_1112128096721834081,1098,Density,<Substance CNCCO{solv}{x=0.800900}|O{solv}{x=0.199100}>,CNCCO,O,fb-fit-v0-single-mean-k20,1,0.9599719519396822,0.0005346264611489,0.9466300000000002,0.00032
8029,1099,dens_1381694863030749046,1099,Density,<Substance CNCCO{solv}{x=0.198700}|O{solv}{x=0.801300}>,CNCCO,O,fb-fit-v0-single-mean-k20,1,0.9820087089042128,0.0003627202026831,0.9960300000000002,0.00016
8030,1100,dhmix_1383192140212198237,1100,EnthalpyOfMixing,<Substance CNCCO{solv}{x=0.798800}|O{solv}{x=0.201200}>,CNCCO,O,fb-fit-v0-single-mean-k20,1,-1.256058575439056,0.0436810151983787,-1.219,0.025
8031,1101,dens_1615304038745182966,1101,Density,<Substance CNCCO{solv}{x=0.504100}|O{solv}{x=0.495900}>,CNCCO,O,fb-fit-v0-single-mean-k20,1,0.9721867031987932,0.0003640597900604,0.9688100000000002,0.000235
8032,1102,dhmix_1902240048183935170,1102,EnthalpyOfMixing,<Substance CNCCO{solv}{x=0.501700}|O{solv}{x=0.498300}>,CNCCO,O,fb-fit-v0-single-mean-k20,1,-2.4146496617321063,0.0384089486817367,-2.508,0.051
8033,1103,dhmix_2185888808838690563,1103,EnthalpyOfMixing,<Substance CNCCO{solv}{x=0.199200}|O{solv}{x=0.800800}>,CNCCO,O,fb-fit-v0-single-mean-k20,1,-1.4625287685612696,0.0256798763652406,-2.243,0.0455
8034,1104,dens_1155626281932782094,1104,Density,<Substance CCC(C)=O{solv}{x=0.292200}|CN1CCCC1=O{solv}{x=0.707800}>,CCC(C)=O,CN1CCCC1=O,fb-fit-v0-single-mean-k20,1,0.9450371421004716,0.0002244626260123,0.9591400000000002,0.00262
8035,1105,dens_1354588388489384902,1105,Density,<Substance CCC(C)=O{solv}{x=0.779300}|CN1CCCC1=O{solv}{x=0.220700}>,CCC(C)=O,CN1CCCC1=O,fb-fit-v0-single-mean-k20,1,0.8374951758644461,0.0002449614238638,0.8467600000000002,0.002595
8036,1106,dhmix_1468142552678388689,1106,EnthalpyOfMixing,<Substance CCC(C)=O{solv}{x=0.484100}|CN1CCCC1=O{solv}{x=0.515900}>,CCC(C)=O,CN1CCCC1=O,fb-fit-v0-single-mean-k20,1,0.1701259967979089,0.0391140575259069,-0.1675,0.00415
8037,1107,dhmix_1545004468946955771,1107,EnthalpyOfMixing,<Substance CCC(C)=O{solv}{x=0.246100}|CN1CCCC1=O{solv}{x=0.753900}>,CCC(C)=O,CN1CCCC1=O,fb-fit-v0-single-mean-k20,1,0.051935795220505,0.0426285888167393,-0.0999,0.0031
8038,1108,dhmix_1746826813990258300,1108,EnthalpyOfMixing,<Substance CCC(C)=O{solv}{x=0.732400}|CN1CCCC1=O{solv}{x=0.267600}>,CCC(C)=O,CN1CCCC1=O,fb-fit-v0-single-mean-k20,1,0.0964712535072864,0.0404751710874718,-0.0861,0.0029
8039,1109,dens_2035401379156582518,1109,Density,<Substance CCC(C)=O{solv}{x=0.479500}|CN1CCCC1=O{solv}{x=0.520500}>,CCC(C)=O,CN1CCCC1=O,fb-fit-v0-single-mean-k20,1,0.905391002972084,0.0002334050273486,0.9166100000000004,0.00261
8040,1110,dens_1159403686634788877,1110,Density,<Substance C1CCOCC1{solv}{x=0.253600}|Cc1ccncc1{solv}{x=0.746400}>,C1CCOCC1,Cc1ccncc1,fb-fit-v0-single-mean-k20,1,0.928827232640346,0.0002139609456538,0.9329390000000002,0.0002125
8041,1111,dhmix_1427533760370073434,1111,EnthalpyOfMixing,<Substance C1CCOCC1{solv}{x=0.241600}|Cc1ccncc1{solv}{x=0.758400}>,C1CCOCC1,Cc1ccncc1,fb-fit-v0-single-mean-k20,1,0.0389631252360267,0.0345716588532928,0.0975,0.001
8042,1112,dens_1586440979425114987,1112,Density,<Substance C1CCOCC1{solv}{x=0.491300}|Cc1ccncc1{solv}{x=0.508700}>,C1CCOCC1,Cc1ccncc1,fb-fit-v0-single-mean-k20,1,0.911917652598284,0.0002399341212993,0.9162950000000002,0.0002825
8043,1113,dhmix_1681679230288000235,1113,EnthalpyOfMixing,<Substance C1CCOCC1{solv}{x=0.483400}|Cc1ccncc1{solv}{x=0.516600}>,C1CCOCC1,Cc1ccncc1,fb-fit-v0-single-mean-k20,1,0.056680260003306,0.0444236046630065,0.1741,0.00135
8044,1114,dhmix_1854625047398559527,1114,EnthalpyOfMixing,<Substance C1CCOCC1{solv}{x=0.826200}|Cc1ccncc1{solv}{x=0.173800}>,C1CCOCC1,Cc1ccncc1,fb-fit-v0-single-mean-k20,1,0.038682796849784,0.0432620864468062,0.0948,0.001
8045,1115,dens_1998279082934343093,1115,Density,<Substance C1CCOCC1{solv}{x=0.826300}|Cc1ccncc1{solv}{x=0.173700}>,C1CCOCC1,Cc1ccncc1,fb-fit-v0-single-mean-k20,1,0.8766382520678954,0.0002533487649582,0.8827950000000002,0.000387
8046,1116,dens_1226224986443053492,1116,Density,<Substance CCOc1ccccc1{solv}{x=0.482600}|OCCc1ccccc1{solv}{x=0.517400}>,CCOc1ccccc1,OCCc1ccccc1,fb-fit-v0-single-mean-k20,1,0.9801141793755076,0.0001625307040577,0.9803700000000002,0.00026
8047,1117,dens_1288457717872177367,1117,Density,<Substance CCOc1ccccc1{solv}{x=0.304100}|OCCc1ccccc1{solv}{x=0.695900}>,CCOc1ccccc1,OCCc1ccccc1,fb-fit-v0-single-mean-k20,1,0.9916581451316424,0.0001991465584267,0.9909900000000004,0.00026
8048,1118,dhmix_1400067757990485972,1118,EnthalpyOfMixing,<Substance CCOc1ccccc1{solv}{x=0.738800}|OCCc1ccccc1{solv}{x=0.261200}>,CCOc1ccccc1,OCCc1ccccc1,fb-fit-v0-single-mean-k20,1,0.8509363378014569,0.0488906201243222,1.1427,0.01225
8049,1119,dens_1419265414647987466,1119,Density,<Substance CCOc1ccccc1{solv}{x=0.792900}|OCCc1ccccc1{solv}{x=0.207100}>,CCOc1ccccc1,OCCc1ccccc1,fb-fit-v0-single-mean-k20,1,0.9613002464286832,0.0001660377156747,0.9624400000000004,0.00026
8050,1120,dhmix_1985234108792038812,1120,EnthalpyOfMixing,<Substance CCOc1ccccc1{solv}{x=0.485200}|OCCc1ccccc1{solv}{x=0.514800}>,CCOc1ccccc1,OCCc1ccccc1,fb-fit-v0-single-mean-k20,1,0.9245179313375758,0.0473356351303801,1.0249,0.011
8051,1121,dhmix_2203675640711482674,1121,EnthalpyOfMixing,<Substance CCOc1ccccc1{solv}{x=0.239100}|OCCc1ccccc1{solv}{x=0.760900}>,CCOc1ccccc1,OCCc1ccccc1,fb-fit-v0-single-mean-k20,1,0.4157246956831812,0.0524576784431838,0.6669,0.0072
8052,1122,dens_1247048173376376516,1122,Density,<Substance CCCCC(=O)OC{solv}{x=0.349300}|COC=O{solv}{x=0.650700}>,CCCCC(=O)OC,COC=O,fb-fit-v0-single-mean-k20,1,0.9303882798349072,0.0002820488568004,0.9198400000000002,0.000115
8053,1123,dens_1283923442255956417,1123,Density,<Substance CCCCC(=O)OC{solv}{x=0.500000}|COC=O{solv}{x=0.500000}>,CCCCC(=O)OC,COC=O,fb-fit-v0-single-mean-k20,1,0.914823597205506,0.0002407039169842,0.90817,0.00012
8054,1124,dhmix_1491739683552461043,1124,EnthalpyOfMixing,<Substance CCCCC(=O)OC{solv}{x=0.348600}|COC=O{solv}{x=0.651400}>,CCCCC(=O)OC,COC=O,fb-fit-v0-single-mean-k20,1,0.3194839294806719,0.0373324461410198,0.422,0.0045
8055,1125,dhmix_1747049492522889097,1125,EnthalpyOfMixing,<Substance CCCCC(=O)OC{solv}{x=0.523200}|COC=O{solv}{x=0.476800}>,CCCCC(=O)OC,COC=O,fb-fit-v0-single-mean-k20,1,0.3033429552538944,0.0394413179458761,0.409,0.0045
8056,1126,dhmix_1990853348078771210,1126,EnthalpyOfMixing,<Substance CCCCC(=O)OC{solv}{x=0.796800}|COC=O{solv}{x=0.203200}>,CCCCC(=O)OC,COC=O,fb-fit-v0-single-mean-k20,1,0.1809766638383969,0.0505434402043048,0.219,0.0025
8057,1127,dens_2269601061883384185,1127,Density,<Substance CCCCC(=O)OC{solv}{x=0.725800}|COC=O{solv}{x=0.274200}>,CCCCC(=O)OC,COC=O,fb-fit-v0-single-mean-k20,1,0.8990176063736715,0.0002322007589509,0.8955000000000002,0.000135
8058,1128,dens_1266839724964377205,1128,Density,<Substance Cn1ccnc1{solv}{x=0.779500}|O{solv}{x=0.220500}>,Cn1ccnc1,O,fb-fit-v0-single-mean-k20,1,1.0119153290284753,0.0002420615225134,1.0360000000000005,0.00015
8059,1129,dens_1634862053132906887,1129,Density,<Substance Cn1ccnc1{solv}{x=0.498200}|O{solv}{x=0.501800}>,Cn1ccnc1,O,fb-fit-v0-single-mean-k20,1,1.0118850851704495,0.0003356546458185,1.0416,0.00015
8060,1130,dens_1681126092995837883,1130,Density,<Substance Cn1ccnc1{solv}{x=0.216700}|O{solv}{x=0.783300}>,Cn1ccnc1,O,fb-fit-v0-single-mean-k20,1,0.999690957617358,0.0003312029571767,1.0301000000000002,0.0001
8061,1131,dhmix_1311251505653939236,1131,EnthalpyOfMixing,<Substance CC(=O)CC(C)=O{solv}{x=0.598500}|O{solv}{x=0.401500}>,CC(=O)CC(C)=O,O,fb-fit-v0-single-mean-k20,1,0.372004871770315,0.035779849925195,0.4905,0.00555
8062,1132,dhmix_1367092272310773702,1132,EnthalpyOfMixing,<Substance CC(=O)CC(C)=O{solv}{x=0.749200}|O{solv}{x=0.250800}>,CC(=O)CC(C)=O,O,fb-fit-v0-single-mean-k20,1,0.5188730312423786,0.0389659643917096,0.6211,0.00695
8063,1133,dhmix_2033109088651196860,1133,EnthalpyOfMixing,<Substance CC(=O)CC(C)=O{solv}{x=0.200400}|O{solv}{x=0.799600}>,CC(=O)CC(C)=O,O,fb-fit-v0-single-mean-k20,1,0.0383960863475181,0.0265273396159662,0.1562,0.0021
8064,1134,dens_1319073694995976411,1134,Density,<Substance CC(C)CO{solv}{x=0.762200}|OC1=NCCC1{solv}{x=0.237800}>,CC(C)CO,OC1=NCCC1,fb-fit-v0-single-mean-k20,1,0.865784996212267,0.0002162902844855,0.8623100000000001,0.000205
8065,1135,dhmix_1817161401911066523,1135,EnthalpyOfMixing,<Substance CC(C)CO{solv}{x=0.754900}|OC1=NCCC1{solv}{x=0.245100}>,CC(C)CO,OC1=NCCC1,fb-fit-v0-single-mean-k20,1,1.2296540895637813,0.0456846485186019,0.2989,0.0033
8066,1136,dens_1852757585830259815,1136,Density,<Substance CC(C)CO{solv}{x=0.287400}|OC1=NCCC1{solv}{x=0.712600}>,CC(C)CO,OC1=NCCC1,fb-fit-v0-single-mean-k20,1,0.9823792942307736,0.0002625269745611,1.0078300000000002,0.000155
8067,1137,dhmix_2057245570503088562,1137,EnthalpyOfMixing,<Substance CC(C)CO{solv}{x=0.259800}|OC1=NCCC1{solv}{x=0.740200}>,CC(C)CO,OC1=NCCC1,fb-fit-v0-single-mean-k20,1,0.9880224017015848,0.0361783714686349,0.1798,0.00205
8068,1138,dens_2175875616459255266,1138,Density,<Substance CC(C)CO{solv}{x=0.489400}|OC1=NCCC1{solv}{x=0.510600}>,CC(C)CO,OC1=NCCC1,fb-fit-v0-single-mean-k20,1,0.9319491499653808,0.0002166476710315,0.9431100000000002,0.00017
8069,1139,dhmix_2273039716774959551,1139,EnthalpyOfMixing,<Substance CC(C)CO{solv}{x=0.497800}|OC1=NCCC1{solv}{x=0.502200}>,CC(C)CO,OC1=NCCC1,fb-fit-v0-single-mean-k20,1,1.5373885481188694,0.0410569049333358,0.2775,0.0031
8070,1140,dens_1400897934227212514,1140,Density,<Substance CC(C)CC(C)(C)C{solv}{x=0.541100}|COC(C)=O{solv}{x=0.458900}>,CC(C)CC(C)(C)C,COC(C)=O,fb-fit-v0-single-mean-k20,1,0.7695968911790503,0.000145964311343,0.7495700000000002,0.000505
8071,1141,dhmix_1534218615961922445,1141,EnthalpyOfMixing,<Substance CC(C)CC(C)(C)C{solv}{x=0.256000}|COC(C)=O{solv}{x=0.744000}>,CC(C)CC(C)(C)C,COC(C)=O,fb-fit-v0-single-mean-k20,1,1.632196435339127,0.0289631418548227,1.385,0.015
8072,1142,dhmix_1663557420681143866,1142,EnthalpyOfMixing,<Substance CC(C)CC(C)(C)C{solv}{x=0.540600}|COC(C)=O{solv}{x=0.459400}>,CC(C)CC(C)(C)C,COC(C)=O,fb-fit-v0-single-mean-k20,1,2.0455157988632564,0.0438597730922273,1.759,0.019
8073,1143,dens_1833608859418637606,1143,Density,<Substance CC(C)CC(C)(C)C{solv}{x=0.736400}|COC(C)=O{solv}{x=0.263600}>,CC(C)CC(C)(C)C,COC(C)=O,fb-fit-v0-single-mean-k20,1,0.7399866764280967,0.000177585646431,0.7171000000000002,0.00015
8074,1144,dhmix_1913788848230724771,1144,EnthalpyOfMixing,<Substance CC(C)CC(C)(C)C{solv}{x=0.783300}|COC(C)=O{solv}{x=0.216700}>,CC(C)CC(C)(C)C,COC(C)=O,fb-fit-v0-single-mean-k20,1,1.495236112072135,0.0436374814546307,1.149,0.0125
8075,1145,dens_2018568384717712900,1145,Density,<Substance CC(C)CC(C)(C)C{solv}{x=0.238900}|COC(C)=O{solv}{x=0.761100}>,CC(C)CC(C)(C)C,COC(C)=O,fb-fit-v0-single-mean-k20,1,0.8368850462471434,0.0002596121105104,0.8248000000000002,0.0001
8076,1146,dens_1465225466328543955,1146,Density,<Substance Cc1cccnc1{solv}{x=0.225000}|O{solv}{x=0.775000}>,Cc1cccnc1,O,fb-fit-v0-single-mean-k20,1,0.9623428530305268,0.0002529469085971,0.9921000000000002,0.0003
8077,1147,dens_1644445312716340330,1147,Density,<Substance Cc1cccnc1{solv}{x=0.500000}|O{solv}{x=0.500000}>,Cc1cccnc1,O,fb-fit-v0-single-mean-k20,1,0.9550187219023478,0.0002598375489822,0.9797000000000002,0.0003
8078,1148,dens_2262998332454406432,1148,Density,<Substance Cc1cccnc1{solv}{x=0.700000}|O{solv}{x=0.300000}>,Cc1cccnc1,O,fb-fit-v0-single-mean-k20,1,0.9513407485466234,0.0002793408711244,0.9690000000000002,0.0003
8079,1149,dens_1601780542508306264,1149,Density,<Substance CC(=O)N(C)C{solv}{x=0.771800}|CCOC(C)=O{solv}{x=0.228200}>,CC(=O)N(C)C,CCOC(C)=O,fb-fit-v0-single-mean-k20,1,0.9019144601987016,0.0002152995468655,0.9286200000000002,0.000185
8080,1150,dens_2126546638582188774,1150,Density,<Substance CC(=O)N(C)C{solv}{x=0.464600}|CCOC(C)=O{solv}{x=0.535400}>,CC(=O)N(C)C,CCOC(C)=O,fb-fit-v0-single-mean-k20,1,0.9024783421301946,0.0002018187901511,0.9166300000000002,0.00022
8081,1151,dens_2159432384130350508,1151,Density,<Substance CC(=O)N(C)C{solv}{x=0.233100}|CCOC(C)=O{solv}{x=0.766900}>,CC(=O)N(C)C,CCOC(C)=O,fb-fit-v0-single-mean-k20,1,0.902747540314672,0.0002273767135686,0.9064300000000002,0.000245
8082,1152,dens_1713891284028890335,1152,Density,<Substance CC(=O)O{solv}{x=0.798900}|CCOC(C)=O{solv}{x=0.201100}>,CC(=O)O,CCOC(C)=O,fb-fit-v0-single-mean-k20,1,1.0231587464387946,0.000236276396085,0.9996600000000002,0.000225
8083,1153,dens_1856345418041920174,1153,Density,<Substance CC(=O)O{solv}{x=0.500700}|CCOC(C)=O{solv}{x=0.499300}>,CC(=O)O,CCOC(C)=O,fb-fit-v0-single-mean-k20,1,0.966104559371543,0.0002501922673576,0.9514000000000002,0.00018
8084,1154,dens_2035334988982485653,1154,Density,<Substance CC(=O)O{solv}{x=0.294400}|CCOC(C)=O{solv}{x=0.705600}>,CC(=O)O,CCOC(C)=O,fb-fit-v0-single-mean-k20,1,0.9361737753895584,0.0002865182309061,0.9255000000000002,0.00016
8085,1155,dhmix_592425981731704,0,EnthalpyOfMixing,<Substance C1CCCCC1{solv}{x=0.100300}|Cc1ccccc1{solv}{x=0.899700}>,C1CCCCC1,Cc1ccccc1,fb-fit-v0-single-mean-k20,2,0.2242686655830255,0.0490391535305499,0.2015,0.0015
8086,1156,dens_191923210986624643,1,Density,<Substance C1CCCCC1{solv}{x=0.697700}|Cc1ccccc1{solv}{x=0.302300}>,C1CCCCC1,Cc1ccccc1,fb-fit-v0-single-mean-k20,2,0.7782583840837966,0.0001701346199296,0.7818000000000002,0.00041
8087,1157,dens_699555827256664507,2,Density,<Substance C1CCCCC1{solv}{x=0.100000}|Cc1ccccc1{solv}{x=0.900000}>,C1CCCCC1,Cc1ccccc1,fb-fit-v0-single-mean-k20,2,0.8424005663706694,0.0002314052773879,0.8378000000000001,0.00025
8088,1158,dhmix_997331474504366167,3,EnthalpyOfMixing,<Substance C1CCCCC1{solv}{x=0.697900}|Cc1ccccc1{solv}{x=0.302100}>,C1CCCCC1,Cc1ccccc1,fb-fit-v0-single-mean-k20,2,0.5676259149716003,0.0438154910813787,0.5221,0.0034
8089,1159,dhmix_1586684551148150215,4,EnthalpyOfMixing,<Substance C1CCCCC1{solv}{x=0.397600}|Cc1ccccc1{solv}{x=0.602400}>,C1CCCCC1,Cc1ccccc1,fb-fit-v0-single-mean-k20,2,0.7682249353242554,0.0374413520286475,0.5887,0.0038
8090,1160,dens_1809100412119556796,5,Density,<Substance C1CCCCC1{solv}{x=0.397500}|Cc1ccccc1{solv}{x=0.602500}>,C1CCCCC1,Cc1ccccc1,fb-fit-v0-single-mean-k20,2,0.8228593937945403,0.0002370471164635,0.8228000000000002,0.0002
8091,1161,dhmix_1261378482688431,6,EnthalpyOfMixing,<Substance CCC(C)=O{solv}{x=0.510600}|Nc1ccccc1{solv}{x=0.489400}>,CCC(C)=O,Nc1ccccc1,fb-fit-v0-single-mean-k20,2,-0.4060195189779705,0.0412687658586177,-1.173,0.0125
8092,1162,dhmix_157258283975731553,7,EnthalpyOfMixing,<Substance CCC(C)=O{solv}{x=0.901800}|Nc1ccccc1{solv}{x=0.098200}>,CCC(C)=O,Nc1ccccc1,fb-fit-v0-single-mean-k20,2,-0.4351136857619888,0.0445609486881019,-0.469,0.005
8093,1163,dens_610648476268376520,8,Density,<Substance CCC(C)=O{solv}{x=0.502600}|Nc1ccccc1{solv}{x=0.497400}>,CCC(C)=O,Nc1ccccc1,fb-fit-v0-single-mean-k20,2,0.926422211562102,0.0002335616056197,0.9213850000000002,5.650000000000002e-05
8094,1164,dens_1388487494953421117,9,Density,<Substance CCC(C)=O{solv}{x=0.901900}|Nc1ccccc1{solv}{x=0.098100}>,CCC(C)=O,Nc1ccccc1,fb-fit-v0-single-mean-k20,2,0.8160687022110407,0.0002566572774429,0.8265540000000001,7.200000000000002e-05
8095,1165,dhmix_1389656513678923263,10,EnthalpyOfMixing,<Substance CCC(C)=O{solv}{x=0.209900}|Nc1ccccc1{solv}{x=0.790100}>,CCC(C)=O,Nc1ccccc1,fb-fit-v0-single-mean-k20,2,-0.19461179902477,0.0550981908754299,-0.648,0.007
8096,1166,dens_2115628806769415578,11,Density,<Substance CCC(C)=O{solv}{x=0.256300}|Nc1ccccc1{solv}{x=0.743700}>,CCC(C)=O,Nc1ccccc1,fb-fit-v0-single-mean-k20,2,0.991181495623992,0.0003467958850108,0.9712300000000004,4.900000000000001e-05
8097,1167,dens_1379242187515209,12,Density,<Substance CC#N{solv}{x=0.795200}|CCCCOCCCC{solv}{x=0.204800}>,CC#N,CCCCOCCCC,fb-fit-v0-single-mean-k20,2,0.7643447806570094,0.0002862548370905,0.7708800000000002,0.000245
8098,1168,dhmix_575991096898484441,13,EnthalpyOfMixing,<Substance CC#N{solv}{x=0.488600}|CCCCOCCCC{solv}{x=0.511400}>,CC#N,CCCCOCCCC,fb-fit-v0-single-mean-k20,2,0.6289777078870173,0.0428879218846116,1.26543,0.00796
8099,1169,dhmix_1182924089945476872,14,EnthalpyOfMixing,<Substance CC#N{solv}{x=0.241600}|CCCCOCCCC{solv}{x=0.758400}>,CC#N,CCCCOCCCC,fb-fit-v0-single-mean-k20,2,0.4683514129020807,0.0516738829215064,0.94593,0.00601
8100,1170,dhmix_1244492966201685063,15,EnthalpyOfMixing,<Substance CC#N{solv}{x=0.795200}|CCCCOCCCC{solv}{x=0.204800}>,CC#N,CCCCOCCCC,fb-fit-v0-single-mean-k20,2,0.4113288269310913,0.0306491646475471,0.94289,0.005995
8101,1171,dens_2044032309137951705,16,Density,<Substance CC#N{solv}{x=0.245500}|CCCCOCCCC{solv}{x=0.754500}>,CC#N,CCCCOCCCC,fb-fit-v0-single-mean-k20,2,0.763888933034239,0.0002270150682198,0.7653000000000001,0.00028
8102,1172,dens_2211436825174998797,17,Density,<Substance CC#N{solv}{x=0.509800}|CCCCOCCCC{solv}{x=0.490200}>,CC#N,CCCCOCCCC,fb-fit-v0-single-mean-k20,2,0.764809828911917,0.0002465263749712,0.7671500000000001,0.00026
8103,1173,dens_1820034175228694,18,Density,<Substance C1CCCCC1{solv}{x=0.540900}|CN1CCCC1=O{solv}{x=0.459100}>,C1CCCCC1,CN1CCCC1=O,fb-fit-v0-single-mean-k20,2,0.8635839159275198,0.0001943462985551,0.8757100000000002,0.000335
8104,1174,dhmix_1335365307191460458,19,EnthalpyOfMixing,<Substance C1CCCCC1{solv}{x=0.751800}|CN1CCCC1=O{solv}{x=0.248200}>,C1CCCCC1,CN1CCCC1=O,fb-fit-v0-single-mean-k20,2,1.4485183818811294,0.0448815059992356,1.1998,0.01285
8105,1175,dens_1375048033230012198,20,Density,<Substance C1CCCCC1{solv}{x=0.733200}|CN1CCCC1=O{solv}{x=0.266800}>,C1CCCCC1,CN1CCCC1=O,fb-fit-v0-single-mean-k20,2,0.8187223706077555,0.0001722800345334,0.8287300000000002,0.0004
8106,1176,dhmix_1563298635135474599,21,EnthalpyOfMixing,<Substance C1CCCCC1{solv}{x=0.278900}|CN1CCCC1=O{solv}{x=0.721100}>,C1CCCCC1,CN1CCCC1=O,fb-fit-v0-single-mean-k20,2,1.5444374534186591,0.0361920397100936,1.2061,0.0129
8107,1177,dens_1606235786379262481,22,Density,<Substance C1CCCCC1{solv}{x=0.227500}|CN1CCCC1=O{solv}{x=0.772500}>,C1CCCCC1,CN1CCCC1=O,fb-fit-v0-single-mean-k20,2,0.9415122617892684,0.0001992314834287,0.9583800000000002,0.000245
8108,1178,dhmix_1683219349338278021,23,EnthalpyOfMixing,<Substance C1CCCCC1{solv}{x=0.473400}|CN1CCCC1=O{solv}{x=0.526600}>,C1CCCCC1,CN1CCCC1=O,fb-fit-v0-single-mean-k20,2,1.8622770926817296,0.0405288246150978,1.4691,0.0157
8109,1179,dens_4438302718372985,24,Density,<Substance BrCCCCBr{solv}{x=0.717000}|COC=O{solv}{x=0.283000}>,BrCCCCBr,COC=O,fb-fit-v0-single-mean-k20,2,1.6588325937336172,0.0004716776937931,1.6702600000000003,0.00259
8110,1180,dhmix_369816950910078034,25,EnthalpyOfMixing,<Substance BrCCCCBr{solv}{x=0.778200}|COC=O{solv}{x=0.221800}>,BrCCCCBr,COC=O,fb-fit-v0-single-mean-k20,2,0.7868713406354431,0.0408695962484609,0.6355,0.0057
8111,1181,dens_460757700461114532,26,Density,<Substance BrCCCCBr{solv}{x=0.495800}|COC=O{solv}{x=0.504200}>,BrCCCCBr,COC=O,fb-fit-v0-single-mean-k20,2,1.5151916247304749,0.0004569144770633,1.5176800000000004,0.001885
8112,1182,dhmix_1496821399278454353,27,EnthalpyOfMixing,<Substance BrCCCCBr{solv}{x=0.265400}|COC=O{solv}{x=0.734600}>,BrCCCCBr,COC=O,fb-fit-v0-single-mean-k20,2,0.8594264425369946,0.0332057069631933,0.8185,0.00715
8113,1183,dens_1750413656870357630,28,Density,<Substance BrCCCCBr{solv}{x=0.225800}|COC=O{solv}{x=0.774200}>,BrCCCCBr,COC=O,fb-fit-v0-single-mean-k20,2,1.27772649627849,0.0003966061416702,1.2671300000000003,0.00104
8114,1184,dhmix_1802862930607761431,29,EnthalpyOfMixing,<Substance BrCCCCBr{solv}{x=0.482000}|COC=O{solv}{x=0.518000}>,BrCCCCBr,COC=O,fb-fit-v0-single-mean-k20,2,1.052627908238211,0.0287606853635882,1.0243,0.0087
8115,1185,dhmix_8447570649359775,30,EnthalpyOfMixing,<Substance OCCO{solv}{x=0.481700}|OCc1ccccc1{solv}{x=0.518300}>,OCCO,OCc1ccccc1,fb-fit-v0-single-mean-k20,2,0.2988286890634839,0.0433004461902811,0.201,0.00465
8116,1186,dens_824372741354282107,31,Density,<Substance OCCO{solv}{x=0.505700}|OCc1ccccc1{solv}{x=0.494300}>,OCCO,OCc1ccccc1,fb-fit-v0-single-mean-k20,2,1.0626380328837592,0.0002908096039592,1.0579000000000005,0.00027
8117,1187,dens_1105173553343721111,32,Density,<Substance OCCO{solv}{x=0.737100}|OCc1ccccc1{solv}{x=0.262900}>,OCCO,OCc1ccccc1,fb-fit-v0-single-mean-k20,2,1.0812161643918268,0.0002691908539601,1.0753200000000005,0.000275
8118,1188,dhmix_1362282802315816638,33,EnthalpyOfMixing,<Substance OCCO{solv}{x=0.736100}|OCc1ccccc1{solv}{x=0.263900}>,OCCO,OCc1ccccc1,fb-fit-v0-single-mean-k20,2,0.2946943551541707,0.0477240517598551,0.1383,0.0037
8119,1189,dhmix_1666683879028583081,34,EnthalpyOfMixing,<Substance OCCO{solv}{x=0.236500}|OCc1ccccc1{solv}{x=0.763500}>,OCCO,OCc1ccccc1,fb-fit-v0-single-mean-k20,2,0.3760157776000596,0.0532016320246028,0.209,0.0048
8120,1190,dens_1698159396404241323,35,Density,<Substance OCCO{solv}{x=0.262200}|OCc1ccccc1{solv}{x=0.737800}>,OCCO,OCc1ccccc1,fb-fit-v0-single-mean-k20,2,1.0487049106438993,0.000271210351367,1.0442900000000002,0.000265
8121,1191,dens_8507121971977381,36,Density,<Substance CCOC(C)(C)C{solv}{x=0.505000}|Cc1ccccc1{solv}{x=0.495000}>,CCOC(C)(C)C,Cc1ccccc1,fb-fit-v0-single-mean-k20,2,0.8049231935078726,0.0002164369832636,0.7937390000000002,0.000467
8122,1192,dens_499290591626962121,37,Density,<Substance CCOC(C)(C)C{solv}{x=0.217000}|Cc1ccccc1{solv}{x=0.783000}>,CCOC(C)(C)C,Cc1ccccc1,fb-fit-v0-single-mean-k20,2,0.8402699816029394,0.0001651350549963,0.8314450000000002,0.000411
8123,1193,dhmix_820491025608256793,38,EnthalpyOfMixing,<Substance CCOC(C)(C)C{solv}{x=0.501900}|Cc1ccccc1{solv}{x=0.498100}>,CCOC(C)(C)C,Cc1ccccc1,fb-fit-v0-single-mean-k20,2,-0.1282258270124785,0.0437289356279099,-0.046,0.00055
8124,1194,dhmix_1374163681483564129,39,EnthalpyOfMixing,<Substance CCOC(C)(C)C{solv}{x=0.248900}|Cc1ccccc1{solv}{x=0.751100}>,CCOC(C)(C)C,Cc1ccccc1,fb-fit-v0-single-mean-k20,2,-0.1147530561993122,0.0462190413917245,-0.0324,0.0005
8125,1195,dens_1904998692863983733,40,Density,<Substance CCOC(C)(C)C{solv}{x=0.701000}|Cc1ccccc1{solv}{x=0.299000}>,CCOC(C)(C)C,Cc1ccccc1,fb-fit-v0-single-mean-k20,2,0.7814303820772427,0.0002425749893299,0.7696300000000001,0.000503
8126,1196,dhmix_1982853461678580310,41,EnthalpyOfMixing,<Substance CCOC(C)(C)C{solv}{x=0.749500}|Cc1ccccc1{solv}{x=0.250500}>,CCOC(C)(C)C,Cc1ccccc1,fb-fit-v0-single-mean-k20,2,-0.02184954647646,0.050024270164279,-0.0348,0.0005
8127,1197,dhmix_13624411991961099,42,EnthalpyOfMixing,<Substance C1CCOCC1{solv}{x=0.237900}|Cc1ccccc1N{solv}{x=0.762100}>,C1CCOCC1,Cc1ccccc1N,fb-fit-v0-single-mean-k20,2,-0.335354055209804,0.0461303863364311,-0.3658,0.004
8128,1198,dhmix_510299013171775812,43,EnthalpyOfMixing,<Substance C1CCOCC1{solv}{x=0.741000}|Cc1ccccc1N{solv}{x=0.259000}>,C1CCOCC1,Cc1ccccc1N,fb-fit-v0-single-mean-k20,2,-0.3829188078803511,0.0369081281186957,-0.4892,0.0053
8129,1199,dhmix_1337006691942958969,44,EnthalpyOfMixing,<Substance C1CCOCC1{solv}{x=0.490100}|Cc1ccccc1N{solv}{x=0.509900}>,C1CCOCC1,Cc1ccccc1N,fb-fit-v0-single-mean-k20,2,-0.4945675883861717,0.0459046985358672,-0.5715,0.0062
8130,1200,dens_1448062547628404156,45,Density,<Substance C1CCOCC1{solv}{x=0.727900}|Cc1ccccc1N{solv}{x=0.272100}>,C1CCOCC1,Cc1ccccc1N,fb-fit-v0-single-mean-k20,2,0.9176815734642456,0.0002026452511282,0.91866,0.000285
8131,1201,dens_2171966897328079405,46,Density,<Substance C1CCOCC1{solv}{x=0.498600}|Cc1ccccc1N{solv}{x=0.501400}>,C1CCOCC1,Cc1ccccc1N,fb-fit-v0-single-mean-k20,2,0.951226743939908,0.000191923975173,0.9459860000000002,0.0002275
8132,1202,dens_2201621104799327758,47,Density,<Substance C1CCOCC1{solv}{x=0.229700}|Cc1ccccc1N{solv}{x=0.770300}>,C1CCOCC1,Cc1ccccc1N,fb-fit-v0-single-mean-k20,2,0.9868406341809,0.0003251531987768,0.9734540000000002,0.000164
8133,1203,dens_15008167137789802,48,Density,<Substance CCCCCl{solv}{x=0.299200}|CN(C)C=O{solv}{x=0.700800}>,CCCCCl,CN(C)C=O,fb-fit-v0-single-mean-k20,2,0.904461486689733,0.0002865279567468,0.9218000000000002,0.0002
8134,1204,dens_550868133232739009,49,Density,<Substance CCCCCl{solv}{x=0.701200}|CN(C)C=O{solv}{x=0.298800}>,CCCCCl,CN(C)C=O,fb-fit-v0-single-mean-k20,2,0.8811479100165689,0.0002697572132734,0.8963000000000002,0.0002
8135,1205,dhmix_1315230298567753558,50,EnthalpyOfMixing,<Substance CCCCCl{solv}{x=0.793000}|CN(C)C=O{solv}{x=0.207000}>,CCCCCl,CN(C)C=O,fb-fit-v0-single-mean-k20,2,0.7111588956918453,0.0386258413798999,0.404,0.003
8136,1206,dhmix_1929975181819720491,51,EnthalpyOfMixing,<Substance CCCCCl{solv}{x=0.493000}|CN(C)C=O{solv}{x=0.507000}>,CCCCCl,CN(C)C=O,fb-fit-v0-single-mean-k20,2,1.031396794880827,0.0299432083375435,0.571,0.003
8137,1207,dhmix_1976787548784045784,52,EnthalpyOfMixing,<Substance CCCCCl{solv}{x=0.295000}|CN(C)C=O{solv}{x=0.705000}>,CCCCCl,CN(C)C=O,fb-fit-v0-single-mean-k20,2,0.8286321931325418,0.0369710588103781,0.467,0.003
8138,1208,dens_2008819185276371643,53,Density,<Substance CCCCCl{solv}{x=0.499000}|CN(C)C=O{solv}{x=0.501000}>,CCCCCl,CN(C)C=O,fb-fit-v0-single-mean-k20,2,0.8924180995902413,0.0002511883224711,0.9086000000000002,0.0002
8139,1209,dens_16755306936326197,54,Density,<Substance Cc1ccccc1N{solv}{x=0.255700}|Cc1ccccn1{solv}{x=0.744300}>,Cc1ccccc1N,Cc1ccccn1,fb-fit-v0-single-mean-k20,2,0.9639123980844349,0.0001896241212612,0.9597930000000002,0.000307
8140,1210,dens_238666738854407136,55,Density,<Substance Cc1ccccc1N{solv}{x=0.514600}|Cc1ccccn1{solv}{x=0.485400}>,Cc1ccccc1N,Cc1ccccn1,fb-fit-v0-single-mean-k20,2,0.9832334696410756,0.0002019546496866,0.9748990000000002,0.0002315
8141,1211,dhmix_1909144841681931250,56,EnthalpyOfMixing,<Substance Cc1ccccc1N{solv}{x=0.488200}|Cc1ccccn1{solv}{x=0.511800}>,Cc1ccccc1N,Cc1ccccn1,fb-fit-v0-single-mean-k20,2,-1.5958859050242111,0.0417476074168037,-1.4976,0.0305
8142,1212,dens_1945534954282706534,57,Density,<Substance Cc1ccccc1N{solv}{x=0.757100}|Cc1ccccn1{solv}{x=0.242900}>,Cc1ccccc1N,Cc1ccccn1,fb-fit-v0-single-mean-k20,2,0.99923819261878,0.0002491349637125,0.9854410000000002,0.000169
8143,1213,dhmix_2038606904928978856,58,EnthalpyOfMixing,<Substance Cc1ccccc1N{solv}{x=0.782100}|Cc1ccccn1{solv}{x=0.217900}>,Cc1ccccc1N,Cc1ccccn1,fb-fit-v0-single-mean-k20,2,-0.9589407947352128,0.0569614219524753,-0.8656,0.01775
8144,1214,dhmix_2125558080831870503,59,EnthalpyOfMixing,<Substance Cc1ccccc1N{solv}{x=0.273600}|Cc1ccccn1{solv}{x=0.726400}>,Cc1ccccc1N,Cc1ccccn1,fb-fit-v0-single-mean-k20,2,-1.4806068713871028,0.0450657634103616,-1.2462,0.0254
8145,1215,dens_19028061622240549,60,Density,<Substance CN(C)CCO{solv}{x=0.296200}|CO{solv}{x=0.703800}>,CN(C)CCO,CO,fb-fit-v0-single-mean-k20,2,0.8431409606830581,0.0002038330144629,0.8506500000000001,0.00014
8146,1216,dens_186649390549115907,61,Density,<Substance CN(C)CCO{solv}{x=0.502000}|CO{solv}{x=0.498000}>,CN(C)CCO,CO,fb-fit-v0-single-mean-k20,2,0.8710927113361074,0.000265793376721,0.8684000000000002,0.000155
8147,1217,dhmix_1453612193040378117,62,EnthalpyOfMixing,<Substance CN(C)CCO{solv}{x=0.497200}|CO{solv}{x=0.502800}>,CN(C)CCO,CO,fb-fit-v0-single-mean-k20,2,-1.411724568505946,0.0355859976162803,-0.8673,0.00935
8148,1218,dens_1978392691277508278,63,Density,<Substance CN(C)CCO{solv}{x=0.707500}|CO{solv}{x=0.292500}>,CN(C)CCO,CO,fb-fit-v0-single-mean-k20,2,0.887953291674575,0.0002706191589254,0.8766100000000002,0.00017
8149,1219,dhmix_2113387918969192804,64,EnthalpyOfMixing,<Substance CN(C)CCO{solv}{x=0.247900}|CO{solv}{x=0.752100}>,CN(C)CCO,CO,fb-fit-v0-single-mean-k20,2,-1.157163101040652,0.0323612388046571,-0.8057,0.0087
8150,1220,dhmix_2220842061395014218,65,EnthalpyOfMixing,<Substance CN(C)CCO{solv}{x=0.750600}|CO{solv}{x=0.249400}>,CN(C)CCO,CO,fb-fit-v0-single-mean-k20,2,-0.7963337724475821,0.0382087070925496,-0.5322,0.00585
8151,1221,dhmix_21994921667950318,66,EnthalpyOfMixing,<Substance C=CCCCC{solv}{x=0.500100}|CCCO{solv}{x=0.499900}>,C=CCCCC,CCCO,fb-fit-v0-single-mean-k20,2,0.598385844747618,0.0388692594914829,0.595,0.0055
8152,1222,dens_62854823056490751,67,Density,<Substance C=CCCCC{solv}{x=0.150300}|CCCO{solv}{x=0.849700}>,C=CCCCC,CCCO,fb-fit-v0-single-mean-k20,2,0.7663304445425079,0.0002185996066241,0.7704980000000002,0.0001845
8153,1223,dens_294296714501123310,68,Density,<Substance C=CCCCC{solv}{x=0.499100}|CCCO{solv}{x=0.500900}>,C=CCCCC,CCCO,fb-fit-v0-single-mean-k20,2,0.7114408472050209,0.0002342882613375,0.7176450000000002,0.0002145
8154,1224,dhmix_829065315899278784,69,EnthalpyOfMixing,<Substance C=CCCCC{solv}{x=0.750000}|CCCO{solv}{x=0.250000}>,C=CCCCC,CCCO,fb-fit-v0-single-mean-k20,2,0.7212723722601879,0.037588288985626,0.682,0.006
8155,1225,dens_2024397702416079279,70,Density,<Substance C=CCCCC{solv}{x=0.745600}|CCCO{solv}{x=0.254400}>,C=CCCCC,CCCO,fb-fit-v0-single-mean-k20,2,0.6831097374225996,0.0002522999131887,0.6899770000000002,0.0002305
8156,1226,dhmix_2167083041249157622,71,EnthalpyOfMixing,<Substance C=CCCCC{solv}{x=0.150100}|CCCO{solv}{x=0.849900}>,C=CCCCC,CCCO,fb-fit-v0-single-mean-k20,2,0.1556379839427464,0.0401893769656349,0.192,0.005
8157,1227,dhmix_22428169890990447,72,EnthalpyOfMixing,<Substance CC1(C)C(=O)[C@]2(C)CC[C@H]1C2{solv}{x=0.286000}|CCO{solv}{x=0.714000}>,CC1(C)C(=O)[C@]2(C)CC[C@H]1C2,CCO,fb-fit-v0-single-mean-k20,2,1.0351774591998435,0.0398953273850807,0.876,0.0265
8158,1228,dhmix_57626661746168078,73,EnthalpyOfMixing,<Substance CC1(C)C(=O)[C@]2(C)CC[C@H]1C2{solv}{x=0.701000}|CCO{solv}{x=0.299000}>,CC1(C)C(=O)[C@]2(C)CC[C@H]1C2,CCO,fb-fit-v0-single-mean-k20,2,1.0826199460248631,0.0523296559218909,1.0,0.0305
8159,1229,dhmix_287041928444283276,74,EnthalpyOfMixing,<Substance CC1(C)C(=O)[C@]2(C)CC[C@H]1C2{solv}{x=0.488000}|CCO{solv}{x=0.512000}>,CC1(C)C(=O)[C@]2(C)CC[C@H]1C2,CCO,fb-fit-v0-single-mean-k20,2,1.2788398210923615,0.041273677729805,1.109,0.0335
8160,1230,dens_618487453946854895,75,Density,<Substance CC1(C)C(=O)[C@]2(C)CC[C@H]1C2{solv}{x=0.501200}|CCO{solv}{x=0.498800}>,CC1(C)C(=O)[C@]2(C)CC[C@H]1C2,CCO,fb-fit-v0-single-mean-k20,2,0.917268138883738,0.0002123025928294,0.9005900000000002,5.5000000000000016e-05
8161,1231,dens_1408969463542558504,76,Density,<Substance CC1(C)C(=O)[C@]2(C)CC[C@H]1C2{solv}{x=0.789700}|CCO{solv}{x=0.210300}>,CC1(C)C(=O)[C@]2(C)CC[C@H]1C2,CCO,fb-fit-v0-single-mean-k20,2,0.9495395878899928,0.0002413525194695,0.9274800000000002,6.0000000000000015e-05
8162,1232,dens_2053919413592536040,77,Density,<Substance CC1(C)C(=O)[C@]2(C)CC[C@H]1C2{solv}{x=0.200200}|CCO{solv}{x=0.799800}>,CC1(C)C(=O)[C@]2(C)CC[C@H]1C2,CCO,fb-fit-v0-single-mean-k20,2,0.8589935692975774,0.000298031286146,0.8499000000000002,6.500000000000002e-05
8163,1233,dhmix_24700325920498635,78,EnthalpyOfMixing,<Substance CCC(C)(C)O{solv}{x=0.799400}|CCOC(C)(C)CC{solv}{x=0.200600}>,CCC(C)(C)O,CCOC(C)(C)CC,fb-fit-v0-single-mean-k20,2,0.4925013018421076,0.0417355641691182,0.448,0.0073
8164,1234,dhmix_252628078473967793,79,EnthalpyOfMixing,<Substance CCC(C)(C)O{solv}{x=0.299700}|CCOC(C)(C)CC{solv}{x=0.700300}>,CCC(C)(C)O,CCOC(C)(C)CC,fb-fit-v0-single-mean-k20,2,0.945688318125832,0.0537254542948884,0.9727,0.0132
8165,1235,dens_281609537293621351,80,Density,<Substance CCC(C)(C)O{solv}{x=0.799400}|CCOC(C)(C)CC{solv}{x=0.200600}>,CCC(C)(C)O,CCOC(C)(C)CC,fb-fit-v0-single-mean-k20,2,0.8047388638512092,0.00029478335817,0.7932000000000002,0.00025
8166,1236,dhmix_980734994193955874,81,EnthalpyOfMixing,<Substance CCC(C)(C)O{solv}{x=0.498700}|CCOC(C)(C)CC{solv}{x=0.501300}>,CCC(C)(C)O,CCOC(C)(C)CC,fb-fit-v0-single-mean-k20,2,0.7536281673879799,0.050078468212358,0.8937,0.01225
8167,1237,dens_1165049856972872340,82,Density,<Substance CCC(C)(C)O{solv}{x=0.498700}|CCOC(C)(C)CC{solv}{x=0.501300}>,CCC(C)(C)O,CCOC(C)(C)CC,fb-fit-v0-single-mean-k20,2,0.7865606315735948,0.0001757652243793,0.7789000000000001,0.0002
8168,1238,dens_2297026976830009992,83,Density,<Substance CCC(C)(C)O{solv}{x=0.299700}|CCOC(C)(C)CC{solv}{x=0.700300}>,CCC(C)(C)O,CCOC(C)(C)CC,fb-fit-v0-single-mean-k20,2,0.776290650499019,0.0002243646430461,0.7709000000000001,0.0002
8169,1239,dens_25810987980199799,84,Density,<Substance CCCCCC{solv}{x=0.158800}|Cc1ccccc1{solv}{x=0.841200}>,CCCCCC,Cc1ccccc1,fb-fit-v0-single-mean-k20,2,0.8279981355297532,0.0002414100369498,0.8226300000000002,0.000335
8170,1240,dens_574637447996217594,85,Density,<Substance CCCCCC{solv}{x=0.501100}|Cc1ccccc1{solv}{x=0.498900}>,CCCCCC,Cc1ccccc1,fb-fit-v0-single-mean-k20,2,0.7499215921703879,0.000243674540531,0.7484400000000002,0.00015
8171,1241,dhmix_1373657903424456878,86,EnthalpyOfMixing,<Substance CCCCCC{solv}{x=0.158600}|Cc1ccccc1{solv}{x=0.841400}>,CCCCCC,Cc1ccccc1,fb-fit-v0-single-mean-k20,2,0.4121629882128985,0.0451169922798797,0.3163,0.0043
8172,1242,dhmix_1383995974797334848,87,EnthalpyOfMixing,<Substance CCCCCC{solv}{x=0.472300}|Cc1ccccc1{solv}{x=0.527700}>,CCCCCC,Cc1ccccc1,fb-fit-v0-single-mean-k20,2,0.7995709131051143,0.0393281720344764,0.5467,0.00715
8173,1243,dhmix_1412344026798360911,88,EnthalpyOfMixing,<Substance CCCCCC{solv}{x=0.748400}|Cc1ccccc1{solv}{x=0.251600}>,CCCCCC,Cc1ccccc1,fb-fit-v0-single-mean-k20,2,0.6341628920537374,0.0419312924544687,0.393,0.00525
8174,1244,dens_2241575426887298365,89,Density,<Substance CCCCCC{solv}{x=0.733800}|Cc1ccccc1{solv}{x=0.266200}>,CCCCCC,Cc1ccccc1,fb-fit-v0-single-mean-k20,2,0.7018683657324787,0.0002219610178797,0.7020900000000002,0.000305
8175,1245,dens_27241401908451167,90,Density,<Substance CN(C)C=O{solv}{x=0.503500}|Cc1ccccc1Cl{solv}{x=0.496500}>,CN(C)C=O,Cc1ccccc1Cl,fb-fit-v0-single-mean-k20,2,1.0195421169961578,0.0002414445813993,1.0247000000000004,0.0005
8176,1246,dhmix_674882857451857086,91,EnthalpyOfMixing,<Substance CN(C)C=O{solv}{x=0.511800}|Cc1ccccc1Cl{solv}{x=0.488200}>,CN(C)C=O,Cc1ccccc1Cl,fb-fit-v0-single-mean-k20,2,0.2314237512495083,0.0401109000829237,0.545,0.006
8177,1247,dens_818042132181297482,92,Density,<Substance CN(C)C=O{solv}{x=0.751200}|Cc1ccccc1Cl{solv}{x=0.248800}>,CN(C)C=O,Cc1ccccc1Cl,fb-fit-v0-single-mean-k20,2,0.9746650723363806,0.0002413241537082,0.9898800000000002,0.0005
8178,1248,dens_861365281257265917,93,Density,<Substance CN(C)C=O{solv}{x=0.273700}|Cc1ccccc1Cl{solv}{x=0.726300}>,CN(C)C=O,Cc1ccccc1Cl,fb-fit-v0-single-mean-k20,2,1.0435804660018069,0.0002542030501364,1.0415000000000003,0.0005
8179,1249,dhmix_1670364528496870559,94,EnthalpyOfMixing,<Substance CN(C)C=O{solv}{x=0.767900}|Cc1ccccc1Cl{solv}{x=0.232100}>,CN(C)C=O,Cc1ccccc1Cl,fb-fit-v0-single-mean-k20,2,0.1811811146129684,0.0403583093471032,0.436,0.005
8180,1250,dhmix_1992689527814967541,95,EnthalpyOfMixing,<Substance CN(C)C=O{solv}{x=0.274300}|Cc1ccccc1Cl{solv}{x=0.725700}>,CN(C)C=O,Cc1ccccc1Cl,fb-fit-v0-single-mean-k20,2,0.2186985836642065,0.0432127683396875,0.373,0.004
8181,1251,dens_29213618499921464,96,Density,<Substance C1CCOCC1{solv}{x=0.254000}|O=C1CCCCCC1{solv}{x=0.746000}>,C1CCOCC1,O=C1CCCCCC1,fb-fit-v0-single-mean-k20,2,0.9238987126467516,0.0001676125705805,0.9355100000000002,0.00051
8182,1252,dens_468319504030932569,97,Density,<Substance C1CCOCC1{solv}{x=0.498600}|O=C1CCCCCC1{solv}{x=0.501400}>,C1CCOCC1,O=C1CCCCCC1,fb-fit-v0-single-mean-k20,2,0.909848423973598,0.0002296769742468,0.9211200000000004,0.00051
8183,1253,dens_1174890511154571939,98,Density,<Substance C1CCOCC1{solv}{x=0.768600}|O=C1CCCCCC1{solv}{x=0.231400}>,C1CCOCC1,O=C1CCCCCC1,fb-fit-v0-single-mean-k20,2,0.8916547456793356,0.000167368148764,0.9012200000000002,0.000505
8184,1254,dens_30084818585402677,99,Density,<Substance CC(=O)N(C)C{solv}{x=0.700600}|ClCCCCCCCl{solv}{x=0.299400}>,CC(=O)N(C)C,ClCCCCCCCl,fb-fit-v0-single-mean-k20,2,0.9658082174370252,0.0002415027045022,0.9853000000000002,0.00175
8185,1255,dhmix_384619296407103076,100,EnthalpyOfMixing,<Substance CC(=O)N(C)C{solv}{x=0.504000}|ClCCCCCCCl{solv}{x=0.496000}>,CC(=O)N(C)C,ClCCCCCCCl,fb-fit-v0-single-mean-k20,2,0.3698695841730668,0.0443689823939694,0.09,0.002
8186,1256,dens_539464371986972328,101,Density,<Substance CC(=O)N(C)C{solv}{x=0.494300}|ClCCCCCCCl{solv}{x=0.505700}>,CC(=O)N(C)C,ClCCCCCCCl,fb-fit-v0-single-mean-k20,2,1.0009578336150868,0.0002247105594029,1.0123000000000002,0.0016
8187,1257,dhmix_1114659247517686326,102,EnthalpyOfMixing,<Substance CC(=O)N(C)C{solv}{x=0.798000}|ClCCCCCCCl{solv}{x=0.202000}>,CC(=O)N(C)C,ClCCCCCCCl,fb-fit-v0-single-mean-k20,2,0.1792863506526227,0.0436801706161883,0.067,0.002
8188,1258,dhmix_1410583096030633514,103,EnthalpyOfMixing,<Substance CC(=O)N(C)C{solv}{x=0.212000}|ClCCCCCCCl{solv}{x=0.788000}>,CC(=O)N(C)C,ClCCCCCCCl,fb-fit-v0-single-mean-k20,2,0.1314492224895502,0.0415902302330647,0.04,0.002
8189,1259,dens_2244909992725638206,104,Density,<Substance CC(=O)N(C)C{solv}{x=0.300200}|ClCCCCCCCl{solv}{x=0.699800}>,CC(=O)N(C)C,ClCCCCCCCl,fb-fit-v0-single-mean-k20,2,1.029240060129917,0.0002285330940464,1.0345000000000002,0.0015
8190,1260,dhmix_35301006695188726,105,EnthalpyOfMixing,<Substance CCOC(=O)C(C)C{solv}{x=0.289000}|CO{solv}{x=0.711000}>,CCOC(=O)C(C)C,CO,fb-fit-v0-single-mean-k20,2,0.5620914495355969,0.0334101703715515,0.488,0.0035
8191,1261,dens_508877804306927207,106,Density,<Substance CCOC(=O)C(C)C{solv}{x=0.499000}|CO{solv}{x=0.501000}>,CCOC(=O)C(C)C,CO,fb-fit-v0-single-mean-k20,2,0.8415256276156238,0.0002793522826902,0.8414100000000002,0.00011
8192,1262,dens_1201422771202741625,107,Density,<Substance CCOC(=O)C(C)C{solv}{x=0.199600}|CO{solv}{x=0.800400}>,CCOC(=O)C(C)C,CO,fb-fit-v0-single-mean-k20,2,0.8050504321841488,0.0003463374214362,0.8173600000000002,0.000115
8193,1263,dhmix_1951183536432642425,108,EnthalpyOfMixing,<Substance CCOC(=O)C(C)C{solv}{x=0.480000}|CO{solv}{x=0.520000}>,CCOC(=O)C(C)C,CO,fb-fit-v0-single-mean-k20,2,0.7740119745302891,0.0395436810993501,0.671,0.0045
8194,1264,dens_1998368384671748308,109,Density,<Substance CCOC(=O)C(C)C{solv}{x=0.703000}|CO{solv}{x=0.297000}>,CCOC(=O)C(C)C,CO,fb-fit-v0-single-mean-k20,2,0.8554826900104276,0.0002706730789876,0.8501200000000002,0.00011
8195,1265,dhmix_2200604492347455092,110,EnthalpyOfMixing,<Substance CCOC(=O)C(C)C{solv}{x=0.771000}|CO{solv}{x=0.229000}>,CCOC(=O)C(C)C,CO,fb-fit-v0-single-mean-k20,2,0.6537315411380717,0.0492316078413997,0.632,0.0045
8196,1266,dhmix_39159150320919359,111,EnthalpyOfMixing,<Substance CCO{solv}{x=0.799700}|Cc1cccc(O)c1{solv}{x=0.200300}>,CCO,Cc1cccc(O)c1,fb-fit-v0-single-mean-k20,2,-0.6503128127618965,0.0307447073224694,-0.79199,0.011965
8197,1267,dens_410843938837220593,112,Density,<Substance CCO{solv}{x=0.263700}|Cc1cccc(O)c1{solv}{x=0.736300}>,CCO,Cc1cccc(O)c1,fb-fit-v0-single-mean-k20,2,0.9972365080867884,0.0002190790147972,0.9852300000000004,0.0006
8198,1268,dhmix_1115402835538407874,113,EnthalpyOfMixing,<Substance CCO{solv}{x=0.212500}|Cc1cccc(O)c1{solv}{x=0.787500}>,CCO,Cc1cccc(O)c1,fb-fit-v0-single-mean-k20,2,-0.8274299313744216,0.0503492244598089,-0.68742,0.01275
8199,1269,dens_1359111234216199895,114,Density,<Substance CCO{solv}{x=0.472400}|Cc1cccc(O)c1{solv}{x=0.527600}>,CCO,Cc1cccc(O)c1,fb-fit-v0-single-mean-k20,2,0.958530771010223,0.0001801337979155,0.9446300000000002,0.0006
8200,1270,dens_1590314985481219627,115,Density,<Substance CCO{solv}{x=0.781700}|Cc1cccc(O)c1{solv}{x=0.218300}>,CCO,Cc1cccc(O)c1,fb-fit-v0-single-mean-k20,2,0.875447163478146,0.0002626525225767,0.8631500000000002,0.000605
8201,1271,dhmix_1871939727966182523,116,EnthalpyOfMixing,<Substance CCO{solv}{x=0.413900}|Cc1cccc(O)c1{solv}{x=0.586100}>,CCO,Cc1cccc(O)c1,fb-fit-v0-single-mean-k20,2,-1.143284432346675,0.0381313470911473,-1.14624,0.00985
8202,1272,dens_42678158079716854,117,Density,<Substance CN1CCCC1=O{solv}{x=0.937492}|c1ccccc1{solv}{x=0.062508}>,CN1CCCC1=O,c1ccccc1,fb-fit-v0-single-mean-k20,2,0.9993367647605764,0.0001936602383493,1.0204500000000003,3.500000000000001e-05
8203,1273,dens_252520620125458637,118,Density,<Substance CN1CCCC1=O{solv}{x=0.513500}|c1ccccc1{solv}{x=0.486500}>,CN1CCCC1=O,c1ccccc1,fb-fit-v0-single-mean-k20,2,0.9573284162249104,0.0001930159137683,0.9684700000000004,0.00018
8204,1274,dhmix_524477957640851666,119,EnthalpyOfMixing,<Substance CN1CCCC1=O{solv}{x=0.235600}|c1ccccc1{solv}{x=0.764400}>,CN1CCCC1=O,c1ccccc1,fb-fit-v0-single-mean-k20,2,-0.1218218797558066,0.0383783993642218,-0.3684,0.00405
8205,1275,dhmix_1475629358723962160,120,EnthalpyOfMixing,<Substance CN1CCCC1=O{solv}{x=0.546700}|c1ccccc1{solv}{x=0.453300}>,CN1CCCC1=O,c1ccccc1,fb-fit-v0-single-mean-k20,2,-0.1649015016558124,0.0402313585029265,-0.4943,0.00535
8206,1276,dens_2041306780823594960,121,Density,<Substance CN1CCCC1=O{solv}{x=0.252400}|c1ccccc1{solv}{x=0.747600}>,CN1CCCC1=O,c1ccccc1,fb-fit-v0-single-mean-k20,2,0.9157192228722654,0.0002499213324956,0.9163300000000004,0.00029
8207,1277,dhmix_2156508970935294660,122,EnthalpyOfMixing,<Substance CN1CCCC1=O{solv}{x=0.741100}|c1ccccc1{solv}{x=0.258900}>,CN1CCCC1=O,c1ccccc1,fb-fit-v0-single-mean-k20,2,-0.125670002799449,0.0414446787057858,-0.3841,0.0042
8208,1278,dhmix_44217680865702366,123,EnthalpyOfMixing,<Substance CC(=O)c1ccccc1{solv}{x=0.200100}|CC(C)O{solv}{x=0.799900}>,CC(=O)c1ccccc1,CC(C)O,fb-fit-v0-single-mean-k20,2,1.258014611508533,0.0315995372212972,1.1352,0.0124
8209,1279,dens_91454082453656404,124,Density,<Substance CC(=O)c1ccccc1{solv}{x=0.756100}|CC(C)O{solv}{x=0.243900}>,CC(=O)c1ccccc1,CC(C)O,fb-fit-v0-single-mean-k20,2,0.9819594169410126,0.0002168607686557,0.9823500000000004,0.000175
8210,1280,dens_152869924254680766,125,Density,<Substance CC(=O)c1ccccc1{solv}{x=0.251700}|CC(C)O{solv}{x=0.748300}>,CC(=O)c1ccccc1,CC(C)O,fb-fit-v0-single-mean-k20,2,0.8787137818131066,0.0002292983955818,0.8654400000000002,0.000245
8211,1281,dhmix_1214494501247401592,126,EnthalpyOfMixing,<Substance CC(=O)c1ccccc1{solv}{x=0.499600}|CC(C)O{solv}{x=0.500400}>,CC(=O)c1ccccc1,CC(C)O,fb-fit-v0-single-mean-k20,2,1.6064197463096903,0.0344789956959124,1.5703,0.0169
8212,1282,dhmix_1482394504883204224,127,EnthalpyOfMixing,<Substance CC(=O)c1ccccc1{solv}{x=0.700600}|CC(C)O{solv}{x=0.299400}>,CC(=O)c1ccccc1,CC(C)O,fb-fit-v0-single-mean-k20,2,1.392307136500648,0.0467088765971722,1.3758,0.01485
8213,1283,dens_1804860114822214449,128,Density,<Substance CC(=O)c1ccccc1{solv}{x=0.534500}|CC(C)O{solv}{x=0.465500}>,CC(=O)c1ccccc1,CC(C)O,fb-fit-v0-single-mean-k20,2,0.9433371219138662,0.0001877683709464,0.9375600000000002,0.0002
8214,1284,dhmix_47323681380989568,129,EnthalpyOfMixing,<Substance CCCCCCCCCl{solv}{x=0.498000}|CN(C)C=O{solv}{x=0.502000}>,CCCCCCCCCl,CN(C)C=O,fb-fit-v0-single-mean-k20,2,1.4553859320427025,0.0418703210719629,1.087,0.0045
8215,1285,dhmix_620291288515939248,130,EnthalpyOfMixing,<Substance CCCCCCCCCl{solv}{x=0.790000}|CN(C)C=O{solv}{x=0.210000}>,CCCCCCCCCl,CN(C)C=O,fb-fit-v0-single-mean-k20,2,1.00075744776656,0.0500036400000365,0.68,0.0045
8216,1286,dens_1830564734879843336,131,Density,<Substance CCCCCCCCCl{solv}{x=0.733100}|CN(C)C=O{solv}{x=0.266900}>,CCCCCCCCCl,CN(C)C=O,fb-fit-v0-single-mean-k20,2,0.8762163965598395,0.0001911725237363,0.8779000000000002,0.00045
8217,1287,dens_1865569264533219410,132,Density,<Substance CCCCCCCCCl{solv}{x=0.500800}|CN(C)C=O{solv}{x=0.499200}>,CCCCCCCCCl,CN(C)C=O,fb-fit-v0-single-mean-k20,2,0.8840194280642142,0.0001970183705878,0.8897000000000003,0.0004
8218,1288,dens_1893252821735673677,133,Density,<Substance CCCCCCCCCl{solv}{x=0.199800}|CN(C)C=O{solv}{x=0.800200}>,CCCCCCCCCl,CN(C)C=O,fb-fit-v0-single-mean-k20,2,0.900480611325206,0.0002393580936673,0.9149000000000002,0.0003
8219,1289,dhmix_2175249209874409534,134,EnthalpyOfMixing,<Substance CCCCCCCCCl{solv}{x=0.205000}|CN(C)C=O{solv}{x=0.795000}>,CCCCCCCCCl,CN(C)C=O,fb-fit-v0-single-mean-k20,2,1.0212270324759911,0.038833583060996,0.79,0.0045
8220,1290,dens_47347406470845261,135,Density,<Substance BrCCCBr{solv}{x=0.748600}|COC=O{solv}{x=0.251400}>,BrCCCBr,COC=O,fb-fit-v0-single-mean-k20,2,1.7808695138925068,0.0005118767563133,1.7969200000000003,0.00306
8221,1291,dens_398260729245374704,136,Density,<Substance BrCCCBr{solv}{x=0.472200}|COC=O{solv}{x=0.527800}>,BrCCCBr,COC=O,fb-fit-v0-single-mean-k20,2,1.5579783620885406,0.0004763055195544,1.5585100000000005,0.001985
8222,1292,dhmix_1440467239786579925,137,EnthalpyOfMixing,<Substance BrCCCBr{solv}{x=0.735400}|COC=O{solv}{x=0.264600}>,BrCCCBr,COC=O,fb-fit-v0-single-mean-k20,2,0.6759439879071074,0.0363934166536184,0.7435,0.00655
8223,1293,dens_1812113401512645360,138,Density,<Substance BrCCCBr{solv}{x=0.204700}|COC=O{solv}{x=0.795300}>,BrCCCBr,COC=O,fb-fit-v0-single-mean-k20,2,1.275739841950491,0.000389264952844,1.2611800000000004,0.001025
8224,1294,dhmix_2252268161220427112,139,EnthalpyOfMixing,<Substance BrCCCBr{solv}{x=0.485300}|COC=O{solv}{x=0.514700}>,BrCCCBr,COC=O,fb-fit-v0-single-mean-k20,2,0.9497657851052176,0.0357380342937285,0.9249,0.00795
8225,1295,dhmix_2289960806584862127,140,EnthalpyOfMixing,<Substance BrCCCBr{solv}{x=0.239500}|COC=O{solv}{x=0.760500}>,BrCCCBr,COC=O,fb-fit-v0-single-mean-k20,2,0.5632978195000522,0.033523797359456,0.6669,0.00595
8226,1296,dens_52148744845178727,141,Density,<Substance CC(=O)CC(C)C{solv}{x=0.700900}|CCC(C)(C)O{solv}{x=0.299100}>,CC(=O)CC(C)C,CCC(C)(C)O,fb-fit-v0-single-mean-k20,2,0.8065849087345528,0.0001679288415615,0.7968700000000002,0.00018
8227,1297,dhmix_202225007451030020,142,EnthalpyOfMixing,<Substance CC(=O)CC(C)C{solv}{x=0.201700}|CCC(C)(C)O{solv}{x=0.798300}>,CC(=O)CC(C)C,CCC(C)(C)O,fb-fit-v0-single-mean-k20,2,0.1693384877762946,0.0452009721884188,0.8181,0.01135
8228,1298,dens_938275493819605051,143,Density,<Substance CC(=O)CC(C)C{solv}{x=0.500800}|CCC(C)(C)O{solv}{x=0.499200}>,CC(=O)CC(C)C,CCC(C)(C)O,fb-fit-v0-single-mean-k20,2,0.8108844222101735,0.0002079600523261,0.7987300000000002,0.00018
8229,1299,dhmix_998794233701009996,144,EnthalpyOfMixing,<Substance CC(=O)CC(C)C{solv}{x=0.500800}|CCC(C)(C)O{solv}{x=0.499200}>,CC(=O)CC(C)C,CCC(C)(C)O,fb-fit-v0-single-mean-k20,2,0.7300600288743464,0.0456298351683246,1.3674,0.0185
8230,1300,dhmix_1565593158104493647,145,EnthalpyOfMixing,<Substance CC(=O)CC(C)C{solv}{x=0.700900}|CCC(C)(C)O{solv}{x=0.299100}>,CC(=O)CC(C)C,CCC(C)(C)O,fb-fit-v0-single-mean-k20,2,0.7041531871693518,0.0465252722104667,1.2068,0.0164
8231,1301,dens_2097057526665137697,146,Density,<Substance CC(=O)CC(C)C{solv}{x=0.201700}|CCC(C)(C)O{solv}{x=0.798300}>,CC(=O)CC(C)C,CCC(C)(C)O,fb-fit-v0-single-mean-k20,2,0.8182001560999784,0.0002179986417578,0.8030000000000002,0.00019
8232,1302,dens_60145312697659458,147,Density,<Substance OC1=NCCC1{solv}{x=0.231200}|c1ccncc1{solv}{x=0.768800}>,OC1=NCCC1,c1ccncc1,fb-fit-v0-single-mean-k20,2,0.9975449694724848,0.0002436192376939,1.0106200000000003,0.00051
8233,1303,dhmix_281987656487279026,148,EnthalpyOfMixing,<Substance OC1=NCCC1{solv}{x=0.525600}|c1ccncc1{solv}{x=0.474400}>,OC1=NCCC1,c1ccncc1,fb-fit-v0-single-mean-k20,2,0.0852642470683804,0.0388887236161465,0.2031,0.0508
8234,1304,dens_617740093035429712,149,Density,<Substance OC1=NCCC1{solv}{x=0.831200}|c1ccncc1{solv}{x=0.168800}>,OC1=NCCC1,c1ccncc1,fb-fit-v0-single-mean-k20,2,1.0449022174423932,0.0001969808186631,1.0872000000000004,0.00052
8235,1305,dhmix_658699797311871042,150,EnthalpyOfMixing,<Substance OC1=NCCC1{solv}{x=0.261500}|c1ccncc1{solv}{x=0.738500}>,OC1=NCCC1,c1ccncc1,fb-fit-v0-single-mean-k20,2,0.1569078209745456,0.0408572613028708,0.165,0.04125
8236,1306,dhmix_774470106511868908,151,EnthalpyOfMixing,<Substance OC1=NCCC1{solv}{x=0.831100}|c1ccncc1{solv}{x=0.168900}>,OC1=NCCC1,c1ccncc1,fb-fit-v0-single-mean-k20,2,0.0379648933375449,0.0373090391600311,0.0972,0.0243
8237,1307,dens_1837977312272564303,152,Density,<Substance OC1=NCCC1{solv}{x=0.475200}|c1ccncc1{solv}{x=0.524800}>,OC1=NCCC1,c1ccncc1,fb-fit-v0-single-mean-k20,2,1.0177344565750766,0.0001968549444527,1.0431300000000003,0.000515
8238,1308,dens_64870336397637683,153,Density,<Substance NCCCO{solv}{x=0.489642}|O{solv}{x=0.510358}>,NCCCO,O,fb-fit-v0-single-mean-k20,2,1.0216543883122755,0.000334497349257,1.0059000000000002,0.00155
8239,1309,dens_70371380055449550,154,Density,<Substance NCCCO{solv}{x=0.708044}|O{solv}{x=0.291956}>,NCCCO,O,fb-fit-v0-single-mean-k20,2,1.0241811422934008,0.0004187004196849,0.9975000000000004,0.0018
8240,1310,dhmix_150384853762728924,155,EnthalpyOfMixing,<Substance NCCCO{solv}{x=0.751500}|O{solv}{x=0.248500}>,NCCCO,O,fb-fit-v0-single-mean-k20,2,-0.7558964429628432,0.0435169833801602,-1.531,0.031
8241,1311,dens_847209819230970781,156,Density,<Substance NCCCO{solv}{x=0.272809}|O{solv}{x=0.727191}>,NCCCO,O,fb-fit-v0-single-mean-k20,2,1.014600432112564,0.0003595652606641,1.0118000000000005,0.0014
8242,1312,dhmix_1448036989335532298,157,EnthalpyOfMixing,<Substance NCCCO{solv}{x=0.298200}|O{solv}{x=0.701800}>,NCCCO,O,fb-fit-v0-single-mean-k20,2,-0.8896994376215694,0.0278786131243279,-2.501,0.051
8243,1313,dhmix_1551692974855642379,158,EnthalpyOfMixing,<Substance NCCCO{solv}{x=0.498900}|O{solv}{x=0.501100}>,NCCCO,O,fb-fit-v0-single-mean-k20,2,-0.9854837905155128,0.0369569782661864,-2.462,0.05
8244,1314,dhmix_65921650414250861,159,EnthalpyOfMixing,<Substance CCOC(=O)CC(C)=O{solv}{x=0.499500}|CCO{solv}{x=0.500500}>,CCO,CCOC(=O)CC(C)=O,fb-fit-v0-single-mean-k20,2,1.7896224572591564,0.0464331220442112,1.7079,0.0183
8245,1315,dhmix_546962203716710778,160,EnthalpyOfMixing,<Substance CCOC(=O)CC(C)=O{solv}{x=0.299400}|CCO{solv}{x=0.700600}>,CCO,CCOC(=O)CC(C)=O,fb-fit-v0-single-mean-k20,2,1.7294739685396934,0.0366452430795942,1.4925,0.01605
8246,1316,dens_989479368116300355,161,Density,<Substance CCOC(=O)CC(C)=O{solv}{x=0.500000}|CCO{solv}{x=0.500000}>,CCO,CCOC(=O)CC(C)=O,fb-fit-v0-single-mean-k20,2,0.9535241022626436,0.0002322969339213,0.9484700000000004,0.000155
8247,1317,dens_1726065156375824332,162,Density,<Substance CCOC(=O)CC(C)=O{solv}{x=0.250000}|CCO{solv}{x=0.750000}>,CCO,CCOC(=O)CC(C)=O,fb-fit-v0-single-mean-k20,2,0.8899252806320744,0.0002832859619268,0.8856300000000003,0.00017
8248,1318,dens_1736679431098209973,163,Density,<Substance CCOC(=O)CC(C)=O{solv}{x=0.750000}|CCO{solv}{x=0.250000}>,CCO,CCOC(=O)CC(C)=O,fb-fit-v0-single-mean-k20,2,0.9963622753272898,0.000210998309126,0.9917100000000004,0.00017
8249,1319,dhmix_2221487218644783272,164,EnthalpyOfMixing,<Substance CCOC(=O)CC(C)=O{solv}{x=0.700800}|CCO{solv}{x=0.299200}>,CCO,CCOC(=O)CC(C)=O,fb-fit-v0-single-mean-k20,2,1.4072390496194205,0.0419422359738332,1.478,0.0159
8250,1320,dhmix_68947190908856741,165,EnthalpyOfMixing,<Substance C1COCCO1{solv}{x=0.250000}|O=C1CCCC1{solv}{x=0.750000}>,C1COCCO1,O=C1CCCC1,fb-fit-v0-single-mean-k20,2,0.0481088988399207,0.040897011132248,0.04589,0.00057
8251,1321,dens_225413782402822877,166,Density,<Substance C1COCCO1{solv}{x=0.777800}|O=C1CCCC1{solv}{x=0.222200}>,C1COCCO1,O=C1CCCC1,fb-fit-v0-single-mean-k20,2,1.0034356573410932,0.0002582429139883,1.0081000000000002,0.000255
8252,1322,dhmix_415496698649060745,167,EnthalpyOfMixing,<Substance C1COCCO1{solv}{x=0.500000}|O=C1CCCC1{solv}{x=0.500000}>,C1COCCO1,O=C1CCCC1,fb-fit-v0-single-mean-k20,2,0.0218619035962035,0.0389648899176371,0.07457,0.00068
8253,1323,dens_803440153424346423,168,Density,<Substance C1COCCO1{solv}{x=0.506300}|O=C1CCCC1{solv}{x=0.493700}>,C1COCCO1,O=C1CCCC1,fb-fit-v0-single-mean-k20,2,0.9772435468619404,0.0002643788630679,0.9849200000000002,0.00025
8254,1324,dens_1553194080174872005,169,Density,<Substance C1COCCO1{solv}{x=0.243600}|O=C1CCCC1{solv}{x=0.756400}>,C1COCCO1,O=C1CCCC1,fb-fit-v0-single-mean-k20,2,0.9527472762934998,0.0002377956744061,0.9633500000000004,0.000245
8255,1325,dhmix_1852349497898107924,170,EnthalpyOfMixing,<Substance C1COCCO1{solv}{x=0.750000}|O=C1CCCC1{solv}{x=0.250000}>,C1COCCO1,O=C1CCCC1,fb-fit-v0-single-mean-k20,2,0.0816066199899125,0.0391668513587546,0.07097,0.000665
8256,1326,dhmix_71170350241685196,171,EnthalpyOfMixing,<Substance COC(C)(C)C{solv}{x=0.749000}|ClC(Cl)Cl{solv}{x=0.251000}>,COC(C)(C)C,ClC(Cl)Cl,fb-fit-v0-single-mean-k20,2,-0.9171684489304432,0.0441357220126623,-1.9,0.077
8257,1327,dens_554111049740737271,172,Density,<Substance COC(C)(C)C{solv}{x=0.454000}|ClC(Cl)Cl{solv}{x=0.546000}>,COC(C)(C)C,ClC(Cl)Cl,fb-fit-v0-single-mean-k20,2,1.105352685586001,0.0004094190695289,1.0838000000000003,0.00015
8258,1328,dhmix_1691495556773848750,173,EnthalpyOfMixing,<Substance COC(C)(C)C{solv}{x=0.484000}|ClC(Cl)Cl{solv}{x=0.516000}>,COC(C)(C)C,ClC(Cl)Cl,fb-fit-v0-single-mean-k20,2,-1.3756507191840903,0.0290123426380274,-2.1,0.0845
8259,1329,dens_1874337336846858625,174,Density,<Substance COC(C)(C)C{solv}{x=0.276000}|ClC(Cl)Cl{solv}{x=0.724000}>,COC(C)(C)C,ClC(Cl)Cl,fb-fit-v0-single-mean-k20,2,1.2562899027455778,0.0004516189055875,1.2259000000000004,0.0002
8260,1330,dens_2136498248834183810,175,Density,<Substance COC(C)(C)C{solv}{x=0.728600}|ClC(Cl)Cl{solv}{x=0.271400}>,COC(C)(C)C,ClC(Cl)Cl,fb-fit-v0-single-mean-k20,2,0.906634785113461,0.0003110317722021,0.8956000000000003,0.00015
8261,1331,dhmix_2232264038422377060,176,EnthalpyOfMixing,<Substance COC(C)(C)C{solv}{x=0.220000}|ClC(Cl)Cl{solv}{x=0.780000}>,COC(C)(C)C,ClC(Cl)Cl,fb-fit-v0-single-mean-k20,2,-0.940692591987922,0.0311356831756193,-1.5,0.0605
8262,1332,dhmix_73322629991074290,177,EnthalpyOfMixing,<Substance CCC(C)=O{solv}{x=0.212400}|CCN(CC)CC{solv}{x=0.787600}>,CCC(C)=O,CCN(CC)CC,fb-fit-v0-single-mean-k20,2,0.3222821165251091,0.0443872952979481,0.57,0.006
8263,1333,dens_317201778138256714,178,Density,<Substance CCC(C)=O{solv}{x=0.261000}|CCN(CC)CC{solv}{x=0.739000}>,CCC(C)=O,CCN(CC)CC,fb-fit-v0-single-mean-k20,2,0.7432551515654646,0.0002085432541869,0.7361510000000001,0.000106
8264,1334,dens_544322850735592196,179,Density,<Substance CCC(C)=O{solv}{x=0.510600}|CCN(CC)CC{solv}{x=0.489400}>,CCC(C)=O,CCN(CC)CC,fb-fit-v0-single-mean-k20,2,0.7553281525459955,0.0002152884243868,0.7527560000000002,0.0001045
8265,1335,dhmix_690665189446107141,180,EnthalpyOfMixing,<Substance CCC(C)=O{solv}{x=0.496700}|CCN(CC)CC{solv}{x=0.503300}>,CCC(C)=O,CCN(CC)CC,fb-fit-v0-single-mean-k20,2,0.4121294125569186,0.0364699556112545,0.746,0.008
8266,1336,dhmix_935249702283890201,181,EnthalpyOfMixing,<Substance CCC(C)=O{solv}{x=0.789300}|CCN(CC)CC{solv}{x=0.210700}>,CCC(C)=O,CCN(CC)CC,fb-fit-v0-single-mean-k20,2,0.3301266226850634,0.0380298462954553,0.455,0.005
8267,1337,dens_1635002920322954883,182,Density,<Substance CCC(C)=O{solv}{x=0.760400}|CCN(CC)CC{solv}{x=0.239600}>,CCC(C)=O,CCN(CC)CC,fb-fit-v0-single-mean-k20,2,0.7702667350393494,0.0002556988663328,0.7738830000000002,9.900000000000003e-05
8268,1338,dhmix_76833325524040726,183,EnthalpyOfMixing,<Substance C1CCCCC1{solv}{x=0.260600}|c1ccccc1{solv}{x=0.739400}>,C1CCCCC1,c1ccccc1,fb-fit-v0-single-mean-k20,2,0.7797886228925677,0.0430944311910363,0.6282,0.00695
8269,1339,dens_330305790736126156,184,Density,<Substance C1CCCCC1{solv}{x=0.499600}|c1ccccc1{solv}{x=0.500400}>,C1CCCCC1,c1ccccc1,fb-fit-v0-single-mean-k20,2,0.8150079138444122,0.0002269656835338,0.8136000000000002,0.0002
8270,1340,dhmix_460305358266375837,185,EnthalpyOfMixing,<Substance C1CCCCC1{solv}{x=0.766800}|c1ccccc1{solv}{x=0.233200}>,C1CCCCC1,c1ccccc1,fb-fit-v0-single-mean-k20,2,0.7235868924027642,0.043373853256536,0.5517,0.00725
8271,1341,dens_1579941980285561951,186,Density,<Substance C1CCCCC1{solv}{x=0.249800}|c1ccccc1{solv}{x=0.750200}>,C1CCCCC1,c1ccccc1,fb-fit-v0-single-mean-k20,2,0.8471086825976687,0.00023809308232,0.8405780000000002,7.05e-05
8272,1342,dhmix_1824194485055356086,187,EnthalpyOfMixing,<Substance C1CCCCC1{solv}{x=0.501200}|c1ccccc1{solv}{x=0.498800}>,C1CCCCC1,c1ccccc1,fb-fit-v0-single-mean-k20,2,1.0865738322631555,0.0411976749767407,0.7893,0.00655
8273,1343,dens_1871885279620492514,188,Density,<Substance C1CCCCC1{solv}{x=0.732300}|c1ccccc1{solv}{x=0.267700}>,C1CCCCC1,c1ccccc1,fb-fit-v0-single-mean-k20,2,0.7905433609401396,0.0002060152579017,0.7929200000000002,7.450000000000001e-05
8274,1344,dens_78518696584109468,189,Density,<Substance CN(CCO)CCO{solv}{x=0.743000}|O{solv}{x=0.257000}>,CN(CCO)CCO,O,fb-fit-v0-single-mean-k20,2,1.053244299508055,0.0002594897497509,1.0405100000000005,0.000286
8275,1345,dens_169053214615075062,190,Density,<Substance CN(CCO)CCO{solv}{x=0.257100}|O{solv}{x=0.742900}>,CN(CCO)CCO,O,fb-fit-v0-single-mean-k20,2,1.0439307023678168,0.0002740869958117,1.0522550000000004,0.000221
8276,1346,dhmix_750283179383190388,191,EnthalpyOfMixing,<Substance CN(CCO)CCO{solv}{x=0.741100}|O{solv}{x=0.258900}>,CN(CCO)CCO,O,fb-fit-v0-single-mean-k20,2,-0.7116532780559339,0.0542187460060521,-1.154,0.0125
8277,1347,dhmix_1537351248216247854,192,EnthalpyOfMixing,<Substance CN(CCO)CCO{solv}{x=0.259300}|O{solv}{x=0.740700}>,CN(CCO)CCO,O,fb-fit-v0-single-mean-k20,2,-1.384988841633522,0.0265670250628202,-2.271,0.046
8278,1348,dens_1700904374078825036,193,Density,<Substance CN(CCO)CCO{solv}{x=0.484900}|O{solv}{x=0.515100}>,CN(CCO)CCO,O,fb-fit-v0-single-mean-k20,2,1.0492645181849,0.0005704576889286,1.048636,0.0002475
8279,1349,dhmix_1761290393567900831,194,EnthalpyOfMixing,<Substance CN(CCO)CCO{solv}{x=0.494100}|O{solv}{x=0.505900}>,CN(CCO)CCO,O,fb-fit-v0-single-mean-k20,2,-1.8602073166819368,0.0469518992720502,-2.072,0.042
8280,1350,dhmix_81883535492439507,195,EnthalpyOfMixing,<Substance C1COCO1{solv}{x=0.200000}|O=C1CCCC1{solv}{x=0.800000}>,C1COCO1,O=C1CCCC1,fb-fit-v0-single-mean-k20,2,-0.0130431090965146,0.0403032269158837,-0.00853,0.000425
8281,1351,dens_192935635984964537,196,Density,<Substance C1COCO1{solv}{x=0.509000}|O=C1CCCC1{solv}{x=0.491000}>,C1COCO1,O=C1CCCC1,fb-fit-v0-single-mean-k20,2,0.9930107535329976,0.0002759045488226,0.9954700000000004,0.000255
8282,1352,dhmix_309530351940031317,197,EnthalpyOfMixing,<Substance C1COCO1{solv}{x=0.700000}|O=C1CCCC1{solv}{x=0.300000}>,C1COCO1,O=C1CCCC1,fb-fit-v0-single-mean-k20,2,-0.0248079983852989,0.0380382226349315,-0.02292,0.00048
8283,1353,dhmix_1480225642523009634,198,EnthalpyOfMixing,<Substance C1COCO1{solv}{x=0.500000}|O=C1CCCC1{solv}{x=0.500000}>,C1COCO1,O=C1CCCC1,fb-fit-v0-single-mean-k20,2,-0.0466965245294304,0.0353868807458605,-0.02181,0.000475
8284,1354,dens_1663189314624242951,199,Density,<Substance C1COCO1{solv}{x=0.225100}|O=C1CCCC1{solv}{x=0.774900}>,C1COCO1,O=C1CCCC1,fb-fit-v0-single-mean-k20,2,0.956334421665346,0.0002481848152979,0.9652800000000002,0.000245
8285,1355,dens_1684591254659727640,200,Density,<Substance C1COCO1{solv}{x=0.789100}|O=C1CCCC1{solv}{x=0.210900}>,C1COCO1,O=C1CCCC1,fb-fit-v0-single-mean-k20,2,1.0363814866880914,0.0002518142343964,1.02957,0.00026
8286,1356,dens_82854054922011802,201,Density,<Substance c1cc[nH]c1{solv}{x=0.542600}|c1ccncc1{solv}{x=0.457400}>,c1cc[nH]c1,c1ccncc1,fb-fit-v0-single-mean-k20,2,0.9780587107397456,0.0003021446902113,0.9706400000000002,5.5000000000000016e-05
8287,1357,dens_332042143272324658,202,Density,<Substance c1cc[nH]c1{solv}{x=0.755400}|c1ccncc1{solv}{x=0.244600}>,c1cc[nH]c1,c1ccncc1,fb-fit-v0-single-mean-k20,2,0.9784955947024156,0.0002777695324578,0.9676900000000004,5.5000000000000016e-05
8288,1358,dhmix_582184351339863568,203,EnthalpyOfMixing,<Substance c1cc[nH]c1{solv}{x=0.760200}|c1ccncc1{solv}{x=0.239800}>,c1cc[nH]c1,c1ccncc1,fb-fit-v0-single-mean-k20,2,-0.0290229602494846,0.038057582637054,-1.6452,0.01075
8289,1359,dhmix_809205277185290719,204,EnthalpyOfMixing,<Substance c1cc[nH]c1{solv}{x=0.509500}|c1ccncc1{solv}{x=0.490500}>,c1cc[nH]c1,c1ccncc1,fb-fit-v0-single-mean-k20,2,-0.0783983058409252,0.033828197062619,-2.649,0.01645
8290,1360,dens_1187941919350264461,205,Density,<Substance c1cc[nH]c1{solv}{x=0.227300}|c1ccncc1{solv}{x=0.772700}>,c1cc[nH]c1,c1ccncc1,fb-fit-v0-single-mean-k20,2,0.976301421883399,0.0001748214889111,0.9755600000000002,5.5000000000000016e-05
8291,1361,dhmix_2302696180464118683,206,EnthalpyOfMixing,<Substance c1cc[nH]c1{solv}{x=0.239500}|c1ccncc1{solv}{x=0.760500}>,c1cc[nH]c1,c1ccncc1,fb-fit-v0-single-mean-k20,2,-0.0365122087331748,0.041619973989259,-1.7662,0.01145
8292,1362,dhmix_84488753175979819,207,EnthalpyOfMixing,<Substance C1CCOCC1{solv}{x=0.500000}|CCO{solv}{x=0.500000}>,C1CCOCC1,CCO,fb-fit-v0-single-mean-k20,2,0.9075716609143818,0.0367021462499317,0.8491,0.00794
8293,1363,dens_904236164857914889,208,Density,<Substance C1CCOCC1{solv}{x=0.701000}|CCO{solv}{x=0.299000}>,C1CCOCC1,CCO,fb-fit-v0-single-mean-k20,2,0.854301893604192,0.0002617639264853,0.8595400000000002,8.500000000000002e-05
8294,1364,dhmix_923986751684807715,209,EnthalpyOfMixing,<Substance C1CCOCC1{solv}{x=0.750000}|CCO{solv}{x=0.250000}>,C1CCOCC1,CCO,fb-fit-v0-single-mean-k20,2,0.9130797181816206,0.042903924894297,0.75364,0.007115
8295,1365,dhmix_927648698725704337,210,EnthalpyOfMixing,<Substance C1CCOCC1{solv}{x=0.250000}|CCO{solv}{x=0.750000}>,C1CCOCC1,CCO,fb-fit-v0-single-mean-k20,2,0.6941006138903578,0.0302751726908091,0.57017,0.00553
8296,1366,dens_1095414448718823860,211,Density,<Substance C1CCOCC1{solv}{x=0.504000}|CCO{solv}{x=0.496000}>,C1CCOCC1,CCO,fb-fit-v0-single-mean-k20,2,0.8389224653003596,0.0002661570376597,0.8440100000000001,0.0001
8297,1367,dens_1309012152943788187,212,Density,<Substance C1CCOCC1{solv}{x=0.284000}|CCO{solv}{x=0.716000}>,C1CCOCC1,CCO,fb-fit-v0-single-mean-k20,2,0.819741037262849,0.000290458402769,0.8227400000000002,0.00012
8298,1368,dens_88489471162801298,213,Density,<Substance CC(C)=O{solv}{x=0.248400}|Nc1ccccc1{solv}{x=0.751600}>,CC(C)=O,Nc1ccccc1,fb-fit-v0-single-mean-k20,2,1.0040341130287638,0.000206318468551,0.9768950000000002,0.0001055
8299,1369,dens_892449093930393176,214,Density,<Substance CC(C)=O{solv}{x=0.411400}|Nc1ccccc1{solv}{x=0.588600}>,CC(C)=O,Nc1ccccc1,fb-fit-v0-single-mean-k20,2,0.96388115079054,0.0002592040889457,0.9457730000000002,0.0001285
8300,1370,dens_1087594007698023193,215,Density,<Substance CC(C)=O{solv}{x=0.699300}|Nc1ccccc1{solv}{x=0.300700}>,CC(C)=O,Nc1ccccc1,fb-fit-v0-single-mean-k20,2,0.8844611389444832,0.0002479995238343,0.8786430000000003,0.000178
8301,1371,dhmix_1461699545612032563,216,EnthalpyOfMixing,<Substance CC(C)=O{solv}{x=0.214500}|Nc1ccccc1{solv}{x=0.785500}>,CC(C)=O,Nc1ccccc1,fb-fit-v0-single-mean-k20,2,-0.2242172397983921,0.0406375389750567,-0.746,0.008
8302,1372,dhmix_1577476208805542019,217,EnthalpyOfMixing,<Substance CC(C)=O{solv}{x=0.699100}|Nc1ccccc1{solv}{x=0.300900}>,CC(C)=O,Nc1ccccc1,fb-fit-v0-single-mean-k20,2,-0.690790215209816,0.0377161005247467,-1.076,0.0115
8303,1373,dhmix_2267661763264899390,218,EnthalpyOfMixing,<Substance CC(C)=O{solv}{x=0.410700}|Nc1ccccc1{solv}{x=0.589300}>,CC(C)=O,Nc1ccccc1,fb-fit-v0-single-mean-k20,2,-0.4995190391078807,0.0336585482849888,-1.165,0.0125
8304,1374,dhmix_90851537891129625,219,EnthalpyOfMixing,<Substance C1CCOCC1{solv}{x=0.268300}|Cc1ccccn1{solv}{x=0.731700}>,C1CCOCC1,Cc1ccccn1,fb-fit-v0-single-mean-k20,2,-0.0219162068366465,0.043992772273966,0.1057,0.00105
8305,1375,dhmix_975790739707505549,220,EnthalpyOfMixing,<Substance C1CCOCC1{solv}{x=0.482200}|Cc1ccccn1{solv}{x=0.517800}>,C1CCOCC1,Cc1ccccn1,fb-fit-v0-single-mean-k20,2,0.0462489434559495,0.0403409220160439,0.1728,0.00135
8306,1376,dens_981500521813591443,221,Density,<Substance C1CCOCC1{solv}{x=0.491600}|Cc1ccccn1{solv}{x=0.508400}>,C1CCOCC1,Cc1ccccn1,fb-fit-v0-single-mean-k20,2,0.9084600546411628,0.0002307051037446,0.910915,0.000475
8307,1377,dens_1237050172671894703,222,Density,<Substance C1CCOCC1{solv}{x=0.237300}|Cc1ccccn1{solv}{x=0.762700}>,C1CCOCC1,Cc1ccccn1,fb-fit-v0-single-mean-k20,2,0.9246399396755188,0.0002464661329989,0.9261620000000004,0.0004855
8308,1378,dhmix_1841520238596708010,223,EnthalpyOfMixing,<Substance C1CCOCC1{solv}{x=0.821600}|Cc1ccccn1{solv}{x=0.178400}>,C1CCOCC1,Cc1ccccn1,fb-fit-v0-single-mean-k20,2,0.0016232879028095,0.0439871346973846,0.1352,0.0012
8309,1379,dens_1852422594896475094,224,Density,<Substance C1CCOCC1{solv}{x=0.821900}|Cc1ccccn1{solv}{x=0.178100}>,C1CCOCC1,Cc1ccccn1,fb-fit-v0-single-mean-k20,2,0.8753182545458918,0.0002789831698526,0.8802920000000002,0.000454
8310,1380,dhmix_93676522673462266,225,EnthalpyOfMixing,<Substance CC(=O)N(C)C{solv}{x=0.702000}|ClCCCl{solv}{x=0.298000}>,CC(=O)N(C)C,ClCCCl,fb-fit-v0-single-mean-k20,2,-0.5381803283824524,0.0369084347468733,-0.706,0.004
8311,1381,dens_466640151895915379,226,Density,<Substance CC(=O)N(C)C{solv}{x=0.499900}|ClCCCl{solv}{x=0.500100}>,CC(=O)N(C)C,ClCCCl,fb-fit-v0-single-mean-k20,2,1.0545702956978047,0.0003250287116466,1.0774000000000004,0.00325
8312,1382,dhmix_504891727488256514,227,EnthalpyOfMixing,<Substance CC(=O)N(C)C{solv}{x=0.202000}|ClCCCl{solv}{x=0.798000}>,CC(=O)N(C)C,ClCCCl,fb-fit-v0-single-mean-k20,2,-0.3646974925651935,0.03467883531413,-0.586,0.004
8313,1383,dens_1432716574300574119,228,Density,<Substance CC(=O)N(C)C{solv}{x=0.298800}|ClCCCl{solv}{x=0.701200}>,CC(=O)N(C)C,ClCCCl,fb-fit-v0-single-mean-k20,2,1.122999101842038,0.0003655032110875,1.1413000000000002,0.00345
8314,1384,dens_1909242265481868478,229,Density,<Substance CC(=O)N(C)C{solv}{x=0.700800}|ClCCCl{solv}{x=0.299200}>,CC(=O)N(C)C,ClCCCl,fb-fit-v0-single-mean-k20,2,0.9905515939369782,0.0002641545091782,1.0181000000000002,0.00305
8315,1385,dhmix_2201663021806040380,230,EnthalpyOfMixing,<Substance CC(=O)N(C)C{solv}{x=0.500000}|ClCCCl{solv}{x=0.500000}>,CC(=O)N(C)C,ClCCCl,fb-fit-v0-single-mean-k20,2,-0.55780088727807,0.0286513299512692,-0.885,0.004
8316,1386,dhmix_101847702994296892,231,EnthalpyOfMixing,<Substance CCCCCCCl{solv}{x=0.790000}|CN1CCCC1=O{solv}{x=0.210000}>,CCCCCCCl,CN1CCCC1=O,fb-fit-v0-single-mean-k20,2,0.7775584208272477,0.0490335624090231,0.232,0.0025
8317,1387,dhmix_275814181113182192,232,EnthalpyOfMixing,<Substance CCCCCCCl{solv}{x=0.497000}|CN1CCCC1=O{solv}{x=0.503000}>,CCCCCCCl,CN1CCCC1=O,fb-fit-v0-single-mean-k20,2,0.9996145736537656,0.044155043390656,0.416,0.0025
8318,1388,dens_441375838683668512,233,Density,<Substance CCCCCCCl{solv}{x=0.499300}|CN1CCCC1=O{solv}{x=0.500700}>,CCCCCCCl,CN1CCCC1=O,fb-fit-v0-single-mean-k20,2,0.931948902746863,0.0002208079155689,0.9389000000000002,0.0002
8319,1389,dhmix_840847840731542643,234,EnthalpyOfMixing,<Substance CCCCCCCl{solv}{x=0.203000}|CN1CCCC1=O{solv}{x=0.797000}>,CCCCCCCl,CN1CCCC1=O,fb-fit-v0-single-mean-k20,2,0.8738994370237414,0.046990000522117,0.319,0.0025
8320,1390,dens_1314691253679633833,235,Density,<Substance CCCCCCCl{solv}{x=0.298400}|CN1CCCC1=O{solv}{x=0.701600}>,CCCCCCCl,CN1CCCC1=O,fb-fit-v0-single-mean-k20,2,0.9601410968450008,0.0002083145975765,0.9715000000000004,0.0002
8321,1391,dens_1366683244756558841,236,Density,<Substance CCCCCCCl{solv}{x=0.801200}|CN1CCCC1=O{solv}{x=0.198800}>,CCCCCCCl,CN1CCCC1=O,fb-fit-v0-single-mean-k20,2,0.8936446800547856,0.0002421604073099,0.8970000000000002,0.0003
8322,1392,dhmix_107460606439569535,237,EnthalpyOfMixing,<Substance C1COCCO1{solv}{x=0.572500}|O=C1CCCCCC1{solv}{x=0.427500}>,C1COCCO1,O=C1CCCCCC1,fb-fit-v0-single-mean-k20,2,0.2328886136600516,0.0362344086700978,0.1032,0.00125
8323,1393,dens_229535957420918177,238,Density,<Substance C1COCCO1{solv}{x=0.748900}|O=C1CCCCCC1{solv}{x=0.251100}>,C1COCCO1,O=C1CCCCCC1,fb-fit-v0-single-mean-k20,2,0.9949717211159816,0.0001853555768162,0.9994100000000002,0.00051
8324,1394,dhmix_1101001475632451077,239,EnthalpyOfMixing,<Substance C1COCCO1{solv}{x=0.225200}|O=C1CCCCCC1{solv}{x=0.774800}>,C1COCCO1,O=C1CCCCCC1,fb-fit-v0-single-mean-k20,2,0.1952047403071333,0.0440391387819422,0.0783,0.001
8325,1395,dens_1711999737319704820,240,Density,<Substance C1COCCO1{solv}{x=0.572300}|O=C1CCCCCC1{solv}{x=0.427700}>,C1COCCO1,O=C1CCCCCC1,fb-fit-v0-single-mean-k20,2,0.9678878549026092,0.0002042348502355,0.9737000000000002,0.00051
8326,1396,dens_1973863157285112004,241,Density,<Substance C1COCCO1{solv}{x=0.255500}|O=C1CCCCCC1{solv}{x=0.744500}>,C1COCCO1,O=C1CCCCCC1,fb-fit-v0-single-mean-k20,2,0.952717234820417,0.000155394118505,0.9616800000000002,0.000515
8327,1397,dhmix_2239035738396328121,242,EnthalpyOfMixing,<Substance C1COCCO1{solv}{x=0.771600}|O=C1CCCCCC1{solv}{x=0.228400}>,C1COCCO1,O=C1CCCCCC1,fb-fit-v0-single-mean-k20,2,0.2380263755148632,0.0428789966107219,0.0694,0.0009
8328,1398,dhmix_110368175234083214,243,EnthalpyOfMixing,<Substance CC#N{solv}{x=0.201600}|CCOC(C)(C)CC{solv}{x=0.798400}>,CC#N,CCOC(C)(C)CC,fb-fit-v0-single-mean-k20,2,0.0895735961281687,0.0491117193583831,0.6411,0.0087
8329,1399,dhmix_565046024644834395,244,EnthalpyOfMixing,<Substance CC#N{solv}{x=0.700400}|CCOC(C)(C)CC{solv}{x=0.299600}>,CC#N,CCOC(C)(C)CC,fb-fit-v0-single-mean-k20,2,0.2941832003638477,0.0316696510481829,0.8397,0.0113
8330,1400,dens_865362803305469370,245,Density,<Substance CC#N{solv}{x=0.502400}|CCOC(C)(C)CC{solv}{x=0.497600}>,CC#N,CCOC(C)(C)CC,fb-fit-v0-single-mean-k20,2,0.7657379124309646,0.000234942508324,0.7675000000000002,0.00035
8331,1401,dhmix_1131176031733024874,246,EnthalpyOfMixing,<Substance CC#N{solv}{x=0.502400}|CCOC(C)(C)CC{solv}{x=0.497600}>,CC#N,CCOC(C)(C)CC,fb-fit-v0-single-mean-k20,2,0.383990606963124,0.0311936790909436,0.9514,0.01285
8332,1402,dens_1305751749890499162,247,Density,<Substance CC#N{solv}{x=0.201600}|CCOC(C)(C)CC{solv}{x=0.798400}>,CC#N,CCOC(C)(C)CC,fb-fit-v0-single-mean-k20,2,0.7640467355066353,0.0002393315932294,0.7635000000000002,0.00025
8333,1403,dens_1928701304100922381,248,Density,<Substance CC#N{solv}{x=0.700400}|CCOC(C)(C)CC{solv}{x=0.299600}>,CC#N,CCOC(C)(C)CC,fb-fit-v0-single-mean-k20,2,0.7660889729157794,0.0002715038029754,0.7707000000000003,0.0005
8334,1404,dhmix_112729391186229967,249,EnthalpyOfMixing,<Substance CCC(C)=O{solv}{x=0.509000}|CNc1ccccc1{solv}{x=0.491000}>,CCC(C)=O,CNc1ccccc1,fb-fit-v0-single-mean-k20,2,-0.5283140845628935,0.041682672147552,-0.816,0.009
8335,1405,dens_414028029115294252,250,Density,<Substance CCC(C)=O{solv}{x=0.746300}|CNc1ccccc1{solv}{x=0.253700}>,CCC(C)=O,CNc1ccccc1,fb-fit-v0-single-mean-k20,2,0.8511724928166082,0.0002391291543355,0.8582020000000002,0.000102
8336,1406,dens_559789475978651659,251,Density,<Substance CCC(C)=O{solv}{x=0.495000}|CNc1ccccc1{solv}{x=0.505000}>,CCC(C)=O,CNc1ccccc1,fb-fit-v0-single-mean-k20,2,0.9059777208245618,0.0001820114239218,0.9066940000000002,0.000164
8337,1407,dhmix_1637459312398636454,252,EnthalpyOfMixing,<Substance CCC(C)=O{solv}{x=0.228300}|CNc1ccccc1{solv}{x=0.771700}>,CCC(C)=O,CNc1ccccc1,fb-fit-v0-single-mean-k20,2,-0.2514703333557371,0.0490986648134804,-0.54,0.006
8338,1408,dhmix_1933605864237207151,253,EnthalpyOfMixing,<Substance CCC(C)=O{solv}{x=0.705500}|CNc1ccccc1{solv}{x=0.294500}>,CCC(C)=O,CNc1ccccc1,fb-fit-v0-single-mean-k20,2,-0.4240645181664564,0.0340961852431668,-0.672,0.0075
8339,1409,dens_2039660657679820411,254,Density,<Substance CCC(C)=O{solv}{x=0.258900}|CNc1ccccc1{solv}{x=0.741100}>,CCC(C)=O,CNc1ccccc1,fb-fit-v0-single-mean-k20,2,0.9501546809305949,0.0001943789589988,0.9456330000000004,0.000259
8340,1410,dhmix_112832411362526364,255,EnthalpyOfMixing,<Substance C=CCCCC{solv}{x=0.250000}|CCCCO{solv}{x=0.750000}>,C=CCCCC,CCCCO,fb-fit-v0-single-mean-k20,2,0.4103014680661374,0.0405489019219327,0.2829,0.00333
8341,1411,dhmix_385937725855980509,256,EnthalpyOfMixing,<Substance C=CCCCC{solv}{x=0.749900}|CCCCO{solv}{x=0.250100}>,C=CCCCC,CCCCO,fb-fit-v0-single-mean-k20,2,0.6681307563757457,0.0441978809129048,0.63978,0.00696
8342,1412,dens_417191245012747241,257,Density,<Substance C=CCCCC{solv}{x=0.501800}|CCCCO{solv}{x=0.498200}>,C=CCCCC,CCCCO,fb-fit-v0-single-mean-k20,2,0.7271541903032133,0.000219464730263,0.7340000000000002,0.00035
8343,1413,dens_1053849773924337242,258,Density,<Substance C=CCCCC{solv}{x=0.100100}|CCCCO{solv}{x=0.899900}>,C=CCCCC,CCCCO,fb-fit-v0-single-mean-k20,2,0.7922739929877708,0.0002074962077879,0.7924000000000002,0.00035
8344,1414,dhmix_1436053809694490847,259,EnthalpyOfMixing,<Substance C=CCCCC{solv}{x=0.500300}|CCCCO{solv}{x=0.499700}>,C=CCCCC,CCCCO,fb-fit-v0-single-mean-k20,2,0.5817013212481754,0.0432146105578625,0.56098,0.00616
8345,1415,dens_1967827958045932694,260,Density,<Substance C=CCCCC{solv}{x=0.900000}|CCCCO{solv}{x=0.100000}>,C=CCCCC,CCCCO,fb-fit-v0-single-mean-k20,2,0.6768574747233683,0.0002164911937155,0.6818000000000001,0.00035
8346,1416,dhmix_113202719214912577,261,EnthalpyOfMixing,<Substance CCN(CC)CCO{solv}{x=0.700300}|O{solv}{x=0.299700}>,CCN(CC)CCO,O,fb-fit-v0-single-mean-k20,2,-2.009798064458394,0.0580869156914223,-1.75,0.019
8347,1417,dhmix_450200897960931857,262,EnthalpyOfMixing,<Substance CCN(CC)CCO{solv}{x=0.500200}|O{solv}{x=0.499800}>,CCN(CC)CCO,O,fb-fit-v0-single-mean-k20,2,-2.330868156526826,0.0566832241882764,-2.504,0.027
8348,1418,dens_727880187774296815,263,Density,<Substance CCN(CC)CCO{solv}{x=0.799700}|O{solv}{x=0.200300}>,CCN(CC)CCO,O,fb-fit-v0-single-mean-k20,2,0.8912572432710069,0.0001932446043782,0.8996000000000003,0.005
8349,1419,dens_943193748522476096,264,Density,<Substance CCN(CC)CCO{solv}{x=0.499700}|O{solv}{x=0.500300}>,CCN(CC)CCO,O,fb-fit-v0-single-mean-k20,2,0.907621529622534,0.0003737858227963,0.9222000000000002,0.005
8350,1420,dhmix_1628408668678458098,265,EnthalpyOfMixing,<Substance CCN(CC)CCO{solv}{x=0.200800}|O{solv}{x=0.799200}>,CCN(CC)CCO,O,fb-fit-v0-single-mean-k20,2,-1.3438843619738172,0.0254158533300856,-2.185,0.0235
8351,1421,dens_1679974305630699360,266,Density,<Substance CCN(CC)CCO{solv}{x=0.193290}|O{solv}{x=0.806710}>,CCN(CC)CCO,O,fb-fit-v0-single-mean-k20,2,0.9303690121579056,0.0003786618266994,0.9615690000000002,0.000144
8352,1422,dens_114257363738318755,267,Density,<Substance C1CCCCC1{solv}{x=0.754300}|CCCCCC{solv}{x=0.245700}>,C1CCCCC1,CCCCCC,fb-fit-v0-single-mean-k20,2,0.733092439846221,0.0002167665538763,0.7392000000000002,0.00065
8353,1423,dens_528453314861364780,268,Density,<Substance C1CCCCC1{solv}{x=0.234300}|CCCCCC{solv}{x=0.765700}>,C1CCCCC1,CCCCCC,fb-fit-v0-single-mean-k20,2,0.6741861387007833,0.0002370245914626,0.6838300000000002,0.001655
8354,1424,dens_547437695672624422,269,Density,<Substance C1CCCCC1{solv}{x=0.479300}|CCCCCC{solv}{x=0.520700}>,C1CCCCC1,CCCCCC,fb-fit-v0-single-mean-k20,2,0.7007334431312118,0.0002515477847775,0.7105500000000001,0.001555
8355,1425,dhmix_728030976573858762,270,EnthalpyOfMixing,<Substance C1CCCCC1{solv}{x=0.483200}|CCCCCC{solv}{x=0.516800}>,C1CCCCC1,CCCCCC,fb-fit-v0-single-mean-k20,2,0.2577281299489584,0.0444852676675221,0.2144,0.00155
8356,1426,dhmix_1406519609852245638,271,EnthalpyOfMixing,<Substance C1CCCCC1{solv}{x=0.219000}|CCCCCC{solv}{x=0.781000}>,C1CCCCC1,CCCCCC,fb-fit-v0-single-mean-k20,2,0.1937761359193786,0.0469000416642971,0.1264,0.00105
8357,1427,dhmix_1819992223413741006,272,EnthalpyOfMixing,<Substance C1CCCCC1{solv}{x=0.725500}|CCCCCC{solv}{x=0.274500}>,C1CCCCC1,CCCCCC,fb-fit-v0-single-mean-k20,2,0.302120905968664,0.0445647521185882,0.199,0.00145
8358,1428,dhmix_114464856611254095,273,EnthalpyOfMixing,<Substance COc1ccccc1{solv}{x=0.739800}|OCc1ccccc1{solv}{x=0.260200}>,COc1ccccc1,OCc1ccccc1,fb-fit-v0-single-mean-k20,2,0.9869985125194064,0.0472807168823404,1.0539,0.0113
8359,1429,dens_844721400884986444,274,Density,<Substance COc1ccccc1{solv}{x=0.288300}|OCc1ccccc1{solv}{x=0.711700}>,COc1ccccc1,OCc1ccccc1,fb-fit-v0-single-mean-k20,2,1.0186154355115542,0.0001875615998394,1.0180000000000002,0.000135
8360,1430,dens_1208569209782779179,275,Density,<Substance COc1ccccc1{solv}{x=0.491100}|OCc1ccccc1{solv}{x=0.508900}>,COc1ccccc1,OCc1ccccc1,fb-fit-v0-single-mean-k20,2,1.0044384278213327,0.0002003093082493,1.0069400000000004,0.000165
8361,1431,dhmix_1342325728364187329,276,EnthalpyOfMixing,<Substance COc1ccccc1{solv}{x=0.240100}|OCc1ccccc1{solv}{x=0.759900}>,COc1ccccc1,OCc1ccccc1,fb-fit-v0-single-mean-k20,2,0.7605375830504073,0.0482030206370334,0.6199,0.0067
8362,1432,dhmix_1596550872819493971,277,EnthalpyOfMixing,<Substance COc1ccccc1{solv}{x=0.486600}|OCc1ccccc1{solv}{x=0.513400}>,COc1ccccc1,OCc1ccccc1,fb-fit-v0-single-mean-k20,2,0.867564896540344,0.04358541894496,0.9688,0.0104
8363,1433,dens_1833270112854727934,278,Density,<Substance COc1ccccc1{solv}{x=0.774500}|OCc1ccccc1{solv}{x=0.225500}>,COc1ccccc1,OCc1ccccc1,fb-fit-v0-single-mean-k20,2,0.9863864402175324,0.000216461398952,0.9915900000000004,0.000215
8364,1434,dens_114725786693793907,279,Density,<Substance CC(=O)O{solv}{x=0.703100}|CCO{solv}{x=0.296900}>,CC(=O)O,CCO,fb-fit-v0-single-mean-k20,2,0.9892161461785248,0.0003271698214877,0.97355,0.00021
8365,1435,dens_883421079927261907,280,Density,<Substance CC(=O)O{solv}{x=0.496100}|CCO{solv}{x=0.503900}>,CC(=O)O,CCO,fb-fit-v0-single-mean-k20,2,0.9298982989965304,0.0002952561409684,0.9199600000000002,0.0002
8366,1436,dens_1042567278853913615,281,Density,<Substance CC(=O)O{solv}{x=0.297100}|CCO{solv}{x=0.702900}>,CC(=O)O,CCO,fb-fit-v0-single-mean-k20,2,0.8727280041087029,0.0003959306528935,0.8668600000000002,0.000195
8367,1437,dhmix_129373600931207498,282,EnthalpyOfMixing,<Substance NCCNCCN{solv}{x=0.702000}|O{solv}{x=0.298000}>,NCCNCCN,O,fb-fit-v0-single-mean-k20,2,-3.079398521248919,0.0502943583708135,-3.393,0.036
8368,1438,dhmix_313570094367316478,283,EnthalpyOfMixing,<Substance NCCNCCN{solv}{x=0.241600}|O{solv}{x=0.758400}>,NCCNCCN,O,fb-fit-v0-single-mean-k20,2,-4.876973519628386,0.0349710333226086,-6.523,0.0695
8369,1439,dens_548243159356184104,284,Density,<Substance NCCNCCN{solv}{x=0.244900}|O{solv}{x=0.755100}>,NCCNCCN,O,fb-fit-v0-single-mean-k20,2,1.054470043905526,0.000582069354337,1.0275000000000003,0.0005
8370,1440,dens_913992897582667960,285,Density,<Substance NCCNCCN{solv}{x=0.497400}|O{solv}{x=0.502600}>,NCCNCCN,O,fb-fit-v0-single-mean-k20,2,1.053570785316058,0.000347460629398,0.9928000000000002,0.0005
8371,1441,dhmix_1565087976771168604,286,EnthalpyOfMixing,<Substance NCCNCCN{solv}{x=0.501000}|O{solv}{x=0.499000}>,NCCNCCN,O,fb-fit-v0-single-mean-k20,2,-4.929191283542849,0.0436768265932168,-5.417,0.0575
8372,1442,dens_1812124220217686569,287,Density,<Substance NCCNCCN{solv}{x=0.698800}|O{solv}{x=0.301200}>,NCCNCCN,O,fb-fit-v0-single-mean-k20,2,1.0472332152719976,0.0002360038123246,0.9718000000000002,0.0005
8373,1443,dhmix_135176730945124637,288,EnthalpyOfMixing,<Substance CCCCNCCCC{solv}{x=0.751800}|CN(C)C=O{solv}{x=0.248200}>,CCCCNCCCC,CN(C)C=O,fb-fit-v0-single-mean-k20,2,0.1692845816052255,0.0535809036828458,0.782,0.025
8374,1444,dens_586298674852090193,289,Density,<Substance CCCCNCCCC{solv}{x=0.726600}|CN(C)C=O{solv}{x=0.273400}>,CCCCNCCCC,CN(C)C=O,fb-fit-v0-single-mean-k20,2,0.78635293657838,0.0001723289038618,0.7828350000000002,0.0009465
8375,1445,dens_711718403070096827,290,Density,<Substance CCCCNCCCC{solv}{x=0.263900}|CN(C)C=O{solv}{x=0.736100}>,CCCCNCCCC,CN(C)C=O,fb-fit-v0-single-mean-k20,2,0.8533043406747195,0.0002279861069731,0.8609240000000001,0.001053
8376,1446,dhmix_1537913365058000269,291,EnthalpyOfMixing,<Substance CCCCNCCCC{solv}{x=0.249400}|CN(C)C=O{solv}{x=0.750600}>,CCCCNCCCC,CN(C)C=O,fb-fit-v0-single-mean-k20,2,0.4683518273202551,0.0441615700790403,0.921,0.029
8377,1447,dhmix_1965420976556284821,292,EnthalpyOfMixing,<Substance CCCCNCCCC{solv}{x=0.501800}|CN(C)C=O{solv}{x=0.498200}>,CCCCNCCCC,CN(C)C=O,fb-fit-v0-single-mean-k20,2,0.4256025137953685,0.0377552794036621,1.113,0.0335
8378,1448,dens_2298192241038151497,293,Density,<Substance CCCCNCCCC{solv}{x=0.492800}|CN(C)C=O{solv}{x=0.507200}>,CCCCNCCCC,CN(C)C=O,fb-fit-v0-single-mean-k20,2,0.8145904192944277,0.0002076767487086,0.8153440000000003,0.0009895
8379,1449,dens_145031449158698048,294,Density,<Substance CN(C)C=O{solv}{x=0.498800}|ClCCCl{solv}{x=0.501200}>,CN(C)C=O,ClCCCl,fb-fit-v0-single-mean-k20,2,1.0807245001553003,0.000325472943246,1.0957000000000003,0.00305
8380,1450,dens_511894799968528211,295,Density,<Substance CN(C)C=O{solv}{x=0.197800}|ClCCCl{solv}{x=0.802200}>,CN(C)C=O,ClCCCl,fb-fit-v0-single-mean-k20,2,1.171226544428132,0.0004087732003665,1.1862000000000004,0.003
8381,1451,dhmix_693792312882226719,296,EnthalpyOfMixing,<Substance CN(C)C=O{solv}{x=0.498000}|ClCCCl{solv}{x=0.502000}>,CN(C)C=O,ClCCCl,fb-fit-v0-single-mean-k20,2,-0.0694640556471952,0.0334208105290694,-0.663,0.0035
8382,1452,dhmix_1364024895663592301,297,EnthalpyOfMixing,<Substance CN(C)C=O{solv}{x=0.299000}|ClCCCl{solv}{x=0.701000}>,CN(C)C=O,ClCCCl,fb-fit-v0-single-mean-k20,2,-0.0932255692831098,0.0250109875096895,-0.575,0.0035
8383,1453,dens_1874616475661316520,298,Density,<Substance CN(C)C=O{solv}{x=0.705400}|ClCCCl{solv}{x=0.294600}>,CN(C)C=O,ClCCCl,fb-fit-v0-single-mean-k20,2,1.015082061674466,0.0001913738398064,1.0336,0.003
8384,1454,dhmix_1965344541223753593,299,EnthalpyOfMixing,<Substance CN(C)C=O{solv}{x=0.702000}|ClCCCl{solv}{x=0.298000}>,CN(C)C=O,ClCCCl,fb-fit-v0-single-mean-k20,2,-0.0444041673240391,0.0378276599675043,-0.531,0.003
8385,1455,dens_145117083439077204,300,Density,<Substance CN1CCCC1=O{solv}{x=0.700300}|ClCCCCCl{solv}{x=0.299700}>,CN1CCCC1=O,ClCCCCCl,fb-fit-v0-single-mean-k20,2,1.0494221305355993,0.0002129360649859,1.0627000000000002,0.0005
8386,1456,dens_872271192908107773,301,Density,<Substance CN1CCCC1=O{solv}{x=0.203400}|ClCCCCCl{solv}{x=0.796600}>,CN1CCCC1=O,ClCCCCCl,fb-fit-v0-single-mean-k20,2,1.10761204453417,0.0002763722733583,1.1142000000000003,0.00125
8387,1457,dhmix_958757583081250655,302,EnthalpyOfMixing,<Substance CN1CCCC1=O{solv}{x=0.703000}|ClCCCCCl{solv}{x=0.297000}>,CN1CCCC1=O,ClCCCCCl,fb-fit-v0-single-mean-k20,2,0.073727620668059,0.0421629867373746,-0.583,0.0035
8388,1458,dens_1187888029800539390,303,Density,<Substance CN1CCCC1=O{solv}{x=0.502500}|ClCCCCCl{solv}{x=0.497500}>,CN1CCCC1=O,ClCCCCCl,fb-fit-v0-single-mean-k20,2,1.0744778334738043,0.000250761642826,1.0840000000000003,0.00075
8389,1459,dhmix_1448185356234442909,304,EnthalpyOfMixing,<Substance CN1CCCC1=O{solv}{x=0.210000}|ClCCCCCl{solv}{x=0.790000}>,CN1CCCC1=O,ClCCCCCl,fb-fit-v0-single-mean-k20,2,-0.0422203898608941,0.0442038415375227,-0.406,0.003
8390,1460,dhmix_1623586299486793214,305,EnthalpyOfMixing,<Substance CN1CCCC1=O{solv}{x=0.505000}|ClCCCCCl{solv}{x=0.495000}>,CN1CCCC1=O,ClCCCCCl,fb-fit-v0-single-mean-k20,2,0.0425989153797168,0.0379494169312362,-0.678,0.0035
8391,1461,dens_151421667269785380,306,Density,<Substance OCCOCCO{solv}{x=0.228500}|OCc1ccccc1{solv}{x=0.771500}>,OCCOCCO,OCc1ccccc1,fb-fit-v0-single-mean-k20,2,1.0546464336731964,0.000235025961848,1.0497600000000002,0.000265
8392,1462,dens_207017358130726789,307,Density,<Substance OCCOCCO{solv}{x=0.531200}|OCc1ccccc1{solv}{x=0.468800}>,OCCOCCO,OCc1ccccc1,fb-fit-v0-single-mean-k20,2,1.078637519376885,0.0003059683670337,1.07136,0.00027
8393,1463,dhmix_638869206909151198,308,EnthalpyOfMixing,<Substance OCCOCCO{solv}{x=0.765800}|OCc1ccccc1{solv}{x=0.234200}>,OCCOCCO,OCc1ccccc1,fb-fit-v0-single-mean-k20,2,-0.1985844382079591,0.0724218573031254,-0.3712,0.0073
8394,1464,dhmix_884415658126351430,309,EnthalpyOfMixing,<Substance OCCOCCO{solv}{x=0.266500}|OCc1ccccc1{solv}{x=0.733500}>,OCCOCCO,OCc1ccccc1,fb-fit-v0-single-mean-k20,2,-0.3237303142118293,0.0495623207685062,-0.4216,0.0081
8395,1465,dhmix_925385148369690502,310,EnthalpyOfMixing,<Substance OCCOCCO{solv}{x=0.521600}|OCc1ccccc1{solv}{x=0.478400}>,OCCOCCO,OCc1ccccc1,fb-fit-v0-single-mean-k20,2,-0.3994566439534708,0.0549315612761509,-0.4574,0.00865
8396,1466,dens_1617133138157859384,311,Density,<Substance OCCOCCO{solv}{x=0.727700}|OCc1ccccc1{solv}{x=0.272300}>,OCCOCCO,OCc1ccccc1,fb-fit-v0-single-mean-k20,2,1.0924769831840146,0.0003408058818475,1.0857000000000003,0.000275
8397,1467,dens_155791527624482863,312,Density,<Substance CC(C)CO{solv}{x=0.279300}|CCCCBr{solv}{x=0.720700}>,CC(C)CO,CCCCBr,fb-fit-v0-single-mean-k20,2,1.122645261853768,0.0003875936197364,1.1339800000000002,0.000305
8398,1468,dhmix_549211977118470640,313,EnthalpyOfMixing,<Substance CC(C)CO{solv}{x=0.293800}|CCCCBr{solv}{x=0.706200}>,CC(C)CO,CCCCBr,fb-fit-v0-single-mean-k20,2,1.1533778249023214,0.0393786031840459,1.248,0.0135
8399,1469,dens_692500675577783691,314,Density,<Substance CC(C)CO{solv}{x=0.793700}|CCCCBr{solv}{x=0.206300}>,CC(C)CO,CCCCBr,fb-fit-v0-single-mean-k20,2,0.9023815527094204,0.0002430430335694,0.8962800000000002,0.00021
8400,1470,dens_841415441417626311,315,Density,<Substance CC(C)CO{solv}{x=0.498900}|CCCCBr{solv}{x=0.501100}>,CC(C)CO,CCCCBr,fb-fit-v0-single-mean-k20,2,1.0327478024734604,0.0003616420647795,1.0366800000000005,0.000225
8401,1471,dhmix_1400807466047438160,316,EnthalpyOfMixing,<Substance CC(C)CO{solv}{x=0.499000}|CCCCBr{solv}{x=0.501000}>,CC(C)CO,CCCCBr,fb-fit-v0-single-mean-k20,2,1.1354409091358733,0.0413284543618882,1.207,0.013
8402,1472,dhmix_1959880980464917582,317,EnthalpyOfMixing,<Substance CC(C)CO{solv}{x=0.702100}|CCCCBr{solv}{x=0.297900}>,CC(C)CO,CCCCBr,fb-fit-v0-single-mean-k20,2,0.8204709048852834,0.0314560582235423,0.891,0.0095
8403,1473,dhmix_155924436295918663,318,EnthalpyOfMixing,<Substance OCCCO{solv}{x=0.501300}|O{solv}{x=0.498700}>,O,OCCCO,fb-fit-v0-single-mean-k20,2,0.2610913140225115,0.0277264917913076,-0.992,0.0125
8404,1474,dens_867859901093068556,319,Density,<Substance OCCCO{solv}{x=0.743700}|O{solv}{x=0.256300}>,O,OCCCO,fb-fit-v0-single-mean-k20,2,1.0566930193074446,0.0003731462668535,1.0503800000000003,0.00023
8405,1475,dhmix_2191722776959064631,320,EnthalpyOfMixing,<Substance OCCCO{solv}{x=0.743000}|O{solv}{x=0.257000}>,O,OCCCO,fb-fit-v0-single-mean-k20,2,0.1112405190693479,0.0390201657753819,-0.633,0.008
8406,1476,dhmix_2210594516320705991,321,EnthalpyOfMixing,<Substance OCCCO{solv}{x=0.208700}|O{solv}{x=0.791300}>,O,OCCCO,fb-fit-v0-single-mean-k20,2,0.1758701403174782,0.0241052237598964,-0.924,0.012
8407,1477,dens_2211391404402371237,322,Density,<Substance OCCCO{solv}{x=0.244700}|O{solv}{x=0.755300}>,O,OCCCO,fb-fit-v0-single-mean-k20,2,1.0291058390597358,0.000377306684728,1.0381600000000004,0.00019
8408,1478,dens_2211609476735134421,323,Density,<Substance OCCCO{solv}{x=0.500000}|O{solv}{x=0.500000}>,O,OCCCO,fb-fit-v0-single-mean-k20,2,1.0482145177123068,0.0003970000531345,1.0492100000000002,0.000215
8409,1479,dhmix_156929898609376763,324,EnthalpyOfMixing,<Substance CN(C)CCCO{solv}{x=0.800100}|O{solv}{x=0.199900}>,CN(C)CCCO,O,fb-fit-v0-single-mean-k20,2,-1.5069625169413854,0.0481072176441887,-1.26,0.0135
8410,1480,dhmix_786210276753247951,325,EnthalpyOfMixing,<Substance CN(C)CCCO{solv}{x=0.199800}|O{solv}{x=0.800200}>,CN(C)CCCO,O,fb-fit-v0-single-mean-k20,2,-1.0673473501123816,0.0251544860895358,-2.514,0.027
8411,1481,dens_971674883336993154,326,Density,<Substance CN(C)CCCO{solv}{x=0.289504}|O{solv}{x=0.710496}>,CN(C)CCCO,O,fb-fit-v0-single-mean-k20,2,0.9433359024477312,0.0003492436584681,0.9443,0.00285
8412,1482,dhmix_1330584538745399524,327,EnthalpyOfMixing,<Substance CN(C)CCCO{solv}{x=0.501900}|O{solv}{x=0.498100}>,CN(C)CCCO,O,fb-fit-v0-single-mean-k20,2,-1.8534329358773247,0.0349436164710894,-2.706,0.029
8413,1483,dens_1781759734173902013,328,Density,<Substance CN(C)CCCO{solv}{x=0.501300}|O{solv}{x=0.498700}>,CN(C)CCCO,O,fb-fit-v0-single-mean-k20,2,0.9313658519889052,0.0003446964752165,0.9170700000000004,8.000000000000002e-05
8414,1484,dens_2299157616447228221,329,Density,<Substance CN(C)CCCO{solv}{x=0.800600}|O{solv}{x=0.199400}>,CN(C)CCCO,O,fb-fit-v0-single-mean-k20,2,0.9178253668168502,0.0001696443299501,0.8915100000000002,9.500000000000002e-05
8415,1485,dhmix_157983773008192768,330,EnthalpyOfMixing,<Substance BrCCCBr{solv}{x=0.743200}|CCCCOC(=O)CCC{solv}{x=0.256800}>,BrCCCBr,CCCCOC(=O)CCC,fb-fit-v0-single-mean-k20,2,-0.3699368581240136,0.0431818155743861,0.032,0.0005
8416,1486,dens_720277045338028885,331,Density,<Substance BrCCCBr{solv}{x=0.748700}|CCCCOC(=O)CCC{solv}{x=0.251300}>,BrCCCBr,CCCCOC(=O)CCC,fb-fit-v0-single-mean-k20,2,1.5687168038186514,0.0003654971581682,1.5786600000000004,0.00038
8417,1487,dens_933248802608751708,332,Density,<Substance BrCCCBr{solv}{x=0.529700}|CCCCOC(=O)CCC{solv}{x=0.470300}>,BrCCCBr,CCCCOC(=O)CCC,fb-fit-v0-single-mean-k20,2,1.3112874710984332,0.000313539785711,1.3159400000000003,0.000255
8418,1488,dens_1048925802213854204,333,Density,<Substance BrCCCBr{solv}{x=0.259100}|CCCCOC(=O)CCC{solv}{x=0.740900}>,BrCCCBr,CCCCOC(=O)CCC,fb-fit-v0-single-mean-k20,2,1.0576876755717426,0.0002460998871548,1.0598600000000002,0.000145
8419,1489,dhmix_1090642624443832057,334,EnthalpyOfMixing,<Substance BrCCCBr{solv}{x=0.241200}|CCCCOC(=O)CCC{solv}{x=0.758800}>,BrCCCBr,CCCCOC(=O)CCC,fb-fit-v0-single-mean-k20,2,-0.3501561699053042,0.0509924118144316,-0.094,0.001
8420,1490,dhmix_1649688325270115073,335,EnthalpyOfMixing,<Substance BrCCCBr{solv}{x=0.466700}|CCCCOC(=O)CCC{solv}{x=0.533300}>,BrCCCBr,CCCCOC(=O)CCC,fb-fit-v0-single-mean-k20,2,-0.5924897796577682,0.049839595340543,-0.091,0.001
8421,1491,dhmix_158101159957898775,336,EnthalpyOfMixing,<Substance CCCCCl{solv}{x=0.490000}|CN1CCCC1=O{solv}{x=0.510000}>,CCCCCl,CN1CCCC1=O,fb-fit-v0-single-mean-k20,2,0.8340296893157344,0.0403241108679137,0.152,0.002
8422,1492,dhmix_586880142396707079,337,EnthalpyOfMixing,<Substance CCCCCl{solv}{x=0.294000}|CN1CCCC1=O{solv}{x=0.706000}>,CCCCCl,CN1CCCC1=O,fb-fit-v0-single-mean-k20,2,0.705552598825502,0.0442679228245503,0.145,0.002
8423,1493,dens_897975104490051322,338,Density,<Substance CCCCCl{solv}{x=0.296100}|CN1CCCC1=O{solv}{x=0.703900}>,CCCCCl,CN1CCCC1=O,fb-fit-v0-single-mean-k20,2,0.9711715748788302,0.0001593438592797,0.9862000000000004,0.0001
8424,1494,dens_1393365907116297965,339,Density,<Substance CCCCCl{solv}{x=0.702600}|CN1CCCC1=O{solv}{x=0.297400}>,CCCCCl,CN1CCCC1=O,fb-fit-v0-single-mean-k20,2,0.9147664007361948,0.0002669309895293,0.9268000000000002,0.0001
8425,1495,dhmix_1769887717174104485,340,EnthalpyOfMixing,<Substance CCCCCl{solv}{x=0.787000}|CN1CCCC1=O{solv}{x=0.213000}>,CCCCCl,CN1CCCC1=O,fb-fit-v0-single-mean-k20,2,0.5836987340360551,0.0425687070529009,0.081,0.002
8426,1496,dens_2070183543451797213,341,Density,<Substance CCCCCl{solv}{x=0.494800}|CN1CCCC1=O{solv}{x=0.505200}>,CCCCCl,CN1CCCC1=O,fb-fit-v0-single-mean-k20,2,0.9448247131922304,0.0002711786550984,0.9575000000000002,0.0001
8427,1497,dens_164369774990422412,342,Density,<Substance CC(C)O{solv}{x=0.764900}|CCOC=O{solv}{x=0.235100}>,CC(C)O,CCOC=O,fb-fit-v0-single-mean-k20,2,0.8283689350783443,0.0002708093251669,0.8088000000000002,0.00035
8428,1498,dens_200561035496770448,343,Density,<Substance CC(C)O{solv}{x=0.265100}|CCOC=O{solv}{x=0.734900}>,CC(C)O,CCOC=O,fb-fit-v0-single-mean-k20,2,0.8976430343763093,0.0002814950559467,0.8710000000000002,0.0003
8429,1499,dens_1124622586228643363,344,Density,<Substance CC(C)O{solv}{x=0.441300}|CCOC=O{solv}{x=0.558700}>,CC(C)O,CCOC=O,fb-fit-v0-single-mean-k20,2,0.8738503342443794,0.0002798244240904,0.8482000000000003,0.00035
8430,1500,dens_166030075147825025,345,Density,<Substance Clc1ccccc1{solv}{x=0.467900}|c1ccccc1{solv}{x=0.532100}>,Clc1ccccc1,c1ccccc1,fb-fit-v0-single-mean-k20,2,1.002327136591466,0.0002032235171919,0.9877000000000002,0.00025
8431,1501,dens_796537469137871297,346,Density,<Substance Clc1ccccc1{solv}{x=0.735800}|c1ccccc1{solv}{x=0.264200}>,Clc1ccccc1,c1ccccc1,fb-fit-v0-single-mean-k20,2,1.0638080102270346,0.0002813099619783,1.0465000000000002,0.0002
8432,1502,dhmix_1485547099225054006,347,EnthalpyOfMixing,<Substance Clc1ccccc1{solv}{x=0.777700}|c1ccccc1{solv}{x=0.222300}>,Clc1ccccc1,c1ccccc1,fb-fit-v0-single-mean-k20,2,0.0703405764743578,0.0277802407108004,-0.0036,0.0004
8433,1503,dhmix_1808283008183194060,348,EnthalpyOfMixing,<Substance Clc1ccccc1{solv}{x=0.225800}|c1ccccc1{solv}{x=0.774200}>,Clc1ccccc1,c1ccccc1,fb-fit-v0-single-mean-k20,2,-0.010686637387316,0.0338372746471027,-0.0046,0.0004
8434,1504,dhmix_2008892820486470381,349,EnthalpyOfMixing,<Substance Clc1ccccc1{solv}{x=0.466600}|c1ccccc1{solv}{x=0.533400}>,Clc1ccccc1,c1ccccc1,fb-fit-v0-single-mean-k20,2,-0.030288252683718,0.0364575897554048,-0.0057,0.0004
8435,1505,dens_2142546524113318099,350,Density,<Substance Clc1ccccc1{solv}{x=0.293100}|c1ccccc1{solv}{x=0.706900}>,Clc1ccccc1,c1ccccc1,fb-fit-v0-single-mean-k20,2,0.9602011687330774,0.0002365938849944,0.9468000000000002,0.00025
8436,1506,dhmix_166527628917371560,351,EnthalpyOfMixing,<Substance CCCCCC(C)=O{solv}{x=0.500700}|CCCNCCC{solv}{x=0.499300}>,CCCCCC(C)=O,CCCNCCC,fb-fit-v0-single-mean-k20,2,-0.1259882776427829,0.0459091370470941,0.162,0.002
8437,1507,dhmix_181797488552739205,352,EnthalpyOfMixing,<Substance CCCCCC(C)=O{solv}{x=0.213200}|CCCNCCC{solv}{x=0.786800}>,CCCCCC(C)=O,CCCNCCC,fb-fit-v0-single-mean-k20,2,-0.1071010390811011,0.0503776112607168,0.137,0.0015
8438,1508,dens_286521458049436805,353,Density,<Substance CCCCCC(C)=O{solv}{x=0.542700}|CCCNCCC{solv}{x=0.457300}>,CCCCCC(C)=O,CCCNCCC,fb-fit-v0-single-mean-k20,2,0.778305606244105,0.0001764284831244,0.7766620000000002,0.0001215
8439,1509,dens_740930494074770103,354,Density,<Substance CCCCCC(C)=O{solv}{x=0.252600}|CCCNCCC{solv}{x=0.747400}>,CCCCCC(C)=O,CCCNCCC,fb-fit-v0-single-mean-k20,2,0.7565678086939704,0.0002032005684141,0.7540050000000001,0.0001215
8440,1510,dhmix_1180133264815330249,355,EnthalpyOfMixing,<Substance CCCCCC(C)=O{solv}{x=0.788000}|CCCNCCC{solv}{x=0.212000}>,CCCCCC(C)=O,CCCNCCC,fb-fit-v0-single-mean-k20,2,-0.0599296260538793,0.0505396073958823,0.088,0.001
8441,1511,dens_1237727796782189302,356,Density,<Substance CCCCCC(C)=O{solv}{x=0.741800}|CCCNCCC{solv}{x=0.258200}>,CCCCCC(C)=O,CCCNCCC,fb-fit-v0-single-mean-k20,2,0.7927994531460631,0.0001932149031034,0.7918920000000003,0.00012
8442,1512,dens_168376639142843665,357,Density,<Substance BrCCBr{solv}{x=0.084500}|CCOC(=O)CC{solv}{x=0.915500}>,BrCCBr,CCOC(=O)CC,fb-fit-v0-single-mean-k20,2,0.9650036455903498,0.0002693540260667,0.9671200000000002,0.001185
8443,1513,dhmix_897092526028522426,358,EnthalpyOfMixing,<Substance BrCCBr{solv}{x=0.753700}|CCOC(=O)CC{solv}{x=0.246300}>,BrCCBr,CCOC(=O)CC,fb-fit-v0-single-mean-k20,2,-0.1978738685457406,0.0353536714979769,0.0052,0.0008
8444,1514,dhmix_1078383344298013541,359,EnthalpyOfMixing,<Substance BrCCBr{solv}{x=0.084100}|CCOC(=O)CC{solv}{x=0.915900}>,BrCCBr,CCOC(=O)CC,fb-fit-v0-single-mean-k20,2,-0.06758292133755,0.0430803709714547,-0.0683,0.0014
8445,1515,dhmix_1103515663691342839,360,EnthalpyOfMixing,<Substance BrCCBr{solv}{x=0.514000}|CCOC(=O)CC{solv}{x=0.486000}>,BrCCBr,CCOC(=O)CC,fb-fit-v0-single-mean-k20,2,-0.2327522602893958,0.0351993336960277,-0.1259,0.00205
8446,1516,dens_1193015082780501702,361,Density,<Substance BrCCBr{solv}{x=0.484400}|CCOC(=O)CC{solv}{x=0.515600}>,BrCCBr,CCOC(=O)CC,fb-fit-v0-single-mean-k20,2,1.4033672921542957,0.000385125171618,1.4136000000000002,0.001165
8447,1517,dens_1660732943693703463,362,Density,<Substance BrCCBr{solv}{x=0.714800}|CCOC(=O)CC{solv}{x=0.285200}>,BrCCBr,CCOC(=O)CC,fb-fit-v0-single-mean-k20,2,1.6985106729001154,0.0005199162593691,1.7205300000000003,0.000985
8448,1518,dens_172622055198885625,363,Density,<Substance CCCCOCCO{solv}{x=0.499500}|c1ccccc1{solv}{x=0.500500}>,CCCCOCCO,c1ccccc1,fb-fit-v0-single-mean-k20,2,0.8863954846678084,0.0001770026449137,0.8864700000000002,0.000795
8449,1519,dens_615182082919776992,364,Density,<Substance CCCCOCCO{solv}{x=0.753500}|c1ccccc1{solv}{x=0.246500}>,CCCCOCCO,c1ccccc1,fb-fit-v0-single-mean-k20,2,0.8896225253435687,0.0002141954581873,0.8924600000000003,0.00077
8450,1520,dens_1014762781474427089,365,Density,<Substance CCCCOCCO{solv}{x=0.248800}|c1ccccc1{solv}{x=0.751200}>,CCCCOCCO,c1ccccc1,fb-fit-v0-single-mean-k20,2,0.8838778235070488,0.0002693277955624,0.8790000000000002,0.00083
8451,1521,dhmix_1209838039340638454,366,EnthalpyOfMixing,<Substance CCCCOCCO{solv}{x=0.729700}|c1ccccc1{solv}{x=0.270300}>,CCCCOCCO,c1ccccc1,fb-fit-v0-single-mean-k20,2,0.2810175437445394,0.0449329725922775,0.3037,0.00335
8452,1522,dhmix_1416395432810708431,367,EnthalpyOfMixing,<Substance CCCCOCCO{solv}{x=0.266500}|c1ccccc1{solv}{x=0.733500}>,CCCCOCCO,c1ccccc1,fb-fit-v0-single-mean-k20,2,0.7289202597805655,0.0435407472456191,0.6895,0.00745
8453,1523,dhmix_1775479338186698605,368,EnthalpyOfMixing,<Substance CCCCOCCO{solv}{x=0.503000}|c1ccccc1{solv}{x=0.497000}>,CCCCOCCO,c1ccccc1,fb-fit-v0-single-mean-k20,2,0.5972906730615506,0.0454930602952018,0.5563,0.00605
8454,1524,dens_173950346939686352,369,Density,<Substance CCOC(=O)CC(=O)OCC{solv}{x=0.797800}|CO{solv}{x=0.202200}>,CCOC(=O)CC(=O)OCC,CO,fb-fit-v0-single-mean-k20,2,1.040177921378243,0.0002064466107469,1.0336070000000002,0.0001155
8455,1525,dhmix_796570713446660029,370,EnthalpyOfMixing,<Substance CCOC(=O)CC(=O)OCC{solv}{x=0.745300}|CO{solv}{x=0.254700}>,CCOC(=O)CC(=O)OCC,CO,fb-fit-v0-single-mean-k20,2,1.1838515321581724,0.0473097054670088,1.184,0.013
8456,1526,dhmix_1053189657313504079,371,EnthalpyOfMixing,<Substance CCOC(=O)CC(=O)OCC{solv}{x=0.499300}|CO{solv}{x=0.500700}>,CCOC(=O)CC(=O)OCC,CO,fb-fit-v0-single-mean-k20,2,1.51653747814467,0.0412951328243585,1.426,0.0155
8457,1527,dens_1109796780897697143,372,Density,<Substance CCOC(=O)CC(=O)OCC{solv}{x=0.500400}|CO{solv}{x=0.499600}>,CCOC(=O)CC(=O)OCC,CO,fb-fit-v0-single-mean-k20,2,0.9983162686144522,0.0002601266716427,0.9962350000000002,9.150000000000002e-05
8458,1528,dens_1145191816882985532,373,Density,<Substance CCOC(=O)CC(=O)OCC{solv}{x=0.250100}|CO{solv}{x=0.749900}>,CCOC(=O)CC(=O)OCC,CO,fb-fit-v0-single-mean-k20,2,0.9298073048724032,0.0003545088742461,0.9355040000000002,0.0001385
8459,1529,dhmix_1394433819711651760,374,EnthalpyOfMixing,<Substance CCOC(=O)CC(=O)OCC{solv}{x=0.251500}|CO{solv}{x=0.748500}>,CCOC(=O)CC(=O)OCC,CO,fb-fit-v0-single-mean-k20,2,1.3227481532851613,0.0347037353567857,1.083,0.0115
8460,1530,dhmix_176700813960387714,375,EnthalpyOfMixing,<Substance CC(=O)N(C)C{solv}{x=0.211000}|ClCCCCCl{solv}{x=0.789000}>,CC(=O)N(C)C,ClCCCCCl,fb-fit-v0-single-mean-k20,2,0.0149145373833903,0.03852536336856,-0.188,0.0025
8461,1531,dhmix_422276068008732896,376,EnthalpyOfMixing,<Substance CC(=O)N(C)C{solv}{x=0.506000}|ClCCCCCl{solv}{x=0.494000}>,CC(=O)N(C)C,ClCCCCCl,fb-fit-v0-single-mean-k20,2,-0.0039555813571219,0.0426599368753116,-0.314,0.0025
8462,1532,dhmix_591740475541975327,377,EnthalpyOfMixing,<Substance CC(=O)N(C)C{solv}{x=0.705000}|ClCCCCCl{solv}{x=0.295000}>,CC(=O)N(C)C,ClCCCCCl,fb-fit-v0-single-mean-k20,2,0.0826413153438441,0.0445245302763492,-0.281,0.0025
8463,1533,dens_600718364672681210,378,Density,<Substance CC(=O)N(C)C{solv}{x=0.200100}|ClCCCCCl{solv}{x=0.799900}>,CC(=O)N(C)C,ClCCCCCl,fb-fit-v0-single-mean-k20,2,1.086761322303761,0.0002075306934408,1.0978,0.0023
8464,1534,dens_833309518494254389,379,Density,<Substance CC(=O)N(C)C{solv}{x=0.698700}|ClCCCCCl{solv}{x=0.301300}>,CC(=O)N(C)C,ClCCCCCl,fb-fit-v0-single-mean-k20,2,0.9768744367849498,0.0002599315895952,1.0011000000000003,0.0023
8465,1535,dens_1473570029953486090,380,Density,<Substance CC(=O)N(C)C{solv}{x=0.500900}|ClCCCCCl{solv}{x=0.499100}>,CC(=O)N(C)C,ClCCCCCl,fb-fit-v0-single-mean-k20,2,1.0220259855037066,0.0002768212176172,1.0407000000000004,0.00225
8466,1536,dens_176740025668330569,381,Density,<Substance C1CCCCC1{solv}{x=0.499400}|C1COCCO1{solv}{x=0.500600}>,C1CCCCC1,C1COCCO1,fb-fit-v0-single-mean-k20,2,0.8729022586240885,0.0002450674076678,0.8769800000000002,8.500000000000002e-05
8467,1537,dens_476825312331327209,382,Density,<Substance C1CCCCC1{solv}{x=0.297200}|C1COCCO1{solv}{x=0.702800}>,C1CCCCC1,C1COCCO1,fb-fit-v0-single-mean-k20,2,0.9281170064389266,0.0002684267449675,0.9312200000000004,7.000000000000002e-05
8468,1538,dens_985438980823024302,383,Density,<Substance C1CCCCC1{solv}{x=0.699700}|C1COCCO1{solv}{x=0.300300}>,C1CCCCC1,C1COCCO1,fb-fit-v0-single-mean-k20,2,0.8248960458761674,0.0002673171097975,0.8305800000000002,0.0001
8469,1539,dhmix_1624213860575299641,384,EnthalpyOfMixing,<Substance C1CCCCC1{solv}{x=0.492800}|C1COCCO1{solv}{x=0.507200}>,C1CCCCC1,C1COCCO1,fb-fit-v0-single-mean-k20,2,2.091269712928664,0.0441344136160547,1.588,0.008
8470,1540,dhmix_1900199136965747019,385,EnthalpyOfMixing,<Substance C1CCCCC1{solv}{x=0.239400}|C1COCCO1{solv}{x=0.760600}>,C1CCCCC1,C1COCCO1,fb-fit-v0-single-mean-k20,2,1.4768159778325582,0.0400047687822145,1.124,0.007
8471,1541,dhmix_2022274493214392184,386,EnthalpyOfMixing,<Substance C1CCCCC1{solv}{x=0.744200}|C1COCCO1{solv}{x=0.255800}>,C1CCCCC1,C1COCCO1,fb-fit-v0-single-mean-k20,2,1.6404850357425715,0.0372742022800871,1.262,0.007
8472,1542,dhmix_182795551078530810,387,EnthalpyOfMixing,<Substance C1COCCO1{solv}{x=0.491200}|Cc1ccccc1Cl{solv}{x=0.508800}>,C1COCCO1,Cc1ccccc1Cl,fb-fit-v0-single-mean-k20,2,0.1976680263851733,0.039310076263462,0.356,0.002
8473,1543,dens_242592003865933955,388,Density,<Substance C1COCCO1{solv}{x=0.835700}|Cc1ccccc1Cl{solv}{x=0.164300}>,C1COCCO1,Cc1ccccc1Cl,fb-fit-v0-single-mean-k20,2,1.0274727823734169,0.0002131546278586,1.0256,0.0005
8474,1544,dens_810150133181620718,389,Density,<Substance C1COCCO1{solv}{x=0.513600}|Cc1ccccc1Cl{solv}{x=0.486400}>,C1COCCO1,Cc1ccccc1Cl,fb-fit-v0-single-mean-k20,2,1.0592891831541966,0.0002226545166011,1.0536,0.0005
8475,1545,dhmix_1949119093643648586,390,EnthalpyOfMixing,<Substance C1COCCO1{solv}{x=0.246200}|Cc1ccccc1Cl{solv}{x=0.753800}>,C1COCCO1,Cc1ccccc1Cl,fb-fit-v0-single-mean-k20,2,0.1874603609394824,0.0468594228518872,0.206,0.001
8476,1546,dens_2161584607380261748,391,Density,<Substance C1COCCO1{solv}{x=0.226300}|Cc1ccccc1Cl{solv}{x=0.773700}>,C1COCCO1,Cc1ccccc1Cl,fb-fit-v0-single-mean-k20,2,1.0759310635978054,0.0002475670750898,1.0674000000000003,0.0005
8477,1547,dhmix_2190589845176325501,392,EnthalpyOfMixing,<Substance C1COCCO1{solv}{x=0.835700}|Cc1ccccc1Cl{solv}{x=0.164300}>,C1COCCO1,Cc1ccccc1Cl,fb-fit-v0-single-mean-k20,2,0.153465667000205,0.0458440232282898,0.244,0.0015
8478,1548,dens_194492664772262961,393,Density,<Substance CCCOC=O{solv}{x=0.479500}|ClCCCl{solv}{x=0.520500}>,CCCOC=O,ClCCCl,fb-fit-v0-single-mean-k20,2,1.0643163243015998,0.0003839147177741,1.0603100000000003,0.00196
8479,1549,dhmix_438833720470542962,394,EnthalpyOfMixing,<Substance CCCOC=O{solv}{x=0.738500}|ClCCCl{solv}{x=0.261500}>,CCCOC=O,ClCCCl,fb-fit-v0-single-mean-k20,2,-0.0486390501224995,0.0382442471762185,-0.205,0.0025
8480,1550,dens_598528978367940263,395,Density,<Substance CCCOC=O{solv}{x=0.254300}|ClCCCl{solv}{x=0.745700}>,CCCOC=O,ClCCCl,fb-fit-v0-single-mean-k20,2,1.137747780751591,0.0004315429665377,1.1418800000000005,0.002835
8481,1551,dens_822197650497048256,396,Density,<Substance CCCOC=O{solv}{x=0.728100}|ClCCCl{solv}{x=0.271900}>,CCCOC=O,ClCCCl,fb-fit-v0-single-mean-k20,2,0.989864353638958,0.0003015649406436,0.9794600000000002,0.001275
8482,1552,dhmix_1971772628311560569,397,EnthalpyOfMixing,<Substance CCCOC=O{solv}{x=0.503500}|ClCCCl{solv}{x=0.496500}>,CCCOC=O,ClCCCl,fb-fit-v0-single-mean-k20,2,0.0853393853665558,0.0358586752215347,-0.254,0.003
8483,1553,dhmix_2087301877194561078,398,EnthalpyOfMixing,<Substance CCCOC=O{solv}{x=0.273300}|ClCCCl{solv}{x=0.726700}>,CCCOC=O,ClCCCl,fb-fit-v0-single-mean-k20,2,0.1228370078553773,0.0347031912065504,-0.154,0.002
8484,1554,dens_196547737404430199,399,Density,<Substance CCC(C)(C)O{solv}{x=0.258400}|CCO{solv}{x=0.741600}>,CCC(C)(C)O,CCO,fb-fit-v0-single-mean-k20,2,0.8022500382987565,0.000331504584875,0.7933000000000001,0.0005
8485,1555,dens_476512869308734578,400,Density,<Substance CCC(C)(C)O{solv}{x=0.549500}|CCO{solv}{x=0.450500}>,CCC(C)(C)O,CCO,fb-fit-v0-single-mean-k20,2,0.8168974473800671,0.0002145451003569,0.8018000000000002,0.0005
8486,1556,dens_822446541953482206,401,Density,<Substance CCC(C)(C)O{solv}{x=0.676500}|CCO{solv}{x=0.323500}>,CCC(C)(C)O,CCO,fb-fit-v0-single-mean-k20,2,0.8197162851735982,0.0003189177596917,0.8048000000000002,0.0005
8487,1557,dhmix_935690434592096067,402,EnthalpyOfMixing,<Substance CCC(C)(C)O{solv}{x=0.460700}|CCO{solv}{x=0.539300}>,CCC(C)(C)O,CCO,fb-fit-v0-single-mean-k20,2,-0.7112651426660292,0.0362344771969104,-0.95,0.00405
8488,1558,dhmix_1167190373485301023,403,EnthalpyOfMixing,<Substance CCC(C)(C)O{solv}{x=0.730600}|CCO{solv}{x=0.269400}>,CCC(C)(C)O,CCO,fb-fit-v0-single-mean-k20,2,-0.8782692068247991,0.0524712929405439,-0.7709,0.00335
8489,1559,dhmix_1275914601266938667,404,EnthalpyOfMixing,<Substance CCC(C)(C)O{solv}{x=0.280700}|CCO{solv}{x=0.719300}>,CCC(C)(C)O,CCO,fb-fit-v0-single-mean-k20,2,-0.7223143120183098,0.0357170183224868,-0.7056,0.0031
8490,1560,dens_196896428021674416,405,Density,<Substance OCCCCO{solv}{x=0.250400}|O{solv}{x=0.749600}>,O,OCCCCO,fb-fit-v0-single-mean-k20,2,1.0102399422304296,0.0003386006403344,1.0206500000000005,0.000165
8491,1561,dhmix_204758826312645465,406,EnthalpyOfMixing,<Substance OCCCCO{solv}{x=0.498600}|O{solv}{x=0.501400}>,O,OCCCCO,fb-fit-v0-single-mean-k20,2,0.2686971730688281,0.0320429316369714,-0.882,0.011
8492,1562,dens_523660418548538159,407,Density,<Substance OCCCCO{solv}{x=0.502000}|O{solv}{x=0.498000}>,O,OCCCCO,fb-fit-v0-single-mean-k20,2,1.018350958365303,0.0004015246816965,1.0207100000000002,0.000175
8493,1563,dhmix_1424462945700338266,408,EnthalpyOfMixing,<Substance OCCCCO{solv}{x=0.794700}|O{solv}{x=0.205300}>,O,OCCCCO,fb-fit-v0-single-mean-k20,2,-0.0151870575049907,0.0460251452292498,-0.513,0.007
8494,1564,dhmix_2166372532060643622,409,EnthalpyOfMixing,<Substance OCCCCO{solv}{x=0.265800}|O{solv}{x=0.734200}>,O,OCCCCO,fb-fit-v0-single-mean-k20,2,0.5222270193626954,0.0307229970005451,-0.896,0.0115
8495,1565,dens_2215793475715067258,410,Density,<Substance OCCCCO{solv}{x=0.752800}|O{solv}{x=0.247200}>,O,OCCCCO,fb-fit-v0-single-mean-k20,2,1.0227884890080028,0.0008406328317083,1.0165900000000003,0.00018
8496,1566,dhmix_199788824133179829,411,EnthalpyOfMixing,<Substance CNc1ccccc1{solv}{x=0.497300}|Cc1ccccc1{solv}{x=0.502700}>,CNc1ccccc1,Cc1ccccc1,fb-fit-v0-single-mean-k20,2,0.8851604494457277,0.0430629606952186,0.497,0.0055
8497,1567,dens_515118724178190757,412,Density,<Substance CNc1ccccc1{solv}{x=0.740700}|Cc1ccccc1{solv}{x=0.259300}>,CNc1ccccc1,Cc1ccccc1,fb-fit-v0-single-mean-k20,2,0.9603193712191171,0.0002415066158604,0.9531280000000004,0.0002595
8498,1568,dens_730775902780400634,413,Density,<Substance CNc1ccccc1{solv}{x=0.245200}|Cc1ccccc1{solv}{x=0.754800}>,CNc1ccccc1,Cc1ccccc1,fb-fit-v0-single-mean-k20,2,0.8983246063732099,0.000206277700136,0.8935250000000002,0.000118
8499,1569,dhmix_1213795502778853356,414,EnthalpyOfMixing,<Substance CNc1ccccc1{solv}{x=0.295200}|Cc1ccccc1{solv}{x=0.704800}>,CNc1ccccc1,Cc1ccccc1,fb-fit-v0-single-mean-k20,2,0.759118285502737,0.0406678698173336,0.459,0.005
8500,1570,dhmix_1321810550349826496,415,EnthalpyOfMixing,<Substance CNc1ccccc1{solv}{x=0.789200}|Cc1ccccc1{solv}{x=0.210800}>,CNc1ccccc1,Cc1ccccc1,fb-fit-v0-single-mean-k20,2,0.6258240146357252,0.0456014379183661,0.287,0.003
8501,1571,dens_2156484405108449314,416,Density,<Substance CNc1ccccc1{solv}{x=0.490000}|Cc1ccccc1{solv}{x=0.510000}>,CNc1ccccc1,Cc1ccccc1,fb-fit-v0-single-mean-k20,2,0.9292118114018268,0.0001838644851924,0.9235800000000004,0.000164
8502,1572,dens_199829369486957606,417,Density,<Substance CC#N{solv}{x=0.200300}|c1ccccc1{solv}{x=0.799700}>,CC#N,c1ccccc1,fb-fit-v0-single-mean-k20,2,0.8682600182161007,0.0002436460109438,0.8623400000000002,7.000000000000002e-05
8503,1573,dhmix_217315956534335620,418,EnthalpyOfMixing,<Substance CC#N{solv}{x=0.771500}|c1ccccc1{solv}{x=0.228500}>,CC#N,c1ccccc1,fb-fit-v0-single-mean-k20,2,0.0777230269217561,0.029881324231613,0.3988,0.00815
8504,1574,dhmix_730497723685339496,419,EnthalpyOfMixing,<Substance CC#N{solv}{x=0.219600}|c1ccccc1{solv}{x=0.780400}>,CC#N,c1ccccc1,fb-fit-v0-single-mean-k20,2,-0.0432185477876103,0.0370413469652888,0.2399,0.00495
8505,1575,dhmix_1038591828122641798,420,EnthalpyOfMixing,<Substance CC#N{solv}{x=0.529500}|c1ccccc1{solv}{x=0.470500}>,CC#N,c1ccccc1,fb-fit-v0-single-mean-k20,2,0.0462047626500492,0.032058228094404,0.4415,0.00905
8506,1576,dens_1457706963514561052,421,Density,<Substance CC#N{solv}{x=0.500100}|c1ccccc1{solv}{x=0.499900}>,CC#N,c1ccccc1,fb-fit-v0-single-mean-k20,2,0.8376349338542222,0.0002240945333888,0.8384600000000002,7.500000000000002e-05
8507,1577,dens_2111393000623474162,422,Density,<Substance CC#N{solv}{x=0.700200}|c1ccccc1{solv}{x=0.299800}>,CC#N,c1ccccc1,fb-fit-v0-single-mean-k20,2,0.8122101464127172,0.0002839473870404,0.8174500000000002,7.500000000000002e-05
8508,1578,dens_201591193434833206,423,Density,<Substance CC(C)CC(C)(C)C{solv}{x=0.082400}|CCO{solv}{x=0.917600}>,CC(C)CC(C)(C)C,CCO,fb-fit-v0-single-mean-k20,2,0.7632245987201709,0.0003413255690049,0.7605800000000003,0.000125
8509,1579,dhmix_371477530823830451,424,EnthalpyOfMixing,<Substance CC(C)CC(C)(C)C{solv}{x=0.761700}|CCO{solv}{x=0.238300}>,CC(C)CC(C)(C)C,CCO,fb-fit-v0-single-mean-k20,2,0.7175085599369453,0.0566450718117373,0.634022,0.006851
8510,1580,dhmix_1127868571780691876,425,EnthalpyOfMixing,<Substance CC(C)CC(C)(C)C{solv}{x=0.515800}|CCO{solv}{x=0.484200}>,CC(C)CC(C)(C)C,CCO,fb-fit-v0-single-mean-k20,2,0.7412209003373675,0.0396652833746455,0.638973,0.006903
8511,1581,dens_1250915879314267304,426,Density,<Substance CC(C)CC(C)(C)C{solv}{x=0.493740}|CCO{solv}{x=0.506260}>,CC(C)CC(C)(C)C,CCO,fb-fit-v0-single-mean-k20,2,0.7288172118894571,0.0001688682511615,0.7110500000000001,7.500000000000002e-05
8512,1582,dens_1473791133383705310,427,Density,<Substance CC(C)CC(C)(C)C{solv}{x=0.735960}|CCO{solv}{x=0.264040}>,CC(C)CC(C)(C)C,CCO,fb-fit-v0-single-mean-k20,2,0.718338829438746,0.0001938386052366,0.6967900000000001,7.500000000000002e-05
8513,1583,dhmix_1870637719976274804,428,EnthalpyOfMixing,<Substance CC(C)CC(C)(C)C{solv}{x=0.081500}|CCO{solv}{x=0.918500}>,CC(C)CC(C)(C)C,CCO,fb-fit-v0-single-mean-k20,2,0.3017954657118729,0.0387601875884838,0.197762,0.0022405
8514,1584,dens_202472488934755108,429,Density,<Substance CCC#N{solv}{x=0.301800}|CCOC(C)(C)C{solv}{x=0.698200}>,CCC#N,CCOC(C)(C)C,fb-fit-v0-single-mean-k20,2,0.7542449508313798,0.0002447203312222,0.7455000000000002,0.0002
8515,1585,dens_266175665931869051,430,Density,<Substance CCC#N{solv}{x=0.701400}|CCOC(C)(C)C{solv}{x=0.298600}>,CCC#N,CCOC(C)(C)C,fb-fit-v0-single-mean-k20,2,0.7626173721912689,0.0002426802607854,0.7617000000000003,0.00035
8516,1586,dhmix_801664072836508009,431,EnthalpyOfMixing,<Substance CCC#N{solv}{x=0.301800}|CCOC(C)(C)C{solv}{x=0.698200}>,CCC#N,CCOC(C)(C)C,fb-fit-v0-single-mean-k20,2,0.0632496935681103,0.0469947660260541,0.4557,0.0062
8517,1587,dhmix_1220778152018571786,432,EnthalpyOfMixing,<Substance CCC#N{solv}{x=0.501400}|CCOC(C)(C)C{solv}{x=0.498600}>,CCC#N,CCOC(C)(C)C,fb-fit-v0-single-mean-k20,2,0.0413204176239752,0.0405123042835428,0.5053,0.00685
8518,1588,dhmix_1838699488178562925,433,EnthalpyOfMixing,<Substance CCC#N{solv}{x=0.701400}|CCOC(C)(C)C{solv}{x=0.298600}>,CCC#N,CCOC(C)(C)C,fb-fit-v0-single-mean-k20,2,0.1000633958036445,0.0364557913384392,0.4078,0.0056
8519,1589,dens_1870081876609026392,434,Density,<Substance CCC#N{solv}{x=0.501400}|CCOC(C)(C)C{solv}{x=0.498600}>,CCC#N,CCOC(C)(C)C,fb-fit-v0-single-mean-k20,2,0.7584514709128439,0.0002296520584549,0.7532000000000002,0.0003
8520,1590,dens_205210513551931414,435,Density,<Substance CCCC#N{solv}{x=0.200000}|c1ccccc1{solv}{x=0.800000}>,CCCC#N,c1ccccc1,fb-fit-v0-single-mean-k20,2,0.86275433389868,0.0002447503393084,0.8576940000000002,5.400000000000001e-05
8521,1591,dens_841576887891022329,436,Density,<Substance CCCC#N{solv}{x=0.500000}|c1ccccc1{solv}{x=0.500000}>,CCCC#N,c1ccccc1,fb-fit-v0-single-mean-k20,2,0.830592811171111,0.0002201673633265,0.8318550000000002,5.8000000000000014e-05
8522,1592,dhmix_901910638840590393,437,EnthalpyOfMixing,<Substance CCCC#N{solv}{x=0.503700}|c1ccccc1{solv}{x=0.496300}>,CCCC#N,c1ccccc1,fb-fit-v0-single-mean-k20,2,0.041108210553709,0.0389964519500717,-0.0659,0.00145
8523,1593,dhmix_1123099162248680479,438,EnthalpyOfMixing,<Substance CCCC#N{solv}{x=0.752800}|c1ccccc1{solv}{x=0.247200}>,CCCC#N,c1ccccc1,fb-fit-v0-single-mean-k20,2,-0.0126952231468564,0.036697386992775,-0.0312,0.0008
8524,1594,dhmix_1318990508180847616,439,EnthalpyOfMixing,<Substance CCCC#N{solv}{x=0.252800}|c1ccccc1{solv}{x=0.747200}>,CCCC#N,c1ccccc1,fb-fit-v0-single-mean-k20,2,-0.0040813796833276,0.0367087103838718,-0.0571,0.00125
8525,1595,dens_1950627772023797339,440,Density,<Substance CCCC#N{solv}{x=0.700000}|c1ccccc1{solv}{x=0.300000}>,CCCC#N,c1ccccc1,fb-fit-v0-single-mean-k20,2,0.8107876380040734,0.0002155180511319,0.8138540000000002,6.100000000000001e-05
8526,1596,dhmix_207411229673186667,441,EnthalpyOfMixing,<Substance CC(C)(C)Cl{solv}{x=0.774700}|CC(C)OC(C)C{solv}{x=0.225300}>,CC(C)(C)Cl,CC(C)OC(C)C,fb-fit-v0-single-mean-k20,2,-0.0552066041127083,0.0380647927272331,0.0035,0.0004
8527,1597,dhmix_263164663491745943,442,EnthalpyOfMixing,<Substance CC(C)(C)Cl{solv}{x=0.551200}|CC(C)OC(C)C{solv}{x=0.448800}>,CC(C)(C)Cl,CC(C)OC(C)C,fb-fit-v0-single-mean-k20,2,-0.0919102899205199,0.0330407310359232,0.0071,0.0004
8528,1598,dens_1527979990628499053,443,Density,<Substance CC(C)(C)Cl{solv}{x=0.514800}|CC(C)OC(C)C{solv}{x=0.485200}>,CC(C)(C)Cl,CC(C)OC(C)C,fb-fit-v0-single-mean-k20,2,0.788649091065987,0.0002627943366383,0.7723510000000002,0.00042
8529,1599,dens_1616242241384486673,444,Density,<Substance CC(C)(C)Cl{solv}{x=0.715200}|CC(C)OC(C)C{solv}{x=0.284800}>,CC(C)(C)Cl,CC(C)OC(C)C,fb-fit-v0-single-mean-k20,2,0.8154651725800627,0.0003037332605166,0.7971450000000002,0.0003945
8530,1600,dens_2075469437997722238,445,Density,<Substance CC(C)(C)Cl{solv}{x=0.199100}|CC(C)OC(C)C{solv}{x=0.800900}>,CC(C)(C)Cl,CC(C)OC(C)C,fb-fit-v0-single-mean-k20,2,0.7512070212755723,0.0002296829569794,0.7376660000000003,0.0004545
8531,1601,dhmix_2101531043492089277,446,EnthalpyOfMixing,<Substance CC(C)(C)Cl{solv}{x=0.219200}|CC(C)OC(C)C{solv}{x=0.780800}>,CC(C)(C)Cl,CC(C)OC(C)C,fb-fit-v0-single-mean-k20,2,-0.019051591063576,0.0400876790987297,0.007,0.0004
8532,1602,dens_210389881425986721,447,Density,<Substance C1COCO1{solv}{x=0.785000}|CCCCCC(C)=O{solv}{x=0.215000}>,C1COCO1,CCCCCC(C)=O,fb-fit-v0-single-mean-k20,2,0.9768850389306736,0.0002669421252948,0.9696500000000002,0.0003
8533,1603,dhmix_503329310014436107,448,EnthalpyOfMixing,<Substance C1COCO1{solv}{x=0.750000}|CCCCCC(C)=O{solv}{x=0.250000}>,C1COCO1,CCCCCC(C)=O,fb-fit-v0-single-mean-k20,2,0.4236675285941658,0.0342709045860003,0.37402,0.001955
8534,1604,dens_824084186033535550,449,Density,<Substance C1COCO1{solv}{x=0.507100}|CCCCCC(C)=O{solv}{x=0.492900}>,C1COCO1,CCCCCC(C)=O,fb-fit-v0-single-mean-k20,2,0.896007037943022,0.0002368100423132,0.8936300000000003,0.00034
8535,1605,dens_839548343309182157,450,Density,<Substance C1COCO1{solv}{x=0.244000}|CCCCCC(C)=O{solv}{x=0.756000}>,C1COCO1,CCCCCC(C)=O,fb-fit-v0-single-mean-k20,2,0.844432513985545,0.000199894952056,0.8445200000000002,0.00038
8536,1606,dhmix_1519451899562488304,451,EnthalpyOfMixing,<Substance C1COCO1{solv}{x=0.250000}|CCCCCC(C)=O{solv}{x=0.750000}>,C1COCO1,CCCCCC(C)=O,fb-fit-v0-single-mean-k20,2,0.3542028993750179,0.0476986681859845,0.2754,0.00155
8537,1607,dhmix_1874814461447958752,452,EnthalpyOfMixing,<Substance C1COCO1{solv}{x=0.500000}|CCCCCC(C)=O{solv}{x=0.500000}>,C1COCO1,CCCCCC(C)=O,fb-fit-v0-single-mean-k20,2,0.3852029783012796,0.0411574115944851,0.43148,0.00217
8538,1608,dhmix_219236717194413479,453,EnthalpyOfMixing,<Substance CCOc1ccccc1{solv}{x=0.762500}|OCCCc1ccccc1{solv}{x=0.237500}>,CCOc1ccccc1,OCCCc1ccccc1,fb-fit-v0-single-mean-k20,2,1.1540107419349257,0.0502949709551268,1.1164,0.01195
8539,1609,dens_391027492102555874,454,Density,<Substance CCOc1ccccc1{solv}{x=0.515000}|OCCCc1ccccc1{solv}{x=0.485000}>,CCOc1ccccc1,OCCCc1ccccc1,fb-fit-v0-single-mean-k20,2,0.9707446881623648,0.0002102953371993,0.9715100000000002,0.00026
8540,1610,dens_603450583692592837,455,Density,<Substance CCOc1ccccc1{solv}{x=0.707400}|OCCCc1ccccc1{solv}{x=0.292600}>,CCOc1ccccc1,OCCCc1ccccc1,fb-fit-v0-single-mean-k20,2,0.9623413518044582,0.0001926657380012,0.9634300000000002,0.00026
8541,1611,dhmix_1297428070131435744,456,EnthalpyOfMixing,<Substance CCOc1ccccc1{solv}{x=0.516900}|OCCCc1ccccc1{solv}{x=0.483100}>,CCOc1ccccc1,OCCCc1ccccc1,fb-fit-v0-single-mean-k20,2,0.8422931016406494,0.0492108913129338,0.989,0.0106
8542,1612,dens_1659818614169719187,457,Density,<Substance CCOc1ccccc1{solv}{x=0.216400}|OCCCc1ccccc1{solv}{x=0.783600}>,CCOc1ccccc1,OCCCc1ccccc1,fb-fit-v0-single-mean-k20,2,0.9842672193078784,0.0001963171255066,0.9832000000000004,0.00026
8543,1613,dhmix_2058966624473104004,458,EnthalpyOfMixing,<Substance CCOc1ccccc1{solv}{x=0.262900}|OCCCc1ccccc1{solv}{x=0.737100}>,CCOc1ccccc1,OCCCc1ccccc1,fb-fit-v0-single-mean-k20,2,0.710596345851755,0.0460939586460351,0.7,0.00755
8544,1614,dhmix_224977805525763267,459,EnthalpyOfMixing,<Substance OCCO{solv}{x=0.519300}|O{solv}{x=0.480700}>,O,OCCO,fb-fit-v0-single-mean-k20,2,-0.1125442738731266,0.0344518876314937,-0.64,0.0035
8545,1615,dhmix_454389511592218960,460,EnthalpyOfMixing,<Substance OCCO{solv}{x=0.790900}|O{solv}{x=0.209100}>,O,OCCO,fb-fit-v0-single-mean-k20,2,-0.0840235950780403,0.0401387700134914,-0.347,0.0025
8546,1616,dens_624011570206871166,461,Density,<Substance OCCO{solv}{x=0.500560}|O{solv}{x=0.499440}>,O,OCCO,fb-fit-v0-single-mean-k20,2,1.093161384677678,0.0003634426670574,1.0923200000000002,0.0005
8547,1617,dhmix_997365299263661959,462,EnthalpyOfMixing,<Substance OCCO{solv}{x=0.205100}|O{solv}{x=0.794900}>,O,OCCO,fb-fit-v0-single-mean-k20,2,-0.0743723489392316,0.0249316172469655,-0.681,0.004
8548,1618,dens_1521229282261002740,463,Density,<Substance OCCO{solv}{x=0.299010}|O{solv}{x=0.700990}>,O,OCCO,fb-fit-v0-single-mean-k20,2,1.0686100933352074,0.0003808375741832,1.0735400000000002,0.0005
8549,1619,dens_2015496231826454735,464,Density,<Substance OCCO{solv}{x=0.706260}|O{solv}{x=0.293740}>,O,OCCO,fb-fit-v0-single-mean-k20,2,1.1099220977357724,0.0003005306266471,1.1022400000000003,0.0005
8550,1620,dhmix_230261418136264651,465,EnthalpyOfMixing,<Substance CCCCOC(C)=O{solv}{x=0.700700}|CCOC(C)=O{solv}{x=0.299300}>,CCCCOC(C)=O,CCOC(C)=O,fb-fit-v0-single-mean-k20,2,0.0769239893577946,0.0389917319949039,0.0594,0.001
8551,1621,dhmix_287092636460772443,466,EnthalpyOfMixing,<Substance CCCCOC(C)=O{solv}{x=0.501800}|CCOC(C)=O{solv}{x=0.498200}>,CCCCOC(C)=O,CCOC(C)=O,fb-fit-v0-single-mean-k20,2,-0.0066502055117183,0.0387053252861299,0.076,0.0012
8552,1622,dens_436289636626232396,467,Density,<Substance CCCCOC(C)=O{solv}{x=0.501800}|CCOC(C)=O{solv}{x=0.498200}>,CCCCOC(C)=O,CCOC(C)=O,fb-fit-v0-single-mean-k20,2,0.8893378784113065,0.000218609283649,0.8829000000000002,0.0002
8553,1623,dens_1739528506032569134,468,Density,<Substance CCCCOC(C)=O{solv}{x=0.201200}|CCOC(C)=O{solv}{x=0.798800}>,CCCCOC(C)=O,CCOC(C)=O,fb-fit-v0-single-mean-k20,2,0.8962963472767143,0.0002200385837342,0.8889000000000001,0.0002
8554,1624,dhmix_1951544232160779982,469,EnthalpyOfMixing,<Substance CCCCOC(C)=O{solv}{x=0.201200}|CCOC(C)=O{solv}{x=0.798800}>,CCCCOC(C)=O,CCOC(C)=O,fb-fit-v0-single-mean-k20,2,0.0462483232364547,0.0434105206809754,0.0524,0.0009
8555,1625,dens_2199004103648094822,470,Density,<Substance CCCCOC(C)=O{solv}{x=0.700700}|CCOC(C)=O{solv}{x=0.299300}>,CCCCOC(C)=O,CCOC(C)=O,fb-fit-v0-single-mean-k20,2,0.8860615417438964,0.0002136461507357,0.8797000000000003,0.0002
8556,1626,dens_230610561971140401,471,Density,<Substance CN(C)CCO{solv}{x=0.507700}|O{solv}{x=0.492300}>,CN(C)CCO,O,fb-fit-v0-single-mean-k20,2,0.93198448387831,0.0003968447816548,0.9237220000000002,0.000504
8557,1627,dens_531222131704065782,472,Density,<Substance CN(C)CCO{solv}{x=0.765200}|O{solv}{x=0.234800}>,CN(C)CCO,O,fb-fit-v0-single-mean-k20,2,0.9147947803877736,0.0002931960093677,0.8989030000000002,0.0005805
8558,1628,dhmix_569544738684419327,473,EnthalpyOfMixing,<Substance CN(C)CCO{solv}{x=0.536500}|O{solv}{x=0.463500}>,CN(C)CCO,O,fb-fit-v0-single-mean-k20,2,-2.933595205560202,0.0407311686585707,-2.575,0.0525
8559,1629,dens_1319192913326669904,474,Density,<Substance CN(C)CCO{solv}{x=0.264330}|O{solv}{x=0.735670}>,CN(C)CCO,O,fb-fit-v0-single-mean-k20,2,0.9485824799943056,0.0002924015871549,0.9590000000000002,0.0029
8560,1630,dhmix_1669606825693628140,475,EnthalpyOfMixing,<Substance CN(C)CCO{solv}{x=0.205200}|O{solv}{x=0.794800}>,CN(C)CCO,O,fb-fit-v0-single-mean-k20,2,-1.896687016502483,0.0266864782917496,-2.587,0.0525
8561,1631,dhmix_1723343163215510297,476,EnthalpyOfMixing,<Substance CN(C)CCO{solv}{x=0.799600}|O{solv}{x=0.200400}>,CN(C)CCO,O,fb-fit-v0-single-mean-k20,2,-1.494362243194843,0.0440240030249774,-1.247,0.0255
8562,1632,dens_233554406241639981,477,Density,<Substance CC(C)CC(C)(C)C{solv}{x=0.200000}|CCCCOCCCC{solv}{x=0.800000}>,CC(C)CC(C)(C)C,CCCCOCCCC,fb-fit-v0-single-mean-k20,2,0.7527485222504091,0.0001582535720077,0.7497500000000001,0.00017
8563,1633,dhmix_465541682585001245,478,EnthalpyOfMixing,<Substance CC(C)CC(C)(C)C{solv}{x=0.200400}|CCCCOCCCC{solv}{x=0.799600}>,CC(C)CC(C)(C)C,CCCCOCCCC,fb-fit-v0-single-mean-k20,2,0.2825199278460957,0.0554589094279141,0.07397,0.00099
8564,1634,dhmix_1505777056782392294,479,EnthalpyOfMixing,<Substance CC(C)CC(C)(C)C{solv}{x=0.400400}|CCCCOCCCC{solv}{x=0.599600}>,CC(C)CC(C)(C)C,CCCCOCCCC,fb-fit-v0-single-mean-k20,2,0.2258765342045308,0.053186576619941,0.11538,0.001385
8565,1635,dhmix_1595104467389948583,480,EnthalpyOfMixing,<Substance CC(C)CC(C)(C)C{solv}{x=0.700500}|CCCCOCCCC{solv}{x=0.299500}>,CC(C)CC(C)(C)C,CCCCOCCCC,fb-fit-v0-single-mean-k20,2,0.3385102419615293,0.0532326440709446,0.10948,0.00133
8566,1636,dens_1672861274914038509,481,Density,<Substance CC(C)CC(C)(C)C{solv}{x=0.399700}|CCCCOCCCC{solv}{x=0.600300}>,CC(C)CC(C)(C)C,CCCCOCCCC,fb-fit-v0-single-mean-k20,2,0.7426827691074357,0.0001659466056453,0.7348100000000001,0.000175
8567,1637,dens_1954694146948787176,482,Density,<Substance CC(C)CC(C)(C)C{solv}{x=0.700000}|CCCCOCCCC{solv}{x=0.300000}>,CC(C)CC(C)(C)C,CCCCOCCCC,fb-fit-v0-single-mean-k20,2,0.7278215565139485,0.0002008565787899,0.7117300000000002,0.000185
8568,1638,dens_234746850701826990,483,Density,<Substance CC#N{solv}{x=0.700000}|CCCCCO{solv}{x=0.300000}>,CC#N,CCCCCO,fb-fit-v0-single-mean-k20,2,0.7888189148338262,0.0002418627656522,0.7924200000000001,0.000165
8569,1639,dens_1261543146081029601,484,Density,<Substance CC#N{solv}{x=0.500300}|CCCCCO{solv}{x=0.499700}>,CC#N,CCCCCO,fb-fit-v0-single-mean-k20,2,0.7994487968447347,0.0002426194783942,0.7996400000000001,0.000185
8570,1640,dens_1462197010819319813,485,Density,<Substance CC#N{solv}{x=0.203100}|CCCCCO{solv}{x=0.796900}>,CC#N,CCCCCO,fb-fit-v0-single-mean-k20,2,0.8113036632226249,0.0002482392540786,0.8090600000000001,0.00022
8571,1641,dhmix_1595997756227951615,486,EnthalpyOfMixing,<Substance CC#N{solv}{x=0.235500}|CCCCCO{solv}{x=0.764500}>,CC#N,CCCCCO,fb-fit-v0-single-mean-k20,2,1.647843558849452,0.0397476382285216,1.451,0.006
8572,1642,dhmix_1745037615762894827,487,EnthalpyOfMixing,<Substance CC#N{solv}{x=0.516700}|CCCCCO{solv}{x=0.483300}>,CC#N,CCCCCO,fb-fit-v0-single-mean-k20,2,2.1224024086728406,0.0323824315251795,2.017,0.008
8573,1643,dhmix_2294048253872291609,488,EnthalpyOfMixing,<Substance CC#N{solv}{x=0.771100}|CCCCCO{solv}{x=0.228900}>,CC#N,CCCCCO,fb-fit-v0-single-mean-k20,2,1.6345365491368682,0.0309200412457094,1.656,0.007
8574,1644,dens_237912652331354824,489,Density,<Substance C1COCCO1{solv}{x=0.512200}|CCCC(C)=O{solv}{x=0.487800}>,C1COCCO1,CCCC(C)=O,fb-fit-v0-single-mean-k20,2,0.8993342361492255,0.0002401492935043,0.90478,0.00023
8575,1645,dhmix_951401191616771155,490,EnthalpyOfMixing,<Substance C1COCCO1{solv}{x=0.750000}|CCCC(C)=O{solv}{x=0.250000}>,C1COCCO1,CCCC(C)=O,fb-fit-v0-single-mean-k20,2,0.2784051274146435,0.0351924199352227,0.23761,0.00135
8576,1646,dens_1815088975543208186,491,Density,<Substance C1COCCO1{solv}{x=0.225400}|CCCC(C)=O{solv}{x=0.774600}>,C1COCCO1,CCCC(C)=O,fb-fit-v0-single-mean-k20,2,0.8379127906724684,0.0002609267782972,0.8442800000000001,0.00022
8577,1647,dens_2079717107234551519,492,Density,<Substance C1COCCO1{solv}{x=0.782300}|CCCC(C)=O{solv}{x=0.217700}>,C1COCCO1,CCCC(C)=O,fb-fit-v0-single-mean-k20,2,0.965704499471566,0.0002739707398534,0.9692000000000004,0.000245
8578,1648,dhmix_2166059870593139530,493,EnthalpyOfMixing,<Substance C1COCCO1{solv}{x=0.500000}|CCCC(C)=O{solv}{x=0.500000}>,C1COCCO1,CCCC(C)=O,fb-fit-v0-single-mean-k20,2,0.2682092846077353,0.041685422470359,0.26523,0.001455
8579,1649,dhmix_2196150660196365471,494,EnthalpyOfMixing,<Substance C1COCCO1{solv}{x=0.250000}|CCCC(C)=O{solv}{x=0.750000}>,C1COCCO1,CCCC(C)=O,fb-fit-v0-single-mean-k20,2,0.1322601676976056,0.0388906727817673,0.1704,0.001085
8580,1650,dhmix_243334109655928306,495,EnthalpyOfMixing,<Substance C1CCOCC1{solv}{x=0.783200}|c1ccccc1{solv}{x=0.216800}>,C1CCOCC1,c1ccccc1,fb-fit-v0-single-mean-k20,2,-0.0678600196884673,0.0472318738331775,-0.1399,0.00165
8581,1651,dens_257753427541292519,496,Density,<Substance C1CCOCC1{solv}{x=0.479400}|c1ccccc1{solv}{x=0.520600}>,C1CCOCC1,c1ccccc1,fb-fit-v0-single-mean-k20,2,0.8800781159055595,0.0002400530082236,0.8778700000000003,0.000505
8582,1652,dhmix_604341867718608333,497,EnthalpyOfMixing,<Substance C1CCOCC1{solv}{x=0.242500}|c1ccccc1{solv}{x=0.757500}>,C1CCOCC1,c1ccccc1,fb-fit-v0-single-mean-k20,2,-0.072888828176616,0.0406647536156179,-0.1608,0.00185
8583,1653,dens_791001710124267373,498,Density,<Substance C1CCOCC1{solv}{x=0.223900}|c1ccccc1{solv}{x=0.776100}>,C1CCOCC1,c1ccccc1,fb-fit-v0-single-mean-k20,2,0.8829897964381332,0.0001822218963638,0.8761000000000002,0.0005
8584,1654,dens_1402061243325720407,499,Density,<Substance C1CCOCC1{solv}{x=0.743200}|c1ccccc1{solv}{x=0.256800}>,C1CCOCC1,c1ccccc1,fb-fit-v0-single-mean-k20,2,0.8765989553221247,0.0002165116060721,0.8789500000000002,0.000505
8585,1655,dhmix_1407142629314355761,500,EnthalpyOfMixing,<Substance C1CCOCC1{solv}{x=0.498200}|c1ccccc1{solv}{x=0.501800}>,C1CCOCC1,c1ccccc1,fb-fit-v0-single-mean-k20,2,-0.094594464405489,0.0389111566249328,-0.2365,0.00265
8586,1656,dhmix_266800455813556356,501,EnthalpyOfMixing,<Substance CO{solv}{x=0.727200}|OCc1ccccc1{solv}{x=0.272800}>,CO,OCc1ccccc1,fb-fit-v0-single-mean-k20,2,0.16287277953219,0.0319476488777448,-0.0792,0.001
8587,1657,dhmix_949671607207910651,502,EnthalpyOfMixing,<Substance CO{solv}{x=0.500500}|OCc1ccccc1{solv}{x=0.499500}>,CO,OCc1ccccc1,fb-fit-v0-single-mean-k20,2,-0.1074310201026946,0.0542061300265992,-0.1408,0.00165
8588,1658,dhmix_1388744759732522219,503,EnthalpyOfMixing,<Substance CO{solv}{x=0.200200}|OCc1ccccc1{solv}{x=0.799800}>,CO,OCc1ccccc1,fb-fit-v0-single-mean-k20,2,-0.0162408478362721,0.0467846280555945,-0.1081,0.0013
8589,1659,dens_270046772857960816,504,Density,<Substance C1CCOCC1{solv}{x=0.732100}|Cc1ccccc1{solv}{x=0.267900}>,C1CCOCC1,Cc1ccccc1,fb-fit-v0-single-mean-k20,2,0.8720775144102156,0.0002192905083763,0.8754100000000001,0.000505
8590,1660,dens_324774743687652276,505,Density,<Substance C1CCOCC1{solv}{x=0.238700}|Cc1ccccc1{solv}{x=0.761300}>,C1CCOCC1,Cc1ccccc1,fb-fit-v0-single-mean-k20,2,0.8695635908022334,0.0002107504327116,0.8669900000000003,0.000505
8591,1661,dhmix_390107187187002597,506,EnthalpyOfMixing,<Substance C1CCOCC1{solv}{x=0.531900}|Cc1ccccc1{solv}{x=0.468100}>,C1CCOCC1,Cc1ccccc1,fb-fit-v0-single-mean-k20,2,-0.1712148119229368,0.0372265216306589,-0.2225,0.0025
8592,1662,dhmix_1070320975529400325,507,EnthalpyOfMixing,<Substance C1CCOCC1{solv}{x=0.280600}|Cc1ccccc1{solv}{x=0.719400}>,C1CCOCC1,Cc1ccccc1,fb-fit-v0-single-mean-k20,2,-0.2507932000921045,0.0405519985903159,-0.1687,0.00195
8593,1663,dens_1397318239527979287,508,Density,<Substance C1CCOCC1{solv}{x=0.491500}|Cc1ccccc1{solv}{x=0.508500}>,C1CCOCC1,Cc1ccccc1,fb-fit-v0-single-mean-k20,2,0.8710262917102579,0.0001717612857159,0.8715100000000002,0.000505
8594,1664,dhmix_1508130989501940613,509,EnthalpyOfMixing,<Substance C1CCOCC1{solv}{x=0.741300}|Cc1ccccc1{solv}{x=0.258700}>,C1CCOCC1,Cc1ccccc1,fb-fit-v0-single-mean-k20,2,-0.1482465663428627,0.0426916840272811,-0.1629,0.0019
8595,1665,dhmix_271732469428717581,510,EnthalpyOfMixing,<Substance COc1ccccc1{solv}{x=0.237400}|OCCCc1ccccc1{solv}{x=0.762600}>,COc1ccccc1,OCCCc1ccccc1,fb-fit-v0-single-mean-k20,2,0.5958620986959176,0.0479290054171867,0.6076,0.0066
8596,1666,dhmix_1174392275991455181,511,EnthalpyOfMixing,<Substance COc1ccccc1{solv}{x=0.554700}|OCCCc1ccccc1{solv}{x=0.445300}>,COc1ccccc1,OCCCc1ccccc1,fb-fit-v0-single-mean-k20,2,0.9877163895149224,0.0562592206557374,1.0293,0.01105
8597,1667,dhmix_1179341622676685107,512,EnthalpyOfMixing,<Substance COc1ccccc1{solv}{x=0.713600}|OCCCc1ccccc1{solv}{x=0.286400}>,COc1ccccc1,OCCCc1ccccc1,fb-fit-v0-single-mean-k20,2,0.9385763591275308,0.0451068128741156,1.1088,0.0119
8598,1668,dens_1468428612899754720,513,Density,<Substance COc1ccccc1{solv}{x=0.747700}|OCCCc1ccccc1{solv}{x=0.252300}>,COc1ccccc1,OCCCc1ccccc1,fb-fit-v0-single-mean-k20,2,0.9776323262485987,0.0001504270962994,0.9827800000000002,0.00026
8599,1669,dens_1534619098234859574,514,Density,<Substance COc1ccccc1{solv}{x=0.555100}|OCCCc1ccccc1{solv}{x=0.444900}>,COc1ccccc1,OCCCc1ccccc1,fb-fit-v0-single-mean-k20,2,0.9818560401696425,0.0001361468873646,0.9852700000000002,0.00026
8600,1670,dens_2298154173340539222,515,Density,<Substance COc1ccccc1{solv}{x=0.263600}|OCCCc1ccccc1{solv}{x=0.736400}>,COc1ccccc1,OCCCc1ccccc1,fb-fit-v0-single-mean-k20,2,0.9876888892928324,0.0002653248084396,0.9885500000000002,0.00026
8601,1671,dens_274848672468745759,516,Density,<Substance CCCCOC(C)=O{solv}{x=0.293400}|c1ccccc1{solv}{x=0.706600}>,CCCCOC(C)=O,c1ccccc1,fb-fit-v0-single-mean-k20,2,0.8824417655359498,0.0002368846668228,0.8736600000000002,0.00021
8602,1672,dens_493354132810710227,517,Density,<Substance CCCCOC(C)=O{solv}{x=0.710500}|c1ccccc1{solv}{x=0.289500}>,CCCCOC(C)=O,c1ccccc1,fb-fit-v0-single-mean-k20,2,0.8808189934538696,0.000207036557995,0.8751500000000002,0.000335
8603,1673,dhmix_754807126845437364,518,EnthalpyOfMixing,<Substance CCCCOC(C)=O{solv}{x=0.495800}|c1ccccc1{solv}{x=0.504200}>,CCCCOC(C)=O,c1ccccc1,fb-fit-v0-single-mean-k20,2,-0.0057155229420402,0.0470562112038792,-0.0245,0.001
8604,1674,dens_834118541551127044,519,Density,<Substance CCCCOC(C)=O{solv}{x=0.504400}|c1ccccc1{solv}{x=0.495600}>,CCCCOC(C)=O,c1ccccc1,fb-fit-v0-single-mean-k20,2,0.8817175101662255,0.0002142262555763,0.8744300000000002,0.000265
8605,1675,dhmix_1349932525480083284,520,EnthalpyOfMixing,<Substance CCCCOC(C)=O{solv}{x=0.252300}|c1ccccc1{solv}{x=0.747700}>,CCCCOC(C)=O,c1ccccc1,fb-fit-v0-single-mean-k20,2,-0.0072536441452797,0.0440297310364794,-0.014,0.0009
8606,1676,dhmix_1597992980658352112,521,EnthalpyOfMixing,<Substance CCCCOC(C)=O{solv}{x=0.771400}|c1ccccc1{solv}{x=0.228600}>,CCCCOC(C)=O,c1ccccc1,fb-fit-v0-single-mean-k20,2,-0.1030840814363518,0.050636275610479,-0.0245,0.001
8607,1677,dens_275501958869207518,522,Density,<Substance C1CCOCC1{solv}{x=0.226300}|Cc1ccccc1Cl{solv}{x=0.773700}>,C1CCOCC1,Cc1ccccc1Cl,fb-fit-v0-single-mean-k20,2,1.0465294016913786,0.0002284375738287,1.0396,0.0005
8608,1678,dhmix_818597523255588519,523,EnthalpyOfMixing,<Substance C1CCOCC1{solv}{x=0.753300}|Cc1ccccc1Cl{solv}{x=0.246700}>,C1CCOCC1,Cc1ccccc1Cl,fb-fit-v0-single-mean-k20,2,-0.3722883495736653,0.0443014785356943,-0.154,0.001
8609,1679,dhmix_849121557716978550,524,EnthalpyOfMixing,<Substance C1CCOCC1{solv}{x=0.517500}|Cc1ccccc1Cl{solv}{x=0.482500}>,C1CCOCC1,Cc1ccccc1Cl,fb-fit-v0-single-mean-k20,2,-0.3285858557954668,0.0399886513029209,-0.22,0.0015
8610,1680,dens_946978292781731327,525,Density,<Substance C1CCOCC1{solv}{x=0.478400}|Cc1ccccc1Cl{solv}{x=0.521600}>,C1CCOCC1,Cc1ccccc1Cl,fb-fit-v0-single-mean-k20,2,0.9960722242020787,0.0002431778698341,0.9931600000000002,0.00051
8611,1681,dhmix_997266220336132741,526,EnthalpyOfMixing,<Substance C1CCOCC1{solv}{x=0.263200}|Cc1ccccc1Cl{solv}{x=0.736800}>,C1CCOCC1,Cc1ccccc1Cl,fb-fit-v0-single-mean-k20,2,-0.2421967966628813,0.0423438720704333,-0.175,0.001
8612,1682,dens_1191185394819541532,527,Density,<Substance C1CCOCC1{solv}{x=0.765800}|Cc1ccccc1Cl{solv}{x=0.234200}>,C1CCOCC1,Cc1ccccc1Cl,fb-fit-v0-single-mean-k20,2,0.9325157833241215,0.0002427829602075,0.9336500000000002,0.000505
8613,1683,dhmix_278334692660393021,528,EnthalpyOfMixing,<Substance CCCCCCC{solv}{x=0.205900}|CNc1ccccc1{solv}{x=0.794100}>,CCCCCCC,CNc1ccccc1,fb-fit-v0-single-mean-k20,2,1.5507910885340408,0.0602259746111853,1.126,0.012
8614,1684,dens_480658478095207102,529,Density,<Substance CCCCCCC{solv}{x=0.740500}|CNc1ccccc1{solv}{x=0.259500}>,CCCCCCC,CNc1ccccc1,fb-fit-v0-single-mean-k20,2,0.7424021025846769,0.0002020192905337,0.7424910000000001,0.00014
8615,1685,dhmix_898293423987680187,530,EnthalpyOfMixing,<Substance CCCCCCC{solv}{x=0.501700}|CNc1ccccc1{solv}{x=0.498300}>,CCCCCCC,CNc1ccccc1,fb-fit-v0-single-mean-k20,2,1.962416717336879,0.0476259550568717,1.676,0.018
8616,1686,dens_1509968737377061562,531,Density,<Substance CCCCCCC{solv}{x=0.250900}|CNc1ccccc1{solv}{x=0.749100}>,CCCCCCC,CNc1ccccc1,fb-fit-v0-single-mean-k20,2,0.8957514911338401,0.000179193700247,0.8897150000000003,0.0002615
8617,1687,dhmix_1680546488782143957,532,EnthalpyOfMixing,<Substance CCCCCCC{solv}{x=0.703200}|CNc1ccccc1{solv}{x=0.296800}>,CCCCCCC,CNc1ccccc1,fb-fit-v0-single-mean-k20,2,2.191823651249436,0.0444613583773537,1.539,0.0165
8618,1688,dens_2074014246120135820,533,Density,<Substance CCCCCCC{solv}{x=0.497000}|CNc1ccccc1{solv}{x=0.503000}>,CCCCCCC,CNc1ccccc1,fb-fit-v0-single-mean-k20,2,0.8134898241367621,0.0002139186343543,0.8106920000000002,0.0001785
8619,1689,dens_296890921001565391,534,Density,<Substance CCCCN{solv}{x=0.755200}|CN(C)C=O{solv}{x=0.244800}>,CCCCN,CN(C)C=O,fb-fit-v0-single-mean-k20,2,0.7857037133275504,0.0002681722554333,0.7762150000000002,0.000949
8620,1690,dens_380536870617309130,535,Density,<Substance CCCCN{solv}{x=0.242800}|CN(C)C=O{solv}{x=0.757200}>,CCCCN,CN(C)C=O,fb-fit-v0-single-mean-k20,2,0.8741466907572765,0.0002633022413498,0.8845160000000002,0.0010795
8621,1691,dhmix_493117160214491795,536,EnthalpyOfMixing,<Substance CCCCN{solv}{x=0.244100}|CN(C)C=O{solv}{x=0.755900}>,CCCCN,CN(C)C=O,fb-fit-v0-single-mean-k20,2,0.2293949290034831,0.0365076999143557,0.245,0.008
8622,1692,dhmix_789225002934078019,537,EnthalpyOfMixing,<Substance CCCCN{solv}{x=0.750200}|CN(C)C=O{solv}{x=0.249800}>,CCCCN,CN(C)C=O,fb-fit-v0-single-mean-k20,2,0.2140630567361654,0.046176949546168,0.32,0.01
8623,1693,dhmix_941321571782058819,538,EnthalpyOfMixing,<Substance CCCCN{solv}{x=0.499200}|CN(C)C=O{solv}{x=0.500800}>,CCCCN,CN(C)C=O,fb-fit-v0-single-mean-k20,2,0.2737073773106786,0.0359996968834868,0.384,0.0115
8624,1694,dens_2179361372918836941,539,Density,<Substance CCCCN{solv}{x=0.497200}|CN(C)C=O{solv}{x=0.502800}>,CCCCN,CN(C)C=O,fb-fit-v0-single-mean-k20,2,0.8291743579884829,0.0002304983189234,0.8277360000000001,0.001011
8625,1695,dens_300257448272323407,540,Density,<Substance CC(C)O{solv}{x=0.745200}|NCCN{solv}{x=0.254800}>,CC(C)O,NCCN,fb-fit-v0-single-mean-k20,2,0.8383478641559018,0.0002790997895773,0.8163970000000003,0.0002325
8626,1696,dens_924750366683277351,541,Density,<Substance CC(C)O{solv}{x=0.203100}|NCCN{solv}{x=0.796900}>,CC(C)O,NCCN,fb-fit-v0-single-mean-k20,2,0.9430278513656176,0.000260018263622,0.8736620000000003,0.0002225
8627,1697,dens_2284409308160572308,542,Density,<Substance CC(C)O{solv}{x=0.489100}|NCCN{solv}{x=0.510900}>,CC(C)O,NCCN,fb-fit-v0-single-mean-k20,2,0.8836467807134217,0.0002354414091946,0.8449250000000001,0.0002245
8628,1698,dens_305501840068636812,543,Density,<Substance CC(C)=O{solv}{x=0.750000}|CCO{solv}{x=0.250000}>,CC(C)=O,CCO,fb-fit-v0-single-mean-k20,2,0.779975977284864,0.0003255391445714,0.7859000000000002,0.000115
8629,1699,dens_472577738907297293,544,Density,<Substance CC(C)=O{solv}{x=0.250000}|CCO{solv}{x=0.750000}>,CC(C)=O,CCO,fb-fit-v0-single-mean-k20,2,0.7811627101697763,0.0003287230676703,0.7861600000000002,0.000115
8630,1700,dens_2271083741716457850,545,Density,<Substance CC(C)=O{solv}{x=0.499900}|CCO{solv}{x=0.500100}>,CC(C)=O,CCO,fb-fit-v0-single-mean-k20,2,0.7797756475362736,0.0002867603811578,0.7861900000000003,0.000115
8631,1701,dens_307445163336341047,546,Density,<Substance CN1CCCC1=O{solv}{x=0.703700}|ClCCCl{solv}{x=0.296300}>,CN1CCCC1=O,ClCCCl,fb-fit-v0-single-mean-k20,2,1.0712147268677408,0.0002768087417503,1.0851000000000002,0.0002
8632,1702,dhmix_453866769634566853,547,EnthalpyOfMixing,<Substance CN1CCCC1=O{solv}{x=0.253100}|ClCCCl{solv}{x=0.746900}>,CN1CCCC1=O,ClCCCl,fb-fit-v0-single-mean-k20,2,-0.4674144642411502,0.035803403806325,-0.8118,0.01525
8633,1703,dhmix_536206650470008584,548,EnthalpyOfMixing,<Substance CN1CCCC1=O{solv}{x=0.500000}|ClCCCl{solv}{x=0.500000}>,CN1CCCC1=O,ClCCCl,fb-fit-v0-single-mean-k20,2,-0.6040583393971399,0.0352984379545574,-1.264,0.0055
8634,1704,dens_1046625605566999080,549,Density,<Substance CN1CCCC1=O{solv}{x=0.202500}|ClCCCl{solv}{x=0.797500}>,CN1CCCC1=O,ClCCCl,fb-fit-v0-single-mean-k20,2,1.1854920407164338,0.0004008486365417,1.1953000000000005,0.00025
8635,1705,dhmix_1620571823529677157,550,EnthalpyOfMixing,<Substance CN1CCCC1=O{solv}{x=0.736700}|ClCCCl{solv}{x=0.263300}>,CN1CCCC1=O,ClCCCl,fb-fit-v0-single-mean-k20,2,-0.4297714634371363,0.0390935459232668,-0.8587,0.01605
8636,1706,dens_2059567022041766694,551,Density,<Substance CN1CCCC1=O{solv}{x=0.497500}|ClCCCl{solv}{x=0.502500}>,CN1CCCC1=O,ClCCCl,fb-fit-v0-single-mean-k20,2,1.1186603975831564,0.0002712509902399,1.1283000000000003,0.0002
8637,1707,dens_313234519309892479,552,Density,<Substance CC(=O)N(C)C{solv}{x=0.293800}|CCCCCCCCCl{solv}{x=0.706200}>,CC(=O)N(C)C,CCCCCCCCCl,fb-fit-v0-single-mean-k20,2,0.8752267036090225,0.0001766113517899,0.8796000000000003,0.00045
8638,1708,dhmix_444785917463403590,553,EnthalpyOfMixing,<Substance CC(=O)N(C)C{solv}{x=0.703000}|CCCCCCCCCl{solv}{x=0.297000}>,CC(=O)N(C)C,CCCCCCCCCl,fb-fit-v0-single-mean-k20,2,0.9300485507275766,0.0460944240489189,0.751,0.004
8639,1709,dhmix_705168937124106402,554,EnthalpyOfMixing,<Substance CC(=O)N(C)C{solv}{x=0.215000}|CCCCCCCCCl{solv}{x=0.785000}>,CC(=O)N(C)C,CCCCCCCCCl,fb-fit-v0-single-mean-k20,2,0.6872674514563499,0.0540980055581031,0.519,0.0035
8640,1710,dens_1549584991651515376,555,Density,<Substance CC(=O)N(C)C{solv}{x=0.502200}|CCCCCCCCCl{solv}{x=0.497800}>,CC(=O)N(C)C,CCCCCCCCCl,fb-fit-v0-single-mean-k20,2,0.8798733275394911,0.0001703414407484,0.8902000000000002,0.0004
8641,1711,dhmix_1732161251827083272,556,EnthalpyOfMixing,<Substance CC(=O)N(C)C{solv}{x=0.508000}|CCCCCCCCCl{solv}{x=0.492000}>,CC(=O)N(C)C,CCCCCCCCCl,fb-fit-v0-single-mean-k20,2,1.0647469424273552,0.0485429832788105,0.829,0.004
8642,1712,dens_2189889607118243828,557,Density,<Substance CC(=O)N(C)C{solv}{x=0.700500}|CCCCCCCCCl{solv}{x=0.299500}>,CC(=O)N(C)C,CCCCCCCCCl,fb-fit-v0-single-mean-k20,2,0.8866000087830086,0.0001298722121796,0.9041000000000002,0.00035
8643,1713,dens_314482396827660717,558,Density,<Substance BrCCBr{solv}{x=0.753700}|COC(C)=O{solv}{x=0.246300}>,BrCCBr,COC(C)=O,fb-fit-v0-single-mean-k20,2,1.845788420754909,0.0006358214465216,1.8774400000000004,0.003355
8644,1714,dens_344993892965738820,559,Density,<Substance BrCCBr{solv}{x=0.275200}|COC(C)=O{solv}{x=0.724800}>,BrCCBr,COC(C)=O,fb-fit-v0-single-mean-k20,2,1.2782121550432313,0.0002903688834633,1.2862400000000005,0.001125
8645,1715,dhmix_545996968666061076,560,EnthalpyOfMixing,<Substance BrCCBr{solv}{x=0.720900}|COC(C)=O{solv}{x=0.279100}>,BrCCBr,COC(C)=O,fb-fit-v0-single-mean-k20,2,0.167891935563281,0.0319620225391083,0.2594,0.0028
8646,1716,dens_714044009336077786,561,Density,<Substance BrCCBr{solv}{x=0.512100}|COC(C)=O{solv}{x=0.487900}>,BrCCBr,COC(C)=O,fb-fit-v0-single-mean-k20,2,1.5663869765699194,0.0005382201238133,1.5834900000000005,0.0021
8647,1717,dhmix_1222511035002547253,562,EnthalpyOfMixing,<Substance BrCCBr{solv}{x=0.485500}|COC(C)=O{solv}{x=0.514500}>,BrCCBr,COC(C)=O,fb-fit-v0-single-mean-k20,2,0.1827265771325734,0.0313666037634315,0.2577,0.00275
8648,1718,dhmix_1418101673429653456,563,EnthalpyOfMixing,<Substance BrCCBr{solv}{x=0.250800}|COC(C)=O{solv}{x=0.749200}>,BrCCBr,COC(C)=O,fb-fit-v0-single-mean-k20,2,0.1178382318498876,0.033252553255107,0.1202,0.0017
8649,1719,dens_314934747194338330,564,Density,<Substance CC(C)CCl{solv}{x=0.513700}|CC(C)OC(C)C{solv}{x=0.486300}>,CC(C)CCl,CC(C)OC(C)C,fb-fit-v0-single-mean-k20,2,0.7934709079391842,0.0002949104599955,0.7878250000000002,0.000405
8650,1720,dhmix_355399496844187096,565,EnthalpyOfMixing,<Substance CC(C)CCl{solv}{x=0.545300}|CC(C)OC(C)C{solv}{x=0.454700}>,CC(C)CCl,CC(C)OC(C)C,fb-fit-v0-single-mean-k20,2,-0.1206996342109363,0.0433192347820085,-0.0957,0.0012
8651,1721,dens_688062365117407068,566,Density,<Substance CC(C)CCl{solv}{x=0.805900}|CC(C)OC(C)C{solv}{x=0.194100}>,CC(C)CCl,CC(C)OC(C)C,fb-fit-v0-single-mean-k20,2,0.8357644471337692,0.0003000674178287,0.8355300000000002,0.0003555
8652,1722,dhmix_1411881046585885461,567,EnthalpyOfMixing,<Substance CC(C)CCl{solv}{x=0.090700}|CC(C)OC(C)C{solv}{x=0.909300}>,CC(C)CCl,CC(C)OC(C)C,fb-fit-v0-single-mean-k20,2,-0.0646718150382454,0.0404291858502559,-0.0302,0.00055
8653,1723,dens_1762455266351712367,568,Density,<Substance CC(C)CCl{solv}{x=0.091000}|CC(C)OC(C)C{solv}{x=0.909000}>,CC(C)CCl,CC(C)OC(C)C,fb-fit-v0-single-mean-k20,2,0.7410066441296745,0.0002414599575484,0.7293950000000001,0.000464
8654,1724,dhmix_2302865667781063708,569,EnthalpyOfMixing,<Substance CC(C)CCl{solv}{x=0.727000}|CC(C)OC(C)C{solv}{x=0.273000}>,CC(C)CCl,CC(C)OC(C)C,fb-fit-v0-single-mean-k20,2,-0.1626983190562043,0.0387171561765377,-0.0791,0.001
8655,1725,dens_321327254341950207,570,Density,<Substance C1COCCO1{solv}{x=0.780300}|CCCCCC(C)=O{solv}{x=0.219700}>,C1COCCO1,CCCCCC(C)=O,fb-fit-v0-single-mean-k20,2,0.9560696847022818,0.0002681545774983,0.9576500000000002,0.0003
8656,1726,dens_377701756930918353,571,Density,<Substance C1COCCO1{solv}{x=0.500600}|CCCCCC(C)=O{solv}{x=0.499400}>,C1COCCO1,CCCCCC(C)=O,fb-fit-v0-single-mean-k20,2,0.8902907060054079,0.0001944796315173,0.8916700000000002,0.000345
8657,1727,dhmix_600625644134907580,572,EnthalpyOfMixing,<Substance C1COCCO1{solv}{x=0.500000}|CCCCCC(C)=O{solv}{x=0.500000}>,C1COCCO1,CCCCCC(C)=O,fb-fit-v0-single-mean-k20,2,0.4804589738130715,0.0450255303874981,0.4509,0.002255
8658,1728,dens_1451069448215305244,573,Density,<Substance C1COCCO1{solv}{x=0.220300}|CCCCCC(C)=O{solv}{x=0.779700}>,C1COCCO1,CCCCCC(C)=O,fb-fit-v0-single-mean-k20,2,0.8401072920178181,0.0002052808154632,0.8420800000000003,0.000385
8659,1729,dhmix_2028813035406256788,574,EnthalpyOfMixing,<Substance C1COCCO1{solv}{x=0.750000}|CCCCCC(C)=O{solv}{x=0.250000}>,C1COCCO1,CCCCCC(C)=O,fb-fit-v0-single-mean-k20,2,0.4730942138386211,0.0449802466126826,0.4064,0.00209
8660,1730,dhmix_2222211577832383320,575,EnthalpyOfMixing,<Substance C1COCCO1{solv}{x=0.250000}|CCCCCC(C)=O{solv}{x=0.750000}>,C1COCCO1,CCCCCC(C)=O,fb-fit-v0-single-mean-k20,2,0.3803375440438472,0.0508040305255925,0.2911,0.00164
8661,1731,dhmix_325212618372456630,576,EnthalpyOfMixing,<Substance CCCCCCC{solv}{x=0.500000}|c1ccccc1{solv}{x=0.500000}>,CCCCCCC,c1ccccc1,fb-fit-v0-single-mean-k20,2,1.301223543578871,0.0422523834128036,0.9235,0.0051
8662,1732,dhmix_409350268177199962,577,EnthalpyOfMixing,<Substance CCCCCCC{solv}{x=0.751900}|c1ccccc1{solv}{x=0.248100}>,CCCCCCC,c1ccccc1,fb-fit-v0-single-mean-k20,2,0.9105322678766612,0.0537582666461734,0.6047,0.0035
8663,1733,dens_1685942387769177799,578,Density,<Substance CCCCCCC{solv}{x=0.913667}|c1ccccc1{solv}{x=0.086333}>,CCCCCCC,c1ccccc1,fb-fit-v0-single-mean-k20,2,0.6886944896476586,0.0001998820921882,0.6892400000000002,0.000805
8664,1734,dens_2148382258223830900,579,Density,<Substance CCCCCCC{solv}{x=0.273700}|c1ccccc1{solv}{x=0.726300}>,CCCCCCC,c1ccccc1,fb-fit-v0-single-mean-k20,2,0.7926116965105026,0.0001766693502028,0.7855000000000002,0.00015
8665,1735,dens_2219829254239605828,580,Density,<Substance CCCCCCC{solv}{x=0.492200}|c1ccccc1{solv}{x=0.507800}>,CCCCCCC,c1ccccc1,fb-fit-v0-single-mean-k20,2,0.7454955448976635,0.0002128540238955,0.7409000000000001,0.00015
8666,1736,dhmix_2296565820723783732,581,EnthalpyOfMixing,<Substance CCCCCCC{solv}{x=0.242400}|c1ccccc1{solv}{x=0.757600}>,CCCCCCC,c1ccccc1,fb-fit-v0-single-mean-k20,2,1.1506191829780337,0.0429445406475688,0.7775,0.0044
8667,1737,dens_326446104630354701,582,Density,<Substance BrCCBr{solv}{x=0.728600}|CCC(=O)OC{solv}{x=0.271400}>,BrCCBr,CCC(=O)OC,fb-fit-v0-single-mean-k20,2,1.768181172205282,0.0005282335474935,1.7949900000000003,0.00303
8668,1738,dens_886315086380393150,583,Density,<Substance BrCCBr{solv}{x=0.494400}|CCC(=O)OC{solv}{x=0.505600}>,BrCCBr,CCC(=O)OC,fb-fit-v0-single-mean-k20,2,1.475099118502179,0.0004790868391359,1.4941800000000005,0.001825
8669,1739,dhmix_1410129135672303476,584,EnthalpyOfMixing,<Substance BrCCBr{solv}{x=0.491400}|CCC(=O)OC{solv}{x=0.508600}>,BrCCBr,CCC(=O)OC,fb-fit-v0-single-mean-k20,2,-0.0540146580507974,0.0383928698841934,0.0195,0.00185
8670,1740,dhmix_1551714230583118668,585,EnthalpyOfMixing,<Substance BrCCBr{solv}{x=0.755400}|CCC(=O)OC{solv}{x=0.244600}>,BrCCBr,CCC(=O)OC,fb-fit-v0-single-mean-k20,2,-0.0821556528367128,0.0343742253712973,0.09,0.00295
8671,1741,dhmix_1596310059176209101,586,EnthalpyOfMixing,<Substance BrCCBr{solv}{x=0.214800}|CCC(=O)OC{solv}{x=0.785200}>,BrCCBr,CCC(=O)OC,fb-fit-v0-single-mean-k20,2,-0.0467584199026691,0.0428736866414547,-0.0281,0.002
8672,1742,dens_1860027304017736150,587,Density,<Substance BrCCBr{solv}{x=0.257000}|CCC(=O)OC{solv}{x=0.743000}>,BrCCBr,CCC(=O)OC,fb-fit-v0-single-mean-k20,2,1.1942215042097788,0.0003357241606267,1.2059400000000002,0.000915
8673,1743,dhmix_334328961632702336,588,EnthalpyOfMixing,<Substance Cc1ccccc1N{solv}{x=0.492600}|Cc1cccnc1{solv}{x=0.507400}>,Cc1ccccc1N,Cc1cccnc1,fb-fit-v0-single-mean-k20,2,-1.5382720016889555,0.041127808573858,-1.4091,0.0287
8674,1744,dhmix_382843935535082222,589,EnthalpyOfMixing,<Substance Cc1ccccc1N{solv}{x=0.232300}|Cc1cccnc1{solv}{x=0.767700}>,Cc1ccccc1N,Cc1cccnc1,fb-fit-v0-single-mean-k20,2,-1.2569339738782688,0.0426816307565661,-1.1196,0.02285
8675,1745,dens_890019852111400701,590,Density,<Substance Cc1ccccc1N{solv}{x=0.533600}|Cc1cccnc1{solv}{x=0.466400}>,Cc1ccccc1N,Cc1cccnc1,fb-fit-v0-single-mean-k20,2,0.986667696625784,0.0001710157489516,0.9795770000000004,0.0001185
8676,1746,dens_1033313642915027277,591,Density,<Substance Cc1ccccc1N{solv}{x=0.737200}|Cc1cccnc1{solv}{x=0.262800}>,Cc1ccccc1N,Cc1cccnc1,fb-fit-v0-single-mean-k20,2,0.999128689710864,0.0002553472471597,0.9867010000000004,0.000118
8677,1747,dhmix_1057104304179164775,592,EnthalpyOfMixing,<Substance Cc1ccccc1N{solv}{x=0.778900}|Cc1cccnc1{solv}{x=0.221100}>,Cc1ccccc1N,Cc1cccnc1,fb-fit-v0-single-mean-k20,2,-1.0764367283467935,0.0555011017244821,-0.8735,0.01785
8678,1748,dens_1445313714023685702,593,Density,<Substance Cc1ccccc1N{solv}{x=0.246700}|Cc1cccnc1{solv}{x=0.753300}>,Cc1ccccc1N,Cc1cccnc1,fb-fit-v0-single-mean-k20,2,0.9654421703535924,0.0002035907000117,0.9668750000000004,0.00012
8679,1749,dens_335631113096608920,594,Density,<Substance CCC(C)=O{solv}{x=0.501800}|CCCCNCCCC{solv}{x=0.498200}>,CCC(C)=O,CCCCNCCCC,fb-fit-v0-single-mean-k20,2,0.7704158992614634,0.0001828030197866,0.7693960000000002,9.950000000000003e-05
8680,1750,dhmix_551451232292287572,595,EnthalpyOfMixing,<Substance CCC(C)=O{solv}{x=0.215400}|CCCCNCCCC{solv}{x=0.784600}>,CCC(C)=O,CCCCNCCCC,fb-fit-v0-single-mean-k20,2,0.1441099528809957,0.0581215255205074,0.417,0.0045
8681,1751,dens_800787154192710377,596,Density,<Substance CCC(C)=O{solv}{x=0.260300}|CCCCNCCCC{solv}{x=0.739700}>,CCC(C)=O,CCCCNCCCC,fb-fit-v0-single-mean-k20,2,0.7655331883834708,0.00017706198742,0.7614750000000002,0.0001005
8682,1752,dhmix_1210431916849512476,597,EnthalpyOfMixing,<Substance CCC(C)=O{solv}{x=0.504400}|CCCCNCCCC{solv}{x=0.495600}>,CCC(C)=O,CCCCNCCCC,fb-fit-v0-single-mean-k20,2,0.2084291072649975,0.0483160904439361,0.619,0.0065
8683,1753,dhmix_1503682496766473076,598,EnthalpyOfMixing,<Substance CCC(C)=O{solv}{x=0.792200}|CCCCNCCCC{solv}{x=0.207800}>,CCC(C)=O,CCCCNCCCC,fb-fit-v0-single-mean-k20,2,0.1214191372332749,0.0445753577120704,0.425,0.0045
8684,1754,dens_2232561341275312196,599,Density,<Substance CCC(C)=O{solv}{x=0.747300}|CCCCNCCCC{solv}{x=0.252700}>,CCC(C)=O,CCCCNCCCC,fb-fit-v0-single-mean-k20,2,0.7778447366154032,0.0002288203964868,0.7810500000000001,9.750000000000004e-05
8685,1755,dhmix_335934546122425398,600,EnthalpyOfMixing,<Substance C1CCOCC1{solv}{x=0.550000}|O=C1CCCC1{solv}{x=0.450000}>,C1CCOCC1,O=C1CCCC1,fb-fit-v0-single-mean-k20,2,0.1283540857922602,0.0397762136364467,0.15813,0.001
8686,1756,dhmix_337659115721770978,601,EnthalpyOfMixing,<Substance C1CCOCC1{solv}{x=0.250000}|O=C1CCCC1{solv}{x=0.750000}>,C1CCOCC1,O=C1CCCC1,fb-fit-v0-single-mean-k20,2,0.0485328287276303,0.0339316310890727,0.11325,0.00084
8687,1757,dens_579415285212890284,602,Density,<Substance C1CCOCC1{solv}{x=0.708000}|O=C1CCCC1{solv}{x=0.292000}>,C1CCOCC1,O=C1CCCC1,fb-fit-v0-single-mean-k20,2,0.8903521228221507,0.0002289268622253,0.8972200000000002,0.00023
8688,1758,dens_788777315764582180,603,Density,<Substance C1CCOCC1{solv}{x=0.549800}|O=C1CCCC1{solv}{x=0.450200}>,C1CCOCC1,O=C1CCCC1,fb-fit-v0-single-mean-k20,2,0.8988145898883816,0.0002380930577325,0.9073000000000002,0.000235
8689,1759,dens_1539654406736576807,604,Density,<Substance C1CCOCC1{solv}{x=0.235400}|O=C1CCCC1{solv}{x=0.764600}>,C1CCOCC1,O=C1CCCC1,fb-fit-v0-single-mean-k20,2,0.9166150957836836,0.0002206960522377,0.9281000000000004,0.00024
8690,1760,dhmix_1706969020375394315,605,EnthalpyOfMixing,<Substance C1CCOCC1{solv}{x=0.750000}|O=C1CCCC1{solv}{x=0.250000}>,C1CCOCC1,O=C1CCCC1,fb-fit-v0-single-mean-k20,2,0.0829825480392614,0.0428678889222315,0.12811,0.000895
8691,1761,dens_337077748334497354,606,Density,<Substance CN1CCCCC1{solv}{x=0.245200}|O{solv}{x=0.754800}>,CN1CCCCC1,O,fb-fit-v0-single-mean-k20,2,0.8987275583961425,0.0002707995254464,0.9038110000000004,9.700000000000004e-05
8692,1762,dens_1619467922469494964,607,Density,<Substance CN1CCCCC1{solv}{x=0.790700}|O{solv}{x=0.209300}>,CN1CCCCC1,O,fb-fit-v0-single-mean-k20,2,0.8511529047643231,0.000179833603395,0.8260470000000002,0.000108
8693,1763,dens_1725290505257505407,608,Density,<Substance CN1CCCCC1{solv}{x=0.505000}|O{solv}{x=0.495000}>,CN1CCCCC1,O,fb-fit-v0-single-mean-k20,2,0.8705411135270362,0.0002704692583286,0.8581580000000002,9.450000000000002e-05
8694,1764,dhmix_344305070199657817,609,EnthalpyOfMixing,<Substance CC(C)CC(C)(C)C{solv}{x=0.200300}|CCCO{solv}{x=0.799700}>,CC(C)CC(C)(C)C,CCCO,fb-fit-v0-single-mean-k20,2,0.4114093784796182,0.038737615738096,0.308,0.0055
8695,1765,dens_1020839744665732433,610,Density,<Substance CC(C)CC(C)(C)C{solv}{x=0.200100}|CCCO{solv}{x=0.799900}>,CC(C)CC(C)(C)C,CCCO,fb-fit-v0-single-mean-k20,2,0.7657372682898076,0.0002413517857635,0.7589500000000002,0.00029
8696,1766,dens_1348847431810734601,611,Density,<Substance CC(C)CC(C)(C)C{solv}{x=0.700000}|CCCO{solv}{x=0.300000}>,CC(C)CC(C)(C)C,CCCO,fb-fit-v0-single-mean-k20,2,0.7248136360368426,0.0002383778406359,0.7046500000000001,0.00028
8697,1767,dhmix_1376194238727172922,612,EnthalpyOfMixing,<Substance CC(C)CC(C)(C)C{solv}{x=0.499800}|CCCO{solv}{x=0.500200}>,CC(C)CC(C)(C)C,CCCO,fb-fit-v0-single-mean-k20,2,0.6846400022698163,0.0375340596694364,0.6025,0.0027
8698,1768,dhmix_1868873434415785592,613,EnthalpyOfMixing,<Substance CC(C)CC(C)(C)C{solv}{x=0.699900}|CCCO{solv}{x=0.300100}>,CC(C)CC(C)(C)C,CCCO,fb-fit-v0-single-mean-k20,2,0.8199573037069996,0.0524860799202147,0.6544,0.0029
8699,1769,dens_1870552320710773195,614,Density,<Substance CC(C)CC(C)(C)C{solv}{x=0.500000}|CCCO{solv}{x=0.500000}>,CC(C)CC(C)(C)C,CCCO,fb-fit-v0-single-mean-k20,2,0.7373464675791469,0.0002290291721104,0.7214400000000002,0.00028
8700,1770,dens_344701479262570906,615,Density,<Substance C1CCOCC1{solv}{x=0.246100}|Cc1cccnc1{solv}{x=0.753900}>,C1CCOCC1,Cc1cccnc1,fb-fit-v0-single-mean-k20,2,0.9275879037910324,0.000219574124386,0.9348570000000002,0.0004915
8701,1771,dhmix_772935681699310364,616,EnthalpyOfMixing,<Substance C1CCOCC1{solv}{x=0.480300}|Cc1cccnc1{solv}{x=0.519700}>,C1CCOCC1,Cc1cccnc1,fb-fit-v0-single-mean-k20,2,-0.0369269836268415,0.0414281638120181,0.1271,0.00115
8702,1772,dens_1179184695460672925,617,Density,<Substance C1CCOCC1{solv}{x=0.756800}|Cc1cccnc1{solv}{x=0.243200}>,C1CCOCC1,Cc1cccnc1,fb-fit-v0-single-mean-k20,2,0.8916906965072197,0.0002278701770004,0.8976640000000002,0.0004655
8703,1773,dens_1273033541520518804,618,Density,<Substance C1CCOCC1{solv}{x=0.482700}|Cc1cccnc1{solv}{x=0.517300}>,C1CCOCC1,Cc1cccnc1,fb-fit-v0-single-mean-k20,2,0.911526749788829,0.0002381075099347,0.9179640000000002,0.00048
8704,1774,dhmix_1594947441282636711,619,EnthalpyOfMixing,<Substance C1CCOCC1{solv}{x=0.735500}|Cc1cccnc1{solv}{x=0.264500}>,C1CCOCC1,Cc1cccnc1,fb-fit-v0-single-mean-k20,2,-0.0301446100839442,0.0476262227153951,0.0924,0.00095
8705,1775,dhmix_2075643137470349800,620,EnthalpyOfMixing,<Substance C1CCOCC1{solv}{x=0.273200}|Cc1cccnc1{solv}{x=0.726800}>,C1CCOCC1,Cc1cccnc1,fb-fit-v0-single-mean-k20,2,0.0570965443310882,0.0399248598548495,0.1036,0.001
8706,1776,dhmix_346841872844739570,621,EnthalpyOfMixing,<Substance CC#N{solv}{x=0.700700}|CCOC(C)(C)C{solv}{x=0.299300}>,CC#N,CCOC(C)(C)C,fb-fit-v0-single-mean-k20,2,0.1448579060874717,0.03576170077285,0.6176,0.0084
8707,1777,dhmix_840136828933604757,622,EnthalpyOfMixing,<Substance CC#N{solv}{x=0.199000}|CCOC(C)(C)C{solv}{x=0.801000}>,CC#N,CCOC(C)(C)C,fb-fit-v0-single-mean-k20,2,0.0798168311091487,0.0463326119760283,0.4418,0.006
8708,1778,dhmix_1934525864391020215,623,EnthalpyOfMixing,<Substance CC#N{solv}{x=0.501600}|CCOC(C)(C)C{solv}{x=0.498400}>,CC#N,CCOC(C)(C)C,fb-fit-v0-single-mean-k20,2,0.1556465193431651,0.0332532439574921,0.7098,0.00965
8709,1779,dens_1954735606040559695,624,Density,<Substance CC#N{solv}{x=0.700700}|CCOC(C)(C)C{solv}{x=0.299300}>,CC#N,CCOC(C)(C)C,fb-fit-v0-single-mean-k20,2,0.7593906386823428,0.0002527247094345,0.7595000000000002,0.00045
8710,1780,dens_2173310521496796694,625,Density,<Substance CC#N{solv}{x=0.501600}|CCOC(C)(C)C{solv}{x=0.498400}>,CC#N,CCOC(C)(C)C,fb-fit-v0-single-mean-k20,2,0.7561765039751942,0.0002347934442618,0.7510000000000002,0.00035
8711,1781,dens_2235331649530959984,626,Density,<Substance CC#N{solv}{x=0.199000}|CCOC(C)(C)C{solv}{x=0.801000}>,CC#N,CCOC(C)(C)C,fb-fit-v0-single-mean-k20,2,0.7509668610810281,0.0002162092867064,0.7408000000000001,0.00015
8712,1782,dhmix_355078149157572999,627,EnthalpyOfMixing,<Substance OCCOCCO{solv}{x=0.790600}|O{solv}{x=0.209400}>,O,OCCOCCO,fb-fit-v0-single-mean-k20,2,-0.8516529281304912,0.0419091540831035,-0.521,0.003
8713,1783,dhmix_514261244195159379,628,EnthalpyOfMixing,<Substance OCCOCCO{solv}{x=0.300400}|O{solv}{x=0.699600}>,O,OCCOCCO,fb-fit-v0-single-mean-k20,2,-0.9315599028925092,0.0307138438638608,-1.245,0.0065
8714,1784,dhmix_1512634639127890343,629,EnthalpyOfMixing,<Substance OCCOCCO{solv}{x=0.501000}|O{solv}{x=0.499000}>,O,OCCOCCO,fb-fit-v0-single-mean-k20,2,-1.0655161940782776,0.038625895850236,-1.149,0.0065
8715,1785,dens_1532732041743097130,630,Density,<Substance OCCOCCO{solv}{x=0.500600}|O{solv}{x=0.499400}>,O,OCCOCCO,fb-fit-v0-single-mean-k20,2,1.1119254755686974,0.0003264774499401,1.1070700000000002,0.00026
8716,1786,dens_1948924545926470959,631,Density,<Substance OCCOCCO{solv}{x=0.700300}|O{solv}{x=0.299700}>,O,OCCOCCO,fb-fit-v0-single-mean-k20,2,1.1211303750663322,0.0002705315436514,1.1111900000000003,0.000285
8717,1787,dens_2114974877291939954,632,Density,<Substance OCCOCCO{solv}{x=0.301000}|O{solv}{x=0.699000}>,O,OCCOCCO,fb-fit-v0-single-mean-k20,2,1.0934514807472326,0.000301606126248,1.0958900000000005,0.000305
8718,1788,dhmix_355690558520209737,633,EnthalpyOfMixing,<Substance CC(C)CC(C)(C)C{solv}{x=0.774800}|CC(C)OC(C)C{solv}{x=0.225200}>,CC(C)CC(C)(C)C,CC(C)OC(C)C,fb-fit-v0-single-mean-k20,2,0.2917674254481284,0.0565427812949963,0.132161,0.001556
8719,1789,dens_706481868145479619,634,Density,<Substance CC(C)CC(C)(C)C{solv}{x=0.250000}|CC(C)OC(C)C{solv}{x=0.750000}>,CC(C)CC(C)(C)C,CC(C)OC(C)C,fb-fit-v0-single-mean-k20,2,0.7246286285832481,0.0002160877238517,0.7090800000000002,0.000155
8720,1790,dens_960755156711549154,635,Density,<Substance CC(C)CC(C)(C)C{solv}{x=0.750000}|CC(C)OC(C)C{solv}{x=0.250000}>,CC(C)CC(C)(C)C,CC(C)OC(C)C,fb-fit-v0-single-mean-k20,2,0.7156266187276403,0.0001816890599175,0.6937500000000002,0.000155
8721,1791,dens_1165117582450092341,636,Density,<Substance CC(C)CC(C)(C)C{solv}{x=0.500900}|CC(C)OC(C)C{solv}{x=0.499100}>,CC(C)CC(C)(C)C,CC(C)OC(C)C,fb-fit-v0-single-mean-k20,2,0.7192235637748772,0.0002151800855443,0.7005900000000002,0.000105
8722,1792,dhmix_1819714300540494359,637,EnthalpyOfMixing,<Substance CC(C)CC(C)(C)C{solv}{x=0.512500}|CC(C)OC(C)C{solv}{x=0.487500}>,CC(C)CC(C)(C)C,CC(C)OC(C)C,fb-fit-v0-single-mean-k20,2,0.4971578806241012,0.0474481837427061,0.197047,0.002233
8723,1793,dhmix_2031984064821599856,638,EnthalpyOfMixing,<Substance CC(C)CC(C)(C)C{solv}{x=0.269300}|CC(C)OC(C)C{solv}{x=0.730700}>,CC(C)CC(C)(C)C,CC(C)OC(C)C,fb-fit-v0-single-mean-k20,2,0.3179504750569322,0.0456204008249031,0.158983,0.0018345
8724,1794,dens_357198687829738077,639,Density,<Substance C1CCOCC1{solv}{x=0.223500}|CCCCCC(C)=O{solv}{x=0.776500}>,C1CCOCC1,CCCCCC(C)=O,fb-fit-v0-single-mean-k20,2,0.8193572812472151,0.000177098801431,0.8221200000000002,0.000375
8725,1795,dens_1074719884132299485,640,Density,<Substance C1CCOCC1{solv}{x=0.516600}|CCCCCC(C)=O{solv}{x=0.483400}>,C1CCOCC1,CCCCCC(C)=O,fb-fit-v0-single-mean-k20,2,0.8359367987206388,0.0002005707562386,0.8396100000000002,0.00032
8726,1796,dens_1427208283653313137,641,Density,<Substance C1CCOCC1{solv}{x=0.710100}|CCCCCC(C)=O{solv}{x=0.289900}>,C1CCOCC1,CCCCCC(C)=O,fb-fit-v0-single-mean-k20,2,0.8487131591932137,0.0001729212869223,0.8534200000000002,0.000285
8727,1797,dhmix_1485904869507380555,642,EnthalpyOfMixing,<Substance C1CCOCC1{solv}{x=0.500000}|CCCCCC(C)=O{solv}{x=0.500000}>,C1CCOCC1,CCCCCC(C)=O,fb-fit-v0-single-mean-k20,2,0.0925556083913079,0.0450258704454319,0.05773,0.000615
8728,1798,dhmix_1931504734279468677,643,EnthalpyOfMixing,<Substance C1CCOCC1{solv}{x=0.250000}|CCCCCC(C)=O{solv}{x=0.750000}>,C1CCOCC1,CCCCCC(C)=O,fb-fit-v0-single-mean-k20,2,-0.0203750012862329,0.0511816234785978,0.03429,0.00053
8729,1799,dhmix_2296263041755700053,644,EnthalpyOfMixing,<Substance C1CCOCC1{solv}{x=0.750000}|CCCCCC(C)=O{solv}{x=0.250000}>,C1CCOCC1,CCCCCC(C)=O,fb-fit-v0-single-mean-k20,2,0.0436453454908658,0.0442046388539539,0.05587,0.00061
8730,1800,dhmix_357499987240135169,645,EnthalpyOfMixing,<Substance CCCCC{solv}{x=0.772700}|CCCCOC=O{solv}{x=0.227300}>,CCCCC,CCCCOC=O,fb-fit-v0-single-mean-k20,2,1.0785835322951414,0.0465286760559575,0.87,0.004
8731,1801,dens_435201289177646286,646,Density,<Substance CCCCC{solv}{x=0.504200}|CCCCOC=O{solv}{x=0.495800}>,CCCCC,CCCCOC=O,fb-fit-v0-single-mean-k20,2,0.7564470362789704,0.0002347029519665,0.7523000000000001,0.00024
8732,1802,dens_635752291929824010,647,Density,<Substance CCCCC{solv}{x=0.699000}|CCCCOC=O{solv}{x=0.301000}>,CCCCC,CCCCOC=O,fb-fit-v0-single-mean-k20,2,0.6999091608244303,0.0002479510474761,0.6994600000000002,0.00018
8733,1803,dhmix_869493303716364153,648,EnthalpyOfMixing,<Substance CCCCC{solv}{x=0.490500}|CCCCOC=O{solv}{x=0.509500}>,CCCCC,CCCCOC=O,fb-fit-v0-single-mean-k20,2,1.306527352821334,0.0438919076853192,0.959,0.004
8734,1804,dhmix_1188548276416925178,649,EnthalpyOfMixing,<Substance CCCCC{solv}{x=0.246000}|CCCCOC=O{solv}{x=0.754000}>,CCCCC,CCCCOC=O,fb-fit-v0-single-mean-k20,2,0.810539758858063,0.0494880671937846,0.632,0.003
8735,1805,dens_1944800378076074966,650,Density,<Substance CCCCC{solv}{x=0.247100}|CCCCOC=O{solv}{x=0.752900}>,CCCCC,CCCCOC=O,fb-fit-v0-single-mean-k20,2,0.8310035831335983,0.0002348269804168,0.8221800000000001,0.000375
8736,1806,dhmix_357740737126275220,651,EnthalpyOfMixing,<Substance CC(=O)N(C)C{solv}{x=0.212000}|CCCCCl{solv}{x=0.788000}>,CC(=O)N(C)C,CCCCCl,fb-fit-v0-single-mean-k20,2,0.5334416876620409,0.0342042345308703,0.244,0.0025
8737,1807,dens_563556088097831353,652,Density,<Substance CC(=O)N(C)C{solv}{x=0.499000}|CCCCCl{solv}{x=0.501000}>,CC(=O)N(C)C,CCCCCl,fb-fit-v0-single-mean-k20,2,0.8869983934776351,0.0001888364356603,0.9081000000000002,0.0002
8738,1808,dens_1083232356130752567,653,Density,<Substance CC(=O)N(C)C{solv}{x=0.799700}|CCCCCl{solv}{x=0.200300}>,CC(=O)N(C)C,CCCCCl,fb-fit-v0-single-mean-k20,2,0.8962235986430704,0.0002157784930684,0.9247000000000004,0.0002
8739,1809,dhmix_1487887746912587509,654,EnthalpyOfMixing,<Substance CC(=O)N(C)C{solv}{x=0.708000}|CCCCCl{solv}{x=0.292000}>,CC(=O)N(C)C,CCCCCl,fb-fit-v0-single-mean-k20,2,0.586179717041162,0.0316978074243375,0.305,0.0025
8740,1810,dens_1662749398344255132,655,Density,<Substance CC(=O)N(C)C{solv}{x=0.210500}|CCCCCl{solv}{x=0.789500}>,CC(=O)N(C)C,CCCCCl,fb-fit-v0-single-mean-k20,2,0.8754211266640857,0.0002975896516944,0.8918000000000001,0.0002
8741,1811,dhmix_2085343422065298965,656,EnthalpyOfMixing,<Substance CC(=O)N(C)C{solv}{x=0.511000}|CCCCCl{solv}{x=0.489000}>,CC(=O)N(C)C,CCCCCl,fb-fit-v0-single-mean-k20,2,0.7439945127236847,0.0397398466309665,0.363,0.0025
8742,1812,dhmix_359626193748497849,657,EnthalpyOfMixing,<Substance C1CCOCC1{solv}{x=0.750000}|O=C1CCCCC1{solv}{x=0.250000}>,C1CCOCC1,O=C1CCCCC1,fb-fit-v0-single-mean-k20,2,0.0671944539797166,0.0423148845134985,0.07698,0.00069
8743,1813,dhmix_709905971434026360,658,EnthalpyOfMixing,<Substance C1CCOCC1{solv}{x=0.250000}|O=C1CCCCC1{solv}{x=0.750000}>,C1CCOCC1,O=C1CCCCC1,fb-fit-v0-single-mean-k20,2,0.1303201097748854,0.0454976387721136,0.05827,0.00062
8744,1814,dens_996263306280392228,659,Density,<Substance C1CCOCC1{solv}{x=0.500900}|O=C1CCCCC1{solv}{x=0.499100}>,C1CCOCC1,O=C1CCCCC1,fb-fit-v0-single-mean-k20,2,0.9048664235575464,0.0002168986249966,0.9160300000000002,0.000505
8745,1815,dens_1296485655493191092,660,Density,<Substance C1CCOCC1{solv}{x=0.247100}|O=C1CCCCC1{solv}{x=0.752900}>,C1CCOCC1,O=C1CCCCC1,fb-fit-v0-single-mean-k20,2,0.9200872614207548,0.0001729337007876,0.9305900000000004,0.000505
8746,1816,dhmix_1617652800437548554,661,EnthalpyOfMixing,<Substance C1CCOCC1{solv}{x=0.500000}|O=C1CCCCC1{solv}{x=0.500000}>,C1CCOCC1,O=C1CCCCC1,fb-fit-v0-single-mean-k20,2,0.1912152995867231,0.0423496675119254,0.08658,0.000725
8747,1817,dens_2134919398794801459,662,Density,<Substance C1CCOCC1{solv}{x=0.738900}|O=C1CCCCC1{solv}{x=0.261100}>,C1CCOCC1,O=C1CCCCC1,fb-fit-v0-single-mean-k20,2,0.8904965541045928,0.000262320685657,0.9000800000000002,0.000505
8748,1818,dens_371429494256072686,663,Density,<Substance COC=O{solv}{x=0.513800}|ClCCCCl{solv}{x=0.486200}>,COC=O,ClCCCCl,fb-fit-v0-single-mean-k20,2,1.091675008658504,0.0003474994792709,1.08831,0.00025
8749,1819,dens_416463243686186519,664,Density,<Substance COC=O{solv}{x=0.738400}|ClCCCCl{solv}{x=0.261600}>,COC=O,ClCCCCl,fb-fit-v0-single-mean-k20,2,1.0492683443110773,0.0002620547933444,1.03754,0.0002
8750,1820,dhmix_573570621261992547,665,EnthalpyOfMixing,<Substance COC=O{solv}{x=0.767400}|ClCCCCl{solv}{x=0.232600}>,COC=O,ClCCCCl,fb-fit-v0-single-mean-k20,2,0.596307870576938,0.0326387307483387,0.2841,0.0015
8751,1821,dens_1665007650151393058,666,Density,<Substance COC=O{solv}{x=0.244000}|ClCCCCl{solv}{x=0.756000}>,COC=O,ClCCCCl,fb-fit-v0-single-mean-k20,2,1.1335934554463645,0.0003874882626144,1.1395000000000002,0.0003
8752,1822,dhmix_2050640017895200777,667,EnthalpyOfMixing,<Substance COC=O{solv}{x=0.502400}|ClCCCCl{solv}{x=0.497600}>,COC=O,ClCCCCl,fb-fit-v0-single-mean-k20,2,0.7802180034611652,0.0321921033397534,0.3503,0.00175
8753,1823,dhmix_2121310957223924646,668,EnthalpyOfMixing,<Substance COC=O{solv}{x=0.202400}|ClCCCCl{solv}{x=0.797600}>,COC=O,ClCCCCl,fb-fit-v0-single-mean-k20,2,0.5583900550631427,0.0369604983336252,0.2064,0.0012
8754,1824,dens_380799246642881225,669,Density,<Substance Cc1ccncc1{solv}{x=0.500000}|O{solv}{x=0.500000}>,Cc1ccncc1,O,fb-fit-v0-single-mean-k20,2,0.9515618064218097,0.0003166091130763,0.9704000000000004,0.0005
8755,1825,dens_1024460369591354985,670,Density,<Substance Cc1ccncc1{solv}{x=0.225000}|O{solv}{x=0.775000}>,Cc1ccncc1,O,fb-fit-v0-single-mean-k20,2,0.9584659839260616,0.0003281214535545,0.9848000000000002,0.0004
8756,1826,dens_1867704914487230306,671,Density,<Substance Cc1ccncc1{solv}{x=0.750000}|O{solv}{x=0.250000}>,Cc1ccncc1,O,fb-fit-v0-single-mean-k20,2,0.9484909662319798,0.000234805644999,0.9614000000000004,0.0004
8757,1827,dhmix_396839331496923568,672,EnthalpyOfMixing,<Substance CCCOC(=O)CC{solv}{x=0.237600}|ClCCCl{solv}{x=0.762400}>,CCCOC(=O)CC,ClCCCl,fb-fit-v0-single-mean-k20,2,-0.3194082704034535,0.0357398444230068,-0.317,0.0035
8758,1828,dens_1025242301432619836,673,Density,<Substance CCCOC(=O)CC{solv}{x=0.518800}|ClCCCl{solv}{x=0.481200}>,CCCOC(=O)CC,ClCCCl,fb-fit-v0-single-mean-k20,2,1.0015184006210915,0.0001866752762267,1.0064000000000002,0.000905
8759,1829,dens_1654149510571748883,674,Density,<Substance CCCOC(=O)CC{solv}{x=0.731600}|ClCCCl{solv}{x=0.268400}>,CCCOC(=O)CC,ClCCCl,fb-fit-v0-single-mean-k20,2,0.9375535395983426,0.0002402803290561,0.9416300000000002,0.00041
8760,1830,dens_1804016971158746429,675,Density,<Substance CCCOC(=O)CC{solv}{x=0.243700}|ClCCCl{solv}{x=0.756300}>,CCCOC(=O)CC,ClCCCl,fb-fit-v0-single-mean-k20,2,1.1050720498385458,0.0003515238262808,1.11431,0.002155
8761,1831,dhmix_1840109043188951916,676,EnthalpyOfMixing,<Substance CCCOC(=O)CC{solv}{x=0.517700}|ClCCCl{solv}{x=0.482300}>,CCCOC(=O)CC,ClCCCl,fb-fit-v0-single-mean-k20,2,-0.4443629572614931,0.0404527485939571,-0.557,0.006
8762,1832,dhmix_1924188358781329171,677,EnthalpyOfMixing,<Substance CCCOC(=O)CC{solv}{x=0.787400}|ClCCCl{solv}{x=0.212600}>,CCCOC(=O)CC,ClCCCl,fb-fit-v0-single-mean-k20,2,-0.2817795113412664,0.042623491032198,-0.357,0.004
8763,1833,dhmix_408170436877433675,678,EnthalpyOfMixing,<Substance CCCCC{solv}{x=0.229800}|CCOC=O{solv}{x=0.770200}>,CCCCC,CCOC=O,fb-fit-v0-single-mean-k20,2,1.2040484259709778,0.0366744781452213,1.016,0.0045
8764,1834,dens_1159257310358090227,679,Density,<Substance CCCCC{solv}{x=0.748000}|CCOC=O{solv}{x=0.252000}>,CCCCC,CCOC=O,fb-fit-v0-single-mean-k20,2,0.6701978818311437,0.0002759363337642,0.6707000000000002,0.000165
8765,1835,dhmix_1897634982824334825,680,EnthalpyOfMixing,<Substance CCCCC{solv}{x=0.500100}|CCOC=O{solv}{x=0.499900}>,CCCCC,CCOC=O,fb-fit-v0-single-mean-k20,2,1.7615991156446995,0.0394116159028665,1.354,0.0055
8766,1836,dens_1931965346092446599,681,Density,<Substance CCCCC{solv}{x=0.504000}|CCOC=O{solv}{x=0.496000}>,CCCCC,CCOC=O,fb-fit-v0-single-mean-k20,2,0.7399772828871389,0.0002787961441254,0.7333000000000002,0.00024
8767,1837,dens_2086304425324215507,682,Density,<Substance CCCCC{solv}{x=0.298000}|CCOC=O{solv}{x=0.702000}>,CCCCC,CCOC=O,fb-fit-v0-single-mean-k20,2,0.8107945976715273,0.0002561175659218,0.7971000000000003,0.000345
8768,1838,dhmix_2117998354372981576,683,EnthalpyOfMixing,<Substance CCCCC{solv}{x=0.777900}|CCOC=O{solv}{x=0.222100}>,CCCCC,CCOC=O,fb-fit-v0-single-mean-k20,2,1.4053252861361756,0.0439250876122496,1.051,0.0045
8769,1839,dens_415189671276159712,684,Density,<Substance NCCO{solv}{x=0.785350}|c1ccncc1{solv}{x=0.214650}>,NCCO,c1ccncc1,fb-fit-v0-single-mean-k20,2,1.0301199482405905,0.0002464000612152,1.002592,0.000101
8770,1840,dhmix_607563797490786343,685,EnthalpyOfMixing,<Substance NCCO{solv}{x=0.559360}|c1ccncc1{solv}{x=0.440640}>,NCCO,c1ccncc1,fb-fit-v0-single-mean-k20,2,0.9677783511124822,0.03599632511203,0.824,0.0035
8771,1841,dhmix_783614050589043390,686,EnthalpyOfMixing,<Substance NCCO{solv}{x=0.248120}|c1ccncc1{solv}{x=0.751880}>,NCCO,c1ccncc1,fb-fit-v0-single-mean-k20,2,0.8743767404631837,0.0407083730523591,0.779,0.0035
8772,1842,dens_907288549206652702,687,Density,<Substance NCCO{solv}{x=0.558640}|c1ccncc1{solv}{x=0.441360}>,NCCO,c1ccncc1,fb-fit-v0-single-mean-k20,2,1.0099044855771084,0.0002790769992195,0.9936870000000002,0.0001015
8773,1843,dhmix_1092036220949585875,688,EnthalpyOfMixing,<Substance NCCO{solv}{x=0.746780}|c1ccncc1{solv}{x=0.253220}>,NCCO,c1ccncc1,fb-fit-v0-single-mean-k20,2,0.6900560706789065,0.0385303840308003,0.612,0.003
8774,1844,dens_2278246591298089898,689,Density,<Substance NCCO{solv}{x=0.210010}|c1ccncc1{solv}{x=0.789990}>,NCCO,c1ccncc1,fb-fit-v0-single-mean-k20,2,0.9859050358666068,0.000275719132667,0.9825660000000004,0.0001015
8775,1845,dens_419188249264987147,690,Density,<Substance CCCCC(=O)OCC{solv}{x=0.492100}|CCOC(C)=O{solv}{x=0.507900}>,CCCCC(=O)OCC,CCOC(C)=O,fb-fit-v0-single-mean-k20,2,0.8836404956922251,0.000232440411277,0.8787300000000002,0.00012
8776,1846,dens_667714041205021070,691,Density,<Substance CCCCC(=O)OCC{solv}{x=0.304700}|CCOC(C)=O{solv}{x=0.695300}>,CCCCC(=O)OCC,CCOC(C)=O,fb-fit-v0-single-mean-k20,2,0.8896215033376477,0.0001524895116003,0.8836400000000002,0.00012
8777,1847,dhmix_1137774316856842141,692,EnthalpyOfMixing,<Substance CCCCC(=O)OCC{solv}{x=0.737600}|CCOC(C)=O{solv}{x=0.262400}>,CCCCC(=O)OCC,CCOC(C)=O,fb-fit-v0-single-mean-k20,2,-0.0175666698187235,0.046912286178338,0.114,0.0015
8778,1848,dhmix_1322441082145072072,693,EnthalpyOfMixing,<Substance CCCCC(=O)OCC{solv}{x=0.279900}|CCOC(C)=O{solv}{x=0.720100}>,CCCCC(=O)OCC,CCOC(C)=O,fb-fit-v0-single-mean-k20,2,-0.0718812471859529,0.0425759647525547,0.139,0.0015
8779,1849,dens_1682638395920841051,694,Density,<Substance CCCCC(=O)OCC{solv}{x=0.752600}|CCOC(C)=O{solv}{x=0.247400}>,CCCCC(=O)OCC,CCOC(C)=O,fb-fit-v0-single-mean-k20,2,0.8764350795592779,0.0002106733966965,0.8732900000000001,0.00012
8780,1850,dhmix_2161842751879945948,695,EnthalpyOfMixing,<Substance CCCCC(=O)OCC{solv}{x=0.519800}|CCOC(C)=O{solv}{x=0.480200}>,CCCCC(=O)OCC,CCOC(C)=O,fb-fit-v0-single-mean-k20,2,0.0320307511453847,0.0413917014736688,0.154,0.002
8781,1851,dhmix_419593950323214290,696,EnthalpyOfMixing,<Substance CCCCCC(C)=O{solv}{x=0.780400}|CCN(CC)CC{solv}{x=0.219600}>,CCCCCC(C)=O,CCN(CC)CC,fb-fit-v0-single-mean-k20,2,-0.0052387560867899,0.0509475094712995,0.216,0.0025
8782,1852,dens_651921010645567431,697,Density,<Substance CCCCCC(C)=O{solv}{x=0.259800}|CCN(CC)CC{solv}{x=0.740200}>,CCCCCC(C)=O,CCN(CC)CC,fb-fit-v0-single-mean-k20,2,0.7538595198410335,0.0002217609686167,0.7465820000000002,8.950000000000002e-05
8783,1853,dens_995831511901627711,698,Density,<Substance CCCCCC(C)=O{solv}{x=0.748400}|CCN(CC)CC{solv}{x=0.251600}>,CCCCCC(C)=O,CCN(CC)CC,fb-fit-v0-single-mean-k20,2,0.7912835376792964,0.0001736526542693,0.7899410000000002,0.0001055
8784,1854,dhmix_1001984601109558110,699,EnthalpyOfMixing,<Substance CCCCCC(C)=O{solv}{x=0.492000}|CCN(CC)CC{solv}{x=0.508000}>,CCCCCC(C)=O,CCN(CC)CC,fb-fit-v0-single-mean-k20,2,0.3198920884382445,0.0509918731441994,0.419,0.0045
8785,1855,dens_1887829851815986883,700,Density,<Substance CCCCCC(C)=O{solv}{x=0.503200}|CCN(CC)CC{solv}{x=0.496800}>,CCCCCC(C)=O,CCN(CC)CC,fb-fit-v0-single-mean-k20,2,0.7728408771303183,0.0002113466540119,0.7684760000000002,9.800000000000002e-05
8786,1856,dhmix_2085744568401562111,701,EnthalpyOfMixing,<Substance CCCCCC(C)=O{solv}{x=0.293900}|CCN(CC)CC{solv}{x=0.706100}>,CCCCCC(C)=O,CCN(CC)CC,fb-fit-v0-single-mean-k20,2,0.0820626017719377,0.0497898876926554,0.412,0.0045
8787,1857,dens_436049638479549968,702,Density,<Substance COC=O{solv}{x=0.472500}|ClCCCl{solv}{x=0.527500}>,COC=O,ClCCCl,fb-fit-v0-single-mean-k20,2,1.1297115250717258,0.0004315473155478,1.1269600000000004,0.000285
8788,1858,dens_627145458965592302,703,Density,<Substance COC=O{solv}{x=0.753000}|ClCCCl{solv}{x=0.247000}>,COC=O,ClCCCl,fb-fit-v0-single-mean-k20,2,1.0606029206579208,0.0003307113709261,1.0461600000000004,0.000205
8789,1859,dhmix_731680623269260416,704,EnthalpyOfMixing,<Substance COC=O{solv}{x=0.250800}|ClCCCl{solv}{x=0.749200}>,COC=O,ClCCCl,fb-fit-v0-single-mean-k20,2,0.4021657686314288,0.0337896142121122,0.0793,0.0007
8790,1860,dens_1488543630772933598,705,Density,<Substance COC=O{solv}{x=0.279500}|ClCCCl{solv}{x=0.720500}>,COC=O,ClCCCl,fb-fit-v0-single-mean-k20,2,1.1705293040722955,0.0004480720449489,1.1777100000000005,0.00034
8791,1861,dhmix_2170321998768851974,706,EnthalpyOfMixing,<Substance COC=O{solv}{x=0.732200}|ClCCCl{solv}{x=0.267800}>,COC=O,ClCCCl,fb-fit-v0-single-mean-k20,2,0.4322275634814336,0.0315992082832358,0.0733,0.00065
8792,1862,dhmix_2249001225536869896,707,EnthalpyOfMixing,<Substance COC=O{solv}{x=0.487400}|ClCCCl{solv}{x=0.512600}>,COC=O,ClCCCl,fb-fit-v0-single-mean-k20,2,0.5295000261433733,0.0307278273185909,0.1028,0.0008
8793,1863,dhmix_442816374747487477,708,EnthalpyOfMixing,<Substance NCCCNCCCN{solv}{x=0.801500}|O{solv}{x=0.198500}>,NCCCNCCCN,O,fb-fit-v0-single-mean-k20,2,-2.1943063726171053,0.0503898197610868,-2.233,0.024
8794,1864,dhmix_1795382205757805615,709,EnthalpyOfMixing,<Substance NCCCNCCCN{solv}{x=0.300500}|O{solv}{x=0.699500}>,NCCCNCCCN,O,fb-fit-v0-single-mean-k20,2,-5.0840875085941555,0.0478420788988338,-6.588,0.07
8795,1865,dhmix_1814950732748396893,710,EnthalpyOfMixing,<Substance NCCCNCCCN{solv}{x=0.499800}|O{solv}{x=0.500200}>,NCCCNCCCN,O,fb-fit-v0-single-mean-k20,2,-4.133148711644187,0.0661966366425727,-5.544,0.059
8796,1866,dhmix_446869196417408130,711,EnthalpyOfMixing,<Substance NCCNCCO{solv}{x=0.770000}|O{solv}{x=0.230000}>,NCCNCCO,O,fb-fit-v0-single-mean-k20,2,-1.844262361395124,0.0364071510661597,-1.711,0.035
8797,1867,dhmix_673839467313503071,712,EnthalpyOfMixing,<Substance NCCNCCO{solv}{x=0.069900}|O{solv}{x=0.930100}>,NCCNCCO,O,fb-fit-v0-single-mean-k20,2,-0.8323857850576317,0.0237998975672042,-1.713,0.035
8798,1868,dens_688094438561771555,713,Density,<Substance NCCNCCO{solv}{x=0.799700}|O{solv}{x=0.200300}>,NCCNCCO,O,fb-fit-v0-single-mean-k20,2,1.0759064519582158,0.00029353286726,1.0318300000000002,0.00024
8799,1869,dhmix_1682883323293489147,714,EnthalpyOfMixing,<Substance NCCNCCO{solv}{x=0.400100}|O{solv}{x=0.599900}>,NCCNCCO,O,fb-fit-v0-single-mean-k20,2,-2.459414738138655,0.0341580883726061,-4.15,0.0845
8800,1870,dens_2045176885611624977,715,Density,<Substance NCCNCCO{solv}{x=0.070000}|O{solv}{x=0.930000}>,NCCNCCO,O,fb-fit-v0-single-mean-k20,2,1.0205720128334308,0.000451160272441,1.0222800000000003,0.000125
8801,1871,dens_2280714043292214506,716,Density,<Substance NCCNCCO{solv}{x=0.399700}|O{solv}{x=0.600300}>,NCCNCCO,O,fb-fit-v0-single-mean-k20,2,1.0588955738105068,0.0004518007073066,1.0370100000000002,0.00017
8802,1872,dens_448105363780466270,717,Density,<Substance CCCCCCCl{solv}{x=0.498300}|CN(C)C=O{solv}{x=0.501700}>,CCCCCCCl,CN(C)C=O,fb-fit-v0-single-mean-k20,2,0.888021005721293,0.0002505581869307,0.8974000000000002,0.0003
8803,1873,dens_1134260732394863277,718,Density,<Substance CCCCCCCl{solv}{x=0.729300}|CN(C)C=O{solv}{x=0.270700}>,CCCCCCCl,CN(C)C=O,fb-fit-v0-single-mean-k20,2,0.8783759704964786,0.0002616187420311,0.8844000000000002,0.0003
8804,1874,dhmix_1150917243327149472,719,EnthalpyOfMixing,<Substance CCCCCCCl{solv}{x=0.500000}|CN(C)C=O{solv}{x=0.500000}>,CCCCCCCl,CN(C)C=O,fb-fit-v0-single-mean-k20,2,1.270090503044102,0.0427246608160343,0.847,0.004
8805,1875,dhmix_1166656674614639609,720,EnthalpyOfMixing,<Substance CCCCCCCl{solv}{x=0.204000}|CN(C)C=O{solv}{x=0.796000}>,CCCCCCCl,CN(C)C=O,fb-fit-v0-single-mean-k20,2,0.8426808649858373,0.0354400242292816,0.583,0.004
8806,1876,dhmix_1262474968830454367,721,EnthalpyOfMixing,<Substance CCCCCCCl{solv}{x=0.795000}|CN(C)C=O{solv}{x=0.205000}>,CCCCCCCl,CN(C)C=O,fb-fit-v0-single-mean-k20,2,0.955478174995534,0.0489850953584207,0.542,0.0035
8807,1877,dens_1862934255267356180,722,Density,<Substance CCCCCCCl{solv}{x=0.200700}|CN(C)C=O{solv}{x=0.799300}>,CCCCCCCl,CN(C)C=O,fb-fit-v0-single-mean-k20,2,0.9041819425899392,0.0002461824332702,0.9218000000000002,0.00025
8808,1878,dhmix_457000181442392641,723,EnthalpyOfMixing,<Substance CCOCCO{solv}{x=0.241100}|c1ccccc1{solv}{x=0.758900}>,CCOCCO,c1ccccc1,fb-fit-v0-single-mean-k20,2,0.754106510315566,0.0411947015501702,0.6303,0.00815
8809,1879,dhmix_501726034520661035,724,EnthalpyOfMixing,<Substance CCOCCO{solv}{x=0.733600}|c1ccccc1{solv}{x=0.266400}>,CCOCCO,c1ccccc1,fb-fit-v0-single-mean-k20,2,0.3865712194838835,0.0440884425694692,0.2326,0.0033
8810,1880,dens_577983044895299238,725,Density,<Substance CCOCCO{solv}{x=0.251800}|c1ccccc1{solv}{x=0.748200}>,CCOCCO,c1ccccc1,fb-fit-v0-single-mean-k20,2,0.8912942967952675,0.0002461840990114,0.8849000000000002,0.00081
8811,1881,dens_1506946378386070831,726,Density,<Substance CCOCCO{solv}{x=0.750800}|c1ccccc1{solv}{x=0.249200}>,CCOCCO,c1ccccc1,fb-fit-v0-single-mean-k20,2,0.910600719546747,0.000237115816664,0.9134500000000004,0.000685
8812,1882,dhmix_1801594081157333975,727,EnthalpyOfMixing,<Substance CCOCCO{solv}{x=0.478600}|c1ccccc1{solv}{x=0.521400}>,CCOCCO,c1ccccc1,fb-fit-v0-single-mean-k20,2,0.711667288391908,0.0416570022349512,0.4912,0.00645
8813,1883,dens_2128846755225827916,728,Density,<Substance CCOCCO{solv}{x=0.504800}|c1ccccc1{solv}{x=0.495200}>,CCOCCO,c1ccccc1,fb-fit-v0-single-mean-k20,2,0.9000068966401098,0.0001836596064263,0.8995700000000003,0.000745
8814,1884,dhmix_466383569529620932,729,EnthalpyOfMixing,<Substance CC(=O)N(C)C{solv}{x=0.505000}|CCCCCCCl{solv}{x=0.495000}>,CC(=O)N(C)C,CCCCCCCl,fb-fit-v0-single-mean-k20,2,0.8544703438137304,0.0438797804472935,0.61,0.003
8815,1885,dhmix_493694362228351572,730,EnthalpyOfMixing,<Substance CC(=O)N(C)C{solv}{x=0.798000}|CCCCCCCl{solv}{x=0.202000}>,CC(=O)N(C)C,CCCCCCCl,fb-fit-v0-single-mean-k20,2,0.6020665248841794,0.0427347987285443,0.425,0.003
8816,1886,dhmix_626564461179097700,731,EnthalpyOfMixing,<Substance CC(=O)N(C)C{solv}{x=0.211000}|CCCCCCCl{solv}{x=0.789000}>,CC(=O)N(C)C,CCCCCCCl,fb-fit-v0-single-mean-k20,2,0.648570569762839,0.0437306471771897,0.38,0.003
8817,1887,dens_1720641323575133011,732,Density,<Substance CC(=O)N(C)C{solv}{x=0.200300}|CCCCCCCl{solv}{x=0.799700}>,CC(=O)N(C)C,CCCCCCCl,fb-fit-v0-single-mean-k20,2,0.8754976955064921,0.0002410069264142,0.8816000000000003,0.00025
8818,1888,dens_1817345990638851984,733,Density,<Substance CC(=O)N(C)C{solv}{x=0.503000}|CCCCCCCl{solv}{x=0.497000}>,CC(=O)N(C)C,CCCCCCCl,fb-fit-v0-single-mean-k20,2,0.8832620367886783,0.0002248407168105,0.8975000000000002,0.00025
8819,1889,dens_1885054129776339889,734,Density,<Substance CC(=O)N(C)C{solv}{x=0.699200}|CCCCCCCl{solv}{x=0.300800}>,CC(=O)N(C)C,CCCCCCCl,fb-fit-v0-single-mean-k20,2,0.8895160649152715,0.0002364503480569,0.9104000000000002,0.0002
8820,1890,dens_468507243072548580,735,Density,<Substance CCC#N{solv}{x=0.701200}|CCOC(C)(C)CC{solv}{x=0.298800}>,CCC#N,CCOC(C)(C)CC,fb-fit-v0-single-mean-k20,2,0.7686234883404243,0.0002291427703589,0.7715000000000002,0.0004
8821,1891,dhmix_553135124490085656,736,EnthalpyOfMixing,<Substance CCC#N{solv}{x=0.502500}|CCOC(C)(C)CC{solv}{x=0.497500}>,CCC#N,CCOC(C)(C)CC,fb-fit-v0-single-mean-k20,2,0.1797672981365963,0.0392250405823794,0.7023,0.00955
8822,1892,dens_762108332272225600,737,Density,<Substance CCC#N{solv}{x=0.502500}|CCOC(C)(C)CC{solv}{x=0.497500}>,CCC#N,CCOC(C)(C)CC,fb-fit-v0-single-mean-k20,2,0.7675746362961784,0.0002319319880593,0.7683000000000001,0.00035
8823,1893,dens_967634241844220739,738,Density,<Substance CCC#N{solv}{x=0.200900}|CCOC(C)(C)CC{solv}{x=0.799100}>,CCC#N,CCOC(C)(C)CC,fb-fit-v0-single-mean-k20,2,0.7642136377549547,0.000213753814778,0.7638000000000001,0.00025
8824,1894,dhmix_1961082112686431376,739,EnthalpyOfMixing,<Substance CCC#N{solv}{x=0.200900}|CCOC(C)(C)CC{solv}{x=0.799100}>,CCC#N,CCOC(C)(C)CC,fb-fit-v0-single-mean-k20,2,0.1209218994529379,0.0531030798517349,0.502,0.00685
8825,1895,dhmix_2005765786246998093,740,EnthalpyOfMixing,<Substance CCC#N{solv}{x=0.701200}|CCOC(C)(C)CC{solv}{x=0.298800}>,CCC#N,CCOC(C)(C)CC,fb-fit-v0-single-mean-k20,2,0.1826665293827858,0.0396596900467017,0.5863,0.008
8826,1896,dhmix_471514663464011364,741,EnthalpyOfMixing,<Substance C1CCOCC1{solv}{x=0.722000}|CCCCCO{solv}{x=0.278000}>,C1CCOCC1,CCCCCO,fb-fit-v0-single-mean-k20,2,1.1362290724153752,0.0441217501811167,0.8628,0.00745
8827,1897,dens_910343796235321484,742,Density,<Substance C1CCOCC1{solv}{x=0.298700}|CCCCCO{solv}{x=0.701300}>,C1CCOCC1,CCCCCO,fb-fit-v0-single-mean-k20,2,0.8290035563700131,0.0001928584821423,0.8293300000000002,0.00034
8828,1898,dens_1812069868432416079,743,Density,<Substance C1CCOCC1{solv}{x=0.800000}|CCCCCO{solv}{x=0.200000}>,C1CCOCC1,CCCCCO,fb-fit-v0-single-mean-k20,2,0.8577871298956198,0.0002333244724506,0.8635900000000002,0.000315
8829,1899,dhmix_1936206883965149188,744,EnthalpyOfMixing,<Substance C1CCOCC1{solv}{x=0.526000}|CCCCCO{solv}{x=0.474000}>,C1CCOCC1,CCCCCO,fb-fit-v0-single-mean-k20,2,1.1652880698193258,0.0444006440293854,0.97,0.00615
8830,1900,dhmix_1992318015190346725,745,EnthalpyOfMixing,<Substance C1CCOCC1{solv}{x=0.217000}|CCCCCO{solv}{x=0.783000}>,C1CCOCC1,CCCCCO,fb-fit-v0-single-mean-k20,2,0.7657747969939308,0.0393276987986366,0.6006,0.00455
8831,1901,dens_2204330198012032768,746,Density,<Substance C1CCOCC1{solv}{x=0.499400}|CCCCCO{solv}{x=0.500600}>,C1CCOCC1,CCCCCO,fb-fit-v0-single-mean-k20,2,0.8398347552018236,0.0002117235238476,0.8425400000000002,0.00033
8832,1902,dhmix_472822428299818953,747,EnthalpyOfMixing,<Substance CC(C)CC(C)(C)C{solv}{x=0.700500}|CCCCO{solv}{x=0.299500}>,CC(C)CC(C)(C)C,CCCCO,fb-fit-v0-single-mean-k20,2,0.5336314891438718,0.0495688861870049,0.6228,0.0028
8833,1903,dhmix_628387028768654403,748,EnthalpyOfMixing,<Substance CC(C)CC(C)(C)C{solv}{x=0.499900}|CCCCO{solv}{x=0.500100}>,CC(C)CC(C)(C)C,CCCCO,fb-fit-v0-single-mean-k20,2,0.5571794048082523,0.0451626545747664,0.5938,0.0027
8834,1904,dens_631668933678639865,749,Density,<Substance CC(C)CC(C)(C)C{solv}{x=0.200000}|CCCCO{solv}{x=0.800000}>,CC(C)CC(C)(C)C,CCCCO,fb-fit-v0-single-mean-k20,2,0.7764962910204101,0.0002348064276128,0.7696800000000001,0.000295
8835,1905,dens_1394470087977586253,750,Density,<Substance CC(C)CC(C)(C)C{solv}{x=0.500000}|CCCCO{solv}{x=0.500000}>,CC(C)CC(C)(C)C,CCCCO,fb-fit-v0-single-mean-k20,2,0.7445872998218825,0.0002130884884285,0.7294000000000002,0.000285
8836,1906,dens_1809610870413503056,751,Density,<Substance CC(C)CC(C)(C)C{solv}{x=0.699900}|CCCCO{solv}{x=0.300100}>,CC(C)CC(C)(C)C,CCCCO,fb-fit-v0-single-mean-k20,2,0.7296960534295662,0.0002372295487169,0.7097700000000001,0.000285
8837,1907,dhmix_2302589146189152767,752,EnthalpyOfMixing,<Substance CC(C)CC(C)(C)C{solv}{x=0.200200}|CCCCO{solv}{x=0.799800}>,CC(C)CC(C)(C)C,CCCCO,fb-fit-v0-single-mean-k20,2,0.330348095543485,0.0381697346451227,0.27646,0.003235
8838,1908,dens_486902622078179007,753,Density,<Substance COC=O{solv}{x=0.494600}|CO{solv}{x=0.505400}>,CO,COC=O,fb-fit-v0-single-mean-k20,2,0.8962671173220331,0.0003791142153909,0.8956100000000002,7.500000000000002e-05
8839,1909,dens_750646162221180186,754,Density,<Substance COC=O{solv}{x=0.083300}|CO{solv}{x=0.916700}>,CO,COC=O,fb-fit-v0-single-mean-k20,2,0.7868247541537207,0.0004256264393486,0.8088000000000002,9.000000000000002e-05
8840,1910,dhmix_1113631207235753369,755,EnthalpyOfMixing,<Substance COC=O{solv}{x=0.717800}|CO{solv}{x=0.282200}>,CO,COC=O,fb-fit-v0-single-mean-k20,2,0.9424573489328788,0.0329195120145334,1.105,0.012
8841,1911,dhmix_2143911117683117531,756,EnthalpyOfMixing,<Substance COC=O{solv}{x=0.512700}|CO{solv}{x=0.487300}>,CO,COC=O,fb-fit-v0-single-mean-k20,2,1.1883127627207508,0.021965252860947,1.179,0.0125
8842,1912,dens_2148324189014877510,757,Density,<Substance COC=O{solv}{x=0.727100}|CO{solv}{x=0.272900}>,CO,COC=O,fb-fit-v0-single-mean-k20,2,0.943563714349424,0.000348902463856,0.9321000000000004,8.000000000000002e-05
8843,1913,dhmix_2205254965267695203,758,EnthalpyOfMixing,<Substance COC=O{solv}{x=0.083300}|CO{solv}{x=0.916700}>,CO,COC=O,fb-fit-v0-single-mean-k20,2,0.3535853825463775,0.0318082636663479,0.311,0.0035
8844,1914,dhmix_497300242003673148,759,EnthalpyOfMixing,<Substance BrCCBr{solv}{x=0.284100}|CCCCOC(=O)CCC{solv}{x=0.715900}>,BrCCBr,CCCCOC(=O)CCC,fb-fit-v0-single-mean-k20,2,-0.4470606617010801,0.051129638629925,-0.054,0.001
8845,1915,dhmix_712261179736749495,760,EnthalpyOfMixing,<Substance BrCCBr{solv}{x=0.515300}|CCCCOC(=O)CCC{solv}{x=0.484700}>,BrCCBr,CCCCOC(=O)CCC,fb-fit-v0-single-mean-k20,2,-0.6096326370831449,0.0402616305492264,-0.027,0.0005
8846,1916,dens_846614854165535724,761,Density,<Substance BrCCBr{solv}{x=0.212900}|CCCCOC(=O)CCC{solv}{x=0.787100}>,BrCCBr,CCCCOC(=O)CCC,fb-fit-v0-single-mean-k20,2,1.023127499739319,0.0001862006850863,1.0245500000000003,0.00013
8847,1917,dens_1085110183353279404,762,Density,<Substance BrCCBr{solv}{x=0.730000}|CCCCOC(=O)CCC{solv}{x=0.270000}>,BrCCBr,CCCCOC(=O)CCC,fb-fit-v0-single-mean-k20,2,1.609710423376585,0.0004433439271469,1.6231500000000003,0.000405
8848,1918,dhmix_2153957437015117204,763,EnthalpyOfMixing,<Substance BrCCBr{solv}{x=0.763900}|CCCCOC(=O)CCC{solv}{x=0.236100}>,BrCCBr,CCCCOC(=O)CCC,fb-fit-v0-single-mean-k20,2,-0.4401176640947284,0.0414233813303783,0.051,0.001
8849,1919,dens_2242615301342819560,764,Density,<Substance BrCCBr{solv}{x=0.449300}|CCCCOC(=O)CCC{solv}{x=0.550700}>,BrCCBr,CCCCOC(=O)CCC,fb-fit-v0-single-mean-k20,2,1.247029240658261,0.0002998985016297,1.2506100000000002,0.000225
8850,1920,dens_501060706627477242,765,Density,<Substance OC1=NCCC1{solv}{x=0.500000}|O{solv}{x=0.500000}>,O,OC1=NCCC1,fb-fit-v0-single-mean-k20,2,1.0491129483179762,0.0002920961721621,1.0977070000000004,0.0005555
8851,1921,dens_929065521104254808,766,Density,<Substance OC1=NCCC1{solv}{x=0.744800}|O{solv}{x=0.255200}>,O,OC1=NCCC1,fb-fit-v0-single-mean-k20,2,1.0573449422512753,0.0002270632828714,1.1044310000000004,0.000577
8852,1922,dhmix_1128968771311392860,767,EnthalpyOfMixing,<Substance OC1=NCCC1{solv}{x=0.769300}|O{solv}{x=0.230700}>,O,OC1=NCCC1,fb-fit-v0-single-mean-k20,2,0.6268454427008976,0.0364800718215112,-0.678,0.1695
8853,1923,dens_1192491633684345401,768,Density,<Substance OC1=NCCC1{solv}{x=0.246800}|O{solv}{x=0.753200}>,O,OC1=NCCC1,fb-fit-v0-single-mean-k20,2,1.0305835834145494,0.0003838758364173,1.077068,0.0004905
8854,1924,dhmix_1775375132531538271,769,EnthalpyOfMixing,<Substance OC1=NCCC1{solv}{x=0.478300}|O{solv}{x=0.521700}>,O,OC1=NCCC1,fb-fit-v0-single-mean-k20,2,0.7265418833865596,0.0288940144075072,-0.8384,0.20965
8855,1925,dhmix_1895825007089845103,770,EnthalpyOfMixing,<Substance OC1=NCCC1{solv}{x=0.231900}|O{solv}{x=0.768100}>,O,OC1=NCCC1,fb-fit-v0-single-mean-k20,2,0.5164527022754655,0.0253004461218061,-0.5238,0.13095
8856,1926,dens_502738970558558534,771,Density,<Substance BrCCBr{solv}{x=0.749000}|COC=O{solv}{x=0.251000}>,BrCCBr,COC=O,fb-fit-v0-single-mean-k20,2,1.9030015272612288,0.0006623425517517,1.9319600000000008,0.003535
8857,1927,dhmix_523129341332875255,772,EnthalpyOfMixing,<Substance BrCCBr{solv}{x=0.059500}|COC=O{solv}{x=0.940500}>,BrCCBr,COC=O,fb-fit-v0-single-mean-k20,2,0.2260535876436878,0.0347842890016984,0.1715,0.00215
8858,1928,dens_528986974844153101,773,Density,<Substance BrCCBr{solv}{x=0.059800}|COC=O{solv}{x=0.940200}>,BrCCBr,COC=O,fb-fit-v0-single-mean-k20,2,1.0850022684271703,0.0003881207882276,1.06428,0.00056
8859,1929,dhmix_1521152703631810888,774,EnthalpyOfMixing,<Substance BrCCBr{solv}{x=0.757400}|COC=O{solv}{x=0.242600}>,BrCCBr,COC=O,fb-fit-v0-single-mean-k20,2,0.7425721874305893,0.030507120265706,0.653,0.00585
8860,1930,dhmix_1685647138770344206,775,EnthalpyOfMixing,<Substance BrCCBr{solv}{x=0.528100}|COC=O{solv}{x=0.471900}>,BrCCBr,COC=O,fb-fit-v0-single-mean-k20,2,0.8193878699489421,0.0291999882506516,0.8123,0.00705
8861,1931,dens_1945150067923572864,776,Density,<Substance BrCCBr{solv}{x=0.501500}|COC=O{solv}{x=0.498500}>,BrCCBr,COC=O,fb-fit-v0-single-mean-k20,2,1.6552748707075218,0.000572425648248,1.6620300000000003,0.00232
8862,1932,dens_511283508189056955,777,Density,<Substance CCO{solv}{x=0.291400}|CN(C)CCO{solv}{x=0.708600}>,CCO,CN(C)CCO,fb-fit-v0-single-mean-k20,2,0.883133430209894,0.0002034357076199,0.8710100000000002,0.000165
8863,1933,dhmix_1055456388735168345,778,EnthalpyOfMixing,<Substance CCO{solv}{x=0.508400}|CN(C)CCO{solv}{x=0.491600}>,CCO,CN(C)CCO,fb-fit-v0-single-mean-k20,2,-0.8539053814697013,0.0405118664985676,-0.4044,0.0044
8864,1934,dens_1119930253414624267,779,Density,<Substance CCO{solv}{x=0.699500}|CN(C)CCO{solv}{x=0.300500}>,CCO,CN(C)CCO,fb-fit-v0-single-mean-k20,2,0.8395746629296502,0.0002408684765469,0.8345000000000002,0.000135
8865,1935,dhmix_1132835222292135012,780,EnthalpyOfMixing,<Substance CCO{solv}{x=0.268600}|CN(C)CCO{solv}{x=0.731400}>,CCO,CN(C)CCO,fb-fit-v0-single-mean-k20,2,-0.5756535944746588,0.0432038655139663,-0.2783,0.0031
8866,1936,dens_1964926738263319597,781,Density,<Substance CCO{solv}{x=0.494900}|CN(C)CCO{solv}{x=0.505100}>,CCO,CN(C)CCO,fb-fit-v0-single-mean-k20,2,0.8645147308721404,0.0002163999009507,0.8566200000000002,0.00015
8867,1937,dhmix_2011138895468245368,782,EnthalpyOfMixing,<Substance CCO{solv}{x=0.733500}|CN(C)CCO{solv}{x=0.266500}>,CCO,CN(C)CCO,fb-fit-v0-single-mean-k20,2,-0.6736063364435907,0.033111411697183,-0.3657,0.004
8868,1938,dhmix_517287783481256565,783,EnthalpyOfMixing,<Substance CN(C)C=O{solv}{x=0.701000}|ClCCCCCl{solv}{x=0.299000}>,CN(C)C=O,ClCCCCCl,fb-fit-v0-single-mean-k20,2,0.4220999595650028,0.0404145347627249,-0.052,0.002
8869,1939,dens_765057686797526715,784,Density,<Substance CN(C)C=O{solv}{x=0.794300}|ClCCCCCl{solv}{x=0.205700}>,CN(C)C=O,ClCCCCCl,fb-fit-v0-single-mean-k20,2,0.9745318167864911,0.0002673556007842,0.9934000000000002,0.00245
8870,1940,dens_1092490027864410415,785,Density,<Substance CN(C)C=O{solv}{x=0.502200}|ClCCCCCl{solv}{x=0.497800}>,CN(C)C=O,ClCCCCCl,fb-fit-v0-single-mean-k20,2,1.0402910085937065,0.0002849294089362,1.0524000000000004,0.0022
8871,1941,dens_1571926938169630329,786,Density,<Substance CN(C)C=O{solv}{x=0.299400}|ClCCCCCl{solv}{x=0.700600}>,CN(C)C=O,ClCCCCCl,fb-fit-v0-single-mean-k20,2,1.0783888854112988,0.0002874538809329,1.0879000000000003,0.0021
8872,1942,dhmix_1989422051580285053,787,EnthalpyOfMixing,<Substance CN(C)C=O{solv}{x=0.501000}|ClCCCCCl{solv}{x=0.499000}>,CN(C)C=O,ClCCCCCl,fb-fit-v0-single-mean-k20,2,0.4178833476556605,0.0398620882781341,-0.056,0.002
8873,1943,dhmix_2190775305913174779,788,EnthalpyOfMixing,<Substance CN(C)C=O{solv}{x=0.204000}|ClCCCCCl{solv}{x=0.796000}>,CN(C)C=O,ClCCCCCl,fb-fit-v0-single-mean-k20,2,0.3844108380275699,0.0411732007853174,-0.039,0.002
8874,1944,dens_518199256039095036,789,Density,<Substance CCCCO{solv}{x=0.496400}|NCCN{solv}{x=0.503600}>,CCCCO,NCCN,fb-fit-v0-single-mean-k20,2,0.8771506747039093,0.0002233095817738,0.8519430000000002,0.000219
8875,1945,dens_866492593379488722,790,Density,<Substance CCCCO{solv}{x=0.739800}|NCCN{solv}{x=0.260200}>,CCCCO,NCCN,fb-fit-v0-single-mean-k20,2,0.8393516882807328,0.0002313397387911,0.8325090000000002,0.000221
8876,1946,dens_2064365769538781360,791,Density,<Substance CCCCO{solv}{x=0.291900}|NCCN{solv}{x=0.708100}>,CCCCO,NCCN,fb-fit-v0-single-mean-k20,2,0.9161904546391044,0.0003152204671161,0.8676960000000002,0.0002205
8877,1947,dens_520201021244222151,792,Density,<Substance O=C1CCCO1{solv}{x=0.300000}|O{solv}{x=0.700000}>,O,O=C1CCCO1,fb-fit-v0-single-mean-k20,2,1.0564434870742527,0.0004015951003832,1.0886000000000002,0.0001
8878,1948,dens_2198925124601089428,793,Density,<Substance O=C1CCCO1{solv}{x=0.500000}|O{solv}{x=0.500000}>,O,O=C1CCCO1,fb-fit-v0-single-mean-k20,2,1.07740307807141,0.0003284749293139,1.1059000000000003,0.0001
8879,1949,dens_2272207838075726438,794,Density,<Substance O=C1CCCO1{solv}{x=0.800000}|O{solv}{x=0.200000}>,O,O=C1CCCO1,fb-fit-v0-single-mean-k20,2,1.0955233463471887,0.0002634262313174,1.1182000000000003,0.0001
8880,1950,dhmix_524376395520217080,795,EnthalpyOfMixing,<Substance CC(C)CC(C)(C)C{solv}{x=0.440700}|CCCC(=O)OC{solv}{x=0.559300}>,CC(C)CC(C)(C)C,CCCC(=O)OC,fb-fit-v0-single-mean-k20,2,1.4861555610824553,0.042501082020154,1.053,0.0115
8881,1951,dens_581090592491592243,796,Density,<Substance CC(C)CC(C)(C)C{solv}{x=0.298100}|CCCC(=O)OC{solv}{x=0.701900}>,CC(C)CC(C)(C)C,CCCC(=O)OC,fb-fit-v0-single-mean-k20,2,0.8200610275357266,0.0001784676474165,0.8119000000000002,0.000505
8882,1952,dens_1497434747823371430,797,Density,<Substance CC(C)CC(C)(C)C{solv}{x=0.724300}|CCCC(=O)OC{solv}{x=0.275700}>,CC(C)CC(C)(C)C,CCCC(=O)OC,fb-fit-v0-single-mean-k20,2,0.7470235374982872,0.0001397290551053,0.7279000000000001,0.000505
8883,1953,dhmix_1614087501371550297,798,EnthalpyOfMixing,<Substance CC(C)CC(C)(C)C{solv}{x=0.762900}|CCCC(=O)OC{solv}{x=0.237100}>,CC(C)CC(C)(C)C,CCCC(=O)OC,fb-fit-v0-single-mean-k20,2,1.2982352949694018,0.0510413293699903,0.789,0.0085
8884,1954,dens_1842979547629422953,799,Density,<Substance CC(C)CC(C)(C)C{solv}{x=0.441000}|CCCC(=O)OC{solv}{x=0.559000}>,CC(C)CC(C)(C)C,CCCC(=O)OC,fb-fit-v0-single-mean-k20,2,0.7927298657294263,0.0002223119721801,0.7803000000000001,0.000505
8885,1955,dhmix_2246911102339588209,800,EnthalpyOfMixing,<Substance CC(C)CC(C)(C)C{solv}{x=0.298200}|CCCC(=O)OC{solv}{x=0.701800}>,CC(C)CC(C)(C)C,CCCC(=O)OC,fb-fit-v0-single-mean-k20,2,1.3367315334302177,0.041962953341398,0.884,0.0095
8886,1956,dhmix_536798507677319129,801,EnthalpyOfMixing,<Substance C1COCO1{solv}{x=0.267900}|Cc1ccccc1Cl{solv}{x=0.732100}>,C1COCO1,Cc1ccccc1Cl,fb-fit-v0-single-mean-k20,2,0.2510332752447084,0.0442480827831231,0.272,0.0015
8887,1957,dens_559535483529614058,802,Density,<Substance C1COCO1{solv}{x=0.726600}|Cc1ccccc1Cl{solv}{x=0.273400}>,C1COCO1,Cc1ccccc1Cl,fb-fit-v0-single-mean-k20,2,1.0792316121861294,0.0003213966085076,1.0652000000000004,0.0005
8888,1958,dens_731520844601672570,803,Density,<Substance C1COCO1{solv}{x=0.268500}|Cc1ccccc1Cl{solv}{x=0.731500}>,C1COCO1,Cc1ccccc1Cl,fb-fit-v0-single-mean-k20,2,1.0747040489605937,0.0002649679460933,1.0630000000000002,0.0005
8889,1959,dens_839907656840905053,804,Density,<Substance C1COCO1{solv}{x=0.516900}|Cc1ccccc1Cl{solv}{x=0.483100}>,C1COCO1,Cc1ccccc1Cl,fb-fit-v0-single-mean-k20,2,1.0820161036615044,0.0002511814319176,1.0694000000000004,0.0005
8890,1960,dhmix_1308085019204784636,805,EnthalpyOfMixing,<Substance C1COCO1{solv}{x=0.500900}|Cc1ccccc1Cl{solv}{x=0.499100}>,C1COCO1,Cc1ccccc1Cl,fb-fit-v0-single-mean-k20,2,0.3125691384123854,0.037980868134778,0.393,0.002
8891,1961,dhmix_1924685013370154802,806,EnthalpyOfMixing,<Substance C1COCO1{solv}{x=0.760400}|Cc1ccccc1Cl{solv}{x=0.239600}>,C1COCO1,Cc1ccccc1Cl,fb-fit-v0-single-mean-k20,2,0.1751032254787361,0.0390343268204775,0.313,0.0015
8892,1962,dhmix_549919019055097043,807,EnthalpyOfMixing,<Substance C1CCCCC1{solv}{x=0.799100}|CC(C)O{solv}{x=0.200900}>,C1CCCCC1,CC(C)O,fb-fit-v0-single-mean-k20,2,0.6978223770124998,0.0428888636155948,0.702,0.017
8893,1963,dhmix_1101575580592240663,808,EnthalpyOfMixing,<Substance C1CCCCC1{solv}{x=0.199500}|CC(C)O{solv}{x=0.800500}>,C1CCCCC1,CC(C)O,fb-fit-v0-single-mean-k20,2,0.4893078316742176,0.0323394855268499,0.438,0.011
8894,1964,dhmix_1262965345724899699,809,EnthalpyOfMixing,<Substance C1CCCCC1{solv}{x=0.498400}|CC(C)O{solv}{x=0.501600}>,C1CCCCC1,CC(C)O,fb-fit-v0-single-mean-k20,2,0.8289787043641397,0.0385799867557298,0.801,0.0195
8895,1965,dens_1431184569437551541,810,Density,<Substance C1CCCCC1{solv}{x=0.705800}|CC(C)O{solv}{x=0.294200}>,C1CCCCC1,CC(C)O,fb-fit-v0-single-mean-k20,2,0.7685566015140856,0.0002409549124619,0.7711100000000002,0.000245
8896,1966,dens_2097249982689376165,811,Density,<Substance C1CCCCC1{solv}{x=0.200000}|CC(C)O{solv}{x=0.800000}>,C1CCCCC1,CC(C)O,fb-fit-v0-single-mean-k20,2,0.7866670188332362,0.0002909451858067,0.7761000000000002,0.0003
8897,1967,dens_2130071224188444793,812,Density,<Substance C1CCCCC1{solv}{x=0.503900}|CC(C)O{solv}{x=0.496100}>,C1CCCCC1,CC(C)O,fb-fit-v0-single-mean-k20,2,0.7740091813196764,0.0002520445822332,0.7719000000000001,0.0003
8898,1968,dens_562489367284385084,813,Density,<Substance CCCCC(=O)OC{solv}{x=0.251100}|COC(C)=O{solv}{x=0.748900}>,CCCCC(=O)OC,COC(C)=O,fb-fit-v0-single-mean-k20,2,0.9105928586473206,0.0002684373930227,0.9105300000000002,0.000505
8899,1969,dhmix_814771684244180933,814,EnthalpyOfMixing,<Substance CCCCC(=O)OC{solv}{x=0.733900}|COC(C)=O{solv}{x=0.266100}>,CCCCC(=O)OC,COC(C)=O,fb-fit-v0-single-mean-k20,2,0.0757538171992513,0.0474186806267303,0.178,0.002
8900,1970,dhmix_915202362324204655,815,EnthalpyOfMixing,<Substance CCCCC(=O)OC{solv}{x=0.505500}|COC(C)=O{solv}{x=0.494500}>,CCCCC(=O)OC,COC(C)=O,fb-fit-v0-single-mean-k20,2,0.1120405136642013,0.0398754555607026,0.238,0.0025
8901,1971,dhmix_935892165648195197,816,EnthalpyOfMixing,<Substance CCCCC(=O)OC{solv}{x=0.234700}|COC(C)=O{solv}{x=0.765300}>,CCCCC(=O)OC,COC(C)=O,fb-fit-v0-single-mean-k20,2,0.0902433072249309,0.0394061495919768,0.173,0.002
8902,1972,dens_961692445804333991,817,Density,<Substance CCCCC(=O)OC{solv}{x=0.738300}|COC(C)=O{solv}{x=0.261700}>,CCCCC(=O)OC,COC(C)=O,fb-fit-v0-single-mean-k20,2,0.8921638865012185,0.0002491978961132,0.8914700000000002,0.000505
8903,1973,dens_1493380961688632529,818,Density,<Substance CCCCC(=O)OC{solv}{x=0.493500}|COC(C)=O{solv}{x=0.506500}>,CCCCC(=O)OC,COC(C)=O,fb-fit-v0-single-mean-k20,2,0.8999639819519889,0.0002247531002839,0.8996200000000002,0.000505
8904,1974,dhmix_563342363018905515,819,EnthalpyOfMixing,<Substance CCOC(=O)CC(C)=O{solv}{x=0.751400}|O{solv}{x=0.248600}>,CCOC(=O)CC(C)=O,O,fb-fit-v0-single-mean-k20,2,0.8532330488689297,0.0413021347849972,1.128,0.012
8905,1975,dhmix_1385095028103136291,820,EnthalpyOfMixing,<Substance CCOC(=O)CC(C)=O{solv}{x=0.449100}|O{solv}{x=0.550900}>,CCOC(=O)CC(C)=O,O,fb-fit-v0-single-mean-k20,2,0.7002959560718125,0.0356555306572954,0.684,0.0075
8906,1976,dhmix_1609967394780907654,821,EnthalpyOfMixing,<Substance CCOC(=O)CC(C)=O{solv}{x=0.299400}|O{solv}{x=0.700600}>,CCOC(=O)CC(C)=O,O,fb-fit-v0-single-mean-k20,2,0.526460628637281,0.0320743955358918,0.428,0.005
8907,1977,dhmix_566259260175961973,822,EnthalpyOfMixing,<Substance CCCCO{solv}{x=0.144700}|OC1=NCCC1{solv}{x=0.855300}>,CCCCO,OC1=NCCC1,fb-fit-v0-single-mean-k20,2,0.5782050901516413,0.045684309506583,0.0949,0.0012
8908,1978,dens_1146983614802652988,823,Density,<Substance CCCCO{solv}{x=0.500400}|OC1=NCCC1{solv}{x=0.499600}>,CCCCO,OC1=NCCC1,fb-fit-v0-single-mean-k20,2,0.9277776754946782,0.0002575973909967,0.94503,0.00015
8909,1979,dhmix_1601732489230179724,824,EnthalpyOfMixing,<Substance CCCCO{solv}{x=0.497800}|OC1=NCCC1{solv}{x=0.502200}>,CCCCO,OC1=NCCC1,fb-fit-v0-single-mean-k20,2,1.4057324835538054,0.0428123637892966,0.2326,0.0026
8910,1980,dhmix_1661138478850718837,825,EnthalpyOfMixing,<Substance CCCCO{solv}{x=0.754800}|OC1=NCCC1{solv}{x=0.245200}>,CCCCO,OC1=NCCC1,fb-fit-v0-single-mean-k20,2,1.1960611794614138,0.0414055392450459,0.2356,0.00265
8911,1981,dens_1878955695276199878,826,Density,<Substance CCCCO{solv}{x=0.144600}|OC1=NCCC1{solv}{x=0.855400}>,CCCCO,OC1=NCCC1,fb-fit-v0-single-mean-k20,2,1.019643746588887,0.0002217576023777,1.0575900000000005,0.000205
8912,1982,dens_2101998760005952263,827,Density,<Substance CCCCO{solv}{x=0.755500}|OC1=NCCC1{solv}{x=0.244500}>,CCCCO,OC1=NCCC1,fb-fit-v0-single-mean-k20,2,0.8645758232929653,0.0002480778917945,0.8711500000000002,0.000185
8913,1983,dhmix_569012254773025696,828,EnthalpyOfMixing,<Substance CC(C)(C)O{solv}{x=0.505700}|OC1=NCCC1{solv}{x=0.494300}>,CC(C)(C)O,OC1=NCCC1,fb-fit-v0-single-mean-k20,2,1.898225901893028,0.0398468154702026,0.4323,0.0047
8914,1984,dens_992979807705536615,829,Density,<Substance CC(C)(C)O{solv}{x=0.751100}|OC1=NCCC1{solv}{x=0.248900}>,CC(C)(C)O,OC1=NCCC1,fb-fit-v0-single-mean-k20,2,0.8702576609129872,0.000291185628492,0.8505700000000003,0.000215
8915,1985,dens_1020722913861580636,830,Density,<Substance CC(C)(C)O{solv}{x=0.499700}|OC1=NCCC1{solv}{x=0.500300}>,CC(C)(C)O,OC1=NCCC1,fb-fit-v0-single-mean-k20,2,0.9284378743953164,0.0002484146925936,0.9282800000000002,0.00018
8916,1986,dhmix_1408261346335628114,831,EnthalpyOfMixing,<Substance CC(C)(C)O{solv}{x=0.744900}|OC1=NCCC1{solv}{x=0.255100}>,CC(C)(C)O,OC1=NCCC1,fb-fit-v0-single-mean-k20,2,1.9078867795764864,0.0438746042884604,0.3774,0.00415
8917,1987,dhmix_1466823939183874689,832,EnthalpyOfMixing,<Substance CC(C)(C)O{solv}{x=0.257800}|OC1=NCCC1{solv}{x=0.742200}>,CC(C)(C)O,OC1=NCCC1,fb-fit-v0-single-mean-k20,2,1.0306754459746514,0.0425825609608843,0.2874,0.0032
8918,1988,dens_1768273433543243004,833,Density,<Substance CC(C)(C)O{solv}{x=0.276400}|OC1=NCCC1{solv}{x=0.723600}>,CC(C)(C)O,OC1=NCCC1,fb-fit-v0-single-mean-k20,2,0.985770612611204,0.0002636463756,1.0036300000000002,0.000155
8919,1989,dens_571827819113574480,834,Density,<Substance CC(C)OC(C)C{solv}{x=0.700400}|Cc1ccccc1{solv}{x=0.299600}>,CC(C)OC(C)C,Cc1ccccc1,fb-fit-v0-single-mean-k20,2,0.7688120998488505,0.0002025110551903,0.7573100000000001,0.000155
8920,1990,dhmix_686402805609192969,835,EnthalpyOfMixing,<Substance CC(C)OC(C)C{solv}{x=0.228000}|Cc1ccccc1{solv}{x=0.772000}>,CC(C)OC(C)C,Cc1ccccc1,fb-fit-v0-single-mean-k20,2,-0.0909713337122681,0.0385211745257684,0.0593,0.00515
8921,1991,dhmix_1045652173440309018,836,EnthalpyOfMixing,<Substance CC(C)OC(C)C{solv}{x=0.752000}|Cc1ccccc1{solv}{x=0.248000}>,CC(C)OC(C)C,Cc1ccccc1,fb-fit-v0-single-mean-k20,2,-0.0358497974807647,0.0481869396549235,-0.0091,0.00505
8922,1992,dhmix_1690461453403165745,837,EnthalpyOfMixing,<Substance CC(C)OC(C)C{solv}{x=0.455000}|Cc1ccccc1{solv}{x=0.545000}>,CC(C)OC(C)C,Cc1ccccc1,fb-fit-v0-single-mean-k20,2,-0.0288694633893769,0.0433328918593706,0.0323,0.0051
8923,1993,dens_2086775654110573795,838,Density,<Substance CC(C)OC(C)C{solv}{x=0.200400}|Cc1ccccc1{solv}{x=0.799600}>,CC(C)OC(C)C,Cc1ccccc1,fb-fit-v0-single-mean-k20,2,0.8375844908934352,0.0002221430897436,0.8299700000000002,0.00014
8924,1994,dens_2167043968237201720,839,Density,<Substance CC(C)OC(C)C{solv}{x=0.500300}|Cc1ccccc1{solv}{x=0.499700}>,CC(C)OC(C)C,Cc1ccccc1,fb-fit-v0-single-mean-k20,2,0.7953497917088976,0.0002529847888011,0.7849200000000002,0.000155
8925,1995,dhmix_578047845607378963,840,EnthalpyOfMixing,<Substance CN1CCCC1=O{solv}{x=0.635900}|c1ccncc1{solv}{x=0.364100}>,CN1CCCC1=O,c1ccncc1,fb-fit-v0-single-mean-k20,2,-0.4004454256373657,0.0385621748496943,-0.4013,0.10035
8926,1996,dhmix_625120262301063359,841,EnthalpyOfMixing,<Substance CN1CCCC1=O{solv}{x=0.231200}|c1ccncc1{solv}{x=0.768800}>,CN1CCCC1=O,c1ccncc1,fb-fit-v0-single-mean-k20,2,-0.2279305545357992,0.0378274702462028,-0.3157,0.07895
8927,1997,dens_1059919274311274879,842,Density,<Substance CN1CCCC1=O{solv}{x=0.521500}|c1ccncc1{solv}{x=0.478500}>,CN1CCCC1=O,c1ccncc1,fb-fit-v0-single-mean-k20,2,0.9947417717915652,0.0002352507965219,1.0158200000000004,0.00051
8928,1998,dens_1445187430653020908,843,Density,<Substance CN1CCCC1=O{solv}{x=0.234800}|c1ccncc1{solv}{x=0.765200}>,CN1CCCC1=O,c1ccncc1,fb-fit-v0-single-mean-k20,2,0.9854679350104358,0.0002406937542859,0.9983500000000004,0.00051
8929,1999,dhmix_1933003504821603087,844,EnthalpyOfMixing,<Substance CN1CCCC1=O{solv}{x=0.499500}|c1ccncc1{solv}{x=0.500500}>,CN1CCCC1=O,c1ccncc1,fb-fit-v0-single-mean-k20,2,-0.418243263790389,0.0401872215883059,-0.4356,0.1089
8930,2000,dens_2199047009222847682,845,Density,<Substance CN1CCCC1=O{solv}{x=0.636400}|c1ccncc1{solv}{x=0.363600}>,CN1CCCC1=O,c1ccncc1,fb-fit-v0-single-mean-k20,2,0.9974048156715132,0.0001734745359621,1.0207400000000002,0.00051
8931,2001,dens_586351122522837789,846,Density,<Substance c1cc[nH]c1{solv}{x=0.820700}|c1ccccc1{solv}{x=0.179300}>,c1cc[nH]c1,c1ccccc1,fb-fit-v0-single-mean-k20,2,0.958789859815518,0.0002450103015174,0.9503300000000002,0.000195
8932,2002,dhmix_1101447260293284221,847,EnthalpyOfMixing,<Substance c1cc[nH]c1{solv}{x=0.494000}|c1ccccc1{solv}{x=0.506000}>,c1cc[nH]c1,c1ccccc1,fb-fit-v0-single-mean-k20,2,0.6172267574330377,0.0348061050749919,0.609,0.00395
8933,2003,dens_1366042600317618213,848,Density,<Substance c1cc[nH]c1{solv}{x=0.503000}|c1ccccc1{solv}{x=0.497000}>,c1cc[nH]c1,c1ccccc1,fb-fit-v0-single-mean-k20,2,0.9255202890063974,0.0001922399759324,0.9220400000000002,0.00019
8934,2004,dens_2042223650153961549,849,Density,<Substance c1cc[nH]c1{solv}{x=0.314200}|c1ccccc1{solv}{x=0.685800}>,c1cc[nH]c1,c1ccccc1,fb-fit-v0-single-mean-k20,2,0.9090502515288568,0.0002449011353976,0.9043500000000002,0.000195
8935,2005,dhmix_2080652523589171296,850,EnthalpyOfMixing,<Substance c1cc[nH]c1{solv}{x=0.820800}|c1ccccc1{solv}{x=0.179200}>,c1cc[nH]c1,c1ccccc1,fb-fit-v0-single-mean-k20,2,0.3483307893632243,0.0344356844198443,0.3441,0.00245
8936,2006,dhmix_2101365800313583195,851,EnthalpyOfMixing,<Substance c1cc[nH]c1{solv}{x=0.314000}|c1ccccc1{solv}{x=0.686000}>,c1cc[nH]c1,c1ccccc1,fb-fit-v0-single-mean-k20,2,0.5746137961907678,0.0369541479829445,0.5893,0.00385
8937,2007,dens_592296207180530796,852,Density,<Substance C1CCNCC1{solv}{x=0.250000}|O{solv}{x=0.750000}>,C1CCNCC1,O,fb-fit-v0-single-mean-k20,2,0.9115297400870246,0.000377607147828,0.9379600000000002,0.000185
8938,2008,dhmix_598563182385523239,853,EnthalpyOfMixing,<Substance C1CCNCC1{solv}{x=0.750000}|O{solv}{x=0.250000}>,C1CCNCC1,O,fb-fit-v0-single-mean-k20,2,-0.9940992445841346,0.0468764452919927,-1.4628,0.02995
8939,2009,dens_1144696340343060729,854,Density,<Substance C1CCNCC1{solv}{x=0.500000}|O{solv}{x=0.500000}>,C1CCNCC1,O,fb-fit-v0-single-mean-k20,2,0.8890261215385183,0.000255963367344,0.90329,0.000235
8940,2010,dens_1551117370864361960,855,Density,<Substance C1CCNCC1{solv}{x=0.750000}|O{solv}{x=0.250000}>,C1CCNCC1,O,fb-fit-v0-single-mean-k20,2,0.8749955682444288,0.0002230673995175,0.8771300000000002,0.000285
8941,2011,dhmix_2023343497633678069,856,EnthalpyOfMixing,<Substance C1CCNCC1{solv}{x=0.500000}|O{solv}{x=0.500000}>,C1CCNCC1,O,fb-fit-v0-single-mean-k20,2,-1.4631164857061236,0.0344386418664301,-2.1379,0.04355
8942,2012,dhmix_2169709193905404129,857,EnthalpyOfMixing,<Substance C1CCNCC1{solv}{x=0.250000}|O{solv}{x=0.750000}>,C1CCNCC1,O,fb-fit-v0-single-mean-k20,2,-1.0292298838031275,0.0250849816324581,-1.9642,0.04065
8943,2013,dhmix_597694390671293228,858,EnthalpyOfMixing,<Substance C1CCCCC1{solv}{x=0.495000}|c1cc[nH]c1{solv}{x=0.505000}>,C1CCCCC1,c1cc[nH]c1,fb-fit-v0-single-mean-k20,2,1.703772797148794,0.0381923239701773,1.4275,0.00895
8944,2014,dens_1402964712081643759,859,Density,<Substance C1CCCCC1{solv}{x=0.281700}|c1cc[nH]c1{solv}{x=0.718300}>,C1CCCCC1,c1cc[nH]c1,fb-fit-v0-single-mean-k20,2,0.894622070081357,0.0002378559556984,0.9082800000000002,0.00023
8945,2015,dens_1463337814181203578,860,Density,<Substance C1CCCCC1{solv}{x=0.925100}|c1cc[nH]c1{solv}{x=0.074900}>,C1CCCCC1,c1cc[nH]c1,fb-fit-v0-single-mean-k20,2,0.7750471880257573,0.0002010241631041,0.7860300000000001,0.00026
8946,2016,dens_1586039458655447443,861,Density,<Substance C1CCCCC1{solv}{x=0.494200}|c1cc[nH]c1{solv}{x=0.505800}>,C1CCCCC1,c1cc[nH]c1,fb-fit-v0-single-mean-k20,2,0.8456778992501739,0.000244517447179,0.8661300000000002,0.000235
8947,2017,dhmix_1650717903260721901,862,EnthalpyOfMixing,<Substance C1CCCCC1{solv}{x=0.924800}|c1cc[nH]c1{solv}{x=0.075200}>,C1CCCCC1,c1cc[nH]c1,fb-fit-v0-single-mean-k20,2,0.7462243945815317,0.0393636775851716,0.7315,0.00535
8948,2018,dhmix_1709124910710738018,863,EnthalpyOfMixing,<Substance C1CCCCC1{solv}{x=0.281800}|c1cc[nH]c1{solv}{x=0.718200}>,C1CCCCC1,c1cc[nH]c1,fb-fit-v0-single-mean-k20,2,1.3427305155690237,0.0369165907841727,1.245,0.00795
8949,2019,dhmix_602003453564252918,864,EnthalpyOfMixing,<Substance COc1ccccc1{solv}{x=0.767000}|OCCc1ccccc1{solv}{x=0.233000}>,COc1ccccc1,OCCc1ccccc1,fb-fit-v0-single-mean-k20,2,0.8533238252042494,0.0496067009760082,1.1154,0.01195
8950,2020,dhmix_831666159864093343,865,EnthalpyOfMixing,<Substance COc1ccccc1{solv}{x=0.267800}|OCCc1ccccc1{solv}{x=0.732200}>,COc1ccccc1,OCCc1ccccc1,fb-fit-v0-single-mean-k20,2,0.667951930053718,0.0472588910003531,0.688,0.00745
8951,2021,dhmix_1415130215717622630,866,EnthalpyOfMixing,<Substance COc1ccccc1{solv}{x=0.523200}|OCCc1ccccc1{solv}{x=0.476800}>,COc1ccccc1,OCCc1ccccc1,fb-fit-v0-single-mean-k20,2,0.9210154382534412,0.0448800817141261,1.0457,0.0112
8952,2022,dens_2018050376435813399,867,Density,<Substance COc1ccccc1{solv}{x=0.767300}|OCCc1ccccc1{solv}{x=0.232700}>,COc1ccccc1,OCCc1ccccc1,fb-fit-v0-single-mean-k20,2,0.9822764665332296,0.0002051229467493,0.9869000000000002,0.00026
8953,2023,dens_2083067547090229321,868,Density,<Substance COc1ccccc1{solv}{x=0.524500}|OCCc1ccccc1{solv}{x=0.475500}>,COc1ccccc1,OCCc1ccccc1,fb-fit-v0-single-mean-k20,2,0.9915482292372716,0.000193477189815,0.9943600000000002,0.00026
8954,2024,dens_2108796896152795987,869,Density,<Substance COc1ccccc1{solv}{x=0.212100}|OCCc1ccccc1{solv}{x=0.787900}>,COc1ccccc1,OCCc1ccccc1,fb-fit-v0-single-mean-k20,2,1.003204993863155,0.0002710375595491,1.0032600000000005,0.00026
8955,2025,dhmix_607389561715885318,870,EnthalpyOfMixing,<Substance CC(C)O{solv}{x=0.750600}|CCOC(=O)CC(=O)OCC{solv}{x=0.249400}>,CC(C)O,CCOC(=O)CC(=O)OCC,fb-fit-v0-single-mean-k20,2,2.1343078217114595,0.0377708208290004,1.955,0.021
8956,2026,dhmix_970997719035766241,871,EnthalpyOfMixing,<Substance CC(C)O{solv}{x=0.249200}|CCOC(=O)CC(=O)OCC{solv}{x=0.750800}>,CC(C)O,CCOC(=O)CC(=O)OCC,fb-fit-v0-single-mean-k20,2,1.6395617880541522,0.0473412010978368,1.804,0.0195
8957,2027,dens_1055220895195342210,872,Density,<Substance CC(C)O{solv}{x=0.700000}|CCOC(=O)CC(=O)OCC{solv}{x=0.300000}>,CC(C)O,CCOC(=O)CC(=O)OCC,fb-fit-v0-single-mean-k20,2,0.9179188688416144,0.0002543350436128,0.9013080000000002,0.000163
8958,2028,dens_1059428282849222105,873,Density,<Substance CC(C)O{solv}{x=0.500100}|CCOC(=O)CC(=O)OCC{solv}{x=0.499900}>,CC(C)O,CCOC(=O)CC(=O)OCC,fb-fit-v0-single-mean-k20,2,0.970258178268906,0.0002021311154384,0.9563730000000004,0.0001215
8959,2029,dhmix_2225069850502215858,874,EnthalpyOfMixing,<Substance CC(C)O{solv}{x=0.499700}|CCOC(=O)CC(=O)OCC{solv}{x=0.500300}>,CC(C)O,CCOC(=O)CC(=O)OCC,fb-fit-v0-single-mean-k20,2,2.434078329701606,0.0437057725141196,2.369,0.0255
8960,2030,dens_2227064517025896927,875,Density,<Substance CC(C)O{solv}{x=0.200000}|CCOC(=O)CC(=O)OCC{solv}{x=0.800000}>,CC(C)O,CCOC(=O)CC(=O)OCC,fb-fit-v0-single-mean-k20,2,1.0285872660490936,0.0002036955243416,1.0176930000000002,0.000103
8961,2031,dhmix_614525131410782877,876,EnthalpyOfMixing,<Substance CCCCCC(C)=O{solv}{x=0.491300}|CCCCNCCCC{solv}{x=0.508700}>,CCCCCC(C)=O,CCCCNCCCC,fb-fit-v0-single-mean-k20,2,-0.2540198427722515,0.0526073918243824,0.278,0.003
8962,2032,dhmix_1051001364116056564,877,EnthalpyOfMixing,<Substance CCCCCC(C)=O{solv}{x=0.781100}|CCCCNCCCC{solv}{x=0.218900}>,CCCCCC(C)=O,CCCCNCCCC,fb-fit-v0-single-mean-k20,2,-0.1503464030114045,0.0493083054018469,0.164,0.002
8963,2033,dens_1087422962538109584,878,Density,<Substance CCCCCC(C)=O{solv}{x=0.449900}|CCCCNCCCC{solv}{x=0.550100}>,CCCCCC(C)=O,CCCCNCCCC,fb-fit-v0-single-mean-k20,2,0.7817923301105523,0.000146120498863,0.7778490000000002,9.250000000000004e-05
8964,2034,dens_1830187222448876426,879,Density,<Substance CCCCCC(C)=O{solv}{x=0.209700}|CCCCNCCCC{solv}{x=0.790300}>,CCCCCC(C)=O,CCCCNCCCC,fb-fit-v0-single-mean-k20,2,0.7702754107850263,0.0001569259310759,0.7655110000000002,8.400000000000002e-05
8965,2035,dens_2113849591242853193,880,Density,<Substance CCCCCC(C)=O{solv}{x=0.750900}|CCCCNCCCC{solv}{x=0.249100}>,CCCCCC(C)=O,CCCCNCCCC,fb-fit-v0-single-mean-k20,2,0.7961746865758749,0.0001569052790862,0.7951660000000003,0.000105
8966,2036,dhmix_2131918011494960609,881,EnthalpyOfMixing,<Substance CCCCCC(C)=O{solv}{x=0.294700}|CCCCNCCCC{solv}{x=0.705300}>,CCCCCC(C)=O,CCCCNCCCC,fb-fit-v0-single-mean-k20,2,-0.0552555202383331,0.0555624880624135,0.256,0.003
8967,2037,dhmix_618866445574413387,882,EnthalpyOfMixing,<Substance C1CCOCC1{solv}{x=0.442500}|Cc1ccccc1C{solv}{x=0.557500}>,C1CCOCC1,Cc1ccccc1C,fb-fit-v0-single-mean-k20,2,-0.2396515967413108,0.0414233975724728,-0.0342,0.0006
8968,2038,dens_643927890193937545,883,Density,<Substance C1CCOCC1{solv}{x=0.518700}|Cc1ccccc1C{solv}{x=0.481300}>,C1CCOCC1,Cc1ccccc1C,fb-fit-v0-single-mean-k20,2,0.8718827762073398,0.0002058679933152,0.8779900000000003,0.0005
8969,2039,dhmix_1129414916141538177,884,EnthalpyOfMixing,<Substance C1CCOCC1{solv}{x=0.744300}|Cc1ccccc1C{solv}{x=0.255700}>,C1CCOCC1,Cc1ccccc1C,fb-fit-v0-single-mean-k20,2,-0.0650169951959469,0.04510535526057,0.0421,0.00065
8970,2040,dens_1429468909820653032,885,Density,<Substance C1CCOCC1{solv}{x=0.231800}|Cc1ccccc1C{solv}{x=0.768200}>,C1CCOCC1,Cc1ccccc1C,fb-fit-v0-single-mean-k20,2,0.8713639678721022,0.000212919173145,0.8770400000000002,0.0005
8971,2041,dens_1442497603142913792,886,Density,<Substance C1CCOCC1{solv}{x=0.772900}|Cc1ccccc1C{solv}{x=0.227100}>,C1CCOCC1,Cc1ccccc1C,fb-fit-v0-single-mean-k20,2,0.8725079798547204,0.0001623554811305,0.8787800000000002,0.000505
8972,2042,dhmix_2268256048157488415,887,EnthalpyOfMixing,<Substance C1CCOCC1{solv}{x=0.245400}|Cc1ccccc1C{solv}{x=0.754600}>,C1CCOCC1,Cc1ccccc1C,fb-fit-v0-single-mean-k20,2,-0.1348473982027513,0.0483276194830437,-0.0613,0.00085
8973,2043,dens_626398848152359169,888,Density,<Substance C1COCCN1{solv}{x=0.498000}|O{solv}{x=0.502000}>,C1COCCN1,O,fb-fit-v0-single-mean-k20,2,1.039772124811156,0.0002807721981804,1.0255000000000003,0.00255
8974,2044,dhmix_773913810754342365,889,EnthalpyOfMixing,<Substance C1COCCN1{solv}{x=0.714900}|O{solv}{x=0.285100}>,C1COCCN1,O,fb-fit-v0-single-mean-k20,2,-2.1527344282295644,0.0486015001384539,-1.753,0.019
8975,2045,dhmix_1012297674499495059,890,EnthalpyOfMixing,<Substance C1COCCN1{solv}{x=0.201000}|O{solv}{x=0.799000}>,C1COCCN1,O,fb-fit-v0-single-mean-k20,2,-1.82882996869974,0.0210266797318681,-2.758,0.0295
8976,2046,dens_1167008264969667349,891,Density,<Substance C1COCCN1{solv}{x=0.793000}|O{solv}{x=0.207000}>,C1COCCN1,O,fb-fit-v0-single-mean-k20,2,1.037174603298907,0.0004165289489259,1.0057000000000005,0.00245
8977,2047,dhmix_1871930573512426354,892,EnthalpyOfMixing,<Substance C1COCCN1{solv}{x=0.491100}|O{solv}{x=0.508900}>,C1COCCN1,O,fb-fit-v0-single-mean-k20,2,-2.9872278222956226,0.0286472378707407,-3.131,0.0335
8978,2048,dens_2014911999593579414,893,Density,<Substance C1COCCN1{solv}{x=0.298000}|O{solv}{x=0.702000}>,C1COCCN1,O,fb-fit-v0-single-mean-k20,2,1.033018573995966,0.0003049245335213,1.0309000000000004,0.00255
8979,2049,dens_627753907231278660,894,Density,<Substance CCC(C)=O{solv}{x=0.753100}|CCCNCCC{solv}{x=0.246900}>,CCC(C)=O,CCCNCCC,fb-fit-v0-single-mean-k20,2,0.7716918652900222,0.0002230200660776,0.7771510000000001,0.000109
8980,2050,dens_674236159588910357,895,Density,<Substance CCC(C)=O{solv}{x=0.244600}|CCCNCCC{solv}{x=0.755400}>,CCC(C)=O,CCCNCCC,fb-fit-v0-single-mean-k20,2,0.7455398384183213,0.0002262747406095,0.7446230000000003,0.0001405
8981,2051,dhmix_749228177959685874,896,EnthalpyOfMixing,<Substance CCC(C)=O{solv}{x=0.235300}|CCCNCCC{solv}{x=0.764700}>,CCC(C)=O,CCCNCCC,fb-fit-v0-single-mean-k20,2,0.0095226786478122,0.05303481545611,0.299,0.0035
8982,2052,dhmix_1706960823617656563,897,EnthalpyOfMixing,<Substance CCC(C)=O{solv}{x=0.698400}|CCCNCCC{solv}{x=0.301600}>,CCC(C)=O,CCCNCCC,fb-fit-v0-single-mean-k20,2,-0.0015440349219684,0.0401894955927439,0.334,0.0035
8983,2053,dhmix_2102794241345605516,898,EnthalpyOfMixing,<Substance CCC(C)=O{solv}{x=0.505000}|CCCNCCC{solv}{x=0.495000}>,CCC(C)=O,CCCNCCC,fb-fit-v0-single-mean-k20,2,-0.0009473878108323,0.0409723770465866,0.397,0.0045
8984,2054,dens_2224864308887622456,899,Density,<Substance CCC(C)=O{solv}{x=0.500600}|CCCNCCC{solv}{x=0.499400}>,CCC(C)=O,CCCNCCC,fb-fit-v0-single-mean-k20,2,0.7580932700154146,0.0002320189744344,0.7590400000000002,0.000125
8985,2055,dhmix_628329103086906726,900,EnthalpyOfMixing,<Substance CC1CCCCC1{solv}{x=0.250400}|CCCO{solv}{x=0.749600}>,CC1CCCCC1,CCCO,fb-fit-v0-single-mean-k20,2,0.41651039690732,0.0375291717802008,0.321,0.0055
8986,2056,dhmix_989207392771680315,901,EnthalpyOfMixing,<Substance CC1CCCCC1{solv}{x=0.750500}|CCCO{solv}{x=0.249500}>,CC1CCCCC1,CCCO,fb-fit-v0-single-mean-k20,2,0.5862970913913301,0.0442162395835948,0.574,0.0055
8987,2057,dens_1351260115393741606,902,Density,<Substance CC1CCCCC1{solv}{x=0.503100}|CCCO{solv}{x=0.496900}>,CC1CCCCC1,CCCO,fb-fit-v0-single-mean-k20,2,0.778672765141098,0.0002551867331095,0.7785600000000001,0.0039
8988,2058,dens_1376195506089851480,903,Density,<Substance CC1CCCCC1{solv}{x=0.202700}|CCCO{solv}{x=0.797300}>,CC1CCCCC1,CCCO,fb-fit-v0-single-mean-k20,2,0.7882628269773232,0.0002117083434017,0.7942000000000002,0.00398
8989,2059,dens_1501229836503112732,904,Density,<Substance CC1CCCCC1{solv}{x=0.799000}|CCCO{solv}{x=0.201000}>,CC1CCCCC1,CCCO,fb-fit-v0-single-mean-k20,2,0.7726715135430579,0.0002011163896632,0.7688300000000002,0.003855
8990,2060,dhmix_2109805019413953371,905,EnthalpyOfMixing,<Substance CC1CCCCC1{solv}{x=0.500400}|CCCO{solv}{x=0.499600}>,CC1CCCCC1,CCCO,fb-fit-v0-single-mean-k20,2,0.4933559698527148,0.0452210039604565,0.533,0.0055
8991,2061,dhmix_634764080264908666,906,EnthalpyOfMixing,<Substance OCCN1CCOCC1{solv}{x=0.498900}|O{solv}{x=0.501100}>,O,OCCN1CCOCC1,fb-fit-v0-single-mean-k20,2,-3.367041791224566,0.031756329495295,-2.2633,0.02415
8992,2062,dens_707792343667224312,907,Density,<Substance OCCN1CCOCC1{solv}{x=0.246600}|O{solv}{x=0.753400}>,O,OCCN1CCOCC1,fb-fit-v0-single-mean-k20,2,1.0772756086410222,0.0004157712093937,1.0838100000000002,0.00154
8993,2063,dhmix_1064373607860850902,908,EnthalpyOfMixing,<Substance OCCN1CCOCC1{solv}{x=0.694900}|O{solv}{x=0.305100}>,O,OCCN1CCOCC1,fb-fit-v0-single-mean-k20,2,-2.2251431279480016,0.0450459238361611,-1.7936,0.01915
8994,2064,dhmix_1846281306963870091,909,EnthalpyOfMixing,<Substance OCCN1CCOCC1{solv}{x=0.300200}|O{solv}{x=0.699800}>,O,OCCN1CCOCC1,fb-fit-v0-single-mean-k20,2,-2.7797598102757988,0.0415392035738381,-2.426,0.026
8995,2065,dens_2238932092645470826,910,Density,<Substance OCCN1CCOCC1{solv}{x=0.743900}|O{solv}{x=0.256100}>,O,OCCN1CCOCC1,fb-fit-v0-single-mean-k20,2,1.0933650145284606,0.0001765019790961,1.08031,0.001565
8996,2066,dens_2269173599223764079,911,Density,<Substance OCCN1CCOCC1{solv}{x=0.485200}|O{solv}{x=0.514800}>,O,OCCN1CCOCC1,fb-fit-v0-single-mean-k20,2,1.089476393546745,0.0001952695439648,1.0866900000000004,0.00159
8997,2067,dhmix_636778454546345333,912,EnthalpyOfMixing,<Substance C1CCCCC1{solv}{x=0.506300}|CNc1ccccc1{solv}{x=0.493700}>,C1CCCCC1,CNc1ccccc1,fb-fit-v0-single-mean-k20,2,2.1578549200426593,0.0529732285656301,1.628,0.0175
8998,2068,dens_1209163492396921559,913,Density,<Substance C1CCCCC1{solv}{x=0.247000}|CNc1ccccc1{solv}{x=0.753000}>,C1CCCCC1,CNc1ccccc1,fb-fit-v0-single-mean-k20,2,0.9337729213991752,0.0001575382746003,0.9289450000000002,0.000272
8999,2069,dens_1438140901521078017,914,Density,<Substance C1CCCCC1{solv}{x=0.494500}|CNc1ccccc1{solv}{x=0.505500}>,C1CCCCC1,CNc1ccccc1,fb-fit-v0-single-mean-k20,2,0.8756735707605173,0.0002130577545925,0.8759620000000002,0.0001835
9000,2070,dens_1482697199055102595,915,Density,<Substance C1CCCCC1{solv}{x=0.746400}|CNc1ccccc1{solv}{x=0.253600}>,C1CCCCC1,CNc1ccccc1,fb-fit-v0-single-mean-k20,2,0.8193384357810138,0.0002411833777613,0.8233530000000001,0.000138
9001,2071,dhmix_1832297119731463766,916,EnthalpyOfMixing,<Substance C1CCCCC1{solv}{x=0.204700}|CNc1ccccc1{solv}{x=0.795300}>,C1CCCCC1,CNc1ccccc1,fb-fit-v0-single-mean-k20,2,1.686890453825022,0.046994682632534,0.972,0.0105
9002,2072,dhmix_1889368397403208807,917,EnthalpyOfMixing,<Substance C1CCCCC1{solv}{x=0.706600}|CNc1ccccc1{solv}{x=0.293400}>,C1CCCCC1,CNc1ccccc1,fb-fit-v0-single-mean-k20,2,2.0612055430933225,0.0463070550729055,1.521,0.0165
9003,2073,dhmix_637657437173907469,918,EnthalpyOfMixing,<Substance CC(C)=O{solv}{x=0.709700}|CNc1ccccc1{solv}{x=0.290300}>,CC(C)=O,CNc1ccccc1,fb-fit-v0-single-mean-k20,2,-0.591713625948028,0.02920339703307,-0.525,0.0055
9004,2074,dhmix_817594693007274900,919,EnthalpyOfMixing,<Substance CC(C)=O{solv}{x=0.231600}|CNc1ccccc1{solv}{x=0.768400}>,CC(C)=O,CNc1ccccc1,fb-fit-v0-single-mean-k20,2,-0.4484868285668897,0.0419544265890873,-0.5,0.0055
9005,2075,dens_830664987854613197,920,Density,<Substance CC(C)=O{solv}{x=0.250300}|CNc1ccccc1{solv}{x=0.749700}>,CC(C)=O,CNc1ccccc1,fb-fit-v0-single-mean-k20,2,0.9592307501513394,0.000179482868158,0.9502900000000002,0.0003395
9006,2076,dhmix_1052042310023734389,921,EnthalpyOfMixing,<Substance CC(C)=O{solv}{x=0.508600}|CNc1ccccc1{solv}{x=0.491400}>,CC(C)=O,CNc1ccccc1,fb-fit-v0-single-mean-k20,2,-0.8063501958384727,0.0376167464790817,-0.672,0.0075
9007,2077,dens_1302333367899693905,922,Density,<Substance CC(C)=O{solv}{x=0.750600}|CNc1ccccc1{solv}{x=0.249400}>,CC(C)=O,CNc1ccccc1,fb-fit-v0-single-mean-k20,2,0.8574466798928875,0.0002395988998606,0.8565010000000002,0.000231
9008,2078,dens_1582643029733708616,923,Density,<Substance CC(C)=O{solv}{x=0.494800}|CNc1ccccc1{solv}{x=0.505200}>,CC(C)=O,CNc1ccccc1,fb-fit-v0-single-mean-k20,2,0.9157808117715356,0.0002027044623302,0.9107940000000002,0.000263
9009,2079,dens_650566412384126439,924,Density,<Substance CC(C)CC(C)(C)C{solv}{x=0.158800}|CCCCC(=O)OC{solv}{x=0.841200}>,CC(C)CC(C)(C)C,CCCCC(=O)OC,fb-fit-v0-single-mean-k20,2,0.8510367046322439,0.000229061331712,0.8463800000000002,0.000505
9010,2080,dhmix_986100941633296124,925,EnthalpyOfMixing,<Substance CC(C)CC(C)(C)C{solv}{x=0.481800}|CCCCC(=O)OC{solv}{x=0.518200}>,CC(C)CC(C)(C)C,CCCCC(=O)OC,fb-fit-v0-single-mean-k20,2,1.326545963997205,0.0492421852977944,0.866,0.0095
9011,2081,dens_1095352626338523806,926,Density,<Substance CC(C)CC(C)(C)C{solv}{x=0.742500}|CCCCC(=O)OC{solv}{x=0.257500}>,CC(C)CC(C)(C)C,CCCCC(=O)OC,fb-fit-v0-single-mean-k20,2,0.7482001330247938,0.0002046841126696,0.7289800000000002,0.000505
9012,2082,dens_1260001645299629257,927,Density,<Substance CC(C)CC(C)(C)C{solv}{x=0.498400}|CCCCC(=O)OC{solv}{x=0.501600}>,CC(C)CC(C)(C)C,CCCCC(=O)OC,fb-fit-v0-single-mean-k20,2,0.7876416516803162,0.000166411192347,0.7738400000000002,0.000505
9013,2083,dhmix_1505455794590867712,928,EnthalpyOfMixing,<Substance CC(C)CC(C)(C)C{solv}{x=0.158900}|CCCCC(=O)OC{solv}{x=0.841100}>,CC(C)CC(C)(C)C,CCCCC(=O)OC,fb-fit-v0-single-mean-k20,2,0.7342602030961629,0.0416096648470365,0.438,0.005
9014,2084,dhmix_1888614200283593194,929,EnthalpyOfMixing,<Substance CC(C)CC(C)(C)C{solv}{x=0.781300}|CCCCC(=O)OC{solv}{x=0.218700}>,CC(C)CC(C)(C)C,CCCCC(=O)OC,fb-fit-v0-single-mean-k20,2,1.0497240374616723,0.0501523931919012,0.658,0.007
9015,2085,dhmix_657900975986635712,930,EnthalpyOfMixing,<Substance Cc1ccccc1N{solv}{x=0.782700}|Cc1ccncc1{solv}{x=0.217300}>,Cc1ccccc1N,Cc1ccncc1,fb-fit-v0-single-mean-k20,2,-0.9488332324171472,0.049025037674334,-0.8885,0.0182
9016,2086,dhmix_727678512066874384,931,EnthalpyOfMixing,<Substance Cc1ccccc1N{solv}{x=0.478300}|Cc1ccncc1{solv}{x=0.521700}>,Cc1ccccc1N,Cc1ccncc1,fb-fit-v0-single-mean-k20,2,-1.5919832626197348,0.0337166151606615,-1.4295,0.0291
9017,2087,dhmix_860941552641107708,932,EnthalpyOfMixing,<Substance Cc1ccccc1N{solv}{x=0.271500}|Cc1ccncc1{solv}{x=0.728500}>,Cc1ccccc1N,Cc1ccncc1,fb-fit-v0-single-mean-k20,2,-1.388993314149651,0.0470094196047033,-1.1791,0.02405
9018,2088,dens_1148106102021344214,933,Density,<Substance Cc1ccccc1N{solv}{x=0.265500}|Cc1ccncc1{solv}{x=0.734500}>,Cc1ccccc1N,Cc1ccncc1,fb-fit-v0-single-mean-k20,2,0.967803911978862,0.0002314897059322,0.9662520000000002,0.00012
9019,2089,dens_1294189007890656769,934,Density,<Substance Cc1ccccc1N{solv}{x=0.486300}|Cc1ccncc1{solv}{x=0.513700}>,Cc1ccccc1N,Cc1ccncc1,fb-fit-v0-single-mean-k20,2,0.9835425901978508,0.0001702707317038,0.9765780000000002,0.000119
9020,2090,dens_1461384477504239974,935,Density,<Substance Cc1ccccc1N{solv}{x=0.767400}|Cc1ccncc1{solv}{x=0.232600}>,Cc1ccccc1N,Cc1ccncc1,fb-fit-v0-single-mean-k20,2,1.0003480795779374,0.0002703518602741,0.9868740000000004,0.000118
9021,2091,dens_671712471159959715,936,Density,<Substance CCCCCCN{solv}{x=0.294400}|CN(C)C=O{solv}{x=0.705600}>,CCCCCCN,CN(C)C=O,fb-fit-v0-single-mean-k20,2,0.862275322349296,0.0001492023334747,0.8676880000000002,0.001057
9022,2092,dhmix_791979567859859400,937,EnthalpyOfMixing,<Substance CCCCCCN{solv}{x=0.747800}|CN(C)C=O{solv}{x=0.252200}>,CCCCCCN,CN(C)C=O,fb-fit-v0-single-mean-k20,2,0.4637934899833453,0.0437048244079459,0.461,0.015
9023,2093,dens_812907294215791908,938,Density,<Substance CCCCCCN{solv}{x=0.450000}|CN(C)C=O{solv}{x=0.550000}>,CCCCCCN,CN(C)C=O,fb-fit-v0-single-mean-k20,2,0.8384969836977872,0.0002277757030018,0.8367510000000001,0.001016
9024,2094,dhmix_1553880519684715156,939,EnthalpyOfMixing,<Substance CCCCCCN{solv}{x=0.249700}|CN(C)C=O{solv}{x=0.750300}>,CCCCCCN,CN(C)C=O,fb-fit-v0-single-mean-k20,2,0.4878848583876447,0.031086597728237,0.51,0.0165
9025,2095,dens_1658157305664412923,940,Density,<Substance CCCCCCN{solv}{x=0.745200}|CN(C)C=O{solv}{x=0.254800}>,CCCCCCN,CN(C)C=O,fb-fit-v0-single-mean-k20,2,0.8006239292380899,0.0002130981210348,0.7905460000000002,0.0009575
9026,2096,dhmix_2271922176351407084,941,EnthalpyOfMixing,<Substance CCCCCCN{solv}{x=0.499700}|CN(C)C=O{solv}{x=0.500300}>,CCCCCCN,CN(C)C=O,fb-fit-v0-single-mean-k20,2,0.6150991996489239,0.044234003719417,0.661,0.02
9027,2097,dhmix_676105854791415053,942,EnthalpyOfMixing,<Substance C=C(C)[C@H]1CC=C(C)CC1{solv}{x=0.540000}|CCCCCO{solv}{x=0.460000}>,C=C(C)[C@H]1CC=C(C)CC1,CCCCCO,fb-fit-v0-single-mean-k20,2,0.8659885442524455,0.0503217132928558,0.858,0.0345
9028,2098,dhmix_865539540276734208,943,EnthalpyOfMixing,<Substance C=C(C)[C@H]1CC=C(C)CC1{solv}{x=0.766000}|CCCCCO{solv}{x=0.234000}>,C=C(C)[C@H]1CC=C(C)CC1,CCCCCO,fb-fit-v0-single-mean-k20,2,0.8364154038399221,0.0559375154450504,0.782,0.0315
9029,2099,dens_1544700949225348296,944,Density,<Substance C=C(C)[C@H]1CC=C(C)CC1{solv}{x=0.263500}|CCCCCO{solv}{x=0.736500}>,C=C(C)[C@H]1CC=C(C)CC1,CCCCCO,fb-fit-v0-single-mean-k20,2,0.8235105895131729,0.0001895945014422,0.8238000000000002,0.0002
9030,2100,dens_1638649899512334435,945,Density,<Substance C=C(C)[C@H]1CC=C(C)CC1{solv}{x=0.543500}|CCCCCO{solv}{x=0.456500}>,C=C(C)[C@H]1CC=C(C)CC1,CCCCCO,fb-fit-v0-single-mean-k20,2,0.8292138360131027,0.0001924457632295,0.8312000000000003,0.0003
9031,2101,dens_2014432371647189246,946,Density,<Substance C=C(C)[C@H]1CC=C(C)CC1{solv}{x=0.725200}|CCCCCO{solv}{x=0.274800}>,C=C(C)[C@H]1CC=C(C)CC1,CCCCCO,fb-fit-v0-single-mean-k20,2,0.8318732806275833,0.0001411229429685,0.8354000000000001,0.00035
9032,2102,dhmix_2293008983270202716,947,EnthalpyOfMixing,<Substance C=C(C)[C@H]1CC=C(C)CC1{solv}{x=0.272000}|CCCCCO{solv}{x=0.728000}>,C=C(C)[C@H]1CC=C(C)CC1,CCCCCO,fb-fit-v0-single-mean-k20,2,0.5989037700060464,0.0504944221884519,0.532,0.0215
9033,2103,dens_680086766431069719,948,Density,<Substance CN1CCNCC1{solv}{x=0.209100}|O{solv}{x=0.790900}>,CN1CCNCC1,O,fb-fit-v0-single-mean-k20,2,0.99941504991308,0.0003300613348571,1.0013300000000005,4.000000000000001e-05
9034,2104,dhmix_979415629850644100,949,EnthalpyOfMixing,<Substance CN1CCNCC1{solv}{x=0.199800}|O{solv}{x=0.800200}>,CN1CCNCC1,O,fb-fit-v0-single-mean-k20,2,-4.200413559518186,0.0288119621989285,-4.495,0.048
9035,2105,dhmix_1386641258873877278,950,EnthalpyOfMixing,<Substance CN1CCNCC1{solv}{x=0.792600}|O{solv}{x=0.207400}>,CN1CCNCC1,O,fb-fit-v0-single-mean-k20,2,-1.9025360143320145,0.0415285726608519,-1.753,0.019
9036,2106,dhmix_1572121970391530461,951,EnthalpyOfMixing,<Substance CN1CCNCC1{solv}{x=0.550000}|O{solv}{x=0.450000}>,CN1CCNCC1,O,fb-fit-v0-single-mean-k20,2,-3.618770741175013,0.0361100534522408,-3.547,0.038
9037,2107,dens_1756096179620961699,952,Density,<Substance CN1CCNCC1{solv}{x=0.510900}|O{solv}{x=0.489100}>,CN1CCNCC1,O,fb-fit-v0-single-mean-k20,2,0.9745613064827152,0.00038027901448,0.9464100000000002,7.000000000000002e-05
9038,2108,dens_1892970147583328629,953,Density,<Substance CN1CCNCC1{solv}{x=0.706500}|O{solv}{x=0.293500}>,CN1CCNCC1,O,fb-fit-v0-single-mean-k20,2,0.961287074719978,0.0002701134210557,0.9223100000000002,8.500000000000002e-05
9039,2109,dhmix_681274412655414068,954,EnthalpyOfMixing,<Substance CCCOC(=O)CC{solv}{x=0.739400}|Cc1ccccc1{solv}{x=0.260600}>,CCCOC(=O)CC,Cc1ccccc1,fb-fit-v0-single-mean-k20,2,-0.251934131235231,0.0481350607941385,-0.1135,0.0033
9040,2110,dhmix_720914323963600437,955,EnthalpyOfMixing,<Substance CCCOC(=O)CC{solv}{x=0.238900}|Cc1ccccc1{solv}{x=0.761100}>,CCCOC(=O)CC,Cc1ccccc1,fb-fit-v0-single-mean-k20,2,-0.2959155811815748,0.0406042421114188,-0.1404,0.0037
9041,2111,dens_1397630560016316656,956,Density,<Substance CCCOC(=O)CC{solv}{x=0.274700}|Cc1ccccc1{solv}{x=0.725300}>,CCCOC(=O)CC,Cc1ccccc1,fb-fit-v0-single-mean-k20,2,0.87100352301985,0.0002030457034862,0.8675700000000003,0.00018
9042,2112,dhmix_1646061995263935606,957,EnthalpyOfMixing,<Substance CCCOC(=O)CC{solv}{x=0.548600}|Cc1ccccc1{solv}{x=0.451400}>,CCCOC(=O)CC,Cc1ccccc1,fb-fit-v0-single-mean-k20,2,-0.3345842365085829,0.0422843207359417,-0.1583,0.004
9043,2113,dens_1792064777238352129,958,Density,<Substance CCCOC(=O)CC{solv}{x=0.490700}|Cc1ccccc1{solv}{x=0.509300}>,CCCOC(=O)CC,Cc1ccccc1,fb-fit-v0-single-mean-k20,2,0.8723441479727899,0.0002191389398681,0.8707300000000002,0.00019
9044,2114,dens_1826904081955826008,959,Density,<Substance CCCOC(=O)CC{solv}{x=0.734600}|Cc1ccccc1{solv}{x=0.265400}>,CCCOC(=O)CC,Cc1ccccc1,fb-fit-v0-single-mean-k20,2,0.8723769363854388,0.0001990037386375,0.8734100000000001,0.00021
9045,2115,dens_685747331874801159,960,Density,<Substance CN1CCOCC1{solv}{x=0.498300}|O{solv}{x=0.501700}>,CN1CCOCC1,O,fb-fit-v0-single-mean-k20,2,0.9823030922690796,0.0003307186897131,0.9627600000000002,0.00084
9046,2116,dens_1087644349445114282,961,Density,<Substance CN1CCOCC1{solv}{x=0.253800}|O{solv}{x=0.746200}>,CN1CCOCC1,O,fb-fit-v0-single-mean-k20,2,0.990486403374202,0.0004394315196558,0.9918800000000002,0.00059
9047,2117,dens_1374975991061431070,962,Density,<Substance CN1CCOCC1{solv}{x=0.758700}|O{solv}{x=0.241300}>,CN1CCOCC1,O,fb-fit-v0-single-mean-k20,2,0.96825627928713,0.0001441231785993,0.9345300000000002,0.00112
9048,2118,dhmix_686592400130667234,963,EnthalpyOfMixing,<Substance BrCCCBr{solv}{x=0.231300}|COC(C)=O{solv}{x=0.768700}>,BrCCCBr,COC(C)=O,fb-fit-v0-single-mean-k20,2,0.1555159878850815,0.0378576286081607,0.2115,0.0024
9049,2119,dhmix_691866222529030049,964,EnthalpyOfMixing,<Substance BrCCCBr{solv}{x=0.504200}|COC(C)=O{solv}{x=0.495800}>,BrCCCBr,COC(C)=O,fb-fit-v0-single-mean-k20,2,0.1819399535636208,0.0359878681987832,0.3912,0.0038
9050,2120,dens_1032175440351342196,965,Density,<Substance BrCCCBr{solv}{x=0.243500}|COC(C)=O{solv}{x=0.756500}>,BrCCCBr,COC(C)=O,fb-fit-v0-single-mean-k20,2,1.2234931211751974,0.0003862415094845,1.2277600000000002,0.00096
9051,2121,dens_1180265274183315765,966,Density,<Substance BrCCCBr{solv}{x=0.713800}|COC(C)=O{solv}{x=0.286200}>,BrCCCBr,COC(C)=O,fb-fit-v0-single-mean-k20,2,1.7010082584831343,0.0005140135705873,1.7174300000000005,0.002745
9052,2122,dhmix_1380172638999588939,967,EnthalpyOfMixing,<Substance BrCCCBr{solv}{x=0.759400}|COC(C)=O{solv}{x=0.240600}>,BrCCCBr,COC(C)=O,fb-fit-v0-single-mean-k20,2,0.1869038044710906,0.0366763273503119,0.313,0.0032
9053,2123,dens_1697077234757321859,968,Density,<Substance BrCCCBr{solv}{x=0.525600}|COC(C)=O{solv}{x=0.474400}>,BrCCCBr,COC(C)=O,fb-fit-v0-single-mean-k20,2,1.5225380655892595,0.0004345183972827,1.5338800000000006,0.001965
9054,2124,dens_693154680723850561,969,Density,<Substance CN1CCCC1=O{solv}{x=0.756400}|Cc1ccccc1{solv}{x=0.243600}>,CN1CCCC1=O,Cc1ccccc1,fb-fit-v0-single-mean-k20,2,0.9692041486893974,0.000171530909203,0.9854500000000004,0.00034
9055,2125,dhmix_1759507684169085916,970,EnthalpyOfMixing,<Substance CN1CCCC1=O{solv}{x=0.741800}|Cc1ccccc1{solv}{x=0.258200}>,CN1CCCC1=O,Cc1ccccc1,fb-fit-v0-single-mean-k20,2,0.010154765671146,0.0417696208471747,-0.2141,0.0024
9056,2126,dens_1796497685752507694,971,Density,<Substance CN1CCCC1=O{solv}{x=0.481500}|Cc1ccccc1{solv}{x=0.518500}>,CN1CCCC1=O,Cc1ccccc1,fb-fit-v0-single-mean-k20,2,0.9312123565992776,0.0002217485783863,0.9415400000000002,0.00028
9057,2127,dhmix_1857599089574133884,972,EnthalpyOfMixing,<Substance CN1CCCC1=O{solv}{x=0.223100}|Cc1ccccc1{solv}{x=0.776900}>,CN1CCCC1=O,Cc1ccccc1,fb-fit-v0-single-mean-k20,2,-0.0736684898740875,0.0442209741557511,-0.1889,0.00215
9058,2128,dens_1886489466266398819,973,Density,<Substance CN1CCCC1=O{solv}{x=0.221600}|Cc1ccccc1{solv}{x=0.778400}>,CN1CCCC1=O,Cc1ccccc1,fb-fit-v0-single-mean-k20,2,0.904380894048278,0.000201413726172,0.9061600000000002,0.00076
9059,2129,dhmix_2238554893157725289,974,EnthalpyOfMixing,<Substance CN1CCCC1=O{solv}{x=0.482100}|Cc1ccccc1{solv}{x=0.517900}>,CN1CCCC1=O,Cc1ccccc1,fb-fit-v0-single-mean-k20,2,-0.1791636220391126,0.0341245715401626,-0.2985,0.0033
9060,2130,dens_717951284355382404,975,Density,<Substance CN1CCCC1=O{solv}{x=0.702300}|ClCCCCCCCl{solv}{x=0.297700}>,CN1CCCC1=O,ClCCCCCCCl,fb-fit-v0-single-mean-k20,2,1.031485580872932,0.0002130970081371,1.0416,0.0003
9061,2131,dhmix_859697969059379656,976,EnthalpyOfMixing,<Substance CN1CCCC1=O{solv}{x=0.503000}|ClCCCCCCCl{solv}{x=0.497000}>,CN1CCCC1=O,ClCCCCCCCl,fb-fit-v0-single-mean-k20,2,0.3909677383876087,0.0481062196530644,-0.2,0.0025
9062,2132,dhmix_916885053388204545,977,EnthalpyOfMixing,<Substance CN1CCCC1=O{solv}{x=0.212000}|ClCCCCCCCl{solv}{x=0.788000}>,CN1CCCC1=O,ClCCCCCCCl,fb-fit-v0-single-mean-k20,2,0.2886539702355577,0.0515321622507942,-0.13,0.002
9063,2133,dens_1483670447992291960,978,Density,<Substance CN1CCCC1=O{solv}{x=0.201600}|ClCCCCCCCl{solv}{x=0.798400}>,CN1CCCC1=O,ClCCCCCCCl,fb-fit-v0-single-mean-k20,2,1.060020363809702,0.0002362866255617,1.0584000000000005,0.00055
9064,2134,dens_1896555095774116819,979,Density,<Substance CN1CCCC1=O{solv}{x=0.504900}|ClCCCCCCCl{solv}{x=0.495100}>,CN1CCCC1=O,ClCCCCCCCl,fb-fit-v0-single-mean-k20,2,1.0441954389432704,0.0001866631832394,1.0490000000000002,0.00035
9065,2135,dhmix_2039443272323887912,980,EnthalpyOfMixing,<Substance CN1CCCC1=O{solv}{x=0.797000}|ClCCCCCCCl{solv}{x=0.203000}>,CN1CCCC1=O,ClCCCCCCCl,fb-fit-v0-single-mean-k20,2,0.3100733578867398,0.0410553997183692,-0.123,0.002
9066,2136,dhmix_729169544598225866,981,EnthalpyOfMixing,<Substance CN(C)C=O{solv}{x=0.203000}|ClCCCCCCCl{solv}{x=0.797000}>,CN(C)C=O,ClCCCCCCCl,fb-fit-v0-single-mean-k20,2,0.5147835194199075,0.0457788558973301,0.195,0.0025
9067,2137,dhmix_1359105787212172230,982,EnthalpyOfMixing,<Substance CN(C)C=O{solv}{x=0.796000}|ClCCCCCCCl{solv}{x=0.204000}>,CN(C)C=O,ClCCCCCCCl,fb-fit-v0-single-mean-k20,2,0.4598298467630783,0.0372957969613035,0.24,0.0025
9068,2138,dhmix_1534380829757525169,983,EnthalpyOfMixing,<Substance CN(C)C=O{solv}{x=0.498000}|ClCCCCCCCl{solv}{x=0.502000}>,CN(C)C=O,ClCCCCCCCl,fb-fit-v0-single-mean-k20,2,0.693024680822873,0.0401114567448504,0.34,0.0025
9069,2139,dens_1752369236407148840,984,Density,<Substance CN(C)C=O{solv}{x=0.503300}|ClCCCCCCCl{solv}{x=0.496700}>,CN(C)C=O,ClCCCCCCCl,fb-fit-v0-single-mean-k20,2,1.012964448109799,0.0002444054460846,1.0190000000000003,0.00155
9070,2140,dens_2070195997725277466,985,Density,<Substance CN(C)C=O{solv}{x=0.703400}|ClCCCCCCCl{solv}{x=0.296600}>,CN(C)C=O,ClCCCCCCCl,fb-fit-v0-single-mean-k20,2,0.981795565985003,0.0002179926836396,0.9943000000000002,0.0017
9071,2141,dens_2171945276872385012,986,Density,<Substance CN(C)C=O{solv}{x=0.201300}|ClCCCCCCCl{solv}{x=0.798700}>,CN(C)C=O,ClCCCCCCCl,fb-fit-v0-single-mean-k20,2,1.0482319207417692,0.0002044394126208,1.0486000000000002,0.0014
9072,2142,dens_741100297092592576,987,Density,<Substance C1CCCCC1{solv}{x=0.265900}|C1CCOCC1{solv}{x=0.734100}>,C1CCCCC1,C1CCOCC1,fb-fit-v0-single-mean-k20,2,0.8401254579203072,0.0002322997489123,0.8470300000000002,0.000505
9073,2143,dens_1002639246322609242,988,Density,<Substance C1CCCCC1{solv}{x=0.762200}|C1CCOCC1{solv}{x=0.237800}>,C1CCCCC1,C1CCOCC1,fb-fit-v0-single-mean-k20,2,0.7874830703469166,0.0001658791856395,0.7952000000000002,0.000505
9074,2144,dhmix_1171155554844966705,989,EnthalpyOfMixing,<Substance C1CCCCC1{solv}{x=0.247100}|C1CCOCC1{solv}{x=0.752900}>,C1CCCCC1,C1CCOCC1,fb-fit-v0-single-mean-k20,2,0.4021924778903241,0.0443532304190443,0.3613,0.00395
9075,2145,dens_2142973677177666085,990,Density,<Substance C1CCCCC1{solv}{x=0.501800}|C1CCOCC1{solv}{x=0.498200}>,C1CCCCC1,C1CCOCC1,fb-fit-v0-single-mean-k20,2,0.8137917556904319,0.0002286176728585,0.8211500000000002,0.000505
9076,2146,dhmix_2195791820105752985,991,EnthalpyOfMixing,<Substance C1CCCCC1{solv}{x=0.726600}|C1CCOCC1{solv}{x=0.273400}>,C1CCCCC1,C1CCOCC1,fb-fit-v0-single-mean-k20,2,0.5653524900424429,0.0476737466069662,0.4424,0.00485
9077,2147,dhmix_2296999979529762407,992,EnthalpyOfMixing,<Substance C1CCCCC1{solv}{x=0.499000}|C1CCOCC1{solv}{x=0.501000}>,C1CCCCC1,C1CCOCC1,fb-fit-v0-single-mean-k20,2,0.7049440384244434,0.0427795731052944,0.526,0.0055
9078,2148,dhmix_744994939606384802,993,EnthalpyOfMixing,<Substance CO{solv}{x=0.300000}|O{solv}{x=0.700000}>,CO,O,fb-fit-v0-single-mean-k20,2,0.0031054619082269,0.0202780729929524,-0.85,0.005
9079,2149,dens_1085345433585028387,994,Density,<Substance CO{solv}{x=0.499700}|O{solv}{x=0.500300}>,CO,O,fb-fit-v0-single-mean-k20,2,0.8398523903730116,0.0004886597025013,0.8816900000000003,0.000165
9080,2150,dhmix_1126710771921470495,995,EnthalpyOfMixing,<Substance CO{solv}{x=0.700000}|O{solv}{x=0.300000}>,CO,O,fb-fit-v0-single-mean-k20,2,-0.0582997085965901,0.0286464025514006,-0.583,0.0035
9081,2151,dens_1258832080354057572,996,Density,<Substance CO{solv}{x=0.300300}|O{solv}{x=0.699700}>,CO,O,fb-fit-v0-single-mean-k20,2,0.8859584437771575,0.0004713655696709,0.9252100000000004,0.000125
9082,2152,dens_1758371820245200558,997,Density,<Substance CO{solv}{x=0.760500}|O{solv}{x=0.239500}>,CO,O,fb-fit-v0-single-mean-k20,2,0.7940991904417399,0.0004575335947491,0.8289000000000002,0.0001
9083,2153,dhmix_1824296469249495553,998,EnthalpyOfMixing,<Substance CO{solv}{x=0.500000}|O{solv}{x=0.500000}>,CO,O,fb-fit-v0-single-mean-k20,2,0.0221178516734923,0.0237387236367949,-0.777,0.0045
9084,2154,dhmix_753952445434773754,999,EnthalpyOfMixing,<Substance CCCCCCCCCl{solv}{x=0.493000}|CN1CCCC1=O{solv}{x=0.507000}>,CCCCCCCCCl,CN1CCCC1=O,fb-fit-v0-single-mean-k20,2,1.2112062270977049,0.0417477126824089,0.638,0.0035
9085,2155,dhmix_1273186684325800862,1000,EnthalpyOfMixing,<Substance CCCCCCCCCl{solv}{x=0.783000}|CN1CCCC1=O{solv}{x=0.217000}>,CCCCCCCCCl,CN1CCCC1=O,fb-fit-v0-single-mean-k20,2,0.949029023854692,0.0573140866500646,0.371,0.003
9086,2156,dhmix_1457789704046029008,1001,EnthalpyOfMixing,<Substance CCCCCCCCCl{solv}{x=0.202000}|CN1CCCC1=O{solv}{x=0.798000}>,CCCCCCCCCl,CN1CCCC1=O,fb-fit-v0-single-mean-k20,2,0.8924683739503863,0.04394672233525,0.5,0.0035
9087,2157,dens_1965529278608066299,1002,Density,<Substance CCCCCCCCCl{solv}{x=0.299500}|CN1CCCC1=O{solv}{x=0.700500}>,CCCCCCCCCl,CN1CCCC1=O,fb-fit-v0-single-mean-k20,2,0.950481795203618,0.0002065291488756,0.9598000000000002,0.00025
9088,2158,dens_2167805246575708222,1003,Density,<Substance CCCCCCCCCl{solv}{x=0.798600}|CN1CCCC1=O{solv}{x=0.201400}>,CCCCCCCCCl,CN1CCCC1=O,fb-fit-v0-single-mean-k20,2,0.8886039566208256,0.0001736965542175,0.8888000000000001,0.00055
9089,2159,dens_2177162670107081086,1004,Density,<Substance CCCCCCCCCl{solv}{x=0.497900}|CN1CCCC1=O{solv}{x=0.502100}>,CCCCCCCCCl,CN1CCCC1=O,fb-fit-v0-single-mean-k20,2,0.9226992230191422,0.0001698911813212,0.9269000000000002,0.00035
9090,2160,dhmix_756380521637559100,1005,EnthalpyOfMixing,<Substance C1COCCO1{solv}{x=0.500000}|O=C1CCCCC1{solv}{x=0.500000}>,C1COCCO1,O=C1CCCCC1,fb-fit-v0-single-mean-k20,2,0.2689426572171385,0.041167546553977,0.28584,0.00154
9091,2161,dens_1139761443535371798,1006,Density,<Substance C1COCCO1{solv}{x=0.459400}|O=C1CCCCC1{solv}{x=0.540600}>,C1COCCO1,O=C1CCCCC1,fb-fit-v0-single-mean-k20,2,0.968398613461068,0.0001796503604298,0.9762000000000004,0.00025
9092,2162,dhmix_1367833850972054360,1007,EnthalpyOfMixing,<Substance C1COCCO1{solv}{x=0.750000}|O=C1CCCCC1{solv}{x=0.250000}>,C1COCCO1,O=C1CCCCC1,fb-fit-v0-single-mean-k20,2,0.1751475320182578,0.0406541335250699,0.23662,0.001355
9093,2163,dhmix_1533665710565492443,1008,EnthalpyOfMixing,<Substance C1COCCO1{solv}{x=0.250000}|O=C1CCCCC1{solv}{x=0.750000}>,C1COCCO1,O=C1CCCCC1,fb-fit-v0-single-mean-k20,2,0.2286884716590194,0.0439835339103602,0.20076,0.00121
9094,2164,dens_1556646832168598904,1009,Density,<Substance C1COCCO1{solv}{x=0.797800}|O=C1CCCCC1{solv}{x=0.202200}>,C1COCCO1,O=C1CCCCC1,fb-fit-v0-single-mean-k20,2,1.0020855905731585,0.0002430941046589,1.0062000000000002,0.00025
9095,2165,dens_1806066395455679216,1010,Density,<Substance C1COCCO1{solv}{x=0.272000}|O=C1CCCCC1{solv}{x=0.728000}>,C1COCCO1,O=C1CCCCC1,fb-fit-v0-single-mean-k20,2,0.9525928615627696,0.0001610372046715,0.9614000000000004,0.00025
9096,2166,dhmix_781473821930081125,1011,EnthalpyOfMixing,<Substance CCOc1ccccc1{solv}{x=0.765100}|OCc1ccccc1{solv}{x=0.234900}>,CCOc1ccccc1,OCc1ccccc1,fb-fit-v0-single-mean-k20,2,0.8604659971132094,0.0509156190638055,1.083,0.0116
9097,2167,dhmix_966435122735090568,1012,EnthalpyOfMixing,<Substance CCOc1ccccc1{solv}{x=0.063600}|OCc1ccccc1{solv}{x=0.936400}>,CCOc1ccccc1,OCc1ccccc1,fb-fit-v0-single-mean-k20,2,0.1272846983908522,0.0758599791171305,0.1901,0.00225
9098,2168,dens_1184318999137642715,1013,Density,<Substance CCOc1ccccc1{solv}{x=0.064200}|OCc1ccccc1{solv}{x=0.935800}>,CCOc1ccccc1,OCc1ccccc1,fb-fit-v0-single-mean-k20,2,1.0314640895046163,0.0001681345713682,1.02761,0.00011
9099,2169,dhmix_1518701992890040137,1014,EnthalpyOfMixing,<Substance CCOc1ccccc1{solv}{x=0.549900}|OCc1ccccc1{solv}{x=0.450100}>,CCOc1ccccc1,OCc1ccccc1,fb-fit-v0-single-mean-k20,2,0.9659359703505146,0.0497889212062587,1.0561,0.01135
9100,2170,dens_1575045736805268459,1015,Density,<Substance CCOc1ccccc1{solv}{x=0.459800}|OCc1ccccc1{solv}{x=0.540200}>,CCOc1ccccc1,OCc1ccccc1,fb-fit-v0-single-mean-k20,2,0.9921238680419638,0.0001766803174335,0.9925100000000002,0.00016
9101,2171,dens_2214650701288997434,1016,Density,<Substance CCOc1ccccc1{solv}{x=0.757200}|OCc1ccccc1{solv}{x=0.242800}>,CCOc1ccccc1,OCc1ccccc1,fb-fit-v0-single-mean-k20,2,0.9671142275019188,0.0001715688534703,0.9686500000000002,0.000215
9102,2172,dens_800807749587668066,1017,Density,<Substance C1CCOCC1{solv}{x=0.733600}|c1ccncc1{solv}{x=0.266400}>,C1CCOCC1,c1ccncc1,fb-fit-v0-single-mean-k20,2,0.8887228229008245,0.0002640743960143,0.8933350000000002,0.000358
9103,2173,dhmix_836757145941804043,1018,EnthalpyOfMixing,<Substance C1CCOCC1{solv}{x=0.291500}|c1ccncc1{solv}{x=0.708500}>,C1CCOCC1,c1ccncc1,fb-fit-v0-single-mean-k20,2,-0.0119535388096094,0.0400008327960373,0.0898,0.00095
9104,2174,dhmix_1003039131395935786,1019,EnthalpyOfMixing,<Substance C1CCOCC1{solv}{x=0.536300}|c1ccncc1{solv}{x=0.463700}>,C1CCOCC1,c1ccncc1,fb-fit-v0-single-mean-k20,2,0.0406283111759648,0.0380389838033898,0.1573,0.0013
9105,2175,dens_1859030547600172702,1020,Density,<Substance C1CCOCC1{solv}{x=0.241500}|c1ccncc1{solv}{x=0.758500}>,C1CCOCC1,c1ccncc1,fb-fit-v0-single-mean-k20,2,0.9500555393201118,0.0002359002818878,0.9525650000000004,0.000212
9106,2176,dhmix_2191254706131659314,1021,EnthalpyOfMixing,<Substance C1CCOCC1{solv}{x=0.734400}|c1ccncc1{solv}{x=0.265600}>,C1CCOCC1,c1ccncc1,fb-fit-v0-single-mean-k20,2,-0.0399498562177669,0.041179347278733,0.1564,0.0013
9107,2177,dens_2239470871208865925,1022,Density,<Substance C1CCOCC1{solv}{x=0.536400}|c1ccncc1{solv}{x=0.463600}>,C1CCOCC1,c1ccncc1,fb-fit-v0-single-mean-k20,2,0.9090642158890838,0.000256243702549,0.9124250000000002,0.0002965
9108,2178,dens_801655585640229277,1023,Density,<Substance C1CCOCC1{solv}{x=0.777600}|CCCC(C)=O{solv}{x=0.222400}>,C1CCOCC1,CCCC(C)=O,fb-fit-v0-single-mean-k20,2,0.85337287144585,0.0002340110048097,0.8602600000000002,0.000225
9109,2179,dhmix_1175081460677389458,1024,EnthalpyOfMixing,<Substance C1CCOCC1{solv}{x=0.250000}|CCCC(C)=O{solv}{x=0.750000}>,C1CCOCC1,CCCC(C)=O,fb-fit-v0-single-mean-k20,2,0.1162180516242319,0.041707038335702,0.06014,0.00063
9110,2180,dens_1481139606755572767,1025,Density,<Substance C1CCOCC1{solv}{x=0.236100}|CCCC(C)=O{solv}{x=0.763900}>,C1CCOCC1,CCCC(C)=O,fb-fit-v0-single-mean-k20,2,0.8110731152550997,0.0002440854406725,0.8183900000000002,0.000215
9111,2181,dhmix_1531586108535895092,1026,EnthalpyOfMixing,<Substance C1CCOCC1{solv}{x=0.750000}|CCCC(C)=O{solv}{x=0.250000}>,C1CCOCC1,CCCC(C)=O,fb-fit-v0-single-mean-k20,2,0.114556282449918,0.0458631172729206,0.08245,0.000715
9112,2182,dhmix_2074691820693967219,1027,EnthalpyOfMixing,<Substance C1CCOCC1{solv}{x=0.500000}|CCCC(C)=O{solv}{x=0.500000}>,C1CCOCC1,CCCC(C)=O,fb-fit-v0-single-mean-k20,2,0.0421974978187549,0.0411611400004992,0.09128,0.000745
9113,2183,dens_2180187104403779312,1028,Density,<Substance C1CCOCC1{solv}{x=0.504600}|CCCC(C)=O{solv}{x=0.495400}>,C1CCOCC1,CCCC(C)=O,fb-fit-v0-single-mean-k20,2,0.8309992328986672,0.000236395438232,0.8386000000000002,0.00022
9114,2184,dhmix_814516627068967115,1029,EnthalpyOfMixing,<Substance CCCOC=O{solv}{x=0.230800}|ClCCCCl{solv}{x=0.769200}>,CCCOC=O,ClCCCCl,fb-fit-v0-single-mean-k20,2,0.2014886721685727,0.0353708689864268,-0.054,0.001
9115,2185,dens_853749747181024442,1030,Density,<Substance CCCOC=O{solv}{x=0.525500}|ClCCCCl{solv}{x=0.474500}>,CCCOC=O,ClCCCCl,fb-fit-v0-single-mean-k20,2,1.0341747104267616,0.0003223762228668,1.0302400000000005,0.00176
9116,2186,dhmix_1623640482466530427,1031,EnthalpyOfMixing,<Substance CCCOC=O{solv}{x=0.750900}|ClCCCCl{solv}{x=0.249100}>,CCCOC=O,ClCCCCl,fb-fit-v0-single-mean-k20,2,0.1449690360794306,0.0442274883343685,-0.088,0.001
9117,2187,dens_1998603470347754754,1032,Density,<Substance CCCOC=O{solv}{x=0.233600}|ClCCCCl{solv}{x=0.766400}>,CCCOC=O,ClCCCCl,fb-fit-v0-single-mean-k20,2,1.1068198794909645,0.0003163153737021,1.1122200000000002,0.00274
9118,2188,dhmix_2003217087101692001,1033,EnthalpyOfMixing,<Substance CCCOC=O{solv}{x=0.514500}|ClCCCCl{solv}{x=0.485500}>,CCCOC=O,ClCCCCl,fb-fit-v0-single-mean-k20,2,0.1555808056057799,0.0381062047706656,-0.114,0.0015
9119,2189,dens_2020761603812222512,1034,Density,<Substance CCCOC=O{solv}{x=0.763600}|ClCCCCl{solv}{x=0.236400}>,CCCOC=O,ClCCCCl,fb-fit-v0-single-mean-k20,2,0.973766751251244,0.0002625830290348,0.9644500000000004,0.00119
9120,2190,dens_828893303895070246,1035,Density,<Substance C1CCCCC1{solv}{x=0.249800}|CCCCCCCC{solv}{x=0.750200}>,C1CCCCC1,CCCCCCCC,fb-fit-v0-single-mean-k20,2,0.7098275811088177,0.0001957547405546,0.7110900000000002,0.000605
9121,2191,dhmix_1288938247372010686,1036,EnthalpyOfMixing,<Substance C1CCCCC1{solv}{x=0.751300}|CCCCCCCC{solv}{x=0.248700}>,C1CCCCC1,CCCCCCCC,fb-fit-v0-single-mean-k20,2,0.3154065188137736,0.0378810251983307,0.23,0.005
9122,2192,dens_1398337515687242649,1037,Density,<Substance C1CCCCC1{solv}{x=0.477700}|CCCCCCCC{solv}{x=0.522300}>,C1CCCCC1,CCCCCCCC,fb-fit-v0-single-mean-k20,2,0.72216862278499,0.0001532137052885,0.7250300000000002,0.000585
9123,2193,dhmix_1429498464152515756,1038,EnthalpyOfMixing,<Substance C1CCCCC1{solv}{x=0.532400}|CCCCCCCC{solv}{x=0.467600}>,C1CCCCC1,CCCCCCCC,fb-fit-v0-single-mean-k20,2,0.3019211147391445,0.0503041223728699,0.258,0.005
9124,2194,dens_2267960821195706299,1039,Density,<Substance C1CCCCC1{solv}{x=0.796100}|CCCCCCCC{solv}{x=0.203900}>,C1CCCCC1,CCCCCCCC,fb-fit-v0-single-mean-k20,2,0.7460324370021586,0.0001837514224807,0.7509700000000002,0.00055
9125,2195,dhmix_2289023418386220795,1040,EnthalpyOfMixing,<Substance C1CCCCC1{solv}{x=0.274400}|CCCCCCCC{solv}{x=0.725600}>,C1CCCCC1,CCCCCCCC,fb-fit-v0-single-mean-k20,2,0.2495253071875254,0.0428041118934173,0.18,0.005
9126,2196,dens_848374876759596361,1041,Density,<Substance CC(C)OC(C)C{solv}{x=0.284600}|CCCCCl{solv}{x=0.715400}>,CC(C)OC(C)C,CCCCCl,fb-fit-v0-single-mean-k20,2,0.8194657039367493,0.0002459587612344,0.8263210000000002,0.000365
9127,2197,dens_917492506874956672,1042,Density,<Substance CC(C)OC(C)C{solv}{x=0.808200}|CCCCCl{solv}{x=0.191800}>,CC(C)OC(C)C,CCCCCl,fb-fit-v0-single-mean-k20,2,0.7517371270292069,0.0002450268510904,0.7440910000000002,0.000448
9128,2198,dhmix_1107367594793013993,1043,EnthalpyOfMixing,<Substance CC(C)OC(C)C{solv}{x=0.272700}|CCCCCl{solv}{x=0.727300}>,CC(C)OC(C)C,CCCCCl,fb-fit-v0-single-mean-k20,2,-0.1101493413078955,0.0392677442623562,-0.0785,0.001
9129,2199,dhmix_1310204607958463222,1044,EnthalpyOfMixing,<Substance CC(C)OC(C)C{solv}{x=0.454700}|CCCCCl{solv}{x=0.545300}>,CC(C)OC(C)C,CCCCCl,fb-fit-v0-single-mean-k20,2,-0.1529309985364264,0.0317111573812761,-0.0954,0.0012
9130,2200,dhmix_1605157292498138629,1045,EnthalpyOfMixing,<Substance CC(C)OC(C)C{solv}{x=0.727400}|CCCCCl{solv}{x=0.272600}>,CC(C)OC(C)C,CCCCCl,fb-fit-v0-single-mean-k20,2,-0.0599842406886921,0.0451285191157498,-0.0732,0.00095
9131,2201,dens_1927916489732771888,1046,Density,<Substance CC(C)OC(C)C{solv}{x=0.484000}|CCCCCl{solv}{x=0.516000}>,CC(C)OC(C)C,CCCCCl,fb-fit-v0-single-mean-k20,2,0.7915173447596849,0.0002921179504809,0.7925060000000002,0.0004005
9132,2202,dens_860008765681738590,1047,Density,<Substance CN(CCO)CCO{solv}{x=0.231260}|c1ccncc1{solv}{x=0.768740}>,CN(CCO)CCO,c1ccncc1,fb-fit-v0-single-mean-k20,2,0.9962984335852024,0.0002365122526467,0.9906030000000002,0.0001015
9133,2203,dens_1253280811379348869,1048,Density,<Substance CN(CCO)CCO{solv}{x=0.670000}|c1ccncc1{solv}{x=0.330000}>,CN(CCO)CCO,c1ccncc1,fb-fit-v0-single-mean-k20,2,1.0315817163830805,0.0002693959829407,1.0161020000000005,0.000102
9134,2204,dhmix_1381513140604048573,1049,EnthalpyOfMixing,<Substance CN(CCO)CCO{solv}{x=0.473760}|c1ccncc1{solv}{x=0.526240}>,CN(CCO)CCO,c1ccncc1,fb-fit-v0-single-mean-k20,2,0.6256452086651763,0.0419337038286962,-0.093,0.001
9135,2205,dens_1460709448836415360,1050,Density,<Substance CN(CCO)CCO{solv}{x=0.473530}|c1ccncc1{solv}{x=0.526470}>,CN(CCO)CCO,c1ccncc1,fb-fit-v0-single-mean-k20,2,1.015928910418316,0.000402360285693,1.0044450000000005,0.0001015
9136,2206,dhmix_2085036308089359597,1051,EnthalpyOfMixing,<Substance CN(CCO)CCO{solv}{x=0.230610}|c1ccncc1{solv}{x=0.769390}>,CN(CCO)CCO,c1ccncc1,fb-fit-v0-single-mean-k20,2,0.5736106001958916,0.0406315648022163,-0.032,0.001
9137,2207,dhmix_2287943921901918379,1052,EnthalpyOfMixing,<Substance CN(CCO)CCO{solv}{x=0.669580}|c1ccncc1{solv}{x=0.330420}>,CN(CCO)CCO,c1ccncc1,fb-fit-v0-single-mean-k20,2,-0.0630084250149281,0.0421759111116265,-0.12,0.0015
9138,2208,dens_929806754028972955,1053,Density,<Substance CCCC(=O)OC{solv}{x=0.695800}|COC(C)=O{solv}{x=0.304200}>,CCCC(=O)OC,COC(C)=O,fb-fit-v0-single-mean-k20,2,0.8982465507327546,0.0002609469162745,0.8997600000000002,0.000505
9139,2209,dhmix_1093843275803987368,1054,EnthalpyOfMixing,<Substance CCCC(=O)OC{solv}{x=0.482200}|COC(C)=O{solv}{x=0.517800}>,CCCC(=O)OC,COC(C)=O,fb-fit-v0-single-mean-k20,2,0.0455867842442145,0.0314941817694642,0.151,0.002
9140,2210,dens_1187818937240241755,1055,Density,<Substance CCCC(=O)OC{solv}{x=0.253600}|COC(C)=O{solv}{x=0.746400}>,CCCC(=O)OC,COC(C)=O,fb-fit-v0-single-mean-k20,2,0.9140929171394776,0.000288702911899,0.9147400000000002,0.000505
9141,2211,dens_1462283017082249050,1056,Density,<Substance CCCC(=O)OC{solv}{x=0.545600}|COC(C)=O{solv}{x=0.454400}>,CCCC(=O)OC,COC(C)=O,fb-fit-v0-single-mean-k20,2,0.9033946169427464,0.000234768629868,0.9041900000000004,0.000505
9142,2212,dhmix_1514470349370367756,1057,EnthalpyOfMixing,<Substance CCCC(=O)OC{solv}{x=0.226000}|COC(C)=O{solv}{x=0.774000}>,CCCC(=O)OC,COC(C)=O,fb-fit-v0-single-mean-k20,2,0.0493426242908157,0.0374817242818262,0.102,0.0015
9143,2213,dhmix_1615966506855005599,1058,EnthalpyOfMixing,<Substance CCCC(=O)OC{solv}{x=0.695800}|COC(C)=O{solv}{x=0.304200}>,CCCC(=O)OC,COC(C)=O,fb-fit-v0-single-mean-k20,2,0.0613187704469595,0.0375466779524753,0.122,0.0015
9144,2214,dens_931039395662625393,1059,Density,<Substance BrCCBr{solv}{x=0.510700}|CCOC=O{solv}{x=0.489300}>,BrCCBr,CCOC=O,fb-fit-v0-single-mean-k20,2,1.5734414128240084,0.0005814623783059,1.5742900000000004,0.00125
9145,2215,dhmix_1379448524788285045,1060,EnthalpyOfMixing,<Substance BrCCBr{solv}{x=0.503000}|CCOC=O{solv}{x=0.497000}>,BrCCBr,CCOC=O,fb-fit-v0-single-mean-k20,2,0.486872981489757,0.0268111779476793,0.404,0.0054
9146,2216,dhmix_1589211680683586133,1061,EnthalpyOfMixing,<Substance BrCCBr{solv}{x=0.247500}|CCOC=O{solv}{x=0.752500}>,BrCCBr,CCOC=O,fb-fit-v0-single-mean-k20,2,0.3419192687255101,0.0388067860586399,0.2492,0.0035
9147,2217,dens_1816072583621776909,1062,Density,<Substance BrCCBr{solv}{x=0.282500}|CCOC=O{solv}{x=0.717500}>,BrCCBr,CCOC=O,fb-fit-v0-single-mean-k20,2,1.298461562643298,0.0005385881759202,1.2851500000000005,0.00131
9148,2218,dens_1857279480363338972,1063,Density,<Substance BrCCBr{solv}{x=0.750600}|CCOC=O{solv}{x=0.249400}>,BrCCBr,CCOC=O,fb-fit-v0-single-mean-k20,2,1.846152669647632,0.0006119462515932,1.8698300000000003,0.000995
9149,2219,dhmix_2225135654541562913,1064,EnthalpyOfMixing,<Substance BrCCBr{solv}{x=0.734600}|CCOC=O{solv}{x=0.265400}>,BrCCBr,CCOC=O,fb-fit-v0-single-mean-k20,2,0.3988835238700101,0.0338098177877594,0.3604,0.00485
9150,2220,dhmix_933824509566848172,1065,EnthalpyOfMixing,<Substance C1COCO1{solv}{x=0.350000}|CCCC(C)=O{solv}{x=0.650000}>,C1COCO1,CCCC(C)=O,fb-fit-v0-single-mean-k20,2,0.1444145529647329,0.041530705829433,0.17755,0.001095
9151,2221,dens_1326756646981901590,1066,Density,<Substance C1COCO1{solv}{x=0.717400}|CCCC(C)=O{solv}{x=0.282600}>,C1COCO1,CCCC(C)=O,fb-fit-v0-single-mean-k20,2,0.9663991773644092,0.0002801632773298,0.9625500000000002,0.000245
9152,2222,dhmix_1386053902220878259,1067,EnthalpyOfMixing,<Substance C1COCO1{solv}{x=0.500000}|CCCC(C)=O{solv}{x=0.500000}>,C1COCO1,CCCC(C)=O,fb-fit-v0-single-mean-k20,2,0.2416169488353077,0.0396137178160222,0.21077,0.00122
9153,2223,dens_1490997112604690080,1068,Density,<Substance C1COCO1{solv}{x=0.349900}|CCCC(C)=O{solv}{x=0.650100}>,C1COCO1,CCCC(C)=O,fb-fit-v0-single-mean-k20,2,0.8651149215493694,0.0002344866863071,0.8687200000000003,0.00022
9154,2224,dens_1979377813631413053,1069,Density,<Substance C1COCO1{solv}{x=0.516900}|CCCC(C)=O{solv}{x=0.483100}>,C1COCO1,CCCC(C)=O,fb-fit-v0-single-mean-k20,2,0.9073700631150492,0.0002532407584536,0.9078200000000004,0.00023
9155,2225,dhmix_2113009728753201792,1070,EnthalpyOfMixing,<Substance C1COCO1{solv}{x=0.750000}|CCCC(C)=O{solv}{x=0.250000}>,C1COCO1,CCCC(C)=O,fb-fit-v0-single-mean-k20,2,0.1944581558356191,0.0382220722477284,0.17046,0.00107
9156,2226,dhmix_962524540250306235,1071,EnthalpyOfMixing,<Substance Cc1ccccc1N{solv}{x=0.268100}|c1ccncc1{solv}{x=0.731900}>,Cc1ccccc1N,c1ccncc1,fb-fit-v0-single-mean-k20,2,-1.5790912660956025,0.0459369014583057,-0.8915,0.0182
9157,2227,dhmix_1000930562998604270,1072,EnthalpyOfMixing,<Substance Cc1ccccc1N{solv}{x=0.773500}|c1ccncc1{solv}{x=0.226500}>,Cc1ccccc1N,c1ccncc1,fb-fit-v0-single-mean-k20,2,-1.3381774291230286,0.059132308668579,-0.7828,0.016
9158,2228,dens_1203111494553524663,1073,Density,<Substance Cc1ccccc1N{solv}{x=0.483700}|c1ccncc1{solv}{x=0.516300}>,Cc1ccccc1N,c1ccncc1,fb-fit-v0-single-mean-k20,2,1.0018907762772051,0.0002098395781279,0.9912370000000004,0.000117
9159,2229,dens_1316174752280431242,1074,Density,<Substance Cc1ccccc1N{solv}{x=0.237400}|c1ccncc1{solv}{x=0.762600}>,Cc1ccccc1N,c1ccncc1,fb-fit-v0-single-mean-k20,2,0.9911691405896176,0.000199726199481,0.9863750000000002,0.000118
9160,2230,dhmix_1371524052813651708,1075,EnthalpyOfMixing,<Substance Cc1ccccc1N{solv}{x=0.482600}|c1ccncc1{solv}{x=0.517400}>,Cc1ccccc1N,c1ccncc1,fb-fit-v0-single-mean-k20,2,-1.7019996157199628,0.0400384021617437,-1.0329,0.02105
9161,2231,dens_2188924364196997512,1076,Density,<Substance Cc1ccccc1N{solv}{x=0.767800}|c1ccncc1{solv}{x=0.232200}>,Cc1ccccc1N,c1ccncc1,fb-fit-v0-single-mean-k20,2,1.009627707146739,0.0003102609456295,0.9936220000000002,0.000117
9162,2232,dens_964556344607822867,1077,Density,<Substance CCCCCCCCC{solv}{x=0.696300}|COC(C)(C)C{solv}{x=0.303700}>,CCCCCCCCC,COC(C)(C)C,fb-fit-v0-single-mean-k20,2,0.718980366944129,0.0001410910282283,0.7173600000000002,0.000295
9163,2233,dhmix_1091489740441728210,1078,EnthalpyOfMixing,<Substance CCCCCCCCC{solv}{x=0.260100}|COC(C)(C)C{solv}{x=0.739900}>,CCCCCCCCC,COC(C)(C)C,fb-fit-v0-single-mean-k20,2,0.5154864397974563,0.0445550122851323,0.371,0.0075
9164,2234,dens_1264105858192356202,1079,Density,<Substance CCCCCCCCC{solv}{x=0.499200}|COC(C)(C)C{solv}{x=0.500800}>,CCCCCCCCC,COC(C)(C)C,fb-fit-v0-single-mean-k20,2,0.7230532256527197,0.0002093949537365,0.7207300000000002,0.00029
9165,2235,dhmix_1760873631242020891,1080,EnthalpyOfMixing,<Substance CCCCCCCCC{solv}{x=0.759600}|COC(C)(C)C{solv}{x=0.240400}>,CCCCCCCCC,COC(C)(C)C,fb-fit-v0-single-mean-k20,2,0.505731486995586,0.0542254601815445,0.345,0.007
9166,2236,dens_2012579877169955729,1081,Density,<Substance CCCCCCCCC{solv}{x=0.199500}|COC(C)(C)C{solv}{x=0.800500}>,CCCCCCCCC,COC(C)(C)C,fb-fit-v0-single-mean-k20,2,0.7327633113074178,0.0002419919245488,0.7281100000000001,0.000285
9167,2237,dhmix_2200368758776542578,1082,EnthalpyOfMixing,<Substance CCCCCCCCC{solv}{x=0.513300}|COC(C)(C)C{solv}{x=0.486700}>,CCCCCCCCC,COC(C)(C)C,fb-fit-v0-single-mean-k20,2,0.7483931915081428,0.0473923494220133,0.486,0.0095
9168,2238,dhmix_972091313059406932,1083,EnthalpyOfMixing,<Substance CCCNCCC{solv}{x=0.248200}|CN(C)C=O{solv}{x=0.751800}>,CCCNCCC,CN(C)C=O,fb-fit-v0-single-mean-k20,2,0.1607987804787001,0.0384678027593795,0.613,0.0195
9169,2239,dhmix_1037416167092316519,1084,EnthalpyOfMixing,<Substance CCCNCCC{solv}{x=0.499500}|CN(C)C=O{solv}{x=0.500500}>,CCCNCCC,CN(C)C=O,fb-fit-v0-single-mean-k20,2,0.2315394867005622,0.0418579986599015,0.748,0.0225
9170,2240,dhmix_1525975551610336413,1085,EnthalpyOfMixing,<Substance CCCNCCC{solv}{x=0.749600}|CN(C)C=O{solv}{x=0.250400}>,CCCNCCC,CN(C)C=O,fb-fit-v0-single-mean-k20,2,0.2271905480842946,0.0468973138424054,0.529,0.017
9171,2241,dens_1610465641813938660,1086,Density,<Substance CCCNCCC{solv}{x=0.745900}|CN(C)C=O{solv}{x=0.254100}>,CCCNCCC,CN(C)C=O,fb-fit-v0-single-mean-k20,2,0.769695321591248,0.0002057186867166,0.7687320000000002,0.0009355
9172,2242,dens_2129043605695010641,1087,Density,<Substance CCCNCCC{solv}{x=0.503400}|CN(C)C=O{solv}{x=0.496600}>,CCCNCCC,CN(C)C=O,fb-fit-v0-single-mean-k20,2,0.8081122711782825,0.0002147373200695,0.8108000000000002,0.0009885
9173,2243,dens_2129124855081233158,1088,Density,<Substance CCCNCCC{solv}{x=0.252300}|CN(C)C=O{solv}{x=0.747700}>,CCCNCCC,CN(C)C=O,fb-fit-v0-single-mean-k20,2,0.8565699806484758,0.0002409057602991,0.8674480000000002,0.0010625
9174,2244,dhmix_1022139531284796266,1089,EnthalpyOfMixing,<Substance CCCO{solv}{x=0.730200}|O=Cc1ccccc1{solv}{x=0.269800}>,CCCO,O=Cc1ccccc1,fb-fit-v0-single-mean-k20,2,1.3877487930307666,0.0404039230861989,1.3784,0.00585
9175,2245,dens_1530410585842005416,1090,Density,<Substance CCCO{solv}{x=0.802500}|O=Cc1ccccc1{solv}{x=0.197500}>,CCCO,O=Cc1ccccc1,fb-fit-v0-single-mean-k20,2,0.8650284986375486,0.0002235812298621,0.8676000000000003,0.0054
9176,2246,dens_1586325098516354010,1091,Density,<Substance CCCO{solv}{x=0.500300}|O=Cc1ccccc1{solv}{x=0.499700}>,CCCO,O=Cc1ccccc1,fb-fit-v0-single-mean-k20,2,0.947028672045501,0.0002291691721035,0.9470000000000002,0.0035
9177,2247,dhmix_1860362391399300385,1092,EnthalpyOfMixing,<Substance CCCO{solv}{x=0.237400}|O=Cc1ccccc1{solv}{x=0.762600}>,CCCO,O=Cc1ccccc1,fb-fit-v0-single-mean-k20,2,1.2130396595648136,0.0414189384660019,1.2579,0.0055
9178,2248,dens_2022804020725863961,1093,Density,<Substance CCCO{solv}{x=0.192900}|O=Cc1ccccc1{solv}{x=0.807100}>,CCCO,O=Cc1ccccc1,fb-fit-v0-single-mean-k20,2,1.0113303738615251,0.0002041649830818,1.0128,0.00265
9179,2249,dhmix_2114980631721668598,1094,EnthalpyOfMixing,<Substance CCCO{solv}{x=0.517800}|O=Cc1ccccc1{solv}{x=0.482200}>,CCCO,O=Cc1ccccc1,fb-fit-v0-single-mean-k20,2,1.7114251867894268,0.0333617794413245,1.6361,0.00675
9180,2250,dens_1061385011202038988,1095,Density,<Substance CC(C)O{solv}{x=0.495900}|CCCCOCCO{solv}{x=0.504100}>,CC(C)O,CCCCOCCO,fb-fit-v0-single-mean-k20,2,0.8582556239810671,0.0002377438019252,0.8550000000000002,5.450000000000001e-05
9181,2251,dens_1314274960992474794,1096,Density,<Substance CC(C)O{solv}{x=0.292200}|CCCCOCCO{solv}{x=0.707800}>,CC(C)O,CCCCOCCO,fb-fit-v0-single-mean-k20,2,0.8746345874516912,0.0002290644394964,0.8743700000000002,4.600000000000001e-05
9182,2252,dens_1729117108592325655,1097,Density,<Substance CC(C)O{solv}{x=0.743300}|CCCCOCCO{solv}{x=0.256700}>,CC(C)O,CCCCOCCO,fb-fit-v0-single-mean-k20,2,0.833421829017511,0.0002117894127215,0.8247900000000001,5.600000000000001e-05
9183,2253,dens_1112128096721834081,1098,Density,<Substance CNCCO{solv}{x=0.800900}|O{solv}{x=0.199100}>,CNCCO,O,fb-fit-v0-single-mean-k20,2,0.9598444171465124,0.0003364783490847,0.9466300000000002,0.00032
9184,2254,dens_1381694863030749046,1099,Density,<Substance CNCCO{solv}{x=0.198700}|O{solv}{x=0.801300}>,CNCCO,O,fb-fit-v0-single-mean-k20,2,0.9823438514467944,0.0003747253722778,0.9960300000000002,0.00016
9185,2255,dhmix_1383192140212198237,1100,EnthalpyOfMixing,<Substance CNCCO{solv}{x=0.798800}|O{solv}{x=0.201200}>,CNCCO,O,fb-fit-v0-single-mean-k20,2,-1.46273502592895,0.051893539368848,-1.219,0.025
9186,2256,dens_1615304038745182966,1101,Density,<Substance CNCCO{solv}{x=0.504100}|O{solv}{x=0.495900}>,CNCCO,O,fb-fit-v0-single-mean-k20,2,0.9725628733805628,0.0004299813587183,0.9688100000000002,0.000235
9187,2257,dhmix_1902240048183935170,1102,EnthalpyOfMixing,<Substance CNCCO{solv}{x=0.501700}|O{solv}{x=0.498300}>,CNCCO,O,fb-fit-v0-single-mean-k20,2,-2.372379696830663,0.0329898916460614,-2.508,0.051
9188,2258,dhmix_2185888808838690563,1103,EnthalpyOfMixing,<Substance CNCCO{solv}{x=0.199200}|O{solv}{x=0.800800}>,CNCCO,O,fb-fit-v0-single-mean-k20,2,-1.3589076163640152,0.0234561676326819,-2.243,0.0455
9189,2259,dens_1155626281932782094,1104,Density,<Substance CCC(C)=O{solv}{x=0.292200}|CN1CCCC1=O{solv}{x=0.707800}>,CCC(C)=O,CN1CCCC1=O,fb-fit-v0-single-mean-k20,2,0.945383753723776,0.0002108864206581,0.9591400000000002,0.00262
9190,2260,dens_1354588388489384902,1105,Density,<Substance CCC(C)=O{solv}{x=0.779300}|CN1CCCC1=O{solv}{x=0.220700}>,CCC(C)=O,CN1CCCC1=O,fb-fit-v0-single-mean-k20,2,0.8375693127311654,0.0002446474277387,0.8467600000000002,0.002595
9191,2261,dhmix_1468142552678388689,1106,EnthalpyOfMixing,<Substance CCC(C)=O{solv}{x=0.484100}|CN1CCCC1=O{solv}{x=0.515900}>,CCC(C)=O,CN1CCCC1=O,fb-fit-v0-single-mean-k20,2,0.1076029204133179,0.0331446019585082,-0.1675,0.00415
9192,2262,dhmix_1545004468946955771,1107,EnthalpyOfMixing,<Substance CCC(C)=O{solv}{x=0.246100}|CN1CCCC1=O{solv}{x=0.753900}>,CCC(C)=O,CN1CCCC1=O,fb-fit-v0-single-mean-k20,2,0.082764169017355,0.0360639040866252,-0.0999,0.0031
9193,2263,dhmix_1746826813990258300,1108,EnthalpyOfMixing,<Substance CCC(C)=O{solv}{x=0.732400}|CN1CCCC1=O{solv}{x=0.267600}>,CCC(C)=O,CN1CCCC1=O,fb-fit-v0-single-mean-k20,2,0.1290433798099428,0.036235767892793,-0.0861,0.0029
9194,2264,dens_2035401379156582518,1109,Density,<Substance CCC(C)=O{solv}{x=0.479500}|CN1CCCC1=O{solv}{x=0.520500}>,CCC(C)=O,CN1CCCC1=O,fb-fit-v0-single-mean-k20,2,0.9058070878261932,0.0002148859411088,0.9166100000000004,0.00261
9195,2265,dens_1159403686634788877,1110,Density,<Substance C1CCOCC1{solv}{x=0.253600}|Cc1ccncc1{solv}{x=0.746400}>,C1CCOCC1,Cc1ccncc1,fb-fit-v0-single-mean-k20,2,0.9283861668536793,0.0002318409511133,0.9329390000000002,0.0002125
9196,2266,dhmix_1427533760370073434,1111,EnthalpyOfMixing,<Substance C1CCOCC1{solv}{x=0.241600}|Cc1ccncc1{solv}{x=0.758400}>,C1CCOCC1,Cc1ccncc1,fb-fit-v0-single-mean-k20,2,0.0093728672695831,0.0381963512530571,0.0975,0.001
9197,2267,dens_1586440979425114987,1112,Density,<Substance C1CCOCC1{solv}{x=0.491300}|Cc1ccncc1{solv}{x=0.508700}>,C1CCOCC1,Cc1ccncc1,fb-fit-v0-single-mean-k20,2,0.9116327972342174,0.0002593708947348,0.9162950000000002,0.0002825
9198,2268,dhmix_1681679230288000235,1113,EnthalpyOfMixing,<Substance C1CCOCC1{solv}{x=0.483400}|Cc1ccncc1{solv}{x=0.516600}>,C1CCOCC1,Cc1ccncc1,fb-fit-v0-single-mean-k20,2,-0.0255824705361735,0.0389920676222166,0.1741,0.00135
9199,2269,dhmix_1854625047398559527,1114,EnthalpyOfMixing,<Substance C1CCOCC1{solv}{x=0.826200}|Cc1ccncc1{solv}{x=0.173800}>,C1CCOCC1,Cc1ccncc1,fb-fit-v0-single-mean-k20,2,0.0548499311050107,0.0422486840226649,0.0948,0.001
9200,2270,dens_1998279082934343093,1115,Density,<Substance C1CCOCC1{solv}{x=0.826300}|Cc1ccncc1{solv}{x=0.173700}>,C1CCOCC1,Cc1ccncc1,fb-fit-v0-single-mean-k20,2,0.876679307225443,0.0002459407091791,0.8827950000000002,0.000387
9201,2271,dens_1226224986443053492,1116,Density,<Substance CCOc1ccccc1{solv}{x=0.482600}|OCCc1ccccc1{solv}{x=0.517400}>,CCOc1ccccc1,OCCc1ccccc1,fb-fit-v0-single-mean-k20,2,0.9794450114470986,0.0001725853453044,0.9803700000000002,0.00026
9202,2272,dens_1288457717872177367,1117,Density,<Substance CCOc1ccccc1{solv}{x=0.304100}|OCCc1ccccc1{solv}{x=0.695900}>,CCOc1ccccc1,OCCc1ccccc1,fb-fit-v0-single-mean-k20,2,0.9922059040290152,0.0002540002886393,0.9909900000000004,0.00026
9203,2273,dhmix_1400067757990485972,1118,EnthalpyOfMixing,<Substance CCOc1ccccc1{solv}{x=0.738800}|OCCc1ccccc1{solv}{x=0.261200}>,CCOc1ccccc1,OCCc1ccccc1,fb-fit-v0-single-mean-k20,2,1.0304305875415736,0.0495321742236434,1.1427,0.01225
9204,2274,dens_1419265414647987466,1119,Density,<Substance CCOc1ccccc1{solv}{x=0.792900}|OCCc1ccccc1{solv}{x=0.207100}>,CCOc1ccccc1,OCCc1ccccc1,fb-fit-v0-single-mean-k20,2,0.961532968403874,0.0002015426292154,0.9624400000000004,0.00026
9205,2275,dhmix_1985234108792038812,1120,EnthalpyOfMixing,<Substance CCOc1ccccc1{solv}{x=0.485200}|OCCc1ccccc1{solv}{x=0.514800}>,CCOc1ccccc1,OCCc1ccccc1,fb-fit-v0-single-mean-k20,2,1.0486151049647532,0.0434443073016705,1.0249,0.011
9206,2276,dhmix_2203675640711482674,1121,EnthalpyOfMixing,<Substance CCOc1ccccc1{solv}{x=0.239100}|OCCc1ccccc1{solv}{x=0.760900}>,CCOc1ccccc1,OCCc1ccccc1,fb-fit-v0-single-mean-k20,2,0.4461233471281218,0.0463261520554209,0.6669,0.0072
9207,2277,dens_1247048173376376516,1122,Density,<Substance CCCCC(=O)OC{solv}{x=0.349300}|COC=O{solv}{x=0.650700}>,CCCCC(=O)OC,COC=O,fb-fit-v0-single-mean-k20,2,0.9315794326136172,0.0001941337550886,0.9198400000000002,0.000115
9208,2278,dens_1283923442255956417,1123,Density,<Substance CCCCC(=O)OC{solv}{x=0.500000}|COC=O{solv}{x=0.500000}>,CCCCC(=O)OC,COC=O,fb-fit-v0-single-mean-k20,2,0.9156905642114348,0.0002632164879494,0.90817,0.00012
9209,2279,dhmix_1491739683552461043,1124,EnthalpyOfMixing,<Substance CCCCC(=O)OC{solv}{x=0.348600}|COC=O{solv}{x=0.651400}>,CCCCC(=O)OC,COC=O,fb-fit-v0-single-mean-k20,2,0.366396745023513,0.0379825982531581,0.422,0.0045
9210,2280,dhmix_1747049492522889097,1125,EnthalpyOfMixing,<Substance CCCCC(=O)OC{solv}{x=0.523200}|COC=O{solv}{x=0.476800}>,CCCCC(=O)OC,COC=O,fb-fit-v0-single-mean-k20,2,0.3031891039009249,0.039903282013168,0.409,0.0045
9211,2281,dhmix_1990853348078771210,1126,EnthalpyOfMixing,<Substance CCCCC(=O)OC{solv}{x=0.796800}|COC=O{solv}{x=0.203200}>,CCCCC(=O)OC,COC=O,fb-fit-v0-single-mean-k20,2,0.2781039369514033,0.0488422471153975,0.219,0.0025
9212,2282,dens_2269601061883384185,1127,Density,<Substance CCCCC(=O)OC{solv}{x=0.725800}|COC=O{solv}{x=0.274200}>,CCCCC(=O)OC,COC=O,fb-fit-v0-single-mean-k20,2,0.8990973105218087,0.0002439350444467,0.8955000000000002,0.000135
9213,2283,dens_1266839724964377205,1128,Density,<Substance Cn1ccnc1{solv}{x=0.779500}|O{solv}{x=0.220500}>,Cn1ccnc1,O,fb-fit-v0-single-mean-k20,2,1.011408010817744,0.0002592171948986,1.0360000000000005,0.00015
9214,2284,dens_1634862053132906887,1129,Density,<Substance Cn1ccnc1{solv}{x=0.498200}|O{solv}{x=0.501800}>,Cn1ccnc1,O,fb-fit-v0-single-mean-k20,2,1.0110045390620102,0.000307830710576,1.0416,0.00015
9215,2285,dens_1681126092995837883,1130,Density,<Substance Cn1ccnc1{solv}{x=0.216700}|O{solv}{x=0.783300}>,Cn1ccnc1,O,fb-fit-v0-single-mean-k20,2,1.0002762014782542,0.0003995483589927,1.0301000000000002,0.0001
9216,2286,dhmix_1311251505653939236,1131,EnthalpyOfMixing,<Substance CC(=O)CC(C)=O{solv}{x=0.598500}|O{solv}{x=0.401500}>,CC(=O)CC(C)=O,O,fb-fit-v0-single-mean-k20,2,0.3496909146207372,0.0356635757023666,0.4905,0.00555
9217,2287,dhmix_1367092272310773702,1132,EnthalpyOfMixing,<Substance CC(=O)CC(C)=O{solv}{x=0.749200}|O{solv}{x=0.250800}>,CC(=O)CC(C)=O,O,fb-fit-v0-single-mean-k20,2,0.4786112241027638,0.0374746470886621,0.6211,0.00695
9218,2288,dhmix_2033109088651196860,1133,EnthalpyOfMixing,<Substance CC(=O)CC(C)=O{solv}{x=0.200400}|O{solv}{x=0.799600}>,CC(=O)CC(C)=O,O,fb-fit-v0-single-mean-k20,2,0.0045385202337939,0.0261210039916802,0.1562,0.0021
9219,2289,dens_1319073694995976411,1134,Density,<Substance CC(C)CO{solv}{x=0.762200}|OC1=NCCC1{solv}{x=0.237800}>,CC(C)CO,OC1=NCCC1,fb-fit-v0-single-mean-k20,2,0.8659083040264072,0.0002704696619003,0.8623100000000001,0.000205
9220,2290,dhmix_1817161401911066523,1135,EnthalpyOfMixing,<Substance CC(C)CO{solv}{x=0.754900}|OC1=NCCC1{solv}{x=0.245100}>,CC(C)CO,OC1=NCCC1,fb-fit-v0-single-mean-k20,2,1.180773197468335,0.0336955870330299,0.2989,0.0033
9221,2291,dens_1852757585830259815,1136,Density,<Substance CC(C)CO{solv}{x=0.287400}|OC1=NCCC1{solv}{x=0.712600}>,CC(C)CO,OC1=NCCC1,fb-fit-v0-single-mean-k20,2,0.9831491712208325,0.0002939252956295,1.0078300000000002,0.000155
9222,2292,dhmix_2057245570503088562,1137,EnthalpyOfMixing,<Substance CC(C)CO{solv}{x=0.259800}|OC1=NCCC1{solv}{x=0.740200}>,CC(C)CO,OC1=NCCC1,fb-fit-v0-single-mean-k20,2,1.0026280986709963,0.0364800013315747,0.1798,0.00205
9223,2293,dens_2175875616459255266,1138,Density,<Substance CC(C)CO{solv}{x=0.489400}|OC1=NCCC1{solv}{x=0.510600}>,CC(C)CO,OC1=NCCC1,fb-fit-v0-single-mean-k20,2,0.9314383362262144,0.0002584598181973,0.9431100000000002,0.00017
9224,2294,dhmix_2273039716774959551,1139,EnthalpyOfMixing,<Substance CC(C)CO{solv}{x=0.497800}|OC1=NCCC1{solv}{x=0.502200}>,CC(C)CO,OC1=NCCC1,fb-fit-v0-single-mean-k20,2,1.587160595999542,0.0394154141571684,0.2775,0.0031
9225,2295,dens_1400897934227212514,1140,Density,<Substance CC(C)CC(C)(C)C{solv}{x=0.541100}|COC(C)=O{solv}{x=0.458900}>,CC(C)CC(C)(C)C,COC(C)=O,fb-fit-v0-single-mean-k20,2,0.7698544193193874,0.0002304630537162,0.7495700000000002,0.000505
9226,2296,dhmix_1534218615961922445,1141,EnthalpyOfMixing,<Substance CC(C)CC(C)(C)C{solv}{x=0.256000}|COC(C)=O{solv}{x=0.744000}>,CC(C)CC(C)(C)C,COC(C)=O,fb-fit-v0-single-mean-k20,2,1.5988223392902468,0.038733594426937,1.385,0.015
9227,2297,dhmix_1663557420681143866,1142,EnthalpyOfMixing,<Substance CC(C)CC(C)(C)C{solv}{x=0.540600}|COC(C)=O{solv}{x=0.459400}>,CC(C)CC(C)(C)C,COC(C)=O,fb-fit-v0-single-mean-k20,2,1.9762302829633145,0.0440777417048142,1.759,0.019
9228,2298,dens_1833608859418637606,1143,Density,<Substance CC(C)CC(C)(C)C{solv}{x=0.736400}|COC(C)=O{solv}{x=0.263600}>,CC(C)CC(C)(C)C,COC(C)=O,fb-fit-v0-single-mean-k20,2,0.7401977384663505,0.0002001882649434,0.7171000000000002,0.00015
9229,2299,dhmix_1913788848230724771,1144,EnthalpyOfMixing,<Substance CC(C)CC(C)(C)C{solv}{x=0.783300}|COC(C)=O{solv}{x=0.216700}>,CC(C)CC(C)(C)C,COC(C)=O,fb-fit-v0-single-mean-k20,2,1.5148145678677594,0.0491594329990317,1.149,0.0125
9230,2300,dens_2018568384717712900,1145,Density,<Substance CC(C)CC(C)(C)C{solv}{x=0.238900}|COC(C)=O{solv}{x=0.761100}>,CC(C)CC(C)(C)C,COC(C)=O,fb-fit-v0-single-mean-k20,2,0.8371480991057292,0.0002523926624227,0.8248000000000002,0.0001
9231,2301,dens_1465225466328543955,1146,Density,<Substance Cc1cccnc1{solv}{x=0.225000}|O{solv}{x=0.775000}>,Cc1cccnc1,O,fb-fit-v0-single-mean-k20,2,0.9626225778511696,0.0003622742111135,0.9921000000000002,0.0003
9232,2302,dens_1644445312716340330,1147,Density,<Substance Cc1cccnc1{solv}{x=0.500000}|O{solv}{x=0.500000}>,Cc1cccnc1,O,fb-fit-v0-single-mean-k20,2,0.9548521423805556,0.0003152828176608,0.9797000000000002,0.0003
9233,2303,dens_2262998332454406432,1148,Density,<Substance Cc1cccnc1{solv}{x=0.700000}|O{solv}{x=0.300000}>,Cc1cccnc1,O,fb-fit-v0-single-mean-k20,2,0.952129304457636,0.0002364688753133,0.9690000000000002,0.0003
9234,2304,dens_1601780542508306264,1149,Density,<Substance CC(=O)N(C)C{solv}{x=0.771800}|CCOC(C)=O{solv}{x=0.228200}>,CC(=O)N(C)C,CCOC(C)=O,fb-fit-v0-single-mean-k20,2,0.9018125607250552,0.0002338644333395,0.9286200000000002,0.000185
9235,2305,dens_2126546638582188774,1150,Density,<Substance CC(=O)N(C)C{solv}{x=0.464600}|CCOC(C)=O{solv}{x=0.535400}>,CC(=O)N(C)C,CCOC(C)=O,fb-fit-v0-single-mean-k20,2,0.9023745037979396,0.0002167458635106,0.9166300000000002,0.00022
9236,2306,dens_2159432384130350508,1151,Density,<Substance CC(=O)N(C)C{solv}{x=0.233100}|CCOC(C)=O{solv}{x=0.766900}>,CC(=O)N(C)C,CCOC(C)=O,fb-fit-v0-single-mean-k20,2,0.9022508053561604,0.0002474560424269,0.9064300000000002,0.000245
9237,2307,dens_1713891284028890335,1152,Density,<Substance CC(=O)O{solv}{x=0.798900}|CCOC(C)=O{solv}{x=0.201100}>,CC(=O)O,CCOC(C)=O,fb-fit-v0-single-mean-k20,2,1.0226742668554751,0.0002525742329027,0.9996600000000002,0.000225
9238,2308,dens_1856345418041920174,1153,Density,<Substance CC(=O)O{solv}{x=0.500700}|CCOC(C)=O{solv}{x=0.499300}>,CC(=O)O,CCOC(C)=O,fb-fit-v0-single-mean-k20,2,0.966821911817497,0.0002708480723278,0.9514000000000002,0.00018
9239,2309,dens_2035334988982485653,1154,Density,<Substance CC(=O)O{solv}{x=0.294400}|CCOC(C)=O{solv}{x=0.705600}>,CC(=O)O,CCOC(C)=O,fb-fit-v0-single-mean-k20,2,0.9365884326428,0.0003024784124968,0.9255000000000002,0.00016
9240,2310,dhmix_592425981731704,0,EnthalpyOfMixing,<Substance C1CCCCC1{solv}{x=0.100300}|Cc1ccccc1{solv}{x=0.899700}>,C1CCCCC1,Cc1ccccc1,fb-fit-v0-single-mean-k20,3,0.2502548147737968,0.045511448266543,0.2015,0.0015
9241,2311,dens_191923210986624643,1,Density,<Substance C1CCCCC1{solv}{x=0.697700}|Cc1ccccc1{solv}{x=0.302300}>,C1CCCCC1,Cc1ccccc1,fb-fit-v0-single-mean-k20,3,0.7783371650724699,0.0002428801729679,0.7818000000000002,0.00041
9242,2312,dens_699555827256664507,2,Density,<Substance C1CCCCC1{solv}{x=0.100000}|Cc1ccccc1{solv}{x=0.900000}>,C1CCCCC1,Cc1ccccc1,fb-fit-v0-single-mean-k20,3,0.8421178558559227,0.0002350142464623,0.8378000000000001,0.00025
9243,2313,dhmix_997331474504366167,3,EnthalpyOfMixing,<Substance C1CCCCC1{solv}{x=0.697900}|Cc1ccccc1{solv}{x=0.302100}>,C1CCCCC1,Cc1ccccc1,fb-fit-v0-single-mean-k20,3,0.6442665883186152,0.0423322922843836,0.5221,0.0034
9244,2314,dhmix_1586684551148150215,4,EnthalpyOfMixing,<Substance C1CCCCC1{solv}{x=0.397600}|Cc1ccccc1{solv}{x=0.602400}>,C1CCCCC1,Cc1ccccc1,fb-fit-v0-single-mean-k20,3,0.6741665090707869,0.0333858919244301,0.5887,0.0038
9245,2315,dens_1809100412119556796,5,Density,<Substance C1CCCCC1{solv}{x=0.397500}|Cc1ccccc1{solv}{x=0.602500}>,C1CCCCC1,Cc1ccccc1,fb-fit-v0-single-mean-k20,3,0.8232451915407112,0.0001896041633139,0.8228000000000002,0.0002
9246,2316,dhmix_1261378482688431,6,EnthalpyOfMixing,<Substance CCC(C)=O{solv}{x=0.510600}|Nc1ccccc1{solv}{x=0.489400}>,CCC(C)=O,Nc1ccccc1,fb-fit-v0-single-mean-k20,3,-0.5517002943243838,0.0439805199219447,-1.173,0.0125
9247,2317,dhmix_157258283975731553,7,EnthalpyOfMixing,<Substance CCC(C)=O{solv}{x=0.901800}|Nc1ccccc1{solv}{x=0.098200}>,CCC(C)=O,Nc1ccccc1,fb-fit-v0-single-mean-k20,3,-0.3271372408401252,0.0400075581007875,-0.469,0.005
9248,2318,dens_610648476268376520,8,Density,<Substance CCC(C)=O{solv}{x=0.502600}|Nc1ccccc1{solv}{x=0.497400}>,CCC(C)=O,Nc1ccccc1,fb-fit-v0-single-mean-k20,3,0.9263977974711184,0.0002246879027614,0.9213850000000002,5.650000000000002e-05
9249,2319,dens_1388487494953421117,9,Density,<Substance CCC(C)=O{solv}{x=0.901900}|Nc1ccccc1{solv}{x=0.098100}>,CCC(C)=O,Nc1ccccc1,fb-fit-v0-single-mean-k20,3,0.8166378303171988,0.0002220028055811,0.8265540000000001,7.200000000000002e-05
9250,2320,dhmix_1389656513678923263,10,EnthalpyOfMixing,<Substance CCC(C)=O{solv}{x=0.209900}|Nc1ccccc1{solv}{x=0.790100}>,CCC(C)=O,Nc1ccccc1,fb-fit-v0-single-mean-k20,3,-0.0973598672386089,0.0410683746770363,-0.648,0.007
9251,2321,dens_2115628806769415578,11,Density,<Substance CCC(C)=O{solv}{x=0.256300}|Nc1ccccc1{solv}{x=0.743700}>,CCC(C)=O,Nc1ccccc1,fb-fit-v0-single-mean-k20,3,0.9906922909121272,0.0002872229317252,0.9712300000000004,4.900000000000001e-05
9252,2322,dens_1379242187515209,12,Density,<Substance CC#N{solv}{x=0.795200}|CCCCOCCCC{solv}{x=0.204800}>,CC#N,CCCCOCCCC,fb-fit-v0-single-mean-k20,3,0.7648452435410428,0.0002650837565326,0.7708800000000002,0.000245
9253,2323,dhmix_575991096898484441,13,EnthalpyOfMixing,<Substance CC#N{solv}{x=0.488600}|CCCCOCCCC{solv}{x=0.511400}>,CC#N,CCCCOCCCC,fb-fit-v0-single-mean-k20,3,0.5815048386208019,0.0349788552655527,1.26543,0.00796
9254,2324,dhmix_1182924089945476872,14,EnthalpyOfMixing,<Substance CC#N{solv}{x=0.241600}|CCCCOCCCC{solv}{x=0.758400}>,CC#N,CCCCOCCCC,fb-fit-v0-single-mean-k20,3,0.4294240911044227,0.0551905773154614,0.94593,0.00601
9255,2325,dhmix_1244492966201685063,15,EnthalpyOfMixing,<Substance CC#N{solv}{x=0.795200}|CCCCOCCCC{solv}{x=0.204800}>,CC#N,CCCCOCCCC,fb-fit-v0-single-mean-k20,3,0.4098606243311016,0.0303021747062948,0.94289,0.005995
9256,2326,dens_2044032309137951705,16,Density,<Substance CC#N{solv}{x=0.245500}|CCCCOCCCC{solv}{x=0.754500}>,CC#N,CCCCOCCCC,fb-fit-v0-single-mean-k20,3,0.7638594662645537,0.0002127304486405,0.7653000000000001,0.00028
9257,2327,dens_2211436825174998797,17,Density,<Substance CC#N{solv}{x=0.509800}|CCCCOCCCC{solv}{x=0.490200}>,CC#N,CCCCOCCCC,fb-fit-v0-single-mean-k20,3,0.7653008973992169,0.0001986129512036,0.7671500000000001,0.00026
9258,2328,dens_1820034175228694,18,Density,<Substance C1CCCCC1{solv}{x=0.540900}|CN1CCCC1=O{solv}{x=0.459100}>,C1CCCCC1,CN1CCCC1=O,fb-fit-v0-single-mean-k20,3,0.8633392847898809,0.000208995636851,0.8757100000000002,0.000335
9259,2329,dhmix_1335365307191460458,19,EnthalpyOfMixing,<Substance C1CCCCC1{solv}{x=0.751800}|CN1CCCC1=O{solv}{x=0.248200}>,C1CCCCC1,CN1CCCC1=O,fb-fit-v0-single-mean-k20,3,1.533472887635682,0.0462496541463207,1.1998,0.01285
9260,2330,dens_1375048033230012198,20,Density,<Substance C1CCCCC1{solv}{x=0.733200}|CN1CCCC1=O{solv}{x=0.266800}>,C1CCCCC1,CN1CCCC1=O,fb-fit-v0-single-mean-k20,3,0.8190916013658407,0.0001987988586853,0.8287300000000002,0.0004
9261,2331,dhmix_1563298635135474599,21,EnthalpyOfMixing,<Substance C1CCCCC1{solv}{x=0.278900}|CN1CCCC1=O{solv}{x=0.721100}>,C1CCCCC1,CN1CCCC1=O,fb-fit-v0-single-mean-k20,3,1.5776212047076896,0.0360969446085421,1.2061,0.0129
9262,2332,dens_1606235786379262481,22,Density,<Substance C1CCCCC1{solv}{x=0.227500}|CN1CCCC1=O{solv}{x=0.772500}>,C1CCCCC1,CN1CCCC1=O,fb-fit-v0-single-mean-k20,3,0.9414404335177772,0.0002042737234146,0.9583800000000002,0.000245
9263,2333,dhmix_1683219349338278021,23,EnthalpyOfMixing,<Substance C1CCCCC1{solv}{x=0.473400}|CN1CCCC1=O{solv}{x=0.526600}>,C1CCCCC1,CN1CCCC1=O,fb-fit-v0-single-mean-k20,3,1.9548083487865355,0.044079105701337,1.4691,0.0157
9264,2334,dens_4438302718372985,24,Density,<Substance BrCCCCBr{solv}{x=0.717000}|COC=O{solv}{x=0.283000}>,BrCCCCBr,COC=O,fb-fit-v0-single-mean-k20,3,1.6603268138703364,0.0003860393026917,1.6702600000000003,0.00259
9265,2335,dhmix_369816950910078034,25,EnthalpyOfMixing,<Substance BrCCCCBr{solv}{x=0.778200}|COC=O{solv}{x=0.221800}>,BrCCCCBr,COC=O,fb-fit-v0-single-mean-k20,3,0.7270842063732701,0.0331601007694254,0.6355,0.0057
9266,2336,dens_460757700461114532,26,Density,<Substance BrCCCCBr{solv}{x=0.495800}|COC=O{solv}{x=0.504200}>,BrCCCCBr,COC=O,fb-fit-v0-single-mean-k20,3,1.51538746839587,0.0004375178348253,1.5176800000000004,0.001885
9267,2337,dhmix_1496821399278454353,27,EnthalpyOfMixing,<Substance BrCCCCBr{solv}{x=0.265400}|COC=O{solv}{x=0.734600}>,BrCCCCBr,COC=O,fb-fit-v0-single-mean-k20,3,0.8655432292376606,0.0349516743252996,0.8185,0.00715
9268,2338,dens_1750413656870357630,28,Density,<Substance BrCCCCBr{solv}{x=0.225800}|COC=O{solv}{x=0.774200}>,BrCCCCBr,COC=O,fb-fit-v0-single-mean-k20,3,1.2780059003697404,0.0003873202731547,1.2671300000000003,0.00104
9269,2339,dhmix_1802862930607761431,29,EnthalpyOfMixing,<Substance BrCCCCBr{solv}{x=0.482000}|COC=O{solv}{x=0.518000}>,BrCCCCBr,COC=O,fb-fit-v0-single-mean-k20,3,1.1441732264471156,0.0346544718291759,1.0243,0.0087
9270,2340,dhmix_8447570649359775,30,EnthalpyOfMixing,<Substance OCCO{solv}{x=0.481700}|OCc1ccccc1{solv}{x=0.518300}>,OCCO,OCc1ccccc1,fb-fit-v0-single-mean-k20,3,0.2742696527010224,0.0435673238956798,0.201,0.00465
9271,2341,dens_824372741354282107,31,Density,<Substance OCCO{solv}{x=0.505700}|OCc1ccccc1{solv}{x=0.494300}>,OCCO,OCc1ccccc1,fb-fit-v0-single-mean-k20,3,1.0627919193096884,0.0003590927951759,1.0579000000000005,0.00027
9272,2342,dens_1105173553343721111,32,Density,<Substance OCCO{solv}{x=0.737100}|OCc1ccccc1{solv}{x=0.262900}>,OCCO,OCc1ccccc1,fb-fit-v0-single-mean-k20,3,1.0817081619319062,0.0002706364460258,1.0753200000000005,0.000275
9273,2343,dhmix_1362282802315816638,33,EnthalpyOfMixing,<Substance OCCO{solv}{x=0.736100}|OCc1ccccc1{solv}{x=0.263900}>,OCCO,OCc1ccccc1,fb-fit-v0-single-mean-k20,3,0.3343933010204551,0.0412734247576774,0.1383,0.0037
9274,2344,dhmix_1666683879028583081,34,EnthalpyOfMixing,<Substance OCCO{solv}{x=0.236500}|OCc1ccccc1{solv}{x=0.763500}>,OCCO,OCc1ccccc1,fb-fit-v0-single-mean-k20,3,0.2932822113286306,0.0601683249894672,0.209,0.0048
9275,2345,dens_1698159396404241323,35,Density,<Substance OCCO{solv}{x=0.262200}|OCc1ccccc1{solv}{x=0.737800}>,OCCO,OCc1ccccc1,fb-fit-v0-single-mean-k20,3,1.0484248960154268,0.0001650723547139,1.0442900000000002,0.000265
9276,2346,dens_8507121971977381,36,Density,<Substance CCOC(C)(C)C{solv}{x=0.505000}|Cc1ccccc1{solv}{x=0.495000}>,CCOC(C)(C)C,Cc1ccccc1,fb-fit-v0-single-mean-k20,3,0.8051020530276326,0.0002497628034216,0.7937390000000002,0.000467
9277,2347,dens_499290591626962121,37,Density,<Substance CCOC(C)(C)C{solv}{x=0.217000}|Cc1ccccc1{solv}{x=0.783000}>,CCOC(C)(C)C,Cc1ccccc1,fb-fit-v0-single-mean-k20,3,0.839880071121357,0.000192348376526,0.8314450000000002,0.000411
9278,2348,dhmix_820491025608256793,38,EnthalpyOfMixing,<Substance CCOC(C)(C)C{solv}{x=0.501900}|Cc1ccccc1{solv}{x=0.498100}>,CCOC(C)(C)C,Cc1ccccc1,fb-fit-v0-single-mean-k20,3,-0.1852480985890139,0.0438617255745168,-0.046,0.00055
9279,2349,dhmix_1374163681483564129,39,EnthalpyOfMixing,<Substance CCOC(C)(C)C{solv}{x=0.248900}|Cc1ccccc1{solv}{x=0.751100}>,CCOC(C)(C)C,Cc1ccccc1,fb-fit-v0-single-mean-k20,3,-0.1956844604412282,0.0355079142171072,-0.0324,0.0005
9280,2350,dens_1904998692863983733,40,Density,<Substance CCOC(C)(C)C{solv}{x=0.701000}|Cc1ccccc1{solv}{x=0.299000}>,CCOC(C)(C)C,Cc1ccccc1,fb-fit-v0-single-mean-k20,3,0.7817947106624579,0.0002271801690523,0.7696300000000001,0.000503
9281,2351,dhmix_1982853461678580310,41,EnthalpyOfMixing,<Substance CCOC(C)(C)C{solv}{x=0.749500}|Cc1ccccc1{solv}{x=0.250500}>,CCOC(C)(C)C,Cc1ccccc1,fb-fit-v0-single-mean-k20,3,-0.1059191084042439,0.0461327536299235,-0.0348,0.0005
9282,2352,dhmix_13624411991961099,42,EnthalpyOfMixing,<Substance C1CCOCC1{solv}{x=0.237900}|Cc1ccccc1N{solv}{x=0.762100}>,C1CCOCC1,Cc1ccccc1N,fb-fit-v0-single-mean-k20,3,-0.352005444578606,0.0505113283645298,-0.3658,0.004
9283,2353,dhmix_510299013171775812,43,EnthalpyOfMixing,<Substance C1CCOCC1{solv}{x=0.741000}|Cc1ccccc1N{solv}{x=0.259000}>,C1CCOCC1,Cc1ccccc1N,fb-fit-v0-single-mean-k20,3,-0.3774967680938701,0.0475170591088539,-0.4892,0.0053
9284,2354,dhmix_1337006691942958969,44,EnthalpyOfMixing,<Substance C1CCOCC1{solv}{x=0.490100}|Cc1ccccc1N{solv}{x=0.509900}>,C1CCOCC1,Cc1ccccc1N,fb-fit-v0-single-mean-k20,3,-0.3493066158397226,0.042739634768822,-0.5715,0.0062
9285,2355,dens_1448062547628404156,45,Density,<Substance C1CCOCC1{solv}{x=0.727900}|Cc1ccccc1N{solv}{x=0.272100}>,C1CCOCC1,Cc1ccccc1N,fb-fit-v0-single-mean-k20,3,0.9179697170125212,0.0002167992903141,0.91866,0.000285
9286,2356,dens_2171966897328079405,46,Density,<Substance C1CCOCC1{solv}{x=0.498600}|Cc1ccccc1N{solv}{x=0.501400}>,C1CCOCC1,Cc1ccccc1N,fb-fit-v0-single-mean-k20,3,0.9507038244170496,0.0002407481369688,0.9459860000000002,0.0002275
9287,2357,dens_2201621104799327758,47,Density,<Substance C1CCOCC1{solv}{x=0.229700}|Cc1ccccc1N{solv}{x=0.770300}>,C1CCOCC1,Cc1ccccc1N,fb-fit-v0-single-mean-k20,3,0.9864346728517448,0.0002948410652625,0.9734540000000002,0.000164
9288,2358,dens_15008167137789802,48,Density,<Substance CCCCCl{solv}{x=0.299200}|CN(C)C=O{solv}{x=0.700800}>,CCCCCl,CN(C)C=O,fb-fit-v0-single-mean-k20,3,0.9038387501603844,0.0002670685843087,0.9218000000000002,0.0002
9289,2359,dens_550868133232739009,49,Density,<Substance CCCCCl{solv}{x=0.701200}|CN(C)C=O{solv}{x=0.298800}>,CCCCCl,CN(C)C=O,fb-fit-v0-single-mean-k20,3,0.8820937943187628,0.0002806115748968,0.8963000000000002,0.0002
9290,2360,dhmix_1315230298567753558,50,EnthalpyOfMixing,<Substance CCCCCl{solv}{x=0.793000}|CN(C)C=O{solv}{x=0.207000}>,CCCCCl,CN(C)C=O,fb-fit-v0-single-mean-k20,3,0.7013036014914746,0.0366786683241164,0.404,0.003
9291,2361,dhmix_1929975181819720491,51,EnthalpyOfMixing,<Substance CCCCCl{solv}{x=0.493000}|CN(C)C=O{solv}{x=0.507000}>,CCCCCl,CN(C)C=O,fb-fit-v0-single-mean-k20,3,1.039933859389059,0.0402946685546219,0.571,0.003
9292,2362,dhmix_1976787548784045784,52,EnthalpyOfMixing,<Substance CCCCCl{solv}{x=0.295000}|CN(C)C=O{solv}{x=0.705000}>,CCCCCl,CN(C)C=O,fb-fit-v0-single-mean-k20,3,0.8803048109962006,0.0363545933791819,0.467,0.003
9293,2363,dens_2008819185276371643,53,Density,<Substance CCCCCl{solv}{x=0.499000}|CN(C)C=O{solv}{x=0.501000}>,CCCCCl,CN(C)C=O,fb-fit-v0-single-mean-k20,3,0.8933267027384703,0.00027251776662,0.9086000000000002,0.0002
9294,2364,dens_16755306936326197,54,Density,<Substance Cc1ccccc1N{solv}{x=0.255700}|Cc1ccccn1{solv}{x=0.744300}>,Cc1ccccc1N,Cc1ccccn1,fb-fit-v0-single-mean-k20,3,0.9636222336243732,0.0002202880631454,0.9597930000000002,0.000307
9295,2365,dens_238666738854407136,55,Density,<Substance Cc1ccccc1N{solv}{x=0.514600}|Cc1ccccn1{solv}{x=0.485400}>,Cc1ccccc1N,Cc1ccccn1,fb-fit-v0-single-mean-k20,3,0.98389062400367,0.000167387324279,0.9748990000000002,0.0002315
9296,2366,dhmix_1909144841681931250,56,EnthalpyOfMixing,<Substance Cc1ccccc1N{solv}{x=0.488200}|Cc1ccccn1{solv}{x=0.511800}>,Cc1ccccc1N,Cc1ccccn1,fb-fit-v0-single-mean-k20,3,-1.7227059824395925,0.0469781924429293,-1.4976,0.0305
9297,2367,dens_1945534954282706534,57,Density,<Substance Cc1ccccc1N{solv}{x=0.757100}|Cc1ccccn1{solv}{x=0.242900}>,Cc1ccccc1N,Cc1ccccn1,fb-fit-v0-single-mean-k20,3,0.9995221261849944,0.0002397187468304,0.9854410000000002,0.000169
9298,2368,dhmix_2038606904928978856,58,EnthalpyOfMixing,<Substance Cc1ccccc1N{solv}{x=0.782100}|Cc1ccccn1{solv}{x=0.217900}>,Cc1ccccc1N,Cc1ccccn1,fb-fit-v0-single-mean-k20,3,-0.8781091535283494,0.0498441382738334,-0.8656,0.01775
9299,2369,dhmix_2125558080831870503,59,EnthalpyOfMixing,<Substance Cc1ccccc1N{solv}{x=0.273600}|Cc1ccccn1{solv}{x=0.726400}>,Cc1ccccc1N,Cc1ccccn1,fb-fit-v0-single-mean-k20,3,-1.4377154472615246,0.0425538607824141,-1.2462,0.0254
9300,2370,dens_19028061622240549,60,Density,<Substance CN(C)CCO{solv}{x=0.296200}|CO{solv}{x=0.703800}>,CN(C)CCO,CO,fb-fit-v0-single-mean-k20,3,0.8432022167228015,0.0003109193037591,0.8506500000000001,0.00014
9301,2371,dens_186649390549115907,61,Density,<Substance CN(C)CCO{solv}{x=0.502000}|CO{solv}{x=0.498000}>,CN(C)CCO,CO,fb-fit-v0-single-mean-k20,3,0.871181505639649,0.0002832938774247,0.8684000000000002,0.000155
9302,2372,dhmix_1453612193040378117,62,EnthalpyOfMixing,<Substance CN(C)CCO{solv}{x=0.497200}|CO{solv}{x=0.502800}>,CN(C)CCO,CO,fb-fit-v0-single-mean-k20,3,-1.27659445715517,0.0320672112131137,-0.8673,0.00935
9303,2373,dens_1978392691277508278,63,Density,<Substance CN(C)CCO{solv}{x=0.707500}|CO{solv}{x=0.292500}>,CN(C)CCO,CO,fb-fit-v0-single-mean-k20,3,0.8883734042957887,0.0001939225215296,0.8766100000000002,0.00017
9304,2374,dhmix_2113387918969192804,64,EnthalpyOfMixing,<Substance CN(C)CCO{solv}{x=0.247900}|CO{solv}{x=0.752100}>,CN(C)CCO,CO,fb-fit-v0-single-mean-k20,3,-1.11251342980637,0.0324275272224414,-0.8057,0.0087
9305,2375,dhmix_2220842061395014218,65,EnthalpyOfMixing,<Substance CN(C)CCO{solv}{x=0.750600}|CO{solv}{x=0.249400}>,CN(C)CCO,CO,fb-fit-v0-single-mean-k20,3,-0.988803880368053,0.0376032215224702,-0.5322,0.00585
9306,2376,dhmix_21994921667950318,66,EnthalpyOfMixing,<Substance C=CCCCC{solv}{x=0.500100}|CCCO{solv}{x=0.499900}>,C=CCCCC,CCCO,fb-fit-v0-single-mean-k20,3,0.7003025985071574,0.0405475136903303,0.595,0.0055
9307,2377,dens_62854823056490751,67,Density,<Substance C=CCCCC{solv}{x=0.150300}|CCCO{solv}{x=0.849700}>,C=CCCCC,CCCO,fb-fit-v0-single-mean-k20,3,0.766127775802969,0.0002906451310296,0.7704980000000002,0.0001845
9308,2378,dens_294296714501123310,68,Density,<Substance C=CCCCC{solv}{x=0.499100}|CCCO{solv}{x=0.500900}>,C=CCCCC,CCCO,fb-fit-v0-single-mean-k20,3,0.7116927935004512,0.0002563052879982,0.7176450000000002,0.0002145
9309,2379,dhmix_829065315899278784,69,EnthalpyOfMixing,<Substance C=CCCCC{solv}{x=0.750000}|CCCO{solv}{x=0.250000}>,C=CCCCC,CCCO,fb-fit-v0-single-mean-k20,3,0.7241626380249642,0.0460103689673649,0.682,0.006
9310,2380,dens_2024397702416079279,70,Density,<Substance C=CCCCC{solv}{x=0.745600}|CCCO{solv}{x=0.254400}>,C=CCCCC,CCCO,fb-fit-v0-single-mean-k20,3,0.6834962974428959,0.0002480038281763,0.6899770000000002,0.0002305
9311,2381,dhmix_2167083041249157622,71,EnthalpyOfMixing,<Substance C=CCCCC{solv}{x=0.150100}|CCCO{solv}{x=0.849900}>,C=CCCCC,CCCO,fb-fit-v0-single-mean-k20,3,0.258931122171731,0.0376749082765578,0.192,0.005
9312,2382,dhmix_22428169890990447,72,EnthalpyOfMixing,<Substance CC1(C)C(=O)[C@]2(C)CC[C@H]1C2{solv}{x=0.286000}|CCO{solv}{x=0.714000}>,CC1(C)C(=O)[C@]2(C)CC[C@H]1C2,CCO,fb-fit-v0-single-mean-k20,3,0.9154130759125962,0.0412262342371176,0.876,0.0265
9313,2383,dhmix_57626661746168078,73,EnthalpyOfMixing,<Substance CC1(C)C(=O)[C@]2(C)CC[C@H]1C2{solv}{x=0.701000}|CCO{solv}{x=0.299000}>,CC1(C)C(=O)[C@]2(C)CC[C@H]1C2,CCO,fb-fit-v0-single-mean-k20,3,1.1603325250618184,0.0464917603529571,1.0,0.0305
9314,2384,dhmix_287041928444283276,74,EnthalpyOfMixing,<Substance CC1(C)C(=O)[C@]2(C)CC[C@H]1C2{solv}{x=0.488000}|CCO{solv}{x=0.512000}>,CC1(C)C(=O)[C@]2(C)CC[C@H]1C2,CCO,fb-fit-v0-single-mean-k20,3,1.1523778907382225,0.0430987570476041,1.109,0.0335
9315,2385,dens_618487453946854895,75,Density,<Substance CC1(C)C(=O)[C@]2(C)CC[C@H]1C2{solv}{x=0.501200}|CCO{solv}{x=0.498800}>,CC1(C)C(=O)[C@]2(C)CC[C@H]1C2,CCO,fb-fit-v0-single-mean-k20,3,0.9174751587331692,0.0001677718363755,0.9005900000000002,5.5000000000000016e-05
9316,2386,dens_1408969463542558504,76,Density,<Substance CC1(C)C(=O)[C@]2(C)CC[C@H]1C2{solv}{x=0.789700}|CCO{solv}{x=0.210300}>,CC1(C)C(=O)[C@]2(C)CC[C@H]1C2,CCO,fb-fit-v0-single-mean-k20,3,0.9494327757990928,0.0002582783766723,0.9274800000000002,6.0000000000000015e-05
9317,2387,dens_2053919413592536040,77,Density,<Substance CC1(C)C(=O)[C@]2(C)CC[C@H]1C2{solv}{x=0.200200}|CCO{solv}{x=0.799800}>,CC1(C)C(=O)[C@]2(C)CC[C@H]1C2,CCO,fb-fit-v0-single-mean-k20,3,0.8589910300137837,0.0002225828129642,0.8499000000000002,6.500000000000002e-05
9318,2388,dhmix_24700325920498635,78,EnthalpyOfMixing,<Substance CCC(C)(C)O{solv}{x=0.799400}|CCOC(C)(C)CC{solv}{x=0.200600}>,CCC(C)(C)O,CCOC(C)(C)CC,fb-fit-v0-single-mean-k20,3,0.1986167711595463,0.0641199832597262,0.448,0.0073
9319,2389,dhmix_252628078473967793,79,EnthalpyOfMixing,<Substance CCC(C)(C)O{solv}{x=0.299700}|CCOC(C)(C)CC{solv}{x=0.700300}>,CCC(C)(C)O,CCOC(C)(C)CC,fb-fit-v0-single-mean-k20,3,0.9704696183529647,0.045069615835362,0.9727,0.0132
9320,2390,dens_281609537293621351,80,Density,<Substance CCC(C)(C)O{solv}{x=0.799400}|CCOC(C)(C)CC{solv}{x=0.200600}>,CCC(C)(C)O,CCOC(C)(C)CC,fb-fit-v0-single-mean-k20,3,0.8051490044875738,0.000296334246267,0.7932000000000002,0.00025
9321,2391,dhmix_980734994193955874,81,EnthalpyOfMixing,<Substance CCC(C)(C)O{solv}{x=0.498700}|CCOC(C)(C)CC{solv}{x=0.501300}>,CCC(C)(C)O,CCOC(C)(C)CC,fb-fit-v0-single-mean-k20,3,0.7874855018778177,0.0454944979742703,0.8937,0.01225
9322,2392,dens_1165049856972872340,82,Density,<Substance CCC(C)(C)O{solv}{x=0.498700}|CCOC(C)(C)CC{solv}{x=0.501300}>,CCC(C)(C)O,CCOC(C)(C)CC,fb-fit-v0-single-mean-k20,3,0.7859326281350535,0.000211841570044,0.7789000000000001,0.0002
9323,2393,dens_2297026976830009992,83,Density,<Substance CCC(C)(C)O{solv}{x=0.299700}|CCOC(C)(C)CC{solv}{x=0.700300}>,CCC(C)(C)O,CCOC(C)(C)CC,fb-fit-v0-single-mean-k20,3,0.7763112756006822,0.0002133110254531,0.7709000000000001,0.0002
9324,2394,dens_25810987980199799,84,Density,<Substance CCCCCC{solv}{x=0.158800}|Cc1ccccc1{solv}{x=0.841200}>,CCCCCC,Cc1ccccc1,fb-fit-v0-single-mean-k20,3,0.8278884963849628,0.0002345101376305,0.8226300000000002,0.000335
9325,2395,dens_574637447996217594,85,Density,<Substance CCCCCC{solv}{x=0.501100}|Cc1ccccc1{solv}{x=0.498900}>,CCCCCC,Cc1ccccc1,fb-fit-v0-single-mean-k20,3,0.7500823675605722,0.0002154338206262,0.7484400000000002,0.00015
9326,2396,dhmix_1373657903424456878,86,EnthalpyOfMixing,<Substance CCCCCC{solv}{x=0.158600}|Cc1ccccc1{solv}{x=0.841400}>,CCCCCC,Cc1ccccc1,fb-fit-v0-single-mean-k20,3,0.4207341321538678,0.0359436075708716,0.3163,0.0043
9327,2397,dhmix_1383995974797334848,87,EnthalpyOfMixing,<Substance CCCCCC{solv}{x=0.472300}|Cc1ccccc1{solv}{x=0.527700}>,CCCCCC,Cc1ccccc1,fb-fit-v0-single-mean-k20,3,0.6853778575106304,0.0386647136058528,0.5467,0.00715
9328,2398,dhmix_1412344026798360911,88,EnthalpyOfMixing,<Substance CCCCCC{solv}{x=0.748400}|Cc1ccccc1{solv}{x=0.251600}>,CCCCCC,Cc1ccccc1,fb-fit-v0-single-mean-k20,3,0.4864172729431431,0.0431689733931398,0.393,0.00525
9329,2399,dens_2241575426887298365,89,Density,<Substance CCCCCC{solv}{x=0.733800}|Cc1ccccc1{solv}{x=0.266200}>,CCCCCC,Cc1ccccc1,fb-fit-v0-single-mean-k20,3,0.7016343041900645,0.000256061422625,0.7020900000000002,0.000305
9330,2400,dens_27241401908451167,90,Density,<Substance CN(C)C=O{solv}{x=0.503500}|Cc1ccccc1Cl{solv}{x=0.496500}>,CN(C)C=O,Cc1ccccc1Cl,fb-fit-v0-single-mean-k20,3,1.0194993513324375,0.000217328233108,1.0247000000000004,0.0005
9331,2401,dhmix_674882857451857086,91,EnthalpyOfMixing,<Substance CN(C)C=O{solv}{x=0.511800}|Cc1ccccc1Cl{solv}{x=0.488200}>,CN(C)C=O,Cc1ccccc1Cl,fb-fit-v0-single-mean-k20,3,0.1653236411110654,0.0401535674332561,0.545,0.006
9332,2402,dens_818042132181297482,92,Density,<Substance CN(C)C=O{solv}{x=0.751200}|Cc1ccccc1Cl{solv}{x=0.248800}>,CN(C)C=O,Cc1ccccc1Cl,fb-fit-v0-single-mean-k20,3,0.974798189124488,0.0002314358301787,0.9898800000000002,0.0005
9333,2403,dens_861365281257265917,93,Density,<Substance CN(C)C=O{solv}{x=0.273700}|Cc1ccccc1Cl{solv}{x=0.726300}>,CN(C)C=O,Cc1ccccc1Cl,fb-fit-v0-single-mean-k20,3,1.043218089728361,0.0002675879596094,1.0415000000000003,0.0005
9334,2404,dhmix_1670364528496870559,94,EnthalpyOfMixing,<Substance CN(C)C=O{solv}{x=0.767900}|Cc1ccccc1Cl{solv}{x=0.232100}>,CN(C)C=O,Cc1ccccc1Cl,fb-fit-v0-single-mean-k20,3,0.1531797954542213,0.0379417217983599,0.436,0.005
9335,2405,dhmix_1992689527814967541,95,EnthalpyOfMixing,<Substance CN(C)C=O{solv}{x=0.274300}|Cc1ccccc1Cl{solv}{x=0.725700}>,CN(C)C=O,Cc1ccccc1Cl,fb-fit-v0-single-mean-k20,3,0.1766164427329499,0.0445955358769663,0.373,0.004
9336,2406,dens_29213618499921464,96,Density,<Substance C1CCOCC1{solv}{x=0.254000}|O=C1CCCCCC1{solv}{x=0.746000}>,C1CCOCC1,O=C1CCCCCC1,fb-fit-v0-single-mean-k20,3,0.923900653563467,0.0002213997148248,0.9355100000000002,0.00051
9337,2407,dens_468319504030932569,97,Density,<Substance C1CCOCC1{solv}{x=0.498600}|O=C1CCCCCC1{solv}{x=0.501400}>,C1CCOCC1,O=C1CCCCCC1,fb-fit-v0-single-mean-k20,3,0.9093912624043418,0.0001875228585468,0.9211200000000004,0.00051
9338,2408,dens_1174890511154571939,98,Density,<Substance C1CCOCC1{solv}{x=0.768600}|O=C1CCCCCC1{solv}{x=0.231400}>,C1CCOCC1,O=C1CCCCCC1,fb-fit-v0-single-mean-k20,3,0.8913767295594428,0.0002433345726397,0.9012200000000002,0.000505
9339,2409,dens_30084818585402677,99,Density,<Substance CC(=O)N(C)C{solv}{x=0.700600}|ClCCCCCCCl{solv}{x=0.299400}>,CC(=O)N(C)C,ClCCCCCCCl,fb-fit-v0-single-mean-k20,3,0.965105685099768,0.0002211802863672,0.9853000000000002,0.00175
9340,2410,dhmix_384619296407103076,100,EnthalpyOfMixing,<Substance CC(=O)N(C)C{solv}{x=0.504000}|ClCCCCCCCl{solv}{x=0.496000}>,CC(=O)N(C)C,ClCCCCCCCl,fb-fit-v0-single-mean-k20,3,0.2779506642005032,0.0422019798317194,0.09,0.002
9341,2411,dens_539464371986972328,101,Density,<Substance CC(=O)N(C)C{solv}{x=0.494300}|ClCCCCCCCl{solv}{x=0.505700}>,CC(=O)N(C)C,ClCCCCCCCl,fb-fit-v0-single-mean-k20,3,1.0012085842513347,0.000217863532428,1.0123000000000002,0.0016
9342,2412,dhmix_1114659247517686326,102,EnthalpyOfMixing,<Substance CC(=O)N(C)C{solv}{x=0.798000}|ClCCCCCCCl{solv}{x=0.202000}>,CC(=O)N(C)C,ClCCCCCCCl,fb-fit-v0-single-mean-k20,3,0.1662040587816786,0.0424585767516412,0.067,0.002
9343,2413,dhmix_1410583096030633514,103,EnthalpyOfMixing,<Substance CC(=O)N(C)C{solv}{x=0.212000}|ClCCCCCCCl{solv}{x=0.788000}>,CC(=O)N(C)C,ClCCCCCCCl,fb-fit-v0-single-mean-k20,3,0.2264860759493103,0.0412223441541249,0.04,0.002
9344,2414,dens_2244909992725638206,104,Density,<Substance CC(=O)N(C)C{solv}{x=0.300200}|ClCCCCCCCl{solv}{x=0.699800}>,CC(=O)N(C)C,ClCCCCCCCl,fb-fit-v0-single-mean-k20,3,1.0293230109897709,0.000227864880225,1.0345000000000002,0.0015
9345,2415,dhmix_35301006695188726,105,EnthalpyOfMixing,<Substance CCOC(=O)C(C)C{solv}{x=0.289000}|CO{solv}{x=0.711000}>,CCOC(=O)C(C)C,CO,fb-fit-v0-single-mean-k20,3,0.6769851234657835,0.0346235806234879,0.488,0.0035
9346,2416,dens_508877804306927207,106,Density,<Substance CCOC(=O)C(C)C{solv}{x=0.499000}|CO{solv}{x=0.501000}>,CCOC(=O)C(C)C,CO,fb-fit-v0-single-mean-k20,3,0.8408066505036235,0.0003163734465784,0.8414100000000002,0.00011
9347,2417,dens_1201422771202741625,107,Density,<Substance CCOC(=O)C(C)C{solv}{x=0.199600}|CO{solv}{x=0.800400}>,CCOC(=O)C(C)C,CO,fb-fit-v0-single-mean-k20,3,0.8053763039697212,0.0003518265612079,0.8173600000000002,0.000115
9348,2418,dhmix_1951183536432642425,108,EnthalpyOfMixing,<Substance CCOC(=O)C(C)C{solv}{x=0.480000}|CO{solv}{x=0.520000}>,CCOC(=O)C(C)C,CO,fb-fit-v0-single-mean-k20,3,0.7911607801453613,0.0376518295686571,0.671,0.0045
9349,2419,dens_1998368384671748308,109,Density,<Substance CCOC(=O)C(C)C{solv}{x=0.703000}|CO{solv}{x=0.297000}>,CCOC(=O)C(C)C,CO,fb-fit-v0-single-mean-k20,3,0.8551509145923704,0.0002228009815415,0.8501200000000002,0.00011
9350,2420,dhmix_2200604492347455092,110,EnthalpyOfMixing,<Substance CCOC(=O)C(C)C{solv}{x=0.771000}|CO{solv}{x=0.229000}>,CCOC(=O)C(C)C,CO,fb-fit-v0-single-mean-k20,3,0.5512582129995423,0.0455776092919686,0.632,0.0045
9351,2421,dhmix_39159150320919359,111,EnthalpyOfMixing,<Substance CCO{solv}{x=0.799700}|Cc1cccc(O)c1{solv}{x=0.200300}>,CCO,Cc1cccc(O)c1,fb-fit-v0-single-mean-k20,3,-0.6695671359360436,0.0351666719997706,-0.79199,0.011965
9352,2422,dens_410843938837220593,112,Density,<Substance CCO{solv}{x=0.263700}|Cc1cccc(O)c1{solv}{x=0.736300}>,CCO,Cc1cccc(O)c1,fb-fit-v0-single-mean-k20,3,0.9979432522955712,0.0002121468147404,0.9852300000000004,0.0006
9353,2423,dhmix_1115402835538407874,113,EnthalpyOfMixing,<Substance CCO{solv}{x=0.212500}|Cc1cccc(O)c1{solv}{x=0.787500}>,CCO,Cc1cccc(O)c1,fb-fit-v0-single-mean-k20,3,-0.7901204696978041,0.0386271320254606,-0.68742,0.01275
9354,2424,dens_1359111234216199895,114,Density,<Substance CCO{solv}{x=0.472400}|Cc1cccc(O)c1{solv}{x=0.527600}>,CCO,Cc1cccc(O)c1,fb-fit-v0-single-mean-k20,3,0.959863355302084,0.0003516811789385,0.9446300000000002,0.0006
9355,2425,dens_1590314985481219627,115,Density,<Substance CCO{solv}{x=0.781700}|Cc1cccc(O)c1{solv}{x=0.218300}>,CCO,Cc1cccc(O)c1,fb-fit-v0-single-mean-k20,3,0.8749576756677686,0.0003017450744382,0.8631500000000002,0.000605
9356,2426,dhmix_1871939727966182523,116,EnthalpyOfMixing,<Substance CCO{solv}{x=0.413900}|Cc1cccc(O)c1{solv}{x=0.586100}>,CCO,Cc1cccc(O)c1,fb-fit-v0-single-mean-k20,3,-1.064809535639622,0.0411315956068836,-1.14624,0.00985
9357,2427,dens_42678158079716854,117,Density,<Substance CN1CCCC1=O{solv}{x=0.937492}|c1ccccc1{solv}{x=0.062508}>,CN1CCCC1=O,c1ccccc1,fb-fit-v0-single-mean-k20,3,0.9991695295663008,0.0002016798412581,1.0204500000000003,3.500000000000001e-05
9358,2428,dens_252520620125458637,118,Density,<Substance CN1CCCC1=O{solv}{x=0.513500}|c1ccccc1{solv}{x=0.486500}>,CN1CCCC1=O,c1ccccc1,fb-fit-v0-single-mean-k20,3,0.9578898965175529,0.0001857997328619,0.9684700000000004,0.00018
9359,2429,dhmix_524477957640851666,119,EnthalpyOfMixing,<Substance CN1CCCC1=O{solv}{x=0.235600}|c1ccccc1{solv}{x=0.764400}>,CN1CCCC1=O,c1ccccc1,fb-fit-v0-single-mean-k20,3,-0.1977828745811294,0.0396716519732884,-0.3684,0.00405
9360,2430,dhmix_1475629358723962160,120,EnthalpyOfMixing,<Substance CN1CCCC1=O{solv}{x=0.546700}|c1ccccc1{solv}{x=0.453300}>,CN1CCCC1=O,c1ccccc1,fb-fit-v0-single-mean-k20,3,-0.1504844395663411,0.0392196199509916,-0.4943,0.00535
9361,2431,dens_2041306780823594960,121,Density,<Substance CN1CCCC1=O{solv}{x=0.252400}|c1ccccc1{solv}{x=0.747600}>,CN1CCCC1=O,c1ccccc1,fb-fit-v0-single-mean-k20,3,0.915792530621548,0.0002297476362732,0.9163300000000004,0.00029
9362,2432,dhmix_2156508970935294660,122,EnthalpyOfMixing,<Substance CN1CCCC1=O{solv}{x=0.741100}|c1ccccc1{solv}{x=0.258900}>,CN1CCCC1=O,c1ccccc1,fb-fit-v0-single-mean-k20,3,-0.071761560395803,0.0464497865522783,-0.3841,0.0042
9363,2433,dhmix_44217680865702366,123,EnthalpyOfMixing,<Substance CC(=O)c1ccccc1{solv}{x=0.200100}|CC(C)O{solv}{x=0.799900}>,CC(=O)c1ccccc1,CC(C)O,fb-fit-v0-single-mean-k20,3,1.1102614083638225,0.0423111255637574,1.1352,0.0124
9364,2434,dens_91454082453656404,124,Density,<Substance CC(=O)c1ccccc1{solv}{x=0.756100}|CC(C)O{solv}{x=0.243900}>,CC(=O)c1ccccc1,CC(C)O,fb-fit-v0-single-mean-k20,3,0.9820703765777984,0.0001832448857645,0.9823500000000004,0.000175
9365,2435,dens_152869924254680766,125,Density,<Substance CC(=O)c1ccccc1{solv}{x=0.251700}|CC(C)O{solv}{x=0.748300}>,CC(=O)c1ccccc1,CC(C)O,fb-fit-v0-single-mean-k20,3,0.8786650983409515,0.0002035557728249,0.8654400000000002,0.000245
9366,2436,dhmix_1214494501247401592,126,EnthalpyOfMixing,<Substance CC(=O)c1ccccc1{solv}{x=0.499600}|CC(C)O{solv}{x=0.500400}>,CC(=O)c1ccccc1,CC(C)O,fb-fit-v0-single-mean-k20,3,1.667672872636501,0.0377384982497342,1.5703,0.0169
9367,2437,dhmix_1482394504883204224,127,EnthalpyOfMixing,<Substance CC(=O)c1ccccc1{solv}{x=0.700600}|CC(C)O{solv}{x=0.299400}>,CC(=O)c1ccccc1,CC(C)O,fb-fit-v0-single-mean-k20,3,1.3527187169649295,0.042943593792954,1.3758,0.01485
9368,2438,dens_1804860114822214449,128,Density,<Substance CC(=O)c1ccccc1{solv}{x=0.534500}|CC(C)O{solv}{x=0.465500}>,CC(=O)c1ccccc1,CC(C)O,fb-fit-v0-single-mean-k20,3,0.942822068066218,0.0002054779191548,0.9375600000000002,0.0002
9369,2439,dhmix_47323681380989568,129,EnthalpyOfMixing,<Substance CCCCCCCCCl{solv}{x=0.498000}|CN(C)C=O{solv}{x=0.502000}>,CCCCCCCCCl,CN(C)C=O,fb-fit-v0-single-mean-k20,3,1.4339047122294772,0.0445794530952776,1.087,0.0045
9370,2440,dhmix_620291288515939248,130,EnthalpyOfMixing,<Substance CCCCCCCCCl{solv}{x=0.790000}|CN(C)C=O{solv}{x=0.210000}>,CCCCCCCCCl,CN(C)C=O,fb-fit-v0-single-mean-k20,3,0.8704664579224328,0.0519563410002023,0.68,0.0045
9371,2441,dens_1830564734879843336,131,Density,<Substance CCCCCCCCCl{solv}{x=0.733100}|CN(C)C=O{solv}{x=0.266900}>,CCCCCCCCCl,CN(C)C=O,fb-fit-v0-single-mean-k20,3,0.8762277836684557,0.0002201689753053,0.8779000000000002,0.00045
9372,2442,dens_1865569264533219410,132,Density,<Substance CCCCCCCCCl{solv}{x=0.500800}|CN(C)C=O{solv}{x=0.499200}>,CCCCCCCCCl,CN(C)C=O,fb-fit-v0-single-mean-k20,3,0.8843106733152593,0.000197751185891,0.8897000000000003,0.0004
9373,2443,dens_1893252821735673677,133,Density,<Substance CCCCCCCCCl{solv}{x=0.199800}|CN(C)C=O{solv}{x=0.800200}>,CCCCCCCCCl,CN(C)C=O,fb-fit-v0-single-mean-k20,3,0.9006313019889303,0.0002149465991877,0.9149000000000002,0.0003
9374,2444,dhmix_2175249209874409534,134,EnthalpyOfMixing,<Substance CCCCCCCCCl{solv}{x=0.205000}|CN(C)C=O{solv}{x=0.795000}>,CCCCCCCCCl,CN(C)C=O,fb-fit-v0-single-mean-k20,3,1.0989626402493045,0.0429680862582196,0.79,0.0045
9375,2445,dens_47347406470845261,135,Density,<Substance BrCCCBr{solv}{x=0.748600}|COC=O{solv}{x=0.251400}>,BrCCCBr,COC=O,fb-fit-v0-single-mean-k20,3,1.7802649001681694,0.0005069271186226,1.7969200000000003,0.00306
9376,2446,dens_398260729245374704,136,Density,<Substance BrCCCBr{solv}{x=0.472200}|COC=O{solv}{x=0.527800}>,BrCCCBr,COC=O,fb-fit-v0-single-mean-k20,3,1.556928042936751,0.0004610633878275,1.5585100000000005,0.001985
9377,2447,dhmix_1440467239786579925,137,EnthalpyOfMixing,<Substance BrCCCBr{solv}{x=0.735400}|COC=O{solv}{x=0.264600}>,BrCCCBr,COC=O,fb-fit-v0-single-mean-k20,3,0.7293540606258766,0.0344497654338046,0.7435,0.00655
9378,2448,dens_1812113401512645360,138,Density,<Substance BrCCCBr{solv}{x=0.204700}|COC=O{solv}{x=0.795300}>,BrCCCBr,COC=O,fb-fit-v0-single-mean-k20,3,1.275844225889586,0.0004067940095163,1.2611800000000004,0.001025
9379,2449,dhmix_2252268161220427112,139,EnthalpyOfMixing,<Substance BrCCCBr{solv}{x=0.485300}|COC=O{solv}{x=0.514700}>,BrCCCBr,COC=O,fb-fit-v0-single-mean-k20,3,0.945753434345086,0.0312326036208113,0.9249,0.00795
9380,2450,dhmix_2289960806584862127,140,EnthalpyOfMixing,<Substance BrCCCBr{solv}{x=0.239500}|COC=O{solv}{x=0.760500}>,BrCCCBr,COC=O,fb-fit-v0-single-mean-k20,3,0.6387164104140455,0.0315967287951758,0.6669,0.00595
9381,2451,dens_52148744845178727,141,Density,<Substance CC(=O)CC(C)C{solv}{x=0.700900}|CCC(C)(C)O{solv}{x=0.299100}>,CC(=O)CC(C)C,CCC(C)(C)O,fb-fit-v0-single-mean-k20,3,0.8072403545661185,0.0001960698401604,0.7968700000000002,0.00018
9382,2452,dhmix_202225007451030020,142,EnthalpyOfMixing,<Substance CC(=O)CC(C)C{solv}{x=0.201700}|CCC(C)(C)O{solv}{x=0.798300}>,CC(=O)CC(C)C,CCC(C)(C)O,fb-fit-v0-single-mean-k20,3,0.2526424915472107,0.0472461871045068,0.8181,0.01135
9383,2453,dens_938275493819605051,143,Density,<Substance CC(=O)CC(C)C{solv}{x=0.500800}|CCC(C)(C)O{solv}{x=0.499200}>,CC(=O)CC(C)C,CCC(C)(C)O,fb-fit-v0-single-mean-k20,3,0.8101439445784837,0.0001874248155138,0.7987300000000002,0.00018
9384,2454,dhmix_998794233701009996,144,EnthalpyOfMixing,<Substance CC(=O)CC(C)C{solv}{x=0.500800}|CCC(C)(C)O{solv}{x=0.499200}>,CC(=O)CC(C)C,CCC(C)(C)O,fb-fit-v0-single-mean-k20,3,0.7166699995096959,0.0507025223807041,1.3674,0.0185
9385,2455,dhmix_1565593158104493647,145,EnthalpyOfMixing,<Substance CC(=O)CC(C)C{solv}{x=0.700900}|CCC(C)(C)O{solv}{x=0.299100}>,CC(=O)CC(C)C,CCC(C)(C)O,fb-fit-v0-single-mean-k20,3,0.6885173552634747,0.0380903770898217,1.2068,0.0164
9386,2456,dens_2097057526665137697,146,Density,<Substance CC(=O)CC(C)C{solv}{x=0.201700}|CCC(C)(C)O{solv}{x=0.798300}>,CC(=O)CC(C)C,CCC(C)(C)O,fb-fit-v0-single-mean-k20,3,0.8182515880382998,0.0001995622517733,0.8030000000000002,0.00019
9387,2457,dens_60145312697659458,147,Density,<Substance OC1=NCCC1{solv}{x=0.231200}|c1ccncc1{solv}{x=0.768800}>,OC1=NCCC1,c1ccncc1,fb-fit-v0-single-mean-k20,3,0.9975377125694284,0.0001567271570105,1.0106200000000003,0.00051
9388,2458,dhmix_281987656487279026,148,EnthalpyOfMixing,<Substance OC1=NCCC1{solv}{x=0.525600}|c1ccncc1{solv}{x=0.474400}>,OC1=NCCC1,c1ccncc1,fb-fit-v0-single-mean-k20,3,0.0831847467804323,0.0323331459025556,0.2031,0.0508
9389,2459,dens_617740093035429712,149,Density,<Substance OC1=NCCC1{solv}{x=0.831200}|c1ccncc1{solv}{x=0.168800}>,OC1=NCCC1,c1ccncc1,fb-fit-v0-single-mean-k20,3,1.0456723434161248,0.0002607413828587,1.0872000000000004,0.00052
9390,2460,dhmix_658699797311871042,150,EnthalpyOfMixing,<Substance OC1=NCCC1{solv}{x=0.261500}|c1ccncc1{solv}{x=0.738500}>,OC1=NCCC1,c1ccncc1,fb-fit-v0-single-mean-k20,3,0.0882016880561948,0.03779452726938,0.165,0.04125
9391,2461,dhmix_774470106511868908,151,EnthalpyOfMixing,<Substance OC1=NCCC1{solv}{x=0.831100}|c1ccncc1{solv}{x=0.168900}>,OC1=NCCC1,c1ccncc1,fb-fit-v0-single-mean-k20,3,0.0101693965339961,0.0394156151211462,0.0972,0.0243
9392,2462,dens_1837977312272564303,152,Density,<Substance OC1=NCCC1{solv}{x=0.475200}|c1ccncc1{solv}{x=0.524800}>,OC1=NCCC1,c1ccncc1,fb-fit-v0-single-mean-k20,3,1.0185328941069898,0.0002271220820472,1.0431300000000003,0.000515
9393,2463,dens_64870336397637683,153,Density,<Substance NCCCO{solv}{x=0.489642}|O{solv}{x=0.510358}>,NCCCO,O,fb-fit-v0-single-mean-k20,3,1.0223468539607392,0.0003899588151763,1.0059000000000002,0.00155
9394,2464,dens_70371380055449550,154,Density,<Substance NCCCO{solv}{x=0.708044}|O{solv}{x=0.291956}>,NCCCO,O,fb-fit-v0-single-mean-k20,3,1.0260452475958852,0.0003840548711255,0.9975000000000004,0.0018
9395,2465,dhmix_150384853762728924,155,EnthalpyOfMixing,<Substance NCCCO{solv}{x=0.751500}|O{solv}{x=0.248500}>,NCCCO,O,fb-fit-v0-single-mean-k20,3,-0.9560272691899064,0.0395112379145966,-1.531,0.031
9396,2466,dens_847209819230970781,156,Density,<Substance NCCCO{solv}{x=0.272809}|O{solv}{x=0.727191}>,NCCCO,O,fb-fit-v0-single-mean-k20,3,1.0145975833518193,0.0003422020352144,1.0118000000000005,0.0014
9397,2467,dhmix_1448036989335532298,157,EnthalpyOfMixing,<Substance NCCCO{solv}{x=0.298200}|O{solv}{x=0.701800}>,NCCCO,O,fb-fit-v0-single-mean-k20,3,-0.8668360482127824,0.0266277836538459,-2.501,0.051
9398,2468,dhmix_1551692974855642379,158,EnthalpyOfMixing,<Substance NCCCO{solv}{x=0.498900}|O{solv}{x=0.501100}>,NCCCO,O,fb-fit-v0-single-mean-k20,3,-1.0157993003258348,0.0356918843121261,-2.462,0.05
9399,2469,dhmix_65921650414250861,159,EnthalpyOfMixing,<Substance CCOC(=O)CC(C)=O{solv}{x=0.499500}|CCO{solv}{x=0.500500}>,CCO,CCOC(=O)CC(C)=O,fb-fit-v0-single-mean-k20,3,1.9371848447387947,0.0409586128356973,1.7079,0.0183
9400,2470,dhmix_546962203716710778,160,EnthalpyOfMixing,<Substance CCOC(=O)CC(C)=O{solv}{x=0.299400}|CCO{solv}{x=0.700600}>,CCO,CCOC(=O)CC(C)=O,fb-fit-v0-single-mean-k20,3,1.7090099504192438,0.0383209724659162,1.4925,0.01605
9401,2471,dens_989479368116300355,161,Density,<Substance CCOC(=O)CC(C)=O{solv}{x=0.500000}|CCO{solv}{x=0.500000}>,CCO,CCOC(=O)CC(C)=O,fb-fit-v0-single-mean-k20,3,0.9538838998487054,0.0002225167181538,0.9484700000000004,0.000155
9402,2472,dens_1726065156375824332,162,Density,<Substance CCOC(=O)CC(C)=O{solv}{x=0.250000}|CCO{solv}{x=0.750000}>,CCO,CCOC(=O)CC(C)=O,fb-fit-v0-single-mean-k20,3,0.888980873928986,0.0002523617577091,0.8856300000000003,0.00017
9403,2473,dens_1736679431098209973,163,Density,<Substance CCOC(=O)CC(C)=O{solv}{x=0.750000}|CCO{solv}{x=0.250000}>,CCO,CCOC(=O)CC(C)=O,fb-fit-v0-single-mean-k20,3,0.9970832636869552,0.0001895949977186,0.9917100000000004,0.00017
9404,2474,dhmix_2221487218644783272,164,EnthalpyOfMixing,<Substance CCOC(=O)CC(C)=O{solv}{x=0.700800}|CCO{solv}{x=0.299200}>,CCO,CCOC(=O)CC(C)=O,fb-fit-v0-single-mean-k20,3,1.521518870792221,0.0447953378769371,1.478,0.0159
9405,2475,dhmix_68947190908856741,165,EnthalpyOfMixing,<Substance C1COCCO1{solv}{x=0.250000}|O=C1CCCC1{solv}{x=0.750000}>,C1COCCO1,O=C1CCCC1,fb-fit-v0-single-mean-k20,3,-0.0065768123517813,0.0416345141167021,0.04589,0.00057
9406,2476,dens_225413782402822877,166,Density,<Substance C1COCCO1{solv}{x=0.777800}|O=C1CCCC1{solv}{x=0.222200}>,C1COCCO1,O=C1CCCC1,fb-fit-v0-single-mean-k20,3,1.003606471117677,0.0001935299669691,1.0081000000000002,0.000255
9407,2477,dhmix_415496698649060745,167,EnthalpyOfMixing,<Substance C1COCCO1{solv}{x=0.500000}|O=C1CCCC1{solv}{x=0.500000}>,C1COCCO1,O=C1CCCC1,fb-fit-v0-single-mean-k20,3,0.0023253154484308,0.0400781548596015,0.07457,0.00068
9408,2478,dens_803440153424346423,168,Density,<Substance C1COCCO1{solv}{x=0.506300}|O=C1CCCC1{solv}{x=0.493700}>,C1COCCO1,O=C1CCCC1,fb-fit-v0-single-mean-k20,3,0.9773016406758924,0.0002359256447475,0.9849200000000002,0.00025
9409,2479,dens_1553194080174872005,169,Density,<Substance C1COCCO1{solv}{x=0.243600}|O=C1CCCC1{solv}{x=0.756400}>,C1COCCO1,O=C1CCCC1,fb-fit-v0-single-mean-k20,3,0.9529291600204552,0.0002449169125224,0.9633500000000004,0.000245
9410,2480,dhmix_1852349497898107924,170,EnthalpyOfMixing,<Substance C1COCCO1{solv}{x=0.750000}|O=C1CCCC1{solv}{x=0.250000}>,C1COCCO1,O=C1CCCC1,fb-fit-v0-single-mean-k20,3,0.0897390330868006,0.0398327662512966,0.07097,0.000665
9411,2481,dhmix_71170350241685196,171,EnthalpyOfMixing,<Substance COC(C)(C)C{solv}{x=0.749000}|ClC(Cl)Cl{solv}{x=0.251000}>,COC(C)(C)C,ClC(Cl)Cl,fb-fit-v0-single-mean-k20,3,-0.9772253590606574,0.0398325721106609,-1.9,0.077
9412,2482,dens_554111049740737271,172,Density,<Substance COC(C)(C)C{solv}{x=0.454000}|ClC(Cl)Cl{solv}{x=0.546000}>,COC(C)(C)C,ClC(Cl)Cl,fb-fit-v0-single-mean-k20,3,1.1052276414403446,0.0003792517872857,1.0838000000000003,0.00015
9413,2483,dhmix_1691495556773848750,173,EnthalpyOfMixing,<Substance COC(C)(C)C{solv}{x=0.484000}|ClC(Cl)Cl{solv}{x=0.516000}>,COC(C)(C)C,ClC(Cl)Cl,fb-fit-v0-single-mean-k20,3,-1.3327238485514634,0.036305175153106,-2.1,0.0845
9414,2484,dens_1874337336846858625,174,Density,<Substance COC(C)(C)C{solv}{x=0.276000}|ClC(Cl)Cl{solv}{x=0.724000}>,COC(C)(C)C,ClC(Cl)Cl,fb-fit-v0-single-mean-k20,3,1.2563317603577049,0.0004922535299818,1.2259000000000004,0.0002
9415,2485,dens_2136498248834183810,175,Density,<Substance COC(C)(C)C{solv}{x=0.728600}|ClC(Cl)Cl{solv}{x=0.271400}>,COC(C)(C)C,ClC(Cl)Cl,fb-fit-v0-single-mean-k20,3,0.9070977294045686,0.0002862863863413,0.8956000000000003,0.00015
9416,2486,dhmix_2232264038422377060,176,EnthalpyOfMixing,<Substance COC(C)(C)C{solv}{x=0.220000}|ClC(Cl)Cl{solv}{x=0.780000}>,COC(C)(C)C,ClC(Cl)Cl,fb-fit-v0-single-mean-k20,3,-0.9685443880854088,0.032308189501527,-1.5,0.0605
9417,2487,dhmix_73322629991074290,177,EnthalpyOfMixing,<Substance CCC(C)=O{solv}{x=0.212400}|CCN(CC)CC{solv}{x=0.787600}>,CCC(C)=O,CCN(CC)CC,fb-fit-v0-single-mean-k20,3,0.4221043996210554,0.0479488139466253,0.57,0.006
9418,2488,dens_317201778138256714,178,Density,<Substance CCC(C)=O{solv}{x=0.261000}|CCN(CC)CC{solv}{x=0.739000}>,CCC(C)=O,CCN(CC)CC,fb-fit-v0-single-mean-k20,3,0.7430657526931554,0.0002153872123962,0.7361510000000001,0.000106
9419,2489,dens_544322850735592196,179,Density,<Substance CCC(C)=O{solv}{x=0.510600}|CCN(CC)CC{solv}{x=0.489400}>,CCC(C)=O,CCN(CC)CC,fb-fit-v0-single-mean-k20,3,0.7553018362937461,0.0002161048433338,0.7527560000000002,0.0001045
9420,2490,dhmix_690665189446107141,180,EnthalpyOfMixing,<Substance CCC(C)=O{solv}{x=0.496700}|CCN(CC)CC{solv}{x=0.503300}>,CCC(C)=O,CCN(CC)CC,fb-fit-v0-single-mean-k20,3,0.4032442608262414,0.0413352057346737,0.746,0.008
9421,2491,dhmix_935249702283890201,181,EnthalpyOfMixing,<Substance CCC(C)=O{solv}{x=0.789300}|CCN(CC)CC{solv}{x=0.210700}>,CCC(C)=O,CCN(CC)CC,fb-fit-v0-single-mean-k20,3,0.2959915655142824,0.0416118917010135,0.455,0.005
9422,2492,dens_1635002920322954883,182,Density,<Substance CCC(C)=O{solv}{x=0.760400}|CCN(CC)CC{solv}{x=0.239600}>,CCC(C)=O,CCN(CC)CC,fb-fit-v0-single-mean-k20,3,0.7702751015051043,0.0002175050019101,0.7738830000000002,9.900000000000003e-05
9423,2493,dhmix_76833325524040726,183,EnthalpyOfMixing,<Substance C1CCCCC1{solv}{x=0.260600}|c1ccccc1{solv}{x=0.739400}>,C1CCCCC1,c1ccccc1,fb-fit-v0-single-mean-k20,3,0.894772785079283,0.0408878057173033,0.6282,0.00695
9424,2494,dens_330305790736126156,184,Density,<Substance C1CCCCC1{solv}{x=0.499600}|c1ccccc1{solv}{x=0.500400}>,C1CCCCC1,c1ccccc1,fb-fit-v0-single-mean-k20,3,0.8149057943667884,0.0002216219249917,0.8136000000000002,0.0002
9425,2495,dhmix_460305358266375837,185,EnthalpyOfMixing,<Substance C1CCCCC1{solv}{x=0.766800}|c1ccccc1{solv}{x=0.233200}>,C1CCCCC1,c1ccccc1,fb-fit-v0-single-mean-k20,3,0.7354438180509248,0.0463290512572287,0.5517,0.00725
9426,2496,dens_1579941980285561951,186,Density,<Substance C1CCCCC1{solv}{x=0.249800}|c1ccccc1{solv}{x=0.750200}>,C1CCCCC1,c1ccccc1,fb-fit-v0-single-mean-k20,3,0.8471026268618641,0.000222577491263,0.8405780000000002,7.05e-05
9427,2497,dhmix_1824194485055356086,187,EnthalpyOfMixing,<Substance C1CCCCC1{solv}{x=0.501200}|c1ccccc1{solv}{x=0.498800}>,C1CCCCC1,c1ccccc1,fb-fit-v0-single-mean-k20,3,1.1198607138285863,0.039309230717244,0.7893,0.00655
9428,2498,dens_1871885279620492514,188,Density,<Substance C1CCCCC1{solv}{x=0.732300}|c1ccccc1{solv}{x=0.267700}>,C1CCCCC1,c1ccccc1,fb-fit-v0-single-mean-k20,3,0.7905418321345686,0.0002221605353457,0.7929200000000002,7.450000000000001e-05
9429,2499,dens_78518696584109468,189,Density,<Substance CN(CCO)CCO{solv}{x=0.743000}|O{solv}{x=0.257000}>,CN(CCO)CCO,O,fb-fit-v0-single-mean-k20,3,1.0538387774618585,0.0002500828374801,1.0405100000000005,0.000286
9430,2500,dens_169053214615075062,190,Density,<Substance CN(CCO)CCO{solv}{x=0.257100}|O{solv}{x=0.742900}>,CN(CCO)CCO,O,fb-fit-v0-single-mean-k20,3,1.04299668041149,0.0002977220185992,1.0522550000000004,0.000221
9431,2501,dhmix_750283179383190388,191,EnthalpyOfMixing,<Substance CN(CCO)CCO{solv}{x=0.741100}|O{solv}{x=0.258900}>,CN(CCO)CCO,O,fb-fit-v0-single-mean-k20,3,-1.6011314651274515,0.0537401783399701,-1.154,0.0125
9432,2502,dhmix_1537351248216247854,192,EnthalpyOfMixing,<Substance CN(CCO)CCO{solv}{x=0.259300}|O{solv}{x=0.740700}>,CN(CCO)CCO,O,fb-fit-v0-single-mean-k20,3,-1.449604376570715,0.0303226788384275,-2.271,0.046
9433,2503,dens_1700904374078825036,193,Density,<Substance CN(CCO)CCO{solv}{x=0.484900}|O{solv}{x=0.515100}>,CN(CCO)CCO,O,fb-fit-v0-single-mean-k20,3,1.051830872106257,0.0003744911904838,1.048636,0.0002475
9434,2504,dhmix_1761290393567900831,194,EnthalpyOfMixing,<Substance CN(CCO)CCO{solv}{x=0.494100}|O{solv}{x=0.505900}>,CN(CCO)CCO,O,fb-fit-v0-single-mean-k20,3,-2.051488666376713,0.0829193859031209,-2.072,0.042
9435,2505,dhmix_81883535492439507,195,EnthalpyOfMixing,<Substance C1COCO1{solv}{x=0.200000}|O=C1CCCC1{solv}{x=0.800000}>,C1COCO1,O=C1CCCC1,fb-fit-v0-single-mean-k20,3,-0.0834437951326805,0.0406605172896441,-0.00853,0.000425
9436,2506,dens_192935635984964537,196,Density,<Substance C1COCO1{solv}{x=0.509000}|O=C1CCCC1{solv}{x=0.491000}>,C1COCO1,O=C1CCCC1,fb-fit-v0-single-mean-k20,3,0.9936915706985744,0.0002561694986839,0.9954700000000004,0.000255
9437,2507,dhmix_309530351940031317,197,EnthalpyOfMixing,<Substance C1COCO1{solv}{x=0.700000}|O=C1CCCC1{solv}{x=0.300000}>,C1COCO1,O=C1CCCC1,fb-fit-v0-single-mean-k20,3,-0.0716440593411817,0.0394873527425133,-0.02292,0.00048
9438,2508,dhmix_1480225642523009634,198,EnthalpyOfMixing,<Substance C1COCO1{solv}{x=0.500000}|O=C1CCCC1{solv}{x=0.500000}>,C1COCO1,O=C1CCCC1,fb-fit-v0-single-mean-k20,3,-0.0294151297676421,0.0341042501255379,-0.02181,0.000475
9439,2509,dens_1663189314624242951,199,Density,<Substance C1COCO1{solv}{x=0.225100}|O=C1CCCC1{solv}{x=0.774900}>,C1COCO1,O=C1CCCC1,fb-fit-v0-single-mean-k20,3,0.9565176876637426,0.0002651141959975,0.9652800000000002,0.000245
9440,2510,dens_1684591254659727640,200,Density,<Substance C1COCO1{solv}{x=0.789100}|O=C1CCCC1{solv}{x=0.210900}>,C1COCO1,O=C1CCCC1,fb-fit-v0-single-mean-k20,3,1.0358373353315122,0.0002878347782295,1.02957,0.00026
9441,2511,dens_82854054922011802,201,Density,<Substance c1cc[nH]c1{solv}{x=0.542600}|c1ccncc1{solv}{x=0.457400}>,c1cc[nH]c1,c1ccncc1,fb-fit-v0-single-mean-k20,3,0.9775606304265388,0.0002704831442927,0.9706400000000002,5.5000000000000016e-05
9442,2512,dens_332042143272324658,202,Density,<Substance c1cc[nH]c1{solv}{x=0.755400}|c1ccncc1{solv}{x=0.244600}>,c1cc[nH]c1,c1ccncc1,fb-fit-v0-single-mean-k20,3,0.9790359181785828,0.0002552343077951,0.9676900000000004,5.5000000000000016e-05
9443,2513,dhmix_582184351339863568,203,EnthalpyOfMixing,<Substance c1cc[nH]c1{solv}{x=0.760200}|c1ccncc1{solv}{x=0.239800}>,c1cc[nH]c1,c1ccncc1,fb-fit-v0-single-mean-k20,3,-0.104369016664803,0.038354845976617,-1.6452,0.01075
9444,2514,dhmix_809205277185290719,204,EnthalpyOfMixing,<Substance c1cc[nH]c1{solv}{x=0.509500}|c1ccncc1{solv}{x=0.490500}>,c1cc[nH]c1,c1ccncc1,fb-fit-v0-single-mean-k20,3,-0.0935803678254985,0.0325826098357796,-2.649,0.01645
9445,2515,dens_1187941919350264461,205,Density,<Substance c1cc[nH]c1{solv}{x=0.227300}|c1ccncc1{solv}{x=0.772700}>,c1cc[nH]c1,c1ccncc1,fb-fit-v0-single-mean-k20,3,0.9769017894666958,0.0002429793511585,0.9755600000000002,5.5000000000000016e-05
9446,2516,dhmix_2302696180464118683,206,EnthalpyOfMixing,<Substance c1cc[nH]c1{solv}{x=0.239500}|c1ccncc1{solv}{x=0.760500}>,c1cc[nH]c1,c1ccncc1,fb-fit-v0-single-mean-k20,3,-0.1555975787329906,0.0369290375286525,-1.7662,0.01145
9447,2517,dhmix_84488753175979819,207,EnthalpyOfMixing,<Substance C1CCOCC1{solv}{x=0.500000}|CCO{solv}{x=0.500000}>,C1CCOCC1,CCO,fb-fit-v0-single-mean-k20,3,0.8736663204206252,0.0358336837110392,0.8491,0.00794
9448,2518,dens_904236164857914889,208,Density,<Substance C1CCOCC1{solv}{x=0.701000}|CCO{solv}{x=0.299000}>,C1CCOCC1,CCO,fb-fit-v0-single-mean-k20,3,0.8544958005560725,0.0002836481777197,0.8595400000000002,8.500000000000002e-05
9449,2519,dhmix_923986751684807715,209,EnthalpyOfMixing,<Substance C1CCOCC1{solv}{x=0.750000}|CCO{solv}{x=0.250000}>,C1CCOCC1,CCO,fb-fit-v0-single-mean-k20,3,0.8644933371097778,0.0440968548218678,0.75364,0.007115
9450,2520,dhmix_927648698725704337,210,EnthalpyOfMixing,<Substance C1CCOCC1{solv}{x=0.250000}|CCO{solv}{x=0.750000}>,C1CCOCC1,CCO,fb-fit-v0-single-mean-k20,3,0.6868203030661935,0.0350562177738703,0.57017,0.00553
9451,2521,dens_1095414448718823860,211,Density,<Substance C1CCOCC1{solv}{x=0.504000}|CCO{solv}{x=0.496000}>,C1CCOCC1,CCO,fb-fit-v0-single-mean-k20,3,0.8387660067142098,0.0002899879981524,0.8440100000000001,0.0001
9452,2522,dens_1309012152943788187,212,Density,<Substance C1CCOCC1{solv}{x=0.284000}|CCO{solv}{x=0.716000}>,C1CCOCC1,CCO,fb-fit-v0-single-mean-k20,3,0.8182364787942225,0.0002852550869839,0.8227400000000002,0.00012
9453,2523,dens_88489471162801298,213,Density,<Substance CC(C)=O{solv}{x=0.248400}|Nc1ccccc1{solv}{x=0.751600}>,CC(C)=O,Nc1ccccc1,fb-fit-v0-single-mean-k20,3,1.004009233761812,0.0002001156442874,0.9768950000000002,0.0001055
9454,2524,dens_892449093930393176,214,Density,<Substance CC(C)=O{solv}{x=0.411400}|Nc1ccccc1{solv}{x=0.588600}>,CC(C)=O,Nc1ccccc1,fb-fit-v0-single-mean-k20,3,0.9639943046528376,0.0002399067366752,0.9457730000000002,0.0001285
9455,2525,dens_1087594007698023193,215,Density,<Substance CC(C)=O{solv}{x=0.699300}|Nc1ccccc1{solv}{x=0.300700}>,CC(C)=O,Nc1ccccc1,fb-fit-v0-single-mean-k20,3,0.884348337105646,0.0002490412931142,0.8786430000000003,0.000178
9456,2526,dhmix_1461699545612032563,216,EnthalpyOfMixing,<Substance CC(C)=O{solv}{x=0.214500}|Nc1ccccc1{solv}{x=0.785500}>,CC(C)=O,Nc1ccccc1,fb-fit-v0-single-mean-k20,3,-0.0696622737837913,0.0538885134432239,-0.746,0.008
9457,2527,dhmix_1577476208805542019,217,EnthalpyOfMixing,<Substance CC(C)=O{solv}{x=0.699100}|Nc1ccccc1{solv}{x=0.300900}>,CC(C)=O,Nc1ccccc1,fb-fit-v0-single-mean-k20,3,-0.8283456487608163,0.0349880849125893,-1.076,0.0115
9458,2528,dhmix_2267661763264899390,218,EnthalpyOfMixing,<Substance CC(C)=O{solv}{x=0.410700}|Nc1ccccc1{solv}{x=0.589300}>,CC(C)=O,Nc1ccccc1,fb-fit-v0-single-mean-k20,3,-0.767273127172615,0.0385293381198092,-1.165,0.0125
9459,2529,dhmix_90851537891129625,219,EnthalpyOfMixing,<Substance C1CCOCC1{solv}{x=0.268300}|Cc1ccccn1{solv}{x=0.731700}>,C1CCOCC1,Cc1ccccn1,fb-fit-v0-single-mean-k20,3,0.0207870813793711,0.038019777798301,0.1057,0.00105
9460,2530,dhmix_975790739707505549,220,EnthalpyOfMixing,<Substance C1CCOCC1{solv}{x=0.482200}|Cc1ccccn1{solv}{x=0.517800}>,C1CCOCC1,Cc1ccccn1,fb-fit-v0-single-mean-k20,3,-0.0320077101056366,0.043250709149364,0.1728,0.00135
9461,2531,dens_981500521813591443,221,Density,<Substance C1CCOCC1{solv}{x=0.491600}|Cc1ccccn1{solv}{x=0.508400}>,C1CCOCC1,Cc1ccccn1,fb-fit-v0-single-mean-k20,3,0.908178090193698,0.0002254922787431,0.910915,0.000475
9462,2532,dens_1237050172671894703,222,Density,<Substance C1CCOCC1{solv}{x=0.237300}|Cc1ccccn1{solv}{x=0.762700}>,C1CCOCC1,Cc1ccccn1,fb-fit-v0-single-mean-k20,3,0.9252297607626072,0.0002129020472022,0.9261620000000004,0.0004855
9463,2533,dhmix_1841520238596708010,223,EnthalpyOfMixing,<Substance C1CCOCC1{solv}{x=0.821600}|Cc1ccccn1{solv}{x=0.178400}>,C1CCOCC1,Cc1ccccn1,fb-fit-v0-single-mean-k20,3,0.0001122391249666,0.0448170272564693,0.1352,0.0012
9464,2534,dens_1852422594896475094,224,Density,<Substance C1CCOCC1{solv}{x=0.821900}|Cc1ccccn1{solv}{x=0.178100}>,C1CCOCC1,Cc1ccccn1,fb-fit-v0-single-mean-k20,3,0.8751725257398163,0.0002400170115928,0.8802920000000002,0.000454
9465,2535,dhmix_93676522673462266,225,EnthalpyOfMixing,<Substance CC(=O)N(C)C{solv}{x=0.702000}|ClCCCl{solv}{x=0.298000}>,CC(=O)N(C)C,ClCCCl,fb-fit-v0-single-mean-k20,3,-0.4717910486477485,0.0423029340910517,-0.706,0.004
9466,2536,dens_466640151895915379,226,Density,<Substance CC(=O)N(C)C{solv}{x=0.499900}|ClCCCl{solv}{x=0.500100}>,CC(=O)N(C)C,ClCCCl,fb-fit-v0-single-mean-k20,3,1.0556393492980185,0.0003349428488062,1.0774000000000004,0.00325
9467,2537,dhmix_504891727488256514,227,EnthalpyOfMixing,<Substance CC(=O)N(C)C{solv}{x=0.202000}|ClCCCl{solv}{x=0.798000}>,CC(=O)N(C)C,ClCCCl,fb-fit-v0-single-mean-k20,3,-0.4678392306596652,0.0347569061933933,-0.586,0.004
9468,2538,dens_1432716574300574119,228,Density,<Substance CC(=O)N(C)C{solv}{x=0.298800}|ClCCCl{solv}{x=0.701200}>,CC(=O)N(C)C,ClCCCl,fb-fit-v0-single-mean-k20,3,1.122656862309987,0.0003666016079758,1.1413000000000002,0.00345
9469,2539,dens_1909242265481868478,229,Density,<Substance CC(=O)N(C)C{solv}{x=0.700800}|ClCCCl{solv}{x=0.299200}>,CC(=O)N(C)C,ClCCCl,fb-fit-v0-single-mean-k20,3,0.9910281262118528,0.0002349378258205,1.0181000000000002,0.00305
9470,2540,dhmix_2201663021806040380,230,EnthalpyOfMixing,<Substance CC(=O)N(C)C{solv}{x=0.500000}|ClCCCl{solv}{x=0.500000}>,CC(=O)N(C)C,ClCCCl,fb-fit-v0-single-mean-k20,3,-0.6051990263778015,0.0340533315869794,-0.885,0.004
9471,2541,dhmix_101847702994296892,231,EnthalpyOfMixing,<Substance CCCCCCCl{solv}{x=0.790000}|CN1CCCC1=O{solv}{x=0.210000}>,CCCCCCCl,CN1CCCC1=O,fb-fit-v0-single-mean-k20,3,0.6933127709905165,0.0486974731789539,0.232,0.0025
9472,2542,dhmix_275814181113182192,232,EnthalpyOfMixing,<Substance CCCCCCCl{solv}{x=0.497000}|CN1CCCC1=O{solv}{x=0.503000}>,CCCCCCCl,CN1CCCC1=O,fb-fit-v0-single-mean-k20,3,1.0496330820066504,0.0411458713990218,0.416,0.0025
9473,2543,dens_441375838683668512,233,Density,<Substance CCCCCCCl{solv}{x=0.499300}|CN1CCCC1=O{solv}{x=0.500700}>,CCCCCCCl,CN1CCCC1=O,fb-fit-v0-single-mean-k20,3,0.9319907881436008,0.0002410774711538,0.9389000000000002,0.0002
9474,2544,dhmix_840847840731542643,234,EnthalpyOfMixing,<Substance CCCCCCCl{solv}{x=0.203000}|CN1CCCC1=O{solv}{x=0.797000}>,CCCCCCCl,CN1CCCC1=O,fb-fit-v0-single-mean-k20,3,0.7817354977166211,0.0454691858038632,0.319,0.0025
9475,2545,dens_1314691253679633833,235,Density,<Substance CCCCCCCl{solv}{x=0.298400}|CN1CCCC1=O{solv}{x=0.701600}>,CCCCCCCl,CN1CCCC1=O,fb-fit-v0-single-mean-k20,3,0.9599608033167416,0.0001958494215335,0.9715000000000004,0.0002
9476,2546,dens_1366683244756558841,236,Density,<Substance CCCCCCCl{solv}{x=0.801200}|CN1CCCC1=O{solv}{x=0.198800}>,CCCCCCCl,CN1CCCC1=O,fb-fit-v0-single-mean-k20,3,0.89397085070848,0.0002139194267225,0.8970000000000002,0.0003
9477,2547,dhmix_107460606439569535,237,EnthalpyOfMixing,<Substance C1COCCO1{solv}{x=0.572500}|O=C1CCCCCC1{solv}{x=0.427500}>,C1COCCO1,O=C1CCCCCC1,fb-fit-v0-single-mean-k20,3,0.3015971177067058,0.0459971947153441,0.1032,0.00125
9478,2548,dens_229535957420918177,238,Density,<Substance C1COCCO1{solv}{x=0.748900}|O=C1CCCCCC1{solv}{x=0.251100}>,C1COCCO1,O=C1CCCCCC1,fb-fit-v0-single-mean-k20,3,0.99531205001038,0.0001969647674541,0.9994100000000002,0.00051
9479,2549,dhmix_1101001475632451077,239,EnthalpyOfMixing,<Substance C1COCCO1{solv}{x=0.225200}|O=C1CCCCCC1{solv}{x=0.774800}>,C1COCCO1,O=C1CCCCCC1,fb-fit-v0-single-mean-k20,3,0.2959227869757797,0.0477894782470879,0.0783,0.001
9480,2550,dens_1711999737319704820,240,Density,<Substance C1COCCO1{solv}{x=0.572300}|O=C1CCCCCC1{solv}{x=0.427700}>,C1COCCO1,O=C1CCCCCC1,fb-fit-v0-single-mean-k20,3,0.9681922764652484,0.0002184293555502,0.9737000000000002,0.00051
9481,2551,dens_1973863157285112004,241,Density,<Substance C1COCCO1{solv}{x=0.255500}|O=C1CCCCCC1{solv}{x=0.744500}>,C1COCCO1,O=C1CCCCCC1,fb-fit-v0-single-mean-k20,3,0.9518415168863924,0.0001889471127642,0.9616800000000002,0.000515
9482,2552,dhmix_2239035738396328121,242,EnthalpyOfMixing,<Substance C1COCCO1{solv}{x=0.771600}|O=C1CCCCCC1{solv}{x=0.228400}>,C1COCCO1,O=C1CCCCCC1,fb-fit-v0-single-mean-k20,3,0.2585676916652062,0.0448949370541686,0.0694,0.0009
9483,2553,dhmix_110368175234083214,243,EnthalpyOfMixing,<Substance CC#N{solv}{x=0.201600}|CCOC(C)(C)CC{solv}{x=0.798400}>,CC#N,CCOC(C)(C)CC,fb-fit-v0-single-mean-k20,3,0.2574592157024398,0.0441934814442929,0.6411,0.0087
9484,2554,dhmix_565046024644834395,244,EnthalpyOfMixing,<Substance CC#N{solv}{x=0.700400}|CCOC(C)(C)CC{solv}{x=0.299600}>,CC#N,CCOC(C)(C)CC,fb-fit-v0-single-mean-k20,3,0.2955707255496306,0.0319686212113132,0.8397,0.0113
9485,2555,dens_865362803305469370,245,Density,<Substance CC#N{solv}{x=0.502400}|CCOC(C)(C)CC{solv}{x=0.497600}>,CC#N,CCOC(C)(C)CC,fb-fit-v0-single-mean-k20,3,0.7662160723944588,0.0002298175917179,0.7675000000000002,0.00035
9486,2556,dhmix_1131176031733024874,246,EnthalpyOfMixing,<Substance CC#N{solv}{x=0.502400}|CCOC(C)(C)CC{solv}{x=0.497600}>,CC#N,CCOC(C)(C)CC,fb-fit-v0-single-mean-k20,3,0.2955483308511546,0.0427008957713666,0.9514,0.01285
9487,2557,dens_1305751749890499162,247,Density,<Substance CC#N{solv}{x=0.201600}|CCOC(C)(C)CC{solv}{x=0.798400}>,CC#N,CCOC(C)(C)CC,fb-fit-v0-single-mean-k20,3,0.7644988968179378,0.000193581146337,0.7635000000000002,0.00025
9488,2558,dens_1928701304100922381,248,Density,<Substance CC#N{solv}{x=0.700400}|CCOC(C)(C)CC{solv}{x=0.299600}>,CC#N,CCOC(C)(C)CC,fb-fit-v0-single-mean-k20,3,0.7663252428157397,0.0001569331896826,0.7707000000000003,0.0005
9489,2559,dhmix_112729391186229967,249,EnthalpyOfMixing,<Substance CCC(C)=O{solv}{x=0.509000}|CNc1ccccc1{solv}{x=0.491000}>,CCC(C)=O,CNc1ccccc1,fb-fit-v0-single-mean-k20,3,-0.5438017502522463,0.0365642172064689,-0.816,0.009
9490,2560,dens_414028029115294252,250,Density,<Substance CCC(C)=O{solv}{x=0.746300}|CNc1ccccc1{solv}{x=0.253700}>,CCC(C)=O,CNc1ccccc1,fb-fit-v0-single-mean-k20,3,0.8515916402718947,0.0002217876558738,0.8582020000000002,0.000102
9491,2561,dens_559789475978651659,251,Density,<Substance CCC(C)=O{solv}{x=0.495000}|CNc1ccccc1{solv}{x=0.505000}>,CCC(C)=O,CNc1ccccc1,fb-fit-v0-single-mean-k20,3,0.9058019918748984,0.0001758596350879,0.9066940000000002,0.000164
9492,2562,dhmix_1637459312398636454,252,EnthalpyOfMixing,<Substance CCC(C)=O{solv}{x=0.228300}|CNc1ccccc1{solv}{x=0.771700}>,CCC(C)=O,CNc1ccccc1,fb-fit-v0-single-mean-k20,3,-0.2002735724094542,0.0629288423410202,-0.54,0.006
9493,2563,dhmix_1933605864237207151,253,EnthalpyOfMixing,<Substance CCC(C)=O{solv}{x=0.705500}|CNc1ccccc1{solv}{x=0.294500}>,CCC(C)=O,CNc1ccccc1,fb-fit-v0-single-mean-k20,3,-0.4538578051314314,0.0365493511126775,-0.672,0.0075
9494,2564,dens_2039660657679820411,254,Density,<Substance CCC(C)=O{solv}{x=0.258900}|CNc1ccccc1{solv}{x=0.741100}>,CCC(C)=O,CNc1ccccc1,fb-fit-v0-single-mean-k20,3,0.9501495785260416,0.0002105817155513,0.9456330000000004,0.000259
9495,2565,dhmix_112832411362526364,255,EnthalpyOfMixing,<Substance C=CCCCC{solv}{x=0.250000}|CCCCO{solv}{x=0.750000}>,C=CCCCC,CCCCO,fb-fit-v0-single-mean-k20,3,0.3127820200336657,0.0363398351057621,0.2829,0.00333
9496,2566,dhmix_385937725855980509,256,EnthalpyOfMixing,<Substance C=CCCCC{solv}{x=0.749900}|CCCCO{solv}{x=0.250100}>,C=CCCCC,CCCCO,fb-fit-v0-single-mean-k20,3,0.7100338830648525,0.0427312216905843,0.63978,0.00696
9497,2567,dens_417191245012747241,257,Density,<Substance C=CCCCC{solv}{x=0.501800}|CCCCO{solv}{x=0.498200}>,C=CCCCC,CCCCO,fb-fit-v0-single-mean-k20,3,0.7276004281052099,0.0002373588616366,0.7340000000000002,0.00035
9498,2568,dens_1053849773924337242,258,Density,<Substance C=CCCCC{solv}{x=0.100100}|CCCCO{solv}{x=0.899900}>,C=CCCCC,CCCCO,fb-fit-v0-single-mean-k20,3,0.792853655122146,0.0001979564441439,0.7924000000000002,0.00035
9499,2569,dhmix_1436053809694490847,259,EnthalpyOfMixing,<Substance C=CCCCC{solv}{x=0.500300}|CCCCO{solv}{x=0.499700}>,C=CCCCC,CCCCO,fb-fit-v0-single-mean-k20,3,0.556522515251018,0.0431605998785569,0.56098,0.00616
9500,2570,dens_1967827958045932694,260,Density,<Substance C=CCCCC{solv}{x=0.900000}|CCCCO{solv}{x=0.100000}>,C=CCCCC,CCCCO,fb-fit-v0-single-mean-k20,3,0.6773424467964333,0.0002370051752802,0.6818000000000001,0.00035
9501,2571,dhmix_113202719214912577,261,EnthalpyOfMixing,<Substance CCN(CC)CCO{solv}{x=0.700300}|O{solv}{x=0.299700}>,CCN(CC)CCO,O,fb-fit-v0-single-mean-k20,3,-1.9037918860923495,0.0549392035694831,-1.75,0.019
9502,2572,dhmix_450200897960931857,262,EnthalpyOfMixing,<Substance CCN(CC)CCO{solv}{x=0.500200}|O{solv}{x=0.499800}>,CCN(CC)CCO,O,fb-fit-v0-single-mean-k20,3,-2.1844719759011753,0.0417335194079341,-2.504,0.027
9503,2573,dens_727880187774296815,263,Density,<Substance CCN(CC)CCO{solv}{x=0.799700}|O{solv}{x=0.200300}>,CCN(CC)CCO,O,fb-fit-v0-single-mean-k20,3,0.8914268417714166,0.000390813171703,0.8996000000000003,0.005
9504,2574,dens_943193748522476096,264,Density,<Substance CCN(CC)CCO{solv}{x=0.499700}|O{solv}{x=0.500300}>,CCN(CC)CCO,O,fb-fit-v0-single-mean-k20,3,0.9068769010201015,0.0003784002889779,0.9222000000000002,0.005
9505,2575,dhmix_1628408668678458098,265,EnthalpyOfMixing,<Substance CCN(CC)CCO{solv}{x=0.200800}|O{solv}{x=0.799200}>,CCN(CC)CCO,O,fb-fit-v0-single-mean-k20,3,-1.3125116793345029,0.0263030515100028,-2.185,0.0235
9506,2576,dens_1679974305630699360,266,Density,<Substance CCN(CC)CCO{solv}{x=0.193290}|O{solv}{x=0.806710}>,CCN(CC)CCO,O,fb-fit-v0-single-mean-k20,3,0.9286263999719686,0.0003201068119492,0.9615690000000002,0.000144
9507,2577,dens_114257363738318755,267,Density,<Substance C1CCCCC1{solv}{x=0.754300}|CCCCCC{solv}{x=0.245700}>,C1CCCCC1,CCCCCC,fb-fit-v0-single-mean-k20,3,0.7335868700396131,0.00022846745876,0.7392000000000002,0.00065
9508,2578,dens_528453314861364780,268,Density,<Substance C1CCCCC1{solv}{x=0.234300}|CCCCCC{solv}{x=0.765700}>,C1CCCCC1,CCCCCC,fb-fit-v0-single-mean-k20,3,0.6741002264274424,0.000263579133085,0.6838300000000002,0.001655
9509,2579,dens_547437695672624422,269,Density,<Substance C1CCCCC1{solv}{x=0.479300}|CCCCCC{solv}{x=0.520700}>,C1CCCCC1,CCCCCC,fb-fit-v0-single-mean-k20,3,0.7004639569204419,0.0001844945023529,0.7105500000000001,0.001555
9510,2580,dhmix_728030976573858762,270,EnthalpyOfMixing,<Substance C1CCCCC1{solv}{x=0.483200}|CCCCCC{solv}{x=0.516800}>,C1CCCCC1,CCCCCC,fb-fit-v0-single-mean-k20,3,0.2230073903417491,0.04100544302997,0.2144,0.00155
9511,2581,dhmix_1406519609852245638,271,EnthalpyOfMixing,<Substance C1CCCCC1{solv}{x=0.219000}|CCCCCC{solv}{x=0.781000}>,C1CCCCC1,CCCCCC,fb-fit-v0-single-mean-k20,3,0.1485979844058249,0.0472114683460619,0.1264,0.00105
9512,2582,dhmix_1819992223413741006,272,EnthalpyOfMixing,<Substance C1CCCCC1{solv}{x=0.725500}|CCCCCC{solv}{x=0.274500}>,C1CCCCC1,CCCCCC,fb-fit-v0-single-mean-k20,3,0.2716449727925862,0.0429524301798944,0.199,0.00145
9513,2583,dhmix_114464856611254095,273,EnthalpyOfMixing,<Substance COc1ccccc1{solv}{x=0.739800}|OCc1ccccc1{solv}{x=0.260200}>,COc1ccccc1,OCc1ccccc1,fb-fit-v0-single-mean-k20,3,0.8032841193695717,0.0513177025819439,1.0539,0.0113
9514,2584,dens_844721400884986444,274,Density,<Substance COc1ccccc1{solv}{x=0.288300}|OCc1ccccc1{solv}{x=0.711700}>,COc1ccccc1,OCc1ccccc1,fb-fit-v0-single-mean-k20,3,1.018876777869222,0.0002032998437362,1.0180000000000002,0.000135
9515,2585,dens_1208569209782779179,275,Density,<Substance COc1ccccc1{solv}{x=0.491100}|OCc1ccccc1{solv}{x=0.508900}>,COc1ccccc1,OCc1ccccc1,fb-fit-v0-single-mean-k20,3,1.0050214871097425,0.0001723155068051,1.0069400000000004,0.000165
9516,2586,dhmix_1342325728364187329,276,EnthalpyOfMixing,<Substance COc1ccccc1{solv}{x=0.240100}|OCc1ccccc1{solv}{x=0.759900}>,COc1ccccc1,OCc1ccccc1,fb-fit-v0-single-mean-k20,3,0.5422087112673424,0.0485958610157838,0.6199,0.0067
9517,2587,dhmix_1596550872819493971,277,EnthalpyOfMixing,<Substance COc1ccccc1{solv}{x=0.486600}|OCc1ccccc1{solv}{x=0.513400}>,COc1ccccc1,OCc1ccccc1,fb-fit-v0-single-mean-k20,3,0.8966370791527396,0.0418472621549313,0.9688,0.0104
9518,2588,dens_1833270112854727934,278,Density,<Substance COc1ccccc1{solv}{x=0.774500}|OCc1ccccc1{solv}{x=0.225500}>,COc1ccccc1,OCc1ccccc1,fb-fit-v0-single-mean-k20,3,0.9865611404355664,0.0002433113462214,0.9915900000000004,0.000215
9519,2589,dens_114725786693793907,279,Density,<Substance CC(=O)O{solv}{x=0.703100}|CCO{solv}{x=0.296900}>,CC(=O)O,CCO,fb-fit-v0-single-mean-k20,3,0.9889775970705664,0.0003062412126999,0.97355,0.00021
9520,2590,dens_883421079927261907,280,Density,<Substance CC(=O)O{solv}{x=0.496100}|CCO{solv}{x=0.503900}>,CC(=O)O,CCO,fb-fit-v0-single-mean-k20,3,0.9302483410698305,0.0003615360190696,0.9199600000000002,0.0002
9521,2591,dens_1042567278853913615,281,Density,<Substance CC(=O)O{solv}{x=0.297100}|CCO{solv}{x=0.702900}>,CC(=O)O,CCO,fb-fit-v0-single-mean-k20,3,0.8719653197246616,0.0003212152020193,0.8668600000000002,0.000195
9522,2592,dhmix_129373600931207498,282,EnthalpyOfMixing,<Substance NCCNCCN{solv}{x=0.702000}|O{solv}{x=0.298000}>,NCCNCCN,O,fb-fit-v0-single-mean-k20,3,-2.45736983193234,0.0658805606211953,-3.393,0.036
9523,2593,dhmix_313570094367316478,283,EnthalpyOfMixing,<Substance NCCNCCN{solv}{x=0.241600}|O{solv}{x=0.758400}>,NCCNCCN,O,fb-fit-v0-single-mean-k20,3,-4.642280382113395,0.0558786926215456,-6.523,0.0695
9524,2594,dens_548243159356184104,284,Density,<Substance NCCNCCN{solv}{x=0.244900}|O{solv}{x=0.755100}>,NCCNCCN,O,fb-fit-v0-single-mean-k20,3,1.0545305400989284,0.000483511215287,1.0275000000000003,0.0005
9525,2595,dens_913992897582667960,285,Density,<Substance NCCNCCN{solv}{x=0.497400}|O{solv}{x=0.502600}>,NCCNCCN,O,fb-fit-v0-single-mean-k20,3,1.0575070174998322,0.0004058823275406,0.9928000000000002,0.0005
9526,2596,dhmix_1565087976771168604,286,EnthalpyOfMixing,<Substance NCCNCCN{solv}{x=0.501000}|O{solv}{x=0.499000}>,NCCNCCN,O,fb-fit-v0-single-mean-k20,3,-4.754828863748301,0.0355908951604188,-5.417,0.0575
9527,2597,dens_1812124220217686569,287,Density,<Substance NCCNCCN{solv}{x=0.698800}|O{solv}{x=0.301200}>,NCCNCCN,O,fb-fit-v0-single-mean-k20,3,1.049094005234459,0.0004338258586668,0.9718000000000002,0.0005
9528,2598,dhmix_135176730945124637,288,EnthalpyOfMixing,<Substance CCCCNCCCC{solv}{x=0.751800}|CN(C)C=O{solv}{x=0.248200}>,CCCCNCCCC,CN(C)C=O,fb-fit-v0-single-mean-k20,3,0.1994277078284767,0.0535385074480929,0.782,0.025
9529,2599,dens_586298674852090193,289,Density,<Substance CCCCNCCCC{solv}{x=0.726600}|CN(C)C=O{solv}{x=0.273400}>,CCCCNCCCC,CN(C)C=O,fb-fit-v0-single-mean-k20,3,0.7863528676992447,0.0001405204931909,0.7828350000000002,0.0009465
9530,2600,dens_711718403070096827,290,Density,<Substance CCCCNCCCC{solv}{x=0.263900}|CN(C)C=O{solv}{x=0.736100}>,CCCCNCCCC,CN(C)C=O,fb-fit-v0-single-mean-k20,3,0.8530639191341323,0.0001934462902312,0.8609240000000001,0.001053
9531,2601,dhmix_1537913365058000269,291,EnthalpyOfMixing,<Substance CCCCNCCCC{solv}{x=0.249400}|CN(C)C=O{solv}{x=0.750600}>,CCCCNCCCC,CN(C)C=O,fb-fit-v0-single-mean-k20,3,0.3147141158276483,0.0389928764339356,0.921,0.029
9532,2602,dhmix_1965420976556284821,292,EnthalpyOfMixing,<Substance CCCCNCCCC{solv}{x=0.501800}|CN(C)C=O{solv}{x=0.498200}>,CCCCNCCCC,CN(C)C=O,fb-fit-v0-single-mean-k20,3,0.3466291484279793,0.0459212991663251,1.113,0.0335
9533,2603,dens_2298192241038151497,293,Density,<Substance CCCCNCCCC{solv}{x=0.492800}|CN(C)C=O{solv}{x=0.507200}>,CCCCNCCCC,CN(C)C=O,fb-fit-v0-single-mean-k20,3,0.8147931331361494,0.0001768819195622,0.8153440000000003,0.0009895
9534,2604,dens_145031449158698048,294,Density,<Substance CN(C)C=O{solv}{x=0.498800}|ClCCCl{solv}{x=0.501200}>,CN(C)C=O,ClCCCl,fb-fit-v0-single-mean-k20,3,1.0802490115398038,0.0003704123861867,1.0957000000000003,0.00305
9535,2605,dens_511894799968528211,295,Density,<Substance CN(C)C=O{solv}{x=0.197800}|ClCCCl{solv}{x=0.802200}>,CN(C)C=O,ClCCCl,fb-fit-v0-single-mean-k20,3,1.1707193221654473,0.0003976124631367,1.1862000000000004,0.003
9536,2606,dhmix_693792312882226719,296,EnthalpyOfMixing,<Substance CN(C)C=O{solv}{x=0.498000}|ClCCCl{solv}{x=0.502000}>,CN(C)C=O,ClCCCl,fb-fit-v0-single-mean-k20,3,-0.1127528982099583,0.0332501785707239,-0.663,0.0035
9537,2607,dhmix_1364024895663592301,297,EnthalpyOfMixing,<Substance CN(C)C=O{solv}{x=0.299000}|ClCCCl{solv}{x=0.701000}>,CN(C)C=O,ClCCCl,fb-fit-v0-single-mean-k20,3,-0.0424129691424646,0.0341907291218158,-0.575,0.0035
9538,2608,dens_1874616475661316520,298,Density,<Substance CN(C)C=O{solv}{x=0.705400}|ClCCCl{solv}{x=0.294600}>,CN(C)C=O,ClCCCl,fb-fit-v0-single-mean-k20,3,1.014452819185344,0.0003046631411062,1.0336,0.003
9539,2609,dhmix_1965344541223753593,299,EnthalpyOfMixing,<Substance CN(C)C=O{solv}{x=0.702000}|ClCCCl{solv}{x=0.298000}>,CN(C)C=O,ClCCCl,fb-fit-v0-single-mean-k20,3,-0.070982808087173,0.036811630553346,-0.531,0.003
9540,2610,dens_145117083439077204,300,Density,<Substance CN1CCCC1=O{solv}{x=0.700300}|ClCCCCCl{solv}{x=0.299700}>,CN1CCCC1=O,ClCCCCCl,fb-fit-v0-single-mean-k20,3,1.0495117130707363,0.0002206838324228,1.0627000000000002,0.0005
9541,2611,dens_872271192908107773,301,Density,<Substance CN1CCCC1=O{solv}{x=0.203400}|ClCCCCCl{solv}{x=0.796600}>,CN1CCCC1=O,ClCCCCCl,fb-fit-v0-single-mean-k20,3,1.1070043851598488,0.0001941673990371,1.1142000000000003,0.00125
9542,2612,dhmix_958757583081250655,302,EnthalpyOfMixing,<Substance CN1CCCC1=O{solv}{x=0.703000}|ClCCCCCl{solv}{x=0.297000}>,CN1CCCC1=O,ClCCCCCl,fb-fit-v0-single-mean-k20,3,0.0732976797021791,0.0435428143030661,-0.583,0.0035
9543,2613,dens_1187888029800539390,303,Density,<Substance CN1CCCC1=O{solv}{x=0.502500}|ClCCCCCl{solv}{x=0.497500}>,CN1CCCC1=O,ClCCCCCl,fb-fit-v0-single-mean-k20,3,1.0750036686963726,0.0002676533988917,1.0840000000000003,0.00075
9544,2614,dhmix_1448185356234442909,304,EnthalpyOfMixing,<Substance CN1CCCC1=O{solv}{x=0.210000}|ClCCCCCl{solv}{x=0.790000}>,CN1CCCC1=O,ClCCCCCl,fb-fit-v0-single-mean-k20,3,-0.0296657422067809,0.0384908536772652,-0.406,0.003
9545,2615,dhmix_1623586299486793214,305,EnthalpyOfMixing,<Substance CN1CCCC1=O{solv}{x=0.505000}|ClCCCCCl{solv}{x=0.495000}>,CN1CCCC1=O,ClCCCCCl,fb-fit-v0-single-mean-k20,3,0.0913942434758716,0.0411822834783962,-0.678,0.0035
9546,2616,dens_151421667269785380,306,Density,<Substance OCCOCCO{solv}{x=0.228500}|OCc1ccccc1{solv}{x=0.771500}>,OCCOCCO,OCc1ccccc1,fb-fit-v0-single-mean-k20,3,1.0547442339631783,0.000308945722902,1.0497600000000002,0.000265
9547,2617,dens_207017358130726789,307,Density,<Substance OCCOCCO{solv}{x=0.531200}|OCc1ccccc1{solv}{x=0.468800}>,OCCOCCO,OCc1ccccc1,fb-fit-v0-single-mean-k20,3,1.0776605771316192,0.0004135738986442,1.07136,0.00027
9548,2618,dhmix_638869206909151198,308,EnthalpyOfMixing,<Substance OCCOCCO{solv}{x=0.765800}|OCc1ccccc1{solv}{x=0.234200}>,OCCOCCO,OCc1ccccc1,fb-fit-v0-single-mean-k20,3,-0.3019065789283388,0.0451066824663443,-0.3712,0.0073
9549,2619,dhmix_884415658126351430,309,EnthalpyOfMixing,<Substance OCCOCCO{solv}{x=0.266500}|OCc1ccccc1{solv}{x=0.733500}>,OCCOCCO,OCc1ccccc1,fb-fit-v0-single-mean-k20,3,-0.2920345757974019,0.0469888886415021,-0.4216,0.0081
9550,2620,dhmix_925385148369690502,310,EnthalpyOfMixing,<Substance OCCOCCO{solv}{x=0.521600}|OCc1ccccc1{solv}{x=0.478400}>,OCCOCCO,OCc1ccccc1,fb-fit-v0-single-mean-k20,3,-0.4259908389878148,0.0585188923112474,-0.4574,0.00865
9551,2621,dens_1617133138157859384,311,Density,<Substance OCCOCCO{solv}{x=0.727700}|OCc1ccccc1{solv}{x=0.272300}>,OCCOCCO,OCc1ccccc1,fb-fit-v0-single-mean-k20,3,1.0930736928261386,0.0002756345668268,1.0857000000000003,0.000275
9552,2622,dens_155791527624482863,312,Density,<Substance CC(C)CO{solv}{x=0.279300}|CCCCBr{solv}{x=0.720700}>,CC(C)CO,CCCCBr,fb-fit-v0-single-mean-k20,3,1.1216847303054718,0.000386224858793,1.1339800000000002,0.000305
9553,2623,dhmix_549211977118470640,313,EnthalpyOfMixing,<Substance CC(C)CO{solv}{x=0.293800}|CCCCBr{solv}{x=0.706200}>,CC(C)CO,CCCCBr,fb-fit-v0-single-mean-k20,3,1.1125393015383125,0.0401662650243453,1.248,0.0135
9554,2624,dens_692500675577783691,314,Density,<Substance CC(C)CO{solv}{x=0.793700}|CCCCBr{solv}{x=0.206300}>,CC(C)CO,CCCCBr,fb-fit-v0-single-mean-k20,3,0.9021643727963998,0.0002973172777361,0.8962800000000002,0.00021
9555,2625,dens_841415441417626311,315,Density,<Substance CC(C)CO{solv}{x=0.498900}|CCCCBr{solv}{x=0.501100}>,CC(C)CO,CCCCBr,fb-fit-v0-single-mean-k20,3,1.0328140968765314,0.0003639730976926,1.0366800000000005,0.000225
9556,2626,dhmix_1400807466047438160,316,EnthalpyOfMixing,<Substance CC(C)CO{solv}{x=0.499000}|CCCCBr{solv}{x=0.501000}>,CC(C)CO,CCCCBr,fb-fit-v0-single-mean-k20,3,1.110540896230681,0.0322143102058509,1.207,0.013
9557,2627,dhmix_1959880980464917582,317,EnthalpyOfMixing,<Substance CC(C)CO{solv}{x=0.702100}|CCCCBr{solv}{x=0.297900}>,CC(C)CO,CCCCBr,fb-fit-v0-single-mean-k20,3,0.8863216215593326,0.0456246847056808,0.891,0.0095
9558,2628,dhmix_155924436295918663,318,EnthalpyOfMixing,<Substance OCCCO{solv}{x=0.501300}|O{solv}{x=0.498700}>,O,OCCCO,fb-fit-v0-single-mean-k20,3,0.1055986666858075,0.031943796563568,-0.992,0.0125
9559,2629,dens_867859901093068556,319,Density,<Substance OCCCO{solv}{x=0.743700}|O{solv}{x=0.256300}>,O,OCCCO,fb-fit-v0-single-mean-k20,3,1.0570215645879115,0.0005735405406347,1.0503800000000003,0.00023
9560,2630,dhmix_2191722776959064631,320,EnthalpyOfMixing,<Substance OCCCO{solv}{x=0.743000}|O{solv}{x=0.257000}>,O,OCCCO,fb-fit-v0-single-mean-k20,3,0.0943758029311752,0.0446899269397319,-0.633,0.008
9561,2631,dhmix_2210594516320705991,321,EnthalpyOfMixing,<Substance OCCCO{solv}{x=0.208700}|O{solv}{x=0.791300}>,O,OCCCO,fb-fit-v0-single-mean-k20,3,0.3544410979175403,0.0192978861438135,-0.924,0.012
9562,2632,dens_2211391404402371237,322,Density,<Substance OCCCO{solv}{x=0.244700}|O{solv}{x=0.755300}>,O,OCCCO,fb-fit-v0-single-mean-k20,3,1.02914246241785,0.0004031746326204,1.0381600000000004,0.00019
9563,2633,dens_2211609476735134421,323,Density,<Substance OCCCO{solv}{x=0.500000}|O{solv}{x=0.500000}>,O,OCCCO,fb-fit-v0-single-mean-k20,3,1.0481931874676336,0.0003079077889915,1.0492100000000002,0.000215
9564,2634,dhmix_156929898609376763,324,EnthalpyOfMixing,<Substance CN(C)CCCO{solv}{x=0.800100}|O{solv}{x=0.199900}>,CN(C)CCCO,O,fb-fit-v0-single-mean-k20,3,-1.2881727905611768,0.0455020370598687,-1.26,0.0135
9565,2635,dhmix_786210276753247951,325,EnthalpyOfMixing,<Substance CN(C)CCCO{solv}{x=0.199800}|O{solv}{x=0.800200}>,CN(C)CCCO,O,fb-fit-v0-single-mean-k20,3,-1.271737515943805,0.027612235750776,-2.514,0.027
9566,2636,dens_971674883336993154,326,Density,<Substance CN(C)CCCO{solv}{x=0.289504}|O{solv}{x=0.710496}>,CN(C)CCCO,O,fb-fit-v0-single-mean-k20,3,0.9432366868941126,0.0003559046739806,0.9443,0.00285
9567,2637,dhmix_1330584538745399524,327,EnthalpyOfMixing,<Substance CN(C)CCCO{solv}{x=0.501900}|O{solv}{x=0.498100}>,CN(C)CCCO,O,fb-fit-v0-single-mean-k20,3,-2.123203791150696,0.0397470051291908,-2.706,0.029
9568,2638,dens_1781759734173902013,328,Density,<Substance CN(C)CCCO{solv}{x=0.501300}|O{solv}{x=0.498700}>,CN(C)CCCO,O,fb-fit-v0-single-mean-k20,3,0.9317833720301952,0.0003544656329555,0.9170700000000004,8.000000000000002e-05
9569,2639,dens_2299157616447228221,329,Density,<Substance CN(C)CCCO{solv}{x=0.800600}|O{solv}{x=0.199400}>,CN(C)CCCO,O,fb-fit-v0-single-mean-k20,3,0.9176947563320982,0.0003571706727163,0.8915100000000002,9.500000000000002e-05
9570,2640,dhmix_157983773008192768,330,EnthalpyOfMixing,<Substance BrCCCBr{solv}{x=0.743200}|CCCCOC(=O)CCC{solv}{x=0.256800}>,BrCCCBr,CCCCOC(=O)CCC,fb-fit-v0-single-mean-k20,3,-0.3982675828176596,0.0382442701330475,0.032,0.0005
9571,2641,dens_720277045338028885,331,Density,<Substance BrCCCBr{solv}{x=0.748700}|CCCCOC(=O)CCC{solv}{x=0.251300}>,BrCCCBr,CCCCOC(=O)CCC,fb-fit-v0-single-mean-k20,3,1.568871346797127,0.0003995355691265,1.5786600000000004,0.00038
9572,2642,dens_933248802608751708,332,Density,<Substance BrCCCBr{solv}{x=0.529700}|CCCCOC(=O)CCC{solv}{x=0.470300}>,BrCCCBr,CCCCOC(=O)CCC,fb-fit-v0-single-mean-k20,3,1.3113228300746815,0.0003473093183672,1.3159400000000003,0.000255
9573,2643,dens_1048925802213854204,333,Density,<Substance BrCCCBr{solv}{x=0.259100}|CCCCOC(=O)CCC{solv}{x=0.740900}>,BrCCCBr,CCCCOC(=O)CCC,fb-fit-v0-single-mean-k20,3,1.057715258458149,0.0002326766243904,1.0598600000000002,0.000145
9574,2644,dhmix_1090642624443832057,334,EnthalpyOfMixing,<Substance BrCCCBr{solv}{x=0.241200}|CCCCOC(=O)CCC{solv}{x=0.758800}>,BrCCCBr,CCCCOC(=O)CCC,fb-fit-v0-single-mean-k20,3,-0.2935494141279093,0.0536059309962953,-0.094,0.001
9575,2645,dhmix_1649688325270115073,335,EnthalpyOfMixing,<Substance BrCCCBr{solv}{x=0.466700}|CCCCOC(=O)CCC{solv}{x=0.533300}>,BrCCCBr,CCCCOC(=O)CCC,fb-fit-v0-single-mean-k20,3,-0.5138316573018358,0.0388292303012274,-0.091,0.001
9576,2646,dhmix_158101159957898775,336,EnthalpyOfMixing,<Substance CCCCCl{solv}{x=0.490000}|CN1CCCC1=O{solv}{x=0.510000}>,CCCCCl,CN1CCCC1=O,fb-fit-v0-single-mean-k20,3,0.7811354448227057,0.0407244136959367,0.152,0.002
9577,2647,dhmix_586880142396707079,337,EnthalpyOfMixing,<Substance CCCCCl{solv}{x=0.294000}|CN1CCCC1=O{solv}{x=0.706000}>,CCCCCl,CN1CCCC1=O,fb-fit-v0-single-mean-k20,3,0.7574239478719846,0.0404517911981733,0.145,0.002
9578,2648,dens_897975104490051322,338,Density,<Substance CCCCCl{solv}{x=0.296100}|CN1CCCC1=O{solv}{x=0.703900}>,CCCCCl,CN1CCCC1=O,fb-fit-v0-single-mean-k20,3,0.970968959233572,0.0002204938651945,0.9862000000000004,0.0001
9579,2649,dens_1393365907116297965,339,Density,<Substance CCCCCl{solv}{x=0.702600}|CN1CCCC1=O{solv}{x=0.297400}>,CCCCCl,CN1CCCC1=O,fb-fit-v0-single-mean-k20,3,0.9146491466928004,0.0002709036139825,0.9268000000000002,0.0001
9580,2650,dhmix_1769887717174104485,340,EnthalpyOfMixing,<Substance CCCCCl{solv}{x=0.787000}|CN1CCCC1=O{solv}{x=0.213000}>,CCCCCl,CN1CCCC1=O,fb-fit-v0-single-mean-k20,3,0.5339005549759435,0.0431488353353978,0.081,0.002
9581,2651,dens_2070183543451797213,341,Density,<Substance CCCCCl{solv}{x=0.494800}|CN1CCCC1=O{solv}{x=0.505200}>,CCCCCl,CN1CCCC1=O,fb-fit-v0-single-mean-k20,3,0.944790236849161,0.0002693612482552,0.9575000000000002,0.0001
9582,2652,dens_164369774990422412,342,Density,<Substance CC(C)O{solv}{x=0.764900}|CCOC=O{solv}{x=0.235100}>,CC(C)O,CCOC=O,fb-fit-v0-single-mean-k20,3,0.8282877770964837,0.0003144018871801,0.8088000000000002,0.00035
9583,2653,dens_200561035496770448,343,Density,<Substance CC(C)O{solv}{x=0.265100}|CCOC=O{solv}{x=0.734900}>,CC(C)O,CCOC=O,fb-fit-v0-single-mean-k20,3,0.8982406927770894,0.0003312099214551,0.8710000000000002,0.0003
9584,2654,dens_1124622586228643363,344,Density,<Substance CC(C)O{solv}{x=0.441300}|CCOC=O{solv}{x=0.558700}>,CC(C)O,CCOC=O,fb-fit-v0-single-mean-k20,3,0.8735566545899294,0.0003029439406993,0.8482000000000003,0.00035
9585,2655,dens_166030075147825025,345,Density,<Substance Clc1ccccc1{solv}{x=0.467900}|c1ccccc1{solv}{x=0.532100}>,Clc1ccccc1,c1ccccc1,fb-fit-v0-single-mean-k20,3,1.0020094210642567,0.0002575745909763,0.9877000000000002,0.00025
9586,2656,dens_796537469137871297,346,Density,<Substance Clc1ccccc1{solv}{x=0.735800}|c1ccccc1{solv}{x=0.264200}>,Clc1ccccc1,c1ccccc1,fb-fit-v0-single-mean-k20,3,1.062798335396229,0.0002350894258857,1.0465000000000002,0.0002
9587,2657,dhmix_1485547099225054006,347,EnthalpyOfMixing,<Substance Clc1ccccc1{solv}{x=0.777700}|c1ccccc1{solv}{x=0.222300}>,Clc1ccccc1,c1ccccc1,fb-fit-v0-single-mean-k20,3,0.0252579010960616,0.0348505092208369,-0.0036,0.0004
9588,2658,dhmix_1808283008183194060,348,EnthalpyOfMixing,<Substance Clc1ccccc1{solv}{x=0.225800}|c1ccccc1{solv}{x=0.774200}>,Clc1ccccc1,c1ccccc1,fb-fit-v0-single-mean-k20,3,-0.0470924548397704,0.0377027223369779,-0.0046,0.0004
9589,2659,dhmix_2008892820486470381,349,EnthalpyOfMixing,<Substance Clc1ccccc1{solv}{x=0.466600}|c1ccccc1{solv}{x=0.533400}>,Clc1ccccc1,c1ccccc1,fb-fit-v0-single-mean-k20,3,0.0236955880649247,0.0348959950668649,-0.0057,0.0004
9590,2660,dens_2142546524113318099,350,Density,<Substance Clc1ccccc1{solv}{x=0.293100}|c1ccccc1{solv}{x=0.706900}>,Clc1ccccc1,c1ccccc1,fb-fit-v0-single-mean-k20,3,0.9599198630013313,0.0002501238127586,0.9468000000000002,0.00025
9591,2661,dhmix_166527628917371560,351,EnthalpyOfMixing,<Substance CCCCCC(C)=O{solv}{x=0.500700}|CCCNCCC{solv}{x=0.499300}>,CCCCCC(C)=O,CCCNCCC,fb-fit-v0-single-mean-k20,3,-0.0968886076155186,0.051003999171156,0.162,0.002
9592,2662,dhmix_181797488552739205,352,EnthalpyOfMixing,<Substance CCCCCC(C)=O{solv}{x=0.213200}|CCCNCCC{solv}{x=0.786800}>,CCCCCC(C)=O,CCCNCCC,fb-fit-v0-single-mean-k20,3,-0.116652782551256,0.042558686098778,0.137,0.0015
9593,2663,dens_286521458049436805,353,Density,<Substance CCCCCC(C)=O{solv}{x=0.542700}|CCCNCCC{solv}{x=0.457300}>,CCCCCC(C)=O,CCCNCCC,fb-fit-v0-single-mean-k20,3,0.7783665363921856,0.0001769679181198,0.7766620000000002,0.0001215
9594,2664,dens_740930494074770103,354,Density,<Substance CCCCCC(C)=O{solv}{x=0.252600}|CCCNCCC{solv}{x=0.747400}>,CCCCCC(C)=O,CCCNCCC,fb-fit-v0-single-mean-k20,3,0.7565319944433766,0.000180858387574,0.7540050000000001,0.0001215
9595,2665,dhmix_1180133264815330249,355,EnthalpyOfMixing,<Substance CCCCCC(C)=O{solv}{x=0.788000}|CCCNCCC{solv}{x=0.212000}>,CCCCCC(C)=O,CCCNCCC,fb-fit-v0-single-mean-k20,3,-0.1412784791788226,0.0523807292166091,0.088,0.001
9596,2666,dens_1237727796782189302,356,Density,<Substance CCCCCC(C)=O{solv}{x=0.741800}|CCCNCCC{solv}{x=0.258200}>,CCCCCC(C)=O,CCCNCCC,fb-fit-v0-single-mean-k20,3,0.7920758826593695,0.0001785308093101,0.7918920000000003,0.00012
9597,2667,dens_168376639142843665,357,Density,<Substance BrCCBr{solv}{x=0.084500}|CCOC(=O)CC{solv}{x=0.915500}>,BrCCBr,CCOC(=O)CC,fb-fit-v0-single-mean-k20,3,0.9655472568341474,0.0002885253559095,0.9671200000000002,0.001185
9598,2668,dhmix_897092526028522426,358,EnthalpyOfMixing,<Substance BrCCBr{solv}{x=0.753700}|CCOC(=O)CC{solv}{x=0.246300}>,BrCCBr,CCOC(=O)CC,fb-fit-v0-single-mean-k20,3,-0.2125855194615482,0.0365135466418393,0.0052,0.0008
9599,2669,dhmix_1078383344298013541,359,EnthalpyOfMixing,<Substance BrCCBr{solv}{x=0.084100}|CCOC(=O)CC{solv}{x=0.915900}>,BrCCBr,CCOC(=O)CC,fb-fit-v0-single-mean-k20,3,-0.1001403037692671,0.0453909237378691,-0.0683,0.0014
9600,2670,dhmix_1103515663691342839,360,EnthalpyOfMixing,<Substance BrCCBr{solv}{x=0.514000}|CCOC(=O)CC{solv}{x=0.486000}>,BrCCBr,CCOC(=O)CC,fb-fit-v0-single-mean-k20,3,-0.3104204758055511,0.0401236309112803,-0.1259,0.00205
9601,2671,dens_1193015082780501702,361,Density,<Substance BrCCBr{solv}{x=0.484400}|CCOC(=O)CC{solv}{x=0.515600}>,BrCCBr,CCOC(=O)CC,fb-fit-v0-single-mean-k20,3,1.4016139078970498,0.0004199719590795,1.4136000000000002,0.001165
9602,2672,dens_1660732943693703463,362,Density,<Substance BrCCBr{solv}{x=0.714800}|CCOC(=O)CC{solv}{x=0.285200}>,BrCCBr,CCOC(=O)CC,fb-fit-v0-single-mean-k20,3,1.698991951405511,0.0003646426164162,1.7205300000000003,0.000985
9603,2673,dens_172622055198885625,363,Density,<Substance CCCCOCCO{solv}{x=0.499500}|c1ccccc1{solv}{x=0.500500}>,CCCCOCCO,c1ccccc1,fb-fit-v0-single-mean-k20,3,0.8864436559814642,0.0002012598937604,0.8864700000000002,0.000795
9604,2674,dens_615182082919776992,364,Density,<Substance CCCCOCCO{solv}{x=0.753500}|c1ccccc1{solv}{x=0.246500}>,CCCCOCCO,c1ccccc1,fb-fit-v0-single-mean-k20,3,0.8897083646414621,0.0001827024313821,0.8924600000000003,0.00077
9605,2675,dens_1014762781474427089,365,Density,<Substance CCCCOCCO{solv}{x=0.248800}|c1ccccc1{solv}{x=0.751200}>,CCCCOCCO,c1ccccc1,fb-fit-v0-single-mean-k20,3,0.8842328456955582,0.0001642471763108,0.8790000000000002,0.00083
9606,2676,dhmix_1209838039340638454,366,EnthalpyOfMixing,<Substance CCCCOCCO{solv}{x=0.729700}|c1ccccc1{solv}{x=0.270300}>,CCCCOCCO,c1ccccc1,fb-fit-v0-single-mean-k20,3,0.3467123781885277,0.0479463520628764,0.3037,0.00335
9607,2677,dhmix_1416395432810708431,367,EnthalpyOfMixing,<Substance CCCCOCCO{solv}{x=0.266500}|c1ccccc1{solv}{x=0.733500}>,CCCCOCCO,c1ccccc1,fb-fit-v0-single-mean-k20,3,0.7544532854929145,0.0469714540732688,0.6895,0.00745
9608,2678,dhmix_1775479338186698605,368,EnthalpyOfMixing,<Substance CCCCOCCO{solv}{x=0.503000}|c1ccccc1{solv}{x=0.497000}>,CCCCOCCO,c1ccccc1,fb-fit-v0-single-mean-k20,3,0.6746903638376835,0.0425573779279282,0.5563,0.00605
9609,2679,dens_173950346939686352,369,Density,<Substance CCOC(=O)CC(=O)OCC{solv}{x=0.797800}|CO{solv}{x=0.202200}>,CCOC(=O)CC(=O)OCC,CO,fb-fit-v0-single-mean-k20,3,1.0402479609192656,0.0002038246749776,1.0336070000000002,0.0001155
9610,2680,dhmix_796570713446660029,370,EnthalpyOfMixing,<Substance CCOC(=O)CC(=O)OCC{solv}{x=0.745300}|CO{solv}{x=0.254700}>,CCOC(=O)CC(=O)OCC,CO,fb-fit-v0-single-mean-k20,3,1.1231208843274487,0.0519768589828938,1.184,0.013
9611,2681,dhmix_1053189657313504079,371,EnthalpyOfMixing,<Substance CCOC(=O)CC(=O)OCC{solv}{x=0.499300}|CO{solv}{x=0.500700}>,CCOC(=O)CC(=O)OCC,CO,fb-fit-v0-single-mean-k20,3,1.4680005327565766,0.0405042030052595,1.426,0.0155
9612,2682,dens_1109796780897697143,372,Density,<Substance CCOC(=O)CC(=O)OCC{solv}{x=0.500400}|CO{solv}{x=0.499600}>,CCOC(=O)CC(=O)OCC,CO,fb-fit-v0-single-mean-k20,3,0.9985495043986832,0.0002323956876941,0.9962350000000002,9.150000000000002e-05
9613,2683,dens_1145191816882985532,373,Density,<Substance CCOC(=O)CC(=O)OCC{solv}{x=0.250100}|CO{solv}{x=0.749900}>,CCOC(=O)CC(=O)OCC,CO,fb-fit-v0-single-mean-k20,3,0.9304768693839182,0.0002970329479474,0.9355040000000002,0.0001385
9614,2684,dhmix_1394433819711651760,374,EnthalpyOfMixing,<Substance CCOC(=O)CC(=O)OCC{solv}{x=0.251500}|CO{solv}{x=0.748500}>,CCOC(=O)CC(=O)OCC,CO,fb-fit-v0-single-mean-k20,3,1.247344215775108,0.0333646862331854,1.083,0.0115
9615,2685,dhmix_176700813960387714,375,EnthalpyOfMixing,<Substance CC(=O)N(C)C{solv}{x=0.211000}|ClCCCCCl{solv}{x=0.789000}>,CC(=O)N(C)C,ClCCCCCl,fb-fit-v0-single-mean-k20,3,-0.0320997100882607,0.0383246872695926,-0.188,0.0025
9616,2686,dhmix_422276068008732896,376,EnthalpyOfMixing,<Substance CC(=O)N(C)C{solv}{x=0.506000}|ClCCCCCl{solv}{x=0.494000}>,CC(=O)N(C)C,ClCCCCCl,fb-fit-v0-single-mean-k20,3,-0.0372384323547585,0.0423493422362307,-0.314,0.0025
9617,2687,dhmix_591740475541975327,377,EnthalpyOfMixing,<Substance CC(=O)N(C)C{solv}{x=0.705000}|ClCCCCCl{solv}{x=0.295000}>,CC(=O)N(C)C,ClCCCCCl,fb-fit-v0-single-mean-k20,3,-0.0379293841838084,0.0327536591513945,-0.281,0.0025
9618,2688,dens_600718364672681210,378,Density,<Substance CC(=O)N(C)C{solv}{x=0.200100}|ClCCCCCl{solv}{x=0.799900}>,CC(=O)N(C)C,ClCCCCCl,fb-fit-v0-single-mean-k20,3,1.0872905967409678,0.0002051018560791,1.0978,0.0023
9619,2689,dens_833309518494254389,379,Density,<Substance CC(=O)N(C)C{solv}{x=0.698700}|ClCCCCCl{solv}{x=0.301300}>,CC(=O)N(C)C,ClCCCCCl,fb-fit-v0-single-mean-k20,3,0.97610561909392,0.0002315996753204,1.0011000000000003,0.0023
9620,2690,dens_1473570029953486090,380,Density,<Substance CC(=O)N(C)C{solv}{x=0.500900}|ClCCCCCl{solv}{x=0.499100}>,CC(=O)N(C)C,ClCCCCCl,fb-fit-v0-single-mean-k20,3,1.0227258063149232,0.0002559355474328,1.0407000000000004,0.00225
9621,2691,dens_176740025668330569,381,Density,<Substance C1CCCCC1{solv}{x=0.499400}|C1COCCO1{solv}{x=0.500600}>,C1CCCCC1,C1COCCO1,fb-fit-v0-single-mean-k20,3,0.8733667283129418,0.0002208576061059,0.8769800000000002,8.500000000000002e-05
9622,2692,dens_476825312331327209,382,Density,<Substance C1CCCCC1{solv}{x=0.297200}|C1COCCO1{solv}{x=0.702800}>,C1CCCCC1,C1COCCO1,fb-fit-v0-single-mean-k20,3,0.928567259012854,0.0001884182973915,0.9312200000000004,7.000000000000002e-05
9623,2693,dens_985438980823024302,383,Density,<Substance C1CCCCC1{solv}{x=0.699700}|C1COCCO1{solv}{x=0.300300}>,C1CCCCC1,C1COCCO1,fb-fit-v0-single-mean-k20,3,0.8250701568563694,0.0002031082868462,0.8305800000000002,0.0001
9624,2694,dhmix_1624213860575299641,384,EnthalpyOfMixing,<Substance C1CCCCC1{solv}{x=0.492800}|C1COCCO1{solv}{x=0.507200}>,C1CCCCC1,C1COCCO1,fb-fit-v0-single-mean-k20,3,2.028860038701481,0.0417710062001668,1.588,0.008
9625,2695,dhmix_1900199136965747019,385,EnthalpyOfMixing,<Substance C1CCCCC1{solv}{x=0.239400}|C1COCCO1{solv}{x=0.760600}>,C1CCCCC1,C1COCCO1,fb-fit-v0-single-mean-k20,3,1.4289189663865187,0.0365523133353283,1.124,0.007
9626,2696,dhmix_2022274493214392184,386,EnthalpyOfMixing,<Substance C1CCCCC1{solv}{x=0.744200}|C1COCCO1{solv}{x=0.255800}>,C1CCCCC1,C1COCCO1,fb-fit-v0-single-mean-k20,3,1.4986897505872037,0.0443767927906426,1.262,0.007
9627,2697,dhmix_182795551078530810,387,EnthalpyOfMixing,<Substance C1COCCO1{solv}{x=0.491200}|Cc1ccccc1Cl{solv}{x=0.508800}>,C1COCCO1,Cc1ccccc1Cl,fb-fit-v0-single-mean-k20,3,0.2932694449545181,0.0471539307340899,0.356,0.002
9628,2698,dens_242592003865933955,388,Density,<Substance C1COCCO1{solv}{x=0.835700}|Cc1ccccc1Cl{solv}{x=0.164300}>,C1COCCO1,Cc1ccccc1Cl,fb-fit-v0-single-mean-k20,3,1.0275862956038906,0.0002578597476258,1.0256,0.0005
9629,2699,dens_810150133181620718,389,Density,<Substance C1COCCO1{solv}{x=0.513600}|Cc1ccccc1Cl{solv}{x=0.486400}>,C1COCCO1,Cc1ccccc1Cl,fb-fit-v0-single-mean-k20,3,1.059919359389023,0.0002540136331642,1.0536,0.0005
9630,2700,dhmix_1949119093643648586,390,EnthalpyOfMixing,<Substance C1COCCO1{solv}{x=0.246200}|Cc1ccccc1Cl{solv}{x=0.753800}>,C1COCCO1,Cc1ccccc1Cl,fb-fit-v0-single-mean-k20,3,0.1689618187233321,0.0443728492162729,0.206,0.001
9631,2701,dens_2161584607380261748,391,Density,<Substance C1COCCO1{solv}{x=0.226300}|Cc1ccccc1Cl{solv}{x=0.773700}>,C1COCCO1,Cc1ccccc1Cl,fb-fit-v0-single-mean-k20,3,1.0759236124924592,0.0001758676230457,1.0674000000000003,0.0005
9632,2702,dhmix_2190589845176325501,392,EnthalpyOfMixing,<Substance C1COCCO1{solv}{x=0.835700}|Cc1ccccc1Cl{solv}{x=0.164300}>,C1COCCO1,Cc1ccccc1Cl,fb-fit-v0-single-mean-k20,3,0.0732356453974887,0.0470064813605138,0.244,0.0015
9633,2703,dens_194492664772262961,393,Density,<Substance CCCOC=O{solv}{x=0.479500}|ClCCCl{solv}{x=0.520500}>,CCCOC=O,ClCCCl,fb-fit-v0-single-mean-k20,3,1.0647785507935887,0.0003563197769147,1.0603100000000003,0.00196
9634,2704,dhmix_438833720470542962,394,EnthalpyOfMixing,<Substance CCCOC=O{solv}{x=0.738500}|ClCCCl{solv}{x=0.261500}>,CCCOC=O,ClCCCl,fb-fit-v0-single-mean-k20,3,-0.0089392366953546,0.0421949884613874,-0.205,0.0025
9635,2705,dens_598528978367940263,395,Density,<Substance CCCOC=O{solv}{x=0.254300}|ClCCCl{solv}{x=0.745700}>,CCCOC=O,ClCCCl,fb-fit-v0-single-mean-k20,3,1.1371179936981262,0.0002648495479309,1.1418800000000005,0.002835
9636,2706,dens_822197650497048256,396,Density,<Substance CCCOC=O{solv}{x=0.728100}|ClCCCl{solv}{x=0.271900}>,CCCOC=O,ClCCCl,fb-fit-v0-single-mean-k20,3,0.9905584109255382,0.0002728768840718,0.9794600000000002,0.001275
9637,2707,dhmix_1971772628311560569,397,EnthalpyOfMixing,<Substance CCCOC=O{solv}{x=0.503500}|ClCCCl{solv}{x=0.496500}>,CCCOC=O,ClCCCl,fb-fit-v0-single-mean-k20,3,0.0336644235921959,0.0285725658171106,-0.254,0.003
9638,2708,dhmix_2087301877194561078,398,EnthalpyOfMixing,<Substance CCCOC=O{solv}{x=0.273300}|ClCCCl{solv}{x=0.726700}>,CCCOC=O,ClCCCl,fb-fit-v0-single-mean-k20,3,0.0724371951123572,0.027941843034151,-0.154,0.002
9639,2709,dens_196547737404430199,399,Density,<Substance CCC(C)(C)O{solv}{x=0.258400}|CCO{solv}{x=0.741600}>,CCC(C)(C)O,CCO,fb-fit-v0-single-mean-k20,3,0.8027413701399096,0.0002584901380892,0.7933000000000001,0.0005
9640,2710,dens_476512869308734578,400,Density,<Substance CCC(C)(C)O{solv}{x=0.549500}|CCO{solv}{x=0.450500}>,CCC(C)(C)O,CCO,fb-fit-v0-single-mean-k20,3,0.8154169565690637,0.0002810014244571,0.8018000000000002,0.0005
9641,2711,dens_822446541953482206,401,Density,<Substance CCC(C)(C)O{solv}{x=0.676500}|CCO{solv}{x=0.323500}>,CCC(C)(C)O,CCO,fb-fit-v0-single-mean-k20,3,0.8193609579359781,0.0004875104338806,0.8048000000000002,0.0005
9642,2712,dhmix_935690434592096067,402,EnthalpyOfMixing,<Substance CCC(C)(C)O{solv}{x=0.460700}|CCO{solv}{x=0.539300}>,CCC(C)(C)O,CCO,fb-fit-v0-single-mean-k20,3,-0.950503750953076,0.0357427886603801,-0.95,0.00405
9643,2713,dhmix_1167190373485301023,403,EnthalpyOfMixing,<Substance CCC(C)(C)O{solv}{x=0.730600}|CCO{solv}{x=0.269400}>,CCC(C)(C)O,CCO,fb-fit-v0-single-mean-k20,3,-1.0060501452932538,0.0416881344662591,-0.7709,0.00335
9644,2714,dhmix_1275914601266938667,404,EnthalpyOfMixing,<Substance CCC(C)(C)O{solv}{x=0.280700}|CCO{solv}{x=0.719300}>,CCC(C)(C)O,CCO,fb-fit-v0-single-mean-k20,3,-0.5995503765916137,0.0361020830796459,-0.7056,0.0031
9645,2715,dens_196896428021674416,405,Density,<Substance OCCCCO{solv}{x=0.250400}|O{solv}{x=0.749600}>,O,OCCCCO,fb-fit-v0-single-mean-k20,3,1.0107578778584314,0.0003749253817287,1.0206500000000005,0.000165
9646,2716,dhmix_204758826312645465,406,EnthalpyOfMixing,<Substance OCCCCO{solv}{x=0.498600}|O{solv}{x=0.501400}>,O,OCCCCO,fb-fit-v0-single-mean-k20,3,0.3564000961104447,0.0275713812083005,-0.882,0.011
9647,2717,dens_523660418548538159,407,Density,<Substance OCCCCO{solv}{x=0.502000}|O{solv}{x=0.498000}>,O,OCCCCO,fb-fit-v0-single-mean-k20,3,1.0170745858427177,0.0004591501658314,1.0207100000000002,0.000175
9648,2718,dhmix_1424462945700338266,408,EnthalpyOfMixing,<Substance OCCCCO{solv}{x=0.794700}|O{solv}{x=0.205300}>,O,OCCCCO,fb-fit-v0-single-mean-k20,3,-0.157302706928582,0.0393134538450045,-0.513,0.007
9649,2719,dhmix_2166372532060643622,409,EnthalpyOfMixing,<Substance OCCCCO{solv}{x=0.265800}|O{solv}{x=0.734200}>,O,OCCCCO,fb-fit-v0-single-mean-k20,3,0.5735491507430694,0.0254091399299391,-0.896,0.0115
9650,2720,dens_2215793475715067258,410,Density,<Substance OCCCCO{solv}{x=0.752800}|O{solv}{x=0.247200}>,O,OCCCCO,fb-fit-v0-single-mean-k20,3,1.0223299420805223,0.0003151162885865,1.0165900000000003,0.00018
9651,2721,dhmix_199788824133179829,411,EnthalpyOfMixing,<Substance CNc1ccccc1{solv}{x=0.497300}|Cc1ccccc1{solv}{x=0.502700}>,CNc1ccccc1,Cc1ccccc1,fb-fit-v0-single-mean-k20,3,0.8542268418140964,0.0417261069992623,0.497,0.0055
9652,2722,dens_515118724178190757,412,Density,<Substance CNc1ccccc1{solv}{x=0.740700}|Cc1ccccc1{solv}{x=0.259300}>,CNc1ccccc1,Cc1ccccc1,fb-fit-v0-single-mean-k20,3,0.9613815052301722,0.0003649468278713,0.9531280000000004,0.0002595
9653,2723,dens_730775902780400634,413,Density,<Substance CNc1ccccc1{solv}{x=0.245200}|Cc1ccccc1{solv}{x=0.754800}>,CNc1ccccc1,Cc1ccccc1,fb-fit-v0-single-mean-k20,3,0.8982177669396599,0.000155154747758,0.8935250000000002,0.000118
9654,2724,dhmix_1213795502778853356,414,EnthalpyOfMixing,<Substance CNc1ccccc1{solv}{x=0.295200}|Cc1ccccc1{solv}{x=0.704800}>,CNc1ccccc1,Cc1ccccc1,fb-fit-v0-single-mean-k20,3,0.7852335618005597,0.0435203640756917,0.459,0.005
9655,2725,dhmix_1321810550349826496,415,EnthalpyOfMixing,<Substance CNc1ccccc1{solv}{x=0.789200}|Cc1ccccc1{solv}{x=0.210800}>,CNc1ccccc1,Cc1ccccc1,fb-fit-v0-single-mean-k20,3,0.5606432673224973,0.0571889769680078,0.287,0.003
9656,2726,dens_2156484405108449314,416,Density,<Substance CNc1ccccc1{solv}{x=0.490000}|Cc1ccccc1{solv}{x=0.510000}>,CNc1ccccc1,Cc1ccccc1,fb-fit-v0-single-mean-k20,3,0.9287614821986472,0.0001963444833145,0.9235800000000004,0.000164
9657,2727,dens_199829369486957606,417,Density,<Substance CC#N{solv}{x=0.200300}|c1ccccc1{solv}{x=0.799700}>,CC#N,c1ccccc1,fb-fit-v0-single-mean-k20,3,0.8684449746307917,0.0002202751313482,0.8623400000000002,7.000000000000002e-05
9658,2728,dhmix_217315956534335620,418,EnthalpyOfMixing,<Substance CC#N{solv}{x=0.771500}|c1ccccc1{solv}{x=0.228500}>,CC#N,c1ccccc1,fb-fit-v0-single-mean-k20,3,0.0709533427771713,0.0283837161115131,0.3988,0.00815
9659,2729,dhmix_730497723685339496,419,EnthalpyOfMixing,<Substance CC#N{solv}{x=0.219600}|c1ccccc1{solv}{x=0.780400}>,CC#N,c1ccccc1,fb-fit-v0-single-mean-k20,3,-0.0345579938903526,0.0365230787315626,0.2399,0.00495
9660,2730,dhmix_1038591828122641798,420,EnthalpyOfMixing,<Substance CC#N{solv}{x=0.529500}|c1ccccc1{solv}{x=0.470500}>,CC#N,c1ccccc1,fb-fit-v0-single-mean-k20,3,0.07081098011807,0.0298791464145125,0.4415,0.00905
9661,2731,dens_1457706963514561052,421,Density,<Substance CC#N{solv}{x=0.500100}|c1ccccc1{solv}{x=0.499900}>,CC#N,c1ccccc1,fb-fit-v0-single-mean-k20,3,0.8376807687344522,0.000282269477181,0.8384600000000002,7.500000000000002e-05
9662,2732,dens_2111393000623474162,422,Density,<Substance CC#N{solv}{x=0.700200}|c1ccccc1{solv}{x=0.299800}>,CC#N,c1ccccc1,fb-fit-v0-single-mean-k20,3,0.8115386055573701,0.0002597614561941,0.8174500000000002,7.500000000000002e-05
9663,2733,dens_201591193434833206,423,Density,<Substance CC(C)CC(C)(C)C{solv}{x=0.082400}|CCO{solv}{x=0.917600}>,CC(C)CC(C)(C)C,CCO,fb-fit-v0-single-mean-k20,3,0.7632094220170074,0.0003032683408622,0.7605800000000003,0.000125
9664,2734,dhmix_371477530823830451,424,EnthalpyOfMixing,<Substance CC(C)CC(C)(C)C{solv}{x=0.761700}|CCO{solv}{x=0.238300}>,CC(C)CC(C)(C)C,CCO,fb-fit-v0-single-mean-k20,3,0.7042290170561643,0.0478239579897805,0.634022,0.006851
9665,2735,dhmix_1127868571780691876,425,EnthalpyOfMixing,<Substance CC(C)CC(C)(C)C{solv}{x=0.515800}|CCO{solv}{x=0.484200}>,CC(C)CC(C)(C)C,CCO,fb-fit-v0-single-mean-k20,3,0.7746299345023004,0.0448663991708931,0.638973,0.006903
9666,2736,dens_1250915879314267304,426,Density,<Substance CC(C)CC(C)(C)C{solv}{x=0.493740}|CCO{solv}{x=0.506260}>,CC(C)CC(C)(C)C,CCO,fb-fit-v0-single-mean-k20,3,0.728857747322465,0.000216433529729,0.7110500000000001,7.500000000000002e-05
9667,2737,dens_1473791133383705310,427,Density,<Substance CC(C)CC(C)(C)C{solv}{x=0.735960}|CCO{solv}{x=0.264040}>,CC(C)CC(C)(C)C,CCO,fb-fit-v0-single-mean-k20,3,0.7182679750701924,0.0002312581902821,0.6967900000000001,7.500000000000002e-05
9668,2738,dhmix_1870637719976274804,428,EnthalpyOfMixing,<Substance CC(C)CC(C)(C)C{solv}{x=0.081500}|CCO{solv}{x=0.918500}>,CC(C)CC(C)(C)C,CCO,fb-fit-v0-single-mean-k20,3,0.2731770198905376,0.0360376115171213,0.197762,0.0022405
9669,2739,dens_202472488934755108,429,Density,<Substance CCC#N{solv}{x=0.301800}|CCOC(C)(C)C{solv}{x=0.698200}>,CCC#N,CCOC(C)(C)C,fb-fit-v0-single-mean-k20,3,0.7543256000289643,0.0002070358008167,0.7455000000000002,0.0002
9670,2740,dens_266175665931869051,430,Density,<Substance CCC#N{solv}{x=0.701400}|CCOC(C)(C)C{solv}{x=0.298600}>,CCC#N,CCOC(C)(C)C,fb-fit-v0-single-mean-k20,3,0.762924101781801,0.0002657531404167,0.7617000000000003,0.00035
9671,2741,dhmix_801664072836508009,431,EnthalpyOfMixing,<Substance CCC#N{solv}{x=0.301800}|CCOC(C)(C)C{solv}{x=0.698200}>,CCC#N,CCOC(C)(C)C,fb-fit-v0-single-mean-k20,3,-0.02629863138932,0.044488921959241,0.4557,0.0062
9672,2742,dhmix_1220778152018571786,432,EnthalpyOfMixing,<Substance CCC#N{solv}{x=0.501400}|CCOC(C)(C)C{solv}{x=0.498600}>,CCC#N,CCOC(C)(C)C,fb-fit-v0-single-mean-k20,3,0.0939687576647294,0.0357706584809638,0.5053,0.00685
9673,2743,dhmix_1838699488178562925,433,EnthalpyOfMixing,<Substance CCC#N{solv}{x=0.701400}|CCOC(C)(C)C{solv}{x=0.298600}>,CCC#N,CCOC(C)(C)C,fb-fit-v0-single-mean-k20,3,0.1000990090876783,0.0370714848483999,0.4078,0.0056
9674,2744,dens_1870081876609026392,434,Density,<Substance CCC#N{solv}{x=0.501400}|CCOC(C)(C)C{solv}{x=0.498600}>,CCC#N,CCOC(C)(C)C,fb-fit-v0-single-mean-k20,3,0.7587756405309699,0.000179237583536,0.7532000000000002,0.0003
9675,2745,dens_205210513551931414,435,Density,<Substance CCCC#N{solv}{x=0.200000}|c1ccccc1{solv}{x=0.800000}>,CCCC#N,c1ccccc1,fb-fit-v0-single-mean-k20,3,0.8625386932316413,0.0001937464347565,0.8576940000000002,5.400000000000001e-05
9676,2746,dens_841576887891022329,436,Density,<Substance CCCC#N{solv}{x=0.500000}|c1ccccc1{solv}{x=0.500000}>,CCCC#N,c1ccccc1,fb-fit-v0-single-mean-k20,3,0.8311252267357914,0.0001702273579656,0.8318550000000002,5.8000000000000014e-05
9677,2747,dhmix_901910638840590393,437,EnthalpyOfMixing,<Substance CCCC#N{solv}{x=0.503700}|c1ccccc1{solv}{x=0.496300}>,CCCC#N,c1ccccc1,fb-fit-v0-single-mean-k20,3,0.0167712232822623,0.0400535810836603,-0.0659,0.00145
9678,2748,dhmix_1123099162248680479,438,EnthalpyOfMixing,<Substance CCCC#N{solv}{x=0.752800}|c1ccccc1{solv}{x=0.247200}>,CCCC#N,c1ccccc1,fb-fit-v0-single-mean-k20,3,0.0098235927907879,0.0403524146398452,-0.0312,0.0008
9679,2749,dhmix_1318990508180847616,439,EnthalpyOfMixing,<Substance CCCC#N{solv}{x=0.252800}|c1ccccc1{solv}{x=0.747200}>,CCCC#N,c1ccccc1,fb-fit-v0-single-mean-k20,3,-0.0077920629845849,0.0390620324471932,-0.0571,0.00125
9680,2750,dens_1950627772023797339,440,Density,<Substance CCCC#N{solv}{x=0.700000}|c1ccccc1{solv}{x=0.300000}>,CCCC#N,c1ccccc1,fb-fit-v0-single-mean-k20,3,0.8106773507051865,0.0002252161667604,0.8138540000000002,6.100000000000001e-05
9681,2751,dhmix_207411229673186667,441,EnthalpyOfMixing,<Substance CC(C)(C)Cl{solv}{x=0.774700}|CC(C)OC(C)C{solv}{x=0.225300}>,CC(C)(C)Cl,CC(C)OC(C)C,fb-fit-v0-single-mean-k20,3,-0.0597523356418285,0.0407702720874354,0.0035,0.0004
9682,2752,dhmix_263164663491745943,442,EnthalpyOfMixing,<Substance CC(C)(C)Cl{solv}{x=0.551200}|CC(C)OC(C)C{solv}{x=0.448800}>,CC(C)(C)Cl,CC(C)OC(C)C,fb-fit-v0-single-mean-k20,3,-0.1035440810383043,0.0418283420894757,0.0071,0.0004
9683,2753,dens_1527979990628499053,443,Density,<Substance CC(C)(C)Cl{solv}{x=0.514800}|CC(C)OC(C)C{solv}{x=0.485200}>,CC(C)(C)Cl,CC(C)OC(C)C,fb-fit-v0-single-mean-k20,3,0.7883162622600225,0.0002983481123854,0.7723510000000002,0.00042
9684,2754,dens_1616242241384486673,444,Density,<Substance CC(C)(C)Cl{solv}{x=0.715200}|CC(C)OC(C)C{solv}{x=0.284800}>,CC(C)(C)Cl,CC(C)OC(C)C,fb-fit-v0-single-mean-k20,3,0.8153384330580415,0.0002834935573338,0.7971450000000002,0.0003945
9685,2755,dens_2075469437997722238,445,Density,<Substance CC(C)(C)Cl{solv}{x=0.199100}|CC(C)OC(C)C{solv}{x=0.800900}>,CC(C)(C)Cl,CC(C)OC(C)C,fb-fit-v0-single-mean-k20,3,0.7517217182645097,0.0002399627225132,0.7376660000000003,0.0004545
9686,2756,dhmix_2101531043492089277,446,EnthalpyOfMixing,<Substance CC(C)(C)Cl{solv}{x=0.219200}|CC(C)OC(C)C{solv}{x=0.780800}>,CC(C)(C)Cl,CC(C)OC(C)C,fb-fit-v0-single-mean-k20,3,0.0050416678498308,0.045953182481668,0.007,0.0004
9687,2757,dens_210389881425986721,447,Density,<Substance C1COCO1{solv}{x=0.785000}|CCCCCC(C)=O{solv}{x=0.215000}>,C1COCO1,CCCCCC(C)=O,fb-fit-v0-single-mean-k20,3,0.9768041036095642,0.0002622611976749,0.9696500000000002,0.0003
9688,2758,dhmix_503329310014436107,448,EnthalpyOfMixing,<Substance C1COCO1{solv}{x=0.750000}|CCCCCC(C)=O{solv}{x=0.250000}>,C1COCO1,CCCCCC(C)=O,fb-fit-v0-single-mean-k20,3,0.4327941259444472,0.0394697727651119,0.37402,0.001955
9689,2759,dens_824084186033535550,449,Density,<Substance C1COCO1{solv}{x=0.507100}|CCCCCC(C)=O{solv}{x=0.492900}>,C1COCO1,CCCCCC(C)=O,fb-fit-v0-single-mean-k20,3,0.8961184751780312,0.0002066960095305,0.8936300000000003,0.00034
9690,2760,dens_839548343309182157,450,Density,<Substance C1COCO1{solv}{x=0.244000}|CCCCCC(C)=O{solv}{x=0.756000}>,C1COCO1,CCCCCC(C)=O,fb-fit-v0-single-mean-k20,3,0.844332614789441,0.0002212557088731,0.8445200000000002,0.00038
9691,2761,dhmix_1519451899562488304,451,EnthalpyOfMixing,<Substance C1COCO1{solv}{x=0.250000}|CCCCCC(C)=O{solv}{x=0.750000}>,C1COCO1,CCCCCC(C)=O,fb-fit-v0-single-mean-k20,3,0.3128051882219296,0.0513569658370429,0.2754,0.00155
9692,2762,dhmix_1874814461447958752,452,EnthalpyOfMixing,<Substance C1COCO1{solv}{x=0.500000}|CCCCCC(C)=O{solv}{x=0.500000}>,C1COCO1,CCCCCC(C)=O,fb-fit-v0-single-mean-k20,3,0.4406589602933977,0.0420097090988303,0.43148,0.00217
9693,2763,dhmix_219236717194413479,453,EnthalpyOfMixing,<Substance CCOc1ccccc1{solv}{x=0.762500}|OCCCc1ccccc1{solv}{x=0.237500}>,CCOc1ccccc1,OCCCc1ccccc1,fb-fit-v0-single-mean-k20,3,0.8356890674367179,0.0522794315308143,1.1164,0.01195
9694,2764,dens_391027492102555874,454,Density,<Substance CCOc1ccccc1{solv}{x=0.515000}|OCCCc1ccccc1{solv}{x=0.485000}>,CCOc1ccccc1,OCCCc1ccccc1,fb-fit-v0-single-mean-k20,3,0.9704978052049192,0.000202819565103,0.9715100000000002,0.00026
9695,2765,dens_603450583692592837,455,Density,<Substance CCOc1ccccc1{solv}{x=0.707400}|OCCCc1ccccc1{solv}{x=0.292600}>,CCOc1ccccc1,OCCCc1ccccc1,fb-fit-v0-single-mean-k20,3,0.9624734816915144,0.0002012555092092,0.9634300000000002,0.00026
9696,2766,dhmix_1297428070131435744,456,EnthalpyOfMixing,<Substance CCOc1ccccc1{solv}{x=0.516900}|OCCCc1ccccc1{solv}{x=0.483100}>,CCOc1ccccc1,OCCCc1ccccc1,fb-fit-v0-single-mean-k20,3,0.976346811465234,0.0524388894729319,0.989,0.0106
9697,2767,dens_1659818614169719187,457,Density,<Substance CCOc1ccccc1{solv}{x=0.216400}|OCCCc1ccccc1{solv}{x=0.783600}>,CCOc1ccccc1,OCCCc1ccccc1,fb-fit-v0-single-mean-k20,3,0.9826823704940324,0.0002352706635359,0.9832000000000004,0.00026
9698,2768,dhmix_2058966624473104004,458,EnthalpyOfMixing,<Substance CCOc1ccccc1{solv}{x=0.262900}|OCCCc1ccccc1{solv}{x=0.737100}>,CCOc1ccccc1,OCCCc1ccccc1,fb-fit-v0-single-mean-k20,3,0.3000553976449822,0.0689576861237615,0.7,0.00755
9699,2769,dhmix_224977805525763267,459,EnthalpyOfMixing,<Substance OCCO{solv}{x=0.519300}|O{solv}{x=0.480700}>,O,OCCO,fb-fit-v0-single-mean-k20,3,-0.0378484912670824,0.0305778556822629,-0.64,0.0035
9700,2770,dhmix_454389511592218960,460,EnthalpyOfMixing,<Substance OCCO{solv}{x=0.790900}|O{solv}{x=0.209100}>,O,OCCO,fb-fit-v0-single-mean-k20,3,0.0284846469513517,0.0428435637961156,-0.347,0.0025
9701,2771,dens_624011570206871166,461,Density,<Substance OCCO{solv}{x=0.500560}|O{solv}{x=0.499440}>,O,OCCO,fb-fit-v0-single-mean-k20,3,1.0932353731900708,0.0003733182768807,1.0923200000000002,0.0005
9702,2772,dhmix_997365299263661959,462,EnthalpyOfMixing,<Substance OCCO{solv}{x=0.205100}|O{solv}{x=0.794900}>,O,OCCO,fb-fit-v0-single-mean-k20,3,-0.0283406584036569,0.0249918619691515,-0.681,0.004
9703,2773,dens_1521229282261002740,463,Density,<Substance OCCO{solv}{x=0.299010}|O{solv}{x=0.700990}>,O,OCCO,fb-fit-v0-single-mean-k20,3,1.0682359903821674,0.0003806467400557,1.0735400000000002,0.0005
9704,2774,dens_2015496231826454735,464,Density,<Substance OCCO{solv}{x=0.706260}|O{solv}{x=0.293740}>,O,OCCO,fb-fit-v0-single-mean-k20,3,1.108908769666122,0.000400661096937,1.1022400000000003,0.0005
9705,2775,dhmix_230261418136264651,465,EnthalpyOfMixing,<Substance CCCCOC(C)=O{solv}{x=0.700700}|CCOC(C)=O{solv}{x=0.299300}>,CCCCOC(C)=O,CCOC(C)=O,fb-fit-v0-single-mean-k20,3,0.0599554385679788,0.0406217626571872,0.0594,0.001
9706,2776,dhmix_287092636460772443,466,EnthalpyOfMixing,<Substance CCCCOC(C)=O{solv}{x=0.501800}|CCOC(C)=O{solv}{x=0.498200}>,CCCCOC(C)=O,CCOC(C)=O,fb-fit-v0-single-mean-k20,3,-0.0170678970106266,0.0468465886851568,0.076,0.0012
9707,2777,dens_436289636626232396,467,Density,<Substance CCCCOC(C)=O{solv}{x=0.501800}|CCOC(C)=O{solv}{x=0.498200}>,CCCCOC(C)=O,CCOC(C)=O,fb-fit-v0-single-mean-k20,3,0.8894126755767572,0.0002357399024255,0.8829000000000002,0.0002
9708,2778,dens_1739528506032569134,468,Density,<Substance CCCCOC(C)=O{solv}{x=0.201200}|CCOC(C)=O{solv}{x=0.798800}>,CCCCOC(C)=O,CCOC(C)=O,fb-fit-v0-single-mean-k20,3,0.8962038154993954,0.0002415229464819,0.8889000000000001,0.0002
9709,2779,dhmix_1951544232160779982,469,EnthalpyOfMixing,<Substance CCCCOC(C)=O{solv}{x=0.201200}|CCOC(C)=O{solv}{x=0.798800}>,CCCCOC(C)=O,CCOC(C)=O,fb-fit-v0-single-mean-k20,3,0.0373930481781741,0.0394748077339612,0.0524,0.0009
9710,2780,dens_2199004103648094822,470,Density,<Substance CCCCOC(C)=O{solv}{x=0.700700}|CCOC(C)=O{solv}{x=0.299300}>,CCCCOC(C)=O,CCOC(C)=O,fb-fit-v0-single-mean-k20,3,0.8857840262440505,0.0002356771147446,0.8797000000000003,0.0002
9711,2781,dens_230610561971140401,471,Density,<Substance CN(C)CCO{solv}{x=0.507700}|O{solv}{x=0.492300}>,CN(C)CCO,O,fb-fit-v0-single-mean-k20,3,0.9300777981298812,0.0003018097893026,0.9237220000000002,0.000504
9712,2782,dens_531222131704065782,472,Density,<Substance CN(C)CCO{solv}{x=0.765200}|O{solv}{x=0.234800}>,CN(C)CCO,O,fb-fit-v0-single-mean-k20,3,0.9145408875204392,0.0002072394012118,0.8989030000000002,0.0005805
9713,2783,dhmix_569544738684419327,473,EnthalpyOfMixing,<Substance CN(C)CCO{solv}{x=0.536500}|O{solv}{x=0.463500}>,CN(C)CCO,O,fb-fit-v0-single-mean-k20,3,-2.806208292223566,0.0337151113348947,-2.575,0.0525
9714,2784,dens_1319192913326669904,474,Density,<Substance CN(C)CCO{solv}{x=0.264330}|O{solv}{x=0.735670}>,CN(C)CCO,O,fb-fit-v0-single-mean-k20,3,0.948455044644804,0.0002801042635905,0.9590000000000002,0.0029
9715,2785,dhmix_1669606825693628140,475,EnthalpyOfMixing,<Substance CN(C)CCO{solv}{x=0.205200}|O{solv}{x=0.794800}>,CN(C)CCO,O,fb-fit-v0-single-mean-k20,3,-1.865898416490567,0.022653128229386,-2.587,0.0525
9716,2786,dhmix_1723343163215510297,476,EnthalpyOfMixing,<Substance CN(C)CCO{solv}{x=0.799600}|O{solv}{x=0.200400}>,CN(C)CCO,O,fb-fit-v0-single-mean-k20,3,-1.6202579309351108,0.0443808486756571,-1.247,0.0255
9717,2787,dens_233554406241639981,477,Density,<Substance CC(C)CC(C)(C)C{solv}{x=0.200000}|CCCCOCCCC{solv}{x=0.800000}>,CC(C)CC(C)(C)C,CCCCOCCCC,fb-fit-v0-single-mean-k20,3,0.7526829559963517,0.0001972865744007,0.7497500000000001,0.00017
9718,2788,dhmix_465541682585001245,478,EnthalpyOfMixing,<Substance CC(C)CC(C)(C)C{solv}{x=0.200400}|CCCCOCCCC{solv}{x=0.799600}>,CC(C)CC(C)(C)C,CCCCOCCCC,fb-fit-v0-single-mean-k20,3,0.146170463755169,0.0516111378295679,0.07397,0.00099
9719,2789,dhmix_1505777056782392294,479,EnthalpyOfMixing,<Substance CC(C)CC(C)(C)C{solv}{x=0.400400}|CCCCOCCCC{solv}{x=0.599600}>,CC(C)CC(C)(C)C,CCCCOCCCC,fb-fit-v0-single-mean-k20,3,0.2318827871163478,0.0507004655720849,0.11538,0.001385
9720,2790,dhmix_1595104467389948583,480,EnthalpyOfMixing,<Substance CC(C)CC(C)(C)C{solv}{x=0.700500}|CCCCOCCCC{solv}{x=0.299500}>,CC(C)CC(C)(C)C,CCCCOCCCC,fb-fit-v0-single-mean-k20,3,0.2589636928227605,0.0497152007628148,0.10948,0.00133
9721,2791,dens_1672861274914038509,481,Density,<Substance CC(C)CC(C)(C)C{solv}{x=0.399700}|CCCCOCCCC{solv}{x=0.600300}>,CC(C)CC(C)(C)C,CCCCOCCCC,fb-fit-v0-single-mean-k20,3,0.7427486542033408,0.0001286662568437,0.7348100000000001,0.000175
9722,2792,dens_1954694146948787176,482,Density,<Substance CC(C)CC(C)(C)C{solv}{x=0.700000}|CCCCOCCCC{solv}{x=0.300000}>,CC(C)CC(C)(C)C,CCCCOCCCC,fb-fit-v0-single-mean-k20,3,0.7275106761746875,0.0001790368264651,0.7117300000000002,0.000185
9723,2793,dens_234746850701826990,483,Density,<Substance CC#N{solv}{x=0.700000}|CCCCCO{solv}{x=0.300000}>,CC#N,CCCCCO,fb-fit-v0-single-mean-k20,3,0.7892249498683098,0.0002653643082207,0.7924200000000001,0.000165
9724,2794,dens_1261543146081029601,484,Density,<Substance CC#N{solv}{x=0.500300}|CCCCCO{solv}{x=0.499700}>,CC#N,CCCCCO,fb-fit-v0-single-mean-k20,3,0.7998564749106267,0.0002336639589325,0.7996400000000001,0.000185
9725,2795,dens_1462197010819319813,485,Density,<Substance CC#N{solv}{x=0.203100}|CCCCCO{solv}{x=0.796900}>,CC#N,CCCCCO,fb-fit-v0-single-mean-k20,3,0.8117048270519104,0.0002380206180123,0.8090600000000001,0.00022
9726,2796,dhmix_1595997756227951615,486,EnthalpyOfMixing,<Substance CC#N{solv}{x=0.235500}|CCCCCO{solv}{x=0.764500}>,CC#N,CCCCCO,fb-fit-v0-single-mean-k20,3,1.392363956014968,0.0432745969114226,1.451,0.006
9727,2797,dhmix_1745037615762894827,487,EnthalpyOfMixing,<Substance CC#N{solv}{x=0.516700}|CCCCCO{solv}{x=0.483300}>,CC#N,CCCCCO,fb-fit-v0-single-mean-k20,3,2.0107523103320446,0.0355403559814157,2.017,0.008
9728,2798,dhmix_2294048253872291609,488,EnthalpyOfMixing,<Substance CC#N{solv}{x=0.771100}|CCCCCO{solv}{x=0.228900}>,CC#N,CCCCCO,fb-fit-v0-single-mean-k20,3,1.577974410625078,0.0323468427411162,1.656,0.007
9729,2799,dens_237912652331354824,489,Density,<Substance C1COCCO1{solv}{x=0.512200}|CCCC(C)=O{solv}{x=0.487800}>,C1COCCO1,CCCC(C)=O,fb-fit-v0-single-mean-k20,3,0.8994073031077549,0.0002667847813466,0.90478,0.00023
9730,2800,dhmix_951401191616771155,490,EnthalpyOfMixing,<Substance C1COCCO1{solv}{x=0.750000}|CCCC(C)=O{solv}{x=0.250000}>,C1COCCO1,CCCC(C)=O,fb-fit-v0-single-mean-k20,3,0.2022064302616115,0.0459708488247385,0.23761,0.00135
9731,2801,dens_1815088975543208186,491,Density,<Substance C1COCCO1{solv}{x=0.225400}|CCCC(C)=O{solv}{x=0.774600}>,C1COCCO1,CCCC(C)=O,fb-fit-v0-single-mean-k20,3,0.8380663594675368,0.0002406305444068,0.8442800000000001,0.00022
9732,2802,dens_2079717107234551519,492,Density,<Substance C1COCCO1{solv}{x=0.782300}|CCCC(C)=O{solv}{x=0.217700}>,C1COCCO1,CCCC(C)=O,fb-fit-v0-single-mean-k20,3,0.9657813229116756,0.0002428311416699,0.9692000000000004,0.000245
9733,2803,dhmix_2166059870593139530,493,EnthalpyOfMixing,<Substance C1COCCO1{solv}{x=0.500000}|CCCC(C)=O{solv}{x=0.500000}>,C1COCCO1,CCCC(C)=O,fb-fit-v0-single-mean-k20,3,0.2185682857330988,0.0389596219399071,0.26523,0.001455
9734,2804,dhmix_2196150660196365471,494,EnthalpyOfMixing,<Substance C1COCCO1{solv}{x=0.250000}|CCCC(C)=O{solv}{x=0.750000}>,C1COCCO1,CCCC(C)=O,fb-fit-v0-single-mean-k20,3,0.1963776185031385,0.0344111521021941,0.1704,0.001085
9735,2805,dhmix_243334109655928306,495,EnthalpyOfMixing,<Substance C1CCOCC1{solv}{x=0.783200}|c1ccccc1{solv}{x=0.216800}>,C1CCOCC1,c1ccccc1,fb-fit-v0-single-mean-k20,3,-0.0574452852545874,0.0428415776167226,-0.1399,0.00165
9736,2806,dens_257753427541292519,496,Density,<Substance C1CCOCC1{solv}{x=0.479400}|c1ccccc1{solv}{x=0.520600}>,C1CCOCC1,c1ccccc1,fb-fit-v0-single-mean-k20,3,0.8796053288419683,0.0002582372587846,0.8778700000000003,0.000505
9737,2807,dhmix_604341867718608333,497,EnthalpyOfMixing,<Substance C1CCOCC1{solv}{x=0.242500}|c1ccccc1{solv}{x=0.757500}>,C1CCOCC1,c1ccccc1,fb-fit-v0-single-mean-k20,3,-0.0791626689794924,0.0411643637047191,-0.1608,0.00185
9738,2808,dens_791001710124267373,498,Density,<Substance C1CCOCC1{solv}{x=0.223900}|c1ccccc1{solv}{x=0.776100}>,C1CCOCC1,c1ccccc1,fb-fit-v0-single-mean-k20,3,0.8827059170918561,0.0001930021561883,0.8761000000000002,0.0005
9739,2809,dens_1402061243325720407,499,Density,<Substance C1CCOCC1{solv}{x=0.743200}|c1ccccc1{solv}{x=0.256800}>,C1CCOCC1,c1ccccc1,fb-fit-v0-single-mean-k20,3,0.8762639009917725,0.0002479988049666,0.8789500000000002,0.000505
9740,2810,dhmix_1407142629314355761,500,EnthalpyOfMixing,<Substance C1CCOCC1{solv}{x=0.498200}|c1ccccc1{solv}{x=0.501800}>,C1CCOCC1,c1ccccc1,fb-fit-v0-single-mean-k20,3,-0.0830311783756201,0.0317956837557624,-0.2365,0.00265
9741,2811,dhmix_266800455813556356,501,EnthalpyOfMixing,<Substance CO{solv}{x=0.727200}|OCc1ccccc1{solv}{x=0.272800}>,CO,OCc1ccccc1,fb-fit-v0-single-mean-k20,3,0.1216872515455556,0.0320330265544429,-0.0792,0.001
9742,2812,dhmix_949671607207910651,502,EnthalpyOfMixing,<Substance CO{solv}{x=0.500500}|OCc1ccccc1{solv}{x=0.499500}>,CO,OCc1ccccc1,fb-fit-v0-single-mean-k20,3,0.1318096130632895,0.0394224916282681,-0.1408,0.00165
9743,2813,dhmix_1388744759732522219,503,EnthalpyOfMixing,<Substance CO{solv}{x=0.200200}|OCc1ccccc1{solv}{x=0.799800}>,CO,OCc1ccccc1,fb-fit-v0-single-mean-k20,3,-0.1245557397218704,0.0400945181599963,-0.1081,0.0013
9744,2814,dens_270046772857960816,504,Density,<Substance C1CCOCC1{solv}{x=0.732100}|Cc1ccccc1{solv}{x=0.267900}>,C1CCOCC1,Cc1ccccc1,fb-fit-v0-single-mean-k20,3,0.8721783079655626,0.0002415235040807,0.8754100000000001,0.000505
9745,2815,dens_324774743687652276,505,Density,<Substance C1CCOCC1{solv}{x=0.238700}|Cc1ccccc1{solv}{x=0.761300}>,C1CCOCC1,Cc1ccccc1,fb-fit-v0-single-mean-k20,3,0.8693790199608026,0.0002291532765029,0.8669900000000003,0.000505
9746,2816,dhmix_390107187187002597,506,EnthalpyOfMixing,<Substance C1CCOCC1{solv}{x=0.531900}|Cc1ccccc1{solv}{x=0.468100}>,C1CCOCC1,Cc1ccccc1,fb-fit-v0-single-mean-k20,3,-0.187700187899992,0.0414768736626204,-0.2225,0.0025
9747,2817,dhmix_1070320975529400325,507,EnthalpyOfMixing,<Substance C1CCOCC1{solv}{x=0.280600}|Cc1ccccc1{solv}{x=0.719400}>,C1CCOCC1,Cc1ccccc1,fb-fit-v0-single-mean-k20,3,-0.1133829844209515,0.0421109124309813,-0.1687,0.00195
9748,2818,dens_1397318239527979287,508,Density,<Substance C1CCOCC1{solv}{x=0.491500}|Cc1ccccc1{solv}{x=0.508500}>,C1CCOCC1,Cc1ccccc1,fb-fit-v0-single-mean-k20,3,0.8708015727621462,0.0002591252764949,0.8715100000000002,0.000505
9749,2819,dhmix_1508130989501940613,509,EnthalpyOfMixing,<Substance C1CCOCC1{solv}{x=0.741300}|Cc1ccccc1{solv}{x=0.258700}>,C1CCOCC1,Cc1ccccc1,fb-fit-v0-single-mean-k20,3,-0.1323080526509414,0.0429547621647807,-0.1629,0.0019
9750,2820,dhmix_271732469428717581,510,EnthalpyOfMixing,<Substance COc1ccccc1{solv}{x=0.237400}|OCCCc1ccccc1{solv}{x=0.762600}>,COc1ccccc1,OCCCc1ccccc1,fb-fit-v0-single-mean-k20,3,0.2098845208106752,0.0488319399094325,0.6076,0.0066
9751,2821,dhmix_1174392275991455181,511,EnthalpyOfMixing,<Substance COc1ccccc1{solv}{x=0.554700}|OCCCc1ccccc1{solv}{x=0.445300}>,COc1ccccc1,OCCCc1ccccc1,fb-fit-v0-single-mean-k20,3,0.9627535763200044,0.0487273116686577,1.0293,0.01105
9752,2822,dhmix_1179341622676685107,512,EnthalpyOfMixing,<Substance COc1ccccc1{solv}{x=0.713600}|OCCCc1ccccc1{solv}{x=0.286400}>,COc1ccccc1,OCCCc1ccccc1,fb-fit-v0-single-mean-k20,3,1.0227516821016067,0.0532322430159575,1.1088,0.0119
9753,2823,dens_1468428612899754720,513,Density,<Substance COc1ccccc1{solv}{x=0.747700}|OCCCc1ccccc1{solv}{x=0.252300}>,COc1ccccc1,OCCCc1ccccc1,fb-fit-v0-single-mean-k20,3,0.9775200728999752,0.0001506999116614,0.9827800000000002,0.00026
9754,2824,dens_1534619098234859574,514,Density,<Substance COc1ccccc1{solv}{x=0.555100}|OCCCc1ccccc1{solv}{x=0.444900}>,COc1ccccc1,OCCCc1ccccc1,fb-fit-v0-single-mean-k20,3,0.9819812326376858,0.0002431508420906,0.9852700000000002,0.00026
9755,2825,dens_2298154173340539222,515,Density,<Substance COc1ccccc1{solv}{x=0.263600}|OCCCc1ccccc1{solv}{x=0.736400}>,COc1ccccc1,OCCCc1ccccc1,fb-fit-v0-single-mean-k20,3,0.9885679083129923,0.0002145093808066,0.9885500000000002,0.00026
9756,2826,dens_274848672468745759,516,Density,<Substance CCCCOC(C)=O{solv}{x=0.293400}|c1ccccc1{solv}{x=0.706600}>,CCCCOC(C)=O,c1ccccc1,fb-fit-v0-single-mean-k20,3,0.8820984291789469,0.0002278248333748,0.8736600000000002,0.00021
9757,2827,dens_493354132810710227,517,Density,<Substance CCCCOC(C)=O{solv}{x=0.710500}|c1ccccc1{solv}{x=0.289500}>,CCCCOC(C)=O,c1ccccc1,fb-fit-v0-single-mean-k20,3,0.88125551684839,0.0002050113427937,0.8751500000000002,0.000335
9758,2828,dhmix_754807126845437364,518,EnthalpyOfMixing,<Substance CCCCOC(C)=O{solv}{x=0.495800}|c1ccccc1{solv}{x=0.504200}>,CCCCOC(C)=O,c1ccccc1,fb-fit-v0-single-mean-k20,3,0.0201280097278413,0.0412979010626523,-0.0245,0.001
9759,2829,dens_834118541551127044,519,Density,<Substance CCCCOC(C)=O{solv}{x=0.504400}|c1ccccc1{solv}{x=0.495600}>,CCCCOC(C)=O,c1ccccc1,fb-fit-v0-single-mean-k20,3,0.8822879926495635,0.0002327879923978,0.8744300000000002,0.000265
9760,2830,dhmix_1349932525480083284,520,EnthalpyOfMixing,<Substance CCCCOC(C)=O{solv}{x=0.252300}|c1ccccc1{solv}{x=0.747700}>,CCCCOC(C)=O,c1ccccc1,fb-fit-v0-single-mean-k20,3,0.0233274034100929,0.0407260861964217,-0.014,0.0009
9761,2831,dhmix_1597992980658352112,521,EnthalpyOfMixing,<Substance CCCCOC(C)=O{solv}{x=0.771400}|c1ccccc1{solv}{x=0.228600}>,CCCCOC(C)=O,c1ccccc1,fb-fit-v0-single-mean-k20,3,-0.0908417824338769,0.0492729294501952,-0.0245,0.001
9762,2832,dens_275501958869207518,522,Density,<Substance C1CCOCC1{solv}{x=0.226300}|Cc1ccccc1Cl{solv}{x=0.773700}>,C1CCOCC1,Cc1ccccc1Cl,fb-fit-v0-single-mean-k20,3,1.0466952220643742,0.0002035110859096,1.0396,0.0005
9763,2833,dhmix_818597523255588519,523,EnthalpyOfMixing,<Substance C1CCOCC1{solv}{x=0.753300}|Cc1ccccc1Cl{solv}{x=0.246700}>,C1CCOCC1,Cc1ccccc1Cl,fb-fit-v0-single-mean-k20,3,-0.3457319744355374,0.0434013580102402,-0.154,0.001
9764,2834,dhmix_849121557716978550,524,EnthalpyOfMixing,<Substance C1CCOCC1{solv}{x=0.517500}|Cc1ccccc1Cl{solv}{x=0.482500}>,C1CCOCC1,Cc1ccccc1Cl,fb-fit-v0-single-mean-k20,3,-0.3905453091571047,0.0418180725324536,-0.22,0.0015
9765,2835,dens_946978292781731327,525,Density,<Substance C1CCOCC1{solv}{x=0.478400}|Cc1ccccc1Cl{solv}{x=0.521600}>,C1CCOCC1,Cc1ccccc1Cl,fb-fit-v0-single-mean-k20,3,0.9966981994456896,0.0002519171283385,0.9931600000000002,0.00051
9766,2836,dhmix_997266220336132741,526,EnthalpyOfMixing,<Substance C1CCOCC1{solv}{x=0.263200}|Cc1ccccc1Cl{solv}{x=0.736800}>,C1CCOCC1,Cc1ccccc1Cl,fb-fit-v0-single-mean-k20,3,-0.2360313588213642,0.0366776319813461,-0.175,0.001
9767,2837,dens_1191185394819541532,527,Density,<Substance C1CCOCC1{solv}{x=0.765800}|Cc1ccccc1Cl{solv}{x=0.234200}>,C1CCOCC1,Cc1ccccc1Cl,fb-fit-v0-single-mean-k20,3,0.932341848584981,0.0002503553312366,0.9336500000000002,0.000505
9768,2838,dhmix_278334692660393021,528,EnthalpyOfMixing,<Substance CCCCCCC{solv}{x=0.205900}|CNc1ccccc1{solv}{x=0.794100}>,CCCCCCC,CNc1ccccc1,fb-fit-v0-single-mean-k20,3,1.6877996985018129,0.073227802072067,1.126,0.012
9769,2839,dens_480658478095207102,529,Density,<Substance CCCCCCC{solv}{x=0.740500}|CNc1ccccc1{solv}{x=0.259500}>,CCCCCCC,CNc1ccccc1,fb-fit-v0-single-mean-k20,3,0.74243139437281,0.0001569586483412,0.7424910000000001,0.00014
9770,2840,dhmix_898293423987680187,530,EnthalpyOfMixing,<Substance CCCCCCC{solv}{x=0.501700}|CNc1ccccc1{solv}{x=0.498300}>,CCCCCCC,CNc1ccccc1,fb-fit-v0-single-mean-k20,3,2.069297063535103,0.0477508599107395,1.676,0.018
9771,2841,dens_1509968737377061562,531,Density,<Substance CCCCCCC{solv}{x=0.250900}|CNc1ccccc1{solv}{x=0.749100}>,CCCCCCC,CNc1ccccc1,fb-fit-v0-single-mean-k20,3,0.8953184732134232,0.000187749229986,0.8897150000000003,0.0002615
9772,2842,dhmix_1680546488782143957,532,EnthalpyOfMixing,<Substance CCCCCCC{solv}{x=0.703200}|CNc1ccccc1{solv}{x=0.296800}>,CCCCCCC,CNc1ccccc1,fb-fit-v0-single-mean-k20,3,2.125915021913002,0.0518366817982557,1.539,0.0165
9773,2843,dens_2074014246120135820,533,Density,<Substance CCCCCCC{solv}{x=0.497000}|CNc1ccccc1{solv}{x=0.503000}>,CCCCCCC,CNc1ccccc1,fb-fit-v0-single-mean-k20,3,0.8132893832575946,0.0002126202534896,0.8106920000000002,0.0001785
9774,2844,dens_296890921001565391,534,Density,<Substance CCCCN{solv}{x=0.755200}|CN(C)C=O{solv}{x=0.244800}>,CCCCN,CN(C)C=O,fb-fit-v0-single-mean-k20,3,0.7854693634941712,0.0002459753276756,0.7762150000000002,0.000949
9775,2845,dens_380536870617309130,535,Density,<Substance CCCCN{solv}{x=0.242800}|CN(C)C=O{solv}{x=0.757200}>,CCCCN,CN(C)C=O,fb-fit-v0-single-mean-k20,3,0.8739421811879803,0.000220198622874,0.8845160000000002,0.0010795
9776,2846,dhmix_493117160214491795,536,EnthalpyOfMixing,<Substance CCCCN{solv}{x=0.244100}|CN(C)C=O{solv}{x=0.755900}>,CCCCN,CN(C)C=O,fb-fit-v0-single-mean-k20,3,0.1626832162371698,0.0395814524787896,0.245,0.008
9777,2847,dhmix_789225002934078019,537,EnthalpyOfMixing,<Substance CCCCN{solv}{x=0.750200}|CN(C)C=O{solv}{x=0.249800}>,CCCCN,CN(C)C=O,fb-fit-v0-single-mean-k20,3,0.2594549254557279,0.0460614078935084,0.32,0.01
9778,2848,dhmix_941321571782058819,538,EnthalpyOfMixing,<Substance CCCCN{solv}{x=0.499200}|CN(C)C=O{solv}{x=0.500800}>,CCCCN,CN(C)C=O,fb-fit-v0-single-mean-k20,3,0.3429888586817071,0.0387759795343028,0.384,0.0115
9779,2849,dens_2179361372918836941,539,Density,<Substance CCCCN{solv}{x=0.497200}|CN(C)C=O{solv}{x=0.502800}>,CCCCN,CN(C)C=O,fb-fit-v0-single-mean-k20,3,0.8292312353443064,0.0002240767135049,0.8277360000000001,0.001011
9780,2850,dens_300257448272323407,540,Density,<Substance CC(C)O{solv}{x=0.745200}|NCCN{solv}{x=0.254800}>,CC(C)O,NCCN,fb-fit-v0-single-mean-k20,3,0.8384437010537877,0.0002878513890989,0.8163970000000003,0.0002325
9781,2851,dens_924750366683277351,541,Density,<Substance CC(C)O{solv}{x=0.203100}|NCCN{solv}{x=0.796900}>,CC(C)O,NCCN,fb-fit-v0-single-mean-k20,3,0.9435360783548152,0.0002429702812734,0.8736620000000003,0.0002225
9782,2852,dens_2284409308160572308,542,Density,<Substance CC(C)O{solv}{x=0.489100}|NCCN{solv}{x=0.510900}>,CC(C)O,NCCN,fb-fit-v0-single-mean-k20,3,0.8847799973623686,0.0002295407960491,0.8449250000000001,0.0002245
9783,2853,dens_305501840068636812,543,Density,<Substance CC(C)=O{solv}{x=0.750000}|CCO{solv}{x=0.250000}>,CC(C)=O,CCO,fb-fit-v0-single-mean-k20,3,0.7799937548546798,0.0002154350909484,0.7859000000000002,0.000115
9784,2854,dens_472577738907297293,544,Density,<Substance CC(C)=O{solv}{x=0.250000}|CCO{solv}{x=0.750000}>,CC(C)=O,CCO,fb-fit-v0-single-mean-k20,3,0.7815553445830155,0.0003339049048527,0.7861600000000002,0.000115
9785,2855,dens_2271083741716457850,545,Density,<Substance CC(C)=O{solv}{x=0.499900}|CCO{solv}{x=0.500100}>,CC(C)=O,CCO,fb-fit-v0-single-mean-k20,3,0.7800000727663139,0.0003017133257852,0.7861900000000003,0.000115
9786,2856,dens_307445163336341047,546,Density,<Substance CN1CCCC1=O{solv}{x=0.703700}|ClCCCl{solv}{x=0.296300}>,CN1CCCC1=O,ClCCCl,fb-fit-v0-single-mean-k20,3,1.0704161910053496,0.0002319089674447,1.0851000000000002,0.0002
9787,2857,dhmix_453866769634566853,547,EnthalpyOfMixing,<Substance CN1CCCC1=O{solv}{x=0.253100}|ClCCCl{solv}{x=0.746900}>,CN1CCCC1=O,ClCCCl,fb-fit-v0-single-mean-k20,3,-0.4557951380072449,0.0358853630796247,-0.8118,0.01525
9788,2858,dhmix_536206650470008584,548,EnthalpyOfMixing,<Substance CN1CCCC1=O{solv}{x=0.500000}|ClCCCl{solv}{x=0.500000}>,CN1CCCC1=O,ClCCCl,fb-fit-v0-single-mean-k20,3,-0.5542493927040848,0.0367120625522215,-1.264,0.0055
9789,2859,dens_1046625605566999080,549,Density,<Substance CN1CCCC1=O{solv}{x=0.202500}|ClCCCl{solv}{x=0.797500}>,CN1CCCC1=O,ClCCCl,fb-fit-v0-single-mean-k20,3,1.185151249621248,0.0003898914747746,1.1953000000000005,0.00025
9790,2860,dhmix_1620571823529677157,550,EnthalpyOfMixing,<Substance CN1CCCC1=O{solv}{x=0.736700}|ClCCCl{solv}{x=0.263300}>,CN1CCCC1=O,ClCCCl,fb-fit-v0-single-mean-k20,3,-0.3874082804781809,0.0405998233835028,-0.8587,0.01605
9791,2861,dens_2059567022041766694,551,Density,<Substance CN1CCCC1=O{solv}{x=0.497500}|ClCCCl{solv}{x=0.502500}>,CN1CCCC1=O,ClCCCl,fb-fit-v0-single-mean-k20,3,1.11877314526589,0.0002968395382661,1.1283000000000003,0.0002
9792,2862,dens_313234519309892479,552,Density,<Substance CC(=O)N(C)C{solv}{x=0.293800}|CCCCCCCCCl{solv}{x=0.706200}>,CC(=O)N(C)C,CCCCCCCCCl,fb-fit-v0-single-mean-k20,3,0.875463739185527,0.0002046687610874,0.8796000000000003,0.00045
9793,2863,dhmix_444785917463403590,553,EnthalpyOfMixing,<Substance CC(=O)N(C)C{solv}{x=0.703000}|CCCCCCCCCl{solv}{x=0.297000}>,CC(=O)N(C)C,CCCCCCCCCl,fb-fit-v0-single-mean-k20,3,1.0003539480397166,0.0411639771221534,0.751,0.004
9794,2864,dhmix_705168937124106402,554,EnthalpyOfMixing,<Substance CC(=O)N(C)C{solv}{x=0.215000}|CCCCCCCCCl{solv}{x=0.785000}>,CC(=O)N(C)C,CCCCCCCCCl,fb-fit-v0-single-mean-k20,3,0.7260798425762687,0.0454829446209163,0.519,0.0035
9795,2865,dens_1549584991651515376,555,Density,<Substance CC(=O)N(C)C{solv}{x=0.502200}|CCCCCCCCCl{solv}{x=0.497800}>,CC(=O)N(C)C,CCCCCCCCCl,fb-fit-v0-single-mean-k20,3,0.8805875001826249,0.0002030741678165,0.8902000000000002,0.0004
9796,2866,dhmix_1732161251827083272,556,EnthalpyOfMixing,<Substance CC(=O)N(C)C{solv}{x=0.508000}|CCCCCCCCCl{solv}{x=0.492000}>,CC(=O)N(C)C,CCCCCCCCCl,fb-fit-v0-single-mean-k20,3,1.0984006811516736,0.0447274224377923,0.829,0.004
9797,2867,dens_2189889607118243828,557,Density,<Substance CC(=O)N(C)C{solv}{x=0.700500}|CCCCCCCCCl{solv}{x=0.299500}>,CC(=O)N(C)C,CCCCCCCCCl,fb-fit-v0-single-mean-k20,3,0.8867120843164911,0.0002287972425332,0.9041000000000002,0.00035
9798,2868,dens_314482396827660717,558,Density,<Substance BrCCBr{solv}{x=0.753700}|COC(C)=O{solv}{x=0.246300}>,BrCCBr,COC(C)=O,fb-fit-v0-single-mean-k20,3,1.8464249681058988,0.0006517621901316,1.8774400000000004,0.003355
9799,2869,dens_344993892965738820,559,Density,<Substance BrCCBr{solv}{x=0.275200}|COC(C)=O{solv}{x=0.724800}>,BrCCBr,COC(C)=O,fb-fit-v0-single-mean-k20,3,1.2778441522973154,0.000458822543057,1.2862400000000005,0.001125
9800,2870,dhmix_545996968666061076,560,EnthalpyOfMixing,<Substance BrCCBr{solv}{x=0.720900}|COC(C)=O{solv}{x=0.279100}>,BrCCBr,COC(C)=O,fb-fit-v0-single-mean-k20,3,0.1932268751853936,0.0336353753969241,0.2594,0.0028
9801,2871,dens_714044009336077786,561,Density,<Substance BrCCBr{solv}{x=0.512100}|COC(C)=O{solv}{x=0.487900}>,BrCCBr,COC(C)=O,fb-fit-v0-single-mean-k20,3,1.566795791791581,0.0004802682183904,1.5834900000000005,0.0021
9802,2872,dhmix_1222511035002547253,562,EnthalpyOfMixing,<Substance BrCCBr{solv}{x=0.485500}|COC(C)=O{solv}{x=0.514500}>,BrCCBr,COC(C)=O,fb-fit-v0-single-mean-k20,3,0.1411004860560822,0.0320059422981776,0.2577,0.00275
9803,2873,dhmix_1418101673429653456,563,EnthalpyOfMixing,<Substance BrCCBr{solv}{x=0.250800}|COC(C)=O{solv}{x=0.749200}>,BrCCBr,COC(C)=O,fb-fit-v0-single-mean-k20,3,0.1749332957053155,0.0331814549359495,0.1202,0.0017
9804,2874,dens_314934747194338330,564,Density,<Substance CC(C)CCl{solv}{x=0.513700}|CC(C)OC(C)C{solv}{x=0.486300}>,CC(C)CCl,CC(C)OC(C)C,fb-fit-v0-single-mean-k20,3,0.7928491624464608,0.0002553081000679,0.7878250000000002,0.000405
9805,2875,dhmix_355399496844187096,565,EnthalpyOfMixing,<Substance CC(C)CCl{solv}{x=0.545300}|CC(C)OC(C)C{solv}{x=0.454700}>,CC(C)CCl,CC(C)OC(C)C,fb-fit-v0-single-mean-k20,3,-0.125906819114995,0.043275971918353,-0.0957,0.0012
9806,2876,dens_688062365117407068,566,Density,<Substance CC(C)CCl{solv}{x=0.805900}|CC(C)OC(C)C{solv}{x=0.194100}>,CC(C)CCl,CC(C)OC(C)C,fb-fit-v0-single-mean-k20,3,0.8370700139097715,0.0002951193914587,0.8355300000000002,0.0003555
9807,2877,dhmix_1411881046585885461,567,EnthalpyOfMixing,<Substance CC(C)CCl{solv}{x=0.090700}|CC(C)OC(C)C{solv}{x=0.909300}>,CC(C)CCl,CC(C)OC(C)C,fb-fit-v0-single-mean-k20,3,0.0464758805164891,0.0522691707774104,-0.0302,0.00055
9808,2878,dens_1762455266351712367,568,Density,<Substance CC(C)CCl{solv}{x=0.091000}|CC(C)OC(C)C{solv}{x=0.909000}>,CC(C)CCl,CC(C)OC(C)C,fb-fit-v0-single-mean-k20,3,0.740077821355734,0.0002253382388232,0.7293950000000001,0.000464
9809,2879,dhmix_2302865667781063708,569,EnthalpyOfMixing,<Substance CC(C)CCl{solv}{x=0.727000}|CC(C)OC(C)C{solv}{x=0.273000}>,CC(C)CCl,CC(C)OC(C)C,fb-fit-v0-single-mean-k20,3,-0.1818481914993484,0.042293497109824,-0.0791,0.001
9810,2880,dens_321327254341950207,570,Density,<Substance C1COCCO1{solv}{x=0.780300}|CCCCCC(C)=O{solv}{x=0.219700}>,C1COCCO1,CCCCCC(C)=O,fb-fit-v0-single-mean-k20,3,0.9562383465548334,0.0002123738921041,0.9576500000000002,0.0003
9811,2881,dens_377701756930918353,571,Density,<Substance C1COCCO1{solv}{x=0.500600}|CCCCCC(C)=O{solv}{x=0.499400}>,C1COCCO1,CCCCCC(C)=O,fb-fit-v0-single-mean-k20,3,0.8904300625463184,0.0002145423473333,0.8916700000000002,0.000345
9812,2882,dhmix_600625644134907580,572,EnthalpyOfMixing,<Substance C1COCCO1{solv}{x=0.500000}|CCCCCC(C)=O{solv}{x=0.500000}>,C1COCCO1,CCCCCC(C)=O,fb-fit-v0-single-mean-k20,3,0.4544740375492608,0.0397536409379584,0.4509,0.002255
9813,2883,dens_1451069448215305244,573,Density,<Substance C1COCCO1{solv}{x=0.220300}|CCCCCC(C)=O{solv}{x=0.779700}>,C1COCCO1,CCCCCC(C)=O,fb-fit-v0-single-mean-k20,3,0.8402559000975904,0.0002159664785428,0.8420800000000003,0.000385
9814,2884,dhmix_2028813035406256788,574,EnthalpyOfMixing,<Substance C1COCCO1{solv}{x=0.750000}|CCCCCC(C)=O{solv}{x=0.250000}>,C1COCCO1,CCCCCC(C)=O,fb-fit-v0-single-mean-k20,3,0.5350768997484039,0.0429575193412374,0.4064,0.00209
9815,2885,dhmix_2222211577832383320,575,EnthalpyOfMixing,<Substance C1COCCO1{solv}{x=0.250000}|CCCCCC(C)=O{solv}{x=0.750000}>,C1COCCO1,CCCCCC(C)=O,fb-fit-v0-single-mean-k20,3,0.2979758109748189,0.0479775241435678,0.2911,0.00164
9816,2886,dhmix_325212618372456630,576,EnthalpyOfMixing,<Substance CCCCCCC{solv}{x=0.500000}|c1ccccc1{solv}{x=0.500000}>,CCCCCCC,c1ccccc1,fb-fit-v0-single-mean-k20,3,1.3458136938016023,0.0410791048970595,0.9235,0.0051
9817,2887,dhmix_409350268177199962,577,EnthalpyOfMixing,<Substance CCCCCCC{solv}{x=0.751900}|c1ccccc1{solv}{x=0.248100}>,CCCCCCC,c1ccccc1,fb-fit-v0-single-mean-k20,3,0.8866059446347805,0.0484755332916607,0.6047,0.0035
9818,2888,dens_1685942387769177799,578,Density,<Substance CCCCCCC{solv}{x=0.913667}|c1ccccc1{solv}{x=0.086333}>,CCCCCCC,c1ccccc1,fb-fit-v0-single-mean-k20,3,0.6885909242815177,0.0002099598144071,0.6892400000000002,0.000805
9819,2889,dens_2148382258223830900,579,Density,<Substance CCCCCCC{solv}{x=0.273700}|c1ccccc1{solv}{x=0.726300}>,CCCCCCC,c1ccccc1,fb-fit-v0-single-mean-k20,3,0.7926786428739807,0.0002342319399141,0.7855000000000002,0.00015
9820,2890,dens_2219829254239605828,580,Density,<Substance CCCCCCC{solv}{x=0.492200}|c1ccccc1{solv}{x=0.507800}>,CCCCCCC,c1ccccc1,fb-fit-v0-single-mean-k20,3,0.7451630982083954,0.0002228072948167,0.7409000000000001,0.00015
9821,2891,dhmix_2296565820723783732,581,EnthalpyOfMixing,<Substance CCCCCCC{solv}{x=0.242400}|c1ccccc1{solv}{x=0.757600}>,CCCCCCC,c1ccccc1,fb-fit-v0-single-mean-k20,3,0.971214228793812,0.042069739977105,0.7775,0.0044
9822,2892,dens_326446104630354701,582,Density,<Substance BrCCBr{solv}{x=0.728600}|CCC(=O)OC{solv}{x=0.271400}>,BrCCBr,CCC(=O)OC,fb-fit-v0-single-mean-k20,3,1.7671282739071124,0.0005450068960136,1.7949900000000003,0.00303
9823,2893,dens_886315086380393150,583,Density,<Substance BrCCBr{solv}{x=0.494400}|CCC(=O)OC{solv}{x=0.505600}>,BrCCBr,CCC(=O)OC,fb-fit-v0-single-mean-k20,3,1.476149502954277,0.0004658226607095,1.4941800000000005,0.001825
9824,2894,dhmix_1410129135672303476,584,EnthalpyOfMixing,<Substance BrCCBr{solv}{x=0.491400}|CCC(=O)OC{solv}{x=0.508600}>,BrCCBr,CCC(=O)OC,fb-fit-v0-single-mean-k20,3,-0.1295583049692359,0.0345093855232337,0.0195,0.00185
9825,2895,dhmix_1551714230583118668,585,EnthalpyOfMixing,<Substance BrCCBr{solv}{x=0.755400}|CCC(=O)OC{solv}{x=0.244600}>,BrCCBr,CCC(=O)OC,fb-fit-v0-single-mean-k20,3,-0.0568987066309087,0.0321717162695052,0.09,0.00295
9826,2896,dhmix_1596310059176209101,586,EnthalpyOfMixing,<Substance BrCCBr{solv}{x=0.214800}|CCC(=O)OC{solv}{x=0.785200}>,BrCCBr,CCC(=O)OC,fb-fit-v0-single-mean-k20,3,-0.0106669010464428,0.0369307518707499,-0.0281,0.002
9827,2897,dens_1860027304017736150,587,Density,<Substance BrCCBr{solv}{x=0.257000}|CCC(=O)OC{solv}{x=0.743000}>,BrCCBr,CCC(=O)OC,fb-fit-v0-single-mean-k20,3,1.1940980643875363,0.0003330230565963,1.2059400000000002,0.000915
9828,2898,dhmix_334328961632702336,588,EnthalpyOfMixing,<Substance Cc1ccccc1N{solv}{x=0.492600}|Cc1cccnc1{solv}{x=0.507400}>,Cc1ccccc1N,Cc1cccnc1,fb-fit-v0-single-mean-k20,3,-1.6278821035655338,0.0394496139502467,-1.4091,0.0287
9829,2899,dhmix_382843935535082222,589,EnthalpyOfMixing,<Substance Cc1ccccc1N{solv}{x=0.232300}|Cc1cccnc1{solv}{x=0.767700}>,Cc1ccccc1N,Cc1cccnc1,fb-fit-v0-single-mean-k20,3,-1.3298631401795866,0.0448021909757884,-1.1196,0.02285
9830,2900,dens_890019852111400701,590,Density,<Substance Cc1ccccc1N{solv}{x=0.533600}|Cc1cccnc1{solv}{x=0.466400}>,Cc1ccccc1N,Cc1cccnc1,fb-fit-v0-single-mean-k20,3,0.98665080748139,0.0001768535178525,0.9795770000000004,0.0001185
9831,2901,dens_1033313642915027277,591,Density,<Substance Cc1ccccc1N{solv}{x=0.737200}|Cc1cccnc1{solv}{x=0.262800}>,Cc1ccccc1N,Cc1cccnc1,fb-fit-v0-single-mean-k20,3,0.9986979870484004,0.0002945507714589,0.9867010000000004,0.000118
9832,2902,dhmix_1057104304179164775,592,EnthalpyOfMixing,<Substance Cc1ccccc1N{solv}{x=0.778900}|Cc1cccnc1{solv}{x=0.221100}>,Cc1ccccc1N,Cc1cccnc1,fb-fit-v0-single-mean-k20,3,-0.9556837773407754,0.0444043239587046,-0.8735,0.01785
9833,2903,dens_1445313714023685702,593,Density,<Substance Cc1ccccc1N{solv}{x=0.246700}|Cc1cccnc1{solv}{x=0.753300}>,Cc1ccccc1N,Cc1cccnc1,fb-fit-v0-single-mean-k20,3,0.9655176364665594,0.0002253892178761,0.9668750000000004,0.00012
9834,2904,dens_335631113096608920,594,Density,<Substance CCC(C)=O{solv}{x=0.501800}|CCCCNCCCC{solv}{x=0.498200}>,CCC(C)=O,CCCCNCCCC,fb-fit-v0-single-mean-k20,3,0.7707125855635043,0.0002194257990657,0.7693960000000002,9.950000000000003e-05
9835,2905,dhmix_551451232292287572,595,EnthalpyOfMixing,<Substance CCC(C)=O{solv}{x=0.215400}|CCCCNCCCC{solv}{x=0.784600}>,CCC(C)=O,CCCCNCCCC,fb-fit-v0-single-mean-k20,3,0.1706433748912132,0.0603618870512839,0.417,0.0045
9836,2906,dens_800787154192710377,596,Density,<Substance CCC(C)=O{solv}{x=0.260300}|CCCCNCCCC{solv}{x=0.739700}>,CCC(C)=O,CCCCNCCCC,fb-fit-v0-single-mean-k20,3,0.7656331543329109,0.000127392873327,0.7614750000000002,0.0001005
9837,2907,dhmix_1210431916849512476,597,EnthalpyOfMixing,<Substance CCC(C)=O{solv}{x=0.504400}|CCCCNCCCC{solv}{x=0.495600}>,CCC(C)=O,CCCCNCCCC,fb-fit-v0-single-mean-k20,3,0.1673578061630536,0.0468563268124473,0.619,0.0065
9838,2908,dhmix_1503682496766473076,598,EnthalpyOfMixing,<Substance CCC(C)=O{solv}{x=0.792200}|CCCCNCCCC{solv}{x=0.207800}>,CCC(C)=O,CCCCNCCCC,fb-fit-v0-single-mean-k20,3,0.133743357577444,0.0436714517572828,0.425,0.0045
9839,2909,dens_2232561341275312196,599,Density,<Substance CCC(C)=O{solv}{x=0.747300}|CCCCNCCCC{solv}{x=0.252700}>,CCC(C)=O,CCCCNCCCC,fb-fit-v0-single-mean-k20,3,0.7775281377353417,0.0002226049824879,0.7810500000000001,9.750000000000004e-05
9840,2910,dhmix_335934546122425398,600,EnthalpyOfMixing,<Substance C1CCOCC1{solv}{x=0.550000}|O=C1CCCC1{solv}{x=0.450000}>,C1CCOCC1,O=C1CCCC1,fb-fit-v0-single-mean-k20,3,0.0740627646197467,0.0390062357751018,0.15813,0.001
9841,2911,dhmix_337659115721770978,601,EnthalpyOfMixing,<Substance C1CCOCC1{solv}{x=0.250000}|O=C1CCCC1{solv}{x=0.750000}>,C1CCOCC1,O=C1CCCC1,fb-fit-v0-single-mean-k20,3,0.0534752874570969,0.0424133773069156,0.11325,0.00084
9842,2912,dens_579415285212890284,602,Density,<Substance C1CCOCC1{solv}{x=0.708000}|O=C1CCCC1{solv}{x=0.292000}>,C1CCOCC1,O=C1CCCC1,fb-fit-v0-single-mean-k20,3,0.8897644492469842,0.00022492720697,0.8972200000000002,0.00023
9843,2913,dens_788777315764582180,603,Density,<Substance C1CCOCC1{solv}{x=0.549800}|O=C1CCCC1{solv}{x=0.450200}>,C1CCOCC1,O=C1CCCC1,fb-fit-v0-single-mean-k20,3,0.8986889282710351,0.0002271647753419,0.9073000000000002,0.000235
9844,2914,dens_1539654406736576807,604,Density,<Substance C1CCOCC1{solv}{x=0.235400}|O=C1CCCC1{solv}{x=0.764600}>,C1CCOCC1,O=C1CCCC1,fb-fit-v0-single-mean-k20,3,0.9170383730724136,0.0002311427802267,0.9281000000000004,0.00024
9845,2915,dhmix_1706969020375394315,605,EnthalpyOfMixing,<Substance C1CCOCC1{solv}{x=0.750000}|O=C1CCCC1{solv}{x=0.250000}>,C1CCOCC1,O=C1CCCC1,fb-fit-v0-single-mean-k20,3,0.0465303198891646,0.0395295166473381,0.12811,0.000895
9846,2916,dens_337077748334497354,606,Density,<Substance CN1CCCCC1{solv}{x=0.245200}|O{solv}{x=0.754800}>,CN1CCCCC1,O,fb-fit-v0-single-mean-k20,3,0.8995571004505375,0.000339219086745,0.9038110000000004,9.700000000000004e-05
9847,2917,dens_1619467922469494964,607,Density,<Substance CN1CCCCC1{solv}{x=0.790700}|O{solv}{x=0.209300}>,CN1CCCCC1,O,fb-fit-v0-single-mean-k20,3,0.8509353439866796,0.000197294484473,0.8260470000000002,0.000108
9848,2918,dens_1725290505257505407,608,Density,<Substance CN1CCCCC1{solv}{x=0.505000}|O{solv}{x=0.495000}>,CN1CCCCC1,O,fb-fit-v0-single-mean-k20,3,0.8700079900590543,0.0002325132661638,0.8581580000000002,9.450000000000002e-05
9849,2919,dhmix_344305070199657817,609,EnthalpyOfMixing,<Substance CC(C)CC(C)(C)C{solv}{x=0.200300}|CCCO{solv}{x=0.799700}>,CC(C)CC(C)(C)C,CCCO,fb-fit-v0-single-mean-k20,3,0.3334381024530941,0.037911667710172,0.308,0.0055
9850,2920,dens_1020839744665732433,610,Density,<Substance CC(C)CC(C)(C)C{solv}{x=0.200100}|CCCO{solv}{x=0.799900}>,CC(C)CC(C)(C)C,CCCO,fb-fit-v0-single-mean-k20,3,0.7665664270642911,0.0002068018250364,0.7589500000000002,0.00029
9851,2921,dens_1348847431810734601,611,Density,<Substance CC(C)CC(C)(C)C{solv}{x=0.700000}|CCCO{solv}{x=0.300000}>,CC(C)CC(C)(C)C,CCCO,fb-fit-v0-single-mean-k20,3,0.7245756504118173,0.0002099216486203,0.7046500000000001,0.00028
9852,2922,dhmix_1376194238727172922,612,EnthalpyOfMixing,<Substance CC(C)CC(C)(C)C{solv}{x=0.499800}|CCCO{solv}{x=0.500200}>,CC(C)CC(C)(C)C,CCCO,fb-fit-v0-single-mean-k20,3,0.6561662079889743,0.0400311923025051,0.6025,0.0027
9853,2923,dhmix_1868873434415785592,613,EnthalpyOfMixing,<Substance CC(C)CC(C)(C)C{solv}{x=0.699900}|CCCO{solv}{x=0.300100}>,CC(C)CC(C)(C)C,CCCO,fb-fit-v0-single-mean-k20,3,0.7205597330423501,0.0443736615548637,0.6544,0.0029
9854,2924,dens_1870552320710773195,614,Density,<Substance CC(C)CC(C)(C)C{solv}{x=0.500000}|CCCO{solv}{x=0.500000}>,CC(C)CC(C)(C)C,CCCO,fb-fit-v0-single-mean-k20,3,0.7376997989469438,0.000180847335089,0.7214400000000002,0.00028
9855,2925,dens_344701479262570906,615,Density,<Substance C1CCOCC1{solv}{x=0.246100}|Cc1cccnc1{solv}{x=0.753900}>,C1CCOCC1,Cc1cccnc1,fb-fit-v0-single-mean-k20,3,0.9277418108474852,0.0002290438631862,0.9348570000000002,0.0004915
9856,2926,dhmix_772935681699310364,616,EnthalpyOfMixing,<Substance C1CCOCC1{solv}{x=0.480300}|Cc1cccnc1{solv}{x=0.519700}>,C1CCOCC1,Cc1cccnc1,fb-fit-v0-single-mean-k20,3,0.0147806042571048,0.0409342476947938,0.1271,0.00115
9857,2927,dens_1179184695460672925,617,Density,<Substance C1CCOCC1{solv}{x=0.756800}|Cc1cccnc1{solv}{x=0.243200}>,C1CCOCC1,Cc1cccnc1,fb-fit-v0-single-mean-k20,3,0.8914555940663489,0.0001676431305513,0.8976640000000002,0.0004655
9858,2928,dens_1273033541520518804,618,Density,<Substance C1CCOCC1{solv}{x=0.482700}|Cc1cccnc1{solv}{x=0.517300}>,C1CCOCC1,Cc1cccnc1,fb-fit-v0-single-mean-k20,3,0.9106579804198373,0.0002136435302146,0.9179640000000002,0.00048
9859,2929,dhmix_1594947441282636711,619,EnthalpyOfMixing,<Substance C1CCOCC1{solv}{x=0.735500}|Cc1cccnc1{solv}{x=0.264500}>,C1CCOCC1,Cc1cccnc1,fb-fit-v0-single-mean-k20,3,-0.0382150514722852,0.0454027651302469,0.0924,0.00095
9860,2930,dhmix_2075643137470349800,620,EnthalpyOfMixing,<Substance C1CCOCC1{solv}{x=0.273200}|Cc1cccnc1{solv}{x=0.726800}>,C1CCOCC1,Cc1cccnc1,fb-fit-v0-single-mean-k20,3,-0.0187153752078614,0.0424109057103486,0.1036,0.001
9861,2931,dhmix_346841872844739570,621,EnthalpyOfMixing,<Substance CC#N{solv}{x=0.700700}|CCOC(C)(C)C{solv}{x=0.299300}>,CC#N,CCOC(C)(C)C,fb-fit-v0-single-mean-k20,3,0.1271717175375553,0.0329977336933813,0.6176,0.0084
9862,2932,dhmix_840136828933604757,622,EnthalpyOfMixing,<Substance CC#N{solv}{x=0.199000}|CCOC(C)(C)C{solv}{x=0.801000}>,CC#N,CCOC(C)(C)C,fb-fit-v0-single-mean-k20,3,0.089765042067281,0.0460344989545008,0.4418,0.006
9863,2933,dhmix_1934525864391020215,623,EnthalpyOfMixing,<Substance CC#N{solv}{x=0.501600}|CCOC(C)(C)C{solv}{x=0.498400}>,CC#N,CCOC(C)(C)C,fb-fit-v0-single-mean-k20,3,0.1358220593915557,0.0318156317238942,0.7098,0.00965
9864,2934,dens_1954735606040559695,624,Density,<Substance CC#N{solv}{x=0.700700}|CCOC(C)(C)C{solv}{x=0.299300}>,CC#N,CCOC(C)(C)C,fb-fit-v0-single-mean-k20,3,0.7596097329103929,0.0002848816559175,0.7595000000000002,0.00045
9865,2935,dens_2173310521496796694,625,Density,<Substance CC#N{solv}{x=0.501600}|CCOC(C)(C)C{solv}{x=0.498400}>,CC#N,CCOC(C)(C)C,fb-fit-v0-single-mean-k20,3,0.7564821848120267,0.0002475037131554,0.7510000000000002,0.00035
9866,2936,dens_2235331649530959984,626,Density,<Substance CC#N{solv}{x=0.199000}|CCOC(C)(C)C{solv}{x=0.801000}>,CC#N,CCOC(C)(C)C,fb-fit-v0-single-mean-k20,3,0.7505995396964429,0.0002776543831854,0.7408000000000001,0.00015
9867,2937,dhmix_355078149157572999,627,EnthalpyOfMixing,<Substance OCCOCCO{solv}{x=0.790600}|O{solv}{x=0.209400}>,O,OCCOCCO,fb-fit-v0-single-mean-k20,3,-0.6441365409193764,0.0578002455884374,-0.521,0.003
9868,2938,dhmix_514261244195159379,628,EnthalpyOfMixing,<Substance OCCOCCO{solv}{x=0.300400}|O{solv}{x=0.699600}>,O,OCCOCCO,fb-fit-v0-single-mean-k20,3,-1.0837527526919164,0.0314777827123513,-1.245,0.0065
9869,2939,dhmix_1512634639127890343,629,EnthalpyOfMixing,<Substance OCCOCCO{solv}{x=0.501000}|O{solv}{x=0.499000}>,O,OCCOCCO,fb-fit-v0-single-mean-k20,3,-1.2933470033769296,0.0283867688969159,-1.149,0.0065
9870,2940,dens_1532732041743097130,630,Density,<Substance OCCOCCO{solv}{x=0.500600}|O{solv}{x=0.499400}>,O,OCCOCCO,fb-fit-v0-single-mean-k20,3,1.1116939368895649,0.0003111831872653,1.1070700000000002,0.00026
9871,2941,dens_1948924545926470959,631,Density,<Substance OCCOCCO{solv}{x=0.700300}|O{solv}{x=0.299700}>,O,OCCOCCO,fb-fit-v0-single-mean-k20,3,1.120670724788977,0.0004398492533004,1.1111900000000003,0.000285
9872,2942,dens_2114974877291939954,632,Density,<Substance OCCOCCO{solv}{x=0.301000}|O{solv}{x=0.699000}>,O,OCCOCCO,fb-fit-v0-single-mean-k20,3,1.092601709034755,0.0002917593247486,1.0958900000000005,0.000305
9873,2943,dhmix_355690558520209737,633,EnthalpyOfMixing,<Substance CC(C)CC(C)(C)C{solv}{x=0.774800}|CC(C)OC(C)C{solv}{x=0.225200}>,CC(C)CC(C)(C)C,CC(C)OC(C)C,fb-fit-v0-single-mean-k20,3,0.3314990782194371,0.0533743752686079,0.132161,0.001556
9874,2944,dens_706481868145479619,634,Density,<Substance CC(C)CC(C)(C)C{solv}{x=0.250000}|CC(C)OC(C)C{solv}{x=0.750000}>,CC(C)CC(C)(C)C,CC(C)OC(C)C,fb-fit-v0-single-mean-k20,3,0.7240050526539199,0.0002161601509217,0.7090800000000002,0.000155
9875,2945,dens_960755156711549154,635,Density,<Substance CC(C)CC(C)(C)C{solv}{x=0.750000}|CC(C)OC(C)C{solv}{x=0.250000}>,CC(C)CC(C)(C)C,CC(C)OC(C)C,fb-fit-v0-single-mean-k20,3,0.7154890673381883,0.0001726966963007,0.6937500000000002,0.000155
9876,2946,dens_1165117582450092341,636,Density,<Substance CC(C)CC(C)(C)C{solv}{x=0.500900}|CC(C)OC(C)C{solv}{x=0.499100}>,CC(C)CC(C)(C)C,CC(C)OC(C)C,fb-fit-v0-single-mean-k20,3,0.7188844905750965,0.0002188095450068,0.7005900000000002,0.000105
9877,2947,dhmix_1819714300540494359,637,EnthalpyOfMixing,<Substance CC(C)CC(C)(C)C{solv}{x=0.512500}|CC(C)OC(C)C{solv}{x=0.487500}>,CC(C)CC(C)(C)C,CC(C)OC(C)C,fb-fit-v0-single-mean-k20,3,0.3694217329797311,0.0570380202656829,0.197047,0.002233
9878,2948,dhmix_2031984064821599856,638,EnthalpyOfMixing,<Substance CC(C)CC(C)(C)C{solv}{x=0.269300}|CC(C)OC(C)C{solv}{x=0.730700}>,CC(C)CC(C)(C)C,CC(C)OC(C)C,fb-fit-v0-single-mean-k20,3,0.3724390008199378,0.0379351679438803,0.158983,0.0018345
9879,2949,dens_357198687829738077,639,Density,<Substance C1CCOCC1{solv}{x=0.223500}|CCCCCC(C)=O{solv}{x=0.776500}>,C1CCOCC1,CCCCCC(C)=O,fb-fit-v0-single-mean-k20,3,0.8195820368997704,0.0001931337394319,0.8221200000000002,0.000375
9880,2950,dens_1074719884132299485,640,Density,<Substance C1CCOCC1{solv}{x=0.516600}|CCCCCC(C)=O{solv}{x=0.483400}>,C1CCOCC1,CCCCCC(C)=O,fb-fit-v0-single-mean-k20,3,0.835897933541772,0.0002236646132631,0.8396100000000002,0.00032
9881,2951,dens_1427208283653313137,641,Density,<Substance C1CCOCC1{solv}{x=0.710100}|CCCCCC(C)=O{solv}{x=0.289900}>,C1CCOCC1,CCCCCC(C)=O,fb-fit-v0-single-mean-k20,3,0.8486751494875144,0.0001972570283904,0.8534200000000002,0.000285
9882,2952,dhmix_1485904869507380555,642,EnthalpyOfMixing,<Substance C1CCOCC1{solv}{x=0.500000}|CCCCCC(C)=O{solv}{x=0.500000}>,C1CCOCC1,CCCCCC(C)=O,fb-fit-v0-single-mean-k20,3,0.0999588653417333,0.042909848629163,0.05773,0.000615
9883,2953,dhmix_1931504734279468677,643,EnthalpyOfMixing,<Substance C1CCOCC1{solv}{x=0.250000}|CCCCCC(C)=O{solv}{x=0.750000}>,C1CCOCC1,CCCCCC(C)=O,fb-fit-v0-single-mean-k20,3,0.0842837688060811,0.0498827725858331,0.03429,0.00053
9884,2954,dhmix_2296263041755700053,644,EnthalpyOfMixing,<Substance C1CCOCC1{solv}{x=0.750000}|CCCCCC(C)=O{solv}{x=0.250000}>,C1CCOCC1,CCCCCC(C)=O,fb-fit-v0-single-mean-k20,3,0.1607800346135732,0.0423398075144898,0.05587,0.00061
9885,2955,dhmix_357499987240135169,645,EnthalpyOfMixing,<Substance CCCCC{solv}{x=0.772700}|CCCCOC=O{solv}{x=0.227300}>,CCCCC,CCCCOC=O,fb-fit-v0-single-mean-k20,3,1.036673491509532,0.0426996171526603,0.87,0.004
9886,2956,dens_435201289177646286,646,Density,<Substance CCCCC{solv}{x=0.504200}|CCCCOC=O{solv}{x=0.495800}>,CCCCC,CCCCOC=O,fb-fit-v0-single-mean-k20,3,0.7563015659816313,0.0002305595694437,0.7523000000000001,0.00024
9887,2957,dens_635752291929824010,647,Density,<Substance CCCCC{solv}{x=0.699000}|CCCCOC=O{solv}{x=0.301000}>,CCCCC,CCCCOC=O,fb-fit-v0-single-mean-k20,3,0.6999118051043124,0.0002378439608188,0.6994600000000002,0.00018
9888,2958,dhmix_869493303716364153,648,EnthalpyOfMixing,<Substance CCCCC{solv}{x=0.490500}|CCCCOC=O{solv}{x=0.509500}>,CCCCC,CCCCOC=O,fb-fit-v0-single-mean-k20,3,1.253092844930748,0.0421813284820408,0.959,0.004
9889,2959,dhmix_1188548276416925178,649,EnthalpyOfMixing,<Substance CCCCC{solv}{x=0.246000}|CCCCOC=O{solv}{x=0.754000}>,CCCCC,CCCCOC=O,fb-fit-v0-single-mean-k20,3,0.9123565783550588,0.0446428420354681,0.632,0.003
9890,2960,dens_1944800378076074966,650,Density,<Substance CCCCC{solv}{x=0.247100}|CCCCOC=O{solv}{x=0.752900}>,CCCCC,CCCCOC=O,fb-fit-v0-single-mean-k20,3,0.831022092598798,0.000239196881099,0.8221800000000001,0.000375
9891,2961,dhmix_357740737126275220,651,EnthalpyOfMixing,<Substance CC(=O)N(C)C{solv}{x=0.212000}|CCCCCl{solv}{x=0.788000}>,CC(=O)N(C)C,CCCCCl,fb-fit-v0-single-mean-k20,3,0.475438867164172,0.0429861901460407,0.244,0.0025
9892,2962,dens_563556088097831353,652,Density,<Substance CC(=O)N(C)C{solv}{x=0.499000}|CCCCCl{solv}{x=0.501000}>,CC(=O)N(C)C,CCCCCl,fb-fit-v0-single-mean-k20,3,0.8870227658727872,0.0001573799635706,0.9081000000000002,0.0002
9893,2963,dens_1083232356130752567,653,Density,<Substance CC(=O)N(C)C{solv}{x=0.799700}|CCCCCl{solv}{x=0.200300}>,CC(=O)N(C)C,CCCCCl,fb-fit-v0-single-mean-k20,3,0.8961978742051271,0.000211546620096,0.9247000000000004,0.0002
9894,2964,dhmix_1487887746912587509,654,EnthalpyOfMixing,<Substance CC(=O)N(C)C{solv}{x=0.708000}|CCCCCl{solv}{x=0.292000}>,CC(=O)N(C)C,CCCCCl,fb-fit-v0-single-mean-k20,3,0.624156268903393,0.0399166370787949,0.305,0.0025
9895,2965,dens_1662749398344255132,655,Density,<Substance CC(=O)N(C)C{solv}{x=0.210500}|CCCCCl{solv}{x=0.789500}>,CC(=O)N(C)C,CCCCCl,fb-fit-v0-single-mean-k20,3,0.8753720402116921,0.0002894847391838,0.8918000000000001,0.0002
9896,2966,dhmix_2085343422065298965,656,EnthalpyOfMixing,<Substance CC(=O)N(C)C{solv}{x=0.511000}|CCCCCl{solv}{x=0.489000}>,CC(=O)N(C)C,CCCCCl,fb-fit-v0-single-mean-k20,3,0.6645877629701147,0.0403205105048,0.363,0.0025
9897,2967,dhmix_359626193748497849,657,EnthalpyOfMixing,<Substance C1CCOCC1{solv}{x=0.750000}|O=C1CCCCC1{solv}{x=0.250000}>,C1CCOCC1,O=C1CCCCC1,fb-fit-v0-single-mean-k20,3,0.0484145967136768,0.0454960451906328,0.07698,0.00069
9898,2968,dhmix_709905971434026360,658,EnthalpyOfMixing,<Substance C1CCOCC1{solv}{x=0.250000}|O=C1CCCCC1{solv}{x=0.750000}>,C1CCOCC1,O=C1CCCCC1,fb-fit-v0-single-mean-k20,3,0.0739420206987304,0.0454643904153579,0.05827,0.00062
9899,2969,dens_996263306280392228,659,Density,<Substance C1CCOCC1{solv}{x=0.500900}|O=C1CCCCC1{solv}{x=0.499100}>,C1CCOCC1,O=C1CCCCC1,fb-fit-v0-single-mean-k20,3,0.9051797018296034,0.0002574021453211,0.9160300000000002,0.000505
9900,2970,dens_1296485655493191092,660,Density,<Substance C1CCOCC1{solv}{x=0.247100}|O=C1CCCCC1{solv}{x=0.752900}>,C1CCOCC1,O=C1CCCCC1,fb-fit-v0-single-mean-k20,3,0.9195378632353992,0.0001829080461696,0.9305900000000004,0.000505
9901,2971,dhmix_1617652800437548554,661,EnthalpyOfMixing,<Substance C1CCOCC1{solv}{x=0.500000}|O=C1CCCCC1{solv}{x=0.500000}>,C1CCOCC1,O=C1CCCCC1,fb-fit-v0-single-mean-k20,3,0.0153623443635027,0.0423520856486244,0.08658,0.000725
9902,2972,dens_2134919398794801459,662,Density,<Substance C1CCOCC1{solv}{x=0.738900}|O=C1CCCCC1{solv}{x=0.261100}>,C1CCOCC1,O=C1CCCCC1,fb-fit-v0-single-mean-k20,3,0.89049316501154,0.0002252820823086,0.9000800000000002,0.000505
9903,2973,dens_371429494256072686,663,Density,<Substance COC=O{solv}{x=0.513800}|ClCCCCl{solv}{x=0.486200}>,COC=O,ClCCCCl,fb-fit-v0-single-mean-k20,3,1.0910893134832191,0.0003400218754317,1.08831,0.00025
9904,2974,dens_416463243686186519,664,Density,<Substance COC=O{solv}{x=0.738400}|ClCCCCl{solv}{x=0.261600}>,COC=O,ClCCCCl,fb-fit-v0-single-mean-k20,3,1.048331018857912,0.0002485170240169,1.03754,0.0002
9905,2975,dhmix_573570621261992547,665,EnthalpyOfMixing,<Substance COC=O{solv}{x=0.767400}|ClCCCCl{solv}{x=0.232600}>,COC=O,ClCCCCl,fb-fit-v0-single-mean-k20,3,0.5712638896808544,0.0340015842614394,0.2841,0.0015
9906,2976,dens_1665007650151393058,666,Density,<Substance COC=O{solv}{x=0.244000}|ClCCCCl{solv}{x=0.756000}>,COC=O,ClCCCCl,fb-fit-v0-single-mean-k20,3,1.1335464497201917,0.0003945893764989,1.1395000000000002,0.0003
9907,2977,dhmix_2050640017895200777,667,EnthalpyOfMixing,<Substance COC=O{solv}{x=0.502400}|ClCCCCl{solv}{x=0.497600}>,COC=O,ClCCCCl,fb-fit-v0-single-mean-k20,3,0.8742705284334811,0.0328630336023122,0.3503,0.00175
9908,2978,dhmix_2121310957223924646,668,EnthalpyOfMixing,<Substance COC=O{solv}{x=0.202400}|ClCCCCl{solv}{x=0.797600}>,COC=O,ClCCCCl,fb-fit-v0-single-mean-k20,3,0.5827185668833756,0.035803572148376,0.2064,0.0012
9909,2979,dens_380799246642881225,669,Density,<Substance Cc1ccncc1{solv}{x=0.500000}|O{solv}{x=0.500000}>,Cc1ccncc1,O,fb-fit-v0-single-mean-k20,3,0.9512122653316633,0.0002823093229829,0.9704000000000004,0.0005
9910,2980,dens_1024460369591354985,670,Density,<Substance Cc1ccncc1{solv}{x=0.225000}|O{solv}{x=0.775000}>,Cc1ccncc1,O,fb-fit-v0-single-mean-k20,3,0.9590325484284584,0.0004003571223215,0.9848000000000002,0.0004
9911,2981,dens_1867704914487230306,671,Density,<Substance Cc1ccncc1{solv}{x=0.750000}|O{solv}{x=0.250000}>,Cc1ccncc1,O,fb-fit-v0-single-mean-k20,3,0.9488929562566656,0.000238640902843,0.9614000000000004,0.0004
9912,2982,dhmix_396839331496923568,672,EnthalpyOfMixing,<Substance CCCOC(=O)CC{solv}{x=0.237600}|ClCCCl{solv}{x=0.762400}>,CCCOC(=O)CC,ClCCCl,fb-fit-v0-single-mean-k20,3,-0.3181449384481958,0.0288577788152071,-0.317,0.0035
9913,2983,dens_1025242301432619836,673,Density,<Substance CCCOC(=O)CC{solv}{x=0.518800}|ClCCCl{solv}{x=0.481200}>,CCCOC(=O)CC,ClCCCl,fb-fit-v0-single-mean-k20,3,1.0014701906073125,0.0002752886405121,1.0064000000000002,0.000905
9914,2984,dens_1654149510571748883,674,Density,<Substance CCCOC(=O)CC{solv}{x=0.731600}|ClCCCl{solv}{x=0.268400}>,CCCOC(=O)CC,ClCCCl,fb-fit-v0-single-mean-k20,3,0.9373779158101586,0.0002351483136126,0.9416300000000002,0.00041
9915,2985,dens_1804016971158746429,675,Density,<Substance CCCOC(=O)CC{solv}{x=0.243700}|ClCCCl{solv}{x=0.756300}>,CCCOC(=O)CC,ClCCCl,fb-fit-v0-single-mean-k20,3,1.105082113228946,0.0003502968343493,1.11431,0.002155
9916,2986,dhmix_1840109043188951916,676,EnthalpyOfMixing,<Substance CCCOC(=O)CC{solv}{x=0.517700}|ClCCCl{solv}{x=0.482300}>,CCCOC(=O)CC,ClCCCl,fb-fit-v0-single-mean-k20,3,-0.5430539490630757,0.0379304665815282,-0.557,0.006
9917,2987,dhmix_1924188358781329171,677,EnthalpyOfMixing,<Substance CCCOC(=O)CC{solv}{x=0.787400}|ClCCCl{solv}{x=0.212600}>,CCCOC(=O)CC,ClCCCl,fb-fit-v0-single-mean-k20,3,-0.2557151714976271,0.0456068127702245,-0.357,0.004
9918,2988,dhmix_408170436877433675,678,EnthalpyOfMixing,<Substance CCCCC{solv}{x=0.229800}|CCOC=O{solv}{x=0.770200}>,CCCCC,CCOC=O,fb-fit-v0-single-mean-k20,3,1.2692016479570647,0.0397726475099761,1.016,0.0045
9919,2989,dens_1159257310358090227,679,Density,<Substance CCCCC{solv}{x=0.748000}|CCOC=O{solv}{x=0.252000}>,CCCCC,CCOC=O,fb-fit-v0-single-mean-k20,3,0.6707863169738248,0.0002650658569958,0.6707000000000002,0.000165
9920,2990,dhmix_1897634982824334825,680,EnthalpyOfMixing,<Substance CCCCC{solv}{x=0.500100}|CCOC=O{solv}{x=0.499900}>,CCCCC,CCOC=O,fb-fit-v0-single-mean-k20,3,1.6447596152089048,0.0353566091955793,1.354,0.0055
9921,2991,dens_1931965346092446599,681,Density,<Substance CCCCC{solv}{x=0.504000}|CCOC=O{solv}{x=0.496000}>,CCCCC,CCOC=O,fb-fit-v0-single-mean-k20,3,0.7405542218659543,0.0002503329044754,0.7333000000000002,0.00024
9922,2992,dens_2086304425324215507,682,Density,<Substance CCCCC{solv}{x=0.298000}|CCOC=O{solv}{x=0.702000}>,CCCCC,CCOC=O,fb-fit-v0-single-mean-k20,3,0.8113257098491529,0.0002817507790654,0.7971000000000003,0.000345
9923,2993,dhmix_2117998354372981576,683,EnthalpyOfMixing,<Substance CCCCC{solv}{x=0.777900}|CCOC=O{solv}{x=0.222100}>,CCCCC,CCOC=O,fb-fit-v0-single-mean-k20,3,1.411860600566328,0.0444595288929401,1.051,0.0045
9924,2994,dens_415189671276159712,684,Density,<Substance NCCO{solv}{x=0.785350}|c1ccncc1{solv}{x=0.214650}>,NCCO,c1ccncc1,fb-fit-v0-single-mean-k20,3,1.0299561820627818,0.0003389002659667,1.002592,0.000101
9925,2995,dhmix_607563797490786343,685,EnthalpyOfMixing,<Substance NCCO{solv}{x=0.559360}|c1ccncc1{solv}{x=0.440640}>,NCCO,c1ccncc1,fb-fit-v0-single-mean-k20,3,0.93738303737711,0.0350913534292827,0.824,0.0035
9926,2996,dhmix_783614050589043390,686,EnthalpyOfMixing,<Substance NCCO{solv}{x=0.248120}|c1ccncc1{solv}{x=0.751880}>,NCCO,c1ccncc1,fb-fit-v0-single-mean-k20,3,0.9658983890354288,0.0308947201414865,0.779,0.0035
9927,2997,dens_907288549206652702,687,Density,<Substance NCCO{solv}{x=0.558640}|c1ccncc1{solv}{x=0.441360}>,NCCO,c1ccncc1,fb-fit-v0-single-mean-k20,3,1.0102208886438688,0.0002180702173117,0.9936870000000002,0.0001015
9928,2998,dhmix_1092036220949585875,688,EnthalpyOfMixing,<Substance NCCO{solv}{x=0.746780}|c1ccncc1{solv}{x=0.253220}>,NCCO,c1ccncc1,fb-fit-v0-single-mean-k20,3,0.7122903969710421,0.042692819694424,0.612,0.003
9929,2999,dens_2278246591298089898,689,Density,<Substance NCCO{solv}{x=0.210010}|c1ccncc1{solv}{x=0.789990}>,NCCO,c1ccncc1,fb-fit-v0-single-mean-k20,3,0.9854330450577914,0.0002603466151958,0.9825660000000004,0.0001015
9930,3000,dens_419188249264987147,690,Density,<Substance CCCCC(=O)OCC{solv}{x=0.492100}|CCOC(C)=O{solv}{x=0.507900}>,CCCCC(=O)OCC,CCOC(C)=O,fb-fit-v0-single-mean-k20,3,0.883734183891842,0.0001631582535308,0.8787300000000002,0.00012
9931,3001,dens_667714041205021070,691,Density,<Substance CCCCC(=O)OCC{solv}{x=0.304700}|CCOC(C)=O{solv}{x=0.695300}>,CCCCC(=O)OCC,CCOC(C)=O,fb-fit-v0-single-mean-k20,3,0.8894380474497298,0.0002160086351616,0.8836400000000002,0.00012
9932,3002,dhmix_1137774316856842141,692,EnthalpyOfMixing,<Substance CCCCC(=O)OCC{solv}{x=0.737600}|CCOC(C)=O{solv}{x=0.262400}>,CCCCC(=O)OCC,CCOC(C)=O,fb-fit-v0-single-mean-k20,3,0.1002631645308209,0.0501809744881412,0.114,0.0015
9933,3003,dhmix_1322441082145072072,693,EnthalpyOfMixing,<Substance CCCCC(=O)OCC{solv}{x=0.279900}|CCOC(C)=O{solv}{x=0.720100}>,CCCCC(=O)OCC,CCOC(C)=O,fb-fit-v0-single-mean-k20,3,0.1020585101325686,0.0442652699278896,0.139,0.0015
9934,3004,dens_1682638395920841051,694,Density,<Substance CCCCC(=O)OCC{solv}{x=0.752600}|CCOC(C)=O{solv}{x=0.247400}>,CCCCC(=O)OCC,CCOC(C)=O,fb-fit-v0-single-mean-k20,3,0.8773718512719871,0.0001851645723974,0.8732900000000001,0.00012
9935,3005,dhmix_2161842751879945948,695,EnthalpyOfMixing,<Substance CCCCC(=O)OCC{solv}{x=0.519800}|CCOC(C)=O{solv}{x=0.480200}>,CCCCC(=O)OCC,CCOC(C)=O,fb-fit-v0-single-mean-k20,3,0.1349495406566161,0.0433681107010151,0.154,0.002
9936,3006,dhmix_419593950323214290,696,EnthalpyOfMixing,<Substance CCCCCC(C)=O{solv}{x=0.780400}|CCN(CC)CC{solv}{x=0.219600}>,CCCCCC(C)=O,CCN(CC)CC,fb-fit-v0-single-mean-k20,3,0.0696012503663183,0.0376465299203405,0.216,0.0025
9937,3007,dens_651921010645567431,697,Density,<Substance CCCCCC(C)=O{solv}{x=0.259800}|CCN(CC)CC{solv}{x=0.740200}>,CCCCCC(C)=O,CCN(CC)CC,fb-fit-v0-single-mean-k20,3,0.7539233169789428,0.0002061537007461,0.7465820000000002,8.950000000000002e-05
9938,3008,dens_995831511901627711,698,Density,<Substance CCCCCC(C)=O{solv}{x=0.748400}|CCN(CC)CC{solv}{x=0.251600}>,CCCCCC(C)=O,CCN(CC)CC,fb-fit-v0-single-mean-k20,3,0.7911618286025716,0.0001774441597556,0.7899410000000002,0.0001055
9939,3009,dhmix_1001984601109558110,699,EnthalpyOfMixing,<Substance CCCCCC(C)=O{solv}{x=0.492000}|CCN(CC)CC{solv}{x=0.508000}>,CCCCCC(C)=O,CCN(CC)CC,fb-fit-v0-single-mean-k20,3,0.1336106892306006,0.0501974380078916,0.419,0.0045
9940,3010,dens_1887829851815986883,700,Density,<Substance CCCCCC(C)=O{solv}{x=0.503200}|CCN(CC)CC{solv}{x=0.496800}>,CCCCCC(C)=O,CCN(CC)CC,fb-fit-v0-single-mean-k20,3,0.7731227440399516,0.0001771230013109,0.7684760000000002,9.800000000000002e-05
9941,3011,dhmix_2085744568401562111,701,EnthalpyOfMixing,<Substance CCCCCC(C)=O{solv}{x=0.293900}|CCN(CC)CC{solv}{x=0.706100}>,CCCCCC(C)=O,CCN(CC)CC,fb-fit-v0-single-mean-k20,3,0.1197721461889713,0.0465621302252673,0.412,0.0045
9942,3012,dens_436049638479549968,702,Density,<Substance COC=O{solv}{x=0.472500}|ClCCCl{solv}{x=0.527500}>,COC=O,ClCCCl,fb-fit-v0-single-mean-k20,3,1.130056761200289,0.0003215494683406,1.1269600000000004,0.000285
9943,3013,dens_627145458965592302,703,Density,<Substance COC=O{solv}{x=0.753000}|ClCCCl{solv}{x=0.247000}>,COC=O,ClCCCl,fb-fit-v0-single-mean-k20,3,1.059717482755643,0.0003520116616451,1.0461600000000004,0.000205
9944,3014,dhmix_731680623269260416,704,EnthalpyOfMixing,<Substance COC=O{solv}{x=0.250800}|ClCCCl{solv}{x=0.749200}>,COC=O,ClCCCl,fb-fit-v0-single-mean-k20,3,0.4203652287645578,0.0296712805062968,0.0793,0.0007
9945,3015,dens_1488543630772933598,705,Density,<Substance COC=O{solv}{x=0.279500}|ClCCCl{solv}{x=0.720500}>,COC=O,ClCCCl,fb-fit-v0-single-mean-k20,3,1.1713746603084951,0.0004621699723281,1.1777100000000005,0.00034
9946,3016,dhmix_2170321998768851974,706,EnthalpyOfMixing,<Substance COC=O{solv}{x=0.732200}|ClCCCl{solv}{x=0.267800}>,COC=O,ClCCCl,fb-fit-v0-single-mean-k20,3,0.3634666362462271,0.0328912741245827,0.0733,0.00065
9947,3017,dhmix_2249001225536869896,707,EnthalpyOfMixing,<Substance COC=O{solv}{x=0.487400}|ClCCCl{solv}{x=0.512600}>,COC=O,ClCCCl,fb-fit-v0-single-mean-k20,3,0.5329052848264197,0.0307875697742058,0.1028,0.0008
9948,3018,dhmix_442816374747487477,708,EnthalpyOfMixing,<Substance NCCCNCCCN{solv}{x=0.801500}|O{solv}{x=0.198500}>,NCCCNCCCN,O,fb-fit-v0-single-mean-k20,3,-1.6509146176524956,0.0631764533349284,-2.233,0.024
9949,3019,dhmix_1795382205757805615,709,EnthalpyOfMixing,<Substance NCCCNCCCN{solv}{x=0.300500}|O{solv}{x=0.699500}>,NCCCNCCCN,O,fb-fit-v0-single-mean-k20,3,-5.1167674878402245,0.0576978980354324,-6.588,0.07
9950,3020,dhmix_1814950732748396893,710,EnthalpyOfMixing,<Substance NCCCNCCCN{solv}{x=0.499800}|O{solv}{x=0.500200}>,NCCCNCCCN,O,fb-fit-v0-single-mean-k20,3,-4.7367081839424365,0.0583094615286899,-5.544,0.059
9951,3021,dhmix_446869196417408130,711,EnthalpyOfMixing,<Substance NCCNCCO{solv}{x=0.770000}|O{solv}{x=0.230000}>,NCCNCCO,O,fb-fit-v0-single-mean-k20,3,-2.0091221023309203,0.0395184065902514,-1.711,0.035
9952,3022,dhmix_673839467313503071,712,EnthalpyOfMixing,<Substance NCCNCCO{solv}{x=0.069900}|O{solv}{x=0.930100}>,NCCNCCO,O,fb-fit-v0-single-mean-k20,3,-0.899064386782424,0.0209206743578486,-1.713,0.035
9953,3023,dens_688094438561771555,713,Density,<Substance NCCNCCO{solv}{x=0.799700}|O{solv}{x=0.200300}>,NCCNCCO,O,fb-fit-v0-single-mean-k20,3,1.0788994660460538,0.0002653653339172,1.0318300000000002,0.00024
9954,3024,dhmix_1682883323293489147,714,EnthalpyOfMixing,<Substance NCCNCCO{solv}{x=0.400100}|O{solv}{x=0.599900}>,NCCNCCO,O,fb-fit-v0-single-mean-k20,3,-2.907243203661899,0.0381149354291879,-4.15,0.0845
9955,3025,dens_2045176885611624977,715,Density,<Substance NCCNCCO{solv}{x=0.070000}|O{solv}{x=0.930000}>,NCCNCCO,O,fb-fit-v0-single-mean-k20,3,1.0205359754675083,0.0004157362753226,1.0222800000000003,0.000125
9956,3026,dens_2280714043292214506,716,Density,<Substance NCCNCCO{solv}{x=0.399700}|O{solv}{x=0.600300}>,NCCNCCO,O,fb-fit-v0-single-mean-k20,3,1.059090203051991,0.0004464397088696,1.0370100000000002,0.00017
9957,3027,dens_448105363780466270,717,Density,<Substance CCCCCCCl{solv}{x=0.498300}|CN(C)C=O{solv}{x=0.501700}>,CCCCCCCl,CN(C)C=O,fb-fit-v0-single-mean-k20,3,0.8876687999870841,0.0002363988754488,0.8974000000000002,0.0003
9958,3028,dens_1134260732394863277,718,Density,<Substance CCCCCCCl{solv}{x=0.729300}|CN(C)C=O{solv}{x=0.270700}>,CCCCCCCl,CN(C)C=O,fb-fit-v0-single-mean-k20,3,0.8787710926136492,0.0002393271602396,0.8844000000000002,0.0003
9959,3029,dhmix_1150917243327149472,719,EnthalpyOfMixing,<Substance CCCCCCCl{solv}{x=0.500000}|CN(C)C=O{solv}{x=0.500000}>,CCCCCCCl,CN(C)C=O,fb-fit-v0-single-mean-k20,3,1.1960518284648458,0.0384208437254887,0.847,0.004
9960,3030,dhmix_1166656674614639609,720,EnthalpyOfMixing,<Substance CCCCCCCl{solv}{x=0.204000}|CN(C)C=O{solv}{x=0.796000}>,CCCCCCCl,CN(C)C=O,fb-fit-v0-single-mean-k20,3,0.8544472334247075,0.0416132164601929,0.583,0.004
9961,3031,dhmix_1262474968830454367,721,EnthalpyOfMixing,<Substance CCCCCCCl{solv}{x=0.795000}|CN(C)C=O{solv}{x=0.205000}>,CCCCCCCl,CN(C)C=O,fb-fit-v0-single-mean-k20,3,0.8194774054441893,0.0476761981541022,0.542,0.0035
9962,3032,dens_1862934255267356180,722,Density,<Substance CCCCCCCl{solv}{x=0.200700}|CN(C)C=O{solv}{x=0.799300}>,CCCCCCCl,CN(C)C=O,fb-fit-v0-single-mean-k20,3,0.9040795744643156,0.0002557847472037,0.9218000000000002,0.00025
9963,3033,dhmix_457000181442392641,723,EnthalpyOfMixing,<Substance CCOCCO{solv}{x=0.241100}|c1ccccc1{solv}{x=0.758900}>,CCOCCO,c1ccccc1,fb-fit-v0-single-mean-k20,3,0.762661773478527,0.041858603883394,0.6303,0.00815
9964,3034,dhmix_501726034520661035,724,EnthalpyOfMixing,<Substance CCOCCO{solv}{x=0.733600}|c1ccccc1{solv}{x=0.266400}>,CCOCCO,c1ccccc1,fb-fit-v0-single-mean-k20,3,0.4658252183233315,0.0465267799978312,0.2326,0.0033
9965,3035,dens_577983044895299238,725,Density,<Substance CCOCCO{solv}{x=0.251800}|c1ccccc1{solv}{x=0.748200}>,CCOCCO,c1ccccc1,fb-fit-v0-single-mean-k20,3,0.8910705762313582,0.0002003675511056,0.8849000000000002,0.00081
9966,3036,dens_1506946378386070831,726,Density,<Substance CCOCCO{solv}{x=0.750800}|c1ccccc1{solv}{x=0.249200}>,CCOCCO,c1ccccc1,fb-fit-v0-single-mean-k20,3,0.9113572214286232,0.0002508024916085,0.9134500000000004,0.000685
9967,3037,dhmix_1801594081157333975,727,EnthalpyOfMixing,<Substance CCOCCO{solv}{x=0.478600}|c1ccccc1{solv}{x=0.521400}>,CCOCCO,c1ccccc1,fb-fit-v0-single-mean-k20,3,0.7194677481779621,0.0399984529141991,0.4912,0.00645
9968,3038,dens_2128846755225827916,728,Density,<Substance CCOCCO{solv}{x=0.504800}|c1ccccc1{solv}{x=0.495200}>,CCOCCO,c1ccccc1,fb-fit-v0-single-mean-k20,3,0.9004193445278802,0.0002734068090204,0.8995700000000003,0.000745
9969,3039,dhmix_466383569529620932,729,EnthalpyOfMixing,<Substance CC(=O)N(C)C{solv}{x=0.505000}|CCCCCCCl{solv}{x=0.495000}>,CC(=O)N(C)C,CCCCCCCl,fb-fit-v0-single-mean-k20,3,0.8854565595855419,0.0458141588947905,0.61,0.003
9970,3040,dhmix_493694362228351572,730,EnthalpyOfMixing,<Substance CC(=O)N(C)C{solv}{x=0.798000}|CCCCCCCl{solv}{x=0.202000}>,CC(=O)N(C)C,CCCCCCCl,fb-fit-v0-single-mean-k20,3,0.6745484839969542,0.0447174773992763,0.425,0.003
9971,3041,dhmix_626564461179097700,731,EnthalpyOfMixing,<Substance CC(=O)N(C)C{solv}{x=0.211000}|CCCCCCCl{solv}{x=0.789000}>,CC(=O)N(C)C,CCCCCCCl,fb-fit-v0-single-mean-k20,3,0.6419423881626756,0.0482733858330676,0.38,0.003
9972,3042,dens_1720641323575133011,732,Density,<Substance CC(=O)N(C)C{solv}{x=0.200300}|CCCCCCCl{solv}{x=0.799700}>,CC(=O)N(C)C,CCCCCCCl,fb-fit-v0-single-mean-k20,3,0.8753559687103261,0.0002709758030826,0.8816000000000003,0.00025
9973,3043,dens_1817345990638851984,733,Density,<Substance CC(=O)N(C)C{solv}{x=0.503000}|CCCCCCCl{solv}{x=0.497000}>,CC(=O)N(C)C,CCCCCCCl,fb-fit-v0-single-mean-k20,3,0.8834945007048955,0.0002400518514502,0.8975000000000002,0.00025
9974,3044,dens_1885054129776339889,734,Density,<Substance CC(=O)N(C)C{solv}{x=0.699200}|CCCCCCCl{solv}{x=0.300800}>,CC(=O)N(C)C,CCCCCCCl,fb-fit-v0-single-mean-k20,3,0.8897549815277402,0.0002085645415965,0.9104000000000002,0.0002
9975,3045,dens_468507243072548580,735,Density,<Substance CCC#N{solv}{x=0.701200}|CCOC(C)(C)CC{solv}{x=0.298800}>,CCC#N,CCOC(C)(C)CC,fb-fit-v0-single-mean-k20,3,0.7685844785293264,0.0002216579223268,0.7715000000000002,0.0004
9976,3046,dhmix_553135124490085656,736,EnthalpyOfMixing,<Substance CCC#N{solv}{x=0.502500}|CCOC(C)(C)CC{solv}{x=0.497500}>,CCC#N,CCOC(C)(C)CC,fb-fit-v0-single-mean-k20,3,0.1602516565322886,0.0461709226063348,0.7023,0.00955
9977,3047,dens_762108332272225600,737,Density,<Substance CCC#N{solv}{x=0.502500}|CCOC(C)(C)CC{solv}{x=0.497500}>,CCC#N,CCOC(C)(C)CC,fb-fit-v0-single-mean-k20,3,0.7674853564849392,0.0002668252718328,0.7683000000000001,0.00035
9978,3048,dens_967634241844220739,738,Density,<Substance CCC#N{solv}{x=0.200900}|CCOC(C)(C)CC{solv}{x=0.799100}>,CCC#N,CCOC(C)(C)CC,fb-fit-v0-single-mean-k20,3,0.7640944504137545,0.0002170335129165,0.7638000000000001,0.00025
9979,3049,dhmix_1961082112686431376,739,EnthalpyOfMixing,<Substance CCC#N{solv}{x=0.200900}|CCOC(C)(C)CC{solv}{x=0.799100}>,CCC#N,CCOC(C)(C)CC,fb-fit-v0-single-mean-k20,3,0.0671104808118272,0.0455284328071852,0.502,0.00685
9980,3050,dhmix_2005765786246998093,740,EnthalpyOfMixing,<Substance CCC#N{solv}{x=0.701200}|CCOC(C)(C)CC{solv}{x=0.298800}>,CCC#N,CCOC(C)(C)CC,fb-fit-v0-single-mean-k20,3,0.1723473924400309,0.0398193649398462,0.5863,0.008
9981,3051,dhmix_471514663464011364,741,EnthalpyOfMixing,<Substance C1CCOCC1{solv}{x=0.722000}|CCCCCO{solv}{x=0.278000}>,C1CCOCC1,CCCCCO,fb-fit-v0-single-mean-k20,3,1.0165037338707918,0.0450765315284465,0.8628,0.00745
9982,3052,dens_910343796235321484,742,Density,<Substance C1CCOCC1{solv}{x=0.298700}|CCCCCO{solv}{x=0.701300}>,C1CCOCC1,CCCCCO,fb-fit-v0-single-mean-k20,3,0.8290740551575951,0.0001955217829,0.8293300000000002,0.00034
9983,3053,dens_1812069868432416079,743,Density,<Substance C1CCOCC1{solv}{x=0.800000}|CCCCCO{solv}{x=0.200000}>,C1CCOCC1,CCCCCO,fb-fit-v0-single-mean-k20,3,0.8587476056354431,0.0001715854121846,0.8635900000000002,0.000315
9984,3054,dhmix_1936206883965149188,744,EnthalpyOfMixing,<Substance C1CCOCC1{solv}{x=0.526000}|CCCCCO{solv}{x=0.474000}>,C1CCOCC1,CCCCCO,fb-fit-v0-single-mean-k20,3,1.246703127303313,0.0460924740512758,0.97,0.00615
9985,3055,dhmix_1992318015190346725,745,EnthalpyOfMixing,<Substance C1CCOCC1{solv}{x=0.217000}|CCCCCO{solv}{x=0.783000}>,C1CCOCC1,CCCCCO,fb-fit-v0-single-mean-k20,3,0.7736703220550538,0.043359077580492,0.6006,0.00455
9986,3056,dens_2204330198012032768,746,Density,<Substance C1CCOCC1{solv}{x=0.499400}|CCCCCO{solv}{x=0.500600}>,C1CCOCC1,CCCCCO,fb-fit-v0-single-mean-k20,3,0.8399912644619318,0.0002197719526319,0.8425400000000002,0.00033
9987,3057,dhmix_472822428299818953,747,EnthalpyOfMixing,<Substance CC(C)CC(C)(C)C{solv}{x=0.700500}|CCCCO{solv}{x=0.299500}>,CC(C)CC(C)(C)C,CCCCO,fb-fit-v0-single-mean-k20,3,0.6386446022012819,0.049111837574923,0.6228,0.0028
9988,3058,dhmix_628387028768654403,748,EnthalpyOfMixing,<Substance CC(C)CC(C)(C)C{solv}{x=0.499900}|CCCCO{solv}{x=0.500100}>,CC(C)CC(C)(C)C,CCCCO,fb-fit-v0-single-mean-k20,3,0.6972407799575535,0.0483125350971341,0.5938,0.0027
9989,3059,dens_631668933678639865,749,Density,<Substance CC(C)CC(C)(C)C{solv}{x=0.200000}|CCCCO{solv}{x=0.800000}>,CC(C)CC(C)(C)C,CCCCO,fb-fit-v0-single-mean-k20,3,0.7770764025044302,0.0001746342070384,0.7696800000000001,0.000295
9990,3060,dens_1394470087977586253,750,Density,<Substance CC(C)CC(C)(C)C{solv}{x=0.500000}|CCCCO{solv}{x=0.500000}>,CC(C)CC(C)(C)C,CCCCO,fb-fit-v0-single-mean-k20,3,0.7444971547813454,0.0001895141773308,0.7294000000000002,0.000285
9991,3061,dens_1809610870413503056,751,Density,<Substance CC(C)CC(C)(C)C{solv}{x=0.699900}|CCCCO{solv}{x=0.300100}>,CC(C)CC(C)(C)C,CCCCO,fb-fit-v0-single-mean-k20,3,0.7294690598936925,0.0001818508454815,0.7097700000000001,0.000285
9992,3062,dhmix_2302589146189152767,752,EnthalpyOfMixing,<Substance CC(C)CC(C)(C)C{solv}{x=0.200200}|CCCCO{solv}{x=0.799800}>,CC(C)CC(C)(C)C,CCCCO,fb-fit-v0-single-mean-k20,3,0.3895445297753142,0.0403440001571039,0.27646,0.003235
9993,3063,dens_486902622078179007,753,Density,<Substance COC=O{solv}{x=0.494600}|CO{solv}{x=0.505400}>,CO,COC=O,fb-fit-v0-single-mean-k20,3,0.8959059623384318,0.0002640185827626,0.8956100000000002,7.500000000000002e-05
9994,3064,dens_750646162221180186,754,Density,<Substance COC=O{solv}{x=0.083300}|CO{solv}{x=0.916700}>,CO,COC=O,fb-fit-v0-single-mean-k20,3,0.7875180117295386,0.0004323277202569,0.8088000000000002,9.000000000000002e-05
9995,3065,dhmix_1113631207235753369,755,EnthalpyOfMixing,<Substance COC=O{solv}{x=0.717800}|CO{solv}{x=0.282200}>,CO,COC=O,fb-fit-v0-single-mean-k20,3,0.9197258406558976,0.030325564828069,1.105,0.012
9996,3066,dhmix_2143911117683117531,756,EnthalpyOfMixing,<Substance COC=O{solv}{x=0.512700}|CO{solv}{x=0.487300}>,CO,COC=O,fb-fit-v0-single-mean-k20,3,1.1993043298970756,0.0298598072195643,1.179,0.0125
9997,3067,dens_2148324189014877510,757,Density,<Substance COC=O{solv}{x=0.727100}|CO{solv}{x=0.272900}>,CO,COC=O,fb-fit-v0-single-mean-k20,3,0.9439012417542298,0.0003964878737241,0.9321000000000004,8.000000000000002e-05
9998,3068,dhmix_2205254965267695203,758,EnthalpyOfMixing,<Substance COC=O{solv}{x=0.083300}|CO{solv}{x=0.916700}>,CO,COC=O,fb-fit-v0-single-mean-k20,3,0.4435168189926823,0.0307891912349068,0.311,0.0035
9999,3069,dhmix_497300242003673148,759,EnthalpyOfMixing,<Substance BrCCBr{solv}{x=0.284100}|CCCCOC(=O)CCC{solv}{x=0.715900}>,BrCCBr,CCCCOC(=O)CCC,fb-fit-v0-single-mean-k20,3,-0.4355175295058515,0.0496514010428299,-0.054,0.001
10000,3070,dhmix_712261179736749495,760,EnthalpyOfMixing,<Substance BrCCBr{solv}{x=0.515300}|CCCCOC(=O)CCC{solv}{x=0.484700}>,BrCCBr,CCCCOC(=O)CCC,fb-fit-v0-single-mean-k20,3,-0.6348008681301422,0.0467992745999132,-0.027,0.0005
10001,3071,dens_846614854165535724,761,Density,<Substance BrCCBr{solv}{x=0.212900}|CCCCOC(=O)CCC{solv}{x=0.787100}>,BrCCBr,CCCCOC(=O)CCC,fb-fit-v0-single-mean-k20,3,1.0229207616656038,0.0002166357730284,1.0245500000000003,0.00013
10002,3072,dens_1085110183353279404,762,Density,<Substance BrCCBr{solv}{x=0.730000}|CCCCOC(=O)CCC{solv}{x=0.270000}>,BrCCBr,CCCCOC(=O)CCC,fb-fit-v0-single-mean-k20,3,1.609339862946456,0.0004803882774829,1.6231500000000003,0.000405
10003,3073,dhmix_2153957437015117204,763,EnthalpyOfMixing,<Substance BrCCBr{solv}{x=0.763900}|CCCCOC(=O)CCC{solv}{x=0.236100}>,BrCCBr,CCCCOC(=O)CCC,fb-fit-v0-single-mean-k20,3,-0.4642804833336882,0.035149378139499,0.051,0.001
10004,3074,dens_2242615301342819560,764,Density,<Substance BrCCBr{solv}{x=0.449300}|CCCCOC(=O)CCC{solv}{x=0.550700}>,BrCCBr,CCCCOC(=O)CCC,fb-fit-v0-single-mean-k20,3,1.247302136892945,0.0002177698725793,1.2506100000000002,0.000225
10005,3075,dens_501060706627477242,765,Density,<Substance OC1=NCCC1{solv}{x=0.500000}|O{solv}{x=0.500000}>,O,OC1=NCCC1,fb-fit-v0-single-mean-k20,3,1.048224970909124,0.0002974623262478,1.0977070000000004,0.0005555
10006,3076,dens_929065521104254808,766,Density,<Substance OC1=NCCC1{solv}{x=0.744800}|O{solv}{x=0.255200}>,O,OC1=NCCC1,fb-fit-v0-single-mean-k20,3,1.056636302624771,0.0002528568557888,1.1044310000000004,0.000577
10007,3077,dhmix_1128968771311392860,767,EnthalpyOfMixing,<Substance OC1=NCCC1{solv}{x=0.769300}|O{solv}{x=0.230700}>,O,OC1=NCCC1,fb-fit-v0-single-mean-k20,3,0.5852636815791641,0.0397337700367824,-0.678,0.1695
10008,3078,dens_1192491633684345401,768,Density,<Substance OC1=NCCC1{solv}{x=0.246800}|O{solv}{x=0.753200}>,O,OC1=NCCC1,fb-fit-v0-single-mean-k20,3,1.032535348894252,0.0003932481954172,1.077068,0.0004905
10009,3079,dhmix_1775375132531538271,769,EnthalpyOfMixing,<Substance OC1=NCCC1{solv}{x=0.478300}|O{solv}{x=0.521700}>,O,OC1=NCCC1,fb-fit-v0-single-mean-k20,3,0.603190579099973,0.0307339235598044,-0.8384,0.20965
10010,3080,dhmix_1895825007089845103,770,EnthalpyOfMixing,<Substance OC1=NCCC1{solv}{x=0.231900}|O{solv}{x=0.768100}>,O,OC1=NCCC1,fb-fit-v0-single-mean-k20,3,0.5172394662267976,0.0231152266232569,-0.5238,0.13095
10011,3081,dens_502738970558558534,771,Density,<Substance BrCCBr{solv}{x=0.749000}|COC=O{solv}{x=0.251000}>,BrCCBr,COC=O,fb-fit-v0-single-mean-k20,3,1.9043702545353225,0.0006321346952939,1.9319600000000008,0.003535
10012,3082,dhmix_523129341332875255,772,EnthalpyOfMixing,<Substance BrCCBr{solv}{x=0.059500}|COC=O{solv}{x=0.940500}>,BrCCBr,COC=O,fb-fit-v0-single-mean-k20,3,0.1956433133265774,0.0354073921945612,0.1715,0.00215
10013,3083,dens_528986974844153101,773,Density,<Substance BrCCBr{solv}{x=0.059800}|COC=O{solv}{x=0.940200}>,BrCCBr,COC=O,fb-fit-v0-single-mean-k20,3,1.084134310622083,0.0003619433011378,1.06428,0.00056
10014,3084,dhmix_1521152703631810888,774,EnthalpyOfMixing,<Substance BrCCBr{solv}{x=0.757400}|COC=O{solv}{x=0.242600}>,BrCCBr,COC=O,fb-fit-v0-single-mean-k20,3,0.6505052058659819,0.0264292102597171,0.653,0.00585
10015,3085,dhmix_1685647138770344206,775,EnthalpyOfMixing,<Substance BrCCBr{solv}{x=0.528100}|COC=O{solv}{x=0.471900}>,BrCCBr,COC=O,fb-fit-v0-single-mean-k20,3,0.8556538607413735,0.0294983075082613,0.8123,0.00705
10016,3086,dens_1945150067923572864,776,Density,<Substance BrCCBr{solv}{x=0.501500}|COC=O{solv}{x=0.498500}>,BrCCBr,COC=O,fb-fit-v0-single-mean-k20,3,1.6561458264963194,0.0005363359985736,1.6620300000000003,0.00232
10017,3087,dens_511283508189056955,777,Density,<Substance CCO{solv}{x=0.291400}|CN(C)CCO{solv}{x=0.708600}>,CCO,CN(C)CCO,fb-fit-v0-single-mean-k20,3,0.8837285482207955,0.0002264644862929,0.8710100000000002,0.000165
10018,3088,dhmix_1055456388735168345,778,EnthalpyOfMixing,<Substance CCO{solv}{x=0.508400}|CN(C)CCO{solv}{x=0.491600}>,CCO,CN(C)CCO,fb-fit-v0-single-mean-k20,3,-0.841731256193583,0.0386593304817197,-0.4044,0.0044
10019,3089,dens_1119930253414624267,779,Density,<Substance CCO{solv}{x=0.699500}|CN(C)CCO{solv}{x=0.300500}>,CCO,CN(C)CCO,fb-fit-v0-single-mean-k20,3,0.8388033051082409,0.000208463807423,0.8345000000000002,0.000135
10020,3090,dhmix_1132835222292135012,780,EnthalpyOfMixing,<Substance CCO{solv}{x=0.268600}|CN(C)CCO{solv}{x=0.731400}>,CCO,CN(C)CCO,fb-fit-v0-single-mean-k20,3,-0.6996067251399722,0.0412529013049527,-0.2783,0.0031
10021,3091,dens_1964926738263319597,781,Density,<Substance CCO{solv}{x=0.494900}|CN(C)CCO{solv}{x=0.505100}>,CCO,CN(C)CCO,fb-fit-v0-single-mean-k20,3,0.8639190787663521,0.0002231744866856,0.8566200000000002,0.00015
10022,3092,dhmix_2011138895468245368,782,EnthalpyOfMixing,<Substance CCO{solv}{x=0.733500}|CN(C)CCO{solv}{x=0.266500}>,CCO,CN(C)CCO,fb-fit-v0-single-mean-k20,3,-0.8029832381494515,0.0391825811685477,-0.3657,0.004
10023,3093,dhmix_517287783481256565,783,EnthalpyOfMixing,<Substance CN(C)C=O{solv}{x=0.701000}|ClCCCCCl{solv}{x=0.299000}>,CN(C)C=O,ClCCCCCl,fb-fit-v0-single-mean-k20,3,0.3698486300811012,0.0391126453005788,-0.052,0.002
10024,3094,dens_765057686797526715,784,Density,<Substance CN(C)C=O{solv}{x=0.794300}|ClCCCCCl{solv}{x=0.205700}>,CN(C)C=O,ClCCCCCl,fb-fit-v0-single-mean-k20,3,0.9749212499609567,0.0002517049368915,0.9934000000000002,0.00245
10025,3095,dens_1092490027864410415,785,Density,<Substance CN(C)C=O{solv}{x=0.502200}|ClCCCCCl{solv}{x=0.497800}>,CN(C)C=O,ClCCCCCl,fb-fit-v0-single-mean-k20,3,1.0399157468845217,0.0003036387022422,1.0524000000000004,0.0022
10026,3096,dens_1571926938169630329,786,Density,<Substance CN(C)C=O{solv}{x=0.299400}|ClCCCCCl{solv}{x=0.700600}>,CN(C)C=O,ClCCCCCl,fb-fit-v0-single-mean-k20,3,1.0776770207549182,0.0002616865780997,1.0879000000000003,0.0021
10027,3097,dhmix_1989422051580285053,787,EnthalpyOfMixing,<Substance CN(C)C=O{solv}{x=0.501000}|ClCCCCCl{solv}{x=0.499000}>,CN(C)C=O,ClCCCCCl,fb-fit-v0-single-mean-k20,3,0.5062991739798477,0.0323520184196646,-0.056,0.002
10028,3098,dhmix_2190775305913174779,788,EnthalpyOfMixing,<Substance CN(C)C=O{solv}{x=0.204000}|ClCCCCCl{solv}{x=0.796000}>,CN(C)C=O,ClCCCCCl,fb-fit-v0-single-mean-k20,3,0.3396672106391563,0.0423499679035437,-0.039,0.002
10029,3099,dens_518199256039095036,789,Density,<Substance CCCCO{solv}{x=0.496400}|NCCN{solv}{x=0.503600}>,CCCCO,NCCN,fb-fit-v0-single-mean-k20,3,0.876844429771037,0.0002558707854656,0.8519430000000002,0.000219
10030,3100,dens_866492593379488722,790,Density,<Substance CCCCO{solv}{x=0.739800}|NCCN{solv}{x=0.260200}>,CCCCO,NCCN,fb-fit-v0-single-mean-k20,3,0.8394584335441846,0.0002422640165422,0.8325090000000002,0.000221
10031,3101,dens_2064365769538781360,791,Density,<Substance CCCCO{solv}{x=0.291900}|NCCN{solv}{x=0.708100}>,CCCCO,NCCN,fb-fit-v0-single-mean-k20,3,0.9165837109112702,0.0002612835098611,0.8676960000000002,0.0002205
10032,3102,dens_520201021244222151,792,Density,<Substance O=C1CCCO1{solv}{x=0.300000}|O{solv}{x=0.700000}>,O,O=C1CCCO1,fb-fit-v0-single-mean-k20,3,1.0572998603380297,0.0003699334179997,1.0886000000000002,0.0001
10033,3103,dens_2198925124601089428,793,Density,<Substance O=C1CCCO1{solv}{x=0.500000}|O{solv}{x=0.500000}>,O,O=C1CCCO1,fb-fit-v0-single-mean-k20,3,1.0778680671588012,0.0002790085249581,1.1059000000000003,0.0001
10034,3104,dens_2272207838075726438,794,Density,<Substance O=C1CCCO1{solv}{x=0.800000}|O{solv}{x=0.200000}>,O,O=C1CCCO1,fb-fit-v0-single-mean-k20,3,1.0952446108280862,0.000177519577351,1.1182000000000003,0.0001
10035,3105,dhmix_524376395520217080,795,EnthalpyOfMixing,<Substance CC(C)CC(C)(C)C{solv}{x=0.440700}|CCCC(=O)OC{solv}{x=0.559300}>,CC(C)CC(C)(C)C,CCCC(=O)OC,fb-fit-v0-single-mean-k20,3,1.4619975052620902,0.0462684096403765,1.053,0.0115
10036,3106,dens_581090592491592243,796,Density,<Substance CC(C)CC(C)(C)C{solv}{x=0.298100}|CCCC(=O)OC{solv}{x=0.701900}>,CC(C)CC(C)(C)C,CCCC(=O)OC,fb-fit-v0-single-mean-k20,3,0.8203781000840409,0.0002147675897614,0.8119000000000002,0.000505
10037,3107,dens_1497434747823371430,797,Density,<Substance CC(C)CC(C)(C)C{solv}{x=0.724300}|CCCC(=O)OC{solv}{x=0.275700}>,CC(C)CC(C)(C)C,CCCC(=O)OC,fb-fit-v0-single-mean-k20,3,0.747499520006302,0.0001840327152895,0.7279000000000001,0.000505
10038,3108,dhmix_1614087501371550297,798,EnthalpyOfMixing,<Substance CC(C)CC(C)(C)C{solv}{x=0.762900}|CCCC(=O)OC{solv}{x=0.237100}>,CC(C)CC(C)(C)C,CCCC(=O)OC,fb-fit-v0-single-mean-k20,3,1.331848065303447,0.0486342468964099,0.789,0.0085
10039,3109,dens_1842979547629422953,799,Density,<Substance CC(C)CC(C)(C)C{solv}{x=0.441000}|CCCC(=O)OC{solv}{x=0.559000}>,CC(C)CC(C)(C)C,CCCC(=O)OC,fb-fit-v0-single-mean-k20,3,0.7924377110341654,0.0002430968050821,0.7803000000000001,0.000505
10040,3110,dhmix_2246911102339588209,800,EnthalpyOfMixing,<Substance CC(C)CC(C)(C)C{solv}{x=0.298200}|CCCC(=O)OC{solv}{x=0.701800}>,CC(C)CC(C)(C)C,CCCC(=O)OC,fb-fit-v0-single-mean-k20,3,1.256487282016849,0.0507397860564058,0.884,0.0095
10041,3111,dhmix_536798507677319129,801,EnthalpyOfMixing,<Substance C1COCO1{solv}{x=0.267900}|Cc1ccccc1Cl{solv}{x=0.732100}>,C1COCO1,Cc1ccccc1Cl,fb-fit-v0-single-mean-k20,3,0.1628841420121745,0.037590956629432,0.272,0.0015
10042,3112,dens_559535483529614058,802,Density,<Substance C1COCO1{solv}{x=0.726600}|Cc1ccccc1Cl{solv}{x=0.273400}>,C1COCO1,Cc1ccccc1Cl,fb-fit-v0-single-mean-k20,3,1.078433738967707,0.0003069717504616,1.0652000000000004,0.0005
10043,3113,dens_731520844601672570,803,Density,<Substance C1COCO1{solv}{x=0.268500}|Cc1ccccc1Cl{solv}{x=0.731500}>,C1COCO1,Cc1ccccc1Cl,fb-fit-v0-single-mean-k20,3,1.074814520120055,0.0002475356048061,1.0630000000000002,0.0005
10044,3114,dens_839907656840905053,804,Density,<Substance C1COCO1{solv}{x=0.516900}|Cc1ccccc1Cl{solv}{x=0.483100}>,C1COCO1,Cc1ccccc1Cl,fb-fit-v0-single-mean-k20,3,1.0825143564318118,0.0002675360318014,1.0694000000000004,0.0005
10045,3115,dhmix_1308085019204784636,805,EnthalpyOfMixing,<Substance C1COCO1{solv}{x=0.500900}|Cc1ccccc1Cl{solv}{x=0.499100}>,C1COCO1,Cc1ccccc1Cl,fb-fit-v0-single-mean-k20,3,0.2821702589022692,0.0431879954681871,0.393,0.002
10046,3116,dhmix_1924685013370154802,806,EnthalpyOfMixing,<Substance C1COCO1{solv}{x=0.760400}|Cc1ccccc1Cl{solv}{x=0.239600}>,C1COCO1,Cc1ccccc1Cl,fb-fit-v0-single-mean-k20,3,0.1873880065297868,0.0387269606710788,0.313,0.0015
10047,3117,dhmix_549919019055097043,807,EnthalpyOfMixing,<Substance C1CCCCC1{solv}{x=0.799100}|CC(C)O{solv}{x=0.200900}>,C1CCCCC1,CC(C)O,fb-fit-v0-single-mean-k20,3,0.6426550978968493,0.047783415437434,0.702,0.017
10048,3118,dhmix_1101575580592240663,808,EnthalpyOfMixing,<Substance C1CCCCC1{solv}{x=0.199500}|CC(C)O{solv}{x=0.800500}>,C1CCCCC1,CC(C)O,fb-fit-v0-single-mean-k20,3,0.5361493213756372,0.0393510523621728,0.438,0.011
10049,3119,dhmix_1262965345724899699,809,EnthalpyOfMixing,<Substance C1CCCCC1{solv}{x=0.498400}|CC(C)O{solv}{x=0.501600}>,C1CCCCC1,CC(C)O,fb-fit-v0-single-mean-k20,3,0.9824914401145932,0.0302763492857828,0.801,0.0195
10050,3120,dens_1431184569437551541,810,Density,<Substance C1CCCCC1{solv}{x=0.705800}|CC(C)O{solv}{x=0.294200}>,C1CCCCC1,CC(C)O,fb-fit-v0-single-mean-k20,3,0.7684901645727258,0.0002317308597881,0.7711100000000002,0.000245
10051,3121,dens_2097249982689376165,811,Density,<Substance C1CCCCC1{solv}{x=0.200000}|CC(C)O{solv}{x=0.800000}>,C1CCCCC1,CC(C)O,fb-fit-v0-single-mean-k20,3,0.7866571853729591,0.0002348206475671,0.7761000000000002,0.0003
10052,3122,dens_2130071224188444793,812,Density,<Substance C1CCCCC1{solv}{x=0.503900}|CC(C)O{solv}{x=0.496100}>,C1CCCCC1,CC(C)O,fb-fit-v0-single-mean-k20,3,0.774180347416668,0.0002625048518092,0.7719000000000001,0.0003
10053,3123,dens_562489367284385084,813,Density,<Substance CCCCC(=O)OC{solv}{x=0.251100}|COC(C)=O{solv}{x=0.748900}>,CCCCC(=O)OC,COC(C)=O,fb-fit-v0-single-mean-k20,3,0.9111533948957624,0.0002510023743434,0.9105300000000002,0.000505
10054,3124,dhmix_814771684244180933,814,EnthalpyOfMixing,<Substance CCCCC(=O)OC{solv}{x=0.733900}|COC(C)=O{solv}{x=0.266100}>,CCCCC(=O)OC,COC(C)=O,fb-fit-v0-single-mean-k20,3,0.121584140517665,0.0456608733744535,0.178,0.002
10055,3125,dhmix_915202362324204655,815,EnthalpyOfMixing,<Substance CCCCC(=O)OC{solv}{x=0.505500}|COC(C)=O{solv}{x=0.494500}>,CCCCC(=O)OC,COC(C)=O,fb-fit-v0-single-mean-k20,3,0.1697487851142405,0.0316117797098093,0.238,0.0025
10056,3126,dhmix_935892165648195197,816,EnthalpyOfMixing,<Substance CCCCC(=O)OC{solv}{x=0.234700}|COC(C)=O{solv}{x=0.765300}>,CCCCC(=O)OC,COC(C)=O,fb-fit-v0-single-mean-k20,3,0.026834243731372,0.0390231907826377,0.173,0.002
10057,3127,dens_961692445804333991,817,Density,<Substance CCCCC(=O)OC{solv}{x=0.738300}|COC(C)=O{solv}{x=0.261700}>,CCCCC(=O)OC,COC(C)=O,fb-fit-v0-single-mean-k20,3,0.8921058029365869,0.0002143656065708,0.8914700000000002,0.000505
10058,3128,dens_1493380961688632529,818,Density,<Substance CCCCC(=O)OC{solv}{x=0.493500}|COC(C)=O{solv}{x=0.506500}>,CCCCC(=O)OC,COC(C)=O,fb-fit-v0-single-mean-k20,3,0.9004477070603212,0.0002309809973034,0.8996200000000002,0.000505
10059,3129,dhmix_563342363018905515,819,EnthalpyOfMixing,<Substance CCOC(=O)CC(C)=O{solv}{x=0.751400}|O{solv}{x=0.248600}>,CCOC(=O)CC(C)=O,O,fb-fit-v0-single-mean-k20,3,0.853318105053404,0.0465282785293079,1.128,0.012
10060,3130,dhmix_1385095028103136291,820,EnthalpyOfMixing,<Substance CCOC(=O)CC(C)=O{solv}{x=0.449100}|O{solv}{x=0.550900}>,CCOC(=O)CC(C)=O,O,fb-fit-v0-single-mean-k20,3,0.754428270598595,0.0328383833141866,0.684,0.0075
10061,3131,dhmix_1609967394780907654,821,EnthalpyOfMixing,<Substance CCOC(=O)CC(C)=O{solv}{x=0.299400}|O{solv}{x=0.700600}>,CCOC(=O)CC(C)=O,O,fb-fit-v0-single-mean-k20,3,0.5778372315167388,0.0307461445716125,0.428,0.005
10062,3132,dhmix_566259260175961973,822,EnthalpyOfMixing,<Substance CCCCO{solv}{x=0.144700}|OC1=NCCC1{solv}{x=0.855300}>,CCCCO,OC1=NCCC1,fb-fit-v0-single-mean-k20,3,0.6863427628484544,0.0427654716739754,0.0949,0.0012
10063,3133,dens_1146983614802652988,823,Density,<Substance CCCCO{solv}{x=0.500400}|OC1=NCCC1{solv}{x=0.499600}>,CCCCO,OC1=NCCC1,fb-fit-v0-single-mean-k20,3,0.9272296911747564,0.0002379854542689,0.94503,0.00015
10064,3134,dhmix_1601732489230179724,824,EnthalpyOfMixing,<Substance CCCCO{solv}{x=0.497800}|OC1=NCCC1{solv}{x=0.502200}>,CCCCO,OC1=NCCC1,fb-fit-v0-single-mean-k20,3,1.2803140603561545,0.0451136882567336,0.2326,0.0026
10065,3135,dhmix_1661138478850718837,825,EnthalpyOfMixing,<Substance CCCCO{solv}{x=0.754800}|OC1=NCCC1{solv}{x=0.245200}>,CCCCO,OC1=NCCC1,fb-fit-v0-single-mean-k20,3,1.2758998070089291,0.0327303732505025,0.2356,0.00265
10066,3136,dens_1878955695276199878,826,Density,<Substance CCCCO{solv}{x=0.144600}|OC1=NCCC1{solv}{x=0.855400}>,CCCCO,OC1=NCCC1,fb-fit-v0-single-mean-k20,3,1.0193196435203,0.0003018812526835,1.0575900000000005,0.000205
10067,3137,dens_2101998760005952263,827,Density,<Substance CCCCO{solv}{x=0.755500}|OC1=NCCC1{solv}{x=0.244500}>,CCCCO,OC1=NCCC1,fb-fit-v0-single-mean-k20,3,0.8643453634193715,0.0001844435920107,0.8711500000000002,0.000185
10068,3138,dhmix_569012254773025696,828,EnthalpyOfMixing,<Substance CC(C)(C)O{solv}{x=0.505700}|OC1=NCCC1{solv}{x=0.494300}>,CC(C)(C)O,OC1=NCCC1,fb-fit-v0-single-mean-k20,3,1.8869511991982648,0.0398579420029954,0.4323,0.0047
10069,3139,dens_992979807705536615,829,Density,<Substance CC(C)(C)O{solv}{x=0.751100}|OC1=NCCC1{solv}{x=0.248900}>,CC(C)(C)O,OC1=NCCC1,fb-fit-v0-single-mean-k20,3,0.8692329792375263,0.0002463055794992,0.8505700000000003,0.000215
10070,3140,dens_1020722913861580636,830,Density,<Substance CC(C)(C)O{solv}{x=0.499700}|OC1=NCCC1{solv}{x=0.500300}>,CC(C)(C)O,OC1=NCCC1,fb-fit-v0-single-mean-k20,3,0.9301923039267828,0.0002460355801689,0.9282800000000002,0.00018
10071,3141,dhmix_1408261346335628114,831,EnthalpyOfMixing,<Substance CC(C)(C)O{solv}{x=0.744900}|OC1=NCCC1{solv}{x=0.255100}>,CC(C)(C)O,OC1=NCCC1,fb-fit-v0-single-mean-k20,3,2.063697616484596,0.0371670974216727,0.3774,0.00415
10072,3142,dhmix_1466823939183874689,832,EnthalpyOfMixing,<Substance CC(C)(C)O{solv}{x=0.257800}|OC1=NCCC1{solv}{x=0.742200}>,CC(C)(C)O,OC1=NCCC1,fb-fit-v0-single-mean-k20,3,1.0378083157124394,0.0398697214612872,0.2874,0.0032
10073,3143,dens_1768273433543243004,833,Density,<Substance CC(C)(C)O{solv}{x=0.276400}|OC1=NCCC1{solv}{x=0.723600}>,CC(C)(C)O,OC1=NCCC1,fb-fit-v0-single-mean-k20,3,0.9862913548540628,0.0002953139675033,1.0036300000000002,0.000155
10074,3144,dens_571827819113574480,834,Density,<Substance CC(C)OC(C)C{solv}{x=0.700400}|Cc1ccccc1{solv}{x=0.299600}>,CC(C)OC(C)C,Cc1ccccc1,fb-fit-v0-single-mean-k20,3,0.768887149445694,0.0002348141517615,0.7573100000000001,0.000155
10075,3145,dhmix_686402805609192969,835,EnthalpyOfMixing,<Substance CC(C)OC(C)C{solv}{x=0.228000}|Cc1ccccc1{solv}{x=0.772000}>,CC(C)OC(C)C,Cc1ccccc1,fb-fit-v0-single-mean-k20,3,-0.0718557274513571,0.0416753209877321,0.0593,0.00515
10076,3146,dhmix_1045652173440309018,836,EnthalpyOfMixing,<Substance CC(C)OC(C)C{solv}{x=0.752000}|Cc1ccccc1{solv}{x=0.248000}>,CC(C)OC(C)C,Cc1ccccc1,fb-fit-v0-single-mean-k20,3,0.1170323239267787,0.0488129610625665,-0.0091,0.00505
10077,3147,dhmix_1690461453403165745,837,EnthalpyOfMixing,<Substance CC(C)OC(C)C{solv}{x=0.455000}|Cc1ccccc1{solv}{x=0.545000}>,CC(C)OC(C)C,Cc1ccccc1,fb-fit-v0-single-mean-k20,3,-0.0333144582680517,0.0444176213651325,0.0323,0.0051
10078,3148,dens_2086775654110573795,838,Density,<Substance CC(C)OC(C)C{solv}{x=0.200400}|Cc1ccccc1{solv}{x=0.799600}>,CC(C)OC(C)C,Cc1ccccc1,fb-fit-v0-single-mean-k20,3,0.8377122554757988,0.0002130314434516,0.8299700000000002,0.00014
10079,3149,dens_2167043968237201720,839,Density,<Substance CC(C)OC(C)C{solv}{x=0.500300}|Cc1ccccc1{solv}{x=0.499700}>,CC(C)OC(C)C,Cc1ccccc1,fb-fit-v0-single-mean-k20,3,0.7957266010735293,0.0002204203728067,0.7849200000000002,0.000155
10080,3150,dhmix_578047845607378963,840,EnthalpyOfMixing,<Substance CN1CCCC1=O{solv}{x=0.635900}|c1ccncc1{solv}{x=0.364100}>,CN1CCCC1=O,c1ccncc1,fb-fit-v0-single-mean-k20,3,-0.2763738881188011,0.0406000478772952,-0.4013,0.10035
10081,3151,dhmix_625120262301063359,841,EnthalpyOfMixing,<Substance CN1CCCC1=O{solv}{x=0.231200}|c1ccncc1{solv}{x=0.768800}>,CN1CCCC1=O,c1ccncc1,fb-fit-v0-single-mean-k20,3,-0.2727446286737844,0.0357922738938154,-0.3157,0.07895
10082,3152,dens_1059919274311274879,842,Density,<Substance CN1CCCC1=O{solv}{x=0.521500}|c1ccncc1{solv}{x=0.478500}>,CN1CCCC1=O,c1ccncc1,fb-fit-v0-single-mean-k20,3,0.9946442754858296,0.0002016402557449,1.0158200000000004,0.00051
10083,3153,dens_1445187430653020908,843,Density,<Substance CN1CCCC1=O{solv}{x=0.234800}|c1ccncc1{solv}{x=0.765200}>,CN1CCCC1=O,c1ccncc1,fb-fit-v0-single-mean-k20,3,0.9854128810517134,0.0002181936969439,0.9983500000000004,0.00051
10084,3154,dhmix_1933003504821603087,844,EnthalpyOfMixing,<Substance CN1CCCC1=O{solv}{x=0.499500}|c1ccncc1{solv}{x=0.500500}>,CN1CCCC1=O,c1ccncc1,fb-fit-v0-single-mean-k20,3,-0.2978391286357347,0.0392927577158696,-0.4356,0.1089
10085,3155,dens_2199047009222847682,845,Density,<Substance CN1CCCC1=O{solv}{x=0.636400}|c1ccncc1{solv}{x=0.363600}>,CN1CCCC1=O,c1ccncc1,fb-fit-v0-single-mean-k20,3,0.9977779263328224,0.0002168592020686,1.0207400000000002,0.00051
10086,3156,dens_586351122522837789,846,Density,<Substance c1cc[nH]c1{solv}{x=0.820700}|c1ccccc1{solv}{x=0.179300}>,c1cc[nH]c1,c1ccccc1,fb-fit-v0-single-mean-k20,3,0.9592351684276664,0.0002470802059847,0.9503300000000002,0.000195
10087,3157,dhmix_1101447260293284221,847,EnthalpyOfMixing,<Substance c1cc[nH]c1{solv}{x=0.494000}|c1ccccc1{solv}{x=0.506000}>,c1cc[nH]c1,c1ccccc1,fb-fit-v0-single-mean-k20,3,0.6352522796219517,0.0344947987754657,0.609,0.00395
10088,3158,dens_1366042600317618213,848,Density,<Substance c1cc[nH]c1{solv}{x=0.503000}|c1ccccc1{solv}{x=0.497000}>,c1cc[nH]c1,c1ccccc1,fb-fit-v0-single-mean-k20,3,0.9257292013210964,0.0001766380680354,0.9220400000000002,0.00019
10089,3159,dens_2042223650153961549,849,Density,<Substance c1cc[nH]c1{solv}{x=0.314200}|c1ccccc1{solv}{x=0.685800}>,c1cc[nH]c1,c1ccccc1,fb-fit-v0-single-mean-k20,3,0.9086016889444468,0.0002380042280343,0.9043500000000002,0.000195
10090,3160,dhmix_2080652523589171296,850,EnthalpyOfMixing,<Substance c1cc[nH]c1{solv}{x=0.820800}|c1ccccc1{solv}{x=0.179200}>,c1cc[nH]c1,c1ccccc1,fb-fit-v0-single-mean-k20,3,0.3476913886024917,0.0371205059761364,0.3441,0.00245
10091,3161,dhmix_2101365800313583195,851,EnthalpyOfMixing,<Substance c1cc[nH]c1{solv}{x=0.314000}|c1ccccc1{solv}{x=0.686000}>,c1cc[nH]c1,c1ccccc1,fb-fit-v0-single-mean-k20,3,0.6064668735529182,0.0372593542594595,0.5893,0.00385
10092,3162,dens_592296207180530796,852,Density,<Substance C1CCNCC1{solv}{x=0.250000}|O{solv}{x=0.750000}>,C1CCNCC1,O,fb-fit-v0-single-mean-k20,3,0.9120713351403672,0.0003903110570078,0.9379600000000002,0.000185
10093,3163,dhmix_598563182385523239,853,EnthalpyOfMixing,<Substance C1CCNCC1{solv}{x=0.750000}|O{solv}{x=0.250000}>,C1CCNCC1,O,fb-fit-v0-single-mean-k20,3,-0.9679154010509804,0.041388237574514,-1.4628,0.02995
10094,3164,dens_1144696340343060729,854,Density,<Substance C1CCNCC1{solv}{x=0.500000}|O{solv}{x=0.500000}>,C1CCNCC1,O,fb-fit-v0-single-mean-k20,3,0.8882514409559652,0.0002780812065455,0.90329,0.000235
10095,3165,dens_1551117370864361960,855,Density,<Substance C1CCNCC1{solv}{x=0.750000}|O{solv}{x=0.250000}>,C1CCNCC1,O,fb-fit-v0-single-mean-k20,3,0.8744822295650764,0.0002594692026619,0.8771300000000002,0.000285
10096,3166,dhmix_2023343497633678069,856,EnthalpyOfMixing,<Substance C1CCNCC1{solv}{x=0.500000}|O{solv}{x=0.500000}>,C1CCNCC1,O,fb-fit-v0-single-mean-k20,3,-1.475389980674711,0.0316249078930575,-2.1379,0.04355
10097,3167,dhmix_2169709193905404129,857,EnthalpyOfMixing,<Substance C1CCNCC1{solv}{x=0.250000}|O{solv}{x=0.750000}>,C1CCNCC1,O,fb-fit-v0-single-mean-k20,3,-1.0121867884502809,0.0282014238503189,-1.9642,0.04065
10098,3168,dhmix_597694390671293228,858,EnthalpyOfMixing,<Substance C1CCCCC1{solv}{x=0.495000}|c1cc[nH]c1{solv}{x=0.505000}>,C1CCCCC1,c1cc[nH]c1,fb-fit-v0-single-mean-k20,3,1.627088076202945,0.0356745115313028,1.4275,0.00895
10099,3169,dens_1402964712081643759,859,Density,<Substance C1CCCCC1{solv}{x=0.281700}|c1cc[nH]c1{solv}{x=0.718300}>,C1CCCCC1,c1cc[nH]c1,fb-fit-v0-single-mean-k20,3,0.8937962861401538,0.0002543867652319,0.9082800000000002,0.00023
10100,3170,dens_1463337814181203578,860,Density,<Substance C1CCCCC1{solv}{x=0.925100}|c1cc[nH]c1{solv}{x=0.074900}>,C1CCCCC1,c1cc[nH]c1,fb-fit-v0-single-mean-k20,3,0.7755086341199382,0.0001705674164707,0.7860300000000001,0.00026
10101,3171,dens_1586039458655447443,861,Density,<Substance C1CCCCC1{solv}{x=0.494200}|c1cc[nH]c1{solv}{x=0.505800}>,C1CCCCC1,c1cc[nH]c1,fb-fit-v0-single-mean-k20,3,0.8452803199974959,0.0002491158499045,0.8661300000000002,0.000235
10102,3172,dhmix_1650717903260721901,862,EnthalpyOfMixing,<Substance C1CCCCC1{solv}{x=0.924800}|c1cc[nH]c1{solv}{x=0.075200}>,C1CCCCC1,c1cc[nH]c1,fb-fit-v0-single-mean-k20,3,0.8312329816432964,0.0465315626361212,0.7315,0.00535
10103,3173,dhmix_1709124910710738018,863,EnthalpyOfMixing,<Substance C1CCCCC1{solv}{x=0.281800}|c1cc[nH]c1{solv}{x=0.718200}>,C1CCCCC1,c1cc[nH]c1,fb-fit-v0-single-mean-k20,3,1.3950838035552522,0.0373677708622068,1.245,0.00795
10104,3174,dhmix_602003453564252918,864,EnthalpyOfMixing,<Substance COc1ccccc1{solv}{x=0.767000}|OCCc1ccccc1{solv}{x=0.233000}>,COc1ccccc1,OCCc1ccccc1,fb-fit-v0-single-mean-k20,3,0.8772939257002221,0.0499736447215964,1.1154,0.01195
10105,3175,dhmix_831666159864093343,865,EnthalpyOfMixing,<Substance COc1ccccc1{solv}{x=0.267800}|OCCc1ccccc1{solv}{x=0.732200}>,COc1ccccc1,OCCc1ccccc1,fb-fit-v0-single-mean-k20,3,0.5471492371715101,0.0650488428734954,0.688,0.00745
10106,3176,dhmix_1415130215717622630,866,EnthalpyOfMixing,<Substance COc1ccccc1{solv}{x=0.523200}|OCCc1ccccc1{solv}{x=0.476800}>,COc1ccccc1,OCCc1ccccc1,fb-fit-v0-single-mean-k20,3,1.0956842508328035,0.0489808122884688,1.0457,0.0112
10107,3177,dens_2018050376435813399,867,Density,<Substance COc1ccccc1{solv}{x=0.767300}|OCCc1ccccc1{solv}{x=0.232700}>,COc1ccccc1,OCCc1ccccc1,fb-fit-v0-single-mean-k20,3,0.9820149125774889,0.0002068765552518,0.9869000000000002,0.00026
10108,3178,dens_2083067547090229321,868,Density,<Substance COc1ccccc1{solv}{x=0.524500}|OCCc1ccccc1{solv}{x=0.475500}>,COc1ccccc1,OCCc1ccccc1,fb-fit-v0-single-mean-k20,3,0.9916637447129584,0.0001797796368839,0.9943600000000002,0.00026
10109,3179,dens_2108796896152795987,869,Density,<Substance COc1ccccc1{solv}{x=0.212100}|OCCc1ccccc1{solv}{x=0.787900}>,COc1ccccc1,OCCc1ccccc1,fb-fit-v0-single-mean-k20,3,1.003788123914898,0.0001967422634902,1.0032600000000005,0.00026
10110,3180,dhmix_607389561715885318,870,EnthalpyOfMixing,<Substance CC(C)O{solv}{x=0.750600}|CCOC(=O)CC(=O)OCC{solv}{x=0.249400}>,CC(C)O,CCOC(=O)CC(=O)OCC,fb-fit-v0-single-mean-k20,3,2.0408923447381824,0.0428268721531389,1.955,0.021
10111,3181,dhmix_970997719035766241,871,EnthalpyOfMixing,<Substance CC(C)O{solv}{x=0.249200}|CCOC(=O)CC(=O)OCC{solv}{x=0.750800}>,CC(C)O,CCOC(=O)CC(=O)OCC,fb-fit-v0-single-mean-k20,3,1.6454487499019308,0.0524506889897426,1.804,0.0195
10112,3182,dens_1055220895195342210,872,Density,<Substance CC(C)O{solv}{x=0.700000}|CCOC(=O)CC(=O)OCC{solv}{x=0.300000}>,CC(C)O,CCOC(=O)CC(=O)OCC,fb-fit-v0-single-mean-k20,3,0.9175272655243532,0.0002183142602385,0.9013080000000002,0.000163
10113,3183,dens_1059428282849222105,873,Density,<Substance CC(C)O{solv}{x=0.500100}|CCOC(=O)CC(=O)OCC{solv}{x=0.499900}>,CC(C)O,CCOC(=O)CC(=O)OCC,fb-fit-v0-single-mean-k20,3,0.9705079577533874,0.0002300672548009,0.9563730000000004,0.0001215
10114,3184,dhmix_2225069850502215858,874,EnthalpyOfMixing,<Substance CC(C)O{solv}{x=0.499700}|CCOC(=O)CC(=O)OCC{solv}{x=0.500300}>,CC(C)O,CCOC(=O)CC(=O)OCC,fb-fit-v0-single-mean-k20,3,2.34802353111354,0.0440310605765644,2.369,0.0255
10115,3185,dens_2227064517025896927,875,Density,<Substance CC(C)O{solv}{x=0.200000}|CCOC(=O)CC(=O)OCC{solv}{x=0.800000}>,CC(C)O,CCOC(=O)CC(=O)OCC,fb-fit-v0-single-mean-k20,3,1.028789948654775,0.0002462100993897,1.0176930000000002,0.000103
10116,3186,dhmix_614525131410782877,876,EnthalpyOfMixing,<Substance CCCCCC(C)=O{solv}{x=0.491300}|CCCCNCCCC{solv}{x=0.508700}>,CCCCCC(C)=O,CCCCNCCCC,fb-fit-v0-single-mean-k20,3,-0.0685841013172563,0.0558187473960523,0.278,0.003
10117,3187,dhmix_1051001364116056564,877,EnthalpyOfMixing,<Substance CCCCCC(C)=O{solv}{x=0.781100}|CCCCNCCCC{solv}{x=0.218900}>,CCCCCC(C)=O,CCCCNCCCC,fb-fit-v0-single-mean-k20,3,0.0167945718935342,0.0513271687099221,0.164,0.002
10118,3188,dens_1087422962538109584,878,Density,<Substance CCCCCC(C)=O{solv}{x=0.449900}|CCCCNCCCC{solv}{x=0.550100}>,CCCCCC(C)=O,CCCCNCCCC,fb-fit-v0-single-mean-k20,3,0.7814328908201494,0.0001747223593364,0.7778490000000002,9.250000000000004e-05
10119,3189,dens_1830187222448876426,879,Density,<Substance CCCCCC(C)=O{solv}{x=0.209700}|CCCCNCCCC{solv}{x=0.790300}>,CCCCCC(C)=O,CCCCNCCCC,fb-fit-v0-single-mean-k20,3,0.7705871490628378,0.0001795485255966,0.7655110000000002,8.400000000000002e-05
10120,3190,dens_2113849591242853193,880,Density,<Substance CCCCCC(C)=O{solv}{x=0.750900}|CCCCNCCCC{solv}{x=0.249100}>,CCCCCC(C)=O,CCCCNCCCC,fb-fit-v0-single-mean-k20,3,0.7962732227635012,0.0001618394473658,0.7951660000000003,0.000105
10121,3191,dhmix_2131918011494960609,881,EnthalpyOfMixing,<Substance CCCCCC(C)=O{solv}{x=0.294700}|CCCCNCCCC{solv}{x=0.705300}>,CCCCCC(C)=O,CCCCNCCCC,fb-fit-v0-single-mean-k20,3,-0.0735848512207297,0.0520981339074716,0.256,0.003
10122,3192,dhmix_618866445574413387,882,EnthalpyOfMixing,<Substance C1CCOCC1{solv}{x=0.442500}|Cc1ccccc1C{solv}{x=0.557500}>,C1CCOCC1,Cc1ccccc1C,fb-fit-v0-single-mean-k20,3,-0.0980195735382523,0.0461601798643042,-0.0342,0.0006
10123,3193,dens_643927890193937545,883,Density,<Substance C1CCOCC1{solv}{x=0.518700}|Cc1ccccc1C{solv}{x=0.481300}>,C1CCOCC1,Cc1ccccc1C,fb-fit-v0-single-mean-k20,3,0.8721065064828625,0.0002048730927205,0.8779900000000003,0.0005
10124,3194,dhmix_1129414916141538177,884,EnthalpyOfMixing,<Substance C1CCOCC1{solv}{x=0.744300}|Cc1ccccc1C{solv}{x=0.255700}>,C1CCOCC1,Cc1ccccc1C,fb-fit-v0-single-mean-k20,3,-0.1529731710006672,0.0471931271739568,0.0421,0.00065
10125,3195,dens_1429468909820653032,885,Density,<Substance C1CCOCC1{solv}{x=0.231800}|Cc1ccccc1C{solv}{x=0.768200}>,C1CCOCC1,Cc1ccccc1C,fb-fit-v0-single-mean-k20,3,0.8708944923185933,0.0001944398553316,0.8770400000000002,0.0005
10126,3196,dens_1442497603142913792,886,Density,<Substance C1CCOCC1{solv}{x=0.772900}|Cc1ccccc1C{solv}{x=0.227100}>,C1CCOCC1,Cc1ccccc1C,fb-fit-v0-single-mean-k20,3,0.8725254410582419,0.0001831420492257,0.8787800000000002,0.000505
10127,3197,dhmix_2268256048157488415,887,EnthalpyOfMixing,<Substance C1CCOCC1{solv}{x=0.245400}|Cc1ccccc1C{solv}{x=0.754600}>,C1CCOCC1,Cc1ccccc1C,fb-fit-v0-single-mean-k20,3,-0.0696063028013469,0.0487687344726764,-0.0613,0.00085
10128,3198,dens_626398848152359169,888,Density,<Substance C1COCCN1{solv}{x=0.498000}|O{solv}{x=0.502000}>,C1COCCN1,O,fb-fit-v0-single-mean-k20,3,1.0403295543664135,0.0003029010179386,1.0255000000000003,0.00255
10129,3199,dhmix_773913810754342365,889,EnthalpyOfMixing,<Substance C1COCCN1{solv}{x=0.714900}|O{solv}{x=0.285100}>,C1COCCN1,O,fb-fit-v0-single-mean-k20,3,-2.1660319069471257,0.053424182836252,-1.753,0.019
10130,3200,dhmix_1012297674499495059,890,EnthalpyOfMixing,<Substance C1COCCN1{solv}{x=0.201000}|O{solv}{x=0.799000}>,C1COCCN1,O,fb-fit-v0-single-mean-k20,3,-1.8766561506525503,0.0255641574286988,-2.758,0.0295
10131,3201,dens_1167008264969667349,891,Density,<Substance C1COCCN1{solv}{x=0.793000}|O{solv}{x=0.207000}>,C1COCCN1,O,fb-fit-v0-single-mean-k20,3,1.0390907677483292,0.0003038191253159,1.0057000000000005,0.00245
10132,3202,dhmix_1871930573512426354,892,EnthalpyOfMixing,<Substance C1COCCN1{solv}{x=0.491100}|O{solv}{x=0.508900}>,C1COCCN1,O,fb-fit-v0-single-mean-k20,3,-2.926923827255891,0.0444875509929665,-3.131,0.0335
10133,3203,dens_2014911999593579414,893,Density,<Substance C1COCCN1{solv}{x=0.298000}|O{solv}{x=0.702000}>,C1COCCN1,O,fb-fit-v0-single-mean-k20,3,1.0327019389014076,0.0002595190607093,1.0309000000000004,0.00255
10134,3204,dens_627753907231278660,894,Density,<Substance CCC(C)=O{solv}{x=0.753100}|CCCNCCC{solv}{x=0.246900}>,CCC(C)=O,CCCNCCC,fb-fit-v0-single-mean-k20,3,0.771314823593508,0.0002436534929518,0.7771510000000001,0.000109
10135,3205,dens_674236159588910357,895,Density,<Substance CCC(C)=O{solv}{x=0.244600}|CCCNCCC{solv}{x=0.755400}>,CCC(C)=O,CCCNCCC,fb-fit-v0-single-mean-k20,3,0.7461094441907767,0.000215863062404,0.7446230000000003,0.0001405
10136,3206,dhmix_749228177959685874,896,EnthalpyOfMixing,<Substance CCC(C)=O{solv}{x=0.235300}|CCCNCCC{solv}{x=0.764700}>,CCC(C)=O,CCCNCCC,fb-fit-v0-single-mean-k20,3,0.0225492533067495,0.0432966776828485,0.299,0.0035
10137,3207,dhmix_1706960823617656563,897,EnthalpyOfMixing,<Substance CCC(C)=O{solv}{x=0.698400}|CCCNCCC{solv}{x=0.301600}>,CCC(C)=O,CCCNCCC,fb-fit-v0-single-mean-k20,3,-0.0017864964239091,0.0418386442332878,0.334,0.0035
10138,3208,dhmix_2102794241345605516,898,EnthalpyOfMixing,<Substance CCC(C)=O{solv}{x=0.505000}|CCCNCCC{solv}{x=0.495000}>,CCC(C)=O,CCCNCCC,fb-fit-v0-single-mean-k20,3,-0.0077604713989245,0.0474068760608689,0.397,0.0045
10139,3209,dens_2224864308887622456,899,Density,<Substance CCC(C)=O{solv}{x=0.500600}|CCCNCCC{solv}{x=0.499400}>,CCC(C)=O,CCCNCCC,fb-fit-v0-single-mean-k20,3,0.7578255841841033,0.0002128123564208,0.7590400000000002,0.000125
10140,3210,dhmix_628329103086906726,900,EnthalpyOfMixing,<Substance CC1CCCCC1{solv}{x=0.250400}|CCCO{solv}{x=0.749600}>,CC1CCCCC1,CCCO,fb-fit-v0-single-mean-k20,3,0.5085081128537396,0.0385875759028136,0.321,0.0055
10141,3211,dhmix_989207392771680315,901,EnthalpyOfMixing,<Substance CC1CCCCC1{solv}{x=0.750500}|CCCO{solv}{x=0.249500}>,CC1CCCCC1,CCCO,fb-fit-v0-single-mean-k20,3,0.5824687343651505,0.0438099091775317,0.574,0.0055
10142,3212,dens_1351260115393741606,902,Density,<Substance CC1CCCCC1{solv}{x=0.503100}|CCCO{solv}{x=0.496900}>,CC1CCCCC1,CCCO,fb-fit-v0-single-mean-k20,3,0.7788438909754694,0.000232849975311,0.7785600000000001,0.0039
10143,3213,dens_1376195506089851480,903,Density,<Substance CC1CCCCC1{solv}{x=0.202700}|CCCO{solv}{x=0.797300}>,CC1CCCCC1,CCCO,fb-fit-v0-single-mean-k20,3,0.7882816851052487,0.0001788631739765,0.7942000000000002,0.00398
10144,3214,dens_1501229836503112732,904,Density,<Substance CC1CCCCC1{solv}{x=0.799000}|CCCO{solv}{x=0.201000}>,CC1CCCCC1,CCCO,fb-fit-v0-single-mean-k20,3,0.7727694261976724,0.0002208183691113,0.7688300000000002,0.003855
10145,3215,dhmix_2109805019413953371,905,EnthalpyOfMixing,<Substance CC1CCCCC1{solv}{x=0.500400}|CCCO{solv}{x=0.499600}>,CC1CCCCC1,CCCO,fb-fit-v0-single-mean-k20,3,0.5493904993697356,0.048754735729097,0.533,0.0055
10146,3216,dhmix_634764080264908666,906,EnthalpyOfMixing,<Substance OCCN1CCOCC1{solv}{x=0.498900}|O{solv}{x=0.501100}>,O,OCCN1CCOCC1,fb-fit-v0-single-mean-k20,3,-3.1673277457368556,0.0354193140012186,-2.2633,0.02415
10147,3217,dens_707792343667224312,907,Density,<Substance OCCN1CCOCC1{solv}{x=0.246600}|O{solv}{x=0.753400}>,O,OCCN1CCOCC1,fb-fit-v0-single-mean-k20,3,1.0772529101804404,0.0004022286296289,1.0838100000000002,0.00154
10148,3218,dhmix_1064373607860850902,908,EnthalpyOfMixing,<Substance OCCN1CCOCC1{solv}{x=0.694900}|O{solv}{x=0.305100}>,O,OCCN1CCOCC1,fb-fit-v0-single-mean-k20,3,-2.769786921976362,0.0357031966263142,-1.7936,0.01915
10149,3219,dhmix_1846281306963870091,909,EnthalpyOfMixing,<Substance OCCN1CCOCC1{solv}{x=0.300200}|O{solv}{x=0.699800}>,O,OCCN1CCOCC1,fb-fit-v0-single-mean-k20,3,-2.9317742693757296,0.0335509857960626,-2.426,0.026
10150,3220,dens_2238932092645470826,910,Density,<Substance OCCN1CCOCC1{solv}{x=0.743900}|O{solv}{x=0.256100}>,O,OCCN1CCOCC1,fb-fit-v0-single-mean-k20,3,1.0916104113302991,0.000288556068463,1.08031,0.001565
10151,3221,dens_2269173599223764079,911,Density,<Substance OCCN1CCOCC1{solv}{x=0.485200}|O{solv}{x=0.514800}>,O,OCCN1CCOCC1,fb-fit-v0-single-mean-k20,3,1.0905182188734053,0.0004304002515971,1.0866900000000004,0.00159
10152,3222,dhmix_636778454546345333,912,EnthalpyOfMixing,<Substance C1CCCCC1{solv}{x=0.506300}|CNc1ccccc1{solv}{x=0.493700}>,C1CCCCC1,CNc1ccccc1,fb-fit-v0-single-mean-k20,3,2.4100945886004084,0.0458039449965063,1.628,0.0175
10153,3223,dens_1209163492396921559,913,Density,<Substance C1CCCCC1{solv}{x=0.247000}|CNc1ccccc1{solv}{x=0.753000}>,C1CCCCC1,CNc1ccccc1,fb-fit-v0-single-mean-k20,3,0.933333500999449,0.0002262538840615,0.9289450000000002,0.000272
10154,3224,dens_1438140901521078017,914,Density,<Substance C1CCCCC1{solv}{x=0.494500}|CNc1ccccc1{solv}{x=0.505500}>,C1CCCCC1,CNc1ccccc1,fb-fit-v0-single-mean-k20,3,0.875936252851848,0.0002195641531063,0.8759620000000002,0.0001835
10155,3225,dens_1482697199055102595,915,Density,<Substance C1CCCCC1{solv}{x=0.746400}|CNc1ccccc1{solv}{x=0.253600}>,C1CCCCC1,CNc1ccccc1,fb-fit-v0-single-mean-k20,3,0.8193377625352412,0.0002122876082477,0.8233530000000001,0.000138
10156,3226,dhmix_1832297119731463766,916,EnthalpyOfMixing,<Substance C1CCCCC1{solv}{x=0.204700}|CNc1ccccc1{solv}{x=0.795300}>,C1CCCCC1,CNc1ccccc1,fb-fit-v0-single-mean-k20,3,1.68382639958881,0.044376794396283,0.972,0.0105
10157,3227,dhmix_1889368397403208807,917,EnthalpyOfMixing,<Substance C1CCCCC1{solv}{x=0.706600}|CNc1ccccc1{solv}{x=0.293400}>,C1CCCCC1,CNc1ccccc1,fb-fit-v0-single-mean-k20,3,1.926584215079643,0.0453004798101982,1.521,0.0165
10158,3228,dhmix_637657437173907469,918,EnthalpyOfMixing,<Substance CC(C)=O{solv}{x=0.709700}|CNc1ccccc1{solv}{x=0.290300}>,CC(C)=O,CNc1ccccc1,fb-fit-v0-single-mean-k20,3,-0.602620096566632,0.0387395461378456,-0.525,0.0055
10159,3229,dhmix_817594693007274900,919,EnthalpyOfMixing,<Substance CC(C)=O{solv}{x=0.231600}|CNc1ccccc1{solv}{x=0.768400}>,CC(C)=O,CNc1ccccc1,fb-fit-v0-single-mean-k20,3,-0.6045902621920742,0.0474251964483592,-0.5,0.0055
10160,3230,dens_830664987854613197,920,Density,<Substance CC(C)=O{solv}{x=0.250300}|CNc1ccccc1{solv}{x=0.749700}>,CC(C)=O,CNc1ccccc1,fb-fit-v0-single-mean-k20,3,0.9585348092340568,0.0001951831072145,0.9502900000000002,0.0003395
10161,3231,dhmix_1052042310023734389,921,EnthalpyOfMixing,<Substance CC(C)=O{solv}{x=0.508600}|CNc1ccccc1{solv}{x=0.491400}>,CC(C)=O,CNc1ccccc1,fb-fit-v0-single-mean-k20,3,-0.7142548244538212,0.0382525499672096,-0.672,0.0075
10162,3232,dens_1302333367899693905,922,Density,<Substance CC(C)=O{solv}{x=0.750600}|CNc1ccccc1{solv}{x=0.249400}>,CC(C)=O,CNc1ccccc1,fb-fit-v0-single-mean-k20,3,0.8574244913934589,0.000233658675598,0.8565010000000002,0.000231
10163,3233,dens_1582643029733708616,923,Density,<Substance CC(C)=O{solv}{x=0.494800}|CNc1ccccc1{solv}{x=0.505200}>,CC(C)=O,CNc1ccccc1,fb-fit-v0-single-mean-k20,3,0.9158719548477908,0.0001559862592398,0.9107940000000002,0.000263
10164,3234,dens_650566412384126439,924,Density,<Substance CC(C)CC(C)(C)C{solv}{x=0.158800}|CCCCC(=O)OC{solv}{x=0.841200}>,CC(C)CC(C)(C)C,CCCCC(=O)OC,fb-fit-v0-single-mean-k20,3,0.8510135405708618,0.0001910669883161,0.8463800000000002,0.000505
10165,3235,dhmix_986100941633296124,925,EnthalpyOfMixing,<Substance CC(C)CC(C)(C)C{solv}{x=0.481800}|CCCCC(=O)OC{solv}{x=0.518200}>,CC(C)CC(C)(C)C,CCCCC(=O)OC,fb-fit-v0-single-mean-k20,3,1.3938154051971736,0.0530628936425065,0.866,0.0095
10166,3236,dens_1095352626338523806,926,Density,<Substance CC(C)CC(C)(C)C{solv}{x=0.742500}|CCCCC(=O)OC{solv}{x=0.257500}>,CC(C)CC(C)(C)C,CCCCC(=O)OC,fb-fit-v0-single-mean-k20,3,0.748607760214548,0.0001947307088553,0.7289800000000002,0.000505
10167,3237,dens_1260001645299629257,927,Density,<Substance CC(C)CC(C)(C)C{solv}{x=0.498400}|CCCCC(=O)OC{solv}{x=0.501600}>,CC(C)CC(C)(C)C,CCCCC(=O)OC,fb-fit-v0-single-mean-k20,3,0.7875585900590554,0.000176556958886,0.7738400000000002,0.000505
10168,3238,dhmix_1505455794590867712,928,EnthalpyOfMixing,<Substance CC(C)CC(C)(C)C{solv}{x=0.158900}|CCCCC(=O)OC{solv}{x=0.841100}>,CC(C)CC(C)(C)C,CCCCC(=O)OC,fb-fit-v0-single-mean-k20,3,0.669846023544487,0.050873711192413,0.438,0.005
10169,3239,dhmix_1888614200283593194,929,EnthalpyOfMixing,<Substance CC(C)CC(C)(C)C{solv}{x=0.781300}|CCCCC(=O)OC{solv}{x=0.218700}>,CC(C)CC(C)(C)C,CCCCC(=O)OC,fb-fit-v0-single-mean-k20,3,1.1103716020343055,0.0508056613906077,0.658,0.007
10170,3240,dhmix_657900975986635712,930,EnthalpyOfMixing,<Substance Cc1ccccc1N{solv}{x=0.782700}|Cc1ccncc1{solv}{x=0.217300}>,Cc1ccccc1N,Cc1ccncc1,fb-fit-v0-single-mean-k20,3,-0.7968377600513818,0.0423643022637389,-0.8885,0.0182
10171,3241,dhmix_727678512066874384,931,EnthalpyOfMixing,<Substance Cc1ccccc1N{solv}{x=0.478300}|Cc1ccncc1{solv}{x=0.521700}>,Cc1ccccc1N,Cc1ccncc1,fb-fit-v0-single-mean-k20,3,-1.707352374244202,0.0443248920424391,-1.4295,0.0291
10172,3242,dhmix_860941552641107708,932,EnthalpyOfMixing,<Substance Cc1ccccc1N{solv}{x=0.271500}|Cc1ccncc1{solv}{x=0.728500}>,Cc1ccccc1N,Cc1ccncc1,fb-fit-v0-single-mean-k20,3,-1.3508721406425153,0.0425813383947879,-1.1791,0.02405
10173,3243,dens_1148106102021344214,933,Density,<Substance Cc1ccccc1N{solv}{x=0.265500}|Cc1ccncc1{solv}{x=0.734500}>,Cc1ccccc1N,Cc1ccncc1,fb-fit-v0-single-mean-k20,3,0.9682186802198104,0.0001783626698236,0.9662520000000002,0.00012
10174,3244,dens_1294189007890656769,934,Density,<Substance Cc1ccccc1N{solv}{x=0.486300}|Cc1ccncc1{solv}{x=0.513700}>,Cc1ccccc1N,Cc1ccncc1,fb-fit-v0-single-mean-k20,3,0.9835565530856356,0.0001621831278407,0.9765780000000002,0.000119
10175,3245,dens_1461384477504239974,935,Density,<Substance Cc1ccccc1N{solv}{x=0.767400}|Cc1ccncc1{solv}{x=0.232600}>,Cc1ccccc1N,Cc1ccncc1,fb-fit-v0-single-mean-k20,3,1.0007823783315348,0.0002401183408947,0.9868740000000004,0.000118
10176,3246,dens_671712471159959715,936,Density,<Substance CCCCCCN{solv}{x=0.294400}|CN(C)C=O{solv}{x=0.705600}>,CCCCCCN,CN(C)C=O,fb-fit-v0-single-mean-k20,3,0.8628499120844987,0.000208364172994,0.8676880000000002,0.001057
10177,3247,dhmix_791979567859859400,937,EnthalpyOfMixing,<Substance CCCCCCN{solv}{x=0.747800}|CN(C)C=O{solv}{x=0.252200}>,CCCCCCN,CN(C)C=O,fb-fit-v0-single-mean-k20,3,0.4760219675212482,0.0487897230200506,0.461,0.015
10178,3248,dens_812907294215791908,938,Density,<Substance CCCCCCN{solv}{x=0.450000}|CN(C)C=O{solv}{x=0.550000}>,CCCCCCN,CN(C)C=O,fb-fit-v0-single-mean-k20,3,0.8383909279116969,0.0002285144078138,0.8367510000000001,0.001016
10179,3249,dhmix_1553880519684715156,939,EnthalpyOfMixing,<Substance CCCCCCN{solv}{x=0.249700}|CN(C)C=O{solv}{x=0.750300}>,CCCCCCN,CN(C)C=O,fb-fit-v0-single-mean-k20,3,0.3288521160609789,0.0403425926582808,0.51,0.0165
10180,3250,dens_1658157305664412923,940,Density,<Substance CCCCCCN{solv}{x=0.745200}|CN(C)C=O{solv}{x=0.254800}>,CCCCCCN,CN(C)C=O,fb-fit-v0-single-mean-k20,3,0.8015632571452077,0.0001554387973538,0.7905460000000002,0.0009575
10181,3251,dhmix_2271922176351407084,941,EnthalpyOfMixing,<Substance CCCCCCN{solv}{x=0.499700}|CN(C)C=O{solv}{x=0.500300}>,CCCCCCN,CN(C)C=O,fb-fit-v0-single-mean-k20,3,0.5063349608194585,0.0441534227967583,0.661,0.02
10182,3252,dhmix_676105854791415053,942,EnthalpyOfMixing,<Substance C=C(C)[C@H]1CC=C(C)CC1{solv}{x=0.540000}|CCCCCO{solv}{x=0.460000}>,C=C(C)[C@H]1CC=C(C)CC1,CCCCCO,fb-fit-v0-single-mean-k20,3,0.8878800848975885,0.0424705809730194,0.858,0.0345
10183,3253,dhmix_865539540276734208,943,EnthalpyOfMixing,<Substance C=C(C)[C@H]1CC=C(C)CC1{solv}{x=0.766000}|CCCCCO{solv}{x=0.234000}>,C=C(C)[C@H]1CC=C(C)CC1,CCCCCO,fb-fit-v0-single-mean-k20,3,0.8431545480652858,0.0538976806366042,0.782,0.0315
10184,3254,dens_1544700949225348296,944,Density,<Substance C=C(C)[C@H]1CC=C(C)CC1{solv}{x=0.263500}|CCCCCO{solv}{x=0.736500}>,C=C(C)[C@H]1CC=C(C)CC1,CCCCCO,fb-fit-v0-single-mean-k20,3,0.8242844256621045,0.0001671569017703,0.8238000000000002,0.0002
10185,3255,dens_1638649899512334435,945,Density,<Substance C=C(C)[C@H]1CC=C(C)CC1{solv}{x=0.543500}|CCCCCO{solv}{x=0.456500}>,C=C(C)[C@H]1CC=C(C)CC1,CCCCCO,fb-fit-v0-single-mean-k20,3,0.8286787661348172,0.0001645975520951,0.8312000000000003,0.0003
10186,3256,dens_2014432371647189246,946,Density,<Substance C=C(C)[C@H]1CC=C(C)CC1{solv}{x=0.725200}|CCCCCO{solv}{x=0.274800}>,C=C(C)[C@H]1CC=C(C)CC1,CCCCCO,fb-fit-v0-single-mean-k20,3,0.8324548518162099,0.0001498262518772,0.8354000000000001,0.00035
10187,3257,dhmix_2293008983270202716,947,EnthalpyOfMixing,<Substance C=C(C)[C@H]1CC=C(C)CC1{solv}{x=0.272000}|CCCCCO{solv}{x=0.728000}>,C=C(C)[C@H]1CC=C(C)CC1,CCCCCO,fb-fit-v0-single-mean-k20,3,0.6243400392987155,0.0407206569501542,0.532,0.0215
10188,3258,dens_680086766431069719,948,Density,<Substance CN1CCNCC1{solv}{x=0.209100}|O{solv}{x=0.790900}>,CN1CCNCC1,O,fb-fit-v0-single-mean-k20,3,0.998519876041709,0.0003947224838967,1.0013300000000005,4.000000000000001e-05
10189,3259,dhmix_979415629850644100,949,EnthalpyOfMixing,<Substance CN1CCNCC1{solv}{x=0.199800}|O{solv}{x=0.800200}>,CN1CCNCC1,O,fb-fit-v0-single-mean-k20,3,-4.18124525397447,0.025922980141836,-4.495,0.048
10190,3260,dhmix_1386641258873877278,950,EnthalpyOfMixing,<Substance CN1CCNCC1{solv}{x=0.792600}|O{solv}{x=0.207400}>,CN1CCNCC1,O,fb-fit-v0-single-mean-k20,3,-1.5762050282245923,0.0447096529131969,-1.753,0.019
10191,3261,dhmix_1572121970391530461,951,EnthalpyOfMixing,<Substance CN1CCNCC1{solv}{x=0.550000}|O{solv}{x=0.450000}>,CN1CCNCC1,O,fb-fit-v0-single-mean-k20,3,-3.70781172269804,0.0353500449875326,-3.547,0.038
10192,3262,dens_1756096179620961699,952,Density,<Substance CN1CCNCC1{solv}{x=0.510900}|O{solv}{x=0.489100}>,CN1CCNCC1,O,fb-fit-v0-single-mean-k20,3,0.973526437261179,0.0003619779468542,0.9464100000000002,7.000000000000002e-05
10193,3263,dens_1892970147583328629,953,Density,<Substance CN1CCNCC1{solv}{x=0.706500}|O{solv}{x=0.293500}>,CN1CCNCC1,O,fb-fit-v0-single-mean-k20,3,0.9621319874287156,0.0002336911090921,0.9223100000000002,8.500000000000002e-05
10194,3264,dhmix_681274412655414068,954,EnthalpyOfMixing,<Substance CCCOC(=O)CC{solv}{x=0.739400}|Cc1ccccc1{solv}{x=0.260600}>,CCCOC(=O)CC,Cc1ccccc1,fb-fit-v0-single-mean-k20,3,-0.2663971041353576,0.0467650487428955,-0.1135,0.0033
10195,3265,dhmix_720914323963600437,955,EnthalpyOfMixing,<Substance CCCOC(=O)CC{solv}{x=0.238900}|Cc1ccccc1{solv}{x=0.761100}>,CCCOC(=O)CC,Cc1ccccc1,fb-fit-v0-single-mean-k20,3,-0.3594678978635457,0.0377625828879541,-0.1404,0.0037
10196,3266,dens_1397630560016316656,956,Density,<Substance CCCOC(=O)CC{solv}{x=0.274700}|Cc1ccccc1{solv}{x=0.725300}>,CCCOC(=O)CC,Cc1ccccc1,fb-fit-v0-single-mean-k20,3,0.8710001438891006,0.0002012028579462,0.8675700000000003,0.00018
10197,3267,dhmix_1646061995263935606,957,EnthalpyOfMixing,<Substance CCCOC(=O)CC{solv}{x=0.548600}|Cc1ccccc1{solv}{x=0.451400}>,CCCOC(=O)CC,Cc1ccccc1,fb-fit-v0-single-mean-k20,3,-0.293636857433377,0.0428706721982174,-0.1583,0.004
10198,3268,dens_1792064777238352129,958,Density,<Substance CCCOC(=O)CC{solv}{x=0.490700}|Cc1ccccc1{solv}{x=0.509300}>,CCCOC(=O)CC,Cc1ccccc1,fb-fit-v0-single-mean-k20,3,0.8728245581116614,0.0002069070315469,0.8707300000000002,0.00019
10199,3269,dens_1826904081955826008,959,Density,<Substance CCCOC(=O)CC{solv}{x=0.734600}|Cc1ccccc1{solv}{x=0.265400}>,CCCOC(=O)CC,Cc1ccccc1,fb-fit-v0-single-mean-k20,3,0.8726687380549136,0.0002046251542744,0.8734100000000001,0.00021
10200,3270,dens_685747331874801159,960,Density,<Substance CN1CCOCC1{solv}{x=0.498300}|O{solv}{x=0.501700}>,CN1CCOCC1,O,fb-fit-v0-single-mean-k20,3,0.9819267525958404,0.0002683047034491,0.9627600000000002,0.00084
10201,3271,dens_1087644349445114282,961,Density,<Substance CN1CCOCC1{solv}{x=0.253800}|O{solv}{x=0.746200}>,CN1CCOCC1,O,fb-fit-v0-single-mean-k20,3,0.9906069060307044,0.0004080581349937,0.9918800000000002,0.00059
10202,3272,dens_1374975991061431070,962,Density,<Substance CN1CCOCC1{solv}{x=0.758700}|O{solv}{x=0.241300}>,CN1CCOCC1,O,fb-fit-v0-single-mean-k20,3,0.967896441123781,0.0002268009756682,0.9345300000000002,0.00112
10203,3273,dhmix_686592400130667234,963,EnthalpyOfMixing,<Substance BrCCCBr{solv}{x=0.231300}|COC(C)=O{solv}{x=0.768700}>,BrCCCBr,COC(C)=O,fb-fit-v0-single-mean-k20,3,0.1293440118006472,0.0392509933392752,0.2115,0.0024
10204,3274,dhmix_691866222529030049,964,EnthalpyOfMixing,<Substance BrCCCBr{solv}{x=0.504200}|COC(C)=O{solv}{x=0.495800}>,BrCCCBr,COC(C)=O,fb-fit-v0-single-mean-k20,3,0.2686762582243283,0.0382603109464398,0.3912,0.0038
10205,3275,dens_1032175440351342196,965,Density,<Substance BrCCCBr{solv}{x=0.243500}|COC(C)=O{solv}{x=0.756500}>,BrCCCBr,COC(C)=O,fb-fit-v0-single-mean-k20,3,1.222881093704204,0.0003755108152389,1.2277600000000002,0.00096
10206,3276,dens_1180265274183315765,966,Density,<Substance BrCCCBr{solv}{x=0.713800}|COC(C)=O{solv}{x=0.286200}>,BrCCCBr,COC(C)=O,fb-fit-v0-single-mean-k20,3,1.7010407910444896,0.000444544589976,1.7174300000000005,0.002745
10207,3277,dhmix_1380172638999588939,967,EnthalpyOfMixing,<Substance BrCCCBr{solv}{x=0.759400}|COC(C)=O{solv}{x=0.240600}>,BrCCCBr,COC(C)=O,fb-fit-v0-single-mean-k20,3,0.1111035561328082,0.037823143615115,0.313,0.0032
10208,3278,dens_1697077234757321859,968,Density,<Substance BrCCCBr{solv}{x=0.525600}|COC(C)=O{solv}{x=0.474400}>,BrCCCBr,COC(C)=O,fb-fit-v0-single-mean-k20,3,1.523340133798195,0.0004585789992921,1.5338800000000006,0.001965
10209,3279,dens_693154680723850561,969,Density,<Substance CN1CCCC1=O{solv}{x=0.756400}|Cc1ccccc1{solv}{x=0.243600}>,CN1CCCC1=O,Cc1ccccc1,fb-fit-v0-single-mean-k20,3,0.9689547082099828,0.000205095853763,0.9854500000000004,0.00034
10210,3280,dhmix_1759507684169085916,970,EnthalpyOfMixing,<Substance CN1CCCC1=O{solv}{x=0.741800}|Cc1ccccc1{solv}{x=0.258200}>,CN1CCCC1=O,Cc1ccccc1,fb-fit-v0-single-mean-k20,3,-0.0543890290956525,0.0437980106596559,-0.2141,0.0024
10211,3281,dens_1796497685752507694,971,Density,<Substance CN1CCCC1=O{solv}{x=0.481500}|Cc1ccccc1{solv}{x=0.518500}>,CN1CCCC1=O,Cc1ccccc1,fb-fit-v0-single-mean-k20,3,0.9315807401508056,0.0001964177344333,0.9415400000000002,0.00028
10212,3282,dhmix_1857599089574133884,972,EnthalpyOfMixing,<Substance CN1CCCC1=O{solv}{x=0.223100}|Cc1ccccc1{solv}{x=0.776900}>,CN1CCCC1=O,Cc1ccccc1,fb-fit-v0-single-mean-k20,3,-0.1488299888846072,0.0444145985944762,-0.1889,0.00215
10213,3283,dens_1886489466266398819,973,Density,<Substance CN1CCCC1=O{solv}{x=0.221600}|Cc1ccccc1{solv}{x=0.778400}>,CN1CCCC1=O,Cc1ccccc1,fb-fit-v0-single-mean-k20,3,0.9043012726922726,0.0002134417137197,0.9061600000000002,0.00076
10214,3284,dhmix_2238554893157725289,974,EnthalpyOfMixing,<Substance CN1CCCC1=O{solv}{x=0.482100}|Cc1ccccc1{solv}{x=0.517900}>,CN1CCCC1=O,Cc1ccccc1,fb-fit-v0-single-mean-k20,3,-0.112378956835478,0.040559651695906,-0.2985,0.0033
10215,3285,dens_717951284355382404,975,Density,<Substance CN1CCCC1=O{solv}{x=0.702300}|ClCCCCCCCl{solv}{x=0.297700}>,CN1CCCC1=O,ClCCCCCCCl,fb-fit-v0-single-mean-k20,3,1.0316742648630892,0.0001991040686352,1.0416,0.0003
10216,3286,dhmix_859697969059379656,976,EnthalpyOfMixing,<Substance CN1CCCC1=O{solv}{x=0.503000}|ClCCCCCCCl{solv}{x=0.497000}>,CN1CCCC1=O,ClCCCCCCCl,fb-fit-v0-single-mean-k20,3,0.4350376728044836,0.0460936253169745,-0.2,0.0025
10217,3287,dhmix_916885053388204545,977,EnthalpyOfMixing,<Substance CN1CCCC1=O{solv}{x=0.212000}|ClCCCCCCCl{solv}{x=0.788000}>,CN1CCCC1=O,ClCCCCCCCl,fb-fit-v0-single-mean-k20,3,0.2225518283928664,0.0478873800278436,-0.13,0.002
10218,3288,dens_1483670447992291960,978,Density,<Substance CN1CCCC1=O{solv}{x=0.201600}|ClCCCCCCCl{solv}{x=0.798400}>,CN1CCCC1=O,ClCCCCCCCl,fb-fit-v0-single-mean-k20,3,1.0596370648369708,0.0002016628717605,1.0584000000000005,0.00055
10219,3289,dens_1896555095774116819,979,Density,<Substance CN1CCCC1=O{solv}{x=0.504900}|ClCCCCCCCl{solv}{x=0.495100}>,CN1CCCC1=O,ClCCCCCCCl,fb-fit-v0-single-mean-k20,3,1.044667724496867,0.0002199927273681,1.0490000000000002,0.00035
10220,3290,dhmix_2039443272323887912,980,EnthalpyOfMixing,<Substance CN1CCCC1=O{solv}{x=0.797000}|ClCCCCCCCl{solv}{x=0.203000}>,CN1CCCC1=O,ClCCCCCCCl,fb-fit-v0-single-mean-k20,3,0.251285931927562,0.0420651005979961,-0.123,0.002
10221,3291,dhmix_729169544598225866,981,EnthalpyOfMixing,<Substance CN(C)C=O{solv}{x=0.203000}|ClCCCCCCCl{solv}{x=0.797000}>,CN(C)C=O,ClCCCCCCCl,fb-fit-v0-single-mean-k20,3,0.5075464379027608,0.0450798400802669,0.195,0.0025
10222,3292,dhmix_1359105787212172230,982,EnthalpyOfMixing,<Substance CN(C)C=O{solv}{x=0.796000}|ClCCCCCCCl{solv}{x=0.204000}>,CN(C)C=O,ClCCCCCCCl,fb-fit-v0-single-mean-k20,3,0.5552101445837891,0.0411986669412004,0.24,0.0025
10223,3293,dhmix_1534380829757525169,983,EnthalpyOfMixing,<Substance CN(C)C=O{solv}{x=0.498000}|ClCCCCCCCl{solv}{x=0.502000}>,CN(C)C=O,ClCCCCCCCl,fb-fit-v0-single-mean-k20,3,0.734212830869879,0.0411655778283384,0.34,0.0025
10224,3294,dens_1752369236407148840,984,Density,<Substance CN(C)C=O{solv}{x=0.503300}|ClCCCCCCCl{solv}{x=0.496700}>,CN(C)C=O,ClCCCCCCCl,fb-fit-v0-single-mean-k20,3,1.012692646802472,0.0002353262802881,1.0190000000000003,0.00155
10225,3295,dens_2070195997725277466,985,Density,<Substance CN(C)C=O{solv}{x=0.703400}|ClCCCCCCCl{solv}{x=0.296600}>,CN(C)C=O,ClCCCCCCCl,fb-fit-v0-single-mean-k20,3,0.982213996703464,0.0002657793672253,0.9943000000000002,0.0017
10226,3296,dens_2171945276872385012,986,Density,<Substance CN(C)C=O{solv}{x=0.201300}|ClCCCCCCCl{solv}{x=0.798700}>,CN(C)C=O,ClCCCCCCCl,fb-fit-v0-single-mean-k20,3,1.048455966390639,0.0002093143179923,1.0486000000000002,0.0014
10227,3297,dens_741100297092592576,987,Density,<Substance C1CCCCC1{solv}{x=0.265900}|C1CCOCC1{solv}{x=0.734100}>,C1CCCCC1,C1CCOCC1,fb-fit-v0-single-mean-k20,3,0.8401469829356403,0.0002355357936513,0.8470300000000002,0.000505
10228,3298,dens_1002639246322609242,988,Density,<Substance C1CCCCC1{solv}{x=0.762200}|C1CCOCC1{solv}{x=0.237800}>,C1CCCCC1,C1CCOCC1,fb-fit-v0-single-mean-k20,3,0.7876066752705619,0.0001637078937631,0.7952000000000002,0.000505
10229,3299,dhmix_1171155554844966705,989,EnthalpyOfMixing,<Substance C1CCCCC1{solv}{x=0.247100}|C1CCOCC1{solv}{x=0.752900}>,C1CCCCC1,C1CCOCC1,fb-fit-v0-single-mean-k20,3,0.4766979768729271,0.0480074542326749,0.3613,0.00395
10230,3300,dens_2142973677177666085,990,Density,<Substance C1CCCCC1{solv}{x=0.501800}|C1CCOCC1{solv}{x=0.498200}>,C1CCCCC1,C1CCOCC1,fb-fit-v0-single-mean-k20,3,0.8141855104632368,0.0002307285028493,0.8211500000000002,0.000505
10231,3301,dhmix_2195791820105752985,991,EnthalpyOfMixing,<Substance C1CCCCC1{solv}{x=0.726600}|C1CCOCC1{solv}{x=0.273400}>,C1CCCCC1,C1CCOCC1,fb-fit-v0-single-mean-k20,3,0.6018982048463073,0.0343682953995776,0.4424,0.00485
10232,3302,dhmix_2296999979529762407,992,EnthalpyOfMixing,<Substance C1CCCCC1{solv}{x=0.499000}|C1CCOCC1{solv}{x=0.501000}>,C1CCCCC1,C1CCOCC1,fb-fit-v0-single-mean-k20,3,0.5786624622977854,0.0410225836417441,0.526,0.0055
10233,3303,dhmix_744994939606384802,993,EnthalpyOfMixing,<Substance CO{solv}{x=0.300000}|O{solv}{x=0.700000}>,CO,O,fb-fit-v0-single-mean-k20,3,0.0421258434929718,0.0238989057759226,-0.85,0.005
10234,3304,dens_1085345433585028387,994,Density,<Substance CO{solv}{x=0.499700}|O{solv}{x=0.500300}>,CO,O,fb-fit-v0-single-mean-k20,3,0.8399064049498844,0.0004703978002261,0.8816900000000003,0.000165
10235,3305,dhmix_1126710771921470495,995,EnthalpyOfMixing,<Substance CO{solv}{x=0.700000}|O{solv}{x=0.300000}>,CO,O,fb-fit-v0-single-mean-k20,3,-0.0539503860219992,0.02694644039508,-0.583,0.0035
10236,3306,dens_1258832080354057572,996,Density,<Substance CO{solv}{x=0.300300}|O{solv}{x=0.699700}>,CO,O,fb-fit-v0-single-mean-k20,3,0.8873462372631358,0.0004665306756661,0.9252100000000004,0.000125
10237,3307,dens_1758371820245200558,997,Density,<Substance CO{solv}{x=0.760500}|O{solv}{x=0.239500}>,CO,O,fb-fit-v0-single-mean-k20,3,0.7937949285926252,0.0004704326724779,0.8289000000000002,0.0001
10238,3308,dhmix_1824296469249495553,998,EnthalpyOfMixing,<Substance CO{solv}{x=0.500000}|O{solv}{x=0.500000}>,CO,O,fb-fit-v0-single-mean-k20,3,-0.0345638915299648,0.024289661446884,-0.777,0.0045
10239,3309,dhmix_753952445434773754,999,EnthalpyOfMixing,<Substance CCCCCCCCCl{solv}{x=0.493000}|CN1CCCC1=O{solv}{x=0.507000}>,CCCCCCCCCl,CN1CCCC1=O,fb-fit-v0-single-mean-k20,3,1.2931488837296143,0.0474076996059016,0.638,0.0035
10240,3310,dhmix_1273186684325800862,1000,EnthalpyOfMixing,<Substance CCCCCCCCCl{solv}{x=0.783000}|CN1CCCC1=O{solv}{x=0.217000}>,CCCCCCCCCl,CN1CCCC1=O,fb-fit-v0-single-mean-k20,3,0.877396750965147,0.0511221544766141,0.371,0.003
10241,3311,dhmix_1457789704046029008,1001,EnthalpyOfMixing,<Substance CCCCCCCCCl{solv}{x=0.202000}|CN1CCCC1=O{solv}{x=0.798000}>,CCCCCCCCCl,CN1CCCC1=O,fb-fit-v0-single-mean-k20,3,0.9324585103394334,0.0451242894672927,0.5,0.0035
10242,3312,dens_1965529278608066299,1002,Density,<Substance CCCCCCCCCl{solv}{x=0.299500}|CN1CCCC1=O{solv}{x=0.700500}>,CCCCCCCCCl,CN1CCCC1=O,fb-fit-v0-single-mean-k20,3,0.950558746738296,0.0001711044149219,0.9598000000000002,0.00025
10243,3313,dens_2167805246575708222,1003,Density,<Substance CCCCCCCCCl{solv}{x=0.798600}|CN1CCCC1=O{solv}{x=0.201400}>,CCCCCCCCCl,CN1CCCC1=O,fb-fit-v0-single-mean-k20,3,0.8889716634696031,0.000174907295855,0.8888000000000001,0.00055
10244,3314,dens_2177162670107081086,1004,Density,<Substance CCCCCCCCCl{solv}{x=0.497900}|CN1CCCC1=O{solv}{x=0.502100}>,CCCCCCCCCl,CN1CCCC1=O,fb-fit-v0-single-mean-k20,3,0.922281569773245,0.0002060651232586,0.9269000000000002,0.00035
10245,3315,dhmix_756380521637559100,1005,EnthalpyOfMixing,<Substance C1COCCO1{solv}{x=0.500000}|O=C1CCCCC1{solv}{x=0.500000}>,C1COCCO1,O=C1CCCCC1,fb-fit-v0-single-mean-k20,3,0.2457486709277248,0.0394611019836268,0.28584,0.00154
10246,3316,dens_1139761443535371798,1006,Density,<Substance C1COCCO1{solv}{x=0.459400}|O=C1CCCCC1{solv}{x=0.540600}>,C1COCCO1,O=C1CCCCC1,fb-fit-v0-single-mean-k20,3,0.9681932066422416,0.0002034773383942,0.9762000000000004,0.00025
10247,3317,dhmix_1367833850972054360,1007,EnthalpyOfMixing,<Substance C1COCCO1{solv}{x=0.750000}|O=C1CCCCC1{solv}{x=0.250000}>,C1COCCO1,O=C1CCCCC1,fb-fit-v0-single-mean-k20,3,0.1972826256658066,0.0455937614083336,0.23662,0.001355
10248,3318,dhmix_1533665710565492443,1008,EnthalpyOfMixing,<Substance C1COCCO1{solv}{x=0.250000}|O=C1CCCCC1{solv}{x=0.750000}>,C1COCCO1,O=C1CCCCC1,fb-fit-v0-single-mean-k20,3,0.1889689080537948,0.0462967932430382,0.20076,0.00121
10249,3319,dens_1556646832168598904,1009,Density,<Substance C1COCCO1{solv}{x=0.797800}|O=C1CCCCC1{solv}{x=0.202200}>,C1COCCO1,O=C1CCCCC1,fb-fit-v0-single-mean-k20,3,1.002174570161202,0.0002517467213719,1.0062000000000002,0.00025
10250,3320,dens_1806066395455679216,1010,Density,<Substance C1COCCO1{solv}{x=0.272000}|O=C1CCCCC1{solv}{x=0.728000}>,C1COCCO1,O=C1CCCCC1,fb-fit-v0-single-mean-k20,3,0.9531338508353752,0.0001928035793708,0.9614000000000004,0.00025
10251,3321,dhmix_781473821930081125,1011,EnthalpyOfMixing,<Substance CCOc1ccccc1{solv}{x=0.765100}|OCc1ccccc1{solv}{x=0.234900}>,CCOc1ccccc1,OCc1ccccc1,fb-fit-v0-single-mean-k20,3,0.767256676907607,0.0511029383408281,1.083,0.0116
10252,3322,dhmix_966435122735090568,1012,EnthalpyOfMixing,<Substance CCOc1ccccc1{solv}{x=0.063600}|OCc1ccccc1{solv}{x=0.936400}>,CCOc1ccccc1,OCc1ccccc1,fb-fit-v0-single-mean-k20,3,0.1211598850841113,0.0613699972894816,0.1901,0.00225
10253,3323,dens_1184318999137642715,1013,Density,<Substance CCOc1ccccc1{solv}{x=0.064200}|OCc1ccccc1{solv}{x=0.935800}>,CCOc1ccccc1,OCc1ccccc1,fb-fit-v0-single-mean-k20,3,1.032399177831839,0.0001843232059713,1.02761,0.00011
10254,3324,dhmix_1518701992890040137,1014,EnthalpyOfMixing,<Substance CCOc1ccccc1{solv}{x=0.549900}|OCc1ccccc1{solv}{x=0.450100}>,CCOc1ccccc1,OCc1ccccc1,fb-fit-v0-single-mean-k20,3,1.1480428709947148,0.0469162660436342,1.0561,0.01135
10255,3325,dens_1575045736805268459,1015,Density,<Substance CCOc1ccccc1{solv}{x=0.459800}|OCc1ccccc1{solv}{x=0.540200}>,CCOc1ccccc1,OCc1ccccc1,fb-fit-v0-single-mean-k20,3,0.9929006750536666,0.000194902048045,0.9925100000000002,0.00016
10256,3326,dens_2214650701288997434,1016,Density,<Substance CCOc1ccccc1{solv}{x=0.757200}|OCc1ccccc1{solv}{x=0.242800}>,CCOc1ccccc1,OCc1ccccc1,fb-fit-v0-single-mean-k20,3,0.967496873474498,0.000219572814445,0.9686500000000002,0.000215
10257,3327,dens_800807749587668066,1017,Density,<Substance C1CCOCC1{solv}{x=0.733600}|c1ccncc1{solv}{x=0.266400}>,C1CCOCC1,c1ccncc1,fb-fit-v0-single-mean-k20,3,0.8885703852037783,0.0002698833595322,0.8933350000000002,0.000358
10258,3328,dhmix_836757145941804043,1018,EnthalpyOfMixing,<Substance C1CCOCC1{solv}{x=0.291500}|c1ccncc1{solv}{x=0.708500}>,C1CCOCC1,c1ccncc1,fb-fit-v0-single-mean-k20,3,-0.0061984952250329,0.0377592050430917,0.0898,0.00095
10259,3329,dhmix_1003039131395935786,1019,EnthalpyOfMixing,<Substance C1CCOCC1{solv}{x=0.536300}|c1ccncc1{solv}{x=0.463700}>,C1CCOCC1,c1ccncc1,fb-fit-v0-single-mean-k20,3,-0.056443459238558,0.0312355665795536,0.1573,0.0013
10260,3330,dens_1859030547600172702,1020,Density,<Substance C1CCOCC1{solv}{x=0.241500}|c1ccncc1{solv}{x=0.758500}>,C1CCOCC1,c1ccncc1,fb-fit-v0-single-mean-k20,3,0.950048779848506,0.0002563502442449,0.9525650000000004,0.000212
10261,3331,dhmix_2191254706131659314,1021,EnthalpyOfMixing,<Substance C1CCOCC1{solv}{x=0.734400}|c1ccncc1{solv}{x=0.265600}>,C1CCOCC1,c1ccncc1,fb-fit-v0-single-mean-k20,3,0.0701662940016447,0.0451360611685653,0.1564,0.0013
10262,3332,dens_2239470871208865925,1022,Density,<Substance C1CCOCC1{solv}{x=0.536400}|c1ccncc1{solv}{x=0.463600}>,C1CCOCC1,c1ccncc1,fb-fit-v0-single-mean-k20,3,0.9086862665324068,0.0002595960880056,0.9124250000000002,0.0002965
10263,3333,dens_801655585640229277,1023,Density,<Substance C1CCOCC1{solv}{x=0.777600}|CCCC(C)=O{solv}{x=0.222400}>,C1CCOCC1,CCCC(C)=O,fb-fit-v0-single-mean-k20,3,0.8537800265462884,0.0002339552815603,0.8602600000000002,0.000225
10264,3334,dhmix_1175081460677389458,1024,EnthalpyOfMixing,<Substance C1CCOCC1{solv}{x=0.250000}|CCCC(C)=O{solv}{x=0.750000}>,C1CCOCC1,CCCC(C)=O,fb-fit-v0-single-mean-k20,3,-0.0293105266715372,0.0419785061987518,0.06014,0.00063
10265,3335,dens_1481139606755572767,1025,Density,<Substance C1CCOCC1{solv}{x=0.236100}|CCCC(C)=O{solv}{x=0.763900}>,C1CCOCC1,CCCC(C)=O,fb-fit-v0-single-mean-k20,3,0.8108881408216271,0.0002292403619701,0.8183900000000002,0.000215
10266,3336,dhmix_1531586108535895092,1026,EnthalpyOfMixing,<Substance C1CCOCC1{solv}{x=0.750000}|CCCC(C)=O{solv}{x=0.250000}>,C1CCOCC1,CCCC(C)=O,fb-fit-v0-single-mean-k20,3,0.0746268729868759,0.0400205244679108,0.08245,0.000715
10267,3337,dhmix_2074691820693967219,1027,EnthalpyOfMixing,<Substance C1CCOCC1{solv}{x=0.500000}|CCCC(C)=O{solv}{x=0.500000}>,C1CCOCC1,CCCC(C)=O,fb-fit-v0-single-mean-k20,3,0.1517552573217848,0.0395578062801533,0.09128,0.000745
10268,3338,dens_2180187104403779312,1028,Density,<Substance C1CCOCC1{solv}{x=0.504600}|CCCC(C)=O{solv}{x=0.495400}>,C1CCOCC1,CCCC(C)=O,fb-fit-v0-single-mean-k20,3,0.8315746176048086,0.0002290627969698,0.8386000000000002,0.00022
10269,3339,dhmix_814516627068967115,1029,EnthalpyOfMixing,<Substance CCCOC=O{solv}{x=0.230800}|ClCCCCl{solv}{x=0.769200}>,CCCOC=O,ClCCCCl,fb-fit-v0-single-mean-k20,3,0.1638824980850159,0.0368710420705276,-0.054,0.001
10270,3340,dens_853749747181024442,1030,Density,<Substance CCCOC=O{solv}{x=0.525500}|ClCCCCl{solv}{x=0.474500}>,CCCOC=O,ClCCCCl,fb-fit-v0-single-mean-k20,3,1.0340464471430413,0.0003190437764672,1.0302400000000005,0.00176
10271,3341,dhmix_1623640482466530427,1031,EnthalpyOfMixing,<Substance CCCOC=O{solv}{x=0.750900}|ClCCCCl{solv}{x=0.249100}>,CCCOC=O,ClCCCCl,fb-fit-v0-single-mean-k20,3,0.1963821397513712,0.0378733720363949,-0.088,0.001
10272,3342,dens_1998603470347754754,1032,Density,<Substance CCCOC=O{solv}{x=0.233600}|ClCCCCl{solv}{x=0.766400}>,CCCOC=O,ClCCCCl,fb-fit-v0-single-mean-k20,3,1.1070408752015013,0.0003481190423089,1.1122200000000002,0.00274
10273,3343,dhmix_2003217087101692001,1033,EnthalpyOfMixing,<Substance CCCOC=O{solv}{x=0.514500}|ClCCCCl{solv}{x=0.485500}>,CCCOC=O,ClCCCCl,fb-fit-v0-single-mean-k20,3,0.2332877026184441,0.0367523759286249,-0.114,0.0015
10274,3344,dens_2020761603812222512,1034,Density,<Substance CCCOC=O{solv}{x=0.763600}|ClCCCCl{solv}{x=0.236400}>,CCCOC=O,ClCCCCl,fb-fit-v0-single-mean-k20,3,0.973408771099214,0.0002815260311834,0.9644500000000004,0.00119
10275,3345,dens_828893303895070246,1035,Density,<Substance C1CCCCC1{solv}{x=0.249800}|CCCCCCCC{solv}{x=0.750200}>,C1CCCCC1,CCCCCCCC,fb-fit-v0-single-mean-k20,3,0.7097227629642944,0.0001868411395974,0.7110900000000002,0.000605
10276,3346,dhmix_1288938247372010686,1036,EnthalpyOfMixing,<Substance C1CCCCC1{solv}{x=0.751300}|CCCCCCCC{solv}{x=0.248700}>,C1CCCCC1,CCCCCCCC,fb-fit-v0-single-mean-k20,3,0.2194544715511881,0.0467287650040759,0.23,0.005
10277,3347,dens_1398337515687242649,1037,Density,<Substance C1CCCCC1{solv}{x=0.477700}|CCCCCCCC{solv}{x=0.522300}>,C1CCCCC1,CCCCCCCC,fb-fit-v0-single-mean-k20,3,0.722021874169923,0.000204901972174,0.7250300000000002,0.000585
10278,3348,dhmix_1429498464152515756,1038,EnthalpyOfMixing,<Substance C1CCCCC1{solv}{x=0.532400}|CCCCCCCC{solv}{x=0.467600}>,C1CCCCC1,CCCCCCCC,fb-fit-v0-single-mean-k20,3,0.2923987808627117,0.0503928016651899,0.258,0.005
10279,3349,dens_2267960821195706299,1039,Density,<Substance C1CCCCC1{solv}{x=0.796100}|CCCCCCCC{solv}{x=0.203900}>,C1CCCCC1,CCCCCCCC,fb-fit-v0-single-mean-k20,3,0.7457454797737745,0.0001603553325917,0.7509700000000002,0.00055
10280,3350,dhmix_2289023418386220795,1040,EnthalpyOfMixing,<Substance C1CCCCC1{solv}{x=0.274400}|CCCCCCCC{solv}{x=0.725600}>,C1CCCCC1,CCCCCCCC,fb-fit-v0-single-mean-k20,3,0.2279303402319783,0.051994338313428,0.18,0.005
10281,3351,dens_848374876759596361,1041,Density,<Substance CC(C)OC(C)C{solv}{x=0.284600}|CCCCCl{solv}{x=0.715400}>,CC(C)OC(C)C,CCCCCl,fb-fit-v0-single-mean-k20,3,0.8195292440267015,0.0002660240700476,0.8263210000000002,0.000365
10282,3352,dens_917492506874956672,1042,Density,<Substance CC(C)OC(C)C{solv}{x=0.808200}|CCCCCl{solv}{x=0.191800}>,CC(C)OC(C)C,CCCCCl,fb-fit-v0-single-mean-k20,3,0.7522448054419594,0.0002413141973536,0.7440910000000002,0.000448
10283,3353,dhmix_1107367594793013993,1043,EnthalpyOfMixing,<Substance CC(C)OC(C)C{solv}{x=0.272700}|CCCCCl{solv}{x=0.727300}>,CC(C)OC(C)C,CCCCCl,fb-fit-v0-single-mean-k20,3,-0.1170392282200083,0.0351421012052788,-0.0785,0.001
10284,3354,dhmix_1310204607958463222,1044,EnthalpyOfMixing,<Substance CC(C)OC(C)C{solv}{x=0.454700}|CCCCCl{solv}{x=0.545300}>,CC(C)OC(C)C,CCCCCl,fb-fit-v0-single-mean-k20,3,-0.1821282795736678,0.0425009783006461,-0.0954,0.0012
10285,3355,dhmix_1605157292498138629,1045,EnthalpyOfMixing,<Substance CC(C)OC(C)C{solv}{x=0.727400}|CCCCCl{solv}{x=0.272600}>,CC(C)OC(C)C,CCCCCl,fb-fit-v0-single-mean-k20,3,-0.1080478229620496,0.0455167461388718,-0.0732,0.00095
10286,3356,dens_1927916489732771888,1046,Density,<Substance CC(C)OC(C)C{solv}{x=0.484000}|CCCCCl{solv}{x=0.516000}>,CC(C)OC(C)C,CCCCCl,fb-fit-v0-single-mean-k20,3,0.7920610909442919,0.0002727906058328,0.7925060000000002,0.0004005
10287,3357,dens_860008765681738590,1047,Density,<Substance CN(CCO)CCO{solv}{x=0.231260}|c1ccncc1{solv}{x=0.768740}>,CN(CCO)CCO,c1ccncc1,fb-fit-v0-single-mean-k20,3,0.9960683646418076,0.0002406212850626,0.9906030000000002,0.0001015
10288,3358,dens_1253280811379348869,1048,Density,<Substance CN(CCO)CCO{solv}{x=0.670000}|c1ccncc1{solv}{x=0.330000}>,CN(CCO)CCO,c1ccncc1,fb-fit-v0-single-mean-k20,3,1.0326150234704123,0.0002339533729569,1.0161020000000005,0.000102
10289,3359,dhmix_1381513140604048573,1049,EnthalpyOfMixing,<Substance CN(CCO)CCO{solv}{x=0.473760}|c1ccncc1{solv}{x=0.526240}>,CN(CCO)CCO,c1ccncc1,fb-fit-v0-single-mean-k20,3,0.3558384044343796,0.0514498668235159,-0.093,0.001
10290,3360,dens_1460709448836415360,1050,Density,<Substance CN(CCO)CCO{solv}{x=0.473530}|c1ccncc1{solv}{x=0.526470}>,CN(CCO)CCO,c1ccncc1,fb-fit-v0-single-mean-k20,3,1.017088663887483,0.0002247033063234,1.0044450000000005,0.0001015
10291,3361,dhmix_2085036308089359597,1051,EnthalpyOfMixing,<Substance CN(CCO)CCO{solv}{x=0.230610}|c1ccncc1{solv}{x=0.769390}>,CN(CCO)CCO,c1ccncc1,fb-fit-v0-single-mean-k20,3,0.6001612781825827,0.038609428384837,-0.032,0.001
10292,3362,dhmix_2287943921901918379,1052,EnthalpyOfMixing,<Substance CN(CCO)CCO{solv}{x=0.669580}|c1ccncc1{solv}{x=0.330420}>,CN(CCO)CCO,c1ccncc1,fb-fit-v0-single-mean-k20,3,-0.128709736341321,0.0581085908022092,-0.12,0.0015
10293,3363,dens_929806754028972955,1053,Density,<Substance CCCC(=O)OC{solv}{x=0.695800}|COC(C)=O{solv}{x=0.304200}>,CCCC(=O)OC,COC(C)=O,fb-fit-v0-single-mean-k20,3,0.8986633740213339,0.0002589091166585,0.8997600000000002,0.000505
10294,3364,dhmix_1093843275803987368,1054,EnthalpyOfMixing,<Substance CCCC(=O)OC{solv}{x=0.482200}|COC(C)=O{solv}{x=0.517800}>,CCCC(=O)OC,COC(C)=O,fb-fit-v0-single-mean-k20,3,0.0349807451869246,0.0367460677438058,0.151,0.002
10295,3365,dens_1187818937240241755,1055,Density,<Substance CCCC(=O)OC{solv}{x=0.253600}|COC(C)=O{solv}{x=0.746400}>,CCCC(=O)OC,COC(C)=O,fb-fit-v0-single-mean-k20,3,0.9137578241774011,0.000271333300319,0.9147400000000002,0.000505
10296,3366,dens_1462283017082249050,1056,Density,<Substance CCCC(=O)OC{solv}{x=0.545600}|COC(C)=O{solv}{x=0.454400}>,CCCC(=O)OC,COC(C)=O,fb-fit-v0-single-mean-k20,3,0.9034179815319212,0.0002358840429386,0.9041900000000004,0.000505
10297,3367,dhmix_1514470349370367756,1057,EnthalpyOfMixing,<Substance CCCC(=O)OC{solv}{x=0.226000}|COC(C)=O{solv}{x=0.774000}>,CCCC(=O)OC,COC(C)=O,fb-fit-v0-single-mean-k20,3,0.0316796213311221,0.0407988142201627,0.102,0.0015
10298,3368,dhmix_1615966506855005599,1058,EnthalpyOfMixing,<Substance CCCC(=O)OC{solv}{x=0.695800}|COC(C)=O{solv}{x=0.304200}>,CCCC(=O)OC,COC(C)=O,fb-fit-v0-single-mean-k20,3,0.0699974992933398,0.0481420703888355,0.122,0.0015
10299,3369,dens_931039395662625393,1059,Density,<Substance BrCCBr{solv}{x=0.510700}|CCOC=O{solv}{x=0.489300}>,BrCCBr,CCOC=O,fb-fit-v0-single-mean-k20,3,1.573859880054567,0.0005284751243337,1.5742900000000004,0.00125
10300,3370,dhmix_1379448524788285045,1060,EnthalpyOfMixing,<Substance BrCCBr{solv}{x=0.503000}|CCOC=O{solv}{x=0.497000}>,BrCCBr,CCOC=O,fb-fit-v0-single-mean-k20,3,0.526034371708823,0.031331418957787,0.404,0.0054
10301,3371,dhmix_1589211680683586133,1061,EnthalpyOfMixing,<Substance BrCCBr{solv}{x=0.247500}|CCOC=O{solv}{x=0.752500}>,BrCCBr,CCOC=O,fb-fit-v0-single-mean-k20,3,0.3427163865494123,0.0367893772368705,0.2492,0.0035
10302,3372,dens_1816072583621776909,1062,Density,<Substance BrCCBr{solv}{x=0.282500}|CCOC=O{solv}{x=0.717500}>,BrCCBr,CCOC=O,fb-fit-v0-single-mean-k20,3,1.2978035435687163,0.0003864936864411,1.2851500000000005,0.00131
10303,3373,dens_1857279480363338972,1063,Density,<Substance BrCCBr{solv}{x=0.750600}|CCOC=O{solv}{x=0.249400}>,BrCCBr,CCOC=O,fb-fit-v0-single-mean-k20,3,1.8468957716712189,0.0006241925443605,1.8698300000000003,0.000995
10304,3374,dhmix_2225135654541562913,1064,EnthalpyOfMixing,<Substance BrCCBr{solv}{x=0.734600}|CCOC=O{solv}{x=0.265400}>,BrCCBr,CCOC=O,fb-fit-v0-single-mean-k20,3,0.3963723598093969,0.0340199088428919,0.3604,0.00485
10305,3375,dhmix_933824509566848172,1065,EnthalpyOfMixing,<Substance C1COCO1{solv}{x=0.350000}|CCCC(C)=O{solv}{x=0.650000}>,C1COCO1,CCCC(C)=O,fb-fit-v0-single-mean-k20,3,0.183916212110919,0.0395157402569597,0.17755,0.001095
10306,3376,dens_1326756646981901590,1066,Density,<Substance C1COCO1{solv}{x=0.717400}|CCCC(C)=O{solv}{x=0.282600}>,C1COCO1,CCCC(C)=O,fb-fit-v0-single-mean-k20,3,0.9665123702774469,0.0002806254766961,0.9625500000000002,0.000245
10307,3377,dhmix_1386053902220878259,1067,EnthalpyOfMixing,<Substance C1COCO1{solv}{x=0.500000}|CCCC(C)=O{solv}{x=0.500000}>,C1COCO1,CCCC(C)=O,fb-fit-v0-single-mean-k20,3,0.2466053931376421,0.0402523418694361,0.21077,0.00122
10308,3378,dens_1490997112604690080,1068,Density,<Substance C1COCO1{solv}{x=0.349900}|CCCC(C)=O{solv}{x=0.650100}>,C1COCO1,CCCC(C)=O,fb-fit-v0-single-mean-k20,3,0.8652973331954661,0.000251772074281,0.8687200000000003,0.00022
10309,3379,dens_1979377813631413053,1069,Density,<Substance C1COCO1{solv}{x=0.516900}|CCCC(C)=O{solv}{x=0.483100}>,C1COCO1,CCCC(C)=O,fb-fit-v0-single-mean-k20,3,0.9066765537212038,0.000266516327987,0.9078200000000004,0.00023
10310,3380,dhmix_2113009728753201792,1070,EnthalpyOfMixing,<Substance C1COCO1{solv}{x=0.750000}|CCCC(C)=O{solv}{x=0.250000}>,C1COCO1,CCCC(C)=O,fb-fit-v0-single-mean-k20,3,0.1895943437760365,0.0378586578990355,0.17046,0.00107
10311,3381,dhmix_962524540250306235,1071,EnthalpyOfMixing,<Substance Cc1ccccc1N{solv}{x=0.268100}|c1ccncc1{solv}{x=0.731900}>,Cc1ccccc1N,c1ccncc1,fb-fit-v0-single-mean-k20,3,-1.4358674270029113,0.0428572514728468,-0.8915,0.0182
10312,3382,dhmix_1000930562998604270,1072,EnthalpyOfMixing,<Substance Cc1ccccc1N{solv}{x=0.773500}|c1ccncc1{solv}{x=0.226500}>,Cc1ccccc1N,c1ccncc1,fb-fit-v0-single-mean-k20,3,-1.1276186860442472,0.0457290345714011,-0.7828,0.016
10313,3383,dens_1203111494553524663,1073,Density,<Substance Cc1ccccc1N{solv}{x=0.483700}|c1ccncc1{solv}{x=0.516300}>,Cc1ccccc1N,c1ccncc1,fb-fit-v0-single-mean-k20,3,1.0017107316235074,0.0002492523190892,0.9912370000000004,0.000117
10314,3384,dens_1316174752280431242,1074,Density,<Substance Cc1ccccc1N{solv}{x=0.237400}|c1ccncc1{solv}{x=0.762600}>,Cc1ccccc1N,c1ccncc1,fb-fit-v0-single-mean-k20,3,0.991136551856966,0.0001542393934371,0.9863750000000002,0.000118
10315,3385,dhmix_1371524052813651708,1075,EnthalpyOfMixing,<Substance Cc1ccccc1N{solv}{x=0.482600}|c1ccncc1{solv}{x=0.517400}>,Cc1ccccc1N,c1ccncc1,fb-fit-v0-single-mean-k20,3,-1.7491355884442754,0.0412544850076338,-1.0329,0.02105
10316,3386,dens_2188924364196997512,1076,Density,<Substance Cc1ccccc1N{solv}{x=0.767800}|c1ccncc1{solv}{x=0.232200}>,Cc1ccccc1N,c1ccncc1,fb-fit-v0-single-mean-k20,3,1.010160167851725,0.000221273362364,0.9936220000000002,0.000117
10317,3387,dens_964556344607822867,1077,Density,<Substance CCCCCCCCC{solv}{x=0.696300}|COC(C)(C)C{solv}{x=0.303700}>,CCCCCCCCC,COC(C)(C)C,fb-fit-v0-single-mean-k20,3,0.7191013501580071,0.0001893993431853,0.7173600000000002,0.000295
10318,3388,dhmix_1091489740441728210,1078,EnthalpyOfMixing,<Substance CCCCCCCCC{solv}{x=0.260100}|COC(C)(C)C{solv}{x=0.739900}>,CCCCCCCCC,COC(C)(C)C,fb-fit-v0-single-mean-k20,3,0.5900172337821061,0.0380006163113,0.371,0.0075
10319,3389,dens_1264105858192356202,1079,Density,<Substance CCCCCCCCC{solv}{x=0.499200}|COC(C)(C)C{solv}{x=0.500800}>,CCCCCCCCC,COC(C)(C)C,fb-fit-v0-single-mean-k20,3,0.7229128721333494,0.0002134024118629,0.7207300000000002,0.00029
10320,3390,dhmix_1760873631242020891,1080,EnthalpyOfMixing,<Substance CCCCCCCCC{solv}{x=0.759600}|COC(C)(C)C{solv}{x=0.240400}>,CCCCCCCCC,COC(C)(C)C,fb-fit-v0-single-mean-k20,3,0.5220001768439602,0.0530937363375375,0.345,0.007
10321,3391,dens_2012579877169955729,1081,Density,<Substance CCCCCCCCC{solv}{x=0.199500}|COC(C)(C)C{solv}{x=0.800500}>,CCCCCCCCC,COC(C)(C)C,fb-fit-v0-single-mean-k20,3,0.7327526289778,0.0002030950482445,0.7281100000000001,0.000285
10322,3392,dhmix_2200368758776542578,1082,EnthalpyOfMixing,<Substance CCCCCCCCC{solv}{x=0.513300}|COC(C)(C)C{solv}{x=0.486700}>,CCCCCCCCC,COC(C)(C)C,fb-fit-v0-single-mean-k20,3,0.6973432504294692,0.0490771142957548,0.486,0.0095
10323,3393,dhmix_972091313059406932,1083,EnthalpyOfMixing,<Substance CCCNCCC{solv}{x=0.248200}|CN(C)C=O{solv}{x=0.751800}>,CCCNCCC,CN(C)C=O,fb-fit-v0-single-mean-k20,3,0.2182926046874342,0.043190309178813,0.613,0.0195
10324,3394,dhmix_1037416167092316519,1084,EnthalpyOfMixing,<Substance CCCNCCC{solv}{x=0.499500}|CN(C)C=O{solv}{x=0.500500}>,CCCNCCC,CN(C)C=O,fb-fit-v0-single-mean-k20,3,0.1470420073712475,0.0422844238174356,0.748,0.0225
10325,3395,dhmix_1525975551610336413,1085,EnthalpyOfMixing,<Substance CCCNCCC{solv}{x=0.749600}|CN(C)C=O{solv}{x=0.250400}>,CCCNCCC,CN(C)C=O,fb-fit-v0-single-mean-k20,3,0.0970769094071926,0.0482372983800725,0.529,0.017
10326,3396,dens_1610465641813938660,1086,Density,<Substance CCCNCCC{solv}{x=0.745900}|CN(C)C=O{solv}{x=0.254100}>,CCCNCCC,CN(C)C=O,fb-fit-v0-single-mean-k20,3,0.7699317855108705,0.0001992506292384,0.7687320000000002,0.0009355
10327,3397,dens_2129043605695010641,1087,Density,<Substance CCCNCCC{solv}{x=0.503400}|CN(C)C=O{solv}{x=0.496600}>,CCCNCCC,CN(C)C=O,fb-fit-v0-single-mean-k20,3,0.8078331947654134,0.000211536737392,0.8108000000000002,0.0009885
10328,3398,dens_2129124855081233158,1088,Density,<Substance CCCNCCC{solv}{x=0.252300}|CN(C)C=O{solv}{x=0.747700}>,CCCNCCC,CN(C)C=O,fb-fit-v0-single-mean-k20,3,0.8570519566409477,0.0002365871539601,0.8674480000000002,0.0010625
10329,3399,dhmix_1022139531284796266,1089,EnthalpyOfMixing,<Substance CCCO{solv}{x=0.730200}|O=Cc1ccccc1{solv}{x=0.269800}>,CCCO,O=Cc1ccccc1,fb-fit-v0-single-mean-k20,3,1.3965751293249724,0.0302077496247889,1.3784,0.00585
10330,3400,dens_1530410585842005416,1090,Density,<Substance CCCO{solv}{x=0.802500}|O=Cc1ccccc1{solv}{x=0.197500}>,CCCO,O=Cc1ccccc1,fb-fit-v0-single-mean-k20,3,0.8653528461521205,0.000205750206949,0.8676000000000003,0.0054
10331,3401,dens_1586325098516354010,1091,Density,<Substance CCCO{solv}{x=0.500300}|O=Cc1ccccc1{solv}{x=0.499700}>,CCCO,O=Cc1ccccc1,fb-fit-v0-single-mean-k20,3,0.9470063076250838,0.0002401637335808,0.9470000000000002,0.0035
10332,3402,dhmix_1860362391399300385,1092,EnthalpyOfMixing,<Substance CCCO{solv}{x=0.237400}|O=Cc1ccccc1{solv}{x=0.762600}>,CCCO,O=Cc1ccccc1,fb-fit-v0-single-mean-k20,3,1.1587849418982898,0.0378970797494053,1.2579,0.0055
10333,3403,dens_2022804020725863961,1093,Density,<Substance CCCO{solv}{x=0.192900}|O=Cc1ccccc1{solv}{x=0.807100}>,CCCO,O=Cc1ccccc1,fb-fit-v0-single-mean-k20,3,1.0110336954300714,0.0002081483186539,1.0128,0.00265
10334,3404,dhmix_2114980631721668598,1094,EnthalpyOfMixing,<Substance CCCO{solv}{x=0.517800}|O=Cc1ccccc1{solv}{x=0.482200}>,CCCO,O=Cc1ccccc1,fb-fit-v0-single-mean-k20,3,1.7110367478672686,0.0376530171397448,1.6361,0.00675
10335,3405,dens_1061385011202038988,1095,Density,<Substance CC(C)O{solv}{x=0.495900}|CCCCOCCO{solv}{x=0.504100}>,CC(C)O,CCCCOCCO,fb-fit-v0-single-mean-k20,3,0.857798460891484,0.0002532262471086,0.8550000000000002,5.450000000000001e-05
10336,3406,dens_1314274960992474794,1096,Density,<Substance CC(C)O{solv}{x=0.292200}|CCCCOCCO{solv}{x=0.707800}>,CC(C)O,CCCCOCCO,fb-fit-v0-single-mean-k20,3,0.8743572459058123,0.0001921786236211,0.8743700000000002,4.600000000000001e-05
10337,3407,dens_1729117108592325655,1097,Density,<Substance CC(C)O{solv}{x=0.743300}|CCCCOCCO{solv}{x=0.256700}>,CC(C)O,CCCCOCCO,fb-fit-v0-single-mean-k20,3,0.8336263850163088,0.000293869416556,0.8247900000000001,5.600000000000001e-05
10338,3408,dens_1112128096721834081,1098,Density,<Substance CNCCO{solv}{x=0.800900}|O{solv}{x=0.199100}>,CNCCO,O,fb-fit-v0-single-mean-k20,3,0.9600696468055032,0.0004751463948577,0.9466300000000002,0.00032
10339,3409,dens_1381694863030749046,1099,Density,<Substance CNCCO{solv}{x=0.198700}|O{solv}{x=0.801300}>,CNCCO,O,fb-fit-v0-single-mean-k20,3,0.981788306230256,0.0004033121037696,0.9960300000000002,0.00016
10340,3410,dhmix_1383192140212198237,1100,EnthalpyOfMixing,<Substance CNCCO{solv}{x=0.798800}|O{solv}{x=0.201200}>,CNCCO,O,fb-fit-v0-single-mean-k20,3,-1.1225359348413235,0.0341330290174066,-1.219,0.025
10341,3411,dens_1615304038745182966,1101,Density,<Substance CNCCO{solv}{x=0.504100}|O{solv}{x=0.495900}>,CNCCO,O,fb-fit-v0-single-mean-k20,3,0.972463536387132,0.0002918048081378,0.9688100000000002,0.000235
10342,3412,dhmix_1902240048183935170,1102,EnthalpyOfMixing,<Substance CNCCO{solv}{x=0.501700}|O{solv}{x=0.498300}>,CNCCO,O,fb-fit-v0-single-mean-k20,3,-2.1591388841081596,0.0390395564250773,-2.508,0.051
10343,3413,dhmix_2185888808838690563,1103,EnthalpyOfMixing,<Substance CNCCO{solv}{x=0.199200}|O{solv}{x=0.800800}>,CNCCO,O,fb-fit-v0-single-mean-k20,3,-1.3708595345310668,0.0244392372161888,-2.243,0.0455
10344,3414,dens_1155626281932782094,1104,Density,<Substance CCC(C)=O{solv}{x=0.292200}|CN1CCCC1=O{solv}{x=0.707800}>,CCC(C)=O,CN1CCCC1=O,fb-fit-v0-single-mean-k20,3,0.945259078835381,0.0002408577810421,0.9591400000000002,0.00262
10345,3415,dens_1354588388489384902,1105,Density,<Substance CCC(C)=O{solv}{x=0.779300}|CN1CCCC1=O{solv}{x=0.220700}>,CCC(C)=O,CN1CCCC1=O,fb-fit-v0-single-mean-k20,3,0.8375414007327713,0.0002266512150109,0.8467600000000002,0.002595
10346,3416,dhmix_1468142552678388689,1106,EnthalpyOfMixing,<Substance CCC(C)=O{solv}{x=0.484100}|CN1CCCC1=O{solv}{x=0.515900}>,CCC(C)=O,CN1CCCC1=O,fb-fit-v0-single-mean-k20,3,0.0465760777913026,0.0423571613451137,-0.1675,0.00415
10347,3417,dhmix_1545004468946955771,1107,EnthalpyOfMixing,<Substance CCC(C)=O{solv}{x=0.246100}|CN1CCCC1=O{solv}{x=0.753900}>,CCC(C)=O,CN1CCCC1=O,fb-fit-v0-single-mean-k20,3,0.0280079056420434,0.0443235576161014,-0.0999,0.0031
10348,3418,dhmix_1746826813990258300,1108,EnthalpyOfMixing,<Substance CCC(C)=O{solv}{x=0.732400}|CN1CCCC1=O{solv}{x=0.267600}>,CCC(C)=O,CN1CCCC1=O,fb-fit-v0-single-mean-k20,3,0.0712024411110343,0.0424514365399998,-0.0861,0.0029
10349,3419,dens_2035401379156582518,1109,Density,<Substance CCC(C)=O{solv}{x=0.479500}|CN1CCCC1=O{solv}{x=0.520500}>,CCC(C)=O,CN1CCCC1=O,fb-fit-v0-single-mean-k20,3,0.9055267667092674,0.0002223055246885,0.9166100000000004,0.00261
10350,3420,dens_1159403686634788877,1110,Density,<Substance C1CCOCC1{solv}{x=0.253600}|Cc1ccncc1{solv}{x=0.746400}>,C1CCOCC1,Cc1ccncc1,fb-fit-v0-single-mean-k20,3,0.9288725539051086,0.0002153329512081,0.9329390000000002,0.0002125
10351,3421,dhmix_1427533760370073434,1111,EnthalpyOfMixing,<Substance C1CCOCC1{solv}{x=0.241600}|Cc1ccncc1{solv}{x=0.758400}>,C1CCOCC1,Cc1ccncc1,fb-fit-v0-single-mean-k20,3,-0.0274646667889193,0.0403090367285548,0.0975,0.001
10352,3422,dens_1586440979425114987,1112,Density,<Substance C1CCOCC1{solv}{x=0.491300}|Cc1ccncc1{solv}{x=0.508700}>,C1CCOCC1,Cc1ccncc1,fb-fit-v0-single-mean-k20,3,0.9120501374379972,0.0002104670097916,0.9162950000000002,0.0002825
10353,3423,dhmix_1681679230288000235,1113,EnthalpyOfMixing,<Substance C1CCOCC1{solv}{x=0.483400}|Cc1ccncc1{solv}{x=0.516600}>,C1CCOCC1,Cc1ccncc1,fb-fit-v0-single-mean-k20,3,0.063507894798457,0.0362856946853652,0.1741,0.00135
10354,3424,dhmix_1854625047398559527,1114,EnthalpyOfMixing,<Substance C1CCOCC1{solv}{x=0.826200}|Cc1ccncc1{solv}{x=0.173800}>,C1CCOCC1,Cc1ccncc1,fb-fit-v0-single-mean-k20,3,0.027750300061065,0.0433566783882621,0.0948,0.001
10355,3425,dens_1998279082934343093,1115,Density,<Substance C1CCOCC1{solv}{x=0.826300}|Cc1ccncc1{solv}{x=0.173700}>,C1CCOCC1,Cc1ccncc1,fb-fit-v0-single-mean-k20,3,0.8762899621646373,0.0002393950563019,0.8827950000000002,0.000387
10356,3426,dens_1226224986443053492,1116,Density,<Substance CCOc1ccccc1{solv}{x=0.482600}|OCCc1ccccc1{solv}{x=0.517400}>,CCOc1ccccc1,OCCc1ccccc1,fb-fit-v0-single-mean-k20,3,0.9800708719653416,0.0001478428671197,0.9803700000000002,0.00026
10357,3427,dens_1288457717872177367,1117,Density,<Substance CCOc1ccccc1{solv}{x=0.304100}|OCCc1ccccc1{solv}{x=0.695900}>,CCOc1ccccc1,OCCc1ccccc1,fb-fit-v0-single-mean-k20,3,0.9916251606759028,0.0002199367872893,0.9909900000000004,0.00026
10358,3428,dhmix_1400067757990485972,1118,EnthalpyOfMixing,<Substance CCOc1ccccc1{solv}{x=0.738800}|OCCc1ccccc1{solv}{x=0.261200}>,CCOc1ccccc1,OCCc1ccccc1,fb-fit-v0-single-mean-k20,3,0.898403071344589,0.0489798801009217,1.1427,0.01225
10359,3429,dens_1419265414647987466,1119,Density,<Substance CCOc1ccccc1{solv}{x=0.792900}|OCCc1ccccc1{solv}{x=0.207100}>,CCOc1ccccc1,OCCc1ccccc1,fb-fit-v0-single-mean-k20,3,0.961372681837316,0.0001760264125228,0.9624400000000004,0.00026
10360,3430,dhmix_1985234108792038812,1120,EnthalpyOfMixing,<Substance CCOc1ccccc1{solv}{x=0.485200}|OCCc1ccccc1{solv}{x=0.514800}>,CCOc1ccccc1,OCCc1ccccc1,fb-fit-v0-single-mean-k20,3,0.8085126801692013,0.0465917163645256,1.0249,0.011
10361,3431,dhmix_2203675640711482674,1121,EnthalpyOfMixing,<Substance CCOc1ccccc1{solv}{x=0.239100}|OCCc1ccccc1{solv}{x=0.760900}>,CCOc1ccccc1,OCCc1ccccc1,fb-fit-v0-single-mean-k20,3,0.3661843807759197,0.0582485047860802,0.6669,0.0072
10362,3432,dens_1247048173376376516,1122,Density,<Substance CCCCC(=O)OC{solv}{x=0.349300}|COC=O{solv}{x=0.650700}>,CCCCC(=O)OC,COC=O,fb-fit-v0-single-mean-k20,3,0.93039725141425,0.0002532706050866,0.9198400000000002,0.000115
10363,3433,dens_1283923442255956417,1123,Density,<Substance CCCCC(=O)OC{solv}{x=0.500000}|COC=O{solv}{x=0.500000}>,CCCCC(=O)OC,COC=O,fb-fit-v0-single-mean-k20,3,0.9156489066749712,0.000241252880174,0.90817,0.00012
10364,3434,dhmix_1491739683552461043,1124,EnthalpyOfMixing,<Substance CCCCC(=O)OC{solv}{x=0.348600}|COC=O{solv}{x=0.651400}>,CCCCC(=O)OC,COC=O,fb-fit-v0-single-mean-k20,3,0.3228299427748133,0.0373626068644633,0.422,0.0045
10365,3435,dhmix_1747049492522889097,1125,EnthalpyOfMixing,<Substance CCCCC(=O)OC{solv}{x=0.523200}|COC=O{solv}{x=0.476800}>,CCCCC(=O)OC,COC=O,fb-fit-v0-single-mean-k20,3,0.3049528949875988,0.0411780991723269,0.409,0.0045
10366,3436,dhmix_1990853348078771210,1126,EnthalpyOfMixing,<Substance CCCCC(=O)OC{solv}{x=0.796800}|COC=O{solv}{x=0.203200}>,CCCCC(=O)OC,COC=O,fb-fit-v0-single-mean-k20,3,0.1929911241627699,0.0380744338516768,0.219,0.0025
10367,3437,dens_2269601061883384185,1127,Density,<Substance CCCCC(=O)OC{solv}{x=0.725800}|COC=O{solv}{x=0.274200}>,CCCCC(=O)OC,COC=O,fb-fit-v0-single-mean-k20,3,0.8986523457023079,0.0002171487565312,0.8955000000000002,0.000135
10368,3438,dens_1266839724964377205,1128,Density,<Substance Cn1ccnc1{solv}{x=0.779500}|O{solv}{x=0.220500}>,Cn1ccnc1,O,fb-fit-v0-single-mean-k20,3,1.011852003231807,0.0002605169543808,1.0360000000000005,0.00015
10369,3439,dens_1634862053132906887,1129,Density,<Substance Cn1ccnc1{solv}{x=0.498200}|O{solv}{x=0.501800}>,Cn1ccnc1,O,fb-fit-v0-single-mean-k20,3,1.0116759099734922,0.000333177631239,1.0416,0.00015
10370,3440,dens_1681126092995837883,1130,Density,<Substance Cn1ccnc1{solv}{x=0.216700}|O{solv}{x=0.783300}>,Cn1ccnc1,O,fb-fit-v0-single-mean-k20,3,0.9997285946192416,0.000267519781995,1.0301000000000002,0.0001
10371,3441,dhmix_1311251505653939236,1131,EnthalpyOfMixing,<Substance CC(=O)CC(C)=O{solv}{x=0.598500}|O{solv}{x=0.401500}>,CC(=O)CC(C)=O,O,fb-fit-v0-single-mean-k20,3,0.358577554563908,0.0388519364591775,0.4905,0.00555
10372,3442,dhmix_1367092272310773702,1132,EnthalpyOfMixing,<Substance CC(=O)CC(C)=O{solv}{x=0.749200}|O{solv}{x=0.250800}>,CC(=O)CC(C)=O,O,fb-fit-v0-single-mean-k20,3,0.4470399923783645,0.0377951970797985,0.6211,0.00695
10373,3443,dhmix_2033109088651196860,1133,EnthalpyOfMixing,<Substance CC(=O)CC(C)=O{solv}{x=0.200400}|O{solv}{x=0.799600}>,CC(=O)CC(C)=O,O,fb-fit-v0-single-mean-k20,3,0.0476706354071438,0.0239585886777435,0.1562,0.0021
10374,3444,dens_1319073694995976411,1134,Density,<Substance CC(C)CO{solv}{x=0.762200}|OC1=NCCC1{solv}{x=0.237800}>,CC(C)CO,OC1=NCCC1,fb-fit-v0-single-mean-k20,3,0.8656499988032822,0.0002701658903227,0.8623100000000001,0.000205
10375,3445,dhmix_1817161401911066523,1135,EnthalpyOfMixing,<Substance CC(C)CO{solv}{x=0.754900}|OC1=NCCC1{solv}{x=0.245100}>,CC(C)CO,OC1=NCCC1,fb-fit-v0-single-mean-k20,3,1.27789543710646,0.0568197962785821,0.2989,0.0033
10376,3446,dens_1852757585830259815,1136,Density,<Substance CC(C)CO{solv}{x=0.287400}|OC1=NCCC1{solv}{x=0.712600}>,CC(C)CO,OC1=NCCC1,fb-fit-v0-single-mean-k20,3,0.9835792966283876,0.0002327702069855,1.0078300000000002,0.000155
10377,3447,dhmix_2057245570503088562,1137,EnthalpyOfMixing,<Substance CC(C)CO{solv}{x=0.259800}|OC1=NCCC1{solv}{x=0.740200}>,CC(C)CO,OC1=NCCC1,fb-fit-v0-single-mean-k20,3,0.9770864940466168,0.0427823924686496,0.1798,0.00205
10378,3448,dens_2175875616459255266,1138,Density,<Substance CC(C)CO{solv}{x=0.489400}|OC1=NCCC1{solv}{x=0.510600}>,CC(C)CO,OC1=NCCC1,fb-fit-v0-single-mean-k20,3,0.9321971878912656,0.00027166663399,0.9431100000000002,0.00017
10379,3449,dhmix_2273039716774959551,1139,EnthalpyOfMixing,<Substance CC(C)CO{solv}{x=0.497800}|OC1=NCCC1{solv}{x=0.502200}>,CC(C)CO,OC1=NCCC1,fb-fit-v0-single-mean-k20,3,1.5470726971318314,0.0391874873270163,0.2775,0.0031
10380,3450,dens_1400897934227212514,1140,Density,<Substance CC(C)CC(C)(C)C{solv}{x=0.541100}|COC(C)=O{solv}{x=0.458900}>,CC(C)CC(C)(C)C,COC(C)=O,fb-fit-v0-single-mean-k20,3,0.7694199289206247,0.0002468011092451,0.7495700000000002,0.000505
10381,3451,dhmix_1534218615961922445,1141,EnthalpyOfMixing,<Substance CC(C)CC(C)(C)C{solv}{x=0.256000}|COC(C)=O{solv}{x=0.744000}>,CC(C)CC(C)(C)C,COC(C)=O,fb-fit-v0-single-mean-k20,3,1.614856327709136,0.0388633544131565,1.385,0.015
10382,3452,dhmix_1663557420681143866,1142,EnthalpyOfMixing,<Substance CC(C)CC(C)(C)C{solv}{x=0.540600}|COC(C)=O{solv}{x=0.459400}>,CC(C)CC(C)(C)C,COC(C)=O,fb-fit-v0-single-mean-k20,3,2.0569617419628585,0.0446226764171017,1.759,0.019
10383,3453,dens_1833608859418637606,1143,Density,<Substance CC(C)CC(C)(C)C{solv}{x=0.736400}|COC(C)=O{solv}{x=0.263600}>,CC(C)CC(C)(C)C,COC(C)=O,fb-fit-v0-single-mean-k20,3,0.7400790944052439,0.0002206553856665,0.7171000000000002,0.00015
10384,3454,dhmix_1913788848230724771,1144,EnthalpyOfMixing,<Substance CC(C)CC(C)(C)C{solv}{x=0.783300}|COC(C)=O{solv}{x=0.216700}>,CC(C)CC(C)(C)C,COC(C)=O,fb-fit-v0-single-mean-k20,3,1.5532088412161045,0.0474899765983959,1.149,0.0125
10385,3455,dens_2018568384717712900,1145,Density,<Substance CC(C)CC(C)(C)C{solv}{x=0.238900}|COC(C)=O{solv}{x=0.761100}>,CC(C)CC(C)(C)C,COC(C)=O,fb-fit-v0-single-mean-k20,3,0.8377696317839785,0.0002781885821504,0.8248000000000002,0.0001
10386,3456,dens_1465225466328543955,1146,Density,<Substance Cc1cccnc1{solv}{x=0.225000}|O{solv}{x=0.775000}>,Cc1cccnc1,O,fb-fit-v0-single-mean-k20,3,0.9622076448782636,0.0004026698173288,0.9921000000000002,0.0003
10387,3457,dens_1644445312716340330,1147,Density,<Substance Cc1cccnc1{solv}{x=0.500000}|O{solv}{x=0.500000}>,Cc1cccnc1,O,fb-fit-v0-single-mean-k20,3,0.9544030682672288,0.0002342636530014,0.9797000000000002,0.0003
10388,3458,dens_2262998332454406432,1148,Density,<Substance Cc1cccnc1{solv}{x=0.700000}|O{solv}{x=0.300000}>,Cc1cccnc1,O,fb-fit-v0-single-mean-k20,3,0.9520577152617358,0.0002487666664389,0.9690000000000002,0.0003
10389,3459,dens_1601780542508306264,1149,Density,<Substance CC(=O)N(C)C{solv}{x=0.771800}|CCOC(C)=O{solv}{x=0.228200}>,CC(=O)N(C)C,CCOC(C)=O,fb-fit-v0-single-mean-k20,3,0.9012812051606722,0.0002189500323528,0.9286200000000002,0.000185
10390,3460,dens_2126546638582188774,1150,Density,<Substance CC(=O)N(C)C{solv}{x=0.464600}|CCOC(C)=O{solv}{x=0.535400}>,CC(=O)N(C)C,CCOC(C)=O,fb-fit-v0-single-mean-k20,3,0.902772142066304,0.000235463556935,0.9166300000000002,0.00022
10391,3461,dens_2159432384130350508,1151,Density,<Substance CC(=O)N(C)C{solv}{x=0.233100}|CCOC(C)=O{solv}{x=0.766900}>,CC(=O)N(C)C,CCOC(C)=O,fb-fit-v0-single-mean-k20,3,0.9021332225753624,0.0002592069578924,0.9064300000000002,0.000245
10392,3462,dens_1713891284028890335,1152,Density,<Substance CC(=O)O{solv}{x=0.798900}|CCOC(C)=O{solv}{x=0.201100}>,CC(=O)O,CCOC(C)=O,fb-fit-v0-single-mean-k20,3,1.022630281173375,0.0003136471163915,0.9996600000000002,0.000225
10393,3463,dens_1856345418041920174,1153,Density,<Substance CC(=O)O{solv}{x=0.500700}|CCOC(C)=O{solv}{x=0.499300}>,CC(=O)O,CCOC(C)=O,fb-fit-v0-single-mean-k20,3,0.9663830325348508,0.0002865302161258,0.9514000000000002,0.00018
10394,3464,dens_2035334988982485653,1154,Density,<Substance CC(=O)O{solv}{x=0.294400}|CCOC(C)=O{solv}{x=0.705600}>,CC(=O)O,CCOC(C)=O,fb-fit-v0-single-mean-k20,3,0.9367068655670974,0.0002470024591608,0.9255000000000002,0.00016
10395,0,dhmix_592425981731704,0,EnthalpyOfMixing,<Substance C1CCCCC1{solv}{x=0.100300}|Cc1ccccc1{solv}{x=0.899700}>,C1CCCCC1,Cc1ccccc1,fb-fit-v1-single-mean-k100,1,0.255436944188375,0.0438746623235286,0.2015,0.0015
10396,1,dens_191923210986624643,1,Density,<Substance C1CCCCC1{solv}{x=0.697700}|Cc1ccccc1{solv}{x=0.302300}>,C1CCCCC1,Cc1ccccc1,fb-fit-v1-single-mean-k100,1,0.7813089427282022,0.0002166183802216,0.7818000000000002,0.00041
10397,2,dens_699555827256664507,2,Density,<Substance C1CCCCC1{solv}{x=0.100000}|Cc1ccccc1{solv}{x=0.900000}>,C1CCCCC1,Cc1ccccc1,fb-fit-v1-single-mean-k100,1,0.8457330315976829,0.0002136703328838,0.8378000000000001,0.00025
10398,3,dhmix_997331474504366167,3,EnthalpyOfMixing,<Substance C1CCCCC1{solv}{x=0.697900}|Cc1ccccc1{solv}{x=0.302100}>,C1CCCCC1,Cc1ccccc1,fb-fit-v1-single-mean-k100,1,0.6446878319513303,0.0443668567077964,0.5221,0.0034
10399,4,dhmix_1586684551148150215,4,EnthalpyOfMixing,<Substance C1CCCCC1{solv}{x=0.397600}|Cc1ccccc1{solv}{x=0.602400}>,C1CCCCC1,Cc1ccccc1,fb-fit-v1-single-mean-k100,1,0.8277799428717998,0.0392005775865869,0.5887,0.0038
10400,5,dens_1809100412119556796,5,Density,<Substance C1CCCCC1{solv}{x=0.397500}|Cc1ccccc1{solv}{x=0.602500}>,C1CCCCC1,Cc1ccccc1,fb-fit-v1-single-mean-k100,1,0.8261557732467268,0.0002290726898921,0.8228000000000002,0.0002
10401,6,dhmix_1261378482688431,6,EnthalpyOfMixing,<Substance CCC(C)=O{solv}{x=0.510600}|Nc1ccccc1{solv}{x=0.489400}>,CCC(C)=O,Nc1ccccc1,fb-fit-v1-single-mean-k100,1,-0.3738043457951718,0.0373593386078757,-1.173,0.0125
10402,7,dhmix_157258283975731553,7,EnthalpyOfMixing,<Substance CCC(C)=O{solv}{x=0.901800}|Nc1ccccc1{solv}{x=0.098200}>,CCC(C)=O,Nc1ccccc1,fb-fit-v1-single-mean-k100,1,-0.2986782662833374,0.0392379531172256,-0.469,0.005
10403,8,dens_610648476268376520,8,Density,<Substance CCC(C)=O{solv}{x=0.502600}|Nc1ccccc1{solv}{x=0.497400}>,CCC(C)=O,Nc1ccccc1,fb-fit-v1-single-mean-k100,1,0.9327926610227614,0.0002018787606733,0.9213850000000002,5.650000000000002e-05
10404,9,dens_1388487494953421117,9,Density,<Substance CCC(C)=O{solv}{x=0.901900}|Nc1ccccc1{solv}{x=0.098100}>,CCC(C)=O,Nc1ccccc1,fb-fit-v1-single-mean-k100,1,0.8236653662703444,0.0002283337660872,0.8265540000000001,7.200000000000002e-05
10405,10,dhmix_1389656513678923263,10,EnthalpyOfMixing,<Substance CCC(C)=O{solv}{x=0.209900}|Nc1ccccc1{solv}{x=0.790100}>,CCC(C)=O,Nc1ccccc1,fb-fit-v1-single-mean-k100,1,-0.0436042820045941,0.0385261402763728,-0.648,0.007
10406,11,dens_2115628806769415578,11,Density,<Substance CCC(C)=O{solv}{x=0.256300}|Nc1ccccc1{solv}{x=0.743700}>,CCC(C)=O,Nc1ccccc1,fb-fit-v1-single-mean-k100,1,0.9977472512721944,0.0002398090923979,0.9712300000000004,4.900000000000001e-05
10407,12,dens_1379242187515209,12,Density,<Substance CC#N{solv}{x=0.795200}|CCCCOCCCC{solv}{x=0.204800}>,CC#N,CCCCOCCCC,fb-fit-v1-single-mean-k100,1,0.7690474412482423,0.0002502662575173,0.7708800000000002,0.000245
10408,13,dhmix_575991096898484441,13,EnthalpyOfMixing,<Substance CC#N{solv}{x=0.488600}|CCCCOCCCC{solv}{x=0.511400}>,CC#N,CCCCOCCCC,fb-fit-v1-single-mean-k100,1,0.5541052033507086,0.042199062986094,1.26543,0.00796
10409,14,dhmix_1182924089945476872,14,EnthalpyOfMixing,<Substance CC#N{solv}{x=0.241600}|CCCCOCCCC{solv}{x=0.758400}>,CC#N,CCCCOCCCC,fb-fit-v1-single-mean-k100,1,0.4210664471791716,0.0551434854008512,0.94593,0.00601
10410,15,dhmix_1244492966201685063,15,EnthalpyOfMixing,<Substance CC#N{solv}{x=0.795200}|CCCCOCCCC{solv}{x=0.204800}>,CC#N,CCCCOCCCC,fb-fit-v1-single-mean-k100,1,0.4358529102530533,0.0350609426601742,0.94289,0.005995
10411,16,dens_2044032309137951705,16,Density,<Substance CC#N{solv}{x=0.245500}|CCCCOCCCC{solv}{x=0.754500}>,CC#N,CCCCOCCCC,fb-fit-v1-single-mean-k100,1,0.7654961338632897,0.0001972988968333,0.7653000000000001,0.00028
10412,17,dens_2211436825174998797,17,Density,<Substance CC#N{solv}{x=0.509800}|CCCCOCCCC{solv}{x=0.490200}>,CC#N,CCCCOCCCC,fb-fit-v1-single-mean-k100,1,0.7666993305919937,0.0002241227651376,0.7671500000000001,0.00026
10413,18,dens_1820034175228694,18,Density,<Substance C1CCCCC1{solv}{x=0.540900}|CN1CCCC1=O{solv}{x=0.459100}>,C1CCCCC1,CN1CCCC1=O,fb-fit-v1-single-mean-k100,1,0.8676848127073852,0.0002290807443734,0.8757100000000002,0.000335
10414,19,dhmix_1335365307191460458,19,EnthalpyOfMixing,<Substance C1CCCCC1{solv}{x=0.751800}|CN1CCCC1=O{solv}{x=0.248200}>,C1CCCCC1,CN1CCCC1=O,fb-fit-v1-single-mean-k100,1,1.4065445457952137,0.0407385841577837,1.1998,0.01285
10415,20,dens_1375048033230012198,20,Density,<Substance C1CCCCC1{solv}{x=0.733200}|CN1CCCC1=O{solv}{x=0.266800}>,C1CCCCC1,CN1CCCC1=O,fb-fit-v1-single-mean-k100,1,0.8217330070907239,0.0002740191158395,0.8287300000000002,0.0004
10416,21,dhmix_1563298635135474599,21,EnthalpyOfMixing,<Substance C1CCCCC1{solv}{x=0.278900}|CN1CCCC1=O{solv}{x=0.721100}>,C1CCCCC1,CN1CCCC1=O,fb-fit-v1-single-mean-k100,1,1.4279492108166778,0.0433458740563205,1.2061,0.0129
10417,22,dens_1606235786379262481,22,Density,<Substance C1CCCCC1{solv}{x=0.227500}|CN1CCCC1=O{solv}{x=0.772500}>,C1CCCCC1,CN1CCCC1=O,fb-fit-v1-single-mean-k100,1,0.9463860300747048,0.0001851274574712,0.9583800000000002,0.000245
10418,23,dhmix_1683219349338278021,23,EnthalpyOfMixing,<Substance C1CCCCC1{solv}{x=0.473400}|CN1CCCC1=O{solv}{x=0.526600}>,C1CCCCC1,CN1CCCC1=O,fb-fit-v1-single-mean-k100,1,1.8016147434034904,0.0355442654141363,1.4691,0.0157
10419,24,dens_4438302718372985,24,Density,<Substance BrCCCCBr{solv}{x=0.717000}|COC=O{solv}{x=0.283000}>,BrCCCCBr,COC=O,fb-fit-v1-single-mean-k100,1,1.6562526614443966,0.000423769442694,1.6702600000000003,0.00259
10420,25,dhmix_369816950910078034,25,EnthalpyOfMixing,<Substance BrCCCCBr{solv}{x=0.778200}|COC=O{solv}{x=0.221800}>,BrCCCCBr,COC=O,fb-fit-v1-single-mean-k100,1,0.6987349734626491,0.0418681020904005,0.6355,0.0057
10421,26,dens_460757700461114532,26,Density,<Substance BrCCCCBr{solv}{x=0.495800}|COC=O{solv}{x=0.504200}>,BrCCCCBr,COC=O,fb-fit-v1-single-mean-k100,1,1.518038557333185,0.0004392442516352,1.5176800000000004,0.001885
10422,27,dhmix_1496821399278454353,27,EnthalpyOfMixing,<Substance BrCCCCBr{solv}{x=0.265400}|COC=O{solv}{x=0.734600}>,BrCCCCBr,COC=O,fb-fit-v1-single-mean-k100,1,0.9271938927604512,0.0265973200925692,0.8185,0.00715
10423,28,dens_1750413656870357630,28,Density,<Substance BrCCCCBr{solv}{x=0.225800}|COC=O{solv}{x=0.774200}>,BrCCCCBr,COC=O,fb-fit-v1-single-mean-k100,1,1.2883538136270711,0.0004151268399159,1.2671300000000003,0.00104
10424,29,dhmix_1802862930607761431,29,EnthalpyOfMixing,<Substance BrCCCCBr{solv}{x=0.482000}|COC=O{solv}{x=0.518000}>,BrCCCCBr,COC=O,fb-fit-v1-single-mean-k100,1,1.103267497976265,0.0368371920074788,1.0243,0.0087
10425,30,dhmix_8447570649359775,30,EnthalpyOfMixing,<Substance OCCO{solv}{x=0.481700}|OCc1ccccc1{solv}{x=0.518300}>,OCCO,OCc1ccccc1,fb-fit-v1-single-mean-k100,1,0.2060384559751753,0.0581722707941222,0.201,0.00465
10426,31,dens_824372741354282107,31,Density,<Substance OCCO{solv}{x=0.505700}|OCc1ccccc1{solv}{x=0.494300}>,OCCO,OCc1ccccc1,fb-fit-v1-single-mean-k100,1,1.0676052757544283,0.0004158306189441,1.0579000000000005,0.00027
10427,32,dens_1105173553343721111,32,Density,<Substance OCCO{solv}{x=0.737100}|OCc1ccccc1{solv}{x=0.262900}>,OCCO,OCc1ccccc1,fb-fit-v1-single-mean-k100,1,1.0876152415021378,0.0002905606242225,1.0753200000000005,0.000275
10428,33,dhmix_1362282802315816638,33,EnthalpyOfMixing,<Substance OCCO{solv}{x=0.736100}|OCc1ccccc1{solv}{x=0.263900}>,OCCO,OCc1ccccc1,fb-fit-v1-single-mean-k100,1,0.0996260234226369,0.0489719469644072,0.1383,0.0037
10429,34,dhmix_1666683879028583081,34,EnthalpyOfMixing,<Substance OCCO{solv}{x=0.236500}|OCc1ccccc1{solv}{x=0.763500}>,OCCO,OCc1ccccc1,fb-fit-v1-single-mean-k100,1,0.0341325135506735,0.0471701546155787,0.209,0.0048
10430,35,dens_1698159396404241323,35,Density,<Substance OCCO{solv}{x=0.262200}|OCc1ccccc1{solv}{x=0.737800}>,OCCO,OCc1ccccc1,fb-fit-v1-single-mean-k100,1,1.0534130622218103,0.0002501388932159,1.0442900000000002,0.000265
10431,36,dens_8507121971977381,36,Density,<Substance CCOC(C)(C)C{solv}{x=0.505000}|Cc1ccccc1{solv}{x=0.495000}>,CCOC(C)(C)C,Cc1ccccc1,fb-fit-v1-single-mean-k100,1,0.8070025523579251,0.000217563881981,0.7937390000000002,0.000467
10432,37,dens_499290591626962121,37,Density,<Substance CCOC(C)(C)C{solv}{x=0.217000}|Cc1ccccc1{solv}{x=0.783000}>,CCOC(C)(C)C,Cc1ccccc1,fb-fit-v1-single-mean-k100,1,0.8431869897302634,0.000214644128113,0.8314450000000002,0.000411
10433,38,dhmix_820491025608256793,38,EnthalpyOfMixing,<Substance CCOC(C)(C)C{solv}{x=0.501900}|Cc1ccccc1{solv}{x=0.498100}>,CCOC(C)(C)C,Cc1ccccc1,fb-fit-v1-single-mean-k100,1,-0.1449925675022427,0.0450201790991144,-0.046,0.00055
10434,39,dhmix_1374163681483564129,39,EnthalpyOfMixing,<Substance CCOC(C)(C)C{solv}{x=0.248900}|Cc1ccccc1{solv}{x=0.751100}>,CCOC(C)(C)C,Cc1ccccc1,fb-fit-v1-single-mean-k100,1,-0.1992692616124571,0.0438958478506528,-0.0324,0.0005
10435,40,dens_1904998692863983733,40,Density,<Substance CCOC(C)(C)C{solv}{x=0.701000}|Cc1ccccc1{solv}{x=0.299000}>,CCOC(C)(C)C,Cc1ccccc1,fb-fit-v1-single-mean-k100,1,0.7829078264553767,0.0002378791979538,0.7696300000000001,0.000503
10436,41,dhmix_1982853461678580310,41,EnthalpyOfMixing,<Substance CCOC(C)(C)C{solv}{x=0.749500}|Cc1ccccc1{solv}{x=0.250500}>,CCOC(C)(C)C,Cc1ccccc1,fb-fit-v1-single-mean-k100,1,-0.1798018969548778,0.0425873066154084,-0.0348,0.0005
10437,42,dhmix_13624411991961099,42,EnthalpyOfMixing,<Substance C1CCOCC1{solv}{x=0.237900}|Cc1ccccc1N{solv}{x=0.762100}>,C1CCOCC1,Cc1ccccc1N,fb-fit-v1-single-mean-k100,1,-0.370147745045255,0.0457202437679455,-0.3658,0.004
10438,43,dhmix_510299013171775812,43,EnthalpyOfMixing,<Substance C1CCOCC1{solv}{x=0.741000}|Cc1ccccc1N{solv}{x=0.259000}>,C1CCOCC1,Cc1ccccc1N,fb-fit-v1-single-mean-k100,1,-0.2968543500853116,0.045946902609284,-0.4892,0.0053
10439,44,dhmix_1337006691942958969,44,EnthalpyOfMixing,<Substance C1CCOCC1{solv}{x=0.490100}|Cc1ccccc1N{solv}{x=0.509900}>,C1CCOCC1,Cc1ccccc1N,fb-fit-v1-single-mean-k100,1,-0.3945256467432827,0.0422410174653276,-0.5715,0.0062
10440,45,dens_1448062547628404156,45,Density,<Substance C1CCOCC1{solv}{x=0.727900}|Cc1ccccc1N{solv}{x=0.272100}>,C1CCOCC1,Cc1ccccc1N,fb-fit-v1-single-mean-k100,1,0.9210236342969668,0.0002019152913259,0.91866,0.000285
10441,46,dens_2171966897328079405,46,Density,<Substance C1CCOCC1{solv}{x=0.498600}|Cc1ccccc1N{solv}{x=0.501400}>,C1CCOCC1,Cc1ccccc1N,fb-fit-v1-single-mean-k100,1,0.9545774859425564,0.0001933411251279,0.9459860000000002,0.0002275
10442,47,dens_2201621104799327758,47,Density,<Substance C1CCOCC1{solv}{x=0.229700}|Cc1ccccc1N{solv}{x=0.770300}>,C1CCOCC1,Cc1ccccc1N,fb-fit-v1-single-mean-k100,1,0.9912266544882848,0.0002493153249998,0.9734540000000002,0.000164
10443,48,dens_15008167137789802,48,Density,<Substance CCCCCl{solv}{x=0.299200}|CN(C)C=O{solv}{x=0.700800}>,CCCCCl,CN(C)C=O,fb-fit-v1-single-mean-k100,1,0.9069338663349408,0.0002828168514555,0.9218000000000002,0.0002
10444,49,dens_550868133232739009,49,Density,<Substance CCCCCl{solv}{x=0.701200}|CN(C)C=O{solv}{x=0.298800}>,CCCCCl,CN(C)C=O,fb-fit-v1-single-mean-k100,1,0.88298866096377,0.0002952071811948,0.8963000000000002,0.0002
10445,50,dhmix_1315230298567753558,50,EnthalpyOfMixing,<Substance CCCCCl{solv}{x=0.793000}|CN(C)C=O{solv}{x=0.207000}>,CCCCCl,CN(C)C=O,fb-fit-v1-single-mean-k100,1,0.7515950655584547,0.04230243200536,0.404,0.003
10446,51,dhmix_1929975181819720491,51,EnthalpyOfMixing,<Substance CCCCCl{solv}{x=0.493000}|CN(C)C=O{solv}{x=0.507000}>,CCCCCl,CN(C)C=O,fb-fit-v1-single-mean-k100,1,1.048272787533563,0.0395020258381378,0.571,0.003
10447,52,dhmix_1976787548784045784,52,EnthalpyOfMixing,<Substance CCCCCl{solv}{x=0.295000}|CN(C)C=O{solv}{x=0.705000}>,CCCCCl,CN(C)C=O,fb-fit-v1-single-mean-k100,1,0.8407159461854761,0.0400434194553603,0.467,0.003
10448,53,dens_2008819185276371643,53,Density,<Substance CCCCCl{solv}{x=0.499000}|CN(C)C=O{solv}{x=0.501000}>,CCCCCl,CN(C)C=O,fb-fit-v1-single-mean-k100,1,0.89558841569534,0.0002847521790648,0.9086000000000002,0.0002
10449,54,dens_16755306936326197,54,Density,<Substance Cc1ccccc1N{solv}{x=0.255700}|Cc1ccccn1{solv}{x=0.744300}>,Cc1ccccc1N,Cc1ccccn1,fb-fit-v1-single-mean-k100,1,0.9686335284097776,0.0001852660248507,0.9597930000000002,0.000307
10450,55,dens_238666738854407136,55,Density,<Substance Cc1ccccc1N{solv}{x=0.514600}|Cc1ccccn1{solv}{x=0.485400}>,Cc1ccccc1N,Cc1ccccn1,fb-fit-v1-single-mean-k100,1,0.9875771128442687,0.0002008144984126,0.9748990000000002,0.0002315
10451,56,dhmix_1909144841681931250,56,EnthalpyOfMixing,<Substance Cc1ccccc1N{solv}{x=0.488200}|Cc1ccccn1{solv}{x=0.511800}>,Cc1ccccc1N,Cc1ccccn1,fb-fit-v1-single-mean-k100,1,-1.4639125619981783,0.0408110438893748,-1.4976,0.0305
10452,57,dens_1945534954282706534,57,Density,<Substance Cc1ccccc1N{solv}{x=0.757100}|Cc1ccccn1{solv}{x=0.242900}>,Cc1ccccc1N,Cc1ccccn1,fb-fit-v1-single-mean-k100,1,1.0050242783538723,0.0002747084395372,0.9854410000000002,0.000169
10453,58,dhmix_2038606904928978856,58,EnthalpyOfMixing,<Substance Cc1ccccc1N{solv}{x=0.782100}|Cc1ccccn1{solv}{x=0.217900}>,Cc1ccccc1N,Cc1ccccn1,fb-fit-v1-single-mean-k100,1,-0.8990876425629786,0.0406450708941678,-0.8656,0.01775
10454,59,dhmix_2125558080831870503,59,EnthalpyOfMixing,<Substance Cc1ccccc1N{solv}{x=0.273600}|Cc1ccccn1{solv}{x=0.726400}>,Cc1ccccc1N,Cc1ccccn1,fb-fit-v1-single-mean-k100,1,-1.3202084018558438,0.0372963006655308,-1.2462,0.0254
10455,60,dens_19028061622240549,60,Density,<Substance CN(C)CCO{solv}{x=0.296200}|CO{solv}{x=0.703800}>,CN(C)CCO,CO,fb-fit-v1-single-mean-k100,1,0.851091059493572,0.0003336938661449,0.8506500000000001,0.00014
10456,61,dens_186649390549115907,61,Density,<Substance CN(C)CCO{solv}{x=0.502000}|CO{solv}{x=0.498000}>,CN(C)CCO,CO,fb-fit-v1-single-mean-k100,1,0.8793268150050626,0.0002557368885051,0.8684000000000002,0.000155
10457,62,dhmix_1453612193040378117,62,EnthalpyOfMixing,<Substance CN(C)CCO{solv}{x=0.497200}|CO{solv}{x=0.502800}>,CN(C)CCO,CO,fb-fit-v1-single-mean-k100,1,-1.195887102693078,0.0393147725137961,-0.8673,0.00935
10458,63,dens_1978392691277508278,63,Density,<Substance CN(C)CCO{solv}{x=0.707500}|CO{solv}{x=0.292500}>,CN(C)CCO,CO,fb-fit-v1-single-mean-k100,1,0.8971784575251142,0.0002289846399988,0.8766100000000002,0.00017
10459,64,dhmix_2113387918969192804,64,EnthalpyOfMixing,<Substance CN(C)CCO{solv}{x=0.247900}|CO{solv}{x=0.752100}>,CN(C)CCO,CO,fb-fit-v1-single-mean-k100,1,-0.9487587977098642,0.0281796875804019,-0.8057,0.0087
10460,65,dhmix_2220842061395014218,65,EnthalpyOfMixing,<Substance CN(C)CCO{solv}{x=0.750600}|CO{solv}{x=0.249400}>,CN(C)CCO,CO,fb-fit-v1-single-mean-k100,1,-0.946722002661616,0.0461614856289576,-0.5322,0.00585
10461,66,dhmix_21994921667950318,66,EnthalpyOfMixing,<Substance C=CCCCC{solv}{x=0.500100}|CCCO{solv}{x=0.499900}>,C=CCCCC,CCCO,fb-fit-v1-single-mean-k100,1,0.5070210379331144,0.0370559899625349,0.595,0.0055
10462,67,dens_62854823056490751,67,Density,<Substance C=CCCCC{solv}{x=0.150300}|CCCO{solv}{x=0.849700}>,C=CCCCC,CCCO,fb-fit-v1-single-mean-k100,1,0.7688315458647682,0.0002431204044658,0.7704980000000002,0.0001845
10463,68,dens_294296714501123310,68,Density,<Substance C=CCCCC{solv}{x=0.499100}|CCCO{solv}{x=0.500900}>,C=CCCCC,CCCO,fb-fit-v1-single-mean-k100,1,0.7134221003786431,0.000244350039874,0.7176450000000002,0.0002145
10464,69,dhmix_829065315899278784,69,EnthalpyOfMixing,<Substance C=CCCCC{solv}{x=0.750000}|CCCO{solv}{x=0.250000}>,C=CCCCC,CCCO,fb-fit-v1-single-mean-k100,1,0.6035826217053852,0.0436329365897814,0.682,0.006
10465,70,dens_2024397702416079279,70,Density,<Substance C=CCCCC{solv}{x=0.745600}|CCCO{solv}{x=0.254400}>,C=CCCCC,CCCO,fb-fit-v1-single-mean-k100,1,0.685327502604001,0.0002641720695361,0.6899770000000002,0.0002305
10466,71,dhmix_2167083041249157622,71,EnthalpyOfMixing,<Substance C=CCCCC{solv}{x=0.150100}|CCCO{solv}{x=0.849900}>,C=CCCCC,CCCO,fb-fit-v1-single-mean-k100,1,0.160273363012827,0.0425482358256855,0.192,0.005
10467,72,dhmix_22428169890990447,72,EnthalpyOfMixing,<Substance CC1(C)C(=O)[C@]2(C)CC[C@H]1C2{solv}{x=0.286000}|CCO{solv}{x=0.714000}>,CC1(C)C(=O)[C@]2(C)CC[C@H]1C2,CCO,fb-fit-v1-single-mean-k100,1,0.9600004732210294,0.0389892929476911,0.876,0.0265
10468,73,dhmix_57626661746168078,73,EnthalpyOfMixing,<Substance CC1(C)C(=O)[C@]2(C)CC[C@H]1C2{solv}{x=0.701000}|CCO{solv}{x=0.299000}>,CC1(C)C(=O)[C@]2(C)CC[C@H]1C2,CCO,fb-fit-v1-single-mean-k100,1,1.083863489443985,0.0468487196025066,1.0,0.0305
10469,74,dhmix_287041928444283276,74,EnthalpyOfMixing,<Substance CC1(C)C(=O)[C@]2(C)CC[C@H]1C2{solv}{x=0.488000}|CCO{solv}{x=0.512000}>,CC1(C)C(=O)[C@]2(C)CC[C@H]1C2,CCO,fb-fit-v1-single-mean-k100,1,1.3404898980705582,0.0455749929889507,1.109,0.0335
10470,75,dens_618487453946854895,75,Density,<Substance CC1(C)C(=O)[C@]2(C)CC[C@H]1C2{solv}{x=0.501200}|CCO{solv}{x=0.498800}>,CC1(C)C(=O)[C@]2(C)CC[C@H]1C2,CCO,fb-fit-v1-single-mean-k100,1,0.920839117212598,0.0002406589802338,0.9005900000000002,5.5000000000000016e-05
10471,76,dens_1408969463542558504,76,Density,<Substance CC1(C)C(=O)[C@]2(C)CC[C@H]1C2{solv}{x=0.789700}|CCO{solv}{x=0.210300}>,CC1(C)C(=O)[C@]2(C)CC[C@H]1C2,CCO,fb-fit-v1-single-mean-k100,1,0.95216032643928,0.0001815821201458,0.9274800000000002,6.0000000000000015e-05
10472,77,dens_2053919413592536040,77,Density,<Substance CC1(C)C(=O)[C@]2(C)CC[C@H]1C2{solv}{x=0.200200}|CCO{solv}{x=0.799800}>,CC1(C)C(=O)[C@]2(C)CC[C@H]1C2,CCO,fb-fit-v1-single-mean-k100,1,0.8640129771149923,0.0001860375317688,0.8499000000000002,6.500000000000002e-05
10473,78,dhmix_24700325920498635,78,EnthalpyOfMixing,<Substance CCC(C)(C)O{solv}{x=0.799400}|CCOC(C)(C)CC{solv}{x=0.200600}>,CCC(C)(C)O,CCOC(C)(C)CC,fb-fit-v1-single-mean-k100,1,0.3818230207967474,0.0548482370076725,0.448,0.0073
10474,79,dhmix_252628078473967793,79,EnthalpyOfMixing,<Substance CCC(C)(C)O{solv}{x=0.299700}|CCOC(C)(C)CC{solv}{x=0.700300}>,CCC(C)(C)O,CCOC(C)(C)CC,fb-fit-v1-single-mean-k100,1,0.9745235456920334,0.0515150466400011,0.9727,0.0132
10475,80,dens_281609537293621351,80,Density,<Substance CCC(C)(C)O{solv}{x=0.799400}|CCOC(C)(C)CC{solv}{x=0.200600}>,CCC(C)(C)O,CCOC(C)(C)CC,fb-fit-v1-single-mean-k100,1,0.8052415095821299,0.0002353121783824,0.7932000000000002,0.00025
10476,81,dhmix_980734994193955874,81,EnthalpyOfMixing,<Substance CCC(C)(C)O{solv}{x=0.498700}|CCOC(C)(C)CC{solv}{x=0.501300}>,CCC(C)(C)O,CCOC(C)(C)CC,fb-fit-v1-single-mean-k100,1,0.8542345298886218,0.0438006993638415,0.8937,0.01225
10477,82,dens_1165049856972872340,82,Density,<Substance CCC(C)(C)O{solv}{x=0.498700}|CCOC(C)(C)CC{solv}{x=0.501300}>,CCC(C)(C)O,CCOC(C)(C)CC,fb-fit-v1-single-mean-k100,1,0.7868283335761767,0.0002171148751479,0.7789000000000001,0.0002
10478,83,dens_2297026976830009992,83,Density,<Substance CCC(C)(C)O{solv}{x=0.299700}|CCOC(C)(C)CC{solv}{x=0.700300}>,CCC(C)(C)O,CCOC(C)(C)CC,fb-fit-v1-single-mean-k100,1,0.7759503881388492,0.0002267305037034,0.7709000000000001,0.0002
10479,84,dens_25810987980199799,84,Density,<Substance CCCCCC{solv}{x=0.158800}|Cc1ccccc1{solv}{x=0.841200}>,CCCCCC,Cc1ccccc1,fb-fit-v1-single-mean-k100,1,0.8313141006474295,0.000212097821512,0.8226300000000002,0.000335
10480,85,dens_574637447996217594,85,Density,<Substance CCCCCC{solv}{x=0.501100}|Cc1ccccc1{solv}{x=0.498900}>,CCCCCC,Cc1ccccc1,fb-fit-v1-single-mean-k100,1,0.7511969157019154,0.0002159389125569,0.7484400000000002,0.00015
10481,86,dhmix_1373657903424456878,86,EnthalpyOfMixing,<Substance CCCCCC{solv}{x=0.158600}|Cc1ccccc1{solv}{x=0.841400}>,CCCCCC,Cc1ccccc1,fb-fit-v1-single-mean-k100,1,0.4063456699874734,0.0474582836681671,0.3163,0.0043
10482,87,dhmix_1383995974797334848,87,EnthalpyOfMixing,<Substance CCCCCC{solv}{x=0.472300}|Cc1ccccc1{solv}{x=0.527700}>,CCCCCC,Cc1ccccc1,fb-fit-v1-single-mean-k100,1,0.7852528792370777,0.0356566933419054,0.5467,0.00715
10483,88,dhmix_1412344026798360911,88,EnthalpyOfMixing,<Substance CCCCCC{solv}{x=0.748400}|Cc1ccccc1{solv}{x=0.251600}>,CCCCCC,Cc1ccccc1,fb-fit-v1-single-mean-k100,1,0.6120261541720566,0.0468594816448985,0.393,0.00525
10484,89,dens_2241575426887298365,89,Density,<Substance CCCCCC{solv}{x=0.733800}|Cc1ccccc1{solv}{x=0.266200}>,CCCCCC,Cc1ccccc1,fb-fit-v1-single-mean-k100,1,0.7019644717620878,0.0001638201633372,0.7020900000000002,0.000305
10485,90,dens_27241401908451167,90,Density,<Substance CN(C)C=O{solv}{x=0.503500}|Cc1ccccc1Cl{solv}{x=0.496500}>,CN(C)C=O,Cc1ccccc1Cl,fb-fit-v1-single-mean-k100,1,1.0243524743914902,0.000263465129834,1.0247000000000004,0.0005
10486,91,dhmix_674882857451857086,91,EnthalpyOfMixing,<Substance CN(C)C=O{solv}{x=0.511800}|Cc1ccccc1Cl{solv}{x=0.488200}>,CN(C)C=O,Cc1ccccc1Cl,fb-fit-v1-single-mean-k100,1,0.2340312468485379,0.0394607298833438,0.545,0.006
10487,92,dens_818042132181297482,92,Density,<Substance CN(C)C=O{solv}{x=0.751200}|Cc1ccccc1Cl{solv}{x=0.248800}>,CN(C)C=O,Cc1ccccc1Cl,fb-fit-v1-single-mean-k100,1,0.9796939925124144,0.0002280645541053,0.9898800000000002,0.0005
10488,93,dens_861365281257265917,93,Density,<Substance CN(C)C=O{solv}{x=0.273700}|Cc1ccccc1Cl{solv}{x=0.726300}>,CN(C)C=O,Cc1ccccc1Cl,fb-fit-v1-single-mean-k100,1,1.049198333684929,0.0002429175515098,1.0415000000000003,0.0005
10489,94,dhmix_1670364528496870559,94,EnthalpyOfMixing,<Substance CN(C)C=O{solv}{x=0.767900}|Cc1ccccc1Cl{solv}{x=0.232100}>,CN(C)C=O,Cc1ccccc1Cl,fb-fit-v1-single-mean-k100,1,0.1402554947745997,0.0412584332589174,0.436,0.005
10490,95,dhmix_1992689527814967541,95,EnthalpyOfMixing,<Substance CN(C)C=O{solv}{x=0.274300}|Cc1ccccc1Cl{solv}{x=0.725700}>,CN(C)C=O,Cc1ccccc1Cl,fb-fit-v1-single-mean-k100,1,0.170684076150863,0.0352913183339235,0.373,0.004
10491,96,dens_29213618499921464,96,Density,<Substance C1CCOCC1{solv}{x=0.254000}|O=C1CCCCCC1{solv}{x=0.746000}>,C1CCOCC1,O=C1CCCCCC1,fb-fit-v1-single-mean-k100,1,0.9270949810827294,0.0001910243010779,0.9355100000000002,0.00051
10492,97,dens_468319504030932569,97,Density,<Substance C1CCOCC1{solv}{x=0.498600}|O=C1CCCCCC1{solv}{x=0.501400}>,C1CCOCC1,O=C1CCCCCC1,fb-fit-v1-single-mean-k100,1,0.9131351935951428,0.0002334034678417,0.9211200000000004,0.00051
10493,98,dens_1174890511154571939,98,Density,<Substance C1CCOCC1{solv}{x=0.768600}|O=C1CCCCCC1{solv}{x=0.231400}>,C1CCOCC1,O=C1CCCCCC1,fb-fit-v1-single-mean-k100,1,0.8946241033575526,0.0001735946776642,0.9012200000000002,0.000505
10494,99,dens_30084818585402677,99,Density,<Substance CC(=O)N(C)C{solv}{x=0.700600}|ClCCCCCCCl{solv}{x=0.299400}>,CC(=O)N(C)C,ClCCCCCCCl,fb-fit-v1-single-mean-k100,1,0.9699085719566564,0.0002270479131828,0.9853000000000002,0.00175
10495,100,dhmix_384619296407103076,100,EnthalpyOfMixing,<Substance CC(=O)N(C)C{solv}{x=0.504000}|ClCCCCCCCl{solv}{x=0.496000}>,CC(=O)N(C)C,ClCCCCCCCl,fb-fit-v1-single-mean-k100,1,0.2665166697502528,0.0436685542712982,0.09,0.002
10496,101,dens_539464371986972328,101,Density,<Substance CC(=O)N(C)C{solv}{x=0.494300}|ClCCCCCCCl{solv}{x=0.505700}>,CC(=O)N(C)C,ClCCCCCCCl,fb-fit-v1-single-mean-k100,1,1.0041736781443933,0.0002465912803989,1.0123000000000002,0.0016
10497,102,dhmix_1114659247517686326,102,EnthalpyOfMixing,<Substance CC(=O)N(C)C{solv}{x=0.798000}|ClCCCCCCCl{solv}{x=0.202000}>,CC(=O)N(C)C,ClCCCCCCCl,fb-fit-v1-single-mean-k100,1,0.1849452994442311,0.0390705906711651,0.067,0.002
10498,103,dhmix_1410583096030633514,103,EnthalpyOfMixing,<Substance CC(=O)N(C)C{solv}{x=0.212000}|ClCCCCCCCl{solv}{x=0.788000}>,CC(=O)N(C)C,ClCCCCCCCl,fb-fit-v1-single-mean-k100,1,0.202324964331467,0.0481895588968192,0.04,0.002
10499,104,dens_2244909992725638206,104,Density,<Substance CC(=O)N(C)C{solv}{x=0.300200}|ClCCCCCCCl{solv}{x=0.699800}>,CC(=O)N(C)C,ClCCCCCCCl,fb-fit-v1-single-mean-k100,1,1.031289062691267,0.0001909210476866,1.0345000000000002,0.0015
10500,105,dhmix_35301006695188726,105,EnthalpyOfMixing,<Substance CCOC(=O)C(C)C{solv}{x=0.289000}|CO{solv}{x=0.711000}>,CCOC(=O)C(C)C,CO,fb-fit-v1-single-mean-k100,1,0.6013831201462807,0.0317799912846358,0.488,0.0035
10501,106,dens_508877804306927207,106,Density,<Substance CCOC(=O)C(C)C{solv}{x=0.499000}|CO{solv}{x=0.501000}>,CCOC(=O)C(C)C,CO,fb-fit-v1-single-mean-k100,1,0.8484477036270937,0.0002685247161767,0.8414100000000002,0.00011
10502,107,dens_1201422771202741625,107,Density,<Substance CCOC(=O)C(C)C{solv}{x=0.199600}|CO{solv}{x=0.800400}>,CCOC(=O)C(C)C,CO,fb-fit-v1-single-mean-k100,1,0.8123252219852064,0.0003335802641171,0.8173600000000002,0.000115
10503,108,dhmix_1951183536432642425,108,EnthalpyOfMixing,<Substance CCOC(=O)C(C)C{solv}{x=0.480000}|CO{solv}{x=0.520000}>,CCOC(=O)C(C)C,CO,fb-fit-v1-single-mean-k100,1,0.7234244309550206,0.0375520346075104,0.671,0.0045
10504,109,dens_1998368384671748308,109,Density,<Substance CCOC(=O)C(C)C{solv}{x=0.703000}|CO{solv}{x=0.297000}>,CCOC(=O)C(C)C,CO,fb-fit-v1-single-mean-k100,1,0.8628414301104165,0.0001840158683779,0.8501200000000002,0.00011
10505,110,dhmix_2200604492347455092,110,EnthalpyOfMixing,<Substance CCOC(=O)C(C)C{solv}{x=0.771000}|CO{solv}{x=0.229000}>,CCOC(=O)C(C)C,CO,fb-fit-v1-single-mean-k100,1,0.651855446514574,0.0498464024463127,0.632,0.0045
10506,111,dhmix_39159150320919359,111,EnthalpyOfMixing,<Substance CCO{solv}{x=0.799700}|Cc1cccc(O)c1{solv}{x=0.200300}>,CCO,Cc1cccc(O)c1,fb-fit-v1-single-mean-k100,1,-0.693724853614281,0.0353094083102135,-0.79199,0.011965
10507,112,dens_410843938837220593,112,Density,<Substance CCO{solv}{x=0.263700}|Cc1cccc(O)c1{solv}{x=0.736300}>,CCO,Cc1cccc(O)c1,fb-fit-v1-single-mean-k100,1,1.001865726255302,0.0002299367302193,0.9852300000000004,0.0006
10508,113,dhmix_1115402835538407874,113,EnthalpyOfMixing,<Substance CCO{solv}{x=0.212500}|Cc1cccc(O)c1{solv}{x=0.787500}>,CCO,Cc1cccc(O)c1,fb-fit-v1-single-mean-k100,1,-0.9344105802270803,0.0413721160463545,-0.68742,0.01275
10509,114,dens_1359111234216199895,114,Density,<Substance CCO{solv}{x=0.472400}|Cc1cccc(O)c1{solv}{x=0.527600}>,CCO,Cc1cccc(O)c1,fb-fit-v1-single-mean-k100,1,0.9641897174246188,0.0002604436594079,0.9446300000000002,0.0006
10510,115,dens_1590314985481219627,115,Density,<Substance CCO{solv}{x=0.781700}|Cc1cccc(O)c1{solv}{x=0.218300}>,CCO,Cc1cccc(O)c1,fb-fit-v1-single-mean-k100,1,0.8818644727907095,0.0003257878391582,0.8631500000000002,0.000605
10511,116,dhmix_1871939727966182523,116,EnthalpyOfMixing,<Substance CCO{solv}{x=0.413900}|Cc1cccc(O)c1{solv}{x=0.586100}>,CCO,Cc1cccc(O)c1,fb-fit-v1-single-mean-k100,1,-1.2586166927443934,0.0402771201619266,-1.14624,0.00985
10512,117,dens_42678158079716854,117,Density,<Substance CN1CCCC1=O{solv}{x=0.937492}|c1ccccc1{solv}{x=0.062508}>,CN1CCCC1=O,c1ccccc1,fb-fit-v1-single-mean-k100,1,1.005886766830434,0.0001853424400284,1.0204500000000003,3.500000000000001e-05
10513,118,dens_252520620125458637,118,Density,<Substance CN1CCCC1=O{solv}{x=0.513500}|c1ccccc1{solv}{x=0.486500}>,CN1CCCC1=O,c1ccccc1,fb-fit-v1-single-mean-k100,1,0.9627259842578532,0.0001992431572621,0.9684700000000004,0.00018
10514,119,dhmix_524477957640851666,119,EnthalpyOfMixing,<Substance CN1CCCC1=O{solv}{x=0.235600}|c1ccccc1{solv}{x=0.764400}>,CN1CCCC1=O,c1ccccc1,fb-fit-v1-single-mean-k100,1,-0.1769670143458981,0.0401353903359638,-0.3684,0.00405
10515,120,dhmix_1475629358723962160,120,EnthalpyOfMixing,<Substance CN1CCCC1=O{solv}{x=0.546700}|c1ccccc1{solv}{x=0.453300}>,CN1CCCC1=O,c1ccccc1,fb-fit-v1-single-mean-k100,1,-0.036081216178907,0.0408991541482105,-0.4943,0.00535
10516,121,dens_2041306780823594960,121,Density,<Substance CN1CCCC1=O{solv}{x=0.252400}|c1ccccc1{solv}{x=0.747600}>,CN1CCCC1=O,c1ccccc1,fb-fit-v1-single-mean-k100,1,0.9203517698199508,0.000275564938592,0.9163300000000004,0.00029
10517,122,dhmix_2156508970935294660,122,EnthalpyOfMixing,<Substance CN1CCCC1=O{solv}{x=0.741100}|c1ccccc1{solv}{x=0.258900}>,CN1CCCC1=O,c1ccccc1,fb-fit-v1-single-mean-k100,1,-0.1028160794286385,0.0382777106796289,-0.3841,0.0042
10518,123,dhmix_44217680865702366,123,EnthalpyOfMixing,<Substance CC(=O)c1ccccc1{solv}{x=0.200100}|CC(C)O{solv}{x=0.799900}>,CC(=O)c1ccccc1,CC(C)O,fb-fit-v1-single-mean-k100,1,1.2013448395454145,0.0415033897539148,1.1352,0.0124
10519,124,dens_91454082453656404,124,Density,<Substance CC(=O)c1ccccc1{solv}{x=0.756100}|CC(C)O{solv}{x=0.243900}>,CC(=O)c1ccccc1,CC(C)O,fb-fit-v1-single-mean-k100,1,0.9888651045842136,0.0002017154778073,0.9823500000000004,0.000175
10520,125,dens_152869924254680766,125,Density,<Substance CC(=O)c1ccccc1{solv}{x=0.251700}|CC(C)O{solv}{x=0.748300}>,CC(=O)c1ccccc1,CC(C)O,fb-fit-v1-single-mean-k100,1,0.883994125915448,0.0002099793811332,0.8654400000000002,0.000245
10521,126,dhmix_1214494501247401592,126,EnthalpyOfMixing,<Substance CC(=O)c1ccccc1{solv}{x=0.499600}|CC(C)O{solv}{x=0.500400}>,CC(=O)c1ccccc1,CC(C)O,fb-fit-v1-single-mean-k100,1,1.6069444572697478,0.0403013502459007,1.5703,0.0169
10522,127,dhmix_1482394504883204224,127,EnthalpyOfMixing,<Substance CC(=O)c1ccccc1{solv}{x=0.700600}|CC(C)O{solv}{x=0.299400}>,CC(=O)c1ccccc1,CC(C)O,fb-fit-v1-single-mean-k100,1,1.2541604844794492,0.0389126575209781,1.3758,0.01485
10523,128,dens_1804860114822214449,128,Density,<Substance CC(=O)c1ccccc1{solv}{x=0.534500}|CC(C)O{solv}{x=0.465500}>,CC(=O)c1ccccc1,CC(C)O,fb-fit-v1-single-mean-k100,1,0.9497146816240128,0.000194217248859,0.9375600000000002,0.0002
10524,129,dhmix_47323681380989568,129,EnthalpyOfMixing,<Substance CCCCCCCCCl{solv}{x=0.498000}|CN(C)C=O{solv}{x=0.502000}>,CCCCCCCCCl,CN(C)C=O,fb-fit-v1-single-mean-k100,1,1.5364976365456189,0.041682722874411,1.087,0.0045
10525,130,dhmix_620291288515939248,130,EnthalpyOfMixing,<Substance CCCCCCCCCl{solv}{x=0.790000}|CN(C)C=O{solv}{x=0.210000}>,CCCCCCCCCl,CN(C)C=O,fb-fit-v1-single-mean-k100,1,0.9645296566198738,0.0548794517085303,0.68,0.0045
10526,131,dens_1830564734879843336,131,Density,<Substance CCCCCCCCCl{solv}{x=0.733100}|CN(C)C=O{solv}{x=0.266900}>,CCCCCCCCCl,CN(C)C=O,fb-fit-v1-single-mean-k100,1,0.876121984879377,0.0001895027520511,0.8779000000000002,0.00045
10527,132,dens_1865569264533219410,132,Density,<Substance CCCCCCCCCl{solv}{x=0.500800}|CN(C)C=O{solv}{x=0.499200}>,CCCCCCCCCl,CN(C)C=O,fb-fit-v1-single-mean-k100,1,0.8844238202671181,0.0002303524165938,0.8897000000000003,0.0004
10528,133,dens_1893252821735673677,133,Density,<Substance CCCCCCCCCl{solv}{x=0.199800}|CN(C)C=O{solv}{x=0.800200}>,CCCCCCCCCl,CN(C)C=O,fb-fit-v1-single-mean-k100,1,0.9036097577283482,0.0002272134948811,0.9149000000000002,0.0003
10529,134,dhmix_2175249209874409534,134,EnthalpyOfMixing,<Substance CCCCCCCCCl{solv}{x=0.205000}|CN(C)C=O{solv}{x=0.795000}>,CCCCCCCCCl,CN(C)C=O,fb-fit-v1-single-mean-k100,1,0.9978712913341994,0.0408928874218258,0.79,0.0045
10530,135,dens_47347406470845261,135,Density,<Substance BrCCCBr{solv}{x=0.748600}|COC=O{solv}{x=0.251400}>,BrCCCBr,COC=O,fb-fit-v1-single-mean-k100,1,1.7777277190330774,0.0004751199402737,1.7969200000000003,0.00306
10531,136,dens_398260729245374704,136,Density,<Substance BrCCCBr{solv}{x=0.472200}|COC=O{solv}{x=0.527800}>,BrCCCBr,COC=O,fb-fit-v1-single-mean-k100,1,1.5626887418560251,0.0004566658714677,1.5585100000000005,0.001985
10532,137,dhmix_1440467239786579925,137,EnthalpyOfMixing,<Substance BrCCCBr{solv}{x=0.735400}|COC=O{solv}{x=0.264600}>,BrCCCBr,COC=O,fb-fit-v1-single-mean-k100,1,0.6841582838450506,0.0349633365985178,0.7435,0.00655
10533,138,dens_1812113401512645360,138,Density,<Substance BrCCCBr{solv}{x=0.204700}|COC=O{solv}{x=0.795300}>,BrCCCBr,COC=O,fb-fit-v1-single-mean-k100,1,1.287997754496016,0.000440934614174,1.2611800000000004,0.001025
10534,139,dhmix_2252268161220427112,139,EnthalpyOfMixing,<Substance BrCCCBr{solv}{x=0.485300}|COC=O{solv}{x=0.514700}>,BrCCCBr,COC=O,fb-fit-v1-single-mean-k100,1,0.9103524404752488,0.0337612445729766,0.9249,0.00795
10535,140,dhmix_2289960806584862127,140,EnthalpyOfMixing,<Substance BrCCCBr{solv}{x=0.239500}|COC=O{solv}{x=0.760500}>,BrCCCBr,COC=O,fb-fit-v1-single-mean-k100,1,0.696668819389985,0.0359347143059256,0.6669,0.00595
10536,141,dens_52148744845178727,141,Density,<Substance CC(=O)CC(C)C{solv}{x=0.700900}|CCC(C)(C)O{solv}{x=0.299100}>,CC(=O)CC(C)C,CCC(C)(C)O,fb-fit-v1-single-mean-k100,1,0.8117207036477354,0.0002137406268636,0.7968700000000002,0.00018
10537,142,dhmix_202225007451030020,142,EnthalpyOfMixing,<Substance CC(=O)CC(C)C{solv}{x=0.201700}|CCC(C)(C)O{solv}{x=0.798300}>,CC(=O)CC(C)C,CCC(C)(C)O,fb-fit-v1-single-mean-k100,1,0.4424211282058401,0.0600229030700665,0.8181,0.01135
10538,143,dens_938275493819605051,143,Density,<Substance CC(=O)CC(C)C{solv}{x=0.500800}|CCC(C)(C)O{solv}{x=0.499200}>,CC(=O)CC(C)C,CCC(C)(C)O,fb-fit-v1-single-mean-k100,1,0.814711768165082,0.0001820421914722,0.7987300000000002,0.00018
10539,144,dhmix_998794233701009996,144,EnthalpyOfMixing,<Substance CC(=O)CC(C)C{solv}{x=0.500800}|CCC(C)(C)O{solv}{x=0.499200}>,CC(=O)CC(C)C,CCC(C)(C)O,fb-fit-v1-single-mean-k100,1,0.7001935996050699,0.0422782143743817,1.3674,0.0185
10540,145,dhmix_1565593158104493647,145,EnthalpyOfMixing,<Substance CC(=O)CC(C)C{solv}{x=0.700900}|CCC(C)(C)O{solv}{x=0.299100}>,CC(=O)CC(C)C,CCC(C)(C)O,fb-fit-v1-single-mean-k100,1,0.6359098069715436,0.0428614235761575,1.2068,0.0164
10541,146,dens_2097057526665137697,146,Density,<Substance CC(=O)CC(C)C{solv}{x=0.201700}|CCC(C)(C)O{solv}{x=0.798300}>,CC(=O)CC(C)C,CCC(C)(C)O,fb-fit-v1-single-mean-k100,1,0.8201563375147001,0.000269735233789,0.8030000000000002,0.00019
10542,147,dens_60145312697659458,147,Density,<Substance OC1=NCCC1{solv}{x=0.231200}|c1ccncc1{solv}{x=0.768800}>,OC1=NCCC1,c1ccncc1,fb-fit-v1-single-mean-k100,1,1.002210649889937,0.000264766832278,1.0106200000000003,0.00051
10543,148,dhmix_281987656487279026,148,EnthalpyOfMixing,<Substance OC1=NCCC1{solv}{x=0.525600}|c1ccncc1{solv}{x=0.474400}>,OC1=NCCC1,c1ccncc1,fb-fit-v1-single-mean-k100,1,0.1628395755586211,0.0387594377940213,0.2031,0.0508
10544,149,dens_617740093035429712,149,Density,<Substance OC1=NCCC1{solv}{x=0.831200}|c1ccncc1{solv}{x=0.168800}>,OC1=NCCC1,c1ccncc1,fb-fit-v1-single-mean-k100,1,1.048748640074453,0.0002032039137789,1.0872000000000004,0.00052
10545,150,dhmix_658699797311871042,150,EnthalpyOfMixing,<Substance OC1=NCCC1{solv}{x=0.261500}|c1ccncc1{solv}{x=0.738500}>,OC1=NCCC1,c1ccncc1,fb-fit-v1-single-mean-k100,1,0.1345072506621463,0.0381574353014999,0.165,0.04125
10546,151,dhmix_774470106511868908,151,EnthalpyOfMixing,<Substance OC1=NCCC1{solv}{x=0.831100}|c1ccncc1{solv}{x=0.168900}>,OC1=NCCC1,c1ccncc1,fb-fit-v1-single-mean-k100,1,0.0250328196580795,0.0389724132358974,0.0972,0.0243
10547,152,dens_1837977312272564303,152,Density,<Substance OC1=NCCC1{solv}{x=0.475200}|c1ccncc1{solv}{x=0.524800}>,OC1=NCCC1,c1ccncc1,fb-fit-v1-single-mean-k100,1,1.0222937900888212,0.0002302128407226,1.0431300000000003,0.000515
10548,153,dens_64870336397637683,153,Density,<Substance NCCCO{solv}{x=0.489642}|O{solv}{x=0.510358}>,NCCCO,O,fb-fit-v1-single-mean-k100,1,1.0269750808925084,0.0003203166597878,1.0059000000000002,0.00155
10549,154,dens_70371380055449550,154,Density,<Substance NCCCO{solv}{x=0.708044}|O{solv}{x=0.291956}>,NCCCO,O,fb-fit-v1-single-mean-k100,1,1.0310957919615196,0.0003948023883896,0.9975000000000004,0.0018
10550,155,dhmix_150384853762728924,155,EnthalpyOfMixing,<Substance NCCCO{solv}{x=0.751500}|O{solv}{x=0.248500}>,NCCCO,O,fb-fit-v1-single-mean-k100,1,-0.9027610783046748,0.0404951715910711,-1.531,0.031
10551,156,dens_847209819230970781,156,Density,<Substance NCCCO{solv}{x=0.272809}|O{solv}{x=0.727191}>,NCCCO,O,fb-fit-v1-single-mean-k100,1,1.0192005139198563,0.0002790754539746,1.0118000000000005,0.0014
10552,157,dhmix_1448036989335532298,157,EnthalpyOfMixing,<Substance NCCCO{solv}{x=0.298200}|O{solv}{x=0.701800}>,NCCCO,O,fb-fit-v1-single-mean-k100,1,-0.8937024420996096,0.0227627573073553,-2.501,0.051
10553,158,dhmix_1551692974855642379,158,EnthalpyOfMixing,<Substance NCCCO{solv}{x=0.498900}|O{solv}{x=0.501100}>,NCCCO,O,fb-fit-v1-single-mean-k100,1,-1.182183067178677,0.0320487643540212,-2.462,0.05
10554,159,dhmix_65921650414250861,159,EnthalpyOfMixing,<Substance CCOC(=O)CC(C)=O{solv}{x=0.499500}|CCO{solv}{x=0.500500}>,CCO,CCOC(=O)CC(C)=O,fb-fit-v1-single-mean-k100,1,1.8443446724637909,0.0402646333504266,1.7079,0.0183
10555,160,dhmix_546962203716710778,160,EnthalpyOfMixing,<Substance CCOC(=O)CC(C)=O{solv}{x=0.299400}|CCO{solv}{x=0.700600}>,CCO,CCOC(=O)CC(C)=O,fb-fit-v1-single-mean-k100,1,1.73168265435784,0.0375462584074894,1.4925,0.01605
10556,161,dens_989479368116300355,161,Density,<Substance CCOC(=O)CC(C)=O{solv}{x=0.500000}|CCO{solv}{x=0.500000}>,CCO,CCOC(=O)CC(C)=O,fb-fit-v1-single-mean-k100,1,0.9653241498971272,0.0002319303825223,0.9484700000000004,0.000155
10557,162,dens_1726065156375824332,162,Density,<Substance CCOC(=O)CC(C)=O{solv}{x=0.250000}|CCO{solv}{x=0.750000}>,CCO,CCOC(=O)CC(C)=O,fb-fit-v1-single-mean-k100,1,0.8993888533729915,0.0002749151364181,0.8856300000000003,0.00017
10558,163,dens_1736679431098209973,163,Density,<Substance CCOC(=O)CC(C)=O{solv}{x=0.750000}|CCO{solv}{x=0.250000}>,CCO,CCOC(=O)CC(C)=O,fb-fit-v1-single-mean-k100,1,1.009462987412703,0.0002226128739803,0.9917100000000004,0.00017
10559,164,dhmix_2221487218644783272,164,EnthalpyOfMixing,<Substance CCOC(=O)CC(C)=O{solv}{x=0.700800}|CCO{solv}{x=0.299200}>,CCO,CCOC(=O)CC(C)=O,fb-fit-v1-single-mean-k100,1,1.4278559904909116,0.0443574277761658,1.478,0.0159
10560,165,dhmix_68947190908856741,165,EnthalpyOfMixing,<Substance C1COCCO1{solv}{x=0.250000}|O=C1CCCC1{solv}{x=0.750000}>,C1COCCO1,O=C1CCCC1,fb-fit-v1-single-mean-k100,1,-0.0057371711295104,0.0390438628397911,0.04589,0.00057
10561,166,dens_225413782402822877,166,Density,<Substance C1COCCO1{solv}{x=0.777800}|O=C1CCCC1{solv}{x=0.222200}>,C1COCCO1,O=C1CCCC1,fb-fit-v1-single-mean-k100,1,1.0090119262663004,0.000275536858146,1.0081000000000002,0.000255
10562,167,dhmix_415496698649060745,167,EnthalpyOfMixing,<Substance C1COCCO1{solv}{x=0.500000}|O=C1CCCC1{solv}{x=0.500000}>,C1COCCO1,O=C1CCCC1,fb-fit-v1-single-mean-k100,1,-0.0002967002786533,0.0386669058579109,0.07457,0.00068
10563,168,dens_803440153424346423,168,Density,<Substance C1COCCO1{solv}{x=0.506300}|O=C1CCCC1{solv}{x=0.493700}>,C1COCCO1,O=C1CCCC1,fb-fit-v1-single-mean-k100,1,0.9834042178067532,0.0002414930706963,0.9849200000000002,0.00025
10564,169,dens_1553194080174872005,169,Density,<Substance C1COCCO1{solv}{x=0.243600}|O=C1CCCC1{solv}{x=0.756400}>,C1COCCO1,O=C1CCCC1,fb-fit-v1-single-mean-k100,1,0.9598825954224424,0.0002329915370932,0.9633500000000004,0.000245
10565,170,dhmix_1852349497898107924,170,EnthalpyOfMixing,<Substance C1COCCO1{solv}{x=0.750000}|O=C1CCCC1{solv}{x=0.250000}>,C1COCCO1,O=C1CCCC1,fb-fit-v1-single-mean-k100,1,0.049208825819889,0.0441096003365858,0.07097,0.000665
10566,171,dhmix_71170350241685196,171,EnthalpyOfMixing,<Substance COC(C)(C)C{solv}{x=0.749000}|ClC(Cl)Cl{solv}{x=0.251000}>,COC(C)(C)C,ClC(Cl)Cl,fb-fit-v1-single-mean-k100,1,-0.883996727719234,0.0422039975337265,-1.9,0.077
10567,172,dens_554111049740737271,172,Density,<Substance COC(C)(C)C{solv}{x=0.454000}|ClC(Cl)Cl{solv}{x=0.546000}>,COC(C)(C)C,ClC(Cl)Cl,fb-fit-v1-single-mean-k100,1,1.1067749882679472,0.0004159171090361,1.0838000000000003,0.00015
10568,173,dhmix_1691495556773848750,173,EnthalpyOfMixing,<Substance COC(C)(C)C{solv}{x=0.484000}|ClC(Cl)Cl{solv}{x=0.516000}>,COC(C)(C)C,ClC(Cl)Cl,fb-fit-v1-single-mean-k100,1,-1.3035755788098324,0.0347262687921016,-2.1,0.0845
10569,174,dens_1874337336846858625,174,Density,<Substance COC(C)(C)C{solv}{x=0.276000}|ClC(Cl)Cl{solv}{x=0.724000}>,COC(C)(C)C,ClC(Cl)Cl,fb-fit-v1-single-mean-k100,1,1.2586264113731414,0.000489347625205,1.2259000000000004,0.0002
10570,175,dens_2136498248834183810,175,Density,<Substance COC(C)(C)C{solv}{x=0.728600}|ClC(Cl)Cl{solv}{x=0.271400}>,COC(C)(C)C,ClC(Cl)Cl,fb-fit-v1-single-mean-k100,1,0.908962185713192,0.0003028335552568,0.8956000000000003,0.00015
10571,176,dhmix_2232264038422377060,176,EnthalpyOfMixing,<Substance COC(C)(C)C{solv}{x=0.220000}|ClC(Cl)Cl{solv}{x=0.780000}>,COC(C)(C)C,ClC(Cl)Cl,fb-fit-v1-single-mean-k100,1,-0.872619205348145,0.0297950359435358,-1.5,0.0605
10572,177,dhmix_73322629991074290,177,EnthalpyOfMixing,<Substance CCC(C)=O{solv}{x=0.212400}|CCN(CC)CC{solv}{x=0.787600}>,CCC(C)=O,CCN(CC)CC,fb-fit-v1-single-mean-k100,1,0.3431127933494906,0.0402479217646276,0.57,0.006
10573,178,dens_317201778138256714,178,Density,<Substance CCC(C)=O{solv}{x=0.261000}|CCN(CC)CC{solv}{x=0.739000}>,CCC(C)=O,CCN(CC)CC,fb-fit-v1-single-mean-k100,1,0.7469638323003496,0.000174122516763,0.7361510000000001,0.000106
10574,179,dens_544322850735592196,179,Density,<Substance CCC(C)=O{solv}{x=0.510600}|CCN(CC)CC{solv}{x=0.489400}>,CCC(C)=O,CCN(CC)CC,fb-fit-v1-single-mean-k100,1,0.7603498011338324,0.0002062584320203,0.7527560000000002,0.0001045
10575,180,dhmix_690665189446107141,180,EnthalpyOfMixing,<Substance CCC(C)=O{solv}{x=0.496700}|CCN(CC)CC{solv}{x=0.503300}>,CCC(C)=O,CCN(CC)CC,fb-fit-v1-single-mean-k100,1,0.4411376421464901,0.0429393645755291,0.746,0.008
10576,181,dhmix_935249702283890201,181,EnthalpyOfMixing,<Substance CCC(C)=O{solv}{x=0.789300}|CCN(CC)CC{solv}{x=0.210700}>,CCC(C)=O,CCN(CC)CC,fb-fit-v1-single-mean-k100,1,0.2586884255800932,0.0419865141206346,0.455,0.005
10577,182,dens_1635002920322954883,182,Density,<Substance CCC(C)=O{solv}{x=0.760400}|CCN(CC)CC{solv}{x=0.239600}>,CCC(C)=O,CCN(CC)CC,fb-fit-v1-single-mean-k100,1,0.7761192794056978,0.0002123558221007,0.7738830000000002,9.900000000000003e-05
10578,183,dhmix_76833325524040726,183,EnthalpyOfMixing,<Substance C1CCCCC1{solv}{x=0.260600}|c1ccccc1{solv}{x=0.739400}>,C1CCCCC1,c1ccccc1,fb-fit-v1-single-mean-k100,1,0.8316475639184233,0.0388725519238405,0.6282,0.00695
10579,184,dens_330305790736126156,184,Density,<Substance C1CCCCC1{solv}{x=0.499600}|c1ccccc1{solv}{x=0.500400}>,C1CCCCC1,c1ccccc1,fb-fit-v1-single-mean-k100,1,0.8182430150463531,0.0002355815996671,0.8136000000000002,0.0002
10580,185,dhmix_460305358266375837,185,EnthalpyOfMixing,<Substance C1CCCCC1{solv}{x=0.766800}|c1ccccc1{solv}{x=0.233200}>,C1CCCCC1,c1ccccc1,fb-fit-v1-single-mean-k100,1,0.7043445214706594,0.0393601236711837,0.5517,0.00725
10581,186,dens_1579941980285561951,186,Density,<Substance C1CCCCC1{solv}{x=0.249800}|c1ccccc1{solv}{x=0.750200}>,C1CCCCC1,c1ccccc1,fb-fit-v1-single-mean-k100,1,0.8503710412962525,0.0002387455361067,0.8405780000000002,7.05e-05
10582,187,dhmix_1824194485055356086,187,EnthalpyOfMixing,<Substance C1CCCCC1{solv}{x=0.501200}|c1ccccc1{solv}{x=0.498800}>,C1CCCCC1,c1ccccc1,fb-fit-v1-single-mean-k100,1,1.0010146857503202,0.0334094520404015,0.7893,0.00655
10583,188,dens_1871885279620492514,188,Density,<Substance C1CCCCC1{solv}{x=0.732300}|c1ccccc1{solv}{x=0.267700}>,C1CCCCC1,c1ccccc1,fb-fit-v1-single-mean-k100,1,0.7927269604325786,0.0001901565160017,0.7929200000000002,7.450000000000001e-05
10584,189,dens_78518696584109468,189,Density,<Substance CN(CCO)CCO{solv}{x=0.743000}|O{solv}{x=0.257000}>,CN(CCO)CCO,O,fb-fit-v1-single-mean-k100,1,1.059321687003475,0.0003234149520974,1.0405100000000005,0.000286
10585,190,dens_169053214615075062,190,Density,<Substance CN(CCO)CCO{solv}{x=0.257100}|O{solv}{x=0.742900}>,CN(CCO)CCO,O,fb-fit-v1-single-mean-k100,1,1.0471539784839032,0.0003952180399057,1.0522550000000004,0.000221
10586,191,dhmix_750283179383190388,191,EnthalpyOfMixing,<Substance CN(CCO)CCO{solv}{x=0.741100}|O{solv}{x=0.258900}>,CN(CCO)CCO,O,fb-fit-v1-single-mean-k100,1,-1.5359008662119322,0.043126562277859,-1.154,0.0125
10587,192,dhmix_1537351248216247854,192,EnthalpyOfMixing,<Substance CN(CCO)CCO{solv}{x=0.259300}|O{solv}{x=0.740700}>,CN(CCO)CCO,O,fb-fit-v1-single-mean-k100,1,-1.388275725002995,0.0288846371640186,-2.271,0.046
10588,193,dens_1700904374078825036,193,Density,<Substance CN(CCO)CCO{solv}{x=0.484900}|O{solv}{x=0.515100}>,CN(CCO)CCO,O,fb-fit-v1-single-mean-k100,1,1.0569217547489016,0.0003434777204465,1.048636,0.0002475
10589,194,dhmix_1761290393567900831,194,EnthalpyOfMixing,<Substance CN(CCO)CCO{solv}{x=0.494100}|O{solv}{x=0.505900}>,CN(CCO)CCO,O,fb-fit-v1-single-mean-k100,1,-2.3849970905860545,0.0404015180950712,-2.072,0.042
10590,195,dhmix_81883535492439507,195,EnthalpyOfMixing,<Substance C1COCO1{solv}{x=0.200000}|O=C1CCCC1{solv}{x=0.800000}>,C1COCO1,O=C1CCCC1,fb-fit-v1-single-mean-k100,1,-0.0550358061828717,0.0402074661048998,-0.00853,0.000425
10591,196,dens_192935635984964537,196,Density,<Substance C1COCO1{solv}{x=0.509000}|O=C1CCCC1{solv}{x=0.491000}>,C1COCO1,O=C1CCCC1,fb-fit-v1-single-mean-k100,1,1.000209568338321,0.0002701980791552,0.9954700000000004,0.000255
10592,197,dhmix_309530351940031317,197,EnthalpyOfMixing,<Substance C1COCO1{solv}{x=0.700000}|O=C1CCCC1{solv}{x=0.300000}>,C1COCO1,O=C1CCCC1,fb-fit-v1-single-mean-k100,1,-0.0667505920529549,0.0352192060212599,-0.02292,0.00048
10593,198,dhmix_1480225642523009634,198,EnthalpyOfMixing,<Substance C1COCO1{solv}{x=0.500000}|O=C1CCCC1{solv}{x=0.500000}>,C1COCO1,O=C1CCCC1,fb-fit-v1-single-mean-k100,1,-0.1079218979402867,0.0365421982834514,-0.02181,0.000475
10594,199,dens_1663189314624242951,199,Density,<Substance C1COCO1{solv}{x=0.225100}|O=C1CCCC1{solv}{x=0.774900}>,C1COCO1,O=C1CCCC1,fb-fit-v1-single-mean-k100,1,0.9637061034000232,0.0002218983119049,0.9652800000000002,0.000245
10595,200,dens_1684591254659727640,200,Density,<Substance C1COCO1{solv}{x=0.789100}|O=C1CCCC1{solv}{x=0.210900}>,C1COCO1,O=C1CCCC1,fb-fit-v1-single-mean-k100,1,1.042681733707343,0.0002675919376526,1.02957,0.00026
10596,201,dens_82854054922011802,201,Density,<Substance c1cc[nH]c1{solv}{x=0.542600}|c1ccncc1{solv}{x=0.457400}>,c1cc[nH]c1,c1ccncc1,fb-fit-v1-single-mean-k100,1,0.9850680529998544,0.0002544766935995,0.9706400000000002,5.5000000000000016e-05
10597,202,dens_332042143272324658,202,Density,<Substance c1cc[nH]c1{solv}{x=0.755400}|c1ccncc1{solv}{x=0.244600}>,c1cc[nH]c1,c1ccncc1,fb-fit-v1-single-mean-k100,1,0.9868541959325414,0.0002766761225967,0.9676900000000004,5.5000000000000016e-05
10598,203,dhmix_582184351339863568,203,EnthalpyOfMixing,<Substance c1cc[nH]c1{solv}{x=0.760200}|c1ccncc1{solv}{x=0.239800}>,c1cc[nH]c1,c1ccncc1,fb-fit-v1-single-mean-k100,1,-0.0128149291756791,0.0311128718626303,-1.6452,0.01075
10599,204,dhmix_809205277185290719,204,EnthalpyOfMixing,<Substance c1cc[nH]c1{solv}{x=0.509500}|c1ccncc1{solv}{x=0.490500}>,c1cc[nH]c1,c1ccncc1,fb-fit-v1-single-mean-k100,1,-0.1643205378475256,0.03690600621024,-2.649,0.01645
10600,205,dens_1187941919350264461,205,Density,<Substance c1cc[nH]c1{solv}{x=0.227300}|c1ccncc1{solv}{x=0.772700}>,c1cc[nH]c1,c1ccncc1,fb-fit-v1-single-mean-k100,1,0.9831826504303884,0.0001899881751316,0.9755600000000002,5.5000000000000016e-05
10601,206,dhmix_2302696180464118683,206,EnthalpyOfMixing,<Substance c1cc[nH]c1{solv}{x=0.239500}|c1ccncc1{solv}{x=0.760500}>,c1cc[nH]c1,c1ccncc1,fb-fit-v1-single-mean-k100,1,-0.1419322397896731,0.0367230505189908,-1.7662,0.01145
10602,207,dhmix_84488753175979819,207,EnthalpyOfMixing,<Substance C1CCOCC1{solv}{x=0.500000}|CCO{solv}{x=0.500000}>,C1CCOCC1,CCO,fb-fit-v1-single-mean-k100,1,0.8741528877821132,0.0355302543526765,0.8491,0.00794
10603,208,dens_904236164857914889,208,Density,<Substance C1CCOCC1{solv}{x=0.701000}|CCO{solv}{x=0.299000}>,C1CCOCC1,CCO,fb-fit-v1-single-mean-k100,1,0.8566506266906478,0.0002755140689035,0.8595400000000002,8.500000000000002e-05
10604,209,dhmix_923986751684807715,209,EnthalpyOfMixing,<Substance C1CCOCC1{solv}{x=0.750000}|CCO{solv}{x=0.250000}>,C1CCOCC1,CCO,fb-fit-v1-single-mean-k100,1,0.817806006232459,0.0423577689516649,0.75364,0.007115
10605,210,dhmix_927648698725704337,210,EnthalpyOfMixing,<Substance C1CCOCC1{solv}{x=0.250000}|CCO{solv}{x=0.750000}>,C1CCOCC1,CCO,fb-fit-v1-single-mean-k100,1,0.6578782437590309,0.0327593866419025,0.57017,0.00553
10606,211,dens_1095414448718823860,211,Density,<Substance C1CCOCC1{solv}{x=0.504000}|CCO{solv}{x=0.496000}>,C1CCOCC1,CCO,fb-fit-v1-single-mean-k100,1,0.8435199748114537,0.0003109480982098,0.8440100000000001,0.0001
10607,212,dens_1309012152943788187,212,Density,<Substance C1CCOCC1{solv}{x=0.284000}|CCO{solv}{x=0.716000}>,C1CCOCC1,CCO,fb-fit-v1-single-mean-k100,1,0.8244205333126904,0.0002657953521677,0.8227400000000002,0.00012
10608,213,dens_88489471162801298,213,Density,<Substance CC(C)=O{solv}{x=0.248400}|Nc1ccccc1{solv}{x=0.751600}>,CC(C)=O,Nc1ccccc1,fb-fit-v1-single-mean-k100,1,1.0122319129019717,0.0001903642331416,0.9768950000000002,0.0001055
10609,214,dens_892449093930393176,214,Density,<Substance CC(C)=O{solv}{x=0.411400}|Nc1ccccc1{solv}{x=0.588600}>,CC(C)=O,Nc1ccccc1,fb-fit-v1-single-mean-k100,1,0.9714776434852316,0.0002120670839146,0.9457730000000002,0.0001285
10610,215,dens_1087594007698023193,215,Density,<Substance CC(C)=O{solv}{x=0.699300}|Nc1ccccc1{solv}{x=0.300700}>,CC(C)=O,Nc1ccccc1,fb-fit-v1-single-mean-k100,1,0.8928206810652023,0.0002454490287906,0.8786430000000003,0.000178
10611,216,dhmix_1461699545612032563,216,EnthalpyOfMixing,<Substance CC(C)=O{solv}{x=0.214500}|Nc1ccccc1{solv}{x=0.785500}>,CC(C)=O,Nc1ccccc1,fb-fit-v1-single-mean-k100,1,-0.1049170359018347,0.0388933198519453,-0.746,0.008
10612,217,dhmix_1577476208805542019,217,EnthalpyOfMixing,<Substance CC(C)=O{solv}{x=0.699100}|Nc1ccccc1{solv}{x=0.300900}>,CC(C)=O,Nc1ccccc1,fb-fit-v1-single-mean-k100,1,-0.8340893439834076,0.0286685206640964,-1.076,0.0115
10613,218,dhmix_2267661763264899390,218,EnthalpyOfMixing,<Substance CC(C)=O{solv}{x=0.410700}|Nc1ccccc1{solv}{x=0.589300}>,CC(C)=O,Nc1ccccc1,fb-fit-v1-single-mean-k100,1,-0.4822550125658793,0.038435706386083,-1.165,0.0125
10614,219,dhmix_90851537891129625,219,EnthalpyOfMixing,<Substance C1CCOCC1{solv}{x=0.268300}|Cc1ccccn1{solv}{x=0.731700}>,C1CCOCC1,Cc1ccccn1,fb-fit-v1-single-mean-k100,1,-0.0136221812616632,0.0412119632701689,0.1057,0.00105
10615,220,dhmix_975790739707505549,220,EnthalpyOfMixing,<Substance C1CCOCC1{solv}{x=0.482200}|Cc1ccccn1{solv}{x=0.517800}>,C1CCOCC1,Cc1ccccn1,fb-fit-v1-single-mean-k100,1,-5.002767882777981e-05,0.0433593581613764,0.1728,0.00135
10616,221,dens_981500521813591443,221,Density,<Substance C1CCOCC1{solv}{x=0.491600}|Cc1ccccn1{solv}{x=0.508400}>,C1CCOCC1,Cc1ccccn1,fb-fit-v1-single-mean-k100,1,0.9119736819673318,0.0002194757552105,0.910915,0.000475
10617,222,dens_1237050172671894703,222,Density,<Substance C1CCOCC1{solv}{x=0.237300}|Cc1ccccn1{solv}{x=0.762700}>,C1CCOCC1,Cc1ccccn1,fb-fit-v1-single-mean-k100,1,0.9295247693643908,0.0001982641130506,0.9261620000000004,0.0004855
10618,223,dhmix_1841520238596708010,223,EnthalpyOfMixing,<Substance C1CCOCC1{solv}{x=0.821600}|Cc1ccccn1{solv}{x=0.178400}>,C1CCOCC1,Cc1ccccn1,fb-fit-v1-single-mean-k100,1,0.0115950751928792,0.0476982708480434,0.1352,0.0012
10619,224,dens_1852422594896475094,224,Density,<Substance C1CCOCC1{solv}{x=0.821900}|Cc1ccccn1{solv}{x=0.178100}>,C1CCOCC1,Cc1ccccn1,fb-fit-v1-single-mean-k100,1,0.8784108468267612,0.0002741744313566,0.8802920000000002,0.000454
10620,225,dhmix_93676522673462266,225,EnthalpyOfMixing,<Substance CC(=O)N(C)C{solv}{x=0.702000}|ClCCCl{solv}{x=0.298000}>,CC(=O)N(C)C,ClCCCl,fb-fit-v1-single-mean-k100,1,-0.3950661417552368,0.0387842063114341,-0.706,0.004
10621,226,dens_466640151895915379,226,Density,<Substance CC(=O)N(C)C{solv}{x=0.499900}|ClCCCl{solv}{x=0.500100}>,CC(=O)N(C)C,ClCCCl,fb-fit-v1-single-mean-k100,1,1.061529992950886,0.0002922218445269,1.0774000000000004,0.00325
10622,227,dhmix_504891727488256514,227,EnthalpyOfMixing,<Substance CC(=O)N(C)C{solv}{x=0.202000}|ClCCCl{solv}{x=0.798000}>,CC(=O)N(C)C,ClCCCl,fb-fit-v1-single-mean-k100,1,-0.4009606420996938,0.0343478128920345,-0.586,0.004
10623,228,dens_1432716574300574119,228,Density,<Substance CC(=O)N(C)C{solv}{x=0.298800}|ClCCCl{solv}{x=0.701200}>,CC(=O)N(C)C,ClCCCl,fb-fit-v1-single-mean-k100,1,1.1274381874648611,0.000340270620327,1.1413000000000002,0.00345
10624,229,dens_1909242265481868478,229,Density,<Substance CC(=O)N(C)C{solv}{x=0.700800}|ClCCCl{solv}{x=0.299200}>,CC(=O)N(C)C,ClCCCl,fb-fit-v1-single-mean-k100,1,0.9976586674284372,0.0001734632518341,1.0181000000000002,0.00305
10625,230,dhmix_2201663021806040380,230,EnthalpyOfMixing,<Substance CC(=O)N(C)C{solv}{x=0.500000}|ClCCCl{solv}{x=0.500000}>,CC(=O)N(C)C,ClCCCl,fb-fit-v1-single-mean-k100,1,-0.5619881412299078,0.0351398285039784,-0.885,0.004
10626,231,dhmix_101847702994296892,231,EnthalpyOfMixing,<Substance CCCCCCCl{solv}{x=0.790000}|CN1CCCC1=O{solv}{x=0.210000}>,CCCCCCCl,CN1CCCC1=O,fb-fit-v1-single-mean-k100,1,0.6572351405054633,0.044424947388011,0.232,0.0025
10627,232,dhmix_275814181113182192,232,EnthalpyOfMixing,<Substance CCCCCCCl{solv}{x=0.497000}|CN1CCCC1=O{solv}{x=0.503000}>,CCCCCCCl,CN1CCCC1=O,fb-fit-v1-single-mean-k100,1,1.0212704716075225,0.0404017032277629,0.416,0.0025
10628,233,dens_441375838683668512,233,Density,<Substance CCCCCCCl{solv}{x=0.499300}|CN1CCCC1=O{solv}{x=0.500700}>,CCCCCCCl,CN1CCCC1=O,fb-fit-v1-single-mean-k100,1,0.9344047050814188,0.0002176914070626,0.9389000000000002,0.0002
10629,234,dhmix_840847840731542643,234,EnthalpyOfMixing,<Substance CCCCCCCl{solv}{x=0.203000}|CN1CCCC1=O{solv}{x=0.797000}>,CCCCCCCl,CN1CCCC1=O,fb-fit-v1-single-mean-k100,1,0.7036064937394713,0.0458649844882591,0.319,0.0025
10630,235,dens_1314691253679633833,235,Density,<Substance CCCCCCCl{solv}{x=0.298400}|CN1CCCC1=O{solv}{x=0.701600}>,CCCCCCCl,CN1CCCC1=O,fb-fit-v1-single-mean-k100,1,0.9640061386850928,0.0002247130011772,0.9715000000000004,0.0002
10631,236,dens_1366683244756558841,236,Density,<Substance CCCCCCCl{solv}{x=0.801200}|CN1CCCC1=O{solv}{x=0.198800}>,CCCCCCCl,CN1CCCC1=O,fb-fit-v1-single-mean-k100,1,0.8947203315467868,0.0002501136678112,0.8970000000000002,0.0003
10632,237,dhmix_107460606439569535,237,EnthalpyOfMixing,<Substance C1COCCO1{solv}{x=0.572500}|O=C1CCCCCC1{solv}{x=0.427500}>,C1COCCO1,O=C1CCCCCC1,fb-fit-v1-single-mean-k100,1,0.3700178417609123,0.0440306161440893,0.1032,0.00125
10633,238,dens_229535957420918177,238,Density,<Substance C1COCCO1{solv}{x=0.748900}|O=C1CCCCCC1{solv}{x=0.251100}>,C1COCCO1,O=C1CCCCCC1,fb-fit-v1-single-mean-k100,1,0.999715777013553,0.0001769373666555,0.9994100000000002,0.00051
10634,239,dhmix_1101001475632451077,239,EnthalpyOfMixing,<Substance C1COCCO1{solv}{x=0.225200}|O=C1CCCCCC1{solv}{x=0.774800}>,C1COCCO1,O=C1CCCCCC1,fb-fit-v1-single-mean-k100,1,0.266646688073294,0.0467904145430821,0.0783,0.001
10635,240,dens_1711999737319704820,240,Density,<Substance C1COCCO1{solv}{x=0.572300}|O=C1CCCCCC1{solv}{x=0.427700}>,C1COCCO1,O=C1CCCCCC1,fb-fit-v1-single-mean-k100,1,0.9721835020905129,0.0002339378881052,0.9737000000000002,0.00051
10636,241,dens_1973863157285112004,241,Density,<Substance C1COCCO1{solv}{x=0.255500}|O=C1CCCCCC1{solv}{x=0.744500}>,C1COCCO1,O=C1CCCCCC1,fb-fit-v1-single-mean-k100,1,0.9562357593762854,0.0001898629854447,0.9616800000000002,0.000515
10637,242,dhmix_2239035738396328121,242,EnthalpyOfMixing,<Substance C1COCCO1{solv}{x=0.771600}|O=C1CCCCCC1{solv}{x=0.228400}>,C1COCCO1,O=C1CCCCCC1,fb-fit-v1-single-mean-k100,1,0.2734086276378917,0.04649368688033,0.0694,0.0009
10638,243,dhmix_110368175234083214,243,EnthalpyOfMixing,<Substance CC#N{solv}{x=0.201600}|CCOC(C)(C)CC{solv}{x=0.798400}>,CC#N,CCOC(C)(C)CC,fb-fit-v1-single-mean-k100,1,0.2546530055914857,0.0466894305757448,0.6411,0.0087
10639,244,dhmix_565046024644834395,244,EnthalpyOfMixing,<Substance CC#N{solv}{x=0.700400}|CCOC(C)(C)CC{solv}{x=0.299600}>,CC#N,CCOC(C)(C)CC,fb-fit-v1-single-mean-k100,1,0.271128759915296,0.0362491251287653,0.8397,0.0113
10640,245,dens_865362803305469370,245,Density,<Substance CC#N{solv}{x=0.502400}|CCOC(C)(C)CC{solv}{x=0.497600}>,CC#N,CCOC(C)(C)CC,fb-fit-v1-single-mean-k100,1,0.7676373002794635,0.0002360716615073,0.7675000000000002,0.00035
10641,246,dhmix_1131176031733024874,246,EnthalpyOfMixing,<Substance CC#N{solv}{x=0.502400}|CCOC(C)(C)CC{solv}{x=0.497600}>,CC#N,CCOC(C)(C)CC,fb-fit-v1-single-mean-k100,1,0.5276153960354328,0.0381797272084767,0.9514,0.01285
10642,247,dens_1305751749890499162,247,Density,<Substance CC#N{solv}{x=0.201600}|CCOC(C)(C)CC{solv}{x=0.798400}>,CC#N,CCOC(C)(C)CC,fb-fit-v1-single-mean-k100,1,0.7640135129355401,0.000218899221178,0.7635000000000002,0.00025
10643,248,dens_1928701304100922381,248,Density,<Substance CC#N{solv}{x=0.700400}|CCOC(C)(C)CC{solv}{x=0.299600}>,CC#N,CCOC(C)(C)CC,fb-fit-v1-single-mean-k100,1,0.7696260629057461,0.000264460920116,0.7707000000000003,0.0005
10644,249,dhmix_112729391186229967,249,EnthalpyOfMixing,<Substance CCC(C)=O{solv}{x=0.509000}|CNc1ccccc1{solv}{x=0.491000}>,CCC(C)=O,CNc1ccccc1,fb-fit-v1-single-mean-k100,1,-0.5029349861612946,0.0403290480399406,-0.816,0.009
10645,250,dens_414028029115294252,250,Density,<Substance CCC(C)=O{solv}{x=0.746300}|CNc1ccccc1{solv}{x=0.253700}>,CCC(C)=O,CNc1ccccc1,fb-fit-v1-single-mean-k100,1,0.8585634193683511,0.0002263006871151,0.8582020000000002,0.000102
10646,251,dens_559789475978651659,251,Density,<Substance CCC(C)=O{solv}{x=0.495000}|CNc1ccccc1{solv}{x=0.505000}>,CCC(C)=O,CNc1ccccc1,fb-fit-v1-single-mean-k100,1,0.911839248150832,0.0002350055632109,0.9066940000000002,0.000164
10647,252,dhmix_1637459312398636454,252,EnthalpyOfMixing,<Substance CCC(C)=O{solv}{x=0.228300}|CNc1ccccc1{solv}{x=0.771700}>,CCC(C)=O,CNc1ccccc1,fb-fit-v1-single-mean-k100,1,-0.3294062291481729,0.0423640609088853,-0.54,0.006
10648,253,dhmix_1933605864237207151,253,EnthalpyOfMixing,<Substance CCC(C)=O{solv}{x=0.705500}|CNc1ccccc1{solv}{x=0.294500}>,CCC(C)=O,CNc1ccccc1,fb-fit-v1-single-mean-k100,1,-0.4391459073381387,0.039389491542062,-0.672,0.0075
10649,254,dens_2039660657679820411,254,Density,<Substance CCC(C)=O{solv}{x=0.258900}|CNc1ccccc1{solv}{x=0.741100}>,CCC(C)=O,CNc1ccccc1,fb-fit-v1-single-mean-k100,1,0.9557515869410016,0.0001881377550853,0.9456330000000004,0.000259
10650,255,dhmix_112832411362526364,255,EnthalpyOfMixing,<Substance C=CCCCC{solv}{x=0.250000}|CCCCO{solv}{x=0.750000}>,C=CCCCC,CCCCO,fb-fit-v1-single-mean-k100,1,0.3213209381801363,0.0465355548324635,0.2829,0.00333
10651,256,dhmix_385937725855980509,256,EnthalpyOfMixing,<Substance C=CCCCC{solv}{x=0.749900}|CCCCO{solv}{x=0.250100}>,C=CCCCC,CCCCO,fb-fit-v1-single-mean-k100,1,0.5491717783864658,0.0479094046261207,0.63978,0.00696
10652,257,dens_417191245012747241,257,Density,<Substance C=CCCCC{solv}{x=0.501800}|CCCCO{solv}{x=0.498200}>,C=CCCCC,CCCCO,fb-fit-v1-single-mean-k100,1,0.7286063923140043,0.0002471718303951,0.7340000000000002,0.00035
10653,258,dens_1053849773924337242,258,Density,<Substance C=CCCCC{solv}{x=0.100100}|CCCCO{solv}{x=0.899900}>,C=CCCCC,CCCCO,fb-fit-v1-single-mean-k100,1,0.7931924957740741,0.0002387143888357,0.7924000000000002,0.00035
10654,259,dhmix_1436053809694490847,259,EnthalpyOfMixing,<Substance C=CCCCC{solv}{x=0.500300}|CCCCO{solv}{x=0.499700}>,C=CCCCC,CCCCO,fb-fit-v1-single-mean-k100,1,0.5719041796432123,0.0374412606379075,0.56098,0.00616
10655,260,dens_1967827958045932694,260,Density,<Substance C=CCCCC{solv}{x=0.900000}|CCCCO{solv}{x=0.100000}>,C=CCCCC,CCCCO,fb-fit-v1-single-mean-k100,1,0.6786157574758915,0.0002172383066377,0.6818000000000001,0.00035
10656,261,dhmix_113202719214912577,261,EnthalpyOfMixing,<Substance CCN(CC)CCO{solv}{x=0.700300}|O{solv}{x=0.299700}>,CCN(CC)CCO,O,fb-fit-v1-single-mean-k100,1,-1.7535634971811191,0.0434079945128822,-1.75,0.019
10657,262,dhmix_450200897960931857,262,EnthalpyOfMixing,<Substance CCN(CC)CCO{solv}{x=0.500200}|O{solv}{x=0.499800}>,CCN(CC)CCO,O,fb-fit-v1-single-mean-k100,1,-1.9113980600970064,0.0404163040581964,-2.504,0.027
10658,263,dens_727880187774296815,263,Density,<Substance CCN(CC)CCO{solv}{x=0.799700}|O{solv}{x=0.200300}>,CCN(CC)CCO,O,fb-fit-v1-single-mean-k100,1,0.8955069282776771,0.0002181836840908,0.8996000000000003,0.005
10659,264,dens_943193748522476096,264,Density,<Substance CCN(CC)CCO{solv}{x=0.499700}|O{solv}{x=0.500300}>,CCN(CC)CCO,O,fb-fit-v1-single-mean-k100,1,0.9112938344873944,0.0002286803933141,0.9222000000000002,0.005
10660,265,dhmix_1628408668678458098,265,EnthalpyOfMixing,<Substance CCN(CC)CCO{solv}{x=0.200800}|O{solv}{x=0.799200}>,CCN(CC)CCO,O,fb-fit-v1-single-mean-k100,1,-1.252751251660669,0.0308976865747166,-2.185,0.0235
10661,266,dens_1679974305630699360,266,Density,<Substance CCN(CC)CCO{solv}{x=0.193290}|O{solv}{x=0.806710}>,CCN(CC)CCO,O,fb-fit-v1-single-mean-k100,1,0.9319962532749704,0.0002940226522864,0.9615690000000002,0.000144
10662,267,dens_114257363738318755,267,Density,<Substance C1CCCCC1{solv}{x=0.754300}|CCCCCC{solv}{x=0.245700}>,C1CCCCC1,CCCCCC,fb-fit-v1-single-mean-k100,1,0.7335731563369566,0.0001747762160381,0.7392000000000002,0.00065
10663,268,dens_528453314861364780,268,Density,<Substance C1CCCCC1{solv}{x=0.234300}|CCCCCC{solv}{x=0.765700}>,C1CCCCC1,CCCCCC,fb-fit-v1-single-mean-k100,1,0.6729496053246249,0.0002639214174291,0.6838300000000002,0.001655
10664,269,dens_547437695672624422,269,Density,<Substance C1CCCCC1{solv}{x=0.479300}|CCCCCC{solv}{x=0.520700}>,C1CCCCC1,CCCCCC,fb-fit-v1-single-mean-k100,1,0.7001894158864646,0.0002060114063743,0.7105500000000001,0.001555
10665,270,dhmix_728030976573858762,270,EnthalpyOfMixing,<Substance C1CCCCC1{solv}{x=0.483200}|CCCCCC{solv}{x=0.516800}>,C1CCCCC1,CCCCCC,fb-fit-v1-single-mean-k100,1,0.4082188358661227,0.0363854501473747,0.2144,0.00155
10666,271,dhmix_1406519609852245638,271,EnthalpyOfMixing,<Substance C1CCCCC1{solv}{x=0.219000}|CCCCCC{solv}{x=0.781000}>,C1CCCCC1,CCCCCC,fb-fit-v1-single-mean-k100,1,0.2103562116454895,0.0385670647599008,0.1264,0.00105
10667,272,dhmix_1819992223413741006,272,EnthalpyOfMixing,<Substance C1CCCCC1{solv}{x=0.725500}|CCCCCC{solv}{x=0.274500}>,C1CCCCC1,CCCCCC,fb-fit-v1-single-mean-k100,1,0.3354827171509953,0.0449073765018697,0.199,0.00145
10668,273,dhmix_114464856611254095,273,EnthalpyOfMixing,<Substance COc1ccccc1{solv}{x=0.739800}|OCc1ccccc1{solv}{x=0.260200}>,COc1ccccc1,OCc1ccccc1,fb-fit-v1-single-mean-k100,1,0.846891234789247,0.0447045177143552,1.0539,0.0113
10669,274,dens_844721400884986444,274,Density,<Substance COc1ccccc1{solv}{x=0.288300}|OCc1ccccc1{solv}{x=0.711700}>,COc1ccccc1,OCc1ccccc1,fb-fit-v1-single-mean-k100,1,1.0247321912946823,0.000180969916806,1.0180000000000002,0.000135
10670,275,dens_1208569209782779179,275,Density,<Substance COc1ccccc1{solv}{x=0.491100}|OCc1ccccc1{solv}{x=0.508900}>,COc1ccccc1,OCc1ccccc1,fb-fit-v1-single-mean-k100,1,1.0116112668663355,0.0002090664205329,1.0069400000000004,0.000165
10671,276,dhmix_1342325728364187329,276,EnthalpyOfMixing,<Substance COc1ccccc1{solv}{x=0.240100}|OCc1ccccc1{solv}{x=0.759900}>,COc1ccccc1,OCc1ccccc1,fb-fit-v1-single-mean-k100,1,0.5087184111354404,0.0425520913695146,0.6199,0.0067
10672,277,dhmix_1596550872819493971,277,EnthalpyOfMixing,<Substance COc1ccccc1{solv}{x=0.486600}|OCc1ccccc1{solv}{x=0.513400}>,COc1ccccc1,OCc1ccccc1,fb-fit-v1-single-mean-k100,1,0.9427529421434356,0.0371035254837239,0.9688,0.0104
10673,278,dens_1833270112854727934,278,Density,<Substance COc1ccccc1{solv}{x=0.774500}|OCc1ccccc1{solv}{x=0.225500}>,COc1ccccc1,OCc1ccccc1,fb-fit-v1-single-mean-k100,1,0.9934127170176528,0.0001838106547204,0.9915900000000004,0.000215
10674,279,dens_114725786693793907,279,Density,<Substance CC(=O)O{solv}{x=0.703100}|CCO{solv}{x=0.296900}>,CC(=O)O,CCO,fb-fit-v1-single-mean-k100,1,0.997896135422295,0.0002216653966778,0.97355,0.00021
10675,280,dens_883421079927261907,280,Density,<Substance CC(=O)O{solv}{x=0.496100}|CCO{solv}{x=0.503900}>,CC(=O)O,CCO,fb-fit-v1-single-mean-k100,1,0.9371645494818756,0.0002791079812141,0.9199600000000002,0.0002
10676,281,dens_1042567278853913615,281,Density,<Substance CC(=O)O{solv}{x=0.297100}|CCO{solv}{x=0.702900}>,CC(=O)O,CCO,fb-fit-v1-single-mean-k100,1,0.8792049317989221,0.0002373401310434,0.8668600000000002,0.000195
10677,282,dhmix_129373600931207498,282,EnthalpyOfMixing,<Substance NCCNCCN{solv}{x=0.702000}|O{solv}{x=0.298000}>,NCCNCCN,O,fb-fit-v1-single-mean-k100,1,-2.519731787561284,0.0469949622175693,-3.393,0.036
10678,283,dhmix_313570094367316478,283,EnthalpyOfMixing,<Substance NCCNCCN{solv}{x=0.241600}|O{solv}{x=0.758400}>,NCCNCCN,O,fb-fit-v1-single-mean-k100,1,-4.791323372421779,0.0374831769713382,-6.523,0.0695
10679,284,dens_548243159356184104,284,Density,<Substance NCCNCCN{solv}{x=0.244900}|O{solv}{x=0.755100}>,NCCNCCN,O,fb-fit-v1-single-mean-k100,1,1.0595960200571133,0.0003611162630302,1.0275000000000003,0.0005
10680,285,dens_913992897582667960,285,Density,<Substance NCCNCCN{solv}{x=0.497400}|O{solv}{x=0.502600}>,NCCNCCN,O,fb-fit-v1-single-mean-k100,1,1.0660185509910964,0.0004725691046158,0.9928000000000002,0.0005
10681,286,dhmix_1565087976771168604,286,EnthalpyOfMixing,<Substance NCCNCCN{solv}{x=0.501000}|O{solv}{x=0.499000}>,NCCNCCN,O,fb-fit-v1-single-mean-k100,1,-4.110282979861395,0.0686958769280449,-5.417,0.0575
10682,287,dens_1812124220217686569,287,Density,<Substance NCCNCCN{solv}{x=0.698800}|O{solv}{x=0.301200}>,NCCNCCN,O,fb-fit-v1-single-mean-k100,1,1.0561449498480653,0.0002640226001922,0.9718000000000002,0.0005
10683,288,dhmix_135176730945124637,288,EnthalpyOfMixing,<Substance CCCCNCCCC{solv}{x=0.751800}|CN(C)C=O{solv}{x=0.248200}>,CCCCNCCCC,CN(C)C=O,fb-fit-v1-single-mean-k100,1,0.1776189531324234,0.0525696612395117,0.782,0.025
10684,289,dens_586298674852090193,289,Density,<Substance CCCCNCCCC{solv}{x=0.726600}|CN(C)C=O{solv}{x=0.273400}>,CCCCNCCCC,CN(C)C=O,fb-fit-v1-single-mean-k100,1,0.7875566174940754,0.0001514873234665,0.7828350000000002,0.0009465
10685,290,dens_711718403070096827,290,Density,<Substance CCCCNCCCC{solv}{x=0.263900}|CN(C)C=O{solv}{x=0.736100}>,CCCCNCCCC,CN(C)C=O,fb-fit-v1-single-mean-k100,1,0.8559456183655387,0.000209163145521,0.8609240000000001,0.001053
10686,291,dhmix_1537913365058000269,291,EnthalpyOfMixing,<Substance CCCCNCCCC{solv}{x=0.249400}|CN(C)C=O{solv}{x=0.750600}>,CCCCNCCCC,CN(C)C=O,fb-fit-v1-single-mean-k100,1,0.4112316948286008,0.0453748787130425,0.921,0.029
10687,292,dhmix_1965420976556284821,292,EnthalpyOfMixing,<Substance CCCCNCCCC{solv}{x=0.501800}|CN(C)C=O{solv}{x=0.498200}>,CCCCNCCCC,CN(C)C=O,fb-fit-v1-single-mean-k100,1,0.335453108715825,0.0462198869606454,1.113,0.0335
10688,293,dens_2298192241038151497,293,Density,<Substance CCCCNCCCC{solv}{x=0.492800}|CN(C)C=O{solv}{x=0.507200}>,CCCCNCCCC,CN(C)C=O,fb-fit-v1-single-mean-k100,1,0.8166551773146872,0.0001479758316355,0.8153440000000003,0.0009895
10689,294,dens_145031449158698048,294,Density,<Substance CN(C)C=O{solv}{x=0.498800}|ClCCCl{solv}{x=0.501200}>,CN(C)C=O,ClCCCl,fb-fit-v1-single-mean-k100,1,1.084056112548438,0.000336426057897,1.0957000000000003,0.00305
10690,295,dens_511894799968528211,295,Density,<Substance CN(C)C=O{solv}{x=0.197800}|ClCCCl{solv}{x=0.802200}>,CN(C)C=O,ClCCCl,fb-fit-v1-single-mean-k100,1,1.1750756631994528,0.0004306181856672,1.1862000000000004,0.003
10691,296,dhmix_693792312882226719,296,EnthalpyOfMixing,<Substance CN(C)C=O{solv}{x=0.498000}|ClCCCl{solv}{x=0.502000}>,CN(C)C=O,ClCCCl,fb-fit-v1-single-mean-k100,1,-0.1072610835749365,0.0303676358560316,-0.663,0.0035
10692,297,dhmix_1364024895663592301,297,EnthalpyOfMixing,<Substance CN(C)C=O{solv}{x=0.299000}|ClCCCl{solv}{x=0.701000}>,CN(C)C=O,ClCCCl,fb-fit-v1-single-mean-k100,1,-0.086128914253436,0.0324870053594393,-0.575,0.0035
10693,298,dens_1874616475661316520,298,Density,<Substance CN(C)C=O{solv}{x=0.705400}|ClCCCl{solv}{x=0.294600}>,CN(C)C=O,ClCCCl,fb-fit-v1-single-mean-k100,1,1.0191646830906371,0.0003040140931591,1.0336,0.003
10694,299,dhmix_1965344541223753593,299,EnthalpyOfMixing,<Substance CN(C)C=O{solv}{x=0.702000}|ClCCCl{solv}{x=0.298000}>,CN(C)C=O,ClCCCl,fb-fit-v1-single-mean-k100,1,-0.0707834422749904,0.034899081439696,-0.531,0.003
10695,300,dens_145117083439077204,300,Density,<Substance CN1CCCC1=O{solv}{x=0.700300}|ClCCCCCl{solv}{x=0.299700}>,CN1CCCC1=O,ClCCCCCl,fb-fit-v1-single-mean-k100,1,1.0546050746341022,0.0002154740754713,1.0627000000000002,0.0005
10696,301,dens_872271192908107773,301,Density,<Substance CN1CCCC1=O{solv}{x=0.203400}|ClCCCCCl{solv}{x=0.796600}>,CN1CCCC1=O,ClCCCCCl,fb-fit-v1-single-mean-k100,1,1.1095973213307746,0.0003220954180483,1.1142000000000003,0.00125
10697,302,dhmix_958757583081250655,302,EnthalpyOfMixing,<Substance CN1CCCC1=O{solv}{x=0.703000}|ClCCCCCl{solv}{x=0.297000}>,CN1CCCC1=O,ClCCCCCl,fb-fit-v1-single-mean-k100,1,0.1437127660711645,0.0414040963807124,-0.583,0.0035
10698,303,dens_1187888029800539390,303,Density,<Substance CN1CCCC1=O{solv}{x=0.502500}|ClCCCCCl{solv}{x=0.497500}>,CN1CCCC1=O,ClCCCCCl,fb-fit-v1-single-mean-k100,1,1.078839098242179,0.0002811179166972,1.0840000000000003,0.00075
10699,304,dhmix_1448185356234442909,304,EnthalpyOfMixing,<Substance CN1CCCC1=O{solv}{x=0.210000}|ClCCCCCl{solv}{x=0.790000}>,CN1CCCC1=O,ClCCCCCl,fb-fit-v1-single-mean-k100,1,-0.0643371351688628,0.0405202074640243,-0.406,0.003
10700,305,dhmix_1623586299486793214,305,EnthalpyOfMixing,<Substance CN1CCCC1=O{solv}{x=0.505000}|ClCCCCCl{solv}{x=0.495000}>,CN1CCCC1=O,ClCCCCCl,fb-fit-v1-single-mean-k100,1,0.0761356915689681,0.0404443097711814,-0.678,0.0035
10701,306,dens_151421667269785380,306,Density,<Substance OCCOCCO{solv}{x=0.228500}|OCc1ccccc1{solv}{x=0.771500}>,OCCOCCO,OCc1ccccc1,fb-fit-v1-single-mean-k100,1,1.0589341986357284,0.0002112874463695,1.0497600000000002,0.000265
10702,307,dens_207017358130726789,307,Density,<Substance OCCOCCO{solv}{x=0.531200}|OCc1ccccc1{solv}{x=0.468800}>,OCCOCCO,OCc1ccccc1,fb-fit-v1-single-mean-k100,1,1.0813981555873773,0.000255279544376,1.07136,0.00027
10703,308,dhmix_638869206909151198,308,EnthalpyOfMixing,<Substance OCCOCCO{solv}{x=0.765800}|OCc1ccccc1{solv}{x=0.234200}>,OCCOCCO,OCc1ccccc1,fb-fit-v1-single-mean-k100,1,-0.3809592048234549,0.0431508729723597,-0.3712,0.0073
10704,309,dhmix_884415658126351430,309,EnthalpyOfMixing,<Substance OCCOCCO{solv}{x=0.266500}|OCc1ccccc1{solv}{x=0.733500}>,OCCOCCO,OCc1ccccc1,fb-fit-v1-single-mean-k100,1,-0.4698422798778807,0.0587890085172538,-0.4216,0.0081
10705,310,dhmix_925385148369690502,310,EnthalpyOfMixing,<Substance OCCOCCO{solv}{x=0.521600}|OCc1ccccc1{solv}{x=0.478400}>,OCCOCCO,OCc1ccccc1,fb-fit-v1-single-mean-k100,1,-0.506111828137989,0.0513484294861335,-0.4574,0.00865
10706,311,dens_1617133138157859384,311,Density,<Substance OCCOCCO{solv}{x=0.727700}|OCc1ccccc1{solv}{x=0.272300}>,OCCOCCO,OCc1ccccc1,fb-fit-v1-single-mean-k100,1,1.0972098993314692,0.00024377586355,1.0857000000000003,0.000275
10707,312,dens_155791527624482863,312,Density,<Substance CC(C)CO{solv}{x=0.279300}|CCCCBr{solv}{x=0.720700}>,CC(C)CO,CCCCBr,fb-fit-v1-single-mean-k100,1,1.1210178919181983,0.0003922404874564,1.1339800000000002,0.000305
10708,313,dhmix_549211977118470640,313,EnthalpyOfMixing,<Substance CC(C)CO{solv}{x=0.293800}|CCCCBr{solv}{x=0.706200}>,CC(C)CO,CCCCBr,fb-fit-v1-single-mean-k100,1,1.1780565052565637,0.0314128523936201,1.248,0.0135
10709,314,dens_692500675577783691,314,Density,<Substance CC(C)CO{solv}{x=0.793700}|CCCCBr{solv}{x=0.206300}>,CC(C)CO,CCCCBr,fb-fit-v1-single-mean-k100,1,0.9042470897220845,0.0002817323881201,0.8962800000000002,0.00021
10710,315,dens_841415441417626311,315,Density,<Substance CC(C)CO{solv}{x=0.498900}|CCCCBr{solv}{x=0.501100}>,CC(C)CO,CCCCBr,fb-fit-v1-single-mean-k100,1,1.0333588400325515,0.0003115654156025,1.0366800000000005,0.000225
10711,316,dhmix_1400807466047438160,316,EnthalpyOfMixing,<Substance CC(C)CO{solv}{x=0.499000}|CCCCBr{solv}{x=0.501000}>,CC(C)CO,CCCCBr,fb-fit-v1-single-mean-k100,1,1.1483330357412882,0.0347029403593364,1.207,0.013
10712,317,dhmix_1959880980464917582,317,EnthalpyOfMixing,<Substance CC(C)CO{solv}{x=0.702100}|CCCCBr{solv}{x=0.297900}>,CC(C)CO,CCCCBr,fb-fit-v1-single-mean-k100,1,0.6808722423821081,0.0457699465906792,0.891,0.0095
10713,318,dhmix_155924436295918663,318,EnthalpyOfMixing,<Substance OCCCO{solv}{x=0.501300}|O{solv}{x=0.498700}>,O,OCCCO,fb-fit-v1-single-mean-k100,1,0.1845768836686261,0.0276406767185986,-0.992,0.0125
10714,319,dens_867859901093068556,319,Density,<Substance OCCCO{solv}{x=0.743700}|O{solv}{x=0.256300}>,O,OCCCO,fb-fit-v1-single-mean-k100,1,1.0610394211198826,0.0002405644224591,1.0503800000000003,0.00023
10715,320,dhmix_2191722776959064631,320,EnthalpyOfMixing,<Substance OCCCO{solv}{x=0.743000}|O{solv}{x=0.257000}>,O,OCCCO,fb-fit-v1-single-mean-k100,1,0.2153722309275565,0.0421865988116112,-0.633,0.008
10716,321,dhmix_2210594516320705991,321,EnthalpyOfMixing,<Substance OCCCO{solv}{x=0.208700}|O{solv}{x=0.791300}>,O,OCCCO,fb-fit-v1-single-mean-k100,1,0.3186110824931418,0.025309948772286,-0.924,0.012
10717,322,dens_2211391404402371237,322,Density,<Substance OCCCO{solv}{x=0.244700}|O{solv}{x=0.755300}>,O,OCCCO,fb-fit-v1-single-mean-k100,1,1.0309096312240704,0.000355859282863,1.0381600000000004,0.00019
10718,323,dens_2211609476735134421,323,Density,<Substance OCCCO{solv}{x=0.500000}|O{solv}{x=0.500000}>,O,OCCCO,fb-fit-v1-single-mean-k100,1,1.0518752228047794,0.000350954135404,1.0492100000000002,0.000215
10719,324,dhmix_156929898609376763,324,EnthalpyOfMixing,<Substance CN(C)CCCO{solv}{x=0.800100}|O{solv}{x=0.199900}>,CN(C)CCCO,O,fb-fit-v1-single-mean-k100,1,-1.310282162136442,0.0408138413998255,-1.26,0.0135
10720,325,dhmix_786210276753247951,325,EnthalpyOfMixing,<Substance CN(C)CCCO{solv}{x=0.199800}|O{solv}{x=0.800200}>,CN(C)CCCO,O,fb-fit-v1-single-mean-k100,1,-1.2009131316879973,0.0265308407339037,-2.514,0.027
10721,326,dens_971674883336993154,326,Density,<Substance CN(C)CCCO{solv}{x=0.289504}|O{solv}{x=0.710496}>,CN(C)CCCO,O,fb-fit-v1-single-mean-k100,1,0.948750833042025,0.0002542123507875,0.9443,0.00285
10722,327,dhmix_1330584538745399524,327,EnthalpyOfMixing,<Substance CN(C)CCCO{solv}{x=0.501900}|O{solv}{x=0.498100}>,CN(C)CCCO,O,fb-fit-v1-single-mean-k100,1,-2.001774724213096,0.0328647728392604,-2.706,0.029
10723,328,dens_1781759734173902013,328,Density,<Substance CN(C)CCCO{solv}{x=0.501300}|O{solv}{x=0.498700}>,CN(C)CCCO,O,fb-fit-v1-single-mean-k100,1,0.9354305150719407,0.0004007640439117,0.9170700000000004,8.000000000000002e-05
10724,329,dens_2299157616447228221,329,Density,<Substance CN(C)CCCO{solv}{x=0.800600}|O{solv}{x=0.199400}>,CN(C)CCCO,O,fb-fit-v1-single-mean-k100,1,0.926580014912384,0.000244957117303,0.8915100000000002,9.500000000000002e-05
10725,330,dhmix_157983773008192768,330,EnthalpyOfMixing,<Substance BrCCCBr{solv}{x=0.743200}|CCCCOC(=O)CCC{solv}{x=0.256800}>,BrCCCBr,CCCCOC(=O)CCC,fb-fit-v1-single-mean-k100,1,-0.3676485046175202,0.03931990430155,0.032,0.0005
10726,331,dens_720277045338028885,331,Density,<Substance BrCCCBr{solv}{x=0.748700}|CCCCOC(=O)CCC{solv}{x=0.251300}>,BrCCCBr,CCCCOC(=O)CCC,fb-fit-v1-single-mean-k100,1,1.5671235434828108,0.000356255441062,1.5786600000000004,0.00038
10727,332,dens_933248802608751708,332,Density,<Substance BrCCCBr{solv}{x=0.529700}|CCCCOC(=O)CCC{solv}{x=0.470300}>,BrCCCBr,CCCCOC(=O)CCC,fb-fit-v1-single-mean-k100,1,1.313464218804732,0.0002674407458467,1.3159400000000003,0.000255
10728,333,dens_1048925802213854204,333,Density,<Substance BrCCCBr{solv}{x=0.259100}|CCCCOC(=O)CCC{solv}{x=0.740900}>,BrCCCBr,CCCCOC(=O)CCC,fb-fit-v1-single-mean-k100,1,1.062418361764626,0.0002264147969819,1.0598600000000002,0.000145
10729,334,dhmix_1090642624443832057,334,EnthalpyOfMixing,<Substance BrCCCBr{solv}{x=0.241200}|CCCCOC(=O)CCC{solv}{x=0.758800}>,BrCCCBr,CCCCOC(=O)CCC,fb-fit-v1-single-mean-k100,1,-0.4262264387307155,0.0386230296812996,-0.094,0.001
10730,335,dhmix_1649688325270115073,335,EnthalpyOfMixing,<Substance BrCCCBr{solv}{x=0.466700}|CCCCOC(=O)CCC{solv}{x=0.533300}>,BrCCCBr,CCCCOC(=O)CCC,fb-fit-v1-single-mean-k100,1,-0.5142588785820976,0.0463054806036437,-0.091,0.001
10731,336,dhmix_158101159957898775,336,EnthalpyOfMixing,<Substance CCCCCl{solv}{x=0.490000}|CN1CCCC1=O{solv}{x=0.510000}>,CCCCCl,CN1CCCC1=O,fb-fit-v1-single-mean-k100,1,0.9222586809369346,0.0318932493665817,0.152,0.002
10732,337,dhmix_586880142396707079,337,EnthalpyOfMixing,<Substance CCCCCl{solv}{x=0.294000}|CN1CCCC1=O{solv}{x=0.706000}>,CCCCCl,CN1CCCC1=O,fb-fit-v1-single-mean-k100,1,0.7824374193450261,0.040052093269187,0.145,0.002
10733,338,dens_897975104490051322,338,Density,<Substance CCCCCl{solv}{x=0.296100}|CN1CCCC1=O{solv}{x=0.703900}>,CCCCCl,CN1CCCC1=O,fb-fit-v1-single-mean-k100,1,0.9750931675146546,0.0002124912448132,0.9862000000000004,0.0001
10734,339,dens_1393365907116297965,339,Density,<Substance CCCCCl{solv}{x=0.702600}|CN1CCCC1=O{solv}{x=0.297400}>,CCCCCl,CN1CCCC1=O,fb-fit-v1-single-mean-k100,1,0.9167511211314388,0.0002705403020965,0.9268000000000002,0.0001
10735,340,dhmix_1769887717174104485,340,EnthalpyOfMixing,<Substance CCCCCl{solv}{x=0.787000}|CN1CCCC1=O{solv}{x=0.213000}>,CCCCCl,CN1CCCC1=O,fb-fit-v1-single-mean-k100,1,0.6677735836049052,0.0390338016495291,0.081,0.002
10736,341,dens_2070183543451797213,341,Density,<Substance CCCCCl{solv}{x=0.494800}|CN1CCCC1=O{solv}{x=0.505200}>,CCCCCl,CN1CCCC1=O,fb-fit-v1-single-mean-k100,1,0.9484719148522264,0.0002210473020768,0.9575000000000002,0.0001
10737,342,dens_164369774990422412,342,Density,<Substance CC(C)O{solv}{x=0.764900}|CCOC=O{solv}{x=0.235100}>,CC(C)O,CCOC=O,fb-fit-v1-single-mean-k100,1,0.8347410829764647,0.0002456890470451,0.8088000000000002,0.00035
10738,343,dens_200561035496770448,343,Density,<Substance CC(C)O{solv}{x=0.265100}|CCOC=O{solv}{x=0.734900}>,CC(C)O,CCOC=O,fb-fit-v1-single-mean-k100,1,0.9086489445115232,0.0002727351615509,0.8710000000000002,0.0003
10739,344,dens_1124622586228643363,344,Density,<Substance CC(C)O{solv}{x=0.441300}|CCOC=O{solv}{x=0.558700}>,CC(C)O,CCOC=O,fb-fit-v1-single-mean-k100,1,0.8814658868599197,0.0002989829494228,0.8482000000000003,0.00035
10740,345,dens_166030075147825025,345,Density,<Substance Clc1ccccc1{solv}{x=0.467900}|c1ccccc1{solv}{x=0.532100}>,Clc1ccccc1,c1ccccc1,fb-fit-v1-single-mean-k100,1,1.007981051871192,0.0002583843866146,0.9877000000000002,0.00025
10741,346,dens_796537469137871297,346,Density,<Substance Clc1ccccc1{solv}{x=0.735800}|c1ccccc1{solv}{x=0.264200}>,Clc1ccccc1,c1ccccc1,fb-fit-v1-single-mean-k100,1,1.069571125596667,0.0002738760740404,1.0465000000000002,0.0002
10742,347,dhmix_1485547099225054006,347,EnthalpyOfMixing,<Substance Clc1ccccc1{solv}{x=0.777700}|c1ccccc1{solv}{x=0.222300}>,Clc1ccccc1,c1ccccc1,fb-fit-v1-single-mean-k100,1,-0.0002605079745094,0.0358544809812284,-0.0036,0.0004
10743,348,dhmix_1808283008183194060,348,EnthalpyOfMixing,<Substance Clc1ccccc1{solv}{x=0.225800}|c1ccccc1{solv}{x=0.774200}>,Clc1ccccc1,c1ccccc1,fb-fit-v1-single-mean-k100,1,-0.0462841705673966,0.0364691135002084,-0.0046,0.0004
10744,349,dhmix_2008892820486470381,349,EnthalpyOfMixing,<Substance Clc1ccccc1{solv}{x=0.466600}|c1ccccc1{solv}{x=0.533400}>,Clc1ccccc1,c1ccccc1,fb-fit-v1-single-mean-k100,1,0.0522431754669554,0.041853617752283,-0.0057,0.0004
10745,350,dens_2142546524113318099,350,Density,<Substance Clc1ccccc1{solv}{x=0.293100}|c1ccccc1{solv}{x=0.706900}>,Clc1ccccc1,c1ccccc1,fb-fit-v1-single-mean-k100,1,0.9650716377368732,0.0002509989027127,0.9468000000000002,0.00025
10746,351,dhmix_166527628917371560,351,EnthalpyOfMixing,<Substance CCCCCC(C)=O{solv}{x=0.500700}|CCCNCCC{solv}{x=0.499300}>,CCCCCC(C)=O,CCCNCCC,fb-fit-v1-single-mean-k100,1,-0.2202015588595642,0.0460635343548981,0.162,0.002
10747,352,dhmix_181797488552739205,352,EnthalpyOfMixing,<Substance CCCCCC(C)=O{solv}{x=0.213200}|CCCNCCC{solv}{x=0.786800}>,CCCCCC(C)=O,CCCNCCC,fb-fit-v1-single-mean-k100,1,-0.1431976149441425,0.0484962384810166,0.137,0.0015
10748,353,dens_286521458049436805,353,Density,<Substance CCCCCC(C)=O{solv}{x=0.542700}|CCCNCCC{solv}{x=0.457300}>,CCCCCC(C)=O,CCCNCCC,fb-fit-v1-single-mean-k100,1,0.7818936057501813,0.0001850768242975,0.7766620000000002,0.0001215
10749,354,dens_740930494074770103,354,Density,<Substance CCCCCC(C)=O{solv}{x=0.252600}|CCCNCCC{solv}{x=0.747400}>,CCCCCC(C)=O,CCCNCCC,fb-fit-v1-single-mean-k100,1,0.7610452599434506,0.0001922524041569,0.7540050000000001,0.0001215
10750,355,dhmix_1180133264815330249,355,EnthalpyOfMixing,<Substance CCCCCC(C)=O{solv}{x=0.788000}|CCCNCCC{solv}{x=0.212000}>,CCCCCC(C)=O,CCCNCCC,fb-fit-v1-single-mean-k100,1,-0.1006925230123059,0.0498610121352991,0.088,0.001
10751,356,dens_1237727796782189302,356,Density,<Substance CCCCCC(C)=O{solv}{x=0.741800}|CCCNCCC{solv}{x=0.258200}>,CCCCCC(C)=O,CCCNCCC,fb-fit-v1-single-mean-k100,1,0.7958212429250816,0.0001912585693753,0.7918920000000003,0.00012
10752,357,dens_168376639142843665,357,Density,<Substance BrCCBr{solv}{x=0.084500}|CCOC(=O)CC{solv}{x=0.915500}>,BrCCBr,CCOC(=O)CC,fb-fit-v1-single-mean-k100,1,0.9745663172959808,0.0003023164807638,0.9671200000000002,0.001185
10753,358,dhmix_897092526028522426,358,EnthalpyOfMixing,<Substance BrCCBr{solv}{x=0.753700}|CCOC(=O)CC{solv}{x=0.246300}>,BrCCBr,CCOC(=O)CC,fb-fit-v1-single-mean-k100,1,-0.2245111346865824,0.0351713409491566,0.0052,0.0008
10754,359,dhmix_1078383344298013541,359,EnthalpyOfMixing,<Substance BrCCBr{solv}{x=0.084100}|CCOC(=O)CC{solv}{x=0.915900}>,BrCCBr,CCOC(=O)CC,fb-fit-v1-single-mean-k100,1,-0.0387473717205901,0.0451310700977912,-0.0683,0.0014
10755,360,dhmix_1103515663691342839,360,EnthalpyOfMixing,<Substance BrCCBr{solv}{x=0.514000}|CCOC(=O)CC{solv}{x=0.486000}>,BrCCBr,CCOC(=O)CC,fb-fit-v1-single-mean-k100,1,-0.3068634676402189,0.0387388562098773,-0.1259,0.00205
10756,361,dens_1193015082780501702,361,Density,<Substance BrCCBr{solv}{x=0.484400}|CCOC(=O)CC{solv}{x=0.515600}>,BrCCBr,CCOC(=O)CC,fb-fit-v1-single-mean-k100,1,1.4094152564606797,0.0003963457907318,1.4136000000000002,0.001165
10757,362,dens_1660732943693703463,362,Density,<Substance BrCCBr{solv}{x=0.714800}|CCOC(=O)CC{solv}{x=0.285200}>,BrCCBr,CCOC(=O)CC,fb-fit-v1-single-mean-k100,1,1.7001138534968796,0.0005318745059628,1.7205300000000003,0.000985
10758,363,dens_172622055198885625,363,Density,<Substance CCCCOCCO{solv}{x=0.499500}|c1ccccc1{solv}{x=0.500500}>,CCCCOCCO,c1ccccc1,fb-fit-v1-single-mean-k100,1,0.8906633098996882,0.0001928932409943,0.8864700000000002,0.000795
10759,364,dens_615182082919776992,364,Density,<Substance CCCCOCCO{solv}{x=0.753500}|c1ccccc1{solv}{x=0.246500}>,CCCCOCCO,c1ccccc1,fb-fit-v1-single-mean-k100,1,0.8931912313124509,0.0002229696797238,0.8924600000000003,0.00077
10760,365,dens_1014762781474427089,365,Density,<Substance CCCCOCCO{solv}{x=0.248800}|c1ccccc1{solv}{x=0.751200}>,CCCCOCCO,c1ccccc1,fb-fit-v1-single-mean-k100,1,0.8883905721767783,0.0002282162907546,0.8790000000000002,0.00083
10761,366,dhmix_1209838039340638454,366,EnthalpyOfMixing,<Substance CCCCOCCO{solv}{x=0.729700}|c1ccccc1{solv}{x=0.270300}>,CCCCOCCO,c1ccccc1,fb-fit-v1-single-mean-k100,1,0.3030674346333342,0.0500705273703707,0.3037,0.00335
10762,367,dhmix_1416395432810708431,367,EnthalpyOfMixing,<Substance CCCCOCCO{solv}{x=0.266500}|c1ccccc1{solv}{x=0.733500}>,CCCCOCCO,c1ccccc1,fb-fit-v1-single-mean-k100,1,0.7981458250164053,0.0425320143404011,0.6895,0.00745
10763,368,dhmix_1775479338186698605,368,EnthalpyOfMixing,<Substance CCCCOCCO{solv}{x=0.503000}|c1ccccc1{solv}{x=0.497000}>,CCCCOCCO,c1ccccc1,fb-fit-v1-single-mean-k100,1,0.7611815941811813,0.0470148527410601,0.5563,0.00605
10764,369,dens_173950346939686352,369,Density,<Substance CCOC(=O)CC(=O)OCC{solv}{x=0.797800}|CO{solv}{x=0.202200}>,CCOC(=O)CC(=O)OCC,CO,fb-fit-v1-single-mean-k100,1,1.055044535321698,0.000174130515213,1.0336070000000002,0.0001155
10765,370,dhmix_796570713446660029,370,EnthalpyOfMixing,<Substance CCOC(=O)CC(=O)OCC{solv}{x=0.745300}|CO{solv}{x=0.254700}>,CCOC(=O)CC(=O)OCC,CO,fb-fit-v1-single-mean-k100,1,1.140959103505054,0.0498656587129636,1.184,0.013
10766,371,dhmix_1053189657313504079,371,EnthalpyOfMixing,<Substance CCOC(=O)CC(=O)OCC{solv}{x=0.499300}|CO{solv}{x=0.500700}>,CCOC(=O)CC(=O)OCC,CO,fb-fit-v1-single-mean-k100,1,1.4832735879343772,0.0424228101771891,1.426,0.0155
10767,372,dens_1109796780897697143,372,Density,<Substance CCOC(=O)CC(=O)OCC{solv}{x=0.500400}|CO{solv}{x=0.499600}>,CCOC(=O)CC(=O)OCC,CO,fb-fit-v1-single-mean-k100,1,1.0113191979502816,0.0001867641830784,0.9962350000000002,9.150000000000002e-05
10768,373,dens_1145191816882985532,373,Density,<Substance CCOC(=O)CC(=O)OCC{solv}{x=0.250100}|CO{solv}{x=0.749900}>,CCOC(=O)CC(=O)OCC,CO,fb-fit-v1-single-mean-k100,1,0.9420980047495756,0.0003035383572206,0.9355040000000002,0.0001385
10769,374,dhmix_1394433819711651760,374,EnthalpyOfMixing,<Substance CCOC(=O)CC(=O)OCC{solv}{x=0.251500}|CO{solv}{x=0.748500}>,CCOC(=O)CC(=O)OCC,CO,fb-fit-v1-single-mean-k100,1,1.3065433010158571,0.0346628378200516,1.083,0.0115
10770,375,dhmix_176700813960387714,375,EnthalpyOfMixing,<Substance CC(=O)N(C)C{solv}{x=0.211000}|ClCCCCCl{solv}{x=0.789000}>,CC(=O)N(C)C,ClCCCCCl,fb-fit-v1-single-mean-k100,1,0.0126756180573934,0.039655381677892,-0.188,0.0025
10771,376,dhmix_422276068008732896,376,EnthalpyOfMixing,<Substance CC(=O)N(C)C{solv}{x=0.506000}|ClCCCCCl{solv}{x=0.494000}>,CC(=O)N(C)C,ClCCCCCl,fb-fit-v1-single-mean-k100,1,-0.0065701636741231,0.0382055900538863,-0.314,0.0025
10772,377,dhmix_591740475541975327,377,EnthalpyOfMixing,<Substance CC(=O)N(C)C{solv}{x=0.705000}|ClCCCCCl{solv}{x=0.295000}>,CC(=O)N(C)C,ClCCCCCl,fb-fit-v1-single-mean-k100,1,0.1052129113462871,0.0400854056900124,-0.281,0.0025
10773,378,dens_600718364672681210,378,Density,<Substance CC(=O)N(C)C{solv}{x=0.200100}|ClCCCCCl{solv}{x=0.799900}>,CC(=O)N(C)C,ClCCCCCl,fb-fit-v1-single-mean-k100,1,1.089136244180233,0.0002073424388128,1.0978,0.0023
10774,379,dens_833309518494254389,379,Density,<Substance CC(=O)N(C)C{solv}{x=0.698700}|ClCCCCCl{solv}{x=0.301300}>,CC(=O)N(C)C,ClCCCCCl,fb-fit-v1-single-mean-k100,1,0.98265099164647,0.0002212893854317,1.0011000000000003,0.0023
10775,380,dens_1473570029953486090,380,Density,<Substance CC(=O)N(C)C{solv}{x=0.500900}|ClCCCCCl{solv}{x=0.499100}>,CC(=O)N(C)C,ClCCCCCl,fb-fit-v1-single-mean-k100,1,1.0269805341423477,0.0002350861663624,1.0407000000000004,0.00225
10776,381,dens_176740025668330569,381,Density,<Substance C1CCCCC1{solv}{x=0.499400}|C1COCCO1{solv}{x=0.500600}>,C1CCCCC1,C1COCCO1,fb-fit-v1-single-mean-k100,1,0.8762765282953505,0.0002416421208439,0.8769800000000002,8.500000000000002e-05
10777,382,dens_476825312331327209,382,Density,<Substance C1CCCCC1{solv}{x=0.297200}|C1COCCO1{solv}{x=0.702800}>,C1CCCCC1,C1COCCO1,fb-fit-v1-single-mean-k100,1,0.9328395088492156,0.000200333417551,0.9312200000000004,7.000000000000002e-05
10778,383,dens_985438980823024302,383,Density,<Substance C1CCCCC1{solv}{x=0.699700}|C1COCCO1{solv}{x=0.300300}>,C1CCCCC1,C1COCCO1,fb-fit-v1-single-mean-k100,1,0.8271357902720256,0.0002453066904327,0.8305800000000002,0.0001
10779,384,dhmix_1624213860575299641,384,EnthalpyOfMixing,<Substance C1CCCCC1{solv}{x=0.492800}|C1COCCO1{solv}{x=0.507200}>,C1CCCCC1,C1COCCO1,fb-fit-v1-single-mean-k100,1,2.0482353133745903,0.0382039989450159,1.588,0.008
10780,385,dhmix_1900199136965747019,385,EnthalpyOfMixing,<Substance C1CCCCC1{solv}{x=0.239400}|C1COCCO1{solv}{x=0.760600}>,C1CCCCC1,C1COCCO1,fb-fit-v1-single-mean-k100,1,1.4302758949331746,0.0396051226513457,1.124,0.007
10781,386,dhmix_2022274493214392184,386,EnthalpyOfMixing,<Substance C1CCCCC1{solv}{x=0.744200}|C1COCCO1{solv}{x=0.255800}>,C1CCCCC1,C1COCCO1,fb-fit-v1-single-mean-k100,1,1.6593114571166012,0.043090143268404,1.262,0.007
10782,387,dhmix_182795551078530810,387,EnthalpyOfMixing,<Substance C1COCCO1{solv}{x=0.491200}|Cc1ccccc1Cl{solv}{x=0.508800}>,C1COCCO1,Cc1ccccc1Cl,fb-fit-v1-single-mean-k100,1,0.2284945469775152,0.0423297340769567,0.356,0.002
10783,388,dens_242592003865933955,388,Density,<Substance C1COCCO1{solv}{x=0.835700}|Cc1ccccc1Cl{solv}{x=0.164300}>,C1COCCO1,Cc1ccccc1Cl,fb-fit-v1-single-mean-k100,1,1.0322441171181695,0.0002541191030277,1.0256,0.0005
10784,389,dens_810150133181620718,389,Density,<Substance C1COCCO1{solv}{x=0.513600}|Cc1ccccc1Cl{solv}{x=0.486400}>,C1COCCO1,Cc1ccccc1Cl,fb-fit-v1-single-mean-k100,1,1.0654496046892368,0.0002243923656599,1.0536,0.0005
10785,390,dhmix_1949119093643648586,390,EnthalpyOfMixing,<Substance C1COCCO1{solv}{x=0.246200}|Cc1ccccc1Cl{solv}{x=0.753800}>,C1COCCO1,Cc1ccccc1Cl,fb-fit-v1-single-mean-k100,1,0.1851623109613314,0.039887242670174,0.206,0.001
10786,391,dens_2161584607380261748,391,Density,<Substance C1COCCO1{solv}{x=0.226300}|Cc1ccccc1Cl{solv}{x=0.773700}>,C1COCCO1,Cc1ccccc1Cl,fb-fit-v1-single-mean-k100,1,1.082260677933328,0.0002343593302612,1.0674000000000003,0.0005
10787,392,dhmix_2190589845176325501,392,EnthalpyOfMixing,<Substance C1COCCO1{solv}{x=0.835700}|Cc1ccccc1Cl{solv}{x=0.164300}>,C1COCCO1,Cc1ccccc1Cl,fb-fit-v1-single-mean-k100,1,0.1652580837129704,0.0430883244053063,0.244,0.0015
10788,393,dens_194492664772262961,393,Density,<Substance CCCOC=O{solv}{x=0.479500}|ClCCCl{solv}{x=0.520500}>,CCCOC=O,ClCCCl,fb-fit-v1-single-mean-k100,1,1.0706135280492186,0.0003045225867826,1.0603100000000003,0.00196
10789,394,dhmix_438833720470542962,394,EnthalpyOfMixing,<Substance CCCOC=O{solv}{x=0.738500}|ClCCCl{solv}{x=0.261500}>,CCCOC=O,ClCCCl,fb-fit-v1-single-mean-k100,1,-0.0182697998661574,0.0360461818016493,-0.205,0.0025
10790,395,dens_598528978367940263,395,Density,<Substance CCCOC=O{solv}{x=0.254300}|ClCCCl{solv}{x=0.745700}>,CCCOC=O,ClCCCl,fb-fit-v1-single-mean-k100,1,1.140728014266441,0.000417713913255,1.1418800000000005,0.002835
10791,396,dens_822197650497048256,396,Density,<Substance CCCOC=O{solv}{x=0.728100}|ClCCCl{solv}{x=0.271900}>,CCCOC=O,ClCCCl,fb-fit-v1-single-mean-k100,1,0.996700986715779,0.0002984016306957,0.9794600000000002,0.001275
10792,397,dhmix_1971772628311560569,397,EnthalpyOfMixing,<Substance CCCOC=O{solv}{x=0.503500}|ClCCCl{solv}{x=0.496500}>,CCCOC=O,ClCCCl,fb-fit-v1-single-mean-k100,1,-0.0430814870607321,0.0360736220054918,-0.254,0.003
10793,398,dhmix_2087301877194561078,398,EnthalpyOfMixing,<Substance CCCOC=O{solv}{x=0.273300}|ClCCCl{solv}{x=0.726700}>,CCCOC=O,ClCCCl,fb-fit-v1-single-mean-k100,1,0.1100052824516062,0.0340205017001744,-0.154,0.002
10794,399,dens_196547737404430199,399,Density,<Substance CCC(C)(C)O{solv}{x=0.258400}|CCO{solv}{x=0.741600}>,CCC(C)(C)O,CCO,fb-fit-v1-single-mean-k100,1,0.806769198018629,0.0002012314718606,0.7933000000000001,0.0005
10795,400,dens_476512869308734578,400,Density,<Substance CCC(C)(C)O{solv}{x=0.549500}|CCO{solv}{x=0.450500}>,CCC(C)(C)O,CCO,fb-fit-v1-single-mean-k100,1,0.8201405521989582,0.0003638320065062,0.8018000000000002,0.0005
10796,401,dens_822446541953482206,401,Density,<Substance CCC(C)(C)O{solv}{x=0.676500}|CCO{solv}{x=0.323500}>,CCC(C)(C)O,CCO,fb-fit-v1-single-mean-k100,1,0.8225855466330965,0.0003395183427808,0.8048000000000002,0.0005
10797,402,dhmix_935690434592096067,402,EnthalpyOfMixing,<Substance CCC(C)(C)O{solv}{x=0.460700}|CCO{solv}{x=0.539300}>,CCC(C)(C)O,CCO,fb-fit-v1-single-mean-k100,1,-1.0363238675910704,0.0403167147507211,-0.95,0.00405
10798,403,dhmix_1167190373485301023,403,EnthalpyOfMixing,<Substance CCC(C)(C)O{solv}{x=0.730600}|CCO{solv}{x=0.269400}>,CCC(C)(C)O,CCO,fb-fit-v1-single-mean-k100,1,-1.0363516292914348,0.0433869590850555,-0.7709,0.00335
10799,404,dhmix_1275914601266938667,404,EnthalpyOfMixing,<Substance CCC(C)(C)O{solv}{x=0.280700}|CCO{solv}{x=0.719300}>,CCC(C)(C)O,CCO,fb-fit-v1-single-mean-k100,1,-0.689889404410561,0.0357498284996459,-0.7056,0.0031
10800,405,dens_196896428021674416,405,Density,<Substance OCCCCO{solv}{x=0.250400}|O{solv}{x=0.749600}>,O,OCCCCO,fb-fit-v1-single-mean-k100,1,1.0112778111850338,0.000320511376563,1.0206500000000005,0.000165
10801,406,dhmix_204758826312645465,406,EnthalpyOfMixing,<Substance OCCCCO{solv}{x=0.498600}|O{solv}{x=0.501400}>,O,OCCCCO,fb-fit-v1-single-mean-k100,1,0.2261814211316064,0.0298666070699648,-0.882,0.011
10802,407,dens_523660418548538159,407,Density,<Substance OCCCCO{solv}{x=0.502000}|O{solv}{x=0.498000}>,O,OCCCCO,fb-fit-v1-single-mean-k100,1,1.0210101812247996,0.0004530149239147,1.0207100000000002,0.000175
10803,408,dhmix_1424462945700338266,408,EnthalpyOfMixing,<Substance OCCCCO{solv}{x=0.794700}|O{solv}{x=0.205300}>,O,OCCCCO,fb-fit-v1-single-mean-k100,1,-0.0279422408986373,0.0358296139006351,-0.513,0.007
10804,409,dhmix_2166372532060643622,409,EnthalpyOfMixing,<Substance OCCCCO{solv}{x=0.265800}|O{solv}{x=0.734200}>,O,OCCCCO,fb-fit-v1-single-mean-k100,1,0.3333104364694357,0.0259061335115272,-0.896,0.0115
10805,410,dens_2215793475715067258,410,Density,<Substance OCCCCO{solv}{x=0.752800}|O{solv}{x=0.247200}>,O,OCCCCO,fb-fit-v1-single-mean-k100,1,1.0258443763847225,0.0003017521237685,1.0165900000000003,0.00018
10806,411,dhmix_199788824133179829,411,EnthalpyOfMixing,<Substance CNc1ccccc1{solv}{x=0.497300}|Cc1ccccc1{solv}{x=0.502700}>,CNc1ccccc1,Cc1ccccc1,fb-fit-v1-single-mean-k100,1,0.8386195267490066,0.0513184037766974,0.497,0.0055
10807,412,dens_515118724178190757,412,Density,<Substance CNc1ccccc1{solv}{x=0.740700}|Cc1ccccc1{solv}{x=0.259300}>,CNc1ccccc1,Cc1ccccc1,fb-fit-v1-single-mean-k100,1,0.9658464141683236,0.0001716748801934,0.9531280000000004,0.0002595
10808,413,dens_730775902780400634,413,Density,<Substance CNc1ccccc1{solv}{x=0.245200}|Cc1ccccc1{solv}{x=0.754800}>,CNc1ccccc1,Cc1ccccc1,fb-fit-v1-single-mean-k100,1,0.9022976651538952,0.0002241479272572,0.8935250000000002,0.000118
10809,414,dhmix_1213795502778853356,414,EnthalpyOfMixing,<Substance CNc1ccccc1{solv}{x=0.295200}|Cc1ccccc1{solv}{x=0.704800}>,CNc1ccccc1,Cc1ccccc1,fb-fit-v1-single-mean-k100,1,0.8007385789760093,0.0327658691841095,0.459,0.005
10810,415,dhmix_1321810550349826496,415,EnthalpyOfMixing,<Substance CNc1ccccc1{solv}{x=0.789200}|Cc1ccccc1{solv}{x=0.210800}>,CNc1ccccc1,Cc1ccccc1,fb-fit-v1-single-mean-k100,1,0.692742055882519,0.0598525057516863,0.287,0.003
10811,416,dens_2156484405108449314,416,Density,<Substance CNc1ccccc1{solv}{x=0.490000}|Cc1ccccc1{solv}{x=0.510000}>,CNc1ccccc1,Cc1ccccc1,fb-fit-v1-single-mean-k100,1,0.9336902749382606,0.000202844035487,0.9235800000000004,0.000164
10812,417,dens_199829369486957606,417,Density,<Substance CC#N{solv}{x=0.200300}|c1ccccc1{solv}{x=0.799700}>,CC#N,c1ccccc1,fb-fit-v1-single-mean-k100,1,0.8729274502395163,0.0002455501075512,0.8623400000000002,7.000000000000002e-05
10813,418,dhmix_217315956534335620,418,EnthalpyOfMixing,<Substance CC#N{solv}{x=0.771500}|c1ccccc1{solv}{x=0.228500}>,CC#N,c1ccccc1,fb-fit-v1-single-mean-k100,1,0.0277958562341584,0.0271130594265235,0.3988,0.00815
10814,419,dhmix_730497723685339496,419,EnthalpyOfMixing,<Substance CC#N{solv}{x=0.219600}|c1ccccc1{solv}{x=0.780400}>,CC#N,c1ccccc1,fb-fit-v1-single-mean-k100,1,0.0185404691880748,0.0362570345815282,0.2399,0.00495
10815,420,dhmix_1038591828122641798,420,EnthalpyOfMixing,<Substance CC#N{solv}{x=0.529500}|c1ccccc1{solv}{x=0.470500}>,CC#N,c1ccccc1,fb-fit-v1-single-mean-k100,1,0.0857083811361363,0.030445328294859,0.4415,0.00905
10816,421,dens_1457706963514561052,421,Density,<Substance CC#N{solv}{x=0.500100}|c1ccccc1{solv}{x=0.499900}>,CC#N,c1ccccc1,fb-fit-v1-single-mean-k100,1,0.8429842686120708,0.0002412218830912,0.8384600000000002,7.500000000000002e-05
10817,422,dens_2111393000623474162,422,Density,<Substance CC#N{solv}{x=0.700200}|c1ccccc1{solv}{x=0.299800}>,CC#N,c1ccccc1,fb-fit-v1-single-mean-k100,1,0.8182475869515597,0.0002556042485201,0.8174500000000002,7.500000000000002e-05
10818,423,dens_201591193434833206,423,Density,<Substance CC(C)CC(C)(C)C{solv}{x=0.082400}|CCO{solv}{x=0.917600}>,CC(C)CC(C)(C)C,CCO,fb-fit-v1-single-mean-k100,1,0.7674515428187474,0.0003307765550449,0.7605800000000003,0.000125
10819,424,dhmix_371477530823830451,424,EnthalpyOfMixing,<Substance CC(C)CC(C)(C)C{solv}{x=0.761700}|CCO{solv}{x=0.238300}>,CC(C)CC(C)(C)C,CCO,fb-fit-v1-single-mean-k100,1,0.4863962242121147,0.0459509147450137,0.634022,0.006851
10820,425,dhmix_1127868571780691876,425,EnthalpyOfMixing,<Substance CC(C)CC(C)(C)C{solv}{x=0.515800}|CCO{solv}{x=0.484200}>,CC(C)CC(C)(C)C,CCO,fb-fit-v1-single-mean-k100,1,0.7427985507225543,0.0448514216891829,0.638973,0.006903
10821,426,dens_1250915879314267304,426,Density,<Substance CC(C)CC(C)(C)C{solv}{x=0.493740}|CCO{solv}{x=0.506260}>,CC(C)CC(C)(C)C,CCO,fb-fit-v1-single-mean-k100,1,0.7314294945395197,0.0002465466221751,0.7110500000000001,7.500000000000002e-05
10822,427,dens_1473791133383705310,427,Density,<Substance CC(C)CC(C)(C)C{solv}{x=0.735960}|CCO{solv}{x=0.264040}>,CC(C)CC(C)(C)C,CCO,fb-fit-v1-single-mean-k100,1,0.7203591159996673,0.0002163978796111,0.6967900000000001,7.500000000000002e-05
10823,428,dhmix_1870637719976274804,428,EnthalpyOfMixing,<Substance CC(C)CC(C)(C)C{solv}{x=0.081500}|CCO{solv}{x=0.918500}>,CC(C)CC(C)(C)C,CCO,fb-fit-v1-single-mean-k100,1,0.3040865444994329,0.0396362520081528,0.197762,0.0022405
10824,429,dens_202472488934755108,429,Density,<Substance CCC#N{solv}{x=0.301800}|CCOC(C)(C)C{solv}{x=0.698200}>,CCC#N,CCOC(C)(C)C,fb-fit-v1-single-mean-k100,1,0.7553875660960971,0.0002343413489204,0.7455000000000002,0.0002
10825,430,dens_266175665931869051,430,Density,<Substance CCC#N{solv}{x=0.701400}|CCOC(C)(C)C{solv}{x=0.298600}>,CCC#N,CCOC(C)(C)C,fb-fit-v1-single-mean-k100,1,0.766169000849065,0.000248011404633,0.7617000000000003,0.00035
10826,431,dhmix_801664072836508009,431,EnthalpyOfMixing,<Substance CCC#N{solv}{x=0.301800}|CCOC(C)(C)C{solv}{x=0.698200}>,CCC#N,CCOC(C)(C)C,fb-fit-v1-single-mean-k100,1,0.1145811154847429,0.0462548700433139,0.4557,0.0062
10827,432,dhmix_1220778152018571786,432,EnthalpyOfMixing,<Substance CCC#N{solv}{x=0.501400}|CCOC(C)(C)C{solv}{x=0.498600}>,CCC#N,CCOC(C)(C)C,fb-fit-v1-single-mean-k100,1,0.1297310133647258,0.0404981743229419,0.5053,0.00685
10828,433,dhmix_1838699488178562925,433,EnthalpyOfMixing,<Substance CCC#N{solv}{x=0.701400}|CCOC(C)(C)C{solv}{x=0.298600}>,CCC#N,CCOC(C)(C)C,fb-fit-v1-single-mean-k100,1,0.1575589116868787,0.04014056966432,0.4078,0.0056
10829,434,dens_1870081876609026392,434,Density,<Substance CCC#N{solv}{x=0.501400}|CCOC(C)(C)C{solv}{x=0.498600}>,CCC#N,CCOC(C)(C)C,fb-fit-v1-single-mean-k100,1,0.7604672289446717,0.0002259690450316,0.7532000000000002,0.0003
10830,435,dens_205210513551931414,435,Density,<Substance CCCC#N{solv}{x=0.200000}|c1ccccc1{solv}{x=0.800000}>,CCCC#N,c1ccccc1,fb-fit-v1-single-mean-k100,1,0.8670966125579829,0.000235884055447,0.8576940000000002,5.400000000000001e-05
10831,436,dens_841576887891022329,436,Density,<Substance CCCC#N{solv}{x=0.500000}|c1ccccc1{solv}{x=0.500000}>,CCCC#N,c1ccccc1,fb-fit-v1-single-mean-k100,1,0.8354039311853176,0.0002473958860734,0.8318550000000002,5.8000000000000014e-05
10832,437,dhmix_901910638840590393,437,EnthalpyOfMixing,<Substance CCCC#N{solv}{x=0.503700}|c1ccccc1{solv}{x=0.496300}>,CCCC#N,c1ccccc1,fb-fit-v1-single-mean-k100,1,-0.0111801212468023,0.0291014216187505,-0.0659,0.00145
10833,438,dhmix_1123099162248680479,438,EnthalpyOfMixing,<Substance CCCC#N{solv}{x=0.752800}|c1ccccc1{solv}{x=0.247200}>,CCCC#N,c1ccccc1,fb-fit-v1-single-mean-k100,1,-0.0262681437809177,0.0376216993012552,-0.0312,0.0008
10834,439,dhmix_1318990508180847616,439,EnthalpyOfMixing,<Substance CCCC#N{solv}{x=0.252800}|c1ccccc1{solv}{x=0.747200}>,CCCC#N,c1ccccc1,fb-fit-v1-single-mean-k100,1,0.0339698231625646,0.0389568712195802,-0.0571,0.00125
10835,440,dens_1950627772023797339,440,Density,<Substance CCCC#N{solv}{x=0.700000}|c1ccccc1{solv}{x=0.300000}>,CCCC#N,c1ccccc1,fb-fit-v1-single-mean-k100,1,0.8153641109053704,0.0002331365725586,0.8138540000000002,6.100000000000001e-05
10836,441,dhmix_207411229673186667,441,EnthalpyOfMixing,<Substance CC(C)(C)Cl{solv}{x=0.774700}|CC(C)OC(C)C{solv}{x=0.225300}>,CC(C)(C)Cl,CC(C)OC(C)C,fb-fit-v1-single-mean-k100,1,-0.0729187735369798,0.0453763806724281,0.0035,0.0004
10837,442,dhmix_263164663491745943,442,EnthalpyOfMixing,<Substance CC(C)(C)Cl{solv}{x=0.551200}|CC(C)OC(C)C{solv}{x=0.448800}>,CC(C)(C)Cl,CC(C)OC(C)C,fb-fit-v1-single-mean-k100,1,-0.2001485264101958,0.0402076425592804,0.0071,0.0004
10838,443,dens_1527979990628499053,443,Density,<Substance CC(C)(C)Cl{solv}{x=0.514800}|CC(C)OC(C)C{solv}{x=0.485200}>,CC(C)(C)Cl,CC(C)OC(C)C,fb-fit-v1-single-mean-k100,1,0.7905746605343251,0.000256042281259,0.7723510000000002,0.00042
10839,444,dens_1616242241384486673,444,Density,<Substance CC(C)(C)Cl{solv}{x=0.715200}|CC(C)OC(C)C{solv}{x=0.284800}>,CC(C)(C)Cl,CC(C)OC(C)C,fb-fit-v1-single-mean-k100,1,0.8174836728950077,0.0002848202905909,0.7971450000000002,0.0003945
10840,445,dens_2075469437997722238,445,Density,<Substance CC(C)(C)Cl{solv}{x=0.199100}|CC(C)OC(C)C{solv}{x=0.800900}>,CC(C)(C)Cl,CC(C)OC(C)C,fb-fit-v1-single-mean-k100,1,0.7530127718236482,0.00025946695459,0.7376660000000003,0.0004545
10841,446,dhmix_2101531043492089277,446,EnthalpyOfMixing,<Substance CC(C)(C)Cl{solv}{x=0.219200}|CC(C)OC(C)C{solv}{x=0.780800}>,CC(C)(C)Cl,CC(C)OC(C)C,fb-fit-v1-single-mean-k100,1,0.0031819745386023,0.0440611864248713,0.007,0.0004
10842,447,dens_210389881425986721,447,Density,<Substance C1COCO1{solv}{x=0.785000}|CCCCCC(C)=O{solv}{x=0.215000}>,C1COCO1,CCCCCC(C)=O,fb-fit-v1-single-mean-k100,1,0.9814269982473656,0.0002799015709001,0.9696500000000002,0.0003
10843,448,dhmix_503329310014436107,448,EnthalpyOfMixing,<Substance C1COCO1{solv}{x=0.750000}|CCCCCC(C)=O{solv}{x=0.250000}>,C1COCO1,CCCCCC(C)=O,fb-fit-v1-single-mean-k100,1,0.4743855124409037,0.0306408518021197,0.37402,0.001955
10844,449,dens_824084186033535550,449,Density,<Substance C1COCO1{solv}{x=0.507100}|CCCCCC(C)=O{solv}{x=0.492900}>,C1COCO1,CCCCCC(C)=O,fb-fit-v1-single-mean-k100,1,0.9000676428895836,0.0002168400322353,0.8936300000000003,0.00034
10845,450,dens_839548343309182157,450,Density,<Substance C1COCO1{solv}{x=0.244000}|CCCCCC(C)=O{solv}{x=0.756000}>,C1COCO1,CCCCCC(C)=O,fb-fit-v1-single-mean-k100,1,0.8479249672540778,0.0001903575766774,0.8445200000000002,0.00038
10846,451,dhmix_1519451899562488304,451,EnthalpyOfMixing,<Substance C1COCO1{solv}{x=0.250000}|CCCCCC(C)=O{solv}{x=0.750000}>,C1COCO1,CCCCCC(C)=O,fb-fit-v1-single-mean-k100,1,0.3900320009629681,0.0455650135549852,0.2754,0.00155
10847,452,dhmix_1874814461447958752,452,EnthalpyOfMixing,<Substance C1COCO1{solv}{x=0.500000}|CCCCCC(C)=O{solv}{x=0.500000}>,C1COCO1,CCCCCC(C)=O,fb-fit-v1-single-mean-k100,1,0.6124804331429345,0.0352641100434051,0.43148,0.00217
10848,453,dhmix_219236717194413479,453,EnthalpyOfMixing,<Substance CCOc1ccccc1{solv}{x=0.762500}|OCCCc1ccccc1{solv}{x=0.237500}>,CCOc1ccccc1,OCCCc1ccccc1,fb-fit-v1-single-mean-k100,1,1.0200942407875573,0.0502487249585283,1.1164,0.01195
10849,454,dens_391027492102555874,454,Density,<Substance CCOc1ccccc1{solv}{x=0.515000}|OCCCc1ccccc1{solv}{x=0.485000}>,CCOc1ccccc1,OCCCc1ccccc1,fb-fit-v1-single-mean-k100,1,0.9766743340849864,0.0002132848621748,0.9715100000000002,0.00026
10850,455,dens_603450583692592837,455,Density,<Substance CCOc1ccccc1{solv}{x=0.707400}|OCCCc1ccccc1{solv}{x=0.292600}>,CCOc1ccccc1,OCCCc1ccccc1,fb-fit-v1-single-mean-k100,1,0.9682420684984056,0.0001822373846166,0.9634300000000002,0.00026
10851,456,dhmix_1297428070131435744,456,EnthalpyOfMixing,<Substance CCOc1ccccc1{solv}{x=0.516900}|OCCCc1ccccc1{solv}{x=0.483100}>,CCOc1ccccc1,OCCCc1ccccc1,fb-fit-v1-single-mean-k100,1,1.0006505815098592,0.0468110844420603,0.989,0.0106
10852,457,dens_1659818614169719187,457,Density,<Substance CCOc1ccccc1{solv}{x=0.216400}|OCCCc1ccccc1{solv}{x=0.783600}>,CCOc1ccccc1,OCCCc1ccccc1,fb-fit-v1-single-mean-k100,1,0.9879583692614856,0.0001556310537487,0.9832000000000004,0.00026
10853,458,dhmix_2058966624473104004,458,EnthalpyOfMixing,<Substance CCOc1ccccc1{solv}{x=0.262900}|OCCCc1ccccc1{solv}{x=0.737100}>,CCOc1ccccc1,OCCCc1ccccc1,fb-fit-v1-single-mean-k100,1,0.9431151583458188,0.060350626852207,0.7,0.00755
10854,459,dhmix_224977805525763267,459,EnthalpyOfMixing,<Substance OCCO{solv}{x=0.519300}|O{solv}{x=0.480700}>,O,OCCO,fb-fit-v1-single-mean-k100,1,-0.1564163122262174,0.0308151381881719,-0.64,0.0035
10855,460,dhmix_454389511592218960,460,EnthalpyOfMixing,<Substance OCCO{solv}{x=0.790900}|O{solv}{x=0.209100}>,O,OCCO,fb-fit-v1-single-mean-k100,1,-0.0695123201127394,0.0432059123372994,-0.347,0.0025
10856,461,dens_624011570206871166,461,Density,<Substance OCCO{solv}{x=0.500560}|O{solv}{x=0.499440}>,O,OCCO,fb-fit-v1-single-mean-k100,1,1.095515662002828,0.0003415401788211,1.0923200000000002,0.0005
10857,462,dhmix_997365299263661959,462,EnthalpyOfMixing,<Substance OCCO{solv}{x=0.205100}|O{solv}{x=0.794900}>,O,OCCO,fb-fit-v1-single-mean-k100,1,-0.0634506141950872,0.0233028699020574,-0.681,0.004
10858,463,dens_1521229282261002740,463,Density,<Substance OCCO{solv}{x=0.299010}|O{solv}{x=0.700990}>,O,OCCO,fb-fit-v1-single-mean-k100,1,1.070175785714132,0.0004165410069519,1.0735400000000002,0.0005
10859,464,dens_2015496231826454735,464,Density,<Substance OCCO{solv}{x=0.706260}|O{solv}{x=0.293740}>,O,OCCO,fb-fit-v1-single-mean-k100,1,1.1127781764238427,0.0003741100328226,1.1022400000000003,0.0005
10860,465,dhmix_230261418136264651,465,EnthalpyOfMixing,<Substance CCCCOC(C)=O{solv}{x=0.700700}|CCOC(C)=O{solv}{x=0.299300}>,CCCCOC(C)=O,CCOC(C)=O,fb-fit-v1-single-mean-k100,1,0.0233960236586767,0.0475822307785849,0.0594,0.001
10861,466,dhmix_287092636460772443,466,EnthalpyOfMixing,<Substance CCCCOC(C)=O{solv}{x=0.501800}|CCOC(C)=O{solv}{x=0.498200}>,CCCCOC(C)=O,CCOC(C)=O,fb-fit-v1-single-mean-k100,1,0.0128779401378196,0.043347069524349,0.076,0.0012
10862,467,dens_436289636626232396,467,Density,<Substance CCCCOC(C)=O{solv}{x=0.501800}|CCOC(C)=O{solv}{x=0.498200}>,CCCCOC(C)=O,CCOC(C)=O,fb-fit-v1-single-mean-k100,1,0.8984312011608385,0.000211926137647,0.8829000000000002,0.0002
10863,468,dens_1739528506032569134,468,Density,<Substance CCCCOC(C)=O{solv}{x=0.201200}|CCOC(C)=O{solv}{x=0.798800}>,CCCCOC(C)=O,CCOC(C)=O,fb-fit-v1-single-mean-k100,1,0.9062549188319764,0.0002184932039707,0.8889000000000001,0.0002
10864,469,dhmix_1951544232160779982,469,EnthalpyOfMixing,<Substance CCCCOC(C)=O{solv}{x=0.201200}|CCOC(C)=O{solv}{x=0.798800}>,CCCCOC(C)=O,CCOC(C)=O,fb-fit-v1-single-mean-k100,1,-0.0157922542839301,0.0419295985598271,0.0524,0.0009
10865,470,dens_2199004103648094822,470,Density,<Substance CCCCOC(C)=O{solv}{x=0.700700}|CCOC(C)=O{solv}{x=0.299300}>,CCCCOC(C)=O,CCOC(C)=O,fb-fit-v1-single-mean-k100,1,0.8936956547454411,0.0002099444192672,0.8797000000000003,0.0002
10866,471,dens_230610561971140401,471,Density,<Substance CN(C)CCO{solv}{x=0.507700}|O{solv}{x=0.492300}>,CN(C)CCO,O,fb-fit-v1-single-mean-k100,1,0.9367418013588776,0.0005174830732234,0.9237220000000002,0.000504
10867,472,dens_531222131704065782,472,Density,<Substance CN(C)CCO{solv}{x=0.765200}|O{solv}{x=0.234800}>,CN(C)CCO,O,fb-fit-v1-single-mean-k100,1,0.9231908138635156,0.0004058006857566,0.8989030000000002,0.0005805
10868,473,dhmix_569544738684419327,473,EnthalpyOfMixing,<Substance CN(C)CCO{solv}{x=0.536500}|O{solv}{x=0.463500}>,CN(C)CCO,O,fb-fit-v1-single-mean-k100,1,-2.870403486055608,0.0587873139460016,-2.575,0.0525
10869,474,dens_1319192913326669904,474,Density,<Substance CN(C)CCO{solv}{x=0.264330}|O{solv}{x=0.735670}>,CN(C)CCO,O,fb-fit-v1-single-mean-k100,1,0.953355506854962,0.0003603387567053,0.9590000000000002,0.0029
10870,475,dhmix_1669606825693628140,475,EnthalpyOfMixing,<Substance CN(C)CCO{solv}{x=0.205200}|O{solv}{x=0.794800}>,CN(C)CCO,O,fb-fit-v1-single-mean-k100,1,-1.677872518024215,0.0233652840400642,-2.587,0.0525
10871,476,dhmix_1723343163215510297,476,EnthalpyOfMixing,<Substance CN(C)CCO{solv}{x=0.799600}|O{solv}{x=0.200400}>,CN(C)CCO,O,fb-fit-v1-single-mean-k100,1,-1.6631167140772476,0.0425996173020531,-1.247,0.0255
10872,477,dens_233554406241639981,477,Density,<Substance CC(C)CC(C)(C)C{solv}{x=0.200000}|CCCCOCCCC{solv}{x=0.800000}>,CC(C)CC(C)(C)C,CCCCOCCCC,fb-fit-v1-single-mean-k100,1,0.7536535200071105,0.0002007043378627,0.7497500000000001,0.00017
10873,478,dhmix_465541682585001245,478,EnthalpyOfMixing,<Substance CC(C)CC(C)(C)C{solv}{x=0.200400}|CCCCOCCCC{solv}{x=0.799600}>,CC(C)CC(C)(C)C,CCCCOCCCC,fb-fit-v1-single-mean-k100,1,0.2420755407637784,0.054780116932791,0.07397,0.00099
10874,479,dhmix_1505777056782392294,479,EnthalpyOfMixing,<Substance CC(C)CC(C)(C)C{solv}{x=0.400400}|CCCCOCCCC{solv}{x=0.599600}>,CC(C)CC(C)(C)C,CCCCOCCCC,fb-fit-v1-single-mean-k100,1,0.2925140036590363,0.0540809550093424,0.11538,0.001385
10875,480,dhmix_1595104467389948583,480,EnthalpyOfMixing,<Substance CC(C)CC(C)(C)C{solv}{x=0.700500}|CCCCOCCCC{solv}{x=0.299500}>,CC(C)CC(C)(C)C,CCCCOCCCC,fb-fit-v1-single-mean-k100,1,0.2563303302987663,0.050445334861318,0.10948,0.00133
10876,481,dens_1672861274914038509,481,Density,<Substance CC(C)CC(C)(C)C{solv}{x=0.399700}|CCCCOCCCC{solv}{x=0.600300}>,CC(C)CC(C)(C)C,CCCCOCCCC,fb-fit-v1-single-mean-k100,1,0.7435118150670479,0.0002000271285227,0.7348100000000001,0.000175
10877,482,dens_1954694146948787176,482,Density,<Substance CC(C)CC(C)(C)C{solv}{x=0.700000}|CCCCOCCCC{solv}{x=0.300000}>,CC(C)CC(C)(C)C,CCCCOCCCC,fb-fit-v1-single-mean-k100,1,0.7290986559339171,0.0001379423342485,0.7117300000000002,0.000185
10878,483,dens_234746850701826990,483,Density,<Substance CC#N{solv}{x=0.700000}|CCCCCO{solv}{x=0.300000}>,CC#N,CCCCCO,fb-fit-v1-single-mean-k100,1,0.7931532229109005,0.0002673131488177,0.7924200000000001,0.000165
10879,484,dens_1261543146081029601,484,Density,<Substance CC#N{solv}{x=0.500300}|CCCCCO{solv}{x=0.499700}>,CC#N,CCCCCO,fb-fit-v1-single-mean-k100,1,0.8020061220288239,0.00023411063749,0.7996400000000001,0.000185
10880,485,dens_1462197010819319813,485,Density,<Substance CC#N{solv}{x=0.203100}|CCCCCO{solv}{x=0.796900}>,CC#N,CCCCCO,fb-fit-v1-single-mean-k100,1,0.8122671855000545,0.0002257159482831,0.8090600000000001,0.00022
10881,486,dhmix_1595997756227951615,486,EnthalpyOfMixing,<Substance CC#N{solv}{x=0.235500}|CCCCCO{solv}{x=0.764500}>,CC#N,CCCCCO,fb-fit-v1-single-mean-k100,1,1.5179309797292897,0.0461119663717135,1.451,0.006
10882,487,dhmix_1745037615762894827,487,EnthalpyOfMixing,<Substance CC#N{solv}{x=0.516700}|CCCCCO{solv}{x=0.483300}>,CC#N,CCCCCO,fb-fit-v1-single-mean-k100,1,2.0398475993426093,0.030241057534416,2.017,0.008
10883,488,dhmix_2294048253872291609,488,EnthalpyOfMixing,<Substance CC#N{solv}{x=0.771100}|CCCCCO{solv}{x=0.228900}>,CC#N,CCCCCO,fb-fit-v1-single-mean-k100,1,1.7289310461378733,0.0294221203603623,1.656,0.007
10884,489,dens_237912652331354824,489,Density,<Substance C1COCCO1{solv}{x=0.512200}|CCCC(C)=O{solv}{x=0.487800}>,C1COCCO1,CCCC(C)=O,fb-fit-v1-single-mean-k100,1,0.9053865778157496,0.0002285066890756,0.90478,0.00023
10885,490,dhmix_951401191616771155,490,EnthalpyOfMixing,<Substance C1COCCO1{solv}{x=0.750000}|CCCC(C)=O{solv}{x=0.250000}>,C1COCCO1,CCCC(C)=O,fb-fit-v1-single-mean-k100,1,0.2511180633014049,0.0426899156965029,0.23761,0.00135
10886,491,dens_1815088975543208186,491,Density,<Substance C1COCCO1{solv}{x=0.225400}|CCCC(C)=O{solv}{x=0.774600}>,C1COCCO1,CCCC(C)=O,fb-fit-v1-single-mean-k100,1,0.8443433631199441,0.000221221867494,0.8442800000000001,0.00022
10887,492,dens_2079717107234551519,492,Density,<Substance C1COCCO1{solv}{x=0.782300}|CCCC(C)=O{solv}{x=0.217700}>,C1COCCO1,CCCC(C)=O,fb-fit-v1-single-mean-k100,1,0.971017157215426,0.0002513998526545,0.9692000000000004,0.000245
10888,493,dhmix_2166059870593139530,493,EnthalpyOfMixing,<Substance C1COCCO1{solv}{x=0.500000}|CCCC(C)=O{solv}{x=0.500000}>,C1COCCO1,CCCC(C)=O,fb-fit-v1-single-mean-k100,1,0.2735679740161174,0.037016221115766,0.26523,0.001455
10889,494,dhmix_2196150660196365471,494,EnthalpyOfMixing,<Substance C1COCCO1{solv}{x=0.250000}|CCCC(C)=O{solv}{x=0.750000}>,C1COCCO1,CCCC(C)=O,fb-fit-v1-single-mean-k100,1,0.2041123625759944,0.0427382622512406,0.1704,0.001085
10890,495,dhmix_243334109655928306,495,EnthalpyOfMixing,<Substance C1CCOCC1{solv}{x=0.783200}|c1ccccc1{solv}{x=0.216800}>,C1CCOCC1,c1ccccc1,fb-fit-v1-single-mean-k100,1,-0.0688355645913958,0.043587490458454,-0.1399,0.00165
10891,496,dens_257753427541292519,496,Density,<Substance C1CCOCC1{solv}{x=0.479400}|c1ccccc1{solv}{x=0.520600}>,C1CCOCC1,c1ccccc1,fb-fit-v1-single-mean-k100,1,0.8834662722771818,0.0002531437827261,0.8778700000000003,0.000505
10892,497,dhmix_604341867718608333,497,EnthalpyOfMixing,<Substance C1CCOCC1{solv}{x=0.242500}|c1ccccc1{solv}{x=0.757500}>,C1CCOCC1,c1ccccc1,fb-fit-v1-single-mean-k100,1,-0.1459364070635871,0.0410768919886626,-0.1608,0.00185
10893,498,dens_791001710124267373,498,Density,<Substance C1CCOCC1{solv}{x=0.223900}|c1ccccc1{solv}{x=0.776100}>,C1CCOCC1,c1ccccc1,fb-fit-v1-single-mean-k100,1,0.8869015802900992,0.0002411294143062,0.8761000000000002,0.0005
10894,499,dens_1402061243325720407,499,Density,<Substance C1CCOCC1{solv}{x=0.743200}|c1ccccc1{solv}{x=0.256800}>,C1CCOCC1,c1ccccc1,fb-fit-v1-single-mean-k100,1,0.8798068210478269,0.00021439870437,0.8789500000000002,0.000505
10895,500,dhmix_1407142629314355761,500,EnthalpyOfMixing,<Substance C1CCOCC1{solv}{x=0.498200}|c1ccccc1{solv}{x=0.501800}>,C1CCOCC1,c1ccccc1,fb-fit-v1-single-mean-k100,1,-0.0362009569356871,0.0399748264367929,-0.2365,0.00265
10896,501,dhmix_266800455813556356,501,EnthalpyOfMixing,<Substance CO{solv}{x=0.727200}|OCc1ccccc1{solv}{x=0.272800}>,CO,OCc1ccccc1,fb-fit-v1-single-mean-k100,1,0.0388006395561326,0.026453298573674,-0.0792,0.001
10897,502,dhmix_949671607207910651,502,EnthalpyOfMixing,<Substance CO{solv}{x=0.500500}|OCc1ccccc1{solv}{x=0.499500}>,CO,OCc1ccccc1,fb-fit-v1-single-mean-k100,1,0.0492717425331719,0.0391149885705559,-0.1408,0.00165
10898,503,dhmix_1388744759732522219,503,EnthalpyOfMixing,<Substance CO{solv}{x=0.200200}|OCc1ccccc1{solv}{x=0.799800}>,CO,OCc1ccccc1,fb-fit-v1-single-mean-k100,1,-0.013652200703575,0.0555830873474369,-0.1081,0.0013
10899,504,dens_270046772857960816,504,Density,<Substance C1CCOCC1{solv}{x=0.732100}|Cc1ccccc1{solv}{x=0.267900}>,C1CCOCC1,Cc1ccccc1,fb-fit-v1-single-mean-k100,1,0.8750290841739661,0.0002368928747475,0.8754100000000001,0.000505
10900,505,dens_324774743687652276,505,Density,<Substance C1CCOCC1{solv}{x=0.238700}|Cc1ccccc1{solv}{x=0.761300}>,C1CCOCC1,Cc1ccccc1,fb-fit-v1-single-mean-k100,1,0.8734985515841556,0.0002051442388237,0.8669900000000003,0.000505
10901,506,dhmix_390107187187002597,506,EnthalpyOfMixing,<Substance C1CCOCC1{solv}{x=0.531900}|Cc1ccccc1{solv}{x=0.468100}>,C1CCOCC1,Cc1ccccc1,fb-fit-v1-single-mean-k100,1,-0.1924999691482867,0.0412771314654037,-0.2225,0.0025
10902,507,dhmix_1070320975529400325,507,EnthalpyOfMixing,<Substance C1CCOCC1{solv}{x=0.280600}|Cc1ccccc1{solv}{x=0.719400}>,C1CCOCC1,Cc1ccccc1,fb-fit-v1-single-mean-k100,1,-0.1465193754370091,0.0372835401110434,-0.1687,0.00195
10903,508,dens_1397318239527979287,508,Density,<Substance C1CCOCC1{solv}{x=0.491500}|Cc1ccccc1{solv}{x=0.508500}>,C1CCOCC1,Cc1ccccc1,fb-fit-v1-single-mean-k100,1,0.8748680085889275,0.0002301645362314,0.8715100000000002,0.000505
10904,509,dhmix_1508130989501940613,509,EnthalpyOfMixing,<Substance C1CCOCC1{solv}{x=0.741300}|Cc1ccccc1{solv}{x=0.258700}>,C1CCOCC1,Cc1ccccc1,fb-fit-v1-single-mean-k100,1,-0.1778506097305978,0.03571918172517,-0.1629,0.0019
10905,510,dhmix_271732469428717581,510,EnthalpyOfMixing,<Substance COc1ccccc1{solv}{x=0.237400}|OCCCc1ccccc1{solv}{x=0.762600}>,COc1ccccc1,OCCCc1ccccc1,fb-fit-v1-single-mean-k100,1,0.3665756079795272,0.0499644210436548,0.6076,0.0066
10906,511,dhmix_1174392275991455181,511,EnthalpyOfMixing,<Substance COc1ccccc1{solv}{x=0.554700}|OCCCc1ccccc1{solv}{x=0.445300}>,COc1ccccc1,OCCCc1ccccc1,fb-fit-v1-single-mean-k100,1,0.97324360613284,0.045669061348605,1.0293,0.01105
10907,512,dhmix_1179341622676685107,512,EnthalpyOfMixing,<Substance COc1ccccc1{solv}{x=0.713600}|OCCCc1ccccc1{solv}{x=0.286400}>,COc1ccccc1,OCCCc1ccccc1,fb-fit-v1-single-mean-k100,1,1.025769590161076,0.0418666536403638,1.1088,0.0119
10908,513,dens_1468428612899754720,513,Density,<Substance COc1ccccc1{solv}{x=0.747700}|OCCCc1ccccc1{solv}{x=0.252300}>,COc1ccccc1,OCCCc1ccccc1,fb-fit-v1-single-mean-k100,1,0.9841298498602992,0.0001908688867045,0.9827800000000002,0.00026
10909,514,dens_1534619098234859574,514,Density,<Substance COc1ccccc1{solv}{x=0.555100}|OCCCc1ccccc1{solv}{x=0.444900}>,COc1ccccc1,OCCCc1ccccc1,fb-fit-v1-single-mean-k100,1,0.9880055938011632,0.0001875095287753,0.9852700000000002,0.00026
10910,515,dens_2298154173340539222,515,Density,<Substance COc1ccccc1{solv}{x=0.263600}|OCCCc1ccccc1{solv}{x=0.736400}>,COc1ccccc1,OCCCc1ccccc1,fb-fit-v1-single-mean-k100,1,0.991643035379598,0.0001649982873248,0.9885500000000002,0.00026
10911,516,dens_274848672468745759,516,Density,<Substance CCCCOC(C)=O{solv}{x=0.293400}|c1ccccc1{solv}{x=0.706600}>,CCCCOC(C)=O,c1ccccc1,fb-fit-v1-single-mean-k100,1,0.8871194864329238,0.0002331507491223,0.8736600000000002,0.00021
10912,517,dens_493354132810710227,517,Density,<Substance CCCCOC(C)=O{solv}{x=0.710500}|c1ccccc1{solv}{x=0.289500}>,CCCCOC(C)=O,c1ccccc1,fb-fit-v1-single-mean-k100,1,0.8870433210686532,0.0002198888273558,0.8751500000000002,0.000335
10913,518,dhmix_754807126845437364,518,EnthalpyOfMixing,<Substance CCCCOC(C)=O{solv}{x=0.495800}|c1ccccc1{solv}{x=0.504200}>,CCCCOC(C)=O,c1ccccc1,fb-fit-v1-single-mean-k100,1,0.0446937110151388,0.037580238390601,-0.0245,0.001
10914,519,dens_834118541551127044,519,Density,<Substance CCCCOC(C)=O{solv}{x=0.504400}|c1ccccc1{solv}{x=0.495600}>,CCCCOC(C)=O,c1ccccc1,fb-fit-v1-single-mean-k100,1,0.8869895172014487,0.0002027041836566,0.8744300000000002,0.000265
10915,520,dhmix_1349932525480083284,520,EnthalpyOfMixing,<Substance CCCCOC(C)=O{solv}{x=0.252300}|c1ccccc1{solv}{x=0.747700}>,CCCCOC(C)=O,c1ccccc1,fb-fit-v1-single-mean-k100,1,0.0936435190394391,0.0446694100424328,-0.014,0.0009
10916,521,dhmix_1597992980658352112,521,EnthalpyOfMixing,<Substance CCCCOC(C)=O{solv}{x=0.771400}|c1ccccc1{solv}{x=0.228600}>,CCCCOC(C)=O,c1ccccc1,fb-fit-v1-single-mean-k100,1,0.0512148068472058,0.0509775227860326,-0.0245,0.001
10917,522,dens_275501958869207518,522,Density,<Substance C1CCOCC1{solv}{x=0.226300}|Cc1ccccc1Cl{solv}{x=0.773700}>,C1CCOCC1,Cc1ccccc1Cl,fb-fit-v1-single-mean-k100,1,1.0521148378533105,0.000263331185841,1.0396,0.0005
10918,523,dhmix_818597523255588519,523,EnthalpyOfMixing,<Substance C1CCOCC1{solv}{x=0.753300}|Cc1ccccc1Cl{solv}{x=0.246700}>,C1CCOCC1,Cc1ccccc1Cl,fb-fit-v1-single-mean-k100,1,-0.2827270853904764,0.0334713150177603,-0.154,0.001
10919,524,dhmix_849121557716978550,524,EnthalpyOfMixing,<Substance C1CCOCC1{solv}{x=0.517500}|Cc1ccccc1Cl{solv}{x=0.482500}>,C1CCOCC1,Cc1ccccc1Cl,fb-fit-v1-single-mean-k100,1,-0.3813494742209542,0.0427924484222695,-0.22,0.0015
10920,525,dens_946978292781731327,525,Density,<Substance C1CCOCC1{solv}{x=0.478400}|Cc1ccccc1Cl{solv}{x=0.521600}>,C1CCOCC1,Cc1ccccc1Cl,fb-fit-v1-single-mean-k100,1,1.001168972112685,0.0001693135334802,0.9931600000000002,0.00051
10921,526,dhmix_997266220336132741,526,EnthalpyOfMixing,<Substance C1CCOCC1{solv}{x=0.263200}|Cc1ccccc1Cl{solv}{x=0.736800}>,C1CCOCC1,Cc1ccccc1Cl,fb-fit-v1-single-mean-k100,1,-0.2919014333334502,0.043953371299728,-0.175,0.001
10922,527,dens_1191185394819541532,527,Density,<Substance C1CCOCC1{solv}{x=0.765800}|Cc1ccccc1Cl{solv}{x=0.234200}>,C1CCOCC1,Cc1ccccc1Cl,fb-fit-v1-single-mean-k100,1,0.9360089762163548,0.0002586185005257,0.9336500000000002,0.000505
10923,528,dhmix_278334692660393021,528,EnthalpyOfMixing,<Substance CCCCCCC{solv}{x=0.205900}|CNc1ccccc1{solv}{x=0.794100}>,CCCCCCC,CNc1ccccc1,fb-fit-v1-single-mean-k100,1,1.662009452768494,0.0511897806663896,1.126,0.012
10924,529,dens_480658478095207102,529,Density,<Substance CCCCCCC{solv}{x=0.740500}|CNc1ccccc1{solv}{x=0.259500}>,CCCCCCC,CNc1ccccc1,fb-fit-v1-single-mean-k100,1,0.7428625888911231,0.0002106301705987,0.7424910000000001,0.00014
10925,530,dhmix_898293423987680187,530,EnthalpyOfMixing,<Substance CCCCCCC{solv}{x=0.501700}|CNc1ccccc1{solv}{x=0.498300}>,CCCCCCC,CNc1ccccc1,fb-fit-v1-single-mean-k100,1,2.1703468605606986,0.04315512876784,1.676,0.018
10926,531,dens_1509968737377061562,531,Density,<Substance CCCCCCC{solv}{x=0.250900}|CNc1ccccc1{solv}{x=0.749100}>,CCCCCCC,CNc1ccccc1,fb-fit-v1-single-mean-k100,1,0.8981606336217114,0.00021760341432,0.8897150000000003,0.0002615
10927,532,dhmix_1680546488782143957,532,EnthalpyOfMixing,<Substance CCCCCCC{solv}{x=0.703200}|CNc1ccccc1{solv}{x=0.296800}>,CCCCCCC,CNc1ccccc1,fb-fit-v1-single-mean-k100,1,1.7340677895578125,0.037674074654807,1.539,0.0165
10928,533,dens_2074014246120135820,533,Density,<Substance CCCCCCC{solv}{x=0.497000}|CNc1ccccc1{solv}{x=0.503000}>,CCCCCCC,CNc1ccccc1,fb-fit-v1-single-mean-k100,1,0.8147970146737938,0.0001904085059808,0.8106920000000002,0.0001785
10929,534,dens_296890921001565391,534,Density,<Substance CCCCN{solv}{x=0.755200}|CN(C)C=O{solv}{x=0.244800}>,CCCCN,CN(C)C=O,fb-fit-v1-single-mean-k100,1,0.7887073786245979,0.0002591895255641,0.7762150000000002,0.000949
10930,535,dens_380536870617309130,535,Density,<Substance CCCCN{solv}{x=0.242800}|CN(C)C=O{solv}{x=0.757200}>,CCCCN,CN(C)C=O,fb-fit-v1-single-mean-k100,1,0.878216040184429,0.0002308406234506,0.8845160000000002,0.0010795
10931,536,dhmix_493117160214491795,536,EnthalpyOfMixing,<Substance CCCCN{solv}{x=0.244100}|CN(C)C=O{solv}{x=0.755900}>,CCCCN,CN(C)C=O,fb-fit-v1-single-mean-k100,1,0.2027441346742051,0.0323664855787024,0.245,0.008
10932,537,dhmix_789225002934078019,537,EnthalpyOfMixing,<Substance CCCCN{solv}{x=0.750200}|CN(C)C=O{solv}{x=0.249800}>,CCCCN,CN(C)C=O,fb-fit-v1-single-mean-k100,1,0.3029945702047456,0.0362618065639701,0.32,0.01
10933,538,dhmix_941321571782058819,538,EnthalpyOfMixing,<Substance CCCCN{solv}{x=0.499200}|CN(C)C=O{solv}{x=0.500800}>,CCCCN,CN(C)C=O,fb-fit-v1-single-mean-k100,1,0.3371887542519403,0.0408668498775572,0.384,0.0115
10934,539,dens_2179361372918836941,539,Density,<Substance CCCCN{solv}{x=0.497200}|CN(C)C=O{solv}{x=0.502800}>,CCCCN,CN(C)C=O,fb-fit-v1-single-mean-k100,1,0.8324699534743485,0.000261182723247,0.8277360000000001,0.001011
10935,540,dens_300257448272323407,540,Density,<Substance CC(C)O{solv}{x=0.745200}|NCCN{solv}{x=0.254800}>,CC(C)O,NCCN,fb-fit-v1-single-mean-k100,1,0.8444018174834965,0.0002646532112619,0.8163970000000003,0.0002325
10936,541,dens_924750366683277351,541,Density,<Substance CC(C)O{solv}{x=0.203100}|NCCN{solv}{x=0.796900}>,CC(C)O,NCCN,fb-fit-v1-single-mean-k100,1,0.9523710943659424,0.0002618686244059,0.8736620000000003,0.0002225
10937,542,dens_2284409308160572308,542,Density,<Substance CC(C)O{solv}{x=0.489100}|NCCN{solv}{x=0.510900}>,CC(C)O,NCCN,fb-fit-v1-single-mean-k100,1,0.8917321023013369,0.0002875372594915,0.8449250000000001,0.0002245
10938,543,dens_305501840068636812,543,Density,<Substance CC(C)=O{solv}{x=0.750000}|CCO{solv}{x=0.250000}>,CC(C)=O,CCO,fb-fit-v1-single-mean-k100,1,0.7894503591469427,0.0003019615397555,0.7859000000000002,0.000115
10939,544,dens_472577738907297293,544,Density,<Substance CC(C)=O{solv}{x=0.250000}|CCO{solv}{x=0.750000}>,CC(C)=O,CCO,fb-fit-v1-single-mean-k100,1,0.7889650771029108,0.0002303367123513,0.7861600000000002,0.000115
10940,545,dens_2271083741716457850,545,Density,<Substance CC(C)=O{solv}{x=0.499900}|CCO{solv}{x=0.500100}>,CC(C)=O,CCO,fb-fit-v1-single-mean-k100,1,0.7888499168087784,0.0003077709984724,0.7861900000000003,0.000115
10941,546,dens_307445163336341047,546,Density,<Substance CN1CCCC1=O{solv}{x=0.703700}|ClCCCl{solv}{x=0.296300}>,CN1CCCC1=O,ClCCCl,fb-fit-v1-single-mean-k100,1,1.0768311555199594,0.0002604325265533,1.0851000000000002,0.0002
10942,547,dhmix_453866769634566853,547,EnthalpyOfMixing,<Substance CN1CCCC1=O{solv}{x=0.253100}|ClCCCl{solv}{x=0.746900}>,CN1CCCC1=O,ClCCCl,fb-fit-v1-single-mean-k100,1,-0.4394690927571325,0.0317991745773486,-0.8118,0.01525
10943,548,dhmix_536206650470008584,548,EnthalpyOfMixing,<Substance CN1CCCC1=O{solv}{x=0.500000}|ClCCCl{solv}{x=0.500000}>,CN1CCCC1=O,ClCCCl,fb-fit-v1-single-mean-k100,1,-0.4771450717113961,0.0369499084089289,-1.264,0.0055
10944,549,dens_1046625605566999080,549,Density,<Substance CN1CCCC1=O{solv}{x=0.202500}|ClCCCl{solv}{x=0.797500}>,CN1CCCC1=O,ClCCCl,fb-fit-v1-single-mean-k100,1,1.188801883160081,0.0003507237050699,1.1953000000000005,0.00025
10945,550,dhmix_1620571823529677157,550,EnthalpyOfMixing,<Substance CN1CCCC1=O{solv}{x=0.736700}|ClCCCl{solv}{x=0.263300}>,CN1CCCC1=O,ClCCCl,fb-fit-v1-single-mean-k100,1,-0.2537211423736476,0.0420917700584426,-0.8587,0.01605
10946,551,dens_2059567022041766694,551,Density,<Substance CN1CCCC1=O{solv}{x=0.497500}|ClCCCl{solv}{x=0.502500}>,CN1CCCC1=O,ClCCCl,fb-fit-v1-single-mean-k100,1,1.1233009054636236,0.0003315099438506,1.1283000000000003,0.0002
10947,552,dens_313234519309892479,552,Density,<Substance CC(=O)N(C)C{solv}{x=0.293800}|CCCCCCCCCl{solv}{x=0.706200}>,CC(=O)N(C)C,CCCCCCCCCl,fb-fit-v1-single-mean-k100,1,0.8760137085546822,0.000213948182803,0.8796000000000003,0.00045
10948,553,dhmix_444785917463403590,553,EnthalpyOfMixing,<Substance CC(=O)N(C)C{solv}{x=0.703000}|CCCCCCCCCl{solv}{x=0.297000}>,CC(=O)N(C)C,CCCCCCCCCl,fb-fit-v1-single-mean-k100,1,0.9597908332105476,0.0451284823054484,0.751,0.004
10949,554,dhmix_705168937124106402,554,EnthalpyOfMixing,<Substance CC(=O)N(C)C{solv}{x=0.215000}|CCCCCCCCCl{solv}{x=0.785000}>,CC(=O)N(C)C,CCCCCCCCCl,fb-fit-v1-single-mean-k100,1,0.6636672483738124,0.0513750967830429,0.519,0.0035
10950,555,dens_1549584991651515376,555,Density,<Substance CC(=O)N(C)C{solv}{x=0.502200}|CCCCCCCCCl{solv}{x=0.497800}>,CC(=O)N(C)C,CCCCCCCCCl,fb-fit-v1-single-mean-k100,1,0.8827920094936532,0.0002196343406198,0.8902000000000002,0.0004
10951,556,dhmix_1732161251827083272,556,EnthalpyOfMixing,<Substance CC(=O)N(C)C{solv}{x=0.508000}|CCCCCCCCCl{solv}{x=0.492000}>,CC(=O)N(C)C,CCCCCCCCCl,fb-fit-v1-single-mean-k100,1,1.0521590260353904,0.0527036040872598,0.829,0.004
10952,557,dens_2189889607118243828,557,Density,<Substance CC(=O)N(C)C{solv}{x=0.700500}|CCCCCCCCCl{solv}{x=0.299500}>,CC(=O)N(C)C,CCCCCCCCCl,fb-fit-v1-single-mean-k100,1,0.8903665088811238,0.0002360248924284,0.9041000000000002,0.00035
10953,558,dens_314482396827660717,558,Density,<Substance BrCCBr{solv}{x=0.753700}|COC(C)=O{solv}{x=0.246300}>,BrCCBr,COC(C)=O,fb-fit-v1-single-mean-k100,1,1.8478166286972704,0.0006847996468068,1.8774400000000004,0.003355
10954,559,dens_344993892965738820,559,Density,<Substance BrCCBr{solv}{x=0.275200}|COC(C)=O{solv}{x=0.724800}>,BrCCBr,COC(C)=O,fb-fit-v1-single-mean-k100,1,1.2909094735038644,0.000353722089045,1.2862400000000005,0.001125
10955,560,dhmix_545996968666061076,560,EnthalpyOfMixing,<Substance BrCCBr{solv}{x=0.720900}|COC(C)=O{solv}{x=0.279100}>,BrCCBr,COC(C)=O,fb-fit-v1-single-mean-k100,1,0.1570115795980342,0.0335173578866561,0.2594,0.0028
10956,561,dens_714044009336077786,561,Density,<Substance BrCCBr{solv}{x=0.512100}|COC(C)=O{solv}{x=0.487900}>,BrCCBr,COC(C)=O,fb-fit-v1-single-mean-k100,1,1.5747276361547493,0.0004813177711181,1.5834900000000005,0.0021
10957,562,dhmix_1222511035002547253,562,EnthalpyOfMixing,<Substance BrCCBr{solv}{x=0.485500}|COC(C)=O{solv}{x=0.514500}>,BrCCBr,COC(C)=O,fb-fit-v1-single-mean-k100,1,0.1809442784120811,0.0342691267335201,0.2577,0.00275
10958,563,dhmix_1418101673429653456,563,EnthalpyOfMixing,<Substance BrCCBr{solv}{x=0.250800}|COC(C)=O{solv}{x=0.749200}>,BrCCBr,COC(C)=O,fb-fit-v1-single-mean-k100,1,0.1494112173478825,0.0340350839704884,0.1202,0.0017
10959,564,dens_314934747194338330,564,Density,<Substance CC(C)CCl{solv}{x=0.513700}|CC(C)OC(C)C{solv}{x=0.486300}>,CC(C)CCl,CC(C)OC(C)C,fb-fit-v1-single-mean-k100,1,0.7946109276906653,0.0002978093080925,0.7878250000000002,0.000405
10960,565,dhmix_355399496844187096,565,EnthalpyOfMixing,<Substance CC(C)CCl{solv}{x=0.545300}|CC(C)OC(C)C{solv}{x=0.454700}>,CC(C)CCl,CC(C)OC(C)C,fb-fit-v1-single-mean-k100,1,-0.0262149859859945,0.0430562601672918,-0.0957,0.0012
10961,566,dens_688062365117407068,566,Density,<Substance CC(C)CCl{solv}{x=0.805900}|CC(C)OC(C)C{solv}{x=0.194100}>,CC(C)CCl,CC(C)OC(C)C,fb-fit-v1-single-mean-k100,1,0.8382270562875113,0.0003079456405952,0.8355300000000002,0.0003555
10962,567,dhmix_1411881046585885461,567,EnthalpyOfMixing,<Substance CC(C)CCl{solv}{x=0.090700}|CC(C)OC(C)C{solv}{x=0.909300}>,CC(C)CCl,CC(C)OC(C)C,fb-fit-v1-single-mean-k100,1,-0.1732454070510964,0.0428937425448226,-0.0302,0.00055
10963,568,dens_1762455266351712367,568,Density,<Substance CC(C)CCl{solv}{x=0.091000}|CC(C)OC(C)C{solv}{x=0.909000}>,CC(C)CCl,CC(C)OC(C)C,fb-fit-v1-single-mean-k100,1,0.742216499089105,0.0002086088328291,0.7293950000000001,0.000464
10964,569,dhmix_2302865667781063708,569,EnthalpyOfMixing,<Substance CC(C)CCl{solv}{x=0.727000}|CC(C)OC(C)C{solv}{x=0.273000}>,CC(C)CCl,CC(C)OC(C)C,fb-fit-v1-single-mean-k100,1,-0.0958905166920871,0.0319166320405795,-0.0791,0.001
10965,570,dens_321327254341950207,570,Density,<Substance C1COCCO1{solv}{x=0.780300}|CCCCCC(C)=O{solv}{x=0.219700}>,C1COCCO1,CCCCCC(C)=O,fb-fit-v1-single-mean-k100,1,0.9606169192815373,0.0002460217001003,0.9576500000000002,0.0003
10966,571,dens_377701756930918353,571,Density,<Substance C1COCCO1{solv}{x=0.500600}|CCCCCC(C)=O{solv}{x=0.499400}>,C1COCCO1,CCCCCC(C)=O,fb-fit-v1-single-mean-k100,1,0.894133468788296,0.0001970323190509,0.8916700000000002,0.000345
10967,572,dhmix_600625644134907580,572,EnthalpyOfMixing,<Substance C1COCCO1{solv}{x=0.500000}|CCCCCC(C)=O{solv}{x=0.500000}>,C1COCCO1,CCCCCC(C)=O,fb-fit-v1-single-mean-k100,1,0.5015283271201554,0.0460443287994899,0.4509,0.002255
10968,573,dens_1451069448215305244,573,Density,<Substance C1COCCO1{solv}{x=0.220300}|CCCCCC(C)=O{solv}{x=0.779700}>,C1COCCO1,CCCCCC(C)=O,fb-fit-v1-single-mean-k100,1,0.8446816399285747,0.0001556953275935,0.8420800000000003,0.000385
10969,574,dhmix_2028813035406256788,574,EnthalpyOfMixing,<Substance C1COCCO1{solv}{x=0.750000}|CCCCCC(C)=O{solv}{x=0.250000}>,C1COCCO1,CCCCCC(C)=O,fb-fit-v1-single-mean-k100,1,0.4811232150908893,0.0444766726927586,0.4064,0.00209
10970,575,dhmix_2222211577832383320,575,EnthalpyOfMixing,<Substance C1COCCO1{solv}{x=0.250000}|CCCCCC(C)=O{solv}{x=0.750000}>,C1COCCO1,CCCCCC(C)=O,fb-fit-v1-single-mean-k100,1,0.360502574387965,0.0497209815068438,0.2911,0.00164
10971,576,dhmix_325212618372456630,576,EnthalpyOfMixing,<Substance CCCCCCC{solv}{x=0.500000}|c1ccccc1{solv}{x=0.500000}>,CCCCCCC,c1ccccc1,fb-fit-v1-single-mean-k100,1,1.3271861240704226,0.0452077999635254,0.9235,0.0051
10972,577,dhmix_409350268177199962,577,EnthalpyOfMixing,<Substance CCCCCCC{solv}{x=0.751900}|c1ccccc1{solv}{x=0.248100}>,CCCCCCC,c1ccccc1,fb-fit-v1-single-mean-k100,1,0.9626762743203016,0.0420527214462118,0.6047,0.0035
10973,578,dens_1685942387769177799,578,Density,<Substance CCCCCCC{solv}{x=0.913667}|c1ccccc1{solv}{x=0.086333}>,CCCCCCC,c1ccccc1,fb-fit-v1-single-mean-k100,1,0.6874240296222929,0.0002076931927238,0.6892400000000002,0.000805
10974,579,dens_2148382258223830900,579,Density,<Substance CCCCCCC{solv}{x=0.273700}|c1ccccc1{solv}{x=0.726300}>,CCCCCCC,c1ccccc1,fb-fit-v1-single-mean-k100,1,0.7943660198685941,0.000231640912141,0.7855000000000002,0.00015
10975,580,dens_2219829254239605828,580,Density,<Substance CCCCCCC{solv}{x=0.492200}|c1ccccc1{solv}{x=0.507800}>,CCCCCCC,c1ccccc1,fb-fit-v1-single-mean-k100,1,0.7461535223566456,0.0002751377403143,0.7409000000000001,0.00015
10976,581,dhmix_2296565820723783732,581,EnthalpyOfMixing,<Substance CCCCCCC{solv}{x=0.242400}|c1ccccc1{solv}{x=0.757600}>,CCCCCCC,c1ccccc1,fb-fit-v1-single-mean-k100,1,1.1766447845281078,0.0392131257567276,0.7775,0.0044
10977,582,dens_326446104630354701,582,Density,<Substance BrCCBr{solv}{x=0.728600}|CCC(=O)OC{solv}{x=0.271400}>,BrCCBr,CCC(=O)OC,fb-fit-v1-single-mean-k100,1,1.7673305011287088,0.0005526891326268,1.7949900000000003,0.00303
10978,583,dens_886315086380393150,583,Density,<Substance BrCCBr{solv}{x=0.494400}|CCC(=O)OC{solv}{x=0.505600}>,BrCCBr,CCC(=O)OC,fb-fit-v1-single-mean-k100,1,1.4825075181299967,0.0004838678317792,1.4941800000000005,0.001825
10979,584,dhmix_1410129135672303476,584,EnthalpyOfMixing,<Substance BrCCBr{solv}{x=0.491400}|CCC(=O)OC{solv}{x=0.508600}>,BrCCBr,CCC(=O)OC,fb-fit-v1-single-mean-k100,1,-0.0665595673873333,0.0362127847130093,0.0195,0.00185
10980,585,dhmix_1551714230583118668,585,EnthalpyOfMixing,<Substance BrCCBr{solv}{x=0.755400}|CCC(=O)OC{solv}{x=0.244600}>,BrCCBr,CCC(=O)OC,fb-fit-v1-single-mean-k100,1,0.0693305723119364,0.0322154602219685,0.09,0.00295
10981,586,dhmix_1596310059176209101,586,EnthalpyOfMixing,<Substance BrCCBr{solv}{x=0.214800}|CCC(=O)OC{solv}{x=0.785200}>,BrCCBr,CCC(=O)OC,fb-fit-v1-single-mean-k100,1,-0.0473031811186728,0.0393921967501561,-0.0281,0.002
10982,587,dens_1860027304017736150,587,Density,<Substance BrCCBr{solv}{x=0.257000}|CCC(=O)OC{solv}{x=0.743000}>,BrCCBr,CCC(=O)OC,fb-fit-v1-single-mean-k100,1,1.2038338792997234,0.0003835892120509,1.2059400000000002,0.000915
10983,588,dhmix_334328961632702336,588,EnthalpyOfMixing,<Substance Cc1ccccc1N{solv}{x=0.492600}|Cc1cccnc1{solv}{x=0.507400}>,Cc1ccccc1N,Cc1cccnc1,fb-fit-v1-single-mean-k100,1,-1.3524942345447108,0.0380838349422229,-1.4091,0.0287
10984,589,dhmix_382843935535082222,589,EnthalpyOfMixing,<Substance Cc1ccccc1N{solv}{x=0.232300}|Cc1cccnc1{solv}{x=0.767700}>,Cc1ccccc1N,Cc1cccnc1,fb-fit-v1-single-mean-k100,1,-1.1436414823152283,0.0438261600289889,-1.1196,0.02285
10985,590,dens_890019852111400701,590,Density,<Substance Cc1ccccc1N{solv}{x=0.533600}|Cc1cccnc1{solv}{x=0.466400}>,Cc1ccccc1N,Cc1cccnc1,fb-fit-v1-single-mean-k100,1,0.9914906197808862,0.0002038655806114,0.9795770000000004,0.0001185
10986,591,dens_1033313642915027277,591,Density,<Substance Cc1ccccc1N{solv}{x=0.737200}|Cc1cccnc1{solv}{x=0.262800}>,Cc1ccccc1N,Cc1cccnc1,fb-fit-v1-single-mean-k100,1,1.0040921780737566,0.0002158890513903,0.9867010000000004,0.000118
10987,592,dhmix_1057104304179164775,592,EnthalpyOfMixing,<Substance Cc1ccccc1N{solv}{x=0.778900}|Cc1cccnc1{solv}{x=0.221100}>,Cc1ccccc1N,Cc1cccnc1,fb-fit-v1-single-mean-k100,1,-0.9489335418719644,0.0506840122260663,-0.8735,0.01785
10988,593,dens_1445313714023685702,593,Density,<Substance Cc1ccccc1N{solv}{x=0.246700}|Cc1cccnc1{solv}{x=0.753300}>,Cc1ccccc1N,Cc1cccnc1,fb-fit-v1-single-mean-k100,1,0.9700782022542956,0.0001876439486851,0.9668750000000004,0.00012
10989,594,dens_335631113096608920,594,Density,<Substance CCC(C)=O{solv}{x=0.501800}|CCCCNCCCC{solv}{x=0.498200}>,CCC(C)=O,CCCCNCCCC,fb-fit-v1-single-mean-k100,1,0.7740306270200383,0.0001856586162546,0.7693960000000002,9.950000000000003e-05
10990,595,dhmix_551451232292287572,595,EnthalpyOfMixing,<Substance CCC(C)=O{solv}{x=0.215400}|CCCCNCCCC{solv}{x=0.784600}>,CCC(C)=O,CCCCNCCCC,fb-fit-v1-single-mean-k100,1,0.1019657360496637,0.041039287563159,0.417,0.0045
10991,596,dens_800787154192710377,596,Density,<Substance CCC(C)=O{solv}{x=0.260300}|CCCCNCCCC{solv}{x=0.739700}>,CCC(C)=O,CCCCNCCCC,fb-fit-v1-single-mean-k100,1,0.7670232607477204,0.0001869246473501,0.7614750000000002,0.0001005
10992,597,dhmix_1210431916849512476,597,EnthalpyOfMixing,<Substance CCC(C)=O{solv}{x=0.504400}|CCCCNCCCC{solv}{x=0.495600}>,CCC(C)=O,CCCCNCCCC,fb-fit-v1-single-mean-k100,1,0.1041973847507122,0.0394954361903406,0.619,0.0065
10993,598,dhmix_1503682496766473076,598,EnthalpyOfMixing,<Substance CCC(C)=O{solv}{x=0.792200}|CCCCNCCCC{solv}{x=0.207800}>,CCC(C)=O,CCCCNCCCC,fb-fit-v1-single-mean-k100,1,0.1101150961982888,0.0429325849250118,0.425,0.0045
10994,599,dens_2232561341275312196,599,Density,<Substance CCC(C)=O{solv}{x=0.747300}|CCCCNCCCC{solv}{x=0.252700}>,CCC(C)=O,CCCCNCCCC,fb-fit-v1-single-mean-k100,1,0.7824422851108062,0.0002121616900642,0.7810500000000001,9.750000000000004e-05
10995,600,dhmix_335934546122425398,600,EnthalpyOfMixing,<Substance C1CCOCC1{solv}{x=0.550000}|O=C1CCCC1{solv}{x=0.450000}>,C1CCOCC1,O=C1CCCC1,fb-fit-v1-single-mean-k100,1,0.1303774585787351,0.0427498127982375,0.15813,0.001
10996,601,dhmix_337659115721770978,601,EnthalpyOfMixing,<Substance C1CCOCC1{solv}{x=0.250000}|O=C1CCCC1{solv}{x=0.750000}>,C1CCOCC1,O=C1CCCC1,fb-fit-v1-single-mean-k100,1,0.0545288718258945,0.0438327486027805,0.11325,0.00084
10997,602,dens_579415285212890284,602,Density,<Substance C1CCOCC1{solv}{x=0.708000}|O=C1CCCC1{solv}{x=0.292000}>,C1CCOCC1,O=C1CCCC1,fb-fit-v1-single-mean-k100,1,0.8935973556787015,0.000238160628374,0.8972200000000002,0.00023
10998,603,dens_788777315764582180,603,Density,<Substance C1CCOCC1{solv}{x=0.549800}|O=C1CCCC1{solv}{x=0.450200}>,C1CCOCC1,O=C1CCCC1,fb-fit-v1-single-mean-k100,1,0.9039655794798764,0.0002529781502028,0.9073000000000002,0.000235
10999,604,dens_1539654406736576807,604,Density,<Substance C1CCOCC1{solv}{x=0.235400}|O=C1CCCC1{solv}{x=0.764600}>,C1CCOCC1,O=C1CCCC1,fb-fit-v1-single-mean-k100,1,0.9229612834591596,0.0002349299136936,0.9281000000000004,0.00024
11000,605,dhmix_1706969020375394315,605,EnthalpyOfMixing,<Substance C1CCOCC1{solv}{x=0.750000}|O=C1CCCC1{solv}{x=0.250000}>,C1CCOCC1,O=C1CCCC1,fb-fit-v1-single-mean-k100,1,0.0727793874759896,0.0369155798670562,0.12811,0.000895
11001,606,dens_337077748334497354,606,Density,<Substance CN1CCCCC1{solv}{x=0.245200}|O{solv}{x=0.754800}>,CN1CCCCC1,O,fb-fit-v1-single-mean-k100,1,0.901664149042914,0.000355171784116,0.9038110000000004,9.700000000000004e-05
11002,607,dens_1619467922469494964,607,Density,<Substance CN1CCCCC1{solv}{x=0.790700}|O{solv}{x=0.209300}>,CN1CCCCC1,O,fb-fit-v1-single-mean-k100,1,0.8563502208954863,0.0002037018275451,0.8260470000000002,0.000108
11003,608,dens_1725290505257505407,608,Density,<Substance CN1CCCCC1{solv}{x=0.505000}|O{solv}{x=0.495000}>,CN1CCCCC1,O,fb-fit-v1-single-mean-k100,1,0.8747883914687524,0.0002260092528403,0.8581580000000002,9.450000000000002e-05
11004,609,dhmix_344305070199657817,609,EnthalpyOfMixing,<Substance CC(C)CC(C)(C)C{solv}{x=0.200300}|CCCO{solv}{x=0.799700}>,CC(C)CC(C)(C)C,CCCO,fb-fit-v1-single-mean-k100,1,0.3719176733326463,0.0439747178512905,0.308,0.0055
11005,610,dens_1020839744665732433,610,Density,<Substance CC(C)CC(C)(C)C{solv}{x=0.200100}|CCCO{solv}{x=0.799900}>,CC(C)CC(C)(C)C,CCCO,fb-fit-v1-single-mean-k100,1,0.7677149584446966,0.0002340549936871,0.7589500000000002,0.00029
11006,611,dens_1348847431810734601,611,Density,<Substance CC(C)CC(C)(C)C{solv}{x=0.700000}|CCCO{solv}{x=0.300000}>,CC(C)CC(C)(C)C,CCCO,fb-fit-v1-single-mean-k100,1,0.7266674638924394,0.0002091603209598,0.7046500000000001,0.00028
11007,612,dhmix_1376194238727172922,612,EnthalpyOfMixing,<Substance CC(C)CC(C)(C)C{solv}{x=0.499800}|CCCO{solv}{x=0.500200}>,CC(C)CC(C)(C)C,CCCO,fb-fit-v1-single-mean-k100,1,0.584999726457184,0.045593992756632,0.6025,0.0027
11008,613,dhmix_1868873434415785592,613,EnthalpyOfMixing,<Substance CC(C)CC(C)(C)C{solv}{x=0.699900}|CCCO{solv}{x=0.300100}>,CC(C)CC(C)(C)C,CCCO,fb-fit-v1-single-mean-k100,1,0.6336100946991223,0.0491226432664707,0.6544,0.0029
11009,614,dens_1870552320710773195,614,Density,<Substance CC(C)CC(C)(C)C{solv}{x=0.500000}|CCCO{solv}{x=0.500000}>,CC(C)CC(C)(C)C,CCCO,fb-fit-v1-single-mean-k100,1,0.7397078104900979,0.0002151508189414,0.7214400000000002,0.00028
11010,615,dens_344701479262570906,615,Density,<Substance C1CCOCC1{solv}{x=0.246100}|Cc1cccnc1{solv}{x=0.753900}>,C1CCOCC1,Cc1cccnc1,fb-fit-v1-single-mean-k100,1,0.9319059948566843,0.0002347759474098,0.9348570000000002,0.0004915
11011,616,dhmix_772935681699310364,616,EnthalpyOfMixing,<Substance C1CCOCC1{solv}{x=0.480300}|Cc1cccnc1{solv}{x=0.519700}>,C1CCOCC1,Cc1cccnc1,fb-fit-v1-single-mean-k100,1,-0.0372628907507603,0.0396778782812875,0.1271,0.00115
11012,617,dens_1179184695460672925,617,Density,<Substance C1CCOCC1{solv}{x=0.756800}|Cc1cccnc1{solv}{x=0.243200}>,C1CCOCC1,Cc1cccnc1,fb-fit-v1-single-mean-k100,1,0.8950610802423608,0.0002259643074117,0.8976640000000002,0.0004655
11013,618,dens_1273033541520518804,618,Density,<Substance C1CCOCC1{solv}{x=0.482700}|Cc1cccnc1{solv}{x=0.517300}>,C1CCOCC1,Cc1cccnc1,fb-fit-v1-single-mean-k100,1,0.9154269067540628,0.0002511522502189,0.9179640000000002,0.00048
11014,619,dhmix_1594947441282636711,619,EnthalpyOfMixing,<Substance C1CCOCC1{solv}{x=0.735500}|Cc1cccnc1{solv}{x=0.264500}>,C1CCOCC1,Cc1cccnc1,fb-fit-v1-single-mean-k100,1,0.0361700100517907,0.0424669035320201,0.0924,0.00095
11015,620,dhmix_2075643137470349800,620,EnthalpyOfMixing,<Substance C1CCOCC1{solv}{x=0.273200}|Cc1cccnc1{solv}{x=0.726800}>,C1CCOCC1,Cc1cccnc1,fb-fit-v1-single-mean-k100,1,0.0457884703552622,0.0447627398398968,0.1036,0.001
11016,621,dhmix_346841872844739570,621,EnthalpyOfMixing,<Substance CC#N{solv}{x=0.700700}|CCOC(C)(C)C{solv}{x=0.299300}>,CC#N,CCOC(C)(C)C,fb-fit-v1-single-mean-k100,1,0.195554531689762,0.0334899689431852,0.6176,0.0084
11017,622,dhmix_840136828933604757,622,EnthalpyOfMixing,<Substance CC#N{solv}{x=0.199000}|CCOC(C)(C)C{solv}{x=0.801000}>,CC#N,CCOC(C)(C)C,fb-fit-v1-single-mean-k100,1,0.1268151687255256,0.0463689431712685,0.4418,0.006
11018,623,dhmix_1934525864391020215,623,EnthalpyOfMixing,<Substance CC#N{solv}{x=0.501600}|CCOC(C)(C)C{solv}{x=0.498400}>,CC#N,CCOC(C)(C)C,fb-fit-v1-single-mean-k100,1,0.2407400914294104,0.0291589268698709,0.7098,0.00965
11019,624,dens_1954735606040559695,624,Density,<Substance CC#N{solv}{x=0.700700}|CCOC(C)(C)C{solv}{x=0.299300}>,CC#N,CCOC(C)(C)C,fb-fit-v1-single-mean-k100,1,0.7636494260760546,0.0002890281877657,0.7595000000000002,0.00045
11020,625,dens_2173310521496796694,625,Density,<Substance CC#N{solv}{x=0.501600}|CCOC(C)(C)C{solv}{x=0.498400}>,CC#N,CCOC(C)(C)C,fb-fit-v1-single-mean-k100,1,0.758745503977859,0.0002675306372997,0.7510000000000002,0.00035
11021,626,dens_2235331649530959984,626,Density,<Substance CC#N{solv}{x=0.199000}|CCOC(C)(C)C{solv}{x=0.801000}>,CC#N,CCOC(C)(C)C,fb-fit-v1-single-mean-k100,1,0.7516954223474194,0.0002610609817286,0.7408000000000001,0.00015
11022,627,dhmix_355078149157572999,627,EnthalpyOfMixing,<Substance OCCOCCO{solv}{x=0.790600}|O{solv}{x=0.209400}>,O,OCCOCCO,fb-fit-v1-single-mean-k100,1,-0.3724138220078004,0.0645643620359747,-0.521,0.003
11023,628,dhmix_514261244195159379,628,EnthalpyOfMixing,<Substance OCCOCCO{solv}{x=0.300400}|O{solv}{x=0.699600}>,O,OCCOCCO,fb-fit-v1-single-mean-k100,1,-0.7793076960891394,0.0235693152181877,-1.245,0.0065
11024,629,dhmix_1512634639127890343,629,EnthalpyOfMixing,<Substance OCCOCCO{solv}{x=0.501000}|O{solv}{x=0.499000}>,O,OCCOCCO,fb-fit-v1-single-mean-k100,1,-0.7864408164039958,0.0361006056898867,-1.149,0.0065
11025,630,dens_1532732041743097130,630,Density,<Substance OCCOCCO{solv}{x=0.500600}|O{solv}{x=0.499400}>,O,OCCOCCO,fb-fit-v1-single-mean-k100,1,1.112846064599616,0.0003054642425043,1.1070700000000002,0.00026
11026,631,dens_1948924545926470959,631,Density,<Substance OCCOCCO{solv}{x=0.700300}|O{solv}{x=0.299700}>,O,OCCOCCO,fb-fit-v1-single-mean-k100,1,1.121936200612347,0.000261078840225,1.1111900000000003,0.000285
11027,632,dens_2114974877291939954,632,Density,<Substance OCCOCCO{solv}{x=0.301000}|O{solv}{x=0.699000}>,O,OCCOCCO,fb-fit-v1-single-mean-k100,1,1.0929681555967194,0.0003670955502184,1.0958900000000005,0.000305
11028,633,dhmix_355690558520209737,633,EnthalpyOfMixing,<Substance CC(C)CC(C)(C)C{solv}{x=0.774800}|CC(C)OC(C)C{solv}{x=0.225200}>,CC(C)CC(C)(C)C,CC(C)OC(C)C,fb-fit-v1-single-mean-k100,1,0.3134971536664324,0.0554349184471522,0.132161,0.001556
11029,634,dens_706481868145479619,634,Density,<Substance CC(C)CC(C)(C)C{solv}{x=0.250000}|CC(C)OC(C)C{solv}{x=0.750000}>,CC(C)CC(C)(C)C,CC(C)OC(C)C,fb-fit-v1-single-mean-k100,1,0.7254823292130886,0.0002351346713106,0.7090800000000002,0.000155
11030,635,dens_960755156711549154,635,Density,<Substance CC(C)CC(C)(C)C{solv}{x=0.750000}|CC(C)OC(C)C{solv}{x=0.250000}>,CC(C)CC(C)(C)C,CC(C)OC(C)C,fb-fit-v1-single-mean-k100,1,0.7167532211605863,0.0001894818886866,0.6937500000000002,0.000155
11031,636,dens_1165117582450092341,636,Density,<Substance CC(C)CC(C)(C)C{solv}{x=0.500900}|CC(C)OC(C)C{solv}{x=0.499100}>,CC(C)CC(C)(C)C,CC(C)OC(C)C,fb-fit-v1-single-mean-k100,1,0.7209742662769502,0.0002211445823885,0.7005900000000002,0.000105
11032,637,dhmix_1819714300540494359,637,EnthalpyOfMixing,<Substance CC(C)CC(C)(C)C{solv}{x=0.512500}|CC(C)OC(C)C{solv}{x=0.487500}>,CC(C)CC(C)(C)C,CC(C)OC(C)C,fb-fit-v1-single-mean-k100,1,0.4739548662850836,0.0501846633937381,0.197047,0.002233
11033,638,dhmix_2031984064821599856,638,EnthalpyOfMixing,<Substance CC(C)CC(C)(C)C{solv}{x=0.269300}|CC(C)OC(C)C{solv}{x=0.730700}>,CC(C)CC(C)(C)C,CC(C)OC(C)C,fb-fit-v1-single-mean-k100,1,0.3583163771677249,0.0414259918937748,0.158983,0.0018345
11034,639,dens_357198687829738077,639,Density,<Substance C1CCOCC1{solv}{x=0.223500}|CCCCCC(C)=O{solv}{x=0.776500}>,C1CCOCC1,CCCCCC(C)=O,fb-fit-v1-single-mean-k100,1,0.8230740122473089,0.0002068753735492,0.8221200000000002,0.000375
11035,640,dens_1074719884132299485,640,Density,<Substance C1CCOCC1{solv}{x=0.516600}|CCCCCC(C)=O{solv}{x=0.483400}>,C1CCOCC1,CCCCCC(C)=O,fb-fit-v1-single-mean-k100,1,0.8386833510943432,0.0001758249158709,0.8396100000000002,0.00032
11036,641,dens_1427208283653313137,641,Density,<Substance C1CCOCC1{solv}{x=0.710100}|CCCCCC(C)=O{solv}{x=0.289900}>,C1CCOCC1,CCCCCC(C)=O,fb-fit-v1-single-mean-k100,1,0.8515206079538229,0.0002227520438415,0.8534200000000002,0.000285
11037,642,dhmix_1485904869507380555,642,EnthalpyOfMixing,<Substance C1CCOCC1{solv}{x=0.500000}|CCCCCC(C)=O{solv}{x=0.500000}>,C1CCOCC1,CCCCCC(C)=O,fb-fit-v1-single-mean-k100,1,0.2385135877412096,0.0447529517147664,0.05773,0.000615
11038,643,dhmix_1931504734279468677,643,EnthalpyOfMixing,<Substance C1CCOCC1{solv}{x=0.250000}|CCCCCC(C)=O{solv}{x=0.750000}>,C1CCOCC1,CCCCCC(C)=O,fb-fit-v1-single-mean-k100,1,0.2728196594489205,0.0496774638811071,0.03429,0.00053
11039,644,dhmix_2296263041755700053,644,EnthalpyOfMixing,<Substance C1CCOCC1{solv}{x=0.750000}|CCCCCC(C)=O{solv}{x=0.250000}>,C1CCOCC1,CCCCCC(C)=O,fb-fit-v1-single-mean-k100,1,0.1994899807659038,0.0444677790840415,0.05587,0.00061
11040,645,dhmix_357499987240135169,645,EnthalpyOfMixing,<Substance CCCCC{solv}{x=0.772700}|CCCCOC=O{solv}{x=0.227300}>,CCCCC,CCCCOC=O,fb-fit-v1-single-mean-k100,1,1.1348722080738725,0.0453208054649008,0.87,0.004
11041,646,dens_435201289177646286,646,Density,<Substance CCCCC{solv}{x=0.504200}|CCCCOC=O{solv}{x=0.495800}>,CCCCC,CCCCOC=O,fb-fit-v1-single-mean-k100,1,0.7580656436578652,0.0002752172222423,0.7523000000000001,0.00024
11042,647,dens_635752291929824010,647,Density,<Substance CCCCC{solv}{x=0.699000}|CCCCOC=O{solv}{x=0.301000}>,CCCCC,CCCCOC=O,fb-fit-v1-single-mean-k100,1,0.7000820829056804,0.0002775520242351,0.6994600000000002,0.00018
11043,648,dhmix_869493303716364153,648,EnthalpyOfMixing,<Substance CCCCC{solv}{x=0.490500}|CCCCOC=O{solv}{x=0.509500}>,CCCCC,CCCCOC=O,fb-fit-v1-single-mean-k100,1,1.1908125373116007,0.0430276199356189,0.959,0.004
11044,649,dhmix_1188548276416925178,649,EnthalpyOfMixing,<Substance CCCCC{solv}{x=0.246000}|CCCCOC=O{solv}{x=0.754000}>,CCCCC,CCCCOC=O,fb-fit-v1-single-mean-k100,1,0.8108837540367162,0.0453448269845965,0.632,0.003
11045,650,dens_1944800378076074966,650,Density,<Substance CCCCC{solv}{x=0.247100}|CCCCOC=O{solv}{x=0.752900}>,CCCCC,CCCCOC=O,fb-fit-v1-single-mean-k100,1,0.8347445396377767,0.0001534867448258,0.8221800000000001,0.000375
11046,651,dhmix_357740737126275220,651,EnthalpyOfMixing,<Substance CC(=O)N(C)C{solv}{x=0.212000}|CCCCCl{solv}{x=0.788000}>,CC(=O)N(C)C,CCCCCl,fb-fit-v1-single-mean-k100,1,0.4993395489280559,0.0406359483839752,0.244,0.0025
11047,652,dens_563556088097831353,652,Density,<Substance CC(=O)N(C)C{solv}{x=0.499000}|CCCCCl{solv}{x=0.501000}>,CC(=O)N(C)C,CCCCCl,fb-fit-v1-single-mean-k100,1,0.8915862354031866,0.0002864425630292,0.9081000000000002,0.0002
11048,653,dens_1083232356130752567,653,Density,<Substance CC(=O)N(C)C{solv}{x=0.799700}|CCCCCl{solv}{x=0.200300}>,CC(=O)N(C)C,CCCCCl,fb-fit-v1-single-mean-k100,1,0.9027076581916338,0.0002040059643969,0.9247000000000004,0.0002
11049,654,dhmix_1487887746912587509,654,EnthalpyOfMixing,<Substance CC(=O)N(C)C{solv}{x=0.708000}|CCCCCl{solv}{x=0.292000}>,CC(=O)N(C)C,CCCCCl,fb-fit-v1-single-mean-k100,1,0.5233806421972433,0.0434827589203359,0.305,0.0025
11050,655,dens_1662749398344255132,655,Density,<Substance CC(=O)N(C)C{solv}{x=0.210500}|CCCCCl{solv}{x=0.789500}>,CC(=O)N(C)C,CCCCCl,fb-fit-v1-single-mean-k100,1,0.8774184894907952,0.000268728616667,0.8918000000000001,0.0002
11051,656,dhmix_2085343422065298965,656,EnthalpyOfMixing,<Substance CC(=O)N(C)C{solv}{x=0.511000}|CCCCCl{solv}{x=0.489000}>,CC(=O)N(C)C,CCCCCl,fb-fit-v1-single-mean-k100,1,0.7043414101327699,0.040614356003983,0.363,0.0025
11052,657,dhmix_359626193748497849,657,EnthalpyOfMixing,<Substance C1CCOCC1{solv}{x=0.750000}|O=C1CCCCC1{solv}{x=0.250000}>,C1CCOCC1,O=C1CCCCC1,fb-fit-v1-single-mean-k100,1,0.0462380826216488,0.0437372092282534,0.07698,0.00069
11053,658,dhmix_709905971434026360,658,EnthalpyOfMixing,<Substance C1CCOCC1{solv}{x=0.250000}|O=C1CCCCC1{solv}{x=0.750000}>,C1CCOCC1,O=C1CCCCC1,fb-fit-v1-single-mean-k100,1,0.0495540166442651,0.0454523406451283,0.05827,0.00062
11054,659,dens_996263306280392228,659,Density,<Substance C1CCOCC1{solv}{x=0.500900}|O=C1CCCCC1{solv}{x=0.499100}>,C1CCOCC1,O=C1CCCCC1,fb-fit-v1-single-mean-k100,1,0.9097305592016728,0.000209596146764,0.9160300000000002,0.000505
11055,660,dens_1296485655493191092,660,Density,<Substance C1CCOCC1{solv}{x=0.247100}|O=C1CCCCC1{solv}{x=0.752900}>,C1CCOCC1,O=C1CCCCC1,fb-fit-v1-single-mean-k100,1,0.9250294533880014,0.0001925076077537,0.9305900000000004,0.000505
11056,661,dhmix_1617652800437548554,661,EnthalpyOfMixing,<Substance C1CCOCC1{solv}{x=0.500000}|O=C1CCCCC1{solv}{x=0.500000}>,C1CCOCC1,O=C1CCCCC1,fb-fit-v1-single-mean-k100,1,0.0139898153936499,0.0465200133109261,0.08658,0.000725
11057,662,dens_2134919398794801459,662,Density,<Substance C1CCOCC1{solv}{x=0.738900}|O=C1CCCCC1{solv}{x=0.261100}>,C1CCOCC1,O=C1CCCCC1,fb-fit-v1-single-mean-k100,1,0.8940733741100921,0.0002167294800109,0.9000800000000002,0.000505
11058,663,dens_371429494256072686,663,Density,<Substance COC=O{solv}{x=0.513800}|ClCCCCl{solv}{x=0.486200}>,COC=O,ClCCCCl,fb-fit-v1-single-mean-k100,1,1.099343870051768,0.0003692125665942,1.08831,0.00025
11059,664,dens_416463243686186519,664,Density,<Substance COC=O{solv}{x=0.738400}|ClCCCCl{solv}{x=0.261600}>,COC=O,ClCCCCl,fb-fit-v1-single-mean-k100,1,1.0595255117717826,0.0003432417612181,1.03754,0.0002
11060,665,dhmix_573570621261992547,665,EnthalpyOfMixing,<Substance COC=O{solv}{x=0.767400}|ClCCCCl{solv}{x=0.232600}>,COC=O,ClCCCCl,fb-fit-v1-single-mean-k100,1,0.5629286014641375,0.0320397398128153,0.2841,0.0015
11061,666,dens_1665007650151393058,666,Density,<Substance COC=O{solv}{x=0.244000}|ClCCCCl{solv}{x=0.756000}>,COC=O,ClCCCCl,fb-fit-v1-single-mean-k100,1,1.1377007682322713,0.0003544051923142,1.1395000000000002,0.0003
11062,667,dhmix_2050640017895200777,667,EnthalpyOfMixing,<Substance COC=O{solv}{x=0.502400}|ClCCCCl{solv}{x=0.497600}>,COC=O,ClCCCCl,fb-fit-v1-single-mean-k100,1,0.8302812825949246,0.0332699287034883,0.3503,0.00175
11063,668,dhmix_2121310957223924646,668,EnthalpyOfMixing,<Substance COC=O{solv}{x=0.202400}|ClCCCCl{solv}{x=0.797600}>,COC=O,ClCCCCl,fb-fit-v1-single-mean-k100,1,0.5647486138080566,0.0318714679540203,0.2064,0.0012
11064,669,dens_380799246642881225,669,Density,<Substance Cc1ccncc1{solv}{x=0.500000}|O{solv}{x=0.500000}>,Cc1ccncc1,O,fb-fit-v1-single-mean-k100,1,0.9555269888784546,0.0003089120376888,0.9704000000000004,0.0005
11065,670,dens_1024460369591354985,670,Density,<Substance Cc1ccncc1{solv}{x=0.225000}|O{solv}{x=0.775000}>,Cc1ccncc1,O,fb-fit-v1-single-mean-k100,1,0.96136034658964,0.0004016275539767,0.9848000000000002,0.0004
11066,671,dens_1867704914487230306,671,Density,<Substance Cc1ccncc1{solv}{x=0.750000}|O{solv}{x=0.250000}>,Cc1ccncc1,O,fb-fit-v1-single-mean-k100,1,0.9524281159777188,0.0002383794519689,0.9614000000000004,0.0004
11067,672,dhmix_396839331496923568,672,EnthalpyOfMixing,<Substance CCCOC(=O)CC{solv}{x=0.237600}|ClCCCl{solv}{x=0.762400}>,CCCOC(=O)CC,ClCCCl,fb-fit-v1-single-mean-k100,1,-0.3788480663518534,0.0331339365649557,-0.317,0.0035
11068,673,dens_1025242301432619836,673,Density,<Substance CCCOC(=O)CC{solv}{x=0.518800}|ClCCCl{solv}{x=0.481200}>,CCCOC(=O)CC,ClCCCl,fb-fit-v1-single-mean-k100,1,1.0079520105623176,0.0002793314868782,1.0064000000000002,0.000905
11069,674,dens_1654149510571748883,674,Density,<Substance CCCOC(=O)CC{solv}{x=0.731600}|ClCCCl{solv}{x=0.268400}>,CCCOC(=O)CC,ClCCCl,fb-fit-v1-single-mean-k100,1,0.9456004445697782,0.0002397181000046,0.9416300000000002,0.00041
11070,675,dens_1804016971158746429,675,Density,<Substance CCCOC(=O)CC{solv}{x=0.243700}|ClCCCl{solv}{x=0.756300}>,CCCOC(=O)CC,ClCCCl,fb-fit-v1-single-mean-k100,1,1.1104194669672467,0.0002633111309301,1.11431,0.002155
11071,676,dhmix_1840109043188951916,676,EnthalpyOfMixing,<Substance CCCOC(=O)CC{solv}{x=0.517700}|ClCCCl{solv}{x=0.482300}>,CCCOC(=O)CC,ClCCCl,fb-fit-v1-single-mean-k100,1,-0.3567955229950286,0.0392991665907399,-0.557,0.006
11072,677,dhmix_1924188358781329171,677,EnthalpyOfMixing,<Substance CCCOC(=O)CC{solv}{x=0.787400}|ClCCCl{solv}{x=0.212600}>,CCCOC(=O)CC,ClCCCl,fb-fit-v1-single-mean-k100,1,-0.3443495104092235,0.0452552051562504,-0.357,0.004
11073,678,dhmix_408170436877433675,678,EnthalpyOfMixing,<Substance CCCCC{solv}{x=0.229800}|CCOC=O{solv}{x=0.770200}>,CCCCC,CCOC=O,fb-fit-v1-single-mean-k100,1,1.291111925435601,0.0390497712742317,1.016,0.0045
11074,679,dens_1159257310358090227,679,Density,<Substance CCCCC{solv}{x=0.748000}|CCOC=O{solv}{x=0.252000}>,CCCCC,CCOC=O,fb-fit-v1-single-mean-k100,1,0.6711121742128471,0.0002851893599904,0.6707000000000002,0.000165
11075,680,dhmix_1897634982824334825,680,EnthalpyOfMixing,<Substance CCCCC{solv}{x=0.500100}|CCOC=O{solv}{x=0.499900}>,CCCCC,CCOC=O,fb-fit-v1-single-mean-k100,1,1.779177498966817,0.038185296969362,1.354,0.0055
11076,681,dens_1931965346092446599,681,Density,<Substance CCCCC{solv}{x=0.504000}|CCOC=O{solv}{x=0.496000}>,CCCCC,CCOC=O,fb-fit-v1-single-mean-k100,1,0.7424888796914766,0.0003322495640074,0.7333000000000002,0.00024
11077,682,dens_2086304425324215507,682,Density,<Substance CCCCC{solv}{x=0.298000}|CCOC=O{solv}{x=0.702000}>,CCCCC,CCOC=O,fb-fit-v1-single-mean-k100,1,0.8163217735064778,0.0002678961962003,0.7971000000000003,0.000345
11078,683,dhmix_2117998354372981576,683,EnthalpyOfMixing,<Substance CCCCC{solv}{x=0.777900}|CCOC=O{solv}{x=0.222100}>,CCCCC,CCOC=O,fb-fit-v1-single-mean-k100,1,1.466405729195948,0.0451794592951842,1.051,0.0045
11079,684,dens_415189671276159712,684,Density,<Substance NCCO{solv}{x=0.785350}|c1ccncc1{solv}{x=0.214650}>,NCCO,c1ccncc1,fb-fit-v1-single-mean-k100,1,1.0392240916078972,0.0003636902946796,1.002592,0.000101
11080,685,dhmix_607563797490786343,685,EnthalpyOfMixing,<Substance NCCO{solv}{x=0.559360}|c1ccncc1{solv}{x=0.440640}>,NCCO,c1ccncc1,fb-fit-v1-single-mean-k100,1,1.0014920058353347,0.0328581875856561,0.824,0.0035
11081,686,dhmix_783614050589043390,686,EnthalpyOfMixing,<Substance NCCO{solv}{x=0.248120}|c1ccncc1{solv}{x=0.751880}>,NCCO,c1ccncc1,fb-fit-v1-single-mean-k100,1,0.9610198964764884,0.0371675794409345,0.779,0.0035
11082,687,dens_907288549206652702,687,Density,<Substance NCCO{solv}{x=0.558640}|c1ccncc1{solv}{x=0.441360}>,NCCO,c1ccncc1,fb-fit-v1-single-mean-k100,1,1.0174081674729472,0.0002064699669312,0.9936870000000002,0.0001015
11083,688,dhmix_1092036220949585875,688,EnthalpyOfMixing,<Substance NCCO{solv}{x=0.746780}|c1ccncc1{solv}{x=0.253220}>,NCCO,c1ccncc1,fb-fit-v1-single-mean-k100,1,0.7133074124730925,0.0387542530907136,0.612,0.003
11084,689,dens_2278246591298089898,689,Density,<Substance NCCO{solv}{x=0.210010}|c1ccncc1{solv}{x=0.789990}>,NCCO,c1ccncc1,fb-fit-v1-single-mean-k100,1,0.9923517635255374,0.0002583503588997,0.9825660000000004,0.0001015
11085,690,dens_419188249264987147,690,Density,<Substance CCCCC(=O)OCC{solv}{x=0.492100}|CCOC(C)=O{solv}{x=0.507900}>,CCCCC(=O)OCC,CCOC(C)=O,fb-fit-v1-single-mean-k100,1,0.892235076279631,0.000229137335116,0.8787300000000002,0.00012
11086,691,dens_667714041205021070,691,Density,<Substance CCCCC(=O)OCC{solv}{x=0.304700}|CCOC(C)=O{solv}{x=0.695300}>,CCCCC(=O)OCC,CCOC(C)=O,fb-fit-v1-single-mean-k100,1,0.8988506146123001,0.0002084143460829,0.8836400000000002,0.00012
11087,692,dhmix_1137774316856842141,692,EnthalpyOfMixing,<Substance CCCCC(=O)OCC{solv}{x=0.737600}|CCOC(C)=O{solv}{x=0.262400}>,CCCCC(=O)OCC,CCOC(C)=O,fb-fit-v1-single-mean-k100,1,-0.023611231266698,0.0523619790205146,0.114,0.0015
11088,693,dhmix_1322441082145072072,693,EnthalpyOfMixing,<Substance CCCCC(=O)OCC{solv}{x=0.279900}|CCOC(C)=O{solv}{x=0.720100}>,CCCCC(=O)OCC,CCOC(C)=O,fb-fit-v1-single-mean-k100,1,0.0814329922323189,0.0448128430742563,0.139,0.0015
11089,694,dens_1682638395920841051,694,Density,<Substance CCCCC(=O)OCC{solv}{x=0.752600}|CCOC(C)=O{solv}{x=0.247400}>,CCCCC(=O)OCC,CCOC(C)=O,fb-fit-v1-single-mean-k100,1,0.8836750676029944,0.0002158237076835,0.8732900000000001,0.00012
11090,695,dhmix_2161842751879945948,695,EnthalpyOfMixing,<Substance CCCCC(=O)OCC{solv}{x=0.519800}|CCOC(C)=O{solv}{x=0.480200}>,CCCCC(=O)OCC,CCOC(C)=O,fb-fit-v1-single-mean-k100,1,0.049653255783344,0.0436278062310721,0.154,0.002
11091,696,dhmix_419593950323214290,696,EnthalpyOfMixing,<Substance CCCCCC(C)=O{solv}{x=0.780400}|CCN(CC)CC{solv}{x=0.219600}>,CCCCCC(C)=O,CCN(CC)CC,fb-fit-v1-single-mean-k100,1,0.1531313346505669,0.0531837989307806,0.216,0.0025
11092,697,dens_651921010645567431,697,Density,<Substance CCCCCC(C)=O{solv}{x=0.259800}|CCN(CC)CC{solv}{x=0.740200}>,CCCCCC(C)=O,CCN(CC)CC,fb-fit-v1-single-mean-k100,1,0.756852678594288,0.0001937387889397,0.7465820000000002,8.950000000000002e-05
11093,698,dens_995831511901627711,698,Density,<Substance CCCCCC(C)=O{solv}{x=0.748400}|CCN(CC)CC{solv}{x=0.251600}>,CCCCCC(C)=O,CCN(CC)CC,fb-fit-v1-single-mean-k100,1,0.794619643879052,0.0001532536200676,0.7899410000000002,0.0001055
11094,699,dhmix_1001984601109558110,699,EnthalpyOfMixing,<Substance CCCCCC(C)=O{solv}{x=0.492000}|CCN(CC)CC{solv}{x=0.508000}>,CCCCCC(C)=O,CCN(CC)CC,fb-fit-v1-single-mean-k100,1,0.2156995446985163,0.0497561624524012,0.419,0.0045
11095,700,dens_1887829851815986883,700,Density,<Substance CCCCCC(C)=O{solv}{x=0.503200}|CCN(CC)CC{solv}{x=0.496800}>,CCCCCC(C)=O,CCN(CC)CC,fb-fit-v1-single-mean-k100,1,0.7762706861283037,0.0002057798968021,0.7684760000000002,9.800000000000002e-05
11096,701,dhmix_2085744568401562111,701,EnthalpyOfMixing,<Substance CCCCCC(C)=O{solv}{x=0.293900}|CCN(CC)CC{solv}{x=0.706100}>,CCCCCC(C)=O,CCN(CC)CC,fb-fit-v1-single-mean-k100,1,0.1746548032792176,0.0505819416618157,0.412,0.0045
11097,702,dens_436049638479549968,702,Density,<Substance COC=O{solv}{x=0.472500}|ClCCCl{solv}{x=0.527500}>,COC=O,ClCCCl,fb-fit-v1-single-mean-k100,1,1.137430873805039,0.0003740188087896,1.1269600000000004,0.000285
11098,703,dens_627145458965592302,703,Density,<Substance COC=O{solv}{x=0.753000}|ClCCCl{solv}{x=0.247000}>,COC=O,ClCCCl,fb-fit-v1-single-mean-k100,1,1.0729248715138933,0.0003675275170987,1.0461600000000004,0.000205
11099,704,dhmix_731680623269260416,704,EnthalpyOfMixing,<Substance COC=O{solv}{x=0.250800}|ClCCCl{solv}{x=0.749200}>,COC=O,ClCCCl,fb-fit-v1-single-mean-k100,1,0.3839786053497338,0.0320316365392073,0.0793,0.0007
11100,705,dens_1488543630772933598,705,Density,<Substance COC=O{solv}{x=0.279500}|ClCCCl{solv}{x=0.720500}>,COC=O,ClCCCl,fb-fit-v1-single-mean-k100,1,1.176716758636769,0.0004039003064942,1.1777100000000005,0.00034
11101,706,dhmix_2170321998768851974,706,EnthalpyOfMixing,<Substance COC=O{solv}{x=0.732200}|ClCCCl{solv}{x=0.267800}>,COC=O,ClCCCl,fb-fit-v1-single-mean-k100,1,0.3933624063195418,0.0326505412524243,0.0733,0.00065
11102,707,dhmix_2249001225536869896,707,EnthalpyOfMixing,<Substance COC=O{solv}{x=0.487400}|ClCCCl{solv}{x=0.512600}>,COC=O,ClCCCl,fb-fit-v1-single-mean-k100,1,0.5114176537557809,0.0310388377369374,0.1028,0.0008
11103,708,dhmix_442816374747487477,708,EnthalpyOfMixing,<Substance NCCCNCCCN{solv}{x=0.801500}|O{solv}{x=0.198500}>,NCCCNCCCN,O,fb-fit-v1-single-mean-k100,1,-1.7446876439745058,0.0530523312251637,-2.233,0.024
11104,709,dhmix_1795382205757805615,709,EnthalpyOfMixing,<Substance NCCCNCCCN{solv}{x=0.300500}|O{solv}{x=0.699500}>,NCCCNCCCN,O,fb-fit-v1-single-mean-k100,1,-4.964334668204817,0.0620206871687956,-6.588,0.07
11105,710,dhmix_1814950732748396893,710,EnthalpyOfMixing,<Substance NCCCNCCCN{solv}{x=0.499800}|O{solv}{x=0.500200}>,NCCCNCCCN,O,fb-fit-v1-single-mean-k100,1,-4.471396052519513,0.0737872314956218,-5.544,0.059
11106,711,dhmix_446869196417408130,711,EnthalpyOfMixing,<Substance NCCNCCO{solv}{x=0.770000}|O{solv}{x=0.230000}>,NCCNCCO,O,fb-fit-v1-single-mean-k100,1,-1.615914964942121,0.0417713593153518,-1.711,0.035
11107,712,dhmix_673839467313503071,712,EnthalpyOfMixing,<Substance NCCNCCO{solv}{x=0.069900}|O{solv}{x=0.930100}>,NCCNCCO,O,fb-fit-v1-single-mean-k100,1,-0.8556953647492733,0.02268708666743,-1.713,0.035
11108,713,dens_688094438561771555,713,Density,<Substance NCCNCCO{solv}{x=0.799700}|O{solv}{x=0.200300}>,NCCNCCO,O,fb-fit-v1-single-mean-k100,1,1.0844436620378288,0.0002502118508665,1.0318300000000002,0.00024
11109,714,dhmix_1682883323293489147,714,EnthalpyOfMixing,<Substance NCCNCCO{solv}{x=0.400100}|O{solv}{x=0.599900}>,NCCNCCO,O,fb-fit-v1-single-mean-k100,1,-2.3341475774826392,0.0455068030689695,-4.15,0.0845
11110,715,dens_2045176885611624977,715,Density,<Substance NCCNCCO{solv}{x=0.070000}|O{solv}{x=0.930000}>,NCCNCCO,O,fb-fit-v1-single-mean-k100,1,1.021993842474291,0.0004827311472394,1.0222800000000003,0.000125
11111,716,dens_2280714043292214506,716,Density,<Substance NCCNCCO{solv}{x=0.399700}|O{solv}{x=0.600300}>,NCCNCCO,O,fb-fit-v1-single-mean-k100,1,1.0657866077824638,0.0004518299535682,1.0370100000000002,0.00017
11112,717,dens_448105363780466270,717,Density,<Substance CCCCCCCl{solv}{x=0.498300}|CN(C)C=O{solv}{x=0.501700}>,CCCCCCCl,CN(C)C=O,fb-fit-v1-single-mean-k100,1,0.8896371363614781,0.0001852069452899,0.8974000000000002,0.0003
11113,718,dens_1134260732394863277,718,Density,<Substance CCCCCCCl{solv}{x=0.729300}|CN(C)C=O{solv}{x=0.270700}>,CCCCCCCl,CN(C)C=O,fb-fit-v1-single-mean-k100,1,0.8792399535182435,0.0002356479293979,0.8844000000000002,0.0003
11114,719,dhmix_1150917243327149472,719,EnthalpyOfMixing,<Substance CCCCCCCl{solv}{x=0.500000}|CN(C)C=O{solv}{x=0.500000}>,CCCCCCCl,CN(C)C=O,fb-fit-v1-single-mean-k100,1,1.2416236638636065,0.0439258671214069,0.847,0.004
11115,720,dhmix_1166656674614639609,720,EnthalpyOfMixing,<Substance CCCCCCCl{solv}{x=0.204000}|CN(C)C=O{solv}{x=0.796000}>,CCCCCCCl,CN(C)C=O,fb-fit-v1-single-mean-k100,1,0.8867898191709145,0.0392597084970898,0.583,0.004
11116,721,dhmix_1262474968830454367,721,EnthalpyOfMixing,<Substance CCCCCCCl{solv}{x=0.795000}|CN(C)C=O{solv}{x=0.205000}>,CCCCCCCl,CN(C)C=O,fb-fit-v1-single-mean-k100,1,0.7323007111599082,0.0487407911220047,0.542,0.0035
11117,722,dens_1862934255267356180,722,Density,<Substance CCCCCCCl{solv}{x=0.200700}|CN(C)C=O{solv}{x=0.799300}>,CCCCCCCl,CN(C)C=O,fb-fit-v1-single-mean-k100,1,0.90787359124155,0.000243201385833,0.9218000000000002,0.00025
11118,723,dhmix_457000181442392641,723,EnthalpyOfMixing,<Substance CCOCCO{solv}{x=0.241100}|c1ccccc1{solv}{x=0.758900}>,CCOCCO,c1ccccc1,fb-fit-v1-single-mean-k100,1,0.7206903927352499,0.0384808344792258,0.6303,0.00815
11119,724,dhmix_501726034520661035,724,EnthalpyOfMixing,<Substance CCOCCO{solv}{x=0.733600}|c1ccccc1{solv}{x=0.266400}>,CCOCCO,c1ccccc1,fb-fit-v1-single-mean-k100,1,0.3881697191420983,0.0421693672478053,0.2326,0.0033
11120,725,dens_577983044895299238,725,Density,<Substance CCOCCO{solv}{x=0.251800}|c1ccccc1{solv}{x=0.748200}>,CCOCCO,c1ccccc1,fb-fit-v1-single-mean-k100,1,0.8954561726376842,0.0001891338612553,0.8849000000000002,0.00081
11121,726,dens_1506946378386070831,726,Density,<Substance CCOCCO{solv}{x=0.750800}|c1ccccc1{solv}{x=0.249200}>,CCOCCO,c1ccccc1,fb-fit-v1-single-mean-k100,1,0.9161832021189508,0.0002470358343593,0.9134500000000004,0.000685
11122,727,dhmix_1801594081157333975,727,EnthalpyOfMixing,<Substance CCOCCO{solv}{x=0.478600}|c1ccccc1{solv}{x=0.521400}>,CCOCCO,c1ccccc1,fb-fit-v1-single-mean-k100,1,0.767215171408111,0.0452466781618293,0.4912,0.00645
11123,728,dens_2128846755225827916,728,Density,<Substance CCOCCO{solv}{x=0.504800}|c1ccccc1{solv}{x=0.495200}>,CCOCCO,c1ccccc1,fb-fit-v1-single-mean-k100,1,0.9051888621183888,0.0002308193421904,0.8995700000000003,0.000745
11124,729,dhmix_466383569529620932,729,EnthalpyOfMixing,<Substance CC(=O)N(C)C{solv}{x=0.505000}|CCCCCCCl{solv}{x=0.495000}>,CC(=O)N(C)C,CCCCCCCl,fb-fit-v1-single-mean-k100,1,0.8963918394659629,0.0430241890118066,0.61,0.003
11125,730,dhmix_493694362228351572,730,EnthalpyOfMixing,<Substance CC(=O)N(C)C{solv}{x=0.798000}|CCCCCCCl{solv}{x=0.202000}>,CC(=O)N(C)C,CCCCCCCl,fb-fit-v1-single-mean-k100,1,0.66099145943996,0.0412555447059609,0.425,0.003
11126,731,dhmix_626564461179097700,731,EnthalpyOfMixing,<Substance CC(=O)N(C)C{solv}{x=0.211000}|CCCCCCCl{solv}{x=0.789000}>,CC(=O)N(C)C,CCCCCCCl,fb-fit-v1-single-mean-k100,1,0.6572667550940707,0.0473381029073644,0.38,0.003
11127,732,dens_1720641323575133011,732,Density,<Substance CC(=O)N(C)C{solv}{x=0.200300}|CCCCCCCl{solv}{x=0.799700}>,CC(=O)N(C)C,CCCCCCCl,fb-fit-v1-single-mean-k100,1,0.8762749984066536,0.0002172044506908,0.8816000000000003,0.00025
11128,733,dens_1817345990638851984,733,Density,<Substance CC(=O)N(C)C{solv}{x=0.503000}|CCCCCCCl{solv}{x=0.497000}>,CC(=O)N(C)C,CCCCCCCl,fb-fit-v1-single-mean-k100,1,0.8864793524613255,0.0002188197496546,0.8975000000000002,0.00025
11129,734,dens_1885054129776339889,734,Density,<Substance CC(=O)N(C)C{solv}{x=0.699200}|CCCCCCCl{solv}{x=0.300800}>,CC(=O)N(C)C,CCCCCCCl,fb-fit-v1-single-mean-k100,1,0.8941661283902567,0.0002062050823143,0.9104000000000002,0.0002
11130,735,dens_468507243072548580,735,Density,<Substance CCC#N{solv}{x=0.701200}|CCOC(C)(C)CC{solv}{x=0.298800}>,CCC#N,CCOC(C)(C)CC,fb-fit-v1-single-mean-k100,1,0.7710207771478723,0.0002260295693074,0.7715000000000002,0.0004
11131,736,dhmix_553135124490085656,736,EnthalpyOfMixing,<Substance CCC#N{solv}{x=0.502500}|CCOC(C)(C)CC{solv}{x=0.497500}>,CCC#N,CCOC(C)(C)CC,fb-fit-v1-single-mean-k100,1,0.2910174488126493,0.0312903766421528,0.7023,0.00955
11132,737,dens_762108332272225600,737,Density,<Substance CCC#N{solv}{x=0.502500}|CCOC(C)(C)CC{solv}{x=0.497500}>,CCC#N,CCOC(C)(C)CC,fb-fit-v1-single-mean-k100,1,0.7686427761759028,0.0002112778557429,0.7683000000000001,0.00035
11133,738,dens_967634241844220739,738,Density,<Substance CCC#N{solv}{x=0.200900}|CCOC(C)(C)CC{solv}{x=0.799100}>,CCC#N,CCOC(C)(C)CC,fb-fit-v1-single-mean-k100,1,0.7642767646475315,0.0002047470206381,0.7638000000000001,0.00025
11134,739,dhmix_1961082112686431376,739,EnthalpyOfMixing,<Substance CCC#N{solv}{x=0.200900}|CCOC(C)(C)CC{solv}{x=0.799100}>,CCC#N,CCOC(C)(C)CC,fb-fit-v1-single-mean-k100,1,0.2857893235933062,0.0473100483303068,0.502,0.00685
11135,740,dhmix_2005765786246998093,740,EnthalpyOfMixing,<Substance CCC#N{solv}{x=0.701200}|CCOC(C)(C)CC{solv}{x=0.298800}>,CCC#N,CCOC(C)(C)CC,fb-fit-v1-single-mean-k100,1,0.2549020614268045,0.0389622726067927,0.5863,0.008
11136,741,dhmix_471514663464011364,741,EnthalpyOfMixing,<Substance C1CCOCC1{solv}{x=0.722000}|CCCCCO{solv}{x=0.278000}>,C1CCOCC1,CCCCCO,fb-fit-v1-single-mean-k100,1,1.1576509920172526,0.042092333042465,0.8628,0.00745
11137,742,dens_910343796235321484,742,Density,<Substance C1CCOCC1{solv}{x=0.298700}|CCCCCO{solv}{x=0.701300}>,C1CCOCC1,CCCCCO,fb-fit-v1-single-mean-k100,1,0.8291162826598547,0.0002076683119371,0.8293300000000002,0.00034
11138,743,dens_1812069868432416079,743,Density,<Substance C1CCOCC1{solv}{x=0.800000}|CCCCCO{solv}{x=0.200000}>,C1CCOCC1,CCCCCO,fb-fit-v1-single-mean-k100,1,0.8605822660788209,0.0002300271499352,0.8635900000000002,0.000315
11139,744,dhmix_1936206883965149188,744,EnthalpyOfMixing,<Substance C1CCOCC1{solv}{x=0.526000}|CCCCCO{solv}{x=0.474000}>,C1CCOCC1,CCCCCO,fb-fit-v1-single-mean-k100,1,1.0487903576426092,0.040010593982816,0.97,0.00615
11140,745,dhmix_1992318015190346725,745,EnthalpyOfMixing,<Substance C1CCOCC1{solv}{x=0.217000}|CCCCCO{solv}{x=0.783000}>,C1CCOCC1,CCCCCO,fb-fit-v1-single-mean-k100,1,0.7183830747092017,0.0433700447746869,0.6006,0.00455
11141,746,dens_2204330198012032768,746,Density,<Substance C1CCOCC1{solv}{x=0.499400}|CCCCCO{solv}{x=0.500600}>,C1CCOCC1,CCCCCO,fb-fit-v1-single-mean-k100,1,0.8408012445406166,0.0002491918777341,0.8425400000000002,0.00033
11142,747,dhmix_472822428299818953,747,EnthalpyOfMixing,<Substance CC(C)CC(C)(C)C{solv}{x=0.700500}|CCCCO{solv}{x=0.299500}>,CC(C)CC(C)(C)C,CCCCO,fb-fit-v1-single-mean-k100,1,0.7116399608884905,0.046685717193208,0.6228,0.0028
11143,748,dhmix_628387028768654403,748,EnthalpyOfMixing,<Substance CC(C)CC(C)(C)C{solv}{x=0.499900}|CCCCO{solv}{x=0.500100}>,CC(C)CC(C)(C)C,CCCCO,fb-fit-v1-single-mean-k100,1,0.5915185168978496,0.0410301455209582,0.5938,0.0027
11144,749,dens_631668933678639865,749,Density,<Substance CC(C)CC(C)(C)C{solv}{x=0.200000}|CCCCO{solv}{x=0.800000}>,CC(C)CC(C)(C)C,CCCCO,fb-fit-v1-single-mean-k100,1,0.7776898536769938,0.0002197623278718,0.7696800000000001,0.000295
11145,750,dens_1394470087977586253,750,Density,<Substance CC(C)CC(C)(C)C{solv}{x=0.500000}|CCCCO{solv}{x=0.500000}>,CC(C)CC(C)(C)C,CCCCO,fb-fit-v1-single-mean-k100,1,0.7459819521713291,0.0001557235579451,0.7294000000000002,0.000285
11146,751,dens_1809610870413503056,751,Density,<Substance CC(C)CC(C)(C)C{solv}{x=0.699900}|CCCCO{solv}{x=0.300100}>,CC(C)CC(C)(C)C,CCCCO,fb-fit-v1-single-mean-k100,1,0.730823822152888,0.0002200481808267,0.7097700000000001,0.000285
11147,752,dhmix_2302589146189152767,752,EnthalpyOfMixing,<Substance CC(C)CC(C)(C)C{solv}{x=0.200200}|CCCCO{solv}{x=0.799800}>,CC(C)CC(C)(C)C,CCCCO,fb-fit-v1-single-mean-k100,1,0.3321822746032055,0.0459072505799975,0.27646,0.003235
11148,753,dens_486902622078179007,753,Density,<Substance COC=O{solv}{x=0.494600}|CO{solv}{x=0.505400}>,CO,COC=O,fb-fit-v1-single-mean-k100,1,0.90920220829525,0.0003924316255768,0.8956100000000002,7.500000000000002e-05
11149,754,dens_750646162221180186,754,Density,<Substance COC=O{solv}{x=0.083300}|CO{solv}{x=0.916700}>,CO,COC=O,fb-fit-v1-single-mean-k100,1,0.7943516422796133,0.0003782838317361,0.8088000000000002,9.000000000000002e-05
11150,755,dhmix_1113631207235753369,755,EnthalpyOfMixing,<Substance COC=O{solv}{x=0.717800}|CO{solv}{x=0.282200}>,CO,COC=O,fb-fit-v1-single-mean-k100,1,0.8424213409795365,0.0310807824173179,1.105,0.012
11151,756,dhmix_2143911117683117531,756,EnthalpyOfMixing,<Substance COC=O{solv}{x=0.512700}|CO{solv}{x=0.487300}>,CO,COC=O,fb-fit-v1-single-mean-k100,1,1.1272860181988538,0.0298520933133109,1.179,0.0125
11152,757,dens_2148324189014877510,757,Density,<Substance COC=O{solv}{x=0.727100}|CO{solv}{x=0.272900}>,CO,COC=O,fb-fit-v1-single-mean-k100,1,0.957454900708602,0.000316786685301,0.9321000000000004,8.000000000000002e-05
11153,758,dhmix_2205254965267695203,758,EnthalpyOfMixing,<Substance COC=O{solv}{x=0.083300}|CO{solv}{x=0.916700}>,CO,COC=O,fb-fit-v1-single-mean-k100,1,0.3437972659526753,0.029805187572889,0.311,0.0035
11154,759,dhmix_497300242003673148,759,EnthalpyOfMixing,<Substance BrCCBr{solv}{x=0.284100}|CCCCOC(=O)CCC{solv}{x=0.715900}>,BrCCBr,CCCCOC(=O)CCC,fb-fit-v1-single-mean-k100,1,-0.5188156121659588,0.0516367749540667,-0.054,0.001
11155,760,dhmix_712261179736749495,760,EnthalpyOfMixing,<Substance BrCCBr{solv}{x=0.515300}|CCCCOC(=O)CCC{solv}{x=0.484700}>,BrCCBr,CCCCOC(=O)CCC,fb-fit-v1-single-mean-k100,1,-0.6958407000546458,0.0368348156903976,-0.027,0.0005
11156,761,dens_846614854165535724,761,Density,<Substance BrCCBr{solv}{x=0.212900}|CCCCOC(=O)CCC{solv}{x=0.787100}>,BrCCBr,CCCCOC(=O)CCC,fb-fit-v1-single-mean-k100,1,1.0285656511731556,0.0002142083438253,1.0245500000000003,0.00013
11157,762,dens_1085110183353279404,762,Density,<Substance BrCCBr{solv}{x=0.730000}|CCCCOC(=O)CCC{solv}{x=0.270000}>,BrCCBr,CCCCOC(=O)CCC,fb-fit-v1-single-mean-k100,1,1.6086937654340805,0.0004879850293213,1.6231500000000003,0.000405
11158,763,dhmix_2153957437015117204,763,EnthalpyOfMixing,<Substance BrCCBr{solv}{x=0.763900}|CCCCOC(=O)CCC{solv}{x=0.236100}>,BrCCBr,CCCCOC(=O)CCC,fb-fit-v1-single-mean-k100,1,-0.5929550616191364,0.0396440033038098,0.051,0.001
11159,764,dens_2242615301342819560,764,Density,<Substance BrCCBr{solv}{x=0.449300}|CCCCOC(=O)CCC{solv}{x=0.550700}>,BrCCBr,CCCCOC(=O)CCC,fb-fit-v1-single-mean-k100,1,1.2510023752400912,0.0002832349657523,1.2506100000000002,0.000225
11160,765,dens_501060706627477242,765,Density,<Substance OC1=NCCC1{solv}{x=0.500000}|O{solv}{x=0.500000}>,O,OC1=NCCC1,fb-fit-v1-single-mean-k100,1,1.0525881657215912,0.0003350834572826,1.0977070000000004,0.0005555
11161,766,dens_929065521104254808,766,Density,<Substance OC1=NCCC1{solv}{x=0.744800}|O{solv}{x=0.255200}>,O,OC1=NCCC1,fb-fit-v1-single-mean-k100,1,1.0596039487851063,0.0002466600522255,1.1044310000000004,0.000577
11162,767,dhmix_1128968771311392860,767,EnthalpyOfMixing,<Substance OC1=NCCC1{solv}{x=0.769300}|O{solv}{x=0.230700}>,O,OC1=NCCC1,fb-fit-v1-single-mean-k100,1,0.7170609866136317,0.0329559396693979,-0.678,0.1695
11163,768,dens_1192491633684345401,768,Density,<Substance OC1=NCCC1{solv}{x=0.246800}|O{solv}{x=0.753200}>,O,OC1=NCCC1,fb-fit-v1-single-mean-k100,1,1.0345473088556023,0.0004017036381357,1.077068,0.0004905
11164,769,dhmix_1775375132531538271,769,EnthalpyOfMixing,<Substance OC1=NCCC1{solv}{x=0.478300}|O{solv}{x=0.521700}>,O,OC1=NCCC1,fb-fit-v1-single-mean-k100,1,0.6652142042595415,0.0296820912342102,-0.8384,0.20965
11165,770,dhmix_1895825007089845103,770,EnthalpyOfMixing,<Substance OC1=NCCC1{solv}{x=0.231900}|O{solv}{x=0.768100}>,O,OC1=NCCC1,fb-fit-v1-single-mean-k100,1,0.589303893735881,0.0235065643933158,-0.5238,0.13095
11166,771,dens_502738970558558534,771,Density,<Substance BrCCBr{solv}{x=0.749000}|COC=O{solv}{x=0.251000}>,BrCCBr,COC=O,fb-fit-v1-single-mean-k100,1,1.9006711405209744,0.0007286206261193,1.9319600000000008,0.003535
11167,772,dhmix_523129341332875255,772,EnthalpyOfMixing,<Substance BrCCBr{solv}{x=0.059500}|COC=O{solv}{x=0.940500}>,BrCCBr,COC=O,fb-fit-v1-single-mean-k100,1,0.1872610255162985,0.0287329846731828,0.1715,0.00215
11168,773,dens_528986974844153101,773,Density,<Substance BrCCBr{solv}{x=0.059800}|COC=O{solv}{x=0.940200}>,BrCCBr,COC=O,fb-fit-v1-single-mean-k100,1,1.101966706335455,0.000333703159216,1.06428,0.00056
11169,774,dhmix_1521152703631810888,774,EnthalpyOfMixing,<Substance BrCCBr{solv}{x=0.757400}|COC=O{solv}{x=0.242600}>,BrCCBr,COC=O,fb-fit-v1-single-mean-k100,1,0.4788813445446243,0.0275424955376776,0.653,0.00585
11170,775,dhmix_1685647138770344206,775,EnthalpyOfMixing,<Substance BrCCBr{solv}{x=0.528100}|COC=O{solv}{x=0.471900}>,BrCCBr,COC=O,fb-fit-v1-single-mean-k100,1,0.9379516067334004,0.0304793533378003,0.8123,0.00705
11171,776,dens_1945150067923572864,776,Density,<Substance BrCCBr{solv}{x=0.501500}|COC=O{solv}{x=0.498500}>,BrCCBr,COC=O,fb-fit-v1-single-mean-k100,1,1.6604977746601353,0.000519013844492,1.6620300000000003,0.00232
11172,777,dens_511283508189056955,777,Density,<Substance CCO{solv}{x=0.291400}|CN(C)CCO{solv}{x=0.708600}>,CCO,CN(C)CCO,fb-fit-v1-single-mean-k100,1,0.8928980050172752,0.0002739784212955,0.8710100000000002,0.000165
11173,778,dhmix_1055456388735168345,778,EnthalpyOfMixing,<Substance CCO{solv}{x=0.508400}|CN(C)CCO{solv}{x=0.491600}>,CCO,CN(C)CCO,fb-fit-v1-single-mean-k100,1,-0.5991516424855092,0.0329098395463606,-0.4044,0.0044
11174,779,dens_1119930253414624267,779,Density,<Substance CCO{solv}{x=0.699500}|CN(C)CCO{solv}{x=0.300500}>,CCO,CN(C)CCO,fb-fit-v1-single-mean-k100,1,0.8476246930398641,0.0002831223648371,0.8345000000000002,0.000135
11175,780,dhmix_1132835222292135012,780,EnthalpyOfMixing,<Substance CCO{solv}{x=0.268600}|CN(C)CCO{solv}{x=0.731400}>,CCO,CN(C)CCO,fb-fit-v1-single-mean-k100,1,-0.4181912757409378,0.0390678442795958,-0.2783,0.0031
11176,781,dens_1964926738263319597,781,Density,<Substance CCO{solv}{x=0.494900}|CN(C)CCO{solv}{x=0.505100}>,CCO,CN(C)CCO,fb-fit-v1-single-mean-k100,1,0.8728878252014206,0.0002444940937565,0.8566200000000002,0.00015
11177,782,dhmix_2011138895468245368,782,EnthalpyOfMixing,<Substance CCO{solv}{x=0.733500}|CN(C)CCO{solv}{x=0.266500}>,CCO,CN(C)CCO,fb-fit-v1-single-mean-k100,1,-0.5258973472886659,0.0366031830569348,-0.3657,0.004
11178,783,dhmix_517287783481256565,783,EnthalpyOfMixing,<Substance CN(C)C=O{solv}{x=0.701000}|ClCCCCCl{solv}{x=0.299000}>,CN(C)C=O,ClCCCCCl,fb-fit-v1-single-mean-k100,1,0.5075166879848823,0.0373097748946337,-0.052,0.002
11179,784,dens_765057686797526715,784,Density,<Substance CN(C)C=O{solv}{x=0.794300}|ClCCCCCl{solv}{x=0.205700}>,CN(C)C=O,ClCCCCCl,fb-fit-v1-single-mean-k100,1,0.9784273572533736,0.0002755408501897,0.9934000000000002,0.00245
11180,785,dens_1092490027864410415,785,Density,<Substance CN(C)C=O{solv}{x=0.502200}|ClCCCCCl{solv}{x=0.497800}>,CN(C)C=O,ClCCCCCl,fb-fit-v1-single-mean-k100,1,1.0427684274946567,0.0002733139899726,1.0524000000000004,0.0022
11181,786,dens_1571926938169630329,786,Density,<Substance CN(C)C=O{solv}{x=0.299400}|ClCCCCCl{solv}{x=0.700600}>,CN(C)C=O,ClCCCCCl,fb-fit-v1-single-mean-k100,1,1.080145640841068,0.0002670305496153,1.0879000000000003,0.0021
11182,787,dhmix_1989422051580285053,787,EnthalpyOfMixing,<Substance CN(C)C=O{solv}{x=0.501000}|ClCCCCCl{solv}{x=0.499000}>,CN(C)C=O,ClCCCCCl,fb-fit-v1-single-mean-k100,1,0.4822386094871334,0.033205293921295,-0.056,0.002
11183,788,dhmix_2190775305913174779,788,EnthalpyOfMixing,<Substance CN(C)C=O{solv}{x=0.204000}|ClCCCCCl{solv}{x=0.796000}>,CN(C)C=O,ClCCCCCl,fb-fit-v1-single-mean-k100,1,0.2800939201965704,0.0455680769632633,-0.039,0.002
11184,789,dens_518199256039095036,789,Density,<Substance CCCCO{solv}{x=0.496400}|NCCN{solv}{x=0.503600}>,CCCCO,NCCN,fb-fit-v1-single-mean-k100,1,0.8822057760167161,0.0002450523891687,0.8519430000000002,0.000219
11185,790,dens_866492593379488722,790,Density,<Substance CCCCO{solv}{x=0.739800}|NCCN{solv}{x=0.260200}>,CCCCO,NCCN,fb-fit-v1-single-mean-k100,1,0.8415013404815148,0.0002478803941041,0.8325090000000002,0.000221
11186,791,dens_2064365769538781360,791,Density,<Substance CCCCO{solv}{x=0.291900}|NCCN{solv}{x=0.708100}>,CCCCO,NCCN,fb-fit-v1-single-mean-k100,1,0.9233131329795822,0.0003351544501258,0.8676960000000002,0.0002205
11187,792,dens_520201021244222151,792,Density,<Substance O=C1CCCO1{solv}{x=0.300000}|O{solv}{x=0.700000}>,O,O=C1CCCO1,fb-fit-v1-single-mean-k100,1,1.065019293003853,0.0003715788533191,1.0886000000000002,0.0001
11188,793,dens_2198925124601089428,793,Density,<Substance O=C1CCCO1{solv}{x=0.500000}|O{solv}{x=0.500000}>,O,O=C1CCCO1,fb-fit-v1-single-mean-k100,1,1.0879161678079372,0.000335953507449,1.1059000000000003,0.0001
11189,794,dens_2272207838075726438,794,Density,<Substance O=C1CCCO1{solv}{x=0.800000}|O{solv}{x=0.200000}>,O,O=C1CCCO1,fb-fit-v1-single-mean-k100,1,1.1071192603531983,0.0001842621798845,1.1182000000000003,0.0001
11190,795,dhmix_524376395520217080,795,EnthalpyOfMixing,<Substance CC(C)CC(C)(C)C{solv}{x=0.440700}|CCCC(=O)OC{solv}{x=0.559300}>,CC(C)CC(C)(C)C,CCCC(=O)OC,fb-fit-v1-single-mean-k100,1,1.5050525215101231,0.0434634492751758,1.053,0.0115
11191,796,dens_581090592491592243,796,Density,<Substance CC(C)CC(C)(C)C{solv}{x=0.298100}|CCCC(=O)OC{solv}{x=0.701900}>,CC(C)CC(C)(C)C,CCCC(=O)OC,fb-fit-v1-single-mean-k100,1,0.8268317012965414,0.0002342851896679,0.8119000000000002,0.000505
11192,797,dens_1497434747823371430,797,Density,<Substance CC(C)CC(C)(C)C{solv}{x=0.724300}|CCCC(=O)OC{solv}{x=0.275700}>,CC(C)CC(C)(C)C,CCCC(=O)OC,fb-fit-v1-single-mean-k100,1,0.7504604146408673,0.0002120348199233,0.7279000000000001,0.000505
11193,798,dhmix_1614087501371550297,798,EnthalpyOfMixing,<Substance CC(C)CC(C)(C)C{solv}{x=0.762900}|CCCC(=O)OC{solv}{x=0.237100}>,CC(C)CC(C)(C)C,CCCC(=O)OC,fb-fit-v1-single-mean-k100,1,1.2859953824479504,0.0538507610331847,0.789,0.0085
11194,799,dens_1842979547629422953,799,Density,<Substance CC(C)CC(C)(C)C{solv}{x=0.441000}|CCCC(=O)OC{solv}{x=0.559000}>,CC(C)CC(C)(C)C,CCCC(=O)OC,fb-fit-v1-single-mean-k100,1,0.7982767500830869,0.0002006611749199,0.7803000000000001,0.000505
11195,800,dhmix_2246911102339588209,800,EnthalpyOfMixing,<Substance CC(C)CC(C)(C)C{solv}{x=0.298200}|CCCC(=O)OC{solv}{x=0.701800}>,CC(C)CC(C)(C)C,CCCC(=O)OC,fb-fit-v1-single-mean-k100,1,1.274927244673087,0.048734915398575,0.884,0.0095
11196,801,dhmix_536798507677319129,801,EnthalpyOfMixing,<Substance C1COCO1{solv}{x=0.267900}|Cc1ccccc1Cl{solv}{x=0.732100}>,C1COCO1,Cc1ccccc1Cl,fb-fit-v1-single-mean-k100,1,0.2063028079729036,0.0419734691117739,0.272,0.0015
11197,802,dens_559535483529614058,802,Density,<Substance C1COCO1{solv}{x=0.726600}|Cc1ccccc1Cl{solv}{x=0.273400}>,C1COCO1,Cc1ccccc1Cl,fb-fit-v1-single-mean-k100,1,1.0848111114414236,0.0003211939947584,1.0652000000000004,0.0005
11198,803,dens_731520844601672570,803,Density,<Substance C1COCO1{solv}{x=0.268500}|Cc1ccccc1Cl{solv}{x=0.731500}>,C1COCO1,Cc1ccccc1Cl,fb-fit-v1-single-mean-k100,1,1.0799724648073945,0.0002804463513796,1.0630000000000002,0.0005
11199,804,dens_839907656840905053,804,Density,<Substance C1COCO1{solv}{x=0.516900}|Cc1ccccc1Cl{solv}{x=0.483100}>,C1COCO1,Cc1ccccc1Cl,fb-fit-v1-single-mean-k100,1,1.0880656625941143,0.0002871683534608,1.0694000000000004,0.0005
11200,805,dhmix_1308085019204784636,805,EnthalpyOfMixing,<Substance C1COCO1{solv}{x=0.500900}|Cc1ccccc1Cl{solv}{x=0.499100}>,C1COCO1,Cc1ccccc1Cl,fb-fit-v1-single-mean-k100,1,0.3312532527746725,0.0376158986412614,0.393,0.002
11201,806,dhmix_1924685013370154802,806,EnthalpyOfMixing,<Substance C1COCO1{solv}{x=0.760400}|Cc1ccccc1Cl{solv}{x=0.239600}>,C1COCO1,Cc1ccccc1Cl,fb-fit-v1-single-mean-k100,1,0.2278493820465996,0.0390591021430585,0.313,0.0015
11202,807,dhmix_549919019055097043,807,EnthalpyOfMixing,<Substance C1CCCCC1{solv}{x=0.799100}|CC(C)O{solv}{x=0.200900}>,C1CCCCC1,CC(C)O,fb-fit-v1-single-mean-k100,1,0.831190941610572,0.0454338338275727,0.702,0.017
11203,808,dhmix_1101575580592240663,808,EnthalpyOfMixing,<Substance C1CCCCC1{solv}{x=0.199500}|CC(C)O{solv}{x=0.800500}>,C1CCCCC1,CC(C)O,fb-fit-v1-single-mean-k100,1,0.5619498416807227,0.0362861191436218,0.438,0.011
11204,809,dhmix_1262965345724899699,809,EnthalpyOfMixing,<Substance C1CCCCC1{solv}{x=0.498400}|CC(C)O{solv}{x=0.501600}>,C1CCCCC1,CC(C)O,fb-fit-v1-single-mean-k100,1,0.968615671769399,0.0356340834547154,0.801,0.0195
11205,810,dens_1431184569437551541,810,Density,<Substance C1CCCCC1{solv}{x=0.705800}|CC(C)O{solv}{x=0.294200}>,C1CCCCC1,CC(C)O,fb-fit-v1-single-mean-k100,1,0.7713977951053443,0.0002553972220979,0.7711100000000002,0.000245
11206,811,dens_2097249982689376165,811,Density,<Substance C1CCCCC1{solv}{x=0.200000}|CC(C)O{solv}{x=0.800000}>,C1CCCCC1,CC(C)O,fb-fit-v1-single-mean-k100,1,0.7897063938440066,0.000263570928497,0.7761000000000002,0.0003
11207,812,dens_2130071224188444793,812,Density,<Substance C1CCCCC1{solv}{x=0.503900}|CC(C)O{solv}{x=0.496100}>,C1CCCCC1,CC(C)O,fb-fit-v1-single-mean-k100,1,0.7768635234585225,0.0002073736117499,0.7719000000000001,0.0003
11208,813,dens_562489367284385084,813,Density,<Substance CCCCC(=O)OC{solv}{x=0.251100}|COC(C)=O{solv}{x=0.748900}>,CCCCC(=O)OC,COC(C)=O,fb-fit-v1-single-mean-k100,1,0.922647930656203,0.0002516837291416,0.9105300000000002,0.000505
11209,814,dhmix_814771684244180933,814,EnthalpyOfMixing,<Substance CCCCC(=O)OC{solv}{x=0.733900}|COC(C)=O{solv}{x=0.266100}>,CCCCC(=O)OC,COC(C)=O,fb-fit-v1-single-mean-k100,1,0.0461011496913164,0.0476459076706889,0.178,0.002
11210,815,dhmix_915202362324204655,815,EnthalpyOfMixing,<Substance CCCCC(=O)OC{solv}{x=0.505500}|COC(C)=O{solv}{x=0.494500}>,CCCCC(=O)OC,COC(C)=O,fb-fit-v1-single-mean-k100,1,0.0938902239953414,0.0442793706341676,0.238,0.0025
11211,816,dhmix_935892165648195197,816,EnthalpyOfMixing,<Substance CCCCC(=O)OC{solv}{x=0.234700}|COC(C)=O{solv}{x=0.765300}>,CCCCC(=O)OC,COC(C)=O,fb-fit-v1-single-mean-k100,1,0.1253711636622654,0.0363777771731098,0.173,0.002
11212,817,dens_961692445804333991,817,Density,<Substance CCCCC(=O)OC{solv}{x=0.738300}|COC(C)=O{solv}{x=0.261700}>,CCCCC(=O)OC,COC(C)=O,fb-fit-v1-single-mean-k100,1,0.900657563876291,0.0002179830712609,0.8914700000000002,0.000505
11213,818,dens_1493380961688632529,818,Density,<Substance CCCCC(=O)OC{solv}{x=0.493500}|COC(C)=O{solv}{x=0.506500}>,CCCCC(=O)OC,COC(C)=O,fb-fit-v1-single-mean-k100,1,0.9106213589867744,0.000245213475732,0.8996200000000002,0.000505
11214,819,dhmix_563342363018905515,819,EnthalpyOfMixing,<Substance CCOC(=O)CC(C)=O{solv}{x=0.751400}|O{solv}{x=0.248600}>,CCOC(=O)CC(C)=O,O,fb-fit-v1-single-mean-k100,1,0.8026292249231517,0.0490122368055139,1.128,0.012
11215,820,dhmix_1385095028103136291,820,EnthalpyOfMixing,<Substance CCOC(=O)CC(C)=O{solv}{x=0.449100}|O{solv}{x=0.550900}>,CCOC(=O)CC(C)=O,O,fb-fit-v1-single-mean-k100,1,0.7865306895141089,0.0336117233554482,0.684,0.0075
11216,821,dhmix_1609967394780907654,821,EnthalpyOfMixing,<Substance CCOC(=O)CC(C)=O{solv}{x=0.299400}|O{solv}{x=0.700600}>,CCOC(=O)CC(C)=O,O,fb-fit-v1-single-mean-k100,1,0.6084755444371837,0.0280754164112789,0.428,0.005
11217,822,dhmix_566259260175961973,822,EnthalpyOfMixing,<Substance CCCCO{solv}{x=0.144700}|OC1=NCCC1{solv}{x=0.855300}>,CCCCO,OC1=NCCC1,fb-fit-v1-single-mean-k100,1,0.9147728056188384,0.0378897012902765,0.0949,0.0012
11218,823,dens_1146983614802652988,823,Density,<Substance CCCCO{solv}{x=0.500400}|OC1=NCCC1{solv}{x=0.499600}>,CCCCO,OC1=NCCC1,fb-fit-v1-single-mean-k100,1,0.9294355859779848,0.0002134153322046,0.94503,0.00015
11219,824,dhmix_1601732489230179724,824,EnthalpyOfMixing,<Substance CCCCO{solv}{x=0.497800}|OC1=NCCC1{solv}{x=0.502200}>,CCCCO,OC1=NCCC1,fb-fit-v1-single-mean-k100,1,1.5602845571999424,0.0360511678709681,0.2326,0.0026
11220,825,dhmix_1661138478850718837,825,EnthalpyOfMixing,<Substance CCCCO{solv}{x=0.754800}|OC1=NCCC1{solv}{x=0.245200}>,CCCCO,OC1=NCCC1,fb-fit-v1-single-mean-k100,1,1.21726301249765,0.0387330578888567,0.2356,0.00265
11221,826,dens_1878955695276199878,826,Density,<Substance CCCCO{solv}{x=0.144600}|OC1=NCCC1{solv}{x=0.855400}>,CCCCO,OC1=NCCC1,fb-fit-v1-single-mean-k100,1,1.022198743463336,0.0002696696346,1.0575900000000005,0.000205
11222,827,dens_2101998760005952263,827,Density,<Substance CCCCO{solv}{x=0.755500}|OC1=NCCC1{solv}{x=0.244500}>,CCCCO,OC1=NCCC1,fb-fit-v1-single-mean-k100,1,0.8656274022223467,0.0002020006142899,0.8711500000000002,0.000185
11223,828,dhmix_569012254773025696,828,EnthalpyOfMixing,<Substance CC(C)(C)O{solv}{x=0.505700}|OC1=NCCC1{solv}{x=0.494300}>,CC(C)(C)O,OC1=NCCC1,fb-fit-v1-single-mean-k100,1,1.812128084001159,0.0366579656588231,0.4323,0.0047
11224,829,dens_992979807705536615,829,Density,<Substance CC(C)(C)O{solv}{x=0.751100}|OC1=NCCC1{solv}{x=0.248900}>,CC(C)(C)O,OC1=NCCC1,fb-fit-v1-single-mean-k100,1,0.872124735050352,0.0002054350025369,0.8505700000000003,0.000215
11225,830,dens_1020722913861580636,830,Density,<Substance CC(C)(C)O{solv}{x=0.499700}|OC1=NCCC1{solv}{x=0.500300}>,CC(C)(C)O,OC1=NCCC1,fb-fit-v1-single-mean-k100,1,0.93266808872912,0.0002952657483987,0.9282800000000002,0.00018
11226,831,dhmix_1408261346335628114,831,EnthalpyOfMixing,<Substance CC(C)(C)O{solv}{x=0.744900}|OC1=NCCC1{solv}{x=0.255100}>,CC(C)(C)O,OC1=NCCC1,fb-fit-v1-single-mean-k100,1,1.9449769143281088,0.0415412527158997,0.3774,0.00415
11227,832,dhmix_1466823939183874689,832,EnthalpyOfMixing,<Substance CC(C)(C)O{solv}{x=0.257800}|OC1=NCCC1{solv}{x=0.742200}>,CC(C)(C)O,OC1=NCCC1,fb-fit-v1-single-mean-k100,1,1.1975739158501142,0.0387831423240398,0.2874,0.0032
11228,833,dens_1768273433543243004,833,Density,<Substance CC(C)(C)O{solv}{x=0.276400}|OC1=NCCC1{solv}{x=0.723600}>,CC(C)(C)O,OC1=NCCC1,fb-fit-v1-single-mean-k100,1,0.9888000411531016,0.0002338640777646,1.0036300000000002,0.000155
11229,834,dens_571827819113574480,834,Density,<Substance CC(C)OC(C)C{solv}{x=0.700400}|Cc1ccccc1{solv}{x=0.299600}>,CC(C)OC(C)C,Cc1ccccc1,fb-fit-v1-single-mean-k100,1,0.7708605756948669,0.0002379170558034,0.7573100000000001,0.000155
11230,835,dhmix_686402805609192969,835,EnthalpyOfMixing,<Substance CC(C)OC(C)C{solv}{x=0.228000}|Cc1ccccc1{solv}{x=0.772000}>,CC(C)OC(C)C,Cc1ccccc1,fb-fit-v1-single-mean-k100,1,-0.1018168667403571,0.0458797138478273,0.0593,0.00515
11231,836,dhmix_1045652173440309018,836,EnthalpyOfMixing,<Substance CC(C)OC(C)C{solv}{x=0.752000}|Cc1ccccc1{solv}{x=0.248000}>,CC(C)OC(C)C,Cc1ccccc1,fb-fit-v1-single-mean-k100,1,-0.0297245342676006,0.0482127171212711,-0.0091,0.00505
11232,837,dhmix_1690461453403165745,837,EnthalpyOfMixing,<Substance CC(C)OC(C)C{solv}{x=0.455000}|Cc1ccccc1{solv}{x=0.545000}>,CC(C)OC(C)C,Cc1ccccc1,fb-fit-v1-single-mean-k100,1,-0.0260925427732843,0.0403171735940092,0.0323,0.0051
11233,838,dens_2086775654110573795,838,Density,<Substance CC(C)OC(C)C{solv}{x=0.200400}|Cc1ccccc1{solv}{x=0.799600}>,CC(C)OC(C)C,Cc1ccccc1,fb-fit-v1-single-mean-k100,1,0.8408553833148704,0.0002236071081968,0.8299700000000002,0.00014
11234,839,dens_2167043968237201720,839,Density,<Substance CC(C)OC(C)C{solv}{x=0.500300}|Cc1ccccc1{solv}{x=0.499700}>,CC(C)OC(C)C,Cc1ccccc1,fb-fit-v1-single-mean-k100,1,0.7978661671394707,0.0002149719855216,0.7849200000000002,0.000155
11235,840,dhmix_578047845607378963,840,EnthalpyOfMixing,<Substance CN1CCCC1=O{solv}{x=0.635900}|c1ccncc1{solv}{x=0.364100}>,CN1CCCC1=O,c1ccncc1,fb-fit-v1-single-mean-k100,1,-0.2930823760645973,0.0405995797118257,-0.4013,0.10035
11236,841,dhmix_625120262301063359,841,EnthalpyOfMixing,<Substance CN1CCCC1=O{solv}{x=0.231200}|c1ccncc1{solv}{x=0.768800}>,CN1CCCC1=O,c1ccncc1,fb-fit-v1-single-mean-k100,1,-0.2247069499202201,0.0311810481821684,-0.3157,0.07895
11237,842,dens_1059919274311274879,842,Density,<Substance CN1CCCC1=O{solv}{x=0.521500}|c1ccncc1{solv}{x=0.478500}>,CN1CCCC1=O,c1ccncc1,fb-fit-v1-single-mean-k100,1,1.0012287704193528,0.0001634640804402,1.0158200000000004,0.00051
11238,843,dens_1445187430653020908,843,Density,<Substance CN1CCCC1=O{solv}{x=0.234800}|c1ccncc1{solv}{x=0.765200}>,CN1CCCC1=O,c1ccncc1,fb-fit-v1-single-mean-k100,1,0.991105378324524,0.0002196747259431,0.9983500000000004,0.00051
11239,844,dhmix_1933003504821603087,844,EnthalpyOfMixing,<Substance CN1CCCC1=O{solv}{x=0.499500}|c1ccncc1{solv}{x=0.500500}>,CN1CCCC1=O,c1ccncc1,fb-fit-v1-single-mean-k100,1,-0.317181145381924,0.0355788470663085,-0.4356,0.1089
11240,845,dens_2199047009222847682,845,Density,<Substance CN1CCCC1=O{solv}{x=0.636400}|c1ccncc1{solv}{x=0.363600}>,CN1CCCC1=O,c1ccncc1,fb-fit-v1-single-mean-k100,1,1.003975460947324,0.0002081092335601,1.0207400000000002,0.00051
11241,846,dens_586351122522837789,846,Density,<Substance c1cc[nH]c1{solv}{x=0.820700}|c1ccccc1{solv}{x=0.179300}>,c1cc[nH]c1,c1ccccc1,fb-fit-v1-single-mean-k100,1,0.9671166090336868,0.0002273706293767,0.9503300000000002,0.000195
11242,847,dhmix_1101447260293284221,847,EnthalpyOfMixing,<Substance c1cc[nH]c1{solv}{x=0.494000}|c1ccccc1{solv}{x=0.506000}>,c1cc[nH]c1,c1ccccc1,fb-fit-v1-single-mean-k100,1,0.6303082444560317,0.03703145385439,0.609,0.00395
11243,848,dens_1366042600317618213,848,Density,<Substance c1cc[nH]c1{solv}{x=0.503000}|c1ccccc1{solv}{x=0.497000}>,c1cc[nH]c1,c1ccccc1,fb-fit-v1-single-mean-k100,1,0.932338650251752,0.0001793178363863,0.9220400000000002,0.00019
11244,849,dens_2042223650153961549,849,Density,<Substance c1cc[nH]c1{solv}{x=0.314200}|c1ccccc1{solv}{x=0.685800}>,c1cc[nH]c1,c1ccccc1,fb-fit-v1-single-mean-k100,1,0.9139159710655924,0.0002633061479767,0.9043500000000002,0.000195
11245,850,dhmix_2080652523589171296,850,EnthalpyOfMixing,<Substance c1cc[nH]c1{solv}{x=0.820800}|c1ccccc1{solv}{x=0.179200}>,c1cc[nH]c1,c1ccccc1,fb-fit-v1-single-mean-k100,1,0.3672346463409894,0.0380090271633974,0.3441,0.00245
11246,851,dhmix_2101365800313583195,851,EnthalpyOfMixing,<Substance c1cc[nH]c1{solv}{x=0.314000}|c1ccccc1{solv}{x=0.686000}>,c1cc[nH]c1,c1ccccc1,fb-fit-v1-single-mean-k100,1,0.5168822709119354,0.0384163997557453,0.5893,0.00385
11247,852,dens_592296207180530796,852,Density,<Substance C1CCNCC1{solv}{x=0.250000}|O{solv}{x=0.750000}>,C1CCNCC1,O,fb-fit-v1-single-mean-k100,1,0.9154546374395466,0.0003697267477306,0.9379600000000002,0.000185
11248,853,dhmix_598563182385523239,853,EnthalpyOfMixing,<Substance C1CCNCC1{solv}{x=0.750000}|O{solv}{x=0.250000}>,C1CCNCC1,O,fb-fit-v1-single-mean-k100,1,-0.8938441639804111,0.0417868204624892,-1.4628,0.02995
11249,854,dens_1144696340343060729,854,Density,<Substance C1CCNCC1{solv}{x=0.500000}|O{solv}{x=0.500000}>,C1CCNCC1,O,fb-fit-v1-single-mean-k100,1,0.892721285468811,0.0002407078420978,0.90329,0.000235
11250,855,dens_1551117370864361960,855,Density,<Substance C1CCNCC1{solv}{x=0.750000}|O{solv}{x=0.250000}>,C1CCNCC1,O,fb-fit-v1-single-mean-k100,1,0.8796005661766888,0.0002723312506956,0.8771300000000002,0.000285
11251,856,dhmix_2023343497633678069,856,EnthalpyOfMixing,<Substance C1CCNCC1{solv}{x=0.500000}|O{solv}{x=0.500000}>,C1CCNCC1,O,fb-fit-v1-single-mean-k100,1,-1.4790307059709118,0.0269141524574075,-2.1379,0.04355
11252,857,dhmix_2169709193905404129,857,EnthalpyOfMixing,<Substance C1CCNCC1{solv}{x=0.250000}|O{solv}{x=0.750000}>,C1CCNCC1,O,fb-fit-v1-single-mean-k100,1,-1.022490313118352,0.0261505740664775,-1.9642,0.04065
11253,858,dhmix_597694390671293228,858,EnthalpyOfMixing,<Substance C1CCCCC1{solv}{x=0.495000}|c1cc[nH]c1{solv}{x=0.505000}>,C1CCCCC1,c1cc[nH]c1,fb-fit-v1-single-mean-k100,1,1.5366720978281734,0.0379999178527944,1.4275,0.00895
11254,859,dens_1402964712081643759,859,Density,<Substance C1CCCCC1{solv}{x=0.281700}|c1cc[nH]c1{solv}{x=0.718300}>,C1CCCCC1,c1cc[nH]c1,fb-fit-v1-single-mean-k100,1,0.9000754210535448,0.0002550418263163,0.9082800000000002,0.00023
11255,860,dens_1463337814181203578,860,Density,<Substance C1CCCCC1{solv}{x=0.925100}|c1cc[nH]c1{solv}{x=0.074900}>,C1CCCCC1,c1cc[nH]c1,fb-fit-v1-single-mean-k100,1,0.7770485904454454,0.000193981964558,0.7860300000000001,0.00026
11256,861,dens_1586039458655447443,861,Density,<Substance C1CCCCC1{solv}{x=0.494200}|c1cc[nH]c1{solv}{x=0.505800}>,C1CCCCC1,c1cc[nH]c1,fb-fit-v1-single-mean-k100,1,0.8495953341081692,0.0001794295002463,0.8661300000000002,0.000235
11257,862,dhmix_1650717903260721901,862,EnthalpyOfMixing,<Substance C1CCCCC1{solv}{x=0.924800}|c1cc[nH]c1{solv}{x=0.075200}>,C1CCCCC1,c1cc[nH]c1,fb-fit-v1-single-mean-k100,1,0.8589447348292367,0.0456979129548382,0.7315,0.00535
11258,863,dhmix_1709124910710738018,863,EnthalpyOfMixing,<Substance C1CCCCC1{solv}{x=0.281800}|c1cc[nH]c1{solv}{x=0.718200}>,C1CCCCC1,c1cc[nH]c1,fb-fit-v1-single-mean-k100,1,1.31318913679538,0.0383000021434596,1.245,0.00795
11259,864,dhmix_602003453564252918,864,EnthalpyOfMixing,<Substance COc1ccccc1{solv}{x=0.767000}|OCCc1ccccc1{solv}{x=0.233000}>,COc1ccccc1,OCCc1ccccc1,fb-fit-v1-single-mean-k100,1,0.9794033332130708,0.0485783444932994,1.1154,0.01195
11260,865,dhmix_831666159864093343,865,EnthalpyOfMixing,<Substance COc1ccccc1{solv}{x=0.267800}|OCCc1ccccc1{solv}{x=0.732200}>,COc1ccccc1,OCCc1ccccc1,fb-fit-v1-single-mean-k100,1,0.8025721203432994,0.0633080337677752,0.688,0.00745
11261,866,dhmix_1415130215717622630,866,EnthalpyOfMixing,<Substance COc1ccccc1{solv}{x=0.523200}|OCCc1ccccc1{solv}{x=0.476800}>,COc1ccccc1,OCCc1ccccc1,fb-fit-v1-single-mean-k100,1,0.9416962866448272,0.0425113214542677,1.0457,0.0112
11262,867,dens_2018050376435813399,867,Density,<Substance COc1ccccc1{solv}{x=0.767300}|OCCc1ccccc1{solv}{x=0.232700}>,COc1ccccc1,OCCc1ccccc1,fb-fit-v1-single-mean-k100,1,0.9887664513304956,0.0001411871569421,0.9869000000000002,0.00026
11263,868,dens_2083067547090229321,868,Density,<Substance COc1ccccc1{solv}{x=0.524500}|OCCc1ccccc1{solv}{x=0.475500}>,COc1ccccc1,OCCc1ccccc1,fb-fit-v1-single-mean-k100,1,0.9975509867248809,0.0002027569379076,0.9943600000000002,0.00026
11264,869,dens_2108796896152795987,869,Density,<Substance COc1ccccc1{solv}{x=0.212100}|OCCc1ccccc1{solv}{x=0.787900}>,COc1ccccc1,OCCc1ccccc1,fb-fit-v1-single-mean-k100,1,1.007804685444903,0.0002280401836852,1.0032600000000005,0.00026
11265,870,dhmix_607389561715885318,870,EnthalpyOfMixing,<Substance CC(C)O{solv}{x=0.750600}|CCOC(=O)CC(=O)OCC{solv}{x=0.249400}>,CC(C)O,CCOC(=O)CC(=O)OCC,fb-fit-v1-single-mean-k100,1,2.196012632392069,0.041706202294178,1.955,0.021
11266,871,dhmix_970997719035766241,871,EnthalpyOfMixing,<Substance CC(C)O{solv}{x=0.249200}|CCOC(=O)CC(=O)OCC{solv}{x=0.750800}>,CC(C)O,CCOC(=O)CC(=O)OCC,fb-fit-v1-single-mean-k100,1,1.717025037073654,0.0454368079227612,1.804,0.0195
11267,872,dens_1055220895195342210,872,Density,<Substance CC(C)O{solv}{x=0.700000}|CCOC(=O)CC(=O)OCC{solv}{x=0.300000}>,CC(C)O,CCOC(=O)CC(=O)OCC,fb-fit-v1-single-mean-k100,1,0.9267239754469896,0.0002470849868685,0.9013080000000002,0.000163
11268,873,dens_1059428282849222105,873,Density,<Substance CC(C)O{solv}{x=0.500100}|CCOC(=O)CC(=O)OCC{solv}{x=0.499900}>,CC(C)O,CCOC(=O)CC(=O)OCC,fb-fit-v1-single-mean-k100,1,0.9820716636668314,0.0001805672066347,0.9563730000000004,0.0001215
11269,874,dhmix_2225069850502215858,874,EnthalpyOfMixing,<Substance CC(C)O{solv}{x=0.499700}|CCOC(=O)CC(=O)OCC{solv}{x=0.500300}>,CC(C)O,CCOC(=O)CC(=O)OCC,fb-fit-v1-single-mean-k100,1,2.453254197136971,0.0463755485389724,2.369,0.0255
11270,875,dens_2227064517025896927,875,Density,<Substance CC(C)O{solv}{x=0.200000}|CCOC(=O)CC(=O)OCC{solv}{x=0.800000}>,CC(C)O,CCOC(=O)CC(=O)OCC,fb-fit-v1-single-mean-k100,1,1.0423131384019435,0.0001850940791941,1.0176930000000002,0.000103
11271,876,dhmix_614525131410782877,876,EnthalpyOfMixing,<Substance CCCCCC(C)=O{solv}{x=0.491300}|CCCCNCCCC{solv}{x=0.508700}>,CCCCCC(C)=O,CCCCNCCCC,fb-fit-v1-single-mean-k100,1,-0.3093407234278515,0.0513006759878071,0.278,0.003
11272,877,dhmix_1051001364116056564,877,EnthalpyOfMixing,<Substance CCCCCC(C)=O{solv}{x=0.781100}|CCCCNCCCC{solv}{x=0.218900}>,CCCCCC(C)=O,CCCCNCCCC,fb-fit-v1-single-mean-k100,1,-0.127617245116312,0.0558593945781694,0.164,0.002
11273,878,dens_1087422962538109584,878,Density,<Substance CCCCCC(C)=O{solv}{x=0.449900}|CCCCNCCCC{solv}{x=0.550100}>,CCCCCC(C)=O,CCCCNCCCC,fb-fit-v1-single-mean-k100,1,0.7838283217738657,0.0001523670075825,0.7778490000000002,9.250000000000004e-05
11274,879,dens_1830187222448876426,879,Density,<Substance CCCCCC(C)=O{solv}{x=0.209700}|CCCCNCCCC{solv}{x=0.790300}>,CCCCCC(C)=O,CCCCNCCCC,fb-fit-v1-single-mean-k100,1,0.7721355345556016,0.0001626974832094,0.7655110000000002,8.400000000000002e-05
11275,880,dens_2113849591242853193,880,Density,<Substance CCCCCC(C)=O{solv}{x=0.750900}|CCCCNCCCC{solv}{x=0.249100}>,CCCCCC(C)=O,CCCCNCCCC,fb-fit-v1-single-mean-k100,1,0.7995070899533571,0.0001133933612693,0.7951660000000003,0.000105
11276,881,dhmix_2131918011494960609,881,EnthalpyOfMixing,<Substance CCCCCC(C)=O{solv}{x=0.294700}|CCCCNCCCC{solv}{x=0.705300}>,CCCCCC(C)=O,CCCCNCCCC,fb-fit-v1-single-mean-k100,1,-0.1597889377399326,0.0559192832744242,0.256,0.003
11277,882,dhmix_618866445574413387,882,EnthalpyOfMixing,<Substance C1CCOCC1{solv}{x=0.442500}|Cc1ccccc1C{solv}{x=0.557500}>,C1CCOCC1,Cc1ccccc1C,fb-fit-v1-single-mean-k100,1,-0.0795220167959058,0.0438684916233681,-0.0342,0.0006
11278,883,dens_643927890193937545,883,Density,<Substance C1CCOCC1{solv}{x=0.518700}|Cc1ccccc1C{solv}{x=0.481300}>,C1CCOCC1,Cc1ccccc1C,fb-fit-v1-single-mean-k100,1,0.8756306767406168,0.0001900178606507,0.8779900000000003,0.0005
11279,884,dhmix_1129414916141538177,884,EnthalpyOfMixing,<Substance C1CCOCC1{solv}{x=0.744300}|Cc1ccccc1C{solv}{x=0.255700}>,C1CCOCC1,Cc1ccccc1C,fb-fit-v1-single-mean-k100,1,-0.0723983103453207,0.0407061459000023,0.0421,0.00065
11280,885,dens_1429468909820653032,885,Density,<Substance C1CCOCC1{solv}{x=0.231800}|Cc1ccccc1C{solv}{x=0.768200}>,C1CCOCC1,Cc1ccccc1C,fb-fit-v1-single-mean-k100,1,0.8746778912073344,0.0001731092358062,0.8770400000000002,0.0005
11281,886,dens_1442497603142913792,886,Density,<Substance C1CCOCC1{solv}{x=0.772900}|Cc1ccccc1C{solv}{x=0.227100}>,C1CCOCC1,Cc1ccccc1C,fb-fit-v1-single-mean-k100,1,0.8757682329745279,0.0002433526404497,0.8787800000000002,0.000505
11282,887,dhmix_2268256048157488415,887,EnthalpyOfMixing,<Substance C1CCOCC1{solv}{x=0.245400}|Cc1ccccc1C{solv}{x=0.754600}>,C1CCOCC1,Cc1ccccc1C,fb-fit-v1-single-mean-k100,1,-0.0627631936331312,0.0440247411578503,-0.0613,0.00085
11283,888,dens_626398848152359169,888,Density,<Substance C1COCCN1{solv}{x=0.498000}|O{solv}{x=0.502000}>,C1COCCN1,O,fb-fit-v1-single-mean-k100,1,1.0462003489640244,0.0003757663187444,1.0255000000000003,0.00255
11284,889,dhmix_773913810754342365,889,EnthalpyOfMixing,<Substance C1COCCN1{solv}{x=0.714900}|O{solv}{x=0.285100}>,C1COCCN1,O,fb-fit-v1-single-mean-k100,1,-2.3849569777677715,0.0441455474930754,-1.753,0.019
11285,890,dhmix_1012297674499495059,890,EnthalpyOfMixing,<Substance C1COCCN1{solv}{x=0.201000}|O{solv}{x=0.799000}>,C1COCCN1,O,fb-fit-v1-single-mean-k100,1,-1.7714211958254076,0.0265817377474715,-2.758,0.0295
11286,891,dens_1167008264969667349,891,Density,<Substance C1COCCN1{solv}{x=0.793000}|O{solv}{x=0.207000}>,C1COCCN1,O,fb-fit-v1-single-mean-k100,1,1.0470104604204309,0.0005095538413678,1.0057000000000005,0.00245
11287,892,dhmix_1871930573512426354,892,EnthalpyOfMixing,<Substance C1COCCN1{solv}{x=0.491100}|O{solv}{x=0.508900}>,C1COCCN1,O,fb-fit-v1-single-mean-k100,1,-2.8231861074926172,0.0273384292864958,-3.131,0.0335
11288,893,dens_2014911999593579414,893,Density,<Substance C1COCCN1{solv}{x=0.298000}|O{solv}{x=0.702000}>,C1COCCN1,O,fb-fit-v1-single-mean-k100,1,1.0375761459018014,0.0003542216788681,1.0309000000000004,0.00255
11289,894,dens_627753907231278660,894,Density,<Substance CCC(C)=O{solv}{x=0.753100}|CCCNCCC{solv}{x=0.246900}>,CCC(C)=O,CCCNCCC,fb-fit-v1-single-mean-k100,1,0.7782207642888909,0.0002356137714114,0.7771510000000001,0.000109
11290,895,dens_674236159588910357,895,Density,<Substance CCC(C)=O{solv}{x=0.244600}|CCCNCCC{solv}{x=0.755400}>,CCC(C)=O,CCCNCCC,fb-fit-v1-single-mean-k100,1,0.751043355527749,0.0002405753205861,0.7446230000000003,0.0001405
11291,896,dhmix_749228177959685874,896,EnthalpyOfMixing,<Substance CCC(C)=O{solv}{x=0.235300}|CCCNCCC{solv}{x=0.764700}>,CCC(C)=O,CCCNCCC,fb-fit-v1-single-mean-k100,1,0.0725732061870161,0.0508771018906006,0.299,0.0035
11292,897,dhmix_1706960823617656563,897,EnthalpyOfMixing,<Substance CCC(C)=O{solv}{x=0.698400}|CCCNCCC{solv}{x=0.301600}>,CCC(C)=O,CCCNCCC,fb-fit-v1-single-mean-k100,1,-0.0540737148720751,0.041856932699111,0.334,0.0035
11293,898,dhmix_2102794241345605516,898,EnthalpyOfMixing,<Substance CCC(C)=O{solv}{x=0.505000}|CCCNCCC{solv}{x=0.495000}>,CCC(C)=O,CCCNCCC,fb-fit-v1-single-mean-k100,1,0.109317222372347,0.0463883170755668,0.397,0.0045
11294,899,dens_2224864308887622456,899,Density,<Substance CCC(C)=O{solv}{x=0.500600}|CCCNCCC{solv}{x=0.499400}>,CCC(C)=O,CCCNCCC,fb-fit-v1-single-mean-k100,1,0.7637247953111508,0.000220304310017,0.7590400000000002,0.000125
11295,900,dhmix_628329103086906726,900,EnthalpyOfMixing,<Substance CC1CCCCC1{solv}{x=0.250400}|CCCO{solv}{x=0.749600}>,CC1CCCCC1,CCCO,fb-fit-v1-single-mean-k100,1,0.3314056724524263,0.0407975050548134,0.321,0.0055
11296,901,dhmix_989207392771680315,901,EnthalpyOfMixing,<Substance CC1CCCCC1{solv}{x=0.750500}|CCCO{solv}{x=0.249500}>,CC1CCCCC1,CCCO,fb-fit-v1-single-mean-k100,1,0.5985178548655483,0.039378012224724,0.574,0.0055
11297,902,dens_1351260115393741606,902,Density,<Substance CC1CCCCC1{solv}{x=0.503100}|CCCO{solv}{x=0.496900}>,CC1CCCCC1,CCCO,fb-fit-v1-single-mean-k100,1,0.7803520794115822,0.000229693244578,0.7785600000000001,0.0039
11298,903,dens_1376195506089851480,903,Density,<Substance CC1CCCCC1{solv}{x=0.202700}|CCCO{solv}{x=0.797300}>,CC1CCCCC1,CCCO,fb-fit-v1-single-mean-k100,1,0.7898071612347944,0.0002367146486879,0.7942000000000002,0.00398
11299,904,dens_1501229836503112732,904,Density,<Substance CC1CCCCC1{solv}{x=0.799000}|CCCO{solv}{x=0.201000}>,CC1CCCCC1,CCCO,fb-fit-v1-single-mean-k100,1,0.7744275133138417,0.0002034319965199,0.7688300000000002,0.003855
11300,905,dhmix_2109805019413953371,905,EnthalpyOfMixing,<Substance CC1CCCCC1{solv}{x=0.500400}|CCCO{solv}{x=0.499600}>,CC1CCCCC1,CCCO,fb-fit-v1-single-mean-k100,1,0.5087876671792486,0.0331596508934942,0.533,0.0055
11301,906,dhmix_634764080264908666,906,EnthalpyOfMixing,<Substance OCCN1CCOCC1{solv}{x=0.498900}|O{solv}{x=0.501100}>,O,OCCN1CCOCC1,fb-fit-v1-single-mean-k100,1,-3.1218634671433563,0.0378748569562666,-2.2633,0.02415
11302,907,dens_707792343667224312,907,Density,<Substance OCCN1CCOCC1{solv}{x=0.246600}|O{solv}{x=0.753400}>,O,OCCN1CCOCC1,fb-fit-v1-single-mean-k100,1,1.079235837607118,0.0002880361377703,1.0838100000000002,0.00154
11303,908,dhmix_1064373607860850902,908,EnthalpyOfMixing,<Substance OCCN1CCOCC1{solv}{x=0.694900}|O{solv}{x=0.305100}>,O,OCCN1CCOCC1,fb-fit-v1-single-mean-k100,1,-2.1013582754333697,0.0443242063962163,-1.7936,0.01915
11304,909,dhmix_1846281306963870091,909,EnthalpyOfMixing,<Substance OCCN1CCOCC1{solv}{x=0.300200}|O{solv}{x=0.699800}>,O,OCCN1CCOCC1,fb-fit-v1-single-mean-k100,1,-2.6855490296959417,0.0305191026263057,-2.426,0.026
11305,910,dens_2238932092645470826,910,Density,<Substance OCCN1CCOCC1{solv}{x=0.743900}|O{solv}{x=0.256100}>,O,OCCN1CCOCC1,fb-fit-v1-single-mean-k100,1,1.1005689479951974,0.0003204078999064,1.08031,0.001565
11306,911,dens_2269173599223764079,911,Density,<Substance OCCN1CCOCC1{solv}{x=0.485200}|O{solv}{x=0.514800}>,O,OCCN1CCOCC1,fb-fit-v1-single-mean-k100,1,1.0962811384701256,0.0001904374664814,1.0866900000000004,0.00159
11307,912,dhmix_636778454546345333,912,EnthalpyOfMixing,<Substance C1CCCCC1{solv}{x=0.506300}|CNc1ccccc1{solv}{x=0.493700}>,C1CCCCC1,CNc1ccccc1,fb-fit-v1-single-mean-k100,1,2.318327966028157,0.042073682634176,1.628,0.0175
11308,913,dens_1209163492396921559,913,Density,<Substance C1CCCCC1{solv}{x=0.247000}|CNc1ccccc1{solv}{x=0.753000}>,C1CCCCC1,CNc1ccccc1,fb-fit-v1-single-mean-k100,1,0.9375832856757104,0.0001887054345975,0.9289450000000002,0.000272
11309,914,dens_1438140901521078017,914,Density,<Substance C1CCCCC1{solv}{x=0.494500}|CNc1ccccc1{solv}{x=0.505500}>,C1CCCCC1,CNc1ccccc1,fb-fit-v1-single-mean-k100,1,0.8796415220710337,0.0001996168857983,0.8759620000000002,0.0001835
11310,915,dens_1482697199055102595,915,Density,<Substance C1CCCCC1{solv}{x=0.746400}|CNc1ccccc1{solv}{x=0.253600}>,C1CCCCC1,CNc1ccccc1,fb-fit-v1-single-mean-k100,1,0.8220942637682711,0.0001874114501161,0.8233530000000001,0.000138
11311,916,dhmix_1832297119731463766,916,EnthalpyOfMixing,<Substance C1CCCCC1{solv}{x=0.204700}|CNc1ccccc1{solv}{x=0.795300}>,C1CCCCC1,CNc1ccccc1,fb-fit-v1-single-mean-k100,1,1.5101613182797564,0.0552866672768241,0.972,0.0105
11312,917,dhmix_1889368397403208807,917,EnthalpyOfMixing,<Substance C1CCCCC1{solv}{x=0.706600}|CNc1ccccc1{solv}{x=0.293400}>,C1CCCCC1,CNc1ccccc1,fb-fit-v1-single-mean-k100,1,2.006415124062812,0.0473382960535589,1.521,0.0165
11313,918,dhmix_637657437173907469,918,EnthalpyOfMixing,<Substance CC(C)=O{solv}{x=0.709700}|CNc1ccccc1{solv}{x=0.290300}>,CC(C)=O,CNc1ccccc1,fb-fit-v1-single-mean-k100,1,-0.5353692124640297,0.0355164418380889,-0.525,0.0055
11314,919,dhmix_817594693007274900,919,EnthalpyOfMixing,<Substance CC(C)=O{solv}{x=0.231600}|CNc1ccccc1{solv}{x=0.768400}>,CC(C)=O,CNc1ccccc1,fb-fit-v1-single-mean-k100,1,-0.619567113665382,0.0559645721552935,-0.5,0.0055
11315,920,dens_830664987854613197,920,Density,<Substance CC(C)=O{solv}{x=0.250300}|CNc1ccccc1{solv}{x=0.749700}>,CC(C)=O,CNc1ccccc1,fb-fit-v1-single-mean-k100,1,0.9646255807179596,0.0002008731891408,0.9502900000000002,0.0003395
11316,921,dhmix_1052042310023734389,921,EnthalpyOfMixing,<Substance CC(C)=O{solv}{x=0.508600}|CNc1ccccc1{solv}{x=0.491400}>,CC(C)=O,CNc1ccccc1,fb-fit-v1-single-mean-k100,1,-0.612687983319292,0.0375887412022957,-0.672,0.0075
11317,922,dens_1302333367899693905,922,Density,<Substance CC(C)=O{solv}{x=0.750600}|CNc1ccccc1{solv}{x=0.249400}>,CC(C)=O,CNc1ccccc1,fb-fit-v1-single-mean-k100,1,0.8658022533364417,0.0002330818844858,0.8565010000000002,0.000231
11318,923,dens_1582643029733708616,923,Density,<Substance CC(C)=O{solv}{x=0.494800}|CNc1ccccc1{solv}{x=0.505200}>,CC(C)=O,CNc1ccccc1,fb-fit-v1-single-mean-k100,1,0.9232515565880292,0.0002189003673454,0.9107940000000002,0.000263
11319,924,dens_650566412384126439,924,Density,<Substance CC(C)CC(C)(C)C{solv}{x=0.158800}|CCCCC(=O)OC{solv}{x=0.841200}>,CC(C)CC(C)(C)C,CCCCC(=O)OC,fb-fit-v1-single-mean-k100,1,0.8570685649833129,0.0002042625595597,0.8463800000000002,0.000505
11320,925,dhmix_986100941633296124,925,EnthalpyOfMixing,<Substance CC(C)CC(C)(C)C{solv}{x=0.481800}|CCCCC(=O)OC{solv}{x=0.518200}>,CC(C)CC(C)(C)C,CCCCC(=O)OC,fb-fit-v1-single-mean-k100,1,1.3697730717578054,0.0471256670762693,0.866,0.0095
11321,926,dens_1095352626338523806,926,Density,<Substance CC(C)CC(C)(C)C{solv}{x=0.742500}|CCCCC(=O)OC{solv}{x=0.257500}>,CC(C)CC(C)(C)C,CCCCC(=O)OC,fb-fit-v1-single-mean-k100,1,0.7510034676921673,0.0001916978579094,0.7289800000000002,0.000505
11322,927,dens_1260001645299629257,927,Density,<Substance CC(C)CC(C)(C)C{solv}{x=0.498400}|CCCCC(=O)OC{solv}{x=0.501600}>,CC(C)CC(C)(C)C,CCCCC(=O)OC,fb-fit-v1-single-mean-k100,1,0.7910177217883967,0.0001881273070649,0.7738400000000002,0.000505
11323,928,dhmix_1505455794590867712,928,EnthalpyOfMixing,<Substance CC(C)CC(C)(C)C{solv}{x=0.158900}|CCCCC(=O)OC{solv}{x=0.841100}>,CC(C)CC(C)(C)C,CCCCC(=O)OC,fb-fit-v1-single-mean-k100,1,0.7511571317171928,0.0529045328501217,0.438,0.005
11324,929,dhmix_1888614200283593194,929,EnthalpyOfMixing,<Substance CC(C)CC(C)(C)C{solv}{x=0.781300}|CCCCC(=O)OC{solv}{x=0.218700}>,CC(C)CC(C)(C)C,CCCCC(=O)OC,fb-fit-v1-single-mean-k100,1,1.1778205802284134,0.0477609764574297,0.658,0.007
11325,930,dhmix_657900975986635712,930,EnthalpyOfMixing,<Substance Cc1ccccc1N{solv}{x=0.782700}|Cc1ccncc1{solv}{x=0.217300}>,Cc1ccccc1N,Cc1ccncc1,fb-fit-v1-single-mean-k100,1,-0.8724637845616705,0.0452520622877041,-0.8885,0.0182
11326,931,dhmix_727678512066874384,931,EnthalpyOfMixing,<Substance Cc1ccccc1N{solv}{x=0.478300}|Cc1ccncc1{solv}{x=0.521700}>,Cc1ccccc1N,Cc1ccncc1,fb-fit-v1-single-mean-k100,1,-1.4786149690426456,0.039254416807464,-1.4295,0.0291
11327,932,dhmix_860941552641107708,932,EnthalpyOfMixing,<Substance Cc1ccccc1N{solv}{x=0.271500}|Cc1ccncc1{solv}{x=0.728500}>,Cc1ccccc1N,Cc1ccncc1,fb-fit-v1-single-mean-k100,1,-1.2493821127911815,0.0458685899849544,-1.1791,0.02405
11328,933,dens_1148106102021344214,933,Density,<Substance Cc1ccccc1N{solv}{x=0.265500}|Cc1ccncc1{solv}{x=0.734500}>,Cc1ccccc1N,Cc1ccncc1,fb-fit-v1-single-mean-k100,1,0.9728083576807586,0.000190176088478,0.9662520000000002,0.00012
11329,934,dens_1294189007890656769,934,Density,<Substance Cc1ccccc1N{solv}{x=0.486300}|Cc1ccncc1{solv}{x=0.513700}>,Cc1ccccc1N,Cc1ccncc1,fb-fit-v1-single-mean-k100,1,0.9882010861020952,0.0002134275920401,0.9765780000000002,0.000119
11330,935,dens_1461384477504239974,935,Density,<Substance Cc1ccccc1N{solv}{x=0.767400}|Cc1ccncc1{solv}{x=0.232600}>,Cc1ccccc1N,Cc1ccncc1,fb-fit-v1-single-mean-k100,1,1.006131047367648,0.0002625027795826,0.9868740000000004,0.000118
11331,936,dens_671712471159959715,936,Density,<Substance CCCCCCN{solv}{x=0.294400}|CN(C)C=O{solv}{x=0.705600}>,CCCCCCN,CN(C)C=O,fb-fit-v1-single-mean-k100,1,0.8650435605129527,0.0002498104786924,0.8676880000000002,0.001057
11332,937,dhmix_791979567859859400,937,EnthalpyOfMixing,<Substance CCCCCCN{solv}{x=0.747800}|CN(C)C=O{solv}{x=0.252200}>,CCCCCCN,CN(C)C=O,fb-fit-v1-single-mean-k100,1,0.5955401367549911,0.059629342069792,0.461,0.015
11333,938,dens_812907294215791908,938,Density,<Substance CCCCCCN{solv}{x=0.450000}|CN(C)C=O{solv}{x=0.550000}>,CCCCCCN,CN(C)C=O,fb-fit-v1-single-mean-k100,1,0.8404779504046007,0.0001981458765599,0.8367510000000001,0.001016
11334,939,dhmix_1553880519684715156,939,EnthalpyOfMixing,<Substance CCCCCCN{solv}{x=0.249700}|CN(C)C=O{solv}{x=0.750300}>,CCCCCCN,CN(C)C=O,fb-fit-v1-single-mean-k100,1,0.4935006074972463,0.0411470779989001,0.51,0.0165
11335,940,dens_1658157305664412923,940,Density,<Substance CCCCCCN{solv}{x=0.745200}|CN(C)C=O{solv}{x=0.254800}>,CCCCCCN,CN(C)C=O,fb-fit-v1-single-mean-k100,1,0.8032062531552998,0.0002306255324458,0.7905460000000002,0.0009575
11336,941,dhmix_2271922176351407084,941,EnthalpyOfMixing,<Substance CCCCCCN{solv}{x=0.499700}|CN(C)C=O{solv}{x=0.500300}>,CCCCCCN,CN(C)C=O,fb-fit-v1-single-mean-k100,1,0.655788793039541,0.0399880239340535,0.661,0.02
11337,942,dhmix_676105854791415053,942,EnthalpyOfMixing,<Substance C=C(C)[C@H]1CC=C(C)CC1{solv}{x=0.540000}|CCCCCO{solv}{x=0.460000}>,C=C(C)[C@H]1CC=C(C)CC1,CCCCCO,fb-fit-v1-single-mean-k100,1,0.7686271232974633,0.0470285694565375,0.858,0.0345
11338,943,dhmix_865539540276734208,943,EnthalpyOfMixing,<Substance C=C(C)[C@H]1CC=C(C)CC1{solv}{x=0.766000}|CCCCCO{solv}{x=0.234000}>,C=C(C)[C@H]1CC=C(C)CC1,CCCCCO,fb-fit-v1-single-mean-k100,1,0.775922999046216,0.0567224623047551,0.782,0.0315
11339,944,dens_1544700949225348296,944,Density,<Substance C=C(C)[C@H]1CC=C(C)CC1{solv}{x=0.263500}|CCCCCO{solv}{x=0.736500}>,C=C(C)[C@H]1CC=C(C)CC1,CCCCCO,fb-fit-v1-single-mean-k100,1,0.8252621979219339,0.0001747856007663,0.8238000000000002,0.0002
11340,945,dens_1638649899512334435,945,Density,<Substance C=C(C)[C@H]1CC=C(C)CC1{solv}{x=0.543500}|CCCCCO{solv}{x=0.456500}>,C=C(C)[C@H]1CC=C(C)CC1,CCCCCO,fb-fit-v1-single-mean-k100,1,0.8314362795823391,0.0001950719347233,0.8312000000000003,0.0003
11341,946,dens_2014432371647189246,946,Density,<Substance C=C(C)[C@H]1CC=C(C)CC1{solv}{x=0.725200}|CCCCCO{solv}{x=0.274800}>,C=C(C)[C@H]1CC=C(C)CC1,CCCCCO,fb-fit-v1-single-mean-k100,1,0.8348700021473342,0.0001304637029862,0.8354000000000001,0.00035
11342,947,dhmix_2293008983270202716,947,EnthalpyOfMixing,<Substance C=C(C)[C@H]1CC=C(C)CC1{solv}{x=0.272000}|CCCCCO{solv}{x=0.728000}>,C=C(C)[C@H]1CC=C(C)CC1,CCCCCO,fb-fit-v1-single-mean-k100,1,0.5782275064118636,0.0481242323920966,0.532,0.0215
11343,948,dens_680086766431069719,948,Density,<Substance CN1CCNCC1{solv}{x=0.209100}|O{solv}{x=0.790900}>,CN1CCNCC1,O,fb-fit-v1-single-mean-k100,1,1.0032740537178293,0.0002896880981367,1.0013300000000005,4.000000000000001e-05
11344,949,dhmix_979415629850644100,949,EnthalpyOfMixing,<Substance CN1CCNCC1{solv}{x=0.199800}|O{solv}{x=0.800200}>,CN1CCNCC1,O,fb-fit-v1-single-mean-k100,1,-4.075667616140898,0.0255846289662996,-4.495,0.048
11345,950,dhmix_1386641258873877278,950,EnthalpyOfMixing,<Substance CN1CCNCC1{solv}{x=0.792600}|O{solv}{x=0.207400}>,CN1CCNCC1,O,fb-fit-v1-single-mean-k100,1,-1.898262877544255,0.0676913721425148,-1.753,0.019
11346,951,dhmix_1572121970391530461,951,EnthalpyOfMixing,<Substance CN1CCNCC1{solv}{x=0.550000}|O{solv}{x=0.450000}>,CN1CCNCC1,O,fb-fit-v1-single-mean-k100,1,-3.57904608704132,0.0407227738116858,-3.547,0.038
11347,952,dens_1756096179620961699,952,Density,<Substance CN1CCNCC1{solv}{x=0.510900}|O{solv}{x=0.489100}>,CN1CCNCC1,O,fb-fit-v1-single-mean-k100,1,0.9801370070990544,0.0003274124044756,0.9464100000000002,7.000000000000002e-05
11348,953,dens_1892970147583328629,953,Density,<Substance CN1CCNCC1{solv}{x=0.706500}|O{solv}{x=0.293500}>,CN1CCNCC1,O,fb-fit-v1-single-mean-k100,1,0.9720196877155948,0.0003265080747232,0.9223100000000002,8.500000000000002e-05
11349,954,dhmix_681274412655414068,954,EnthalpyOfMixing,<Substance CCCOC(=O)CC{solv}{x=0.739400}|Cc1ccccc1{solv}{x=0.260600}>,CCCOC(=O)CC,Cc1ccccc1,fb-fit-v1-single-mean-k100,1,-0.1975009185177256,0.047854336666231,-0.1135,0.0033
11350,955,dhmix_720914323963600437,955,EnthalpyOfMixing,<Substance CCCOC(=O)CC{solv}{x=0.238900}|Cc1ccccc1{solv}{x=0.761100}>,CCCOC(=O)CC,Cc1ccccc1,fb-fit-v1-single-mean-k100,1,-0.309835805621347,0.041214354246547,-0.1404,0.0037
11351,956,dens_1397630560016316656,956,Density,<Substance CCCOC(=O)CC{solv}{x=0.274700}|Cc1ccccc1{solv}{x=0.725300}>,CCCOC(=O)CC,Cc1ccccc1,fb-fit-v1-single-mean-k100,1,0.8760508137763182,0.0002105340563148,0.8675700000000003,0.00018
11352,957,dhmix_1646061995263935606,957,EnthalpyOfMixing,<Substance CCCOC(=O)CC{solv}{x=0.548600}|Cc1ccccc1{solv}{x=0.451400}>,CCCOC(=O)CC,Cc1ccccc1,fb-fit-v1-single-mean-k100,1,-0.3744418536653668,0.0447090853760434,-0.1583,0.004
11353,958,dens_1792064777238352129,958,Density,<Substance CCCOC(=O)CC{solv}{x=0.490700}|Cc1ccccc1{solv}{x=0.509300}>,CCCOC(=O)CC,Cc1ccccc1,fb-fit-v1-single-mean-k100,1,0.8788168596031293,0.0002306804640276,0.8707300000000002,0.00019
11354,959,dens_1826904081955826008,959,Density,<Substance CCCOC(=O)CC{solv}{x=0.734600}|Cc1ccccc1{solv}{x=0.265400}>,CCCOC(=O)CC,Cc1ccccc1,fb-fit-v1-single-mean-k100,1,0.8803251461878695,0.0002039278423654,0.8734100000000001,0.00021
11355,960,dens_685747331874801159,960,Density,<Substance CN1CCOCC1{solv}{x=0.498300}|O{solv}{x=0.501700}>,CN1CCOCC1,O,fb-fit-v1-single-mean-k100,1,0.988183409771325,0.0003287114687506,0.9627600000000002,0.00084
11356,961,dens_1087644349445114282,961,Density,<Substance CN1CCOCC1{solv}{x=0.253800}|O{solv}{x=0.746200}>,CN1CCOCC1,O,fb-fit-v1-single-mean-k100,1,0.9952956961285696,0.0004717794539116,0.9918800000000002,0.00059
11357,962,dens_1374975991061431070,962,Density,<Substance CN1CCOCC1{solv}{x=0.758700}|O{solv}{x=0.241300}>,CN1CCOCC1,O,fb-fit-v1-single-mean-k100,1,0.9747443849429543,0.0002351081971,0.9345300000000002,0.00112
11358,963,dhmix_686592400130667234,963,EnthalpyOfMixing,<Substance BrCCCBr{solv}{x=0.231300}|COC(C)=O{solv}{x=0.768700}>,BrCCCBr,COC(C)=O,fb-fit-v1-single-mean-k100,1,0.1042246046605583,0.0314922660790559,0.2115,0.0024
11359,964,dhmix_691866222529030049,964,EnthalpyOfMixing,<Substance BrCCCBr{solv}{x=0.504200}|COC(C)=O{solv}{x=0.495800}>,BrCCCBr,COC(C)=O,fb-fit-v1-single-mean-k100,1,0.1816239401507502,0.0367634572548319,0.3912,0.0038
11360,965,dens_1032175440351342196,965,Density,<Substance BrCCCBr{solv}{x=0.243500}|COC(C)=O{solv}{x=0.756500}>,BrCCCBr,COC(C)=O,fb-fit-v1-single-mean-k100,1,1.2351878105768703,0.0003281025113941,1.2277600000000002,0.00096
11361,966,dens_1180265274183315765,966,Density,<Substance BrCCCBr{solv}{x=0.713800}|COC(C)=O{solv}{x=0.286200}>,BrCCCBr,COC(C)=O,fb-fit-v1-single-mean-k100,1,1.7012865847852758,0.0005225181822653,1.7174300000000005,0.002745
11362,967,dhmix_1380172638999588939,967,EnthalpyOfMixing,<Substance BrCCCBr{solv}{x=0.759400}|COC(C)=O{solv}{x=0.240600}>,BrCCCBr,COC(C)=O,fb-fit-v1-single-mean-k100,1,0.0981458524624621,0.036048454312044,0.313,0.0032
11363,968,dens_1697077234757321859,968,Density,<Substance BrCCCBr{solv}{x=0.525600}|COC(C)=O{solv}{x=0.474400}>,BrCCCBr,COC(C)=O,fb-fit-v1-single-mean-k100,1,1.529085931771056,0.0004571374684326,1.5338800000000006,0.001965
11364,969,dens_693154680723850561,969,Density,<Substance CN1CCCC1=O{solv}{x=0.756400}|Cc1ccccc1{solv}{x=0.243600}>,CN1CCCC1=O,Cc1ccccc1,fb-fit-v1-single-mean-k100,1,0.9747902995788024,0.0001906626360918,0.9854500000000004,0.00034
11365,970,dhmix_1759507684169085916,970,EnthalpyOfMixing,<Substance CN1CCCC1=O{solv}{x=0.741800}|Cc1ccccc1{solv}{x=0.258200}>,CN1CCCC1=O,Cc1ccccc1,fb-fit-v1-single-mean-k100,1,-0.0832055985587487,0.0472856501489332,-0.2141,0.0024
11366,971,dens_1796497685752507694,971,Density,<Substance CN1CCCC1=O{solv}{x=0.481500}|Cc1ccccc1{solv}{x=0.518500}>,CN1CCCC1=O,Cc1ccccc1,fb-fit-v1-single-mean-k100,1,0.9366955489992166,0.0001888635660698,0.9415400000000002,0.00028
11367,972,dhmix_1857599089574133884,972,EnthalpyOfMixing,<Substance CN1CCCC1=O{solv}{x=0.223100}|Cc1ccccc1{solv}{x=0.776900}>,CN1CCCC1=O,Cc1ccccc1,fb-fit-v1-single-mean-k100,1,-0.1512080911609246,0.0448981965883528,-0.1889,0.00215
11368,973,dens_1886489466266398819,973,Density,<Substance CN1CCCC1=O{solv}{x=0.221600}|Cc1ccccc1{solv}{x=0.778400}>,CN1CCCC1=O,Cc1ccccc1,fb-fit-v1-single-mean-k100,1,0.9086525824770696,0.0002280200998601,0.9061600000000002,0.00076
11369,974,dhmix_2238554893157725289,974,EnthalpyOfMixing,<Substance CN1CCCC1=O{solv}{x=0.482100}|Cc1ccccc1{solv}{x=0.517900}>,CN1CCCC1=O,Cc1ccccc1,fb-fit-v1-single-mean-k100,1,-0.1079159434251337,0.0434800874129862,-0.2985,0.0033
11370,975,dens_717951284355382404,975,Density,<Substance CN1CCCC1=O{solv}{x=0.702300}|ClCCCCCCCl{solv}{x=0.297700}>,CN1CCCC1=O,ClCCCCCCCl,fb-fit-v1-single-mean-k100,1,1.0357520048429671,0.0001539744280298,1.0416,0.0003
11371,976,dhmix_859697969059379656,976,EnthalpyOfMixing,<Substance CN1CCCC1=O{solv}{x=0.503000}|ClCCCCCCCl{solv}{x=0.497000}>,CN1CCCC1=O,ClCCCCCCCl,fb-fit-v1-single-mean-k100,1,0.5883028453957024,0.0480075726711069,-0.2,0.0025
11372,977,dhmix_916885053388204545,977,EnthalpyOfMixing,<Substance CN1CCCC1=O{solv}{x=0.212000}|ClCCCCCCCl{solv}{x=0.788000}>,CN1CCCC1=O,ClCCCCCCCl,fb-fit-v1-single-mean-k100,1,0.1867838981269614,0.0482208601996774,-0.13,0.002
11373,978,dens_1483670447992291960,978,Density,<Substance CN1CCCC1=O{solv}{x=0.201600}|ClCCCCCCCl{solv}{x=0.798400}>,CN1CCCC1=O,ClCCCCCCCl,fb-fit-v1-single-mean-k100,1,1.0605452008785567,0.0002187165284608,1.0584000000000005,0.00055
11374,979,dens_1896555095774116819,979,Density,<Substance CN1CCCC1=O{solv}{x=0.504900}|ClCCCCCCCl{solv}{x=0.495100}>,CN1CCCC1=O,ClCCCCCCCl,fb-fit-v1-single-mean-k100,1,1.0473614715100092,0.000183023471309,1.0490000000000002,0.00035
11375,980,dhmix_2039443272323887912,980,EnthalpyOfMixing,<Substance CN1CCCC1=O{solv}{x=0.797000}|ClCCCCCCCl{solv}{x=0.203000}>,CN1CCCC1=O,ClCCCCCCCl,fb-fit-v1-single-mean-k100,1,0.4415448555785985,0.045199590285876,-0.123,0.002
11376,981,dhmix_729169544598225866,981,EnthalpyOfMixing,<Substance CN(C)C=O{solv}{x=0.203000}|ClCCCCCCCl{solv}{x=0.797000}>,CN(C)C=O,ClCCCCCCCl,fb-fit-v1-single-mean-k100,1,0.4973546948288998,0.0453538505565018,0.195,0.0025
11377,982,dhmix_1359105787212172230,982,EnthalpyOfMixing,<Substance CN(C)C=O{solv}{x=0.796000}|ClCCCCCCCl{solv}{x=0.204000}>,CN(C)C=O,ClCCCCCCCl,fb-fit-v1-single-mean-k100,1,0.50927709623965,0.0419156969455106,0.24,0.0025
11378,983,dhmix_1534380829757525169,983,EnthalpyOfMixing,<Substance CN(C)C=O{solv}{x=0.498000}|ClCCCCCCCl{solv}{x=0.502000}>,CN(C)C=O,ClCCCCCCCl,fb-fit-v1-single-mean-k100,1,0.8019956074584158,0.0438180527935232,0.34,0.0025
11379,984,dens_1752369236407148840,984,Density,<Substance CN(C)C=O{solv}{x=0.503300}|ClCCCCCCCl{solv}{x=0.496700}>,CN(C)C=O,ClCCCCCCCl,fb-fit-v1-single-mean-k100,1,1.0144152322112252,0.0002333763817573,1.0190000000000003,0.00155
11380,985,dens_2070195997725277466,985,Density,<Substance CN(C)C=O{solv}{x=0.703400}|ClCCCCCCCl{solv}{x=0.296600}>,CN(C)C=O,ClCCCCCCCl,fb-fit-v1-single-mean-k100,1,0.9844343211865828,0.0002539355272196,0.9943000000000002,0.0017
11381,986,dens_2171945276872385012,986,Density,<Substance CN(C)C=O{solv}{x=0.201300}|ClCCCCCCCl{solv}{x=0.798700}>,CN(C)C=O,ClCCCCCCCl,fb-fit-v1-single-mean-k100,1,1.0489764436995066,0.0002564281505686,1.0486000000000002,0.0014
11382,987,dens_741100297092592576,987,Density,<Substance C1CCCCC1{solv}{x=0.265900}|C1CCOCC1{solv}{x=0.734100}>,C1CCCCC1,C1CCOCC1,fb-fit-v1-single-mean-k100,1,0.8434476453623615,0.0002193576336875,0.8470300000000002,0.000505
11383,988,dens_1002639246322609242,988,Density,<Substance C1CCCCC1{solv}{x=0.762200}|C1CCOCC1{solv}{x=0.237800}>,C1CCCCC1,C1CCOCC1,fb-fit-v1-single-mean-k100,1,0.7892367801521971,0.0001566192083491,0.7952000000000002,0.000505
11384,989,dhmix_1171155554844966705,989,EnthalpyOfMixing,<Substance C1CCCCC1{solv}{x=0.247100}|C1CCOCC1{solv}{x=0.752900}>,C1CCCCC1,C1CCOCC1,fb-fit-v1-single-mean-k100,1,0.4773657904521826,0.0353895661338075,0.3613,0.00395
11385,990,dens_2142973677177666085,990,Density,<Substance C1CCCCC1{solv}{x=0.501800}|C1CCOCC1{solv}{x=0.498200}>,C1CCCCC1,C1CCOCC1,fb-fit-v1-single-mean-k100,1,0.816357987072576,0.0001987816077637,0.8211500000000002,0.000505
11386,991,dhmix_2195791820105752985,991,EnthalpyOfMixing,<Substance C1CCCCC1{solv}{x=0.726600}|C1CCOCC1{solv}{x=0.273400}>,C1CCCCC1,C1CCOCC1,fb-fit-v1-single-mean-k100,1,0.4949953439334393,0.0419101136013493,0.4424,0.00485
11387,992,dhmix_2296999979529762407,992,EnthalpyOfMixing,<Substance C1CCCCC1{solv}{x=0.499000}|C1CCOCC1{solv}{x=0.501000}>,C1CCCCC1,C1CCOCC1,fb-fit-v1-single-mean-k100,1,0.6773505347871236,0.0450814243812289,0.526,0.0055
11388,993,dhmix_744994939606384802,993,EnthalpyOfMixing,<Substance CO{solv}{x=0.300000}|O{solv}{x=0.700000}>,CO,O,fb-fit-v1-single-mean-k100,1,0.0705147123062808,0.0210661379389071,-0.85,0.005
11389,994,dens_1085345433585028387,994,Density,<Substance CO{solv}{x=0.499700}|O{solv}{x=0.500300}>,CO,O,fb-fit-v1-single-mean-k100,1,0.8437386612194667,0.0005151319117942,0.8816900000000003,0.000165
11390,995,dhmix_1126710771921470495,995,EnthalpyOfMixing,<Substance CO{solv}{x=0.700000}|O{solv}{x=0.300000}>,CO,O,fb-fit-v1-single-mean-k100,1,-0.0095133849343684,0.0249748855817655,-0.583,0.0035
11391,996,dens_1258832080354057572,996,Density,<Substance CO{solv}{x=0.300300}|O{solv}{x=0.699700}>,CO,O,fb-fit-v1-single-mean-k100,1,0.8901892304029231,0.0005071347583353,0.9252100000000004,0.000125
11392,997,dens_1758371820245200558,997,Density,<Substance CO{solv}{x=0.760500}|O{solv}{x=0.239500}>,CO,O,fb-fit-v1-single-mean-k100,1,0.8012140714376125,0.0004715214044042,0.8289000000000002,0.0001
11393,998,dhmix_1824296469249495553,998,EnthalpyOfMixing,<Substance CO{solv}{x=0.500000}|O{solv}{x=0.500000}>,CO,O,fb-fit-v1-single-mean-k100,1,-0.0191935968009318,0.0231163653494889,-0.777,0.0045
11394,999,dhmix_753952445434773754,999,EnthalpyOfMixing,<Substance CCCCCCCCCl{solv}{x=0.493000}|CN1CCCC1=O{solv}{x=0.507000}>,CCCCCCCCCl,CN1CCCC1=O,fb-fit-v1-single-mean-k100,1,1.2356909828052238,0.0461026604647694,0.638,0.0035
11395,1000,dhmix_1273186684325800862,1000,EnthalpyOfMixing,<Substance CCCCCCCCCl{solv}{x=0.783000}|CN1CCCC1=O{solv}{x=0.217000}>,CCCCCCCCCl,CN1CCCC1=O,fb-fit-v1-single-mean-k100,1,0.8375473305085848,0.0571054340508801,0.371,0.003
11396,1001,dhmix_1457789704046029008,1001,EnthalpyOfMixing,<Substance CCCCCCCCCl{solv}{x=0.202000}|CN1CCCC1=O{solv}{x=0.798000}>,CCCCCCCCCl,CN1CCCC1=O,fb-fit-v1-single-mean-k100,1,0.9121406677581164,0.0480477123630565,0.5,0.0035
11397,1002,dens_1965529278608066299,1002,Density,<Substance CCCCCCCCCl{solv}{x=0.299500}|CN1CCCC1=O{solv}{x=0.700500}>,CCCCCCCCCl,CN1CCCC1=O,fb-fit-v1-single-mean-k100,1,0.9539358023776916,0.0001886165657072,0.9598000000000002,0.00025
11398,1003,dens_2167805246575708222,1003,Density,<Substance CCCCCCCCCl{solv}{x=0.798600}|CN1CCCC1=O{solv}{x=0.201400}>,CCCCCCCCCl,CN1CCCC1=O,fb-fit-v1-single-mean-k100,1,0.8885293234680945,0.0001812714611021,0.8888000000000001,0.00055
11399,1004,dens_2177162670107081086,1004,Density,<Substance CCCCCCCCCl{solv}{x=0.497900}|CN1CCCC1=O{solv}{x=0.502100}>,CCCCCCCCCl,CN1CCCC1=O,fb-fit-v1-single-mean-k100,1,0.9238535867934718,0.0002013901345221,0.9269000000000002,0.00035
11400,1005,dhmix_756380521637559100,1005,EnthalpyOfMixing,<Substance C1COCCO1{solv}{x=0.500000}|O=C1CCCCC1{solv}{x=0.500000}>,C1COCCO1,O=C1CCCCC1,fb-fit-v1-single-mean-k100,1,0.2838377411464279,0.0423833486447713,0.28584,0.00154
11401,1006,dens_1139761443535371798,1006,Density,<Substance C1COCCO1{solv}{x=0.459400}|O=C1CCCCC1{solv}{x=0.540600}>,C1COCCO1,O=C1CCCCC1,fb-fit-v1-single-mean-k100,1,0.9737220596721806,0.0002039747959676,0.9762000000000004,0.00025
11402,1007,dhmix_1367833850972054360,1007,EnthalpyOfMixing,<Substance C1COCCO1{solv}{x=0.750000}|O=C1CCCCC1{solv}{x=0.250000}>,C1COCCO1,O=C1CCCCC1,fb-fit-v1-single-mean-k100,1,0.2233880314300762,0.0386831253765166,0.23662,0.001355
11403,1008,dhmix_1533665710565492443,1008,EnthalpyOfMixing,<Substance C1COCCO1{solv}{x=0.250000}|O=C1CCCCC1{solv}{x=0.750000}>,C1COCCO1,O=C1CCCCC1,fb-fit-v1-single-mean-k100,1,0.1552061185926732,0.0413171021833312,0.20076,0.00121
11404,1009,dens_1556646832168598904,1009,Density,<Substance C1COCCO1{solv}{x=0.797800}|O=C1CCCCC1{solv}{x=0.202200}>,C1COCCO1,O=C1CCCCC1,fb-fit-v1-single-mean-k100,1,1.0071952295067432,0.0002259286257703,1.0062000000000002,0.00025
11405,1010,dens_1806066395455679216,1010,Density,<Substance C1COCCO1{solv}{x=0.272000}|O=C1CCCCC1{solv}{x=0.728000}>,C1COCCO1,O=C1CCCCC1,fb-fit-v1-single-mean-k100,1,0.9585062174386048,0.0002005909678852,0.9614000000000004,0.00025
11406,1011,dhmix_781473821930081125,1011,EnthalpyOfMixing,<Substance CCOc1ccccc1{solv}{x=0.765100}|OCc1ccccc1{solv}{x=0.234900}>,CCOc1ccccc1,OCc1ccccc1,fb-fit-v1-single-mean-k100,1,0.9023918883310956,0.0501904480353345,1.083,0.0116
11407,1012,dhmix_966435122735090568,1012,EnthalpyOfMixing,<Substance CCOc1ccccc1{solv}{x=0.063600}|OCc1ccccc1{solv}{x=0.936400}>,CCOc1ccccc1,OCc1ccccc1,fb-fit-v1-single-mean-k100,1,0.2071191745926626,0.0475391918499582,0.1901,0.00225
11408,1013,dens_1184318999137642715,1013,Density,<Substance CCOc1ccccc1{solv}{x=0.064200}|OCc1ccccc1{solv}{x=0.935800}>,CCOc1ccccc1,OCc1ccccc1,fb-fit-v1-single-mean-k100,1,1.036908960195855,0.0002407784263278,1.02761,0.00011
11409,1014,dhmix_1518701992890040137,1014,EnthalpyOfMixing,<Substance CCOc1ccccc1{solv}{x=0.549900}|OCc1ccccc1{solv}{x=0.450100}>,CCOc1ccccc1,OCc1ccccc1,fb-fit-v1-single-mean-k100,1,1.0079659089474546,0.0402834687040562,1.0561,0.01135
11410,1015,dens_1575045736805268459,1015,Density,<Substance CCOc1ccccc1{solv}{x=0.459800}|OCc1ccccc1{solv}{x=0.540200}>,CCOc1ccccc1,OCc1ccccc1,fb-fit-v1-single-mean-k100,1,0.9993687610080392,0.0001800432892351,0.9925100000000002,0.00016
11411,1016,dens_2214650701288997434,1016,Density,<Substance CCOc1ccccc1{solv}{x=0.757200}|OCc1ccccc1{solv}{x=0.242800}>,CCOc1ccccc1,OCc1ccccc1,fb-fit-v1-single-mean-k100,1,0.974937859980933,0.0001822012283156,0.9686500000000002,0.000215
11412,1017,dens_800807749587668066,1017,Density,<Substance C1CCOCC1{solv}{x=0.733600}|c1ccncc1{solv}{x=0.266400}>,C1CCOCC1,c1ccncc1,fb-fit-v1-single-mean-k100,1,0.8924134905316565,0.0002454975682458,0.8933350000000002,0.000358
11413,1018,dhmix_836757145941804043,1018,EnthalpyOfMixing,<Substance C1CCOCC1{solv}{x=0.291500}|c1ccncc1{solv}{x=0.708500}>,C1CCOCC1,c1ccncc1,fb-fit-v1-single-mean-k100,1,-0.0096635617514664,0.0374581492969432,0.0898,0.00095
11414,1019,dhmix_1003039131395935786,1019,EnthalpyOfMixing,<Substance C1CCOCC1{solv}{x=0.536300}|c1ccncc1{solv}{x=0.463700}>,C1CCOCC1,c1ccncc1,fb-fit-v1-single-mean-k100,1,0.0337847525254737,0.0411991493716222,0.1573,0.0013
11415,1020,dens_1859030547600172702,1020,Density,<Substance C1CCOCC1{solv}{x=0.241500}|c1ccncc1{solv}{x=0.758500}>,C1CCOCC1,c1ccncc1,fb-fit-v1-single-mean-k100,1,0.9546681465533976,0.0002488912348239,0.9525650000000004,0.000212
11416,1021,dhmix_2191254706131659314,1021,EnthalpyOfMixing,<Substance C1CCOCC1{solv}{x=0.734400}|c1ccncc1{solv}{x=0.265600}>,C1CCOCC1,c1ccncc1,fb-fit-v1-single-mean-k100,1,0.00302195145224,0.0398043484659111,0.1564,0.0013
11417,1022,dens_2239470871208865925,1022,Density,<Substance C1CCOCC1{solv}{x=0.536400}|c1ccncc1{solv}{x=0.463600}>,C1CCOCC1,c1ccncc1,fb-fit-v1-single-mean-k100,1,0.9128452832191076,0.0002328429754578,0.9124250000000002,0.0002965
11418,1023,dens_801655585640229277,1023,Density,<Substance C1CCOCC1{solv}{x=0.777600}|CCCC(C)=O{solv}{x=0.222400}>,C1CCOCC1,CCCC(C)=O,fb-fit-v1-single-mean-k100,1,0.8576809414854832,0.0002059492338686,0.8602600000000002,0.000225
11419,1024,dhmix_1175081460677389458,1024,EnthalpyOfMixing,<Substance C1CCOCC1{solv}{x=0.250000}|CCCC(C)=O{solv}{x=0.750000}>,C1CCOCC1,CCCC(C)=O,fb-fit-v1-single-mean-k100,1,0.0436466879258752,0.0414143316760114,0.06014,0.00063
11420,1025,dens_1481139606755572767,1025,Density,<Substance C1CCOCC1{solv}{x=0.236100}|CCCC(C)=O{solv}{x=0.763900}>,C1CCOCC1,CCCC(C)=O,fb-fit-v1-single-mean-k100,1,0.8168404325340778,0.0002265928852561,0.8183900000000002,0.000215
11421,1026,dhmix_1531586108535895092,1026,EnthalpyOfMixing,<Substance C1CCOCC1{solv}{x=0.750000}|CCCC(C)=O{solv}{x=0.250000}>,C1CCOCC1,CCCC(C)=O,fb-fit-v1-single-mean-k100,1,0.1948496474670449,0.041622541285993,0.08245,0.000715
11422,1027,dhmix_2074691820693967219,1027,EnthalpyOfMixing,<Substance C1CCOCC1{solv}{x=0.500000}|CCCC(C)=O{solv}{x=0.500000}>,C1CCOCC1,CCCC(C)=O,fb-fit-v1-single-mean-k100,1,0.1301695337288144,0.0409673619776188,0.09128,0.000745
11423,1028,dens_2180187104403779312,1028,Density,<Substance C1CCOCC1{solv}{x=0.504600}|CCCC(C)=O{solv}{x=0.495400}>,C1CCOCC1,CCCC(C)=O,fb-fit-v1-single-mean-k100,1,0.836697732258851,0.0002599762139558,0.8386000000000002,0.00022
11424,1029,dhmix_814516627068967115,1029,EnthalpyOfMixing,<Substance CCCOC=O{solv}{x=0.230800}|ClCCCCl{solv}{x=0.769200}>,CCCOC=O,ClCCCCl,fb-fit-v1-single-mean-k100,1,0.2026408891905262,0.0370746461554838,-0.054,0.001
11425,1030,dens_853749747181024442,1030,Density,<Substance CCCOC=O{solv}{x=0.525500}|ClCCCCl{solv}{x=0.474500}>,CCCOC=O,ClCCCCl,fb-fit-v1-single-mean-k100,1,1.039148202097293,0.0003259441848235,1.0302400000000005,0.00176
11426,1031,dhmix_1623640482466530427,1031,EnthalpyOfMixing,<Substance CCCOC=O{solv}{x=0.750900}|ClCCCCl{solv}{x=0.249100}>,CCCOC=O,ClCCCCl,fb-fit-v1-single-mean-k100,1,0.1815735050388092,0.0417264663853245,-0.088,0.001
11427,1032,dens_1998603470347754754,1032,Density,<Substance CCCOC=O{solv}{x=0.233600}|ClCCCCl{solv}{x=0.766400}>,CCCOC=O,ClCCCCl,fb-fit-v1-single-mean-k100,1,1.111069488683172,0.0003309573089298,1.1122200000000002,0.00274
11428,1033,dhmix_2003217087101692001,1033,EnthalpyOfMixing,<Substance CCCOC=O{solv}{x=0.514500}|ClCCCCl{solv}{x=0.485500}>,CCCOC=O,ClCCCCl,fb-fit-v1-single-mean-k100,1,0.202241515455892,0.0366412716629997,-0.114,0.0015
11429,1034,dens_2020761603812222512,1034,Density,<Substance CCCOC=O{solv}{x=0.763600}|ClCCCCl{solv}{x=0.236400}>,CCCOC=O,ClCCCCl,fb-fit-v1-single-mean-k100,1,0.981460264220711,0.0002885640937969,0.9644500000000004,0.00119
11430,1035,dens_828893303895070246,1035,Density,<Substance C1CCCCC1{solv}{x=0.249800}|CCCCCCCC{solv}{x=0.750200}>,C1CCCCC1,CCCCCCCC,fb-fit-v1-single-mean-k100,1,0.7084262437722274,0.0001387443329345,0.7110900000000002,0.000605
11431,1036,dhmix_1288938247372010686,1036,EnthalpyOfMixing,<Substance C1CCCCC1{solv}{x=0.751300}|CCCCCCCC{solv}{x=0.248700}>,C1CCCCC1,CCCCCCCC,fb-fit-v1-single-mean-k100,1,0.448837479879387,0.039195183824592,0.23,0.005
11432,1037,dens_1398337515687242649,1037,Density,<Substance C1CCCCC1{solv}{x=0.477700}|CCCCCCCC{solv}{x=0.522300}>,C1CCCCC1,CCCCCCCC,fb-fit-v1-single-mean-k100,1,0.7209429087500846,0.0001850310573382,0.7250300000000002,0.000585
11433,1038,dhmix_1429498464152515756,1038,EnthalpyOfMixing,<Substance C1CCCCC1{solv}{x=0.532400}|CCCCCCCC{solv}{x=0.467600}>,C1CCCCC1,CCCCCCCC,fb-fit-v1-single-mean-k100,1,0.4164349236449425,0.0485625115031966,0.258,0.005
11434,1039,dens_2267960821195706299,1039,Density,<Substance C1CCCCC1{solv}{x=0.796100}|CCCCCCCC{solv}{x=0.203900}>,C1CCCCC1,CCCCCCCC,fb-fit-v1-single-mean-k100,1,0.7455130496378751,0.0002116864294778,0.7509700000000002,0.00055
11435,1040,dhmix_2289023418386220795,1040,EnthalpyOfMixing,<Substance C1CCCCC1{solv}{x=0.274400}|CCCCCCCC{solv}{x=0.725600}>,C1CCCCC1,CCCCCCCC,fb-fit-v1-single-mean-k100,1,0.2275179802453664,0.0504214620568499,0.18,0.005
11436,1041,dens_848374876759596361,1041,Density,<Substance CC(C)OC(C)C{solv}{x=0.284600}|CCCCCl{solv}{x=0.715400}>,CC(C)OC(C)C,CCCCCl,fb-fit-v1-single-mean-k100,1,0.8205350759111392,0.0002063335140926,0.8263210000000002,0.000365
11437,1042,dens_917492506874956672,1042,Density,<Substance CC(C)OC(C)C{solv}{x=0.808200}|CCCCCl{solv}{x=0.191800}>,CC(C)OC(C)C,CCCCCl,fb-fit-v1-single-mean-k100,1,0.7530090983731615,0.0002326562970892,0.7440910000000002,0.000448
11438,1043,dhmix_1107367594793013993,1043,EnthalpyOfMixing,<Substance CC(C)OC(C)C{solv}{x=0.272700}|CCCCCl{solv}{x=0.727300}>,CC(C)OC(C)C,CCCCCl,fb-fit-v1-single-mean-k100,1,-0.0813091018919038,0.0358421106876389,-0.0785,0.001
11439,1044,dhmix_1310204607958463222,1044,EnthalpyOfMixing,<Substance CC(C)OC(C)C{solv}{x=0.454700}|CCCCCl{solv}{x=0.545300}>,CC(C)OC(C)C,CCCCCl,fb-fit-v1-single-mean-k100,1,-0.1848439755171895,0.0415022426164676,-0.0954,0.0012
11440,1045,dhmix_1605157292498138629,1045,EnthalpyOfMixing,<Substance CC(C)OC(C)C{solv}{x=0.727400}|CCCCCl{solv}{x=0.272600}>,CC(C)OC(C)C,CCCCCl,fb-fit-v1-single-mean-k100,1,-0.1028976431751331,0.0355754892312556,-0.0732,0.00095
11441,1046,dens_1927916489732771888,1046,Density,<Substance CC(C)OC(C)C{solv}{x=0.484000}|CCCCCl{solv}{x=0.516000}>,CC(C)OC(C)C,CCCCCl,fb-fit-v1-single-mean-k100,1,0.792568248957361,0.0002551806033924,0.7925060000000002,0.0004005
11442,1047,dens_860008765681738590,1047,Density,<Substance CN(CCO)CCO{solv}{x=0.231260}|c1ccncc1{solv}{x=0.768740}>,CN(CCO)CCO,c1ccncc1,fb-fit-v1-single-mean-k100,1,1.0018689469155464,0.0002132770500263,0.9906030000000002,0.0001015
11443,1048,dens_1253280811379348869,1048,Density,<Substance CN(CCO)CCO{solv}{x=0.670000}|c1ccncc1{solv}{x=0.330000}>,CN(CCO)CCO,c1ccncc1,fb-fit-v1-single-mean-k100,1,1.037147662862755,0.0002079125340828,1.0161020000000005,0.000102
11444,1049,dhmix_1381513140604048573,1049,EnthalpyOfMixing,<Substance CN(CCO)CCO{solv}{x=0.473760}|c1ccncc1{solv}{x=0.526240}>,CN(CCO)CCO,c1ccncc1,fb-fit-v1-single-mean-k100,1,0.7141537515756227,0.0410375178192793,-0.093,0.001
11445,1050,dens_1460709448836415360,1050,Density,<Substance CN(CCO)CCO{solv}{x=0.473530}|c1ccncc1{solv}{x=0.526470}>,CN(CCO)CCO,c1ccncc1,fb-fit-v1-single-mean-k100,1,1.0232252868179288,0.0002609768487981,1.0044450000000005,0.0001015
11446,1051,dhmix_2085036308089359597,1051,EnthalpyOfMixing,<Substance CN(CCO)CCO{solv}{x=0.230610}|c1ccncc1{solv}{x=0.769390}>,CN(CCO)CCO,c1ccncc1,fb-fit-v1-single-mean-k100,1,0.7276551447677484,0.0379301235010104,-0.032,0.001
11447,1052,dhmix_2287943921901918379,1052,EnthalpyOfMixing,<Substance CN(CCO)CCO{solv}{x=0.669580}|c1ccncc1{solv}{x=0.330420}>,CN(CCO)CCO,c1ccncc1,fb-fit-v1-single-mean-k100,1,-0.0575758574381808,0.0474471702927671,-0.12,0.0015
11448,1053,dens_929806754028972955,1053,Density,<Substance CCCC(=O)OC{solv}{x=0.695800}|COC(C)=O{solv}{x=0.304200}>,CCCC(=O)OC,COC(C)=O,fb-fit-v1-single-mean-k100,1,0.9095089401263814,0.000223235615939,0.8997600000000002,0.000505
11449,1054,dhmix_1093843275803987368,1054,EnthalpyOfMixing,<Substance CCCC(=O)OC{solv}{x=0.482200}|COC(C)=O{solv}{x=0.517800}>,CCCC(=O)OC,COC(C)=O,fb-fit-v1-single-mean-k100,1,0.047055541850284,0.0405694502138171,0.151,0.002
11450,1055,dens_1187818937240241755,1055,Density,<Substance CCCC(=O)OC{solv}{x=0.253600}|COC(C)=O{solv}{x=0.746400}>,CCCC(=O)OC,COC(C)=O,fb-fit-v1-single-mean-k100,1,0.9271263421652228,0.0002513076001978,0.9147400000000002,0.000505
11451,1056,dens_1462283017082249050,1056,Density,<Substance CCCC(=O)OC{solv}{x=0.545600}|COC(C)=O{solv}{x=0.454400}>,CCCC(=O)OC,COC(C)=O,fb-fit-v1-single-mean-k100,1,0.914892600892563,0.0002587875735937,0.9041900000000004,0.000505
11452,1057,dhmix_1514470349370367756,1057,EnthalpyOfMixing,<Substance CCCC(=O)OC{solv}{x=0.226000}|COC(C)=O{solv}{x=0.774000}>,CCCC(=O)OC,COC(C)=O,fb-fit-v1-single-mean-k100,1,-0.0066979088759211,0.0393082560028414,0.102,0.0015
11453,1058,dhmix_1615966506855005599,1058,EnthalpyOfMixing,<Substance CCCC(=O)OC{solv}{x=0.695800}|COC(C)=O{solv}{x=0.304200}>,CCCC(=O)OC,COC(C)=O,fb-fit-v1-single-mean-k100,1,0.1265566968733722,0.0341477605236741,0.122,0.0015
11454,1059,dens_931039395662625393,1059,Density,<Substance BrCCBr{solv}{x=0.510700}|CCOC=O{solv}{x=0.489300}>,BrCCBr,CCOC=O,fb-fit-v1-single-mean-k100,1,1.5780013353476792,0.0004306631321034,1.5742900000000004,0.00125
11455,1060,dhmix_1379448524788285045,1060,EnthalpyOfMixing,<Substance BrCCBr{solv}{x=0.503000}|CCOC=O{solv}{x=0.497000}>,BrCCBr,CCOC=O,fb-fit-v1-single-mean-k100,1,0.3655665436580131,0.0317383386384474,0.404,0.0054
11456,1061,dhmix_1589211680683586133,1061,EnthalpyOfMixing,<Substance BrCCBr{solv}{x=0.247500}|CCOC=O{solv}{x=0.752500}>,BrCCBr,CCOC=O,fb-fit-v1-single-mean-k100,1,0.3028919226627344,0.0369801197984133,0.2492,0.0035
11457,1062,dens_1816072583621776909,1062,Density,<Substance BrCCBr{solv}{x=0.282500}|CCOC=O{solv}{x=0.717500}>,BrCCBr,CCOC=O,fb-fit-v1-single-mean-k100,1,1.3071153399862965,0.0004649220484891,1.2851500000000005,0.00131
11458,1063,dens_1857279480363338972,1063,Density,<Substance BrCCBr{solv}{x=0.750600}|CCOC=O{solv}{x=0.249400}>,BrCCBr,CCOC=O,fb-fit-v1-single-mean-k100,1,1.8456953955329476,0.0005889627566983,1.8698300000000003,0.000995
11459,1064,dhmix_2225135654541562913,1064,EnthalpyOfMixing,<Substance BrCCBr{solv}{x=0.734600}|CCOC=O{solv}{x=0.265400}>,BrCCBr,CCOC=O,fb-fit-v1-single-mean-k100,1,0.3354538304170109,0.0350565999494521,0.3604,0.00485
11460,1065,dhmix_933824509566848172,1065,EnthalpyOfMixing,<Substance C1COCO1{solv}{x=0.350000}|CCCC(C)=O{solv}{x=0.650000}>,C1COCO1,CCCC(C)=O,fb-fit-v1-single-mean-k100,1,0.1854478237457684,0.0450183089728945,0.17755,0.001095
11461,1066,dens_1326756646981901590,1066,Density,<Substance C1COCO1{solv}{x=0.717400}|CCCC(C)=O{solv}{x=0.282600}>,C1COCO1,CCCC(C)=O,fb-fit-v1-single-mean-k100,1,0.972272208151606,0.0002989065571487,0.9625500000000002,0.000245
11462,1067,dhmix_1386053902220878259,1067,EnthalpyOfMixing,<Substance C1COCO1{solv}{x=0.500000}|CCCC(C)=O{solv}{x=0.500000}>,C1COCO1,CCCC(C)=O,fb-fit-v1-single-mean-k100,1,0.2487057413795526,0.0374661755280216,0.21077,0.00122
11463,1068,dens_1490997112604690080,1068,Density,<Substance C1COCO1{solv}{x=0.349900}|CCCC(C)=O{solv}{x=0.650100}>,C1COCO1,CCCC(C)=O,fb-fit-v1-single-mean-k100,1,0.8718336304587431,0.0002541409008675,0.8687200000000003,0.00022
11464,1069,dens_1979377813631413053,1069,Density,<Substance C1COCO1{solv}{x=0.516900}|CCCC(C)=O{solv}{x=0.483100}>,C1COCO1,CCCC(C)=O,fb-fit-v1-single-mean-k100,1,0.9135444541968336,0.0002720506605203,0.9078200000000004,0.00023
11465,1070,dhmix_2113009728753201792,1070,EnthalpyOfMixing,<Substance C1COCO1{solv}{x=0.750000}|CCCC(C)=O{solv}{x=0.250000}>,C1COCO1,CCCC(C)=O,fb-fit-v1-single-mean-k100,1,0.1829337554841217,0.038456976799429,0.17046,0.00107
11466,1071,dhmix_962524540250306235,1071,EnthalpyOfMixing,<Substance Cc1ccccc1N{solv}{x=0.268100}|c1ccncc1{solv}{x=0.731900}>,Cc1ccccc1N,c1ccncc1,fb-fit-v1-single-mean-k100,1,-1.4515618664732417,0.0410371744268963,-0.8915,0.0182
11467,1072,dhmix_1000930562998604270,1072,EnthalpyOfMixing,<Substance Cc1ccccc1N{solv}{x=0.773500}|c1ccncc1{solv}{x=0.226500}>,Cc1ccccc1N,c1ccncc1,fb-fit-v1-single-mean-k100,1,-0.7318991397302419,0.0650682501413182,-0.7828,0.016
11468,1073,dens_1203111494553524663,1073,Density,<Substance Cc1ccccc1N{solv}{x=0.483700}|c1ccncc1{solv}{x=0.516300}>,Cc1ccccc1N,c1ccncc1,fb-fit-v1-single-mean-k100,1,1.0068687677765789,0.0002338095970086,0.9912370000000004,0.000117
11469,1074,dens_1316174752280431242,1074,Density,<Substance Cc1ccccc1N{solv}{x=0.237400}|c1ccncc1{solv}{x=0.762600}>,Cc1ccccc1N,c1ccncc1,fb-fit-v1-single-mean-k100,1,0.9963569318032516,0.0002346657418896,0.9863750000000002,0.000118
11470,1075,dhmix_1371524052813651708,1075,EnthalpyOfMixing,<Substance Cc1ccccc1N{solv}{x=0.482600}|c1ccncc1{solv}{x=0.517400}>,Cc1ccccc1N,c1ccncc1,fb-fit-v1-single-mean-k100,1,-1.556720625854851,0.0407892560538167,-1.0329,0.02105
11471,1076,dens_2188924364196997512,1076,Density,<Substance Cc1ccccc1N{solv}{x=0.767800}|c1ccncc1{solv}{x=0.232200}>,Cc1ccccc1N,c1ccncc1,fb-fit-v1-single-mean-k100,1,1.0147456417158107,0.0002744946453334,0.9936220000000002,0.000117
11472,1077,dens_964556344607822867,1077,Density,<Substance CCCCCCCCC{solv}{x=0.696300}|COC(C)(C)C{solv}{x=0.303700}>,CCCCCCCCC,COC(C)(C)C,fb-fit-v1-single-mean-k100,1,0.7178416668888606,0.0001903642647032,0.7173600000000002,0.000295
11473,1078,dhmix_1091489740441728210,1078,EnthalpyOfMixing,<Substance CCCCCCCCC{solv}{x=0.260100}|COC(C)(C)C{solv}{x=0.739900}>,CCCCCCCCC,COC(C)(C)C,fb-fit-v1-single-mean-k100,1,0.5651777464094394,0.0426947344133235,0.371,0.0075
11474,1079,dens_1264105858192356202,1079,Density,<Substance CCCCCCCCC{solv}{x=0.499200}|COC(C)(C)C{solv}{x=0.500800}>,CCCCCCCCC,COC(C)(C)C,fb-fit-v1-single-mean-k100,1,0.7225357761800599,0.0002050210347578,0.7207300000000002,0.00029
11475,1080,dhmix_1760873631242020891,1080,EnthalpyOfMixing,<Substance CCCCCCCCC{solv}{x=0.759600}|COC(C)(C)C{solv}{x=0.240400}>,CCCCCCCCC,COC(C)(C)C,fb-fit-v1-single-mean-k100,1,0.544145878646006,0.0577160459304613,0.345,0.007
11476,1081,dens_2012579877169955729,1081,Density,<Substance CCCCCCCCC{solv}{x=0.199500}|COC(C)(C)C{solv}{x=0.800500}>,CCCCCCCCC,COC(C)(C)C,fb-fit-v1-single-mean-k100,1,0.7316093190081361,0.0001734673230745,0.7281100000000001,0.000285
11477,1082,dhmix_2200368758776542578,1082,EnthalpyOfMixing,<Substance CCCCCCCCC{solv}{x=0.513300}|COC(C)(C)C{solv}{x=0.486700}>,CCCCCCCCC,COC(C)(C)C,fb-fit-v1-single-mean-k100,1,0.7717274675414529,0.050625701554574,0.486,0.0095
11478,1083,dhmix_972091313059406932,1083,EnthalpyOfMixing,<Substance CCCNCCC{solv}{x=0.248200}|CN(C)C=O{solv}{x=0.751800}>,CCCNCCC,CN(C)C=O,fb-fit-v1-single-mean-k100,1,0.1681173224933303,0.0413154613609376,0.613,0.0195
11479,1084,dhmix_1037416167092316519,1084,EnthalpyOfMixing,<Substance CCCNCCC{solv}{x=0.499500}|CN(C)C=O{solv}{x=0.500500}>,CCCNCCC,CN(C)C=O,fb-fit-v1-single-mean-k100,1,0.1086173567961097,0.0429886360855043,0.748,0.0225
11480,1085,dhmix_1525975551610336413,1085,EnthalpyOfMixing,<Substance CCCNCCC{solv}{x=0.749600}|CN(C)C=O{solv}{x=0.250400}>,CCCNCCC,CN(C)C=O,fb-fit-v1-single-mean-k100,1,0.0344063326292527,0.0493151293181119,0.529,0.017
11481,1086,dens_1610465641813938660,1086,Density,<Substance CCCNCCC{solv}{x=0.745900}|CN(C)C=O{solv}{x=0.254100}>,CCCNCCC,CN(C)C=O,fb-fit-v1-single-mean-k100,1,0.7744381751629225,0.0002052525294671,0.7687320000000002,0.0009355
11482,1087,dens_2129043605695010641,1087,Density,<Substance CCCNCCC{solv}{x=0.503400}|CN(C)C=O{solv}{x=0.496600}>,CCCNCCC,CN(C)C=O,fb-fit-v1-single-mean-k100,1,0.8124468474576787,0.000236851666241,0.8108000000000002,0.0009885
11483,1088,dens_2129124855081233158,1088,Density,<Substance CCCNCCC{solv}{x=0.252300}|CN(C)C=O{solv}{x=0.747700}>,CCCNCCC,CN(C)C=O,fb-fit-v1-single-mean-k100,1,0.8615560994274426,0.0002383302739121,0.8674480000000002,0.0010625
11484,1089,dhmix_1022139531284796266,1089,EnthalpyOfMixing,<Substance CCCO{solv}{x=0.730200}|O=Cc1ccccc1{solv}{x=0.269800}>,CCCO,O=Cc1ccccc1,fb-fit-v1-single-mean-k100,1,1.427185603150285,0.0351576453250005,1.3784,0.00585
11485,1090,dens_1530410585842005416,1090,Density,<Substance CCCO{solv}{x=0.802500}|O=Cc1ccccc1{solv}{x=0.197500}>,CCCO,O=Cc1ccccc1,fb-fit-v1-single-mean-k100,1,0.8680227651193307,0.0001862406278103,0.8676000000000003,0.0054
11486,1091,dens_1586325098516354010,1091,Density,<Substance CCCO{solv}{x=0.500300}|O=Cc1ccccc1{solv}{x=0.499700}>,CCCO,O=Cc1ccccc1,fb-fit-v1-single-mean-k100,1,0.9508279926848708,0.00026267007641,0.9470000000000002,0.0035
11487,1092,dhmix_1860362391399300385,1092,EnthalpyOfMixing,<Substance CCCO{solv}{x=0.237400}|O=Cc1ccccc1{solv}{x=0.762600}>,CCCO,O=Cc1ccccc1,fb-fit-v1-single-mean-k100,1,1.21921007084012,0.0440384341035471,1.2579,0.0055
11488,1093,dens_2022804020725863961,1093,Density,<Substance CCCO{solv}{x=0.192900}|O=Cc1ccccc1{solv}{x=0.807100}>,CCCO,O=Cc1ccccc1,fb-fit-v1-single-mean-k100,1,1.0154728492755978,0.0002043157258101,1.0128,0.00265
11489,1094,dhmix_2114980631721668598,1094,EnthalpyOfMixing,<Substance CCCO{solv}{x=0.517800}|O=Cc1ccccc1{solv}{x=0.482200}>,CCCO,O=Cc1ccccc1,fb-fit-v1-single-mean-k100,1,1.6755045575004033,0.0372147011463651,1.6361,0.00675
11490,1095,dens_1061385011202038988,1095,Density,<Substance CC(C)O{solv}{x=0.495900}|CCCCOCCO{solv}{x=0.504100}>,CC(C)O,CCCCOCCO,fb-fit-v1-single-mean-k100,1,0.8617988286706916,0.0002345946668993,0.8550000000000002,5.450000000000001e-05
11491,1096,dens_1314274960992474794,1096,Density,<Substance CC(C)O{solv}{x=0.292200}|CCCCOCCO{solv}{x=0.707800}>,CC(C)O,CCCCOCCO,fb-fit-v1-single-mean-k100,1,0.8778724005070893,0.0002255256832274,0.8743700000000002,4.600000000000001e-05
11492,1097,dens_1729117108592325655,1097,Density,<Substance CC(C)O{solv}{x=0.743300}|CCCCOCCO{solv}{x=0.256700}>,CC(C)O,CCCCOCCO,fb-fit-v1-single-mean-k100,1,0.8379087236616746,0.0002755421610365,0.8247900000000001,5.600000000000001e-05
11493,1098,dens_1112128096721834081,1098,Density,<Substance CNCCO{solv}{x=0.800900}|O{solv}{x=0.199100}>,CNCCO,O,fb-fit-v1-single-mean-k100,1,0.9673976278002911,0.0005217126294662,0.9466300000000002,0.00032
11494,1099,dens_1381694863030749046,1099,Density,<Substance CNCCO{solv}{x=0.198700}|O{solv}{x=0.801300}>,CNCCO,O,fb-fit-v1-single-mean-k100,1,0.9852557506199838,0.0003257401514537,0.9960300000000002,0.00016
11495,1100,dhmix_1383192140212198237,1100,EnthalpyOfMixing,<Substance CNCCO{solv}{x=0.798800}|O{solv}{x=0.201200}>,CNCCO,O,fb-fit-v1-single-mean-k100,1,-1.0484795938871656,0.039846417099573,-1.219,0.025
11496,1101,dens_1615304038745182966,1101,Density,<Substance CNCCO{solv}{x=0.504100}|O{solv}{x=0.495900}>,CNCCO,O,fb-fit-v1-single-mean-k100,1,0.9808568480057314,0.0003619024560089,0.9688100000000002,0.000235
11497,1102,dhmix_1902240048183935170,1102,EnthalpyOfMixing,<Substance CNCCO{solv}{x=0.501700}|O{solv}{x=0.498300}>,CNCCO,O,fb-fit-v1-single-mean-k100,1,-2.12634259905213,0.0300104291552665,-2.508,0.051
11498,1103,dhmix_2185888808838690563,1103,EnthalpyOfMixing,<Substance CNCCO{solv}{x=0.199200}|O{solv}{x=0.800800}>,CNCCO,O,fb-fit-v1-single-mean-k100,1,-1.281616281240491,0.0247050991175593,-2.243,0.0455
11499,1104,dens_1155626281932782094,1104,Density,<Substance CCC(C)=O{solv}{x=0.292200}|CN1CCCC1=O{solv}{x=0.707800}>,CCC(C)=O,CN1CCCC1=O,fb-fit-v1-single-mean-k100,1,0.9522279707949596,0.0002299300299146,0.9591400000000002,0.00262
11500,1105,dens_1354588388489384902,1105,Density,<Substance CCC(C)=O{solv}{x=0.779300}|CN1CCCC1=O{solv}{x=0.220700}>,CCC(C)=O,CN1CCCC1=O,fb-fit-v1-single-mean-k100,1,0.8453133936033059,0.0002182950195873,0.8467600000000002,0.002595
11501,1106,dhmix_1468142552678388689,1106,EnthalpyOfMixing,<Substance CCC(C)=O{solv}{x=0.484100}|CN1CCCC1=O{solv}{x=0.515900}>,CCC(C)=O,CN1CCCC1=O,fb-fit-v1-single-mean-k100,1,0.1417835459151581,0.0334236454238078,-0.1675,0.00415
11502,1107,dhmix_1545004468946955771,1107,EnthalpyOfMixing,<Substance CCC(C)=O{solv}{x=0.246100}|CN1CCCC1=O{solv}{x=0.753900}>,CCC(C)=O,CN1CCCC1=O,fb-fit-v1-single-mean-k100,1,0.0480050032169598,0.0388297651479799,-0.0999,0.0031
11503,1108,dhmix_1746826813990258300,1108,EnthalpyOfMixing,<Substance CCC(C)=O{solv}{x=0.732400}|CN1CCCC1=O{solv}{x=0.267600}>,CCC(C)=O,CN1CCCC1=O,fb-fit-v1-single-mean-k100,1,0.1549116735056561,0.0398956948788449,-0.0861,0.0029
11504,1109,dens_2035401379156582518,1109,Density,<Substance CCC(C)=O{solv}{x=0.479500}|CN1CCCC1=O{solv}{x=0.520500}>,CCC(C)=O,CN1CCCC1=O,fb-fit-v1-single-mean-k100,1,0.9130357200802116,0.0002138932216077,0.9166100000000004,0.00261
11505,1110,dens_1159403686634788877,1110,Density,<Substance C1CCOCC1{solv}{x=0.253600}|Cc1ccncc1{solv}{x=0.746400}>,C1CCOCC1,Cc1ccncc1,fb-fit-v1-single-mean-k100,1,0.9332703335101092,0.0002203054887013,0.9329390000000002,0.0002125
11506,1111,dhmix_1427533760370073434,1111,EnthalpyOfMixing,<Substance C1CCOCC1{solv}{x=0.241600}|Cc1ccncc1{solv}{x=0.758400}>,C1CCOCC1,Cc1ccncc1,fb-fit-v1-single-mean-k100,1,0.0171629657653156,0.04088746578866,0.0975,0.001
11507,1112,dens_1586440979425114987,1112,Density,<Substance C1CCOCC1{solv}{x=0.491300}|Cc1ccncc1{solv}{x=0.508700}>,C1CCOCC1,Cc1ccncc1,fb-fit-v1-single-mean-k100,1,0.9155799805972382,0.0002164805240402,0.9162950000000002,0.0002825
11508,1113,dhmix_1681679230288000235,1113,EnthalpyOfMixing,<Substance C1CCOCC1{solv}{x=0.483400}|Cc1ccncc1{solv}{x=0.516600}>,C1CCOCC1,Cc1ccncc1,fb-fit-v1-single-mean-k100,1,-0.009952679892982,0.0336482718317592,0.1741,0.00135
11509,1114,dhmix_1854625047398559527,1114,EnthalpyOfMixing,<Substance C1CCOCC1{solv}{x=0.826200}|Cc1ccncc1{solv}{x=0.173800}>,C1CCOCC1,Cc1ccncc1,fb-fit-v1-single-mean-k100,1,0.0077154111371839,0.0368313516556281,0.0948,0.001
11510,1115,dens_1998279082934343093,1115,Density,<Substance C1CCOCC1{solv}{x=0.826300}|Cc1ccncc1{solv}{x=0.173700}>,C1CCOCC1,Cc1ccncc1,fb-fit-v1-single-mean-k100,1,0.8795454585208701,0.0002716188392873,0.8827950000000002,0.000387
11511,1116,dens_1226224986443053492,1116,Density,<Substance CCOc1ccccc1{solv}{x=0.482600}|OCCc1ccccc1{solv}{x=0.517400}>,CCOc1ccccc1,OCCc1ccccc1,fb-fit-v1-single-mean-k100,1,0.9858366072344386,0.0002490620933488,0.9803700000000002,0.00026
11512,1117,dens_1288457717872177367,1117,Density,<Substance CCOc1ccccc1{solv}{x=0.304100}|OCCc1ccccc1{solv}{x=0.695900}>,CCOc1ccccc1,OCCc1ccccc1,fb-fit-v1-single-mean-k100,1,0.9966843447012922,0.0003068429129523,0.9909900000000004,0.00026
11513,1118,dhmix_1400067757990485972,1118,EnthalpyOfMixing,<Substance CCOc1ccccc1{solv}{x=0.738800}|OCCc1ccccc1{solv}{x=0.261200}>,CCOc1ccccc1,OCCc1ccccc1,fb-fit-v1-single-mean-k100,1,1.0268729278606372,0.0492535796904495,1.1427,0.01225
11514,1119,dens_1419265414647987466,1119,Density,<Substance CCOc1ccccc1{solv}{x=0.792900}|OCCc1ccccc1{solv}{x=0.207100}>,CCOc1ccccc1,OCCc1ccccc1,fb-fit-v1-single-mean-k100,1,0.9677269384985092,0.0001972900080863,0.9624400000000004,0.00026
11515,1120,dhmix_1985234108792038812,1120,EnthalpyOfMixing,<Substance CCOc1ccccc1{solv}{x=0.485200}|OCCc1ccccc1{solv}{x=0.514800}>,CCOc1ccccc1,OCCc1ccccc1,fb-fit-v1-single-mean-k100,1,1.1205350119395945,0.0527824484223128,1.0249,0.011
11516,1121,dhmix_2203675640711482674,1121,EnthalpyOfMixing,<Substance CCOc1ccccc1{solv}{x=0.239100}|OCCc1ccccc1{solv}{x=0.760900}>,CCOc1ccccc1,OCCc1ccccc1,fb-fit-v1-single-mean-k100,1,0.7313773840190549,0.0530037355053491,0.6669,0.0072
11517,1122,dens_1247048173376376516,1122,Density,<Substance CCCCC(=O)OC{solv}{x=0.349300}|COC=O{solv}{x=0.650700}>,CCCCC(=O)OC,COC=O,fb-fit-v1-single-mean-k100,1,0.9407395816444544,0.0002313208705428,0.9198400000000002,0.000115
11518,1123,dens_1283923442255956417,1123,Density,<Substance CCCCC(=O)OC{solv}{x=0.500000}|COC=O{solv}{x=0.500000}>,CCCCC(=O)OC,COC=O,fb-fit-v1-single-mean-k100,1,0.9245456326317888,0.0002383091092407,0.90817,0.00012
11519,1124,dhmix_1491739683552461043,1124,EnthalpyOfMixing,<Substance CCCCC(=O)OC{solv}{x=0.348600}|COC=O{solv}{x=0.651400}>,CCCCC(=O)OC,COC=O,fb-fit-v1-single-mean-k100,1,0.349731753560091,0.036213135046316,0.422,0.0045
11520,1125,dhmix_1747049492522889097,1125,EnthalpyOfMixing,<Substance CCCCC(=O)OC{solv}{x=0.523200}|COC=O{solv}{x=0.476800}>,CCCCC(=O)OC,COC=O,fb-fit-v1-single-mean-k100,1,0.2662207991988961,0.039626247961423,0.409,0.0045
11521,1126,dhmix_1990853348078771210,1126,EnthalpyOfMixing,<Substance CCCCC(=O)OC{solv}{x=0.796800}|COC=O{solv}{x=0.203200}>,CCCCC(=O)OC,COC=O,fb-fit-v1-single-mean-k100,1,0.124106470483067,0.046708051830317,0.219,0.0025
11522,1127,dens_2269601061883384185,1127,Density,<Substance CCCCC(=O)OC{solv}{x=0.725800}|COC=O{solv}{x=0.274200}>,CCCCC(=O)OC,COC=O,fb-fit-v1-single-mean-k100,1,0.9067499611509412,0.0002086242143702,0.8955000000000002,0.000135
11523,1128,dens_1266839724964377205,1128,Density,<Substance Cn1ccnc1{solv}{x=0.779500}|O{solv}{x=0.220500}>,Cn1ccnc1,O,fb-fit-v1-single-mean-k100,1,1.0179549759701076,0.0002723687717697,1.0360000000000005,0.00015
11524,1129,dens_1634862053132906887,1129,Density,<Substance Cn1ccnc1{solv}{x=0.498200}|O{solv}{x=0.501800}>,Cn1ccnc1,O,fb-fit-v1-single-mean-k100,1,1.0164708880458806,0.0003486927718369,1.0416,0.00015
11525,1130,dens_1681126092995837883,1130,Density,<Substance Cn1ccnc1{solv}{x=0.216700}|O{solv}{x=0.783300}>,Cn1ccnc1,O,fb-fit-v1-single-mean-k100,1,1.00286196335154,0.0003928574482297,1.0301000000000002,0.0001
11526,1131,dhmix_1311251505653939236,1131,EnthalpyOfMixing,<Substance CC(=O)CC(C)=O{solv}{x=0.598500}|O{solv}{x=0.401500}>,CC(=O)CC(C)=O,O,fb-fit-v1-single-mean-k100,1,0.2466098927529856,0.0364824481514795,0.4905,0.00555
11527,1132,dhmix_1367092272310773702,1132,EnthalpyOfMixing,<Substance CC(=O)CC(C)=O{solv}{x=0.749200}|O{solv}{x=0.250800}>,CC(=O)CC(C)=O,O,fb-fit-v1-single-mean-k100,1,0.3582787339444451,0.0414400817944638,0.6211,0.00695
11528,1133,dhmix_2033109088651196860,1133,EnthalpyOfMixing,<Substance CC(=O)CC(C)=O{solv}{x=0.200400}|O{solv}{x=0.799600}>,CC(=O)CC(C)=O,O,fb-fit-v1-single-mean-k100,1,-0.0170395673839465,0.0247118659405424,0.1562,0.0021
11529,1134,dens_1319073694995976411,1134,Density,<Substance CC(C)CO{solv}{x=0.762200}|OC1=NCCC1{solv}{x=0.237800}>,CC(C)CO,OC1=NCCC1,fb-fit-v1-single-mean-k100,1,0.8682909706997041,0.0002209679042446,0.8623100000000001,0.000205
11530,1135,dhmix_1817161401911066523,1135,EnthalpyOfMixing,<Substance CC(C)CO{solv}{x=0.754900}|OC1=NCCC1{solv}{x=0.245100}>,CC(C)CO,OC1=NCCC1,fb-fit-v1-single-mean-k100,1,1.360510267876934,0.0357301739487956,0.2989,0.0033
11531,1136,dens_1852757585830259815,1136,Density,<Substance CC(C)CO{solv}{x=0.287400}|OC1=NCCC1{solv}{x=0.712600}>,CC(C)CO,OC1=NCCC1,fb-fit-v1-single-mean-k100,1,0.9866146627803304,0.0003063601354303,1.0078300000000002,0.000155
11532,1137,dhmix_2057245570503088562,1137,EnthalpyOfMixing,<Substance CC(C)CO{solv}{x=0.259800}|OC1=NCCC1{solv}{x=0.740200}>,CC(C)CO,OC1=NCCC1,fb-fit-v1-single-mean-k100,1,1.3336403024769652,0.0368604871013002,0.1798,0.00205
11533,1138,dens_2175875616459255266,1138,Density,<Substance CC(C)CO{solv}{x=0.489400}|OC1=NCCC1{solv}{x=0.510600}>,CC(C)CO,OC1=NCCC1,fb-fit-v1-single-mean-k100,1,0.9339775767945426,0.0002709374653806,0.9431100000000002,0.00017
11534,1139,dhmix_2273039716774959551,1139,EnthalpyOfMixing,<Substance CC(C)CO{solv}{x=0.497800}|OC1=NCCC1{solv}{x=0.502200}>,CC(C)CO,OC1=NCCC1,fb-fit-v1-single-mean-k100,1,1.7212640875600655,0.0340130936809629,0.2775,0.0031
11535,1140,dens_1400897934227212514,1140,Density,<Substance CC(C)CC(C)(C)C{solv}{x=0.541100}|COC(C)=O{solv}{x=0.458900}>,CC(C)CC(C)(C)C,COC(C)=O,fb-fit-v1-single-mean-k100,1,0.774760397272707,0.0002125633362834,0.7495700000000002,0.000505
11536,1141,dhmix_1534218615961922445,1141,EnthalpyOfMixing,<Substance CC(C)CC(C)(C)C{solv}{x=0.256000}|COC(C)=O{solv}{x=0.744000}>,CC(C)CC(C)(C)C,COC(C)=O,fb-fit-v1-single-mean-k100,1,1.5449010858715138,0.0429542878238629,1.385,0.015
11537,1142,dhmix_1663557420681143866,1142,EnthalpyOfMixing,<Substance CC(C)CC(C)(C)C{solv}{x=0.540600}|COC(C)=O{solv}{x=0.459400}>,CC(C)CC(C)(C)C,COC(C)=O,fb-fit-v1-single-mean-k100,1,1.9892467527358304,0.0423481581216756,1.759,0.019
11538,1143,dens_1833608859418637606,1143,Density,<Substance CC(C)CC(C)(C)C{solv}{x=0.736400}|COC(C)=O{solv}{x=0.263600}>,CC(C)CC(C)(C)C,COC(C)=O,fb-fit-v1-single-mean-k100,1,0.7435817403273649,0.0002220101509903,0.7171000000000002,0.00015
11539,1144,dhmix_1913788848230724771,1144,EnthalpyOfMixing,<Substance CC(C)CC(C)(C)C{solv}{x=0.783300}|COC(C)=O{solv}{x=0.216700}>,CC(C)CC(C)(C)C,COC(C)=O,fb-fit-v1-single-mean-k100,1,1.4264528928047042,0.0515626269749793,1.149,0.0125
11540,1145,dens_2018568384717712900,1145,Density,<Substance CC(C)CC(C)(C)C{solv}{x=0.238900}|COC(C)=O{solv}{x=0.761100}>,CC(C)CC(C)(C)C,COC(C)=O,fb-fit-v1-single-mean-k100,1,0.8471180049534891,0.0002494931655643,0.8248000000000002,0.0001
11541,1146,dens_1465225466328543955,1146,Density,<Substance Cc1cccnc1{solv}{x=0.225000}|O{solv}{x=0.775000}>,Cc1cccnc1,O,fb-fit-v1-single-mean-k100,1,0.9647129420307498,0.0003824657281606,0.9921000000000002,0.0003
11542,1147,dens_1644445312716340330,1147,Density,<Substance Cc1cccnc1{solv}{x=0.500000}|O{solv}{x=0.500000}>,Cc1cccnc1,O,fb-fit-v1-single-mean-k100,1,0.9585382881135984,0.0003114987094227,0.9797000000000002,0.0003
11543,1148,dens_2262998332454406432,1148,Density,<Substance Cc1cccnc1{solv}{x=0.700000}|O{solv}{x=0.300000}>,Cc1cccnc1,O,fb-fit-v1-single-mean-k100,1,0.9559315464122824,0.0002276732950871,0.9690000000000002,0.0003
11544,1149,dens_1601780542508306264,1149,Density,<Substance CC(=O)N(C)C{solv}{x=0.771800}|CCOC(C)=O{solv}{x=0.228200}>,CC(=O)N(C)C,CCOC(C)=O,fb-fit-v1-single-mean-k100,1,0.909825024121402,0.0002101758115372,0.9286200000000002,0.000185
11545,1150,dens_2126546638582188774,1150,Density,<Substance CC(=O)N(C)C{solv}{x=0.464600}|CCOC(C)=O{solv}{x=0.535400}>,CC(=O)N(C)C,CCOC(C)=O,fb-fit-v1-single-mean-k100,1,0.9120050767015532,0.0002239624524696,0.9166300000000002,0.00022
11546,1151,dens_2159432384130350508,1151,Density,<Substance CC(=O)N(C)C{solv}{x=0.233100}|CCOC(C)=O{solv}{x=0.766900}>,CC(=O)N(C)C,CCOC(C)=O,fb-fit-v1-single-mean-k100,1,0.9127942303905838,0.0002559406718821,0.9064300000000002,0.000245
11547,1152,dens_1713891284028890335,1152,Density,<Substance CC(=O)O{solv}{x=0.798900}|CCOC(C)=O{solv}{x=0.201100}>,CC(=O)O,CCOC(C)=O,fb-fit-v1-single-mean-k100,1,1.0325439537737051,0.0002858760703316,0.9996600000000002,0.000225
11548,1153,dens_1856345418041920174,1153,Density,<Substance CC(=O)O{solv}{x=0.500700}|CCOC(C)=O{solv}{x=0.499300}>,CC(=O)O,CCOC(C)=O,fb-fit-v1-single-mean-k100,1,0.976672027839183,0.0002362299441183,0.9514000000000002,0.00018
11549,1154,dens_2035334988982485653,1154,Density,<Substance CC(=O)O{solv}{x=0.294400}|CCOC(C)=O{solv}{x=0.705600}>,CC(=O)O,CCOC(C)=O,fb-fit-v1-single-mean-k100,1,0.9475578557849256,0.0002372808287111,0.9255000000000002,0.00016
11550,1155,dhmix_592425981731704,0,EnthalpyOfMixing,<Substance C1CCCCC1{solv}{x=0.100300}|Cc1ccccc1{solv}{x=0.899700}>,C1CCCCC1,Cc1ccccc1,fb-fit-v1-single-mean-k100,2,0.3334788787184095,0.0469000357776059,0.2015,0.0015
11551,1156,dens_191923210986624643,1,Density,<Substance C1CCCCC1{solv}{x=0.697700}|Cc1ccccc1{solv}{x=0.302300}>,C1CCCCC1,Cc1ccccc1,fb-fit-v1-single-mean-k100,2,0.7809133637208561,0.0002351213731525,0.7818000000000002,0.00041
11552,1157,dens_699555827256664507,2,Density,<Substance C1CCCCC1{solv}{x=0.100000}|Cc1ccccc1{solv}{x=0.900000}>,C1CCCCC1,Cc1ccccc1,fb-fit-v1-single-mean-k100,2,0.8454641659240234,0.0002283403289966,0.8378000000000001,0.00025
11553,1158,dhmix_997331474504366167,3,EnthalpyOfMixing,<Substance C1CCCCC1{solv}{x=0.697900}|Cc1ccccc1{solv}{x=0.302100}>,C1CCCCC1,Cc1ccccc1,fb-fit-v1-single-mean-k100,2,0.6980429679335174,0.0468912448196819,0.5221,0.0034
11554,1159,dhmix_1586684551148150215,4,EnthalpyOfMixing,<Substance C1CCCCC1{solv}{x=0.397600}|Cc1ccccc1{solv}{x=0.602400}>,C1CCCCC1,Cc1ccccc1,fb-fit-v1-single-mean-k100,2,0.8108086443111802,0.0378363404281623,0.5887,0.0038
11555,1160,dens_1809100412119556796,5,Density,<Substance C1CCCCC1{solv}{x=0.397500}|Cc1ccccc1{solv}{x=0.602500}>,C1CCCCC1,Cc1ccccc1,fb-fit-v1-single-mean-k100,2,0.8262124382683779,0.0002201414730782,0.8228000000000002,0.0002
11556,1161,dhmix_1261378482688431,6,EnthalpyOfMixing,<Substance CCC(C)=O{solv}{x=0.510600}|Nc1ccccc1{solv}{x=0.489400}>,CCC(C)=O,Nc1ccccc1,fb-fit-v1-single-mean-k100,2,-0.4515646918561629,0.0335661717305967,-1.173,0.0125
11557,1162,dhmix_157258283975731553,7,EnthalpyOfMixing,<Substance CCC(C)=O{solv}{x=0.901800}|Nc1ccccc1{solv}{x=0.098200}>,CCC(C)=O,Nc1ccccc1,fb-fit-v1-single-mean-k100,2,-0.3485243696457285,0.0421631831478681,-0.469,0.005
11558,1163,dens_610648476268376520,8,Density,<Substance CCC(C)=O{solv}{x=0.502600}|Nc1ccccc1{solv}{x=0.497400}>,CCC(C)=O,Nc1ccccc1,fb-fit-v1-single-mean-k100,2,0.93293905782292,0.0001793281729421,0.9213850000000002,5.650000000000002e-05
11559,1164,dens_1388487494953421117,9,Density,<Substance CCC(C)=O{solv}{x=0.901900}|Nc1ccccc1{solv}{x=0.098100}>,CCC(C)=O,Nc1ccccc1,fb-fit-v1-single-mean-k100,2,0.8237853390208011,0.000236223224948,0.8265540000000001,7.200000000000002e-05
11560,1165,dhmix_1389656513678923263,10,EnthalpyOfMixing,<Substance CCC(C)=O{solv}{x=0.209900}|Nc1ccccc1{solv}{x=0.790100}>,CCC(C)=O,Nc1ccccc1,fb-fit-v1-single-mean-k100,2,-0.1363993154818388,0.0498950358837079,-0.648,0.007
11561,1166,dens_2115628806769415578,11,Density,<Substance CCC(C)=O{solv}{x=0.256300}|Nc1ccccc1{solv}{x=0.743700}>,CCC(C)=O,Nc1ccccc1,fb-fit-v1-single-mean-k100,2,0.9980770227836722,0.000202025154066,0.9712300000000004,4.900000000000001e-05
11562,1167,dens_1379242187515209,12,Density,<Substance CC#N{solv}{x=0.795200}|CCCCOCCCC{solv}{x=0.204800}>,CC#N,CCCCOCCCC,fb-fit-v1-single-mean-k100,2,0.7690028633311826,0.0002668802373964,0.7708800000000002,0.000245
11563,1168,dhmix_575991096898484441,13,EnthalpyOfMixing,<Substance CC#N{solv}{x=0.488600}|CCCCOCCCC{solv}{x=0.511400}>,CC#N,CCCCOCCCC,fb-fit-v1-single-mean-k100,2,0.6334332149236701,0.0370575306073048,1.26543,0.00796
11564,1169,dhmix_1182924089945476872,14,EnthalpyOfMixing,<Substance CC#N{solv}{x=0.241600}|CCCCOCCCC{solv}{x=0.758400}>,CC#N,CCCCOCCCC,fb-fit-v1-single-mean-k100,2,0.4852562875749271,0.0525016314910183,0.94593,0.00601
11565,1170,dhmix_1244492966201685063,15,EnthalpyOfMixing,<Substance CC#N{solv}{x=0.795200}|CCCCOCCCC{solv}{x=0.204800}>,CC#N,CCCCOCCCC,fb-fit-v1-single-mean-k100,2,0.4169683229426189,0.0247117173548443,0.94289,0.005995
11566,1171,dens_2044032309137951705,16,Density,<Substance CC#N{solv}{x=0.245500}|CCCCOCCCC{solv}{x=0.754500}>,CC#N,CCCCOCCCC,fb-fit-v1-single-mean-k100,2,0.7649283059247526,0.0001999537631752,0.7653000000000001,0.00028
11567,1172,dens_2211436825174998797,17,Density,<Substance CC#N{solv}{x=0.509800}|CCCCOCCCC{solv}{x=0.490200}>,CC#N,CCCCOCCCC,fb-fit-v1-single-mean-k100,2,0.7675452983584578,0.0002268041152037,0.7671500000000001,0.00026
11568,1173,dens_1820034175228694,18,Density,<Substance C1CCCCC1{solv}{x=0.540900}|CN1CCCC1=O{solv}{x=0.459100}>,C1CCCCC1,CN1CCCC1=O,fb-fit-v1-single-mean-k100,2,0.8673174812168082,0.0002137608666444,0.8757100000000002,0.000335
11569,1174,dhmix_1335365307191460458,19,EnthalpyOfMixing,<Substance C1CCCCC1{solv}{x=0.751800}|CN1CCCC1=O{solv}{x=0.248200}>,C1CCCCC1,CN1CCCC1=O,fb-fit-v1-single-mean-k100,2,1.4693552549970406,0.0464371692436698,1.1998,0.01285
11570,1175,dens_1375048033230012198,20,Density,<Substance C1CCCCC1{solv}{x=0.733200}|CN1CCCC1=O{solv}{x=0.266800}>,C1CCCCC1,CN1CCCC1=O,fb-fit-v1-single-mean-k100,2,0.8221044871806831,0.0001914508634355,0.8287300000000002,0.0004
11571,1176,dhmix_1563298635135474599,21,EnthalpyOfMixing,<Substance C1CCCCC1{solv}{x=0.278900}|CN1CCCC1=O{solv}{x=0.721100}>,C1CCCCC1,CN1CCCC1=O,fb-fit-v1-single-mean-k100,2,1.5878556314247874,0.0411285086728007,1.2061,0.0129
11572,1177,dens_1606235786379262481,22,Density,<Substance C1CCCCC1{solv}{x=0.227500}|CN1CCCC1=O{solv}{x=0.772500}>,C1CCCCC1,CN1CCCC1=O,fb-fit-v1-single-mean-k100,2,0.9466770492674454,0.0001954734199779,0.9583800000000002,0.000245
11573,1178,dhmix_1683219349338278021,23,EnthalpyOfMixing,<Substance C1CCCCC1{solv}{x=0.473400}|CN1CCCC1=O{solv}{x=0.526600}>,C1CCCCC1,CN1CCCC1=O,fb-fit-v1-single-mean-k100,2,1.8746333239115316,0.0437291005500802,1.4691,0.0157
11574,1179,dens_4438302718372985,24,Density,<Substance BrCCCCBr{solv}{x=0.717000}|COC=O{solv}{x=0.283000}>,BrCCCCBr,COC=O,fb-fit-v1-single-mean-k100,2,1.656550435755718,0.0004602761771988,1.6702600000000003,0.00259
11575,1180,dhmix_369816950910078034,25,EnthalpyOfMixing,<Substance BrCCCCBr{solv}{x=0.778200}|COC=O{solv}{x=0.221800}>,BrCCCCBr,COC=O,fb-fit-v1-single-mean-k100,2,0.7880441716855273,0.0414927459392296,0.6355,0.0057
11576,1181,dens_460757700461114532,26,Density,<Substance BrCCCCBr{solv}{x=0.495800}|COC=O{solv}{x=0.504200}>,BrCCCCBr,COC=O,fb-fit-v1-single-mean-k100,2,1.5178808781345952,0.0004438523265259,1.5176800000000004,0.001885
11577,1182,dhmix_1496821399278454353,27,EnthalpyOfMixing,<Substance BrCCCCBr{solv}{x=0.265400}|COC=O{solv}{x=0.734600}>,BrCCCCBr,COC=O,fb-fit-v1-single-mean-k100,2,0.9812768791287124,0.031239850562108,0.8185,0.00715
11578,1183,dens_1750413656870357630,28,Density,<Substance BrCCCCBr{solv}{x=0.225800}|COC=O{solv}{x=0.774200}>,BrCCCCBr,COC=O,fb-fit-v1-single-mean-k100,2,1.2886905821061636,0.0004070739082145,1.2671300000000003,0.00104
11579,1184,dhmix_1802862930607761431,29,EnthalpyOfMixing,<Substance BrCCCCBr{solv}{x=0.482000}|COC=O{solv}{x=0.518000}>,BrCCCCBr,COC=O,fb-fit-v1-single-mean-k100,2,1.1201741198892383,0.0380856670523796,1.0243,0.0087
11580,1185,dhmix_8447570649359775,30,EnthalpyOfMixing,<Substance OCCO{solv}{x=0.481700}|OCc1ccccc1{solv}{x=0.518300}>,OCCO,OCc1ccccc1,fb-fit-v1-single-mean-k100,2,0.1373351727790961,0.0516156223747066,0.201,0.00465
11581,1186,dens_824372741354282107,31,Density,<Substance OCCO{solv}{x=0.505700}|OCc1ccccc1{solv}{x=0.494300}>,OCCO,OCc1ccccc1,fb-fit-v1-single-mean-k100,2,1.0707418551727548,0.0003393506798237,1.0579000000000005,0.00027
11582,1187,dens_1105173553343721111,32,Density,<Substance OCCO{solv}{x=0.737100}|OCc1ccccc1{solv}{x=0.262900}>,OCCO,OCc1ccccc1,fb-fit-v1-single-mean-k100,2,1.087761242790903,0.0003197090251826,1.0753200000000005,0.000275
11583,1188,dhmix_1362282802315816638,33,EnthalpyOfMixing,<Substance OCCO{solv}{x=0.736100}|OCc1ccccc1{solv}{x=0.263900}>,OCCO,OCc1ccccc1,fb-fit-v1-single-mean-k100,2,0.0401306588468344,0.050022220565626,0.1383,0.0037
11584,1189,dhmix_1666683879028583081,34,EnthalpyOfMixing,<Substance OCCO{solv}{x=0.236500}|OCc1ccccc1{solv}{x=0.763500}>,OCCO,OCc1ccccc1,fb-fit-v1-single-mean-k100,2,0.1634141338218455,0.0478936224411035,0.209,0.0048
11585,1190,dens_1698159396404241323,35,Density,<Substance OCCO{solv}{x=0.262200}|OCc1ccccc1{solv}{x=0.737800}>,OCCO,OCc1ccccc1,fb-fit-v1-single-mean-k100,2,1.05457082167971,0.0002272308365999,1.0442900000000002,0.000265
11586,1191,dens_8507121971977381,36,Density,<Substance CCOC(C)(C)C{solv}{x=0.505000}|Cc1ccccc1{solv}{x=0.495000}>,CCOC(C)(C)C,Cc1ccccc1,fb-fit-v1-single-mean-k100,2,0.8066307567717893,0.0002260148537003,0.7937390000000002,0.000467
11587,1192,dens_499290591626962121,37,Density,<Substance CCOC(C)(C)C{solv}{x=0.217000}|Cc1ccccc1{solv}{x=0.783000}>,CCOC(C)(C)C,Cc1ccccc1,fb-fit-v1-single-mean-k100,2,0.8433472783233771,0.0002368491487957,0.8314450000000002,0.000411
11588,1193,dhmix_820491025608256793,38,EnthalpyOfMixing,<Substance CCOC(C)(C)C{solv}{x=0.501900}|Cc1ccccc1{solv}{x=0.498100}>,CCOC(C)(C)C,Cc1ccccc1,fb-fit-v1-single-mean-k100,2,-0.092367648554422,0.0459066729560165,-0.046,0.00055
11589,1194,dhmix_1374163681483564129,39,EnthalpyOfMixing,<Substance CCOC(C)(C)C{solv}{x=0.248900}|Cc1ccccc1{solv}{x=0.751100}>,CCOC(C)(C)C,Cc1ccccc1,fb-fit-v1-single-mean-k100,2,-0.1566208739221508,0.0380379540154016,-0.0324,0.0005
11590,1195,dens_1904998692863983733,40,Density,<Substance CCOC(C)(C)C{solv}{x=0.701000}|Cc1ccccc1{solv}{x=0.299000}>,CCOC(C)(C)C,Cc1ccccc1,fb-fit-v1-single-mean-k100,2,0.782370627254564,0.0002296901862636,0.7696300000000001,0.000503
11591,1196,dhmix_1982853461678580310,41,EnthalpyOfMixing,<Substance CCOC(C)(C)C{solv}{x=0.749500}|Cc1ccccc1{solv}{x=0.250500}>,CCOC(C)(C)C,Cc1ccccc1,fb-fit-v1-single-mean-k100,2,-0.0980599501106738,0.0448288671064494,-0.0348,0.0005
11592,1197,dhmix_13624411991961099,42,EnthalpyOfMixing,<Substance C1CCOCC1{solv}{x=0.237900}|Cc1ccccc1N{solv}{x=0.762100}>,C1CCOCC1,Cc1ccccc1N,fb-fit-v1-single-mean-k100,2,-0.1366827330340747,0.0466780798750654,-0.3658,0.004
11593,1198,dhmix_510299013171775812,43,EnthalpyOfMixing,<Substance C1CCOCC1{solv}{x=0.741000}|Cc1ccccc1N{solv}{x=0.259000}>,C1CCOCC1,Cc1ccccc1N,fb-fit-v1-single-mean-k100,2,-0.272369757304979,0.043290875785173,-0.4892,0.0053
11594,1199,dhmix_1337006691942958969,44,EnthalpyOfMixing,<Substance C1CCOCC1{solv}{x=0.490100}|Cc1ccccc1N{solv}{x=0.509900}>,C1CCOCC1,Cc1ccccc1N,fb-fit-v1-single-mean-k100,2,-0.3930921598399131,0.04197569046411,-0.5715,0.0062
11595,1200,dens_1448062547628404156,45,Density,<Substance C1CCOCC1{solv}{x=0.727900}|Cc1ccccc1N{solv}{x=0.272100}>,C1CCOCC1,Cc1ccccc1N,fb-fit-v1-single-mean-k100,2,0.9205786411718772,0.0001794963362071,0.91866,0.000285
11596,1201,dens_2171966897328079405,46,Density,<Substance C1CCOCC1{solv}{x=0.498600}|Cc1ccccc1N{solv}{x=0.501400}>,C1CCOCC1,Cc1ccccc1N,fb-fit-v1-single-mean-k100,2,0.954857760098166,0.0001931933217285,0.9459860000000002,0.0002275
11597,1202,dens_2201621104799327758,47,Density,<Substance C1CCOCC1{solv}{x=0.229700}|Cc1ccccc1N{solv}{x=0.770300}>,C1CCOCC1,Cc1ccccc1N,fb-fit-v1-single-mean-k100,2,0.989263749980426,0.000337529764776,0.9734540000000002,0.000164
11598,1203,dens_15008167137789802,48,Density,<Substance CCCCCl{solv}{x=0.299200}|CN(C)C=O{solv}{x=0.700800}>,CCCCCl,CN(C)C=O,fb-fit-v1-single-mean-k100,2,0.9063774189723348,0.0002538956511649,0.9218000000000002,0.0002
11599,1204,dens_550868133232739009,49,Density,<Substance CCCCCl{solv}{x=0.701200}|CN(C)C=O{solv}{x=0.298800}>,CCCCCl,CN(C)C=O,fb-fit-v1-single-mean-k100,2,0.8833017668962753,0.0002874918278076,0.8963000000000002,0.0002
11600,1205,dhmix_1315230298567753558,50,EnthalpyOfMixing,<Substance CCCCCl{solv}{x=0.793000}|CN(C)C=O{solv}{x=0.207000}>,CCCCCl,CN(C)C=O,fb-fit-v1-single-mean-k100,2,0.6923296074842682,0.038903409620696,0.404,0.003
11601,1206,dhmix_1929975181819720491,51,EnthalpyOfMixing,<Substance CCCCCl{solv}{x=0.493000}|CN(C)C=O{solv}{x=0.507000}>,CCCCCl,CN(C)C=O,fb-fit-v1-single-mean-k100,2,1.0433240781007882,0.0367797953168787,0.571,0.003
11602,1207,dhmix_1976787548784045784,52,EnthalpyOfMixing,<Substance CCCCCl{solv}{x=0.295000}|CN(C)C=O{solv}{x=0.705000}>,CCCCCl,CN(C)C=O,fb-fit-v1-single-mean-k100,2,0.816734880798343,0.0379780174191327,0.467,0.003
11603,1208,dens_2008819185276371643,53,Density,<Substance CCCCCl{solv}{x=0.499000}|CN(C)C=O{solv}{x=0.501000}>,CCCCCl,CN(C)C=O,fb-fit-v1-single-mean-k100,2,0.895141420123245,0.0002924639767737,0.9086000000000002,0.0002
11604,1209,dens_16755306936326197,54,Density,<Substance Cc1ccccc1N{solv}{x=0.255700}|Cc1ccccn1{solv}{x=0.744300}>,Cc1ccccc1N,Cc1ccccn1,fb-fit-v1-single-mean-k100,2,0.96857862936115,0.0001765447836772,0.9597930000000002,0.000307
11605,1210,dens_238666738854407136,55,Density,<Substance Cc1ccccc1N{solv}{x=0.514600}|Cc1ccccn1{solv}{x=0.485400}>,Cc1ccccc1N,Cc1ccccn1,fb-fit-v1-single-mean-k100,2,0.9879270805049268,0.0002061743844762,0.9748990000000002,0.0002315
11606,1211,dhmix_1909144841681931250,56,EnthalpyOfMixing,<Substance Cc1ccccc1N{solv}{x=0.488200}|Cc1ccccn1{solv}{x=0.511800}>,Cc1ccccc1N,Cc1ccccn1,fb-fit-v1-single-mean-k100,2,-1.5682531565461346,0.0402830933433545,-1.4976,0.0305
11607,1212,dens_1945534954282706534,57,Density,<Substance Cc1ccccc1N{solv}{x=0.757100}|Cc1ccccn1{solv}{x=0.242900}>,Cc1ccccc1N,Cc1ccccn1,fb-fit-v1-single-mean-k100,2,1.004983221673574,0.000198271952947,0.9854410000000002,0.000169
11608,1213,dhmix_2038606904928978856,58,EnthalpyOfMixing,<Substance Cc1ccccc1N{solv}{x=0.782100}|Cc1ccccn1{solv}{x=0.217900}>,Cc1ccccc1N,Cc1ccccn1,fb-fit-v1-single-mean-k100,2,-0.8752637840074087,0.0417606409303202,-0.8656,0.01775
11609,1214,dhmix_2125558080831870503,59,EnthalpyOfMixing,<Substance Cc1ccccc1N{solv}{x=0.273600}|Cc1ccccn1{solv}{x=0.726400}>,Cc1ccccc1N,Cc1ccccn1,fb-fit-v1-single-mean-k100,2,-1.32908329051304,0.0384703587584103,-1.2462,0.0254
11610,1215,dens_19028061622240549,60,Density,<Substance CN(C)CCO{solv}{x=0.296200}|CO{solv}{x=0.703800}>,CN(C)CCO,CO,fb-fit-v1-single-mean-k100,2,0.8510988021422903,0.0002967360315588,0.8506500000000001,0.00014
11611,1216,dens_186649390549115907,61,Density,<Substance CN(C)CCO{solv}{x=0.502000}|CO{solv}{x=0.498000}>,CN(C)CCO,CO,fb-fit-v1-single-mean-k100,2,0.8796645985114481,0.0002692374184175,0.8684000000000002,0.000155
11612,1217,dhmix_1453612193040378117,62,EnthalpyOfMixing,<Substance CN(C)CCO{solv}{x=0.497200}|CO{solv}{x=0.502800}>,CN(C)CCO,CO,fb-fit-v1-single-mean-k100,2,-1.1755394578330112,0.0338342442646944,-0.8673,0.00935
11613,1218,dens_1978392691277508278,63,Density,<Substance CN(C)CCO{solv}{x=0.707500}|CO{solv}{x=0.292500}>,CN(C)CCO,CO,fb-fit-v1-single-mean-k100,2,0.8972740469211444,0.0002206192809537,0.8766100000000002,0.00017
11614,1219,dhmix_2113387918969192804,64,EnthalpyOfMixing,<Substance CN(C)CCO{solv}{x=0.247900}|CO{solv}{x=0.752100}>,CN(C)CCO,CO,fb-fit-v1-single-mean-k100,2,-0.9905101197646644,0.0358184973838494,-0.8057,0.0087
11615,1220,dhmix_2220842061395014218,65,EnthalpyOfMixing,<Substance CN(C)CCO{solv}{x=0.750600}|CO{solv}{x=0.249400}>,CN(C)CCO,CO,fb-fit-v1-single-mean-k100,2,-0.7696177339111046,0.0408414795837698,-0.5322,0.00585
11616,1221,dhmix_21994921667950318,66,EnthalpyOfMixing,<Substance C=CCCCC{solv}{x=0.500100}|CCCO{solv}{x=0.499900}>,C=CCCCC,CCCO,fb-fit-v1-single-mean-k100,2,0.5888403008709631,0.0368767225697417,0.595,0.0055
11617,1222,dens_62854823056490751,67,Density,<Substance C=CCCCC{solv}{x=0.150300}|CCCO{solv}{x=0.849700}>,C=CCCCC,CCCO,fb-fit-v1-single-mean-k100,2,0.768203717554019,0.0002761802664874,0.7704980000000002,0.0001845
11618,1223,dens_294296714501123310,68,Density,<Substance C=CCCCC{solv}{x=0.499100}|CCCO{solv}{x=0.500900}>,C=CCCCC,CCCO,fb-fit-v1-single-mean-k100,2,0.7132558618905044,0.0002710672655387,0.7176450000000002,0.0002145
11619,1224,dhmix_829065315899278784,69,EnthalpyOfMixing,<Substance C=CCCCC{solv}{x=0.750000}|CCCO{solv}{x=0.250000}>,C=CCCCC,CCCO,fb-fit-v1-single-mean-k100,2,0.5861337819417543,0.0455593135208229,0.682,0.006
11620,1225,dens_2024397702416079279,70,Density,<Substance C=CCCCC{solv}{x=0.745600}|CCCO{solv}{x=0.254400}>,C=CCCCC,CCCO,fb-fit-v1-single-mean-k100,2,0.6852078174881586,0.0001702869564001,0.6899770000000002,0.0002305
11621,1226,dhmix_2167083041249157622,71,EnthalpyOfMixing,<Substance C=CCCCC{solv}{x=0.150100}|CCCO{solv}{x=0.849900}>,C=CCCCC,CCCO,fb-fit-v1-single-mean-k100,2,0.2968802354666628,0.0433624278451743,0.192,0.005
11622,1227,dhmix_22428169890990447,72,EnthalpyOfMixing,<Substance CC1(C)C(=O)[C@]2(C)CC[C@H]1C2{solv}{x=0.286000}|CCO{solv}{x=0.714000}>,CC1(C)C(=O)[C@]2(C)CC[C@H]1C2,CCO,fb-fit-v1-single-mean-k100,2,0.9961586142945436,0.0377792408257596,0.876,0.0265
11623,1228,dhmix_57626661746168078,73,EnthalpyOfMixing,<Substance CC1(C)C(=O)[C@]2(C)CC[C@H]1C2{solv}{x=0.701000}|CCO{solv}{x=0.299000}>,CC1(C)C(=O)[C@]2(C)CC[C@H]1C2,CCO,fb-fit-v1-single-mean-k100,2,1.1945409562499378,0.0525314780358263,1.0,0.0305
11624,1229,dhmix_287041928444283276,74,EnthalpyOfMixing,<Substance CC1(C)C(=O)[C@]2(C)CC[C@H]1C2{solv}{x=0.488000}|CCO{solv}{x=0.512000}>,CC1(C)C(=O)[C@]2(C)CC[C@H]1C2,CCO,fb-fit-v1-single-mean-k100,2,1.1674339376008334,0.0433904480681433,1.109,0.0335
11625,1230,dens_618487453946854895,75,Density,<Substance CC1(C)C(=O)[C@]2(C)CC[C@H]1C2{solv}{x=0.501200}|CCO{solv}{x=0.498800}>,CC1(C)C(=O)[C@]2(C)CC[C@H]1C2,CCO,fb-fit-v1-single-mean-k100,2,0.9202207133659744,0.0002076137779973,0.9005900000000002,5.5000000000000016e-05
11626,1231,dens_1408969463542558504,76,Density,<Substance CC1(C)C(=O)[C@]2(C)CC[C@H]1C2{solv}{x=0.789700}|CCO{solv}{x=0.210300}>,CC1(C)C(=O)[C@]2(C)CC[C@H]1C2,CCO,fb-fit-v1-single-mean-k100,2,0.9532799018897378,0.0002316867448,0.9274800000000002,6.0000000000000015e-05
11627,1232,dens_2053919413592536040,77,Density,<Substance CC1(C)C(=O)[C@]2(C)CC[C@H]1C2{solv}{x=0.200200}|CCO{solv}{x=0.799800}>,CC1(C)C(=O)[C@]2(C)CC[C@H]1C2,CCO,fb-fit-v1-single-mean-k100,2,0.862815664018473,0.0002256424315777,0.8499000000000002,6.500000000000002e-05
11628,1233,dhmix_24700325920498635,78,EnthalpyOfMixing,<Substance CCC(C)(C)O{solv}{x=0.799400}|CCOC(C)(C)CC{solv}{x=0.200600}>,CCC(C)(C)O,CCOC(C)(C)CC,fb-fit-v1-single-mean-k100,2,0.5584105946226037,0.0497850741489122,0.448,0.0073
11629,1234,dhmix_252628078473967793,79,EnthalpyOfMixing,<Substance CCC(C)(C)O{solv}{x=0.299700}|CCOC(C)(C)CC{solv}{x=0.700300}>,CCC(C)(C)O,CCOC(C)(C)CC,fb-fit-v1-single-mean-k100,2,0.8064253089206019,0.0513803389859329,0.9727,0.0132
11630,1235,dens_281609537293621351,80,Density,<Substance CCC(C)(C)O{solv}{x=0.799400}|CCOC(C)(C)CC{solv}{x=0.200600}>,CCC(C)(C)O,CCOC(C)(C)CC,fb-fit-v1-single-mean-k100,2,0.8052959502637388,0.0002677929056967,0.7932000000000002,0.00025
11631,1236,dhmix_980734994193955874,81,EnthalpyOfMixing,<Substance CCC(C)(C)O{solv}{x=0.498700}|CCOC(C)(C)CC{solv}{x=0.501300}>,CCC(C)(C)O,CCOC(C)(C)CC,fb-fit-v1-single-mean-k100,2,0.7747363196983414,0.0400204181355297,0.8937,0.01225
11632,1237,dens_1165049856972872340,82,Density,<Substance CCC(C)(C)O{solv}{x=0.498700}|CCOC(C)(C)CC{solv}{x=0.501300}>,CCC(C)(C)O,CCOC(C)(C)CC,fb-fit-v1-single-mean-k100,2,0.7866622232286792,0.0001885740953227,0.7789000000000001,0.0002
11633,1238,dens_2297026976830009992,83,Density,<Substance CCC(C)(C)O{solv}{x=0.299700}|CCOC(C)(C)CC{solv}{x=0.700300}>,CCC(C)(C)O,CCOC(C)(C)CC,fb-fit-v1-single-mean-k100,2,0.7759324148572332,0.0002212187763442,0.7709000000000001,0.0002
11634,1239,dens_25810987980199799,84,Density,<Substance CCCCCC{solv}{x=0.158800}|Cc1ccccc1{solv}{x=0.841200}>,CCCCCC,Cc1ccccc1,fb-fit-v1-single-mean-k100,2,0.8310147656103204,0.0002319917950163,0.8226300000000002,0.000335
11635,1240,dens_574637447996217594,85,Density,<Substance CCCCCC{solv}{x=0.501100}|Cc1ccccc1{solv}{x=0.498900}>,CCCCCC,Cc1ccccc1,fb-fit-v1-single-mean-k100,2,0.7511333514425649,0.0002196076476727,0.7484400000000002,0.00015
11636,1241,dhmix_1373657903424456878,86,EnthalpyOfMixing,<Substance CCCCCC{solv}{x=0.158600}|Cc1ccccc1{solv}{x=0.841400}>,CCCCCC,Cc1ccccc1,fb-fit-v1-single-mean-k100,2,0.458300327531802,0.044006429089623,0.3163,0.0043
11637,1242,dhmix_1383995974797334848,87,EnthalpyOfMixing,<Substance CCCCCC{solv}{x=0.472300}|Cc1ccccc1{solv}{x=0.527700}>,CCCCCC,Cc1ccccc1,fb-fit-v1-single-mean-k100,2,0.7884581588889716,0.0334063776959529,0.5467,0.00715
11638,1243,dhmix_1412344026798360911,88,EnthalpyOfMixing,<Substance CCCCCC{solv}{x=0.748400}|Cc1ccccc1{solv}{x=0.251600}>,CCCCCC,Cc1ccccc1,fb-fit-v1-single-mean-k100,2,0.613292299215459,0.0491279667799099,0.393,0.00525
11639,1244,dens_2241575426887298365,89,Density,<Substance CCCCCC{solv}{x=0.733800}|Cc1ccccc1{solv}{x=0.266200}>,CCCCCC,Cc1ccccc1,fb-fit-v1-single-mean-k100,2,0.7024071972876877,0.0002291649039869,0.7020900000000002,0.000305
11640,1245,dens_27241401908451167,90,Density,<Substance CN(C)C=O{solv}{x=0.503500}|Cc1ccccc1Cl{solv}{x=0.496500}>,CN(C)C=O,Cc1ccccc1Cl,fb-fit-v1-single-mean-k100,2,1.0243532406918157,0.0002459084788329,1.0247000000000004,0.0005
11641,1246,dhmix_674882857451857086,91,EnthalpyOfMixing,<Substance CN(C)C=O{solv}{x=0.511800}|Cc1ccccc1Cl{solv}{x=0.488200}>,CN(C)C=O,Cc1ccccc1Cl,fb-fit-v1-single-mean-k100,2,0.2383374756261247,0.028821843744281,0.545,0.006
11642,1247,dens_818042132181297482,92,Density,<Substance CN(C)C=O{solv}{x=0.751200}|Cc1ccccc1Cl{solv}{x=0.248800}>,CN(C)C=O,Cc1ccccc1Cl,fb-fit-v1-single-mean-k100,2,0.9799615099099408,0.0002300266348433,0.9898800000000002,0.0005
11643,1248,dens_861365281257265917,93,Density,<Substance CN(C)C=O{solv}{x=0.273700}|Cc1ccccc1Cl{solv}{x=0.726300}>,CN(C)C=O,Cc1ccccc1Cl,fb-fit-v1-single-mean-k100,2,1.0490924075128982,0.0002740927869821,1.0415000000000003,0.0005
11644,1249,dhmix_1670364528496870559,94,EnthalpyOfMixing,<Substance CN(C)C=O{solv}{x=0.767900}|Cc1ccccc1Cl{solv}{x=0.232100}>,CN(C)C=O,Cc1ccccc1Cl,fb-fit-v1-single-mean-k100,2,0.1835141225667129,0.0387026560216764,0.436,0.005
11645,1250,dhmix_1992689527814967541,95,EnthalpyOfMixing,<Substance CN(C)C=O{solv}{x=0.274300}|Cc1ccccc1Cl{solv}{x=0.725700}>,CN(C)C=O,Cc1ccccc1Cl,fb-fit-v1-single-mean-k100,2,0.3238678471876568,0.0415867299648981,0.373,0.004
11646,1251,dens_29213618499921464,96,Density,<Substance C1CCOCC1{solv}{x=0.254000}|O=C1CCCCCC1{solv}{x=0.746000}>,C1CCOCC1,O=C1CCCCCC1,fb-fit-v1-single-mean-k100,2,0.9277240192478646,0.0002131859018174,0.9355100000000002,0.00051
11647,1252,dens_468319504030932569,97,Density,<Substance C1CCOCC1{solv}{x=0.498600}|O=C1CCCCCC1{solv}{x=0.501400}>,C1CCOCC1,O=C1CCCCCC1,fb-fit-v1-single-mean-k100,2,0.9128701472842066,0.0002021277268168,0.9211200000000004,0.00051
11648,1253,dens_1174890511154571939,98,Density,<Substance C1CCOCC1{solv}{x=0.768600}|O=C1CCCCCC1{solv}{x=0.231400}>,C1CCOCC1,O=C1CCCCCC1,fb-fit-v1-single-mean-k100,2,0.8946747260995978,0.0002146918374448,0.9012200000000002,0.000505
11649,1254,dens_30084818585402677,99,Density,<Substance CC(=O)N(C)C{solv}{x=0.700600}|ClCCCCCCCl{solv}{x=0.299400}>,CC(=O)N(C)C,ClCCCCCCCl,fb-fit-v1-single-mean-k100,2,0.9701871146580064,0.0002474142877352,0.9853000000000002,0.00175
11650,1255,dhmix_384619296407103076,100,EnthalpyOfMixing,<Substance CC(=O)N(C)C{solv}{x=0.504000}|ClCCCCCCCl{solv}{x=0.496000}>,CC(=O)N(C)C,ClCCCCCCCl,fb-fit-v1-single-mean-k100,2,0.3939787195860589,0.0405753885835875,0.09,0.002
11651,1256,dens_539464371986972328,101,Density,<Substance CC(=O)N(C)C{solv}{x=0.494300}|ClCCCCCCCl{solv}{x=0.505700}>,CC(=O)N(C)C,ClCCCCCCCl,fb-fit-v1-single-mean-k100,2,1.0041215976490858,0.000217695298307,1.0123000000000002,0.0016
11652,1257,dhmix_1114659247517686326,102,EnthalpyOfMixing,<Substance CC(=O)N(C)C{solv}{x=0.798000}|ClCCCCCCCl{solv}{x=0.202000}>,CC(=O)N(C)C,ClCCCCCCCl,fb-fit-v1-single-mean-k100,2,0.2021545998763319,0.0351287308082721,0.067,0.002
11653,1258,dhmix_1410583096030633514,103,EnthalpyOfMixing,<Substance CC(=O)N(C)C{solv}{x=0.212000}|ClCCCCCCCl{solv}{x=0.788000}>,CC(=O)N(C)C,ClCCCCCCCl,fb-fit-v1-single-mean-k100,2,0.1600863041260112,0.0486424724727613,0.04,0.002
11654,1259,dens_2244909992725638206,104,Density,<Substance CC(=O)N(C)C{solv}{x=0.300200}|ClCCCCCCCl{solv}{x=0.699800}>,CC(=O)N(C)C,ClCCCCCCCl,fb-fit-v1-single-mean-k100,2,1.031739346394527,0.0002288460919343,1.0345000000000002,0.0015
11655,1260,dhmix_35301006695188726,105,EnthalpyOfMixing,<Substance CCOC(=O)C(C)C{solv}{x=0.289000}|CO{solv}{x=0.711000}>,CCOC(=O)C(C)C,CO,fb-fit-v1-single-mean-k100,2,0.5276973030723688,0.0374226745320112,0.488,0.0035
11656,1261,dens_508877804306927207,106,Density,<Substance CCOC(=O)C(C)C{solv}{x=0.499000}|CO{solv}{x=0.501000}>,CCOC(=O)C(C)C,CO,fb-fit-v1-single-mean-k100,2,0.8486165873198777,0.0002605104308429,0.8414100000000002,0.00011
11657,1262,dens_1201422771202741625,107,Density,<Substance CCOC(=O)C(C)C{solv}{x=0.199600}|CO{solv}{x=0.800400}>,CCOC(=O)C(C)C,CO,fb-fit-v1-single-mean-k100,2,0.8117091464341974,0.0003623434592765,0.8173600000000002,0.000115
11658,1263,dhmix_1951183536432642425,108,EnthalpyOfMixing,<Substance CCOC(=O)C(C)C{solv}{x=0.480000}|CO{solv}{x=0.520000}>,CCOC(=O)C(C)C,CO,fb-fit-v1-single-mean-k100,2,0.7422896209328016,0.0368918843070702,0.671,0.0045
11659,1264,dens_1998368384671748308,109,Density,<Substance CCOC(=O)C(C)C{solv}{x=0.703000}|CO{solv}{x=0.297000}>,CCOC(=O)C(C)C,CO,fb-fit-v1-single-mean-k100,2,0.8632093585998968,0.0002527911700049,0.8501200000000002,0.00011
11660,1265,dhmix_2200604492347455092,110,EnthalpyOfMixing,<Substance CCOC(=O)C(C)C{solv}{x=0.771000}|CO{solv}{x=0.229000}>,CCOC(=O)C(C)C,CO,fb-fit-v1-single-mean-k100,2,0.5990955619534972,0.0431316817558329,0.632,0.0045
11661,1266,dhmix_39159150320919359,111,EnthalpyOfMixing,<Substance CCO{solv}{x=0.799700}|Cc1cccc(O)c1{solv}{x=0.200300}>,CCO,Cc1cccc(O)c1,fb-fit-v1-single-mean-k100,2,-0.6791810825888511,0.0360882469723865,-0.79199,0.011965
11662,1267,dens_410843938837220593,112,Density,<Substance CCO{solv}{x=0.263700}|Cc1cccc(O)c1{solv}{x=0.736300}>,CCO,Cc1cccc(O)c1,fb-fit-v1-single-mean-k100,2,1.0011541197511842,0.0002297931362948,0.9852300000000004,0.0006
11663,1268,dhmix_1115402835538407874,113,EnthalpyOfMixing,<Substance CCO{solv}{x=0.212500}|Cc1cccc(O)c1{solv}{x=0.787500}>,CCO,Cc1cccc(O)c1,fb-fit-v1-single-mean-k100,2,-0.4493202736180635,0.0327724757024194,-0.68742,0.01275
11664,1269,dens_1359111234216199895,114,Density,<Substance CCO{solv}{x=0.472400}|Cc1cccc(O)c1{solv}{x=0.527600}>,CCO,Cc1cccc(O)c1,fb-fit-v1-single-mean-k100,2,0.9646393532129932,0.0002759821165215,0.9446300000000002,0.0006
11665,1270,dens_1590314985481219627,115,Density,<Substance CCO{solv}{x=0.781700}|Cc1cccc(O)c1{solv}{x=0.218300}>,CCO,Cc1cccc(O)c1,fb-fit-v1-single-mean-k100,2,0.8812428180469299,0.0002787531945254,0.8631500000000002,0.000605
11666,1271,dhmix_1871939727966182523,116,EnthalpyOfMixing,<Substance CCO{solv}{x=0.413900}|Cc1cccc(O)c1{solv}{x=0.586100}>,CCO,Cc1cccc(O)c1,fb-fit-v1-single-mean-k100,2,-0.932741823082278,0.0376866991400066,-1.14624,0.00985
11667,1272,dens_42678158079716854,117,Density,<Substance CN1CCCC1=O{solv}{x=0.937492}|c1ccccc1{solv}{x=0.062508}>,CN1CCCC1=O,c1ccccc1,fb-fit-v1-single-mean-k100,2,1.0059379725903854,0.0002110814902216,1.0204500000000003,3.500000000000001e-05
11668,1273,dens_252520620125458637,118,Density,<Substance CN1CCCC1=O{solv}{x=0.513500}|c1ccccc1{solv}{x=0.486500}>,CN1CCCC1=O,c1ccccc1,fb-fit-v1-single-mean-k100,2,0.9632513398039828,0.000239028752288,0.9684700000000004,0.00018
11669,1274,dhmix_524477957640851666,119,EnthalpyOfMixing,<Substance CN1CCCC1=O{solv}{x=0.235600}|c1ccccc1{solv}{x=0.764400}>,CN1CCCC1=O,c1ccccc1,fb-fit-v1-single-mean-k100,2,-0.1324407636975095,0.0411961332480403,-0.3684,0.00405
11670,1275,dhmix_1475629358723962160,120,EnthalpyOfMixing,<Substance CN1CCCC1=O{solv}{x=0.546700}|c1ccccc1{solv}{x=0.453300}>,CN1CCCC1=O,c1ccccc1,fb-fit-v1-single-mean-k100,2,-0.1392959849931188,0.0390651250299604,-0.4943,0.00535
11671,1276,dens_2041306780823594960,121,Density,<Substance CN1CCCC1=O{solv}{x=0.252400}|c1ccccc1{solv}{x=0.747600}>,CN1CCCC1=O,c1ccccc1,fb-fit-v1-single-mean-k100,2,0.9209371649202004,0.0002066240882887,0.9163300000000004,0.00029
11672,1277,dhmix_2156508970935294660,122,EnthalpyOfMixing,<Substance CN1CCCC1=O{solv}{x=0.741100}|c1ccccc1{solv}{x=0.258900}>,CN1CCCC1=O,c1ccccc1,fb-fit-v1-single-mean-k100,2,-0.0470025250170387,0.0400810541355877,-0.3841,0.0042
11673,1278,dhmix_44217680865702366,123,EnthalpyOfMixing,<Substance CC(=O)c1ccccc1{solv}{x=0.200100}|CC(C)O{solv}{x=0.799900}>,CC(=O)c1ccccc1,CC(C)O,fb-fit-v1-single-mean-k100,2,1.2078402924111264,0.0400633158377002,1.1352,0.0124
11674,1279,dens_91454082453656404,124,Density,<Substance CC(=O)c1ccccc1{solv}{x=0.756100}|CC(C)O{solv}{x=0.243900}>,CC(=O)c1ccccc1,CC(C)O,fb-fit-v1-single-mean-k100,2,0.9889672613241308,0.0001502602514415,0.9823500000000004,0.000175
11675,1280,dens_152869924254680766,125,Density,<Substance CC(=O)c1ccccc1{solv}{x=0.251700}|CC(C)O{solv}{x=0.748300}>,CC(=O)c1ccccc1,CC(C)O,fb-fit-v1-single-mean-k100,2,0.8839223505887684,0.0001789142430539,0.8654400000000002,0.000245
11676,1281,dhmix_1214494501247401592,126,EnthalpyOfMixing,<Substance CC(=O)c1ccccc1{solv}{x=0.499600}|CC(C)O{solv}{x=0.500400}>,CC(=O)c1ccccc1,CC(C)O,fb-fit-v1-single-mean-k100,2,1.6051383839565538,0.0361445510175366,1.5703,0.0169
11677,1282,dhmix_1482394504883204224,127,EnthalpyOfMixing,<Substance CC(=O)c1ccccc1{solv}{x=0.700600}|CC(C)O{solv}{x=0.299400}>,CC(=O)c1ccccc1,CC(C)O,fb-fit-v1-single-mean-k100,2,1.288548142701984,0.0426476173418671,1.3758,0.01485
11678,1283,dens_1804860114822214449,128,Density,<Substance CC(=O)c1ccccc1{solv}{x=0.534500}|CC(C)O{solv}{x=0.465500}>,CC(=O)c1ccccc1,CC(C)O,fb-fit-v1-single-mean-k100,2,0.9493105013930114,0.0001895113789717,0.9375600000000002,0.0002
11679,1284,dhmix_47323681380989568,129,EnthalpyOfMixing,<Substance CCCCCCCCCl{solv}{x=0.498000}|CN(C)C=O{solv}{x=0.502000}>,CCCCCCCCCl,CN(C)C=O,fb-fit-v1-single-mean-k100,2,1.4604356679235764,0.0362998706859105,1.087,0.0045
11680,1285,dhmix_620291288515939248,130,EnthalpyOfMixing,<Substance CCCCCCCCCl{solv}{x=0.790000}|CN(C)C=O{solv}{x=0.210000}>,CCCCCCCCCl,CN(C)C=O,fb-fit-v1-single-mean-k100,2,0.9959165688505892,0.0430938949589376,0.68,0.0045
11681,1286,dens_1830564734879843336,131,Density,<Substance CCCCCCCCCl{solv}{x=0.733100}|CN(C)C=O{solv}{x=0.266900}>,CCCCCCCCCl,CN(C)C=O,fb-fit-v1-single-mean-k100,2,0.8762464438397236,0.0002146046698188,0.8779000000000002,0.00045
11682,1287,dens_1865569264533219410,132,Density,<Substance CCCCCCCCCl{solv}{x=0.500800}|CN(C)C=O{solv}{x=0.499200}>,CCCCCCCCCl,CN(C)C=O,fb-fit-v1-single-mean-k100,2,0.8849514010492521,0.0001837750339544,0.8897000000000003,0.0004
11683,1288,dens_1893252821735673677,133,Density,<Substance CCCCCCCCCl{solv}{x=0.199800}|CN(C)C=O{solv}{x=0.800200}>,CCCCCCCCCl,CN(C)C=O,fb-fit-v1-single-mean-k100,2,0.9029757941680872,0.0002167444716307,0.9149000000000002,0.0003
11684,1289,dhmix_2175249209874409534,134,EnthalpyOfMixing,<Substance CCCCCCCCCl{solv}{x=0.205000}|CN(C)C=O{solv}{x=0.795000}>,CCCCCCCCCl,CN(C)C=O,fb-fit-v1-single-mean-k100,2,1.0914643214854536,0.0392334307410111,0.79,0.0045
11685,1290,dens_47347406470845261,135,Density,<Substance BrCCCBr{solv}{x=0.748600}|COC=O{solv}{x=0.251400}>,BrCCCBr,COC=O,fb-fit-v1-single-mean-k100,2,1.7774068149205455,0.0005321510735596,1.7969200000000003,0.00306
11686,1291,dens_398260729245374704,136,Density,<Substance BrCCCBr{solv}{x=0.472200}|COC=O{solv}{x=0.527800}>,BrCCCBr,COC=O,fb-fit-v1-single-mean-k100,2,1.5617360590063918,0.0004997538983661,1.5585100000000005,0.001985
11687,1292,dhmix_1440467239786579925,137,EnthalpyOfMixing,<Substance BrCCCBr{solv}{x=0.735400}|COC=O{solv}{x=0.264600}>,BrCCCBr,COC=O,fb-fit-v1-single-mean-k100,2,0.7599291412143643,0.0307913822934588,0.7435,0.00655
11688,1293,dens_1812113401512645360,138,Density,<Substance BrCCCBr{solv}{x=0.204700}|COC=O{solv}{x=0.795300}>,BrCCCBr,COC=O,fb-fit-v1-single-mean-k100,2,1.2881893429332267,0.0003911073802342,1.2611800000000004,0.001025
11689,1294,dhmix_2252268161220427112,139,EnthalpyOfMixing,<Substance BrCCCBr{solv}{x=0.485300}|COC=O{solv}{x=0.514700}>,BrCCCBr,COC=O,fb-fit-v1-single-mean-k100,2,0.8589195396119358,0.033038022328338,0.9249,0.00795
11690,1295,dhmix_2289960806584862127,140,EnthalpyOfMixing,<Substance BrCCCBr{solv}{x=0.239500}|COC=O{solv}{x=0.760500}>,BrCCCBr,COC=O,fb-fit-v1-single-mean-k100,2,0.7017944924242157,0.0305214246302867,0.6669,0.00595
11691,1296,dens_52148744845178727,141,Density,<Substance CC(=O)CC(C)C{solv}{x=0.700900}|CCC(C)(C)O{solv}{x=0.299100}>,CC(=O)CC(C)C,CCC(C)(C)O,fb-fit-v1-single-mean-k100,2,0.8115260698940822,0.0002076455987436,0.7968700000000002,0.00018
11692,1297,dhmix_202225007451030020,142,EnthalpyOfMixing,<Substance CC(=O)CC(C)C{solv}{x=0.201700}|CCC(C)(C)O{solv}{x=0.798300}>,CC(=O)CC(C)C,CCC(C)(C)O,fb-fit-v1-single-mean-k100,2,0.2743805954912997,0.046100012525948,0.8181,0.01135
11693,1298,dens_938275493819605051,143,Density,<Substance CC(=O)CC(C)C{solv}{x=0.500800}|CCC(C)(C)O{solv}{x=0.499200}>,CC(=O)CC(C)C,CCC(C)(C)O,fb-fit-v1-single-mean-k100,2,0.8145919005760712,0.000150561897129,0.7987300000000002,0.00018
11694,1299,dhmix_998794233701009996,144,EnthalpyOfMixing,<Substance CC(=O)CC(C)C{solv}{x=0.500800}|CCC(C)(C)O{solv}{x=0.499200}>,CC(=O)CC(C)C,CCC(C)(C)O,fb-fit-v1-single-mean-k100,2,0.7076701399083571,0.0480912136336804,1.3674,0.0185
11695,1300,dhmix_1565593158104493647,145,EnthalpyOfMixing,<Substance CC(=O)CC(C)C{solv}{x=0.700900}|CCC(C)(C)O{solv}{x=0.299100}>,CC(=O)CC(C)C,CCC(C)(C)O,fb-fit-v1-single-mean-k100,2,0.6811787482174196,0.0473443986258341,1.2068,0.0164
11696,1301,dens_2097057526665137697,146,Density,<Substance CC(=O)CC(C)C{solv}{x=0.201700}|CCC(C)(C)O{solv}{x=0.798300}>,CC(=O)CC(C)C,CCC(C)(C)O,fb-fit-v1-single-mean-k100,2,0.8198431080378011,0.0002705784151711,0.8030000000000002,0.00019
11697,1302,dens_60145312697659458,147,Density,<Substance OC1=NCCC1{solv}{x=0.231200}|c1ccncc1{solv}{x=0.768800}>,OC1=NCCC1,c1ccncc1,fb-fit-v1-single-mean-k100,2,1.002090229903125,0.0002755038400744,1.0106200000000003,0.00051
11698,1303,dhmix_281987656487279026,148,EnthalpyOfMixing,<Substance OC1=NCCC1{solv}{x=0.525600}|c1ccncc1{solv}{x=0.474400}>,OC1=NCCC1,c1ccncc1,fb-fit-v1-single-mean-k100,2,0.1022734424062434,0.0388607414857445,0.2031,0.0508
11699,1304,dens_617740093035429712,149,Density,<Substance OC1=NCCC1{solv}{x=0.831200}|c1ccncc1{solv}{x=0.168800}>,OC1=NCCC1,c1ccncc1,fb-fit-v1-single-mean-k100,2,1.0492209258750853,0.0002484271822325,1.0872000000000004,0.00052
11700,1305,dhmix_658699797311871042,150,EnthalpyOfMixing,<Substance OC1=NCCC1{solv}{x=0.261500}|c1ccncc1{solv}{x=0.738500}>,OC1=NCCC1,c1ccncc1,fb-fit-v1-single-mean-k100,2,0.0676002006642804,0.0424786834898393,0.165,0.04125
11701,1306,dhmix_774470106511868908,151,EnthalpyOfMixing,<Substance OC1=NCCC1{solv}{x=0.831100}|c1ccncc1{solv}{x=0.168900}>,OC1=NCCC1,c1ccncc1,fb-fit-v1-single-mean-k100,2,0.1714160008463068,0.039935346195797,0.0972,0.0243
11702,1307,dens_1837977312272564303,152,Density,<Substance OC1=NCCC1{solv}{x=0.475200}|c1ccncc1{solv}{x=0.524800}>,OC1=NCCC1,c1ccncc1,fb-fit-v1-single-mean-k100,2,1.02176323715777,0.0002182355386025,1.0431300000000003,0.000515
11703,1308,dens_64870336397637683,153,Density,<Substance NCCCO{solv}{x=0.489642}|O{solv}{x=0.510358}>,NCCCO,O,fb-fit-v1-single-mean-k100,2,1.0271055697911944,0.0003846903764233,1.0059000000000002,0.00155
11704,1309,dens_70371380055449550,154,Density,<Substance NCCCO{solv}{x=0.708044}|O{solv}{x=0.291956}>,NCCCO,O,fb-fit-v1-single-mean-k100,2,1.02865462353718,0.0004824829252369,0.9975000000000004,0.0018
11705,1310,dhmix_150384853762728924,155,EnthalpyOfMixing,<Substance NCCCO{solv}{x=0.751500}|O{solv}{x=0.248500}>,NCCCO,O,fb-fit-v1-single-mean-k100,2,-0.8611453855903335,0.0519345681568895,-1.531,0.031
11706,1311,dens_847209819230970781,156,Density,<Substance NCCCO{solv}{x=0.272809}|O{solv}{x=0.727191}>,NCCCO,O,fb-fit-v1-single-mean-k100,2,1.0184901982443169,0.0002965737297393,1.0118000000000005,0.0014
11707,1312,dhmix_1448036989335532298,157,EnthalpyOfMixing,<Substance NCCCO{solv}{x=0.298200}|O{solv}{x=0.701800}>,NCCCO,O,fb-fit-v1-single-mean-k100,2,-0.7723372230969296,0.0273322645198185,-2.501,0.051
11708,1313,dhmix_1551692974855642379,158,EnthalpyOfMixing,<Substance NCCCO{solv}{x=0.498900}|O{solv}{x=0.501100}>,NCCCO,O,fb-fit-v1-single-mean-k100,2,-1.1324799139254689,0.0340215408958949,-2.462,0.05
11709,1314,dhmix_65921650414250861,159,EnthalpyOfMixing,<Substance CCOC(=O)CC(C)=O{solv}{x=0.499500}|CCO{solv}{x=0.500500}>,CCO,CCOC(=O)CC(C)=O,fb-fit-v1-single-mean-k100,2,1.868307589308756,0.0376513109645129,1.7079,0.0183
11710,1315,dhmix_546962203716710778,160,EnthalpyOfMixing,<Substance CCOC(=O)CC(C)=O{solv}{x=0.299400}|CCO{solv}{x=0.700600}>,CCO,CCOC(=O)CC(C)=O,fb-fit-v1-single-mean-k100,2,1.6266329835786877,0.0379625966368797,1.4925,0.01605
11711,1316,dens_989479368116300355,161,Density,<Substance CCOC(=O)CC(C)=O{solv}{x=0.500000}|CCO{solv}{x=0.500000}>,CCO,CCOC(=O)CC(C)=O,fb-fit-v1-single-mean-k100,2,0.9652053263468112,0.0002256346852233,0.9484700000000004,0.000155
11712,1317,dens_1726065156375824332,162,Density,<Substance CCOC(=O)CC(C)=O{solv}{x=0.250000}|CCO{solv}{x=0.750000}>,CCO,CCOC(=O)CC(C)=O,fb-fit-v1-single-mean-k100,2,0.8990134621450715,0.0002841075135234,0.8856300000000003,0.00017
11713,1318,dens_1736679431098209973,163,Density,<Substance CCOC(=O)CC(C)=O{solv}{x=0.750000}|CCO{solv}{x=0.250000}>,CCO,CCOC(=O)CC(C)=O,fb-fit-v1-single-mean-k100,2,1.00997347521419,0.0001693977450741,0.9917100000000004,0.00017
11714,1319,dhmix_2221487218644783272,164,EnthalpyOfMixing,<Substance CCOC(=O)CC(C)=O{solv}{x=0.700800}|CCO{solv}{x=0.299200}>,CCO,CCOC(=O)CC(C)=O,fb-fit-v1-single-mean-k100,2,1.4540916703157336,0.0467308342700492,1.478,0.0159
11715,1320,dhmix_68947190908856741,165,EnthalpyOfMixing,<Substance C1COCCO1{solv}{x=0.250000}|O=C1CCCC1{solv}{x=0.750000}>,C1COCCO1,O=C1CCCC1,fb-fit-v1-single-mean-k100,2,0.0066412423631732,0.0403908790569808,0.04589,0.00057
11716,1321,dens_225413782402822877,166,Density,<Substance C1COCCO1{solv}{x=0.777800}|O=C1CCCC1{solv}{x=0.222200}>,C1COCCO1,O=C1CCCC1,fb-fit-v1-single-mean-k100,2,1.0093633064461176,0.0002436888791088,1.0081000000000002,0.000255
11717,1322,dhmix_415496698649060745,167,EnthalpyOfMixing,<Substance C1COCCO1{solv}{x=0.500000}|O=C1CCCC1{solv}{x=0.500000}>,C1COCCO1,O=C1CCCC1,fb-fit-v1-single-mean-k100,2,0.0265278064149612,0.037664255927445,0.07457,0.00068
11718,1323,dens_803440153424346423,168,Density,<Substance C1COCCO1{solv}{x=0.506300}|O=C1CCCC1{solv}{x=0.493700}>,C1COCCO1,O=C1CCCC1,fb-fit-v1-single-mean-k100,2,0.983377977833998,0.000269776604076,0.9849200000000002,0.00025
11719,1324,dens_1553194080174872005,169,Density,<Substance C1COCCO1{solv}{x=0.243600}|O=C1CCCC1{solv}{x=0.756400}>,C1COCCO1,O=C1CCCC1,fb-fit-v1-single-mean-k100,2,0.9593108456480368,0.0002304937214545,0.9633500000000004,0.000245
11720,1325,dhmix_1852349497898107924,170,EnthalpyOfMixing,<Substance C1COCCO1{solv}{x=0.750000}|O=C1CCCC1{solv}{x=0.250000}>,C1COCCO1,O=C1CCCC1,fb-fit-v1-single-mean-k100,2,0.1377459662399758,0.0417347569201813,0.07097,0.000665
11721,1326,dhmix_71170350241685196,171,EnthalpyOfMixing,<Substance COC(C)(C)C{solv}{x=0.749000}|ClC(Cl)Cl{solv}{x=0.251000}>,COC(C)(C)C,ClC(Cl)Cl,fb-fit-v1-single-mean-k100,2,-0.9515062455892966,0.0416591311178404,-1.9,0.077
11722,1327,dens_554111049740737271,172,Density,<Substance COC(C)(C)C{solv}{x=0.454000}|ClC(Cl)Cl{solv}{x=0.546000}>,COC(C)(C)C,ClC(Cl)Cl,fb-fit-v1-single-mean-k100,2,1.107109122647255,0.0004037520183205,1.0838000000000003,0.00015
11723,1328,dhmix_1691495556773848750,173,EnthalpyOfMixing,<Substance COC(C)(C)C{solv}{x=0.484000}|ClC(Cl)Cl{solv}{x=0.516000}>,COC(C)(C)C,ClC(Cl)Cl,fb-fit-v1-single-mean-k100,2,-1.3667340349756376,0.0338691455894774,-2.1,0.0845
11724,1329,dens_1874337336846858625,174,Density,<Substance COC(C)(C)C{solv}{x=0.276000}|ClC(Cl)Cl{solv}{x=0.724000}>,COC(C)(C)C,ClC(Cl)Cl,fb-fit-v1-single-mean-k100,2,1.25806465568805,0.000470175465472,1.2259000000000004,0.0002
11725,1330,dens_2136498248834183810,175,Density,<Substance COC(C)(C)C{solv}{x=0.728600}|ClC(Cl)Cl{solv}{x=0.271400}>,COC(C)(C)C,ClC(Cl)Cl,fb-fit-v1-single-mean-k100,2,0.9074730728998002,0.0002945058823406,0.8956000000000003,0.00015
11726,1331,dhmix_2232264038422377060,176,EnthalpyOfMixing,<Substance COC(C)(C)C{solv}{x=0.220000}|ClC(Cl)Cl{solv}{x=0.780000}>,COC(C)(C)C,ClC(Cl)Cl,fb-fit-v1-single-mean-k100,2,-0.9392677834631744,0.0285438851496974,-1.5,0.0605
11727,1332,dhmix_73322629991074290,177,EnthalpyOfMixing,<Substance CCC(C)=O{solv}{x=0.212400}|CCN(CC)CC{solv}{x=0.787600}>,CCC(C)=O,CCN(CC)CC,fb-fit-v1-single-mean-k100,2,0.2740136516277331,0.0401444519568065,0.57,0.006
11728,1333,dens_317201778138256714,178,Density,<Substance CCC(C)=O{solv}{x=0.261000}|CCN(CC)CC{solv}{x=0.739000}>,CCC(C)=O,CCN(CC)CC,fb-fit-v1-single-mean-k100,2,0.7474295565712471,0.0001951007892769,0.7361510000000001,0.000106
11729,1334,dens_544322850735592196,179,Density,<Substance CCC(C)=O{solv}{x=0.510600}|CCN(CC)CC{solv}{x=0.489400}>,CCC(C)=O,CCN(CC)CC,fb-fit-v1-single-mean-k100,2,0.7601106990409512,0.0002424502352555,0.7527560000000002,0.0001045
11730,1335,dhmix_690665189446107141,180,EnthalpyOfMixing,<Substance CCC(C)=O{solv}{x=0.496700}|CCN(CC)CC{solv}{x=0.503300}>,CCC(C)=O,CCN(CC)CC,fb-fit-v1-single-mean-k100,2,0.4368070684802809,0.0444498345498341,0.746,0.008
11731,1336,dhmix_935249702283890201,181,EnthalpyOfMixing,<Substance CCC(C)=O{solv}{x=0.789300}|CCN(CC)CC{solv}{x=0.210700}>,CCC(C)=O,CCN(CC)CC,fb-fit-v1-single-mean-k100,2,0.2401147350895307,0.0425585588116116,0.455,0.005
11732,1337,dens_1635002920322954883,182,Density,<Substance CCC(C)=O{solv}{x=0.760400}|CCN(CC)CC{solv}{x=0.239600}>,CCC(C)=O,CCN(CC)CC,fb-fit-v1-single-mean-k100,2,0.7764207202320353,0.0002361012883967,0.7738830000000002,9.900000000000003e-05
11733,1338,dhmix_76833325524040726,183,EnthalpyOfMixing,<Substance C1CCCCC1{solv}{x=0.260600}|c1ccccc1{solv}{x=0.739400}>,C1CCCCC1,c1ccccc1,fb-fit-v1-single-mean-k100,2,0.8320795799678535,0.0382184445401523,0.6282,0.00695
11734,1339,dens_330305790736126156,184,Density,<Substance C1CCCCC1{solv}{x=0.499600}|c1ccccc1{solv}{x=0.500400}>,C1CCCCC1,c1ccccc1,fb-fit-v1-single-mean-k100,2,0.8177520783730426,0.0002595475463465,0.8136000000000002,0.0002
11735,1340,dhmix_460305358266375837,185,EnthalpyOfMixing,<Substance C1CCCCC1{solv}{x=0.766800}|c1ccccc1{solv}{x=0.233200}>,C1CCCCC1,c1ccccc1,fb-fit-v1-single-mean-k100,2,0.754768082977975,0.0446164440600231,0.5517,0.00725
11736,1341,dens_1579941980285561951,186,Density,<Substance C1CCCCC1{solv}{x=0.249800}|c1ccccc1{solv}{x=0.750200}>,C1CCCCC1,c1ccccc1,fb-fit-v1-single-mean-k100,2,0.8505325650958321,0.0002455462308099,0.8405780000000002,7.05e-05
11737,1342,dhmix_1824194485055356086,187,EnthalpyOfMixing,<Substance C1CCCCC1{solv}{x=0.501200}|c1ccccc1{solv}{x=0.498800}>,C1CCCCC1,c1ccccc1,fb-fit-v1-single-mean-k100,2,1.0347456438534977,0.0396240498005194,0.7893,0.00655
11738,1343,dens_1871885279620492514,188,Density,<Substance C1CCCCC1{solv}{x=0.732300}|c1ccccc1{solv}{x=0.267700}>,C1CCCCC1,c1ccccc1,fb-fit-v1-single-mean-k100,2,0.7925354242460532,0.0001681359166879,0.7929200000000002,7.450000000000001e-05
11739,1344,dens_78518696584109468,189,Density,<Substance CN(CCO)CCO{solv}{x=0.743000}|O{solv}{x=0.257000}>,CN(CCO)CCO,O,fb-fit-v1-single-mean-k100,2,1.0574769512954565,0.0001884651851752,1.0405100000000005,0.000286
11740,1345,dens_169053214615075062,190,Density,<Substance CN(CCO)CCO{solv}{x=0.257100}|O{solv}{x=0.742900}>,CN(CCO)CCO,O,fb-fit-v1-single-mean-k100,2,1.0465567761143666,0.0002182060577552,1.0522550000000004,0.000221
11741,1346,dhmix_750283179383190388,191,EnthalpyOfMixing,<Substance CN(CCO)CCO{solv}{x=0.741100}|O{solv}{x=0.258900}>,CN(CCO)CCO,O,fb-fit-v1-single-mean-k100,2,-1.4366247347247167,0.0582012835849964,-1.154,0.0125
11742,1347,dhmix_1537351248216247854,192,EnthalpyOfMixing,<Substance CN(CCO)CCO{solv}{x=0.259300}|O{solv}{x=0.740700}>,CN(CCO)CCO,O,fb-fit-v1-single-mean-k100,2,-1.5885619188216182,0.0384923243239348,-2.271,0.046
11743,1348,dens_1700904374078825036,193,Density,<Substance CN(CCO)CCO{solv}{x=0.484900}|O{solv}{x=0.515100}>,CN(CCO)CCO,O,fb-fit-v1-single-mean-k100,2,1.0577302012341236,0.0004480699878815,1.048636,0.0002475
11744,1349,dhmix_1761290393567900831,194,EnthalpyOfMixing,<Substance CN(CCO)CCO{solv}{x=0.494100}|O{solv}{x=0.505900}>,CN(CCO)CCO,O,fb-fit-v1-single-mean-k100,2,-2.3544971163493784,0.0591172678055475,-2.072,0.042
11745,1350,dhmix_81883535492439507,195,EnthalpyOfMixing,<Substance C1COCO1{solv}{x=0.200000}|O=C1CCCC1{solv}{x=0.800000}>,C1COCO1,O=C1CCCC1,fb-fit-v1-single-mean-k100,2,-0.0395834460315214,0.0424128487598902,-0.00853,0.000425
11746,1351,dens_192935635984964537,196,Density,<Substance C1COCO1{solv}{x=0.509000}|O=C1CCCC1{solv}{x=0.491000}>,C1COCO1,O=C1CCCC1,fb-fit-v1-single-mean-k100,2,1.0004886465482885,0.0002324495517654,0.9954700000000004,0.000255
11747,1352,dhmix_309530351940031317,197,EnthalpyOfMixing,<Substance C1COCO1{solv}{x=0.700000}|O=C1CCCC1{solv}{x=0.300000}>,C1COCO1,O=C1CCCC1,fb-fit-v1-single-mean-k100,2,-0.0741791943774217,0.0360824582633096,-0.02292,0.00048
11748,1353,dhmix_1480225642523009634,198,EnthalpyOfMixing,<Substance C1COCO1{solv}{x=0.500000}|O=C1CCCC1{solv}{x=0.500000}>,C1COCO1,O=C1CCCC1,fb-fit-v1-single-mean-k100,2,-0.0750548544633531,0.0348150386380621,-0.02181,0.000475
11749,1354,dens_1663189314624242951,199,Density,<Substance C1COCO1{solv}{x=0.225100}|O=C1CCCC1{solv}{x=0.774900}>,C1COCO1,O=C1CCCC1,fb-fit-v1-single-mean-k100,2,0.9632551782877702,0.0002320785784152,0.9652800000000002,0.000245
11750,1355,dens_1684591254659727640,200,Density,<Substance C1COCO1{solv}{x=0.789100}|O=C1CCCC1{solv}{x=0.210900}>,C1COCO1,O=C1CCCC1,fb-fit-v1-single-mean-k100,2,1.042573267927079,0.0002820218838764,1.02957,0.00026
11751,1356,dens_82854054922011802,201,Density,<Substance c1cc[nH]c1{solv}{x=0.542600}|c1ccncc1{solv}{x=0.457400}>,c1cc[nH]c1,c1ccncc1,fb-fit-v1-single-mean-k100,2,0.984858626890896,0.0002371309881486,0.9706400000000002,5.5000000000000016e-05
11752,1357,dens_332042143272324658,202,Density,<Substance c1cc[nH]c1{solv}{x=0.755400}|c1ccncc1{solv}{x=0.244600}>,c1cc[nH]c1,c1ccncc1,fb-fit-v1-single-mean-k100,2,0.9871505219249056,0.0002825252912964,0.9676900000000004,5.5000000000000016e-05
11753,1358,dhmix_582184351339863568,203,EnthalpyOfMixing,<Substance c1cc[nH]c1{solv}{x=0.760200}|c1ccncc1{solv}{x=0.239800}>,c1cc[nH]c1,c1ccncc1,fb-fit-v1-single-mean-k100,2,-0.0138584914817165,0.039210717728963,-1.6452,0.01075
11754,1359,dhmix_809205277185290719,204,EnthalpyOfMixing,<Substance c1cc[nH]c1{solv}{x=0.509500}|c1ccncc1{solv}{x=0.490500}>,c1cc[nH]c1,c1ccncc1,fb-fit-v1-single-mean-k100,2,-0.083964315086757,0.0363132203670477,-2.649,0.01645
11755,1360,dens_1187941919350264461,205,Density,<Substance c1cc[nH]c1{solv}{x=0.227300}|c1ccncc1{solv}{x=0.772700}>,c1cc[nH]c1,c1ccncc1,fb-fit-v1-single-mean-k100,2,0.9829395686039052,0.0002482581954649,0.9755600000000002,5.5000000000000016e-05
11756,1361,dhmix_2302696180464118683,206,EnthalpyOfMixing,<Substance c1cc[nH]c1{solv}{x=0.239500}|c1ccncc1{solv}{x=0.760500}>,c1cc[nH]c1,c1ccncc1,fb-fit-v1-single-mean-k100,2,-0.0814161778270232,0.0280400979245295,-1.7662,0.01145
11757,1362,dhmix_84488753175979819,207,EnthalpyOfMixing,<Substance C1CCOCC1{solv}{x=0.500000}|CCO{solv}{x=0.500000}>,C1CCOCC1,CCO,fb-fit-v1-single-mean-k100,2,0.9147070806263962,0.0384972028608239,0.8491,0.00794
11758,1363,dens_904236164857914889,208,Density,<Substance C1CCOCC1{solv}{x=0.701000}|CCO{solv}{x=0.299000}>,C1CCOCC1,CCO,fb-fit-v1-single-mean-k100,2,0.8571298606670366,0.0002593160654343,0.8595400000000002,8.500000000000002e-05
11759,1364,dhmix_923986751684807715,209,EnthalpyOfMixing,<Substance C1CCOCC1{solv}{x=0.750000}|CCO{solv}{x=0.250000}>,C1CCOCC1,CCO,fb-fit-v1-single-mean-k100,2,0.965792154602184,0.0398295074758799,0.75364,0.007115
11760,1365,dhmix_927648698725704337,210,EnthalpyOfMixing,<Substance C1CCOCC1{solv}{x=0.250000}|CCO{solv}{x=0.750000}>,C1CCOCC1,CCO,fb-fit-v1-single-mean-k100,2,0.6001145716954159,0.0344297499384185,0.57017,0.00553
11761,1366,dens_1095414448718823860,211,Density,<Substance C1CCOCC1{solv}{x=0.504000}|CCO{solv}{x=0.496000}>,C1CCOCC1,CCO,fb-fit-v1-single-mean-k100,2,0.842760269877549,0.0002464345003446,0.8440100000000001,0.0001
11762,1367,dens_1309012152943788187,212,Density,<Substance C1CCOCC1{solv}{x=0.284000}|CCO{solv}{x=0.716000}>,C1CCOCC1,CCO,fb-fit-v1-single-mean-k100,2,0.8237092043418933,0.0003242330227018,0.8227400000000002,0.00012
11763,1368,dens_88489471162801298,213,Density,<Substance CC(C)=O{solv}{x=0.248400}|Nc1ccccc1{solv}{x=0.751600}>,CC(C)=O,Nc1ccccc1,fb-fit-v1-single-mean-k100,2,1.0111372191595402,0.0002465728259544,0.9768950000000002,0.0001055
11764,1369,dens_892449093930393176,214,Density,<Substance CC(C)=O{solv}{x=0.411400}|Nc1ccccc1{solv}{x=0.588600}>,CC(C)=O,Nc1ccccc1,fb-fit-v1-single-mean-k100,2,0.9712202774465704,0.0002679019186929,0.9457730000000002,0.0001285
11765,1370,dens_1087594007698023193,215,Density,<Substance CC(C)=O{solv}{x=0.699300}|Nc1ccccc1{solv}{x=0.300700}>,CC(C)=O,Nc1ccccc1,fb-fit-v1-single-mean-k100,2,0.8926596615806297,0.0002449260569245,0.8786430000000003,0.000178
11766,1371,dhmix_1461699545612032563,216,EnthalpyOfMixing,<Substance CC(C)=O{solv}{x=0.214500}|Nc1ccccc1{solv}{x=0.785500}>,CC(C)=O,Nc1ccccc1,fb-fit-v1-single-mean-k100,2,-0.2667957555044609,0.0475848880471561,-0.746,0.008
11767,1372,dhmix_1577476208805542019,217,EnthalpyOfMixing,<Substance CC(C)=O{solv}{x=0.699100}|Nc1ccccc1{solv}{x=0.300900}>,CC(C)=O,Nc1ccccc1,fb-fit-v1-single-mean-k100,2,-0.8032962121174307,0.0353204516183191,-1.076,0.0115
11768,1373,dhmix_2267661763264899390,218,EnthalpyOfMixing,<Substance CC(C)=O{solv}{x=0.410700}|Nc1ccccc1{solv}{x=0.589300}>,CC(C)=O,Nc1ccccc1,fb-fit-v1-single-mean-k100,2,-0.6425957640114746,0.0366806190726838,-1.165,0.0125
11769,1374,dhmix_90851537891129625,219,EnthalpyOfMixing,<Substance C1CCOCC1{solv}{x=0.268300}|Cc1ccccn1{solv}{x=0.731700}>,C1CCOCC1,Cc1ccccn1,fb-fit-v1-single-mean-k100,2,0.0041830206637172,0.0399520414389286,0.1057,0.00105
11770,1375,dhmix_975790739707505549,220,EnthalpyOfMixing,<Substance C1CCOCC1{solv}{x=0.482200}|Cc1ccccn1{solv}{x=0.517800}>,C1CCOCC1,Cc1ccccn1,fb-fit-v1-single-mean-k100,2,0.0365682432830449,0.0397056924701244,0.1728,0.00135
11771,1376,dens_981500521813591443,221,Density,<Substance C1CCOCC1{solv}{x=0.491600}|Cc1ccccn1{solv}{x=0.508400}>,C1CCOCC1,Cc1ccccn1,fb-fit-v1-single-mean-k100,2,0.9122236115098592,0.0002351211559159,0.910915,0.000475
11772,1377,dens_1237050172671894703,222,Density,<Substance C1CCOCC1{solv}{x=0.237300}|Cc1ccccn1{solv}{x=0.762700}>,C1CCOCC1,Cc1ccccn1,fb-fit-v1-single-mean-k100,2,0.9292574620178524,0.0001936394737056,0.9261620000000004,0.0004855
11773,1378,dhmix_1841520238596708010,223,EnthalpyOfMixing,<Substance C1CCOCC1{solv}{x=0.821600}|Cc1ccccn1{solv}{x=0.178400}>,C1CCOCC1,Cc1ccccn1,fb-fit-v1-single-mean-k100,2,0.0324961857716346,0.0401837336001093,0.1352,0.0012
11774,1379,dens_1852422594896475094,224,Density,<Substance C1CCOCC1{solv}{x=0.821900}|Cc1ccccn1{solv}{x=0.178100}>,C1CCOCC1,Cc1ccccn1,fb-fit-v1-single-mean-k100,2,0.8786918112539406,0.0002397305379991,0.8802920000000002,0.000454
11775,1380,dhmix_93676522673462266,225,EnthalpyOfMixing,<Substance CC(=O)N(C)C{solv}{x=0.702000}|ClCCCl{solv}{x=0.298000}>,CC(=O)N(C)C,ClCCCl,fb-fit-v1-single-mean-k100,2,-0.4691251392551372,0.037803192545281,-0.706,0.004
11776,1381,dens_466640151895915379,226,Density,<Substance CC(=O)N(C)C{solv}{x=0.499900}|ClCCCl{solv}{x=0.500100}>,CC(=O)N(C)C,ClCCCl,fb-fit-v1-single-mean-k100,2,1.0619274318783811,0.0002796903609613,1.0774000000000004,0.00325
11777,1382,dhmix_504891727488256514,227,EnthalpyOfMixing,<Substance CC(=O)N(C)C{solv}{x=0.202000}|ClCCCl{solv}{x=0.798000}>,CC(=O)N(C)C,ClCCCl,fb-fit-v1-single-mean-k100,2,-0.3881216322942933,0.0320378116588403,-0.586,0.004
11778,1383,dens_1432716574300574119,228,Density,<Substance CC(=O)N(C)C{solv}{x=0.298800}|ClCCCl{solv}{x=0.701200}>,CC(=O)N(C)C,ClCCCl,fb-fit-v1-single-mean-k100,2,1.12785890288974,0.0003845416342086,1.1413000000000002,0.00345
11779,1384,dens_1909242265481868478,229,Density,<Substance CC(=O)N(C)C{solv}{x=0.700800}|ClCCCl{solv}{x=0.299200}>,CC(=O)N(C)C,ClCCCl,fb-fit-v1-single-mean-k100,2,0.9979059959312602,0.0002868756591878,1.0181000000000002,0.00305
11780,1385,dhmix_2201663021806040380,230,EnthalpyOfMixing,<Substance CC(=O)N(C)C{solv}{x=0.500000}|ClCCCl{solv}{x=0.500000}>,CC(=O)N(C)C,ClCCCl,fb-fit-v1-single-mean-k100,2,-0.5903392318631473,0.0358014692044423,-0.885,0.004
11781,1386,dhmix_101847702994296892,231,EnthalpyOfMixing,<Substance CCCCCCCl{solv}{x=0.790000}|CN1CCCC1=O{solv}{x=0.210000}>,CCCCCCCl,CN1CCCC1=O,fb-fit-v1-single-mean-k100,2,0.696275887578679,0.046040579969237,0.232,0.0025
11782,1387,dhmix_275814181113182192,232,EnthalpyOfMixing,<Substance CCCCCCCl{solv}{x=0.497000}|CN1CCCC1=O{solv}{x=0.503000}>,CCCCCCCl,CN1CCCC1=O,fb-fit-v1-single-mean-k100,2,1.0239924761873525,0.0406620063933525,0.416,0.0025
11783,1388,dens_441375838683668512,233,Density,<Substance CCCCCCCl{solv}{x=0.499300}|CN1CCCC1=O{solv}{x=0.500700}>,CCCCCCCl,CN1CCCC1=O,fb-fit-v1-single-mean-k100,2,0.93454313370661,0.0001640877204855,0.9389000000000002,0.0002
11784,1389,dhmix_840847840731542643,234,EnthalpyOfMixing,<Substance CCCCCCCl{solv}{x=0.203000}|CN1CCCC1=O{solv}{x=0.797000}>,CCCCCCCl,CN1CCCC1=O,fb-fit-v1-single-mean-k100,2,0.7459775910224664,0.0443058266680643,0.319,0.0025
11785,1390,dens_1314691253679633833,235,Density,<Substance CCCCCCCl{solv}{x=0.298400}|CN1CCCC1=O{solv}{x=0.701600}>,CCCCCCCl,CN1CCCC1=O,fb-fit-v1-single-mean-k100,2,0.9638068522165156,0.0002128197828206,0.9715000000000004,0.0002
11786,1391,dens_1366683244756558841,236,Density,<Substance CCCCCCCl{solv}{x=0.801200}|CN1CCCC1=O{solv}{x=0.198800}>,CCCCCCCl,CN1CCCC1=O,fb-fit-v1-single-mean-k100,2,0.8941749476003112,0.0002354034441903,0.8970000000000002,0.0003
11787,1392,dhmix_107460606439569535,237,EnthalpyOfMixing,<Substance C1COCCO1{solv}{x=0.572500}|O=C1CCCCCC1{solv}{x=0.427500}>,C1COCCO1,O=C1CCCCCC1,fb-fit-v1-single-mean-k100,2,0.2700743904908194,0.0453084047069615,0.1032,0.00125
11788,1393,dens_229535957420918177,238,Density,<Substance C1COCCO1{solv}{x=0.748900}|O=C1CCCCCC1{solv}{x=0.251100}>,C1COCCO1,O=C1CCCCCC1,fb-fit-v1-single-mean-k100,2,1.000077045395078,0.0002167138445821,0.9994100000000002,0.00051
11789,1394,dhmix_1101001475632451077,239,EnthalpyOfMixing,<Substance C1COCCO1{solv}{x=0.225200}|O=C1CCCCCC1{solv}{x=0.774800}>,C1COCCO1,O=C1CCCCCC1,fb-fit-v1-single-mean-k100,2,0.1315146793011479,0.041634118900903,0.0783,0.001
11790,1395,dens_1711999737319704820,240,Density,<Substance C1COCCO1{solv}{x=0.572300}|O=C1CCCCCC1{solv}{x=0.427700}>,C1COCCO1,O=C1CCCCCC1,fb-fit-v1-single-mean-k100,2,0.9729266140000457,0.0002252268560787,0.9737000000000002,0.00051
11791,1396,dens_1973863157285112004,241,Density,<Substance C1COCCO1{solv}{x=0.255500}|O=C1CCCCCC1{solv}{x=0.744500}>,C1COCCO1,O=C1CCCCCC1,fb-fit-v1-single-mean-k100,2,0.9561035023122396,0.0002166314822653,0.9616800000000002,0.000515
11792,1397,dhmix_2239035738396328121,242,EnthalpyOfMixing,<Substance C1COCCO1{solv}{x=0.771600}|O=C1CCCCCC1{solv}{x=0.228400}>,C1COCCO1,O=C1CCCCCC1,fb-fit-v1-single-mean-k100,2,0.2582984220949953,0.0403965880873908,0.0694,0.0009
11793,1398,dhmix_110368175234083214,243,EnthalpyOfMixing,<Substance CC#N{solv}{x=0.201600}|CCOC(C)(C)CC{solv}{x=0.798400}>,CC#N,CCOC(C)(C)CC,fb-fit-v1-single-mean-k100,2,0.3240549593322726,0.0432469896348875,0.6411,0.0087
11794,1399,dhmix_565046024644834395,244,EnthalpyOfMixing,<Substance CC#N{solv}{x=0.700400}|CCOC(C)(C)CC{solv}{x=0.299600}>,CC#N,CCOC(C)(C)CC,fb-fit-v1-single-mean-k100,2,0.340099638984773,0.0357159940511565,0.8397,0.0113
11795,1400,dens_865362803305469370,245,Density,<Substance CC#N{solv}{x=0.502400}|CCOC(C)(C)CC{solv}{x=0.497600}>,CC#N,CCOC(C)(C)CC,fb-fit-v1-single-mean-k100,2,0.7677512728797047,0.000221981027167,0.7675000000000002,0.00035
11796,1401,dhmix_1131176031733024874,246,EnthalpyOfMixing,<Substance CC#N{solv}{x=0.502400}|CCOC(C)(C)CC{solv}{x=0.497600}>,CC#N,CCOC(C)(C)CC,fb-fit-v1-single-mean-k100,2,0.3639948961834776,0.0448127364307503,0.9514,0.01285
11797,1402,dens_1305751749890499162,247,Density,<Substance CC#N{solv}{x=0.201600}|CCOC(C)(C)CC{solv}{x=0.798400}>,CC#N,CCOC(C)(C)CC,fb-fit-v1-single-mean-k100,2,0.7639958639890874,0.0002046136004541,0.7635000000000002,0.00025
11798,1403,dens_1928701304100922381,248,Density,<Substance CC#N{solv}{x=0.700400}|CCOC(C)(C)CC{solv}{x=0.299600}>,CC#N,CCOC(C)(C)CC,fb-fit-v1-single-mean-k100,2,0.7696794222007901,0.000232861586733,0.7707000000000003,0.0005
11799,1404,dhmix_112729391186229967,249,EnthalpyOfMixing,<Substance CCC(C)=O{solv}{x=0.509000}|CNc1ccccc1{solv}{x=0.491000}>,CCC(C)=O,CNc1ccccc1,fb-fit-v1-single-mean-k100,2,-0.4901389054111345,0.0379365985523551,-0.816,0.009
11800,1405,dens_414028029115294252,250,Density,<Substance CCC(C)=O{solv}{x=0.746300}|CNc1ccccc1{solv}{x=0.253700}>,CCC(C)=O,CNc1ccccc1,fb-fit-v1-single-mean-k100,2,0.8586300692584473,0.0002316395726852,0.8582020000000002,0.000102
11801,1406,dens_559789475978651659,251,Density,<Substance CCC(C)=O{solv}{x=0.495000}|CNc1ccccc1{solv}{x=0.505000}>,CCC(C)=O,CNc1ccccc1,fb-fit-v1-single-mean-k100,2,0.9120626102451522,0.0002127612245083,0.9066940000000002,0.000164
11802,1407,dhmix_1637459312398636454,252,EnthalpyOfMixing,<Substance CCC(C)=O{solv}{x=0.228300}|CNc1ccccc1{solv}{x=0.771700}>,CCC(C)=O,CNc1ccccc1,fb-fit-v1-single-mean-k100,2,-0.4657125969821543,0.0360157711774457,-0.54,0.006
11803,1408,dhmix_1933605864237207151,253,EnthalpyOfMixing,<Substance CCC(C)=O{solv}{x=0.705500}|CNc1ccccc1{solv}{x=0.294500}>,CCC(C)=O,CNc1ccccc1,fb-fit-v1-single-mean-k100,2,-0.414027017963237,0.0414687070351274,-0.672,0.0075
11804,1409,dens_2039660657679820411,254,Density,<Substance CCC(C)=O{solv}{x=0.258900}|CNc1ccccc1{solv}{x=0.741100}>,CCC(C)=O,CNc1ccccc1,fb-fit-v1-single-mean-k100,2,0.9558772853937564,0.000224150914832,0.9456330000000004,0.000259
11805,1410,dhmix_112832411362526364,255,EnthalpyOfMixing,<Substance C=CCCCC{solv}{x=0.250000}|CCCCO{solv}{x=0.750000}>,C=CCCCC,CCCCO,fb-fit-v1-single-mean-k100,2,0.318743376999322,0.0490649168610394,0.2829,0.00333
11806,1411,dhmix_385937725855980509,256,EnthalpyOfMixing,<Substance C=CCCCC{solv}{x=0.749900}|CCCCO{solv}{x=0.250100}>,C=CCCCC,CCCCO,fb-fit-v1-single-mean-k100,2,0.637164970792611,0.0393851661138713,0.63978,0.00696
11807,1412,dens_417191245012747241,257,Density,<Substance C=CCCCC{solv}{x=0.501800}|CCCCO{solv}{x=0.498200}>,C=CCCCC,CCCCO,fb-fit-v1-single-mean-k100,2,0.72879648501573,0.0002070616888935,0.7340000000000002,0.00035
11808,1413,dens_1053849773924337242,258,Density,<Substance C=CCCCC{solv}{x=0.100100}|CCCCO{solv}{x=0.899900}>,C=CCCCC,CCCCO,fb-fit-v1-single-mean-k100,2,0.7928047582029276,0.0002292134978988,0.7924000000000002,0.00035
11809,1414,dhmix_1436053809694490847,259,EnthalpyOfMixing,<Substance C=CCCCC{solv}{x=0.500300}|CCCCO{solv}{x=0.499700}>,C=CCCCC,CCCCO,fb-fit-v1-single-mean-k100,2,0.5374377053719002,0.0418445677320913,0.56098,0.00616
11810,1415,dens_1967827958045932694,260,Density,<Substance C=CCCCC{solv}{x=0.900000}|CCCCO{solv}{x=0.100000}>,C=CCCCC,CCCCO,fb-fit-v1-single-mean-k100,2,0.6791695341053914,0.0002296856565242,0.6818000000000001,0.00035
11811,1416,dhmix_113202719214912577,261,EnthalpyOfMixing,<Substance CCN(CC)CCO{solv}{x=0.700300}|O{solv}{x=0.299700}>,CCN(CC)CCO,O,fb-fit-v1-single-mean-k100,2,-1.913841669249692,0.0697548264441665,-1.75,0.019
11812,1417,dhmix_450200897960931857,262,EnthalpyOfMixing,<Substance CCN(CC)CCO{solv}{x=0.500200}|O{solv}{x=0.499800}>,CCN(CC)CCO,O,fb-fit-v1-single-mean-k100,2,-1.9007036544627385,0.0472669224097926,-2.504,0.027
11813,1418,dens_727880187774296815,263,Density,<Substance CCN(CC)CCO{solv}{x=0.799700}|O{solv}{x=0.200300}>,CCN(CC)CCO,O,fb-fit-v1-single-mean-k100,2,0.8956345831408655,0.0001852473426155,0.8996000000000003,0.005
11814,1419,dens_943193748522476096,264,Density,<Substance CCN(CC)CCO{solv}{x=0.499700}|O{solv}{x=0.500300}>,CCN(CC)CCO,O,fb-fit-v1-single-mean-k100,2,0.9116139696825428,0.0003579218718187,0.9222000000000002,0.005
11815,1420,dhmix_1628408668678458098,265,EnthalpyOfMixing,<Substance CCN(CC)CCO{solv}{x=0.200800}|O{solv}{x=0.799200}>,CCN(CC)CCO,O,fb-fit-v1-single-mean-k100,2,-1.0613809591757002,0.0279544077440335,-2.185,0.0235
11816,1421,dens_1679974305630699360,266,Density,<Substance CCN(CC)CCO{solv}{x=0.193290}|O{solv}{x=0.806710}>,CCN(CC)CCO,O,fb-fit-v1-single-mean-k100,2,0.9322529058197044,0.0004661240842035,0.9615690000000002,0.000144
11817,1422,dens_114257363738318755,267,Density,<Substance C1CCCCC1{solv}{x=0.754300}|CCCCCC{solv}{x=0.245700}>,C1CCCCC1,CCCCCC,fb-fit-v1-single-mean-k100,2,0.7336707944814648,0.0001987692579972,0.7392000000000002,0.00065
11818,1423,dens_528453314861364780,268,Density,<Substance C1CCCCC1{solv}{x=0.234300}|CCCCCC{solv}{x=0.765700}>,C1CCCCC1,CCCCCC,fb-fit-v1-single-mean-k100,2,0.6732484636698949,0.000220741701835,0.6838300000000002,0.001655
11819,1424,dens_547437695672624422,269,Density,<Substance C1CCCCC1{solv}{x=0.479300}|CCCCCC{solv}{x=0.520700}>,C1CCCCC1,CCCCCC,fb-fit-v1-single-mean-k100,2,0.6997699908014497,0.0002141981247994,0.7105500000000001,0.001555
11820,1425,dhmix_728030976573858762,270,EnthalpyOfMixing,<Substance C1CCCCC1{solv}{x=0.483200}|CCCCCC{solv}{x=0.516800}>,C1CCCCC1,CCCCCC,fb-fit-v1-single-mean-k100,2,0.3444919203906949,0.0443283036732146,0.2144,0.00155
11821,1426,dhmix_1406519609852245638,271,EnthalpyOfMixing,<Substance C1CCCCC1{solv}{x=0.219000}|CCCCCC{solv}{x=0.781000}>,C1CCCCC1,CCCCCC,fb-fit-v1-single-mean-k100,2,0.2188943623817039,0.0439020941433465,0.1264,0.00105
11822,1427,dhmix_1819992223413741006,272,EnthalpyOfMixing,<Substance C1CCCCC1{solv}{x=0.725500}|CCCCCC{solv}{x=0.274500}>,C1CCCCC1,CCCCCC,fb-fit-v1-single-mean-k100,2,0.3777765035488585,0.0373171507685314,0.199,0.00145
11823,1428,dhmix_114464856611254095,273,EnthalpyOfMixing,<Substance COc1ccccc1{solv}{x=0.739800}|OCc1ccccc1{solv}{x=0.260200}>,COc1ccccc1,OCc1ccccc1,fb-fit-v1-single-mean-k100,2,0.8917780055999387,0.046793898380697,1.0539,0.0113
11824,1429,dens_844721400884986444,274,Density,<Substance COc1ccccc1{solv}{x=0.288300}|OCc1ccccc1{solv}{x=0.711700}>,COc1ccccc1,OCc1ccccc1,fb-fit-v1-single-mean-k100,2,1.0247594616343028,0.0001817537173042,1.0180000000000002,0.000135
11825,1430,dens_1208569209782779179,275,Density,<Substance COc1ccccc1{solv}{x=0.491100}|OCc1ccccc1{solv}{x=0.508900}>,COc1ccccc1,OCc1ccccc1,fb-fit-v1-single-mean-k100,2,1.0117781932587826,0.0001748446705641,1.0069400000000004,0.000165
11826,1431,dhmix_1342325728364187329,276,EnthalpyOfMixing,<Substance COc1ccccc1{solv}{x=0.240100}|OCc1ccccc1{solv}{x=0.759900}>,COc1ccccc1,OCc1ccccc1,fb-fit-v1-single-mean-k100,2,0.5867277668563986,0.0468519359856473,0.6199,0.0067
11827,1432,dhmix_1596550872819493971,277,EnthalpyOfMixing,<Substance COc1ccccc1{solv}{x=0.486600}|OCc1ccccc1{solv}{x=0.513400}>,COc1ccccc1,OCc1ccccc1,fb-fit-v1-single-mean-k100,2,0.9843058330771868,0.0443871082728269,0.9688,0.0104
11828,1433,dens_1833270112854727934,278,Density,<Substance COc1ccccc1{solv}{x=0.774500}|OCc1ccccc1{solv}{x=0.225500}>,COc1ccccc1,OCc1ccccc1,fb-fit-v1-single-mean-k100,2,0.9933676289514982,0.0002210761910654,0.9915900000000004,0.000215
11829,1434,dens_114725786693793907,279,Density,<Substance CC(=O)O{solv}{x=0.703100}|CCO{solv}{x=0.296900}>,CC(=O)O,CCO,fb-fit-v1-single-mean-k100,2,0.9980571636857688,0.0003521422854942,0.97355,0.00021
11830,1435,dens_883421079927261907,280,Density,<Substance CC(=O)O{solv}{x=0.496100}|CCO{solv}{x=0.503900}>,CC(=O)O,CCO,fb-fit-v1-single-mean-k100,2,0.9373411423672954,0.0003067090917212,0.9199600000000002,0.0002
11831,1436,dens_1042567278853913615,281,Density,<Substance CC(=O)O{solv}{x=0.297100}|CCO{solv}{x=0.702900}>,CC(=O)O,CCO,fb-fit-v1-single-mean-k100,2,0.8789427317856352,0.000217370254849,0.8668600000000002,0.000195
11832,1437,dhmix_129373600931207498,282,EnthalpyOfMixing,<Substance NCCNCCN{solv}{x=0.702000}|O{solv}{x=0.298000}>,NCCNCCN,O,fb-fit-v1-single-mean-k100,2,-3.3307470168091697,0.0560916459297059,-3.393,0.036
11833,1438,dhmix_313570094367316478,283,EnthalpyOfMixing,<Substance NCCNCCN{solv}{x=0.241600}|O{solv}{x=0.758400}>,NCCNCCN,O,fb-fit-v1-single-mean-k100,2,-4.582911177945583,0.0374159185792078,-6.523,0.0695
11834,1439,dens_548243159356184104,284,Density,<Substance NCCNCCN{solv}{x=0.244900}|O{solv}{x=0.755100}>,NCCNCCN,O,fb-fit-v1-single-mean-k100,2,1.0584050085999026,0.0004237028464288,1.0275000000000003,0.0005
11835,1440,dens_913992897582667960,285,Density,<Substance NCCNCCN{solv}{x=0.497400}|O{solv}{x=0.502600}>,NCCNCCN,O,fb-fit-v1-single-mean-k100,2,1.06169488853711,0.0003448484188444,0.9928000000000002,0.0005
11836,1441,dhmix_1565087976771168604,286,EnthalpyOfMixing,<Substance NCCNCCN{solv}{x=0.501000}|O{solv}{x=0.499000}>,NCCNCCN,O,fb-fit-v1-single-mean-k100,2,-4.612981162677457,0.0519034472863427,-5.417,0.0575
11837,1442,dens_1812124220217686569,287,Density,<Substance NCCNCCN{solv}{x=0.698800}|O{solv}{x=0.301200}>,NCCNCCN,O,fb-fit-v1-single-mean-k100,2,1.053293249155557,0.0001938178986859,0.9718000000000002,0.0005
11838,1443,dhmix_135176730945124637,288,EnthalpyOfMixing,<Substance CCCCNCCCC{solv}{x=0.751800}|CN(C)C=O{solv}{x=0.248200}>,CCCCNCCCC,CN(C)C=O,fb-fit-v1-single-mean-k100,2,0.2532108893133511,0.0454396263716044,0.782,0.025
11839,1444,dens_586298674852090193,289,Density,<Substance CCCCNCCCC{solv}{x=0.726600}|CN(C)C=O{solv}{x=0.273400}>,CCCCNCCCC,CN(C)C=O,fb-fit-v1-single-mean-k100,2,0.787683401228516,0.000171760662331,0.7828350000000002,0.0009465
11840,1445,dens_711718403070096827,290,Density,<Substance CCCCNCCCC{solv}{x=0.263900}|CN(C)C=O{solv}{x=0.736100}>,CCCCNCCCC,CN(C)C=O,fb-fit-v1-single-mean-k100,2,0.8559257511557838,0.0002010647612183,0.8609240000000001,0.001053
11841,1446,dhmix_1537913365058000269,291,EnthalpyOfMixing,<Substance CCCCNCCCC{solv}{x=0.249400}|CN(C)C=O{solv}{x=0.750600}>,CCCCNCCCC,CN(C)C=O,fb-fit-v1-single-mean-k100,2,0.4335204882958194,0.0409541862341144,0.921,0.029
11842,1447,dhmix_1965420976556284821,292,EnthalpyOfMixing,<Substance CCCCNCCCC{solv}{x=0.501800}|CN(C)C=O{solv}{x=0.498200}>,CCCCNCCCC,CN(C)C=O,fb-fit-v1-single-mean-k100,2,0.3441278542102708,0.0414396158112588,1.113,0.0335
11843,1448,dens_2298192241038151497,293,Density,<Substance CCCCNCCCC{solv}{x=0.492800}|CN(C)C=O{solv}{x=0.507200}>,CCCCNCCCC,CN(C)C=O,fb-fit-v1-single-mean-k100,2,0.8167853083695084,0.0001874756064243,0.8153440000000003,0.0009895
11844,1449,dens_145031449158698048,294,Density,<Substance CN(C)C=O{solv}{x=0.498800}|ClCCCl{solv}{x=0.501200}>,CN(C)C=O,ClCCCl,fb-fit-v1-single-mean-k100,2,1.0843670528806235,0.0003546396754944,1.0957000000000003,0.00305
11845,1450,dens_511894799968528211,295,Density,<Substance CN(C)C=O{solv}{x=0.197800}|ClCCCl{solv}{x=0.802200}>,CN(C)C=O,ClCCCl,fb-fit-v1-single-mean-k100,2,1.1729578498580524,0.0004534186832488,1.1862000000000004,0.003
11846,1451,dhmix_693792312882226719,296,EnthalpyOfMixing,<Substance CN(C)C=O{solv}{x=0.498000}|ClCCCl{solv}{x=0.502000}>,CN(C)C=O,ClCCCl,fb-fit-v1-single-mean-k100,2,-0.0859815680270266,0.0265387612087021,-0.663,0.0035
11847,1452,dhmix_1364024895663592301,297,EnthalpyOfMixing,<Substance CN(C)C=O{solv}{x=0.299000}|ClCCCl{solv}{x=0.701000}>,CN(C)C=O,ClCCCl,fb-fit-v1-single-mean-k100,2,-0.0876951489901429,0.0327634519436924,-0.575,0.0035
11848,1453,dens_1874616475661316520,298,Density,<Substance CN(C)C=O{solv}{x=0.705400}|ClCCCl{solv}{x=0.294600}>,CN(C)C=O,ClCCCl,fb-fit-v1-single-mean-k100,2,1.019505348633378,0.0003065966064225,1.0336,0.003
11849,1454,dhmix_1965344541223753593,299,EnthalpyOfMixing,<Substance CN(C)C=O{solv}{x=0.702000}|ClCCCl{solv}{x=0.298000}>,CN(C)C=O,ClCCCl,fb-fit-v1-single-mean-k100,2,-0.079138120761975,0.0289913753838865,-0.531,0.003
11850,1455,dens_145117083439077204,300,Density,<Substance CN1CCCC1=O{solv}{x=0.700300}|ClCCCCCl{solv}{x=0.299700}>,CN1CCCC1=O,ClCCCCCl,fb-fit-v1-single-mean-k100,2,1.054438832188627,0.0001515899753649,1.0627000000000002,0.0005
11851,1456,dens_872271192908107773,301,Density,<Substance CN1CCCC1=O{solv}{x=0.203400}|ClCCCCCl{solv}{x=0.796600}>,CN1CCCC1=O,ClCCCCCl,fb-fit-v1-single-mean-k100,2,1.1089494382503098,0.0002710336483592,1.1142000000000003,0.00125
11852,1457,dhmix_958757583081250655,302,EnthalpyOfMixing,<Substance CN1CCCC1=O{solv}{x=0.703000}|ClCCCCCl{solv}{x=0.297000}>,CN1CCCC1=O,ClCCCCCl,fb-fit-v1-single-mean-k100,2,0.0914009864792468,0.0413197286181217,-0.583,0.0035
11853,1458,dens_1187888029800539390,303,Density,<Substance CN1CCCC1=O{solv}{x=0.502500}|ClCCCCCl{solv}{x=0.497500}>,CN1CCCC1=O,ClCCCCCl,fb-fit-v1-single-mean-k100,2,1.0789531472364868,0.0002664612451075,1.0840000000000003,0.00075
11854,1459,dhmix_1448185356234442909,304,EnthalpyOfMixing,<Substance CN1CCCC1=O{solv}{x=0.210000}|ClCCCCCl{solv}{x=0.790000}>,CN1CCCC1=O,ClCCCCCl,fb-fit-v1-single-mean-k100,2,0.0090038739870834,0.0431513881260251,-0.406,0.003
11855,1460,dhmix_1623586299486793214,305,EnthalpyOfMixing,<Substance CN1CCCC1=O{solv}{x=0.505000}|ClCCCCCl{solv}{x=0.495000}>,CN1CCCC1=O,ClCCCCCl,fb-fit-v1-single-mean-k100,2,0.0670143830657785,0.0424695182558294,-0.678,0.0035
11856,1461,dens_151421667269785380,306,Density,<Substance OCCOCCO{solv}{x=0.228500}|OCc1ccccc1{solv}{x=0.771500}>,OCCOCCO,OCc1ccccc1,fb-fit-v1-single-mean-k100,2,1.0566360602663876,0.0004157052996978,1.0497600000000002,0.000265
11857,1462,dens_207017358130726789,307,Density,<Substance OCCOCCO{solv}{x=0.531200}|OCc1ccccc1{solv}{x=0.468800}>,OCCOCCO,OCc1ccccc1,fb-fit-v1-single-mean-k100,2,1.0830947783260008,0.0002128913566465,1.07136,0.00027
11858,1463,dhmix_638869206909151198,308,EnthalpyOfMixing,<Substance OCCOCCO{solv}{x=0.765800}|OCc1ccccc1{solv}{x=0.234200}>,OCCOCCO,OCc1ccccc1,fb-fit-v1-single-mean-k100,2,-0.2644911258789477,0.0527099879028051,-0.3712,0.0073
11859,1464,dhmix_884415658126351430,309,EnthalpyOfMixing,<Substance OCCOCCO{solv}{x=0.266500}|OCc1ccccc1{solv}{x=0.733500}>,OCCOCCO,OCc1ccccc1,fb-fit-v1-single-mean-k100,2,-0.477862953582985,0.0405278125352265,-0.4216,0.0081
11860,1465,dhmix_925385148369690502,310,EnthalpyOfMixing,<Substance OCCOCCO{solv}{x=0.521600}|OCc1ccccc1{solv}{x=0.478400}>,OCCOCCO,OCc1ccccc1,fb-fit-v1-single-mean-k100,2,-0.4535484913927092,0.0673152663012891,-0.4574,0.00865
11861,1466,dens_1617133138157859384,311,Density,<Substance OCCOCCO{solv}{x=0.727700}|OCc1ccccc1{solv}{x=0.272300}>,OCCOCCO,OCc1ccccc1,fb-fit-v1-single-mean-k100,2,1.0969977969478788,0.0003754349697494,1.0857000000000003,0.000275
11862,1467,dens_155791527624482863,312,Density,<Substance CC(C)CO{solv}{x=0.279300}|CCCCBr{solv}{x=0.720700}>,CC(C)CO,CCCCBr,fb-fit-v1-single-mean-k100,2,1.1211603331027489,0.0003604820208024,1.1339800000000002,0.000305
11863,1468,dhmix_549211977118470640,313,EnthalpyOfMixing,<Substance CC(C)CO{solv}{x=0.293800}|CCCCBr{solv}{x=0.706200}>,CC(C)CO,CCCCBr,fb-fit-v1-single-mean-k100,2,1.187437542462078,0.0408293204992363,1.248,0.0135
11864,1469,dens_692500675577783691,314,Density,<Substance CC(C)CO{solv}{x=0.793700}|CCCCBr{solv}{x=0.206300}>,CC(C)CO,CCCCBr,fb-fit-v1-single-mean-k100,2,0.9034071538324056,0.000312050331487,0.8962800000000002,0.00021
11865,1470,dens_841415441417626311,315,Density,<Substance CC(C)CO{solv}{x=0.498900}|CCCCBr{solv}{x=0.501100}>,CC(C)CO,CCCCBr,fb-fit-v1-single-mean-k100,2,1.0324213556494857,0.0003670031286387,1.0366800000000005,0.000225
11866,1471,dhmix_1400807466047438160,316,EnthalpyOfMixing,<Substance CC(C)CO{solv}{x=0.499000}|CCCCBr{solv}{x=0.501000}>,CC(C)CO,CCCCBr,fb-fit-v1-single-mean-k100,2,1.073857083399588,0.0399674751867842,1.207,0.013
11867,1472,dhmix_1959880980464917582,317,EnthalpyOfMixing,<Substance CC(C)CO{solv}{x=0.702100}|CCCCBr{solv}{x=0.297900}>,CC(C)CO,CCCCBr,fb-fit-v1-single-mean-k100,2,0.8136779595124892,0.0372184382793934,0.891,0.0095
11868,1473,dhmix_155924436295918663,318,EnthalpyOfMixing,<Substance OCCCO{solv}{x=0.501300}|O{solv}{x=0.498700}>,O,OCCCO,fb-fit-v1-single-mean-k100,2,0.3890807400734459,0.036844150206841,-0.992,0.0125
11869,1474,dens_867859901093068556,319,Density,<Substance OCCCO{solv}{x=0.743700}|O{solv}{x=0.256300}>,O,OCCCO,fb-fit-v1-single-mean-k100,2,1.0642951017152986,0.000532978648138,1.0503800000000003,0.00023
11870,1475,dhmix_2191722776959064631,320,EnthalpyOfMixing,<Substance OCCCO{solv}{x=0.743000}|O{solv}{x=0.257000}>,O,OCCCO,fb-fit-v1-single-mean-k100,2,-0.3116906949053799,0.0434337211729477,-0.633,0.008
11871,1476,dhmix_2210594516320705991,321,EnthalpyOfMixing,<Substance OCCCO{solv}{x=0.208700}|O{solv}{x=0.791300}>,O,OCCCO,fb-fit-v1-single-mean-k100,2,0.3144134422728513,0.0258237225493042,-0.924,0.012
11872,1477,dens_2211391404402371237,322,Density,<Substance OCCCO{solv}{x=0.244700}|O{solv}{x=0.755300}>,O,OCCCO,fb-fit-v1-single-mean-k100,2,1.0309145192204627,0.0003543646915265,1.0381600000000004,0.00019
11873,1478,dens_2211609476735134421,323,Density,<Substance OCCCO{solv}{x=0.500000}|O{solv}{x=0.500000}>,O,OCCCO,fb-fit-v1-single-mean-k100,2,1.0519237737198754,0.0004290367641812,1.0492100000000002,0.000215
11874,1479,dhmix_156929898609376763,324,EnthalpyOfMixing,<Substance CN(C)CCCO{solv}{x=0.800100}|O{solv}{x=0.199900}>,CN(C)CCCO,O,fb-fit-v1-single-mean-k100,2,-1.1418264639860745,0.0484853941754472,-1.26,0.0135
11875,1480,dhmix_786210276753247951,325,EnthalpyOfMixing,<Substance CN(C)CCCO{solv}{x=0.199800}|O{solv}{x=0.800200}>,CN(C)CCCO,O,fb-fit-v1-single-mean-k100,2,-1.2074551249902117,0.0277401080584591,-2.514,0.027
11876,1481,dens_971674883336993154,326,Density,<Substance CN(C)CCCO{solv}{x=0.289504}|O{solv}{x=0.710496}>,CN(C)CCCO,O,fb-fit-v1-single-mean-k100,2,0.94814866059062,0.0002826393052783,0.9443,0.00285
11877,1482,dhmix_1330584538745399524,327,EnthalpyOfMixing,<Substance CN(C)CCCO{solv}{x=0.501900}|O{solv}{x=0.498100}>,CN(C)CCCO,O,fb-fit-v1-single-mean-k100,2,-2.1265090821243255,0.0325686225652798,-2.706,0.029
11878,1483,dens_1781759734173902013,328,Density,<Substance CN(C)CCCO{solv}{x=0.501300}|O{solv}{x=0.498700}>,CN(C)CCCO,O,fb-fit-v1-single-mean-k100,2,0.9370657403559618,0.0004246497190436,0.9170700000000004,8.000000000000002e-05
11879,1484,dens_2299157616447228221,329,Density,<Substance CN(C)CCCO{solv}{x=0.800600}|O{solv}{x=0.199400}>,CN(C)CCCO,O,fb-fit-v1-single-mean-k100,2,0.9227066500536076,0.0005226346624405,0.8915100000000002,9.500000000000002e-05
11880,1485,dhmix_157983773008192768,330,EnthalpyOfMixing,<Substance BrCCCBr{solv}{x=0.743200}|CCCCOC(=O)CCC{solv}{x=0.256800}>,BrCCCBr,CCCCOC(=O)CCC,fb-fit-v1-single-mean-k100,2,-0.4866926304716301,0.0398637933575149,0.032,0.0005
11881,1486,dens_720277045338028885,331,Density,<Substance BrCCCBr{solv}{x=0.748700}|CCCCOC(=O)CCC{solv}{x=0.251300}>,BrCCCBr,CCCCOC(=O)CCC,fb-fit-v1-single-mean-k100,2,1.5673514596335192,0.0002737503112957,1.5786600000000004,0.00038
11882,1487,dens_933248802608751708,332,Density,<Substance BrCCCBr{solv}{x=0.529700}|CCCCOC(=O)CCC{solv}{x=0.470300}>,BrCCCBr,CCCCOC(=O)CCC,fb-fit-v1-single-mean-k100,2,1.313317985967322,0.0003455531573189,1.3159400000000003,0.000255
11883,1488,dens_1048925802213854204,333,Density,<Substance BrCCCBr{solv}{x=0.259100}|CCCCOC(=O)CCC{solv}{x=0.740900}>,BrCCCBr,CCCCOC(=O)CCC,fb-fit-v1-single-mean-k100,2,1.0624030795769386,0.0002347912103746,1.0598600000000002,0.000145
11884,1489,dhmix_1090642624443832057,334,EnthalpyOfMixing,<Substance BrCCCBr{solv}{x=0.241200}|CCCCOC(=O)CCC{solv}{x=0.758800}>,BrCCCBr,CCCCOC(=O)CCC,fb-fit-v1-single-mean-k100,2,-0.3277403050821448,0.0533515716846568,-0.094,0.001
11885,1490,dhmix_1649688325270115073,335,EnthalpyOfMixing,<Substance BrCCCBr{solv}{x=0.466700}|CCCCOC(=O)CCC{solv}{x=0.533300}>,BrCCCBr,CCCCOC(=O)CCC,fb-fit-v1-single-mean-k100,2,-0.626306592308886,0.041944775217208,-0.091,0.001
11886,1491,dhmix_158101159957898775,336,EnthalpyOfMixing,<Substance CCCCCl{solv}{x=0.490000}|CN1CCCC1=O{solv}{x=0.510000}>,CCCCCl,CN1CCCC1=O,fb-fit-v1-single-mean-k100,2,0.958371863357918,0.0398588654416773,0.152,0.002
11887,1492,dhmix_586880142396707079,337,EnthalpyOfMixing,<Substance CCCCCl{solv}{x=0.294000}|CN1CCCC1=O{solv}{x=0.706000}>,CCCCCl,CN1CCCC1=O,fb-fit-v1-single-mean-k100,2,0.7844443552579534,0.0430873562272168,0.145,0.002
11888,1493,dens_897975104490051322,338,Density,<Substance CCCCCl{solv}{x=0.296100}|CN1CCCC1=O{solv}{x=0.703900}>,CCCCCl,CN1CCCC1=O,fb-fit-v1-single-mean-k100,2,0.9757091078634592,0.000232107020335,0.9862000000000004,0.0001
11889,1494,dens_1393365907116297965,339,Density,<Substance CCCCCl{solv}{x=0.702600}|CN1CCCC1=O{solv}{x=0.297400}>,CCCCCl,CN1CCCC1=O,fb-fit-v1-single-mean-k100,2,0.916766882343601,0.0002639966427738,0.9268000000000002,0.0001
11890,1495,dhmix_1769887717174104485,340,EnthalpyOfMixing,<Substance CCCCCl{solv}{x=0.787000}|CN1CCCC1=O{solv}{x=0.213000}>,CCCCCl,CN1CCCC1=O,fb-fit-v1-single-mean-k100,2,0.5230808861497422,0.041028558436976,0.081,0.002
11891,1496,dens_2070183543451797213,341,Density,<Substance CCCCCl{solv}{x=0.494800}|CN1CCCC1=O{solv}{x=0.505200}>,CCCCCl,CN1CCCC1=O,fb-fit-v1-single-mean-k100,2,0.9488626271505284,0.0002682724663995,0.9575000000000002,0.0001
11892,1497,dens_164369774990422412,342,Density,<Substance CC(C)O{solv}{x=0.764900}|CCOC=O{solv}{x=0.235100}>,CC(C)O,CCOC=O,fb-fit-v1-single-mean-k100,2,0.8343571314024186,0.0003039233640786,0.8088000000000002,0.00035
11893,1498,dens_200561035496770448,343,Density,<Substance CC(C)O{solv}{x=0.265100}|CCOC=O{solv}{x=0.734900}>,CC(C)O,CCOC=O,fb-fit-v1-single-mean-k100,2,0.907577495013891,0.0002982250451355,0.8710000000000002,0.0003
11894,1499,dens_1124622586228643363,344,Density,<Substance CC(C)O{solv}{x=0.441300}|CCOC=O{solv}{x=0.558700}>,CC(C)O,CCOC=O,fb-fit-v1-single-mean-k100,2,0.8801336161335173,0.0003007206650078,0.8482000000000003,0.00035
11895,1500,dens_166030075147825025,345,Density,<Substance Clc1ccccc1{solv}{x=0.467900}|c1ccccc1{solv}{x=0.532100}>,Clc1ccccc1,c1ccccc1,fb-fit-v1-single-mean-k100,2,1.007314681554103,0.0002343651766195,0.9877000000000002,0.00025
11896,1501,dens_796537469137871297,346,Density,<Substance Clc1ccccc1{solv}{x=0.735800}|c1ccccc1{solv}{x=0.264200}>,Clc1ccccc1,c1ccccc1,fb-fit-v1-single-mean-k100,2,1.0700969060168792,0.0002755867324581,1.0465000000000002,0.0002
11897,1502,dhmix_1485547099225054006,347,EnthalpyOfMixing,<Substance Clc1ccccc1{solv}{x=0.777700}|c1ccccc1{solv}{x=0.222300}>,Clc1ccccc1,c1ccccc1,fb-fit-v1-single-mean-k100,2,0.0256224419081618,0.0400424760761599,-0.0036,0.0004
11898,1503,dhmix_1808283008183194060,348,EnthalpyOfMixing,<Substance Clc1ccccc1{solv}{x=0.225800}|c1ccccc1{solv}{x=0.774200}>,Clc1ccccc1,c1ccccc1,fb-fit-v1-single-mean-k100,2,0.034376432699716,0.0373827936924998,-0.0046,0.0004
11899,1504,dhmix_2008892820486470381,349,EnthalpyOfMixing,<Substance Clc1ccccc1{solv}{x=0.466600}|c1ccccc1{solv}{x=0.533400}>,Clc1ccccc1,c1ccccc1,fb-fit-v1-single-mean-k100,2,-0.0549608622635844,0.0332977735404155,-0.0057,0.0004
11900,1505,dens_2142546524113318099,350,Density,<Substance Clc1ccccc1{solv}{x=0.293100}|c1ccccc1{solv}{x=0.706900}>,Clc1ccccc1,c1ccccc1,fb-fit-v1-single-mean-k100,2,0.9648983898855652,0.0002558390801853,0.9468000000000002,0.00025
11901,1506,dhmix_166527628917371560,351,EnthalpyOfMixing,<Substance CCCCCC(C)=O{solv}{x=0.500700}|CCCNCCC{solv}{x=0.499300}>,CCCCCC(C)=O,CCCNCCC,fb-fit-v1-single-mean-k100,2,-0.1839362249373834,0.045713400396594,0.162,0.002
11902,1507,dhmix_181797488552739205,352,EnthalpyOfMixing,<Substance CCCCCC(C)=O{solv}{x=0.213200}|CCCNCCC{solv}{x=0.786800}>,CCCCCC(C)=O,CCCNCCC,fb-fit-v1-single-mean-k100,2,-0.0774588865104846,0.048097653447064,0.137,0.0015
11903,1508,dens_286521458049436805,353,Density,<Substance CCCCCC(C)=O{solv}{x=0.542700}|CCCNCCC{solv}{x=0.457300}>,CCCCCC(C)=O,CCCNCCC,fb-fit-v1-single-mean-k100,2,0.7821295945646266,0.0001908742236325,0.7766620000000002,0.0001215
11904,1509,dens_740930494074770103,354,Density,<Substance CCCCCC(C)=O{solv}{x=0.252600}|CCCNCCC{solv}{x=0.747400}>,CCCCCC(C)=O,CCCNCCC,fb-fit-v1-single-mean-k100,2,0.7610235720287784,0.0001898174946982,0.7540050000000001,0.0001215
11905,1510,dhmix_1180133264815330249,355,EnthalpyOfMixing,<Substance CCCCCC(C)=O{solv}{x=0.788000}|CCCNCCC{solv}{x=0.212000}>,CCCCCC(C)=O,CCCNCCC,fb-fit-v1-single-mean-k100,2,-0.0852306056987473,0.0546946406759259,0.088,0.001
11906,1511,dens_1237727796782189302,356,Density,<Substance CCCCCC(C)=O{solv}{x=0.741800}|CCCNCCC{solv}{x=0.258200}>,CCCCCC(C)=O,CCCNCCC,fb-fit-v1-single-mean-k100,2,0.7962590991882064,0.0001325581885739,0.7918920000000003,0.00012
11907,1512,dens_168376639142843665,357,Density,<Substance BrCCBr{solv}{x=0.084500}|CCOC(=O)CC{solv}{x=0.915500}>,BrCCBr,CCOC(=O)CC,fb-fit-v1-single-mean-k100,2,0.97417018433913,0.0002511125595464,0.9671200000000002,0.001185
11908,1513,dhmix_897092526028522426,358,EnthalpyOfMixing,<Substance BrCCBr{solv}{x=0.753700}|CCOC(=O)CC{solv}{x=0.246300}>,BrCCBr,CCOC(=O)CC,fb-fit-v1-single-mean-k100,2,-0.1523838627404456,0.0333524259100462,0.0052,0.0008
11909,1514,dhmix_1078383344298013541,359,EnthalpyOfMixing,<Substance BrCCBr{solv}{x=0.084100}|CCOC(=O)CC{solv}{x=0.915900}>,BrCCBr,CCOC(=O)CC,fb-fit-v1-single-mean-k100,2,-0.100413331787065,0.0469005082120771,-0.0683,0.0014
11910,1515,dhmix_1103515663691342839,360,EnthalpyOfMixing,<Substance BrCCBr{solv}{x=0.514000}|CCOC(=O)CC{solv}{x=0.486000}>,BrCCBr,CCOC(=O)CC,fb-fit-v1-single-mean-k100,2,-0.2567684267958414,0.0380398950049038,-0.1259,0.00205
11911,1516,dens_1193015082780501702,361,Density,<Substance BrCCBr{solv}{x=0.484400}|CCOC(=O)CC{solv}{x=0.515600}>,BrCCBr,CCOC(=O)CC,fb-fit-v1-single-mean-k100,2,1.4086143779402895,0.000397911087329,1.4136000000000002,0.001165
11912,1517,dens_1660732943693703463,362,Density,<Substance BrCCBr{solv}{x=0.714800}|CCOC(=O)CC{solv}{x=0.285200}>,BrCCBr,CCOC(=O)CC,fb-fit-v1-single-mean-k100,2,1.7002585157280008,0.000493078798468,1.7205300000000003,0.000985
11913,1518,dens_172622055198885625,363,Density,<Substance CCCCOCCO{solv}{x=0.499500}|c1ccccc1{solv}{x=0.500500}>,CCCCOCCO,c1ccccc1,fb-fit-v1-single-mean-k100,2,0.8899251084881289,0.0002310542053855,0.8864700000000002,0.000795
11914,1519,dens_615182082919776992,364,Density,<Substance CCCCOCCO{solv}{x=0.753500}|c1ccccc1{solv}{x=0.246500}>,CCCCOCCO,c1ccccc1,fb-fit-v1-single-mean-k100,2,0.89295960592359,0.0001964278218874,0.8924600000000003,0.00077
11915,1520,dens_1014762781474427089,365,Density,<Substance CCCCOCCO{solv}{x=0.248800}|c1ccccc1{solv}{x=0.751200}>,CCCCOCCO,c1ccccc1,fb-fit-v1-single-mean-k100,2,0.8875094896288777,0.0002376808510834,0.8790000000000002,0.00083
11916,1521,dhmix_1209838039340638454,366,EnthalpyOfMixing,<Substance CCCCOCCO{solv}{x=0.729700}|c1ccccc1{solv}{x=0.270300}>,CCCCOCCO,c1ccccc1,fb-fit-v1-single-mean-k100,2,0.5299723412799722,0.051542485571952,0.3037,0.00335
11917,1522,dhmix_1416395432810708431,367,EnthalpyOfMixing,<Substance CCCCOCCO{solv}{x=0.266500}|c1ccccc1{solv}{x=0.733500}>,CCCCOCCO,c1ccccc1,fb-fit-v1-single-mean-k100,2,0.8288688538776938,0.04496993225724,0.6895,0.00745
11918,1523,dhmix_1775479338186698605,368,EnthalpyOfMixing,<Substance CCCCOCCO{solv}{x=0.503000}|c1ccccc1{solv}{x=0.497000}>,CCCCOCCO,c1ccccc1,fb-fit-v1-single-mean-k100,2,0.7505398695216456,0.044819904860927,0.5563,0.00605
11919,1524,dens_173950346939686352,369,Density,<Substance CCOC(=O)CC(=O)OCC{solv}{x=0.797800}|CO{solv}{x=0.202200}>,CCOC(=O)CC(=O)OCC,CO,fb-fit-v1-single-mean-k100,2,1.0544277671623556,0.0002095959129641,1.0336070000000002,0.0001155
11920,1525,dhmix_796570713446660029,370,EnthalpyOfMixing,<Substance CCOC(=O)CC(=O)OCC{solv}{x=0.745300}|CO{solv}{x=0.254700}>,CCOC(=O)CC(=O)OCC,CO,fb-fit-v1-single-mean-k100,2,1.0454214755130522,0.0520127320119811,1.184,0.013
11921,1526,dhmix_1053189657313504079,371,EnthalpyOfMixing,<Substance CCOC(=O)CC(=O)OCC{solv}{x=0.499300}|CO{solv}{x=0.500700}>,CCOC(=O)CC(=O)OCC,CO,fb-fit-v1-single-mean-k100,2,1.5647058616946763,0.041614964156899,1.426,0.0155
11922,1527,dens_1109796780897697143,372,Density,<Substance CCOC(=O)CC(=O)OCC{solv}{x=0.500400}|CO{solv}{x=0.499600}>,CCOC(=O)CC(=O)OCC,CO,fb-fit-v1-single-mean-k100,2,1.0118944119362918,0.0002021249365822,0.9962350000000002,9.150000000000002e-05
11923,1528,dens_1145191816882985532,373,Density,<Substance CCOC(=O)CC(=O)OCC{solv}{x=0.250100}|CO{solv}{x=0.749900}>,CCOC(=O)CC(=O)OCC,CO,fb-fit-v1-single-mean-k100,2,0.9413857735369549,0.0003038916714398,0.9355040000000002,0.0001385
11924,1529,dhmix_1394433819711651760,374,EnthalpyOfMixing,<Substance CCOC(=O)CC(=O)OCC{solv}{x=0.251500}|CO{solv}{x=0.748500}>,CCOC(=O)CC(=O)OCC,CO,fb-fit-v1-single-mean-k100,2,1.288984650291475,0.0336044476912543,1.083,0.0115
11925,1530,dhmix_176700813960387714,375,EnthalpyOfMixing,<Substance CC(=O)N(C)C{solv}{x=0.211000}|ClCCCCCl{solv}{x=0.789000}>,CC(=O)N(C)C,ClCCCCCl,fb-fit-v1-single-mean-k100,2,0.0418845288963893,0.0426753334473187,-0.188,0.0025
11926,1531,dhmix_422276068008732896,376,EnthalpyOfMixing,<Substance CC(=O)N(C)C{solv}{x=0.506000}|ClCCCCCl{solv}{x=0.494000}>,CC(=O)N(C)C,ClCCCCCl,fb-fit-v1-single-mean-k100,2,0.0290931146710384,0.0381487133930727,-0.314,0.0025
11927,1532,dhmix_591740475541975327,377,EnthalpyOfMixing,<Substance CC(=O)N(C)C{solv}{x=0.705000}|ClCCCCCl{solv}{x=0.295000}>,CC(=O)N(C)C,ClCCCCCl,fb-fit-v1-single-mean-k100,2,0.0514912651348336,0.0433777718015519,-0.281,0.0025
11928,1533,dens_600718364672681210,378,Density,<Substance CC(=O)N(C)C{solv}{x=0.200100}|ClCCCCCl{solv}{x=0.799900}>,CC(=O)N(C)C,ClCCCCCl,fb-fit-v1-single-mean-k100,2,1.089547510160802,0.0002846231190347,1.0978,0.0023
11929,1534,dens_833309518494254389,379,Density,<Substance CC(=O)N(C)C{solv}{x=0.698700}|ClCCCCCl{solv}{x=0.301300}>,CC(=O)N(C)C,ClCCCCCl,fb-fit-v1-single-mean-k100,2,0.982295205277087,0.000245011989398,1.0011000000000003,0.0023
11930,1535,dens_1473570029953486090,380,Density,<Substance CC(=O)N(C)C{solv}{x=0.500900}|ClCCCCCl{solv}{x=0.499100}>,CC(=O)N(C)C,ClCCCCCl,fb-fit-v1-single-mean-k100,2,1.0274720276465703,0.0002541119945898,1.0407000000000004,0.00225
11931,1536,dens_176740025668330569,381,Density,<Substance C1CCCCC1{solv}{x=0.499400}|C1COCCO1{solv}{x=0.500600}>,C1CCCCC1,C1COCCO1,fb-fit-v1-single-mean-k100,2,0.8759306431695182,0.0002575172491056,0.8769800000000002,8.500000000000002e-05
11932,1537,dens_476825312331327209,382,Density,<Substance C1CCCCC1{solv}{x=0.297200}|C1COCCO1{solv}{x=0.702800}>,C1CCCCC1,C1COCCO1,fb-fit-v1-single-mean-k100,2,0.9326370433024525,0.0002316578997876,0.9312200000000004,7.000000000000002e-05
11933,1538,dens_985438980823024302,383,Density,<Substance C1CCCCC1{solv}{x=0.699700}|C1COCCO1{solv}{x=0.300300}>,C1CCCCC1,C1COCCO1,fb-fit-v1-single-mean-k100,2,0.8279348379572241,0.0002285008578831,0.8305800000000002,0.0001
11934,1539,dhmix_1624213860575299641,384,EnthalpyOfMixing,<Substance C1CCCCC1{solv}{x=0.492800}|C1COCCO1{solv}{x=0.507200}>,C1CCCCC1,C1COCCO1,fb-fit-v1-single-mean-k100,2,1.9881315041177177,0.0405270417174443,1.588,0.008
11935,1540,dhmix_1900199136965747019,385,EnthalpyOfMixing,<Substance C1CCCCC1{solv}{x=0.239400}|C1COCCO1{solv}{x=0.760600}>,C1CCCCC1,C1COCCO1,fb-fit-v1-single-mean-k100,2,1.4179133227933818,0.0397131779899606,1.124,0.007
11936,1541,dhmix_2022274493214392184,386,EnthalpyOfMixing,<Substance C1CCCCC1{solv}{x=0.744200}|C1COCCO1{solv}{x=0.255800}>,C1CCCCC1,C1COCCO1,fb-fit-v1-single-mean-k100,2,1.700648645975292,0.0487053179768471,1.262,0.007
11937,1542,dhmix_182795551078530810,387,EnthalpyOfMixing,<Substance C1COCCO1{solv}{x=0.491200}|Cc1ccccc1Cl{solv}{x=0.508800}>,C1COCCO1,Cc1ccccc1Cl,fb-fit-v1-single-mean-k100,2,0.225749405592083,0.0375862769983346,0.356,0.002
11938,1543,dens_242592003865933955,388,Density,<Substance C1COCCO1{solv}{x=0.835700}|Cc1ccccc1Cl{solv}{x=0.164300}>,C1COCCO1,Cc1ccccc1Cl,fb-fit-v1-single-mean-k100,2,1.0325623719026389,0.0002881941057634,1.0256,0.0005
11939,1544,dens_810150133181620718,389,Density,<Substance C1COCCO1{solv}{x=0.513600}|Cc1ccccc1Cl{solv}{x=0.486400}>,C1COCCO1,Cc1ccccc1Cl,fb-fit-v1-single-mean-k100,2,1.065494081921641,0.0002400365172111,1.0536,0.0005
11940,1545,dhmix_1949119093643648586,390,EnthalpyOfMixing,<Substance C1COCCO1{solv}{x=0.246200}|Cc1ccccc1Cl{solv}{x=0.753800}>,C1COCCO1,Cc1ccccc1Cl,fb-fit-v1-single-mean-k100,2,0.1089250876947005,0.0406612574932538,0.206,0.001
11941,1546,dens_2161584607380261748,391,Density,<Substance C1COCCO1{solv}{x=0.226300}|Cc1ccccc1Cl{solv}{x=0.773700}>,C1COCCO1,Cc1ccccc1Cl,fb-fit-v1-single-mean-k100,2,1.0819580750325586,0.0001704811652143,1.0674000000000003,0.0005
11942,1547,dhmix_2190589845176325501,392,EnthalpyOfMixing,<Substance C1COCCO1{solv}{x=0.835700}|Cc1ccccc1Cl{solv}{x=0.164300}>,C1COCCO1,Cc1ccccc1Cl,fb-fit-v1-single-mean-k100,2,0.1665290176051002,0.0439228352919514,0.244,0.0015
11943,1548,dens_194492664772262961,393,Density,<Substance CCCOC=O{solv}{x=0.479500}|ClCCCl{solv}{x=0.520500}>,CCCOC=O,ClCCCl,fb-fit-v1-single-mean-k100,2,1.0705196247299775,0.0003431928655227,1.0603100000000003,0.00196
11944,1549,dhmix_438833720470542962,394,EnthalpyOfMixing,<Substance CCCOC=O{solv}{x=0.738500}|ClCCCl{solv}{x=0.261500}>,CCCOC=O,ClCCCl,fb-fit-v1-single-mean-k100,2,0.0778136680716237,0.0358775627365154,-0.205,0.0025
11945,1550,dens_598528978367940263,395,Density,<Substance CCCOC=O{solv}{x=0.254300}|ClCCCl{solv}{x=0.745700}>,CCCOC=O,ClCCCl,fb-fit-v1-single-mean-k100,2,1.1412914560596172,0.0002778013350684,1.1418800000000005,0.002835
11946,1551,dens_822197650497048256,396,Density,<Substance CCCOC=O{solv}{x=0.728100}|ClCCCl{solv}{x=0.271900}>,CCCOC=O,ClCCCl,fb-fit-v1-single-mean-k100,2,0.9967795798802332,0.0003182431799955,0.9794600000000002,0.001275
11947,1552,dhmix_1971772628311560569,397,EnthalpyOfMixing,<Substance CCCOC=O{solv}{x=0.503500}|ClCCCl{solv}{x=0.496500}>,CCCOC=O,ClCCCl,fb-fit-v1-single-mean-k100,2,-0.0034518081610706,0.0352596958637455,-0.254,0.003
11948,1553,dhmix_2087301877194561078,398,EnthalpyOfMixing,<Substance CCCOC=O{solv}{x=0.273300}|ClCCCl{solv}{x=0.726700}>,CCCOC=O,ClCCCl,fb-fit-v1-single-mean-k100,2,0.0422315223588505,0.0327728996454813,-0.154,0.002
11949,1554,dens_196547737404430199,399,Density,<Substance CCC(C)(C)O{solv}{x=0.258400}|CCO{solv}{x=0.741600}>,CCC(C)(C)O,CCO,fb-fit-v1-single-mean-k100,2,0.8072754868829383,0.0003161354283594,0.7933000000000001,0.0005
11950,1555,dens_476512869308734578,400,Density,<Substance CCC(C)(C)O{solv}{x=0.549500}|CCO{solv}{x=0.450500}>,CCC(C)(C)O,CCO,fb-fit-v1-single-mean-k100,2,0.8187559831651973,0.0003014531549905,0.8018000000000002,0.0005
11951,1556,dens_822446541953482206,401,Density,<Substance CCC(C)(C)O{solv}{x=0.676500}|CCO{solv}{x=0.323500}>,CCC(C)(C)O,CCO,fb-fit-v1-single-mean-k100,2,0.8230264366095177,0.0003270595305824,0.8048000000000002,0.0005
11952,1557,dhmix_935690434592096067,402,EnthalpyOfMixing,<Substance CCC(C)(C)O{solv}{x=0.460700}|CCO{solv}{x=0.539300}>,CCC(C)(C)O,CCO,fb-fit-v1-single-mean-k100,2,-0.980290609747044,0.029720971431454,-0.95,0.00405
11953,1558,dhmix_1167190373485301023,403,EnthalpyOfMixing,<Substance CCC(C)(C)O{solv}{x=0.730600}|CCO{solv}{x=0.269400}>,CCC(C)(C)O,CCO,fb-fit-v1-single-mean-k100,2,-1.0010325934794242,0.0595006508241694,-0.7709,0.00335
11954,1559,dhmix_1275914601266938667,404,EnthalpyOfMixing,<Substance CCC(C)(C)O{solv}{x=0.280700}|CCO{solv}{x=0.719300}>,CCC(C)(C)O,CCO,fb-fit-v1-single-mean-k100,2,-0.7215850581725434,0.033572621745986,-0.7056,0.0031
11955,1560,dens_196896428021674416,405,Density,<Substance OCCCCO{solv}{x=0.250400}|O{solv}{x=0.749600}>,O,OCCCCO,fb-fit-v1-single-mean-k100,2,1.0114672853057798,0.0003683032748424,1.0206500000000005,0.000165
11956,1561,dhmix_204758826312645465,406,EnthalpyOfMixing,<Substance OCCCCO{solv}{x=0.498600}|O{solv}{x=0.501400}>,O,OCCCCO,fb-fit-v1-single-mean-k100,2,0.1402272983997257,0.0327726331470383,-0.882,0.011
11957,1562,dens_523660418548538159,407,Density,<Substance OCCCCO{solv}{x=0.502000}|O{solv}{x=0.498000}>,O,OCCCCO,fb-fit-v1-single-mean-k100,2,1.019878066126783,0.0002960345636782,1.0207100000000002,0.000175
11958,1563,dhmix_1424462945700338266,408,EnthalpyOfMixing,<Substance OCCCCO{solv}{x=0.794700}|O{solv}{x=0.205300}>,O,OCCCCO,fb-fit-v1-single-mean-k100,2,0.2770910615265949,0.0439511228204765,-0.513,0.007
11959,1564,dhmix_2166372532060643622,409,EnthalpyOfMixing,<Substance OCCCCO{solv}{x=0.265800}|O{solv}{x=0.734200}>,O,OCCCCO,fb-fit-v1-single-mean-k100,2,0.3489031670439075,0.0274858360768351,-0.896,0.0115
11960,1565,dens_2215793475715067258,410,Density,<Substance OCCCCO{solv}{x=0.752800}|O{solv}{x=0.247200}>,O,OCCCCO,fb-fit-v1-single-mean-k100,2,1.0244656022029424,0.0004963664615321,1.0165900000000003,0.00018
11961,1566,dhmix_199788824133179829,411,EnthalpyOfMixing,<Substance CNc1ccccc1{solv}{x=0.497300}|Cc1ccccc1{solv}{x=0.502700}>,CNc1ccccc1,Cc1ccccc1,fb-fit-v1-single-mean-k100,2,0.8289378276822887,0.0391878697863028,0.497,0.0055
11962,1567,dens_515118724178190757,412,Density,<Substance CNc1ccccc1{solv}{x=0.740700}|Cc1ccccc1{solv}{x=0.259300}>,CNc1ccccc1,Cc1ccccc1,fb-fit-v1-single-mean-k100,2,0.9660643361279364,0.0001399766625529,0.9531280000000004,0.0002595
11963,1568,dens_730775902780400634,413,Density,<Substance CNc1ccccc1{solv}{x=0.245200}|Cc1ccccc1{solv}{x=0.754800}>,CNc1ccccc1,Cc1ccccc1,fb-fit-v1-single-mean-k100,2,0.9023921210537992,0.0001628464300239,0.8935250000000002,0.000118
11964,1569,dhmix_1213795502778853356,414,EnthalpyOfMixing,<Substance CNc1ccccc1{solv}{x=0.295200}|Cc1ccccc1{solv}{x=0.704800}>,CNc1ccccc1,Cc1ccccc1,fb-fit-v1-single-mean-k100,2,0.8551136383966877,0.03547095579528,0.459,0.005
11965,1570,dhmix_1321810550349826496,415,EnthalpyOfMixing,<Substance CNc1ccccc1{solv}{x=0.789200}|Cc1ccccc1{solv}{x=0.210800}>,CNc1ccccc1,Cc1ccccc1,fb-fit-v1-single-mean-k100,2,0.5231224606236609,0.0484640934049867,0.287,0.003
11966,1571,dens_2156484405108449314,416,Density,<Substance CNc1ccccc1{solv}{x=0.490000}|Cc1ccccc1{solv}{x=0.510000}>,CNc1ccccc1,Cc1ccccc1,fb-fit-v1-single-mean-k100,2,0.934230713754106,0.0001776518640323,0.9235800000000004,0.000164
11967,1572,dens_199829369486957606,417,Density,<Substance CC#N{solv}{x=0.200300}|c1ccccc1{solv}{x=0.799700}>,CC#N,c1ccccc1,fb-fit-v1-single-mean-k100,2,0.8733118257609231,0.0002344729114175,0.8623400000000002,7.000000000000002e-05
11968,1573,dhmix_217315956534335620,418,EnthalpyOfMixing,<Substance CC#N{solv}{x=0.771500}|c1ccccc1{solv}{x=0.228500}>,CC#N,c1ccccc1,fb-fit-v1-single-mean-k100,2,0.0168908359331236,0.0284417193881051,0.3988,0.00815
11969,1574,dhmix_730497723685339496,419,EnthalpyOfMixing,<Substance CC#N{solv}{x=0.219600}|c1ccccc1{solv}{x=0.780400}>,CC#N,c1ccccc1,fb-fit-v1-single-mean-k100,2,0.0356778808162445,0.0368367296489027,0.2399,0.00495
11970,1575,dhmix_1038591828122641798,420,EnthalpyOfMixing,<Substance CC#N{solv}{x=0.529500}|c1ccccc1{solv}{x=0.470500}>,CC#N,c1ccccc1,fb-fit-v1-single-mean-k100,2,0.0542923149902065,0.0256192140794506,0.4415,0.00905
11971,1576,dens_1457706963514561052,421,Density,<Substance CC#N{solv}{x=0.500100}|c1ccccc1{solv}{x=0.499900}>,CC#N,c1ccccc1,fb-fit-v1-single-mean-k100,2,0.843267359477258,0.0002652424787179,0.8384600000000002,7.500000000000002e-05
11972,1577,dens_2111393000623474162,422,Density,<Substance CC#N{solv}{x=0.700200}|c1ccccc1{solv}{x=0.299800}>,CC#N,c1ccccc1,fb-fit-v1-single-mean-k100,2,0.8177854253497412,0.0002781714055465,0.8174500000000002,7.500000000000002e-05
11973,1578,dens_201591193434833206,423,Density,<Substance CC(C)CC(C)(C)C{solv}{x=0.082400}|CCO{solv}{x=0.917600}>,CC(C)CC(C)(C)C,CCO,fb-fit-v1-single-mean-k100,2,0.7676264432649125,0.0002694986649144,0.7605800000000003,0.000125
11974,1579,dhmix_371477530823830451,424,EnthalpyOfMixing,<Substance CC(C)CC(C)(C)C{solv}{x=0.761700}|CCO{solv}{x=0.238300}>,CC(C)CC(C)(C)C,CCO,fb-fit-v1-single-mean-k100,2,0.6146846795855794,0.0407645239111692,0.634022,0.006851
11975,1580,dhmix_1127868571780691876,425,EnthalpyOfMixing,<Substance CC(C)CC(C)(C)C{solv}{x=0.515800}|CCO{solv}{x=0.484200}>,CC(C)CC(C)(C)C,CCO,fb-fit-v1-single-mean-k100,2,0.7887675580876703,0.0410679157329053,0.638973,0.006903
11976,1581,dens_1250915879314267304,426,Density,<Substance CC(C)CC(C)(C)C{solv}{x=0.493740}|CCO{solv}{x=0.506260}>,CC(C)CC(C)(C)C,CCO,fb-fit-v1-single-mean-k100,2,0.7314020398511077,0.0002619036659992,0.7110500000000001,7.500000000000002e-05
11977,1582,dens_1473791133383705310,427,Density,<Substance CC(C)CC(C)(C)C{solv}{x=0.735960}|CCO{solv}{x=0.264040}>,CC(C)CC(C)(C)C,CCO,fb-fit-v1-single-mean-k100,2,0.72046673529537,0.0002153835859931,0.6967900000000001,7.500000000000002e-05
11978,1583,dhmix_1870637719976274804,428,EnthalpyOfMixing,<Substance CC(C)CC(C)(C)C{solv}{x=0.081500}|CCO{solv}{x=0.918500}>,CC(C)CC(C)(C)C,CCO,fb-fit-v1-single-mean-k100,2,0.2733294996319029,0.0358754195560028,0.197762,0.0022405
11979,1584,dens_202472488934755108,429,Density,<Substance CCC#N{solv}{x=0.301800}|CCOC(C)(C)C{solv}{x=0.698200}>,CCC#N,CCOC(C)(C)C,fb-fit-v1-single-mean-k100,2,0.7552309347188432,0.0001683754072843,0.7455000000000002,0.0002
11980,1585,dens_266175665931869051,430,Density,<Substance CCC#N{solv}{x=0.701400}|CCOC(C)(C)C{solv}{x=0.298600}>,CCC#N,CCOC(C)(C)C,fb-fit-v1-single-mean-k100,2,0.7663748452516301,0.0002590900897911,0.7617000000000003,0.00035
11981,1586,dhmix_801664072836508009,431,EnthalpyOfMixing,<Substance CCC#N{solv}{x=0.301800}|CCOC(C)(C)C{solv}{x=0.698200}>,CCC#N,CCOC(C)(C)C,fb-fit-v1-single-mean-k100,2,0.1682974053583308,0.0341202566141765,0.4557,0.0062
11982,1587,dhmix_1220778152018571786,432,EnthalpyOfMixing,<Substance CCC#N{solv}{x=0.501400}|CCOC(C)(C)C{solv}{x=0.498600}>,CCC#N,CCOC(C)(C)C,fb-fit-v1-single-mean-k100,2,0.1212819317642903,0.0380065814509136,0.5053,0.00685
11983,1588,dhmix_1838699488178562925,433,EnthalpyOfMixing,<Substance CCC#N{solv}{x=0.701400}|CCOC(C)(C)C{solv}{x=0.298600}>,CCC#N,CCOC(C)(C)C,fb-fit-v1-single-mean-k100,2,0.1061723479187524,0.0339451175671213,0.4078,0.0056
11984,1589,dens_1870081876609026392,434,Density,<Substance CCC#N{solv}{x=0.501400}|CCOC(C)(C)C{solv}{x=0.498600}>,CCC#N,CCOC(C)(C)C,fb-fit-v1-single-mean-k100,2,0.7609956123027968,0.0002327179733782,0.7532000000000002,0.0003
11985,1590,dens_205210513551931414,435,Density,<Substance CCCC#N{solv}{x=0.200000}|c1ccccc1{solv}{x=0.800000}>,CCCC#N,c1ccccc1,fb-fit-v1-single-mean-k100,2,0.8672225778332254,0.0002448607626573,0.8576940000000002,5.400000000000001e-05
11986,1591,dens_841576887891022329,436,Density,<Substance CCCC#N{solv}{x=0.500000}|c1ccccc1{solv}{x=0.500000}>,CCCC#N,c1ccccc1,fb-fit-v1-single-mean-k100,2,0.8351302941112164,0.0002238722361755,0.8318550000000002,5.8000000000000014e-05
11987,1592,dhmix_901910638840590393,437,EnthalpyOfMixing,<Substance CCCC#N{solv}{x=0.503700}|c1ccccc1{solv}{x=0.496300}>,CCCC#N,c1ccccc1,fb-fit-v1-single-mean-k100,2,-0.0131960234021661,0.0383180040403002,-0.0659,0.00145
11988,1593,dhmix_1123099162248680479,438,EnthalpyOfMixing,<Substance CCCC#N{solv}{x=0.752800}|c1ccccc1{solv}{x=0.247200}>,CCCC#N,c1ccccc1,fb-fit-v1-single-mean-k100,2,0.0024815087218144,0.0379636618632692,-0.0312,0.0008
11989,1594,dhmix_1318990508180847616,439,EnthalpyOfMixing,<Substance CCCC#N{solv}{x=0.252800}|c1ccccc1{solv}{x=0.747200}>,CCCC#N,c1ccccc1,fb-fit-v1-single-mean-k100,2,-0.023112646622728,0.0383414906042405,-0.0571,0.00125
11990,1595,dens_1950627772023797339,440,Density,<Substance CCCC#N{solv}{x=0.700000}|c1ccccc1{solv}{x=0.300000}>,CCCC#N,c1ccccc1,fb-fit-v1-single-mean-k100,2,0.8151043328924379,0.0002445257813034,0.8138540000000002,6.100000000000001e-05
11991,1596,dhmix_207411229673186667,441,EnthalpyOfMixing,<Substance CC(C)(C)Cl{solv}{x=0.774700}|CC(C)OC(C)C{solv}{x=0.225300}>,CC(C)(C)Cl,CC(C)OC(C)C,fb-fit-v1-single-mean-k100,2,-0.0790254223053104,0.0403952386576942,0.0035,0.0004
11992,1597,dhmix_263164663491745943,442,EnthalpyOfMixing,<Substance CC(C)(C)Cl{solv}{x=0.551200}|CC(C)OC(C)C{solv}{x=0.448800}>,CC(C)(C)Cl,CC(C)OC(C)C,fb-fit-v1-single-mean-k100,2,-0.0808313388563046,0.0391738167403481,0.0071,0.0004
11993,1598,dens_1527979990628499053,443,Density,<Substance CC(C)(C)Cl{solv}{x=0.514800}|CC(C)OC(C)C{solv}{x=0.485200}>,CC(C)(C)Cl,CC(C)OC(C)C,fb-fit-v1-single-mean-k100,2,0.7901837237457441,0.0002792544732274,0.7723510000000002,0.00042
11994,1599,dens_1616242241384486673,444,Density,<Substance CC(C)(C)Cl{solv}{x=0.715200}|CC(C)OC(C)C{solv}{x=0.284800}>,CC(C)(C)Cl,CC(C)OC(C)C,fb-fit-v1-single-mean-k100,2,0.8181385508192227,0.000293401907891,0.7971450000000002,0.0003945
11995,1600,dens_2075469437997722238,445,Density,<Substance CC(C)(C)Cl{solv}{x=0.199100}|CC(C)OC(C)C{solv}{x=0.800900}>,CC(C)(C)Cl,CC(C)OC(C)C,fb-fit-v1-single-mean-k100,2,0.7532917252335047,0.0002471768368095,0.7376660000000003,0.0004545
11996,1601,dhmix_2101531043492089277,446,EnthalpyOfMixing,<Substance CC(C)(C)Cl{solv}{x=0.219200}|CC(C)OC(C)C{solv}{x=0.780800}>,CC(C)(C)Cl,CC(C)OC(C)C,fb-fit-v1-single-mean-k100,2,-0.0283731392890338,0.0470760355724744,0.007,0.0004
11997,1602,dens_210389881425986721,447,Density,<Substance C1COCO1{solv}{x=0.785000}|CCCCCC(C)=O{solv}{x=0.215000}>,C1COCO1,CCCCCC(C)=O,fb-fit-v1-single-mean-k100,2,0.9816752625435188,0.0002786272073052,0.9696500000000002,0.0003
11998,1603,dhmix_503329310014436107,448,EnthalpyOfMixing,<Substance C1COCO1{solv}{x=0.750000}|CCCCCC(C)=O{solv}{x=0.250000}>,C1COCO1,CCCCCC(C)=O,fb-fit-v1-single-mean-k100,2,0.4414158523516249,0.0421942069801745,0.37402,0.001955
11999,1604,dens_824084186033535550,449,Density,<Substance C1COCO1{solv}{x=0.507100}|CCCCCC(C)=O{solv}{x=0.492900}>,C1COCO1,CCCCCC(C)=O,fb-fit-v1-single-mean-k100,2,0.9002930981846008,0.0002418998816478,0.8936300000000003,0.00034
12000,1605,dens_839548343309182157,450,Density,<Substance C1COCO1{solv}{x=0.244000}|CCCCCC(C)=O{solv}{x=0.756000}>,C1COCO1,CCCCCC(C)=O,fb-fit-v1-single-mean-k100,2,0.8481324732802114,0.0001984423878845,0.8445200000000002,0.00038
12001,1606,dhmix_1519451899562488304,451,EnthalpyOfMixing,<Substance C1COCO1{solv}{x=0.250000}|CCCCCC(C)=O{solv}{x=0.750000}>,C1COCO1,CCCCCC(C)=O,fb-fit-v1-single-mean-k100,2,0.3246195203359363,0.0496887240091686,0.2754,0.00155
12002,1607,dhmix_1874814461447958752,452,EnthalpyOfMixing,<Substance C1COCO1{solv}{x=0.500000}|CCCCCC(C)=O{solv}{x=0.500000}>,C1COCO1,CCCCCC(C)=O,fb-fit-v1-single-mean-k100,2,0.6055835770295133,0.0428412902838706,0.43148,0.00217
12003,1608,dhmix_219236717194413479,453,EnthalpyOfMixing,<Substance CCOc1ccccc1{solv}{x=0.762500}|OCCCc1ccccc1{solv}{x=0.237500}>,CCOc1ccccc1,OCCCc1ccccc1,fb-fit-v1-single-mean-k100,2,0.940067016523244,0.051778392492605,1.1164,0.01195
12004,1609,dens_391027492102555874,454,Density,<Substance CCOc1ccccc1{solv}{x=0.515000}|OCCCc1ccccc1{solv}{x=0.485000}>,CCOc1ccccc1,OCCCc1ccccc1,fb-fit-v1-single-mean-k100,2,0.9756649563211802,0.0001708123269571,0.9715100000000002,0.00026
12005,1610,dens_603450583692592837,455,Density,<Substance CCOc1ccccc1{solv}{x=0.707400}|OCCCc1ccccc1{solv}{x=0.292600}>,CCOc1ccccc1,OCCCc1ccccc1,fb-fit-v1-single-mean-k100,2,0.9686571848733132,0.0002265056493911,0.9634300000000002,0.00026
12006,1611,dhmix_1297428070131435744,456,EnthalpyOfMixing,<Substance CCOc1ccccc1{solv}{x=0.516900}|OCCCc1ccccc1{solv}{x=0.483100}>,CCOc1ccccc1,OCCCc1ccccc1,fb-fit-v1-single-mean-k100,2,0.8559706016684174,0.0471326789581018,0.989,0.0106
12007,1612,dens_1659818614169719187,457,Density,<Substance CCOc1ccccc1{solv}{x=0.216400}|OCCCc1ccccc1{solv}{x=0.783600}>,CCOc1ccccc1,OCCCc1ccccc1,fb-fit-v1-single-mean-k100,2,0.9881530169462652,0.0002867356508463,0.9832000000000004,0.00026
12008,1613,dhmix_2058966624473104004,458,EnthalpyOfMixing,<Substance CCOc1ccccc1{solv}{x=0.262900}|OCCCc1ccccc1{solv}{x=0.737100}>,CCOc1ccccc1,OCCCc1ccccc1,fb-fit-v1-single-mean-k100,2,0.2955531535193785,0.052942577941667,0.7,0.00755
12009,1614,dhmix_224977805525763267,459,EnthalpyOfMixing,<Substance OCCO{solv}{x=0.519300}|O{solv}{x=0.480700}>,O,OCCO,fb-fit-v1-single-mean-k100,2,-0.1585992580121091,0.0270322312355452,-0.64,0.0035
12010,1615,dhmix_454389511592218960,460,EnthalpyOfMixing,<Substance OCCO{solv}{x=0.790900}|O{solv}{x=0.209100}>,O,OCCO,fb-fit-v1-single-mean-k100,2,-0.0377291022523209,0.0407488289231315,-0.347,0.0025
12011,1616,dens_624011570206871166,461,Density,<Substance OCCO{solv}{x=0.500560}|O{solv}{x=0.499440}>,O,OCCO,fb-fit-v1-single-mean-k100,2,1.0954997980966965,0.0002796709749906,1.0923200000000002,0.0005
12012,1617,dhmix_997365299263661959,462,EnthalpyOfMixing,<Substance OCCO{solv}{x=0.205100}|O{solv}{x=0.794900}>,O,OCCO,fb-fit-v1-single-mean-k100,2,0.0065013321274562,0.0224638810330476,-0.681,0.004
12013,1618,dens_1521229282261002740,463,Density,<Substance OCCO{solv}{x=0.299010}|O{solv}{x=0.700990}>,O,OCCO,fb-fit-v1-single-mean-k100,2,1.0696401881787878,0.0004121929744807,1.0735400000000002,0.0005
12014,1619,dens_2015496231826454735,464,Density,<Substance OCCO{solv}{x=0.706260}|O{solv}{x=0.293740}>,O,OCCO,fb-fit-v1-single-mean-k100,2,1.113343353902559,0.0002998335771088,1.1022400000000003,0.0005
12015,1620,dhmix_230261418136264651,465,EnthalpyOfMixing,<Substance CCCCOC(C)=O{solv}{x=0.700700}|CCOC(C)=O{solv}{x=0.299300}>,CCCCOC(C)=O,CCOC(C)=O,fb-fit-v1-single-mean-k100,2,0.0314846548329441,0.0477921880848378,0.0594,0.001
12016,1621,dhmix_287092636460772443,466,EnthalpyOfMixing,<Substance CCCCOC(C)=O{solv}{x=0.501800}|CCOC(C)=O{solv}{x=0.498200}>,CCCCOC(C)=O,CCOC(C)=O,fb-fit-v1-single-mean-k100,2,0.0977064848213515,0.0412522528528432,0.076,0.0012
12017,1622,dens_436289636626232396,467,Density,<Substance CCCCOC(C)=O{solv}{x=0.501800}|CCOC(C)=O{solv}{x=0.498200}>,CCCCOC(C)=O,CCOC(C)=O,fb-fit-v1-single-mean-k100,2,0.898207686499353,0.0002013214957963,0.8829000000000002,0.0002
12018,1623,dens_1739528506032569134,468,Density,<Substance CCCCOC(C)=O{solv}{x=0.201200}|CCOC(C)=O{solv}{x=0.798800}>,CCCCOC(C)=O,CCOC(C)=O,fb-fit-v1-single-mean-k100,2,0.9065832330739624,0.0002335019782549,0.8889000000000001,0.0002
12019,1624,dhmix_1951544232160779982,469,EnthalpyOfMixing,<Substance CCCCOC(C)=O{solv}{x=0.201200}|CCOC(C)=O{solv}{x=0.798800}>,CCCCOC(C)=O,CCOC(C)=O,fb-fit-v1-single-mean-k100,2,0.1166293457242844,0.0461469993417906,0.0524,0.0009
12020,1625,dens_2199004103648094822,470,Density,<Substance CCCCOC(C)=O{solv}{x=0.700700}|CCOC(C)=O{solv}{x=0.299300}>,CCCCOC(C)=O,CCOC(C)=O,fb-fit-v1-single-mean-k100,2,0.8936477217389325,0.0001748393787691,0.8797000000000003,0.0002
12021,1626,dens_230610561971140401,471,Density,<Substance CN(C)CCO{solv}{x=0.507700}|O{solv}{x=0.492300}>,CN(C)CCO,O,fb-fit-v1-single-mean-k100,2,0.9391317834203644,0.000321973566604,0.9237220000000002,0.000504
12022,1627,dens_531222131704065782,472,Density,<Substance CN(C)CCO{solv}{x=0.765200}|O{solv}{x=0.234800}>,CN(C)CCO,O,fb-fit-v1-single-mean-k100,2,0.923841546505864,0.0003480218514905,0.8989030000000002,0.0005805
12023,1628,dhmix_569544738684419327,473,EnthalpyOfMixing,<Substance CN(C)CCO{solv}{x=0.536500}|O{solv}{x=0.463500}>,CN(C)CCO,O,fb-fit-v1-single-mean-k100,2,-2.5860517819803235,0.0325056676492446,-2.575,0.0525
12024,1629,dens_1319192913326669904,474,Density,<Substance CN(C)CCO{solv}{x=0.264330}|O{solv}{x=0.735670}>,CN(C)CCO,O,fb-fit-v1-single-mean-k100,2,0.953356770157348,0.0003493745257221,0.9590000000000002,0.0029
12025,1630,dhmix_1669606825693628140,475,EnthalpyOfMixing,<Substance CN(C)CCO{solv}{x=0.205200}|O{solv}{x=0.794800}>,CN(C)CCO,O,fb-fit-v1-single-mean-k100,2,-1.7026757590019623,0.0269821196907224,-2.587,0.0525
12026,1631,dhmix_1723343163215510297,476,EnthalpyOfMixing,<Substance CN(C)CCO{solv}{x=0.799600}|O{solv}{x=0.200400}>,CN(C)CCO,O,fb-fit-v1-single-mean-k100,2,-1.332177608112957,0.0399753256637402,-1.247,0.0255
12027,1632,dens_233554406241639981,477,Density,<Substance CC(C)CC(C)(C)C{solv}{x=0.200000}|CCCCOCCCC{solv}{x=0.800000}>,CC(C)CC(C)(C)C,CCCCOCCCC,fb-fit-v1-single-mean-k100,2,0.7534715300961625,0.0001767841578483,0.7497500000000001,0.00017
12028,1633,dhmix_465541682585001245,478,EnthalpyOfMixing,<Substance CC(C)CC(C)(C)C{solv}{x=0.200400}|CCCCOCCCC{solv}{x=0.799600}>,CC(C)CC(C)(C)C,CCCCOCCCC,fb-fit-v1-single-mean-k100,2,0.1763240659943648,0.0549368581083736,0.07397,0.00099
12029,1634,dhmix_1505777056782392294,479,EnthalpyOfMixing,<Substance CC(C)CC(C)(C)C{solv}{x=0.400400}|CCCCOCCCC{solv}{x=0.599600}>,CC(C)CC(C)(C)C,CCCCOCCCC,fb-fit-v1-single-mean-k100,2,0.3580255195042383,0.0529269543025667,0.11538,0.001385
12030,1635,dhmix_1595104467389948583,480,EnthalpyOfMixing,<Substance CC(C)CC(C)(C)C{solv}{x=0.700500}|CCCCOCCCC{solv}{x=0.299500}>,CC(C)CC(C)(C)C,CCCCOCCCC,fb-fit-v1-single-mean-k100,2,0.3232960831560376,0.038056400895957,0.10948,0.00133
12031,1636,dens_1672861274914038509,481,Density,<Substance CC(C)CC(C)(C)C{solv}{x=0.399700}|CCCCOCCCC{solv}{x=0.600300}>,CC(C)CC(C)(C)C,CCCCOCCCC,fb-fit-v1-single-mean-k100,2,0.743376197818918,0.0002002716813466,0.7348100000000001,0.000175
12032,1637,dens_1954694146948787176,482,Density,<Substance CC(C)CC(C)(C)C{solv}{x=0.700000}|CCCCOCCCC{solv}{x=0.300000}>,CC(C)CC(C)(C)C,CCCCOCCCC,fb-fit-v1-single-mean-k100,2,0.7287294837800953,0.0001845427220749,0.7117300000000002,0.000185
12033,1638,dens_234746850701826990,483,Density,<Substance CC#N{solv}{x=0.700000}|CCCCCO{solv}{x=0.300000}>,CC#N,CCCCCO,fb-fit-v1-single-mean-k100,2,0.7928994415603237,0.0002823713528759,0.7924200000000001,0.000165
12034,1639,dens_1261543146081029601,484,Density,<Substance CC#N{solv}{x=0.500300}|CCCCCO{solv}{x=0.499700}>,CC#N,CCCCCO,fb-fit-v1-single-mean-k100,2,0.8020959536876524,0.0002314027609012,0.7996400000000001,0.000185
12035,1640,dens_1462197010819319813,485,Density,<Substance CC#N{solv}{x=0.203100}|CCCCCO{solv}{x=0.796900}>,CC#N,CCCCCO,fb-fit-v1-single-mean-k100,2,0.8120501064047455,0.0002345282783054,0.8090600000000001,0.00022
12036,1641,dhmix_1595997756227951615,486,EnthalpyOfMixing,<Substance CC#N{solv}{x=0.235500}|CCCCCO{solv}{x=0.764500}>,CC#N,CCCCCO,fb-fit-v1-single-mean-k100,2,1.5593407806472577,0.0371064095311912,1.451,0.006
12037,1642,dhmix_1745037615762894827,487,EnthalpyOfMixing,<Substance CC#N{solv}{x=0.516700}|CCCCCO{solv}{x=0.483300}>,CC#N,CCCCCO,fb-fit-v1-single-mean-k100,2,2.067577246597157,0.0356720466071896,2.017,0.008
12038,1643,dhmix_2294048253872291609,488,EnthalpyOfMixing,<Substance CC#N{solv}{x=0.771100}|CCCCCO{solv}{x=0.228900}>,CC#N,CCCCCO,fb-fit-v1-single-mean-k100,2,1.5907860341891986,0.0325996693985164,1.656,0.007
12039,1644,dens_237912652331354824,489,Density,<Substance C1COCCO1{solv}{x=0.512200}|CCCC(C)=O{solv}{x=0.487800}>,C1COCCO1,CCCC(C)=O,fb-fit-v1-single-mean-k100,2,0.9056893013756674,0.0002324937272121,0.90478,0.00023
12040,1645,dhmix_951401191616771155,490,EnthalpyOfMixing,<Substance C1COCCO1{solv}{x=0.750000}|CCCC(C)=O{solv}{x=0.250000}>,C1COCCO1,CCCC(C)=O,fb-fit-v1-single-mean-k100,2,0.1864027212844519,0.0430364883796838,0.23761,0.00135
12041,1646,dens_1815088975543208186,491,Density,<Substance C1COCCO1{solv}{x=0.225400}|CCCC(C)=O{solv}{x=0.774600}>,C1COCCO1,CCCC(C)=O,fb-fit-v1-single-mean-k100,2,0.8441633736559674,0.000216787827563,0.8442800000000001,0.00022
12042,1647,dens_2079717107234551519,492,Density,<Substance C1COCCO1{solv}{x=0.782300}|CCCC(C)=O{solv}{x=0.217700}>,C1COCCO1,CCCC(C)=O,fb-fit-v1-single-mean-k100,2,0.9711098079532376,0.0002082871605568,0.9692000000000004,0.000245
12043,1648,dhmix_2166059870593139530,493,EnthalpyOfMixing,<Substance C1COCCO1{solv}{x=0.500000}|CCCC(C)=O{solv}{x=0.500000}>,C1COCCO1,CCCC(C)=O,fb-fit-v1-single-mean-k100,2,0.2733879986421925,0.0420064349750392,0.26523,0.001455
12044,1649,dhmix_2196150660196365471,494,EnthalpyOfMixing,<Substance C1COCCO1{solv}{x=0.250000}|CCCC(C)=O{solv}{x=0.750000}>,C1COCCO1,CCCC(C)=O,fb-fit-v1-single-mean-k100,2,0.2063730074923455,0.0377526920346137,0.1704,0.001085
12045,1650,dhmix_243334109655928306,495,EnthalpyOfMixing,<Substance C1CCOCC1{solv}{x=0.783200}|c1ccccc1{solv}{x=0.216800}>,C1CCOCC1,c1ccccc1,fb-fit-v1-single-mean-k100,2,-0.057267960327664,0.0442083685812597,-0.1399,0.00165
12046,1651,dens_257753427541292519,496,Density,<Substance C1CCOCC1{solv}{x=0.479400}|c1ccccc1{solv}{x=0.520600}>,C1CCOCC1,c1ccccc1,fb-fit-v1-single-mean-k100,2,0.8833957161648804,0.0002521345467891,0.8778700000000003,0.000505
12047,1652,dhmix_604341867718608333,497,EnthalpyOfMixing,<Substance C1CCOCC1{solv}{x=0.242500}|c1ccccc1{solv}{x=0.757500}>,C1CCOCC1,c1ccccc1,fb-fit-v1-single-mean-k100,2,-0.0640370851772189,0.0388309111805147,-0.1608,0.00185
12048,1653,dens_791001710124267373,498,Density,<Substance C1CCOCC1{solv}{x=0.223900}|c1ccccc1{solv}{x=0.776100}>,C1CCOCC1,c1ccccc1,fb-fit-v1-single-mean-k100,2,0.886624315789589,0.0002182573493566,0.8761000000000002,0.0005
12049,1654,dens_1402061243325720407,499,Density,<Substance C1CCOCC1{solv}{x=0.743200}|c1ccccc1{solv}{x=0.256800}>,C1CCOCC1,c1ccccc1,fb-fit-v1-single-mean-k100,2,0.8796275375322987,0.0001637222662573,0.8789500000000002,0.000505
12050,1655,dhmix_1407142629314355761,500,EnthalpyOfMixing,<Substance C1CCOCC1{solv}{x=0.498200}|c1ccccc1{solv}{x=0.501800}>,C1CCOCC1,c1ccccc1,fb-fit-v1-single-mean-k100,2,-0.046355741094203,0.037380122457901,-0.2365,0.00265
12051,1656,dhmix_266800455813556356,501,EnthalpyOfMixing,<Substance CO{solv}{x=0.727200}|OCc1ccccc1{solv}{x=0.272800}>,CO,OCc1ccccc1,fb-fit-v1-single-mean-k100,2,0.0206613720904158,0.0303036183343293,-0.0792,0.001
12052,1657,dhmix_949671607207910651,502,EnthalpyOfMixing,<Substance CO{solv}{x=0.500500}|OCc1ccccc1{solv}{x=0.499500}>,CO,OCc1ccccc1,fb-fit-v1-single-mean-k100,2,0.1212500065628532,0.0384274596296702,-0.1408,0.00165
12053,1658,dhmix_1388744759732522219,503,EnthalpyOfMixing,<Substance CO{solv}{x=0.200200}|OCc1ccccc1{solv}{x=0.799800}>,CO,OCc1ccccc1,fb-fit-v1-single-mean-k100,2,0.0629910925536307,0.0603861144562388,-0.1081,0.0013
12054,1659,dens_270046772857960816,504,Density,<Substance C1CCOCC1{solv}{x=0.732100}|Cc1ccccc1{solv}{x=0.267900}>,C1CCOCC1,Cc1ccccc1,fb-fit-v1-single-mean-k100,2,0.8754049085977911,0.0001762730496468,0.8754100000000001,0.000505
12055,1660,dens_324774743687652276,505,Density,<Substance C1CCOCC1{solv}{x=0.238700}|Cc1ccccc1{solv}{x=0.761300}>,C1CCOCC1,Cc1ccccc1,fb-fit-v1-single-mean-k100,2,0.8731593647036459,0.0002303256232013,0.8669900000000003,0.000505
12056,1661,dhmix_390107187187002597,506,EnthalpyOfMixing,<Substance C1CCOCC1{solv}{x=0.531900}|Cc1ccccc1{solv}{x=0.468100}>,C1CCOCC1,Cc1ccccc1,fb-fit-v1-single-mean-k100,2,-0.1816496470257647,0.0333505636640415,-0.2225,0.0025
12057,1662,dhmix_1070320975529400325,507,EnthalpyOfMixing,<Substance C1CCOCC1{solv}{x=0.280600}|Cc1ccccc1{solv}{x=0.719400}>,C1CCOCC1,Cc1ccccc1,fb-fit-v1-single-mean-k100,2,-0.1730015756955083,0.041084544158351,-0.1687,0.00195
12058,1663,dens_1397318239527979287,508,Density,<Substance C1CCOCC1{solv}{x=0.491500}|Cc1ccccc1{solv}{x=0.508500}>,C1CCOCC1,Cc1ccccc1,fb-fit-v1-single-mean-k100,2,0.8745447230720022,0.0002283195038158,0.8715100000000002,0.000505
12059,1664,dhmix_1508130989501940613,509,EnthalpyOfMixing,<Substance C1CCOCC1{solv}{x=0.741300}|Cc1ccccc1{solv}{x=0.258700}>,C1CCOCC1,Cc1ccccc1,fb-fit-v1-single-mean-k100,2,-0.1403673490918464,0.0399855416206201,-0.1629,0.0019
12060,1665,dhmix_271732469428717581,510,EnthalpyOfMixing,<Substance COc1ccccc1{solv}{x=0.237400}|OCCCc1ccccc1{solv}{x=0.762600}>,COc1ccccc1,OCCCc1ccccc1,fb-fit-v1-single-mean-k100,2,0.5009481632237538,0.0486907141406492,0.6076,0.0066
12061,1666,dhmix_1174392275991455181,511,EnthalpyOfMixing,<Substance COc1ccccc1{solv}{x=0.554700}|OCCCc1ccccc1{solv}{x=0.445300}>,COc1ccccc1,OCCCc1ccccc1,fb-fit-v1-single-mean-k100,2,1.075671829782053,0.0467274594481919,1.0293,0.01105
12062,1667,dhmix_1179341622676685107,512,EnthalpyOfMixing,<Substance COc1ccccc1{solv}{x=0.713600}|OCCCc1ccccc1{solv}{x=0.286400}>,COc1ccccc1,OCCCc1ccccc1,fb-fit-v1-single-mean-k100,2,0.8413060121994036,0.0498420763159658,1.1088,0.0119
12063,1668,dens_1468428612899754720,513,Density,<Substance COc1ccccc1{solv}{x=0.747700}|OCCCc1ccccc1{solv}{x=0.252300}>,COc1ccccc1,OCCCc1ccccc1,fb-fit-v1-single-mean-k100,2,0.984708977202116,0.0001832865216423,0.9827800000000002,0.00026
12064,1669,dens_1534619098234859574,514,Density,<Substance COc1ccccc1{solv}{x=0.555100}|OCCCc1ccccc1{solv}{x=0.444900}>,COc1ccccc1,OCCCc1ccccc1,fb-fit-v1-single-mean-k100,2,0.9877207629044742,0.0001783852794271,0.9852700000000002,0.00026
12065,1670,dens_2298154173340539222,515,Density,<Substance COc1ccccc1{solv}{x=0.263600}|OCCCc1ccccc1{solv}{x=0.736400}>,COc1ccccc1,OCCCc1ccccc1,fb-fit-v1-single-mean-k100,2,0.992408149759038,0.0001723558383218,0.9885500000000002,0.00026
12066,1671,dens_274848672468745759,516,Density,<Substance CCCCOC(C)=O{solv}{x=0.293400}|c1ccccc1{solv}{x=0.706600}>,CCCCOC(C)=O,c1ccccc1,fb-fit-v1-single-mean-k100,2,0.8868142466036998,0.0002136951385222,0.8736600000000002,0.00021
12067,1672,dens_493354132810710227,517,Density,<Substance CCCCOC(C)=O{solv}{x=0.710500}|c1ccccc1{solv}{x=0.289500}>,CCCCOC(C)=O,c1ccccc1,fb-fit-v1-single-mean-k100,2,0.8873156679294316,0.0002452672734764,0.8751500000000002,0.000335
12068,1673,dhmix_754807126845437364,518,EnthalpyOfMixing,<Substance CCCCOC(C)=O{solv}{x=0.495800}|c1ccccc1{solv}{x=0.504200}>,CCCCOC(C)=O,c1ccccc1,fb-fit-v1-single-mean-k100,2,0.0097171772380413,0.0412089288092747,-0.0245,0.001
12069,1674,dens_834118541551127044,519,Density,<Substance CCCCOC(C)=O{solv}{x=0.504400}|c1ccccc1{solv}{x=0.495600}>,CCCCOC(C)=O,c1ccccc1,fb-fit-v1-single-mean-k100,2,0.8871627835156116,0.0002065024036504,0.8744300000000002,0.000265
12070,1675,dhmix_1349932525480083284,520,EnthalpyOfMixing,<Substance CCCCOC(C)=O{solv}{x=0.252300}|c1ccccc1{solv}{x=0.747700}>,CCCCOC(C)=O,c1ccccc1,fb-fit-v1-single-mean-k100,2,0.0013088629240272,0.0440533605657671,-0.014,0.0009
12071,1676,dhmix_1597992980658352112,521,EnthalpyOfMixing,<Substance CCCCOC(C)=O{solv}{x=0.771400}|c1ccccc1{solv}{x=0.228600}>,CCCCOC(C)=O,c1ccccc1,fb-fit-v1-single-mean-k100,2,-0.0704454959626801,0.0467567703589477,-0.0245,0.001
12072,1677,dens_275501958869207518,522,Density,<Substance C1CCOCC1{solv}{x=0.226300}|Cc1ccccc1Cl{solv}{x=0.773700}>,C1CCOCC1,Cc1ccccc1Cl,fb-fit-v1-single-mean-k100,2,1.052126729149835,0.0002498922007756,1.0396,0.0005
12073,1678,dhmix_818597523255588519,523,EnthalpyOfMixing,<Substance C1CCOCC1{solv}{x=0.753300}|Cc1ccccc1Cl{solv}{x=0.246700}>,C1CCOCC1,Cc1ccccc1Cl,fb-fit-v1-single-mean-k100,2,-0.3352352601998092,0.0434962246169109,-0.154,0.001
12074,1679,dhmix_849121557716978550,524,EnthalpyOfMixing,<Substance C1CCOCC1{solv}{x=0.517500}|Cc1ccccc1Cl{solv}{x=0.482500}>,C1CCOCC1,Cc1ccccc1Cl,fb-fit-v1-single-mean-k100,2,-0.3794008604572667,0.0432246285148091,-0.22,0.0015
12075,1680,dens_946978292781731327,525,Density,<Substance C1CCOCC1{solv}{x=0.478400}|Cc1ccccc1Cl{solv}{x=0.521600}>,C1CCOCC1,Cc1ccccc1Cl,fb-fit-v1-single-mean-k100,2,1.0007362120723102,0.0002565630632766,0.9931600000000002,0.00051
12076,1681,dhmix_997266220336132741,526,EnthalpyOfMixing,<Substance C1CCOCC1{solv}{x=0.263200}|Cc1ccccc1Cl{solv}{x=0.736800}>,C1CCOCC1,Cc1ccccc1Cl,fb-fit-v1-single-mean-k100,2,-0.3248348869219342,0.0447427692806419,-0.175,0.001
12077,1682,dens_1191185394819541532,527,Density,<Substance C1CCOCC1{solv}{x=0.765800}|Cc1ccccc1Cl{solv}{x=0.234200}>,C1CCOCC1,Cc1ccccc1Cl,fb-fit-v1-single-mean-k100,2,0.9355464882129216,0.0001793179025535,0.9336500000000002,0.000505
12078,1683,dhmix_278334692660393021,528,EnthalpyOfMixing,<Substance CCCCCCC{solv}{x=0.205900}|CNc1ccccc1{solv}{x=0.794100}>,CCCCCCC,CNc1ccccc1,fb-fit-v1-single-mean-k100,2,1.636395665445022,0.0548256546640548,1.126,0.012
12079,1684,dens_480658478095207102,529,Density,<Substance CCCCCCC{solv}{x=0.740500}|CNc1ccccc1{solv}{x=0.259500}>,CCCCCCC,CNc1ccccc1,fb-fit-v1-single-mean-k100,2,0.742105825168211,0.0002019472029277,0.7424910000000001,0.00014
12080,1685,dhmix_898293423987680187,530,EnthalpyOfMixing,<Substance CCCCCCC{solv}{x=0.501700}|CNc1ccccc1{solv}{x=0.498300}>,CCCCCCC,CNc1ccccc1,fb-fit-v1-single-mean-k100,2,2.1847069730003312,0.0436433269200154,1.676,0.018
12081,1686,dens_1509968737377061562,531,Density,<Substance CCCCCCC{solv}{x=0.250900}|CNc1ccccc1{solv}{x=0.749100}>,CCCCCCC,CNc1ccccc1,fb-fit-v1-single-mean-k100,2,0.8985929320217704,0.0002252287856297,0.8897150000000003,0.0002615
12082,1687,dhmix_1680546488782143957,532,EnthalpyOfMixing,<Substance CCCCCCC{solv}{x=0.703200}|CNc1ccccc1{solv}{x=0.296800}>,CCCCCCC,CNc1ccccc1,fb-fit-v1-single-mean-k100,2,1.970077690906578,0.0422685557861097,1.539,0.0165
12083,1688,dens_2074014246120135820,533,Density,<Substance CCCCCCC{solv}{x=0.497000}|CNc1ccccc1{solv}{x=0.503000}>,CCCCCCC,CNc1ccccc1,fb-fit-v1-single-mean-k100,2,0.8146531397469224,0.0001882088036895,0.8106920000000002,0.0001785
12084,1689,dens_296890921001565391,534,Density,<Substance CCCCN{solv}{x=0.755200}|CN(C)C=O{solv}{x=0.244800}>,CCCCN,CN(C)C=O,fb-fit-v1-single-mean-k100,2,0.7886790617964026,0.0001731330117451,0.7762150000000002,0.000949
12085,1690,dens_380536870617309130,535,Density,<Substance CCCCN{solv}{x=0.242800}|CN(C)C=O{solv}{x=0.757200}>,CCCCN,CN(C)C=O,fb-fit-v1-single-mean-k100,2,0.8782625325067224,0.0002530437398544,0.8845160000000002,0.0010795
12086,1691,dhmix_493117160214491795,536,EnthalpyOfMixing,<Substance CCCCN{solv}{x=0.244100}|CN(C)C=O{solv}{x=0.755900}>,CCCCN,CN(C)C=O,fb-fit-v1-single-mean-k100,2,0.2142715530894321,0.0360834083985434,0.245,0.008
12087,1692,dhmix_789225002934078019,537,EnthalpyOfMixing,<Substance CCCCN{solv}{x=0.750200}|CN(C)C=O{solv}{x=0.249800}>,CCCCN,CN(C)C=O,fb-fit-v1-single-mean-k100,2,0.3494006906781663,0.0456139940418274,0.32,0.01
12088,1693,dhmix_941321571782058819,538,EnthalpyOfMixing,<Substance CCCCN{solv}{x=0.499200}|CN(C)C=O{solv}{x=0.500800}>,CCCCN,CN(C)C=O,fb-fit-v1-single-mean-k100,2,0.2899658024199496,0.030634150542493,0.384,0.0115
12089,1694,dens_2179361372918836941,539,Density,<Substance CCCCN{solv}{x=0.497200}|CN(C)C=O{solv}{x=0.502800}>,CCCCN,CN(C)C=O,fb-fit-v1-single-mean-k100,2,0.8321292709889843,0.0002186527727213,0.8277360000000001,0.001011
12090,1695,dens_300257448272323407,540,Density,<Substance CC(C)O{solv}{x=0.745200}|NCCN{solv}{x=0.254800}>,CC(C)O,NCCN,fb-fit-v1-single-mean-k100,2,0.8444682725811772,0.0002921421683712,0.8163970000000003,0.0002325
12091,1696,dens_924750366683277351,541,Density,<Substance CC(C)O{solv}{x=0.203100}|NCCN{solv}{x=0.796900}>,CC(C)O,NCCN,fb-fit-v1-single-mean-k100,2,0.9523488804828352,0.0003260717264041,0.8736620000000003,0.0002225
12092,1697,dens_2284409308160572308,542,Density,<Substance CC(C)O{solv}{x=0.489100}|NCCN{solv}{x=0.510900}>,CC(C)O,NCCN,fb-fit-v1-single-mean-k100,2,0.8919364080255798,0.0002458667337545,0.8449250000000001,0.0002245
12093,1698,dens_305501840068636812,543,Density,<Substance CC(C)=O{solv}{x=0.750000}|CCO{solv}{x=0.250000}>,CC(C)=O,CCO,fb-fit-v1-single-mean-k100,2,0.7894393536157611,0.0002918571770155,0.7859000000000002,0.000115
12094,1699,dens_472577738907297293,544,Density,<Substance CC(C)=O{solv}{x=0.250000}|CCO{solv}{x=0.750000}>,CC(C)=O,CCO,fb-fit-v1-single-mean-k100,2,0.7894869108474545,0.0003789999547456,0.7861600000000002,0.000115
12095,1700,dens_2271083741716457850,545,Density,<Substance CC(C)=O{solv}{x=0.499900}|CCO{solv}{x=0.500100}>,CC(C)=O,CCO,fb-fit-v1-single-mean-k100,2,0.7885323616778656,0.0002438150992487,0.7861900000000003,0.000115
12096,1701,dens_307445163336341047,546,Density,<Substance CN1CCCC1=O{solv}{x=0.703700}|ClCCCl{solv}{x=0.296300}>,CN1CCCC1=O,ClCCCl,fb-fit-v1-single-mean-k100,2,1.0767940620501244,0.0002584034126046,1.0851000000000002,0.0002
12097,1702,dhmix_453866769634566853,547,EnthalpyOfMixing,<Substance CN1CCCC1=O{solv}{x=0.253100}|ClCCCl{solv}{x=0.746900}>,CN1CCCC1=O,ClCCCl,fb-fit-v1-single-mean-k100,2,-0.4491139158920152,0.0304122946384219,-0.8118,0.01525
12098,1703,dhmix_536206650470008584,548,EnthalpyOfMixing,<Substance CN1CCCC1=O{solv}{x=0.500000}|ClCCCl{solv}{x=0.500000}>,CN1CCCC1=O,ClCCCl,fb-fit-v1-single-mean-k100,2,-0.5301868991801513,0.038484160167408,-1.264,0.0055
12099,1704,dens_1046625605566999080,549,Density,<Substance CN1CCCC1=O{solv}{x=0.202500}|ClCCCl{solv}{x=0.797500}>,CN1CCCC1=O,ClCCCl,fb-fit-v1-single-mean-k100,2,1.1894777369010407,0.0003724264571796,1.1953000000000005,0.00025
12100,1705,dhmix_1620571823529677157,550,EnthalpyOfMixing,<Substance CN1CCCC1=O{solv}{x=0.736700}|ClCCCl{solv}{x=0.263300}>,CN1CCCC1=O,ClCCCl,fb-fit-v1-single-mean-k100,2,-0.3608390061216084,0.0394719754348967,-0.8587,0.01605
12101,1706,dens_2059567022041766694,551,Density,<Substance CN1CCCC1=O{solv}{x=0.497500}|ClCCCl{solv}{x=0.502500}>,CN1CCCC1=O,ClCCCl,fb-fit-v1-single-mean-k100,2,1.1239725393834292,0.0002667759690364,1.1283000000000003,0.0002
12102,1707,dens_313234519309892479,552,Density,<Substance CC(=O)N(C)C{solv}{x=0.293800}|CCCCCCCCCl{solv}{x=0.706200}>,CC(=O)N(C)C,CCCCCCCCCl,fb-fit-v1-single-mean-k100,2,0.8764508565140907,0.0001808765154325,0.8796000000000003,0.00045
12103,1708,dhmix_444785917463403590,553,EnthalpyOfMixing,<Substance CC(=O)N(C)C{solv}{x=0.703000}|CCCCCCCCCl{solv}{x=0.297000}>,CC(=O)N(C)C,CCCCCCCCCl,fb-fit-v1-single-mean-k100,2,0.9031302721336304,0.043498110324411,0.751,0.004
12104,1709,dhmix_705168937124106402,554,EnthalpyOfMixing,<Substance CC(=O)N(C)C{solv}{x=0.215000}|CCCCCCCCCl{solv}{x=0.785000}>,CC(=O)N(C)C,CCCCCCCCCl,fb-fit-v1-single-mean-k100,2,0.6967067263977498,0.0559254407616573,0.519,0.0035
12105,1710,dens_1549584991651515376,555,Density,<Substance CC(=O)N(C)C{solv}{x=0.502200}|CCCCCCCCCl{solv}{x=0.497800}>,CC(=O)N(C)C,CCCCCCCCCl,fb-fit-v1-single-mean-k100,2,0.882628419102386,0.0001920058574046,0.8902000000000002,0.0004
12106,1711,dhmix_1732161251827083272,556,EnthalpyOfMixing,<Substance CC(=O)N(C)C{solv}{x=0.508000}|CCCCCCCCCl{solv}{x=0.492000}>,CC(=O)N(C)C,CCCCCCCCCl,fb-fit-v1-single-mean-k100,2,1.084246876864526,0.0450367516653436,0.829,0.004
12107,1712,dens_2189889607118243828,557,Density,<Substance CC(=O)N(C)C{solv}{x=0.700500}|CCCCCCCCCl{solv}{x=0.299500}>,CC(=O)N(C)C,CCCCCCCCCl,fb-fit-v1-single-mean-k100,2,0.8904863515838252,0.0001374718061195,0.9041000000000002,0.00035
12108,1713,dens_314482396827660717,558,Density,<Substance BrCCBr{solv}{x=0.753700}|COC(C)=O{solv}{x=0.246300}>,BrCCBr,COC(C)=O,fb-fit-v1-single-mean-k100,2,1.8482257188514095,0.0006700365556379,1.8774400000000004,0.003355
12109,1714,dens_344993892965738820,559,Density,<Substance BrCCBr{solv}{x=0.275200}|COC(C)=O{solv}{x=0.724800}>,BrCCBr,COC(C)=O,fb-fit-v1-single-mean-k100,2,1.291945645712122,0.0004040592958008,1.2862400000000005,0.001125
12110,1715,dhmix_545996968666061076,560,EnthalpyOfMixing,<Substance BrCCBr{solv}{x=0.720900}|COC(C)=O{solv}{x=0.279100}>,BrCCBr,COC(C)=O,fb-fit-v1-single-mean-k100,2,0.102903291696256,0.0347695447153313,0.2594,0.0028
12111,1716,dens_714044009336077786,561,Density,<Substance BrCCBr{solv}{x=0.512100}|COC(C)=O{solv}{x=0.487900}>,BrCCBr,COC(C)=O,fb-fit-v1-single-mean-k100,2,1.573986289697656,0.0005011065241314,1.5834900000000005,0.0021
12112,1717,dhmix_1222511035002547253,562,EnthalpyOfMixing,<Substance BrCCBr{solv}{x=0.485500}|COC(C)=O{solv}{x=0.514500}>,BrCCBr,COC(C)=O,fb-fit-v1-single-mean-k100,2,0.2158428557575575,0.0300164769945877,0.2577,0.00275
12113,1718,dhmix_1418101673429653456,563,EnthalpyOfMixing,<Substance BrCCBr{solv}{x=0.250800}|COC(C)=O{solv}{x=0.749200}>,BrCCBr,COC(C)=O,fb-fit-v1-single-mean-k100,2,0.0846334715821157,0.0307533168950187,0.1202,0.0017
12114,1719,dens_314934747194338330,564,Density,<Substance CC(C)CCl{solv}{x=0.513700}|CC(C)OC(C)C{solv}{x=0.486300}>,CC(C)CCl,CC(C)OC(C)C,fb-fit-v1-single-mean-k100,2,0.7949142371855618,0.0002463484504893,0.7878250000000002,0.000405
12115,1720,dhmix_355399496844187096,565,EnthalpyOfMixing,<Substance CC(C)CCl{solv}{x=0.545300}|CC(C)OC(C)C{solv}{x=0.454700}>,CC(C)CCl,CC(C)OC(C)C,fb-fit-v1-single-mean-k100,2,-0.1724634322304865,0.0325382943299499,-0.0957,0.0012
12116,1721,dens_688062365117407068,566,Density,<Substance CC(C)CCl{solv}{x=0.805900}|CC(C)OC(C)C{solv}{x=0.194100}>,CC(C)CCl,CC(C)OC(C)C,fb-fit-v1-single-mean-k100,2,0.8378546447005737,0.0002312990179824,0.8355300000000002,0.0003555
12117,1722,dhmix_1411881046585885461,567,EnthalpyOfMixing,<Substance CC(C)CCl{solv}{x=0.090700}|CC(C)OC(C)C{solv}{x=0.909300}>,CC(C)CCl,CC(C)OC(C)C,fb-fit-v1-single-mean-k100,2,-0.0596444371346418,0.0339089298334119,-0.0302,0.00055
12118,1723,dens_1762455266351712367,568,Density,<Substance CC(C)CCl{solv}{x=0.091000}|CC(C)OC(C)C{solv}{x=0.909000}>,CC(C)CCl,CC(C)OC(C)C,fb-fit-v1-single-mean-k100,2,0.7420970939547644,0.0002225859881624,0.7293950000000001,0.000464
12119,1724,dhmix_2302865667781063708,569,EnthalpyOfMixing,<Substance CC(C)CCl{solv}{x=0.727000}|CC(C)OC(C)C{solv}{x=0.273000}>,CC(C)CCl,CC(C)OC(C)C,fb-fit-v1-single-mean-k100,2,-0.1106620077915394,0.0404933019856865,-0.0791,0.001
12120,1725,dens_321327254341950207,570,Density,<Substance C1COCCO1{solv}{x=0.780300}|CCCCCC(C)=O{solv}{x=0.219700}>,C1COCCO1,CCCCCC(C)=O,fb-fit-v1-single-mean-k100,2,0.960968952618546,0.000235140805227,0.9576500000000002,0.0003
12121,1726,dens_377701756930918353,571,Density,<Substance C1COCCO1{solv}{x=0.500600}|CCCCCC(C)=O{solv}{x=0.499400}>,C1COCCO1,CCCCCC(C)=O,fb-fit-v1-single-mean-k100,2,0.8946721837854581,0.000141943656034,0.8916700000000002,0.000345
12122,1727,dhmix_600625644134907580,572,EnthalpyOfMixing,<Substance C1COCCO1{solv}{x=0.500000}|CCCCCC(C)=O{solv}{x=0.500000}>,C1COCCO1,CCCCCC(C)=O,fb-fit-v1-single-mean-k100,2,0.5166961895658488,0.0418795433730456,0.4509,0.002255
12123,1728,dens_1451069448215305244,573,Density,<Substance C1COCCO1{solv}{x=0.220300}|CCCCCC(C)=O{solv}{x=0.779700}>,C1COCCO1,CCCCCC(C)=O,fb-fit-v1-single-mean-k100,2,0.8441525075727557,0.000221060425387,0.8420800000000003,0.000385
12124,1729,dhmix_2028813035406256788,574,EnthalpyOfMixing,<Substance C1COCCO1{solv}{x=0.750000}|CCCCCC(C)=O{solv}{x=0.250000}>,C1COCCO1,CCCCCC(C)=O,fb-fit-v1-single-mean-k100,2,0.5115253181698307,0.0390090523012532,0.4064,0.00209
12125,1730,dhmix_2222211577832383320,575,EnthalpyOfMixing,<Substance C1COCCO1{solv}{x=0.250000}|CCCCCC(C)=O{solv}{x=0.750000}>,C1COCCO1,CCCCCC(C)=O,fb-fit-v1-single-mean-k100,2,0.3412710431274135,0.0465613084315179,0.2911,0.00164
12126,1731,dhmix_325212618372456630,576,EnthalpyOfMixing,<Substance CCCCCCC{solv}{x=0.500000}|c1ccccc1{solv}{x=0.500000}>,CCCCCCC,c1ccccc1,fb-fit-v1-single-mean-k100,2,1.3691245391650997,0.0437810117605976,0.9235,0.0051
12127,1732,dhmix_409350268177199962,577,EnthalpyOfMixing,<Substance CCCCCCC{solv}{x=0.751900}|c1ccccc1{solv}{x=0.248100}>,CCCCCCC,c1ccccc1,fb-fit-v1-single-mean-k100,2,0.9002123419199677,0.0479537864558458,0.6047,0.0035
12128,1733,dens_1685942387769177799,578,Density,<Substance CCCCCCC{solv}{x=0.913667}|c1ccccc1{solv}{x=0.086333}>,CCCCCCC,c1ccccc1,fb-fit-v1-single-mean-k100,2,0.687717931535142,0.0001853508191373,0.6892400000000002,0.000805
12129,1734,dens_2148382258223830900,579,Density,<Substance CCCCCCC{solv}{x=0.273700}|c1ccccc1{solv}{x=0.726300}>,CCCCCCC,c1ccccc1,fb-fit-v1-single-mean-k100,2,0.7942218534638513,0.000238431348566,0.7855000000000002,0.00015
12130,1735,dens_2219829254239605828,580,Density,<Substance CCCCCCC{solv}{x=0.492200}|c1ccccc1{solv}{x=0.507800}>,CCCCCCC,c1ccccc1,fb-fit-v1-single-mean-k100,2,0.7456010149314548,0.0002474265810517,0.7409000000000001,0.00015
12131,1736,dhmix_2296565820723783732,581,EnthalpyOfMixing,<Substance CCCCCCC{solv}{x=0.242400}|c1ccccc1{solv}{x=0.757600}>,CCCCCCC,c1ccccc1,fb-fit-v1-single-mean-k100,2,1.2211049061789936,0.0424159430053263,0.7775,0.0044
12132,1737,dens_326446104630354701,582,Density,<Substance BrCCBr{solv}{x=0.728600}|CCC(=O)OC{solv}{x=0.271400}>,BrCCBr,CCC(=O)OC,fb-fit-v1-single-mean-k100,2,1.768095812074315,0.0005393008495996,1.7949900000000003,0.00303
12133,1738,dens_886315086380393150,583,Density,<Substance BrCCBr{solv}{x=0.494400}|CCC(=O)OC{solv}{x=0.505600}>,BrCCBr,CCC(=O)OC,fb-fit-v1-single-mean-k100,2,1.4822340782350398,0.0004229895100389,1.4941800000000005,0.001825
12134,1739,dhmix_1410129135672303476,584,EnthalpyOfMixing,<Substance BrCCBr{solv}{x=0.491400}|CCC(=O)OC{solv}{x=0.508600}>,BrCCBr,CCC(=O)OC,fb-fit-v1-single-mean-k100,2,-0.0878705801084898,0.0351222827218818,0.0195,0.00185
12135,1740,dhmix_1551714230583118668,585,EnthalpyOfMixing,<Substance BrCCBr{solv}{x=0.755400}|CCC(=O)OC{solv}{x=0.244600}>,BrCCBr,CCC(=O)OC,fb-fit-v1-single-mean-k100,2,0.0297584424271395,0.0338741109698922,0.09,0.00295
12136,1741,dhmix_1596310059176209101,586,EnthalpyOfMixing,<Substance BrCCBr{solv}{x=0.214800}|CCC(=O)OC{solv}{x=0.785200}>,BrCCBr,CCC(=O)OC,fb-fit-v1-single-mean-k100,2,-0.0066828762925537,0.0406368503679482,-0.0281,0.002
12137,1742,dens_1860027304017736150,587,Density,<Substance BrCCBr{solv}{x=0.257000}|CCC(=O)OC{solv}{x=0.743000}>,BrCCBr,CCC(=O)OC,fb-fit-v1-single-mean-k100,2,1.2045191683474403,0.0003341248245838,1.2059400000000002,0.000915
12138,1743,dhmix_334328961632702336,588,EnthalpyOfMixing,<Substance Cc1ccccc1N{solv}{x=0.492600}|Cc1cccnc1{solv}{x=0.507400}>,Cc1ccccc1N,Cc1cccnc1,fb-fit-v1-single-mean-k100,2,-1.4868313390858725,0.0396274927453316,-1.4091,0.0287
12139,1744,dhmix_382843935535082222,589,EnthalpyOfMixing,<Substance Cc1ccccc1N{solv}{x=0.232300}|Cc1cccnc1{solv}{x=0.767700}>,Cc1ccccc1N,Cc1cccnc1,fb-fit-v1-single-mean-k100,2,-1.1333540695609727,0.0424099246599014,-1.1196,0.02285
12140,1745,dens_890019852111400701,590,Density,<Substance Cc1ccccc1N{solv}{x=0.533600}|Cc1cccnc1{solv}{x=0.466400}>,Cc1ccccc1N,Cc1cccnc1,fb-fit-v1-single-mean-k100,2,0.99166646481597,0.0002100107432577,0.9795770000000004,0.0001185
12141,1746,dens_1033313642915027277,591,Density,<Substance Cc1ccccc1N{solv}{x=0.737200}|Cc1cccnc1{solv}{x=0.262800}>,Cc1ccccc1N,Cc1cccnc1,fb-fit-v1-single-mean-k100,2,1.0039292627425136,0.0002808314064489,0.9867010000000004,0.000118
12142,1747,dhmix_1057104304179164775,592,EnthalpyOfMixing,<Substance Cc1ccccc1N{solv}{x=0.778900}|Cc1cccnc1{solv}{x=0.221100}>,Cc1ccccc1N,Cc1cccnc1,fb-fit-v1-single-mean-k100,2,-0.8305426966641534,0.0491956876633296,-0.8735,0.01785
12143,1748,dens_1445313714023685702,593,Density,<Substance Cc1ccccc1N{solv}{x=0.246700}|Cc1cccnc1{solv}{x=0.753300}>,Cc1ccccc1N,Cc1cccnc1,fb-fit-v1-single-mean-k100,2,0.9704423321986548,0.0002215339496405,0.9668750000000004,0.00012
12144,1749,dens_335631113096608920,594,Density,<Substance CCC(C)=O{solv}{x=0.501800}|CCCCNCCCC{solv}{x=0.498200}>,CCC(C)=O,CCCCNCCCC,fb-fit-v1-single-mean-k100,2,0.7745060568394282,0.0002050707063681,0.7693960000000002,9.950000000000003e-05
12145,1750,dhmix_551451232292287572,595,EnthalpyOfMixing,<Substance CCC(C)=O{solv}{x=0.215400}|CCCCNCCCC{solv}{x=0.784600}>,CCC(C)=O,CCCCNCCCC,fb-fit-v1-single-mean-k100,2,0.0701585231739017,0.052155552422003,0.417,0.0045
12146,1751,dens_800787154192710377,596,Density,<Substance CCC(C)=O{solv}{x=0.260300}|CCCCNCCCC{solv}{x=0.739700}>,CCC(C)=O,CCCCNCCCC,fb-fit-v1-single-mean-k100,2,0.7676634841260997,0.0001905708644661,0.7614750000000002,0.0001005
12147,1752,dhmix_1210431916849512476,597,EnthalpyOfMixing,<Substance CCC(C)=O{solv}{x=0.504400}|CCCCNCCCC{solv}{x=0.495600}>,CCC(C)=O,CCCCNCCCC,fb-fit-v1-single-mean-k100,2,0.1723602703403344,0.0462977428875196,0.619,0.0065
12148,1753,dhmix_1503682496766473076,598,EnthalpyOfMixing,<Substance CCC(C)=O{solv}{x=0.792200}|CCCCNCCCC{solv}{x=0.207800}>,CCC(C)=O,CCCCNCCCC,fb-fit-v1-single-mean-k100,2,0.1491778009665161,0.0375535829663904,0.425,0.0045
12149,1754,dens_2232561341275312196,599,Density,<Substance CCC(C)=O{solv}{x=0.747300}|CCCCNCCCC{solv}{x=0.252700}>,CCC(C)=O,CCCCNCCCC,fb-fit-v1-single-mean-k100,2,0.782714704767641,0.0002207195450934,0.7810500000000001,9.750000000000004e-05
12150,1755,dhmix_335934546122425398,600,EnthalpyOfMixing,<Substance C1CCOCC1{solv}{x=0.550000}|O=C1CCCC1{solv}{x=0.450000}>,C1CCOCC1,O=C1CCCC1,fb-fit-v1-single-mean-k100,2,0.1569329238889878,0.0407769236081892,0.15813,0.001
12151,1756,dhmix_337659115721770978,601,EnthalpyOfMixing,<Substance C1CCOCC1{solv}{x=0.250000}|O=C1CCCC1{solv}{x=0.750000}>,C1CCOCC1,O=C1CCCC1,fb-fit-v1-single-mean-k100,2,0.0865613844552797,0.0405488042181051,0.11325,0.00084
12152,1757,dens_579415285212890284,602,Density,<Substance C1CCOCC1{solv}{x=0.708000}|O=C1CCCC1{solv}{x=0.292000}>,C1CCOCC1,O=C1CCCC1,fb-fit-v1-single-mean-k100,2,0.8937177250799049,0.0002298642329652,0.8972200000000002,0.00023
12153,1758,dens_788777315764582180,603,Density,<Substance C1CCOCC1{solv}{x=0.549800}|O=C1CCCC1{solv}{x=0.450200}>,C1CCOCC1,O=C1CCCC1,fb-fit-v1-single-mean-k100,2,0.9034356055714382,0.0002155680108711,0.9073000000000002,0.000235
12154,1759,dens_1539654406736576807,604,Density,<Substance C1CCOCC1{solv}{x=0.235400}|O=C1CCCC1{solv}{x=0.764600}>,C1CCOCC1,O=C1CCCC1,fb-fit-v1-single-mean-k100,2,0.9232409158347674,0.0002062807669814,0.9281000000000004,0.00024
12155,1760,dhmix_1706969020375394315,605,EnthalpyOfMixing,<Substance C1CCOCC1{solv}{x=0.750000}|O=C1CCCC1{solv}{x=0.250000}>,C1CCOCC1,O=C1CCCC1,fb-fit-v1-single-mean-k100,2,0.109038018189743,0.0454005890245262,0.12811,0.000895
12156,1761,dens_337077748334497354,606,Density,<Substance CN1CCCCC1{solv}{x=0.245200}|O{solv}{x=0.754800}>,CN1CCCCC1,O,fb-fit-v1-single-mean-k100,2,0.9022311565590296,0.0003690569956068,0.9038110000000004,9.700000000000004e-05
12157,1762,dens_1619467922469494964,607,Density,<Substance CN1CCCCC1{solv}{x=0.790700}|O{solv}{x=0.209300}>,CN1CCCCC1,O,fb-fit-v1-single-mean-k100,2,0.8568538578839064,0.0002058252198362,0.8260470000000002,0.000108
12158,1763,dens_1725290505257505407,608,Density,<Substance CN1CCCCC1{solv}{x=0.505000}|O{solv}{x=0.495000}>,CN1CCCCC1,O,fb-fit-v1-single-mean-k100,2,0.8744278726528711,0.0002651008053803,0.8581580000000002,9.450000000000002e-05
12159,1764,dhmix_344305070199657817,609,EnthalpyOfMixing,<Substance CC(C)CC(C)(C)C{solv}{x=0.200300}|CCCO{solv}{x=0.799700}>,CC(C)CC(C)(C)C,CCCO,fb-fit-v1-single-mean-k100,2,0.3267715577886676,0.0397231034476015,0.308,0.0055
12160,1765,dens_1020839744665732433,610,Density,<Substance CC(C)CC(C)(C)C{solv}{x=0.200100}|CCCO{solv}{x=0.799900}>,CC(C)CC(C)(C)C,CCCO,fb-fit-v1-single-mean-k100,2,0.76797911296159,0.0002688152666255,0.7589500000000002,0.00029
12161,1766,dens_1348847431810734601,611,Density,<Substance CC(C)CC(C)(C)C{solv}{x=0.700000}|CCCO{solv}{x=0.300000}>,CC(C)CC(C)(C)C,CCCO,fb-fit-v1-single-mean-k100,2,0.7265420808273183,0.0002154696521507,0.7046500000000001,0.00028
12162,1767,dhmix_1376194238727172922,612,EnthalpyOfMixing,<Substance CC(C)CC(C)(C)C{solv}{x=0.499800}|CCCO{solv}{x=0.500200}>,CC(C)CC(C)(C)C,CCCO,fb-fit-v1-single-mean-k100,2,0.6497940839327612,0.0386781130846896,0.6025,0.0027
12163,1768,dhmix_1868873434415785592,613,EnthalpyOfMixing,<Substance CC(C)CC(C)(C)C{solv}{x=0.699900}|CCCO{solv}{x=0.300100}>,CC(C)CC(C)(C)C,CCCO,fb-fit-v1-single-mean-k100,2,0.5609718456190365,0.0535998766026108,0.6544,0.0029
12164,1769,dens_1870552320710773195,614,Density,<Substance CC(C)CC(C)(C)C{solv}{x=0.500000}|CCCO{solv}{x=0.500000}>,CC(C)CC(C)(C)C,CCCO,fb-fit-v1-single-mean-k100,2,0.7389444423822208,0.0002373741801578,0.7214400000000002,0.00028
12165,1770,dens_344701479262570906,615,Density,<Substance C1CCOCC1{solv}{x=0.246100}|Cc1cccnc1{solv}{x=0.753900}>,C1CCOCC1,Cc1cccnc1,fb-fit-v1-single-mean-k100,2,0.9322713057687506,0.000220139338955,0.9348570000000002,0.0004915
12166,1771,dhmix_772935681699310364,616,EnthalpyOfMixing,<Substance C1CCOCC1{solv}{x=0.480300}|Cc1cccnc1{solv}{x=0.519700}>,C1CCOCC1,Cc1cccnc1,fb-fit-v1-single-mean-k100,2,-0.0429989869065536,0.0449992824961926,0.1271,0.00115
12167,1772,dens_1179184695460672925,617,Density,<Substance C1CCOCC1{solv}{x=0.756800}|Cc1cccnc1{solv}{x=0.243200}>,C1CCOCC1,Cc1cccnc1,fb-fit-v1-single-mean-k100,2,0.8948395895137984,0.0002264665057323,0.8976640000000002,0.0004655
12168,1773,dens_1273033541520518804,618,Density,<Substance C1CCOCC1{solv}{x=0.482700}|Cc1cccnc1{solv}{x=0.517300}>,C1CCOCC1,Cc1cccnc1,fb-fit-v1-single-mean-k100,2,0.9155821905035704,0.0002409477602414,0.9179640000000002,0.00048
12169,1774,dhmix_1594947441282636711,619,EnthalpyOfMixing,<Substance C1CCOCC1{solv}{x=0.735500}|Cc1cccnc1{solv}{x=0.264500}>,C1CCOCC1,Cc1cccnc1,fb-fit-v1-single-mean-k100,2,0.0450266635136245,0.0366659226137813,0.0924,0.00095
12170,1775,dhmix_2075643137470349800,620,EnthalpyOfMixing,<Substance C1CCOCC1{solv}{x=0.273200}|Cc1cccnc1{solv}{x=0.726800}>,C1CCOCC1,Cc1cccnc1,fb-fit-v1-single-mean-k100,2,0.0572069967445756,0.041098823824349,0.1036,0.001
12171,1776,dhmix_346841872844739570,621,EnthalpyOfMixing,<Substance CC#N{solv}{x=0.700700}|CCOC(C)(C)C{solv}{x=0.299300}>,CC#N,CCOC(C)(C)C,fb-fit-v1-single-mean-k100,2,0.1619016837870788,0.031718275143424,0.6176,0.0084
12172,1777,dhmix_840136828933604757,622,EnthalpyOfMixing,<Substance CC#N{solv}{x=0.199000}|CCOC(C)(C)C{solv}{x=0.801000}>,CC#N,CCOC(C)(C)C,fb-fit-v1-single-mean-k100,2,0.1363315051699412,0.048544931578197,0.4418,0.006
12173,1778,dhmix_1934525864391020215,623,EnthalpyOfMixing,<Substance CC#N{solv}{x=0.501600}|CCOC(C)(C)C{solv}{x=0.498400}>,CC#N,CCOC(C)(C)C,fb-fit-v1-single-mean-k100,2,0.202933830813075,0.0339362991700713,0.7098,0.00965
12174,1779,dens_1954735606040559695,624,Density,<Substance CC#N{solv}{x=0.700700}|CCOC(C)(C)C{solv}{x=0.299300}>,CC#N,CCOC(C)(C)C,fb-fit-v1-single-mean-k100,2,0.7633200470106317,0.0002694714978763,0.7595000000000002,0.00045
12175,1780,dens_2173310521496796694,625,Density,<Substance CC#N{solv}{x=0.501600}|CCOC(C)(C)C{solv}{x=0.498400}>,CC#N,CCOC(C)(C)C,fb-fit-v1-single-mean-k100,2,0.7588989949613322,0.0001805298059011,0.7510000000000002,0.00035
12176,1781,dens_2235331649530959984,626,Density,<Substance CC#N{solv}{x=0.199000}|CCOC(C)(C)C{solv}{x=0.801000}>,CC#N,CCOC(C)(C)C,fb-fit-v1-single-mean-k100,2,0.7517962007387959,0.0002572345121634,0.7408000000000001,0.00015
12177,1782,dhmix_355078149157572999,627,EnthalpyOfMixing,<Substance OCCOCCO{solv}{x=0.790600}|O{solv}{x=0.209400}>,O,OCCOCCO,fb-fit-v1-single-mean-k100,2,-0.4692812242028168,0.0476945856452582,-0.521,0.003
12178,1783,dhmix_514261244195159379,628,EnthalpyOfMixing,<Substance OCCOCCO{solv}{x=0.300400}|O{solv}{x=0.699600}>,O,OCCOCCO,fb-fit-v1-single-mean-k100,2,-0.7767435771330682,0.0295062329950789,-1.245,0.0065
12179,1784,dhmix_1512634639127890343,629,EnthalpyOfMixing,<Substance OCCOCCO{solv}{x=0.501000}|O{solv}{x=0.499000}>,O,OCCOCCO,fb-fit-v1-single-mean-k100,2,-0.7982633300959279,0.0307038491479237,-1.149,0.0065
12180,1785,dens_1532732041743097130,630,Density,<Substance OCCOCCO{solv}{x=0.500600}|O{solv}{x=0.499400}>,O,OCCOCCO,fb-fit-v1-single-mean-k100,2,1.113216239747714,0.0003453807134697,1.1070700000000002,0.00026
12181,1786,dens_1948924545926470959,631,Density,<Substance OCCOCCO{solv}{x=0.700300}|O{solv}{x=0.299700}>,O,OCCOCCO,fb-fit-v1-single-mean-k100,2,1.1208759408765112,0.0003273757031087,1.1111900000000003,0.000285
12182,1787,dens_2114974877291939954,632,Density,<Substance OCCOCCO{solv}{x=0.301000}|O{solv}{x=0.699000}>,O,OCCOCCO,fb-fit-v1-single-mean-k100,2,1.0933433846466074,0.0002656565397589,1.0958900000000005,0.000305
12183,1788,dhmix_355690558520209737,633,EnthalpyOfMixing,<Substance CC(C)CC(C)(C)C{solv}{x=0.774800}|CC(C)OC(C)C{solv}{x=0.225200}>,CC(C)CC(C)(C)C,CC(C)OC(C)C,fb-fit-v1-single-mean-k100,2,0.3678090374310727,0.0551202541479687,0.132161,0.001556
12184,1789,dens_706481868145479619,634,Density,<Substance CC(C)CC(C)(C)C{solv}{x=0.250000}|CC(C)OC(C)C{solv}{x=0.750000}>,CC(C)CC(C)(C)C,CC(C)OC(C)C,fb-fit-v1-single-mean-k100,2,0.725878979030717,0.0002013544369203,0.7090800000000002,0.000155
12185,1790,dens_960755156711549154,635,Density,<Substance CC(C)CC(C)(C)C{solv}{x=0.750000}|CC(C)OC(C)C{solv}{x=0.250000}>,CC(C)CC(C)(C)C,CC(C)OC(C)C,fb-fit-v1-single-mean-k100,2,0.7170213424429259,0.0001764586711623,0.6937500000000002,0.000155
12186,1791,dens_1165117582450092341,636,Density,<Substance CC(C)CC(C)(C)C{solv}{x=0.500900}|CC(C)OC(C)C{solv}{x=0.499100}>,CC(C)CC(C)(C)C,CC(C)OC(C)C,fb-fit-v1-single-mean-k100,2,0.7208345427883678,0.0002245006488384,0.7005900000000002,0.000105
12187,1792,dhmix_1819714300540494359,637,EnthalpyOfMixing,<Substance CC(C)CC(C)(C)C{solv}{x=0.512500}|CC(C)OC(C)C{solv}{x=0.487500}>,CC(C)CC(C)(C)C,CC(C)OC(C)C,fb-fit-v1-single-mean-k100,2,0.5255756853132425,0.0487405305202174,0.197047,0.002233
12188,1793,dhmix_2031984064821599856,638,EnthalpyOfMixing,<Substance CC(C)CC(C)(C)C{solv}{x=0.269300}|CC(C)OC(C)C{solv}{x=0.730700}>,CC(C)CC(C)(C)C,CC(C)OC(C)C,fb-fit-v1-single-mean-k100,2,0.4045124669339444,0.040814786643511,0.158983,0.0018345
12189,1794,dens_357198687829738077,639,Density,<Substance C1CCOCC1{solv}{x=0.223500}|CCCCCC(C)=O{solv}{x=0.776500}>,C1CCOCC1,CCCCCC(C)=O,fb-fit-v1-single-mean-k100,2,0.8228445086803687,0.0001855424319783,0.8221200000000002,0.000375
12190,1795,dens_1074719884132299485,640,Density,<Substance C1CCOCC1{solv}{x=0.516600}|CCCCCC(C)=O{solv}{x=0.483400}>,C1CCOCC1,CCCCCC(C)=O,fb-fit-v1-single-mean-k100,2,0.8386522491800521,0.0002341143221869,0.8396100000000002,0.00032
12191,1796,dens_1427208283653313137,641,Density,<Substance C1CCOCC1{solv}{x=0.710100}|CCCCCC(C)=O{solv}{x=0.289900}>,C1CCOCC1,CCCCCC(C)=O,fb-fit-v1-single-mean-k100,2,0.8516860363441444,0.0001553920586404,0.8534200000000002,0.000285
12192,1797,dhmix_1485904869507380555,642,EnthalpyOfMixing,<Substance C1CCOCC1{solv}{x=0.500000}|CCCCCC(C)=O{solv}{x=0.500000}>,C1CCOCC1,CCCCCC(C)=O,fb-fit-v1-single-mean-k100,2,0.1850321178888521,0.0419562910131072,0.05773,0.000615
12193,1798,dhmix_1931504734279468677,643,EnthalpyOfMixing,<Substance C1CCOCC1{solv}{x=0.250000}|CCCCCC(C)=O{solv}{x=0.750000}>,C1CCOCC1,CCCCCC(C)=O,fb-fit-v1-single-mean-k100,2,0.2480481500044575,0.0504703443491047,0.03429,0.00053
12194,1799,dhmix_2296263041755700053,644,EnthalpyOfMixing,<Substance C1CCOCC1{solv}{x=0.750000}|CCCCCC(C)=O{solv}{x=0.250000}>,C1CCOCC1,CCCCCC(C)=O,fb-fit-v1-single-mean-k100,2,0.0739293643210317,0.0424924651409351,0.05587,0.00061
12195,1800,dhmix_357499987240135169,645,EnthalpyOfMixing,<Substance CCCCC{solv}{x=0.772700}|CCCCOC=O{solv}{x=0.227300}>,CCCCC,CCCCOC=O,fb-fit-v1-single-mean-k100,2,1.1410852685262114,0.0451972472458152,0.87,0.004
12196,1801,dens_435201289177646286,646,Density,<Substance CCCCC{solv}{x=0.504200}|CCCCOC=O{solv}{x=0.495800}>,CCCCC,CCCCOC=O,fb-fit-v1-single-mean-k100,2,0.7581842654842336,0.0002432969749853,0.7523000000000001,0.00024
12197,1802,dens_635752291929824010,647,Density,<Substance CCCCC{solv}{x=0.699000}|CCCCOC=O{solv}{x=0.301000}>,CCCCC,CCCCOC=O,fb-fit-v1-single-mean-k100,2,0.7003599750628726,0.0002409657779113,0.6994600000000002,0.00018
12198,1803,dhmix_869493303716364153,648,EnthalpyOfMixing,<Substance CCCCC{solv}{x=0.490500}|CCCCOC=O{solv}{x=0.509500}>,CCCCC,CCCCOC=O,fb-fit-v1-single-mean-k100,2,1.1929403471051216,0.0414960653383374,0.959,0.004
12199,1804,dhmix_1188548276416925178,649,EnthalpyOfMixing,<Substance CCCCC{solv}{x=0.246000}|CCCCOC=O{solv}{x=0.754000}>,CCCCC,CCCCOC=O,fb-fit-v1-single-mean-k100,2,0.8552525918172549,0.0406834616462028,0.632,0.003
12200,1805,dens_1944800378076074966,650,Density,<Substance CCCCC{solv}{x=0.247100}|CCCCOC=O{solv}{x=0.752900}>,CCCCC,CCCCOC=O,fb-fit-v1-single-mean-k100,2,0.8348910828752474,0.0002429729396631,0.8221800000000001,0.000375
12201,1806,dhmix_357740737126275220,651,EnthalpyOfMixing,<Substance CC(=O)N(C)C{solv}{x=0.212000}|CCCCCl{solv}{x=0.788000}>,CC(=O)N(C)C,CCCCCl,fb-fit-v1-single-mean-k100,2,0.4274707526082508,0.0445643893560677,0.244,0.0025
12202,1807,dens_563556088097831353,652,Density,<Substance CC(=O)N(C)C{solv}{x=0.499000}|CCCCCl{solv}{x=0.501000}>,CC(=O)N(C)C,CCCCCl,fb-fit-v1-single-mean-k100,2,0.8913524394445645,0.0002563332303481,0.9081000000000002,0.0002
12203,1808,dens_1083232356130752567,653,Density,<Substance CC(=O)N(C)C{solv}{x=0.799700}|CCCCCl{solv}{x=0.200300}>,CC(=O)N(C)C,CCCCCl,fb-fit-v1-single-mean-k100,2,0.9024733271050688,0.0002336686803069,0.9247000000000004,0.0002
12204,1809,dhmix_1487887746912587509,654,EnthalpyOfMixing,<Substance CC(=O)N(C)C{solv}{x=0.708000}|CCCCCl{solv}{x=0.292000}>,CC(=O)N(C)C,CCCCCl,fb-fit-v1-single-mean-k100,2,0.5050967941583862,0.0408554341418213,0.305,0.0025
12205,1810,dens_1662749398344255132,655,Density,<Substance CC(=O)N(C)C{solv}{x=0.210500}|CCCCCl{solv}{x=0.789500}>,CC(=O)N(C)C,CCCCCl,fb-fit-v1-single-mean-k100,2,0.877561197527146,0.0002992547081407,0.8918000000000001,0.0002
12206,1811,dhmix_2085343422065298965,656,EnthalpyOfMixing,<Substance CC(=O)N(C)C{solv}{x=0.511000}|CCCCCl{solv}{x=0.489000}>,CC(=O)N(C)C,CCCCCl,fb-fit-v1-single-mean-k100,2,0.6525584354341945,0.037026194268817,0.363,0.0025
12207,1812,dhmix_359626193748497849,657,EnthalpyOfMixing,<Substance C1CCOCC1{solv}{x=0.750000}|O=C1CCCCC1{solv}{x=0.250000}>,C1CCOCC1,O=C1CCCCC1,fb-fit-v1-single-mean-k100,2,0.0636548013986555,0.0419177314596524,0.07698,0.00069
12208,1813,dhmix_709905971434026360,658,EnthalpyOfMixing,<Substance C1CCOCC1{solv}{x=0.250000}|O=C1CCCCC1{solv}{x=0.750000}>,C1CCOCC1,O=C1CCCCC1,fb-fit-v1-single-mean-k100,2,0.1204425186871702,0.0462742662874245,0.05827,0.00062
12209,1814,dens_996263306280392228,659,Density,<Substance C1CCOCC1{solv}{x=0.500900}|O=C1CCCCC1{solv}{x=0.499100}>,C1CCOCC1,O=C1CCCCC1,fb-fit-v1-single-mean-k100,2,0.9093868772200744,0.000194934033402,0.9160300000000002,0.000505
12210,1815,dens_1296485655493191092,660,Density,<Substance C1CCOCC1{solv}{x=0.247100}|O=C1CCCCC1{solv}{x=0.752900}>,C1CCOCC1,O=C1CCCCC1,fb-fit-v1-single-mean-k100,2,0.9247765928606392,0.0001940524062452,0.9305900000000004,0.000505
12211,1816,dhmix_1617652800437548554,661,EnthalpyOfMixing,<Substance C1CCOCC1{solv}{x=0.500000}|O=C1CCCCC1{solv}{x=0.500000}>,C1CCOCC1,O=C1CCCCC1,fb-fit-v1-single-mean-k100,2,0.1252381833325415,0.0444878980840679,0.08658,0.000725
12212,1817,dens_2134919398794801459,662,Density,<Substance C1CCOCC1{solv}{x=0.738900}|O=C1CCCCC1{solv}{x=0.261100}>,C1CCOCC1,O=C1CCCCC1,fb-fit-v1-single-mean-k100,2,0.8938375674685045,0.000196754155804,0.9000800000000002,0.000505
12213,1818,dens_371429494256072686,663,Density,<Substance COC=O{solv}{x=0.513800}|ClCCCCl{solv}{x=0.486200}>,COC=O,ClCCCCl,fb-fit-v1-single-mean-k100,2,1.099442801598423,0.0003633949917962,1.08831,0.00025
12214,1819,dens_416463243686186519,664,Density,<Substance COC=O{solv}{x=0.738400}|ClCCCCl{solv}{x=0.261600}>,COC=O,ClCCCCl,fb-fit-v1-single-mean-k100,2,1.0613513100003338,0.0003692061673066,1.03754,0.0002
12215,1820,dhmix_573570621261992547,665,EnthalpyOfMixing,<Substance COC=O{solv}{x=0.767400}|ClCCCCl{solv}{x=0.232600}>,COC=O,ClCCCCl,fb-fit-v1-single-mean-k100,2,0.6301516070338709,0.0355311133825559,0.2841,0.0015
12216,1821,dens_1665007650151393058,666,Density,<Substance COC=O{solv}{x=0.244000}|ClCCCCl{solv}{x=0.756000}>,COC=O,ClCCCCl,fb-fit-v1-single-mean-k100,2,1.1386531203043422,0.0003390279981416,1.1395000000000002,0.0003
12217,1822,dhmix_2050640017895200777,667,EnthalpyOfMixing,<Substance COC=O{solv}{x=0.502400}|ClCCCCl{solv}{x=0.497600}>,COC=O,ClCCCCl,fb-fit-v1-single-mean-k100,2,0.8426025634215186,0.0308608459922478,0.3503,0.00175
12218,1823,dhmix_2121310957223924646,668,EnthalpyOfMixing,<Substance COC=O{solv}{x=0.202400}|ClCCCCl{solv}{x=0.797600}>,COC=O,ClCCCCl,fb-fit-v1-single-mean-k100,2,0.4924312082365425,0.0372926918482836,0.2064,0.0012
12219,1824,dens_380799246642881225,669,Density,<Substance Cc1ccncc1{solv}{x=0.500000}|O{solv}{x=0.500000}>,Cc1ccncc1,O,fb-fit-v1-single-mean-k100,2,0.9554753679093236,0.0002837143304599,0.9704000000000004,0.0005
12220,1825,dens_1024460369591354985,670,Density,<Substance Cc1ccncc1{solv}{x=0.225000}|O{solv}{x=0.775000}>,Cc1ccncc1,O,fb-fit-v1-single-mean-k100,2,0.9617946044314828,0.0003781323612802,0.9848000000000002,0.0004
12221,1826,dens_1867704914487230306,671,Density,<Substance Cc1ccncc1{solv}{x=0.750000}|O{solv}{x=0.250000}>,Cc1ccncc1,O,fb-fit-v1-single-mean-k100,2,0.9528115108553428,0.0002204623687131,0.9614000000000004,0.0004
12222,1827,dhmix_396839331496923568,672,EnthalpyOfMixing,<Substance CCCOC(=O)CC{solv}{x=0.237600}|ClCCCl{solv}{x=0.762400}>,CCCOC(=O)CC,ClCCCl,fb-fit-v1-single-mean-k100,2,-0.2708371342046654,0.033339439828069,-0.317,0.0035
12223,1828,dens_1025242301432619836,673,Density,<Substance CCCOC(=O)CC{solv}{x=0.518800}|ClCCCl{solv}{x=0.481200}>,CCCOC(=O)CC,ClCCCl,fb-fit-v1-single-mean-k100,2,1.008173180143626,0.0001866487599812,1.0064000000000002,0.000905
12224,1829,dens_1654149510571748883,674,Density,<Substance CCCOC(=O)CC{solv}{x=0.731600}|ClCCCl{solv}{x=0.268400}>,CCCOC(=O)CC,ClCCCl,fb-fit-v1-single-mean-k100,2,0.9458296482829076,0.0002641515143619,0.9416300000000002,0.00041
12225,1830,dens_1804016971158746429,675,Density,<Substance CCCOC(=O)CC{solv}{x=0.243700}|ClCCCl{solv}{x=0.756300}>,CCCOC(=O)CC,ClCCCl,fb-fit-v1-single-mean-k100,2,1.1093443708916713,0.0004101973993002,1.11431,0.002155
12226,1831,dhmix_1840109043188951916,676,EnthalpyOfMixing,<Substance CCCOC(=O)CC{solv}{x=0.517700}|ClCCCl{solv}{x=0.482300}>,CCCOC(=O)CC,ClCCCl,fb-fit-v1-single-mean-k100,2,-0.4251414505272848,0.0371418684912621,-0.557,0.006
12227,1832,dhmix_1924188358781329171,677,EnthalpyOfMixing,<Substance CCCOC(=O)CC{solv}{x=0.787400}|ClCCCl{solv}{x=0.212600}>,CCCOC(=O)CC,ClCCCl,fb-fit-v1-single-mean-k100,2,-0.247599632321581,0.0466914726670935,-0.357,0.004
12228,1833,dhmix_408170436877433675,678,EnthalpyOfMixing,<Substance CCCCC{solv}{x=0.229800}|CCOC=O{solv}{x=0.770200}>,CCCCC,CCOC=O,fb-fit-v1-single-mean-k100,2,1.239246748970153,0.0393019933653764,1.016,0.0045
12229,1834,dens_1159257310358090227,679,Density,<Substance CCCCC{solv}{x=0.748000}|CCOC=O{solv}{x=0.252000}>,CCCCC,CCOC=O,fb-fit-v1-single-mean-k100,2,0.6711420502680139,0.0002691602435492,0.6707000000000002,0.000165
12230,1835,dhmix_1897634982824334825,680,EnthalpyOfMixing,<Substance CCCCC{solv}{x=0.500100}|CCOC=O{solv}{x=0.499900}>,CCCCC,CCOC=O,fb-fit-v1-single-mean-k100,2,1.65265382601995,0.0404534131489089,1.354,0.0055
12231,1836,dens_1931965346092446599,681,Density,<Substance CCCCC{solv}{x=0.504000}|CCOC=O{solv}{x=0.496000}>,CCCCC,CCOC=O,fb-fit-v1-single-mean-k100,2,0.7432886492210682,0.0002579474830318,0.7333000000000002,0.00024
12232,1837,dens_2086304425324215507,682,Density,<Substance CCCCC{solv}{x=0.298000}|CCOC=O{solv}{x=0.702000}>,CCCCC,CCOC=O,fb-fit-v1-single-mean-k100,2,0.8164481405802212,0.0002650314805518,0.7971000000000003,0.000345
12233,1838,dhmix_2117998354372981576,683,EnthalpyOfMixing,<Substance CCCCC{solv}{x=0.777900}|CCOC=O{solv}{x=0.222100}>,CCCCC,CCOC=O,fb-fit-v1-single-mean-k100,2,1.4896149889017352,0.0446256619080872,1.051,0.0045
12234,1839,dens_415189671276159712,684,Density,<Substance NCCO{solv}{x=0.785350}|c1ccncc1{solv}{x=0.214650}>,NCCO,c1ccncc1,fb-fit-v1-single-mean-k100,2,1.0383650018398989,0.0003379903707718,1.002592,0.000101
12235,1840,dhmix_607563797490786343,685,EnthalpyOfMixing,<Substance NCCO{solv}{x=0.559360}|c1ccncc1{solv}{x=0.440640}>,NCCO,c1ccncc1,fb-fit-v1-single-mean-k100,2,1.0359794841286956,0.0337692788140286,0.824,0.0035
12236,1841,dhmix_783614050589043390,686,EnthalpyOfMixing,<Substance NCCO{solv}{x=0.248120}|c1ccncc1{solv}{x=0.751880}>,NCCO,c1ccncc1,fb-fit-v1-single-mean-k100,2,0.9772316547719472,0.0389335967280011,0.779,0.0035
12237,1842,dens_907288549206652702,687,Density,<Substance NCCO{solv}{x=0.558640}|c1ccncc1{solv}{x=0.441360}>,NCCO,c1ccncc1,fb-fit-v1-single-mean-k100,2,1.0167065625079572,0.0002780778919704,0.9936870000000002,0.0001015
12238,1843,dhmix_1092036220949585875,688,EnthalpyOfMixing,<Substance NCCO{solv}{x=0.746780}|c1ccncc1{solv}{x=0.253220}>,NCCO,c1ccncc1,fb-fit-v1-single-mean-k100,2,0.6665907135768805,0.048825356066736,0.612,0.003
12239,1844,dens_2278246591298089898,689,Density,<Substance NCCO{solv}{x=0.210010}|c1ccncc1{solv}{x=0.789990}>,NCCO,c1ccncc1,fb-fit-v1-single-mean-k100,2,0.991622773563849,0.0002523677133844,0.9825660000000004,0.0001015
12240,1845,dens_419188249264987147,690,Density,<Substance CCCCC(=O)OCC{solv}{x=0.492100}|CCOC(C)=O{solv}{x=0.507900}>,CCCCC(=O)OCC,CCOC(C)=O,fb-fit-v1-single-mean-k100,2,0.8920244456702133,0.0001801676891591,0.8787300000000002,0.00012
12241,1846,dens_667714041205021070,691,Density,<Substance CCCCC(=O)OCC{solv}{x=0.304700}|CCOC(C)=O{solv}{x=0.695300}>,CCCCC(=O)OCC,CCOC(C)=O,fb-fit-v1-single-mean-k100,2,0.8988124746702524,0.0002086850998184,0.8836400000000002,0.00012
12242,1847,dhmix_1137774316856842141,692,EnthalpyOfMixing,<Substance CCCCC(=O)OCC{solv}{x=0.737600}|CCOC(C)=O{solv}{x=0.262400}>,CCCCC(=O)OCC,CCOC(C)=O,fb-fit-v1-single-mean-k100,2,0.1414991556467706,0.0513792425521067,0.114,0.0015
12243,1848,dhmix_1322441082145072072,693,EnthalpyOfMixing,<Substance CCCCC(=O)OCC{solv}{x=0.279900}|CCOC(C)=O{solv}{x=0.720100}>,CCCCC(=O)OCC,CCOC(C)=O,fb-fit-v1-single-mean-k100,2,0.0838004946794903,0.0390448240049782,0.139,0.0015
12244,1849,dens_1682638395920841051,694,Density,<Substance CCCCC(=O)OCC{solv}{x=0.752600}|CCOC(C)=O{solv}{x=0.247400}>,CCCCC(=O)OCC,CCOC(C)=O,fb-fit-v1-single-mean-k100,2,0.8842152324714947,0.0002075823205323,0.8732900000000001,0.00012
12245,1850,dhmix_2161842751879945948,695,EnthalpyOfMixing,<Substance CCCCC(=O)OCC{solv}{x=0.519800}|CCOC(C)=O{solv}{x=0.480200}>,CCCCC(=O)OCC,CCOC(C)=O,fb-fit-v1-single-mean-k100,2,0.0666669629912792,0.0437698947851634,0.154,0.002
12246,1851,dhmix_419593950323214290,696,EnthalpyOfMixing,<Substance CCCCCC(C)=O{solv}{x=0.780400}|CCN(CC)CC{solv}{x=0.219600}>,CCCCCC(C)=O,CCN(CC)CC,fb-fit-v1-single-mean-k100,2,0.2005371781424187,0.0386374699060827,0.216,0.0025
12247,1852,dens_651921010645567431,697,Density,<Substance CCCCCC(C)=O{solv}{x=0.259800}|CCN(CC)CC{solv}{x=0.740200}>,CCCCCC(C)=O,CCN(CC)CC,fb-fit-v1-single-mean-k100,2,0.7570006161377913,0.0001975993656024,0.7465820000000002,8.950000000000002e-05
12248,1853,dens_995831511901627711,698,Density,<Substance CCCCCC(C)=O{solv}{x=0.748400}|CCN(CC)CC{solv}{x=0.251600}>,CCCCCC(C)=O,CCN(CC)CC,fb-fit-v1-single-mean-k100,2,0.7948050108896811,0.0001932281940102,0.7899410000000002,0.0001055
12249,1854,dhmix_1001984601109558110,699,EnthalpyOfMixing,<Substance CCCCCC(C)=O{solv}{x=0.492000}|CCN(CC)CC{solv}{x=0.508000}>,CCCCCC(C)=O,CCN(CC)CC,fb-fit-v1-single-mean-k100,2,0.184585108181011,0.046059211259526,0.419,0.0045
12250,1855,dens_1887829851815986883,700,Density,<Substance CCCCCC(C)=O{solv}{x=0.503200}|CCN(CC)CC{solv}{x=0.496800}>,CCCCCC(C)=O,CCN(CC)CC,fb-fit-v1-single-mean-k100,2,0.7758852011056604,0.0001863701831383,0.7684760000000002,9.800000000000002e-05
12251,1856,dhmix_2085744568401562111,701,EnthalpyOfMixing,<Substance CCCCCC(C)=O{solv}{x=0.293900}|CCN(CC)CC{solv}{x=0.706100}>,CCCCCC(C)=O,CCN(CC)CC,fb-fit-v1-single-mean-k100,2,0.1521356691798701,0.0472581654628077,0.412,0.0045
12252,1857,dens_436049638479549968,702,Density,<Substance COC=O{solv}{x=0.472500}|ClCCCl{solv}{x=0.527500}>,COC=O,ClCCCl,fb-fit-v1-single-mean-k100,2,1.1384465849817076,0.0004412821464731,1.1269600000000004,0.000285
12253,1858,dens_627145458965592302,703,Density,<Substance COC=O{solv}{x=0.753000}|ClCCCl{solv}{x=0.247000}>,COC=O,ClCCCl,fb-fit-v1-single-mean-k100,2,1.073296990514795,0.0004000685234828,1.0461600000000004,0.000205
12254,1859,dhmix_731680623269260416,704,EnthalpyOfMixing,<Substance COC=O{solv}{x=0.250800}|ClCCCl{solv}{x=0.749200}>,COC=O,ClCCCl,fb-fit-v1-single-mean-k100,2,0.4099780999900648,0.029698190082096,0.0793,0.0007
12255,1860,dens_1488543630772933598,705,Density,<Substance COC=O{solv}{x=0.279500}|ClCCCl{solv}{x=0.720500}>,COC=O,ClCCCl,fb-fit-v1-single-mean-k100,2,1.1770868477565188,0.0004135275261603,1.1777100000000005,0.00034
12256,1861,dhmix_2170321998768851974,706,EnthalpyOfMixing,<Substance COC=O{solv}{x=0.732200}|ClCCCl{solv}{x=0.267800}>,COC=O,ClCCCl,fb-fit-v1-single-mean-k100,2,0.394256439225821,0.0316239966790369,0.0733,0.00065
12257,1862,dhmix_2249001225536869896,707,EnthalpyOfMixing,<Substance COC=O{solv}{x=0.487400}|ClCCCl{solv}{x=0.512600}>,COC=O,ClCCCl,fb-fit-v1-single-mean-k100,2,0.4602652239929261,0.0284528353334323,0.1028,0.0008
12258,1863,dhmix_442816374747487477,708,EnthalpyOfMixing,<Substance NCCCNCCCN{solv}{x=0.801500}|O{solv}{x=0.198500}>,NCCCNCCCN,O,fb-fit-v1-single-mean-k100,2,-1.814571730936203,0.057743246870132,-2.233,0.024
12259,1864,dhmix_1795382205757805615,709,EnthalpyOfMixing,<Substance NCCCNCCCN{solv}{x=0.300500}|O{solv}{x=0.699500}>,NCCCNCCCN,O,fb-fit-v1-single-mean-k100,2,-5.164143858777528,0.0406610353468843,-6.588,0.07
12260,1865,dhmix_1814950732748396893,710,EnthalpyOfMixing,<Substance NCCCNCCCN{solv}{x=0.499800}|O{solv}{x=0.500200}>,NCCCNCCCN,O,fb-fit-v1-single-mean-k100,2,-4.34112446613905,0.0520089513746742,-5.544,0.059
12261,1866,dhmix_446869196417408130,711,EnthalpyOfMixing,<Substance NCCNCCO{solv}{x=0.770000}|O{solv}{x=0.230000}>,NCCNCCO,O,fb-fit-v1-single-mean-k100,2,-2.1637488847106425,0.0432038072575323,-1.711,0.035
12262,1867,dhmix_673839467313503071,712,EnthalpyOfMixing,<Substance NCCNCCO{solv}{x=0.069900}|O{solv}{x=0.930100}>,NCCNCCO,O,fb-fit-v1-single-mean-k100,2,-0.7302781161653407,0.0221744760607899,-1.713,0.035
12263,1868,dens_688094438561771555,713,Density,<Substance NCCNCCO{solv}{x=0.799700}|O{solv}{x=0.200300}>,NCCNCCO,O,fb-fit-v1-single-mean-k100,2,1.085983000672005,0.000192220976238,1.0318300000000002,0.00024
12264,1869,dhmix_1682883323293489147,714,EnthalpyOfMixing,<Substance NCCNCCO{solv}{x=0.400100}|O{solv}{x=0.599900}>,NCCNCCO,O,fb-fit-v1-single-mean-k100,2,-2.462029232206035,0.0373292129756698,-4.15,0.0845
12265,1870,dens_2045176885611624977,715,Density,<Substance NCCNCCO{solv}{x=0.070000}|O{solv}{x=0.930000}>,NCCNCCO,O,fb-fit-v1-single-mean-k100,2,1.0229651610982655,0.0004815508036629,1.0222800000000003,0.000125
12266,1871,dens_2280714043292214506,716,Density,<Substance NCCNCCO{solv}{x=0.399700}|O{solv}{x=0.600300}>,NCCNCCO,O,fb-fit-v1-single-mean-k100,2,1.0657376820433218,0.00038987476214,1.0370100000000002,0.00017
12267,1872,dens_448105363780466270,717,Density,<Substance CCCCCCCl{solv}{x=0.498300}|CN(C)C=O{solv}{x=0.501700}>,CCCCCCCl,CN(C)C=O,fb-fit-v1-single-mean-k100,2,0.8895436213665145,0.0002468872375716,0.8974000000000002,0.0003
12268,1873,dens_1134260732394863277,718,Density,<Substance CCCCCCCl{solv}{x=0.729300}|CN(C)C=O{solv}{x=0.270700}>,CCCCCCCl,CN(C)C=O,fb-fit-v1-single-mean-k100,2,0.8794686001189185,0.0001946960381317,0.8844000000000002,0.0003
12269,1874,dhmix_1150917243327149472,719,EnthalpyOfMixing,<Substance CCCCCCCl{solv}{x=0.500000}|CN(C)C=O{solv}{x=0.500000}>,CCCCCCCl,CN(C)C=O,fb-fit-v1-single-mean-k100,2,1.2611725082427938,0.0388305712064513,0.847,0.004
12270,1875,dhmix_1166656674614639609,720,EnthalpyOfMixing,<Substance CCCCCCCl{solv}{x=0.204000}|CN(C)C=O{solv}{x=0.796000}>,CCCCCCCl,CN(C)C=O,fb-fit-v1-single-mean-k100,2,0.8338654528338054,0.0400453140298503,0.583,0.004
12271,1876,dhmix_1262474968830454367,721,EnthalpyOfMixing,<Substance CCCCCCCl{solv}{x=0.795000}|CN(C)C=O{solv}{x=0.205000}>,CCCCCCCl,CN(C)C=O,fb-fit-v1-single-mean-k100,2,0.8020841243505998,0.047937926868292,0.542,0.0035
12272,1877,dens_1862934255267356180,722,Density,<Substance CCCCCCCl{solv}{x=0.200700}|CN(C)C=O{solv}{x=0.799300}>,CCCCCCCl,CN(C)C=O,fb-fit-v1-single-mean-k100,2,0.9075426988863616,0.0002310150367571,0.9218000000000002,0.00025
12273,1878,dhmix_457000181442392641,723,EnthalpyOfMixing,<Substance CCOCCO{solv}{x=0.241100}|c1ccccc1{solv}{x=0.758900}>,CCOCCO,c1ccccc1,fb-fit-v1-single-mean-k100,2,0.7317859659455763,0.04407117519734,0.6303,0.00815
12274,1879,dhmix_501726034520661035,724,EnthalpyOfMixing,<Substance CCOCCO{solv}{x=0.733600}|c1ccccc1{solv}{x=0.266400}>,CCOCCO,c1ccccc1,fb-fit-v1-single-mean-k100,2,0.4086587313125989,0.0456086766671931,0.2326,0.0033
12275,1880,dens_577983044895299238,725,Density,<Substance CCOCCO{solv}{x=0.251800}|c1ccccc1{solv}{x=0.748200}>,CCOCCO,c1ccccc1,fb-fit-v1-single-mean-k100,2,0.8960766064811057,0.000202752253927,0.8849000000000002,0.00081
12276,1881,dens_1506946378386070831,726,Density,<Substance CCOCCO{solv}{x=0.750800}|c1ccccc1{solv}{x=0.249200}>,CCOCCO,c1ccccc1,fb-fit-v1-single-mean-k100,2,0.9157777298945908,0.0002201691298809,0.9134500000000004,0.000685
12277,1882,dhmix_1801594081157333975,727,EnthalpyOfMixing,<Substance CCOCCO{solv}{x=0.478600}|c1ccccc1{solv}{x=0.521400}>,CCOCCO,c1ccccc1,fb-fit-v1-single-mean-k100,2,0.6147091887288099,0.0416324024371528,0.4912,0.00645
12278,1883,dens_2128846755225827916,728,Density,<Substance CCOCCO{solv}{x=0.504800}|c1ccccc1{solv}{x=0.495200}>,CCOCCO,c1ccccc1,fb-fit-v1-single-mean-k100,2,0.9055484446968782,0.000248970463388,0.8995700000000003,0.000745
12279,1884,dhmix_466383569529620932,729,EnthalpyOfMixing,<Substance CC(=O)N(C)C{solv}{x=0.505000}|CCCCCCCl{solv}{x=0.495000}>,CC(=O)N(C)C,CCCCCCCl,fb-fit-v1-single-mean-k100,2,0.8327924815806398,0.0456293652468192,0.61,0.003
12280,1885,dhmix_493694362228351572,730,EnthalpyOfMixing,<Substance CC(=O)N(C)C{solv}{x=0.798000}|CCCCCCCl{solv}{x=0.202000}>,CC(=O)N(C)C,CCCCCCCl,fb-fit-v1-single-mean-k100,2,0.6044193940855367,0.0351462024046717,0.425,0.003
12281,1886,dhmix_626564461179097700,731,EnthalpyOfMixing,<Substance CC(=O)N(C)C{solv}{x=0.211000}|CCCCCCCl{solv}{x=0.789000}>,CC(=O)N(C)C,CCCCCCCl,fb-fit-v1-single-mean-k100,2,0.550465137662016,0.0406766990990373,0.38,0.003
12282,1887,dens_1720641323575133011,732,Density,<Substance CC(=O)N(C)C{solv}{x=0.200300}|CCCCCCCl{solv}{x=0.799700}>,CC(=O)N(C)C,CCCCCCCl,fb-fit-v1-single-mean-k100,2,0.8765576977348665,0.0002299353311535,0.8816000000000003,0.00025
12283,1888,dens_1817345990638851984,733,Density,<Substance CC(=O)N(C)C{solv}{x=0.503000}|CCCCCCCl{solv}{x=0.497000}>,CC(=O)N(C)C,CCCCCCCl,fb-fit-v1-single-mean-k100,2,0.8863020724849975,0.0002464292073421,0.8975000000000002,0.00025
12284,1889,dens_1885054129776339889,734,Density,<Substance CC(=O)N(C)C{solv}{x=0.699200}|CCCCCCCl{solv}{x=0.300800}>,CC(=O)N(C)C,CCCCCCCl,fb-fit-v1-single-mean-k100,2,0.8942753424648847,0.0002107923599195,0.9104000000000002,0.0002
12285,1890,dens_468507243072548580,735,Density,<Substance CCC#N{solv}{x=0.701200}|CCOC(C)(C)CC{solv}{x=0.298800}>,CCC#N,CCOC(C)(C)CC,fb-fit-v1-single-mean-k100,2,0.7715427107028386,0.0002537829365199,0.7715000000000002,0.0004
12286,1891,dhmix_553135124490085656,736,EnthalpyOfMixing,<Substance CCC#N{solv}{x=0.502500}|CCOC(C)(C)CC{solv}{x=0.497500}>,CCC#N,CCOC(C)(C)CC,fb-fit-v1-single-mean-k100,2,0.3020458148778182,0.0364841465234958,0.7023,0.00955
12287,1892,dens_762108332272225600,737,Density,<Substance CCC#N{solv}{x=0.502500}|CCOC(C)(C)CC{solv}{x=0.497500}>,CCC#N,CCOC(C)(C)CC,fb-fit-v1-single-mean-k100,2,0.7690967559534256,0.0002057956654558,0.7683000000000001,0.00035
12288,1893,dens_967634241844220739,738,Density,<Substance CCC#N{solv}{x=0.200900}|CCOC(C)(C)CC{solv}{x=0.799100}>,CCC#N,CCOC(C)(C)CC,fb-fit-v1-single-mean-k100,2,0.7642908969660832,0.0002173557180894,0.7638000000000001,0.00025
12289,1894,dhmix_1961082112686431376,739,EnthalpyOfMixing,<Substance CCC#N{solv}{x=0.200900}|CCOC(C)(C)CC{solv}{x=0.799100}>,CCC#N,CCOC(C)(C)CC,fb-fit-v1-single-mean-k100,2,0.0875888186557318,0.0540364301735253,0.502,0.00685
12290,1895,dhmix_2005765786246998093,740,EnthalpyOfMixing,<Substance CCC#N{solv}{x=0.701200}|CCOC(C)(C)CC{solv}{x=0.298800}>,CCC#N,CCOC(C)(C)CC,fb-fit-v1-single-mean-k100,2,0.1791245661181832,0.0348894816066653,0.5863,0.008
12291,1896,dhmix_471514663464011364,741,EnthalpyOfMixing,<Substance C1CCOCC1{solv}{x=0.722000}|CCCCCO{solv}{x=0.278000}>,C1CCOCC1,CCCCCO,fb-fit-v1-single-mean-k100,2,1.015076786295488,0.0427014942471811,0.8628,0.00745
12292,1897,dens_910343796235321484,742,Density,<Substance C1CCOCC1{solv}{x=0.298700}|CCCCCO{solv}{x=0.701300}>,C1CCOCC1,CCCCCO,fb-fit-v1-single-mean-k100,2,0.8290421438989775,0.000234493172844,0.8293300000000002,0.00034
12293,1898,dens_1812069868432416079,743,Density,<Substance C1CCOCC1{solv}{x=0.800000}|CCCCCO{solv}{x=0.200000}>,C1CCOCC1,CCCCCO,fb-fit-v1-single-mean-k100,2,0.8603593938620613,0.0002162579670104,0.8635900000000002,0.000315
12294,1899,dhmix_1936206883965149188,744,EnthalpyOfMixing,<Substance C1CCOCC1{solv}{x=0.526000}|CCCCCO{solv}{x=0.474000}>,C1CCOCC1,CCCCCO,fb-fit-v1-single-mean-k100,2,1.2391231137579697,0.0411869142616969,0.97,0.00615
12295,1900,dhmix_1992318015190346725,745,EnthalpyOfMixing,<Substance C1CCOCC1{solv}{x=0.217000}|CCCCCO{solv}{x=0.783000}>,C1CCOCC1,CCCCCO,fb-fit-v1-single-mean-k100,2,0.723843207930372,0.0519059724638885,0.6006,0.00455
12296,1901,dens_2204330198012032768,746,Density,<Substance C1CCOCC1{solv}{x=0.499400}|CCCCCO{solv}{x=0.500600}>,C1CCOCC1,CCCCCO,fb-fit-v1-single-mean-k100,2,0.8410220528986669,0.0001478483511006,0.8425400000000002,0.00033
12297,1902,dhmix_472822428299818953,747,EnthalpyOfMixing,<Substance CC(C)CC(C)(C)C{solv}{x=0.700500}|CCCCO{solv}{x=0.299500}>,CC(C)CC(C)(C)C,CCCCO,fb-fit-v1-single-mean-k100,2,0.6283862962533249,0.0494815024333674,0.6228,0.0028
12298,1903,dhmix_628387028768654403,748,EnthalpyOfMixing,<Substance CC(C)CC(C)(C)C{solv}{x=0.499900}|CCCCO{solv}{x=0.500100}>,CC(C)CC(C)(C)C,CCCCO,fb-fit-v1-single-mean-k100,2,0.5169370580418473,0.0454573102942813,0.5938,0.0027
12299,1904,dens_631668933678639865,749,Density,<Substance CC(C)CC(C)(C)C{solv}{x=0.200000}|CCCCO{solv}{x=0.800000}>,CC(C)CC(C)(C)C,CCCCO,fb-fit-v1-single-mean-k100,2,0.7777955234474369,0.0001557986948093,0.7696800000000001,0.000295
12300,1905,dens_1394470087977586253,750,Density,<Substance CC(C)CC(C)(C)C{solv}{x=0.500000}|CCCCO{solv}{x=0.500000}>,CC(C)CC(C)(C)C,CCCCO,fb-fit-v1-single-mean-k100,2,0.7462861811716189,0.0002086731367648,0.7294000000000002,0.000285
12301,1906,dens_1809610870413503056,751,Density,<Substance CC(C)CC(C)(C)C{solv}{x=0.699900}|CCCCO{solv}{x=0.300100}>,CC(C)CC(C)(C)C,CCCCO,fb-fit-v1-single-mean-k100,2,0.7314837201951873,0.0001976657504304,0.7097700000000001,0.000285
12302,1907,dhmix_2302589146189152767,752,EnthalpyOfMixing,<Substance CC(C)CC(C)(C)C{solv}{x=0.200200}|CCCCO{solv}{x=0.799800}>,CC(C)CC(C)(C)C,CCCCO,fb-fit-v1-single-mean-k100,2,0.4322722113977733,0.0460590019445894,0.27646,0.003235
12303,1908,dens_486902622078179007,753,Density,<Substance COC=O{solv}{x=0.494600}|CO{solv}{x=0.505400}>,CO,COC=O,fb-fit-v1-single-mean-k100,2,0.9090404529413308,0.0003530741064013,0.8956100000000002,7.500000000000002e-05
12304,1909,dens_750646162221180186,754,Density,<Substance COC=O{solv}{x=0.083300}|CO{solv}{x=0.916700}>,CO,COC=O,fb-fit-v1-single-mean-k100,2,0.7941320024354656,0.0004933542373729,0.8088000000000002,9.000000000000002e-05
12305,1910,dhmix_1113631207235753369,755,EnthalpyOfMixing,<Substance COC=O{solv}{x=0.717800}|CO{solv}{x=0.282200}>,CO,COC=O,fb-fit-v1-single-mean-k100,2,0.8519103920556645,0.0328138536914249,1.105,0.012
12306,1911,dhmix_2143911117683117531,756,EnthalpyOfMixing,<Substance COC=O{solv}{x=0.512700}|CO{solv}{x=0.487300}>,CO,COC=O,fb-fit-v1-single-mean-k100,2,1.0832316159152295,0.0260093427431272,1.179,0.0125
12307,1912,dens_2148324189014877510,757,Density,<Substance COC=O{solv}{x=0.727100}|CO{solv}{x=0.272900}>,CO,COC=O,fb-fit-v1-single-mean-k100,2,0.9582703240551528,0.0003626216458321,0.9321000000000004,8.000000000000002e-05
12308,1913,dhmix_2205254965267695203,758,EnthalpyOfMixing,<Substance COC=O{solv}{x=0.083300}|CO{solv}{x=0.916700}>,CO,COC=O,fb-fit-v1-single-mean-k100,2,0.3376539594637737,0.0276790716116043,0.311,0.0035
12309,1914,dhmix_497300242003673148,759,EnthalpyOfMixing,<Substance BrCCBr{solv}{x=0.284100}|CCCCOC(=O)CCC{solv}{x=0.715900}>,BrCCBr,CCCCOC(=O)CCC,fb-fit-v1-single-mean-k100,2,-0.5559616695416594,0.0511963235181295,-0.054,0.001
12310,1915,dhmix_712261179736749495,760,EnthalpyOfMixing,<Substance BrCCBr{solv}{x=0.515300}|CCCCOC(=O)CCC{solv}{x=0.484700}>,BrCCBr,CCCCOC(=O)CCC,fb-fit-v1-single-mean-k100,2,-0.7217490017420118,0.0447394272773596,-0.027,0.0005
12311,1916,dens_846614854165535724,761,Density,<Substance BrCCBr{solv}{x=0.212900}|CCCCOC(=O)CCC{solv}{x=0.787100}>,BrCCBr,CCCCOC(=O)CCC,fb-fit-v1-single-mean-k100,2,1.028180409447364,0.0002543431706358,1.0245500000000003,0.00013
12312,1917,dens_1085110183353279404,762,Density,<Substance BrCCBr{solv}{x=0.730000}|CCCCOC(=O)CCC{solv}{x=0.270000}>,BrCCBr,CCCCOC(=O)CCC,fb-fit-v1-single-mean-k100,2,1.6090390762034883,0.0004649845280553,1.6231500000000003,0.000405
12313,1918,dhmix_2153957437015117204,763,EnthalpyOfMixing,<Substance BrCCBr{solv}{x=0.763900}|CCCCOC(=O)CCC{solv}{x=0.236100}>,BrCCBr,CCCCOC(=O)CCC,fb-fit-v1-single-mean-k100,2,-0.487850345353614,0.0352504663287015,0.051,0.001
12314,1919,dens_2242615301342819560,764,Density,<Substance BrCCBr{solv}{x=0.449300}|CCCCOC(=O)CCC{solv}{x=0.550700}>,BrCCBr,CCCCOC(=O)CCC,fb-fit-v1-single-mean-k100,2,1.2508852137384106,0.0002170858212478,1.2506100000000002,0.000225
12315,1920,dens_501060706627477242,765,Density,<Substance OC1=NCCC1{solv}{x=0.500000}|O{solv}{x=0.500000}>,O,OC1=NCCC1,fb-fit-v1-single-mean-k100,2,1.0513434383899436,0.0002415698117635,1.0977070000000004,0.0005555
12316,1921,dens_929065521104254808,766,Density,<Substance OC1=NCCC1{solv}{x=0.744800}|O{solv}{x=0.255200}>,O,OC1=NCCC1,fb-fit-v1-single-mean-k100,2,1.0595520092171902,0.0003588789898423,1.1044310000000004,0.000577
12317,1922,dhmix_1128968771311392860,767,EnthalpyOfMixing,<Substance OC1=NCCC1{solv}{x=0.769300}|O{solv}{x=0.230700}>,O,OC1=NCCC1,fb-fit-v1-single-mean-k100,2,0.605648132638791,0.0361930937879345,-0.678,0.1695
12318,1923,dens_1192491633684345401,768,Density,<Substance OC1=NCCC1{solv}{x=0.246800}|O{solv}{x=0.753200}>,O,OC1=NCCC1,fb-fit-v1-single-mean-k100,2,1.03397248878917,0.0003907171204275,1.077068,0.0004905
12319,1924,dhmix_1775375132531538271,769,EnthalpyOfMixing,<Substance OC1=NCCC1{solv}{x=0.478300}|O{solv}{x=0.521700}>,O,OC1=NCCC1,fb-fit-v1-single-mean-k100,2,0.6553266779994971,0.0298647622759308,-0.8384,0.20965
12320,1925,dhmix_1895825007089845103,770,EnthalpyOfMixing,<Substance OC1=NCCC1{solv}{x=0.231900}|O{solv}{x=0.768100}>,O,OC1=NCCC1,fb-fit-v1-single-mean-k100,2,0.5585525736405401,0.0255951605770784,-0.5238,0.13095
12321,1926,dens_502738970558558534,771,Density,<Substance BrCCBr{solv}{x=0.749000}|COC=O{solv}{x=0.251000}>,BrCCBr,COC=O,fb-fit-v1-single-mean-k100,2,1.90103394494086,0.0006412100638328,1.9319600000000008,0.003535
12322,1927,dhmix_523129341332875255,772,EnthalpyOfMixing,<Substance BrCCBr{solv}{x=0.059500}|COC=O{solv}{x=0.940500}>,BrCCBr,COC=O,fb-fit-v1-single-mean-k100,2,0.2299129107944479,0.0318033241259069,0.1715,0.00215
12323,1928,dens_528986974844153101,773,Density,<Substance BrCCBr{solv}{x=0.059800}|COC=O{solv}{x=0.940200}>,BrCCBr,COC=O,fb-fit-v1-single-mean-k100,2,1.099575302820644,0.0003859820315128,1.06428,0.00056
12324,1929,dhmix_1521152703631810888,774,EnthalpyOfMixing,<Substance BrCCBr{solv}{x=0.757400}|COC=O{solv}{x=0.242600}>,BrCCBr,COC=O,fb-fit-v1-single-mean-k100,2,0.5552692855753012,0.0243858716925062,0.653,0.00585
12325,1930,dhmix_1685647138770344206,775,EnthalpyOfMixing,<Substance BrCCBr{solv}{x=0.528100}|COC=O{solv}{x=0.471900}>,BrCCBr,COC=O,fb-fit-v1-single-mean-k100,2,0.9555258315875368,0.0304991081316701,0.8123,0.00705
12326,1931,dens_1945150067923572864,776,Density,<Substance BrCCBr{solv}{x=0.501500}|COC=O{solv}{x=0.498500}>,BrCCBr,COC=O,fb-fit-v1-single-mean-k100,2,1.6603155363079392,0.0003997099097815,1.6620300000000003,0.00232
12327,1932,dens_511283508189056955,777,Density,<Substance CCO{solv}{x=0.291400}|CN(C)CCO{solv}{x=0.708600}>,CCO,CN(C)CCO,fb-fit-v1-single-mean-k100,2,0.8922435711716575,0.0002636589429415,0.8710100000000002,0.000165
12328,1933,dhmix_1055456388735168345,778,EnthalpyOfMixing,<Substance CCO{solv}{x=0.508400}|CN(C)CCO{solv}{x=0.491600}>,CCO,CN(C)CCO,fb-fit-v1-single-mean-k100,2,-0.7074017874984619,0.0403966666518806,-0.4044,0.0044
12329,1934,dens_1119930253414624267,779,Density,<Substance CCO{solv}{x=0.699500}|CN(C)CCO{solv}{x=0.300500}>,CCO,CN(C)CCO,fb-fit-v1-single-mean-k100,2,0.8467341092952076,0.0002034471058239,0.8345000000000002,0.000135
12330,1935,dhmix_1132835222292135012,780,EnthalpyOfMixing,<Substance CCO{solv}{x=0.268600}|CN(C)CCO{solv}{x=0.731400}>,CCO,CN(C)CCO,fb-fit-v1-single-mean-k100,2,-0.547153754205965,0.043442058293836,-0.2783,0.0031
12331,1936,dens_1964926738263319597,781,Density,<Substance CCO{solv}{x=0.494900}|CN(C)CCO{solv}{x=0.505100}>,CCO,CN(C)CCO,fb-fit-v1-single-mean-k100,2,0.873062372202247,0.0002664269892952,0.8566200000000002,0.00015
12332,1937,dhmix_2011138895468245368,782,EnthalpyOfMixing,<Substance CCO{solv}{x=0.733500}|CN(C)CCO{solv}{x=0.266500}>,CCO,CN(C)CCO,fb-fit-v1-single-mean-k100,2,-0.5703886115774921,0.0352834086101209,-0.3657,0.004
12333,1938,dhmix_517287783481256565,783,EnthalpyOfMixing,<Substance CN(C)C=O{solv}{x=0.701000}|ClCCCCCl{solv}{x=0.299000}>,CN(C)C=O,ClCCCCCl,fb-fit-v1-single-mean-k100,2,0.3724397123773855,0.0334899594506827,-0.052,0.002
12334,1939,dens_765057686797526715,784,Density,<Substance CN(C)C=O{solv}{x=0.794300}|ClCCCCCl{solv}{x=0.205700}>,CN(C)C=O,ClCCCCCl,fb-fit-v1-single-mean-k100,2,0.9784965161455582,0.0002478676106834,0.9934000000000002,0.00245
12335,1940,dens_1092490027864410415,785,Density,<Substance CN(C)C=O{solv}{x=0.502200}|ClCCCCCl{solv}{x=0.497800}>,CN(C)C=O,ClCCCCCl,fb-fit-v1-single-mean-k100,2,1.042537595256294,0.0002864416719329,1.0524000000000004,0.0022
12336,1941,dens_1571926938169630329,786,Density,<Substance CN(C)C=O{solv}{x=0.299400}|ClCCCCCl{solv}{x=0.700600}>,CN(C)C=O,ClCCCCCl,fb-fit-v1-single-mean-k100,2,1.080385967578556,0.0003081308672965,1.0879000000000003,0.0021
12337,1942,dhmix_1989422051580285053,787,EnthalpyOfMixing,<Substance CN(C)C=O{solv}{x=0.501000}|ClCCCCCl{solv}{x=0.499000}>,CN(C)C=O,ClCCCCCl,fb-fit-v1-single-mean-k100,2,0.552967397579728,0.0402933252074187,-0.056,0.002
12338,1943,dhmix_2190775305913174779,788,EnthalpyOfMixing,<Substance CN(C)C=O{solv}{x=0.204000}|ClCCCCCl{solv}{x=0.796000}>,CN(C)C=O,ClCCCCCl,fb-fit-v1-single-mean-k100,2,0.3251150593929779,0.0380221542327459,-0.039,0.002
12339,1944,dens_518199256039095036,789,Density,<Substance CCCCO{solv}{x=0.496400}|NCCN{solv}{x=0.503600}>,CCCCO,NCCN,fb-fit-v1-single-mean-k100,2,0.8823879516313339,0.0002561589625529,0.8519430000000002,0.000219
12340,1945,dens_866492593379488722,790,Density,<Substance CCCCO{solv}{x=0.739800}|NCCN{solv}{x=0.260200}>,CCCCO,NCCN,fb-fit-v1-single-mean-k100,2,0.8418580459502212,0.0002418064910505,0.8325090000000002,0.000221
12341,1946,dens_2064365769538781360,791,Density,<Substance CCCCO{solv}{x=0.291900}|NCCN{solv}{x=0.708100}>,CCCCO,NCCN,fb-fit-v1-single-mean-k100,2,0.9234081133526124,0.0002696228550436,0.8676960000000002,0.0002205
12342,1947,dens_520201021244222151,792,Density,<Substance O=C1CCCO1{solv}{x=0.300000}|O{solv}{x=0.700000}>,O,O=C1CCCO1,fb-fit-v1-single-mean-k100,2,1.064648074327551,0.0003541686352011,1.0886000000000002,0.0001
12343,1948,dens_2198925124601089428,793,Density,<Substance O=C1CCCO1{solv}{x=0.500000}|O{solv}{x=0.500000}>,O,O=C1CCCO1,fb-fit-v1-single-mean-k100,2,1.08793287430808,0.0003682104781669,1.1059000000000003,0.0001
12344,1949,dens_2272207838075726438,794,Density,<Substance O=C1CCCO1{solv}{x=0.800000}|O{solv}{x=0.200000}>,O,O=C1CCCO1,fb-fit-v1-single-mean-k100,2,1.1071852581462234,0.0002743817259402,1.1182000000000003,0.0001
12345,1950,dhmix_524376395520217080,795,EnthalpyOfMixing,<Substance CC(C)CC(C)(C)C{solv}{x=0.440700}|CCCC(=O)OC{solv}{x=0.559300}>,CC(C)CC(C)(C)C,CCCC(=O)OC,fb-fit-v1-single-mean-k100,2,1.4434498159439784,0.0471087154599305,1.053,0.0115
12346,1951,dens_581090592491592243,796,Density,<Substance CC(C)CC(C)(C)C{solv}{x=0.298100}|CCCC(=O)OC{solv}{x=0.701900}>,CC(C)CC(C)(C)C,CCCC(=O)OC,fb-fit-v1-single-mean-k100,2,0.8276759529707967,0.0002183551522158,0.8119000000000002,0.000505
12347,1952,dens_1497434747823371430,797,Density,<Substance CC(C)CC(C)(C)C{solv}{x=0.724300}|CCCC(=O)OC{solv}{x=0.275700}>,CC(C)CC(C)(C)C,CCCC(=O)OC,fb-fit-v1-single-mean-k100,2,0.7502667838788003,0.000130421777094,0.7279000000000001,0.000505
12348,1953,dhmix_1614087501371550297,798,EnthalpyOfMixing,<Substance CC(C)CC(C)(C)C{solv}{x=0.762900}|CCCC(=O)OC{solv}{x=0.237100}>,CC(C)CC(C)(C)C,CCCC(=O)OC,fb-fit-v1-single-mean-k100,2,1.3477449450300585,0.0500102272214295,0.789,0.0085
12349,1954,dens_1842979547629422953,799,Density,<Substance CC(C)CC(C)(C)C{solv}{x=0.441000}|CCCC(=O)OC{solv}{x=0.559000}>,CC(C)CC(C)(C)C,CCCC(=O)OC,fb-fit-v1-single-mean-k100,2,0.7981225752144003,0.0002075676261536,0.7803000000000001,0.000505
12350,1955,dhmix_2246911102339588209,800,EnthalpyOfMixing,<Substance CC(C)CC(C)(C)C{solv}{x=0.298200}|CCCC(=O)OC{solv}{x=0.701800}>,CC(C)CC(C)(C)C,CCCC(=O)OC,fb-fit-v1-single-mean-k100,2,1.2478494106526838,0.0456015332232372,0.884,0.0095
12351,1956,dhmix_536798507677319129,801,EnthalpyOfMixing,<Substance C1COCO1{solv}{x=0.267900}|Cc1ccccc1Cl{solv}{x=0.732100}>,C1COCO1,Cc1ccccc1Cl,fb-fit-v1-single-mean-k100,2,0.2909323691903012,0.0408170601712752,0.272,0.0015
12352,1957,dens_559535483529614058,802,Density,<Substance C1COCO1{solv}{x=0.726600}|Cc1ccccc1Cl{solv}{x=0.273400}>,C1COCO1,Cc1ccccc1Cl,fb-fit-v1-single-mean-k100,2,1.0851158736039686,0.0002941436298977,1.0652000000000004,0.0005
12353,1958,dens_731520844601672570,803,Density,<Substance C1COCO1{solv}{x=0.268500}|Cc1ccccc1Cl{solv}{x=0.731500}>,C1COCO1,Cc1ccccc1Cl,fb-fit-v1-single-mean-k100,2,1.0802109211848314,0.000260051180683,1.0630000000000002,0.0005
12354,1959,dens_839907656840905053,804,Density,<Substance C1COCO1{solv}{x=0.516900}|Cc1ccccc1Cl{solv}{x=0.483100}>,C1COCO1,Cc1ccccc1Cl,fb-fit-v1-single-mean-k100,2,1.0881535257416424,0.0002613648946095,1.0694000000000004,0.0005
12355,1960,dhmix_1308085019204784636,805,EnthalpyOfMixing,<Substance C1COCO1{solv}{x=0.500900}|Cc1ccccc1Cl{solv}{x=0.499100}>,C1COCO1,Cc1ccccc1Cl,fb-fit-v1-single-mean-k100,2,0.4016216649984869,0.040521717979235,0.393,0.002
12356,1961,dhmix_1924685013370154802,806,EnthalpyOfMixing,<Substance C1COCO1{solv}{x=0.760400}|Cc1ccccc1Cl{solv}{x=0.239600}>,C1COCO1,Cc1ccccc1Cl,fb-fit-v1-single-mean-k100,2,0.2468717460661196,0.0414457424010771,0.313,0.0015
12357,1962,dhmix_549919019055097043,807,EnthalpyOfMixing,<Substance C1CCCCC1{solv}{x=0.799100}|CC(C)O{solv}{x=0.200900}>,C1CCCCC1,CC(C)O,fb-fit-v1-single-mean-k100,2,0.7577672822883699,0.0346209720383414,0.702,0.017
12358,1963,dhmix_1101575580592240663,808,EnthalpyOfMixing,<Substance C1CCCCC1{solv}{x=0.199500}|CC(C)O{solv}{x=0.800500}>,C1CCCCC1,CC(C)O,fb-fit-v1-single-mean-k100,2,0.4610279997712494,0.0446926102570954,0.438,0.011
12359,1964,dhmix_1262965345724899699,809,EnthalpyOfMixing,<Substance C1CCCCC1{solv}{x=0.498400}|CC(C)O{solv}{x=0.501600}>,C1CCCCC1,CC(C)O,fb-fit-v1-single-mean-k100,2,0.769639562119341,0.0399929295346553,0.801,0.0195
12360,1965,dens_1431184569437551541,810,Density,<Substance C1CCCCC1{solv}{x=0.705800}|CC(C)O{solv}{x=0.294200}>,C1CCCCC1,CC(C)O,fb-fit-v1-single-mean-k100,2,0.7716917914036024,0.0002488901428557,0.7711100000000002,0.000245
12361,1966,dens_2097249982689376165,811,Density,<Substance C1CCCCC1{solv}{x=0.200000}|CC(C)O{solv}{x=0.800000}>,C1CCCCC1,CC(C)O,fb-fit-v1-single-mean-k100,2,0.7903927598808895,0.0002764926567164,0.7761000000000002,0.0003
12362,1967,dens_2130071224188444793,812,Density,<Substance C1CCCCC1{solv}{x=0.503900}|CC(C)O{solv}{x=0.496100}>,C1CCCCC1,CC(C)O,fb-fit-v1-single-mean-k100,2,0.7768895165583153,0.0002300083253083,0.7719000000000001,0.0003
12363,1968,dens_562489367284385084,813,Density,<Substance CCCCC(=O)OC{solv}{x=0.251100}|COC(C)=O{solv}{x=0.748900}>,CCCCC(=O)OC,COC(C)=O,fb-fit-v1-single-mean-k100,2,0.9228879967866648,0.0002561726366333,0.9105300000000002,0.000505
12364,1969,dhmix_814771684244180933,814,EnthalpyOfMixing,<Substance CCCCC(=O)OC{solv}{x=0.733900}|COC(C)=O{solv}{x=0.266100}>,CCCCC(=O)OC,COC(C)=O,fb-fit-v1-single-mean-k100,2,0.161906857174535,0.0458832103245269,0.178,0.002
12365,1970,dhmix_915202362324204655,815,EnthalpyOfMixing,<Substance CCCCC(=O)OC{solv}{x=0.505500}|COC(C)=O{solv}{x=0.494500}>,CCCCC(=O)OC,COC(C)=O,fb-fit-v1-single-mean-k100,2,0.1726204408738425,0.0339005695582955,0.238,0.0025
12366,1971,dhmix_935892165648195197,816,EnthalpyOfMixing,<Substance CCCCC(=O)OC{solv}{x=0.234700}|COC(C)=O{solv}{x=0.765300}>,CCCCC(=O)OC,COC(C)=O,fb-fit-v1-single-mean-k100,2,0.2499937338876208,0.0419257928591076,0.173,0.002
12367,1972,dens_961692445804333991,817,Density,<Substance CCCCC(=O)OC{solv}{x=0.738300}|COC(C)=O{solv}{x=0.261700}>,CCCCC(=O)OC,COC(C)=O,fb-fit-v1-single-mean-k100,2,0.9001147766654501,0.00022470453806,0.8914700000000002,0.000505
12368,1973,dens_1493380961688632529,818,Density,<Substance CCCCC(=O)OC{solv}{x=0.493500}|COC(C)=O{solv}{x=0.506500}>,CCCCC(=O)OC,COC(C)=O,fb-fit-v1-single-mean-k100,2,0.9105056437627252,0.0002243263853545,0.8996200000000002,0.000505
12369,1974,dhmix_563342363018905515,819,EnthalpyOfMixing,<Substance CCOC(=O)CC(C)=O{solv}{x=0.751400}|O{solv}{x=0.248600}>,CCOC(=O)CC(C)=O,O,fb-fit-v1-single-mean-k100,2,0.7674483286878058,0.0371698584645033,1.128,0.012
12370,1975,dhmix_1385095028103136291,820,EnthalpyOfMixing,<Substance CCOC(=O)CC(C)=O{solv}{x=0.449100}|O{solv}{x=0.550900}>,CCOC(=O)CC(C)=O,O,fb-fit-v1-single-mean-k100,2,0.7364071659174556,0.0310966812290138,0.684,0.0075
12371,1976,dhmix_1609967394780907654,821,EnthalpyOfMixing,<Substance CCOC(=O)CC(C)=O{solv}{x=0.299400}|O{solv}{x=0.700600}>,CCOC(=O)CC(C)=O,O,fb-fit-v1-single-mean-k100,2,0.5444507580092903,0.0240109396191283,0.428,0.005
12372,1977,dhmix_566259260175961973,822,EnthalpyOfMixing,<Substance CCCCO{solv}{x=0.144700}|OC1=NCCC1{solv}{x=0.855300}>,CCCCO,OC1=NCCC1,fb-fit-v1-single-mean-k100,2,0.7955342386722606,0.0363157043006125,0.0949,0.0012
12373,1978,dens_1146983614802652988,823,Density,<Substance CCCCO{solv}{x=0.500400}|OC1=NCCC1{solv}{x=0.499600}>,CCCCO,OC1=NCCC1,fb-fit-v1-single-mean-k100,2,0.9296765954170342,0.0002220214933764,0.94503,0.00015
12374,1979,dhmix_1601732489230179724,824,EnthalpyOfMixing,<Substance CCCCO{solv}{x=0.497800}|OC1=NCCC1{solv}{x=0.502200}>,CCCCO,OC1=NCCC1,fb-fit-v1-single-mean-k100,2,1.610396311552826,0.0333604493857839,0.2326,0.0026
12375,1980,dhmix_1661138478850718837,825,EnthalpyOfMixing,<Substance CCCCO{solv}{x=0.754800}|OC1=NCCC1{solv}{x=0.245200}>,CCCCO,OC1=NCCC1,fb-fit-v1-single-mean-k100,2,1.2915693288178884,0.039677247770793,0.2356,0.00265
12376,1981,dens_1878955695276199878,826,Density,<Substance CCCCO{solv}{x=0.144600}|OC1=NCCC1{solv}{x=0.855400}>,CCCCO,OC1=NCCC1,fb-fit-v1-single-mean-k100,2,1.0216192391021872,0.0002428911093817,1.0575900000000005,0.000205
12377,1982,dens_2101998760005952263,827,Density,<Substance CCCCO{solv}{x=0.755500}|OC1=NCCC1{solv}{x=0.244500}>,CCCCO,OC1=NCCC1,fb-fit-v1-single-mean-k100,2,0.8658142350179701,0.0002427075474797,0.8711500000000002,0.000185
12378,1983,dhmix_569012254773025696,828,EnthalpyOfMixing,<Substance CC(C)(C)O{solv}{x=0.505700}|OC1=NCCC1{solv}{x=0.494300}>,CC(C)(C)O,OC1=NCCC1,fb-fit-v1-single-mean-k100,2,1.981677087707837,0.0403089780688817,0.4323,0.0047
12379,1984,dens_992979807705536615,829,Density,<Substance CC(C)(C)O{solv}{x=0.751100}|OC1=NCCC1{solv}{x=0.248900}>,CC(C)(C)O,OC1=NCCC1,fb-fit-v1-single-mean-k100,2,0.8731616830372148,0.0004141104553236,0.8505700000000003,0.000215
12380,1985,dens_1020722913861580636,830,Density,<Substance CC(C)(C)O{solv}{x=0.499700}|OC1=NCCC1{solv}{x=0.500300}>,CC(C)(C)O,OC1=NCCC1,fb-fit-v1-single-mean-k100,2,0.9316124996837506,0.0002597310558594,0.9282800000000002,0.00018
12381,1986,dhmix_1408261346335628114,831,EnthalpyOfMixing,<Substance CC(C)(C)O{solv}{x=0.744900}|OC1=NCCC1{solv}{x=0.255100}>,CC(C)(C)O,OC1=NCCC1,fb-fit-v1-single-mean-k100,2,1.6979963805940486,0.037689665208141,0.3774,0.00415
12382,1987,dhmix_1466823939183874689,832,EnthalpyOfMixing,<Substance CC(C)(C)O{solv}{x=0.257800}|OC1=NCCC1{solv}{x=0.742200}>,CC(C)(C)O,OC1=NCCC1,fb-fit-v1-single-mean-k100,2,1.2469158649076206,0.0422525032813228,0.2874,0.0032
12383,1988,dens_1768273433543243004,833,Density,<Substance CC(C)(C)O{solv}{x=0.276400}|OC1=NCCC1{solv}{x=0.723600}>,CC(C)(C)O,OC1=NCCC1,fb-fit-v1-single-mean-k100,2,0.989197889743562,0.0003359360251282,1.0036300000000002,0.000155
12384,1989,dens_571827819113574480,834,Density,<Substance CC(C)OC(C)C{solv}{x=0.700400}|Cc1ccccc1{solv}{x=0.299600}>,CC(C)OC(C)C,Cc1ccccc1,fb-fit-v1-single-mean-k100,2,0.770788827367904,0.0002348902078225,0.7573100000000001,0.000155
12385,1990,dhmix_686402805609192969,835,EnthalpyOfMixing,<Substance CC(C)OC(C)C{solv}{x=0.228000}|Cc1ccccc1{solv}{x=0.772000}>,CC(C)OC(C)C,Cc1ccccc1,fb-fit-v1-single-mean-k100,2,0.042881008596467,0.044303726065959,0.0593,0.00515
12386,1991,dhmix_1045652173440309018,836,EnthalpyOfMixing,<Substance CC(C)OC(C)C{solv}{x=0.752000}|Cc1ccccc1{solv}{x=0.248000}>,CC(C)OC(C)C,Cc1ccccc1,fb-fit-v1-single-mean-k100,2,-0.0030831105720423,0.0457150060690972,-0.0091,0.00505
12387,1992,dhmix_1690461453403165745,837,EnthalpyOfMixing,<Substance CC(C)OC(C)C{solv}{x=0.455000}|Cc1ccccc1{solv}{x=0.545000}>,CC(C)OC(C)C,Cc1ccccc1,fb-fit-v1-single-mean-k100,2,0.0018654365143149,0.0425995290429771,0.0323,0.0051
12388,1993,dens_2086775654110573795,838,Density,<Substance CC(C)OC(C)C{solv}{x=0.200400}|Cc1ccccc1{solv}{x=0.799600}>,CC(C)OC(C)C,Cc1ccccc1,fb-fit-v1-single-mean-k100,2,0.8410563891774381,0.0002333431125181,0.8299700000000002,0.00014
12389,1994,dens_2167043968237201720,839,Density,<Substance CC(C)OC(C)C{solv}{x=0.500300}|Cc1ccccc1{solv}{x=0.499700}>,CC(C)OC(C)C,Cc1ccccc1,fb-fit-v1-single-mean-k100,2,0.7980921294980295,0.0002148852268138,0.7849200000000002,0.000155
12390,1995,dhmix_578047845607378963,840,EnthalpyOfMixing,<Substance CN1CCCC1=O{solv}{x=0.635900}|c1ccncc1{solv}{x=0.364100}>,CN1CCCC1=O,c1ccncc1,fb-fit-v1-single-mean-k100,2,-0.2910737343220284,0.0386275523281807,-0.4013,0.10035
12391,1996,dhmix_625120262301063359,841,EnthalpyOfMixing,<Substance CN1CCCC1=O{solv}{x=0.231200}|c1ccncc1{solv}{x=0.768800}>,CN1CCCC1=O,c1ccncc1,fb-fit-v1-single-mean-k100,2,-0.2277296468515324,0.0385265569551825,-0.3157,0.07895
12392,1997,dens_1059919274311274879,842,Density,<Substance CN1CCCC1=O{solv}{x=0.521500}|c1ccncc1{solv}{x=0.478500}>,CN1CCCC1=O,c1ccncc1,fb-fit-v1-single-mean-k100,2,1.0011661428911764,0.0002100631982607,1.0158200000000004,0.00051
12393,1998,dens_1445187430653020908,843,Density,<Substance CN1CCCC1=O{solv}{x=0.234800}|c1ccncc1{solv}{x=0.765200}>,CN1CCCC1=O,c1ccncc1,fb-fit-v1-single-mean-k100,2,0.9913951228904848,0.0002223693662356,0.9983500000000004,0.00051
12394,1999,dhmix_1933003504821603087,844,EnthalpyOfMixing,<Substance CN1CCCC1=O{solv}{x=0.499500}|c1ccncc1{solv}{x=0.500500}>,CN1CCCC1=O,c1ccncc1,fb-fit-v1-single-mean-k100,2,-0.329914678057885,0.0408983644098079,-0.4356,0.1089
12395,2000,dens_2199047009222847682,845,Density,<Substance CN1CCCC1=O{solv}{x=0.636400}|c1ccncc1{solv}{x=0.363600}>,CN1CCCC1=O,c1ccncc1,fb-fit-v1-single-mean-k100,2,1.00393677805309,0.0002115178345881,1.0207400000000002,0.00051
12396,2001,dens_586351122522837789,846,Density,<Substance c1cc[nH]c1{solv}{x=0.820700}|c1ccccc1{solv}{x=0.179300}>,c1cc[nH]c1,c1ccccc1,fb-fit-v1-single-mean-k100,2,0.9667763069884658,0.0002482786733229,0.9503300000000002,0.000195
12397,2002,dhmix_1101447260293284221,847,EnthalpyOfMixing,<Substance c1cc[nH]c1{solv}{x=0.494000}|c1ccccc1{solv}{x=0.506000}>,c1cc[nH]c1,c1ccccc1,fb-fit-v1-single-mean-k100,2,0.6353820387871139,0.034929840490065,0.609,0.00395
12398,2003,dens_1366042600317618213,848,Density,<Substance c1cc[nH]c1{solv}{x=0.503000}|c1ccccc1{solv}{x=0.497000}>,c1cc[nH]c1,c1ccccc1,fb-fit-v1-single-mean-k100,2,0.9323310920821,0.0002403995922545,0.9220400000000002,0.00019
12399,2004,dens_2042223650153961549,849,Density,<Substance c1cc[nH]c1{solv}{x=0.314200}|c1ccccc1{solv}{x=0.685800}>,c1cc[nH]c1,c1ccccc1,fb-fit-v1-single-mean-k100,2,0.9142331528403772,0.0002197236650391,0.9043500000000002,0.000195
12400,2005,dhmix_2080652523589171296,850,EnthalpyOfMixing,<Substance c1cc[nH]c1{solv}{x=0.820800}|c1ccccc1{solv}{x=0.179200}>,c1cc[nH]c1,c1ccccc1,fb-fit-v1-single-mean-k100,2,0.3691476451930242,0.0388651345917684,0.3441,0.00245
12401,2006,dhmix_2101365800313583195,851,EnthalpyOfMixing,<Substance c1cc[nH]c1{solv}{x=0.314000}|c1ccccc1{solv}{x=0.686000}>,c1cc[nH]c1,c1ccccc1,fb-fit-v1-single-mean-k100,2,0.6146295194093341,0.0377760346608807,0.5893,0.00385
12402,2007,dens_592296207180530796,852,Density,<Substance C1CCNCC1{solv}{x=0.250000}|O{solv}{x=0.750000}>,C1CCNCC1,O,fb-fit-v1-single-mean-k100,2,0.9152981204538456,0.000372954098883,0.9379600000000002,0.000185
12403,2008,dhmix_598563182385523239,853,EnthalpyOfMixing,<Substance C1CCNCC1{solv}{x=0.750000}|O{solv}{x=0.250000}>,C1CCNCC1,O,fb-fit-v1-single-mean-k100,2,-1.0279544570573975,0.0424845078934759,-1.4628,0.02995
12404,2009,dens_1144696340343060729,854,Density,<Substance C1CCNCC1{solv}{x=0.500000}|O{solv}{x=0.500000}>,C1CCNCC1,O,fb-fit-v1-single-mean-k100,2,0.8937284361906608,0.0003116616716998,0.90329,0.000235
12405,2010,dens_1551117370864361960,855,Density,<Substance C1CCNCC1{solv}{x=0.750000}|O{solv}{x=0.250000}>,C1CCNCC1,O,fb-fit-v1-single-mean-k100,2,0.8799347723398927,0.0002176856889019,0.8771300000000002,0.000285
12406,2011,dhmix_2023343497633678069,856,EnthalpyOfMixing,<Substance C1CCNCC1{solv}{x=0.500000}|O{solv}{x=0.500000}>,C1CCNCC1,O,fb-fit-v1-single-mean-k100,2,-1.400341529332808,0.0285506257968147,-2.1379,0.04355
12407,2012,dhmix_2169709193905404129,857,EnthalpyOfMixing,<Substance C1CCNCC1{solv}{x=0.250000}|O{solv}{x=0.750000}>,C1CCNCC1,O,fb-fit-v1-single-mean-k100,2,-0.9941997765362256,0.0258344373623877,-1.9642,0.04065
12408,2013,dhmix_597694390671293228,858,EnthalpyOfMixing,<Substance C1CCCCC1{solv}{x=0.495000}|c1cc[nH]c1{solv}{x=0.505000}>,C1CCCCC1,c1cc[nH]c1,fb-fit-v1-single-mean-k100,2,1.5766847555938457,0.0357894846113479,1.4275,0.00895
12409,2014,dens_1402964712081643759,859,Density,<Substance C1CCCCC1{solv}{x=0.281700}|c1cc[nH]c1{solv}{x=0.718300}>,C1CCCCC1,c1cc[nH]c1,fb-fit-v1-single-mean-k100,2,0.900021081454992,0.0001700697251719,0.9082800000000002,0.00023
12410,2015,dens_1463337814181203578,860,Density,<Substance C1CCCCC1{solv}{x=0.925100}|c1cc[nH]c1{solv}{x=0.074900}>,C1CCCCC1,c1cc[nH]c1,fb-fit-v1-single-mean-k100,2,0.7773843966922077,0.0002030818905123,0.7860300000000001,0.00026
12411,2016,dens_1586039458655447443,861,Density,<Substance C1CCCCC1{solv}{x=0.494200}|c1cc[nH]c1{solv}{x=0.505800}>,C1CCCCC1,c1cc[nH]c1,fb-fit-v1-single-mean-k100,2,0.8499574049794816,0.0002349632940245,0.8661300000000002,0.000235
12412,2017,dhmix_1650717903260721901,862,EnthalpyOfMixing,<Substance C1CCCCC1{solv}{x=0.924800}|c1cc[nH]c1{solv}{x=0.075200}>,C1CCCCC1,c1cc[nH]c1,fb-fit-v1-single-mean-k100,2,0.7489622835395977,0.0463107786273239,0.7315,0.00535
12413,2018,dhmix_1709124910710738018,863,EnthalpyOfMixing,<Substance C1CCCCC1{solv}{x=0.281800}|c1cc[nH]c1{solv}{x=0.718200}>,C1CCCCC1,c1cc[nH]c1,fb-fit-v1-single-mean-k100,2,1.3234366520242276,0.0375654640435116,1.245,0.00795
12414,2019,dhmix_602003453564252918,864,EnthalpyOfMixing,<Substance COc1ccccc1{solv}{x=0.767000}|OCCc1ccccc1{solv}{x=0.233000}>,COc1ccccc1,OCCc1ccccc1,fb-fit-v1-single-mean-k100,2,0.9471198154271504,0.0509828821838409,1.1154,0.01195
12415,2020,dhmix_831666159864093343,865,EnthalpyOfMixing,<Substance COc1ccccc1{solv}{x=0.267800}|OCCc1ccccc1{solv}{x=0.732200}>,COc1ccccc1,OCCc1ccccc1,fb-fit-v1-single-mean-k100,2,0.6676325042125626,0.0499539949992931,0.688,0.00745
12416,2021,dhmix_1415130215717622630,866,EnthalpyOfMixing,<Substance COc1ccccc1{solv}{x=0.523200}|OCCc1ccccc1{solv}{x=0.476800}>,COc1ccccc1,OCCc1ccccc1,fb-fit-v1-single-mean-k100,2,0.9618947097951108,0.0518337025055944,1.0457,0.0112
12417,2022,dens_2018050376435813399,867,Density,<Substance COc1ccccc1{solv}{x=0.767300}|OCCc1ccccc1{solv}{x=0.232700}>,COc1ccccc1,OCCc1ccccc1,fb-fit-v1-single-mean-k100,2,0.9884644680764046,0.0001462400176645,0.9869000000000002,0.00026
12418,2023,dens_2083067547090229321,868,Density,<Substance COc1ccccc1{solv}{x=0.524500}|OCCc1ccccc1{solv}{x=0.475500}>,COc1ccccc1,OCCc1ccccc1,fb-fit-v1-single-mean-k100,2,0.997188282598858,0.0001623146234896,0.9943600000000002,0.00026
12419,2024,dens_2108796896152795987,869,Density,<Substance COc1ccccc1{solv}{x=0.212100}|OCCc1ccccc1{solv}{x=0.787900}>,COc1ccccc1,OCCc1ccccc1,fb-fit-v1-single-mean-k100,2,1.0080256788033355,0.0002066537046475,1.0032600000000005,0.00026
12420,2025,dhmix_607389561715885318,870,EnthalpyOfMixing,<Substance CC(C)O{solv}{x=0.750600}|CCOC(=O)CC(=O)OCC{solv}{x=0.249400}>,CC(C)O,CCOC(=O)CC(=O)OCC,fb-fit-v1-single-mean-k100,2,2.0941565983781487,0.0458568385820317,1.955,0.021
12421,2026,dhmix_970997719035766241,871,EnthalpyOfMixing,<Substance CC(C)O{solv}{x=0.249200}|CCOC(=O)CC(=O)OCC{solv}{x=0.750800}>,CC(C)O,CCOC(=O)CC(=O)OCC,fb-fit-v1-single-mean-k100,2,1.7354306201466727,0.0514753596963094,1.804,0.0195
12422,2027,dens_1055220895195342210,872,Density,<Substance CC(C)O{solv}{x=0.700000}|CCOC(=O)CC(=O)OCC{solv}{x=0.300000}>,CC(C)O,CCOC(=O)CC(=O)OCC,fb-fit-v1-single-mean-k100,2,0.9260587659924052,0.000250757193083,0.9013080000000002,0.000163
12423,2028,dens_1059428282849222105,873,Density,<Substance CC(C)O{solv}{x=0.500100}|CCOC(=O)CC(=O)OCC{solv}{x=0.499900}>,CC(C)O,CCOC(=O)CC(=O)OCC,fb-fit-v1-single-mean-k100,2,0.9815842666559264,0.0002171551603478,0.9563730000000004,0.0001215
12424,2029,dhmix_2225069850502215858,874,EnthalpyOfMixing,<Substance CC(C)O{solv}{x=0.499700}|CCOC(=O)CC(=O)OCC{solv}{x=0.500300}>,CC(C)O,CCOC(=O)CC(=O)OCC,fb-fit-v1-single-mean-k100,2,2.4920370115941353,0.0358175418694404,2.369,0.0255
12425,2030,dens_2227064517025896927,875,Density,<Substance CC(C)O{solv}{x=0.200000}|CCOC(=O)CC(=O)OCC{solv}{x=0.800000}>,CC(C)O,CCOC(=O)CC(=O)OCC,fb-fit-v1-single-mean-k100,2,1.0421901084738454,0.000159814631449,1.0176930000000002,0.000103
12426,2031,dhmix_614525131410782877,876,EnthalpyOfMixing,<Substance CCCCCC(C)=O{solv}{x=0.491300}|CCCCNCCCC{solv}{x=0.508700}>,CCCCCC(C)=O,CCCCNCCCC,fb-fit-v1-single-mean-k100,2,-0.217442822691396,0.051198088514257,0.278,0.003
12427,2032,dhmix_1051001364116056564,877,EnthalpyOfMixing,<Substance CCCCCC(C)=O{solv}{x=0.781100}|CCCCNCCCC{solv}{x=0.218900}>,CCCCCC(C)=O,CCCCNCCCC,fb-fit-v1-single-mean-k100,2,-0.2279936129358759,0.0470714931787963,0.164,0.002
12428,2033,dens_1087422962538109584,878,Density,<Substance CCCCCC(C)=O{solv}{x=0.449900}|CCCCNCCCC{solv}{x=0.550100}>,CCCCCC(C)=O,CCCCNCCCC,fb-fit-v1-single-mean-k100,2,0.7839199241145048,0.0001514617391044,0.7778490000000002,9.250000000000004e-05
12429,2034,dens_1830187222448876426,879,Density,<Substance CCCCCC(C)=O{solv}{x=0.209700}|CCCCNCCCC{solv}{x=0.790300}>,CCCCCC(C)=O,CCCCNCCCC,fb-fit-v1-single-mean-k100,2,0.7717891582372531,0.0001441080805108,0.7655110000000002,8.400000000000002e-05
12430,2035,dens_2113849591242853193,880,Density,<Substance CCCCCC(C)=O{solv}{x=0.750900}|CCCCNCCCC{solv}{x=0.249100}>,CCCCCC(C)=O,CCCCNCCCC,fb-fit-v1-single-mean-k100,2,0.7991160002606977,0.0001862735924977,0.7951660000000003,0.000105
12431,2036,dhmix_2131918011494960609,881,EnthalpyOfMixing,<Substance CCCCCC(C)=O{solv}{x=0.294700}|CCCCNCCCC{solv}{x=0.705300}>,CCCCCC(C)=O,CCCCNCCCC,fb-fit-v1-single-mean-k100,2,-0.0282586685581094,0.0534162151273629,0.256,0.003
12432,2037,dhmix_618866445574413387,882,EnthalpyOfMixing,<Substance C1CCOCC1{solv}{x=0.442500}|Cc1ccccc1C{solv}{x=0.557500}>,C1CCOCC1,Cc1ccccc1C,fb-fit-v1-single-mean-k100,2,-0.1073691628954947,0.0449948084655476,-0.0342,0.0006
12433,2038,dens_643927890193937545,883,Density,<Substance C1CCOCC1{solv}{x=0.518700}|Cc1ccccc1C{solv}{x=0.481300}>,C1CCOCC1,Cc1ccccc1C,fb-fit-v1-single-mean-k100,2,0.8755728286904044,0.0002088845058108,0.8779900000000003,0.0005
12434,2039,dhmix_1129414916141538177,884,EnthalpyOfMixing,<Substance C1CCOCC1{solv}{x=0.744300}|Cc1ccccc1C{solv}{x=0.255700}>,C1CCOCC1,Cc1ccccc1C,fb-fit-v1-single-mean-k100,2,-0.0641580159992116,0.0390629477340247,0.0421,0.00065
12435,2040,dens_1429468909820653032,885,Density,<Substance C1CCOCC1{solv}{x=0.231800}|Cc1ccccc1C{solv}{x=0.768200}>,C1CCOCC1,Cc1ccccc1C,fb-fit-v1-single-mean-k100,2,0.8746469414767036,0.0001412367054978,0.8770400000000002,0.0005
12436,2041,dens_1442497603142913792,886,Density,<Substance C1CCOCC1{solv}{x=0.772900}|Cc1ccccc1C{solv}{x=0.227100}>,C1CCOCC1,Cc1ccccc1C,fb-fit-v1-single-mean-k100,2,0.8756914561341373,0.0002385119313658,0.8787800000000002,0.000505
12437,2042,dhmix_2268256048157488415,887,EnthalpyOfMixing,<Substance C1CCOCC1{solv}{x=0.245400}|Cc1ccccc1C{solv}{x=0.754600}>,C1CCOCC1,Cc1ccccc1C,fb-fit-v1-single-mean-k100,2,-0.1978630282491025,0.0465605431097304,-0.0613,0.00085
12438,2043,dens_626398848152359169,888,Density,<Substance C1COCCN1{solv}{x=0.498000}|O{solv}{x=0.502000}>,C1COCCN1,O,fb-fit-v1-single-mean-k100,2,1.046397969479318,0.0005578081243538,1.0255000000000003,0.00255
12439,2044,dhmix_773913810754342365,889,EnthalpyOfMixing,<Substance C1COCCN1{solv}{x=0.714900}|O{solv}{x=0.285100}>,C1COCCN1,O,fb-fit-v1-single-mean-k100,2,-2.1884779919335244,0.0467507358778535,-1.753,0.019
12440,2045,dhmix_1012297674499495059,890,EnthalpyOfMixing,<Substance C1COCCN1{solv}{x=0.201000}|O{solv}{x=0.799000}>,C1COCCN1,O,fb-fit-v1-single-mean-k100,2,-1.7398648000218628,0.0264088038330208,-2.758,0.0295
12441,2046,dens_1167008264969667349,891,Density,<Substance C1COCCN1{solv}{x=0.793000}|O{solv}{x=0.207000}>,C1COCCN1,O,fb-fit-v1-single-mean-k100,2,1.0446062351433187,0.0003226121712005,1.0057000000000005,0.00245
12442,2047,dhmix_1871930573512426354,892,EnthalpyOfMixing,<Substance C1COCCN1{solv}{x=0.491100}|O{solv}{x=0.508900}>,C1COCCN1,O,fb-fit-v1-single-mean-k100,2,-2.8590154618479744,0.0343510709078676,-3.131,0.0335
12443,2048,dens_2014911999593579414,893,Density,<Substance C1COCCN1{solv}{x=0.298000}|O{solv}{x=0.702000}>,C1COCCN1,O,fb-fit-v1-single-mean-k100,2,1.037301657116371,0.0003599569582266,1.0309000000000004,0.00255
12444,2049,dens_627753907231278660,894,Density,<Substance CCC(C)=O{solv}{x=0.753100}|CCCNCCC{solv}{x=0.246900}>,CCC(C)=O,CCCNCCC,fb-fit-v1-single-mean-k100,2,0.7784242277816555,0.0002340869424902,0.7771510000000001,0.000109
12445,2050,dens_674236159588910357,895,Density,<Substance CCC(C)=O{solv}{x=0.244600}|CCCNCCC{solv}{x=0.755400}>,CCC(C)=O,CCCNCCC,fb-fit-v1-single-mean-k100,2,0.7509398852241341,0.0002467022442365,0.7446230000000003,0.0001405
12446,2051,dhmix_749228177959685874,896,EnthalpyOfMixing,<Substance CCC(C)=O{solv}{x=0.235300}|CCCNCCC{solv}{x=0.764700}>,CCC(C)=O,CCCNCCC,fb-fit-v1-single-mean-k100,2,0.0151407447432561,0.0469175631222753,0.299,0.0035
12447,2052,dhmix_1706960823617656563,897,EnthalpyOfMixing,<Substance CCC(C)=O{solv}{x=0.698400}|CCCNCCC{solv}{x=0.301600}>,CCC(C)=O,CCCNCCC,fb-fit-v1-single-mean-k100,2,-0.0354127996635149,0.0404682141605993,0.334,0.0035
12448,2053,dhmix_2102794241345605516,898,EnthalpyOfMixing,<Substance CCC(C)=O{solv}{x=0.505000}|CCCNCCC{solv}{x=0.495000}>,CCC(C)=O,CCCNCCC,fb-fit-v1-single-mean-k100,2,0.0339629534713665,0.0443350585348218,0.397,0.0045
12449,2054,dens_2224864308887622456,899,Density,<Substance CCC(C)=O{solv}{x=0.500600}|CCCNCCC{solv}{x=0.499400}>,CCC(C)=O,CCCNCCC,fb-fit-v1-single-mean-k100,2,0.7638282331407797,0.0001836971139123,0.7590400000000002,0.000125
12450,2055,dhmix_628329103086906726,900,EnthalpyOfMixing,<Substance CC1CCCCC1{solv}{x=0.250400}|CCCO{solv}{x=0.749600}>,CC1CCCCC1,CCCO,fb-fit-v1-single-mean-k100,2,0.2459138432279957,0.0398693953735822,0.321,0.0055
12451,2056,dhmix_989207392771680315,901,EnthalpyOfMixing,<Substance CC1CCCCC1{solv}{x=0.750500}|CCCO{solv}{x=0.249500}>,CC1CCCCC1,CCCO,fb-fit-v1-single-mean-k100,2,0.5091836882068179,0.0384596201596881,0.574,0.0055
12452,2057,dens_1351260115393741606,902,Density,<Substance CC1CCCCC1{solv}{x=0.503100}|CCCO{solv}{x=0.496900}>,CC1CCCCC1,CCCO,fb-fit-v1-single-mean-k100,2,0.7806174247303145,0.0002115955547498,0.7785600000000001,0.0039
12453,2058,dens_1376195506089851480,903,Density,<Substance CC1CCCCC1{solv}{x=0.202700}|CCCO{solv}{x=0.797300}>,CC1CCCCC1,CCCO,fb-fit-v1-single-mean-k100,2,0.7899130991257511,0.0002175442852929,0.7942000000000002,0.00398
12454,2059,dens_1501229836503112732,904,Density,<Substance CC1CCCCC1{solv}{x=0.799000}|CCCO{solv}{x=0.201000}>,CC1CCCCC1,CCCO,fb-fit-v1-single-mean-k100,2,0.7743852271581265,0.0002187880214452,0.7688300000000002,0.003855
12455,2060,dhmix_2109805019413953371,905,EnthalpyOfMixing,<Substance CC1CCCCC1{solv}{x=0.500400}|CCCO{solv}{x=0.499600}>,CC1CCCCC1,CCCO,fb-fit-v1-single-mean-k100,2,0.6352051598853521,0.0389963362575448,0.533,0.0055
12456,2061,dhmix_634764080264908666,906,EnthalpyOfMixing,<Substance OCCN1CCOCC1{solv}{x=0.498900}|O{solv}{x=0.501100}>,O,OCCN1CCOCC1,fb-fit-v1-single-mean-k100,2,-3.3286469001194376,0.0382713241582389,-2.2633,0.02415
12457,2062,dens_707792343667224312,907,Density,<Substance OCCN1CCOCC1{solv}{x=0.246600}|O{solv}{x=0.753400}>,O,OCCN1CCOCC1,fb-fit-v1-single-mean-k100,2,1.0804874628574648,0.0003996591583375,1.0838100000000002,0.00154
12458,2063,dhmix_1064373607860850902,908,EnthalpyOfMixing,<Substance OCCN1CCOCC1{solv}{x=0.694900}|O{solv}{x=0.305100}>,O,OCCN1CCOCC1,fb-fit-v1-single-mean-k100,2,-3.188262211873109,0.0399060355914026,-1.7936,0.01915
12459,2064,dhmix_1846281306963870091,909,EnthalpyOfMixing,<Substance OCCN1CCOCC1{solv}{x=0.300200}|O{solv}{x=0.699800}>,O,OCCN1CCOCC1,fb-fit-v1-single-mean-k100,2,-2.6873953582177066,0.0321570306403158,-2.426,0.026
12460,2065,dens_2238932092645470826,910,Density,<Substance OCCN1CCOCC1{solv}{x=0.743900}|O{solv}{x=0.256100}>,O,OCCN1CCOCC1,fb-fit-v1-single-mean-k100,2,1.0990449193452367,0.0001576805194544,1.08031,0.001565
12461,2066,dens_2269173599223764079,911,Density,<Substance OCCN1CCOCC1{solv}{x=0.485200}|O{solv}{x=0.514800}>,O,OCCN1CCOCC1,fb-fit-v1-single-mean-k100,2,1.0967498682372108,0.000312476043848,1.0866900000000004,0.00159
12462,2067,dhmix_636778454546345333,912,EnthalpyOfMixing,<Substance C1CCCCC1{solv}{x=0.506300}|CNc1ccccc1{solv}{x=0.493700}>,C1CCCCC1,CNc1ccccc1,fb-fit-v1-single-mean-k100,2,2.3337480947860456,0.0451039558829208,1.628,0.0175
12463,2068,dens_1209163492396921559,913,Density,<Substance C1CCCCC1{solv}{x=0.247000}|CNc1ccccc1{solv}{x=0.753000}>,C1CCCCC1,CNc1ccccc1,fb-fit-v1-single-mean-k100,2,0.9375878601586128,0.0002052735119677,0.9289450000000002,0.000272
12464,2069,dens_1438140901521078017,914,Density,<Substance C1CCCCC1{solv}{x=0.494500}|CNc1ccccc1{solv}{x=0.505500}>,C1CCCCC1,CNc1ccccc1,fb-fit-v1-single-mean-k100,2,0.8797351264340689,0.000187978160374,0.8759620000000002,0.0001835
12465,2070,dens_1482697199055102595,915,Density,<Substance C1CCCCC1{solv}{x=0.746400}|CNc1ccccc1{solv}{x=0.253600}>,C1CCCCC1,CNc1ccccc1,fb-fit-v1-single-mean-k100,2,0.8222637208546358,0.000154277497945,0.8233530000000001,0.000138
12466,2071,dhmix_1832297119731463766,916,EnthalpyOfMixing,<Substance C1CCCCC1{solv}{x=0.204700}|CNc1ccccc1{solv}{x=0.795300}>,C1CCCCC1,CNc1ccccc1,fb-fit-v1-single-mean-k100,2,1.558683212817975,0.0485203128875748,0.972,0.0105
12467,2072,dhmix_1889368397403208807,917,EnthalpyOfMixing,<Substance C1CCCCC1{solv}{x=0.706600}|CNc1ccccc1{solv}{x=0.293400}>,C1CCCCC1,CNc1ccccc1,fb-fit-v1-single-mean-k100,2,1.861525466988823,0.043664335703445,1.521,0.0165
12468,2073,dhmix_637657437173907469,918,EnthalpyOfMixing,<Substance CC(C)=O{solv}{x=0.709700}|CNc1ccccc1{solv}{x=0.290300}>,CC(C)=O,CNc1ccccc1,fb-fit-v1-single-mean-k100,2,-0.556894252961623,0.0377646919256208,-0.525,0.0055
12469,2074,dhmix_817594693007274900,919,EnthalpyOfMixing,<Substance CC(C)=O{solv}{x=0.231600}|CNc1ccccc1{solv}{x=0.768400}>,CC(C)=O,CNc1ccccc1,fb-fit-v1-single-mean-k100,2,-0.5526882556498318,0.0472156189016025,-0.5,0.0055
12470,2075,dens_830664987854613197,920,Density,<Substance CC(C)=O{solv}{x=0.250300}|CNc1ccccc1{solv}{x=0.749700}>,CC(C)=O,CNc1ccccc1,fb-fit-v1-single-mean-k100,2,0.9648033724944388,0.0001803451237083,0.9502900000000002,0.0003395
12471,2076,dhmix_1052042310023734389,921,EnthalpyOfMixing,<Substance CC(C)=O{solv}{x=0.508600}|CNc1ccccc1{solv}{x=0.491400}>,CC(C)=O,CNc1ccccc1,fb-fit-v1-single-mean-k100,2,-0.8036150138422169,0.0391123173719816,-0.672,0.0075
12472,2077,dens_1302333367899693905,922,Density,<Substance CC(C)=O{solv}{x=0.750600}|CNc1ccccc1{solv}{x=0.249400}>,CC(C)=O,CNc1ccccc1,fb-fit-v1-single-mean-k100,2,0.865980644188434,0.0001773315178553,0.8565010000000002,0.000231
12473,2078,dens_1582643029733708616,923,Density,<Substance CC(C)=O{solv}{x=0.494800}|CNc1ccccc1{solv}{x=0.505200}>,CC(C)=O,CNc1ccccc1,fb-fit-v1-single-mean-k100,2,0.9227469840958992,0.0001683423401906,0.9107940000000002,0.000263
12474,2079,dens_650566412384126439,924,Density,<Substance CC(C)CC(C)(C)C{solv}{x=0.158800}|CCCCC(=O)OC{solv}{x=0.841200}>,CC(C)CC(C)(C)C,CCCCC(=O)OC,fb-fit-v1-single-mean-k100,2,0.8571850769490281,0.0001708533208536,0.8463800000000002,0.000505
12475,2080,dhmix_986100941633296124,925,EnthalpyOfMixing,<Substance CC(C)CC(C)(C)C{solv}{x=0.481800}|CCCCC(=O)OC{solv}{x=0.518200}>,CC(C)CC(C)(C)C,CCCCC(=O)OC,fb-fit-v1-single-mean-k100,2,1.358107219348895,0.044454853986202,0.866,0.0095
12476,2081,dens_1095352626338523806,926,Density,<Substance CC(C)CC(C)(C)C{solv}{x=0.742500}|CCCCC(=O)OC{solv}{x=0.257500}>,CC(C)CC(C)(C)C,CCCCC(=O)OC,fb-fit-v1-single-mean-k100,2,0.7506620413755937,0.0001969101326281,0.7289800000000002,0.000505
12477,2082,dens_1260001645299629257,927,Density,<Substance CC(C)CC(C)(C)C{solv}{x=0.498400}|CCCCC(=O)OC{solv}{x=0.501600}>,CC(C)CC(C)(C)C,CCCCC(=O)OC,fb-fit-v1-single-mean-k100,2,0.7913548576431106,0.0002007116202202,0.7738400000000002,0.000505
12478,2083,dhmix_1505455794590867712,928,EnthalpyOfMixing,<Substance CC(C)CC(C)(C)C{solv}{x=0.158900}|CCCCC(=O)OC{solv}{x=0.841100}>,CC(C)CC(C)(C)C,CCCCC(=O)OC,fb-fit-v1-single-mean-k100,2,0.6481771290336198,0.0502972939987958,0.438,0.005
12479,2084,dhmix_1888614200283593194,929,EnthalpyOfMixing,<Substance CC(C)CC(C)(C)C{solv}{x=0.781300}|CCCCC(=O)OC{solv}{x=0.218700}>,CC(C)CC(C)(C)C,CCCCC(=O)OC,fb-fit-v1-single-mean-k100,2,1.117852909244604,0.0447531322518389,0.658,0.007
12480,2085,dhmix_657900975986635712,930,EnthalpyOfMixing,<Substance Cc1ccccc1N{solv}{x=0.782700}|Cc1ccncc1{solv}{x=0.217300}>,Cc1ccccc1N,Cc1ccncc1,fb-fit-v1-single-mean-k100,2,-0.7783433938456312,0.0526265336612008,-0.8885,0.0182
12481,2086,dhmix_727678512066874384,931,EnthalpyOfMixing,<Substance Cc1ccccc1N{solv}{x=0.478300}|Cc1ccncc1{solv}{x=0.521700}>,Cc1ccccc1N,Cc1ccncc1,fb-fit-v1-single-mean-k100,2,-1.4504770481530755,0.0447875985587938,-1.4295,0.0291
12482,2087,dhmix_860941552641107708,932,EnthalpyOfMixing,<Substance Cc1ccccc1N{solv}{x=0.271500}|Cc1ccncc1{solv}{x=0.728500}>,Cc1ccccc1N,Cc1ccncc1,fb-fit-v1-single-mean-k100,2,-1.2081132783346291,0.0436314808730607,-1.1791,0.02405
12483,2088,dens_1148106102021344214,933,Density,<Substance Cc1ccccc1N{solv}{x=0.265500}|Cc1ccncc1{solv}{x=0.734500}>,Cc1ccccc1N,Cc1ccncc1,fb-fit-v1-single-mean-k100,2,0.9726291303769022,0.0002285519627672,0.9662520000000002,0.00012
12484,2089,dens_1294189007890656769,934,Density,<Substance Cc1ccccc1N{solv}{x=0.486300}|Cc1ccncc1{solv}{x=0.513700}>,Cc1ccccc1N,Cc1ccncc1,fb-fit-v1-single-mean-k100,2,0.987912615593959,0.0002072078452575,0.9765780000000002,0.000119
12485,2090,dens_1461384477504239974,935,Density,<Substance Cc1ccccc1N{solv}{x=0.767400}|Cc1ccncc1{solv}{x=0.232600}>,Cc1ccccc1N,Cc1ccncc1,fb-fit-v1-single-mean-k100,2,1.0063230647010215,0.0002292906255182,0.9868740000000004,0.000118
12486,2091,dens_671712471159959715,936,Density,<Substance CCCCCCN{solv}{x=0.294400}|CN(C)C=O{solv}{x=0.705600}>,CCCCCCN,CN(C)C=O,fb-fit-v1-single-mean-k100,2,0.8656821375945474,0.0002278016117485,0.8676880000000002,0.001057
12487,2092,dhmix_791979567859859400,937,EnthalpyOfMixing,<Substance CCCCCCN{solv}{x=0.747800}|CN(C)C=O{solv}{x=0.252200}>,CCCCCCN,CN(C)C=O,fb-fit-v1-single-mean-k100,2,0.4573944062319128,0.0441025644387853,0.461,0.015
12488,2093,dens_812907294215791908,938,Density,<Substance CCCCCCN{solv}{x=0.450000}|CN(C)C=O{solv}{x=0.550000}>,CCCCCCN,CN(C)C=O,fb-fit-v1-single-mean-k100,2,0.8407167218220759,0.0002202976444617,0.8367510000000001,0.001016
12489,2094,dhmix_1553880519684715156,939,EnthalpyOfMixing,<Substance CCCCCCN{solv}{x=0.249700}|CN(C)C=O{solv}{x=0.750300}>,CCCCCCN,CN(C)C=O,fb-fit-v1-single-mean-k100,2,0.450360247133311,0.0421745538095758,0.51,0.0165
12490,2095,dens_1658157305664412923,940,Density,<Substance CCCCCCN{solv}{x=0.745200}|CN(C)C=O{solv}{x=0.254800}>,CCCCCCN,CN(C)C=O,fb-fit-v1-single-mean-k100,2,0.8033165506012062,0.000177336939608,0.7905460000000002,0.0009575
12491,2096,dhmix_2271922176351407084,941,EnthalpyOfMixing,<Substance CCCCCCN{solv}{x=0.499700}|CN(C)C=O{solv}{x=0.500300}>,CCCCCCN,CN(C)C=O,fb-fit-v1-single-mean-k100,2,0.6045822004167292,0.0410201624513058,0.661,0.02
12492,2097,dhmix_676105854791415053,942,EnthalpyOfMixing,<Substance C=C(C)[C@H]1CC=C(C)CC1{solv}{x=0.540000}|CCCCCO{solv}{x=0.460000}>,C=C(C)[C@H]1CC=C(C)CC1,CCCCCO,fb-fit-v1-single-mean-k100,2,0.7029110196613999,0.0460244657388362,0.858,0.0345
12493,2098,dhmix_865539540276734208,943,EnthalpyOfMixing,<Substance C=C(C)[C@H]1CC=C(C)CC1{solv}{x=0.766000}|CCCCCO{solv}{x=0.234000}>,C=C(C)[C@H]1CC=C(C)CC1,CCCCCO,fb-fit-v1-single-mean-k100,2,0.7896453968265433,0.0531517006211188,0.782,0.0315
12494,2099,dens_1544700949225348296,944,Density,<Substance C=C(C)[C@H]1CC=C(C)CC1{solv}{x=0.263500}|CCCCCO{solv}{x=0.736500}>,C=C(C)[C@H]1CC=C(C)CC1,CCCCCO,fb-fit-v1-single-mean-k100,2,0.8251956260732848,0.000176181441483,0.8238000000000002,0.0002
12495,2100,dens_1638649899512334435,945,Density,<Substance C=C(C)[C@H]1CC=C(C)CC1{solv}{x=0.543500}|CCCCCO{solv}{x=0.456500}>,C=C(C)[C@H]1CC=C(C)CC1,CCCCCO,fb-fit-v1-single-mean-k100,2,0.8310510672134499,0.0001879582299994,0.8312000000000003,0.0003
12496,2101,dens_2014432371647189246,946,Density,<Substance C=C(C)[C@H]1CC=C(C)CC1{solv}{x=0.725200}|CCCCCO{solv}{x=0.274800}>,C=C(C)[C@H]1CC=C(C)CC1,CCCCCO,fb-fit-v1-single-mean-k100,2,0.8345420674621735,0.0001488022771451,0.8354000000000001,0.00035
12497,2102,dhmix_2293008983270202716,947,EnthalpyOfMixing,<Substance C=C(C)[C@H]1CC=C(C)CC1{solv}{x=0.272000}|CCCCCO{solv}{x=0.728000}>,C=C(C)[C@H]1CC=C(C)CC1,CCCCCO,fb-fit-v1-single-mean-k100,2,0.59198742086582,0.0522034673393008,0.532,0.0215
12498,2103,dens_680086766431069719,948,Density,<Substance CN1CCNCC1{solv}{x=0.209100}|O{solv}{x=0.790900}>,CN1CCNCC1,O,fb-fit-v1-single-mean-k100,2,1.0021032818876008,0.0003522808635768,1.0013300000000005,4.000000000000001e-05
12499,2104,dhmix_979415629850644100,949,EnthalpyOfMixing,<Substance CN1CCNCC1{solv}{x=0.199800}|O{solv}{x=0.800200}>,CN1CCNCC1,O,fb-fit-v1-single-mean-k100,2,-4.044943281541059,0.037593385852201,-4.495,0.048
12500,2105,dhmix_1386641258873877278,950,EnthalpyOfMixing,<Substance CN1CCNCC1{solv}{x=0.792600}|O{solv}{x=0.207400}>,CN1CCNCC1,O,fb-fit-v1-single-mean-k100,2,-1.552271505639652,0.0503356195108538,-1.753,0.019
12501,2106,dhmix_1572121970391530461,951,EnthalpyOfMixing,<Substance CN1CCNCC1{solv}{x=0.550000}|O{solv}{x=0.450000}>,CN1CCNCC1,O,fb-fit-v1-single-mean-k100,2,-3.412511937357266,0.0398813575215959,-3.547,0.038
12502,2107,dens_1756096179620961699,952,Density,<Substance CN1CCNCC1{solv}{x=0.510900}|O{solv}{x=0.489100}>,CN1CCNCC1,O,fb-fit-v1-single-mean-k100,2,0.9800306987728834,0.0004437980973811,0.9464100000000002,7.000000000000002e-05
12503,2108,dens_1892970147583328629,953,Density,<Substance CN1CCNCC1{solv}{x=0.706500}|O{solv}{x=0.293500}>,CN1CCNCC1,O,fb-fit-v1-single-mean-k100,2,0.972690609084092,0.0003755088667342,0.9223100000000002,8.500000000000002e-05
12504,2109,dhmix_681274412655414068,954,EnthalpyOfMixing,<Substance CCCOC(=O)CC{solv}{x=0.739400}|Cc1ccccc1{solv}{x=0.260600}>,CCCOC(=O)CC,Cc1ccccc1,fb-fit-v1-single-mean-k100,2,-0.2539012427287304,0.0472625223600882,-0.1135,0.0033
12505,2110,dhmix_720914323963600437,955,EnthalpyOfMixing,<Substance CCCOC(=O)CC{solv}{x=0.238900}|Cc1ccccc1{solv}{x=0.761100}>,CCCOC(=O)CC,Cc1ccccc1,fb-fit-v1-single-mean-k100,2,-0.2810103209547705,0.0421442176855442,-0.1404,0.0037
12506,2111,dens_1397630560016316656,956,Density,<Substance CCCOC(=O)CC{solv}{x=0.274700}|Cc1ccccc1{solv}{x=0.725300}>,CCCOC(=O)CC,Cc1ccccc1,fb-fit-v1-single-mean-k100,2,0.8764086175268511,0.0001939591276678,0.8675700000000003,0.00018
12507,2112,dhmix_1646061995263935606,957,EnthalpyOfMixing,<Substance CCCOC(=O)CC{solv}{x=0.548600}|Cc1ccccc1{solv}{x=0.451400}>,CCCOC(=O)CC,Cc1ccccc1,fb-fit-v1-single-mean-k100,2,-0.2838483620433578,0.0446145323991871,-0.1583,0.004
12508,2113,dens_1792064777238352129,958,Density,<Substance CCCOC(=O)CC{solv}{x=0.490700}|Cc1ccccc1{solv}{x=0.509300}>,CCCOC(=O)CC,Cc1ccccc1,fb-fit-v1-single-mean-k100,2,0.87867595977754,0.000222923599103,0.8707300000000002,0.00019
12509,2114,dens_1826904081955826008,959,Density,<Substance CCCOC(=O)CC{solv}{x=0.734600}|Cc1ccccc1{solv}{x=0.265400}>,CCCOC(=O)CC,Cc1ccccc1,fb-fit-v1-single-mean-k100,2,0.8797962547154778,0.0002219786917474,0.8734100000000001,0.00021
12510,2115,dens_685747331874801159,960,Density,<Substance CN1CCOCC1{solv}{x=0.498300}|O{solv}{x=0.501700}>,CN1CCOCC1,O,fb-fit-v1-single-mean-k100,2,0.988772017590124,0.0003593449533097,0.9627600000000002,0.00084
12511,2116,dens_1087644349445114282,961,Density,<Substance CN1CCOCC1{solv}{x=0.253800}|O{solv}{x=0.746200}>,CN1CCOCC1,O,fb-fit-v1-single-mean-k100,2,0.9955946011187172,0.0002839007482231,0.9918800000000002,0.00059
12512,2117,dens_1374975991061431070,962,Density,<Substance CN1CCOCC1{solv}{x=0.758700}|O{solv}{x=0.241300}>,CN1CCOCC1,O,fb-fit-v1-single-mean-k100,2,0.9754627186367466,0.000232291446262,0.9345300000000002,0.00112
12513,2118,dhmix_686592400130667234,963,EnthalpyOfMixing,<Substance BrCCCBr{solv}{x=0.231300}|COC(C)=O{solv}{x=0.768700}>,BrCCCBr,COC(C)=O,fb-fit-v1-single-mean-k100,2,0.1527283250114308,0.0331418896224237,0.2115,0.0024
12514,2119,dhmix_691866222529030049,964,EnthalpyOfMixing,<Substance BrCCCBr{solv}{x=0.504200}|COC(C)=O{solv}{x=0.495800}>,BrCCCBr,COC(C)=O,fb-fit-v1-single-mean-k100,2,0.1374369474095651,0.0345516110277878,0.3912,0.0038
12515,2120,dens_1032175440351342196,965,Density,<Substance BrCCCBr{solv}{x=0.243500}|COC(C)=O{solv}{x=0.756500}>,BrCCCBr,COC(C)=O,fb-fit-v1-single-mean-k100,2,1.2349916250077229,0.0003721773197672,1.2277600000000002,0.00096
12516,2121,dens_1180265274183315765,966,Density,<Substance BrCCCBr{solv}{x=0.713800}|COC(C)=O{solv}{x=0.286200}>,BrCCCBr,COC(C)=O,fb-fit-v1-single-mean-k100,2,1.7019804308148874,0.000474568218576,1.7174300000000005,0.002745
12517,2122,dhmix_1380172638999588939,967,EnthalpyOfMixing,<Substance BrCCCBr{solv}{x=0.759400}|COC(C)=O{solv}{x=0.240600}>,BrCCCBr,COC(C)=O,fb-fit-v1-single-mean-k100,2,0.1293063600013217,0.0354409749473885,0.313,0.0032
12518,2123,dens_1697077234757321859,968,Density,<Substance BrCCCBr{solv}{x=0.525600}|COC(C)=O{solv}{x=0.474400}>,BrCCCBr,COC(C)=O,fb-fit-v1-single-mean-k100,2,1.5292041912639152,0.000311546722259,1.5338800000000006,0.001965
12519,2124,dens_693154680723850561,969,Density,<Substance CN1CCCC1=O{solv}{x=0.756400}|Cc1ccccc1{solv}{x=0.243600}>,CN1CCCC1=O,Cc1ccccc1,fb-fit-v1-single-mean-k100,2,0.9752142034556596,0.0002151568565305,0.9854500000000004,0.00034
12520,2125,dhmix_1759507684169085916,970,EnthalpyOfMixing,<Substance CN1CCCC1=O{solv}{x=0.741800}|Cc1ccccc1{solv}{x=0.258200}>,CN1CCCC1=O,Cc1ccccc1,fb-fit-v1-single-mean-k100,2,-0.0576875619464729,0.0440415503931161,-0.2141,0.0024
12521,2126,dens_1796497685752507694,971,Density,<Substance CN1CCCC1=O{solv}{x=0.481500}|Cc1ccccc1{solv}{x=0.518500}>,CN1CCCC1=O,Cc1ccccc1,fb-fit-v1-single-mean-k100,2,0.9363981439013938,0.0001996159244071,0.9415400000000002,0.00028
12522,2127,dhmix_1857599089574133884,972,EnthalpyOfMixing,<Substance CN1CCCC1=O{solv}{x=0.223100}|Cc1ccccc1{solv}{x=0.776900}>,CN1CCCC1=O,Cc1ccccc1,fb-fit-v1-single-mean-k100,2,-0.0694093875505643,0.0371037579896138,-0.1889,0.00215
12523,2128,dens_1886489466266398819,973,Density,<Substance CN1CCCC1=O{solv}{x=0.221600}|Cc1ccccc1{solv}{x=0.778400}>,CN1CCCC1=O,Cc1ccccc1,fb-fit-v1-single-mean-k100,2,0.9085024547679836,0.000145001284829,0.9061600000000002,0.00076
12524,2129,dhmix_2238554893157725289,974,EnthalpyOfMixing,<Substance CN1CCCC1=O{solv}{x=0.482100}|Cc1ccccc1{solv}{x=0.517900}>,CN1CCCC1=O,Cc1ccccc1,fb-fit-v1-single-mean-k100,2,-0.2109027540064829,0.035561626995556,-0.2985,0.0033
12525,2130,dens_717951284355382404,975,Density,<Substance CN1CCCC1=O{solv}{x=0.702300}|ClCCCCCCCl{solv}{x=0.297700}>,CN1CCCC1=O,ClCCCCCCCl,fb-fit-v1-single-mean-k100,2,1.035772195014618,0.0002395093069058,1.0416,0.0003
12526,2131,dhmix_859697969059379656,976,EnthalpyOfMixing,<Substance CN1CCCC1=O{solv}{x=0.503000}|ClCCCCCCCl{solv}{x=0.497000}>,CN1CCCC1=O,ClCCCCCCCl,fb-fit-v1-single-mean-k100,2,0.4411610724451194,0.037294885274995,-0.2,0.0025
12527,2132,dhmix_916885053388204545,977,EnthalpyOfMixing,<Substance CN1CCCC1=O{solv}{x=0.212000}|ClCCCCCCCl{solv}{x=0.788000}>,CN1CCCC1=O,ClCCCCCCCl,fb-fit-v1-single-mean-k100,2,0.2833154320596804,0.0434007182540091,-0.13,0.002
12528,2133,dens_1483670447992291960,978,Density,<Substance CN1CCCC1=O{solv}{x=0.201600}|ClCCCCCCCl{solv}{x=0.798400}>,CN1CCCC1=O,ClCCCCCCCl,fb-fit-v1-single-mean-k100,2,1.060579457073151,0.0002178122330772,1.0584000000000005,0.00055
12529,2134,dens_1896555095774116819,979,Density,<Substance CN1CCCC1=O{solv}{x=0.504900}|ClCCCCCCCl{solv}{x=0.495100}>,CN1CCCC1=O,ClCCCCCCCl,fb-fit-v1-single-mean-k100,2,1.0469635035892522,0.0001847254287584,1.0490000000000002,0.00035
12530,2135,dhmix_2039443272323887912,980,EnthalpyOfMixing,<Substance CN1CCCC1=O{solv}{x=0.797000}|ClCCCCCCCl{solv}{x=0.203000}>,CN1CCCC1=O,ClCCCCCCCl,fb-fit-v1-single-mean-k100,2,0.3500664521310277,0.040315392743485,-0.123,0.002
12531,2136,dhmix_729169544598225866,981,EnthalpyOfMixing,<Substance CN(C)C=O{solv}{x=0.203000}|ClCCCCCCCl{solv}{x=0.797000}>,CN(C)C=O,ClCCCCCCCl,fb-fit-v1-single-mean-k100,2,0.4915015168840853,0.047293394747829,0.195,0.0025
12532,2137,dhmix_1359105787212172230,982,EnthalpyOfMixing,<Substance CN(C)C=O{solv}{x=0.796000}|ClCCCCCCCl{solv}{x=0.204000}>,CN(C)C=O,ClCCCCCCCl,fb-fit-v1-single-mean-k100,2,0.5653255875332945,0.03946658635242,0.24,0.0025
12533,2138,dhmix_1534380829757525169,983,EnthalpyOfMixing,<Substance CN(C)C=O{solv}{x=0.498000}|ClCCCCCCCl{solv}{x=0.502000}>,CN(C)C=O,ClCCCCCCCl,fb-fit-v1-single-mean-k100,2,0.7621375188615644,0.044673261164915,0.34,0.0025
12534,2139,dens_1752369236407148840,984,Density,<Substance CN(C)C=O{solv}{x=0.503300}|ClCCCCCCCl{solv}{x=0.496700}>,CN(C)C=O,ClCCCCCCCl,fb-fit-v1-single-mean-k100,2,1.014955613063449,0.0002430179058346,1.0190000000000003,0.00155
12535,2140,dens_2070195997725277466,985,Density,<Substance CN(C)C=O{solv}{x=0.703400}|ClCCCCCCCl{solv}{x=0.296600}>,CN(C)C=O,ClCCCCCCCl,fb-fit-v1-single-mean-k100,2,0.9849925570844984,0.0002554708616922,0.9943000000000002,0.0017
12536,2141,dens_2171945276872385012,986,Density,<Substance CN(C)C=O{solv}{x=0.201300}|ClCCCCCCCl{solv}{x=0.798700}>,CN(C)C=O,ClCCCCCCCl,fb-fit-v1-single-mean-k100,2,1.0487853102087323,0.0002357584825147,1.0486000000000002,0.0014
12537,2142,dens_741100297092592576,987,Density,<Substance C1CCCCC1{solv}{x=0.265900}|C1CCOCC1{solv}{x=0.734100}>,C1CCCCC1,C1CCOCC1,fb-fit-v1-single-mean-k100,2,0.8425926724333057,0.0002294474130199,0.8470300000000002,0.000505
12538,2143,dens_1002639246322609242,988,Density,<Substance C1CCCCC1{solv}{x=0.762200}|C1CCOCC1{solv}{x=0.237800}>,C1CCCCC1,C1CCOCC1,fb-fit-v1-single-mean-k100,2,0.7897671962085333,0.0002523684327189,0.7952000000000002,0.000505
12539,2144,dhmix_1171155554844966705,989,EnthalpyOfMixing,<Substance C1CCCCC1{solv}{x=0.247100}|C1CCOCC1{solv}{x=0.752900}>,C1CCCCC1,C1CCOCC1,fb-fit-v1-single-mean-k100,2,0.5451741287607774,0.0458612442392476,0.3613,0.00395
12540,2145,dens_2142973677177666085,990,Density,<Substance C1CCCCC1{solv}{x=0.501800}|C1CCOCC1{solv}{x=0.498200}>,C1CCCCC1,C1CCOCC1,fb-fit-v1-single-mean-k100,2,0.8160595364978938,0.0002541931471979,0.8211500000000002,0.000505
12541,2146,dhmix_2195791820105752985,991,EnthalpyOfMixing,<Substance C1CCCCC1{solv}{x=0.726600}|C1CCOCC1{solv}{x=0.273400}>,C1CCCCC1,C1CCOCC1,fb-fit-v1-single-mean-k100,2,0.4881475200658656,0.0463712806666751,0.4424,0.00485
12542,2147,dhmix_2296999979529762407,992,EnthalpyOfMixing,<Substance C1CCCCC1{solv}{x=0.499000}|C1CCOCC1{solv}{x=0.501000}>,C1CCCCC1,C1CCOCC1,fb-fit-v1-single-mean-k100,2,0.6530303041981114,0.0427605268208624,0.526,0.0055
12543,2148,dhmix_744994939606384802,993,EnthalpyOfMixing,<Substance CO{solv}{x=0.300000}|O{solv}{x=0.700000}>,CO,O,fb-fit-v1-single-mean-k100,2,0.0311954529285429,0.0194112613154377,-0.85,0.005
12544,2149,dens_1085345433585028387,994,Density,<Substance CO{solv}{x=0.499700}|O{solv}{x=0.500300}>,CO,O,fb-fit-v1-single-mean-k100,2,0.8445842688135083,0.0004484519740027,0.8816900000000003,0.000165
12545,2150,dhmix_1126710771921470495,995,EnthalpyOfMixing,<Substance CO{solv}{x=0.700000}|O{solv}{x=0.300000}>,CO,O,fb-fit-v1-single-mean-k100,2,-0.0061282540626481,0.0242242442372607,-0.583,0.0035
12546,2151,dens_1258832080354057572,996,Density,<Substance CO{solv}{x=0.300300}|O{solv}{x=0.699700}>,CO,O,fb-fit-v1-single-mean-k100,2,0.8906622375257618,0.0005759135751544,0.9252100000000004,0.000125
12547,2152,dens_1758371820245200558,997,Density,<Substance CO{solv}{x=0.760500}|O{solv}{x=0.239500}>,CO,O,fb-fit-v1-single-mean-k100,2,0.7989438429269816,0.0004525208627184,0.8289000000000002,0.0001
12548,2153,dhmix_1824296469249495553,998,EnthalpyOfMixing,<Substance CO{solv}{x=0.500000}|O{solv}{x=0.500000}>,CO,O,fb-fit-v1-single-mean-k100,2,-0.0008573261058035,0.0231184776455683,-0.777,0.0045
12549,2154,dhmix_753952445434773754,999,EnthalpyOfMixing,<Substance CCCCCCCCCl{solv}{x=0.493000}|CN1CCCC1=O{solv}{x=0.507000}>,CCCCCCCCCl,CN1CCCC1=O,fb-fit-v1-single-mean-k100,2,1.2628269882179382,0.0487432523986778,0.638,0.0035
12550,2155,dhmix_1273186684325800862,1000,EnthalpyOfMixing,<Substance CCCCCCCCCl{solv}{x=0.783000}|CN1CCCC1=O{solv}{x=0.217000}>,CCCCCCCCCl,CN1CCCC1=O,fb-fit-v1-single-mean-k100,2,0.7506051418083928,0.0574692035213298,0.371,0.003
12551,2156,dhmix_1457789704046029008,1001,EnthalpyOfMixing,<Substance CCCCCCCCCl{solv}{x=0.202000}|CN1CCCC1=O{solv}{x=0.798000}>,CCCCCCCCCl,CN1CCCC1=O,fb-fit-v1-single-mean-k100,2,0.9809515488789344,0.0482140121898744,0.5,0.0035
12552,2157,dens_1965529278608066299,1002,Density,<Substance CCCCCCCCCl{solv}{x=0.299500}|CN1CCCC1=O{solv}{x=0.700500}>,CCCCCCCCCl,CN1CCCC1=O,fb-fit-v1-single-mean-k100,2,0.9540785470755238,0.0001820422936227,0.9598000000000002,0.00025
12553,2158,dens_2167805246575708222,1003,Density,<Substance CCCCCCCCCl{solv}{x=0.798600}|CN1CCCC1=O{solv}{x=0.201400}>,CCCCCCCCCl,CN1CCCC1=O,fb-fit-v1-single-mean-k100,2,0.889031048876354,0.0001407240258702,0.8888000000000001,0.00055
12554,2159,dens_2177162670107081086,1004,Density,<Substance CCCCCCCCCl{solv}{x=0.497900}|CN1CCCC1=O{solv}{x=0.502100}>,CCCCCCCCCl,CN1CCCC1=O,fb-fit-v1-single-mean-k100,2,0.9244505669794932,0.000134436198386,0.9269000000000002,0.00035
12555,2160,dhmix_756380521637559100,1005,EnthalpyOfMixing,<Substance C1COCCO1{solv}{x=0.500000}|O=C1CCCCC1{solv}{x=0.500000}>,C1COCCO1,O=C1CCCCC1,fb-fit-v1-single-mean-k100,2,0.2340179947771048,0.0388911124017803,0.28584,0.00154
12556,2161,dens_1139761443535371798,1006,Density,<Substance C1COCCO1{solv}{x=0.459400}|O=C1CCCCC1{solv}{x=0.540600}>,C1COCCO1,O=C1CCCCC1,fb-fit-v1-single-mean-k100,2,0.9737448064843964,0.0002052944368569,0.9762000000000004,0.00025
12557,2162,dhmix_1367833850972054360,1007,EnthalpyOfMixing,<Substance C1COCCO1{solv}{x=0.750000}|O=C1CCCCC1{solv}{x=0.250000}>,C1COCCO1,O=C1CCCCC1,fb-fit-v1-single-mean-k100,2,0.2754813120877628,0.0413717512395079,0.23662,0.001355
12558,2163,dhmix_1533665710565492443,1008,EnthalpyOfMixing,<Substance C1COCCO1{solv}{x=0.250000}|O=C1CCCCC1{solv}{x=0.750000}>,C1COCCO1,O=C1CCCCC1,fb-fit-v1-single-mean-k100,2,0.2663207422237121,0.0416502369070973,0.20076,0.00121
12559,2164,dens_1556646832168598904,1009,Density,<Substance C1COCCO1{solv}{x=0.797800}|O=C1CCCCC1{solv}{x=0.202200}>,C1COCCO1,O=C1CCCCC1,fb-fit-v1-single-mean-k100,2,1.0071061077619017,0.0002570459071711,1.0062000000000002,0.00025
12560,2165,dens_1806066395455679216,1010,Density,<Substance C1COCCO1{solv}{x=0.272000}|O=C1CCCCC1{solv}{x=0.728000}>,C1COCCO1,O=C1CCCCC1,fb-fit-v1-single-mean-k100,2,0.9585559622043685,0.0001709306313622,0.9614000000000004,0.00025
12561,2166,dhmix_781473821930081125,1011,EnthalpyOfMixing,<Substance CCOc1ccccc1{solv}{x=0.765100}|OCc1ccccc1{solv}{x=0.234900}>,CCOc1ccccc1,OCc1ccccc1,fb-fit-v1-single-mean-k100,2,0.9133522175217196,0.0492613752507763,1.083,0.0116
12562,2167,dhmix_966435122735090568,1012,EnthalpyOfMixing,<Substance CCOc1ccccc1{solv}{x=0.063600}|OCc1ccccc1{solv}{x=0.936400}>,CCOc1ccccc1,OCc1ccccc1,fb-fit-v1-single-mean-k100,2,0.1797989511788813,0.0524040896662155,0.1901,0.00225
12563,2168,dens_1184318999137642715,1013,Density,<Substance CCOc1ccccc1{solv}{x=0.064200}|OCc1ccccc1{solv}{x=0.935800}>,CCOc1ccccc1,OCc1ccccc1,fb-fit-v1-single-mean-k100,2,1.0375156673407817,0.0002255097907741,1.02761,0.00011
12564,2169,dhmix_1518701992890040137,1014,EnthalpyOfMixing,<Substance CCOc1ccccc1{solv}{x=0.549900}|OCc1ccccc1{solv}{x=0.450100}>,CCOc1ccccc1,OCc1ccccc1,fb-fit-v1-single-mean-k100,2,1.0910662682199614,0.0445139110998422,1.0561,0.01135
12565,2170,dens_1575045736805268459,1015,Density,<Substance CCOc1ccccc1{solv}{x=0.459800}|OCc1ccccc1{solv}{x=0.540200}>,CCOc1ccccc1,OCc1ccccc1,fb-fit-v1-single-mean-k100,2,0.9989405736508288,0.0001825091837884,0.9925100000000002,0.00016
12566,2171,dens_2214650701288997434,1016,Density,<Substance CCOc1ccccc1{solv}{x=0.757200}|OCc1ccccc1{solv}{x=0.242800}>,CCOc1ccccc1,OCc1ccccc1,fb-fit-v1-single-mean-k100,2,0.9745267927215396,0.0001895356947996,0.9686500000000002,0.000215
12567,2172,dens_800807749587668066,1017,Density,<Substance C1CCOCC1{solv}{x=0.733600}|c1ccncc1{solv}{x=0.266400}>,C1CCOCC1,c1ccncc1,fb-fit-v1-single-mean-k100,2,0.8919833280121912,0.0002687603378401,0.8933350000000002,0.000358
12568,2173,dhmix_836757145941804043,1018,EnthalpyOfMixing,<Substance C1CCOCC1{solv}{x=0.291500}|c1ccncc1{solv}{x=0.708500}>,C1CCOCC1,c1ccncc1,fb-fit-v1-single-mean-k100,2,0.1186928312721544,0.0407423354319422,0.0898,0.00095
12569,2174,dhmix_1003039131395935786,1019,EnthalpyOfMixing,<Substance C1CCOCC1{solv}{x=0.536300}|c1ccncc1{solv}{x=0.463700}>,C1CCOCC1,c1ccncc1,fb-fit-v1-single-mean-k100,2,0.0363522079410252,0.0415284547793594,0.1573,0.0013
12570,2175,dens_1859030547600172702,1020,Density,<Substance C1CCOCC1{solv}{x=0.241500}|c1ccncc1{solv}{x=0.758500}>,C1CCOCC1,c1ccncc1,fb-fit-v1-single-mean-k100,2,0.9545769303203574,0.0001740550541363,0.9525650000000004,0.000212
12571,2176,dhmix_2191254706131659314,1021,EnthalpyOfMixing,<Substance C1CCOCC1{solv}{x=0.734400}|c1ccncc1{solv}{x=0.265600}>,C1CCOCC1,c1ccncc1,fb-fit-v1-single-mean-k100,2,-0.0017839221895243,0.0450627144473799,0.1564,0.0013
12572,2177,dens_2239470871208865925,1022,Density,<Substance C1CCOCC1{solv}{x=0.536400}|c1ccncc1{solv}{x=0.463600}>,C1CCOCC1,c1ccncc1,fb-fit-v1-single-mean-k100,2,0.9124683142543214,0.0001954358466192,0.9124250000000002,0.0002965
12573,2178,dens_801655585640229277,1023,Density,<Substance C1CCOCC1{solv}{x=0.777600}|CCCC(C)=O{solv}{x=0.222400}>,C1CCOCC1,CCCC(C)=O,fb-fit-v1-single-mean-k100,2,0.8574270739065383,0.0002195955061905,0.8602600000000002,0.000225
12574,2179,dhmix_1175081460677389458,1024,EnthalpyOfMixing,<Substance C1CCOCC1{solv}{x=0.250000}|CCCC(C)=O{solv}{x=0.750000}>,C1CCOCC1,CCCC(C)=O,fb-fit-v1-single-mean-k100,2,0.1303383670430236,0.0426054866469229,0.06014,0.00063
12575,2180,dens_1481139606755572767,1025,Density,<Substance C1CCOCC1{solv}{x=0.236100}|CCCC(C)=O{solv}{x=0.763900}>,C1CCOCC1,CCCC(C)=O,fb-fit-v1-single-mean-k100,2,0.8165602208343182,0.0002260445750931,0.8183900000000002,0.000215
12576,2181,dhmix_1531586108535895092,1026,EnthalpyOfMixing,<Substance C1CCOCC1{solv}{x=0.750000}|CCCC(C)=O{solv}{x=0.250000}>,C1CCOCC1,CCCC(C)=O,fb-fit-v1-single-mean-k100,2,0.0526668925676858,0.0421248435882987,0.08245,0.000715
12577,2182,dhmix_2074691820693967219,1027,EnthalpyOfMixing,<Substance C1CCOCC1{solv}{x=0.500000}|CCCC(C)=O{solv}{x=0.500000}>,C1CCOCC1,CCCC(C)=O,fb-fit-v1-single-mean-k100,2,0.1705199717433423,0.0384071031644602,0.09128,0.000745
12578,2183,dens_2180187104403779312,1028,Density,<Substance C1CCOCC1{solv}{x=0.504600}|CCCC(C)=O{solv}{x=0.495400}>,C1CCOCC1,CCCC(C)=O,fb-fit-v1-single-mean-k100,2,0.8364492084615243,0.0002267535377657,0.8386000000000002,0.00022
12579,2184,dhmix_814516627068967115,1029,EnthalpyOfMixing,<Substance CCCOC=O{solv}{x=0.230800}|ClCCCCl{solv}{x=0.769200}>,CCCOC=O,ClCCCCl,fb-fit-v1-single-mean-k100,2,0.2665044664543678,0.0340639942901035,-0.054,0.001
12580,2185,dens_853749747181024442,1030,Density,<Substance CCCOC=O{solv}{x=0.525500}|ClCCCCl{solv}{x=0.474500}>,CCCOC=O,ClCCCCl,fb-fit-v1-single-mean-k100,2,1.0395453496218174,0.0003273617276903,1.0302400000000005,0.00176
12581,2186,dhmix_1623640482466530427,1031,EnthalpyOfMixing,<Substance CCCOC=O{solv}{x=0.750900}|ClCCCCl{solv}{x=0.249100}>,CCCOC=O,ClCCCCl,fb-fit-v1-single-mean-k100,2,0.0526806912477013,0.0348325434502055,-0.088,0.001
12582,2187,dens_1998603470347754754,1032,Density,<Substance CCCOC=O{solv}{x=0.233600}|ClCCCCl{solv}{x=0.766400}>,CCCOC=O,ClCCCCl,fb-fit-v1-single-mean-k100,2,1.1109059635765697,0.0003425742599572,1.1122200000000002,0.00274
12583,2188,dhmix_2003217087101692001,1033,EnthalpyOfMixing,<Substance CCCOC=O{solv}{x=0.514500}|ClCCCCl{solv}{x=0.485500}>,CCCOC=O,ClCCCCl,fb-fit-v1-single-mean-k100,2,0.3311343430325166,0.0375153010370396,-0.114,0.0015
12584,2189,dens_2020761603812222512,1034,Density,<Substance CCCOC=O{solv}{x=0.763600}|ClCCCCl{solv}{x=0.236400}>,CCCOC=O,ClCCCCl,fb-fit-v1-single-mean-k100,2,0.9815239945104482,0.0002761749506746,0.9644500000000004,0.00119
12585,2190,dens_828893303895070246,1035,Density,<Substance C1CCCCC1{solv}{x=0.249800}|CCCCCCCC{solv}{x=0.750200}>,C1CCCCC1,CCCCCCCC,fb-fit-v1-single-mean-k100,2,0.7082792191382453,0.0001527634712813,0.7110900000000002,0.000605
12586,2191,dhmix_1288938247372010686,1036,EnthalpyOfMixing,<Substance C1CCCCC1{solv}{x=0.751300}|CCCCCCCC{solv}{x=0.248700}>,C1CCCCC1,CCCCCCCC,fb-fit-v1-single-mean-k100,2,0.4130529067440278,0.0486589846722506,0.23,0.005
12587,2192,dens_1398337515687242649,1037,Density,<Substance C1CCCCC1{solv}{x=0.477700}|CCCCCCCC{solv}{x=0.522300}>,C1CCCCC1,CCCCCCCC,fb-fit-v1-single-mean-k100,2,0.721134847270989,0.00018907894486,0.7250300000000002,0.000585
12588,2193,dhmix_1429498464152515756,1038,EnthalpyOfMixing,<Substance C1CCCCC1{solv}{x=0.532400}|CCCCCCCC{solv}{x=0.467600}>,C1CCCCC1,CCCCCCCC,fb-fit-v1-single-mean-k100,2,0.4634218856928953,0.0459233382527289,0.258,0.005
12589,2194,dens_2267960821195706299,1039,Density,<Substance C1CCCCC1{solv}{x=0.796100}|CCCCCCCC{solv}{x=0.203900}>,C1CCCCC1,CCCCCCCC,fb-fit-v1-single-mean-k100,2,0.7453777448316182,0.0002091080683527,0.7509700000000002,0.00055
12590,2195,dhmix_2289023418386220795,1040,EnthalpyOfMixing,<Substance C1CCCCC1{solv}{x=0.274400}|CCCCCCCC{solv}{x=0.725600}>,C1CCCCC1,CCCCCCCC,fb-fit-v1-single-mean-k100,2,0.3450579166537579,0.0546736425481937,0.18,0.005
12591,2196,dens_848374876759596361,1041,Density,<Substance CC(C)OC(C)C{solv}{x=0.284600}|CCCCCl{solv}{x=0.715400}>,CC(C)OC(C)C,CCCCCl,fb-fit-v1-single-mean-k100,2,0.8208810523690723,0.0002680223209151,0.8263210000000002,0.000365
12592,2197,dens_917492506874956672,1042,Density,<Substance CC(C)OC(C)C{solv}{x=0.808200}|CCCCCl{solv}{x=0.191800}>,CC(C)OC(C)C,CCCCCl,fb-fit-v1-single-mean-k100,2,0.753146237204792,0.0002364171458806,0.7440910000000002,0.000448
12593,2198,dhmix_1107367594793013993,1043,EnthalpyOfMixing,<Substance CC(C)OC(C)C{solv}{x=0.272700}|CCCCCl{solv}{x=0.727300}>,CC(C)OC(C)C,CCCCCl,fb-fit-v1-single-mean-k100,2,-0.1211500171534467,0.0416868738827002,-0.0785,0.001
12594,2199,dhmix_1310204607958463222,1044,EnthalpyOfMixing,<Substance CC(C)OC(C)C{solv}{x=0.454700}|CCCCCl{solv}{x=0.545300}>,CC(C)OC(C)C,CCCCCl,fb-fit-v1-single-mean-k100,2,-0.1390870026828281,0.0410850707104922,-0.0954,0.0012
12595,2200,dhmix_1605157292498138629,1045,EnthalpyOfMixing,<Substance CC(C)OC(C)C{solv}{x=0.727400}|CCCCCl{solv}{x=0.272600}>,CC(C)OC(C)C,CCCCCl,fb-fit-v1-single-mean-k100,2,-0.1622245436625462,0.0432168573563831,-0.0732,0.00095
12596,2201,dens_1927916489732771888,1046,Density,<Substance CC(C)OC(C)C{solv}{x=0.484000}|CCCCCl{solv}{x=0.516000}>,CC(C)OC(C)C,CCCCCl,fb-fit-v1-single-mean-k100,2,0.7918515760521612,0.0002372507504325,0.7925060000000002,0.0004005
12597,2202,dens_860008765681738590,1047,Density,<Substance CN(CCO)CCO{solv}{x=0.231260}|c1ccncc1{solv}{x=0.768740}>,CN(CCO)CCO,c1ccncc1,fb-fit-v1-single-mean-k100,2,1.0018177169580589,0.0002177182718772,0.9906030000000002,0.0001015
12598,2203,dens_1253280811379348869,1048,Density,<Substance CN(CCO)CCO{solv}{x=0.670000}|c1ccncc1{solv}{x=0.330000}>,CN(CCO)CCO,c1ccncc1,fb-fit-v1-single-mean-k100,2,1.034931310439294,0.0002824855807756,1.0161020000000005,0.000102
12599,2204,dhmix_1381513140604048573,1049,EnthalpyOfMixing,<Substance CN(CCO)CCO{solv}{x=0.473760}|c1ccncc1{solv}{x=0.526240}>,CN(CCO)CCO,c1ccncc1,fb-fit-v1-single-mean-k100,2,0.6799105033825725,0.0452448235566845,-0.093,0.001
12600,2205,dens_1460709448836415360,1050,Density,<Substance CN(CCO)CCO{solv}{x=0.473530}|c1ccncc1{solv}{x=0.526470}>,CN(CCO)CCO,c1ccncc1,fb-fit-v1-single-mean-k100,2,1.0223551050404245,0.0003131998335425,1.0044450000000005,0.0001015
12601,2206,dhmix_2085036308089359597,1051,EnthalpyOfMixing,<Substance CN(CCO)CCO{solv}{x=0.230610}|c1ccncc1{solv}{x=0.769390}>,CN(CCO)CCO,c1ccncc1,fb-fit-v1-single-mean-k100,2,0.5239815378935795,0.036639174842106,-0.032,0.001
12602,2207,dhmix_2287943921901918379,1052,EnthalpyOfMixing,<Substance CN(CCO)CCO{solv}{x=0.669580}|c1ccncc1{solv}{x=0.330420}>,CN(CCO)CCO,c1ccncc1,fb-fit-v1-single-mean-k100,2,0.2231869964111439,0.056042944904837,-0.12,0.0015
12603,2208,dens_929806754028972955,1053,Density,<Substance CCCC(=O)OC{solv}{x=0.695800}|COC(C)=O{solv}{x=0.304200}>,CCCC(=O)OC,COC(C)=O,fb-fit-v1-single-mean-k100,2,0.9098392566281164,0.0002414979258838,0.8997600000000002,0.000505
12604,2209,dhmix_1093843275803987368,1054,EnthalpyOfMixing,<Substance CCCC(=O)OC{solv}{x=0.482200}|COC(C)=O{solv}{x=0.517800}>,CCCC(=O)OC,COC(C)=O,fb-fit-v1-single-mean-k100,2,0.0529643323601121,0.0383679489077261,0.151,0.002
12605,2210,dens_1187818937240241755,1055,Density,<Substance CCCC(=O)OC{solv}{x=0.253600}|COC(C)=O{solv}{x=0.746400}>,CCCC(=O)OC,COC(C)=O,fb-fit-v1-single-mean-k100,2,0.9271170500441026,0.0002586444286893,0.9147400000000002,0.000505
12606,2211,dens_1462283017082249050,1056,Density,<Substance CCCC(=O)OC{solv}{x=0.545600}|COC(C)=O{solv}{x=0.454400}>,CCCC(=O)OC,COC(C)=O,fb-fit-v1-single-mean-k100,2,0.9148350380023408,0.0002422279850682,0.9041900000000004,0.000505
12607,2212,dhmix_1514470349370367756,1057,EnthalpyOfMixing,<Substance CCCC(=O)OC{solv}{x=0.226000}|COC(C)=O{solv}{x=0.774000}>,CCCC(=O)OC,COC(C)=O,fb-fit-v1-single-mean-k100,2,0.0731968555014574,0.0363766307819484,0.102,0.0015
12608,2213,dhmix_1615966506855005599,1058,EnthalpyOfMixing,<Substance CCCC(=O)OC{solv}{x=0.695800}|COC(C)=O{solv}{x=0.304200}>,CCCC(=O)OC,COC(C)=O,fb-fit-v1-single-mean-k100,2,0.0404451989184106,0.0409267753728204,0.122,0.0015
12609,2214,dens_931039395662625393,1059,Density,<Substance BrCCBr{solv}{x=0.510700}|CCOC=O{solv}{x=0.489300}>,BrCCBr,CCOC=O,fb-fit-v1-single-mean-k100,2,1.5774039450070438,0.0005047948629422,1.5742900000000004,0.00125
12610,2215,dhmix_1379448524788285045,1060,EnthalpyOfMixing,<Substance BrCCBr{solv}{x=0.503000}|CCOC=O{solv}{x=0.497000}>,BrCCBr,CCOC=O,fb-fit-v1-single-mean-k100,2,0.5557742835903285,0.0263756964901295,0.404,0.0054
12611,2216,dhmix_1589211680683586133,1061,EnthalpyOfMixing,<Substance BrCCBr{solv}{x=0.247500}|CCOC=O{solv}{x=0.752500}>,BrCCBr,CCOC=O,fb-fit-v1-single-mean-k100,2,0.2948546145469466,0.0371383750401771,0.2492,0.0035
12612,2217,dens_1816072583621776909,1062,Density,<Substance BrCCBr{solv}{x=0.282500}|CCOC=O{solv}{x=0.717500}>,BrCCBr,CCOC=O,fb-fit-v1-single-mean-k100,2,1.3074521427714938,0.0003738784515877,1.2851500000000005,0.00131
12613,2218,dens_1857279480363338972,1063,Density,<Substance BrCCBr{solv}{x=0.750600}|CCOC=O{solv}{x=0.249400}>,BrCCBr,CCOC=O,fb-fit-v1-single-mean-k100,2,1.8444684655014856,0.0004921260121508,1.8698300000000003,0.000995
12614,2219,dhmix_2225135654541562913,1064,EnthalpyOfMixing,<Substance BrCCBr{solv}{x=0.734600}|CCOC=O{solv}{x=0.265400}>,BrCCBr,CCOC=O,fb-fit-v1-single-mean-k100,2,0.5045828467747278,0.0404294860884653,0.3604,0.00485
12615,2220,dhmix_933824509566848172,1065,EnthalpyOfMixing,<Substance C1COCO1{solv}{x=0.350000}|CCCC(C)=O{solv}{x=0.650000}>,C1COCO1,CCCC(C)=O,fb-fit-v1-single-mean-k100,2,0.2317151875814502,0.0383077047283666,0.17755,0.001095
12616,2221,dens_1326756646981901590,1066,Density,<Substance C1COCO1{solv}{x=0.717400}|CCCC(C)=O{solv}{x=0.282600}>,C1COCO1,CCCC(C)=O,fb-fit-v1-single-mean-k100,2,0.9731073505852172,0.0003116510010438,0.9625500000000002,0.000245
12617,2222,dhmix_1386053902220878259,1067,EnthalpyOfMixing,<Substance C1COCO1{solv}{x=0.500000}|CCCC(C)=O{solv}{x=0.500000}>,C1COCO1,CCCC(C)=O,fb-fit-v1-single-mean-k100,2,0.2526886180305041,0.0381827983649323,0.21077,0.00122
12618,2223,dens_1490997112604690080,1068,Density,<Substance C1COCO1{solv}{x=0.349900}|CCCC(C)=O{solv}{x=0.650100}>,C1COCO1,CCCC(C)=O,fb-fit-v1-single-mean-k100,2,0.8720370078736837,0.0002408341195852,0.8687200000000003,0.00022
12619,2224,dens_1979377813631413053,1069,Density,<Substance C1COCO1{solv}{x=0.516900}|CCCC(C)=O{solv}{x=0.483100}>,C1COCO1,CCCC(C)=O,fb-fit-v1-single-mean-k100,2,0.913388832903696,0.0002925351855659,0.9078200000000004,0.00023
12620,2225,dhmix_2113009728753201792,1070,EnthalpyOfMixing,<Substance C1COCO1{solv}{x=0.750000}|CCCC(C)=O{solv}{x=0.250000}>,C1COCO1,CCCC(C)=O,fb-fit-v1-single-mean-k100,2,0.183318633792993,0.0366467279099285,0.17046,0.00107
12621,2226,dhmix_962524540250306235,1071,EnthalpyOfMixing,<Substance Cc1ccccc1N{solv}{x=0.268100}|c1ccncc1{solv}{x=0.731900}>,Cc1ccccc1N,c1ccncc1,fb-fit-v1-single-mean-k100,2,-1.4268800648900282,0.0415489310684405,-0.8915,0.0182
12622,2227,dhmix_1000930562998604270,1072,EnthalpyOfMixing,<Substance Cc1ccccc1N{solv}{x=0.773500}|c1ccncc1{solv}{x=0.226500}>,Cc1ccccc1N,c1ccncc1,fb-fit-v1-single-mean-k100,2,-0.986229469519536,0.0494431507130139,-0.7828,0.016
12623,2228,dens_1203111494553524663,1073,Density,<Substance Cc1ccccc1N{solv}{x=0.483700}|c1ccncc1{solv}{x=0.516300}>,Cc1ccccc1N,c1ccncc1,fb-fit-v1-single-mean-k100,2,1.006592318985816,0.000231118210376,0.9912370000000004,0.000117
12624,2229,dens_1316174752280431242,1074,Density,<Substance Cc1ccccc1N{solv}{x=0.237400}|c1ccncc1{solv}{x=0.762600}>,Cc1ccccc1N,c1ccncc1,fb-fit-v1-single-mean-k100,2,0.9965139978560996,0.0002249880297996,0.9863750000000002,0.000118
12625,2230,dhmix_1371524052813651708,1075,EnthalpyOfMixing,<Substance Cc1ccccc1N{solv}{x=0.482600}|c1ccncc1{solv}{x=0.517400}>,Cc1ccccc1N,c1ccncc1,fb-fit-v1-single-mean-k100,2,-1.6484341491970156,0.0411939416853895,-1.0329,0.02105
12626,2231,dens_2188924364196997512,1076,Density,<Substance Cc1ccccc1N{solv}{x=0.767800}|c1ccncc1{solv}{x=0.232200}>,Cc1ccccc1N,c1ccncc1,fb-fit-v1-single-mean-k100,2,1.0134472020535563,0.0002885113179576,0.9936220000000002,0.000117
12627,2232,dens_964556344607822867,1077,Density,<Substance CCCCCCCCC{solv}{x=0.696300}|COC(C)(C)C{solv}{x=0.303700}>,CCCCCCCCC,COC(C)(C)C,fb-fit-v1-single-mean-k100,2,0.7181557146529693,0.0001868367690392,0.7173600000000002,0.000295
12628,2233,dhmix_1091489740441728210,1078,EnthalpyOfMixing,<Substance CCCCCCCCC{solv}{x=0.260100}|COC(C)(C)C{solv}{x=0.739900}>,CCCCCCCCC,COC(C)(C)C,fb-fit-v1-single-mean-k100,2,0.5502284454453203,0.0374371290047134,0.371,0.0075
12629,2234,dens_1264105858192356202,1079,Density,<Substance CCCCCCCCC{solv}{x=0.499200}|COC(C)(C)C{solv}{x=0.500800}>,CCCCCCCCC,COC(C)(C)C,fb-fit-v1-single-mean-k100,2,0.7223074445377121,0.000140436606189,0.7207300000000002,0.00029
12630,2235,dhmix_1760873631242020891,1080,EnthalpyOfMixing,<Substance CCCCCCCCC{solv}{x=0.759600}|COC(C)(C)C{solv}{x=0.240400}>,CCCCCCCCC,COC(C)(C)C,fb-fit-v1-single-mean-k100,2,0.6437292117790037,0.0591061612090678,0.345,0.007
12631,2236,dens_2012579877169955729,1081,Density,<Substance CCCCCCCCC{solv}{x=0.199500}|COC(C)(C)C{solv}{x=0.800500}>,CCCCCCCCC,COC(C)(C)C,fb-fit-v1-single-mean-k100,2,0.7317764765278457,0.0001815081390171,0.7281100000000001,0.000285
12632,2237,dhmix_2200368758776542578,1082,EnthalpyOfMixing,<Substance CCCCCCCCC{solv}{x=0.513300}|COC(C)(C)C{solv}{x=0.486700}>,CCCCCCCCC,COC(C)(C)C,fb-fit-v1-single-mean-k100,2,0.753132800573411,0.0502017393423964,0.486,0.0095
12633,2238,dhmix_972091313059406932,1083,EnthalpyOfMixing,<Substance CCCNCCC{solv}{x=0.248200}|CN(C)C=O{solv}{x=0.751800}>,CCCNCCC,CN(C)C=O,fb-fit-v1-single-mean-k100,2,0.1539770680727343,0.0394133049778344,0.613,0.0195
12634,2239,dhmix_1037416167092316519,1084,EnthalpyOfMixing,<Substance CCCNCCC{solv}{x=0.499500}|CN(C)C=O{solv}{x=0.500500}>,CCCNCCC,CN(C)C=O,fb-fit-v1-single-mean-k100,2,0.0631514574511413,0.0451390715264832,0.748,0.0225
12635,2240,dhmix_1525975551610336413,1085,EnthalpyOfMixing,<Substance CCCNCCC{solv}{x=0.749600}|CN(C)C=O{solv}{x=0.250400}>,CCCNCCC,CN(C)C=O,fb-fit-v1-single-mean-k100,2,0.1411829769192039,0.049748156740626,0.529,0.017
12636,2241,dens_1610465641813938660,1086,Density,<Substance CCCNCCC{solv}{x=0.745900}|CN(C)C=O{solv}{x=0.254100}>,CCCNCCC,CN(C)C=O,fb-fit-v1-single-mean-k100,2,0.7743479411829488,0.0002222622516772,0.7687320000000002,0.0009355
12637,2242,dens_2129043605695010641,1087,Density,<Substance CCCNCCC{solv}{x=0.503400}|CN(C)C=O{solv}{x=0.496600}>,CCCNCCC,CN(C)C=O,fb-fit-v1-single-mean-k100,2,0.8128829512729443,0.000209523820454,0.8108000000000002,0.0009885
12638,2243,dens_2129124855081233158,1088,Density,<Substance CCCNCCC{solv}{x=0.252300}|CN(C)C=O{solv}{x=0.747700}>,CCCNCCC,CN(C)C=O,fb-fit-v1-single-mean-k100,2,0.8612758904628096,0.0001954624235159,0.8674480000000002,0.0010625
12639,2244,dhmix_1022139531284796266,1089,EnthalpyOfMixing,<Substance CCCO{solv}{x=0.730200}|O=Cc1ccccc1{solv}{x=0.269800}>,CCCO,O=Cc1ccccc1,fb-fit-v1-single-mean-k100,2,1.4256281445803367,0.0369924846791416,1.3784,0.00585
12640,2245,dens_1530410585842005416,1090,Density,<Substance CCCO{solv}{x=0.802500}|O=Cc1ccccc1{solv}{x=0.197500}>,CCCO,O=Cc1ccccc1,fb-fit-v1-single-mean-k100,2,0.8687879116212022,0.0002651268864189,0.8676000000000003,0.0054
12641,2246,dens_1586325098516354010,1091,Density,<Substance CCCO{solv}{x=0.500300}|O=Cc1ccccc1{solv}{x=0.499700}>,CCCO,O=Cc1ccccc1,fb-fit-v1-single-mean-k100,2,0.9507978089166418,0.0001883989351954,0.9470000000000002,0.0035
12642,2247,dhmix_1860362391399300385,1092,EnthalpyOfMixing,<Substance CCCO{solv}{x=0.237400}|O=Cc1ccccc1{solv}{x=0.762600}>,CCCO,O=Cc1ccccc1,fb-fit-v1-single-mean-k100,2,1.150696584003768,0.0418142426083388,1.2579,0.0055
12643,2248,dens_2022804020725863961,1093,Density,<Substance CCCO{solv}{x=0.192900}|O=Cc1ccccc1{solv}{x=0.807100}>,CCCO,O=Cc1ccccc1,fb-fit-v1-single-mean-k100,2,1.0156241518544271,0.0001686097289778,1.0128,0.00265
12644,2249,dhmix_2114980631721668598,1094,EnthalpyOfMixing,<Substance CCCO{solv}{x=0.517800}|O=Cc1ccccc1{solv}{x=0.482200}>,CCCO,O=Cc1ccccc1,fb-fit-v1-single-mean-k100,2,1.6607878868621595,0.03826255865124,1.6361,0.00675
12645,2250,dens_1061385011202038988,1095,Density,<Substance CC(C)O{solv}{x=0.495900}|CCCCOCCO{solv}{x=0.504100}>,CC(C)O,CCCCOCCO,fb-fit-v1-single-mean-k100,2,0.8619571266955465,0.0002116565710175,0.8550000000000002,5.450000000000001e-05
12646,2251,dens_1314274960992474794,1096,Density,<Substance CC(C)O{solv}{x=0.292200}|CCCCOCCO{solv}{x=0.707800}>,CC(C)O,CCCCOCCO,fb-fit-v1-single-mean-k100,2,0.8780224634671747,0.0002111819268347,0.8743700000000002,4.600000000000001e-05
12647,2252,dens_1729117108592325655,1097,Density,<Substance CC(C)O{solv}{x=0.743300}|CCCCOCCO{solv}{x=0.256700}>,CC(C)O,CCCCOCCO,fb-fit-v1-single-mean-k100,2,0.8380273732561583,0.0002507933421714,0.8247900000000001,5.600000000000001e-05
12648,2253,dens_1112128096721834081,1098,Density,<Substance CNCCO{solv}{x=0.800900}|O{solv}{x=0.199100}>,CNCCO,O,fb-fit-v1-single-mean-k100,2,0.9698461058486268,0.0003742049912045,0.9466300000000002,0.00032
12649,2254,dens_1381694863030749046,1099,Density,<Substance CNCCO{solv}{x=0.198700}|O{solv}{x=0.801300}>,CNCCO,O,fb-fit-v1-single-mean-k100,2,0.9858770223485404,0.0004069805785641,0.9960300000000002,0.00016
12650,2255,dhmix_1383192140212198237,1100,EnthalpyOfMixing,<Substance CNCCO{solv}{x=0.798800}|O{solv}{x=0.201200}>,CNCCO,O,fb-fit-v1-single-mean-k100,2,-1.1852451544027789,0.0473696674825507,-1.219,0.025
12651,2256,dens_1615304038745182966,1101,Density,<Substance CNCCO{solv}{x=0.504100}|O{solv}{x=0.495900}>,CNCCO,O,fb-fit-v1-single-mean-k100,2,0.9793025666501454,0.0003786607060141,0.9688100000000002,0.000235
12652,2257,dhmix_1902240048183935170,1102,EnthalpyOfMixing,<Substance CNCCO{solv}{x=0.501700}|O{solv}{x=0.498300}>,CNCCO,O,fb-fit-v1-single-mean-k100,2,-2.021521178458727,0.0396704862642605,-2.508,0.051
12653,2258,dhmix_2185888808838690563,1103,EnthalpyOfMixing,<Substance CNCCO{solv}{x=0.199200}|O{solv}{x=0.800800}>,CNCCO,O,fb-fit-v1-single-mean-k100,2,-1.2439656176295832,0.0217023202972847,-2.243,0.0455
12654,2259,dens_1155626281932782094,1104,Density,<Substance CCC(C)=O{solv}{x=0.292200}|CN1CCCC1=O{solv}{x=0.707800}>,CCC(C)=O,CN1CCCC1=O,fb-fit-v1-single-mean-k100,2,0.951765183120284,0.0002124818654646,0.9591400000000002,0.00262
12655,2260,dens_1354588388489384902,1105,Density,<Substance CCC(C)=O{solv}{x=0.779300}|CN1CCCC1=O{solv}{x=0.220700}>,CCC(C)=O,CN1CCCC1=O,fb-fit-v1-single-mean-k100,2,0.8455607887236753,0.0002472972637978,0.8467600000000002,0.002595
12656,2261,dhmix_1468142552678388689,1106,EnthalpyOfMixing,<Substance CCC(C)=O{solv}{x=0.484100}|CN1CCCC1=O{solv}{x=0.515900}>,CCC(C)=O,CN1CCCC1=O,fb-fit-v1-single-mean-k100,2,0.1742774310757933,0.038664249338397,-0.1675,0.00415
12657,2262,dhmix_1545004468946955771,1107,EnthalpyOfMixing,<Substance CCC(C)=O{solv}{x=0.246100}|CN1CCCC1=O{solv}{x=0.753900}>,CCC(C)=O,CN1CCCC1=O,fb-fit-v1-single-mean-k100,2,0.0849642709461813,0.0445004899571194,-0.0999,0.0031
12658,2263,dhmix_1746826813990258300,1108,EnthalpyOfMixing,<Substance CCC(C)=O{solv}{x=0.732400}|CN1CCCC1=O{solv}{x=0.267600}>,CCC(C)=O,CN1CCCC1=O,fb-fit-v1-single-mean-k100,2,0.1569432125549863,0.0322522492606999,-0.0861,0.0029
12659,2264,dens_2035401379156582518,1109,Density,<Substance CCC(C)=O{solv}{x=0.479500}|CN1CCCC1=O{solv}{x=0.520500}>,CCC(C)=O,CN1CCCC1=O,fb-fit-v1-single-mean-k100,2,0.9129324784670946,0.0001627673496138,0.9166100000000004,0.00261
12660,2265,dens_1159403686634788877,1110,Density,<Substance C1CCOCC1{solv}{x=0.253600}|Cc1ccncc1{solv}{x=0.746400}>,C1CCOCC1,Cc1ccncc1,fb-fit-v1-single-mean-k100,2,0.9333627357847392,0.0002359208442816,0.9329390000000002,0.0002125
12661,2266,dhmix_1427533760370073434,1111,EnthalpyOfMixing,<Substance C1CCOCC1{solv}{x=0.241600}|Cc1ccncc1{solv}{x=0.758400}>,C1CCOCC1,Cc1ccncc1,fb-fit-v1-single-mean-k100,2,0.0210949259555874,0.0458523399202727,0.0975,0.001
12662,2267,dens_1586440979425114987,1112,Density,<Substance C1CCOCC1{solv}{x=0.491300}|Cc1ccncc1{solv}{x=0.508700}>,C1CCOCC1,Cc1ccncc1,fb-fit-v1-single-mean-k100,2,0.9156385247183678,0.0002246304959041,0.9162950000000002,0.0002825
12663,2268,dhmix_1681679230288000235,1113,EnthalpyOfMixing,<Substance C1CCOCC1{solv}{x=0.483400}|Cc1ccncc1{solv}{x=0.516600}>,C1CCOCC1,Cc1ccncc1,fb-fit-v1-single-mean-k100,2,-0.0227371467736032,0.0396769465067704,0.1741,0.00135
12664,2269,dhmix_1854625047398559527,1114,EnthalpyOfMixing,<Substance C1CCOCC1{solv}{x=0.826200}|Cc1ccncc1{solv}{x=0.173800}>,C1CCOCC1,Cc1ccncc1,fb-fit-v1-single-mean-k100,2,-0.0347614150885959,0.0431744843377383,0.0948,0.001
12665,2270,dens_1998279082934343093,1115,Density,<Substance C1CCOCC1{solv}{x=0.826300}|Cc1ccncc1{solv}{x=0.173700}>,C1CCOCC1,Cc1ccncc1,fb-fit-v1-single-mean-k100,2,0.8797928126927095,0.0002136171279462,0.8827950000000002,0.000387
12666,2271,dens_1226224986443053492,1116,Density,<Substance CCOc1ccccc1{solv}{x=0.482600}|OCCc1ccccc1{solv}{x=0.517400}>,CCOc1ccccc1,OCCc1ccccc1,fb-fit-v1-single-mean-k100,2,0.9850817668392357,0.0002247709369311,0.9803700000000002,0.00026
12667,2272,dens_1288457717872177367,1117,Density,<Substance CCOc1ccccc1{solv}{x=0.304100}|OCCc1ccccc1{solv}{x=0.695900}>,CCOc1ccccc1,OCCc1ccccc1,fb-fit-v1-single-mean-k100,2,0.9968316785798248,0.000214135607808,0.9909900000000004,0.00026
12668,2273,dhmix_1400067757990485972,1118,EnthalpyOfMixing,<Substance CCOc1ccccc1{solv}{x=0.738800}|OCCc1ccccc1{solv}{x=0.261200}>,CCOc1ccccc1,OCCc1ccccc1,fb-fit-v1-single-mean-k100,2,1.0758057256003468,0.0518483859813746,1.1427,0.01225
12669,2274,dens_1419265414647987466,1119,Density,<Substance CCOc1ccccc1{solv}{x=0.792900}|OCCc1ccccc1{solv}{x=0.207100}>,CCOc1ccccc1,OCCc1ccccc1,fb-fit-v1-single-mean-k100,2,0.9682516097783516,0.0001565893505912,0.9624400000000004,0.00026
12670,2275,dhmix_1985234108792038812,1120,EnthalpyOfMixing,<Substance CCOc1ccccc1{solv}{x=0.485200}|OCCc1ccccc1{solv}{x=0.514800}>,CCOc1ccccc1,OCCc1ccccc1,fb-fit-v1-single-mean-k100,2,0.9140144887311408,0.046335247553566,1.0249,0.011
12671,2276,dhmix_2203675640711482674,1121,EnthalpyOfMixing,<Substance CCOc1ccccc1{solv}{x=0.239100}|OCCc1ccccc1{solv}{x=0.760900}>,CCOc1ccccc1,OCCc1ccccc1,fb-fit-v1-single-mean-k100,2,0.9100784292299124,0.0576389050877667,0.6669,0.0072
12672,2277,dens_1247048173376376516,1122,Density,<Substance CCCCC(=O)OC{solv}{x=0.349300}|COC=O{solv}{x=0.650700}>,CCCCC(=O)OC,COC=O,fb-fit-v1-single-mean-k100,2,0.9409140516891458,0.000183498854201,0.9198400000000002,0.000115
12673,2278,dens_1283923442255956417,1123,Density,<Substance CCCCC(=O)OC{solv}{x=0.500000}|COC=O{solv}{x=0.500000}>,CCCCC(=O)OC,COC=O,fb-fit-v1-single-mean-k100,2,0.9250767528208936,0.0002446081136885,0.90817,0.00012
12674,2279,dhmix_1491739683552461043,1124,EnthalpyOfMixing,<Substance CCCCC(=O)OC{solv}{x=0.348600}|COC=O{solv}{x=0.651400}>,CCCCC(=O)OC,COC=O,fb-fit-v1-single-mean-k100,2,0.4264132615424714,0.0316237366073157,0.422,0.0045
12675,2280,dhmix_1747049492522889097,1125,EnthalpyOfMixing,<Substance CCCCC(=O)OC{solv}{x=0.523200}|COC=O{solv}{x=0.476800}>,CCCCC(=O)OC,COC=O,fb-fit-v1-single-mean-k100,2,0.3797570080141543,0.0374214374799709,0.409,0.0045
12676,2281,dhmix_1990853348078771210,1126,EnthalpyOfMixing,<Substance CCCCC(=O)OC{solv}{x=0.796800}|COC=O{solv}{x=0.203200}>,CCCCC(=O)OC,COC=O,fb-fit-v1-single-mean-k100,2,0.2687469275350658,0.0488256323624184,0.219,0.0025
12677,2282,dens_2269601061883384185,1127,Density,<Substance CCCCC(=O)OC{solv}{x=0.725800}|COC=O{solv}{x=0.274200}>,CCCCC(=O)OC,COC=O,fb-fit-v1-single-mean-k100,2,0.9068615614076794,0.0001543319755083,0.8955000000000002,0.000135
12678,2283,dens_1266839724964377205,1128,Density,<Substance Cn1ccnc1{solv}{x=0.779500}|O{solv}{x=0.220500}>,Cn1ccnc1,O,fb-fit-v1-single-mean-k100,2,1.0177324889652073,0.0002753323112,1.0360000000000005,0.00015
12679,2284,dens_1634862053132906887,1129,Density,<Substance Cn1ccnc1{solv}{x=0.498200}|O{solv}{x=0.501800}>,Cn1ccnc1,O,fb-fit-v1-single-mean-k100,2,1.016607477100413,0.0002489706946037,1.0416,0.00015
12680,2285,dens_1681126092995837883,1130,Density,<Substance Cn1ccnc1{solv}{x=0.216700}|O{solv}{x=0.783300}>,Cn1ccnc1,O,fb-fit-v1-single-mean-k100,2,1.002587241280517,0.0003654399222413,1.0301000000000002,0.0001
12681,2286,dhmix_1311251505653939236,1131,EnthalpyOfMixing,<Substance CC(=O)CC(C)=O{solv}{x=0.598500}|O{solv}{x=0.401500}>,CC(=O)CC(C)=O,O,fb-fit-v1-single-mean-k100,2,0.3287205043629626,0.0372102757596874,0.4905,0.00555
12682,2287,dhmix_1367092272310773702,1132,EnthalpyOfMixing,<Substance CC(=O)CC(C)=O{solv}{x=0.749200}|O{solv}{x=0.250800}>,CC(=O)CC(C)=O,O,fb-fit-v1-single-mean-k100,2,0.4353897768474155,0.0389441419464623,0.6211,0.00695
12683,2288,dhmix_2033109088651196860,1133,EnthalpyOfMixing,<Substance CC(=O)CC(C)=O{solv}{x=0.200400}|O{solv}{x=0.799600}>,CC(=O)CC(C)=O,O,fb-fit-v1-single-mean-k100,2,-0.0052962347533878,0.0233510176972554,0.1562,0.0021
12684,2289,dens_1319073694995976411,1134,Density,<Substance CC(C)CO{solv}{x=0.762200}|OC1=NCCC1{solv}{x=0.237800}>,CC(C)CO,OC1=NCCC1,fb-fit-v1-single-mean-k100,2,0.8678855082694374,0.0002148229550892,0.8623100000000001,0.000205
12685,2290,dhmix_1817161401911066523,1135,EnthalpyOfMixing,<Substance CC(C)CO{solv}{x=0.754900}|OC1=NCCC1{solv}{x=0.245100}>,CC(C)CO,OC1=NCCC1,fb-fit-v1-single-mean-k100,2,1.4347788675968882,0.0439033555260126,0.2989,0.0033
12686,2291,dens_1852757585830259815,1136,Density,<Substance CC(C)CO{solv}{x=0.287400}|OC1=NCCC1{solv}{x=0.712600}>,CC(C)CO,OC1=NCCC1,fb-fit-v1-single-mean-k100,2,0.9855693131487804,0.0002265697806493,1.0078300000000002,0.000155
12687,2292,dhmix_2057245570503088562,1137,EnthalpyOfMixing,<Substance CC(C)CO{solv}{x=0.259800}|OC1=NCCC1{solv}{x=0.740200}>,CC(C)CO,OC1=NCCC1,fb-fit-v1-single-mean-k100,2,1.413117831113226,0.0386064760222874,0.1798,0.00205
12688,2293,dens_2175875616459255266,1138,Density,<Substance CC(C)CO{solv}{x=0.489400}|OC1=NCCC1{solv}{x=0.510600}>,CC(C)CO,OC1=NCCC1,fb-fit-v1-single-mean-k100,2,0.9349520486908574,0.0002031708245692,0.9431100000000002,0.00017
12689,2294,dhmix_2273039716774959551,1139,EnthalpyOfMixing,<Substance CC(C)CO{solv}{x=0.497800}|OC1=NCCC1{solv}{x=0.502200}>,CC(C)CO,OC1=NCCC1,fb-fit-v1-single-mean-k100,2,1.7564754956527722,0.0332282753950379,0.2775,0.0031
12690,2295,dens_1400897934227212514,1140,Density,<Substance CC(C)CC(C)(C)C{solv}{x=0.541100}|COC(C)=O{solv}{x=0.458900}>,CC(C)CC(C)(C)C,COC(C)=O,fb-fit-v1-single-mean-k100,2,0.7744869085656747,0.0002401062022259,0.7495700000000002,0.000505
12691,2296,dhmix_1534218615961922445,1141,EnthalpyOfMixing,<Substance CC(C)CC(C)(C)C{solv}{x=0.256000}|COC(C)=O{solv}{x=0.744000}>,CC(C)CC(C)(C)C,COC(C)=O,fb-fit-v1-single-mean-k100,2,1.6099390688831692,0.0429388585677327,1.385,0.015
12692,2297,dhmix_1663557420681143866,1142,EnthalpyOfMixing,<Substance CC(C)CC(C)(C)C{solv}{x=0.540600}|COC(C)=O{solv}{x=0.459400}>,CC(C)CC(C)(C)C,COC(C)=O,fb-fit-v1-single-mean-k100,2,1.9928166995327816,0.0464182738862325,1.759,0.019
12693,2298,dens_1833608859418637606,1143,Density,<Substance CC(C)CC(C)(C)C{solv}{x=0.736400}|COC(C)=O{solv}{x=0.263600}>,CC(C)CC(C)(C)C,COC(C)=O,fb-fit-v1-single-mean-k100,2,0.7439071324287523,0.0002247009383315,0.7171000000000002,0.00015
12694,2299,dhmix_1913788848230724771,1144,EnthalpyOfMixing,<Substance CC(C)CC(C)(C)C{solv}{x=0.783300}|COC(C)=O{solv}{x=0.216700}>,CC(C)CC(C)(C)C,COC(C)=O,fb-fit-v1-single-mean-k100,2,1.425748967953055,0.0450548023065288,1.149,0.0125
12695,2300,dens_2018568384717712900,1145,Density,<Substance CC(C)CC(C)(C)C{solv}{x=0.238900}|COC(C)=O{solv}{x=0.761100}>,CC(C)CC(C)(C)C,COC(C)=O,fb-fit-v1-single-mean-k100,2,0.8466275032403391,0.0002655263479045,0.8248000000000002,0.0001
12696,2301,dens_1465225466328543955,1146,Density,<Substance Cc1cccnc1{solv}{x=0.225000}|O{solv}{x=0.775000}>,Cc1cccnc1,O,fb-fit-v1-single-mean-k100,2,0.9650023553603512,0.0003402677425124,0.9921000000000002,0.0003
12697,2302,dens_1644445312716340330,1147,Density,<Substance Cc1cccnc1{solv}{x=0.500000}|O{solv}{x=0.500000}>,Cc1cccnc1,O,fb-fit-v1-single-mean-k100,2,0.9584985438414704,0.0002851525980655,0.9797000000000002,0.0003
12698,2303,dens_2262998332454406432,1148,Density,<Substance Cc1cccnc1{solv}{x=0.700000}|O{solv}{x=0.300000}>,Cc1cccnc1,O,fb-fit-v1-single-mean-k100,2,0.95673391310836,0.0002703279817868,0.9690000000000002,0.0003
12699,2304,dens_1601780542508306264,1149,Density,<Substance CC(=O)N(C)C{solv}{x=0.771800}|CCOC(C)=O{solv}{x=0.228200}>,CC(=O)N(C)C,CCOC(C)=O,fb-fit-v1-single-mean-k100,2,0.9102015581264574,0.0002198316981598,0.9286200000000002,0.000185
12700,2305,dens_2126546638582188774,1150,Density,<Substance CC(=O)N(C)C{solv}{x=0.464600}|CCOC(C)=O{solv}{x=0.535400}>,CC(=O)N(C)C,CCOC(C)=O,fb-fit-v1-single-mean-k100,2,0.9120324109817588,0.0002056645978412,0.9166300000000002,0.00022
12701,2306,dens_2159432384130350508,1151,Density,<Substance CC(=O)N(C)C{solv}{x=0.233100}|CCOC(C)=O{solv}{x=0.766900}>,CC(=O)N(C)C,CCOC(C)=O,fb-fit-v1-single-mean-k100,2,0.9126910544529008,0.00018259696232,0.9064300000000002,0.000245
12702,2307,dens_1713891284028890335,1152,Density,<Substance CC(=O)O{solv}{x=0.798900}|CCOC(C)=O{solv}{x=0.201100}>,CC(=O)O,CCOC(C)=O,fb-fit-v1-single-mean-k100,2,1.032839131530636,0.0002878330612735,0.9996600000000002,0.000225
12703,2308,dens_1856345418041920174,1153,Density,<Substance CC(=O)O{solv}{x=0.500700}|CCOC(C)=O{solv}{x=0.499300}>,CC(=O)O,CCOC(C)=O,fb-fit-v1-single-mean-k100,2,0.9768477401443818,0.0002810575455517,0.9514000000000002,0.00018
12704,2309,dens_2035334988982485653,1154,Density,<Substance CC(=O)O{solv}{x=0.294400}|CCOC(C)=O{solv}{x=0.705600}>,CC(=O)O,CCOC(C)=O,fb-fit-v1-single-mean-k100,2,0.9478438016953366,0.0002429316589729,0.9255000000000002,0.00016
12705,2310,dhmix_592425981731704,0,EnthalpyOfMixing,<Substance C1CCCCC1{solv}{x=0.100300}|Cc1ccccc1{solv}{x=0.899700}>,C1CCCCC1,Cc1ccccc1,fb-fit-v1-single-mean-k100,3,0.3238963257295637,0.0482891410782695,0.2015,0.0015
12706,2311,dens_191923210986624643,1,Density,<Substance C1CCCCC1{solv}{x=0.697700}|Cc1ccccc1{solv}{x=0.302300}>,C1CCCCC1,Cc1ccccc1,fb-fit-v1-single-mean-k100,3,0.7813217230521998,0.0002306799829857,0.7818000000000002,0.00041
12707,2312,dens_699555827256664507,2,Density,<Substance C1CCCCC1{solv}{x=0.100000}|Cc1ccccc1{solv}{x=0.900000}>,C1CCCCC1,Cc1ccccc1,fb-fit-v1-single-mean-k100,3,0.845798676502329,0.0002173516113559,0.8378000000000001,0.00025
12708,2313,dhmix_997331474504366167,3,EnthalpyOfMixing,<Substance C1CCCCC1{solv}{x=0.697900}|Cc1ccccc1{solv}{x=0.302100}>,C1CCCCC1,Cc1ccccc1,fb-fit-v1-single-mean-k100,3,0.6887887984768923,0.0430469268749949,0.5221,0.0034
12709,2314,dhmix_1586684551148150215,4,EnthalpyOfMixing,<Substance C1CCCCC1{solv}{x=0.397600}|Cc1ccccc1{solv}{x=0.602400}>,C1CCCCC1,Cc1ccccc1,fb-fit-v1-single-mean-k100,3,0.7924555901579424,0.0455952922189604,0.5887,0.0038
12710,2315,dens_1809100412119556796,5,Density,<Substance C1CCCCC1{solv}{x=0.397500}|Cc1ccccc1{solv}{x=0.602500}>,C1CCCCC1,Cc1ccccc1,fb-fit-v1-single-mean-k100,3,0.8262623229254079,0.0002020890862373,0.8228000000000002,0.0002
12711,2316,dhmix_1261378482688431,6,EnthalpyOfMixing,<Substance CCC(C)=O{solv}{x=0.510600}|Nc1ccccc1{solv}{x=0.489400}>,CCC(C)=O,Nc1ccccc1,fb-fit-v1-single-mean-k100,3,-0.3219798448582835,0.0381699826189111,-1.173,0.0125
12712,2317,dhmix_157258283975731553,7,EnthalpyOfMixing,<Substance CCC(C)=O{solv}{x=0.901800}|Nc1ccccc1{solv}{x=0.098200}>,CCC(C)=O,Nc1ccccc1,fb-fit-v1-single-mean-k100,3,-0.2472584521640648,0.0415075413163123,-0.469,0.005
12713,2318,dens_610648476268376520,8,Density,<Substance CCC(C)=O{solv}{x=0.502600}|Nc1ccccc1{solv}{x=0.497400}>,CCC(C)=O,Nc1ccccc1,fb-fit-v1-single-mean-k100,3,0.932564691296657,0.0002421685645295,0.9213850000000002,5.650000000000002e-05
12714,2319,dens_1388487494953421117,9,Density,<Substance CCC(C)=O{solv}{x=0.901900}|Nc1ccccc1{solv}{x=0.098100}>,CCC(C)=O,Nc1ccccc1,fb-fit-v1-single-mean-k100,3,0.8241311059511933,0.000247320930677,0.8265540000000001,7.200000000000002e-05
12715,2320,dhmix_1389656513678923263,10,EnthalpyOfMixing,<Substance CCC(C)=O{solv}{x=0.209900}|Nc1ccccc1{solv}{x=0.790100}>,CCC(C)=O,Nc1ccccc1,fb-fit-v1-single-mean-k100,3,-0.1038340620702769,0.0530643959639991,-0.648,0.007
12716,2321,dens_2115628806769415578,11,Density,<Substance CCC(C)=O{solv}{x=0.256300}|Nc1ccccc1{solv}{x=0.743700}>,CCC(C)=O,Nc1ccccc1,fb-fit-v1-single-mean-k100,3,0.9977410117578376,0.0002025761902264,0.9712300000000004,4.900000000000001e-05
12717,2322,dens_1379242187515209,12,Density,<Substance CC#N{solv}{x=0.795200}|CCCCOCCCC{solv}{x=0.204800}>,CC#N,CCCCOCCCC,fb-fit-v1-single-mean-k100,3,0.7691418116183317,0.00025104234317,0.7708800000000002,0.000245
12718,2323,dhmix_575991096898484441,13,EnthalpyOfMixing,<Substance CC#N{solv}{x=0.488600}|CCCCOCCCC{solv}{x=0.511400}>,CC#N,CCCCOCCCC,fb-fit-v1-single-mean-k100,3,0.6154677894433718,0.0408813688238482,1.26543,0.00796
12719,2324,dhmix_1182924089945476872,14,EnthalpyOfMixing,<Substance CC#N{solv}{x=0.241600}|CCCCOCCCC{solv}{x=0.758400}>,CC#N,CCCCOCCCC,fb-fit-v1-single-mean-k100,3,0.4534507027968999,0.0511181794678538,0.94593,0.00601
12720,2325,dhmix_1244492966201685063,15,EnthalpyOfMixing,<Substance CC#N{solv}{x=0.795200}|CCCCOCCCC{solv}{x=0.204800}>,CC#N,CCCCOCCCC,fb-fit-v1-single-mean-k100,3,0.452251687186725,0.0335819797767042,0.94289,0.005995
12721,2326,dens_2044032309137951705,16,Density,<Substance CC#N{solv}{x=0.245500}|CCCCOCCCC{solv}{x=0.754500}>,CC#N,CCCCOCCCC,fb-fit-v1-single-mean-k100,3,0.7653139803312099,0.0001981818604782,0.7653000000000001,0.00028
12722,2327,dens_2211436825174998797,17,Density,<Substance CC#N{solv}{x=0.509800}|CCCCOCCCC{solv}{x=0.490200}>,CC#N,CCCCOCCCC,fb-fit-v1-single-mean-k100,3,0.7672420589132631,0.0002177135908392,0.7671500000000001,0.00026
12723,2328,dens_1820034175228694,18,Density,<Substance C1CCCCC1{solv}{x=0.540900}|CN1CCCC1=O{solv}{x=0.459100}>,C1CCCCC1,CN1CCCC1=O,fb-fit-v1-single-mean-k100,3,0.8672432638589008,0.0002245645195749,0.8757100000000002,0.000335
12724,2329,dhmix_1335365307191460458,19,EnthalpyOfMixing,<Substance C1CCCCC1{solv}{x=0.751800}|CN1CCCC1=O{solv}{x=0.248200}>,C1CCCCC1,CN1CCCC1=O,fb-fit-v1-single-mean-k100,3,1.4432847371350874,0.0423133377987433,1.1998,0.01285
12725,2330,dens_1375048033230012198,20,Density,<Substance C1CCCCC1{solv}{x=0.733200}|CN1CCCC1=O{solv}{x=0.266800}>,C1CCCCC1,CN1CCCC1=O,fb-fit-v1-single-mean-k100,3,0.8223914544806801,0.0002440583886122,0.8287300000000002,0.0004
12726,2331,dhmix_1563298635135474599,21,EnthalpyOfMixing,<Substance C1CCCCC1{solv}{x=0.278900}|CN1CCCC1=O{solv}{x=0.721100}>,C1CCCCC1,CN1CCCC1=O,fb-fit-v1-single-mean-k100,3,1.6316860007292036,0.0463743131804015,1.2061,0.0129
12727,2332,dens_1606235786379262481,22,Density,<Substance C1CCCCC1{solv}{x=0.227500}|CN1CCCC1=O{solv}{x=0.772500}>,C1CCCCC1,CN1CCCC1=O,fb-fit-v1-single-mean-k100,3,0.9465726461441328,0.0001747894520962,0.9583800000000002,0.000245
12728,2333,dhmix_1683219349338278021,23,EnthalpyOfMixing,<Substance C1CCCCC1{solv}{x=0.473400}|CN1CCCC1=O{solv}{x=0.526600}>,C1CCCCC1,CN1CCCC1=O,fb-fit-v1-single-mean-k100,3,1.8898678673206888,0.0339792507185558,1.4691,0.0157
12729,2334,dens_4438302718372985,24,Density,<Substance BrCCCCBr{solv}{x=0.717000}|COC=O{solv}{x=0.283000}>,BrCCCCBr,COC=O,fb-fit-v1-single-mean-k100,3,1.6563062245287,0.00038969292271,1.6702600000000003,0.00259
12730,2335,dhmix_369816950910078034,25,EnthalpyOfMixing,<Substance BrCCCCBr{solv}{x=0.778200}|COC=O{solv}{x=0.221800}>,BrCCCCBr,COC=O,fb-fit-v1-single-mean-k100,3,0.7409890232223688,0.0351145583383286,0.6355,0.0057
12731,2336,dens_460757700461114532,26,Density,<Substance BrCCCCBr{solv}{x=0.495800}|COC=O{solv}{x=0.504200}>,BrCCCCBr,COC=O,fb-fit-v1-single-mean-k100,3,1.5191185230355984,0.0004473806882867,1.5176800000000004,0.001885
12732,2337,dhmix_1496821399278454353,27,EnthalpyOfMixing,<Substance BrCCCCBr{solv}{x=0.265400}|COC=O{solv}{x=0.734600}>,BrCCCCBr,COC=O,fb-fit-v1-single-mean-k100,3,0.9189316503626052,0.0315240289638612,0.8185,0.00715
12733,2338,dens_1750413656870357630,28,Density,<Substance BrCCCCBr{solv}{x=0.225800}|COC=O{solv}{x=0.774200}>,BrCCCCBr,COC=O,fb-fit-v1-single-mean-k100,3,1.2889216859297377,0.0004006936102251,1.2671300000000003,0.00104
12734,2339,dhmix_1802862930607761431,29,EnthalpyOfMixing,<Substance BrCCCCBr{solv}{x=0.482000}|COC=O{solv}{x=0.518000}>,BrCCCCBr,COC=O,fb-fit-v1-single-mean-k100,3,1.13422150776314,0.0376923733862581,1.0243,0.0087
12735,2340,dhmix_8447570649359775,30,EnthalpyOfMixing,<Substance OCCO{solv}{x=0.481700}|OCc1ccccc1{solv}{x=0.518300}>,OCCO,OCc1ccccc1,fb-fit-v1-single-mean-k100,3,0.0106994188609874,0.0658515758887817,0.201,0.00465
12736,2341,dens_824372741354282107,31,Density,<Substance OCCO{solv}{x=0.505700}|OCc1ccccc1{solv}{x=0.494300}>,OCCO,OCc1ccccc1,fb-fit-v1-single-mean-k100,3,1.0680878015710238,0.0003025516138541,1.0579000000000005,0.00027
12737,2342,dens_1105173553343721111,32,Density,<Substance OCCO{solv}{x=0.737100}|OCc1ccccc1{solv}{x=0.262900}>,OCCO,OCc1ccccc1,fb-fit-v1-single-mean-k100,3,1.088731934354037,0.0003091569852175,1.0753200000000005,0.000275
12738,2343,dhmix_1362282802315816638,33,EnthalpyOfMixing,<Substance OCCO{solv}{x=0.736100}|OCc1ccccc1{solv}{x=0.263900}>,OCCO,OCc1ccccc1,fb-fit-v1-single-mean-k100,3,0.0066812843370485,0.0467110118703305,0.1383,0.0037
12739,2344,dhmix_1666683879028583081,34,EnthalpyOfMixing,<Substance OCCO{solv}{x=0.236500}|OCc1ccccc1{solv}{x=0.763500}>,OCCO,OCc1ccccc1,fb-fit-v1-single-mean-k100,3,0.094142279248004,0.0596937392745827,0.209,0.0048
12740,2345,dens_1698159396404241323,35,Density,<Substance OCCO{solv}{x=0.262200}|OCc1ccccc1{solv}{x=0.737800}>,OCCO,OCc1ccccc1,fb-fit-v1-single-mean-k100,3,1.0536281093906523,0.0002099124402585,1.0442900000000002,0.000265
12741,2346,dens_8507121971977381,36,Density,<Substance CCOC(C)(C)C{solv}{x=0.505000}|Cc1ccccc1{solv}{x=0.495000}>,CCOC(C)(C)C,Cc1ccccc1,fb-fit-v1-single-mean-k100,3,0.8068932909857863,0.0002267258627685,0.7937390000000002,0.000467
12742,2347,dens_499290591626962121,37,Density,<Substance CCOC(C)(C)C{solv}{x=0.217000}|Cc1ccccc1{solv}{x=0.783000}>,CCOC(C)(C)C,Cc1ccccc1,fb-fit-v1-single-mean-k100,3,0.8431415157490206,0.000185600112597,0.8314450000000002,0.000411
12743,2348,dhmix_820491025608256793,38,EnthalpyOfMixing,<Substance CCOC(C)(C)C{solv}{x=0.501900}|Cc1ccccc1{solv}{x=0.498100}>,CCOC(C)(C)C,Cc1ccccc1,fb-fit-v1-single-mean-k100,3,-0.1417728145254102,0.0435959989536976,-0.046,0.00055
12744,2349,dhmix_1374163681483564129,39,EnthalpyOfMixing,<Substance CCOC(C)(C)C{solv}{x=0.248900}|Cc1ccccc1{solv}{x=0.751100}>,CCOC(C)(C)C,Cc1ccccc1,fb-fit-v1-single-mean-k100,3,-0.0795748280477539,0.0348110517592067,-0.0324,0.0005
12745,2350,dens_1904998692863983733,40,Density,<Substance CCOC(C)(C)C{solv}{x=0.701000}|Cc1ccccc1{solv}{x=0.299000}>,CCOC(C)(C)C,Cc1ccccc1,fb-fit-v1-single-mean-k100,3,0.7825895849297322,0.0001541923663252,0.7696300000000001,0.000503
12746,2351,dhmix_1982853461678580310,41,EnthalpyOfMixing,<Substance CCOC(C)(C)C{solv}{x=0.749500}|Cc1ccccc1{solv}{x=0.250500}>,CCOC(C)(C)C,Cc1ccccc1,fb-fit-v1-single-mean-k100,3,-0.0698046742454607,0.0452552125489399,-0.0348,0.0005
12747,2352,dhmix_13624411991961099,42,EnthalpyOfMixing,<Substance C1CCOCC1{solv}{x=0.237900}|Cc1ccccc1N{solv}{x=0.762100}>,C1CCOCC1,Cc1ccccc1N,fb-fit-v1-single-mean-k100,3,-0.183785168545588,0.0466082996488041,-0.3658,0.004
12748,2353,dhmix_510299013171775812,43,EnthalpyOfMixing,<Substance C1CCOCC1{solv}{x=0.741000}|Cc1ccccc1N{solv}{x=0.259000}>,C1CCOCC1,Cc1ccccc1N,fb-fit-v1-single-mean-k100,3,-0.3180414584140933,0.0450251547089513,-0.4892,0.0053
12749,2354,dhmix_1337006691942958969,44,EnthalpyOfMixing,<Substance C1CCOCC1{solv}{x=0.490100}|Cc1ccccc1N{solv}{x=0.509900}>,C1CCOCC1,Cc1ccccc1N,fb-fit-v1-single-mean-k100,3,-0.360256526194334,0.0461728770269248,-0.5715,0.0062
12750,2355,dens_1448062547628404156,45,Density,<Substance C1CCOCC1{solv}{x=0.727900}|Cc1ccccc1N{solv}{x=0.272100}>,C1CCOCC1,Cc1ccccc1N,fb-fit-v1-single-mean-k100,3,0.9212070231558064,0.0002409714941676,0.91866,0.000285
12751,2356,dens_2171966897328079405,46,Density,<Substance C1CCOCC1{solv}{x=0.498600}|Cc1ccccc1N{solv}{x=0.501400}>,C1CCOCC1,Cc1ccccc1N,fb-fit-v1-single-mean-k100,3,0.9552564825337602,0.0001860077738348,0.9459860000000002,0.0002275
12752,2357,dens_2201621104799327758,47,Density,<Substance C1CCOCC1{solv}{x=0.229700}|Cc1ccccc1N{solv}{x=0.770300}>,C1CCOCC1,Cc1ccccc1N,fb-fit-v1-single-mean-k100,3,0.9902023029977132,0.0002335551536213,0.9734540000000002,0.000164
12753,2358,dens_15008167137789802,48,Density,<Substance CCCCCl{solv}{x=0.299200}|CN(C)C=O{solv}{x=0.700800}>,CCCCCl,CN(C)C=O,fb-fit-v1-single-mean-k100,3,0.9066487020496042,0.0002557075438014,0.9218000000000002,0.0002
12754,2359,dens_550868133232739009,49,Density,<Substance CCCCCl{solv}{x=0.701200}|CN(C)C=O{solv}{x=0.298800}>,CCCCCl,CN(C)C=O,fb-fit-v1-single-mean-k100,3,0.8826783733307128,0.0002964703551767,0.8963000000000002,0.0002
12755,2360,dhmix_1315230298567753558,50,EnthalpyOfMixing,<Substance CCCCCl{solv}{x=0.793000}|CN(C)C=O{solv}{x=0.207000}>,CCCCCl,CN(C)C=O,fb-fit-v1-single-mean-k100,3,0.6907134025608244,0.0417420552673528,0.404,0.003
12756,2361,dhmix_1929975181819720491,51,EnthalpyOfMixing,<Substance CCCCCl{solv}{x=0.493000}|CN(C)C=O{solv}{x=0.507000}>,CCCCCl,CN(C)C=O,fb-fit-v1-single-mean-k100,3,0.973505093086466,0.0388374595213951,0.571,0.003
12757,2362,dhmix_1976787548784045784,52,EnthalpyOfMixing,<Substance CCCCCl{solv}{x=0.295000}|CN(C)C=O{solv}{x=0.705000}>,CCCCCl,CN(C)C=O,fb-fit-v1-single-mean-k100,3,0.7812092702981204,0.0363046136421792,0.467,0.003
12758,2363,dens_2008819185276371643,53,Density,<Substance CCCCCl{solv}{x=0.499000}|CN(C)C=O{solv}{x=0.501000}>,CCCCCl,CN(C)C=O,fb-fit-v1-single-mean-k100,3,0.8951965187849519,0.0001934070806853,0.9086000000000002,0.0002
12759,2364,dens_16755306936326197,54,Density,<Substance Cc1ccccc1N{solv}{x=0.255700}|Cc1ccccn1{solv}{x=0.744300}>,Cc1ccccc1N,Cc1ccccn1,fb-fit-v1-single-mean-k100,3,0.9685211665167596,0.0001827563785013,0.9597930000000002,0.000307
12760,2365,dens_238666738854407136,55,Density,<Substance Cc1ccccc1N{solv}{x=0.514600}|Cc1ccccn1{solv}{x=0.485400}>,Cc1ccccc1N,Cc1ccccn1,fb-fit-v1-single-mean-k100,3,0.988902111855474,0.0002016421195029,0.9748990000000002,0.0002315
12761,2366,dhmix_1909144841681931250,56,EnthalpyOfMixing,<Substance Cc1ccccc1N{solv}{x=0.488200}|Cc1ccccn1{solv}{x=0.511800}>,Cc1ccccc1N,Cc1ccccn1,fb-fit-v1-single-mean-k100,3,-1.2123501422290417,0.053155766625341,-1.4976,0.0305
12762,2367,dens_1945534954282706534,57,Density,<Substance Cc1ccccc1N{solv}{x=0.757100}|Cc1ccccn1{solv}{x=0.242900}>,Cc1ccccc1N,Cc1ccccn1,fb-fit-v1-single-mean-k100,3,1.005363477652543,0.0001834530799849,0.9854410000000002,0.000169
12763,2368,dhmix_2038606904928978856,58,EnthalpyOfMixing,<Substance Cc1ccccc1N{solv}{x=0.782100}|Cc1ccccn1{solv}{x=0.217900}>,Cc1ccccc1N,Cc1ccccn1,fb-fit-v1-single-mean-k100,3,-0.9982531927536512,0.0484949732099236,-0.8656,0.01775
12764,2369,dhmix_2125558080831870503,59,EnthalpyOfMixing,<Substance Cc1ccccc1N{solv}{x=0.273600}|Cc1ccccn1{solv}{x=0.726400}>,Cc1ccccc1N,Cc1ccccn1,fb-fit-v1-single-mean-k100,3,-1.4048292965558815,0.0441401983493871,-1.2462,0.0254
12765,2370,dens_19028061622240549,60,Density,<Substance CN(C)CCO{solv}{x=0.296200}|CO{solv}{x=0.703800}>,CN(C)CCO,CO,fb-fit-v1-single-mean-k100,3,0.8513892220924711,0.0002483298847014,0.8506500000000001,0.00014
12766,2371,dens_186649390549115907,61,Density,<Substance CN(C)CCO{solv}{x=0.502000}|CO{solv}{x=0.498000}>,CN(C)CCO,CO,fb-fit-v1-single-mean-k100,3,0.8797432754709759,0.0002600856628302,0.8684000000000002,0.000155
12767,2372,dhmix_1453612193040378117,62,EnthalpyOfMixing,<Substance CN(C)CCO{solv}{x=0.497200}|CO{solv}{x=0.502800}>,CN(C)CCO,CO,fb-fit-v1-single-mean-k100,3,-1.2664584829842056,0.0356006937645954,-0.8673,0.00935
12768,2373,dens_1978392691277508278,63,Density,<Substance CN(C)CCO{solv}{x=0.707500}|CO{solv}{x=0.292500}>,CN(C)CCO,CO,fb-fit-v1-single-mean-k100,3,0.8985019718771595,0.0002044200319403,0.8766100000000002,0.00017
12769,2374,dhmix_2113387918969192804,64,EnthalpyOfMixing,<Substance CN(C)CCO{solv}{x=0.247900}|CO{solv}{x=0.752100}>,CN(C)CCO,CO,fb-fit-v1-single-mean-k100,3,-1.0403152866574956,0.0307493763323942,-0.8057,0.0087
12770,2375,dhmix_2220842061395014218,65,EnthalpyOfMixing,<Substance CN(C)CCO{solv}{x=0.750600}|CO{solv}{x=0.249400}>,CN(C)CCO,CO,fb-fit-v1-single-mean-k100,3,-0.771678027056879,0.0516807327475037,-0.5322,0.00585
12771,2376,dhmix_21994921667950318,66,EnthalpyOfMixing,<Substance C=CCCCC{solv}{x=0.500100}|CCCO{solv}{x=0.499900}>,C=CCCCC,CCCO,fb-fit-v1-single-mean-k100,3,0.567934387898049,0.0418175672688463,0.595,0.0055
12772,2377,dens_62854823056490751,67,Density,<Substance C=CCCCC{solv}{x=0.150300}|CCCO{solv}{x=0.849700}>,C=CCCCC,CCCO,fb-fit-v1-single-mean-k100,3,0.7691188989317289,0.0002774809255132,0.7704980000000002,0.0001845
12773,2378,dens_294296714501123310,68,Density,<Substance C=CCCCC{solv}{x=0.499100}|CCCO{solv}{x=0.500900}>,C=CCCCC,CCCO,fb-fit-v1-single-mean-k100,3,0.7133962965409232,0.0002723973595632,0.7176450000000002,0.0002145
12774,2379,dhmix_829065315899278784,69,EnthalpyOfMixing,<Substance C=CCCCC{solv}{x=0.750000}|CCCO{solv}{x=0.250000}>,C=CCCCC,CCCO,fb-fit-v1-single-mean-k100,3,0.6438629395444906,0.03459378996849,0.682,0.006
12775,2380,dens_2024397702416079279,70,Density,<Substance C=CCCCC{solv}{x=0.745600}|CCCO{solv}{x=0.254400}>,C=CCCCC,CCCO,fb-fit-v1-single-mean-k100,3,0.6856648870104582,0.0002350809527526,0.6899770000000002,0.0002305
12776,2381,dhmix_2167083041249157622,71,EnthalpyOfMixing,<Substance C=CCCCC{solv}{x=0.150100}|CCCO{solv}{x=0.849900}>,C=CCCCC,CCCO,fb-fit-v1-single-mean-k100,3,0.2511162774340967,0.0387712092060412,0.192,0.005
12777,2382,dhmix_22428169890990447,72,EnthalpyOfMixing,<Substance CC1(C)C(=O)[C@]2(C)CC[C@H]1C2{solv}{x=0.286000}|CCO{solv}{x=0.714000}>,CC1(C)C(=O)[C@]2(C)CC[C@H]1C2,CCO,fb-fit-v1-single-mean-k100,3,0.9623937001679934,0.0449891753929582,0.876,0.0265
12778,2383,dhmix_57626661746168078,73,EnthalpyOfMixing,<Substance CC1(C)C(=O)[C@]2(C)CC[C@H]1C2{solv}{x=0.701000}|CCO{solv}{x=0.299000}>,CC1(C)C(=O)[C@]2(C)CC[C@H]1C2,CCO,fb-fit-v1-single-mean-k100,3,1.0224360655077191,0.0473567031766258,1.0,0.0305
12779,2384,dhmix_287041928444283276,74,EnthalpyOfMixing,<Substance CC1(C)C(=O)[C@]2(C)CC[C@H]1C2{solv}{x=0.488000}|CCO{solv}{x=0.512000}>,CC1(C)C(=O)[C@]2(C)CC[C@H]1C2,CCO,fb-fit-v1-single-mean-k100,3,1.25404968446108,0.0371816898023076,1.109,0.0335
12780,2385,dens_618487453946854895,75,Density,<Substance CC1(C)C(=O)[C@]2(C)CC[C@H]1C2{solv}{x=0.501200}|CCO{solv}{x=0.498800}>,CC1(C)C(=O)[C@]2(C)CC[C@H]1C2,CCO,fb-fit-v1-single-mean-k100,3,0.9205475741359652,0.0002211704640404,0.9005900000000002,5.5000000000000016e-05
12781,2386,dens_1408969463542558504,76,Density,<Substance CC1(C)C(=O)[C@]2(C)CC[C@H]1C2{solv}{x=0.789700}|CCO{solv}{x=0.210300}>,CC1(C)C(=O)[C@]2(C)CC[C@H]1C2,CCO,fb-fit-v1-single-mean-k100,3,0.9525747188428968,0.0002176242542932,0.9274800000000002,6.0000000000000015e-05
12782,2387,dens_2053919413592536040,77,Density,<Substance CC1(C)C(=O)[C@]2(C)CC[C@H]1C2{solv}{x=0.200200}|CCO{solv}{x=0.799800}>,CC1(C)C(=O)[C@]2(C)CC[C@H]1C2,CCO,fb-fit-v1-single-mean-k100,3,0.8643504055465758,0.0002406586885289,0.8499000000000002,6.500000000000002e-05
12783,2388,dhmix_24700325920498635,78,EnthalpyOfMixing,<Substance CCC(C)(C)O{solv}{x=0.799400}|CCOC(C)(C)CC{solv}{x=0.200600}>,CCC(C)(C)O,CCOC(C)(C)CC,fb-fit-v1-single-mean-k100,3,0.3060290986003799,0.0481772934978605,0.448,0.0073
12784,2389,dhmix_252628078473967793,79,EnthalpyOfMixing,<Substance CCC(C)(C)O{solv}{x=0.299700}|CCOC(C)(C)CC{solv}{x=0.700300}>,CCC(C)(C)O,CCOC(C)(C)CC,fb-fit-v1-single-mean-k100,3,0.8631929681018917,0.0425920279551634,0.9727,0.0132
12785,2390,dens_281609537293621351,80,Density,<Substance CCC(C)(C)O{solv}{x=0.799400}|CCOC(C)(C)CC{solv}{x=0.200600}>,CCC(C)(C)O,CCOC(C)(C)CC,fb-fit-v1-single-mean-k100,3,0.8053485447793978,0.0002317331249794,0.7932000000000002,0.00025
12786,2391,dhmix_980734994193955874,81,EnthalpyOfMixing,<Substance CCC(C)(C)O{solv}{x=0.498700}|CCOC(C)(C)CC{solv}{x=0.501300}>,CCC(C)(C)O,CCOC(C)(C)CC,fb-fit-v1-single-mean-k100,3,1.0200090022697346,0.0467866231540825,0.8937,0.01225
12787,2392,dens_1165049856972872340,82,Density,<Substance CCC(C)(C)O{solv}{x=0.498700}|CCOC(C)(C)CC{solv}{x=0.501300}>,CCC(C)(C)O,CCOC(C)(C)CC,fb-fit-v1-single-mean-k100,3,0.786359096046579,0.0001892720060507,0.7789000000000001,0.0002
12788,2393,dens_2297026976830009992,83,Density,<Substance CCC(C)(C)O{solv}{x=0.299700}|CCOC(C)(C)CC{solv}{x=0.700300}>,CCC(C)(C)O,CCOC(C)(C)CC,fb-fit-v1-single-mean-k100,3,0.7756238030221432,0.0002016086724853,0.7709000000000001,0.0002
12789,2394,dens_25810987980199799,84,Density,<Substance CCCCCC{solv}{x=0.158800}|Cc1ccccc1{solv}{x=0.841200}>,CCCCCC,Cc1ccccc1,fb-fit-v1-single-mean-k100,3,0.8310863658948032,0.000219205129495,0.8226300000000002,0.000335
12790,2395,dens_574637447996217594,85,Density,<Substance CCCCCC{solv}{x=0.501100}|Cc1ccccc1{solv}{x=0.498900}>,CCCCCC,Cc1ccccc1,fb-fit-v1-single-mean-k100,3,0.7510607023272093,0.0002098459400613,0.7484400000000002,0.00015
12791,2396,dhmix_1373657903424456878,86,EnthalpyOfMixing,<Substance CCCCCC{solv}{x=0.158600}|Cc1ccccc1{solv}{x=0.841400}>,CCCCCC,Cc1ccccc1,fb-fit-v1-single-mean-k100,3,0.452562482525181,0.0427527092816622,0.3163,0.0043
12792,2397,dhmix_1383995974797334848,87,EnthalpyOfMixing,<Substance CCCCCC{solv}{x=0.472300}|Cc1ccccc1{solv}{x=0.527700}>,CCCCCC,Cc1ccccc1,fb-fit-v1-single-mean-k100,3,0.7694459220146541,0.042910816214584,0.5467,0.00715
12793,2398,dhmix_1412344026798360911,88,EnthalpyOfMixing,<Substance CCCCCC{solv}{x=0.748400}|Cc1ccccc1{solv}{x=0.251600}>,CCCCCC,Cc1ccccc1,fb-fit-v1-single-mean-k100,3,0.6621400524295495,0.0445575049818235,0.393,0.00525
12794,2399,dens_2241575426887298365,89,Density,<Substance CCCCCC{solv}{x=0.733800}|Cc1ccccc1{solv}{x=0.266200}>,CCCCCC,Cc1ccccc1,fb-fit-v1-single-mean-k100,3,0.7021322395690153,0.0002141172046194,0.7020900000000002,0.000305
12795,2400,dens_27241401908451167,90,Density,<Substance CN(C)C=O{solv}{x=0.503500}|Cc1ccccc1Cl{solv}{x=0.496500}>,CN(C)C=O,Cc1ccccc1Cl,fb-fit-v1-single-mean-k100,3,1.0246430998901828,0.0002414129457709,1.0247000000000004,0.0005
12796,2401,dhmix_674882857451857086,91,EnthalpyOfMixing,<Substance CN(C)C=O{solv}{x=0.511800}|Cc1ccccc1Cl{solv}{x=0.488200}>,CN(C)C=O,Cc1ccccc1Cl,fb-fit-v1-single-mean-k100,3,0.2460709073752909,0.0399551127771872,0.545,0.006
12797,2402,dens_818042132181297482,92,Density,<Substance CN(C)C=O{solv}{x=0.751200}|Cc1ccccc1Cl{solv}{x=0.248800}>,CN(C)C=O,Cc1ccccc1Cl,fb-fit-v1-single-mean-k100,3,0.979588921953203,0.0002514198837535,0.9898800000000002,0.0005
12798,2403,dens_861365281257265917,93,Density,<Substance CN(C)C=O{solv}{x=0.273700}|Cc1ccccc1Cl{solv}{x=0.726300}>,CN(C)C=O,Cc1ccccc1Cl,fb-fit-v1-single-mean-k100,3,1.0487423017444837,0.0002657590328936,1.0415000000000003,0.0005
12799,2404,dhmix_1670364528496870559,94,EnthalpyOfMixing,<Substance CN(C)C=O{solv}{x=0.767900}|Cc1ccccc1Cl{solv}{x=0.232100}>,CN(C)C=O,Cc1ccccc1Cl,fb-fit-v1-single-mean-k100,3,0.1836447415636044,0.0401627159915658,0.436,0.005
12800,2405,dhmix_1992689527814967541,95,EnthalpyOfMixing,<Substance CN(C)C=O{solv}{x=0.274300}|Cc1ccccc1Cl{solv}{x=0.725700}>,CN(C)C=O,Cc1ccccc1Cl,fb-fit-v1-single-mean-k100,3,0.2181669880692993,0.0425840836979568,0.373,0.004
12801,2406,dens_29213618499921464,96,Density,<Substance C1CCOCC1{solv}{x=0.254000}|O=C1CCCCCC1{solv}{x=0.746000}>,C1CCOCC1,O=C1CCCCCC1,fb-fit-v1-single-mean-k100,3,0.9274693059591254,0.0002078058857814,0.9355100000000002,0.00051
12802,2407,dens_468319504030932569,97,Density,<Substance C1CCOCC1{solv}{x=0.498600}|O=C1CCCCCC1{solv}{x=0.501400}>,C1CCOCC1,O=C1CCCCCC1,fb-fit-v1-single-mean-k100,3,0.9134130045642286,0.0002144160293012,0.9211200000000004,0.00051
12803,2408,dens_1174890511154571939,98,Density,<Substance C1CCOCC1{solv}{x=0.768600}|O=C1CCCCCC1{solv}{x=0.231400}>,C1CCOCC1,O=C1CCCCCC1,fb-fit-v1-single-mean-k100,3,0.8939728704445992,0.0002134335026266,0.9012200000000002,0.000505
12804,2409,dens_30084818585402677,99,Density,<Substance CC(=O)N(C)C{solv}{x=0.700600}|ClCCCCCCCl{solv}{x=0.299400}>,CC(=O)N(C)C,ClCCCCCCCl,fb-fit-v1-single-mean-k100,3,0.9701720194140692,0.0001615489535317,0.9853000000000002,0.00175
12805,2410,dhmix_384619296407103076,100,EnthalpyOfMixing,<Substance CC(=O)N(C)C{solv}{x=0.504000}|ClCCCCCCCl{solv}{x=0.496000}>,CC(=O)N(C)C,ClCCCCCCCl,fb-fit-v1-single-mean-k100,3,0.321223607047358,0.0366589859797473,0.09,0.002
12806,2411,dens_539464371986972328,101,Density,<Substance CC(=O)N(C)C{solv}{x=0.494300}|ClCCCCCCCl{solv}{x=0.505700}>,CC(=O)N(C)C,ClCCCCCCCl,fb-fit-v1-single-mean-k100,3,1.0043936249755867,0.0002088737891657,1.0123000000000002,0.0016
12807,2412,dhmix_1114659247517686326,102,EnthalpyOfMixing,<Substance CC(=O)N(C)C{solv}{x=0.798000}|ClCCCCCCCl{solv}{x=0.202000}>,CC(=O)N(C)C,ClCCCCCCCl,fb-fit-v1-single-mean-k100,3,0.1720707167950932,0.0427474353969315,0.067,0.002
12808,2413,dhmix_1410583096030633514,103,EnthalpyOfMixing,<Substance CC(=O)N(C)C{solv}{x=0.212000}|ClCCCCCCCl{solv}{x=0.788000}>,CC(=O)N(C)C,ClCCCCCCCl,fb-fit-v1-single-mean-k100,3,0.1515480886949376,0.0443372572095876,0.04,0.002
12809,2414,dens_2244909992725638206,104,Density,<Substance CC(=O)N(C)C{solv}{x=0.300200}|ClCCCCCCCl{solv}{x=0.699800}>,CC(=O)N(C)C,ClCCCCCCCl,fb-fit-v1-single-mean-k100,3,1.032018005636183,0.0002439523532071,1.0345000000000002,0.0015
12810,2415,dhmix_35301006695188726,105,EnthalpyOfMixing,<Substance CCOC(=O)C(C)C{solv}{x=0.289000}|CO{solv}{x=0.711000}>,CCOC(=O)C(C)C,CO,fb-fit-v1-single-mean-k100,3,0.5330908286659195,0.0267849901005493,0.488,0.0035
12811,2416,dens_508877804306927207,106,Density,<Substance CCOC(=O)C(C)C{solv}{x=0.499000}|CO{solv}{x=0.501000}>,CCOC(=O)C(C)C,CO,fb-fit-v1-single-mean-k100,3,0.8486341586464525,0.0002782051076161,0.8414100000000002,0.00011
12812,2417,dens_1201422771202741625,107,Density,<Substance CCOC(=O)C(C)C{solv}{x=0.199600}|CO{solv}{x=0.800400}>,CCOC(=O)C(C)C,CO,fb-fit-v1-single-mean-k100,3,0.8114640547111783,0.0003775247197867,0.8173600000000002,0.000115
12813,2418,dhmix_1951183536432642425,108,EnthalpyOfMixing,<Substance CCOC(=O)C(C)C{solv}{x=0.480000}|CO{solv}{x=0.520000}>,CCOC(=O)C(C)C,CO,fb-fit-v1-single-mean-k100,3,0.7626693933483679,0.0413299603668836,0.671,0.0045
12814,2419,dens_1998368384671748308,109,Density,<Substance CCOC(=O)C(C)C{solv}{x=0.703000}|CO{solv}{x=0.297000}>,CCOC(=O)C(C)C,CO,fb-fit-v1-single-mean-k100,3,0.8628998297721319,0.0001794949667959,0.8501200000000002,0.00011
12815,2420,dhmix_2200604492347455092,110,EnthalpyOfMixing,<Substance CCOC(=O)C(C)C{solv}{x=0.771000}|CO{solv}{x=0.229000}>,CCOC(=O)C(C)C,CO,fb-fit-v1-single-mean-k100,3,0.5018365667920008,0.0486802473082176,0.632,0.0045
12816,2421,dhmix_39159150320919359,111,EnthalpyOfMixing,<Substance CCO{solv}{x=0.799700}|Cc1cccc(O)c1{solv}{x=0.200300}>,CCO,Cc1cccc(O)c1,fb-fit-v1-single-mean-k100,3,-0.7825004233575186,0.035680355244244,-0.79199,0.011965
12817,2422,dens_410843938837220593,112,Density,<Substance CCO{solv}{x=0.263700}|Cc1cccc(O)c1{solv}{x=0.736300}>,CCO,Cc1cccc(O)c1,fb-fit-v1-single-mean-k100,3,1.002054512896135,0.0002854226412005,0.9852300000000004,0.0006
12818,2423,dhmix_1115402835538407874,113,EnthalpyOfMixing,<Substance CCO{solv}{x=0.212500}|Cc1cccc(O)c1{solv}{x=0.787500}>,CCO,Cc1cccc(O)c1,fb-fit-v1-single-mean-k100,3,-0.8397469802271864,0.0393789042113248,-0.68742,0.01275
12819,2424,dens_1359111234216199895,114,Density,<Substance CCO{solv}{x=0.472400}|Cc1cccc(O)c1{solv}{x=0.527600}>,CCO,Cc1cccc(O)c1,fb-fit-v1-single-mean-k100,3,0.9650809970269152,0.0003198799841788,0.9446300000000002,0.0006
12820,2425,dens_1590314985481219627,115,Density,<Substance CCO{solv}{x=0.781700}|Cc1cccc(O)c1{solv}{x=0.218300}>,CCO,Cc1cccc(O)c1,fb-fit-v1-single-mean-k100,3,0.8815216025138309,0.0002750430912454,0.8631500000000002,0.000605
12821,2426,dhmix_1871939727966182523,116,EnthalpyOfMixing,<Substance CCO{solv}{x=0.413900}|Cc1cccc(O)c1{solv}{x=0.586100}>,CCO,Cc1cccc(O)c1,fb-fit-v1-single-mean-k100,3,-1.1590890399752176,0.0361844433639775,-1.14624,0.00985
12822,2427,dens_42678158079716854,117,Density,<Substance CN1CCCC1=O{solv}{x=0.937492}|c1ccccc1{solv}{x=0.062508}>,CN1CCCC1=O,c1ccccc1,fb-fit-v1-single-mean-k100,3,1.0057410447941677,0.0001573939755938,1.0204500000000003,3.500000000000001e-05
12823,2428,dens_252520620125458637,118,Density,<Substance CN1CCCC1=O{solv}{x=0.513500}|c1ccccc1{solv}{x=0.486500}>,CN1CCCC1=O,c1ccccc1,fb-fit-v1-single-mean-k100,3,0.9628656050514448,0.0001973446555386,0.9684700000000004,0.00018
12824,2429,dhmix_524477957640851666,119,EnthalpyOfMixing,<Substance CN1CCCC1=O{solv}{x=0.235600}|c1ccccc1{solv}{x=0.764400}>,CN1CCCC1=O,c1ccccc1,fb-fit-v1-single-mean-k100,3,-0.2056887815555512,0.0423953061675736,-0.3684,0.00405
12825,2430,dhmix_1475629358723962160,120,EnthalpyOfMixing,<Substance CN1CCCC1=O{solv}{x=0.546700}|c1ccccc1{solv}{x=0.453300}>,CN1CCCC1=O,c1ccccc1,fb-fit-v1-single-mean-k100,3,-0.0408530899020576,0.0417768837682607,-0.4943,0.00535
12826,2431,dens_2041306780823594960,121,Density,<Substance CN1CCCC1=O{solv}{x=0.252400}|c1ccccc1{solv}{x=0.747600}>,CN1CCCC1=O,c1ccccc1,fb-fit-v1-single-mean-k100,3,0.9205748155387288,0.000232302530851,0.9163300000000004,0.00029
12827,2432,dhmix_2156508970935294660,122,EnthalpyOfMixing,<Substance CN1CCCC1=O{solv}{x=0.741100}|c1ccccc1{solv}{x=0.258900}>,CN1CCCC1=O,c1ccccc1,fb-fit-v1-single-mean-k100,3,-0.0877743678919564,0.0436641901042604,-0.3841,0.0042
12828,2433,dhmix_44217680865702366,123,EnthalpyOfMixing,<Substance CC(=O)c1ccccc1{solv}{x=0.200100}|CC(C)O{solv}{x=0.799900}>,CC(=O)c1ccccc1,CC(C)O,fb-fit-v1-single-mean-k100,3,1.2490232061532751,0.0359801437569895,1.1352,0.0124
12829,2434,dens_91454082453656404,124,Density,<Substance CC(=O)c1ccccc1{solv}{x=0.756100}|CC(C)O{solv}{x=0.243900}>,CC(=O)c1ccccc1,CC(C)O,fb-fit-v1-single-mean-k100,3,0.98874479630792,0.0002298453525405,0.9823500000000004,0.000175
12830,2435,dens_152869924254680766,125,Density,<Substance CC(=O)c1ccccc1{solv}{x=0.251700}|CC(C)O{solv}{x=0.748300}>,CC(=O)c1ccccc1,CC(C)O,fb-fit-v1-single-mean-k100,3,0.8843619544956793,0.0002370415302772,0.8654400000000002,0.000245
12831,2436,dhmix_1214494501247401592,126,EnthalpyOfMixing,<Substance CC(=O)c1ccccc1{solv}{x=0.499600}|CC(C)O{solv}{x=0.500400}>,CC(=O)c1ccccc1,CC(C)O,fb-fit-v1-single-mean-k100,3,1.6645535117556705,0.0387071028649726,1.5703,0.0169
12832,2437,dhmix_1482394504883204224,127,EnthalpyOfMixing,<Substance CC(=O)c1ccccc1{solv}{x=0.700600}|CC(C)O{solv}{x=0.299400}>,CC(=O)c1ccccc1,CC(C)O,fb-fit-v1-single-mean-k100,3,1.1555865448475586,0.042342183353807,1.3758,0.01485
12833,2438,dens_1804860114822214449,128,Density,<Substance CC(=O)c1ccccc1{solv}{x=0.534500}|CC(C)O{solv}{x=0.465500}>,CC(=O)c1ccccc1,CC(C)O,fb-fit-v1-single-mean-k100,3,0.9493351454483064,0.0002068123441397,0.9375600000000002,0.0002
12834,2439,dhmix_47323681380989568,129,EnthalpyOfMixing,<Substance CCCCCCCCCl{solv}{x=0.498000}|CN(C)C=O{solv}{x=0.502000}>,CCCCCCCCCl,CN(C)C=O,fb-fit-v1-single-mean-k100,3,1.3885921083019497,0.0463941747047016,1.087,0.0045
12835,2440,dhmix_620291288515939248,130,EnthalpyOfMixing,<Substance CCCCCCCCCl{solv}{x=0.790000}|CN(C)C=O{solv}{x=0.210000}>,CCCCCCCCCl,CN(C)C=O,fb-fit-v1-single-mean-k100,3,1.0186936761711394,0.0503440444230079,0.68,0.0045
12836,2441,dens_1830564734879843336,131,Density,<Substance CCCCCCCCCl{solv}{x=0.733100}|CN(C)C=O{solv}{x=0.266900}>,CCCCCCCCCl,CN(C)C=O,fb-fit-v1-single-mean-k100,3,0.8761398178667604,0.0001421539079499,0.8779000000000002,0.00045
12837,2442,dens_1865569264533219410,132,Density,<Substance CCCCCCCCCl{solv}{x=0.500800}|CN(C)C=O{solv}{x=0.499200}>,CCCCCCCCCl,CN(C)C=O,fb-fit-v1-single-mean-k100,3,0.8846630759747875,0.0002304059323357,0.8897000000000003,0.0004
12838,2443,dens_1893252821735673677,133,Density,<Substance CCCCCCCCCl{solv}{x=0.199800}|CN(C)C=O{solv}{x=0.800200}>,CCCCCCCCCl,CN(C)C=O,fb-fit-v1-single-mean-k100,3,0.9028090425429962,0.0002293234258009,0.9149000000000002,0.0003
12839,2444,dhmix_2175249209874409534,134,EnthalpyOfMixing,<Substance CCCCCCCCCl{solv}{x=0.205000}|CN(C)C=O{solv}{x=0.795000}>,CCCCCCCCCl,CN(C)C=O,fb-fit-v1-single-mean-k100,3,1.02499344301134,0.0397303275614829,0.79,0.0045
12840,2445,dens_47347406470845261,135,Density,<Substance BrCCCBr{solv}{x=0.748600}|COC=O{solv}{x=0.251400}>,BrCCCBr,COC=O,fb-fit-v1-single-mean-k100,3,1.7776072902609266,0.0005043427102774,1.7969200000000003,0.00306
12841,2446,dens_398260729245374704,136,Density,<Substance BrCCCBr{solv}{x=0.472200}|COC=O{solv}{x=0.527800}>,BrCCCBr,COC=O,fb-fit-v1-single-mean-k100,3,1.562148102597079,0.0004795513755966,1.5585100000000005,0.001985
12842,2447,dhmix_1440467239786579925,137,EnthalpyOfMixing,<Substance BrCCCBr{solv}{x=0.735400}|COC=O{solv}{x=0.264600}>,BrCCCBr,COC=O,fb-fit-v1-single-mean-k100,3,0.6863591176572967,0.0384968118934948,0.7435,0.00655
12843,2448,dens_1812113401512645360,138,Density,<Substance BrCCCBr{solv}{x=0.204700}|COC=O{solv}{x=0.795300}>,BrCCCBr,COC=O,fb-fit-v1-single-mean-k100,3,1.2873128319411402,0.0003728770941054,1.2611800000000004,0.001025
12844,2449,dhmix_2252268161220427112,139,EnthalpyOfMixing,<Substance BrCCCBr{solv}{x=0.485300}|COC=O{solv}{x=0.514700}>,BrCCCBr,COC=O,fb-fit-v1-single-mean-k100,3,0.9443279507533688,0.0309920380226339,0.9249,0.00795
12845,2450,dhmix_2289960806584862127,140,EnthalpyOfMixing,<Substance BrCCCBr{solv}{x=0.239500}|COC=O{solv}{x=0.760500}>,BrCCCBr,COC=O,fb-fit-v1-single-mean-k100,3,0.7205752998127188,0.0324991298745068,0.6669,0.00595
12846,2451,dens_52148744845178727,141,Density,<Substance CC(=O)CC(C)C{solv}{x=0.700900}|CCC(C)(C)O{solv}{x=0.299100}>,CC(=O)CC(C)C,CCC(C)(C)O,fb-fit-v1-single-mean-k100,3,0.8117323393617228,0.0001795711850649,0.7968700000000002,0.00018
12847,2452,dhmix_202225007451030020,142,EnthalpyOfMixing,<Substance CC(=O)CC(C)C{solv}{x=0.201700}|CCC(C)(C)O{solv}{x=0.798300}>,CC(=O)CC(C)C,CCC(C)(C)O,fb-fit-v1-single-mean-k100,3,-0.0157001767050459,0.0422397603261907,0.8181,0.01135
12848,2453,dens_938275493819605051,143,Density,<Substance CC(=O)CC(C)C{solv}{x=0.500800}|CCC(C)(C)O{solv}{x=0.499200}>,CC(=O)CC(C)C,CCC(C)(C)O,fb-fit-v1-single-mean-k100,3,0.8144514353358913,0.0001981132333662,0.7987300000000002,0.00018
12849,2454,dhmix_998794233701009996,144,EnthalpyOfMixing,<Substance CC(=O)CC(C)C{solv}{x=0.500800}|CCC(C)(C)O{solv}{x=0.499200}>,CC(=O)CC(C)C,CCC(C)(C)O,fb-fit-v1-single-mean-k100,3,0.5866807695391327,0.0373107114496663,1.3674,0.0185
12850,2455,dhmix_1565593158104493647,145,EnthalpyOfMixing,<Substance CC(=O)CC(C)C{solv}{x=0.700900}|CCC(C)(C)O{solv}{x=0.299100}>,CC(=O)CC(C)C,CCC(C)(C)O,fb-fit-v1-single-mean-k100,3,0.6339211509703295,0.036520972069223,1.2068,0.0164
12851,2456,dens_2097057526665137697,146,Density,<Substance CC(=O)CC(C)C{solv}{x=0.201700}|CCC(C)(C)O{solv}{x=0.798300}>,CC(=O)CC(C)C,CCC(C)(C)O,fb-fit-v1-single-mean-k100,3,0.8203442949252008,0.0002125465813369,0.8030000000000002,0.00019
12852,2457,dens_60145312697659458,147,Density,<Substance OC1=NCCC1{solv}{x=0.231200}|c1ccncc1{solv}{x=0.768800}>,OC1=NCCC1,c1ccncc1,fb-fit-v1-single-mean-k100,3,1.0023157974631631,0.0002546324115663,1.0106200000000003,0.00051
12853,2458,dhmix_281987656487279026,148,EnthalpyOfMixing,<Substance OC1=NCCC1{solv}{x=0.525600}|c1ccncc1{solv}{x=0.474400}>,OC1=NCCC1,c1ccncc1,fb-fit-v1-single-mean-k100,3,0.1567807875449176,0.0356434987993303,0.2031,0.0508
12854,2459,dens_617740093035429712,149,Density,<Substance OC1=NCCC1{solv}{x=0.831200}|c1ccncc1{solv}{x=0.168800}>,OC1=NCCC1,c1ccncc1,fb-fit-v1-single-mean-k100,3,1.048795680300986,0.0002313706470386,1.0872000000000004,0.00052
12855,2460,dhmix_658699797311871042,150,EnthalpyOfMixing,<Substance OC1=NCCC1{solv}{x=0.261500}|c1ccncc1{solv}{x=0.738500}>,OC1=NCCC1,c1ccncc1,fb-fit-v1-single-mean-k100,3,0.1929935413910541,0.0368023879279098,0.165,0.04125
12856,2461,dhmix_774470106511868908,151,EnthalpyOfMixing,<Substance OC1=NCCC1{solv}{x=0.831100}|c1ccncc1{solv}{x=0.168900}>,OC1=NCCC1,c1ccncc1,fb-fit-v1-single-mean-k100,3,-0.1086217720228006,0.0388159883158494,0.0972,0.0243
12857,2462,dens_1837977312272564303,152,Density,<Substance OC1=NCCC1{solv}{x=0.475200}|c1ccncc1{solv}{x=0.524800}>,OC1=NCCC1,c1ccncc1,fb-fit-v1-single-mean-k100,3,1.0223781128598477,0.0002294330902791,1.0431300000000003,0.000515
12858,2463,dens_64870336397637683,153,Density,<Substance NCCCO{solv}{x=0.489642}|O{solv}{x=0.510358}>,NCCCO,O,fb-fit-v1-single-mean-k100,3,1.028627839529654,0.0004004979527769,1.0059000000000002,0.00155
12859,2464,dens_70371380055449550,154,Density,<Substance NCCCO{solv}{x=0.708044}|O{solv}{x=0.291956}>,NCCCO,O,fb-fit-v1-single-mean-k100,3,1.0299890707688388,0.0004041502203425,0.9975000000000004,0.0018
12860,2465,dhmix_150384853762728924,155,EnthalpyOfMixing,<Substance NCCCO{solv}{x=0.751500}|O{solv}{x=0.248500}>,NCCCO,O,fb-fit-v1-single-mean-k100,3,-0.3479366454593773,0.0397956116218443,-1.531,0.031
12861,2466,dens_847209819230970781,156,Density,<Substance NCCCO{solv}{x=0.272809}|O{solv}{x=0.727191}>,NCCCO,O,fb-fit-v1-single-mean-k100,3,1.0191940305130742,0.0003405225959852,1.0118000000000005,0.0014
12862,2467,dhmix_1448036989335532298,157,EnthalpyOfMixing,<Substance NCCCO{solv}{x=0.298200}|O{solv}{x=0.701800}>,NCCCO,O,fb-fit-v1-single-mean-k100,3,-0.8340912424793387,0.0277944739821768,-2.501,0.051
12863,2468,dhmix_1551692974855642379,158,EnthalpyOfMixing,<Substance NCCCO{solv}{x=0.498900}|O{solv}{x=0.501100}>,NCCCO,O,fb-fit-v1-single-mean-k100,3,-1.2352260594762292,0.0463409011387015,-2.462,0.05
12864,2469,dhmix_65921650414250861,159,EnthalpyOfMixing,<Substance CCOC(=O)CC(C)=O{solv}{x=0.499500}|CCO{solv}{x=0.500500}>,CCO,CCOC(=O)CC(C)=O,fb-fit-v1-single-mean-k100,3,1.810059386506424,0.0385362572970323,1.7079,0.0183
12865,2470,dhmix_546962203716710778,160,EnthalpyOfMixing,<Substance CCOC(=O)CC(C)=O{solv}{x=0.299400}|CCO{solv}{x=0.700600}>,CCO,CCOC(=O)CC(C)=O,fb-fit-v1-single-mean-k100,3,1.6232503674877137,0.0335236076100437,1.4925,0.01605
12866,2471,dens_989479368116300355,161,Density,<Substance CCOC(=O)CC(C)=O{solv}{x=0.500000}|CCO{solv}{x=0.500000}>,CCO,CCOC(=O)CC(C)=O,fb-fit-v1-single-mean-k100,3,0.9648903338006392,0.0001832250202611,0.9484700000000004,0.000155
12867,2472,dens_1726065156375824332,162,Density,<Substance CCOC(=O)CC(C)=O{solv}{x=0.250000}|CCO{solv}{x=0.750000}>,CCO,CCOC(=O)CC(C)=O,fb-fit-v1-single-mean-k100,3,0.8986315439243797,0.0002744461876688,0.8856300000000003,0.00017
12868,2473,dens_1736679431098209973,163,Density,<Substance CCOC(=O)CC(C)=O{solv}{x=0.750000}|CCO{solv}{x=0.250000}>,CCO,CCOC(=O)CC(C)=O,fb-fit-v1-single-mean-k100,3,1.0100805450042252,0.0002020225269514,0.9917100000000004,0.00017
12869,2474,dhmix_2221487218644783272,164,EnthalpyOfMixing,<Substance CCOC(=O)CC(C)=O{solv}{x=0.700800}|CCO{solv}{x=0.299200}>,CCO,CCOC(=O)CC(C)=O,fb-fit-v1-single-mean-k100,3,1.4305848331769653,0.0371633569011445,1.478,0.0159
12870,2475,dhmix_68947190908856741,165,EnthalpyOfMixing,<Substance C1COCCO1{solv}{x=0.250000}|O=C1CCCC1{solv}{x=0.750000}>,C1COCCO1,O=C1CCCC1,fb-fit-v1-single-mean-k100,3,0.0076956398031597,0.0398660940694524,0.04589,0.00057
12871,2476,dens_225413782402822877,166,Density,<Substance C1COCCO1{solv}{x=0.777800}|O=C1CCCC1{solv}{x=0.222200}>,C1COCCO1,O=C1CCCC1,fb-fit-v1-single-mean-k100,3,1.0093257662599069,0.0002487298139528,1.0081000000000002,0.000255
12872,2477,dhmix_415496698649060745,167,EnthalpyOfMixing,<Substance C1COCCO1{solv}{x=0.500000}|O=C1CCCC1{solv}{x=0.500000}>,C1COCCO1,O=C1CCCC1,fb-fit-v1-single-mean-k100,3,0.0439036421593925,0.0410031356035712,0.07457,0.00068
12873,2478,dens_803440153424346423,168,Density,<Substance C1COCCO1{solv}{x=0.506300}|O=C1CCCC1{solv}{x=0.493700}>,C1COCCO1,O=C1CCCC1,fb-fit-v1-single-mean-k100,3,0.9829508602100918,0.0002361558544053,0.9849200000000002,0.00025
12874,2479,dens_1553194080174872005,169,Density,<Substance C1COCCO1{solv}{x=0.243600}|O=C1CCCC1{solv}{x=0.756400}>,C1COCCO1,O=C1CCCC1,fb-fit-v1-single-mean-k100,3,0.9588359697944718,0.0002083419274151,0.9633500000000004,0.000245
12875,2480,dhmix_1852349497898107924,170,EnthalpyOfMixing,<Substance C1COCCO1{solv}{x=0.750000}|O=C1CCCC1{solv}{x=0.250000}>,C1COCCO1,O=C1CCCC1,fb-fit-v1-single-mean-k100,3,0.0183432348103309,0.0371019759886467,0.07097,0.000665
12876,2481,dhmix_71170350241685196,171,EnthalpyOfMixing,<Substance COC(C)(C)C{solv}{x=0.749000}|ClC(Cl)Cl{solv}{x=0.251000}>,COC(C)(C)C,ClC(Cl)Cl,fb-fit-v1-single-mean-k100,3,-0.9155646764002991,0.0410282298023513,-1.9,0.077
12877,2482,dens_554111049740737271,172,Density,<Substance COC(C)(C)C{solv}{x=0.454000}|ClC(Cl)Cl{solv}{x=0.546000}>,COC(C)(C)C,ClC(Cl)Cl,fb-fit-v1-single-mean-k100,3,1.1069667323408598,0.0004005966341254,1.0838000000000003,0.00015
12878,2483,dhmix_1691495556773848750,173,EnthalpyOfMixing,<Substance COC(C)(C)C{solv}{x=0.484000}|ClC(Cl)Cl{solv}{x=0.516000}>,COC(C)(C)C,ClC(Cl)Cl,fb-fit-v1-single-mean-k100,3,-1.321383644851139,0.0363573415271786,-2.1,0.0845
12879,2484,dens_1874337336846858625,174,Density,<Substance COC(C)(C)C{solv}{x=0.276000}|ClC(Cl)Cl{solv}{x=0.724000}>,COC(C)(C)C,ClC(Cl)Cl,fb-fit-v1-single-mean-k100,3,1.257993299870639,0.0005036139197836,1.2259000000000004,0.0002
12880,2485,dens_2136498248834183810,175,Density,<Substance COC(C)(C)C{solv}{x=0.728600}|ClC(Cl)Cl{solv}{x=0.271400}>,COC(C)(C)C,ClC(Cl)Cl,fb-fit-v1-single-mean-k100,3,0.907273416285468,0.0003232718659796,0.8956000000000003,0.00015
12881,2486,dhmix_2232264038422377060,176,EnthalpyOfMixing,<Substance COC(C)(C)C{solv}{x=0.220000}|ClC(Cl)Cl{solv}{x=0.780000}>,COC(C)(C)C,ClC(Cl)Cl,fb-fit-v1-single-mean-k100,3,-0.9177420921661356,0.0319015298757769,-1.5,0.0605
12882,2487,dhmix_73322629991074290,177,EnthalpyOfMixing,<Substance CCC(C)=O{solv}{x=0.212400}|CCN(CC)CC{solv}{x=0.787600}>,CCC(C)=O,CCN(CC)CC,fb-fit-v1-single-mean-k100,3,0.3076302105805979,0.0536154785540905,0.57,0.006
12883,2488,dens_317201778138256714,178,Density,<Substance CCC(C)=O{solv}{x=0.261000}|CCN(CC)CC{solv}{x=0.739000}>,CCC(C)=O,CCN(CC)CC,fb-fit-v1-single-mean-k100,3,0.7467965789069153,0.0001569321482616,0.7361510000000001,0.000106
12884,2489,dens_544322850735592196,179,Density,<Substance CCC(C)=O{solv}{x=0.510600}|CCN(CC)CC{solv}{x=0.489400}>,CCC(C)=O,CCN(CC)CC,fb-fit-v1-single-mean-k100,3,0.760504680688532,0.0002178435226993,0.7527560000000002,0.0001045
12885,2490,dhmix_690665189446107141,180,EnthalpyOfMixing,<Substance CCC(C)=O{solv}{x=0.496700}|CCN(CC)CC{solv}{x=0.503300}>,CCC(C)=O,CCN(CC)CC,fb-fit-v1-single-mean-k100,3,0.3806989063904531,0.0424562416182236,0.746,0.008
12886,2491,dhmix_935249702283890201,181,EnthalpyOfMixing,<Substance CCC(C)=O{solv}{x=0.789300}|CCN(CC)CC{solv}{x=0.210700}>,CCC(C)=O,CCN(CC)CC,fb-fit-v1-single-mean-k100,3,0.1282454400033881,0.0417268780382405,0.455,0.005
12887,2492,dens_1635002920322954883,182,Density,<Substance CCC(C)=O{solv}{x=0.760400}|CCN(CC)CC{solv}{x=0.239600}>,CCC(C)=O,CCN(CC)CC,fb-fit-v1-single-mean-k100,3,0.7765357455096035,0.0002384876604204,0.7738830000000002,9.900000000000003e-05
12888,2493,dhmix_76833325524040726,183,EnthalpyOfMixing,<Substance C1CCCCC1{solv}{x=0.260600}|c1ccccc1{solv}{x=0.739400}>,C1CCCCC1,c1ccccc1,fb-fit-v1-single-mean-k100,3,0.8550429852002281,0.0361736415264537,0.6282,0.00695
12889,2494,dens_330305790736126156,184,Density,<Substance C1CCCCC1{solv}{x=0.499600}|c1ccccc1{solv}{x=0.500400}>,C1CCCCC1,c1ccccc1,fb-fit-v1-single-mean-k100,3,0.8176585219593775,0.0002133250296382,0.8136000000000002,0.0002
12890,2495,dhmix_460305358266375837,185,EnthalpyOfMixing,<Substance C1CCCCC1{solv}{x=0.766800}|c1ccccc1{solv}{x=0.233200}>,C1CCCCC1,c1ccccc1,fb-fit-v1-single-mean-k100,3,0.7342223994828743,0.0375492518552898,0.5517,0.00725
12891,2496,dens_1579941980285561951,186,Density,<Substance C1CCCCC1{solv}{x=0.249800}|c1ccccc1{solv}{x=0.750200}>,C1CCCCC1,c1ccccc1,fb-fit-v1-single-mean-k100,3,0.8508312563745037,0.0002392420382539,0.8405780000000002,7.05e-05
12892,2497,dhmix_1824194485055356086,187,EnthalpyOfMixing,<Substance C1CCCCC1{solv}{x=0.501200}|c1ccccc1{solv}{x=0.498800}>,C1CCCCC1,c1ccccc1,fb-fit-v1-single-mean-k100,3,1.03686663147694,0.0429677558985108,0.7893,0.00655
12893,2498,dens_1871885279620492514,188,Density,<Substance C1CCCCC1{solv}{x=0.732300}|c1ccccc1{solv}{x=0.267700}>,C1CCCCC1,c1ccccc1,fb-fit-v1-single-mean-k100,3,0.7927098692526237,0.0002141327031534,0.7929200000000002,7.450000000000001e-05
12894,2499,dens_78518696584109468,189,Density,<Substance CN(CCO)CCO{solv}{x=0.743000}|O{solv}{x=0.257000}>,CN(CCO)CCO,O,fb-fit-v1-single-mean-k100,3,1.0556529639777823,0.0003567907493048,1.0405100000000005,0.000286
12895,2500,dens_169053214615075062,190,Density,<Substance CN(CCO)CCO{solv}{x=0.257100}|O{solv}{x=0.742900}>,CN(CCO)CCO,O,fb-fit-v1-single-mean-k100,3,1.047064689533194,0.0003822192466457,1.0522550000000004,0.000221
12896,2501,dhmix_750283179383190388,191,EnthalpyOfMixing,<Substance CN(CCO)CCO{solv}{x=0.741100}|O{solv}{x=0.258900}>,CN(CCO)CCO,O,fb-fit-v1-single-mean-k100,3,-1.6238964010401844,0.0585162155351827,-1.154,0.0125
12897,2502,dhmix_1537351248216247854,192,EnthalpyOfMixing,<Substance CN(CCO)CCO{solv}{x=0.259300}|O{solv}{x=0.740700}>,CN(CCO)CCO,O,fb-fit-v1-single-mean-k100,3,-1.555998029969743,0.0367706875658786,-2.271,0.046
12898,2503,dens_1700904374078825036,193,Density,<Substance CN(CCO)CCO{solv}{x=0.484900}|O{solv}{x=0.515100}>,CN(CCO)CCO,O,fb-fit-v1-single-mean-k100,3,1.0556348221018572,0.0004244056564095,1.048636,0.0002475
12899,2504,dhmix_1761290393567900831,194,EnthalpyOfMixing,<Substance CN(CCO)CCO{solv}{x=0.494100}|O{solv}{x=0.505900}>,CN(CCO)CCO,O,fb-fit-v1-single-mean-k100,3,-1.7884860785785008,0.0379698205231837,-2.072,0.042
12900,2505,dhmix_81883535492439507,195,EnthalpyOfMixing,<Substance C1COCO1{solv}{x=0.200000}|O=C1CCCC1{solv}{x=0.800000}>,C1COCO1,O=C1CCCC1,fb-fit-v1-single-mean-k100,3,-0.0853035840288285,0.0438183418457571,-0.00853,0.000425
12901,2506,dens_192935635984964537,196,Density,<Substance C1COCO1{solv}{x=0.509000}|O=C1CCCC1{solv}{x=0.491000}>,C1COCO1,O=C1CCCC1,fb-fit-v1-single-mean-k100,3,0.9999120765613554,0.0002873266533969,0.9954700000000004,0.000255
12902,2507,dhmix_309530351940031317,197,EnthalpyOfMixing,<Substance C1COCO1{solv}{x=0.700000}|O=C1CCCC1{solv}{x=0.300000}>,C1COCO1,O=C1CCCC1,fb-fit-v1-single-mean-k100,3,-0.0049146960613057,0.0342524038497103,-0.02292,0.00048
12903,2508,dhmix_1480225642523009634,198,EnthalpyOfMixing,<Substance C1COCO1{solv}{x=0.500000}|O=C1CCCC1{solv}{x=0.500000}>,C1COCO1,O=C1CCCC1,fb-fit-v1-single-mean-k100,3,0.0008195171028759,0.0354053417035514,-0.02181,0.000475
12904,2509,dens_1663189314624242951,199,Density,<Substance C1COCO1{solv}{x=0.225100}|O=C1CCCC1{solv}{x=0.774900}>,C1COCO1,O=C1CCCC1,fb-fit-v1-single-mean-k100,3,0.9631006747765132,0.0002156031376538,0.9652800000000002,0.000245
12905,2510,dens_1684591254659727640,200,Density,<Substance C1COCO1{solv}{x=0.789100}|O=C1CCCC1{solv}{x=0.210900}>,C1COCO1,O=C1CCCC1,fb-fit-v1-single-mean-k100,3,1.0426376013436651,0.0002782670059015,1.02957,0.00026
12906,2511,dens_82854054922011802,201,Density,<Substance c1cc[nH]c1{solv}{x=0.542600}|c1ccncc1{solv}{x=0.457400}>,c1cc[nH]c1,c1ccncc1,fb-fit-v1-single-mean-k100,3,0.9853469905804464,0.0001860443336437,0.9706400000000002,5.5000000000000016e-05
12907,2512,dens_332042143272324658,202,Density,<Substance c1cc[nH]c1{solv}{x=0.755400}|c1ccncc1{solv}{x=0.244600}>,c1cc[nH]c1,c1ccncc1,fb-fit-v1-single-mean-k100,3,0.9870438933211536,0.0002476049041274,0.9676900000000004,5.5000000000000016e-05
12908,2513,dhmix_582184351339863568,203,EnthalpyOfMixing,<Substance c1cc[nH]c1{solv}{x=0.760200}|c1ccncc1{solv}{x=0.239800}>,c1cc[nH]c1,c1ccncc1,fb-fit-v1-single-mean-k100,3,0.042811897091127,0.0344541641365722,-1.6452,0.01075
12909,2514,dhmix_809205277185290719,204,EnthalpyOfMixing,<Substance c1cc[nH]c1{solv}{x=0.509500}|c1ccncc1{solv}{x=0.490500}>,c1cc[nH]c1,c1ccncc1,fb-fit-v1-single-mean-k100,3,-0.1145875274853325,0.0345647171200263,-2.649,0.01645
12910,2515,dens_1187941919350264461,205,Density,<Substance c1cc[nH]c1{solv}{x=0.227300}|c1ccncc1{solv}{x=0.772700}>,c1cc[nH]c1,c1ccncc1,fb-fit-v1-single-mean-k100,3,0.9830472993540385,0.0002718371123376,0.9755600000000002,5.5000000000000016e-05
12911,2516,dhmix_2302696180464118683,206,EnthalpyOfMixing,<Substance c1cc[nH]c1{solv}{x=0.239500}|c1ccncc1{solv}{x=0.760500}>,c1cc[nH]c1,c1ccncc1,fb-fit-v1-single-mean-k100,3,-0.1353954869207605,0.0366473328312983,-1.7662,0.01145
12912,2517,dhmix_84488753175979819,207,EnthalpyOfMixing,<Substance C1CCOCC1{solv}{x=0.500000}|CCO{solv}{x=0.500000}>,C1CCOCC1,CCO,fb-fit-v1-single-mean-k100,3,0.9446337816561012,0.0370149190355062,0.8491,0.00794
12913,2518,dens_904236164857914889,208,Density,<Substance C1CCOCC1{solv}{x=0.701000}|CCO{solv}{x=0.299000}>,C1CCOCC1,CCO,fb-fit-v1-single-mean-k100,3,0.8572362431772694,0.0001882756001969,0.8595400000000002,8.500000000000002e-05
12914,2519,dhmix_923986751684807715,209,EnthalpyOfMixing,<Substance C1CCOCC1{solv}{x=0.750000}|CCO{solv}{x=0.250000}>,C1CCOCC1,CCO,fb-fit-v1-single-mean-k100,3,0.8866707773867049,0.0441077393169188,0.75364,0.007115
12915,2520,dhmix_927648698725704337,210,EnthalpyOfMixing,<Substance C1CCOCC1{solv}{x=0.250000}|CCO{solv}{x=0.750000}>,C1CCOCC1,CCO,fb-fit-v1-single-mean-k100,3,0.596818994653197,0.0359785496192175,0.57017,0.00553
12916,2521,dens_1095414448718823860,211,Density,<Substance C1CCOCC1{solv}{x=0.504000}|CCO{solv}{x=0.496000}>,C1CCOCC1,CCO,fb-fit-v1-single-mean-k100,3,0.8422188972140944,0.0003030732252482,0.8440100000000001,0.0001
12917,2522,dens_1309012152943788187,212,Density,<Substance C1CCOCC1{solv}{x=0.284000}|CCO{solv}{x=0.716000}>,C1CCOCC1,CCO,fb-fit-v1-single-mean-k100,3,0.8244461137097346,0.0002924287382108,0.8227400000000002,0.00012
12918,2523,dens_88489471162801298,213,Density,<Substance CC(C)=O{solv}{x=0.248400}|Nc1ccccc1{solv}{x=0.751600}>,CC(C)=O,Nc1ccccc1,fb-fit-v1-single-mean-k100,3,1.010538818993993,0.0002159710540013,0.9768950000000002,0.0001055
12919,2524,dens_892449093930393176,214,Density,<Substance CC(C)=O{solv}{x=0.411400}|Nc1ccccc1{solv}{x=0.588600}>,CC(C)=O,Nc1ccccc1,fb-fit-v1-single-mean-k100,3,0.9712433374539684,0.000235691247787,0.9457730000000002,0.0001285
12920,2525,dens_1087594007698023193,215,Density,<Substance CC(C)=O{solv}{x=0.699300}|Nc1ccccc1{solv}{x=0.300700}>,CC(C)=O,Nc1ccccc1,fb-fit-v1-single-mean-k100,3,0.8930601883334345,0.0002476955919168,0.8786430000000003,0.000178
12921,2526,dhmix_1461699545612032563,216,EnthalpyOfMixing,<Substance CC(C)=O{solv}{x=0.214500}|Nc1ccccc1{solv}{x=0.785500}>,CC(C)=O,Nc1ccccc1,fb-fit-v1-single-mean-k100,3,-0.2448330344327018,0.0439685709506648,-0.746,0.008
12922,2527,dhmix_1577476208805542019,217,EnthalpyOfMixing,<Substance CC(C)=O{solv}{x=0.699100}|Nc1ccccc1{solv}{x=0.300900}>,CC(C)=O,Nc1ccccc1,fb-fit-v1-single-mean-k100,3,-0.809219467017229,0.0347896278130642,-1.076,0.0115
12923,2528,dhmix_2267661763264899390,218,EnthalpyOfMixing,<Substance CC(C)=O{solv}{x=0.410700}|Nc1ccccc1{solv}{x=0.589300}>,CC(C)=O,Nc1ccccc1,fb-fit-v1-single-mean-k100,3,-0.4263735632516443,0.0327144728092285,-1.165,0.0125
12924,2529,dhmix_90851537891129625,219,EnthalpyOfMixing,<Substance C1CCOCC1{solv}{x=0.268300}|Cc1ccccn1{solv}{x=0.731700}>,C1CCOCC1,Cc1ccccn1,fb-fit-v1-single-mean-k100,3,0.0201553134888996,0.0390497281053089,0.1057,0.00105
12925,2530,dhmix_975790739707505549,220,EnthalpyOfMixing,<Substance C1CCOCC1{solv}{x=0.482200}|Cc1ccccn1{solv}{x=0.517800}>,C1CCOCC1,Cc1ccccn1,fb-fit-v1-single-mean-k100,3,0.0313581150584821,0.0399219752278063,0.1728,0.00135
12926,2531,dens_981500521813591443,221,Density,<Substance C1CCOCC1{solv}{x=0.491600}|Cc1ccccn1{solv}{x=0.508400}>,C1CCOCC1,Cc1ccccn1,fb-fit-v1-single-mean-k100,3,0.9120346528828646,0.0002207995062742,0.910915,0.000475
12927,2532,dens_1237050172671894703,222,Density,<Substance C1CCOCC1{solv}{x=0.237300}|Cc1ccccn1{solv}{x=0.762700}>,C1CCOCC1,Cc1ccccn1,fb-fit-v1-single-mean-k100,3,0.9295369044344902,0.0002072913581808,0.9261620000000004,0.0004855
12928,2533,dhmix_1841520238596708010,223,EnthalpyOfMixing,<Substance C1CCOCC1{solv}{x=0.821600}|Cc1ccccn1{solv}{x=0.178400}>,C1CCOCC1,Cc1ccccn1,fb-fit-v1-single-mean-k100,3,0.1025263860441043,0.0470131130358193,0.1352,0.0012
12929,2534,dens_1852422594896475094,224,Density,<Substance C1CCOCC1{solv}{x=0.821900}|Cc1ccccn1{solv}{x=0.178100}>,C1CCOCC1,Cc1ccccn1,fb-fit-v1-single-mean-k100,3,0.8789734831117939,0.0002390671257674,0.8802920000000002,0.000454
12930,2535,dhmix_93676522673462266,225,EnthalpyOfMixing,<Substance CC(=O)N(C)C{solv}{x=0.702000}|ClCCCl{solv}{x=0.298000}>,CC(=O)N(C)C,ClCCCl,fb-fit-v1-single-mean-k100,3,-0.4268858876292301,0.0382868885643777,-0.706,0.004
12931,2536,dens_466640151895915379,226,Density,<Substance CC(=O)N(C)C{solv}{x=0.499900}|ClCCCl{solv}{x=0.500100}>,CC(=O)N(C)C,ClCCCl,fb-fit-v1-single-mean-k100,3,1.0614155324275865,0.0003297014191038,1.0774000000000004,0.00325
12932,2537,dhmix_504891727488256514,227,EnthalpyOfMixing,<Substance CC(=O)N(C)C{solv}{x=0.202000}|ClCCCl{solv}{x=0.798000}>,CC(=O)N(C)C,ClCCCl,fb-fit-v1-single-mean-k100,3,-0.4403428654583639,0.027858766430364,-0.586,0.004
12933,2538,dens_1432716574300574119,228,Density,<Substance CC(=O)N(C)C{solv}{x=0.298800}|ClCCCl{solv}{x=0.701200}>,CC(=O)N(C)C,ClCCCl,fb-fit-v1-single-mean-k100,3,1.127799225346053,0.0003712165753799,1.1413000000000002,0.00345
12934,2539,dens_1909242265481868478,229,Density,<Substance CC(=O)N(C)C{solv}{x=0.700800}|ClCCCl{solv}{x=0.299200}>,CC(=O)N(C)C,ClCCCl,fb-fit-v1-single-mean-k100,3,0.997346790538836,0.0002948410878507,1.0181000000000002,0.00305
12935,2540,dhmix_2201663021806040380,230,EnthalpyOfMixing,<Substance CC(=O)N(C)C{solv}{x=0.500000}|ClCCCl{solv}{x=0.500000}>,CC(=O)N(C)C,ClCCCl,fb-fit-v1-single-mean-k100,3,-0.5458344713522925,0.0346182379060455,-0.885,0.004
12936,2541,dhmix_101847702994296892,231,EnthalpyOfMixing,<Substance CCCCCCCl{solv}{x=0.790000}|CN1CCCC1=O{solv}{x=0.210000}>,CCCCCCCl,CN1CCCC1=O,fb-fit-v1-single-mean-k100,3,0.6296273731880433,0.0486587787986143,0.232,0.0025
12937,2542,dhmix_275814181113182192,232,EnthalpyOfMixing,<Substance CCCCCCCl{solv}{x=0.497000}|CN1CCCC1=O{solv}{x=0.503000}>,CCCCCCCl,CN1CCCC1=O,fb-fit-v1-single-mean-k100,3,0.9976516692941928,0.0439227280199145,0.416,0.0025
12938,2543,dens_441375838683668512,233,Density,<Substance CCCCCCCl{solv}{x=0.499300}|CN1CCCC1=O{solv}{x=0.500700}>,CCCCCCCl,CN1CCCC1=O,fb-fit-v1-single-mean-k100,3,0.93406441722385,0.0002213749120025,0.9389000000000002,0.0002
12939,2544,dhmix_840847840731542643,234,EnthalpyOfMixing,<Substance CCCCCCCl{solv}{x=0.203000}|CN1CCCC1=O{solv}{x=0.797000}>,CCCCCCCl,CN1CCCC1=O,fb-fit-v1-single-mean-k100,3,0.7076740940528659,0.0466877757984661,0.319,0.0025
12940,2545,dens_1314691253679633833,235,Density,<Substance CCCCCCCl{solv}{x=0.298400}|CN1CCCC1=O{solv}{x=0.701600}>,CCCCCCCl,CN1CCCC1=O,fb-fit-v1-single-mean-k100,3,0.9639544736064788,0.000192562651981,0.9715000000000004,0.0002
12941,2546,dens_1366683244756558841,236,Density,<Substance CCCCCCCl{solv}{x=0.801200}|CN1CCCC1=O{solv}{x=0.198800}>,CCCCCCCl,CN1CCCC1=O,fb-fit-v1-single-mean-k100,3,0.8942467792006933,0.000172180125924,0.8970000000000002,0.0003
12942,2547,dhmix_107460606439569535,237,EnthalpyOfMixing,<Substance C1COCCO1{solv}{x=0.572500}|O=C1CCCCCC1{solv}{x=0.427500}>,C1COCCO1,O=C1CCCCCC1,fb-fit-v1-single-mean-k100,3,0.2799498353695497,0.0463158697642311,0.1032,0.00125
12943,2548,dens_229535957420918177,238,Density,<Substance C1COCCO1{solv}{x=0.748900}|O=C1CCCCCC1{solv}{x=0.251100}>,C1COCCO1,O=C1CCCCCC1,fb-fit-v1-single-mean-k100,3,0.999919169654787,0.0002329118516684,0.9994100000000002,0.00051
12944,2549,dhmix_1101001475632451077,239,EnthalpyOfMixing,<Substance C1COCCO1{solv}{x=0.225200}|O=C1CCCCCC1{solv}{x=0.774800}>,C1COCCO1,O=C1CCCCCC1,fb-fit-v1-single-mean-k100,3,0.1782508692580364,0.0482981704582898,0.0783,0.001
12945,2550,dens_1711999737319704820,240,Density,<Substance C1COCCO1{solv}{x=0.572300}|O=C1CCCCCC1{solv}{x=0.427700}>,C1COCCO1,O=C1CCCCCC1,fb-fit-v1-single-mean-k100,3,0.9723393687987526,0.0001495671571297,0.9737000000000002,0.00051
12946,2551,dens_1973863157285112004,241,Density,<Substance C1COCCO1{solv}{x=0.255500}|O=C1CCCCCC1{solv}{x=0.744500}>,C1COCCO1,O=C1CCCCCC1,fb-fit-v1-single-mean-k100,3,0.956515684535858,0.0001457388279903,0.9616800000000002,0.000515
12947,2552,dhmix_2239035738396328121,242,EnthalpyOfMixing,<Substance C1COCCO1{solv}{x=0.771600}|O=C1CCCCCC1{solv}{x=0.228400}>,C1COCCO1,O=C1CCCCCC1,fb-fit-v1-single-mean-k100,3,0.2200872073867827,0.0446220484376227,0.0694,0.0009
12948,2553,dhmix_110368175234083214,243,EnthalpyOfMixing,<Substance CC#N{solv}{x=0.201600}|CCOC(C)(C)CC{solv}{x=0.798400}>,CC#N,CCOC(C)(C)CC,fb-fit-v1-single-mean-k100,3,0.2220139616231904,0.0461064489656385,0.6411,0.0087
12949,2554,dhmix_565046024644834395,244,EnthalpyOfMixing,<Substance CC#N{solv}{x=0.700400}|CCOC(C)(C)CC{solv}{x=0.299600}>,CC#N,CCOC(C)(C)CC,fb-fit-v1-single-mean-k100,3,0.3667806848566899,0.0334596455340218,0.8397,0.0113
12950,2555,dens_865362803305469370,245,Density,<Substance CC#N{solv}{x=0.502400}|CCOC(C)(C)CC{solv}{x=0.497600}>,CC#N,CCOC(C)(C)CC,fb-fit-v1-single-mean-k100,3,0.7674850241086751,0.0002392257741978,0.7675000000000002,0.00035
12951,2556,dhmix_1131176031733024874,246,EnthalpyOfMixing,<Substance CC#N{solv}{x=0.502400}|CCOC(C)(C)CC{solv}{x=0.497600}>,CC#N,CCOC(C)(C)CC,fb-fit-v1-single-mean-k100,3,0.4419078797404392,0.038513887000106,0.9514,0.01285
12952,2557,dens_1305751749890499162,247,Density,<Substance CC#N{solv}{x=0.201600}|CCOC(C)(C)CC{solv}{x=0.798400}>,CC#N,CCOC(C)(C)CC,fb-fit-v1-single-mean-k100,3,0.7642503841906225,0.0002054817155624,0.7635000000000002,0.00025
12953,2558,dens_1928701304100922381,248,Density,<Substance CC#N{solv}{x=0.700400}|CCOC(C)(C)CC{solv}{x=0.299600}>,CC#N,CCOC(C)(C)CC,fb-fit-v1-single-mean-k100,3,0.7691216567292387,0.0002669400268763,0.7707000000000003,0.0005
12954,2559,dhmix_112729391186229967,249,EnthalpyOfMixing,<Substance CCC(C)=O{solv}{x=0.509000}|CNc1ccccc1{solv}{x=0.491000}>,CCC(C)=O,CNc1ccccc1,fb-fit-v1-single-mean-k100,3,-0.5620707065141168,0.041128395501201,-0.816,0.009
12955,2560,dens_414028029115294252,250,Density,<Substance CCC(C)=O{solv}{x=0.746300}|CNc1ccccc1{solv}{x=0.253700}>,CCC(C)=O,CNc1ccccc1,fb-fit-v1-single-mean-k100,3,0.8581282628820865,0.0002365453774549,0.8582020000000002,0.000102
12956,2561,dens_559789475978651659,251,Density,<Substance CCC(C)=O{solv}{x=0.495000}|CNc1ccccc1{solv}{x=0.505000}>,CCC(C)=O,CNc1ccccc1,fb-fit-v1-single-mean-k100,3,0.911893570490684,0.0001524245414276,0.9066940000000002,0.000164
12957,2562,dhmix_1637459312398636454,252,EnthalpyOfMixing,<Substance CCC(C)=O{solv}{x=0.228300}|CNc1ccccc1{solv}{x=0.771700}>,CCC(C)=O,CNc1ccccc1,fb-fit-v1-single-mean-k100,3,-0.3084554040908749,0.041881555393532,-0.54,0.006
12958,2563,dhmix_1933605864237207151,253,EnthalpyOfMixing,<Substance CCC(C)=O{solv}{x=0.705500}|CNc1ccccc1{solv}{x=0.294500}>,CCC(C)=O,CNc1ccccc1,fb-fit-v1-single-mean-k100,3,-0.4191226625904729,0.0405150429395319,-0.672,0.0075
12959,2564,dens_2039660657679820411,254,Density,<Substance CCC(C)=O{solv}{x=0.258900}|CNc1ccccc1{solv}{x=0.741100}>,CCC(C)=O,CNc1ccccc1,fb-fit-v1-single-mean-k100,3,0.9562092642225896,0.0001626600364744,0.9456330000000004,0.000259
12960,2565,dhmix_112832411362526364,255,EnthalpyOfMixing,<Substance C=CCCCC{solv}{x=0.250000}|CCCCO{solv}{x=0.750000}>,C=CCCCC,CCCCO,fb-fit-v1-single-mean-k100,3,0.1880015535516221,0.0413441952843035,0.2829,0.00333
12961,2566,dhmix_385937725855980509,256,EnthalpyOfMixing,<Substance C=CCCCC{solv}{x=0.749900}|CCCCO{solv}{x=0.250100}>,C=CCCCC,CCCCO,fb-fit-v1-single-mean-k100,3,0.6219247568291024,0.0447171946815204,0.63978,0.00696
12962,2567,dens_417191245012747241,257,Density,<Substance C=CCCCC{solv}{x=0.501800}|CCCCO{solv}{x=0.498200}>,C=CCCCC,CCCCO,fb-fit-v1-single-mean-k100,3,0.7284827379016549,0.0002237750115501,0.7340000000000002,0.00035
12963,2568,dens_1053849773924337242,258,Density,<Substance C=CCCCC{solv}{x=0.100100}|CCCCO{solv}{x=0.899900}>,C=CCCCC,CCCCO,fb-fit-v1-single-mean-k100,3,0.7929752909282002,0.0002349964390389,0.7924000000000002,0.00035
12964,2569,dhmix_1436053809694490847,259,EnthalpyOfMixing,<Substance C=CCCCC{solv}{x=0.500300}|CCCCO{solv}{x=0.499700}>,C=CCCCC,CCCCO,fb-fit-v1-single-mean-k100,3,0.5136186278327912,0.0370482011721444,0.56098,0.00616
12965,2570,dens_1967827958045932694,260,Density,<Substance C=CCCCC{solv}{x=0.900000}|CCCCO{solv}{x=0.100000}>,C=CCCCC,CCCCO,fb-fit-v1-single-mean-k100,3,0.6789313602369204,0.0002448826656008,0.6818000000000001,0.00035
12966,2571,dhmix_113202719214912577,261,EnthalpyOfMixing,<Substance CCN(CC)CCO{solv}{x=0.700300}|O{solv}{x=0.299700}>,CCN(CC)CCO,O,fb-fit-v1-single-mean-k100,3,-1.5971068558162926,0.042375678084961,-1.75,0.019
12967,2572,dhmix_450200897960931857,262,EnthalpyOfMixing,<Substance CCN(CC)CCO{solv}{x=0.500200}|O{solv}{x=0.499800}>,CCN(CC)CCO,O,fb-fit-v1-single-mean-k100,3,-2.027507118174981,0.050972883802666,-2.504,0.027
12968,2573,dens_727880187774296815,263,Density,<Substance CCN(CC)CCO{solv}{x=0.799700}|O{solv}{x=0.200300}>,CCN(CC)CCO,O,fb-fit-v1-single-mean-k100,3,0.8964315063933042,0.0002520643155795,0.8996000000000003,0.005
12969,2574,dens_943193748522476096,264,Density,<Substance CCN(CC)CCO{solv}{x=0.499700}|O{solv}{x=0.500300}>,CCN(CC)CCO,O,fb-fit-v1-single-mean-k100,3,0.911415130689168,0.0003231287837407,0.9222000000000002,0.005
12970,2575,dhmix_1628408668678458098,265,EnthalpyOfMixing,<Substance CCN(CC)CCO{solv}{x=0.200800}|O{solv}{x=0.799200}>,CCN(CC)CCO,O,fb-fit-v1-single-mean-k100,3,-1.1146441629557535,0.0322547310524908,-2.185,0.0235
12971,2576,dens_1679974305630699360,266,Density,<Substance CCN(CC)CCO{solv}{x=0.193290}|O{solv}{x=0.806710}>,CCN(CC)CCO,O,fb-fit-v1-single-mean-k100,3,0.9330462780971988,0.000389371737761,0.9615690000000002,0.000144
12972,2577,dens_114257363738318755,267,Density,<Substance C1CCCCC1{solv}{x=0.754300}|CCCCCC{solv}{x=0.245700}>,C1CCCCC1,CCCCCC,fb-fit-v1-single-mean-k100,3,0.7337376020644295,0.0002194314194635,0.7392000000000002,0.00065
12973,2578,dens_528453314861364780,268,Density,<Substance C1CCCCC1{solv}{x=0.234300}|CCCCCC{solv}{x=0.765700}>,C1CCCCC1,CCCCCC,fb-fit-v1-single-mean-k100,3,0.6733255560920297,0.0002103246249942,0.6838300000000002,0.001655
12974,2579,dens_547437695672624422,269,Density,<Substance C1CCCCC1{solv}{x=0.479300}|CCCCCC{solv}{x=0.520700}>,C1CCCCC1,CCCCCC,fb-fit-v1-single-mean-k100,3,0.7001943980659034,0.0002173330875013,0.7105500000000001,0.001555
12975,2580,dhmix_728030976573858762,270,EnthalpyOfMixing,<Substance C1CCCCC1{solv}{x=0.483200}|CCCCCC{solv}{x=0.516800}>,C1CCCCC1,CCCCCC,fb-fit-v1-single-mean-k100,3,0.4095218970622341,0.0463733202710992,0.2144,0.00155
12976,2581,dhmix_1406519609852245638,271,EnthalpyOfMixing,<Substance C1CCCCC1{solv}{x=0.219000}|CCCCCC{solv}{x=0.781000}>,C1CCCCC1,CCCCCC,fb-fit-v1-single-mean-k100,3,0.2887050004619169,0.0470740604380023,0.1264,0.00105
12977,2582,dhmix_1819992223413741006,272,EnthalpyOfMixing,<Substance C1CCCCC1{solv}{x=0.725500}|CCCCCC{solv}{x=0.274500}>,C1CCCCC1,CCCCCC,fb-fit-v1-single-mean-k100,3,0.399582773035263,0.0443087854128919,0.199,0.00145
12978,2583,dhmix_114464856611254095,273,EnthalpyOfMixing,<Substance COc1ccccc1{solv}{x=0.739800}|OCc1ccccc1{solv}{x=0.260200}>,COc1ccccc1,OCc1ccccc1,fb-fit-v1-single-mean-k100,3,0.9091691686559572,0.0471280437664165,1.0539,0.0113
12979,2584,dens_844721400884986444,274,Density,<Substance COc1ccccc1{solv}{x=0.288300}|OCc1ccccc1{solv}{x=0.711700}>,COc1ccccc1,OCc1ccccc1,fb-fit-v1-single-mean-k100,3,1.024458782556371,0.0001677766145733,1.0180000000000002,0.000135
12980,2585,dens_1208569209782779179,275,Density,<Substance COc1ccccc1{solv}{x=0.491100}|OCc1ccccc1{solv}{x=0.508900}>,COc1ccccc1,OCc1ccccc1,fb-fit-v1-single-mean-k100,3,1.0114050728508177,0.0001961734130057,1.0069400000000004,0.000165
12981,2586,dhmix_1342325728364187329,276,EnthalpyOfMixing,<Substance COc1ccccc1{solv}{x=0.240100}|OCc1ccccc1{solv}{x=0.759900}>,COc1ccccc1,OCc1ccccc1,fb-fit-v1-single-mean-k100,3,0.3349106886417132,0.0443923469328862,0.6199,0.0067
12982,2587,dhmix_1596550872819493971,277,EnthalpyOfMixing,<Substance COc1ccccc1{solv}{x=0.486600}|OCc1ccccc1{solv}{x=0.513400}>,COc1ccccc1,OCc1ccccc1,fb-fit-v1-single-mean-k100,3,0.7883868250795274,0.0506730329349958,0.9688,0.0104
12983,2588,dens_1833270112854727934,278,Density,<Substance COc1ccccc1{solv}{x=0.774500}|OCc1ccccc1{solv}{x=0.225500}>,COc1ccccc1,OCc1ccccc1,fb-fit-v1-single-mean-k100,3,0.9940170050044568,0.0002137077452664,0.9915900000000004,0.000215
12984,2589,dens_114725786693793907,279,Density,<Substance CC(=O)O{solv}{x=0.703100}|CCO{solv}{x=0.296900}>,CC(=O)O,CCO,fb-fit-v1-single-mean-k100,3,0.9975872574064552,0.0003497313111232,0.97355,0.00021
12985,2590,dens_883421079927261907,280,Density,<Substance CC(=O)O{solv}{x=0.496100}|CCO{solv}{x=0.503900}>,CC(=O)O,CCO,fb-fit-v1-single-mean-k100,3,0.937137556751126,0.0002545003045458,0.9199600000000002,0.0002
12986,2591,dens_1042567278853913615,281,Density,<Substance CC(=O)O{solv}{x=0.297100}|CCO{solv}{x=0.702900}>,CC(=O)O,CCO,fb-fit-v1-single-mean-k100,3,0.8797009021344748,0.0003511754321135,0.8668600000000002,0.000195
12987,2592,dhmix_129373600931207498,282,EnthalpyOfMixing,<Substance NCCNCCN{solv}{x=0.702000}|O{solv}{x=0.298000}>,NCCNCCN,O,fb-fit-v1-single-mean-k100,3,-3.371782717568607,0.0441307179148801,-3.393,0.036
12988,2593,dhmix_313570094367316478,283,EnthalpyOfMixing,<Substance NCCNCCN{solv}{x=0.241600}|O{solv}{x=0.758400}>,NCCNCCN,O,fb-fit-v1-single-mean-k100,3,-4.629137857071676,0.0281511523720609,-6.523,0.0695
12989,2594,dens_548243159356184104,284,Density,<Substance NCCNCCN{solv}{x=0.244900}|O{solv}{x=0.755100}>,NCCNCCN,O,fb-fit-v1-single-mean-k100,3,1.056327336693745,0.0004057401541324,1.0275000000000003,0.0005
12990,2595,dens_913992897582667960,285,Density,<Substance NCCNCCN{solv}{x=0.497400}|O{solv}{x=0.502600}>,NCCNCCN,O,fb-fit-v1-single-mean-k100,3,1.0644276898399976,0.000300559824947,0.9928000000000002,0.0005
12991,2596,dhmix_1565087976771168604,286,EnthalpyOfMixing,<Substance NCCNCCN{solv}{x=0.501000}|O{solv}{x=0.499000}>,NCCNCCN,O,fb-fit-v1-single-mean-k100,3,-4.025750059879869,0.0405419169524483,-5.417,0.0575
12992,2597,dens_1812124220217686569,287,Density,<Substance NCCNCCN{solv}{x=0.698800}|O{solv}{x=0.301200}>,NCCNCCN,O,fb-fit-v1-single-mean-k100,3,1.0549190232930254,0.0002692603288958,0.9718000000000002,0.0005
12993,2598,dhmix_135176730945124637,288,EnthalpyOfMixing,<Substance CCCCNCCCC{solv}{x=0.751800}|CN(C)C=O{solv}{x=0.248200}>,CCCCNCCCC,CN(C)C=O,fb-fit-v1-single-mean-k100,3,0.2455850471220486,0.0426324550733811,0.782,0.025
12994,2599,dens_586298674852090193,289,Density,<Substance CCCCNCCCC{solv}{x=0.726600}|CN(C)C=O{solv}{x=0.273400}>,CCCCNCCCC,CN(C)C=O,fb-fit-v1-single-mean-k100,3,0.7874683166816246,0.0001655225269182,0.7828350000000002,0.0009465
12995,2600,dens_711718403070096827,290,Density,<Substance CCCCNCCCC{solv}{x=0.263900}|CN(C)C=O{solv}{x=0.736100}>,CCCCNCCCC,CN(C)C=O,fb-fit-v1-single-mean-k100,3,0.8559972826375428,0.0002002179833526,0.8609240000000001,0.001053
12996,2601,dhmix_1537913365058000269,291,EnthalpyOfMixing,<Substance CCCCNCCCC{solv}{x=0.249400}|CN(C)C=O{solv}{x=0.750600}>,CCCCNCCCC,CN(C)C=O,fb-fit-v1-single-mean-k100,3,0.3413798408780266,0.0409297556605371,0.921,0.029
12997,2602,dhmix_1965420976556284821,292,EnthalpyOfMixing,<Substance CCCCNCCCC{solv}{x=0.501800}|CN(C)C=O{solv}{x=0.498200}>,CCCCNCCCC,CN(C)C=O,fb-fit-v1-single-mean-k100,3,0.3919837592520423,0.0481934106816123,1.113,0.0335
12998,2603,dens_2298192241038151497,293,Density,<Substance CCCCNCCCC{solv}{x=0.492800}|CN(C)C=O{solv}{x=0.507200}>,CCCCNCCCC,CN(C)C=O,fb-fit-v1-single-mean-k100,3,0.8169316390668209,0.0001586957757466,0.8153440000000003,0.0009895
12999,2604,dens_145031449158698048,294,Density,<Substance CN(C)C=O{solv}{x=0.498800}|ClCCCl{solv}{x=0.501200}>,CN(C)C=O,ClCCCl,fb-fit-v1-single-mean-k100,3,1.0835473644146854,0.0003625454939034,1.0957000000000003,0.00305
13000,2605,dens_511894799968528211,295,Density,<Substance CN(C)C=O{solv}{x=0.197800}|ClCCCl{solv}{x=0.802200}>,CN(C)C=O,ClCCCl,fb-fit-v1-single-mean-k100,3,1.174021289685486,0.0003951675098909,1.1862000000000004,0.003
13001,2606,dhmix_693792312882226719,296,EnthalpyOfMixing,<Substance CN(C)C=O{solv}{x=0.498000}|ClCCCl{solv}{x=0.502000}>,CN(C)C=O,ClCCCl,fb-fit-v1-single-mean-k100,3,-0.1134534885986404,0.03049130499898,-0.663,0.0035
13002,2607,dhmix_1364024895663592301,297,EnthalpyOfMixing,<Substance CN(C)C=O{solv}{x=0.299000}|ClCCCl{solv}{x=0.701000}>,CN(C)C=O,ClCCCl,fb-fit-v1-single-mean-k100,3,0.0091192272870088,0.0276987375348201,-0.575,0.0035
13003,2608,dens_1874616475661316520,298,Density,<Substance CN(C)C=O{solv}{x=0.705400}|ClCCCl{solv}{x=0.294600}>,CN(C)C=O,ClCCCl,fb-fit-v1-single-mean-k100,3,1.0192810186014674,0.0002788830609857,1.0336,0.003
13004,2609,dhmix_1965344541223753593,299,EnthalpyOfMixing,<Substance CN(C)C=O{solv}{x=0.702000}|ClCCCl{solv}{x=0.298000}>,CN(C)C=O,ClCCCl,fb-fit-v1-single-mean-k100,3,-0.0754599117724872,0.030036092868098,-0.531,0.003
13005,2610,dens_145117083439077204,300,Density,<Substance CN1CCCC1=O{solv}{x=0.700300}|ClCCCCCl{solv}{x=0.299700}>,CN1CCCC1=O,ClCCCCCl,fb-fit-v1-single-mean-k100,3,1.0547383532398849,0.0001588320581017,1.0627000000000002,0.0005
13006,2611,dens_872271192908107773,301,Density,<Substance CN1CCCC1=O{solv}{x=0.203400}|ClCCCCCl{solv}{x=0.796600}>,CN1CCCC1=O,ClCCCCCl,fb-fit-v1-single-mean-k100,3,1.109758799038908,0.0002966832626816,1.1142000000000003,0.00125
13007,2612,dhmix_958757583081250655,302,EnthalpyOfMixing,<Substance CN1CCCC1=O{solv}{x=0.703000}|ClCCCCCl{solv}{x=0.297000}>,CN1CCCC1=O,ClCCCCCl,fb-fit-v1-single-mean-k100,3,0.2211165972910507,0.0432167791718225,-0.583,0.0035
13008,2613,dens_1187888029800539390,303,Density,<Substance CN1CCCC1=O{solv}{x=0.502500}|ClCCCCCl{solv}{x=0.497500}>,CN1CCCC1=O,ClCCCCCl,fb-fit-v1-single-mean-k100,3,1.0785242094282304,0.0002712962727856,1.0840000000000003,0.00075
13009,2614,dhmix_1448185356234442909,304,EnthalpyOfMixing,<Substance CN1CCCC1=O{solv}{x=0.210000}|ClCCCCCl{solv}{x=0.790000}>,CN1CCCC1=O,ClCCCCCl,fb-fit-v1-single-mean-k100,3,-0.0032857877460159,0.0414120319727571,-0.406,0.003
13010,2615,dhmix_1623586299486793214,305,EnthalpyOfMixing,<Substance CN1CCCC1=O{solv}{x=0.505000}|ClCCCCCl{solv}{x=0.495000}>,CN1CCCC1=O,ClCCCCCl,fb-fit-v1-single-mean-k100,3,0.1037601082082595,0.042531841649852,-0.678,0.0035
13011,2616,dens_151421667269785380,306,Density,<Substance OCCOCCO{solv}{x=0.228500}|OCc1ccccc1{solv}{x=0.771500}>,OCCOCCO,OCc1ccccc1,fb-fit-v1-single-mean-k100,3,1.0591538387522823,0.0002732831644034,1.0497600000000002,0.000265
13012,2617,dens_207017358130726789,307,Density,<Substance OCCOCCO{solv}{x=0.531200}|OCc1ccccc1{solv}{x=0.468800}>,OCCOCCO,OCc1ccccc1,fb-fit-v1-single-mean-k100,3,1.0815668313670228,0.0003179464998453,1.07136,0.00027
13013,2618,dhmix_638869206909151198,308,EnthalpyOfMixing,<Substance OCCOCCO{solv}{x=0.765800}|OCc1ccccc1{solv}{x=0.234200}>,OCCOCCO,OCc1ccccc1,fb-fit-v1-single-mean-k100,3,-0.2077170104443553,0.0835682587438473,-0.3712,0.0073
13014,2619,dhmix_884415658126351430,309,EnthalpyOfMixing,<Substance OCCOCCO{solv}{x=0.266500}|OCc1ccccc1{solv}{x=0.733500}>,OCCOCCO,OCc1ccccc1,fb-fit-v1-single-mean-k100,3,-0.5961206852052214,0.0413286463831649,-0.4216,0.0081
13015,2620,dhmix_925385148369690502,310,EnthalpyOfMixing,<Substance OCCOCCO{solv}{x=0.521600}|OCc1ccccc1{solv}{x=0.478400}>,OCCOCCO,OCc1ccccc1,fb-fit-v1-single-mean-k100,3,-0.3308675198977227,0.0527998601031029,-0.4574,0.00865
13016,2621,dens_1617133138157859384,311,Density,<Substance OCCOCCO{solv}{x=0.727700}|OCc1ccccc1{solv}{x=0.272300}>,OCCOCCO,OCc1ccccc1,fb-fit-v1-single-mean-k100,3,1.0980296477406906,0.0002935598020383,1.0857000000000003,0.000275
13017,2622,dens_155791527624482863,312,Density,<Substance CC(C)CO{solv}{x=0.279300}|CCCCBr{solv}{x=0.720700}>,CC(C)CO,CCCCBr,fb-fit-v1-single-mean-k100,3,1.1209923973052065,0.0004054060975866,1.1339800000000002,0.000305
13018,2623,dhmix_549211977118470640,313,EnthalpyOfMixing,<Substance CC(C)CO{solv}{x=0.293800}|CCCCBr{solv}{x=0.706200}>,CC(C)CO,CCCCBr,fb-fit-v1-single-mean-k100,3,1.1473961112333342,0.0401623343058712,1.248,0.0135
13019,2624,dens_692500675577783691,314,Density,<Substance CC(C)CO{solv}{x=0.793700}|CCCCBr{solv}{x=0.206300}>,CC(C)CO,CCCCBr,fb-fit-v1-single-mean-k100,3,0.9046665598826572,0.0002849928697124,0.8962800000000002,0.00021
13020,2625,dens_841415441417626311,315,Density,<Substance CC(C)CO{solv}{x=0.498900}|CCCCBr{solv}{x=0.501100}>,CC(C)CO,CCCCBr,fb-fit-v1-single-mean-k100,3,1.0328933636544737,0.0002907285589681,1.0366800000000005,0.000225
13021,2626,dhmix_1400807466047438160,316,EnthalpyOfMixing,<Substance CC(C)CO{solv}{x=0.499000}|CCCCBr{solv}{x=0.501000}>,CC(C)CO,CCCCBr,fb-fit-v1-single-mean-k100,3,1.1435994256171114,0.0434944750572894,1.207,0.013
13022,2627,dhmix_1959880980464917582,317,EnthalpyOfMixing,<Substance CC(C)CO{solv}{x=0.702100}|CCCCBr{solv}{x=0.297900}>,CC(C)CO,CCCCBr,fb-fit-v1-single-mean-k100,3,0.7830670733805931,0.0405007753240968,0.891,0.0095
13023,2628,dhmix_155924436295918663,318,EnthalpyOfMixing,<Substance OCCCO{solv}{x=0.501300}|O{solv}{x=0.498700}>,O,OCCCO,fb-fit-v1-single-mean-k100,3,0.2210872411896431,0.0260513077275289,-0.992,0.0125
13024,2629,dens_867859901093068556,319,Density,<Substance OCCCO{solv}{x=0.743700}|O{solv}{x=0.256300}>,O,OCCCO,fb-fit-v1-single-mean-k100,3,1.0641921745071836,0.0004186110012839,1.0503800000000003,0.00023
13025,2630,dhmix_2191722776959064631,320,EnthalpyOfMixing,<Substance OCCCO{solv}{x=0.743000}|O{solv}{x=0.257000}>,O,OCCCO,fb-fit-v1-single-mean-k100,3,-0.335565850860732,0.0331789824755367,-0.633,0.008
13026,2631,dhmix_2210594516320705991,321,EnthalpyOfMixing,<Substance OCCCO{solv}{x=0.208700}|O{solv}{x=0.791300}>,O,OCCCO,fb-fit-v1-single-mean-k100,3,0.3833478169615034,0.0259414368719089,-0.924,0.012
13027,2632,dens_2211391404402371237,322,Density,<Substance OCCCO{solv}{x=0.244700}|O{solv}{x=0.755300}>,O,OCCCO,fb-fit-v1-single-mean-k100,3,1.0310269208356817,0.0003850172578239,1.0381600000000004,0.00019
13028,2633,dens_2211609476735134421,323,Density,<Substance OCCCO{solv}{x=0.500000}|O{solv}{x=0.500000}>,O,OCCCO,fb-fit-v1-single-mean-k100,3,1.0528815349531797,0.0002924619090016,1.0492100000000002,0.000215
13029,2634,dhmix_156929898609376763,324,EnthalpyOfMixing,<Substance CN(C)CCCO{solv}{x=0.800100}|O{solv}{x=0.199900}>,CN(C)CCCO,O,fb-fit-v1-single-mean-k100,3,-1.292845489871425,0.0422400727760744,-1.26,0.0135
13030,2635,dhmix_786210276753247951,325,EnthalpyOfMixing,<Substance CN(C)CCCO{solv}{x=0.199800}|O{solv}{x=0.800200}>,CN(C)CCCO,O,fb-fit-v1-single-mean-k100,3,-1.162431297488407,0.0273528648934438,-2.514,0.027
13031,2636,dens_971674883336993154,326,Density,<Substance CN(C)CCCO{solv}{x=0.289504}|O{solv}{x=0.710496}>,CN(C)CCCO,O,fb-fit-v1-single-mean-k100,3,0.9482867165348176,0.0002983268286523,0.9443,0.00285
13032,2637,dhmix_1330584538745399524,327,EnthalpyOfMixing,<Substance CN(C)CCCO{solv}{x=0.501900}|O{solv}{x=0.498100}>,CN(C)CCCO,O,fb-fit-v1-single-mean-k100,3,-2.1057116484654532,0.03782429134587,-2.706,0.029
13033,2638,dens_1781759734173902013,328,Density,<Substance CN(C)CCCO{solv}{x=0.501300}|O{solv}{x=0.498700}>,CN(C)CCCO,O,fb-fit-v1-single-mean-k100,3,0.938298186387756,0.0004402400361007,0.9170700000000004,8.000000000000002e-05
13034,2639,dens_2299157616447228221,329,Density,<Substance CN(C)CCCO{solv}{x=0.800600}|O{solv}{x=0.199400}>,CN(C)CCCO,O,fb-fit-v1-single-mean-k100,3,0.9231129250664007,0.0003728004293535,0.8915100000000002,9.500000000000002e-05
13035,2640,dhmix_157983773008192768,330,EnthalpyOfMixing,<Substance BrCCCBr{solv}{x=0.743200}|CCCCOC(=O)CCC{solv}{x=0.256800}>,BrCCCBr,CCCCOC(=O)CCC,fb-fit-v1-single-mean-k100,3,-0.3592078426814566,0.0450081171121699,0.032,0.0005
13036,2641,dens_720277045338028885,331,Density,<Substance BrCCCBr{solv}{x=0.748700}|CCCCOC(=O)CCC{solv}{x=0.251300}>,BrCCCBr,CCCCOC(=O)CCC,fb-fit-v1-single-mean-k100,3,1.5661508560960622,0.0004118205674867,1.5786600000000004,0.00038
13037,2642,dens_933248802608751708,332,Density,<Substance BrCCCBr{solv}{x=0.529700}|CCCCOC(=O)CCC{solv}{x=0.470300}>,BrCCCBr,CCCCOC(=O)CCC,fb-fit-v1-single-mean-k100,3,1.313866606850742,0.0003503619922001,1.3159400000000003,0.000255
13038,2643,dens_1048925802213854204,333,Density,<Substance BrCCCBr{solv}{x=0.259100}|CCCCOC(=O)CCC{solv}{x=0.740900}>,BrCCCBr,CCCCOC(=O)CCC,fb-fit-v1-single-mean-k100,3,1.0623001238756111,0.000248151430208,1.0598600000000002,0.000145
13039,2644,dhmix_1090642624443832057,334,EnthalpyOfMixing,<Substance BrCCCBr{solv}{x=0.241200}|CCCCOC(=O)CCC{solv}{x=0.758800}>,BrCCCBr,CCCCOC(=O)CCC,fb-fit-v1-single-mean-k100,3,-0.3195614073658888,0.0558008459197111,-0.094,0.001
13040,2645,dhmix_1649688325270115073,335,EnthalpyOfMixing,<Substance BrCCCBr{solv}{x=0.466700}|CCCCOC(=O)CCC{solv}{x=0.533300}>,BrCCCBr,CCCCOC(=O)CCC,fb-fit-v1-single-mean-k100,3,-0.541643243969375,0.0452095178862189,-0.091,0.001
13041,2646,dhmix_158101159957898775,336,EnthalpyOfMixing,<Substance CCCCCl{solv}{x=0.490000}|CN1CCCC1=O{solv}{x=0.510000}>,CCCCCl,CN1CCCC1=O,fb-fit-v1-single-mean-k100,3,0.7875336804552404,0.0440290359123433,0.152,0.002
13042,2647,dhmix_586880142396707079,337,EnthalpyOfMixing,<Substance CCCCCl{solv}{x=0.294000}|CN1CCCC1=O{solv}{x=0.706000}>,CCCCCl,CN1CCCC1=O,fb-fit-v1-single-mean-k100,3,0.7562448431819924,0.0381468746451322,0.145,0.002
13043,2648,dens_897975104490051322,338,Density,<Substance CCCCCl{solv}{x=0.296100}|CN1CCCC1=O{solv}{x=0.703900}>,CCCCCl,CN1CCCC1=O,fb-fit-v1-single-mean-k100,3,0.9758030896115542,0.0002261301943808,0.9862000000000004,0.0001
13044,2649,dens_1393365907116297965,339,Density,<Substance CCCCCl{solv}{x=0.702600}|CN1CCCC1=O{solv}{x=0.297400}>,CCCCCl,CN1CCCC1=O,fb-fit-v1-single-mean-k100,3,0.9165622055582876,0.0002737635935709,0.9268000000000002,0.0001
13045,2650,dhmix_1769887717174104485,340,EnthalpyOfMixing,<Substance CCCCCl{solv}{x=0.787000}|CN1CCCC1=O{solv}{x=0.213000}>,CCCCCl,CN1CCCC1=O,fb-fit-v1-single-mean-k100,3,0.5849292860070108,0.0422333428670998,0.081,0.002
13046,2651,dens_2070183543451797213,341,Density,<Substance CCCCCl{solv}{x=0.494800}|CN1CCCC1=O{solv}{x=0.505200}>,CCCCCl,CN1CCCC1=O,fb-fit-v1-single-mean-k100,3,0.9480239932546592,0.0002398177357536,0.9575000000000002,0.0001
13047,2652,dens_164369774990422412,342,Density,<Substance CC(C)O{solv}{x=0.764900}|CCOC=O{solv}{x=0.235100}>,CC(C)O,CCOC=O,fb-fit-v1-single-mean-k100,3,0.8344965319327627,0.0002628051872995,0.8088000000000002,0.00035
13048,2653,dens_200561035496770448,343,Density,<Substance CC(C)O{solv}{x=0.265100}|CCOC=O{solv}{x=0.734900}>,CC(C)O,CCOC=O,fb-fit-v1-single-mean-k100,3,0.9085293366437432,0.0002131650217351,0.8710000000000002,0.0003
13049,2654,dens_1124622586228643363,344,Density,<Substance CC(C)O{solv}{x=0.441300}|CCOC=O{solv}{x=0.558700}>,CC(C)O,CCOC=O,fb-fit-v1-single-mean-k100,3,0.881474433168445,0.000276846206534,0.8482000000000003,0.00035
13050,2655,dens_166030075147825025,345,Density,<Substance Clc1ccccc1{solv}{x=0.467900}|c1ccccc1{solv}{x=0.532100}>,Clc1ccccc1,c1ccccc1,fb-fit-v1-single-mean-k100,3,1.0075725620196216,0.0002845191015288,0.9877000000000002,0.00025
13051,2656,dens_796537469137871297,346,Density,<Substance Clc1ccccc1{solv}{x=0.735800}|c1ccccc1{solv}{x=0.264200}>,Clc1ccccc1,c1ccccc1,fb-fit-v1-single-mean-k100,3,1.0694445680840037,0.0002471635528781,1.0465000000000002,0.0002
13052,2657,dhmix_1485547099225054006,347,EnthalpyOfMixing,<Substance Clc1ccccc1{solv}{x=0.777700}|c1ccccc1{solv}{x=0.222300}>,Clc1ccccc1,c1ccccc1,fb-fit-v1-single-mean-k100,3,0.0018986689267848,0.0378320992638308,-0.0036,0.0004
13053,2658,dhmix_1808283008183194060,348,EnthalpyOfMixing,<Substance Clc1ccccc1{solv}{x=0.225800}|c1ccccc1{solv}{x=0.774200}>,Clc1ccccc1,c1ccccc1,fb-fit-v1-single-mean-k100,3,0.0356701637499838,0.0376242665596899,-0.0046,0.0004
13054,2659,dhmix_2008892820486470381,349,EnthalpyOfMixing,<Substance Clc1ccccc1{solv}{x=0.466600}|c1ccccc1{solv}{x=0.533400}>,Clc1ccccc1,c1ccccc1,fb-fit-v1-single-mean-k100,3,-0.013717340515484,0.0351815835121035,-0.0057,0.0004
13055,2660,dens_2142546524113318099,350,Density,<Substance Clc1ccccc1{solv}{x=0.293100}|c1ccccc1{solv}{x=0.706900}>,Clc1ccccc1,c1ccccc1,fb-fit-v1-single-mean-k100,3,0.9646536442242366,0.0002412747357952,0.9468000000000002,0.00025
13056,2661,dhmix_166527628917371560,351,EnthalpyOfMixing,<Substance CCCCCC(C)=O{solv}{x=0.500700}|CCCNCCC{solv}{x=0.499300}>,CCCCCC(C)=O,CCCNCCC,fb-fit-v1-single-mean-k100,3,-0.1282234316746979,0.0502970435185462,0.162,0.002
13057,2662,dhmix_181797488552739205,352,EnthalpyOfMixing,<Substance CCCCCC(C)=O{solv}{x=0.213200}|CCCNCCC{solv}{x=0.786800}>,CCCCCC(C)=O,CCCNCCC,fb-fit-v1-single-mean-k100,3,-0.0654094108084848,0.0447584061109223,0.137,0.0015
13058,2663,dens_286521458049436805,353,Density,<Substance CCCCCC(C)=O{solv}{x=0.542700}|CCCNCCC{solv}{x=0.457300}>,CCCCCC(C)=O,CCCNCCC,fb-fit-v1-single-mean-k100,3,0.7822627381159502,0.0001878588549314,0.7766620000000002,0.0001215
13059,2664,dens_740930494074770103,354,Density,<Substance CCCCCC(C)=O{solv}{x=0.252600}|CCCNCCC{solv}{x=0.747400}>,CCCCCC(C)=O,CCCNCCC,fb-fit-v1-single-mean-k100,3,0.7606978391932236,0.0001999030282692,0.7540050000000001,0.0001215
13060,2665,dhmix_1180133264815330249,355,EnthalpyOfMixing,<Substance CCCCCC(C)=O{solv}{x=0.788000}|CCCNCCC{solv}{x=0.212000}>,CCCCCC(C)=O,CCCNCCC,fb-fit-v1-single-mean-k100,3,-0.0080790540139403,0.0430530131385042,0.088,0.001
13061,2666,dens_1237727796782189302,356,Density,<Substance CCCCCC(C)=O{solv}{x=0.741800}|CCCNCCC{solv}{x=0.258200}>,CCCCCC(C)=O,CCCNCCC,fb-fit-v1-single-mean-k100,3,0.7959863110502227,0.0001828546924249,0.7918920000000003,0.00012
13062,2667,dens_168376639142843665,357,Density,<Substance BrCCBr{solv}{x=0.084500}|CCOC(=O)CC{solv}{x=0.915500}>,BrCCBr,CCOC(=O)CC,fb-fit-v1-single-mean-k100,3,0.974676280157266,0.0002587414571939,0.9671200000000002,0.001185
13063,2668,dhmix_897092526028522426,358,EnthalpyOfMixing,<Substance BrCCBr{solv}{x=0.753700}|CCOC(=O)CC{solv}{x=0.246300}>,BrCCBr,CCOC(=O)CC,fb-fit-v1-single-mean-k100,3,-0.1575040971706478,0.0346826241098713,0.0052,0.0008
13064,2669,dhmix_1078383344298013541,359,EnthalpyOfMixing,<Substance BrCCBr{solv}{x=0.084100}|CCOC(=O)CC{solv}{x=0.915900}>,BrCCBr,CCOC(=O)CC,fb-fit-v1-single-mean-k100,3,0.0011164605878084,0.0455963844485371,-0.0683,0.0014
13065,2670,dhmix_1103515663691342839,360,EnthalpyOfMixing,<Substance BrCCBr{solv}{x=0.514000}|CCOC(=O)CC{solv}{x=0.486000}>,BrCCBr,CCOC(=O)CC,fb-fit-v1-single-mean-k100,3,-0.280776778457855,0.0409901373987992,-0.1259,0.00205
13066,2671,dens_1193015082780501702,361,Density,<Substance BrCCBr{solv}{x=0.484400}|CCOC(=O)CC{solv}{x=0.515600}>,BrCCBr,CCOC(=O)CC,fb-fit-v1-single-mean-k100,3,1.409863517508888,0.0003802230619699,1.4136000000000002,0.001165
13067,2672,dens_1660732943693703463,362,Density,<Substance BrCCBr{solv}{x=0.714800}|CCOC(=O)CC{solv}{x=0.285200}>,BrCCBr,CCOC(=O)CC,fb-fit-v1-single-mean-k100,3,1.6994591437127675,0.0005593098739757,1.7205300000000003,0.000985
13068,2673,dens_172622055198885625,363,Density,<Substance CCCCOCCO{solv}{x=0.499500}|c1ccccc1{solv}{x=0.500500}>,CCCCOCCO,c1ccccc1,fb-fit-v1-single-mean-k100,3,0.8908713628878,0.0002191179312814,0.8864700000000002,0.000795
13069,2674,dens_615182082919776992,364,Density,<Substance CCCCOCCO{solv}{x=0.753500}|c1ccccc1{solv}{x=0.246500}>,CCCCOCCO,c1ccccc1,fb-fit-v1-single-mean-k100,3,0.8935525369171308,0.0002145739156824,0.8924600000000003,0.00077
13070,2675,dens_1014762781474427089,365,Density,<Substance CCCCOCCO{solv}{x=0.248800}|c1ccccc1{solv}{x=0.751200}>,CCCCOCCO,c1ccccc1,fb-fit-v1-single-mean-k100,3,0.8879405133682962,0.0002341799242673,0.8790000000000002,0.00083
13071,2676,dhmix_1209838039340638454,366,EnthalpyOfMixing,<Substance CCCCOCCO{solv}{x=0.729700}|c1ccccc1{solv}{x=0.270300}>,CCCCOCCO,c1ccccc1,fb-fit-v1-single-mean-k100,3,0.3560804189625628,0.0542801490688522,0.3037,0.00335
13072,2677,dhmix_1416395432810708431,367,EnthalpyOfMixing,<Substance CCCCOCCO{solv}{x=0.266500}|c1ccccc1{solv}{x=0.733500}>,CCCCOCCO,c1ccccc1,fb-fit-v1-single-mean-k100,3,0.8401769567853705,0.0416761947659718,0.6895,0.00745
13073,2678,dhmix_1775479338186698605,368,EnthalpyOfMixing,<Substance CCCCOCCO{solv}{x=0.503000}|c1ccccc1{solv}{x=0.497000}>,CCCCOCCO,c1ccccc1,fb-fit-v1-single-mean-k100,3,0.7249353257380449,0.0427344192967668,0.5563,0.00605
13074,2679,dens_173950346939686352,369,Density,<Substance CCOC(=O)CC(=O)OCC{solv}{x=0.797800}|CO{solv}{x=0.202200}>,CCOC(=O)CC(=O)OCC,CO,fb-fit-v1-single-mean-k100,3,1.0545158165974229,0.0002273024032793,1.0336070000000002,0.0001155
13075,2680,dhmix_796570713446660029,370,EnthalpyOfMixing,<Substance CCOC(=O)CC(=O)OCC{solv}{x=0.745300}|CO{solv}{x=0.254700}>,CCOC(=O)CC(=O)OCC,CO,fb-fit-v1-single-mean-k100,3,1.1551803206895954,0.0481991675985638,1.184,0.013
13076,2681,dhmix_1053189657313504079,371,EnthalpyOfMixing,<Substance CCOC(=O)CC(=O)OCC{solv}{x=0.499300}|CO{solv}{x=0.500700}>,CCOC(=O)CC(=O)OCC,CO,fb-fit-v1-single-mean-k100,3,1.6265194724906422,0.0421740741244046,1.426,0.0155
13077,2682,dens_1109796780897697143,372,Density,<Substance CCOC(=O)CC(=O)OCC{solv}{x=0.500400}|CO{solv}{x=0.499600}>,CCOC(=O)CC(=O)OCC,CO,fb-fit-v1-single-mean-k100,3,1.0117618519038465,0.0002361582780736,0.9962350000000002,9.150000000000002e-05
13078,2683,dens_1145191816882985532,373,Density,<Substance CCOC(=O)CC(=O)OCC{solv}{x=0.250100}|CO{solv}{x=0.749900}>,CCOC(=O)CC(=O)OCC,CO,fb-fit-v1-single-mean-k100,3,0.9418568446003664,0.0001988011363877,0.9355040000000002,0.0001385
13079,2684,dhmix_1394433819711651760,374,EnthalpyOfMixing,<Substance CCOC(=O)CC(=O)OCC{solv}{x=0.251500}|CO{solv}{x=0.748500}>,CCOC(=O)CC(=O)OCC,CO,fb-fit-v1-single-mean-k100,3,1.2631871900348628,0.0343915047262881,1.083,0.0115
13080,2685,dhmix_176700813960387714,375,EnthalpyOfMixing,<Substance CC(=O)N(C)C{solv}{x=0.211000}|ClCCCCCl{solv}{x=0.789000}>,CC(=O)N(C)C,ClCCCCCl,fb-fit-v1-single-mean-k100,3,0.0153376329892651,0.0440240387496725,-0.188,0.0025
13081,2686,dhmix_422276068008732896,376,EnthalpyOfMixing,<Substance CC(=O)N(C)C{solv}{x=0.506000}|ClCCCCCl{solv}{x=0.494000}>,CC(=O)N(C)C,ClCCCCCl,fb-fit-v1-single-mean-k100,3,-0.0599051415444336,0.0404926978807775,-0.314,0.0025
13082,2687,dhmix_591740475541975327,377,EnthalpyOfMixing,<Substance CC(=O)N(C)C{solv}{x=0.705000}|ClCCCCCl{solv}{x=0.295000}>,CC(=O)N(C)C,ClCCCCCl,fb-fit-v1-single-mean-k100,3,0.0641993119923709,0.0401421743355663,-0.281,0.0025
13083,2688,dens_600718364672681210,378,Density,<Substance CC(=O)N(C)C{solv}{x=0.200100}|ClCCCCCl{solv}{x=0.799900}>,CC(=O)N(C)C,ClCCCCCl,fb-fit-v1-single-mean-k100,3,1.08921627385989,0.000296739784182,1.0978,0.0023
13084,2689,dens_833309518494254389,379,Density,<Substance CC(=O)N(C)C{solv}{x=0.698700}|ClCCCCCl{solv}{x=0.301300}>,CC(=O)N(C)C,ClCCCCCl,fb-fit-v1-single-mean-k100,3,0.982387990044547,0.0002216788211812,1.0011000000000003,0.0023
13085,2690,dens_1473570029953486090,380,Density,<Substance CC(=O)N(C)C{solv}{x=0.500900}|ClCCCCCl{solv}{x=0.499100}>,CC(=O)N(C)C,ClCCCCCl,fb-fit-v1-single-mean-k100,3,1.0274191930109011,0.0002573042564349,1.0407000000000004,0.00225
13086,2691,dens_176740025668330569,381,Density,<Substance C1CCCCC1{solv}{x=0.499400}|C1COCCO1{solv}{x=0.500600}>,C1CCCCC1,C1COCCO1,fb-fit-v1-single-mean-k100,3,0.876487714210682,0.0002261685050744,0.8769800000000002,8.500000000000002e-05
13087,2692,dens_476825312331327209,382,Density,<Substance C1CCCCC1{solv}{x=0.297200}|C1COCCO1{solv}{x=0.702800}>,C1CCCCC1,C1COCCO1,fb-fit-v1-single-mean-k100,3,0.9325094335662408,0.0002382825577472,0.9312200000000004,7.000000000000002e-05
13088,2693,dens_985438980823024302,383,Density,<Substance C1CCCCC1{solv}{x=0.699700}|C1COCCO1{solv}{x=0.300300}>,C1CCCCC1,C1COCCO1,fb-fit-v1-single-mean-k100,3,0.8278022603821481,0.0002540784536303,0.8305800000000002,0.0001
13089,2694,dhmix_1624213860575299641,384,EnthalpyOfMixing,<Substance C1CCCCC1{solv}{x=0.492800}|C1COCCO1{solv}{x=0.507200}>,C1CCCCC1,C1COCCO1,fb-fit-v1-single-mean-k100,3,1.9496070725536896,0.0359229734036758,1.588,0.008
13090,2695,dhmix_1900199136965747019,385,EnthalpyOfMixing,<Substance C1CCCCC1{solv}{x=0.239400}|C1COCCO1{solv}{x=0.760600}>,C1CCCCC1,C1COCCO1,fb-fit-v1-single-mean-k100,3,1.3913098454897153,0.0304166379584008,1.124,0.007
13091,2696,dhmix_2022274493214392184,386,EnthalpyOfMixing,<Substance C1CCCCC1{solv}{x=0.744200}|C1COCCO1{solv}{x=0.255800}>,C1CCCCC1,C1COCCO1,fb-fit-v1-single-mean-k100,3,1.7525166137822763,0.0415019560684047,1.262,0.007
13092,2697,dhmix_182795551078530810,387,EnthalpyOfMixing,<Substance C1COCCO1{solv}{x=0.491200}|Cc1ccccc1Cl{solv}{x=0.508800}>,C1COCCO1,Cc1ccccc1Cl,fb-fit-v1-single-mean-k100,3,0.2649229781602571,0.0407198919924822,0.356,0.002
13093,2698,dens_242592003865933955,388,Density,<Substance C1COCCO1{solv}{x=0.835700}|Cc1ccccc1Cl{solv}{x=0.164300}>,C1COCCO1,Cc1ccccc1Cl,fb-fit-v1-single-mean-k100,3,1.0327150181289155,0.0002483840494812,1.0256,0.0005
13094,2699,dens_810150133181620718,389,Density,<Substance C1COCCO1{solv}{x=0.513600}|Cc1ccccc1Cl{solv}{x=0.486400}>,C1COCCO1,Cc1ccccc1Cl,fb-fit-v1-single-mean-k100,3,1.065193608965596,0.0002439829484507,1.0536,0.0005
13095,2700,dhmix_1949119093643648586,390,EnthalpyOfMixing,<Substance C1COCCO1{solv}{x=0.246200}|Cc1ccccc1Cl{solv}{x=0.753800}>,C1COCCO1,Cc1ccccc1Cl,fb-fit-v1-single-mean-k100,3,0.1418623738596807,0.0333070633320965,0.206,0.001
13096,2701,dens_2161584607380261748,391,Density,<Substance C1COCCO1{solv}{x=0.226300}|Cc1ccccc1Cl{solv}{x=0.773700}>,C1COCCO1,Cc1ccccc1Cl,fb-fit-v1-single-mean-k100,3,1.0813810420293517,0.0002406439223069,1.0674000000000003,0.0005
13097,2702,dhmix_2190589845176325501,392,EnthalpyOfMixing,<Substance C1COCCO1{solv}{x=0.835700}|Cc1ccccc1Cl{solv}{x=0.164300}>,C1COCCO1,Cc1ccccc1Cl,fb-fit-v1-single-mean-k100,3,0.1194165498663295,0.0414441425975228,0.244,0.0015
13098,2703,dens_194492664772262961,393,Density,<Substance CCCOC=O{solv}{x=0.479500}|ClCCCl{solv}{x=0.520500}>,CCCOC=O,ClCCCl,fb-fit-v1-single-mean-k100,3,1.0690668746197811,0.0003281390488241,1.0603100000000003,0.00196
13099,2704,dhmix_438833720470542962,394,EnthalpyOfMixing,<Substance CCCOC=O{solv}{x=0.738500}|ClCCCl{solv}{x=0.261500}>,CCCOC=O,ClCCCl,fb-fit-v1-single-mean-k100,3,-0.0207047015340968,0.037226903284925,-0.205,0.0025
13100,2705,dens_598528978367940263,395,Density,<Substance CCCOC=O{solv}{x=0.254300}|ClCCCl{solv}{x=0.745700}>,CCCOC=O,ClCCCl,fb-fit-v1-single-mean-k100,3,1.142129160063538,0.0004049869344362,1.1418800000000005,0.002835
13101,2706,dens_822197650497048256,396,Density,<Substance CCCOC=O{solv}{x=0.728100}|ClCCCl{solv}{x=0.271900}>,CCCOC=O,ClCCCl,fb-fit-v1-single-mean-k100,3,0.9974780498760916,0.0002944126463177,0.9794600000000002,0.001275
13102,2707,dhmix_1971772628311560569,397,EnthalpyOfMixing,<Substance CCCOC=O{solv}{x=0.503500}|ClCCCl{solv}{x=0.496500}>,CCCOC=O,ClCCCl,fb-fit-v1-single-mean-k100,3,0.0354786750954012,0.0289121335293901,-0.254,0.003
13103,2708,dhmix_2087301877194561078,398,EnthalpyOfMixing,<Substance CCCOC=O{solv}{x=0.273300}|ClCCCl{solv}{x=0.726700}>,CCCOC=O,ClCCCl,fb-fit-v1-single-mean-k100,3,0.0753534291825168,0.0347371976597479,-0.154,0.002
13104,2709,dens_196547737404430199,399,Density,<Substance CCC(C)(C)O{solv}{x=0.258400}|CCO{solv}{x=0.741600}>,CCC(C)(C)O,CCO,fb-fit-v1-single-mean-k100,3,0.8071237844911272,0.000296769326224,0.7933000000000001,0.0005
13105,2710,dens_476512869308734578,400,Density,<Substance CCC(C)(C)O{solv}{x=0.549500}|CCO{solv}{x=0.450500}>,CCC(C)(C)O,CCO,fb-fit-v1-single-mean-k100,3,0.8193413779112908,0.0002867386396115,0.8018000000000002,0.0005
13106,2711,dens_822446541953482206,401,Density,<Substance CCC(C)(C)O{solv}{x=0.676500}|CCO{solv}{x=0.323500}>,CCC(C)(C)O,CCO,fb-fit-v1-single-mean-k100,3,0.8211777711912803,0.0002348060828548,0.8048000000000002,0.0005
13107,2712,dhmix_935690434592096067,402,EnthalpyOfMixing,<Substance CCC(C)(C)O{solv}{x=0.460700}|CCO{solv}{x=0.539300}>,CCC(C)(C)O,CCO,fb-fit-v1-single-mean-k100,3,-1.0393822116453162,0.0359212003775039,-0.95,0.00405
13108,2713,dhmix_1167190373485301023,403,EnthalpyOfMixing,<Substance CCC(C)(C)O{solv}{x=0.730600}|CCO{solv}{x=0.269400}>,CCC(C)(C)O,CCO,fb-fit-v1-single-mean-k100,3,-1.2988235256335638,0.0625431527305715,-0.7709,0.00335
13109,2714,dhmix_1275914601266938667,404,EnthalpyOfMixing,<Substance CCC(C)(C)O{solv}{x=0.280700}|CCO{solv}{x=0.719300}>,CCC(C)(C)O,CCO,fb-fit-v1-single-mean-k100,3,-0.8118478156576252,0.0326671327165852,-0.7056,0.0031
13110,2715,dens_196896428021674416,405,Density,<Substance OCCCCO{solv}{x=0.250400}|O{solv}{x=0.749600}>,O,OCCCCO,fb-fit-v1-single-mean-k100,3,1.0103879416919397,0.0003645753190645,1.0206500000000005,0.000165
13111,2716,dhmix_204758826312645465,406,EnthalpyOfMixing,<Substance OCCCCO{solv}{x=0.498600}|O{solv}{x=0.501400}>,O,OCCCCO,fb-fit-v1-single-mean-k100,3,0.3374299573893182,0.0411014871434177,-0.882,0.011
13112,2717,dens_523660418548538159,407,Density,<Substance OCCCCO{solv}{x=0.502000}|O{solv}{x=0.498000}>,O,OCCCCO,fb-fit-v1-single-mean-k100,3,1.0209786395546343,0.0003717359370008,1.0207100000000002,0.000175
13113,2718,dhmix_1424462945700338266,408,EnthalpyOfMixing,<Substance OCCCCO{solv}{x=0.794700}|O{solv}{x=0.205300}>,O,OCCCCO,fb-fit-v1-single-mean-k100,3,-0.0722146189617429,0.0442274965772518,-0.513,0.007
13114,2719,dhmix_2166372532060643622,409,EnthalpyOfMixing,<Substance OCCCCO{solv}{x=0.265800}|O{solv}{x=0.734200}>,O,OCCCCO,fb-fit-v1-single-mean-k100,3,0.3084866621653788,0.0269870535605172,-0.896,0.0115
13115,2720,dens_2215793475715067258,410,Density,<Substance OCCCCO{solv}{x=0.752800}|O{solv}{x=0.247200}>,O,OCCCCO,fb-fit-v1-single-mean-k100,3,1.0219591773166463,0.0002375757334013,1.0165900000000003,0.00018
13116,2721,dhmix_199788824133179829,411,EnthalpyOfMixing,<Substance CNc1ccccc1{solv}{x=0.497300}|Cc1ccccc1{solv}{x=0.502700}>,CNc1ccccc1,Cc1ccccc1,fb-fit-v1-single-mean-k100,3,0.8175368057416321,0.0409733712167243,0.497,0.0055
13117,2722,dens_515118724178190757,412,Density,<Substance CNc1ccccc1{solv}{x=0.740700}|Cc1ccccc1{solv}{x=0.259300}>,CNc1ccccc1,Cc1ccccc1,fb-fit-v1-single-mean-k100,3,0.9659147683863248,0.0001893489758675,0.9531280000000004,0.0002595
13118,2723,dens_730775902780400634,413,Density,<Substance CNc1ccccc1{solv}{x=0.245200}|Cc1ccccc1{solv}{x=0.754800}>,CNc1ccccc1,Cc1ccccc1,fb-fit-v1-single-mean-k100,3,0.9024930504227132,0.0002068275183907,0.8935250000000002,0.000118
13119,2724,dhmix_1213795502778853356,414,EnthalpyOfMixing,<Substance CNc1ccccc1{solv}{x=0.295200}|Cc1ccccc1{solv}{x=0.704800}>,CNc1ccccc1,Cc1ccccc1,fb-fit-v1-single-mean-k100,3,0.8321720901723779,0.0432143863452976,0.459,0.005
13120,2725,dhmix_1321810550349826496,415,EnthalpyOfMixing,<Substance CNc1ccccc1{solv}{x=0.789200}|Cc1ccccc1{solv}{x=0.210800}>,CNc1ccccc1,Cc1ccccc1,fb-fit-v1-single-mean-k100,3,0.4355649734466951,0.0437407402367745,0.287,0.003
13121,2726,dens_2156484405108449314,416,Density,<Substance CNc1ccccc1{solv}{x=0.490000}|Cc1ccccc1{solv}{x=0.510000}>,CNc1ccccc1,Cc1ccccc1,fb-fit-v1-single-mean-k100,3,0.93388248485666,0.0002085697549842,0.9235800000000004,0.000164
13122,2727,dens_199829369486957606,417,Density,<Substance CC#N{solv}{x=0.200300}|c1ccccc1{solv}{x=0.799700}>,CC#N,c1ccccc1,fb-fit-v1-single-mean-k100,3,0.8732373294693375,0.0002561155240464,0.8623400000000002,7.000000000000002e-05
13123,2728,dhmix_217315956534335620,418,EnthalpyOfMixing,<Substance CC#N{solv}{x=0.771500}|c1ccccc1{solv}{x=0.228500}>,CC#N,c1ccccc1,fb-fit-v1-single-mean-k100,3,0.0719819644150128,0.0299598712885764,0.3988,0.00815
13124,2729,dhmix_730497723685339496,419,EnthalpyOfMixing,<Substance CC#N{solv}{x=0.219600}|c1ccccc1{solv}{x=0.780400}>,CC#N,c1ccccc1,fb-fit-v1-single-mean-k100,3,-0.0080969170859503,0.0400008824717929,0.2399,0.00495
13125,2730,dhmix_1038591828122641798,420,EnthalpyOfMixing,<Substance CC#N{solv}{x=0.529500}|c1ccccc1{solv}{x=0.470500}>,CC#N,c1ccccc1,fb-fit-v1-single-mean-k100,3,0.0213126413204243,0.0292887040089114,0.4415,0.00905
13126,2731,dens_1457706963514561052,421,Density,<Substance CC#N{solv}{x=0.500100}|c1ccccc1{solv}{x=0.499900}>,CC#N,c1ccccc1,fb-fit-v1-single-mean-k100,3,0.8432373695372973,0.0002717351563708,0.8384600000000002,7.500000000000002e-05
13127,2732,dens_2111393000623474162,422,Density,<Substance CC#N{solv}{x=0.700200}|c1ccccc1{solv}{x=0.299800}>,CC#N,c1ccccc1,fb-fit-v1-single-mean-k100,3,0.8179277277098267,0.0002749175591748,0.8174500000000002,7.500000000000002e-05
13128,2733,dens_201591193434833206,423,Density,<Substance CC(C)CC(C)(C)C{solv}{x=0.082400}|CCO{solv}{x=0.917600}>,CC(C)CC(C)(C)C,CCO,fb-fit-v1-single-mean-k100,3,0.7678722646445135,0.0002858518183459,0.7605800000000003,0.000125
13129,2734,dhmix_371477530823830451,424,EnthalpyOfMixing,<Substance CC(C)CC(C)(C)C{solv}{x=0.761700}|CCO{solv}{x=0.238300}>,CC(C)CC(C)(C)C,CCO,fb-fit-v1-single-mean-k100,3,0.7286563505990813,0.0545438640281281,0.634022,0.006851
13130,2735,dhmix_1127868571780691876,425,EnthalpyOfMixing,<Substance CC(C)CC(C)(C)C{solv}{x=0.515800}|CCO{solv}{x=0.484200}>,CC(C)CC(C)(C)C,CCO,fb-fit-v1-single-mean-k100,3,0.7559829661725388,0.0442555806474435,0.638973,0.006903
13131,2736,dens_1250915879314267304,426,Density,<Substance CC(C)CC(C)(C)C{solv}{x=0.493740}|CCO{solv}{x=0.506260}>,CC(C)CC(C)(C)C,CCO,fb-fit-v1-single-mean-k100,3,0.7313130465227013,0.0001701392095536,0.7110500000000001,7.500000000000002e-05
13132,2737,dens_1473791133383705310,427,Density,<Substance CC(C)CC(C)(C)C{solv}{x=0.735960}|CCO{solv}{x=0.264040}>,CC(C)CC(C)(C)C,CCO,fb-fit-v1-single-mean-k100,3,0.7208156433574728,0.000223204491826,0.6967900000000001,7.500000000000002e-05
13133,2738,dhmix_1870637719976274804,428,EnthalpyOfMixing,<Substance CC(C)CC(C)(C)C{solv}{x=0.081500}|CCO{solv}{x=0.918500}>,CC(C)CC(C)(C)C,CCO,fb-fit-v1-single-mean-k100,3,0.3086368335884724,0.0386593592588501,0.197762,0.0022405
13134,2739,dens_202472488934755108,429,Density,<Substance CCC#N{solv}{x=0.301800}|CCOC(C)(C)C{solv}{x=0.698200}>,CCC#N,CCOC(C)(C)C,fb-fit-v1-single-mean-k100,3,0.7555371322660571,0.0002273681517237,0.7455000000000002,0.0002
13135,2740,dens_266175665931869051,430,Density,<Substance CCC#N{solv}{x=0.701400}|CCOC(C)(C)C{solv}{x=0.298600}>,CCC#N,CCOC(C)(C)C,fb-fit-v1-single-mean-k100,3,0.7666496087699411,0.0002268781814423,0.7617000000000003,0.00035
13136,2741,dhmix_801664072836508009,431,EnthalpyOfMixing,<Substance CCC#N{solv}{x=0.301800}|CCOC(C)(C)C{solv}{x=0.698200}>,CCC#N,CCOC(C)(C)C,fb-fit-v1-single-mean-k100,3,0.0864390892201747,0.0406927690968773,0.4557,0.0062
13137,2742,dhmix_1220778152018571786,432,EnthalpyOfMixing,<Substance CCC#N{solv}{x=0.501400}|CCOC(C)(C)C{solv}{x=0.498600}>,CCC#N,CCOC(C)(C)C,fb-fit-v1-single-mean-k100,3,0.1210759604547924,0.0343470088075227,0.5053,0.00685
13138,2743,dhmix_1838699488178562925,433,EnthalpyOfMixing,<Substance CCC#N{solv}{x=0.701400}|CCOC(C)(C)C{solv}{x=0.298600}>,CCC#N,CCOC(C)(C)C,fb-fit-v1-single-mean-k100,3,0.1719305353695386,0.0309622805449242,0.4078,0.0056
13139,2744,dens_1870081876609026392,434,Density,<Substance CCC#N{solv}{x=0.501400}|CCOC(C)(C)C{solv}{x=0.498600}>,CCC#N,CCOC(C)(C)C,fb-fit-v1-single-mean-k100,3,0.760517898627033,0.0002456566236514,0.7532000000000002,0.0003
13140,2745,dens_205210513551931414,435,Density,<Substance CCCC#N{solv}{x=0.200000}|c1ccccc1{solv}{x=0.800000}>,CCCC#N,c1ccccc1,fb-fit-v1-single-mean-k100,3,0.8669885032015352,0.0001548305001335,0.8576940000000002,5.400000000000001e-05
13141,2746,dens_841576887891022329,436,Density,<Substance CCCC#N{solv}{x=0.500000}|c1ccccc1{solv}{x=0.500000}>,CCCC#N,c1ccccc1,fb-fit-v1-single-mean-k100,3,0.8354370762317678,0.0002238886101086,0.8318550000000002,5.8000000000000014e-05
13142,2747,dhmix_901910638840590393,437,EnthalpyOfMixing,<Substance CCCC#N{solv}{x=0.503700}|c1ccccc1{solv}{x=0.496300}>,CCCC#N,c1ccccc1,fb-fit-v1-single-mean-k100,3,0.0175868544673249,0.0360319147778343,-0.0659,0.00145
13143,2748,dhmix_1123099162248680479,438,EnthalpyOfMixing,<Substance CCCC#N{solv}{x=0.752800}|c1ccccc1{solv}{x=0.247200}>,CCCC#N,c1ccccc1,fb-fit-v1-single-mean-k100,3,0.0209247606119404,0.0397865655824201,-0.0312,0.0008
13144,2749,dhmix_1318990508180847616,439,EnthalpyOfMixing,<Substance CCCC#N{solv}{x=0.252800}|c1ccccc1{solv}{x=0.747200}>,CCCC#N,c1ccccc1,fb-fit-v1-single-mean-k100,3,0.0729788731530689,0.0415211729091512,-0.0571,0.00125
13145,2750,dens_1950627772023797339,440,Density,<Substance CCCC#N{solv}{x=0.700000}|c1ccccc1{solv}{x=0.300000}>,CCCC#N,c1ccccc1,fb-fit-v1-single-mean-k100,3,0.8151214842219197,0.0002215009013381,0.8138540000000002,6.100000000000001e-05
13146,2751,dhmix_207411229673186667,441,EnthalpyOfMixing,<Substance CC(C)(C)Cl{solv}{x=0.774700}|CC(C)OC(C)C{solv}{x=0.225300}>,CC(C)(C)Cl,CC(C)OC(C)C,fb-fit-v1-single-mean-k100,3,-0.0085425115201296,0.0415890150558835,0.0035,0.0004
13147,2752,dhmix_263164663491745943,442,EnthalpyOfMixing,<Substance CC(C)(C)Cl{solv}{x=0.551200}|CC(C)OC(C)C{solv}{x=0.448800}>,CC(C)(C)Cl,CC(C)OC(C)C,fb-fit-v1-single-mean-k100,3,-0.1279285661169549,0.0417147337914971,0.0071,0.0004
13148,2753,dens_1527979990628499053,443,Density,<Substance CC(C)(C)Cl{solv}{x=0.514800}|CC(C)OC(C)C{solv}{x=0.485200}>,CC(C)(C)Cl,CC(C)OC(C)C,fb-fit-v1-single-mean-k100,3,0.7904969075980096,0.0002459823836695,0.7723510000000002,0.00042
13149,2754,dens_1616242241384486673,444,Density,<Substance CC(C)(C)Cl{solv}{x=0.715200}|CC(C)OC(C)C{solv}{x=0.284800}>,CC(C)(C)Cl,CC(C)OC(C)C,fb-fit-v1-single-mean-k100,3,0.8175791572721719,0.0002621576678714,0.7971450000000002,0.0003945
13150,2755,dens_2075469437997722238,445,Density,<Substance CC(C)(C)Cl{solv}{x=0.199100}|CC(C)OC(C)C{solv}{x=0.800900}>,CC(C)(C)Cl,CC(C)OC(C)C,fb-fit-v1-single-mean-k100,3,0.7535121199619604,0.0002563265268498,0.7376660000000003,0.0004545
13151,2756,dhmix_2101531043492089277,446,EnthalpyOfMixing,<Substance CC(C)(C)Cl{solv}{x=0.219200}|CC(C)OC(C)C{solv}{x=0.780800}>,CC(C)(C)Cl,CC(C)OC(C)C,fb-fit-v1-single-mean-k100,3,-0.0333289441181285,0.0461203063627098,0.007,0.0004
13152,2757,dens_210389881425986721,447,Density,<Substance C1COCO1{solv}{x=0.785000}|CCCCCC(C)=O{solv}{x=0.215000}>,C1COCO1,CCCCCC(C)=O,fb-fit-v1-single-mean-k100,3,0.9817926151689303,0.0002607028099967,0.9696500000000002,0.0003
13153,2758,dhmix_503329310014436107,448,EnthalpyOfMixing,<Substance C1COCO1{solv}{x=0.750000}|CCCCCC(C)=O{solv}{x=0.250000}>,C1COCO1,CCCCCC(C)=O,fb-fit-v1-single-mean-k100,3,0.4619973949757963,0.0388906116207118,0.37402,0.001955
13154,2759,dens_824084186033535550,449,Density,<Substance C1COCO1{solv}{x=0.507100}|CCCCCC(C)=O{solv}{x=0.492900}>,C1COCO1,CCCCCC(C)=O,fb-fit-v1-single-mean-k100,3,0.8998287350663404,0.0002319342837692,0.8936300000000003,0.00034
13155,2760,dens_839548343309182157,450,Density,<Substance C1COCO1{solv}{x=0.244000}|CCCCCC(C)=O{solv}{x=0.756000}>,C1COCO1,CCCCCC(C)=O,fb-fit-v1-single-mean-k100,3,0.8481453858392903,0.0002122244818828,0.8445200000000002,0.00038
13156,2761,dhmix_1519451899562488304,451,EnthalpyOfMixing,<Substance C1COCO1{solv}{x=0.250000}|CCCCCC(C)=O{solv}{x=0.750000}>,C1COCO1,CCCCCC(C)=O,fb-fit-v1-single-mean-k100,3,0.3461861532371344,0.0501814631682241,0.2754,0.00155
13157,2762,dhmix_1874814461447958752,452,EnthalpyOfMixing,<Substance C1COCO1{solv}{x=0.500000}|CCCCCC(C)=O{solv}{x=0.500000}>,C1COCO1,CCCCCC(C)=O,fb-fit-v1-single-mean-k100,3,0.5496835467703036,0.0443880319681992,0.43148,0.00217
13158,2763,dhmix_219236717194413479,453,EnthalpyOfMixing,<Substance CCOc1ccccc1{solv}{x=0.762500}|OCCCc1ccccc1{solv}{x=0.237500}>,CCOc1ccccc1,OCCCc1ccccc1,fb-fit-v1-single-mean-k100,3,0.9278204483080684,0.042529521667613,1.1164,0.01195
13159,2764,dens_391027492102555874,454,Density,<Substance CCOc1ccccc1{solv}{x=0.515000}|OCCCc1ccccc1{solv}{x=0.485000}>,CCOc1ccccc1,OCCCc1ccccc1,fb-fit-v1-single-mean-k100,3,0.9758738822690068,0.0001509628761098,0.9715100000000002,0.00026
13160,2765,dens_603450583692592837,455,Density,<Substance CCOc1ccccc1{solv}{x=0.707400}|OCCCc1ccccc1{solv}{x=0.292600}>,CCOc1ccccc1,OCCCc1ccccc1,fb-fit-v1-single-mean-k100,3,0.9687001447684368,0.0001575229735698,0.9634300000000002,0.00026
13161,2766,dhmix_1297428070131435744,456,EnthalpyOfMixing,<Substance CCOc1ccccc1{solv}{x=0.516900}|OCCCc1ccccc1{solv}{x=0.483100}>,CCOc1ccccc1,OCCCc1ccccc1,fb-fit-v1-single-mean-k100,3,0.725468978273895,0.0486906674252793,0.989,0.0106
13162,2767,dens_1659818614169719187,457,Density,<Substance CCOc1ccccc1{solv}{x=0.216400}|OCCCc1ccccc1{solv}{x=0.783600}>,CCOc1ccccc1,OCCCc1ccccc1,fb-fit-v1-single-mean-k100,3,0.98763462993807,0.0002733868877331,0.9832000000000004,0.00026
13163,2768,dhmix_2058966624473104004,458,EnthalpyOfMixing,<Substance CCOc1ccccc1{solv}{x=0.262900}|OCCCc1ccccc1{solv}{x=0.737100}>,CCOc1ccccc1,OCCCc1ccccc1,fb-fit-v1-single-mean-k100,3,0.4977005528657372,0.0519870935101771,0.7,0.00755
13164,2769,dhmix_224977805525763267,459,EnthalpyOfMixing,<Substance OCCO{solv}{x=0.519300}|O{solv}{x=0.480700}>,O,OCCO,fb-fit-v1-single-mean-k100,3,-0.1995067728584496,0.0297661889476396,-0.64,0.0035
13165,2770,dhmix_454389511592218960,460,EnthalpyOfMixing,<Substance OCCO{solv}{x=0.790900}|O{solv}{x=0.209100}>,O,OCCO,fb-fit-v1-single-mean-k100,3,-0.1577427858931486,0.0454574299022592,-0.347,0.0025
13166,2771,dens_624011570206871166,461,Density,<Substance OCCO{solv}{x=0.500560}|O{solv}{x=0.499440}>,O,OCCO,fb-fit-v1-single-mean-k100,3,1.0956988411242583,0.0003252427835167,1.0923200000000002,0.0005
13167,2772,dhmix_997365299263661959,462,EnthalpyOfMixing,<Substance OCCO{solv}{x=0.205100}|O{solv}{x=0.794900}>,O,OCCO,fb-fit-v1-single-mean-k100,3,-0.0522660123153322,0.0234765645811325,-0.681,0.004
13168,2773,dens_1521229282261002740,463,Density,<Substance OCCO{solv}{x=0.299010}|O{solv}{x=0.700990}>,O,OCCO,fb-fit-v1-single-mean-k100,3,1.0698782637885589,0.0003792978669335,1.0735400000000002,0.0005
13169,2774,dens_2015496231826454735,464,Density,<Substance OCCO{solv}{x=0.706260}|O{solv}{x=0.293740}>,O,OCCO,fb-fit-v1-single-mean-k100,3,1.112356377799381,0.0003629792785793,1.1022400000000003,0.0005
13170,2775,dhmix_230261418136264651,465,EnthalpyOfMixing,<Substance CCCCOC(C)=O{solv}{x=0.700700}|CCOC(C)=O{solv}{x=0.299300}>,CCCCOC(C)=O,CCOC(C)=O,fb-fit-v1-single-mean-k100,3,0.0727501859908201,0.0402828118174617,0.0594,0.001
13171,2776,dhmix_287092636460772443,466,EnthalpyOfMixing,<Substance CCCCOC(C)=O{solv}{x=0.501800}|CCOC(C)=O{solv}{x=0.498200}>,CCCCOC(C)=O,CCOC(C)=O,fb-fit-v1-single-mean-k100,3,0.0211448257237734,0.0422747565800415,0.076,0.0012
13172,2777,dens_436289636626232396,467,Density,<Substance CCCCOC(C)=O{solv}{x=0.501800}|CCOC(C)=O{solv}{x=0.498200}>,CCCCOC(C)=O,CCOC(C)=O,fb-fit-v1-single-mean-k100,3,0.897958247004236,0.0002224149953901,0.8829000000000002,0.0002
13173,2778,dens_1739528506032569134,468,Density,<Substance CCCCOC(C)=O{solv}{x=0.201200}|CCOC(C)=O{solv}{x=0.798800}>,CCCCOC(C)=O,CCOC(C)=O,fb-fit-v1-single-mean-k100,3,0.90650333415366,0.0001644065713177,0.8889000000000001,0.0002
13174,2779,dhmix_1951544232160779982,469,EnthalpyOfMixing,<Substance CCCCOC(C)=O{solv}{x=0.201200}|CCOC(C)=O{solv}{x=0.798800}>,CCCCOC(C)=O,CCOC(C)=O,fb-fit-v1-single-mean-k100,3,0.0155323118090535,0.0420862397575346,0.0524,0.0009
13175,2780,dens_2199004103648094822,470,Density,<Substance CCCCOC(C)=O{solv}{x=0.700700}|CCOC(C)=O{solv}{x=0.299300}>,CCCCOC(C)=O,CCOC(C)=O,fb-fit-v1-single-mean-k100,3,0.8934141317012857,0.000227985453895,0.8797000000000003,0.0002
13176,2781,dens_230610561971140401,471,Density,<Substance CN(C)CCO{solv}{x=0.507700}|O{solv}{x=0.492300}>,CN(C)CCO,O,fb-fit-v1-single-mean-k100,3,0.938642325966912,0.0003886181285638,0.9237220000000002,0.000504
13177,2782,dens_531222131704065782,472,Density,<Substance CN(C)CCO{solv}{x=0.765200}|O{solv}{x=0.234800}>,CN(C)CCO,O,fb-fit-v1-single-mean-k100,3,0.9253722754641198,0.000284854831425,0.8989030000000002,0.0005805
13178,2783,dhmix_569544738684419327,473,EnthalpyOfMixing,<Substance CN(C)CCO{solv}{x=0.536500}|O{solv}{x=0.463500}>,CN(C)CCO,O,fb-fit-v1-single-mean-k100,3,-2.775518067053369,0.0337450275469722,-2.575,0.0525
13179,2784,dens_1319192913326669904,474,Density,<Substance CN(C)CCO{solv}{x=0.264330}|O{solv}{x=0.735670}>,CN(C)CCO,O,fb-fit-v1-single-mean-k100,3,0.9539394613091552,0.0003187025582636,0.9590000000000002,0.0029
13180,2785,dhmix_1669606825693628140,475,EnthalpyOfMixing,<Substance CN(C)CCO{solv}{x=0.205200}|O{solv}{x=0.794800}>,CN(C)CCO,O,fb-fit-v1-single-mean-k100,3,-1.7258810478861768,0.0225317071963714,-2.587,0.0525
13181,2786,dhmix_1723343163215510297,476,EnthalpyOfMixing,<Substance CN(C)CCO{solv}{x=0.799600}|O{solv}{x=0.200400}>,CN(C)CCO,O,fb-fit-v1-single-mean-k100,3,-1.6678765975277088,0.0537155760315721,-1.247,0.0255
13182,2787,dens_233554406241639981,477,Density,<Substance CC(C)CC(C)(C)C{solv}{x=0.200000}|CCCCOCCCC{solv}{x=0.800000}>,CC(C)CC(C)(C)C,CCCCOCCCC,fb-fit-v1-single-mean-k100,3,0.7544479374540976,0.0001949117896646,0.7497500000000001,0.00017
13183,2788,dhmix_465541682585001245,478,EnthalpyOfMixing,<Substance CC(C)CC(C)(C)C{solv}{x=0.200400}|CCCCOCCCC{solv}{x=0.799600}>,CC(C)CC(C)(C)C,CCCCOCCCC,fb-fit-v1-single-mean-k100,3,0.1429433470557342,0.0482683752090834,0.07397,0.00099
13184,2789,dhmix_1505777056782392294,479,EnthalpyOfMixing,<Substance CC(C)CC(C)(C)C{solv}{x=0.400400}|CCCCOCCCC{solv}{x=0.599600}>,CC(C)CC(C)(C)C,CCCCOCCCC,fb-fit-v1-single-mean-k100,3,0.3483955308256696,0.0510689896529982,0.11538,0.001385
13185,2790,dhmix_1595104467389948583,480,EnthalpyOfMixing,<Substance CC(C)CC(C)(C)C{solv}{x=0.700500}|CCCCOCCCC{solv}{x=0.299500}>,CC(C)CC(C)(C)C,CCCCOCCCC,fb-fit-v1-single-mean-k100,3,0.3178364228383543,0.0466731712239682,0.10948,0.00133
13186,2791,dens_1672861274914038509,481,Density,<Substance CC(C)CC(C)(C)C{solv}{x=0.399700}|CCCCOCCCC{solv}{x=0.600300}>,CC(C)CC(C)(C)C,CCCCOCCCC,fb-fit-v1-single-mean-k100,3,0.7436801847568116,0.0001468677360115,0.7348100000000001,0.000175
13187,2792,dens_1954694146948787176,482,Density,<Substance CC(C)CC(C)(C)C{solv}{x=0.700000}|CCCCOCCCC{solv}{x=0.300000}>,CC(C)CC(C)(C)C,CCCCOCCCC,fb-fit-v1-single-mean-k100,3,0.7287980795680581,0.0001981097849526,0.7117300000000002,0.000185
13188,2793,dens_234746850701826990,483,Density,<Substance CC#N{solv}{x=0.700000}|CCCCCO{solv}{x=0.300000}>,CC#N,CCCCCO,fb-fit-v1-single-mean-k100,3,0.7932714190726926,0.0002559129424122,0.7924200000000001,0.000165
13189,2794,dens_1261543146081029601,484,Density,<Substance CC#N{solv}{x=0.500300}|CCCCCO{solv}{x=0.499700}>,CC#N,CCCCCO,fb-fit-v1-single-mean-k100,3,0.8017271409460168,0.0001963295398881,0.7996400000000001,0.000185
13190,2795,dens_1462197010819319813,485,Density,<Substance CC#N{solv}{x=0.203100}|CCCCCO{solv}{x=0.796900}>,CC#N,CCCCCO,fb-fit-v1-single-mean-k100,3,0.8115402361908445,0.0002203314819953,0.8090600000000001,0.00022
13191,2796,dhmix_1595997756227951615,486,EnthalpyOfMixing,<Substance CC#N{solv}{x=0.235500}|CCCCCO{solv}{x=0.764500}>,CC#N,CCCCCO,fb-fit-v1-single-mean-k100,3,1.561601226922697,0.0391451428150075,1.451,0.006
13192,2797,dhmix_1745037615762894827,487,EnthalpyOfMixing,<Substance CC#N{solv}{x=0.516700}|CCCCCO{solv}{x=0.483300}>,CC#N,CCCCCO,fb-fit-v1-single-mean-k100,3,2.046003277328603,0.0372124002586385,2.017,0.008
13193,2798,dhmix_2294048253872291609,488,EnthalpyOfMixing,<Substance CC#N{solv}{x=0.771100}|CCCCCO{solv}{x=0.228900}>,CC#N,CCCCCO,fb-fit-v1-single-mean-k100,3,1.5884000457909746,0.0328289761647454,1.656,0.007
13194,2799,dens_237912652331354824,489,Density,<Substance C1COCCO1{solv}{x=0.512200}|CCCC(C)=O{solv}{x=0.487800}>,C1COCCO1,CCCC(C)=O,fb-fit-v1-single-mean-k100,3,0.9058569740606008,0.0002334625222823,0.90478,0.00023
13195,2800,dhmix_951401191616771155,490,EnthalpyOfMixing,<Substance C1COCCO1{solv}{x=0.750000}|CCCC(C)=O{solv}{x=0.250000}>,C1COCCO1,CCCC(C)=O,fb-fit-v1-single-mean-k100,3,0.2462716477151332,0.0426403536415398,0.23761,0.00135
13196,2801,dens_1815088975543208186,491,Density,<Substance C1COCCO1{solv}{x=0.225400}|CCCC(C)=O{solv}{x=0.774600}>,C1COCCO1,CCCC(C)=O,fb-fit-v1-single-mean-k100,3,0.8446098332859457,0.000250936558559,0.8442800000000001,0.00022
13197,2802,dens_2079717107234551519,492,Density,<Substance C1COCCO1{solv}{x=0.782300}|CCCC(C)=O{solv}{x=0.217700}>,C1COCCO1,CCCC(C)=O,fb-fit-v1-single-mean-k100,3,0.9708301568404653,0.0002488162092426,0.9692000000000004,0.000245
13198,2803,dhmix_2166059870593139530,493,EnthalpyOfMixing,<Substance C1COCCO1{solv}{x=0.500000}|CCCC(C)=O{solv}{x=0.500000}>,C1COCCO1,CCCC(C)=O,fb-fit-v1-single-mean-k100,3,0.243948241397895,0.0401747066792504,0.26523,0.001455
13199,2804,dhmix_2196150660196365471,494,EnthalpyOfMixing,<Substance C1COCCO1{solv}{x=0.250000}|CCCC(C)=O{solv}{x=0.750000}>,C1COCCO1,CCCC(C)=O,fb-fit-v1-single-mean-k100,3,0.1406841987177038,0.0424161430549126,0.1704,0.001085
13200,2805,dhmix_243334109655928306,495,EnthalpyOfMixing,<Substance C1CCOCC1{solv}{x=0.783200}|c1ccccc1{solv}{x=0.216800}>,C1CCOCC1,c1ccccc1,fb-fit-v1-single-mean-k100,3,-0.0114369054206946,0.0416951234164347,-0.1399,0.00165
13201,2806,dens_257753427541292519,496,Density,<Substance C1CCOCC1{solv}{x=0.479400}|c1ccccc1{solv}{x=0.520600}>,C1CCOCC1,c1ccccc1,fb-fit-v1-single-mean-k100,3,0.8831693331292669,0.0002118427834151,0.8778700000000003,0.000505
13202,2807,dhmix_604341867718608333,497,EnthalpyOfMixing,<Substance C1CCOCC1{solv}{x=0.242500}|c1ccccc1{solv}{x=0.757500}>,C1CCOCC1,c1ccccc1,fb-fit-v1-single-mean-k100,3,-0.1184803350782033,0.041875451071088,-0.1608,0.00185
13203,2808,dens_791001710124267373,498,Density,<Substance C1CCOCC1{solv}{x=0.223900}|c1ccccc1{solv}{x=0.776100}>,C1CCOCC1,c1ccccc1,fb-fit-v1-single-mean-k100,3,0.8865646884783832,0.000216282208223,0.8761000000000002,0.0005
13204,2809,dens_1402061243325720407,499,Density,<Substance C1CCOCC1{solv}{x=0.743200}|c1ccccc1{solv}{x=0.256800}>,C1CCOCC1,c1ccccc1,fb-fit-v1-single-mean-k100,3,0.8796088460243837,0.0002593964974731,0.8789500000000002,0.000505
13205,2810,dhmix_1407142629314355761,500,EnthalpyOfMixing,<Substance C1CCOCC1{solv}{x=0.498200}|c1ccccc1{solv}{x=0.501800}>,C1CCOCC1,c1ccccc1,fb-fit-v1-single-mean-k100,3,-0.0106828493647981,0.0400025132664805,-0.2365,0.00265
13206,2811,dhmix_266800455813556356,501,EnthalpyOfMixing,<Substance CO{solv}{x=0.727200}|OCc1ccccc1{solv}{x=0.272800}>,CO,OCc1ccccc1,fb-fit-v1-single-mean-k100,3,0.0258218442007454,0.0329887137257971,-0.0792,0.001
13207,2812,dhmix_949671607207910651,502,EnthalpyOfMixing,<Substance CO{solv}{x=0.500500}|OCc1ccccc1{solv}{x=0.499500}>,CO,OCc1ccccc1,fb-fit-v1-single-mean-k100,3,-0.0327314822007238,0.0344574225324019,-0.1408,0.00165
13208,2813,dhmix_1388744759732522219,503,EnthalpyOfMixing,<Substance CO{solv}{x=0.200200}|OCc1ccccc1{solv}{x=0.799800}>,CO,OCc1ccccc1,fb-fit-v1-single-mean-k100,3,-0.258540713257311,0.0475741364333978,-0.1081,0.0013
13209,2814,dens_270046772857960816,504,Density,<Substance C1CCOCC1{solv}{x=0.732100}|Cc1ccccc1{solv}{x=0.267900}>,C1CCOCC1,Cc1ccccc1,fb-fit-v1-single-mean-k100,3,0.8756707767415134,0.0001768330994465,0.8754100000000001,0.000505
13210,2815,dens_324774743687652276,505,Density,<Substance C1CCOCC1{solv}{x=0.238700}|Cc1ccccc1{solv}{x=0.761300}>,C1CCOCC1,Cc1ccccc1,fb-fit-v1-single-mean-k100,3,0.8729800460799444,0.0002011247287446,0.8669900000000003,0.000505
13211,2816,dhmix_390107187187002597,506,EnthalpyOfMixing,<Substance C1CCOCC1{solv}{x=0.531900}|Cc1ccccc1{solv}{x=0.468100}>,C1CCOCC1,Cc1ccccc1,fb-fit-v1-single-mean-k100,3,-0.2255544434604672,0.0422403271811602,-0.2225,0.0025
13212,2817,dhmix_1070320975529400325,507,EnthalpyOfMixing,<Substance C1CCOCC1{solv}{x=0.280600}|Cc1ccccc1{solv}{x=0.719400}>,C1CCOCC1,Cc1ccccc1,fb-fit-v1-single-mean-k100,3,-0.2107299259626529,0.0415387917445877,-0.1687,0.00195
13213,2818,dens_1397318239527979287,508,Density,<Substance C1CCOCC1{solv}{x=0.491500}|Cc1ccccc1{solv}{x=0.508500}>,C1CCOCC1,Cc1ccccc1,fb-fit-v1-single-mean-k100,3,0.8743287871611427,0.0002429664215981,0.8715100000000002,0.000505
13214,2819,dhmix_1508130989501940613,509,EnthalpyOfMixing,<Substance C1CCOCC1{solv}{x=0.741300}|Cc1ccccc1{solv}{x=0.258700}>,C1CCOCC1,Cc1ccccc1,fb-fit-v1-single-mean-k100,3,-0.1358979852496702,0.0452827231478125,-0.1629,0.0019
13215,2820,dhmix_271732469428717581,510,EnthalpyOfMixing,<Substance COc1ccccc1{solv}{x=0.237400}|OCCCc1ccccc1{solv}{x=0.762600}>,COc1ccccc1,OCCCc1ccccc1,fb-fit-v1-single-mean-k100,3,0.2818471796741448,0.0622850674630383,0.6076,0.0066
13216,2821,dhmix_1174392275991455181,511,EnthalpyOfMixing,<Substance COc1ccccc1{solv}{x=0.554700}|OCCCc1ccccc1{solv}{x=0.445300}>,COc1ccccc1,OCCCc1ccccc1,fb-fit-v1-single-mean-k100,3,0.8431306270508401,0.0524354950863286,1.0293,0.01105
13217,2822,dhmix_1179341622676685107,512,EnthalpyOfMixing,<Substance COc1ccccc1{solv}{x=0.713600}|OCCCc1ccccc1{solv}{x=0.286400}>,COc1ccccc1,OCCCc1ccccc1,fb-fit-v1-single-mean-k100,3,1.0714465104858135,0.0484435730273047,1.1088,0.0119
13218,2823,dens_1468428612899754720,513,Density,<Substance COc1ccccc1{solv}{x=0.747700}|OCCCc1ccccc1{solv}{x=0.252300}>,COc1ccccc1,OCCCc1ccccc1,fb-fit-v1-single-mean-k100,3,0.9843818916271168,0.0001792220324956,0.9827800000000002,0.00026
13219,2824,dens_1534619098234859574,514,Density,<Substance COc1ccccc1{solv}{x=0.555100}|OCCCc1ccccc1{solv}{x=0.444900}>,COc1ccccc1,OCCCc1ccccc1,fb-fit-v1-single-mean-k100,3,0.9878015825025174,0.0001922008952095,0.9852700000000002,0.00026
13220,2825,dens_2298154173340539222,515,Density,<Substance COc1ccccc1{solv}{x=0.263600}|OCCCc1ccccc1{solv}{x=0.736400}>,COc1ccccc1,OCCCc1ccccc1,fb-fit-v1-single-mean-k100,3,0.9911356784214878,0.0001927968729178,0.9885500000000002,0.00026
13221,2826,dens_274848672468745759,516,Density,<Substance CCCCOC(C)=O{solv}{x=0.293400}|c1ccccc1{solv}{x=0.706600}>,CCCCOC(C)=O,c1ccccc1,fb-fit-v1-single-mean-k100,3,0.8870656479094752,0.0002104108522466,0.8736600000000002,0.00021
13222,2827,dens_493354132810710227,517,Density,<Substance CCCCOC(C)=O{solv}{x=0.710500}|c1ccccc1{solv}{x=0.289500}>,CCCCOC(C)=O,c1ccccc1,fb-fit-v1-single-mean-k100,3,0.8867483408153206,0.0002395342390992,0.8751500000000002,0.000335
13223,2828,dhmix_754807126845437364,518,EnthalpyOfMixing,<Substance CCCCOC(C)=O{solv}{x=0.495800}|c1ccccc1{solv}{x=0.504200}>,CCCCOC(C)=O,c1ccccc1,fb-fit-v1-single-mean-k100,3,0.0028193830627962,0.0426456364045563,-0.0245,0.001
13224,2829,dens_834118541551127044,519,Density,<Substance CCCCOC(C)=O{solv}{x=0.504400}|c1ccccc1{solv}{x=0.495600}>,CCCCOC(C)=O,c1ccccc1,fb-fit-v1-single-mean-k100,3,0.8865821556642249,0.0002038757099599,0.8744300000000002,0.000265
13225,2830,dhmix_1349932525480083284,520,EnthalpyOfMixing,<Substance CCCCOC(C)=O{solv}{x=0.252300}|c1ccccc1{solv}{x=0.747700}>,CCCCOC(C)=O,c1ccccc1,fb-fit-v1-single-mean-k100,3,-0.0762229076474625,0.0396091902053428,-0.014,0.0009
13226,2831,dhmix_1597992980658352112,521,EnthalpyOfMixing,<Substance CCCCOC(C)=O{solv}{x=0.771400}|c1ccccc1{solv}{x=0.228600}>,CCCCOC(C)=O,c1ccccc1,fb-fit-v1-single-mean-k100,3,0.0062603322448868,0.0497812862672256,-0.0245,0.001
13227,2832,dens_275501958869207518,522,Density,<Substance C1CCOCC1{solv}{x=0.226300}|Cc1ccccc1Cl{solv}{x=0.773700}>,C1CCOCC1,Cc1ccccc1Cl,fb-fit-v1-single-mean-k100,3,1.0518717470556562,0.0002174853372612,1.0396,0.0005
13228,2833,dhmix_818597523255588519,523,EnthalpyOfMixing,<Substance C1CCOCC1{solv}{x=0.753300}|Cc1ccccc1Cl{solv}{x=0.246700}>,C1CCOCC1,Cc1ccccc1Cl,fb-fit-v1-single-mean-k100,3,-0.3310570214676005,0.0440308024734279,-0.154,0.001
13229,2834,dhmix_849121557716978550,524,EnthalpyOfMixing,<Substance C1CCOCC1{solv}{x=0.517500}|Cc1ccccc1Cl{solv}{x=0.482500}>,C1CCOCC1,Cc1ccccc1Cl,fb-fit-v1-single-mean-k100,3,-0.4031561480335455,0.0402012730688906,-0.22,0.0015
13230,2835,dens_946978292781731327,525,Density,<Substance C1CCOCC1{solv}{x=0.478400}|Cc1ccccc1Cl{solv}{x=0.521600}>,C1CCOCC1,Cc1ccccc1Cl,fb-fit-v1-single-mean-k100,3,1.0010475215452252,0.000176965000917,0.9931600000000002,0.00051
13231,2836,dhmix_997266220336132741,526,EnthalpyOfMixing,<Substance C1CCOCC1{solv}{x=0.263200}|Cc1ccccc1Cl{solv}{x=0.736800}>,C1CCOCC1,Cc1ccccc1Cl,fb-fit-v1-single-mean-k100,3,-0.3229029918560115,0.0439794353375156,-0.175,0.001
13232,2837,dens_1191185394819541532,527,Density,<Substance C1CCOCC1{solv}{x=0.765800}|Cc1ccccc1Cl{solv}{x=0.234200}>,C1CCOCC1,Cc1ccccc1Cl,fb-fit-v1-single-mean-k100,3,0.9357330717739464,0.0002423104983736,0.9336500000000002,0.000505
13233,2838,dhmix_278334692660393021,528,EnthalpyOfMixing,<Substance CCCCCCC{solv}{x=0.205900}|CNc1ccccc1{solv}{x=0.794100}>,CCCCCCC,CNc1ccccc1,fb-fit-v1-single-mean-k100,3,1.5681585341931452,0.0483515281146207,1.126,0.012
13234,2839,dens_480658478095207102,529,Density,<Substance CCCCCCC{solv}{x=0.740500}|CNc1ccccc1{solv}{x=0.259500}>,CCCCCCC,CNc1ccccc1,fb-fit-v1-single-mean-k100,3,0.7426603510147217,0.0002014938799254,0.7424910000000001,0.00014
13235,2840,dhmix_898293423987680187,530,EnthalpyOfMixing,<Substance CCCCCCC{solv}{x=0.501700}|CNc1ccccc1{solv}{x=0.498300}>,CCCCCCC,CNc1ccccc1,fb-fit-v1-single-mean-k100,3,2.1572946601752108,0.0395157258199165,1.676,0.018
13236,2841,dens_1509968737377061562,531,Density,<Substance CCCCCCC{solv}{x=0.250900}|CNc1ccccc1{solv}{x=0.749100}>,CCCCCCC,CNc1ccccc1,fb-fit-v1-single-mean-k100,3,0.8980350769080606,0.0002153392087425,0.8897150000000003,0.0002615
13237,2842,dhmix_1680546488782143957,532,EnthalpyOfMixing,<Substance CCCCCCC{solv}{x=0.703200}|CNc1ccccc1{solv}{x=0.296800}>,CCCCCCC,CNc1ccccc1,fb-fit-v1-single-mean-k100,3,1.9534798560330555,0.0459604893460174,1.539,0.0165
13238,2843,dens_2074014246120135820,533,Density,<Substance CCCCCCC{solv}{x=0.497000}|CNc1ccccc1{solv}{x=0.503000}>,CCCCCCC,CNc1ccccc1,fb-fit-v1-single-mean-k100,3,0.8139907314606284,0.0002253772445669,0.8106920000000002,0.0001785
13239,2844,dens_296890921001565391,534,Density,<Substance CCCCN{solv}{x=0.755200}|CN(C)C=O{solv}{x=0.244800}>,CCCCN,CN(C)C=O,fb-fit-v1-single-mean-k100,3,0.7891073172759174,0.000240856688166,0.7762150000000002,0.000949
13240,2845,dens_380536870617309130,535,Density,<Substance CCCCN{solv}{x=0.242800}|CN(C)C=O{solv}{x=0.757200}>,CCCCN,CN(C)C=O,fb-fit-v1-single-mean-k100,3,0.878107254246106,0.0002113577798985,0.8845160000000002,0.0010795
13241,2846,dhmix_493117160214491795,536,EnthalpyOfMixing,<Substance CCCCN{solv}{x=0.244100}|CN(C)C=O{solv}{x=0.755900}>,CCCCN,CN(C)C=O,fb-fit-v1-single-mean-k100,3,0.2456819804557923,0.0381105519976582,0.245,0.008
13242,2847,dhmix_789225002934078019,537,EnthalpyOfMixing,<Substance CCCCN{solv}{x=0.750200}|CN(C)C=O{solv}{x=0.249800}>,CCCCN,CN(C)C=O,fb-fit-v1-single-mean-k100,3,0.2764965474764551,0.0446817753557191,0.32,0.01
13243,2848,dhmix_941321571782058819,538,EnthalpyOfMixing,<Substance CCCCN{solv}{x=0.499200}|CN(C)C=O{solv}{x=0.500800}>,CCCCN,CN(C)C=O,fb-fit-v1-single-mean-k100,3,0.2357048417165543,0.0386282279599116,0.384,0.0115
13244,2849,dens_2179361372918836941,539,Density,<Substance CCCCN{solv}{x=0.497200}|CN(C)C=O{solv}{x=0.502800}>,CCCCN,CN(C)C=O,fb-fit-v1-single-mean-k100,3,0.8327384520724863,0.0002042019900684,0.8277360000000001,0.001011
13245,2850,dens_300257448272323407,540,Density,<Substance CC(C)O{solv}{x=0.745200}|NCCN{solv}{x=0.254800}>,CC(C)O,NCCN,fb-fit-v1-single-mean-k100,3,0.843801673699713,0.0002868998351773,0.8163970000000003,0.0002325
13246,2851,dens_924750366683277351,541,Density,<Substance CC(C)O{solv}{x=0.203100}|NCCN{solv}{x=0.796900}>,CC(C)O,NCCN,fb-fit-v1-single-mean-k100,3,0.9520039055902086,0.0003020101372883,0.8736620000000003,0.0002225
13247,2852,dens_2284409308160572308,542,Density,<Substance CC(C)O{solv}{x=0.489100}|NCCN{solv}{x=0.510900}>,CC(C)O,NCCN,fb-fit-v1-single-mean-k100,3,0.8921115797826977,0.0003198464009527,0.8449250000000001,0.0002245
13248,2853,dens_305501840068636812,543,Density,<Substance CC(C)=O{solv}{x=0.750000}|CCO{solv}{x=0.250000}>,CC(C)=O,CCO,fb-fit-v1-single-mean-k100,3,0.7901427066185416,0.0002994485617259,0.7859000000000002,0.000115
13249,2854,dens_472577738907297293,544,Density,<Substance CC(C)=O{solv}{x=0.250000}|CCO{solv}{x=0.750000}>,CC(C)=O,CCO,fb-fit-v1-single-mean-k100,3,0.789482115407584,0.0003045468313533,0.7861600000000002,0.000115
13250,2855,dens_2271083741716457850,545,Density,<Substance CC(C)=O{solv}{x=0.499900}|CCO{solv}{x=0.500100}>,CC(C)=O,CCO,fb-fit-v1-single-mean-k100,3,0.7881768728604575,0.0002951161771309,0.7861900000000003,0.000115
13251,2856,dens_307445163336341047,546,Density,<Substance CN1CCCC1=O{solv}{x=0.703700}|ClCCCl{solv}{x=0.296300}>,CN1CCCC1=O,ClCCCl,fb-fit-v1-single-mean-k100,3,1.0766267206778803,0.0002634075908209,1.0851000000000002,0.0002
13252,2857,dhmix_453866769634566853,547,EnthalpyOfMixing,<Substance CN1CCCC1=O{solv}{x=0.253100}|ClCCCl{solv}{x=0.746900}>,CN1CCCC1=O,ClCCCl,fb-fit-v1-single-mean-k100,3,-0.4292639805916423,0.0290344810381345,-0.8118,0.01525
13253,2858,dhmix_536206650470008584,548,EnthalpyOfMixing,<Substance CN1CCCC1=O{solv}{x=0.500000}|ClCCCl{solv}{x=0.500000}>,CN1CCCC1=O,ClCCCl,fb-fit-v1-single-mean-k100,3,-0.4965625432599196,0.0362306030295933,-1.264,0.0055
13254,2859,dens_1046625605566999080,549,Density,<Substance CN1CCCC1=O{solv}{x=0.202500}|ClCCCl{solv}{x=0.797500}>,CN1CCCC1=O,ClCCCl,fb-fit-v1-single-mean-k100,3,1.1892957276625753,0.0004025440676653,1.1953000000000005,0.00025
13255,2860,dhmix_1620571823529677157,550,EnthalpyOfMixing,<Substance CN1CCCC1=O{solv}{x=0.736700}|ClCCCl{solv}{x=0.263300}>,CN1CCCC1=O,ClCCCl,fb-fit-v1-single-mean-k100,3,-0.2865104748799041,0.0391441623511982,-0.8587,0.01605
13256,2861,dens_2059567022041766694,551,Density,<Substance CN1CCCC1=O{solv}{x=0.497500}|ClCCCl{solv}{x=0.502500}>,CN1CCCC1=O,ClCCCl,fb-fit-v1-single-mean-k100,3,1.1235825136855078,0.0002741733529539,1.1283000000000003,0.0002
13257,2862,dens_313234519309892479,552,Density,<Substance CC(=O)N(C)C{solv}{x=0.293800}|CCCCCCCCCl{solv}{x=0.706200}>,CC(=O)N(C)C,CCCCCCCCCl,fb-fit-v1-single-mean-k100,3,0.8765061989309356,0.0002043315857828,0.8796000000000003,0.00045
13258,2863,dhmix_444785917463403590,553,EnthalpyOfMixing,<Substance CC(=O)N(C)C{solv}{x=0.703000}|CCCCCCCCCl{solv}{x=0.297000}>,CC(=O)N(C)C,CCCCCCCCCl,fb-fit-v1-single-mean-k100,3,0.8893712143956662,0.0447099201510647,0.751,0.004
13259,2864,dhmix_705168937124106402,554,EnthalpyOfMixing,<Substance CC(=O)N(C)C{solv}{x=0.215000}|CCCCCCCCCl{solv}{x=0.785000}>,CC(=O)N(C)C,CCCCCCCCCl,fb-fit-v1-single-mean-k100,3,0.6585198995002912,0.0465997371581778,0.519,0.0035
13260,2865,dens_1549584991651515376,555,Density,<Substance CC(=O)N(C)C{solv}{x=0.502200}|CCCCCCCCCl{solv}{x=0.497800}>,CC(=O)N(C)C,CCCCCCCCCl,fb-fit-v1-single-mean-k100,3,0.8821889271758716,0.0002116131213746,0.8902000000000002,0.0004
13261,2866,dhmix_1732161251827083272,556,EnthalpyOfMixing,<Substance CC(=O)N(C)C{solv}{x=0.508000}|CCCCCCCCCl{solv}{x=0.492000}>,CC(=O)N(C)C,CCCCCCCCCl,fb-fit-v1-single-mean-k100,3,1.0815196157669718,0.0472942843422103,0.829,0.004
13262,2867,dens_2189889607118243828,557,Density,<Substance CC(=O)N(C)C{solv}{x=0.700500}|CCCCCCCCCl{solv}{x=0.299500}>,CC(=O)N(C)C,CCCCCCCCCl,fb-fit-v1-single-mean-k100,3,0.890386808000009,0.0001923086902611,0.9041000000000002,0.00035
13263,2868,dens_314482396827660717,558,Density,<Substance BrCCBr{solv}{x=0.753700}|COC(C)=O{solv}{x=0.246300}>,BrCCBr,COC(C)=O,fb-fit-v1-single-mean-k100,3,1.8477073914578852,0.0006037964832158,1.8774400000000004,0.003355
13264,2869,dens_344993892965738820,559,Density,<Substance BrCCBr{solv}{x=0.275200}|COC(C)=O{solv}{x=0.724800}>,BrCCBr,COC(C)=O,fb-fit-v1-single-mean-k100,3,1.2909478780327035,0.0003895771943233,1.2862400000000005,0.001125
13265,2870,dhmix_545996968666061076,560,EnthalpyOfMixing,<Substance BrCCBr{solv}{x=0.720900}|COC(C)=O{solv}{x=0.279100}>,BrCCBr,COC(C)=O,fb-fit-v1-single-mean-k100,3,0.0773482207566669,0.0267882746895331,0.2594,0.0028
13266,2871,dens_714044009336077786,561,Density,<Substance BrCCBr{solv}{x=0.512100}|COC(C)=O{solv}{x=0.487900}>,BrCCBr,COC(C)=O,fb-fit-v1-single-mean-k100,3,1.57473025981533,0.0005205331358594,1.5834900000000005,0.0021
13267,2872,dhmix_1222511035002547253,562,EnthalpyOfMixing,<Substance BrCCBr{solv}{x=0.485500}|COC(C)=O{solv}{x=0.514500}>,BrCCBr,COC(C)=O,fb-fit-v1-single-mean-k100,3,0.2028245012990055,0.031378390927984,0.2577,0.00275
13268,2873,dhmix_1418101673429653456,563,EnthalpyOfMixing,<Substance BrCCBr{solv}{x=0.250800}|COC(C)=O{solv}{x=0.749200}>,BrCCBr,COC(C)=O,fb-fit-v1-single-mean-k100,3,0.1792345539653439,0.0363084402173074,0.1202,0.0017
13269,2874,dens_314934747194338330,564,Density,<Substance CC(C)CCl{solv}{x=0.513700}|CC(C)OC(C)C{solv}{x=0.486300}>,CC(C)CCl,CC(C)OC(C)C,fb-fit-v1-single-mean-k100,3,0.7947041473733623,0.0002611702299818,0.7878250000000002,0.000405
13270,2875,dhmix_355399496844187096,565,EnthalpyOfMixing,<Substance CC(C)CCl{solv}{x=0.545300}|CC(C)OC(C)C{solv}{x=0.454700}>,CC(C)CCl,CC(C)OC(C)C,fb-fit-v1-single-mean-k100,3,-0.1375256265870419,0.0389256440162675,-0.0957,0.0012
13271,2876,dens_688062365117407068,566,Density,<Substance CC(C)CCl{solv}{x=0.805900}|CC(C)OC(C)C{solv}{x=0.194100}>,CC(C)CCl,CC(C)OC(C)C,fb-fit-v1-single-mean-k100,3,0.8382993774537117,0.0003069779068238,0.8355300000000002,0.0003555
13272,2877,dhmix_1411881046585885461,567,EnthalpyOfMixing,<Substance CC(C)CCl{solv}{x=0.090700}|CC(C)OC(C)C{solv}{x=0.909300}>,CC(C)CCl,CC(C)OC(C)C,fb-fit-v1-single-mean-k100,3,-0.0359416254325246,0.0523852203172273,-0.0302,0.00055
13273,2878,dens_1762455266351712367,568,Density,<Substance CC(C)CCl{solv}{x=0.091000}|CC(C)OC(C)C{solv}{x=0.909000}>,CC(C)CCl,CC(C)OC(C)C,fb-fit-v1-single-mean-k100,3,0.7416096143151177,0.0002425086634163,0.7293950000000001,0.000464
13274,2879,dhmix_2302865667781063708,569,EnthalpyOfMixing,<Substance CC(C)CCl{solv}{x=0.727000}|CC(C)OC(C)C{solv}{x=0.273000}>,CC(C)CCl,CC(C)OC(C)C,fb-fit-v1-single-mean-k100,3,-0.1983065806237363,0.0412918475595484,-0.0791,0.001
13275,2880,dens_321327254341950207,570,Density,<Substance C1COCCO1{solv}{x=0.780300}|CCCCCC(C)=O{solv}{x=0.219700}>,C1COCCO1,CCCCCC(C)=O,fb-fit-v1-single-mean-k100,3,0.9603639377282526,0.0002177046077428,0.9576500000000002,0.0003
13276,2881,dens_377701756930918353,571,Density,<Substance C1COCCO1{solv}{x=0.500600}|CCCCCC(C)=O{solv}{x=0.499400}>,C1COCCO1,CCCCCC(C)=O,fb-fit-v1-single-mean-k100,3,0.8940145989290992,0.0002006381924846,0.8916700000000002,0.000345
13277,2882,dhmix_600625644134907580,572,EnthalpyOfMixing,<Substance C1COCCO1{solv}{x=0.500000}|CCCCCC(C)=O{solv}{x=0.500000}>,C1COCCO1,CCCCCC(C)=O,fb-fit-v1-single-mean-k100,3,0.5035938996390144,0.033772450651281,0.4509,0.002255
13278,2883,dens_1451069448215305244,573,Density,<Substance C1COCCO1{solv}{x=0.220300}|CCCCCC(C)=O{solv}{x=0.779700}>,C1COCCO1,CCCCCC(C)=O,fb-fit-v1-single-mean-k100,3,0.8441144187359445,0.000185801171254,0.8420800000000003,0.000385
13279,2884,dhmix_2028813035406256788,574,EnthalpyOfMixing,<Substance C1COCCO1{solv}{x=0.750000}|CCCCCC(C)=O{solv}{x=0.250000}>,C1COCCO1,CCCCCC(C)=O,fb-fit-v1-single-mean-k100,3,0.4678476123926458,0.0350409625222949,0.4064,0.00209
13280,2885,dhmix_2222211577832383320,575,EnthalpyOfMixing,<Substance C1COCCO1{solv}{x=0.250000}|CCCCCC(C)=O{solv}{x=0.750000}>,C1COCCO1,CCCCCC(C)=O,fb-fit-v1-single-mean-k100,3,0.3527905505948112,0.050012480830686,0.2911,0.00164
13281,2886,dhmix_325212618372456630,576,EnthalpyOfMixing,<Substance CCCCCCC{solv}{x=0.500000}|c1ccccc1{solv}{x=0.500000}>,CCCCCCC,c1ccccc1,fb-fit-v1-single-mean-k100,3,1.3543372207352036,0.0413023375410935,0.9235,0.0051
13282,2887,dhmix_409350268177199962,577,EnthalpyOfMixing,<Substance CCCCCCC{solv}{x=0.751900}|c1ccccc1{solv}{x=0.248100}>,CCCCCCC,c1ccccc1,fb-fit-v1-single-mean-k100,3,0.9276390951429648,0.0519151984847217,0.6047,0.0035
13283,2888,dens_1685942387769177799,578,Density,<Substance CCCCCCC{solv}{x=0.913667}|c1ccccc1{solv}{x=0.086333}>,CCCCCCC,c1ccccc1,fb-fit-v1-single-mean-k100,3,0.6875219000205613,0.0001847241634082,0.6892400000000002,0.000805
13284,2889,dens_2148382258223830900,579,Density,<Substance CCCCCCC{solv}{x=0.273700}|c1ccccc1{solv}{x=0.726300}>,CCCCCCC,c1ccccc1,fb-fit-v1-single-mean-k100,3,0.7948549706199358,0.0002470051800663,0.7855000000000002,0.00015
13285,2890,dens_2219829254239605828,580,Density,<Substance CCCCCCC{solv}{x=0.492200}|c1ccccc1{solv}{x=0.507800}>,CCCCCCC,c1ccccc1,fb-fit-v1-single-mean-k100,3,0.7452632584050383,0.0002017162920854,0.7409000000000001,0.00015
13286,2891,dhmix_2296565820723783732,581,EnthalpyOfMixing,<Substance CCCCCCC{solv}{x=0.242400}|c1ccccc1{solv}{x=0.757600}>,CCCCCCC,c1ccccc1,fb-fit-v1-single-mean-k100,3,1.254182900873701,0.04478503755284,0.7775,0.0044
13287,2892,dens_326446104630354701,582,Density,<Substance BrCCBr{solv}{x=0.728600}|CCC(=O)OC{solv}{x=0.271400}>,BrCCBr,CCC(=O)OC,fb-fit-v1-single-mean-k100,3,1.7685271989884763,0.0006190288928415,1.7949900000000003,0.00303
13288,2893,dens_886315086380393150,583,Density,<Substance BrCCBr{solv}{x=0.494400}|CCC(=O)OC{solv}{x=0.505600}>,BrCCBr,CCC(=O)OC,fb-fit-v1-single-mean-k100,3,1.4820074180936604,0.0005036199517201,1.4941800000000005,0.001825
13289,2894,dhmix_1410129135672303476,584,EnthalpyOfMixing,<Substance BrCCBr{solv}{x=0.491400}|CCC(=O)OC{solv}{x=0.508600}>,BrCCBr,CCC(=O)OC,fb-fit-v1-single-mean-k100,3,-0.0156651209804383,0.0354698621559741,0.0195,0.00185
13290,2895,dhmix_1551714230583118668,585,EnthalpyOfMixing,<Substance BrCCBr{solv}{x=0.755400}|CCC(=O)OC{solv}{x=0.244600}>,BrCCBr,CCC(=O)OC,fb-fit-v1-single-mean-k100,3,-0.1425587813910631,0.0303825434440008,0.09,0.00295
13291,2896,dhmix_1596310059176209101,586,EnthalpyOfMixing,<Substance BrCCBr{solv}{x=0.214800}|CCC(=O)OC{solv}{x=0.785200}>,BrCCBr,CCC(=O)OC,fb-fit-v1-single-mean-k100,3,0.0285384043761904,0.0369444342875715,-0.0281,0.002
13292,2897,dens_1860027304017736150,587,Density,<Substance BrCCBr{solv}{x=0.257000}|CCC(=O)OC{solv}{x=0.743000}>,BrCCBr,CCC(=O)OC,fb-fit-v1-single-mean-k100,3,1.204520841638825,0.0003492054500225,1.2059400000000002,0.000915
13293,2898,dhmix_334328961632702336,588,EnthalpyOfMixing,<Substance Cc1ccccc1N{solv}{x=0.492600}|Cc1cccnc1{solv}{x=0.507400}>,Cc1ccccc1N,Cc1cccnc1,fb-fit-v1-single-mean-k100,3,-1.50762618352294,0.0414486767957266,-1.4091,0.0287
13294,2899,dhmix_382843935535082222,589,EnthalpyOfMixing,<Substance Cc1ccccc1N{solv}{x=0.232300}|Cc1cccnc1{solv}{x=0.767700}>,Cc1ccccc1N,Cc1cccnc1,fb-fit-v1-single-mean-k100,3,-1.1487660602652523,0.0394829152923938,-1.1196,0.02285
13295,2900,dens_890019852111400701,590,Density,<Substance Cc1ccccc1N{solv}{x=0.533600}|Cc1cccnc1{solv}{x=0.466400}>,Cc1ccccc1N,Cc1cccnc1,fb-fit-v1-single-mean-k100,3,0.9905483282612556,0.0001864767611888,0.9795770000000004,0.0001185
13296,2901,dens_1033313642915027277,591,Density,<Substance Cc1ccccc1N{solv}{x=0.737200}|Cc1cccnc1{solv}{x=0.262800}>,Cc1ccccc1N,Cc1cccnc1,fb-fit-v1-single-mean-k100,3,1.0040986215654044,0.0002125602116526,0.9867010000000004,0.000118
13297,2902,dhmix_1057104304179164775,592,EnthalpyOfMixing,<Substance Cc1ccccc1N{solv}{x=0.778900}|Cc1cccnc1{solv}{x=0.221100}>,Cc1ccccc1N,Cc1cccnc1,fb-fit-v1-single-mean-k100,3,-0.7137793305613727,0.0561072355136271,-0.8735,0.01785
13298,2903,dens_1445313714023685702,593,Density,<Substance Cc1ccccc1N{solv}{x=0.246700}|Cc1cccnc1{solv}{x=0.753300}>,Cc1ccccc1N,Cc1cccnc1,fb-fit-v1-single-mean-k100,3,0.970051121191536,0.0002041796902412,0.9668750000000004,0.00012
13299,2904,dens_335631113096608920,594,Density,<Substance CCC(C)=O{solv}{x=0.501800}|CCCCNCCCC{solv}{x=0.498200}>,CCC(C)=O,CCCCNCCCC,fb-fit-v1-single-mean-k100,3,0.7740543371747977,0.0002130370309727,0.7693960000000002,9.950000000000003e-05
13300,2905,dhmix_551451232292287572,595,EnthalpyOfMixing,<Substance CCC(C)=O{solv}{x=0.215400}|CCCCNCCCC{solv}{x=0.784600}>,CCC(C)=O,CCCCNCCCC,fb-fit-v1-single-mean-k100,3,0.1358440543409784,0.0530614797993303,0.417,0.0045
13301,2906,dens_800787154192710377,596,Density,<Substance CCC(C)=O{solv}{x=0.260300}|CCCCNCCCC{solv}{x=0.739700}>,CCC(C)=O,CCCCNCCCC,fb-fit-v1-single-mean-k100,3,0.7674841596632754,0.0002053796860294,0.7614750000000002,0.0001005
13302,2907,dhmix_1210431916849512476,597,EnthalpyOfMixing,<Substance CCC(C)=O{solv}{x=0.504400}|CCCCNCCCC{solv}{x=0.495600}>,CCC(C)=O,CCCCNCCCC,fb-fit-v1-single-mean-k100,3,0.1036059833062168,0.0504863686563863,0.619,0.0065
13303,2908,dhmix_1503682496766473076,598,EnthalpyOfMixing,<Substance CCC(C)=O{solv}{x=0.792200}|CCCCNCCCC{solv}{x=0.207800}>,CCC(C)=O,CCCCNCCCC,fb-fit-v1-single-mean-k100,3,0.0780186963788871,0.0447091532041596,0.425,0.0045
13304,2909,dens_2232561341275312196,599,Density,<Substance CCC(C)=O{solv}{x=0.747300}|CCCCNCCCC{solv}{x=0.252700}>,CCC(C)=O,CCCCNCCCC,fb-fit-v1-single-mean-k100,3,0.782494636579648,0.000226480852776,0.7810500000000001,9.750000000000004e-05
13305,2910,dhmix_335934546122425398,600,EnthalpyOfMixing,<Substance C1CCOCC1{solv}{x=0.550000}|O=C1CCCC1{solv}{x=0.450000}>,C1CCOCC1,O=C1CCCC1,fb-fit-v1-single-mean-k100,3,0.0722386417786964,0.0363465802920745,0.15813,0.001
13306,2911,dhmix_337659115721770978,601,EnthalpyOfMixing,<Substance C1CCOCC1{solv}{x=0.250000}|O=C1CCCC1{solv}{x=0.750000}>,C1CCOCC1,O=C1CCCC1,fb-fit-v1-single-mean-k100,3,0.0225233940694167,0.0419933016889222,0.11325,0.00084
13307,2912,dens_579415285212890284,602,Density,<Substance C1CCOCC1{solv}{x=0.708000}|O=C1CCCC1{solv}{x=0.292000}>,C1CCOCC1,O=C1CCCC1,fb-fit-v1-single-mean-k100,3,0.8939712291987099,0.0002499991420969,0.8972200000000002,0.00023
13308,2913,dens_788777315764582180,603,Density,<Substance C1CCOCC1{solv}{x=0.549800}|O=C1CCCC1{solv}{x=0.450200}>,C1CCOCC1,O=C1CCCC1,fb-fit-v1-single-mean-k100,3,0.9036087730087928,0.0002533670466931,0.9073000000000002,0.000235
13309,2914,dens_1539654406736576807,604,Density,<Substance C1CCOCC1{solv}{x=0.235400}|O=C1CCCC1{solv}{x=0.764600}>,C1CCOCC1,O=C1CCCC1,fb-fit-v1-single-mean-k100,3,0.923058688773894,0.0002349973551997,0.9281000000000004,0.00024
13310,2915,dhmix_1706969020375394315,605,EnthalpyOfMixing,<Substance C1CCOCC1{solv}{x=0.750000}|O=C1CCCC1{solv}{x=0.250000}>,C1CCOCC1,O=C1CCCC1,fb-fit-v1-single-mean-k100,3,0.0561847095232508,0.0413066298598198,0.12811,0.000895
13311,2916,dens_337077748334497354,606,Density,<Substance CN1CCCCC1{solv}{x=0.245200}|O{solv}{x=0.754800}>,CN1CCCCC1,O,fb-fit-v1-single-mean-k100,3,0.9023502423663669,0.0003558594662241,0.9038110000000004,9.700000000000004e-05
13312,2917,dens_1619467922469494964,607,Density,<Substance CN1CCCCC1{solv}{x=0.790700}|O{solv}{x=0.209300}>,CN1CCCCC1,O,fb-fit-v1-single-mean-k100,3,0.8563246579849855,0.0001807372640591,0.8260470000000002,0.000108
13313,2918,dens_1725290505257505407,608,Density,<Substance CN1CCCCC1{solv}{x=0.505000}|O{solv}{x=0.495000}>,CN1CCCCC1,O,fb-fit-v1-single-mean-k100,3,0.8750683901010179,0.0002068070557796,0.8581580000000002,9.450000000000002e-05
13314,2919,dhmix_344305070199657817,609,EnthalpyOfMixing,<Substance CC(C)CC(C)(C)C{solv}{x=0.200300}|CCCO{solv}{x=0.799700}>,CC(C)CC(C)(C)C,CCCO,fb-fit-v1-single-mean-k100,3,0.3171799089236415,0.0419026312504016,0.308,0.0055
13315,2920,dens_1020839744665732433,610,Density,<Substance CC(C)CC(C)(C)C{solv}{x=0.200100}|CCCO{solv}{x=0.799900}>,CC(C)CC(C)(C)C,CCCO,fb-fit-v1-single-mean-k100,3,0.7682112562225875,0.0002327398150398,0.7589500000000002,0.00029
13316,2921,dens_1348847431810734601,611,Density,<Substance CC(C)CC(C)(C)C{solv}{x=0.700000}|CCCO{solv}{x=0.300000}>,CC(C)CC(C)(C)C,CCCO,fb-fit-v1-single-mean-k100,3,0.7266797004636656,0.0001844758895471,0.7046500000000001,0.00028
13317,2922,dhmix_1376194238727172922,612,EnthalpyOfMixing,<Substance CC(C)CC(C)(C)C{solv}{x=0.499800}|CCCO{solv}{x=0.500200}>,CC(C)CC(C)(C)C,CCCO,fb-fit-v1-single-mean-k100,3,0.6390980471211094,0.0453077487978541,0.6025,0.0027
13318,2923,dhmix_1868873434415785592,613,EnthalpyOfMixing,<Substance CC(C)CC(C)(C)C{solv}{x=0.699900}|CCCO{solv}{x=0.300100}>,CC(C)CC(C)(C)C,CCCO,fb-fit-v1-single-mean-k100,3,0.6579072659805547,0.0429066231483678,0.6544,0.0029
13319,2924,dens_1870552320710773195,614,Density,<Substance CC(C)CC(C)(C)C{solv}{x=0.500000}|CCCO{solv}{x=0.500000}>,CC(C)CC(C)(C)C,CCCO,fb-fit-v1-single-mean-k100,3,0.7400305001182971,0.0002010586510705,0.7214400000000002,0.00028
13320,2925,dens_344701479262570906,615,Density,<Substance C1CCOCC1{solv}{x=0.246100}|Cc1cccnc1{solv}{x=0.753900}>,C1CCOCC1,Cc1cccnc1,fb-fit-v1-single-mean-k100,3,0.932044086166533,0.0002386453958046,0.9348570000000002,0.0004915
13321,2926,dhmix_772935681699310364,616,EnthalpyOfMixing,<Substance C1CCOCC1{solv}{x=0.480300}|Cc1cccnc1{solv}{x=0.519700}>,C1CCOCC1,Cc1cccnc1,fb-fit-v1-single-mean-k100,3,0.0009579648935229,0.0398454188381872,0.1271,0.00115
13322,2927,dens_1179184695460672925,617,Density,<Substance C1CCOCC1{solv}{x=0.756800}|Cc1cccnc1{solv}{x=0.243200}>,C1CCOCC1,Cc1cccnc1,fb-fit-v1-single-mean-k100,3,0.8951947764743531,0.0002404223408851,0.8976640000000002,0.0004655
13323,2928,dens_1273033541520518804,618,Density,<Substance C1CCOCC1{solv}{x=0.482700}|Cc1cccnc1{solv}{x=0.517300}>,C1CCOCC1,Cc1cccnc1,fb-fit-v1-single-mean-k100,3,0.9150088038683414,0.0002251417963454,0.9179640000000002,0.00048
13324,2929,dhmix_1594947441282636711,619,EnthalpyOfMixing,<Substance C1CCOCC1{solv}{x=0.735500}|Cc1cccnc1{solv}{x=0.264500}>,C1CCOCC1,Cc1cccnc1,fb-fit-v1-single-mean-k100,3,0.0030923476204165,0.0398526666398155,0.0924,0.00095
13325,2930,dhmix_2075643137470349800,620,EnthalpyOfMixing,<Substance C1CCOCC1{solv}{x=0.273200}|Cc1cccnc1{solv}{x=0.726800}>,C1CCOCC1,Cc1cccnc1,fb-fit-v1-single-mean-k100,3,0.0231971190468911,0.0407292002395072,0.1036,0.001
13326,2931,dhmix_346841872844739570,621,EnthalpyOfMixing,<Substance CC#N{solv}{x=0.700700}|CCOC(C)(C)C{solv}{x=0.299300}>,CC#N,CCOC(C)(C)C,fb-fit-v1-single-mean-k100,3,0.174407642531591,0.0344596628787855,0.6176,0.0084
13327,2932,dhmix_840136828933604757,622,EnthalpyOfMixing,<Substance CC#N{solv}{x=0.199000}|CCOC(C)(C)C{solv}{x=0.801000}>,CC#N,CCOC(C)(C)C,fb-fit-v1-single-mean-k100,3,0.1678947595798186,0.0481797053534239,0.4418,0.006
13328,2933,dhmix_1934525864391020215,623,EnthalpyOfMixing,<Substance CC#N{solv}{x=0.501600}|CCOC(C)(C)C{solv}{x=0.498400}>,CC#N,CCOC(C)(C)C,fb-fit-v1-single-mean-k100,3,0.1596808730550893,0.0368177855030416,0.7098,0.00965
13329,2934,dens_1954735606040559695,624,Density,<Substance CC#N{solv}{x=0.700700}|CCOC(C)(C)C{solv}{x=0.299300}>,CC#N,CCOC(C)(C)C,fb-fit-v1-single-mean-k100,3,0.7633772849290976,0.0002590894857947,0.7595000000000002,0.00045
13330,2935,dens_2173310521496796694,625,Density,<Substance CC#N{solv}{x=0.501600}|CCOC(C)(C)C{solv}{x=0.498400}>,CC#N,CCOC(C)(C)C,fb-fit-v1-single-mean-k100,3,0.7587496520901722,0.0002460805184015,0.7510000000000002,0.00035
13331,2936,dens_2235331649530959984,626,Density,<Substance CC#N{solv}{x=0.199000}|CCOC(C)(C)C{solv}{x=0.801000}>,CC#N,CCOC(C)(C)C,fb-fit-v1-single-mean-k100,3,0.7519602037672558,0.0002236334098068,0.7408000000000001,0.00015
13332,2937,dhmix_355078149157572999,627,EnthalpyOfMixing,<Substance OCCOCCO{solv}{x=0.790600}|O{solv}{x=0.209400}>,O,OCCOCCO,fb-fit-v1-single-mean-k100,3,-0.7439358966414744,0.0384451924167315,-0.521,0.003
13333,2938,dhmix_514261244195159379,628,EnthalpyOfMixing,<Substance OCCOCCO{solv}{x=0.300400}|O{solv}{x=0.699600}>,O,OCCOCCO,fb-fit-v1-single-mean-k100,3,-0.7650423282802254,0.0314335915354527,-1.245,0.0065
13334,2939,dhmix_1512634639127890343,629,EnthalpyOfMixing,<Substance OCCOCCO{solv}{x=0.501000}|O{solv}{x=0.499000}>,O,OCCOCCO,fb-fit-v1-single-mean-k100,3,-0.836952538132465,0.0378602576981704,-1.149,0.0065
13335,2940,dens_1532732041743097130,630,Density,<Substance OCCOCCO{solv}{x=0.500600}|O{solv}{x=0.499400}>,O,OCCOCCO,fb-fit-v1-single-mean-k100,3,1.1125230324154527,0.0002576691418603,1.1070700000000002,0.00026
13336,2941,dens_1948924545926470959,631,Density,<Substance OCCOCCO{solv}{x=0.700300}|O{solv}{x=0.299700}>,O,OCCOCCO,fb-fit-v1-single-mean-k100,3,1.1217404218704152,0.000421145076978,1.1111900000000003,0.000285
13337,2942,dens_2114974877291939954,632,Density,<Substance OCCOCCO{solv}{x=0.301000}|O{solv}{x=0.699000}>,O,OCCOCCO,fb-fit-v1-single-mean-k100,3,1.0935943639347625,0.0002928935516299,1.0958900000000005,0.000305
13338,2943,dhmix_355690558520209737,633,EnthalpyOfMixing,<Substance CC(C)CC(C)(C)C{solv}{x=0.774800}|CC(C)OC(C)C{solv}{x=0.225200}>,CC(C)CC(C)(C)C,CC(C)OC(C)C,fb-fit-v1-single-mean-k100,3,0.2883424243030958,0.0482244933172723,0.132161,0.001556
13339,2944,dens_706481868145479619,634,Density,<Substance CC(C)CC(C)(C)C{solv}{x=0.250000}|CC(C)OC(C)C{solv}{x=0.750000}>,CC(C)CC(C)(C)C,CC(C)OC(C)C,fb-fit-v1-single-mean-k100,3,0.7255628000547015,0.0002040643439356,0.7090800000000002,0.000155
13340,2945,dens_960755156711549154,635,Density,<Substance CC(C)CC(C)(C)C{solv}{x=0.750000}|CC(C)OC(C)C{solv}{x=0.250000}>,CC(C)CC(C)(C)C,CC(C)OC(C)C,fb-fit-v1-single-mean-k100,3,0.7169980836914113,0.0001808090756322,0.6937500000000002,0.000155
13341,2946,dens_1165117582450092341,636,Density,<Substance CC(C)CC(C)(C)C{solv}{x=0.500900}|CC(C)OC(C)C{solv}{x=0.499100}>,CC(C)CC(C)(C)C,CC(C)OC(C)C,fb-fit-v1-single-mean-k100,3,0.7207014389761374,0.0002221999568246,0.7005900000000002,0.000105
13342,2947,dhmix_1819714300540494359,637,EnthalpyOfMixing,<Substance CC(C)CC(C)(C)C{solv}{x=0.512500}|CC(C)OC(C)C{solv}{x=0.487500}>,CC(C)CC(C)(C)C,CC(C)OC(C)C,fb-fit-v1-single-mean-k100,3,0.4747565098826669,0.0478690367885439,0.197047,0.002233
13343,2948,dhmix_2031984064821599856,638,EnthalpyOfMixing,<Substance CC(C)CC(C)(C)C{solv}{x=0.269300}|CC(C)OC(C)C{solv}{x=0.730700}>,CC(C)CC(C)(C)C,CC(C)OC(C)C,fb-fit-v1-single-mean-k100,3,0.3215537749494075,0.042008316097174,0.158983,0.0018345
13344,2949,dens_357198687829738077,639,Density,<Substance C1CCOCC1{solv}{x=0.223500}|CCCCCC(C)=O{solv}{x=0.776500}>,C1CCOCC1,CCCCCC(C)=O,fb-fit-v1-single-mean-k100,3,0.8225961358528556,0.000203112577069,0.8221200000000002,0.000375
13345,2950,dens_1074719884132299485,640,Density,<Substance C1CCOCC1{solv}{x=0.516600}|CCCCCC(C)=O{solv}{x=0.483400}>,C1CCOCC1,CCCCCC(C)=O,fb-fit-v1-single-mean-k100,3,0.8387533685379155,0.0002065227437887,0.8396100000000002,0.00032
13346,2951,dens_1427208283653313137,641,Density,<Substance C1CCOCC1{solv}{x=0.710100}|CCCCCC(C)=O{solv}{x=0.289900}>,C1CCOCC1,CCCCCC(C)=O,fb-fit-v1-single-mean-k100,3,0.851633113895724,0.0002047739304452,0.8534200000000002,0.000285
13347,2952,dhmix_1485904869507380555,642,EnthalpyOfMixing,<Substance C1CCOCC1{solv}{x=0.500000}|CCCCCC(C)=O{solv}{x=0.500000}>,C1CCOCC1,CCCCCC(C)=O,fb-fit-v1-single-mean-k100,3,0.281310178166855,0.0459667736456939,0.05773,0.000615
13348,2953,dhmix_1931504734279468677,643,EnthalpyOfMixing,<Substance C1CCOCC1{solv}{x=0.250000}|CCCCCC(C)=O{solv}{x=0.750000}>,C1CCOCC1,CCCCCC(C)=O,fb-fit-v1-single-mean-k100,3,0.0449374556834101,0.0474309823479858,0.03429,0.00053
13349,2954,dhmix_2296263041755700053,644,EnthalpyOfMixing,<Substance C1CCOCC1{solv}{x=0.750000}|CCCCCC(C)=O{solv}{x=0.250000}>,C1CCOCC1,CCCCCC(C)=O,fb-fit-v1-single-mean-k100,3,0.1827428255109779,0.0455423575997132,0.05587,0.00061
13350,2955,dhmix_357499987240135169,645,EnthalpyOfMixing,<Substance CCCCC{solv}{x=0.772700}|CCCCOC=O{solv}{x=0.227300}>,CCCCC,CCCCOC=O,fb-fit-v1-single-mean-k100,3,1.0860890184025322,0.0437593920561374,0.87,0.004
13351,2956,dens_435201289177646286,646,Density,<Substance CCCCC{solv}{x=0.504200}|CCCCOC=O{solv}{x=0.495800}>,CCCCC,CCCCOC=O,fb-fit-v1-single-mean-k100,3,0.757859452710749,0.0002279902083044,0.7523000000000001,0.00024
13352,2957,dens_635752291929824010,647,Density,<Substance CCCCC{solv}{x=0.699000}|CCCCOC=O{solv}{x=0.301000}>,CCCCC,CCCCOC=O,fb-fit-v1-single-mean-k100,3,0.7004885124366657,0.0002792359770876,0.6994600000000002,0.00018
13353,2958,dhmix_869493303716364153,648,EnthalpyOfMixing,<Substance CCCCC{solv}{x=0.490500}|CCCCOC=O{solv}{x=0.509500}>,CCCCC,CCCCOC=O,fb-fit-v1-single-mean-k100,3,1.2941605874787712,0.0341492974569141,0.959,0.004
13354,2959,dhmix_1188548276416925178,649,EnthalpyOfMixing,<Substance CCCCC{solv}{x=0.246000}|CCCCOC=O{solv}{x=0.754000}>,CCCCC,CCCCOC=O,fb-fit-v1-single-mean-k100,3,0.8292917131578221,0.0453413376066488,0.632,0.003
13355,2960,dens_1944800378076074966,650,Density,<Substance CCCCC{solv}{x=0.247100}|CCCCOC=O{solv}{x=0.752900}>,CCCCC,CCCCOC=O,fb-fit-v1-single-mean-k100,3,0.8342222332071041,0.0002321709971662,0.8221800000000001,0.000375
13356,2961,dhmix_357740737126275220,651,EnthalpyOfMixing,<Substance CC(=O)N(C)C{solv}{x=0.212000}|CCCCCl{solv}{x=0.788000}>,CC(=O)N(C)C,CCCCCl,fb-fit-v1-single-mean-k100,3,0.3868033713718262,0.040508665928725,0.244,0.0025
13357,2962,dens_563556088097831353,652,Density,<Substance CC(=O)N(C)C{solv}{x=0.499000}|CCCCCl{solv}{x=0.501000}>,CC(=O)N(C)C,CCCCCl,fb-fit-v1-single-mean-k100,3,0.8914298887206653,0.0002681385929398,0.9081000000000002,0.0002
13358,2963,dens_1083232356130752567,653,Density,<Substance CC(=O)N(C)C{solv}{x=0.799700}|CCCCCl{solv}{x=0.200300}>,CC(=O)N(C)C,CCCCCl,fb-fit-v1-single-mean-k100,3,0.9024607240926452,0.0001716692639737,0.9247000000000004,0.0002
13359,2964,dhmix_1487887746912587509,654,EnthalpyOfMixing,<Substance CC(=O)N(C)C{solv}{x=0.708000}|CCCCCl{solv}{x=0.292000}>,CC(=O)N(C)C,CCCCCl,fb-fit-v1-single-mean-k100,3,0.4802710398586187,0.0414466890249274,0.305,0.0025
13360,2965,dens_1662749398344255132,655,Density,<Substance CC(=O)N(C)C{solv}{x=0.210500}|CCCCCl{solv}{x=0.789500}>,CC(=O)N(C)C,CCCCCl,fb-fit-v1-single-mean-k100,3,0.8776789263486202,0.0002891263014904,0.8918000000000001,0.0002
13361,2966,dhmix_2085343422065298965,656,EnthalpyOfMixing,<Substance CC(=O)N(C)C{solv}{x=0.511000}|CCCCCl{solv}{x=0.489000}>,CC(=O)N(C)C,CCCCCl,fb-fit-v1-single-mean-k100,3,0.6709219433460589,0.0300165108437056,0.363,0.0025
13362,2967,dhmix_359626193748497849,657,EnthalpyOfMixing,<Substance C1CCOCC1{solv}{x=0.750000}|O=C1CCCCC1{solv}{x=0.250000}>,C1CCOCC1,O=C1CCCCC1,fb-fit-v1-single-mean-k100,3,0.0167408679573455,0.0405260169408425,0.07698,0.00069
13363,2968,dhmix_709905971434026360,658,EnthalpyOfMixing,<Substance C1CCOCC1{solv}{x=0.250000}|O=C1CCCCC1{solv}{x=0.750000}>,C1CCOCC1,O=C1CCCCC1,fb-fit-v1-single-mean-k100,3,0.0659851246479377,0.0446927824991619,0.05827,0.00062
13364,2969,dens_996263306280392228,659,Density,<Substance C1CCOCC1{solv}{x=0.500900}|O=C1CCCCC1{solv}{x=0.499100}>,C1CCOCC1,O=C1CCCCC1,fb-fit-v1-single-mean-k100,3,0.9095539386596404,0.0002415471881772,0.9160300000000002,0.000505
13365,2970,dens_1296485655493191092,660,Density,<Substance C1CCOCC1{solv}{x=0.247100}|O=C1CCCCC1{solv}{x=0.752900}>,C1CCOCC1,O=C1CCCCC1,fb-fit-v1-single-mean-k100,3,0.9250363857932562,0.0002118950356958,0.9305900000000004,0.000505
13366,2971,dhmix_1617652800437548554,661,EnthalpyOfMixing,<Substance C1CCOCC1{solv}{x=0.500000}|O=C1CCCCC1{solv}{x=0.500000}>,C1CCOCC1,O=C1CCCCC1,fb-fit-v1-single-mean-k100,3,0.0856232111743082,0.0432638865704394,0.08658,0.000725
13367,2972,dens_2134919398794801459,662,Density,<Substance C1CCOCC1{solv}{x=0.738900}|O=C1CCCCC1{solv}{x=0.261100}>,C1CCOCC1,O=C1CCCCC1,fb-fit-v1-single-mean-k100,3,0.8944850098214483,0.0002336257362531,0.9000800000000002,0.000505
13368,2973,dens_371429494256072686,663,Density,<Substance COC=O{solv}{x=0.513800}|ClCCCCl{solv}{x=0.486200}>,COC=O,ClCCCCl,fb-fit-v1-single-mean-k100,3,1.0989321007274202,0.0003553264165811,1.08831,0.00025
13369,2974,dens_416463243686186519,664,Density,<Substance COC=O{solv}{x=0.738400}|ClCCCCl{solv}{x=0.261600}>,COC=O,ClCCCCl,fb-fit-v1-single-mean-k100,3,1.0605473895299138,0.0003337365644417,1.03754,0.0002
13370,2975,dhmix_573570621261992547,665,EnthalpyOfMixing,<Substance COC=O{solv}{x=0.767400}|ClCCCCl{solv}{x=0.232600}>,COC=O,ClCCCCl,fb-fit-v1-single-mean-k100,3,0.6150606228529023,0.0323538617776559,0.2841,0.0015
13371,2976,dens_1665007650151393058,666,Density,<Substance COC=O{solv}{x=0.244000}|ClCCCCl{solv}{x=0.756000}>,COC=O,ClCCCCl,fb-fit-v1-single-mean-k100,3,1.1384555385816095,0.0003950713843582,1.1395000000000002,0.0003
13372,2977,dhmix_2050640017895200777,667,EnthalpyOfMixing,<Substance COC=O{solv}{x=0.502400}|ClCCCCl{solv}{x=0.497600}>,COC=O,ClCCCCl,fb-fit-v1-single-mean-k100,3,0.7441774851619964,0.0321603248123152,0.3503,0.00175
13373,2978,dhmix_2121310957223924646,668,EnthalpyOfMixing,<Substance COC=O{solv}{x=0.202400}|ClCCCCl{solv}{x=0.797600}>,COC=O,ClCCCCl,fb-fit-v1-single-mean-k100,3,0.5395785781581566,0.039713045862638,0.2064,0.0012
13374,2979,dens_380799246642881225,669,Density,<Substance Cc1ccncc1{solv}{x=0.500000}|O{solv}{x=0.500000}>,Cc1ccncc1,O,fb-fit-v1-single-mean-k100,3,0.9553726457655712,0.0003062784740834,0.9704000000000004,0.0005
13375,2980,dens_1024460369591354985,670,Density,<Substance Cc1ccncc1{solv}{x=0.225000}|O{solv}{x=0.775000}>,Cc1ccncc1,O,fb-fit-v1-single-mean-k100,3,0.9617129276301988,0.0004010103902076,0.9848000000000002,0.0004
13376,2981,dens_1867704914487230306,671,Density,<Substance Cc1ccncc1{solv}{x=0.750000}|O{solv}{x=0.250000}>,Cc1ccncc1,O,fb-fit-v1-single-mean-k100,3,0.9530709171082592,0.0002154174285947,0.9614000000000004,0.0004
13377,2982,dhmix_396839331496923568,672,EnthalpyOfMixing,<Substance CCCOC(=O)CC{solv}{x=0.237600}|ClCCCl{solv}{x=0.762400}>,CCCOC(=O)CC,ClCCCl,fb-fit-v1-single-mean-k100,3,-0.2968734251742866,0.0346240934023065,-0.317,0.0035
13378,2983,dens_1025242301432619836,673,Density,<Substance CCCOC(=O)CC{solv}{x=0.518800}|ClCCCl{solv}{x=0.481200}>,CCCOC(=O)CC,ClCCCl,fb-fit-v1-single-mean-k100,3,1.008587218371398,0.000274613887889,1.0064000000000002,0.000905
13379,2984,dens_1654149510571748883,674,Density,<Substance CCCOC(=O)CC{solv}{x=0.731600}|ClCCCl{solv}{x=0.268400}>,CCCOC(=O)CC,ClCCCl,fb-fit-v1-single-mean-k100,3,0.9455292667869318,0.0002648334698648,0.9416300000000002,0.00041
13380,2985,dens_1804016971158746429,675,Density,<Substance CCCOC(=O)CC{solv}{x=0.243700}|ClCCCl{solv}{x=0.756300}>,CCCOC(=O)CC,ClCCCl,fb-fit-v1-single-mean-k100,3,1.109716113418172,0.0003726147078653,1.11431,0.002155
13381,2986,dhmix_1840109043188951916,676,EnthalpyOfMixing,<Substance CCCOC(=O)CC{solv}{x=0.517700}|ClCCCl{solv}{x=0.482300}>,CCCOC(=O)CC,ClCCCl,fb-fit-v1-single-mean-k100,3,-0.4850163801202711,0.0410504696640105,-0.557,0.006
13382,2987,dhmix_1924188358781329171,677,EnthalpyOfMixing,<Substance CCCOC(=O)CC{solv}{x=0.787400}|ClCCCl{solv}{x=0.212600}>,CCCOC(=O)CC,ClCCCl,fb-fit-v1-single-mean-k100,3,-0.283829479529615,0.0494418918478873,-0.357,0.004
13383,2988,dhmix_408170436877433675,678,EnthalpyOfMixing,<Substance CCCCC{solv}{x=0.229800}|CCOC=O{solv}{x=0.770200}>,CCCCC,CCOC=O,fb-fit-v1-single-mean-k100,3,1.2163759733712425,0.0445124173633782,1.016,0.0045
13384,2989,dens_1159257310358090227,679,Density,<Substance CCCCC{solv}{x=0.748000}|CCOC=O{solv}{x=0.252000}>,CCCCC,CCOC=O,fb-fit-v1-single-mean-k100,3,0.6713097880926742,0.000271951152184,0.6707000000000002,0.000165
13385,2990,dhmix_1897634982824334825,680,EnthalpyOfMixing,<Substance CCCCC{solv}{x=0.500100}|CCOC=O{solv}{x=0.499900}>,CCCCC,CCOC=O,fb-fit-v1-single-mean-k100,3,1.7565540263417745,0.0398496666792225,1.354,0.0055
13386,2991,dens_1931965346092446599,681,Density,<Substance CCCCC{solv}{x=0.504000}|CCOC=O{solv}{x=0.496000}>,CCCCC,CCOC=O,fb-fit-v1-single-mean-k100,3,0.7434694474752305,0.0002426979058268,0.7333000000000002,0.00024
13387,2992,dens_2086304425324215507,682,Density,<Substance CCCCC{solv}{x=0.298000}|CCOC=O{solv}{x=0.702000}>,CCCCC,CCOC=O,fb-fit-v1-single-mean-k100,3,0.8171014196175609,0.0002582017359752,0.7971000000000003,0.000345
13388,2993,dhmix_2117998354372981576,683,EnthalpyOfMixing,<Substance CCCCC{solv}{x=0.777900}|CCOC=O{solv}{x=0.222100}>,CCCCC,CCOC=O,fb-fit-v1-single-mean-k100,3,1.39468360605305,0.0432308353442692,1.051,0.0045
13389,2994,dens_415189671276159712,684,Density,<Substance NCCO{solv}{x=0.785350}|c1ccncc1{solv}{x=0.214650}>,NCCO,c1ccncc1,fb-fit-v1-single-mean-k100,3,1.0385431696945886,0.0002798114651259,1.002592,0.000101
13390,2995,dhmix_607563797490786343,685,EnthalpyOfMixing,<Substance NCCO{solv}{x=0.559360}|c1ccncc1{solv}{x=0.440640}>,NCCO,c1ccncc1,fb-fit-v1-single-mean-k100,3,0.8719777317530131,0.0371903603507303,0.824,0.0035
13391,2996,dhmix_783614050589043390,686,EnthalpyOfMixing,<Substance NCCO{solv}{x=0.248120}|c1ccncc1{solv}{x=0.751880}>,NCCO,c1ccncc1,fb-fit-v1-single-mean-k100,3,0.899306797883364,0.0400029884446784,0.779,0.0035
13392,2997,dens_907288549206652702,687,Density,<Substance NCCO{solv}{x=0.558640}|c1ccncc1{solv}{x=0.441360}>,NCCO,c1ccncc1,fb-fit-v1-single-mean-k100,3,1.0176164858165595,0.0002342217902443,0.9936870000000002,0.0001015
13393,2998,dhmix_1092036220949585875,688,EnthalpyOfMixing,<Substance NCCO{solv}{x=0.746780}|c1ccncc1{solv}{x=0.253220}>,NCCO,c1ccncc1,fb-fit-v1-single-mean-k100,3,0.709420232649812,0.0361537568747543,0.612,0.003
13394,2999,dens_2278246591298089898,689,Density,<Substance NCCO{solv}{x=0.210010}|c1ccncc1{solv}{x=0.789990}>,NCCO,c1ccncc1,fb-fit-v1-single-mean-k100,3,0.9919597050278371,0.0002464782935338,0.9825660000000004,0.0001015
13395,3000,dens_419188249264987147,690,Density,<Substance CCCCC(=O)OCC{solv}{x=0.492100}|CCOC(C)=O{solv}{x=0.507900}>,CCCCC(=O)OCC,CCOC(C)=O,fb-fit-v1-single-mean-k100,3,0.8916102815585228,0.0002400744186404,0.8787300000000002,0.00012
13396,3001,dens_667714041205021070,691,Density,<Substance CCCCC(=O)OCC{solv}{x=0.304700}|CCOC(C)=O{solv}{x=0.695300}>,CCCCC(=O)OCC,CCOC(C)=O,fb-fit-v1-single-mean-k100,3,0.8985800227810603,0.0002245551493457,0.8836400000000002,0.00012
13397,3002,dhmix_1137774316856842141,692,EnthalpyOfMixing,<Substance CCCCC(=O)OCC{solv}{x=0.737600}|CCOC(C)=O{solv}{x=0.262400}>,CCCCC(=O)OCC,CCOC(C)=O,fb-fit-v1-single-mean-k100,3,0.1105875559816826,0.0535550291572784,0.114,0.0015
13398,3003,dhmix_1322441082145072072,693,EnthalpyOfMixing,<Substance CCCCC(=O)OCC{solv}{x=0.279900}|CCOC(C)=O{solv}{x=0.720100}>,CCCCC(=O)OCC,CCOC(C)=O,fb-fit-v1-single-mean-k100,3,0.0489518496099563,0.041534526773876,0.139,0.0015
13399,3004,dens_1682638395920841051,694,Density,<Substance CCCCC(=O)OCC{solv}{x=0.752600}|CCOC(C)=O{solv}{x=0.247400}>,CCCCC(=O)OCC,CCOC(C)=O,fb-fit-v1-single-mean-k100,3,0.8839340124190451,0.0001770288001388,0.8732900000000001,0.00012
13400,3005,dhmix_2161842751879945948,695,EnthalpyOfMixing,<Substance CCCCC(=O)OCC{solv}{x=0.519800}|CCOC(C)=O{solv}{x=0.480200}>,CCCCC(=O)OCC,CCOC(C)=O,fb-fit-v1-single-mean-k100,3,0.150308458663364,0.0474138029888951,0.154,0.002
13401,3006,dhmix_419593950323214290,696,EnthalpyOfMixing,<Substance CCCCCC(C)=O{solv}{x=0.780400}|CCN(CC)CC{solv}{x=0.219600}>,CCCCCC(C)=O,CCN(CC)CC,fb-fit-v1-single-mean-k100,3,0.1506099089020054,0.0519227676756632,0.216,0.0025
13402,3007,dens_651921010645567431,697,Density,<Substance CCCCCC(C)=O{solv}{x=0.259800}|CCN(CC)CC{solv}{x=0.740200}>,CCCCCC(C)=O,CCN(CC)CC,fb-fit-v1-single-mean-k100,3,0.7568915964931063,0.0002347142165947,0.7465820000000002,8.950000000000002e-05
13403,3008,dens_995831511901627711,698,Density,<Substance CCCCCC(C)=O{solv}{x=0.748400}|CCN(CC)CC{solv}{x=0.251600}>,CCCCCC(C)=O,CCN(CC)CC,fb-fit-v1-single-mean-k100,3,0.7949786983196385,0.0001901783368788,0.7899410000000002,0.0001055
13404,3009,dhmix_1001984601109558110,699,EnthalpyOfMixing,<Substance CCCCCC(C)=O{solv}{x=0.492000}|CCN(CC)CC{solv}{x=0.508000}>,CCCCCC(C)=O,CCN(CC)CC,fb-fit-v1-single-mean-k100,3,0.1793345319174122,0.0475734832859468,0.419,0.0045
13405,3010,dens_1887829851815986883,700,Density,<Substance CCCCCC(C)=O{solv}{x=0.503200}|CCN(CC)CC{solv}{x=0.496800}>,CCCCCC(C)=O,CCN(CC)CC,fb-fit-v1-single-mean-k100,3,0.7763273473705812,0.0001712801933704,0.7684760000000002,9.800000000000002e-05
13406,3011,dhmix_2085744568401562111,701,EnthalpyOfMixing,<Substance CCCCCC(C)=O{solv}{x=0.293900}|CCN(CC)CC{solv}{x=0.706100}>,CCCCCC(C)=O,CCN(CC)CC,fb-fit-v1-single-mean-k100,3,0.3035770347332231,0.0455391532464305,0.412,0.0045
13407,3012,dens_436049638479549968,702,Density,<Substance COC=O{solv}{x=0.472500}|ClCCCl{solv}{x=0.527500}>,COC=O,ClCCCl,fb-fit-v1-single-mean-k100,3,1.137436616432489,0.0002916276503859,1.1269600000000004,0.000285
13408,3013,dens_627145458965592302,703,Density,<Substance COC=O{solv}{x=0.753000}|ClCCCl{solv}{x=0.247000}>,COC=O,ClCCCl,fb-fit-v1-single-mean-k100,3,1.0730209457757045,0.0003611236025958,1.0461600000000004,0.000205
13409,3014,dhmix_731680623269260416,704,EnthalpyOfMixing,<Substance COC=O{solv}{x=0.250800}|ClCCCl{solv}{x=0.749200}>,COC=O,ClCCCl,fb-fit-v1-single-mean-k100,3,0.375666970540756,0.0320149835921538,0.0793,0.0007
13410,3015,dens_1488543630772933598,705,Density,<Substance COC=O{solv}{x=0.279500}|ClCCCl{solv}{x=0.720500}>,COC=O,ClCCCl,fb-fit-v1-single-mean-k100,3,1.1776458730502948,0.0004510194823784,1.1777100000000005,0.00034
13411,3016,dhmix_2170321998768851974,706,EnthalpyOfMixing,<Substance COC=O{solv}{x=0.732200}|ClCCCl{solv}{x=0.267800}>,COC=O,ClCCCl,fb-fit-v1-single-mean-k100,3,0.439356311550529,0.0332417317704966,0.0733,0.00065
13412,3017,dhmix_2249001225536869896,707,EnthalpyOfMixing,<Substance COC=O{solv}{x=0.487400}|ClCCCl{solv}{x=0.512600}>,COC=O,ClCCCl,fb-fit-v1-single-mean-k100,3,0.5415445724344652,0.0289954549692565,0.1028,0.0008
13413,3018,dhmix_442816374747487477,708,EnthalpyOfMixing,<Substance NCCCNCCCN{solv}{x=0.801500}|O{solv}{x=0.198500}>,NCCCNCCCN,O,fb-fit-v1-single-mean-k100,3,-1.776004552294471,0.072459124834547,-2.233,0.024
13414,3019,dhmix_1795382205757805615,709,EnthalpyOfMixing,<Substance NCCCNCCCN{solv}{x=0.300500}|O{solv}{x=0.699500}>,NCCCNCCCN,O,fb-fit-v1-single-mean-k100,3,-4.7283146293842115,0.0420393717096829,-6.588,0.07
13415,3020,dhmix_1814950732748396893,710,EnthalpyOfMixing,<Substance NCCCNCCCN{solv}{x=0.499800}|O{solv}{x=0.500200}>,NCCCNCCCN,O,fb-fit-v1-single-mean-k100,3,-4.36548989529928,0.0513329013942616,-5.544,0.059
13416,3021,dhmix_446869196417408130,711,EnthalpyOfMixing,<Substance NCCNCCO{solv}{x=0.770000}|O{solv}{x=0.230000}>,NCCNCCO,O,fb-fit-v1-single-mean-k100,3,-1.576518732814563,0.0404116947111653,-1.711,0.035
13417,3022,dhmix_673839467313503071,712,EnthalpyOfMixing,<Substance NCCNCCO{solv}{x=0.069900}|O{solv}{x=0.930100}>,NCCNCCO,O,fb-fit-v1-single-mean-k100,3,-0.7417487492698278,0.0235050664630236,-1.713,0.035
13418,3023,dens_688094438561771555,713,Density,<Substance NCCNCCO{solv}{x=0.799700}|O{solv}{x=0.200300}>,NCCNCCO,O,fb-fit-v1-single-mean-k100,3,1.0861826646074155,0.0001752409460973,1.0318300000000002,0.00024
13419,3024,dhmix_1682883323293489147,714,EnthalpyOfMixing,<Substance NCCNCCO{solv}{x=0.400100}|O{solv}{x=0.599900}>,NCCNCCO,O,fb-fit-v1-single-mean-k100,3,-2.105960281437312,0.0434372222577194,-4.15,0.0845
13420,3025,dens_2045176885611624977,715,Density,<Substance NCCNCCO{solv}{x=0.070000}|O{solv}{x=0.930000}>,NCCNCCO,O,fb-fit-v1-single-mean-k100,3,1.0218670172529325,0.0004152550121053,1.0222800000000003,0.000125
13421,3026,dens_2280714043292214506,716,Density,<Substance NCCNCCO{solv}{x=0.399700}|O{solv}{x=0.600300}>,NCCNCCO,O,fb-fit-v1-single-mean-k100,3,1.066170566516936,0.0004249274063929,1.0370100000000002,0.00017
13422,3027,dens_448105363780466270,717,Density,<Substance CCCCCCCl{solv}{x=0.498300}|CN(C)C=O{solv}{x=0.501700}>,CCCCCCCl,CN(C)C=O,fb-fit-v1-single-mean-k100,3,0.8898706666440311,0.0002615575748847,0.8974000000000002,0.0003
13423,3028,dens_1134260732394863277,718,Density,<Substance CCCCCCCl{solv}{x=0.729300}|CN(C)C=O{solv}{x=0.270700}>,CCCCCCCl,CN(C)C=O,fb-fit-v1-single-mean-k100,3,0.8792475836621738,0.0002313270781756,0.8844000000000002,0.0003
13424,3029,dhmix_1150917243327149472,719,EnthalpyOfMixing,<Substance CCCCCCCl{solv}{x=0.500000}|CN(C)C=O{solv}{x=0.500000}>,CCCCCCCl,CN(C)C=O,fb-fit-v1-single-mean-k100,3,1.2142183415640773,0.043085339673442,0.847,0.004
13425,3030,dhmix_1166656674614639609,720,EnthalpyOfMixing,<Substance CCCCCCCl{solv}{x=0.204000}|CN(C)C=O{solv}{x=0.796000}>,CCCCCCCl,CN(C)C=O,fb-fit-v1-single-mean-k100,3,0.9295354524638668,0.0380699276154205,0.583,0.004
13426,3031,dhmix_1262474968830454367,721,EnthalpyOfMixing,<Substance CCCCCCCl{solv}{x=0.795000}|CN(C)C=O{solv}{x=0.205000}>,CCCCCCCl,CN(C)C=O,fb-fit-v1-single-mean-k100,3,0.8693844836012801,0.0454650183130917,0.542,0.0035
13427,3032,dens_1862934255267356180,722,Density,<Substance CCCCCCCl{solv}{x=0.200700}|CN(C)C=O{solv}{x=0.799300}>,CCCCCCCl,CN(C)C=O,fb-fit-v1-single-mean-k100,3,0.9071408471354692,0.0002228760785337,0.9218000000000002,0.00025
13428,3033,dhmix_457000181442392641,723,EnthalpyOfMixing,<Substance CCOCCO{solv}{x=0.241100}|c1ccccc1{solv}{x=0.758900}>,CCOCCO,c1ccccc1,fb-fit-v1-single-mean-k100,3,0.7301244991565454,0.0344986500751575,0.6303,0.00815
13429,3034,dhmix_501726034520661035,724,EnthalpyOfMixing,<Substance CCOCCO{solv}{x=0.733600}|c1ccccc1{solv}{x=0.266400}>,CCOCCO,c1ccccc1,fb-fit-v1-single-mean-k100,3,0.3814841378551392,0.0456425184235367,0.2326,0.0033
13430,3035,dens_577983044895299238,725,Density,<Substance CCOCCO{solv}{x=0.251800}|c1ccccc1{solv}{x=0.748200}>,CCOCCO,c1ccccc1,fb-fit-v1-single-mean-k100,3,0.895902733786832,0.0002078148218394,0.8849000000000002,0.00081
13431,3036,dens_1506946378386070831,726,Density,<Substance CCOCCO{solv}{x=0.750800}|c1ccccc1{solv}{x=0.249200}>,CCOCCO,c1ccccc1,fb-fit-v1-single-mean-k100,3,0.9159930326576168,0.0002450042704618,0.9134500000000004,0.000685
13432,3037,dhmix_1801594081157333975,727,EnthalpyOfMixing,<Substance CCOCCO{solv}{x=0.478600}|c1ccccc1{solv}{x=0.521400}>,CCOCCO,c1ccccc1,fb-fit-v1-single-mean-k100,3,0.7238439824887166,0.0430144118589032,0.4912,0.00645
13433,3038,dens_2128846755225827916,728,Density,<Substance CCOCCO{solv}{x=0.504800}|c1ccccc1{solv}{x=0.495200}>,CCOCCO,c1ccccc1,fb-fit-v1-single-mean-k100,3,0.9057229041783156,0.0002597876445867,0.8995700000000003,0.000745
13434,3039,dhmix_466383569529620932,729,EnthalpyOfMixing,<Substance CC(=O)N(C)C{solv}{x=0.505000}|CCCCCCCl{solv}{x=0.495000}>,CC(=O)N(C)C,CCCCCCCl,fb-fit-v1-single-mean-k100,3,0.8157063353832115,0.0434318950884825,0.61,0.003
13435,3040,dhmix_493694362228351572,730,EnthalpyOfMixing,<Substance CC(=O)N(C)C{solv}{x=0.798000}|CCCCCCCl{solv}{x=0.202000}>,CC(=O)N(C)C,CCCCCCCl,fb-fit-v1-single-mean-k100,3,0.6148618726081541,0.0303258197439166,0.425,0.003
13436,3041,dhmix_626564461179097700,731,EnthalpyOfMixing,<Substance CC(=O)N(C)C{solv}{x=0.211000}|CCCCCCCl{solv}{x=0.789000}>,CC(=O)N(C)C,CCCCCCCl,fb-fit-v1-single-mean-k100,3,0.6163317499804322,0.0470569926211455,0.38,0.003
13437,3042,dens_1720641323575133011,732,Density,<Substance CC(=O)N(C)C{solv}{x=0.200300}|CCCCCCCl{solv}{x=0.799700}>,CC(=O)N(C)C,CCCCCCCl,fb-fit-v1-single-mean-k100,3,0.8763235350811913,0.0001657206389311,0.8816000000000003,0.00025
13438,3043,dens_1817345990638851984,733,Density,<Substance CC(=O)N(C)C{solv}{x=0.503000}|CCCCCCCl{solv}{x=0.497000}>,CC(=O)N(C)C,CCCCCCCl,fb-fit-v1-single-mean-k100,3,0.8863443164402657,0.0002290296237421,0.8975000000000002,0.00025
13439,3044,dens_1885054129776339889,734,Density,<Substance CC(=O)N(C)C{solv}{x=0.699200}|CCCCCCCl{solv}{x=0.300800}>,CC(=O)N(C)C,CCCCCCCl,fb-fit-v1-single-mean-k100,3,0.8943867906427201,0.0002046916282878,0.9104000000000002,0.0002
13440,3045,dens_468507243072548580,735,Density,<Substance CCC#N{solv}{x=0.701200}|CCOC(C)(C)CC{solv}{x=0.298800}>,CCC#N,CCOC(C)(C)CC,fb-fit-v1-single-mean-k100,3,0.7716131571403909,0.0002428399699502,0.7715000000000002,0.0004
13441,3046,dhmix_553135124490085656,736,EnthalpyOfMixing,<Substance CCC#N{solv}{x=0.502500}|CCOC(C)(C)CC{solv}{x=0.497500}>,CCC#N,CCOC(C)(C)CC,fb-fit-v1-single-mean-k100,3,0.2401080651705065,0.043034355608721,0.7023,0.00955
13442,3047,dens_762108332272225600,737,Density,<Substance CCC#N{solv}{x=0.502500}|CCOC(C)(C)CC{solv}{x=0.497500}>,CCC#N,CCOC(C)(C)CC,fb-fit-v1-single-mean-k100,3,0.7690221262447887,0.0002357981595874,0.7683000000000001,0.00035
13443,3048,dens_967634241844220739,738,Density,<Substance CCC#N{solv}{x=0.200900}|CCOC(C)(C)CC{solv}{x=0.799100}>,CCC#N,CCOC(C)(C)CC,fb-fit-v1-single-mean-k100,3,0.7645716575811705,0.0002064181296496,0.7638000000000001,0.00025
13444,3049,dhmix_1961082112686431376,739,EnthalpyOfMixing,<Substance CCC#N{solv}{x=0.200900}|CCOC(C)(C)CC{solv}{x=0.799100}>,CCC#N,CCOC(C)(C)CC,fb-fit-v1-single-mean-k100,3,0.1386784286303424,0.0486335904887292,0.502,0.00685
13445,3050,dhmix_2005765786246998093,740,EnthalpyOfMixing,<Substance CCC#N{solv}{x=0.701200}|CCOC(C)(C)CC{solv}{x=0.298800}>,CCC#N,CCOC(C)(C)CC,fb-fit-v1-single-mean-k100,3,0.1833771195450424,0.0371331273902014,0.5863,0.008
13446,3051,dhmix_471514663464011364,741,EnthalpyOfMixing,<Substance C1CCOCC1{solv}{x=0.722000}|CCCCCO{solv}{x=0.278000}>,C1CCOCC1,CCCCCO,fb-fit-v1-single-mean-k100,3,1.0171540444812237,0.0408685230795244,0.8628,0.00745
13447,3052,dens_910343796235321484,742,Density,<Substance C1CCOCC1{solv}{x=0.298700}|CCCCCO{solv}{x=0.701300}>,C1CCOCC1,CCCCCO,fb-fit-v1-single-mean-k100,3,0.8286017636411569,0.0001881490657003,0.8293300000000002,0.00034
13448,3053,dens_1812069868432416079,743,Density,<Substance C1CCOCC1{solv}{x=0.800000}|CCCCCO{solv}{x=0.200000}>,C1CCOCC1,CCCCCO,fb-fit-v1-single-mean-k100,3,0.8606641493249593,0.0002543196589462,0.8635900000000002,0.000315
13449,3054,dhmix_1936206883965149188,744,EnthalpyOfMixing,<Substance C1CCOCC1{solv}{x=0.526000}|CCCCCO{solv}{x=0.474000}>,C1CCOCC1,CCCCCO,fb-fit-v1-single-mean-k100,3,1.132213364159007,0.0470751328342916,0.97,0.00615
13450,3055,dhmix_1992318015190346725,745,EnthalpyOfMixing,<Substance C1CCOCC1{solv}{x=0.217000}|CCCCCO{solv}{x=0.783000}>,C1CCOCC1,CCCCCO,fb-fit-v1-single-mean-k100,3,0.6985690122981154,0.0410565870072812,0.6006,0.00455
13451,3056,dens_2204330198012032768,746,Density,<Substance C1CCOCC1{solv}{x=0.499400}|CCCCCO{solv}{x=0.500600}>,C1CCOCC1,CCCCCO,fb-fit-v1-single-mean-k100,3,0.8408359244477445,0.0001878198801355,0.8425400000000002,0.00033
13452,3057,dhmix_472822428299818953,747,EnthalpyOfMixing,<Substance CC(C)CC(C)(C)C{solv}{x=0.700500}|CCCCO{solv}{x=0.299500}>,CC(C)CC(C)(C)C,CCCCO,fb-fit-v1-single-mean-k100,3,0.7016357025806457,0.0457705669448523,0.6228,0.0028
13453,3058,dhmix_628387028768654403,748,EnthalpyOfMixing,<Substance CC(C)CC(C)(C)C{solv}{x=0.499900}|CCCCO{solv}{x=0.500100}>,CC(C)CC(C)(C)C,CCCCO,fb-fit-v1-single-mean-k100,3,0.5973408753585261,0.04408720153487,0.5938,0.0027
13454,3059,dens_631668933678639865,749,Density,<Substance CC(C)CC(C)(C)C{solv}{x=0.200000}|CCCCO{solv}{x=0.800000}>,CC(C)CC(C)(C)C,CCCCO,fb-fit-v1-single-mean-k100,3,0.777308637331854,0.0002281152836401,0.7696800000000001,0.000295
13455,3060,dens_1394470087977586253,750,Density,<Substance CC(C)CC(C)(C)C{solv}{x=0.500000}|CCCCO{solv}{x=0.500000}>,CC(C)CC(C)(C)C,CCCCO,fb-fit-v1-single-mean-k100,3,0.746177685930948,0.0001974493208598,0.7294000000000002,0.000285
13456,3061,dens_1809610870413503056,751,Density,<Substance CC(C)CC(C)(C)C{solv}{x=0.699900}|CCCCO{solv}{x=0.300100}>,CC(C)CC(C)(C)C,CCCCO,fb-fit-v1-single-mean-k100,3,0.731135764742937,0.0001904898072482,0.7097700000000001,0.000285
13457,3062,dhmix_2302589146189152767,752,EnthalpyOfMixing,<Substance CC(C)CC(C)(C)C{solv}{x=0.200200}|CCCCO{solv}{x=0.799800}>,CC(C)CC(C)(C)C,CCCCO,fb-fit-v1-single-mean-k100,3,0.3704031776531025,0.0422985473445054,0.27646,0.003235
13458,3063,dens_486902622078179007,753,Density,<Substance COC=O{solv}{x=0.494600}|CO{solv}{x=0.505400}>,CO,COC=O,fb-fit-v1-single-mean-k100,3,0.9084924228850112,0.0003898286038265,0.8956100000000002,7.500000000000002e-05
13459,3064,dens_750646162221180186,754,Density,<Substance COC=O{solv}{x=0.083300}|CO{solv}{x=0.916700}>,CO,COC=O,fb-fit-v1-single-mean-k100,3,0.7948927961419644,0.0004612135496775,0.8088000000000002,9.000000000000002e-05
13460,3065,dhmix_1113631207235753369,755,EnthalpyOfMixing,<Substance COC=O{solv}{x=0.717800}|CO{solv}{x=0.282200}>,CO,COC=O,fb-fit-v1-single-mean-k100,3,0.880253722661104,0.0277356805512802,1.105,0.012
13461,3066,dhmix_2143911117683117531,756,EnthalpyOfMixing,<Substance COC=O{solv}{x=0.512700}|CO{solv}{x=0.487300}>,CO,COC=O,fb-fit-v1-single-mean-k100,3,1.1209801395945336,0.0325319045623969,1.179,0.0125
13462,3067,dens_2148324189014877510,757,Density,<Substance COC=O{solv}{x=0.727100}|CO{solv}{x=0.272900}>,CO,COC=O,fb-fit-v1-single-mean-k100,3,0.9582039019774944,0.0003344254260375,0.9321000000000004,8.000000000000002e-05
13463,3068,dhmix_2205254965267695203,758,EnthalpyOfMixing,<Substance COC=O{solv}{x=0.083300}|CO{solv}{x=0.916700}>,CO,COC=O,fb-fit-v1-single-mean-k100,3,0.348153309500562,0.0311958294350689,0.311,0.0035
13464,3069,dhmix_497300242003673148,759,EnthalpyOfMixing,<Substance BrCCBr{solv}{x=0.284100}|CCCCOC(=O)CCC{solv}{x=0.715900}>,BrCCBr,CCCCOC(=O)CCC,fb-fit-v1-single-mean-k100,3,-0.5376214101612931,0.0450710643981146,-0.054,0.001
13465,3070,dhmix_712261179736749495,760,EnthalpyOfMixing,<Substance BrCCBr{solv}{x=0.515300}|CCCCOC(=O)CCC{solv}{x=0.484700}>,BrCCBr,CCCCOC(=O)CCC,fb-fit-v1-single-mean-k100,3,-0.7729774546029482,0.0454785231340181,-0.027,0.0005
13466,3071,dens_846614854165535724,761,Density,<Substance BrCCBr{solv}{x=0.212900}|CCCCOC(=O)CCC{solv}{x=0.787100}>,BrCCBr,CCCCOC(=O)CCC,fb-fit-v1-single-mean-k100,3,1.028582619434384,0.0002244902672962,1.0245500000000003,0.00013
13467,3072,dens_1085110183353279404,762,Density,<Substance BrCCBr{solv}{x=0.730000}|CCCCOC(=O)CCC{solv}{x=0.270000}>,BrCCBr,CCCCOC(=O)CCC,fb-fit-v1-single-mean-k100,3,1.6092059991715206,0.0003137013045144,1.6231500000000003,0.000405
13468,3073,dhmix_2153957437015117204,763,EnthalpyOfMixing,<Substance BrCCBr{solv}{x=0.763900}|CCCCOC(=O)CCC{solv}{x=0.236100}>,BrCCBr,CCCCOC(=O)CCC,fb-fit-v1-single-mean-k100,3,-0.5368804110533922,0.0413325841770591,0.051,0.001
13469,3074,dens_2242615301342819560,764,Density,<Substance BrCCBr{solv}{x=0.449300}|CCCCOC(=O)CCC{solv}{x=0.550700}>,BrCCBr,CCCCOC(=O)CCC,fb-fit-v1-single-mean-k100,3,1.2504180207294913,0.0002162072719023,1.2506100000000002,0.000225
13470,3075,dens_501060706627477242,765,Density,<Substance OC1=NCCC1{solv}{x=0.500000}|O{solv}{x=0.500000}>,O,OC1=NCCC1,fb-fit-v1-single-mean-k100,3,1.0526878978136038,0.0003383993942415,1.0977070000000004,0.0005555
13471,3076,dens_929065521104254808,766,Density,<Substance OC1=NCCC1{solv}{x=0.744800}|O{solv}{x=0.255200}>,O,OC1=NCCC1,fb-fit-v1-single-mean-k100,3,1.059719097605182,0.0003156106833179,1.1044310000000004,0.000577
13472,3077,dhmix_1128968771311392860,767,EnthalpyOfMixing,<Substance OC1=NCCC1{solv}{x=0.769300}|O{solv}{x=0.230700}>,O,OC1=NCCC1,fb-fit-v1-single-mean-k100,3,0.6736048605310145,0.0371331094607184,-0.678,0.1695
13473,3078,dens_1192491633684345401,768,Density,<Substance OC1=NCCC1{solv}{x=0.246800}|O{solv}{x=0.753200}>,O,OC1=NCCC1,fb-fit-v1-single-mean-k100,3,1.034060344740822,0.0003933221579042,1.077068,0.0004905
13474,3079,dhmix_1775375132531538271,769,EnthalpyOfMixing,<Substance OC1=NCCC1{solv}{x=0.478300}|O{solv}{x=0.521700}>,O,OC1=NCCC1,fb-fit-v1-single-mean-k100,3,0.7390506852891576,0.0297308401492602,-0.8384,0.20965
13475,3080,dhmix_1895825007089845103,770,EnthalpyOfMixing,<Substance OC1=NCCC1{solv}{x=0.231900}|O{solv}{x=0.768100}>,O,OC1=NCCC1,fb-fit-v1-single-mean-k100,3,0.5825284149683085,0.0254663029736719,-0.5238,0.13095
13476,3081,dens_502738970558558534,771,Density,<Substance BrCCBr{solv}{x=0.749000}|COC=O{solv}{x=0.251000}>,BrCCBr,COC=O,fb-fit-v1-single-mean-k100,3,1.901375211821167,0.0006568112900834,1.9319600000000008,0.003535
13477,3082,dhmix_523129341332875255,772,EnthalpyOfMixing,<Substance BrCCBr{solv}{x=0.059500}|COC=O{solv}{x=0.940500}>,BrCCBr,COC=O,fb-fit-v1-single-mean-k100,3,0.237402629067524,0.0299736326174397,0.1715,0.00215
13478,3083,dens_528986974844153101,773,Density,<Substance BrCCBr{solv}{x=0.059800}|COC=O{solv}{x=0.940200}>,BrCCBr,COC=O,fb-fit-v1-single-mean-k100,3,1.101527678636408,0.0003618521723558,1.06428,0.00056
13479,3084,dhmix_1521152703631810888,774,EnthalpyOfMixing,<Substance BrCCBr{solv}{x=0.757400}|COC=O{solv}{x=0.242600}>,BrCCBr,COC=O,fb-fit-v1-single-mean-k100,3,0.6492660382737663,0.0329869838511489,0.653,0.00585
13480,3085,dhmix_1685647138770344206,775,EnthalpyOfMixing,<Substance BrCCBr{solv}{x=0.528100}|COC=O{solv}{x=0.471900}>,BrCCBr,COC=O,fb-fit-v1-single-mean-k100,3,0.8709621199493891,0.0351439912024082,0.8123,0.00705
13481,3086,dens_1945150067923572864,776,Density,<Substance BrCCBr{solv}{x=0.501500}|COC=O{solv}{x=0.498500}>,BrCCBr,COC=O,fb-fit-v1-single-mean-k100,3,1.66059818859916,0.000609822233596,1.6620300000000003,0.00232
13482,3087,dens_511283508189056955,777,Density,<Substance CCO{solv}{x=0.291400}|CN(C)CCO{solv}{x=0.708600}>,CCO,CN(C)CCO,fb-fit-v1-single-mean-k100,3,0.8923105938036269,0.0002382303813708,0.8710100000000002,0.000165
13483,3088,dhmix_1055456388735168345,778,EnthalpyOfMixing,<Substance CCO{solv}{x=0.508400}|CN(C)CCO{solv}{x=0.491600}>,CCO,CN(C)CCO,fb-fit-v1-single-mean-k100,3,-0.624837555262701,0.037674419984052,-0.4044,0.0044
13484,3089,dens_1119930253414624267,779,Density,<Substance CCO{solv}{x=0.699500}|CN(C)CCO{solv}{x=0.300500}>,CCO,CN(C)CCO,fb-fit-v1-single-mean-k100,3,0.8478345189410411,0.0003045104088332,0.8345000000000002,0.000135
13485,3090,dhmix_1132835222292135012,780,EnthalpyOfMixing,<Substance CCO{solv}{x=0.268600}|CN(C)CCO{solv}{x=0.731400}>,CCO,CN(C)CCO,fb-fit-v1-single-mean-k100,3,-0.475941557828051,0.0499130729281775,-0.2783,0.0031
13486,3091,dens_1964926738263319597,781,Density,<Substance CCO{solv}{x=0.494900}|CN(C)CCO{solv}{x=0.505100}>,CCO,CN(C)CCO,fb-fit-v1-single-mean-k100,3,0.872496748013611,0.0002003932659167,0.8566200000000002,0.00015
13487,3092,dhmix_2011138895468245368,782,EnthalpyOfMixing,<Substance CCO{solv}{x=0.733500}|CN(C)CCO{solv}{x=0.266500}>,CCO,CN(C)CCO,fb-fit-v1-single-mean-k100,3,-0.4120281776655439,0.0359548085902448,-0.3657,0.004
13488,3093,dhmix_517287783481256565,783,EnthalpyOfMixing,<Substance CN(C)C=O{solv}{x=0.701000}|ClCCCCCl{solv}{x=0.299000}>,CN(C)C=O,ClCCCCCl,fb-fit-v1-single-mean-k100,3,0.3673490920040692,0.0401082678666061,-0.052,0.002
13489,3094,dens_765057686797526715,784,Density,<Substance CN(C)C=O{solv}{x=0.794300}|ClCCCCCl{solv}{x=0.205700}>,CN(C)C=O,ClCCCCCl,fb-fit-v1-single-mean-k100,3,0.9788110114715022,0.0002474247034375,0.9934000000000002,0.00245
13490,3095,dens_1092490027864410415,785,Density,<Substance CN(C)C=O{solv}{x=0.502200}|ClCCCCCl{solv}{x=0.497800}>,CN(C)C=O,ClCCCCCl,fb-fit-v1-single-mean-k100,3,1.0424238381712516,0.0002768488107355,1.0524000000000004,0.0022
13491,3096,dens_1571926938169630329,786,Density,<Substance CN(C)C=O{solv}{x=0.299400}|ClCCCCCl{solv}{x=0.700600}>,CN(C)C=O,ClCCCCCl,fb-fit-v1-single-mean-k100,3,1.0799313038785536,0.0003165093121504,1.0879000000000003,0.0021
13492,3097,dhmix_1989422051580285053,787,EnthalpyOfMixing,<Substance CN(C)C=O{solv}{x=0.501000}|ClCCCCCl{solv}{x=0.499000}>,CN(C)C=O,ClCCCCCl,fb-fit-v1-single-mean-k100,3,0.442152394684264,0.0392485000239615,-0.056,0.002
13493,3098,dhmix_2190775305913174779,788,EnthalpyOfMixing,<Substance CN(C)C=O{solv}{x=0.204000}|ClCCCCCl{solv}{x=0.796000}>,CN(C)C=O,ClCCCCCl,fb-fit-v1-single-mean-k100,3,0.2918372124194235,0.034031906956384,-0.039,0.002
13494,3099,dens_518199256039095036,789,Density,<Substance CCCCO{solv}{x=0.496400}|NCCN{solv}{x=0.503600}>,CCCCO,NCCN,fb-fit-v1-single-mean-k100,3,0.8815685453752572,0.0002481698898869,0.8519430000000002,0.000219
13495,3100,dens_866492593379488722,790,Density,<Substance CCCCO{solv}{x=0.739800}|NCCN{solv}{x=0.260200}>,CCCCO,NCCN,fb-fit-v1-single-mean-k100,3,0.8413817155536923,0.0001938203280124,0.8325090000000002,0.000221
13496,3101,dens_2064365769538781360,791,Density,<Substance CCCCO{solv}{x=0.291900}|NCCN{solv}{x=0.708100}>,CCCCO,NCCN,fb-fit-v1-single-mean-k100,3,0.9226212696816466,0.0002521669442373,0.8676960000000002,0.0002205
13497,3102,dens_520201021244222151,792,Density,<Substance O=C1CCCO1{solv}{x=0.300000}|O{solv}{x=0.700000}>,O,O=C1CCCO1,fb-fit-v1-single-mean-k100,3,1.0653051439633745,0.0003413633086636,1.0886000000000002,0.0001
13498,3103,dens_2198925124601089428,793,Density,<Substance O=C1CCCO1{solv}{x=0.500000}|O{solv}{x=0.500000}>,O,O=C1CCCO1,fb-fit-v1-single-mean-k100,3,1.0876707716698308,0.0003107270524625,1.1059000000000003,0.0001
13499,3104,dens_2272207838075726438,794,Density,<Substance O=C1CCCO1{solv}{x=0.800000}|O{solv}{x=0.200000}>,O,O=C1CCCO1,fb-fit-v1-single-mean-k100,3,1.1065645024424973,0.0002695911635513,1.1182000000000003,0.0001
13500,3105,dhmix_524376395520217080,795,EnthalpyOfMixing,<Substance CC(C)CC(C)(C)C{solv}{x=0.440700}|CCCC(=O)OC{solv}{x=0.559300}>,CC(C)CC(C)(C)C,CCCC(=O)OC,fb-fit-v1-single-mean-k100,3,1.548719352582495,0.0461565282925161,1.053,0.0115
13501,3106,dens_581090592491592243,796,Density,<Substance CC(C)CC(C)(C)C{solv}{x=0.298100}|CCCC(=O)OC{solv}{x=0.701900}>,CC(C)CC(C)(C)C,CCCC(=O)OC,fb-fit-v1-single-mean-k100,3,0.8267379197649156,0.0001898742878708,0.8119000000000002,0.000505
13502,3107,dens_1497434747823371430,797,Density,<Substance CC(C)CC(C)(C)C{solv}{x=0.724300}|CCCC(=O)OC{solv}{x=0.275700}>,CC(C)CC(C)(C)C,CCCC(=O)OC,fb-fit-v1-single-mean-k100,3,0.750714437782852,0.0002039238771375,0.7279000000000001,0.000505
13503,3108,dhmix_1614087501371550297,798,EnthalpyOfMixing,<Substance CC(C)CC(C)(C)C{solv}{x=0.762900}|CCCC(=O)OC{solv}{x=0.237100}>,CC(C)CC(C)(C)C,CCCC(=O)OC,fb-fit-v1-single-mean-k100,3,1.259368584973572,0.0510765244978981,0.789,0.0085
13504,3109,dens_1842979547629422953,799,Density,<Substance CC(C)CC(C)(C)C{solv}{x=0.441000}|CCCC(=O)OC{solv}{x=0.559000}>,CC(C)CC(C)(C)C,CCCC(=O)OC,fb-fit-v1-single-mean-k100,3,0.7980448170466073,0.0001918726107254,0.7803000000000001,0.000505
13505,3110,dhmix_2246911102339588209,800,EnthalpyOfMixing,<Substance CC(C)CC(C)(C)C{solv}{x=0.298200}|CCCC(=O)OC{solv}{x=0.701800}>,CC(C)CC(C)(C)C,CCCC(=O)OC,fb-fit-v1-single-mean-k100,3,1.3683299856437756,0.0387083282245445,0.884,0.0095
13506,3111,dhmix_536798507677319129,801,EnthalpyOfMixing,<Substance C1COCO1{solv}{x=0.267900}|Cc1ccccc1Cl{solv}{x=0.732100}>,C1COCO1,Cc1ccccc1Cl,fb-fit-v1-single-mean-k100,3,0.2308873076147648,0.039566965543051,0.272,0.0015
13507,3112,dens_559535483529614058,802,Density,<Substance C1COCO1{solv}{x=0.726600}|Cc1ccccc1Cl{solv}{x=0.273400}>,C1COCO1,Cc1ccccc1Cl,fb-fit-v1-single-mean-k100,3,1.0846446574702344,0.0002802507632236,1.0652000000000004,0.0005
13508,3113,dens_731520844601672570,803,Density,<Substance C1COCO1{solv}{x=0.268500}|Cc1ccccc1Cl{solv}{x=0.731500}>,C1COCO1,Cc1ccccc1Cl,fb-fit-v1-single-mean-k100,3,1.080375644206631,0.0002605383889434,1.0630000000000002,0.0005
13509,3114,dens_839907656840905053,804,Density,<Substance C1COCO1{solv}{x=0.516900}|Cc1ccccc1Cl{solv}{x=0.483100}>,C1COCO1,Cc1ccccc1Cl,fb-fit-v1-single-mean-k100,3,1.0884768639000035,0.0002164056771904,1.0694000000000004,0.0005
13510,3115,dhmix_1308085019204784636,805,EnthalpyOfMixing,<Substance C1COCO1{solv}{x=0.500900}|Cc1ccccc1Cl{solv}{x=0.499100}>,C1COCO1,Cc1ccccc1Cl,fb-fit-v1-single-mean-k100,3,0.3790443033627468,0.0378316263513214,0.393,0.002
13511,3116,dhmix_1924685013370154802,806,EnthalpyOfMixing,<Substance C1COCO1{solv}{x=0.760400}|Cc1ccccc1Cl{solv}{x=0.239600}>,C1COCO1,Cc1ccccc1Cl,fb-fit-v1-single-mean-k100,3,0.3366079429384712,0.0376744536617939,0.313,0.0015
13512,3117,dhmix_549919019055097043,807,EnthalpyOfMixing,<Substance C1CCCCC1{solv}{x=0.799100}|CC(C)O{solv}{x=0.200900}>,C1CCCCC1,CC(C)O,fb-fit-v1-single-mean-k100,3,0.6342530389234753,0.0481983016088876,0.702,0.017
13513,3118,dhmix_1101575580592240663,808,EnthalpyOfMixing,<Substance C1CCCCC1{solv}{x=0.199500}|CC(C)O{solv}{x=0.800500}>,C1CCCCC1,CC(C)O,fb-fit-v1-single-mean-k100,3,0.378858395263471,0.0411608437322652,0.438,0.011
13514,3119,dhmix_1262965345724899699,809,EnthalpyOfMixing,<Substance C1CCCCC1{solv}{x=0.498400}|CC(C)O{solv}{x=0.501600}>,C1CCCCC1,CC(C)O,fb-fit-v1-single-mean-k100,3,0.8267256837755141,0.0426592007418399,0.801,0.0195
13515,3120,dens_1431184569437551541,810,Density,<Substance C1CCCCC1{solv}{x=0.705800}|CC(C)O{solv}{x=0.294200}>,C1CCCCC1,CC(C)O,fb-fit-v1-single-mean-k100,3,0.7715155909307311,0.0002103988303561,0.7711100000000002,0.000245
13516,3121,dens_2097249982689376165,811,Density,<Substance C1CCCCC1{solv}{x=0.200000}|CC(C)O{solv}{x=0.800000}>,C1CCCCC1,CC(C)O,fb-fit-v1-single-mean-k100,3,0.7902474359364428,0.0002531484068599,0.7761000000000002,0.0003
13517,3122,dens_2130071224188444793,812,Density,<Substance C1CCCCC1{solv}{x=0.503900}|CC(C)O{solv}{x=0.496100}>,C1CCCCC1,CC(C)O,fb-fit-v1-single-mean-k100,3,0.7769382027668289,0.0002644612615448,0.7719000000000001,0.0003
13518,3123,dens_562489367284385084,813,Density,<Substance CCCCC(=O)OC{solv}{x=0.251100}|COC(C)=O{solv}{x=0.748900}>,CCCCC(=O)OC,COC(C)=O,fb-fit-v1-single-mean-k100,3,0.923357134709258,0.0002509499979525,0.9105300000000002,0.000505
13519,3124,dhmix_814771684244180933,814,EnthalpyOfMixing,<Substance CCCCC(=O)OC{solv}{x=0.733900}|COC(C)=O{solv}{x=0.266100}>,CCCCC(=O)OC,COC(C)=O,fb-fit-v1-single-mean-k100,3,0.0710759499228608,0.0423298984901832,0.178,0.002
13520,3125,dhmix_915202362324204655,815,EnthalpyOfMixing,<Substance CCCCC(=O)OC{solv}{x=0.505500}|COC(C)=O{solv}{x=0.494500}>,CCCCC(=O)OC,COC(C)=O,fb-fit-v1-single-mean-k100,3,0.21068382386904,0.043364715625418,0.238,0.0025
13521,3126,dhmix_935892165648195197,816,EnthalpyOfMixing,<Substance CCCCC(=O)OC{solv}{x=0.234700}|COC(C)=O{solv}{x=0.765300}>,CCCCC(=O)OC,COC(C)=O,fb-fit-v1-single-mean-k100,3,0.1096664922674151,0.0429952999445887,0.173,0.002
13522,3127,dens_961692445804333991,817,Density,<Substance CCCCC(=O)OC{solv}{x=0.738300}|COC(C)=O{solv}{x=0.261700}>,CCCCC(=O)OC,COC(C)=O,fb-fit-v1-single-mean-k100,3,0.900370340755806,0.0001999327637195,0.8914700000000002,0.000505
13523,3128,dens_1493380961688632529,818,Density,<Substance CCCCC(=O)OC{solv}{x=0.493500}|COC(C)=O{solv}{x=0.506500}>,CCCCC(=O)OC,COC(C)=O,fb-fit-v1-single-mean-k100,3,0.910739097583497,0.0002184368617825,0.8996200000000002,0.000505
13524,3129,dhmix_563342363018905515,819,EnthalpyOfMixing,<Substance CCOC(=O)CC(C)=O{solv}{x=0.751400}|O{solv}{x=0.248600}>,CCOC(=O)CC(C)=O,O,fb-fit-v1-single-mean-k100,3,0.8249454947689117,0.0450138464611693,1.128,0.012
13525,3130,dhmix_1385095028103136291,820,EnthalpyOfMixing,<Substance CCOC(=O)CC(C)=O{solv}{x=0.449100}|O{solv}{x=0.550900}>,CCOC(=O)CC(C)=O,O,fb-fit-v1-single-mean-k100,3,0.7245239252692386,0.0278440078975809,0.684,0.0075
13526,3131,dhmix_1609967394780907654,821,EnthalpyOfMixing,<Substance CCOC(=O)CC(C)=O{solv}{x=0.299400}|O{solv}{x=0.700600}>,CCOC(=O)CC(C)=O,O,fb-fit-v1-single-mean-k100,3,0.629027767200256,0.027773069107726,0.428,0.005
13527,3132,dhmix_566259260175961973,822,EnthalpyOfMixing,<Substance CCCCO{solv}{x=0.144700}|OC1=NCCC1{solv}{x=0.855300}>,CCCCO,OC1=NCCC1,fb-fit-v1-single-mean-k100,3,0.7736390587561459,0.0445404199256821,0.0949,0.0012
13528,3133,dens_1146983614802652988,823,Density,<Substance CCCCO{solv}{x=0.500400}|OC1=NCCC1{solv}{x=0.499600}>,CCCCO,OC1=NCCC1,fb-fit-v1-single-mean-k100,3,0.9296199378581594,0.0002200816257376,0.94503,0.00015
13529,3134,dhmix_1601732489230179724,824,EnthalpyOfMixing,<Substance CCCCO{solv}{x=0.497800}|OC1=NCCC1{solv}{x=0.502200}>,CCCCO,OC1=NCCC1,fb-fit-v1-single-mean-k100,3,1.503718183725674,0.0449674618188339,0.2326,0.0026
13530,3135,dhmix_1661138478850718837,825,EnthalpyOfMixing,<Substance CCCCO{solv}{x=0.754800}|OC1=NCCC1{solv}{x=0.245200}>,CCCCO,OC1=NCCC1,fb-fit-v1-single-mean-k100,3,1.2774072314802307,0.0427723537961725,0.2356,0.00265
13531,3136,dens_1878955695276199878,826,Density,<Substance CCCCO{solv}{x=0.144600}|OC1=NCCC1{solv}{x=0.855400}>,CCCCO,OC1=NCCC1,fb-fit-v1-single-mean-k100,3,1.0219488466791815,0.0002327480874541,1.0575900000000005,0.000205
13532,3137,dens_2101998760005952263,827,Density,<Substance CCCCO{solv}{x=0.755500}|OC1=NCCC1{solv}{x=0.244500}>,CCCCO,OC1=NCCC1,fb-fit-v1-single-mean-k100,3,0.865566022916036,0.0002680184789384,0.8711500000000002,0.000185
13533,3138,dhmix_569012254773025696,828,EnthalpyOfMixing,<Substance CC(C)(C)O{solv}{x=0.505700}|OC1=NCCC1{solv}{x=0.494300}>,CC(C)(C)O,OC1=NCCC1,fb-fit-v1-single-mean-k100,3,2.0979877834207628,0.0384684244696552,0.4323,0.0047
13534,3139,dens_992979807705536615,829,Density,<Substance CC(C)(C)O{solv}{x=0.751100}|OC1=NCCC1{solv}{x=0.248900}>,CC(C)(C)O,OC1=NCCC1,fb-fit-v1-single-mean-k100,3,0.8737658755097271,0.0003744542783124,0.8505700000000003,0.000215
13535,3140,dens_1020722913861580636,830,Density,<Substance CC(C)(C)O{solv}{x=0.499700}|OC1=NCCC1{solv}{x=0.500300}>,CC(C)(C)O,OC1=NCCC1,fb-fit-v1-single-mean-k100,3,0.9318787764604564,0.0002090638704096,0.9282800000000002,0.00018
13536,3141,dhmix_1408261346335628114,831,EnthalpyOfMixing,<Substance CC(C)(C)O{solv}{x=0.744900}|OC1=NCCC1{solv}{x=0.255100}>,CC(C)(C)O,OC1=NCCC1,fb-fit-v1-single-mean-k100,3,1.588746501415116,0.0413975449697531,0.3774,0.00415
13537,3142,dhmix_1466823939183874689,832,EnthalpyOfMixing,<Substance CC(C)(C)O{solv}{x=0.257800}|OC1=NCCC1{solv}{x=0.742200}>,CC(C)(C)O,OC1=NCCC1,fb-fit-v1-single-mean-k100,3,1.3859105177187132,0.0379963434649746,0.2874,0.0032
13538,3143,dens_1768273433543243004,833,Density,<Substance CC(C)(C)O{solv}{x=0.276400}|OC1=NCCC1{solv}{x=0.723600}>,CC(C)(C)O,OC1=NCCC1,fb-fit-v1-single-mean-k100,3,0.989273800723324,0.0002370800263821,1.0036300000000002,0.000155
13539,3144,dens_571827819113574480,834,Density,<Substance CC(C)OC(C)C{solv}{x=0.700400}|Cc1ccccc1{solv}{x=0.299600}>,CC(C)OC(C)C,Cc1ccccc1,fb-fit-v1-single-mean-k100,3,0.77101377653468,0.0002243864177935,0.7573100000000001,0.000155
13540,3145,dhmix_686402805609192969,835,EnthalpyOfMixing,<Substance CC(C)OC(C)C{solv}{x=0.228000}|Cc1ccccc1{solv}{x=0.772000}>,CC(C)OC(C)C,Cc1ccccc1,fb-fit-v1-single-mean-k100,3,0.0146046946641149,0.0451140956452595,0.0593,0.00515
13541,3146,dhmix_1045652173440309018,836,EnthalpyOfMixing,<Substance CC(C)OC(C)C{solv}{x=0.752000}|Cc1ccccc1{solv}{x=0.248000}>,CC(C)OC(C)C,Cc1ccccc1,fb-fit-v1-single-mean-k100,3,-0.1451813814667311,0.046351230931745,-0.0091,0.00505
13542,3147,dhmix_1690461453403165745,837,EnthalpyOfMixing,<Substance CC(C)OC(C)C{solv}{x=0.455000}|Cc1ccccc1{solv}{x=0.545000}>,CC(C)OC(C)C,Cc1ccccc1,fb-fit-v1-single-mean-k100,3,0.0050186984306321,0.0409877064750902,0.0323,0.0051
13543,3148,dens_2086775654110573795,838,Density,<Substance CC(C)OC(C)C{solv}{x=0.200400}|Cc1ccccc1{solv}{x=0.799600}>,CC(C)OC(C)C,Cc1ccccc1,fb-fit-v1-single-mean-k100,3,0.8409831988585623,0.000217429082345,0.8299700000000002,0.00014
13544,3149,dens_2167043968237201720,839,Density,<Substance CC(C)OC(C)C{solv}{x=0.500300}|Cc1ccccc1{solv}{x=0.499700}>,CC(C)OC(C)C,Cc1ccccc1,fb-fit-v1-single-mean-k100,3,0.7982802671443102,0.0002000709798373,0.7849200000000002,0.000155
13545,3150,dhmix_578047845607378963,840,EnthalpyOfMixing,<Substance CN1CCCC1=O{solv}{x=0.635900}|c1ccncc1{solv}{x=0.364100}>,CN1CCCC1=O,c1ccncc1,fb-fit-v1-single-mean-k100,3,-0.3450946811515907,0.0416011741125246,-0.4013,0.10035
13546,3151,dhmix_625120262301063359,841,EnthalpyOfMixing,<Substance CN1CCCC1=O{solv}{x=0.231200}|c1ccncc1{solv}{x=0.768800}>,CN1CCCC1=O,c1ccncc1,fb-fit-v1-single-mean-k100,3,-0.2214579310017068,0.0356833240153565,-0.3157,0.07895
13547,3152,dens_1059919274311274879,842,Density,<Substance CN1CCCC1=O{solv}{x=0.521500}|c1ccncc1{solv}{x=0.478500}>,CN1CCCC1=O,c1ccncc1,fb-fit-v1-single-mean-k100,3,1.0005504838744166,0.0002325068238578,1.0158200000000004,0.00051
13548,3153,dens_1445187430653020908,843,Density,<Substance CN1CCCC1=O{solv}{x=0.234800}|c1ccncc1{solv}{x=0.765200}>,CN1CCCC1=O,c1ccncc1,fb-fit-v1-single-mean-k100,3,0.9913057541072056,0.0002265091455652,0.9983500000000004,0.00051
13549,3154,dhmix_1933003504821603087,844,EnthalpyOfMixing,<Substance CN1CCCC1=O{solv}{x=0.499500}|c1ccncc1{solv}{x=0.500500}>,CN1CCCC1=O,c1ccncc1,fb-fit-v1-single-mean-k100,3,-0.3378400957231964,0.0355045395100298,-0.4356,0.1089
13550,3155,dens_2199047009222847682,845,Density,<Substance CN1CCCC1=O{solv}{x=0.636400}|c1ccncc1{solv}{x=0.363600}>,CN1CCCC1=O,c1ccncc1,fb-fit-v1-single-mean-k100,3,1.0039304855323925,0.0002078348277885,1.0207400000000002,0.00051
13551,3156,dens_586351122522837789,846,Density,<Substance c1cc[nH]c1{solv}{x=0.820700}|c1ccccc1{solv}{x=0.179300}>,c1cc[nH]c1,c1ccccc1,fb-fit-v1-single-mean-k100,3,0.9666755211485508,0.0002574029866422,0.9503300000000002,0.000195
13552,3157,dhmix_1101447260293284221,847,EnthalpyOfMixing,<Substance c1cc[nH]c1{solv}{x=0.494000}|c1ccccc1{solv}{x=0.506000}>,c1cc[nH]c1,c1ccccc1,fb-fit-v1-single-mean-k100,3,0.5955759571736223,0.0377022518505705,0.609,0.00395
13553,3158,dens_1366042600317618213,848,Density,<Substance c1cc[nH]c1{solv}{x=0.503000}|c1ccccc1{solv}{x=0.497000}>,c1cc[nH]c1,c1ccccc1,fb-fit-v1-single-mean-k100,3,0.9326697414657968,0.0002324466393591,0.9220400000000002,0.00019
13554,3159,dens_2042223650153961549,849,Density,<Substance c1cc[nH]c1{solv}{x=0.314200}|c1ccccc1{solv}{x=0.685800}>,c1cc[nH]c1,c1ccccc1,fb-fit-v1-single-mean-k100,3,0.9143967253658188,0.0002669411921792,0.9043500000000002,0.000195
13555,3160,dhmix_2080652523589171296,850,EnthalpyOfMixing,<Substance c1cc[nH]c1{solv}{x=0.820800}|c1ccccc1{solv}{x=0.179200}>,c1cc[nH]c1,c1ccccc1,fb-fit-v1-single-mean-k100,3,0.3112578376569175,0.0364064144518602,0.3441,0.00245
13556,3161,dhmix_2101365800313583195,851,EnthalpyOfMixing,<Substance c1cc[nH]c1{solv}{x=0.314000}|c1ccccc1{solv}{x=0.686000}>,c1cc[nH]c1,c1ccccc1,fb-fit-v1-single-mean-k100,3,0.5663515800018217,0.0397004329509886,0.5893,0.00385
13557,3162,dens_592296207180530796,852,Density,<Substance C1CCNCC1{solv}{x=0.250000}|O{solv}{x=0.750000}>,C1CCNCC1,O,fb-fit-v1-single-mean-k100,3,0.915977378158312,0.0003543437379659,0.9379600000000002,0.000185
13558,3163,dhmix_598563182385523239,853,EnthalpyOfMixing,<Substance C1CCNCC1{solv}{x=0.750000}|O{solv}{x=0.250000}>,C1CCNCC1,O,fb-fit-v1-single-mean-k100,3,-1.0299906738924491,0.0419041294969813,-1.4628,0.02995
13559,3164,dens_1144696340343060729,854,Density,<Substance C1CCNCC1{solv}{x=0.500000}|O{solv}{x=0.500000}>,C1CCNCC1,O,fb-fit-v1-single-mean-k100,3,0.8930686727788997,0.0003287425460098,0.90329,0.000235
13560,3165,dens_1551117370864361960,855,Density,<Substance C1CCNCC1{solv}{x=0.750000}|O{solv}{x=0.250000}>,C1CCNCC1,O,fb-fit-v1-single-mean-k100,3,0.8795112807342456,0.0002056344347092,0.8771300000000002,0.000285
13561,3166,dhmix_2023343497633678069,856,EnthalpyOfMixing,<Substance C1CCNCC1{solv}{x=0.500000}|O{solv}{x=0.500000}>,C1CCNCC1,O,fb-fit-v1-single-mean-k100,3,-1.4031842671374903,0.0326807269036992,-2.1379,0.04355
13562,3167,dhmix_2169709193905404129,857,EnthalpyOfMixing,<Substance C1CCNCC1{solv}{x=0.250000}|O{solv}{x=0.750000}>,C1CCNCC1,O,fb-fit-v1-single-mean-k100,3,-0.9839900787578096,0.02824189510685,-1.9642,0.04065
13563,3168,dhmix_597694390671293228,858,EnthalpyOfMixing,<Substance C1CCCCC1{solv}{x=0.495000}|c1cc[nH]c1{solv}{x=0.505000}>,C1CCCCC1,c1cc[nH]c1,fb-fit-v1-single-mean-k100,3,1.490764051743824,0.0385428167110799,1.4275,0.00895
13564,3169,dens_1402964712081643759,859,Density,<Substance C1CCCCC1{solv}{x=0.281700}|c1cc[nH]c1{solv}{x=0.718300}>,C1CCCCC1,c1cc[nH]c1,fb-fit-v1-single-mean-k100,3,0.9003277818659876,0.0002311802736731,0.9082800000000002,0.00023
13565,3170,dens_1463337814181203578,860,Density,<Substance C1CCCCC1{solv}{x=0.925100}|c1cc[nH]c1{solv}{x=0.074900}>,C1CCCCC1,c1cc[nH]c1,fb-fit-v1-single-mean-k100,3,0.7772386719822698,0.000239446695943,0.7860300000000001,0.00026
13566,3171,dens_1586039458655447443,861,Density,<Substance C1CCCCC1{solv}{x=0.494200}|c1cc[nH]c1{solv}{x=0.505800}>,C1CCCCC1,c1cc[nH]c1,fb-fit-v1-single-mean-k100,3,0.8500423058346473,0.0002316215560402,0.8661300000000002,0.000235
13567,3172,dhmix_1650717903260721901,862,EnthalpyOfMixing,<Substance C1CCCCC1{solv}{x=0.924800}|c1cc[nH]c1{solv}{x=0.075200}>,C1CCCCC1,c1cc[nH]c1,fb-fit-v1-single-mean-k100,3,0.7290624401568095,0.0410086499044653,0.7315,0.00535
13568,3173,dhmix_1709124910710738018,863,EnthalpyOfMixing,<Substance C1CCCCC1{solv}{x=0.281800}|c1cc[nH]c1{solv}{x=0.718200}>,C1CCCCC1,c1cc[nH]c1,fb-fit-v1-single-mean-k100,3,1.2897927982713853,0.0360178695604615,1.245,0.00795
13569,3174,dhmix_602003453564252918,864,EnthalpyOfMixing,<Substance COc1ccccc1{solv}{x=0.767000}|OCCc1ccccc1{solv}{x=0.233000}>,COc1ccccc1,OCCc1ccccc1,fb-fit-v1-single-mean-k100,3,0.8584185842523198,0.0463043091397738,1.1154,0.01195
13570,3175,dhmix_831666159864093343,865,EnthalpyOfMixing,<Substance COc1ccccc1{solv}{x=0.267800}|OCCc1ccccc1{solv}{x=0.732200}>,COc1ccccc1,OCCc1ccccc1,fb-fit-v1-single-mean-k100,3,0.9429662405816828,0.0518354614434051,0.688,0.00745
13571,3176,dhmix_1415130215717622630,866,EnthalpyOfMixing,<Substance COc1ccccc1{solv}{x=0.523200}|OCCc1ccccc1{solv}{x=0.476800}>,COc1ccccc1,OCCc1ccccc1,fb-fit-v1-single-mean-k100,3,1.080936603296017,0.0470461508719653,1.0457,0.0112
13572,3177,dens_2018050376435813399,867,Density,<Substance COc1ccccc1{solv}{x=0.767300}|OCCc1ccccc1{solv}{x=0.232700}>,COc1ccccc1,OCCc1ccccc1,fb-fit-v1-single-mean-k100,3,0.9887709372421702,0.0001907898923797,0.9869000000000002,0.00026
13573,3178,dens_2083067547090229321,868,Density,<Substance COc1ccccc1{solv}{x=0.524500}|OCCc1ccccc1{solv}{x=0.475500}>,COc1ccccc1,OCCc1ccccc1,fb-fit-v1-single-mean-k100,3,0.9973726310266064,0.0001621273206594,0.9943600000000002,0.00026
13574,3179,dens_2108796896152795987,869,Density,<Substance COc1ccccc1{solv}{x=0.212100}|OCCc1ccccc1{solv}{x=0.787900}>,COc1ccccc1,OCCc1ccccc1,fb-fit-v1-single-mean-k100,3,1.0071137825663603,0.0002865328761989,1.0032600000000005,0.00026
13575,3180,dhmix_607389561715885318,870,EnthalpyOfMixing,<Substance CC(C)O{solv}{x=0.750600}|CCOC(=O)CC(=O)OCC{solv}{x=0.249400}>,CC(C)O,CCOC(=O)CC(=O)OCC,fb-fit-v1-single-mean-k100,3,2.146701111062825,0.0402421870395424,1.955,0.021
13576,3181,dhmix_970997719035766241,871,EnthalpyOfMixing,<Substance CC(C)O{solv}{x=0.249200}|CCOC(=O)CC(=O)OCC{solv}{x=0.750800}>,CC(C)O,CCOC(=O)CC(=O)OCC,fb-fit-v1-single-mean-k100,3,1.6928632842054867,0.0519377870573765,1.804,0.0195
13577,3182,dens_1055220895195342210,872,Density,<Substance CC(C)O{solv}{x=0.700000}|CCOC(=O)CC(=O)OCC{solv}{x=0.300000}>,CC(C)O,CCOC(=O)CC(=O)OCC,fb-fit-v1-single-mean-k100,3,0.9262870730374078,0.0002038341862377,0.9013080000000002,0.000163
13578,3183,dens_1059428282849222105,873,Density,<Substance CC(C)O{solv}{x=0.500100}|CCOC(=O)CC(=O)OCC{solv}{x=0.499900}>,CC(C)O,CCOC(=O)CC(=O)OCC,fb-fit-v1-single-mean-k100,3,0.981611611823749,0.0001982668995172,0.9563730000000004,0.0001215
13579,3184,dhmix_2225069850502215858,874,EnthalpyOfMixing,<Substance CC(C)O{solv}{x=0.499700}|CCOC(=O)CC(=O)OCC{solv}{x=0.500300}>,CC(C)O,CCOC(=O)CC(=O)OCC,fb-fit-v1-single-mean-k100,3,2.396254352553541,0.0422746777102682,2.369,0.0255
13580,3185,dens_2227064517025896927,875,Density,<Substance CC(C)O{solv}{x=0.200000}|CCOC(=O)CC(=O)OCC{solv}{x=0.800000}>,CC(C)O,CCOC(=O)CC(=O)OCC,fb-fit-v1-single-mean-k100,3,1.042528850727941,0.0002107144861694,1.0176930000000002,0.000103
13581,3186,dhmix_614525131410782877,876,EnthalpyOfMixing,<Substance CCCCCC(C)=O{solv}{x=0.491300}|CCCCNCCCC{solv}{x=0.508700}>,CCCCCC(C)=O,CCCCNCCCC,fb-fit-v1-single-mean-k100,3,-0.2639326103099506,0.0452684696978866,0.278,0.003
13582,3187,dhmix_1051001364116056564,877,EnthalpyOfMixing,<Substance CCCCCC(C)=O{solv}{x=0.781100}|CCCCNCCCC{solv}{x=0.218900}>,CCCCCC(C)=O,CCCCNCCCC,fb-fit-v1-single-mean-k100,3,-0.0371726136740022,0.0480464339241625,0.164,0.002
13583,3188,dens_1087422962538109584,878,Density,<Substance CCCCCC(C)=O{solv}{x=0.449900}|CCCCNCCCC{solv}{x=0.550100}>,CCCCCC(C)=O,CCCCNCCCC,fb-fit-v1-single-mean-k100,3,0.7839120160471663,0.0001530308127928,0.7778490000000002,9.250000000000004e-05
13584,3189,dens_1830187222448876426,879,Density,<Substance CCCCCC(C)=O{solv}{x=0.209700}|CCCCNCCCC{solv}{x=0.790300}>,CCCCCC(C)=O,CCCCNCCCC,fb-fit-v1-single-mean-k100,3,0.7719932925305503,0.0001739601544584,0.7655110000000002,8.400000000000002e-05
13585,3190,dens_2113849591242853193,880,Density,<Substance CCCCCC(C)=O{solv}{x=0.750900}|CCCCNCCCC{solv}{x=0.249100}>,CCCCCC(C)=O,CCCCNCCCC,fb-fit-v1-single-mean-k100,3,0.7994047879701421,0.0001773258055666,0.7951660000000003,0.000105
13586,3191,dhmix_2131918011494960609,881,EnthalpyOfMixing,<Substance CCCCCC(C)=O{solv}{x=0.294700}|CCCCNCCCC{solv}{x=0.705300}>,CCCCCC(C)=O,CCCCNCCCC,fb-fit-v1-single-mean-k100,3,-0.0536356553131867,0.0466729147840384,0.256,0.003
13587,3192,dhmix_618866445574413387,882,EnthalpyOfMixing,<Substance C1CCOCC1{solv}{x=0.442500}|Cc1ccccc1C{solv}{x=0.557500}>,C1CCOCC1,Cc1ccccc1C,fb-fit-v1-single-mean-k100,3,-0.0463108976285298,0.0391639404629608,-0.0342,0.0006
13588,3193,dens_643927890193937545,883,Density,<Substance C1CCOCC1{solv}{x=0.518700}|Cc1ccccc1C{solv}{x=0.481300}>,C1CCOCC1,Cc1ccccc1C,fb-fit-v1-single-mean-k100,3,0.8752315106506486,0.0002057506598025,0.8779900000000003,0.0005
13589,3194,dhmix_1129414916141538177,884,EnthalpyOfMixing,<Substance C1CCOCC1{solv}{x=0.744300}|Cc1ccccc1C{solv}{x=0.255700}>,C1CCOCC1,Cc1ccccc1C,fb-fit-v1-single-mean-k100,3,-0.049727763340158,0.0455259647582434,0.0421,0.00065
13590,3195,dens_1429468909820653032,885,Density,<Substance C1CCOCC1{solv}{x=0.231800}|Cc1ccccc1C{solv}{x=0.768200}>,C1CCOCC1,Cc1ccccc1C,fb-fit-v1-single-mean-k100,3,0.8745748258837653,0.0001982112823617,0.8770400000000002,0.0005
13591,3196,dens_1442497603142913792,886,Density,<Substance C1CCOCC1{solv}{x=0.772900}|Cc1ccccc1C{solv}{x=0.227100}>,C1CCOCC1,Cc1ccccc1C,fb-fit-v1-single-mean-k100,3,0.8758755899569713,0.0002228095793963,0.8787800000000002,0.000505
13592,3197,dhmix_2268256048157488415,887,EnthalpyOfMixing,<Substance C1CCOCC1{solv}{x=0.245400}|Cc1ccccc1C{solv}{x=0.754600}>,C1CCOCC1,Cc1ccccc1C,fb-fit-v1-single-mean-k100,3,-0.0953769664120756,0.0426167151817746,-0.0613,0.00085
13593,3198,dens_626398848152359169,888,Density,<Substance C1COCCN1{solv}{x=0.498000}|O{solv}{x=0.502000}>,C1COCCN1,O,fb-fit-v1-single-mean-k100,3,1.0464738091391768,0.0003738561363702,1.0255000000000003,0.00255
13594,3199,dhmix_773913810754342365,889,EnthalpyOfMixing,<Substance C1COCCN1{solv}{x=0.714900}|O{solv}{x=0.285100}>,C1COCCN1,O,fb-fit-v1-single-mean-k100,3,-2.4701802858757276,0.0381005595545699,-1.753,0.019
13595,3200,dhmix_1012297674499495059,890,EnthalpyOfMixing,<Substance C1COCCN1{solv}{x=0.201000}|O{solv}{x=0.799000}>,C1COCCN1,O,fb-fit-v1-single-mean-k100,3,-1.7417171451335385,0.0252249806330424,-2.758,0.0295
13596,3201,dens_1167008264969667349,891,Density,<Substance C1COCCN1{solv}{x=0.793000}|O{solv}{x=0.207000}>,C1COCCN1,O,fb-fit-v1-single-mean-k100,3,1.046971445750897,0.0002604449721471,1.0057000000000005,0.00245
13597,3202,dhmix_1871930573512426354,892,EnthalpyOfMixing,<Substance C1COCCN1{solv}{x=0.491100}|O{solv}{x=0.508900}>,C1COCCN1,O,fb-fit-v1-single-mean-k100,3,-2.7977143665972477,0.0360389442534155,-3.131,0.0335
13598,3203,dens_2014911999593579414,893,Density,<Substance C1COCCN1{solv}{x=0.298000}|O{solv}{x=0.702000}>,C1COCCN1,O,fb-fit-v1-single-mean-k100,3,1.0370350376198267,0.0003791235008035,1.0309000000000004,0.00255
13599,3204,dens_627753907231278660,894,Density,<Substance CCC(C)=O{solv}{x=0.753100}|CCCNCCC{solv}{x=0.246900}>,CCC(C)=O,CCCNCCC,fb-fit-v1-single-mean-k100,3,0.7786017299909911,0.0002217369879858,0.7771510000000001,0.000109
13600,3205,dens_674236159588910357,895,Density,<Substance CCC(C)=O{solv}{x=0.244600}|CCCNCCC{solv}{x=0.755400}>,CCC(C)=O,CCCNCCC,fb-fit-v1-single-mean-k100,3,0.7510984081893675,0.0002127469025174,0.7446230000000003,0.0001405
13601,3206,dhmix_749228177959685874,896,EnthalpyOfMixing,<Substance CCC(C)=O{solv}{x=0.235300}|CCCNCCC{solv}{x=0.764700}>,CCC(C)=O,CCCNCCC,fb-fit-v1-single-mean-k100,3,0.0647932908358939,0.0506055090194354,0.299,0.0035
13602,3207,dhmix_1706960823617656563,897,EnthalpyOfMixing,<Substance CCC(C)=O{solv}{x=0.698400}|CCCNCCC{solv}{x=0.301600}>,CCC(C)=O,CCCNCCC,fb-fit-v1-single-mean-k100,3,0.0040067497040183,0.0438972189603178,0.334,0.0035
13603,3208,dhmix_2102794241345605516,898,EnthalpyOfMixing,<Substance CCC(C)=O{solv}{x=0.505000}|CCCNCCC{solv}{x=0.495000}>,CCC(C)=O,CCCNCCC,fb-fit-v1-single-mean-k100,3,0.0024213209237515,0.0451120331410182,0.397,0.0045
13604,3209,dens_2224864308887622456,899,Density,<Substance CCC(C)=O{solv}{x=0.500600}|CCCNCCC{solv}{x=0.499400}>,CCC(C)=O,CCCNCCC,fb-fit-v1-single-mean-k100,3,0.7637410725313026,0.0002117343233206,0.7590400000000002,0.000125
13605,3210,dhmix_628329103086906726,900,EnthalpyOfMixing,<Substance CC1CCCCC1{solv}{x=0.250400}|CCCO{solv}{x=0.749600}>,CC1CCCCC1,CCCO,fb-fit-v1-single-mean-k100,3,0.3547720227294491,0.0408402455207766,0.321,0.0055
13606,3211,dhmix_989207392771680315,901,EnthalpyOfMixing,<Substance CC1CCCCC1{solv}{x=0.750500}|CCCO{solv}{x=0.249500}>,CC1CCCCC1,CCCO,fb-fit-v1-single-mean-k100,3,0.4898515125907039,0.0448751803909378,0.574,0.0055
13607,3212,dens_1351260115393741606,902,Density,<Substance CC1CCCCC1{solv}{x=0.503100}|CCCO{solv}{x=0.496900}>,CC1CCCCC1,CCCO,fb-fit-v1-single-mean-k100,3,0.7807805308369071,0.0002056506899976,0.7785600000000001,0.0039
13608,3213,dens_1376195506089851480,903,Density,<Substance CC1CCCCC1{solv}{x=0.202700}|CCCO{solv}{x=0.797300}>,CC1CCCCC1,CCCO,fb-fit-v1-single-mean-k100,3,0.7908221313091791,0.0001928824903942,0.7942000000000002,0.00398
13609,3214,dens_1501229836503112732,904,Density,<Substance CC1CCCCC1{solv}{x=0.799000}|CCCO{solv}{x=0.201000}>,CC1CCCCC1,CCCO,fb-fit-v1-single-mean-k100,3,0.7747626941302669,0.0002157362988707,0.7688300000000002,0.003855
13610,3215,dhmix_2109805019413953371,905,EnthalpyOfMixing,<Substance CC1CCCCC1{solv}{x=0.500400}|CCCO{solv}{x=0.499600}>,CC1CCCCC1,CCCO,fb-fit-v1-single-mean-k100,3,0.563655578509433,0.040129563007658,0.533,0.0055
13611,3216,dhmix_634764080264908666,906,EnthalpyOfMixing,<Substance OCCN1CCOCC1{solv}{x=0.498900}|O{solv}{x=0.501100}>,O,OCCN1CCOCC1,fb-fit-v1-single-mean-k100,3,-3.0286288835902866,0.0307874609941951,-2.2633,0.02415
13612,3217,dens_707792343667224312,907,Density,<Substance OCCN1CCOCC1{solv}{x=0.246600}|O{solv}{x=0.753400}>,O,OCCN1CCOCC1,fb-fit-v1-single-mean-k100,3,1.0795665185181706,0.00044311441458,1.0838100000000002,0.00154
13613,3218,dhmix_1064373607860850902,908,EnthalpyOfMixing,<Substance OCCN1CCOCC1{solv}{x=0.694900}|O{solv}{x=0.305100}>,O,OCCN1CCOCC1,fb-fit-v1-single-mean-k100,3,-2.8004947579075576,0.0470122297767944,-1.7936,0.01915
13614,3219,dhmix_1846281306963870091,909,EnthalpyOfMixing,<Substance OCCN1CCOCC1{solv}{x=0.300200}|O{solv}{x=0.699800}>,O,OCCN1CCOCC1,fb-fit-v1-single-mean-k100,3,-2.482449797991407,0.0377886791393497,-2.426,0.026
13615,3220,dens_2238932092645470826,910,Density,<Substance OCCN1CCOCC1{solv}{x=0.743900}|O{solv}{x=0.256100}>,O,OCCN1CCOCC1,fb-fit-v1-single-mean-k100,3,1.0979557668608488,0.0001098977657742,1.08031,0.001565
13616,3221,dens_2269173599223764079,911,Density,<Substance OCCN1CCOCC1{solv}{x=0.485200}|O{solv}{x=0.514800}>,O,OCCN1CCOCC1,fb-fit-v1-single-mean-k100,3,1.0973798291324075,0.0003214691050821,1.0866900000000004,0.00159
13617,3222,dhmix_636778454546345333,912,EnthalpyOfMixing,<Substance C1CCCCC1{solv}{x=0.506300}|CNc1ccccc1{solv}{x=0.493700}>,C1CCCCC1,CNc1ccccc1,fb-fit-v1-single-mean-k100,3,2.181043466876112,0.0470130988854039,1.628,0.0175
13618,3223,dens_1209163492396921559,913,Density,<Substance C1CCCCC1{solv}{x=0.247000}|CNc1ccccc1{solv}{x=0.753000}>,C1CCCCC1,CNc1ccccc1,fb-fit-v1-single-mean-k100,3,0.9384002196082436,0.000215555530162,0.9289450000000002,0.000272
13619,3224,dens_1438140901521078017,914,Density,<Substance C1CCCCC1{solv}{x=0.494500}|CNc1ccccc1{solv}{x=0.505500}>,C1CCCCC1,CNc1ccccc1,fb-fit-v1-single-mean-k100,3,0.8797091200569592,0.00022400762559,0.8759620000000002,0.0001835
13620,3225,dens_1482697199055102595,915,Density,<Substance C1CCCCC1{solv}{x=0.746400}|CNc1ccccc1{solv}{x=0.253600}>,C1CCCCC1,CNc1ccccc1,fb-fit-v1-single-mean-k100,3,0.8217720689756121,0.0001887757345659,0.8233530000000001,0.000138
13621,3226,dhmix_1832297119731463766,916,EnthalpyOfMixing,<Substance C1CCCCC1{solv}{x=0.204700}|CNc1ccccc1{solv}{x=0.795300}>,C1CCCCC1,CNc1ccccc1,fb-fit-v1-single-mean-k100,3,1.4035101265668573,0.0484038716254768,0.972,0.0105
13622,3227,dhmix_1889368397403208807,917,EnthalpyOfMixing,<Substance C1CCCCC1{solv}{x=0.706600}|CNc1ccccc1{solv}{x=0.293400}>,C1CCCCC1,CNc1ccccc1,fb-fit-v1-single-mean-k100,3,1.7681916615233888,0.0386576418396173,1.521,0.0165
13623,3228,dhmix_637657437173907469,918,EnthalpyOfMixing,<Substance CC(C)=O{solv}{x=0.709700}|CNc1ccccc1{solv}{x=0.290300}>,CC(C)=O,CNc1ccccc1,fb-fit-v1-single-mean-k100,3,-0.4570365923644957,0.0364427456497213,-0.525,0.0055
13624,3229,dhmix_817594693007274900,919,EnthalpyOfMixing,<Substance CC(C)=O{solv}{x=0.231600}|CNc1ccccc1{solv}{x=0.768400}>,CC(C)=O,CNc1ccccc1,fb-fit-v1-single-mean-k100,3,-0.6516036922992443,0.0383872738643979,-0.5,0.0055
13625,3230,dens_830664987854613197,920,Density,<Substance CC(C)=O{solv}{x=0.250300}|CNc1ccccc1{solv}{x=0.749700}>,CC(C)=O,CNc1ccccc1,fb-fit-v1-single-mean-k100,3,0.9649405064400284,0.0002067718101961,0.9502900000000002,0.0003395
13626,3231,dhmix_1052042310023734389,921,EnthalpyOfMixing,<Substance CC(C)=O{solv}{x=0.508600}|CNc1ccccc1{solv}{x=0.491400}>,CC(C)=O,CNc1ccccc1,fb-fit-v1-single-mean-k100,3,-0.7319657609165695,0.034119035129349,-0.672,0.0075
13627,3232,dens_1302333367899693905,922,Density,<Substance CC(C)=O{solv}{x=0.750600}|CNc1ccccc1{solv}{x=0.249400}>,CC(C)=O,CNc1ccccc1,fb-fit-v1-single-mean-k100,3,0.8654135674709575,0.0002592271321465,0.8565010000000002,0.000231
13628,3233,dens_1582643029733708616,923,Density,<Substance CC(C)=O{solv}{x=0.494800}|CNc1ccccc1{solv}{x=0.505200}>,CC(C)=O,CNc1ccccc1,fb-fit-v1-single-mean-k100,3,0.9228078434759458,0.0001896327074127,0.9107940000000002,0.000263
13629,3234,dens_650566412384126439,924,Density,<Substance CC(C)CC(C)(C)C{solv}{x=0.158800}|CCCCC(=O)OC{solv}{x=0.841200}>,CC(C)CC(C)(C)C,CCCCC(=O)OC,fb-fit-v1-single-mean-k100,3,0.8571810412733982,0.0001943065489073,0.8463800000000002,0.000505
13630,3235,dhmix_986100941633296124,925,EnthalpyOfMixing,<Substance CC(C)CC(C)(C)C{solv}{x=0.481800}|CCCCC(=O)OC{solv}{x=0.518200}>,CC(C)CC(C)(C)C,CCCCC(=O)OC,fb-fit-v1-single-mean-k100,3,1.3145482360794034,0.0483829551801111,0.866,0.0095
13631,3236,dens_1095352626338523806,926,Density,<Substance CC(C)CC(C)(C)C{solv}{x=0.742500}|CCCCC(=O)OC{solv}{x=0.257500}>,CC(C)CC(C)(C)C,CCCCC(=O)OC,fb-fit-v1-single-mean-k100,3,0.7504450251120287,0.0001351965024454,0.7289800000000002,0.000505
13632,3237,dens_1260001645299629257,927,Density,<Substance CC(C)CC(C)(C)C{solv}{x=0.498400}|CCCCC(=O)OC{solv}{x=0.501600}>,CC(C)CC(C)(C)C,CCCCC(=O)OC,fb-fit-v1-single-mean-k100,3,0.7910478511034805,0.0001891905310728,0.7738400000000002,0.000505
13633,3238,dhmix_1505455794590867712,928,EnthalpyOfMixing,<Substance CC(C)CC(C)(C)C{solv}{x=0.158900}|CCCCC(=O)OC{solv}{x=0.841100}>,CC(C)CC(C)(C)C,CCCCC(=O)OC,fb-fit-v1-single-mean-k100,3,0.6706684753895615,0.0486891413267057,0.438,0.005
13634,3239,dhmix_1888614200283593194,929,EnthalpyOfMixing,<Substance CC(C)CC(C)(C)C{solv}{x=0.781300}|CCCCC(=O)OC{solv}{x=0.218700}>,CC(C)CC(C)(C)C,CCCCC(=O)OC,fb-fit-v1-single-mean-k100,3,0.965895862572026,0.0566281157744701,0.658,0.007
13635,3240,dhmix_657900975986635712,930,EnthalpyOfMixing,<Substance Cc1ccccc1N{solv}{x=0.782700}|Cc1ccncc1{solv}{x=0.217300}>,Cc1ccccc1N,Cc1ccncc1,fb-fit-v1-single-mean-k100,3,-0.9814282676346052,0.0540003545576015,-0.8885,0.0182
13636,3241,dhmix_727678512066874384,931,EnthalpyOfMixing,<Substance Cc1ccccc1N{solv}{x=0.478300}|Cc1ccncc1{solv}{x=0.521700}>,Cc1ccccc1N,Cc1ccncc1,fb-fit-v1-single-mean-k100,3,-1.3654262562314372,0.0422843610424158,-1.4295,0.0291
13637,3242,dhmix_860941552641107708,932,EnthalpyOfMixing,<Substance Cc1ccccc1N{solv}{x=0.271500}|Cc1ccncc1{solv}{x=0.728500}>,Cc1ccccc1N,Cc1ccncc1,fb-fit-v1-single-mean-k100,3,-1.2237918007408766,0.040158668509401,-1.1791,0.02405
13638,3243,dens_1148106102021344214,933,Density,<Substance Cc1ccccc1N{solv}{x=0.265500}|Cc1ccncc1{solv}{x=0.734500}>,Cc1ccccc1N,Cc1ccncc1,fb-fit-v1-single-mean-k100,3,0.9726588764171772,0.0001935636301757,0.9662520000000002,0.00012
13639,3244,dens_1294189007890656769,934,Density,<Substance Cc1ccccc1N{solv}{x=0.486300}|Cc1ccncc1{solv}{x=0.513700}>,Cc1ccccc1N,Cc1ccncc1,fb-fit-v1-single-mean-k100,3,0.9881820846482992,0.0002129174330321,0.9765780000000002,0.000119
13640,3245,dens_1461384477504239974,935,Density,<Substance Cc1ccccc1N{solv}{x=0.767400}|Cc1ccncc1{solv}{x=0.232600}>,Cc1ccccc1N,Cc1ccncc1,fb-fit-v1-single-mean-k100,3,1.0060168325602157,0.0002525942736025,0.9868740000000004,0.000118
13641,3246,dens_671712471159959715,936,Density,<Substance CCCCCCN{solv}{x=0.294400}|CN(C)C=O{solv}{x=0.705600}>,CCCCCCN,CN(C)C=O,fb-fit-v1-single-mean-k100,3,0.8654584238957587,0.0002257612759691,0.8676880000000002,0.001057
13642,3247,dhmix_791979567859859400,937,EnthalpyOfMixing,<Substance CCCCCCN{solv}{x=0.747800}|CN(C)C=O{solv}{x=0.252200}>,CCCCCCN,CN(C)C=O,fb-fit-v1-single-mean-k100,3,0.4041695365565516,0.0441505888882159,0.461,0.015
13643,3248,dens_812907294215791908,938,Density,<Substance CCCCCCN{solv}{x=0.450000}|CN(C)C=O{solv}{x=0.550000}>,CCCCCCN,CN(C)C=O,fb-fit-v1-single-mean-k100,3,0.8405185581132841,0.0002121450145058,0.8367510000000001,0.001016
13644,3249,dhmix_1553880519684715156,939,EnthalpyOfMixing,<Substance CCCCCCN{solv}{x=0.249700}|CN(C)C=O{solv}{x=0.750300}>,CCCCCCN,CN(C)C=O,fb-fit-v1-single-mean-k100,3,0.473398470995896,0.0395361458229508,0.51,0.0165
13645,3250,dens_1658157305664412923,940,Density,<Substance CCCCCCN{solv}{x=0.745200}|CN(C)C=O{solv}{x=0.254800}>,CCCCCCN,CN(C)C=O,fb-fit-v1-single-mean-k100,3,0.8031084793368739,0.000183636016552,0.7905460000000002,0.0009575
13646,3251,dhmix_2271922176351407084,941,EnthalpyOfMixing,<Substance CCCCCCN{solv}{x=0.499700}|CN(C)C=O{solv}{x=0.500300}>,CCCCCCN,CN(C)C=O,fb-fit-v1-single-mean-k100,3,0.6256792914520446,0.0405445542205005,0.661,0.02
13647,3252,dhmix_676105854791415053,942,EnthalpyOfMixing,<Substance C=C(C)[C@H]1CC=C(C)CC1{solv}{x=0.540000}|CCCCCO{solv}{x=0.460000}>,C=C(C)[C@H]1CC=C(C)CC1,CCCCCO,fb-fit-v1-single-mean-k100,3,0.7067185720356406,0.0501690893923624,0.858,0.0345
13648,3253,dhmix_865539540276734208,943,EnthalpyOfMixing,<Substance C=C(C)[C@H]1CC=C(C)CC1{solv}{x=0.766000}|CCCCCO{solv}{x=0.234000}>,C=C(C)[C@H]1CC=C(C)CC1,CCCCCO,fb-fit-v1-single-mean-k100,3,0.6450542339883611,0.0559712157460866,0.782,0.0315
13649,3254,dens_1544700949225348296,944,Density,<Substance C=C(C)[C@H]1CC=C(C)CC1{solv}{x=0.263500}|CCCCCO{solv}{x=0.736500}>,C=C(C)[C@H]1CC=C(C)CC1,CCCCCO,fb-fit-v1-single-mean-k100,3,0.8250883170309284,0.0002014681986635,0.8238000000000002,0.0002
13650,3255,dens_1638649899512334435,945,Density,<Substance C=C(C)[C@H]1CC=C(C)CC1{solv}{x=0.543500}|CCCCCO{solv}{x=0.456500}>,C=C(C)[C@H]1CC=C(C)CC1,CCCCCO,fb-fit-v1-single-mean-k100,3,0.8311893609928743,0.0001965701412799,0.8312000000000003,0.0003
13651,3256,dens_2014432371647189246,946,Density,<Substance C=C(C)[C@H]1CC=C(C)CC1{solv}{x=0.725200}|CCCCCO{solv}{x=0.274800}>,C=C(C)[C@H]1CC=C(C)CC1,CCCCCO,fb-fit-v1-single-mean-k100,3,0.834744755791361,0.0001257148140813,0.8354000000000001,0.00035
13652,3257,dhmix_2293008983270202716,947,EnthalpyOfMixing,<Substance C=C(C)[C@H]1CC=C(C)CC1{solv}{x=0.272000}|CCCCCO{solv}{x=0.728000}>,C=C(C)[C@H]1CC=C(C)CC1,CCCCCO,fb-fit-v1-single-mean-k100,3,0.4764624845156504,0.0448966456924156,0.532,0.0215
13653,3258,dens_680086766431069719,948,Density,<Substance CN1CCNCC1{solv}{x=0.209100}|O{solv}{x=0.790900}>,CN1CCNCC1,O,fb-fit-v1-single-mean-k100,3,1.0025527852407257,0.0003761995628111,1.0013300000000005,4.000000000000001e-05
13654,3259,dhmix_979415629850644100,949,EnthalpyOfMixing,<Substance CN1CCNCC1{solv}{x=0.199800}|O{solv}{x=0.800200}>,CN1CCNCC1,O,fb-fit-v1-single-mean-k100,3,-4.187046355684714,0.0345322272391016,-4.495,0.048
13655,3260,dhmix_1386641258873877278,950,EnthalpyOfMixing,<Substance CN1CCNCC1{solv}{x=0.792600}|O{solv}{x=0.207400}>,CN1CCNCC1,O,fb-fit-v1-single-mean-k100,3,-1.829623992585283,0.0435100918946666,-1.753,0.019
13656,3261,dhmix_1572121970391530461,951,EnthalpyOfMixing,<Substance CN1CCNCC1{solv}{x=0.550000}|O{solv}{x=0.450000}>,CN1CCNCC1,O,fb-fit-v1-single-mean-k100,3,-3.85886136078895,0.0354545433886986,-3.547,0.038
13657,3262,dens_1756096179620961699,952,Density,<Substance CN1CCNCC1{solv}{x=0.510900}|O{solv}{x=0.489100}>,CN1CCNCC1,O,fb-fit-v1-single-mean-k100,3,0.9819505533800862,0.0002840151523632,0.9464100000000002,7.000000000000002e-05
13658,3263,dens_1892970147583328629,953,Density,<Substance CN1CCNCC1{solv}{x=0.706500}|O{solv}{x=0.293500}>,CN1CCNCC1,O,fb-fit-v1-single-mean-k100,3,0.9714147954791778,0.0001769931413798,0.9223100000000002,8.500000000000002e-05
13659,3264,dhmix_681274412655414068,954,EnthalpyOfMixing,<Substance CCCOC(=O)CC{solv}{x=0.739400}|Cc1ccccc1{solv}{x=0.260600}>,CCCOC(=O)CC,Cc1ccccc1,fb-fit-v1-single-mean-k100,3,-0.3347651126547148,0.053262293503086,-0.1135,0.0033
13660,3265,dhmix_720914323963600437,955,EnthalpyOfMixing,<Substance CCCOC(=O)CC{solv}{x=0.238900}|Cc1ccccc1{solv}{x=0.761100}>,CCCOC(=O)CC,Cc1ccccc1,fb-fit-v1-single-mean-k100,3,-0.2553794984837978,0.0414654981696141,-0.1404,0.0037
13661,3266,dens_1397630560016316656,956,Density,<Substance CCCOC(=O)CC{solv}{x=0.274700}|Cc1ccccc1{solv}{x=0.725300}>,CCCOC(=O)CC,Cc1ccccc1,fb-fit-v1-single-mean-k100,3,0.8762923478618811,0.0002012708919172,0.8675700000000003,0.00018
13662,3267,dhmix_1646061995263935606,957,EnthalpyOfMixing,<Substance CCCOC(=O)CC{solv}{x=0.548600}|Cc1ccccc1{solv}{x=0.451400}>,CCCOC(=O)CC,Cc1ccccc1,fb-fit-v1-single-mean-k100,3,-0.3753015063317093,0.042993053017049,-0.1583,0.004
13663,3268,dens_1792064777238352129,958,Density,<Substance CCCOC(=O)CC{solv}{x=0.490700}|Cc1ccccc1{solv}{x=0.509300}>,CCCOC(=O)CC,Cc1ccccc1,fb-fit-v1-single-mean-k100,3,0.8785626592624081,0.0002076782400797,0.8707300000000002,0.00019
13664,3269,dens_1826904081955826008,959,Density,<Substance CCCOC(=O)CC{solv}{x=0.734600}|Cc1ccccc1{solv}{x=0.265400}>,CCCOC(=O)CC,Cc1ccccc1,fb-fit-v1-single-mean-k100,3,0.8797794649079604,0.0002039062878056,0.8734100000000001,0.00021
13665,3270,dens_685747331874801159,960,Density,<Substance CN1CCOCC1{solv}{x=0.498300}|O{solv}{x=0.501700}>,CN1CCOCC1,O,fb-fit-v1-single-mean-k100,3,0.988161190676536,0.0005255406563752,0.9627600000000002,0.00084
13666,3271,dens_1087644349445114282,961,Density,<Substance CN1CCOCC1{solv}{x=0.253800}|O{solv}{x=0.746200}>,CN1CCOCC1,O,fb-fit-v1-single-mean-k100,3,0.99576548542608,0.0002728886927765,0.9918800000000002,0.00059
13667,3272,dens_1374975991061431070,962,Density,<Substance CN1CCOCC1{solv}{x=0.758700}|O{solv}{x=0.241300}>,CN1CCOCC1,O,fb-fit-v1-single-mean-k100,3,0.9754955489714036,0.0002049766285609,0.9345300000000002,0.00112
13668,3273,dhmix_686592400130667234,963,EnthalpyOfMixing,<Substance BrCCCBr{solv}{x=0.231300}|COC(C)=O{solv}{x=0.768700}>,BrCCCBr,COC(C)=O,fb-fit-v1-single-mean-k100,3,0.2011243148479877,0.0367379119113548,0.2115,0.0024
13669,3274,dhmix_691866222529030049,964,EnthalpyOfMixing,<Substance BrCCCBr{solv}{x=0.504200}|COC(C)=O{solv}{x=0.495800}>,BrCCCBr,COC(C)=O,fb-fit-v1-single-mean-k100,3,0.2114155930319068,0.0343141040717002,0.3912,0.0038
13670,3275,dens_1032175440351342196,965,Density,<Substance BrCCCBr{solv}{x=0.243500}|COC(C)=O{solv}{x=0.756500}>,BrCCCBr,COC(C)=O,fb-fit-v1-single-mean-k100,3,1.2348701065897338,0.0003649968023122,1.2277600000000002,0.00096
13671,3276,dens_1180265274183315765,966,Density,<Substance BrCCCBr{solv}{x=0.713800}|COC(C)=O{solv}{x=0.286200}>,BrCCCBr,COC(C)=O,fb-fit-v1-single-mean-k100,3,1.7019517465761922,0.0004677096070975,1.7174300000000005,0.002745
13672,3277,dhmix_1380172638999588939,967,EnthalpyOfMixing,<Substance BrCCCBr{solv}{x=0.759400}|COC(C)=O{solv}{x=0.240600}>,BrCCCBr,COC(C)=O,fb-fit-v1-single-mean-k100,3,0.1737499846714598,0.0369176702600852,0.313,0.0032
13673,3278,dens_1697077234757321859,968,Density,<Substance BrCCCBr{solv}{x=0.525600}|COC(C)=O{solv}{x=0.474400}>,BrCCCBr,COC(C)=O,fb-fit-v1-single-mean-k100,3,1.5292572095376276,0.0004094018181644,1.5338800000000006,0.001965
13674,3279,dens_693154680723850561,969,Density,<Substance CN1CCCC1=O{solv}{x=0.756400}|Cc1ccccc1{solv}{x=0.243600}>,CN1CCCC1=O,Cc1ccccc1,fb-fit-v1-single-mean-k100,3,0.9747427490673324,0.000212335530826,0.9854500000000004,0.00034
13675,3280,dhmix_1759507684169085916,970,EnthalpyOfMixing,<Substance CN1CCCC1=O{solv}{x=0.741800}|Cc1ccccc1{solv}{x=0.258200}>,CN1CCCC1=O,Cc1ccccc1,fb-fit-v1-single-mean-k100,3,-0.1421336136337956,0.0438034079186653,-0.2141,0.0024
13676,3281,dens_1796497685752507694,971,Density,<Substance CN1CCCC1=O{solv}{x=0.481500}|Cc1ccccc1{solv}{x=0.518500}>,CN1CCCC1=O,Cc1ccccc1,fb-fit-v1-single-mean-k100,3,0.9369864061338828,0.0002101669691121,0.9415400000000002,0.00028
13677,3282,dhmix_1857599089574133884,972,EnthalpyOfMixing,<Substance CN1CCCC1=O{solv}{x=0.223100}|Cc1ccccc1{solv}{x=0.776900}>,CN1CCCC1=O,Cc1ccccc1,fb-fit-v1-single-mean-k100,3,-0.1577932132309101,0.041099574621125,-0.1889,0.00215
13678,3283,dens_1886489466266398819,973,Density,<Substance CN1CCCC1=O{solv}{x=0.221600}|Cc1ccccc1{solv}{x=0.778400}>,CN1CCCC1=O,Cc1ccccc1,fb-fit-v1-single-mean-k100,3,0.90875799377369,0.0001409651153561,0.9061600000000002,0.00076
13679,3284,dhmix_2238554893157725289,974,EnthalpyOfMixing,<Substance CN1CCCC1=O{solv}{x=0.482100}|Cc1ccccc1{solv}{x=0.517900}>,CN1CCCC1=O,Cc1ccccc1,fb-fit-v1-single-mean-k100,3,-0.2052185018901227,0.0394648990481167,-0.2985,0.0033
13680,3285,dens_717951284355382404,975,Density,<Substance CN1CCCC1=O{solv}{x=0.702300}|ClCCCCCCCl{solv}{x=0.297700}>,CN1CCCC1=O,ClCCCCCCCl,fb-fit-v1-single-mean-k100,3,1.0361218594162058,0.0002156101027255,1.0416,0.0003
13681,3286,dhmix_859697969059379656,976,EnthalpyOfMixing,<Substance CN1CCCC1=O{solv}{x=0.503000}|ClCCCCCCCl{solv}{x=0.497000}>,CN1CCCC1=O,ClCCCCCCCl,fb-fit-v1-single-mean-k100,3,0.397531035420414,0.0446391029172569,-0.2,0.0025
13682,3287,dhmix_916885053388204545,977,EnthalpyOfMixing,<Substance CN1CCCC1=O{solv}{x=0.212000}|ClCCCCCCCl{solv}{x=0.788000}>,CN1CCCC1=O,ClCCCCCCCl,fb-fit-v1-single-mean-k100,3,0.1534480965235189,0.0460893944059363,-0.13,0.002
13683,3288,dens_1483670447992291960,978,Density,<Substance CN1CCCC1=O{solv}{x=0.201600}|ClCCCCCCCl{solv}{x=0.798400}>,CN1CCCC1=O,ClCCCCCCCl,fb-fit-v1-single-mean-k100,3,1.0603283932486467,0.0002116448248216,1.0584000000000005,0.00055
13684,3289,dens_1896555095774116819,979,Density,<Substance CN1CCCC1=O{solv}{x=0.504900}|ClCCCCCCCl{solv}{x=0.495100}>,CN1CCCC1=O,ClCCCCCCCl,fb-fit-v1-single-mean-k100,3,1.0474781566374278,0.0001950303483585,1.0490000000000002,0.00035
13685,3290,dhmix_2039443272323887912,980,EnthalpyOfMixing,<Substance CN1CCCC1=O{solv}{x=0.797000}|ClCCCCCCCl{solv}{x=0.203000}>,CN1CCCC1=O,ClCCCCCCCl,fb-fit-v1-single-mean-k100,3,0.2663571672025853,0.0476466171719224,-0.123,0.002
13686,3291,dhmix_729169544598225866,981,EnthalpyOfMixing,<Substance CN(C)C=O{solv}{x=0.203000}|ClCCCCCCCl{solv}{x=0.797000}>,CN(C)C=O,ClCCCCCCCl,fb-fit-v1-single-mean-k100,3,0.4736417558020349,0.0473734156960059,0.195,0.0025
13687,3292,dhmix_1359105787212172230,982,EnthalpyOfMixing,<Substance CN(C)C=O{solv}{x=0.796000}|ClCCCCCCCl{solv}{x=0.204000}>,CN(C)C=O,ClCCCCCCCl,fb-fit-v1-single-mean-k100,3,0.6125393859849524,0.0410321467526537,0.24,0.0025
13688,3293,dhmix_1534380829757525169,983,EnthalpyOfMixing,<Substance CN(C)C=O{solv}{x=0.498000}|ClCCCCCCCl{solv}{x=0.502000}>,CN(C)C=O,ClCCCCCCCl,fb-fit-v1-single-mean-k100,3,0.8043376225985241,0.0422844009337187,0.34,0.0025
13689,3294,dens_1752369236407148840,984,Density,<Substance CN(C)C=O{solv}{x=0.503300}|ClCCCCCCCl{solv}{x=0.496700}>,CN(C)C=O,ClCCCCCCCl,fb-fit-v1-single-mean-k100,3,1.0144350031738787,0.0002561353219216,1.0190000000000003,0.00155
13690,3295,dens_2070195997725277466,985,Density,<Substance CN(C)C=O{solv}{x=0.703400}|ClCCCCCCCl{solv}{x=0.296600}>,CN(C)C=O,ClCCCCCCCl,fb-fit-v1-single-mean-k100,3,0.984700823717357,0.0002589153917558,0.9943000000000002,0.0017
13691,3296,dens_2171945276872385012,986,Density,<Substance CN(C)C=O{solv}{x=0.201300}|ClCCCCCCCl{solv}{x=0.798700}>,CN(C)C=O,ClCCCCCCCl,fb-fit-v1-single-mean-k100,3,1.0487894853202786,0.0002473441093604,1.0486000000000002,0.0014
13692,3297,dens_741100297092592576,987,Density,<Substance C1CCCCC1{solv}{x=0.265900}|C1CCOCC1{solv}{x=0.734100}>,C1CCCCC1,C1CCOCC1,fb-fit-v1-single-mean-k100,3,0.8428141643286312,0.0002534181056838,0.8470300000000002,0.000505
13693,3298,dens_1002639246322609242,988,Density,<Substance C1CCCCC1{solv}{x=0.762200}|C1CCOCC1{solv}{x=0.237800}>,C1CCCCC1,C1CCOCC1,fb-fit-v1-single-mean-k100,3,0.7899470180825918,0.00017337401604,0.7952000000000002,0.000505
13694,3299,dhmix_1171155554844966705,989,EnthalpyOfMixing,<Substance C1CCCCC1{solv}{x=0.247100}|C1CCOCC1{solv}{x=0.752900}>,C1CCCCC1,C1CCOCC1,fb-fit-v1-single-mean-k100,3,0.4437168235161834,0.0467694977940954,0.3613,0.00395
13695,3300,dens_2142973677177666085,990,Density,<Substance C1CCCCC1{solv}{x=0.501800}|C1CCOCC1{solv}{x=0.498200}>,C1CCCCC1,C1CCOCC1,fb-fit-v1-single-mean-k100,3,0.8159701634199658,0.0001657016939873,0.8211500000000002,0.000505
13696,3301,dhmix_2195791820105752985,991,EnthalpyOfMixing,<Substance C1CCCCC1{solv}{x=0.726600}|C1CCOCC1{solv}{x=0.273400}>,C1CCCCC1,C1CCOCC1,fb-fit-v1-single-mean-k100,3,0.5953106117527511,0.0446583566568096,0.4424,0.00485
13697,3302,dhmix_2296999979529762407,992,EnthalpyOfMixing,<Substance C1CCCCC1{solv}{x=0.499000}|C1CCOCC1{solv}{x=0.501000}>,C1CCCCC1,C1CCOCC1,fb-fit-v1-single-mean-k100,3,0.5876495446212431,0.0430652511045638,0.526,0.0055
13698,3303,dhmix_744994939606384802,993,EnthalpyOfMixing,<Substance CO{solv}{x=0.300000}|O{solv}{x=0.700000}>,CO,O,fb-fit-v1-single-mean-k100,3,0.0106488126269397,0.0217331648206693,-0.85,0.005
13699,3304,dens_1085345433585028387,994,Density,<Substance CO{solv}{x=0.499700}|O{solv}{x=0.500300}>,CO,O,fb-fit-v1-single-mean-k100,3,0.8449510857701183,0.0004049608316123,0.8816900000000003,0.000165
13700,3305,dhmix_1126710771921470495,995,EnthalpyOfMixing,<Substance CO{solv}{x=0.700000}|O{solv}{x=0.300000}>,CO,O,fb-fit-v1-single-mean-k100,3,-0.035688960015368,0.0256911079365119,-0.583,0.0035
13701,3306,dens_1258832080354057572,996,Density,<Substance CO{solv}{x=0.300300}|O{solv}{x=0.699700}>,CO,O,fb-fit-v1-single-mean-k100,3,0.8898360745892557,0.0005326373154138,0.9252100000000004,0.000125
13702,3307,dens_1758371820245200558,997,Density,<Substance CO{solv}{x=0.760500}|O{solv}{x=0.239500}>,CO,O,fb-fit-v1-single-mean-k100,3,0.8003600825353429,0.0004871241715201,0.8289000000000002,0.0001
13703,3308,dhmix_1824296469249495553,998,EnthalpyOfMixing,<Substance CO{solv}{x=0.500000}|O{solv}{x=0.500000}>,CO,O,fb-fit-v1-single-mean-k100,3,0.0639656492386571,0.0234722347324577,-0.777,0.0045
13704,3309,dhmix_753952445434773754,999,EnthalpyOfMixing,<Substance CCCCCCCCCl{solv}{x=0.493000}|CN1CCCC1=O{solv}{x=0.507000}>,CCCCCCCCCl,CN1CCCC1=O,fb-fit-v1-single-mean-k100,3,1.2339642862735616,0.046790088560161,0.638,0.0035
13705,3310,dhmix_1273186684325800862,1000,EnthalpyOfMixing,<Substance CCCCCCCCCl{solv}{x=0.783000}|CN1CCCC1=O{solv}{x=0.217000}>,CCCCCCCCCl,CN1CCCC1=O,fb-fit-v1-single-mean-k100,3,0.8919526532483957,0.0511591827464651,0.371,0.003
13706,3311,dhmix_1457789704046029008,1001,EnthalpyOfMixing,<Substance CCCCCCCCCl{solv}{x=0.202000}|CN1CCCC1=O{solv}{x=0.798000}>,CCCCCCCCCl,CN1CCCC1=O,fb-fit-v1-single-mean-k100,3,0.9687838251550858,0.0417579486310081,0.5,0.0035
13707,3312,dens_1965529278608066299,1002,Density,<Substance CCCCCCCCCl{solv}{x=0.299500}|CN1CCCC1=O{solv}{x=0.700500}>,CCCCCCCCCl,CN1CCCC1=O,fb-fit-v1-single-mean-k100,3,0.9538404836221324,0.0001496535132337,0.9598000000000002,0.00025
13708,3313,dens_2167805246575708222,1003,Density,<Substance CCCCCCCCCl{solv}{x=0.798600}|CN1CCCC1=O{solv}{x=0.201400}>,CCCCCCCCCl,CN1CCCC1=O,fb-fit-v1-single-mean-k100,3,0.8888554101058368,0.0001506397527119,0.8888000000000001,0.00055
13709,3314,dens_2177162670107081086,1004,Density,<Substance CCCCCCCCCl{solv}{x=0.497900}|CN1CCCC1=O{solv}{x=0.502100}>,CCCCCCCCCl,CN1CCCC1=O,fb-fit-v1-single-mean-k100,3,0.9242580864143496,0.0002061201631428,0.9269000000000002,0.00035
13710,3315,dhmix_756380521637559100,1005,EnthalpyOfMixing,<Substance C1COCCO1{solv}{x=0.500000}|O=C1CCCCC1{solv}{x=0.500000}>,C1COCCO1,O=C1CCCCC1,fb-fit-v1-single-mean-k100,3,0.2290554646763922,0.0366844444742585,0.28584,0.00154
13711,3316,dens_1139761443535371798,1006,Density,<Substance C1COCCO1{solv}{x=0.459400}|O=C1CCCCC1{solv}{x=0.540600}>,C1COCCO1,O=C1CCCCC1,fb-fit-v1-single-mean-k100,3,0.9740704710421668,0.0002368227574644,0.9762000000000004,0.00025
13712,3317,dhmix_1367833850972054360,1007,EnthalpyOfMixing,<Substance C1COCCO1{solv}{x=0.750000}|O=C1CCCCC1{solv}{x=0.250000}>,C1COCCO1,O=C1CCCCC1,fb-fit-v1-single-mean-k100,3,0.2355383153174699,0.0407774894381005,0.23662,0.001355
13713,3318,dhmix_1533665710565492443,1008,EnthalpyOfMixing,<Substance C1COCCO1{solv}{x=0.250000}|O=C1CCCCC1{solv}{x=0.750000}>,C1COCCO1,O=C1CCCCC1,fb-fit-v1-single-mean-k100,3,0.1889834392383207,0.0437578517034253,0.20076,0.00121
13714,3319,dens_1556646832168598904,1009,Density,<Substance C1COCCO1{solv}{x=0.797800}|O=C1CCCCC1{solv}{x=0.202200}>,C1COCCO1,O=C1CCCCC1,fb-fit-v1-single-mean-k100,3,1.0069157887295437,0.0002285355312635,1.0062000000000002,0.00025
13715,3320,dens_1806066395455679216,1010,Density,<Substance C1COCCO1{solv}{x=0.272000}|O=C1CCCCC1{solv}{x=0.728000}>,C1COCCO1,O=C1CCCCC1,fb-fit-v1-single-mean-k100,3,0.95760174605336,0.0002140693141508,0.9614000000000004,0.00025
13716,3321,dhmix_781473821930081125,1011,EnthalpyOfMixing,<Substance CCOc1ccccc1{solv}{x=0.765100}|OCc1ccccc1{solv}{x=0.234900}>,CCOc1ccccc1,OCc1ccccc1,fb-fit-v1-single-mean-k100,3,0.96455827422281,0.0497491554264994,1.083,0.0116
13717,3322,dhmix_966435122735090568,1012,EnthalpyOfMixing,<Substance CCOc1ccccc1{solv}{x=0.063600}|OCc1ccccc1{solv}{x=0.936400}>,CCOc1ccccc1,OCc1ccccc1,fb-fit-v1-single-mean-k100,3,0.1621914083191882,0.0503862801816395,0.1901,0.00225
13718,3323,dens_1184318999137642715,1013,Density,<Substance CCOc1ccccc1{solv}{x=0.064200}|OCc1ccccc1{solv}{x=0.935800}>,CCOc1ccccc1,OCc1ccccc1,fb-fit-v1-single-mean-k100,3,1.0366635313527428,0.0002571040315562,1.02761,0.00011
13719,3324,dhmix_1518701992890040137,1014,EnthalpyOfMixing,<Substance CCOc1ccccc1{solv}{x=0.549900}|OCc1ccccc1{solv}{x=0.450100}>,CCOc1ccccc1,OCc1ccccc1,fb-fit-v1-single-mean-k100,3,0.9889224541816332,0.0513004004347995,1.0561,0.01135
13720,3325,dens_1575045736805268459,1015,Density,<Substance CCOc1ccccc1{solv}{x=0.459800}|OCc1ccccc1{solv}{x=0.540200}>,CCOc1ccccc1,OCc1ccccc1,fb-fit-v1-single-mean-k100,3,0.999359952898048,0.0001807391693991,0.9925100000000002,0.00016
13721,3326,dens_2214650701288997434,1016,Density,<Substance CCOc1ccccc1{solv}{x=0.757200}|OCc1ccccc1{solv}{x=0.242800}>,CCOc1ccccc1,OCc1ccccc1,fb-fit-v1-single-mean-k100,3,0.9744960949923086,0.0002094773790901,0.9686500000000002,0.000215
13722,3327,dens_800807749587668066,1017,Density,<Substance C1CCOCC1{solv}{x=0.733600}|c1ccncc1{solv}{x=0.266400}>,C1CCOCC1,c1ccncc1,fb-fit-v1-single-mean-k100,3,0.892329228695867,0.0002401055985862,0.8933350000000002,0.000358
13723,3328,dhmix_836757145941804043,1018,EnthalpyOfMixing,<Substance C1CCOCC1{solv}{x=0.291500}|c1ccncc1{solv}{x=0.708500}>,C1CCOCC1,c1ccncc1,fb-fit-v1-single-mean-k100,3,0.0089902060653939,0.0377382445615155,0.0898,0.00095
13724,3329,dhmix_1003039131395935786,1019,EnthalpyOfMixing,<Substance C1CCOCC1{solv}{x=0.536300}|c1ccncc1{solv}{x=0.463700}>,C1CCOCC1,c1ccncc1,fb-fit-v1-single-mean-k100,3,0.1170167300813282,0.0408540241981747,0.1573,0.0013
13725,3330,dens_1859030547600172702,1020,Density,<Substance C1CCOCC1{solv}{x=0.241500}|c1ccncc1{solv}{x=0.758500}>,C1CCOCC1,c1ccncc1,fb-fit-v1-single-mean-k100,3,0.9552077464742528,0.0002805005740389,0.9525650000000004,0.000212
13726,3331,dhmix_2191254706131659314,1021,EnthalpyOfMixing,<Substance C1CCOCC1{solv}{x=0.734400}|c1ccncc1{solv}{x=0.265600}>,C1CCOCC1,c1ccncc1,fb-fit-v1-single-mean-k100,3,0.0146368078427414,0.0302111584619872,0.1564,0.0013
13727,3332,dens_2239470871208865925,1022,Density,<Substance C1CCOCC1{solv}{x=0.536400}|c1ccncc1{solv}{x=0.463600}>,C1CCOCC1,c1ccncc1,fb-fit-v1-single-mean-k100,3,0.9125133024572314,0.0002129800139803,0.9124250000000002,0.0002965
13728,3333,dens_801655585640229277,1023,Density,<Substance C1CCOCC1{solv}{x=0.777600}|CCCC(C)=O{solv}{x=0.222400}>,C1CCOCC1,CCCC(C)=O,fb-fit-v1-single-mean-k100,3,0.8572653558746418,0.0002470843566648,0.8602600000000002,0.000225
13729,3334,dhmix_1175081460677389458,1024,EnthalpyOfMixing,<Substance C1CCOCC1{solv}{x=0.250000}|CCCC(C)=O{solv}{x=0.750000}>,C1CCOCC1,CCCC(C)=O,fb-fit-v1-single-mean-k100,3,0.0408328353489793,0.0405002453824246,0.06014,0.00063
13730,3335,dens_1481139606755572767,1025,Density,<Substance C1CCOCC1{solv}{x=0.236100}|CCCC(C)=O{solv}{x=0.763900}>,C1CCOCC1,CCCC(C)=O,fb-fit-v1-single-mean-k100,3,0.8165907533919591,0.0002259943175058,0.8183900000000002,0.000215
13731,3336,dhmix_1531586108535895092,1026,EnthalpyOfMixing,<Substance C1CCOCC1{solv}{x=0.750000}|CCCC(C)=O{solv}{x=0.250000}>,C1CCOCC1,CCCC(C)=O,fb-fit-v1-single-mean-k100,3,0.0278805628037019,0.0423614523100031,0.08245,0.000715
13732,3337,dhmix_2074691820693967219,1027,EnthalpyOfMixing,<Substance C1CCOCC1{solv}{x=0.500000}|CCCC(C)=O{solv}{x=0.500000}>,C1CCOCC1,CCCC(C)=O,fb-fit-v1-single-mean-k100,3,0.1392414081352058,0.0396371176256323,0.09128,0.000745
13733,3338,dens_2180187104403779312,1028,Density,<Substance C1CCOCC1{solv}{x=0.504600}|CCCC(C)=O{solv}{x=0.495400}>,C1CCOCC1,CCCC(C)=O,fb-fit-v1-single-mean-k100,3,0.8363627810009482,0.000227501281777,0.8386000000000002,0.00022
13734,3339,dhmix_814516627068967115,1029,EnthalpyOfMixing,<Substance CCCOC=O{solv}{x=0.230800}|ClCCCCl{solv}{x=0.769200}>,CCCOC=O,ClCCCCl,fb-fit-v1-single-mean-k100,3,0.2368492750679109,0.039632409058152,-0.054,0.001
13735,3340,dens_853749747181024442,1030,Density,<Substance CCCOC=O{solv}{x=0.525500}|ClCCCCl{solv}{x=0.474500}>,CCCOC=O,ClCCCCl,fb-fit-v1-single-mean-k100,3,1.0394453218132325,0.0003097232352386,1.0302400000000005,0.00176
13736,3341,dhmix_1623640482466530427,1031,EnthalpyOfMixing,<Substance CCCOC=O{solv}{x=0.750900}|ClCCCCl{solv}{x=0.249100}>,CCCOC=O,ClCCCCl,fb-fit-v1-single-mean-k100,3,0.1174515572587679,0.0382639258438895,-0.088,0.001
13737,3342,dens_1998603470347754754,1032,Density,<Substance CCCOC=O{solv}{x=0.233600}|ClCCCCl{solv}{x=0.766400}>,CCCOC=O,ClCCCCl,fb-fit-v1-single-mean-k100,3,1.111215892950159,0.0003304549088211,1.1122200000000002,0.00274
13738,3343,dhmix_2003217087101692001,1033,EnthalpyOfMixing,<Substance CCCOC=O{solv}{x=0.514500}|ClCCCCl{solv}{x=0.485500}>,CCCOC=O,ClCCCCl,fb-fit-v1-single-mean-k100,3,0.2111523647796502,0.0293968181854773,-0.114,0.0015
13739,3344,dens_2020761603812222512,1034,Density,<Substance CCCOC=O{solv}{x=0.763600}|ClCCCCl{solv}{x=0.236400}>,CCCOC=O,ClCCCCl,fb-fit-v1-single-mean-k100,3,0.980191890700673,0.0002570397934797,0.9644500000000004,0.00119
13740,3345,dens_828893303895070246,1035,Density,<Substance C1CCCCC1{solv}{x=0.249800}|CCCCCCCC{solv}{x=0.750200}>,C1CCCCC1,CCCCCCCC,fb-fit-v1-single-mean-k100,3,0.7085993210168458,0.0001651285771904,0.7110900000000002,0.000605
13741,3346,dhmix_1288938247372010686,1036,EnthalpyOfMixing,<Substance C1CCCCC1{solv}{x=0.751300}|CCCCCCCC{solv}{x=0.248700}>,C1CCCCC1,CCCCCCCC,fb-fit-v1-single-mean-k100,3,0.4872243358204002,0.045399399820775,0.23,0.005
13742,3347,dens_1398337515687242649,1037,Density,<Substance C1CCCCC1{solv}{x=0.477700}|CCCCCCCC{solv}{x=0.522300}>,C1CCCCC1,CCCCCCCC,fb-fit-v1-single-mean-k100,3,0.7211522342590044,0.0002066594491319,0.7250300000000002,0.000585
13743,3348,dhmix_1429498464152515756,1038,EnthalpyOfMixing,<Substance C1CCCCC1{solv}{x=0.532400}|CCCCCCCC{solv}{x=0.467600}>,C1CCCCC1,CCCCCCCC,fb-fit-v1-single-mean-k100,3,0.4898832227326295,0.0466442499004552,0.258,0.005
13744,3349,dens_2267960821195706299,1039,Density,<Substance C1CCCCC1{solv}{x=0.796100}|CCCCCCCC{solv}{x=0.203900}>,C1CCCCC1,CCCCCCCC,fb-fit-v1-single-mean-k100,3,0.7459208457005723,0.0001961428876629,0.7509700000000002,0.00055
13745,3350,dhmix_2289023418386220795,1040,EnthalpyOfMixing,<Substance C1CCCCC1{solv}{x=0.274400}|CCCCCCCC{solv}{x=0.725600}>,C1CCCCC1,CCCCCCCC,fb-fit-v1-single-mean-k100,3,0.2428518915592121,0.0530131708521263,0.18,0.005
13746,3351,dens_848374876759596361,1041,Density,<Substance CC(C)OC(C)C{solv}{x=0.284600}|CCCCCl{solv}{x=0.715400}>,CC(C)OC(C)C,CCCCCl,fb-fit-v1-single-mean-k100,3,0.820183225926892,0.0001816577917108,0.8263210000000002,0.000365
13747,3352,dens_917492506874956672,1042,Density,<Substance CC(C)OC(C)C{solv}{x=0.808200}|CCCCCl{solv}{x=0.191800}>,CC(C)OC(C)C,CCCCCl,fb-fit-v1-single-mean-k100,3,0.7525547320612513,0.0002642783193223,0.7440910000000002,0.000448
13748,3353,dhmix_1107367594793013993,1043,EnthalpyOfMixing,<Substance CC(C)OC(C)C{solv}{x=0.272700}|CCCCCl{solv}{x=0.727300}>,CC(C)OC(C)C,CCCCCl,fb-fit-v1-single-mean-k100,3,-0.1243632990646332,0.032478855006081,-0.0785,0.001
13749,3354,dhmix_1310204607958463222,1044,EnthalpyOfMixing,<Substance CC(C)OC(C)C{solv}{x=0.454700}|CCCCCl{solv}{x=0.545300}>,CC(C)OC(C)C,CCCCCl,fb-fit-v1-single-mean-k100,3,-0.125111465388116,0.045547354275246,-0.0954,0.0012
13750,3355,dhmix_1605157292498138629,1045,EnthalpyOfMixing,<Substance CC(C)OC(C)C{solv}{x=0.727400}|CCCCCl{solv}{x=0.272600}>,CC(C)OC(C)C,CCCCCl,fb-fit-v1-single-mean-k100,3,-0.2109331065563644,0.0470765015532372,-0.0732,0.00095
13751,3356,dens_1927916489732771888,1046,Density,<Substance CC(C)OC(C)C{solv}{x=0.484000}|CCCCCl{solv}{x=0.516000}>,CC(C)OC(C)C,CCCCCl,fb-fit-v1-single-mean-k100,3,0.7927697234020188,0.0002804622339016,0.7925060000000002,0.0004005
13752,3357,dens_860008765681738590,1047,Density,<Substance CN(CCO)CCO{solv}{x=0.231260}|c1ccncc1{solv}{x=0.768740}>,CN(CCO)CCO,c1ccncc1,fb-fit-v1-single-mean-k100,3,1.001735632811973,0.0001533516878693,0.9906030000000002,0.0001015
13753,3358,dens_1253280811379348869,1048,Density,<Substance CN(CCO)CCO{solv}{x=0.670000}|c1ccncc1{solv}{x=0.330000}>,CN(CCO)CCO,c1ccncc1,fb-fit-v1-single-mean-k100,3,1.037921519395408,0.0002523396872917,1.0161020000000005,0.000102
13754,3359,dhmix_1381513140604048573,1049,EnthalpyOfMixing,<Substance CN(CCO)CCO{solv}{x=0.473760}|c1ccncc1{solv}{x=0.526240}>,CN(CCO)CCO,c1ccncc1,fb-fit-v1-single-mean-k100,3,0.7318900125367804,0.0380745241599168,-0.093,0.001
13755,3360,dens_1460709448836415360,1050,Density,<Substance CN(CCO)CCO{solv}{x=0.473530}|c1ccncc1{solv}{x=0.526470}>,CN(CCO)CCO,c1ccncc1,fb-fit-v1-single-mean-k100,3,1.0225355340950772,0.000266245641964,1.0044450000000005,0.0001015
13756,3361,dhmix_2085036308089359597,1051,EnthalpyOfMixing,<Substance CN(CCO)CCO{solv}{x=0.230610}|c1ccncc1{solv}{x=0.769390}>,CN(CCO)CCO,c1ccncc1,fb-fit-v1-single-mean-k100,3,0.6251282653697778,0.0427141883788979,-0.032,0.001
13757,3362,dhmix_2287943921901918379,1052,EnthalpyOfMixing,<Substance CN(CCO)CCO{solv}{x=0.669580}|c1ccncc1{solv}{x=0.330420}>,CN(CCO)CCO,c1ccncc1,fb-fit-v1-single-mean-k100,3,0.2373492383189273,0.0373975487269949,-0.12,0.0015
13758,3363,dens_929806754028972955,1053,Density,<Substance CCCC(=O)OC{solv}{x=0.695800}|COC(C)=O{solv}{x=0.304200}>,CCCC(=O)OC,COC(C)=O,fb-fit-v1-single-mean-k100,3,0.9097980411150878,0.0002300998367779,0.8997600000000002,0.000505
13759,3364,dhmix_1093843275803987368,1054,EnthalpyOfMixing,<Substance CCCC(=O)OC{solv}{x=0.482200}|COC(C)=O{solv}{x=0.517800}>,CCCC(=O)OC,COC(C)=O,fb-fit-v1-single-mean-k100,3,0.0769641873641902,0.0407020033438237,0.151,0.002
13760,3365,dens_1187818937240241755,1055,Density,<Substance CCCC(=O)OC{solv}{x=0.253600}|COC(C)=O{solv}{x=0.746400}>,CCCC(=O)OC,COC(C)=O,fb-fit-v1-single-mean-k100,3,0.9272878707887948,0.0002581961914826,0.9147400000000002,0.000505
13761,3366,dens_1462283017082249050,1056,Density,<Substance CCCC(=O)OC{solv}{x=0.545600}|COC(C)=O{solv}{x=0.454400}>,CCCC(=O)OC,COC(C)=O,fb-fit-v1-single-mean-k100,3,0.9148050444288108,0.0002416027342537,0.9041900000000004,0.000505
13762,3367,dhmix_1514470349370367756,1057,EnthalpyOfMixing,<Substance CCCC(=O)OC{solv}{x=0.226000}|COC(C)=O{solv}{x=0.774000}>,CCCC(=O)OC,COC(C)=O,fb-fit-v1-single-mean-k100,3,0.0149401420318184,0.0371884696549365,0.102,0.0015
13763,3368,dhmix_1615966506855005599,1058,EnthalpyOfMixing,<Substance CCCC(=O)OC{solv}{x=0.695800}|COC(C)=O{solv}{x=0.304200}>,CCCC(=O)OC,COC(C)=O,fb-fit-v1-single-mean-k100,3,0.0525590871442922,0.0406832424632484,0.122,0.0015
13764,3369,dens_931039395662625393,1059,Density,<Substance BrCCBr{solv}{x=0.510700}|CCOC=O{solv}{x=0.489300}>,BrCCBr,CCOC=O,fb-fit-v1-single-mean-k100,3,1.5779471529881213,0.0004805752661026,1.5742900000000004,0.00125
13765,3370,dhmix_1379448524788285045,1060,EnthalpyOfMixing,<Substance BrCCBr{solv}{x=0.503000}|CCOC=O{solv}{x=0.497000}>,BrCCBr,CCOC=O,fb-fit-v1-single-mean-k100,3,0.4781541078677414,0.0304147350854971,0.404,0.0054
13766,3371,dhmix_1589211680683586133,1061,EnthalpyOfMixing,<Substance BrCCBr{solv}{x=0.247500}|CCOC=O{solv}{x=0.752500}>,BrCCBr,CCOC=O,fb-fit-v1-single-mean-k100,3,0.2160465542065575,0.0313442684896105,0.2492,0.0035
13767,3372,dens_1816072583621776909,1062,Density,<Substance BrCCBr{solv}{x=0.282500}|CCOC=O{solv}{x=0.717500}>,BrCCBr,CCOC=O,fb-fit-v1-single-mean-k100,3,1.3085253218337352,0.0004082434972744,1.2851500000000005,0.00131
13768,3373,dens_1857279480363338972,1063,Density,<Substance BrCCBr{solv}{x=0.750600}|CCOC=O{solv}{x=0.249400}>,BrCCBr,CCOC=O,fb-fit-v1-single-mean-k100,3,1.8456149466736145,0.0006023330924645,1.8698300000000003,0.000995
13769,3374,dhmix_2225135654541562913,1064,EnthalpyOfMixing,<Substance BrCCBr{solv}{x=0.734600}|CCOC=O{solv}{x=0.265400}>,BrCCBr,CCOC=O,fb-fit-v1-single-mean-k100,3,0.410359036985465,0.0346498871616714,0.3604,0.00485
13770,3375,dhmix_933824509566848172,1065,EnthalpyOfMixing,<Substance C1COCO1{solv}{x=0.350000}|CCCC(C)=O{solv}{x=0.650000}>,C1COCO1,CCCC(C)=O,fb-fit-v1-single-mean-k100,3,0.1723493359458103,0.0388351659106855,0.17755,0.001095
13771,3376,dens_1326756646981901590,1066,Density,<Substance C1COCO1{solv}{x=0.717400}|CCCC(C)=O{solv}{x=0.282600}>,C1COCO1,CCCC(C)=O,fb-fit-v1-single-mean-k100,3,0.9734629524089162,0.0002764588836439,0.9625500000000002,0.000245
13772,3377,dhmix_1386053902220878259,1067,EnthalpyOfMixing,<Substance C1COCO1{solv}{x=0.500000}|CCCC(C)=O{solv}{x=0.500000}>,C1COCO1,CCCC(C)=O,fb-fit-v1-single-mean-k100,3,0.2675412922621447,0.0418917446240069,0.21077,0.00122
13773,3378,dens_1490997112604690080,1068,Density,<Substance C1COCO1{solv}{x=0.349900}|CCCC(C)=O{solv}{x=0.650100}>,C1COCO1,CCCC(C)=O,fb-fit-v1-single-mean-k100,3,0.8720474885084772,0.0002398401774909,0.8687200000000003,0.00022
13774,3379,dens_1979377813631413053,1069,Density,<Substance C1COCO1{solv}{x=0.516900}|CCCC(C)=O{solv}{x=0.483100}>,C1COCO1,CCCC(C)=O,fb-fit-v1-single-mean-k100,3,0.9136806967861452,0.0002635005626292,0.9078200000000004,0.00023
13775,3380,dhmix_2113009728753201792,1070,EnthalpyOfMixing,<Substance C1COCO1{solv}{x=0.750000}|CCCC(C)=O{solv}{x=0.250000}>,C1COCO1,CCCC(C)=O,fb-fit-v1-single-mean-k100,3,0.1704303376287228,0.0358962118148285,0.17046,0.00107
13776,3381,dhmix_962524540250306235,1071,EnthalpyOfMixing,<Substance Cc1ccccc1N{solv}{x=0.268100}|c1ccncc1{solv}{x=0.731900}>,Cc1ccccc1N,c1ccncc1,fb-fit-v1-single-mean-k100,3,-1.407600597057172,0.0409356144390875,-0.8915,0.0182
13777,3382,dhmix_1000930562998604270,1072,EnthalpyOfMixing,<Substance Cc1ccccc1N{solv}{x=0.773500}|c1ccncc1{solv}{x=0.226500}>,Cc1ccccc1N,c1ccncc1,fb-fit-v1-single-mean-k100,3,-0.8612868202743904,0.0482213979786236,-0.7828,0.016
13778,3383,dens_1203111494553524663,1073,Density,<Substance Cc1ccccc1N{solv}{x=0.483700}|c1ccncc1{solv}{x=0.516300}>,Cc1ccccc1N,c1ccncc1,fb-fit-v1-single-mean-k100,3,1.0064732944307069,0.0002534518907459,0.9912370000000004,0.000117
13779,3384,dens_1316174752280431242,1074,Density,<Substance Cc1ccccc1N{solv}{x=0.237400}|c1ccncc1{solv}{x=0.762600}>,Cc1ccccc1N,c1ccncc1,fb-fit-v1-single-mean-k100,3,0.9964901139054556,0.0002178779486713,0.9863750000000002,0.000118
13780,3385,dhmix_1371524052813651708,1075,EnthalpyOfMixing,<Substance Cc1ccccc1N{solv}{x=0.482600}|c1ccncc1{solv}{x=0.517400}>,Cc1ccccc1N,c1ccncc1,fb-fit-v1-single-mean-k100,3,-1.613494404625648,0.0442097063793775,-1.0329,0.02105
13781,3386,dens_2188924364196997512,1076,Density,<Substance Cc1ccccc1N{solv}{x=0.767800}|c1ccncc1{solv}{x=0.232200}>,Cc1ccccc1N,c1ccncc1,fb-fit-v1-single-mean-k100,3,1.0145425274209745,0.000263667267766,0.9936220000000002,0.000117
13782,3387,dens_964556344607822867,1077,Density,<Substance CCCCCCCCC{solv}{x=0.696300}|COC(C)(C)C{solv}{x=0.303700}>,CCCCCCCCC,COC(C)(C)C,fb-fit-v1-single-mean-k100,3,0.7176895314947901,0.000206974886767,0.7173600000000002,0.000295
13783,3388,dhmix_1091489740441728210,1078,EnthalpyOfMixing,<Substance CCCCCCCCC{solv}{x=0.260100}|COC(C)(C)C{solv}{x=0.739900}>,CCCCCCCCC,COC(C)(C)C,fb-fit-v1-single-mean-k100,3,0.5874830122201331,0.0403259299068484,0.371,0.0075
13784,3389,dens_1264105858192356202,1079,Density,<Substance CCCCCCCCC{solv}{x=0.499200}|COC(C)(C)C{solv}{x=0.500800}>,CCCCCCCCC,COC(C)(C)C,fb-fit-v1-single-mean-k100,3,0.7223529927750435,0.0001813088930814,0.7207300000000002,0.00029
13785,3390,dhmix_1760873631242020891,1080,EnthalpyOfMixing,<Substance CCCCCCCCC{solv}{x=0.759600}|COC(C)(C)C{solv}{x=0.240400}>,CCCCCCCCC,COC(C)(C)C,fb-fit-v1-single-mean-k100,3,0.4919540867483221,0.0540013310018044,0.345,0.007
13786,3391,dens_2012579877169955729,1081,Density,<Substance CCCCCCCCC{solv}{x=0.199500}|COC(C)(C)C{solv}{x=0.800500}>,CCCCCCCCC,COC(C)(C)C,fb-fit-v1-single-mean-k100,3,0.7317338678530902,0.0001706032715271,0.7281100000000001,0.000285
13787,3392,dhmix_2200368758776542578,1082,EnthalpyOfMixing,<Substance CCCCCCCCC{solv}{x=0.513300}|COC(C)(C)C{solv}{x=0.486700}>,CCCCCCCCC,COC(C)(C)C,fb-fit-v1-single-mean-k100,3,0.6915205252055756,0.050391613033085,0.486,0.0095
13788,3393,dhmix_972091313059406932,1083,EnthalpyOfMixing,<Substance CCCNCCC{solv}{x=0.248200}|CN(C)C=O{solv}{x=0.751800}>,CCCNCCC,CN(C)C=O,fb-fit-v1-single-mean-k100,3,0.1772055559809686,0.040185117861414,0.613,0.0195
13789,3394,dhmix_1037416167092316519,1084,EnthalpyOfMixing,<Substance CCCNCCC{solv}{x=0.499500}|CN(C)C=O{solv}{x=0.500500}>,CCCNCCC,CN(C)C=O,fb-fit-v1-single-mean-k100,3,0.0976390731680112,0.044720653265098,0.748,0.0225
13790,3395,dhmix_1525975551610336413,1085,EnthalpyOfMixing,<Substance CCCNCCC{solv}{x=0.749600}|CN(C)C=O{solv}{x=0.250400}>,CCCNCCC,CN(C)C=O,fb-fit-v1-single-mean-k100,3,0.1123745359694439,0.0431036361502558,0.529,0.017
13791,3396,dens_1610465641813938660,1086,Density,<Substance CCCNCCC{solv}{x=0.745900}|CN(C)C=O{solv}{x=0.254100}>,CCCNCCC,CN(C)C=O,fb-fit-v1-single-mean-k100,3,0.7744978564030925,0.0001906879668196,0.7687320000000002,0.0009355
13792,3397,dens_2129043605695010641,1087,Density,<Substance CCCNCCC{solv}{x=0.503400}|CN(C)C=O{solv}{x=0.496600}>,CCCNCCC,CN(C)C=O,fb-fit-v1-single-mean-k100,3,0.8126747305050458,0.00019271486192,0.8108000000000002,0.0009885
13793,3398,dens_2129124855081233158,1088,Density,<Substance CCCNCCC{solv}{x=0.252300}|CN(C)C=O{solv}{x=0.747700}>,CCCNCCC,CN(C)C=O,fb-fit-v1-single-mean-k100,3,0.8612717821237468,0.0002004572695831,0.8674480000000002,0.0010625
13794,3399,dhmix_1022139531284796266,1089,EnthalpyOfMixing,<Substance CCCO{solv}{x=0.730200}|O=Cc1ccccc1{solv}{x=0.269800}>,CCCO,O=Cc1ccccc1,fb-fit-v1-single-mean-k100,3,1.4887620790538634,0.0373763782017791,1.3784,0.00585
13795,3400,dens_1530410585842005416,1090,Density,<Substance CCCO{solv}{x=0.802500}|O=Cc1ccccc1{solv}{x=0.197500}>,CCCO,O=Cc1ccccc1,fb-fit-v1-single-mean-k100,3,0.8680591804740402,0.0002066176403371,0.8676000000000003,0.0054
13796,3401,dens_1586325098516354010,1091,Density,<Substance CCCO{solv}{x=0.500300}|O=Cc1ccccc1{solv}{x=0.499700}>,CCCO,O=Cc1ccccc1,fb-fit-v1-single-mean-k100,3,0.9506846002282496,0.000208998629346,0.9470000000000002,0.0035
13797,3402,dhmix_1860362391399300385,1092,EnthalpyOfMixing,<Substance CCCO{solv}{x=0.237400}|O=Cc1ccccc1{solv}{x=0.762600}>,CCCO,O=Cc1ccccc1,fb-fit-v1-single-mean-k100,3,1.3319303130320606,0.0393105955206143,1.2579,0.0055
13798,3403,dens_2022804020725863961,1093,Density,<Substance CCCO{solv}{x=0.192900}|O=Cc1ccccc1{solv}{x=0.807100}>,CCCO,O=Cc1ccccc1,fb-fit-v1-single-mean-k100,3,1.0161587495812314,0.0001853024899424,1.0128,0.00265
13799,3404,dhmix_2114980631721668598,1094,EnthalpyOfMixing,<Substance CCCO{solv}{x=0.517800}|O=Cc1ccccc1{solv}{x=0.482200}>,CCCO,O=Cc1ccccc1,fb-fit-v1-single-mean-k100,3,1.6481608268535055,0.0309250616633172,1.6361,0.00675
13800,3405,dens_1061385011202038988,1095,Density,<Substance CC(C)O{solv}{x=0.495900}|CCCCOCCO{solv}{x=0.504100}>,CC(C)O,CCCCOCCO,fb-fit-v1-single-mean-k100,3,0.8623024991306371,0.0002220803911046,0.8550000000000002,5.450000000000001e-05
13801,3406,dens_1314274960992474794,1096,Density,<Substance CC(C)O{solv}{x=0.292200}|CCCCOCCO{solv}{x=0.707800}>,CC(C)O,CCCCOCCO,fb-fit-v1-single-mean-k100,3,0.8777395650495139,0.0001896268765338,0.8743700000000002,4.600000000000001e-05
13802,3407,dens_1729117108592325655,1097,Density,<Substance CC(C)O{solv}{x=0.743300}|CCCCOCCO{solv}{x=0.256700}>,CC(C)O,CCCCOCCO,fb-fit-v1-single-mean-k100,3,0.8383749232110191,0.0002566913147341,0.8247900000000001,5.600000000000001e-05
13803,3408,dens_1112128096721834081,1098,Density,<Substance CNCCO{solv}{x=0.800900}|O{solv}{x=0.199100}>,CNCCO,O,fb-fit-v1-single-mean-k100,3,0.9692154005902828,0.000227945553955,0.9466300000000002,0.00032
13804,3409,dens_1381694863030749046,1099,Density,<Substance CNCCO{solv}{x=0.198700}|O{solv}{x=0.801300}>,CNCCO,O,fb-fit-v1-single-mean-k100,3,0.985065266868026,0.0003782275330909,0.9960300000000002,0.00016
13805,3410,dhmix_1383192140212198237,1100,EnthalpyOfMixing,<Substance CNCCO{solv}{x=0.798800}|O{solv}{x=0.201200}>,CNCCO,O,fb-fit-v1-single-mean-k100,3,-1.2377041656075392,0.057415444226543,-1.219,0.025
13806,3411,dens_1615304038745182966,1101,Density,<Substance CNCCO{solv}{x=0.504100}|O{solv}{x=0.495900}>,CNCCO,O,fb-fit-v1-single-mean-k100,3,0.980556961459002,0.0005256213467967,0.9688100000000002,0.000235
13807,3412,dhmix_1902240048183935170,1102,EnthalpyOfMixing,<Substance CNCCO{solv}{x=0.501700}|O{solv}{x=0.498300}>,CNCCO,O,fb-fit-v1-single-mean-k100,3,-2.2146263145593323,0.0441169087743345,-2.508,0.051
13808,3413,dhmix_2185888808838690563,1103,EnthalpyOfMixing,<Substance CNCCO{solv}{x=0.199200}|O{solv}{x=0.800800}>,CNCCO,O,fb-fit-v1-single-mean-k100,3,-1.2331164336102356,0.0231786444087789,-2.243,0.0455
13809,3414,dens_1155626281932782094,1104,Density,<Substance CCC(C)=O{solv}{x=0.292200}|CN1CCCC1=O{solv}{x=0.707800}>,CCC(C)=O,CN1CCCC1=O,fb-fit-v1-single-mean-k100,3,0.951939796984836,0.000156209502497,0.9591400000000002,0.00262
13810,3415,dens_1354588388489384902,1105,Density,<Substance CCC(C)=O{solv}{x=0.779300}|CN1CCCC1=O{solv}{x=0.220700}>,CCC(C)=O,CN1CCCC1=O,fb-fit-v1-single-mean-k100,3,0.8453312478623016,0.0002341127826619,0.8467600000000002,0.002595
13811,3416,dhmix_1468142552678388689,1106,EnthalpyOfMixing,<Substance CCC(C)=O{solv}{x=0.484100}|CN1CCCC1=O{solv}{x=0.515900}>,CCC(C)=O,CN1CCCC1=O,fb-fit-v1-single-mean-k100,3,0.0581206003848411,0.037797455888107,-0.1675,0.00415
13812,3417,dhmix_1545004468946955771,1107,EnthalpyOfMixing,<Substance CCC(C)=O{solv}{x=0.246100}|CN1CCCC1=O{solv}{x=0.753900}>,CCC(C)=O,CN1CCCC1=O,fb-fit-v1-single-mean-k100,3,0.0633250069503112,0.0373952041975274,-0.0999,0.0031
13813,3418,dhmix_1746826813990258300,1108,EnthalpyOfMixing,<Substance CCC(C)=O{solv}{x=0.732400}|CN1CCCC1=O{solv}{x=0.267600}>,CCC(C)=O,CN1CCCC1=O,fb-fit-v1-single-mean-k100,3,0.0645922592662001,0.0391098531424902,-0.0861,0.0029
13814,3419,dens_2035401379156582518,1109,Density,<Substance CCC(C)=O{solv}{x=0.479500}|CN1CCCC1=O{solv}{x=0.520500}>,CCC(C)=O,CN1CCCC1=O,fb-fit-v1-single-mean-k100,3,0.912876197404068,0.0002395439097917,0.9166100000000004,0.00261
13815,3420,dens_1159403686634788877,1110,Density,<Substance C1CCOCC1{solv}{x=0.253600}|Cc1ccncc1{solv}{x=0.746400}>,C1CCOCC1,Cc1ccncc1,fb-fit-v1-single-mean-k100,3,0.9334448656988096,0.0001373607423199,0.9329390000000002,0.0002125
13816,3421,dhmix_1427533760370073434,1111,EnthalpyOfMixing,<Substance C1CCOCC1{solv}{x=0.241600}|Cc1ccncc1{solv}{x=0.758400}>,C1CCOCC1,Cc1ccncc1,fb-fit-v1-single-mean-k100,3,0.0158691345923891,0.0358176386467295,0.0975,0.001
13817,3422,dens_1586440979425114987,1112,Density,<Substance C1CCOCC1{solv}{x=0.491300}|Cc1ccncc1{solv}{x=0.508700}>,C1CCOCC1,Cc1ccncc1,fb-fit-v1-single-mean-k100,3,0.9153985466592846,0.0002444340721672,0.9162950000000002,0.0002825
13818,3423,dhmix_1681679230288000235,1113,EnthalpyOfMixing,<Substance C1CCOCC1{solv}{x=0.483400}|Cc1ccncc1{solv}{x=0.516600}>,C1CCOCC1,Cc1ccncc1,fb-fit-v1-single-mean-k100,3,0.0325448844185816,0.042537050699637,0.1741,0.00135
13819,3424,dhmix_1854625047398559527,1114,EnthalpyOfMixing,<Substance C1CCOCC1{solv}{x=0.826200}|Cc1ccncc1{solv}{x=0.173800}>,C1CCOCC1,Cc1ccncc1,fb-fit-v1-single-mean-k100,3,-0.0252246413176919,0.0412888642686691,0.0948,0.001
13820,3425,dens_1998279082934343093,1115,Density,<Substance C1CCOCC1{solv}{x=0.826300}|Cc1ccncc1{solv}{x=0.173700}>,C1CCOCC1,Cc1ccncc1,fb-fit-v1-single-mean-k100,3,0.8797415605911934,0.0002581360957877,0.8827950000000002,0.000387
13821,3426,dens_1226224986443053492,1116,Density,<Substance CCOc1ccccc1{solv}{x=0.482600}|OCCc1ccccc1{solv}{x=0.517400}>,CCOc1ccccc1,OCCc1ccccc1,fb-fit-v1-single-mean-k100,3,0.985607462159782,0.000167887591165,0.9803700000000002,0.00026
13822,3427,dens_1288457717872177367,1117,Density,<Substance CCOc1ccccc1{solv}{x=0.304100}|OCCc1ccccc1{solv}{x=0.695900}>,CCOc1ccccc1,OCCc1ccccc1,fb-fit-v1-single-mean-k100,3,0.9960967721410068,0.0002011652559734,0.9909900000000004,0.00026
13823,3428,dhmix_1400067757990485972,1118,EnthalpyOfMixing,<Substance CCOc1ccccc1{solv}{x=0.738800}|OCCc1ccccc1{solv}{x=0.261200}>,CCOc1ccccc1,OCCc1ccccc1,fb-fit-v1-single-mean-k100,3,1.0378966695005971,0.0518478382286238,1.1427,0.01225
13824,3429,dens_1419265414647987466,1119,Density,<Substance CCOc1ccccc1{solv}{x=0.792900}|OCCc1ccccc1{solv}{x=0.207100}>,CCOc1ccccc1,OCCc1ccccc1,fb-fit-v1-single-mean-k100,3,0.9681770703428096,0.0001580471714376,0.9624400000000004,0.00026
13825,3430,dhmix_1985234108792038812,1120,EnthalpyOfMixing,<Substance CCOc1ccccc1{solv}{x=0.485200}|OCCc1ccccc1{solv}{x=0.514800}>,CCOc1ccccc1,OCCc1ccccc1,fb-fit-v1-single-mean-k100,3,0.949192130494822,0.0478930547002688,1.0249,0.011
13826,3431,dhmix_2203675640711482674,1121,EnthalpyOfMixing,<Substance CCOc1ccccc1{solv}{x=0.239100}|OCCc1ccccc1{solv}{x=0.760900}>,CCOc1ccccc1,OCCc1ccccc1,fb-fit-v1-single-mean-k100,3,0.6335588918250465,0.0401587146158276,0.6669,0.0072
13827,3432,dens_1247048173376376516,1122,Density,<Substance CCCCC(=O)OC{solv}{x=0.349300}|COC=O{solv}{x=0.650700}>,CCCCC(=O)OC,COC=O,fb-fit-v1-single-mean-k100,3,0.941574504073338,0.0002699014192452,0.9198400000000002,0.000115
13828,3433,dens_1283923442255956417,1123,Density,<Substance CCCCC(=O)OC{solv}{x=0.500000}|COC=O{solv}{x=0.500000}>,CCCCC(=O)OC,COC=O,fb-fit-v1-single-mean-k100,3,0.9248381868919392,0.0002513078030818,0.90817,0.00012
13829,3434,dhmix_1491739683552461043,1124,EnthalpyOfMixing,<Substance CCCCC(=O)OC{solv}{x=0.348600}|COC=O{solv}{x=0.651400}>,CCCCC(=O)OC,COC=O,fb-fit-v1-single-mean-k100,3,0.3784949340517709,0.0417054450799178,0.422,0.0045
13830,3435,dhmix_1747049492522889097,1125,EnthalpyOfMixing,<Substance CCCCC(=O)OC{solv}{x=0.523200}|COC=O{solv}{x=0.476800}>,CCCCC(=O)OC,COC=O,fb-fit-v1-single-mean-k100,3,0.4739859300583937,0.0397470721795092,0.409,0.0045
13831,3436,dhmix_1990853348078771210,1126,EnthalpyOfMixing,<Substance CCCCC(=O)OC{solv}{x=0.796800}|COC=O{solv}{x=0.203200}>,CCCCC(=O)OC,COC=O,fb-fit-v1-single-mean-k100,3,0.091103965256849,0.0475941702258862,0.219,0.0025
13832,3437,dens_2269601061883384185,1127,Density,<Substance CCCCC(=O)OC{solv}{x=0.725800}|COC=O{solv}{x=0.274200}>,CCCCC(=O)OC,COC=O,fb-fit-v1-single-mean-k100,3,0.9067832274447776,0.0002046178587535,0.8955000000000002,0.000135
13833,3438,dens_1266839724964377205,1128,Density,<Substance Cn1ccnc1{solv}{x=0.779500}|O{solv}{x=0.220500}>,Cn1ccnc1,O,fb-fit-v1-single-mean-k100,3,1.017943346690111,0.0002796456405787,1.0360000000000005,0.00015
13834,3439,dens_1634862053132906887,1129,Density,<Substance Cn1ccnc1{solv}{x=0.498200}|O{solv}{x=0.501800}>,Cn1ccnc1,O,fb-fit-v1-single-mean-k100,3,1.016644963683218,0.0002181337869642,1.0416,0.00015
13835,3440,dens_1681126092995837883,1130,Density,<Substance Cn1ccnc1{solv}{x=0.216700}|O{solv}{x=0.783300}>,Cn1ccnc1,O,fb-fit-v1-single-mean-k100,3,1.0032194997866164,0.0003730719785359,1.0301000000000002,0.0001
13836,3441,dhmix_1311251505653939236,1131,EnthalpyOfMixing,<Substance CC(=O)CC(C)=O{solv}{x=0.598500}|O{solv}{x=0.401500}>,CC(=O)CC(C)=O,O,fb-fit-v1-single-mean-k100,3,0.3318751481320703,0.0349858369845142,0.4905,0.00555
13837,3442,dhmix_1367092272310773702,1132,EnthalpyOfMixing,<Substance CC(=O)CC(C)=O{solv}{x=0.749200}|O{solv}{x=0.250800}>,CC(=O)CC(C)=O,O,fb-fit-v1-single-mean-k100,3,0.5444465526955469,0.0358449135369199,0.6211,0.00695
13838,3443,dhmix_2033109088651196860,1133,EnthalpyOfMixing,<Substance CC(=O)CC(C)=O{solv}{x=0.200400}|O{solv}{x=0.799600}>,CC(=O)CC(C)=O,O,fb-fit-v1-single-mean-k100,3,-0.0043415385455034,0.0266851693702032,0.1562,0.0021
13839,3444,dens_1319073694995976411,1134,Density,<Substance CC(C)CO{solv}{x=0.762200}|OC1=NCCC1{solv}{x=0.237800}>,CC(C)CO,OC1=NCCC1,fb-fit-v1-single-mean-k100,3,0.8685038310907308,0.0002655002287512,0.8623100000000001,0.000205
13840,3445,dhmix_1817161401911066523,1135,EnthalpyOfMixing,<Substance CC(C)CO{solv}{x=0.754900}|OC1=NCCC1{solv}{x=0.245100}>,CC(C)CO,OC1=NCCC1,fb-fit-v1-single-mean-k100,3,1.5016784130555,0.0371763725270144,0.2989,0.0033
13841,3446,dens_1852757585830259815,1136,Density,<Substance CC(C)CO{solv}{x=0.287400}|OC1=NCCC1{solv}{x=0.712600}>,CC(C)CO,OC1=NCCC1,fb-fit-v1-single-mean-k100,3,0.9859450090232734,0.0002554955944404,1.0078300000000002,0.000155
13842,3447,dhmix_2057245570503088562,1137,EnthalpyOfMixing,<Substance CC(C)CO{solv}{x=0.259800}|OC1=NCCC1{solv}{x=0.740200}>,CC(C)CO,OC1=NCCC1,fb-fit-v1-single-mean-k100,3,1.1338605851342436,0.0355384296014578,0.1798,0.00205
13843,3448,dens_2175875616459255266,1138,Density,<Substance CC(C)CO{solv}{x=0.489400}|OC1=NCCC1{solv}{x=0.510600}>,CC(C)CO,OC1=NCCC1,fb-fit-v1-single-mean-k100,3,0.9343421818502043,0.0002122876567047,0.9431100000000002,0.00017
13844,3449,dhmix_2273039716774959551,1139,EnthalpyOfMixing,<Substance CC(C)CO{solv}{x=0.497800}|OC1=NCCC1{solv}{x=0.502200}>,CC(C)CO,OC1=NCCC1,fb-fit-v1-single-mean-k100,3,1.8858728524900312,0.0372337271182876,0.2775,0.0031
13845,3450,dens_1400897934227212514,1140,Density,<Substance CC(C)CC(C)(C)C{solv}{x=0.541100}|COC(C)=O{solv}{x=0.458900}>,CC(C)CC(C)(C)C,COC(C)=O,fb-fit-v1-single-mean-k100,3,0.7747053397079351,0.0001922954022459,0.7495700000000002,0.000505
13846,3451,dhmix_1534218615961922445,1141,EnthalpyOfMixing,<Substance CC(C)CC(C)(C)C{solv}{x=0.256000}|COC(C)=O{solv}{x=0.744000}>,CC(C)CC(C)(C)C,COC(C)=O,fb-fit-v1-single-mean-k100,3,1.7015482902514023,0.0395621728660037,1.385,0.015
13847,3452,dhmix_1663557420681143866,1142,EnthalpyOfMixing,<Substance CC(C)CC(C)(C)C{solv}{x=0.540600}|COC(C)=O{solv}{x=0.459400}>,CC(C)CC(C)(C)C,COC(C)=O,fb-fit-v1-single-mean-k100,3,2.015310749965124,0.0467514639407381,1.759,0.019
13848,3453,dens_1833608859418637606,1143,Density,<Substance CC(C)CC(C)(C)C{solv}{x=0.736400}|COC(C)=O{solv}{x=0.263600}>,CC(C)CC(C)(C)C,COC(C)=O,fb-fit-v1-single-mean-k100,3,0.7437617094587957,0.0001866804259794,0.7171000000000002,0.00015
13849,3454,dhmix_1913788848230724771,1144,EnthalpyOfMixing,<Substance CC(C)CC(C)(C)C{solv}{x=0.783300}|COC(C)=O{solv}{x=0.216700}>,CC(C)CC(C)(C)C,COC(C)=O,fb-fit-v1-single-mean-k100,3,1.500095359863593,0.0417753842542842,1.149,0.0125
13850,3455,dens_2018568384717712900,1145,Density,<Substance CC(C)CC(C)(C)C{solv}{x=0.238900}|COC(C)=O{solv}{x=0.761100}>,CC(C)CC(C)(C)C,COC(C)=O,fb-fit-v1-single-mean-k100,3,0.8468533438626259,0.0002607596571238,0.8248000000000002,0.0001
13851,3456,dens_1465225466328543955,1146,Density,<Substance Cc1cccnc1{solv}{x=0.225000}|O{solv}{x=0.775000}>,Cc1cccnc1,O,fb-fit-v1-single-mean-k100,3,0.965498070575783,0.0003351929900223,0.9921000000000002,0.0003
13852,3457,dens_1644445312716340330,1147,Density,<Substance Cc1cccnc1{solv}{x=0.500000}|O{solv}{x=0.500000}>,Cc1cccnc1,O,fb-fit-v1-single-mean-k100,3,0.958230098888683,0.0003117799759763,0.9797000000000002,0.0003
13853,3458,dens_2262998332454406432,1148,Density,<Substance Cc1cccnc1{solv}{x=0.700000}|O{solv}{x=0.300000}>,Cc1cccnc1,O,fb-fit-v1-single-mean-k100,3,0.9559198788073696,0.0002379762407988,0.9690000000000002,0.0003
13854,3459,dens_1601780542508306264,1149,Density,<Substance CC(=O)N(C)C{solv}{x=0.771800}|CCOC(C)=O{solv}{x=0.228200}>,CC(=O)N(C)C,CCOC(C)=O,fb-fit-v1-single-mean-k100,3,0.9096778940282836,0.0002085695110233,0.9286200000000002,0.000185
13855,3460,dens_2126546638582188774,1150,Density,<Substance CC(=O)N(C)C{solv}{x=0.464600}|CCOC(C)=O{solv}{x=0.535400}>,CC(=O)N(C)C,CCOC(C)=O,fb-fit-v1-single-mean-k100,3,0.9118685541040336,0.0002184463912712,0.9166300000000002,0.00022
13856,3461,dens_2159432384130350508,1151,Density,<Substance CC(=O)N(C)C{solv}{x=0.233100}|CCOC(C)=O{solv}{x=0.766900}>,CC(=O)N(C)C,CCOC(C)=O,fb-fit-v1-single-mean-k100,3,0.9124497968516078,0.0002416022334182,0.9064300000000002,0.000245
13857,3462,dens_1713891284028890335,1152,Density,<Substance CC(=O)O{solv}{x=0.798900}|CCOC(C)=O{solv}{x=0.201100}>,CC(=O)O,CCOC(C)=O,fb-fit-v1-single-mean-k100,3,1.0326603582381044,0.0003486082561207,0.9996600000000002,0.000225
13858,3463,dens_1856345418041920174,1153,Density,<Substance CC(=O)O{solv}{x=0.500700}|CCOC(C)=O{solv}{x=0.499300}>,CC(=O)O,CCOC(C)=O,fb-fit-v1-single-mean-k100,3,0.9772270083570546,0.000260360264088,0.9514000000000002,0.00018
13859,3464,dens_2035334988982485653,1154,Density,<Substance CC(=O)O{solv}{x=0.294400}|CCOC(C)=O{solv}{x=0.705600}>,CC(=O)O,CCOC(C)=O,fb-fit-v1-single-mean-k100,3,0.9473530470335964,0.0002642008563774,0.9255000000000002,0.00016
13860,0,dhmix_592425981731704,0,EnthalpyOfMixing,<Substance C1CCCCC1{solv}{x=0.100300}|Cc1ccccc1{solv}{x=0.899700}>,C1CCCCC1,Cc1ccccc1,fb-fit-v3-single-mean-k100,1,0.2604157539425955,0.0491138648049411,0.2015,0.0015
13861,1,dens_191923210986624643,1,Density,<Substance C1CCCCC1{solv}{x=0.697700}|Cc1ccccc1{solv}{x=0.302300}>,C1CCCCC1,Cc1ccccc1,fb-fit-v3-single-mean-k100,1,0.7842386310926975,0.0001939535252083,0.7818000000000002,0.00041
13862,2,dens_699555827256664507,2,Density,<Substance C1CCCCC1{solv}{x=0.100000}|Cc1ccccc1{solv}{x=0.900000}>,C1CCCCC1,Cc1ccccc1,fb-fit-v3-single-mean-k100,1,0.8481948949791221,0.0002148254644319,0.8378000000000001,0.00025
13863,3,dhmix_997331474504366167,3,EnthalpyOfMixing,<Substance C1CCCCC1{solv}{x=0.697900}|Cc1ccccc1{solv}{x=0.302100}>,C1CCCCC1,Cc1ccccc1,fb-fit-v3-single-mean-k100,1,0.6573831283329525,0.0378373789035673,0.5221,0.0034
13864,4,dhmix_1586684551148150215,4,EnthalpyOfMixing,<Substance C1CCCCC1{solv}{x=0.397600}|Cc1ccccc1{solv}{x=0.602400}>,C1CCCCC1,Cc1ccccc1,fb-fit-v3-single-mean-k100,1,0.8261863573230244,0.0403295260791196,0.5887,0.0038
13865,5,dens_1809100412119556796,5,Density,<Substance C1CCCCC1{solv}{x=0.397500}|Cc1ccccc1{solv}{x=0.602500}>,C1CCCCC1,Cc1ccccc1,fb-fit-v3-single-mean-k100,1,0.8289101839715627,0.0001489444269299,0.8228000000000002,0.0002
13866,6,dhmix_1261378482688431,6,EnthalpyOfMixing,<Substance CCC(C)=O{solv}{x=0.510600}|Nc1ccccc1{solv}{x=0.489400}>,CCC(C)=O,Nc1ccccc1,fb-fit-v3-single-mean-k100,1,-0.3588628403351812,0.0410636928272161,-1.173,0.0125
13867,7,dhmix_157258283975731553,7,EnthalpyOfMixing,<Substance CCC(C)=O{solv}{x=0.901800}|Nc1ccccc1{solv}{x=0.098200}>,CCC(C)=O,Nc1ccccc1,fb-fit-v3-single-mean-k100,1,-0.3283552192686416,0.035870846578782,-0.469,0.005
13868,8,dens_610648476268376520,8,Density,<Substance CCC(C)=O{solv}{x=0.502600}|Nc1ccccc1{solv}{x=0.497400}>,CCC(C)=O,Nc1ccccc1,fb-fit-v3-single-mean-k100,1,0.932259291006452,0.0002399968741707,0.9213850000000002,5.650000000000002e-05
13869,9,dens_1388487494953421117,9,Density,<Substance CCC(C)=O{solv}{x=0.901900}|Nc1ccccc1{solv}{x=0.098100}>,CCC(C)=O,Nc1ccccc1,fb-fit-v3-single-mean-k100,1,0.8234995353662975,0.0002491798948785,0.8265540000000001,7.200000000000002e-05
13870,10,dhmix_1389656513678923263,10,EnthalpyOfMixing,<Substance CCC(C)=O{solv}{x=0.209900}|Nc1ccccc1{solv}{x=0.790100}>,CCC(C)=O,Nc1ccccc1,fb-fit-v3-single-mean-k100,1,-0.0298369004061456,0.0464150848702734,-0.648,0.007
13871,11,dens_2115628806769415578,11,Density,<Substance CCC(C)=O{solv}{x=0.256300}|Nc1ccccc1{solv}{x=0.743700}>,CCC(C)=O,Nc1ccccc1,fb-fit-v3-single-mean-k100,1,0.9972778424595348,0.0002629645838549,0.9712300000000004,4.900000000000001e-05
13872,12,dens_1379242187515209,12,Density,<Substance CC#N{solv}{x=0.795200}|CCCCOCCCC{solv}{x=0.204800}>,CC#N,CCCCOCCCC,fb-fit-v3-single-mean-k100,1,0.7601351612672496,0.0002290994408299,0.7708800000000002,0.000245
13873,13,dhmix_575991096898484441,13,EnthalpyOfMixing,<Substance CC#N{solv}{x=0.488600}|CCCCOCCCC{solv}{x=0.511400}>,CC#N,CCCCOCCCC,fb-fit-v3-single-mean-k100,1,0.64617914438724,0.0417014168210998,1.26543,0.00796
13874,14,dhmix_1182924089945476872,14,EnthalpyOfMixing,<Substance CC#N{solv}{x=0.241600}|CCCCOCCCC{solv}{x=0.758400}>,CC#N,CCCCOCCCC,fb-fit-v3-single-mean-k100,1,0.4684755480231075,0.0508070485654995,0.94593,0.00601
13875,15,dhmix_1244492966201685063,15,EnthalpyOfMixing,<Substance CC#N{solv}{x=0.795200}|CCCCOCCCC{solv}{x=0.204800}>,CC#N,CCCCOCCCC,fb-fit-v3-single-mean-k100,1,0.4421741100945227,0.0327414754442821,0.94289,0.005995
13876,16,dens_2044032309137951705,16,Density,<Substance CC#N{solv}{x=0.245500}|CCCCOCCCC{solv}{x=0.754500}>,CC#N,CCCCOCCCC,fb-fit-v3-single-mean-k100,1,0.7645883079476279,0.0002167228337429,0.7653000000000001,0.00028
13877,17,dens_2211436825174998797,17,Density,<Substance CC#N{solv}{x=0.509800}|CCCCOCCCC{solv}{x=0.490200}>,CC#N,CCCCOCCCC,fb-fit-v3-single-mean-k100,1,0.7633365581335907,0.0002394002768777,0.7671500000000001,0.00026
13878,18,dens_1820034175228694,18,Density,<Substance C1CCCCC1{solv}{x=0.540900}|CN1CCCC1=O{solv}{x=0.459100}>,C1CCCCC1,CN1CCCC1=O,fb-fit-v3-single-mean-k100,1,0.8699289013721078,0.0001878007112315,0.8757100000000002,0.000335
13879,19,dhmix_1335365307191460458,19,EnthalpyOfMixing,<Substance C1CCCCC1{solv}{x=0.751800}|CN1CCCC1=O{solv}{x=0.248200}>,C1CCCCC1,CN1CCCC1=O,fb-fit-v3-single-mean-k100,1,1.343644621982648,0.0434337190209274,1.1998,0.01285
13880,20,dens_1375048033230012198,20,Density,<Substance C1CCCCC1{solv}{x=0.733200}|CN1CCCC1=O{solv}{x=0.266800}>,C1CCCCC1,CN1CCCC1=O,fb-fit-v3-single-mean-k100,1,0.8250422231200385,0.0002230400875009,0.8287300000000002,0.0004
13881,21,dhmix_1563298635135474599,21,EnthalpyOfMixing,<Substance C1CCCCC1{solv}{x=0.278900}|CN1CCCC1=O{solv}{x=0.721100}>,C1CCCCC1,CN1CCCC1=O,fb-fit-v3-single-mean-k100,1,1.5640170989117834,0.0478796426442472,1.2061,0.0129
13882,22,dens_1606235786379262481,22,Density,<Substance C1CCCCC1{solv}{x=0.227500}|CN1CCCC1=O{solv}{x=0.772500}>,C1CCCCC1,CN1CCCC1=O,fb-fit-v3-single-mean-k100,1,0.9480795089996384,0.0002264017057336,0.9583800000000002,0.000245
13883,23,dhmix_1683219349338278021,23,EnthalpyOfMixing,<Substance C1CCCCC1{solv}{x=0.473400}|CN1CCCC1=O{solv}{x=0.526600}>,C1CCCCC1,CN1CCCC1=O,fb-fit-v3-single-mean-k100,1,1.782930485466146,0.0414915187283096,1.4691,0.0157
13884,24,dens_4438302718372985,24,Density,<Substance BrCCCCBr{solv}{x=0.717000}|COC=O{solv}{x=0.283000}>,BrCCCCBr,COC=O,fb-fit-v3-single-mean-k100,1,1.6525834853688153,0.0003155219755971,1.6702600000000003,0.00259
13885,25,dhmix_369816950910078034,25,EnthalpyOfMixing,<Substance BrCCCCBr{solv}{x=0.778200}|COC=O{solv}{x=0.221800}>,BrCCCCBr,COC=O,fb-fit-v3-single-mean-k100,1,0.6732935184139137,0.0404414941896054,0.6355,0.0057
13886,26,dens_460757700461114532,26,Density,<Substance BrCCCCBr{solv}{x=0.495800}|COC=O{solv}{x=0.504200}>,BrCCCCBr,COC=O,fb-fit-v3-single-mean-k100,1,1.509002799943105,0.0003951175909799,1.5176800000000004,0.001885
13887,27,dhmix_1496821399278454353,27,EnthalpyOfMixing,<Substance BrCCCCBr{solv}{x=0.265400}|COC=O{solv}{x=0.734600}>,BrCCCCBr,COC=O,fb-fit-v3-single-mean-k100,1,0.9335378053720866,0.0344224372785305,0.8185,0.00715
13888,28,dens_1750413656870357630,28,Density,<Substance BrCCCCBr{solv}{x=0.225800}|COC=O{solv}{x=0.774200}>,BrCCCCBr,COC=O,fb-fit-v3-single-mean-k100,1,1.2733513810944914,0.000431067098403,1.2671300000000003,0.00104
13889,29,dhmix_1802862930607761431,29,EnthalpyOfMixing,<Substance BrCCCCBr{solv}{x=0.482000}|COC=O{solv}{x=0.518000}>,BrCCCCBr,COC=O,fb-fit-v3-single-mean-k100,1,1.027377761984738,0.0379851752993642,1.0243,0.0087
13890,30,dhmix_8447570649359775,30,EnthalpyOfMixing,<Substance OCCO{solv}{x=0.481700}|OCc1ccccc1{solv}{x=0.518300}>,OCCO,OCc1ccccc1,fb-fit-v3-single-mean-k100,1,0.3434740177644642,0.0411826863829682,0.201,0.00465
13891,31,dens_824372741354282107,31,Density,<Substance OCCO{solv}{x=0.505700}|OCc1ccccc1{solv}{x=0.494300}>,OCCO,OCc1ccccc1,fb-fit-v3-single-mean-k100,1,1.0686569067450322,0.0003574699392679,1.0579000000000005,0.00027
13892,32,dens_1105173553343721111,32,Density,<Substance OCCO{solv}{x=0.737100}|OCc1ccccc1{solv}{x=0.262900}>,OCCO,OCc1ccccc1,fb-fit-v3-single-mean-k100,1,1.0871159710024607,0.000293598803535,1.0753200000000005,0.000275
13893,33,dhmix_1362282802315816638,33,EnthalpyOfMixing,<Substance OCCO{solv}{x=0.736100}|OCc1ccccc1{solv}{x=0.263900}>,OCCO,OCc1ccccc1,fb-fit-v3-single-mean-k100,1,0.31158030950089,0.0608070923574426,0.1383,0.0037
13894,34,dhmix_1666683879028583081,34,EnthalpyOfMixing,<Substance OCCO{solv}{x=0.236500}|OCc1ccccc1{solv}{x=0.763500}>,OCCO,OCc1ccccc1,fb-fit-v3-single-mean-k100,1,0.147895951923779,0.0638107044118493,0.209,0.0048
13895,35,dens_1698159396404241323,35,Density,<Substance OCCO{solv}{x=0.262200}|OCc1ccccc1{solv}{x=0.737800}>,OCCO,OCc1ccccc1,fb-fit-v3-single-mean-k100,1,1.0553776893126532,0.000241341614314,1.0442900000000002,0.000265
13896,36,dens_8507121971977381,36,Density,<Substance CCOC(C)(C)C{solv}{x=0.505000}|Cc1ccccc1{solv}{x=0.495000}>,CCOC(C)(C)C,Cc1ccccc1,fb-fit-v3-single-mean-k100,1,0.80813509025746,0.0002267195845673,0.7937390000000002,0.000467
13897,37,dens_499290591626962121,37,Density,<Substance CCOC(C)(C)C{solv}{x=0.217000}|Cc1ccccc1{solv}{x=0.783000}>,CCOC(C)(C)C,Cc1ccccc1,fb-fit-v3-single-mean-k100,1,0.8444523995011818,0.000224851853371,0.8314450000000002,0.000411
13898,38,dhmix_820491025608256793,38,EnthalpyOfMixing,<Substance CCOC(C)(C)C{solv}{x=0.501900}|Cc1ccccc1{solv}{x=0.498100}>,CCOC(C)(C)C,Cc1ccccc1,fb-fit-v3-single-mean-k100,1,-0.1943873714668953,0.0345948541514809,-0.046,0.00055
13899,39,dhmix_1374163681483564129,39,EnthalpyOfMixing,<Substance CCOC(C)(C)C{solv}{x=0.248900}|Cc1ccccc1{solv}{x=0.751100}>,CCOC(C)(C)C,Cc1ccccc1,fb-fit-v3-single-mean-k100,1,-0.1653818587919673,0.0449659630760453,-0.0324,0.0005
13900,40,dens_1904998692863983733,40,Density,<Substance CCOC(C)(C)C{solv}{x=0.701000}|Cc1ccccc1{solv}{x=0.299000}>,CCOC(C)(C)C,Cc1ccccc1,fb-fit-v3-single-mean-k100,1,0.7839253503892379,0.0002221342769151,0.7696300000000001,0.000503
13901,41,dhmix_1982853461678580310,41,EnthalpyOfMixing,<Substance CCOC(C)(C)C{solv}{x=0.749500}|Cc1ccccc1{solv}{x=0.250500}>,CCOC(C)(C)C,Cc1ccccc1,fb-fit-v3-single-mean-k100,1,-0.1123036316199019,0.0450529756929398,-0.0348,0.0005
13902,42,dhmix_13624411991961099,42,EnthalpyOfMixing,<Substance C1CCOCC1{solv}{x=0.237900}|Cc1ccccc1N{solv}{x=0.762100}>,C1CCOCC1,Cc1ccccc1N,fb-fit-v3-single-mean-k100,1,-0.1233597749043153,0.0507441180960926,-0.3658,0.004
13903,43,dhmix_510299013171775812,43,EnthalpyOfMixing,<Substance C1CCOCC1{solv}{x=0.741000}|Cc1ccccc1N{solv}{x=0.259000}>,C1CCOCC1,Cc1ccccc1N,fb-fit-v3-single-mean-k100,1,-0.2804555454793842,0.0411149723736889,-0.4892,0.0053
13904,44,dhmix_1337006691942958969,44,EnthalpyOfMixing,<Substance C1CCOCC1{solv}{x=0.490100}|Cc1ccccc1N{solv}{x=0.509900}>,C1CCOCC1,Cc1ccccc1N,fb-fit-v3-single-mean-k100,1,-0.3628973233993697,0.0444151748148798,-0.5715,0.0062
13905,45,dens_1448062547628404156,45,Density,<Substance C1CCOCC1{solv}{x=0.727900}|Cc1ccccc1N{solv}{x=0.272100}>,C1CCOCC1,Cc1ccccc1N,fb-fit-v3-single-mean-k100,1,0.9209580269320268,0.0001972336849794,0.91866,0.000285
13906,46,dens_2171966897328079405,46,Density,<Substance C1CCOCC1{solv}{x=0.498600}|Cc1ccccc1N{solv}{x=0.501400}>,C1CCOCC1,Cc1ccccc1N,fb-fit-v3-single-mean-k100,1,0.9546967365720128,0.0002907686965356,0.9459860000000002,0.0002275
13907,47,dens_2201621104799327758,47,Density,<Substance C1CCOCC1{solv}{x=0.229700}|Cc1ccccc1N{solv}{x=0.770300}>,C1CCOCC1,Cc1ccccc1N,fb-fit-v3-single-mean-k100,1,0.991868674436006,0.0001886279815568,0.9734540000000002,0.000164
13908,48,dens_15008167137789802,48,Density,<Substance CCCCCl{solv}{x=0.299200}|CN(C)C=O{solv}{x=0.700800}>,CCCCCl,CN(C)C=O,fb-fit-v3-single-mean-k100,1,0.909315226838958,0.000254878514899,0.9218000000000002,0.0002
13909,49,dens_550868133232739009,49,Density,<Substance CCCCCl{solv}{x=0.701200}|CN(C)C=O{solv}{x=0.298800}>,CCCCCl,CN(C)C=O,fb-fit-v3-single-mean-k100,1,0.886480781064982,0.0002895260176998,0.8963000000000002,0.0002
13910,50,dhmix_1315230298567753558,50,EnthalpyOfMixing,<Substance CCCCCl{solv}{x=0.793000}|CN(C)C=O{solv}{x=0.207000}>,CCCCCl,CN(C)C=O,fb-fit-v3-single-mean-k100,1,0.7431898080029811,0.0386264435241244,0.404,0.003
13911,51,dhmix_1929975181819720491,51,EnthalpyOfMixing,<Substance CCCCCl{solv}{x=0.493000}|CN(C)C=O{solv}{x=0.507000}>,CCCCCl,CN(C)C=O,fb-fit-v3-single-mean-k100,1,0.9663732339302626,0.0400426083105026,0.571,0.003
13912,52,dhmix_1976787548784045784,52,EnthalpyOfMixing,<Substance CCCCCl{solv}{x=0.295000}|CN(C)C=O{solv}{x=0.705000}>,CCCCCl,CN(C)C=O,fb-fit-v3-single-mean-k100,1,0.8151029072290328,0.0365904984108844,0.467,0.003
13913,53,dens_2008819185276371643,53,Density,<Substance CCCCCl{solv}{x=0.499000}|CN(C)C=O{solv}{x=0.501000}>,CCCCCl,CN(C)C=O,fb-fit-v3-single-mean-k100,1,0.8982814280891384,0.0002843335474185,0.9086000000000002,0.0002
13914,54,dens_16755306936326197,54,Density,<Substance Cc1ccccc1N{solv}{x=0.255700}|Cc1ccccn1{solv}{x=0.744300}>,Cc1ccccc1N,Cc1ccccn1,fb-fit-v3-single-mean-k100,1,0.97056412371295,0.0002158133458752,0.9597930000000002,0.000307
13915,55,dens_238666738854407136,55,Density,<Substance Cc1ccccc1N{solv}{x=0.514600}|Cc1ccccn1{solv}{x=0.485400}>,Cc1ccccc1N,Cc1ccccn1,fb-fit-v3-single-mean-k100,1,0.9902456723653488,0.0002481345105598,0.9748990000000002,0.0002315
13916,56,dhmix_1909144841681931250,56,EnthalpyOfMixing,<Substance Cc1ccccc1N{solv}{x=0.488200}|Cc1ccccn1{solv}{x=0.511800}>,Cc1ccccc1N,Cc1ccccn1,fb-fit-v3-single-mean-k100,1,-1.652406521436049,0.046505500122744,-1.4976,0.0305
13917,57,dens_1945534954282706534,57,Density,<Substance Cc1ccccc1N{solv}{x=0.757100}|Cc1ccccn1{solv}{x=0.242900}>,Cc1ccccc1N,Cc1ccccn1,fb-fit-v3-single-mean-k100,1,1.0053371277979986,0.0003071084269596,0.9854410000000002,0.000169
13918,58,dhmix_2038606904928978856,58,EnthalpyOfMixing,<Substance Cc1ccccc1N{solv}{x=0.782100}|Cc1ccccn1{solv}{x=0.217900}>,Cc1ccccc1N,Cc1ccccn1,fb-fit-v3-single-mean-k100,1,-0.8081183208171936,0.0441514409176925,-0.8656,0.01775
13919,59,dhmix_2125558080831870503,59,EnthalpyOfMixing,<Substance Cc1ccccc1N{solv}{x=0.273600}|Cc1ccccn1{solv}{x=0.726400}>,Cc1ccccc1N,Cc1ccccn1,fb-fit-v3-single-mean-k100,1,-1.436887774855073,0.0331213137196224,-1.2462,0.0254
13920,60,dens_19028061622240549,60,Density,<Substance CN(C)CCO{solv}{x=0.296200}|CO{solv}{x=0.703800}>,CN(C)CCO,CO,fb-fit-v3-single-mean-k100,1,0.847840513519912,0.0003084862970605,0.8506500000000001,0.00014
13921,61,dens_186649390549115907,61,Density,<Substance CN(C)CCO{solv}{x=0.502000}|CO{solv}{x=0.498000}>,CN(C)CCO,CO,fb-fit-v3-single-mean-k100,1,0.8757356790449413,0.0002197449970143,0.8684000000000002,0.000155
13922,62,dhmix_1453612193040378117,62,EnthalpyOfMixing,<Substance CN(C)CCO{solv}{x=0.497200}|CO{solv}{x=0.502800}>,CN(C)CCO,CO,fb-fit-v3-single-mean-k100,1,-1.304932810772527,0.0344629116562696,-0.8673,0.00935
13923,63,dens_1978392691277508278,63,Density,<Substance CN(C)CCO{solv}{x=0.707500}|CO{solv}{x=0.292500}>,CN(C)CCO,CO,fb-fit-v3-single-mean-k100,1,0.8915644234077077,0.0002292061249759,0.8766100000000002,0.00017
13924,64,dhmix_2113387918969192804,64,EnthalpyOfMixing,<Substance CN(C)CCO{solv}{x=0.247900}|CO{solv}{x=0.752100}>,CN(C)CCO,CO,fb-fit-v3-single-mean-k100,1,-1.166127262267338,0.0340577839037719,-0.8057,0.0087
13925,65,dhmix_2220842061395014218,65,EnthalpyOfMixing,<Substance CN(C)CCO{solv}{x=0.750600}|CO{solv}{x=0.249400}>,CN(C)CCO,CO,fb-fit-v3-single-mean-k100,1,-0.9832598649146292,0.0349831917703922,-0.5322,0.00585
13926,66,dhmix_21994921667950318,66,EnthalpyOfMixing,<Substance C=CCCCC{solv}{x=0.500100}|CCCO{solv}{x=0.499900}>,C=CCCCC,CCCO,fb-fit-v3-single-mean-k100,1,0.6552634931879879,0.038257702852374,0.595,0.0055
13927,67,dens_62854823056490751,67,Density,<Substance C=CCCCC{solv}{x=0.150300}|CCCO{solv}{x=0.849700}>,C=CCCCC,CCCO,fb-fit-v3-single-mean-k100,1,0.7712868607856965,0.0002533952359339,0.7704980000000002,0.0001845
13928,68,dens_294296714501123310,68,Density,<Substance C=CCCCC{solv}{x=0.499100}|CCCO{solv}{x=0.500900}>,C=CCCCC,CCCO,fb-fit-v3-single-mean-k100,1,0.7143074732180723,0.0002616636652307,0.7176450000000002,0.0002145
13929,69,dhmix_829065315899278784,69,EnthalpyOfMixing,<Substance C=CCCCC{solv}{x=0.750000}|CCCO{solv}{x=0.250000}>,C=CCCCC,CCCO,fb-fit-v3-single-mean-k100,1,0.6671366244068508,0.0456323214341762,0.682,0.006
13930,70,dens_2024397702416079279,70,Density,<Substance C=CCCCC{solv}{x=0.745600}|CCCO{solv}{x=0.254400}>,C=CCCCC,CCCO,fb-fit-v3-single-mean-k100,1,0.6853942135882284,0.0002489139992645,0.6899770000000002,0.0002305
13931,71,dhmix_2167083041249157622,71,EnthalpyOfMixing,<Substance C=CCCCC{solv}{x=0.150100}|CCCO{solv}{x=0.849900}>,C=CCCCC,CCCO,fb-fit-v3-single-mean-k100,1,0.1149432081034298,0.0409065646109954,0.192,0.005
13932,72,dhmix_22428169890990447,72,EnthalpyOfMixing,<Substance CC1(C)C(=O)[C@]2(C)CC[C@H]1C2{solv}{x=0.286000}|CCO{solv}{x=0.714000}>,CC1(C)C(=O)[C@]2(C)CC[C@H]1C2,CCO,fb-fit-v3-single-mean-k100,1,1.01246029017301,0.0385148959716408,0.876,0.0265
13933,73,dhmix_57626661746168078,73,EnthalpyOfMixing,<Substance CC1(C)C(=O)[C@]2(C)CC[C@H]1C2{solv}{x=0.701000}|CCO{solv}{x=0.299000}>,CC1(C)C(=O)[C@]2(C)CC[C@H]1C2,CCO,fb-fit-v3-single-mean-k100,1,1.036432520997863,0.0488249479755316,1.0,0.0305
13934,74,dhmix_287041928444283276,74,EnthalpyOfMixing,<Substance CC1(C)C(=O)[C@]2(C)CC[C@H]1C2{solv}{x=0.488000}|CCO{solv}{x=0.512000}>,CC1(C)C(=O)[C@]2(C)CC[C@H]1C2,CCO,fb-fit-v3-single-mean-k100,1,1.2155792719602516,0.0365915166892034,1.109,0.0335
13935,75,dens_618487453946854895,75,Density,<Substance CC1(C)C(=O)[C@]2(C)CC[C@H]1C2{solv}{x=0.501200}|CCO{solv}{x=0.498800}>,CC1(C)C(=O)[C@]2(C)CC[C@H]1C2,CCO,fb-fit-v3-single-mean-k100,1,0.9240481358636046,0.0001949661837239,0.9005900000000002,5.5000000000000016e-05
13936,76,dens_1408969463542558504,76,Density,<Substance CC1(C)C(=O)[C@]2(C)CC[C@H]1C2{solv}{x=0.789700}|CCO{solv}{x=0.210300}>,CC1(C)C(=O)[C@]2(C)CC[C@H]1C2,CCO,fb-fit-v3-single-mean-k100,1,0.9554010534448404,0.0002507010539175,0.9274800000000002,6.0000000000000015e-05
13937,77,dens_2053919413592536040,77,Density,<Substance CC1(C)C(=O)[C@]2(C)CC[C@H]1C2{solv}{x=0.200200}|CCO{solv}{x=0.799800}>,CC1(C)C(=O)[C@]2(C)CC[C@H]1C2,CCO,fb-fit-v3-single-mean-k100,1,0.8657261772953377,0.0002344039636989,0.8499000000000002,6.500000000000002e-05
13938,78,dhmix_24700325920498635,78,EnthalpyOfMixing,<Substance CCC(C)(C)O{solv}{x=0.799400}|CCOC(C)(C)CC{solv}{x=0.200600}>,CCC(C)(C)O,CCOC(C)(C)CC,fb-fit-v3-single-mean-k100,1,0.6309785556701435,0.0533851421849409,0.448,0.0073
13939,79,dhmix_252628078473967793,79,EnthalpyOfMixing,<Substance CCC(C)(C)O{solv}{x=0.299700}|CCOC(C)(C)CC{solv}{x=0.700300}>,CCC(C)(C)O,CCOC(C)(C)CC,fb-fit-v3-single-mean-k100,1,0.9957535100608864,0.052324966265288,0.9727,0.0132
13940,80,dens_281609537293621351,80,Density,<Substance CCC(C)(C)O{solv}{x=0.799400}|CCOC(C)(C)CC{solv}{x=0.200600}>,CCC(C)(C)O,CCOC(C)(C)CC,fb-fit-v3-single-mean-k100,1,0.8067175659747284,0.0003214498242733,0.7932000000000002,0.00025
13941,81,dhmix_980734994193955874,81,EnthalpyOfMixing,<Substance CCC(C)(C)O{solv}{x=0.498700}|CCOC(C)(C)CC{solv}{x=0.501300}>,CCC(C)(C)O,CCOC(C)(C)CC,fb-fit-v3-single-mean-k100,1,0.7694860717063818,0.0419854954218357,0.8937,0.01225
13942,82,dens_1165049856972872340,82,Density,<Substance CCC(C)(C)O{solv}{x=0.498700}|CCOC(C)(C)CC{solv}{x=0.501300}>,CCC(C)(C)O,CCOC(C)(C)CC,fb-fit-v3-single-mean-k100,1,0.7871926102779209,0.0002360019923616,0.7789000000000001,0.0002
13943,83,dens_2297026976830009992,83,Density,<Substance CCC(C)(C)O{solv}{x=0.299700}|CCOC(C)(C)CC{solv}{x=0.700300}>,CCC(C)(C)O,CCOC(C)(C)CC,fb-fit-v3-single-mean-k100,1,0.7762883423333995,0.0002132027225449,0.7709000000000001,0.0002
13944,84,dens_25810987980199799,84,Density,<Substance CCCCCC{solv}{x=0.158800}|Cc1ccccc1{solv}{x=0.841200}>,CCCCCC,Cc1ccccc1,fb-fit-v3-single-mean-k100,1,0.8329512856164227,0.0002357659982448,0.8226300000000002,0.000335
13945,85,dens_574637447996217594,85,Density,<Substance CCCCCC{solv}{x=0.501100}|Cc1ccccc1{solv}{x=0.498900}>,CCCCCC,Cc1ccccc1,fb-fit-v3-single-mean-k100,1,0.7542169667933586,0.0001493466664612,0.7484400000000002,0.00015
13946,86,dhmix_1373657903424456878,86,EnthalpyOfMixing,<Substance CCCCCC{solv}{x=0.158600}|Cc1ccccc1{solv}{x=0.841400}>,CCCCCC,Cc1ccccc1,fb-fit-v3-single-mean-k100,1,0.4760007635867822,0.0342336454185865,0.3163,0.0043
13947,87,dhmix_1383995974797334848,87,EnthalpyOfMixing,<Substance CCCCCC{solv}{x=0.472300}|Cc1ccccc1{solv}{x=0.527700}>,CCCCCC,Cc1ccccc1,fb-fit-v3-single-mean-k100,1,0.7777469027627149,0.0404228780718386,0.5467,0.00715
13948,88,dhmix_1412344026798360911,88,EnthalpyOfMixing,<Substance CCCCCC{solv}{x=0.748400}|Cc1ccccc1{solv}{x=0.251600}>,CCCCCC,Cc1ccccc1,fb-fit-v3-single-mean-k100,1,0.5806531362839848,0.0443455897147546,0.393,0.00525
13949,89,dens_2241575426887298365,89,Density,<Substance CCCCCC{solv}{x=0.733800}|Cc1ccccc1{solv}{x=0.266200}>,CCCCCC,Cc1ccccc1,fb-fit-v3-single-mean-k100,1,0.7050921850880618,0.0002376901557071,0.7020900000000002,0.000305
13950,90,dens_27241401908451167,90,Density,<Substance CN(C)C=O{solv}{x=0.503500}|Cc1ccccc1Cl{solv}{x=0.496500}>,CN(C)C=O,Cc1ccccc1Cl,fb-fit-v3-single-mean-k100,1,1.0267047998316288,0.0002300665426369,1.0247000000000004,0.0005
13951,91,dhmix_674882857451857086,91,EnthalpyOfMixing,<Substance CN(C)C=O{solv}{x=0.511800}|Cc1ccccc1Cl{solv}{x=0.488200}>,CN(C)C=O,Cc1ccccc1Cl,fb-fit-v3-single-mean-k100,1,0.2072853264379119,0.0392388272972273,0.545,0.006
13952,92,dens_818042132181297482,92,Density,<Substance CN(C)C=O{solv}{x=0.751200}|Cc1ccccc1Cl{solv}{x=0.248800}>,CN(C)C=O,Cc1ccccc1Cl,fb-fit-v3-single-mean-k100,1,0.9812908168230494,0.000245155501951,0.9898800000000002,0.0005
13953,93,dens_861365281257265917,93,Density,<Substance CN(C)C=O{solv}{x=0.273700}|Cc1ccccc1Cl{solv}{x=0.726300}>,CN(C)C=O,Cc1ccccc1Cl,fb-fit-v3-single-mean-k100,1,1.0513203015786143,0.0001644883314425,1.0415000000000003,0.0005
13954,94,dhmix_1670364528496870559,94,EnthalpyOfMixing,<Substance CN(C)C=O{solv}{x=0.767900}|Cc1ccccc1Cl{solv}{x=0.232100}>,CN(C)C=O,Cc1ccccc1Cl,fb-fit-v3-single-mean-k100,1,0.1420923569788712,0.0394177625760137,0.436,0.005
13955,95,dhmix_1992689527814967541,95,EnthalpyOfMixing,<Substance CN(C)C=O{solv}{x=0.274300}|Cc1ccccc1Cl{solv}{x=0.725700}>,CN(C)C=O,Cc1ccccc1Cl,fb-fit-v3-single-mean-k100,1,0.2622811495980244,0.0400662938258437,0.373,0.004
13956,96,dens_29213618499921464,96,Density,<Substance C1CCOCC1{solv}{x=0.254000}|O=C1CCCCCC1{solv}{x=0.746000}>,C1CCOCC1,O=C1CCCCCC1,fb-fit-v3-single-mean-k100,1,0.92840690310485,0.0001907773877936,0.9355100000000002,0.00051
13957,97,dens_468319504030932569,97,Density,<Substance C1CCOCC1{solv}{x=0.498600}|O=C1CCCCCC1{solv}{x=0.501400}>,C1CCOCC1,O=C1CCCCCC1,fb-fit-v3-single-mean-k100,1,0.9130979603334312,0.0001699054676393,0.9211200000000004,0.00051
13958,98,dens_1174890511154571939,98,Density,<Substance C1CCOCC1{solv}{x=0.768600}|O=C1CCCCCC1{solv}{x=0.231400}>,C1CCOCC1,O=C1CCCCCC1,fb-fit-v3-single-mean-k100,1,0.8943430879204507,0.000237867533024,0.9012200000000002,0.000505
13959,99,dens_30084818585402677,99,Density,<Substance CC(=O)N(C)C{solv}{x=0.700600}|ClCCCCCCCl{solv}{x=0.299400}>,CC(=O)N(C)C,ClCCCCCCCl,fb-fit-v3-single-mean-k100,1,0.9721917655747272,0.0002245999401588,0.9853000000000002,0.00175
13960,100,dhmix_384619296407103076,100,EnthalpyOfMixing,<Substance CC(=O)N(C)C{solv}{x=0.504000}|ClCCCCCCCl{solv}{x=0.496000}>,CC(=O)N(C)C,ClCCCCCCCl,fb-fit-v3-single-mean-k100,1,0.3828192889365596,0.0448655610764277,0.09,0.002
13961,101,dens_539464371986972328,101,Density,<Substance CC(=O)N(C)C{solv}{x=0.494300}|ClCCCCCCCl{solv}{x=0.505700}>,CC(=O)N(C)C,ClCCCCCCCl,fb-fit-v3-single-mean-k100,1,1.007839892736548,0.0002451167758378,1.0123000000000002,0.0016
13962,102,dhmix_1114659247517686326,102,EnthalpyOfMixing,<Substance CC(=O)N(C)C{solv}{x=0.798000}|ClCCCCCCCl{solv}{x=0.202000}>,CC(=O)N(C)C,ClCCCCCCCl,fb-fit-v3-single-mean-k100,1,0.2353461576788831,0.0447970928478291,0.067,0.002
13963,103,dhmix_1410583096030633514,103,EnthalpyOfMixing,<Substance CC(=O)N(C)C{solv}{x=0.212000}|ClCCCCCCCl{solv}{x=0.788000}>,CC(=O)N(C)C,ClCCCCCCCl,fb-fit-v3-single-mean-k100,1,0.1760312442603719,0.0461708308655571,0.04,0.002
13964,104,dens_2244909992725638206,104,Density,<Substance CC(=O)N(C)C{solv}{x=0.300200}|ClCCCCCCCl{solv}{x=0.699800}>,CC(=O)N(C)C,ClCCCCCCCl,fb-fit-v3-single-mean-k100,1,1.0348626393865716,0.0002210107827622,1.0345000000000002,0.0015
13965,105,dhmix_35301006695188726,105,EnthalpyOfMixing,<Substance CCOC(=O)C(C)C{solv}{x=0.289000}|CO{solv}{x=0.711000}>,CCOC(=O)C(C)C,CO,fb-fit-v3-single-mean-k100,1,0.5627366031148391,0.0345364192356613,0.488,0.0035
13966,106,dens_508877804306927207,106,Density,<Substance CCOC(=O)C(C)C{solv}{x=0.499000}|CO{solv}{x=0.501000}>,CCOC(=O)C(C)C,CO,fb-fit-v3-single-mean-k100,1,0.8466687807616354,0.0002767043180509,0.8414100000000002,0.00011
13967,107,dens_1201422771202741625,107,Density,<Substance CCOC(=O)C(C)C{solv}{x=0.199600}|CO{solv}{x=0.800400}>,CCOC(=O)C(C)C,CO,fb-fit-v3-single-mean-k100,1,0.81042539147822,0.0003818967574106,0.8173600000000002,0.000115
13968,108,dhmix_1951183536432642425,108,EnthalpyOfMixing,<Substance CCOC(=O)C(C)C{solv}{x=0.480000}|CO{solv}{x=0.520000}>,CCOC(=O)C(C)C,CO,fb-fit-v3-single-mean-k100,1,0.7159408397724079,0.0348538985815357,0.671,0.0045
13969,109,dens_1998368384671748308,109,Density,<Substance CCOC(=O)C(C)C{solv}{x=0.703000}|CO{solv}{x=0.297000}>,CCOC(=O)C(C)C,CO,fb-fit-v3-single-mean-k100,1,0.8602156231074983,0.0002593576890639,0.8501200000000002,0.00011
13970,110,dhmix_2200604492347455092,110,EnthalpyOfMixing,<Substance CCOC(=O)C(C)C{solv}{x=0.771000}|CO{solv}{x=0.229000}>,CCOC(=O)C(C)C,CO,fb-fit-v3-single-mean-k100,1,0.6499877694136558,0.044153154203961,0.632,0.0045
13971,111,dhmix_39159150320919359,111,EnthalpyOfMixing,<Substance CCO{solv}{x=0.799700}|Cc1cccc(O)c1{solv}{x=0.200300}>,CCO,Cc1cccc(O)c1,fb-fit-v3-single-mean-k100,1,-0.6230376021293864,0.0333652318047988,-0.79199,0.011965
13972,112,dens_410843938837220593,112,Density,<Substance CCO{solv}{x=0.263700}|Cc1cccc(O)c1{solv}{x=0.736300}>,CCO,Cc1cccc(O)c1,fb-fit-v3-single-mean-k100,1,1.0048129014049212,0.0002908718746455,0.9852300000000004,0.0006
13973,113,dhmix_1115402835538407874,113,EnthalpyOfMixing,<Substance CCO{solv}{x=0.212500}|Cc1cccc(O)c1{solv}{x=0.787500}>,CCO,Cc1cccc(O)c1,fb-fit-v3-single-mean-k100,1,-0.5282430468677362,0.04502316966269,-0.68742,0.01275
13974,114,dens_1359111234216199895,114,Density,<Substance CCO{solv}{x=0.472400}|Cc1cccc(O)c1{solv}{x=0.527600}>,CCO,Cc1cccc(O)c1,fb-fit-v3-single-mean-k100,1,0.9658184040584996,0.0002383646840228,0.9446300000000002,0.0006
13975,115,dens_1590314985481219627,115,Density,<Substance CCO{solv}{x=0.781700}|Cc1cccc(O)c1{solv}{x=0.218300}>,CCO,Cc1cccc(O)c1,fb-fit-v3-single-mean-k100,1,0.8823811811320744,0.0002917154504601,0.8631500000000002,0.000605
13976,116,dhmix_1871939727966182523,116,EnthalpyOfMixing,<Substance CCO{solv}{x=0.413900}|Cc1cccc(O)c1{solv}{x=0.586100}>,CCO,Cc1cccc(O)c1,fb-fit-v3-single-mean-k100,1,-0.853249195396991,0.0479608087763702,-1.14624,0.00985
13977,117,dens_42678158079716854,117,Density,<Substance CN1CCCC1=O{solv}{x=0.937492}|c1ccccc1{solv}{x=0.062508}>,CN1CCCC1=O,c1ccccc1,fb-fit-v3-single-mean-k100,1,1.0071284295487009,0.0001909487416602,1.0204500000000003,3.500000000000001e-05
13978,118,dens_252520620125458637,118,Density,<Substance CN1CCCC1=O{solv}{x=0.513500}|c1ccccc1{solv}{x=0.486500}>,CN1CCCC1=O,c1ccccc1,fb-fit-v3-single-mean-k100,1,0.9637932986134164,0.000169131451513,0.9684700000000004,0.00018
13979,119,dhmix_524477957640851666,119,EnthalpyOfMixing,<Substance CN1CCCC1=O{solv}{x=0.235600}|c1ccccc1{solv}{x=0.764400}>,CN1CCCC1=O,c1ccccc1,fb-fit-v3-single-mean-k100,1,-0.1487354847783635,0.0359947826669237,-0.3684,0.00405
13980,120,dhmix_1475629358723962160,120,EnthalpyOfMixing,<Substance CN1CCCC1=O{solv}{x=0.546700}|c1ccccc1{solv}{x=0.453300}>,CN1CCCC1=O,c1ccccc1,fb-fit-v3-single-mean-k100,1,-0.071827289358751,0.0426716466496928,-0.4943,0.00535
13981,121,dens_2041306780823594960,121,Density,<Substance CN1CCCC1=O{solv}{x=0.252400}|c1ccccc1{solv}{x=0.747600}>,CN1CCCC1=O,c1ccccc1,fb-fit-v3-single-mean-k100,1,0.9218697229143288,0.0002028761203546,0.9163300000000004,0.00029
13982,122,dhmix_2156508970935294660,122,EnthalpyOfMixing,<Substance CN1CCCC1=O{solv}{x=0.741100}|c1ccccc1{solv}{x=0.258900}>,CN1CCCC1=O,c1ccccc1,fb-fit-v3-single-mean-k100,1,-0.0255655493110786,0.0438466465123573,-0.3841,0.0042
13983,123,dhmix_44217680865702366,123,EnthalpyOfMixing,<Substance CC(=O)c1ccccc1{solv}{x=0.200100}|CC(C)O{solv}{x=0.799900}>,CC(=O)c1ccccc1,CC(C)O,fb-fit-v3-single-mean-k100,1,1.1480664190331902,0.0388939579564846,1.1352,0.0124
13984,124,dens_91454082453656404,124,Density,<Substance CC(=O)c1ccccc1{solv}{x=0.756100}|CC(C)O{solv}{x=0.243900}>,CC(=O)c1ccccc1,CC(C)O,fb-fit-v3-single-mean-k100,1,0.9895367741925656,0.0001882012295245,0.9823500000000004,0.000175
13985,125,dens_152869924254680766,125,Density,<Substance CC(=O)c1ccccc1{solv}{x=0.251700}|CC(C)O{solv}{x=0.748300}>,CC(=O)c1ccccc1,CC(C)O,fb-fit-v3-single-mean-k100,1,0.8858013624562949,0.0002195883897724,0.8654400000000002,0.000245
13986,126,dhmix_1214494501247401592,126,EnthalpyOfMixing,<Substance CC(=O)c1ccccc1{solv}{x=0.499600}|CC(C)O{solv}{x=0.500400}>,CC(=O)c1ccccc1,CC(C)O,fb-fit-v3-single-mean-k100,1,1.5774500468661792,0.0380137961518066,1.5703,0.0169
13987,127,dhmix_1482394504883204224,127,EnthalpyOfMixing,<Substance CC(=O)c1ccccc1{solv}{x=0.700600}|CC(C)O{solv}{x=0.299400}>,CC(=O)c1ccccc1,CC(C)O,fb-fit-v3-single-mean-k100,1,1.3567621157296088,0.0365852819191103,1.3758,0.01485
13988,128,dens_1804860114822214449,128,Density,<Substance CC(=O)c1ccccc1{solv}{x=0.534500}|CC(C)O{solv}{x=0.465500}>,CC(=O)c1ccccc1,CC(C)O,fb-fit-v3-single-mean-k100,1,0.9499535709181758,0.0001757875461037,0.9375600000000002,0.0002
13989,129,dhmix_47323681380989568,129,EnthalpyOfMixing,<Substance CCCCCCCCCl{solv}{x=0.498000}|CN(C)C=O{solv}{x=0.502000}>,CCCCCCCCCl,CN(C)C=O,fb-fit-v3-single-mean-k100,1,1.502928846161069,0.0447905768449887,1.087,0.0045
13990,130,dhmix_620291288515939248,130,EnthalpyOfMixing,<Substance CCCCCCCCCl{solv}{x=0.790000}|CN(C)C=O{solv}{x=0.210000}>,CCCCCCCCCl,CN(C)C=O,fb-fit-v3-single-mean-k100,1,0.9469028649294272,0.0531670972559997,0.68,0.0045
13991,131,dens_1830564734879843336,131,Density,<Substance CCCCCCCCCl{solv}{x=0.733100}|CN(C)C=O{solv}{x=0.266900}>,CCCCCCCCCl,CN(C)C=O,fb-fit-v3-single-mean-k100,1,0.8799566295615985,0.0001833075744511,0.8779000000000002,0.00045
13992,132,dens_1865569264533219410,132,Density,<Substance CCCCCCCCCl{solv}{x=0.500800}|CN(C)C=O{solv}{x=0.499200}>,CCCCCCCCCl,CN(C)C=O,fb-fit-v3-single-mean-k100,1,0.8880626657351613,0.0002023260770838,0.8897000000000003,0.0004
13993,133,dens_1893252821735673677,133,Density,<Substance CCCCCCCCCl{solv}{x=0.199800}|CN(C)C=O{solv}{x=0.800200}>,CCCCCCCCCl,CN(C)C=O,fb-fit-v3-single-mean-k100,1,0.905745602199342,0.0002176840846385,0.9149000000000002,0.0003
13994,134,dhmix_2175249209874409534,134,EnthalpyOfMixing,<Substance CCCCCCCCCl{solv}{x=0.205000}|CN(C)C=O{solv}{x=0.795000}>,CCCCCCCCCl,CN(C)C=O,fb-fit-v3-single-mean-k100,1,1.0537661019302789,0.0398407022525253,0.79,0.0045
13995,135,dens_47347406470845261,135,Density,<Substance BrCCCBr{solv}{x=0.748600}|COC=O{solv}{x=0.251400}>,BrCCCBr,COC=O,fb-fit-v3-single-mean-k100,1,1.77190649634922,0.0005388384381173,1.7969200000000003,0.00306
13996,136,dens_398260729245374704,136,Density,<Substance BrCCCBr{solv}{x=0.472200}|COC=O{solv}{x=0.527800}>,BrCCCBr,COC=O,fb-fit-v3-single-mean-k100,1,1.5502101564552504,0.0004934811964915,1.5585100000000005,0.001985
13997,137,dhmix_1440467239786579925,137,EnthalpyOfMixing,<Substance BrCCCBr{solv}{x=0.735400}|COC=O{solv}{x=0.264600}>,BrCCCBr,COC=O,fb-fit-v3-single-mean-k100,1,0.6789891583226186,0.0392230085716748,0.7435,0.00655
13998,138,dens_1812113401512645360,138,Density,<Substance BrCCCBr{solv}{x=0.204700}|COC=O{solv}{x=0.795300}>,BrCCCBr,COC=O,fb-fit-v3-single-mean-k100,1,1.2704705044891038,0.0003731083839445,1.2611800000000004,0.001025
13999,139,dhmix_2252268161220427112,139,EnthalpyOfMixing,<Substance BrCCCBr{solv}{x=0.485300}|COC=O{solv}{x=0.514700}>,BrCCCBr,COC=O,fb-fit-v3-single-mean-k100,1,0.8316292221936621,0.030710099707544,0.9249,0.00795
14000,140,dhmix_2289960806584862127,140,EnthalpyOfMixing,<Substance BrCCCBr{solv}{x=0.239500}|COC=O{solv}{x=0.760500}>,BrCCCBr,COC=O,fb-fit-v3-single-mean-k100,1,0.640056806419286,0.0280269590767564,0.6669,0.00595
14001,141,dens_52148744845178727,141,Density,<Substance CC(=O)CC(C)C{solv}{x=0.700900}|CCC(C)(C)O{solv}{x=0.299100}>,CC(=O)CC(C)C,CCC(C)(C)O,fb-fit-v3-single-mean-k100,1,0.8131026400068876,0.0001369501149107,0.7968700000000002,0.00018
14002,142,dhmix_202225007451030020,142,EnthalpyOfMixing,<Substance CC(=O)CC(C)C{solv}{x=0.201700}|CCC(C)(C)O{solv}{x=0.798300}>,CC(=O)CC(C)C,CCC(C)(C)O,fb-fit-v3-single-mean-k100,1,0.307044262786734,0.0566745744068445,0.8181,0.01135
14003,143,dens_938275493819605051,143,Density,<Substance CC(=O)CC(C)C{solv}{x=0.500800}|CCC(C)(C)O{solv}{x=0.499200}>,CC(=O)CC(C)C,CCC(C)(C)O,fb-fit-v3-single-mean-k100,1,0.8163559462533146,0.0002097432881435,0.7987300000000002,0.00018
14004,144,dhmix_998794233701009996,144,EnthalpyOfMixing,<Substance CC(=O)CC(C)C{solv}{x=0.500800}|CCC(C)(C)O{solv}{x=0.499200}>,CC(=O)CC(C)C,CCC(C)(C)O,fb-fit-v3-single-mean-k100,1,0.6770328021312437,0.04972577752166,1.3674,0.0185
14005,145,dhmix_1565593158104493647,145,EnthalpyOfMixing,<Substance CC(=O)CC(C)C{solv}{x=0.700900}|CCC(C)(C)O{solv}{x=0.299100}>,CC(=O)CC(C)C,CCC(C)(C)O,fb-fit-v3-single-mean-k100,1,0.6099463772319993,0.0474794226977133,1.2068,0.0164
14006,146,dens_2097057526665137697,146,Density,<Substance CC(=O)CC(C)C{solv}{x=0.201700}|CCC(C)(C)O{solv}{x=0.798300}>,CC(=O)CC(C)C,CCC(C)(C)O,fb-fit-v3-single-mean-k100,1,0.823603347735053,0.0002202164471016,0.8030000000000002,0.00019
14007,147,dens_60145312697659458,147,Density,<Substance OC1=NCCC1{solv}{x=0.231200}|c1ccncc1{solv}{x=0.768800}>,OC1=NCCC1,c1ccncc1,fb-fit-v3-single-mean-k100,1,1.0035105456395268,0.0002395681487565,1.0106200000000003,0.00051
14008,148,dhmix_281987656487279026,148,EnthalpyOfMixing,<Substance OC1=NCCC1{solv}{x=0.525600}|c1ccncc1{solv}{x=0.474400}>,OC1=NCCC1,c1ccncc1,fb-fit-v3-single-mean-k100,1,0.1839212465297635,0.0343453204134245,0.2031,0.0508
14009,149,dens_617740093035429712,149,Density,<Substance OC1=NCCC1{solv}{x=0.831200}|c1ccncc1{solv}{x=0.168800}>,OC1=NCCC1,c1ccncc1,fb-fit-v3-single-mean-k100,1,1.0513126776646269,0.0002329213761223,1.0872000000000004,0.00052
14010,150,dhmix_658699797311871042,150,EnthalpyOfMixing,<Substance OC1=NCCC1{solv}{x=0.261500}|c1ccncc1{solv}{x=0.738500}>,OC1=NCCC1,c1ccncc1,fb-fit-v3-single-mean-k100,1,0.1050503089291012,0.035943362660279,0.165,0.04125
14011,151,dhmix_774470106511868908,151,EnthalpyOfMixing,<Substance OC1=NCCC1{solv}{x=0.831100}|c1ccncc1{solv}{x=0.168900}>,OC1=NCCC1,c1ccncc1,fb-fit-v3-single-mean-k100,1,0.1715720399118083,0.0371350796144262,0.0972,0.0243
14012,152,dens_1837977312272564303,152,Density,<Substance OC1=NCCC1{solv}{x=0.475200}|c1ccncc1{solv}{x=0.524800}>,OC1=NCCC1,c1ccncc1,fb-fit-v3-single-mean-k100,1,1.0234578972273505,0.0002405786606799,1.0431300000000003,0.000515
14013,153,dens_64870336397637683,153,Density,<Substance NCCCO{solv}{x=0.489642}|O{solv}{x=0.510358}>,NCCCO,O,fb-fit-v3-single-mean-k100,1,1.0301393400022756,0.0005397420666088,1.0059000000000002,0.00155
14014,154,dens_70371380055449550,154,Density,<Substance NCCCO{solv}{x=0.708044}|O{solv}{x=0.291956}>,NCCCO,O,fb-fit-v3-single-mean-k100,1,1.02822432700625,0.0004043115757805,0.9975000000000004,0.0018
14015,155,dhmix_150384853762728924,155,EnthalpyOfMixing,<Substance NCCCO{solv}{x=0.751500}|O{solv}{x=0.248500}>,NCCCO,O,fb-fit-v3-single-mean-k100,1,-1.0401229947935846,0.0579013917442426,-1.531,0.031
14016,156,dens_847209819230970781,156,Density,<Substance NCCCO{solv}{x=0.272809}|O{solv}{x=0.727191}>,NCCCO,O,fb-fit-v3-single-mean-k100,1,1.017817893097121,0.0003656047034436,1.0118000000000005,0.0014
14017,157,dhmix_1448036989335532298,157,EnthalpyOfMixing,<Substance NCCCO{solv}{x=0.298200}|O{solv}{x=0.701800}>,NCCCO,O,fb-fit-v3-single-mean-k100,1,-0.91172734518576,0.0283284488932098,-2.501,0.051
14018,158,dhmix_1551692974855642379,158,EnthalpyOfMixing,<Substance NCCCO{solv}{x=0.498900}|O{solv}{x=0.501100}>,NCCCO,O,fb-fit-v3-single-mean-k100,1,-1.1600726474569214,0.0312221504162097,-2.462,0.05
14019,159,dhmix_65921650414250861,159,EnthalpyOfMixing,<Substance CCOC(=O)CC(C)=O{solv}{x=0.499500}|CCO{solv}{x=0.500500}>,CCO,CCOC(=O)CC(C)=O,fb-fit-v3-single-mean-k100,1,1.796776401043303,0.0384444190458989,1.7079,0.0183
14020,160,dhmix_546962203716710778,160,EnthalpyOfMixing,<Substance CCOC(=O)CC(C)=O{solv}{x=0.299400}|CCO{solv}{x=0.700600}>,CCO,CCOC(=O)CC(C)=O,fb-fit-v3-single-mean-k100,1,1.7229937497821624,0.0351012388643201,1.4925,0.01605
14021,161,dens_989479368116300355,161,Density,<Substance CCOC(=O)CC(C)=O{solv}{x=0.500000}|CCO{solv}{x=0.500000}>,CCO,CCOC(=O)CC(C)=O,fb-fit-v3-single-mean-k100,1,0.9602769362957948,0.0002401868455872,0.9484700000000004,0.000155
14022,162,dens_1726065156375824332,162,Density,<Substance CCOC(=O)CC(C)=O{solv}{x=0.250000}|CCO{solv}{x=0.750000}>,CCO,CCOC(=O)CC(C)=O,fb-fit-v3-single-mean-k100,1,0.8962686894380109,0.0001874875184487,0.8856300000000003,0.00017
14023,163,dens_1736679431098209973,163,Density,<Substance CCOC(=O)CC(C)=O{solv}{x=0.750000}|CCO{solv}{x=0.250000}>,CCO,CCOC(=O)CC(C)=O,fb-fit-v3-single-mean-k100,1,1.0035601819533573,0.0001988575360002,0.9917100000000004,0.00017
14024,164,dhmix_2221487218644783272,164,EnthalpyOfMixing,<Substance CCOC(=O)CC(C)=O{solv}{x=0.700800}|CCO{solv}{x=0.299200}>,CCO,CCOC(=O)CC(C)=O,fb-fit-v3-single-mean-k100,1,1.4536172095522772,0.0406471200045798,1.478,0.0159
14025,165,dhmix_68947190908856741,165,EnthalpyOfMixing,<Substance C1COCCO1{solv}{x=0.250000}|O=C1CCCC1{solv}{x=0.750000}>,C1COCCO1,O=C1CCCC1,fb-fit-v3-single-mean-k100,1,-0.0686570634813108,0.0405378263346194,0.04589,0.00057
14026,166,dens_225413782402822877,166,Density,<Substance C1COCCO1{solv}{x=0.777800}|O=C1CCCC1{solv}{x=0.222200}>,C1COCCO1,O=C1CCCC1,fb-fit-v3-single-mean-k100,1,1.005245420372997,0.0002402525407868,1.0081000000000002,0.000255
14027,167,dhmix_415496698649060745,167,EnthalpyOfMixing,<Substance C1COCCO1{solv}{x=0.500000}|O=C1CCCC1{solv}{x=0.500000}>,C1COCCO1,O=C1CCCC1,fb-fit-v3-single-mean-k100,1,0.0314185469121639,0.0376393968410436,0.07457,0.00068
14028,168,dens_803440153424346423,168,Density,<Substance C1COCCO1{solv}{x=0.506300}|O=C1CCCC1{solv}{x=0.493700}>,C1COCCO1,O=C1CCCC1,fb-fit-v3-single-mean-k100,1,0.9819206541898065,0.0002412076037323,0.9849200000000002,0.00025
14029,169,dens_1553194080174872005,169,Density,<Substance C1COCCO1{solv}{x=0.243600}|O=C1CCCC1{solv}{x=0.756400}>,C1COCCO1,O=C1CCCC1,fb-fit-v3-single-mean-k100,1,0.9586164216408464,0.0002334560637573,0.9633500000000004,0.000245
14030,170,dhmix_1852349497898107924,170,EnthalpyOfMixing,<Substance C1COCCO1{solv}{x=0.750000}|O=C1CCCC1{solv}{x=0.250000}>,C1COCCO1,O=C1CCCC1,fb-fit-v3-single-mean-k100,1,0.0915505249430168,0.0405261854441543,0.07097,0.000665
14031,171,dhmix_71170350241685196,171,EnthalpyOfMixing,<Substance COC(C)(C)C{solv}{x=0.749000}|ClC(Cl)Cl{solv}{x=0.251000}>,COC(C)(C)C,ClC(Cl)Cl,fb-fit-v3-single-mean-k100,1,-0.9443807577684212,0.0399695828688984,-1.9,0.077
14032,172,dens_554111049740737271,172,Density,<Substance COC(C)(C)C{solv}{x=0.454000}|ClC(Cl)Cl{solv}{x=0.546000}>,COC(C)(C)C,ClC(Cl)Cl,fb-fit-v3-single-mean-k100,1,1.1080947388897553,0.0003766157128809,1.0838000000000003,0.00015
14033,173,dhmix_1691495556773848750,173,EnthalpyOfMixing,<Substance COC(C)(C)C{solv}{x=0.484000}|ClC(Cl)Cl{solv}{x=0.516000}>,COC(C)(C)C,ClC(Cl)Cl,fb-fit-v3-single-mean-k100,1,-1.273532623170894,0.031872809259822,-2.1,0.0845
14034,174,dens_1874337336846858625,174,Density,<Substance COC(C)(C)C{solv}{x=0.276000}|ClC(Cl)Cl{solv}{x=0.724000}>,COC(C)(C)C,ClC(Cl)Cl,fb-fit-v3-single-mean-k100,1,1.2623961553071197,0.0004704567609966,1.2259000000000004,0.0002
14035,175,dens_2136498248834183810,175,Density,<Substance COC(C)(C)C{solv}{x=0.728600}|ClC(Cl)Cl{solv}{x=0.271400}>,COC(C)(C)C,ClC(Cl)Cl,fb-fit-v3-single-mean-k100,1,0.908341377513557,0.0002919557033066,0.8956000000000003,0.00015
14036,176,dhmix_2232264038422377060,176,EnthalpyOfMixing,<Substance COC(C)(C)C{solv}{x=0.220000}|ClC(Cl)Cl{solv}{x=0.780000}>,COC(C)(C)C,ClC(Cl)Cl,fb-fit-v3-single-mean-k100,1,-0.8997253650503154,0.0318700339649218,-1.5,0.0605
14037,177,dhmix_73322629991074290,177,EnthalpyOfMixing,<Substance CCC(C)=O{solv}{x=0.212400}|CCN(CC)CC{solv}{x=0.787600}>,CCC(C)=O,CCN(CC)CC,fb-fit-v3-single-mean-k100,1,0.3711659333323425,0.0460916250336344,0.57,0.006
14038,178,dens_317201778138256714,178,Density,<Substance CCC(C)=O{solv}{x=0.261000}|CCN(CC)CC{solv}{x=0.739000}>,CCC(C)=O,CCN(CC)CC,fb-fit-v3-single-mean-k100,1,0.7480824196592532,0.000218376448601,0.7361510000000001,0.000106
14039,179,dens_544322850735592196,179,Density,<Substance CCC(C)=O{solv}{x=0.510600}|CCN(CC)CC{solv}{x=0.489400}>,CCC(C)=O,CCN(CC)CC,fb-fit-v3-single-mean-k100,1,0.7608720344083464,0.0002403815594087,0.7527560000000002,0.0001045
14040,180,dhmix_690665189446107141,180,EnthalpyOfMixing,<Substance CCC(C)=O{solv}{x=0.496700}|CCN(CC)CC{solv}{x=0.503300}>,CCC(C)=O,CCN(CC)CC,fb-fit-v3-single-mean-k100,1,0.3257180139226747,0.0419735645486505,0.746,0.008
14041,181,dhmix_935249702283890201,181,EnthalpyOfMixing,<Substance CCC(C)=O{solv}{x=0.789300}|CCN(CC)CC{solv}{x=0.210700}>,CCC(C)=O,CCN(CC)CC,fb-fit-v3-single-mean-k100,1,0.2154111000412513,0.0444663838052636,0.455,0.005
14042,182,dens_1635002920322954883,182,Density,<Substance CCC(C)=O{solv}{x=0.760400}|CCN(CC)CC{solv}{x=0.239600}>,CCC(C)=O,CCN(CC)CC,fb-fit-v3-single-mean-k100,1,0.776161274110901,0.0002105273064639,0.7738830000000002,9.900000000000003e-05
14043,183,dhmix_76833325524040726,183,EnthalpyOfMixing,<Substance C1CCCCC1{solv}{x=0.260600}|c1ccccc1{solv}{x=0.739400}>,C1CCCCC1,c1ccccc1,fb-fit-v3-single-mean-k100,1,0.7938421491374896,0.04128183514348,0.6282,0.00695
14044,184,dens_330305790736126156,184,Density,<Substance C1CCCCC1{solv}{x=0.499600}|c1ccccc1{solv}{x=0.500400}>,C1CCCCC1,c1ccccc1,fb-fit-v3-single-mean-k100,1,0.8209344178707788,0.0002408843794693,0.8136000000000002,0.0002
14045,185,dhmix_460305358266375837,185,EnthalpyOfMixing,<Substance C1CCCCC1{solv}{x=0.766800}|c1ccccc1{solv}{x=0.233200}>,C1CCCCC1,c1ccccc1,fb-fit-v3-single-mean-k100,1,0.8121030904263193,0.0356575568477107,0.5517,0.00725
14046,186,dens_1579941980285561951,186,Density,<Substance C1CCCCC1{solv}{x=0.249800}|c1ccccc1{solv}{x=0.750200}>,C1CCCCC1,c1ccccc1,fb-fit-v3-single-mean-k100,1,0.8520089645055035,0.0002286397328827,0.8405780000000002,7.05e-05
14047,187,dhmix_1824194485055356086,187,EnthalpyOfMixing,<Substance C1CCCCC1{solv}{x=0.501200}|c1ccccc1{solv}{x=0.498800}>,C1CCCCC1,c1ccccc1,fb-fit-v3-single-mean-k100,1,1.0694253839724297,0.0429263204290895,0.7893,0.00655
14048,188,dens_1871885279620492514,188,Density,<Substance C1CCCCC1{solv}{x=0.732300}|c1ccccc1{solv}{x=0.267700}>,C1CCCCC1,c1ccccc1,fb-fit-v3-single-mean-k100,1,0.7953111120782028,0.0002511616991628,0.7929200000000002,7.450000000000001e-05
14049,189,dens_78518696584109468,189,Density,<Substance CN(CCO)CCO{solv}{x=0.743000}|O{solv}{x=0.257000}>,CN(CCO)CCO,O,fb-fit-v3-single-mean-k100,1,1.0539316248421131,0.0002400701964947,1.0405100000000005,0.000286
14050,190,dens_169053214615075062,190,Density,<Substance CN(CCO)CCO{solv}{x=0.257100}|O{solv}{x=0.742900}>,CN(CCO)CCO,O,fb-fit-v3-single-mean-k100,1,1.046759054242403,0.0004690453671375,1.0522550000000004,0.000221
14051,191,dhmix_750283179383190388,191,EnthalpyOfMixing,<Substance CN(CCO)CCO{solv}{x=0.741100}|O{solv}{x=0.258900}>,CN(CCO)CCO,O,fb-fit-v3-single-mean-k100,1,-1.7295656065073215,0.0767770475429301,-1.154,0.0125
14052,192,dhmix_1537351248216247854,192,EnthalpyOfMixing,<Substance CN(CCO)CCO{solv}{x=0.259300}|O{solv}{x=0.740700}>,CN(CCO)CCO,O,fb-fit-v3-single-mean-k100,1,-1.6885425683310658,0.0311585402314154,-2.271,0.046
14053,193,dens_1700904374078825036,193,Density,<Substance CN(CCO)CCO{solv}{x=0.484900}|O{solv}{x=0.515100}>,CN(CCO)CCO,O,fb-fit-v3-single-mean-k100,1,1.0555927494290889,0.0004533018465009,1.048636,0.0002475
14054,194,dhmix_1761290393567900831,194,EnthalpyOfMixing,<Substance CN(CCO)CCO{solv}{x=0.494100}|O{solv}{x=0.505900}>,CN(CCO)CCO,O,fb-fit-v3-single-mean-k100,1,-2.5688214403188283,0.0593877022043375,-2.072,0.042
14055,195,dhmix_81883535492439507,195,EnthalpyOfMixing,<Substance C1COCO1{solv}{x=0.200000}|O=C1CCCC1{solv}{x=0.800000}>,C1COCO1,O=C1CCCC1,fb-fit-v3-single-mean-k100,1,-0.0572248211323014,0.0401880117928874,-0.00853,0.000425
14056,196,dens_192935635984964537,196,Density,<Substance C1COCO1{solv}{x=0.509000}|O=C1CCCC1{solv}{x=0.491000}>,C1COCO1,O=C1CCCC1,fb-fit-v3-single-mean-k100,1,0.99854275811756,0.0002432511429813,0.9954700000000004,0.000255
14057,197,dhmix_309530351940031317,197,EnthalpyOfMixing,<Substance C1COCO1{solv}{x=0.700000}|O=C1CCCC1{solv}{x=0.300000}>,C1COCO1,O=C1CCCC1,fb-fit-v3-single-mean-k100,1,-0.0095683567248983,0.0366092317266723,-0.02292,0.00048
14058,198,dhmix_1480225642523009634,198,EnthalpyOfMixing,<Substance C1COCO1{solv}{x=0.500000}|O=C1CCCC1{solv}{x=0.500000}>,C1COCO1,O=C1CCCC1,fb-fit-v3-single-mean-k100,1,-0.0791544990879344,0.0384345653464498,-0.02181,0.000475
14059,199,dens_1663189314624242951,199,Density,<Substance C1COCO1{solv}{x=0.225100}|O=C1CCCC1{solv}{x=0.774900}>,C1COCO1,O=C1CCCC1,fb-fit-v3-single-mean-k100,1,0.9632312689663752,0.0002131257567016,0.9652800000000002,0.000245
14060,200,dens_1684591254659727640,200,Density,<Substance C1COCO1{solv}{x=0.789100}|O=C1CCCC1{solv}{x=0.210900}>,C1COCO1,O=C1CCCC1,fb-fit-v3-single-mean-k100,1,1.0395143406947789,0.0002668507716619,1.02957,0.00026
14061,201,dens_82854054922011802,201,Density,<Substance c1cc[nH]c1{solv}{x=0.542600}|c1ccncc1{solv}{x=0.457400}>,c1cc[nH]c1,c1ccncc1,fb-fit-v3-single-mean-k100,1,0.9811154325948012,0.0002165142707058,0.9706400000000002,5.5000000000000016e-05
14062,202,dens_332042143272324658,202,Density,<Substance c1cc[nH]c1{solv}{x=0.755400}|c1ccncc1{solv}{x=0.244600}>,c1cc[nH]c1,c1ccncc1,fb-fit-v3-single-mean-k100,1,0.9808152191603142,0.0002846460885348,0.9676900000000004,5.5000000000000016e-05
14063,203,dhmix_582184351339863568,203,EnthalpyOfMixing,<Substance c1cc[nH]c1{solv}{x=0.760200}|c1ccncc1{solv}{x=0.239800}>,c1cc[nH]c1,c1ccncc1,fb-fit-v3-single-mean-k100,1,-0.1132395334763547,0.0359086252465252,-1.6452,0.01075
14064,204,dhmix_809205277185290719,204,EnthalpyOfMixing,<Substance c1cc[nH]c1{solv}{x=0.509500}|c1ccncc1{solv}{x=0.490500}>,c1cc[nH]c1,c1ccncc1,fb-fit-v3-single-mean-k100,1,-0.180934998080513,0.0344968018027556,-2.649,0.01645
14065,205,dens_1187941919350264461,205,Density,<Substance c1cc[nH]c1{solv}{x=0.227300}|c1ccncc1{solv}{x=0.772700}>,c1cc[nH]c1,c1ccncc1,fb-fit-v3-single-mean-k100,1,0.9821425203362044,0.0002695536871224,0.9755600000000002,5.5000000000000016e-05
14066,206,dhmix_2302696180464118683,206,EnthalpyOfMixing,<Substance c1cc[nH]c1{solv}{x=0.239500}|c1ccncc1{solv}{x=0.760500}>,c1cc[nH]c1,c1ccncc1,fb-fit-v3-single-mean-k100,1,-0.1294740997833461,0.0343409924050525,-1.7662,0.01145
14067,207,dhmix_84488753175979819,207,EnthalpyOfMixing,<Substance C1CCOCC1{solv}{x=0.500000}|CCO{solv}{x=0.500000}>,C1CCOCC1,CCO,fb-fit-v3-single-mean-k100,1,0.8795600262727135,0.0370407777396686,0.8491,0.00794
14068,208,dens_904236164857914889,208,Density,<Substance C1CCOCC1{solv}{x=0.701000}|CCO{solv}{x=0.299000}>,C1CCOCC1,CCO,fb-fit-v3-single-mean-k100,1,0.8568197789273202,0.0002028041738625,0.8595400000000002,8.500000000000002e-05
14069,209,dhmix_923986751684807715,209,EnthalpyOfMixing,<Substance C1CCOCC1{solv}{x=0.750000}|CCO{solv}{x=0.250000}>,C1CCOCC1,CCO,fb-fit-v3-single-mean-k100,1,0.8930507372543985,0.0404715137694342,0.75364,0.007115
14070,210,dhmix_927648698725704337,210,EnthalpyOfMixing,<Substance C1CCOCC1{solv}{x=0.250000}|CCO{solv}{x=0.750000}>,C1CCOCC1,CCO,fb-fit-v3-single-mean-k100,1,0.6287196052664594,0.0343058991858223,0.57017,0.00553
14071,211,dens_1095414448718823860,211,Density,<Substance C1CCOCC1{solv}{x=0.504000}|CCO{solv}{x=0.496000}>,C1CCOCC1,CCO,fb-fit-v3-single-mean-k100,1,0.8428439147011126,0.0002587783655176,0.8440100000000001,0.0001
14072,212,dens_1309012152943788187,212,Density,<Substance C1CCOCC1{solv}{x=0.284000}|CCO{solv}{x=0.716000}>,C1CCOCC1,CCO,fb-fit-v3-single-mean-k100,1,0.8247958545881664,0.0002962377530796,0.8227400000000002,0.00012
14073,213,dens_88489471162801298,213,Density,<Substance CC(C)=O{solv}{x=0.248400}|Nc1ccccc1{solv}{x=0.751600}>,CC(C)=O,Nc1ccccc1,fb-fit-v3-single-mean-k100,1,1.0100536830234528,0.0003112994137028,0.9768950000000002,0.0001055
14074,214,dens_892449093930393176,214,Density,<Substance CC(C)=O{solv}{x=0.411400}|Nc1ccccc1{solv}{x=0.588600}>,CC(C)=O,Nc1ccccc1,fb-fit-v3-single-mean-k100,1,0.9696942521392468,0.0002272537894742,0.9457730000000002,0.0001285
14075,215,dens_1087594007698023193,215,Density,<Substance CC(C)=O{solv}{x=0.699300}|Nc1ccccc1{solv}{x=0.300700}>,CC(C)=O,Nc1ccccc1,fb-fit-v3-single-mean-k100,1,0.8913786775417862,0.0002394967910875,0.8786430000000003,0.000178
14076,216,dhmix_1461699545612032563,216,EnthalpyOfMixing,<Substance CC(C)=O{solv}{x=0.214500}|Nc1ccccc1{solv}{x=0.785500}>,CC(C)=O,Nc1ccccc1,fb-fit-v3-single-mean-k100,1,-0.1200384262243474,0.0520838518941807,-0.746,0.008
14077,217,dhmix_1577476208805542019,217,EnthalpyOfMixing,<Substance CC(C)=O{solv}{x=0.699100}|Nc1ccccc1{solv}{x=0.300900}>,CC(C)=O,Nc1ccccc1,fb-fit-v3-single-mean-k100,1,-0.809918952655913,0.0406938423470163,-1.076,0.0115
14078,218,dhmix_2267661763264899390,218,EnthalpyOfMixing,<Substance CC(C)=O{solv}{x=0.410700}|Nc1ccccc1{solv}{x=0.589300}>,CC(C)=O,Nc1ccccc1,fb-fit-v3-single-mean-k100,1,-0.5453413390110811,0.0403149809411496,-1.165,0.0125
14079,219,dhmix_90851537891129625,219,EnthalpyOfMixing,<Substance C1CCOCC1{solv}{x=0.268300}|Cc1ccccn1{solv}{x=0.731700}>,C1CCOCC1,Cc1ccccn1,fb-fit-v3-single-mean-k100,1,0.0171526237760133,0.0423841640704808,0.1057,0.00105
14080,220,dhmix_975790739707505549,220,EnthalpyOfMixing,<Substance C1CCOCC1{solv}{x=0.482200}|Cc1ccccn1{solv}{x=0.517800}>,C1CCOCC1,Cc1ccccn1,fb-fit-v3-single-mean-k100,1,0.0334419685164322,0.0407660964805576,0.1728,0.00135
14081,221,dens_981500521813591443,221,Density,<Substance C1CCOCC1{solv}{x=0.491600}|Cc1ccccn1{solv}{x=0.508400}>,C1CCOCC1,Cc1ccccn1,fb-fit-v3-single-mean-k100,1,0.9131470291537328,0.0002282976720533,0.910915,0.000475
14082,222,dens_1237050172671894703,222,Density,<Substance C1CCOCC1{solv}{x=0.237300}|Cc1ccccn1{solv}{x=0.762700}>,C1CCOCC1,Cc1ccccn1,fb-fit-v3-single-mean-k100,1,0.9308421015714256,0.0002052571695383,0.9261620000000004,0.0004855
14083,223,dhmix_1841520238596708010,223,EnthalpyOfMixing,<Substance C1CCOCC1{solv}{x=0.821600}|Cc1ccccn1{solv}{x=0.178400}>,C1CCOCC1,Cc1ccccn1,fb-fit-v3-single-mean-k100,1,0.1038067191608647,0.040093206656759,0.1352,0.0012
14084,224,dens_1852422594896475094,224,Density,<Substance C1CCOCC1{solv}{x=0.821900}|Cc1ccccn1{solv}{x=0.178100}>,C1CCOCC1,Cc1ccccn1,fb-fit-v3-single-mean-k100,1,0.8786553772546305,0.0001864412199184,0.8802920000000002,0.000454
14085,225,dhmix_93676522673462266,225,EnthalpyOfMixing,<Substance CC(=O)N(C)C{solv}{x=0.702000}|ClCCCl{solv}{x=0.298000}>,CC(=O)N(C)C,ClCCCl,fb-fit-v3-single-mean-k100,1,-0.5146374516463768,0.0352033428058364,-0.706,0.004
14086,226,dens_466640151895915379,226,Density,<Substance CC(=O)N(C)C{solv}{x=0.499900}|ClCCCl{solv}{x=0.500100}>,CC(=O)N(C)C,ClCCCl,fb-fit-v3-single-mean-k100,1,1.0638259172205409,0.0002745432837416,1.0774000000000004,0.00325
14087,227,dhmix_504891727488256514,227,EnthalpyOfMixing,<Substance CC(=O)N(C)C{solv}{x=0.202000}|ClCCCl{solv}{x=0.798000}>,CC(=O)N(C)C,ClCCCl,fb-fit-v3-single-mean-k100,1,-0.4475268776941998,0.0350965496253631,-0.586,0.004
14088,228,dens_1432716574300574119,228,Density,<Substance CC(=O)N(C)C{solv}{x=0.298800}|ClCCCl{solv}{x=0.701200}>,CC(=O)N(C)C,ClCCCl,fb-fit-v3-single-mean-k100,1,1.130291755613752,0.0003350132776392,1.1413000000000002,0.00345
14089,229,dens_1909242265481868478,229,Density,<Substance CC(=O)N(C)C{solv}{x=0.700800}|ClCCCl{solv}{x=0.299200}>,CC(=O)N(C)C,ClCCCl,fb-fit-v3-single-mean-k100,1,0.9986708363950128,0.0002686053974246,1.0181000000000002,0.00305
14090,230,dhmix_2201663021806040380,230,EnthalpyOfMixing,<Substance CC(=O)N(C)C{solv}{x=0.500000}|ClCCCl{solv}{x=0.500000}>,CC(=O)N(C)C,ClCCCl,fb-fit-v3-single-mean-k100,1,-0.6086659325740742,0.0341374495196509,-0.885,0.004
14091,231,dhmix_101847702994296892,231,EnthalpyOfMixing,<Substance CCCCCCCl{solv}{x=0.790000}|CN1CCCC1=O{solv}{x=0.210000}>,CCCCCCCl,CN1CCCC1=O,fb-fit-v3-single-mean-k100,1,0.6976251621403833,0.0415534211732441,0.232,0.0025
14092,232,dhmix_275814181113182192,232,EnthalpyOfMixing,<Substance CCCCCCCl{solv}{x=0.497000}|CN1CCCC1=O{solv}{x=0.503000}>,CCCCCCCl,CN1CCCC1=O,fb-fit-v3-single-mean-k100,1,1.0438986284513303,0.0454494616642397,0.416,0.0025
14093,233,dens_441375838683668512,233,Density,<Substance CCCCCCCl{solv}{x=0.499300}|CN1CCCC1=O{solv}{x=0.500700}>,CCCCCCCl,CN1CCCC1=O,fb-fit-v3-single-mean-k100,1,0.9373197678919426,0.000185910061288,0.9389000000000002,0.0002
14094,234,dhmix_840847840731542643,234,EnthalpyOfMixing,<Substance CCCCCCCl{solv}{x=0.203000}|CN1CCCC1=O{solv}{x=0.797000}>,CCCCCCCl,CN1CCCC1=O,fb-fit-v3-single-mean-k100,1,0.7471601547692792,0.0445380749338422,0.319,0.0025
14095,235,dens_1314691253679633833,235,Density,<Substance CCCCCCCl{solv}{x=0.298400}|CN1CCCC1=O{solv}{x=0.701600}>,CCCCCCCl,CN1CCCC1=O,fb-fit-v3-single-mean-k100,1,0.9666286994027196,0.0001623647735196,0.9715000000000004,0.0002
14096,236,dens_1366683244756558841,236,Density,<Substance CCCCCCCl{solv}{x=0.801200}|CN1CCCC1=O{solv}{x=0.198800}>,CCCCCCCl,CN1CCCC1=O,fb-fit-v3-single-mean-k100,1,0.8978542679720344,0.0002353862544502,0.8970000000000002,0.0003
14097,237,dhmix_107460606439569535,237,EnthalpyOfMixing,<Substance C1COCCO1{solv}{x=0.572500}|O=C1CCCCCC1{solv}{x=0.427500}>,C1COCCO1,O=C1CCCCCC1,fb-fit-v3-single-mean-k100,1,0.2489422373546119,0.0411882415941259,0.1032,0.00125
14098,238,dens_229535957420918177,238,Density,<Substance C1COCCO1{solv}{x=0.748900}|O=C1CCCCCC1{solv}{x=0.251100}>,C1COCCO1,O=C1CCCCCC1,fb-fit-v3-single-mean-k100,1,0.9967628936526532,0.000215820757978,0.9994100000000002,0.00051
14099,239,dhmix_1101001475632451077,239,EnthalpyOfMixing,<Substance C1COCCO1{solv}{x=0.225200}|O=C1CCCCCC1{solv}{x=0.774800}>,C1COCCO1,O=C1CCCCCC1,fb-fit-v3-single-mean-k100,1,0.1835278430525733,0.045576144391318,0.0783,0.001
14100,240,dens_1711999737319704820,240,Density,<Substance C1COCCO1{solv}{x=0.572300}|O=C1CCCCCC1{solv}{x=0.427700}>,C1COCCO1,O=C1CCCCCC1,fb-fit-v3-single-mean-k100,1,0.970288829683196,0.0002541080453133,0.9737000000000002,0.00051
14101,241,dens_1973863157285112004,241,Density,<Substance C1COCCO1{solv}{x=0.255500}|O=C1CCCCCC1{solv}{x=0.744500}>,C1COCCO1,O=C1CCCCCC1,fb-fit-v3-single-mean-k100,1,0.956795364580031,0.0002005798881058,0.9616800000000002,0.000515
14102,242,dhmix_2239035738396328121,242,EnthalpyOfMixing,<Substance C1COCCO1{solv}{x=0.771600}|O=C1CCCCCC1{solv}{x=0.228400}>,C1COCCO1,O=C1CCCCCC1,fb-fit-v3-single-mean-k100,1,0.3298564716371572,0.0447642439195321,0.0694,0.0009
14103,243,dhmix_110368175234083214,243,EnthalpyOfMixing,<Substance CC#N{solv}{x=0.201600}|CCOC(C)(C)CC{solv}{x=0.798400}>,CC#N,CCOC(C)(C)CC,fb-fit-v3-single-mean-k100,1,0.2598969884838027,0.0431651546192392,0.6411,0.0087
14104,244,dhmix_565046024644834395,244,EnthalpyOfMixing,<Substance CC#N{solv}{x=0.700400}|CCOC(C)(C)CC{solv}{x=0.299600}>,CC#N,CCOC(C)(C)CC,fb-fit-v3-single-mean-k100,1,0.3415886316727679,0.0323018094558041,0.8397,0.0113
14105,245,dens_865362803305469370,245,Density,<Substance CC#N{solv}{x=0.502400}|CCOC(C)(C)CC{solv}{x=0.497600}>,CC#N,CCOC(C)(C)CC,fb-fit-v3-single-mean-k100,1,0.7635948735484706,0.0002189078383441,0.7675000000000002,0.00035
14106,246,dhmix_1131176031733024874,246,EnthalpyOfMixing,<Substance CC#N{solv}{x=0.502400}|CCOC(C)(C)CC{solv}{x=0.497600}>,CC#N,CCOC(C)(C)CC,fb-fit-v3-single-mean-k100,1,0.4362354297635136,0.0387924770413261,0.9514,0.01285
14107,247,dens_1305751749890499162,247,Density,<Substance CC#N{solv}{x=0.201600}|CCOC(C)(C)CC{solv}{x=0.798400}>,CC#N,CCOC(C)(C)CC,fb-fit-v3-single-mean-k100,1,0.7635399193910546,0.0002344952605193,0.7635000000000002,0.00025
14108,248,dens_1928701304100922381,248,Density,<Substance CC#N{solv}{x=0.700400}|CCOC(C)(C)CC{solv}{x=0.299600}>,CC#N,CCOC(C)(C)CC,fb-fit-v3-single-mean-k100,1,0.7623598428731747,0.0001865505639363,0.7707000000000003,0.0005
14109,249,dhmix_112729391186229967,249,EnthalpyOfMixing,<Substance CCC(C)=O{solv}{x=0.509000}|CNc1ccccc1{solv}{x=0.491000}>,CCC(C)=O,CNc1ccccc1,fb-fit-v3-single-mean-k100,1,-0.5651983452743838,0.0397950395835888,-0.816,0.009
14110,250,dens_414028029115294252,250,Density,<Substance CCC(C)=O{solv}{x=0.746300}|CNc1ccccc1{solv}{x=0.253700}>,CCC(C)=O,CNc1ccccc1,fb-fit-v3-single-mean-k100,1,0.8578370580438837,0.0002213733825071,0.8582020000000002,0.000102
14111,251,dens_559789475978651659,251,Density,<Substance CCC(C)=O{solv}{x=0.495000}|CNc1ccccc1{solv}{x=0.505000}>,CCC(C)=O,CNc1ccccc1,fb-fit-v3-single-mean-k100,1,0.9110255441273184,0.0001723142896,0.9066940000000002,0.000164
14112,252,dhmix_1637459312398636454,252,EnthalpyOfMixing,<Substance CCC(C)=O{solv}{x=0.228300}|CNc1ccccc1{solv}{x=0.771700}>,CCC(C)=O,CNc1ccccc1,fb-fit-v3-single-mean-k100,1,-0.4242850081108251,0.044368713604254,-0.54,0.006
14113,253,dhmix_1933605864237207151,253,EnthalpyOfMixing,<Substance CCC(C)=O{solv}{x=0.705500}|CNc1ccccc1{solv}{x=0.294500}>,CCC(C)=O,CNc1ccccc1,fb-fit-v3-single-mean-k100,1,-0.4892403354323811,0.0376995389123346,-0.672,0.0075
14114,254,dens_2039660657679820411,254,Density,<Substance CCC(C)=O{solv}{x=0.258900}|CNc1ccccc1{solv}{x=0.741100}>,CCC(C)=O,CNc1ccccc1,fb-fit-v3-single-mean-k100,1,0.9557314068110472,0.0002076481621576,0.9456330000000004,0.000259
14115,255,dhmix_112832411362526364,255,EnthalpyOfMixing,<Substance C=CCCCC{solv}{x=0.250000}|CCCCO{solv}{x=0.750000}>,C=CCCCC,CCCCO,fb-fit-v3-single-mean-k100,1,0.3578697360469434,0.0384062915556664,0.2829,0.00333
14116,256,dhmix_385937725855980509,256,EnthalpyOfMixing,<Substance C=CCCCC{solv}{x=0.749900}|CCCCO{solv}{x=0.250100}>,C=CCCCC,CCCCO,fb-fit-v3-single-mean-k100,1,0.5306578929173043,0.0431845154118238,0.63978,0.00696
14117,257,dens_417191245012747241,257,Density,<Substance C=CCCCC{solv}{x=0.501800}|CCCCO{solv}{x=0.498200}>,C=CCCCC,CCCCO,fb-fit-v3-single-mean-k100,1,0.729584292076717,0.0002578734704049,0.7340000000000002,0.00035
14118,258,dens_1053849773924337242,258,Density,<Substance C=CCCCC{solv}{x=0.100100}|CCCCO{solv}{x=0.899900}>,C=CCCCC,CCCCO,fb-fit-v3-single-mean-k100,1,0.7961896254770505,0.0001642306345832,0.7924000000000002,0.00035
14119,259,dhmix_1436053809694490847,259,EnthalpyOfMixing,<Substance C=CCCCC{solv}{x=0.500300}|CCCCO{solv}{x=0.499700}>,C=CCCCC,CCCCO,fb-fit-v3-single-mean-k100,1,0.5569990045044051,0.0433157286900214,0.56098,0.00616
14120,260,dens_1967827958045932694,260,Density,<Substance C=CCCCC{solv}{x=0.900000}|CCCCO{solv}{x=0.100000}>,C=CCCCC,CCCCO,fb-fit-v3-single-mean-k100,1,0.6791245120181191,0.000244983081564,0.6818000000000001,0.00035
14121,261,dhmix_113202719214912577,261,EnthalpyOfMixing,<Substance CCN(CC)CCO{solv}{x=0.700300}|O{solv}{x=0.299700}>,CCN(CC)CCO,O,fb-fit-v3-single-mean-k100,1,-2.0709379050440475,0.0439731710500687,-1.75,0.019
14122,262,dhmix_450200897960931857,262,EnthalpyOfMixing,<Substance CCN(CC)CCO{solv}{x=0.500200}|O{solv}{x=0.499800}>,CCN(CC)CCO,O,fb-fit-v3-single-mean-k100,1,-2.413213907309959,0.0411769083996506,-2.504,0.027
14123,263,dens_727880187774296815,263,Density,<Substance CCN(CC)CCO{solv}{x=0.799700}|O{solv}{x=0.200300}>,CCN(CC)CCO,O,fb-fit-v3-single-mean-k100,1,0.8896399368391102,0.0002624013976242,0.8996000000000003,0.005
14124,264,dens_943193748522476096,264,Density,<Substance CCN(CC)CCO{solv}{x=0.499700}|O{solv}{x=0.500300}>,CCN(CC)CCO,O,fb-fit-v3-single-mean-k100,1,0.905586654136495,0.0004838777968515,0.9222000000000002,0.005
14125,265,dhmix_1628408668678458098,265,EnthalpyOfMixing,<Substance CCN(CC)CCO{solv}{x=0.200800}|O{solv}{x=0.799200}>,CCN(CC)CCO,O,fb-fit-v3-single-mean-k100,1,-1.304270826969874,0.0309491992305378,-2.185,0.0235
14126,266,dens_1679974305630699360,266,Density,<Substance CCN(CC)CCO{solv}{x=0.193290}|O{solv}{x=0.806710}>,CCN(CC)CCO,O,fb-fit-v3-single-mean-k100,1,0.9286175635924544,0.0003512868556904,0.9615690000000002,0.000144
14127,267,dens_114257363738318755,267,Density,<Substance C1CCCCC1{solv}{x=0.754300}|CCCCCC{solv}{x=0.245700}>,C1CCCCC1,CCCCCC,fb-fit-v3-single-mean-k100,1,0.7374021411108671,0.0001488408499648,0.7392000000000002,0.00065
14128,268,dens_528453314861364780,268,Density,<Substance C1CCCCC1{solv}{x=0.234300}|CCCCCC{solv}{x=0.765700}>,C1CCCCC1,CCCCCC,fb-fit-v3-single-mean-k100,1,0.6772714058721622,0.0001955926564571,0.6838300000000002,0.001655
14129,269,dens_547437695672624422,269,Density,<Substance C1CCCCC1{solv}{x=0.479300}|CCCCCC{solv}{x=0.520700}>,C1CCCCC1,CCCCCC,fb-fit-v3-single-mean-k100,1,0.7035585523809745,0.0001990808681123,0.7105500000000001,0.001555
14130,270,dhmix_728030976573858762,270,EnthalpyOfMixing,<Substance C1CCCCC1{solv}{x=0.483200}|CCCCCC{solv}{x=0.516800}>,C1CCCCC1,CCCCCC,fb-fit-v3-single-mean-k100,1,0.3002750930464799,0.0437232469480219,0.2144,0.00155
14131,271,dhmix_1406519609852245638,271,EnthalpyOfMixing,<Substance C1CCCCC1{solv}{x=0.219000}|CCCCCC{solv}{x=0.781000}>,C1CCCCC1,CCCCCC,fb-fit-v3-single-mean-k100,1,0.1795518908725029,0.0443479194592347,0.1264,0.00105
14132,272,dhmix_1819992223413741006,272,EnthalpyOfMixing,<Substance C1CCCCC1{solv}{x=0.725500}|CCCCCC{solv}{x=0.274500}>,C1CCCCC1,CCCCCC,fb-fit-v3-single-mean-k100,1,0.264566532108617,0.0372416435498625,0.199,0.00145
14133,273,dhmix_114464856611254095,273,EnthalpyOfMixing,<Substance COc1ccccc1{solv}{x=0.739800}|OCc1ccccc1{solv}{x=0.260200}>,COc1ccccc1,OCc1ccccc1,fb-fit-v3-single-mean-k100,1,0.8243266512793994,0.0483331852517731,1.0539,0.0113
14134,274,dens_844721400884986444,274,Density,<Substance COc1ccccc1{solv}{x=0.288300}|OCc1ccccc1{solv}{x=0.711700}>,COc1ccccc1,OCc1ccccc1,fb-fit-v3-single-mean-k100,1,1.0243111825061988,0.0001676129910653,1.0180000000000002,0.000135
14135,275,dens_1208569209782779179,275,Density,<Substance COc1ccccc1{solv}{x=0.491100}|OCc1ccccc1{solv}{x=0.508900}>,COc1ccccc1,OCc1ccccc1,fb-fit-v3-single-mean-k100,1,1.0087215629213702,0.0001664853403171,1.0069400000000004,0.000165
14136,276,dhmix_1342325728364187329,276,EnthalpyOfMixing,<Substance COc1ccccc1{solv}{x=0.240100}|OCc1ccccc1{solv}{x=0.759900}>,COc1ccccc1,OCc1ccccc1,fb-fit-v3-single-mean-k100,1,0.5611582439770331,0.0438592246971695,0.6199,0.0067
14137,277,dhmix_1596550872819493971,277,EnthalpyOfMixing,<Substance COc1ccccc1{solv}{x=0.486600}|OCc1ccccc1{solv}{x=0.513400}>,COc1ccccc1,OCc1ccccc1,fb-fit-v3-single-mean-k100,1,0.84619530296672,0.0375347872036416,0.9688,0.0104
14138,278,dens_1833270112854727934,278,Density,<Substance COc1ccccc1{solv}{x=0.774500}|OCc1ccccc1{solv}{x=0.225500}>,COc1ccccc1,OCc1ccccc1,fb-fit-v3-single-mean-k100,1,0.9894342030490784,0.000206262166492,0.9915900000000004,0.000215
14139,279,dens_114725786693793907,279,Density,<Substance CC(=O)O{solv}{x=0.703100}|CCO{solv}{x=0.296900}>,CC(=O)O,CCO,fb-fit-v3-single-mean-k100,1,0.9966040660115096,0.0002602922985865,0.97355,0.00021
14140,280,dens_883421079927261907,280,Density,<Substance CC(=O)O{solv}{x=0.496100}|CCO{solv}{x=0.503900}>,CC(=O)O,CCO,fb-fit-v3-single-mean-k100,1,0.936617325034198,0.0002633469246045,0.9199600000000002,0.0002
14141,281,dens_1042567278853913615,281,Density,<Substance CC(=O)O{solv}{x=0.297100}|CCO{solv}{x=0.702900}>,CC(=O)O,CCO,fb-fit-v3-single-mean-k100,1,0.8790324419701401,0.0003505393676933,0.8668600000000002,0.000195
14142,282,dhmix_129373600931207498,282,EnthalpyOfMixing,<Substance NCCNCCN{solv}{x=0.702000}|O{solv}{x=0.298000}>,NCCNCCN,O,fb-fit-v3-single-mean-k100,1,-2.428304776568609,0.0460517907454272,-3.393,0.036
14143,283,dhmix_313570094367316478,283,EnthalpyOfMixing,<Substance NCCNCCN{solv}{x=0.241600}|O{solv}{x=0.758400}>,NCCNCCN,O,fb-fit-v3-single-mean-k100,1,-4.518343509216194,0.0246747569261009,-6.523,0.0695
14144,284,dens_548243159356184104,284,Density,<Substance NCCNCCN{solv}{x=0.244900}|O{solv}{x=0.755100}>,NCCNCCN,O,fb-fit-v3-single-mean-k100,1,1.0560911614986723,0.000372644454328,1.0275000000000003,0.0005
14145,285,dens_913992897582667960,285,Density,<Substance NCCNCCN{solv}{x=0.497400}|O{solv}{x=0.502600}>,NCCNCCN,O,fb-fit-v3-single-mean-k100,1,1.060102680355251,0.0004530129512004,0.9928000000000002,0.0005
14146,286,dhmix_1565087976771168604,286,EnthalpyOfMixing,<Substance NCCNCCN{solv}{x=0.501000}|O{solv}{x=0.499000}>,NCCNCCN,O,fb-fit-v3-single-mean-k100,1,-3.790558621970405,0.0644515856716228,-5.417,0.0575
14147,287,dens_1812124220217686569,287,Density,<Substance NCCNCCN{solv}{x=0.698800}|O{solv}{x=0.301200}>,NCCNCCN,O,fb-fit-v3-single-mean-k100,1,1.053425945975607,0.0004037885319177,0.9718000000000002,0.0005
14148,288,dhmix_135176730945124637,288,EnthalpyOfMixing,<Substance CCCCNCCCC{solv}{x=0.751800}|CN(C)C=O{solv}{x=0.248200}>,CCCCNCCCC,CN(C)C=O,fb-fit-v3-single-mean-k100,1,0.3490952126510365,0.0463875355441064,0.782,0.025
14149,289,dens_586298674852090193,289,Density,<Substance CCCCNCCCC{solv}{x=0.726600}|CN(C)C=O{solv}{x=0.273400}>,CCCCNCCCC,CN(C)C=O,fb-fit-v3-single-mean-k100,1,0.7907299489957945,0.0001858351813645,0.7828350000000002,0.0009465
14150,290,dens_711718403070096827,290,Density,<Substance CCCCNCCCC{solv}{x=0.263900}|CN(C)C=O{solv}{x=0.736100}>,CCCCNCCCC,CN(C)C=O,fb-fit-v3-single-mean-k100,1,0.8585237502320499,0.0002187600265895,0.8609240000000001,0.001053
14151,291,dhmix_1537913365058000269,291,EnthalpyOfMixing,<Substance CCCCNCCCC{solv}{x=0.249400}|CN(C)C=O{solv}{x=0.750600}>,CCCCNCCCC,CN(C)C=O,fb-fit-v3-single-mean-k100,1,0.3993960587009155,0.0420713122848579,0.921,0.029
14152,292,dhmix_1965420976556284821,292,EnthalpyOfMixing,<Substance CCCCNCCCC{solv}{x=0.501800}|CN(C)C=O{solv}{x=0.498200}>,CCCCNCCCC,CN(C)C=O,fb-fit-v3-single-mean-k100,1,0.387362654924587,0.0454816450912971,1.113,0.0335
14153,293,dens_2298192241038151497,293,Density,<Substance CCCCNCCCC{solv}{x=0.492800}|CN(C)C=O{solv}{x=0.507200}>,CCCCNCCCC,CN(C)C=O,fb-fit-v3-single-mean-k100,1,0.8195564127181845,0.0002323932529591,0.8153440000000003,0.0009895
14154,294,dens_145031449158698048,294,Density,<Substance CN(C)C=O{solv}{x=0.498800}|ClCCCl{solv}{x=0.501200}>,CN(C)C=O,ClCCCl,fb-fit-v3-single-mean-k100,1,1.086871225917709,0.0003135300895917,1.0957000000000003,0.00305
14155,295,dens_511894799968528211,295,Density,<Substance CN(C)C=O{solv}{x=0.197800}|ClCCCl{solv}{x=0.802200}>,CN(C)C=O,ClCCCl,fb-fit-v3-single-mean-k100,1,1.1763885578986402,0.0003863586728834,1.1862000000000004,0.003
14156,296,dhmix_693792312882226719,296,EnthalpyOfMixing,<Substance CN(C)C=O{solv}{x=0.498000}|ClCCCl{solv}{x=0.502000}>,CN(C)C=O,ClCCCl,fb-fit-v3-single-mean-k100,1,-0.0542079987500052,0.0246518192722439,-0.663,0.0035
14157,297,dhmix_1364024895663592301,297,EnthalpyOfMixing,<Substance CN(C)C=O{solv}{x=0.299000}|ClCCCl{solv}{x=0.701000}>,CN(C)C=O,ClCCCl,fb-fit-v3-single-mean-k100,1,-0.060173556676041,0.0316092686507453,-0.575,0.0035
14158,298,dens_1874616475661316520,298,Density,<Substance CN(C)C=O{solv}{x=0.705400}|ClCCCl{solv}{x=0.294600}>,CN(C)C=O,ClCCCl,fb-fit-v3-single-mean-k100,1,1.0216344499563257,0.0002737230594452,1.0336,0.003
14159,299,dhmix_1965344541223753593,299,EnthalpyOfMixing,<Substance CN(C)C=O{solv}{x=0.702000}|ClCCCl{solv}{x=0.298000}>,CN(C)C=O,ClCCCl,fb-fit-v3-single-mean-k100,1,-0.0336173557008976,0.035858279372424,-0.531,0.003
14160,300,dens_145117083439077204,300,Density,<Substance CN1CCCC1=O{solv}{x=0.700300}|ClCCCCCl{solv}{x=0.299700}>,CN1CCCC1=O,ClCCCCCl,fb-fit-v3-single-mean-k100,1,1.056935320428399,0.0002105282816712,1.0627000000000002,0.0005
14161,301,dens_872271192908107773,301,Density,<Substance CN1CCCC1=O{solv}{x=0.203400}|ClCCCCCl{solv}{x=0.796600}>,CN1CCCC1=O,ClCCCCCl,fb-fit-v3-single-mean-k100,1,1.1134644559936449,0.0002728974236995,1.1142000000000003,0.00125
14162,302,dhmix_958757583081250655,302,EnthalpyOfMixing,<Substance CN1CCCC1=O{solv}{x=0.703000}|ClCCCCCl{solv}{x=0.297000}>,CN1CCCC1=O,ClCCCCCl,fb-fit-v3-single-mean-k100,1,0.0669278997184292,0.0370271155271109,-0.583,0.0035
14163,303,dens_1187888029800539390,303,Density,<Substance CN1CCCC1=O{solv}{x=0.502500}|ClCCCCCl{solv}{x=0.497500}>,CN1CCCC1=O,ClCCCCCl,fb-fit-v3-single-mean-k100,1,1.081188630434926,0.0002364482292625,1.0840000000000003,0.00075
14164,304,dhmix_1448185356234442909,304,EnthalpyOfMixing,<Substance CN1CCCC1=O{solv}{x=0.210000}|ClCCCCCl{solv}{x=0.790000}>,CN1CCCC1=O,ClCCCCCl,fb-fit-v3-single-mean-k100,1,0.0905433968207347,0.0391808389819046,-0.406,0.003
14165,305,dhmix_1623586299486793214,305,EnthalpyOfMixing,<Substance CN1CCCC1=O{solv}{x=0.505000}|ClCCCCCl{solv}{x=0.495000}>,CN1CCCC1=O,ClCCCCCl,fb-fit-v3-single-mean-k100,1,0.1088191602836552,0.042484544892592,-0.678,0.0035
14166,306,dens_151421667269785380,306,Density,<Substance OCCOCCO{solv}{x=0.228500}|OCc1ccccc1{solv}{x=0.771500}>,OCCOCCO,OCc1ccccc1,fb-fit-v3-single-mean-k100,1,1.061705176109703,0.0002536977858102,1.0497600000000002,0.000265
14167,307,dens_207017358130726789,307,Density,<Substance OCCOCCO{solv}{x=0.531200}|OCc1ccccc1{solv}{x=0.468800}>,OCCOCCO,OCc1ccccc1,fb-fit-v3-single-mean-k100,1,1.0817752108775494,0.0002075092225617,1.07136,0.00027
14168,308,dhmix_638869206909151198,308,EnthalpyOfMixing,<Substance OCCOCCO{solv}{x=0.765800}|OCc1ccccc1{solv}{x=0.234200}>,OCCOCCO,OCc1ccccc1,fb-fit-v3-single-mean-k100,1,-0.2657509127487429,0.0558595157689593,-0.3712,0.0073
14169,309,dhmix_884415658126351430,309,EnthalpyOfMixing,<Substance OCCOCCO{solv}{x=0.266500}|OCc1ccccc1{solv}{x=0.733500}>,OCCOCCO,OCc1ccccc1,fb-fit-v3-single-mean-k100,1,-0.3263185266928161,0.0507007245379612,-0.4216,0.0081
14170,310,dhmix_925385148369690502,310,EnthalpyOfMixing,<Substance OCCOCCO{solv}{x=0.521600}|OCc1ccccc1{solv}{x=0.478400}>,OCCOCCO,OCc1ccccc1,fb-fit-v3-single-mean-k100,1,-0.4547206764475788,0.0428454842495056,-0.4574,0.00865
14171,311,dens_1617133138157859384,311,Density,<Substance OCCOCCO{solv}{x=0.727700}|OCc1ccccc1{solv}{x=0.272300}>,OCCOCCO,OCc1ccccc1,fb-fit-v3-single-mean-k100,1,1.0965282929506457,0.0002113234836344,1.0857000000000003,0.000275
14172,312,dens_155791527624482863,312,Density,<Substance CC(C)CO{solv}{x=0.279300}|CCCCBr{solv}{x=0.720700}>,CC(C)CO,CCCCBr,fb-fit-v3-single-mean-k100,1,1.123369960316306,0.0003995219054218,1.1339800000000002,0.000305
14173,313,dhmix_549211977118470640,313,EnthalpyOfMixing,<Substance CC(C)CO{solv}{x=0.293800}|CCCCBr{solv}{x=0.706200}>,CC(C)CO,CCCCBr,fb-fit-v3-single-mean-k100,1,1.1192227097209295,0.0373181952110615,1.248,0.0135
14174,314,dens_692500675577783691,314,Density,<Substance CC(C)CO{solv}{x=0.793700}|CCCCBr{solv}{x=0.206300}>,CC(C)CO,CCCCBr,fb-fit-v3-single-mean-k100,1,0.907198140522783,0.0002508673092202,0.8962800000000002,0.00021
14175,315,dens_841415441417626311,315,Density,<Substance CC(C)CO{solv}{x=0.498900}|CCCCBr{solv}{x=0.501100}>,CC(C)CO,CCCCBr,fb-fit-v3-single-mean-k100,1,1.036146119677343,0.0003093866700047,1.0366800000000005,0.000225
14176,316,dhmix_1400807466047438160,316,EnthalpyOfMixing,<Substance CC(C)CO{solv}{x=0.499000}|CCCCBr{solv}{x=0.501000}>,CC(C)CO,CCCCBr,fb-fit-v3-single-mean-k100,1,1.1347272974377771,0.0348129500971914,1.207,0.013
14177,317,dhmix_1959880980464917582,317,EnthalpyOfMixing,<Substance CC(C)CO{solv}{x=0.702100}|CCCCBr{solv}{x=0.297900}>,CC(C)CO,CCCCBr,fb-fit-v3-single-mean-k100,1,0.8225137101453015,0.0418694834888269,0.891,0.0095
14178,318,dhmix_155924436295918663,318,EnthalpyOfMixing,<Substance OCCCO{solv}{x=0.501300}|O{solv}{x=0.498700}>,O,OCCCO,fb-fit-v3-single-mean-k100,1,0.1320082828242306,0.0274882661357602,-0.992,0.0125
14179,319,dens_867859901093068556,319,Density,<Substance OCCCO{solv}{x=0.743700}|O{solv}{x=0.256300}>,O,OCCCO,fb-fit-v3-single-mean-k100,1,1.0647498572728145,0.0005559109883287,1.0503800000000003,0.00023
14180,320,dhmix_2191722776959064631,320,EnthalpyOfMixing,<Substance OCCCO{solv}{x=0.743000}|O{solv}{x=0.257000}>,O,OCCCO,fb-fit-v3-single-mean-k100,1,0.0741831258355461,0.0366463071637769,-0.633,0.008
14181,321,dhmix_2210594516320705991,321,EnthalpyOfMixing,<Substance OCCCO{solv}{x=0.208700}|O{solv}{x=0.791300}>,O,OCCCO,fb-fit-v3-single-mean-k100,1,0.299840876716523,0.026938459484958,-0.924,0.012
14182,322,dens_2211391404402371237,322,Density,<Substance OCCCO{solv}{x=0.244700}|O{solv}{x=0.755300}>,O,OCCCO,fb-fit-v3-single-mean-k100,1,1.0317970269543892,0.0003990931391709,1.0381600000000004,0.00019
14183,323,dens_2211609476735134421,323,Density,<Substance OCCCO{solv}{x=0.500000}|O{solv}{x=0.500000}>,O,OCCCO,fb-fit-v3-single-mean-k100,1,1.0520563321919594,0.0004189426881538,1.0492100000000002,0.000215
14184,324,dhmix_156929898609376763,324,EnthalpyOfMixing,<Substance CN(C)CCCO{solv}{x=0.800100}|O{solv}{x=0.199900}>,CN(C)CCCO,O,fb-fit-v3-single-mean-k100,1,-1.0774163148604288,0.0442035451672271,-1.26,0.0135
14185,325,dhmix_786210276753247951,325,EnthalpyOfMixing,<Substance CN(C)CCCO{solv}{x=0.199800}|O{solv}{x=0.800200}>,CN(C)CCCO,O,fb-fit-v3-single-mean-k100,1,-1.1429028516653386,0.027038951523039,-2.514,0.027
14186,326,dens_971674883336993154,326,Density,<Substance CN(C)CCCO{solv}{x=0.289504}|O{solv}{x=0.710496}>,CN(C)CCCO,O,fb-fit-v3-single-mean-k100,1,0.9477807450047964,0.0003444541981001,0.9443,0.00285
14187,327,dhmix_1330584538745399524,327,EnthalpyOfMixing,<Substance CN(C)CCCO{solv}{x=0.501900}|O{solv}{x=0.498100}>,CN(C)CCCO,O,fb-fit-v3-single-mean-k100,1,-2.052461988633369,0.0382512299516222,-2.706,0.029
14188,328,dens_1781759734173902013,328,Density,<Substance CN(C)CCCO{solv}{x=0.501300}|O{solv}{x=0.498700}>,CN(C)CCCO,O,fb-fit-v3-single-mean-k100,1,0.9357402812656304,0.0003792093676014,0.9170700000000004,8.000000000000002e-05
14189,329,dens_2299157616447228221,329,Density,<Substance CN(C)CCCO{solv}{x=0.800600}|O{solv}{x=0.199400}>,CN(C)CCCO,O,fb-fit-v3-single-mean-k100,1,0.9253830292335876,0.0003154769377625,0.8915100000000002,9.500000000000002e-05
14190,330,dhmix_157983773008192768,330,EnthalpyOfMixing,<Substance BrCCCBr{solv}{x=0.743200}|CCCCOC(=O)CCC{solv}{x=0.256800}>,BrCCCBr,CCCCOC(=O)CCC,fb-fit-v3-single-mean-k100,1,-0.4131687777254882,0.0397400673449803,0.032,0.0005
14191,331,dens_720277045338028885,331,Density,<Substance BrCCCBr{solv}{x=0.748700}|CCCCOC(=O)CCC{solv}{x=0.251300}>,BrCCCBr,CCCCOC(=O)CCC,fb-fit-v3-single-mean-k100,1,1.565205335991759,0.000379594973906,1.5786600000000004,0.00038
14192,332,dens_933248802608751708,332,Density,<Substance BrCCCBr{solv}{x=0.529700}|CCCCOC(=O)CCC{solv}{x=0.470300}>,BrCCCBr,CCCCOC(=O)CCC,fb-fit-v3-single-mean-k100,1,1.3124883975346802,0.0002696979408154,1.3159400000000003,0.000255
14193,333,dens_1048925802213854204,333,Density,<Substance BrCCCBr{solv}{x=0.259100}|CCCCOC(=O)CCC{solv}{x=0.740900}>,BrCCCBr,CCCCOC(=O)CCC,fb-fit-v3-single-mean-k100,1,1.0611296246754889,0.0002522553837921,1.0598600000000002,0.000145
14194,334,dhmix_1090642624443832057,334,EnthalpyOfMixing,<Substance BrCCCBr{solv}{x=0.241200}|CCCCOC(=O)CCC{solv}{x=0.758800}>,BrCCCBr,CCCCOC(=O)CCC,fb-fit-v3-single-mean-k100,1,-0.3956624727306703,0.0461683452805209,-0.094,0.001
14195,335,dhmix_1649688325270115073,335,EnthalpyOfMixing,<Substance BrCCCBr{solv}{x=0.466700}|CCCCOC(=O)CCC{solv}{x=0.533300}>,BrCCCBr,CCCCOC(=O)CCC,fb-fit-v3-single-mean-k100,1,-0.5788707871214385,0.0512350620262028,-0.091,0.001
14196,336,dhmix_158101159957898775,336,EnthalpyOfMixing,<Substance CCCCCl{solv}{x=0.490000}|CN1CCCC1=O{solv}{x=0.510000}>,CCCCCl,CN1CCCC1=O,fb-fit-v3-single-mean-k100,1,0.8377380952417468,0.0411341735904992,0.152,0.002
14197,337,dhmix_586880142396707079,337,EnthalpyOfMixing,<Substance CCCCCl{solv}{x=0.294000}|CN1CCCC1=O{solv}{x=0.706000}>,CCCCCl,CN1CCCC1=O,fb-fit-v3-single-mean-k100,1,0.7335278350953409,0.0390679589864714,0.145,0.002
14198,338,dens_897975104490051322,338,Density,<Substance CCCCCl{solv}{x=0.296100}|CN1CCCC1=O{solv}{x=0.703900}>,CCCCCl,CN1CCCC1=O,fb-fit-v3-single-mean-k100,1,0.9779725808315408,0.0002224773493558,0.9862000000000004,0.0001
14199,339,dens_1393365907116297965,339,Density,<Substance CCCCCl{solv}{x=0.702600}|CN1CCCC1=O{solv}{x=0.297400}>,CCCCCl,CN1CCCC1=O,fb-fit-v3-single-mean-k100,1,0.9196853856604578,0.0002841733417961,0.9268000000000002,0.0001
14200,340,dhmix_1769887717174104485,340,EnthalpyOfMixing,<Substance CCCCCl{solv}{x=0.787000}|CN1CCCC1=O{solv}{x=0.213000}>,CCCCCl,CN1CCCC1=O,fb-fit-v3-single-mean-k100,1,0.5885750427102678,0.0416347862491054,0.081,0.002
14201,341,dens_2070183543451797213,341,Density,<Substance CCCCCl{solv}{x=0.494800}|CN1CCCC1=O{solv}{x=0.505200}>,CCCCCl,CN1CCCC1=O,fb-fit-v3-single-mean-k100,1,0.9505330815362016,0.000225351166053,0.9575000000000002,0.0001
14202,342,dens_164369774990422412,342,Density,<Substance CC(C)O{solv}{x=0.764900}|CCOC=O{solv}{x=0.235100}>,CC(C)O,CCOC=O,fb-fit-v3-single-mean-k100,1,0.8337432005930633,0.000282235147301,0.8088000000000002,0.00035
14203,343,dens_200561035496770448,343,Density,<Substance CC(C)O{solv}{x=0.265100}|CCOC=O{solv}{x=0.734900}>,CC(C)O,CCOC=O,fb-fit-v3-single-mean-k100,1,0.898860186817689,0.0002721264486151,0.8710000000000002,0.0003
14204,344,dens_1124622586228643363,344,Density,<Substance CC(C)O{solv}{x=0.441300}|CCOC=O{solv}{x=0.558700}>,CC(C)O,CCOC=O,fb-fit-v3-single-mean-k100,1,0.8753679530664652,0.0003005154397535,0.8482000000000003,0.00035
14205,345,dens_166030075147825025,345,Density,<Substance Clc1ccccc1{solv}{x=0.467900}|c1ccccc1{solv}{x=0.532100}>,Clc1ccccc1,c1ccccc1,fb-fit-v3-single-mean-k100,1,1.0087474280893385,0.0002768233506909,0.9877000000000002,0.00025
14206,346,dens_796537469137871297,346,Density,<Substance Clc1ccccc1{solv}{x=0.735800}|c1ccccc1{solv}{x=0.264200}>,Clc1ccccc1,c1ccccc1,fb-fit-v3-single-mean-k100,1,1.070527412163961,0.0003100331156731,1.0465000000000002,0.0002
14207,347,dhmix_1485547099225054006,347,EnthalpyOfMixing,<Substance Clc1ccccc1{solv}{x=0.777700}|c1ccccc1{solv}{x=0.222300}>,Clc1ccccc1,c1ccccc1,fb-fit-v3-single-mean-k100,1,-0.0001443833454217,0.0356970410575679,-0.0036,0.0004
14208,348,dhmix_1808283008183194060,348,EnthalpyOfMixing,<Substance Clc1ccccc1{solv}{x=0.225800}|c1ccccc1{solv}{x=0.774200}>,Clc1ccccc1,c1ccccc1,fb-fit-v3-single-mean-k100,1,0.0038571287968522,0.0404811796676011,-0.0046,0.0004
14209,349,dhmix_2008892820486470381,349,EnthalpyOfMixing,<Substance Clc1ccccc1{solv}{x=0.466600}|c1ccccc1{solv}{x=0.533400}>,Clc1ccccc1,c1ccccc1,fb-fit-v3-single-mean-k100,1,0.0115056784842266,0.0378741491012922,-0.0057,0.0004
14210,350,dens_2142546524113318099,350,Density,<Substance Clc1ccccc1{solv}{x=0.293100}|c1ccccc1{solv}{x=0.706900}>,Clc1ccccc1,c1ccccc1,fb-fit-v3-single-mean-k100,1,0.9660890933479004,0.0002342739086036,0.9468000000000002,0.00025
14211,351,dhmix_166527628917371560,351,EnthalpyOfMixing,<Substance CCCCCC(C)=O{solv}{x=0.500700}|CCCNCCC{solv}{x=0.499300}>,CCCCCC(C)=O,CCCNCCC,fb-fit-v3-single-mean-k100,1,-0.1691019904361894,0.0511338649094454,0.162,0.002
14212,352,dhmix_181797488552739205,352,EnthalpyOfMixing,<Substance CCCCCC(C)=O{solv}{x=0.213200}|CCCNCCC{solv}{x=0.786800}>,CCCCCC(C)=O,CCCNCCC,fb-fit-v3-single-mean-k100,1,-0.0369118015421321,0.0472404125296873,0.137,0.0015
14213,353,dens_286521458049436805,353,Density,<Substance CCCCCC(C)=O{solv}{x=0.542700}|CCCNCCC{solv}{x=0.457300}>,CCCCCC(C)=O,CCCNCCC,fb-fit-v3-single-mean-k100,1,0.7838828405691375,0.0001880350718403,0.7766620000000002,0.0001215
14214,354,dens_740930494074770103,354,Density,<Substance CCCCCC(C)=O{solv}{x=0.252600}|CCCNCCC{solv}{x=0.747400}>,CCCCCC(C)=O,CCCNCCC,fb-fit-v3-single-mean-k100,1,0.7617285812819758,0.0002169104924078,0.7540050000000001,0.0001215
14215,355,dhmix_1180133264815330249,355,EnthalpyOfMixing,<Substance CCCCCC(C)=O{solv}{x=0.788000}|CCCNCCC{solv}{x=0.212000}>,CCCCCC(C)=O,CCCNCCC,fb-fit-v3-single-mean-k100,1,-0.0927851622845565,0.0515759061395322,0.088,0.001
14216,356,dens_1237727796782189302,356,Density,<Substance CCCCCC(C)=O{solv}{x=0.741800}|CCCNCCC{solv}{x=0.258200}>,CCCCCC(C)=O,CCCNCCC,fb-fit-v3-single-mean-k100,1,0.7977187463361253,0.0001857487783287,0.7918920000000003,0.00012
14217,357,dens_168376639142843665,357,Density,<Substance BrCCBr{solv}{x=0.084500}|CCOC(=O)CC{solv}{x=0.915500}>,BrCCBr,CCOC(=O)CC,fb-fit-v3-single-mean-k100,1,0.9700260959891484,0.0002565097450489,0.9671200000000002,0.001185
14218,358,dhmix_897092526028522426,358,EnthalpyOfMixing,<Substance BrCCBr{solv}{x=0.753700}|CCOC(=O)CC{solv}{x=0.246300}>,BrCCBr,CCOC(=O)CC,fb-fit-v3-single-mean-k100,1,-0.1385204470098351,0.0357285282194946,0.0052,0.0008
14219,359,dhmix_1078383344298013541,359,EnthalpyOfMixing,<Substance BrCCBr{solv}{x=0.084100}|CCOC(=O)CC{solv}{x=0.915900}>,BrCCBr,CCOC(=O)CC,fb-fit-v3-single-mean-k100,1,-0.1635964622462307,0.0500432320628137,-0.0683,0.0014
14220,360,dhmix_1103515663691342839,360,EnthalpyOfMixing,<Substance BrCCBr{solv}{x=0.514000}|CCOC(=O)CC{solv}{x=0.486000}>,BrCCBr,CCOC(=O)CC,fb-fit-v3-single-mean-k100,1,-0.2289936184175021,0.0350464213606164,-0.1259,0.00205
14221,361,dens_1193015082780501702,361,Density,<Substance BrCCBr{solv}{x=0.484400}|CCOC(=O)CC{solv}{x=0.515600}>,BrCCBr,CCOC(=O)CC,fb-fit-v3-single-mean-k100,1,1.4054624785264254,0.0003856249716215,1.4136000000000002,0.001165
14222,362,dens_1660732943693703463,362,Density,<Substance BrCCBr{solv}{x=0.714800}|CCOC(=O)CC{solv}{x=0.285200}>,BrCCBr,CCOC(=O)CC,fb-fit-v3-single-mean-k100,1,1.6978467174892642,0.0005405681019819,1.7205300000000003,0.000985
14223,363,dens_172622055198885625,363,Density,<Substance CCCCOCCO{solv}{x=0.499500}|c1ccccc1{solv}{x=0.500500}>,CCCCOCCO,c1ccccc1,fb-fit-v3-single-mean-k100,1,0.8885185899230532,0.0001937842228118,0.8864700000000002,0.000795
14224,364,dens_615182082919776992,364,Density,<Substance CCCCOCCO{solv}{x=0.753500}|c1ccccc1{solv}{x=0.246500}>,CCCCOCCO,c1ccccc1,fb-fit-v3-single-mean-k100,1,0.8906451316489805,0.0002258537301503,0.8924600000000003,0.00077
14225,365,dens_1014762781474427089,365,Density,<Substance CCCCOCCO{solv}{x=0.248800}|c1ccccc1{solv}{x=0.751200}>,CCCCOCCO,c1ccccc1,fb-fit-v3-single-mean-k100,1,0.8874169650510293,0.0002273849627816,0.8790000000000002,0.00083
14226,366,dhmix_1209838039340638454,366,EnthalpyOfMixing,<Substance CCCCOCCO{solv}{x=0.729700}|c1ccccc1{solv}{x=0.270300}>,CCCCOCCO,c1ccccc1,fb-fit-v3-single-mean-k100,1,0.4295200335949403,0.0467952053377793,0.3037,0.00335
14227,367,dhmix_1416395432810708431,367,EnthalpyOfMixing,<Substance CCCCOCCO{solv}{x=0.266500}|c1ccccc1{solv}{x=0.733500}>,CCCCOCCO,c1ccccc1,fb-fit-v3-single-mean-k100,1,0.8275552597414446,0.0423092065827206,0.6895,0.00745
14228,368,dhmix_1775479338186698605,368,EnthalpyOfMixing,<Substance CCCCOCCO{solv}{x=0.503000}|c1ccccc1{solv}{x=0.497000}>,CCCCOCCO,c1ccccc1,fb-fit-v3-single-mean-k100,1,0.7559581682353382,0.0447386153368691,0.5563,0.00605
14229,369,dens_173950346939686352,369,Density,<Substance CCOC(=O)CC(=O)OCC{solv}{x=0.797800}|CO{solv}{x=0.202200}>,CCOC(=O)CC(=O)OCC,CO,fb-fit-v3-single-mean-k100,1,1.04696928209713,0.0001407729748179,1.0336070000000002,0.0001155
14230,370,dhmix_796570713446660029,370,EnthalpyOfMixing,<Substance CCOC(=O)CC(=O)OCC{solv}{x=0.745300}|CO{solv}{x=0.254700}>,CCOC(=O)CC(=O)OCC,CO,fb-fit-v3-single-mean-k100,1,1.1938857369414109,0.0451335720421161,1.184,0.013
14231,371,dhmix_1053189657313504079,371,EnthalpyOfMixing,<Substance CCOC(=O)CC(=O)OCC{solv}{x=0.499300}|CO{solv}{x=0.500700}>,CCOC(=O)CC(=O)OCC,CO,fb-fit-v3-single-mean-k100,1,1.5042124483065606,0.0384336737100318,1.426,0.0155
14232,372,dens_1109796780897697143,372,Density,<Substance CCOC(=O)CC(=O)OCC{solv}{x=0.500400}|CO{solv}{x=0.499600}>,CCOC(=O)CC(=O)OCC,CO,fb-fit-v3-single-mean-k100,1,1.0046877492931692,0.0002367048320484,0.9962350000000002,9.150000000000002e-05
14233,373,dens_1145191816882985532,373,Density,<Substance CCOC(=O)CC(=O)OCC{solv}{x=0.250100}|CO{solv}{x=0.749900}>,CCOC(=O)CC(=O)OCC,CO,fb-fit-v3-single-mean-k100,1,0.9372528364660548,0.0003352370463031,0.9355040000000002,0.0001385
14234,374,dhmix_1394433819711651760,374,EnthalpyOfMixing,<Substance CCOC(=O)CC(=O)OCC{solv}{x=0.251500}|CO{solv}{x=0.748500}>,CCOC(=O)CC(=O)OCC,CO,fb-fit-v3-single-mean-k100,1,1.2192759715302088,0.035392417673654,1.083,0.0115
14235,375,dhmix_176700813960387714,375,EnthalpyOfMixing,<Substance CC(=O)N(C)C{solv}{x=0.211000}|ClCCCCCl{solv}{x=0.789000}>,CC(=O)N(C)C,ClCCCCCl,fb-fit-v3-single-mean-k100,1,0.0539971545849837,0.0397680023805231,-0.188,0.0025
14236,376,dhmix_422276068008732896,376,EnthalpyOfMixing,<Substance CC(=O)N(C)C{solv}{x=0.506000}|ClCCCCCl{solv}{x=0.494000}>,CC(=O)N(C)C,ClCCCCCl,fb-fit-v3-single-mean-k100,1,0.0859235984792974,0.0409371618085859,-0.314,0.0025
14237,377,dhmix_591740475541975327,377,EnthalpyOfMixing,<Substance CC(=O)N(C)C{solv}{x=0.705000}|ClCCCCCl{solv}{x=0.295000}>,CC(=O)N(C)C,ClCCCCCl,fb-fit-v3-single-mean-k100,1,0.0310156408562924,0.0340324295170026,-0.281,0.0025
14238,378,dens_600718364672681210,378,Density,<Substance CC(=O)N(C)C{solv}{x=0.200100}|ClCCCCCl{solv}{x=0.799900}>,CC(=O)N(C)C,ClCCCCCl,fb-fit-v3-single-mean-k100,1,1.0930382453349354,0.0002558016059066,1.0978,0.0023
14239,379,dens_833309518494254389,379,Density,<Substance CC(=O)N(C)C{solv}{x=0.698700}|ClCCCCCl{solv}{x=0.301300}>,CC(=O)N(C)C,ClCCCCCl,fb-fit-v3-single-mean-k100,1,0.9840170087439396,0.0001781169516612,1.0011000000000003,0.0023
14240,380,dens_1473570029953486090,380,Density,<Substance CC(=O)N(C)C{solv}{x=0.500900}|ClCCCCCl{solv}{x=0.499100}>,CC(=O)N(C)C,ClCCCCCl,fb-fit-v3-single-mean-k100,1,1.0298119452257684,0.0001900447022707,1.0407000000000004,0.00225
14241,381,dens_176740025668330569,381,Density,<Substance C1CCCCC1{solv}{x=0.499400}|C1COCCO1{solv}{x=0.500600}>,C1CCCCC1,C1COCCO1,fb-fit-v3-single-mean-k100,1,0.8755383030288082,0.0002582118376244,0.8769800000000002,8.500000000000002e-05
14242,382,dens_476825312331327209,382,Density,<Substance C1CCCCC1{solv}{x=0.297200}|C1COCCO1{solv}{x=0.702800}>,C1CCCCC1,C1COCCO1,fb-fit-v3-single-mean-k100,1,0.9295276338631508,0.0002683902476069,0.9312200000000004,7.000000000000002e-05
14243,383,dens_985438980823024302,383,Density,<Substance C1CCCCC1{solv}{x=0.699700}|C1COCCO1{solv}{x=0.300300}>,C1CCCCC1,C1COCCO1,fb-fit-v3-single-mean-k100,1,0.8285667583437359,0.0002178875053899,0.8305800000000002,0.0001
14244,384,dhmix_1624213860575299641,384,EnthalpyOfMixing,<Substance C1CCCCC1{solv}{x=0.492800}|C1COCCO1{solv}{x=0.507200}>,C1CCCCC1,C1COCCO1,fb-fit-v3-single-mean-k100,1,2.007526913393747,0.0427049380534499,1.588,0.008
14245,385,dhmix_1900199136965747019,385,EnthalpyOfMixing,<Substance C1CCCCC1{solv}{x=0.239400}|C1COCCO1{solv}{x=0.760600}>,C1CCCCC1,C1COCCO1,fb-fit-v3-single-mean-k100,1,1.399946390839517,0.0458438844601269,1.124,0.007
14246,386,dhmix_2022274493214392184,386,EnthalpyOfMixing,<Substance C1CCCCC1{solv}{x=0.744200}|C1COCCO1{solv}{x=0.255800}>,C1CCCCC1,C1COCCO1,fb-fit-v3-single-mean-k100,1,1.671346058948842,0.049440339206073,1.262,0.007
14247,387,dhmix_182795551078530810,387,EnthalpyOfMixing,<Substance C1COCCO1{solv}{x=0.491200}|Cc1ccccc1Cl{solv}{x=0.508800}>,C1COCCO1,Cc1ccccc1Cl,fb-fit-v3-single-mean-k100,1,0.2188586115521502,0.0423427214903038,0.356,0.002
14248,388,dens_242592003865933955,388,Density,<Substance C1COCCO1{solv}{x=0.835700}|Cc1ccccc1Cl{solv}{x=0.164300}>,C1COCCO1,Cc1ccccc1Cl,fb-fit-v3-single-mean-k100,1,1.0284760684541947,0.0002703384049186,1.0256,0.0005
14249,389,dens_810150133181620718,389,Density,<Substance C1COCCO1{solv}{x=0.513600}|Cc1ccccc1Cl{solv}{x=0.486400}>,C1COCCO1,Cc1ccccc1Cl,fb-fit-v3-single-mean-k100,1,1.0646811155029012,0.000273789370291,1.0536,0.0005
14250,390,dhmix_1949119093643648586,390,EnthalpyOfMixing,<Substance C1COCCO1{solv}{x=0.246200}|Cc1ccccc1Cl{solv}{x=0.753800}>,C1COCCO1,Cc1ccccc1Cl,fb-fit-v3-single-mean-k100,1,0.204602021119129,0.0372978060569415,0.206,0.001
14251,391,dens_2161584607380261748,391,Density,<Substance C1COCCO1{solv}{x=0.226300}|Cc1ccccc1Cl{solv}{x=0.773700}>,C1COCCO1,Cc1ccccc1Cl,fb-fit-v3-single-mean-k100,1,1.0824099448127422,0.0002232041364702,1.0674000000000003,0.0005
14252,392,dhmix_2190589845176325501,392,EnthalpyOfMixing,<Substance C1COCCO1{solv}{x=0.835700}|Cc1ccccc1Cl{solv}{x=0.164300}>,C1COCCO1,Cc1ccccc1Cl,fb-fit-v3-single-mean-k100,1,0.1969559231645234,0.0424883032420172,0.244,0.0015
14253,393,dens_194492664772262961,393,Density,<Substance CCCOC=O{solv}{x=0.479500}|ClCCCl{solv}{x=0.520500}>,CCCOC=O,ClCCCl,fb-fit-v3-single-mean-k100,1,1.0662987602302572,0.0003483301340915,1.0603100000000003,0.00196
14254,394,dhmix_438833720470542962,394,EnthalpyOfMixing,<Substance CCCOC=O{solv}{x=0.738500}|ClCCCl{solv}{x=0.261500}>,CCCOC=O,ClCCCl,fb-fit-v3-single-mean-k100,1,0.050658189942812,0.0405068424696892,-0.205,0.0025
14255,395,dens_598528978367940263,395,Density,<Substance CCCOC=O{solv}{x=0.254300}|ClCCCl{solv}{x=0.745700}>,CCCOC=O,ClCCCl,fb-fit-v3-single-mean-k100,1,1.1391472925554853,0.0003557010534266,1.1418800000000005,0.002835
14256,396,dens_822197650497048256,396,Density,<Substance CCCOC=O{solv}{x=0.728100}|ClCCCl{solv}{x=0.271900}>,CCCOC=O,ClCCCl,fb-fit-v3-single-mean-k100,1,0.9903204782489232,0.0002945993114149,0.9794600000000002,0.001275
14257,397,dhmix_1971772628311560569,397,EnthalpyOfMixing,<Substance CCCOC=O{solv}{x=0.503500}|ClCCCl{solv}{x=0.496500}>,CCCOC=O,ClCCCl,fb-fit-v3-single-mean-k100,1,0.0378677499524648,0.0333831612148985,-0.254,0.003
14258,398,dhmix_2087301877194561078,398,EnthalpyOfMixing,<Substance CCCOC=O{solv}{x=0.273300}|ClCCCl{solv}{x=0.726700}>,CCCOC=O,ClCCCl,fb-fit-v3-single-mean-k100,1,0.0440097194542197,0.032450986078501,-0.154,0.002
14259,399,dens_196547737404430199,399,Density,<Substance CCC(C)(C)O{solv}{x=0.258400}|CCO{solv}{x=0.741600}>,CCC(C)(C)O,CCO,fb-fit-v3-single-mean-k100,1,0.8092412406449988,0.0002696382299921,0.7933000000000001,0.0005
14260,400,dens_476512869308734578,400,Density,<Substance CCC(C)(C)O{solv}{x=0.549500}|CCO{solv}{x=0.450500}>,CCC(C)(C)O,CCO,fb-fit-v3-single-mean-k100,1,0.8221398745783769,0.0002904551143838,0.8018000000000002,0.0005
14261,401,dens_822446541953482206,401,Density,<Substance CCC(C)(C)O{solv}{x=0.676500}|CCO{solv}{x=0.323500}>,CCC(C)(C)O,CCO,fb-fit-v3-single-mean-k100,1,0.8256414757287366,0.0004581916575063,0.8048000000000002,0.0005
14262,402,dhmix_935690434592096067,402,EnthalpyOfMixing,<Substance CCC(C)(C)O{solv}{x=0.460700}|CCO{solv}{x=0.539300}>,CCC(C)(C)O,CCO,fb-fit-v3-single-mean-k100,1,-0.9245127033193096,0.0394728393153816,-0.95,0.00405
14263,403,dhmix_1167190373485301023,403,EnthalpyOfMixing,<Substance CCC(C)(C)O{solv}{x=0.730600}|CCO{solv}{x=0.269400}>,CCC(C)(C)O,CCO,fb-fit-v3-single-mean-k100,1,-0.8947614936553547,0.0476700520686707,-0.7709,0.00335
14264,404,dhmix_1275914601266938667,404,EnthalpyOfMixing,<Substance CCC(C)(C)O{solv}{x=0.280700}|CCO{solv}{x=0.719300}>,CCC(C)(C)O,CCO,fb-fit-v3-single-mean-k100,1,-0.6654958928987815,0.0380969073699635,-0.7056,0.0031
14265,405,dens_196896428021674416,405,Density,<Substance OCCCCO{solv}{x=0.250400}|O{solv}{x=0.749600}>,O,OCCCCO,fb-fit-v3-single-mean-k100,1,1.0120941310985103,0.0003357691580653,1.0206500000000005,0.000165
14266,406,dhmix_204758826312645465,406,EnthalpyOfMixing,<Substance OCCCCO{solv}{x=0.498600}|O{solv}{x=0.501400}>,O,OCCCCO,fb-fit-v3-single-mean-k100,1,0.3144930318263377,0.0340173436637197,-0.882,0.011
14267,407,dens_523660418548538159,407,Density,<Substance OCCCCO{solv}{x=0.502000}|O{solv}{x=0.498000}>,O,OCCCCO,fb-fit-v3-single-mean-k100,1,1.0212825843994005,0.000313773665277,1.0207100000000002,0.000175
14268,408,dhmix_1424462945700338266,408,EnthalpyOfMixing,<Substance OCCCCO{solv}{x=0.794700}|O{solv}{x=0.205300}>,O,OCCCCO,fb-fit-v3-single-mean-k100,1,0.1310421422745475,0.0518304967507759,-0.513,0.007
14269,409,dhmix_2166372532060643622,409,EnthalpyOfMixing,<Substance OCCCCO{solv}{x=0.265800}|O{solv}{x=0.734200}>,O,OCCCCO,fb-fit-v3-single-mean-k100,1,0.5348636326840293,0.0314089759449526,-0.896,0.0115
14270,410,dens_2215793475715067258,410,Density,<Substance OCCCCO{solv}{x=0.752800}|O{solv}{x=0.247200}>,O,OCCCCO,fb-fit-v3-single-mean-k100,1,1.0226302361205717,0.0003342136140377,1.0165900000000003,0.00018
14271,411,dhmix_199788824133179829,411,EnthalpyOfMixing,<Substance CNc1ccccc1{solv}{x=0.497300}|Cc1ccccc1{solv}{x=0.502700}>,CNc1ccccc1,Cc1ccccc1,fb-fit-v3-single-mean-k100,1,0.8292109635405467,0.0397770051764139,0.497,0.0055
14272,412,dens_515118724178190757,412,Density,<Substance CNc1ccccc1{solv}{x=0.740700}|Cc1ccccc1{solv}{x=0.259300}>,CNc1ccccc1,Cc1ccccc1,fb-fit-v3-single-mean-k100,1,0.96517081572533,0.0002064391770995,0.9531280000000004,0.0002595
14273,413,dens_730775902780400634,413,Density,<Substance CNc1ccccc1{solv}{x=0.245200}|Cc1ccccc1{solv}{x=0.754800}>,CNc1ccccc1,Cc1ccccc1,fb-fit-v3-single-mean-k100,1,0.9037339623957172,0.0002221934522093,0.8935250000000002,0.000118
14274,414,dhmix_1213795502778853356,414,EnthalpyOfMixing,<Substance CNc1ccccc1{solv}{x=0.295200}|Cc1ccccc1{solv}{x=0.704800}>,CNc1ccccc1,Cc1ccccc1,fb-fit-v3-single-mean-k100,1,0.7886243755615325,0.0407045110921233,0.459,0.005
14275,415,dhmix_1321810550349826496,415,EnthalpyOfMixing,<Substance CNc1ccccc1{solv}{x=0.789200}|Cc1ccccc1{solv}{x=0.210800}>,CNc1ccccc1,Cc1ccccc1,fb-fit-v3-single-mean-k100,1,0.5246328377052905,0.0432510508606413,0.287,0.003
14276,416,dens_2156484405108449314,416,Density,<Substance CNc1ccccc1{solv}{x=0.490000}|Cc1ccccc1{solv}{x=0.510000}>,CNc1ccccc1,Cc1ccccc1,fb-fit-v3-single-mean-k100,1,0.9345450379990724,0.0001683456887974,0.9235800000000004,0.000164
14277,417,dens_199829369486957606,417,Density,<Substance CC#N{solv}{x=0.200300}|c1ccccc1{solv}{x=0.799700}>,CC#N,c1ccccc1,fb-fit-v3-single-mean-k100,1,0.8714938604231223,0.0002662524399186,0.8623400000000002,7.000000000000002e-05
14278,418,dhmix_217315956534335620,418,EnthalpyOfMixing,<Substance CC#N{solv}{x=0.771500}|c1ccccc1{solv}{x=0.228500}>,CC#N,c1ccccc1,fb-fit-v3-single-mean-k100,1,0.0801970569518886,0.0286603919910702,0.3988,0.00815
14279,419,dhmix_730497723685339496,419,EnthalpyOfMixing,<Substance CC#N{solv}{x=0.219600}|c1ccccc1{solv}{x=0.780400}>,CC#N,c1ccccc1,fb-fit-v3-single-mean-k100,1,0.0974143663963076,0.0359701892580853,0.2399,0.00495
14280,420,dhmix_1038591828122641798,420,EnthalpyOfMixing,<Substance CC#N{solv}{x=0.529500}|c1ccccc1{solv}{x=0.470500}>,CC#N,c1ccccc1,fb-fit-v3-single-mean-k100,1,0.0036898283130319,0.0318992595180058,0.4415,0.00905
14281,421,dens_1457706963514561052,421,Density,<Substance CC#N{solv}{x=0.500100}|c1ccccc1{solv}{x=0.499900}>,CC#N,c1ccccc1,fb-fit-v3-single-mean-k100,1,0.837135666582959,0.0002507514443658,0.8384600000000002,7.500000000000002e-05
14282,422,dens_2111393000623474162,422,Density,<Substance CC#N{solv}{x=0.700200}|c1ccccc1{solv}{x=0.299800}>,CC#N,c1ccccc1,fb-fit-v3-single-mean-k100,1,0.8080764459186038,0.000253762307786,0.8174500000000002,7.500000000000002e-05
14283,423,dens_201591193434833206,423,Density,<Substance CC(C)CC(C)(C)C{solv}{x=0.082400}|CCO{solv}{x=0.917600}>,CC(C)CC(C)(C)C,CCO,fb-fit-v3-single-mean-k100,1,0.7692986573212377,0.0003065282885491,0.7605800000000003,0.000125
14284,424,dhmix_371477530823830451,424,EnthalpyOfMixing,<Substance CC(C)CC(C)(C)C{solv}{x=0.761700}|CCO{solv}{x=0.238300}>,CC(C)CC(C)(C)C,CCO,fb-fit-v3-single-mean-k100,1,0.7414801940948195,0.0495774202554569,0.634022,0.006851
14285,425,dhmix_1127868571780691876,425,EnthalpyOfMixing,<Substance CC(C)CC(C)(C)C{solv}{x=0.515800}|CCO{solv}{x=0.484200}>,CC(C)CC(C)(C)C,CCO,fb-fit-v3-single-mean-k100,1,0.6125186988760021,0.0439558741493435,0.638973,0.006903
14286,426,dens_1250915879314267304,426,Density,<Substance CC(C)CC(C)(C)C{solv}{x=0.493740}|CCO{solv}{x=0.506260}>,CC(C)CC(C)(C)C,CCO,fb-fit-v3-single-mean-k100,1,0.7334483765716102,0.0002163937141747,0.7110500000000001,7.500000000000002e-05
14287,427,dens_1473791133383705310,427,Density,<Substance CC(C)CC(C)(C)C{solv}{x=0.735960}|CCO{solv}{x=0.264040}>,CC(C)CC(C)(C)C,CCO,fb-fit-v3-single-mean-k100,1,0.7234867785005846,0.0002051075637582,0.6967900000000001,7.500000000000002e-05
14288,428,dhmix_1870637719976274804,428,EnthalpyOfMixing,<Substance CC(C)CC(C)(C)C{solv}{x=0.081500}|CCO{solv}{x=0.918500}>,CC(C)CC(C)(C)C,CCO,fb-fit-v3-single-mean-k100,1,0.2620618834664601,0.0352456486323892,0.197762,0.0022405
14289,429,dens_202472488934755108,429,Density,<Substance CCC#N{solv}{x=0.301800}|CCOC(C)(C)C{solv}{x=0.698200}>,CCC#N,CCOC(C)(C)C,fb-fit-v3-single-mean-k100,1,0.7535958847710439,0.0002221746368775,0.7455000000000002,0.0002
14290,430,dens_266175665931869051,430,Density,<Substance CCC#N{solv}{x=0.701400}|CCOC(C)(C)C{solv}{x=0.298600}>,CCC#N,CCOC(C)(C)C,fb-fit-v3-single-mean-k100,1,0.7607309310636233,0.0002373092006266,0.7617000000000003,0.00035
14291,431,dhmix_801664072836508009,431,EnthalpyOfMixing,<Substance CCC#N{solv}{x=0.301800}|CCOC(C)(C)C{solv}{x=0.698200}>,CCC#N,CCOC(C)(C)C,fb-fit-v3-single-mean-k100,1,0.073563644410644,0.0462643254806779,0.4557,0.0062
14292,432,dhmix_1220778152018571786,432,EnthalpyOfMixing,<Substance CCC#N{solv}{x=0.501400}|CCOC(C)(C)C{solv}{x=0.498600}>,CCC#N,CCOC(C)(C)C,fb-fit-v3-single-mean-k100,1,0.1365298828367294,0.0399524324927825,0.5053,0.00685
14293,433,dhmix_1838699488178562925,433,EnthalpyOfMixing,<Substance CCC#N{solv}{x=0.701400}|CCOC(C)(C)C{solv}{x=0.298600}>,CCC#N,CCOC(C)(C)C,fb-fit-v3-single-mean-k100,1,0.1289288021301118,0.0272726447735461,0.4078,0.0056
14294,434,dens_1870081876609026392,434,Density,<Substance CCC#N{solv}{x=0.501400}|CCOC(C)(C)C{solv}{x=0.498600}>,CCC#N,CCOC(C)(C)C,fb-fit-v3-single-mean-k100,1,0.7569627385508457,0.0001606158216844,0.7532000000000002,0.0003
14295,435,dens_205210513551931414,435,Density,<Substance CCCC#N{solv}{x=0.200000}|c1ccccc1{solv}{x=0.800000}>,CCCC#N,c1ccccc1,fb-fit-v3-single-mean-k100,1,0.8658074849338707,0.0002264834975078,0.8576940000000002,5.400000000000001e-05
14296,436,dens_841576887891022329,436,Density,<Substance CCCC#N{solv}{x=0.500000}|c1ccccc1{solv}{x=0.500000}>,CCCC#N,c1ccccc1,fb-fit-v3-single-mean-k100,1,0.831799691595234,0.0001975759636744,0.8318550000000002,5.8000000000000014e-05
14297,437,dhmix_901910638840590393,437,EnthalpyOfMixing,<Substance CCCC#N{solv}{x=0.503700}|c1ccccc1{solv}{x=0.496300}>,CCCC#N,c1ccccc1,fb-fit-v3-single-mean-k100,1,0.0450973336018449,0.0369551014744617,-0.0659,0.00145
14298,438,dhmix_1123099162248680479,438,EnthalpyOfMixing,<Substance CCCC#N{solv}{x=0.752800}|c1ccccc1{solv}{x=0.247200}>,CCCC#N,c1ccccc1,fb-fit-v3-single-mean-k100,1,-0.0587998956428492,0.0359800989904349,-0.0312,0.0008
14299,439,dhmix_1318990508180847616,439,EnthalpyOfMixing,<Substance CCCC#N{solv}{x=0.252800}|c1ccccc1{solv}{x=0.747200}>,CCCC#N,c1ccccc1,fb-fit-v3-single-mean-k100,1,0.0645641359046038,0.0412987798279898,-0.0571,0.00125
14300,440,dens_1950627772023797339,440,Density,<Substance CCCC#N{solv}{x=0.700000}|c1ccccc1{solv}{x=0.300000}>,CCCC#N,c1ccccc1,fb-fit-v3-single-mean-k100,1,0.8100735450378916,0.0002382804595589,0.8138540000000002,6.100000000000001e-05
14301,441,dhmix_207411229673186667,441,EnthalpyOfMixing,<Substance CC(C)(C)Cl{solv}{x=0.774700}|CC(C)OC(C)C{solv}{x=0.225300}>,CC(C)(C)Cl,CC(C)OC(C)C,fb-fit-v3-single-mean-k100,1,-0.1118921996024902,0.0426253668244704,0.0035,0.0004
14302,442,dhmix_263164663491745943,442,EnthalpyOfMixing,<Substance CC(C)(C)Cl{solv}{x=0.551200}|CC(C)OC(C)C{solv}{x=0.448800}>,CC(C)(C)Cl,CC(C)OC(C)C,fb-fit-v3-single-mean-k100,1,-0.0018096247879633,0.0335177223831681,0.0071,0.0004
14303,443,dens_1527979990628499053,443,Density,<Substance CC(C)(C)Cl{solv}{x=0.514800}|CC(C)OC(C)C{solv}{x=0.485200}>,CC(C)(C)Cl,CC(C)OC(C)C,fb-fit-v3-single-mean-k100,1,0.7934857609426158,0.0002021923244963,0.7723510000000002,0.00042
14304,444,dens_1616242241384486673,444,Density,<Substance CC(C)(C)Cl{solv}{x=0.715200}|CC(C)OC(C)C{solv}{x=0.284800}>,CC(C)(C)Cl,CC(C)OC(C)C,fb-fit-v3-single-mean-k100,1,0.8207166898848179,0.0002393027079568,0.7971450000000002,0.0003945
14305,445,dens_2075469437997722238,445,Density,<Substance CC(C)(C)Cl{solv}{x=0.199100}|CC(C)OC(C)C{solv}{x=0.800900}>,CC(C)(C)Cl,CC(C)OC(C)C,fb-fit-v3-single-mean-k100,1,0.7556784723245373,0.0002561483581439,0.7376660000000003,0.0004545
14306,446,dhmix_2101531043492089277,446,EnthalpyOfMixing,<Substance CC(C)(C)Cl{solv}{x=0.219200}|CC(C)OC(C)C{solv}{x=0.780800}>,CC(C)(C)Cl,CC(C)OC(C)C,fb-fit-v3-single-mean-k100,1,-0.0187988425888505,0.0391420011324723,0.007,0.0004
14307,447,dens_210389881425986721,447,Density,<Substance C1COCO1{solv}{x=0.785000}|CCCCCC(C)=O{solv}{x=0.215000}>,C1COCO1,CCCCCC(C)=O,fb-fit-v3-single-mean-k100,1,0.980116705302004,0.0002429138920647,0.9696500000000002,0.0003
14308,448,dhmix_503329310014436107,448,EnthalpyOfMixing,<Substance C1COCO1{solv}{x=0.750000}|CCCCCC(C)=O{solv}{x=0.250000}>,C1COCO1,CCCCCC(C)=O,fb-fit-v3-single-mean-k100,1,0.4366185948086638,0.0368935259459006,0.37402,0.001955
14309,449,dens_824084186033535550,449,Density,<Substance C1COCO1{solv}{x=0.507100}|CCCCCC(C)=O{solv}{x=0.492900}>,C1COCO1,CCCCCC(C)=O,fb-fit-v3-single-mean-k100,1,0.9003724576959378,0.000196327745724,0.8936300000000003,0.00034
14310,450,dens_839548343309182157,450,Density,<Substance C1COCO1{solv}{x=0.244000}|CCCCCC(C)=O{solv}{x=0.756000}>,C1COCO1,CCCCCC(C)=O,fb-fit-v3-single-mean-k100,1,0.849225553909857,0.000215315215269,0.8445200000000002,0.00038
14311,451,dhmix_1519451899562488304,451,EnthalpyOfMixing,<Substance C1COCO1{solv}{x=0.250000}|CCCCCC(C)=O{solv}{x=0.750000}>,C1COCO1,CCCCCC(C)=O,fb-fit-v3-single-mean-k100,1,0.404298877774174,0.0509463366002158,0.2754,0.00155
14312,452,dhmix_1874814461447958752,452,EnthalpyOfMixing,<Substance C1COCO1{solv}{x=0.500000}|CCCCCC(C)=O{solv}{x=0.500000}>,C1COCO1,CCCCCC(C)=O,fb-fit-v3-single-mean-k100,1,0.5086503821581729,0.0448895276714526,0.43148,0.00217
14313,453,dhmix_219236717194413479,453,EnthalpyOfMixing,<Substance CCOc1ccccc1{solv}{x=0.762500}|OCCCc1ccccc1{solv}{x=0.237500}>,CCOc1ccccc1,OCCCc1ccccc1,fb-fit-v3-single-mean-k100,1,1.0277657862385468,0.0463509106186664,1.1164,0.01195
14314,454,dens_391027492102555874,454,Density,<Substance CCOc1ccccc1{solv}{x=0.515000}|OCCCc1ccccc1{solv}{x=0.485000}>,CCOc1ccccc1,OCCCc1ccccc1,fb-fit-v3-single-mean-k100,1,0.9760477917039624,0.0002429350920933,0.9715100000000002,0.00026
14315,455,dens_603450583692592837,455,Density,<Substance CCOc1ccccc1{solv}{x=0.707400}|OCCCc1ccccc1{solv}{x=0.292600}>,CCOc1ccccc1,OCCCc1ccccc1,fb-fit-v3-single-mean-k100,1,0.9667839908373888,0.000194176823719,0.9634300000000002,0.00026
14316,456,dhmix_1297428070131435744,456,EnthalpyOfMixing,<Substance CCOc1ccccc1{solv}{x=0.516900}|OCCCc1ccccc1{solv}{x=0.483100}>,CCOc1ccccc1,OCCCc1ccccc1,fb-fit-v3-single-mean-k100,1,1.1389210957209883,0.057278113554445,0.989,0.0106
14317,457,dens_1659818614169719187,457,Density,<Substance CCOc1ccccc1{solv}{x=0.216400}|OCCCc1ccccc1{solv}{x=0.783600}>,CCOc1ccccc1,OCCCc1ccccc1,fb-fit-v3-single-mean-k100,1,0.9906599621051272,0.0002530422308922,0.9832000000000004,0.00026
14318,458,dhmix_2058966624473104004,458,EnthalpyOfMixing,<Substance CCOc1ccccc1{solv}{x=0.262900}|OCCCc1ccccc1{solv}{x=0.737100}>,CCOc1ccccc1,OCCCc1ccccc1,fb-fit-v3-single-mean-k100,1,0.427657852671075,0.0516115537855412,0.7,0.00755
14319,459,dhmix_224977805525763267,459,EnthalpyOfMixing,<Substance OCCO{solv}{x=0.519300}|O{solv}{x=0.480700}>,O,OCCO,fb-fit-v3-single-mean-k100,1,-0.0449223410165613,0.0297664441497906,-0.64,0.0035
14320,460,dhmix_454389511592218960,460,EnthalpyOfMixing,<Substance OCCO{solv}{x=0.790900}|O{solv}{x=0.209100}>,O,OCCO,fb-fit-v3-single-mean-k100,1,-0.0467414318505099,0.0385419027673987,-0.347,0.0025
14321,461,dens_624011570206871166,461,Density,<Substance OCCO{solv}{x=0.500560}|O{solv}{x=0.499440}>,O,OCCO,fb-fit-v3-single-mean-k100,1,1.096751146129073,0.0003069890887721,1.0923200000000002,0.0005
14322,462,dhmix_997365299263661959,462,EnthalpyOfMixing,<Substance OCCO{solv}{x=0.205100}|O{solv}{x=0.794900}>,O,OCCO,fb-fit-v3-single-mean-k100,1,-0.0797916094743307,0.0233688461774601,-0.681,0.004
14323,463,dens_1521229282261002740,463,Density,<Substance OCCO{solv}{x=0.299010}|O{solv}{x=0.700990}>,O,OCCO,fb-fit-v3-single-mean-k100,1,1.0698732457008773,0.0003736473290308,1.0735400000000002,0.0005
14324,464,dens_2015496231826454735,464,Density,<Substance OCCO{solv}{x=0.706260}|O{solv}{x=0.293740}>,O,OCCO,fb-fit-v3-single-mean-k100,1,1.1136791389092755,0.0003353622438567,1.1022400000000003,0.0005
14325,465,dhmix_230261418136264651,465,EnthalpyOfMixing,<Substance CCCCOC(C)=O{solv}{x=0.700700}|CCOC(C)=O{solv}{x=0.299300}>,CCCCOC(C)=O,CCOC(C)=O,fb-fit-v3-single-mean-k100,1,0.0366979127766455,0.038458238522146,0.0594,0.001
14326,466,dhmix_287092636460772443,466,EnthalpyOfMixing,<Substance CCCCOC(C)=O{solv}{x=0.501800}|CCOC(C)=O{solv}{x=0.498200}>,CCCCOC(C)=O,CCOC(C)=O,fb-fit-v3-single-mean-k100,1,0.074716518946964,0.0476671559139443,0.076,0.0012
14327,467,dens_436289636626232396,467,Density,<Substance CCCCOC(C)=O{solv}{x=0.501800}|CCOC(C)=O{solv}{x=0.498200}>,CCCCOC(C)=O,CCOC(C)=O,fb-fit-v3-single-mean-k100,1,0.8931618632672434,0.0002231747518518,0.8829000000000002,0.0002
14328,468,dens_1739528506032569134,468,Density,<Substance CCCCOC(C)=O{solv}{x=0.201200}|CCOC(C)=O{solv}{x=0.798800}>,CCCCOC(C)=O,CCOC(C)=O,fb-fit-v3-single-mean-k100,1,0.900886755699406,0.0002271181998162,0.8889000000000001,0.0002
14329,469,dhmix_1951544232160779982,469,EnthalpyOfMixing,<Substance CCCCOC(C)=O{solv}{x=0.201200}|CCOC(C)=O{solv}{x=0.798800}>,CCCCOC(C)=O,CCOC(C)=O,fb-fit-v3-single-mean-k100,1,0.0409813701594856,0.0436036412317404,0.0524,0.0009
14330,470,dens_2199004103648094822,470,Density,<Substance CCCCOC(C)=O{solv}{x=0.700700}|CCOC(C)=O{solv}{x=0.299300}>,CCCCOC(C)=O,CCOC(C)=O,fb-fit-v3-single-mean-k100,1,0.8895788182546253,0.0002269102003036,0.8797000000000003,0.0002
14331,471,dens_230610561971140401,471,Density,<Substance CN(C)CCO{solv}{x=0.507700}|O{solv}{x=0.492300}>,CN(C)CCO,O,fb-fit-v3-single-mean-k100,1,0.934221008074753,0.0002822410405158,0.9237220000000002,0.000504
14332,472,dens_531222131704065782,472,Density,<Substance CN(C)CCO{solv}{x=0.765200}|O{solv}{x=0.234800}>,CN(C)CCO,O,fb-fit-v3-single-mean-k100,1,0.917900769190267,0.0001962065163985,0.8989030000000002,0.0005805
14333,473,dhmix_569544738684419327,473,EnthalpyOfMixing,<Substance CN(C)CCO{solv}{x=0.536500}|O{solv}{x=0.463500}>,CN(C)CCO,O,fb-fit-v3-single-mean-k100,1,-2.8704371355079843,0.0320997978529308,-2.575,0.0525
14334,474,dens_1319192913326669904,474,Density,<Substance CN(C)CCO{solv}{x=0.264330}|O{solv}{x=0.735670}>,CN(C)CCO,O,fb-fit-v3-single-mean-k100,1,0.9508241921038644,0.0003261927159998,0.9590000000000002,0.0029
14335,475,dhmix_1669606825693628140,475,EnthalpyOfMixing,<Substance CN(C)CCO{solv}{x=0.205200}|O{solv}{x=0.794800}>,CN(C)CCO,O,fb-fit-v3-single-mean-k100,1,-1.9383199739824204,0.0284839918241876,-2.587,0.0525
14336,476,dhmix_1723343163215510297,476,EnthalpyOfMixing,<Substance CN(C)CCO{solv}{x=0.799600}|O{solv}{x=0.200400}>,CN(C)CCO,O,fb-fit-v3-single-mean-k100,1,-1.8776293544758715,0.0512799220521197,-1.247,0.0255
14337,477,dens_233554406241639981,477,Density,<Substance CC(C)CC(C)(C)C{solv}{x=0.200000}|CCCCOCCCC{solv}{x=0.800000}>,CC(C)CC(C)(C)C,CCCCOCCCC,fb-fit-v3-single-mean-k100,1,0.7548259477923384,0.0001753965549555,0.7497500000000001,0.00017
14338,478,dhmix_465541682585001245,478,EnthalpyOfMixing,<Substance CC(C)CC(C)(C)C{solv}{x=0.200400}|CCCCOCCCC{solv}{x=0.799600}>,CC(C)CC(C)(C)C,CCCCOCCCC,fb-fit-v3-single-mean-k100,1,0.0642555152706023,0.0537524146519898,0.07397,0.00099
14339,479,dhmix_1505777056782392294,479,EnthalpyOfMixing,<Substance CC(C)CC(C)(C)C{solv}{x=0.400400}|CCCCOCCCC{solv}{x=0.599600}>,CC(C)CC(C)(C)C,CCCCOCCCC,fb-fit-v3-single-mean-k100,1,0.2910472804044559,0.0514747758946372,0.11538,0.001385
14340,480,dhmix_1595104467389948583,480,EnthalpyOfMixing,<Substance CC(C)CC(C)(C)C{solv}{x=0.700500}|CCCCOCCCC{solv}{x=0.299500}>,CC(C)CC(C)(C)C,CCCCOCCCC,fb-fit-v3-single-mean-k100,1,0.2030331099456646,0.0491254772292477,0.10948,0.00133
14341,481,dens_1672861274914038509,481,Density,<Substance CC(C)CC(C)(C)C{solv}{x=0.399700}|CCCCOCCCC{solv}{x=0.600300}>,CC(C)CC(C)(C)C,CCCCOCCCC,fb-fit-v3-single-mean-k100,1,0.7454631380187471,0.0002081740884806,0.7348100000000001,0.000175
14342,482,dens_1954694146948787176,482,Density,<Substance CC(C)CC(C)(C)C{solv}{x=0.700000}|CCCCOCCCC{solv}{x=0.300000}>,CC(C)CC(C)(C)C,CCCCOCCCC,fb-fit-v3-single-mean-k100,1,0.7313008758458033,0.0001664607319548,0.7117300000000002,0.000185
14343,483,dens_234746850701826990,483,Density,<Substance CC#N{solv}{x=0.700000}|CCCCCO{solv}{x=0.300000}>,CC#N,CCCCCO,fb-fit-v3-single-mean-k100,1,0.7865521947666657,0.0001698675372176,0.7924200000000001,0.000165
14344,484,dens_1261543146081029601,484,Density,<Substance CC#N{solv}{x=0.500300}|CCCCCO{solv}{x=0.499700}>,CC#N,CCCCCO,fb-fit-v3-single-mean-k100,1,0.7995694367656602,0.0002324874351595,0.7996400000000001,0.000185
14345,485,dens_1462197010819319813,485,Density,<Substance CC#N{solv}{x=0.203100}|CCCCCO{solv}{x=0.796900}>,CC#N,CCCCCO,fb-fit-v3-single-mean-k100,1,0.8145855921352639,0.0002168646975607,0.8090600000000001,0.00022
14346,486,dhmix_1595997756227951615,486,EnthalpyOfMixing,<Substance CC#N{solv}{x=0.235500}|CCCCCO{solv}{x=0.764500}>,CC#N,CCCCCO,fb-fit-v3-single-mean-k100,1,1.4891406077612075,0.0382675833125038,1.451,0.006
14347,487,dhmix_1745037615762894827,487,EnthalpyOfMixing,<Substance CC#N{solv}{x=0.516700}|CCCCCO{solv}{x=0.483300}>,CC#N,CCCCCO,fb-fit-v3-single-mean-k100,1,2.094122019148194,0.0400551006470679,2.017,0.008
14348,488,dhmix_2294048253872291609,488,EnthalpyOfMixing,<Substance CC#N{solv}{x=0.771100}|CCCCCO{solv}{x=0.228900}>,CC#N,CCCCCO,fb-fit-v3-single-mean-k100,1,1.674230443610652,0.0321792649219466,1.656,0.007
14349,489,dens_237912652331354824,489,Density,<Substance C1COCCO1{solv}{x=0.512200}|CCCC(C)=O{solv}{x=0.487800}>,C1COCCO1,CCCC(C)=O,fb-fit-v3-single-mean-k100,1,0.9042154603617132,0.0002237511984762,0.90478,0.00023
14350,490,dhmix_951401191616771155,490,EnthalpyOfMixing,<Substance C1COCCO1{solv}{x=0.750000}|CCCC(C)=O{solv}{x=0.250000}>,C1COCCO1,CCCC(C)=O,fb-fit-v3-single-mean-k100,1,0.2862603284911245,0.0430026931645825,0.23761,0.00135
14351,491,dens_1815088975543208186,491,Density,<Substance C1COCCO1{solv}{x=0.225400}|CCCC(C)=O{solv}{x=0.774600}>,C1COCCO1,CCCC(C)=O,fb-fit-v3-single-mean-k100,1,0.8434246135123249,0.0002127559594723,0.8442800000000001,0.00022
14352,492,dens_2079717107234551519,492,Density,<Substance C1COCCO1{solv}{x=0.782300}|CCCC(C)=O{solv}{x=0.217700}>,C1COCCO1,CCCC(C)=O,fb-fit-v3-single-mean-k100,1,0.9671748655911172,0.0002332438409789,0.9692000000000004,0.000245
14353,493,dhmix_2166059870593139530,493,EnthalpyOfMixing,<Substance C1COCCO1{solv}{x=0.500000}|CCCC(C)=O{solv}{x=0.500000}>,C1COCCO1,CCCC(C)=O,fb-fit-v3-single-mean-k100,1,0.1527188254376597,0.0411157645788891,0.26523,0.001455
14354,494,dhmix_2196150660196365471,494,EnthalpyOfMixing,<Substance C1COCCO1{solv}{x=0.250000}|CCCC(C)=O{solv}{x=0.750000}>,C1COCCO1,CCCC(C)=O,fb-fit-v3-single-mean-k100,1,0.1091335054010826,0.0430085801110821,0.1704,0.001085
14355,495,dhmix_243334109655928306,495,EnthalpyOfMixing,<Substance C1CCOCC1{solv}{x=0.783200}|c1ccccc1{solv}{x=0.216800}>,C1CCOCC1,c1ccccc1,fb-fit-v3-single-mean-k100,1,-0.0675158613263278,0.0482960983424117,-0.1399,0.00165
14356,496,dens_257753427541292519,496,Density,<Substance C1CCOCC1{solv}{x=0.479400}|c1ccccc1{solv}{x=0.520600}>,C1CCOCC1,c1ccccc1,fb-fit-v3-single-mean-k100,1,0.8838103274088916,0.0002217964412943,0.8778700000000003,0.000505
14357,497,dhmix_604341867718608333,497,EnthalpyOfMixing,<Substance C1CCOCC1{solv}{x=0.242500}|c1ccccc1{solv}{x=0.757500}>,C1CCOCC1,c1ccccc1,fb-fit-v3-single-mean-k100,1,-0.0376710042958592,0.040775223030986,-0.1608,0.00185
14358,498,dens_791001710124267373,498,Density,<Substance C1CCOCC1{solv}{x=0.223900}|c1ccccc1{solv}{x=0.776100}>,C1CCOCC1,c1ccccc1,fb-fit-v3-single-mean-k100,1,0.8876348748649571,0.0001947585988716,0.8761000000000002,0.0005
14359,499,dens_1402061243325720407,499,Density,<Substance C1CCOCC1{solv}{x=0.743200}|c1ccccc1{solv}{x=0.256800}>,C1CCOCC1,c1ccccc1,fb-fit-v3-single-mean-k100,1,0.8795072339756269,0.0002827795157409,0.8789500000000002,0.000505
14360,500,dhmix_1407142629314355761,500,EnthalpyOfMixing,<Substance C1CCOCC1{solv}{x=0.498200}|c1ccccc1{solv}{x=0.501800}>,C1CCOCC1,c1ccccc1,fb-fit-v3-single-mean-k100,1,-0.067348469995494,0.0427668783423446,-0.2365,0.00265
14361,501,dhmix_266800455813556356,501,EnthalpyOfMixing,<Substance CO{solv}{x=0.727200}|OCc1ccccc1{solv}{x=0.272800}>,CO,OCc1ccccc1,fb-fit-v3-single-mean-k100,1,0.0384623209673371,0.0345128889049779,-0.0792,0.001
14362,502,dhmix_949671607207910651,502,EnthalpyOfMixing,<Substance CO{solv}{x=0.500500}|OCc1ccccc1{solv}{x=0.499500}>,CO,OCc1ccccc1,fb-fit-v3-single-mean-k100,1,0.0301999803379828,0.0399086438595484,-0.1408,0.00165
14363,503,dhmix_1388744759732522219,503,EnthalpyOfMixing,<Substance CO{solv}{x=0.200200}|OCc1ccccc1{solv}{x=0.799800}>,CO,OCc1ccccc1,fb-fit-v3-single-mean-k100,1,0.0263966198049629,0.040507294807158,-0.1081,0.0013
14364,504,dens_270046772857960816,504,Density,<Substance C1CCOCC1{solv}{x=0.732100}|Cc1ccccc1{solv}{x=0.267900}>,C1CCOCC1,Cc1ccccc1,fb-fit-v3-single-mean-k100,1,0.8753612699728912,0.0002300680606422,0.8754100000000001,0.000505
14365,505,dens_324774743687652276,505,Density,<Substance C1CCOCC1{solv}{x=0.238700}|Cc1ccccc1{solv}{x=0.761300}>,C1CCOCC1,Cc1ccccc1,fb-fit-v3-single-mean-k100,1,0.8746911235967694,0.0001599846876752,0.8669900000000003,0.000505
14366,506,dhmix_390107187187002597,506,EnthalpyOfMixing,<Substance C1CCOCC1{solv}{x=0.531900}|Cc1ccccc1{solv}{x=0.468100}>,C1CCOCC1,Cc1ccccc1,fb-fit-v3-single-mean-k100,1,-0.2549339105122499,0.0430392316428499,-0.2225,0.0025
14367,507,dhmix_1070320975529400325,507,EnthalpyOfMixing,<Substance C1CCOCC1{solv}{x=0.280600}|Cc1ccccc1{solv}{x=0.719400}>,C1CCOCC1,Cc1ccccc1,fb-fit-v3-single-mean-k100,1,-0.1876800010513477,0.0425151420154631,-0.1687,0.00195
14368,508,dens_1397318239527979287,508,Density,<Substance C1CCOCC1{solv}{x=0.491500}|Cc1ccccc1{solv}{x=0.508500}>,C1CCOCC1,Cc1ccccc1,fb-fit-v3-single-mean-k100,1,0.8754399926740069,0.0002308102695784,0.8715100000000002,0.000505
14369,509,dhmix_1508130989501940613,509,EnthalpyOfMixing,<Substance C1CCOCC1{solv}{x=0.741300}|Cc1ccccc1{solv}{x=0.258700}>,C1CCOCC1,Cc1ccccc1,fb-fit-v3-single-mean-k100,1,-0.2026431388252803,0.0376005310654949,-0.1629,0.0019
14370,510,dhmix_271732469428717581,510,EnthalpyOfMixing,<Substance COc1ccccc1{solv}{x=0.237400}|OCCCc1ccccc1{solv}{x=0.762600}>,COc1ccccc1,OCCCc1ccccc1,fb-fit-v3-single-mean-k100,1,0.6978114343293385,0.0712475640433674,0.6076,0.0066
14371,511,dhmix_1174392275991455181,511,EnthalpyOfMixing,<Substance COc1ccccc1{solv}{x=0.554700}|OCCCc1ccccc1{solv}{x=0.445300}>,COc1ccccc1,OCCCc1ccccc1,fb-fit-v3-single-mean-k100,1,0.9742551299839874,0.0483186224714392,1.0293,0.01105
14372,512,dhmix_1179341622676685107,512,EnthalpyOfMixing,<Substance COc1ccccc1{solv}{x=0.713600}|OCCCc1ccccc1{solv}{x=0.286400}>,COc1ccccc1,OCCCc1ccccc1,fb-fit-v3-single-mean-k100,1,1.0045968960508844,0.0417307099437058,1.1088,0.0119
14373,513,dens_1468428612899754720,513,Density,<Substance COc1ccccc1{solv}{x=0.747700}|OCCCc1ccccc1{solv}{x=0.252300}>,COc1ccccc1,OCCCc1ccccc1,fb-fit-v3-single-mean-k100,1,0.9811558365379284,0.0002007899326504,0.9827800000000002,0.00026
14374,514,dens_1534619098234859574,514,Density,<Substance COc1ccccc1{solv}{x=0.555100}|OCCCc1ccccc1{solv}{x=0.444900}>,COc1ccccc1,OCCCc1ccccc1,fb-fit-v3-single-mean-k100,1,0.9863229219297344,0.0001922476624271,0.9852700000000002,0.00026
14375,515,dens_2298154173340539222,515,Density,<Substance COc1ccccc1{solv}{x=0.263600}|OCCCc1ccccc1{solv}{x=0.736400}>,COc1ccccc1,OCCCc1ccccc1,fb-fit-v3-single-mean-k100,1,0.9921044448582332,0.0001857279277991,0.9885500000000002,0.00026
14376,516,dens_274848672468745759,516,Density,<Substance CCCCOC(C)=O{solv}{x=0.293400}|c1ccccc1{solv}{x=0.706600}>,CCCCOC(C)=O,c1ccccc1,fb-fit-v3-single-mean-k100,1,0.887063560769996,0.0001545799081379,0.8736600000000002,0.00021
14377,517,dens_493354132810710227,517,Density,<Substance CCCCOC(C)=O{solv}{x=0.710500}|c1ccccc1{solv}{x=0.289500}>,CCCCOC(C)=O,c1ccccc1,fb-fit-v3-single-mean-k100,1,0.8846812735131965,0.0002187678940379,0.8751500000000002,0.000335
14378,518,dhmix_754807126845437364,518,EnthalpyOfMixing,<Substance CCCCOC(C)=O{solv}{x=0.495800}|c1ccccc1{solv}{x=0.504200}>,CCCCOC(C)=O,c1ccccc1,fb-fit-v3-single-mean-k100,1,-0.0389029847359729,0.0417030880560288,-0.0245,0.001
14379,519,dens_834118541551127044,519,Density,<Substance CCCCOC(C)=O{solv}{x=0.504400}|c1ccccc1{solv}{x=0.495600}>,CCCCOC(C)=O,c1ccccc1,fb-fit-v3-single-mean-k100,1,0.8856619397206922,0.0002402278073243,0.8744300000000002,0.000265
14380,520,dhmix_1349932525480083284,520,EnthalpyOfMixing,<Substance CCCCOC(C)=O{solv}{x=0.252300}|c1ccccc1{solv}{x=0.747700}>,CCCCOC(C)=O,c1ccccc1,fb-fit-v3-single-mean-k100,1,-0.0256167631808921,0.042392861749978,-0.014,0.0009
14381,521,dhmix_1597992980658352112,521,EnthalpyOfMixing,<Substance CCCCOC(C)=O{solv}{x=0.771400}|c1ccccc1{solv}{x=0.228600}>,CCCCOC(C)=O,c1ccccc1,fb-fit-v3-single-mean-k100,1,-0.0474920319692646,0.0470067287129221,-0.0245,0.001
14382,522,dens_275501958869207518,522,Density,<Substance C1CCOCC1{solv}{x=0.226300}|Cc1ccccc1Cl{solv}{x=0.773700}>,C1CCOCC1,Cc1ccccc1Cl,fb-fit-v3-single-mean-k100,1,1.0533291193014651,0.0002468183540161,1.0396,0.0005
14383,523,dhmix_818597523255588519,523,EnthalpyOfMixing,<Substance C1CCOCC1{solv}{x=0.753300}|Cc1ccccc1Cl{solv}{x=0.246700}>,C1CCOCC1,Cc1ccccc1Cl,fb-fit-v3-single-mean-k100,1,-0.2669859151768463,0.0386954566009458,-0.154,0.001
14384,524,dhmix_849121557716978550,524,EnthalpyOfMixing,<Substance C1CCOCC1{solv}{x=0.517500}|Cc1ccccc1Cl{solv}{x=0.482500}>,C1CCOCC1,Cc1ccccc1Cl,fb-fit-v3-single-mean-k100,1,-0.3307538032746464,0.0389594496476878,-0.22,0.0015
14385,525,dens_946978292781731327,525,Density,<Substance C1CCOCC1{solv}{x=0.478400}|Cc1ccccc1Cl{solv}{x=0.521600}>,C1CCOCC1,Cc1ccccc1Cl,fb-fit-v3-single-mean-k100,1,1.0018201333725758,0.0002139703495887,0.9931600000000002,0.00051
14386,526,dhmix_997266220336132741,526,EnthalpyOfMixing,<Substance C1CCOCC1{solv}{x=0.263200}|Cc1ccccc1Cl{solv}{x=0.736800}>,C1CCOCC1,Cc1ccccc1Cl,fb-fit-v3-single-mean-k100,1,-0.3649283156484131,0.0348605710082493,-0.175,0.001
14387,527,dens_1191185394819541532,527,Density,<Substance C1CCOCC1{solv}{x=0.765800}|Cc1ccccc1Cl{solv}{x=0.234200}>,C1CCOCC1,Cc1ccccc1Cl,fb-fit-v3-single-mean-k100,1,0.935589722701778,0.0002683046024725,0.9336500000000002,0.000505
14388,528,dhmix_278334692660393021,528,EnthalpyOfMixing,<Substance CCCCCCC{solv}{x=0.205900}|CNc1ccccc1{solv}{x=0.794100}>,CCCCCCC,CNc1ccccc1,fb-fit-v3-single-mean-k100,1,1.7305628553085697,0.0478386424731178,1.126,0.012
14389,529,dens_480658478095207102,529,Density,<Substance CCCCCCC{solv}{x=0.740500}|CNc1ccccc1{solv}{x=0.259500}>,CCCCCCC,CNc1ccccc1,fb-fit-v3-single-mean-k100,1,0.7447238688433789,0.0002015819508407,0.7424910000000001,0.00014
14390,530,dhmix_898293423987680187,530,EnthalpyOfMixing,<Substance CCCCCCC{solv}{x=0.501700}|CNc1ccccc1{solv}{x=0.498300}>,CCCCCCC,CNc1ccccc1,fb-fit-v3-single-mean-k100,1,1.9640836461493905,0.0398669452964105,1.676,0.018
14391,531,dens_1509968737377061562,531,Density,<Substance CCCCCCC{solv}{x=0.250900}|CNc1ccccc1{solv}{x=0.749100}>,CCCCCCC,CNc1ccccc1,fb-fit-v3-single-mean-k100,1,0.898914786948488,0.0001881183775619,0.8897150000000003,0.0002615
14392,532,dhmix_1680546488782143957,532,EnthalpyOfMixing,<Substance CCCCCCC{solv}{x=0.703200}|CNc1ccccc1{solv}{x=0.296800}>,CCCCCCC,CNc1ccccc1,fb-fit-v3-single-mean-k100,1,2.1691576974179867,0.0450792071875874,1.539,0.0165
14393,533,dens_2074014246120135820,533,Density,<Substance CCCCCCC{solv}{x=0.497000}|CNc1ccccc1{solv}{x=0.503000}>,CCCCCCC,CNc1ccccc1,fb-fit-v3-single-mean-k100,1,0.8162976740951822,0.0001918125139404,0.8106920000000002,0.0001785
14394,534,dens_296890921001565391,534,Density,<Substance CCCCN{solv}{x=0.755200}|CN(C)C=O{solv}{x=0.244800}>,CCCCN,CN(C)C=O,fb-fit-v3-single-mean-k100,1,0.7888648941497123,0.0002605062281568,0.7762150000000002,0.000949
14395,535,dens_380536870617309130,535,Density,<Substance CCCCN{solv}{x=0.242800}|CN(C)C=O{solv}{x=0.757200}>,CCCCN,CN(C)C=O,fb-fit-v3-single-mean-k100,1,0.879790966091298,0.0002298816351774,0.8845160000000002,0.0010795
14396,536,dhmix_493117160214491795,536,EnthalpyOfMixing,<Substance CCCCN{solv}{x=0.244100}|CN(C)C=O{solv}{x=0.755900}>,CCCCN,CN(C)C=O,fb-fit-v3-single-mean-k100,1,0.0712943128747056,0.0394893909844828,0.245,0.008
14397,537,dhmix_789225002934078019,537,EnthalpyOfMixing,<Substance CCCCN{solv}{x=0.750200}|CN(C)C=O{solv}{x=0.249800}>,CCCCN,CN(C)C=O,fb-fit-v3-single-mean-k100,1,0.2166501688848967,0.0409719682127614,0.32,0.01
14398,538,dhmix_941321571782058819,538,EnthalpyOfMixing,<Substance CCCCN{solv}{x=0.499200}|CN(C)C=O{solv}{x=0.500800}>,CCCCN,CN(C)C=O,fb-fit-v3-single-mean-k100,1,0.1645861673019055,0.0397406247294703,0.384,0.0115
14399,539,dens_2179361372918836941,539,Density,<Substance CCCCN{solv}{x=0.497200}|CN(C)C=O{solv}{x=0.502800}>,CCCCN,CN(C)C=O,fb-fit-v3-single-mean-k100,1,0.8328467589329939,0.0002172145171586,0.8277360000000001,0.001011
14400,540,dens_300257448272323407,540,Density,<Substance CC(C)O{solv}{x=0.745200}|NCCN{solv}{x=0.254800}>,CC(C)O,NCCN,fb-fit-v3-single-mean-k100,1,0.8451912332145955,0.000288579220563,0.8163970000000003,0.0002325
14401,541,dens_924750366683277351,541,Density,<Substance CC(C)O{solv}{x=0.203100}|NCCN{solv}{x=0.796900}>,CC(C)O,NCCN,fb-fit-v3-single-mean-k100,1,0.9475772862776104,0.0003140637772398,0.8736620000000003,0.0002225
14402,542,dens_2284409308160572308,542,Density,<Substance CC(C)O{solv}{x=0.489100}|NCCN{solv}{x=0.510900}>,CC(C)O,NCCN,fb-fit-v3-single-mean-k100,1,0.8901989954440769,0.0002848876390289,0.8449250000000001,0.0002245
14403,543,dens_305501840068636812,543,Density,<Substance CC(C)=O{solv}{x=0.750000}|CCO{solv}{x=0.250000}>,CC(C)=O,CCO,fb-fit-v3-single-mean-k100,1,0.7887559256479888,0.000295581211105,0.7859000000000002,0.000115
14404,544,dens_472577738907297293,544,Density,<Substance CC(C)=O{solv}{x=0.250000}|CCO{solv}{x=0.750000}>,CC(C)=O,CCO,fb-fit-v3-single-mean-k100,1,0.7887945717774222,0.0003514351863798,0.7861600000000002,0.000115
14405,545,dens_2271083741716457850,545,Density,<Substance CC(C)=O{solv}{x=0.499900}|CCO{solv}{x=0.500100}>,CC(C)=O,CCO,fb-fit-v3-single-mean-k100,1,0.7875069508807943,0.0003188919551086,0.7861900000000003,0.000115
14406,546,dens_307445163336341047,546,Density,<Substance CN1CCCC1=O{solv}{x=0.703700}|ClCCCl{solv}{x=0.296300}>,CN1CCCC1=O,ClCCCl,fb-fit-v3-single-mean-k100,1,1.0785287530967644,0.0002412934906464,1.0851000000000002,0.0002
14407,547,dhmix_453866769634566853,547,EnthalpyOfMixing,<Substance CN1CCCC1=O{solv}{x=0.253100}|ClCCCl{solv}{x=0.746900}>,CN1CCCC1=O,ClCCCl,fb-fit-v3-single-mean-k100,1,-0.405249588979645,0.0277020918717681,-0.8118,0.01525
14408,548,dhmix_536206650470008584,548,EnthalpyOfMixing,<Substance CN1CCCC1=O{solv}{x=0.500000}|ClCCCl{solv}{x=0.500000}>,CN1CCCC1=O,ClCCCl,fb-fit-v3-single-mean-k100,1,-0.4937433060407077,0.035427812579012,-1.264,0.0055
14409,549,dens_1046625605566999080,549,Density,<Substance CN1CCCC1=O{solv}{x=0.202500}|ClCCCl{solv}{x=0.797500}>,CN1CCCC1=O,ClCCCl,fb-fit-v3-single-mean-k100,1,1.1911466925183052,0.0003625520395351,1.1953000000000005,0.00025
14410,550,dhmix_1620571823529677157,550,EnthalpyOfMixing,<Substance CN1CCCC1=O{solv}{x=0.736700}|ClCCCl{solv}{x=0.263300}>,CN1CCCC1=O,ClCCCl,fb-fit-v3-single-mean-k100,1,-0.3562782930567483,0.036344336393077,-0.8587,0.01605
14411,551,dens_2059567022041766694,551,Density,<Substance CN1CCCC1=O{solv}{x=0.497500}|ClCCCl{solv}{x=0.502500}>,CN1CCCC1=O,ClCCCl,fb-fit-v3-single-mean-k100,1,1.1261500127198147,0.0003065132041548,1.1283000000000003,0.0002
14412,552,dens_313234519309892479,552,Density,<Substance CC(=O)N(C)C{solv}{x=0.293800}|CCCCCCCCCl{solv}{x=0.706200}>,CC(=O)N(C)C,CCCCCCCCCl,fb-fit-v3-single-mean-k100,1,0.8796234710961424,0.000173696439776,0.8796000000000003,0.00045
14413,553,dhmix_444785917463403590,553,EnthalpyOfMixing,<Substance CC(=O)N(C)C{solv}{x=0.703000}|CCCCCCCCCl{solv}{x=0.297000}>,CC(=O)N(C)C,CCCCCCCCCl,fb-fit-v3-single-mean-k100,1,0.9713033789052404,0.0452516899265732,0.751,0.004
14414,554,dhmix_705168937124106402,554,EnthalpyOfMixing,<Substance CC(=O)N(C)C{solv}{x=0.215000}|CCCCCCCCCl{solv}{x=0.785000}>,CC(=O)N(C)C,CCCCCCCCCl,fb-fit-v3-single-mean-k100,1,0.7262538928228679,0.0521901920396325,0.519,0.0035
14415,555,dens_1549584991651515376,555,Density,<Substance CC(=O)N(C)C{solv}{x=0.502200}|CCCCCCCCCl{solv}{x=0.497800}>,CC(=O)N(C)C,CCCCCCCCCl,fb-fit-v3-single-mean-k100,1,0.8854363599738192,0.00014716977699,0.8902000000000002,0.0004
14416,556,dhmix_1732161251827083272,556,EnthalpyOfMixing,<Substance CC(=O)N(C)C{solv}{x=0.508000}|CCCCCCCCCl{solv}{x=0.492000}>,CC(=O)N(C)C,CCCCCCCCCl,fb-fit-v3-single-mean-k100,1,1.0121539906523225,0.0435911347962413,0.829,0.004
14417,557,dens_2189889607118243828,557,Density,<Substance CC(=O)N(C)C{solv}{x=0.700500}|CCCCCCCCCl{solv}{x=0.299500}>,CC(=O)N(C)C,CCCCCCCCCl,fb-fit-v3-single-mean-k100,1,0.8926751010508986,0.0002231632659777,0.9041000000000002,0.00035
14418,558,dens_314482396827660717,558,Density,<Substance BrCCBr{solv}{x=0.753700}|COC(C)=O{solv}{x=0.246300}>,BrCCBr,COC(C)=O,fb-fit-v3-single-mean-k100,1,1.8448145880247389,0.0006128399068195,1.8774400000000004,0.003355
14419,559,dens_344993892965738820,559,Density,<Substance BrCCBr{solv}{x=0.275200}|COC(C)=O{solv}{x=0.724800}>,BrCCBr,COC(C)=O,fb-fit-v3-single-mean-k100,1,1.2818780461349466,0.000392907760614,1.2862400000000005,0.001125
14420,560,dhmix_545996968666061076,560,EnthalpyOfMixing,<Substance BrCCBr{solv}{x=0.720900}|COC(C)=O{solv}{x=0.279100}>,BrCCBr,COC(C)=O,fb-fit-v3-single-mean-k100,1,0.248533820274833,0.0340693872682048,0.2594,0.0028
14421,561,dens_714044009336077786,561,Density,<Substance BrCCBr{solv}{x=0.512100}|COC(C)=O{solv}{x=0.487900}>,BrCCBr,COC(C)=O,fb-fit-v3-single-mean-k100,1,1.5687483217980345,0.0004736358384506,1.5834900000000005,0.0021
14422,562,dhmix_1222511035002547253,562,EnthalpyOfMixing,<Substance BrCCBr{solv}{x=0.485500}|COC(C)=O{solv}{x=0.514500}>,BrCCBr,COC(C)=O,fb-fit-v3-single-mean-k100,1,0.2044285865702519,0.0334028211071203,0.2577,0.00275
14423,563,dhmix_1418101673429653456,563,EnthalpyOfMixing,<Substance BrCCBr{solv}{x=0.250800}|COC(C)=O{solv}{x=0.749200}>,BrCCBr,COC(C)=O,fb-fit-v3-single-mean-k100,1,0.1103470144334792,0.0365445132070086,0.1202,0.0017
14424,564,dens_314934747194338330,564,Density,<Substance CC(C)CCl{solv}{x=0.513700}|CC(C)OC(C)C{solv}{x=0.486300}>,CC(C)CCl,CC(C)OC(C)C,fb-fit-v3-single-mean-k100,1,0.797724300684845,0.0003027743836159,0.7878250000000002,0.000405
14425,565,dhmix_355399496844187096,565,EnthalpyOfMixing,<Substance CC(C)CCl{solv}{x=0.545300}|CC(C)OC(C)C{solv}{x=0.454700}>,CC(C)CCl,CC(C)OC(C)C,fb-fit-v3-single-mean-k100,1,-0.150003807604854,0.0395769387690543,-0.0957,0.0012
14426,566,dens_688062365117407068,566,Density,<Substance CC(C)CCl{solv}{x=0.805900}|CC(C)OC(C)C{solv}{x=0.194100}>,CC(C)CCl,CC(C)OC(C)C,fb-fit-v3-single-mean-k100,1,0.8414513677061093,0.0002961560225941,0.8355300000000002,0.0003555
14427,567,dhmix_1411881046585885461,567,EnthalpyOfMixing,<Substance CC(C)CCl{solv}{x=0.090700}|CC(C)OC(C)C{solv}{x=0.909300}>,CC(C)CCl,CC(C)OC(C)C,fb-fit-v3-single-mean-k100,1,-0.008800865904778,0.049826785063472,-0.0302,0.00055
14428,568,dens_1762455266351712367,568,Density,<Substance CC(C)CCl{solv}{x=0.091000}|CC(C)OC(C)C{solv}{x=0.909000}>,CC(C)CCl,CC(C)OC(C)C,fb-fit-v3-single-mean-k100,1,0.7446436805385713,0.0002049944368416,0.7293950000000001,0.000464
14429,569,dhmix_2302865667781063708,569,EnthalpyOfMixing,<Substance CC(C)CCl{solv}{x=0.727000}|CC(C)OC(C)C{solv}{x=0.273000}>,CC(C)CCl,CC(C)OC(C)C,fb-fit-v3-single-mean-k100,1,-0.0811711179628176,0.0410156510403985,-0.0791,0.001
14430,570,dens_321327254341950207,570,Density,<Substance C1COCCO1{solv}{x=0.780300}|CCCCCC(C)=O{solv}{x=0.219700}>,C1COCCO1,CCCCCC(C)=O,fb-fit-v3-single-mean-k100,1,0.9579495418318152,0.000219267367689,0.9576500000000002,0.0003
14431,571,dens_377701756930918353,571,Density,<Substance C1COCCO1{solv}{x=0.500600}|CCCCCC(C)=O{solv}{x=0.499400}>,C1COCCO1,CCCCCC(C)=O,fb-fit-v3-single-mean-k100,1,0.8937219730027762,0.0001930760438337,0.8916700000000002,0.000345
14432,572,dhmix_600625644134907580,572,EnthalpyOfMixing,<Substance C1COCCO1{solv}{x=0.500000}|CCCCCC(C)=O{solv}{x=0.500000}>,C1COCCO1,CCCCCC(C)=O,fb-fit-v3-single-mean-k100,1,0.5389046551458136,0.0423849782466163,0.4509,0.002255
14433,573,dens_1451069448215305244,573,Density,<Substance C1COCCO1{solv}{x=0.220300}|CCCCCC(C)=O{solv}{x=0.779700}>,C1COCCO1,CCCCCC(C)=O,fb-fit-v3-single-mean-k100,1,0.8451327713046278,0.0001954533530936,0.8420800000000003,0.000385
14434,574,dhmix_2028813035406256788,574,EnthalpyOfMixing,<Substance C1COCCO1{solv}{x=0.750000}|CCCCCC(C)=O{solv}{x=0.250000}>,C1COCCO1,CCCCCC(C)=O,fb-fit-v3-single-mean-k100,1,0.4108562119072161,0.0415501699169325,0.4064,0.00209
14435,575,dhmix_2222211577832383320,575,EnthalpyOfMixing,<Substance C1COCCO1{solv}{x=0.250000}|CCCCCC(C)=O{solv}{x=0.750000}>,C1COCCO1,CCCCCC(C)=O,fb-fit-v3-single-mean-k100,1,0.3212609703446532,0.0472439357050377,0.2911,0.00164
14436,576,dhmix_325212618372456630,576,EnthalpyOfMixing,<Substance CCCCCCC{solv}{x=0.500000}|c1ccccc1{solv}{x=0.500000}>,CCCCCCC,c1ccccc1,fb-fit-v3-single-mean-k100,1,1.2859656041660088,0.0407210184095396,0.9235,0.0051
14437,577,dhmix_409350268177199962,577,EnthalpyOfMixing,<Substance CCCCCCC{solv}{x=0.751900}|c1ccccc1{solv}{x=0.248100}>,CCCCCCC,c1ccccc1,fb-fit-v3-single-mean-k100,1,0.7917338419388074,0.0473499211501737,0.6047,0.0035
14438,578,dens_1685942387769177799,578,Density,<Substance CCCCCCC{solv}{x=0.913667}|c1ccccc1{solv}{x=0.086333}>,CCCCCCC,c1ccccc1,fb-fit-v3-single-mean-k100,1,0.6911027720637393,0.0001850957982629,0.6892400000000002,0.000805
14439,579,dens_2148382258223830900,579,Density,<Substance CCCCCCC{solv}{x=0.273700}|c1ccccc1{solv}{x=0.726300}>,CCCCCCC,c1ccccc1,fb-fit-v3-single-mean-k100,1,0.7968952450424551,0.0002376857496049,0.7855000000000002,0.00015
14440,580,dens_2219829254239605828,580,Density,<Substance CCCCCCC{solv}{x=0.492200}|c1ccccc1{solv}{x=0.507800}>,CCCCCCC,c1ccccc1,fb-fit-v3-single-mean-k100,1,0.7481818503526944,0.0002260003873084,0.7409000000000001,0.00015
14441,581,dhmix_2296565820723783732,581,EnthalpyOfMixing,<Substance CCCCCCC{solv}{x=0.242400}|c1ccccc1{solv}{x=0.757600}>,CCCCCCC,c1ccccc1,fb-fit-v3-single-mean-k100,1,1.1627799501495986,0.0402190700041295,0.7775,0.0044
14442,582,dens_326446104630354701,582,Density,<Substance BrCCBr{solv}{x=0.728600}|CCC(=O)OC{solv}{x=0.271400}>,BrCCBr,CCC(=O)OC,fb-fit-v3-single-mean-k100,1,1.76317008047327,0.0004612185394998,1.7949900000000003,0.00303
14443,583,dens_886315086380393150,583,Density,<Substance BrCCBr{solv}{x=0.494400}|CCC(=O)OC{solv}{x=0.505600}>,BrCCBr,CCC(=O)OC,fb-fit-v3-single-mean-k100,1,1.4783211783513983,0.0004770535673134,1.4941800000000005,0.001825
14444,584,dhmix_1410129135672303476,584,EnthalpyOfMixing,<Substance BrCCBr{solv}{x=0.491400}|CCC(=O)OC{solv}{x=0.508600}>,BrCCBr,CCC(=O)OC,fb-fit-v3-single-mean-k100,1,-0.1891793820824294,0.0389238311142762,0.0195,0.00185
14445,585,dhmix_1551714230583118668,585,EnthalpyOfMixing,<Substance BrCCBr{solv}{x=0.755400}|CCC(=O)OC{solv}{x=0.244600}>,BrCCBr,CCC(=O)OC,fb-fit-v3-single-mean-k100,1,0.0099795011273489,0.0325062729483824,0.09,0.00295
14446,586,dhmix_1596310059176209101,586,EnthalpyOfMixing,<Substance BrCCBr{solv}{x=0.214800}|CCC(=O)OC{solv}{x=0.785200}>,BrCCBr,CCC(=O)OC,fb-fit-v3-single-mean-k100,1,-0.0325643752601282,0.0370306907039118,-0.0281,0.002
14447,587,dens_1860027304017736150,587,Density,<Substance BrCCBr{solv}{x=0.257000}|CCC(=O)OC{solv}{x=0.743000}>,BrCCBr,CCC(=O)OC,fb-fit-v3-single-mean-k100,1,1.1991581764183694,0.0003486429482414,1.2059400000000002,0.000915
14448,588,dhmix_334328961632702336,588,EnthalpyOfMixing,<Substance Cc1ccccc1N{solv}{x=0.492600}|Cc1cccnc1{solv}{x=0.507400}>,Cc1ccccc1N,Cc1cccnc1,fb-fit-v3-single-mean-k100,1,-1.5107220765048543,0.0369626682684484,-1.4091,0.0287
14449,589,dhmix_382843935535082222,589,EnthalpyOfMixing,<Substance Cc1ccccc1N{solv}{x=0.232300}|Cc1cccnc1{solv}{x=0.767700}>,Cc1ccccc1N,Cc1cccnc1,fb-fit-v3-single-mean-k100,1,-1.1619100160763978,0.0448847078833898,-1.1196,0.02285
14450,590,dens_890019852111400701,590,Density,<Substance Cc1ccccc1N{solv}{x=0.533600}|Cc1cccnc1{solv}{x=0.466400}>,Cc1ccccc1N,Cc1cccnc1,fb-fit-v3-single-mean-k100,1,0.9923904454160084,0.0002191808327585,0.9795770000000004,0.0001185
14451,591,dens_1033313642915027277,591,Density,<Substance Cc1ccccc1N{solv}{x=0.737200}|Cc1cccnc1{solv}{x=0.262800}>,Cc1ccccc1N,Cc1cccnc1,fb-fit-v3-single-mean-k100,1,1.0057761956650155,0.0002593581234908,0.9867010000000004,0.000118
14452,592,dhmix_1057104304179164775,592,EnthalpyOfMixing,<Substance Cc1ccccc1N{solv}{x=0.778900}|Cc1cccnc1{solv}{x=0.221100}>,Cc1ccccc1N,Cc1cccnc1,fb-fit-v3-single-mean-k100,1,-0.886616790863143,0.050358702066734,-0.8735,0.01785
14453,593,dens_1445313714023685702,593,Density,<Substance Cc1ccccc1N{solv}{x=0.246700}|Cc1cccnc1{solv}{x=0.753300}>,Cc1ccccc1N,Cc1cccnc1,fb-fit-v3-single-mean-k100,1,0.9721607415917428,0.0001595663413483,0.9668750000000004,0.00012
14454,594,dens_335631113096608920,594,Density,<Substance CCC(C)=O{solv}{x=0.501800}|CCCCNCCCC{solv}{x=0.498200}>,CCC(C)=O,CCCCNCCCC,fb-fit-v3-single-mean-k100,1,0.7758030705455538,0.0001997483403854,0.7693960000000002,9.950000000000003e-05
14455,595,dhmix_551451232292287572,595,EnthalpyOfMixing,<Substance CCC(C)=O{solv}{x=0.215400}|CCCCNCCCC{solv}{x=0.784600}>,CCC(C)=O,CCCCNCCCC,fb-fit-v3-single-mean-k100,1,-0.0201756220586162,0.0582042367463669,0.417,0.0045
14456,596,dens_800787154192710377,596,Density,<Substance CCC(C)=O{solv}{x=0.260300}|CCCCNCCCC{solv}{x=0.739700}>,CCC(C)=O,CCCCNCCCC,fb-fit-v3-single-mean-k100,1,0.7701658122019786,0.0001819045153204,0.7614750000000002,0.0001005
14457,597,dhmix_1210431916849512476,597,EnthalpyOfMixing,<Substance CCC(C)=O{solv}{x=0.504400}|CCCCNCCCC{solv}{x=0.495600}>,CCC(C)=O,CCCCNCCCC,fb-fit-v3-single-mean-k100,1,0.1445347839580222,0.0469441767421632,0.619,0.0065
14458,598,dhmix_1503682496766473076,598,EnthalpyOfMixing,<Substance CCC(C)=O{solv}{x=0.792200}|CCCCNCCCC{solv}{x=0.207800}>,CCC(C)=O,CCCCNCCCC,fb-fit-v3-single-mean-k100,1,0.115461834841124,0.0363732357637016,0.425,0.0045
14459,599,dens_2232561341275312196,599,Density,<Substance CCC(C)=O{solv}{x=0.747300}|CCCCNCCCC{solv}{x=0.252700}>,CCC(C)=O,CCCCNCCCC,fb-fit-v3-single-mean-k100,1,0.7832647326225046,0.0002476346747665,0.7810500000000001,9.750000000000004e-05
14460,600,dhmix_335934546122425398,600,EnthalpyOfMixing,<Substance C1CCOCC1{solv}{x=0.550000}|O=C1CCCC1{solv}{x=0.450000}>,C1CCOCC1,O=C1CCCC1,fb-fit-v3-single-mean-k100,1,0.0974906648021445,0.038767026428602,0.15813,0.001
14461,601,dhmix_337659115721770978,601,EnthalpyOfMixing,<Substance C1CCOCC1{solv}{x=0.250000}|O=C1CCCC1{solv}{x=0.750000}>,C1CCOCC1,O=C1CCCC1,fb-fit-v3-single-mean-k100,1,0.1141197699018548,0.0409339865324477,0.11325,0.00084
14462,602,dens_579415285212890284,602,Density,<Substance C1CCOCC1{solv}{x=0.708000}|O=C1CCCC1{solv}{x=0.292000}>,C1CCOCC1,O=C1CCCC1,fb-fit-v3-single-mean-k100,1,0.8933905526919712,0.000246667288365,0.8972200000000002,0.00023
14463,603,dens_788777315764582180,603,Density,<Substance C1CCOCC1{solv}{x=0.549800}|O=C1CCCC1{solv}{x=0.450200}>,C1CCOCC1,O=C1CCCC1,fb-fit-v3-single-mean-k100,1,0.903027269425506,0.0002444605448678,0.9073000000000002,0.000235
14464,604,dens_1539654406736576807,604,Density,<Substance C1CCOCC1{solv}{x=0.235400}|O=C1CCCC1{solv}{x=0.764600}>,C1CCOCC1,O=C1CCCC1,fb-fit-v3-single-mean-k100,1,0.9232172276799048,0.0002403414275244,0.9281000000000004,0.00024
14465,605,dhmix_1706969020375394315,605,EnthalpyOfMixing,<Substance C1CCOCC1{solv}{x=0.750000}|O=C1CCCC1{solv}{x=0.250000}>,C1CCOCC1,O=C1CCCC1,fb-fit-v3-single-mean-k100,1,0.0775630784858663,0.0449605210505212,0.12811,0.000895
14466,606,dens_337077748334497354,606,Density,<Substance CN1CCCCC1{solv}{x=0.245200}|O{solv}{x=0.754800}>,CN1CCCCC1,O,fb-fit-v3-single-mean-k100,1,0.9022897418116756,0.0003420369585257,0.9038110000000004,9.700000000000004e-05
14467,607,dens_1619467922469494964,607,Density,<Substance CN1CCCCC1{solv}{x=0.790700}|O{solv}{x=0.209300}>,CN1CCCCC1,O,fb-fit-v3-single-mean-k100,1,0.8578228178557522,0.0001922981850072,0.8260470000000002,0.000108
14468,608,dens_1725290505257505407,608,Density,<Substance CN1CCCCC1{solv}{x=0.505000}|O{solv}{x=0.495000}>,CN1CCCCC1,O,fb-fit-v3-single-mean-k100,1,0.875281999512893,0.0002539700603298,0.8581580000000002,9.450000000000002e-05
14469,609,dhmix_344305070199657817,609,EnthalpyOfMixing,<Substance CC(C)CC(C)(C)C{solv}{x=0.200300}|CCCO{solv}{x=0.799700}>,CC(C)CC(C)(C)C,CCCO,fb-fit-v3-single-mean-k100,1,0.2331781020886225,0.0414665554350938,0.308,0.0055
14470,610,dens_1020839744665732433,610,Density,<Substance CC(C)CC(C)(C)C{solv}{x=0.200100}|CCCO{solv}{x=0.799900}>,CC(C)CC(C)(C)C,CCCO,fb-fit-v3-single-mean-k100,1,0.7714596190376807,0.0002103478472824,0.7589500000000002,0.00029
14471,611,dens_1348847431810734601,611,Density,<Substance CC(C)CC(C)(C)C{solv}{x=0.700000}|CCCO{solv}{x=0.300000}>,CC(C)CC(C)(C)C,CCCO,fb-fit-v3-single-mean-k100,1,0.72988400900479,0.0002220380866572,0.7046500000000001,0.00028
14472,612,dhmix_1376194238727172922,612,EnthalpyOfMixing,<Substance CC(C)CC(C)(C)C{solv}{x=0.499800}|CCCO{solv}{x=0.500200}>,CC(C)CC(C)(C)C,CCCO,fb-fit-v3-single-mean-k100,1,0.6231558981061909,0.0424213898505794,0.6025,0.0027
14473,613,dhmix_1868873434415785592,613,EnthalpyOfMixing,<Substance CC(C)CC(C)(C)C{solv}{x=0.699900}|CCCO{solv}{x=0.300100}>,CC(C)CC(C)(C)C,CCCO,fb-fit-v3-single-mean-k100,1,0.6154906389213863,0.0487491818158788,0.6544,0.0029
14474,614,dens_1870552320710773195,614,Density,<Substance CC(C)CC(C)(C)C{solv}{x=0.500000}|CCCO{solv}{x=0.500000}>,CC(C)CC(C)(C)C,CCCO,fb-fit-v3-single-mean-k100,1,0.7428393528301865,0.0002160740522065,0.7214400000000002,0.00028
14475,615,dens_344701479262570906,615,Density,<Substance C1CCOCC1{solv}{x=0.246100}|Cc1cccnc1{solv}{x=0.753900}>,C1CCOCC1,Cc1cccnc1,fb-fit-v3-single-mean-k100,1,0.9337114417256176,0.0001661684931299,0.9348570000000002,0.0004915
14476,616,dhmix_772935681699310364,616,EnthalpyOfMixing,<Substance C1CCOCC1{solv}{x=0.480300}|Cc1cccnc1{solv}{x=0.519700}>,C1CCOCC1,Cc1cccnc1,fb-fit-v3-single-mean-k100,1,0.050551737700438,0.0462521694159814,0.1271,0.00115
14477,617,dens_1179184695460672925,617,Density,<Substance C1CCOCC1{solv}{x=0.756800}|Cc1cccnc1{solv}{x=0.243200}>,C1CCOCC1,Cc1cccnc1,fb-fit-v3-single-mean-k100,1,0.8947849272644929,0.0002352603079195,0.8976640000000002,0.0004655
14478,618,dens_1273033541520518804,618,Density,<Substance C1CCOCC1{solv}{x=0.482700}|Cc1cccnc1{solv}{x=0.517300}>,C1CCOCC1,Cc1cccnc1,fb-fit-v3-single-mean-k100,1,0.9161011036604636,0.0001560482778871,0.9179640000000002,0.00048
14479,619,dhmix_1594947441282636711,619,EnthalpyOfMixing,<Substance C1CCOCC1{solv}{x=0.735500}|Cc1cccnc1{solv}{x=0.264500}>,C1CCOCC1,Cc1cccnc1,fb-fit-v3-single-mean-k100,1,-0.0101826585607582,0.0435351406335433,0.0924,0.00095
14480,620,dhmix_2075643137470349800,620,EnthalpyOfMixing,<Substance C1CCOCC1{solv}{x=0.273200}|Cc1cccnc1{solv}{x=0.726800}>,C1CCOCC1,Cc1cccnc1,fb-fit-v3-single-mean-k100,1,0.0108263720699142,0.0326746711339906,0.1036,0.001
14481,621,dhmix_346841872844739570,621,EnthalpyOfMixing,<Substance CC#N{solv}{x=0.700700}|CCOC(C)(C)C{solv}{x=0.299300}>,CC#N,CCOC(C)(C)C,fb-fit-v3-single-mean-k100,1,0.208885861406145,0.0326044901567166,0.6176,0.0084
14482,622,dhmix_840136828933604757,622,EnthalpyOfMixing,<Substance CC#N{solv}{x=0.199000}|CCOC(C)(C)C{solv}{x=0.801000}>,CC#N,CCOC(C)(C)C,fb-fit-v3-single-mean-k100,1,0.1717321064375507,0.0424470523680611,0.4418,0.006
14483,623,dhmix_1934525864391020215,623,EnthalpyOfMixing,<Substance CC#N{solv}{x=0.501600}|CCOC(C)(C)C{solv}{x=0.498400}>,CC#N,CCOC(C)(C)C,fb-fit-v3-single-mean-k100,1,0.2087168777564629,0.031400337309888,0.7098,0.00965
14484,624,dens_1954735606040559695,624,Density,<Substance CC#N{solv}{x=0.700700}|CCOC(C)(C)C{solv}{x=0.299300}>,CC#N,CCOC(C)(C)C,fb-fit-v3-single-mean-k100,1,0.7551228326742484,0.0002717742908334,0.7595000000000002,0.00045
14485,625,dens_2173310521496796694,625,Density,<Substance CC#N{solv}{x=0.501600}|CCOC(C)(C)C{solv}{x=0.498400}>,CC#N,CCOC(C)(C)C,fb-fit-v3-single-mean-k100,1,0.7543192088707464,0.0002549523628242,0.7510000000000002,0.00035
14486,626,dens_2235331649530959984,626,Density,<Substance CC#N{solv}{x=0.199000}|CCOC(C)(C)C{solv}{x=0.801000}>,CC#N,CCOC(C)(C)C,fb-fit-v3-single-mean-k100,1,0.7506301949535812,0.0002281836693963,0.7408000000000001,0.00015
14487,627,dhmix_355078149157572999,627,EnthalpyOfMixing,<Substance OCCOCCO{solv}{x=0.790600}|O{solv}{x=0.209400}>,O,OCCOCCO,fb-fit-v3-single-mean-k100,1,-0.6405926508289923,0.0615780948292101,-0.521,0.003
14488,628,dhmix_514261244195159379,628,EnthalpyOfMixing,<Substance OCCOCCO{solv}{x=0.300400}|O{solv}{x=0.699600}>,O,OCCOCCO,fb-fit-v3-single-mean-k100,1,-0.957581114237243,0.0284986114611771,-1.245,0.0065
14489,629,dhmix_1512634639127890343,629,EnthalpyOfMixing,<Substance OCCOCCO{solv}{x=0.501000}|O{solv}{x=0.499000}>,O,OCCOCCO,fb-fit-v3-single-mean-k100,1,-0.9402921005046778,0.0368015060251086,-1.149,0.0065
14490,630,dens_1532732041743097130,630,Density,<Substance OCCOCCO{solv}{x=0.500600}|O{solv}{x=0.499400}>,O,OCCOCCO,fb-fit-v3-single-mean-k100,1,1.1121414596101065,0.0004774227644628,1.1070700000000002,0.00026
14491,631,dens_1948924545926470959,631,Density,<Substance OCCOCCO{solv}{x=0.700300}|O{solv}{x=0.299700}>,O,OCCOCCO,fb-fit-v3-single-mean-k100,1,1.1200352970720548,0.0006111561358614,1.1111900000000003,0.000285
14492,632,dens_2114974877291939954,632,Density,<Substance OCCOCCO{solv}{x=0.301000}|O{solv}{x=0.699000}>,O,OCCOCCO,fb-fit-v3-single-mean-k100,1,1.0936655568987848,0.0003266867715853,1.0958900000000005,0.000305
14493,633,dhmix_355690558520209737,633,EnthalpyOfMixing,<Substance CC(C)CC(C)(C)C{solv}{x=0.774800}|CC(C)OC(C)C{solv}{x=0.225200}>,CC(C)CC(C)(C)C,CC(C)OC(C)C,fb-fit-v3-single-mean-k100,1,0.3601408009048725,0.0543577867121473,0.132161,0.001556
14494,634,dens_706481868145479619,634,Density,<Substance CC(C)CC(C)(C)C{solv}{x=0.250000}|CC(C)OC(C)C{solv}{x=0.750000}>,CC(C)CC(C)(C)C,CC(C)OC(C)C,fb-fit-v3-single-mean-k100,1,0.7283459635799159,0.000207529999282,0.7090800000000002,0.000155
14495,635,dens_960755156711549154,635,Density,<Substance CC(C)CC(C)(C)C{solv}{x=0.750000}|CC(C)OC(C)C{solv}{x=0.250000}>,CC(C)CC(C)(C)C,CC(C)OC(C)C,fb-fit-v3-single-mean-k100,1,0.719986986765025,0.0001865273532154,0.6937500000000002,0.000155
14496,636,dens_1165117582450092341,636,Density,<Substance CC(C)CC(C)(C)C{solv}{x=0.500900}|CC(C)OC(C)C{solv}{x=0.499100}>,CC(C)CC(C)(C)C,CC(C)OC(C)C,fb-fit-v3-single-mean-k100,1,0.7238934059427271,0.0001649516015703,0.7005900000000002,0.000105
14497,637,dhmix_1819714300540494359,637,EnthalpyOfMixing,<Substance CC(C)CC(C)(C)C{solv}{x=0.512500}|CC(C)OC(C)C{solv}{x=0.487500}>,CC(C)CC(C)(C)C,CC(C)OC(C)C,fb-fit-v3-single-mean-k100,1,0.2556054171672599,0.0460037738410892,0.197047,0.002233
14498,638,dhmix_2031984064821599856,638,EnthalpyOfMixing,<Substance CC(C)CC(C)(C)C{solv}{x=0.269300}|CC(C)OC(C)C{solv}{x=0.730700}>,CC(C)CC(C)(C)C,CC(C)OC(C)C,fb-fit-v3-single-mean-k100,1,0.3314058053930537,0.0510378014497319,0.158983,0.0018345
14499,639,dens_357198687829738077,639,Density,<Substance C1CCOCC1{solv}{x=0.223500}|CCCCCC(C)=O{solv}{x=0.776500}>,C1CCOCC1,CCCCCC(C)=O,fb-fit-v3-single-mean-k100,1,0.8243698247383842,0.0001997629691091,0.8221200000000002,0.000375
14500,640,dens_1074719884132299485,640,Density,<Substance C1CCOCC1{solv}{x=0.516600}|CCCCCC(C)=O{solv}{x=0.483400}>,C1CCOCC1,CCCCCC(C)=O,fb-fit-v3-single-mean-k100,1,0.8396476268324415,0.0001584654912411,0.8396100000000002,0.00032
14501,641,dens_1427208283653313137,641,Density,<Substance C1CCOCC1{solv}{x=0.710100}|CCCCCC(C)=O{solv}{x=0.289900}>,C1CCOCC1,CCCCCC(C)=O,fb-fit-v3-single-mean-k100,1,0.8519436633926476,0.0002009615665214,0.8534200000000002,0.000285
14502,642,dhmix_1485904869507380555,642,EnthalpyOfMixing,<Substance C1CCOCC1{solv}{x=0.500000}|CCCCCC(C)=O{solv}{x=0.500000}>,C1CCOCC1,CCCCCC(C)=O,fb-fit-v3-single-mean-k100,1,0.1685580241407223,0.0486751284045483,0.05773,0.000615
14503,643,dhmix_1931504734279468677,643,EnthalpyOfMixing,<Substance C1CCOCC1{solv}{x=0.250000}|CCCCCC(C)=O{solv}{x=0.750000}>,C1CCOCC1,CCCCCC(C)=O,fb-fit-v3-single-mean-k100,1,0.1375945284919382,0.0456337698647338,0.03429,0.00053
14504,644,dhmix_2296263041755700053,644,EnthalpyOfMixing,<Substance C1CCOCC1{solv}{x=0.750000}|CCCCCC(C)=O{solv}{x=0.250000}>,C1CCOCC1,CCCCCC(C)=O,fb-fit-v3-single-mean-k100,1,0.140042387927977,0.0405738707117037,0.05587,0.00061
14505,645,dhmix_357499987240135169,645,EnthalpyOfMixing,<Substance CCCCC{solv}{x=0.772700}|CCCCOC=O{solv}{x=0.227300}>,CCCCC,CCCCOC=O,fb-fit-v3-single-mean-k100,1,1.2616733485203468,0.035602143727225,0.87,0.004
14506,646,dens_435201289177646286,646,Density,<Substance CCCCC{solv}{x=0.504200}|CCCCOC=O{solv}{x=0.495800}>,CCCCC,CCCCOC=O,fb-fit-v3-single-mean-k100,1,0.7581014456133138,0.0002360203726482,0.7523000000000001,0.00024
14507,647,dens_635752291929824010,647,Density,<Substance CCCCC{solv}{x=0.699000}|CCCCOC=O{solv}{x=0.301000}>,CCCCC,CCCCOC=O,fb-fit-v3-single-mean-k100,1,0.7016276480884854,0.0002270417685085,0.6994600000000002,0.00018
14508,648,dhmix_869493303716364153,648,EnthalpyOfMixing,<Substance CCCCC{solv}{x=0.490500}|CCCCOC=O{solv}{x=0.509500}>,CCCCC,CCCCOC=O,fb-fit-v3-single-mean-k100,1,1.2711270644557544,0.0432830495605301,0.959,0.004
14509,649,dhmix_1188548276416925178,649,EnthalpyOfMixing,<Substance CCCCC{solv}{x=0.246000}|CCCCOC=O{solv}{x=0.754000}>,CCCCC,CCCCOC=O,fb-fit-v3-single-mean-k100,1,0.8459943166730923,0.0468499186000819,0.632,0.003
14510,650,dens_1944800378076074966,650,Density,<Substance CCCCC{solv}{x=0.247100}|CCCCOC=O{solv}{x=0.752900}>,CCCCC,CCCCOC=O,fb-fit-v3-single-mean-k100,1,0.8322152158082299,0.000225987140444,0.8221800000000001,0.000375
14511,651,dhmix_357740737126275220,651,EnthalpyOfMixing,<Substance CC(=O)N(C)C{solv}{x=0.212000}|CCCCCl{solv}{x=0.788000}>,CC(=O)N(C)C,CCCCCl,fb-fit-v3-single-mean-k100,1,0.4679984928186584,0.0373378358120199,0.244,0.0025
14512,652,dens_563556088097831353,652,Density,<Substance CC(=O)N(C)C{solv}{x=0.499000}|CCCCCl{solv}{x=0.501000}>,CC(=O)N(C)C,CCCCCl,fb-fit-v3-single-mean-k100,1,0.8935110353407253,0.0002472486059816,0.9081000000000002,0.0002
14513,653,dens_1083232356130752567,653,Density,<Substance CC(=O)N(C)C{solv}{x=0.799700}|CCCCCl{solv}{x=0.200300}>,CC(=O)N(C)C,CCCCCl,fb-fit-v3-single-mean-k100,1,0.9037124158916028,0.0002243814673679,0.9247000000000004,0.0002
14514,654,dhmix_1487887746912587509,654,EnthalpyOfMixing,<Substance CC(=O)N(C)C{solv}{x=0.708000}|CCCCCl{solv}{x=0.292000}>,CC(=O)N(C)C,CCCCCl,fb-fit-v3-single-mean-k100,1,0.6271568726325505,0.0402051778028189,0.305,0.0025
14515,655,dens_1662749398344255132,655,Density,<Substance CC(=O)N(C)C{solv}{x=0.210500}|CCCCCl{solv}{x=0.789500}>,CC(=O)N(C)C,CCCCCl,fb-fit-v3-single-mean-k100,1,0.8803920364115255,0.0002593068019697,0.8918000000000001,0.0002
14516,656,dhmix_2085343422065298965,656,EnthalpyOfMixing,<Substance CC(=O)N(C)C{solv}{x=0.511000}|CCCCCl{solv}{x=0.489000}>,CC(=O)N(C)C,CCCCCl,fb-fit-v3-single-mean-k100,1,0.7552193456511951,0.0403677048641828,0.363,0.0025
14517,657,dhmix_359626193748497849,657,EnthalpyOfMixing,<Substance C1CCOCC1{solv}{x=0.750000}|O=C1CCCCC1{solv}{x=0.250000}>,C1CCOCC1,O=C1CCCCC1,fb-fit-v3-single-mean-k100,1,0.0369659151160846,0.0434042580754676,0.07698,0.00069
14518,658,dhmix_709905971434026360,658,EnthalpyOfMixing,<Substance C1CCOCC1{solv}{x=0.250000}|O=C1CCCCC1{solv}{x=0.750000}>,C1CCOCC1,O=C1CCCCC1,fb-fit-v3-single-mean-k100,1,0.0886209096254333,0.0439166814551642,0.05827,0.00062
14519,659,dens_996263306280392228,659,Density,<Substance C1CCOCC1{solv}{x=0.500900}|O=C1CCCCC1{solv}{x=0.499100}>,C1CCOCC1,O=C1CCCCC1,fb-fit-v3-single-mean-k100,1,0.9099916616929716,0.000241651377773,0.9160300000000002,0.000505
14520,660,dens_1296485655493191092,660,Density,<Substance C1CCOCC1{solv}{x=0.247100}|O=C1CCCCC1{solv}{x=0.752900}>,C1CCOCC1,O=C1CCCCC1,fb-fit-v3-single-mean-k100,1,0.925550607336618,0.0001466059089724,0.9305900000000004,0.000505
14521,661,dhmix_1617652800437548554,661,EnthalpyOfMixing,<Substance C1CCOCC1{solv}{x=0.500000}|O=C1CCCCC1{solv}{x=0.500000}>,C1CCOCC1,O=C1CCCCC1,fb-fit-v3-single-mean-k100,1,0.0492813655590111,0.0425601278729267,0.08658,0.000725
14522,662,dens_2134919398794801459,662,Density,<Substance C1CCOCC1{solv}{x=0.738900}|O=C1CCCCC1{solv}{x=0.261100}>,C1CCOCC1,O=C1CCCCC1,fb-fit-v3-single-mean-k100,1,0.8943096301820512,0.0001758417084703,0.9000800000000002,0.000505
14523,663,dens_371429494256072686,663,Density,<Substance COC=O{solv}{x=0.513800}|ClCCCCl{solv}{x=0.486200}>,COC=O,ClCCCCl,fb-fit-v3-single-mean-k100,1,1.0933431234796385,0.0003524502246625,1.08831,0.00025
14524,664,dens_416463243686186519,664,Density,<Substance COC=O{solv}{x=0.738400}|ClCCCCl{solv}{x=0.261600}>,COC=O,ClCCCCl,fb-fit-v3-single-mean-k100,1,1.0495554492538637,0.0003308129389569,1.03754,0.0002
14525,665,dhmix_573570621261992547,665,EnthalpyOfMixing,<Substance COC=O{solv}{x=0.767400}|ClCCCCl{solv}{x=0.232600}>,COC=O,ClCCCCl,fb-fit-v3-single-mean-k100,1,0.5720295667371884,0.034356701582853,0.2841,0.0015
14526,666,dens_1665007650151393058,666,Density,<Substance COC=O{solv}{x=0.244000}|ClCCCCl{solv}{x=0.756000}>,COC=O,ClCCCCl,fb-fit-v3-single-mean-k100,1,1.1381666185650396,0.0003752224649668,1.1395000000000002,0.0003
14527,667,dhmix_2050640017895200777,667,EnthalpyOfMixing,<Substance COC=O{solv}{x=0.502400}|ClCCCCl{solv}{x=0.497600}>,COC=O,ClCCCCl,fb-fit-v3-single-mean-k100,1,0.7126402441367787,0.0304586470593618,0.3503,0.00175
14528,668,dhmix_2121310957223924646,668,EnthalpyOfMixing,<Substance COC=O{solv}{x=0.202400}|ClCCCCl{solv}{x=0.797600}>,COC=O,ClCCCCl,fb-fit-v3-single-mean-k100,1,0.4692719057702668,0.0354598441570799,0.2064,0.0012
14529,669,dens_380799246642881225,669,Density,<Substance Cc1ccncc1{solv}{x=0.500000}|O{solv}{x=0.500000}>,Cc1ccncc1,O,fb-fit-v3-single-mean-k100,1,0.9572705887103872,0.0002821488026865,0.9704000000000004,0.0005
14530,670,dens_1024460369591354985,670,Density,<Substance Cc1ccncc1{solv}{x=0.225000}|O{solv}{x=0.775000}>,Cc1ccncc1,O,fb-fit-v3-single-mean-k100,1,0.9626698664082712,0.000390201805341,0.9848000000000002,0.0004
14531,671,dens_1867704914487230306,671,Density,<Substance Cc1ccncc1{solv}{x=0.750000}|O{solv}{x=0.250000}>,Cc1ccncc1,O,fb-fit-v3-single-mean-k100,1,0.9550216652237412,0.0002271992309633,0.9614000000000004,0.0004
14532,672,dhmix_396839331496923568,672,EnthalpyOfMixing,<Substance CCCOC(=O)CC{solv}{x=0.237600}|ClCCCl{solv}{x=0.762400}>,CCCOC(=O)CC,ClCCCl,fb-fit-v3-single-mean-k100,1,-0.3322444155978132,0.0387522825060629,-0.317,0.0035
14533,673,dens_1025242301432619836,673,Density,<Substance CCCOC(=O)CC{solv}{x=0.518800}|ClCCCl{solv}{x=0.481200}>,CCCOC(=O)CC,ClCCCl,fb-fit-v3-single-mean-k100,1,1.0062345582467969,0.0002741432591669,1.0064000000000002,0.000905
14534,674,dens_1654149510571748883,674,Density,<Substance CCCOC(=O)CC{solv}{x=0.731600}|ClCCCl{solv}{x=0.268400}>,CCCOC(=O)CC,ClCCCl,fb-fit-v3-single-mean-k100,1,0.942747263005976,0.0001643609909184,0.9416300000000002,0.00041
14535,675,dens_1804016971158746429,675,Density,<Substance CCCOC(=O)CC{solv}{x=0.243700}|ClCCCl{solv}{x=0.756300}>,CCCOC(=O)CC,ClCCCl,fb-fit-v3-single-mean-k100,1,1.1091185468314628,0.0003981731735971,1.11431,0.002155
14536,676,dhmix_1840109043188951916,676,EnthalpyOfMixing,<Substance CCCOC(=O)CC{solv}{x=0.517700}|ClCCCl{solv}{x=0.482300}>,CCCOC(=O)CC,ClCCCl,fb-fit-v3-single-mean-k100,1,-0.4471466664067876,0.0377871867954236,-0.557,0.006
14537,677,dhmix_1924188358781329171,677,EnthalpyOfMixing,<Substance CCCOC(=O)CC{solv}{x=0.787400}|ClCCCl{solv}{x=0.212600}>,CCCOC(=O)CC,ClCCCl,fb-fit-v3-single-mean-k100,1,-0.24614693032537,0.0474901532321073,-0.357,0.004
14538,678,dhmix_408170436877433675,678,EnthalpyOfMixing,<Substance CCCCC{solv}{x=0.229800}|CCOC=O{solv}{x=0.770200}>,CCCCC,CCOC=O,fb-fit-v3-single-mean-k100,1,1.3184403284583546,0.0399254730178136,1.016,0.0045
14539,679,dens_1159257310358090227,679,Density,<Substance CCCCC{solv}{x=0.748000}|CCOC=O{solv}{x=0.252000}>,CCCCC,CCOC=O,fb-fit-v3-single-mean-k100,1,0.673017046615746,0.0002668230979321,0.6707000000000002,0.000165
14540,680,dhmix_1897634982824334825,680,EnthalpyOfMixing,<Substance CCCCC{solv}{x=0.500100}|CCOC=O{solv}{x=0.499900}>,CCCCC,CCOC=O,fb-fit-v3-single-mean-k100,1,1.7333067397852489,0.0394054710981934,1.354,0.0055
14541,681,dens_1931965346092446599,681,Density,<Substance CCCCC{solv}{x=0.504000}|CCOC=O{solv}{x=0.496000}>,CCCCC,CCOC=O,fb-fit-v3-single-mean-k100,1,0.741937433903107,0.0002797475304723,0.7333000000000002,0.00024
14542,682,dens_2086304425324215507,682,Density,<Substance CCCCC{solv}{x=0.298000}|CCOC=O{solv}{x=0.702000}>,CCCCC,CCOC=O,fb-fit-v3-single-mean-k100,1,0.8116720215727296,0.0002638902407989,0.7971000000000003,0.000345
14543,683,dhmix_2117998354372981576,683,EnthalpyOfMixing,<Substance CCCCC{solv}{x=0.777900}|CCOC=O{solv}{x=0.222100}>,CCCCC,CCOC=O,fb-fit-v3-single-mean-k100,1,1.3983932936441477,0.0380336403148686,1.051,0.0045
14544,684,dens_415189671276159712,684,Density,<Substance NCCO{solv}{x=0.785350}|c1ccncc1{solv}{x=0.214650}>,NCCO,c1ccncc1,fb-fit-v3-single-mean-k100,1,1.0370760070247071,0.000356260372083,1.002592,0.000101
14545,685,dhmix_607563797490786343,685,EnthalpyOfMixing,<Substance NCCO{solv}{x=0.559360}|c1ccncc1{solv}{x=0.440640}>,NCCO,c1ccncc1,fb-fit-v3-single-mean-k100,1,0.8834177704700252,0.0396891901871934,0.824,0.0035
14546,686,dhmix_783614050589043390,686,EnthalpyOfMixing,<Substance NCCO{solv}{x=0.248120}|c1ccncc1{solv}{x=0.751880}>,NCCO,c1ccncc1,fb-fit-v3-single-mean-k100,1,1.0797859632123874,0.037573176359427,0.779,0.0035
14547,687,dens_907288549206652702,687,Density,<Substance NCCO{solv}{x=0.558640}|c1ccncc1{solv}{x=0.441360}>,NCCO,c1ccncc1,fb-fit-v3-single-mean-k100,1,1.016412232983567,0.0002785334211562,0.9936870000000002,0.0001015
14548,688,dhmix_1092036220949585875,688,EnthalpyOfMixing,<Substance NCCO{solv}{x=0.746780}|c1ccncc1{solv}{x=0.253220}>,NCCO,c1ccncc1,fb-fit-v3-single-mean-k100,1,0.6658202803071802,0.0394365906849732,0.612,0.003
14549,689,dens_2278246591298089898,689,Density,<Substance NCCO{solv}{x=0.210010}|c1ccncc1{solv}{x=0.789990}>,NCCO,c1ccncc1,fb-fit-v3-single-mean-k100,1,0.9915660495924506,0.0002544935551139,0.9825660000000004,0.0001015
14550,690,dens_419188249264987147,690,Density,<Substance CCCCC(=O)OCC{solv}{x=0.492100}|CCOC(C)=O{solv}{x=0.507900}>,CCCCC(=O)OCC,CCOC(C)=O,fb-fit-v3-single-mean-k100,1,0.8883058439013073,0.0002154424326387,0.8787300000000002,0.00012
14551,691,dens_667714041205021070,691,Density,<Substance CCCCC(=O)OCC{solv}{x=0.304700}|CCOC(C)=O{solv}{x=0.695300}>,CCCCC(=O)OCC,CCOC(C)=O,fb-fit-v3-single-mean-k100,1,0.8942796573464996,0.0002119087349347,0.8836400000000002,0.00012
14552,692,dhmix_1137774316856842141,692,EnthalpyOfMixing,<Substance CCCCC(=O)OCC{solv}{x=0.737600}|CCOC(C)=O{solv}{x=0.262400}>,CCCCC(=O)OCC,CCOC(C)=O,fb-fit-v3-single-mean-k100,1,0.0740785090653757,0.046833122272574,0.114,0.0015
14553,693,dhmix_1322441082145072072,693,EnthalpyOfMixing,<Substance CCCCC(=O)OCC{solv}{x=0.279900}|CCOC(C)=O{solv}{x=0.720100}>,CCCCC(=O)OCC,CCOC(C)=O,fb-fit-v3-single-mean-k100,1,0.0785502278502434,0.0399165225810735,0.139,0.0015
14554,694,dens_1682638395920841051,694,Density,<Substance CCCCC(=O)OCC{solv}{x=0.752600}|CCOC(C)=O{solv}{x=0.247400}>,CCCCC(=O)OCC,CCOC(C)=O,fb-fit-v3-single-mean-k100,1,0.8816175608811682,0.0001881832500246,0.8732900000000001,0.00012
14555,695,dhmix_2161842751879945948,695,EnthalpyOfMixing,<Substance CCCCC(=O)OCC{solv}{x=0.519800}|CCOC(C)=O{solv}{x=0.480200}>,CCCCC(=O)OCC,CCOC(C)=O,fb-fit-v3-single-mean-k100,1,0.116178101600509,0.0460367643333431,0.154,0.002
14556,696,dhmix_419593950323214290,696,EnthalpyOfMixing,<Substance CCCCCC(C)=O{solv}{x=0.780400}|CCN(CC)CC{solv}{x=0.219600}>,CCCCCC(C)=O,CCN(CC)CC,fb-fit-v3-single-mean-k100,1,0.1116946949844859,0.0522919964539598,0.216,0.0025
14557,697,dens_651921010645567431,697,Density,<Substance CCCCCC(C)=O{solv}{x=0.259800}|CCN(CC)CC{solv}{x=0.740200}>,CCCCCC(C)=O,CCN(CC)CC,fb-fit-v3-single-mean-k100,1,0.7584800562354431,0.0001767349816321,0.7465820000000002,8.950000000000002e-05
14558,698,dens_995831511901627711,698,Density,<Substance CCCCCC(C)=O{solv}{x=0.748400}|CCN(CC)CC{solv}{x=0.251600}>,CCCCCC(C)=O,CCN(CC)CC,fb-fit-v3-single-mean-k100,1,0.7962832309460457,0.0001856387048065,0.7899410000000002,0.0001055
14559,699,dhmix_1001984601109558110,699,EnthalpyOfMixing,<Substance CCCCCC(C)=O{solv}{x=0.492000}|CCN(CC)CC{solv}{x=0.508000}>,CCCCCC(C)=O,CCN(CC)CC,fb-fit-v3-single-mean-k100,1,0.1600719069016349,0.043364084703643,0.419,0.0045
14560,700,dens_1887829851815986883,700,Density,<Substance CCCCCC(C)=O{solv}{x=0.503200}|CCN(CC)CC{solv}{x=0.496800}>,CCCCCC(C)=O,CCN(CC)CC,fb-fit-v3-single-mean-k100,1,0.7780441345582432,0.0002009898630352,0.7684760000000002,9.800000000000002e-05
14561,701,dhmix_2085744568401562111,701,EnthalpyOfMixing,<Substance CCCCCC(C)=O{solv}{x=0.293900}|CCN(CC)CC{solv}{x=0.706100}>,CCCCCC(C)=O,CCN(CC)CC,fb-fit-v3-single-mean-k100,1,0.1931296962071371,0.051201166870192,0.412,0.0045
14562,702,dens_436049638479549968,702,Density,<Substance COC=O{solv}{x=0.472500}|ClCCCl{solv}{x=0.527500}>,COC=O,ClCCCl,fb-fit-v3-single-mean-k100,1,1.1309245816199796,0.0003559405070581,1.1269600000000004,0.000285
14563,703,dens_627145458965592302,703,Density,<Substance COC=O{solv}{x=0.753000}|ClCCCl{solv}{x=0.247000}>,COC=O,ClCCCl,fb-fit-v3-single-mean-k100,1,1.0594345562653495,0.0003573264394254,1.0461600000000004,0.000205
14564,704,dhmix_731680623269260416,704,EnthalpyOfMixing,<Substance COC=O{solv}{x=0.250800}|ClCCCl{solv}{x=0.749200}>,COC=O,ClCCCl,fb-fit-v3-single-mean-k100,1,0.4170649315752754,0.0340744512388183,0.0793,0.0007
14565,705,dens_1488543630772933598,705,Density,<Substance COC=O{solv}{x=0.279500}|ClCCCl{solv}{x=0.720500}>,COC=O,ClCCCl,fb-fit-v3-single-mean-k100,1,1.1731063103065444,0.0004276558796047,1.1777100000000005,0.00034
14566,706,dhmix_2170321998768851974,706,EnthalpyOfMixing,<Substance COC=O{solv}{x=0.732200}|ClCCCl{solv}{x=0.267800}>,COC=O,ClCCCl,fb-fit-v3-single-mean-k100,1,0.3862735139976206,0.0329202649443387,0.0733,0.00065
14567,707,dhmix_2249001225536869896,707,EnthalpyOfMixing,<Substance COC=O{solv}{x=0.487400}|ClCCCl{solv}{x=0.512600}>,COC=O,ClCCCl,fb-fit-v3-single-mean-k100,1,0.4593288141711547,0.0317274040050248,0.1028,0.0008
14568,708,dhmix_442816374747487477,708,EnthalpyOfMixing,<Substance NCCCNCCCN{solv}{x=0.801500}|O{solv}{x=0.198500}>,NCCCNCCCN,O,fb-fit-v3-single-mean-k100,1,-1.8467579987565008,0.0645817727679194,-2.233,0.024
14569,709,dhmix_1795382205757805615,709,EnthalpyOfMixing,<Substance NCCCNCCCN{solv}{x=0.300500}|O{solv}{x=0.699500}>,NCCCNCCCN,O,fb-fit-v3-single-mean-k100,1,-4.778137434520701,0.0451065229409032,-6.588,0.07
14570,710,dhmix_1814950732748396893,710,EnthalpyOfMixing,<Substance NCCCNCCCN{solv}{x=0.499800}|O{solv}{x=0.500200}>,NCCCNCCCN,O,fb-fit-v3-single-mean-k100,1,-4.350447620971547,0.0446941739642152,-5.544,0.059
14571,711,dhmix_446869196417408130,711,EnthalpyOfMixing,<Substance NCCNCCO{solv}{x=0.770000}|O{solv}{x=0.230000}>,NCCNCCO,O,fb-fit-v3-single-mean-k100,1,-2.190170588494169,0.0429774612529069,-1.711,0.035
14572,712,dhmix_673839467313503071,712,EnthalpyOfMixing,<Substance NCCNCCO{solv}{x=0.069900}|O{solv}{x=0.930100}>,NCCNCCO,O,fb-fit-v3-single-mean-k100,1,-0.764110660812996,0.0239712817241104,-1.713,0.035
14573,713,dens_688094438561771555,713,Density,<Substance NCCNCCO{solv}{x=0.799700}|O{solv}{x=0.200300}>,NCCNCCO,O,fb-fit-v3-single-mean-k100,1,1.0852416088401204,0.0001499091671762,1.0318300000000002,0.00024
14574,714,dhmix_1682883323293489147,714,EnthalpyOfMixing,<Substance NCCNCCO{solv}{x=0.400100}|O{solv}{x=0.599900}>,NCCNCCO,O,fb-fit-v3-single-mean-k100,1,-2.178875228004273,0.0500012541592784,-4.15,0.0845
14575,715,dens_2045176885611624977,715,Density,<Substance NCCNCCO{solv}{x=0.070000}|O{solv}{x=0.930000}>,NCCNCCO,O,fb-fit-v3-single-mean-k100,1,1.0219418032629008,0.0004743896977406,1.0222800000000003,0.000125
14576,716,dens_2280714043292214506,716,Density,<Substance NCCNCCO{solv}{x=0.399700}|O{solv}{x=0.600300}>,NCCNCCO,O,fb-fit-v3-single-mean-k100,1,1.0663526444349676,0.0005050079245498,1.0370100000000002,0.00017
14577,717,dens_448105363780466270,717,Density,<Substance CCCCCCCl{solv}{x=0.498300}|CN(C)C=O{solv}{x=0.501700}>,CCCCCCCl,CN(C)C=O,fb-fit-v3-single-mean-k100,1,0.8927656647824564,0.0002234859167242,0.8974000000000002,0.0003
14578,718,dens_1134260732394863277,718,Density,<Substance CCCCCCCl{solv}{x=0.729300}|CN(C)C=O{solv}{x=0.270700}>,CCCCCCCl,CN(C)C=O,fb-fit-v3-single-mean-k100,1,0.8825418357442003,0.0002239556775042,0.8844000000000002,0.0003
14579,719,dhmix_1150917243327149472,719,EnthalpyOfMixing,<Substance CCCCCCCl{solv}{x=0.500000}|CN(C)C=O{solv}{x=0.500000}>,CCCCCCCl,CN(C)C=O,fb-fit-v3-single-mean-k100,1,1.0969575407717542,0.040509330283201,0.847,0.004
14580,720,dhmix_1166656674614639609,720,EnthalpyOfMixing,<Substance CCCCCCCl{solv}{x=0.204000}|CN(C)C=O{solv}{x=0.796000}>,CCCCCCCl,CN(C)C=O,fb-fit-v3-single-mean-k100,1,0.8852681616647331,0.037788888014184,0.583,0.004
14581,721,dhmix_1262474968830454367,721,EnthalpyOfMixing,<Substance CCCCCCCl{solv}{x=0.795000}|CN(C)C=O{solv}{x=0.205000}>,CCCCCCCl,CN(C)C=O,fb-fit-v3-single-mean-k100,1,0.9231730802208632,0.047370390447364,0.542,0.0035
14582,722,dens_1862934255267356180,722,Density,<Substance CCCCCCCl{solv}{x=0.200700}|CN(C)C=O{solv}{x=0.799300}>,CCCCCCCl,CN(C)C=O,fb-fit-v3-single-mean-k100,1,0.9099177951691236,0.000253292003504,0.9218000000000002,0.00025
14583,723,dhmix_457000181442392641,723,EnthalpyOfMixing,<Substance CCOCCO{solv}{x=0.241100}|c1ccccc1{solv}{x=0.758900}>,CCOCCO,c1ccccc1,fb-fit-v3-single-mean-k100,1,0.7805622108515138,0.0324009987642322,0.6303,0.00815
14584,724,dhmix_501726034520661035,724,EnthalpyOfMixing,<Substance CCOCCO{solv}{x=0.733600}|c1ccccc1{solv}{x=0.266400}>,CCOCCO,c1ccccc1,fb-fit-v3-single-mean-k100,1,0.3549920678751874,0.0441840941652413,0.2326,0.0033
14585,725,dens_577983044895299238,725,Density,<Substance CCOCCO{solv}{x=0.251800}|c1ccccc1{solv}{x=0.748200}>,CCOCCO,c1ccccc1,fb-fit-v3-single-mean-k100,1,0.8955147412254448,0.0002423057713454,0.8849000000000002,0.00081
14586,726,dens_1506946378386070831,726,Density,<Substance CCOCCO{solv}{x=0.750800}|c1ccccc1{solv}{x=0.249200}>,CCOCCO,c1ccccc1,fb-fit-v3-single-mean-k100,1,0.911987385274464,0.0002220728095197,0.9134500000000004,0.000685
14587,727,dhmix_1801594081157333975,727,EnthalpyOfMixing,<Substance CCOCCO{solv}{x=0.478600}|c1ccccc1{solv}{x=0.521400}>,CCOCCO,c1ccccc1,fb-fit-v3-single-mean-k100,1,0.7977141103382479,0.0430972166032469,0.4912,0.00645
14588,728,dens_2128846755225827916,728,Density,<Substance CCOCCO{solv}{x=0.504800}|c1ccccc1{solv}{x=0.495200}>,CCOCCO,c1ccccc1,fb-fit-v3-single-mean-k100,1,0.9029006008352256,0.0002230510326978,0.8995700000000003,0.000745
14589,729,dhmix_466383569529620932,729,EnthalpyOfMixing,<Substance CC(=O)N(C)C{solv}{x=0.505000}|CCCCCCCl{solv}{x=0.495000}>,CC(=O)N(C)C,CCCCCCCl,fb-fit-v3-single-mean-k100,1,0.8828347673253774,0.0393286504745807,0.61,0.003
14590,730,dhmix_493694362228351572,730,EnthalpyOfMixing,<Substance CC(=O)N(C)C{solv}{x=0.798000}|CCCCCCCl{solv}{x=0.202000}>,CC(=O)N(C)C,CCCCCCCl,fb-fit-v3-single-mean-k100,1,0.6776238201419602,0.0442185502426191,0.425,0.003
14591,731,dhmix_626564461179097700,731,EnthalpyOfMixing,<Substance CC(=O)N(C)C{solv}{x=0.211000}|CCCCCCCl{solv}{x=0.789000}>,CC(=O)N(C)C,CCCCCCCl,fb-fit-v3-single-mean-k100,1,0.6441384437990507,0.043882786032842,0.38,0.003
14592,732,dens_1720641323575133011,732,Density,<Substance CC(=O)N(C)C{solv}{x=0.200300}|CCCCCCCl{solv}{x=0.799700}>,CC(=O)N(C)C,CCCCCCCl,fb-fit-v3-single-mean-k100,1,0.8794449386335357,0.0002364856281108,0.8816000000000003,0.00025
14593,733,dens_1817345990638851984,733,Density,<Substance CC(=O)N(C)C{solv}{x=0.503000}|CCCCCCCl{solv}{x=0.497000}>,CC(=O)N(C)C,CCCCCCCl,fb-fit-v3-single-mean-k100,1,0.8888120069630358,0.0002449174512177,0.8975000000000002,0.00025
14594,734,dens_1885054129776339889,734,Density,<Substance CC(=O)N(C)C{solv}{x=0.699200}|CCCCCCCl{solv}{x=0.300800}>,CC(=O)N(C)C,CCCCCCCl,fb-fit-v3-single-mean-k100,1,0.8960989394457567,0.0002446525462214,0.9104000000000002,0.0002
14595,735,dens_468507243072548580,735,Density,<Substance CCC#N{solv}{x=0.701200}|CCOC(C)(C)CC{solv}{x=0.298800}>,CCC#N,CCOC(C)(C)CC,fb-fit-v3-single-mean-k100,1,0.7657352138158672,0.0002507696975823,0.7715000000000002,0.0004
14596,736,dhmix_553135124490085656,736,EnthalpyOfMixing,<Substance CCC#N{solv}{x=0.502500}|CCOC(C)(C)CC{solv}{x=0.497500}>,CCC#N,CCOC(C)(C)CC,fb-fit-v3-single-mean-k100,1,0.340632769574114,0.0426440108707701,0.7023,0.00955
14597,737,dens_762108332272225600,737,Density,<Substance CCC#N{solv}{x=0.502500}|CCOC(C)(C)CC{solv}{x=0.497500}>,CCC#N,CCOC(C)(C)CC,fb-fit-v3-single-mean-k100,1,0.7654650494331906,0.0002303406090388,0.7683000000000001,0.00035
14598,738,dens_967634241844220739,738,Density,<Substance CCC#N{solv}{x=0.200900}|CCOC(C)(C)CC{solv}{x=0.799100}>,CCC#N,CCOC(C)(C)CC,fb-fit-v3-single-mean-k100,1,0.7639251666140275,0.000220576340181,0.7638000000000001,0.00025
14599,739,dhmix_1961082112686431376,739,EnthalpyOfMixing,<Substance CCC#N{solv}{x=0.200900}|CCOC(C)(C)CC{solv}{x=0.799100}>,CCC#N,CCOC(C)(C)CC,fb-fit-v3-single-mean-k100,1,0.2729938588012288,0.0407178772720945,0.502,0.00685
14600,740,dhmix_2005765786246998093,740,EnthalpyOfMixing,<Substance CCC#N{solv}{x=0.701200}|CCOC(C)(C)CC{solv}{x=0.298800}>,CCC#N,CCOC(C)(C)CC,fb-fit-v3-single-mean-k100,1,0.2307744019822024,0.0369174716282354,0.5863,0.008
14601,741,dhmix_471514663464011364,741,EnthalpyOfMixing,<Substance C1CCOCC1{solv}{x=0.722000}|CCCCCO{solv}{x=0.278000}>,C1CCOCC1,CCCCCO,fb-fit-v3-single-mean-k100,1,1.0893643648842612,0.0416010056699587,0.8628,0.00745
14602,742,dens_910343796235321484,742,Density,<Substance C1CCOCC1{solv}{x=0.298700}|CCCCCO{solv}{x=0.701300}>,C1CCOCC1,CCCCCO,fb-fit-v3-single-mean-k100,1,0.8320693189945346,0.0002128189284959,0.8293300000000002,0.00034
14603,743,dens_1812069868432416079,743,Density,<Substance C1CCOCC1{solv}{x=0.800000}|CCCCCO{solv}{x=0.200000}>,C1CCOCC1,CCCCCO,fb-fit-v3-single-mean-k100,1,0.8611286394839175,0.0001866621359505,0.8635900000000002,0.000315
14604,744,dhmix_1936206883965149188,744,EnthalpyOfMixing,<Substance C1CCOCC1{solv}{x=0.526000}|CCCCCO{solv}{x=0.474000}>,C1CCOCC1,CCCCCO,fb-fit-v3-single-mean-k100,1,1.158261604465018,0.0450995740412906,0.97,0.00615
14605,745,dhmix_1992318015190346725,745,EnthalpyOfMixing,<Substance C1CCOCC1{solv}{x=0.217000}|CCCCCO{solv}{x=0.783000}>,C1CCOCC1,CCCCCO,fb-fit-v3-single-mean-k100,1,0.7206742108487134,0.0417542212018424,0.6006,0.00455
14606,746,dens_2204330198012032768,746,Density,<Substance C1CCOCC1{solv}{x=0.499400}|CCCCCO{solv}{x=0.500600}>,C1CCOCC1,CCCCCO,fb-fit-v3-single-mean-k100,1,0.8431217955414746,0.0002369137472048,0.8425400000000002,0.00033
14607,747,dhmix_472822428299818953,747,EnthalpyOfMixing,<Substance CC(C)CC(C)(C)C{solv}{x=0.700500}|CCCCO{solv}{x=0.299500}>,CC(C)CC(C)(C)C,CCCCO,fb-fit-v3-single-mean-k100,1,0.5566649113981441,0.0500734938849383,0.6228,0.0028
14608,748,dhmix_628387028768654403,748,EnthalpyOfMixing,<Substance CC(C)CC(C)(C)C{solv}{x=0.499900}|CCCCO{solv}{x=0.500100}>,CC(C)CC(C)(C)C,CCCCO,fb-fit-v3-single-mean-k100,1,0.581029418943686,0.0451245666882998,0.5938,0.0027
14609,749,dens_631668933678639865,749,Density,<Substance CC(C)CC(C)(C)C{solv}{x=0.200000}|CCCCO{solv}{x=0.800000}>,CC(C)CC(C)(C)C,CCCCO,fb-fit-v3-single-mean-k100,1,0.7819186212651873,0.0002323865145357,0.7696800000000001,0.000295
14610,750,dens_1394470087977586253,750,Density,<Substance CC(C)CC(C)(C)C{solv}{x=0.500000}|CCCCO{solv}{x=0.500000}>,CC(C)CC(C)(C)C,CCCCO,fb-fit-v3-single-mean-k100,1,0.7497689519535478,0.0002265742650586,0.7294000000000002,0.000285
14611,751,dens_1809610870413503056,751,Density,<Substance CC(C)CC(C)(C)C{solv}{x=0.699900}|CCCCO{solv}{x=0.300100}>,CC(C)CC(C)(C)C,CCCCO,fb-fit-v3-single-mean-k100,1,0.7345316398226636,0.0002044240628587,0.7097700000000001,0.000285
14612,752,dhmix_2302589146189152767,752,EnthalpyOfMixing,<Substance CC(C)CC(C)(C)C{solv}{x=0.200200}|CCCCO{solv}{x=0.799800}>,CC(C)CC(C)(C)C,CCCCO,fb-fit-v3-single-mean-k100,1,0.3467000352432237,0.0458558083485764,0.27646,0.003235
14613,753,dens_486902622078179007,753,Density,<Substance COC=O{solv}{x=0.494600}|CO{solv}{x=0.505400}>,CO,COC=O,fb-fit-v3-single-mean-k100,1,0.8968523263468904,0.0002800768862216,0.8956100000000002,7.500000000000002e-05
14614,754,dens_750646162221180186,754,Density,<Substance COC=O{solv}{x=0.083300}|CO{solv}{x=0.916700}>,CO,COC=O,fb-fit-v3-single-mean-k100,1,0.7927620524570025,0.0003178652762674,0.8088000000000002,9.000000000000002e-05
14615,755,dhmix_1113631207235753369,755,EnthalpyOfMixing,<Substance COC=O{solv}{x=0.717800}|CO{solv}{x=0.282200}>,CO,COC=O,fb-fit-v3-single-mean-k100,1,0.9029855890313692,0.0311892063201191,1.105,0.012
14616,756,dhmix_2143911117683117531,756,EnthalpyOfMixing,<Substance COC=O{solv}{x=0.512700}|CO{solv}{x=0.487300}>,CO,COC=O,fb-fit-v3-single-mean-k100,1,1.1624900585835332,0.0237033220046618,1.179,0.0125
14617,757,dens_2148324189014877510,757,Density,<Substance COC=O{solv}{x=0.727100}|CO{solv}{x=0.272900}>,CO,COC=O,fb-fit-v3-single-mean-k100,1,0.9419481100126718,0.0003551291945743,0.9321000000000004,8.000000000000002e-05
14618,758,dhmix_2205254965267695203,758,EnthalpyOfMixing,<Substance COC=O{solv}{x=0.083300}|CO{solv}{x=0.916700}>,CO,COC=O,fb-fit-v3-single-mean-k100,1,0.3281403577745099,0.0284272553980794,0.311,0.0035
14619,759,dhmix_497300242003673148,759,EnthalpyOfMixing,<Substance BrCCBr{solv}{x=0.284100}|CCCCOC(=O)CCC{solv}{x=0.715900}>,BrCCBr,CCCCOC(=O)CCC,fb-fit-v3-single-mean-k100,1,-0.4231222619023853,0.0441246807685387,-0.054,0.001
14620,760,dhmix_712261179736749495,760,EnthalpyOfMixing,<Substance BrCCBr{solv}{x=0.515300}|CCCCOC(=O)CCC{solv}{x=0.484700}>,BrCCBr,CCCCOC(=O)CCC,fb-fit-v3-single-mean-k100,1,-0.761745937887703,0.0428879425617244,-0.027,0.0005
14621,761,dens_846614854165535724,761,Density,<Substance BrCCBr{solv}{x=0.212900}|CCCCOC(=O)CCC{solv}{x=0.787100}>,BrCCBr,CCCCOC(=O)CCC,fb-fit-v3-single-mean-k100,1,1.0272584211092195,0.0002644721589053,1.0245500000000003,0.00013
14622,762,dens_1085110183353279404,762,Density,<Substance BrCCBr{solv}{x=0.730000}|CCCCOC(=O)CCC{solv}{x=0.270000}>,BrCCBr,CCCCOC(=O)CCC,fb-fit-v3-single-mean-k100,1,1.6088725591317377,0.0004577020265025,1.6231500000000003,0.000405
14623,763,dhmix_2153957437015117204,763,EnthalpyOfMixing,<Substance BrCCBr{solv}{x=0.763900}|CCCCOC(=O)CCC{solv}{x=0.236100}>,BrCCBr,CCCCOC(=O)CCC,fb-fit-v3-single-mean-k100,1,-0.4640505859666319,0.0377850551030391,0.051,0.001
14624,764,dens_2242615301342819560,764,Density,<Substance BrCCBr{solv}{x=0.449300}|CCCCOC(=O)CCC{solv}{x=0.550700}>,BrCCBr,CCCCOC(=O)CCC,fb-fit-v3-single-mean-k100,1,1.2498387356677363,0.000313633569076,1.2506100000000002,0.000225
14625,765,dens_501060706627477242,765,Density,<Substance OC1=NCCC1{solv}{x=0.500000}|O{solv}{x=0.500000}>,O,OC1=NCCC1,fb-fit-v3-single-mean-k100,1,1.052990178417552,0.0002935222301136,1.0977070000000004,0.0005555
14626,766,dens_929065521104254808,766,Density,<Substance OC1=NCCC1{solv}{x=0.744800}|O{solv}{x=0.255200}>,O,OC1=NCCC1,fb-fit-v3-single-mean-k100,1,1.0619686872885092,0.0003115446780061,1.1044310000000004,0.000577
14627,767,dhmix_1128968771311392860,767,EnthalpyOfMixing,<Substance OC1=NCCC1{solv}{x=0.769300}|O{solv}{x=0.230700}>,O,OC1=NCCC1,fb-fit-v3-single-mean-k100,1,0.6952788959334697,0.0341489941769884,-0.678,0.1695
14628,768,dens_1192491633684345401,768,Density,<Substance OC1=NCCC1{solv}{x=0.246800}|O{solv}{x=0.753200}>,O,OC1=NCCC1,fb-fit-v3-single-mean-k100,1,1.0355403199403552,0.0003263205147559,1.077068,0.0004905
14629,769,dhmix_1775375132531538271,769,EnthalpyOfMixing,<Substance OC1=NCCC1{solv}{x=0.478300}|O{solv}{x=0.521700}>,O,OC1=NCCC1,fb-fit-v3-single-mean-k100,1,0.7651528224063497,0.0288197691533604,-0.8384,0.20965
14630,770,dhmix_1895825007089845103,770,EnthalpyOfMixing,<Substance OC1=NCCC1{solv}{x=0.231900}|O{solv}{x=0.768100}>,O,OC1=NCCC1,fb-fit-v3-single-mean-k100,1,0.6375310567230343,0.0233238010363488,-0.5238,0.13095
14631,771,dens_502738970558558534,771,Density,<Substance BrCCBr{solv}{x=0.749000}|COC=O{solv}{x=0.251000}>,BrCCBr,COC=O,fb-fit-v3-single-mean-k100,1,1.8971379704065667,0.0006877388651488,1.9319600000000008,0.003535
14632,772,dhmix_523129341332875255,772,EnthalpyOfMixing,<Substance BrCCBr{solv}{x=0.059500}|COC=O{solv}{x=0.940500}>,BrCCBr,COC=O,fb-fit-v3-single-mean-k100,1,0.2116323128015347,0.032554526846395,0.1715,0.00215
14633,773,dens_528986974844153101,773,Density,<Substance BrCCBr{solv}{x=0.059800}|COC=O{solv}{x=0.940200}>,BrCCBr,COC=O,fb-fit-v3-single-mean-k100,1,1.081422926922138,0.000351958535394,1.06428,0.00056
14634,774,dhmix_1521152703631810888,774,EnthalpyOfMixing,<Substance BrCCBr{solv}{x=0.757400}|COC=O{solv}{x=0.242600}>,BrCCBr,COC=O,fb-fit-v3-single-mean-k100,1,0.8414032000928655,0.0320954359253786,0.653,0.00585
14635,775,dhmix_1685647138770344206,775,EnthalpyOfMixing,<Substance BrCCBr{solv}{x=0.528100}|COC=O{solv}{x=0.471900}>,BrCCBr,COC=O,fb-fit-v3-single-mean-k100,1,0.9423647793470704,0.0300457596643248,0.8123,0.00705
14636,776,dens_1945150067923572864,776,Density,<Substance BrCCBr{solv}{x=0.501500}|COC=O{solv}{x=0.498500}>,BrCCBr,COC=O,fb-fit-v3-single-mean-k100,1,1.6516919497978149,0.000528094567817,1.6620300000000003,0.00232
14637,777,dens_511283508189056955,777,Density,<Substance CCO{solv}{x=0.291400}|CN(C)CCO{solv}{x=0.708600}>,CCO,CN(C)CCO,fb-fit-v3-single-mean-k100,1,0.8869610437044968,0.0002182772194893,0.8710100000000002,0.000165
14638,778,dhmix_1055456388735168345,778,EnthalpyOfMixing,<Substance CCO{solv}{x=0.508400}|CN(C)CCO{solv}{x=0.491600}>,CCO,CN(C)CCO,fb-fit-v3-single-mean-k100,1,-0.6830099504271487,0.0337493092170958,-0.4044,0.0044
14639,779,dens_1119930253414624267,779,Density,<Substance CCO{solv}{x=0.699500}|CN(C)CCO{solv}{x=0.300500}>,CCO,CN(C)CCO,fb-fit-v3-single-mean-k100,1,0.8446116197863349,0.0002582603525883,0.8345000000000002,0.000135
14640,780,dhmix_1132835222292135012,780,EnthalpyOfMixing,<Substance CCO{solv}{x=0.268600}|CN(C)CCO{solv}{x=0.731400}>,CCO,CN(C)CCO,fb-fit-v3-single-mean-k100,1,-0.4803620569553573,0.0353747926023447,-0.2783,0.0031
14641,781,dens_1964926738263319597,781,Density,<Substance CCO{solv}{x=0.494900}|CN(C)CCO{solv}{x=0.505100}>,CCO,CN(C)CCO,fb-fit-v3-single-mean-k100,1,0.8675335056529279,0.0002595170901799,0.8566200000000002,0.00015
14642,782,dhmix_2011138895468245368,782,EnthalpyOfMixing,<Substance CCO{solv}{x=0.733500}|CN(C)CCO{solv}{x=0.266500}>,CCO,CN(C)CCO,fb-fit-v3-single-mean-k100,1,-0.5437419287069787,0.0317501362439454,-0.3657,0.004
14643,783,dhmix_517287783481256565,783,EnthalpyOfMixing,<Substance CN(C)C=O{solv}{x=0.701000}|ClCCCCCl{solv}{x=0.299000}>,CN(C)C=O,ClCCCCCl,fb-fit-v3-single-mean-k100,1,0.3853588795483063,0.031808335842266,-0.052,0.002
14644,784,dens_765057686797526715,784,Density,<Substance CN(C)C=O{solv}{x=0.794300}|ClCCCCCl{solv}{x=0.205700}>,CN(C)C=O,ClCCCCCl,fb-fit-v3-single-mean-k100,1,0.9810488897833864,0.0002580553225299,0.9934000000000002,0.00245
14645,785,dens_1092490027864410415,785,Density,<Substance CN(C)C=O{solv}{x=0.502200}|ClCCCCCl{solv}{x=0.497800}>,CN(C)C=O,ClCCCCCl,fb-fit-v3-single-mean-k100,1,1.0458486291545244,0.0002623371451316,1.0524000000000004,0.0022
14646,786,dens_1571926938169630329,786,Density,<Substance CN(C)C=O{solv}{x=0.299400}|ClCCCCCl{solv}{x=0.700600}>,CN(C)C=O,ClCCCCCl,fb-fit-v3-single-mean-k100,1,1.0834565678188808,0.0003027118790409,1.0879000000000003,0.0021
14647,787,dhmix_1989422051580285053,787,EnthalpyOfMixing,<Substance CN(C)C=O{solv}{x=0.501000}|ClCCCCCl{solv}{x=0.499000}>,CN(C)C=O,ClCCCCCl,fb-fit-v3-single-mean-k100,1,0.4968457330000859,0.0374948771125542,-0.056,0.002
14648,788,dhmix_2190775305913174779,788,EnthalpyOfMixing,<Substance CN(C)C=O{solv}{x=0.204000}|ClCCCCCl{solv}{x=0.796000}>,CN(C)C=O,ClCCCCCl,fb-fit-v3-single-mean-k100,1,0.3749216243069213,0.0395253713761507,-0.039,0.002
14649,789,dens_518199256039095036,789,Density,<Substance CCCCO{solv}{x=0.496400}|NCCN{solv}{x=0.503600}>,CCCCO,NCCN,fb-fit-v3-single-mean-k100,1,0.8816908178561015,0.0002241183805695,0.8519430000000002,0.000219
14650,790,dens_866492593379488722,790,Density,<Substance CCCCO{solv}{x=0.739800}|NCCN{solv}{x=0.260200}>,CCCCO,NCCN,fb-fit-v3-single-mean-k100,1,0.8438969829351338,0.0002475359611819,0.8325090000000002,0.000221
14651,791,dens_2064365769538781360,791,Density,<Substance CCCCO{solv}{x=0.291900}|NCCN{solv}{x=0.708100}>,CCCCO,NCCN,fb-fit-v3-single-mean-k100,1,0.9196904762721524,0.0003120793140591,0.8676960000000002,0.0002205
14652,792,dens_520201021244222151,792,Density,<Substance O=C1CCCO1{solv}{x=0.300000}|O{solv}{x=0.700000}>,O,O=C1CCCO1,fb-fit-v3-single-mean-k100,1,1.0595169559016262,0.000350870585523,1.0886000000000002,0.0001
14653,793,dens_2198925124601089428,793,Density,<Substance O=C1CCCO1{solv}{x=0.500000}|O{solv}{x=0.500000}>,O,O=C1CCCO1,fb-fit-v3-single-mean-k100,1,1.081575259218262,0.0003343509450263,1.1059000000000003,0.0001
14654,794,dens_2272207838075726438,794,Density,<Substance O=C1CCCO1{solv}{x=0.800000}|O{solv}{x=0.200000}>,O,O=C1CCCO1,fb-fit-v3-single-mean-k100,1,1.1009031045576585,0.0002702330456297,1.1182000000000003,0.0001
14655,795,dhmix_524376395520217080,795,EnthalpyOfMixing,<Substance CC(C)CC(C)(C)C{solv}{x=0.440700}|CCCC(=O)OC{solv}{x=0.559300}>,CC(C)CC(C)(C)C,CCCC(=O)OC,fb-fit-v3-single-mean-k100,1,1.506796571223603,0.0449975264076384,1.053,0.0115
14656,796,dens_581090592491592243,796,Density,<Substance CC(C)CC(C)(C)C{solv}{x=0.298100}|CCCC(=O)OC{solv}{x=0.701900}>,CC(C)CC(C)(C)C,CCCC(=O)OC,fb-fit-v3-single-mean-k100,1,0.826128524744578,0.0002303678452311,0.8119000000000002,0.000505
14657,797,dens_1497434747823371430,797,Density,<Substance CC(C)CC(C)(C)C{solv}{x=0.724300}|CCCC(=O)OC{solv}{x=0.275700}>,CC(C)CC(C)(C)C,CCCC(=O)OC,fb-fit-v3-single-mean-k100,1,0.7520342308546267,0.000189128317013,0.7279000000000001,0.000505
14658,798,dhmix_1614087501371550297,798,EnthalpyOfMixing,<Substance CC(C)CC(C)(C)C{solv}{x=0.762900}|CCCC(=O)OC{solv}{x=0.237100}>,CC(C)CC(C)(C)C,CCCC(=O)OC,fb-fit-v3-single-mean-k100,1,1.3056603393724515,0.0514367132126373,0.789,0.0085
14659,799,dens_1842979547629422953,799,Density,<Substance CC(C)CC(C)(C)C{solv}{x=0.441000}|CCCC(=O)OC{solv}{x=0.559000}>,CC(C)CC(C)(C)C,CCCC(=O)OC,fb-fit-v3-single-mean-k100,1,0.7982172387986802,0.0001961542609379,0.7803000000000001,0.000505
14660,800,dhmix_2246911102339588209,800,EnthalpyOfMixing,<Substance CC(C)CC(C)(C)C{solv}{x=0.298200}|CCCC(=O)OC{solv}{x=0.701800}>,CC(C)CC(C)(C)C,CCCC(=O)OC,fb-fit-v3-single-mean-k100,1,1.2306904204011175,0.046842031437604,0.884,0.0095
14661,801,dhmix_536798507677319129,801,EnthalpyOfMixing,<Substance C1COCO1{solv}{x=0.267900}|Cc1ccccc1Cl{solv}{x=0.732100}>,C1COCO1,Cc1ccccc1Cl,fb-fit-v3-single-mean-k100,1,0.2922064870809606,0.0434412930185441,0.272,0.0015
14662,802,dens_559535483529614058,802,Density,<Substance C1COCO1{solv}{x=0.726600}|Cc1ccccc1Cl{solv}{x=0.273400}>,C1COCO1,Cc1ccccc1Cl,fb-fit-v3-single-mean-k100,1,1.0836485893641392,0.0002885540401173,1.0652000000000004,0.0005
14663,803,dens_731520844601672570,803,Density,<Substance C1COCO1{solv}{x=0.268500}|Cc1ccccc1Cl{solv}{x=0.731500}>,C1COCO1,Cc1ccccc1Cl,fb-fit-v3-single-mean-k100,1,1.0813221578534296,0.0002473621487222,1.0630000000000002,0.0005
14664,804,dens_839907656840905053,804,Density,<Substance C1COCO1{solv}{x=0.516900}|Cc1ccccc1Cl{solv}{x=0.483100}>,C1COCO1,Cc1ccccc1Cl,fb-fit-v3-single-mean-k100,1,1.0876543651063666,0.0002706570430239,1.0694000000000004,0.0005
14665,805,dhmix_1308085019204784636,805,EnthalpyOfMixing,<Substance C1COCO1{solv}{x=0.500900}|Cc1ccccc1Cl{solv}{x=0.499100}>,C1COCO1,Cc1ccccc1Cl,fb-fit-v3-single-mean-k100,1,0.3894604723741679,0.0319121340992057,0.393,0.002
14666,806,dhmix_1924685013370154802,806,EnthalpyOfMixing,<Substance C1COCO1{solv}{x=0.760400}|Cc1ccccc1Cl{solv}{x=0.239600}>,C1COCO1,Cc1ccccc1Cl,fb-fit-v3-single-mean-k100,1,0.2835210192165505,0.0399797976073591,0.313,0.0015
14667,807,dhmix_549919019055097043,807,EnthalpyOfMixing,<Substance C1CCCCC1{solv}{x=0.799100}|CC(C)O{solv}{x=0.200900}>,C1CCCCC1,CC(C)O,fb-fit-v3-single-mean-k100,1,0.6873943886851919,0.037094054960371,0.702,0.017
14668,808,dhmix_1101575580592240663,808,EnthalpyOfMixing,<Substance C1CCCCC1{solv}{x=0.199500}|CC(C)O{solv}{x=0.800500}>,C1CCCCC1,CC(C)O,fb-fit-v3-single-mean-k100,1,0.4420827641268718,0.04053046452842,0.438,0.011
14669,809,dhmix_1262965345724899699,809,EnthalpyOfMixing,<Substance C1CCCCC1{solv}{x=0.498400}|CC(C)O{solv}{x=0.501600}>,C1CCCCC1,CC(C)O,fb-fit-v3-single-mean-k100,1,0.8445429420903992,0.0362100181817562,0.801,0.0195
14670,810,dens_1431184569437551541,810,Density,<Substance C1CCCCC1{solv}{x=0.705800}|CC(C)O{solv}{x=0.294200}>,C1CCCCC1,CC(C)O,fb-fit-v3-single-mean-k100,1,0.7743486409937856,0.0002154101368311,0.7711100000000002,0.000245
14671,811,dens_2097249982689376165,811,Density,<Substance C1CCCCC1{solv}{x=0.200000}|CC(C)O{solv}{x=0.800000}>,C1CCCCC1,CC(C)O,fb-fit-v3-single-mean-k100,1,0.792614136610942,0.0002443106394899,0.7761000000000002,0.0003
14672,812,dens_2130071224188444793,812,Density,<Substance C1CCCCC1{solv}{x=0.503900}|CC(C)O{solv}{x=0.496100}>,C1CCCCC1,CC(C)O,fb-fit-v3-single-mean-k100,1,0.7802066280535433,0.0001978005791849,0.7719000000000001,0.0003
14673,813,dens_562489367284385084,813,Density,<Substance CCCCC(=O)OC{solv}{x=0.251100}|COC(C)=O{solv}{x=0.748900}>,CCCCC(=O)OC,COC(C)=O,fb-fit-v3-single-mean-k100,1,0.9160772843931946,0.0002576854154075,0.9105300000000002,0.000505
14674,814,dhmix_814771684244180933,814,EnthalpyOfMixing,<Substance CCCCC(=O)OC{solv}{x=0.733900}|COC(C)=O{solv}{x=0.266100}>,CCCCC(=O)OC,COC(C)=O,fb-fit-v3-single-mean-k100,1,0.0195434052439435,0.044305870443448,0.178,0.002
14675,815,dhmix_915202362324204655,815,EnthalpyOfMixing,<Substance CCCCC(=O)OC{solv}{x=0.505500}|COC(C)=O{solv}{x=0.494500}>,CCCCC(=O)OC,COC(C)=O,fb-fit-v3-single-mean-k100,1,0.1316781287503339,0.0399086045188394,0.238,0.0025
14676,816,dhmix_935892165648195197,816,EnthalpyOfMixing,<Substance CCCCC(=O)OC{solv}{x=0.234700}|COC(C)=O{solv}{x=0.765300}>,CCCCC(=O)OC,COC(C)=O,fb-fit-v3-single-mean-k100,1,0.0597285365941289,0.0424452361634644,0.173,0.002
14677,817,dens_961692445804333991,817,Density,<Substance CCCCC(=O)OC{solv}{x=0.738300}|COC(C)=O{solv}{x=0.261700}>,CCCCC(=O)OC,COC(C)=O,fb-fit-v3-single-mean-k100,1,0.897744687180216,0.000207823553146,0.8914700000000002,0.000505
14678,818,dens_1493380961688632529,818,Density,<Substance CCCCC(=O)OC{solv}{x=0.493500}|COC(C)=O{solv}{x=0.506500}>,CCCCC(=O)OC,COC(C)=O,fb-fit-v3-single-mean-k100,1,0.9057071639983588,0.0002467983703082,0.8996200000000002,0.000505
14679,819,dhmix_563342363018905515,819,EnthalpyOfMixing,<Substance CCOC(=O)CC(C)=O{solv}{x=0.751400}|O{solv}{x=0.248600}>,CCOC(=O)CC(C)=O,O,fb-fit-v3-single-mean-k100,1,0.8207166491933151,0.0467183239887405,1.128,0.012
14680,820,dhmix_1385095028103136291,820,EnthalpyOfMixing,<Substance CCOC(=O)CC(C)=O{solv}{x=0.449100}|O{solv}{x=0.550900}>,CCOC(=O)CC(C)=O,O,fb-fit-v3-single-mean-k100,1,0.709227953279111,0.0315952980150516,0.684,0.0075
14681,821,dhmix_1609967394780907654,821,EnthalpyOfMixing,<Substance CCOC(=O)CC(C)=O{solv}{x=0.299400}|O{solv}{x=0.700600}>,CCOC(=O)CC(C)=O,O,fb-fit-v3-single-mean-k100,1,0.5250204477075044,0.0308508597629829,0.428,0.005
14682,822,dhmix_566259260175961973,822,EnthalpyOfMixing,<Substance CCCCO{solv}{x=0.144700}|OC1=NCCC1{solv}{x=0.855300}>,CCCCO,OC1=NCCC1,fb-fit-v3-single-mean-k100,1,0.80610641766269,0.0398110485938121,0.0949,0.0012
14683,823,dens_1146983614802652988,823,Density,<Substance CCCCO{solv}{x=0.500400}|OC1=NCCC1{solv}{x=0.499600}>,CCCCO,OC1=NCCC1,fb-fit-v3-single-mean-k100,1,0.9328190943596868,0.0002442530440831,0.94503,0.00015
14684,824,dhmix_1601732489230179724,824,EnthalpyOfMixing,<Substance CCCCO{solv}{x=0.497800}|OC1=NCCC1{solv}{x=0.502200}>,CCCCO,OC1=NCCC1,fb-fit-v3-single-mean-k100,1,1.527922726161421,0.0346480903091851,0.2326,0.0026
14685,825,dhmix_1661138478850718837,825,EnthalpyOfMixing,<Substance CCCCO{solv}{x=0.754800}|OC1=NCCC1{solv}{x=0.245200}>,CCCCO,OC1=NCCC1,fb-fit-v3-single-mean-k100,1,1.2902337388981058,0.0393342281241205,0.2356,0.00265
14686,826,dens_1878955695276199878,826,Density,<Substance CCCCO{solv}{x=0.144600}|OC1=NCCC1{solv}{x=0.855400}>,CCCCO,OC1=NCCC1,fb-fit-v3-single-mean-k100,1,1.024850536685784,0.0002283645228588,1.0575900000000005,0.000205
14687,827,dens_2101998760005952263,827,Density,<Substance CCCCO{solv}{x=0.755500}|OC1=NCCC1{solv}{x=0.244500}>,CCCCO,OC1=NCCC1,fb-fit-v3-single-mean-k100,1,0.869282938806998,0.0002107572967083,0.8711500000000002,0.000185
14688,828,dhmix_569012254773025696,828,EnthalpyOfMixing,<Substance CC(C)(C)O{solv}{x=0.505700}|OC1=NCCC1{solv}{x=0.494300}>,CC(C)(C)O,OC1=NCCC1,fb-fit-v3-single-mean-k100,1,2.1497024456988925,0.052439480115618,0.4323,0.0047
14689,829,dens_992979807705536615,829,Density,<Substance CC(C)(C)O{solv}{x=0.751100}|OC1=NCCC1{solv}{x=0.248900}>,CC(C)(C)O,OC1=NCCC1,fb-fit-v3-single-mean-k100,1,0.877433913749291,0.000232120365738,0.8505700000000003,0.000215
14690,830,dens_1020722913861580636,830,Density,<Substance CC(C)(C)O{solv}{x=0.499700}|OC1=NCCC1{solv}{x=0.500300}>,CC(C)(C)O,OC1=NCCC1,fb-fit-v3-single-mean-k100,1,0.9349895678462932,0.0002734972153933,0.9282800000000002,0.00018
14691,831,dhmix_1408261346335628114,831,EnthalpyOfMixing,<Substance CC(C)(C)O{solv}{x=0.744900}|OC1=NCCC1{solv}{x=0.255100}>,CC(C)(C)O,OC1=NCCC1,fb-fit-v3-single-mean-k100,1,2.2379027111680685,0.0452833307055021,0.3774,0.00415
14692,832,dhmix_1466823939183874689,832,EnthalpyOfMixing,<Substance CC(C)(C)O{solv}{x=0.257800}|OC1=NCCC1{solv}{x=0.742200}>,CC(C)(C)O,OC1=NCCC1,fb-fit-v3-single-mean-k100,1,1.2947210889995515,0.0365686833670445,0.2874,0.0032
14693,833,dens_1768273433543243004,833,Density,<Substance CC(C)(C)O{solv}{x=0.276400}|OC1=NCCC1{solv}{x=0.723600}>,CC(C)(C)O,OC1=NCCC1,fb-fit-v3-single-mean-k100,1,0.9917956660760506,0.0002273465625383,1.0036300000000002,0.000155
14694,834,dens_571827819113574480,834,Density,<Substance CC(C)OC(C)C{solv}{x=0.700400}|Cc1ccccc1{solv}{x=0.299600}>,CC(C)OC(C)C,Cc1ccccc1,fb-fit-v3-single-mean-k100,1,0.7733487697046156,0.00020906336101,0.7573100000000001,0.000155
14695,835,dhmix_686402805609192969,835,EnthalpyOfMixing,<Substance CC(C)OC(C)C{solv}{x=0.228000}|Cc1ccccc1{solv}{x=0.772000}>,CC(C)OC(C)C,Cc1ccccc1,fb-fit-v3-single-mean-k100,1,-0.0752302321617861,0.0412484967800712,0.0593,0.00515
14696,836,dhmix_1045652173440309018,836,EnthalpyOfMixing,<Substance CC(C)OC(C)C{solv}{x=0.752000}|Cc1ccccc1{solv}{x=0.248000}>,CC(C)OC(C)C,Cc1ccccc1,fb-fit-v3-single-mean-k100,1,-0.1025047416211606,0.0510548844957056,-0.0091,0.00505
14697,837,dhmix_1690461453403165745,837,EnthalpyOfMixing,<Substance CC(C)OC(C)C{solv}{x=0.455000}|Cc1ccccc1{solv}{x=0.545000}>,CC(C)OC(C)C,Cc1ccccc1,fb-fit-v3-single-mean-k100,1,-0.0409783881304264,0.0462684450553327,0.0323,0.0051
14698,838,dens_2086775654110573795,838,Density,<Substance CC(C)OC(C)C{solv}{x=0.200400}|Cc1ccccc1{solv}{x=0.799600}>,CC(C)OC(C)C,Cc1ccccc1,fb-fit-v3-single-mean-k100,1,0.8431428438183309,0.0002125052125995,0.8299700000000002,0.00014
14699,839,dens_2167043968237201720,839,Density,<Substance CC(C)OC(C)C{solv}{x=0.500300}|Cc1ccccc1{solv}{x=0.499700}>,CC(C)OC(C)C,Cc1ccccc1,fb-fit-v3-single-mean-k100,1,0.8001966583434666,0.0002147131187234,0.7849200000000002,0.000155
14700,840,dhmix_578047845607378963,840,EnthalpyOfMixing,<Substance CN1CCCC1=O{solv}{x=0.635900}|c1ccncc1{solv}{x=0.364100}>,CN1CCCC1=O,c1ccncc1,fb-fit-v3-single-mean-k100,1,-0.3256466930358241,0.0402823228878785,-0.4013,0.10035
14701,841,dhmix_625120262301063359,841,EnthalpyOfMixing,<Substance CN1CCCC1=O{solv}{x=0.231200}|c1ccncc1{solv}{x=0.768800}>,CN1CCCC1=O,c1ccncc1,fb-fit-v3-single-mean-k100,1,-0.3462643398499612,0.0363698863357067,-0.3157,0.07895
14702,842,dens_1059919274311274879,842,Density,<Substance CN1CCCC1=O{solv}{x=0.521500}|c1ccncc1{solv}{x=0.478500}>,CN1CCCC1=O,c1ccncc1,fb-fit-v3-single-mean-k100,1,1.002208172702086,0.0002134685587584,1.0158200000000004,0.00051
14703,843,dens_1445187430653020908,843,Density,<Substance CN1CCCC1=O{solv}{x=0.234800}|c1ccncc1{solv}{x=0.765200}>,CN1CCCC1=O,c1ccncc1,fb-fit-v3-single-mean-k100,1,0.9925520630321174,0.0002499045146305,0.9983500000000004,0.00051
14704,844,dhmix_1933003504821603087,844,EnthalpyOfMixing,<Substance CN1CCCC1=O{solv}{x=0.499500}|c1ccncc1{solv}{x=0.500500}>,CN1CCCC1=O,c1ccncc1,fb-fit-v3-single-mean-k100,1,-0.2733579711991014,0.0399016885552147,-0.4356,0.1089
14705,845,dens_2199047009222847682,845,Density,<Substance CN1CCCC1=O{solv}{x=0.636400}|c1ccncc1{solv}{x=0.363600}>,CN1CCCC1=O,c1ccncc1,fb-fit-v3-single-mean-k100,1,1.0055658466345938,0.0002135072550121,1.0207400000000002,0.00051
14706,846,dens_586351122522837789,846,Density,<Substance c1cc[nH]c1{solv}{x=0.820700}|c1ccccc1{solv}{x=0.179300}>,c1cc[nH]c1,c1ccccc1,fb-fit-v3-single-mean-k100,1,0.9603145600398846,0.0002736769337261,0.9503300000000002,0.000195
14707,847,dhmix_1101447260293284221,847,EnthalpyOfMixing,<Substance c1cc[nH]c1{solv}{x=0.494000}|c1ccccc1{solv}{x=0.506000}>,c1cc[nH]c1,c1ccccc1,fb-fit-v3-single-mean-k100,1,0.6412188245034187,0.0367618610091605,0.609,0.00395
14708,848,dens_1366042600317618213,848,Density,<Substance c1cc[nH]c1{solv}{x=0.503000}|c1ccccc1{solv}{x=0.497000}>,c1cc[nH]c1,c1ccccc1,fb-fit-v3-single-mean-k100,1,0.9286714025429648,0.000253874162251,0.9220400000000002,0.00019
14709,849,dens_2042223650153961549,849,Density,<Substance c1cc[nH]c1{solv}{x=0.314200}|c1ccccc1{solv}{x=0.685800}>,c1cc[nH]c1,c1ccccc1,fb-fit-v3-single-mean-k100,1,0.9129296128398096,0.0002483391951693,0.9043500000000002,0.000195
14710,850,dhmix_2080652523589171296,850,EnthalpyOfMixing,<Substance c1cc[nH]c1{solv}{x=0.820800}|c1ccccc1{solv}{x=0.179200}>,c1cc[nH]c1,c1ccccc1,fb-fit-v3-single-mean-k100,1,0.4223193349490799,0.0400488076411651,0.3441,0.00245
14711,851,dhmix_2101365800313583195,851,EnthalpyOfMixing,<Substance c1cc[nH]c1{solv}{x=0.314000}|c1ccccc1{solv}{x=0.686000}>,c1cc[nH]c1,c1ccccc1,fb-fit-v3-single-mean-k100,1,0.5360829430482852,0.0366018289964384,0.5893,0.00385
14712,852,dens_592296207180530796,852,Density,<Substance C1CCNCC1{solv}{x=0.250000}|O{solv}{x=0.750000}>,C1CCNCC1,O,fb-fit-v3-single-mean-k100,1,0.9162543257917464,0.0003941529683662,0.9379600000000002,0.000185
14713,853,dhmix_598563182385523239,853,EnthalpyOfMixing,<Substance C1CCNCC1{solv}{x=0.750000}|O{solv}{x=0.250000}>,C1CCNCC1,O,fb-fit-v3-single-mean-k100,1,-0.9324766289611972,0.0416951697621247,-1.4628,0.02995
14714,854,dens_1144696340343060729,854,Density,<Substance C1CCNCC1{solv}{x=0.500000}|O{solv}{x=0.500000}>,C1CCNCC1,O,fb-fit-v3-single-mean-k100,1,0.8938782736142782,0.0002643037781263,0.90329,0.000235
14715,855,dens_1551117370864361960,855,Density,<Substance C1CCNCC1{solv}{x=0.750000}|O{solv}{x=0.250000}>,C1CCNCC1,O,fb-fit-v3-single-mean-k100,1,0.8808060208385942,0.0002389823349501,0.8771300000000002,0.000285
14716,856,dhmix_2023343497633678069,856,EnthalpyOfMixing,<Substance C1CCNCC1{solv}{x=0.500000}|O{solv}{x=0.500000}>,C1CCNCC1,O,fb-fit-v3-single-mean-k100,1,-1.3506959195523045,0.0329418619264352,-2.1379,0.04355
14717,857,dhmix_2169709193905404129,857,EnthalpyOfMixing,<Substance C1CCNCC1{solv}{x=0.250000}|O{solv}{x=0.750000}>,C1CCNCC1,O,fb-fit-v3-single-mean-k100,1,-0.9004738175141931,0.0290637313797432,-1.9642,0.04065
14718,858,dhmix_597694390671293228,858,EnthalpyOfMixing,<Substance C1CCCCC1{solv}{x=0.495000}|c1cc[nH]c1{solv}{x=0.505000}>,C1CCCCC1,c1cc[nH]c1,fb-fit-v3-single-mean-k100,1,1.6629103089362616,0.0395425751313014,1.4275,0.00895
14719,859,dens_1402964712081643759,859,Density,<Substance C1CCCCC1{solv}{x=0.281700}|c1cc[nH]c1{solv}{x=0.718300}>,C1CCCCC1,c1cc[nH]c1,fb-fit-v3-single-mean-k100,1,0.8964493635193511,0.0002784680935249,0.9082800000000002,0.00023
14720,860,dens_1463337814181203578,860,Density,<Substance C1CCCCC1{solv}{x=0.925100}|c1cc[nH]c1{solv}{x=0.074900}>,C1CCCCC1,c1cc[nH]c1,fb-fit-v3-single-mean-k100,1,0.7797756101054333,0.0002219710168251,0.7860300000000001,0.00026
14721,861,dens_1586039458655447443,861,Density,<Substance C1CCCCC1{solv}{x=0.494200}|c1cc[nH]c1{solv}{x=0.505800}>,C1CCCCC1,c1cc[nH]c1,fb-fit-v3-single-mean-k100,1,0.8488903682968343,0.0002405743658202,0.8661300000000002,0.000235
14722,862,dhmix_1650717903260721901,862,EnthalpyOfMixing,<Substance C1CCCCC1{solv}{x=0.924800}|c1cc[nH]c1{solv}{x=0.075200}>,C1CCCCC1,c1cc[nH]c1,fb-fit-v3-single-mean-k100,1,0.7392151855557785,0.0451247679900169,0.7315,0.00535
14723,863,dhmix_1709124910710738018,863,EnthalpyOfMixing,<Substance C1CCCCC1{solv}{x=0.281800}|c1cc[nH]c1{solv}{x=0.718200}>,C1CCCCC1,c1cc[nH]c1,fb-fit-v3-single-mean-k100,1,1.3604345121273551,0.0379201765737905,1.245,0.00795
14724,864,dhmix_602003453564252918,864,EnthalpyOfMixing,<Substance COc1ccccc1{solv}{x=0.767000}|OCCc1ccccc1{solv}{x=0.233000}>,COc1ccccc1,OCCc1ccccc1,fb-fit-v3-single-mean-k100,1,0.8993225932111315,0.0468726655056667,1.1154,0.01195
14725,865,dhmix_831666159864093343,865,EnthalpyOfMixing,<Substance COc1ccccc1{solv}{x=0.267800}|OCCc1ccccc1{solv}{x=0.732200}>,COc1ccccc1,OCCc1ccccc1,fb-fit-v3-single-mean-k100,1,0.6440375134378513,0.0508174018374845,0.688,0.00745
14726,866,dhmix_1415130215717622630,866,EnthalpyOfMixing,<Substance COc1ccccc1{solv}{x=0.523200}|OCCc1ccccc1{solv}{x=0.476800}>,COc1ccccc1,OCCc1ccccc1,fb-fit-v3-single-mean-k100,1,0.8802299542385086,0.0460354072610046,1.0457,0.0112
14727,867,dens_2018050376435813399,867,Density,<Substance COc1ccccc1{solv}{x=0.767300}|OCCc1ccccc1{solv}{x=0.232700}>,COc1ccccc1,OCCc1ccccc1,fb-fit-v3-single-mean-k100,1,0.9846043246742016,0.0001388778295873,0.9869000000000002,0.00026
14728,868,dens_2083067547090229321,868,Density,<Substance COc1ccccc1{solv}{x=0.524500}|OCCc1ccccc1{solv}{x=0.475500}>,COc1ccccc1,OCCc1ccccc1,fb-fit-v3-single-mean-k100,1,0.9960202855695128,0.0002061133634388,0.9943600000000002,0.00026
14729,869,dens_2108796896152795987,869,Density,<Substance COc1ccccc1{solv}{x=0.212100}|OCCc1ccccc1{solv}{x=0.787900}>,COc1ccccc1,OCCc1ccccc1,fb-fit-v3-single-mean-k100,1,1.0086495182577278,0.000195843104669,1.0032600000000005,0.00026
14730,870,dhmix_607389561715885318,870,EnthalpyOfMixing,<Substance CC(C)O{solv}{x=0.750600}|CCOC(=O)CC(=O)OCC{solv}{x=0.249400}>,CC(C)O,CCOC(=O)CC(=O)OCC,fb-fit-v3-single-mean-k100,1,2.2382482612712806,0.0425328561842743,1.955,0.021
14731,871,dhmix_970997719035766241,871,EnthalpyOfMixing,<Substance CC(C)O{solv}{x=0.249200}|CCOC(=O)CC(=O)OCC{solv}{x=0.750800}>,CC(C)O,CCOC(=O)CC(=O)OCC,fb-fit-v3-single-mean-k100,1,1.7892466261399136,0.0481559669692477,1.804,0.0195
14732,872,dens_1055220895195342210,872,Density,<Substance CC(C)O{solv}{x=0.700000}|CCOC(=O)CC(=O)OCC{solv}{x=0.300000}>,CC(C)O,CCOC(=O)CC(=O)OCC,fb-fit-v3-single-mean-k100,1,0.9242270177724174,0.0002221424252114,0.9013080000000002,0.000163
14733,873,dens_1059428282849222105,873,Density,<Substance CC(C)O{solv}{x=0.500100}|CCOC(=O)CC(=O)OCC{solv}{x=0.499900}>,CC(C)O,CCOC(=O)CC(=O)OCC,fb-fit-v3-single-mean-k100,1,0.9778491471829313,0.0002029675782792,0.9563730000000004,0.0001215
14734,874,dhmix_2225069850502215858,874,EnthalpyOfMixing,<Substance CC(C)O{solv}{x=0.499700}|CCOC(=O)CC(=O)OCC{solv}{x=0.500300}>,CC(C)O,CCOC(=O)CC(=O)OCC,fb-fit-v3-single-mean-k100,1,2.3967303413159016,0.0443674194820225,2.369,0.0255
14735,875,dens_2227064517025896927,875,Density,<Substance CC(C)O{solv}{x=0.200000}|CCOC(=O)CC(=O)OCC{solv}{x=0.800000}>,CC(C)O,CCOC(=O)CC(=O)OCC,fb-fit-v3-single-mean-k100,1,1.035244106845281,0.0002065457074956,1.0176930000000002,0.000103
14736,876,dhmix_614525131410782877,876,EnthalpyOfMixing,<Substance CCCCCC(C)=O{solv}{x=0.491300}|CCCCNCCCC{solv}{x=0.508700}>,CCCCCC(C)=O,CCCCNCCCC,fb-fit-v3-single-mean-k100,1,-0.0503905099469221,0.0505398983932408,0.278,0.003
14737,877,dhmix_1051001364116056564,877,EnthalpyOfMixing,<Substance CCCCCC(C)=O{solv}{x=0.781100}|CCCCNCCCC{solv}{x=0.218900}>,CCCCCC(C)=O,CCCCNCCCC,fb-fit-v3-single-mean-k100,1,-0.0297065585059499,0.0508154111408762,0.164,0.002
14738,878,dens_1087422962538109584,878,Density,<Substance CCCCCC(C)=O{solv}{x=0.449900}|CCCCNCCCC{solv}{x=0.550100}>,CCCCCC(C)=O,CCCCNCCCC,fb-fit-v3-single-mean-k100,1,0.7861249023748345,0.0001762293823126,0.7778490000000002,9.250000000000004e-05
14739,879,dens_1830187222448876426,879,Density,<Substance CCCCCC(C)=O{solv}{x=0.209700}|CCCCNCCCC{solv}{x=0.790300}>,CCCCCC(C)=O,CCCCNCCCC,fb-fit-v3-single-mean-k100,1,0.7749178632354712,0.0001221393296266,0.7655110000000002,8.400000000000002e-05
14740,880,dens_2113849591242853193,880,Density,<Substance CCCCCC(C)=O{solv}{x=0.750900}|CCCCNCCCC{solv}{x=0.249100}>,CCCCCC(C)=O,CCCCNCCCC,fb-fit-v3-single-mean-k100,1,0.8011688169871,0.0001597352289746,0.7951660000000003,0.000105
14741,881,dhmix_2131918011494960609,881,EnthalpyOfMixing,<Substance CCCCCC(C)=O{solv}{x=0.294700}|CCCCNCCCC{solv}{x=0.705300}>,CCCCCC(C)=O,CCCCNCCCC,fb-fit-v3-single-mean-k100,1,-0.0344589712571234,0.050568008167274,0.256,0.003
14742,882,dhmix_618866445574413387,882,EnthalpyOfMixing,<Substance C1CCOCC1{solv}{x=0.442500}|Cc1ccccc1C{solv}{x=0.557500}>,C1CCOCC1,Cc1ccccc1C,fb-fit-v3-single-mean-k100,1,-0.0843080838252916,0.0421122366874965,-0.0342,0.0006
14743,883,dens_643927890193937545,883,Density,<Substance C1CCOCC1{solv}{x=0.518700}|Cc1ccccc1C{solv}{x=0.481300}>,C1CCOCC1,Cc1ccccc1C,fb-fit-v3-single-mean-k100,1,0.8764910217943211,0.0001821012024551,0.8779900000000003,0.0005
14744,884,dhmix_1129414916141538177,884,EnthalpyOfMixing,<Substance C1CCOCC1{solv}{x=0.744300}|Cc1ccccc1C{solv}{x=0.255700}>,C1CCOCC1,Cc1ccccc1C,fb-fit-v3-single-mean-k100,1,-0.0813795477781553,0.040591800185431,0.0421,0.00065
14745,885,dens_1429468909820653032,885,Density,<Substance C1CCOCC1{solv}{x=0.231800}|Cc1ccccc1C{solv}{x=0.768200}>,C1CCOCC1,Cc1ccccc1C,fb-fit-v3-single-mean-k100,1,0.8763412018693395,0.0001989353348199,0.8770400000000002,0.0005
14746,886,dens_1442497603142913792,886,Density,<Substance C1CCOCC1{solv}{x=0.772900}|Cc1ccccc1C{solv}{x=0.227100}>,C1CCOCC1,Cc1ccccc1C,fb-fit-v3-single-mean-k100,1,0.8758982253303325,0.0001715940622257,0.8787800000000002,0.000505
14747,887,dhmix_2268256048157488415,887,EnthalpyOfMixing,<Substance C1CCOCC1{solv}{x=0.245400}|Cc1ccccc1C{solv}{x=0.754600}>,C1CCOCC1,Cc1ccccc1C,fb-fit-v3-single-mean-k100,1,-0.1713881574692379,0.0456653359394073,-0.0613,0.00085
14748,888,dens_626398848152359169,888,Density,<Substance C1COCCN1{solv}{x=0.498000}|O{solv}{x=0.502000}>,C1COCCN1,O,fb-fit-v3-single-mean-k100,1,1.042632067726665,0.0003453096271876,1.0255000000000003,0.00255
14749,889,dhmix_773913810754342365,889,EnthalpyOfMixing,<Substance C1COCCN1{solv}{x=0.714900}|O{solv}{x=0.285100}>,C1COCCN1,O,fb-fit-v3-single-mean-k100,1,-2.134476101147726,0.0491755844492028,-1.753,0.019
14750,890,dhmix_1012297674499495059,890,EnthalpyOfMixing,<Substance C1COCCN1{solv}{x=0.201000}|O{solv}{x=0.799000}>,C1COCCN1,O,fb-fit-v3-single-mean-k100,1,-1.792729467976521,0.023438486217397,-2.758,0.0295
14751,891,dens_1167008264969667349,891,Density,<Substance C1COCCN1{solv}{x=0.793000}|O{solv}{x=0.207000}>,C1COCCN1,O,fb-fit-v3-single-mean-k100,1,1.040969006533709,0.0003840536781591,1.0057000000000005,0.00245
14752,892,dhmix_1871930573512426354,892,EnthalpyOfMixing,<Substance C1COCCN1{solv}{x=0.491100}|O{solv}{x=0.508900}>,C1COCCN1,O,fb-fit-v3-single-mean-k100,1,-2.9780628250780836,0.0396081445584165,-3.131,0.0335
14753,893,dens_2014911999593579414,893,Density,<Substance C1COCCN1{solv}{x=0.298000}|O{solv}{x=0.702000}>,C1COCCN1,O,fb-fit-v3-single-mean-k100,1,1.0345851062700353,0.0003653682589001,1.0309000000000004,0.00255
14754,894,dens_627753907231278660,894,Density,<Substance CCC(C)=O{solv}{x=0.753100}|CCCNCCC{solv}{x=0.246900}>,CCC(C)=O,CCCNCCC,fb-fit-v3-single-mean-k100,1,0.7785653186593713,0.0002451995152231,0.7771510000000001,0.000109
14755,895,dens_674236159588910357,895,Density,<Substance CCC(C)=O{solv}{x=0.244600}|CCCNCCC{solv}{x=0.755400}>,CCC(C)=O,CCCNCCC,fb-fit-v3-single-mean-k100,1,0.7522788823964223,0.0002380174103693,0.7446230000000003,0.0001405
14756,896,dhmix_749228177959685874,896,EnthalpyOfMixing,<Substance CCC(C)=O{solv}{x=0.235300}|CCCNCCC{solv}{x=0.764700}>,CCC(C)=O,CCCNCCC,fb-fit-v3-single-mean-k100,1,0.1120208350561355,0.0470730743059648,0.299,0.0035
14757,897,dhmix_1706960823617656563,897,EnthalpyOfMixing,<Substance CCC(C)=O{solv}{x=0.698400}|CCCNCCC{solv}{x=0.301600}>,CCC(C)=O,CCCNCCC,fb-fit-v3-single-mean-k100,1,0.0017118679750467,0.042479734635629,0.334,0.0035
14758,898,dhmix_2102794241345605516,898,EnthalpyOfMixing,<Substance CCC(C)=O{solv}{x=0.505000}|CCCNCCC{solv}{x=0.495000}>,CCC(C)=O,CCCNCCC,fb-fit-v3-single-mean-k100,1,0.0767328136288796,0.0450913931935949,0.397,0.0045
14759,899,dens_2224864308887622456,899,Density,<Substance CCC(C)=O{solv}{x=0.500600}|CCCNCCC{solv}{x=0.499400}>,CCC(C)=O,CCCNCCC,fb-fit-v3-single-mean-k100,1,0.7643056004373018,0.0001916103500323,0.7590400000000002,0.000125
14760,900,dhmix_628329103086906726,900,EnthalpyOfMixing,<Substance CC1CCCCC1{solv}{x=0.250400}|CCCO{solv}{x=0.749600}>,CC1CCCCC1,CCCO,fb-fit-v3-single-mean-k100,1,0.3319106916122294,0.0341288441002599,0.321,0.0055
14761,901,dhmix_989207392771680315,901,EnthalpyOfMixing,<Substance CC1CCCCC1{solv}{x=0.750500}|CCCO{solv}{x=0.249500}>,CC1CCCCC1,CCCO,fb-fit-v3-single-mean-k100,1,0.508487660855522,0.0413740288072776,0.574,0.0055
14762,902,dens_1351260115393741606,902,Density,<Substance CC1CCCCC1{solv}{x=0.503100}|CCCO{solv}{x=0.496900}>,CC1CCCCC1,CCCO,fb-fit-v3-single-mean-k100,1,0.7839950668224925,0.0002336089573271,0.7785600000000001,0.0039
14763,903,dens_1376195506089851480,903,Density,<Substance CC1CCCCC1{solv}{x=0.202700}|CCCO{solv}{x=0.797300}>,CC1CCCCC1,CCCO,fb-fit-v3-single-mean-k100,1,0.7936967076475971,0.0001885847940025,0.7942000000000002,0.00398
14764,904,dens_1501229836503112732,904,Density,<Substance CC1CCCCC1{solv}{x=0.799000}|CCCO{solv}{x=0.201000}>,CC1CCCCC1,CCCO,fb-fit-v3-single-mean-k100,1,0.7775998832818753,0.0002294622120564,0.7688300000000002,0.003855
14765,905,dhmix_2109805019413953371,905,EnthalpyOfMixing,<Substance CC1CCCCC1{solv}{x=0.500400}|CCCO{solv}{x=0.499600}>,CC1CCCCC1,CCCO,fb-fit-v3-single-mean-k100,1,0.4208588927575292,0.0421705858411755,0.533,0.0055
14766,906,dhmix_634764080264908666,906,EnthalpyOfMixing,<Substance OCCN1CCOCC1{solv}{x=0.498900}|O{solv}{x=0.501100}>,O,OCCN1CCOCC1,fb-fit-v3-single-mean-k100,1,-3.317892113321193,0.0367874147757763,-2.2633,0.02415
14767,907,dens_707792343667224312,907,Density,<Substance OCCN1CCOCC1{solv}{x=0.246600}|O{solv}{x=0.753400}>,O,OCCN1CCOCC1,fb-fit-v3-single-mean-k100,1,1.078809858522517,0.0004064960741365,1.0838100000000002,0.00154
14768,908,dhmix_1064373607860850902,908,EnthalpyOfMixing,<Substance OCCN1CCOCC1{solv}{x=0.694900}|O{solv}{x=0.305100}>,O,OCCN1CCOCC1,fb-fit-v3-single-mean-k100,1,-2.7907568460404377,0.0322205952372067,-1.7936,0.01915
14769,909,dhmix_1846281306963870091,909,EnthalpyOfMixing,<Substance OCCN1CCOCC1{solv}{x=0.300200}|O{solv}{x=0.699800}>,O,OCCN1CCOCC1,fb-fit-v3-single-mean-k100,1,-2.6058458532955626,0.0468428347255844,-2.426,0.026
14770,910,dens_2238932092645470826,910,Density,<Substance OCCN1CCOCC1{solv}{x=0.743900}|O{solv}{x=0.256100}>,O,OCCN1CCOCC1,fb-fit-v3-single-mean-k100,1,1.0952622438323447,0.0001778663164971,1.08031,0.001565
14771,911,dens_2269173599223764079,911,Density,<Substance OCCN1CCOCC1{solv}{x=0.485200}|O{solv}{x=0.514800}>,O,OCCN1CCOCC1,fb-fit-v3-single-mean-k100,1,1.0940119623470206,0.0002350174799449,1.0866900000000004,0.00159
14772,912,dhmix_636778454546345333,912,EnthalpyOfMixing,<Substance C1CCCCC1{solv}{x=0.506300}|CNc1ccccc1{solv}{x=0.493700}>,C1CCCCC1,CNc1ccccc1,fb-fit-v3-single-mean-k100,1,2.12555449417772,0.0415600186247498,1.628,0.0175
14773,913,dens_1209163492396921559,913,Density,<Substance C1CCCCC1{solv}{x=0.247000}|CNc1ccccc1{solv}{x=0.753000}>,C1CCCCC1,CNc1ccccc1,fb-fit-v3-single-mean-k100,1,0.9381844662806428,0.0002043002724415,0.9289450000000002,0.000272
14774,914,dens_1438140901521078017,914,Density,<Substance C1CCCCC1{solv}{x=0.494500}|CNc1ccccc1{solv}{x=0.505500}>,C1CCCCC1,CNc1ccccc1,fb-fit-v3-single-mean-k100,1,0.8807894243039552,0.00023913162374,0.8759620000000002,0.0001835
14775,915,dens_1482697199055102595,915,Density,<Substance C1CCCCC1{solv}{x=0.746400}|CNc1ccccc1{solv}{x=0.253600}>,C1CCCCC1,CNc1ccccc1,fb-fit-v3-single-mean-k100,1,0.8243947684481675,0.0001935613678608,0.8233530000000001,0.000138
14776,916,dhmix_1832297119731463766,916,EnthalpyOfMixing,<Substance C1CCCCC1{solv}{x=0.204700}|CNc1ccccc1{solv}{x=0.795300}>,C1CCCCC1,CNc1ccccc1,fb-fit-v3-single-mean-k100,1,1.5842142494588458,0.0415705211564717,0.972,0.0105
14777,917,dhmix_1889368397403208807,917,EnthalpyOfMixing,<Substance C1CCCCC1{solv}{x=0.706600}|CNc1ccccc1{solv}{x=0.293400}>,C1CCCCC1,CNc1ccccc1,fb-fit-v3-single-mean-k100,1,1.854048122532021,0.0441468867076099,1.521,0.0165
14778,918,dhmix_637657437173907469,918,EnthalpyOfMixing,<Substance CC(C)=O{solv}{x=0.709700}|CNc1ccccc1{solv}{x=0.290300}>,CC(C)=O,CNc1ccccc1,fb-fit-v3-single-mean-k100,1,-0.6669293984245392,0.0365865667032343,-0.525,0.0055
14779,919,dhmix_817594693007274900,919,EnthalpyOfMixing,<Substance CC(C)=O{solv}{x=0.231600}|CNc1ccccc1{solv}{x=0.768400}>,CC(C)=O,CNc1ccccc1,fb-fit-v3-single-mean-k100,1,-0.5012083417589768,0.0484839674431036,-0.5,0.0055
14780,920,dens_830664987854613197,920,Density,<Substance CC(C)=O{solv}{x=0.250300}|CNc1ccccc1{solv}{x=0.749700}>,CC(C)=O,CNc1ccccc1,fb-fit-v3-single-mean-k100,1,0.9636934642407312,0.0001831569970978,0.9502900000000002,0.0003395
14781,921,dhmix_1052042310023734389,921,EnthalpyOfMixing,<Substance CC(C)=O{solv}{x=0.508600}|CNc1ccccc1{solv}{x=0.491400}>,CC(C)=O,CNc1ccccc1,fb-fit-v3-single-mean-k100,1,-0.807141997294039,0.036742903345,-0.672,0.0075
14782,922,dens_1302333367899693905,922,Density,<Substance CC(C)=O{solv}{x=0.750600}|CNc1ccccc1{solv}{x=0.249400}>,CC(C)=O,CNc1ccccc1,fb-fit-v3-single-mean-k100,1,0.8642790841797193,0.0002359560679823,0.8565010000000002,0.000231
14783,923,dens_1582643029733708616,923,Density,<Substance CC(C)=O{solv}{x=0.494800}|CNc1ccccc1{solv}{x=0.505200}>,CC(C)=O,CNc1ccccc1,fb-fit-v3-single-mean-k100,1,0.9212718990635752,0.0002142099505549,0.9107940000000002,0.000263
14784,924,dens_650566412384126439,924,Density,<Substance CC(C)CC(C)(C)C{solv}{x=0.158800}|CCCCC(=O)OC{solv}{x=0.841200}>,CC(C)CC(C)(C)C,CCCCC(=O)OC,fb-fit-v3-single-mean-k100,1,0.8563780305675464,0.0002134104447159,0.8463800000000002,0.000505
14785,925,dhmix_986100941633296124,925,EnthalpyOfMixing,<Substance CC(C)CC(C)(C)C{solv}{x=0.481800}|CCCCC(=O)OC{solv}{x=0.518200}>,CC(C)CC(C)(C)C,CCCCC(=O)OC,fb-fit-v3-single-mean-k100,1,1.2777566542893055,0.0484194408473675,0.866,0.0095
14786,926,dens_1095352626338523806,926,Density,<Substance CC(C)CC(C)(C)C{solv}{x=0.742500}|CCCCC(=O)OC{solv}{x=0.257500}>,CC(C)CC(C)(C)C,CCCCC(=O)OC,fb-fit-v3-single-mean-k100,1,0.7529850782263138,0.0001281057662126,0.7289800000000002,0.000505
14787,927,dens_1260001645299629257,927,Density,<Substance CC(C)CC(C)(C)C{solv}{x=0.498400}|CCCCC(=O)OC{solv}{x=0.501600}>,CC(C)CC(C)(C)C,CCCCC(=O)OC,fb-fit-v3-single-mean-k100,1,0.7927464723628539,0.0001276510686345,0.7738400000000002,0.000505
14788,928,dhmix_1505455794590867712,928,EnthalpyOfMixing,<Substance CC(C)CC(C)(C)C{solv}{x=0.158900}|CCCCC(=O)OC{solv}{x=0.841100}>,CC(C)CC(C)(C)C,CCCCC(=O)OC,fb-fit-v3-single-mean-k100,1,0.6787084291013414,0.0497278722426592,0.438,0.005
14789,929,dhmix_1888614200283593194,929,EnthalpyOfMixing,<Substance CC(C)CC(C)(C)C{solv}{x=0.781300}|CCCCC(=O)OC{solv}{x=0.218700}>,CC(C)CC(C)(C)C,CCCCC(=O)OC,fb-fit-v3-single-mean-k100,1,1.033201481852231,0.0556731269775785,0.658,0.007
14790,930,dhmix_657900975986635712,930,EnthalpyOfMixing,<Substance Cc1ccccc1N{solv}{x=0.782700}|Cc1ccncc1{solv}{x=0.217300}>,Cc1ccccc1N,Cc1ccncc1,fb-fit-v3-single-mean-k100,1,-0.8099291779581428,0.0479761004359761,-0.8885,0.0182
14791,931,dhmix_727678512066874384,931,EnthalpyOfMixing,<Substance Cc1ccccc1N{solv}{x=0.478300}|Cc1ccncc1{solv}{x=0.521700}>,Cc1ccccc1N,Cc1ccncc1,fb-fit-v3-single-mean-k100,1,-1.3413067802069918,0.0478335814081617,-1.4295,0.0291
14792,932,dhmix_860941552641107708,932,EnthalpyOfMixing,<Substance Cc1ccccc1N{solv}{x=0.271500}|Cc1ccncc1{solv}{x=0.728500}>,Cc1ccccc1N,Cc1ccncc1,fb-fit-v3-single-mean-k100,1,-1.231506631274641,0.04258327784184,-1.1791,0.02405
14793,933,dens_1148106102021344214,933,Density,<Substance Cc1ccccc1N{solv}{x=0.265500}|Cc1ccncc1{solv}{x=0.734500}>,Cc1ccccc1N,Cc1ccncc1,fb-fit-v3-single-mean-k100,1,0.9746699494535048,0.0001975240005628,0.9662520000000002,0.00012
14794,934,dens_1294189007890656769,934,Density,<Substance Cc1ccccc1N{solv}{x=0.486300}|Cc1ccncc1{solv}{x=0.513700}>,Cc1ccccc1N,Cc1ccncc1,fb-fit-v3-single-mean-k100,1,0.989735435763139,0.0002176003352942,0.9765780000000002,0.000119
14795,935,dens_1461384477504239974,935,Density,<Substance Cc1ccccc1N{solv}{x=0.767400}|Cc1ccncc1{solv}{x=0.232600}>,Cc1ccccc1N,Cc1ccncc1,fb-fit-v3-single-mean-k100,1,1.0055774319115245,0.0003798508723668,0.9868740000000004,0.000118
14796,936,dens_671712471159959715,936,Density,<Substance CCCCCCN{solv}{x=0.294400}|CN(C)C=O{solv}{x=0.705600}>,CCCCCCN,CN(C)C=O,fb-fit-v3-single-mean-k100,1,0.8673659456219571,0.0001781875668037,0.8676880000000002,0.001057
14797,937,dhmix_791979567859859400,937,EnthalpyOfMixing,<Substance CCCCCCN{solv}{x=0.747800}|CN(C)C=O{solv}{x=0.252200}>,CCCCCCN,CN(C)C=O,fb-fit-v3-single-mean-k100,1,0.3594480681264542,0.0490829133655805,0.461,0.015
14798,938,dens_812907294215791908,938,Density,<Substance CCCCCCN{solv}{x=0.450000}|CN(C)C=O{solv}{x=0.550000}>,CCCCCCN,CN(C)C=O,fb-fit-v3-single-mean-k100,1,0.8426329912442473,0.0002312439980704,0.8367510000000001,0.001016
14799,939,dhmix_1553880519684715156,939,EnthalpyOfMixing,<Substance CCCCCCN{solv}{x=0.249700}|CN(C)C=O{solv}{x=0.750300}>,CCCCCCN,CN(C)C=O,fb-fit-v3-single-mean-k100,1,0.434694316778824,0.0419312504768191,0.51,0.0165
14800,940,dens_1658157305664412923,940,Density,<Substance CCCCCCN{solv}{x=0.745200}|CN(C)C=O{solv}{x=0.254800}>,CCCCCCN,CN(C)C=O,fb-fit-v3-single-mean-k100,1,0.8046545906972817,0.0001789730000342,0.7905460000000002,0.0009575
14801,941,dhmix_2271922176351407084,941,EnthalpyOfMixing,<Substance CCCCCCN{solv}{x=0.499700}|CN(C)C=O{solv}{x=0.500300}>,CCCCCCN,CN(C)C=O,fb-fit-v3-single-mean-k100,1,0.4995019503885629,0.0444980963008463,0.661,0.02
14802,942,dhmix_676105854791415053,942,EnthalpyOfMixing,<Substance C=C(C)[C@H]1CC=C(C)CC1{solv}{x=0.540000}|CCCCCO{solv}{x=0.460000}>,C=C(C)[C@H]1CC=C(C)CC1,CCCCCO,fb-fit-v3-single-mean-k100,1,0.7924688357488208,0.0524927247469927,0.858,0.0345
14803,943,dhmix_865539540276734208,943,EnthalpyOfMixing,<Substance C=C(C)[C@H]1CC=C(C)CC1{solv}{x=0.766000}|CCCCCO{solv}{x=0.234000}>,C=C(C)[C@H]1CC=C(C)CC1,CCCCCO,fb-fit-v3-single-mean-k100,1,0.6645903356225915,0.0531334598855204,0.782,0.0315
14804,944,dens_1544700949225348296,944,Density,<Substance C=C(C)[C@H]1CC=C(C)CC1{solv}{x=0.263500}|CCCCCO{solv}{x=0.736500}>,C=C(C)[C@H]1CC=C(C)CC1,CCCCCO,fb-fit-v3-single-mean-k100,1,0.8280952725648947,0.0001810245954941,0.8238000000000002,0.0002
14805,945,dens_1638649899512334435,945,Density,<Substance C=C(C)[C@H]1CC=C(C)CC1{solv}{x=0.543500}|CCCCCO{solv}{x=0.456500}>,C=C(C)[C@H]1CC=C(C)CC1,CCCCCO,fb-fit-v3-single-mean-k100,1,0.8331433770268727,0.0001234434125773,0.8312000000000003,0.0003
14806,946,dens_2014432371647189246,946,Density,<Substance C=C(C)[C@H]1CC=C(C)CC1{solv}{x=0.725200}|CCCCCO{solv}{x=0.274800}>,C=C(C)[C@H]1CC=C(C)CC1,CCCCCO,fb-fit-v3-single-mean-k100,1,0.8355032441330179,0.0001814618394309,0.8354000000000001,0.00035
14807,947,dhmix_2293008983270202716,947,EnthalpyOfMixing,<Substance C=C(C)[C@H]1CC=C(C)CC1{solv}{x=0.272000}|CCCCCO{solv}{x=0.728000}>,C=C(C)[C@H]1CC=C(C)CC1,CCCCCO,fb-fit-v3-single-mean-k100,1,0.5307248840149441,0.0491612592339471,0.532,0.0215
14808,948,dens_680086766431069719,948,Density,<Substance CN1CCNCC1{solv}{x=0.209100}|O{solv}{x=0.790900}>,CN1CCNCC1,O,fb-fit-v3-single-mean-k100,1,1.0017096552068183,0.0005527267920594,1.0013300000000005,4.000000000000001e-05
14809,949,dhmix_979415629850644100,949,EnthalpyOfMixing,<Substance CN1CCNCC1{solv}{x=0.199800}|O{solv}{x=0.800200}>,CN1CCNCC1,O,fb-fit-v3-single-mean-k100,1,-4.090557405954819,0.0330174293740679,-4.495,0.048
14810,950,dhmix_1386641258873877278,950,EnthalpyOfMixing,<Substance CN1CCNCC1{solv}{x=0.792600}|O{solv}{x=0.207400}>,CN1CCNCC1,O,fb-fit-v3-single-mean-k100,1,-1.6388812917826383,0.0393224402490106,-1.753,0.019
14811,951,dhmix_1572121970391530461,951,EnthalpyOfMixing,<Substance CN1CCNCC1{solv}{x=0.550000}|O{solv}{x=0.450000}>,CN1CCNCC1,O,fb-fit-v3-single-mean-k100,1,-3.7609938104777143,0.0328949618075774,-3.547,0.038
14812,952,dens_1756096179620961699,952,Density,<Substance CN1CCNCC1{solv}{x=0.510900}|O{solv}{x=0.489100}>,CN1CCNCC1,O,fb-fit-v3-single-mean-k100,1,0.9816527629845198,0.0004737482340243,0.9464100000000002,7.000000000000002e-05
14813,953,dens_1892970147583328629,953,Density,<Substance CN1CCNCC1{solv}{x=0.706500}|O{solv}{x=0.293500}>,CN1CCNCC1,O,fb-fit-v3-single-mean-k100,1,0.9701846998500347,0.0002915289018322,0.9223100000000002,8.500000000000002e-05
14814,954,dhmix_681274412655414068,954,EnthalpyOfMixing,<Substance CCCOC(=O)CC{solv}{x=0.739400}|Cc1ccccc1{solv}{x=0.260600}>,CCCOC(=O)CC,Cc1ccccc1,fb-fit-v3-single-mean-k100,1,-0.1977361712022585,0.0501244973157994,-0.1135,0.0033
14815,955,dhmix_720914323963600437,955,EnthalpyOfMixing,<Substance CCCOC(=O)CC{solv}{x=0.238900}|Cc1ccccc1{solv}{x=0.761100}>,CCCOC(=O)CC,Cc1ccccc1,fb-fit-v3-single-mean-k100,1,-0.2907253044201781,0.0408141694447599,-0.1404,0.0037
14816,956,dens_1397630560016316656,956,Density,<Substance CCCOC(=O)CC{solv}{x=0.274700}|Cc1ccccc1{solv}{x=0.725300}>,CCCOC(=O)CC,Cc1ccccc1,fb-fit-v3-single-mean-k100,1,0.8762874818444295,0.0001540207432814,0.8675700000000003,0.00018
14817,957,dhmix_1646061995263935606,957,EnthalpyOfMixing,<Substance CCCOC(=O)CC{solv}{x=0.548600}|Cc1ccccc1{solv}{x=0.451400}>,CCCOC(=O)CC,Cc1ccccc1,fb-fit-v3-single-mean-k100,1,-0.3546133204684665,0.0348320577699577,-0.1583,0.004
14818,958,dens_1792064777238352129,958,Density,<Substance CCCOC(=O)CC{solv}{x=0.490700}|Cc1ccccc1{solv}{x=0.509300}>,CCCOC(=O)CC,Cc1ccccc1,fb-fit-v3-single-mean-k100,1,0.877319386975914,0.0002040103413419,0.8707300000000002,0.00019
14819,959,dens_1826904081955826008,959,Density,<Substance CCCOC(=O)CC{solv}{x=0.734600}|Cc1ccccc1{solv}{x=0.265400}>,CCCOC(=O)CC,Cc1ccccc1,fb-fit-v3-single-mean-k100,1,0.8771568395195466,0.0002157246304471,0.8734100000000001,0.00021
14820,960,dens_685747331874801159,960,Density,<Substance CN1CCOCC1{solv}{x=0.498300}|O{solv}{x=0.501700}>,CN1CCOCC1,O,fb-fit-v3-single-mean-k100,1,0.9862354505578954,0.0003848214430879,0.9627600000000002,0.00084
14821,961,dens_1087644349445114282,961,Density,<Substance CN1CCOCC1{solv}{x=0.253800}|O{solv}{x=0.746200}>,CN1CCOCC1,O,fb-fit-v3-single-mean-k100,1,0.9949979576114428,0.0002694911572904,0.9918800000000002,0.00059
14822,962,dens_1374975991061431070,962,Density,<Substance CN1CCOCC1{solv}{x=0.758700}|O{solv}{x=0.241300}>,CN1CCOCC1,O,fb-fit-v3-single-mean-k100,1,0.9729530935331736,0.0002755274258986,0.9345300000000002,0.00112
14823,963,dhmix_686592400130667234,963,EnthalpyOfMixing,<Substance BrCCCBr{solv}{x=0.231300}|COC(C)=O{solv}{x=0.768700}>,BrCCCBr,COC(C)=O,fb-fit-v3-single-mean-k100,1,0.2230732186452897,0.0359317950410651,0.2115,0.0024
14824,964,dhmix_691866222529030049,964,EnthalpyOfMixing,<Substance BrCCCBr{solv}{x=0.504200}|COC(C)=O{solv}{x=0.495800}>,BrCCCBr,COC(C)=O,fb-fit-v3-single-mean-k100,1,0.1975905429750142,0.0315472365771696,0.3912,0.0038
14825,965,dens_1032175440351342196,965,Density,<Substance BrCCCBr{solv}{x=0.243500}|COC(C)=O{solv}{x=0.756500}>,BrCCCBr,COC(C)=O,fb-fit-v3-single-mean-k100,1,1.2267470287067035,0.0003862494339292,1.2277600000000002,0.00096
14826,966,dens_1180265274183315765,966,Density,<Substance BrCCCBr{solv}{x=0.713800}|COC(C)=O{solv}{x=0.286200}>,BrCCCBr,COC(C)=O,fb-fit-v3-single-mean-k100,1,1.695940078664037,0.0004506784331851,1.7174300000000005,0.002745
14827,967,dhmix_1380172638999588939,967,EnthalpyOfMixing,<Substance BrCCCBr{solv}{x=0.759400}|COC(C)=O{solv}{x=0.240600}>,BrCCCBr,COC(C)=O,fb-fit-v3-single-mean-k100,1,0.123565986186918,0.0308233425832158,0.313,0.0032
14828,968,dens_1697077234757321859,968,Density,<Substance BrCCCBr{solv}{x=0.525600}|COC(C)=O{solv}{x=0.474400}>,BrCCCBr,COC(C)=O,fb-fit-v3-single-mean-k100,1,1.5217812369192936,0.0004583836216048,1.5338800000000006,0.001965
14829,969,dens_693154680723850561,969,Density,<Substance CN1CCCC1=O{solv}{x=0.756400}|Cc1ccccc1{solv}{x=0.243600}>,CN1CCCC1=O,Cc1ccccc1,fb-fit-v3-single-mean-k100,1,0.9764601918469376,0.0002136795345359,0.9854500000000004,0.00034
14830,970,dhmix_1759507684169085916,970,EnthalpyOfMixing,<Substance CN1CCCC1=O{solv}{x=0.741800}|Cc1ccccc1{solv}{x=0.258200}>,CN1CCCC1=O,Cc1ccccc1,fb-fit-v3-single-mean-k100,1,0.0072675512600888,0.046913208344019,-0.2141,0.0024
14831,971,dens_1796497685752507694,971,Density,<Substance CN1CCCC1=O{solv}{x=0.481500}|Cc1ccccc1{solv}{x=0.518500}>,CN1CCCC1=O,Cc1ccccc1,fb-fit-v3-single-mean-k100,1,0.9382716854111832,0.0001909123272979,0.9415400000000002,0.00028
14832,972,dhmix_1857599089574133884,972,EnthalpyOfMixing,<Substance CN1CCCC1=O{solv}{x=0.223100}|Cc1ccccc1{solv}{x=0.776900}>,CN1CCCC1=O,Cc1ccccc1,fb-fit-v3-single-mean-k100,1,-0.1197451271292635,0.0350210634146778,-0.1889,0.00215
14833,973,dens_1886489466266398819,973,Density,<Substance CN1CCCC1=O{solv}{x=0.221600}|Cc1ccccc1{solv}{x=0.778400}>,CN1CCCC1=O,Cc1ccccc1,fb-fit-v3-single-mean-k100,1,0.9102967241811488,0.0001775876557889,0.9061600000000002,0.00076
14834,974,dhmix_2238554893157725289,974,EnthalpyOfMixing,<Substance CN1CCCC1=O{solv}{x=0.482100}|Cc1ccccc1{solv}{x=0.517900}>,CN1CCCC1=O,Cc1ccccc1,fb-fit-v3-single-mean-k100,1,-0.1086189943204019,0.0395379925542685,-0.2985,0.0033
14835,975,dens_717951284355382404,975,Density,<Substance CN1CCCC1=O{solv}{x=0.702300}|ClCCCCCCCl{solv}{x=0.297700}>,CN1CCCC1=O,ClCCCCCCCl,fb-fit-v3-single-mean-k100,1,1.0383883023737095,0.0001961462484851,1.0416,0.0003
14836,976,dhmix_859697969059379656,976,EnthalpyOfMixing,<Substance CN1CCCC1=O{solv}{x=0.503000}|ClCCCCCCCl{solv}{x=0.497000}>,CN1CCCC1=O,ClCCCCCCCl,fb-fit-v3-single-mean-k100,1,0.4038946712308657,0.043575584888842,-0.2,0.0025
14837,977,dhmix_916885053388204545,977,EnthalpyOfMixing,<Substance CN1CCCC1=O{solv}{x=0.212000}|ClCCCCCCCl{solv}{x=0.788000}>,CN1CCCC1=O,ClCCCCCCCl,fb-fit-v3-single-mean-k100,1,0.3047851403794084,0.0526259904029144,-0.13,0.002
14838,978,dens_1483670447992291960,978,Density,<Substance CN1CCCC1=O{solv}{x=0.201600}|ClCCCCCCCl{solv}{x=0.798400}>,CN1CCCC1=O,ClCCCCCCCl,fb-fit-v3-single-mean-k100,1,1.0643203743658531,0.0002281843440235,1.0584000000000005,0.00055
14839,979,dens_1896555095774116819,979,Density,<Substance CN1CCCC1=O{solv}{x=0.504900}|ClCCCCCCCl{solv}{x=0.495100}>,CN1CCCC1=O,ClCCCCCCCl,fb-fit-v3-single-mean-k100,1,1.0503554905767083,0.0002327838144566,1.0490000000000002,0.00035
14840,980,dhmix_2039443272323887912,980,EnthalpyOfMixing,<Substance CN1CCCC1=O{solv}{x=0.797000}|ClCCCCCCCl{solv}{x=0.203000}>,CN1CCCC1=O,ClCCCCCCCl,fb-fit-v3-single-mean-k100,1,0.3081537650486083,0.0454548706655383,-0.123,0.002
14841,981,dhmix_729169544598225866,981,EnthalpyOfMixing,<Substance CN(C)C=O{solv}{x=0.203000}|ClCCCCCCCl{solv}{x=0.797000}>,CN(C)C=O,ClCCCCCCCl,fb-fit-v3-single-mean-k100,1,0.5614306322036668,0.037860223153702,0.195,0.0025
14842,982,dhmix_1359105787212172230,982,EnthalpyOfMixing,<Substance CN(C)C=O{solv}{x=0.796000}|ClCCCCCCCl{solv}{x=0.204000}>,CN(C)C=O,ClCCCCCCCl,fb-fit-v3-single-mean-k100,1,0.5725620269247216,0.0392644500075174,0.24,0.0025
14843,983,dhmix_1534380829757525169,983,EnthalpyOfMixing,<Substance CN(C)C=O{solv}{x=0.498000}|ClCCCCCCCl{solv}{x=0.502000}>,CN(C)C=O,ClCCCCCCCl,fb-fit-v3-single-mean-k100,1,0.8152205391897382,0.044152089043837,0.34,0.0025
14844,984,dens_1752369236407148840,984,Density,<Substance CN(C)C=O{solv}{x=0.503300}|ClCCCCCCCl{solv}{x=0.496700}>,CN(C)C=O,ClCCCCCCCl,fb-fit-v3-single-mean-k100,1,1.018079242358177,0.0001640351864226,1.0190000000000003,0.00155
14845,985,dens_2070195997725277466,985,Density,<Substance CN(C)C=O{solv}{x=0.703400}|ClCCCCCCCl{solv}{x=0.296600}>,CN(C)C=O,ClCCCCCCCl,fb-fit-v3-single-mean-k100,1,0.9872355151039404,0.000235463315637,0.9943000000000002,0.0017
14846,986,dens_2171945276872385012,986,Density,<Substance CN(C)C=O{solv}{x=0.201300}|ClCCCCCCCl{solv}{x=0.798700}>,CN(C)C=O,ClCCCCCCCl,fb-fit-v3-single-mean-k100,1,1.0530255488969076,0.0002458005447646,1.0486000000000002,0.0014
14847,987,dens_741100297092592576,987,Density,<Substance C1CCCCC1{solv}{x=0.265900}|C1CCOCC1{solv}{x=0.734100}>,C1CCCCC1,C1CCOCC1,fb-fit-v3-single-mean-k100,1,0.8430062001921907,0.0002374553186813,0.8470300000000002,0.000505
14848,988,dens_1002639246322609242,988,Density,<Substance C1CCCCC1{solv}{x=0.762200}|C1CCOCC1{solv}{x=0.237800}>,C1CCCCC1,C1CCOCC1,fb-fit-v3-single-mean-k100,1,0.7924697053354414,0.0002279193650993,0.7952000000000002,0.000505
14849,989,dhmix_1171155554844966705,989,EnthalpyOfMixing,<Substance C1CCCCC1{solv}{x=0.247100}|C1CCOCC1{solv}{x=0.752900}>,C1CCCCC1,C1CCOCC1,fb-fit-v3-single-mean-k100,1,0.5455237979162604,0.0431920351875191,0.3613,0.00395
14850,990,dens_2142973677177666085,990,Density,<Substance C1CCCCC1{solv}{x=0.501800}|C1CCOCC1{solv}{x=0.498200}>,C1CCCCC1,C1CCOCC1,fb-fit-v3-single-mean-k100,1,0.8178714840575488,0.0002235577098471,0.8211500000000002,0.000505
14851,991,dhmix_2195791820105752985,991,EnthalpyOfMixing,<Substance C1CCCCC1{solv}{x=0.726600}|C1CCOCC1{solv}{x=0.273400}>,C1CCCCC1,C1CCOCC1,fb-fit-v3-single-mean-k100,1,0.5217071814965237,0.0466868740818887,0.4424,0.00485
14852,992,dhmix_2296999979529762407,992,EnthalpyOfMixing,<Substance C1CCCCC1{solv}{x=0.499000}|C1CCOCC1{solv}{x=0.501000}>,C1CCCCC1,C1CCOCC1,fb-fit-v3-single-mean-k100,1,0.5896431075280049,0.0414231704558637,0.526,0.0055
14853,993,dhmix_744994939606384802,993,EnthalpyOfMixing,<Substance CO{solv}{x=0.300000}|O{solv}{x=0.700000}>,CO,O,fb-fit-v3-single-mean-k100,1,-0.0118325508155443,0.0238413691871053,-0.85,0.005
14854,994,dens_1085345433585028387,994,Density,<Substance CO{solv}{x=0.499700}|O{solv}{x=0.500300}>,CO,O,fb-fit-v3-single-mean-k100,1,0.8446002437891799,0.0004696862223311,0.8816900000000003,0.000165
14855,995,dhmix_1126710771921470495,995,EnthalpyOfMixing,<Substance CO{solv}{x=0.700000}|O{solv}{x=0.300000}>,CO,O,fb-fit-v3-single-mean-k100,1,-0.07253380785373,0.024581584985789,-0.583,0.0035
14856,996,dens_1258832080354057572,996,Density,<Substance CO{solv}{x=0.300300}|O{solv}{x=0.699700}>,CO,O,fb-fit-v3-single-mean-k100,1,0.8891472849957041,0.0005187812929121,0.9252100000000004,0.000125
14857,997,dens_1758371820245200558,997,Density,<Substance CO{solv}{x=0.760500}|O{solv}{x=0.239500}>,CO,O,fb-fit-v3-single-mean-k100,1,0.7999648682445393,0.0004988119034529,0.8289000000000002,0.0001
14858,998,dhmix_1824296469249495553,998,EnthalpyOfMixing,<Substance CO{solv}{x=0.500000}|O{solv}{x=0.500000}>,CO,O,fb-fit-v3-single-mean-k100,1,-0.0247694086589955,0.0213007362086289,-0.777,0.0045
14859,999,dhmix_753952445434773754,999,EnthalpyOfMixing,<Substance CCCCCCCCCl{solv}{x=0.493000}|CN1CCCC1=O{solv}{x=0.507000}>,CCCCCCCCCl,CN1CCCC1=O,fb-fit-v3-single-mean-k100,1,1.308385029041304,0.0504660617956451,0.638,0.0035
14860,1000,dhmix_1273186684325800862,1000,EnthalpyOfMixing,<Substance CCCCCCCCCl{solv}{x=0.783000}|CN1CCCC1=O{solv}{x=0.217000}>,CCCCCCCCCl,CN1CCCC1=O,fb-fit-v3-single-mean-k100,1,0.9088948382287184,0.0533624376211301,0.371,0.003
14861,1001,dhmix_1457789704046029008,1001,EnthalpyOfMixing,<Substance CCCCCCCCCl{solv}{x=0.202000}|CN1CCCC1=O{solv}{x=0.798000}>,CCCCCCCCCl,CN1CCCC1=O,fb-fit-v3-single-mean-k100,1,0.874221547764833,0.0398471193964766,0.5,0.0035
14862,1002,dens_1965529278608066299,1002,Density,<Substance CCCCCCCCCl{solv}{x=0.299500}|CN1CCCC1=O{solv}{x=0.700500}>,CCCCCCCCCl,CN1CCCC1=O,fb-fit-v3-single-mean-k100,1,0.9568208288502156,0.0002116159945513,0.9598000000000002,0.00025
14863,1003,dens_2167805246575708222,1003,Density,<Substance CCCCCCCCCl{solv}{x=0.798600}|CN1CCCC1=O{solv}{x=0.201400}>,CCCCCCCCCl,CN1CCCC1=O,fb-fit-v3-single-mean-k100,1,0.8926540101976264,0.0001977949096369,0.8888000000000001,0.00055
14864,1004,dens_2177162670107081086,1004,Density,<Substance CCCCCCCCCl{solv}{x=0.497900}|CN1CCCC1=O{solv}{x=0.502100}>,CCCCCCCCCl,CN1CCCC1=O,fb-fit-v3-single-mean-k100,1,0.9268742812936914,0.0001917587641576,0.9269000000000002,0.00035
14865,1005,dhmix_756380521637559100,1005,EnthalpyOfMixing,<Substance C1COCCO1{solv}{x=0.500000}|O=C1CCCCC1{solv}{x=0.500000}>,C1COCCO1,O=C1CCCCC1,fb-fit-v3-single-mean-k100,1,0.2351639700018069,0.0435443968530887,0.28584,0.00154
14866,1006,dens_1139761443535371798,1006,Density,<Substance C1COCCO1{solv}{x=0.459400}|O=C1CCCCC1{solv}{x=0.540600}>,C1COCCO1,O=C1CCCCC1,fb-fit-v3-single-mean-k100,1,0.9722859368313784,0.0001914291093533,0.9762000000000004,0.00025
14867,1007,dhmix_1367833850972054360,1007,EnthalpyOfMixing,<Substance C1COCCO1{solv}{x=0.750000}|O=C1CCCCC1{solv}{x=0.250000}>,C1COCCO1,O=C1CCCCC1,fb-fit-v3-single-mean-k100,1,0.1813905812132361,0.0419806638296577,0.23662,0.001355
14868,1008,dhmix_1533665710565492443,1008,EnthalpyOfMixing,<Substance C1COCCO1{solv}{x=0.250000}|O=C1CCCCC1{solv}{x=0.750000}>,C1COCCO1,O=C1CCCCC1,fb-fit-v3-single-mean-k100,1,0.2102202791581504,0.0404966781828699,0.20076,0.00121
14869,1009,dens_1556646832168598904,1009,Density,<Substance C1COCCO1{solv}{x=0.797800}|O=C1CCCCC1{solv}{x=0.202200}>,C1COCCO1,O=C1CCCCC1,fb-fit-v3-single-mean-k100,1,1.0033399819674402,0.0001977853789685,1.0062000000000002,0.00025
14870,1010,dens_1806066395455679216,1010,Density,<Substance C1COCCO1{solv}{x=0.272000}|O=C1CCCCC1{solv}{x=0.728000}>,C1COCCO1,O=C1CCCCC1,fb-fit-v3-single-mean-k100,1,0.9580726435407336,0.0002255318459802,0.9614000000000004,0.00025
14871,1011,dhmix_781473821930081125,1011,EnthalpyOfMixing,<Substance CCOc1ccccc1{solv}{x=0.765100}|OCc1ccccc1{solv}{x=0.234900}>,CCOc1ccccc1,OCc1ccccc1,fb-fit-v3-single-mean-k100,1,0.8806557325573436,0.0536148641367296,1.083,0.0116
14872,1012,dhmix_966435122735090568,1012,EnthalpyOfMixing,<Substance CCOc1ccccc1{solv}{x=0.063600}|OCc1ccccc1{solv}{x=0.936400}>,CCOc1ccccc1,OCc1ccccc1,fb-fit-v3-single-mean-k100,1,0.0203227105029242,0.0597837806424054,0.1901,0.00225
14873,1013,dens_1184318999137642715,1013,Density,<Substance CCOc1ccccc1{solv}{x=0.064200}|OCc1ccccc1{solv}{x=0.935800}>,CCOc1ccccc1,OCc1ccccc1,fb-fit-v3-single-mean-k100,1,1.0388020606885415,0.0002327073186489,1.02761,0.00011
14874,1014,dhmix_1518701992890040137,1014,EnthalpyOfMixing,<Substance CCOc1ccccc1{solv}{x=0.549900}|OCc1ccccc1{solv}{x=0.450100}>,CCOc1ccccc1,OCc1ccccc1,fb-fit-v3-single-mean-k100,1,0.9808624138557888,0.0492079934339062,1.0561,0.01135
14875,1015,dens_1575045736805268459,1015,Density,<Substance CCOc1ccccc1{solv}{x=0.459800}|OCc1ccccc1{solv}{x=0.540200}>,CCOc1ccccc1,OCc1ccccc1,fb-fit-v3-single-mean-k100,1,0.9980362872395812,0.0002012835133008,0.9925100000000002,0.00016
14876,1016,dens_2214650701288997434,1016,Density,<Substance CCOc1ccccc1{solv}{x=0.757200}|OCc1ccccc1{solv}{x=0.242800}>,CCOc1ccccc1,OCc1ccccc1,fb-fit-v3-single-mean-k100,1,0.9719647508555752,0.0001649930545252,0.9686500000000002,0.000215
14877,1017,dens_800807749587668066,1017,Density,<Substance C1CCOCC1{solv}{x=0.733600}|c1ccncc1{solv}{x=0.266400}>,C1CCOCC1,c1ccncc1,fb-fit-v3-single-mean-k100,1,0.8915208753863947,0.0002836065695107,0.8933350000000002,0.000358
14878,1018,dhmix_836757145941804043,1018,EnthalpyOfMixing,<Substance C1CCOCC1{solv}{x=0.291500}|c1ccncc1{solv}{x=0.708500}>,C1CCOCC1,c1ccncc1,fb-fit-v3-single-mean-k100,1,0.0846549008702215,0.0370838577072245,0.0898,0.00095
14879,1019,dhmix_1003039131395935786,1019,EnthalpyOfMixing,<Substance C1CCOCC1{solv}{x=0.536300}|c1ccncc1{solv}{x=0.463700}>,C1CCOCC1,c1ccncc1,fb-fit-v3-single-mean-k100,1,-0.0096765823893534,0.0418846003573295,0.1573,0.0013
14880,1020,dens_1859030547600172702,1020,Density,<Substance C1CCOCC1{solv}{x=0.241500}|c1ccncc1{solv}{x=0.758500}>,C1CCOCC1,c1ccncc1,fb-fit-v3-single-mean-k100,1,0.9553386651618136,0.0002342911108487,0.9525650000000004,0.000212
14881,1021,dhmix_2191254706131659314,1021,EnthalpyOfMixing,<Substance C1CCOCC1{solv}{x=0.734400}|c1ccncc1{solv}{x=0.265600}>,C1CCOCC1,c1ccncc1,fb-fit-v3-single-mean-k100,1,-0.026354818683913,0.0466884050708141,0.1564,0.0013
14882,1022,dens_2239470871208865925,1022,Density,<Substance C1CCOCC1{solv}{x=0.536400}|c1ccncc1{solv}{x=0.463600}>,C1CCOCC1,c1ccncc1,fb-fit-v3-single-mean-k100,1,0.9127457608136612,0.0002815701687884,0.9124250000000002,0.0002965
14883,1023,dens_801655585640229277,1023,Density,<Substance C1CCOCC1{solv}{x=0.777600}|CCCC(C)=O{solv}{x=0.222400}>,C1CCOCC1,CCCC(C)=O,fb-fit-v3-single-mean-k100,1,0.8568225735577785,0.0002162656654084,0.8602600000000002,0.000225
14884,1024,dhmix_1175081460677389458,1024,EnthalpyOfMixing,<Substance C1CCOCC1{solv}{x=0.250000}|CCCC(C)=O{solv}{x=0.750000}>,C1CCOCC1,CCCC(C)=O,fb-fit-v3-single-mean-k100,1,-0.0367181928782684,0.0348622170664283,0.06014,0.00063
14885,1025,dens_1481139606755572767,1025,Density,<Substance C1CCOCC1{solv}{x=0.236100}|CCCC(C)=O{solv}{x=0.763900}>,C1CCOCC1,CCCC(C)=O,fb-fit-v3-single-mean-k100,1,0.81682709169572,0.0001677720737394,0.8183900000000002,0.000215
14886,1026,dhmix_1531586108535895092,1026,EnthalpyOfMixing,<Substance C1CCOCC1{solv}{x=0.750000}|CCCC(C)=O{solv}{x=0.250000}>,C1CCOCC1,CCCC(C)=O,fb-fit-v3-single-mean-k100,1,0.1245600404966893,0.0452333506840324,0.08245,0.000715
14887,1027,dhmix_2074691820693967219,1027,EnthalpyOfMixing,<Substance C1CCOCC1{solv}{x=0.500000}|CCCC(C)=O{solv}{x=0.500000}>,C1CCOCC1,CCCC(C)=O,fb-fit-v3-single-mean-k100,1,0.1123060526812977,0.0407463859052572,0.09128,0.000745
14888,1028,dens_2180187104403779312,1028,Density,<Substance C1CCOCC1{solv}{x=0.504600}|CCCC(C)=O{solv}{x=0.495400}>,C1CCOCC1,CCCC(C)=O,fb-fit-v3-single-mean-k100,1,0.8362426271040708,0.000203699955986,0.8386000000000002,0.00022
14889,1029,dhmix_814516627068967115,1029,EnthalpyOfMixing,<Substance CCCOC=O{solv}{x=0.230800}|ClCCCCl{solv}{x=0.769200}>,CCCOC=O,ClCCCCl,fb-fit-v3-single-mean-k100,1,0.2133562858237283,0.0392213745698261,-0.054,0.001
14890,1030,dens_853749747181024442,1030,Density,<Substance CCCOC=O{solv}{x=0.525500}|ClCCCCl{solv}{x=0.474500}>,CCCOC=O,ClCCCCl,fb-fit-v3-single-mean-k100,1,1.0354468247814446,0.0003225873846438,1.0302400000000005,0.00176
14891,1031,dhmix_1623640482466530427,1031,EnthalpyOfMixing,<Substance CCCOC=O{solv}{x=0.750900}|ClCCCCl{solv}{x=0.249100}>,CCCOC=O,ClCCCCl,fb-fit-v3-single-mean-k100,1,0.1349048589629653,0.0404418644047421,-0.088,0.001
14892,1032,dens_1998603470347754754,1032,Density,<Substance CCCOC=O{solv}{x=0.233600}|ClCCCCl{solv}{x=0.766400}>,CCCOC=O,ClCCCCl,fb-fit-v3-single-mean-k100,1,1.1118312918941229,0.0003818311398946,1.1122200000000002,0.00274
14893,1033,dhmix_2003217087101692001,1033,EnthalpyOfMixing,<Substance CCCOC=O{solv}{x=0.514500}|ClCCCCl{solv}{x=0.485500}>,CCCOC=O,ClCCCCl,fb-fit-v3-single-mean-k100,1,0.2231371794930972,0.038775190762234,-0.114,0.0015
14894,1034,dens_2020761603812222512,1034,Density,<Substance CCCOC=O{solv}{x=0.763600}|ClCCCCl{solv}{x=0.236400}>,CCCOC=O,ClCCCCl,fb-fit-v3-single-mean-k100,1,0.9743538556475704,0.0002986763080559,0.9644500000000004,0.00119
14895,1035,dens_828893303895070246,1035,Density,<Substance C1CCCCC1{solv}{x=0.249800}|CCCCCCCC{solv}{x=0.750200}>,C1CCCCC1,CCCCCCCC,fb-fit-v3-single-mean-k100,1,0.7126058018373235,0.0001920222636237,0.7110900000000002,0.000605
14896,1036,dhmix_1288938247372010686,1036,EnthalpyOfMixing,<Substance C1CCCCC1{solv}{x=0.751300}|CCCCCCCC{solv}{x=0.248700}>,C1CCCCC1,CCCCCCCC,fb-fit-v3-single-mean-k100,1,0.333675321822227,0.0448735017230783,0.23,0.005
14897,1037,dens_1398337515687242649,1037,Density,<Substance C1CCCCC1{solv}{x=0.477700}|CCCCCCCC{solv}{x=0.522300}>,C1CCCCC1,CCCCCCCC,fb-fit-v3-single-mean-k100,1,0.7255049834231528,0.0001405097335575,0.7250300000000002,0.000585
14898,1038,dhmix_1429498464152515756,1038,EnthalpyOfMixing,<Substance C1CCCCC1{solv}{x=0.532400}|CCCCCCCC{solv}{x=0.467600}>,C1CCCCC1,CCCCCCCC,fb-fit-v3-single-mean-k100,1,0.3821261088741892,0.0474086629972494,0.258,0.005
14899,1039,dens_2267960821195706299,1039,Density,<Substance C1CCCCC1{solv}{x=0.796100}|CCCCCCCC{solv}{x=0.203900}>,C1CCCCC1,CCCCCCCC,fb-fit-v3-single-mean-k100,1,0.7500000546877601,0.0002169697631493,0.7509700000000002,0.00055
14900,1040,dhmix_2289023418386220795,1040,EnthalpyOfMixing,<Substance C1CCCCC1{solv}{x=0.274400}|CCCCCCCC{solv}{x=0.725600}>,C1CCCCC1,CCCCCCCC,fb-fit-v3-single-mean-k100,1,0.2189107545694923,0.0552879760081569,0.18,0.005
14901,1041,dens_848374876759596361,1041,Density,<Substance CC(C)OC(C)C{solv}{x=0.284600}|CCCCCl{solv}{x=0.715400}>,CC(C)OC(C)C,CCCCCl,fb-fit-v3-single-mean-k100,1,0.8235249991629607,0.0002765106374969,0.8263210000000002,0.000365
14902,1042,dens_917492506874956672,1042,Density,<Substance CC(C)OC(C)C{solv}{x=0.808200}|CCCCCl{solv}{x=0.191800}>,CC(C)OC(C)C,CCCCCl,fb-fit-v3-single-mean-k100,1,0.7550328970763411,0.0001667478247007,0.7440910000000002,0.000448
14903,1043,dhmix_1107367594793013993,1043,EnthalpyOfMixing,<Substance CC(C)OC(C)C{solv}{x=0.272700}|CCCCCl{solv}{x=0.727300}>,CC(C)OC(C)C,CCCCCl,fb-fit-v3-single-mean-k100,1,-0.1836362628816417,0.0405972972257977,-0.0785,0.001
14904,1044,dhmix_1310204607958463222,1044,EnthalpyOfMixing,<Substance CC(C)OC(C)C{solv}{x=0.454700}|CCCCCl{solv}{x=0.545300}>,CC(C)OC(C)C,CCCCCl,fb-fit-v3-single-mean-k100,1,-0.1359418808728136,0.0407309552261487,-0.0954,0.0012
14905,1045,dhmix_1605157292498138629,1045,EnthalpyOfMixing,<Substance CC(C)OC(C)C{solv}{x=0.727400}|CCCCCl{solv}{x=0.272600}>,CC(C)OC(C)C,CCCCCl,fb-fit-v3-single-mean-k100,1,-0.1398971173290775,0.0422602964869322,-0.0732,0.00095
14906,1046,dens_1927916489732771888,1046,Density,<Substance CC(C)OC(C)C{solv}{x=0.484000}|CCCCCl{solv}{x=0.516000}>,CC(C)OC(C)C,CCCCCl,fb-fit-v3-single-mean-k100,1,0.7957755560637126,0.0002367330820082,0.7925060000000002,0.0004005
14907,1047,dens_860008765681738590,1047,Density,<Substance CN(CCO)CCO{solv}{x=0.231260}|c1ccncc1{solv}{x=0.768740}>,CN(CCO)CCO,c1ccncc1,fb-fit-v3-single-mean-k100,1,1.0018929798135252,0.0002200649658188,0.9906030000000002,0.0001015
14908,1048,dens_1253280811379348869,1048,Density,<Substance CN(CCO)CCO{solv}{x=0.670000}|c1ccncc1{solv}{x=0.330000}>,CN(CCO)CCO,c1ccncc1,fb-fit-v3-single-mean-k100,1,1.0342228846054955,0.0001964086950038,1.0161020000000005,0.000102
14909,1049,dhmix_1381513140604048573,1049,EnthalpyOfMixing,<Substance CN(CCO)CCO{solv}{x=0.473760}|c1ccncc1{solv}{x=0.526240}>,CN(CCO)CCO,c1ccncc1,fb-fit-v3-single-mean-k100,1,0.9065065497933062,0.0488385867748302,-0.093,0.001
14910,1050,dens_1460709448836415360,1050,Density,<Substance CN(CCO)CCO{solv}{x=0.473530}|c1ccncc1{solv}{x=0.526470}>,CN(CCO)CCO,c1ccncc1,fb-fit-v3-single-mean-k100,1,1.0187100800573876,0.000294433593303,1.0044450000000005,0.0001015
14911,1051,dhmix_2085036308089359597,1051,EnthalpyOfMixing,<Substance CN(CCO)CCO{solv}{x=0.230610}|c1ccncc1{solv}{x=0.769390}>,CN(CCO)CCO,c1ccncc1,fb-fit-v3-single-mean-k100,1,0.4865165410683865,0.0408295409541541,-0.032,0.001
14912,1052,dhmix_2287943921901918379,1052,EnthalpyOfMixing,<Substance CN(CCO)CCO{solv}{x=0.669580}|c1ccncc1{solv}{x=0.330420}>,CN(CCO)CCO,c1ccncc1,fb-fit-v3-single-mean-k100,1,0.5719406086145682,0.0416046919727244,-0.12,0.0015
14913,1053,dens_929806754028972955,1053,Density,<Substance CCCC(=O)OC{solv}{x=0.695800}|COC(C)=O{solv}{x=0.304200}>,CCCC(=O)OC,COC(C)=O,fb-fit-v3-single-mean-k100,1,0.9048653415830687,0.0002248054793048,0.8997600000000002,0.000505
14914,1054,dhmix_1093843275803987368,1054,EnthalpyOfMixing,<Substance CCCC(=O)OC{solv}{x=0.482200}|COC(C)=O{solv}{x=0.517800}>,CCCC(=O)OC,COC(C)=O,fb-fit-v3-single-mean-k100,1,0.1397309919027449,0.039680499839029,0.151,0.002
14915,1055,dens_1187818937240241755,1055,Density,<Substance CCCC(=O)OC{solv}{x=0.253600}|COC(C)=O{solv}{x=0.746400}>,CCCC(=O)OC,COC(C)=O,fb-fit-v3-single-mean-k100,1,0.9191378416846152,0.0002531649617203,0.9147400000000002,0.000505
14916,1056,dens_1462283017082249050,1056,Density,<Substance CCCC(=O)OC{solv}{x=0.545600}|COC(C)=O{solv}{x=0.454400}>,CCCC(=O)OC,COC(C)=O,fb-fit-v3-single-mean-k100,1,0.9098368647451625,0.0002608919555392,0.9041900000000004,0.000505
14917,1057,dhmix_1514470349370367756,1057,EnthalpyOfMixing,<Substance CCCC(=O)OC{solv}{x=0.226000}|COC(C)=O{solv}{x=0.774000}>,CCCC(=O)OC,COC(C)=O,fb-fit-v3-single-mean-k100,1,0.0737698930752515,0.0398808826299098,0.102,0.0015
14918,1058,dhmix_1615966506855005599,1058,EnthalpyOfMixing,<Substance CCCC(=O)OC{solv}{x=0.695800}|COC(C)=O{solv}{x=0.304200}>,CCCC(=O)OC,COC(C)=O,fb-fit-v3-single-mean-k100,1,0.0161865090589738,0.0414477545850172,0.122,0.0015
14919,1059,dens_931039395662625393,1059,Density,<Substance BrCCBr{solv}{x=0.510700}|CCOC=O{solv}{x=0.489300}>,BrCCBr,CCOC=O,fb-fit-v3-single-mean-k100,1,1.5679695297241896,0.0005200226718404,1.5742900000000004,0.00125
14920,1060,dhmix_1379448524788285045,1060,EnthalpyOfMixing,<Substance BrCCBr{solv}{x=0.503000}|CCOC=O{solv}{x=0.497000}>,BrCCBr,CCOC=O,fb-fit-v3-single-mean-k100,1,0.5216568549571283,0.0319589332026488,0.404,0.0054
14921,1061,dhmix_1589211680683586133,1061,EnthalpyOfMixing,<Substance BrCCBr{solv}{x=0.247500}|CCOC=O{solv}{x=0.752500}>,BrCCBr,CCOC=O,fb-fit-v3-single-mean-k100,1,0.2330691643638127,0.030516389285728,0.2492,0.0035
14922,1062,dens_1816072583621776909,1062,Density,<Substance BrCCBr{solv}{x=0.282500}|CCOC=O{solv}{x=0.717500}>,BrCCBr,CCOC=O,fb-fit-v3-single-mean-k100,1,1.2957007528747737,0.0004009392297692,1.2851500000000005,0.00131
14923,1063,dens_1857279480363338972,1063,Density,<Substance BrCCBr{solv}{x=0.750600}|CCOC=O{solv}{x=0.249400}>,BrCCBr,CCOC=O,fb-fit-v3-single-mean-k100,1,1.8381136303327597,0.0004777452854151,1.8698300000000003,0.000995
14924,1064,dhmix_2225135654541562913,1064,EnthalpyOfMixing,<Substance BrCCBr{solv}{x=0.734600}|CCOC=O{solv}{x=0.265400}>,BrCCBr,CCOC=O,fb-fit-v3-single-mean-k100,1,0.2842740627109235,0.0273610887949632,0.3604,0.00485
14925,1065,dhmix_933824509566848172,1065,EnthalpyOfMixing,<Substance C1COCO1{solv}{x=0.350000}|CCCC(C)=O{solv}{x=0.650000}>,C1COCO1,CCCC(C)=O,fb-fit-v3-single-mean-k100,1,0.2316551720305,0.0389785160009569,0.17755,0.001095
14926,1066,dens_1326756646981901590,1066,Density,<Substance C1COCO1{solv}{x=0.717400}|CCCC(C)=O{solv}{x=0.282600}>,C1COCO1,CCCC(C)=O,fb-fit-v3-single-mean-k100,1,0.9708525475063748,0.0001999969862311,0.9625500000000002,0.000245
14927,1067,dhmix_1386053902220878259,1067,EnthalpyOfMixing,<Substance C1COCO1{solv}{x=0.500000}|CCCC(C)=O{solv}{x=0.500000}>,C1COCO1,CCCC(C)=O,fb-fit-v3-single-mean-k100,1,0.3029050301310363,0.0360479611984366,0.21077,0.00122
14928,1068,dens_1490997112604690080,1068,Density,<Substance C1COCO1{solv}{x=0.349900}|CCCC(C)=O{solv}{x=0.650100}>,C1COCO1,CCCC(C)=O,fb-fit-v3-single-mean-k100,1,0.8708310439654394,0.0002375378426434,0.8687200000000003,0.00022
14929,1069,dens_1979377813631413053,1069,Density,<Substance C1COCO1{solv}{x=0.516900}|CCCC(C)=O{solv}{x=0.483100}>,C1COCO1,CCCC(C)=O,fb-fit-v3-single-mean-k100,1,0.9123239993234542,0.0002406534171916,0.9078200000000004,0.00023
14930,1070,dhmix_2113009728753201792,1070,EnthalpyOfMixing,<Substance C1COCO1{solv}{x=0.750000}|CCCC(C)=O{solv}{x=0.250000}>,C1COCO1,CCCC(C)=O,fb-fit-v3-single-mean-k100,1,0.1637873857895684,0.0340460173033872,0.17046,0.00107
14931,1071,dhmix_962524540250306235,1071,EnthalpyOfMixing,<Substance Cc1ccccc1N{solv}{x=0.268100}|c1ccncc1{solv}{x=0.731900}>,Cc1ccccc1N,c1ccncc1,fb-fit-v3-single-mean-k100,1,-1.4916494140943255,0.0425605201220568,-0.8915,0.0182
14932,1072,dhmix_1000930562998604270,1072,EnthalpyOfMixing,<Substance Cc1ccccc1N{solv}{x=0.773500}|c1ccncc1{solv}{x=0.226500}>,Cc1ccccc1N,c1ccncc1,fb-fit-v3-single-mean-k100,1,-0.9534565858824172,0.0511116264304635,-0.7828,0.016
14933,1073,dens_1203111494553524663,1073,Density,<Substance Cc1ccccc1N{solv}{x=0.483700}|c1ccncc1{solv}{x=0.516300}>,Cc1ccccc1N,c1ccncc1,fb-fit-v3-single-mean-k100,1,1.0076477029911193,0.000234201284701,0.9912370000000004,0.000117
14934,1074,dens_1316174752280431242,1074,Density,<Substance Cc1ccccc1N{solv}{x=0.237400}|c1ccncc1{solv}{x=0.762600}>,Cc1ccccc1N,c1ccncc1,fb-fit-v3-single-mean-k100,1,0.9972563180927176,0.0002309993514687,0.9863750000000002,0.000118
14935,1075,dhmix_1371524052813651708,1075,EnthalpyOfMixing,<Substance Cc1ccccc1N{solv}{x=0.482600}|c1ccncc1{solv}{x=0.517400}>,Cc1ccccc1N,c1ccncc1,fb-fit-v3-single-mean-k100,1,-1.738535021530378,0.0403923535348115,-1.0329,0.02105
14936,1076,dens_2188924364196997512,1076,Density,<Substance Cc1ccccc1N{solv}{x=0.767800}|c1ccncc1{solv}{x=0.232200}>,Cc1ccccc1N,c1ccncc1,fb-fit-v3-single-mean-k100,1,1.015388943592152,0.0001703318430493,0.9936220000000002,0.000117
14937,1077,dens_964556344607822867,1077,Density,<Substance CCCCCCCCC{solv}{x=0.696300}|COC(C)(C)C{solv}{x=0.303700}>,CCCCCCCCC,COC(C)(C)C,fb-fit-v3-single-mean-k100,1,0.721165165452695,0.0002074583576764,0.7173600000000002,0.000295
14938,1078,dhmix_1091489740441728210,1078,EnthalpyOfMixing,<Substance CCCCCCCCC{solv}{x=0.260100}|COC(C)(C)C{solv}{x=0.739900}>,CCCCCCCCC,COC(C)(C)C,fb-fit-v3-single-mean-k100,1,0.5568742141994676,0.0526205351761815,0.371,0.0075
14939,1079,dens_1264105858192356202,1079,Density,<Substance CCCCCCCCC{solv}{x=0.499200}|COC(C)(C)C{solv}{x=0.500800}>,CCCCCCCCC,COC(C)(C)C,fb-fit-v3-single-mean-k100,1,0.7247656488834149,0.0002063420262544,0.7207300000000002,0.00029
14940,1080,dhmix_1760873631242020891,1080,EnthalpyOfMixing,<Substance CCCCCCCCC{solv}{x=0.759600}|COC(C)(C)C{solv}{x=0.240400}>,CCCCCCCCC,COC(C)(C)C,fb-fit-v3-single-mean-k100,1,0.4261205077856829,0.0496305408122203,0.345,0.007
14941,1081,dens_2012579877169955729,1081,Density,<Substance CCCCCCCCC{solv}{x=0.199500}|COC(C)(C)C{solv}{x=0.800500}>,CCCCCCCCC,COC(C)(C)C,fb-fit-v3-single-mean-k100,1,0.7333341837371781,0.0002234700400658,0.7281100000000001,0.000285
14942,1082,dhmix_2200368758776542578,1082,EnthalpyOfMixing,<Substance CCCCCCCCC{solv}{x=0.513300}|COC(C)(C)C{solv}{x=0.486700}>,CCCCCCCCC,COC(C)(C)C,fb-fit-v3-single-mean-k100,1,0.6534999888464341,0.049032419307064,0.486,0.0095
14943,1083,dhmix_972091313059406932,1083,EnthalpyOfMixing,<Substance CCCNCCC{solv}{x=0.248200}|CN(C)C=O{solv}{x=0.751800}>,CCCNCCC,CN(C)C=O,fb-fit-v3-single-mean-k100,1,0.1747519321948445,0.0335447783746388,0.613,0.0195
14944,1084,dhmix_1037416167092316519,1084,EnthalpyOfMixing,<Substance CCCNCCC{solv}{x=0.499500}|CN(C)C=O{solv}{x=0.500500}>,CCCNCCC,CN(C)C=O,fb-fit-v3-single-mean-k100,1,0.1403935808593317,0.0439802836401298,0.748,0.0225
14945,1085,dhmix_1525975551610336413,1085,EnthalpyOfMixing,<Substance CCCNCCC{solv}{x=0.749600}|CN(C)C=O{solv}{x=0.250400}>,CCCNCCC,CN(C)C=O,fb-fit-v3-single-mean-k100,1,0.086062984258632,0.0487758769812844,0.529,0.017
14946,1086,dens_1610465641813938660,1086,Density,<Substance CCCNCCC{solv}{x=0.745900}|CN(C)C=O{solv}{x=0.254100}>,CCCNCCC,CN(C)C=O,fb-fit-v3-single-mean-k100,1,0.7755051485196918,0.0002377096897319,0.7687320000000002,0.0009355
14947,1087,dens_2129043605695010641,1087,Density,<Substance CCCNCCC{solv}{x=0.503400}|CN(C)C=O{solv}{x=0.496600}>,CCCNCCC,CN(C)C=O,fb-fit-v3-single-mean-k100,1,0.8137445812279502,0.0002215616545011,0.8108000000000002,0.0009885
14948,1088,dens_2129124855081233158,1088,Density,<Substance CCCNCCC{solv}{x=0.252300}|CN(C)C=O{solv}{x=0.747700}>,CCCNCCC,CN(C)C=O,fb-fit-v3-single-mean-k100,1,0.8630071406266681,0.0002064288187172,0.8674480000000002,0.0010625
14949,1089,dhmix_1022139531284796266,1089,EnthalpyOfMixing,<Substance CCCO{solv}{x=0.730200}|O=Cc1ccccc1{solv}{x=0.269800}>,CCCO,O=Cc1ccccc1,fb-fit-v3-single-mean-k100,1,1.475194036019154,0.0393373035563935,1.3784,0.00585
14950,1090,dens_1530410585842005416,1090,Density,<Substance CCCO{solv}{x=0.802500}|O=Cc1ccccc1{solv}{x=0.197500}>,CCCO,O=Cc1ccccc1,fb-fit-v3-single-mean-k100,1,0.8708609827957814,0.0002226363241336,0.8676000000000003,0.0054
14951,1091,dens_1586325098516354010,1091,Density,<Substance CCCO{solv}{x=0.500300}|O=Cc1ccccc1{solv}{x=0.499700}>,CCCO,O=Cc1ccccc1,fb-fit-v3-single-mean-k100,1,0.9527848774376214,0.0002373510677396,0.9470000000000002,0.0035
14952,1092,dhmix_1860362391399300385,1092,EnthalpyOfMixing,<Substance CCCO{solv}{x=0.237400}|O=Cc1ccccc1{solv}{x=0.762600}>,CCCO,O=Cc1ccccc1,fb-fit-v3-single-mean-k100,1,1.192544471052443,0.0415770589695887,1.2579,0.0055
14953,1093,dens_2022804020725863961,1093,Density,<Substance CCCO{solv}{x=0.192900}|O=Cc1ccccc1{solv}{x=0.807100}>,CCCO,O=Cc1ccccc1,fb-fit-v3-single-mean-k100,1,1.0159970930491344,0.000169815306871,1.0128,0.00265
14954,1094,dhmix_2114980631721668598,1094,EnthalpyOfMixing,<Substance CCCO{solv}{x=0.517800}|O=Cc1ccccc1{solv}{x=0.482200}>,CCCO,O=Cc1ccccc1,fb-fit-v3-single-mean-k100,1,1.6325624575931954,0.0300025424783178,1.6361,0.00675
14955,1095,dens_1061385011202038988,1095,Density,<Substance CC(C)O{solv}{x=0.495900}|CCCCOCCO{solv}{x=0.504100}>,CC(C)O,CCCCOCCO,fb-fit-v3-single-mean-k100,1,0.8608760122414842,0.0002313467926502,0.8550000000000002,5.450000000000001e-05
14956,1096,dens_1314274960992474794,1096,Density,<Substance CC(C)O{solv}{x=0.292200}|CCCCOCCO{solv}{x=0.707800}>,CC(C)O,CCCCOCCO,fb-fit-v3-single-mean-k100,1,0.8758864451725952,0.0002527243742419,0.8743700000000002,4.600000000000001e-05
14957,1097,dens_1729117108592325655,1097,Density,<Substance CC(C)O{solv}{x=0.743300}|CCCCOCCO{solv}{x=0.256700}>,CC(C)O,CCCCOCCO,fb-fit-v3-single-mean-k100,1,0.8387776379487096,0.0002306221043815,0.8247900000000001,5.600000000000001e-05
14958,1098,dens_1112128096721834081,1098,Density,<Substance CNCCO{solv}{x=0.800900}|O{solv}{x=0.199100}>,CNCCO,O,fb-fit-v3-single-mean-k100,1,0.9650928896627444,0.0005621745685812,0.9466300000000002,0.00032
14959,1099,dens_1381694863030749046,1099,Density,<Substance CNCCO{solv}{x=0.198700}|O{solv}{x=0.801300}>,CNCCO,O,fb-fit-v3-single-mean-k100,1,0.9856132046506108,0.0004073250413879,0.9960300000000002,0.00016
14960,1100,dhmix_1383192140212198237,1100,EnthalpyOfMixing,<Substance CNCCO{solv}{x=0.798800}|O{solv}{x=0.201200}>,CNCCO,O,fb-fit-v3-single-mean-k100,1,-1.143087720251927,0.0464546207911517,-1.219,0.025
14961,1101,dens_1615304038745182966,1101,Density,<Substance CNCCO{solv}{x=0.504100}|O{solv}{x=0.495900}>,CNCCO,O,fb-fit-v3-single-mean-k100,1,0.9773236907530288,0.0003651836442249,0.9688100000000002,0.000235
14962,1102,dhmix_1902240048183935170,1102,EnthalpyOfMixing,<Substance CNCCO{solv}{x=0.501700}|O{solv}{x=0.498300}>,CNCCO,O,fb-fit-v3-single-mean-k100,1,-2.100391085051527,0.0326303011292338,-2.508,0.051
14963,1103,dhmix_2185888808838690563,1103,EnthalpyOfMixing,<Substance CNCCO{solv}{x=0.199200}|O{solv}{x=0.800800}>,CNCCO,O,fb-fit-v3-single-mean-k100,1,-1.4454046809757657,0.0261116235411227,-2.243,0.0455
14964,1104,dens_1155626281932782094,1104,Density,<Substance CCC(C)=O{solv}{x=0.292200}|CN1CCCC1=O{solv}{x=0.707800}>,CCC(C)=O,CN1CCCC1=O,fb-fit-v3-single-mean-k100,1,0.9528969980893236,0.000222004217613,0.9591400000000002,0.00262
14965,1105,dens_1354588388489384902,1105,Density,<Substance CCC(C)=O{solv}{x=0.779300}|CN1CCCC1=O{solv}{x=0.220700}>,CCC(C)=O,CN1CCCC1=O,fb-fit-v3-single-mean-k100,1,0.845026599345006,0.0002147626151651,0.8467600000000002,0.002595
14966,1106,dhmix_1468142552678388689,1106,EnthalpyOfMixing,<Substance CCC(C)=O{solv}{x=0.484100}|CN1CCCC1=O{solv}{x=0.515900}>,CCC(C)=O,CN1CCCC1=O,fb-fit-v3-single-mean-k100,1,0.1340981456219303,0.0386635829467232,-0.1675,0.00415
14967,1107,dhmix_1545004468946955771,1107,EnthalpyOfMixing,<Substance CCC(C)=O{solv}{x=0.246100}|CN1CCCC1=O{solv}{x=0.753900}>,CCC(C)=O,CN1CCCC1=O,fb-fit-v3-single-mean-k100,1,0.1117931459360423,0.0434882419199641,-0.0999,0.0031
14968,1108,dhmix_1746826813990258300,1108,EnthalpyOfMixing,<Substance CCC(C)=O{solv}{x=0.732400}|CN1CCCC1=O{solv}{x=0.267600}>,CCC(C)=O,CN1CCCC1=O,fb-fit-v3-single-mean-k100,1,0.0899115456211498,0.0376062999057655,-0.0861,0.0029
14969,1109,dens_2035401379156582518,1109,Density,<Substance CCC(C)=O{solv}{x=0.479500}|CN1CCCC1=O{solv}{x=0.520500}>,CCC(C)=O,CN1CCCC1=O,fb-fit-v3-single-mean-k100,1,0.913487091273418,0.000201967877544,0.9166100000000004,0.00261
14970,1110,dens_1159403686634788877,1110,Density,<Substance C1CCOCC1{solv}{x=0.253600}|Cc1ccncc1{solv}{x=0.746400}>,C1CCOCC1,Cc1ccncc1,fb-fit-v3-single-mean-k100,1,0.9350176819517158,0.0002156420887216,0.9329390000000002,0.0002125
14971,1111,dhmix_1427533760370073434,1111,EnthalpyOfMixing,<Substance C1CCOCC1{solv}{x=0.241600}|Cc1ccncc1{solv}{x=0.758400}>,C1CCOCC1,Cc1ccncc1,fb-fit-v3-single-mean-k100,1,0.017877421646693,0.0416272185803175,0.0975,0.001
14972,1112,dens_1586440979425114987,1112,Density,<Substance C1CCOCC1{solv}{x=0.491300}|Cc1ccncc1{solv}{x=0.508700}>,C1CCOCC1,Cc1ccncc1,fb-fit-v3-single-mean-k100,1,0.9159852177360612,0.0002501497013617,0.9162950000000002,0.0002825
14973,1113,dhmix_1681679230288000235,1113,EnthalpyOfMixing,<Substance C1CCOCC1{solv}{x=0.483400}|Cc1ccncc1{solv}{x=0.516600}>,C1CCOCC1,Cc1ccncc1,fb-fit-v3-single-mean-k100,1,0.0562210439968016,0.0339807770941494,0.1741,0.00135
14974,1114,dhmix_1854625047398559527,1114,EnthalpyOfMixing,<Substance C1CCOCC1{solv}{x=0.826200}|Cc1ccncc1{solv}{x=0.173800}>,C1CCOCC1,Cc1ccncc1,fb-fit-v3-single-mean-k100,1,0.0877309443955454,0.0381647764032274,0.0948,0.001
14975,1115,dens_1998279082934343093,1115,Density,<Substance C1CCOCC1{solv}{x=0.826300}|Cc1ccncc1{solv}{x=0.173700}>,C1CCOCC1,Cc1ccncc1,fb-fit-v3-single-mean-k100,1,0.8794994925599366,0.0001855463894185,0.8827950000000002,0.000387
14976,1116,dens_1226224986443053492,1116,Density,<Substance CCOc1ccccc1{solv}{x=0.482600}|OCCc1ccccc1{solv}{x=0.517400}>,CCOc1ccccc1,OCCc1ccccc1,fb-fit-v3-single-mean-k100,1,0.9851315453030048,0.0001532610484555,0.9803700000000002,0.00026
14977,1117,dens_1288457717872177367,1117,Density,<Substance CCOc1ccccc1{solv}{x=0.304100}|OCCc1ccccc1{solv}{x=0.695900}>,CCOc1ccccc1,OCCc1ccccc1,fb-fit-v3-single-mean-k100,1,0.9975381158033184,0.0002270478638903,0.9909900000000004,0.00026
14978,1118,dhmix_1400067757990485972,1118,EnthalpyOfMixing,<Substance CCOc1ccccc1{solv}{x=0.738800}|OCCc1ccccc1{solv}{x=0.261200}>,CCOc1ccccc1,OCCc1ccccc1,fb-fit-v3-single-mean-k100,1,1.086560905829174,0.0499142765654458,1.1427,0.01225
14979,1119,dens_1419265414647987466,1119,Density,<Substance CCOc1ccccc1{solv}{x=0.792900}|OCCc1ccccc1{solv}{x=0.207100}>,CCOc1ccccc1,OCCc1ccccc1,fb-fit-v3-single-mean-k100,1,0.96521645032243,0.0001709647523241,0.9624400000000004,0.00026
14980,1120,dhmix_1985234108792038812,1120,EnthalpyOfMixing,<Substance CCOc1ccccc1{solv}{x=0.485200}|OCCc1ccccc1{solv}{x=0.514800}>,CCOc1ccccc1,OCCc1ccccc1,fb-fit-v3-single-mean-k100,1,0.8889710035716973,0.0434610569620862,1.0249,0.011
14981,1121,dhmix_2203675640711482674,1121,EnthalpyOfMixing,<Substance CCOc1ccccc1{solv}{x=0.239100}|OCCc1ccccc1{solv}{x=0.760900}>,CCOc1ccccc1,OCCc1ccccc1,fb-fit-v3-single-mean-k100,1,1.2188204157648244,0.0545253886329843,0.6669,0.0072
14982,1122,dens_1247048173376376516,1122,Density,<Substance CCCCC(=O)OC{solv}{x=0.349300}|COC=O{solv}{x=0.650700}>,CCCCC(=O)OC,COC=O,fb-fit-v3-single-mean-k100,1,0.932414989516373,0.0002730260963897,0.9198400000000002,0.000115
14983,1123,dens_1283923442255956417,1123,Density,<Substance CCCCC(=O)OC{solv}{x=0.500000}|COC=O{solv}{x=0.500000}>,CCCCC(=O)OC,COC=O,fb-fit-v3-single-mean-k100,1,0.9182604656482511,0.0002730853381414,0.90817,0.00012
14984,1124,dhmix_1491739683552461043,1124,EnthalpyOfMixing,<Substance CCCCC(=O)OC{solv}{x=0.348600}|COC=O{solv}{x=0.651400}>,CCCCC(=O)OC,COC=O,fb-fit-v3-single-mean-k100,1,0.3501014537982412,0.0382645562916029,0.422,0.0045
14985,1125,dhmix_1747049492522889097,1125,EnthalpyOfMixing,<Substance CCCCC(=O)OC{solv}{x=0.523200}|COC=O{solv}{x=0.476800}>,CCCCC(=O)OC,COC=O,fb-fit-v3-single-mean-k100,1,0.3119119414363407,0.0382358503399541,0.409,0.0045
14986,1126,dhmix_1990853348078771210,1126,EnthalpyOfMixing,<Substance CCCCC(=O)OC{solv}{x=0.796800}|COC=O{solv}{x=0.203200}>,CCCCC(=O)OC,COC=O,fb-fit-v3-single-mean-k100,1,0.2080706714156868,0.0404165324106355,0.219,0.0025
14987,1127,dens_2269601061883384185,1127,Density,<Substance CCCCC(=O)OC{solv}{x=0.725800}|COC=O{solv}{x=0.274200}>,CCCCC(=O)OC,COC=O,fb-fit-v3-single-mean-k100,1,0.9034898427713894,0.0002297998481641,0.8955000000000002,0.000135
14988,1128,dens_1266839724964377205,1128,Density,<Substance Cn1ccnc1{solv}{x=0.779500}|O{solv}{x=0.220500}>,Cn1ccnc1,O,fb-fit-v3-single-mean-k100,1,1.0130444320210048,0.0001936100135085,1.0360000000000005,0.00015
14989,1129,dens_1634862053132906887,1129,Density,<Substance Cn1ccnc1{solv}{x=0.498200}|O{solv}{x=0.501800}>,Cn1ccnc1,O,fb-fit-v3-single-mean-k100,1,1.0121641517112463,0.0002735407950818,1.0416,0.00015
14990,1130,dens_1681126092995837883,1130,Density,<Substance Cn1ccnc1{solv}{x=0.216700}|O{solv}{x=0.783300}>,Cn1ccnc1,O,fb-fit-v3-single-mean-k100,1,0.9998537689101404,0.0002907908899937,1.0301000000000002,0.0001
14991,1131,dhmix_1311251505653939236,1131,EnthalpyOfMixing,<Substance CC(=O)CC(C)=O{solv}{x=0.598500}|O{solv}{x=0.401500}>,CC(=O)CC(C)=O,O,fb-fit-v3-single-mean-k100,1,0.3534710987171934,0.0308375067701229,0.4905,0.00555
14992,1132,dhmix_1367092272310773702,1132,EnthalpyOfMixing,<Substance CC(=O)CC(C)=O{solv}{x=0.749200}|O{solv}{x=0.250800}>,CC(=O)CC(C)=O,O,fb-fit-v3-single-mean-k100,1,0.514746421784082,0.0419930286181491,0.6211,0.00695
14993,1133,dhmix_2033109088651196860,1133,EnthalpyOfMixing,<Substance CC(=O)CC(C)=O{solv}{x=0.200400}|O{solv}{x=0.799600}>,CC(=O)CC(C)=O,O,fb-fit-v3-single-mean-k100,1,0.0024055408707397,0.0221337205524236,0.1562,0.0021
14994,1134,dens_1319073694995976411,1134,Density,<Substance CC(C)CO{solv}{x=0.762200}|OC1=NCCC1{solv}{x=0.237800}>,CC(C)CO,OC1=NCCC1,fb-fit-v3-single-mean-k100,1,0.8714292507789694,0.000247410856974,0.8623100000000001,0.000205
14995,1135,dhmix_1817161401911066523,1135,EnthalpyOfMixing,<Substance CC(C)CO{solv}{x=0.754900}|OC1=NCCC1{solv}{x=0.245100}>,CC(C)CO,OC1=NCCC1,fb-fit-v3-single-mean-k100,1,1.450835150688453,0.0396041261301682,0.2989,0.0033
14996,1136,dens_1852757585830259815,1136,Density,<Substance CC(C)CO{solv}{x=0.287400}|OC1=NCCC1{solv}{x=0.712600}>,CC(C)CO,OC1=NCCC1,fb-fit-v3-single-mean-k100,1,0.9882847959049434,0.0002180874208517,1.0078300000000002,0.000155
14997,1137,dhmix_2057245570503088562,1137,EnthalpyOfMixing,<Substance CC(C)CO{solv}{x=0.259800}|OC1=NCCC1{solv}{x=0.740200}>,CC(C)CO,OC1=NCCC1,fb-fit-v3-single-mean-k100,1,1.344666303861601,0.0412093213699259,0.1798,0.00205
14998,1138,dens_2175875616459255266,1138,Density,<Substance CC(C)CO{solv}{x=0.489400}|OC1=NCCC1{solv}{x=0.510600}>,CC(C)CO,OC1=NCCC1,fb-fit-v3-single-mean-k100,1,0.9372344434848292,0.0002154308450614,0.9431100000000002,0.00017
14999,1139,dhmix_2273039716774959551,1139,EnthalpyOfMixing,<Substance CC(C)CO{solv}{x=0.497800}|OC1=NCCC1{solv}{x=0.502200}>,CC(C)CO,OC1=NCCC1,fb-fit-v3-single-mean-k100,1,1.6701666637833767,0.0430633209489089,0.2775,0.0031
15000,1140,dens_1400897934227212514,1140,Density,<Substance CC(C)CC(C)(C)C{solv}{x=0.541100}|COC(C)=O{solv}{x=0.458900}>,CC(C)CC(C)(C)C,COC(C)=O,fb-fit-v3-single-mean-k100,1,0.7747259959271241,0.0001627532881821,0.7495700000000002,0.000505
15001,1141,dhmix_1534218615961922445,1141,EnthalpyOfMixing,<Substance CC(C)CC(C)(C)C{solv}{x=0.256000}|COC(C)=O{solv}{x=0.744000}>,CC(C)CC(C)(C)C,COC(C)=O,fb-fit-v3-single-mean-k100,1,1.5910067301658053,0.0439885571971367,1.385,0.015
15002,1142,dhmix_1663557420681143866,1142,EnthalpyOfMixing,<Substance CC(C)CC(C)(C)C{solv}{x=0.540600}|COC(C)=O{solv}{x=0.459400}>,CC(C)CC(C)(C)C,COC(C)=O,fb-fit-v3-single-mean-k100,1,2.0326362024222817,0.0462250990914815,1.759,0.019
15003,1143,dens_1833608859418637606,1143,Density,<Substance CC(C)CC(C)(C)C{solv}{x=0.736400}|COC(C)=O{solv}{x=0.263600}>,CC(C)CC(C)(C)C,COC(C)=O,fb-fit-v3-single-mean-k100,1,0.7452764511656692,0.0001997281205268,0.7171000000000002,0.00015
15004,1144,dhmix_1913788848230724771,1144,EnthalpyOfMixing,<Substance CC(C)CC(C)(C)C{solv}{x=0.783300}|COC(C)=O{solv}{x=0.216700}>,CC(C)CC(C)(C)C,COC(C)=O,fb-fit-v3-single-mean-k100,1,1.565190836333244,0.0423689928483093,1.149,0.0125
15005,1145,dens_2018568384717712900,1145,Density,<Substance CC(C)CC(C)(C)C{solv}{x=0.238900}|COC(C)=O{solv}{x=0.761100}>,CC(C)CC(C)(C)C,COC(C)=O,fb-fit-v3-single-mean-k100,1,0.8432618252636191,0.0002513523654779,0.8248000000000002,0.0001
15006,1146,dens_1465225466328543955,1146,Density,<Substance Cc1cccnc1{solv}{x=0.225000}|O{solv}{x=0.775000}>,Cc1cccnc1,O,fb-fit-v3-single-mean-k100,1,0.9663857532251716,0.0003772007774653,0.9921000000000002,0.0003
15007,1147,dens_1644445312716340330,1147,Density,<Substance Cc1cccnc1{solv}{x=0.500000}|O{solv}{x=0.500000}>,Cc1cccnc1,O,fb-fit-v3-single-mean-k100,1,0.9607449156055998,0.0002837731302936,0.9797000000000002,0.0003
15008,1148,dens_2262998332454406432,1148,Density,<Substance Cc1cccnc1{solv}{x=0.700000}|O{solv}{x=0.300000}>,Cc1cccnc1,O,fb-fit-v3-single-mean-k100,1,0.9582954827493808,0.0002463596438917,0.9690000000000002,0.0003
15009,1149,dens_1601780542508306264,1149,Density,<Substance CC(=O)N(C)C{solv}{x=0.771800}|CCOC(C)=O{solv}{x=0.228200}>,CC(=O)N(C)C,CCOC(C)=O,fb-fit-v3-single-mean-k100,1,0.909567513030105,0.0002392880167989,0.9286200000000002,0.000185
15010,1150,dens_2126546638582188774,1150,Density,<Substance CC(=O)N(C)C{solv}{x=0.464600}|CCOC(C)=O{solv}{x=0.535400}>,CC(=O)N(C)C,CCOC(C)=O,fb-fit-v3-single-mean-k100,1,0.9089532968560032,0.0002265070608821,0.9166300000000002,0.00022
15011,1151,dens_2159432384130350508,1151,Density,<Substance CC(=O)N(C)C{solv}{x=0.233100}|CCOC(C)=O{solv}{x=0.766900}>,CC(=O)N(C)C,CCOC(C)=O,fb-fit-v3-single-mean-k100,1,0.9086189387974613,0.0002503389075368,0.9064300000000002,0.000245
15012,1152,dens_1713891284028890335,1152,Density,<Substance CC(=O)O{solv}{x=0.798900}|CCOC(C)=O{solv}{x=0.201100}>,CC(=O)O,CCOC(C)=O,fb-fit-v3-single-mean-k100,1,1.029352214173949,0.0003150146727234,0.9996600000000002,0.000225
15013,1153,dens_1856345418041920174,1153,Density,<Substance CC(=O)O{solv}{x=0.500700}|CCOC(C)=O{solv}{x=0.499300}>,CC(=O)O,CCOC(C)=O,fb-fit-v3-single-mean-k100,1,0.9720026683888968,0.0002150764691227,0.9514000000000002,0.00018
15014,1154,dens_2035334988982485653,1154,Density,<Substance CC(=O)O{solv}{x=0.294400}|CCOC(C)=O{solv}{x=0.705600}>,CC(=O)O,CCOC(C)=O,fb-fit-v3-single-mean-k100,1,0.9420026799279556,0.0002805795609987,0.9255000000000002,0.00016
15015,1155,dhmix_592425981731704,0,EnthalpyOfMixing,<Substance C1CCCCC1{solv}{x=0.100300}|Cc1ccccc1{solv}{x=0.899700}>,C1CCCCC1,Cc1ccccc1,fb-fit-v3-single-mean-k100,2,0.2569099742053282,0.039913415318152,0.2015,0.0015
15016,1156,dens_191923210986624643,1,Density,<Substance C1CCCCC1{solv}{x=0.697700}|Cc1ccccc1{solv}{x=0.302300}>,C1CCCCC1,Cc1ccccc1,fb-fit-v3-single-mean-k100,2,0.7836672021315373,0.000236715832456,0.7818000000000002,0.00041
15017,1157,dens_699555827256664507,2,Density,<Substance C1CCCCC1{solv}{x=0.100000}|Cc1ccccc1{solv}{x=0.900000}>,C1CCCCC1,Cc1ccccc1,fb-fit-v3-single-mean-k100,2,0.8479543093938609,0.0002408205820109,0.8378000000000001,0.00025
15018,1158,dhmix_997331474504366167,3,EnthalpyOfMixing,<Substance C1CCCCC1{solv}{x=0.697900}|Cc1ccccc1{solv}{x=0.302100}>,C1CCCCC1,Cc1ccccc1,fb-fit-v3-single-mean-k100,2,0.7129573026766423,0.0487381338594606,0.5221,0.0034
15019,1159,dhmix_1586684551148150215,4,EnthalpyOfMixing,<Substance C1CCCCC1{solv}{x=0.397600}|Cc1ccccc1{solv}{x=0.602400}>,C1CCCCC1,Cc1ccccc1,fb-fit-v3-single-mean-k100,2,0.7394938048310138,0.041208236990658,0.5887,0.0038
15020,1160,dens_1809100412119556796,5,Density,<Substance C1CCCCC1{solv}{x=0.397500}|Cc1ccccc1{solv}{x=0.602500}>,C1CCCCC1,Cc1ccccc1,fb-fit-v3-single-mean-k100,2,0.8289725767991222,0.0002322868472074,0.8228000000000002,0.0002
15021,1161,dhmix_1261378482688431,6,EnthalpyOfMixing,<Substance CCC(C)=O{solv}{x=0.510600}|Nc1ccccc1{solv}{x=0.489400}>,CCC(C)=O,Nc1ccccc1,fb-fit-v3-single-mean-k100,2,-0.3059117151470332,0.0412678407622921,-1.173,0.0125
15022,1162,dhmix_157258283975731553,7,EnthalpyOfMixing,<Substance CCC(C)=O{solv}{x=0.901800}|Nc1ccccc1{solv}{x=0.098200}>,CCC(C)=O,Nc1ccccc1,fb-fit-v3-single-mean-k100,2,-0.358428560137785,0.040245100516176,-0.469,0.005
15023,1163,dens_610648476268376520,8,Density,<Substance CCC(C)=O{solv}{x=0.502600}|Nc1ccccc1{solv}{x=0.497400}>,CCC(C)=O,Nc1ccccc1,fb-fit-v3-single-mean-k100,2,0.9329084749637068,0.0002148053734204,0.9213850000000002,5.650000000000002e-05
15024,1164,dens_1388487494953421117,9,Density,<Substance CCC(C)=O{solv}{x=0.901900}|Nc1ccccc1{solv}{x=0.098100}>,CCC(C)=O,Nc1ccccc1,fb-fit-v3-single-mean-k100,2,0.8235245538256609,0.0002343528021331,0.8265540000000001,7.200000000000002e-05
15025,1165,dhmix_1389656513678923263,10,EnthalpyOfMixing,<Substance CCC(C)=O{solv}{x=0.209900}|Nc1ccccc1{solv}{x=0.790100}>,CCC(C)=O,Nc1ccccc1,fb-fit-v3-single-mean-k100,2,0.0937393411880762,0.0493391573188888,-0.648,0.007
15026,1166,dens_2115628806769415578,11,Density,<Substance CCC(C)=O{solv}{x=0.256300}|Nc1ccccc1{solv}{x=0.743700}>,CCC(C)=O,Nc1ccccc1,fb-fit-v3-single-mean-k100,2,0.997134555462454,0.0002622067580324,0.9712300000000004,4.900000000000001e-05
15027,1167,dens_1379242187515209,12,Density,<Substance CC#N{solv}{x=0.795200}|CCCCOCCCC{solv}{x=0.204800}>,CC#N,CCCCOCCCC,fb-fit-v3-single-mean-k100,2,0.760321185916948,0.000243682700669,0.7708800000000002,0.000245
15028,1168,dhmix_575991096898484441,13,EnthalpyOfMixing,<Substance CC#N{solv}{x=0.488600}|CCCCOCCCC{solv}{x=0.511400}>,CC#N,CCCCOCCCC,fb-fit-v3-single-mean-k100,2,0.6046418880034992,0.0406181878373672,1.26543,0.00796
15029,1169,dhmix_1182924089945476872,14,EnthalpyOfMixing,<Substance CC#N{solv}{x=0.241600}|CCCCOCCCC{solv}{x=0.758400}>,CC#N,CCCCOCCCC,fb-fit-v3-single-mean-k100,2,0.4803572503907674,0.0505198264835391,0.94593,0.00601
15030,1170,dhmix_1244492966201685063,15,EnthalpyOfMixing,<Substance CC#N{solv}{x=0.795200}|CCCCOCCCC{solv}{x=0.204800}>,CC#N,CCCCOCCCC,fb-fit-v3-single-mean-k100,2,0.531995926338678,0.0294001038771054,0.94289,0.005995
15031,1171,dens_2044032309137951705,16,Density,<Substance CC#N{solv}{x=0.245500}|CCCCOCCCC{solv}{x=0.754500}>,CC#N,CCCCOCCCC,fb-fit-v3-single-mean-k100,2,0.7645079574627027,0.0001915791730073,0.7653000000000001,0.00028
15032,1172,dens_2211436825174998797,17,Density,<Substance CC#N{solv}{x=0.509800}|CCCCOCCCC{solv}{x=0.490200}>,CC#N,CCCCOCCCC,fb-fit-v3-single-mean-k100,2,0.7634678062044364,0.0002010866937784,0.7671500000000001,0.00026
15033,1173,dens_1820034175228694,18,Density,<Substance C1CCCCC1{solv}{x=0.540900}|CN1CCCC1=O{solv}{x=0.459100}>,C1CCCCC1,CN1CCCC1=O,fb-fit-v3-single-mean-k100,2,0.8703676042970888,0.0001983684188667,0.8757100000000002,0.000335
15034,1174,dhmix_1335365307191460458,19,EnthalpyOfMixing,<Substance C1CCCCC1{solv}{x=0.751800}|CN1CCCC1=O{solv}{x=0.248200}>,C1CCCCC1,CN1CCCC1=O,fb-fit-v3-single-mean-k100,2,1.4665178420991225,0.0459595780049978,1.1998,0.01285
15035,1175,dens_1375048033230012198,20,Density,<Substance C1CCCCC1{solv}{x=0.733200}|CN1CCCC1=O{solv}{x=0.266800}>,C1CCCCC1,CN1CCCC1=O,fb-fit-v3-single-mean-k100,2,0.8243822264964792,0.0001889263980474,0.8287300000000002,0.0004
15036,1176,dhmix_1563298635135474599,21,EnthalpyOfMixing,<Substance C1CCCCC1{solv}{x=0.278900}|CN1CCCC1=O{solv}{x=0.721100}>,C1CCCCC1,CN1CCCC1=O,fb-fit-v3-single-mean-k100,2,1.6500447217885608,0.0437819417569838,1.2061,0.0129
15037,1177,dens_1606235786379262481,22,Density,<Substance C1CCCCC1{solv}{x=0.227500}|CN1CCCC1=O{solv}{x=0.772500}>,C1CCCCC1,CN1CCCC1=O,fb-fit-v3-single-mean-k100,2,0.9482728250843928,0.0002036231417674,0.9583800000000002,0.000245
15038,1178,dhmix_1683219349338278021,23,EnthalpyOfMixing,<Substance C1CCCCC1{solv}{x=0.473400}|CN1CCCC1=O{solv}{x=0.526600}>,C1CCCCC1,CN1CCCC1=O,fb-fit-v3-single-mean-k100,2,1.8909161273717103,0.0445932615022688,1.4691,0.0157
15039,1179,dens_4438302718372985,24,Density,<Substance BrCCCCBr{solv}{x=0.717000}|COC=O{solv}{x=0.283000}>,BrCCCCBr,COC=O,fb-fit-v3-single-mean-k100,2,1.6518635474638832,0.000455963339127,1.6702600000000003,0.00259
15040,1180,dhmix_369816950910078034,25,EnthalpyOfMixing,<Substance BrCCCCBr{solv}{x=0.778200}|COC=O{solv}{x=0.221800}>,BrCCCCBr,COC=O,fb-fit-v3-single-mean-k100,2,0.7068038139713906,0.0382969765685275,0.6355,0.0057
15041,1181,dens_460757700461114532,26,Density,<Substance BrCCCCBr{solv}{x=0.495800}|COC=O{solv}{x=0.504200}>,BrCCCCBr,COC=O,fb-fit-v3-single-mean-k100,2,1.509532697070784,0.000398992410474,1.5176800000000004,0.001885
15042,1182,dhmix_1496821399278454353,27,EnthalpyOfMixing,<Substance BrCCCCBr{solv}{x=0.265400}|COC=O{solv}{x=0.734600}>,BrCCCCBr,COC=O,fb-fit-v3-single-mean-k100,2,0.856193459582979,0.0330233805463863,0.8185,0.00715
15043,1183,dens_1750413656870357630,28,Density,<Substance BrCCCCBr{solv}{x=0.225800}|COC=O{solv}{x=0.774200}>,BrCCCCBr,COC=O,fb-fit-v3-single-mean-k100,2,1.275351475389294,0.0002940818871199,1.2671300000000003,0.00104
15044,1184,dhmix_1802862930607761431,29,EnthalpyOfMixing,<Substance BrCCCCBr{solv}{x=0.482000}|COC=O{solv}{x=0.518000}>,BrCCCCBr,COC=O,fb-fit-v3-single-mean-k100,2,1.1168654154534217,0.0345407833292433,1.0243,0.0087
15045,1185,dhmix_8447570649359775,30,EnthalpyOfMixing,<Substance OCCO{solv}{x=0.481700}|OCc1ccccc1{solv}{x=0.518300}>,OCCO,OCc1ccccc1,fb-fit-v3-single-mean-k100,2,0.3966576817688363,0.0465411373731539,0.201,0.00465
15046,1186,dens_824372741354282107,31,Density,<Substance OCCO{solv}{x=0.505700}|OCc1ccccc1{solv}{x=0.494300}>,OCCO,OCc1ccccc1,fb-fit-v3-single-mean-k100,2,1.06898623955497,0.0003375115593901,1.0579000000000005,0.00027
15047,1187,dens_1105173553343721111,32,Density,<Substance OCCO{solv}{x=0.737100}|OCc1ccccc1{solv}{x=0.262900}>,OCCO,OCc1ccccc1,fb-fit-v3-single-mean-k100,2,1.088741854111709,0.0003999140127669,1.0753200000000005,0.000275
15048,1188,dhmix_1362282802315816638,33,EnthalpyOfMixing,<Substance OCCO{solv}{x=0.736100}|OCc1ccccc1{solv}{x=0.263900}>,OCCO,OCc1ccccc1,fb-fit-v3-single-mean-k100,2,0.4179199712291179,0.0471437825196713,0.1383,0.0037
15049,1189,dhmix_1666683879028583081,34,EnthalpyOfMixing,<Substance OCCO{solv}{x=0.236500}|OCc1ccccc1{solv}{x=0.763500}>,OCCO,OCc1ccccc1,fb-fit-v3-single-mean-k100,2,0.301283186869739,0.0433574458871089,0.209,0.0048
15050,1190,dens_1698159396404241323,35,Density,<Substance OCCO{solv}{x=0.262200}|OCc1ccccc1{solv}{x=0.737800}>,OCCO,OCc1ccccc1,fb-fit-v3-single-mean-k100,2,1.0546245692425198,0.0002662709270716,1.0442900000000002,0.000265
15051,1191,dens_8507121971977381,36,Density,<Substance CCOC(C)(C)C{solv}{x=0.505000}|Cc1ccccc1{solv}{x=0.495000}>,CCOC(C)(C)C,Cc1ccccc1,fb-fit-v3-single-mean-k100,2,0.8077268237898768,0.0002255612721067,0.7937390000000002,0.000467
15052,1192,dens_499290591626962121,37,Density,<Substance CCOC(C)(C)C{solv}{x=0.217000}|Cc1ccccc1{solv}{x=0.783000}>,CCOC(C)(C)C,Cc1ccccc1,fb-fit-v3-single-mean-k100,2,0.8447473615135607,0.0002158078713069,0.8314450000000002,0.000411
15053,1193,dhmix_820491025608256793,38,EnthalpyOfMixing,<Substance CCOC(C)(C)C{solv}{x=0.501900}|Cc1ccccc1{solv}{x=0.498100}>,CCOC(C)(C)C,Cc1ccccc1,fb-fit-v3-single-mean-k100,2,-0.1885010553629342,0.0457002530953766,-0.046,0.00055
15054,1194,dhmix_1374163681483564129,39,EnthalpyOfMixing,<Substance CCOC(C)(C)C{solv}{x=0.248900}|Cc1ccccc1{solv}{x=0.751100}>,CCOC(C)(C)C,Cc1ccccc1,fb-fit-v3-single-mean-k100,2,-0.2391361352437329,0.0430952477460458,-0.0324,0.0005
15055,1195,dens_1904998692863983733,40,Density,<Substance CCOC(C)(C)C{solv}{x=0.701000}|Cc1ccccc1{solv}{x=0.299000}>,CCOC(C)(C)C,Cc1ccccc1,fb-fit-v3-single-mean-k100,2,0.7835015502019035,0.0002272567311896,0.7696300000000001,0.000503
15056,1196,dhmix_1982853461678580310,41,EnthalpyOfMixing,<Substance CCOC(C)(C)C{solv}{x=0.749500}|Cc1ccccc1{solv}{x=0.250500}>,CCOC(C)(C)C,Cc1ccccc1,fb-fit-v3-single-mean-k100,2,-0.0815824171699901,0.0472012777194354,-0.0348,0.0005
15057,1197,dhmix_13624411991961099,42,EnthalpyOfMixing,<Substance C1CCOCC1{solv}{x=0.237900}|Cc1ccccc1N{solv}{x=0.762100}>,C1CCOCC1,Cc1ccccc1N,fb-fit-v3-single-mean-k100,2,-0.2247712183402366,0.0476857182416371,-0.3658,0.004
15058,1198,dhmix_510299013171775812,43,EnthalpyOfMixing,<Substance C1CCOCC1{solv}{x=0.741000}|Cc1ccccc1N{solv}{x=0.259000}>,C1CCOCC1,Cc1ccccc1N,fb-fit-v3-single-mean-k100,2,-0.2676246354826119,0.0473300338172918,-0.4892,0.0053
15059,1199,dhmix_1337006691942958969,44,EnthalpyOfMixing,<Substance C1CCOCC1{solv}{x=0.490100}|Cc1ccccc1N{solv}{x=0.509900}>,C1CCOCC1,Cc1ccccc1N,fb-fit-v3-single-mean-k100,2,-0.198850164557097,0.0401490062150907,-0.5715,0.0062
15060,1200,dens_1448062547628404156,45,Density,<Substance C1CCOCC1{solv}{x=0.727900}|Cc1ccccc1N{solv}{x=0.272100}>,C1CCOCC1,Cc1ccccc1N,fb-fit-v3-single-mean-k100,2,0.920978850938698,0.0001849370747766,0.91866,0.000285
15061,1201,dens_2171966897328079405,46,Density,<Substance C1CCOCC1{solv}{x=0.498600}|Cc1ccccc1N{solv}{x=0.501400}>,C1CCOCC1,Cc1ccccc1N,fb-fit-v3-single-mean-k100,2,0.9546152295127546,0.0002481575049712,0.9459860000000002,0.0002275
15062,1202,dens_2201621104799327758,47,Density,<Substance C1CCOCC1{solv}{x=0.229700}|Cc1ccccc1N{solv}{x=0.770300}>,C1CCOCC1,Cc1ccccc1N,fb-fit-v3-single-mean-k100,2,0.9915594654836648,0.0002395152129211,0.9734540000000002,0.000164
15063,1203,dens_15008167137789802,48,Density,<Substance CCCCCl{solv}{x=0.299200}|CN(C)C=O{solv}{x=0.700800}>,CCCCCl,CN(C)C=O,fb-fit-v3-single-mean-k100,2,0.9096224753361584,0.0002993716171671,0.9218000000000002,0.0002
15064,1204,dens_550868133232739009,49,Density,<Substance CCCCCl{solv}{x=0.701200}|CN(C)C=O{solv}{x=0.298800}>,CCCCCl,CN(C)C=O,fb-fit-v3-single-mean-k100,2,0.8864847927817293,0.0002729697365093,0.8963000000000002,0.0002
15065,1205,dhmix_1315230298567753558,50,EnthalpyOfMixing,<Substance CCCCCl{solv}{x=0.793000}|CN(C)C=O{solv}{x=0.207000}>,CCCCCl,CN(C)C=O,fb-fit-v3-single-mean-k100,2,0.7700774465566482,0.0401067076268761,0.404,0.003
15066,1206,dhmix_1929975181819720491,51,EnthalpyOfMixing,<Substance CCCCCl{solv}{x=0.493000}|CN(C)C=O{solv}{x=0.507000}>,CCCCCl,CN(C)C=O,fb-fit-v3-single-mean-k100,2,1.045670355985365,0.036427295300104,0.571,0.003
15067,1207,dhmix_1976787548784045784,52,EnthalpyOfMixing,<Substance CCCCCl{solv}{x=0.295000}|CN(C)C=O{solv}{x=0.705000}>,CCCCCl,CN(C)C=O,fb-fit-v3-single-mean-k100,2,0.8158216358053068,0.0374550152444543,0.467,0.003
15068,1208,dens_2008819185276371643,53,Density,<Substance CCCCCl{solv}{x=0.499000}|CN(C)C=O{solv}{x=0.501000}>,CCCCCl,CN(C)C=O,fb-fit-v3-single-mean-k100,2,0.8979577734474911,0.0002695132829155,0.9086000000000002,0.0002
15069,1209,dens_16755306936326197,54,Density,<Substance Cc1ccccc1N{solv}{x=0.255700}|Cc1ccccn1{solv}{x=0.744300}>,Cc1ccccc1N,Cc1ccccn1,fb-fit-v3-single-mean-k100,2,0.9706057973035452,0.0001871583831461,0.9597930000000002,0.000307
15070,1210,dens_238666738854407136,55,Density,<Substance Cc1ccccc1N{solv}{x=0.514600}|Cc1ccccn1{solv}{x=0.485400}>,Cc1ccccc1N,Cc1ccccn1,fb-fit-v3-single-mean-k100,2,0.9899269884969212,0.0002282491717874,0.9748990000000002,0.0002315
15071,1211,dhmix_1909144841681931250,56,EnthalpyOfMixing,<Substance Cc1ccccc1N{solv}{x=0.488200}|Cc1ccccn1{solv}{x=0.511800}>,Cc1ccccc1N,Cc1ccccn1,fb-fit-v3-single-mean-k100,2,-1.673285618695452,0.0450894578357006,-1.4976,0.0305
15072,1212,dens_1945534954282706534,57,Density,<Substance Cc1ccccc1N{solv}{x=0.757100}|Cc1ccccn1{solv}{x=0.242900}>,Cc1ccccc1N,Cc1ccccn1,fb-fit-v3-single-mean-k100,2,1.0065398890507236,0.00023652880036,0.9854410000000002,0.000169
15073,1213,dhmix_2038606904928978856,58,EnthalpyOfMixing,<Substance Cc1ccccc1N{solv}{x=0.782100}|Cc1ccccn1{solv}{x=0.217900}>,Cc1ccccc1N,Cc1ccccn1,fb-fit-v3-single-mean-k100,2,-0.7544331917555276,0.0425988733579203,-0.8656,0.01775
15074,1214,dhmix_2125558080831870503,59,EnthalpyOfMixing,<Substance Cc1ccccc1N{solv}{x=0.273600}|Cc1ccccn1{solv}{x=0.726400}>,Cc1ccccc1N,Cc1ccccn1,fb-fit-v3-single-mean-k100,2,-1.476432067410947,0.0417239533849004,-1.2462,0.0254
15075,1215,dens_19028061622240549,60,Density,<Substance CN(C)CCO{solv}{x=0.296200}|CO{solv}{x=0.703800}>,CN(C)CCO,CO,fb-fit-v3-single-mean-k100,2,0.8490032611980342,0.0002343049805822,0.8506500000000001,0.00014
15076,1216,dens_186649390549115907,61,Density,<Substance CN(C)CCO{solv}{x=0.502000}|CO{solv}{x=0.498000}>,CN(C)CCO,CO,fb-fit-v3-single-mean-k100,2,0.8755086095840654,0.0001834006420388,0.8684000000000002,0.000155
15077,1217,dhmix_1453612193040378117,62,EnthalpyOfMixing,<Substance CN(C)CCO{solv}{x=0.497200}|CO{solv}{x=0.502800}>,CN(C)CCO,CO,fb-fit-v3-single-mean-k100,2,-1.3491667246467642,0.0374165158767671,-0.8673,0.00935
15078,1218,dens_1978392691277508278,63,Density,<Substance CN(C)CCO{solv}{x=0.707500}|CO{solv}{x=0.292500}>,CN(C)CCO,CO,fb-fit-v3-single-mean-k100,2,0.8916311678755583,0.0002643984680848,0.8766100000000002,0.00017
15079,1219,dhmix_2113387918969192804,64,EnthalpyOfMixing,<Substance CN(C)CCO{solv}{x=0.247900}|CO{solv}{x=0.752100}>,CN(C)CCO,CO,fb-fit-v3-single-mean-k100,2,-1.1318852111217836,0.02939027137673,-0.8057,0.0087
15080,1220,dhmix_2220842061395014218,65,EnthalpyOfMixing,<Substance CN(C)CCO{solv}{x=0.750600}|CO{solv}{x=0.249400}>,CN(C)CCO,CO,fb-fit-v3-single-mean-k100,2,-0.986539737659129,0.0394096661897865,-0.5322,0.00585
15081,1221,dhmix_21994921667950318,66,EnthalpyOfMixing,<Substance C=CCCCC{solv}{x=0.500100}|CCCO{solv}{x=0.499900}>,C=CCCCC,CCCO,fb-fit-v3-single-mean-k100,2,0.5901804522785241,0.0417000907231785,0.595,0.0055
15082,1222,dens_62854823056490751,67,Density,<Substance C=CCCCC{solv}{x=0.150300}|CCCO{solv}{x=0.849700}>,C=CCCCC,CCCO,fb-fit-v3-single-mean-k100,2,0.7712213296368637,0.0002297144551135,0.7704980000000002,0.0001845
15083,1223,dens_294296714501123310,68,Density,<Substance C=CCCCC{solv}{x=0.499100}|CCCO{solv}{x=0.500900}>,C=CCCCC,CCCO,fb-fit-v3-single-mean-k100,2,0.7146931716701329,0.0002440926491751,0.7176450000000002,0.0002145
15084,1224,dhmix_829065315899278784,69,EnthalpyOfMixing,<Substance C=CCCCC{solv}{x=0.750000}|CCCO{solv}{x=0.250000}>,C=CCCCC,CCCO,fb-fit-v3-single-mean-k100,2,0.5775682087300282,0.0445924901987636,0.682,0.006
15085,1225,dens_2024397702416079279,70,Density,<Substance C=CCCCC{solv}{x=0.745600}|CCCO{solv}{x=0.254400}>,C=CCCCC,CCCO,fb-fit-v3-single-mean-k100,2,0.6856043015272527,0.0002434113119819,0.6899770000000002,0.0002305
15086,1226,dhmix_2167083041249157622,71,EnthalpyOfMixing,<Substance C=CCCCC{solv}{x=0.150100}|CCCO{solv}{x=0.849900}>,C=CCCCC,CCCO,fb-fit-v3-single-mean-k100,2,0.1334714799010576,0.0387702670585291,0.192,0.005
15087,1227,dhmix_22428169890990447,72,EnthalpyOfMixing,<Substance CC1(C)C(=O)[C@]2(C)CC[C@H]1C2{solv}{x=0.286000}|CCO{solv}{x=0.714000}>,CC1(C)C(=O)[C@]2(C)CC[C@H]1C2,CCO,fb-fit-v3-single-mean-k100,2,0.8927324297542469,0.0346716403294937,0.876,0.0265
15088,1228,dhmix_57626661746168078,73,EnthalpyOfMixing,<Substance CC1(C)C(=O)[C@]2(C)CC[C@H]1C2{solv}{x=0.701000}|CCO{solv}{x=0.299000}>,CC1(C)C(=O)[C@]2(C)CC[C@H]1C2,CCO,fb-fit-v3-single-mean-k100,2,1.174523988198473,0.0533802441127859,1.0,0.0305
15089,1229,dhmix_287041928444283276,74,EnthalpyOfMixing,<Substance CC1(C)C(=O)[C@]2(C)CC[C@H]1C2{solv}{x=0.488000}|CCO{solv}{x=0.512000}>,CC1(C)C(=O)[C@]2(C)CC[C@H]1C2,CCO,fb-fit-v3-single-mean-k100,2,1.232585138386355,0.0417492471223506,1.109,0.0335
15090,1230,dens_618487453946854895,75,Density,<Substance CC1(C)C(=O)[C@]2(C)CC[C@H]1C2{solv}{x=0.501200}|CCO{solv}{x=0.498800}>,CC1(C)C(=O)[C@]2(C)CC[C@H]1C2,CCO,fb-fit-v3-single-mean-k100,2,0.9237709992404232,0.0002276683953416,0.9005900000000002,5.5000000000000016e-05
15091,1231,dens_1408969463542558504,76,Density,<Substance CC1(C)C(=O)[C@]2(C)CC[C@H]1C2{solv}{x=0.789700}|CCO{solv}{x=0.210300}>,CC1(C)C(=O)[C@]2(C)CC[C@H]1C2,CCO,fb-fit-v3-single-mean-k100,2,0.95608198255222,0.0002061211438289,0.9274800000000002,6.0000000000000015e-05
15092,1232,dens_2053919413592536040,77,Density,<Substance CC1(C)C(=O)[C@]2(C)CC[C@H]1C2{solv}{x=0.200200}|CCO{solv}{x=0.799800}>,CC1(C)C(=O)[C@]2(C)CC[C@H]1C2,CCO,fb-fit-v3-single-mean-k100,2,0.8661069903637575,0.0002226199952208,0.8499000000000002,6.500000000000002e-05
15093,1233,dhmix_24700325920498635,78,EnthalpyOfMixing,<Substance CCC(C)(C)O{solv}{x=0.799400}|CCOC(C)(C)CC{solv}{x=0.200600}>,CCC(C)(C)O,CCOC(C)(C)CC,fb-fit-v3-single-mean-k100,2,0.4646504198831529,0.0518891635741653,0.448,0.0073
15094,1234,dhmix_252628078473967793,79,EnthalpyOfMixing,<Substance CCC(C)(C)O{solv}{x=0.299700}|CCOC(C)(C)CC{solv}{x=0.700300}>,CCC(C)(C)O,CCOC(C)(C)CC,fb-fit-v3-single-mean-k100,2,1.0171955472141363,0.0500702882857485,0.9727,0.0132
15095,1235,dens_281609537293621351,80,Density,<Substance CCC(C)(C)O{solv}{x=0.799400}|CCOC(C)(C)CC{solv}{x=0.200600}>,CCC(C)(C)O,CCOC(C)(C)CC,fb-fit-v3-single-mean-k100,2,0.807185462300547,0.000229474154438,0.7932000000000002,0.00025
15096,1236,dhmix_980734994193955874,81,EnthalpyOfMixing,<Substance CCC(C)(C)O{solv}{x=0.498700}|CCOC(C)(C)CC{solv}{x=0.501300}>,CCC(C)(C)O,CCOC(C)(C)CC,fb-fit-v3-single-mean-k100,2,0.8801707118280255,0.0385118203959085,0.8937,0.01225
15097,1237,dens_1165049856972872340,82,Density,<Substance CCC(C)(C)O{solv}{x=0.498700}|CCOC(C)(C)CC{solv}{x=0.501300}>,CCC(C)(C)O,CCOC(C)(C)CC,fb-fit-v3-single-mean-k100,2,0.7877083606791161,0.000160941411286,0.7789000000000001,0.0002
15098,1238,dens_2297026976830009992,83,Density,<Substance CCC(C)(C)O{solv}{x=0.299700}|CCOC(C)(C)CC{solv}{x=0.700300}>,CCC(C)(C)O,CCOC(C)(C)CC,fb-fit-v3-single-mean-k100,2,0.7761933861794238,0.0002202039677807,0.7709000000000001,0.0002
15099,1239,dens_25810987980199799,84,Density,<Substance CCCCCC{solv}{x=0.158800}|Cc1ccccc1{solv}{x=0.841200}>,CCCCCC,Cc1ccccc1,fb-fit-v3-single-mean-k100,2,0.8330666718546872,0.0001875518782169,0.8226300000000002,0.000335
15100,1240,dens_574637447996217594,85,Density,<Substance CCCCCC{solv}{x=0.501100}|Cc1ccccc1{solv}{x=0.498900}>,CCCCCC,Cc1ccccc1,fb-fit-v3-single-mean-k100,2,0.7544303052638398,0.0002205631288377,0.7484400000000002,0.00015
15101,1241,dhmix_1373657903424456878,86,EnthalpyOfMixing,<Substance CCCCCC{solv}{x=0.158600}|Cc1ccccc1{solv}{x=0.841400}>,CCCCCC,Cc1ccccc1,fb-fit-v3-single-mean-k100,2,0.4149981480904188,0.0429223702616828,0.3163,0.0043
15102,1242,dhmix_1383995974797334848,87,EnthalpyOfMixing,<Substance CCCCCC{solv}{x=0.472300}|Cc1ccccc1{solv}{x=0.527700}>,CCCCCC,Cc1ccccc1,fb-fit-v3-single-mean-k100,2,0.7944656031866089,0.0394579662126914,0.5467,0.00715
15103,1243,dhmix_1412344026798360911,88,EnthalpyOfMixing,<Substance CCCCCC{solv}{x=0.748400}|Cc1ccccc1{solv}{x=0.251600}>,CCCCCC,Cc1ccccc1,fb-fit-v3-single-mean-k100,2,0.6023026509144387,0.0461698615812883,0.393,0.00525
15104,1244,dens_2241575426887298365,89,Density,<Substance CCCCCC{solv}{x=0.733800}|Cc1ccccc1{solv}{x=0.266200}>,CCCCCC,Cc1ccccc1,fb-fit-v3-single-mean-k100,2,0.705348215525237,0.0002128648332945,0.7020900000000002,0.000305
15105,1245,dens_27241401908451167,90,Density,<Substance CN(C)C=O{solv}{x=0.503500}|Cc1ccccc1Cl{solv}{x=0.496500}>,CN(C)C=O,Cc1ccccc1Cl,fb-fit-v3-single-mean-k100,2,1.0268533802509987,0.0002364002823091,1.0247000000000004,0.0005
15106,1246,dhmix_674882857451857086,91,EnthalpyOfMixing,<Substance CN(C)C=O{solv}{x=0.511800}|Cc1ccccc1Cl{solv}{x=0.488200}>,CN(C)C=O,Cc1ccccc1Cl,fb-fit-v3-single-mean-k100,2,0.2170990289997547,0.0354115807475147,0.545,0.006
15107,1247,dens_818042132181297482,92,Density,<Substance CN(C)C=O{solv}{x=0.751200}|Cc1ccccc1Cl{solv}{x=0.248800}>,CN(C)C=O,Cc1ccccc1Cl,fb-fit-v3-single-mean-k100,2,0.9813602357022868,0.0002506829432017,0.9898800000000002,0.0005
15108,1248,dens_861365281257265917,93,Density,<Substance CN(C)C=O{solv}{x=0.273700}|Cc1ccccc1Cl{solv}{x=0.726300}>,CN(C)C=O,Cc1ccccc1Cl,fb-fit-v3-single-mean-k100,2,1.051534116007652,0.000263139581365,1.0415000000000003,0.0005
15109,1249,dhmix_1670364528496870559,94,EnthalpyOfMixing,<Substance CN(C)C=O{solv}{x=0.767900}|Cc1ccccc1Cl{solv}{x=0.232100}>,CN(C)C=O,Cc1ccccc1Cl,fb-fit-v3-single-mean-k100,2,0.1566136834030445,0.0406397536386105,0.436,0.005
15110,1250,dhmix_1992689527814967541,95,EnthalpyOfMixing,<Substance CN(C)C=O{solv}{x=0.274300}|Cc1ccccc1Cl{solv}{x=0.725700}>,CN(C)C=O,Cc1ccccc1Cl,fb-fit-v3-single-mean-k100,2,0.2675712994889068,0.0422179374122607,0.373,0.004
15111,1251,dens_29213618499921464,96,Density,<Substance C1CCOCC1{solv}{x=0.254000}|O=C1CCCCCC1{solv}{x=0.746000}>,C1CCOCC1,O=C1CCCCCC1,fb-fit-v3-single-mean-k100,2,0.9276224183727628,0.0001863360061656,0.9355100000000002,0.00051
15112,1252,dens_468319504030932569,97,Density,<Substance C1CCOCC1{solv}{x=0.498600}|O=C1CCCCCC1{solv}{x=0.501400}>,C1CCOCC1,O=C1CCCCCC1,fb-fit-v3-single-mean-k100,2,0.9130014439790158,0.0001525853105554,0.9211200000000004,0.00051
15113,1253,dens_1174890511154571939,98,Density,<Substance C1CCOCC1{solv}{x=0.768600}|O=C1CCCCCC1{solv}{x=0.231400}>,C1CCOCC1,O=C1CCCCCC1,fb-fit-v3-single-mean-k100,2,0.8943278095816711,0.0001824286635895,0.9012200000000002,0.000505
15114,1254,dens_30084818585402677,99,Density,<Substance CC(=O)N(C)C{solv}{x=0.700600}|ClCCCCCCCl{solv}{x=0.299400}>,CC(=O)N(C)C,ClCCCCCCCl,fb-fit-v3-single-mean-k100,2,0.972510658566824,0.0002243618393083,0.9853000000000002,0.00175
15115,1255,dhmix_384619296407103076,100,EnthalpyOfMixing,<Substance CC(=O)N(C)C{solv}{x=0.504000}|ClCCCCCCCl{solv}{x=0.496000}>,CC(=O)N(C)C,ClCCCCCCCl,fb-fit-v3-single-mean-k100,2,0.3253889194194741,0.0414583129239599,0.09,0.002
15116,1256,dens_539464371986972328,101,Density,<Substance CC(=O)N(C)C{solv}{x=0.494300}|ClCCCCCCCl{solv}{x=0.505700}>,CC(=O)N(C)C,ClCCCCCCCl,fb-fit-v3-single-mean-k100,2,1.0074236979871412,0.0002058761137978,1.0123000000000002,0.0016
15117,1257,dhmix_1114659247517686326,102,EnthalpyOfMixing,<Substance CC(=O)N(C)C{solv}{x=0.798000}|ClCCCCCCCl{solv}{x=0.202000}>,CC(=O)N(C)C,ClCCCCCCCl,fb-fit-v3-single-mean-k100,2,0.1569944048671878,0.0435852396048693,0.067,0.002
15118,1258,dhmix_1410583096030633514,103,EnthalpyOfMixing,<Substance CC(=O)N(C)C{solv}{x=0.212000}|ClCCCCCCCl{solv}{x=0.788000}>,CC(=O)N(C)C,ClCCCCCCCl,fb-fit-v3-single-mean-k100,2,0.2803708686024322,0.0496466127297137,0.04,0.002
15119,1259,dens_2244909992725638206,104,Density,<Substance CC(=O)N(C)C{solv}{x=0.300200}|ClCCCCCCCl{solv}{x=0.699800}>,CC(=O)N(C)C,ClCCCCCCCl,fb-fit-v3-single-mean-k100,2,1.0350101198408392,0.0002182011250882,1.0345000000000002,0.0015
15120,1260,dhmix_35301006695188726,105,EnthalpyOfMixing,<Substance CCOC(=O)C(C)C{solv}{x=0.289000}|CO{solv}{x=0.711000}>,CCOC(=O)C(C)C,CO,fb-fit-v3-single-mean-k100,2,0.5552602263962925,0.035546756424138,0.488,0.0035
15121,1261,dens_508877804306927207,106,Density,<Substance CCOC(=O)C(C)C{solv}{x=0.499000}|CO{solv}{x=0.501000}>,CCOC(=O)C(C)C,CO,fb-fit-v3-single-mean-k100,2,0.8465817661582222,0.0002905171823257,0.8414100000000002,0.00011
15122,1262,dens_1201422771202741625,107,Density,<Substance CCOC(=O)C(C)C{solv}{x=0.199600}|CO{solv}{x=0.800400}>,CCOC(=O)C(C)C,CO,fb-fit-v3-single-mean-k100,2,0.8112067743012044,0.000378420754653,0.8173600000000002,0.000115
15123,1263,dhmix_1951183536432642425,108,EnthalpyOfMixing,<Substance CCOC(=O)C(C)C{solv}{x=0.480000}|CO{solv}{x=0.520000}>,CCOC(=O)C(C)C,CO,fb-fit-v3-single-mean-k100,2,0.7343895416857009,0.0376572451266884,0.671,0.0045
15124,1264,dens_1998368384671748308,109,Density,<Substance CCOC(=O)C(C)C{solv}{x=0.703000}|CO{solv}{x=0.297000}>,CCOC(=O)C(C)C,CO,fb-fit-v3-single-mean-k100,2,0.8600316550618806,0.0002619532321056,0.8501200000000002,0.00011
15125,1265,dhmix_2200604492347455092,110,EnthalpyOfMixing,<Substance CCOC(=O)C(C)C{solv}{x=0.771000}|CO{solv}{x=0.229000}>,CCOC(=O)C(C)C,CO,fb-fit-v3-single-mean-k100,2,0.6962916932901422,0.0449002111259952,0.632,0.0045
15126,1266,dhmix_39159150320919359,111,EnthalpyOfMixing,<Substance CCO{solv}{x=0.799700}|Cc1cccc(O)c1{solv}{x=0.200300}>,CCO,Cc1cccc(O)c1,fb-fit-v3-single-mean-k100,2,-0.7122760542939837,0.0360905164776566,-0.79199,0.011965
15127,1267,dens_410843938837220593,112,Density,<Substance CCO{solv}{x=0.263700}|Cc1cccc(O)c1{solv}{x=0.736300}>,CCO,Cc1cccc(O)c1,fb-fit-v3-single-mean-k100,2,1.004137486705234,0.0002188176510153,0.9852300000000004,0.0006
15128,1268,dhmix_1115402835538407874,113,EnthalpyOfMixing,<Substance CCO{solv}{x=0.212500}|Cc1cccc(O)c1{solv}{x=0.787500}>,CCO,Cc1cccc(O)c1,fb-fit-v3-single-mean-k100,2,-0.8733368873483727,0.0413481119417812,-0.68742,0.01275
15129,1269,dens_1359111234216199895,114,Density,<Substance CCO{solv}{x=0.472400}|Cc1cccc(O)c1{solv}{x=0.527600}>,CCO,Cc1cccc(O)c1,fb-fit-v3-single-mean-k100,2,0.966158346916691,0.0002834953772852,0.9446300000000002,0.0006
15130,1270,dens_1590314985481219627,115,Density,<Substance CCO{solv}{x=0.781700}|Cc1cccc(O)c1{solv}{x=0.218300}>,CCO,Cc1cccc(O)c1,fb-fit-v3-single-mean-k100,2,0.8828151005232464,0.0002746616112477,0.8631500000000002,0.000605
15131,1271,dhmix_1871939727966182523,116,EnthalpyOfMixing,<Substance CCO{solv}{x=0.413900}|Cc1cccc(O)c1{solv}{x=0.586100}>,CCO,Cc1cccc(O)c1,fb-fit-v3-single-mean-k100,2,-0.9220593952242204,0.0421333527462801,-1.14624,0.00985
15132,1272,dens_42678158079716854,117,Density,<Substance CN1CCCC1=O{solv}{x=0.937492}|c1ccccc1{solv}{x=0.062508}>,CN1CCCC1=O,c1ccccc1,fb-fit-v3-single-mean-k100,2,1.0075801530744188,0.0002083602968224,1.0204500000000003,3.500000000000001e-05
15133,1273,dens_252520620125458637,118,Density,<Substance CN1CCCC1=O{solv}{x=0.513500}|c1ccccc1{solv}{x=0.486500}>,CN1CCCC1=O,c1ccccc1,fb-fit-v3-single-mean-k100,2,0.9642451469238608,0.0002097174263126,0.9684700000000004,0.00018
15134,1274,dhmix_524477957640851666,119,EnthalpyOfMixing,<Substance CN1CCCC1=O{solv}{x=0.235600}|c1ccccc1{solv}{x=0.764400}>,CN1CCCC1=O,c1ccccc1,fb-fit-v3-single-mean-k100,2,-0.1481326418147475,0.0394069239255119,-0.3684,0.00405
15135,1275,dhmix_1475629358723962160,120,EnthalpyOfMixing,<Substance CN1CCCC1=O{solv}{x=0.546700}|c1ccccc1{solv}{x=0.453300}>,CN1CCCC1=O,c1ccccc1,fb-fit-v3-single-mean-k100,2,-0.1220116076613493,0.0403550695751745,-0.4943,0.00535
15136,1276,dens_2041306780823594960,121,Density,<Substance CN1CCCC1=O{solv}{x=0.252400}|c1ccccc1{solv}{x=0.747600}>,CN1CCCC1=O,c1ccccc1,fb-fit-v3-single-mean-k100,2,0.9220107070156408,0.000246530760669,0.9163300000000004,0.00029
15137,1277,dhmix_2156508970935294660,122,EnthalpyOfMixing,<Substance CN1CCCC1=O{solv}{x=0.741100}|c1ccccc1{solv}{x=0.258900}>,CN1CCCC1=O,c1ccccc1,fb-fit-v3-single-mean-k100,2,-0.0655334926450308,0.0421582807310801,-0.3841,0.0042
15138,1278,dhmix_44217680865702366,123,EnthalpyOfMixing,<Substance CC(=O)c1ccccc1{solv}{x=0.200100}|CC(C)O{solv}{x=0.799900}>,CC(=O)c1ccccc1,CC(C)O,fb-fit-v3-single-mean-k100,2,1.272233174744832,0.0387043181628372,1.1352,0.0124
15139,1279,dens_91454082453656404,124,Density,<Substance CC(=O)c1ccccc1{solv}{x=0.756100}|CC(C)O{solv}{x=0.243900}>,CC(=O)c1ccccc1,CC(C)O,fb-fit-v3-single-mean-k100,2,0.989268227696724,0.0001885430117328,0.9823500000000004,0.000175
15140,1280,dens_152869924254680766,125,Density,<Substance CC(=O)c1ccccc1{solv}{x=0.251700}|CC(C)O{solv}{x=0.748300}>,CC(=O)c1ccccc1,CC(C)O,fb-fit-v3-single-mean-k100,2,0.8857155563164589,0.0002472673293264,0.8654400000000002,0.000245
15141,1281,dhmix_1214494501247401592,126,EnthalpyOfMixing,<Substance CC(=O)c1ccccc1{solv}{x=0.499600}|CC(C)O{solv}{x=0.500400}>,CC(=O)c1ccccc1,CC(C)O,fb-fit-v3-single-mean-k100,2,1.6285581348333338,0.0365090846909707,1.5703,0.0169
15142,1282,dhmix_1482394504883204224,127,EnthalpyOfMixing,<Substance CC(=O)c1ccccc1{solv}{x=0.700600}|CC(C)O{solv}{x=0.299400}>,CC(=O)c1ccccc1,CC(C)O,fb-fit-v3-single-mean-k100,2,1.2707643101767443,0.043308369395207,1.3758,0.01485
15143,1283,dens_1804860114822214449,128,Density,<Substance CC(=O)c1ccccc1{solv}{x=0.534500}|CC(C)O{solv}{x=0.465500}>,CC(=O)c1ccccc1,CC(C)O,fb-fit-v3-single-mean-k100,2,0.9506177637412012,0.0001519976214033,0.9375600000000002,0.0002
15144,1284,dhmix_47323681380989568,129,EnthalpyOfMixing,<Substance CCCCCCCCCl{solv}{x=0.498000}|CN(C)C=O{solv}{x=0.502000}>,CCCCCCCCCl,CN(C)C=O,fb-fit-v3-single-mean-k100,2,1.3537118024055133,0.0434620751763034,1.087,0.0045
15145,1285,dhmix_620291288515939248,130,EnthalpyOfMixing,<Substance CCCCCCCCCl{solv}{x=0.790000}|CN(C)C=O{solv}{x=0.210000}>,CCCCCCCCCl,CN(C)C=O,fb-fit-v3-single-mean-k100,2,0.982284619912562,0.0501275289443083,0.68,0.0045
15146,1286,dens_1830564734879843336,131,Density,<Substance CCCCCCCCCl{solv}{x=0.733100}|CN(C)C=O{solv}{x=0.266900}>,CCCCCCCCCl,CN(C)C=O,fb-fit-v3-single-mean-k100,2,0.8798758313339132,0.0001687139304128,0.8779000000000002,0.00045
15147,1287,dens_1865569264533219410,132,Density,<Substance CCCCCCCCCl{solv}{x=0.500800}|CN(C)C=O{solv}{x=0.499200}>,CCCCCCCCCl,CN(C)C=O,fb-fit-v3-single-mean-k100,2,0.8882136211077318,0.0001872296167615,0.8897000000000003,0.0004
15148,1288,dens_1893252821735673677,133,Density,<Substance CCCCCCCCCl{solv}{x=0.199800}|CN(C)C=O{solv}{x=0.800200}>,CCCCCCCCCl,CN(C)C=O,fb-fit-v3-single-mean-k100,2,0.9058565027310348,0.0002413238976186,0.9149000000000002,0.0003
15149,1289,dhmix_2175249209874409534,134,EnthalpyOfMixing,<Substance CCCCCCCCCl{solv}{x=0.205000}|CN(C)C=O{solv}{x=0.795000}>,CCCCCCCCCl,CN(C)C=O,fb-fit-v3-single-mean-k100,2,1.0510487190282731,0.0407016562222876,0.79,0.0045
15150,1290,dens_47347406470845261,135,Density,<Substance BrCCCBr{solv}{x=0.748600}|COC=O{solv}{x=0.251400}>,BrCCCBr,COC=O,fb-fit-v3-single-mean-k100,2,1.7710582565892254,0.0005067003229427,1.7969200000000003,0.00306
15151,1291,dens_398260729245374704,136,Density,<Substance BrCCCBr{solv}{x=0.472200}|COC=O{solv}{x=0.527800}>,BrCCCBr,COC=O,fb-fit-v3-single-mean-k100,2,1.5504038108273663,0.0005227041853783,1.5585100000000005,0.001985
15152,1292,dhmix_1440467239786579925,137,EnthalpyOfMixing,<Substance BrCCCBr{solv}{x=0.735400}|COC=O{solv}{x=0.264600}>,BrCCCBr,COC=O,fb-fit-v3-single-mean-k100,2,0.7442823525204965,0.0313194812263344,0.7435,0.00655
15153,1293,dens_1812113401512645360,138,Density,<Substance BrCCCBr{solv}{x=0.204700}|COC=O{solv}{x=0.795300}>,BrCCCBr,COC=O,fb-fit-v3-single-mean-k100,2,1.2707539533442438,0.0003937683682688,1.2611800000000004,0.001025
15154,1294,dhmix_2252268161220427112,139,EnthalpyOfMixing,<Substance BrCCCBr{solv}{x=0.485300}|COC=O{solv}{x=0.514700}>,BrCCCBr,COC=O,fb-fit-v3-single-mean-k100,2,0.9061190443976628,0.0314886542396179,0.9249,0.00795
15155,1295,dhmix_2289960806584862127,140,EnthalpyOfMixing,<Substance BrCCCBr{solv}{x=0.239500}|COC=O{solv}{x=0.760500}>,BrCCCBr,COC=O,fb-fit-v3-single-mean-k100,2,0.7050603840912077,0.0342652999621311,0.6669,0.00595
15156,1296,dens_52148744845178727,141,Density,<Substance CC(=O)CC(C)C{solv}{x=0.700900}|CCC(C)(C)O{solv}{x=0.299100}>,CC(=O)CC(C)C,CCC(C)(C)O,fb-fit-v3-single-mean-k100,2,0.8128440424560961,0.0001394609936818,0.7968700000000002,0.00018
15157,1297,dhmix_202225007451030020,142,EnthalpyOfMixing,<Substance CC(=O)CC(C)C{solv}{x=0.201700}|CCC(C)(C)O{solv}{x=0.798300}>,CC(=O)CC(C)C,CCC(C)(C)O,fb-fit-v3-single-mean-k100,2,0.3170494890539879,0.0429244793779345,0.8181,0.01135
15158,1298,dens_938275493819605051,143,Density,<Substance CC(=O)CC(C)C{solv}{x=0.500800}|CCC(C)(C)O{solv}{x=0.499200}>,CC(=O)CC(C)C,CCC(C)(C)O,fb-fit-v3-single-mean-k100,2,0.8169401029281064,0.0002142233714891,0.7987300000000002,0.00018
15159,1299,dhmix_998794233701009996,144,EnthalpyOfMixing,<Substance CC(=O)CC(C)C{solv}{x=0.500800}|CCC(C)(C)O{solv}{x=0.499200}>,CC(=O)CC(C)C,CCC(C)(C)O,fb-fit-v3-single-mean-k100,2,0.6900291596088515,0.0435777068125348,1.3674,0.0185
15160,1300,dhmix_1565593158104493647,145,EnthalpyOfMixing,<Substance CC(=O)CC(C)C{solv}{x=0.700900}|CCC(C)(C)O{solv}{x=0.299100}>,CC(=O)CC(C)C,CCC(C)(C)O,fb-fit-v3-single-mean-k100,2,0.6609139172030272,0.0440239326183147,1.2068,0.0164
15161,1301,dens_2097057526665137697,146,Density,<Substance CC(=O)CC(C)C{solv}{x=0.201700}|CCC(C)(C)O{solv}{x=0.798300}>,CC(=O)CC(C)C,CCC(C)(C)O,fb-fit-v3-single-mean-k100,2,0.8226592127991857,0.0002209759467214,0.8030000000000002,0.00019
15162,1302,dens_60145312697659458,147,Density,<Substance OC1=NCCC1{solv}{x=0.231200}|c1ccncc1{solv}{x=0.768800}>,OC1=NCCC1,c1ccncc1,fb-fit-v3-single-mean-k100,2,1.0038918661766554,0.000245818892895,1.0106200000000003,0.00051
15163,1303,dhmix_281987656487279026,148,EnthalpyOfMixing,<Substance OC1=NCCC1{solv}{x=0.525600}|c1ccncc1{solv}{x=0.474400}>,OC1=NCCC1,c1ccncc1,fb-fit-v3-single-mean-k100,2,0.0785547222100291,0.0385572620202039,0.2031,0.0508
15164,1304,dens_617740093035429712,149,Density,<Substance OC1=NCCC1{solv}{x=0.831200}|c1ccncc1{solv}{x=0.168800}>,OC1=NCCC1,c1ccncc1,fb-fit-v3-single-mean-k100,2,1.0508427023621192,0.0002373145778783,1.0872000000000004,0.00052
15165,1305,dhmix_658699797311871042,150,EnthalpyOfMixing,<Substance OC1=NCCC1{solv}{x=0.261500}|c1ccncc1{solv}{x=0.738500}>,OC1=NCCC1,c1ccncc1,fb-fit-v3-single-mean-k100,2,0.1194583927289372,0.0386216067334705,0.165,0.04125
15166,1306,dhmix_774470106511868908,151,EnthalpyOfMixing,<Substance OC1=NCCC1{solv}{x=0.831100}|c1ccncc1{solv}{x=0.168900}>,OC1=NCCC1,c1ccncc1,fb-fit-v3-single-mean-k100,2,0.1467860226624822,0.0389715601919147,0.0972,0.0243
15167,1307,dens_1837977312272564303,152,Density,<Substance OC1=NCCC1{solv}{x=0.475200}|c1ccncc1{solv}{x=0.524800}>,OC1=NCCC1,c1ccncc1,fb-fit-v3-single-mean-k100,2,1.02345404997874,0.0002481207982049,1.0431300000000003,0.000515
15168,1308,dens_64870336397637683,153,Density,<Substance NCCCO{solv}{x=0.489642}|O{solv}{x=0.510358}>,NCCCO,O,fb-fit-v3-single-mean-k100,2,1.0268417419601754,0.0004907062080744,1.0059000000000002,0.00155
15169,1309,dens_70371380055449550,154,Density,<Substance NCCCO{solv}{x=0.708044}|O{solv}{x=0.291956}>,NCCCO,O,fb-fit-v3-single-mean-k100,2,1.0289840934721817,0.0004349042673067,0.9975000000000004,0.0018
15170,1310,dhmix_150384853762728924,155,EnthalpyOfMixing,<Substance NCCCO{solv}{x=0.751500}|O{solv}{x=0.248500}>,NCCCO,O,fb-fit-v3-single-mean-k100,2,-0.7194260762600884,0.041201739183769,-1.531,0.031
15171,1311,dens_847209819230970781,156,Density,<Substance NCCCO{solv}{x=0.272809}|O{solv}{x=0.727191}>,NCCCO,O,fb-fit-v3-single-mean-k100,2,1.018422702413982,0.0002612311790575,1.0118000000000005,0.0014
15172,1312,dhmix_1448036989335532298,157,EnthalpyOfMixing,<Substance NCCCO{solv}{x=0.298200}|O{solv}{x=0.701800}>,NCCCO,O,fb-fit-v3-single-mean-k100,2,-1.1162756335468735,0.0287131944267843,-2.501,0.051
15173,1313,dhmix_1551692974855642379,158,EnthalpyOfMixing,<Substance NCCCO{solv}{x=0.498900}|O{solv}{x=0.501100}>,NCCCO,O,fb-fit-v3-single-mean-k100,2,-1.3415800953951162,0.0454440319048378,-2.462,0.05
15174,1314,dhmix_65921650414250861,159,EnthalpyOfMixing,<Substance CCOC(=O)CC(C)=O{solv}{x=0.499500}|CCO{solv}{x=0.500500}>,CCO,CCOC(=O)CC(C)=O,fb-fit-v3-single-mean-k100,2,1.7940051188191148,0.0369534456500947,1.7079,0.0183
15175,1315,dhmix_546962203716710778,160,EnthalpyOfMixing,<Substance CCOC(=O)CC(C)=O{solv}{x=0.299400}|CCO{solv}{x=0.700600}>,CCO,CCOC(=O)CC(C)=O,fb-fit-v3-single-mean-k100,2,1.6665050925186762,0.0350062524692062,1.4925,0.01605
15176,1316,dens_989479368116300355,161,Density,<Substance CCOC(=O)CC(C)=O{solv}{x=0.500000}|CCO{solv}{x=0.500000}>,CCO,CCOC(=O)CC(C)=O,fb-fit-v3-single-mean-k100,2,0.9604088334717202,0.000200434804925,0.9484700000000004,0.000155
15177,1317,dens_1726065156375824332,162,Density,<Substance CCOC(=O)CC(C)=O{solv}{x=0.250000}|CCO{solv}{x=0.750000}>,CCO,CCOC(=O)CC(C)=O,fb-fit-v3-single-mean-k100,2,0.8962816348771524,0.0002660525908483,0.8856300000000003,0.00017
15178,1318,dens_1736679431098209973,163,Density,<Substance CCOC(=O)CC(C)=O{solv}{x=0.750000}|CCO{solv}{x=0.250000}>,CCO,CCOC(=O)CC(C)=O,fb-fit-v3-single-mean-k100,2,1.0036620753906962,0.0001728684283626,0.9917100000000004,0.00017
15179,1319,dhmix_2221487218644783272,164,EnthalpyOfMixing,<Substance CCOC(=O)CC(C)=O{solv}{x=0.700800}|CCO{solv}{x=0.299200}>,CCO,CCOC(=O)CC(C)=O,fb-fit-v3-single-mean-k100,2,1.4826183529593209,0.0452718436741841,1.478,0.0159
15180,1320,dhmix_68947190908856741,165,EnthalpyOfMixing,<Substance C1COCCO1{solv}{x=0.250000}|O=C1CCCC1{solv}{x=0.750000}>,C1COCCO1,O=C1CCCC1,fb-fit-v3-single-mean-k100,2,-0.0298563095709454,0.0347430970475774,0.04589,0.00057
15181,1321,dens_225413782402822877,166,Density,<Substance C1COCCO1{solv}{x=0.777800}|O=C1CCCC1{solv}{x=0.222200}>,C1COCCO1,O=C1CCCC1,fb-fit-v3-single-mean-k100,2,1.0052856157067602,0.0002794433103824,1.0081000000000002,0.000255
15182,1322,dhmix_415496698649060745,167,EnthalpyOfMixing,<Substance C1COCCO1{solv}{x=0.500000}|O=C1CCCC1{solv}{x=0.500000}>,C1COCCO1,O=C1CCCC1,fb-fit-v3-single-mean-k100,2,-0.0777922347603095,0.0370586235022387,0.07457,0.00068
15183,1323,dens_803440153424346423,168,Density,<Substance C1COCCO1{solv}{x=0.506300}|O=C1CCCC1{solv}{x=0.493700}>,C1COCCO1,O=C1CCCC1,fb-fit-v3-single-mean-k100,2,0.9808802321911628,0.0002293946307367,0.9849200000000002,0.00025
15184,1324,dens_1553194080174872005,169,Density,<Substance C1COCCO1{solv}{x=0.243600}|O=C1CCCC1{solv}{x=0.756400}>,C1COCCO1,O=C1CCCC1,fb-fit-v3-single-mean-k100,2,0.95913482830143,0.0002254483547597,0.9633500000000004,0.000245
15185,1325,dhmix_1852349497898107924,170,EnthalpyOfMixing,<Substance C1COCCO1{solv}{x=0.750000}|O=C1CCCC1{solv}{x=0.250000}>,C1COCCO1,O=C1CCCC1,fb-fit-v3-single-mean-k100,2,0.0009216633356885,0.0433679612156343,0.07097,0.000665
15186,1326,dhmix_71170350241685196,171,EnthalpyOfMixing,<Substance COC(C)(C)C{solv}{x=0.749000}|ClC(Cl)Cl{solv}{x=0.251000}>,COC(C)(C)C,ClC(Cl)Cl,fb-fit-v3-single-mean-k100,2,-0.9500750805017192,0.0431833814312608,-1.9,0.077
15187,1327,dens_554111049740737271,172,Density,<Substance COC(C)(C)C{solv}{x=0.454000}|ClC(Cl)Cl{solv}{x=0.546000}>,COC(C)(C)C,ClC(Cl)Cl,fb-fit-v3-single-mean-k100,2,1.108252705209413,0.0004318500618069,1.0838000000000003,0.00015
15188,1328,dhmix_1691495556773848750,173,EnthalpyOfMixing,<Substance COC(C)(C)C{solv}{x=0.484000}|ClC(Cl)Cl{solv}{x=0.516000}>,COC(C)(C)C,ClC(Cl)Cl,fb-fit-v3-single-mean-k100,2,-1.312963369620924,0.0366643455045498,-2.1,0.0845
15189,1329,dens_1874337336846858625,174,Density,<Substance COC(C)(C)C{solv}{x=0.276000}|ClC(Cl)Cl{solv}{x=0.724000}>,COC(C)(C)C,ClC(Cl)Cl,fb-fit-v3-single-mean-k100,2,1.262105387357467,0.0005043101026064,1.2259000000000004,0.0002
15190,1330,dens_2136498248834183810,175,Density,<Substance COC(C)(C)C{solv}{x=0.728600}|ClC(Cl)Cl{solv}{x=0.271400}>,COC(C)(C)C,ClC(Cl)Cl,fb-fit-v3-single-mean-k100,2,0.9082646626951102,0.0003245387685117,0.8956000000000003,0.00015
15191,1331,dhmix_2232264038422377060,176,EnthalpyOfMixing,<Substance COC(C)(C)C{solv}{x=0.220000}|ClC(Cl)Cl{solv}{x=0.780000}>,COC(C)(C)C,ClC(Cl)Cl,fb-fit-v3-single-mean-k100,2,-0.9321777750686396,0.0297049848110846,-1.5,0.0605
15192,1332,dhmix_73322629991074290,177,EnthalpyOfMixing,<Substance CCC(C)=O{solv}{x=0.212400}|CCN(CC)CC{solv}{x=0.787600}>,CCC(C)=O,CCN(CC)CC,fb-fit-v3-single-mean-k100,2,0.3260298288444474,0.0462684377098563,0.57,0.006
15193,1333,dens_317201778138256714,178,Density,<Substance CCC(C)=O{solv}{x=0.261000}|CCN(CC)CC{solv}{x=0.739000}>,CCC(C)=O,CCN(CC)CC,fb-fit-v3-single-mean-k100,2,0.7476628227492729,0.0002140890888373,0.7361510000000001,0.000106
15194,1334,dens_544322850735592196,179,Density,<Substance CCC(C)=O{solv}{x=0.510600}|CCN(CC)CC{solv}{x=0.489400}>,CCC(C)=O,CCN(CC)CC,fb-fit-v3-single-mean-k100,2,0.7608459137967272,0.0002168566220153,0.7527560000000002,0.0001045
15195,1335,dhmix_690665189446107141,180,EnthalpyOfMixing,<Substance CCC(C)=O{solv}{x=0.496700}|CCN(CC)CC{solv}{x=0.503300}>,CCC(C)=O,CCN(CC)CC,fb-fit-v3-single-mean-k100,2,0.4808800893605962,0.0428087982280269,0.746,0.008
15196,1336,dhmix_935249702283890201,181,EnthalpyOfMixing,<Substance CCC(C)=O{solv}{x=0.789300}|CCN(CC)CC{solv}{x=0.210700}>,CCC(C)=O,CCN(CC)CC,fb-fit-v3-single-mean-k100,2,0.3318488839074511,0.0434067648152965,0.455,0.005
15197,1337,dens_1635002920322954883,182,Density,<Substance CCC(C)=O{solv}{x=0.760400}|CCN(CC)CC{solv}{x=0.239600}>,CCC(C)=O,CCN(CC)CC,fb-fit-v3-single-mean-k100,2,0.7763051075976501,0.0002551970282459,0.7738830000000002,9.900000000000003e-05
15198,1338,dhmix_76833325524040726,183,EnthalpyOfMixing,<Substance C1CCCCC1{solv}{x=0.260600}|c1ccccc1{solv}{x=0.739400}>,C1CCCCC1,c1ccccc1,fb-fit-v3-single-mean-k100,2,0.8176002899123915,0.0398712761925887,0.6282,0.00695
15199,1339,dens_330305790736126156,184,Density,<Substance C1CCCCC1{solv}{x=0.499600}|c1ccccc1{solv}{x=0.500400}>,C1CCCCC1,c1ccccc1,fb-fit-v3-single-mean-k100,2,0.8203864078694111,0.0001699672527302,0.8136000000000002,0.0002
15200,1340,dhmix_460305358266375837,185,EnthalpyOfMixing,<Substance C1CCCCC1{solv}{x=0.766800}|c1ccccc1{solv}{x=0.233200}>,C1CCCCC1,c1ccccc1,fb-fit-v3-single-mean-k100,2,0.6150140235659762,0.0445025099705673,0.5517,0.00725
15201,1341,dens_1579941980285561951,186,Density,<Substance C1CCCCC1{solv}{x=0.249800}|c1ccccc1{solv}{x=0.750200}>,C1CCCCC1,c1ccccc1,fb-fit-v3-single-mean-k100,2,0.8520665763323054,0.0001737170188456,0.8405780000000002,7.05e-05
15202,1342,dhmix_1824194485055356086,187,EnthalpyOfMixing,<Substance C1CCCCC1{solv}{x=0.501200}|c1ccccc1{solv}{x=0.498800}>,C1CCCCC1,c1ccccc1,fb-fit-v3-single-mean-k100,2,1.065611988568392,0.0421417896955632,0.7893,0.00655
15203,1343,dens_1871885279620492514,188,Density,<Substance C1CCCCC1{solv}{x=0.732300}|c1ccccc1{solv}{x=0.267700}>,C1CCCCC1,c1ccccc1,fb-fit-v3-single-mean-k100,2,0.7957634796737566,0.00014836140625,0.7929200000000002,7.450000000000001e-05
15204,1344,dens_78518696584109468,189,Density,<Substance CN(CCO)CCO{solv}{x=0.743000}|O{solv}{x=0.257000}>,CN(CCO)CCO,O,fb-fit-v3-single-mean-k100,2,1.0524366407277768,0.000273542560799,1.0405100000000005,0.000286
15205,1345,dens_169053214615075062,190,Density,<Substance CN(CCO)CCO{solv}{x=0.257100}|O{solv}{x=0.742900}>,CN(CCO)CCO,O,fb-fit-v3-single-mean-k100,2,1.0477013837874838,0.0003963051330343,1.0522550000000004,0.000221
15206,1346,dhmix_750283179383190388,191,EnthalpyOfMixing,<Substance CN(CCO)CCO{solv}{x=0.741100}|O{solv}{x=0.258900}>,CN(CCO)CCO,O,fb-fit-v3-single-mean-k100,2,-1.6911332633579548,0.0921682801044111,-1.154,0.0125
15207,1347,dhmix_1537351248216247854,192,EnthalpyOfMixing,<Substance CN(CCO)CCO{solv}{x=0.259300}|O{solv}{x=0.740700}>,CN(CCO)CCO,O,fb-fit-v3-single-mean-k100,2,-1.7086340045949804,0.0326607526230052,-2.271,0.046
15208,1348,dens_1700904374078825036,193,Density,<Substance CN(CCO)CCO{solv}{x=0.484900}|O{solv}{x=0.515100}>,CN(CCO)CCO,O,fb-fit-v3-single-mean-k100,2,1.054896018407696,0.0003835899496033,1.048636,0.0002475
15209,1349,dhmix_1761290393567900831,194,EnthalpyOfMixing,<Substance CN(CCO)CCO{solv}{x=0.494100}|O{solv}{x=0.505900}>,CN(CCO)CCO,O,fb-fit-v3-single-mean-k100,2,-2.0838715578173037,0.0451973626663425,-2.072,0.042
15210,1350,dhmix_81883535492439507,195,EnthalpyOfMixing,<Substance C1COCO1{solv}{x=0.200000}|O=C1CCCC1{solv}{x=0.800000}>,C1COCO1,O=C1CCCC1,fb-fit-v3-single-mean-k100,2,-0.071766565183033,0.0321570182741107,-0.00853,0.000425
15211,1351,dens_192935635984964537,196,Density,<Substance C1COCO1{solv}{x=0.509000}|O=C1CCCC1{solv}{x=0.491000}>,C1COCO1,O=C1CCCC1,fb-fit-v3-single-mean-k100,2,0.998807703542917,0.0002409026678716,0.9954700000000004,0.000255
15212,1352,dhmix_309530351940031317,197,EnthalpyOfMixing,<Substance C1COCO1{solv}{x=0.700000}|O=C1CCCC1{solv}{x=0.300000}>,C1COCO1,O=C1CCCC1,fb-fit-v3-single-mean-k100,2,-0.0250252999366296,0.0396084479807607,-0.02292,0.00048
15213,1353,dhmix_1480225642523009634,198,EnthalpyOfMixing,<Substance C1COCO1{solv}{x=0.500000}|O=C1CCCC1{solv}{x=0.500000}>,C1COCO1,O=C1CCCC1,fb-fit-v3-single-mean-k100,2,-0.0573143147733503,0.0352191284898907,-0.02181,0.000475
15214,1354,dens_1663189314624242951,199,Density,<Substance C1COCO1{solv}{x=0.225100}|O=C1CCCC1{solv}{x=0.774900}>,C1COCO1,O=C1CCCC1,fb-fit-v3-single-mean-k100,2,0.9632223684506244,0.0002530396631977,0.9652800000000002,0.000245
15215,1355,dens_1684591254659727640,200,Density,<Substance C1COCO1{solv}{x=0.789100}|O=C1CCCC1{solv}{x=0.210900}>,C1COCO1,O=C1CCCC1,fb-fit-v3-single-mean-k100,2,1.040219060037436,0.0002724619924617,1.02957,0.00026
15216,1356,dens_82854054922011802,201,Density,<Substance c1cc[nH]c1{solv}{x=0.542600}|c1ccncc1{solv}{x=0.457400}>,c1cc[nH]c1,c1ccncc1,fb-fit-v3-single-mean-k100,2,0.9816505540818494,0.0002603733394969,0.9706400000000002,5.5000000000000016e-05
15217,1357,dens_332042143272324658,202,Density,<Substance c1cc[nH]c1{solv}{x=0.755400}|c1ccncc1{solv}{x=0.244600}>,c1cc[nH]c1,c1ccncc1,fb-fit-v3-single-mean-k100,2,0.9806682937706936,0.0001878679124871,0.9676900000000004,5.5000000000000016e-05
15218,1358,dhmix_582184351339863568,203,EnthalpyOfMixing,<Substance c1cc[nH]c1{solv}{x=0.760200}|c1ccncc1{solv}{x=0.239800}>,c1cc[nH]c1,c1ccncc1,fb-fit-v3-single-mean-k100,2,-0.1278883265509804,0.0360156111203094,-1.6452,0.01075
15219,1359,dhmix_809205277185290719,204,EnthalpyOfMixing,<Substance c1cc[nH]c1{solv}{x=0.509500}|c1ccncc1{solv}{x=0.490500}>,c1cc[nH]c1,c1ccncc1,fb-fit-v3-single-mean-k100,2,-0.168464659928369,0.0381417228420883,-2.649,0.01645
15220,1360,dens_1187941919350264461,205,Density,<Substance c1cc[nH]c1{solv}{x=0.227300}|c1ccncc1{solv}{x=0.772700}>,c1cc[nH]c1,c1ccncc1,fb-fit-v3-single-mean-k100,2,0.9823304985539394,0.0001816385329764,0.9755600000000002,5.5000000000000016e-05
15221,1361,dhmix_2302696180464118683,206,EnthalpyOfMixing,<Substance c1cc[nH]c1{solv}{x=0.239500}|c1ccncc1{solv}{x=0.760500}>,c1cc[nH]c1,c1ccncc1,fb-fit-v3-single-mean-k100,2,-0.1207337406162007,0.036812775696648,-1.7662,0.01145
15222,1362,dhmix_84488753175979819,207,EnthalpyOfMixing,<Substance C1CCOCC1{solv}{x=0.500000}|CCO{solv}{x=0.500000}>,C1CCOCC1,CCO,fb-fit-v3-single-mean-k100,2,0.9645209857830964,0.0333556841082932,0.8491,0.00794
15223,1363,dens_904236164857914889,208,Density,<Substance C1CCOCC1{solv}{x=0.701000}|CCO{solv}{x=0.299000}>,C1CCOCC1,CCO,fb-fit-v3-single-mean-k100,2,0.8568295447164839,0.0002184816600921,0.8595400000000002,8.500000000000002e-05
15224,1364,dhmix_923986751684807715,209,EnthalpyOfMixing,<Substance C1CCOCC1{solv}{x=0.750000}|CCO{solv}{x=0.250000}>,C1CCOCC1,CCO,fb-fit-v3-single-mean-k100,2,0.9718624838523836,0.0426890781731032,0.75364,0.007115
15225,1365,dhmix_927648698725704337,210,EnthalpyOfMixing,<Substance C1CCOCC1{solv}{x=0.250000}|CCO{solv}{x=0.750000}>,C1CCOCC1,CCO,fb-fit-v3-single-mean-k100,2,0.626911539531644,0.0334661189429835,0.57017,0.00553
15226,1366,dens_1095414448718823860,211,Density,<Substance C1CCOCC1{solv}{x=0.504000}|CCO{solv}{x=0.496000}>,C1CCOCC1,CCO,fb-fit-v3-single-mean-k100,2,0.8429898114096521,0.0002602169865501,0.8440100000000001,0.0001
15227,1367,dens_1309012152943788187,212,Density,<Substance C1CCOCC1{solv}{x=0.284000}|CCO{solv}{x=0.716000}>,C1CCOCC1,CCO,fb-fit-v3-single-mean-k100,2,0.8244945405989031,0.0002676223534077,0.8227400000000002,0.00012
15228,1368,dens_88489471162801298,213,Density,<Substance CC(C)=O{solv}{x=0.248400}|Nc1ccccc1{solv}{x=0.751600}>,CC(C)=O,Nc1ccccc1,fb-fit-v3-single-mean-k100,2,1.0096198640106828,0.0002879762242167,0.9768950000000002,0.0001055
15229,1369,dens_892449093930393176,214,Density,<Substance CC(C)=O{solv}{x=0.411400}|Nc1ccccc1{solv}{x=0.588600}>,CC(C)=O,Nc1ccccc1,fb-fit-v3-single-mean-k100,2,0.9698313775331664,0.000222872941327,0.9457730000000002,0.0001285
15230,1370,dens_1087594007698023193,215,Density,<Substance CC(C)=O{solv}{x=0.699300}|Nc1ccccc1{solv}{x=0.300700}>,CC(C)=O,Nc1ccccc1,fb-fit-v3-single-mean-k100,2,0.891318946409141,0.0001736181956447,0.8786430000000003,0.000178
15231,1371,dhmix_1461699545612032563,216,EnthalpyOfMixing,<Substance CC(C)=O{solv}{x=0.214500}|Nc1ccccc1{solv}{x=0.785500}>,CC(C)=O,Nc1ccccc1,fb-fit-v3-single-mean-k100,2,-0.2625308816830056,0.0371462375918296,-0.746,0.008
15232,1372,dhmix_1577476208805542019,217,EnthalpyOfMixing,<Substance CC(C)=O{solv}{x=0.699100}|Nc1ccccc1{solv}{x=0.300900}>,CC(C)=O,Nc1ccccc1,fb-fit-v3-single-mean-k100,2,-0.72709568646777,0.035589227768392,-1.076,0.0115
15233,1373,dhmix_2267661763264899390,218,EnthalpyOfMixing,<Substance CC(C)=O{solv}{x=0.410700}|Nc1ccccc1{solv}{x=0.589300}>,CC(C)=O,Nc1ccccc1,fb-fit-v3-single-mean-k100,2,-0.5193784075215362,0.0361128379301288,-1.165,0.0125
15234,1374,dhmix_90851537891129625,219,EnthalpyOfMixing,<Substance C1CCOCC1{solv}{x=0.268300}|Cc1ccccn1{solv}{x=0.731700}>,C1CCOCC1,Cc1ccccn1,fb-fit-v3-single-mean-k100,2,0.0508297268831192,0.0443482164517709,0.1057,0.00105
15235,1375,dhmix_975790739707505549,220,EnthalpyOfMixing,<Substance C1CCOCC1{solv}{x=0.482200}|Cc1ccccn1{solv}{x=0.517800}>,C1CCOCC1,Cc1ccccn1,fb-fit-v3-single-mean-k100,2,0.0855301881330614,0.0412251414564923,0.1728,0.00135
15236,1376,dens_981500521813591443,221,Density,<Substance C1CCOCC1{solv}{x=0.491600}|Cc1ccccn1{solv}{x=0.508400}>,C1CCOCC1,Cc1ccccn1,fb-fit-v3-single-mean-k100,2,0.9133166614889016,0.0002117124904316,0.910915,0.000475
15237,1377,dens_1237050172671894703,222,Density,<Substance C1CCOCC1{solv}{x=0.237300}|Cc1ccccn1{solv}{x=0.762700}>,C1CCOCC1,Cc1ccccn1,fb-fit-v3-single-mean-k100,2,0.9309692399016776,0.0002138275480999,0.9261620000000004,0.0004855
15238,1378,dhmix_1841520238596708010,223,EnthalpyOfMixing,<Substance C1CCOCC1{solv}{x=0.821600}|Cc1ccccn1{solv}{x=0.178400}>,C1CCOCC1,Cc1ccccn1,fb-fit-v3-single-mean-k100,2,0.0126030282217186,0.0428426308852416,0.1352,0.0012
15239,1379,dens_1852422594896475094,224,Density,<Substance C1CCOCC1{solv}{x=0.821900}|Cc1ccccn1{solv}{x=0.178100}>,C1CCOCC1,Cc1ccccn1,fb-fit-v3-single-mean-k100,2,0.8788839314578829,0.0002606404468459,0.8802920000000002,0.000454
15240,1380,dhmix_93676522673462266,225,EnthalpyOfMixing,<Substance CC(=O)N(C)C{solv}{x=0.702000}|ClCCCl{solv}{x=0.298000}>,CC(=O)N(C)C,ClCCCl,fb-fit-v3-single-mean-k100,2,-0.4791619725668385,0.0359487599053229,-0.706,0.004
15241,1381,dens_466640151895915379,226,Density,<Substance CC(=O)N(C)C{solv}{x=0.499900}|ClCCCl{solv}{x=0.500100}>,CC(=O)N(C)C,ClCCCl,fb-fit-v3-single-mean-k100,2,1.0639266572907058,0.0003239986035139,1.0774000000000004,0.00325
15242,1382,dhmix_504891727488256514,227,EnthalpyOfMixing,<Substance CC(=O)N(C)C{solv}{x=0.202000}|ClCCCl{solv}{x=0.798000}>,CC(=O)N(C)C,ClCCCl,fb-fit-v3-single-mean-k100,2,-0.4509930679925151,0.0340653186555624,-0.586,0.004
15243,1383,dens_1432716574300574119,228,Density,<Substance CC(=O)N(C)C{solv}{x=0.298800}|ClCCCl{solv}{x=0.701200}>,CC(=O)N(C)C,ClCCCl,fb-fit-v3-single-mean-k100,2,1.1304246401079532,0.0003434928661457,1.1413000000000002,0.00345
15244,1384,dens_1909242265481868478,229,Density,<Substance CC(=O)N(C)C{solv}{x=0.700800}|ClCCCl{solv}{x=0.299200}>,CC(=O)N(C)C,ClCCCl,fb-fit-v3-single-mean-k100,2,0.999507594688204,0.0001950349110041,1.0181000000000002,0.00305
15245,1385,dhmix_2201663021806040380,230,EnthalpyOfMixing,<Substance CC(=O)N(C)C{solv}{x=0.500000}|ClCCCl{solv}{x=0.500000}>,CC(=O)N(C)C,ClCCCl,fb-fit-v3-single-mean-k100,2,-0.5760398180027329,0.036367026758409,-0.885,0.004
15246,1386,dhmix_101847702994296892,231,EnthalpyOfMixing,<Substance CCCCCCCl{solv}{x=0.790000}|CN1CCCC1=O{solv}{x=0.210000}>,CCCCCCCl,CN1CCCC1=O,fb-fit-v3-single-mean-k100,2,0.665246732086004,0.0492454241577173,0.232,0.0025
15247,1387,dhmix_275814181113182192,232,EnthalpyOfMixing,<Substance CCCCCCCl{solv}{x=0.497000}|CN1CCCC1=O{solv}{x=0.503000}>,CCCCCCCl,CN1CCCC1=O,fb-fit-v3-single-mean-k100,2,1.0661151560467843,0.0431357827663844,0.416,0.0025
15248,1388,dens_441375838683668512,233,Density,<Substance CCCCCCCl{solv}{x=0.499300}|CN1CCCC1=O{solv}{x=0.500700}>,CCCCCCCl,CN1CCCC1=O,fb-fit-v3-single-mean-k100,2,0.9372800109161072,0.0001944575646712,0.9389000000000002,0.0002
15249,1389,dhmix_840847840731542643,234,EnthalpyOfMixing,<Substance CCCCCCCl{solv}{x=0.203000}|CN1CCCC1=O{solv}{x=0.797000}>,CCCCCCCl,CN1CCCC1=O,fb-fit-v3-single-mean-k100,2,0.6774383053204112,0.0419623871577815,0.319,0.0025
15250,1390,dens_1314691253679633833,235,Density,<Substance CCCCCCCl{solv}{x=0.298400}|CN1CCCC1=O{solv}{x=0.701600}>,CCCCCCCl,CN1CCCC1=O,fb-fit-v3-single-mean-k100,2,0.9662422627895716,0.0002019975882942,0.9715000000000004,0.0002
15251,1391,dens_1366683244756558841,236,Density,<Substance CCCCCCCl{solv}{x=0.801200}|CN1CCCC1=O{solv}{x=0.198800}>,CCCCCCCl,CN1CCCC1=O,fb-fit-v3-single-mean-k100,2,0.8976367123540393,0.0002270843046387,0.8970000000000002,0.0003
15252,1392,dhmix_107460606439569535,237,EnthalpyOfMixing,<Substance C1COCCO1{solv}{x=0.572500}|O=C1CCCCCC1{solv}{x=0.427500}>,C1COCCO1,O=C1CCCCCC1,fb-fit-v3-single-mean-k100,2,0.3035476528407343,0.036364683562389,0.1032,0.00125
15253,1393,dens_229535957420918177,238,Density,<Substance C1COCCO1{solv}{x=0.748900}|O=C1CCCCCC1{solv}{x=0.251100}>,C1COCCO1,O=C1CCCCCC1,fb-fit-v3-single-mean-k100,2,0.9964780842095188,0.0002225885131731,0.9994100000000002,0.00051
15254,1394,dhmix_1101001475632451077,239,EnthalpyOfMixing,<Substance C1COCCO1{solv}{x=0.225200}|O=C1CCCCCC1{solv}{x=0.774800}>,C1COCCO1,O=C1CCCCCC1,fb-fit-v3-single-mean-k100,2,0.2318013610303353,0.0435226903268532,0.0783,0.001
15255,1395,dens_1711999737319704820,240,Density,<Substance C1COCCO1{solv}{x=0.572300}|O=C1CCCCCC1{solv}{x=0.427700}>,C1COCCO1,O=C1CCCCCC1,fb-fit-v3-single-mean-k100,2,0.9702921408027302,0.0002193531409298,0.9737000000000002,0.00051
15256,1396,dens_1973863157285112004,241,Density,<Substance C1COCCO1{solv}{x=0.255500}|O=C1CCCCCC1{solv}{x=0.744500}>,C1COCCO1,O=C1CCCCCC1,fb-fit-v3-single-mean-k100,2,0.9566636095811346,0.000192370608483,0.9616800000000002,0.000515
15257,1397,dhmix_2239035738396328121,242,EnthalpyOfMixing,<Substance C1COCCO1{solv}{x=0.771600}|O=C1CCCCCC1{solv}{x=0.228400}>,C1COCCO1,O=C1CCCCCC1,fb-fit-v3-single-mean-k100,2,0.2897615258592054,0.0431180319766505,0.0694,0.0009
15258,1398,dhmix_110368175234083214,243,EnthalpyOfMixing,<Substance CC#N{solv}{x=0.201600}|CCOC(C)(C)CC{solv}{x=0.798400}>,CC#N,CCOC(C)(C)CC,fb-fit-v3-single-mean-k100,2,0.2754759407881124,0.0492506721031201,0.6411,0.0087
15259,1399,dhmix_565046024644834395,244,EnthalpyOfMixing,<Substance CC#N{solv}{x=0.700400}|CCOC(C)(C)CC{solv}{x=0.299600}>,CC#N,CCOC(C)(C)CC,fb-fit-v3-single-mean-k100,2,0.2911468924553062,0.0346640891888158,0.8397,0.0113
15260,1400,dens_865362803305469370,245,Density,<Substance CC#N{solv}{x=0.502400}|CCOC(C)(C)CC{solv}{x=0.497600}>,CC#N,CCOC(C)(C)CC,fb-fit-v3-single-mean-k100,2,0.7633177796702012,0.0002177053615147,0.7675000000000002,0.00035
15261,1401,dhmix_1131176031733024874,246,EnthalpyOfMixing,<Substance CC#N{solv}{x=0.502400}|CCOC(C)(C)CC{solv}{x=0.497600}>,CC#N,CCOC(C)(C)CC,fb-fit-v3-single-mean-k100,2,0.3717039611291497,0.0408267131087888,0.9514,0.01285
15262,1402,dens_1305751749890499162,247,Density,<Substance CC#N{solv}{x=0.201600}|CCOC(C)(C)CC{solv}{x=0.798400}>,CC#N,CCOC(C)(C)CC,fb-fit-v3-single-mean-k100,2,0.7635810925692933,0.0001993659208964,0.7635000000000002,0.00025
15263,1403,dens_1928701304100922381,248,Density,<Substance CC#N{solv}{x=0.700400}|CCOC(C)(C)CC{solv}{x=0.299600}>,CC#N,CCOC(C)(C)CC,fb-fit-v3-single-mean-k100,2,0.7617177493491483,0.000249028694566,0.7707000000000003,0.0005
15264,1404,dhmix_112729391186229967,249,EnthalpyOfMixing,<Substance CCC(C)=O{solv}{x=0.509000}|CNc1ccccc1{solv}{x=0.491000}>,CCC(C)=O,CNc1ccccc1,fb-fit-v3-single-mean-k100,2,-0.616791813866552,0.0396106972982167,-0.816,0.009
15265,1405,dens_414028029115294252,250,Density,<Substance CCC(C)=O{solv}{x=0.746300}|CNc1ccccc1{solv}{x=0.253700}>,CCC(C)=O,CNc1ccccc1,fb-fit-v3-single-mean-k100,2,0.8578191533114764,0.000226936029649,0.8582020000000002,0.000102
15266,1406,dens_559789475978651659,251,Density,<Substance CCC(C)=O{solv}{x=0.495000}|CNc1ccccc1{solv}{x=0.505000}>,CCC(C)=O,CNc1ccccc1,fb-fit-v3-single-mean-k100,2,0.9113047358280552,0.000185182179951,0.9066940000000002,0.000164
15267,1407,dhmix_1637459312398636454,252,EnthalpyOfMixing,<Substance CCC(C)=O{solv}{x=0.228300}|CNc1ccccc1{solv}{x=0.771700}>,CCC(C)=O,CNc1ccccc1,fb-fit-v3-single-mean-k100,2,-0.3704176865554061,0.0491650914691375,-0.54,0.006
15268,1408,dhmix_1933605864237207151,253,EnthalpyOfMixing,<Substance CCC(C)=O{solv}{x=0.705500}|CNc1ccccc1{solv}{x=0.294500}>,CCC(C)=O,CNc1ccccc1,fb-fit-v3-single-mean-k100,2,-0.5154498786499229,0.0361753648090489,-0.672,0.0075
15269,1409,dens_2039660657679820411,254,Density,<Substance CCC(C)=O{solv}{x=0.258900}|CNc1ccccc1{solv}{x=0.741100}>,CCC(C)=O,CNc1ccccc1,fb-fit-v3-single-mean-k100,2,0.9549332565257646,0.0001815048089324,0.9456330000000004,0.000259
15270,1410,dhmix_112832411362526364,255,EnthalpyOfMixing,<Substance C=CCCCC{solv}{x=0.250000}|CCCCO{solv}{x=0.750000}>,C=CCCCC,CCCCO,fb-fit-v3-single-mean-k100,2,0.3496019917310278,0.0485404822416459,0.2829,0.00333
15271,1411,dhmix_385937725855980509,256,EnthalpyOfMixing,<Substance C=CCCCC{solv}{x=0.749900}|CCCCO{solv}{x=0.250100}>,C=CCCCC,CCCCO,fb-fit-v3-single-mean-k100,2,0.5929858277067694,0.0364293578086477,0.63978,0.00696
15272,1412,dens_417191245012747241,257,Density,<Substance C=CCCCC{solv}{x=0.501800}|CCCCO{solv}{x=0.498200}>,C=CCCCC,CCCCO,fb-fit-v3-single-mean-k100,2,0.7298258638722087,0.0002445215862457,0.7340000000000002,0.00035
15273,1413,dens_1053849773924337242,258,Density,<Substance C=CCCCC{solv}{x=0.100100}|CCCCO{solv}{x=0.899900}>,C=CCCCC,CCCCO,fb-fit-v3-single-mean-k100,2,0.7966848929459139,0.0002031158381188,0.7924000000000002,0.00035
15274,1414,dhmix_1436053809694490847,259,EnthalpyOfMixing,<Substance C=CCCCC{solv}{x=0.500300}|CCCCO{solv}{x=0.499700}>,C=CCCCC,CCCCO,fb-fit-v3-single-mean-k100,2,0.5940813977554669,0.0430716298601077,0.56098,0.00616
15275,1415,dens_1967827958045932694,260,Density,<Substance C=CCCCC{solv}{x=0.900000}|CCCCO{solv}{x=0.100000}>,C=CCCCC,CCCCO,fb-fit-v3-single-mean-k100,2,0.678434281087133,0.0002252252126293,0.6818000000000001,0.00035
15276,1416,dhmix_113202719214912577,261,EnthalpyOfMixing,<Substance CCN(CC)CCO{solv}{x=0.700300}|O{solv}{x=0.299700}>,CCN(CC)CCO,O,fb-fit-v3-single-mean-k100,2,-1.8710046553534736,0.0482781452428412,-1.75,0.019
15277,1417,dhmix_450200897960931857,262,EnthalpyOfMixing,<Substance CCN(CC)CCO{solv}{x=0.500200}|O{solv}{x=0.499800}>,CCN(CC)CCO,O,fb-fit-v3-single-mean-k100,2,-2.158239135655613,0.0413039584557835,-2.504,0.027
15278,1418,dens_727880187774296815,263,Density,<Substance CCN(CC)CCO{solv}{x=0.799700}|O{solv}{x=0.200300}>,CCN(CC)CCO,O,fb-fit-v3-single-mean-k100,2,0.8893445433544847,0.0002316471841558,0.8996000000000003,0.005
15279,1419,dens_943193748522476096,264,Density,<Substance CCN(CC)CCO{solv}{x=0.499700}|O{solv}{x=0.500300}>,CCN(CC)CCO,O,fb-fit-v3-single-mean-k100,2,0.9060496934167738,0.0002895336964129,0.9222000000000002,0.005
15280,1420,dhmix_1628408668678458098,265,EnthalpyOfMixing,<Substance CCN(CC)CCO{solv}{x=0.200800}|O{solv}{x=0.799200}>,CCN(CC)CCO,O,fb-fit-v3-single-mean-k100,2,-1.2714514609160144,0.0254918007095827,-2.185,0.0235
15281,1421,dens_1679974305630699360,266,Density,<Substance CCN(CC)CCO{solv}{x=0.193290}|O{solv}{x=0.806710}>,CCN(CC)CCO,O,fb-fit-v3-single-mean-k100,2,0.927713309312759,0.0003964273807109,0.9615690000000002,0.000144
15282,1422,dens_114257363738318755,267,Density,<Substance C1CCCCC1{solv}{x=0.754300}|CCCCCC{solv}{x=0.245700}>,C1CCCCC1,CCCCCC,fb-fit-v3-single-mean-k100,2,0.7379813521813107,0.0002039493242531,0.7392000000000002,0.00065
15283,1423,dens_528453314861364780,268,Density,<Substance C1CCCCC1{solv}{x=0.234300}|CCCCCC{solv}{x=0.765700}>,C1CCCCC1,CCCCCC,fb-fit-v3-single-mean-k100,2,0.6772964922851195,0.0002375440758887,0.6838300000000002,0.001655
15284,1424,dens_547437695672624422,269,Density,<Substance C1CCCCC1{solv}{x=0.479300}|CCCCCC{solv}{x=0.520700}>,C1CCCCC1,CCCCCC,fb-fit-v3-single-mean-k100,2,0.7037201509356608,0.0002427662645188,0.7105500000000001,0.001555
15285,1425,dhmix_728030976573858762,270,EnthalpyOfMixing,<Substance C1CCCCC1{solv}{x=0.483200}|CCCCCC{solv}{x=0.516800}>,C1CCCCC1,CCCCCC,fb-fit-v3-single-mean-k100,2,0.3445145585681217,0.0431095369076557,0.2144,0.00155
15286,1426,dhmix_1406519609852245638,271,EnthalpyOfMixing,<Substance C1CCCCC1{solv}{x=0.219000}|CCCCCC{solv}{x=0.781000}>,C1CCCCC1,CCCCCC,fb-fit-v3-single-mean-k100,2,0.2058112331795882,0.0368185802840706,0.1264,0.00105
15287,1427,dhmix_1819992223413741006,272,EnthalpyOfMixing,<Substance C1CCCCC1{solv}{x=0.725500}|CCCCCC{solv}{x=0.274500}>,C1CCCCC1,CCCCCC,fb-fit-v3-single-mean-k100,2,0.2471983106765947,0.0454739028413082,0.199,0.00145
15288,1428,dhmix_114464856611254095,273,EnthalpyOfMixing,<Substance COc1ccccc1{solv}{x=0.739800}|OCc1ccccc1{solv}{x=0.260200}>,COc1ccccc1,OCc1ccccc1,fb-fit-v3-single-mean-k100,2,0.9508319062841792,0.039391863323811,1.0539,0.0113
15289,1429,dens_844721400884986444,274,Density,<Substance COc1ccccc1{solv}{x=0.288300}|OCc1ccccc1{solv}{x=0.711700}>,COc1ccccc1,OCc1ccccc1,fb-fit-v3-single-mean-k100,2,1.0243318022938264,0.0002355331221726,1.0180000000000002,0.000135
15290,1430,dens_1208569209782779179,275,Density,<Substance COc1ccccc1{solv}{x=0.491100}|OCc1ccccc1{solv}{x=0.508900}>,COc1ccccc1,OCc1ccccc1,fb-fit-v3-single-mean-k100,2,1.009396176809776,0.0002087872302723,1.0069400000000004,0.000165
15291,1431,dhmix_1342325728364187329,276,EnthalpyOfMixing,<Substance COc1ccccc1{solv}{x=0.240100}|OCc1ccccc1{solv}{x=0.759900}>,COc1ccccc1,OCc1ccccc1,fb-fit-v3-single-mean-k100,2,0.6703144301545905,0.0443022972106783,0.6199,0.0067
15292,1432,dhmix_1596550872819493971,277,EnthalpyOfMixing,<Substance COc1ccccc1{solv}{x=0.486600}|OCc1ccccc1{solv}{x=0.513400}>,COc1ccccc1,OCc1ccccc1,fb-fit-v3-single-mean-k100,2,0.7692606389234982,0.0384694791251457,0.9688,0.0104
15293,1433,dens_1833270112854727934,278,Density,<Substance COc1ccccc1{solv}{x=0.774500}|OCc1ccccc1{solv}{x=0.225500}>,COc1ccccc1,OCc1ccccc1,fb-fit-v3-single-mean-k100,2,0.9889772922434992,0.0001876236879905,0.9915900000000004,0.000215
15294,1434,dens_114725786693793907,279,Density,<Substance CC(=O)O{solv}{x=0.703100}|CCO{solv}{x=0.296900}>,CC(=O)O,CCO,fb-fit-v3-single-mean-k100,2,0.9961138498915912,0.0003470084930372,0.97355,0.00021
15295,1435,dens_883421079927261907,280,Density,<Substance CC(=O)O{solv}{x=0.496100}|CCO{solv}{x=0.503900}>,CC(=O)O,CCO,fb-fit-v3-single-mean-k100,2,0.936737999439208,0.0002884946147986,0.9199600000000002,0.0002
15296,1436,dens_1042567278853913615,281,Density,<Substance CC(=O)O{solv}{x=0.297100}|CCO{solv}{x=0.702900}>,CC(=O)O,CCO,fb-fit-v3-single-mean-k100,2,0.8796476698250291,0.000348543991632,0.8668600000000002,0.000195
15297,1437,dhmix_129373600931207498,282,EnthalpyOfMixing,<Substance NCCNCCN{solv}{x=0.702000}|O{solv}{x=0.298000}>,NCCNCCN,O,fb-fit-v3-single-mean-k100,2,-2.7923990554535862,0.0433775263154741,-3.393,0.036
15298,1438,dhmix_313570094367316478,283,EnthalpyOfMixing,<Substance NCCNCCN{solv}{x=0.241600}|O{solv}{x=0.758400}>,NCCNCCN,O,fb-fit-v3-single-mean-k100,2,-4.401027957596966,0.0277755756540091,-6.523,0.0695
15299,1439,dens_548243159356184104,284,Density,<Substance NCCNCCN{solv}{x=0.244900}|O{solv}{x=0.755100}>,NCCNCCN,O,fb-fit-v3-single-mean-k100,2,1.0589377017332564,0.0004624096256948,1.0275000000000003,0.0005
15300,1440,dens_913992897582667960,285,Density,<Substance NCCNCCN{solv}{x=0.497400}|O{solv}{x=0.502600}>,NCCNCCN,O,fb-fit-v3-single-mean-k100,2,1.057760517975918,0.0003289488162258,0.9928000000000002,0.0005
15301,1441,dhmix_1565087976771168604,286,EnthalpyOfMixing,<Substance NCCNCCN{solv}{x=0.501000}|O{solv}{x=0.499000}>,NCCNCCN,O,fb-fit-v3-single-mean-k100,2,-4.625448377621481,0.0560467797312054,-5.417,0.0575
15302,1442,dens_1812124220217686569,287,Density,<Substance NCCNCCN{solv}{x=0.698800}|O{solv}{x=0.301200}>,NCCNCCN,O,fb-fit-v3-single-mean-k100,2,1.052578261670645,0.0002123372071431,0.9718000000000002,0.0005
15303,1443,dhmix_135176730945124637,288,EnthalpyOfMixing,<Substance CCCCNCCCC{solv}{x=0.751800}|CN(C)C=O{solv}{x=0.248200}>,CCCCNCCCC,CN(C)C=O,fb-fit-v3-single-mean-k100,2,0.3490432485836834,0.055146851281719,0.782,0.025
15304,1444,dens_586298674852090193,289,Density,<Substance CCCCNCCCC{solv}{x=0.726600}|CN(C)C=O{solv}{x=0.273400}>,CCCCNCCCC,CN(C)C=O,fb-fit-v3-single-mean-k100,2,0.7905744305849591,0.0001659331617293,0.7828350000000002,0.0009465
15305,1445,dens_711718403070096827,290,Density,<Substance CCCCNCCCC{solv}{x=0.263900}|CN(C)C=O{solv}{x=0.736100}>,CCCCNCCCC,CN(C)C=O,fb-fit-v3-single-mean-k100,2,0.8581021143651553,0.000224319911505,0.8609240000000001,0.001053
15306,1446,dhmix_1537913365058000269,291,EnthalpyOfMixing,<Substance CCCCNCCCC{solv}{x=0.249400}|CN(C)C=O{solv}{x=0.750600}>,CCCCNCCCC,CN(C)C=O,fb-fit-v3-single-mean-k100,2,0.4284907474484924,0.0396216035815076,0.921,0.029
15307,1447,dhmix_1965420976556284821,292,EnthalpyOfMixing,<Substance CCCCNCCCC{solv}{x=0.501800}|CN(C)C=O{solv}{x=0.498200}>,CCCCNCCCC,CN(C)C=O,fb-fit-v3-single-mean-k100,2,0.4106742773766143,0.0373456783545591,1.113,0.0335
15308,1448,dens_2298192241038151497,293,Density,<Substance CCCCNCCCC{solv}{x=0.492800}|CN(C)C=O{solv}{x=0.507200}>,CCCCNCCCC,CN(C)C=O,fb-fit-v3-single-mean-k100,2,0.8195479205164303,0.0001844194542607,0.8153440000000003,0.0009895
15309,1449,dens_145031449158698048,294,Density,<Substance CN(C)C=O{solv}{x=0.498800}|ClCCCl{solv}{x=0.501200}>,CN(C)C=O,ClCCCl,fb-fit-v3-single-mean-k100,2,1.0873967958318345,0.0003557570069696,1.0957000000000003,0.00305
15310,1450,dens_511894799968528211,295,Density,<Substance CN(C)C=O{solv}{x=0.197800}|ClCCCl{solv}{x=0.802200}>,CN(C)C=O,ClCCCl,fb-fit-v3-single-mean-k100,2,1.1767503205431318,0.000452277491203,1.1862000000000004,0.003
15311,1451,dhmix_693792312882226719,296,EnthalpyOfMixing,<Substance CN(C)C=O{solv}{x=0.498000}|ClCCCl{solv}{x=0.502000}>,CN(C)C=O,ClCCCl,fb-fit-v3-single-mean-k100,2,-0.0229557509911551,0.0325448578054057,-0.663,0.0035
15312,1452,dhmix_1364024895663592301,297,EnthalpyOfMixing,<Substance CN(C)C=O{solv}{x=0.299000}|ClCCCl{solv}{x=0.701000}>,CN(C)C=O,ClCCCl,fb-fit-v3-single-mean-k100,2,-0.0416523844618517,0.0337292251395618,-0.575,0.0035
15313,1453,dens_1874616475661316520,298,Density,<Substance CN(C)C=O{solv}{x=0.705400}|ClCCCl{solv}{x=0.294600}>,CN(C)C=O,ClCCCl,fb-fit-v3-single-mean-k100,2,1.0208305833997362,0.0002490812797821,1.0336,0.003
15314,1454,dhmix_1965344541223753593,299,EnthalpyOfMixing,<Substance CN(C)C=O{solv}{x=0.702000}|ClCCCl{solv}{x=0.298000}>,CN(C)C=O,ClCCCl,fb-fit-v3-single-mean-k100,2,-0.115603843755359,0.0352869748806866,-0.531,0.003
15315,1455,dens_145117083439077204,300,Density,<Substance CN1CCCC1=O{solv}{x=0.700300}|ClCCCCCl{solv}{x=0.299700}>,CN1CCCC1=O,ClCCCCCl,fb-fit-v3-single-mean-k100,2,1.0571568628452983,0.0002324012370296,1.0627000000000002,0.0005
15316,1456,dens_872271192908107773,301,Density,<Substance CN1CCCC1=O{solv}{x=0.203400}|ClCCCCCl{solv}{x=0.796600}>,CN1CCCC1=O,ClCCCCCl,fb-fit-v3-single-mean-k100,2,1.11353556797581,0.0002749953496569,1.1142000000000003,0.00125
15317,1457,dhmix_958757583081250655,302,EnthalpyOfMixing,<Substance CN1CCCC1=O{solv}{x=0.703000}|ClCCCCCl{solv}{x=0.297000}>,CN1CCCC1=O,ClCCCCCl,fb-fit-v3-single-mean-k100,2,0.1114197698343417,0.0374308935978004,-0.583,0.0035
15318,1458,dens_1187888029800539390,303,Density,<Substance CN1CCCC1=O{solv}{x=0.502500}|ClCCCCCl{solv}{x=0.497500}>,CN1CCCC1=O,ClCCCCCl,fb-fit-v3-single-mean-k100,2,1.082112981468761,0.0002619370254778,1.0840000000000003,0.00075
15319,1459,dhmix_1448185356234442909,304,EnthalpyOfMixing,<Substance CN1CCCC1=O{solv}{x=0.210000}|ClCCCCCl{solv}{x=0.790000}>,CN1CCCC1=O,ClCCCCCl,fb-fit-v3-single-mean-k100,2,-0.0128843041559036,0.0409951566866431,-0.406,0.003
15320,1460,dhmix_1623586299486793214,305,EnthalpyOfMixing,<Substance CN1CCCC1=O{solv}{x=0.505000}|ClCCCCCl{solv}{x=0.495000}>,CN1CCCC1=O,ClCCCCCl,fb-fit-v3-single-mean-k100,2,0.1114055514063636,0.0451466735988823,-0.678,0.0035
15321,1461,dens_151421667269785380,306,Density,<Substance OCCOCCO{solv}{x=0.228500}|OCc1ccccc1{solv}{x=0.771500}>,OCCOCCO,OCc1ccccc1,fb-fit-v3-single-mean-k100,2,1.060158900774142,0.000273725324442,1.0497600000000002,0.000265
15322,1462,dens_207017358130726789,307,Density,<Substance OCCOCCO{solv}{x=0.531200}|OCc1ccccc1{solv}{x=0.468800}>,OCCOCCO,OCc1ccccc1,fb-fit-v3-single-mean-k100,2,1.0826805490626368,0.0002871102509252,1.07136,0.00027
15323,1463,dhmix_638869206909151198,308,EnthalpyOfMixing,<Substance OCCOCCO{solv}{x=0.765800}|OCc1ccccc1{solv}{x=0.234200}>,OCCOCCO,OCc1ccccc1,fb-fit-v3-single-mean-k100,2,-0.5736476630320055,0.0885565989902502,-0.3712,0.0073
15324,1464,dhmix_884415658126351430,309,EnthalpyOfMixing,<Substance OCCOCCO{solv}{x=0.266500}|OCc1ccccc1{solv}{x=0.733500}>,OCCOCCO,OCc1ccccc1,fb-fit-v3-single-mean-k100,2,-0.2106492573568772,0.0571760424690115,-0.4216,0.0081
15325,1465,dhmix_925385148369690502,310,EnthalpyOfMixing,<Substance OCCOCCO{solv}{x=0.521600}|OCc1ccccc1{solv}{x=0.478400}>,OCCOCCO,OCc1ccccc1,fb-fit-v3-single-mean-k100,2,-0.329661522111067,0.0489920636574998,-0.4574,0.00865
15326,1466,dens_1617133138157859384,311,Density,<Substance OCCOCCO{solv}{x=0.727700}|OCc1ccccc1{solv}{x=0.272300}>,OCCOCCO,OCc1ccccc1,fb-fit-v3-single-mean-k100,2,1.0976250443806077,0.0002537721805233,1.0857000000000003,0.000275
15327,1467,dens_155791527624482863,312,Density,<Substance CC(C)CO{solv}{x=0.279300}|CCCCBr{solv}{x=0.720700}>,CC(C)CO,CCCCBr,fb-fit-v3-single-mean-k100,2,1.1240564615472115,0.0004174422587621,1.1339800000000002,0.000305
15328,1468,dhmix_549211977118470640,313,EnthalpyOfMixing,<Substance CC(C)CO{solv}{x=0.293800}|CCCCBr{solv}{x=0.706200}>,CC(C)CO,CCCCBr,fb-fit-v3-single-mean-k100,2,1.060950062927752,0.0391479341644663,1.248,0.0135
15329,1469,dens_692500675577783691,314,Density,<Substance CC(C)CO{solv}{x=0.793700}|CCCCBr{solv}{x=0.206300}>,CC(C)CO,CCCCBr,fb-fit-v3-single-mean-k100,2,0.9070147039046298,0.0003158392881385,0.8962800000000002,0.00021
15330,1470,dens_841415441417626311,315,Density,<Substance CC(C)CO{solv}{x=0.498900}|CCCCBr{solv}{x=0.501100}>,CC(C)CO,CCCCBr,fb-fit-v3-single-mean-k100,2,1.035668063996764,0.0003291774324763,1.0366800000000005,0.000225
15331,1471,dhmix_1400807466047438160,316,EnthalpyOfMixing,<Substance CC(C)CO{solv}{x=0.499000}|CCCCBr{solv}{x=0.501000}>,CC(C)CO,CCCCBr,fb-fit-v3-single-mean-k100,2,1.108323028158658,0.0468481065388353,1.207,0.013
15332,1472,dhmix_1959880980464917582,317,EnthalpyOfMixing,<Substance CC(C)CO{solv}{x=0.702100}|CCCCBr{solv}{x=0.297900}>,CC(C)CO,CCCCBr,fb-fit-v3-single-mean-k100,2,0.7416868758361517,0.0406587807094644,0.891,0.0095
15333,1473,dhmix_155924436295918663,318,EnthalpyOfMixing,<Substance OCCCO{solv}{x=0.501300}|O{solv}{x=0.498700}>,O,OCCCO,fb-fit-v3-single-mean-k100,2,0.2170734745411309,0.0364127869292171,-0.992,0.0125
15334,1474,dens_867859901093068556,319,Density,<Substance OCCCO{solv}{x=0.743700}|O{solv}{x=0.256300}>,O,OCCCO,fb-fit-v3-single-mean-k100,2,1.0620646600716477,0.0003671657297063,1.0503800000000003,0.00023
15335,1475,dhmix_2191722776959064631,320,EnthalpyOfMixing,<Substance OCCCO{solv}{x=0.743000}|O{solv}{x=0.257000}>,O,OCCCO,fb-fit-v3-single-mean-k100,2,-0.1765101688178489,0.0345498357443686,-0.633,0.008
15336,1476,dhmix_2210594516320705991,321,EnthalpyOfMixing,<Substance OCCCO{solv}{x=0.208700}|O{solv}{x=0.791300}>,O,OCCCO,fb-fit-v3-single-mean-k100,2,0.2560075531572749,0.0249046580151623,-0.924,0.012
15337,1477,dens_2211391404402371237,322,Density,<Substance OCCCO{solv}{x=0.244700}|O{solv}{x=0.755300}>,O,OCCCO,fb-fit-v3-single-mean-k100,2,1.0315419209135717,0.0004110441845672,1.0381600000000004,0.00019
15338,1478,dens_2211609476735134421,323,Density,<Substance OCCCO{solv}{x=0.500000}|O{solv}{x=0.500000}>,O,OCCCO,fb-fit-v3-single-mean-k100,2,1.0505469852574576,0.0003380912369917,1.0492100000000002,0.000215
15339,1479,dhmix_156929898609376763,324,EnthalpyOfMixing,<Substance CN(C)CCCO{solv}{x=0.800100}|O{solv}{x=0.199900}>,CN(C)CCCO,O,fb-fit-v3-single-mean-k100,2,-1.3687415362158577,0.0399611515471341,-1.26,0.0135
15340,1480,dhmix_786210276753247951,325,EnthalpyOfMixing,<Substance CN(C)CCCO{solv}{x=0.199800}|O{solv}{x=0.800200}>,CN(C)CCCO,O,fb-fit-v3-single-mean-k100,2,-1.1514214932742863,0.0288818539290096,-2.514,0.027
15341,1481,dens_971674883336993154,326,Density,<Substance CN(C)CCCO{solv}{x=0.289504}|O{solv}{x=0.710496}>,CN(C)CCCO,O,fb-fit-v3-single-mean-k100,2,0.94773555350276,0.0003569211460726,0.9443,0.00285
15342,1482,dhmix_1330584538745399524,327,EnthalpyOfMixing,<Substance CN(C)CCCO{solv}{x=0.501900}|O{solv}{x=0.498100}>,CN(C)CCCO,O,fb-fit-v3-single-mean-k100,2,-2.1814172577464532,0.0437113504562296,-2.706,0.029
15343,1483,dens_1781759734173902013,328,Density,<Substance CN(C)CCCO{solv}{x=0.501300}|O{solv}{x=0.498700}>,CN(C)CCCO,O,fb-fit-v3-single-mean-k100,2,0.935498111253304,0.0004080632808587,0.9170700000000004,8.000000000000002e-05
15344,1484,dens_2299157616447228221,329,Density,<Substance CN(C)CCCO{solv}{x=0.800600}|O{solv}{x=0.199400}>,CN(C)CCCO,O,fb-fit-v3-single-mean-k100,2,0.9248573980296844,0.0002695492395419,0.8915100000000002,9.500000000000002e-05
15345,1485,dhmix_157983773008192768,330,EnthalpyOfMixing,<Substance BrCCCBr{solv}{x=0.743200}|CCCCOC(=O)CCC{solv}{x=0.256800}>,BrCCCBr,CCCCOC(=O)CCC,fb-fit-v3-single-mean-k100,2,-0.4331305644485539,0.0425727877599977,0.032,0.0005
15346,1486,dens_720277045338028885,331,Density,<Substance BrCCCBr{solv}{x=0.748700}|CCCCOC(=O)CCC{solv}{x=0.251300}>,BrCCCBr,CCCCOC(=O)CCC,fb-fit-v3-single-mean-k100,2,1.5652736134612195,0.0004182266361779,1.5786600000000004,0.00038
15347,1487,dens_933248802608751708,332,Density,<Substance BrCCCBr{solv}{x=0.529700}|CCCCOC(=O)CCC{solv}{x=0.470300}>,BrCCCBr,CCCCOC(=O)CCC,fb-fit-v3-single-mean-k100,2,1.312067779253964,0.0003052914804766,1.3159400000000003,0.000255
15348,1488,dens_1048925802213854204,333,Density,<Substance BrCCCBr{solv}{x=0.259100}|CCCCOC(=O)CCC{solv}{x=0.740900}>,BrCCCBr,CCCCOC(=O)CCC,fb-fit-v3-single-mean-k100,2,1.0608607361133893,0.000195288857785,1.0598600000000002,0.000145
15349,1489,dhmix_1090642624443832057,334,EnthalpyOfMixing,<Substance BrCCCBr{solv}{x=0.241200}|CCCCOC(=O)CCC{solv}{x=0.758800}>,BrCCCBr,CCCCOC(=O)CCC,fb-fit-v3-single-mean-k100,2,-0.4410502595192938,0.0531967624418677,-0.094,0.001
15350,1490,dhmix_1649688325270115073,335,EnthalpyOfMixing,<Substance BrCCCBr{solv}{x=0.466700}|CCCCOC(=O)CCC{solv}{x=0.533300}>,BrCCCBr,CCCCOC(=O)CCC,fb-fit-v3-single-mean-k100,2,-0.6581515613017217,0.0473871312286044,-0.091,0.001
15351,1491,dhmix_158101159957898775,336,EnthalpyOfMixing,<Substance CCCCCl{solv}{x=0.490000}|CN1CCCC1=O{solv}{x=0.510000}>,CCCCCl,CN1CCCC1=O,fb-fit-v3-single-mean-k100,2,0.8696093416853401,0.0387915567282352,0.152,0.002
15352,1492,dhmix_586880142396707079,337,EnthalpyOfMixing,<Substance CCCCCl{solv}{x=0.294000}|CN1CCCC1=O{solv}{x=0.706000}>,CCCCCl,CN1CCCC1=O,fb-fit-v3-single-mean-k100,2,0.7348488622945339,0.0351070140266874,0.145,0.002
15353,1493,dens_897975104490051322,338,Density,<Substance CCCCCl{solv}{x=0.296100}|CN1CCCC1=O{solv}{x=0.703900}>,CCCCCl,CN1CCCC1=O,fb-fit-v3-single-mean-k100,2,0.9785637743643388,0.0002238173455915,0.9862000000000004,0.0001
15354,1494,dens_1393365907116297965,339,Density,<Substance CCCCCl{solv}{x=0.702600}|CN1CCCC1=O{solv}{x=0.297400}>,CCCCCl,CN1CCCC1=O,fb-fit-v3-single-mean-k100,2,0.9201664658094624,0.0002815938270335,0.9268000000000002,0.0001
15355,1495,dhmix_1769887717174104485,340,EnthalpyOfMixing,<Substance CCCCCl{solv}{x=0.787000}|CN1CCCC1=O{solv}{x=0.213000}>,CCCCCl,CN1CCCC1=O,fb-fit-v3-single-mean-k100,2,0.6452468818842405,0.0406038781362502,0.081,0.002
15356,1496,dens_2070183543451797213,341,Density,<Substance CCCCCl{solv}{x=0.494800}|CN1CCCC1=O{solv}{x=0.505200}>,CCCCCl,CN1CCCC1=O,fb-fit-v3-single-mean-k100,2,0.9514316004029012,0.0002596994794894,0.9575000000000002,0.0001
15357,1497,dens_164369774990422412,342,Density,<Substance CC(C)O{solv}{x=0.764900}|CCOC=O{solv}{x=0.235100}>,CC(C)O,CCOC=O,fb-fit-v3-single-mean-k100,2,0.8335574964264425,0.000219406733209,0.8088000000000002,0.00035
15358,1498,dens_200561035496770448,343,Density,<Substance CC(C)O{solv}{x=0.265100}|CCOC=O{solv}{x=0.734900}>,CC(C)O,CCOC=O,fb-fit-v3-single-mean-k100,2,0.8990927165517281,0.0002099994183485,0.8710000000000002,0.0003
15359,1499,dens_1124622586228643363,344,Density,<Substance CC(C)O{solv}{x=0.441300}|CCOC=O{solv}{x=0.558700}>,CC(C)O,CCOC=O,fb-fit-v3-single-mean-k100,2,0.8751184153405586,0.0003051946146067,0.8482000000000003,0.00035
15360,1500,dens_166030075147825025,345,Density,<Substance Clc1ccccc1{solv}{x=0.467900}|c1ccccc1{solv}{x=0.532100}>,Clc1ccccc1,c1ccccc1,fb-fit-v3-single-mean-k100,2,1.0085504527329203,0.0002559665348318,0.9877000000000002,0.00025
15361,1501,dens_796537469137871297,346,Density,<Substance Clc1ccccc1{solv}{x=0.735800}|c1ccccc1{solv}{x=0.264200}>,Clc1ccccc1,c1ccccc1,fb-fit-v3-single-mean-k100,2,1.070146763814532,0.0002305521843793,1.0465000000000002,0.0002
15362,1502,dhmix_1485547099225054006,347,EnthalpyOfMixing,<Substance Clc1ccccc1{solv}{x=0.777700}|c1ccccc1{solv}{x=0.222300}>,Clc1ccccc1,c1ccccc1,fb-fit-v3-single-mean-k100,2,0.0375032630226712,0.0376601431958501,-0.0036,0.0004
15363,1503,dhmix_1808283008183194060,348,EnthalpyOfMixing,<Substance Clc1ccccc1{solv}{x=0.225800}|c1ccccc1{solv}{x=0.774200}>,Clc1ccccc1,c1ccccc1,fb-fit-v3-single-mean-k100,2,-0.0165673736912879,0.0376353436257918,-0.0046,0.0004
15364,1504,dhmix_2008892820486470381,349,EnthalpyOfMixing,<Substance Clc1ccccc1{solv}{x=0.466600}|c1ccccc1{solv}{x=0.533400}>,Clc1ccccc1,c1ccccc1,fb-fit-v3-single-mean-k100,2,0.0243866518088538,0.0380866060995035,-0.0057,0.0004
15365,1505,dens_2142546524113318099,350,Density,<Substance Clc1ccccc1{solv}{x=0.293100}|c1ccccc1{solv}{x=0.706900}>,Clc1ccccc1,c1ccccc1,fb-fit-v3-single-mean-k100,2,0.9662256739484428,0.0002444082260308,0.9468000000000002,0.00025
15366,1506,dhmix_166527628917371560,351,EnthalpyOfMixing,<Substance CCCCCC(C)=O{solv}{x=0.500700}|CCCNCCC{solv}{x=0.499300}>,CCCCCC(C)=O,CCCNCCC,fb-fit-v3-single-mean-k100,2,-0.145239965853726,0.0529639652248889,0.162,0.002
15367,1507,dhmix_181797488552739205,352,EnthalpyOfMixing,<Substance CCCCCC(C)=O{solv}{x=0.213200}|CCCNCCC{solv}{x=0.786800}>,CCCCCC(C)=O,CCCNCCC,fb-fit-v3-single-mean-k100,2,-0.1185347118792492,0.0528401777746655,0.137,0.0015
15368,1508,dens_286521458049436805,353,Density,<Substance CCCCCC(C)=O{solv}{x=0.542700}|CCCNCCC{solv}{x=0.457300}>,CCCCCC(C)=O,CCCNCCC,fb-fit-v3-single-mean-k100,2,0.7835105546830679,0.0001880945493856,0.7766620000000002,0.0001215
15369,1509,dens_740930494074770103,354,Density,<Substance CCCCCC(C)=O{solv}{x=0.252600}|CCCNCCC{solv}{x=0.747400}>,CCCCCC(C)=O,CCCNCCC,fb-fit-v3-single-mean-k100,2,0.7623593239684988,0.0002048578178547,0.7540050000000001,0.0001215
15370,1510,dhmix_1180133264815330249,355,EnthalpyOfMixing,<Substance CCCCCC(C)=O{solv}{x=0.788000}|CCCNCCC{solv}{x=0.212000}>,CCCCCC(C)=O,CCCNCCC,fb-fit-v3-single-mean-k100,2,-0.0909487379125622,0.0381185606930169,0.088,0.001
15371,1511,dens_1237727796782189302,356,Density,<Substance CCCCCC(C)=O{solv}{x=0.741800}|CCCNCCC{solv}{x=0.258200}>,CCCCCC(C)=O,CCCNCCC,fb-fit-v3-single-mean-k100,2,0.7975496238424052,0.0001774885258966,0.7918920000000003,0.00012
15372,1512,dens_168376639142843665,357,Density,<Substance BrCCBr{solv}{x=0.084500}|CCOC(=O)CC{solv}{x=0.915500}>,BrCCBr,CCOC(=O)CC,fb-fit-v3-single-mean-k100,2,0.9701060103388508,0.0001820579987841,0.9671200000000002,0.001185
15373,1513,dhmix_897092526028522426,358,EnthalpyOfMixing,<Substance BrCCBr{solv}{x=0.753700}|CCOC(=O)CC{solv}{x=0.246300}>,BrCCBr,CCOC(=O)CC,fb-fit-v3-single-mean-k100,2,-0.1720261462206345,0.0281954598065892,0.0052,0.0008
15374,1514,dhmix_1078383344298013541,359,EnthalpyOfMixing,<Substance BrCCBr{solv}{x=0.084100}|CCOC(=O)CC{solv}{x=0.915900}>,BrCCBr,CCOC(=O)CC,fb-fit-v3-single-mean-k100,2,-0.0633144937010818,0.0497339945200589,-0.0683,0.0014
15375,1515,dhmix_1103515663691342839,360,EnthalpyOfMixing,<Substance BrCCBr{solv}{x=0.514000}|CCOC(=O)CC{solv}{x=0.486000}>,BrCCBr,CCOC(=O)CC,fb-fit-v3-single-mean-k100,2,-0.1841522539569666,0.0314014669943057,-0.1259,0.00205
15376,1516,dens_1193015082780501702,361,Density,<Substance BrCCBr{solv}{x=0.484400}|CCOC(=O)CC{solv}{x=0.515600}>,BrCCBr,CCOC(=O)CC,fb-fit-v3-single-mean-k100,2,1.4055698372537166,0.0004266062698664,1.4136000000000002,0.001165
15377,1517,dens_1660732943693703463,362,Density,<Substance BrCCBr{solv}{x=0.714800}|CCOC(=O)CC{solv}{x=0.285200}>,BrCCBr,CCOC(=O)CC,fb-fit-v3-single-mean-k100,2,1.6964939871075255,0.0003774672441515,1.7205300000000003,0.000985
15378,1518,dens_172622055198885625,363,Density,<Substance CCCCOCCO{solv}{x=0.499500}|c1ccccc1{solv}{x=0.500500}>,CCCCOCCO,c1ccccc1,fb-fit-v3-single-mean-k100,2,0.8883684400630132,0.0002446433738521,0.8864700000000002,0.000795
15379,1519,dens_615182082919776992,364,Density,<Substance CCCCOCCO{solv}{x=0.753500}|c1ccccc1{solv}{x=0.246500}>,CCCCOCCO,c1ccccc1,fb-fit-v3-single-mean-k100,2,0.8904623920962327,0.0002388472597722,0.8924600000000003,0.00077
15380,1520,dens_1014762781474427089,365,Density,<Substance CCCCOCCO{solv}{x=0.248800}|c1ccccc1{solv}{x=0.751200}>,CCCCOCCO,c1ccccc1,fb-fit-v3-single-mean-k100,2,0.8876850463476699,0.0001520765971473,0.8790000000000002,0.00083
15381,1521,dhmix_1209838039340638454,366,EnthalpyOfMixing,<Substance CCCCOCCO{solv}{x=0.729700}|c1ccccc1{solv}{x=0.270300}>,CCCCOCCO,c1ccccc1,fb-fit-v3-single-mean-k100,2,0.5016099381878263,0.0504479958942653,0.3037,0.00335
15382,1522,dhmix_1416395432810708431,367,EnthalpyOfMixing,<Substance CCCCOCCO{solv}{x=0.266500}|c1ccccc1{solv}{x=0.733500}>,CCCCOCCO,c1ccccc1,fb-fit-v3-single-mean-k100,2,0.6553909231518418,0.0438941003560726,0.6895,0.00745
15383,1523,dhmix_1775479338186698605,368,EnthalpyOfMixing,<Substance CCCCOCCO{solv}{x=0.503000}|c1ccccc1{solv}{x=0.497000}>,CCCCOCCO,c1ccccc1,fb-fit-v3-single-mean-k100,2,0.7207830189652356,0.04794685272114,0.5563,0.00605
15384,1524,dens_173950346939686352,369,Density,<Substance CCOC(=O)CC(=O)OCC{solv}{x=0.797800}|CO{solv}{x=0.202200}>,CCOC(=O)CC(=O)OCC,CO,fb-fit-v3-single-mean-k100,2,1.0471098903924336,0.0001772554519088,1.0336070000000002,0.0001155
15385,1525,dhmix_796570713446660029,370,EnthalpyOfMixing,<Substance CCOC(=O)CC(=O)OCC{solv}{x=0.745300}|CO{solv}{x=0.254700}>,CCOC(=O)CC(=O)OCC,CO,fb-fit-v3-single-mean-k100,2,1.0623444361257557,0.0422271033627812,1.184,0.013
15386,1526,dhmix_1053189657313504079,371,EnthalpyOfMixing,<Substance CCOC(=O)CC(=O)OCC{solv}{x=0.499300}|CO{solv}{x=0.500700}>,CCOC(=O)CC(=O)OCC,CO,fb-fit-v3-single-mean-k100,2,1.4780490749918158,0.0333732996525077,1.426,0.0155
15387,1527,dens_1109796780897697143,372,Density,<Substance CCOC(=O)CC(=O)OCC{solv}{x=0.500400}|CO{solv}{x=0.499600}>,CCOC(=O)CC(=O)OCC,CO,fb-fit-v3-single-mean-k100,2,1.0054523004172051,0.0002865285559123,0.9962350000000002,9.150000000000002e-05
15388,1528,dens_1145191816882985532,373,Density,<Substance CCOC(=O)CC(=O)OCC{solv}{x=0.250100}|CO{solv}{x=0.749900}>,CCOC(=O)CC(=O)OCC,CO,fb-fit-v3-single-mean-k100,2,0.9367483240726828,0.000296436091743,0.9355040000000002,0.0001385
15389,1529,dhmix_1394433819711651760,374,EnthalpyOfMixing,<Substance CCOC(=O)CC(=O)OCC{solv}{x=0.251500}|CO{solv}{x=0.748500}>,CCOC(=O)CC(=O)OCC,CO,fb-fit-v3-single-mean-k100,2,1.1495348309585085,0.0334918919836572,1.083,0.0115
15390,1530,dhmix_176700813960387714,375,EnthalpyOfMixing,<Substance CC(=O)N(C)C{solv}{x=0.211000}|ClCCCCCl{solv}{x=0.789000}>,CC(=O)N(C)C,ClCCCCCl,fb-fit-v3-single-mean-k100,2,0.0561410797471495,0.0404462522647871,-0.188,0.0025
15391,1531,dhmix_422276068008732896,376,EnthalpyOfMixing,<Substance CC(=O)N(C)C{solv}{x=0.506000}|ClCCCCCl{solv}{x=0.494000}>,CC(=O)N(C)C,ClCCCCCl,fb-fit-v3-single-mean-k100,2,0.0200862577750093,0.0404849336390484,-0.314,0.0025
15392,1532,dhmix_591740475541975327,377,EnthalpyOfMixing,<Substance CC(=O)N(C)C{solv}{x=0.705000}|ClCCCCCl{solv}{x=0.295000}>,CC(=O)N(C)C,ClCCCCCl,fb-fit-v3-single-mean-k100,2,-0.0424306334539625,0.0424944570710384,-0.281,0.0025
15393,1533,dens_600718364672681210,378,Density,<Substance CC(=O)N(C)C{solv}{x=0.200100}|ClCCCCCl{solv}{x=0.799900}>,CC(=O)N(C)C,ClCCCCCl,fb-fit-v3-single-mean-k100,2,1.0925611279717038,0.000315865016584,1.0978,0.0023
15394,1534,dens_833309518494254389,379,Density,<Substance CC(=O)N(C)C{solv}{x=0.698700}|ClCCCCCl{solv}{x=0.301300}>,CC(=O)N(C)C,ClCCCCCl,fb-fit-v3-single-mean-k100,2,0.9845415298212438,0.0002843301411187,1.0011000000000003,0.0023
15395,1535,dens_1473570029953486090,380,Density,<Substance CC(=O)N(C)C{solv}{x=0.500900}|ClCCCCCl{solv}{x=0.499100}>,CC(=O)N(C)C,ClCCCCCl,fb-fit-v3-single-mean-k100,2,1.0299808850978802,0.0002491246871299,1.0407000000000004,0.00225
15396,1536,dens_176740025668330569,381,Density,<Substance C1CCCCC1{solv}{x=0.499400}|C1COCCO1{solv}{x=0.500600}>,C1CCCCC1,C1COCCO1,fb-fit-v3-single-mean-k100,2,0.8761456446183281,0.0001791894213306,0.8769800000000002,8.500000000000002e-05
15397,1537,dens_476825312331327209,382,Density,<Substance C1CCCCC1{solv}{x=0.297200}|C1COCCO1{solv}{x=0.702800}>,C1CCCCC1,C1COCCO1,fb-fit-v3-single-mean-k100,2,0.9304796480924626,0.0002656799206112,0.9312200000000004,7.000000000000002e-05
15398,1538,dens_985438980823024302,383,Density,<Substance C1CCCCC1{solv}{x=0.699700}|C1COCCO1{solv}{x=0.300300}>,C1CCCCC1,C1COCCO1,fb-fit-v3-single-mean-k100,2,0.8288502251403389,0.0002312795659277,0.8305800000000002,0.0001
15399,1539,dhmix_1624213860575299641,384,EnthalpyOfMixing,<Substance C1CCCCC1{solv}{x=0.492800}|C1COCCO1{solv}{x=0.507200}>,C1CCCCC1,C1COCCO1,fb-fit-v3-single-mean-k100,2,1.928699618417923,0.0393434453163126,1.588,0.008
15400,1540,dhmix_1900199136965747019,385,EnthalpyOfMixing,<Substance C1CCCCC1{solv}{x=0.239400}|C1COCCO1{solv}{x=0.760600}>,C1CCCCC1,C1COCCO1,fb-fit-v3-single-mean-k100,2,1.4514165025210133,0.0438887972995789,1.124,0.007
15401,1541,dhmix_2022274493214392184,386,EnthalpyOfMixing,<Substance C1CCCCC1{solv}{x=0.744200}|C1COCCO1{solv}{x=0.255800}>,C1CCCCC1,C1COCCO1,fb-fit-v3-single-mean-k100,2,1.6910721688660288,0.0480668079564709,1.262,0.007
15402,1542,dhmix_182795551078530810,387,EnthalpyOfMixing,<Substance C1COCCO1{solv}{x=0.491200}|Cc1ccccc1Cl{solv}{x=0.508800}>,C1COCCO1,Cc1ccccc1Cl,fb-fit-v3-single-mean-k100,2,0.26039393739822,0.0390799029796604,0.356,0.002
15403,1543,dens_242592003865933955,388,Density,<Substance C1COCCO1{solv}{x=0.835700}|Cc1ccccc1Cl{solv}{x=0.164300}>,C1COCCO1,Cc1ccccc1Cl,fb-fit-v3-single-mean-k100,2,1.028708116628064,0.00029857224986,1.0256,0.0005
15404,1544,dens_810150133181620718,389,Density,<Substance C1COCCO1{solv}{x=0.513600}|Cc1ccccc1Cl{solv}{x=0.486400}>,C1COCCO1,Cc1ccccc1Cl,fb-fit-v3-single-mean-k100,2,1.0642098676170269,0.0002130015646751,1.0536,0.0005
15405,1545,dhmix_1949119093643648586,390,EnthalpyOfMixing,<Substance C1COCCO1{solv}{x=0.246200}|Cc1ccccc1Cl{solv}{x=0.753800}>,C1COCCO1,Cc1ccccc1Cl,fb-fit-v3-single-mean-k100,2,0.0874365871643902,0.0417026753948398,0.206,0.001
15406,1546,dens_2161584607380261748,391,Density,<Substance C1COCCO1{solv}{x=0.226300}|Cc1ccccc1Cl{solv}{x=0.773700}>,C1COCCO1,Cc1ccccc1Cl,fb-fit-v3-single-mean-k100,2,1.082509209835823,0.0001959941715113,1.0674000000000003,0.0005
15407,1547,dhmix_2190589845176325501,392,EnthalpyOfMixing,<Substance C1COCCO1{solv}{x=0.835700}|Cc1ccccc1Cl{solv}{x=0.164300}>,C1COCCO1,Cc1ccccc1Cl,fb-fit-v3-single-mean-k100,2,0.0955739148549668,0.044129788175339,0.244,0.0015
15408,1548,dens_194492664772262961,393,Density,<Substance CCCOC=O{solv}{x=0.479500}|ClCCCl{solv}{x=0.520500}>,CCCOC=O,ClCCCl,fb-fit-v3-single-mean-k100,2,1.065017723279801,0.0003476572593094,1.0603100000000003,0.00196
15409,1549,dhmix_438833720470542962,394,EnthalpyOfMixing,<Substance CCCOC=O{solv}{x=0.738500}|ClCCCl{solv}{x=0.261500}>,CCCOC=O,ClCCCl,fb-fit-v3-single-mean-k100,2,0.0018430175091488,0.0401060880553761,-0.205,0.0025
15410,1550,dens_598528978367940263,395,Density,<Substance CCCOC=O{solv}{x=0.254300}|ClCCCl{solv}{x=0.745700}>,CCCOC=O,ClCCCl,fb-fit-v3-single-mean-k100,2,1.1402624760614015,0.0003675585918473,1.1418800000000005,0.002835
15411,1551,dens_822197650497048256,396,Density,<Substance CCCOC=O{solv}{x=0.728100}|ClCCCl{solv}{x=0.271900}>,CCCOC=O,ClCCCl,fb-fit-v3-single-mean-k100,2,0.9906275255574604,0.0002903888845346,0.9794600000000002,0.001275
15412,1552,dhmix_1971772628311560569,397,EnthalpyOfMixing,<Substance CCCOC=O{solv}{x=0.503500}|ClCCCl{solv}{x=0.496500}>,CCCOC=O,ClCCCl,fb-fit-v3-single-mean-k100,2,0.0400227598858577,0.033495878041994,-0.254,0.003
15413,1553,dhmix_2087301877194561078,398,EnthalpyOfMixing,<Substance CCCOC=O{solv}{x=0.273300}|ClCCCl{solv}{x=0.726700}>,CCCOC=O,ClCCCl,fb-fit-v3-single-mean-k100,2,0.0702814332950687,0.031836894148468,-0.154,0.002
15414,1554,dens_196547737404430199,399,Density,<Substance CCC(C)(C)O{solv}{x=0.258400}|CCO{solv}{x=0.741600}>,CCC(C)(C)O,CCO,fb-fit-v3-single-mean-k100,2,0.8084077302551885,0.0002837386823987,0.7933000000000001,0.0005
15415,1555,dens_476512869308734578,400,Density,<Substance CCC(C)(C)O{solv}{x=0.549500}|CCO{solv}{x=0.450500}>,CCC(C)(C)O,CCO,fb-fit-v3-single-mean-k100,2,0.821971432093748,0.0003098135425347,0.8018000000000002,0.0005
15416,1556,dens_822446541953482206,401,Density,<Substance CCC(C)(C)O{solv}{x=0.676500}|CCO{solv}{x=0.323500}>,CCC(C)(C)O,CCO,fb-fit-v3-single-mean-k100,2,0.8257454561193484,0.0002900460765746,0.8048000000000002,0.0005
15417,1557,dhmix_935690434592096067,402,EnthalpyOfMixing,<Substance CCC(C)(C)O{solv}{x=0.460700}|CCO{solv}{x=0.539300}>,CCC(C)(C)O,CCO,fb-fit-v3-single-mean-k100,2,-1.0057519141901965,0.0316004361736157,-0.95,0.00405
15418,1558,dhmix_1167190373485301023,403,EnthalpyOfMixing,<Substance CCC(C)(C)O{solv}{x=0.730600}|CCO{solv}{x=0.269400}>,CCC(C)(C)O,CCO,fb-fit-v3-single-mean-k100,2,-1.0006142810040473,0.0474356571775263,-0.7709,0.00335
15419,1559,dhmix_1275914601266938667,404,EnthalpyOfMixing,<Substance CCC(C)(C)O{solv}{x=0.280700}|CCO{solv}{x=0.719300}>,CCC(C)(C)O,CCO,fb-fit-v3-single-mean-k100,2,-0.6956277688935391,0.0363848716768453,-0.7056,0.0031
15420,1560,dens_196896428021674416,405,Density,<Substance OCCCCO{solv}{x=0.250400}|O{solv}{x=0.749600}>,O,OCCCCO,fb-fit-v3-single-mean-k100,2,1.0112116691258428,0.0003634017352001,1.0206500000000005,0.000165
15421,1561,dhmix_204758826312645465,406,EnthalpyOfMixing,<Substance OCCCCO{solv}{x=0.498600}|O{solv}{x=0.501400}>,O,OCCCCO,fb-fit-v3-single-mean-k100,2,0.5101026040112462,0.0345646290594108,-0.882,0.011
15422,1562,dens_523660418548538159,407,Density,<Substance OCCCCO{solv}{x=0.502000}|O{solv}{x=0.498000}>,O,OCCCCO,fb-fit-v3-single-mean-k100,2,1.0195954264819436,0.0003882993590781,1.0207100000000002,0.000175
15423,1563,dhmix_1424462945700338266,408,EnthalpyOfMixing,<Substance OCCCCO{solv}{x=0.794700}|O{solv}{x=0.205300}>,O,OCCCCO,fb-fit-v3-single-mean-k100,2,0.0422606137948236,0.0400203408334483,-0.513,0.007
15424,1564,dhmix_2166372532060643622,409,EnthalpyOfMixing,<Substance OCCCCO{solv}{x=0.265800}|O{solv}{x=0.734200}>,O,OCCCCO,fb-fit-v3-single-mean-k100,2,0.5034347524227414,0.028192503027502,-0.896,0.0115
15425,1565,dens_2215793475715067258,410,Density,<Substance OCCCCO{solv}{x=0.752800}|O{solv}{x=0.247200}>,O,OCCCCO,fb-fit-v3-single-mean-k100,2,1.0251338142946496,0.0004886589763905,1.0165900000000003,0.00018
15426,1566,dhmix_199788824133179829,411,EnthalpyOfMixing,<Substance CNc1ccccc1{solv}{x=0.497300}|Cc1ccccc1{solv}{x=0.502700}>,CNc1ccccc1,Cc1ccccc1,fb-fit-v3-single-mean-k100,2,0.8812026760430172,0.0378453477511399,0.497,0.0055
15427,1567,dens_515118724178190757,412,Density,<Substance CNc1ccccc1{solv}{x=0.740700}|Cc1ccccc1{solv}{x=0.259300}>,CNc1ccccc1,Cc1ccccc1,fb-fit-v3-single-mean-k100,2,0.9660376342680052,0.0002506475550209,0.9531280000000004,0.0002595
15428,1568,dens_730775902780400634,413,Density,<Substance CNc1ccccc1{solv}{x=0.245200}|Cc1ccccc1{solv}{x=0.754800}>,CNc1ccccc1,Cc1ccccc1,fb-fit-v3-single-mean-k100,2,0.9035390389023762,0.0001568517387935,0.8935250000000002,0.000118
15429,1569,dhmix_1213795502778853356,414,EnthalpyOfMixing,<Substance CNc1ccccc1{solv}{x=0.295200}|Cc1ccccc1{solv}{x=0.704800}>,CNc1ccccc1,Cc1ccccc1,fb-fit-v3-single-mean-k100,2,0.756066946017512,0.0414980751285964,0.459,0.005
15430,1570,dhmix_1321810550349826496,415,EnthalpyOfMixing,<Substance CNc1ccccc1{solv}{x=0.789200}|Cc1ccccc1{solv}{x=0.210800}>,CNc1ccccc1,Cc1ccccc1,fb-fit-v3-single-mean-k100,2,0.3935602861294498,0.0437209667724009,0.287,0.003
15431,1571,dens_2156484405108449314,416,Density,<Substance CNc1ccccc1{solv}{x=0.490000}|Cc1ccccc1{solv}{x=0.510000}>,CNc1ccccc1,Cc1ccccc1,fb-fit-v3-single-mean-k100,2,0.9343836126061598,0.0002043666345733,0.9235800000000004,0.000164
15432,1572,dens_199829369486957606,417,Density,<Substance CC#N{solv}{x=0.200300}|c1ccccc1{solv}{x=0.799700}>,CC#N,c1ccccc1,fb-fit-v3-single-mean-k100,2,0.871231825772219,0.0002331268418404,0.8623400000000002,7.000000000000002e-05
15433,1573,dhmix_217315956534335620,418,EnthalpyOfMixing,<Substance CC#N{solv}{x=0.771500}|c1ccccc1{solv}{x=0.228500}>,CC#N,c1ccccc1,fb-fit-v3-single-mean-k100,2,0.0827828565766672,0.0274239914948217,0.3988,0.00815
15434,1574,dhmix_730497723685339496,419,EnthalpyOfMixing,<Substance CC#N{solv}{x=0.219600}|c1ccccc1{solv}{x=0.780400}>,CC#N,c1ccccc1,fb-fit-v3-single-mean-k100,2,0.0042176372591171,0.035926525014186,0.2399,0.00495
15435,1575,dhmix_1038591828122641798,420,EnthalpyOfMixing,<Substance CC#N{solv}{x=0.529500}|c1ccccc1{solv}{x=0.470500}>,CC#N,c1ccccc1,fb-fit-v3-single-mean-k100,2,0.0741138883778553,0.0318424085486383,0.4415,0.00905
15436,1576,dens_1457706963514561052,421,Density,<Substance CC#N{solv}{x=0.500100}|c1ccccc1{solv}{x=0.499900}>,CC#N,c1ccccc1,fb-fit-v3-single-mean-k100,2,0.8373138799224062,0.0001861208541019,0.8384600000000002,7.500000000000002e-05
15437,1577,dens_2111393000623474162,422,Density,<Substance CC#N{solv}{x=0.700200}|c1ccccc1{solv}{x=0.299800}>,CC#N,c1ccccc1,fb-fit-v3-single-mean-k100,2,0.8082286915152259,0.0002781661741947,0.8174500000000002,7.500000000000002e-05
15438,1578,dens_201591193434833206,423,Density,<Substance CC(C)CC(C)(C)C{solv}{x=0.082400}|CCO{solv}{x=0.917600}>,CC(C)CC(C)(C)C,CCO,fb-fit-v3-single-mean-k100,2,0.7698613551412044,0.0002872422600458,0.7605800000000003,0.000125
15439,1579,dhmix_371477530823830451,424,EnthalpyOfMixing,<Substance CC(C)CC(C)(C)C{solv}{x=0.761700}|CCO{solv}{x=0.238300}>,CC(C)CC(C)(C)C,CCO,fb-fit-v3-single-mean-k100,2,0.5993728191943148,0.0520558779974194,0.634022,0.006851
15440,1580,dhmix_1127868571780691876,425,EnthalpyOfMixing,<Substance CC(C)CC(C)(C)C{solv}{x=0.515800}|CCO{solv}{x=0.484200}>,CC(C)CC(C)(C)C,CCO,fb-fit-v3-single-mean-k100,2,0.7170481379501723,0.0436544444669427,0.638973,0.006903
15441,1581,dens_1250915879314267304,426,Density,<Substance CC(C)CC(C)(C)C{solv}{x=0.493740}|CCO{solv}{x=0.506260}>,CC(C)CC(C)(C)C,CCO,fb-fit-v3-single-mean-k100,2,0.7336173774491681,0.0002205141174795,0.7110500000000001,7.500000000000002e-05
15442,1582,dens_1473791133383705310,427,Density,<Substance CC(C)CC(C)(C)C{solv}{x=0.735960}|CCO{solv}{x=0.264040}>,CC(C)CC(C)(C)C,CCO,fb-fit-v3-single-mean-k100,2,0.7232272079121173,0.0001842855350807,0.6967900000000001,7.500000000000002e-05
15443,1583,dhmix_1870637719976274804,428,EnthalpyOfMixing,<Substance CC(C)CC(C)(C)C{solv}{x=0.081500}|CCO{solv}{x=0.918500}>,CC(C)CC(C)(C)C,CCO,fb-fit-v3-single-mean-k100,2,0.263432306717215,0.0358889754088532,0.197762,0.0022405
15444,1584,dens_202472488934755108,429,Density,<Substance CCC#N{solv}{x=0.301800}|CCOC(C)(C)C{solv}{x=0.698200}>,CCC#N,CCOC(C)(C)C,fb-fit-v3-single-mean-k100,2,0.7533061722005807,0.0002479408649804,0.7455000000000002,0.0002
15445,1585,dens_266175665931869051,430,Density,<Substance CCC#N{solv}{x=0.701400}|CCOC(C)(C)C{solv}{x=0.298600}>,CCC#N,CCOC(C)(C)C,fb-fit-v3-single-mean-k100,2,0.7599971498437922,0.0002408924322449,0.7617000000000003,0.00035
15446,1586,dhmix_801664072836508009,431,EnthalpyOfMixing,<Substance CCC#N{solv}{x=0.301800}|CCOC(C)(C)C{solv}{x=0.698200}>,CCC#N,CCOC(C)(C)C,fb-fit-v3-single-mean-k100,2,0.0276278096898359,0.0457980981780985,0.4557,0.0062
15447,1587,dhmix_1220778152018571786,432,EnthalpyOfMixing,<Substance CCC#N{solv}{x=0.501400}|CCOC(C)(C)C{solv}{x=0.498600}>,CCC#N,CCOC(C)(C)C,fb-fit-v3-single-mean-k100,2,0.1228683067795408,0.037683402273337,0.5053,0.00685
15448,1588,dhmix_1838699488178562925,433,EnthalpyOfMixing,<Substance CCC#N{solv}{x=0.701400}|CCOC(C)(C)C{solv}{x=0.298600}>,CCC#N,CCOC(C)(C)C,fb-fit-v3-single-mean-k100,2,0.1346797196260638,0.0324562940298841,0.4078,0.0056
15449,1589,dens_1870081876609026392,434,Density,<Substance CCC#N{solv}{x=0.501400}|CCOC(C)(C)C{solv}{x=0.498600}>,CCC#N,CCOC(C)(C)C,fb-fit-v3-single-mean-k100,2,0.7571243714702395,0.0002181519979905,0.7532000000000002,0.0003
15450,1590,dens_205210513551931414,435,Density,<Substance CCCC#N{solv}{x=0.200000}|c1ccccc1{solv}{x=0.800000}>,CCCC#N,c1ccccc1,fb-fit-v3-single-mean-k100,2,0.8664216028279421,0.0002231357061389,0.8576940000000002,5.400000000000001e-05
15451,1591,dens_841576887891022329,436,Density,<Substance CCCC#N{solv}{x=0.500000}|c1ccccc1{solv}{x=0.500000}>,CCCC#N,c1ccccc1,fb-fit-v3-single-mean-k100,2,0.8317876267817296,0.000225787480574,0.8318550000000002,5.8000000000000014e-05
15452,1592,dhmix_901910638840590393,437,EnthalpyOfMixing,<Substance CCCC#N{solv}{x=0.503700}|c1ccccc1{solv}{x=0.496300}>,CCCC#N,c1ccccc1,fb-fit-v3-single-mean-k100,2,0.0280280667917338,0.0386335668559921,-0.0659,0.00145
15453,1593,dhmix_1123099162248680479,438,EnthalpyOfMixing,<Substance CCCC#N{solv}{x=0.752800}|c1ccccc1{solv}{x=0.247200}>,CCCC#N,c1ccccc1,fb-fit-v3-single-mean-k100,2,-0.1073663755677358,0.0412062134364922,-0.0312,0.0008
15454,1594,dhmix_1318990508180847616,439,EnthalpyOfMixing,<Substance CCCC#N{solv}{x=0.252800}|c1ccccc1{solv}{x=0.747200}>,CCCC#N,c1ccccc1,fb-fit-v3-single-mean-k100,2,0.0858084444004916,0.0353419620931713,-0.0571,0.00125
15455,1595,dens_1950627772023797339,440,Density,<Substance CCCC#N{solv}{x=0.700000}|c1ccccc1{solv}{x=0.300000}>,CCCC#N,c1ccccc1,fb-fit-v3-single-mean-k100,2,0.810191274621903,0.0002102643742817,0.8138540000000002,6.100000000000001e-05
15456,1596,dhmix_207411229673186667,441,EnthalpyOfMixing,<Substance CC(C)(C)Cl{solv}{x=0.774700}|CC(C)OC(C)C{solv}{x=0.225300}>,CC(C)(C)Cl,CC(C)OC(C)C,fb-fit-v3-single-mean-k100,2,-0.0634669125332152,0.041974617722611,0.0035,0.0004
15457,1597,dhmix_263164663491745943,442,EnthalpyOfMixing,<Substance CC(C)(C)Cl{solv}{x=0.551200}|CC(C)OC(C)C{solv}{x=0.448800}>,CC(C)(C)Cl,CC(C)OC(C)C,fb-fit-v3-single-mean-k100,2,-0.0782255679104473,0.0426000799580739,0.0071,0.0004
15458,1598,dens_1527979990628499053,443,Density,<Substance CC(C)(C)Cl{solv}{x=0.514800}|CC(C)OC(C)C{solv}{x=0.485200}>,CC(C)(C)Cl,CC(C)OC(C)C,fb-fit-v3-single-mean-k100,2,0.7944095758315718,0.0002883785600766,0.7723510000000002,0.00042
15459,1599,dens_1616242241384486673,444,Density,<Substance CC(C)(C)Cl{solv}{x=0.715200}|CC(C)OC(C)C{solv}{x=0.284800}>,CC(C)(C)Cl,CC(C)OC(C)C,fb-fit-v3-single-mean-k100,2,0.8208836516283419,0.0001977196611995,0.7971450000000002,0.0003945
15460,1600,dens_2075469437997722238,445,Density,<Substance CC(C)(C)Cl{solv}{x=0.199100}|CC(C)OC(C)C{solv}{x=0.800900}>,CC(C)(C)Cl,CC(C)OC(C)C,fb-fit-v3-single-mean-k100,2,0.7551574540774175,0.0002149462865487,0.7376660000000003,0.0004545
15461,1601,dhmix_2101531043492089277,446,EnthalpyOfMixing,<Substance CC(C)(C)Cl{solv}{x=0.219200}|CC(C)OC(C)C{solv}{x=0.780800}>,CC(C)(C)Cl,CC(C)OC(C)C,fb-fit-v3-single-mean-k100,2,-0.1305236116883072,0.0479347945979759,0.007,0.0004
15462,1602,dens_210389881425986721,447,Density,<Substance C1COCO1{solv}{x=0.785000}|CCCCCC(C)=O{solv}{x=0.215000}>,C1COCO1,CCCCCC(C)=O,fb-fit-v3-single-mean-k100,2,0.9806139279076016,0.0002610256331877,0.9696500000000002,0.0003
15463,1603,dhmix_503329310014436107,448,EnthalpyOfMixing,<Substance C1COCO1{solv}{x=0.750000}|CCCCCC(C)=O{solv}{x=0.250000}>,C1COCO1,CCCCCC(C)=O,fb-fit-v3-single-mean-k100,2,0.4082825799440144,0.0398855743576104,0.37402,0.001955
15464,1604,dens_824084186033535550,449,Density,<Substance C1COCO1{solv}{x=0.507100}|CCCCCC(C)=O{solv}{x=0.492900}>,C1COCO1,CCCCCC(C)=O,fb-fit-v3-single-mean-k100,2,0.9004624735527057,0.0002464853433086,0.8936300000000003,0.00034
15465,1605,dens_839548343309182157,450,Density,<Substance C1COCO1{solv}{x=0.244000}|CCCCCC(C)=O{solv}{x=0.756000}>,C1COCO1,CCCCCC(C)=O,fb-fit-v3-single-mean-k100,2,0.8490115981842469,0.0002111121376302,0.8445200000000002,0.00038
15466,1606,dhmix_1519451899562488304,451,EnthalpyOfMixing,<Substance C1COCO1{solv}{x=0.250000}|CCCCCC(C)=O{solv}{x=0.750000}>,C1COCO1,CCCCCC(C)=O,fb-fit-v3-single-mean-k100,2,0.2616178503312909,0.0401636388473919,0.2754,0.00155
15467,1607,dhmix_1874814461447958752,452,EnthalpyOfMixing,<Substance C1COCO1{solv}{x=0.500000}|CCCCCC(C)=O{solv}{x=0.500000}>,C1COCO1,CCCCCC(C)=O,fb-fit-v3-single-mean-k100,2,0.4595115178495987,0.0399913698626925,0.43148,0.00217
15468,1608,dhmix_219236717194413479,453,EnthalpyOfMixing,<Substance CCOc1ccccc1{solv}{x=0.762500}|OCCCc1ccccc1{solv}{x=0.237500}>,CCOc1ccccc1,OCCCc1ccccc1,fb-fit-v3-single-mean-k100,2,1.1152470198646682,0.0536290471200396,1.1164,0.01195
15469,1609,dens_391027492102555874,454,Density,<Substance CCOc1ccccc1{solv}{x=0.515000}|OCCCc1ccccc1{solv}{x=0.485000}>,CCOc1ccccc1,OCCCc1ccccc1,fb-fit-v3-single-mean-k100,2,0.9758073474398652,0.0001992949632536,0.9715100000000002,0.00026
15470,1610,dens_603450583692592837,455,Density,<Substance CCOc1ccccc1{solv}{x=0.707400}|OCCCc1ccccc1{solv}{x=0.292600}>,CCOc1ccccc1,OCCCc1ccccc1,fb-fit-v3-single-mean-k100,2,0.9666128110488572,0.0001556928157121,0.9634300000000002,0.00026
15471,1611,dhmix_1297428070131435744,456,EnthalpyOfMixing,<Substance CCOc1ccccc1{solv}{x=0.516900}|OCCCc1ccccc1{solv}{x=0.483100}>,CCOc1ccccc1,OCCCc1ccccc1,fb-fit-v3-single-mean-k100,2,0.8898733411972302,0.0550595011323302,0.989,0.0106
15472,1612,dens_1659818614169719187,457,Density,<Substance CCOc1ccccc1{solv}{x=0.216400}|OCCCc1ccccc1{solv}{x=0.783600}>,CCOc1ccccc1,OCCCc1ccccc1,fb-fit-v3-single-mean-k100,2,0.9889662528412628,0.000277192217478,0.9832000000000004,0.00026
15473,1613,dhmix_2058966624473104004,458,EnthalpyOfMixing,<Substance CCOc1ccccc1{solv}{x=0.262900}|OCCCc1ccccc1{solv}{x=0.737100}>,CCOc1ccccc1,OCCCc1ccccc1,fb-fit-v3-single-mean-k100,2,0.653009492740992,0.045990155317297,0.7,0.00755
15474,1614,dhmix_224977805525763267,459,EnthalpyOfMixing,<Substance OCCO{solv}{x=0.519300}|O{solv}{x=0.480700}>,O,OCCO,fb-fit-v3-single-mean-k100,2,-0.080393146332101,0.0290765102118515,-0.64,0.0035
15475,1615,dhmix_454389511592218960,460,EnthalpyOfMixing,<Substance OCCO{solv}{x=0.790900}|O{solv}{x=0.209100}>,O,OCCO,fb-fit-v3-single-mean-k100,2,0.0378412111629451,0.0544918377670665,-0.347,0.0025
15476,1616,dens_624011570206871166,461,Density,<Substance OCCO{solv}{x=0.500560}|O{solv}{x=0.499440}>,O,OCCO,fb-fit-v3-single-mean-k100,2,1.0967683511915225,0.0003053875530047,1.0923200000000002,0.0005
15477,1617,dhmix_997365299263661959,462,EnthalpyOfMixing,<Substance OCCO{solv}{x=0.205100}|O{solv}{x=0.794900}>,O,OCCO,fb-fit-v3-single-mean-k100,2,-0.0052095773176574,0.0232039570927798,-0.681,0.004
15478,1618,dens_1521229282261002740,463,Density,<Substance OCCO{solv}{x=0.299010}|O{solv}{x=0.700990}>,O,OCCO,fb-fit-v3-single-mean-k100,2,1.0705754408209014,0.0003971076131617,1.0735400000000002,0.0005
15479,1619,dens_2015496231826454735,464,Density,<Substance OCCO{solv}{x=0.706260}|O{solv}{x=0.293740}>,O,OCCO,fb-fit-v3-single-mean-k100,2,1.1135816225557331,0.0003202986290423,1.1022400000000003,0.0005
15480,1620,dhmix_230261418136264651,465,EnthalpyOfMixing,<Substance CCCCOC(C)=O{solv}{x=0.700700}|CCOC(C)=O{solv}{x=0.299300}>,CCCCOC(C)=O,CCOC(C)=O,fb-fit-v3-single-mean-k100,2,0.0230533262252947,0.0483946754196093,0.0594,0.001
15481,1621,dhmix_287092636460772443,466,EnthalpyOfMixing,<Substance CCCCOC(C)=O{solv}{x=0.501800}|CCOC(C)=O{solv}{x=0.498200}>,CCCCOC(C)=O,CCOC(C)=O,fb-fit-v3-single-mean-k100,2,0.0646061276547911,0.0397672425934471,0.076,0.0012
15482,1622,dens_436289636626232396,467,Density,<Substance CCCCOC(C)=O{solv}{x=0.501800}|CCOC(C)=O{solv}{x=0.498200}>,CCCCOC(C)=O,CCOC(C)=O,fb-fit-v3-single-mean-k100,2,0.8935969686535502,0.0002328306546634,0.8829000000000002,0.0002
15483,1623,dens_1739528506032569134,468,Density,<Substance CCCCOC(C)=O{solv}{x=0.201200}|CCOC(C)=O{solv}{x=0.798800}>,CCCCOC(C)=O,CCOC(C)=O,fb-fit-v3-single-mean-k100,2,0.9003662538975625,0.0002725551691434,0.8889000000000001,0.0002
15484,1624,dhmix_1951544232160779982,469,EnthalpyOfMixing,<Substance CCCCOC(C)=O{solv}{x=0.201200}|CCOC(C)=O{solv}{x=0.798800}>,CCCCOC(C)=O,CCOC(C)=O,fb-fit-v3-single-mean-k100,2,0.025954950035917,0.0441850443866068,0.0524,0.0009
15485,1625,dens_2199004103648094822,470,Density,<Substance CCCCOC(C)=O{solv}{x=0.700700}|CCOC(C)=O{solv}{x=0.299300}>,CCCCOC(C)=O,CCOC(C)=O,fb-fit-v3-single-mean-k100,2,0.8892737487756772,0.0002097196044755,0.8797000000000003,0.0002
15486,1626,dens_230610561971140401,471,Density,<Substance CN(C)CCO{solv}{x=0.507700}|O{solv}{x=0.492300}>,CN(C)CCO,O,fb-fit-v3-single-mean-k100,2,0.9341832460768632,0.00022201796935,0.9237220000000002,0.000504
15487,1627,dens_531222131704065782,472,Density,<Substance CN(C)CCO{solv}{x=0.765200}|O{solv}{x=0.234800}>,CN(C)CCO,O,fb-fit-v3-single-mean-k100,2,0.9173998069795894,0.0002934810461751,0.8989030000000002,0.0005805
15488,1628,dhmix_569544738684419327,473,EnthalpyOfMixing,<Substance CN(C)CCO{solv}{x=0.536500}|O{solv}{x=0.463500}>,CN(C)CCO,O,fb-fit-v3-single-mean-k100,2,-3.003498295257401,0.0464522628210454,-2.575,0.0525
15489,1629,dens_1319192913326669904,474,Density,<Substance CN(C)CCO{solv}{x=0.264330}|O{solv}{x=0.735670}>,CN(C)CCO,O,fb-fit-v3-single-mean-k100,2,0.9517897266033538,0.000343956401762,0.9590000000000002,0.0029
15490,1630,dhmix_1669606825693628140,475,EnthalpyOfMixing,<Substance CN(C)CCO{solv}{x=0.205200}|O{solv}{x=0.794800}>,CN(C)CCO,O,fb-fit-v3-single-mean-k100,2,-1.99901972684476,0.0254107726266587,-2.587,0.0525
15491,1631,dhmix_1723343163215510297,476,EnthalpyOfMixing,<Substance CN(C)CCO{solv}{x=0.799600}|O{solv}{x=0.200400}>,CN(C)CCO,O,fb-fit-v3-single-mean-k100,2,-1.691709882910274,0.039570835181584,-1.247,0.0255
15492,1632,dens_233554406241639981,477,Density,<Substance CC(C)CC(C)(C)C{solv}{x=0.200000}|CCCCOCCCC{solv}{x=0.800000}>,CC(C)CC(C)(C)C,CCCCOCCCC,fb-fit-v3-single-mean-k100,2,0.7549345896584299,0.0001642049479686,0.7497500000000001,0.00017
15493,1633,dhmix_465541682585001245,478,EnthalpyOfMixing,<Substance CC(C)CC(C)(C)C{solv}{x=0.200400}|CCCCOCCCC{solv}{x=0.799600}>,CC(C)CC(C)(C)C,CCCCOCCCC,fb-fit-v3-single-mean-k100,2,0.1639523963781499,0.0544555214484024,0.07397,0.00099
15494,1634,dhmix_1505777056782392294,479,EnthalpyOfMixing,<Substance CC(C)CC(C)(C)C{solv}{x=0.400400}|CCCCOCCCC{solv}{x=0.599600}>,CC(C)CC(C)(C)C,CCCCOCCCC,fb-fit-v3-single-mean-k100,2,0.2735148045928213,0.0531891553896533,0.11538,0.001385
15495,1635,dhmix_1595104467389948583,480,EnthalpyOfMixing,<Substance CC(C)CC(C)(C)C{solv}{x=0.700500}|CCCCOCCCC{solv}{x=0.299500}>,CC(C)CC(C)(C)C,CCCCOCCCC,fb-fit-v3-single-mean-k100,2,0.2693380647332333,0.0508048620041602,0.10948,0.00133
15496,1636,dens_1672861274914038509,481,Density,<Substance CC(C)CC(C)(C)C{solv}{x=0.399700}|CCCCOCCCC{solv}{x=0.600300}>,CC(C)CC(C)(C)C,CCCCOCCCC,fb-fit-v3-single-mean-k100,2,0.745898862338152,0.0001766845407505,0.7348100000000001,0.000175
15497,1637,dens_1954694146948787176,482,Density,<Substance CC(C)CC(C)(C)C{solv}{x=0.700000}|CCCCOCCCC{solv}{x=0.300000}>,CC(C)CC(C)(C)C,CCCCOCCCC,fb-fit-v3-single-mean-k100,2,0.7312027418332524,0.00018335272589,0.7117300000000002,0.000185
15498,1638,dens_234746850701826990,483,Density,<Substance CC#N{solv}{x=0.700000}|CCCCCO{solv}{x=0.300000}>,CC#N,CCCCCO,fb-fit-v3-single-mean-k100,2,0.7861525546499851,0.0001861245011373,0.7924200000000001,0.000165
15499,1639,dens_1261543146081029601,484,Density,<Substance CC#N{solv}{x=0.500300}|CCCCCO{solv}{x=0.499700}>,CC#N,CCCCCO,fb-fit-v3-single-mean-k100,2,0.7995333618937975,0.0002277417915527,0.7996400000000001,0.000185
15500,1640,dens_1462197010819319813,485,Density,<Substance CC#N{solv}{x=0.203100}|CCCCCO{solv}{x=0.796900}>,CC#N,CCCCCO,fb-fit-v3-single-mean-k100,2,0.8146071995607951,0.0002382097357513,0.8090600000000001,0.00022
15501,1641,dhmix_1595997756227951615,486,EnthalpyOfMixing,<Substance CC#N{solv}{x=0.235500}|CCCCCO{solv}{x=0.764500}>,CC#N,CCCCCO,fb-fit-v3-single-mean-k100,2,1.4019560396570867,0.0468637131826384,1.451,0.006
15502,1642,dhmix_1745037615762894827,487,EnthalpyOfMixing,<Substance CC#N{solv}{x=0.516700}|CCCCCO{solv}{x=0.483300}>,CC#N,CCCCCO,fb-fit-v3-single-mean-k100,2,2.001694388147664,0.0336495394030617,2.017,0.008
15503,1643,dhmix_2294048253872291609,488,EnthalpyOfMixing,<Substance CC#N{solv}{x=0.771100}|CCCCCO{solv}{x=0.228900}>,CC#N,CCCCCO,fb-fit-v3-single-mean-k100,2,1.605714798615093,0.0335183906705052,1.656,0.007
15504,1644,dens_237912652331354824,489,Density,<Substance C1COCCO1{solv}{x=0.512200}|CCCC(C)=O{solv}{x=0.487800}>,C1COCCO1,CCCC(C)=O,fb-fit-v3-single-mean-k100,2,0.903867209428605,0.0002232398983537,0.90478,0.00023
15505,1645,dhmix_951401191616771155,490,EnthalpyOfMixing,<Substance C1COCCO1{solv}{x=0.750000}|CCCC(C)=O{solv}{x=0.250000}>,C1COCCO1,CCCC(C)=O,fb-fit-v3-single-mean-k100,2,0.2466731623833027,0.0408091319852495,0.23761,0.00135
15506,1646,dens_1815088975543208186,491,Density,<Substance C1COCCO1{solv}{x=0.225400}|CCCC(C)=O{solv}{x=0.774600}>,C1COCCO1,CCCC(C)=O,fb-fit-v3-single-mean-k100,2,0.8431478585775826,0.0002480586872972,0.8442800000000001,0.00022
15507,1647,dens_2079717107234551519,492,Density,<Substance C1COCCO1{solv}{x=0.782300}|CCCC(C)=O{solv}{x=0.217700}>,C1COCCO1,CCCC(C)=O,fb-fit-v3-single-mean-k100,2,0.9671347899156826,0.0002342417476065,0.9692000000000004,0.000245
15508,1648,dhmix_2166059870593139530,493,EnthalpyOfMixing,<Substance C1COCCO1{solv}{x=0.500000}|CCCC(C)=O{solv}{x=0.500000}>,C1COCCO1,CCCC(C)=O,fb-fit-v3-single-mean-k100,2,0.1064201667022786,0.0415520367858049,0.26523,0.001455
15509,1649,dhmix_2196150660196365471,494,EnthalpyOfMixing,<Substance C1COCCO1{solv}{x=0.250000}|CCCC(C)=O{solv}{x=0.750000}>,C1COCCO1,CCCC(C)=O,fb-fit-v3-single-mean-k100,2,0.0697645401443409,0.044201460312036,0.1704,0.001085
15510,1650,dhmix_243334109655928306,495,EnthalpyOfMixing,<Substance C1CCOCC1{solv}{x=0.783200}|c1ccccc1{solv}{x=0.216800}>,C1CCOCC1,c1ccccc1,fb-fit-v3-single-mean-k100,2,-0.0552831447087385,0.0509242499614549,-0.1399,0.00165
15511,1651,dens_257753427541292519,496,Density,<Substance C1CCOCC1{solv}{x=0.479400}|c1ccccc1{solv}{x=0.520600}>,C1CCOCC1,c1ccccc1,fb-fit-v3-single-mean-k100,2,0.8830960393672135,0.0002296092553978,0.8778700000000003,0.000505
15512,1652,dhmix_604341867718608333,497,EnthalpyOfMixing,<Substance C1CCOCC1{solv}{x=0.242500}|c1ccccc1{solv}{x=0.757500}>,C1CCOCC1,c1ccccc1,fb-fit-v3-single-mean-k100,2,-0.0622284363689402,0.0393093989185489,-0.1608,0.00185
15513,1653,dens_791001710124267373,498,Density,<Substance C1CCOCC1{solv}{x=0.223900}|c1ccccc1{solv}{x=0.776100}>,C1CCOCC1,c1ccccc1,fb-fit-v3-single-mean-k100,2,0.8870272662804305,0.000162061530464,0.8761000000000002,0.0005
15514,1654,dens_1402061243325720407,499,Density,<Substance C1CCOCC1{solv}{x=0.743200}|c1ccccc1{solv}{x=0.256800}>,C1CCOCC1,c1ccccc1,fb-fit-v3-single-mean-k100,2,0.8792278480158044,0.0002780063698476,0.8789500000000002,0.000505
15515,1655,dhmix_1407142629314355761,500,EnthalpyOfMixing,<Substance C1CCOCC1{solv}{x=0.498200}|c1ccccc1{solv}{x=0.501800}>,C1CCOCC1,c1ccccc1,fb-fit-v3-single-mean-k100,2,-0.1076160285901153,0.0412135316410819,-0.2365,0.00265
15516,1656,dhmix_266800455813556356,501,EnthalpyOfMixing,<Substance CO{solv}{x=0.727200}|OCc1ccccc1{solv}{x=0.272800}>,CO,OCc1ccccc1,fb-fit-v3-single-mean-k100,2,0.0369191725291067,0.0335482145629449,-0.0792,0.001
15517,1657,dhmix_949671607207910651,502,EnthalpyOfMixing,<Substance CO{solv}{x=0.500500}|OCc1ccccc1{solv}{x=0.499500}>,CO,OCc1ccccc1,fb-fit-v3-single-mean-k100,2,-0.1823481241818783,0.0393068029313286,-0.1408,0.00165
15518,1658,dhmix_1388744759732522219,503,EnthalpyOfMixing,<Substance CO{solv}{x=0.200200}|OCc1ccccc1{solv}{x=0.799800}>,CO,OCc1ccccc1,fb-fit-v3-single-mean-k100,2,-0.0134501097962598,0.0553620883649455,-0.1081,0.0013
15519,1659,dens_270046772857960816,504,Density,<Substance C1CCOCC1{solv}{x=0.732100}|Cc1ccccc1{solv}{x=0.267900}>,C1CCOCC1,Cc1ccccc1,fb-fit-v3-single-mean-k100,2,0.8756806442188909,0.000217905949963,0.8754100000000001,0.000505
15520,1660,dens_324774743687652276,505,Density,<Substance C1CCOCC1{solv}{x=0.238700}|Cc1ccccc1{solv}{x=0.761300}>,C1CCOCC1,Cc1ccccc1,fb-fit-v3-single-mean-k100,2,0.874540261218479,0.0002230865402983,0.8669900000000003,0.000505
15521,1661,dhmix_390107187187002597,506,EnthalpyOfMixing,<Substance C1CCOCC1{solv}{x=0.531900}|Cc1ccccc1{solv}{x=0.468100}>,C1CCOCC1,Cc1ccccc1,fb-fit-v3-single-mean-k100,2,-0.1094166543262247,0.0415211827036095,-0.2225,0.0025
15522,1662,dhmix_1070320975529400325,507,EnthalpyOfMixing,<Substance C1CCOCC1{solv}{x=0.280600}|Cc1ccccc1{solv}{x=0.719400}>,C1CCOCC1,Cc1ccccc1,fb-fit-v3-single-mean-k100,2,-0.2079907329110284,0.0460235926266793,-0.1687,0.00195
15523,1663,dens_1397318239527979287,508,Density,<Substance C1CCOCC1{solv}{x=0.491500}|Cc1ccccc1{solv}{x=0.508500}>,C1CCOCC1,Cc1ccccc1,fb-fit-v3-single-mean-k100,2,0.8752220204489962,0.0002384171345863,0.8715100000000002,0.000505
15524,1664,dhmix_1508130989501940613,509,EnthalpyOfMixing,<Substance C1CCOCC1{solv}{x=0.741300}|Cc1ccccc1{solv}{x=0.258700}>,C1CCOCC1,Cc1ccccc1,fb-fit-v3-single-mean-k100,2,-0.1827454004273931,0.037592220766543,-0.1629,0.0019
15525,1665,dhmix_271732469428717581,510,EnthalpyOfMixing,<Substance COc1ccccc1{solv}{x=0.237400}|OCCCc1ccccc1{solv}{x=0.762600}>,COc1ccccc1,OCCCc1ccccc1,fb-fit-v3-single-mean-k100,2,0.3315104687920751,0.0515970914309026,0.6076,0.0066
15526,1666,dhmix_1174392275991455181,511,EnthalpyOfMixing,<Substance COc1ccccc1{solv}{x=0.554700}|OCCCc1ccccc1{solv}{x=0.445300}>,COc1ccccc1,OCCCc1ccccc1,fb-fit-v3-single-mean-k100,2,1.220175795090654,0.0474327360359622,1.0293,0.01105
15527,1667,dhmix_1179341622676685107,512,EnthalpyOfMixing,<Substance COc1ccccc1{solv}{x=0.713600}|OCCCc1ccccc1{solv}{x=0.286400}>,COc1ccccc1,OCCCc1ccccc1,fb-fit-v3-single-mean-k100,2,1.041947737994832,0.0461495868142256,1.1088,0.0119
15528,1668,dens_1468428612899754720,513,Density,<Substance COc1ccccc1{solv}{x=0.747700}|OCCCc1ccccc1{solv}{x=0.252300}>,COc1ccccc1,OCCCc1ccccc1,fb-fit-v3-single-mean-k100,2,0.9812773671489688,0.0001778376666852,0.9827800000000002,0.00026
15529,1669,dens_1534619098234859574,514,Density,<Substance COc1ccccc1{solv}{x=0.555100}|OCCCc1ccccc1{solv}{x=0.444900}>,COc1ccccc1,OCCCc1ccccc1,fb-fit-v3-single-mean-k100,2,0.9862769506952848,0.0002011688130653,0.9852700000000002,0.00026
15530,1670,dens_2298154173340539222,515,Density,<Substance COc1ccccc1{solv}{x=0.263600}|OCCCc1ccccc1{solv}{x=0.736400}>,COc1ccccc1,OCCCc1ccccc1,fb-fit-v3-single-mean-k100,2,0.9926691162762686,0.0002568135824441,0.9885500000000002,0.00026
15531,1671,dens_274848672468745759,516,Density,<Substance CCCCOC(C)=O{solv}{x=0.293400}|c1ccccc1{solv}{x=0.706600}>,CCCCOC(C)=O,c1ccccc1,fb-fit-v3-single-mean-k100,2,0.8869061480338222,0.0002363442451628,0.8736600000000002,0.00021
15532,1672,dens_493354132810710227,517,Density,<Substance CCCCOC(C)=O{solv}{x=0.710500}|c1ccccc1{solv}{x=0.289500}>,CCCCOC(C)=O,c1ccccc1,fb-fit-v3-single-mean-k100,2,0.8849223608893079,0.0001986656550706,0.8751500000000002,0.000335
15533,1673,dhmix_754807126845437364,518,EnthalpyOfMixing,<Substance CCCCOC(C)=O{solv}{x=0.495800}|c1ccccc1{solv}{x=0.504200}>,CCCCOC(C)=O,c1ccccc1,fb-fit-v3-single-mean-k100,2,-0.0669371875524547,0.043940851752558,-0.0245,0.001
15534,1674,dens_834118541551127044,519,Density,<Substance CCCCOC(C)=O{solv}{x=0.504400}|c1ccccc1{solv}{x=0.495600}>,CCCCOC(C)=O,c1ccccc1,fb-fit-v3-single-mean-k100,2,0.8856975920504953,0.0002243467217258,0.8744300000000002,0.000265
15535,1675,dhmix_1349932525480083284,520,EnthalpyOfMixing,<Substance CCCCOC(C)=O{solv}{x=0.252300}|c1ccccc1{solv}{x=0.747700}>,CCCCOC(C)=O,c1ccccc1,fb-fit-v3-single-mean-k100,2,0.0382292026299069,0.0414399834669747,-0.014,0.0009
15536,1676,dhmix_1597992980658352112,521,EnthalpyOfMixing,<Substance CCCCOC(C)=O{solv}{x=0.771400}|c1ccccc1{solv}{x=0.228600}>,CCCCOC(C)=O,c1ccccc1,fb-fit-v3-single-mean-k100,2,-0.0385510977585408,0.0503257036591794,-0.0245,0.001
15537,1677,dens_275501958869207518,522,Density,<Substance C1CCOCC1{solv}{x=0.226300}|Cc1ccccc1Cl{solv}{x=0.773700}>,C1CCOCC1,Cc1ccccc1Cl,fb-fit-v3-single-mean-k100,2,1.0533601667897594,0.0002131332631913,1.0396,0.0005
15538,1678,dhmix_818597523255588519,523,EnthalpyOfMixing,<Substance C1CCOCC1{solv}{x=0.753300}|Cc1ccccc1Cl{solv}{x=0.246700}>,C1CCOCC1,Cc1ccccc1Cl,fb-fit-v3-single-mean-k100,2,-0.283851444043691,0.0415738848782894,-0.154,0.001
15539,1679,dhmix_849121557716978550,524,EnthalpyOfMixing,<Substance C1CCOCC1{solv}{x=0.517500}|Cc1ccccc1Cl{solv}{x=0.482500}>,C1CCOCC1,Cc1ccccc1Cl,fb-fit-v3-single-mean-k100,2,-0.3871335762539445,0.0443735671155448,-0.22,0.0015
15540,1680,dens_946978292781731327,525,Density,<Substance C1CCOCC1{solv}{x=0.478400}|Cc1ccccc1Cl{solv}{x=0.521600}>,C1CCOCC1,Cc1ccccc1Cl,fb-fit-v3-single-mean-k100,2,1.001975252480705,0.000176647416771,0.9931600000000002,0.00051
15541,1681,dhmix_997266220336132741,526,EnthalpyOfMixing,<Substance C1CCOCC1{solv}{x=0.263200}|Cc1ccccc1Cl{solv}{x=0.736800}>,C1CCOCC1,Cc1ccccc1Cl,fb-fit-v3-single-mean-k100,2,-0.1906696868015416,0.0453839388545894,-0.175,0.001
15542,1682,dens_1191185394819541532,527,Density,<Substance C1CCOCC1{solv}{x=0.765800}|Cc1ccccc1Cl{solv}{x=0.234200}>,C1CCOCC1,Cc1ccccc1Cl,fb-fit-v3-single-mean-k100,2,0.9356303791795236,0.0002362392788377,0.9336500000000002,0.000505
15543,1683,dhmix_278334692660393021,528,EnthalpyOfMixing,<Substance CCCCCCC{solv}{x=0.205900}|CNc1ccccc1{solv}{x=0.794100}>,CCCCCCC,CNc1ccccc1,fb-fit-v3-single-mean-k100,2,1.6939508663812717,0.0434403151337154,1.126,0.012
15544,1684,dens_480658478095207102,529,Density,<Substance CCCCCCC{solv}{x=0.740500}|CNc1ccccc1{solv}{x=0.259500}>,CCCCCCC,CNc1ccccc1,fb-fit-v3-single-mean-k100,2,0.7448744298929961,0.0001945212174078,0.7424910000000001,0.00014
15545,1685,dhmix_898293423987680187,530,EnthalpyOfMixing,<Substance CCCCCCC{solv}{x=0.501700}|CNc1ccccc1{solv}{x=0.498300}>,CCCCCCC,CNc1ccccc1,fb-fit-v3-single-mean-k100,2,2.2421317359974324,0.0468079389634929,1.676,0.018
15546,1686,dens_1509968737377061562,531,Density,<Substance CCCCCCC{solv}{x=0.250900}|CNc1ccccc1{solv}{x=0.749100}>,CCCCCCC,CNc1ccccc1,fb-fit-v3-single-mean-k100,2,0.8990059343670112,0.0002079707482771,0.8897150000000003,0.0002615
15547,1687,dhmix_1680546488782143957,532,EnthalpyOfMixing,<Substance CCCCCCC{solv}{x=0.703200}|CNc1ccccc1{solv}{x=0.296800}>,CCCCCCC,CNc1ccccc1,fb-fit-v3-single-mean-k100,2,2.158623214151774,0.0497449304617343,1.539,0.0165
15548,1688,dens_2074014246120135820,533,Density,<Substance CCCCCCC{solv}{x=0.497000}|CNc1ccccc1{solv}{x=0.503000}>,CCCCCCC,CNc1ccccc1,fb-fit-v3-single-mean-k100,2,0.81633574654404,0.0001919085114774,0.8106920000000002,0.0001785
15549,1689,dens_296890921001565391,534,Density,<Substance CCCCN{solv}{x=0.755200}|CN(C)C=O{solv}{x=0.244800}>,CCCCN,CN(C)C=O,fb-fit-v3-single-mean-k100,2,0.7885950623436393,0.0002520188624488,0.7762150000000002,0.000949
15550,1690,dens_380536870617309130,535,Density,<Substance CCCCN{solv}{x=0.242800}|CN(C)C=O{solv}{x=0.757200}>,CCCCN,CN(C)C=O,fb-fit-v3-single-mean-k100,2,0.8796388381399943,0.0002209755819066,0.8845160000000002,0.0010795
15551,1691,dhmix_493117160214491795,536,EnthalpyOfMixing,<Substance CCCCN{solv}{x=0.244100}|CN(C)C=O{solv}{x=0.755900}>,CCCCN,CN(C)C=O,fb-fit-v3-single-mean-k100,2,0.1004359271142405,0.0400467801090328,0.245,0.008
15552,1692,dhmix_789225002934078019,537,EnthalpyOfMixing,<Substance CCCCN{solv}{x=0.750200}|CN(C)C=O{solv}{x=0.249800}>,CCCCN,CN(C)C=O,fb-fit-v3-single-mean-k100,2,0.3277202008608029,0.0457196030632666,0.32,0.01
15553,1693,dhmix_941321571782058819,538,EnthalpyOfMixing,<Substance CCCCN{solv}{x=0.499200}|CN(C)C=O{solv}{x=0.500800}>,CCCCN,CN(C)C=O,fb-fit-v3-single-mean-k100,2,0.1659108405304223,0.0417682316420068,0.384,0.0115
15554,1694,dens_2179361372918836941,539,Density,<Substance CCCCN{solv}{x=0.497200}|CN(C)C=O{solv}{x=0.502800}>,CCCCN,CN(C)C=O,fb-fit-v3-single-mean-k100,2,0.8335093648804108,0.0002550363535788,0.8277360000000001,0.001011
15555,1695,dens_300257448272323407,540,Density,<Substance CC(C)O{solv}{x=0.745200}|NCCN{solv}{x=0.254800}>,CC(C)O,NCCN,fb-fit-v3-single-mean-k100,2,0.8453449648988353,0.0002412508494934,0.8163970000000003,0.0002325
15556,1696,dens_924750366683277351,541,Density,<Substance CC(C)O{solv}{x=0.203100}|NCCN{solv}{x=0.796900}>,CC(C)O,NCCN,fb-fit-v3-single-mean-k100,2,0.947010428137218,0.0002744880414367,0.8736620000000003,0.0002225
15557,1697,dens_2284409308160572308,542,Density,<Substance CC(C)O{solv}{x=0.489100}|NCCN{solv}{x=0.510900}>,CC(C)O,NCCN,fb-fit-v3-single-mean-k100,2,0.8899443691395004,0.0002575682861434,0.8449250000000001,0.0002245
15558,1698,dens_305501840068636812,543,Density,<Substance CC(C)=O{solv}{x=0.750000}|CCO{solv}{x=0.250000}>,CC(C)=O,CCO,fb-fit-v3-single-mean-k100,2,0.7878956981429512,0.0003056881174712,0.7859000000000002,0.000115
15559,1699,dens_472577738907297293,544,Density,<Substance CC(C)=O{solv}{x=0.250000}|CCO{solv}{x=0.750000}>,CC(C)=O,CCO,fb-fit-v3-single-mean-k100,2,0.7888514770987791,0.000363974749211,0.7861600000000002,0.000115
15560,1700,dens_2271083741716457850,545,Density,<Substance CC(C)=O{solv}{x=0.499900}|CCO{solv}{x=0.500100}>,CC(C)=O,CCO,fb-fit-v3-single-mean-k100,2,0.7883472681195935,0.0003071252985646,0.7861900000000003,0.000115
15561,1701,dens_307445163336341047,546,Density,<Substance CN1CCCC1=O{solv}{x=0.703700}|ClCCCl{solv}{x=0.296300}>,CN1CCCC1=O,ClCCCl,fb-fit-v3-single-mean-k100,2,1.0790426882082735,0.000150223381634,1.0851000000000002,0.0002
15562,1702,dhmix_453866769634566853,547,EnthalpyOfMixing,<Substance CN1CCCC1=O{solv}{x=0.253100}|ClCCCl{solv}{x=0.746900}>,CN1CCCC1=O,ClCCCl,fb-fit-v3-single-mean-k100,2,-0.3879194055366604,0.0335541464221653,-0.8118,0.01525
15563,1703,dhmix_536206650470008584,548,EnthalpyOfMixing,<Substance CN1CCCC1=O{solv}{x=0.500000}|ClCCCl{solv}{x=0.500000}>,CN1CCCC1=O,ClCCCl,fb-fit-v3-single-mean-k100,2,-0.5073618239005899,0.0364104321828544,-1.264,0.0055
15564,1704,dens_1046625605566999080,549,Density,<Substance CN1CCCC1=O{solv}{x=0.202500}|ClCCCl{solv}{x=0.797500}>,CN1CCCC1=O,ClCCCl,fb-fit-v3-single-mean-k100,2,1.1913097865601463,0.0002865194996218,1.1953000000000005,0.00025
15565,1705,dhmix_1620571823529677157,550,EnthalpyOfMixing,<Substance CN1CCCC1=O{solv}{x=0.736700}|ClCCCl{solv}{x=0.263300}>,CN1CCCC1=O,ClCCCl,fb-fit-v3-single-mean-k100,2,-0.3789540952574377,0.0427270444521174,-0.8587,0.01605
15566,1706,dens_2059567022041766694,551,Density,<Substance CN1CCCC1=O{solv}{x=0.497500}|ClCCCl{solv}{x=0.502500}>,CN1CCCC1=O,ClCCCl,fb-fit-v3-single-mean-k100,2,1.125565362894528,0.0003170817650772,1.1283000000000003,0.0002
15567,1707,dens_313234519309892479,552,Density,<Substance CC(=O)N(C)C{solv}{x=0.293800}|CCCCCCCCCl{solv}{x=0.706200}>,CC(=O)N(C)C,CCCCCCCCCl,fb-fit-v3-single-mean-k100,2,0.8796190931252561,0.0001781721148713,0.8796000000000003,0.00045
15568,1708,dhmix_444785917463403590,553,EnthalpyOfMixing,<Substance CC(=O)N(C)C{solv}{x=0.703000}|CCCCCCCCCl{solv}{x=0.297000}>,CC(=O)N(C)C,CCCCCCCCCl,fb-fit-v3-single-mean-k100,2,0.9271314962625752,0.045181696265663,0.751,0.004
15569,1709,dhmix_705168937124106402,554,EnthalpyOfMixing,<Substance CC(=O)N(C)C{solv}{x=0.215000}|CCCCCCCCCl{solv}{x=0.785000}>,CC(=O)N(C)C,CCCCCCCCCl,fb-fit-v3-single-mean-k100,2,0.8076671073128949,0.0511770511148433,0.519,0.0035
15570,1710,dens_1549584991651515376,555,Density,<Substance CC(=O)N(C)C{solv}{x=0.502200}|CCCCCCCCCl{solv}{x=0.497800}>,CC(=O)N(C)C,CCCCCCCCCl,fb-fit-v3-single-mean-k100,2,0.8854920954841432,0.0001845022399416,0.8902000000000002,0.0004
15571,1711,dhmix_1732161251827083272,556,EnthalpyOfMixing,<Substance CC(=O)N(C)C{solv}{x=0.508000}|CCCCCCCCCl{solv}{x=0.492000}>,CC(=O)N(C)C,CCCCCCCCCl,fb-fit-v3-single-mean-k100,2,1.154940448911617,0.0483150489162254,0.829,0.004
15572,1712,dens_2189889607118243828,557,Density,<Substance CC(=O)N(C)C{solv}{x=0.700500}|CCCCCCCCCl{solv}{x=0.299500}>,CC(=O)N(C)C,CCCCCCCCCl,fb-fit-v3-single-mean-k100,2,0.8928762592314968,0.0002033686058915,0.9041000000000002,0.00035
15573,1713,dens_314482396827660717,558,Density,<Substance BrCCBr{solv}{x=0.753700}|COC(C)=O{solv}{x=0.246300}>,BrCCBr,COC(C)=O,fb-fit-v3-single-mean-k100,2,1.844033595127764,0.0006124792333303,1.8774400000000004,0.003355
15574,1714,dens_344993892965738820,559,Density,<Substance BrCCBr{solv}{x=0.275200}|COC(C)=O{solv}{x=0.724800}>,BrCCBr,COC(C)=O,fb-fit-v3-single-mean-k100,2,1.2829944559254385,0.0003771021071081,1.2862400000000005,0.001125
15575,1715,dhmix_545996968666061076,560,EnthalpyOfMixing,<Substance BrCCBr{solv}{x=0.720900}|COC(C)=O{solv}{x=0.279100}>,BrCCBr,COC(C)=O,fb-fit-v3-single-mean-k100,2,0.2529647939938488,0.0268321596162988,0.2594,0.0028
15576,1716,dens_714044009336077786,561,Density,<Substance BrCCBr{solv}{x=0.512100}|COC(C)=O{solv}{x=0.487900}>,BrCCBr,COC(C)=O,fb-fit-v3-single-mean-k100,2,1.5677966435295108,0.0005195959569413,1.5834900000000005,0.0021
15577,1717,dhmix_1222511035002547253,562,EnthalpyOfMixing,<Substance BrCCBr{solv}{x=0.485500}|COC(C)=O{solv}{x=0.514500}>,BrCCBr,COC(C)=O,fb-fit-v3-single-mean-k100,2,0.19676161170295,0.0332908030229161,0.2577,0.00275
15578,1718,dhmix_1418101673429653456,563,EnthalpyOfMixing,<Substance BrCCBr{solv}{x=0.250800}|COC(C)=O{solv}{x=0.749200}>,BrCCBr,COC(C)=O,fb-fit-v3-single-mean-k100,2,0.1591462243513106,0.0354007544025889,0.1202,0.0017
15579,1719,dens_314934747194338330,564,Density,<Substance CC(C)CCl{solv}{x=0.513700}|CC(C)OC(C)C{solv}{x=0.486300}>,CC(C)CCl,CC(C)OC(C)C,fb-fit-v3-single-mean-k100,2,0.7974402660689447,0.0002523538073785,0.7878250000000002,0.000405
15580,1720,dhmix_355399496844187096,565,EnthalpyOfMixing,<Substance CC(C)CCl{solv}{x=0.545300}|CC(C)OC(C)C{solv}{x=0.454700}>,CC(C)CCl,CC(C)OC(C)C,fb-fit-v3-single-mean-k100,2,-0.1503484420737706,0.0386245812805708,-0.0957,0.0012
15581,1721,dens_688062365117407068,566,Density,<Substance CC(C)CCl{solv}{x=0.805900}|CC(C)OC(C)C{solv}{x=0.194100}>,CC(C)CCl,CC(C)OC(C)C,fb-fit-v3-single-mean-k100,2,0.8415990932147438,0.0003080898783156,0.8355300000000002,0.0003555
15582,1722,dhmix_1411881046585885461,567,EnthalpyOfMixing,<Substance CC(C)CCl{solv}{x=0.090700}|CC(C)OC(C)C{solv}{x=0.909300}>,CC(C)CCl,CC(C)OC(C)C,fb-fit-v3-single-mean-k100,2,-0.1166651026129983,0.0524283767154078,-0.0302,0.00055
15583,1723,dens_1762455266351712367,568,Density,<Substance CC(C)CCl{solv}{x=0.091000}|CC(C)OC(C)C{solv}{x=0.909000}>,CC(C)CCl,CC(C)OC(C)C,fb-fit-v3-single-mean-k100,2,0.7446977411644478,0.0002497379716599,0.7293950000000001,0.000464
15584,1724,dhmix_2302865667781063708,569,EnthalpyOfMixing,<Substance CC(C)CCl{solv}{x=0.727000}|CC(C)OC(C)C{solv}{x=0.273000}>,CC(C)CCl,CC(C)OC(C)C,fb-fit-v3-single-mean-k100,2,-0.0861077069010463,0.0426331248768585,-0.0791,0.001
15585,1725,dens_321327254341950207,570,Density,<Substance C1COCCO1{solv}{x=0.780300}|CCCCCC(C)=O{solv}{x=0.219700}>,C1COCCO1,CCCCCC(C)=O,fb-fit-v3-single-mean-k100,2,0.9576967976036148,0.0002608677159713,0.9576500000000002,0.0003
15586,1726,dens_377701756930918353,571,Density,<Substance C1COCCO1{solv}{x=0.500600}|CCCCCC(C)=O{solv}{x=0.499400}>,C1COCCO1,CCCCCC(C)=O,fb-fit-v3-single-mean-k100,2,0.8934665447444089,0.0001930333999748,0.8916700000000002,0.000345
15587,1727,dhmix_600625644134907580,572,EnthalpyOfMixing,<Substance C1COCCO1{solv}{x=0.500000}|CCCCCC(C)=O{solv}{x=0.500000}>,C1COCCO1,CCCCCC(C)=O,fb-fit-v3-single-mean-k100,2,0.3651511654133514,0.0451130975571017,0.4509,0.002255
15588,1728,dens_1451069448215305244,573,Density,<Substance C1COCCO1{solv}{x=0.220300}|CCCCCC(C)=O{solv}{x=0.779700}>,C1COCCO1,CCCCCC(C)=O,fb-fit-v3-single-mean-k100,2,0.8449867507719497,0.0001998934244285,0.8420800000000003,0.000385
15589,1729,dhmix_2028813035406256788,574,EnthalpyOfMixing,<Substance C1COCCO1{solv}{x=0.750000}|CCCCCC(C)=O{solv}{x=0.250000}>,C1COCCO1,CCCCCC(C)=O,fb-fit-v3-single-mean-k100,2,0.3548483873873778,0.0419085657859694,0.4064,0.00209
15590,1730,dhmix_2222211577832383320,575,EnthalpyOfMixing,<Substance C1COCCO1{solv}{x=0.250000}|CCCCCC(C)=O{solv}{x=0.750000}>,C1COCCO1,CCCCCC(C)=O,fb-fit-v3-single-mean-k100,2,0.2152387336251848,0.0435006932546479,0.2911,0.00164
15591,1731,dhmix_325212618372456630,576,EnthalpyOfMixing,<Substance CCCCCCC{solv}{x=0.500000}|c1ccccc1{solv}{x=0.500000}>,CCCCCCC,c1ccccc1,fb-fit-v3-single-mean-k100,2,1.34622229710952,0.0430252674607214,0.9235,0.0051
15592,1732,dhmix_409350268177199962,577,EnthalpyOfMixing,<Substance CCCCCCC{solv}{x=0.751900}|c1ccccc1{solv}{x=0.248100}>,CCCCCCC,c1ccccc1,fb-fit-v3-single-mean-k100,2,0.9256834373529728,0.0489119337328712,0.6047,0.0035
15593,1733,dens_1685942387769177799,578,Density,<Substance CCCCCCC{solv}{x=0.913667}|c1ccccc1{solv}{x=0.086333}>,CCCCCCC,c1ccccc1,fb-fit-v3-single-mean-k100,2,0.6911778115788088,0.0002034630940323,0.6892400000000002,0.000805
15594,1734,dens_2148382258223830900,579,Density,<Substance CCCCCCC{solv}{x=0.273700}|c1ccccc1{solv}{x=0.726300}>,CCCCCCC,c1ccccc1,fb-fit-v3-single-mean-k100,2,0.7970434617327791,0.0001925817023703,0.7855000000000002,0.00015
15595,1735,dens_2219829254239605828,580,Density,<Substance CCCCCCC{solv}{x=0.492200}|c1ccccc1{solv}{x=0.507800}>,CCCCCCC,c1ccccc1,fb-fit-v3-single-mean-k100,2,0.7486195937540834,0.0002114442342481,0.7409000000000001,0.00015
15596,1736,dhmix_2296565820723783732,581,EnthalpyOfMixing,<Substance CCCCCCC{solv}{x=0.242400}|c1ccccc1{solv}{x=0.757600}>,CCCCCCC,c1ccccc1,fb-fit-v3-single-mean-k100,2,1.1695120315643663,0.0428357134783973,0.7775,0.0044
15597,1737,dens_326446104630354701,582,Density,<Substance BrCCBr{solv}{x=0.728600}|CCC(=O)OC{solv}{x=0.271400}>,BrCCBr,CCC(=O)OC,fb-fit-v3-single-mean-k100,2,1.761835979743195,0.0004145647238422,1.7949900000000003,0.00303
15598,1738,dens_886315086380393150,583,Density,<Substance BrCCBr{solv}{x=0.494400}|CCC(=O)OC{solv}{x=0.505600}>,BrCCBr,CCC(=O)OC,fb-fit-v3-single-mean-k100,2,1.477082100076941,0.0003054040478909,1.4941800000000005,0.001825
15599,1739,dhmix_1410129135672303476,584,EnthalpyOfMixing,<Substance BrCCBr{solv}{x=0.491400}|CCC(=O)OC{solv}{x=0.508600}>,BrCCBr,CCC(=O)OC,fb-fit-v3-single-mean-k100,2,-0.0871136584012535,0.0333701838254564,0.0195,0.00185
15600,1740,dhmix_1551714230583118668,585,EnthalpyOfMixing,<Substance BrCCBr{solv}{x=0.755400}|CCC(=O)OC{solv}{x=0.244600}>,BrCCBr,CCC(=O)OC,fb-fit-v3-single-mean-k100,2,-0.0772470049261562,0.0302685745978946,0.09,0.00295
15601,1741,dhmix_1596310059176209101,586,EnthalpyOfMixing,<Substance BrCCBr{solv}{x=0.214800}|CCC(=O)OC{solv}{x=0.785200}>,BrCCBr,CCC(=O)OC,fb-fit-v3-single-mean-k100,2,-0.09367201925938,0.045135889806828,-0.0281,0.002
15602,1742,dens_1860027304017736150,587,Density,<Substance BrCCBr{solv}{x=0.257000}|CCC(=O)OC{solv}{x=0.743000}>,BrCCBr,CCC(=O)OC,fb-fit-v3-single-mean-k100,2,1.198865191685511,0.0003286100884865,1.2059400000000002,0.000915
15603,1743,dhmix_334328961632702336,588,EnthalpyOfMixing,<Substance Cc1ccccc1N{solv}{x=0.492600}|Cc1cccnc1{solv}{x=0.507400}>,Cc1ccccc1N,Cc1cccnc1,fb-fit-v3-single-mean-k100,2,-1.501928950950079,0.0398636383460612,-1.4091,0.0287
15604,1744,dhmix_382843935535082222,589,EnthalpyOfMixing,<Substance Cc1ccccc1N{solv}{x=0.232300}|Cc1cccnc1{solv}{x=0.767700}>,Cc1ccccc1N,Cc1cccnc1,fb-fit-v3-single-mean-k100,2,-1.1316889895653652,0.0435532327707866,-1.1196,0.02285
15605,1745,dens_890019852111400701,590,Density,<Substance Cc1ccccc1N{solv}{x=0.533600}|Cc1cccnc1{solv}{x=0.466400}>,Cc1ccccc1N,Cc1cccnc1,fb-fit-v3-single-mean-k100,2,0.9933816333207752,0.0001949612783326,0.9795770000000004,0.0001185
15606,1746,dens_1033313642915027277,591,Density,<Substance Cc1ccccc1N{solv}{x=0.737200}|Cc1cccnc1{solv}{x=0.262800}>,Cc1ccccc1N,Cc1cccnc1,fb-fit-v3-single-mean-k100,2,1.0055417682104493,0.000276102370798,0.9867010000000004,0.000118
15607,1747,dhmix_1057104304179164775,592,EnthalpyOfMixing,<Substance Cc1ccccc1N{solv}{x=0.778900}|Cc1cccnc1{solv}{x=0.221100}>,Cc1ccccc1N,Cc1cccnc1,fb-fit-v3-single-mean-k100,2,-0.8967458015049763,0.0605602103032551,-0.8735,0.01785
15608,1748,dens_1445313714023685702,593,Density,<Substance Cc1ccccc1N{solv}{x=0.246700}|Cc1cccnc1{solv}{x=0.753300}>,Cc1ccccc1N,Cc1cccnc1,fb-fit-v3-single-mean-k100,2,0.9725400479176948,0.0002011720493801,0.9668750000000004,0.00012
15609,1749,dens_335631113096608920,594,Density,<Substance CCC(C)=O{solv}{x=0.501800}|CCCCNCCCC{solv}{x=0.498200}>,CCC(C)=O,CCCCNCCCC,fb-fit-v3-single-mean-k100,2,0.7758841540143504,0.000229070807975,0.7693960000000002,9.950000000000003e-05
15610,1750,dhmix_551451232292287572,595,EnthalpyOfMixing,<Substance CCC(C)=O{solv}{x=0.215400}|CCCCNCCCC{solv}{x=0.784600}>,CCC(C)=O,CCCCNCCCC,fb-fit-v3-single-mean-k100,2,0.1633034713703551,0.0604655999901461,0.417,0.0045
15611,1751,dens_800787154192710377,596,Density,<Substance CCC(C)=O{solv}{x=0.260300}|CCCCNCCCC{solv}{x=0.739700}>,CCC(C)=O,CCCCNCCCC,fb-fit-v3-single-mean-k100,2,0.7700351069629732,0.0001589559396794,0.7614750000000002,0.0001005
15612,1752,dhmix_1210431916849512476,597,EnthalpyOfMixing,<Substance CCC(C)=O{solv}{x=0.504400}|CCCCNCCCC{solv}{x=0.495600}>,CCC(C)=O,CCCCNCCCC,fb-fit-v3-single-mean-k100,2,0.2089684800408449,0.0452252063128412,0.619,0.0065
15613,1753,dhmix_1503682496766473076,598,EnthalpyOfMixing,<Substance CCC(C)=O{solv}{x=0.792200}|CCCCNCCCC{solv}{x=0.207800}>,CCC(C)=O,CCCCNCCCC,fb-fit-v3-single-mean-k100,2,0.1136636669506181,0.0357245351328076,0.425,0.0045
15614,1754,dens_2232561341275312196,599,Density,<Substance CCC(C)=O{solv}{x=0.747300}|CCCCNCCCC{solv}{x=0.252700}>,CCC(C)=O,CCCCNCCCC,fb-fit-v3-single-mean-k100,2,0.7833814474429528,0.0002275468230481,0.7810500000000001,9.750000000000004e-05
15615,1755,dhmix_335934546122425398,600,EnthalpyOfMixing,<Substance C1CCOCC1{solv}{x=0.550000}|O=C1CCCC1{solv}{x=0.450000}>,C1CCOCC1,O=C1CCCC1,fb-fit-v3-single-mean-k100,2,0.1090592921478332,0.0373237828128549,0.15813,0.001
15616,1756,dhmix_337659115721770978,601,EnthalpyOfMixing,<Substance C1CCOCC1{solv}{x=0.250000}|O=C1CCCC1{solv}{x=0.750000}>,C1CCOCC1,O=C1CCCC1,fb-fit-v3-single-mean-k100,2,0.0457708214189125,0.0441054164014136,0.11325,0.00084
15617,1757,dens_579415285212890284,602,Density,<Substance C1CCOCC1{solv}{x=0.708000}|O=C1CCCC1{solv}{x=0.292000}>,C1CCOCC1,O=C1CCCC1,fb-fit-v3-single-mean-k100,2,0.8931764788108855,0.0002483669932805,0.8972200000000002,0.00023
15618,1758,dens_788777315764582180,603,Density,<Substance C1CCOCC1{solv}{x=0.549800}|O=C1CCCC1{solv}{x=0.450200}>,C1CCOCC1,O=C1CCCC1,fb-fit-v3-single-mean-k100,2,0.903582806822215,0.000173225337865,0.9073000000000002,0.000235
15619,1759,dens_1539654406736576807,604,Density,<Substance C1CCOCC1{solv}{x=0.235400}|O=C1CCCC1{solv}{x=0.764600}>,C1CCOCC1,O=C1CCCC1,fb-fit-v3-single-mean-k100,2,0.9233043374205644,0.0002278746605752,0.9281000000000004,0.00024
15620,1760,dhmix_1706969020375394315,605,EnthalpyOfMixing,<Substance C1CCOCC1{solv}{x=0.750000}|O=C1CCCC1{solv}{x=0.250000}>,C1CCOCC1,O=C1CCCC1,fb-fit-v3-single-mean-k100,2,0.02750065640911,0.0407206397195465,0.12811,0.000895
15621,1761,dens_337077748334497354,606,Density,<Substance CN1CCCCC1{solv}{x=0.245200}|O{solv}{x=0.754800}>,CN1CCCCC1,O,fb-fit-v3-single-mean-k100,2,0.902941815880558,0.0003265694605137,0.9038110000000004,9.700000000000004e-05
15622,1762,dens_1619467922469494964,607,Density,<Substance CN1CCCCC1{solv}{x=0.790700}|O{solv}{x=0.209300}>,CN1CCCCC1,O,fb-fit-v3-single-mean-k100,2,0.8580981485365067,0.0002355158694487,0.8260470000000002,0.000108
15623,1763,dens_1725290505257505407,608,Density,<Substance CN1CCCCC1{solv}{x=0.505000}|O{solv}{x=0.495000}>,CN1CCCCC1,O,fb-fit-v3-single-mean-k100,2,0.8757688513407307,0.0002089076697854,0.8581580000000002,9.450000000000002e-05
15624,1764,dhmix_344305070199657817,609,EnthalpyOfMixing,<Substance CC(C)CC(C)(C)C{solv}{x=0.200300}|CCCO{solv}{x=0.799700}>,CC(C)CC(C)(C)C,CCCO,fb-fit-v3-single-mean-k100,2,0.3390480547002568,0.0414472565165585,0.308,0.0055
15625,1765,dens_1020839744665732433,610,Density,<Substance CC(C)CC(C)(C)C{solv}{x=0.200100}|CCCO{solv}{x=0.799900}>,CC(C)CC(C)(C)C,CCCO,fb-fit-v3-single-mean-k100,2,0.7718353061156797,0.0002770651654543,0.7589500000000002,0.00029
15626,1766,dens_1348847431810734601,611,Density,<Substance CC(C)CC(C)(C)C{solv}{x=0.700000}|CCCO{solv}{x=0.300000}>,CC(C)CC(C)(C)C,CCCO,fb-fit-v3-single-mean-k100,2,0.7298598512530401,0.0001866375606807,0.7046500000000001,0.00028
15627,1767,dhmix_1376194238727172922,612,EnthalpyOfMixing,<Substance CC(C)CC(C)(C)C{solv}{x=0.499800}|CCCO{solv}{x=0.500200}>,CC(C)CC(C)(C)C,CCCO,fb-fit-v3-single-mean-k100,2,0.6355001660615613,0.0405849051218753,0.6025,0.0027
15628,1768,dhmix_1868873434415785592,613,EnthalpyOfMixing,<Substance CC(C)CC(C)(C)C{solv}{x=0.699900}|CCCO{solv}{x=0.300100}>,CC(C)CC(C)(C)C,CCCO,fb-fit-v3-single-mean-k100,2,0.6947038181528455,0.0518620273916115,0.6544,0.0029
15629,1769,dens_1870552320710773195,614,Density,<Substance CC(C)CC(C)(C)C{solv}{x=0.500000}|CCCO{solv}{x=0.500000}>,CC(C)CC(C)(C)C,CCCO,fb-fit-v3-single-mean-k100,2,0.7427657528415168,0.0002197942212433,0.7214400000000002,0.00028
15630,1770,dens_344701479262570906,615,Density,<Substance C1CCOCC1{solv}{x=0.246100}|Cc1cccnc1{solv}{x=0.753900}>,C1CCOCC1,Cc1cccnc1,fb-fit-v3-single-mean-k100,2,0.933794157718812,0.0002026600817239,0.9348570000000002,0.0004915
15631,1771,dhmix_772935681699310364,616,EnthalpyOfMixing,<Substance C1CCOCC1{solv}{x=0.480300}|Cc1cccnc1{solv}{x=0.519700}>,C1CCOCC1,Cc1cccnc1,fb-fit-v3-single-mean-k100,2,-0.0837599422033292,0.0401444807055174,0.1271,0.00115
15632,1772,dens_1179184695460672925,617,Density,<Substance C1CCOCC1{solv}{x=0.756800}|Cc1cccnc1{solv}{x=0.243200}>,C1CCOCC1,Cc1cccnc1,fb-fit-v3-single-mean-k100,2,0.8952913225199556,0.0002513656179904,0.8976640000000002,0.0004655
15633,1773,dens_1273033541520518804,618,Density,<Substance C1CCOCC1{solv}{x=0.482700}|Cc1cccnc1{solv}{x=0.517300}>,C1CCOCC1,Cc1cccnc1,fb-fit-v3-single-mean-k100,2,0.9161946130650348,0.0002313533297224,0.9179640000000002,0.00048
15634,1774,dhmix_1594947441282636711,619,EnthalpyOfMixing,<Substance C1CCOCC1{solv}{x=0.735500}|Cc1cccnc1{solv}{x=0.264500}>,C1CCOCC1,Cc1cccnc1,fb-fit-v3-single-mean-k100,2,-0.0447532439763804,0.0454840064847625,0.0924,0.00095
15635,1775,dhmix_2075643137470349800,620,EnthalpyOfMixing,<Substance C1CCOCC1{solv}{x=0.273200}|Cc1cccnc1{solv}{x=0.726800}>,C1CCOCC1,Cc1cccnc1,fb-fit-v3-single-mean-k100,2,0.0407329411485264,0.0388848491458489,0.1036,0.001
15636,1776,dhmix_346841872844739570,621,EnthalpyOfMixing,<Substance CC#N{solv}{x=0.700700}|CCOC(C)(C)C{solv}{x=0.299300}>,CC#N,CCOC(C)(C)C,fb-fit-v3-single-mean-k100,2,0.1258724414188812,0.0337656592338127,0.6176,0.0084
15637,1777,dhmix_840136828933604757,622,EnthalpyOfMixing,<Substance CC#N{solv}{x=0.199000}|CCOC(C)(C)C{solv}{x=0.801000}>,CC#N,CCOC(C)(C)C,fb-fit-v3-single-mean-k100,2,0.1691851496467684,0.0476753127067569,0.4418,0.006
15638,1778,dhmix_1934525864391020215,623,EnthalpyOfMixing,<Substance CC#N{solv}{x=0.501600}|CCOC(C)(C)C{solv}{x=0.498400}>,CC#N,CCOC(C)(C)C,fb-fit-v3-single-mean-k100,2,0.2609293294896204,0.0348943364330512,0.7098,0.00965
15639,1779,dens_1954735606040559695,624,Density,<Substance CC#N{solv}{x=0.700700}|CCOC(C)(C)C{solv}{x=0.299300}>,CC#N,CCOC(C)(C)C,fb-fit-v3-single-mean-k100,2,0.755876852047028,0.0002889873686162,0.7595000000000002,0.00045
15640,1780,dens_2173310521496796694,625,Density,<Substance CC#N{solv}{x=0.501600}|CCOC(C)(C)C{solv}{x=0.498400}>,CC#N,CCOC(C)(C)C,fb-fit-v3-single-mean-k100,2,0.7538134174108139,0.0002804198949574,0.7510000000000002,0.00035
15641,1781,dens_2235331649530959984,626,Density,<Substance CC#N{solv}{x=0.199000}|CCOC(C)(C)C{solv}{x=0.801000}>,CC#N,CCOC(C)(C)C,fb-fit-v3-single-mean-k100,2,0.7508298348812155,0.0002462271817844,0.7408000000000001,0.00015
15642,1782,dhmix_355078149157572999,627,EnthalpyOfMixing,<Substance OCCOCCO{solv}{x=0.790600}|O{solv}{x=0.209400}>,O,OCCOCCO,fb-fit-v3-single-mean-k100,2,-0.6951081009506765,0.0460415268717653,-0.521,0.003
15643,1783,dhmix_514261244195159379,628,EnthalpyOfMixing,<Substance OCCOCCO{solv}{x=0.300400}|O{solv}{x=0.699600}>,O,OCCOCCO,fb-fit-v3-single-mean-k100,2,-0.8895337697170849,0.0294113807798651,-1.245,0.0065
15644,1784,dhmix_1512634639127890343,629,EnthalpyOfMixing,<Substance OCCOCCO{solv}{x=0.501000}|O{solv}{x=0.499000}>,O,OCCOCCO,fb-fit-v3-single-mean-k100,2,-0.9347506164673618,0.0510170379552592,-1.149,0.0065
15645,1785,dens_1532732041743097130,630,Density,<Substance OCCOCCO{solv}{x=0.500600}|O{solv}{x=0.499400}>,O,OCCOCCO,fb-fit-v3-single-mean-k100,2,1.11210798248251,0.0003494351871025,1.1070700000000002,0.00026
15646,1786,dens_1948924545926470959,631,Density,<Substance OCCOCCO{solv}{x=0.700300}|O{solv}{x=0.299700}>,O,OCCOCCO,fb-fit-v3-single-mean-k100,2,1.1214664351192445,0.0005544528244262,1.1111900000000003,0.000285
15647,1787,dens_2114974877291939954,632,Density,<Substance OCCOCCO{solv}{x=0.301000}|O{solv}{x=0.699000}>,O,OCCOCCO,fb-fit-v3-single-mean-k100,2,1.093589067845822,0.0003166497988033,1.0958900000000005,0.000305
15648,1788,dhmix_355690558520209737,633,EnthalpyOfMixing,<Substance CC(C)CC(C)(C)C{solv}{x=0.774800}|CC(C)OC(C)C{solv}{x=0.225200}>,CC(C)CC(C)(C)C,CC(C)OC(C)C,fb-fit-v3-single-mean-k100,2,0.4123112087266349,0.0519302061332089,0.132161,0.001556
15649,1789,dens_706481868145479619,634,Density,<Substance CC(C)CC(C)(C)C{solv}{x=0.250000}|CC(C)OC(C)C{solv}{x=0.750000}>,CC(C)CC(C)(C)C,CC(C)OC(C)C,fb-fit-v3-single-mean-k100,2,0.7282133695774622,0.000226264539788,0.7090800000000002,0.000155
15650,1790,dens_960755156711549154,635,Density,<Substance CC(C)CC(C)(C)C{solv}{x=0.750000}|CC(C)OC(C)C{solv}{x=0.250000}>,CC(C)CC(C)(C)C,CC(C)OC(C)C,fb-fit-v3-single-mean-k100,2,0.7200246723335423,0.0001909944928358,0.6937500000000002,0.000155
15651,1791,dens_1165117582450092341,636,Density,<Substance CC(C)CC(C)(C)C{solv}{x=0.500900}|CC(C)OC(C)C{solv}{x=0.499100}>,CC(C)CC(C)(C)C,CC(C)OC(C)C,fb-fit-v3-single-mean-k100,2,0.723741012877423,0.000188162099995,0.7005900000000002,0.000105
15652,1792,dhmix_1819714300540494359,637,EnthalpyOfMixing,<Substance CC(C)CC(C)(C)C{solv}{x=0.512500}|CC(C)OC(C)C{solv}{x=0.487500}>,CC(C)CC(C)(C)C,CC(C)OC(C)C,fb-fit-v3-single-mean-k100,2,0.470268225869475,0.0393632703154591,0.197047,0.002233
15653,1793,dhmix_2031984064821599856,638,EnthalpyOfMixing,<Substance CC(C)CC(C)(C)C{solv}{x=0.269300}|CC(C)OC(C)C{solv}{x=0.730700}>,CC(C)CC(C)(C)C,CC(C)OC(C)C,fb-fit-v3-single-mean-k100,2,0.3538869349720031,0.0499290171499943,0.158983,0.0018345
15654,1794,dens_357198687829738077,639,Density,<Substance C1CCOCC1{solv}{x=0.223500}|CCCCCC(C)=O{solv}{x=0.776500}>,C1CCOCC1,CCCCCC(C)=O,fb-fit-v3-single-mean-k100,2,0.8242244670399047,0.0001897859558544,0.8221200000000002,0.000375
15655,1795,dens_1074719884132299485,640,Density,<Substance C1CCOCC1{solv}{x=0.516600}|CCCCCC(C)=O{solv}{x=0.483400}>,C1CCOCC1,CCCCCC(C)=O,fb-fit-v3-single-mean-k100,2,0.8400307063460637,0.0001962896431132,0.8396100000000002,0.00032
15656,1796,dens_1427208283653313137,641,Density,<Substance C1CCOCC1{solv}{x=0.710100}|CCCCCC(C)=O{solv}{x=0.289900}>,C1CCOCC1,CCCCCC(C)=O,fb-fit-v3-single-mean-k100,2,0.8522548348133908,0.0002275055426546,0.8534200000000002,0.000285
15657,1797,dhmix_1485904869507380555,642,EnthalpyOfMixing,<Substance C1CCOCC1{solv}{x=0.500000}|CCCCCC(C)=O{solv}{x=0.500000}>,C1CCOCC1,CCCCCC(C)=O,fb-fit-v3-single-mean-k100,2,0.1295031859064863,0.0443643522731824,0.05773,0.000615
15658,1798,dhmix_1931504734279468677,643,EnthalpyOfMixing,<Substance C1CCOCC1{solv}{x=0.250000}|CCCCCC(C)=O{solv}{x=0.750000}>,C1CCOCC1,CCCCCC(C)=O,fb-fit-v3-single-mean-k100,2,0.1267617014736899,0.047912377911849,0.03429,0.00053
15659,1799,dhmix_2296263041755700053,644,EnthalpyOfMixing,<Substance C1CCOCC1{solv}{x=0.750000}|CCCCCC(C)=O{solv}{x=0.250000}>,C1CCOCC1,CCCCCC(C)=O,fb-fit-v3-single-mean-k100,2,0.1536473970109853,0.0449369874958087,0.05587,0.00061
15660,1800,dhmix_357499987240135169,645,EnthalpyOfMixing,<Substance CCCCC{solv}{x=0.772700}|CCCCOC=O{solv}{x=0.227300}>,CCCCC,CCCCOC=O,fb-fit-v3-single-mean-k100,2,1.1307665393252222,0.0454226679053013,0.87,0.004
15661,1801,dens_435201289177646286,646,Density,<Substance CCCCC{solv}{x=0.504200}|CCCCOC=O{solv}{x=0.495800}>,CCCCC,CCCCOC=O,fb-fit-v3-single-mean-k100,2,0.7578724727270442,0.0002417095950166,0.7523000000000001,0.00024
15662,1802,dens_635752291929824010,647,Density,<Substance CCCCC{solv}{x=0.699000}|CCCCOC=O{solv}{x=0.301000}>,CCCCC,CCCCOC=O,fb-fit-v3-single-mean-k100,2,0.7020349509437104,0.000226210359469,0.6994600000000002,0.00018
15663,1803,dhmix_869493303716364153,648,EnthalpyOfMixing,<Substance CCCCC{solv}{x=0.490500}|CCCCOC=O{solv}{x=0.509500}>,CCCCC,CCCCOC=O,fb-fit-v3-single-mean-k100,2,1.2955836734597597,0.0446658309011583,0.959,0.004
15664,1804,dhmix_1188548276416925178,649,EnthalpyOfMixing,<Substance CCCCC{solv}{x=0.246000}|CCCCOC=O{solv}{x=0.754000}>,CCCCC,CCCCOC=O,fb-fit-v3-single-mean-k100,2,0.7866690974393862,0.0385650805697505,0.632,0.003
15665,1805,dens_1944800378076074966,650,Density,<Substance CCCCC{solv}{x=0.247100}|CCCCOC=O{solv}{x=0.752900}>,CCCCC,CCCCOC=O,fb-fit-v3-single-mean-k100,2,0.8319481051404791,0.000222570173997,0.8221800000000001,0.000375
15666,1806,dhmix_357740737126275220,651,EnthalpyOfMixing,<Substance CC(=O)N(C)C{solv}{x=0.212000}|CCCCCl{solv}{x=0.788000}>,CC(=O)N(C)C,CCCCCl,fb-fit-v3-single-mean-k100,2,0.5213219733212355,0.0422116495182106,0.244,0.0025
15667,1807,dens_563556088097831353,652,Density,<Substance CC(=O)N(C)C{solv}{x=0.499000}|CCCCCl{solv}{x=0.501000}>,CC(=O)N(C)C,CCCCCl,fb-fit-v3-single-mean-k100,2,0.8934645039054976,0.0002334348789346,0.9081000000000002,0.0002
15668,1808,dens_1083232356130752567,653,Density,<Substance CC(=O)N(C)C{solv}{x=0.799700}|CCCCCl{solv}{x=0.200300}>,CC(=O)N(C)C,CCCCCl,fb-fit-v3-single-mean-k100,2,0.9037943635070588,0.0002137381302428,0.9247000000000004,0.0002
15669,1809,dhmix_1487887746912587509,654,EnthalpyOfMixing,<Substance CC(=O)N(C)C{solv}{x=0.708000}|CCCCCl{solv}{x=0.292000}>,CC(=O)N(C)C,CCCCCl,fb-fit-v3-single-mean-k100,2,0.5106186600271592,0.0406965662692906,0.305,0.0025
15670,1810,dens_1662749398344255132,655,Density,<Substance CC(=O)N(C)C{solv}{x=0.210500}|CCCCCl{solv}{x=0.789500}>,CC(=O)N(C)C,CCCCCl,fb-fit-v3-single-mean-k100,2,0.8802259158802794,0.0002799778677759,0.8918000000000001,0.0002
15671,1811,dhmix_2085343422065298965,656,EnthalpyOfMixing,<Substance CC(=O)N(C)C{solv}{x=0.511000}|CCCCCl{solv}{x=0.489000}>,CC(=O)N(C)C,CCCCCl,fb-fit-v3-single-mean-k100,2,0.6673569093820362,0.0423003488724985,0.363,0.0025
15672,1812,dhmix_359626193748497849,657,EnthalpyOfMixing,<Substance C1CCOCC1{solv}{x=0.750000}|O=C1CCCCC1{solv}{x=0.250000}>,C1CCOCC1,O=C1CCCCC1,fb-fit-v3-single-mean-k100,2,0.0684094905282108,0.040348395379767,0.07698,0.00069
15673,1813,dhmix_709905971434026360,658,EnthalpyOfMixing,<Substance C1CCOCC1{solv}{x=0.250000}|O=C1CCCCC1{solv}{x=0.750000}>,C1CCOCC1,O=C1CCCCC1,fb-fit-v3-single-mean-k100,2,0.0613448732046677,0.0431471754498833,0.05827,0.00062
15674,1814,dens_996263306280392228,659,Density,<Substance C1CCOCC1{solv}{x=0.500900}|O=C1CCCCC1{solv}{x=0.499100}>,C1CCOCC1,O=C1CCCCC1,fb-fit-v3-single-mean-k100,2,0.909929174916252,0.0001668420103216,0.9160300000000002,0.000505
15675,1815,dens_1296485655493191092,660,Density,<Substance C1CCOCC1{solv}{x=0.247100}|O=C1CCCCC1{solv}{x=0.752900}>,C1CCOCC1,O=C1CCCCC1,fb-fit-v3-single-mean-k100,2,0.9256965898011948,0.0001834260840797,0.9305900000000004,0.000505
15676,1816,dhmix_1617652800437548554,661,EnthalpyOfMixing,<Substance C1CCOCC1{solv}{x=0.500000}|O=C1CCCCC1{solv}{x=0.500000}>,C1CCOCC1,O=C1CCCCC1,fb-fit-v3-single-mean-k100,2,0.2047888986334314,0.0348761812942902,0.08658,0.000725
15677,1817,dens_2134919398794801459,662,Density,<Substance C1CCOCC1{solv}{x=0.738900}|O=C1CCCCC1{solv}{x=0.261100}>,C1CCOCC1,O=C1CCCCC1,fb-fit-v3-single-mean-k100,2,0.8938168517988568,0.0002378893829247,0.9000800000000002,0.000505
15678,1818,dens_371429494256072686,663,Density,<Substance COC=O{solv}{x=0.513800}|ClCCCCl{solv}{x=0.486200}>,COC=O,ClCCCCl,fb-fit-v3-single-mean-k100,2,1.0937270624686102,0.0003480429202699,1.08831,0.00025
15679,1819,dens_416463243686186519,664,Density,<Substance COC=O{solv}{x=0.738400}|ClCCCCl{solv}{x=0.261600}>,COC=O,ClCCCCl,fb-fit-v3-single-mean-k100,2,1.0492386576047692,0.0003476190348267,1.03754,0.0002
15680,1820,dhmix_573570621261992547,665,EnthalpyOfMixing,<Substance COC=O{solv}{x=0.767400}|ClCCCCl{solv}{x=0.232600}>,COC=O,ClCCCCl,fb-fit-v3-single-mean-k100,2,0.5466788786379908,0.0286486236775221,0.2841,0.0015
15681,1821,dens_1665007650151393058,666,Density,<Substance COC=O{solv}{x=0.244000}|ClCCCCl{solv}{x=0.756000}>,COC=O,ClCCCCl,fb-fit-v3-single-mean-k100,2,1.138354165115094,0.0003555963120811,1.1395000000000002,0.0003
15682,1822,dhmix_2050640017895200777,667,EnthalpyOfMixing,<Substance COC=O{solv}{x=0.502400}|ClCCCCl{solv}{x=0.497600}>,COC=O,ClCCCCl,fb-fit-v3-single-mean-k100,2,0.7777034749309255,0.0367374676976278,0.3503,0.00175
15683,1823,dhmix_2121310957223924646,668,EnthalpyOfMixing,<Substance COC=O{solv}{x=0.202400}|ClCCCCl{solv}{x=0.797600}>,COC=O,ClCCCCl,fb-fit-v3-single-mean-k100,2,0.4484425281292985,0.0410874007253731,0.2064,0.0012
15684,1824,dens_380799246642881225,669,Density,<Substance Cc1ccncc1{solv}{x=0.500000}|O{solv}{x=0.500000}>,Cc1ccncc1,O,fb-fit-v3-single-mean-k100,2,0.9574615968875873,0.0002802784283342,0.9704000000000004,0.0005
15685,1825,dens_1024460369591354985,670,Density,<Substance Cc1ccncc1{solv}{x=0.225000}|O{solv}{x=0.775000}>,Cc1ccncc1,O,fb-fit-v3-single-mean-k100,2,0.9621308154018636,0.000404750334017,0.9848000000000002,0.0004
15686,1826,dens_1867704914487230306,671,Density,<Substance Cc1ccncc1{solv}{x=0.750000}|O{solv}{x=0.250000}>,Cc1ccncc1,O,fb-fit-v3-single-mean-k100,2,0.9551890145084452,0.000251841037996,0.9614000000000004,0.0004
15687,1827,dhmix_396839331496923568,672,EnthalpyOfMixing,<Substance CCCOC(=O)CC{solv}{x=0.237600}|ClCCCl{solv}{x=0.762400}>,CCCOC(=O)CC,ClCCCl,fb-fit-v3-single-mean-k100,2,-0.3792387391801171,0.0348910371910511,-0.317,0.0035
15688,1828,dens_1025242301432619836,673,Density,<Substance CCCOC(=O)CC{solv}{x=0.518800}|ClCCCl{solv}{x=0.481200}>,CCCOC(=O)CC,ClCCCl,fb-fit-v3-single-mean-k100,2,1.005998252218908,0.000297240119356,1.0064000000000002,0.000905
15689,1829,dens_1654149510571748883,674,Density,<Substance CCCOC(=O)CC{solv}{x=0.731600}|ClCCCl{solv}{x=0.268400}>,CCCOC(=O)CC,ClCCCl,fb-fit-v3-single-mean-k100,2,0.9424867614671586,0.0002878527354557,0.9416300000000002,0.00041
15690,1830,dens_1804016971158746429,675,Density,<Substance CCCOC(=O)CC{solv}{x=0.243700}|ClCCCl{solv}{x=0.756300}>,CCCOC(=O)CC,ClCCCl,fb-fit-v3-single-mean-k100,2,1.1096812536908838,0.0003747515336208,1.11431,0.002155
15691,1831,dhmix_1840109043188951916,676,EnthalpyOfMixing,<Substance CCCOC(=O)CC{solv}{x=0.517700}|ClCCCl{solv}{x=0.482300}>,CCCOC(=O)CC,ClCCCl,fb-fit-v3-single-mean-k100,2,-0.3894780446477099,0.0285322971464314,-0.557,0.006
15692,1832,dhmix_1924188358781329171,677,EnthalpyOfMixing,<Substance CCCOC(=O)CC{solv}{x=0.787400}|ClCCCl{solv}{x=0.212600}>,CCCOC(=O)CC,ClCCCl,fb-fit-v3-single-mean-k100,2,-0.2223639467882847,0.049849471080265,-0.357,0.004
15693,1833,dhmix_408170436877433675,678,EnthalpyOfMixing,<Substance CCCCC{solv}{x=0.229800}|CCOC=O{solv}{x=0.770200}>,CCCCC,CCOC=O,fb-fit-v3-single-mean-k100,2,1.1997040458876,0.0403989322487029,1.016,0.0045
15694,1834,dens_1159257310358090227,679,Density,<Substance CCCCC{solv}{x=0.748000}|CCOC=O{solv}{x=0.252000}>,CCCCC,CCOC=O,fb-fit-v3-single-mean-k100,2,0.6731763718846739,0.0002686831482551,0.6707000000000002,0.000165
15695,1835,dhmix_1897634982824334825,680,EnthalpyOfMixing,<Substance CCCCC{solv}{x=0.500100}|CCOC=O{solv}{x=0.499900}>,CCCCC,CCOC=O,fb-fit-v3-single-mean-k100,2,1.7183461584444617,0.0361027625738401,1.354,0.0055
15696,1836,dens_1931965346092446599,681,Density,<Substance CCCCC{solv}{x=0.504000}|CCOC=O{solv}{x=0.496000}>,CCCCC,CCOC=O,fb-fit-v3-single-mean-k100,2,0.7419486650315418,0.0002756172175469,0.7333000000000002,0.00024
15697,1837,dens_2086304425324215507,682,Density,<Substance CCCCC{solv}{x=0.298000}|CCOC=O{solv}{x=0.702000}>,CCCCC,CCOC=O,fb-fit-v3-single-mean-k100,2,0.8113436261359884,0.0002687179041723,0.7971000000000003,0.000345
15698,1838,dhmix_2117998354372981576,683,EnthalpyOfMixing,<Substance CCCCC{solv}{x=0.777900}|CCOC=O{solv}{x=0.222100}>,CCCCC,CCOC=O,fb-fit-v3-single-mean-k100,2,1.4552285520162656,0.0404456453807868,1.051,0.0045
15699,1839,dens_415189671276159712,684,Density,<Substance NCCO{solv}{x=0.785350}|c1ccncc1{solv}{x=0.214650}>,NCCO,c1ccncc1,fb-fit-v3-single-mean-k100,2,1.037402510686415,0.0002843997244557,1.002592,0.000101
15700,1840,dhmix_607563797490786343,685,EnthalpyOfMixing,<Substance NCCO{solv}{x=0.559360}|c1ccncc1{solv}{x=0.440640}>,NCCO,c1ccncc1,fb-fit-v3-single-mean-k100,2,1.0605138632334246,0.0378393203352036,0.824,0.0035
15701,1841,dhmix_783614050589043390,686,EnthalpyOfMixing,<Substance NCCO{solv}{x=0.248120}|c1ccncc1{solv}{x=0.751880}>,NCCO,c1ccncc1,fb-fit-v3-single-mean-k100,2,1.0020413819457614,0.0390389880945186,0.779,0.0035
15702,1842,dens_907288549206652702,687,Density,<Substance NCCO{solv}{x=0.558640}|c1ccncc1{solv}{x=0.441360}>,NCCO,c1ccncc1,fb-fit-v3-single-mean-k100,2,1.0168695534429777,0.0002235369452178,0.9936870000000002,0.0001015
15703,1843,dhmix_1092036220949585875,688,EnthalpyOfMixing,<Substance NCCO{solv}{x=0.746780}|c1ccncc1{solv}{x=0.253220}>,NCCO,c1ccncc1,fb-fit-v3-single-mean-k100,2,0.6838193037871747,0.0389761642682537,0.612,0.003
15704,1844,dens_2278246591298089898,689,Density,<Substance NCCO{solv}{x=0.210010}|c1ccncc1{solv}{x=0.789990}>,NCCO,c1ccncc1,fb-fit-v3-single-mean-k100,2,0.99176866654304,0.0001833036633933,0.9825660000000004,0.0001015
15705,1845,dens_419188249264987147,690,Density,<Substance CCCCC(=O)OCC{solv}{x=0.492100}|CCOC(C)=O{solv}{x=0.507900}>,CCCCC(=O)OCC,CCOC(C)=O,fb-fit-v3-single-mean-k100,2,0.8885895022697139,0.0002272517914395,0.8787300000000002,0.00012
15706,1846,dens_667714041205021070,691,Density,<Substance CCCCC(=O)OCC{solv}{x=0.304700}|CCOC(C)=O{solv}{x=0.695300}>,CCCCC(=O)OCC,CCOC(C)=O,fb-fit-v3-single-mean-k100,2,0.8947223632481968,0.0002314140670224,0.8836400000000002,0.00012
15707,1847,dhmix_1137774316856842141,692,EnthalpyOfMixing,<Substance CCCCC(=O)OCC{solv}{x=0.737600}|CCOC(C)=O{solv}{x=0.262400}>,CCCCC(=O)OCC,CCOC(C)=O,fb-fit-v3-single-mean-k100,2,0.0956878754307597,0.0477699262476575,0.114,0.0015
15708,1848,dhmix_1322441082145072072,693,EnthalpyOfMixing,<Substance CCCCC(=O)OCC{solv}{x=0.279900}|CCOC(C)=O{solv}{x=0.720100}>,CCCCC(=O)OCC,CCOC(C)=O,fb-fit-v3-single-mean-k100,2,0.1200681803271237,0.0453493886078914,0.139,0.0015
15709,1849,dens_1682638395920841051,694,Density,<Substance CCCCC(=O)OCC{solv}{x=0.752600}|CCOC(C)=O{solv}{x=0.247400}>,CCCCC(=O)OCC,CCOC(C)=O,fb-fit-v3-single-mean-k100,2,0.881930086603467,0.0002295419754578,0.8732900000000001,0.00012
15710,1850,dhmix_2161842751879945948,695,EnthalpyOfMixing,<Substance CCCCC(=O)OCC{solv}{x=0.519800}|CCOC(C)=O{solv}{x=0.480200}>,CCCCC(=O)OCC,CCOC(C)=O,fb-fit-v3-single-mean-k100,2,-0.0028327178309179,0.0449402103045659,0.154,0.002
15711,1851,dhmix_419593950323214290,696,EnthalpyOfMixing,<Substance CCCCCC(C)=O{solv}{x=0.780400}|CCN(CC)CC{solv}{x=0.219600}>,CCCCCC(C)=O,CCN(CC)CC,fb-fit-v3-single-mean-k100,2,0.0497249876750913,0.0470184399959092,0.216,0.0025
15712,1852,dens_651921010645567431,697,Density,<Substance CCCCCC(C)=O{solv}{x=0.259800}|CCN(CC)CC{solv}{x=0.740200}>,CCCCCC(C)=O,CCN(CC)CC,fb-fit-v3-single-mean-k100,2,0.7587662217060088,0.0001989349045817,0.7465820000000002,8.950000000000002e-05
15713,1853,dens_995831511901627711,698,Density,<Substance CCCCCC(C)=O{solv}{x=0.748400}|CCN(CC)CC{solv}{x=0.251600}>,CCCCCC(C)=O,CCN(CC)CC,fb-fit-v3-single-mean-k100,2,0.7963699241642357,0.0001305898252029,0.7899410000000002,0.0001055
15714,1854,dhmix_1001984601109558110,699,EnthalpyOfMixing,<Substance CCCCCC(C)=O{solv}{x=0.492000}|CCN(CC)CC{solv}{x=0.508000}>,CCCCCC(C)=O,CCN(CC)CC,fb-fit-v3-single-mean-k100,2,0.2522071798842162,0.0495933946947876,0.419,0.0045
15715,1855,dens_1887829851815986883,700,Density,<Substance CCCCCC(C)=O{solv}{x=0.503200}|CCN(CC)CC{solv}{x=0.496800}>,CCCCCC(C)=O,CCN(CC)CC,fb-fit-v3-single-mean-k100,2,0.7773320909569224,0.0001851628564976,0.7684760000000002,9.800000000000002e-05
15716,1856,dhmix_2085744568401562111,701,EnthalpyOfMixing,<Substance CCCCCC(C)=O{solv}{x=0.293900}|CCN(CC)CC{solv}{x=0.706100}>,CCCCCC(C)=O,CCN(CC)CC,fb-fit-v3-single-mean-k100,2,0.168398824756828,0.0501308033199393,0.412,0.0045
15717,1857,dens_436049638479549968,702,Density,<Substance COC=O{solv}{x=0.472500}|ClCCCl{solv}{x=0.527500}>,COC=O,ClCCCl,fb-fit-v3-single-mean-k100,2,1.1303158790211227,0.0003700278912281,1.1269600000000004,0.000285
15718,1858,dens_627145458965592302,703,Density,<Substance COC=O{solv}{x=0.753000}|ClCCCl{solv}{x=0.247000}>,COC=O,ClCCCl,fb-fit-v3-single-mean-k100,2,1.0585950107089954,0.0003545457531057,1.0461600000000004,0.000205
15719,1859,dhmix_731680623269260416,704,EnthalpyOfMixing,<Substance COC=O{solv}{x=0.250800}|ClCCCl{solv}{x=0.749200}>,COC=O,ClCCCl,fb-fit-v3-single-mean-k100,2,0.4017524017932743,0.0333790754256664,0.0793,0.0007
15720,1860,dens_1488543630772933598,705,Density,<Substance COC=O{solv}{x=0.279500}|ClCCCl{solv}{x=0.720500}>,COC=O,ClCCCl,fb-fit-v3-single-mean-k100,2,1.1748804498053251,0.0004221588524108,1.1777100000000005,0.00034
15721,1861,dhmix_2170321998768851974,706,EnthalpyOfMixing,<Substance COC=O{solv}{x=0.732200}|ClCCCl{solv}{x=0.267800}>,COC=O,ClCCCl,fb-fit-v3-single-mean-k100,2,0.3843478168840032,0.0269602760314327,0.0733,0.00065
15722,1862,dhmix_2249001225536869896,707,EnthalpyOfMixing,<Substance COC=O{solv}{x=0.487400}|ClCCCl{solv}{x=0.512600}>,COC=O,ClCCCl,fb-fit-v3-single-mean-k100,2,0.4543965760700361,0.0287850136406353,0.1028,0.0008
15723,1863,dhmix_442816374747487477,708,EnthalpyOfMixing,<Substance NCCCNCCCN{solv}{x=0.801500}|O{solv}{x=0.198500}>,NCCCNCCCN,O,fb-fit-v3-single-mean-k100,2,-2.336507522299875,0.0848202348451428,-2.233,0.024
15724,1864,dhmix_1795382205757805615,709,EnthalpyOfMixing,<Substance NCCCNCCCN{solv}{x=0.300500}|O{solv}{x=0.699500}>,NCCCNCCCN,O,fb-fit-v3-single-mean-k100,2,-4.796182861516833,0.0414136813411401,-6.588,0.07
15725,1865,dhmix_1814950732748396893,710,EnthalpyOfMixing,<Substance NCCCNCCCN{solv}{x=0.499800}|O{solv}{x=0.500200}>,NCCCNCCCN,O,fb-fit-v3-single-mean-k100,2,-4.127420721939064,0.0478912594895539,-5.544,0.059
15726,1866,dhmix_446869196417408130,711,EnthalpyOfMixing,<Substance NCCNCCO{solv}{x=0.770000}|O{solv}{x=0.230000}>,NCCNCCO,O,fb-fit-v3-single-mean-k100,2,-1.908467143282948,0.0430046924960179,-1.711,0.035
15727,1867,dhmix_673839467313503071,712,EnthalpyOfMixing,<Substance NCCNCCO{solv}{x=0.069900}|O{solv}{x=0.930100}>,NCCNCCO,O,fb-fit-v3-single-mean-k100,2,-0.7472796476070407,0.0248949130013538,-1.713,0.035
15728,1868,dens_688094438561771555,713,Density,<Substance NCCNCCO{solv}{x=0.799700}|O{solv}{x=0.200300}>,NCCNCCO,O,fb-fit-v3-single-mean-k100,2,1.0872321803182154,0.0002449979558587,1.0318300000000002,0.00024
15729,1869,dhmix_1682883323293489147,714,EnthalpyOfMixing,<Substance NCCNCCO{solv}{x=0.400100}|O{solv}{x=0.599900}>,NCCNCCO,O,fb-fit-v3-single-mean-k100,2,-2.2716016142444104,0.0277076450368113,-4.15,0.0845
15730,1870,dens_2045176885611624977,715,Density,<Substance NCCNCCO{solv}{x=0.070000}|O{solv}{x=0.930000}>,NCCNCCO,O,fb-fit-v3-single-mean-k100,2,1.0217883242053187,0.0004609789733327,1.0222800000000003,0.000125
15731,1871,dens_2280714043292214506,716,Density,<Substance NCCNCCO{solv}{x=0.399700}|O{solv}{x=0.600300}>,NCCNCCO,O,fb-fit-v3-single-mean-k100,2,1.064017426342377,0.0002578594765695,1.0370100000000002,0.00017
15732,1872,dens_448105363780466270,717,Density,<Substance CCCCCCCl{solv}{x=0.498300}|CN(C)C=O{solv}{x=0.501700}>,CCCCCCCl,CN(C)C=O,fb-fit-v3-single-mean-k100,2,0.8925482239784029,0.0002316259132934,0.8974000000000002,0.0003
15733,1873,dens_1134260732394863277,718,Density,<Substance CCCCCCCl{solv}{x=0.729300}|CN(C)C=O{solv}{x=0.270700}>,CCCCCCCl,CN(C)C=O,fb-fit-v3-single-mean-k100,2,0.883414598093148,0.0002330958670681,0.8844000000000002,0.0003
15734,1874,dhmix_1150917243327149472,719,EnthalpyOfMixing,<Substance CCCCCCCl{solv}{x=0.500000}|CN(C)C=O{solv}{x=0.500000}>,CCCCCCCl,CN(C)C=O,fb-fit-v3-single-mean-k100,2,1.2939397274532496,0.0340806239748501,0.847,0.004
15735,1875,dhmix_1166656674614639609,720,EnthalpyOfMixing,<Substance CCCCCCCl{solv}{x=0.204000}|CN(C)C=O{solv}{x=0.796000}>,CCCCCCCl,CN(C)C=O,fb-fit-v3-single-mean-k100,2,0.8578017938148577,0.0389694363321992,0.583,0.004
15736,1876,dhmix_1262474968830454367,721,EnthalpyOfMixing,<Substance CCCCCCCl{solv}{x=0.795000}|CN(C)C=O{solv}{x=0.205000}>,CCCCCCCl,CN(C)C=O,fb-fit-v3-single-mean-k100,2,0.7886479767444712,0.0449260599644775,0.542,0.0035
15737,1877,dens_1862934255267356180,722,Density,<Substance CCCCCCCl{solv}{x=0.200700}|CN(C)C=O{solv}{x=0.799300}>,CCCCCCCl,CN(C)C=O,fb-fit-v3-single-mean-k100,2,0.9098806131989872,0.0002387938151796,0.9218000000000002,0.00025
15738,1878,dhmix_457000181442392641,723,EnthalpyOfMixing,<Substance CCOCCO{solv}{x=0.241100}|c1ccccc1{solv}{x=0.758900}>,CCOCCO,c1ccccc1,fb-fit-v3-single-mean-k100,2,0.8701753172090179,0.0383964517571455,0.6303,0.00815
15739,1879,dhmix_501726034520661035,724,EnthalpyOfMixing,<Substance CCOCCO{solv}{x=0.733600}|c1ccccc1{solv}{x=0.266400}>,CCOCCO,c1ccccc1,fb-fit-v3-single-mean-k100,2,0.3776825015914795,0.0382972920071225,0.2326,0.0033
15740,1880,dens_577983044895299238,725,Density,<Substance CCOCCO{solv}{x=0.251800}|c1ccccc1{solv}{x=0.748200}>,CCOCCO,c1ccccc1,fb-fit-v3-single-mean-k100,2,0.8944139461567043,0.0002078963401091,0.8849000000000002,0.00081
15741,1881,dens_1506946378386070831,726,Density,<Substance CCOCCO{solv}{x=0.750800}|c1ccccc1{solv}{x=0.249200}>,CCOCCO,c1ccccc1,fb-fit-v3-single-mean-k100,2,0.912213165906745,0.000223287495346,0.9134500000000004,0.000685
15742,1882,dhmix_1801594081157333975,727,EnthalpyOfMixing,<Substance CCOCCO{solv}{x=0.478600}|c1ccccc1{solv}{x=0.521400}>,CCOCCO,c1ccccc1,fb-fit-v3-single-mean-k100,2,0.7480314215469122,0.0318796654743611,0.4912,0.00645
15743,1883,dens_2128846755225827916,728,Density,<Substance CCOCCO{solv}{x=0.504800}|c1ccccc1{solv}{x=0.495200}>,CCOCCO,c1ccccc1,fb-fit-v3-single-mean-k100,2,0.9024816577900712,0.0002252618421001,0.8995700000000003,0.000745
15744,1884,dhmix_466383569529620932,729,EnthalpyOfMixing,<Substance CC(=O)N(C)C{solv}{x=0.505000}|CCCCCCCl{solv}{x=0.495000}>,CC(=O)N(C)C,CCCCCCCl,fb-fit-v3-single-mean-k100,2,0.8662791328546788,0.0435176085097625,0.61,0.003
15745,1885,dhmix_493694362228351572,730,EnthalpyOfMixing,<Substance CC(=O)N(C)C{solv}{x=0.798000}|CCCCCCCl{solv}{x=0.202000}>,CC(=O)N(C)C,CCCCCCCl,fb-fit-v3-single-mean-k100,2,0.5724505419909853,0.0415996225956376,0.425,0.003
15746,1886,dhmix_626564461179097700,731,EnthalpyOfMixing,<Substance CC(=O)N(C)C{solv}{x=0.211000}|CCCCCCCl{solv}{x=0.789000}>,CC(=O)N(C)C,CCCCCCCl,fb-fit-v3-single-mean-k100,2,0.6337347150961108,0.0455142411887528,0.38,0.003
15747,1887,dens_1720641323575133011,732,Density,<Substance CC(=O)N(C)C{solv}{x=0.200300}|CCCCCCCl{solv}{x=0.799700}>,CC(=O)N(C)C,CCCCCCCl,fb-fit-v3-single-mean-k100,2,0.8791149022257334,0.0002218718867771,0.8816000000000003,0.00025
15748,1888,dens_1817345990638851984,733,Density,<Substance CC(=O)N(C)C{solv}{x=0.503000}|CCCCCCCl{solv}{x=0.497000}>,CC(=O)N(C)C,CCCCCCCl,fb-fit-v3-single-mean-k100,2,0.8890368131301534,0.0002253336465636,0.8975000000000002,0.00025
15749,1889,dens_1885054129776339889,734,Density,<Substance CC(=O)N(C)C{solv}{x=0.699200}|CCCCCCCl{solv}{x=0.300800}>,CC(=O)N(C)C,CCCCCCCl,fb-fit-v3-single-mean-k100,2,0.8964474448965083,0.0001996160148648,0.9104000000000002,0.0002
15750,1890,dens_468507243072548580,735,Density,<Substance CCC#N{solv}{x=0.701200}|CCOC(C)(C)CC{solv}{x=0.298800}>,CCC#N,CCOC(C)(C)CC,fb-fit-v3-single-mean-k100,2,0.7658853053842484,0.0002374315887456,0.7715000000000002,0.0004
15751,1891,dhmix_553135124490085656,736,EnthalpyOfMixing,<Substance CCC#N{solv}{x=0.502500}|CCOC(C)(C)CC{solv}{x=0.497500}>,CCC#N,CCOC(C)(C)CC,fb-fit-v3-single-mean-k100,2,0.2306553638946198,0.037485545912315,0.7023,0.00955
15752,1892,dens_762108332272225600,737,Density,<Substance CCC#N{solv}{x=0.502500}|CCOC(C)(C)CC{solv}{x=0.497500}>,CCC#N,CCOC(C)(C)CC,fb-fit-v3-single-mean-k100,2,0.7657972101700945,0.0002291967259903,0.7683000000000001,0.00035
15753,1893,dens_967634241844220739,738,Density,<Substance CCC#N{solv}{x=0.200900}|CCOC(C)(C)CC{solv}{x=0.799100}>,CCC#N,CCOC(C)(C)CC,fb-fit-v3-single-mean-k100,2,0.7637593578571671,0.0002183787514828,0.7638000000000001,0.00025
15754,1894,dhmix_1961082112686431376,739,EnthalpyOfMixing,<Substance CCC#N{solv}{x=0.200900}|CCOC(C)(C)CC{solv}{x=0.799100}>,CCC#N,CCOC(C)(C)CC,fb-fit-v3-single-mean-k100,2,0.1980181156748628,0.0447339445659363,0.502,0.00685
15755,1895,dhmix_2005765786246998093,740,EnthalpyOfMixing,<Substance CCC#N{solv}{x=0.701200}|CCOC(C)(C)CC{solv}{x=0.298800}>,CCC#N,CCOC(C)(C)CC,fb-fit-v3-single-mean-k100,2,0.212321978306214,0.0345010956524251,0.5863,0.008
15756,1896,dhmix_471514663464011364,741,EnthalpyOfMixing,<Substance C1CCOCC1{solv}{x=0.722000}|CCCCCO{solv}{x=0.278000}>,C1CCOCC1,CCCCCO,fb-fit-v3-single-mean-k100,2,1.0789945097582034,0.0419688800237534,0.8628,0.00745
15757,1897,dens_910343796235321484,742,Density,<Substance C1CCOCC1{solv}{x=0.298700}|CCCCCO{solv}{x=0.701300}>,C1CCOCC1,CCCCCO,fb-fit-v3-single-mean-k100,2,0.8329430082343859,0.0002516126736948,0.8293300000000002,0.00034
15758,1898,dens_1812069868432416079,743,Density,<Substance C1CCOCC1{solv}{x=0.800000}|CCCCCO{solv}{x=0.200000}>,C1CCOCC1,CCCCCO,fb-fit-v3-single-mean-k100,2,0.8610203408765885,0.000255419348385,0.8635900000000002,0.000315
15759,1899,dhmix_1936206883965149188,744,EnthalpyOfMixing,<Substance C1CCOCC1{solv}{x=0.526000}|CCCCCO{solv}{x=0.474000}>,C1CCOCC1,CCCCCO,fb-fit-v3-single-mean-k100,2,1.1938185654679003,0.0426099870659732,0.97,0.00615
15760,1900,dhmix_1992318015190346725,745,EnthalpyOfMixing,<Substance C1CCOCC1{solv}{x=0.217000}|CCCCCO{solv}{x=0.783000}>,C1CCOCC1,CCCCCO,fb-fit-v3-single-mean-k100,2,0.6258393110458158,0.0431009448110507,0.6006,0.00455
15761,1901,dens_2204330198012032768,746,Density,<Substance C1CCOCC1{solv}{x=0.499400}|CCCCCO{solv}{x=0.500600}>,C1CCOCC1,CCCCCO,fb-fit-v3-single-mean-k100,2,0.8431438993837594,0.0002053937135518,0.8425400000000002,0.00033
15762,1902,dhmix_472822428299818953,747,EnthalpyOfMixing,<Substance CC(C)CC(C)(C)C{solv}{x=0.700500}|CCCCO{solv}{x=0.299500}>,CC(C)CC(C)(C)C,CCCCO,fb-fit-v3-single-mean-k100,2,0.5648891314356916,0.0521313739809018,0.6228,0.0028
15763,1903,dhmix_628387028768654403,748,EnthalpyOfMixing,<Substance CC(C)CC(C)(C)C{solv}{x=0.499900}|CCCCO{solv}{x=0.500100}>,CC(C)CC(C)(C)C,CCCCO,fb-fit-v3-single-mean-k100,2,0.4757113255530356,0.0440636032351429,0.5938,0.0027
15764,1904,dens_631668933678639865,749,Density,<Substance CC(C)CC(C)(C)C{solv}{x=0.200000}|CCCCO{solv}{x=0.800000}>,CC(C)CC(C)(C)C,CCCCO,fb-fit-v3-single-mean-k100,2,0.7819289696904925,0.0002353795340148,0.7696800000000001,0.000295
15765,1905,dens_1394470087977586253,750,Density,<Substance CC(C)CC(C)(C)C{solv}{x=0.500000}|CCCCO{solv}{x=0.500000}>,CC(C)CC(C)(C)C,CCCCO,fb-fit-v3-single-mean-k100,2,0.7498119980188083,0.0002097885041328,0.7294000000000002,0.000285
15766,1906,dens_1809610870413503056,751,Density,<Substance CC(C)CC(C)(C)C{solv}{x=0.699900}|CCCCO{solv}{x=0.300100}>,CC(C)CC(C)(C)C,CCCCO,fb-fit-v3-single-mean-k100,2,0.7340665397730363,0.0002197331143907,0.7097700000000001,0.000285
15767,1907,dhmix_2302589146189152767,752,EnthalpyOfMixing,<Substance CC(C)CC(C)(C)C{solv}{x=0.200200}|CCCCO{solv}{x=0.799800}>,CC(C)CC(C)(C)C,CCCCO,fb-fit-v3-single-mean-k100,2,0.2586284930052187,0.0398962362137229,0.27646,0.003235
15768,1908,dens_486902622078179007,753,Density,<Substance COC=O{solv}{x=0.494600}|CO{solv}{x=0.505400}>,CO,COC=O,fb-fit-v3-single-mean-k100,2,0.897635881246563,0.0004142630448883,0.8956100000000002,7.500000000000002e-05
15769,1909,dens_750646162221180186,754,Density,<Substance COC=O{solv}{x=0.083300}|CO{solv}{x=0.916700}>,CO,COC=O,fb-fit-v3-single-mean-k100,2,0.792674386245405,0.0003977555597003,0.8088000000000002,9.000000000000002e-05
15770,1910,dhmix_1113631207235753369,755,EnthalpyOfMixing,<Substance COC=O{solv}{x=0.717800}|CO{solv}{x=0.282200}>,CO,COC=O,fb-fit-v3-single-mean-k100,2,0.9306695786429512,0.0294848854982802,1.105,0.012
15771,1911,dhmix_2143911117683117531,756,EnthalpyOfMixing,<Substance COC=O{solv}{x=0.512700}|CO{solv}{x=0.487300}>,CO,COC=O,fb-fit-v3-single-mean-k100,2,1.1104255624957498,0.0305350412788847,1.179,0.0125
15772,1912,dens_2148324189014877510,757,Density,<Substance COC=O{solv}{x=0.727100}|CO{solv}{x=0.272900}>,CO,COC=O,fb-fit-v3-single-mean-k100,2,0.941813004893564,0.0003566982875135,0.9321000000000004,8.000000000000002e-05
15773,1913,dhmix_2205254965267695203,758,EnthalpyOfMixing,<Substance COC=O{solv}{x=0.083300}|CO{solv}{x=0.916700}>,CO,COC=O,fb-fit-v3-single-mean-k100,2,0.3580149579206111,0.0306361953372959,0.311,0.0035
15774,1914,dhmix_497300242003673148,759,EnthalpyOfMixing,<Substance BrCCBr{solv}{x=0.284100}|CCCCOC(=O)CCC{solv}{x=0.715900}>,BrCCBr,CCCCOC(=O)CCC,fb-fit-v3-single-mean-k100,2,-0.4948919519837886,0.0515846737046562,-0.054,0.001
15775,1915,dhmix_712261179736749495,760,EnthalpyOfMixing,<Substance BrCCBr{solv}{x=0.515300}|CCCCOC(=O)CCC{solv}{x=0.484700}>,BrCCBr,CCCCOC(=O)CCC,fb-fit-v3-single-mean-k100,2,-0.6816135267271513,0.0431253162404236,-0.027,0.0005
15776,1916,dens_846614854165535724,761,Density,<Substance BrCCBr{solv}{x=0.212900}|CCCCOC(=O)CCC{solv}{x=0.787100}>,BrCCBr,CCCCOC(=O)CCC,fb-fit-v3-single-mean-k100,2,1.027204249807204,0.0002317899709636,1.0245500000000003,0.00013
15777,1917,dens_1085110183353279404,762,Density,<Substance BrCCBr{solv}{x=0.730000}|CCCCOC(=O)CCC{solv}{x=0.270000}>,BrCCBr,CCCCOC(=O)CCC,fb-fit-v3-single-mean-k100,2,1.6077858677392147,0.0004097940094383,1.6231500000000003,0.000405
15778,1918,dhmix_2153957437015117204,763,EnthalpyOfMixing,<Substance BrCCBr{solv}{x=0.763900}|CCCCOC(=O)CCC{solv}{x=0.236100}>,BrCCBr,CCCCOC(=O)CCC,fb-fit-v3-single-mean-k100,2,-0.5231683290915932,0.0308804456156217,0.051,0.001
15779,1919,dens_2242615301342819560,764,Density,<Substance BrCCBr{solv}{x=0.449300}|CCCCOC(=O)CCC{solv}{x=0.550700}>,BrCCBr,CCCCOC(=O)CCC,fb-fit-v3-single-mean-k100,2,1.249760267734848,0.0003155283562091,1.2506100000000002,0.000225
15780,1920,dens_501060706627477242,765,Density,<Substance OC1=NCCC1{solv}{x=0.500000}|O{solv}{x=0.500000}>,O,OC1=NCCC1,fb-fit-v3-single-mean-k100,2,1.0533313512187013,0.0002442047300535,1.0977070000000004,0.0005555
15781,1921,dens_929065521104254808,766,Density,<Substance OC1=NCCC1{solv}{x=0.744800}|O{solv}{x=0.255200}>,O,OC1=NCCC1,fb-fit-v3-single-mean-k100,2,1.0619426337812523,0.0003299441770077,1.1044310000000004,0.000577
15782,1922,dhmix_1128968771311392860,767,EnthalpyOfMixing,<Substance OC1=NCCC1{solv}{x=0.769300}|O{solv}{x=0.230700}>,O,OC1=NCCC1,fb-fit-v3-single-mean-k100,2,0.7757847522056096,0.0358039589167427,-0.678,0.1695
15783,1923,dens_1192491633684345401,768,Density,<Substance OC1=NCCC1{solv}{x=0.246800}|O{solv}{x=0.753200}>,O,OC1=NCCC1,fb-fit-v3-single-mean-k100,2,1.035665469553322,0.000416051662276,1.077068,0.0004905
15784,1924,dhmix_1775375132531538271,769,EnthalpyOfMixing,<Substance OC1=NCCC1{solv}{x=0.478300}|O{solv}{x=0.521700}>,O,OC1=NCCC1,fb-fit-v3-single-mean-k100,2,0.7787006042415356,0.0295844813310223,-0.8384,0.20965
15785,1925,dhmix_1895825007089845103,770,EnthalpyOfMixing,<Substance OC1=NCCC1{solv}{x=0.231900}|O{solv}{x=0.768100}>,O,OC1=NCCC1,fb-fit-v3-single-mean-k100,2,0.5981232489833346,0.0254540089061983,-0.5238,0.13095
15786,1926,dens_502738970558558534,771,Density,<Substance BrCCBr{solv}{x=0.749000}|COC=O{solv}{x=0.251000}>,BrCCBr,COC=O,fb-fit-v3-single-mean-k100,2,1.89369980127526,0.0004853770104848,1.9319600000000008,0.003535
15787,1927,dhmix_523129341332875255,772,EnthalpyOfMixing,<Substance BrCCBr{solv}{x=0.059500}|COC=O{solv}{x=0.940500}>,BrCCBr,COC=O,fb-fit-v3-single-mean-k100,2,0.2255171004826968,0.0290224994640324,0.1715,0.00215
15788,1928,dens_528986974844153101,773,Density,<Substance BrCCBr{solv}{x=0.059800}|COC=O{solv}{x=0.940200}>,BrCCBr,COC=O,fb-fit-v3-single-mean-k100,2,1.0810030998242932,0.0003746315408749,1.06428,0.00056
15789,1929,dhmix_1521152703631810888,774,EnthalpyOfMixing,<Substance BrCCBr{solv}{x=0.757400}|COC=O{solv}{x=0.242600}>,BrCCBr,COC=O,fb-fit-v3-single-mean-k100,2,0.6066766068701481,0.0271203995385693,0.653,0.00585
15790,1930,dhmix_1685647138770344206,775,EnthalpyOfMixing,<Substance BrCCBr{solv}{x=0.528100}|COC=O{solv}{x=0.471900}>,BrCCBr,COC=O,fb-fit-v3-single-mean-k100,2,0.7395530206547334,0.0254419687724566,0.8123,0.00705
15791,1931,dens_1945150067923572864,776,Density,<Substance BrCCBr{solv}{x=0.501500}|COC=O{solv}{x=0.498500}>,BrCCBr,COC=O,fb-fit-v3-single-mean-k100,2,1.649664900050038,0.0005049291025809,1.6620300000000003,0.00232
15792,1932,dens_511283508189056955,777,Density,<Substance CCO{solv}{x=0.291400}|CN(C)CCO{solv}{x=0.708600}>,CCO,CN(C)CCO,fb-fit-v3-single-mean-k100,2,0.8867010307334733,0.0002331095038286,0.8710100000000002,0.000165
15793,1933,dhmix_1055456388735168345,778,EnthalpyOfMixing,<Substance CCO{solv}{x=0.508400}|CN(C)CCO{solv}{x=0.491600}>,CCO,CN(C)CCO,fb-fit-v3-single-mean-k100,2,-0.6910968546360721,0.0344730126693166,-0.4044,0.0044
15794,1934,dens_1119930253414624267,779,Density,<Substance CCO{solv}{x=0.699500}|CN(C)CCO{solv}{x=0.300500}>,CCO,CN(C)CCO,fb-fit-v3-single-mean-k100,2,0.8443182734002678,0.0002399490489494,0.8345000000000002,0.000135
15795,1935,dhmix_1132835222292135012,780,EnthalpyOfMixing,<Substance CCO{solv}{x=0.268600}|CN(C)CCO{solv}{x=0.731400}>,CCO,CN(C)CCO,fb-fit-v3-single-mean-k100,2,-0.5058483472691933,0.0402398846305636,-0.2783,0.0031
15796,1936,dens_1964926738263319597,781,Density,<Substance CCO{solv}{x=0.494900}|CN(C)CCO{solv}{x=0.505100}>,CCO,CN(C)CCO,fb-fit-v3-single-mean-k100,2,0.8694259259589853,0.0002508397243325,0.8566200000000002,0.00015
15797,1937,dhmix_2011138895468245368,782,EnthalpyOfMixing,<Substance CCO{solv}{x=0.733500}|CN(C)CCO{solv}{x=0.266500}>,CCO,CN(C)CCO,fb-fit-v3-single-mean-k100,2,-0.6424365405497312,0.0341591031856185,-0.3657,0.004
15798,1938,dhmix_517287783481256565,783,EnthalpyOfMixing,<Substance CN(C)C=O{solv}{x=0.701000}|ClCCCCCl{solv}{x=0.299000}>,CN(C)C=O,ClCCCCCl,fb-fit-v3-single-mean-k100,2,0.3517767410037464,0.029556565118435,-0.052,0.002
15799,1939,dens_765057686797526715,784,Density,<Substance CN(C)C=O{solv}{x=0.794300}|ClCCCCCl{solv}{x=0.205700}>,CN(C)C=O,ClCCCCCl,fb-fit-v3-single-mean-k100,2,0.980725346449032,0.0002628655354774,0.9934000000000002,0.00245
15800,1940,dens_1092490027864410415,785,Density,<Substance CN(C)C=O{solv}{x=0.502200}|ClCCCCCl{solv}{x=0.497800}>,CN(C)C=O,ClCCCCCl,fb-fit-v3-single-mean-k100,2,1.0456380548272093,0.0001896347419078,1.0524000000000004,0.0022
15801,1941,dens_1571926938169630329,786,Density,<Substance CN(C)C=O{solv}{x=0.299400}|ClCCCCCl{solv}{x=0.700600}>,CN(C)C=O,ClCCCCCl,fb-fit-v3-single-mean-k100,2,1.0840561657237553,0.0002969264523444,1.0879000000000003,0.0021
15802,1942,dhmix_1989422051580285053,787,EnthalpyOfMixing,<Substance CN(C)C=O{solv}{x=0.501000}|ClCCCCCl{solv}{x=0.499000}>,CN(C)C=O,ClCCCCCl,fb-fit-v3-single-mean-k100,2,0.5122893630264826,0.0368366784406953,-0.056,0.002
15803,1943,dhmix_2190775305913174779,788,EnthalpyOfMixing,<Substance CN(C)C=O{solv}{x=0.204000}|ClCCCCCl{solv}{x=0.796000}>,CN(C)C=O,ClCCCCCl,fb-fit-v3-single-mean-k100,2,0.272549318064442,0.0342538020962698,-0.039,0.002
15804,1944,dens_518199256039095036,789,Density,<Substance CCCCO{solv}{x=0.496400}|NCCN{solv}{x=0.503600}>,CCCCO,NCCN,fb-fit-v3-single-mean-k100,2,0.8821571892600266,0.0002633740612044,0.8519430000000002,0.000219
15805,1945,dens_866492593379488722,790,Density,<Substance CCCCO{solv}{x=0.739800}|NCCN{solv}{x=0.260200}>,CCCCO,NCCN,fb-fit-v3-single-mean-k100,2,0.8434513072446244,0.0002145502714553,0.8325090000000002,0.000221
15806,1946,dens_2064365769538781360,791,Density,<Substance CCCCO{solv}{x=0.291900}|NCCN{solv}{x=0.708100}>,CCCCO,NCCN,fb-fit-v3-single-mean-k100,2,0.920214292345589,0.0002832367975981,0.8676960000000002,0.0002205
15807,1947,dens_520201021244222151,792,Density,<Substance O=C1CCCO1{solv}{x=0.300000}|O{solv}{x=0.700000}>,O,O=C1CCCO1,fb-fit-v3-single-mean-k100,2,1.0596852933568002,0.0003930159880397,1.0886000000000002,0.0001
15808,1948,dens_2198925124601089428,793,Density,<Substance O=C1CCCO1{solv}{x=0.500000}|O{solv}{x=0.500000}>,O,O=C1CCCO1,fb-fit-v3-single-mean-k100,2,1.081879658064652,0.0002901663100616,1.1059000000000003,0.0001
15809,1949,dens_2272207838075726438,794,Density,<Substance O=C1CCCO1{solv}{x=0.800000}|O{solv}{x=0.200000}>,O,O=C1CCCO1,fb-fit-v3-single-mean-k100,2,1.100216194226657,0.0002308308197322,1.1182000000000003,0.0001
15810,1950,dhmix_524376395520217080,795,EnthalpyOfMixing,<Substance CC(C)CC(C)(C)C{solv}{x=0.440700}|CCCC(=O)OC{solv}{x=0.559300}>,CC(C)CC(C)(C)C,CCCC(=O)OC,fb-fit-v3-single-mean-k100,2,1.4866204012058688,0.0440737521028397,1.053,0.0115
15811,1951,dens_581090592491592243,796,Density,<Substance CC(C)CC(C)(C)C{solv}{x=0.298100}|CCCC(=O)OC{solv}{x=0.701900}>,CC(C)CC(C)(C)C,CCCC(=O)OC,fb-fit-v3-single-mean-k100,2,0.8263217151628731,0.0001471133391461,0.8119000000000002,0.000505
15812,1952,dens_1497434747823371430,797,Density,<Substance CC(C)CC(C)(C)C{solv}{x=0.724300}|CCCC(=O)OC{solv}{x=0.275700}>,CC(C)CC(C)(C)C,CCCC(=O)OC,fb-fit-v3-single-mean-k100,2,0.7520294644422503,0.0002001273990553,0.7279000000000001,0.000505
15813,1953,dhmix_1614087501371550297,798,EnthalpyOfMixing,<Substance CC(C)CC(C)(C)C{solv}{x=0.762900}|CCCC(=O)OC{solv}{x=0.237100}>,CC(C)CC(C)(C)C,CCCC(=O)OC,fb-fit-v3-single-mean-k100,2,1.235873203485923,0.043016985501986,0.789,0.0085
15814,1954,dens_1842979547629422953,799,Density,<Substance CC(C)CC(C)(C)C{solv}{x=0.441000}|CCCC(=O)OC{solv}{x=0.559000}>,CC(C)CC(C)(C)C,CCCC(=O)OC,fb-fit-v3-single-mean-k100,2,0.7982101400312497,0.0002284482106655,0.7803000000000001,0.000505
15815,1955,dhmix_2246911102339588209,800,EnthalpyOfMixing,<Substance CC(C)CC(C)(C)C{solv}{x=0.298200}|CCCC(=O)OC{solv}{x=0.701800}>,CC(C)CC(C)(C)C,CCCC(=O)OC,fb-fit-v3-single-mean-k100,2,1.3096697152309886,0.040589130343682,0.884,0.0095
15816,1956,dhmix_536798507677319129,801,EnthalpyOfMixing,<Substance C1COCO1{solv}{x=0.267900}|Cc1ccccc1Cl{solv}{x=0.732100}>,C1COCO1,Cc1ccccc1Cl,fb-fit-v3-single-mean-k100,2,0.2427886324945518,0.0445856311880273,0.272,0.0015
15817,1957,dens_559535483529614058,802,Density,<Substance C1COCO1{solv}{x=0.726600}|Cc1ccccc1Cl{solv}{x=0.273400}>,C1COCO1,Cc1ccccc1Cl,fb-fit-v3-single-mean-k100,2,1.08320025552429,0.0003148767922562,1.0652000000000004,0.0005
15818,1958,dens_731520844601672570,803,Density,<Substance C1COCO1{solv}{x=0.268500}|Cc1ccccc1Cl{solv}{x=0.731500}>,C1COCO1,Cc1ccccc1Cl,fb-fit-v3-single-mean-k100,2,1.0811985467139589,0.0002748502965468,1.0630000000000002,0.0005
15819,1959,dens_839907656840905053,804,Density,<Substance C1COCO1{solv}{x=0.516900}|Cc1ccccc1Cl{solv}{x=0.483100}>,C1COCO1,Cc1ccccc1Cl,fb-fit-v3-single-mean-k100,2,1.0879281306822062,0.0002792538812269,1.0694000000000004,0.0005
15820,1960,dhmix_1308085019204784636,805,EnthalpyOfMixing,<Substance C1COCO1{solv}{x=0.500900}|Cc1ccccc1Cl{solv}{x=0.499100}>,C1COCO1,Cc1ccccc1Cl,fb-fit-v3-single-mean-k100,2,0.3329880018145843,0.0430732469777457,0.393,0.002
15821,1961,dhmix_1924685013370154802,806,EnthalpyOfMixing,<Substance C1COCO1{solv}{x=0.760400}|Cc1ccccc1Cl{solv}{x=0.239600}>,C1COCO1,Cc1ccccc1Cl,fb-fit-v3-single-mean-k100,2,0.315340105788735,0.0357296543518404,0.313,0.0015
15822,1962,dhmix_549919019055097043,807,EnthalpyOfMixing,<Substance C1CCCCC1{solv}{x=0.799100}|CC(C)O{solv}{x=0.200900}>,C1CCCCC1,CC(C)O,fb-fit-v3-single-mean-k100,2,0.8053029575723087,0.0398067898290703,0.702,0.017
15823,1963,dhmix_1101575580592240663,808,EnthalpyOfMixing,<Substance C1CCCCC1{solv}{x=0.199500}|CC(C)O{solv}{x=0.800500}>,C1CCCCC1,CC(C)O,fb-fit-v3-single-mean-k100,2,0.5552759146288018,0.0400597912661002,0.438,0.011
15824,1964,dhmix_1262965345724899699,809,EnthalpyOfMixing,<Substance C1CCCCC1{solv}{x=0.498400}|CC(C)O{solv}{x=0.501600}>,C1CCCCC1,CC(C)O,fb-fit-v3-single-mean-k100,2,0.9035308579834264,0.0420730078517055,0.801,0.0195
15825,1965,dens_1431184569437551541,810,Density,<Substance C1CCCCC1{solv}{x=0.705800}|CC(C)O{solv}{x=0.294200}>,C1CCCCC1,CC(C)O,fb-fit-v3-single-mean-k100,2,0.774142249372184,0.0002243506984101,0.7711100000000002,0.000245
15826,1966,dens_2097249982689376165,811,Density,<Substance C1CCCCC1{solv}{x=0.200000}|CC(C)O{solv}{x=0.800000}>,C1CCCCC1,CC(C)O,fb-fit-v3-single-mean-k100,2,0.7927514530865029,0.0002354374764142,0.7761000000000002,0.0003
15827,1967,dens_2130071224188444793,812,Density,<Substance C1CCCCC1{solv}{x=0.503900}|CC(C)O{solv}{x=0.496100}>,C1CCCCC1,CC(C)O,fb-fit-v3-single-mean-k100,2,0.7793133623517355,0.000256639044047,0.7719000000000001,0.0003
15828,1968,dens_562489367284385084,813,Density,<Substance CCCCC(=O)OC{solv}{x=0.251100}|COC(C)=O{solv}{x=0.748900}>,CCCCC(=O)OC,COC(C)=O,fb-fit-v3-single-mean-k100,2,0.9171129397688564,0.0002455249131581,0.9105300000000002,0.000505
15829,1969,dhmix_814771684244180933,814,EnthalpyOfMixing,<Substance CCCCC(=O)OC{solv}{x=0.733900}|COC(C)=O{solv}{x=0.266100}>,CCCCC(=O)OC,COC(C)=O,fb-fit-v3-single-mean-k100,2,0.0696179015358612,0.038406502994817,0.178,0.002
15830,1970,dhmix_915202362324204655,815,EnthalpyOfMixing,<Substance CCCCC(=O)OC{solv}{x=0.505500}|COC(C)=O{solv}{x=0.494500}>,CCCCC(=O)OC,COC(C)=O,fb-fit-v3-single-mean-k100,2,0.1886440328522525,0.038049365531185,0.238,0.0025
15831,1971,dhmix_935892165648195197,816,EnthalpyOfMixing,<Substance CCCCC(=O)OC{solv}{x=0.234700}|COC(C)=O{solv}{x=0.765300}>,CCCCC(=O)OC,COC(C)=O,fb-fit-v3-single-mean-k100,2,0.0432064219425143,0.0353072800581354,0.173,0.002
15832,1972,dens_961692445804333991,817,Density,<Substance CCCCC(=O)OC{solv}{x=0.738300}|COC(C)=O{solv}{x=0.261700}>,CCCCC(=O)OC,COC(C)=O,fb-fit-v3-single-mean-k100,2,0.8973655579461899,0.0002179543862436,0.8914700000000002,0.000505
15833,1973,dens_1493380961688632529,818,Density,<Substance CCCCC(=O)OC{solv}{x=0.493500}|COC(C)=O{solv}{x=0.506500}>,CCCCC(=O)OC,COC(C)=O,fb-fit-v3-single-mean-k100,2,0.9061051827714076,0.00024011070473,0.8996200000000002,0.000505
15834,1974,dhmix_563342363018905515,819,EnthalpyOfMixing,<Substance CCOC(=O)CC(C)=O{solv}{x=0.751400}|O{solv}{x=0.248600}>,CCOC(=O)CC(C)=O,O,fb-fit-v3-single-mean-k100,2,0.7689577077750016,0.0352851396453124,1.128,0.012
15835,1975,dhmix_1385095028103136291,820,EnthalpyOfMixing,<Substance CCOC(=O)CC(C)=O{solv}{x=0.449100}|O{solv}{x=0.550900}>,CCOC(=O)CC(C)=O,O,fb-fit-v3-single-mean-k100,2,0.6912703806557374,0.0337119142964099,0.684,0.0075
15836,1976,dhmix_1609967394780907654,821,EnthalpyOfMixing,<Substance CCOC(=O)CC(C)=O{solv}{x=0.299400}|O{solv}{x=0.700600}>,CCOC(=O)CC(C)=O,O,fb-fit-v3-single-mean-k100,2,0.554355096856824,0.0291233601385614,0.428,0.005
15837,1977,dhmix_566259260175961973,822,EnthalpyOfMixing,<Substance CCCCO{solv}{x=0.144700}|OC1=NCCC1{solv}{x=0.855300}>,CCCCO,OC1=NCCC1,fb-fit-v3-single-mean-k100,2,0.7637288994910136,0.0407147230156742,0.0949,0.0012
15838,1978,dens_1146983614802652988,823,Density,<Substance CCCCO{solv}{x=0.500400}|OC1=NCCC1{solv}{x=0.499600}>,CCCCO,OC1=NCCC1,fb-fit-v3-single-mean-k100,2,0.9322100476259734,0.0002419297722718,0.94503,0.00015
15839,1979,dhmix_1601732489230179724,824,EnthalpyOfMixing,<Substance CCCCO{solv}{x=0.497800}|OC1=NCCC1{solv}{x=0.502200}>,CCCCO,OC1=NCCC1,fb-fit-v3-single-mean-k100,2,1.6449400501606135,0.039362054539605,0.2326,0.0026
15840,1980,dhmix_1661138478850718837,825,EnthalpyOfMixing,<Substance CCCCO{solv}{x=0.754800}|OC1=NCCC1{solv}{x=0.245200}>,CCCCO,OC1=NCCC1,fb-fit-v3-single-mean-k100,2,1.3367492701609551,0.0484602169252236,0.2356,0.00265
15841,1981,dens_1878955695276199878,826,Density,<Substance CCCCO{solv}{x=0.144600}|OC1=NCCC1{solv}{x=0.855400}>,CCCCO,OC1=NCCC1,fb-fit-v3-single-mean-k100,2,1.0244825617214195,0.000243376156034,1.0575900000000005,0.000205
15842,1982,dens_2101998760005952263,827,Density,<Substance CCCCO{solv}{x=0.755500}|OC1=NCCC1{solv}{x=0.244500}>,CCCCO,OC1=NCCC1,fb-fit-v3-single-mean-k100,2,0.8691033602351101,0.000296643661181,0.8711500000000002,0.000185
15843,1983,dhmix_569012254773025696,828,EnthalpyOfMixing,<Substance CC(C)(C)O{solv}{x=0.505700}|OC1=NCCC1{solv}{x=0.494300}>,CC(C)(C)O,OC1=NCCC1,fb-fit-v3-single-mean-k100,2,2.135899722540941,0.0308114531495727,0.4323,0.0047
15844,1984,dens_992979807705536615,829,Density,<Substance CC(C)(C)O{solv}{x=0.751100}|OC1=NCCC1{solv}{x=0.248900}>,CC(C)(C)O,OC1=NCCC1,fb-fit-v3-single-mean-k100,2,0.8772006650685235,0.0002742575878472,0.8505700000000003,0.000215
15845,1985,dens_1020722913861580636,830,Density,<Substance CC(C)(C)O{solv}{x=0.499700}|OC1=NCCC1{solv}{x=0.500300}>,CC(C)(C)O,OC1=NCCC1,fb-fit-v3-single-mean-k100,2,0.9354914168303636,0.0003478789339723,0.9282800000000002,0.00018
15846,1986,dhmix_1408261346335628114,831,EnthalpyOfMixing,<Substance CC(C)(C)O{solv}{x=0.744900}|OC1=NCCC1{solv}{x=0.255100}>,CC(C)(C)O,OC1=NCCC1,fb-fit-v3-single-mean-k100,2,2.080447193136017,0.0451143027324485,0.3774,0.00415
15847,1987,dhmix_1466823939183874689,832,EnthalpyOfMixing,<Substance CC(C)(C)O{solv}{x=0.257800}|OC1=NCCC1{solv}{x=0.742200}>,CC(C)(C)O,OC1=NCCC1,fb-fit-v3-single-mean-k100,2,1.4369185249234846,0.0382973469426339,0.2874,0.0032
15848,1988,dens_1768273433543243004,833,Density,<Substance CC(C)(C)O{solv}{x=0.276400}|OC1=NCCC1{solv}{x=0.723600}>,CC(C)(C)O,OC1=NCCC1,fb-fit-v3-single-mean-k100,2,0.9913239595740154,0.0003960890083624,1.0036300000000002,0.000155
15849,1989,dens_571827819113574480,834,Density,<Substance CC(C)OC(C)C{solv}{x=0.700400}|Cc1ccccc1{solv}{x=0.299600}>,CC(C)OC(C)C,Cc1ccccc1,fb-fit-v3-single-mean-k100,2,0.7732241753927709,0.0002002285925048,0.7573100000000001,0.000155
15850,1990,dhmix_686402805609192969,835,EnthalpyOfMixing,<Substance CC(C)OC(C)C{solv}{x=0.228000}|Cc1ccccc1{solv}{x=0.772000}>,CC(C)OC(C)C,Cc1ccccc1,fb-fit-v3-single-mean-k100,2,-0.1416845494695877,0.0464907809721476,0.0593,0.00515
15851,1991,dhmix_1045652173440309018,836,EnthalpyOfMixing,<Substance CC(C)OC(C)C{solv}{x=0.752000}|Cc1ccccc1{solv}{x=0.248000}>,CC(C)OC(C)C,Cc1ccccc1,fb-fit-v3-single-mean-k100,2,-0.0398394156557841,0.0408465172212219,-0.0091,0.00505
15852,1992,dhmix_1690461453403165745,837,EnthalpyOfMixing,<Substance CC(C)OC(C)C{solv}{x=0.455000}|Cc1ccccc1{solv}{x=0.545000}>,CC(C)OC(C)C,Cc1ccccc1,fb-fit-v3-single-mean-k100,2,-0.1794508589054118,0.0430542283619027,0.0323,0.0051
15853,1993,dens_2086775654110573795,838,Density,<Substance CC(C)OC(C)C{solv}{x=0.200400}|Cc1ccccc1{solv}{x=0.799600}>,CC(C)OC(C)C,Cc1ccccc1,fb-fit-v3-single-mean-k100,2,0.8436146746620411,0.0002296042698381,0.8299700000000002,0.00014
15854,1994,dens_2167043968237201720,839,Density,<Substance CC(C)OC(C)C{solv}{x=0.500300}|Cc1ccccc1{solv}{x=0.499700}>,CC(C)OC(C)C,Cc1ccccc1,fb-fit-v3-single-mean-k100,2,0.8007490484118636,0.0001833661877434,0.7849200000000002,0.000155
15855,1995,dhmix_578047845607378963,840,EnthalpyOfMixing,<Substance CN1CCCC1=O{solv}{x=0.635900}|c1ccncc1{solv}{x=0.364100}>,CN1CCCC1=O,c1ccncc1,fb-fit-v3-single-mean-k100,2,-0.2805450639155292,0.0393439762652571,-0.4013,0.10035
15856,1996,dhmix_625120262301063359,841,EnthalpyOfMixing,<Substance CN1CCCC1=O{solv}{x=0.231200}|c1ccncc1{solv}{x=0.768800}>,CN1CCCC1=O,c1ccncc1,fb-fit-v3-single-mean-k100,2,-0.3196893963233425,0.0415616271829867,-0.3157,0.07895
15857,1997,dens_1059919274311274879,842,Density,<Substance CN1CCCC1=O{solv}{x=0.521500}|c1ccncc1{solv}{x=0.478500}>,CN1CCCC1=O,c1ccncc1,fb-fit-v3-single-mean-k100,2,1.0019423698901904,0.0002389808777239,1.0158200000000004,0.00051
15858,1998,dens_1445187430653020908,843,Density,<Substance CN1CCCC1=O{solv}{x=0.234800}|c1ccncc1{solv}{x=0.765200}>,CN1CCCC1=O,c1ccncc1,fb-fit-v3-single-mean-k100,2,0.9926428319401518,0.0002026564114986,0.9983500000000004,0.00051
15859,1999,dhmix_1933003504821603087,844,EnthalpyOfMixing,<Substance CN1CCCC1=O{solv}{x=0.499500}|c1ccncc1{solv}{x=0.500500}>,CN1CCCC1=O,c1ccncc1,fb-fit-v3-single-mean-k100,2,-0.3317254294936447,0.0399636502068837,-0.4356,0.1089
15860,2000,dens_2199047009222847682,845,Density,<Substance CN1CCCC1=O{solv}{x=0.636400}|c1ccncc1{solv}{x=0.363600}>,CN1CCCC1=O,c1ccncc1,fb-fit-v3-single-mean-k100,2,1.0052944430901103,0.0001799039188666,1.0207400000000002,0.00051
15861,2001,dens_586351122522837789,846,Density,<Substance c1cc[nH]c1{solv}{x=0.820700}|c1ccccc1{solv}{x=0.179300}>,c1cc[nH]c1,c1ccccc1,fb-fit-v3-single-mean-k100,2,0.960335641910112,0.0002521771361011,0.9503300000000002,0.000195
15862,2002,dhmix_1101447260293284221,847,EnthalpyOfMixing,<Substance c1cc[nH]c1{solv}{x=0.494000}|c1ccccc1{solv}{x=0.506000}>,c1cc[nH]c1,c1ccccc1,fb-fit-v3-single-mean-k100,2,0.7183205398350268,0.034488492944387,0.609,0.00395
15863,2003,dens_1366042600317618213,848,Density,<Substance c1cc[nH]c1{solv}{x=0.503000}|c1ccccc1{solv}{x=0.497000}>,c1cc[nH]c1,c1ccccc1,fb-fit-v3-single-mean-k100,2,0.9288655641481086,0.0002529640466499,0.9220400000000002,0.00019
15864,2004,dens_2042223650153961549,849,Density,<Substance c1cc[nH]c1{solv}{x=0.314200}|c1ccccc1{solv}{x=0.685800}>,c1cc[nH]c1,c1ccccc1,fb-fit-v3-single-mean-k100,2,0.912636305911538,0.0001734074884636,0.9043500000000002,0.000195
15865,2005,dhmix_2080652523589171296,850,EnthalpyOfMixing,<Substance c1cc[nH]c1{solv}{x=0.820800}|c1ccccc1{solv}{x=0.179200}>,c1cc[nH]c1,c1ccccc1,fb-fit-v3-single-mean-k100,2,0.3595515609372413,0.0364563289749997,0.3441,0.00245
15866,2006,dhmix_2101365800313583195,851,EnthalpyOfMixing,<Substance c1cc[nH]c1{solv}{x=0.314000}|c1ccccc1{solv}{x=0.686000}>,c1cc[nH]c1,c1ccccc1,fb-fit-v3-single-mean-k100,2,0.548446312747231,0.0376965216897398,0.5893,0.00385
15867,2007,dens_592296207180530796,852,Density,<Substance C1CCNCC1{solv}{x=0.250000}|O{solv}{x=0.750000}>,C1CCNCC1,O,fb-fit-v3-single-mean-k100,2,0.9155572041742714,0.0003703478047562,0.9379600000000002,0.000185
15868,2008,dhmix_598563182385523239,853,EnthalpyOfMixing,<Substance C1CCNCC1{solv}{x=0.750000}|O{solv}{x=0.250000}>,C1CCNCC1,O,fb-fit-v3-single-mean-k100,2,-0.875467866490304,0.041476067495248,-1.4628,0.02995
15869,2009,dens_1144696340343060729,854,Density,<Substance C1CCNCC1{solv}{x=0.500000}|O{solv}{x=0.500000}>,C1CCNCC1,O,fb-fit-v3-single-mean-k100,2,0.8932587530112817,0.000313902203512,0.90329,0.000235
15870,2010,dens_1551117370864361960,855,Density,<Substance C1CCNCC1{solv}{x=0.750000}|O{solv}{x=0.250000}>,C1CCNCC1,O,fb-fit-v3-single-mean-k100,2,0.8808900568705599,0.0002115481520601,0.8771300000000002,0.000285
15871,2011,dhmix_2023343497633678069,856,EnthalpyOfMixing,<Substance C1CCNCC1{solv}{x=0.500000}|O{solv}{x=0.500000}>,C1CCNCC1,O,fb-fit-v3-single-mean-k100,2,-1.2995280702745229,0.0316714506250502,-2.1379,0.04355
15872,2012,dhmix_2169709193905404129,857,EnthalpyOfMixing,<Substance C1CCNCC1{solv}{x=0.250000}|O{solv}{x=0.750000}>,C1CCNCC1,O,fb-fit-v3-single-mean-k100,2,-0.9182865771556176,0.0241648819330209,-1.9642,0.04065
15873,2013,dhmix_597694390671293228,858,EnthalpyOfMixing,<Substance C1CCCCC1{solv}{x=0.495000}|c1cc[nH]c1{solv}{x=0.505000}>,C1CCCCC1,c1cc[nH]c1,fb-fit-v3-single-mean-k100,2,1.4380371534598029,0.0400678438371761,1.4275,0.00895
15874,2014,dens_1402964712081643759,859,Density,<Substance C1CCCCC1{solv}{x=0.281700}|c1cc[nH]c1{solv}{x=0.718300}>,C1CCCCC1,c1cc[nH]c1,fb-fit-v3-single-mean-k100,2,0.8966609111101902,0.000260668075675,0.9082800000000002,0.00023
15875,2015,dens_1463337814181203578,860,Density,<Substance C1CCCCC1{solv}{x=0.925100}|c1cc[nH]c1{solv}{x=0.074900}>,C1CCCCC1,c1cc[nH]c1,fb-fit-v3-single-mean-k100,2,0.7796862197958764,0.0001810939425644,0.7860300000000001,0.00026
15876,2016,dens_1586039458655447443,861,Density,<Substance C1CCCCC1{solv}{x=0.494200}|c1cc[nH]c1{solv}{x=0.505800}>,C1CCCCC1,c1cc[nH]c1,fb-fit-v3-single-mean-k100,2,0.8482910279428791,0.0002267121099144,0.8661300000000002,0.000235
15877,2017,dhmix_1650717903260721901,862,EnthalpyOfMixing,<Substance C1CCCCC1{solv}{x=0.924800}|c1cc[nH]c1{solv}{x=0.075200}>,C1CCCCC1,c1cc[nH]c1,fb-fit-v3-single-mean-k100,2,0.688608035393429,0.0441187684953192,0.7315,0.00535
15878,2018,dhmix_1709124910710738018,863,EnthalpyOfMixing,<Substance C1CCCCC1{solv}{x=0.281800}|c1cc[nH]c1{solv}{x=0.718200}>,C1CCCCC1,c1cc[nH]c1,fb-fit-v3-single-mean-k100,2,1.289967006236019,0.0359100670110704,1.245,0.00795
15879,2019,dhmix_602003453564252918,864,EnthalpyOfMixing,<Substance COc1ccccc1{solv}{x=0.767000}|OCCc1ccccc1{solv}{x=0.233000}>,COc1ccccc1,OCCc1ccccc1,fb-fit-v3-single-mean-k100,2,0.8669956405735846,0.0459931779783715,1.1154,0.01195
15880,2020,dhmix_831666159864093343,865,EnthalpyOfMixing,<Substance COc1ccccc1{solv}{x=0.267800}|OCCc1ccccc1{solv}{x=0.732200}>,COc1ccccc1,OCCc1ccccc1,fb-fit-v3-single-mean-k100,2,0.5679507136693047,0.0766697641703969,0.688,0.00745
15881,2021,dhmix_1415130215717622630,866,EnthalpyOfMixing,<Substance COc1ccccc1{solv}{x=0.523200}|OCCc1ccccc1{solv}{x=0.476800}>,COc1ccccc1,OCCc1ccccc1,fb-fit-v3-single-mean-k100,2,0.9247966276725066,0.047658900549728,1.0457,0.0112
15882,2022,dens_2018050376435813399,867,Density,<Substance COc1ccccc1{solv}{x=0.767300}|OCCc1ccccc1{solv}{x=0.232700}>,COc1ccccc1,OCCc1ccccc1,fb-fit-v3-single-mean-k100,2,0.9848657769695672,0.0002127626685299,0.9869000000000002,0.00026
15883,2023,dens_2083067547090229321,868,Density,<Substance COc1ccccc1{solv}{x=0.524500}|OCCc1ccccc1{solv}{x=0.475500}>,COc1ccccc1,OCCc1ccccc1,fb-fit-v3-single-mean-k100,2,0.9957768718632902,0.000182628896281,0.9943600000000002,0.00026
15884,2024,dens_2108796896152795987,869,Density,<Substance COc1ccccc1{solv}{x=0.212100}|OCCc1ccccc1{solv}{x=0.787900}>,COc1ccccc1,OCCc1ccccc1,fb-fit-v3-single-mean-k100,2,1.00916402665744,0.0001784472646521,1.0032600000000005,0.00026
15885,2025,dhmix_607389561715885318,870,EnthalpyOfMixing,<Substance CC(C)O{solv}{x=0.750600}|CCOC(=O)CC(=O)OCC{solv}{x=0.249400}>,CC(C)O,CCOC(=O)CC(=O)OCC,fb-fit-v3-single-mean-k100,2,2.1347318654794947,0.0447299447660889,1.955,0.021
15886,2026,dhmix_970997719035766241,871,EnthalpyOfMixing,<Substance CC(C)O{solv}{x=0.249200}|CCOC(=O)CC(=O)OCC{solv}{x=0.750800}>,CC(C)O,CCOC(=O)CC(=O)OCC,fb-fit-v3-single-mean-k100,2,1.6558179624787217,0.0543805853419313,1.804,0.0195
15887,2027,dens_1055220895195342210,872,Density,<Substance CC(C)O{solv}{x=0.700000}|CCOC(=O)CC(=O)OCC{solv}{x=0.300000}>,CC(C)O,CCOC(=O)CC(=O)OCC,fb-fit-v3-single-mean-k100,2,0.9242328727481658,0.0002137512527459,0.9013080000000002,0.000163
15888,2028,dens_1059428282849222105,873,Density,<Substance CC(C)O{solv}{x=0.500100}|CCOC(=O)CC(=O)OCC{solv}{x=0.499900}>,CC(C)O,CCOC(=O)CC(=O)OCC,fb-fit-v3-single-mean-k100,2,0.977707277112539,0.0001857781702347,0.9563730000000004,0.0001215
15889,2029,dhmix_2225069850502215858,874,EnthalpyOfMixing,<Substance CC(C)O{solv}{x=0.499700}|CCOC(=O)CC(=O)OCC{solv}{x=0.500300}>,CC(C)O,CCOC(=O)CC(=O)OCC,fb-fit-v3-single-mean-k100,2,2.476773594604566,0.0350203239482977,2.369,0.0255
15890,2030,dens_2227064517025896927,875,Density,<Substance CC(C)O{solv}{x=0.200000}|CCOC(=O)CC(=O)OCC{solv}{x=0.800000}>,CC(C)O,CCOC(=O)CC(=O)OCC,fb-fit-v3-single-mean-k100,2,1.035509394069571,0.0002176981423823,1.0176930000000002,0.000103
15891,2031,dhmix_614525131410782877,876,EnthalpyOfMixing,<Substance CCCCCC(C)=O{solv}{x=0.491300}|CCCCNCCCC{solv}{x=0.508700}>,CCCCCC(C)=O,CCCCNCCCC,fb-fit-v3-single-mean-k100,2,-0.1520545345914143,0.0534903057034952,0.278,0.003
15892,2032,dhmix_1051001364116056564,877,EnthalpyOfMixing,<Substance CCCCCC(C)=O{solv}{x=0.781100}|CCCCNCCCC{solv}{x=0.218900}>,CCCCCC(C)=O,CCCCNCCCC,fb-fit-v3-single-mean-k100,2,-0.1754467140476805,0.0535291917423857,0.164,0.002
15893,2033,dens_1087422962538109584,878,Density,<Substance CCCCCC(C)=O{solv}{x=0.449900}|CCCCNCCCC{solv}{x=0.550100}>,CCCCCC(C)=O,CCCCNCCCC,fb-fit-v3-single-mean-k100,2,0.7862753272458294,0.000198516011617,0.7778490000000002,9.250000000000004e-05
15894,2034,dens_1830187222448876426,879,Density,<Substance CCCCCC(C)=O{solv}{x=0.209700}|CCCCNCCCC{solv}{x=0.790300}>,CCCCCC(C)=O,CCCCNCCCC,fb-fit-v3-single-mean-k100,2,0.7749594605479977,0.0001727105291673,0.7655110000000002,8.400000000000002e-05
15895,2035,dens_2113849591242853193,880,Density,<Substance CCCCCC(C)=O{solv}{x=0.750900}|CCCCNCCCC{solv}{x=0.249100}>,CCCCCC(C)=O,CCCCNCCCC,fb-fit-v3-single-mean-k100,2,0.8010121764647059,0.0001748110893024,0.7951660000000003,0.000105
15896,2036,dhmix_2131918011494960609,881,EnthalpyOfMixing,<Substance CCCCCC(C)=O{solv}{x=0.294700}|CCCCNCCCC{solv}{x=0.705300}>,CCCCCC(C)=O,CCCCNCCCC,fb-fit-v3-single-mean-k100,2,-0.0800159024283146,0.0583801276881098,0.256,0.003
15897,2037,dhmix_618866445574413387,882,EnthalpyOfMixing,<Substance C1CCOCC1{solv}{x=0.442500}|Cc1ccccc1C{solv}{x=0.557500}>,C1CCOCC1,Cc1ccccc1C,fb-fit-v3-single-mean-k100,2,-0.0775398116935974,0.0446442545966316,-0.0342,0.0006
15898,2038,dens_643927890193937545,883,Density,<Substance C1CCOCC1{solv}{x=0.518700}|Cc1ccccc1C{solv}{x=0.481300}>,C1CCOCC1,Cc1ccccc1C,fb-fit-v3-single-mean-k100,2,0.8763790658737411,0.0001944058686223,0.8779900000000003,0.0005
15899,2039,dhmix_1129414916141538177,884,EnthalpyOfMixing,<Substance C1CCOCC1{solv}{x=0.744300}|Cc1ccccc1C{solv}{x=0.255700}>,C1CCOCC1,Cc1ccccc1C,fb-fit-v3-single-mean-k100,2,-0.0924003393273551,0.0470953993283921,0.0421,0.00065
15900,2040,dens_1429468909820653032,885,Density,<Substance C1CCOCC1{solv}{x=0.231800}|Cc1ccccc1C{solv}{x=0.768200}>,C1CCOCC1,Cc1ccccc1C,fb-fit-v3-single-mean-k100,2,0.8768838099511155,0.0002058163311636,0.8770400000000002,0.0005
15901,2041,dens_1442497603142913792,886,Density,<Substance C1CCOCC1{solv}{x=0.772900}|Cc1ccccc1C{solv}{x=0.227100}>,C1CCOCC1,Cc1ccccc1C,fb-fit-v3-single-mean-k100,2,0.8762483166226481,0.0002554904346229,0.8787800000000002,0.000505
15902,2042,dhmix_2268256048157488415,887,EnthalpyOfMixing,<Substance C1CCOCC1{solv}{x=0.245400}|Cc1ccccc1C{solv}{x=0.754600}>,C1CCOCC1,Cc1ccccc1C,fb-fit-v3-single-mean-k100,2,-0.0742863986386908,0.0454781165692972,-0.0613,0.00085
15903,2043,dens_626398848152359169,888,Density,<Substance C1COCCN1{solv}{x=0.498000}|O{solv}{x=0.502000}>,C1COCCN1,O,fb-fit-v3-single-mean-k100,2,1.0426988761175064,0.0004510576065899,1.0255000000000003,0.00255
15904,2044,dhmix_773913810754342365,889,EnthalpyOfMixing,<Substance C1COCCN1{solv}{x=0.714900}|O{solv}{x=0.285100}>,C1COCCN1,O,fb-fit-v3-single-mean-k100,2,-2.088361033594282,0.0478574582793798,-1.753,0.019
15905,2045,dhmix_1012297674499495059,890,EnthalpyOfMixing,<Substance C1COCCN1{solv}{x=0.201000}|O{solv}{x=0.799000}>,C1COCCN1,O,fb-fit-v3-single-mean-k100,2,-1.7893662443757474,0.0268617787754682,-2.758,0.0295
15906,2046,dens_1167008264969667349,891,Density,<Substance C1COCCN1{solv}{x=0.793000}|O{solv}{x=0.207000}>,C1COCCN1,O,fb-fit-v3-single-mean-k100,2,1.044781545436566,0.0005157577842389,1.0057000000000005,0.00245
15907,2047,dhmix_1871930573512426354,892,EnthalpyOfMixing,<Substance C1COCCN1{solv}{x=0.491100}|O{solv}{x=0.508900}>,C1COCCN1,O,fb-fit-v3-single-mean-k100,2,-2.830803717307802,0.0279407698944164,-3.131,0.0335
15908,2048,dens_2014911999593579414,893,Density,<Substance C1COCCN1{solv}{x=0.298000}|O{solv}{x=0.702000}>,C1COCCN1,O,fb-fit-v3-single-mean-k100,2,1.03442052059306,0.0003442790900575,1.0309000000000004,0.00255
15909,2049,dens_627753907231278660,894,Density,<Substance CCC(C)=O{solv}{x=0.753100}|CCCNCCC{solv}{x=0.246900}>,CCC(C)=O,CCCNCCC,fb-fit-v3-single-mean-k100,2,0.7785363903362197,0.00021009374918,0.7771510000000001,0.000109
15910,2050,dens_674236159588910357,895,Density,<Substance CCC(C)=O{solv}{x=0.244600}|CCCNCCC{solv}{x=0.755400}>,CCC(C)=O,CCCNCCC,fb-fit-v3-single-mean-k100,2,0.751888941848429,0.0002309210519326,0.7446230000000003,0.0001405
15911,2051,dhmix_749228177959685874,896,EnthalpyOfMixing,<Substance CCC(C)=O{solv}{x=0.235300}|CCCNCCC{solv}{x=0.764700}>,CCC(C)=O,CCCNCCC,fb-fit-v3-single-mean-k100,2,0.1167522971365002,0.0463379065876624,0.299,0.0035
15912,2052,dhmix_1706960823617656563,897,EnthalpyOfMixing,<Substance CCC(C)=O{solv}{x=0.698400}|CCCNCCC{solv}{x=0.301600}>,CCC(C)=O,CCCNCCC,fb-fit-v3-single-mean-k100,2,-0.0194275739866114,0.041021503080727,0.334,0.0035
15913,2053,dhmix_2102794241345605516,898,EnthalpyOfMixing,<Substance CCC(C)=O{solv}{x=0.505000}|CCCNCCC{solv}{x=0.495000}>,CCC(C)=O,CCCNCCC,fb-fit-v3-single-mean-k100,2,-0.0044927594092243,0.043282822779273,0.397,0.0045
15914,2054,dens_2224864308887622456,899,Density,<Substance CCC(C)=O{solv}{x=0.500600}|CCCNCCC{solv}{x=0.499400}>,CCC(C)=O,CCCNCCC,fb-fit-v3-single-mean-k100,2,0.7640937694235712,0.0002465922614406,0.7590400000000002,0.000125
15915,2055,dhmix_628329103086906726,900,EnthalpyOfMixing,<Substance CC1CCCCC1{solv}{x=0.250400}|CCCO{solv}{x=0.749600}>,CC1CCCCC1,CCCO,fb-fit-v3-single-mean-k100,2,0.3865616901331918,0.0337194301936416,0.321,0.0055
15916,2056,dhmix_989207392771680315,901,EnthalpyOfMixing,<Substance CC1CCCCC1{solv}{x=0.750500}|CCCO{solv}{x=0.249500}>,CC1CCCCC1,CCCO,fb-fit-v3-single-mean-k100,2,0.4516067927017531,0.0470073747085462,0.574,0.0055
15917,2057,dens_1351260115393741606,902,Density,<Substance CC1CCCCC1{solv}{x=0.503100}|CCCO{solv}{x=0.496900}>,CC1CCCCC1,CCCO,fb-fit-v3-single-mean-k100,2,0.7836489044798056,0.0002580455947449,0.7785600000000001,0.0039
15918,2058,dens_1376195506089851480,903,Density,<Substance CC1CCCCC1{solv}{x=0.202700}|CCCO{solv}{x=0.797300}>,CC1CCCCC1,CCCO,fb-fit-v3-single-mean-k100,2,0.7941184024664182,0.0002281971414512,0.7942000000000002,0.00398
15919,2059,dens_1501229836503112732,904,Density,<Substance CC1CCCCC1{solv}{x=0.799000}|CCCO{solv}{x=0.201000}>,CC1CCCCC1,CCCO,fb-fit-v3-single-mean-k100,2,0.7780840015276793,0.0002061203894898,0.7688300000000002,0.003855
15920,2060,dhmix_2109805019413953371,905,EnthalpyOfMixing,<Substance CC1CCCCC1{solv}{x=0.500400}|CCCO{solv}{x=0.499600}>,CC1CCCCC1,CCCO,fb-fit-v3-single-mean-k100,2,0.5171918185654505,0.0317946268159389,0.533,0.0055
15921,2061,dhmix_634764080264908666,906,EnthalpyOfMixing,<Substance OCCN1CCOCC1{solv}{x=0.498900}|O{solv}{x=0.501100}>,O,OCCN1CCOCC1,fb-fit-v3-single-mean-k100,2,-3.2963152152975113,0.039944808312822,-2.2633,0.02415
15922,2062,dens_707792343667224312,907,Density,<Substance OCCN1CCOCC1{solv}{x=0.246600}|O{solv}{x=0.753400}>,O,OCCN1CCOCC1,fb-fit-v3-single-mean-k100,2,1.07786418736807,0.0003964156141514,1.0838100000000002,0.00154
15923,2063,dhmix_1064373607860850902,908,EnthalpyOfMixing,<Substance OCCN1CCOCC1{solv}{x=0.694900}|O{solv}{x=0.305100}>,O,OCCN1CCOCC1,fb-fit-v3-single-mean-k100,2,-2.5341765434519914,0.040530778841823,-1.7936,0.01915
15924,2064,dhmix_1846281306963870091,909,EnthalpyOfMixing,<Substance OCCN1CCOCC1{solv}{x=0.300200}|O{solv}{x=0.699800}>,O,OCCN1CCOCC1,fb-fit-v3-single-mean-k100,2,-2.4852567269093058,0.0387008412333125,-2.426,0.026
15925,2065,dens_2238932092645470826,910,Density,<Substance OCCN1CCOCC1{solv}{x=0.743900}|O{solv}{x=0.256100}>,O,OCCN1CCOCC1,fb-fit-v3-single-mean-k100,2,1.093956929003866,0.0002155140567014,1.08031,0.001565
15926,2066,dens_2269173599223764079,911,Density,<Substance OCCN1CCOCC1{solv}{x=0.485200}|O{solv}{x=0.514800}>,O,OCCN1CCOCC1,fb-fit-v3-single-mean-k100,2,1.095708797252985,0.0003358756511394,1.0866900000000004,0.00159
15927,2067,dhmix_636778454546345333,912,EnthalpyOfMixing,<Substance C1CCCCC1{solv}{x=0.506300}|CNc1ccccc1{solv}{x=0.493700}>,C1CCCCC1,CNc1ccccc1,fb-fit-v3-single-mean-k100,2,2.142962727458915,0.0429022515149668,1.628,0.0175
15928,2068,dens_1209163492396921559,913,Density,<Substance C1CCCCC1{solv}{x=0.247000}|CNc1ccccc1{solv}{x=0.753000}>,C1CCCCC1,CNc1ccccc1,fb-fit-v3-single-mean-k100,2,0.9371718322934296,0.0002224826154286,0.9289450000000002,0.000272
15929,2069,dens_1438140901521078017,914,Density,<Substance C1CCCCC1{solv}{x=0.494500}|CNc1ccccc1{solv}{x=0.505500}>,C1CCCCC1,CNc1ccccc1,fb-fit-v3-single-mean-k100,2,0.8806606381545796,0.000246918239436,0.8759620000000002,0.0001835
15930,2070,dens_1482697199055102595,915,Density,<Substance C1CCCCC1{solv}{x=0.746400}|CNc1ccccc1{solv}{x=0.253600}>,C1CCCCC1,CNc1ccccc1,fb-fit-v3-single-mean-k100,2,0.8236384522612222,0.0002187434031619,0.8233530000000001,0.000138
15931,2071,dhmix_1832297119731463766,916,EnthalpyOfMixing,<Substance C1CCCCC1{solv}{x=0.204700}|CNc1ccccc1{solv}{x=0.795300}>,C1CCCCC1,CNc1ccccc1,fb-fit-v3-single-mean-k100,2,1.688387852684258,0.0444760394258682,0.972,0.0105
15932,2072,dhmix_1889368397403208807,917,EnthalpyOfMixing,<Substance C1CCCCC1{solv}{x=0.706600}|CNc1ccccc1{solv}{x=0.293400}>,C1CCCCC1,CNc1ccccc1,fb-fit-v3-single-mean-k100,2,1.87534607677037,0.0436440116262539,1.521,0.0165
15933,2073,dhmix_637657437173907469,918,EnthalpyOfMixing,<Substance CC(C)=O{solv}{x=0.709700}|CNc1ccccc1{solv}{x=0.290300}>,CC(C)=O,CNc1ccccc1,fb-fit-v3-single-mean-k100,2,-0.5892626896917754,0.0356778223419943,-0.525,0.0055
15934,2074,dhmix_817594693007274900,919,EnthalpyOfMixing,<Substance CC(C)=O{solv}{x=0.231600}|CNc1ccccc1{solv}{x=0.768400}>,CC(C)=O,CNc1ccccc1,fb-fit-v3-single-mean-k100,2,-0.6145533144593909,0.0412285838588673,-0.5,0.0055
15935,2075,dens_830664987854613197,920,Density,<Substance CC(C)=O{solv}{x=0.250300}|CNc1ccccc1{solv}{x=0.749700}>,CC(C)=O,CNc1ccccc1,fb-fit-v3-single-mean-k100,2,0.96403613920842,0.0001748280623842,0.9502900000000002,0.0003395
15936,2076,dhmix_1052042310023734389,921,EnthalpyOfMixing,<Substance CC(C)=O{solv}{x=0.508600}|CNc1ccccc1{solv}{x=0.491400}>,CC(C)=O,CNc1ccccc1,fb-fit-v3-single-mean-k100,2,-0.8934653521230302,0.0386350667218542,-0.672,0.0075
15937,2077,dens_1302333367899693905,922,Density,<Substance CC(C)=O{solv}{x=0.750600}|CNc1ccccc1{solv}{x=0.249400}>,CC(C)=O,CNc1ccccc1,fb-fit-v3-single-mean-k100,2,0.8640897832079749,0.000224006952149,0.8565010000000002,0.000231
15938,2078,dens_1582643029733708616,923,Density,<Substance CC(C)=O{solv}{x=0.494800}|CNc1ccccc1{solv}{x=0.505200}>,CC(C)=O,CNc1ccccc1,fb-fit-v3-single-mean-k100,2,0.9214851539769195,0.0002297784975321,0.9107940000000002,0.000263
15939,2079,dens_650566412384126439,924,Density,<Substance CC(C)CC(C)(C)C{solv}{x=0.158800}|CCCCC(=O)OC{solv}{x=0.841200}>,CC(C)CC(C)(C)C,CCCCC(=O)OC,fb-fit-v3-single-mean-k100,2,0.8562145384451864,0.0002028560682502,0.8463800000000002,0.000505
15940,2080,dhmix_986100941633296124,925,EnthalpyOfMixing,<Substance CC(C)CC(C)(C)C{solv}{x=0.481800}|CCCCC(=O)OC{solv}{x=0.518200}>,CC(C)CC(C)(C)C,CCCCC(=O)OC,fb-fit-v3-single-mean-k100,2,1.2683101414537816,0.049527045308007,0.866,0.0095
15941,2081,dens_1095352626338523806,926,Density,<Substance CC(C)CC(C)(C)C{solv}{x=0.742500}|CCCCC(=O)OC{solv}{x=0.257500}>,CC(C)CC(C)(C)C,CCCCC(=O)OC,fb-fit-v3-single-mean-k100,2,0.7530488550890152,0.0001914756213531,0.7289800000000002,0.000505
15942,2082,dens_1260001645299629257,927,Density,<Substance CC(C)CC(C)(C)C{solv}{x=0.498400}|CCCCC(=O)OC{solv}{x=0.501600}>,CC(C)CC(C)(C)C,CCCCC(=O)OC,fb-fit-v3-single-mean-k100,2,0.7926038941679225,0.0002031214625677,0.7738400000000002,0.000505
15943,2083,dhmix_1505455794590867712,928,EnthalpyOfMixing,<Substance CC(C)CC(C)(C)C{solv}{x=0.158900}|CCCCC(=O)OC{solv}{x=0.841100}>,CC(C)CC(C)(C)C,CCCCC(=O)OC,fb-fit-v3-single-mean-k100,2,0.6897520553148553,0.050786555416213,0.438,0.005
15944,2084,dhmix_1888614200283593194,929,EnthalpyOfMixing,<Substance CC(C)CC(C)(C)C{solv}{x=0.781300}|CCCCC(=O)OC{solv}{x=0.218700}>,CC(C)CC(C)(C)C,CCCCC(=O)OC,fb-fit-v3-single-mean-k100,2,1.161767324161545,0.0454915745626077,0.658,0.007
15945,2085,dhmix_657900975986635712,930,EnthalpyOfMixing,<Substance Cc1ccccc1N{solv}{x=0.782700}|Cc1ccncc1{solv}{x=0.217300}>,Cc1ccccc1N,Cc1ccncc1,fb-fit-v3-single-mean-k100,2,-0.7745844279032283,0.0424712167118324,-0.8885,0.0182
15946,2086,dhmix_727678512066874384,931,EnthalpyOfMixing,<Substance Cc1ccccc1N{solv}{x=0.478300}|Cc1ccncc1{solv}{x=0.521700}>,Cc1ccccc1N,Cc1ccncc1,fb-fit-v3-single-mean-k100,2,-1.5459862539498914,0.0442784299547337,-1.4295,0.0291
15947,2087,dhmix_860941552641107708,932,EnthalpyOfMixing,<Substance Cc1ccccc1N{solv}{x=0.271500}|Cc1ccncc1{solv}{x=0.728500}>,Cc1ccccc1N,Cc1ccncc1,fb-fit-v3-single-mean-k100,2,-1.2361969460671745,0.0436010918635225,-1.1791,0.02405
15948,2088,dens_1148106102021344214,933,Density,<Substance Cc1ccccc1N{solv}{x=0.265500}|Cc1ccncc1{solv}{x=0.734500}>,Cc1ccccc1N,Cc1ccncc1,fb-fit-v3-single-mean-k100,2,0.9748563062469964,0.0001824335076421,0.9662520000000002,0.00012
15949,2089,dens_1294189007890656769,934,Density,<Substance Cc1ccccc1N{solv}{x=0.486300}|Cc1ccncc1{solv}{x=0.513700}>,Cc1ccccc1N,Cc1ccncc1,fb-fit-v3-single-mean-k100,2,0.989914853153965,0.0002537311368026,0.9765780000000002,0.000119
15950,2090,dens_1461384477504239974,935,Density,<Substance Cc1ccccc1N{solv}{x=0.767400}|Cc1ccncc1{solv}{x=0.232600}>,Cc1ccccc1N,Cc1ccncc1,fb-fit-v3-single-mean-k100,2,1.007177467380531,0.0002258322411217,0.9868740000000004,0.000118
15951,2091,dens_671712471159959715,936,Density,<Substance CCCCCCN{solv}{x=0.294400}|CN(C)C=O{solv}{x=0.705600}>,CCCCCCN,CN(C)C=O,fb-fit-v3-single-mean-k100,2,0.8671611404952487,0.0002424906219272,0.8676880000000002,0.001057
15952,2092,dhmix_791979567859859400,937,EnthalpyOfMixing,<Substance CCCCCCN{solv}{x=0.747800}|CN(C)C=O{solv}{x=0.252200}>,CCCCCCN,CN(C)C=O,fb-fit-v3-single-mean-k100,2,0.4705295891420604,0.0530208526393599,0.461,0.015
15953,2093,dens_812907294215791908,938,Density,<Substance CCCCCCN{solv}{x=0.450000}|CN(C)C=O{solv}{x=0.550000}>,CCCCCCN,CN(C)C=O,fb-fit-v3-single-mean-k100,2,0.8421728123671388,0.0002235016902005,0.8367510000000001,0.001016
15954,2094,dhmix_1553880519684715156,939,EnthalpyOfMixing,<Substance CCCCCCN{solv}{x=0.249700}|CN(C)C=O{solv}{x=0.750300}>,CCCCCCN,CN(C)C=O,fb-fit-v3-single-mean-k100,2,0.4206254585179181,0.0407934703039106,0.51,0.0165
15955,2095,dens_1658157305664412923,940,Density,<Substance CCCCCCN{solv}{x=0.745200}|CN(C)C=O{solv}{x=0.254800}>,CCCCCCN,CN(C)C=O,fb-fit-v3-single-mean-k100,2,0.8046733596887815,0.0001867236479576,0.7905460000000002,0.0009575
15956,2096,dhmix_2271922176351407084,941,EnthalpyOfMixing,<Substance CCCCCCN{solv}{x=0.499700}|CN(C)C=O{solv}{x=0.500300}>,CCCCCCN,CN(C)C=O,fb-fit-v3-single-mean-k100,2,0.520874272903967,0.0415472771015826,0.661,0.02
15957,2097,dhmix_676105854791415053,942,EnthalpyOfMixing,<Substance C=C(C)[C@H]1CC=C(C)CC1{solv}{x=0.540000}|CCCCCO{solv}{x=0.460000}>,C=C(C)[C@H]1CC=C(C)CC1,CCCCCO,fb-fit-v3-single-mean-k100,2,0.8264890186920582,0.0515779632503247,0.858,0.0345
15958,2098,dhmix_865539540276734208,943,EnthalpyOfMixing,<Substance C=C(C)[C@H]1CC=C(C)CC1{solv}{x=0.766000}|CCCCCO{solv}{x=0.234000}>,C=C(C)[C@H]1CC=C(C)CC1,CCCCCO,fb-fit-v3-single-mean-k100,2,0.6765551998275896,0.0564282027904089,0.782,0.0315
15959,2099,dens_1544700949225348296,944,Density,<Substance C=C(C)[C@H]1CC=C(C)CC1{solv}{x=0.263500}|CCCCCO{solv}{x=0.736500}>,C=C(C)[C@H]1CC=C(C)CC1,CCCCCO,fb-fit-v3-single-mean-k100,2,0.8287266871256314,0.0001712989078352,0.8238000000000002,0.0002
15960,2100,dens_1638649899512334435,945,Density,<Substance C=C(C)[C@H]1CC=C(C)CC1{solv}{x=0.543500}|CCCCCO{solv}{x=0.456500}>,C=C(C)[C@H]1CC=C(C)CC1,CCCCCO,fb-fit-v3-single-mean-k100,2,0.832870754390967,0.0001589167266398,0.8312000000000003,0.0003
15961,2101,dens_2014432371647189246,946,Density,<Substance C=C(C)[C@H]1CC=C(C)CC1{solv}{x=0.725200}|CCCCCO{solv}{x=0.274800}>,C=C(C)[C@H]1CC=C(C)CC1,CCCCCO,fb-fit-v3-single-mean-k100,2,0.8358371321553969,0.0001225578462055,0.8354000000000001,0.00035
15962,2102,dhmix_2293008983270202716,947,EnthalpyOfMixing,<Substance C=C(C)[C@H]1CC=C(C)CC1{solv}{x=0.272000}|CCCCCO{solv}{x=0.728000}>,C=C(C)[C@H]1CC=C(C)CC1,CCCCCO,fb-fit-v3-single-mean-k100,2,0.4210338965358602,0.0582569836514524,0.532,0.0215
15963,2103,dens_680086766431069719,948,Density,<Substance CN1CCNCC1{solv}{x=0.209100}|O{solv}{x=0.790900}>,CN1CCNCC1,O,fb-fit-v3-single-mean-k100,2,1.0026057353467177,0.000361835866141,1.0013300000000005,4.000000000000001e-05
15964,2104,dhmix_979415629850644100,949,EnthalpyOfMixing,<Substance CN1CCNCC1{solv}{x=0.199800}|O{solv}{x=0.800200}>,CN1CCNCC1,O,fb-fit-v3-single-mean-k100,2,-3.990916158346782,0.026324579156617,-4.495,0.048
15965,2105,dhmix_1386641258873877278,950,EnthalpyOfMixing,<Substance CN1CCNCC1{solv}{x=0.792600}|O{solv}{x=0.207400}>,CN1CCNCC1,O,fb-fit-v3-single-mean-k100,2,-1.5370132692852678,0.0509710578992577,-1.753,0.019
15966,2106,dhmix_1572121970391530461,951,EnthalpyOfMixing,<Substance CN1CCNCC1{solv}{x=0.550000}|O{solv}{x=0.450000}>,CN1CCNCC1,O,fb-fit-v3-single-mean-k100,2,-3.7568458889481633,0.0367506094764274,-3.547,0.038
15967,2107,dens_1756096179620961699,952,Density,<Substance CN1CCNCC1{solv}{x=0.510900}|O{solv}{x=0.489100}>,CN1CCNCC1,O,fb-fit-v3-single-mean-k100,2,0.983236057723009,0.0004051829765417,0.9464100000000002,7.000000000000002e-05
15968,2108,dens_1892970147583328629,953,Density,<Substance CN1CCNCC1{solv}{x=0.706500}|O{solv}{x=0.293500}>,CN1CCNCC1,O,fb-fit-v3-single-mean-k100,2,0.9700214142611292,0.0002849050752537,0.9223100000000002,8.500000000000002e-05
15969,2109,dhmix_681274412655414068,954,EnthalpyOfMixing,<Substance CCCOC(=O)CC{solv}{x=0.739400}|Cc1ccccc1{solv}{x=0.260600}>,CCCOC(=O)CC,Cc1ccccc1,fb-fit-v3-single-mean-k100,2,-0.2660743442643678,0.049366861494588,-0.1135,0.0033
15970,2110,dhmix_720914323963600437,955,EnthalpyOfMixing,<Substance CCCOC(=O)CC{solv}{x=0.238900}|Cc1ccccc1{solv}{x=0.761100}>,CCCOC(=O)CC,Cc1ccccc1,fb-fit-v3-single-mean-k100,2,-0.2597252177520062,0.0408694754803408,-0.1404,0.0037
15971,2111,dens_1397630560016316656,956,Density,<Substance CCCOC(=O)CC{solv}{x=0.274700}|Cc1ccccc1{solv}{x=0.725300}>,CCCOC(=O)CC,Cc1ccccc1,fb-fit-v3-single-mean-k100,2,0.8765681805185161,0.0001774274004965,0.8675700000000003,0.00018
15972,2112,dhmix_1646061995263935606,957,EnthalpyOfMixing,<Substance CCCOC(=O)CC{solv}{x=0.548600}|Cc1ccccc1{solv}{x=0.451400}>,CCCOC(=O)CC,Cc1ccccc1,fb-fit-v3-single-mean-k100,2,-0.300198469858941,0.0432122766038451,-0.1583,0.004
15973,2113,dens_1792064777238352129,958,Density,<Substance CCCOC(=O)CC{solv}{x=0.490700}|Cc1ccccc1{solv}{x=0.509300}>,CCCOC(=O)CC,Cc1ccccc1,fb-fit-v3-single-mean-k100,2,0.8778165532497244,0.0001920355045741,0.8707300000000002,0.00019
15974,2114,dens_1826904081955826008,959,Density,<Substance CCCOC(=O)CC{solv}{x=0.734600}|Cc1ccccc1{solv}{x=0.265400}>,CCCOC(=O)CC,Cc1ccccc1,fb-fit-v3-single-mean-k100,2,0.8778000680272271,0.0002270462939347,0.8734100000000001,0.00021
15975,2115,dens_685747331874801159,960,Density,<Substance CN1CCOCC1{solv}{x=0.498300}|O{solv}{x=0.501700}>,CN1CCOCC1,O,fb-fit-v3-single-mean-k100,2,0.9878850492087314,0.0003115239520696,0.9627600000000002,0.00084
15976,2116,dens_1087644349445114282,961,Density,<Substance CN1CCOCC1{solv}{x=0.253800}|O{solv}{x=0.746200}>,CN1CCOCC1,O,fb-fit-v3-single-mean-k100,2,0.9959427886507054,0.0004169166610084,0.9918800000000002,0.00059
15977,2117,dens_1374975991061431070,962,Density,<Substance CN1CCOCC1{solv}{x=0.758700}|O{solv}{x=0.241300}>,CN1CCOCC1,O,fb-fit-v3-single-mean-k100,2,0.9739440753716812,0.0002286957057044,0.9345300000000002,0.00112
15978,2118,dhmix_686592400130667234,963,EnthalpyOfMixing,<Substance BrCCCBr{solv}{x=0.231300}|COC(C)=O{solv}{x=0.768700}>,BrCCCBr,COC(C)=O,fb-fit-v3-single-mean-k100,2,0.2446165107078926,0.0391362150046169,0.2115,0.0024
15979,2119,dhmix_691866222529030049,964,EnthalpyOfMixing,<Substance BrCCCBr{solv}{x=0.504200}|COC(C)=O{solv}{x=0.495800}>,BrCCCBr,COC(C)=O,fb-fit-v3-single-mean-k100,2,0.0981241103440204,0.0342874787857523,0.3912,0.0038
15980,2120,dens_1032175440351342196,965,Density,<Substance BrCCCBr{solv}{x=0.243500}|COC(C)=O{solv}{x=0.756500}>,BrCCCBr,COC(C)=O,fb-fit-v3-single-mean-k100,2,1.2261218683250337,0.000361933475739,1.2277600000000002,0.00096
15981,2121,dens_1180265274183315765,966,Density,<Substance BrCCCBr{solv}{x=0.713800}|COC(C)=O{solv}{x=0.286200}>,BrCCCBr,COC(C)=O,fb-fit-v3-single-mean-k100,2,1.6965520732479955,0.0004646862285872,1.7174300000000005,0.002745
15982,2122,dhmix_1380172638999588939,967,EnthalpyOfMixing,<Substance BrCCCBr{solv}{x=0.759400}|COC(C)=O{solv}{x=0.240600}>,BrCCCBr,COC(C)=O,fb-fit-v3-single-mean-k100,2,0.0784472381230036,0.0384094571323144,0.313,0.0032
15983,2123,dens_1697077234757321859,968,Density,<Substance BrCCCBr{solv}{x=0.525600}|COC(C)=O{solv}{x=0.474400}>,BrCCCBr,COC(C)=O,fb-fit-v3-single-mean-k100,2,1.523371800901432,0.0004320646869872,1.5338800000000006,0.001965
15984,2124,dens_693154680723850561,969,Density,<Substance CN1CCCC1=O{solv}{x=0.756400}|Cc1ccccc1{solv}{x=0.243600}>,CN1CCCC1=O,Cc1ccccc1,fb-fit-v3-single-mean-k100,2,0.9765180899760204,0.0002035860853384,0.9854500000000004,0.00034
15985,2125,dhmix_1759507684169085916,970,EnthalpyOfMixing,<Substance CN1CCCC1=O{solv}{x=0.741800}|Cc1ccccc1{solv}{x=0.258200}>,CN1CCCC1=O,Cc1ccccc1,fb-fit-v3-single-mean-k100,2,-0.0756612339643894,0.0369998074778951,-0.2141,0.0024
15986,2126,dens_1796497685752507694,971,Density,<Substance CN1CCCC1=O{solv}{x=0.481500}|Cc1ccccc1{solv}{x=0.518500}>,CN1CCCC1=O,Cc1ccccc1,fb-fit-v3-single-mean-k100,2,0.939033627477302,0.0002199957668058,0.9415400000000002,0.00028
15987,2127,dhmix_1857599089574133884,972,EnthalpyOfMixing,<Substance CN1CCCC1=O{solv}{x=0.223100}|Cc1ccccc1{solv}{x=0.776900}>,CN1CCCC1=O,Cc1ccccc1,fb-fit-v3-single-mean-k100,2,-0.0851983356053054,0.0451227739383371,-0.1889,0.00215
15988,2128,dens_1886489466266398819,973,Density,<Substance CN1CCCC1=O{solv}{x=0.221600}|Cc1ccccc1{solv}{x=0.778400}>,CN1CCCC1=O,Cc1ccccc1,fb-fit-v3-single-mean-k100,2,0.9103192117830848,0.0001943997510774,0.9061600000000002,0.00076
15989,2129,dhmix_2238554893157725289,974,EnthalpyOfMixing,<Substance CN1CCCC1=O{solv}{x=0.482100}|Cc1ccccc1{solv}{x=0.517900}>,CN1CCCC1=O,Cc1ccccc1,fb-fit-v3-single-mean-k100,2,-0.1271436031047272,0.0400906528427998,-0.2985,0.0033
15990,2130,dens_717951284355382404,975,Density,<Substance CN1CCCC1=O{solv}{x=0.702300}|ClCCCCCCCl{solv}{x=0.297700}>,CN1CCCC1=O,ClCCCCCCCl,fb-fit-v3-single-mean-k100,2,1.0388179386830982,0.0002325198045989,1.0416,0.0003
15991,2131,dhmix_859697969059379656,976,EnthalpyOfMixing,<Substance CN1CCCC1=O{solv}{x=0.503000}|ClCCCCCCCl{solv}{x=0.497000}>,CN1CCCC1=O,ClCCCCCCCl,fb-fit-v3-single-mean-k100,2,0.4460120152269198,0.0438583437917791,-0.2,0.0025
15992,2132,dhmix_916885053388204545,977,EnthalpyOfMixing,<Substance CN1CCCC1=O{solv}{x=0.212000}|ClCCCCCCCl{solv}{x=0.788000}>,CN1CCCC1=O,ClCCCCCCCl,fb-fit-v3-single-mean-k100,2,0.175398074275705,0.0523550915079728,-0.13,0.002
15993,2133,dens_1483670447992291960,978,Density,<Substance CN1CCCC1=O{solv}{x=0.201600}|ClCCCCCCCl{solv}{x=0.798400}>,CN1CCCC1=O,ClCCCCCCCl,fb-fit-v3-single-mean-k100,2,1.0644814789753847,0.0001971212618739,1.0584000000000005,0.00055
15994,2134,dens_1896555095774116819,979,Density,<Substance CN1CCCC1=O{solv}{x=0.504900}|ClCCCCCCCl{solv}{x=0.495100}>,CN1CCCC1=O,ClCCCCCCCl,fb-fit-v3-single-mean-k100,2,1.0502380615118232,0.0001836273015265,1.0490000000000002,0.00035
15995,2135,dhmix_2039443272323887912,980,EnthalpyOfMixing,<Substance CN1CCCC1=O{solv}{x=0.797000}|ClCCCCCCCl{solv}{x=0.203000}>,CN1CCCC1=O,ClCCCCCCCl,fb-fit-v3-single-mean-k100,2,0.3157855599662085,0.0454506455378972,-0.123,0.002
15996,2136,dhmix_729169544598225866,981,EnthalpyOfMixing,<Substance CN(C)C=O{solv}{x=0.203000}|ClCCCCCCCl{solv}{x=0.797000}>,CN(C)C=O,ClCCCCCCCl,fb-fit-v3-single-mean-k100,2,0.5333885221162262,0.0479425799431226,0.195,0.0025
15997,2137,dhmix_1359105787212172230,982,EnthalpyOfMixing,<Substance CN(C)C=O{solv}{x=0.796000}|ClCCCCCCCl{solv}{x=0.204000}>,CN(C)C=O,ClCCCCCCCl,fb-fit-v3-single-mean-k100,2,0.5954851940747403,0.0334496729170287,0.24,0.0025
15998,2138,dhmix_1534380829757525169,983,EnthalpyOfMixing,<Substance CN(C)C=O{solv}{x=0.498000}|ClCCCCCCCl{solv}{x=0.502000}>,CN(C)C=O,ClCCCCCCCl,fb-fit-v3-single-mean-k100,2,0.7708330561906394,0.0452294105383101,0.34,0.0025
15999,2139,dens_1752369236407148840,984,Density,<Substance CN(C)C=O{solv}{x=0.503300}|ClCCCCCCCl{solv}{x=0.496700}>,CN(C)C=O,ClCCCCCCCl,fb-fit-v3-single-mean-k100,2,1.0177939959193767,0.0001898624714654,1.0190000000000003,0.00155
16000,2140,dens_2070195997725277466,985,Density,<Substance CN(C)C=O{solv}{x=0.703400}|ClCCCCCCCl{solv}{x=0.296600}>,CN(C)C=O,ClCCCCCCCl,fb-fit-v3-single-mean-k100,2,0.9874090807642472,0.0001749302860559,0.9943000000000002,0.0017
16001,2141,dens_2171945276872385012,986,Density,<Substance CN(C)C=O{solv}{x=0.201300}|ClCCCCCCCl{solv}{x=0.798700}>,CN(C)C=O,ClCCCCCCCl,fb-fit-v3-single-mean-k100,2,1.0522700823158255,0.0002486370464062,1.0486000000000002,0.0014
16002,2142,dens_741100297092592576,987,Density,<Substance C1CCCCC1{solv}{x=0.265900}|C1CCOCC1{solv}{x=0.734100}>,C1CCCCC1,C1CCOCC1,fb-fit-v3-single-mean-k100,2,0.8432465054647725,0.0002248925786382,0.8470300000000002,0.000505
16003,2143,dens_1002639246322609242,988,Density,<Substance C1CCCCC1{solv}{x=0.762200}|C1CCOCC1{solv}{x=0.237800}>,C1CCCCC1,C1CCOCC1,fb-fit-v3-single-mean-k100,2,0.7922519657672032,0.0002389579013918,0.7952000000000002,0.000505
16004,2144,dhmix_1171155554844966705,989,EnthalpyOfMixing,<Substance C1CCCCC1{solv}{x=0.247100}|C1CCOCC1{solv}{x=0.752900}>,C1CCCCC1,C1CCOCC1,fb-fit-v3-single-mean-k100,2,0.4185946052116378,0.0374399284528657,0.3613,0.00395
16005,2145,dens_2142973677177666085,990,Density,<Substance C1CCCCC1{solv}{x=0.501800}|C1CCOCC1{solv}{x=0.498200}>,C1CCCCC1,C1CCOCC1,fb-fit-v3-single-mean-k100,2,0.8176230381146992,0.0002285157154554,0.8211500000000002,0.000505
16006,2146,dhmix_2195791820105752985,991,EnthalpyOfMixing,<Substance C1CCCCC1{solv}{x=0.726600}|C1CCOCC1{solv}{x=0.273400}>,C1CCCCC1,C1CCOCC1,fb-fit-v3-single-mean-k100,2,0.497377751244457,0.0374174736638084,0.4424,0.00485
16007,2147,dhmix_2296999979529762407,992,EnthalpyOfMixing,<Substance C1CCCCC1{solv}{x=0.499000}|C1CCOCC1{solv}{x=0.501000}>,C1CCCCC1,C1CCOCC1,fb-fit-v3-single-mean-k100,2,0.6243271551113736,0.0454693341480695,0.526,0.0055
16008,2148,dhmix_744994939606384802,993,EnthalpyOfMixing,<Substance CO{solv}{x=0.300000}|O{solv}{x=0.700000}>,CO,O,fb-fit-v3-single-mean-k100,2,0.0140697891986611,0.023227114799439,-0.85,0.005
16009,2149,dens_1085345433585028387,994,Density,<Substance CO{solv}{x=0.499700}|O{solv}{x=0.500300}>,CO,O,fb-fit-v3-single-mean-k100,2,0.8459551912509291,0.0004768989669776,0.8816900000000003,0.000165
16010,2150,dhmix_1126710771921470495,995,EnthalpyOfMixing,<Substance CO{solv}{x=0.700000}|O{solv}{x=0.300000}>,CO,O,fb-fit-v3-single-mean-k100,2,-0.0637865138595659,0.0256439911156534,-0.583,0.0035
16011,2151,dens_1258832080354057572,996,Density,<Substance CO{solv}{x=0.300300}|O{solv}{x=0.699700}>,CO,O,fb-fit-v3-single-mean-k100,2,0.8893110245572792,0.000504925111425,0.9252100000000004,0.000125
16012,2152,dens_1758371820245200558,997,Density,<Substance CO{solv}{x=0.760500}|O{solv}{x=0.239500}>,CO,O,fb-fit-v3-single-mean-k100,2,0.8005731668801875,0.0004900301529478,0.8289000000000002,0.0001
16013,2153,dhmix_1824296469249495553,998,EnthalpyOfMixing,<Substance CO{solv}{x=0.500000}|O{solv}{x=0.500000}>,CO,O,fb-fit-v3-single-mean-k100,2,-0.0134316767225683,0.0238183472912723,-0.777,0.0045
16014,2154,dhmix_753952445434773754,999,EnthalpyOfMixing,<Substance CCCCCCCCCl{solv}{x=0.493000}|CN1CCCC1=O{solv}{x=0.507000}>,CCCCCCCCCl,CN1CCCC1=O,fb-fit-v3-single-mean-k100,2,1.2816371459750542,0.0445646701162288,0.638,0.0035
16015,2155,dhmix_1273186684325800862,1000,EnthalpyOfMixing,<Substance CCCCCCCCCl{solv}{x=0.783000}|CN1CCCC1=O{solv}{x=0.217000}>,CCCCCCCCCl,CN1CCCC1=O,fb-fit-v3-single-mean-k100,2,0.8004428712009428,0.0478849223448268,0.371,0.003
16016,2156,dhmix_1457789704046029008,1001,EnthalpyOfMixing,<Substance CCCCCCCCCl{solv}{x=0.202000}|CN1CCCC1=O{solv}{x=0.798000}>,CCCCCCCCCl,CN1CCCC1=O,fb-fit-v3-single-mean-k100,2,0.9665298733793648,0.0440981057943375,0.5,0.0035
16017,2157,dens_1965529278608066299,1002,Density,<Substance CCCCCCCCCl{solv}{x=0.299500}|CN1CCCC1=O{solv}{x=0.700500}>,CCCCCCCCCl,CN1CCCC1=O,fb-fit-v3-single-mean-k100,2,0.9568424996607464,0.0001835351454276,0.9598000000000002,0.00025
16018,2158,dens_2167805246575708222,1003,Density,<Substance CCCCCCCCCl{solv}{x=0.798600}|CN1CCCC1=O{solv}{x=0.201400}>,CCCCCCCCCl,CN1CCCC1=O,fb-fit-v3-single-mean-k100,2,0.8925398539967994,0.000169347767623,0.8888000000000001,0.00055
16019,2159,dens_2177162670107081086,1004,Density,<Substance CCCCCCCCCl{solv}{x=0.497900}|CN1CCCC1=O{solv}{x=0.502100}>,CCCCCCCCCl,CN1CCCC1=O,fb-fit-v3-single-mean-k100,2,0.9276516870839412,0.0001318978953171,0.9269000000000002,0.00035
16020,2160,dhmix_756380521637559100,1005,EnthalpyOfMixing,<Substance C1COCCO1{solv}{x=0.500000}|O=C1CCCCC1{solv}{x=0.500000}>,C1COCCO1,O=C1CCCCC1,fb-fit-v3-single-mean-k100,2,0.2356557807930812,0.0426111693709317,0.28584,0.00154
16021,2161,dens_1139761443535371798,1006,Density,<Substance C1COCCO1{solv}{x=0.459400}|O=C1CCCCC1{solv}{x=0.540600}>,C1COCCO1,O=C1CCCCC1,fb-fit-v3-single-mean-k100,2,0.9719839880657766,0.0002246024006265,0.9762000000000004,0.00025
16022,2162,dhmix_1367833850972054360,1007,EnthalpyOfMixing,<Substance C1COCCO1{solv}{x=0.750000}|O=C1CCCCC1{solv}{x=0.250000}>,C1COCCO1,O=C1CCCCC1,fb-fit-v3-single-mean-k100,2,0.0776129857533902,0.0421217237407558,0.23662,0.001355
16023,2163,dhmix_1533665710565492443,1008,EnthalpyOfMixing,<Substance C1COCCO1{solv}{x=0.250000}|O=C1CCCCC1{solv}{x=0.750000}>,C1COCCO1,O=C1CCCCC1,fb-fit-v3-single-mean-k100,2,0.2144845981201371,0.0465928280198063,0.20076,0.00121
16024,2164,dens_1556646832168598904,1009,Density,<Substance C1COCCO1{solv}{x=0.797800}|O=C1CCCCC1{solv}{x=0.202200}>,C1COCCO1,O=C1CCCCC1,fb-fit-v3-single-mean-k100,2,1.003327882051956,0.0002443023488867,1.0062000000000002,0.00025
16025,2165,dens_1806066395455679216,1010,Density,<Substance C1COCCO1{solv}{x=0.272000}|O=C1CCCCC1{solv}{x=0.728000}>,C1COCCO1,O=C1CCCCC1,fb-fit-v3-single-mean-k100,2,0.9582367255640254,0.0001805601699071,0.9614000000000004,0.00025
16026,2166,dhmix_781473821930081125,1011,EnthalpyOfMixing,<Substance CCOc1ccccc1{solv}{x=0.765100}|OCc1ccccc1{solv}{x=0.234900}>,CCOc1ccccc1,OCc1ccccc1,fb-fit-v3-single-mean-k100,2,0.8900512195434942,0.0479835079264628,1.083,0.0116
16027,2167,dhmix_966435122735090568,1012,EnthalpyOfMixing,<Substance CCOc1ccccc1{solv}{x=0.063600}|OCc1ccccc1{solv}{x=0.936400}>,CCOc1ccccc1,OCc1ccccc1,fb-fit-v3-single-mean-k100,2,0.0992553122608228,0.0654865737804433,0.1901,0.00225
16028,2168,dens_1184318999137642715,1013,Density,<Substance CCOc1ccccc1{solv}{x=0.064200}|OCc1ccccc1{solv}{x=0.935800}>,CCOc1ccccc1,OCc1ccccc1,fb-fit-v3-single-mean-k100,2,1.0386128512030866,0.0001927249591414,1.02761,0.00011
16029,2169,dhmix_1518701992890040137,1014,EnthalpyOfMixing,<Substance CCOc1ccccc1{solv}{x=0.549900}|OCc1ccccc1{solv}{x=0.450100}>,CCOc1ccccc1,OCc1ccccc1,fb-fit-v3-single-mean-k100,2,1.039894034276344,0.0423812867784876,1.0561,0.01135
16030,2170,dens_1575045736805268459,1015,Density,<Substance CCOc1ccccc1{solv}{x=0.459800}|OCc1ccccc1{solv}{x=0.540200}>,CCOc1ccccc1,OCc1ccccc1,fb-fit-v3-single-mean-k100,2,0.9980354365423576,0.0001659870733713,0.9925100000000002,0.00016
16031,2171,dens_2214650701288997434,1016,Density,<Substance CCOc1ccccc1{solv}{x=0.757200}|OCc1ccccc1{solv}{x=0.242800}>,CCOc1ccccc1,OCc1ccccc1,fb-fit-v3-single-mean-k100,2,0.97177857911845,0.0001725826736703,0.9686500000000002,0.000215
16032,2172,dens_800807749587668066,1017,Density,<Substance C1CCOCC1{solv}{x=0.733600}|c1ccncc1{solv}{x=0.266400}>,C1CCOCC1,c1ccncc1,fb-fit-v3-single-mean-k100,2,0.891480137634752,0.0002142873456256,0.8933350000000002,0.000358
16033,2173,dhmix_836757145941804043,1018,EnthalpyOfMixing,<Substance C1CCOCC1{solv}{x=0.291500}|c1ccncc1{solv}{x=0.708500}>,C1CCOCC1,c1ccncc1,fb-fit-v3-single-mean-k100,2,0.0646507873359034,0.0389936995426712,0.0898,0.00095
16034,2174,dhmix_1003039131395935786,1019,EnthalpyOfMixing,<Substance C1CCOCC1{solv}{x=0.536300}|c1ccncc1{solv}{x=0.463700}>,C1CCOCC1,c1ccncc1,fb-fit-v3-single-mean-k100,2,0.1133670446728167,0.0370052757687042,0.1573,0.0013
16035,2175,dens_1859030547600172702,1020,Density,<Substance C1CCOCC1{solv}{x=0.241500}|c1ccncc1{solv}{x=0.758500}>,C1CCOCC1,c1ccncc1,fb-fit-v3-single-mean-k100,2,0.9554030618663584,0.0002177606323248,0.9525650000000004,0.000212
16036,2176,dhmix_2191254706131659314,1021,EnthalpyOfMixing,<Substance C1CCOCC1{solv}{x=0.734400}|c1ccncc1{solv}{x=0.265600}>,C1CCOCC1,c1ccncc1,fb-fit-v3-single-mean-k100,2,0.0175455327129725,0.0452686097656751,0.1564,0.0013
16037,2177,dens_2239470871208865925,1022,Density,<Substance C1CCOCC1{solv}{x=0.536400}|c1ccncc1{solv}{x=0.463600}>,C1CCOCC1,c1ccncc1,fb-fit-v3-single-mean-k100,2,0.9127691988667072,0.0002537371303838,0.9124250000000002,0.0002965
16038,2178,dens_801655585640229277,1023,Density,<Substance C1CCOCC1{solv}{x=0.777600}|CCCC(C)=O{solv}{x=0.222400}>,C1CCOCC1,CCCC(C)=O,fb-fit-v3-single-mean-k100,2,0.8573590965003348,0.0002384473032053,0.8602600000000002,0.000225
16039,2179,dhmix_1175081460677389458,1024,EnthalpyOfMixing,<Substance C1CCOCC1{solv}{x=0.250000}|CCCC(C)=O{solv}{x=0.750000}>,C1CCOCC1,CCCC(C)=O,fb-fit-v3-single-mean-k100,2,0.1928777606998011,0.0408925388578811,0.06014,0.00063
16040,2180,dens_1481139606755572767,1025,Density,<Substance C1CCOCC1{solv}{x=0.236100}|CCCC(C)=O{solv}{x=0.763900}>,C1CCOCC1,CCCC(C)=O,fb-fit-v3-single-mean-k100,2,0.8165101405051196,0.0002088816304252,0.8183900000000002,0.000215
16041,2181,dhmix_1531586108535895092,1026,EnthalpyOfMixing,<Substance C1CCOCC1{solv}{x=0.750000}|CCCC(C)=O{solv}{x=0.250000}>,C1CCOCC1,CCCC(C)=O,fb-fit-v3-single-mean-k100,2,0.1892511042709799,0.0410562579375758,0.08245,0.000715
16042,2182,dhmix_2074691820693967219,1027,EnthalpyOfMixing,<Substance C1CCOCC1{solv}{x=0.500000}|CCCC(C)=O{solv}{x=0.500000}>,C1CCOCC1,CCCC(C)=O,fb-fit-v3-single-mean-k100,2,0.0776169304226641,0.0384502859104236,0.09128,0.000745
16043,2183,dens_2180187104403779312,1028,Density,<Substance C1CCOCC1{solv}{x=0.504600}|CCCC(C)=O{solv}{x=0.495400}>,C1CCOCC1,CCCC(C)=O,fb-fit-v3-single-mean-k100,2,0.8358162960806418,0.0002435551631605,0.8386000000000002,0.00022
16044,2184,dhmix_814516627068967115,1029,EnthalpyOfMixing,<Substance CCCOC=O{solv}{x=0.230800}|ClCCCCl{solv}{x=0.769200}>,CCCOC=O,ClCCCCl,fb-fit-v3-single-mean-k100,2,0.2242206536721411,0.0375611716542952,-0.054,0.001
16045,2185,dens_853749747181024442,1030,Density,<Substance CCCOC=O{solv}{x=0.525500}|ClCCCCl{solv}{x=0.474500}>,CCCOC=O,ClCCCCl,fb-fit-v3-single-mean-k100,2,1.0360738065124664,0.0003412992460726,1.0302400000000005,0.00176
16046,2186,dhmix_1623640482466530427,1031,EnthalpyOfMixing,<Substance CCCOC=O{solv}{x=0.750900}|ClCCCCl{solv}{x=0.249100}>,CCCOC=O,ClCCCCl,fb-fit-v3-single-mean-k100,2,0.0891725764672664,0.0428917292780328,-0.088,0.001
16047,2187,dens_1998603470347754754,1032,Density,<Substance CCCOC=O{solv}{x=0.233600}|ClCCCCl{solv}{x=0.766400}>,CCCOC=O,ClCCCCl,fb-fit-v3-single-mean-k100,2,1.1116745790299116,0.0003436710371313,1.1122200000000002,0.00274
16048,2188,dhmix_2003217087101692001,1033,EnthalpyOfMixing,<Substance CCCOC=O{solv}{x=0.514500}|ClCCCCl{solv}{x=0.485500}>,CCCOC=O,ClCCCCl,fb-fit-v3-single-mean-k100,2,0.2026536523319393,0.038732300636009,-0.114,0.0015
16049,2189,dens_2020761603812222512,1034,Density,<Substance CCCOC=O{solv}{x=0.763600}|ClCCCCl{solv}{x=0.236400}>,CCCOC=O,ClCCCCl,fb-fit-v3-single-mean-k100,2,0.9749214528480802,0.0002606775221016,0.9644500000000004,0.00119
16050,2190,dens_828893303895070246,1035,Density,<Substance C1CCCCC1{solv}{x=0.249800}|CCCCCCCC{solv}{x=0.750200}>,C1CCCCC1,CCCCCCCC,fb-fit-v3-single-mean-k100,2,0.7129058713623618,0.0001792071137137,0.7110900000000002,0.000605
16051,2191,dhmix_1288938247372010686,1036,EnthalpyOfMixing,<Substance C1CCCCC1{solv}{x=0.751300}|CCCCCCCC{solv}{x=0.248700}>,C1CCCCC1,CCCCCCCC,fb-fit-v3-single-mean-k100,2,0.2742912792606233,0.0487896419193883,0.23,0.005
16052,2192,dens_1398337515687242649,1037,Density,<Substance C1CCCCC1{solv}{x=0.477700}|CCCCCCCC{solv}{x=0.522300}>,C1CCCCC1,CCCCCCCC,fb-fit-v3-single-mean-k100,2,0.7255506093053358,0.0001824885410493,0.7250300000000002,0.000585
16053,2193,dhmix_1429498464152515756,1038,EnthalpyOfMixing,<Substance C1CCCCC1{solv}{x=0.532400}|CCCCCCCC{solv}{x=0.467600}>,C1CCCCC1,CCCCCCCC,fb-fit-v3-single-mean-k100,2,0.2884172965321454,0.0471568495659191,0.258,0.005
16054,2194,dens_2267960821195706299,1039,Density,<Substance C1CCCCC1{solv}{x=0.796100}|CCCCCCCC{solv}{x=0.203900}>,C1CCCCC1,CCCCCCCC,fb-fit-v3-single-mean-k100,2,0.7499373233387293,0.0002332977908966,0.7509700000000002,0.00055
16055,2195,dhmix_2289023418386220795,1040,EnthalpyOfMixing,<Substance C1CCCCC1{solv}{x=0.274400}|CCCCCCCC{solv}{x=0.725600}>,C1CCCCC1,CCCCCCCC,fb-fit-v3-single-mean-k100,2,0.2741279077796719,0.051875559458184,0.18,0.005
16056,2196,dens_848374876759596361,1041,Density,<Substance CC(C)OC(C)C{solv}{x=0.284600}|CCCCCl{solv}{x=0.715400}>,CC(C)OC(C)C,CCCCCl,fb-fit-v3-single-mean-k100,2,0.8238265281378818,0.0002873777928094,0.8263210000000002,0.000365
16057,2197,dens_917492506874956672,1042,Density,<Substance CC(C)OC(C)C{solv}{x=0.808200}|CCCCCl{solv}{x=0.191800}>,CC(C)OC(C)C,CCCCCl,fb-fit-v3-single-mean-k100,2,0.7556550674139638,0.0002282660790381,0.7440910000000002,0.000448
16058,2198,dhmix_1107367594793013993,1043,EnthalpyOfMixing,<Substance CC(C)OC(C)C{solv}{x=0.272700}|CCCCCl{solv}{x=0.727300}>,CC(C)OC(C)C,CCCCCl,fb-fit-v3-single-mean-k100,2,-0.0767463067663882,0.0336723875098736,-0.0785,0.001
16059,2199,dhmix_1310204607958463222,1044,EnthalpyOfMixing,<Substance CC(C)OC(C)C{solv}{x=0.454700}|CCCCCl{solv}{x=0.545300}>,CC(C)OC(C)C,CCCCCl,fb-fit-v3-single-mean-k100,2,-0.1406954360499881,0.0399577740946903,-0.0954,0.0012
16060,2200,dhmix_1605157292498138629,1045,EnthalpyOfMixing,<Substance CC(C)OC(C)C{solv}{x=0.727400}|CCCCCl{solv}{x=0.272600}>,CC(C)OC(C)C,CCCCCl,fb-fit-v3-single-mean-k100,2,-0.1375591635545916,0.0385246654073937,-0.0732,0.00095
16061,2201,dens_1927916489732771888,1046,Density,<Substance CC(C)OC(C)C{solv}{x=0.484000}|CCCCCl{solv}{x=0.516000}>,CC(C)OC(C)C,CCCCCl,fb-fit-v3-single-mean-k100,2,0.7956269670545297,0.0002608524268774,0.7925060000000002,0.0004005
16062,2202,dens_860008765681738590,1047,Density,<Substance CN(CCO)CCO{solv}{x=0.231260}|c1ccncc1{solv}{x=0.768740}>,CN(CCO)CCO,c1ccncc1,fb-fit-v3-single-mean-k100,2,1.0014442367870393,0.00024955467475,0.9906030000000002,0.0001015
16063,2203,dens_1253280811379348869,1048,Density,<Substance CN(CCO)CCO{solv}{x=0.670000}|c1ccncc1{solv}{x=0.330000}>,CN(CCO)CCO,c1ccncc1,fb-fit-v3-single-mean-k100,2,1.0345951293142357,0.0002807470770557,1.0161020000000005,0.000102
16064,2204,dhmix_1381513140604048573,1049,EnthalpyOfMixing,<Substance CN(CCO)CCO{solv}{x=0.473760}|c1ccncc1{solv}{x=0.526240}>,CN(CCO)CCO,c1ccncc1,fb-fit-v3-single-mean-k100,2,0.6230218852527116,0.0360176867294744,-0.093,0.001
16065,2205,dens_1460709448836415360,1050,Density,<Substance CN(CCO)CCO{solv}{x=0.473530}|c1ccncc1{solv}{x=0.526470}>,CN(CCO)CCO,c1ccncc1,fb-fit-v3-single-mean-k100,2,1.0203557967739554,0.0002099443886603,1.0044450000000005,0.0001015
16066,2206,dhmix_2085036308089359597,1051,EnthalpyOfMixing,<Substance CN(CCO)CCO{solv}{x=0.230610}|c1ccncc1{solv}{x=0.769390}>,CN(CCO)CCO,c1ccncc1,fb-fit-v3-single-mean-k100,2,0.4831850793100471,0.0422263425284113,-0.032,0.001
16067,2207,dhmix_2287943921901918379,1052,EnthalpyOfMixing,<Substance CN(CCO)CCO{solv}{x=0.669580}|c1ccncc1{solv}{x=0.330420}>,CN(CCO)CCO,c1ccncc1,fb-fit-v3-single-mean-k100,2,0.5874382216399141,0.0517174309591204,-0.12,0.0015
16068,2208,dens_929806754028972955,1053,Density,<Substance CCCC(=O)OC{solv}{x=0.695800}|COC(C)=O{solv}{x=0.304200}>,CCCC(=O)OC,COC(C)=O,fb-fit-v3-single-mean-k100,2,0.9043864073360182,0.000230774366624,0.8997600000000002,0.000505
16069,2209,dhmix_1093843275803987368,1054,EnthalpyOfMixing,<Substance CCCC(=O)OC{solv}{x=0.482200}|COC(C)=O{solv}{x=0.517800}>,CCCC(=O)OC,COC(C)=O,fb-fit-v3-single-mean-k100,2,0.0545287530704641,0.0398762160889696,0.151,0.002
16070,2210,dens_1187818937240241755,1055,Density,<Substance CCCC(=O)OC{solv}{x=0.253600}|COC(C)=O{solv}{x=0.746400}>,CCCC(=O)OC,COC(C)=O,fb-fit-v3-single-mean-k100,2,0.920673447761894,0.0002342310943359,0.9147400000000002,0.000505
16071,2211,dens_1462283017082249050,1056,Density,<Substance CCCC(=O)OC{solv}{x=0.545600}|COC(C)=O{solv}{x=0.454400}>,CCCC(=O)OC,COC(C)=O,fb-fit-v3-single-mean-k100,2,0.9093422384976184,0.0002616616750217,0.9041900000000004,0.000505
16072,2212,dhmix_1514470349370367756,1057,EnthalpyOfMixing,<Substance CCCC(=O)OC{solv}{x=0.226000}|COC(C)=O{solv}{x=0.774000}>,CCCC(=O)OC,COC(C)=O,fb-fit-v3-single-mean-k100,2,0.07871894607878,0.0380709083463117,0.102,0.0015
16073,2213,dhmix_1615966506855005599,1058,EnthalpyOfMixing,<Substance CCCC(=O)OC{solv}{x=0.695800}|COC(C)=O{solv}{x=0.304200}>,CCCC(=O)OC,COC(C)=O,fb-fit-v3-single-mean-k100,2,-0.0191635777809704,0.0403409098467651,0.122,0.0015
16074,2214,dens_931039395662625393,1059,Density,<Substance BrCCBr{solv}{x=0.510700}|CCOC=O{solv}{x=0.489300}>,BrCCBr,CCOC=O,fb-fit-v3-single-mean-k100,2,1.5680869293458588,0.0005045054292494,1.5742900000000004,0.00125
16075,2215,dhmix_1379448524788285045,1060,EnthalpyOfMixing,<Substance BrCCBr{solv}{x=0.503000}|CCOC=O{solv}{x=0.497000}>,BrCCBr,CCOC=O,fb-fit-v3-single-mean-k100,2,0.3492096915154254,0.0347527745625691,0.404,0.0054
16076,2216,dhmix_1589211680683586133,1061,EnthalpyOfMixing,<Substance BrCCBr{solv}{x=0.247500}|CCOC=O{solv}{x=0.752500}>,BrCCBr,CCOC=O,fb-fit-v3-single-mean-k100,2,0.2975270051618843,0.0339653450990989,0.2492,0.0035
16077,2217,dens_1816072583621776909,1062,Density,<Substance BrCCBr{solv}{x=0.282500}|CCOC=O{solv}{x=0.717500}>,BrCCBr,CCOC=O,fb-fit-v3-single-mean-k100,2,1.2961267058834645,0.0003969668455687,1.2851500000000005,0.00131
16078,2218,dens_1857279480363338972,1063,Density,<Substance BrCCBr{solv}{x=0.750600}|CCOC=O{solv}{x=0.249400}>,BrCCBr,CCOC=O,fb-fit-v3-single-mean-k100,2,1.842172122909962,0.0006122131285936,1.8698300000000003,0.000995
16079,2219,dhmix_2225135654541562913,1064,EnthalpyOfMixing,<Substance BrCCBr{solv}{x=0.734600}|CCOC=O{solv}{x=0.265400}>,BrCCBr,CCOC=O,fb-fit-v3-single-mean-k100,2,0.5339930741200414,0.0331417261958143,0.3604,0.00485
16080,2220,dhmix_933824509566848172,1065,EnthalpyOfMixing,<Substance C1COCO1{solv}{x=0.350000}|CCCC(C)=O{solv}{x=0.650000}>,C1COCO1,CCCC(C)=O,fb-fit-v3-single-mean-k100,2,0.252128809818366,0.0383896059106023,0.17755,0.001095
16081,2221,dens_1326756646981901590,1066,Density,<Substance C1COCO1{solv}{x=0.717400}|CCCC(C)=O{solv}{x=0.282600}>,C1COCO1,CCCC(C)=O,fb-fit-v3-single-mean-k100,2,0.9705302545264513,0.0002827160428622,0.9625500000000002,0.000245
16082,2222,dhmix_1386053902220878259,1067,EnthalpyOfMixing,<Substance C1COCO1{solv}{x=0.500000}|CCCC(C)=O{solv}{x=0.500000}>,C1COCO1,CCCC(C)=O,fb-fit-v3-single-mean-k100,2,0.2777815956948899,0.0364529836423183,0.21077,0.00122
16083,2223,dens_1490997112604690080,1068,Density,<Substance C1COCO1{solv}{x=0.349900}|CCCC(C)=O{solv}{x=0.650100}>,C1COCO1,CCCC(C)=O,fb-fit-v3-single-mean-k100,2,0.8709585206011032,0.0002583504518418,0.8687200000000003,0.00022
16084,2224,dens_1979377813631413053,1069,Density,<Substance C1COCO1{solv}{x=0.516900}|CCCC(C)=O{solv}{x=0.483100}>,C1COCO1,CCCC(C)=O,fb-fit-v3-single-mean-k100,2,0.9121735529061662,0.0002495836787542,0.9078200000000004,0.00023
16085,2225,dhmix_2113009728753201792,1070,EnthalpyOfMixing,<Substance C1COCO1{solv}{x=0.750000}|CCCC(C)=O{solv}{x=0.250000}>,C1COCO1,CCCC(C)=O,fb-fit-v3-single-mean-k100,2,0.1866813188339549,0.0379049906965938,0.17046,0.00107
16086,2226,dhmix_962524540250306235,1071,EnthalpyOfMixing,<Substance Cc1ccccc1N{solv}{x=0.268100}|c1ccncc1{solv}{x=0.731900}>,Cc1ccccc1N,c1ccncc1,fb-fit-v3-single-mean-k100,2,-1.3744995770654782,0.0391546232620683,-0.8915,0.0182
16087,2227,dhmix_1000930562998604270,1072,EnthalpyOfMixing,<Substance Cc1ccccc1N{solv}{x=0.773500}|c1ccncc1{solv}{x=0.226500}>,Cc1ccccc1N,c1ccncc1,fb-fit-v3-single-mean-k100,2,-0.9718584908989598,0.0407402185393626,-0.7828,0.016
16088,2228,dens_1203111494553524663,1073,Density,<Substance Cc1ccccc1N{solv}{x=0.483700}|c1ccncc1{solv}{x=0.516300}>,Cc1ccccc1N,c1ccncc1,fb-fit-v3-single-mean-k100,2,1.00790046184761,0.0002375344785314,0.9912370000000004,0.000117
16089,2229,dens_1316174752280431242,1074,Density,<Substance Cc1ccccc1N{solv}{x=0.237400}|c1ccncc1{solv}{x=0.762600}>,Cc1ccccc1N,c1ccncc1,fb-fit-v3-single-mean-k100,2,0.9973835478259392,0.0002328689739788,0.9863750000000002,0.000118
16090,2230,dhmix_1371524052813651708,1075,EnthalpyOfMixing,<Substance Cc1ccccc1N{solv}{x=0.482600}|c1ccncc1{solv}{x=0.517400}>,Cc1ccccc1N,c1ccncc1,fb-fit-v3-single-mean-k100,2,-1.6819536110476605,0.0371648081432532,-1.0329,0.02105
16091,2231,dens_2188924364196997512,1076,Density,<Substance Cc1ccccc1N{solv}{x=0.767800}|c1ccncc1{solv}{x=0.232200}>,Cc1ccccc1N,c1ccncc1,fb-fit-v3-single-mean-k100,2,1.013873779740428,0.0002953862911658,0.9936220000000002,0.000117
16092,2232,dens_964556344607822867,1077,Density,<Substance CCCCCCCCC{solv}{x=0.696300}|COC(C)(C)C{solv}{x=0.303700}>,CCCCCCCCC,COC(C)(C)C,fb-fit-v3-single-mean-k100,2,0.7208535189605129,0.000198799745854,0.7173600000000002,0.000295
16093,2233,dhmix_1091489740441728210,1078,EnthalpyOfMixing,<Substance CCCCCCCCC{solv}{x=0.260100}|COC(C)(C)C{solv}{x=0.739900}>,CCCCCCCCC,COC(C)(C)C,fb-fit-v3-single-mean-k100,2,0.5008447034873527,0.0500766564550869,0.371,0.0075
16094,2234,dens_1264105858192356202,1079,Density,<Substance CCCCCCCCC{solv}{x=0.499200}|COC(C)(C)C{solv}{x=0.500800}>,CCCCCCCCC,COC(C)(C)C,fb-fit-v3-single-mean-k100,2,0.7248678079898137,0.0002040616894198,0.7207300000000002,0.00029
16095,2235,dhmix_1760873631242020891,1080,EnthalpyOfMixing,<Substance CCCCCCCCC{solv}{x=0.759600}|COC(C)(C)C{solv}{x=0.240400}>,CCCCCCCCC,COC(C)(C)C,fb-fit-v3-single-mean-k100,2,0.4296731093284194,0.0620668150962896,0.345,0.007
16096,2236,dens_2012579877169955729,1081,Density,<Substance CCCCCCCCC{solv}{x=0.199500}|COC(C)(C)C{solv}{x=0.800500}>,CCCCCCCCC,COC(C)(C)C,fb-fit-v3-single-mean-k100,2,0.7331897141164878,0.0002333697295762,0.7281100000000001,0.000285
16097,2237,dhmix_2200368758776542578,1082,EnthalpyOfMixing,<Substance CCCCCCCCC{solv}{x=0.513300}|COC(C)(C)C{solv}{x=0.486700}>,CCCCCCCCC,COC(C)(C)C,fb-fit-v3-single-mean-k100,2,0.6952644211958727,0.046931458391876,0.486,0.0095
16098,2238,dhmix_972091313059406932,1083,EnthalpyOfMixing,<Substance CCCNCCC{solv}{x=0.248200}|CN(C)C=O{solv}{x=0.751800}>,CCCNCCC,CN(C)C=O,fb-fit-v3-single-mean-k100,2,0.1714678567826979,0.0409824622162463,0.613,0.0195
16099,2239,dhmix_1037416167092316519,1084,EnthalpyOfMixing,<Substance CCCNCCC{solv}{x=0.499500}|CN(C)C=O{solv}{x=0.500500}>,CCCNCCC,CN(C)C=O,fb-fit-v3-single-mean-k100,2,0.1373435989727056,0.0442047773286845,0.748,0.0225
16100,2240,dhmix_1525975551610336413,1085,EnthalpyOfMixing,<Substance CCCNCCC{solv}{x=0.749600}|CN(C)C=O{solv}{x=0.250400}>,CCCNCCC,CN(C)C=O,fb-fit-v3-single-mean-k100,2,0.1118372612181559,0.0486994301757404,0.529,0.017
16101,2241,dens_1610465641813938660,1086,Density,<Substance CCCNCCC{solv}{x=0.745900}|CN(C)C=O{solv}{x=0.254100}>,CCCNCCC,CN(C)C=O,fb-fit-v3-single-mean-k100,2,0.7749968317178775,0.0002154710078533,0.7687320000000002,0.0009355
16102,2242,dens_2129043605695010641,1087,Density,<Substance CCCNCCC{solv}{x=0.503400}|CN(C)C=O{solv}{x=0.496600}>,CCCNCCC,CN(C)C=O,fb-fit-v3-single-mean-k100,2,0.8136636037119587,0.0002146567326786,0.8108000000000002,0.0009885
16103,2243,dens_2129124855081233158,1088,Density,<Substance CCCNCCC{solv}{x=0.252300}|CN(C)C=O{solv}{x=0.747700}>,CCCNCCC,CN(C)C=O,fb-fit-v3-single-mean-k100,2,0.8629705486746023,0.0002279536694754,0.8674480000000002,0.0010625
16104,2244,dhmix_1022139531284796266,1089,EnthalpyOfMixing,<Substance CCCO{solv}{x=0.730200}|O=Cc1ccccc1{solv}{x=0.269800}>,CCCO,O=Cc1ccccc1,fb-fit-v3-single-mean-k100,2,1.437553294473986,0.0400286829519343,1.3784,0.00585
16105,2245,dens_1530410585842005416,1090,Density,<Substance CCCO{solv}{x=0.802500}|O=Cc1ccccc1{solv}{x=0.197500}>,CCCO,O=Cc1ccccc1,fb-fit-v3-single-mean-k100,2,0.8702355454318872,0.0002816405384744,0.8676000000000003,0.0054
16106,2246,dens_1586325098516354010,1091,Density,<Substance CCCO{solv}{x=0.500300}|O=Cc1ccccc1{solv}{x=0.499700}>,CCCO,O=Cc1ccccc1,fb-fit-v3-single-mean-k100,2,0.9522745910637416,0.0002469421995654,0.9470000000000002,0.0035
16107,2247,dhmix_1860362391399300385,1092,EnthalpyOfMixing,<Substance CCCO{solv}{x=0.237400}|O=Cc1ccccc1{solv}{x=0.762600}>,CCCO,O=Cc1ccccc1,fb-fit-v3-single-mean-k100,2,1.277063363873438,0.040665656788929,1.2579,0.0055
16108,2248,dens_2022804020725863961,1093,Density,<Substance CCCO{solv}{x=0.192900}|O=Cc1ccccc1{solv}{x=0.807100}>,CCCO,O=Cc1ccccc1,fb-fit-v3-single-mean-k100,2,1.0159544225661024,0.0001476600020201,1.0128,0.00265
16109,2249,dhmix_2114980631721668598,1094,EnthalpyOfMixing,<Substance CCCO{solv}{x=0.517800}|O=Cc1ccccc1{solv}{x=0.482200}>,CCCO,O=Cc1ccccc1,fb-fit-v3-single-mean-k100,2,1.6224507095507192,0.037156820269301,1.6361,0.00675
16110,2250,dens_1061385011202038988,1095,Density,<Substance CC(C)O{solv}{x=0.495900}|CCCCOCCO{solv}{x=0.504100}>,CC(C)O,CCCCOCCO,fb-fit-v3-single-mean-k100,2,0.8612198220758952,0.0002277524887079,0.8550000000000002,5.450000000000001e-05
16111,2251,dens_1314274960992474794,1096,Density,<Substance CC(C)O{solv}{x=0.292200}|CCCCOCCO{solv}{x=0.707800}>,CC(C)O,CCCCOCCO,fb-fit-v3-single-mean-k100,2,0.8760504197960988,0.0001964264253725,0.8743700000000002,4.600000000000001e-05
16112,2252,dens_1729117108592325655,1097,Density,<Substance CC(C)O{solv}{x=0.743300}|CCCCOCCO{solv}{x=0.256700}>,CC(C)O,CCCCOCCO,fb-fit-v3-single-mean-k100,2,0.8381026182520112,0.0002098846055075,0.8247900000000001,5.600000000000001e-05
16113,2253,dens_1112128096721834081,1098,Density,<Substance CNCCO{solv}{x=0.800900}|O{solv}{x=0.199100}>,CNCCO,O,fb-fit-v3-single-mean-k100,2,0.9682198220834756,0.0003990537230042,0.9466300000000002,0.00032
16114,2254,dens_1381694863030749046,1099,Density,<Substance CNCCO{solv}{x=0.198700}|O{solv}{x=0.801300}>,CNCCO,O,fb-fit-v3-single-mean-k100,2,0.9849012230726224,0.0003166368857418,0.9960300000000002,0.00016
16115,2255,dhmix_1383192140212198237,1100,EnthalpyOfMixing,<Substance CNCCO{solv}{x=0.798800}|O{solv}{x=0.201200}>,CNCCO,O,fb-fit-v3-single-mean-k100,2,-1.5990677321080398,0.0733311853553619,-1.219,0.025
16116,2256,dens_1615304038745182966,1101,Density,<Substance CNCCO{solv}{x=0.504100}|O{solv}{x=0.495900}>,CNCCO,O,fb-fit-v3-single-mean-k100,2,0.9760488927914088,0.0005813118673236,0.9688100000000002,0.000235
16117,2257,dhmix_1902240048183935170,1102,EnthalpyOfMixing,<Substance CNCCO{solv}{x=0.501700}|O{solv}{x=0.498300}>,CNCCO,O,fb-fit-v3-single-mean-k100,2,-2.27928619919777,0.04491582349687,-2.508,0.051
16118,2258,dhmix_2185888808838690563,1103,EnthalpyOfMixing,<Substance CNCCO{solv}{x=0.199200}|O{solv}{x=0.800800}>,CNCCO,O,fb-fit-v3-single-mean-k100,2,-1.4066073227707738,0.0276103207696879,-2.243,0.0455
16119,2259,dens_1155626281932782094,1104,Density,<Substance CCC(C)=O{solv}{x=0.292200}|CN1CCCC1=O{solv}{x=0.707800}>,CCC(C)=O,CN1CCCC1=O,fb-fit-v3-single-mean-k100,2,0.952835728078156,0.0002413319579967,0.9591400000000002,0.00262
16120,2260,dens_1354588388489384902,1105,Density,<Substance CCC(C)=O{solv}{x=0.779300}|CN1CCCC1=O{solv}{x=0.220700}>,CCC(C)=O,CN1CCCC1=O,fb-fit-v3-single-mean-k100,2,0.8449951652614798,0.0002462445053249,0.8467600000000002,0.002595
16121,2261,dhmix_1468142552678388689,1106,EnthalpyOfMixing,<Substance CCC(C)=O{solv}{x=0.484100}|CN1CCCC1=O{solv}{x=0.515900}>,CCC(C)=O,CN1CCCC1=O,fb-fit-v3-single-mean-k100,2,0.1276264087773748,0.0414273161185934,-0.1675,0.00415
16122,2262,dhmix_1545004468946955771,1107,EnthalpyOfMixing,<Substance CCC(C)=O{solv}{x=0.246100}|CN1CCCC1=O{solv}{x=0.753900}>,CCC(C)=O,CN1CCCC1=O,fb-fit-v3-single-mean-k100,2,0.0837589532604479,0.0412406340073801,-0.0999,0.0031
16123,2263,dhmix_1746826813990258300,1108,EnthalpyOfMixing,<Substance CCC(C)=O{solv}{x=0.732400}|CN1CCCC1=O{solv}{x=0.267600}>,CCC(C)=O,CN1CCCC1=O,fb-fit-v3-single-mean-k100,2,0.1523735146498106,0.0416130201806731,-0.0861,0.0029
16124,2264,dens_2035401379156582518,1109,Density,<Substance CCC(C)=O{solv}{x=0.479500}|CN1CCCC1=O{solv}{x=0.520500}>,CCC(C)=O,CN1CCCC1=O,fb-fit-v3-single-mean-k100,2,0.9131686316103244,0.0002061637331213,0.9166100000000004,0.00261
16125,2265,dens_1159403686634788877,1110,Density,<Substance C1CCOCC1{solv}{x=0.253600}|Cc1ccncc1{solv}{x=0.746400}>,C1CCOCC1,Cc1ccncc1,fb-fit-v3-single-mean-k100,2,0.9347515978795298,0.0002025759467392,0.9329390000000002,0.0002125
16126,2266,dhmix_1427533760370073434,1111,EnthalpyOfMixing,<Substance C1CCOCC1{solv}{x=0.241600}|Cc1ccncc1{solv}{x=0.758400}>,C1CCOCC1,Cc1ccncc1,fb-fit-v3-single-mean-k100,2,0.0571457251049967,0.0433830591071434,0.0975,0.001
16127,2267,dens_1586440979425114987,1112,Density,<Substance C1CCOCC1{solv}{x=0.491300}|Cc1ccncc1{solv}{x=0.508700}>,C1CCOCC1,Cc1ccncc1,fb-fit-v3-single-mean-k100,2,0.9164243806759598,0.0002495356065953,0.9162950000000002,0.0002825
16128,2268,dhmix_1681679230288000235,1113,EnthalpyOfMixing,<Substance C1CCOCC1{solv}{x=0.483400}|Cc1ccncc1{solv}{x=0.516600}>,C1CCOCC1,Cc1ccncc1,fb-fit-v3-single-mean-k100,2,0.0209737252832358,0.037400595375552,0.1741,0.00135
16129,2269,dhmix_1854625047398559527,1114,EnthalpyOfMixing,<Substance C1CCOCC1{solv}{x=0.826200}|Cc1ccncc1{solv}{x=0.173800}>,C1CCOCC1,Cc1ccncc1,fb-fit-v3-single-mean-k100,2,0.069657920309794,0.046812214131217,0.0948,0.001
16130,2270,dens_1998279082934343093,1115,Density,<Substance C1CCOCC1{solv}{x=0.826300}|Cc1ccncc1{solv}{x=0.173700}>,C1CCOCC1,Cc1ccncc1,fb-fit-v3-single-mean-k100,2,0.8789366004181496,0.0002500701432846,0.8827950000000002,0.000387
16131,2271,dens_1226224986443053492,1116,Density,<Substance CCOc1ccccc1{solv}{x=0.482600}|OCCc1ccccc1{solv}{x=0.517400}>,CCOc1ccccc1,OCCc1ccccc1,fb-fit-v3-single-mean-k100,2,0.9847593483428778,0.0001785307786569,0.9803700000000002,0.00026
16132,2272,dens_1288457717872177367,1117,Density,<Substance CCOc1ccccc1{solv}{x=0.304100}|OCCc1ccccc1{solv}{x=0.695900}>,CCOc1ccccc1,OCCc1ccccc1,fb-fit-v3-single-mean-k100,2,0.9973374673770704,0.0002683042398937,0.9909900000000004,0.00026
16133,2273,dhmix_1400067757990485972,1118,EnthalpyOfMixing,<Substance CCOc1ccccc1{solv}{x=0.738800}|OCCc1ccccc1{solv}{x=0.261200}>,CCOc1ccccc1,OCCc1ccccc1,fb-fit-v3-single-mean-k100,2,0.9278268262218888,0.0427538872782388,1.1427,0.01225
16134,2274,dens_1419265414647987466,1119,Density,<Substance CCOc1ccccc1{solv}{x=0.792900}|OCCc1ccccc1{solv}{x=0.207100}>,CCOc1ccccc1,OCCc1ccccc1,fb-fit-v3-single-mean-k100,2,0.9649789297772648,0.0001555330148622,0.9624400000000004,0.00026
16135,2275,dhmix_1985234108792038812,1120,EnthalpyOfMixing,<Substance CCOc1ccccc1{solv}{x=0.485200}|OCCc1ccccc1{solv}{x=0.514800}>,CCOc1ccccc1,OCCc1ccccc1,fb-fit-v3-single-mean-k100,2,1.1485726692162217,0.0533520717205694,1.0249,0.011
16136,2276,dhmix_2203675640711482674,1121,EnthalpyOfMixing,<Substance CCOc1ccccc1{solv}{x=0.239100}|OCCc1ccccc1{solv}{x=0.760900}>,CCOc1ccccc1,OCCc1ccccc1,fb-fit-v3-single-mean-k100,2,0.5239976711543051,0.0425535847140767,0.6669,0.0072
16137,2277,dens_1247048173376376516,1122,Density,<Substance CCCCC(=O)OC{solv}{x=0.349300}|COC=O{solv}{x=0.650700}>,CCCCC(=O)OC,COC=O,fb-fit-v3-single-mean-k100,2,0.9328160300853132,0.0002598578508022,0.9198400000000002,0.000115
16138,2278,dens_1283923442255956417,1123,Density,<Substance CCCCC(=O)OC{solv}{x=0.500000}|COC=O{solv}{x=0.500000}>,CCCCC(=O)OC,COC=O,fb-fit-v3-single-mean-k100,2,0.9190504175262526,0.0002394748599939,0.90817,0.00012
16139,2279,dhmix_1491739683552461043,1124,EnthalpyOfMixing,<Substance CCCCC(=O)OC{solv}{x=0.348600}|COC=O{solv}{x=0.651400}>,CCCCC(=O)OC,COC=O,fb-fit-v3-single-mean-k100,2,0.370948109146255,0.0283486241810434,0.422,0.0045
16140,2280,dhmix_1747049492522889097,1125,EnthalpyOfMixing,<Substance CCCCC(=O)OC{solv}{x=0.523200}|COC=O{solv}{x=0.476800}>,CCCCC(=O)OC,COC=O,fb-fit-v3-single-mean-k100,2,0.3113967051538377,0.0404496156705691,0.409,0.0045
16141,2281,dhmix_1990853348078771210,1126,EnthalpyOfMixing,<Substance CCCCC(=O)OC{solv}{x=0.796800}|COC=O{solv}{x=0.203200}>,CCCCC(=O)OC,COC=O,fb-fit-v3-single-mean-k100,2,0.1260035895151112,0.0469633756711302,0.219,0.0025
16142,2282,dens_2269601061883384185,1127,Density,<Substance CCCCC(=O)OC{solv}{x=0.725800}|COC=O{solv}{x=0.274200}>,CCCCC(=O)OC,COC=O,fb-fit-v3-single-mean-k100,2,0.9035160930060672,0.0002145637906948,0.8955000000000002,0.000135
16143,2283,dens_1266839724964377205,1128,Density,<Substance Cn1ccnc1{solv}{x=0.779500}|O{solv}{x=0.220500}>,Cn1ccnc1,O,fb-fit-v3-single-mean-k100,2,1.012639456968625,0.0002528518199231,1.0360000000000005,0.00015
16144,2284,dens_1634862053132906887,1129,Density,<Substance Cn1ccnc1{solv}{x=0.498200}|O{solv}{x=0.501800}>,Cn1ccnc1,O,fb-fit-v3-single-mean-k100,2,1.0120551251944745,0.0002790319985715,1.0416,0.00015
16145,2285,dens_1681126092995837883,1130,Density,<Substance Cn1ccnc1{solv}{x=0.216700}|O{solv}{x=0.783300}>,Cn1ccnc1,O,fb-fit-v3-single-mean-k100,2,1.000770910422862,0.000401199459873,1.0301000000000002,0.0001
16146,2286,dhmix_1311251505653939236,1131,EnthalpyOfMixing,<Substance CC(=O)CC(C)=O{solv}{x=0.598500}|O{solv}{x=0.401500}>,CC(=O)CC(C)=O,O,fb-fit-v3-single-mean-k100,2,0.2750723364185887,0.036821587303894,0.4905,0.00555
16147,2287,dhmix_1367092272310773702,1132,EnthalpyOfMixing,<Substance CC(=O)CC(C)=O{solv}{x=0.749200}|O{solv}{x=0.250800}>,CC(=O)CC(C)=O,O,fb-fit-v3-single-mean-k100,2,0.483148795306306,0.0421468422391159,0.6211,0.00695
16148,2288,dhmix_2033109088651196860,1133,EnthalpyOfMixing,<Substance CC(=O)CC(C)=O{solv}{x=0.200400}|O{solv}{x=0.799600}>,CC(=O)CC(C)=O,O,fb-fit-v3-single-mean-k100,2,-0.0075881591250208,0.0249748729557244,0.1562,0.0021
16149,2289,dens_1319073694995976411,1134,Density,<Substance CC(C)CO{solv}{x=0.762200}|OC1=NCCC1{solv}{x=0.237800}>,CC(C)CO,OC1=NCCC1,fb-fit-v3-single-mean-k100,2,0.8711307909096536,0.0002198388440061,0.8623100000000001,0.000205
16150,2290,dhmix_1817161401911066523,1135,EnthalpyOfMixing,<Substance CC(C)CO{solv}{x=0.754900}|OC1=NCCC1{solv}{x=0.245100}>,CC(C)CO,OC1=NCCC1,fb-fit-v3-single-mean-k100,2,1.493840827595066,0.0437204595503248,0.2989,0.0033
16151,2291,dens_1852757585830259815,1136,Density,<Substance CC(C)CO{solv}{x=0.287400}|OC1=NCCC1{solv}{x=0.712600}>,CC(C)CO,OC1=NCCC1,fb-fit-v3-single-mean-k100,2,0.9874927070929992,0.0003470435215581,1.0078300000000002,0.000155
16152,2292,dhmix_2057245570503088562,1137,EnthalpyOfMixing,<Substance CC(C)CO{solv}{x=0.259800}|OC1=NCCC1{solv}{x=0.740200}>,CC(C)CO,OC1=NCCC1,fb-fit-v3-single-mean-k100,2,1.1518660617586676,0.0396781670135355,0.1798,0.00205
16153,2293,dens_2175875616459255266,1138,Density,<Substance CC(C)CO{solv}{x=0.489400}|OC1=NCCC1{solv}{x=0.510600}>,CC(C)CO,OC1=NCCC1,fb-fit-v3-single-mean-k100,2,0.9371749188665072,0.0002340800042095,0.9431100000000002,0.00017
16154,2294,dhmix_2273039716774959551,1139,EnthalpyOfMixing,<Substance CC(C)CO{solv}{x=0.497800}|OC1=NCCC1{solv}{x=0.502200}>,CC(C)CO,OC1=NCCC1,fb-fit-v3-single-mean-k100,2,1.7213100560517134,0.0404706703545777,0.2775,0.0031
16155,2295,dens_1400897934227212514,1140,Density,<Substance CC(C)CC(C)(C)C{solv}{x=0.541100}|COC(C)=O{solv}{x=0.458900}>,CC(C)CC(C)(C)C,COC(C)=O,fb-fit-v3-single-mean-k100,2,0.7744759487739645,0.0002368467738512,0.7495700000000002,0.000505
16156,2296,dhmix_1534218615961922445,1141,EnthalpyOfMixing,<Substance CC(C)CC(C)(C)C{solv}{x=0.256000}|COC(C)=O{solv}{x=0.744000}>,CC(C)CC(C)(C)C,COC(C)=O,fb-fit-v3-single-mean-k100,2,1.6282456487287489,0.041017838837194,1.385,0.015
16157,2297,dhmix_1663557420681143866,1142,EnthalpyOfMixing,<Substance CC(C)CC(C)(C)C{solv}{x=0.540600}|COC(C)=O{solv}{x=0.459400}>,CC(C)CC(C)(C)C,COC(C)=O,fb-fit-v3-single-mean-k100,2,2.01643266653953,0.0456860044336926,1.759,0.019
16158,2298,dens_1833608859418637606,1143,Density,<Substance CC(C)CC(C)(C)C{solv}{x=0.736400}|COC(C)=O{solv}{x=0.263600}>,CC(C)CC(C)(C)C,COC(C)=O,fb-fit-v3-single-mean-k100,2,0.7455387392623393,0.0002113668578072,0.7171000000000002,0.00015
16159,2299,dhmix_1913788848230724771,1144,EnthalpyOfMixing,<Substance CC(C)CC(C)(C)C{solv}{x=0.783300}|COC(C)=O{solv}{x=0.216700}>,CC(C)CC(C)(C)C,COC(C)=O,fb-fit-v3-single-mean-k100,2,1.508015319567107,0.0429356000445386,1.149,0.0125
16160,2300,dens_2018568384717712900,1145,Density,<Substance CC(C)CC(C)(C)C{solv}{x=0.238900}|COC(C)=O{solv}{x=0.761100}>,CC(C)CC(C)(C)C,COC(C)=O,fb-fit-v3-single-mean-k100,2,0.8432411031418046,0.0002668223348067,0.8248000000000002,0.0001
16161,2301,dens_1465225466328543955,1146,Density,<Substance Cc1cccnc1{solv}{x=0.225000}|O{solv}{x=0.775000}>,Cc1cccnc1,O,fb-fit-v3-single-mean-k100,2,0.9670572401193108,0.0002554707274035,0.9921000000000002,0.0003
16162,2302,dens_1644445312716340330,1147,Density,<Substance Cc1cccnc1{solv}{x=0.500000}|O{solv}{x=0.500000}>,Cc1cccnc1,O,fb-fit-v3-single-mean-k100,2,0.9600517549595282,0.0002499176476804,0.9797000000000002,0.0003
16163,2303,dens_2262998332454406432,1148,Density,<Substance Cc1cccnc1{solv}{x=0.700000}|O{solv}{x=0.300000}>,Cc1cccnc1,O,fb-fit-v3-single-mean-k100,2,0.9584358899024584,0.0002394928774791,0.9690000000000002,0.0003
16164,2304,dens_1601780542508306264,1149,Density,<Substance CC(=O)N(C)C{solv}{x=0.771800}|CCOC(C)=O{solv}{x=0.228200}>,CC(=O)N(C)C,CCOC(C)=O,fb-fit-v3-single-mean-k100,2,0.9092372998248048,0.0002181572040656,0.9286200000000002,0.000185
16165,2305,dens_2126546638582188774,1150,Density,<Substance CC(=O)N(C)C{solv}{x=0.464600}|CCOC(C)=O{solv}{x=0.535400}>,CC(=O)N(C)C,CCOC(C)=O,fb-fit-v3-single-mean-k100,2,0.9091203273708048,0.0002473752339814,0.9166300000000002,0.00022
16166,2306,dens_2159432384130350508,1151,Density,<Substance CC(=O)N(C)C{solv}{x=0.233100}|CCOC(C)=O{solv}{x=0.766900}>,CC(=O)N(C)C,CCOC(C)=O,fb-fit-v3-single-mean-k100,2,0.908125998361648,0.0002644830943255,0.9064300000000002,0.000245
16167,2307,dens_1713891284028890335,1152,Density,<Substance CC(=O)O{solv}{x=0.798900}|CCOC(C)=O{solv}{x=0.201100}>,CC(=O)O,CCOC(C)=O,fb-fit-v3-single-mean-k100,2,1.02850890588727,0.0002939927525943,0.9996600000000002,0.000225
16168,2308,dens_1856345418041920174,1153,Density,<Substance CC(=O)O{solv}{x=0.500700}|CCOC(C)=O{solv}{x=0.499300}>,CC(=O)O,CCOC(C)=O,fb-fit-v3-single-mean-k100,2,0.9717729946498688,0.0002827656011522,0.9514000000000002,0.00018
16169,2309,dens_2035334988982485653,1154,Density,<Substance CC(=O)O{solv}{x=0.294400}|CCOC(C)=O{solv}{x=0.705600}>,CC(=O)O,CCOC(C)=O,fb-fit-v3-single-mean-k100,2,0.941578505218982,0.0002620070256252,0.9255000000000002,0.00016
16170,2310,dhmix_592425981731704,0,EnthalpyOfMixing,<Substance C1CCCCC1{solv}{x=0.100300}|Cc1ccccc1{solv}{x=0.899700}>,C1CCCCC1,Cc1ccccc1,fb-fit-v3-single-mean-k100,3,0.2782328956910902,0.0429249306979641,0.2015,0.0015
16171,2311,dens_191923210986624643,1,Density,<Substance C1CCCCC1{solv}{x=0.697700}|Cc1ccccc1{solv}{x=0.302300}>,C1CCCCC1,Cc1ccccc1,fb-fit-v3-single-mean-k100,3,0.7836430112295011,0.0002397825593451,0.7818000000000002,0.00041
16172,2312,dens_699555827256664507,2,Density,<Substance C1CCCCC1{solv}{x=0.100000}|Cc1ccccc1{solv}{x=0.900000}>,C1CCCCC1,Cc1ccccc1,fb-fit-v3-single-mean-k100,3,0.8479506453676376,0.0002204483358778,0.8378000000000001,0.00025
16173,2313,dhmix_997331474504366167,3,EnthalpyOfMixing,<Substance C1CCCCC1{solv}{x=0.697900}|Cc1ccccc1{solv}{x=0.302100}>,C1CCCCC1,Cc1ccccc1,fb-fit-v3-single-mean-k100,3,0.6758253067638691,0.0466400843445301,0.5221,0.0034
16174,2314,dhmix_1586684551148150215,4,EnthalpyOfMixing,<Substance C1CCCCC1{solv}{x=0.397600}|Cc1ccccc1{solv}{x=0.602400}>,C1CCCCC1,Cc1ccccc1,fb-fit-v3-single-mean-k100,3,0.7167336335704988,0.040046397984825,0.5887,0.0038
16175,2315,dens_1809100412119556796,5,Density,<Substance C1CCCCC1{solv}{x=0.397500}|Cc1ccccc1{solv}{x=0.602500}>,C1CCCCC1,Cc1ccccc1,fb-fit-v3-single-mean-k100,3,0.8288828962223248,0.0002062841800118,0.8228000000000002,0.0002
16176,2316,dhmix_1261378482688431,6,EnthalpyOfMixing,<Substance CCC(C)=O{solv}{x=0.510600}|Nc1ccccc1{solv}{x=0.489400}>,CCC(C)=O,Nc1ccccc1,fb-fit-v3-single-mean-k100,3,-0.3786850912577222,0.0396690281652165,-1.173,0.0125
16177,2317,dhmix_157258283975731553,7,EnthalpyOfMixing,<Substance CCC(C)=O{solv}{x=0.901800}|Nc1ccccc1{solv}{x=0.098200}>,CCC(C)=O,Nc1ccccc1,fb-fit-v3-single-mean-k100,3,-0.4125658583544531,0.0374230125816927,-0.469,0.005
16178,2318,dens_610648476268376520,8,Density,<Substance CCC(C)=O{solv}{x=0.502600}|Nc1ccccc1{solv}{x=0.497400}>,CCC(C)=O,Nc1ccccc1,fb-fit-v3-single-mean-k100,3,0.9321650540269478,0.0002110355495168,0.9213850000000002,5.650000000000002e-05
16179,2319,dens_1388487494953421117,9,Density,<Substance CCC(C)=O{solv}{x=0.901900}|Nc1ccccc1{solv}{x=0.098100}>,CCC(C)=O,Nc1ccccc1,fb-fit-v3-single-mean-k100,3,0.8233596270219198,0.0002279559265775,0.8265540000000001,7.200000000000002e-05
16180,2320,dhmix_1389656513678923263,10,EnthalpyOfMixing,<Substance CCC(C)=O{solv}{x=0.209900}|Nc1ccccc1{solv}{x=0.790100}>,CCC(C)=O,Nc1ccccc1,fb-fit-v3-single-mean-k100,3,-0.0101790333224087,0.0429685610671917,-0.648,0.007
16181,2321,dens_2115628806769415578,11,Density,<Substance CCC(C)=O{solv}{x=0.256300}|Nc1ccccc1{solv}{x=0.743700}>,CCC(C)=O,Nc1ccccc1,fb-fit-v3-single-mean-k100,3,0.9977610434741946,0.0002084089236047,0.9712300000000004,4.900000000000001e-05
16182,2322,dens_1379242187515209,12,Density,<Substance CC#N{solv}{x=0.795200}|CCCCOCCCC{solv}{x=0.204800}>,CC#N,CCCCOCCCC,fb-fit-v3-single-mean-k100,3,0.7604920169995946,0.0002660424921566,0.7708800000000002,0.000245
16183,2323,dhmix_575991096898484441,13,EnthalpyOfMixing,<Substance CC#N{solv}{x=0.488600}|CCCCOCCCC{solv}{x=0.511400}>,CC#N,CCCCOCCCC,fb-fit-v3-single-mean-k100,3,0.5953444742222374,0.0439271092499795,1.26543,0.00796
16184,2324,dhmix_1182924089945476872,14,EnthalpyOfMixing,<Substance CC#N{solv}{x=0.241600}|CCCCOCCCC{solv}{x=0.758400}>,CC#N,CCCCOCCCC,fb-fit-v3-single-mean-k100,3,0.4902084244019704,0.0568283960363515,0.94593,0.00601
16185,2325,dhmix_1244492966201685063,15,EnthalpyOfMixing,<Substance CC#N{solv}{x=0.795200}|CCCCOCCCC{solv}{x=0.204800}>,CC#N,CCCCOCCCC,fb-fit-v3-single-mean-k100,3,0.4530171709182911,0.0346422417610409,0.94289,0.005995
16186,2326,dens_2044032309137951705,16,Density,<Substance CC#N{solv}{x=0.245500}|CCCCOCCCC{solv}{x=0.754500}>,CC#N,CCCCOCCCC,fb-fit-v3-single-mean-k100,3,0.7641399079967323,0.0001920426090642,0.7653000000000001,0.00028
16187,2327,dens_2211436825174998797,17,Density,<Substance CC#N{solv}{x=0.509800}|CCCCOCCCC{solv}{x=0.490200}>,CC#N,CCCCOCCCC,fb-fit-v3-single-mean-k100,3,0.7637203398913605,0.0002371540341651,0.7671500000000001,0.00026
16188,2328,dens_1820034175228694,18,Density,<Substance C1CCCCC1{solv}{x=0.540900}|CN1CCCC1=O{solv}{x=0.459100}>,C1CCCCC1,CN1CCCC1=O,fb-fit-v3-single-mean-k100,3,0.8699910661550665,0.0001915948314913,0.8757100000000002,0.000335
16189,2329,dhmix_1335365307191460458,19,EnthalpyOfMixing,<Substance C1CCCCC1{solv}{x=0.751800}|CN1CCCC1=O{solv}{x=0.248200}>,C1CCCCC1,CN1CCCC1=O,fb-fit-v3-single-mean-k100,3,1.511816717967207,0.0428582214059178,1.1998,0.01285
16190,2330,dens_1375048033230012198,20,Density,<Substance C1CCCCC1{solv}{x=0.733200}|CN1CCCC1=O{solv}{x=0.266800}>,C1CCCCC1,CN1CCCC1=O,fb-fit-v3-single-mean-k100,3,0.8245320083355099,0.0001902259421747,0.8287300000000002,0.0004
16191,2331,dhmix_1563298635135474599,21,EnthalpyOfMixing,<Substance C1CCCCC1{solv}{x=0.278900}|CN1CCCC1=O{solv}{x=0.721100}>,C1CCCCC1,CN1CCCC1=O,fb-fit-v3-single-mean-k100,3,1.6018935509906385,0.0428920071003636,1.2061,0.0129
16192,2332,dens_1606235786379262481,22,Density,<Substance C1CCCCC1{solv}{x=0.227500}|CN1CCCC1=O{solv}{x=0.772500}>,C1CCCCC1,CN1CCCC1=O,fb-fit-v3-single-mean-k100,3,0.9485118740376152,0.0001309259079418,0.9583800000000002,0.000245
16193,2333,dhmix_1683219349338278021,23,EnthalpyOfMixing,<Substance C1CCCCC1{solv}{x=0.473400}|CN1CCCC1=O{solv}{x=0.526600}>,C1CCCCC1,CN1CCCC1=O,fb-fit-v3-single-mean-k100,3,1.8271787646846676,0.0433800994052627,1.4691,0.0157
16194,2334,dens_4438302718372985,24,Density,<Substance BrCCCCBr{solv}{x=0.717000}|COC=O{solv}{x=0.283000}>,BrCCCCBr,COC=O,fb-fit-v3-single-mean-k100,3,1.6528531754065197,0.0004460498993478,1.6702600000000003,0.00259
16195,2335,dhmix_369816950910078034,25,EnthalpyOfMixing,<Substance BrCCCCBr{solv}{x=0.778200}|COC=O{solv}{x=0.221800}>,BrCCCCBr,COC=O,fb-fit-v3-single-mean-k100,3,0.6861208357177091,0.0406481550858286,0.6355,0.0057
16196,2336,dens_460757700461114532,26,Density,<Substance BrCCCCBr{solv}{x=0.495800}|COC=O{solv}{x=0.504200}>,BrCCCCBr,COC=O,fb-fit-v3-single-mean-k100,3,1.5093276207735236,0.0004007802350317,1.5176800000000004,0.001885
16197,2337,dhmix_1496821399278454353,27,EnthalpyOfMixing,<Substance BrCCCCBr{solv}{x=0.265400}|COC=O{solv}{x=0.734600}>,BrCCCCBr,COC=O,fb-fit-v3-single-mean-k100,3,0.8870084284525497,0.0355209420568093,0.8185,0.00715
16198,2338,dens_1750413656870357630,28,Density,<Substance BrCCCCBr{solv}{x=0.225800}|COC=O{solv}{x=0.774200}>,BrCCCCBr,COC=O,fb-fit-v3-single-mean-k100,3,1.27345443201913,0.0004071335049043,1.2671300000000003,0.00104
16199,2339,dhmix_1802862930607761431,29,EnthalpyOfMixing,<Substance BrCCCCBr{solv}{x=0.482000}|COC=O{solv}{x=0.518000}>,BrCCCCBr,COC=O,fb-fit-v3-single-mean-k100,3,1.019284370168318,0.040340790587718,1.0243,0.0087
16200,2340,dhmix_8447570649359775,30,EnthalpyOfMixing,<Substance OCCO{solv}{x=0.481700}|OCc1ccccc1{solv}{x=0.518300}>,OCCO,OCc1ccccc1,fb-fit-v3-single-mean-k100,3,0.3989959799253242,0.0471230356440922,0.201,0.00465
16201,2341,dens_824372741354282107,31,Density,<Substance OCCO{solv}{x=0.505700}|OCc1ccccc1{solv}{x=0.494300}>,OCCO,OCc1ccccc1,fb-fit-v3-single-mean-k100,3,1.0684880532110126,0.0002595818838284,1.0579000000000005,0.00027
16202,2342,dens_1105173553343721111,32,Density,<Substance OCCO{solv}{x=0.737100}|OCc1ccccc1{solv}{x=0.262900}>,OCCO,OCc1ccccc1,fb-fit-v3-single-mean-k100,3,1.0879701678824356,0.000304769236225,1.0753200000000005,0.000275
16203,2343,dhmix_1362282802315816638,33,EnthalpyOfMixing,<Substance OCCO{solv}{x=0.736100}|OCc1ccccc1{solv}{x=0.263900}>,OCCO,OCc1ccccc1,fb-fit-v3-single-mean-k100,3,0.2667172207200536,0.0504195797249395,0.1383,0.0037
16204,2344,dhmix_1666683879028583081,34,EnthalpyOfMixing,<Substance OCCO{solv}{x=0.236500}|OCc1ccccc1{solv}{x=0.763500}>,OCCO,OCc1ccccc1,fb-fit-v3-single-mean-k100,3,0.2071001197353013,0.0493045745200184,0.209,0.0048
16205,2345,dens_1698159396404241323,35,Density,<Substance OCCO{solv}{x=0.262200}|OCc1ccccc1{solv}{x=0.737800}>,OCCO,OCc1ccccc1,fb-fit-v3-single-mean-k100,3,1.0555685775152486,0.0002158986008253,1.0442900000000002,0.000265
16206,2346,dens_8507121971977381,36,Density,<Substance CCOC(C)(C)C{solv}{x=0.505000}|Cc1ccccc1{solv}{x=0.495000}>,CCOC(C)(C)C,Cc1ccccc1,fb-fit-v3-single-mean-k100,3,0.8080258146529858,0.0002311988473096,0.7937390000000002,0.000467
16207,2347,dens_499290591626962121,37,Density,<Substance CCOC(C)(C)C{solv}{x=0.217000}|Cc1ccccc1{solv}{x=0.783000}>,CCOC(C)(C)C,Cc1ccccc1,fb-fit-v3-single-mean-k100,3,0.8447046064996924,0.0002466020075637,0.8314450000000002,0.000411
16208,2348,dhmix_820491025608256793,38,EnthalpyOfMixing,<Substance CCOC(C)(C)C{solv}{x=0.501900}|Cc1ccccc1{solv}{x=0.498100}>,CCOC(C)(C)C,Cc1ccccc1,fb-fit-v3-single-mean-k100,3,-0.2704158129306933,0.0433895771251294,-0.046,0.00055
16209,2349,dhmix_1374163681483564129,39,EnthalpyOfMixing,<Substance CCOC(C)(C)C{solv}{x=0.248900}|Cc1ccccc1{solv}{x=0.751100}>,CCOC(C)(C)C,Cc1ccccc1,fb-fit-v3-single-mean-k100,3,-0.1759062431630127,0.0489647540054795,-0.0324,0.0005
16210,2350,dens_1904998692863983733,40,Density,<Substance CCOC(C)(C)C{solv}{x=0.701000}|Cc1ccccc1{solv}{x=0.299000}>,CCOC(C)(C)C,Cc1ccccc1,fb-fit-v3-single-mean-k100,3,0.783909449268738,0.0002166157270692,0.7696300000000001,0.000503
16211,2351,dhmix_1982853461678580310,41,EnthalpyOfMixing,<Substance CCOC(C)(C)C{solv}{x=0.749500}|Cc1ccccc1{solv}{x=0.250500}>,CCOC(C)(C)C,Cc1ccccc1,fb-fit-v3-single-mean-k100,3,-0.1024919492516147,0.0478003578014295,-0.0348,0.0005
16212,2352,dhmix_13624411991961099,42,EnthalpyOfMixing,<Substance C1CCOCC1{solv}{x=0.237900}|Cc1ccccc1N{solv}{x=0.762100}>,C1CCOCC1,Cc1ccccc1N,fb-fit-v3-single-mean-k100,3,-0.1816628022184259,0.0441855261173179,-0.3658,0.004
16213,2353,dhmix_510299013171775812,43,EnthalpyOfMixing,<Substance C1CCOCC1{solv}{x=0.741000}|Cc1ccccc1N{solv}{x=0.259000}>,C1CCOCC1,Cc1ccccc1N,fb-fit-v3-single-mean-k100,3,-0.3630291289949383,0.0412654655485766,-0.4892,0.0053
16214,2354,dhmix_1337006691942958969,44,EnthalpyOfMixing,<Substance C1CCOCC1{solv}{x=0.490100}|Cc1ccccc1N{solv}{x=0.509900}>,C1CCOCC1,Cc1ccccc1N,fb-fit-v3-single-mean-k100,3,-0.4100668728890149,0.0465151749324714,-0.5715,0.0062
16215,2355,dens_1448062547628404156,45,Density,<Substance C1CCOCC1{solv}{x=0.727900}|Cc1ccccc1N{solv}{x=0.272100}>,C1CCOCC1,Cc1ccccc1N,fb-fit-v3-single-mean-k100,3,0.920611153177896,0.0002172911177876,0.91866,0.000285
16216,2356,dens_2171966897328079405,46,Density,<Substance C1CCOCC1{solv}{x=0.498600}|Cc1ccccc1N{solv}{x=0.501400}>,C1CCOCC1,Cc1ccccc1N,fb-fit-v3-single-mean-k100,3,0.9549236619750546,0.0002570634637669,0.9459860000000002,0.0002275
16217,2357,dens_2201621104799327758,47,Density,<Substance C1CCOCC1{solv}{x=0.229700}|Cc1ccccc1N{solv}{x=0.770300}>,C1CCOCC1,Cc1ccccc1N,fb-fit-v3-single-mean-k100,3,0.9917219421421598,0.0002018908604327,0.9734540000000002,0.000164
16218,2358,dens_15008167137789802,48,Density,<Substance CCCCCl{solv}{x=0.299200}|CN(C)C=O{solv}{x=0.700800}>,CCCCCl,CN(C)C=O,fb-fit-v3-single-mean-k100,3,0.9092452230609852,0.000243561724282,0.9218000000000002,0.0002
16219,2359,dens_550868133232739009,49,Density,<Substance CCCCCl{solv}{x=0.701200}|CN(C)C=O{solv}{x=0.298800}>,CCCCCl,CN(C)C=O,fb-fit-v3-single-mean-k100,3,0.8862225042429402,0.0003473826215795,0.8963000000000002,0.0002
16220,2360,dhmix_1315230298567753558,50,EnthalpyOfMixing,<Substance CCCCCl{solv}{x=0.793000}|CN(C)C=O{solv}{x=0.207000}>,CCCCCl,CN(C)C=O,fb-fit-v3-single-mean-k100,3,0.6745140345255578,0.0362367967104729,0.404,0.003
16221,2361,dhmix_1929975181819720491,51,EnthalpyOfMixing,<Substance CCCCCl{solv}{x=0.493000}|CN(C)C=O{solv}{x=0.507000}>,CCCCCl,CN(C)C=O,fb-fit-v3-single-mean-k100,3,0.9776013643251886,0.0360381448914282,0.571,0.003
16222,2362,dhmix_1976787548784045784,52,EnthalpyOfMixing,<Substance CCCCCl{solv}{x=0.295000}|CN(C)C=O{solv}{x=0.705000}>,CCCCCl,CN(C)C=O,fb-fit-v3-single-mean-k100,3,0.8044994371046812,0.0374559557581095,0.467,0.003
16223,2363,dens_2008819185276371643,53,Density,<Substance CCCCCl{solv}{x=0.499000}|CN(C)C=O{solv}{x=0.501000}>,CCCCCl,CN(C)C=O,fb-fit-v3-single-mean-k100,3,0.898196402218395,0.0002613761515776,0.9086000000000002,0.0002
16224,2364,dens_16755306936326197,54,Density,<Substance Cc1ccccc1N{solv}{x=0.255700}|Cc1ccccn1{solv}{x=0.744300}>,Cc1ccccc1N,Cc1ccccn1,fb-fit-v3-single-mean-k100,3,0.9704364097005668,0.000159044851124,0.9597930000000002,0.000307
16225,2365,dens_238666738854407136,55,Density,<Substance Cc1ccccc1N{solv}{x=0.514600}|Cc1ccccn1{solv}{x=0.485400}>,Cc1ccccc1N,Cc1ccccn1,fb-fit-v3-single-mean-k100,3,0.990030239537921,0.0002056389151463,0.9748990000000002,0.0002315
16226,2366,dhmix_1909144841681931250,56,EnthalpyOfMixing,<Substance Cc1ccccc1N{solv}{x=0.488200}|Cc1ccccn1{solv}{x=0.511800}>,Cc1ccccc1N,Cc1ccccn1,fb-fit-v3-single-mean-k100,3,-1.6250112003255808,0.0464899939802548,-1.4976,0.0305
16227,2367,dens_1945534954282706534,57,Density,<Substance Cc1ccccc1N{solv}{x=0.757100}|Cc1ccccn1{solv}{x=0.242900}>,Cc1ccccc1N,Cc1ccccn1,fb-fit-v3-single-mean-k100,3,1.0052209595192088,0.0001731337176883,0.9854410000000002,0.000169
16228,2368,dhmix_2038606904928978856,58,EnthalpyOfMixing,<Substance Cc1ccccc1N{solv}{x=0.782100}|Cc1ccccn1{solv}{x=0.217900}>,Cc1ccccc1N,Cc1ccccn1,fb-fit-v3-single-mean-k100,3,-0.7187500340070052,0.0459845604172096,-0.8656,0.01775
16229,2369,dhmix_2125558080831870503,59,EnthalpyOfMixing,<Substance Cc1ccccc1N{solv}{x=0.273600}|Cc1ccccn1{solv}{x=0.726400}>,Cc1ccccc1N,Cc1ccccn1,fb-fit-v3-single-mean-k100,3,-1.4415815828468863,0.0423463362316692,-1.2462,0.0254
16230,2370,dens_19028061622240549,60,Density,<Substance CN(C)CCO{solv}{x=0.296200}|CO{solv}{x=0.703800}>,CN(C)CCO,CO,fb-fit-v3-single-mean-k100,3,0.8494525487638194,0.0002968311390411,0.8506500000000001,0.00014
16231,2371,dens_186649390549115907,61,Density,<Substance CN(C)CCO{solv}{x=0.502000}|CO{solv}{x=0.498000}>,CN(C)CCO,CO,fb-fit-v3-single-mean-k100,3,0.8755370806936892,0.0002256350521028,0.8684000000000002,0.000155
16232,2372,dhmix_1453612193040378117,62,EnthalpyOfMixing,<Substance CN(C)CCO{solv}{x=0.497200}|CO{solv}{x=0.502800}>,CN(C)CCO,CO,fb-fit-v3-single-mean-k100,3,-1.3533460550456624,0.0389606523747297,-0.8673,0.00935
16233,2373,dens_1978392691277508278,63,Density,<Substance CN(C)CCO{solv}{x=0.707500}|CO{solv}{x=0.292500}>,CN(C)CCO,CO,fb-fit-v3-single-mean-k100,3,0.8911661900806012,0.0002573097529531,0.8766100000000002,0.00017
16234,2374,dhmix_2113387918969192804,64,EnthalpyOfMixing,<Substance CN(C)CCO{solv}{x=0.247900}|CO{solv}{x=0.752100}>,CN(C)CCO,CO,fb-fit-v3-single-mean-k100,3,-1.0787078365187028,0.0297655999900282,-0.8057,0.0087
16235,2375,dhmix_2220842061395014218,65,EnthalpyOfMixing,<Substance CN(C)CCO{solv}{x=0.750600}|CO{solv}{x=0.249400}>,CN(C)CCO,CO,fb-fit-v3-single-mean-k100,3,-0.908640501472533,0.039927285240383,-0.5322,0.00585
16236,2376,dhmix_21994921667950318,66,EnthalpyOfMixing,<Substance C=CCCCC{solv}{x=0.500100}|CCCO{solv}{x=0.499900}>,C=CCCCC,CCCO,fb-fit-v3-single-mean-k100,3,0.5471207714069166,0.0417976858295059,0.595,0.0055
16237,2377,dens_62854823056490751,67,Density,<Substance C=CCCCC{solv}{x=0.150300}|CCCO{solv}{x=0.849700}>,C=CCCCC,CCCO,fb-fit-v3-single-mean-k100,3,0.7713924418242788,0.0001830221348487,0.7704980000000002,0.0001845
16238,2378,dens_294296714501123310,68,Density,<Substance C=CCCCC{solv}{x=0.499100}|CCCO{solv}{x=0.500900}>,C=CCCCC,CCCO,fb-fit-v3-single-mean-k100,3,0.7145591923407053,0.0002538809219561,0.7176450000000002,0.0002145
16239,2379,dhmix_829065315899278784,69,EnthalpyOfMixing,<Substance C=CCCCC{solv}{x=0.750000}|CCCO{solv}{x=0.250000}>,C=CCCCC,CCCO,fb-fit-v3-single-mean-k100,3,0.593597672754143,0.0435011168947573,0.682,0.006
16240,2380,dens_2024397702416079279,70,Density,<Substance C=CCCCC{solv}{x=0.745600}|CCCO{solv}{x=0.254400}>,C=CCCCC,CCCO,fb-fit-v3-single-mean-k100,3,0.6849433951730238,0.0002412838849568,0.6899770000000002,0.0002305
16241,2381,dhmix_2167083041249157622,71,EnthalpyOfMixing,<Substance C=CCCCC{solv}{x=0.150100}|CCCO{solv}{x=0.849900}>,C=CCCCC,CCCO,fb-fit-v3-single-mean-k100,3,0.2073034265784983,0.0396688952933062,0.192,0.005
16242,2382,dhmix_22428169890990447,72,EnthalpyOfMixing,<Substance CC1(C)C(=O)[C@]2(C)CC[C@H]1C2{solv}{x=0.286000}|CCO{solv}{x=0.714000}>,CC1(C)C(=O)[C@]2(C)CC[C@H]1C2,CCO,fb-fit-v3-single-mean-k100,3,0.9710610623165792,0.0398941879840391,0.876,0.0265
16243,2383,dhmix_57626661746168078,73,EnthalpyOfMixing,<Substance CC1(C)C(=O)[C@]2(C)CC[C@H]1C2{solv}{x=0.701000}|CCO{solv}{x=0.299000}>,CC1(C)C(=O)[C@]2(C)CC[C@H]1C2,CCO,fb-fit-v3-single-mean-k100,3,1.074264500179538,0.0526756745284483,1.0,0.0305
16244,2384,dhmix_287041928444283276,74,EnthalpyOfMixing,<Substance CC1(C)C(=O)[C@]2(C)CC[C@H]1C2{solv}{x=0.488000}|CCO{solv}{x=0.512000}>,CC1(C)C(=O)[C@]2(C)CC[C@H]1C2,CCO,fb-fit-v3-single-mean-k100,3,1.35941097541928,0.0461388208075559,1.109,0.0335
16245,2385,dens_618487453946854895,75,Density,<Substance CC1(C)C(=O)[C@]2(C)CC[C@H]1C2{solv}{x=0.501200}|CCO{solv}{x=0.498800}>,CC1(C)C(=O)[C@]2(C)CC[C@H]1C2,CCO,fb-fit-v3-single-mean-k100,3,0.9244803671064152,0.000256156572105,0.9005900000000002,5.5000000000000016e-05
16246,2386,dens_1408969463542558504,76,Density,<Substance CC1(C)C(=O)[C@]2(C)CC[C@H]1C2{solv}{x=0.789700}|CCO{solv}{x=0.210300}>,CC1(C)C(=O)[C@]2(C)CC[C@H]1C2,CCO,fb-fit-v3-single-mean-k100,3,0.956180839697267,0.000298050697699,0.9274800000000002,6.0000000000000015e-05
16247,2387,dens_2053919413592536040,77,Density,<Substance CC1(C)C(=O)[C@]2(C)CC[C@H]1C2{solv}{x=0.200200}|CCO{solv}{x=0.799800}>,CC1(C)C(=O)[C@]2(C)CC[C@H]1C2,CCO,fb-fit-v3-single-mean-k100,3,0.8658100827370961,0.0002826403027524,0.8499000000000002,6.500000000000002e-05
16248,2388,dhmix_24700325920498635,78,EnthalpyOfMixing,<Substance CCC(C)(C)O{solv}{x=0.799400}|CCOC(C)(C)CC{solv}{x=0.200600}>,CCC(C)(C)O,CCOC(C)(C)CC,fb-fit-v3-single-mean-k100,3,0.4140805016895506,0.077607896701496,0.448,0.0073
16249,2389,dhmix_252628078473967793,79,EnthalpyOfMixing,<Substance CCC(C)(C)O{solv}{x=0.299700}|CCOC(C)(C)CC{solv}{x=0.700300}>,CCC(C)(C)O,CCOC(C)(C)CC,fb-fit-v3-single-mean-k100,3,0.9045913268266048,0.0489827311571618,0.9727,0.0132
16250,2390,dens_281609537293621351,80,Density,<Substance CCC(C)(C)O{solv}{x=0.799400}|CCOC(C)(C)CC{solv}{x=0.200600}>,CCC(C)(C)O,CCOC(C)(C)CC,fb-fit-v3-single-mean-k100,3,0.8075850533816272,0.0002638702122938,0.7932000000000002,0.00025
16251,2391,dhmix_980734994193955874,81,EnthalpyOfMixing,<Substance CCC(C)(C)O{solv}{x=0.498700}|CCOC(C)(C)CC{solv}{x=0.501300}>,CCC(C)(C)O,CCOC(C)(C)CC,fb-fit-v3-single-mean-k100,3,0.8545977433713858,0.0484005556407974,0.8937,0.01225
16252,2392,dens_1165049856972872340,82,Density,<Substance CCC(C)(C)O{solv}{x=0.498700}|CCOC(C)(C)CC{solv}{x=0.501300}>,CCC(C)(C)O,CCOC(C)(C)CC,fb-fit-v3-single-mean-k100,3,0.7876263046078645,0.0001983624467247,0.7789000000000001,0.0002
16253,2393,dens_2297026976830009992,83,Density,<Substance CCC(C)(C)O{solv}{x=0.299700}|CCOC(C)(C)CC{solv}{x=0.700300}>,CCC(C)(C)O,CCOC(C)(C)CC,fb-fit-v3-single-mean-k100,3,0.7766387567478219,0.0002092845361185,0.7709000000000001,0.0002
16254,2394,dens_25810987980199799,84,Density,<Substance CCCCCC{solv}{x=0.158800}|Cc1ccccc1{solv}{x=0.841200}>,CCCCCC,Cc1ccccc1,fb-fit-v3-single-mean-k100,3,0.8332897408088538,0.0002142697463706,0.8226300000000002,0.000335
16255,2395,dens_574637447996217594,85,Density,<Substance CCCCCC{solv}{x=0.501100}|Cc1ccccc1{solv}{x=0.498900}>,CCCCCC,Cc1ccccc1,fb-fit-v3-single-mean-k100,3,0.7541318907285505,0.000214416667352,0.7484400000000002,0.00015
16256,2396,dhmix_1373657903424456878,86,EnthalpyOfMixing,<Substance CCCCCC{solv}{x=0.158600}|Cc1ccccc1{solv}{x=0.841400}>,CCCCCC,Cc1ccccc1,fb-fit-v3-single-mean-k100,3,0.4036190576069316,0.0454560779280131,0.3163,0.0043
16257,2397,dhmix_1383995974797334848,87,EnthalpyOfMixing,<Substance CCCCCC{solv}{x=0.472300}|Cc1ccccc1{solv}{x=0.527700}>,CCCCCC,Cc1ccccc1,fb-fit-v3-single-mean-k100,3,0.7655280963980857,0.0423874317466066,0.5467,0.00715
16258,2398,dhmix_1412344026798360911,88,EnthalpyOfMixing,<Substance CCCCCC{solv}{x=0.748400}|Cc1ccccc1{solv}{x=0.251600}>,CCCCCC,Cc1ccccc1,fb-fit-v3-single-mean-k100,3,0.5274856599812949,0.0395121045740202,0.393,0.00525
16259,2399,dens_2241575426887298365,89,Density,<Substance CCCCCC{solv}{x=0.733800}|Cc1ccccc1{solv}{x=0.266200}>,CCCCCC,Cc1ccccc1,fb-fit-v3-single-mean-k100,3,0.7051893813012224,0.0001887070251298,0.7020900000000002,0.000305
16260,2400,dens_27241401908451167,90,Density,<Substance CN(C)C=O{solv}{x=0.503500}|Cc1ccccc1Cl{solv}{x=0.496500}>,CN(C)C=O,Cc1ccccc1Cl,fb-fit-v3-single-mean-k100,3,1.0260940996791488,0.0002478851516738,1.0247000000000004,0.0005
16261,2401,dhmix_674882857451857086,91,EnthalpyOfMixing,<Substance CN(C)C=O{solv}{x=0.511800}|Cc1ccccc1Cl{solv}{x=0.488200}>,CN(C)C=O,Cc1ccccc1Cl,fb-fit-v3-single-mean-k100,3,0.2194631112449201,0.0389094581599993,0.545,0.006
16262,2402,dens_818042132181297482,92,Density,<Substance CN(C)C=O{solv}{x=0.751200}|Cc1ccccc1Cl{solv}{x=0.248800}>,CN(C)C=O,Cc1ccccc1Cl,fb-fit-v3-single-mean-k100,3,0.981401504398258,0.0002287928847361,0.9898800000000002,0.0005
16263,2403,dens_861365281257265917,93,Density,<Substance CN(C)C=O{solv}{x=0.273700}|Cc1ccccc1Cl{solv}{x=0.726300}>,CN(C)C=O,Cc1ccccc1Cl,fb-fit-v3-single-mean-k100,3,1.050982946784558,0.0002423500700848,1.0415000000000003,0.0005
16264,2404,dhmix_1670364528496870559,94,EnthalpyOfMixing,<Substance CN(C)C=O{solv}{x=0.767900}|Cc1ccccc1Cl{solv}{x=0.232100}>,CN(C)C=O,Cc1ccccc1Cl,fb-fit-v3-single-mean-k100,3,0.173638612794619,0.0375772133292967,0.436,0.005
16265,2405,dhmix_1992689527814967541,95,EnthalpyOfMixing,<Substance CN(C)C=O{solv}{x=0.274300}|Cc1ccccc1Cl{solv}{x=0.725700}>,CN(C)C=O,Cc1ccccc1Cl,fb-fit-v3-single-mean-k100,3,0.2090786150110943,0.0418001226251069,0.373,0.004
16266,2406,dens_29213618499921464,96,Density,<Substance C1CCOCC1{solv}{x=0.254000}|O=C1CCCCCC1{solv}{x=0.746000}>,C1CCOCC1,O=C1CCCCCC1,fb-fit-v3-single-mean-k100,3,0.9282872778965432,0.0001909791784145,0.9355100000000002,0.00051
16267,2407,dens_468319504030932569,97,Density,<Substance C1CCOCC1{solv}{x=0.498600}|O=C1CCCCCC1{solv}{x=0.501400}>,C1CCOCC1,O=C1CCCCCC1,fb-fit-v3-single-mean-k100,3,0.9128350116182544,0.0002457217306361,0.9211200000000004,0.00051
16268,2408,dens_1174890511154571939,98,Density,<Substance C1CCOCC1{solv}{x=0.768600}|O=C1CCCCCC1{solv}{x=0.231400}>,C1CCOCC1,O=C1CCCCCC1,fb-fit-v3-single-mean-k100,3,0.8940351980634921,0.0002284255358393,0.9012200000000002,0.000505
16269,2409,dens_30084818585402677,99,Density,<Substance CC(=O)N(C)C{solv}{x=0.700600}|ClCCCCCCCl{solv}{x=0.299400}>,CC(=O)N(C)C,ClCCCCCCCl,fb-fit-v3-single-mean-k100,3,0.9717323157222184,0.0002253084400418,0.9853000000000002,0.00175
16270,2410,dhmix_384619296407103076,100,EnthalpyOfMixing,<Substance CC(=O)N(C)C{solv}{x=0.504000}|ClCCCCCCCl{solv}{x=0.496000}>,CC(=O)N(C)C,ClCCCCCCCl,fb-fit-v3-single-mean-k100,3,0.2614796126038001,0.045580038620011,0.09,0.002
16271,2411,dens_539464371986972328,101,Density,<Substance CC(=O)N(C)C{solv}{x=0.494300}|ClCCCCCCCl{solv}{x=0.505700}>,CC(=O)N(C)C,ClCCCCCCCl,fb-fit-v3-single-mean-k100,3,1.0065792685528574,0.0001842132287524,1.0123000000000002,0.0016
16272,2412,dhmix_1114659247517686326,102,EnthalpyOfMixing,<Substance CC(=O)N(C)C{solv}{x=0.798000}|ClCCCCCCCl{solv}{x=0.202000}>,CC(=O)N(C)C,ClCCCCCCCl,fb-fit-v3-single-mean-k100,3,0.1995527292713497,0.0408904485280721,0.067,0.002
16273,2413,dhmix_1410583096030633514,103,EnthalpyOfMixing,<Substance CC(=O)N(C)C{solv}{x=0.212000}|ClCCCCCCCl{solv}{x=0.788000}>,CC(=O)N(C)C,ClCCCCCCCl,fb-fit-v3-single-mean-k100,3,0.1999355927905526,0.0467824719578171,0.04,0.002
16274,2414,dens_2244909992725638206,104,Density,<Substance CC(=O)N(C)C{solv}{x=0.300200}|ClCCCCCCCl{solv}{x=0.699800}>,CC(=O)N(C)C,ClCCCCCCCl,fb-fit-v3-single-mean-k100,3,1.035134250629882,0.0002438202200595,1.0345000000000002,0.0015
16275,2415,dhmix_35301006695188726,105,EnthalpyOfMixing,<Substance CCOC(=O)C(C)C{solv}{x=0.289000}|CO{solv}{x=0.711000}>,CCOC(=O)C(C)C,CO,fb-fit-v3-single-mean-k100,3,0.5996861876657213,0.0344497209499291,0.488,0.0035
16276,2416,dens_508877804306927207,106,Density,<Substance CCOC(=O)C(C)C{solv}{x=0.499000}|CO{solv}{x=0.501000}>,CCOC(=O)C(C)C,CO,fb-fit-v3-single-mean-k100,3,0.8467259900933689,0.0002419215497251,0.8414100000000002,0.00011
16277,2417,dens_1201422771202741625,107,Density,<Substance CCOC(=O)C(C)C{solv}{x=0.199600}|CO{solv}{x=0.800400}>,CCOC(=O)C(C)C,CO,fb-fit-v3-single-mean-k100,3,0.8103462796672057,0.0003695700795482,0.8173600000000002,0.000115
16278,2418,dhmix_1951183536432642425,108,EnthalpyOfMixing,<Substance CCOC(=O)C(C)C{solv}{x=0.480000}|CO{solv}{x=0.520000}>,CCOC(=O)C(C)C,CO,fb-fit-v3-single-mean-k100,3,0.7737409142415999,0.0384662165173254,0.671,0.0045
16279,2419,dens_1998368384671748308,109,Density,<Substance CCOC(=O)C(C)C{solv}{x=0.703000}|CO{solv}{x=0.297000}>,CCOC(=O)C(C)C,CO,fb-fit-v3-single-mean-k100,3,0.8605385939327469,0.0002539668287942,0.8501200000000002,0.00011
16280,2420,dhmix_2200604492347455092,110,EnthalpyOfMixing,<Substance CCOC(=O)C(C)C{solv}{x=0.771000}|CO{solv}{x=0.229000}>,CCOC(=O)C(C)C,CO,fb-fit-v3-single-mean-k100,3,0.5685368927474599,0.0456224158489775,0.632,0.0045
16281,2421,dhmix_39159150320919359,111,EnthalpyOfMixing,<Substance CCO{solv}{x=0.799700}|Cc1cccc(O)c1{solv}{x=0.200300}>,CCO,Cc1cccc(O)c1,fb-fit-v3-single-mean-k100,3,-0.6934655091986084,0.0370433395064084,-0.79199,0.011965
16282,2422,dens_410843938837220593,112,Density,<Substance CCO{solv}{x=0.263700}|Cc1cccc(O)c1{solv}{x=0.736300}>,CCO,Cc1cccc(O)c1,fb-fit-v3-single-mean-k100,3,1.0035242400094715,0.0002297873080228,0.9852300000000004,0.0006
16283,2423,dhmix_1115402835538407874,113,EnthalpyOfMixing,<Substance CCO{solv}{x=0.212500}|Cc1cccc(O)c1{solv}{x=0.787500}>,CCO,Cc1cccc(O)c1,fb-fit-v3-single-mean-k100,3,-0.6635655681592141,0.0545688134980542,-0.68742,0.01275
16284,2424,dens_1359111234216199895,114,Density,<Substance CCO{solv}{x=0.472400}|Cc1cccc(O)c1{solv}{x=0.527600}>,CCO,Cc1cccc(O)c1,fb-fit-v3-single-mean-k100,3,0.966344536757988,0.0001882374364711,0.9446300000000002,0.0006
16285,2425,dens_1590314985481219627,115,Density,<Substance CCO{solv}{x=0.781700}|Cc1cccc(O)c1{solv}{x=0.218300}>,CCO,Cc1cccc(O)c1,fb-fit-v3-single-mean-k100,3,0.8829115744441018,0.0002424755728731,0.8631500000000002,0.000605
16286,2426,dhmix_1871939727966182523,116,EnthalpyOfMixing,<Substance CCO{solv}{x=0.413900}|Cc1cccc(O)c1{solv}{x=0.586100}>,CCO,Cc1cccc(O)c1,fb-fit-v3-single-mean-k100,3,-0.9511178132587012,0.0421178362760403,-1.14624,0.00985
16287,2427,dens_42678158079716854,117,Density,<Substance CN1CCCC1=O{solv}{x=0.937492}|c1ccccc1{solv}{x=0.062508}>,CN1CCCC1=O,c1ccccc1,fb-fit-v3-single-mean-k100,3,1.007375291307575,0.0001678654075983,1.0204500000000003,3.500000000000001e-05
16288,2428,dens_252520620125458637,118,Density,<Substance CN1CCCC1=O{solv}{x=0.513500}|c1ccccc1{solv}{x=0.486500}>,CN1CCCC1=O,c1ccccc1,fb-fit-v3-single-mean-k100,3,0.9646483126490412,0.0002138192160032,0.9684700000000004,0.00018
16289,2429,dhmix_524477957640851666,119,EnthalpyOfMixing,<Substance CN1CCCC1=O{solv}{x=0.235600}|c1ccccc1{solv}{x=0.764400}>,CN1CCCC1=O,c1ccccc1,fb-fit-v3-single-mean-k100,3,-0.1246950959981632,0.0408956520916653,-0.3684,0.00405
16290,2430,dhmix_1475629358723962160,120,EnthalpyOfMixing,<Substance CN1CCCC1=O{solv}{x=0.546700}|c1ccccc1{solv}{x=0.453300}>,CN1CCCC1=O,c1ccccc1,fb-fit-v3-single-mean-k100,3,-0.1461812747672937,0.0426879418666451,-0.4943,0.00535
16291,2431,dens_2041306780823594960,121,Density,<Substance CN1CCCC1=O{solv}{x=0.252400}|c1ccccc1{solv}{x=0.747600}>,CN1CCCC1=O,c1ccccc1,fb-fit-v3-single-mean-k100,3,0.9220049712601942,0.0002496402336175,0.9163300000000004,0.00029
16292,2432,dhmix_2156508970935294660,122,EnthalpyOfMixing,<Substance CN1CCCC1=O{solv}{x=0.741100}|c1ccccc1{solv}{x=0.258900}>,CN1CCCC1=O,c1ccccc1,fb-fit-v3-single-mean-k100,3,-0.095545077420958,0.0470682836323443,-0.3841,0.0042
16293,2433,dhmix_44217680865702366,123,EnthalpyOfMixing,<Substance CC(=O)c1ccccc1{solv}{x=0.200100}|CC(C)O{solv}{x=0.799900}>,CC(=O)c1ccccc1,CC(C)O,fb-fit-v3-single-mean-k100,3,1.1520879951602785,0.0414283598628677,1.1352,0.0124
16294,2434,dens_91454082453656404,124,Density,<Substance CC(=O)c1ccccc1{solv}{x=0.756100}|CC(C)O{solv}{x=0.243900}>,CC(=O)c1ccccc1,CC(C)O,fb-fit-v3-single-mean-k100,3,0.9894580802958512,0.0001344222455325,0.9823500000000004,0.000175
16295,2435,dens_152869924254680766,125,Density,<Substance CC(=O)c1ccccc1{solv}{x=0.251700}|CC(C)O{solv}{x=0.748300}>,CC(=O)c1ccccc1,CC(C)O,fb-fit-v3-single-mean-k100,3,0.8857147923112333,0.0002122851140397,0.8654400000000002,0.000245
16296,2436,dhmix_1214494501247401592,126,EnthalpyOfMixing,<Substance CC(=O)c1ccccc1{solv}{x=0.499600}|CC(C)O{solv}{x=0.500400}>,CC(=O)c1ccccc1,CC(C)O,fb-fit-v3-single-mean-k100,3,1.6356664670426897,0.0383211017109254,1.5703,0.0169
16297,2437,dhmix_1482394504883204224,127,EnthalpyOfMixing,<Substance CC(=O)c1ccccc1{solv}{x=0.700600}|CC(C)O{solv}{x=0.299400}>,CC(=O)c1ccccc1,CC(C)O,fb-fit-v3-single-mean-k100,3,1.370669385371805,0.0467702121657282,1.3758,0.01485
16298,2438,dens_1804860114822214449,128,Density,<Substance CC(=O)c1ccccc1{solv}{x=0.534500}|CC(C)O{solv}{x=0.465500}>,CC(=O)c1ccccc1,CC(C)O,fb-fit-v3-single-mean-k100,3,0.9507149166804902,0.000239500893233,0.9375600000000002,0.0002
16299,2439,dhmix_47323681380989568,129,EnthalpyOfMixing,<Substance CCCCCCCCCl{solv}{x=0.498000}|CN(C)C=O{solv}{x=0.502000}>,CCCCCCCCCl,CN(C)C=O,fb-fit-v3-single-mean-k100,3,1.438135311542581,0.0453694579896409,1.087,0.0045
16300,2440,dhmix_620291288515939248,130,EnthalpyOfMixing,<Substance CCCCCCCCCl{solv}{x=0.790000}|CN(C)C=O{solv}{x=0.210000}>,CCCCCCCCCl,CN(C)C=O,fb-fit-v3-single-mean-k100,3,1.0871560786990244,0.0519063918012243,0.68,0.0045
16301,2441,dens_1830564734879843336,131,Density,<Substance CCCCCCCCCl{solv}{x=0.733100}|CN(C)C=O{solv}{x=0.266900}>,CCCCCCCCCl,CN(C)C=O,fb-fit-v3-single-mean-k100,3,0.8796680993038474,0.0001879719682638,0.8779000000000002,0.00045
16302,2442,dens_1865569264533219410,132,Density,<Substance CCCCCCCCCl{solv}{x=0.500800}|CN(C)C=O{solv}{x=0.499200}>,CCCCCCCCCl,CN(C)C=O,fb-fit-v3-single-mean-k100,3,0.8886387274402346,0.0002171003451529,0.8897000000000003,0.0004
16303,2443,dens_1893252821735673677,133,Density,<Substance CCCCCCCCCl{solv}{x=0.199800}|CN(C)C=O{solv}{x=0.800200}>,CCCCCCCCCl,CN(C)C=O,fb-fit-v3-single-mean-k100,3,0.9054766518278584,0.0002229847971078,0.9149000000000002,0.0003
16304,2444,dhmix_2175249209874409534,134,EnthalpyOfMixing,<Substance CCCCCCCCCl{solv}{x=0.205000}|CN(C)C=O{solv}{x=0.795000}>,CCCCCCCCCl,CN(C)C=O,fb-fit-v3-single-mean-k100,3,0.9829413752196814,0.0445047301242142,0.79,0.0045
16305,2445,dens_47347406470845261,135,Density,<Substance BrCCCBr{solv}{x=0.748600}|COC=O{solv}{x=0.251400}>,BrCCCBr,COC=O,fb-fit-v3-single-mean-k100,3,1.7717350862195995,0.0005332216732322,1.7969200000000003,0.00306
16306,2446,dens_398260729245374704,136,Density,<Substance BrCCCBr{solv}{x=0.472200}|COC=O{solv}{x=0.527800}>,BrCCCBr,COC=O,fb-fit-v3-single-mean-k100,3,1.5503542368939018,0.0005206923398365,1.5585100000000005,0.001985
16307,2447,dhmix_1440467239786579925,137,EnthalpyOfMixing,<Substance BrCCCBr{solv}{x=0.735400}|COC=O{solv}{x=0.264600}>,BrCCCBr,COC=O,fb-fit-v3-single-mean-k100,3,0.7096316143372796,0.0348141463621168,0.7435,0.00655
16308,2448,dens_1812113401512645360,138,Density,<Substance BrCCCBr{solv}{x=0.204700}|COC=O{solv}{x=0.795300}>,BrCCCBr,COC=O,fb-fit-v3-single-mean-k100,3,1.2706904561762375,0.0004111270661167,1.2611800000000004,0.001025
16309,2449,dhmix_2252268161220427112,139,EnthalpyOfMixing,<Substance BrCCCBr{solv}{x=0.485300}|COC=O{solv}{x=0.514700}>,BrCCCBr,COC=O,fb-fit-v3-single-mean-k100,3,0.8860387061453832,0.0305897812396748,0.9249,0.00795
16310,2450,dhmix_2289960806584862127,140,EnthalpyOfMixing,<Substance BrCCCBr{solv}{x=0.239500}|COC=O{solv}{x=0.760500}>,BrCCCBr,COC=O,fb-fit-v3-single-mean-k100,3,0.7153389039566345,0.033361503107775,0.6669,0.00595
16311,2451,dens_52148744845178727,141,Density,<Substance CC(=O)CC(C)C{solv}{x=0.700900}|CCC(C)(C)O{solv}{x=0.299100}>,CC(=O)CC(C)C,CCC(C)(C)O,fb-fit-v3-single-mean-k100,3,0.8127859743829869,0.0002089664232925,0.7968700000000002,0.00018
16312,2452,dhmix_202225007451030020,142,EnthalpyOfMixing,<Substance CC(=O)CC(C)C{solv}{x=0.201700}|CCC(C)(C)O{solv}{x=0.798300}>,CC(=O)CC(C)C,CCC(C)(C)O,fb-fit-v3-single-mean-k100,3,0.2216805223526741,0.0522408407311124,0.8181,0.01135
16313,2453,dens_938275493819605051,143,Density,<Substance CC(=O)CC(C)C{solv}{x=0.500800}|CCC(C)(C)O{solv}{x=0.499200}>,CC(=O)CC(C)C,CCC(C)(C)O,fb-fit-v3-single-mean-k100,3,0.81588213281478,0.0002083340153775,0.7987300000000002,0.00018
16314,2454,dhmix_998794233701009996,144,EnthalpyOfMixing,<Substance CC(=O)CC(C)C{solv}{x=0.500800}|CCC(C)(C)O{solv}{x=0.499200}>,CC(=O)CC(C)C,CCC(C)(C)O,fb-fit-v3-single-mean-k100,3,0.7960574194039314,0.0371495316878459,1.3674,0.0185
16315,2455,dhmix_1565593158104493647,145,EnthalpyOfMixing,<Substance CC(=O)CC(C)C{solv}{x=0.700900}|CCC(C)(C)O{solv}{x=0.299100}>,CC(=O)CC(C)C,CCC(C)(C)O,fb-fit-v3-single-mean-k100,3,0.7288929087838767,0.0467404949020423,1.2068,0.0164
16316,2456,dens_2097057526665137697,146,Density,<Substance CC(=O)CC(C)C{solv}{x=0.201700}|CCC(C)(C)O{solv}{x=0.798300}>,CC(=O)CC(C)C,CCC(C)(C)O,fb-fit-v3-single-mean-k100,3,0.822713190114565,0.0002873184476444,0.8030000000000002,0.00019
16317,2457,dens_60145312697659458,147,Density,<Substance OC1=NCCC1{solv}{x=0.231200}|c1ccncc1{solv}{x=0.768800}>,OC1=NCCC1,c1ccncc1,fb-fit-v3-single-mean-k100,3,1.004095210886557,0.0001965425752048,1.0106200000000003,0.00051
16318,2458,dhmix_281987656487279026,148,EnthalpyOfMixing,<Substance OC1=NCCC1{solv}{x=0.525600}|c1ccncc1{solv}{x=0.474400}>,OC1=NCCC1,c1ccncc1,fb-fit-v3-single-mean-k100,3,0.137488084013583,0.0347812315455868,0.2031,0.0508
16319,2459,dens_617740093035429712,149,Density,<Substance OC1=NCCC1{solv}{x=0.831200}|c1ccncc1{solv}{x=0.168800}>,OC1=NCCC1,c1ccncc1,fb-fit-v3-single-mean-k100,3,1.0512243792907758,0.0002096889418185,1.0872000000000004,0.00052
16320,2460,dhmix_658699797311871042,150,EnthalpyOfMixing,<Substance OC1=NCCC1{solv}{x=0.261500}|c1ccncc1{solv}{x=0.738500}>,OC1=NCCC1,c1ccncc1,fb-fit-v3-single-mean-k100,3,0.1637049098303933,0.0353519059209526,0.165,0.04125
16321,2461,dhmix_774470106511868908,151,EnthalpyOfMixing,<Substance OC1=NCCC1{solv}{x=0.831100}|c1ccncc1{solv}{x=0.168900}>,OC1=NCCC1,c1ccncc1,fb-fit-v3-single-mean-k100,3,0.0716393120338381,0.040896730970079,0.0972,0.0243
16322,2462,dens_1837977312272564303,152,Density,<Substance OC1=NCCC1{solv}{x=0.475200}|c1ccncc1{solv}{x=0.524800}>,OC1=NCCC1,c1ccncc1,fb-fit-v3-single-mean-k100,3,1.0243962386473588,0.0002272344317387,1.0431300000000003,0.000515
16323,2463,dens_64870336397637683,153,Density,<Substance NCCCO{solv}{x=0.489642}|O{solv}{x=0.510358}>,NCCCO,O,fb-fit-v3-single-mean-k100,3,1.0255843912547242,0.0004234050685869,1.0059000000000002,0.00155
16324,2464,dens_70371380055449550,154,Density,<Substance NCCCO{solv}{x=0.708044}|O{solv}{x=0.291956}>,NCCCO,O,fb-fit-v3-single-mean-k100,3,1.0264173774639886,0.0005939384853216,0.9975000000000004,0.0018
16325,2465,dhmix_150384853762728924,155,EnthalpyOfMixing,<Substance NCCCO{solv}{x=0.751500}|O{solv}{x=0.248500}>,NCCCO,O,fb-fit-v3-single-mean-k100,3,-0.8508440865219598,0.049434367272284,-1.531,0.031
16326,2466,dens_847209819230970781,156,Density,<Substance NCCCO{solv}{x=0.272809}|O{solv}{x=0.727191}>,NCCCO,O,fb-fit-v3-single-mean-k100,3,1.0181497216298332,0.0004111577272171,1.0118000000000005,0.0014
16327,2467,dhmix_1448036989335532298,157,EnthalpyOfMixing,<Substance NCCCO{solv}{x=0.298200}|O{solv}{x=0.701800}>,NCCCO,O,fb-fit-v3-single-mean-k100,3,-0.9389509026280258,0.0278992895336179,-2.501,0.051
16328,2468,dhmix_1551692974855642379,158,EnthalpyOfMixing,<Substance NCCCO{solv}{x=0.498900}|O{solv}{x=0.501100}>,NCCCO,O,fb-fit-v3-single-mean-k100,3,-1.233694896627476,0.0415135691154266,-2.462,0.05
16329,2469,dhmix_65921650414250861,159,EnthalpyOfMixing,<Substance CCOC(=O)CC(C)=O{solv}{x=0.499500}|CCO{solv}{x=0.500500}>,CCO,CCOC(=O)CC(C)=O,fb-fit-v3-single-mean-k100,3,1.77872269946684,0.0371170630394445,1.7079,0.0183
16330,2470,dhmix_546962203716710778,160,EnthalpyOfMixing,<Substance CCOC(=O)CC(C)=O{solv}{x=0.299400}|CCO{solv}{x=0.700600}>,CCO,CCOC(=O)CC(C)=O,fb-fit-v3-single-mean-k100,3,1.715819470329066,0.0392760104651995,1.4925,0.01605
16331,2471,dens_989479368116300355,161,Density,<Substance CCOC(=O)CC(C)=O{solv}{x=0.500000}|CCO{solv}{x=0.500000}>,CCO,CCOC(=O)CC(C)=O,fb-fit-v3-single-mean-k100,3,0.9601877611416744,0.0002130695692323,0.9484700000000004,0.000155
16332,2472,dens_1726065156375824332,162,Density,<Substance CCOC(=O)CC(C)=O{solv}{x=0.250000}|CCO{solv}{x=0.750000}>,CCO,CCOC(=O)CC(C)=O,fb-fit-v3-single-mean-k100,3,0.8964381489486878,0.0002495130309118,0.8856300000000003,0.00017
16333,2473,dens_1736679431098209973,163,Density,<Substance CCOC(=O)CC(C)=O{solv}{x=0.750000}|CCO{solv}{x=0.250000}>,CCO,CCOC(=O)CC(C)=O,fb-fit-v3-single-mean-k100,3,1.003531253993328,0.000204312030606,0.9917100000000004,0.00017
16334,2474,dhmix_2221487218644783272,164,EnthalpyOfMixing,<Substance CCOC(=O)CC(C)=O{solv}{x=0.700800}|CCO{solv}{x=0.299200}>,CCO,CCOC(=O)CC(C)=O,fb-fit-v3-single-mean-k100,3,1.441658419918724,0.0382945326486718,1.478,0.0159
16335,2475,dhmix_68947190908856741,165,EnthalpyOfMixing,<Substance C1COCCO1{solv}{x=0.250000}|O=C1CCCC1{solv}{x=0.750000}>,C1COCCO1,O=C1CCCC1,fb-fit-v3-single-mean-k100,3,-0.0386809135027448,0.042499816054282,0.04589,0.00057
16336,2476,dens_225413782402822877,166,Density,<Substance C1COCCO1{solv}{x=0.777800}|O=C1CCCC1{solv}{x=0.222200}>,C1COCCO1,O=C1CCCC1,fb-fit-v3-single-mean-k100,3,1.00538220205542,0.0002506934279731,1.0081000000000002,0.000255
16337,2477,dhmix_415496698649060745,167,EnthalpyOfMixing,<Substance C1COCCO1{solv}{x=0.500000}|O=C1CCCC1{solv}{x=0.500000}>,C1COCCO1,O=C1CCCC1,fb-fit-v3-single-mean-k100,3,-0.0799583013653659,0.0395210609779171,0.07457,0.00068
16338,2478,dens_803440153424346423,168,Density,<Substance C1COCCO1{solv}{x=0.506300}|O=C1CCCC1{solv}{x=0.493700}>,C1COCCO1,O=C1CCCC1,fb-fit-v3-single-mean-k100,3,0.9810058687867628,0.0001784012508318,0.9849200000000002,0.00025
16339,2479,dens_1553194080174872005,169,Density,<Substance C1COCCO1{solv}{x=0.243600}|O=C1CCCC1{solv}{x=0.756400}>,C1COCCO1,O=C1CCCC1,fb-fit-v3-single-mean-k100,3,0.9592764489876332,0.0002205151980707,0.9633500000000004,0.000245
16340,2480,dhmix_1852349497898107924,170,EnthalpyOfMixing,<Substance C1COCCO1{solv}{x=0.750000}|O=C1CCCC1{solv}{x=0.250000}>,C1COCCO1,O=C1CCCC1,fb-fit-v3-single-mean-k100,3,0.1035510666182091,0.0438104599487455,0.07097,0.000665
16341,2481,dhmix_71170350241685196,171,EnthalpyOfMixing,<Substance COC(C)(C)C{solv}{x=0.749000}|ClC(Cl)Cl{solv}{x=0.251000}>,COC(C)(C)C,ClC(Cl)Cl,fb-fit-v3-single-mean-k100,3,-0.9274469037767544,0.0428083116107721,-1.9,0.077
16342,2482,dens_554111049740737271,172,Density,<Substance COC(C)(C)C{solv}{x=0.454000}|ClC(Cl)Cl{solv}{x=0.546000}>,COC(C)(C)C,ClC(Cl)Cl,fb-fit-v3-single-mean-k100,3,1.107914012833802,0.0004195908473404,1.0838000000000003,0.00015
16343,2483,dhmix_1691495556773848750,173,EnthalpyOfMixing,<Substance COC(C)(C)C{solv}{x=0.484000}|ClC(Cl)Cl{solv}{x=0.516000}>,COC(C)(C)C,ClC(Cl)Cl,fb-fit-v3-single-mean-k100,3,-1.290679240771837,0.034516883285732,-2.1,0.0845
16344,2484,dens_1874337336846858625,174,Density,<Substance COC(C)(C)C{solv}{x=0.276000}|ClC(Cl)Cl{solv}{x=0.724000}>,COC(C)(C)C,ClC(Cl)Cl,fb-fit-v3-single-mean-k100,3,1.2615650869842436,0.0005228239955891,1.2259000000000004,0.0002
16345,2485,dens_2136498248834183810,175,Density,<Substance COC(C)(C)C{solv}{x=0.728600}|ClC(Cl)Cl{solv}{x=0.271400}>,COC(C)(C)C,ClC(Cl)Cl,fb-fit-v3-single-mean-k100,3,0.908674590501808,0.0002931163079414,0.8956000000000003,0.00015
16346,2486,dhmix_2232264038422377060,176,EnthalpyOfMixing,<Substance COC(C)(C)C{solv}{x=0.220000}|ClC(Cl)Cl{solv}{x=0.780000}>,COC(C)(C)C,ClC(Cl)Cl,fb-fit-v3-single-mean-k100,3,-0.9363784976872472,0.0321559079949492,-1.5,0.0605
16347,2487,dhmix_73322629991074290,177,EnthalpyOfMixing,<Substance CCC(C)=O{solv}{x=0.212400}|CCN(CC)CC{solv}{x=0.787600}>,CCC(C)=O,CCN(CC)CC,fb-fit-v3-single-mean-k100,3,0.2376223131859092,0.0516617541541624,0.57,0.006
16348,2488,dens_317201778138256714,178,Density,<Substance CCC(C)=O{solv}{x=0.261000}|CCN(CC)CC{solv}{x=0.739000}>,CCC(C)=O,CCN(CC)CC,fb-fit-v3-single-mean-k100,3,0.747823797194741,0.0002347773758743,0.7361510000000001,0.000106
16349,2489,dens_544322850735592196,179,Density,<Substance CCC(C)=O{solv}{x=0.510600}|CCN(CC)CC{solv}{x=0.489400}>,CCC(C)=O,CCN(CC)CC,fb-fit-v3-single-mean-k100,3,0.7609844288673719,0.000226027851195,0.7527560000000002,0.0001045
16350,2490,dhmix_690665189446107141,180,EnthalpyOfMixing,<Substance CCC(C)=O{solv}{x=0.496700}|CCN(CC)CC{solv}{x=0.503300}>,CCC(C)=O,CCN(CC)CC,fb-fit-v3-single-mean-k100,3,0.4182658324236499,0.0421345106888581,0.746,0.008
16351,2491,dhmix_935249702283890201,181,EnthalpyOfMixing,<Substance CCC(C)=O{solv}{x=0.789300}|CCN(CC)CC{solv}{x=0.210700}>,CCC(C)=O,CCN(CC)CC,fb-fit-v3-single-mean-k100,3,0.2572580230332058,0.0448974135366826,0.455,0.005
16352,2492,dens_1635002920322954883,182,Density,<Substance CCC(C)=O{solv}{x=0.760400}|CCN(CC)CC{solv}{x=0.239600}>,CCC(C)=O,CCN(CC)CC,fb-fit-v3-single-mean-k100,3,0.7763618274992475,0.0002070252525555,0.7738830000000002,9.900000000000003e-05
16353,2493,dhmix_76833325524040726,183,EnthalpyOfMixing,<Substance C1CCCCC1{solv}{x=0.260600}|c1ccccc1{solv}{x=0.739400}>,C1CCCCC1,c1ccccc1,fb-fit-v3-single-mean-k100,3,0.8329143837682977,0.0330919787620596,0.6282,0.00695
16354,2494,dens_330305790736126156,184,Density,<Substance C1CCCCC1{solv}{x=0.499600}|c1ccccc1{solv}{x=0.500400}>,C1CCCCC1,c1ccccc1,fb-fit-v3-single-mean-k100,3,0.820318185379383,0.0002393252407432,0.8136000000000002,0.0002
16355,2495,dhmix_460305358266375837,185,EnthalpyOfMixing,<Substance C1CCCCC1{solv}{x=0.766800}|c1ccccc1{solv}{x=0.233200}>,C1CCCCC1,c1ccccc1,fb-fit-v3-single-mean-k100,3,0.7347766987178801,0.0486784498194,0.5517,0.00725
16356,2496,dens_1579941980285561951,186,Density,<Substance C1CCCCC1{solv}{x=0.249800}|c1ccccc1{solv}{x=0.750200}>,C1CCCCC1,c1ccccc1,fb-fit-v3-single-mean-k100,3,0.8522010074310146,0.0001715096808853,0.8405780000000002,7.05e-05
16357,2497,dhmix_1824194485055356086,187,EnthalpyOfMixing,<Substance C1CCCCC1{solv}{x=0.501200}|c1ccccc1{solv}{x=0.498800}>,C1CCCCC1,c1ccccc1,fb-fit-v3-single-mean-k100,3,1.0036593199827593,0.0377783753605655,0.7893,0.00655
16358,2498,dens_1871885279620492514,188,Density,<Substance C1CCCCC1{solv}{x=0.732300}|c1ccccc1{solv}{x=0.267700}>,C1CCCCC1,c1ccccc1,fb-fit-v3-single-mean-k100,3,0.7959668501042788,0.0001948817365651,0.7929200000000002,7.450000000000001e-05
16359,2499,dens_78518696584109468,189,Density,<Substance CN(CCO)CCO{solv}{x=0.743000}|O{solv}{x=0.257000}>,CN(CCO)CCO,O,fb-fit-v3-single-mean-k100,3,1.054884644242806,0.0002361884298261,1.0405100000000005,0.000286
16360,2500,dens_169053214615075062,190,Density,<Substance CN(CCO)CCO{solv}{x=0.257100}|O{solv}{x=0.742900}>,CN(CCO)CCO,O,fb-fit-v3-single-mean-k100,3,1.0467347780332474,0.0003714378306808,1.0522550000000004,0.000221
16361,2501,dhmix_750283179383190388,191,EnthalpyOfMixing,<Substance CN(CCO)CCO{solv}{x=0.741100}|O{solv}{x=0.258900}>,CN(CCO)CCO,O,fb-fit-v3-single-mean-k100,3,-1.2228102088037645,0.0474360891389583,-1.154,0.0125
16362,2502,dhmix_1537351248216247854,192,EnthalpyOfMixing,<Substance CN(CCO)CCO{solv}{x=0.259300}|O{solv}{x=0.740700}>,CN(CCO)CCO,O,fb-fit-v3-single-mean-k100,3,-1.596191099804475,0.030586672864012,-2.271,0.046
16363,2503,dens_1700904374078825036,193,Density,<Substance CN(CCO)CCO{solv}{x=0.484900}|O{solv}{x=0.515100}>,CN(CCO)CCO,O,fb-fit-v3-single-mean-k100,3,1.054761432627983,0.0003204036331988,1.048636,0.0002475
16364,2504,dhmix_1761290393567900831,194,EnthalpyOfMixing,<Substance CN(CCO)CCO{solv}{x=0.494100}|O{solv}{x=0.505900}>,CN(CCO)CCO,O,fb-fit-v3-single-mean-k100,3,-1.976718884046193,0.0457510937614752,-2.072,0.042
16365,2505,dhmix_81883535492439507,195,EnthalpyOfMixing,<Substance C1COCO1{solv}{x=0.200000}|O=C1CCCC1{solv}{x=0.800000}>,C1COCO1,O=C1CCCC1,fb-fit-v3-single-mean-k100,3,-0.0271033384928358,0.040142379068919,-0.00853,0.000425
16366,2506,dens_192935635984964537,196,Density,<Substance C1COCO1{solv}{x=0.509000}|O=C1CCCC1{solv}{x=0.491000}>,C1COCO1,O=C1CCCC1,fb-fit-v3-single-mean-k100,3,0.9990901123623104,0.0002438410087203,0.9954700000000004,0.000255
16367,2507,dhmix_309530351940031317,197,EnthalpyOfMixing,<Substance C1COCO1{solv}{x=0.700000}|O=C1CCCC1{solv}{x=0.300000}>,C1COCO1,O=C1CCCC1,fb-fit-v3-single-mean-k100,3,-0.0225207584158653,0.0352194610533978,-0.02292,0.00048
16368,2508,dhmix_1480225642523009634,198,EnthalpyOfMixing,<Substance C1COCO1{solv}{x=0.500000}|O=C1CCCC1{solv}{x=0.500000}>,C1COCO1,O=C1CCCC1,fb-fit-v3-single-mean-k100,3,-0.0479546414323124,0.0348188310009682,-0.02181,0.000475
16369,2509,dens_1663189314624242951,199,Density,<Substance C1COCO1{solv}{x=0.225100}|O=C1CCCC1{solv}{x=0.774900}>,C1COCO1,O=C1CCCC1,fb-fit-v3-single-mean-k100,3,0.9633174250558688,0.0002483378736611,0.9652800000000002,0.000245
16370,2510,dens_1684591254659727640,200,Density,<Substance C1COCO1{solv}{x=0.789100}|O=C1CCCC1{solv}{x=0.210900}>,C1COCO1,O=C1CCCC1,fb-fit-v3-single-mean-k100,3,1.039985419896421,0.0002840710095973,1.02957,0.00026
16371,2511,dens_82854054922011802,201,Density,<Substance c1cc[nH]c1{solv}{x=0.542600}|c1ccncc1{solv}{x=0.457400}>,c1cc[nH]c1,c1ccncc1,fb-fit-v3-single-mean-k100,3,0.9813043897036228,0.0002510999611072,0.9706400000000002,5.5000000000000016e-05
16372,2512,dens_332042143272324658,202,Density,<Substance c1cc[nH]c1{solv}{x=0.755400}|c1ccncc1{solv}{x=0.244600}>,c1cc[nH]c1,c1ccncc1,fb-fit-v3-single-mean-k100,3,0.980847282457981,0.000208997127257,0.9676900000000004,5.5000000000000016e-05
16373,2513,dhmix_582184351339863568,203,EnthalpyOfMixing,<Substance c1cc[nH]c1{solv}{x=0.760200}|c1ccncc1{solv}{x=0.239800}>,c1cc[nH]c1,c1ccncc1,fb-fit-v3-single-mean-k100,3,0.0247646501013285,0.0311717047724307,-1.6452,0.01075
16374,2514,dhmix_809205277185290719,204,EnthalpyOfMixing,<Substance c1cc[nH]c1{solv}{x=0.509500}|c1ccncc1{solv}{x=0.490500}>,c1cc[nH]c1,c1ccncc1,fb-fit-v3-single-mean-k100,3,-0.1055985862536683,0.0337757122579507,-2.649,0.01645
16375,2515,dens_1187941919350264461,205,Density,<Substance c1cc[nH]c1{solv}{x=0.227300}|c1ccncc1{solv}{x=0.772700}>,c1cc[nH]c1,c1ccncc1,fb-fit-v3-single-mean-k100,3,0.9827189585682652,0.0002668093285116,0.9755600000000002,5.5000000000000016e-05
16376,2516,dhmix_2302696180464118683,206,EnthalpyOfMixing,<Substance c1cc[nH]c1{solv}{x=0.239500}|c1ccncc1{solv}{x=0.760500}>,c1cc[nH]c1,c1ccncc1,fb-fit-v3-single-mean-k100,3,-0.1958056649336663,0.036906149503828,-1.7662,0.01145
16377,2517,dhmix_84488753175979819,207,EnthalpyOfMixing,<Substance C1CCOCC1{solv}{x=0.500000}|CCO{solv}{x=0.500000}>,C1CCOCC1,CCO,fb-fit-v3-single-mean-k100,3,0.9650723457588092,0.0320660220942869,0.8491,0.00794
16378,2518,dens_904236164857914889,208,Density,<Substance C1CCOCC1{solv}{x=0.701000}|CCO{solv}{x=0.299000}>,C1CCOCC1,CCO,fb-fit-v3-single-mean-k100,3,0.8567305928103117,0.000252835280037,0.8595400000000002,8.500000000000002e-05
16379,2519,dhmix_923986751684807715,209,EnthalpyOfMixing,<Substance C1CCOCC1{solv}{x=0.750000}|CCO{solv}{x=0.250000}>,C1CCOCC1,CCO,fb-fit-v3-single-mean-k100,3,0.8091372808881658,0.037930237767882,0.75364,0.007115
16380,2520,dhmix_927648698725704337,210,EnthalpyOfMixing,<Substance C1CCOCC1{solv}{x=0.250000}|CCO{solv}{x=0.750000}>,C1CCOCC1,CCO,fb-fit-v3-single-mean-k100,3,0.6678683171300062,0.0332602189260119,0.57017,0.00553
16381,2521,dens_1095414448718823860,211,Density,<Substance C1CCOCC1{solv}{x=0.504000}|CCO{solv}{x=0.496000}>,C1CCOCC1,CCO,fb-fit-v3-single-mean-k100,3,0.8430221810441586,0.0002238794103851,0.8440100000000001,0.0001
16382,2522,dens_1309012152943788187,212,Density,<Substance C1CCOCC1{solv}{x=0.284000}|CCO{solv}{x=0.716000}>,C1CCOCC1,CCO,fb-fit-v3-single-mean-k100,3,0.8248511899029829,0.0002822943265567,0.8227400000000002,0.00012
16383,2523,dens_88489471162801298,213,Density,<Substance CC(C)=O{solv}{x=0.248400}|Nc1ccccc1{solv}{x=0.751600}>,CC(C)=O,Nc1ccccc1,fb-fit-v3-single-mean-k100,3,1.010132241076183,0.0002079397943164,0.9768950000000002,0.0001055
16384,2524,dens_892449093930393176,214,Density,<Substance CC(C)=O{solv}{x=0.411400}|Nc1ccccc1{solv}{x=0.588600}>,CC(C)=O,Nc1ccccc1,fb-fit-v3-single-mean-k100,3,0.9695850286420188,0.0001969752369162,0.9457730000000002,0.0001285
16385,2525,dens_1087594007698023193,215,Density,<Substance CC(C)=O{solv}{x=0.699300}|Nc1ccccc1{solv}{x=0.300700}>,CC(C)=O,Nc1ccccc1,fb-fit-v3-single-mean-k100,3,0.8918685648726519,0.0002647636342014,0.8786430000000003,0.000178
16386,2526,dhmix_1461699545612032563,216,EnthalpyOfMixing,<Substance CC(C)=O{solv}{x=0.214500}|Nc1ccccc1{solv}{x=0.785500}>,CC(C)=O,Nc1ccccc1,fb-fit-v3-single-mean-k100,3,0.1032629704285312,0.0436600426460082,-0.746,0.008
16387,2527,dhmix_1577476208805542019,217,EnthalpyOfMixing,<Substance CC(C)=O{solv}{x=0.699100}|Nc1ccccc1{solv}{x=0.300900}>,CC(C)=O,Nc1ccccc1,fb-fit-v3-single-mean-k100,3,-0.8681173553400328,0.0345071498873279,-1.076,0.0115
16388,2528,dhmix_2267661763264899390,218,EnthalpyOfMixing,<Substance CC(C)=O{solv}{x=0.410700}|Nc1ccccc1{solv}{x=0.589300}>,CC(C)=O,Nc1ccccc1,fb-fit-v3-single-mean-k100,3,-0.8032344453402089,0.0435302189158537,-1.165,0.0125
16389,2529,dhmix_90851537891129625,219,EnthalpyOfMixing,<Substance C1CCOCC1{solv}{x=0.268300}|Cc1ccccn1{solv}{x=0.731700}>,C1CCOCC1,Cc1ccccn1,fb-fit-v3-single-mean-k100,3,0.0714376965927776,0.0402118616818448,0.1057,0.00105
16390,2530,dhmix_975790739707505549,220,EnthalpyOfMixing,<Substance C1CCOCC1{solv}{x=0.482200}|Cc1ccccn1{solv}{x=0.517800}>,C1CCOCC1,Cc1ccccn1,fb-fit-v3-single-mean-k100,3,0.033645835584239,0.0401703958371662,0.1728,0.00135
16391,2531,dens_981500521813591443,221,Density,<Substance C1CCOCC1{solv}{x=0.491600}|Cc1ccccn1{solv}{x=0.508400}>,C1CCOCC1,Cc1ccccn1,fb-fit-v3-single-mean-k100,3,0.9130121986849744,0.0002493471684678,0.910915,0.000475
16392,2532,dens_1237050172671894703,222,Density,<Substance C1CCOCC1{solv}{x=0.237300}|Cc1ccccn1{solv}{x=0.762700}>,C1CCOCC1,Cc1ccccn1,fb-fit-v3-single-mean-k100,3,0.931468266549981,0.0002196860328169,0.9261620000000004,0.0004855
16393,2533,dhmix_1841520238596708010,223,EnthalpyOfMixing,<Substance C1CCOCC1{solv}{x=0.821600}|Cc1ccccn1{solv}{x=0.178400}>,C1CCOCC1,Cc1ccccn1,fb-fit-v3-single-mean-k100,3,-0.0003677356497249,0.0423401136406012,0.1352,0.0012
16394,2534,dens_1852422594896475094,224,Density,<Substance C1CCOCC1{solv}{x=0.821900}|Cc1ccccn1{solv}{x=0.178100}>,C1CCOCC1,Cc1ccccn1,fb-fit-v3-single-mean-k100,3,0.8783764125482908,0.0002343248866833,0.8802920000000002,0.000454
16395,2535,dhmix_93676522673462266,225,EnthalpyOfMixing,<Substance CC(=O)N(C)C{solv}{x=0.702000}|ClCCCl{solv}{x=0.298000}>,CC(=O)N(C)C,ClCCCl,fb-fit-v3-single-mean-k100,3,-0.4796083281277599,0.0384352623226179,-0.706,0.004
16396,2536,dens_466640151895915379,226,Density,<Substance CC(=O)N(C)C{solv}{x=0.499900}|ClCCCl{solv}{x=0.500100}>,CC(=O)N(C)C,ClCCCl,fb-fit-v3-single-mean-k100,3,1.0632205819175755,0.0002905704780164,1.0774000000000004,0.00325
16397,2537,dhmix_504891727488256514,227,EnthalpyOfMixing,<Substance CC(=O)N(C)C{solv}{x=0.202000}|ClCCCl{solv}{x=0.798000}>,CC(=O)N(C)C,ClCCCl,fb-fit-v3-single-mean-k100,3,-0.3822907598505534,0.034369866120254,-0.586,0.004
16398,2538,dens_1432716574300574119,228,Density,<Substance CC(=O)N(C)C{solv}{x=0.298800}|ClCCCl{solv}{x=0.701200}>,CC(=O)N(C)C,ClCCCl,fb-fit-v3-single-mean-k100,3,1.1297342769085832,0.0003669703372408,1.1413000000000002,0.00345
16399,2539,dens_1909242265481868478,229,Density,<Substance CC(=O)N(C)C{solv}{x=0.700800}|ClCCCl{solv}{x=0.299200}>,CC(=O)N(C)C,ClCCCl,fb-fit-v3-single-mean-k100,3,0.9986053172490706,0.0002621489893331,1.0181000000000002,0.00305
16400,2540,dhmix_2201663021806040380,230,EnthalpyOfMixing,<Substance CC(=O)N(C)C{solv}{x=0.500000}|ClCCCl{solv}{x=0.500000}>,CC(=O)N(C)C,ClCCCl,fb-fit-v3-single-mean-k100,3,-0.5897387049706859,0.0381294525385113,-0.885,0.004
16401,2541,dhmix_101847702994296892,231,EnthalpyOfMixing,<Substance CCCCCCCl{solv}{x=0.790000}|CN1CCCC1=O{solv}{x=0.210000}>,CCCCCCCl,CN1CCCC1=O,fb-fit-v3-single-mean-k100,3,0.7275342626075059,0.0469908603964814,0.232,0.0025
16402,2542,dhmix_275814181113182192,232,EnthalpyOfMixing,<Substance CCCCCCCl{solv}{x=0.497000}|CN1CCCC1=O{solv}{x=0.503000}>,CCCCCCCl,CN1CCCC1=O,fb-fit-v3-single-mean-k100,3,1.0820294051968418,0.0438248334309818,0.416,0.0025
16403,2543,dens_441375838683668512,233,Density,<Substance CCCCCCCl{solv}{x=0.499300}|CN1CCCC1=O{solv}{x=0.500700}>,CCCCCCCl,CN1CCCC1=O,fb-fit-v3-single-mean-k100,3,0.9366563598244608,0.0002422357940603,0.9389000000000002,0.0002
16404,2544,dhmix_840847840731542643,234,EnthalpyOfMixing,<Substance CCCCCCCl{solv}{x=0.203000}|CN1CCCC1=O{solv}{x=0.797000}>,CCCCCCCl,CN1CCCC1=O,fb-fit-v3-single-mean-k100,3,0.7786993891548306,0.0427249125559349,0.319,0.0025
16405,2545,dens_1314691253679633833,235,Density,<Substance CCCCCCCl{solv}{x=0.298400}|CN1CCCC1=O{solv}{x=0.701600}>,CCCCCCCl,CN1CCCC1=O,fb-fit-v3-single-mean-k100,3,0.9662834952700016,0.0002298688335727,0.9715000000000004,0.0002
16406,2546,dens_1366683244756558841,236,Density,<Substance CCCCCCCl{solv}{x=0.801200}|CN1CCCC1=O{solv}{x=0.198800}>,CCCCCCCl,CN1CCCC1=O,fb-fit-v3-single-mean-k100,3,0.8980574317615029,0.0001683793728509,0.8970000000000002,0.0003
16407,2547,dhmix_107460606439569535,237,EnthalpyOfMixing,<Substance C1COCCO1{solv}{x=0.572500}|O=C1CCCCCC1{solv}{x=0.427500}>,C1COCCO1,O=C1CCCCCC1,fb-fit-v3-single-mean-k100,3,0.2821909952030808,0.0441127906080299,0.1032,0.00125
16408,2548,dens_229535957420918177,238,Density,<Substance C1COCCO1{solv}{x=0.748900}|O=C1CCCCCC1{solv}{x=0.251100}>,C1COCCO1,O=C1CCCCCC1,fb-fit-v3-single-mean-k100,3,0.9964684413462096,0.0001544810884666,0.9994100000000002,0.00051
16409,2549,dhmix_1101001475632451077,239,EnthalpyOfMixing,<Substance C1COCCO1{solv}{x=0.225200}|O=C1CCCCCC1{solv}{x=0.774800}>,C1COCCO1,O=C1CCCCCC1,fb-fit-v3-single-mean-k100,3,0.2906909225800689,0.0472373599913162,0.0783,0.001
16410,2550,dens_1711999737319704820,240,Density,<Substance C1COCCO1{solv}{x=0.572300}|O=C1CCCCCC1{solv}{x=0.427700}>,C1COCCO1,O=C1CCCCCC1,fb-fit-v3-single-mean-k100,3,0.9699181773996326,0.0001942414897879,0.9737000000000002,0.00051
16411,2551,dens_1973863157285112004,241,Density,<Substance C1COCCO1{solv}{x=0.255500}|O=C1CCCCCC1{solv}{x=0.744500}>,C1COCCO1,O=C1CCCCCC1,fb-fit-v3-single-mean-k100,3,0.9562957302297056,0.0001759739256427,0.9616800000000002,0.000515
16412,2552,dhmix_2239035738396328121,242,EnthalpyOfMixing,<Substance C1COCCO1{solv}{x=0.771600}|O=C1CCCCCC1{solv}{x=0.228400}>,C1COCCO1,O=C1CCCCCC1,fb-fit-v3-single-mean-k100,3,0.2007180341453533,0.044340014150127,0.0694,0.0009
16413,2553,dhmix_110368175234083214,243,EnthalpyOfMixing,<Substance CC#N{solv}{x=0.201600}|CCOC(C)(C)CC{solv}{x=0.798400}>,CC#N,CCOC(C)(C)CC,fb-fit-v3-single-mean-k100,3,0.2925571838459788,0.0481895808959271,0.6411,0.0087
16414,2554,dhmix_565046024644834395,244,EnthalpyOfMixing,<Substance CC#N{solv}{x=0.700400}|CCOC(C)(C)CC{solv}{x=0.299600}>,CC#N,CCOC(C)(C)CC,fb-fit-v3-single-mean-k100,3,0.3515253608644189,0.0283245981179617,0.8397,0.0113
16415,2555,dens_865362803305469370,245,Density,<Substance CC#N{solv}{x=0.502400}|CCOC(C)(C)CC{solv}{x=0.497600}>,CC#N,CCOC(C)(C)CC,fb-fit-v3-single-mean-k100,3,0.7636910964339568,0.0002475053743925,0.7675000000000002,0.00035
16416,2556,dhmix_1131176031733024874,246,EnthalpyOfMixing,<Substance CC#N{solv}{x=0.502400}|CCOC(C)(C)CC{solv}{x=0.497600}>,CC#N,CCOC(C)(C)CC,fb-fit-v3-single-mean-k100,3,0.4761446531534972,0.039691015933382,0.9514,0.01285
16417,2557,dens_1305751749890499162,247,Density,<Substance CC#N{solv}{x=0.201600}|CCOC(C)(C)CC{solv}{x=0.798400}>,CC#N,CCOC(C)(C)CC,fb-fit-v3-single-mean-k100,3,0.7631734479393619,0.0002177507718865,0.7635000000000002,0.00025
16418,2558,dens_1928701304100922381,248,Density,<Substance CC#N{solv}{x=0.700400}|CCOC(C)(C)CC{solv}{x=0.299600}>,CC#N,CCOC(C)(C)CC,fb-fit-v3-single-mean-k100,3,0.7621383179044149,0.0002592679724601,0.7707000000000003,0.0005
16419,2559,dhmix_112729391186229967,249,EnthalpyOfMixing,<Substance CCC(C)=O{solv}{x=0.509000}|CNc1ccccc1{solv}{x=0.491000}>,CCC(C)=O,CNc1ccccc1,fb-fit-v3-single-mean-k100,3,-0.672727873330782,0.0394069736342761,-0.816,0.009
16420,2560,dens_414028029115294252,250,Density,<Substance CCC(C)=O{solv}{x=0.746300}|CNc1ccccc1{solv}{x=0.253700}>,CCC(C)=O,CNc1ccccc1,fb-fit-v3-single-mean-k100,3,0.8575843326618151,0.0002262841729547,0.8582020000000002,0.000102
16421,2561,dens_559789475978651659,251,Density,<Substance CCC(C)=O{solv}{x=0.495000}|CNc1ccccc1{solv}{x=0.505000}>,CCC(C)=O,CNc1ccccc1,fb-fit-v3-single-mean-k100,3,0.9112334603372504,0.0002016827043772,0.9066940000000002,0.000164
16422,2562,dhmix_1637459312398636454,252,EnthalpyOfMixing,<Substance CCC(C)=O{solv}{x=0.228300}|CNc1ccccc1{solv}{x=0.771700}>,CCC(C)=O,CNc1ccccc1,fb-fit-v3-single-mean-k100,3,-0.30837250797655,0.0388263347932736,-0.54,0.006
16423,2563,dhmix_1933605864237207151,253,EnthalpyOfMixing,<Substance CCC(C)=O{solv}{x=0.705500}|CNc1ccccc1{solv}{x=0.294500}>,CCC(C)=O,CNc1ccccc1,fb-fit-v3-single-mean-k100,3,-0.4463604782608268,0.039507164946412,-0.672,0.0075
16424,2564,dens_2039660657679820411,254,Density,<Substance CCC(C)=O{solv}{x=0.258900}|CNc1ccccc1{solv}{x=0.741100}>,CCC(C)=O,CNc1ccccc1,fb-fit-v3-single-mean-k100,3,0.9550559425269456,0.0001682496624447,0.9456330000000004,0.000259
16425,2565,dhmix_112832411362526364,255,EnthalpyOfMixing,<Substance C=CCCCC{solv}{x=0.250000}|CCCCO{solv}{x=0.750000}>,C=CCCCC,CCCCO,fb-fit-v3-single-mean-k100,3,0.2854407823178206,0.0434177229366211,0.2829,0.00333
16426,2566,dhmix_385937725855980509,256,EnthalpyOfMixing,<Substance C=CCCCC{solv}{x=0.749900}|CCCCO{solv}{x=0.250100}>,C=CCCCC,CCCCO,fb-fit-v3-single-mean-k100,3,0.6292896207226448,0.0424438731549457,0.63978,0.00696
16427,2567,dens_417191245012747241,257,Density,<Substance C=CCCCC{solv}{x=0.501800}|CCCCO{solv}{x=0.498200}>,C=CCCCC,CCCCO,fb-fit-v3-single-mean-k100,3,0.7299147680724918,0.0002324200570432,0.7340000000000002,0.00035
16428,2568,dens_1053849773924337242,258,Density,<Substance C=CCCCC{solv}{x=0.100100}|CCCCO{solv}{x=0.899900}>,C=CCCCC,CCCCO,fb-fit-v3-single-mean-k100,3,0.796287039139775,0.0001960306753879,0.7924000000000002,0.00035
16429,2569,dhmix_1436053809694490847,259,EnthalpyOfMixing,<Substance C=CCCCC{solv}{x=0.500300}|CCCCO{solv}{x=0.499700}>,C=CCCCC,CCCCO,fb-fit-v3-single-mean-k100,3,0.446850789865806,0.033737687281693,0.56098,0.00616
16430,2570,dens_1967827958045932694,260,Density,<Substance C=CCCCC{solv}{x=0.900000}|CCCCO{solv}{x=0.100000}>,C=CCCCC,CCCCO,fb-fit-v3-single-mean-k100,3,0.6785470816417167,0.0002055001644982,0.6818000000000001,0.00035
16431,2571,dhmix_113202719214912577,261,EnthalpyOfMixing,<Substance CCN(CC)CCO{solv}{x=0.700300}|O{solv}{x=0.299700}>,CCN(CC)CCO,O,fb-fit-v3-single-mean-k100,3,-2.0726265163143864,0.0415576495455153,-1.75,0.019
16432,2572,dhmix_450200897960931857,262,EnthalpyOfMixing,<Substance CCN(CC)CCO{solv}{x=0.500200}|O{solv}{x=0.499800}>,CCN(CC)CCO,O,fb-fit-v3-single-mean-k100,3,-2.265550799081801,0.0342947206982003,-2.504,0.027
16433,2573,dens_727880187774296815,263,Density,<Substance CCN(CC)CCO{solv}{x=0.799700}|O{solv}{x=0.200300}>,CCN(CC)CCO,O,fb-fit-v3-single-mean-k100,3,0.889561454692301,0.0002038292902204,0.8996000000000003,0.005
16434,2574,dens_943193748522476096,264,Density,<Substance CCN(CC)CCO{solv}{x=0.499700}|O{solv}{x=0.500300}>,CCN(CC)CCO,O,fb-fit-v3-single-mean-k100,3,0.9046426194726148,0.000370956910275,0.9222000000000002,0.005
16435,2575,dhmix_1628408668678458098,265,EnthalpyOfMixing,<Substance CCN(CC)CCO{solv}{x=0.200800}|O{solv}{x=0.799200}>,CCN(CC)CCO,O,fb-fit-v3-single-mean-k100,3,-1.301315387959873,0.023594556742712,-2.185,0.0235
16436,2576,dens_1679974305630699360,266,Density,<Substance CCN(CC)CCO{solv}{x=0.193290}|O{solv}{x=0.806710}>,CCN(CC)CCO,O,fb-fit-v3-single-mean-k100,3,0.9303699604650236,0.0003717828301913,0.9615690000000002,0.000144
16437,2577,dens_114257363738318755,267,Density,<Substance C1CCCCC1{solv}{x=0.754300}|CCCCCC{solv}{x=0.245700}>,C1CCCCC1,CCCCCC,fb-fit-v3-single-mean-k100,3,0.7374533679238149,0.0001469034134671,0.7392000000000002,0.00065
16438,2578,dens_528453314861364780,268,Density,<Substance C1CCCCC1{solv}{x=0.234300}|CCCCCC{solv}{x=0.765700}>,C1CCCCC1,CCCCCC,fb-fit-v3-single-mean-k100,3,0.6771788114496782,0.0002416005326245,0.6838300000000002,0.001655
16439,2579,dens_547437695672624422,269,Density,<Substance C1CCCCC1{solv}{x=0.479300}|CCCCCC{solv}{x=0.520700}>,C1CCCCC1,CCCCCC,fb-fit-v3-single-mean-k100,3,0.7041576348554914,0.0002305078207563,0.7105500000000001,0.001555
16440,2580,dhmix_728030976573858762,270,EnthalpyOfMixing,<Substance C1CCCCC1{solv}{x=0.483200}|CCCCCC{solv}{x=0.516800}>,C1CCCCC1,CCCCCC,fb-fit-v3-single-mean-k100,3,0.3381119032074053,0.0478710259005231,0.2144,0.00155
16441,2581,dhmix_1406519609852245638,271,EnthalpyOfMixing,<Substance C1CCCCC1{solv}{x=0.219000}|CCCCCC{solv}{x=0.781000}>,C1CCCCC1,CCCCCC,fb-fit-v3-single-mean-k100,3,0.1203651670639089,0.0450353160046948,0.1264,0.00105
16442,2582,dhmix_1819992223413741006,272,EnthalpyOfMixing,<Substance C1CCCCC1{solv}{x=0.725500}|CCCCCC{solv}{x=0.274500}>,C1CCCCC1,CCCCCC,fb-fit-v3-single-mean-k100,3,0.3524647213094312,0.044342017599839,0.199,0.00145
16443,2583,dhmix_114464856611254095,273,EnthalpyOfMixing,<Substance COc1ccccc1{solv}{x=0.739800}|OCc1ccccc1{solv}{x=0.260200}>,COc1ccccc1,OCc1ccccc1,fb-fit-v3-single-mean-k100,3,0.7855697280261467,0.0488653575648637,1.0539,0.0113
16444,2584,dens_844721400884986444,274,Density,<Substance COc1ccccc1{solv}{x=0.288300}|OCc1ccccc1{solv}{x=0.711700}>,COc1ccccc1,OCc1ccccc1,fb-fit-v3-single-mean-k100,3,1.0242920268341844,0.0002489921563255,1.0180000000000002,0.000135
16445,2585,dens_1208569209782779179,275,Density,<Substance COc1ccccc1{solv}{x=0.491100}|OCc1ccccc1{solv}{x=0.508900}>,COc1ccccc1,OCc1ccccc1,fb-fit-v3-single-mean-k100,3,1.0095154215889677,0.0001854957366882,1.0069400000000004,0.000165
16446,2586,dhmix_1342325728364187329,276,EnthalpyOfMixing,<Substance COc1ccccc1{solv}{x=0.240100}|OCc1ccccc1{solv}{x=0.759900}>,COc1ccccc1,OCc1ccccc1,fb-fit-v3-single-mean-k100,3,0.4039619285284317,0.0475949085768368,0.6199,0.0067
16447,2587,dhmix_1596550872819493971,277,EnthalpyOfMixing,<Substance COc1ccccc1{solv}{x=0.486600}|OCc1ccccc1{solv}{x=0.513400}>,COc1ccccc1,OCc1ccccc1,fb-fit-v3-single-mean-k100,3,0.8963504236570614,0.0494162048003042,0.9688,0.0104
16448,2588,dens_1833270112854727934,278,Density,<Substance COc1ccccc1{solv}{x=0.774500}|OCc1ccccc1{solv}{x=0.225500}>,COc1ccccc1,OCc1ccccc1,fb-fit-v3-single-mean-k100,3,0.9895213454888434,0.0001970317677367,0.9915900000000004,0.000215
16449,2589,dens_114725786693793907,279,Density,<Substance CC(=O)O{solv}{x=0.703100}|CCO{solv}{x=0.296900}>,CC(=O)O,CCO,fb-fit-v3-single-mean-k100,3,0.9963233769465996,0.0002274324558546,0.97355,0.00021
16450,2590,dens_883421079927261907,280,Density,<Substance CC(=O)O{solv}{x=0.496100}|CCO{solv}{x=0.503900}>,CC(=O)O,CCO,fb-fit-v3-single-mean-k100,3,0.9369657300837207,0.0003293851980386,0.9199600000000002,0.0002
16451,2591,dens_1042567278853913615,281,Density,<Substance CC(=O)O{solv}{x=0.297100}|CCO{solv}{x=0.702900}>,CC(=O)O,CCO,fb-fit-v3-single-mean-k100,3,0.8791982947454952,0.0003330026432926,0.8668600000000002,0.000195
16452,2592,dhmix_129373600931207498,282,EnthalpyOfMixing,<Substance NCCNCCN{solv}{x=0.702000}|O{solv}{x=0.298000}>,NCCNCCN,O,fb-fit-v3-single-mean-k100,3,-2.7404836882451207,0.0464301742843364,-3.393,0.036
16453,2593,dhmix_313570094367316478,283,EnthalpyOfMixing,<Substance NCCNCCN{solv}{x=0.241600}|O{solv}{x=0.758400}>,NCCNCCN,O,fb-fit-v3-single-mean-k100,3,-4.258734361945148,0.0476496766782986,-6.523,0.0695
16454,2594,dens_548243159356184104,284,Density,<Substance NCCNCCN{solv}{x=0.244900}|O{solv}{x=0.755100}>,NCCNCCN,O,fb-fit-v3-single-mean-k100,3,1.057226594968509,0.0003998009164481,1.0275000000000003,0.0005
16455,2595,dens_913992897582667960,285,Density,<Substance NCCNCCN{solv}{x=0.497400}|O{solv}{x=0.502600}>,NCCNCCN,O,fb-fit-v3-single-mean-k100,3,1.0614044591983227,0.0003129623282124,0.9928000000000002,0.0005
16456,2596,dhmix_1565087976771168604,286,EnthalpyOfMixing,<Substance NCCNCCN{solv}{x=0.501000}|O{solv}{x=0.499000}>,NCCNCCN,O,fb-fit-v3-single-mean-k100,3,-4.356178071408593,0.0434392091350879,-5.417,0.0575
16457,2597,dens_1812124220217686569,287,Density,<Substance NCCNCCN{solv}{x=0.698800}|O{solv}{x=0.301200}>,NCCNCCN,O,fb-fit-v3-single-mean-k100,3,1.0547717004598982,0.000241097770185,0.9718000000000002,0.0005
16458,2598,dhmix_135176730945124637,288,EnthalpyOfMixing,<Substance CCCCNCCCC{solv}{x=0.751800}|CN(C)C=O{solv}{x=0.248200}>,CCCCNCCCC,CN(C)C=O,fb-fit-v3-single-mean-k100,3,0.3781736180624051,0.0553379792170153,0.782,0.025
16459,2599,dens_586298674852090193,289,Density,<Substance CCCCNCCCC{solv}{x=0.726600}|CN(C)C=O{solv}{x=0.273400}>,CCCCNCCCC,CN(C)C=O,fb-fit-v3-single-mean-k100,3,0.7909563915620449,0.000188855663572,0.7828350000000002,0.0009465
16460,2600,dens_711718403070096827,290,Density,<Substance CCCCNCCCC{solv}{x=0.263900}|CN(C)C=O{solv}{x=0.736100}>,CCCCNCCCC,CN(C)C=O,fb-fit-v3-single-mean-k100,3,0.8583684594179899,0.0002268352464971,0.8609240000000001,0.001053
16461,2601,dhmix_1537913365058000269,291,EnthalpyOfMixing,<Substance CCCCNCCCC{solv}{x=0.249400}|CN(C)C=O{solv}{x=0.750600}>,CCCCNCCCC,CN(C)C=O,fb-fit-v3-single-mean-k100,3,0.4245704336823053,0.0400777100897846,0.921,0.029
16462,2602,dhmix_1965420976556284821,292,EnthalpyOfMixing,<Substance CCCCNCCCC{solv}{x=0.501800}|CN(C)C=O{solv}{x=0.498200}>,CCCCNCCCC,CN(C)C=O,fb-fit-v3-single-mean-k100,3,0.4769935183078644,0.0448425440797476,1.113,0.0335
16463,2603,dens_2298192241038151497,293,Density,<Substance CCCCNCCCC{solv}{x=0.492800}|CN(C)C=O{solv}{x=0.507200}>,CCCCNCCCC,CN(C)C=O,fb-fit-v3-single-mean-k100,3,0.8196294720165966,0.0001840294041451,0.8153440000000003,0.0009895
16464,2604,dens_145031449158698048,294,Density,<Substance CN(C)C=O{solv}{x=0.498800}|ClCCCl{solv}{x=0.501200}>,CN(C)C=O,ClCCCl,fb-fit-v3-single-mean-k100,3,1.0866308138480845,0.000354446797492,1.0957000000000003,0.00305
16465,2605,dens_511894799968528211,295,Density,<Substance CN(C)C=O{solv}{x=0.197800}|ClCCCl{solv}{x=0.802200}>,CN(C)C=O,ClCCCl,fb-fit-v3-single-mean-k100,3,1.175649989108965,0.0004126198049376,1.1862000000000004,0.003
16466,2606,dhmix_693792312882226719,296,EnthalpyOfMixing,<Substance CN(C)C=O{solv}{x=0.498000}|ClCCCl{solv}{x=0.502000}>,CN(C)C=O,ClCCCl,fb-fit-v3-single-mean-k100,3,-0.094668355031235,0.0372695237043132,-0.663,0.0035
16467,2607,dhmix_1364024895663592301,297,EnthalpyOfMixing,<Substance CN(C)C=O{solv}{x=0.299000}|ClCCCl{solv}{x=0.701000}>,CN(C)C=O,ClCCCl,fb-fit-v3-single-mean-k100,3,-0.034258007452216,0.032625959389594,-0.575,0.0035
16468,2608,dens_1874616475661316520,298,Density,<Substance CN(C)C=O{solv}{x=0.705400}|ClCCCl{solv}{x=0.294600}>,CN(C)C=O,ClCCCl,fb-fit-v3-single-mean-k100,3,1.0215436408687013,0.0002698994208107,1.0336,0.003
16469,2609,dhmix_1965344541223753593,299,EnthalpyOfMixing,<Substance CN(C)C=O{solv}{x=0.702000}|ClCCCl{solv}{x=0.298000}>,CN(C)C=O,ClCCCl,fb-fit-v3-single-mean-k100,3,0.0121935854219685,0.0370108569839121,-0.531,0.003
16470,2610,dens_145117083439077204,300,Density,<Substance CN1CCCC1=O{solv}{x=0.700300}|ClCCCCCl{solv}{x=0.299700}>,CN1CCCC1=O,ClCCCCCl,fb-fit-v3-single-mean-k100,3,1.0568840081176225,0.0002441625434552,1.0627000000000002,0.0005
16471,2611,dens_872271192908107773,301,Density,<Substance CN1CCCC1=O{solv}{x=0.203400}|ClCCCCCl{solv}{x=0.796600}>,CN1CCCC1=O,ClCCCCCl,fb-fit-v3-single-mean-k100,3,1.1136569738220763,0.0003074361479549,1.1142000000000003,0.00125
16472,2612,dhmix_958757583081250655,302,EnthalpyOfMixing,<Substance CN1CCCC1=O{solv}{x=0.703000}|ClCCCCCl{solv}{x=0.297000}>,CN1CCCC1=O,ClCCCCCl,fb-fit-v3-single-mean-k100,3,0.0931937793738377,0.0394212554230088,-0.583,0.0035
16473,2613,dens_1187888029800539390,303,Density,<Substance CN1CCCC1=O{solv}{x=0.502500}|ClCCCCCl{solv}{x=0.497500}>,CN1CCCC1=O,ClCCCCCl,fb-fit-v3-single-mean-k100,3,1.081577224599097,0.0002362517695224,1.0840000000000003,0.00075
16474,2614,dhmix_1448185356234442909,304,EnthalpyOfMixing,<Substance CN1CCCC1=O{solv}{x=0.210000}|ClCCCCCl{solv}{x=0.790000}>,CN1CCCC1=O,ClCCCCCl,fb-fit-v3-single-mean-k100,3,0.0218664175540439,0.0429455917442682,-0.406,0.003
16475,2615,dhmix_1623586299486793214,305,EnthalpyOfMixing,<Substance CN1CCCC1=O{solv}{x=0.505000}|ClCCCCCl{solv}{x=0.495000}>,CN1CCCC1=O,ClCCCCCl,fb-fit-v3-single-mean-k100,3,0.0836407688439209,0.0408591119010792,-0.678,0.0035
16476,2616,dens_151421667269785380,306,Density,<Substance OCCOCCO{solv}{x=0.228500}|OCc1ccccc1{solv}{x=0.771500}>,OCCOCCO,OCc1ccccc1,fb-fit-v3-single-mean-k100,3,1.0614634591052012,0.0002318866550675,1.0497600000000002,0.000265
16477,2617,dens_207017358130726789,307,Density,<Substance OCCOCCO{solv}{x=0.531200}|OCc1ccccc1{solv}{x=0.468800}>,OCCOCCO,OCc1ccccc1,fb-fit-v3-single-mean-k100,3,1.0830939701686246,0.0003245151134667,1.07136,0.00027
16478,2618,dhmix_638869206909151198,308,EnthalpyOfMixing,<Substance OCCOCCO{solv}{x=0.765800}|OCc1ccccc1{solv}{x=0.234200}>,OCCOCCO,OCc1ccccc1,fb-fit-v3-single-mean-k100,3,-0.3939759977040324,0.0412276645623618,-0.3712,0.0073
16479,2619,dhmix_884415658126351430,309,EnthalpyOfMixing,<Substance OCCOCCO{solv}{x=0.266500}|OCc1ccccc1{solv}{x=0.733500}>,OCCOCCO,OCc1ccccc1,fb-fit-v3-single-mean-k100,3,-0.2372137293247078,0.0444800737696891,-0.4216,0.0081
16480,2620,dhmix_925385148369690502,310,EnthalpyOfMixing,<Substance OCCOCCO{solv}{x=0.521600}|OCc1ccccc1{solv}{x=0.478400}>,OCCOCCO,OCc1ccccc1,fb-fit-v3-single-mean-k100,3,-0.2672053619448746,0.0645307496106593,-0.4574,0.00865
16481,2621,dens_1617133138157859384,311,Density,<Substance OCCOCCO{solv}{x=0.727700}|OCc1ccccc1{solv}{x=0.272300}>,OCCOCCO,OCc1ccccc1,fb-fit-v3-single-mean-k100,3,1.096955433380132,0.0004601710252537,1.0857000000000003,0.000275
16482,2622,dens_155791527624482863,312,Density,<Substance CC(C)CO{solv}{x=0.279300}|CCCCBr{solv}{x=0.720700}>,CC(C)CO,CCCCBr,fb-fit-v3-single-mean-k100,3,1.124441620598717,0.0004104428549822,1.1339800000000002,0.000305
16483,2623,dhmix_549211977118470640,313,EnthalpyOfMixing,<Substance CC(C)CO{solv}{x=0.293800}|CCCCBr{solv}{x=0.706200}>,CC(C)CO,CCCCBr,fb-fit-v3-single-mean-k100,3,1.0325307408992828,0.0413758754823587,1.248,0.0135
16484,2624,dens_692500675577783691,314,Density,<Substance CC(C)CO{solv}{x=0.793700}|CCCCBr{solv}{x=0.206300}>,CC(C)CO,CCCCBr,fb-fit-v3-single-mean-k100,3,0.9073522777758772,0.0002461768562559,0.8962800000000002,0.00021
16485,2625,dens_841415441417626311,315,Density,<Substance CC(C)CO{solv}{x=0.498900}|CCCCBr{solv}{x=0.501100}>,CC(C)CO,CCCCBr,fb-fit-v3-single-mean-k100,3,1.035017160072378,0.0003880558094259,1.0366800000000005,0.000225
16486,2626,dhmix_1400807466047438160,316,EnthalpyOfMixing,<Substance CC(C)CO{solv}{x=0.499000}|CCCCBr{solv}{x=0.501000}>,CC(C)CO,CCCCBr,fb-fit-v3-single-mean-k100,3,1.100770548680913,0.0395169067595466,1.207,0.013
16487,2627,dhmix_1959880980464917582,317,EnthalpyOfMixing,<Substance CC(C)CO{solv}{x=0.702100}|CCCCBr{solv}{x=0.297900}>,CC(C)CO,CCCCBr,fb-fit-v3-single-mean-k100,3,0.7512710562784406,0.0414414046532353,0.891,0.0095
16488,2628,dhmix_155924436295918663,318,EnthalpyOfMixing,<Substance OCCCO{solv}{x=0.501300}|O{solv}{x=0.498700}>,O,OCCCO,fb-fit-v3-single-mean-k100,3,0.1303012781519541,0.0321461880014026,-0.992,0.0125
16489,2629,dens_867859901093068556,319,Density,<Substance OCCCO{solv}{x=0.743700}|O{solv}{x=0.256300}>,O,OCCCO,fb-fit-v3-single-mean-k100,3,1.0604461537757193,0.0004092793118458,1.0503800000000003,0.00023
16490,2630,dhmix_2191722776959064631,320,EnthalpyOfMixing,<Substance OCCCO{solv}{x=0.743000}|O{solv}{x=0.257000}>,O,OCCCO,fb-fit-v3-single-mean-k100,3,-0.1206852158675886,0.0477260142364032,-0.633,0.008
16491,2631,dhmix_2210594516320705991,321,EnthalpyOfMixing,<Substance OCCCO{solv}{x=0.208700}|O{solv}{x=0.791300}>,O,OCCCO,fb-fit-v3-single-mean-k100,3,0.2667192599890668,0.0297062554635812,-0.924,0.012
16492,2632,dens_2211391404402371237,322,Density,<Substance OCCCO{solv}{x=0.244700}|O{solv}{x=0.755300}>,O,OCCCO,fb-fit-v3-single-mean-k100,3,1.0316179244799897,0.0003404147019342,1.0381600000000004,0.00019
16493,2633,dens_2211609476735134421,323,Density,<Substance OCCCO{solv}{x=0.500000}|O{solv}{x=0.500000}>,O,OCCCO,fb-fit-v3-single-mean-k100,3,1.0517269378204288,0.0003109388135202,1.0492100000000002,0.000215
16494,2634,dhmix_156929898609376763,324,EnthalpyOfMixing,<Substance CN(C)CCCO{solv}{x=0.800100}|O{solv}{x=0.199900}>,CN(C)CCCO,O,fb-fit-v3-single-mean-k100,3,-1.293945085312977,0.050371564537616,-1.26,0.0135
16495,2635,dhmix_786210276753247951,325,EnthalpyOfMixing,<Substance CN(C)CCCO{solv}{x=0.199800}|O{solv}{x=0.800200}>,CN(C)CCCO,O,fb-fit-v3-single-mean-k100,3,-1.251621495654895,0.0264235426004591,-2.514,0.027
16496,2636,dens_971674883336993154,326,Density,<Substance CN(C)CCCO{solv}{x=0.289504}|O{solv}{x=0.710496}>,CN(C)CCCO,O,fb-fit-v3-single-mean-k100,3,0.9467464783381072,0.000343510526077,0.9443,0.00285
16497,2637,dhmix_1330584538745399524,327,EnthalpyOfMixing,<Substance CN(C)CCCO{solv}{x=0.501900}|O{solv}{x=0.498100}>,CN(C)CCCO,O,fb-fit-v3-single-mean-k100,3,-2.1770224559073412,0.038249032090622,-2.706,0.029
16498,2638,dens_1781759734173902013,328,Density,<Substance CN(C)CCCO{solv}{x=0.501300}|O{solv}{x=0.498700}>,CN(C)CCCO,O,fb-fit-v3-single-mean-k100,3,0.9372372966667024,0.0002750294731916,0.9170700000000004,8.000000000000002e-05
16499,2639,dens_2299157616447228221,329,Density,<Substance CN(C)CCCO{solv}{x=0.800600}|O{solv}{x=0.199400}>,CN(C)CCCO,O,fb-fit-v3-single-mean-k100,3,0.9258671367632356,0.0001668249415726,0.8915100000000002,9.500000000000002e-05
16500,2640,dhmix_157983773008192768,330,EnthalpyOfMixing,<Substance BrCCCBr{solv}{x=0.743200}|CCCCOC(=O)CCC{solv}{x=0.256800}>,BrCCCBr,CCCCOC(=O)CCC,fb-fit-v3-single-mean-k100,3,-0.4371579821992313,0.0412785064402448,0.032,0.0005
16501,2641,dens_720277045338028885,331,Density,<Substance BrCCCBr{solv}{x=0.748700}|CCCCOC(=O)CCC{solv}{x=0.251300}>,BrCCCBr,CCCCOC(=O)CCC,fb-fit-v3-single-mean-k100,3,1.5655556738532437,0.0003917479873904,1.5786600000000004,0.00038
16502,2642,dens_933248802608751708,332,Density,<Substance BrCCCBr{solv}{x=0.529700}|CCCCOC(=O)CCC{solv}{x=0.470300}>,BrCCCBr,CCCCOC(=O)CCC,fb-fit-v3-single-mean-k100,3,1.3116635978756332,0.0002689692846707,1.3159400000000003,0.000255
16503,2643,dens_1048925802213854204,333,Density,<Substance BrCCCBr{solv}{x=0.259100}|CCCCOC(=O)CCC{solv}{x=0.740900}>,BrCCCBr,CCCCOC(=O)CCC,fb-fit-v3-single-mean-k100,3,1.0609550582404723,0.0002083506344317,1.0598600000000002,0.000145
16504,2644,dhmix_1090642624443832057,334,EnthalpyOfMixing,<Substance BrCCCBr{solv}{x=0.241200}|CCCCOC(=O)CCC{solv}{x=0.758800}>,BrCCCBr,CCCCOC(=O)CCC,fb-fit-v3-single-mean-k100,3,-0.4434186097255974,0.0507054119707997,-0.094,0.001
16505,2645,dhmix_1649688325270115073,335,EnthalpyOfMixing,<Substance BrCCCBr{solv}{x=0.466700}|CCCCOC(=O)CCC{solv}{x=0.533300}>,BrCCCBr,CCCCOC(=O)CCC,fb-fit-v3-single-mean-k100,3,-0.5993753680371015,0.0435639655529758,-0.091,0.001
16506,2646,dhmix_158101159957898775,336,EnthalpyOfMixing,<Substance CCCCCl{solv}{x=0.490000}|CN1CCCC1=O{solv}{x=0.510000}>,CCCCCl,CN1CCCC1=O,fb-fit-v3-single-mean-k100,3,0.8372134320435478,0.0391525154455503,0.152,0.002
16507,2647,dhmix_586880142396707079,337,EnthalpyOfMixing,<Substance CCCCCl{solv}{x=0.294000}|CN1CCCC1=O{solv}{x=0.706000}>,CCCCCl,CN1CCCC1=O,fb-fit-v3-single-mean-k100,3,0.711449703944929,0.0425162370897407,0.145,0.002
16508,2648,dens_897975104490051322,338,Density,<Substance CCCCCl{solv}{x=0.296100}|CN1CCCC1=O{solv}{x=0.703900}>,CCCCCl,CN1CCCC1=O,fb-fit-v3-single-mean-k100,3,0.9783660981081024,0.0002427709575474,0.9862000000000004,0.0001
16509,2649,dens_1393365907116297965,339,Density,<Substance CCCCCl{solv}{x=0.702600}|CN1CCCC1=O{solv}{x=0.297400}>,CCCCCl,CN1CCCC1=O,fb-fit-v3-single-mean-k100,3,0.9201862733623632,0.0002628790939548,0.9268000000000002,0.0001
16510,2650,dhmix_1769887717174104485,340,EnthalpyOfMixing,<Substance CCCCCl{solv}{x=0.787000}|CN1CCCC1=O{solv}{x=0.213000}>,CCCCCl,CN1CCCC1=O,fb-fit-v3-single-mean-k100,3,0.5055972127443482,0.0384045279660808,0.081,0.002
16511,2651,dens_2070183543451797213,341,Density,<Substance CCCCCl{solv}{x=0.494800}|CN1CCCC1=O{solv}{x=0.505200}>,CCCCCl,CN1CCCC1=O,fb-fit-v3-single-mean-k100,3,0.9513878512458644,0.0002495175268716,0.9575000000000002,0.0001
16512,2652,dens_164369774990422412,342,Density,<Substance CC(C)O{solv}{x=0.764900}|CCOC=O{solv}{x=0.235100}>,CC(C)O,CCOC=O,fb-fit-v3-single-mean-k100,3,0.8334565155894124,0.0002525815148975,0.8088000000000002,0.00035
16513,2653,dens_200561035496770448,343,Density,<Substance CC(C)O{solv}{x=0.265100}|CCOC=O{solv}{x=0.734900}>,CC(C)O,CCOC=O,fb-fit-v3-single-mean-k100,3,0.8986135950442882,0.0003119612962659,0.8710000000000002,0.0003
16514,2654,dens_1124622586228643363,344,Density,<Substance CC(C)O{solv}{x=0.441300}|CCOC=O{solv}{x=0.558700}>,CC(C)O,CCOC=O,fb-fit-v3-single-mean-k100,3,0.8752921789641112,0.0002960611773003,0.8482000000000003,0.00035
16515,2655,dens_166030075147825025,345,Density,<Substance Clc1ccccc1{solv}{x=0.467900}|c1ccccc1{solv}{x=0.532100}>,Clc1ccccc1,c1ccccc1,fb-fit-v3-single-mean-k100,3,1.0085106807007955,0.0002666223644296,0.9877000000000002,0.00025
16516,2656,dens_796537469137871297,346,Density,<Substance Clc1ccccc1{solv}{x=0.735800}|c1ccccc1{solv}{x=0.264200}>,Clc1ccccc1,c1ccccc1,fb-fit-v3-single-mean-k100,3,1.070076207018949,0.000275329126012,1.0465000000000002,0.0002
16517,2657,dhmix_1485547099225054006,347,EnthalpyOfMixing,<Substance Clc1ccccc1{solv}{x=0.777700}|c1ccccc1{solv}{x=0.222300}>,Clc1ccccc1,c1ccccc1,fb-fit-v3-single-mean-k100,3,0.0228885991837302,0.0383580492625658,-0.0036,0.0004
16518,2658,dhmix_1808283008183194060,348,EnthalpyOfMixing,<Substance Clc1ccccc1{solv}{x=0.225800}|c1ccccc1{solv}{x=0.774200}>,Clc1ccccc1,c1ccccc1,fb-fit-v3-single-mean-k100,3,0.0089914162970501,0.0385635240729884,-0.0046,0.0004
16519,2659,dhmix_2008892820486470381,349,EnthalpyOfMixing,<Substance Clc1ccccc1{solv}{x=0.466600}|c1ccccc1{solv}{x=0.533400}>,Clc1ccccc1,c1ccccc1,fb-fit-v3-single-mean-k100,3,0.0617625598687681,0.0384684178864752,-0.0057,0.0004
16520,2660,dens_2142546524113318099,350,Density,<Substance Clc1ccccc1{solv}{x=0.293100}|c1ccccc1{solv}{x=0.706900}>,Clc1ccccc1,c1ccccc1,fb-fit-v3-single-mean-k100,3,0.96620846939256,0.0002477325399964,0.9468000000000002,0.00025
16521,2661,dhmix_166527628917371560,351,EnthalpyOfMixing,<Substance CCCCCC(C)=O{solv}{x=0.500700}|CCCNCCC{solv}{x=0.499300}>,CCCCCC(C)=O,CCCNCCC,fb-fit-v3-single-mean-k100,3,-0.0945966086447782,0.0505226096832997,0.162,0.002
16522,2662,dhmix_181797488552739205,352,EnthalpyOfMixing,<Substance CCCCCC(C)=O{solv}{x=0.213200}|CCCNCCC{solv}{x=0.786800}>,CCCCCC(C)=O,CCCNCCC,fb-fit-v3-single-mean-k100,3,-0.0613893800601061,0.0474446123128326,0.137,0.0015
16523,2663,dens_286521458049436805,353,Density,<Substance CCCCCC(C)=O{solv}{x=0.542700}|CCCNCCC{solv}{x=0.457300}>,CCCCCC(C)=O,CCCNCCC,fb-fit-v3-single-mean-k100,3,0.783806514395019,0.0001322253701665,0.7766620000000002,0.0001215
16524,2664,dens_740930494074770103,354,Density,<Substance CCCCCC(C)=O{solv}{x=0.252600}|CCCNCCC{solv}{x=0.747400}>,CCCCCC(C)=O,CCCNCCC,fb-fit-v3-single-mean-k100,3,0.7623194995482053,0.0002179245536921,0.7540050000000001,0.0001215
16525,2665,dhmix_1180133264815330249,355,EnthalpyOfMixing,<Substance CCCCCC(C)=O{solv}{x=0.788000}|CCCNCCC{solv}{x=0.212000}>,CCCCCC(C)=O,CCCNCCC,fb-fit-v3-single-mean-k100,3,-0.0774670917371693,0.0486162426228024,0.088,0.001
16526,2666,dens_1237727796782189302,356,Density,<Substance CCCCCC(C)=O{solv}{x=0.741800}|CCCNCCC{solv}{x=0.258200}>,CCCCCC(C)=O,CCCNCCC,fb-fit-v3-single-mean-k100,3,0.7975332239050839,0.0001782403501571,0.7918920000000003,0.00012
16527,2667,dens_168376639142843665,357,Density,<Substance BrCCBr{solv}{x=0.084500}|CCOC(=O)CC{solv}{x=0.915500}>,BrCCBr,CCOC(=O)CC,fb-fit-v3-single-mean-k100,3,0.97049368731501,0.0002656725244566,0.9671200000000002,0.001185
16528,2668,dhmix_897092526028522426,358,EnthalpyOfMixing,<Substance BrCCBr{solv}{x=0.753700}|CCOC(=O)CC{solv}{x=0.246300}>,BrCCBr,CCOC(=O)CC,fb-fit-v3-single-mean-k100,3,-0.3218534581306818,0.0304763725851705,0.0052,0.0008
16529,2669,dhmix_1078383344298013541,359,EnthalpyOfMixing,<Substance BrCCBr{solv}{x=0.084100}|CCOC(=O)CC{solv}{x=0.915900}>,BrCCBr,CCOC(=O)CC,fb-fit-v3-single-mean-k100,3,-0.0603534424415022,0.0338997186077777,-0.0683,0.0014
16530,2670,dhmix_1103515663691342839,360,EnthalpyOfMixing,<Substance BrCCBr{solv}{x=0.514000}|CCOC(=O)CC{solv}{x=0.486000}>,BrCCBr,CCOC(=O)CC,fb-fit-v3-single-mean-k100,3,-0.1372891402373186,0.0386886082405857,-0.1259,0.00205
16531,2671,dens_1193015082780501702,361,Density,<Substance BrCCBr{solv}{x=0.484400}|CCOC(=O)CC{solv}{x=0.515600}>,BrCCBr,CCOC(=O)CC,fb-fit-v3-single-mean-k100,3,1.4046508946083662,0.0003152117816345,1.4136000000000002,0.001165
16532,2672,dens_1660732943693703463,362,Density,<Substance BrCCBr{solv}{x=0.714800}|CCOC(=O)CC{solv}{x=0.285200}>,BrCCBr,CCOC(=O)CC,fb-fit-v3-single-mean-k100,3,1.696362557911494,0.0005424445011675,1.7205300000000003,0.000985
16533,2673,dens_172622055198885625,363,Density,<Substance CCCCOCCO{solv}{x=0.499500}|c1ccccc1{solv}{x=0.500500}>,CCCCOCCO,c1ccccc1,fb-fit-v3-single-mean-k100,3,0.888584865466566,0.000211034420912,0.8864700000000002,0.000795
16534,2674,dens_615182082919776992,364,Density,<Substance CCCCOCCO{solv}{x=0.753500}|c1ccccc1{solv}{x=0.246500}>,CCCCOCCO,c1ccccc1,fb-fit-v3-single-mean-k100,3,0.8904219612759099,0.0001872145058585,0.8924600000000003,0.00077
16535,2675,dens_1014762781474427089,365,Density,<Substance CCCCOCCO{solv}{x=0.248800}|c1ccccc1{solv}{x=0.751200}>,CCCCOCCO,c1ccccc1,fb-fit-v3-single-mean-k100,3,0.8876624167059874,0.0001697177966508,0.8790000000000002,0.00083
16536,2676,dhmix_1209838039340638454,366,EnthalpyOfMixing,<Substance CCCCOCCO{solv}{x=0.729700}|c1ccccc1{solv}{x=0.270300}>,CCCCOCCO,c1ccccc1,fb-fit-v3-single-mean-k100,3,0.5046327631658869,0.047018146457238,0.3037,0.00335
16537,2677,dhmix_1416395432810708431,367,EnthalpyOfMixing,<Substance CCCCOCCO{solv}{x=0.266500}|c1ccccc1{solv}{x=0.733500}>,CCCCOCCO,c1ccccc1,fb-fit-v3-single-mean-k100,3,0.7364610883754352,0.0448837888981671,0.6895,0.00745
16538,2678,dhmix_1775479338186698605,368,EnthalpyOfMixing,<Substance CCCCOCCO{solv}{x=0.503000}|c1ccccc1{solv}{x=0.497000}>,CCCCOCCO,c1ccccc1,fb-fit-v3-single-mean-k100,3,0.7896672282748796,0.0367225570041914,0.5563,0.00605
16539,2679,dens_173950346939686352,369,Density,<Substance CCOC(=O)CC(=O)OCC{solv}{x=0.797800}|CO{solv}{x=0.202200}>,CCOC(=O)CC(=O)OCC,CO,fb-fit-v3-single-mean-k100,3,1.0468352432110697,0.0002139985865834,1.0336070000000002,0.0001155
16540,2680,dhmix_796570713446660029,370,EnthalpyOfMixing,<Substance CCOC(=O)CC(=O)OCC{solv}{x=0.745300}|CO{solv}{x=0.254700}>,CCOC(=O)CC(=O)OCC,CO,fb-fit-v3-single-mean-k100,3,1.1122524748157048,0.0494164417049274,1.184,0.013
16541,2681,dhmix_1053189657313504079,371,EnthalpyOfMixing,<Substance CCOC(=O)CC(=O)OCC{solv}{x=0.499300}|CO{solv}{x=0.500700}>,CCOC(=O)CC(=O)OCC,CO,fb-fit-v3-single-mean-k100,3,1.5503353919691565,0.0366499019229052,1.426,0.0155
16542,2682,dens_1109796780897697143,372,Density,<Substance CCOC(=O)CC(=O)OCC{solv}{x=0.500400}|CO{solv}{x=0.499600}>,CCOC(=O)CC(=O)OCC,CO,fb-fit-v3-single-mean-k100,3,1.0048713977096828,0.0002359144420226,0.9962350000000002,9.150000000000002e-05
16543,2683,dens_1145191816882985532,373,Density,<Substance CCOC(=O)CC(=O)OCC{solv}{x=0.250100}|CO{solv}{x=0.749900}>,CCOC(=O)CC(=O)OCC,CO,fb-fit-v3-single-mean-k100,3,0.9368844041414908,0.0003250727738244,0.9355040000000002,0.0001385
16544,2684,dhmix_1394433819711651760,374,EnthalpyOfMixing,<Substance CCOC(=O)CC(=O)OCC{solv}{x=0.251500}|CO{solv}{x=0.748500}>,CCOC(=O)CC(=O)OCC,CO,fb-fit-v3-single-mean-k100,3,1.220795983970426,0.0355685961847451,1.083,0.0115
16545,2685,dhmix_176700813960387714,375,EnthalpyOfMixing,<Substance CC(=O)N(C)C{solv}{x=0.211000}|ClCCCCCl{solv}{x=0.789000}>,CC(=O)N(C)C,ClCCCCCl,fb-fit-v3-single-mean-k100,3,-0.0184680571235205,0.0348363481587366,-0.188,0.0025
16546,2686,dhmix_422276068008732896,376,EnthalpyOfMixing,<Substance CC(=O)N(C)C{solv}{x=0.506000}|ClCCCCCl{solv}{x=0.494000}>,CC(=O)N(C)C,ClCCCCCl,fb-fit-v3-single-mean-k100,3,-0.0183562440786637,0.0309806888263045,-0.314,0.0025
16547,2687,dhmix_591740475541975327,377,EnthalpyOfMixing,<Substance CC(=O)N(C)C{solv}{x=0.705000}|ClCCCCCl{solv}{x=0.295000}>,CC(=O)N(C)C,ClCCCCCl,fb-fit-v3-single-mean-k100,3,-0.0045182844179301,0.0419257660453188,-0.281,0.0025
16548,2688,dens_600718364672681210,378,Density,<Substance CC(=O)N(C)C{solv}{x=0.200100}|ClCCCCCl{solv}{x=0.799900}>,CC(=O)N(C)C,ClCCCCCl,fb-fit-v3-single-mean-k100,3,1.0923420003518822,0.0002726553802832,1.0978,0.0023
16549,2689,dens_833309518494254389,379,Density,<Substance CC(=O)N(C)C{solv}{x=0.698700}|ClCCCCCl{solv}{x=0.301300}>,CC(=O)N(C)C,ClCCCCCl,fb-fit-v3-single-mean-k100,3,0.983949637102692,0.0002507601187632,1.0011000000000003,0.0023
16550,2690,dens_1473570029953486090,380,Density,<Substance CC(=O)N(C)C{solv}{x=0.500900}|ClCCCCCl{solv}{x=0.499100}>,CC(=O)N(C)C,ClCCCCCl,fb-fit-v3-single-mean-k100,3,1.0297673669024734,0.0002727970735661,1.0407000000000004,0.00225
16551,2691,dens_176740025668330569,381,Density,<Substance C1CCCCC1{solv}{x=0.499400}|C1COCCO1{solv}{x=0.500600}>,C1CCCCC1,C1COCCO1,fb-fit-v3-single-mean-k100,3,0.875864409501506,0.0002397795376946,0.8769800000000002,8.500000000000002e-05
16552,2692,dens_476825312331327209,382,Density,<Substance C1CCCCC1{solv}{x=0.297200}|C1COCCO1{solv}{x=0.702800}>,C1CCCCC1,C1COCCO1,fb-fit-v3-single-mean-k100,3,0.9302287646683984,0.0002110194169073,0.9312200000000004,7.000000000000002e-05
16553,2693,dens_985438980823024302,383,Density,<Substance C1CCCCC1{solv}{x=0.699700}|C1COCCO1{solv}{x=0.300300}>,C1CCCCC1,C1COCCO1,fb-fit-v3-single-mean-k100,3,0.8287129123064548,0.0002316752372911,0.8305800000000002,0.0001
16554,2694,dhmix_1624213860575299641,384,EnthalpyOfMixing,<Substance C1CCCCC1{solv}{x=0.492800}|C1COCCO1{solv}{x=0.507200}>,C1CCCCC1,C1COCCO1,fb-fit-v3-single-mean-k100,3,2.0400655915866537,0.0413994436843668,1.588,0.008
16555,2695,dhmix_1900199136965747019,385,EnthalpyOfMixing,<Substance C1CCCCC1{solv}{x=0.239400}|C1COCCO1{solv}{x=0.760600}>,C1CCCCC1,C1COCCO1,fb-fit-v3-single-mean-k100,3,1.4131292552226284,0.0366520340105385,1.124,0.007
16556,2696,dhmix_2022274493214392184,386,EnthalpyOfMixing,<Substance C1CCCCC1{solv}{x=0.744200}|C1COCCO1{solv}{x=0.255800}>,C1CCCCC1,C1COCCO1,fb-fit-v3-single-mean-k100,3,1.633226286473473,0.0404325449904383,1.262,0.007
16557,2697,dhmix_182795551078530810,387,EnthalpyOfMixing,<Substance C1COCCO1{solv}{x=0.491200}|Cc1ccccc1Cl{solv}{x=0.508800}>,C1COCCO1,Cc1ccccc1Cl,fb-fit-v3-single-mean-k100,3,0.2171310294107939,0.0396183560788,0.356,0.002
16558,2698,dens_242592003865933955,388,Density,<Substance C1COCCO1{solv}{x=0.835700}|Cc1ccccc1Cl{solv}{x=0.164300}>,C1COCCO1,Cc1ccccc1Cl,fb-fit-v3-single-mean-k100,3,1.028617547439598,0.0002854588105799,1.0256,0.0005
16559,2699,dens_810150133181620718,389,Density,<Substance C1COCCO1{solv}{x=0.513600}|Cc1ccccc1Cl{solv}{x=0.486400}>,C1COCCO1,Cc1ccccc1Cl,fb-fit-v3-single-mean-k100,3,1.0640575591161383,0.0002644088443022,1.0536,0.0005
16560,2700,dhmix_1949119093643648586,390,EnthalpyOfMixing,<Substance C1COCCO1{solv}{x=0.246200}|Cc1ccccc1Cl{solv}{x=0.753800}>,C1COCCO1,Cc1ccccc1Cl,fb-fit-v3-single-mean-k100,3,0.234413264176112,0.0430926072557278,0.206,0.001
16561,2701,dens_2161584607380261748,391,Density,<Substance C1COCCO1{solv}{x=0.226300}|Cc1ccccc1Cl{solv}{x=0.773700}>,C1COCCO1,Cc1ccccc1Cl,fb-fit-v3-single-mean-k100,3,1.0826663016075588,0.0002526015579291,1.0674000000000003,0.0005
16562,2702,dhmix_2190589845176325501,392,EnthalpyOfMixing,<Substance C1COCCO1{solv}{x=0.835700}|Cc1ccccc1Cl{solv}{x=0.164300}>,C1COCCO1,Cc1ccccc1Cl,fb-fit-v3-single-mean-k100,3,0.1044248470762738,0.0426020175335046,0.244,0.0015
16563,2703,dens_194492664772262961,393,Density,<Substance CCCOC=O{solv}{x=0.479500}|ClCCCl{solv}{x=0.520500}>,CCCOC=O,ClCCCl,fb-fit-v3-single-mean-k100,3,1.0659872912764106,0.0003267023392801,1.0603100000000003,0.00196
16564,2704,dhmix_438833720470542962,394,EnthalpyOfMixing,<Substance CCCOC=O{solv}{x=0.738500}|ClCCCl{solv}{x=0.261500}>,CCCOC=O,ClCCCl,fb-fit-v3-single-mean-k100,3,-0.0484525442417442,0.0349157175211636,-0.205,0.0025
16565,2705,dens_598528978367940263,395,Density,<Substance CCCOC=O{solv}{x=0.254300}|ClCCCl{solv}{x=0.745700}>,CCCOC=O,ClCCCl,fb-fit-v3-single-mean-k100,3,1.140091464193424,0.0003597969964529,1.1418800000000005,0.002835
16566,2706,dens_822197650497048256,396,Density,<Substance CCCOC=O{solv}{x=0.728100}|ClCCCl{solv}{x=0.271900}>,CCCOC=O,ClCCCl,fb-fit-v3-single-mean-k100,3,0.9904151631925934,0.000202467829664,0.9794600000000002,0.001275
16567,2707,dhmix_1971772628311560569,397,EnthalpyOfMixing,<Substance CCCOC=O{solv}{x=0.503500}|ClCCCl{solv}{x=0.496500}>,CCCOC=O,ClCCCl,fb-fit-v3-single-mean-k100,3,-0.0047410483042185,0.0322588726234585,-0.254,0.003
16568,2708,dhmix_2087301877194561078,398,EnthalpyOfMixing,<Substance CCCOC=O{solv}{x=0.273300}|ClCCCl{solv}{x=0.726700}>,CCCOC=O,ClCCCl,fb-fit-v3-single-mean-k100,3,0.0720228106448885,0.0320255613473272,-0.154,0.002
16569,2709,dens_196547737404430199,399,Density,<Substance CCC(C)(C)O{solv}{x=0.258400}|CCO{solv}{x=0.741600}>,CCC(C)(C)O,CCO,fb-fit-v3-single-mean-k100,3,0.8090300522840581,0.000239636212141,0.7933000000000001,0.0005
16570,2710,dens_476512869308734578,400,Density,<Substance CCC(C)(C)O{solv}{x=0.549500}|CCO{solv}{x=0.450500}>,CCC(C)(C)O,CCO,fb-fit-v3-single-mean-k100,3,0.8218746716512904,0.0003079170458942,0.8018000000000002,0.0005
16571,2711,dens_822446541953482206,401,Density,<Substance CCC(C)(C)O{solv}{x=0.676500}|CCO{solv}{x=0.323500}>,CCC(C)(C)O,CCO,fb-fit-v3-single-mean-k100,3,0.8264085193089433,0.0003024631771962,0.8048000000000002,0.0005
16572,2712,dhmix_935690434592096067,402,EnthalpyOfMixing,<Substance CCC(C)(C)O{solv}{x=0.460700}|CCO{solv}{x=0.539300}>,CCC(C)(C)O,CCO,fb-fit-v3-single-mean-k100,3,-1.0596114891990016,0.0397583814621143,-0.95,0.00405
16573,2713,dhmix_1167190373485301023,403,EnthalpyOfMixing,<Substance CCC(C)(C)O{solv}{x=0.730600}|CCO{solv}{x=0.269400}>,CCC(C)(C)O,CCO,fb-fit-v3-single-mean-k100,3,-1.061447067426165,0.0479253148565613,-0.7709,0.00335
16574,2714,dhmix_1275914601266938667,404,EnthalpyOfMixing,<Substance CCC(C)(C)O{solv}{x=0.280700}|CCO{solv}{x=0.719300}>,CCC(C)(C)O,CCO,fb-fit-v3-single-mean-k100,3,-0.651190095587169,0.0305625654240536,-0.7056,0.0031
16575,2715,dens_196896428021674416,405,Density,<Substance OCCCCO{solv}{x=0.250400}|O{solv}{x=0.749600}>,O,OCCCCO,fb-fit-v3-single-mean-k100,3,1.0110494049800909,0.0002804323739461,1.0206500000000005,0.000165
16576,2716,dhmix_204758826312645465,406,EnthalpyOfMixing,<Substance OCCCCO{solv}{x=0.498600}|O{solv}{x=0.501400}>,O,OCCCCO,fb-fit-v3-single-mean-k100,3,0.2695414825736097,0.0335869183209518,-0.882,0.011
16577,2717,dens_523660418548538159,407,Density,<Substance OCCCCO{solv}{x=0.502000}|O{solv}{x=0.498000}>,O,OCCCCO,fb-fit-v3-single-mean-k100,3,1.0224922622432284,0.0006394310671798,1.0207100000000002,0.000175
16578,2718,dhmix_1424462945700338266,408,EnthalpyOfMixing,<Substance OCCCCO{solv}{x=0.794700}|O{solv}{x=0.205300}>,O,OCCCCO,fb-fit-v3-single-mean-k100,3,-0.3935953735842341,0.0495364454515779,-0.513,0.007
16579,2719,dhmix_2166372532060643622,409,EnthalpyOfMixing,<Substance OCCCCO{solv}{x=0.265800}|O{solv}{x=0.734200}>,O,OCCCCO,fb-fit-v3-single-mean-k100,3,0.516738001992902,0.0232800700027997,-0.896,0.0115
16580,2720,dens_2215793475715067258,410,Density,<Substance OCCCCO{solv}{x=0.752800}|O{solv}{x=0.247200}>,O,OCCCCO,fb-fit-v3-single-mean-k100,3,1.026114863315026,0.0003004808566641,1.0165900000000003,0.00018
16581,2721,dhmix_199788824133179829,411,EnthalpyOfMixing,<Substance CNc1ccccc1{solv}{x=0.497300}|Cc1ccccc1{solv}{x=0.502700}>,CNc1ccccc1,Cc1ccccc1,fb-fit-v3-single-mean-k100,3,0.8773155436656523,0.0482644235072272,0.497,0.0055
16582,2722,dens_515118724178190757,412,Density,<Substance CNc1ccccc1{solv}{x=0.740700}|Cc1ccccc1{solv}{x=0.259300}>,CNc1ccccc1,Cc1ccccc1,fb-fit-v3-single-mean-k100,3,0.965349277086854,0.0001693981644547,0.9531280000000004,0.0002595
16583,2723,dens_730775902780400634,413,Density,<Substance CNc1ccccc1{solv}{x=0.245200}|Cc1ccccc1{solv}{x=0.754800}>,CNc1ccccc1,Cc1ccccc1,fb-fit-v3-single-mean-k100,3,0.9039971121519268,0.0001823939894606,0.8935250000000002,0.000118
16584,2724,dhmix_1213795502778853356,414,EnthalpyOfMixing,<Substance CNc1ccccc1{solv}{x=0.295200}|Cc1ccccc1{solv}{x=0.704800}>,CNc1ccccc1,Cc1ccccc1,fb-fit-v3-single-mean-k100,3,0.619724532021678,0.0430530118658158,0.459,0.005
16585,2725,dhmix_1321810550349826496,415,EnthalpyOfMixing,<Substance CNc1ccccc1{solv}{x=0.789200}|Cc1ccccc1{solv}{x=0.210800}>,CNc1ccccc1,Cc1ccccc1,fb-fit-v3-single-mean-k100,3,0.4396647797322259,0.0422205649034047,0.287,0.003
16586,2726,dens_2156484405108449314,416,Density,<Substance CNc1ccccc1{solv}{x=0.490000}|Cc1ccccc1{solv}{x=0.510000}>,CNc1ccccc1,Cc1ccccc1,fb-fit-v3-single-mean-k100,3,0.9339208810273044,0.0002021667341263,0.9235800000000004,0.000164
16587,2727,dens_199829369486957606,417,Density,<Substance CC#N{solv}{x=0.200300}|c1ccccc1{solv}{x=0.799700}>,CC#N,c1ccccc1,fb-fit-v3-single-mean-k100,3,0.8715047846330601,0.0002608018120806,0.8623400000000002,7.000000000000002e-05
16588,2728,dhmix_217315956534335620,418,EnthalpyOfMixing,<Substance CC#N{solv}{x=0.771500}|c1ccccc1{solv}{x=0.228500}>,CC#N,c1ccccc1,fb-fit-v3-single-mean-k100,3,0.0485232792998688,0.0232667152422411,0.3988,0.00815
16589,2729,dhmix_730497723685339496,419,EnthalpyOfMixing,<Substance CC#N{solv}{x=0.219600}|c1ccccc1{solv}{x=0.780400}>,CC#N,c1ccccc1,fb-fit-v3-single-mean-k100,3,0.0458285960359319,0.0361770754744239,0.2399,0.00495
16590,2730,dhmix_1038591828122641798,420,EnthalpyOfMixing,<Substance CC#N{solv}{x=0.529500}|c1ccccc1{solv}{x=0.470500}>,CC#N,c1ccccc1,fb-fit-v3-single-mean-k100,3,0.054952324582814,0.0238957962755017,0.4415,0.00905
16591,2731,dens_1457706963514561052,421,Density,<Substance CC#N{solv}{x=0.500100}|c1ccccc1{solv}{x=0.499900}>,CC#N,c1ccccc1,fb-fit-v3-single-mean-k100,3,0.8369433643581984,0.0002670516517545,0.8384600000000002,7.500000000000002e-05
16592,2732,dens_2111393000623474162,422,Density,<Substance CC#N{solv}{x=0.700200}|c1ccccc1{solv}{x=0.299800}>,CC#N,c1ccccc1,fb-fit-v3-single-mean-k100,3,0.8081662408304493,0.0003079806081672,0.8174500000000002,7.500000000000002e-05
16593,2733,dens_201591193434833206,423,Density,<Substance CC(C)CC(C)(C)C{solv}{x=0.082400}|CCO{solv}{x=0.917600}>,CC(C)CC(C)(C)C,CCO,fb-fit-v3-single-mean-k100,3,0.7690405259810454,0.000318070116334,0.7605800000000003,0.000125
16594,2734,dhmix_371477530823830451,424,EnthalpyOfMixing,<Substance CC(C)CC(C)(C)C{solv}{x=0.761700}|CCO{solv}{x=0.238300}>,CC(C)CC(C)(C)C,CCO,fb-fit-v3-single-mean-k100,3,0.6029664461175059,0.0417579007143306,0.634022,0.006851
16595,2735,dhmix_1127868571780691876,425,EnthalpyOfMixing,<Substance CC(C)CC(C)(C)C{solv}{x=0.515800}|CCO{solv}{x=0.484200}>,CC(C)CC(C)(C)C,CCO,fb-fit-v3-single-mean-k100,3,0.6894792812129111,0.0428133291837228,0.638973,0.006903
16596,2736,dens_1250915879314267304,426,Density,<Substance CC(C)CC(C)(C)C{solv}{x=0.493740}|CCO{solv}{x=0.506260}>,CC(C)CC(C)(C)C,CCO,fb-fit-v3-single-mean-k100,3,0.7343071518768831,0.0002268432647838,0.7110500000000001,7.500000000000002e-05
16597,2737,dens_1473791133383705310,427,Density,<Substance CC(C)CC(C)(C)C{solv}{x=0.735960}|CCO{solv}{x=0.264040}>,CC(C)CC(C)(C)C,CCO,fb-fit-v3-single-mean-k100,3,0.723842442829363,0.0002029292348719,0.6967900000000001,7.500000000000002e-05
16598,2738,dhmix_1870637719976274804,428,EnthalpyOfMixing,<Substance CC(C)CC(C)(C)C{solv}{x=0.081500}|CCO{solv}{x=0.918500}>,CC(C)CC(C)(C)C,CCO,fb-fit-v3-single-mean-k100,3,0.2836912785611156,0.0363743230799818,0.197762,0.0022405
16599,2739,dens_202472488934755108,429,Density,<Substance CCC#N{solv}{x=0.301800}|CCOC(C)(C)C{solv}{x=0.698200}>,CCC#N,CCOC(C)(C)C,fb-fit-v3-single-mean-k100,3,0.7535717258858324,0.0002405083668749,0.7455000000000002,0.0002
16600,2740,dens_266175665931869051,430,Density,<Substance CCC#N{solv}{x=0.701400}|CCOC(C)(C)C{solv}{x=0.298600}>,CCC#N,CCOC(C)(C)C,fb-fit-v3-single-mean-k100,3,0.7601702622013236,0.000261770995652,0.7617000000000003,0.00035
16601,2741,dhmix_801664072836508009,431,EnthalpyOfMixing,<Substance CCC#N{solv}{x=0.301800}|CCOC(C)(C)C{solv}{x=0.698200}>,CCC#N,CCOC(C)(C)C,fb-fit-v3-single-mean-k100,3,0.154057768621378,0.041894201639985,0.4557,0.0062
16602,2742,dhmix_1220778152018571786,432,EnthalpyOfMixing,<Substance CCC#N{solv}{x=0.501400}|CCOC(C)(C)C{solv}{x=0.498600}>,CCC#N,CCOC(C)(C)C,fb-fit-v3-single-mean-k100,3,0.084594855013389,0.0405804791573461,0.5053,0.00685
16603,2743,dhmix_1838699488178562925,433,EnthalpyOfMixing,<Substance CCC#N{solv}{x=0.701400}|CCOC(C)(C)C{solv}{x=0.298600}>,CCC#N,CCOC(C)(C)C,fb-fit-v3-single-mean-k100,3,0.1262076584235547,0.0364706877636714,0.4078,0.0056
16604,2744,dens_1870081876609026392,434,Density,<Substance CCC#N{solv}{x=0.501400}|CCOC(C)(C)C{solv}{x=0.498600}>,CCC#N,CCOC(C)(C)C,fb-fit-v3-single-mean-k100,3,0.7576627595654093,0.0002477762070823,0.7532000000000002,0.0003
16605,2745,dens_205210513551931414,435,Density,<Substance CCCC#N{solv}{x=0.200000}|c1ccccc1{solv}{x=0.800000}>,CCCC#N,c1ccccc1,fb-fit-v3-single-mean-k100,3,0.8663700432722738,0.0002346085576062,0.8576940000000002,5.400000000000001e-05
16606,2746,dens_841576887891022329,436,Density,<Substance CCCC#N{solv}{x=0.500000}|c1ccccc1{solv}{x=0.500000}>,CCCC#N,c1ccccc1,fb-fit-v3-single-mean-k100,3,0.8320526378748557,0.0002410536522152,0.8318550000000002,5.8000000000000014e-05
16607,2747,dhmix_901910638840590393,437,EnthalpyOfMixing,<Substance CCCC#N{solv}{x=0.503700}|c1ccccc1{solv}{x=0.496300}>,CCCC#N,c1ccccc1,fb-fit-v3-single-mean-k100,3,0.0097178937949493,0.0335948565444723,-0.0659,0.00145
16608,2748,dhmix_1123099162248680479,438,EnthalpyOfMixing,<Substance CCCC#N{solv}{x=0.752800}|c1ccccc1{solv}{x=0.247200}>,CCCC#N,c1ccccc1,fb-fit-v3-single-mean-k100,3,-0.0243220074554599,0.0377466230865487,-0.0312,0.0008
16609,2749,dhmix_1318990508180847616,439,EnthalpyOfMixing,<Substance CCCC#N{solv}{x=0.252800}|c1ccccc1{solv}{x=0.747200}>,CCCC#N,c1ccccc1,fb-fit-v3-single-mean-k100,3,0.0762145887922045,0.0392944334772534,-0.0571,0.00125
16610,2750,dens_1950627772023797339,440,Density,<Substance CCCC#N{solv}{x=0.700000}|c1ccccc1{solv}{x=0.300000}>,CCCC#N,c1ccccc1,fb-fit-v3-single-mean-k100,3,0.8096517421339514,0.0002240172713082,0.8138540000000002,6.100000000000001e-05
16611,2751,dhmix_207411229673186667,441,EnthalpyOfMixing,<Substance CC(C)(C)Cl{solv}{x=0.774700}|CC(C)OC(C)C{solv}{x=0.225300}>,CC(C)(C)Cl,CC(C)OC(C)C,fb-fit-v3-single-mean-k100,3,0.0294592656193763,0.037259340356958,0.0035,0.0004
16612,2752,dhmix_263164663491745943,442,EnthalpyOfMixing,<Substance CC(C)(C)Cl{solv}{x=0.551200}|CC(C)OC(C)C{solv}{x=0.448800}>,CC(C)(C)Cl,CC(C)OC(C)C,fb-fit-v3-single-mean-k100,3,-0.0140249440649284,0.0407727327820857,0.0071,0.0004
16613,2753,dens_1527979990628499053,443,Density,<Substance CC(C)(C)Cl{solv}{x=0.514800}|CC(C)OC(C)C{solv}{x=0.485200}>,CC(C)(C)Cl,CC(C)OC(C)C,fb-fit-v3-single-mean-k100,3,0.7942310051984277,0.0002759330178117,0.7723510000000002,0.00042
16614,2754,dens_1616242241384486673,444,Density,<Substance CC(C)(C)Cl{solv}{x=0.715200}|CC(C)OC(C)C{solv}{x=0.284800}>,CC(C)(C)Cl,CC(C)OC(C)C,fb-fit-v3-single-mean-k100,3,0.8205067642959639,0.0003334904838018,0.7971450000000002,0.0003945
16615,2755,dens_2075469437997722238,445,Density,<Substance CC(C)(C)Cl{solv}{x=0.199100}|CC(C)OC(C)C{solv}{x=0.800900}>,CC(C)(C)Cl,CC(C)OC(C)C,fb-fit-v3-single-mean-k100,3,0.7553233783124125,0.0002461296312581,0.7376660000000003,0.0004545
16616,2756,dhmix_2101531043492089277,446,EnthalpyOfMixing,<Substance CC(C)(C)Cl{solv}{x=0.219200}|CC(C)OC(C)C{solv}{x=0.780800}>,CC(C)(C)Cl,CC(C)OC(C)C,fb-fit-v3-single-mean-k100,3,0.0022618924848991,0.0486355708114766,0.007,0.0004
16617,2757,dens_210389881425986721,447,Density,<Substance C1COCO1{solv}{x=0.785000}|CCCCCC(C)=O{solv}{x=0.215000}>,C1COCO1,CCCCCC(C)=O,fb-fit-v3-single-mean-k100,3,0.9811280325207729,0.0002838609582163,0.9696500000000002,0.0003
16618,2758,dhmix_503329310014436107,448,EnthalpyOfMixing,<Substance C1COCO1{solv}{x=0.750000}|CCCCCC(C)=O{solv}{x=0.250000}>,C1COCO1,CCCCCC(C)=O,fb-fit-v3-single-mean-k100,3,0.3929406489205718,0.0374962192825312,0.37402,0.001955
16619,2759,dens_824084186033535550,449,Density,<Substance C1COCO1{solv}{x=0.507100}|CCCCCC(C)=O{solv}{x=0.492900}>,C1COCO1,CCCCCC(C)=O,fb-fit-v3-single-mean-k100,3,0.9006651510008331,0.0002329509622263,0.8936300000000003,0.00034
16620,2760,dens_839548343309182157,450,Density,<Substance C1COCO1{solv}{x=0.244000}|CCCCCC(C)=O{solv}{x=0.756000}>,C1COCO1,CCCCCC(C)=O,fb-fit-v3-single-mean-k100,3,0.8489177123605546,0.0002037865131414,0.8445200000000002,0.00038
16621,2761,dhmix_1519451899562488304,451,EnthalpyOfMixing,<Substance C1COCO1{solv}{x=0.250000}|CCCCCC(C)=O{solv}{x=0.750000}>,C1COCO1,CCCCCC(C)=O,fb-fit-v3-single-mean-k100,3,0.3412223089502362,0.0450179605105697,0.2754,0.00155
16622,2762,dhmix_1874814461447958752,452,EnthalpyOfMixing,<Substance C1COCO1{solv}{x=0.500000}|CCCCCC(C)=O{solv}{x=0.500000}>,C1COCO1,CCCCCC(C)=O,fb-fit-v3-single-mean-k100,3,0.4743270534845791,0.0343285184500369,0.43148,0.00217
16623,2763,dhmix_219236717194413479,453,EnthalpyOfMixing,<Substance CCOc1ccccc1{solv}{x=0.762500}|OCCCc1ccccc1{solv}{x=0.237500}>,CCOc1ccccc1,OCCCc1ccccc1,fb-fit-v3-single-mean-k100,3,1.01881406687275,0.0516307946346532,1.1164,0.01195
16624,2764,dens_391027492102555874,454,Density,<Substance CCOc1ccccc1{solv}{x=0.515000}|OCCCc1ccccc1{solv}{x=0.485000}>,CCOc1ccccc1,OCCCc1ccccc1,fb-fit-v3-single-mean-k100,3,0.9757337209563414,0.0001904623921261,0.9715100000000002,0.00026
16625,2765,dens_603450583692592837,455,Density,<Substance CCOc1ccccc1{solv}{x=0.707400}|OCCCc1ccccc1{solv}{x=0.292600}>,CCOc1ccccc1,OCCCc1ccccc1,fb-fit-v3-single-mean-k100,3,0.9666449746504202,0.0001979801787331,0.9634300000000002,0.00026
16626,2766,dhmix_1297428070131435744,456,EnthalpyOfMixing,<Substance CCOc1ccccc1{solv}{x=0.516900}|OCCCc1ccccc1{solv}{x=0.483100}>,CCOc1ccccc1,OCCCc1ccccc1,fb-fit-v3-single-mean-k100,3,0.7201306084424175,0.0534069160141416,0.989,0.0106
16627,2767,dens_1659818614169719187,457,Density,<Substance CCOc1ccccc1{solv}{x=0.216400}|OCCCc1ccccc1{solv}{x=0.783600}>,CCOc1ccccc1,OCCCc1ccccc1,fb-fit-v3-single-mean-k100,3,0.988711070460056,0.000201592720693,0.9832000000000004,0.00026
16628,2768,dhmix_2058966624473104004,458,EnthalpyOfMixing,<Substance CCOc1ccccc1{solv}{x=0.262900}|OCCCc1ccccc1{solv}{x=0.737100}>,CCOc1ccccc1,OCCCc1ccccc1,fb-fit-v3-single-mean-k100,3,0.5967732520318378,0.0503603568557987,0.7,0.00755
16629,2769,dhmix_224977805525763267,459,EnthalpyOfMixing,<Substance OCCO{solv}{x=0.519300}|O{solv}{x=0.480700}>,O,OCCO,fb-fit-v3-single-mean-k100,3,-0.1461337205501331,0.0332412132867121,-0.64,0.0035
16630,2770,dhmix_454389511592218960,460,EnthalpyOfMixing,<Substance OCCO{solv}{x=0.790900}|O{solv}{x=0.209100}>,O,OCCO,fb-fit-v3-single-mean-k100,3,-0.2930698326018728,0.0541968712164256,-0.347,0.0025
16631,2771,dens_624011570206871166,461,Density,<Substance OCCO{solv}{x=0.500560}|O{solv}{x=0.499440}>,O,OCCO,fb-fit-v3-single-mean-k100,3,1.0962193719191915,0.0004214709079303,1.0923200000000002,0.0005
16632,2772,dhmix_997365299263661959,462,EnthalpyOfMixing,<Substance OCCO{solv}{x=0.205100}|O{solv}{x=0.794900}>,O,OCCO,fb-fit-v3-single-mean-k100,3,-0.0457911546258351,0.0246601370673035,-0.681,0.004
16633,2773,dens_1521229282261002740,463,Density,<Substance OCCO{solv}{x=0.299010}|O{solv}{x=0.700990}>,O,OCCO,fb-fit-v3-single-mean-k100,3,1.0704860246535912,0.0004519786951955,1.0735400000000002,0.0005
16634,2774,dens_2015496231826454735,464,Density,<Substance OCCO{solv}{x=0.706260}|O{solv}{x=0.293740}>,O,OCCO,fb-fit-v3-single-mean-k100,3,1.1145401668416592,0.0003875582755148,1.1022400000000003,0.0005
16635,2775,dhmix_230261418136264651,465,EnthalpyOfMixing,<Substance CCCCOC(C)=O{solv}{x=0.700700}|CCOC(C)=O{solv}{x=0.299300}>,CCCCOC(C)=O,CCOC(C)=O,fb-fit-v3-single-mean-k100,3,0.0833560706676372,0.0472694848146602,0.0594,0.001
16636,2776,dhmix_287092636460772443,466,EnthalpyOfMixing,<Substance CCCCOC(C)=O{solv}{x=0.501800}|CCOC(C)=O{solv}{x=0.498200}>,CCCCOC(C)=O,CCOC(C)=O,fb-fit-v3-single-mean-k100,3,-0.0005518051466495,0.0427643271706684,0.076,0.0012
16637,2777,dens_436289636626232396,467,Density,<Substance CCCCOC(C)=O{solv}{x=0.501800}|CCOC(C)=O{solv}{x=0.498200}>,CCCCOC(C)=O,CCOC(C)=O,fb-fit-v3-single-mean-k100,3,0.8931253388816526,0.0002200826010637,0.8829000000000002,0.0002
16638,2778,dens_1739528506032569134,468,Density,<Substance CCCCOC(C)=O{solv}{x=0.201200}|CCOC(C)=O{solv}{x=0.798800}>,CCCCOC(C)=O,CCOC(C)=O,fb-fit-v3-single-mean-k100,3,0.9008920385032074,0.0002223952880756,0.8889000000000001,0.0002
16639,2779,dhmix_1951544232160779982,469,EnthalpyOfMixing,<Substance CCCCOC(C)=O{solv}{x=0.201200}|CCOC(C)=O{solv}{x=0.798800}>,CCCCOC(C)=O,CCOC(C)=O,fb-fit-v3-single-mean-k100,3,0.0117222206702436,0.0413657063320379,0.0524,0.0009
16640,2780,dens_2199004103648094822,470,Density,<Substance CCCCOC(C)=O{solv}{x=0.700700}|CCOC(C)=O{solv}{x=0.299300}>,CCCCOC(C)=O,CCOC(C)=O,fb-fit-v3-single-mean-k100,3,0.8895659062973947,0.0002253348456633,0.8797000000000003,0.0002
16641,2781,dens_230610561971140401,471,Density,<Substance CN(C)CCO{solv}{x=0.507700}|O{solv}{x=0.492300}>,CN(C)CCO,O,fb-fit-v3-single-mean-k100,3,0.9338933126938334,0.0002886875852197,0.9237220000000002,0.000504
16642,2782,dens_531222131704065782,472,Density,<Substance CN(C)CCO{solv}{x=0.765200}|O{solv}{x=0.234800}>,CN(C)CCO,O,fb-fit-v3-single-mean-k100,3,0.9187098864108234,0.0003375685342804,0.8989030000000002,0.0005805
16643,2783,dhmix_569544738684419327,473,EnthalpyOfMixing,<Substance CN(C)CCO{solv}{x=0.536500}|O{solv}{x=0.463500}>,CN(C)CCO,O,fb-fit-v3-single-mean-k100,3,-3.0250708629345766,0.0504535897153598,-2.575,0.0525
16644,2784,dens_1319192913326669904,474,Density,<Substance CN(C)CCO{solv}{x=0.264330}|O{solv}{x=0.735670}>,CN(C)CCO,O,fb-fit-v3-single-mean-k100,3,0.9521947110787544,0.0003944872285101,0.9590000000000002,0.0029
16645,2785,dhmix_1669606825693628140,475,EnthalpyOfMixing,<Substance CN(C)CCO{solv}{x=0.205200}|O{solv}{x=0.794800}>,CN(C)CCO,O,fb-fit-v3-single-mean-k100,3,-2.0032466768608774,0.0252134687051019,-2.587,0.0525
16646,2786,dhmix_1723343163215510297,476,EnthalpyOfMixing,<Substance CN(C)CCO{solv}{x=0.799600}|O{solv}{x=0.200400}>,CN(C)CCO,O,fb-fit-v3-single-mean-k100,3,-1.7708339222344591,0.0500582227305824,-1.247,0.0255
16647,2787,dens_233554406241639981,477,Density,<Substance CC(C)CC(C)(C)C{solv}{x=0.200000}|CCCCOCCCC{solv}{x=0.800000}>,CC(C)CC(C)(C)C,CCCCOCCCC,fb-fit-v3-single-mean-k100,3,0.7551192863609899,0.0001640808059652,0.7497500000000001,0.00017
16648,2788,dhmix_465541682585001245,478,EnthalpyOfMixing,<Substance CC(C)CC(C)(C)C{solv}{x=0.200400}|CCCCOCCCC{solv}{x=0.799600}>,CC(C)CC(C)(C)C,CCCCOCCCC,fb-fit-v3-single-mean-k100,3,0.2399966827461241,0.0519497304146781,0.07397,0.00099
16649,2789,dhmix_1505777056782392294,479,EnthalpyOfMixing,<Substance CC(C)CC(C)(C)C{solv}{x=0.400400}|CCCCOCCCC{solv}{x=0.599600}>,CC(C)CC(C)(C)C,CCCCOCCCC,fb-fit-v3-single-mean-k100,3,0.303403503213417,0.0544927039758478,0.11538,0.001385
16650,2790,dhmix_1595104467389948583,480,EnthalpyOfMixing,<Substance CC(C)CC(C)(C)C{solv}{x=0.700500}|CCCCOCCCC{solv}{x=0.299500}>,CC(C)CC(C)(C)C,CCCCOCCCC,fb-fit-v3-single-mean-k100,3,0.2821584866366038,0.044502498043291,0.10948,0.00133
16651,2791,dens_1672861274914038509,481,Density,<Substance CC(C)CC(C)(C)C{solv}{x=0.399700}|CCCCOCCCC{solv}{x=0.600300}>,CC(C)CC(C)(C)C,CCCCOCCCC,fb-fit-v3-single-mean-k100,3,0.7454895655518411,0.0001947970151069,0.7348100000000001,0.000175
16652,2792,dens_1954694146948787176,482,Density,<Substance CC(C)CC(C)(C)C{solv}{x=0.700000}|CCCCOCCCC{solv}{x=0.300000}>,CC(C)CC(C)(C)C,CCCCOCCCC,fb-fit-v3-single-mean-k100,3,0.7314361547862633,0.000164220159429,0.7117300000000002,0.000185
16653,2793,dens_234746850701826990,483,Density,<Substance CC#N{solv}{x=0.700000}|CCCCCO{solv}{x=0.300000}>,CC#N,CCCCCO,fb-fit-v3-single-mean-k100,3,0.7862815400756626,0.000241195910752,0.7924200000000001,0.000165
16654,2794,dens_1261543146081029601,484,Density,<Substance CC#N{solv}{x=0.500300}|CCCCCO{solv}{x=0.499700}>,CC#N,CCCCCO,fb-fit-v3-single-mean-k100,3,0.799479145091398,0.0001779000240408,0.7996400000000001,0.000185
16655,2795,dens_1462197010819319813,485,Density,<Substance CC#N{solv}{x=0.203100}|CCCCCO{solv}{x=0.796900}>,CC#N,CCCCCO,fb-fit-v3-single-mean-k100,3,0.814140350916215,0.0001957684051635,0.8090600000000001,0.00022
16656,2796,dhmix_1595997756227951615,486,EnthalpyOfMixing,<Substance CC#N{solv}{x=0.235500}|CCCCCO{solv}{x=0.764500}>,CC#N,CCCCCO,fb-fit-v3-single-mean-k100,3,1.4582496079336096,0.0393558083322356,1.451,0.006
16657,2797,dhmix_1745037615762894827,487,EnthalpyOfMixing,<Substance CC#N{solv}{x=0.516700}|CCCCCO{solv}{x=0.483300}>,CC#N,CCCCCO,fb-fit-v3-single-mean-k100,3,2.027464582612195,0.0364511918257271,2.017,0.008
16658,2798,dhmix_2294048253872291609,488,EnthalpyOfMixing,<Substance CC#N{solv}{x=0.771100}|CCCCCO{solv}{x=0.228900}>,CC#N,CCCCCO,fb-fit-v3-single-mean-k100,3,1.6280379738478672,0.0330091092521493,1.656,0.007
16659,2799,dens_237912652331354824,489,Density,<Substance C1COCCO1{solv}{x=0.512200}|CCCC(C)=O{solv}{x=0.487800}>,C1COCCO1,CCCC(C)=O,fb-fit-v3-single-mean-k100,3,0.9038140254697776,0.0002312247744543,0.90478,0.00023
16660,2800,dhmix_951401191616771155,490,EnthalpyOfMixing,<Substance C1COCCO1{solv}{x=0.750000}|CCCC(C)=O{solv}{x=0.250000}>,C1COCCO1,CCCC(C)=O,fb-fit-v3-single-mean-k100,3,0.2377154940760704,0.0398847890384715,0.23761,0.00135
16661,2801,dens_1815088975543208186,491,Density,<Substance C1COCCO1{solv}{x=0.225400}|CCCC(C)=O{solv}{x=0.774600}>,C1COCCO1,CCCC(C)=O,fb-fit-v3-single-mean-k100,3,0.8435773723949652,0.0001615076506828,0.8442800000000001,0.00022
16662,2802,dens_2079717107234551519,492,Density,<Substance C1COCCO1{solv}{x=0.782300}|CCCC(C)=O{solv}{x=0.217700}>,C1COCCO1,CCCC(C)=O,fb-fit-v3-single-mean-k100,3,0.9674436198212192,0.0002408391514829,0.9692000000000004,0.000245
16663,2803,dhmix_2166059870593139530,493,EnthalpyOfMixing,<Substance C1COCCO1{solv}{x=0.500000}|CCCC(C)=O{solv}{x=0.500000}>,C1COCCO1,CCCC(C)=O,fb-fit-v3-single-mean-k100,3,0.1387103530724118,0.0382444736813482,0.26523,0.001455
16664,2804,dhmix_2196150660196365471,494,EnthalpyOfMixing,<Substance C1COCCO1{solv}{x=0.250000}|CCCC(C)=O{solv}{x=0.750000}>,C1COCCO1,CCCC(C)=O,fb-fit-v3-single-mean-k100,3,0.0378131598809829,0.044643772057467,0.1704,0.001085
16665,2805,dhmix_243334109655928306,495,EnthalpyOfMixing,<Substance C1CCOCC1{solv}{x=0.783200}|c1ccccc1{solv}{x=0.216800}>,C1CCOCC1,c1ccccc1,fb-fit-v3-single-mean-k100,3,-0.0688480254758445,0.0469346530035816,-0.1399,0.00165
16666,2806,dens_257753427541292519,496,Density,<Substance C1CCOCC1{solv}{x=0.479400}|c1ccccc1{solv}{x=0.520600}>,C1CCOCC1,c1ccccc1,fb-fit-v3-single-mean-k100,3,0.8838203673072922,0.0002520727112387,0.8778700000000003,0.000505
16667,2807,dhmix_604341867718608333,497,EnthalpyOfMixing,<Substance C1CCOCC1{solv}{x=0.242500}|c1ccccc1{solv}{x=0.757500}>,C1CCOCC1,c1ccccc1,fb-fit-v3-single-mean-k100,3,-0.0402036293168492,0.0421894729365876,-0.1608,0.00185
16668,2808,dens_791001710124267373,498,Density,<Substance C1CCOCC1{solv}{x=0.223900}|c1ccccc1{solv}{x=0.776100}>,C1CCOCC1,c1ccccc1,fb-fit-v3-single-mean-k100,3,0.8877273730253958,0.0002410844108449,0.8761000000000002,0.0005
16669,2809,dens_1402061243325720407,499,Density,<Substance C1CCOCC1{solv}{x=0.743200}|c1ccccc1{solv}{x=0.256800}>,C1CCOCC1,c1ccccc1,fb-fit-v3-single-mean-k100,3,0.8796068269298364,0.0002367138060202,0.8789500000000002,0.000505
16670,2810,dhmix_1407142629314355761,500,EnthalpyOfMixing,<Substance C1CCOCC1{solv}{x=0.498200}|c1ccccc1{solv}{x=0.501800}>,C1CCOCC1,c1ccccc1,fb-fit-v3-single-mean-k100,3,-0.0739516206289607,0.040357326318783,-0.2365,0.00265
16671,2811,dhmix_266800455813556356,501,EnthalpyOfMixing,<Substance CO{solv}{x=0.727200}|OCc1ccccc1{solv}{x=0.272800}>,CO,OCc1ccccc1,fb-fit-v3-single-mean-k100,3,0.0963718347011877,0.0323565449520326,-0.0792,0.001
16672,2812,dhmix_949671607207910651,502,EnthalpyOfMixing,<Substance CO{solv}{x=0.500500}|OCc1ccccc1{solv}{x=0.499500}>,CO,OCc1ccccc1,fb-fit-v3-single-mean-k100,3,0.0161568221247705,0.0379711698896146,-0.1408,0.00165
16673,2813,dhmix_1388744759732522219,503,EnthalpyOfMixing,<Substance CO{solv}{x=0.200200}|OCc1ccccc1{solv}{x=0.799800}>,CO,OCc1ccccc1,fb-fit-v3-single-mean-k100,3,-0.0777939307607411,0.0453404344636162,-0.1081,0.0013
16674,2814,dens_270046772857960816,504,Density,<Substance C1CCOCC1{solv}{x=0.732100}|Cc1ccccc1{solv}{x=0.267900}>,C1CCOCC1,Cc1ccccc1,fb-fit-v3-single-mean-k100,3,0.8757127983933012,0.0001642717066462,0.8754100000000001,0.000505
16675,2815,dens_324774743687652276,505,Density,<Substance C1CCOCC1{solv}{x=0.238700}|Cc1ccccc1{solv}{x=0.761300}>,C1CCOCC1,Cc1ccccc1,fb-fit-v3-single-mean-k100,3,0.8743031586147961,0.0002169389380325,0.8669900000000003,0.000505
16676,2816,dhmix_390107187187002597,506,EnthalpyOfMixing,<Substance C1CCOCC1{solv}{x=0.531900}|Cc1ccccc1{solv}{x=0.468100}>,C1CCOCC1,Cc1ccccc1,fb-fit-v3-single-mean-k100,3,-0.2401989289195967,0.041569954647287,-0.2225,0.0025
16677,2817,dhmix_1070320975529400325,507,EnthalpyOfMixing,<Substance C1CCOCC1{solv}{x=0.280600}|Cc1ccccc1{solv}{x=0.719400}>,C1CCOCC1,Cc1ccccc1,fb-fit-v3-single-mean-k100,3,-0.1718670379407427,0.0397094349655896,-0.1687,0.00195
16678,2818,dens_1397318239527979287,508,Density,<Substance C1CCOCC1{solv}{x=0.491500}|Cc1ccccc1{solv}{x=0.508500}>,C1CCOCC1,Cc1ccccc1,fb-fit-v3-single-mean-k100,3,0.8754607856169647,0.000206824187221,0.8715100000000002,0.000505
16679,2819,dhmix_1508130989501940613,509,EnthalpyOfMixing,<Substance C1CCOCC1{solv}{x=0.741300}|Cc1ccccc1{solv}{x=0.258700}>,C1CCOCC1,Cc1ccccc1,fb-fit-v3-single-mean-k100,3,-0.2351992231164388,0.043480234260855,-0.1629,0.0019
16680,2820,dhmix_271732469428717581,510,EnthalpyOfMixing,<Substance COc1ccccc1{solv}{x=0.237400}|OCCCc1ccccc1{solv}{x=0.762600}>,COc1ccccc1,OCCCc1ccccc1,fb-fit-v3-single-mean-k100,3,0.4575092974769887,0.0522304083625804,0.6076,0.0066
16681,2821,dhmix_1174392275991455181,511,EnthalpyOfMixing,<Substance COc1ccccc1{solv}{x=0.554700}|OCCCc1ccccc1{solv}{x=0.445300}>,COc1ccccc1,OCCCc1ccccc1,fb-fit-v3-single-mean-k100,3,1.242916545391893,0.0525142864751711,1.0293,0.01105
16682,2822,dhmix_1179341622676685107,512,EnthalpyOfMixing,<Substance COc1ccccc1{solv}{x=0.713600}|OCCCc1ccccc1{solv}{x=0.286400}>,COc1ccccc1,OCCCc1ccccc1,fb-fit-v3-single-mean-k100,3,0.9589458853430416,0.0476526486605111,1.1088,0.0119
16683,2823,dens_1468428612899754720,513,Density,<Substance COc1ccccc1{solv}{x=0.747700}|OCCCc1ccccc1{solv}{x=0.252300}>,COc1ccccc1,OCCCc1ccccc1,fb-fit-v3-single-mean-k100,3,0.98088358600209,0.0001599265499244,0.9827800000000002,0.00026
16684,2824,dens_1534619098234859574,514,Density,<Substance COc1ccccc1{solv}{x=0.555100}|OCCCc1ccccc1{solv}{x=0.444900}>,COc1ccccc1,OCCCc1ccccc1,fb-fit-v3-single-mean-k100,3,0.9862423120726878,0.0001817407301981,0.9852700000000002,0.00026
16685,2825,dens_2298154173340539222,515,Density,<Substance COc1ccccc1{solv}{x=0.263600}|OCCCc1ccccc1{solv}{x=0.736400}>,COc1ccccc1,OCCCc1ccccc1,fb-fit-v3-single-mean-k100,3,0.9920634269129556,0.0001852911700135,0.9885500000000002,0.00026
16686,2826,dens_274848672468745759,516,Density,<Substance CCCCOC(C)=O{solv}{x=0.293400}|c1ccccc1{solv}{x=0.706600}>,CCCCOC(C)=O,c1ccccc1,fb-fit-v3-single-mean-k100,3,0.8865169156961195,0.0002367018081019,0.8736600000000002,0.00021
16687,2827,dens_493354132810710227,517,Density,<Substance CCCCOC(C)=O{solv}{x=0.710500}|c1ccccc1{solv}{x=0.289500}>,CCCCOC(C)=O,c1ccccc1,fb-fit-v3-single-mean-k100,3,0.8845457020078029,0.0001968800258913,0.8751500000000002,0.000335
16688,2828,dhmix_754807126845437364,518,EnthalpyOfMixing,<Substance CCCCOC(C)=O{solv}{x=0.495800}|c1ccccc1{solv}{x=0.504200}>,CCCCOC(C)=O,c1ccccc1,fb-fit-v3-single-mean-k100,3,0.0208168684925311,0.0426572892450418,-0.0245,0.001
16689,2829,dens_834118541551127044,519,Density,<Substance CCCCOC(C)=O{solv}{x=0.504400}|c1ccccc1{solv}{x=0.495600}>,CCCCOC(C)=O,c1ccccc1,fb-fit-v3-single-mean-k100,3,0.8861170166668427,0.0002578089274732,0.8744300000000002,0.000265
16690,2830,dhmix_1349932525480083284,520,EnthalpyOfMixing,<Substance CCCCOC(C)=O{solv}{x=0.252300}|c1ccccc1{solv}{x=0.747700}>,CCCCOC(C)=O,c1ccccc1,fb-fit-v3-single-mean-k100,3,-0.0257768806354619,0.0378848803978507,-0.014,0.0009
16691,2831,dhmix_1597992980658352112,521,EnthalpyOfMixing,<Substance CCCCOC(C)=O{solv}{x=0.771400}|c1ccccc1{solv}{x=0.228600}>,CCCCOC(C)=O,c1ccccc1,fb-fit-v3-single-mean-k100,3,-0.0608919416586273,0.0456193532340864,-0.0245,0.001
16692,2832,dens_275501958869207518,522,Density,<Substance C1CCOCC1{solv}{x=0.226300}|Cc1ccccc1Cl{solv}{x=0.773700}>,C1CCOCC1,Cc1ccccc1Cl,fb-fit-v3-single-mean-k100,3,1.0530569259851057,0.0002227620643999,1.0396,0.0005
16693,2833,dhmix_818597523255588519,523,EnthalpyOfMixing,<Substance C1CCOCC1{solv}{x=0.753300}|Cc1ccccc1Cl{solv}{x=0.246700}>,C1CCOCC1,Cc1ccccc1Cl,fb-fit-v3-single-mean-k100,3,-0.3308099403511448,0.0434055661536487,-0.154,0.001
16694,2834,dhmix_849121557716978550,524,EnthalpyOfMixing,<Substance C1CCOCC1{solv}{x=0.517500}|Cc1ccccc1Cl{solv}{x=0.482500}>,C1CCOCC1,Cc1ccccc1Cl,fb-fit-v3-single-mean-k100,3,-0.387964596368576,0.0412123877947653,-0.22,0.0015
16695,2835,dens_946978292781731327,525,Density,<Substance C1CCOCC1{solv}{x=0.478400}|Cc1ccccc1Cl{solv}{x=0.521600}>,C1CCOCC1,Cc1ccccc1Cl,fb-fit-v3-single-mean-k100,3,1.001693463264606,0.0002445053484062,0.9931600000000002,0.00051
16696,2836,dhmix_997266220336132741,526,EnthalpyOfMixing,<Substance C1CCOCC1{solv}{x=0.263200}|Cc1ccccc1Cl{solv}{x=0.736800}>,C1CCOCC1,Cc1ccccc1Cl,fb-fit-v3-single-mean-k100,3,-0.2598827389281126,0.041245065738443,-0.175,0.001
16697,2837,dens_1191185394819541532,527,Density,<Substance C1CCOCC1{solv}{x=0.765800}|Cc1ccccc1Cl{solv}{x=0.234200}>,C1CCOCC1,Cc1ccccc1Cl,fb-fit-v3-single-mean-k100,3,0.935620568232592,0.000212996412812,0.9336500000000002,0.000505
16698,2838,dhmix_278334692660393021,528,EnthalpyOfMixing,<Substance CCCCCCC{solv}{x=0.205900}|CNc1ccccc1{solv}{x=0.794100}>,CCCCCCC,CNc1ccccc1,fb-fit-v3-single-mean-k100,3,1.490763720211369,0.0433743842018587,1.126,0.012
16699,2839,dens_480658478095207102,529,Density,<Substance CCCCCCC{solv}{x=0.740500}|CNc1ccccc1{solv}{x=0.259500}>,CCCCCCC,CNc1ccccc1,fb-fit-v3-single-mean-k100,3,0.7455114630167693,0.0002108291894843,0.7424910000000001,0.00014
16700,2840,dhmix_898293423987680187,530,EnthalpyOfMixing,<Substance CCCCCCC{solv}{x=0.501700}|CNc1ccccc1{solv}{x=0.498300}>,CCCCCCC,CNc1ccccc1,fb-fit-v3-single-mean-k100,3,2.1221235687321496,0.0522167384080266,1.676,0.018
16701,2841,dens_1509968737377061562,531,Density,<Substance CCCCCCC{solv}{x=0.250900}|CNc1ccccc1{solv}{x=0.749100}>,CCCCCCC,CNc1ccccc1,fb-fit-v3-single-mean-k100,3,0.899455539492839,0.0002067779759528,0.8897150000000003,0.0002615
16702,2842,dhmix_1680546488782143957,532,EnthalpyOfMixing,<Substance CCCCCCC{solv}{x=0.703200}|CNc1ccccc1{solv}{x=0.296800}>,CCCCCCC,CNc1ccccc1,fb-fit-v3-single-mean-k100,3,2.0929053754286713,0.0479138054097229,1.539,0.0165
16703,2843,dens_2074014246120135820,533,Density,<Substance CCCCCCC{solv}{x=0.497000}|CNc1ccccc1{solv}{x=0.503000}>,CCCCCCC,CNc1ccccc1,fb-fit-v3-single-mean-k100,3,0.816133001183516,0.0002033296290057,0.8106920000000002,0.0001785
16704,2844,dens_296890921001565391,534,Density,<Substance CCCCN{solv}{x=0.755200}|CN(C)C=O{solv}{x=0.244800}>,CCCCN,CN(C)C=O,fb-fit-v3-single-mean-k100,3,0.7894256013205962,0.0002177511652559,0.7762150000000002,0.000949
16705,2845,dens_380536870617309130,535,Density,<Substance CCCCN{solv}{x=0.242800}|CN(C)C=O{solv}{x=0.757200}>,CCCCN,CN(C)C=O,fb-fit-v3-single-mean-k100,3,0.8794490349455141,0.0002350632297972,0.8845160000000002,0.0010795
16706,2846,dhmix_493117160214491795,536,EnthalpyOfMixing,<Substance CCCCN{solv}{x=0.244100}|CN(C)C=O{solv}{x=0.755900}>,CCCCN,CN(C)C=O,fb-fit-v3-single-mean-k100,3,0.1335380702756268,0.0402345063595657,0.245,0.008
16707,2847,dhmix_789225002934078019,537,EnthalpyOfMixing,<Substance CCCCN{solv}{x=0.750200}|CN(C)C=O{solv}{x=0.249800}>,CCCCN,CN(C)C=O,fb-fit-v3-single-mean-k100,3,0.1555964958341746,0.0450771731931759,0.32,0.01
16708,2848,dhmix_941321571782058819,538,EnthalpyOfMixing,<Substance CCCCN{solv}{x=0.499200}|CN(C)C=O{solv}{x=0.500800}>,CCCCN,CN(C)C=O,fb-fit-v3-single-mean-k100,3,0.2423601293044086,0.0387744452284147,0.384,0.0115
16709,2849,dens_2179361372918836941,539,Density,<Substance CCCCN{solv}{x=0.497200}|CN(C)C=O{solv}{x=0.502800}>,CCCCN,CN(C)C=O,fb-fit-v3-single-mean-k100,3,0.8336243864176647,0.0002724326957763,0.8277360000000001,0.001011
16710,2850,dens_300257448272323407,540,Density,<Substance CC(C)O{solv}{x=0.745200}|NCCN{solv}{x=0.254800}>,CC(C)O,NCCN,fb-fit-v3-single-mean-k100,3,0.8451941375407366,0.0002631087435428,0.8163970000000003,0.0002325
16711,2851,dens_924750366683277351,541,Density,<Substance CC(C)O{solv}{x=0.203100}|NCCN{solv}{x=0.796900}>,CC(C)O,NCCN,fb-fit-v3-single-mean-k100,3,0.9473327524036668,0.0002332944993801,0.8736620000000003,0.0002225
16712,2852,dens_2284409308160572308,542,Density,<Substance CC(C)O{solv}{x=0.489100}|NCCN{solv}{x=0.510900}>,CC(C)O,NCCN,fb-fit-v3-single-mean-k100,3,0.8906848028113796,0.0002345577214346,0.8449250000000001,0.0002245
16713,2853,dens_305501840068636812,543,Density,<Substance CC(C)=O{solv}{x=0.750000}|CCO{solv}{x=0.250000}>,CC(C)=O,CCO,fb-fit-v3-single-mean-k100,3,0.7887599028621521,0.0002909849463224,0.7859000000000002,0.000115
16714,2854,dens_472577738907297293,544,Density,<Substance CC(C)=O{solv}{x=0.250000}|CCO{solv}{x=0.750000}>,CC(C)=O,CCO,fb-fit-v3-single-mean-k100,3,0.7892868351790752,0.0003219019550436,0.7861600000000002,0.000115
16715,2855,dens_2271083741716457850,545,Density,<Substance CC(C)=O{solv}{x=0.499900}|CCO{solv}{x=0.500100}>,CC(C)=O,CCO,fb-fit-v3-single-mean-k100,3,0.7886938668434275,0.0003100253295857,0.7861900000000003,0.000115
16716,2856,dens_307445163336341047,546,Density,<Substance CN1CCCC1=O{solv}{x=0.703700}|ClCCCl{solv}{x=0.296300}>,CN1CCCC1=O,ClCCCl,fb-fit-v3-single-mean-k100,3,1.0786447191914543,0.0002641908804963,1.0851000000000002,0.0002
16717,2857,dhmix_453866769634566853,547,EnthalpyOfMixing,<Substance CN1CCCC1=O{solv}{x=0.253100}|ClCCCl{solv}{x=0.746900}>,CN1CCCC1=O,ClCCCl,fb-fit-v3-single-mean-k100,3,-0.4103964902696315,0.0356468480903018,-0.8118,0.01525
16718,2858,dhmix_536206650470008584,548,EnthalpyOfMixing,<Substance CN1CCCC1=O{solv}{x=0.500000}|ClCCCl{solv}{x=0.500000}>,CN1CCCC1=O,ClCCCl,fb-fit-v3-single-mean-k100,3,-0.4865350687359928,0.0345929680715855,-1.264,0.0055
16719,2859,dens_1046625605566999080,549,Density,<Substance CN1CCCC1=O{solv}{x=0.202500}|ClCCCl{solv}{x=0.797500}>,CN1CCCC1=O,ClCCCl,fb-fit-v3-single-mean-k100,3,1.1909479116453574,0.0004007496127074,1.1953000000000005,0.00025
16720,2860,dhmix_1620571823529677157,550,EnthalpyOfMixing,<Substance CN1CCCC1=O{solv}{x=0.736700}|ClCCCl{solv}{x=0.263300}>,CN1CCCC1=O,ClCCCl,fb-fit-v3-single-mean-k100,3,-0.3770560040861141,0.0355475599731005,-0.8587,0.01605
16721,2861,dens_2059567022041766694,551,Density,<Substance CN1CCCC1=O{solv}{x=0.497500}|ClCCCl{solv}{x=0.502500}>,CN1CCCC1=O,ClCCCl,fb-fit-v3-single-mean-k100,3,1.1258459897912765,0.0003241531735988,1.1283000000000003,0.0002
16722,2862,dens_313234519309892479,552,Density,<Substance CC(=O)N(C)C{solv}{x=0.293800}|CCCCCCCCCl{solv}{x=0.706200}>,CC(=O)N(C)C,CCCCCCCCCl,fb-fit-v3-single-mean-k100,3,0.8792296211151324,0.0001889637115477,0.8796000000000003,0.00045
16723,2863,dhmix_444785917463403590,553,EnthalpyOfMixing,<Substance CC(=O)N(C)C{solv}{x=0.703000}|CCCCCCCCCl{solv}{x=0.297000}>,CC(=O)N(C)C,CCCCCCCCCl,fb-fit-v3-single-mean-k100,3,1.0578352858269255,0.0422979553873809,0.751,0.004
16724,2864,dhmix_705168937124106402,554,EnthalpyOfMixing,<Substance CC(=O)N(C)C{solv}{x=0.215000}|CCCCCCCCCl{solv}{x=0.785000}>,CC(=O)N(C)C,CCCCCCCCCl,fb-fit-v3-single-mean-k100,3,0.8380092509364232,0.058652680856001,0.519,0.0035
16725,2865,dens_1549584991651515376,555,Density,<Substance CC(=O)N(C)C{solv}{x=0.502200}|CCCCCCCCCl{solv}{x=0.497800}>,CC(=O)N(C)C,CCCCCCCCCl,fb-fit-v3-single-mean-k100,3,0.8859762159253017,0.000215097438337,0.8902000000000002,0.0004
16726,2866,dhmix_1732161251827083272,556,EnthalpyOfMixing,<Substance CC(=O)N(C)C{solv}{x=0.508000}|CCCCCCCCCl{solv}{x=0.492000}>,CC(=O)N(C)C,CCCCCCCCCl,fb-fit-v3-single-mean-k100,3,1.0193062421337586,0.0490761471787164,0.829,0.004
16727,2867,dens_2189889607118243828,557,Density,<Substance CC(=O)N(C)C{solv}{x=0.700500}|CCCCCCCCCl{solv}{x=0.299500}>,CC(=O)N(C)C,CCCCCCCCCl,fb-fit-v3-single-mean-k100,3,0.892906394072188,0.0002108545213399,0.9041000000000002,0.00035
16728,2868,dens_314482396827660717,558,Density,<Substance BrCCBr{solv}{x=0.753700}|COC(C)=O{solv}{x=0.246300}>,BrCCBr,COC(C)=O,fb-fit-v3-single-mean-k100,3,1.8437620340430712,0.0006417945647607,1.8774400000000004,0.003355
16729,2869,dens_344993892965738820,559,Density,<Substance BrCCBr{solv}{x=0.275200}|COC(C)=O{solv}{x=0.724800}>,BrCCBr,COC(C)=O,fb-fit-v3-single-mean-k100,3,1.2827144988323598,0.0004301416152099,1.2862400000000005,0.001125
16730,2870,dhmix_545996968666061076,560,EnthalpyOfMixing,<Substance BrCCBr{solv}{x=0.720900}|COC(C)=O{solv}{x=0.279100}>,BrCCBr,COC(C)=O,fb-fit-v3-single-mean-k100,3,0.1439132199840003,0.025280070754052,0.2594,0.0028
16731,2871,dens_714044009336077786,561,Density,<Substance BrCCBr{solv}{x=0.512100}|COC(C)=O{solv}{x=0.487900}>,BrCCBr,COC(C)=O,fb-fit-v3-single-mean-k100,3,1.567437567119426,0.0004504456450986,1.5834900000000005,0.0021
16732,2872,dhmix_1222511035002547253,562,EnthalpyOfMixing,<Substance BrCCBr{solv}{x=0.485500}|COC(C)=O{solv}{x=0.514500}>,BrCCBr,COC(C)=O,fb-fit-v3-single-mean-k100,3,0.2275216485508053,0.0340669039951581,0.2577,0.00275
16733,2873,dhmix_1418101673429653456,563,EnthalpyOfMixing,<Substance BrCCBr{solv}{x=0.250800}|COC(C)=O{solv}{x=0.749200}>,BrCCBr,COC(C)=O,fb-fit-v3-single-mean-k100,3,0.1676401697073046,0.0359047673845143,0.1202,0.0017
16734,2874,dens_314934747194338330,564,Density,<Substance CC(C)CCl{solv}{x=0.513700}|CC(C)OC(C)C{solv}{x=0.486300}>,CC(C)CCl,CC(C)OC(C)C,fb-fit-v3-single-mean-k100,3,0.7978828848836188,0.000300184502504,0.7878250000000002,0.000405
16735,2875,dhmix_355399496844187096,565,EnthalpyOfMixing,<Substance CC(C)CCl{solv}{x=0.545300}|CC(C)OC(C)C{solv}{x=0.454700}>,CC(C)CCl,CC(C)OC(C)C,fb-fit-v3-single-mean-k100,3,-0.180465692410678,0.0404015220728568,-0.0957,0.0012
16736,2876,dens_688062365117407068,566,Density,<Substance CC(C)CCl{solv}{x=0.805900}|CC(C)OC(C)C{solv}{x=0.194100}>,CC(C)CCl,CC(C)OC(C)C,fb-fit-v3-single-mean-k100,3,0.8408835357676742,0.0002708168902236,0.8355300000000002,0.0003555
16737,2877,dhmix_1411881046585885461,567,EnthalpyOfMixing,<Substance CC(C)CCl{solv}{x=0.090700}|CC(C)OC(C)C{solv}{x=0.909300}>,CC(C)CCl,CC(C)OC(C)C,fb-fit-v3-single-mean-k100,3,0.0585529829728344,0.0506686624790148,-0.0302,0.00055
16738,2878,dens_1762455266351712367,568,Density,<Substance CC(C)CCl{solv}{x=0.091000}|CC(C)OC(C)C{solv}{x=0.909000}>,CC(C)CCl,CC(C)OC(C)C,fb-fit-v3-single-mean-k100,3,0.7445149742241925,0.0002378180606551,0.7293950000000001,0.000464
16739,2879,dhmix_2302865667781063708,569,EnthalpyOfMixing,<Substance CC(C)CCl{solv}{x=0.727000}|CC(C)OC(C)C{solv}{x=0.273000}>,CC(C)CCl,CC(C)OC(C)C,fb-fit-v3-single-mean-k100,3,-0.1259602274185027,0.0404924892681353,-0.0791,0.001
16740,2880,dens_321327254341950207,570,Density,<Substance C1COCCO1{solv}{x=0.780300}|CCCCCC(C)=O{solv}{x=0.219700}>,C1COCCO1,CCCCCC(C)=O,fb-fit-v3-single-mean-k100,3,0.9575586966801538,0.0001789419140166,0.9576500000000002,0.0003
16741,2881,dens_377701756930918353,571,Density,<Substance C1COCCO1{solv}{x=0.500600}|CCCCCC(C)=O{solv}{x=0.499400}>,C1COCCO1,CCCCCC(C)=O,fb-fit-v3-single-mean-k100,3,0.8938835016383926,0.0002216992878482,0.8916700000000002,0.000345
16742,2882,dhmix_600625644134907580,572,EnthalpyOfMixing,<Substance C1COCCO1{solv}{x=0.500000}|CCCCCC(C)=O{solv}{x=0.500000}>,C1COCCO1,CCCCCC(C)=O,fb-fit-v3-single-mean-k100,3,0.4059334431911168,0.0445497582096789,0.4509,0.002255
16743,2883,dens_1451069448215305244,573,Density,<Substance C1COCCO1{solv}{x=0.220300}|CCCCCC(C)=O{solv}{x=0.779700}>,C1COCCO1,CCCCCC(C)=O,fb-fit-v3-single-mean-k100,3,0.8452680548282828,0.0001837774174066,0.8420800000000003,0.000385
16744,2884,dhmix_2028813035406256788,574,EnthalpyOfMixing,<Substance C1COCCO1{solv}{x=0.750000}|CCCCCC(C)=O{solv}{x=0.250000}>,C1COCCO1,CCCCCC(C)=O,fb-fit-v3-single-mean-k100,3,0.3279212203750035,0.0446779572227581,0.4064,0.00209
16745,2885,dhmix_2222211577832383320,575,EnthalpyOfMixing,<Substance C1COCCO1{solv}{x=0.250000}|CCCCCC(C)=O{solv}{x=0.750000}>,C1COCCO1,CCCCCC(C)=O,fb-fit-v3-single-mean-k100,3,0.1497097951577473,0.0531593476660327,0.2911,0.00164
16746,2886,dhmix_325212618372456630,576,EnthalpyOfMixing,<Substance CCCCCCC{solv}{x=0.500000}|c1ccccc1{solv}{x=0.500000}>,CCCCCCC,c1ccccc1,fb-fit-v3-single-mean-k100,3,1.3096704362955052,0.0424510162721374,0.9235,0.0051
16747,2887,dhmix_409350268177199962,577,EnthalpyOfMixing,<Substance CCCCCCC{solv}{x=0.751900}|c1ccccc1{solv}{x=0.248100}>,CCCCCCC,c1ccccc1,fb-fit-v3-single-mean-k100,3,0.8742721052201432,0.0481401953697653,0.6047,0.0035
16748,2888,dens_1685942387769177799,578,Density,<Substance CCCCCCC{solv}{x=0.913667}|c1ccccc1{solv}{x=0.086333}>,CCCCCCC,c1ccccc1,fb-fit-v3-single-mean-k100,3,0.6914572340453136,0.0001294041445533,0.6892400000000002,0.000805
16749,2889,dens_2148382258223830900,579,Density,<Substance CCCCCCC{solv}{x=0.273700}|c1ccccc1{solv}{x=0.726300}>,CCCCCCC,c1ccccc1,fb-fit-v3-single-mean-k100,3,0.7970473582275965,0.0002272305708677,0.7855000000000002,0.00015
16750,2890,dens_2219829254239605828,580,Density,<Substance CCCCCCC{solv}{x=0.492200}|c1ccccc1{solv}{x=0.507800}>,CCCCCCC,c1ccccc1,fb-fit-v3-single-mean-k100,3,0.7486662894018686,0.0001668981669251,0.7409000000000001,0.00015
16751,2891,dhmix_2296565820723783732,581,EnthalpyOfMixing,<Substance CCCCCCC{solv}{x=0.242400}|c1ccccc1{solv}{x=0.757600}>,CCCCCCC,c1ccccc1,fb-fit-v3-single-mean-k100,3,1.1683872912065425,0.0347564680344241,0.7775,0.0044
16752,2892,dens_326446104630354701,582,Density,<Substance BrCCBr{solv}{x=0.728600}|CCC(=O)OC{solv}{x=0.271400}>,BrCCBr,CCC(=O)OC,fb-fit-v3-single-mean-k100,3,1.763474779466336,0.0004115654129217,1.7949900000000003,0.00303
16753,2893,dens_886315086380393150,583,Density,<Substance BrCCBr{solv}{x=0.494400}|CCC(=O)OC{solv}{x=0.505600}>,BrCCBr,CCC(=O)OC,fb-fit-v3-single-mean-k100,3,1.4775347990779444,0.0004619997432627,1.4941800000000005,0.001825
16754,2894,dhmix_1410129135672303476,584,EnthalpyOfMixing,<Substance BrCCBr{solv}{x=0.491400}|CCC(=O)OC{solv}{x=0.508600}>,BrCCBr,CCC(=O)OC,fb-fit-v3-single-mean-k100,3,-0.0997423149202392,0.034594740590931,0.0195,0.00185
16755,2895,dhmix_1551714230583118668,585,EnthalpyOfMixing,<Substance BrCCBr{solv}{x=0.755400}|CCC(=O)OC{solv}{x=0.244600}>,BrCCBr,CCC(=O)OC,fb-fit-v3-single-mean-k100,3,-0.0802477911649397,0.0258871314237014,0.09,0.00295
16756,2896,dhmix_1596310059176209101,586,EnthalpyOfMixing,<Substance BrCCBr{solv}{x=0.214800}|CCC(=O)OC{solv}{x=0.785200}>,BrCCBr,CCC(=O)OC,fb-fit-v3-single-mean-k100,3,-0.0318913940408756,0.040459428146386,-0.0281,0.002
16757,2897,dens_1860027304017736150,587,Density,<Substance BrCCBr{solv}{x=0.257000}|CCC(=O)OC{solv}{x=0.743000}>,BrCCBr,CCC(=O)OC,fb-fit-v3-single-mean-k100,3,1.199026595277406,0.000342642356746,1.2059400000000002,0.000915
16758,2898,dhmix_334328961632702336,588,EnthalpyOfMixing,<Substance Cc1ccccc1N{solv}{x=0.492600}|Cc1cccnc1{solv}{x=0.507400}>,Cc1ccccc1N,Cc1cccnc1,fb-fit-v3-single-mean-k100,3,-1.5038048129318229,0.0435149900469264,-1.4091,0.0287
16759,2899,dhmix_382843935535082222,589,EnthalpyOfMixing,<Substance Cc1ccccc1N{solv}{x=0.232300}|Cc1cccnc1{solv}{x=0.767700}>,Cc1ccccc1N,Cc1cccnc1,fb-fit-v3-single-mean-k100,3,-1.109301961685457,0.0427482546068351,-1.1196,0.02285
16760,2900,dens_890019852111400701,590,Density,<Substance Cc1ccccc1N{solv}{x=0.533600}|Cc1cccnc1{solv}{x=0.466400}>,Cc1ccccc1N,Cc1cccnc1,fb-fit-v3-single-mean-k100,3,0.99314734148408,0.0002698442743124,0.9795770000000004,0.0001185
16761,2901,dens_1033313642915027277,591,Density,<Substance Cc1ccccc1N{solv}{x=0.737200}|Cc1cccnc1{solv}{x=0.262800}>,Cc1ccccc1N,Cc1cccnc1,fb-fit-v3-single-mean-k100,3,1.0051823671099058,0.0002652019071163,0.9867010000000004,0.000118
16762,2902,dhmix_1057104304179164775,592,EnthalpyOfMixing,<Substance Cc1ccccc1N{solv}{x=0.778900}|Cc1cccnc1{solv}{x=0.221100}>,Cc1ccccc1N,Cc1cccnc1,fb-fit-v3-single-mean-k100,3,-0.8854184845580741,0.0491408103910629,-0.8735,0.01785
16763,2903,dens_1445313714023685702,593,Density,<Substance Cc1ccccc1N{solv}{x=0.246700}|Cc1cccnc1{solv}{x=0.753300}>,Cc1ccccc1N,Cc1cccnc1,fb-fit-v3-single-mean-k100,3,0.9726055133877762,0.0002245851568078,0.9668750000000004,0.00012
16764,2904,dens_335631113096608920,594,Density,<Substance CCC(C)=O{solv}{x=0.501800}|CCCCNCCCC{solv}{x=0.498200}>,CCC(C)=O,CCCCNCCCC,fb-fit-v3-single-mean-k100,3,0.7761177912812511,0.00017923070209,0.7693960000000002,9.950000000000003e-05
16765,2905,dhmix_551451232292287572,595,EnthalpyOfMixing,<Substance CCC(C)=O{solv}{x=0.215400}|CCCCNCCCC{solv}{x=0.784600}>,CCC(C)=O,CCCCNCCCC,fb-fit-v3-single-mean-k100,3,0.0677075511262614,0.0636752512612487,0.417,0.0045
16766,2906,dens_800787154192710377,596,Density,<Substance CCC(C)=O{solv}{x=0.260300}|CCCCNCCCC{solv}{x=0.739700}>,CCC(C)=O,CCCCNCCCC,fb-fit-v3-single-mean-k100,3,0.7696946607243161,0.0001899519948989,0.7614750000000002,0.0001005
16767,2907,dhmix_1210431916849512476,597,EnthalpyOfMixing,<Substance CCC(C)=O{solv}{x=0.504400}|CCCCNCCCC{solv}{x=0.495600}>,CCC(C)=O,CCCCNCCCC,fb-fit-v3-single-mean-k100,3,0.185886079962934,0.0482473197370012,0.619,0.0065
16768,2908,dhmix_1503682496766473076,598,EnthalpyOfMixing,<Substance CCC(C)=O{solv}{x=0.792200}|CCCCNCCCC{solv}{x=0.207800}>,CCC(C)=O,CCCCNCCCC,fb-fit-v3-single-mean-k100,3,0.1142892152894567,0.0434254576815001,0.425,0.0045
16769,2909,dens_2232561341275312196,599,Density,<Substance CCC(C)=O{solv}{x=0.747300}|CCCCNCCCC{solv}{x=0.252700}>,CCC(C)=O,CCCCNCCCC,fb-fit-v3-single-mean-k100,3,0.7834009783076213,0.0001796099071577,0.7810500000000001,9.750000000000004e-05
16770,2910,dhmix_335934546122425398,600,EnthalpyOfMixing,<Substance C1CCOCC1{solv}{x=0.550000}|O=C1CCCC1{solv}{x=0.450000}>,C1CCOCC1,O=C1CCCC1,fb-fit-v3-single-mean-k100,3,0.0947913585047999,0.0404840710905966,0.15813,0.001
16771,2911,dhmix_337659115721770978,601,EnthalpyOfMixing,<Substance C1CCOCC1{solv}{x=0.250000}|O=C1CCCC1{solv}{x=0.750000}>,C1CCOCC1,O=C1CCCC1,fb-fit-v3-single-mean-k100,3,0.1875501221810438,0.0409088417501436,0.11325,0.00084
16772,2912,dens_579415285212890284,602,Density,<Substance C1CCOCC1{solv}{x=0.708000}|O=C1CCCC1{solv}{x=0.292000}>,C1CCOCC1,O=C1CCCC1,fb-fit-v3-single-mean-k100,3,0.8936367458921279,0.0002309810667212,0.8972200000000002,0.00023
16773,2913,dens_788777315764582180,603,Density,<Substance C1CCOCC1{solv}{x=0.549800}|O=C1CCCC1{solv}{x=0.450200}>,C1CCOCC1,O=C1CCCC1,fb-fit-v3-single-mean-k100,3,0.9029440587690298,0.0002172694360781,0.9073000000000002,0.000235
16774,2914,dens_1539654406736576807,604,Density,<Substance C1CCOCC1{solv}{x=0.235400}|O=C1CCCC1{solv}{x=0.764600}>,C1CCOCC1,O=C1CCCC1,fb-fit-v3-single-mean-k100,3,0.92310189359494,0.0001759558847595,0.9281000000000004,0.00024
16775,2915,dhmix_1706969020375394315,605,EnthalpyOfMixing,<Substance C1CCOCC1{solv}{x=0.750000}|O=C1CCCC1{solv}{x=0.250000}>,C1CCOCC1,O=C1CCCC1,fb-fit-v3-single-mean-k100,3,0.0204370815218908,0.0415916730538826,0.12811,0.000895
16776,2916,dens_337077748334497354,606,Density,<Substance CN1CCCCC1{solv}{x=0.245200}|O{solv}{x=0.754800}>,CN1CCCCC1,O,fb-fit-v3-single-mean-k100,3,0.9027531868078024,0.000342341329097,0.9038110000000004,9.700000000000004e-05
16777,2917,dens_1619467922469494964,607,Density,<Substance CN1CCCCC1{solv}{x=0.790700}|O{solv}{x=0.209300}>,CN1CCCCC1,O,fb-fit-v3-single-mean-k100,3,0.8576295004496425,0.0002262258626357,0.8260470000000002,0.000108
16778,2918,dens_1725290505257505407,608,Density,<Substance CN1CCCCC1{solv}{x=0.505000}|O{solv}{x=0.495000}>,CN1CCCCC1,O,fb-fit-v3-single-mean-k100,3,0.8759298425289704,0.0002022624295133,0.8581580000000002,9.450000000000002e-05
16779,2919,dhmix_344305070199657817,609,EnthalpyOfMixing,<Substance CC(C)CC(C)(C)C{solv}{x=0.200300}|CCCO{solv}{x=0.799700}>,CC(C)CC(C)(C)C,CCCO,fb-fit-v3-single-mean-k100,3,0.3530306646800696,0.0379429425959948,0.308,0.0055
16780,2920,dens_1020839744665732433,610,Density,<Substance CC(C)CC(C)(C)C{solv}{x=0.200100}|CCCO{solv}{x=0.799900}>,CC(C)CC(C)(C)C,CCCO,fb-fit-v3-single-mean-k100,3,0.7720171658134654,0.0002448900038981,0.7589500000000002,0.00029
16781,2921,dens_1348847431810734601,611,Density,<Substance CC(C)CC(C)(C)C{solv}{x=0.700000}|CCCO{solv}{x=0.300000}>,CC(C)CC(C)(C)C,CCCO,fb-fit-v3-single-mean-k100,3,0.729764062892614,0.0001726938924611,0.7046500000000001,0.00028
16782,2922,dhmix_1376194238727172922,612,EnthalpyOfMixing,<Substance CC(C)CC(C)(C)C{solv}{x=0.499800}|CCCO{solv}{x=0.500200}>,CC(C)CC(C)(C)C,CCCO,fb-fit-v3-single-mean-k100,3,0.6526844097115969,0.0448561910955591,0.6025,0.0027
16783,2923,dhmix_1868873434415785592,613,EnthalpyOfMixing,<Substance CC(C)CC(C)(C)C{solv}{x=0.699900}|CCCO{solv}{x=0.300100}>,CC(C)CC(C)(C)C,CCCO,fb-fit-v3-single-mean-k100,3,0.7161692133957729,0.0514384141361369,0.6544,0.0029
16784,2924,dens_1870552320710773195,614,Density,<Substance CC(C)CC(C)(C)C{solv}{x=0.500000}|CCCO{solv}{x=0.500000}>,CC(C)CC(C)(C)C,CCCO,fb-fit-v3-single-mean-k100,3,0.742719773568359,0.0002273843105133,0.7214400000000002,0.00028
16785,2925,dens_344701479262570906,615,Density,<Substance C1CCOCC1{solv}{x=0.246100}|Cc1cccnc1{solv}{x=0.753900}>,C1CCOCC1,Cc1cccnc1,fb-fit-v3-single-mean-k100,3,0.9334593794648828,0.0002040717999937,0.9348570000000002,0.0004915
16786,2926,dhmix_772935681699310364,616,EnthalpyOfMixing,<Substance C1CCOCC1{solv}{x=0.480300}|Cc1cccnc1{solv}{x=0.519700}>,C1CCOCC1,Cc1cccnc1,fb-fit-v3-single-mean-k100,3,0.0325942020268499,0.0405812388815327,0.1271,0.00115
16787,2927,dens_1179184695460672925,617,Density,<Substance C1CCOCC1{solv}{x=0.756800}|Cc1cccnc1{solv}{x=0.243200}>,C1CCOCC1,Cc1cccnc1,fb-fit-v3-single-mean-k100,3,0.8949033972346003,0.000146338328358,0.8976640000000002,0.0004655
16788,2928,dens_1273033541520518804,618,Density,<Substance C1CCOCC1{solv}{x=0.482700}|Cc1cccnc1{solv}{x=0.517300}>,C1CCOCC1,Cc1cccnc1,fb-fit-v3-single-mean-k100,3,0.91597975584087,0.0002638966504231,0.9179640000000002,0.00048
16789,2929,dhmix_1594947441282636711,619,EnthalpyOfMixing,<Substance C1CCOCC1{solv}{x=0.735500}|Cc1cccnc1{solv}{x=0.264500}>,C1CCOCC1,Cc1cccnc1,fb-fit-v3-single-mean-k100,3,0.0520278253040658,0.0437800948280128,0.0924,0.00095
16790,2930,dhmix_2075643137470349800,620,EnthalpyOfMixing,<Substance C1CCOCC1{solv}{x=0.273200}|Cc1cccnc1{solv}{x=0.726800}>,C1CCOCC1,Cc1cccnc1,fb-fit-v3-single-mean-k100,3,0.0084950998759651,0.0413804024984448,0.1036,0.001
16791,2931,dhmix_346841872844739570,621,EnthalpyOfMixing,<Substance CC#N{solv}{x=0.700700}|CCOC(C)(C)C{solv}{x=0.299300}>,CC#N,CCOC(C)(C)C,fb-fit-v3-single-mean-k100,3,0.1720111676061559,0.0337269617761644,0.6176,0.0084
16792,2932,dhmix_840136828933604757,622,EnthalpyOfMixing,<Substance CC#N{solv}{x=0.199000}|CCOC(C)(C)C{solv}{x=0.801000}>,CC#N,CCOC(C)(C)C,fb-fit-v3-single-mean-k100,3,0.1451206248765846,0.0463286677611755,0.4418,0.006
16793,2933,dhmix_1934525864391020215,623,EnthalpyOfMixing,<Substance CC#N{solv}{x=0.501600}|CCOC(C)(C)C{solv}{x=0.498400}>,CC#N,CCOC(C)(C)C,fb-fit-v3-single-mean-k100,3,0.1109414233987569,0.0362645088221793,0.7098,0.00965
16794,2934,dens_1954735606040559695,624,Density,<Substance CC#N{solv}{x=0.700700}|CCOC(C)(C)C{solv}{x=0.299300}>,CC#N,CCOC(C)(C)C,fb-fit-v3-single-mean-k100,3,0.7551220558251014,0.0002541635343674,0.7595000000000002,0.00045
16795,2935,dens_2173310521496796694,625,Density,<Substance CC#N{solv}{x=0.501600}|CCOC(C)(C)C{solv}{x=0.498400}>,CC#N,CCOC(C)(C)C,fb-fit-v3-single-mean-k100,3,0.7541483996095146,0.0002653310663193,0.7510000000000002,0.00035
16796,2936,dens_2235331649530959984,626,Density,<Substance CC#N{solv}{x=0.199000}|CCOC(C)(C)C{solv}{x=0.801000}>,CC#N,CCOC(C)(C)C,fb-fit-v3-single-mean-k100,3,0.7505246640070139,0.0002376172262631,0.7408000000000001,0.00015
16797,2937,dhmix_355078149157572999,627,EnthalpyOfMixing,<Substance OCCOCCO{solv}{x=0.790600}|O{solv}{x=0.209400}>,O,OCCOCCO,fb-fit-v3-single-mean-k100,3,-0.9241626494894604,0.0648518246293082,-0.521,0.003
16798,2938,dhmix_514261244195159379,628,EnthalpyOfMixing,<Substance OCCOCCO{solv}{x=0.300400}|O{solv}{x=0.699600}>,O,OCCOCCO,fb-fit-v3-single-mean-k100,3,-0.9761520926411862,0.0342603878739667,-1.245,0.0065
16799,2939,dhmix_1512634639127890343,629,EnthalpyOfMixing,<Substance OCCOCCO{solv}{x=0.501000}|O{solv}{x=0.499000}>,O,OCCOCCO,fb-fit-v3-single-mean-k100,3,-1.0342442817598467,0.0367473038112462,-1.149,0.0065
16800,2940,dens_1532732041743097130,630,Density,<Substance OCCOCCO{solv}{x=0.500600}|O{solv}{x=0.499400}>,O,OCCOCCO,fb-fit-v3-single-mean-k100,3,1.1131091310689267,0.0004699816077116,1.1070700000000002,0.00026
16801,2941,dens_1948924545926470959,631,Density,<Substance OCCOCCO{solv}{x=0.700300}|O{solv}{x=0.299700}>,O,OCCOCCO,fb-fit-v3-single-mean-k100,3,1.11983450021629,0.0004387223613398,1.1111900000000003,0.000285
16802,2942,dens_2114974877291939954,632,Density,<Substance OCCOCCO{solv}{x=0.301000}|O{solv}{x=0.699000}>,O,OCCOCCO,fb-fit-v3-single-mean-k100,3,1.0937572382340364,0.0003653845374273,1.0958900000000005,0.000305
16803,2943,dhmix_355690558520209737,633,EnthalpyOfMixing,<Substance CC(C)CC(C)(C)C{solv}{x=0.774800}|CC(C)OC(C)C{solv}{x=0.225200}>,CC(C)CC(C)(C)C,CC(C)OC(C)C,fb-fit-v3-single-mean-k100,3,0.2460588484348562,0.0539289054069082,0.132161,0.001556
16804,2944,dens_706481868145479619,634,Density,<Substance CC(C)CC(C)(C)C{solv}{x=0.250000}|CC(C)OC(C)C{solv}{x=0.750000}>,CC(C)CC(C)(C)C,CC(C)OC(C)C,fb-fit-v3-single-mean-k100,3,0.7286535098746386,0.0002245026801145,0.7090800000000002,0.000155
16805,2945,dens_960755156711549154,635,Density,<Substance CC(C)CC(C)(C)C{solv}{x=0.750000}|CC(C)OC(C)C{solv}{x=0.250000}>,CC(C)CC(C)(C)C,CC(C)OC(C)C,fb-fit-v3-single-mean-k100,3,0.7202747195469292,0.0002044846157181,0.6937500000000002,0.000155
16806,2946,dens_1165117582450092341,636,Density,<Substance CC(C)CC(C)(C)C{solv}{x=0.500900}|CC(C)OC(C)C{solv}{x=0.499100}>,CC(C)CC(C)(C)C,CC(C)OC(C)C,fb-fit-v3-single-mean-k100,3,0.723574824185117,0.0002252054307952,0.7005900000000002,0.000105
16807,2947,dhmix_1819714300540494359,637,EnthalpyOfMixing,<Substance CC(C)CC(C)(C)C{solv}{x=0.512500}|CC(C)OC(C)C{solv}{x=0.487500}>,CC(C)CC(C)(C)C,CC(C)OC(C)C,fb-fit-v3-single-mean-k100,3,0.4165391214225735,0.0519989482415696,0.197047,0.002233
16808,2948,dhmix_2031984064821599856,638,EnthalpyOfMixing,<Substance CC(C)CC(C)(C)C{solv}{x=0.269300}|CC(C)OC(C)C{solv}{x=0.730700}>,CC(C)CC(C)(C)C,CC(C)OC(C)C,fb-fit-v3-single-mean-k100,3,0.3676074881399955,0.0440106260271025,0.158983,0.0018345
16809,2949,dens_357198687829738077,639,Density,<Substance C1CCOCC1{solv}{x=0.223500}|CCCCCC(C)=O{solv}{x=0.776500}>,C1CCOCC1,CCCCCC(C)=O,fb-fit-v3-single-mean-k100,3,0.8245050761354532,0.0001954670605328,0.8221200000000002,0.000375
16810,2950,dens_1074719884132299485,640,Density,<Substance C1CCOCC1{solv}{x=0.516600}|CCCCCC(C)=O{solv}{x=0.483400}>,C1CCOCC1,CCCCCC(C)=O,fb-fit-v3-single-mean-k100,3,0.8396497036951237,0.0002066003701157,0.8396100000000002,0.00032
16811,2951,dens_1427208283653313137,641,Density,<Substance C1CCOCC1{solv}{x=0.710100}|CCCCCC(C)=O{solv}{x=0.289900}>,C1CCOCC1,CCCCCC(C)=O,fb-fit-v3-single-mean-k100,3,0.8519505973819145,0.0002184325306693,0.8534200000000002,0.000285
16812,2952,dhmix_1485904869507380555,642,EnthalpyOfMixing,<Substance C1CCOCC1{solv}{x=0.500000}|CCCCCC(C)=O{solv}{x=0.500000}>,C1CCOCC1,CCCCCC(C)=O,fb-fit-v3-single-mean-k100,3,0.1118214785297198,0.0414634258020613,0.05773,0.000615
16813,2953,dhmix_1931504734279468677,643,EnthalpyOfMixing,<Substance C1CCOCC1{solv}{x=0.250000}|CCCCCC(C)=O{solv}{x=0.750000}>,C1CCOCC1,CCCCCC(C)=O,fb-fit-v3-single-mean-k100,3,0.0977112617187003,0.0380902380930283,0.03429,0.00053
16814,2954,dhmix_2296263041755700053,644,EnthalpyOfMixing,<Substance C1CCOCC1{solv}{x=0.750000}|CCCCCC(C)=O{solv}{x=0.250000}>,C1CCOCC1,CCCCCC(C)=O,fb-fit-v3-single-mean-k100,3,0.1011032251440653,0.043390361002367,0.05587,0.00061
16815,2955,dhmix_357499987240135169,645,EnthalpyOfMixing,<Substance CCCCC{solv}{x=0.772700}|CCCCOC=O{solv}{x=0.227300}>,CCCCC,CCCCOC=O,fb-fit-v3-single-mean-k100,3,1.1186113545364125,0.0435291509684038,0.87,0.004
16816,2956,dens_435201289177646286,646,Density,<Substance CCCCC{solv}{x=0.504200}|CCCCOC=O{solv}{x=0.495800}>,CCCCC,CCCCOC=O,fb-fit-v3-single-mean-k100,3,0.7573009660444887,0.0002557340050901,0.7523000000000001,0.00024
16817,2957,dens_635752291929824010,647,Density,<Substance CCCCC{solv}{x=0.699000}|CCCCOC=O{solv}{x=0.301000}>,CCCCC,CCCCOC=O,fb-fit-v3-single-mean-k100,3,0.701505517653742,0.0002389006618917,0.6994600000000002,0.00018
16818,2958,dhmix_869493303716364153,648,EnthalpyOfMixing,<Substance CCCCC{solv}{x=0.490500}|CCCCOC=O{solv}{x=0.509500}>,CCCCC,CCCCOC=O,fb-fit-v3-single-mean-k100,3,1.2285746915067932,0.0364552291824618,0.959,0.004
16819,2959,dhmix_1188548276416925178,649,EnthalpyOfMixing,<Substance CCCCC{solv}{x=0.246000}|CCCCOC=O{solv}{x=0.754000}>,CCCCC,CCCCOC=O,fb-fit-v3-single-mean-k100,3,0.8225219534461559,0.0427957441710234,0.632,0.003
16820,2960,dens_1944800378076074966,650,Density,<Substance CCCCC{solv}{x=0.247100}|CCCCOC=O{solv}{x=0.752900}>,CCCCC,CCCCOC=O,fb-fit-v3-single-mean-k100,3,0.8326412684150183,0.0002236772808376,0.8221800000000001,0.000375
16821,2961,dhmix_357740737126275220,651,EnthalpyOfMixing,<Substance CC(=O)N(C)C{solv}{x=0.212000}|CCCCCl{solv}{x=0.788000}>,CC(=O)N(C)C,CCCCCl,fb-fit-v3-single-mean-k100,3,0.565730820010728,0.0412601272828535,0.244,0.0025
16822,2962,dens_563556088097831353,652,Density,<Substance CC(=O)N(C)C{solv}{x=0.499000}|CCCCCl{solv}{x=0.501000}>,CC(=O)N(C)C,CCCCCl,fb-fit-v3-single-mean-k100,3,0.8940116308451709,0.0002626318349721,0.9081000000000002,0.0002
16823,2963,dens_1083232356130752567,653,Density,<Substance CC(=O)N(C)C{solv}{x=0.799700}|CCCCCl{solv}{x=0.200300}>,CC(=O)N(C)C,CCCCCl,fb-fit-v3-single-mean-k100,3,0.9037712201554612,0.0002227288051377,0.9247000000000004,0.0002
16824,2964,dhmix_1487887746912587509,654,EnthalpyOfMixing,<Substance CC(=O)N(C)C{solv}{x=0.708000}|CCCCCl{solv}{x=0.292000}>,CC(=O)N(C)C,CCCCCl,fb-fit-v3-single-mean-k100,3,0.5725537827029719,0.0406296347114302,0.305,0.0025
16825,2965,dens_1662749398344255132,655,Density,<Substance CC(=O)N(C)C{solv}{x=0.210500}|CCCCCl{solv}{x=0.789500}>,CC(=O)N(C)C,CCCCCl,fb-fit-v3-single-mean-k100,3,0.8811060286677348,0.0002923551417859,0.8918000000000001,0.0002
16826,2966,dhmix_2085343422065298965,656,EnthalpyOfMixing,<Substance CC(=O)N(C)C{solv}{x=0.511000}|CCCCCl{solv}{x=0.489000}>,CC(=O)N(C)C,CCCCCl,fb-fit-v3-single-mean-k100,3,0.7477224829688787,0.0395533224558635,0.363,0.0025
16827,2967,dhmix_359626193748497849,657,EnthalpyOfMixing,<Substance C1CCOCC1{solv}{x=0.750000}|O=C1CCCCC1{solv}{x=0.250000}>,C1CCOCC1,O=C1CCCCC1,fb-fit-v3-single-mean-k100,3,0.0795774257595951,0.0406297722050355,0.07698,0.00069
16828,2968,dhmix_709905971434026360,658,EnthalpyOfMixing,<Substance C1CCOCC1{solv}{x=0.250000}|O=C1CCCCC1{solv}{x=0.750000}>,C1CCOCC1,O=C1CCCCC1,fb-fit-v3-single-mean-k100,3,0.1091213994816016,0.0408090153591493,0.05827,0.00062
16829,2969,dens_996263306280392228,659,Density,<Substance C1CCOCC1{solv}{x=0.500900}|O=C1CCCCC1{solv}{x=0.499100}>,C1CCOCC1,O=C1CCCCC1,fb-fit-v3-single-mean-k100,3,0.909192259057984,0.0001877946081453,0.9160300000000002,0.000505
16830,2970,dens_1296485655493191092,660,Density,<Substance C1CCOCC1{solv}{x=0.247100}|O=C1CCCCC1{solv}{x=0.752900}>,C1CCOCC1,O=C1CCCCC1,fb-fit-v3-single-mean-k100,3,0.9258190963311296,0.0001537257979212,0.9305900000000004,0.000505
16831,2971,dhmix_1617652800437548554,661,EnthalpyOfMixing,<Substance C1CCOCC1{solv}{x=0.500000}|O=C1CCCCC1{solv}{x=0.500000}>,C1CCOCC1,O=C1CCCCC1,fb-fit-v3-single-mean-k100,3,0.0866076413926677,0.0359615392542326,0.08658,0.000725
16832,2972,dens_2134919398794801459,662,Density,<Substance C1CCOCC1{solv}{x=0.738900}|O=C1CCCCC1{solv}{x=0.261100}>,C1CCOCC1,O=C1CCCCC1,fb-fit-v3-single-mean-k100,3,0.8938807114920253,0.0002355814257036,0.9000800000000002,0.000505
16833,2973,dens_371429494256072686,663,Density,<Substance COC=O{solv}{x=0.513800}|ClCCCCl{solv}{x=0.486200}>,COC=O,ClCCCCl,fb-fit-v3-single-mean-k100,3,1.0935871269147373,0.0003706931582048,1.08831,0.00025
16834,2974,dens_416463243686186519,664,Density,<Substance COC=O{solv}{x=0.738400}|ClCCCCl{solv}{x=0.261600}>,COC=O,ClCCCCl,fb-fit-v3-single-mean-k100,3,1.0496333586125746,0.0003529124894539,1.03754,0.0002
16835,2975,dhmix_573570621261992547,665,EnthalpyOfMixing,<Substance COC=O{solv}{x=0.767400}|ClCCCCl{solv}{x=0.232600}>,COC=O,ClCCCCl,fb-fit-v3-single-mean-k100,3,0.582639524657409,0.0323758936832138,0.2841,0.0015
16836,2976,dens_1665007650151393058,666,Density,<Substance COC=O{solv}{x=0.244000}|ClCCCCl{solv}{x=0.756000}>,COC=O,ClCCCCl,fb-fit-v3-single-mean-k100,3,1.1380288928072204,0.000379742075144,1.1395000000000002,0.0003
16837,2977,dhmix_2050640017895200777,667,EnthalpyOfMixing,<Substance COC=O{solv}{x=0.502400}|ClCCCCl{solv}{x=0.497600}>,COC=O,ClCCCCl,fb-fit-v3-single-mean-k100,3,0.7825451447323566,0.0321649933791219,0.3503,0.00175
16838,2978,dhmix_2121310957223924646,668,EnthalpyOfMixing,<Substance COC=O{solv}{x=0.202400}|ClCCCCl{solv}{x=0.797600}>,COC=O,ClCCCCl,fb-fit-v3-single-mean-k100,3,0.4995555691658815,0.0382663381643328,0.2064,0.0012
16839,2979,dens_380799246642881225,669,Density,<Substance Cc1ccncc1{solv}{x=0.500000}|O{solv}{x=0.500000}>,Cc1ccncc1,O,fb-fit-v3-single-mean-k100,3,0.957119941129026,0.0002899045851703,0.9704000000000004,0.0005
16840,2980,dens_1024460369591354985,670,Density,<Substance Cc1ccncc1{solv}{x=0.225000}|O{solv}{x=0.775000}>,Cc1ccncc1,O,fb-fit-v3-single-mean-k100,3,0.9628056805138384,0.0002952783022005,0.9848000000000002,0.0004
16841,2981,dens_1867704914487230306,671,Density,<Substance Cc1ccncc1{solv}{x=0.750000}|O{solv}{x=0.250000}>,Cc1ccncc1,O,fb-fit-v3-single-mean-k100,3,0.9553527049845408,0.0002424174390951,0.9614000000000004,0.0004
16842,2982,dhmix_396839331496923568,672,EnthalpyOfMixing,<Substance CCCOC(=O)CC{solv}{x=0.237600}|ClCCCl{solv}{x=0.762400}>,CCCOC(=O)CC,ClCCCl,fb-fit-v3-single-mean-k100,3,-0.2963106357267904,0.0309450678912954,-0.317,0.0035
16843,2983,dens_1025242301432619836,673,Density,<Substance CCCOC(=O)CC{solv}{x=0.518800}|ClCCCl{solv}{x=0.481200}>,CCCOC(=O)CC,ClCCCl,fb-fit-v3-single-mean-k100,3,1.0062961637202257,0.0002962275702127,1.0064000000000002,0.000905
16844,2984,dens_1654149510571748883,674,Density,<Substance CCCOC(=O)CC{solv}{x=0.731600}|ClCCCl{solv}{x=0.268400}>,CCCOC(=O)CC,ClCCCl,fb-fit-v3-single-mean-k100,3,0.9423994024475704,0.000235124216035,0.9416300000000002,0.00041
16845,2985,dens_1804016971158746429,675,Density,<Substance CCCOC(=O)CC{solv}{x=0.243700}|ClCCCl{solv}{x=0.756300}>,CCCOC(=O)CC,ClCCCl,fb-fit-v3-single-mean-k100,3,1.1088118627873014,0.0003965016207214,1.11431,0.002155
16846,2986,dhmix_1840109043188951916,676,EnthalpyOfMixing,<Substance CCCOC(=O)CC{solv}{x=0.517700}|ClCCCl{solv}{x=0.482300}>,CCCOC(=O)CC,ClCCCl,fb-fit-v3-single-mean-k100,3,-0.3565771168967195,0.0388521873316233,-0.557,0.006
16847,2987,dhmix_1924188358781329171,677,EnthalpyOfMixing,<Substance CCCOC(=O)CC{solv}{x=0.787400}|ClCCCl{solv}{x=0.212600}>,CCCOC(=O)CC,ClCCCl,fb-fit-v3-single-mean-k100,3,-0.2894294056908997,0.0466954735659391,-0.357,0.004
16848,2988,dhmix_408170436877433675,678,EnthalpyOfMixing,<Substance CCCCC{solv}{x=0.229800}|CCOC=O{solv}{x=0.770200}>,CCCCC,CCOC=O,fb-fit-v3-single-mean-k100,3,1.1627724148093108,0.0394016362724875,1.016,0.0045
16849,2989,dens_1159257310358090227,679,Density,<Substance CCCCC{solv}{x=0.748000}|CCOC=O{solv}{x=0.252000}>,CCCCC,CCOC=O,fb-fit-v3-single-mean-k100,3,0.6728056948710899,0.0002687719566623,0.6707000000000002,0.000165
16850,2990,dhmix_1897634982824334825,680,EnthalpyOfMixing,<Substance CCCCC{solv}{x=0.500100}|CCOC=O{solv}{x=0.499900}>,CCCCC,CCOC=O,fb-fit-v3-single-mean-k100,3,1.6927118814927624,0.0390294368368187,1.354,0.0055
16851,2991,dens_1931965346092446599,681,Density,<Substance CCCCC{solv}{x=0.504000}|CCOC=O{solv}{x=0.496000}>,CCCCC,CCOC=O,fb-fit-v3-single-mean-k100,3,0.7416728361532414,0.000296520740521,0.7333000000000002,0.00024
16852,2992,dens_2086304425324215507,682,Density,<Substance CCCCC{solv}{x=0.298000}|CCOC=O{solv}{x=0.702000}>,CCCCC,CCOC=O,fb-fit-v3-single-mean-k100,3,0.8115386833186798,0.0003004193115761,0.7971000000000003,0.000345
16853,2993,dhmix_2117998354372981576,683,EnthalpyOfMixing,<Substance CCCCC{solv}{x=0.777900}|CCOC=O{solv}{x=0.222100}>,CCCCC,CCOC=O,fb-fit-v3-single-mean-k100,3,1.4382781140473213,0.0425611967706334,1.051,0.0045
16854,2994,dens_415189671276159712,684,Density,<Substance NCCO{solv}{x=0.785350}|c1ccncc1{solv}{x=0.214650}>,NCCO,c1ccncc1,fb-fit-v3-single-mean-k100,3,1.0360750516773052,0.0003305889083376,1.002592,0.000101
16855,2995,dhmix_607563797490786343,685,EnthalpyOfMixing,<Substance NCCO{solv}{x=0.559360}|c1ccncc1{solv}{x=0.440640}>,NCCO,c1ccncc1,fb-fit-v3-single-mean-k100,3,1.1075328971571778,0.0352505898688016,0.824,0.0035
16856,2996,dhmix_783614050589043390,686,EnthalpyOfMixing,<Substance NCCO{solv}{x=0.248120}|c1ccncc1{solv}{x=0.751880}>,NCCO,c1ccncc1,fb-fit-v3-single-mean-k100,3,1.0556546357501286,0.038998391787351,0.779,0.0035
16857,2997,dens_907288549206652702,687,Density,<Substance NCCO{solv}{x=0.558640}|c1ccncc1{solv}{x=0.441360}>,NCCO,c1ccncc1,fb-fit-v3-single-mean-k100,3,1.0162378614385397,0.0002661402909361,0.9936870000000002,0.0001015
16858,2998,dhmix_1092036220949585875,688,EnthalpyOfMixing,<Substance NCCO{solv}{x=0.746780}|c1ccncc1{solv}{x=0.253220}>,NCCO,c1ccncc1,fb-fit-v3-single-mean-k100,3,0.7125019410736471,0.0424745247449212,0.612,0.003
16859,2999,dens_2278246591298089898,689,Density,<Substance NCCO{solv}{x=0.210010}|c1ccncc1{solv}{x=0.789990}>,NCCO,c1ccncc1,fb-fit-v3-single-mean-k100,3,0.991595696763936,0.0002964262804291,0.9825660000000004,0.0001015
16860,3000,dens_419188249264987147,690,Density,<Substance CCCCC(=O)OCC{solv}{x=0.492100}|CCOC(C)=O{solv}{x=0.507900}>,CCCCC(=O)OCC,CCOC(C)=O,fb-fit-v3-single-mean-k100,3,0.8885572154428201,0.0002465560539589,0.8787300000000002,0.00012
16861,3001,dens_667714041205021070,691,Density,<Substance CCCCC(=O)OCC{solv}{x=0.304700}|CCOC(C)=O{solv}{x=0.695300}>,CCCCC(=O)OCC,CCOC(C)=O,fb-fit-v3-single-mean-k100,3,0.8949739726267851,0.0002217835387953,0.8836400000000002,0.00012
16862,3002,dhmix_1137774316856842141,692,EnthalpyOfMixing,<Substance CCCCC(=O)OCC{solv}{x=0.737600}|CCOC(C)=O{solv}{x=0.262400}>,CCCCC(=O)OCC,CCOC(C)=O,fb-fit-v3-single-mean-k100,3,0.0371846907693784,0.0437585494977377,0.114,0.0015
16863,3003,dhmix_1322441082145072072,693,EnthalpyOfMixing,<Substance CCCCC(=O)OCC{solv}{x=0.279900}|CCOC(C)=O{solv}{x=0.720100}>,CCCCC(=O)OCC,CCOC(C)=O,fb-fit-v3-single-mean-k100,3,0.0940605564833489,0.0398752669534298,0.139,0.0015
16864,3004,dens_1682638395920841051,694,Density,<Substance CCCCC(=O)OCC{solv}{x=0.752600}|CCOC(C)=O{solv}{x=0.247400}>,CCCCC(=O)OCC,CCOC(C)=O,fb-fit-v3-single-mean-k100,3,0.8817386763567928,0.0002064422984125,0.8732900000000001,0.00012
16865,3005,dhmix_2161842751879945948,695,EnthalpyOfMixing,<Substance CCCCC(=O)OCC{solv}{x=0.519800}|CCOC(C)=O{solv}{x=0.480200}>,CCCCC(=O)OCC,CCOC(C)=O,fb-fit-v3-single-mean-k100,3,0.1274349704408663,0.0449502759206542,0.154,0.002
16866,3006,dhmix_419593950323214290,696,EnthalpyOfMixing,<Substance CCCCCC(C)=O{solv}{x=0.780400}|CCN(CC)CC{solv}{x=0.219600}>,CCCCCC(C)=O,CCN(CC)CC,fb-fit-v3-single-mean-k100,3,0.1493176442906261,0.046537856224828,0.216,0.0025
16867,3007,dens_651921010645567431,697,Density,<Substance CCCCCC(C)=O{solv}{x=0.259800}|CCN(CC)CC{solv}{x=0.740200}>,CCCCCC(C)=O,CCN(CC)CC,fb-fit-v3-single-mean-k100,3,0.7584106067118949,0.0002032933654686,0.7465820000000002,8.950000000000002e-05
16868,3008,dens_995831511901627711,698,Density,<Substance CCCCCC(C)=O{solv}{x=0.748400}|CCN(CC)CC{solv}{x=0.251600}>,CCCCCC(C)=O,CCN(CC)CC,fb-fit-v3-single-mean-k100,3,0.7962715246969562,0.0002237193433225,0.7899410000000002,0.0001055
16869,3009,dhmix_1001984601109558110,699,EnthalpyOfMixing,<Substance CCCCCC(C)=O{solv}{x=0.492000}|CCN(CC)CC{solv}{x=0.508000}>,CCCCCC(C)=O,CCN(CC)CC,fb-fit-v3-single-mean-k100,3,0.1419994591599902,0.0479584700465806,0.419,0.0045
16870,3010,dens_1887829851815986883,700,Density,<Substance CCCCCC(C)=O{solv}{x=0.503200}|CCN(CC)CC{solv}{x=0.496800}>,CCCCCC(C)=O,CCN(CC)CC,fb-fit-v3-single-mean-k100,3,0.7778889447149889,0.00020642139234,0.7684760000000002,9.800000000000002e-05
16871,3011,dhmix_2085744568401562111,701,EnthalpyOfMixing,<Substance CCCCCC(C)=O{solv}{x=0.293900}|CCN(CC)CC{solv}{x=0.706100}>,CCCCCC(C)=O,CCN(CC)CC,fb-fit-v3-single-mean-k100,3,0.1575917349972115,0.0479058188107617,0.412,0.0045
16872,3012,dens_436049638479549968,702,Density,<Substance COC=O{solv}{x=0.472500}|ClCCCl{solv}{x=0.527500}>,COC=O,ClCCCl,fb-fit-v3-single-mean-k100,3,1.1301308848935812,0.0003732287565691,1.1269600000000004,0.000285
16873,3013,dens_627145458965592302,703,Density,<Substance COC=O{solv}{x=0.753000}|ClCCCl{solv}{x=0.247000}>,COC=O,ClCCCl,fb-fit-v3-single-mean-k100,3,1.058660706834327,0.0003846512215062,1.0461600000000004,0.000205
16874,3014,dhmix_731680623269260416,704,EnthalpyOfMixing,<Substance COC=O{solv}{x=0.250800}|ClCCCl{solv}{x=0.749200}>,COC=O,ClCCCl,fb-fit-v3-single-mean-k100,3,0.3756580816656321,0.0328003589083243,0.0793,0.0007
16875,3015,dens_1488543630772933598,705,Density,<Substance COC=O{solv}{x=0.279500}|ClCCCl{solv}{x=0.720500}>,COC=O,ClCCCl,fb-fit-v3-single-mean-k100,3,1.1735110860597406,0.0004550776734196,1.1777100000000005,0.00034
16876,3016,dhmix_2170321998768851974,706,EnthalpyOfMixing,<Substance COC=O{solv}{x=0.732200}|ClCCCl{solv}{x=0.267800}>,COC=O,ClCCCl,fb-fit-v3-single-mean-k100,3,0.3575420318556301,0.0335706437824137,0.0733,0.00065
16877,3017,dhmix_2249001225536869896,707,EnthalpyOfMixing,<Substance COC=O{solv}{x=0.487400}|ClCCCl{solv}{x=0.512600}>,COC=O,ClCCCl,fb-fit-v3-single-mean-k100,3,0.491279881799799,0.0315422974105175,0.1028,0.0008
16878,3018,dhmix_442816374747487477,708,EnthalpyOfMixing,<Substance NCCCNCCCN{solv}{x=0.801500}|O{solv}{x=0.198500}>,NCCCNCCCN,O,fb-fit-v3-single-mean-k100,3,-1.352372090031285,0.076573476762522,-2.233,0.024
16879,3019,dhmix_1795382205757805615,709,EnthalpyOfMixing,<Substance NCCCNCCCN{solv}{x=0.300500}|O{solv}{x=0.699500}>,NCCCNCCCN,O,fb-fit-v3-single-mean-k100,3,-4.753171380428768,0.0342138578419959,-6.588,0.07
16880,3020,dhmix_1814950732748396893,710,EnthalpyOfMixing,<Substance NCCCNCCCN{solv}{x=0.499800}|O{solv}{x=0.500200}>,NCCCNCCCN,O,fb-fit-v3-single-mean-k100,3,-4.558891996108345,0.0518083288302925,-5.544,0.059
16881,3021,dhmix_446869196417408130,711,EnthalpyOfMixing,<Substance NCCNCCO{solv}{x=0.770000}|O{solv}{x=0.230000}>,NCCNCCO,O,fb-fit-v3-single-mean-k100,3,-1.7926806194395226,0.0393466667506174,-1.711,0.035
16882,3022,dhmix_673839467313503071,712,EnthalpyOfMixing,<Substance NCCNCCO{solv}{x=0.069900}|O{solv}{x=0.930100}>,NCCNCCO,O,fb-fit-v3-single-mean-k100,3,-0.8571476528535165,0.0239101602769955,-1.713,0.035
16883,3023,dens_688094438561771555,713,Density,<Substance NCCNCCO{solv}{x=0.799700}|O{solv}{x=0.200300}>,NCCNCCO,O,fb-fit-v3-single-mean-k100,3,1.0853097625708368,0.0001982785116707,1.0318300000000002,0.00024
16884,3024,dhmix_1682883323293489147,714,EnthalpyOfMixing,<Substance NCCNCCO{solv}{x=0.400100}|O{solv}{x=0.599900}>,NCCNCCO,O,fb-fit-v3-single-mean-k100,3,-2.2298211826786414,0.0529038325319378,-4.15,0.0845
16885,3025,dens_2045176885611624977,715,Density,<Substance NCCNCCO{solv}{x=0.070000}|O{solv}{x=0.930000}>,NCCNCCO,O,fb-fit-v3-single-mean-k100,3,1.0214364263341085,0.0004366205263466,1.0222800000000003,0.000125
16886,3026,dens_2280714043292214506,716,Density,<Substance NCCNCCO{solv}{x=0.399700}|O{solv}{x=0.600300}>,NCCNCCO,O,fb-fit-v3-single-mean-k100,3,1.065297321962784,0.0004271493811749,1.0370100000000002,0.00017
16887,3027,dens_448105363780466270,717,Density,<Substance CCCCCCCl{solv}{x=0.498300}|CN(C)C=O{solv}{x=0.501700}>,CCCCCCCl,CN(C)C=O,fb-fit-v3-single-mean-k100,3,0.8923195331144841,0.0002244639612925,0.8974000000000002,0.0003
16888,3028,dens_1134260732394863277,718,Density,<Substance CCCCCCCl{solv}{x=0.729300}|CN(C)C=O{solv}{x=0.270700}>,CCCCCCCl,CN(C)C=O,fb-fit-v3-single-mean-k100,3,0.8822393773050662,0.0002526974738802,0.8844000000000002,0.0003
16889,3029,dhmix_1150917243327149472,719,EnthalpyOfMixing,<Substance CCCCCCCl{solv}{x=0.500000}|CN(C)C=O{solv}{x=0.500000}>,CCCCCCCl,CN(C)C=O,fb-fit-v3-single-mean-k100,3,1.1612255702416263,0.0388179330136679,0.847,0.004
16890,3030,dhmix_1166656674614639609,720,EnthalpyOfMixing,<Substance CCCCCCCl{solv}{x=0.204000}|CN(C)C=O{solv}{x=0.796000}>,CCCCCCCl,CN(C)C=O,fb-fit-v3-single-mean-k100,3,0.846946893978874,0.0415101675296362,0.583,0.004
16891,3031,dhmix_1262474968830454367,721,EnthalpyOfMixing,<Substance CCCCCCCl{solv}{x=0.795000}|CN(C)C=O{solv}{x=0.205000}>,CCCCCCCl,CN(C)C=O,fb-fit-v3-single-mean-k100,3,0.8807628903508657,0.0515803440476926,0.542,0.0035
16892,3032,dens_1862934255267356180,722,Density,<Substance CCCCCCCl{solv}{x=0.200700}|CN(C)C=O{solv}{x=0.799300}>,CCCCCCCl,CN(C)C=O,fb-fit-v3-single-mean-k100,3,0.9098655015110132,0.0002682319537057,0.9218000000000002,0.00025
16893,3033,dhmix_457000181442392641,723,EnthalpyOfMixing,<Substance CCOCCO{solv}{x=0.241100}|c1ccccc1{solv}{x=0.758900}>,CCOCCO,c1ccccc1,fb-fit-v3-single-mean-k100,3,0.7635291538585136,0.042439009747979,0.6303,0.00815
16894,3034,dhmix_501726034520661035,724,EnthalpyOfMixing,<Substance CCOCCO{solv}{x=0.733600}|c1ccccc1{solv}{x=0.266400}>,CCOCCO,c1ccccc1,fb-fit-v3-single-mean-k100,3,0.3791762078579666,0.0452307006753254,0.2326,0.0033
16895,3035,dens_577983044895299238,725,Density,<Substance CCOCCO{solv}{x=0.251800}|c1ccccc1{solv}{x=0.748200}>,CCOCCO,c1ccccc1,fb-fit-v3-single-mean-k100,3,0.8946550776928219,0.0001700655893279,0.8849000000000002,0.00081
16896,3036,dens_1506946378386070831,726,Density,<Substance CCOCCO{solv}{x=0.750800}|c1ccccc1{solv}{x=0.249200}>,CCOCCO,c1ccccc1,fb-fit-v3-single-mean-k100,3,0.9122777431051856,0.0001733626975928,0.9134500000000004,0.000685
16897,3037,dhmix_1801594081157333975,727,EnthalpyOfMixing,<Substance CCOCCO{solv}{x=0.478600}|c1ccccc1{solv}{x=0.521400}>,CCOCCO,c1ccccc1,fb-fit-v3-single-mean-k100,3,0.7482743580358999,0.0431337224310613,0.4912,0.00645
16898,3038,dens_2128846755225827916,728,Density,<Substance CCOCCO{solv}{x=0.504800}|c1ccccc1{solv}{x=0.495200}>,CCOCCO,c1ccccc1,fb-fit-v3-single-mean-k100,3,0.9032921609690384,0.0002413205273519,0.8995700000000003,0.000745
16899,3039,dhmix_466383569529620932,729,EnthalpyOfMixing,<Substance CC(=O)N(C)C{solv}{x=0.505000}|CCCCCCCl{solv}{x=0.495000}>,CC(=O)N(C)C,CCCCCCCl,fb-fit-v3-single-mean-k100,3,0.8851947166744552,0.0432553035827808,0.61,0.003
16900,3040,dhmix_493694362228351572,730,EnthalpyOfMixing,<Substance CC(=O)N(C)C{solv}{x=0.798000}|CCCCCCCl{solv}{x=0.202000}>,CC(=O)N(C)C,CCCCCCCl,fb-fit-v3-single-mean-k100,3,0.5597028303643192,0.0364009114468126,0.425,0.003
16901,3041,dhmix_626564461179097700,731,EnthalpyOfMixing,<Substance CC(=O)N(C)C{solv}{x=0.211000}|CCCCCCCl{solv}{x=0.789000}>,CC(=O)N(C)C,CCCCCCCl,fb-fit-v3-single-mean-k100,3,0.6349127842536575,0.0504769283148693,0.38,0.003
16902,3042,dens_1720641323575133011,732,Density,<Substance CC(=O)N(C)C{solv}{x=0.200300}|CCCCCCCl{solv}{x=0.799700}>,CC(=O)N(C)C,CCCCCCCl,fb-fit-v3-single-mean-k100,3,0.8794734169857248,0.0002425103767229,0.8816000000000003,0.00025
16903,3043,dens_1817345990638851984,733,Density,<Substance CC(=O)N(C)C{solv}{x=0.503000}|CCCCCCCl{solv}{x=0.497000}>,CC(=O)N(C)C,CCCCCCCl,fb-fit-v3-single-mean-k100,3,0.8891238951523834,0.0002176735163783,0.8975000000000002,0.00025
16904,3044,dens_1885054129776339889,734,Density,<Substance CC(=O)N(C)C{solv}{x=0.699200}|CCCCCCCl{solv}{x=0.300800}>,CC(=O)N(C)C,CCCCCCCl,fb-fit-v3-single-mean-k100,3,0.8964187284481426,0.0002086625646587,0.9104000000000002,0.0002
16905,3045,dens_468507243072548580,735,Density,<Substance CCC#N{solv}{x=0.701200}|CCOC(C)(C)CC{solv}{x=0.298800}>,CCC#N,CCOC(C)(C)CC,fb-fit-v3-single-mean-k100,3,0.7662751199876459,0.0002418178150826,0.7715000000000002,0.0004
16906,3046,dhmix_553135124490085656,736,EnthalpyOfMixing,<Substance CCC#N{solv}{x=0.502500}|CCOC(C)(C)CC{solv}{x=0.497500}>,CCC#N,CCOC(C)(C)CC,fb-fit-v3-single-mean-k100,3,0.2234443766301836,0.0375030726760919,0.7023,0.00955
16907,3047,dens_762108332272225600,737,Density,<Substance CCC#N{solv}{x=0.502500}|CCOC(C)(C)CC{solv}{x=0.497500}>,CCC#N,CCOC(C)(C)CC,fb-fit-v3-single-mean-k100,3,0.7654134046896727,0.0002247430619141,0.7683000000000001,0.00035
16908,3048,dens_967634241844220739,738,Density,<Substance CCC#N{solv}{x=0.200900}|CCOC(C)(C)CC{solv}{x=0.799100}>,CCC#N,CCOC(C)(C)CC,fb-fit-v3-single-mean-k100,3,0.7640732808463122,0.000248401110175,0.7638000000000001,0.00025
16909,3049,dhmix_1961082112686431376,739,EnthalpyOfMixing,<Substance CCC#N{solv}{x=0.200900}|CCOC(C)(C)CC{solv}{x=0.799100}>,CCC#N,CCOC(C)(C)CC,fb-fit-v3-single-mean-k100,3,0.1786622223065919,0.0484919208882484,0.502,0.00685
16910,3050,dhmix_2005765786246998093,740,EnthalpyOfMixing,<Substance CCC#N{solv}{x=0.701200}|CCOC(C)(C)CC{solv}{x=0.298800}>,CCC#N,CCOC(C)(C)CC,fb-fit-v3-single-mean-k100,3,0.1505788566565975,0.0361261468821588,0.5863,0.008
16911,3051,dhmix_471514663464011364,741,EnthalpyOfMixing,<Substance C1CCOCC1{solv}{x=0.722000}|CCCCCO{solv}{x=0.278000}>,C1CCOCC1,CCCCCO,fb-fit-v3-single-mean-k100,3,1.0332260412715115,0.0395812902857758,0.8628,0.00745
16912,3052,dens_910343796235321484,742,Density,<Substance C1CCOCC1{solv}{x=0.298700}|CCCCCO{solv}{x=0.701300}>,C1CCOCC1,CCCCCO,fb-fit-v3-single-mean-k100,3,0.8323998413937641,0.0002616492457675,0.8293300000000002,0.00034
16913,3053,dens_1812069868432416079,743,Density,<Substance C1CCOCC1{solv}{x=0.800000}|CCCCCO{solv}{x=0.200000}>,C1CCOCC1,CCCCCO,fb-fit-v3-single-mean-k100,3,0.8606515910864275,0.0002463316927916,0.8635900000000002,0.000315
16914,3054,dhmix_1936206883965149188,744,EnthalpyOfMixing,<Substance C1CCOCC1{solv}{x=0.526000}|CCCCCO{solv}{x=0.474000}>,C1CCOCC1,CCCCCO,fb-fit-v3-single-mean-k100,3,1.194012480309162,0.044828554451502,0.97,0.00615
16915,3055,dhmix_1992318015190346725,745,EnthalpyOfMixing,<Substance C1CCOCC1{solv}{x=0.217000}|CCCCCO{solv}{x=0.783000}>,C1CCOCC1,CCCCCO,fb-fit-v3-single-mean-k100,3,0.7758252985829728,0.0513976851061467,0.6006,0.00455
16916,3056,dens_2204330198012032768,746,Density,<Substance C1CCOCC1{solv}{x=0.499400}|CCCCCO{solv}{x=0.500600}>,C1CCOCC1,CCCCCO,fb-fit-v3-single-mean-k100,3,0.8432410267135775,0.0001964349052871,0.8425400000000002,0.00033
16917,3057,dhmix_472822428299818953,747,EnthalpyOfMixing,<Substance CC(C)CC(C)(C)C{solv}{x=0.700500}|CCCCO{solv}{x=0.299500}>,CC(C)CC(C)(C)C,CCCCO,fb-fit-v3-single-mean-k100,3,0.6530554812157447,0.0380110158593397,0.6228,0.0028
16918,3058,dhmix_628387028768654403,748,EnthalpyOfMixing,<Substance CC(C)CC(C)(C)C{solv}{x=0.499900}|CCCCO{solv}{x=0.500100}>,CC(C)CC(C)(C)C,CCCCO,fb-fit-v3-single-mean-k100,3,0.6109720995496986,0.0382514697206945,0.5938,0.0027
16919,3059,dens_631668933678639865,749,Density,<Substance CC(C)CC(C)(C)C{solv}{x=0.200000}|CCCCO{solv}{x=0.800000}>,CC(C)CC(C)(C)C,CCCCO,fb-fit-v3-single-mean-k100,3,0.7816844245409331,0.0002241830403523,0.7696800000000001,0.000295
16920,3060,dens_1394470087977586253,750,Density,<Substance CC(C)CC(C)(C)C{solv}{x=0.500000}|CCCCO{solv}{x=0.500000}>,CC(C)CC(C)(C)C,CCCCO,fb-fit-v3-single-mean-k100,3,0.7496799744809616,0.0002206872838344,0.7294000000000002,0.000285
16921,3061,dens_1809610870413503056,751,Density,<Substance CC(C)CC(C)(C)C{solv}{x=0.699900}|CCCCO{solv}{x=0.300100}>,CC(C)CC(C)(C)C,CCCCO,fb-fit-v3-single-mean-k100,3,0.7344553123752924,0.0001808393003355,0.7097700000000001,0.000285
16922,3062,dhmix_2302589146189152767,752,EnthalpyOfMixing,<Substance CC(C)CC(C)(C)C{solv}{x=0.200200}|CCCCO{solv}{x=0.799800}>,CC(C)CC(C)(C)C,CCCCO,fb-fit-v3-single-mean-k100,3,0.2532469472083676,0.0432665194301164,0.27646,0.003235
16923,3063,dens_486902622078179007,753,Density,<Substance COC=O{solv}{x=0.494600}|CO{solv}{x=0.505400}>,CO,COC=O,fb-fit-v3-single-mean-k100,3,0.8978344411062807,0.0003896543238774,0.8956100000000002,7.500000000000002e-05
16924,3064,dens_750646162221180186,754,Density,<Substance COC=O{solv}{x=0.083300}|CO{solv}{x=0.916700}>,CO,COC=O,fb-fit-v3-single-mean-k100,3,0.7920128112426188,0.0004461954962094,0.8088000000000002,9.000000000000002e-05
16925,3065,dhmix_1113631207235753369,755,EnthalpyOfMixing,<Substance COC=O{solv}{x=0.717800}|CO{solv}{x=0.282200}>,CO,COC=O,fb-fit-v3-single-mean-k100,3,0.9244609076398234,0.0313567018681811,1.105,0.012
16926,3066,dhmix_2143911117683117531,756,EnthalpyOfMixing,<Substance COC=O{solv}{x=0.512700}|CO{solv}{x=0.487300}>,CO,COC=O,fb-fit-v3-single-mean-k100,3,1.110642247465505,0.0282243842820615,1.179,0.0125
16927,3067,dens_2148324189014877510,757,Density,<Substance COC=O{solv}{x=0.727100}|CO{solv}{x=0.272900}>,CO,COC=O,fb-fit-v3-single-mean-k100,3,0.9423393072191772,0.0003529258246713,0.9321000000000004,8.000000000000002e-05
16928,3068,dhmix_2205254965267695203,758,EnthalpyOfMixing,<Substance COC=O{solv}{x=0.083300}|CO{solv}{x=0.916700}>,CO,COC=O,fb-fit-v3-single-mean-k100,3,0.413221855292166,0.027312565266744,0.311,0.0035
16929,3069,dhmix_497300242003673148,759,EnthalpyOfMixing,<Substance BrCCBr{solv}{x=0.284100}|CCCCOC(=O)CCC{solv}{x=0.715900}>,BrCCBr,CCCCOC(=O)CCC,fb-fit-v3-single-mean-k100,3,-0.5466707839053484,0.0515479844855873,-0.054,0.001
16930,3070,dhmix_712261179736749495,760,EnthalpyOfMixing,<Substance BrCCBr{solv}{x=0.515300}|CCCCOC(=O)CCC{solv}{x=0.484700}>,BrCCBr,CCCCOC(=O)CCC,fb-fit-v3-single-mean-k100,3,-0.6430170709816032,0.0462792189118657,-0.027,0.0005
16931,3071,dens_846614854165535724,761,Density,<Substance BrCCBr{solv}{x=0.212900}|CCCCOC(=O)CCC{solv}{x=0.787100}>,BrCCBr,CCCCOC(=O)CCC,fb-fit-v3-single-mean-k100,3,1.0267237809455343,0.0002386361131019,1.0245500000000003,0.00013
16932,3072,dens_1085110183353279404,762,Density,<Substance BrCCBr{solv}{x=0.730000}|CCCCOC(=O)CCC{solv}{x=0.270000}>,BrCCBr,CCCCOC(=O)CCC,fb-fit-v3-single-mean-k100,3,1.6073640037894437,0.0003804637834288,1.6231500000000003,0.000405
16933,3073,dhmix_2153957437015117204,763,EnthalpyOfMixing,<Substance BrCCBr{solv}{x=0.763900}|CCCCOC(=O)CCC{solv}{x=0.236100}>,BrCCBr,CCCCOC(=O)CCC,fb-fit-v3-single-mean-k100,3,-0.6259986650261524,0.0292057798050537,0.051,0.001
16934,3074,dens_2242615301342819560,764,Density,<Substance BrCCBr{solv}{x=0.449300}|CCCCOC(=O)CCC{solv}{x=0.550700}>,BrCCBr,CCCCOC(=O)CCC,fb-fit-v3-single-mean-k100,3,1.24904792933669,0.0003509337567367,1.2506100000000002,0.000225
16935,3075,dens_501060706627477242,765,Density,<Substance OC1=NCCC1{solv}{x=0.500000}|O{solv}{x=0.500000}>,O,OC1=NCCC1,fb-fit-v3-single-mean-k100,3,1.0533919906439808,0.0002908584793068,1.0977070000000004,0.0005555
16936,3076,dens_929065521104254808,766,Density,<Substance OC1=NCCC1{solv}{x=0.744800}|O{solv}{x=0.255200}>,O,OC1=NCCC1,fb-fit-v3-single-mean-k100,3,1.0617614712783003,0.0002546084343615,1.1044310000000004,0.000577
16937,3077,dhmix_1128968771311392860,767,EnthalpyOfMixing,<Substance OC1=NCCC1{solv}{x=0.769300}|O{solv}{x=0.230700}>,O,OC1=NCCC1,fb-fit-v3-single-mean-k100,3,0.7123880367567921,0.0323269976108465,-0.678,0.1695
16938,3078,dens_1192491633684345401,768,Density,<Substance OC1=NCCC1{solv}{x=0.246800}|O{solv}{x=0.753200}>,O,OC1=NCCC1,fb-fit-v3-single-mean-k100,3,1.0363906563931913,0.0003830002989411,1.077068,0.0004905
16939,3079,dhmix_1775375132531538271,769,EnthalpyOfMixing,<Substance OC1=NCCC1{solv}{x=0.478300}|O{solv}{x=0.521700}>,O,OC1=NCCC1,fb-fit-v3-single-mean-k100,3,0.6702597699943027,0.0301887314541943,-0.8384,0.20965
16940,3080,dhmix_1895825007089845103,770,EnthalpyOfMixing,<Substance OC1=NCCC1{solv}{x=0.231900}|O{solv}{x=0.768100}>,O,OC1=NCCC1,fb-fit-v3-single-mean-k100,3,0.5810759491956432,0.0234135027118572,-0.5238,0.13095
16941,3081,dens_502738970558558534,771,Density,<Substance BrCCBr{solv}{x=0.749000}|COC=O{solv}{x=0.251000}>,BrCCBr,COC=O,fb-fit-v3-single-mean-k100,3,1.8961464809227384,0.0006322419779631,1.9319600000000008,0.003535
16942,3082,dhmix_523129341332875255,772,EnthalpyOfMixing,<Substance BrCCBr{solv}{x=0.059500}|COC=O{solv}{x=0.940500}>,BrCCBr,COC=O,fb-fit-v3-single-mean-k100,3,0.1912549889165316,0.0352104888322472,0.1715,0.00215
16943,3083,dens_528986974844153101,773,Density,<Substance BrCCBr{solv}{x=0.059800}|COC=O{solv}{x=0.940200}>,BrCCBr,COC=O,fb-fit-v3-single-mean-k100,3,1.0819255728410082,0.0002549027668218,1.06428,0.00056
16944,3084,dhmix_1521152703631810888,774,EnthalpyOfMixing,<Substance BrCCBr{solv}{x=0.757400}|COC=O{solv}{x=0.242600}>,BrCCBr,COC=O,fb-fit-v3-single-mean-k100,3,0.7398355744548066,0.0316662330982015,0.653,0.00585
16945,3085,dhmix_1685647138770344206,775,EnthalpyOfMixing,<Substance BrCCBr{solv}{x=0.528100}|COC=O{solv}{x=0.471900}>,BrCCBr,COC=O,fb-fit-v3-single-mean-k100,3,0.7507174121453684,0.0277407002200148,0.8123,0.00705
16946,3086,dens_1945150067923572864,776,Density,<Substance BrCCBr{solv}{x=0.501500}|COC=O{solv}{x=0.498500}>,BrCCBr,COC=O,fb-fit-v3-single-mean-k100,3,1.6496441843045773,0.0005524292929814,1.6620300000000003,0.00232
16947,3087,dens_511283508189056955,777,Density,<Substance CCO{solv}{x=0.291400}|CN(C)CCO{solv}{x=0.708600}>,CCO,CN(C)CCO,fb-fit-v3-single-mean-k100,3,0.8862925266515143,0.0002226860071791,0.8710100000000002,0.000165
16948,3088,dhmix_1055456388735168345,778,EnthalpyOfMixing,<Substance CCO{solv}{x=0.508400}|CN(C)CCO{solv}{x=0.491600}>,CCO,CN(C)CCO,fb-fit-v3-single-mean-k100,3,-0.6927365948377116,0.0358951867340588,-0.4044,0.0044
16949,3089,dens_1119930253414624267,779,Density,<Substance CCO{solv}{x=0.699500}|CN(C)CCO{solv}{x=0.300500}>,CCO,CN(C)CCO,fb-fit-v3-single-mean-k100,3,0.8437994752916123,0.0002930302463697,0.8345000000000002,0.000135
16950,3090,dhmix_1132835222292135012,780,EnthalpyOfMixing,<Substance CCO{solv}{x=0.268600}|CN(C)CCO{solv}{x=0.731400}>,CCO,CN(C)CCO,fb-fit-v3-single-mean-k100,3,-0.5389325715743354,0.0423933847471963,-0.2783,0.0031
16951,3091,dens_1964926738263319597,781,Density,<Substance CCO{solv}{x=0.494900}|CN(C)CCO{solv}{x=0.505100}>,CCO,CN(C)CCO,fb-fit-v3-single-mean-k100,3,0.8680923232629085,0.0002694087743486,0.8566200000000002,0.00015
16952,3092,dhmix_2011138895468245368,782,EnthalpyOfMixing,<Substance CCO{solv}{x=0.733500}|CN(C)CCO{solv}{x=0.266500}>,CCO,CN(C)CCO,fb-fit-v3-single-mean-k100,3,-0.5847467054482749,0.0368870645160639,-0.3657,0.004
16953,3093,dhmix_517287783481256565,783,EnthalpyOfMixing,<Substance CN(C)C=O{solv}{x=0.701000}|ClCCCCCl{solv}{x=0.299000}>,CN(C)C=O,ClCCCCCl,fb-fit-v3-single-mean-k100,3,0.3588323811634026,0.0355030233764762,-0.052,0.002
16954,3094,dens_765057686797526715,784,Density,<Substance CN(C)C=O{solv}{x=0.794300}|ClCCCCCl{solv}{x=0.205700}>,CN(C)C=O,ClCCCCCl,fb-fit-v3-single-mean-k100,3,0.9808251460523232,0.000254177178327,0.9934000000000002,0.00245
16955,3095,dens_1092490027864410415,785,Density,<Substance CN(C)C=O{solv}{x=0.502200}|ClCCCCCl{solv}{x=0.497800}>,CN(C)C=O,ClCCCCCl,fb-fit-v3-single-mean-k100,3,1.0460614294659762,0.0002770738079526,1.0524000000000004,0.0022
16956,3096,dens_1571926938169630329,786,Density,<Substance CN(C)C=O{solv}{x=0.299400}|ClCCCCCl{solv}{x=0.700600}>,CN(C)C=O,ClCCCCCl,fb-fit-v3-single-mean-k100,3,1.0842242357206822,0.0002979090393934,1.0879000000000003,0.0021
16957,3097,dhmix_1989422051580285053,787,EnthalpyOfMixing,<Substance CN(C)C=O{solv}{x=0.501000}|ClCCCCCl{solv}{x=0.499000}>,CN(C)C=O,ClCCCCCl,fb-fit-v3-single-mean-k100,3,0.5241571011740405,0.0381722946937706,-0.056,0.002
16958,3098,dhmix_2190775305913174779,788,EnthalpyOfMixing,<Substance CN(C)C=O{solv}{x=0.204000}|ClCCCCCl{solv}{x=0.796000}>,CN(C)C=O,ClCCCCCl,fb-fit-v3-single-mean-k100,3,0.3197812792924992,0.0383301649523939,-0.039,0.002
16959,3099,dens_518199256039095036,789,Density,<Substance CCCCO{solv}{x=0.496400}|NCCN{solv}{x=0.503600}>,CCCCO,NCCN,fb-fit-v3-single-mean-k100,3,0.8819344815808591,0.0002657950727423,0.8519430000000002,0.000219
16960,3100,dens_866492593379488722,790,Density,<Substance CCCCO{solv}{x=0.739800}|NCCN{solv}{x=0.260200}>,CCCCO,NCCN,fb-fit-v3-single-mean-k100,3,0.8435649618574348,0.0002001343941498,0.8325090000000002,0.000221
16961,3101,dens_2064365769538781360,791,Density,<Substance CCCCO{solv}{x=0.291900}|NCCN{solv}{x=0.708100}>,CCCCO,NCCN,fb-fit-v3-single-mean-k100,3,0.9203233808639516,0.0002808917339106,0.8676960000000002,0.0002205
16962,3102,dens_520201021244222151,792,Density,<Substance O=C1CCCO1{solv}{x=0.300000}|O{solv}{x=0.700000}>,O,O=C1CCCO1,fb-fit-v3-single-mean-k100,3,1.0604122035517194,0.0003645635289939,1.0886000000000002,0.0001
16963,3103,dens_2198925124601089428,793,Density,<Substance O=C1CCCO1{solv}{x=0.500000}|O{solv}{x=0.500000}>,O,O=C1CCCO1,fb-fit-v3-single-mean-k100,3,1.08237478194733,0.0003445356906606,1.1059000000000003,0.0001
16964,3104,dens_2272207838075726438,794,Density,<Substance O=C1CCCO1{solv}{x=0.800000}|O{solv}{x=0.200000}>,O,O=C1CCCO1,fb-fit-v3-single-mean-k100,3,1.0999376476864542,0.000255335614003,1.1182000000000003,0.0001
16965,3105,dhmix_524376395520217080,795,EnthalpyOfMixing,<Substance CC(C)CC(C)(C)C{solv}{x=0.440700}|CCCC(=O)OC{solv}{x=0.559300}>,CC(C)CC(C)(C)C,CCCC(=O)OC,fb-fit-v3-single-mean-k100,3,1.4634044359095526,0.0478910186972332,1.053,0.0115
16966,3106,dens_581090592491592243,796,Density,<Substance CC(C)CC(C)(C)C{solv}{x=0.298100}|CCCC(=O)OC{solv}{x=0.701900}>,CC(C)CC(C)(C)C,CCCC(=O)OC,fb-fit-v3-single-mean-k100,3,0.8262592369783045,0.000243544941978,0.8119000000000002,0.000505
16967,3107,dens_1497434747823371430,797,Density,<Substance CC(C)CC(C)(C)C{solv}{x=0.724300}|CCCC(=O)OC{solv}{x=0.275700}>,CC(C)CC(C)(C)C,CCCC(=O)OC,fb-fit-v3-single-mean-k100,3,0.7517862313595389,0.0001867285209182,0.7279000000000001,0.000505
16968,3108,dhmix_1614087501371550297,798,EnthalpyOfMixing,<Substance CC(C)CC(C)(C)C{solv}{x=0.762900}|CCCC(=O)OC{solv}{x=0.237100}>,CC(C)CC(C)(C)C,CCCC(=O)OC,fb-fit-v3-single-mean-k100,3,1.1697708568735692,0.052609037908251,0.789,0.0085
16969,3109,dens_1842979547629422953,799,Density,<Substance CC(C)CC(C)(C)C{solv}{x=0.441000}|CCCC(=O)OC{solv}{x=0.559000}>,CC(C)CC(C)(C)C,CCCC(=O)OC,fb-fit-v3-single-mean-k100,3,0.7982790938612675,0.0002283526606431,0.7803000000000001,0.000505
16970,3110,dhmix_2246911102339588209,800,EnthalpyOfMixing,<Substance CC(C)CC(C)(C)C{solv}{x=0.298200}|CCCC(=O)OC{solv}{x=0.701800}>,CC(C)CC(C)(C)C,CCCC(=O)OC,fb-fit-v3-single-mean-k100,3,1.351466805428828,0.0441508912100903,0.884,0.0095
16971,3111,dhmix_536798507677319129,801,EnthalpyOfMixing,<Substance C1COCO1{solv}{x=0.267900}|Cc1ccccc1Cl{solv}{x=0.732100}>,C1COCO1,Cc1ccccc1Cl,fb-fit-v3-single-mean-k100,3,0.2410976388986228,0.0396802769118607,0.272,0.0015
16972,3112,dens_559535483529614058,802,Density,<Substance C1COCO1{solv}{x=0.726600}|Cc1ccccc1Cl{solv}{x=0.273400}>,C1COCO1,Cc1ccccc1Cl,fb-fit-v3-single-mean-k100,3,1.083462955561432,0.0002854819084305,1.0652000000000004,0.0005
16973,3113,dens_731520844601672570,803,Density,<Substance C1COCO1{solv}{x=0.268500}|Cc1ccccc1Cl{solv}{x=0.731500}>,C1COCO1,Cc1ccccc1Cl,fb-fit-v3-single-mean-k100,3,1.081122235714438,0.0002665086281321,1.0630000000000002,0.0005
16974,3114,dens_839907656840905053,804,Density,<Substance C1COCO1{solv}{x=0.516900}|Cc1ccccc1Cl{solv}{x=0.483100}>,C1COCO1,Cc1ccccc1Cl,fb-fit-v3-single-mean-k100,3,1.088340953255191,0.0002760774944418,1.0694000000000004,0.0005
16975,3115,dhmix_1308085019204784636,805,EnthalpyOfMixing,<Substance C1COCO1{solv}{x=0.500900}|Cc1ccccc1Cl{solv}{x=0.499100}>,C1COCO1,Cc1ccccc1Cl,fb-fit-v3-single-mean-k100,3,0.338645832872757,0.0383273762775819,0.393,0.002
16976,3116,dhmix_1924685013370154802,806,EnthalpyOfMixing,<Substance C1COCO1{solv}{x=0.760400}|Cc1ccccc1Cl{solv}{x=0.239600}>,C1COCO1,Cc1ccccc1Cl,fb-fit-v3-single-mean-k100,3,0.3608825399467008,0.0323413848811765,0.313,0.0015
16977,3117,dhmix_549919019055097043,807,EnthalpyOfMixing,<Substance C1CCCCC1{solv}{x=0.799100}|CC(C)O{solv}{x=0.200900}>,C1CCCCC1,CC(C)O,fb-fit-v3-single-mean-k100,3,0.7563422334775254,0.046413979655992,0.702,0.017
16978,3118,dhmix_1101575580592240663,808,EnthalpyOfMixing,<Substance C1CCCCC1{solv}{x=0.199500}|CC(C)O{solv}{x=0.800500}>,C1CCCCC1,CC(C)O,fb-fit-v3-single-mean-k100,3,0.4471364294972249,0.0324579961486677,0.438,0.011
16979,3119,dhmix_1262965345724899699,809,EnthalpyOfMixing,<Substance C1CCCCC1{solv}{x=0.498400}|CC(C)O{solv}{x=0.501600}>,C1CCCCC1,CC(C)O,fb-fit-v3-single-mean-k100,3,0.7432753660157445,0.0385270262418604,0.801,0.0195
16980,3120,dens_1431184569437551541,810,Density,<Substance C1CCCCC1{solv}{x=0.705800}|CC(C)O{solv}{x=0.294200}>,C1CCCCC1,CC(C)O,fb-fit-v3-single-mean-k100,3,0.7751849596036493,0.000249291513218,0.7711100000000002,0.000245
16981,3121,dens_2097249982689376165,811,Density,<Substance C1CCCCC1{solv}{x=0.200000}|CC(C)O{solv}{x=0.800000}>,C1CCCCC1,CC(C)O,fb-fit-v3-single-mean-k100,3,0.7925502728654931,0.0002429950053848,0.7761000000000002,0.0003
16982,3122,dens_2130071224188444793,812,Density,<Substance C1CCCCC1{solv}{x=0.503900}|CC(C)O{solv}{x=0.496100}>,C1CCCCC1,CC(C)O,fb-fit-v3-single-mean-k100,3,0.7802790292861029,0.0002253949335042,0.7719000000000001,0.0003
16983,3123,dens_562489367284385084,813,Density,<Substance CCCCC(=O)OC{solv}{x=0.251100}|COC(C)=O{solv}{x=0.748900}>,CCCCC(=O)OC,COC(C)=O,fb-fit-v3-single-mean-k100,3,0.9164194373776348,0.0002420460192725,0.9105300000000002,0.000505
16984,3124,dhmix_814771684244180933,814,EnthalpyOfMixing,<Substance CCCCC(=O)OC{solv}{x=0.733900}|COC(C)=O{solv}{x=0.266100}>,CCCCC(=O)OC,COC(C)=O,fb-fit-v3-single-mean-k100,3,0.1048778649751019,0.0476390814651931,0.178,0.002
16985,3125,dhmix_915202362324204655,815,EnthalpyOfMixing,<Substance CCCCC(=O)OC{solv}{x=0.505500}|COC(C)=O{solv}{x=0.494500}>,CCCCC(=O)OC,COC(C)=O,fb-fit-v3-single-mean-k100,3,0.146097892911527,0.0406641641261537,0.238,0.0025
16986,3126,dhmix_935892165648195197,816,EnthalpyOfMixing,<Substance CCCCC(=O)OC{solv}{x=0.234700}|COC(C)=O{solv}{x=0.765300}>,CCCCC(=O)OC,COC(C)=O,fb-fit-v3-single-mean-k100,3,0.1139685864374158,0.0375609590090491,0.173,0.002
16987,3127,dens_961692445804333991,817,Density,<Substance CCCCC(=O)OC{solv}{x=0.738300}|COC(C)=O{solv}{x=0.261700}>,CCCCC(=O)OC,COC(C)=O,fb-fit-v3-single-mean-k100,3,0.8976301283897135,0.000218212802841,0.8914700000000002,0.000505
16988,3128,dens_1493380961688632529,818,Density,<Substance CCCCC(=O)OC{solv}{x=0.493500}|COC(C)=O{solv}{x=0.506500}>,CCCCC(=O)OC,COC(C)=O,fb-fit-v3-single-mean-k100,3,0.9057009734375474,0.0002543721150666,0.8996200000000002,0.000505
16989,3129,dhmix_563342363018905515,819,EnthalpyOfMixing,<Substance CCOC(=O)CC(C)=O{solv}{x=0.751400}|O{solv}{x=0.248600}>,CCOC(=O)CC(C)=O,O,fb-fit-v3-single-mean-k100,3,0.8059352658154921,0.0441799747582691,1.128,0.012
16990,3130,dhmix_1385095028103136291,820,EnthalpyOfMixing,<Substance CCOC(=O)CC(C)=O{solv}{x=0.449100}|O{solv}{x=0.550900}>,CCOC(=O)CC(C)=O,O,fb-fit-v3-single-mean-k100,3,0.8389498116544587,0.0308557197650956,0.684,0.0075
16991,3131,dhmix_1609967394780907654,821,EnthalpyOfMixing,<Substance CCOC(=O)CC(C)=O{solv}{x=0.299400}|O{solv}{x=0.700600}>,CCOC(=O)CC(C)=O,O,fb-fit-v3-single-mean-k100,3,0.5709817706055986,0.0278246949746422,0.428,0.005
16992,3132,dhmix_566259260175961973,822,EnthalpyOfMixing,<Substance CCCCO{solv}{x=0.144700}|OC1=NCCC1{solv}{x=0.855300}>,CCCCO,OC1=NCCC1,fb-fit-v3-single-mean-k100,3,0.8719630278173867,0.0393604991108036,0.0949,0.0012
16993,3133,dens_1146983614802652988,823,Density,<Substance CCCCO{solv}{x=0.500400}|OC1=NCCC1{solv}{x=0.499600}>,CCCCO,OC1=NCCC1,fb-fit-v3-single-mean-k100,3,0.932372336261214,0.0002719874691748,0.94503,0.00015
16994,3134,dhmix_1601732489230179724,824,EnthalpyOfMixing,<Substance CCCCO{solv}{x=0.497800}|OC1=NCCC1{solv}{x=0.502200}>,CCCCO,OC1=NCCC1,fb-fit-v3-single-mean-k100,3,1.700155856470296,0.03730662966067,0.2326,0.0026
16995,3135,dhmix_1661138478850718837,825,EnthalpyOfMixing,<Substance CCCCO{solv}{x=0.754800}|OC1=NCCC1{solv}{x=0.245200}>,CCCCO,OC1=NCCC1,fb-fit-v3-single-mean-k100,3,1.1838502426709103,0.045946374792496,0.2356,0.00265
16996,3136,dens_1878955695276199878,826,Density,<Substance CCCCO{solv}{x=0.144600}|OC1=NCCC1{solv}{x=0.855400}>,CCCCO,OC1=NCCC1,fb-fit-v3-single-mean-k100,3,1.0252185827685207,0.0002496604701996,1.0575900000000005,0.000205
16997,3137,dens_2101998760005952263,827,Density,<Substance CCCCO{solv}{x=0.755500}|OC1=NCCC1{solv}{x=0.244500}>,CCCCO,OC1=NCCC1,fb-fit-v3-single-mean-k100,3,0.8689306148296644,0.00024723275089,0.8711500000000002,0.000185
16998,3138,dhmix_569012254773025696,828,EnthalpyOfMixing,<Substance CC(C)(C)O{solv}{x=0.505700}|OC1=NCCC1{solv}{x=0.494300}>,CC(C)(C)O,OC1=NCCC1,fb-fit-v3-single-mean-k100,3,1.9569558495582984,0.0392450118242458,0.4323,0.0047
16999,3139,dens_992979807705536615,829,Density,<Substance CC(C)(C)O{solv}{x=0.751100}|OC1=NCCC1{solv}{x=0.248900}>,CC(C)(C)O,OC1=NCCC1,fb-fit-v3-single-mean-k100,3,0.8778374712055359,0.0002679865473185,0.8505700000000003,0.000215
17000,3140,dens_1020722913861580636,830,Density,<Substance CC(C)(C)O{solv}{x=0.499700}|OC1=NCCC1{solv}{x=0.500300}>,CC(C)(C)O,OC1=NCCC1,fb-fit-v3-single-mean-k100,3,0.9350690983556658,0.0003153259395162,0.9282800000000002,0.00018
17001,3141,dhmix_1408261346335628114,831,EnthalpyOfMixing,<Substance CC(C)(C)O{solv}{x=0.744900}|OC1=NCCC1{solv}{x=0.255100}>,CC(C)(C)O,OC1=NCCC1,fb-fit-v3-single-mean-k100,3,2.176334744179705,0.0423372437274809,0.3774,0.00415
17002,3142,dhmix_1466823939183874689,832,EnthalpyOfMixing,<Substance CC(C)(C)O{solv}{x=0.257800}|OC1=NCCC1{solv}{x=0.742200}>,CC(C)(C)O,OC1=NCCC1,fb-fit-v3-single-mean-k100,3,1.6562095046867,0.0396946952280214,0.2874,0.0032
17003,3143,dens_1768273433543243004,833,Density,<Substance CC(C)(C)O{solv}{x=0.276400}|OC1=NCCC1{solv}{x=0.723600}>,CC(C)(C)O,OC1=NCCC1,fb-fit-v3-single-mean-k100,3,0.99130458354049,0.0002463181185276,1.0036300000000002,0.000155
17004,3144,dens_571827819113574480,834,Density,<Substance CC(C)OC(C)C{solv}{x=0.700400}|Cc1ccccc1{solv}{x=0.299600}>,CC(C)OC(C)C,Cc1ccccc1,fb-fit-v3-single-mean-k100,3,0.7731410885963527,0.0002213578467948,0.7573100000000001,0.000155
17005,3145,dhmix_686402805609192969,835,EnthalpyOfMixing,<Substance CC(C)OC(C)C{solv}{x=0.228000}|Cc1ccccc1{solv}{x=0.772000}>,CC(C)OC(C)C,Cc1ccccc1,fb-fit-v3-single-mean-k100,3,-0.1684492857136632,0.0416608329405469,0.0593,0.00515
17006,3146,dhmix_1045652173440309018,836,EnthalpyOfMixing,<Substance CC(C)OC(C)C{solv}{x=0.752000}|Cc1ccccc1{solv}{x=0.248000}>,CC(C)OC(C)C,Cc1ccccc1,fb-fit-v3-single-mean-k100,3,-0.0442860870827814,0.0446081148547879,-0.0091,0.00505
17007,3147,dhmix_1690461453403165745,837,EnthalpyOfMixing,<Substance CC(C)OC(C)C{solv}{x=0.455000}|Cc1ccccc1{solv}{x=0.545000}>,CC(C)OC(C)C,Cc1ccccc1,fb-fit-v3-single-mean-k100,3,-0.0898124085753337,0.038786981587862,0.0323,0.0051
17008,3148,dens_2086775654110573795,838,Density,<Substance CC(C)OC(C)C{solv}{x=0.200400}|Cc1ccccc1{solv}{x=0.799600}>,CC(C)OC(C)C,Cc1ccccc1,fb-fit-v3-single-mean-k100,3,0.8431356645906971,0.0002112424806252,0.8299700000000002,0.00014
17009,3149,dens_2167043968237201720,839,Density,<Substance CC(C)OC(C)C{solv}{x=0.500300}|Cc1ccccc1{solv}{x=0.499700}>,CC(C)OC(C)C,Cc1ccccc1,fb-fit-v3-single-mean-k100,3,0.8006578069432954,0.0002209558159381,0.7849200000000002,0.000155
17010,3150,dhmix_578047845607378963,840,EnthalpyOfMixing,<Substance CN1CCCC1=O{solv}{x=0.635900}|c1ccncc1{solv}{x=0.364100}>,CN1CCCC1=O,c1ccncc1,fb-fit-v3-single-mean-k100,3,-0.3298043441597627,0.0421660667719066,-0.4013,0.10035
17011,3151,dhmix_625120262301063359,841,EnthalpyOfMixing,<Substance CN1CCCC1=O{solv}{x=0.231200}|c1ccncc1{solv}{x=0.768800}>,CN1CCCC1=O,c1ccncc1,fb-fit-v3-single-mean-k100,3,-0.3160268080783339,0.0403529584689884,-0.3157,0.07895
17012,3152,dens_1059919274311274879,842,Density,<Substance CN1CCCC1=O{solv}{x=0.521500}|c1ccncc1{solv}{x=0.478500}>,CN1CCCC1=O,c1ccncc1,fb-fit-v3-single-mean-k100,3,1.0021899743643057,0.0002339268952609,1.0158200000000004,0.00051
17013,3153,dens_1445187430653020908,843,Density,<Substance CN1CCCC1=O{solv}{x=0.234800}|c1ccncc1{solv}{x=0.765200}>,CN1CCCC1=O,c1ccncc1,fb-fit-v3-single-mean-k100,3,0.9924055315647768,0.0002430207408473,0.9983500000000004,0.00051
17014,3154,dhmix_1933003504821603087,844,EnthalpyOfMixing,<Substance CN1CCCC1=O{solv}{x=0.499500}|c1ccncc1{solv}{x=0.500500}>,CN1CCCC1=O,c1ccncc1,fb-fit-v3-single-mean-k100,3,-0.3250909750307773,0.0404682780689139,-0.4356,0.1089
17015,3155,dens_2199047009222847682,845,Density,<Substance CN1CCCC1=O{solv}{x=0.636400}|c1ccncc1{solv}{x=0.363600}>,CN1CCCC1=O,c1ccncc1,fb-fit-v3-single-mean-k100,3,1.0050744709441504,0.0001968211552058,1.0207400000000002,0.00051
17016,3156,dens_586351122522837789,846,Density,<Substance c1cc[nH]c1{solv}{x=0.820700}|c1ccccc1{solv}{x=0.179300}>,c1cc[nH]c1,c1ccccc1,fb-fit-v3-single-mean-k100,3,0.9604601315280324,0.0002620204899092,0.9503300000000002,0.000195
17017,3157,dhmix_1101447260293284221,847,EnthalpyOfMixing,<Substance c1cc[nH]c1{solv}{x=0.494000}|c1ccccc1{solv}{x=0.506000}>,c1cc[nH]c1,c1ccccc1,fb-fit-v3-single-mean-k100,3,0.6905154056023477,0.0362614970351332,0.609,0.00395
17018,3158,dens_1366042600317618213,848,Density,<Substance c1cc[nH]c1{solv}{x=0.503000}|c1ccccc1{solv}{x=0.497000}>,c1cc[nH]c1,c1ccccc1,fb-fit-v3-single-mean-k100,3,0.928889324864274,0.0002225048798815,0.9220400000000002,0.00019
17019,3159,dens_2042223650153961549,849,Density,<Substance c1cc[nH]c1{solv}{x=0.314200}|c1ccccc1{solv}{x=0.685800}>,c1cc[nH]c1,c1ccccc1,fb-fit-v3-single-mean-k100,3,0.9128191543428182,0.0001700955513742,0.9043500000000002,0.000195
17020,3160,dhmix_2080652523589171296,850,EnthalpyOfMixing,<Substance c1cc[nH]c1{solv}{x=0.820800}|c1ccccc1{solv}{x=0.179200}>,c1cc[nH]c1,c1ccccc1,fb-fit-v3-single-mean-k100,3,0.3126380568983435,0.0394570233430014,0.3441,0.00245
17021,3161,dhmix_2101365800313583195,851,EnthalpyOfMixing,<Substance c1cc[nH]c1{solv}{x=0.314000}|c1ccccc1{solv}{x=0.686000}>,c1cc[nH]c1,c1ccccc1,fb-fit-v3-single-mean-k100,3,0.5441567582315514,0.0356545369240822,0.5893,0.00385
17022,3162,dens_592296207180530796,852,Density,<Substance C1CCNCC1{solv}{x=0.250000}|O{solv}{x=0.750000}>,C1CCNCC1,O,fb-fit-v3-single-mean-k100,3,0.9162459337675146,0.0002964851131556,0.9379600000000002,0.000185
17023,3163,dhmix_598563182385523239,853,EnthalpyOfMixing,<Substance C1CCNCC1{solv}{x=0.750000}|O{solv}{x=0.250000}>,C1CCNCC1,O,fb-fit-v3-single-mean-k100,3,-0.9864691984570584,0.0406928118769824,-1.4628,0.02995
17024,3164,dens_1144696340343060729,854,Density,<Substance C1CCNCC1{solv}{x=0.500000}|O{solv}{x=0.500000}>,C1CCNCC1,O,fb-fit-v3-single-mean-k100,3,0.8939162655094731,0.0002064969448059,0.90329,0.000235
17025,3165,dens_1551117370864361960,855,Density,<Substance C1CCNCC1{solv}{x=0.750000}|O{solv}{x=0.250000}>,C1CCNCC1,O,fb-fit-v3-single-mean-k100,3,0.8809010939221619,0.0002197986619093,0.8771300000000002,0.000285
17026,3166,dhmix_2023343497633678069,856,EnthalpyOfMixing,<Substance C1CCNCC1{solv}{x=0.500000}|O{solv}{x=0.500000}>,C1CCNCC1,O,fb-fit-v3-single-mean-k100,3,-1.346516812244655,0.0275459687715364,-2.1379,0.04355
17027,3167,dhmix_2169709193905404129,857,EnthalpyOfMixing,<Substance C1CCNCC1{solv}{x=0.250000}|O{solv}{x=0.750000}>,C1CCNCC1,O,fb-fit-v3-single-mean-k100,3,-0.9364227642972268,0.0261558052941492,-1.9642,0.04065
17028,3168,dhmix_597694390671293228,858,EnthalpyOfMixing,<Substance C1CCCCC1{solv}{x=0.495000}|c1cc[nH]c1{solv}{x=0.505000}>,C1CCCCC1,c1cc[nH]c1,fb-fit-v3-single-mean-k100,3,1.5207406771952066,0.0413058383315432,1.4275,0.00895
17029,3169,dens_1402964712081643759,859,Density,<Substance C1CCCCC1{solv}{x=0.281700}|c1cc[nH]c1{solv}{x=0.718300}>,C1CCCCC1,c1cc[nH]c1,fb-fit-v3-single-mean-k100,3,0.8965001197383977,0.0002272142427363,0.9082800000000002,0.00023
17030,3170,dens_1463337814181203578,860,Density,<Substance C1CCCCC1{solv}{x=0.925100}|c1cc[nH]c1{solv}{x=0.074900}>,C1CCCCC1,c1cc[nH]c1,fb-fit-v3-single-mean-k100,3,0.7797085445833011,0.0002275228292801,0.7860300000000001,0.00026
17031,3171,dens_1586039458655447443,861,Density,<Substance C1CCCCC1{solv}{x=0.494200}|c1cc[nH]c1{solv}{x=0.505800}>,C1CCCCC1,c1cc[nH]c1,fb-fit-v3-single-mean-k100,3,0.8487633540705394,0.0002679104355731,0.8661300000000002,0.000235
17032,3172,dhmix_1650717903260721901,862,EnthalpyOfMixing,<Substance C1CCCCC1{solv}{x=0.924800}|c1cc[nH]c1{solv}{x=0.075200}>,C1CCCCC1,c1cc[nH]c1,fb-fit-v3-single-mean-k100,3,0.812283364029696,0.0504186976046212,0.7315,0.00535
17033,3173,dhmix_1709124910710738018,863,EnthalpyOfMixing,<Substance C1CCCCC1{solv}{x=0.281800}|c1cc[nH]c1{solv}{x=0.718200}>,C1CCCCC1,c1cc[nH]c1,fb-fit-v3-single-mean-k100,3,1.3895695038351903,0.0413621308140172,1.245,0.00795
17034,3174,dhmix_602003453564252918,864,EnthalpyOfMixing,<Substance COc1ccccc1{solv}{x=0.767000}|OCCc1ccccc1{solv}{x=0.233000}>,COc1ccccc1,OCCc1ccccc1,fb-fit-v3-single-mean-k100,3,1.0183755556141776,0.0463646348324883,1.1154,0.01195
17035,3175,dhmix_831666159864093343,865,EnthalpyOfMixing,<Substance COc1ccccc1{solv}{x=0.267800}|OCCc1ccccc1{solv}{x=0.732200}>,COc1ccccc1,OCCc1ccccc1,fb-fit-v3-single-mean-k100,3,0.8560986145371317,0.0526820053318361,0.688,0.00745
17036,3176,dhmix_1415130215717622630,866,EnthalpyOfMixing,<Substance COc1ccccc1{solv}{x=0.523200}|OCCc1ccccc1{solv}{x=0.476800}>,COc1ccccc1,OCCc1ccccc1,fb-fit-v3-single-mean-k100,3,0.946690531372468,0.0394056843869513,1.0457,0.0112
17037,3177,dens_2018050376435813399,867,Density,<Substance COc1ccccc1{solv}{x=0.767300}|OCCc1ccccc1{solv}{x=0.232700}>,COc1ccccc1,OCCc1ccccc1,fb-fit-v3-single-mean-k100,3,0.9845712126241116,0.0002185313984276,0.9869000000000002,0.00026
17038,3178,dens_2083067547090229321,868,Density,<Substance COc1ccccc1{solv}{x=0.524500}|OCCc1ccccc1{solv}{x=0.475500}>,COc1ccccc1,OCCc1ccccc1,fb-fit-v3-single-mean-k100,3,0.9956772911211778,0.0002139346118602,0.9943600000000002,0.00026
17039,3179,dens_2108796896152795987,869,Density,<Substance COc1ccccc1{solv}{x=0.212100}|OCCc1ccccc1{solv}{x=0.787900}>,COc1ccccc1,OCCc1ccccc1,fb-fit-v3-single-mean-k100,3,1.0096092840717463,0.0002330766326664,1.0032600000000005,0.00026
17040,3180,dhmix_607389561715885318,870,EnthalpyOfMixing,<Substance CC(C)O{solv}{x=0.750600}|CCOC(=O)CC(=O)OCC{solv}{x=0.249400}>,CC(C)O,CCOC(=O)CC(=O)OCC,fb-fit-v3-single-mean-k100,3,2.1364247902087214,0.0433203722591634,1.955,0.021
17041,3181,dhmix_970997719035766241,871,EnthalpyOfMixing,<Substance CC(C)O{solv}{x=0.249200}|CCOC(=O)CC(=O)OCC{solv}{x=0.750800}>,CC(C)O,CCOC(=O)CC(=O)OCC,fb-fit-v3-single-mean-k100,3,1.6151723787265553,0.0511940988553196,1.804,0.0195
17042,3182,dens_1055220895195342210,872,Density,<Substance CC(C)O{solv}{x=0.700000}|CCOC(=O)CC(=O)OCC{solv}{x=0.300000}>,CC(C)O,CCOC(=O)CC(=O)OCC,fb-fit-v3-single-mean-k100,3,0.9245015622701832,0.0001988932080152,0.9013080000000002,0.000163
17043,3183,dens_1059428282849222105,873,Density,<Substance CC(C)O{solv}{x=0.500100}|CCOC(=O)CC(=O)OCC{solv}{x=0.499900}>,CC(C)O,CCOC(=O)CC(=O)OCC,fb-fit-v3-single-mean-k100,3,0.9776053136486316,0.0001908181013722,0.9563730000000004,0.0001215
17044,3184,dhmix_2225069850502215858,874,EnthalpyOfMixing,<Substance CC(C)O{solv}{x=0.499700}|CCOC(=O)CC(=O)OCC{solv}{x=0.500300}>,CC(C)O,CCOC(=O)CC(=O)OCC,fb-fit-v3-single-mean-k100,3,2.4668762238192983,0.0345017908845215,2.369,0.0255
17045,3185,dens_2227064517025896927,875,Density,<Substance CC(C)O{solv}{x=0.200000}|CCOC(=O)CC(=O)OCC{solv}{x=0.800000}>,CC(C)O,CCOC(=O)CC(=O)OCC,fb-fit-v3-single-mean-k100,3,1.0359122354458428,0.0002538404644427,1.0176930000000002,0.000103
17046,3186,dhmix_614525131410782877,876,EnthalpyOfMixing,<Substance CCCCCC(C)=O{solv}{x=0.491300}|CCCCNCCCC{solv}{x=0.508700}>,CCCCCC(C)=O,CCCCNCCCC,fb-fit-v3-single-mean-k100,3,-0.114211803332509,0.0528703240295599,0.278,0.003
17047,3187,dhmix_1051001364116056564,877,EnthalpyOfMixing,<Substance CCCCCC(C)=O{solv}{x=0.781100}|CCCCNCCCC{solv}{x=0.218900}>,CCCCCC(C)=O,CCCCNCCCC,fb-fit-v3-single-mean-k100,3,-0.0863224509096909,0.0509589280528999,0.164,0.002
17048,3188,dens_1087422962538109584,878,Density,<Substance CCCCCC(C)=O{solv}{x=0.449900}|CCCCNCCCC{solv}{x=0.550100}>,CCCCCC(C)=O,CCCCNCCCC,fb-fit-v3-single-mean-k100,3,0.7861447500391782,0.000178826150055,0.7778490000000002,9.250000000000004e-05
17049,3189,dens_1830187222448876426,879,Density,<Substance CCCCCC(C)=O{solv}{x=0.209700}|CCCCNCCCC{solv}{x=0.790300}>,CCCCCC(C)=O,CCCCNCCCC,fb-fit-v3-single-mean-k100,3,0.7749625341999098,0.0001771925015205,0.7655110000000002,8.400000000000002e-05
17050,3190,dens_2113849591242853193,880,Density,<Substance CCCCCC(C)=O{solv}{x=0.750900}|CCCCNCCCC{solv}{x=0.249100}>,CCCCCC(C)=O,CCCCNCCCC,fb-fit-v3-single-mean-k100,3,0.8011834619921298,0.0001874629913809,0.7951660000000003,0.000105
17051,3191,dhmix_2131918011494960609,881,EnthalpyOfMixing,<Substance CCCCCC(C)=O{solv}{x=0.294700}|CCCCNCCCC{solv}{x=0.705300}>,CCCCCC(C)=O,CCCCNCCCC,fb-fit-v3-single-mean-k100,3,-0.1403655319523835,0.054769653950893,0.256,0.003
17052,3192,dhmix_618866445574413387,882,EnthalpyOfMixing,<Substance C1CCOCC1{solv}{x=0.442500}|Cc1ccccc1C{solv}{x=0.557500}>,C1CCOCC1,Cc1ccccc1C,fb-fit-v3-single-mean-k100,3,-0.1679501265130909,0.0459250877394448,-0.0342,0.0006
17053,3193,dens_643927890193937545,883,Density,<Substance C1CCOCC1{solv}{x=0.518700}|Cc1ccccc1C{solv}{x=0.481300}>,C1CCOCC1,Cc1ccccc1C,fb-fit-v3-single-mean-k100,3,0.8764539839073922,0.0002111834341104,0.8779900000000003,0.0005
17054,3194,dhmix_1129414916141538177,884,EnthalpyOfMixing,<Substance C1CCOCC1{solv}{x=0.744300}|Cc1ccccc1C{solv}{x=0.255700}>,C1CCOCC1,Cc1ccccc1C,fb-fit-v3-single-mean-k100,3,-0.0050932814050952,0.0426730850481261,0.0421,0.00065
17055,3195,dens_1429468909820653032,885,Density,<Substance C1CCOCC1{solv}{x=0.231800}|Cc1ccccc1C{solv}{x=0.768200}>,C1CCOCC1,Cc1ccccc1C,fb-fit-v3-single-mean-k100,3,0.8763733557321938,0.0002125023427509,0.8770400000000002,0.0005
17056,3196,dens_1442497603142913792,886,Density,<Substance C1CCOCC1{solv}{x=0.772900}|Cc1ccccc1C{solv}{x=0.227100}>,C1CCOCC1,Cc1ccccc1C,fb-fit-v3-single-mean-k100,3,0.876105283798905,0.000229661494855,0.8787800000000002,0.000505
17057,3197,dhmix_2268256048157488415,887,EnthalpyOfMixing,<Substance C1CCOCC1{solv}{x=0.245400}|Cc1ccccc1C{solv}{x=0.754600}>,C1CCOCC1,Cc1ccccc1C,fb-fit-v3-single-mean-k100,3,-0.0733315215437073,0.0462747072241116,-0.0613,0.00085
17058,3198,dens_626398848152359169,888,Density,<Substance C1COCCN1{solv}{x=0.498000}|O{solv}{x=0.502000}>,C1COCCN1,O,fb-fit-v3-single-mean-k100,3,1.041443195871514,0.000400698980585,1.0255000000000003,0.00255
17059,3199,dhmix_773913810754342365,889,EnthalpyOfMixing,<Substance C1COCCN1{solv}{x=0.714900}|O{solv}{x=0.285100}>,C1COCCN1,O,fb-fit-v3-single-mean-k100,3,-2.210917204450311,0.0426818931709552,-1.753,0.019
17060,3200,dhmix_1012297674499495059,890,EnthalpyOfMixing,<Substance C1COCCN1{solv}{x=0.201000}|O{solv}{x=0.799000}>,C1COCCN1,O,fb-fit-v3-single-mean-k100,3,-1.805302411609171,0.0254331444734446,-2.758,0.0295
17061,3201,dens_1167008264969667349,891,Density,<Substance C1COCCN1{solv}{x=0.793000}|O{solv}{x=0.207000}>,C1COCCN1,O,fb-fit-v3-single-mean-k100,3,1.0418826651529605,0.0002984516711273,1.0057000000000005,0.00245
17062,3202,dhmix_1871930573512426354,892,EnthalpyOfMixing,<Substance C1COCCN1{solv}{x=0.491100}|O{solv}{x=0.508900}>,C1COCCN1,O,fb-fit-v3-single-mean-k100,3,-2.733277801189842,0.0292386748237846,-3.131,0.0335
17063,3203,dens_2014911999593579414,893,Density,<Substance C1COCCN1{solv}{x=0.298000}|O{solv}{x=0.702000}>,C1COCCN1,O,fb-fit-v3-single-mean-k100,3,1.034008976511272,0.0002702561568654,1.0309000000000004,0.00255
17064,3204,dens_627753907231278660,894,Density,<Substance CCC(C)=O{solv}{x=0.753100}|CCCNCCC{solv}{x=0.246900}>,CCC(C)=O,CCCNCCC,fb-fit-v3-single-mean-k100,3,0.7783306309632193,0.000237439303633,0.7771510000000001,0.000109
17065,3205,dens_674236159588910357,895,Density,<Substance CCC(C)=O{solv}{x=0.244600}|CCCNCCC{solv}{x=0.755400}>,CCC(C)=O,CCCNCCC,fb-fit-v3-single-mean-k100,3,0.7524343180099984,0.0002077968718419,0.7446230000000003,0.0001405
17066,3206,dhmix_749228177959685874,896,EnthalpyOfMixing,<Substance CCC(C)=O{solv}{x=0.235300}|CCCNCCC{solv}{x=0.764700}>,CCC(C)=O,CCCNCCC,fb-fit-v3-single-mean-k100,3,0.0622119996159895,0.0490920417860802,0.299,0.0035
17067,3207,dhmix_1706960823617656563,897,EnthalpyOfMixing,<Substance CCC(C)=O{solv}{x=0.698400}|CCCNCCC{solv}{x=0.301600}>,CCC(C)=O,CCCNCCC,fb-fit-v3-single-mean-k100,3,0.0373221438650617,0.0415069420924074,0.334,0.0035
17068,3208,dhmix_2102794241345605516,898,EnthalpyOfMixing,<Substance CCC(C)=O{solv}{x=0.505000}|CCCNCCC{solv}{x=0.495000}>,CCC(C)=O,CCCNCCC,fb-fit-v3-single-mean-k100,3,0.0069619345691194,0.0420780037742346,0.397,0.0045
17069,3209,dens_2224864308887622456,899,Density,<Substance CCC(C)=O{solv}{x=0.500600}|CCCNCCC{solv}{x=0.499400}>,CCC(C)=O,CCCNCCC,fb-fit-v3-single-mean-k100,3,0.7636761982434348,0.0002284141951491,0.7590400000000002,0.000125
17070,3210,dhmix_628329103086906726,900,EnthalpyOfMixing,<Substance CC1CCCCC1{solv}{x=0.250400}|CCCO{solv}{x=0.749600}>,CC1CCCCC1,CCCO,fb-fit-v3-single-mean-k100,3,0.4184794290692082,0.0426033767828133,0.321,0.0055
17071,3211,dhmix_989207392771680315,901,EnthalpyOfMixing,<Substance CC1CCCCC1{solv}{x=0.750500}|CCCO{solv}{x=0.249500}>,CC1CCCCC1,CCCO,fb-fit-v3-single-mean-k100,3,0.4548606989573329,0.0521577260682701,0.574,0.0055
17072,3212,dens_1351260115393741606,902,Density,<Substance CC1CCCCC1{solv}{x=0.503100}|CCCO{solv}{x=0.496900}>,CC1CCCCC1,CCCO,fb-fit-v3-single-mean-k100,3,0.7838426957749388,0.0002220107694332,0.7785600000000001,0.0039
17073,3213,dens_1376195506089851480,903,Density,<Substance CC1CCCCC1{solv}{x=0.202700}|CCCO{solv}{x=0.797300}>,CC1CCCCC1,CCCO,fb-fit-v3-single-mean-k100,3,0.7942504664466252,0.0002560266463524,0.7942000000000002,0.00398
17074,3214,dens_1501229836503112732,904,Density,<Substance CC1CCCCC1{solv}{x=0.799000}|CCCO{solv}{x=0.201000}>,CC1CCCCC1,CCCO,fb-fit-v3-single-mean-k100,3,0.7777712918701574,0.0002485710241683,0.7688300000000002,0.003855
17075,3215,dhmix_2109805019413953371,905,EnthalpyOfMixing,<Substance CC1CCCCC1{solv}{x=0.500400}|CCCO{solv}{x=0.499600}>,CC1CCCCC1,CCCO,fb-fit-v3-single-mean-k100,3,0.5544549910356977,0.0381837395290182,0.533,0.0055
17076,3216,dhmix_634764080264908666,906,EnthalpyOfMixing,<Substance OCCN1CCOCC1{solv}{x=0.498900}|O{solv}{x=0.501100}>,O,OCCN1CCOCC1,fb-fit-v3-single-mean-k100,3,-3.2840202986256486,0.0364749505756145,-2.2633,0.02415
17077,3217,dens_707792343667224312,907,Density,<Substance OCCN1CCOCC1{solv}{x=0.246600}|O{solv}{x=0.753400}>,O,OCCN1CCOCC1,fb-fit-v3-single-mean-k100,3,1.079272020868451,0.0003752428881072,1.0838100000000002,0.00154
17078,3218,dhmix_1064373607860850902,908,EnthalpyOfMixing,<Substance OCCN1CCOCC1{solv}{x=0.694900}|O{solv}{x=0.305100}>,O,OCCN1CCOCC1,fb-fit-v3-single-mean-k100,3,-2.8668410233769066,0.035970532915345,-1.7936,0.01915
17079,3219,dhmix_1846281306963870091,909,EnthalpyOfMixing,<Substance OCCN1CCOCC1{solv}{x=0.300200}|O{solv}{x=0.699800}>,O,OCCN1CCOCC1,fb-fit-v3-single-mean-k100,3,-2.709010091252509,0.0303113931453418,-2.426,0.026
17080,3220,dens_2238932092645470826,910,Density,<Substance OCCN1CCOCC1{solv}{x=0.743900}|O{solv}{x=0.256100}>,O,OCCN1CCOCC1,fb-fit-v3-single-mean-k100,3,1.0980843917244716,0.0002110163375568,1.08031,0.001565
17081,3221,dens_2269173599223764079,911,Density,<Substance OCCN1CCOCC1{solv}{x=0.485200}|O{solv}{x=0.514800}>,O,OCCN1CCOCC1,fb-fit-v3-single-mean-k100,3,1.0928655856153309,0.0003113029885083,1.0866900000000004,0.00159
17082,3222,dhmix_636778454546345333,912,EnthalpyOfMixing,<Substance C1CCCCC1{solv}{x=0.506300}|CNc1ccccc1{solv}{x=0.493700}>,C1CCCCC1,CNc1ccccc1,fb-fit-v3-single-mean-k100,3,2.2006948744449417,0.036880711460662,1.628,0.0175
17083,3223,dens_1209163492396921559,913,Density,<Substance C1CCCCC1{solv}{x=0.247000}|CNc1ccccc1{solv}{x=0.753000}>,C1CCCCC1,CNc1ccccc1,fb-fit-v3-single-mean-k100,3,0.9377717734083736,0.0001807120983265,0.9289450000000002,0.000272
17084,3224,dens_1438140901521078017,914,Density,<Substance C1CCCCC1{solv}{x=0.494500}|CNc1ccccc1{solv}{x=0.505500}>,C1CCCCC1,CNc1ccccc1,fb-fit-v3-single-mean-k100,3,0.8806112391918057,0.0002438883497071,0.8759620000000002,0.0001835
17085,3225,dens_1482697199055102595,915,Density,<Substance C1CCCCC1{solv}{x=0.746400}|CNc1ccccc1{solv}{x=0.253600}>,C1CCCCC1,CNc1ccccc1,fb-fit-v3-single-mean-k100,3,0.8243576222553929,0.0001831561210502,0.8233530000000001,0.000138
17086,3226,dhmix_1832297119731463766,916,EnthalpyOfMixing,<Substance C1CCCCC1{solv}{x=0.204700}|CNc1ccccc1{solv}{x=0.795300}>,C1CCCCC1,CNc1ccccc1,fb-fit-v3-single-mean-k100,3,1.607824845744588,0.055601821696925,0.972,0.0105
17087,3227,dhmix_1889368397403208807,917,EnthalpyOfMixing,<Substance C1CCCCC1{solv}{x=0.706600}|CNc1ccccc1{solv}{x=0.293400}>,C1CCCCC1,CNc1ccccc1,fb-fit-v3-single-mean-k100,3,1.982700921177539,0.0437345076683769,1.521,0.0165
17088,3228,dhmix_637657437173907469,918,EnthalpyOfMixing,<Substance CC(C)=O{solv}{x=0.709700}|CNc1ccccc1{solv}{x=0.290300}>,CC(C)=O,CNc1ccccc1,fb-fit-v3-single-mean-k100,3,-0.5364744093603413,0.0410028441674564,-0.525,0.0055
17089,3229,dhmix_817594693007274900,919,EnthalpyOfMixing,<Substance CC(C)=O{solv}{x=0.231600}|CNc1ccccc1{solv}{x=0.768400}>,CC(C)=O,CNc1ccccc1,fb-fit-v3-single-mean-k100,3,-0.5459396741050497,0.0497522714881807,-0.5,0.0055
17090,3230,dens_830664987854613197,920,Density,<Substance CC(C)=O{solv}{x=0.250300}|CNc1ccccc1{solv}{x=0.749700}>,CC(C)=O,CNc1ccccc1,fb-fit-v3-single-mean-k100,3,0.9636245547600576,0.0002329719702321,0.9502900000000002,0.0003395
17091,3231,dhmix_1052042310023734389,921,EnthalpyOfMixing,<Substance CC(C)=O{solv}{x=0.508600}|CNc1ccccc1{solv}{x=0.491400}>,CC(C)=O,CNc1ccccc1,fb-fit-v3-single-mean-k100,3,-0.7555790815526571,0.0366918852280725,-0.672,0.0075
17092,3232,dens_1302333367899693905,922,Density,<Substance CC(C)=O{solv}{x=0.750600}|CNc1ccccc1{solv}{x=0.249400}>,CC(C)=O,CNc1ccccc1,fb-fit-v3-single-mean-k100,3,0.8644240798616105,0.0002492252435593,0.8565010000000002,0.000231
17093,3233,dens_1582643029733708616,923,Density,<Substance CC(C)=O{solv}{x=0.494800}|CNc1ccccc1{solv}{x=0.505200}>,CC(C)=O,CNc1ccccc1,fb-fit-v3-single-mean-k100,3,0.9215753171527532,0.0002153063977768,0.9107940000000002,0.000263
17094,3234,dens_650566412384126439,924,Density,<Substance CC(C)CC(C)(C)C{solv}{x=0.158800}|CCCCC(=O)OC{solv}{x=0.841200}>,CC(C)CC(C)(C)C,CCCCC(=O)OC,fb-fit-v3-single-mean-k100,3,0.8563622347481367,0.0001785939143706,0.8463800000000002,0.000505
17095,3235,dhmix_986100941633296124,925,EnthalpyOfMixing,<Substance CC(C)CC(C)(C)C{solv}{x=0.481800}|CCCCC(=O)OC{solv}{x=0.518200}>,CC(C)CC(C)(C)C,CCCCC(=O)OC,fb-fit-v3-single-mean-k100,3,1.3093736606810469,0.0386038419817098,0.866,0.0095
17096,3236,dens_1095352626338523806,926,Density,<Substance CC(C)CC(C)(C)C{solv}{x=0.742500}|CCCCC(=O)OC{solv}{x=0.257500}>,CC(C)CC(C)(C)C,CCCCC(=O)OC,fb-fit-v3-single-mean-k100,3,0.7530738623721017,0.000205949053873,0.7289800000000002,0.000505
17097,3237,dens_1260001645299629257,927,Density,<Substance CC(C)CC(C)(C)C{solv}{x=0.498400}|CCCCC(=O)OC{solv}{x=0.501600}>,CC(C)CC(C)(C)C,CCCCC(=O)OC,fb-fit-v3-single-mean-k100,3,0.7923463199404639,0.0002003954608986,0.7738400000000002,0.000505
17098,3238,dhmix_1505455794590867712,928,EnthalpyOfMixing,<Substance CC(C)CC(C)(C)C{solv}{x=0.158900}|CCCCC(=O)OC{solv}{x=0.841100}>,CC(C)CC(C)(C)C,CCCCC(=O)OC,fb-fit-v3-single-mean-k100,3,0.7171373991756909,0.0508364292565401,0.438,0.005
17099,3239,dhmix_1888614200283593194,929,EnthalpyOfMixing,<Substance CC(C)CC(C)(C)C{solv}{x=0.781300}|CCCCC(=O)OC{solv}{x=0.218700}>,CC(C)CC(C)(C)C,CCCCC(=O)OC,fb-fit-v3-single-mean-k100,3,1.088479630396364,0.0544014733773457,0.658,0.007
17100,3240,dhmix_657900975986635712,930,EnthalpyOfMixing,<Substance Cc1ccccc1N{solv}{x=0.782700}|Cc1ccncc1{solv}{x=0.217300}>,Cc1ccccc1N,Cc1ccncc1,fb-fit-v3-single-mean-k100,3,-0.9254325988888256,0.0422719060029001,-0.8885,0.0182
17101,3241,dhmix_727678512066874384,931,EnthalpyOfMixing,<Substance Cc1ccccc1N{solv}{x=0.478300}|Cc1ccncc1{solv}{x=0.521700}>,Cc1ccccc1N,Cc1ccncc1,fb-fit-v3-single-mean-k100,3,-1.4619504138040575,0.0409903169570241,-1.4295,0.0291
17102,3242,dhmix_860941552641107708,932,EnthalpyOfMixing,<Substance Cc1ccccc1N{solv}{x=0.271500}|Cc1ccncc1{solv}{x=0.728500}>,Cc1ccccc1N,Cc1ccncc1,fb-fit-v3-single-mean-k100,3,-1.2933423581969308,0.0339701271304171,-1.1791,0.02405
17103,3243,dens_1148106102021344214,933,Density,<Substance Cc1ccccc1N{solv}{x=0.265500}|Cc1ccncc1{solv}{x=0.734500}>,Cc1ccccc1N,Cc1ccncc1,fb-fit-v3-single-mean-k100,3,0.9750722072706796,0.000202078982732,0.9662520000000002,0.00012
17104,3244,dens_1294189007890656769,934,Density,<Substance Cc1ccccc1N{solv}{x=0.486300}|Cc1ccncc1{solv}{x=0.513700}>,Cc1ccccc1N,Cc1ccncc1,fb-fit-v3-single-mean-k100,3,0.99004456455157,0.0001723346397598,0.9765780000000002,0.000119
17105,3245,dens_1461384477504239974,935,Density,<Substance Cc1ccccc1N{solv}{x=0.767400}|Cc1ccncc1{solv}{x=0.232600}>,Cc1ccccc1N,Cc1ccncc1,fb-fit-v3-single-mean-k100,3,1.0067823207737243,0.0002814537716959,0.9868740000000004,0.000118
17106,3246,dens_671712471159959715,936,Density,<Substance CCCCCCN{solv}{x=0.294400}|CN(C)C=O{solv}{x=0.705600}>,CCCCCCN,CN(C)C=O,fb-fit-v3-single-mean-k100,3,0.8673846979317437,0.0002178275677887,0.8676880000000002,0.001057
17107,3247,dhmix_791979567859859400,937,EnthalpyOfMixing,<Substance CCCCCCN{solv}{x=0.747800}|CN(C)C=O{solv}{x=0.252200}>,CCCCCCN,CN(C)C=O,fb-fit-v3-single-mean-k100,3,0.4085571602303304,0.0387922253229479,0.461,0.015
17108,3248,dens_812907294215791908,938,Density,<Substance CCCCCCN{solv}{x=0.450000}|CN(C)C=O{solv}{x=0.550000}>,CCCCCCN,CN(C)C=O,fb-fit-v3-single-mean-k100,3,0.8424067629647772,0.0002159433832014,0.8367510000000001,0.001016
17109,3249,dhmix_1553880519684715156,939,EnthalpyOfMixing,<Substance CCCCCCN{solv}{x=0.249700}|CN(C)C=O{solv}{x=0.750300}>,CCCCCCN,CN(C)C=O,fb-fit-v3-single-mean-k100,3,0.3516681425413495,0.0372618350689133,0.51,0.0165
17110,3250,dens_1658157305664412923,940,Density,<Substance CCCCCCN{solv}{x=0.745200}|CN(C)C=O{solv}{x=0.254800}>,CCCCCCN,CN(C)C=O,fb-fit-v3-single-mean-k100,3,0.8041287813291962,0.000212276771913,0.7905460000000002,0.0009575
17111,3251,dhmix_2271922176351407084,941,EnthalpyOfMixing,<Substance CCCCCCN{solv}{x=0.499700}|CN(C)C=O{solv}{x=0.500300}>,CCCCCCN,CN(C)C=O,fb-fit-v3-single-mean-k100,3,0.4952646784081764,0.041293998416075,0.661,0.02
17112,3252,dhmix_676105854791415053,942,EnthalpyOfMixing,<Substance C=C(C)[C@H]1CC=C(C)CC1{solv}{x=0.540000}|CCCCCO{solv}{x=0.460000}>,C=C(C)[C@H]1CC=C(C)CC1,CCCCCO,fb-fit-v3-single-mean-k100,3,0.6404639168464428,0.0367843910109761,0.858,0.0345
17113,3253,dhmix_865539540276734208,943,EnthalpyOfMixing,<Substance C=C(C)[C@H]1CC=C(C)CC1{solv}{x=0.766000}|CCCCCO{solv}{x=0.234000}>,C=C(C)[C@H]1CC=C(C)CC1,CCCCCO,fb-fit-v3-single-mean-k100,3,0.7188388817009468,0.0426369723808161,0.782,0.0315
17114,3254,dens_1544700949225348296,944,Density,<Substance C=C(C)[C@H]1CC=C(C)CC1{solv}{x=0.263500}|CCCCCO{solv}{x=0.736500}>,C=C(C)[C@H]1CC=C(C)CC1,CCCCCO,fb-fit-v3-single-mean-k100,3,0.8277556242847501,0.0001661648620999,0.8238000000000002,0.0002
17115,3255,dens_1638649899512334435,945,Density,<Substance C=C(C)[C@H]1CC=C(C)CC1{solv}{x=0.543500}|CCCCCO{solv}{x=0.456500}>,C=C(C)[C@H]1CC=C(C)CC1,CCCCCO,fb-fit-v3-single-mean-k100,3,0.8329804858831653,0.00017804142965,0.8312000000000003,0.0003
17116,3256,dens_2014432371647189246,946,Density,<Substance C=C(C)[C@H]1CC=C(C)CC1{solv}{x=0.725200}|CCCCCO{solv}{x=0.274800}>,C=C(C)[C@H]1CC=C(C)CC1,CCCCCO,fb-fit-v3-single-mean-k100,3,0.8362672299198153,0.0001864161742266,0.8354000000000001,0.00035
17117,3257,dhmix_2293008983270202716,947,EnthalpyOfMixing,<Substance C=C(C)[C@H]1CC=C(C)CC1{solv}{x=0.272000}|CCCCCO{solv}{x=0.728000}>,C=C(C)[C@H]1CC=C(C)CC1,CCCCCO,fb-fit-v3-single-mean-k100,3,0.4070477993770964,0.0558766273504094,0.532,0.0215
17118,3258,dens_680086766431069719,948,Density,<Substance CN1CCNCC1{solv}{x=0.209100}|O{solv}{x=0.790900}>,CN1CCNCC1,O,fb-fit-v3-single-mean-k100,3,1.0034818561513197,0.0003461079645831,1.0013300000000005,4.000000000000001e-05
17119,3259,dhmix_979415629850644100,949,EnthalpyOfMixing,<Substance CN1CCNCC1{solv}{x=0.199800}|O{solv}{x=0.800200}>,CN1CCNCC1,O,fb-fit-v3-single-mean-k100,3,-4.031621494505657,0.022966956363769,-4.495,0.048
17120,3260,dhmix_1386641258873877278,950,EnthalpyOfMixing,<Substance CN1CCNCC1{solv}{x=0.792600}|O{solv}{x=0.207400}>,CN1CCNCC1,O,fb-fit-v3-single-mean-k100,3,-1.6474311404008688,0.0453871514863283,-1.753,0.019
17121,3261,dhmix_1572121970391530461,951,EnthalpyOfMixing,<Substance CN1CCNCC1{solv}{x=0.550000}|O{solv}{x=0.450000}>,CN1CCNCC1,O,fb-fit-v3-single-mean-k100,3,-3.8282182543706256,0.0379752008757732,-3.547,0.038
17122,3262,dens_1756096179620961699,952,Density,<Substance CN1CCNCC1{solv}{x=0.510900}|O{solv}{x=0.489100}>,CN1CCNCC1,O,fb-fit-v3-single-mean-k100,3,0.9831105513720352,0.0004818607565112,0.9464100000000002,7.000000000000002e-05
17123,3263,dens_1892970147583328629,953,Density,<Substance CN1CCNCC1{solv}{x=0.706500}|O{solv}{x=0.293500}>,CN1CCNCC1,O,fb-fit-v3-single-mean-k100,3,0.9698583128540458,0.0005429385799648,0.9223100000000002,8.500000000000002e-05
17124,3264,dhmix_681274412655414068,954,EnthalpyOfMixing,<Substance CCCOC(=O)CC{solv}{x=0.739400}|Cc1ccccc1{solv}{x=0.260600}>,CCCOC(=O)CC,Cc1ccccc1,fb-fit-v3-single-mean-k100,3,-0.242470470213874,0.0478835232989891,-0.1135,0.0033
17125,3265,dhmix_720914323963600437,955,EnthalpyOfMixing,<Substance CCCOC(=O)CC{solv}{x=0.238900}|Cc1ccccc1{solv}{x=0.761100}>,CCCOC(=O)CC,Cc1ccccc1,fb-fit-v3-single-mean-k100,3,-0.3267860425116424,0.0437004042907134,-0.1404,0.0037
17126,3266,dens_1397630560016316656,956,Density,<Substance CCCOC(=O)CC{solv}{x=0.274700}|Cc1ccccc1{solv}{x=0.725300}>,CCCOC(=O)CC,Cc1ccccc1,fb-fit-v3-single-mean-k100,3,0.8764577098538869,0.0001884272962354,0.8675700000000003,0.00018
17127,3267,dhmix_1646061995263935606,957,EnthalpyOfMixing,<Substance CCCOC(=O)CC{solv}{x=0.548600}|Cc1ccccc1{solv}{x=0.451400}>,CCCOC(=O)CC,Cc1ccccc1,fb-fit-v3-single-mean-k100,3,-0.3133653734376622,0.0424815796221784,-0.1583,0.004
17128,3268,dens_1792064777238352129,958,Density,<Substance CCCOC(=O)CC{solv}{x=0.490700}|Cc1ccccc1{solv}{x=0.509300}>,CCCOC(=O)CC,Cc1ccccc1,fb-fit-v3-single-mean-k100,3,0.8771724470178467,0.0002156282016171,0.8707300000000002,0.00019
17129,3269,dens_1826904081955826008,959,Density,<Substance CCCOC(=O)CC{solv}{x=0.734600}|Cc1ccccc1{solv}{x=0.265400}>,CCCOC(=O)CC,Cc1ccccc1,fb-fit-v3-single-mean-k100,3,0.8778518857327604,0.0002167408781936,0.8734100000000001,0.00021
17130,3270,dens_685747331874801159,960,Density,<Substance CN1CCOCC1{solv}{x=0.498300}|O{solv}{x=0.501700}>,CN1CCOCC1,O,fb-fit-v3-single-mean-k100,3,0.987019162637276,0.0002941215364218,0.9627600000000002,0.00084
17131,3271,dens_1087644349445114282,961,Density,<Substance CN1CCOCC1{solv}{x=0.253800}|O{solv}{x=0.746200}>,CN1CCOCC1,O,fb-fit-v3-single-mean-k100,3,0.9952456181684002,0.0003339593854174,0.9918800000000002,0.00059
17132,3272,dens_1374975991061431070,962,Density,<Substance CN1CCOCC1{solv}{x=0.758700}|O{solv}{x=0.241300}>,CN1CCOCC1,O,fb-fit-v3-single-mean-k100,3,0.9731324232881124,0.0002385489225817,0.9345300000000002,0.00112
17133,3273,dhmix_686592400130667234,963,EnthalpyOfMixing,<Substance BrCCCBr{solv}{x=0.231300}|COC(C)=O{solv}{x=0.768700}>,BrCCCBr,COC(C)=O,fb-fit-v3-single-mean-k100,3,0.22261388567658,0.0361358285816889,0.2115,0.0024
17134,3274,dhmix_691866222529030049,964,EnthalpyOfMixing,<Substance BrCCCBr{solv}{x=0.504200}|COC(C)=O{solv}{x=0.495800}>,BrCCCBr,COC(C)=O,fb-fit-v3-single-mean-k100,3,0.2345103158245223,0.0361061808431699,0.3912,0.0038
17135,3275,dens_1032175440351342196,965,Density,<Substance BrCCCBr{solv}{x=0.243500}|COC(C)=O{solv}{x=0.756500}>,BrCCCBr,COC(C)=O,fb-fit-v3-single-mean-k100,3,1.2262635956394403,0.0003441007019008,1.2277600000000002,0.00096
17136,3276,dens_1180265274183315765,966,Density,<Substance BrCCCBr{solv}{x=0.713800}|COC(C)=O{solv}{x=0.286200}>,BrCCCBr,COC(C)=O,fb-fit-v3-single-mean-k100,3,1.6963378208413753,0.0005594069022456,1.7174300000000005,0.002745
17137,3277,dhmix_1380172638999588939,967,EnthalpyOfMixing,<Substance BrCCCBr{solv}{x=0.759400}|COC(C)=O{solv}{x=0.240600}>,BrCCCBr,COC(C)=O,fb-fit-v3-single-mean-k100,3,0.0921719866907002,0.0337673895047741,0.313,0.0032
17138,3278,dens_1697077234757321859,968,Density,<Substance BrCCCBr{solv}{x=0.525600}|COC(C)=O{solv}{x=0.474400}>,BrCCCBr,COC(C)=O,fb-fit-v3-single-mean-k100,3,1.5212712983092809,0.0004918229404794,1.5338800000000006,0.001965
17139,3279,dens_693154680723850561,969,Density,<Substance CN1CCCC1=O{solv}{x=0.756400}|Cc1ccccc1{solv}{x=0.243600}>,CN1CCCC1=O,Cc1ccccc1,fb-fit-v3-single-mean-k100,3,0.9767171057306744,0.0002133401426937,0.9854500000000004,0.00034
17140,3280,dhmix_1759507684169085916,970,EnthalpyOfMixing,<Substance CN1CCCC1=O{solv}{x=0.741800}|Cc1ccccc1{solv}{x=0.258200}>,CN1CCCC1=O,Cc1ccccc1,fb-fit-v3-single-mean-k100,3,-0.1247894585348028,0.0422961000571845,-0.2141,0.0024
17141,3281,dens_1796497685752507694,971,Density,<Substance CN1CCCC1=O{solv}{x=0.481500}|Cc1ccccc1{solv}{x=0.518500}>,CN1CCCC1=O,Cc1ccccc1,fb-fit-v3-single-mean-k100,3,0.9386787961287216,0.0002199732687025,0.9415400000000002,0.00028
17142,3282,dhmix_1857599089574133884,972,EnthalpyOfMixing,<Substance CN1CCCC1=O{solv}{x=0.223100}|Cc1ccccc1{solv}{x=0.776900}>,CN1CCCC1=O,Cc1ccccc1,fb-fit-v3-single-mean-k100,3,-0.0544147542010975,0.0446053859106898,-0.1889,0.00215
17143,3283,dens_1886489466266398819,973,Density,<Substance CN1CCCC1=O{solv}{x=0.221600}|Cc1ccccc1{solv}{x=0.778400}>,CN1CCCC1=O,Cc1ccccc1,fb-fit-v3-single-mean-k100,3,0.910662575354176,0.0001948531388158,0.9061600000000002,0.00076
17144,3284,dhmix_2238554893157725289,974,EnthalpyOfMixing,<Substance CN1CCCC1=O{solv}{x=0.482100}|Cc1ccccc1{solv}{x=0.517900}>,CN1CCCC1=O,Cc1ccccc1,fb-fit-v3-single-mean-k100,3,-0.1322182355048866,0.0421968730894431,-0.2985,0.0033
17145,3285,dens_717951284355382404,975,Density,<Substance CN1CCCC1=O{solv}{x=0.702300}|ClCCCCCCCl{solv}{x=0.297700}>,CN1CCCC1=O,ClCCCCCCCl,fb-fit-v3-single-mean-k100,3,1.0385562750154238,0.0002443871922308,1.0416,0.0003
17146,3286,dhmix_859697969059379656,976,EnthalpyOfMixing,<Substance CN1CCCC1=O{solv}{x=0.503000}|ClCCCCCCCl{solv}{x=0.497000}>,CN1CCCC1=O,ClCCCCCCCl,fb-fit-v3-single-mean-k100,3,0.4917545180096496,0.0462008864812913,-0.2,0.0025
17147,3287,dhmix_916885053388204545,977,EnthalpyOfMixing,<Substance CN1CCCC1=O{solv}{x=0.212000}|ClCCCCCCCl{solv}{x=0.788000}>,CN1CCCC1=O,ClCCCCCCCl,fb-fit-v3-single-mean-k100,3,0.2574100235090952,0.0468666982869735,-0.13,0.002
17148,3288,dens_1483670447992291960,978,Density,<Substance CN1CCCC1=O{solv}{x=0.201600}|ClCCCCCCCl{solv}{x=0.798400}>,CN1CCCC1=O,ClCCCCCCCl,fb-fit-v3-single-mean-k100,3,1.0640908543309535,0.0001743867257942,1.0584000000000005,0.00055
17149,3289,dens_1896555095774116819,979,Density,<Substance CN1CCCC1=O{solv}{x=0.504900}|ClCCCCCCCl{solv}{x=0.495100}>,CN1CCCC1=O,ClCCCCCCCl,fb-fit-v3-single-mean-k100,3,1.0504438002607337,0.0002095614773238,1.0490000000000002,0.00035
17150,3290,dhmix_2039443272323887912,980,EnthalpyOfMixing,<Substance CN1CCCC1=O{solv}{x=0.797000}|ClCCCCCCCl{solv}{x=0.203000}>,CN1CCCC1=O,ClCCCCCCCl,fb-fit-v3-single-mean-k100,3,0.2818898151730131,0.0458278201620194,-0.123,0.002
17151,3291,dhmix_729169544598225866,981,EnthalpyOfMixing,<Substance CN(C)C=O{solv}{x=0.203000}|ClCCCCCCCl{solv}{x=0.797000}>,CN(C)C=O,ClCCCCCCCl,fb-fit-v3-single-mean-k100,3,0.455023974952752,0.0506217052181247,0.195,0.0025
17152,3292,dhmix_1359105787212172230,982,EnthalpyOfMixing,<Substance CN(C)C=O{solv}{x=0.796000}|ClCCCCCCCl{solv}{x=0.204000}>,CN(C)C=O,ClCCCCCCCl,fb-fit-v3-single-mean-k100,3,0.5710147662659821,0.0415870968127593,0.24,0.0025
17153,3293,dhmix_1534380829757525169,983,EnthalpyOfMixing,<Substance CN(C)C=O{solv}{x=0.498000}|ClCCCCCCCl{solv}{x=0.502000}>,CN(C)C=O,ClCCCCCCCl,fb-fit-v3-single-mean-k100,3,0.7996209762793711,0.0411072149047421,0.34,0.0025
17154,3294,dens_1752369236407148840,984,Density,<Substance CN(C)C=O{solv}{x=0.503300}|ClCCCCCCCl{solv}{x=0.496700}>,CN(C)C=O,ClCCCCCCCl,fb-fit-v3-single-mean-k100,3,1.0175462363084538,0.0002572965729171,1.0190000000000003,0.00155
17155,3295,dens_2070195997725277466,985,Density,<Substance CN(C)C=O{solv}{x=0.703400}|ClCCCCCCCl{solv}{x=0.296600}>,CN(C)C=O,ClCCCCCCCl,fb-fit-v3-single-mean-k100,3,0.9876386231840972,0.0002304523132694,0.9943000000000002,0.0017
17156,3296,dens_2171945276872385012,986,Density,<Substance CN(C)C=O{solv}{x=0.201300}|ClCCCCCCCl{solv}{x=0.798700}>,CN(C)C=O,ClCCCCCCCl,fb-fit-v3-single-mean-k100,3,1.0528222882405456,0.0002437104514389,1.0486000000000002,0.0014
17157,3297,dens_741100297092592576,987,Density,<Substance C1CCCCC1{solv}{x=0.265900}|C1CCOCC1{solv}{x=0.734100}>,C1CCCCC1,C1CCOCC1,fb-fit-v3-single-mean-k100,3,0.8433812842156347,0.0002266998148161,0.8470300000000002,0.000505
17158,3298,dens_1002639246322609242,988,Density,<Substance C1CCCCC1{solv}{x=0.762200}|C1CCOCC1{solv}{x=0.237800}>,C1CCCCC1,C1CCOCC1,fb-fit-v3-single-mean-k100,3,0.792113166813559,0.0002192991001294,0.7952000000000002,0.000505
17159,3299,dhmix_1171155554844966705,989,EnthalpyOfMixing,<Substance C1CCCCC1{solv}{x=0.247100}|C1CCOCC1{solv}{x=0.752900}>,C1CCCCC1,C1CCOCC1,fb-fit-v3-single-mean-k100,3,0.3997459449308564,0.0438400961767799,0.3613,0.00395
17160,3300,dens_2142973677177666085,990,Density,<Substance C1CCCCC1{solv}{x=0.501800}|C1CCOCC1{solv}{x=0.498200}>,C1CCCCC1,C1CCOCC1,fb-fit-v3-single-mean-k100,3,0.8173655929157467,0.000151880507792,0.8211500000000002,0.000505
17161,3301,dhmix_2195791820105752985,991,EnthalpyOfMixing,<Substance C1CCCCC1{solv}{x=0.726600}|C1CCOCC1{solv}{x=0.273400}>,C1CCCCC1,C1CCOCC1,fb-fit-v3-single-mean-k100,3,0.4981622024319421,0.0416598678691034,0.4424,0.00485
17162,3302,dhmix_2296999979529762407,992,EnthalpyOfMixing,<Substance C1CCCCC1{solv}{x=0.499000}|C1CCOCC1{solv}{x=0.501000}>,C1CCCCC1,C1CCOCC1,fb-fit-v3-single-mean-k100,3,0.6703840307684743,0.039844779306509,0.526,0.0055
17163,3303,dhmix_744994939606384802,993,EnthalpyOfMixing,<Substance CO{solv}{x=0.300000}|O{solv}{x=0.700000}>,CO,O,fb-fit-v3-single-mean-k100,3,-0.0203332793134833,0.0213887948617289,-0.85,0.005
17164,3304,dens_1085345433585028387,994,Density,<Substance CO{solv}{x=0.499700}|O{solv}{x=0.500300}>,CO,O,fb-fit-v3-single-mean-k100,3,0.8454179987668854,0.000525109898425,0.8816900000000003,0.000165
17165,3305,dhmix_1126710771921470495,995,EnthalpyOfMixing,<Substance CO{solv}{x=0.700000}|O{solv}{x=0.300000}>,CO,O,fb-fit-v3-single-mean-k100,3,-0.1061636249614537,0.026294392953082,-0.583,0.0035
17166,3306,dens_1258832080354057572,996,Density,<Substance CO{solv}{x=0.300300}|O{solv}{x=0.699700}>,CO,O,fb-fit-v3-single-mean-k100,3,0.888962961862278,0.0004996096863791,0.9252100000000004,0.000125
17167,3307,dens_1758371820245200558,997,Density,<Substance CO{solv}{x=0.760500}|O{solv}{x=0.239500}>,CO,O,fb-fit-v3-single-mean-k100,3,0.7997826108809616,0.0004467522663982,0.8289000000000002,0.0001
17168,3308,dhmix_1824296469249495553,998,EnthalpyOfMixing,<Substance CO{solv}{x=0.500000}|O{solv}{x=0.500000}>,CO,O,fb-fit-v3-single-mean-k100,3,-0.001708224844199,0.0218307948588302,-0.777,0.0045
17169,3309,dhmix_753952445434773754,999,EnthalpyOfMixing,<Substance CCCCCCCCCl{solv}{x=0.493000}|CN1CCCC1=O{solv}{x=0.507000}>,CCCCCCCCCl,CN1CCCC1=O,fb-fit-v3-single-mean-k100,3,1.2154971977945903,0.0466769818772723,0.638,0.0035
17170,3310,dhmix_1273186684325800862,1000,EnthalpyOfMixing,<Substance CCCCCCCCCl{solv}{x=0.783000}|CN1CCCC1=O{solv}{x=0.217000}>,CCCCCCCCCl,CN1CCCC1=O,fb-fit-v3-single-mean-k100,3,0.8789052677357176,0.0532636385895822,0.371,0.003
17171,3311,dhmix_1457789704046029008,1001,EnthalpyOfMixing,<Substance CCCCCCCCCl{solv}{x=0.202000}|CN1CCCC1=O{solv}{x=0.798000}>,CCCCCCCCCl,CN1CCCC1=O,fb-fit-v3-single-mean-k100,3,0.8943353560412461,0.0463173232831649,0.5,0.0035
17172,3312,dens_1965529278608066299,1002,Density,<Substance CCCCCCCCCl{solv}{x=0.299500}|CN1CCCC1=O{solv}{x=0.700500}>,CCCCCCCCCl,CN1CCCC1=O,fb-fit-v3-single-mean-k100,3,0.9566532715153964,0.0001707521166373,0.9598000000000002,0.00025
17173,3313,dens_2167805246575708222,1003,Density,<Substance CCCCCCCCCl{solv}{x=0.798600}|CN1CCCC1=O{solv}{x=0.201400}>,CCCCCCCCCl,CN1CCCC1=O,fb-fit-v3-single-mean-k100,3,0.8927090652854388,0.0002028909909013,0.8888000000000001,0.00055
17174,3314,dens_2177162670107081086,1004,Density,<Substance CCCCCCCCCl{solv}{x=0.497900}|CN1CCCC1=O{solv}{x=0.502100}>,CCCCCCCCCl,CN1CCCC1=O,fb-fit-v3-single-mean-k100,3,0.9276729873945856,0.0002057734768892,0.9269000000000002,0.00035
17175,3315,dhmix_756380521637559100,1005,EnthalpyOfMixing,<Substance C1COCCO1{solv}{x=0.500000}|O=C1CCCCC1{solv}{x=0.500000}>,C1COCCO1,O=C1CCCCC1,fb-fit-v3-single-mean-k100,3,0.2263796660549388,0.041602012975154,0.28584,0.00154
17176,3316,dens_1139761443535371798,1006,Density,<Substance C1COCCO1{solv}{x=0.459400}|O=C1CCCCC1{solv}{x=0.540600}>,C1COCCO1,O=C1CCCCC1,fb-fit-v3-single-mean-k100,3,0.9724581595238992,0.0001721510611436,0.9762000000000004,0.00025
17177,3317,dhmix_1367833850972054360,1007,EnthalpyOfMixing,<Substance C1COCCO1{solv}{x=0.750000}|O=C1CCCCC1{solv}{x=0.250000}>,C1COCCO1,O=C1CCCCC1,fb-fit-v3-single-mean-k100,3,0.290459335258646,0.0399758154403275,0.23662,0.001355
17178,3318,dhmix_1533665710565492443,1008,EnthalpyOfMixing,<Substance C1COCCO1{solv}{x=0.250000}|O=C1CCCCC1{solv}{x=0.750000}>,C1COCCO1,O=C1CCCCC1,fb-fit-v3-single-mean-k100,3,0.1926156296255783,0.0426978247878009,0.20076,0.00121
17179,3319,dens_1556646832168598904,1009,Density,<Substance C1COCCO1{solv}{x=0.797800}|O=C1CCCCC1{solv}{x=0.202200}>,C1COCCO1,O=C1CCCCC1,fb-fit-v3-single-mean-k100,3,1.00358202027882,0.000259976669399,1.0062000000000002,0.00025
17180,3320,dens_1806066395455679216,1010,Density,<Substance C1COCCO1{solv}{x=0.272000}|O=C1CCCCC1{solv}{x=0.728000}>,C1COCCO1,O=C1CCCCC1,fb-fit-v3-single-mean-k100,3,0.9577421979258374,0.0001870975444523,0.9614000000000004,0.00025
17181,3321,dhmix_781473821930081125,1011,EnthalpyOfMixing,<Substance CCOc1ccccc1{solv}{x=0.765100}|OCc1ccccc1{solv}{x=0.234900}>,CCOc1ccccc1,OCc1ccccc1,fb-fit-v3-single-mean-k100,3,0.9990002878375748,0.0500474260456178,1.083,0.0116
17182,3322,dhmix_966435122735090568,1012,EnthalpyOfMixing,<Substance CCOc1ccccc1{solv}{x=0.063600}|OCc1ccccc1{solv}{x=0.936400}>,CCOc1ccccc1,OCc1ccccc1,fb-fit-v3-single-mean-k100,3,0.197196121489668,0.0567582529474636,0.1901,0.00225
17183,3323,dens_1184318999137642715,1013,Density,<Substance CCOc1ccccc1{solv}{x=0.064200}|OCc1ccccc1{solv}{x=0.935800}>,CCOc1ccccc1,OCc1ccccc1,fb-fit-v3-single-mean-k100,3,1.0389375393483988,0.000261685546378,1.02761,0.00011
17184,3324,dhmix_1518701992890040137,1014,EnthalpyOfMixing,<Substance CCOc1ccccc1{solv}{x=0.549900}|OCc1ccccc1{solv}{x=0.450100}>,CCOc1ccccc1,OCc1ccccc1,fb-fit-v3-single-mean-k100,3,0.969289499602354,0.0460829950103222,1.0561,0.01135
17185,3325,dens_1575045736805268459,1015,Density,<Substance CCOc1ccccc1{solv}{x=0.459800}|OCc1ccccc1{solv}{x=0.540200}>,CCOc1ccccc1,OCc1ccccc1,fb-fit-v3-single-mean-k100,3,0.9981268311235324,0.0001527183477909,0.9925100000000002,0.00016
17186,3326,dens_2214650701288997434,1016,Density,<Substance CCOc1ccccc1{solv}{x=0.757200}|OCc1ccccc1{solv}{x=0.242800}>,CCOc1ccccc1,OCc1ccccc1,fb-fit-v3-single-mean-k100,3,0.971886853725188,0.0001434234177053,0.9686500000000002,0.000215
17187,3327,dens_800807749587668066,1017,Density,<Substance C1CCOCC1{solv}{x=0.733600}|c1ccncc1{solv}{x=0.266400}>,C1CCOCC1,c1ccncc1,fb-fit-v3-single-mean-k100,3,0.8915186190651817,0.0002616056796264,0.8933350000000002,0.000358
17188,3328,dhmix_836757145941804043,1018,EnthalpyOfMixing,<Substance C1CCOCC1{solv}{x=0.291500}|c1ccncc1{solv}{x=0.708500}>,C1CCOCC1,c1ccncc1,fb-fit-v3-single-mean-k100,3,-0.0058475804596067,0.0406984564342356,0.0898,0.00095
17189,3329,dhmix_1003039131395935786,1019,EnthalpyOfMixing,<Substance C1CCOCC1{solv}{x=0.536300}|c1ccncc1{solv}{x=0.463700}>,C1CCOCC1,c1ccncc1,fb-fit-v3-single-mean-k100,3,0.0558046453708058,0.0364590884114619,0.1573,0.0013
17190,3330,dens_1859030547600172702,1020,Density,<Substance C1CCOCC1{solv}{x=0.241500}|c1ccncc1{solv}{x=0.758500}>,C1CCOCC1,c1ccncc1,fb-fit-v3-single-mean-k100,3,0.9552414184562836,0.0002590013429884,0.9525650000000004,0.000212
17191,3331,dhmix_2191254706131659314,1021,EnthalpyOfMixing,<Substance C1CCOCC1{solv}{x=0.734400}|c1ccncc1{solv}{x=0.265600}>,C1CCOCC1,c1ccncc1,fb-fit-v3-single-mean-k100,3,0.092660481325737,0.0367710579359065,0.1564,0.0013
17192,3332,dens_2239470871208865925,1022,Density,<Substance C1CCOCC1{solv}{x=0.536400}|c1ccncc1{solv}{x=0.463600}>,C1CCOCC1,c1ccncc1,fb-fit-v3-single-mean-k100,3,0.9130129160998484,0.0002511384202617,0.9124250000000002,0.0002965
17193,3333,dens_801655585640229277,1023,Density,<Substance C1CCOCC1{solv}{x=0.777600}|CCCC(C)=O{solv}{x=0.222400}>,C1CCOCC1,CCCC(C)=O,fb-fit-v3-single-mean-k100,3,0.8564533918001384,0.0002291519671543,0.8602600000000002,0.000225
17194,3334,dhmix_1175081460677389458,1024,EnthalpyOfMixing,<Substance C1CCOCC1{solv}{x=0.250000}|CCCC(C)=O{solv}{x=0.750000}>,C1CCOCC1,CCCC(C)=O,fb-fit-v3-single-mean-k100,3,0.0828646222608213,0.041500912010882,0.06014,0.00063
17195,3335,dens_1481139606755572767,1025,Density,<Substance C1CCOCC1{solv}{x=0.236100}|CCCC(C)=O{solv}{x=0.763900}>,C1CCOCC1,CCCC(C)=O,fb-fit-v3-single-mean-k100,3,0.8166384266626165,0.0001823819621261,0.8183900000000002,0.000215
17196,3336,dhmix_1531586108535895092,1026,EnthalpyOfMixing,<Substance C1CCOCC1{solv}{x=0.750000}|CCCC(C)=O{solv}{x=0.250000}>,C1CCOCC1,CCCC(C)=O,fb-fit-v3-single-mean-k100,3,0.1155594153371737,0.0343007096569981,0.08245,0.000715
17197,3337,dhmix_2074691820693967219,1027,EnthalpyOfMixing,<Substance C1CCOCC1{solv}{x=0.500000}|CCCC(C)=O{solv}{x=0.500000}>,C1CCOCC1,CCCC(C)=O,fb-fit-v3-single-mean-k100,3,0.1632263781289396,0.0419493259257732,0.09128,0.000745
17198,3338,dens_2180187104403779312,1028,Density,<Substance C1CCOCC1{solv}{x=0.504600}|CCCC(C)=O{solv}{x=0.495400}>,C1CCOCC1,CCCC(C)=O,fb-fit-v3-single-mean-k100,3,0.8362245867543127,0.0002249472788912,0.8386000000000002,0.00022
17199,3339,dhmix_814516627068967115,1029,EnthalpyOfMixing,<Substance CCCOC=O{solv}{x=0.230800}|ClCCCCl{solv}{x=0.769200}>,CCCOC=O,ClCCCCl,fb-fit-v3-single-mean-k100,3,0.178923172215466,0.0364736507728467,-0.054,0.001
17200,3340,dens_853749747181024442,1030,Density,<Substance CCCOC=O{solv}{x=0.525500}|ClCCCCl{solv}{x=0.474500}>,CCCOC=O,ClCCCCl,fb-fit-v3-single-mean-k100,3,1.0361839297050357,0.0002814619389024,1.0302400000000005,0.00176
17201,3341,dhmix_1623640482466530427,1031,EnthalpyOfMixing,<Substance CCCOC=O{solv}{x=0.750900}|ClCCCCl{solv}{x=0.249100}>,CCCOC=O,ClCCCCl,fb-fit-v3-single-mean-k100,3,0.0559082939755519,0.0404323760888071,-0.088,0.001
17202,3342,dens_1998603470347754754,1032,Density,<Substance CCCOC=O{solv}{x=0.233600}|ClCCCCl{solv}{x=0.766400}>,CCCOC=O,ClCCCCl,fb-fit-v3-single-mean-k100,3,1.1118065949546787,0.0003314306936714,1.1122200000000002,0.00274
17203,3343,dhmix_2003217087101692001,1033,EnthalpyOfMixing,<Substance CCCOC=O{solv}{x=0.514500}|ClCCCCl{solv}{x=0.485500}>,CCCOC=O,ClCCCCl,fb-fit-v3-single-mean-k100,3,0.1347336634492535,0.0367443772578547,-0.114,0.0015
17204,3344,dens_2020761603812222512,1034,Density,<Substance CCCOC=O{solv}{x=0.763600}|ClCCCCl{solv}{x=0.236400}>,CCCOC=O,ClCCCCl,fb-fit-v3-single-mean-k100,3,0.9747888147055755,0.0002940316969987,0.9644500000000004,0.00119
17205,3345,dens_828893303895070246,1035,Density,<Substance C1CCCCC1{solv}{x=0.249800}|CCCCCCCC{solv}{x=0.750200}>,C1CCCCC1,CCCCCCCC,fb-fit-v3-single-mean-k100,3,0.7123194362187957,0.0002058077845894,0.7110900000000002,0.000605
17206,3346,dhmix_1288938247372010686,1036,EnthalpyOfMixing,<Substance C1CCCCC1{solv}{x=0.751300}|CCCCCCCC{solv}{x=0.248700}>,C1CCCCC1,CCCCCCCC,fb-fit-v3-single-mean-k100,3,0.2687747780988729,0.0486549965781146,0.23,0.005
17207,3347,dens_1398337515687242649,1037,Density,<Substance C1CCCCC1{solv}{x=0.477700}|CCCCCCCC{solv}{x=0.522300}>,C1CCCCC1,CCCCCCCC,fb-fit-v3-single-mean-k100,3,0.725405541928932,0.0001988870702877,0.7250300000000002,0.000585
17208,3348,dhmix_1429498464152515756,1038,EnthalpyOfMixing,<Substance C1CCCCC1{solv}{x=0.532400}|CCCCCCCC{solv}{x=0.467600}>,C1CCCCC1,CCCCCCCC,fb-fit-v3-single-mean-k100,3,0.3169486875260077,0.0472804879638604,0.258,0.005
17209,3349,dens_2267960821195706299,1039,Density,<Substance C1CCCCC1{solv}{x=0.796100}|CCCCCCCC{solv}{x=0.203900}>,C1CCCCC1,CCCCCCCC,fb-fit-v3-single-mean-k100,3,0.7495000736202467,0.0001724014383997,0.7509700000000002,0.00055
17210,3350,dhmix_2289023418386220795,1040,EnthalpyOfMixing,<Substance C1CCCCC1{solv}{x=0.274400}|CCCCCCCC{solv}{x=0.725600}>,C1CCCCC1,CCCCCCCC,fb-fit-v3-single-mean-k100,3,0.2960438829891814,0.0496361696336842,0.18,0.005
17211,3351,dens_848374876759596361,1041,Density,<Substance CC(C)OC(C)C{solv}{x=0.284600}|CCCCCl{solv}{x=0.715400}>,CC(C)OC(C)C,CCCCCl,fb-fit-v3-single-mean-k100,3,0.8234287923243065,0.0002808674172677,0.8263210000000002,0.000365
17212,3352,dens_917492506874956672,1042,Density,<Substance CC(C)OC(C)C{solv}{x=0.808200}|CCCCCl{solv}{x=0.191800}>,CC(C)OC(C)C,CCCCCl,fb-fit-v3-single-mean-k100,3,0.7554924368535958,0.0002388963248267,0.7440910000000002,0.000448
17213,3353,dhmix_1107367594793013993,1043,EnthalpyOfMixing,<Substance CC(C)OC(C)C{solv}{x=0.272700}|CCCCCl{solv}{x=0.727300}>,CC(C)OC(C)C,CCCCCl,fb-fit-v3-single-mean-k100,3,-0.0865154288362859,0.045620277241835,-0.0785,0.001
17214,3354,dhmix_1310204607958463222,1044,EnthalpyOfMixing,<Substance CC(C)OC(C)C{solv}{x=0.454700}|CCCCCl{solv}{x=0.545300}>,CC(C)OC(C)C,CCCCCl,fb-fit-v3-single-mean-k100,3,-0.1481872476470584,0.0377922463008134,-0.0954,0.0012
17215,3355,dhmix_1605157292498138629,1045,EnthalpyOfMixing,<Substance CC(C)OC(C)C{solv}{x=0.727400}|CCCCCl{solv}{x=0.272600}>,CC(C)OC(C)C,CCCCCl,fb-fit-v3-single-mean-k100,3,-0.0943630553038303,0.0437630498979953,-0.0732,0.00095
17216,3356,dens_1927916489732771888,1046,Density,<Substance CC(C)OC(C)C{solv}{x=0.484000}|CCCCCl{solv}{x=0.516000}>,CC(C)OC(C)C,CCCCCl,fb-fit-v3-single-mean-k100,3,0.7958356687917173,0.000278869533626,0.7925060000000002,0.0004005
17217,3357,dens_860008765681738590,1047,Density,<Substance CN(CCO)CCO{solv}{x=0.231260}|c1ccncc1{solv}{x=0.768740}>,CN(CCO)CCO,c1ccncc1,fb-fit-v3-single-mean-k100,3,1.001981099783846,0.0001814962142728,0.9906030000000002,0.0001015
17218,3358,dens_1253280811379348869,1048,Density,<Substance CN(CCO)CCO{solv}{x=0.670000}|c1ccncc1{solv}{x=0.330000}>,CN(CCO)CCO,c1ccncc1,fb-fit-v3-single-mean-k100,3,1.0336714999238563,0.0003320348794204,1.0161020000000005,0.000102
17219,3359,dhmix_1381513140604048573,1049,EnthalpyOfMixing,<Substance CN(CCO)CCO{solv}{x=0.473760}|c1ccncc1{solv}{x=0.526240}>,CN(CCO)CCO,c1ccncc1,fb-fit-v3-single-mean-k100,3,0.5521382379970703,0.0395276942460875,-0.093,0.001
17220,3360,dens_1460709448836415360,1050,Density,<Substance CN(CCO)CCO{solv}{x=0.473530}|c1ccncc1{solv}{x=0.526470}>,CN(CCO)CCO,c1ccncc1,fb-fit-v3-single-mean-k100,3,1.0207986039077832,0.0002053794562234,1.0044450000000005,0.0001015
17221,3361,dhmix_2085036308089359597,1051,EnthalpyOfMixing,<Substance CN(CCO)CCO{solv}{x=0.230610}|c1ccncc1{solv}{x=0.769390}>,CN(CCO)CCO,c1ccncc1,fb-fit-v3-single-mean-k100,3,0.6289741783646221,0.0345138074307027,-0.032,0.001
17222,3362,dhmix_2287943921901918379,1052,EnthalpyOfMixing,<Substance CN(CCO)CCO{solv}{x=0.669580}|c1ccncc1{solv}{x=0.330420}>,CN(CCO)CCO,c1ccncc1,fb-fit-v3-single-mean-k100,3,0.5526098547633609,0.053088891835183,-0.12,0.0015
17223,3363,dens_929806754028972955,1053,Density,<Substance CCCC(=O)OC{solv}{x=0.695800}|COC(C)=O{solv}{x=0.304200}>,CCCC(=O)OC,COC(C)=O,fb-fit-v3-single-mean-k100,3,0.9050125100103552,0.0001598884752215,0.8997600000000002,0.000505
17224,3364,dhmix_1093843275803987368,1054,EnthalpyOfMixing,<Substance CCCC(=O)OC{solv}{x=0.482200}|COC(C)=O{solv}{x=0.517800}>,CCCC(=O)OC,COC(C)=O,fb-fit-v3-single-mean-k100,3,0.0361293308072916,0.039628371804438,0.151,0.002
17225,3365,dens_1187818937240241755,1055,Density,<Substance CCCC(=O)OC{solv}{x=0.253600}|COC(C)=O{solv}{x=0.746400}>,CCCC(=O)OC,COC(C)=O,fb-fit-v3-single-mean-k100,3,0.9204066470198504,0.0002303063407857,0.9147400000000002,0.000505
17226,3366,dens_1462283017082249050,1056,Density,<Substance CCCC(=O)OC{solv}{x=0.545600}|COC(C)=O{solv}{x=0.454400}>,CCCC(=O)OC,COC(C)=O,fb-fit-v3-single-mean-k100,3,0.9096896106530342,0.0002252687823192,0.9041900000000004,0.000505
17227,3367,dhmix_1514470349370367756,1057,EnthalpyOfMixing,<Substance CCCC(=O)OC{solv}{x=0.226000}|COC(C)=O{solv}{x=0.774000}>,CCCC(=O)OC,COC(C)=O,fb-fit-v3-single-mean-k100,3,0.0349927899424145,0.0363494540129267,0.102,0.0015
17228,3368,dhmix_1615966506855005599,1058,EnthalpyOfMixing,<Substance CCCC(=O)OC{solv}{x=0.695800}|COC(C)=O{solv}{x=0.304200}>,CCCC(=O)OC,COC(C)=O,fb-fit-v3-single-mean-k100,3,-0.0024951212212336,0.0461471815176819,0.122,0.0015
17229,3369,dens_931039395662625393,1059,Density,<Substance BrCCBr{solv}{x=0.510700}|CCOC=O{solv}{x=0.489300}>,BrCCBr,CCOC=O,fb-fit-v3-single-mean-k100,3,1.567981562260586,0.0003199278939468,1.5742900000000004,0.00125
17230,3370,dhmix_1379448524788285045,1060,EnthalpyOfMixing,<Substance BrCCBr{solv}{x=0.503000}|CCOC=O{solv}{x=0.497000}>,BrCCBr,CCOC=O,fb-fit-v3-single-mean-k100,3,0.6274027643767948,0.0324629782981963,0.404,0.0054
17231,3371,dhmix_1589211680683586133,1061,EnthalpyOfMixing,<Substance BrCCBr{solv}{x=0.247500}|CCOC=O{solv}{x=0.752500}>,BrCCBr,CCOC=O,fb-fit-v3-single-mean-k100,3,0.3422615699624183,0.033633438533037,0.2492,0.0035
17232,3372,dens_1816072583621776909,1062,Density,<Substance BrCCBr{solv}{x=0.282500}|CCOC=O{solv}{x=0.717500}>,BrCCBr,CCOC=O,fb-fit-v3-single-mean-k100,3,1.2951430415217176,0.0003674813781402,1.2851500000000005,0.00131
17233,3373,dens_1857279480363338972,1063,Density,<Substance BrCCBr{solv}{x=0.750600}|CCOC=O{solv}{x=0.249400}>,BrCCBr,CCOC=O,fb-fit-v3-single-mean-k100,3,1.8392039096291195,0.0004572418017649,1.8698300000000003,0.000995
17234,3374,dhmix_2225135654541562913,1064,EnthalpyOfMixing,<Substance BrCCBr{solv}{x=0.734600}|CCOC=O{solv}{x=0.265400}>,BrCCBr,CCOC=O,fb-fit-v3-single-mean-k100,3,0.3023504035757529,0.0282150427189674,0.3604,0.00485
17235,3375,dhmix_933824509566848172,1065,EnthalpyOfMixing,<Substance C1COCO1{solv}{x=0.350000}|CCCC(C)=O{solv}{x=0.650000}>,C1COCO1,CCCC(C)=O,fb-fit-v3-single-mean-k100,3,0.2072221082549603,0.0416701649633022,0.17755,0.001095
17236,3376,dens_1326756646981901590,1066,Density,<Substance C1COCO1{solv}{x=0.717400}|CCCC(C)=O{solv}{x=0.282600}>,C1COCO1,CCCC(C)=O,fb-fit-v3-single-mean-k100,3,0.9706667596171912,0.0002095971432455,0.9625500000000002,0.000245
17237,3377,dhmix_1386053902220878259,1067,EnthalpyOfMixing,<Substance C1COCO1{solv}{x=0.500000}|CCCC(C)=O{solv}{x=0.500000}>,C1COCO1,CCCC(C)=O,fb-fit-v3-single-mean-k100,3,0.2969151914946266,0.0390904564364858,0.21077,0.00122
17238,3378,dens_1490997112604690080,1068,Density,<Substance C1COCO1{solv}{x=0.349900}|CCCC(C)=O{solv}{x=0.650100}>,C1COCO1,CCCC(C)=O,fb-fit-v3-single-mean-k100,3,0.8707776926493827,0.000224039163543,0.8687200000000003,0.00022
17239,3379,dens_1979377813631413053,1069,Density,<Substance C1COCO1{solv}{x=0.516900}|CCCC(C)=O{solv}{x=0.483100}>,C1COCO1,CCCC(C)=O,fb-fit-v3-single-mean-k100,3,0.9116749556773924,0.0002712980609122,0.9078200000000004,0.00023
17240,3380,dhmix_2113009728753201792,1070,EnthalpyOfMixing,<Substance C1COCO1{solv}{x=0.750000}|CCCC(C)=O{solv}{x=0.250000}>,C1COCO1,CCCC(C)=O,fb-fit-v3-single-mean-k100,3,0.1721844117438067,0.0342069722945826,0.17046,0.00107
17241,3381,dhmix_962524540250306235,1071,EnthalpyOfMixing,<Substance Cc1ccccc1N{solv}{x=0.268100}|c1ccncc1{solv}{x=0.731900}>,Cc1ccccc1N,c1ccncc1,fb-fit-v3-single-mean-k100,3,-1.4657422167616971,0.041029333720707,-0.8915,0.0182
17242,3382,dhmix_1000930562998604270,1072,EnthalpyOfMixing,<Substance Cc1ccccc1N{solv}{x=0.773500}|c1ccncc1{solv}{x=0.226500}>,Cc1ccccc1N,c1ccncc1,fb-fit-v3-single-mean-k100,3,-1.0037207711814062,0.0498972451996328,-0.7828,0.016
17243,3383,dens_1203111494553524663,1073,Density,<Substance Cc1ccccc1N{solv}{x=0.483700}|c1ccncc1{solv}{x=0.516300}>,Cc1ccccc1N,c1ccncc1,fb-fit-v3-single-mean-k100,3,1.0082509047395904,0.0002124163806966,0.9912370000000004,0.000117
17244,3384,dens_1316174752280431242,1074,Density,<Substance Cc1ccccc1N{solv}{x=0.237400}|c1ccncc1{solv}{x=0.762600}>,Cc1ccccc1N,c1ccncc1,fb-fit-v3-single-mean-k100,3,0.9976968257967536,0.00024999875909,0.9863750000000002,0.000118
17245,3385,dhmix_1371524052813651708,1075,EnthalpyOfMixing,<Substance Cc1ccccc1N{solv}{x=0.482600}|c1ccncc1{solv}{x=0.517400}>,Cc1ccccc1N,c1ccncc1,fb-fit-v3-single-mean-k100,3,-1.765250542454563,0.0408512214610862,-1.0329,0.02105
17246,3386,dens_2188924364196997512,1076,Density,<Substance Cc1ccccc1N{solv}{x=0.767800}|c1ccncc1{solv}{x=0.232200}>,Cc1ccccc1N,c1ccncc1,fb-fit-v3-single-mean-k100,3,1.0151492925902252,0.0002040692916772,0.9936220000000002,0.000117
17247,3387,dens_964556344607822867,1077,Density,<Substance CCCCCCCCC{solv}{x=0.696300}|COC(C)(C)C{solv}{x=0.303700}>,CCCCCCCCC,COC(C)(C)C,fb-fit-v3-single-mean-k100,3,0.7212181430470286,0.0001929728585387,0.7173600000000002,0.000295
17248,3388,dhmix_1091489740441728210,1078,EnthalpyOfMixing,<Substance CCCCCCCCC{solv}{x=0.260100}|COC(C)(C)C{solv}{x=0.739900}>,CCCCCCCCC,COC(C)(C)C,fb-fit-v3-single-mean-k100,3,0.589949296961116,0.0518566388246556,0.371,0.0075
17249,3389,dens_1264105858192356202,1079,Density,<Substance CCCCCCCCC{solv}{x=0.499200}|COC(C)(C)C{solv}{x=0.500800}>,CCCCCCCCC,COC(C)(C)C,fb-fit-v3-single-mean-k100,3,0.7247661056060487,0.000192265091026,0.7207300000000002,0.00029
17250,3390,dhmix_1760873631242020891,1080,EnthalpyOfMixing,<Substance CCCCCCCCC{solv}{x=0.759600}|COC(C)(C)C{solv}{x=0.240400}>,CCCCCCCCC,COC(C)(C)C,fb-fit-v3-single-mean-k100,3,0.3623473411221027,0.0455375324707498,0.345,0.007
17251,3391,dens_2012579877169955729,1081,Density,<Substance CCCCCCCCC{solv}{x=0.199500}|COC(C)(C)C{solv}{x=0.800500}>,CCCCCCCCC,COC(C)(C)C,fb-fit-v3-single-mean-k100,3,0.7324691580357263,0.000223940675304,0.7281100000000001,0.000285
17252,3392,dhmix_2200368758776542578,1082,EnthalpyOfMixing,<Substance CCCCCCCCC{solv}{x=0.513300}|COC(C)(C)C{solv}{x=0.486700}>,CCCCCCCCC,COC(C)(C)C,fb-fit-v3-single-mean-k100,3,0.6282726018168887,0.0475197350944418,0.486,0.0095
17253,3393,dhmix_972091313059406932,1083,EnthalpyOfMixing,<Substance CCCNCCC{solv}{x=0.248200}|CN(C)C=O{solv}{x=0.751800}>,CCCNCCC,CN(C)C=O,fb-fit-v3-single-mean-k100,3,0.1291452115638804,0.036703126209653,0.613,0.0195
17254,3394,dhmix_1037416167092316519,1084,EnthalpyOfMixing,<Substance CCCNCCC{solv}{x=0.499500}|CN(C)C=O{solv}{x=0.500500}>,CCCNCCC,CN(C)C=O,fb-fit-v3-single-mean-k100,3,0.2471266537936571,0.0416709499423032,0.748,0.0225
17255,3395,dhmix_1525975551610336413,1085,EnthalpyOfMixing,<Substance CCCNCCC{solv}{x=0.749600}|CN(C)C=O{solv}{x=0.250400}>,CCCNCCC,CN(C)C=O,fb-fit-v3-single-mean-k100,3,0.1397794048318132,0.0506893629031543,0.529,0.017
17256,3396,dens_1610465641813938660,1086,Density,<Substance CCCNCCC{solv}{x=0.745900}|CN(C)C=O{solv}{x=0.254100}>,CCCNCCC,CN(C)C=O,fb-fit-v3-single-mean-k100,3,0.7754326144974824,0.0002067496224935,0.7687320000000002,0.0009355
17257,3397,dens_2129043605695010641,1087,Density,<Substance CCCNCCC{solv}{x=0.503400}|CN(C)C=O{solv}{x=0.496600}>,CCCNCCC,CN(C)C=O,fb-fit-v3-single-mean-k100,3,0.8139426392836189,0.0002055892593745,0.8108000000000002,0.0009885
17258,3398,dens_2129124855081233158,1088,Density,<Substance CCCNCCC{solv}{x=0.252300}|CN(C)C=O{solv}{x=0.747700}>,CCCNCCC,CN(C)C=O,fb-fit-v3-single-mean-k100,3,0.8630233683029455,0.0001850851295224,0.8674480000000002,0.0010625
17259,3399,dhmix_1022139531284796266,1089,EnthalpyOfMixing,<Substance CCCO{solv}{x=0.730200}|O=Cc1ccccc1{solv}{x=0.269800}>,CCCO,O=Cc1ccccc1,fb-fit-v3-single-mean-k100,3,1.4103494460850785,0.0392788343565098,1.3784,0.00585
17260,3400,dens_1530410585842005416,1090,Density,<Substance CCCO{solv}{x=0.802500}|O=Cc1ccccc1{solv}{x=0.197500}>,CCCO,O=Cc1ccccc1,fb-fit-v3-single-mean-k100,3,0.8709067741287914,0.0001857767181622,0.8676000000000003,0.0054
17261,3401,dens_1586325098516354010,1091,Density,<Substance CCCO{solv}{x=0.500300}|O=Cc1ccccc1{solv}{x=0.499700}>,CCCO,O=Cc1ccccc1,fb-fit-v3-single-mean-k100,3,0.9519677214642798,0.0002089356914553,0.9470000000000002,0.0035
17262,3402,dhmix_1860362391399300385,1092,EnthalpyOfMixing,<Substance CCCO{solv}{x=0.237400}|O=Cc1ccccc1{solv}{x=0.762600}>,CCCO,O=Cc1ccccc1,fb-fit-v3-single-mean-k100,3,1.148836020132748,0.0343280509500121,1.2579,0.0055
17263,3403,dens_2022804020725863961,1093,Density,<Substance CCCO{solv}{x=0.192900}|O=Cc1ccccc1{solv}{x=0.807100}>,CCCO,O=Cc1ccccc1,fb-fit-v3-single-mean-k100,3,1.0160389705154005,0.0001452672642143,1.0128,0.00265
17264,3404,dhmix_2114980631721668598,1094,EnthalpyOfMixing,<Substance CCCO{solv}{x=0.517800}|O=Cc1ccccc1{solv}{x=0.482200}>,CCCO,O=Cc1ccccc1,fb-fit-v3-single-mean-k100,3,1.579080145832748,0.0380223323272184,1.6361,0.00675
17265,3405,dens_1061385011202038988,1095,Density,<Substance CC(C)O{solv}{x=0.495900}|CCCCOCCO{solv}{x=0.504100}>,CC(C)O,CCCCOCCO,fb-fit-v3-single-mean-k100,3,0.8615731870270394,0.0001958304800525,0.8550000000000002,5.450000000000001e-05
17266,3406,dens_1314274960992474794,1096,Density,<Substance CC(C)O{solv}{x=0.292200}|CCCCOCCO{solv}{x=0.707800}>,CC(C)O,CCCCOCCO,fb-fit-v3-single-mean-k100,3,0.8760023715812758,0.0002118271579172,0.8743700000000002,4.600000000000001e-05
17267,3407,dens_1729117108592325655,1097,Density,<Substance CC(C)O{solv}{x=0.743300}|CCCCOCCO{solv}{x=0.256700}>,CC(C)O,CCCCOCCO,fb-fit-v3-single-mean-k100,3,0.8383619590306564,0.0002384247541227,0.8247900000000001,5.600000000000001e-05
17268,3408,dens_1112128096721834081,1098,Density,<Substance CNCCO{solv}{x=0.800900}|O{solv}{x=0.199100}>,CNCCO,O,fb-fit-v3-single-mean-k100,3,0.9664457548791722,0.0002394450945169,0.9466300000000002,0.00032
17269,3409,dens_1381694863030749046,1099,Density,<Substance CNCCO{solv}{x=0.198700}|O{solv}{x=0.801300}>,CNCCO,O,fb-fit-v3-single-mean-k100,3,0.9853621339777382,0.0004292564813302,0.9960300000000002,0.00016
17270,3410,dhmix_1383192140212198237,1100,EnthalpyOfMixing,<Substance CNCCO{solv}{x=0.798800}|O{solv}{x=0.201200}>,CNCCO,O,fb-fit-v3-single-mean-k100,3,-1.2671773824663148,0.0493615585815741,-1.219,0.025
17271,3411,dens_1615304038745182966,1101,Density,<Substance CNCCO{solv}{x=0.504100}|O{solv}{x=0.495900}>,CNCCO,O,fb-fit-v3-single-mean-k100,3,0.9779775188003492,0.0006179916767348,0.9688100000000002,0.000235
17272,3412,dhmix_1902240048183935170,1102,EnthalpyOfMixing,<Substance CNCCO{solv}{x=0.501700}|O{solv}{x=0.498300}>,CNCCO,O,fb-fit-v3-single-mean-k100,3,-2.4334820562369757,0.0495175030613139,-2.508,0.051
17273,3413,dhmix_2185888808838690563,1103,EnthalpyOfMixing,<Substance CNCCO{solv}{x=0.199200}|O{solv}{x=0.800800}>,CNCCO,O,fb-fit-v3-single-mean-k100,3,-1.3888224889669214,0.023712514601876,-2.243,0.0455
17274,3414,dens_1155626281932782094,1104,Density,<Substance CCC(C)=O{solv}{x=0.292200}|CN1CCCC1=O{solv}{x=0.707800}>,CCC(C)=O,CN1CCCC1=O,fb-fit-v3-single-mean-k100,3,0.9531065458330512,0.0002004527569193,0.9591400000000002,0.00262
17275,3415,dens_1354588388489384902,1105,Density,<Substance CCC(C)=O{solv}{x=0.779300}|CN1CCCC1=O{solv}{x=0.220700}>,CCC(C)=O,CN1CCCC1=O,fb-fit-v3-single-mean-k100,3,0.8450099891148634,0.0001537012736743,0.8467600000000002,0.002595
17276,3416,dhmix_1468142552678388689,1106,EnthalpyOfMixing,<Substance CCC(C)=O{solv}{x=0.484100}|CN1CCCC1=O{solv}{x=0.515900}>,CCC(C)=O,CN1CCCC1=O,fb-fit-v3-single-mean-k100,3,0.1763214137373623,0.0374589243469028,-0.1675,0.00415
17277,3417,dhmix_1545004468946955771,1107,EnthalpyOfMixing,<Substance CCC(C)=O{solv}{x=0.246100}|CN1CCCC1=O{solv}{x=0.753900}>,CCC(C)=O,CN1CCCC1=O,fb-fit-v3-single-mean-k100,3,0.1547354417371647,0.0429239774591851,-0.0999,0.0031
17278,3418,dhmix_1746826813990258300,1108,EnthalpyOfMixing,<Substance CCC(C)=O{solv}{x=0.732400}|CN1CCCC1=O{solv}{x=0.267600}>,CCC(C)=O,CN1CCCC1=O,fb-fit-v3-single-mean-k100,3,0.1684933182903192,0.0393734170348446,-0.0861,0.0029
17279,3419,dens_2035401379156582518,1109,Density,<Substance CCC(C)=O{solv}{x=0.479500}|CN1CCCC1=O{solv}{x=0.520500}>,CCC(C)=O,CN1CCCC1=O,fb-fit-v3-single-mean-k100,3,0.9133185183790594,0.0002289034044538,0.9166100000000004,0.00261
17280,3420,dens_1159403686634788877,1110,Density,<Substance C1CCOCC1{solv}{x=0.253600}|Cc1ccncc1{solv}{x=0.746400}>,C1CCOCC1,Cc1ccncc1,fb-fit-v3-single-mean-k100,3,0.9346121523216436,0.0002408282469527,0.9329390000000002,0.0002125
17281,3421,dhmix_1427533760370073434,1111,EnthalpyOfMixing,<Substance C1CCOCC1{solv}{x=0.241600}|Cc1ccncc1{solv}{x=0.758400}>,C1CCOCC1,Cc1ccncc1,fb-fit-v3-single-mean-k100,3,0.0093044128243686,0.0434033408628806,0.0975,0.001
17282,3422,dens_1586440979425114987,1112,Density,<Substance C1CCOCC1{solv}{x=0.491300}|Cc1ccncc1{solv}{x=0.508700}>,C1CCOCC1,Cc1ccncc1,fb-fit-v3-single-mean-k100,3,0.916546621398888,0.0001523273934646,0.9162950000000002,0.0002825
17283,3423,dhmix_1681679230288000235,1113,EnthalpyOfMixing,<Substance C1CCOCC1{solv}{x=0.483400}|Cc1ccncc1{solv}{x=0.516600}>,C1CCOCC1,Cc1ccncc1,fb-fit-v3-single-mean-k100,3,0.0257299590296664,0.0398433166265482,0.1741,0.00135
17284,3424,dhmix_1854625047398559527,1114,EnthalpyOfMixing,<Substance C1CCOCC1{solv}{x=0.826200}|Cc1ccncc1{solv}{x=0.173800}>,C1CCOCC1,Cc1ccncc1,fb-fit-v3-single-mean-k100,3,-0.0657193665233464,0.0483911139446883,0.0948,0.001
17285,3425,dens_1998279082934343093,1115,Density,<Substance C1CCOCC1{solv}{x=0.826300}|Cc1ccncc1{solv}{x=0.173700}>,C1CCOCC1,Cc1ccncc1,fb-fit-v3-single-mean-k100,3,0.8796814893370567,0.0002634420483508,0.8827950000000002,0.000387
17286,3426,dens_1226224986443053492,1116,Density,<Substance CCOc1ccccc1{solv}{x=0.482600}|OCCc1ccccc1{solv}{x=0.517400}>,CCOc1ccccc1,OCCc1ccccc1,fb-fit-v3-single-mean-k100,3,0.9850287104390834,0.0001705155354292,0.9803700000000002,0.00026
17287,3427,dens_1288457717872177367,1117,Density,<Substance CCOc1ccccc1{solv}{x=0.304100}|OCCc1ccccc1{solv}{x=0.695900}>,CCOc1ccccc1,OCCc1ccccc1,fb-fit-v3-single-mean-k100,3,0.9973775600423304,0.0002064549198659,0.9909900000000004,0.00026
17288,3428,dhmix_1400067757990485972,1118,EnthalpyOfMixing,<Substance CCOc1ccccc1{solv}{x=0.738800}|OCCc1ccccc1{solv}{x=0.261200}>,CCOc1ccccc1,OCCc1ccccc1,fb-fit-v3-single-mean-k100,3,0.9838406090741216,0.0505845118792168,1.1427,0.01225
17289,3429,dens_1419265414647987466,1119,Density,<Substance CCOc1ccccc1{solv}{x=0.792900}|OCCc1ccccc1{solv}{x=0.207100}>,CCOc1ccccc1,OCCc1ccccc1,fb-fit-v3-single-mean-k100,3,0.9649280989248272,0.0001906725898694,0.9624400000000004,0.00026
17290,3430,dhmix_1985234108792038812,1120,EnthalpyOfMixing,<Substance CCOc1ccccc1{solv}{x=0.485200}|OCCc1ccccc1{solv}{x=0.514800}>,CCOc1ccccc1,OCCc1ccccc1,fb-fit-v3-single-mean-k100,3,1.1514549097558415,0.0500717815412172,1.0249,0.011
17291,3431,dhmix_2203675640711482674,1121,EnthalpyOfMixing,<Substance CCOc1ccccc1{solv}{x=0.239100}|OCCc1ccccc1{solv}{x=0.760900}>,CCOc1ccccc1,OCCc1ccccc1,fb-fit-v3-single-mean-k100,3,1.135272083933387,0.0796055111335866,0.6669,0.0072
17292,3432,dens_1247048173376376516,1122,Density,<Substance CCCCC(=O)OC{solv}{x=0.349300}|COC=O{solv}{x=0.650700}>,CCCCC(=O)OC,COC=O,fb-fit-v3-single-mean-k100,3,0.9327031758687278,0.0002661297228116,0.9198400000000002,0.000115
17293,3433,dens_1283923442255956417,1123,Density,<Substance CCCCC(=O)OC{solv}{x=0.500000}|COC=O{solv}{x=0.500000}>,CCCCC(=O)OC,COC=O,fb-fit-v3-single-mean-k100,3,0.9187958837038394,0.0002647006267064,0.90817,0.00012
17294,3434,dhmix_1491739683552461043,1124,EnthalpyOfMixing,<Substance CCCCC(=O)OC{solv}{x=0.348600}|COC=O{solv}{x=0.651400}>,CCCCC(=O)OC,COC=O,fb-fit-v3-single-mean-k100,3,0.294072196125124,0.0345879381577858,0.422,0.0045
17295,3435,dhmix_1747049492522889097,1125,EnthalpyOfMixing,<Substance CCCCC(=O)OC{solv}{x=0.523200}|COC=O{solv}{x=0.476800}>,CCCCC(=O)OC,COC=O,fb-fit-v3-single-mean-k100,3,0.3405923467283571,0.0420757824667755,0.409,0.0045
17296,3436,dhmix_1990853348078771210,1126,EnthalpyOfMixing,<Substance CCCCC(=O)OC{solv}{x=0.796800}|COC=O{solv}{x=0.203200}>,CCCCC(=O)OC,COC=O,fb-fit-v3-single-mean-k100,3,0.2012460385215959,0.0511679187753744,0.219,0.0025
17297,3437,dens_2269601061883384185,1127,Density,<Substance CCCCC(=O)OC{solv}{x=0.725800}|COC=O{solv}{x=0.274200}>,CCCCC(=O)OC,COC=O,fb-fit-v3-single-mean-k100,3,0.9034563031967408,0.0002084154489119,0.8955000000000002,0.000135
17298,3438,dens_1266839724964377205,1128,Density,<Substance Cn1ccnc1{solv}{x=0.779500}|O{solv}{x=0.220500}>,Cn1ccnc1,O,fb-fit-v3-single-mean-k100,3,1.0134595326712457,0.0002338438979364,1.0360000000000005,0.00015
17299,3439,dens_1634862053132906887,1129,Density,<Substance Cn1ccnc1{solv}{x=0.498200}|O{solv}{x=0.501800}>,Cn1ccnc1,O,fb-fit-v3-single-mean-k100,3,1.0125404577898378,0.0003107541601268,1.0416,0.00015
17300,3440,dens_1681126092995837883,1130,Density,<Substance Cn1ccnc1{solv}{x=0.216700}|O{solv}{x=0.783300}>,Cn1ccnc1,O,fb-fit-v3-single-mean-k100,3,1.000377257413818,0.0004183989973839,1.0301000000000002,0.0001
17301,3441,dhmix_1311251505653939236,1131,EnthalpyOfMixing,<Substance CC(=O)CC(C)=O{solv}{x=0.598500}|O{solv}{x=0.401500}>,CC(=O)CC(C)=O,O,fb-fit-v3-single-mean-k100,3,0.2378630398445125,0.0352620707864212,0.4905,0.00555
17302,3442,dhmix_1367092272310773702,1132,EnthalpyOfMixing,<Substance CC(=O)CC(C)=O{solv}{x=0.749200}|O{solv}{x=0.250800}>,CC(=O)CC(C)=O,O,fb-fit-v3-single-mean-k100,3,0.3557232219435207,0.0385330362014335,0.6211,0.00695
17303,3443,dhmix_2033109088651196860,1133,EnthalpyOfMixing,<Substance CC(=O)CC(C)=O{solv}{x=0.200400}|O{solv}{x=0.799600}>,CC(=O)CC(C)=O,O,fb-fit-v3-single-mean-k100,3,-0.0022420138014354,0.0260020487316351,0.1562,0.0021
17304,3444,dens_1319073694995976411,1134,Density,<Substance CC(C)CO{solv}{x=0.762200}|OC1=NCCC1{solv}{x=0.237800}>,CC(C)CO,OC1=NCCC1,fb-fit-v3-single-mean-k100,3,0.8709413151241433,0.0001853165584885,0.8623100000000001,0.000205
17305,3445,dhmix_1817161401911066523,1135,EnthalpyOfMixing,<Substance CC(C)CO{solv}{x=0.754900}|OC1=NCCC1{solv}{x=0.245100}>,CC(C)CO,OC1=NCCC1,fb-fit-v3-single-mean-k100,3,1.5300577542545326,0.0446792785726424,0.2989,0.0033
17306,3446,dens_1852757585830259815,1136,Density,<Substance CC(C)CO{solv}{x=0.287400}|OC1=NCCC1{solv}{x=0.712600}>,CC(C)CO,OC1=NCCC1,fb-fit-v3-single-mean-k100,3,0.987625851877776,0.0002506136756009,1.0078300000000002,0.000155
17307,3447,dhmix_2057245570503088562,1137,EnthalpyOfMixing,<Substance CC(C)CO{solv}{x=0.259800}|OC1=NCCC1{solv}{x=0.740200}>,CC(C)CO,OC1=NCCC1,fb-fit-v3-single-mean-k100,3,1.2374944902885543,0.0336911900411546,0.1798,0.00205
17308,3448,dens_2175875616459255266,1138,Density,<Substance CC(C)CO{solv}{x=0.489400}|OC1=NCCC1{solv}{x=0.510600}>,CC(C)CO,OC1=NCCC1,fb-fit-v3-single-mean-k100,3,0.9360479381474652,0.0002340946101108,0.9431100000000002,0.00017
17309,3449,dhmix_2273039716774959551,1139,EnthalpyOfMixing,<Substance CC(C)CO{solv}{x=0.497800}|OC1=NCCC1{solv}{x=0.502200}>,CC(C)CO,OC1=NCCC1,fb-fit-v3-single-mean-k100,3,1.6455527836733737,0.036703005159387,0.2775,0.0031
17310,3450,dens_1400897934227212514,1140,Density,<Substance CC(C)CC(C)(C)C{solv}{x=0.541100}|COC(C)=O{solv}{x=0.458900}>,CC(C)CC(C)(C)C,COC(C)=O,fb-fit-v3-single-mean-k100,3,0.7748098715988032,0.0001969703144701,0.7495700000000002,0.000505
17311,3451,dhmix_1534218615961922445,1141,EnthalpyOfMixing,<Substance CC(C)CC(C)(C)C{solv}{x=0.256000}|COC(C)=O{solv}{x=0.744000}>,CC(C)CC(C)(C)C,COC(C)=O,fb-fit-v3-single-mean-k100,3,1.5965665570134,0.040650363158742,1.385,0.015
17312,3452,dhmix_1663557420681143866,1142,EnthalpyOfMixing,<Substance CC(C)CC(C)(C)C{solv}{x=0.540600}|COC(C)=O{solv}{x=0.459400}>,CC(C)CC(C)(C)C,COC(C)=O,fb-fit-v3-single-mean-k100,3,2.0218513685896866,0.0407915194351645,1.759,0.019
17313,3453,dens_1833608859418637606,1143,Density,<Substance CC(C)CC(C)(C)C{solv}{x=0.736400}|COC(C)=O{solv}{x=0.263600}>,CC(C)CC(C)(C)C,COC(C)=O,fb-fit-v3-single-mean-k100,3,0.7450847414772367,0.0002179427203195,0.7171000000000002,0.00015
17314,3454,dhmix_1913788848230724771,1144,EnthalpyOfMixing,<Substance CC(C)CC(C)(C)C{solv}{x=0.783300}|COC(C)=O{solv}{x=0.216700}>,CC(C)CC(C)(C)C,COC(C)=O,fb-fit-v3-single-mean-k100,3,1.4661648409285988,0.0367137158992023,1.149,0.0125
17315,3455,dens_2018568384717712900,1145,Density,<Substance CC(C)CC(C)(C)C{solv}{x=0.238900}|COC(C)=O{solv}{x=0.761100}>,CC(C)CC(C)(C)C,COC(C)=O,fb-fit-v3-single-mean-k100,3,0.8428247047527829,0.0002373779172982,0.8248000000000002,0.0001
17316,3456,dens_1465225466328543955,1146,Density,<Substance Cc1cccnc1{solv}{x=0.225000}|O{solv}{x=0.775000}>,Cc1cccnc1,O,fb-fit-v3-single-mean-k100,3,0.966576374854415,0.0003431576598533,0.9921000000000002,0.0003
17317,3457,dens_1644445312716340330,1147,Density,<Substance Cc1cccnc1{solv}{x=0.500000}|O{solv}{x=0.500000}>,Cc1cccnc1,O,fb-fit-v3-single-mean-k100,3,0.9608853197281154,0.0002880852386917,0.9797000000000002,0.0003
17318,3458,dens_2262998332454406432,1148,Density,<Substance Cc1cccnc1{solv}{x=0.700000}|O{solv}{x=0.300000}>,Cc1cccnc1,O,fb-fit-v3-single-mean-k100,3,0.9582627306783812,0.0002447073835037,0.9690000000000002,0.0003
17319,3459,dens_1601780542508306264,1149,Density,<Substance CC(=O)N(C)C{solv}{x=0.771800}|CCOC(C)=O{solv}{x=0.228200}>,CC(=O)N(C)C,CCOC(C)=O,fb-fit-v3-single-mean-k100,3,0.909305972094121,0.0002046562316884,0.9286200000000002,0.000185
17320,3460,dens_2126546638582188774,1150,Density,<Substance CC(=O)N(C)C{solv}{x=0.464600}|CCOC(C)=O{solv}{x=0.535400}>,CC(=O)N(C)C,CCOC(C)=O,fb-fit-v3-single-mean-k100,3,0.9092719289287388,0.0002437781080878,0.9166300000000002,0.00022
17321,3461,dens_2159432384130350508,1151,Density,<Substance CC(=O)N(C)C{solv}{x=0.233100}|CCOC(C)=O{solv}{x=0.766900}>,CC(=O)N(C)C,CCOC(C)=O,fb-fit-v3-single-mean-k100,3,0.9082479763590048,0.0002577738789876,0.9064300000000002,0.000245
17322,3462,dens_1713891284028890335,1152,Density,<Substance CC(=O)O{solv}{x=0.798900}|CCOC(C)=O{solv}{x=0.201100}>,CC(=O)O,CCOC(C)=O,fb-fit-v3-single-mean-k100,3,1.029097975299338,0.0003144568719794,0.9996600000000002,0.000225
17323,3463,dens_1856345418041920174,1153,Density,<Substance CC(=O)O{solv}{x=0.500700}|CCOC(C)=O{solv}{x=0.499300}>,CC(=O)O,CCOC(C)=O,fb-fit-v3-single-mean-k100,3,0.9716115526158025,0.0002829117747948,0.9514000000000002,0.00018
17324,3464,dens_2035334988982485653,1154,Density,<Substance CC(=O)O{solv}{x=0.294400}|CCOC(C)=O{solv}{x=0.705600}>,CC(=O)O,CCOC(C)=O,fb-fit-v3-single-mean-k100,3,0.9411276979496466,0.0002513118902963,0.9255000000000002,0.00016
17325,0,dhmix_592425981731704,0,EnthalpyOfMixing,<Substance C1CCCCC1{solv}{x=0.100300}|Cc1ccccc1{solv}{x=0.899700}>,C1CCCCC1,Cc1ccccc1,openff-2.0.0,1,0.2098260449039628,0.0469455216490401,0.2015,0.0015
17326,1,dens_191923210986624643,1,Density,<Substance C1CCCCC1{solv}{x=0.697700}|Cc1ccccc1{solv}{x=0.302300}>,C1CCCCC1,Cc1ccccc1,openff-2.0.0,1,0.766975746200363,0.0002605846904404,0.7818000000000002,0.00041
17327,2,dens_699555827256664507,2,Density,<Substance C1CCCCC1{solv}{x=0.100000}|Cc1ccccc1{solv}{x=0.900000}>,C1CCCCC1,Cc1ccccc1,openff-2.0.0,1,0.826021442734414,0.0002622479920425,0.8378000000000001,0.00025
17328,3,dhmix_997331474504366167,3,EnthalpyOfMixing,<Substance C1CCCCC1{solv}{x=0.697900}|Cc1ccccc1{solv}{x=0.302100}>,C1CCCCC1,Cc1ccccc1,openff-2.0.0,1,0.6524237007702709,0.0374593953898179,0.5221,0.0034
17329,4,dhmix_1586684551148150215,4,EnthalpyOfMixing,<Substance C1CCCCC1{solv}{x=0.397600}|Cc1ccccc1{solv}{x=0.602400}>,C1CCCCC1,Cc1ccccc1,openff-2.0.0,1,0.8447403735725061,0.0415797635763697,0.5887,0.0038
17330,5,dens_1809100412119556796,5,Density,<Substance C1CCCCC1{solv}{x=0.397500}|Cc1ccccc1{solv}{x=0.602500}>,C1CCCCC1,Cc1ccccc1,openff-2.0.0,1,0.8105158531684147,0.0002399637105495,0.8228000000000002,0.0002
17331,6,dhmix_1261378482688431,6,EnthalpyOfMixing,<Substance CCC(C)=O{solv}{x=0.510600}|Nc1ccccc1{solv}{x=0.489400}>,CCC(C)=O,Nc1ccccc1,openff-2.0.0,1,-0.2398271199366597,0.0340099484140835,-1.173,0.0125
17332,7,dhmix_157258283975731553,7,EnthalpyOfMixing,<Substance CCC(C)=O{solv}{x=0.901800}|Nc1ccccc1{solv}{x=0.098200}>,CCC(C)=O,Nc1ccccc1,openff-2.0.0,1,-0.2996915399485971,0.0350189977573282,-0.469,0.005
17333,8,dens_610648476268376520,8,Density,<Substance CCC(C)=O{solv}{x=0.502600}|Nc1ccccc1{solv}{x=0.497400}>,CCC(C)=O,Nc1ccccc1,openff-2.0.0,1,0.926722041773632,0.0002211648457295,0.9213850000000002,5.650000000000002e-05
17334,9,dens_1388487494953421117,9,Density,<Substance CCC(C)=O{solv}{x=0.901900}|Nc1ccccc1{solv}{x=0.098100}>,CCC(C)=O,Nc1ccccc1,openff-2.0.0,1,0.8070807301305201,0.0002599331968441,0.8265540000000001,7.200000000000002e-05
17335,10,dhmix_1389656513678923263,10,EnthalpyOfMixing,<Substance CCC(C)=O{solv}{x=0.209900}|Nc1ccccc1{solv}{x=0.790100}>,CCC(C)=O,Nc1ccccc1,openff-2.0.0,1,-0.203021856323001,0.0672845761618232,-0.648,0.007
17336,11,dens_2115628806769415578,11,Density,<Substance CCC(C)=O{solv}{x=0.256300}|Nc1ccccc1{solv}{x=0.743700}>,CCC(C)=O,Nc1ccccc1,openff-2.0.0,1,0.9992087827925475,0.0001907853824817,0.9712300000000004,4.900000000000001e-05
17337,12,dens_1379242187515209,12,Density,<Substance CC#N{solv}{x=0.795200}|CCCCOCCCC{solv}{x=0.204800}>,CC#N,CCCCOCCCC,openff-2.0.0,1,0.7700885385828588,0.0002486545797104,0.7708800000000002,0.000245
17338,13,dhmix_575991096898484441,13,EnthalpyOfMixing,<Substance CC#N{solv}{x=0.488600}|CCCCOCCCC{solv}{x=0.511400}>,CC#N,CCCCOCCCC,openff-2.0.0,1,0.6875847382922586,0.0420327341259854,1.26543,0.00796
17339,14,dhmix_1182924089945476872,14,EnthalpyOfMixing,<Substance CC#N{solv}{x=0.241600}|CCCCOCCCC{solv}{x=0.758400}>,CC#N,CCCCOCCCC,openff-2.0.0,1,0.4618504723854642,0.0501882322492796,0.94593,0.00601
17340,15,dhmix_1244492966201685063,15,EnthalpyOfMixing,<Substance CC#N{solv}{x=0.795200}|CCCCOCCCC{solv}{x=0.204800}>,CC#N,CCCCOCCCC,openff-2.0.0,1,0.4915539282256986,0.0320110319995451,0.94289,0.005995
17341,16,dens_2044032309137951705,16,Density,<Substance CC#N{solv}{x=0.245500}|CCCCOCCCC{solv}{x=0.754500}>,CC#N,CCCCOCCCC,openff-2.0.0,1,0.7632495435662321,0.00014121804456,0.7653000000000001,0.00028
17342,17,dens_2211436825174998797,17,Density,<Substance CC#N{solv}{x=0.509800}|CCCCOCCCC{solv}{x=0.490200}>,CC#N,CCCCOCCCC,openff-2.0.0,1,0.766572739768133,0.0002373879105687,0.7671500000000001,0.00026
17343,18,dens_1820034175228694,18,Density,<Substance C1CCCCC1{solv}{x=0.540900}|CN1CCCC1=O{solv}{x=0.459100}>,C1CCCCC1,CN1CCCC1=O,openff-2.0.0,1,0.8593373302385048,0.0001895279797995,0.8757100000000002,0.000335
17344,19,dhmix_1335365307191460458,19,EnthalpyOfMixing,<Substance C1CCCCC1{solv}{x=0.751800}|CN1CCCC1=O{solv}{x=0.248200}>,C1CCCCC1,CN1CCCC1=O,openff-2.0.0,1,1.568295089285101,0.0462649157095448,1.1998,0.01285
17345,20,dens_1375048033230012198,20,Density,<Substance C1CCCCC1{solv}{x=0.733200}|CN1CCCC1=O{solv}{x=0.266800}>,C1CCCCC1,CN1CCCC1=O,openff-2.0.0,1,0.8135840622808623,0.0002046720181801,0.8287300000000002,0.0004
17346,21,dhmix_1563298635135474599,21,EnthalpyOfMixing,<Substance C1CCCCC1{solv}{x=0.278900}|CN1CCCC1=O{solv}{x=0.721100}>,C1CCCCC1,CN1CCCC1=O,openff-2.0.0,1,1.5638195603599172,0.044939723456613,1.2061,0.0129
17347,22,dens_1606235786379262481,22,Density,<Substance C1CCCCC1{solv}{x=0.227500}|CN1CCCC1=O{solv}{x=0.772500}>,C1CCCCC1,CN1CCCC1=O,openff-2.0.0,1,0.9393351022106,0.0001873987327202,0.9583800000000002,0.000245
17348,23,dhmix_1683219349338278021,23,EnthalpyOfMixing,<Substance C1CCCCC1{solv}{x=0.473400}|CN1CCCC1=O{solv}{x=0.526600}>,C1CCCCC1,CN1CCCC1=O,openff-2.0.0,1,1.9321648163397924,0.0368982368843627,1.4691,0.0157
17349,24,dens_4438302718372985,24,Density,<Substance BrCCCCBr{solv}{x=0.717000}|COC=O{solv}{x=0.283000}>,BrCCCCBr,COC=O,openff-2.0.0,1,1.6398360902318287,0.0004804485437052,1.6702600000000003,0.00259
17350,25,dhmix_369816950910078034,25,EnthalpyOfMixing,<Substance BrCCCCBr{solv}{x=0.778200}|COC=O{solv}{x=0.221800}>,BrCCCCBr,COC=O,openff-2.0.0,1,1.1451606824170284,0.0410281932837691,0.6355,0.0057
17351,26,dens_460757700461114532,26,Density,<Substance BrCCCCBr{solv}{x=0.495800}|COC=O{solv}{x=0.504200}>,BrCCCCBr,COC=O,openff-2.0.0,1,1.5094795527277542,0.0004634115721381,1.5176800000000004,0.001885
17352,27,dhmix_1496821399278454353,27,EnthalpyOfMixing,<Substance BrCCCCBr{solv}{x=0.265400}|COC=O{solv}{x=0.734600}>,BrCCCCBr,COC=O,openff-2.0.0,1,1.4609410153750275,0.0400957107776831,0.8185,0.00715
17353,28,dens_1750413656870357630,28,Density,<Substance BrCCCCBr{solv}{x=0.225800}|COC=O{solv}{x=0.774200}>,BrCCCCBr,COC=O,openff-2.0.0,1,1.2930640730836582,0.0004082163598426,1.2671300000000003,0.00104
17354,29,dhmix_1802862930607761431,29,EnthalpyOfMixing,<Substance BrCCCCBr{solv}{x=0.482000}|COC=O{solv}{x=0.518000}>,BrCCCCBr,COC=O,openff-2.0.0,1,1.7240044776765728,0.0384452086704014,1.0243,0.0087
17355,30,dhmix_8447570649359775,30,EnthalpyOfMixing,<Substance OCCO{solv}{x=0.481700}|OCc1ccccc1{solv}{x=0.518300}>,OCCO,OCc1ccccc1,openff-2.0.0,1,0.257122609306279,0.0356674390280215,0.201,0.00465
17356,31,dens_824372741354282107,31,Density,<Substance OCCO{solv}{x=0.505700}|OCc1ccccc1{solv}{x=0.494300}>,OCCO,OCc1ccccc1,openff-2.0.0,1,1.0597406645193377,0.0002464917534998,1.0579000000000005,0.00027
17357,32,dens_1105173553343721111,32,Density,<Substance OCCO{solv}{x=0.737100}|OCc1ccccc1{solv}{x=0.262900}>,OCCO,OCc1ccccc1,openff-2.0.0,1,1.0793052336324296,0.000296940439686,1.0753200000000005,0.000275
17358,33,dhmix_1362282802315816638,33,EnthalpyOfMixing,<Substance OCCO{solv}{x=0.736100}|OCc1ccccc1{solv}{x=0.263900}>,OCCO,OCc1ccccc1,openff-2.0.0,1,0.1249710926555849,0.0376517642482231,0.1383,0.0037
17359,34,dhmix_1666683879028583081,34,EnthalpyOfMixing,<Substance OCCO{solv}{x=0.236500}|OCc1ccccc1{solv}{x=0.763500}>,OCCO,OCc1ccccc1,openff-2.0.0,1,0.1984601561563863,0.0425201624912308,0.209,0.0048
17360,35,dens_1698159396404241323,35,Density,<Substance OCCO{solv}{x=0.262200}|OCc1ccccc1{solv}{x=0.737800}>,OCCO,OCc1ccccc1,openff-2.0.0,1,1.0443102942452294,0.000193843542036,1.0442900000000002,0.000265
17361,36,dens_8507121971977381,36,Density,<Substance CCOC(C)(C)C{solv}{x=0.505000}|Cc1ccccc1{solv}{x=0.495000}>,CCOC(C)(C)C,Cc1ccccc1,openff-2.0.0,1,0.7997714842516275,0.0002638274087248,0.7937390000000002,0.000467
17362,37,dens_499290591626962121,37,Density,<Substance CCOC(C)(C)C{solv}{x=0.217000}|Cc1ccccc1{solv}{x=0.783000}>,CCOC(C)(C)C,Cc1ccccc1,openff-2.0.0,1,0.8299498315926065,0.0002180520820217,0.8314450000000002,0.000411
17363,38,dhmix_820491025608256793,38,EnthalpyOfMixing,<Substance CCOC(C)(C)C{solv}{x=0.501900}|Cc1ccccc1{solv}{x=0.498100}>,CCOC(C)(C)C,Cc1ccccc1,openff-2.0.0,1,-0.2433862416858119,0.0428849735540709,-0.046,0.00055
17364,39,dhmix_1374163681483564129,39,EnthalpyOfMixing,<Substance CCOC(C)(C)C{solv}{x=0.248900}|Cc1ccccc1{solv}{x=0.751100}>,CCOC(C)(C)C,Cc1ccccc1,openff-2.0.0,1,-0.1756187350495963,0.0404305399760126,-0.0324,0.0005
17365,40,dens_1904998692863983733,40,Density,<Substance CCOC(C)(C)C{solv}{x=0.701000}|Cc1ccccc1{solv}{x=0.299000}>,CCOC(C)(C)C,Cc1ccccc1,openff-2.0.0,1,0.7804688768807467,0.000200366678995,0.7696300000000001,0.000503
17366,41,dhmix_1982853461678580310,41,EnthalpyOfMixing,<Substance CCOC(C)(C)C{solv}{x=0.749500}|Cc1ccccc1{solv}{x=0.250500}>,CCOC(C)(C)C,Cc1ccccc1,openff-2.0.0,1,-0.1985154548576417,0.0438210160310455,-0.0348,0.0005
17367,42,dhmix_13624411991961099,42,EnthalpyOfMixing,<Substance C1CCOCC1{solv}{x=0.237900}|Cc1ccccc1N{solv}{x=0.762100}>,C1CCOCC1,Cc1ccccc1N,openff-2.0.0,1,-0.1137694058122349,0.041953746795167,-0.3658,0.004
17368,43,dhmix_510299013171775812,43,EnthalpyOfMixing,<Substance C1CCOCC1{solv}{x=0.741000}|Cc1ccccc1N{solv}{x=0.259000}>,C1CCOCC1,Cc1ccccc1N,openff-2.0.0,1,-0.1491911213885259,0.0444439249277536,-0.4892,0.0053
17369,44,dhmix_1337006691942958969,44,EnthalpyOfMixing,<Substance C1CCOCC1{solv}{x=0.490100}|Cc1ccccc1N{solv}{x=0.509900}>,C1CCOCC1,Cc1ccccc1N,openff-2.0.0,1,-0.1363736927610119,0.0424590814790759,-0.5715,0.0062
17370,45,dens_1448062547628404156,45,Density,<Substance C1CCOCC1{solv}{x=0.727900}|Cc1ccccc1N{solv}{x=0.272100}>,C1CCOCC1,Cc1ccccc1N,openff-2.0.0,1,0.9215415889260932,0.0002065422274227,0.91866,0.000285
17371,46,dens_2171966897328079405,46,Density,<Substance C1CCOCC1{solv}{x=0.498600}|Cc1ccccc1N{solv}{x=0.501400}>,C1CCOCC1,Cc1ccccc1N,openff-2.0.0,1,0.9558270954404836,0.0002286061975245,0.9459860000000002,0.0002275
17372,47,dens_2201621104799327758,47,Density,<Substance C1CCOCC1{solv}{x=0.229700}|Cc1ccccc1N{solv}{x=0.770300}>,C1CCOCC1,Cc1ccccc1N,openff-2.0.0,1,0.9926348073649364,0.0002652462661979,0.9734540000000002,0.000164
17373,48,dens_15008167137789802,48,Density,<Substance CCCCCl{solv}{x=0.299200}|CN(C)C=O{solv}{x=0.700800}>,CCCCCl,CN(C)C=O,openff-2.0.0,1,0.9059176946615524,0.0002909273456702,0.9218000000000002,0.0002
17374,49,dens_550868133232739009,49,Density,<Substance CCCCCl{solv}{x=0.701200}|CN(C)C=O{solv}{x=0.298800}>,CCCCCl,CN(C)C=O,openff-2.0.0,1,0.880336759312974,0.0003096406159737,0.8963000000000002,0.0002
17375,50,dhmix_1315230298567753558,50,EnthalpyOfMixing,<Substance CCCCCl{solv}{x=0.793000}|CN(C)C=O{solv}{x=0.207000}>,CCCCCl,CN(C)C=O,openff-2.0.0,1,0.6428266793169399,0.0403202728648136,0.404,0.003
17376,51,dhmix_1929975181819720491,51,EnthalpyOfMixing,<Substance CCCCCl{solv}{x=0.493000}|CN(C)C=O{solv}{x=0.507000}>,CCCCCl,CN(C)C=O,openff-2.0.0,1,0.9640655310215748,0.034702405586098,0.571,0.003
17377,52,dhmix_1976787548784045784,52,EnthalpyOfMixing,<Substance CCCCCl{solv}{x=0.295000}|CN(C)C=O{solv}{x=0.705000}>,CCCCCl,CN(C)C=O,openff-2.0.0,1,0.7818622443971748,0.03597956632417,0.467,0.003
17378,53,dens_2008819185276371643,53,Density,<Substance CCCCCl{solv}{x=0.499000}|CN(C)C=O{solv}{x=0.501000}>,CCCCCl,CN(C)C=O,openff-2.0.0,1,0.8925025920086394,0.000336128548678,0.9086000000000002,0.0002
17379,54,dens_16755306936326197,54,Density,<Substance Cc1ccccc1N{solv}{x=0.255700}|Cc1ccccn1{solv}{x=0.744300}>,Cc1ccccc1N,Cc1ccccn1,openff-2.0.0,1,0.972216915000096,0.0001985681704729,0.9597930000000002,0.000307
17380,55,dens_238666738854407136,55,Density,<Substance Cc1ccccc1N{solv}{x=0.514600}|Cc1ccccn1{solv}{x=0.485400}>,Cc1ccccc1N,Cc1ccccn1,openff-2.0.0,1,0.9920013413428804,0.0001812136458816,0.9748990000000002,0.0002315
17381,56,dhmix_1909144841681931250,56,EnthalpyOfMixing,<Substance Cc1ccccc1N{solv}{x=0.488200}|Cc1ccccn1{solv}{x=0.511800}>,Cc1ccccc1N,Cc1ccccn1,openff-2.0.0,1,-1.3690641068111518,0.0453911385632082,-1.4976,0.0305
17382,57,dens_1945534954282706534,57,Density,<Substance Cc1ccccc1N{solv}{x=0.757100}|Cc1ccccn1{solv}{x=0.242900}>,Cc1ccccc1N,Cc1ccccn1,openff-2.0.0,1,1.0077422828890934,0.0002011525126245,0.9854410000000002,0.000169
17383,58,dhmix_2038606904928978856,58,EnthalpyOfMixing,<Substance Cc1ccccc1N{solv}{x=0.782100}|Cc1ccccn1{solv}{x=0.217900}>,Cc1ccccc1N,Cc1ccccn1,openff-2.0.0,1,-0.98169428224643,0.0501583270959228,-0.8656,0.01775
17384,59,dhmix_2125558080831870503,59,EnthalpyOfMixing,<Substance Cc1ccccc1N{solv}{x=0.273600}|Cc1ccccn1{solv}{x=0.726400}>,Cc1ccccc1N,Cc1ccccn1,openff-2.0.0,1,-1.3216604125341078,0.0463539743021309,-1.2462,0.0254
17385,60,dens_19028061622240549,60,Density,<Substance CN(C)CCO{solv}{x=0.296200}|CO{solv}{x=0.703800}>,CN(C)CCO,CO,openff-2.0.0,1,0.8377582660521191,0.0003175990921334,0.8506500000000001,0.00014
17386,61,dens_186649390549115907,61,Density,<Substance CN(C)CCO{solv}{x=0.502000}|CO{solv}{x=0.498000}>,CN(C)CCO,CO,openff-2.0.0,1,0.8602620538877623,0.0002137670089887,0.8684000000000002,0.000155
17387,62,dhmix_1453612193040378117,62,EnthalpyOfMixing,<Substance CN(C)CCO{solv}{x=0.497200}|CO{solv}{x=0.502800}>,CN(C)CCO,CO,openff-2.0.0,1,-0.9006104865050446,0.0384250056268637,-0.8673,0.00935
17388,63,dens_1978392691277508278,63,Density,<Substance CN(C)CCO{solv}{x=0.707500}|CO{solv}{x=0.292500}>,CN(C)CCO,CO,openff-2.0.0,1,0.8742601340592031,0.0002610822914633,0.8766100000000002,0.00017
17389,64,dhmix_2113387918969192804,64,EnthalpyOfMixing,<Substance CN(C)CCO{solv}{x=0.247900}|CO{solv}{x=0.752100}>,CN(C)CCO,CO,openff-2.0.0,1,-0.8218149076420502,0.0328350835183998,-0.8057,0.0087
17390,65,dhmix_2220842061395014218,65,EnthalpyOfMixing,<Substance CN(C)CCO{solv}{x=0.750600}|CO{solv}{x=0.249400}>,CN(C)CCO,CO,openff-2.0.0,1,-0.6220348997251506,0.0428252214435494,-0.5322,0.00585
17391,66,dhmix_21994921667950318,66,EnthalpyOfMixing,<Substance C=CCCCC{solv}{x=0.500100}|CCCO{solv}{x=0.499900}>,C=CCCCC,CCCO,openff-2.0.0,1,0.71154868541052,0.0391585992683853,0.595,0.0055
17392,67,dens_62854823056490751,67,Density,<Substance C=CCCCC{solv}{x=0.150300}|CCCO{solv}{x=0.849700}>,C=CCCCC,CCCO,openff-2.0.0,1,0.7636052461657896,0.0002422343881111,0.7704980000000002,0.0001845
17393,68,dens_294296714501123310,68,Density,<Substance C=CCCCC{solv}{x=0.499100}|CCCO{solv}{x=0.500900}>,C=CCCCC,CCCO,openff-2.0.0,1,0.7027210103769944,0.0002557705832995,0.7176450000000002,0.0002145
17394,69,dhmix_829065315899278784,69,EnthalpyOfMixing,<Substance C=CCCCC{solv}{x=0.750000}|CCCO{solv}{x=0.250000}>,C=CCCCC,CCCO,openff-2.0.0,1,0.7844142324649965,0.0363706923328126,0.682,0.006
17395,70,dens_2024397702416079279,70,Density,<Substance C=CCCCC{solv}{x=0.745600}|CCCO{solv}{x=0.254400}>,C=CCCCC,CCCO,openff-2.0.0,1,0.6709740802054673,0.0001882029702245,0.6899770000000002,0.0002305
17396,71,dhmix_2167083041249157622,71,EnthalpyOfMixing,<Substance C=CCCCC{solv}{x=0.150100}|CCCO{solv}{x=0.849900}>,C=CCCCC,CCCO,openff-2.0.0,1,0.281061034386866,0.0378219565111688,0.192,0.005
17397,72,dhmix_22428169890990447,72,EnthalpyOfMixing,<Substance CC1(C)C(=O)[C@]2(C)CC[C@H]1C2{solv}{x=0.286000}|CCO{solv}{x=0.714000}>,CC1(C)C(=O)[C@]2(C)CC[C@H]1C2,CCO,openff-2.0.0,1,0.6307824641375817,0.038778349346453,0.876,0.0265
17398,73,dhmix_57626661746168078,73,EnthalpyOfMixing,<Substance CC1(C)C(=O)[C@]2(C)CC[C@H]1C2{solv}{x=0.701000}|CCO{solv}{x=0.299000}>,CC1(C)C(=O)[C@]2(C)CC[C@H]1C2,CCO,openff-2.0.0,1,0.6568609810010457,0.0470882058342665,1.0,0.0305
17399,74,dhmix_287041928444283276,74,EnthalpyOfMixing,<Substance CC1(C)C(=O)[C@]2(C)CC[C@H]1C2{solv}{x=0.488000}|CCO{solv}{x=0.512000}>,CC1(C)C(=O)[C@]2(C)CC[C@H]1C2,CCO,openff-2.0.0,1,0.7973930910058584,0.0426235848568985,1.109,0.0335
17400,75,dens_618487453946854895,75,Density,<Substance CC1(C)C(=O)[C@]2(C)CC[C@H]1C2{solv}{x=0.501200}|CCO{solv}{x=0.498800}>,CC1(C)C(=O)[C@]2(C)CC[C@H]1C2,CCO,openff-2.0.0,1,0.913401979937682,0.0002169862904225,0.9005900000000002,5.5000000000000016e-05
17401,76,dens_1408969463542558504,76,Density,<Substance CC1(C)C(=O)[C@]2(C)CC[C@H]1C2{solv}{x=0.789700}|CCO{solv}{x=0.210300}>,CC1(C)C(=O)[C@]2(C)CC[C@H]1C2,CCO,openff-2.0.0,1,0.9433232257261456,0.000192763050676,0.9274800000000002,6.0000000000000015e-05
17402,77,dens_2053919413592536040,77,Density,<Substance CC1(C)C(=O)[C@]2(C)CC[C@H]1C2{solv}{x=0.200200}|CCO{solv}{x=0.799800}>,CC1(C)C(=O)[C@]2(C)CC[C@H]1C2,CCO,openff-2.0.0,1,0.8574874810670963,0.0001878951564269,0.8499000000000002,6.500000000000002e-05
17403,78,dhmix_24700325920498635,78,EnthalpyOfMixing,<Substance CCC(C)(C)O{solv}{x=0.799400}|CCOC(C)(C)CC{solv}{x=0.200600}>,CCC(C)(C)O,CCOC(C)(C)CC,openff-2.0.0,1,0.512332272610351,0.0526688249087813,0.448,0.0073
17404,79,dhmix_252628078473967793,79,EnthalpyOfMixing,<Substance CCC(C)(C)O{solv}{x=0.299700}|CCOC(C)(C)CC{solv}{x=0.700300}>,CCC(C)(C)O,CCOC(C)(C)CC,openff-2.0.0,1,1.021832500094888,0.0501180572502922,0.9727,0.0132
17405,80,dens_281609537293621351,80,Density,<Substance CCC(C)(C)O{solv}{x=0.799400}|CCOC(C)(C)CC{solv}{x=0.200600}>,CCC(C)(C)O,CCOC(C)(C)CC,openff-2.0.0,1,0.8058079696864957,0.0002985533903654,0.7932000000000002,0.00025
17406,81,dhmix_980734994193955874,81,EnthalpyOfMixing,<Substance CCC(C)(C)O{solv}{x=0.498700}|CCOC(C)(C)CC{solv}{x=0.501300}>,CCC(C)(C)O,CCOC(C)(C)CC,openff-2.0.0,1,0.7515944661890614,0.0490105529620473,0.8937,0.01225
17407,82,dens_1165049856972872340,82,Density,<Substance CCC(C)(C)O{solv}{x=0.498700}|CCOC(C)(C)CC{solv}{x=0.501300}>,CCC(C)(C)O,CCOC(C)(C)CC,openff-2.0.0,1,0.7885492150319641,0.0002025192952177,0.7789000000000001,0.0002
17408,83,dens_2297026976830009992,83,Density,<Substance CCC(C)(C)O{solv}{x=0.299700}|CCOC(C)(C)CC{solv}{x=0.700300}>,CCC(C)(C)O,CCOC(C)(C)CC,openff-2.0.0,1,0.7787987483191107,0.0001536956013163,0.7709000000000001,0.0002
17409,84,dens_25810987980199799,84,Density,<Substance CCCCCC{solv}{x=0.158800}|Cc1ccccc1{solv}{x=0.841200}>,CCCCCC,Cc1ccccc1,openff-2.0.0,1,0.8135321669544885,0.0002424238437867,0.8226300000000002,0.000335
17410,85,dens_574637447996217594,85,Density,<Substance CCCCCC{solv}{x=0.501100}|Cc1ccccc1{solv}{x=0.498900}>,CCCCCC,Cc1ccccc1,openff-2.0.0,1,0.7366402049100413,0.0002565533110813,0.7484400000000002,0.00015
17411,86,dhmix_1373657903424456878,86,EnthalpyOfMixing,<Substance CCCCCC{solv}{x=0.158600}|Cc1ccccc1{solv}{x=0.841400}>,CCCCCC,Cc1ccccc1,openff-2.0.0,1,0.412487936654287,0.0470137323850816,0.3163,0.0043
17412,87,dhmix_1383995974797334848,87,EnthalpyOfMixing,<Substance CCCCCC{solv}{x=0.472300}|Cc1ccccc1{solv}{x=0.527700}>,CCCCCC,Cc1ccccc1,openff-2.0.0,1,0.6558584429015184,0.0426111486048385,0.5467,0.00715
17413,88,dhmix_1412344026798360911,88,EnthalpyOfMixing,<Substance CCCCCC{solv}{x=0.748400}|Cc1ccccc1{solv}{x=0.251600}>,CCCCCC,Cc1ccccc1,openff-2.0.0,1,0.5112058657062164,0.047137162868396,0.393,0.00525
17414,89,dens_2241575426887298365,89,Density,<Substance CCCCCC{solv}{x=0.733800}|Cc1ccccc1{solv}{x=0.266200}>,CCCCCC,Cc1ccccc1,openff-2.0.0,1,0.6913904836749567,0.0002197199551461,0.7020900000000002,0.000305
17415,90,dens_27241401908451167,90,Density,<Substance CN(C)C=O{solv}{x=0.503500}|Cc1ccccc1Cl{solv}{x=0.496500}>,CN(C)C=O,Cc1ccccc1Cl,openff-2.0.0,1,1.0183173934472596,0.0002815576505484,1.0247000000000004,0.0005
17416,91,dhmix_674882857451857086,91,EnthalpyOfMixing,<Substance CN(C)C=O{solv}{x=0.511800}|Cc1ccccc1Cl{solv}{x=0.488200}>,CN(C)C=O,Cc1ccccc1Cl,openff-2.0.0,1,0.2823064460158946,0.0306579273955386,0.545,0.006
17417,92,dens_818042132181297482,92,Density,<Substance CN(C)C=O{solv}{x=0.751200}|Cc1ccccc1Cl{solv}{x=0.248800}>,CN(C)C=O,Cc1ccccc1Cl,openff-2.0.0,1,0.976913265362062,0.0002306223866849,0.9898800000000002,0.0005
17418,93,dens_861365281257265917,93,Density,<Substance CN(C)C=O{solv}{x=0.273700}|Cc1ccccc1Cl{solv}{x=0.726300}>,CN(C)C=O,Cc1ccccc1Cl,openff-2.0.0,1,1.037594578220791,0.0002749861838924,1.0415000000000003,0.0005
17419,94,dhmix_1670364528496870559,94,EnthalpyOfMixing,<Substance CN(C)C=O{solv}{x=0.767900}|Cc1ccccc1Cl{solv}{x=0.232100}>,CN(C)C=O,Cc1ccccc1Cl,openff-2.0.0,1,0.1224316122704891,0.0384803207704753,0.436,0.005
17420,95,dhmix_1992689527814967541,95,EnthalpyOfMixing,<Substance CN(C)C=O{solv}{x=0.274300}|Cc1ccccc1Cl{solv}{x=0.725700}>,CN(C)C=O,Cc1ccccc1Cl,openff-2.0.0,1,0.2659085152445328,0.0426764416841812,0.373,0.004
17421,96,dens_29213618499921464,96,Density,<Substance C1CCOCC1{solv}{x=0.254000}|O=C1CCCCCC1{solv}{x=0.746000}>,C1CCOCC1,O=C1CCCCCC1,openff-2.0.0,1,0.9188048639031796,0.0001959485211832,0.9355100000000002,0.00051
17422,97,dens_468319504030932569,97,Density,<Substance C1CCOCC1{solv}{x=0.498600}|O=C1CCCCCC1{solv}{x=0.501400}>,C1CCOCC1,O=C1CCCCCC1,openff-2.0.0,1,0.9067858741410278,0.0001916762439918,0.9211200000000004,0.00051
17423,98,dens_1174890511154571939,98,Density,<Substance C1CCOCC1{solv}{x=0.768600}|O=C1CCCCCC1{solv}{x=0.231400}>,C1CCOCC1,O=C1CCCCCC1,openff-2.0.0,1,0.8917923720648968,0.0001957762781954,0.9012200000000002,0.000505
17424,99,dens_30084818585402677,99,Density,<Substance CC(=O)N(C)C{solv}{x=0.700600}|ClCCCCCCCl{solv}{x=0.299400}>,CC(=O)N(C)C,ClCCCCCCCl,openff-2.0.0,1,0.9662827266019648,0.000232895753385,0.9853000000000002,0.00175
17425,100,dhmix_384619296407103076,100,EnthalpyOfMixing,<Substance CC(=O)N(C)C{solv}{x=0.504000}|ClCCCCCCCl{solv}{x=0.496000}>,CC(=O)N(C)C,ClCCCCCCCl,openff-2.0.0,1,0.1368864481774636,0.0438220323650752,0.09,0.002
17426,101,dens_539464371986972328,101,Density,<Substance CC(=O)N(C)C{solv}{x=0.494300}|ClCCCCCCCl{solv}{x=0.505700}>,CC(=O)N(C)C,ClCCCCCCCl,openff-2.0.0,1,1.000574267649648,0.0002665114080722,1.0123000000000002,0.0016
17427,102,dhmix_1114659247517686326,102,EnthalpyOfMixing,<Substance CC(=O)N(C)C{solv}{x=0.798000}|ClCCCCCCCl{solv}{x=0.202000}>,CC(=O)N(C)C,ClCCCCCCCl,openff-2.0.0,1,0.093539252361964,0.045406056868837,0.067,0.002
17428,103,dhmix_1410583096030633514,103,EnthalpyOfMixing,<Substance CC(=O)N(C)C{solv}{x=0.212000}|ClCCCCCCCl{solv}{x=0.788000}>,CC(=O)N(C)C,ClCCCCCCCl,openff-2.0.0,1,0.18642154280667,0.0466895157668949,0.04,0.002
17429,104,dens_2244909992725638206,104,Density,<Substance CC(=O)N(C)C{solv}{x=0.300200}|ClCCCCCCCl{solv}{x=0.699800}>,CC(=O)N(C)C,ClCCCCCCCl,openff-2.0.0,1,1.0283221209943851,0.0002460965251865,1.0345000000000002,0.0015
17430,105,dhmix_35301006695188726,105,EnthalpyOfMixing,<Substance CCOC(=O)C(C)C{solv}{x=0.289000}|CO{solv}{x=0.711000}>,CCOC(=O)C(C)C,CO,openff-2.0.0,1,0.5214989931421599,0.0352619412754282,0.488,0.0035
17431,106,dens_508877804306927207,106,Density,<Substance CCOC(=O)C(C)C{solv}{x=0.499000}|CO{solv}{x=0.501000}>,CCOC(=O)C(C)C,CO,openff-2.0.0,1,0.8431725451641446,0.0002816431709345,0.8414100000000002,0.00011
17432,107,dens_1201422771202741625,107,Density,<Substance CCOC(=O)C(C)C{solv}{x=0.199600}|CO{solv}{x=0.800400}>,CCOC(=O)C(C)C,CO,openff-2.0.0,1,0.808386837630074,0.0002449369809228,0.8173600000000002,0.000115
17433,108,dhmix_1951183536432642425,108,EnthalpyOfMixing,<Substance CCOC(=O)C(C)C{solv}{x=0.480000}|CO{solv}{x=0.520000}>,CCOC(=O)C(C)C,CO,openff-2.0.0,1,0.681709259478211,0.0377151079190809,0.671,0.0045
17434,109,dens_1998368384671748308,109,Density,<Substance CCOC(=O)C(C)C{solv}{x=0.703000}|CO{solv}{x=0.297000}>,CCOC(=O)C(C)C,CO,openff-2.0.0,1,0.8567308316873973,0.0002469057852069,0.8501200000000002,0.00011
17435,110,dhmix_2200604492347455092,110,EnthalpyOfMixing,<Substance CCOC(=O)C(C)C{solv}{x=0.771000}|CO{solv}{x=0.229000}>,CCOC(=O)C(C)C,CO,openff-2.0.0,1,0.4767391293283651,0.0466148988447569,0.632,0.0045
17436,111,dhmix_39159150320919359,111,EnthalpyOfMixing,<Substance CCO{solv}{x=0.799700}|Cc1cccc(O)c1{solv}{x=0.200300}>,CCO,Cc1cccc(O)c1,openff-2.0.0,1,-0.6942418302613795,0.0374170064051556,-0.79199,0.011965
17437,112,dens_410843938837220593,112,Density,<Substance CCO{solv}{x=0.263700}|Cc1cccc(O)c1{solv}{x=0.736300}>,CCO,Cc1cccc(O)c1,openff-2.0.0,1,0.9956248189929414,0.0002309428116811,0.9852300000000004,0.0006
17438,113,dhmix_1115402835538407874,113,EnthalpyOfMixing,<Substance CCO{solv}{x=0.212500}|Cc1cccc(O)c1{solv}{x=0.787500}>,CCO,Cc1cccc(O)c1,openff-2.0.0,1,-0.5436044798499324,0.0454595179198284,-0.68742,0.01275
17439,114,dens_1359111234216199895,114,Density,<Substance CCO{solv}{x=0.472400}|Cc1cccc(O)c1{solv}{x=0.527600}>,CCO,Cc1cccc(O)c1,openff-2.0.0,1,0.9577919252965844,0.0002254729100772,0.9446300000000002,0.0006
17440,115,dens_1590314985481219627,115,Density,<Substance CCO{solv}{x=0.781700}|Cc1cccc(O)c1{solv}{x=0.218300}>,CCO,Cc1cccc(O)c1,openff-2.0.0,1,0.8746935262059335,0.0002777809088431,0.8631500000000002,0.000605
17441,116,dhmix_1871939727966182523,116,EnthalpyOfMixing,<Substance CCO{solv}{x=0.413900}|Cc1cccc(O)c1{solv}{x=0.586100}>,CCO,Cc1cccc(O)c1,openff-2.0.0,1,-0.6748954700758532,0.041029496960852,-1.14624,0.00985
17442,117,dens_42678158079716854,117,Density,<Substance CN1CCCC1=O{solv}{x=0.937492}|c1ccccc1{solv}{x=0.062508}>,CN1CCCC1=O,c1ccccc1,openff-2.0.0,1,0.9996624929232352,0.0002014916946939,1.0204500000000003,3.500000000000001e-05
17443,118,dens_252520620125458637,118,Density,<Substance CN1CCCC1=O{solv}{x=0.513500}|c1ccccc1{solv}{x=0.486500}>,CN1CCCC1=O,c1ccccc1,openff-2.0.0,1,0.95321248500982,0.0002504620527357,0.9684700000000004,0.00018
17444,119,dhmix_524477957640851666,119,EnthalpyOfMixing,<Substance CN1CCCC1=O{solv}{x=0.235600}|c1ccccc1{solv}{x=0.764400}>,CN1CCCC1=O,c1ccccc1,openff-2.0.0,1,-0.1504496408432203,0.038506292247375,-0.3684,0.00405
17445,120,dhmix_1475629358723962160,120,EnthalpyOfMixing,<Substance CN1CCCC1=O{solv}{x=0.546700}|c1ccccc1{solv}{x=0.453300}>,CN1CCCC1=O,c1ccccc1,openff-2.0.0,1,-0.1093125980688825,0.0417866356603794,-0.4943,0.00535
17446,121,dens_2041306780823594960,121,Density,<Substance CN1CCCC1=O{solv}{x=0.252400}|c1ccccc1{solv}{x=0.747600}>,CN1CCCC1=O,c1ccccc1,openff-2.0.0,1,0.9044745613048144,0.000260524025704,0.9163300000000004,0.00029
17447,122,dhmix_2156508970935294660,122,EnthalpyOfMixing,<Substance CN1CCCC1=O{solv}{x=0.741100}|c1ccccc1{solv}{x=0.258900}>,CN1CCCC1=O,c1ccccc1,openff-2.0.0,1,-0.1278628155416186,0.0417964769759375,-0.3841,0.0042
17448,123,dhmix_44217680865702366,123,EnthalpyOfMixing,<Substance CC(=O)c1ccccc1{solv}{x=0.200100}|CC(C)O{solv}{x=0.799900}>,CC(=O)c1ccccc1,CC(C)O,openff-2.0.0,1,0.9180592417319104,0.0410544821863907,1.1352,0.0124
17449,124,dens_91454082453656404,124,Density,<Substance CC(=O)c1ccccc1{solv}{x=0.756100}|CC(C)O{solv}{x=0.243900}>,CC(=O)c1ccccc1,CC(C)O,openff-2.0.0,1,0.9772324204747854,0.0002296117195953,0.9823500000000004,0.000175
17450,125,dens_152869924254680766,125,Density,<Substance CC(=O)c1ccccc1{solv}{x=0.251700}|CC(C)O{solv}{x=0.748300}>,CC(=O)c1ccccc1,CC(C)O,openff-2.0.0,1,0.8784354895434014,0.0002375170342134,0.8654400000000002,0.000245
17451,126,dhmix_1214494501247401592,126,EnthalpyOfMixing,<Substance CC(=O)c1ccccc1{solv}{x=0.499600}|CC(C)O{solv}{x=0.500400}>,CC(=O)c1ccccc1,CC(C)O,openff-2.0.0,1,1.186310027882513,0.0416637560944831,1.5703,0.0169
17452,127,dhmix_1482394504883204224,127,EnthalpyOfMixing,<Substance CC(=O)c1ccccc1{solv}{x=0.700600}|CC(C)O{solv}{x=0.299400}>,CC(=O)c1ccccc1,CC(C)O,openff-2.0.0,1,0.8759390825662194,0.0446738279174659,1.3758,0.01485
17453,128,dens_1804860114822214449,128,Density,<Substance CC(=O)c1ccccc1{solv}{x=0.534500}|CC(C)O{solv}{x=0.465500}>,CC(=O)c1ccccc1,CC(C)O,openff-2.0.0,1,0.9402094369034006,0.0002178378552392,0.9375600000000002,0.0002
17454,129,dhmix_47323681380989568,129,EnthalpyOfMixing,<Substance CCCCCCCCCl{solv}{x=0.498000}|CN(C)C=O{solv}{x=0.502000}>,CCCCCCCCCl,CN(C)C=O,openff-2.0.0,1,1.4616564820158828,0.044535572512435,1.087,0.0045
17455,130,dhmix_620291288515939248,130,EnthalpyOfMixing,<Substance CCCCCCCCCl{solv}{x=0.790000}|CN(C)C=O{solv}{x=0.210000}>,CCCCCCCCCl,CN(C)C=O,openff-2.0.0,1,1.099133955406586,0.0534390271126494,0.68,0.0045
17456,131,dens_1830564734879843336,131,Density,<Substance CCCCCCCCCl{solv}{x=0.733100}|CN(C)C=O{solv}{x=0.266900}>,CCCCCCCCCl,CN(C)C=O,openff-2.0.0,1,0.8726781434588333,0.0001846523620083,0.8779000000000002,0.00045
17457,132,dens_1865569264533219410,132,Density,<Substance CCCCCCCCCl{solv}{x=0.500800}|CN(C)C=O{solv}{x=0.499200}>,CCCCCCCCCl,CN(C)C=O,openff-2.0.0,1,0.8821251657562209,0.0002104751492182,0.8897000000000003,0.0004
17458,133,dens_1893252821735673677,133,Density,<Substance CCCCCCCCCl{solv}{x=0.199800}|CN(C)C=O{solv}{x=0.800200}>,CCCCCCCCCl,CN(C)C=O,openff-2.0.0,1,0.902103909487425,0.0002499762789183,0.9149000000000002,0.0003
17459,134,dhmix_2175249209874409534,134,EnthalpyOfMixing,<Substance CCCCCCCCCl{solv}{x=0.205000}|CN(C)C=O{solv}{x=0.795000}>,CCCCCCCCCl,CN(C)C=O,openff-2.0.0,1,1.1089565785262323,0.0388312223879447,0.79,0.0045
17460,135,dens_47347406470845261,135,Density,<Substance BrCCCBr{solv}{x=0.748600}|COC=O{solv}{x=0.251400}>,BrCCCBr,COC=O,openff-2.0.0,1,1.7558799392481657,0.0005723720376357,1.7969200000000003,0.00306
17461,136,dens_398260729245374704,136,Density,<Substance BrCCCBr{solv}{x=0.472200}|COC=O{solv}{x=0.527800}>,BrCCCBr,COC=O,openff-2.0.0,1,1.5516151608177615,0.0004967771788391,1.5585100000000005,0.001985
17462,137,dhmix_1440467239786579925,137,EnthalpyOfMixing,<Substance BrCCCBr{solv}{x=0.735400}|COC=O{solv}{x=0.264600}>,BrCCCBr,COC=O,openff-2.0.0,1,1.199377723269592,0.0358067943660173,0.7435,0.00655
17463,138,dens_1812113401512645360,138,Density,<Substance BrCCCBr{solv}{x=0.204700}|COC=O{solv}{x=0.795300}>,BrCCCBr,COC=O,openff-2.0.0,1,1.2949615127304503,0.000382049876332,1.2611800000000004,0.001025
17464,139,dhmix_2252268161220427112,139,EnthalpyOfMixing,<Substance BrCCCBr{solv}{x=0.485300}|COC=O{solv}{x=0.514700}>,BrCCCBr,COC=O,openff-2.0.0,1,1.425596833849319,0.0377810506434096,0.9249,0.00795
17465,140,dhmix_2289960806584862127,140,EnthalpyOfMixing,<Substance BrCCCBr{solv}{x=0.239500}|COC=O{solv}{x=0.760500}>,BrCCCBr,COC=O,openff-2.0.0,1,0.9082778704106148,0.042639113666198,0.6669,0.00595
17466,141,dens_52148744845178727,141,Density,<Substance CC(=O)CC(C)C{solv}{x=0.700900}|CCC(C)(C)O{solv}{x=0.299100}>,CC(=O)CC(C)C,CCC(C)(C)O,openff-2.0.0,1,0.801491373067694,0.0002088414603571,0.7968700000000002,0.00018
17467,142,dhmix_202225007451030020,142,EnthalpyOfMixing,<Substance CC(=O)CC(C)C{solv}{x=0.201700}|CCC(C)(C)O{solv}{x=0.798300}>,CC(=O)CC(C)C,CCC(C)(C)O,openff-2.0.0,1,-0.0386161230168085,0.0429694520857664,0.8181,0.01135
17468,143,dens_938275493819605051,143,Density,<Substance CC(=O)CC(C)C{solv}{x=0.500800}|CCC(C)(C)O{solv}{x=0.499200}>,CC(=O)CC(C)C,CCC(C)(C)O,openff-2.0.0,1,0.8066727402893802,0.0001948268202172,0.7987300000000002,0.00018
17469,144,dhmix_998794233701009996,144,EnthalpyOfMixing,<Substance CC(=O)CC(C)C{solv}{x=0.500800}|CCC(C)(C)O{solv}{x=0.499200}>,CC(=O)CC(C)C,CCC(C)(C)O,openff-2.0.0,1,0.2277303877397543,0.0426664704023044,1.3674,0.0185
17470,145,dhmix_1565593158104493647,145,EnthalpyOfMixing,<Substance CC(=O)CC(C)C{solv}{x=0.700900}|CCC(C)(C)O{solv}{x=0.299100}>,CC(=O)CC(C)C,CCC(C)(C)O,openff-2.0.0,1,0.2758865183247536,0.0499944527525226,1.2068,0.0164
17471,146,dens_2097057526665137697,146,Density,<Substance CC(=O)CC(C)C{solv}{x=0.201700}|CCC(C)(C)O{solv}{x=0.798300}>,CC(=O)CC(C)C,CCC(C)(C)O,openff-2.0.0,1,0.8162734271324643,0.0002077115125853,0.8030000000000002,0.00019
17472,147,dens_60145312697659458,147,Density,<Substance OC1=NCCC1{solv}{x=0.231200}|c1ccncc1{solv}{x=0.768800}>,OC1=NCCC1,c1ccncc1,openff-2.0.0,1,1.0074656724852318,0.0001929218357657,1.0106200000000003,0.00051
17473,148,dhmix_281987656487279026,148,EnthalpyOfMixing,<Substance OC1=NCCC1{solv}{x=0.525600}|c1ccncc1{solv}{x=0.474400}>,OC1=NCCC1,c1ccncc1,openff-2.0.0,1,-0.2217522853662572,0.0357119111053424,0.2031,0.0508
17474,149,dens_617740093035429712,149,Density,<Substance OC1=NCCC1{solv}{x=0.831200}|c1ccncc1{solv}{x=0.168800}>,OC1=NCCC1,c1ccncc1,openff-2.0.0,1,1.054149283884544,0.0002869704935683,1.0872000000000004,0.00052
17475,150,dhmix_658699797311871042,150,EnthalpyOfMixing,<Substance OC1=NCCC1{solv}{x=0.261500}|c1ccncc1{solv}{x=0.738500}>,OC1=NCCC1,c1ccncc1,openff-2.0.0,1,-0.224620486124401,0.0320580802478408,0.165,0.04125
17476,151,dhmix_774470106511868908,151,EnthalpyOfMixing,<Substance OC1=NCCC1{solv}{x=0.831100}|c1ccncc1{solv}{x=0.168900}>,OC1=NCCC1,c1ccncc1,openff-2.0.0,1,-0.0659436989460751,0.0424334690231975,0.0972,0.0243
17477,152,dens_1837977312272564303,152,Density,<Substance OC1=NCCC1{solv}{x=0.475200}|c1ccncc1{solv}{x=0.524800}>,OC1=NCCC1,c1ccncc1,openff-2.0.0,1,1.0282229753440175,0.0002710322037521,1.0431300000000003,0.000515
17478,153,dens_64870336397637683,153,Density,<Substance NCCCO{solv}{x=0.489642}|O{solv}{x=0.510358}>,NCCCO,O,openff-2.0.0,1,1.026863587245553,0.0003645185790028,1.0059000000000002,0.00155
17479,154,dens_70371380055449550,154,Density,<Substance NCCCO{solv}{x=0.708044}|O{solv}{x=0.291956}>,NCCCO,O,openff-2.0.0,1,1.0297470438430885,0.0003480649819293,0.9975000000000004,0.0018
17480,155,dhmix_150384853762728924,155,EnthalpyOfMixing,<Substance NCCCO{solv}{x=0.751500}|O{solv}{x=0.248500}>,NCCCO,O,openff-2.0.0,1,-0.4188296100942246,0.0520765706169215,-1.531,0.031
17481,156,dens_847209819230970781,156,Density,<Substance NCCCO{solv}{x=0.272809}|O{solv}{x=0.727191}>,NCCCO,O,openff-2.0.0,1,1.0179281629483534,0.0003168585780444,1.0118000000000005,0.0014
17482,157,dhmix_1448036989335532298,157,EnthalpyOfMixing,<Substance NCCCO{solv}{x=0.298200}|O{solv}{x=0.701800}>,NCCCO,O,openff-2.0.0,1,-0.622728795598734,0.0271431319917797,-2.501,0.051
17483,158,dhmix_1551692974855642379,158,EnthalpyOfMixing,<Substance NCCCO{solv}{x=0.498900}|O{solv}{x=0.501100}>,NCCCO,O,openff-2.0.0,1,-0.7389106693264436,0.0463312399431568,-2.462,0.05
17484,159,dhmix_65921650414250861,159,EnthalpyOfMixing,<Substance CCOC(=O)CC(C)=O{solv}{x=0.499500}|CCO{solv}{x=0.500500}>,CCO,CCOC(=O)CC(C)=O,openff-2.0.0,1,1.3728302836009902,0.0337320259058082,1.7079,0.0183
17485,160,dhmix_546962203716710778,160,EnthalpyOfMixing,<Substance CCOC(=O)CC(C)=O{solv}{x=0.299400}|CCO{solv}{x=0.700600}>,CCO,CCOC(=O)CC(C)=O,openff-2.0.0,1,1.2220168596227552,0.0371074293032918,1.4925,0.01605
17486,161,dens_989479368116300355,161,Density,<Substance CCOC(=O)CC(C)=O{solv}{x=0.500000}|CCO{solv}{x=0.500000}>,CCO,CCOC(=O)CC(C)=O,openff-2.0.0,1,0.9515410427193498,0.0002312075710907,0.9484700000000004,0.000155
17487,162,dens_1726065156375824332,162,Density,<Substance CCOC(=O)CC(C)=O{solv}{x=0.250000}|CCO{solv}{x=0.750000}>,CCO,CCOC(=O)CC(C)=O,openff-2.0.0,1,0.8898309907896954,0.0002857694901533,0.8856300000000003,0.00017
17488,163,dens_1736679431098209973,163,Density,<Substance CCOC(=O)CC(C)=O{solv}{x=0.750000}|CCO{solv}{x=0.250000}>,CCO,CCOC(=O)CC(C)=O,openff-2.0.0,1,0.9940902645558066,0.0002072073255476,0.9917100000000004,0.00017
17489,164,dhmix_2221487218644783272,164,EnthalpyOfMixing,<Substance CCOC(=O)CC(C)=O{solv}{x=0.700800}|CCO{solv}{x=0.299200}>,CCO,CCOC(=O)CC(C)=O,openff-2.0.0,1,0.9420534953589907,0.0446690289389911,1.478,0.0159
17490,165,dhmix_68947190908856741,165,EnthalpyOfMixing,<Substance C1COCCO1{solv}{x=0.250000}|O=C1CCCC1{solv}{x=0.750000}>,C1COCCO1,O=C1CCCC1,openff-2.0.0,1,-0.0686420547769728,0.0428280223792926,0.04589,0.00057
17491,166,dens_225413782402822877,166,Density,<Substance C1COCCO1{solv}{x=0.777800}|O=C1CCCC1{solv}{x=0.222200}>,C1COCCO1,O=C1CCCC1,openff-2.0.0,1,1.011654090573885,0.0002188546029444,1.0081000000000002,0.000255
17492,167,dhmix_415496698649060745,167,EnthalpyOfMixing,<Substance C1COCCO1{solv}{x=0.500000}|O=C1CCCC1{solv}{x=0.500000}>,C1COCCO1,O=C1CCCC1,openff-2.0.0,1,-0.0068085381678884,0.0377515460899113,0.07457,0.00068
17493,168,dens_803440153424346423,168,Density,<Substance C1COCCO1{solv}{x=0.506300}|O=C1CCCC1{solv}{x=0.493700}>,C1COCCO1,O=C1CCCC1,openff-2.0.0,1,0.9771018926619072,0.0002688586416219,0.9849200000000002,0.00025
17494,169,dens_1553194080174872005,169,Density,<Substance C1COCCO1{solv}{x=0.243600}|O=C1CCCC1{solv}{x=0.756400}>,C1COCCO1,O=C1CCCC1,openff-2.0.0,1,0.9455998657686078,0.0002226621286964,0.9633500000000004,0.000245
17495,170,dhmix_1852349497898107924,170,EnthalpyOfMixing,<Substance C1COCCO1{solv}{x=0.750000}|O=C1CCCC1{solv}{x=0.250000}>,C1COCCO1,O=C1CCCC1,openff-2.0.0,1,0.0644910200564368,0.0418257782957154,0.07097,0.000665
17496,171,dhmix_71170350241685196,171,EnthalpyOfMixing,<Substance COC(C)(C)C{solv}{x=0.749000}|ClC(Cl)Cl{solv}{x=0.251000}>,COC(C)(C)C,ClC(Cl)Cl,openff-2.0.0,1,-1.14858289133565,0.0380517649336489,-1.9,0.077
17497,172,dens_554111049740737271,172,Density,<Substance COC(C)(C)C{solv}{x=0.454000}|ClC(Cl)Cl{solv}{x=0.546000}>,COC(C)(C)C,ClC(Cl)Cl,openff-2.0.0,1,1.1293729022303258,0.0003672524203277,1.0838000000000003,0.00015
17498,173,dhmix_1691495556773848750,173,EnthalpyOfMixing,<Substance COC(C)(C)C{solv}{x=0.484000}|ClC(Cl)Cl{solv}{x=0.516000}>,COC(C)(C)C,ClC(Cl)Cl,openff-2.0.0,1,-1.6546759520158505,0.0367274783662238,-2.1,0.0845
17499,174,dens_1874337336846858625,174,Density,<Substance COC(C)(C)C{solv}{x=0.276000}|ClC(Cl)Cl{solv}{x=0.724000}>,COC(C)(C)C,ClC(Cl)Cl,openff-2.0.0,1,1.2912872875815686,0.000462625482542,1.2259000000000004,0.0002
17500,175,dens_2136498248834183810,175,Density,<Substance COC(C)(C)C{solv}{x=0.728600}|ClC(Cl)Cl{solv}{x=0.271400}>,COC(C)(C)C,ClC(Cl)Cl,openff-2.0.0,1,0.92022162081273,0.000293107447821,0.8956000000000003,0.00015
17501,176,dhmix_2232264038422377060,176,EnthalpyOfMixing,<Substance COC(C)(C)C{solv}{x=0.220000}|ClC(Cl)Cl{solv}{x=0.780000}>,COC(C)(C)C,ClC(Cl)Cl,openff-2.0.0,1,-1.1278350921975786,0.0302158321079843,-1.5,0.0605
17502,177,dhmix_73322629991074290,177,EnthalpyOfMixing,<Substance CCC(C)=O{solv}{x=0.212400}|CCN(CC)CC{solv}{x=0.787600}>,CCC(C)=O,CCN(CC)CC,openff-2.0.0,1,0.6397065189099749,0.0456740219663852,0.57,0.006
17503,178,dens_317201778138256714,178,Density,<Substance CCC(C)=O{solv}{x=0.261000}|CCN(CC)CC{solv}{x=0.739000}>,CCC(C)=O,CCN(CC)CC,openff-2.0.0,1,0.731648620854401,0.000167415331675,0.7361510000000001,0.000106
17504,179,dens_544322850735592196,179,Density,<Substance CCC(C)=O{solv}{x=0.510600}|CCN(CC)CC{solv}{x=0.489400}>,CCC(C)=O,CCN(CC)CC,openff-2.0.0,1,0.7436507480326339,0.0002277011855607,0.7527560000000002,0.0001045
17505,180,dhmix_690665189446107141,180,EnthalpyOfMixing,<Substance CCC(C)=O{solv}{x=0.496700}|CCN(CC)CC{solv}{x=0.503300}>,CCC(C)=O,CCN(CC)CC,openff-2.0.0,1,0.7281422147571845,0.0402066217824598,0.746,0.008
17506,181,dhmix_935249702283890201,181,EnthalpyOfMixing,<Substance CCC(C)=O{solv}{x=0.789300}|CCN(CC)CC{solv}{x=0.210700}>,CCC(C)=O,CCN(CC)CC,openff-2.0.0,1,0.4496692055369351,0.0391408266108532,0.455,0.005
17507,182,dens_1635002920322954883,182,Density,<Substance CCC(C)=O{solv}{x=0.760400}|CCN(CC)CC{solv}{x=0.239600}>,CCC(C)=O,CCN(CC)CC,openff-2.0.0,1,0.7581029575687126,0.0002498538557998,0.7738830000000002,9.900000000000003e-05
17508,183,dhmix_76833325524040726,183,EnthalpyOfMixing,<Substance C1CCCCC1{solv}{x=0.260600}|c1ccccc1{solv}{x=0.739400}>,C1CCCCC1,c1ccccc1,openff-2.0.0,1,0.7874648492218341,0.0366690876299698,0.6282,0.00695
17509,184,dens_330305790736126156,184,Density,<Substance C1CCCCC1{solv}{x=0.499600}|c1ccccc1{solv}{x=0.500400}>,C1CCCCC1,c1ccccc1,openff-2.0.0,1,0.8011118616555759,0.000248014297516,0.8136000000000002,0.0002
17510,185,dhmix_460305358266375837,185,EnthalpyOfMixing,<Substance C1CCCCC1{solv}{x=0.766800}|c1ccccc1{solv}{x=0.233200}>,C1CCCCC1,c1ccccc1,openff-2.0.0,1,0.6871207988058927,0.0420938411469543,0.5517,0.00725
17511,186,dens_1579941980285561951,186,Density,<Substance C1CCCCC1{solv}{x=0.249800}|c1ccccc1{solv}{x=0.750200}>,C1CCCCC1,c1ccccc1,openff-2.0.0,1,0.8296556115320208,0.0002340647277697,0.8405780000000002,7.05e-05
17512,187,dhmix_1824194485055356086,187,EnthalpyOfMixing,<Substance C1CCCCC1{solv}{x=0.501200}|c1ccccc1{solv}{x=0.498800}>,C1CCCCC1,c1ccccc1,openff-2.0.0,1,1.067412819341314,0.0393056759215528,0.7893,0.00655
17513,188,dens_1871885279620492514,188,Density,<Substance C1CCCCC1{solv}{x=0.732300}|c1ccccc1{solv}{x=0.267700}>,C1CCCCC1,c1ccccc1,openff-2.0.0,1,0.7794853530121033,0.0002565447420871,0.7929200000000002,7.450000000000001e-05
17514,189,dens_78518696584109468,189,Density,<Substance CN(CCO)CCO{solv}{x=0.743000}|O{solv}{x=0.257000}>,CN(CCO)CCO,O,openff-2.0.0,1,1.0370108319285378,1e-05,1.0405100000000005,0.000286
17515,190,dens_169053214615075062,190,Density,<Substance CN(CCO)CCO{solv}{x=0.257100}|O{solv}{x=0.742900}>,CN(CCO)CCO,O,openff-2.0.0,1,1.0306266138351623,1e-05,1.0522550000000004,0.000221
17516,191,dhmix_750283179383190388,191,EnthalpyOfMixing,<Substance CN(CCO)CCO{solv}{x=0.741100}|O{solv}{x=0.258900}>,CN(CCO)CCO,O,openff-2.0.0,1,-0.5737186068047038,1.2712836032923576e-05,-1.154,0.0125
17517,192,dhmix_1537351248216247854,192,EnthalpyOfMixing,<Substance CN(CCO)CCO{solv}{x=0.259300}|O{solv}{x=0.740700}>,CN(CCO)CCO,O,openff-2.0.0,1,-0.4826988975843349,1.2712836032923576e-05,-2.271,0.046
17518,193,dens_1700904374078825036,193,Density,<Substance CN(CCO)CCO{solv}{x=0.484900}|O{solv}{x=0.515100}>,CN(CCO)CCO,O,openff-2.0.0,1,1.0367534108207808,1e-05,1.048636,0.0002475
17519,194,dhmix_1761290393567900831,194,EnthalpyOfMixing,<Substance CN(CCO)CCO{solv}{x=0.494100}|O{solv}{x=0.505900}>,CN(CCO)CCO,O,openff-2.0.0,1,-0.8541509997832151,1.2247742649157844e-05,-2.072,0.042
17520,195,dhmix_81883535492439507,195,EnthalpyOfMixing,<Substance C1COCO1{solv}{x=0.200000}|O=C1CCCC1{solv}{x=0.800000}>,C1COCO1,O=C1CCCC1,openff-2.0.0,1,-0.0894107804756885,0.03591511212863,-0.00853,0.000425
17521,196,dens_192935635984964537,196,Density,<Substance C1COCO1{solv}{x=0.509000}|O=C1CCCC1{solv}{x=0.491000}>,C1COCO1,O=C1CCCC1,openff-2.0.0,1,0.9973290690802344,0.0002794340422018,0.9954700000000004,0.000255
17522,197,dhmix_309530351940031317,197,EnthalpyOfMixing,<Substance C1COCO1{solv}{x=0.700000}|O=C1CCCC1{solv}{x=0.300000}>,C1COCO1,O=C1CCCC1,openff-2.0.0,1,-0.0437785411694022,0.0311407875025991,-0.02292,0.00048
17523,198,dhmix_1480225642523009634,198,EnthalpyOfMixing,<Substance C1COCO1{solv}{x=0.500000}|O=C1CCCC1{solv}{x=0.500000}>,C1COCO1,O=C1CCCC1,openff-2.0.0,1,-0.0757035774592651,0.0370564115931638,-0.02181,0.000475
17524,199,dens_1663189314624242951,199,Density,<Substance C1COCO1{solv}{x=0.225100}|O=C1CCCC1{solv}{x=0.774900}>,C1COCO1,O=C1CCCC1,openff-2.0.0,1,0.9495775312372108,0.0002547194730001,0.9652800000000002,0.000245
17525,200,dens_1684591254659727640,200,Density,<Substance C1COCO1{solv}{x=0.789100}|O=C1CCCC1{solv}{x=0.210900}>,C1COCO1,O=C1CCCC1,openff-2.0.0,1,1.0523004919905057,0.0002831411522771,1.02957,0.00026
17526,201,dens_82854054922011802,201,Density,<Substance c1cc[nH]c1{solv}{x=0.542600}|c1ccncc1{solv}{x=0.457400}>,c1cc[nH]c1,c1ccncc1,openff-2.0.0,1,0.9834404649625303,0.0002719315483599,0.9706400000000002,5.5000000000000016e-05
17527,202,dens_332042143272324658,202,Density,<Substance c1cc[nH]c1{solv}{x=0.755400}|c1ccncc1{solv}{x=0.244600}>,c1cc[nH]c1,c1ccncc1,openff-2.0.0,1,0.982362417942598,0.0002047191294855,0.9676900000000004,5.5000000000000016e-05
17528,203,dhmix_582184351339863568,203,EnthalpyOfMixing,<Substance c1cc[nH]c1{solv}{x=0.760200}|c1ccncc1{solv}{x=0.239800}>,c1cc[nH]c1,c1ccncc1,openff-2.0.0,1,-0.0502852438263374,0.0343756157739107,-1.6452,0.01075
17529,204,dhmix_809205277185290719,204,EnthalpyOfMixing,<Substance c1cc[nH]c1{solv}{x=0.509500}|c1ccncc1{solv}{x=0.490500}>,c1cc[nH]c1,c1ccncc1,openff-2.0.0,1,-0.1488399160276401,0.0357560320253573,-2.649,0.01645
17530,205,dens_1187941919350264461,205,Density,<Substance c1cc[nH]c1{solv}{x=0.227300}|c1ccncc1{solv}{x=0.772700}>,c1cc[nH]c1,c1ccncc1,openff-2.0.0,1,0.9851891045066692,0.0002669197813136,0.9755600000000002,5.5000000000000016e-05
17531,206,dhmix_2302696180464118683,206,EnthalpyOfMixing,<Substance c1cc[nH]c1{solv}{x=0.239500}|c1ccncc1{solv}{x=0.760500}>,c1cc[nH]c1,c1ccncc1,openff-2.0.0,1,-0.1762405072136843,0.0349491587712021,-1.7662,0.01145
17532,207,dhmix_84488753175979819,207,EnthalpyOfMixing,<Substance C1CCOCC1{solv}{x=0.500000}|CCO{solv}{x=0.500000}>,C1CCOCC1,CCO,openff-2.0.0,1,0.863125062441469,0.0347802066613526,0.8491,0.00794
17533,208,dens_904236164857914889,208,Density,<Substance C1CCOCC1{solv}{x=0.701000}|CCO{solv}{x=0.299000}>,C1CCOCC1,CCO,openff-2.0.0,1,0.8575022012357091,0.0001960597566776,0.8595400000000002,8.500000000000002e-05
17534,209,dhmix_923986751684807715,209,EnthalpyOfMixing,<Substance C1CCOCC1{solv}{x=0.750000}|CCO{solv}{x=0.250000}>,C1CCOCC1,CCO,openff-2.0.0,1,0.7806081258210895,0.0379966521896876,0.75364,0.007115
17535,210,dhmix_927648698725704337,210,EnthalpyOfMixing,<Substance C1CCOCC1{solv}{x=0.250000}|CCO{solv}{x=0.750000}>,C1CCOCC1,CCO,openff-2.0.0,1,0.6276524548273485,0.0330058492914484,0.57017,0.00553
17536,211,dens_1095414448718823860,211,Density,<Substance C1CCOCC1{solv}{x=0.504000}|CCO{solv}{x=0.496000}>,C1CCOCC1,CCO,openff-2.0.0,1,0.8426305396796857,0.0002922723739369,0.8440100000000001,0.0001
17537,212,dens_1309012152943788187,212,Density,<Substance C1CCOCC1{solv}{x=0.284000}|CCO{solv}{x=0.716000}>,C1CCOCC1,CCO,openff-2.0.0,1,0.8224581979527271,0.000308075034862,0.8227400000000002,0.00012
17538,213,dens_88489471162801298,213,Density,<Substance CC(C)=O{solv}{x=0.248400}|Nc1ccccc1{solv}{x=0.751600}>,CC(C)=O,Nc1ccccc1,openff-2.0.0,1,1.01303841327497,0.0002185244825769,0.9768950000000002,0.0001055
17539,214,dens_892449093930393176,214,Density,<Substance CC(C)=O{solv}{x=0.411400}|Nc1ccccc1{solv}{x=0.588600}>,CC(C)=O,Nc1ccccc1,openff-2.0.0,1,0.9682664647215732,0.000215277529379,0.9457730000000002,0.0001285
17540,215,dens_1087594007698023193,215,Density,<Substance CC(C)=O{solv}{x=0.699300}|Nc1ccccc1{solv}{x=0.300700}>,CC(C)=O,Nc1ccccc1,openff-2.0.0,1,0.8805594926798846,0.0002626443222118,0.8786430000000003,0.000178
17541,216,dhmix_1461699545612032563,216,EnthalpyOfMixing,<Substance CC(C)=O{solv}{x=0.214500}|Nc1ccccc1{solv}{x=0.785500}>,CC(C)=O,Nc1ccccc1,openff-2.0.0,1,-0.4484335420987619,0.0464098095737591,-0.746,0.008
17542,217,dhmix_1577476208805542019,217,EnthalpyOfMixing,<Substance CC(C)=O{solv}{x=0.699100}|Nc1ccccc1{solv}{x=0.300900}>,CC(C)=O,Nc1ccccc1,openff-2.0.0,1,-0.7153125464734451,0.0367063893945938,-1.076,0.0115
17543,218,dhmix_2267661763264899390,218,EnthalpyOfMixing,<Substance CC(C)=O{solv}{x=0.410700}|Nc1ccccc1{solv}{x=0.589300}>,CC(C)=O,Nc1ccccc1,openff-2.0.0,1,-0.5514797433097485,0.0385996587228313,-1.165,0.0125
17544,219,dhmix_90851537891129625,219,EnthalpyOfMixing,<Substance C1CCOCC1{solv}{x=0.268300}|Cc1ccccn1{solv}{x=0.731700}>,C1CCOCC1,Cc1ccccn1,openff-2.0.0,1,0.0412571727251673,0.0347969258464329,0.1057,0.00105
17545,220,dhmix_975790739707505549,220,EnthalpyOfMixing,<Substance C1CCOCC1{solv}{x=0.482200}|Cc1ccccn1{solv}{x=0.517800}>,C1CCOCC1,Cc1ccccn1,openff-2.0.0,1,0.1474984447006875,0.0409515237914839,0.1728,0.00135
17546,221,dens_981500521813591443,221,Density,<Substance C1CCOCC1{solv}{x=0.491600}|Cc1ccccn1{solv}{x=0.508400}>,C1CCOCC1,Cc1ccccn1,openff-2.0.0,1,0.9131232940992544,0.0002334470483285,0.910915,0.000475
17547,222,dens_1237050172671894703,222,Density,<Substance C1CCOCC1{solv}{x=0.237300}|Cc1ccccn1{solv}{x=0.762700}>,C1CCOCC1,Cc1ccccn1,openff-2.0.0,1,0.9317686566202626,0.0002358952529623,0.9261620000000004,0.0004855
17548,223,dhmix_1841520238596708010,223,EnthalpyOfMixing,<Substance C1CCOCC1{solv}{x=0.821600}|Cc1ccccn1{solv}{x=0.178400}>,C1CCOCC1,Cc1ccccn1,openff-2.0.0,1,0.0514200150163617,0.0461239158640099,0.1352,0.0012
17549,224,dens_1852422594896475094,224,Density,<Substance C1CCOCC1{solv}{x=0.821900}|Cc1ccccn1{solv}{x=0.178100}>,C1CCOCC1,Cc1ccccn1,openff-2.0.0,1,0.879763081273878,0.0001695206903582,0.8802920000000002,0.000454
17550,225,dhmix_93676522673462266,225,EnthalpyOfMixing,<Substance CC(=O)N(C)C{solv}{x=0.702000}|ClCCCl{solv}{x=0.298000}>,CC(=O)N(C)C,ClCCCl,openff-2.0.0,1,-0.4818526689925377,0.0387098839780744,-0.706,0.004
17551,226,dens_466640151895915379,226,Density,<Substance CC(=O)N(C)C{solv}{x=0.499900}|ClCCCl{solv}{x=0.500100}>,CC(=O)N(C)C,ClCCCl,openff-2.0.0,1,1.0560908247288967,0.0003512512460444,1.0774000000000004,0.00325
17552,227,dhmix_504891727488256514,227,EnthalpyOfMixing,<Substance CC(=O)N(C)C{solv}{x=0.202000}|ClCCCl{solv}{x=0.798000}>,CC(=O)N(C)C,ClCCCl,openff-2.0.0,1,-0.3276722309348159,0.0353316314957022,-0.586,0.004
17553,228,dens_1432716574300574119,228,Density,<Substance CC(=O)N(C)C{solv}{x=0.298800}|ClCCCl{solv}{x=0.701200}>,CC(=O)N(C)C,ClCCCl,openff-2.0.0,1,1.121652787496587,0.0003621346112297,1.1413000000000002,0.00345
17554,229,dens_1909242265481868478,229,Density,<Substance CC(=O)N(C)C{solv}{x=0.700800}|ClCCCl{solv}{x=0.299200}>,CC(=O)N(C)C,ClCCCl,openff-2.0.0,1,0.9928588091349324,0.0002767551518573,1.0181000000000002,0.00305
17555,230,dhmix_2201663021806040380,230,EnthalpyOfMixing,<Substance CC(=O)N(C)C{solv}{x=0.500000}|ClCCCl{solv}{x=0.500000}>,CC(=O)N(C)C,ClCCCl,openff-2.0.0,1,-0.5470494500015164,0.0349563842186417,-0.885,0.004
17556,231,dhmix_101847702994296892,231,EnthalpyOfMixing,<Substance CCCCCCCl{solv}{x=0.790000}|CN1CCCC1=O{solv}{x=0.210000}>,CCCCCCCl,CN1CCCC1=O,openff-2.0.0,1,0.6475111245161145,0.0472122552587704,0.232,0.0025
17557,232,dhmix_275814181113182192,232,EnthalpyOfMixing,<Substance CCCCCCCl{solv}{x=0.497000}|CN1CCCC1=O{solv}{x=0.503000}>,CCCCCCCl,CN1CCCC1=O,openff-2.0.0,1,0.8992081730707753,0.0436052533074567,0.416,0.0025
17558,233,dens_441375838683668512,233,Density,<Substance CCCCCCCl{solv}{x=0.499300}|CN1CCCC1=O{solv}{x=0.500700}>,CCCCCCCl,CN1CCCC1=O,openff-2.0.0,1,0.9286526215731512,0.0002262141026844,0.9389000000000002,0.0002
17559,234,dhmix_840847840731542643,234,EnthalpyOfMixing,<Substance CCCCCCCl{solv}{x=0.203000}|CN1CCCC1=O{solv}{x=0.797000}>,CCCCCCCl,CN1CCCC1=O,openff-2.0.0,1,0.8052941548318842,0.0448707062424936,0.319,0.0025
17560,235,dens_1314691253679633833,235,Density,<Substance CCCCCCCl{solv}{x=0.298400}|CN1CCCC1=O{solv}{x=0.701600}>,CCCCCCCl,CN1CCCC1=O,openff-2.0.0,1,0.9575441725194624,0.0001917050137101,0.9715000000000004,0.0002
17561,236,dens_1366683244756558841,236,Density,<Substance CCCCCCCl{solv}{x=0.801200}|CN1CCCC1=O{solv}{x=0.198800}>,CCCCCCCl,CN1CCCC1=O,openff-2.0.0,1,0.8888940339485764,0.0002388089401482,0.8970000000000002,0.0003
17562,237,dhmix_107460606439569535,237,EnthalpyOfMixing,<Substance C1COCCO1{solv}{x=0.572500}|O=C1CCCCCC1{solv}{x=0.427500}>,C1COCCO1,O=C1CCCCCC1,openff-2.0.0,1,0.3216697612363077,0.0414799301529732,0.1032,0.00125
17563,238,dens_229535957420918177,238,Density,<Substance C1COCCO1{solv}{x=0.748900}|O=C1CCCCCC1{solv}{x=0.251100}>,C1COCCO1,O=C1CCCCCC1,openff-2.0.0,1,1.0027016613714212,0.0002052700217016,0.9994100000000002,0.00051
17564,239,dhmix_1101001475632451077,239,EnthalpyOfMixing,<Substance C1COCCO1{solv}{x=0.225200}|O=C1CCCCCC1{solv}{x=0.774800}>,C1COCCO1,O=C1CCCCCC1,openff-2.0.0,1,0.21729187294207,0.0508468145352662,0.0783,0.001
17565,240,dens_1711999737319704820,240,Density,<Substance C1COCCO1{solv}{x=0.572300}|O=C1CCCCCC1{solv}{x=0.427700}>,C1COCCO1,O=C1CCCCCC1,openff-2.0.0,1,0.9713760513750463,0.0001936468992056,0.9737000000000002,0.00051
17566,241,dens_1973863157285112004,241,Density,<Substance C1COCCO1{solv}{x=0.255500}|O=C1CCCCCC1{solv}{x=0.744500}>,C1COCCO1,O=C1CCCCCC1,openff-2.0.0,1,0.9494371084408264,0.0002310817408387,0.9616800000000002,0.000515
17567,242,dhmix_2239035738396328121,242,EnthalpyOfMixing,<Substance C1COCCO1{solv}{x=0.771600}|O=C1CCCCCC1{solv}{x=0.228400}>,C1COCCO1,O=C1CCCCCC1,openff-2.0.0,1,0.1820579061840419,0.0417541562367555,0.0694,0.0009
17568,243,dhmix_110368175234083214,243,EnthalpyOfMixing,<Substance CC#N{solv}{x=0.201600}|CCOC(C)(C)CC{solv}{x=0.798400}>,CC#N,CCOC(C)(C)CC,openff-2.0.0,1,0.4605383987467064,0.0514986822552391,0.6411,0.0087
17569,244,dhmix_565046024644834395,244,EnthalpyOfMixing,<Substance CC#N{solv}{x=0.700400}|CCOC(C)(C)CC{solv}{x=0.299600}>,CC#N,CCOC(C)(C)CC,openff-2.0.0,1,0.4456793333092008,0.031365949520137,0.8397,0.0113
17570,245,dens_865362803305469370,245,Density,<Substance CC#N{solv}{x=0.502400}|CCOC(C)(C)CC{solv}{x=0.497600}>,CC#N,CCOC(C)(C)CC,openff-2.0.0,1,0.7720383211611194,0.0002351385088575,0.7675000000000002,0.00035
17571,246,dhmix_1131176031733024874,246,EnthalpyOfMixing,<Substance CC#N{solv}{x=0.502400}|CCOC(C)(C)CC{solv}{x=0.497600}>,CC#N,CCOC(C)(C)CC,openff-2.0.0,1,0.4580716530769848,0.0398812010740186,0.9514,0.01285
17572,247,dens_1305751749890499162,247,Density,<Substance CC#N{solv}{x=0.201600}|CCOC(C)(C)CC{solv}{x=0.798400}>,CC#N,CCOC(C)(C)CC,openff-2.0.0,1,0.7693363815387393,0.0002041084074461,0.7635000000000002,0.00025
17573,248,dens_1928701304100922381,248,Density,<Substance CC#N{solv}{x=0.700400}|CCOC(C)(C)CC{solv}{x=0.299600}>,CC#N,CCOC(C)(C)CC,openff-2.0.0,1,0.7739500293953762,0.0002559515586569,0.7707000000000003,0.0005
17574,249,dhmix_112729391186229967,249,EnthalpyOfMixing,<Substance CCC(C)=O{solv}{x=0.509000}|CNc1ccccc1{solv}{x=0.491000}>,CCC(C)=O,CNc1ccccc1,openff-2.0.0,1,-0.6259930950092496,0.044086477958545,-0.816,0.009
17575,250,dens_414028029115294252,250,Density,<Substance CCC(C)=O{solv}{x=0.746300}|CNc1ccccc1{solv}{x=0.253700}>,CCC(C)=O,CNc1ccccc1,openff-2.0.0,1,0.8428189967194495,0.0002239602744432,0.8582020000000002,0.000102
17576,251,dens_559789475978651659,251,Density,<Substance CCC(C)=O{solv}{x=0.495000}|CNc1ccccc1{solv}{x=0.505000}>,CCC(C)=O,CNc1ccccc1,openff-2.0.0,1,0.9003562785917284,0.000226314327841,0.9066940000000002,0.000164
17577,252,dhmix_1637459312398636454,252,EnthalpyOfMixing,<Substance CCC(C)=O{solv}{x=0.228300}|CNc1ccccc1{solv}{x=0.771700}>,CCC(C)=O,CNc1ccccc1,openff-2.0.0,1,-0.3428061097375945,0.0469052506164686,-0.54,0.006
17578,253,dhmix_1933605864237207151,253,EnthalpyOfMixing,<Substance CCC(C)=O{solv}{x=0.705500}|CNc1ccccc1{solv}{x=0.294500}>,CCC(C)=O,CNc1ccccc1,openff-2.0.0,1,-0.5114491802878334,0.0416968359015385,-0.672,0.0075
17579,254,dens_2039660657679820411,254,Density,<Substance CCC(C)=O{solv}{x=0.258900}|CNc1ccccc1{solv}{x=0.741100}>,CCC(C)=O,CNc1ccccc1,openff-2.0.0,1,0.949218851834504,0.0002425220412893,0.9456330000000004,0.000259
17580,255,dhmix_112832411362526364,255,EnthalpyOfMixing,<Substance C=CCCCC{solv}{x=0.250000}|CCCCO{solv}{x=0.750000}>,C=CCCCC,CCCCO,openff-2.0.0,1,0.383054635092094,0.0382947628933532,0.2829,0.00333
17581,256,dhmix_385937725855980509,256,EnthalpyOfMixing,<Substance C=CCCCC{solv}{x=0.749900}|CCCCO{solv}{x=0.250100}>,C=CCCCC,CCCCO,openff-2.0.0,1,0.8888139543556406,0.0394862918584801,0.63978,0.00696
17582,257,dens_417191245012747241,257,Density,<Substance C=CCCCC{solv}{x=0.501800}|CCCCO{solv}{x=0.498200}>,C=CCCCC,CCCCO,openff-2.0.0,1,0.7173146931063538,0.0002124109440165,0.7340000000000002,0.00035
17583,258,dens_1053849773924337242,258,Density,<Substance C=CCCCC{solv}{x=0.100100}|CCCCO{solv}{x=0.899900}>,C=CCCCC,CCCCO,openff-2.0.0,1,0.7874735808660307,0.0002537820705633,0.7924000000000002,0.00035
17584,259,dhmix_1436053809694490847,259,EnthalpyOfMixing,<Substance C=CCCCC{solv}{x=0.500300}|CCCCO{solv}{x=0.499700}>,C=CCCCC,CCCCO,openff-2.0.0,1,0.7627876301315268,0.040464045508018,0.56098,0.00616
17585,260,dens_1967827958045932694,260,Density,<Substance C=CCCCC{solv}{x=0.900000}|CCCCO{solv}{x=0.100000}>,C=CCCCC,CCCCO,openff-2.0.0,1,0.6640696122980566,0.0002199414094228,0.6818000000000001,0.00035
17586,261,dhmix_113202719214912577,261,EnthalpyOfMixing,<Substance CCN(CC)CCO{solv}{x=0.700300}|O{solv}{x=0.299700}>,CCN(CC)CCO,O,openff-2.0.0,1,-0.3162109979560057,0.0456742024702037,-1.75,0.019
17587,262,dhmix_450200897960931857,262,EnthalpyOfMixing,<Substance CCN(CC)CCO{solv}{x=0.500200}|O{solv}{x=0.499800}>,CCN(CC)CCO,O,openff-2.0.0,1,-0.2245008834900801,0.039124795421554,-2.504,0.027
17588,263,dens_727880187774296815,263,Density,<Substance CCN(CC)CCO{solv}{x=0.799700}|O{solv}{x=0.200300}>,CCN(CC)CCO,O,openff-2.0.0,1,0.8710750753610786,0.0001954549734855,0.8996000000000003,0.005
17589,264,dens_943193748522476096,264,Density,<Substance CCN(CC)CCO{solv}{x=0.499700}|O{solv}{x=0.500300}>,CCN(CC)CCO,O,openff-2.0.0,1,0.8845151153965756,0.0002571303204916,0.9222000000000002,0.005
17590,265,dhmix_1628408668678458098,265,EnthalpyOfMixing,<Substance CCN(CC)CCO{solv}{x=0.200800}|O{solv}{x=0.799200}>,CCN(CC)CCO,O,openff-2.0.0,1,-0.1046645272477206,0.0281794155517834,-2.185,0.0235
17591,266,dens_1679974305630699360,266,Density,<Substance CCN(CC)CCO{solv}{x=0.193290}|O{solv}{x=0.806710}>,CCN(CC)CCO,O,openff-2.0.0,1,0.9092089858920532,0.0003923057138436,0.9615690000000002,0.000144
17592,267,dens_114257363738318755,267,Density,<Substance C1CCCCC1{solv}{x=0.754300}|CCCCCC{solv}{x=0.245700}>,C1CCCCC1,CCCCCC,openff-2.0.0,1,0.7252007076661804,0.0002072923590074,0.7392000000000002,0.00065
17593,268,dens_528453314861364780,268,Density,<Substance C1CCCCC1{solv}{x=0.234300}|CCCCCC{solv}{x=0.765700}>,C1CCCCC1,CCCCCC,openff-2.0.0,1,0.665396336230699,0.0002220754550486,0.6838300000000002,0.001655
17594,269,dens_547437695672624422,269,Density,<Substance C1CCCCC1{solv}{x=0.479300}|CCCCCC{solv}{x=0.520700}>,C1CCCCC1,CCCCCC,openff-2.0.0,1,0.6914223793420019,0.0002604392833712,0.7105500000000001,0.001555
17595,270,dhmix_728030976573858762,270,EnthalpyOfMixing,<Substance C1CCCCC1{solv}{x=0.483200}|CCCCCC{solv}{x=0.516800}>,C1CCCCC1,CCCCCC,openff-2.0.0,1,0.2805590815924006,0.0414243756088828,0.2144,0.00155
17596,271,dhmix_1406519609852245638,271,EnthalpyOfMixing,<Substance C1CCCCC1{solv}{x=0.219000}|CCCCCC{solv}{x=0.781000}>,C1CCCCC1,CCCCCC,openff-2.0.0,1,0.1996437029715707,0.0491142326053912,0.1264,0.00105
17597,272,dhmix_1819992223413741006,272,EnthalpyOfMixing,<Substance C1CCCCC1{solv}{x=0.725500}|CCCCCC{solv}{x=0.274500}>,C1CCCCC1,CCCCCC,openff-2.0.0,1,0.3963240228296172,0.038785087851565,0.199,0.00145
17598,273,dhmix_114464856611254095,273,EnthalpyOfMixing,<Substance COc1ccccc1{solv}{x=0.739800}|OCc1ccccc1{solv}{x=0.260200}>,COc1ccccc1,OCc1ccccc1,openff-2.0.0,1,0.8644487294042449,0.0441509708985493,1.0539,0.0113
17599,274,dens_844721400884986444,274,Density,<Substance COc1ccccc1{solv}{x=0.288300}|OCc1ccccc1{solv}{x=0.711700}>,COc1ccccc1,OCc1ccccc1,openff-2.0.0,1,1.0144292934609385,0.0002243552141702,1.0180000000000002,0.000135
17600,275,dens_1208569209782779179,275,Density,<Substance COc1ccccc1{solv}{x=0.491100}|OCc1ccccc1{solv}{x=0.508900}>,COc1ccccc1,OCc1ccccc1,openff-2.0.0,1,1.0025627472414138,0.000180558283283,1.0069400000000004,0.000165
17601,276,dhmix_1342325728364187329,276,EnthalpyOfMixing,<Substance COc1ccccc1{solv}{x=0.240100}|OCc1ccccc1{solv}{x=0.759900}>,COc1ccccc1,OCc1ccccc1,openff-2.0.0,1,0.608133543247078,0.0512312236634805,0.6199,0.0067
17602,277,dhmix_1596550872819493971,277,EnthalpyOfMixing,<Substance COc1ccccc1{solv}{x=0.486600}|OCc1ccccc1{solv}{x=0.513400}>,COc1ccccc1,OCc1ccccc1,openff-2.0.0,1,0.8629894134454617,0.0435722178282042,0.9688,0.0104
17603,278,dens_1833270112854727934,278,Density,<Substance COc1ccccc1{solv}{x=0.774500}|OCc1ccccc1{solv}{x=0.225500}>,COc1ccccc1,OCc1ccccc1,openff-2.0.0,1,0.9855686435196002,0.0001626795454204,0.9915900000000004,0.000215
17604,279,dens_114725786693793907,279,Density,<Substance CC(=O)O{solv}{x=0.703100}|CCO{solv}{x=0.296900}>,CC(=O)O,CCO,openff-2.0.0,1,0.9911561894068086,0.0003857278564117,0.97355,0.00021
17605,280,dens_883421079927261907,280,Density,<Substance CC(=O)O{solv}{x=0.496100}|CCO{solv}{x=0.503900}>,CC(=O)O,CCO,openff-2.0.0,1,0.9313669894199392,0.0002894206209098,0.9199600000000002,0.0002
17606,281,dens_1042567278853913615,281,Density,<Substance CC(=O)O{solv}{x=0.297100}|CCO{solv}{x=0.702900}>,CC(=O)O,CCO,openff-2.0.0,1,0.8747934891512666,0.000297849823183,0.8668600000000002,0.000195
17607,282,dhmix_129373600931207498,282,EnthalpyOfMixing,<Substance NCCNCCN{solv}{x=0.702000}|O{solv}{x=0.298000}>,NCCNCCN,O,openff-2.0.0,1,-3.2328406484095353,1.2576199743960814e-05,-3.393,0.036
17608,283,dhmix_313570094367316478,283,EnthalpyOfMixing,<Substance NCCNCCN{solv}{x=0.241600}|O{solv}{x=0.758400}>,NCCNCCN,O,openff-2.0.0,1,-3.9445002452884026,1.2779389656787214e-05,-6.523,0.0695
17609,284,dens_548243159356184104,284,Density,<Substance NCCNCCN{solv}{x=0.244900}|O{solv}{x=0.755100}>,NCCNCCN,O,openff-2.0.0,1,1.0638407870956954,1e-05,1.0275000000000003,0.0005
17610,285,dens_913992897582667960,285,Density,<Substance NCCNCCN{solv}{x=0.497400}|O{solv}{x=0.502600}>,NCCNCCN,O,openff-2.0.0,1,1.0698023407870232,1e-05,0.9928000000000002,0.0005
17611,286,dhmix_1565087976771168604,286,EnthalpyOfMixing,<Substance NCCNCCN{solv}{x=0.501000}|O{solv}{x=0.499000}>,NCCNCCN,O,openff-2.0.0,1,-3.9148032496743497,1.224745687887898e-05,-5.417,0.0575
17612,287,dens_1812124220217686569,287,Density,<Substance NCCNCCN{solv}{x=0.698800}|O{solv}{x=0.301200}>,NCCNCCN,O,openff-2.0.0,1,1.0655337855312368,1e-05,0.9718000000000002,0.0005
17613,288,dhmix_135176730945124637,288,EnthalpyOfMixing,<Substance CCCCNCCCC{solv}{x=0.751800}|CN(C)C=O{solv}{x=0.248200}>,CCCCNCCCC,CN(C)C=O,openff-2.0.0,1,0.4369079364431627,0.0506275343792404,0.782,0.025
17614,289,dens_586298674852090193,289,Density,<Substance CCCCNCCCC{solv}{x=0.726600}|CN(C)C=O{solv}{x=0.273400}>,CCCCNCCCC,CN(C)C=O,openff-2.0.0,1,0.7823057342849218,0.000179631906292,0.7828350000000002,0.0009465
17615,290,dens_711718403070096827,290,Density,<Substance CCCCNCCCC{solv}{x=0.263900}|CN(C)C=O{solv}{x=0.736100}>,CCCCNCCCC,CN(C)C=O,openff-2.0.0,1,0.8532570670562283,0.0002462107842431,0.8609240000000001,0.001053
17616,291,dhmix_1537913365058000269,291,EnthalpyOfMixing,<Substance CCCCNCCCC{solv}{x=0.249400}|CN(C)C=O{solv}{x=0.750600}>,CCCCNCCCC,CN(C)C=O,openff-2.0.0,1,0.4460934216473191,0.0427220387607312,0.921,0.029
17617,292,dhmix_1965420976556284821,292,EnthalpyOfMixing,<Substance CCCCNCCCC{solv}{x=0.501800}|CN(C)C=O{solv}{x=0.498200}>,CCCCNCCCC,CN(C)C=O,openff-2.0.0,1,0.6810817815723738,0.0450950007834475,1.113,0.0335
17618,293,dens_2298192241038151497,293,Density,<Substance CCCCNCCCC{solv}{x=0.492800}|CN(C)C=O{solv}{x=0.507200}>,CCCCNCCCC,CN(C)C=O,openff-2.0.0,1,0.8125954725030974,0.0001919369039473,0.8153440000000003,0.0009895
17619,294,dens_145031449158698048,294,Density,<Substance CN(C)C=O{solv}{x=0.498800}|ClCCCl{solv}{x=0.501200}>,CN(C)C=O,ClCCCl,openff-2.0.0,1,1.0807198497592565,0.0003307991081412,1.0957000000000003,0.00305
17620,295,dens_511894799968528211,295,Density,<Substance CN(C)C=O{solv}{x=0.197800}|ClCCCl{solv}{x=0.802200}>,CN(C)C=O,ClCCCl,openff-2.0.0,1,1.168296799899968,0.0004205240454854,1.1862000000000004,0.003
17621,296,dhmix_693792312882226719,296,EnthalpyOfMixing,<Substance CN(C)C=O{solv}{x=0.498000}|ClCCCl{solv}{x=0.502000}>,CN(C)C=O,ClCCCl,openff-2.0.0,1,-0.0158039768213384,0.0365624816699828,-0.663,0.0035
17622,297,dhmix_1364024895663592301,297,EnthalpyOfMixing,<Substance CN(C)C=O{solv}{x=0.299000}|ClCCCl{solv}{x=0.701000}>,CN(C)C=O,ClCCCl,openff-2.0.0,1,0.0232850429036801,0.0322141615371648,-0.575,0.0035
17623,298,dens_1874616475661316520,298,Density,<Substance CN(C)C=O{solv}{x=0.705400}|ClCCCl{solv}{x=0.294600}>,CN(C)C=O,ClCCCl,openff-2.0.0,1,1.0183340641615848,0.0003247236604361,1.0336,0.003
17624,299,dhmix_1965344541223753593,299,EnthalpyOfMixing,<Substance CN(C)C=O{solv}{x=0.702000}|ClCCCl{solv}{x=0.298000}>,CN(C)C=O,ClCCCl,openff-2.0.0,1,-0.0072591686139844,0.035838941997618,-0.531,0.003
17625,300,dens_145117083439077204,300,Density,<Substance CN1CCCC1=O{solv}{x=0.700300}|ClCCCCCl{solv}{x=0.299700}>,CN1CCCC1=O,ClCCCCCl,openff-2.0.0,1,1.0481589174449368,0.0002470504260019,1.0627000000000002,0.0005
17626,301,dens_872271192908107773,301,Density,<Substance CN1CCCC1=O{solv}{x=0.203400}|ClCCCCCl{solv}{x=0.796600}>,CN1CCCC1=O,ClCCCCCl,openff-2.0.0,1,1.1064445831672671,0.0002733735750649,1.1142000000000003,0.00125
17627,302,dhmix_958757583081250655,302,EnthalpyOfMixing,<Substance CN1CCCC1=O{solv}{x=0.703000}|ClCCCCCl{solv}{x=0.297000}>,CN1CCCC1=O,ClCCCCCl,openff-2.0.0,1,0.066663340081206,0.0441799702629053,-0.583,0.0035
17628,303,dens_1187888029800539390,303,Density,<Substance CN1CCCC1=O{solv}{x=0.502500}|ClCCCCCl{solv}{x=0.497500}>,CN1CCCC1=O,ClCCCCCl,openff-2.0.0,1,1.073428396868057,0.0002667665578037,1.0840000000000003,0.00075
17629,304,dhmix_1448185356234442909,304,EnthalpyOfMixing,<Substance CN1CCCC1=O{solv}{x=0.210000}|ClCCCCCl{solv}{x=0.790000}>,CN1CCCC1=O,ClCCCCCl,openff-2.0.0,1,-0.0360458024330796,0.0432442325658408,-0.406,0.003
17630,305,dhmix_1623586299486793214,305,EnthalpyOfMixing,<Substance CN1CCCC1=O{solv}{x=0.505000}|ClCCCCCl{solv}{x=0.495000}>,CN1CCCC1=O,ClCCCCCl,openff-2.0.0,1,0.060891063360529,0.0401552034523656,-0.678,0.0035
17631,306,dens_151421667269785380,306,Density,<Substance OCCOCCO{solv}{x=0.228500}|OCc1ccccc1{solv}{x=0.771500}>,OCCOCCO,OCc1ccccc1,openff-2.0.0,1,1.0518104666779764,0.0002091197526291,1.0497600000000002,0.000265
17632,307,dens_207017358130726789,307,Density,<Substance OCCOCCO{solv}{x=0.531200}|OCc1ccccc1{solv}{x=0.468800}>,OCCOCCO,OCc1ccccc1,openff-2.0.0,1,1.0762209641918987,0.0001929002269981,1.07136,0.00027
17633,308,dhmix_638869206909151198,308,EnthalpyOfMixing,<Substance OCCOCCO{solv}{x=0.765800}|OCc1ccccc1{solv}{x=0.234200}>,OCCOCCO,OCc1ccccc1,openff-2.0.0,1,-0.5889001990798874,0.0614909560569256,-0.3712,0.0073
17634,309,dhmix_884415658126351430,309,EnthalpyOfMixing,<Substance OCCOCCO{solv}{x=0.266500}|OCc1ccccc1{solv}{x=0.733500}>,OCCOCCO,OCc1ccccc1,openff-2.0.0,1,-0.4163044768336021,0.0650498879398039,-0.4216,0.0081
17635,310,dhmix_925385148369690502,310,EnthalpyOfMixing,<Substance OCCOCCO{solv}{x=0.521600}|OCc1ccccc1{solv}{x=0.478400}>,OCCOCCO,OCc1ccccc1,openff-2.0.0,1,-0.3794910413485581,0.0447924511849421,-0.4574,0.00865
17636,311,dens_1617133138157859384,311,Density,<Substance OCCOCCO{solv}{x=0.727700}|OCc1ccccc1{solv}{x=0.272300}>,OCCOCCO,OCc1ccccc1,openff-2.0.0,1,1.092276070522036,0.0002417446608864,1.0857000000000003,0.000275
17637,312,dens_155791527624482863,312,Density,<Substance CC(C)CO{solv}{x=0.279300}|CCCCBr{solv}{x=0.720700}>,CC(C)CO,CCCCBr,openff-2.0.0,1,1.1092964165886738,0.0003994813742731,1.1339800000000002,0.000305
17638,313,dhmix_549211977118470640,313,EnthalpyOfMixing,<Substance CC(C)CO{solv}{x=0.293800}|CCCCBr{solv}{x=0.706200}>,CC(C)CO,CCCCBr,openff-2.0.0,1,1.1565342376957233,0.037557672171094,1.248,0.0135
17639,314,dens_692500675577783691,314,Density,<Substance CC(C)CO{solv}{x=0.793700}|CCCCBr{solv}{x=0.206300}>,CC(C)CO,CCCCBr,openff-2.0.0,1,0.8996426098807063,0.0002776771352177,0.8962800000000002,0.00021
17640,315,dens_841415441417626311,315,Density,<Substance CC(C)CO{solv}{x=0.498900}|CCCCBr{solv}{x=0.501100}>,CC(C)CO,CCCCBr,openff-2.0.0,1,1.0239962773513045,0.0003883080101403,1.0366800000000005,0.000225
17641,316,dhmix_1400807466047438160,316,EnthalpyOfMixing,<Substance CC(C)CO{solv}{x=0.499000}|CCCCBr{solv}{x=0.501000}>,CC(C)CO,CCCCBr,openff-2.0.0,1,1.135478993478216,0.0326102114801024,1.207,0.013
17642,317,dhmix_1959880980464917582,317,EnthalpyOfMixing,<Substance CC(C)CO{solv}{x=0.702100}|CCCCBr{solv}{x=0.297900}>,CC(C)CO,CCCCBr,openff-2.0.0,1,0.7851341202181175,0.0397790020045231,0.891,0.0095
17643,318,dhmix_155924436295918663,318,EnthalpyOfMixing,<Substance OCCCO{solv}{x=0.501300}|O{solv}{x=0.498700}>,O,OCCCO,openff-2.0.0,1,0.3584690856478427,0.0258760515372633,-0.992,0.0125
17644,319,dens_867859901093068556,319,Density,<Substance OCCCO{solv}{x=0.743700}|O{solv}{x=0.256300}>,O,OCCCO,openff-2.0.0,1,1.0552921425879973,1e-05,1.0503800000000003,0.00023
17645,320,dhmix_2191722776959064631,320,EnthalpyOfMixing,<Substance OCCCO{solv}{x=0.743000}|O{solv}{x=0.257000}>,O,OCCCO,openff-2.0.0,1,0.2125616379757389,0.0365670084890938,-0.633,0.008
17646,321,dhmix_2210594516320705991,321,EnthalpyOfMixing,<Substance OCCCO{solv}{x=0.208700}|O{solv}{x=0.791300}>,O,OCCCO,openff-2.0.0,1,0.4271652052384596,0.0243064044589273,-0.924,0.012
17647,322,dens_2211391404402371237,322,Density,<Substance OCCCO{solv}{x=0.244700}|O{solv}{x=0.755300}>,O,OCCCO,openff-2.0.0,1,1.0263612178808457,1e-05,1.0381600000000004,0.00019
17648,323,dens_2211609476735134421,323,Density,<Substance OCCCO{solv}{x=0.500000}|O{solv}{x=0.500000}>,O,OCCCO,openff-2.0.0,1,1.045841814115756,1e-05,1.0492100000000002,0.000215
17649,324,dhmix_156929898609376763,324,EnthalpyOfMixing,<Substance CN(C)CCCO{solv}{x=0.800100}|O{solv}{x=0.199900}>,CN(C)CCCO,O,openff-2.0.0,1,-0.6941565423574474,0.0412479200144765,-1.26,0.0135
17650,325,dhmix_786210276753247951,325,EnthalpyOfMixing,<Substance CN(C)CCCO{solv}{x=0.199800}|O{solv}{x=0.800200}>,CN(C)CCCO,O,openff-2.0.0,1,-0.6931552918807498,0.0288755159794122,-2.514,0.027
17651,326,dens_971674883336993154,326,Density,<Substance CN(C)CCCO{solv}{x=0.289504}|O{solv}{x=0.710496}>,CN(C)CCCO,O,openff-2.0.0,1,0.9304910700959992,0.0003313354549783,0.9443,0.00285
17652,327,dhmix_1330584538745399524,327,EnthalpyOfMixing,<Substance CN(C)CCCO{solv}{x=0.501900}|O{solv}{x=0.498100}>,CN(C)CCCO,O,openff-2.0.0,1,-1.1118892800896276,0.0363611973359649,-2.706,0.029
17653,328,dens_1781759734173902013,328,Density,<Substance CN(C)CCCO{solv}{x=0.501300}|O{solv}{x=0.498700}>,CN(C)CCCO,O,openff-2.0.0,1,0.917330880975373,0.0003670593118643,0.9170700000000004,8.000000000000002e-05
17654,329,dens_2299157616447228221,329,Density,<Substance CN(C)CCCO{solv}{x=0.800600}|O{solv}{x=0.199400}>,CN(C)CCCO,O,openff-2.0.0,1,0.9050298301828908,0.0002490346620609,0.8915100000000002,9.500000000000002e-05
17655,330,dhmix_157983773008192768,330,EnthalpyOfMixing,<Substance BrCCCBr{solv}{x=0.743200}|CCCCOC(=O)CCC{solv}{x=0.256800}>,BrCCCBr,CCCCOC(=O)CCC,openff-2.0.0,1,-0.3694622644283925,1.2720448105314533e-05,0.032,0.0005
17656,331,dens_720277045338028885,331,Density,<Substance BrCCCBr{solv}{x=0.748700}|CCCCOC(=O)CCC{solv}{x=0.251300}>,BrCCCBr,CCCCOC(=O)CCC,openff-2.0.0,1,1.5481396326477557,1e-05,1.5786600000000004,0.00038
17657,332,dens_933248802608751708,332,Density,<Substance BrCCCBr{solv}{x=0.529700}|CCCCOC(=O)CCC{solv}{x=0.470300}>,BrCCCBr,CCCCOC(=O)CCC,openff-2.0.0,1,1.3007876374725116,1e-05,1.3159400000000003,0.000255
17658,333,dens_1048925802213854204,333,Density,<Substance BrCCCBr{solv}{x=0.259100}|CCCCOC(=O)CCC{solv}{x=0.740900}>,BrCCCBr,CCCCOC(=O)CCC,openff-2.0.0,1,1.0546559170260992,1e-05,1.0598600000000002,0.000145
17659,334,dhmix_1090642624443832057,334,EnthalpyOfMixing,<Substance BrCCCBr{solv}{x=0.241200}|CCCCOC(=O)CCC{solv}{x=0.758800}>,BrCCCBr,CCCCOC(=O)CCC,openff-2.0.0,1,-0.2882327887895428,1.2783434593253882e-05,-0.094,0.001
17660,335,dhmix_1649688325270115073,335,EnthalpyOfMixing,<Substance BrCCCBr{solv}{x=0.466700}|CCCCOC(=O)CCC{solv}{x=0.533300}>,BrCCCBr,CCCCOC(=O)CCC,openff-2.0.0,1,-0.5232535448864439,1.2256337136355218e-05,-0.091,0.001
17661,336,dhmix_158101159957898775,336,EnthalpyOfMixing,<Substance CCCCCl{solv}{x=0.490000}|CN1CCCC1=O{solv}{x=0.510000}>,CCCCCl,CN1CCCC1=O,openff-2.0.0,1,0.7612856248031505,0.0389898213694317,0.152,0.002
17662,337,dhmix_586880142396707079,337,EnthalpyOfMixing,<Substance CCCCCl{solv}{x=0.294000}|CN1CCCC1=O{solv}{x=0.706000}>,CCCCCl,CN1CCCC1=O,openff-2.0.0,1,0.5972408057968153,0.0426181007245041,0.145,0.002
17663,338,dens_897975104490051322,338,Density,<Substance CCCCCl{solv}{x=0.296100}|CN1CCCC1=O{solv}{x=0.703900}>,CCCCCl,CN1CCCC1=O,openff-2.0.0,1,0.9698435238295684,0.0002348927200254,0.9862000000000004,0.0001
17664,339,dens_1393365907116297965,339,Density,<Substance CCCCCl{solv}{x=0.702600}|CN1CCCC1=O{solv}{x=0.297400}>,CCCCCl,CN1CCCC1=O,openff-2.0.0,1,0.911129880040578,0.0002813489301691,0.9268000000000002,0.0001
17665,340,dhmix_1769887717174104485,340,EnthalpyOfMixing,<Substance CCCCCl{solv}{x=0.787000}|CN1CCCC1=O{solv}{x=0.213000}>,CCCCCl,CN1CCCC1=O,openff-2.0.0,1,0.4791963236609433,0.0423738749871887,0.081,0.002
17666,341,dens_2070183543451797213,341,Density,<Substance CCCCCl{solv}{x=0.494800}|CN1CCCC1=O{solv}{x=0.505200}>,CCCCCl,CN1CCCC1=O,openff-2.0.0,1,0.9422838852898467,0.0002715306868906,0.9575000000000002,0.0001
17667,342,dens_164369774990422412,342,Density,<Substance CC(C)O{solv}{x=0.764900}|CCOC=O{solv}{x=0.235100}>,CC(C)O,CCOC=O,openff-2.0.0,1,0.8376737153197742,1e-05,0.8088000000000002,0.00035
17668,343,dens_200561035496770448,343,Density,<Substance CC(C)O{solv}{x=0.265100}|CCOC=O{solv}{x=0.734900}>,CC(C)O,CCOC=O,openff-2.0.0,1,0.9174731854404924,1e-05,0.8710000000000002,0.0003
17669,344,dens_1124622586228643363,344,Density,<Substance CC(C)O{solv}{x=0.441300}|CCOC=O{solv}{x=0.558700}>,CC(C)O,CCOC=O,openff-2.0.0,1,0.8889460341464365,1e-05,0.8482000000000003,0.00035
17670,345,dens_166030075147825025,345,Density,<Substance Clc1ccccc1{solv}{x=0.467900}|c1ccccc1{solv}{x=0.532100}>,Clc1ccccc1,c1ccccc1,openff-2.0.0,1,0.986488559148569,0.0003255047425423,0.9877000000000002,0.00025
17671,346,dens_796537469137871297,346,Density,<Substance Clc1ccccc1{solv}{x=0.735800}|c1ccccc1{solv}{x=0.264200}>,Clc1ccccc1,c1ccccc1,openff-2.0.0,1,1.050452437963731,0.0002913854191223,1.0465000000000002,0.0002
17672,347,dhmix_1485547099225054006,347,EnthalpyOfMixing,<Substance Clc1ccccc1{solv}{x=0.777700}|c1ccccc1{solv}{x=0.222300}>,Clc1ccccc1,c1ccccc1,openff-2.0.0,1,-0.049617856603163,0.0379561376441472,-0.0036,0.0004
17673,348,dhmix_1808283008183194060,348,EnthalpyOfMixing,<Substance Clc1ccccc1{solv}{x=0.225800}|c1ccccc1{solv}{x=0.774200}>,Clc1ccccc1,c1ccccc1,openff-2.0.0,1,-0.0160606009214916,0.0372734367830101,-0.0046,0.0004
17674,349,dhmix_2008892820486470381,349,EnthalpyOfMixing,<Substance Clc1ccccc1{solv}{x=0.466600}|c1ccccc1{solv}{x=0.533400}>,Clc1ccccc1,c1ccccc1,openff-2.0.0,1,-0.0119170889970945,0.0374297845579101,-0.0057,0.0004
17675,350,dens_2142546524113318099,350,Density,<Substance Clc1ccccc1{solv}{x=0.293100}|c1ccccc1{solv}{x=0.706900}>,Clc1ccccc1,c1ccccc1,openff-2.0.0,1,0.9427895365825316,0.0002924461922253,0.9468000000000002,0.00025
17676,351,dhmix_166527628917371560,351,EnthalpyOfMixing,<Substance CCCCCC(C)=O{solv}{x=0.500700}|CCCNCCC{solv}{x=0.499300}>,CCCCCC(C)=O,CCCNCCC,openff-2.0.0,1,-0.0601263990103291,0.0506376226594213,0.162,0.002
17677,352,dhmix_181797488552739205,352,EnthalpyOfMixing,<Substance CCCCCC(C)=O{solv}{x=0.213200}|CCCNCCC{solv}{x=0.786800}>,CCCCCC(C)=O,CCCNCCC,openff-2.0.0,1,-0.064259595124696,0.0499392493276818,0.137,0.0015
17678,353,dens_286521458049436805,353,Density,<Substance CCCCCC(C)=O{solv}{x=0.542700}|CCCNCCC{solv}{x=0.457300}>,CCCCCC(C)=O,CCCNCCC,openff-2.0.0,1,0.7712458325344014,0.0002197158104118,0.7766620000000002,0.0001215
17679,354,dens_740930494074770103,354,Density,<Substance CCCCCC(C)=O{solv}{x=0.252600}|CCCNCCC{solv}{x=0.747400}>,CCCCCC(C)=O,CCCNCCC,openff-2.0.0,1,0.7523655707736325,0.0002156071349882,0.7540050000000001,0.0001215
17680,355,dhmix_1180133264815330249,355,EnthalpyOfMixing,<Substance CCCCCC(C)=O{solv}{x=0.788000}|CCCNCCC{solv}{x=0.212000}>,CCCCCC(C)=O,CCCNCCC,openff-2.0.0,1,-0.1249491157287536,0.050551444710731,0.088,0.001
17681,356,dens_1237727796782189302,356,Density,<Substance CCCCCC(C)=O{solv}{x=0.741800}|CCCNCCC{solv}{x=0.258200}>,CCCCCC(C)=O,CCCNCCC,openff-2.0.0,1,0.7837640703750153,0.0001851491249181,0.7918920000000003,0.00012
17682,357,dens_168376639142843665,357,Density,<Substance BrCCBr{solv}{x=0.084500}|CCOC(=O)CC{solv}{x=0.915500}>,BrCCBr,CCOC(=O)CC,openff-2.0.0,1,0.9667647760814212,0.0002630219212678,0.9671200000000002,0.001185
17683,358,dhmix_897092526028522426,358,EnthalpyOfMixing,<Substance BrCCBr{solv}{x=0.753700}|CCOC(=O)CC{solv}{x=0.246300}>,BrCCBr,CCOC(=O)CC,openff-2.0.0,1,-0.4084961953731323,0.037272724076679,0.0052,0.0008
17684,359,dhmix_1078383344298013541,359,EnthalpyOfMixing,<Substance BrCCBr{solv}{x=0.084100}|CCOC(=O)CC{solv}{x=0.915900}>,BrCCBr,CCOC(=O)CC,openff-2.0.0,1,-0.1936484469550379,0.0489207441943928,-0.0683,0.0014
17685,360,dhmix_1103515663691342839,360,EnthalpyOfMixing,<Substance BrCCBr{solv}{x=0.514000}|CCOC(=O)CC{solv}{x=0.486000}>,BrCCBr,CCOC(=O)CC,openff-2.0.0,1,-0.5091201797044675,0.0302882390856136,-0.1259,0.00205
17686,361,dens_1193015082780501702,361,Density,<Substance BrCCBr{solv}{x=0.484400}|CCOC(=O)CC{solv}{x=0.515600}>,BrCCBr,CCOC(=O)CC,openff-2.0.0,1,1.4032471170971752,0.0003750419912034,1.4136000000000002,0.001165
17687,362,dens_1660732943693703463,362,Density,<Substance BrCCBr{solv}{x=0.714800}|CCOC(=O)CC{solv}{x=0.285200}>,BrCCBr,CCOC(=O)CC,openff-2.0.0,1,1.6960766385537982,0.0003674464550832,1.7205300000000003,0.000985
17688,363,dens_172622055198885625,363,Density,<Substance CCCCOCCO{solv}{x=0.499500}|c1ccccc1{solv}{x=0.500500}>,CCCCOCCO,c1ccccc1,openff-2.0.0,1,0.8811643550199955,0.0001926716089017,0.8864700000000002,0.000795
17689,364,dens_615182082919776992,364,Density,<Substance CCCCOCCO{solv}{x=0.753500}|c1ccccc1{solv}{x=0.246500}>,CCCCOCCO,c1ccccc1,openff-2.0.0,1,0.8883848643372656,0.0001743917867535,0.8924600000000003,0.00077
17690,365,dens_1014762781474427089,365,Density,<Substance CCCCOCCO{solv}{x=0.248800}|c1ccccc1{solv}{x=0.751200}>,CCCCOCCO,c1ccccc1,openff-2.0.0,1,0.8729618624721751,0.0002447282476681,0.8790000000000002,0.00083
17691,366,dhmix_1209838039340638454,366,EnthalpyOfMixing,<Substance CCCCOCCO{solv}{x=0.729700}|c1ccccc1{solv}{x=0.270300}>,CCCCOCCO,c1ccccc1,openff-2.0.0,1,0.2554075502382318,0.0492658632208915,0.3037,0.00335
17692,367,dhmix_1416395432810708431,367,EnthalpyOfMixing,<Substance CCCCOCCO{solv}{x=0.266500}|c1ccccc1{solv}{x=0.733500}>,CCCCOCCO,c1ccccc1,openff-2.0.0,1,0.5044277681880374,0.0450467326937897,0.6895,0.00745
17693,368,dhmix_1775479338186698605,368,EnthalpyOfMixing,<Substance CCCCOCCO{solv}{x=0.503000}|c1ccccc1{solv}{x=0.497000}>,CCCCOCCO,c1ccccc1,openff-2.0.0,1,0.5031964672432139,0.0436475982015144,0.5563,0.00605
17694,369,dens_173950346939686352,369,Density,<Substance CCOC(=O)CC(=O)OCC{solv}{x=0.797800}|CO{solv}{x=0.202200}>,CCOC(=O)CC(=O)OCC,CO,openff-2.0.0,1,1.0448659571216217,0.0002009105433579,1.0336070000000002,0.0001155
17695,370,dhmix_796570713446660029,370,EnthalpyOfMixing,<Substance CCOC(=O)CC(=O)OCC{solv}{x=0.745300}|CO{solv}{x=0.254700}>,CCOC(=O)CC(=O)OCC,CO,openff-2.0.0,1,0.7715201702433916,0.0405374710396853,1.184,0.013
17696,371,dhmix_1053189657313504079,371,EnthalpyOfMixing,<Substance CCOC(=O)CC(=O)OCC{solv}{x=0.499300}|CO{solv}{x=0.500700}>,CCOC(=O)CC(=O)OCC,CO,openff-2.0.0,1,1.097562475293245,0.0401896869348059,1.426,0.0155
17697,372,dens_1109796780897697143,372,Density,<Substance CCOC(=O)CC(=O)OCC{solv}{x=0.500400}|CO{solv}{x=0.499600}>,CCOC(=O)CC(=O)OCC,CO,openff-2.0.0,1,1.0034912421874111,0.000234770504607,0.9962350000000002,9.150000000000002e-05
17698,373,dens_1145191816882985532,373,Density,<Substance CCOC(=O)CC(=O)OCC{solv}{x=0.250100}|CO{solv}{x=0.749900}>,CCOC(=O)CC(=O)OCC,CO,openff-2.0.0,1,0.9350715486645972,0.0002944806729798,0.9355040000000002,0.0001385
17699,374,dhmix_1394433819711651760,374,EnthalpyOfMixing,<Substance CCOC(=O)CC(=O)OCC{solv}{x=0.251500}|CO{solv}{x=0.748500}>,CCOC(=O)CC(=O)OCC,CO,openff-2.0.0,1,0.9710156992083548,0.0348276986384642,1.083,0.0115
17700,375,dhmix_176700813960387714,375,EnthalpyOfMixing,<Substance CC(=O)N(C)C{solv}{x=0.211000}|ClCCCCCl{solv}{x=0.789000}>,CC(=O)N(C)C,ClCCCCCl,openff-2.0.0,1,-0.0581149644074088,0.0420509902863445,-0.188,0.0025
17701,376,dhmix_422276068008732896,376,EnthalpyOfMixing,<Substance CC(=O)N(C)C{solv}{x=0.506000}|ClCCCCCl{solv}{x=0.494000}>,CC(=O)N(C)C,ClCCCCCl,openff-2.0.0,1,-0.1614822198860679,0.038307080709452,-0.314,0.0025
17702,377,dhmix_591740475541975327,377,EnthalpyOfMixing,<Substance CC(=O)N(C)C{solv}{x=0.705000}|ClCCCCCl{solv}{x=0.295000}>,CC(=O)N(C)C,ClCCCCCl,openff-2.0.0,1,-0.0471437868977986,0.039582181403867,-0.281,0.0025
17703,378,dens_600718364672681210,378,Density,<Substance CC(=O)N(C)C{solv}{x=0.200100}|ClCCCCCl{solv}{x=0.799900}>,CC(=O)N(C)C,ClCCCCCl,openff-2.0.0,1,1.0866629420032972,0.000282834851766,1.0978,0.0023
17704,379,dens_833309518494254389,379,Density,<Substance CC(=O)N(C)C{solv}{x=0.698700}|ClCCCCCl{solv}{x=0.301300}>,CC(=O)N(C)C,ClCCCCCl,openff-2.0.0,1,0.9787566786076216,0.0002706991455429,1.0011000000000003,0.0023
17705,380,dens_1473570029953486090,380,Density,<Substance CC(=O)N(C)C{solv}{x=0.500900}|ClCCCCCl{solv}{x=0.499100}>,CC(=O)N(C)C,ClCCCCCl,openff-2.0.0,1,1.023219260169288,0.0002281611090877,1.0407000000000004,0.00225
17706,381,dens_176740025668330569,381,Density,<Substance C1CCCCC1{solv}{x=0.499400}|C1COCCO1{solv}{x=0.500600}>,C1CCCCC1,C1COCCO1,openff-2.0.0,1,0.8776314981500885,0.0002297861795309,0.8769800000000002,8.500000000000002e-05
17707,382,dens_476825312331327209,382,Density,<Substance C1CCCCC1{solv}{x=0.297200}|C1COCCO1{solv}{x=0.702800}>,C1CCCCC1,C1COCCO1,openff-2.0.0,1,0.9376456045175215,0.0002142774694207,0.9312200000000004,7.000000000000002e-05
17708,383,dens_985438980823024302,383,Density,<Substance C1CCCCC1{solv}{x=0.699700}|C1COCCO1{solv}{x=0.300300}>,C1CCCCC1,C1COCCO1,openff-2.0.0,1,0.8250528736012313,0.0002072522593011,0.8305800000000002,0.0001
17709,384,dhmix_1624213860575299641,384,EnthalpyOfMixing,<Substance C1CCCCC1{solv}{x=0.492800}|C1COCCO1{solv}{x=0.507200}>,C1CCCCC1,C1COCCO1,openff-2.0.0,1,1.952448348394455,0.0424312555492753,1.588,0.008
17710,385,dhmix_1900199136965747019,385,EnthalpyOfMixing,<Substance C1CCCCC1{solv}{x=0.239400}|C1COCCO1{solv}{x=0.760600}>,C1CCCCC1,C1COCCO1,openff-2.0.0,1,1.369403628060013,0.0425137158005296,1.124,0.007
17711,386,dhmix_2022274493214392184,386,EnthalpyOfMixing,<Substance C1CCCCC1{solv}{x=0.744200}|C1COCCO1{solv}{x=0.255800}>,C1CCCCC1,C1COCCO1,openff-2.0.0,1,1.6654995492862383,0.045967133640441,1.262,0.007
17712,387,dhmix_182795551078530810,387,EnthalpyOfMixing,<Substance C1COCCO1{solv}{x=0.491200}|Cc1ccccc1Cl{solv}{x=0.508800}>,C1COCCO1,Cc1ccccc1Cl,openff-2.0.0,1,0.2959250027054736,0.0456859241481468,0.356,0.002
17713,388,dens_242592003865933955,388,Density,<Substance C1COCCO1{solv}{x=0.835700}|Cc1ccccc1Cl{solv}{x=0.164300}>,C1COCCO1,Cc1ccccc1Cl,openff-2.0.0,1,1.0387213495495309,0.0002498950276395,1.0256,0.0005
17714,389,dens_810150133181620718,389,Density,<Substance C1COCCO1{solv}{x=0.513600}|Cc1ccccc1Cl{solv}{x=0.486400}>,C1COCCO1,Cc1ccccc1Cl,openff-2.0.0,1,1.0626883600436223,0.0001906249523434,1.0536,0.0005
17715,390,dhmix_1949119093643648586,390,EnthalpyOfMixing,<Substance C1COCCO1{solv}{x=0.246200}|Cc1ccccc1Cl{solv}{x=0.753800}>,C1COCCO1,Cc1ccccc1Cl,openff-2.0.0,1,0.2780034413592034,0.0445169947438998,0.206,0.001
17716,391,dens_2161584607380261748,391,Density,<Substance C1COCCO1{solv}{x=0.226300}|Cc1ccccc1Cl{solv}{x=0.773700}>,C1COCCO1,Cc1ccccc1Cl,openff-2.0.0,1,1.0731127818277602,0.000291134919849,1.0674000000000003,0.0005
17717,392,dhmix_2190589845176325501,392,EnthalpyOfMixing,<Substance C1COCCO1{solv}{x=0.835700}|Cc1ccccc1Cl{solv}{x=0.164300}>,C1COCCO1,Cc1ccccc1Cl,openff-2.0.0,1,0.1828568175061491,0.0472256693218619,0.244,0.0015
17718,393,dens_194492664772262961,393,Density,<Substance CCCOC=O{solv}{x=0.479500}|ClCCCl{solv}{x=0.520500}>,CCCOC=O,ClCCCl,openff-2.0.0,1,1.0763728301711788,0.0003492825394644,1.0603100000000003,0.00196
17719,394,dhmix_438833720470542962,394,EnthalpyOfMixing,<Substance CCCOC=O{solv}{x=0.738500}|ClCCCl{solv}{x=0.261500}>,CCCOC=O,ClCCCl,openff-2.0.0,1,0.3454154215632172,0.0479042185065797,-0.205,0.0025
17720,395,dens_598528978367940263,395,Density,<Substance CCCOC=O{solv}{x=0.254300}|ClCCCl{solv}{x=0.745700}>,CCCOC=O,ClCCCl,openff-2.0.0,1,1.1402286187530737,0.0003580575474823,1.1418800000000005,0.002835
17721,396,dens_822197650497048256,396,Density,<Substance CCCOC=O{solv}{x=0.728100}|ClCCCl{solv}{x=0.271900}>,CCCOC=O,ClCCCl,openff-2.0.0,1,1.0045943346741384,0.0002521072950916,0.9794600000000002,0.001275
17722,397,dhmix_1971772628311560569,397,EnthalpyOfMixing,<Substance CCCOC=O{solv}{x=0.503500}|ClCCCl{solv}{x=0.496500}>,CCCOC=O,ClCCCl,openff-2.0.0,1,0.2117899440643498,0.0398685729694758,-0.254,0.003
17723,398,dhmix_2087301877194561078,398,EnthalpyOfMixing,<Substance CCCOC=O{solv}{x=0.273300}|ClCCCl{solv}{x=0.726700}>,CCCOC=O,ClCCCl,openff-2.0.0,1,0.2483657350636292,0.0370681225577004,-0.154,0.002
17724,399,dens_196547737404430199,399,Density,<Substance CCC(C)(C)O{solv}{x=0.258400}|CCO{solv}{x=0.741600}>,CCC(C)(C)O,CCO,openff-2.0.0,1,0.8036398174788101,0.0003495538266785,0.7933000000000001,0.0005
17725,400,dens_476512869308734578,400,Density,<Substance CCC(C)(C)O{solv}{x=0.549500}|CCO{solv}{x=0.450500}>,CCC(C)(C)O,CCO,openff-2.0.0,1,0.8156759498143518,0.000291522391235,0.8018000000000002,0.0005
17726,401,dens_822446541953482206,401,Density,<Substance CCC(C)(C)O{solv}{x=0.676500}|CCO{solv}{x=0.323500}>,CCC(C)(C)O,CCO,openff-2.0.0,1,0.8191100186343959,0.0003005372618688,0.8048000000000002,0.0005
17727,402,dhmix_935690434592096067,402,EnthalpyOfMixing,<Substance CCC(C)(C)O{solv}{x=0.460700}|CCO{solv}{x=0.539300}>,CCC(C)(C)O,CCO,openff-2.0.0,1,-1.1192145499105948,0.0440434849751396,-0.95,0.00405
17728,403,dhmix_1167190373485301023,403,EnthalpyOfMixing,<Substance CCC(C)(C)O{solv}{x=0.730600}|CCO{solv}{x=0.269400}>,CCC(C)(C)O,CCO,openff-2.0.0,1,-0.919451198416496,0.0500044560263522,-0.7709,0.00335
17729,404,dhmix_1275914601266938667,404,EnthalpyOfMixing,<Substance CCC(C)(C)O{solv}{x=0.280700}|CCO{solv}{x=0.719300}>,CCC(C)(C)O,CCO,openff-2.0.0,1,-0.7312642448161029,0.0389974330611044,-0.7056,0.0031
17730,405,dens_196896428021674416,405,Density,<Substance OCCCCO{solv}{x=0.250400}|O{solv}{x=0.749600}>,O,OCCCCO,openff-2.0.0,1,1.008812276569062,1e-05,1.0206500000000005,0.000165
17731,406,dhmix_204758826312645465,406,EnthalpyOfMixing,<Substance OCCCCO{solv}{x=0.498600}|O{solv}{x=0.501400}>,O,OCCCCO,openff-2.0.0,1,0.4342741353070458,0.0302633510142532,-0.882,0.011
17732,407,dens_523660418548538159,407,Density,<Substance OCCCCO{solv}{x=0.502000}|O{solv}{x=0.498000}>,O,OCCCCO,openff-2.0.0,1,1.018389089167313,1e-05,1.0207100000000002,0.000175
17733,408,dhmix_1424462945700338266,408,EnthalpyOfMixing,<Substance OCCCCO{solv}{x=0.794700}|O{solv}{x=0.205300}>,O,OCCCCO,openff-2.0.0,1,0.0319890128616435,0.0561182284399793,-0.513,0.007
17734,409,dhmix_2166372532060643622,409,EnthalpyOfMixing,<Substance OCCCCO{solv}{x=0.265800}|O{solv}{x=0.734200}>,O,OCCCCO,openff-2.0.0,1,0.4977817815785324,0.0280751871632001,-0.896,0.0115
17735,410,dens_2215793475715067258,410,Density,<Substance OCCCCO{solv}{x=0.752800}|O{solv}{x=0.247200}>,O,OCCCCO,openff-2.0.0,1,1.022369015690241,1e-05,1.0165900000000003,0.00018
17736,411,dhmix_199788824133179829,411,EnthalpyOfMixing,<Substance CNc1ccccc1{solv}{x=0.497300}|Cc1ccccc1{solv}{x=0.502700}>,CNc1ccccc1,Cc1ccccc1,openff-2.0.0,1,0.8492335634991406,0.037286768929744,0.497,0.0055
17737,412,dens_515118724178190757,412,Density,<Substance CNc1ccccc1{solv}{x=0.740700}|Cc1ccccc1{solv}{x=0.259300}>,CNc1ccccc1,Cc1ccccc1,openff-2.0.0,1,0.9596631681337484,0.0001751049389991,0.9531280000000004,0.0002595
17738,413,dens_730775902780400634,413,Density,<Substance CNc1ccccc1{solv}{x=0.245200}|Cc1ccccc1{solv}{x=0.754800}>,CNc1ccccc1,Cc1ccccc1,openff-2.0.0,1,0.8887981823454603,0.0002321176896676,0.8935250000000002,0.000118
17739,414,dhmix_1213795502778853356,414,EnthalpyOfMixing,<Substance CNc1ccccc1{solv}{x=0.295200}|Cc1ccccc1{solv}{x=0.704800}>,CNc1ccccc1,Cc1ccccc1,openff-2.0.0,1,0.7687839713076983,0.0438037324613396,0.459,0.005
17740,415,dhmix_1321810550349826496,415,EnthalpyOfMixing,<Substance CNc1ccccc1{solv}{x=0.789200}|Cc1ccccc1{solv}{x=0.210800}>,CNc1ccccc1,Cc1ccccc1,openff-2.0.0,1,0.6399175947176161,0.0494136783857975,0.287,0.003
17741,416,dens_2156484405108449314,416,Density,<Substance CNc1ccccc1{solv}{x=0.490000}|Cc1ccccc1{solv}{x=0.510000}>,CNc1ccccc1,Cc1ccccc1,openff-2.0.0,1,0.9239964927983796,0.0001547280262281,0.9235800000000004,0.000164
17742,417,dens_199829369486957606,417,Density,<Substance CC#N{solv}{x=0.200300}|c1ccccc1{solv}{x=0.799700}>,CC#N,c1ccccc1,openff-2.0.0,1,0.854635951784171,0.0003096277494658,0.8623400000000002,7.000000000000002e-05
17743,418,dhmix_217315956534335620,418,EnthalpyOfMixing,<Substance CC#N{solv}{x=0.771500}|c1ccccc1{solv}{x=0.228500}>,CC#N,c1ccccc1,openff-2.0.0,1,0.0206032136810705,0.0236982002275009,0.3988,0.00815
17744,419,dhmix_730497723685339496,419,EnthalpyOfMixing,<Substance CC#N{solv}{x=0.219600}|c1ccccc1{solv}{x=0.780400}>,CC#N,c1ccccc1,openff-2.0.0,1,-0.0429369137074076,0.0373915245011177,0.2399,0.00495
17745,420,dhmix_1038591828122641798,420,EnthalpyOfMixing,<Substance CC#N{solv}{x=0.529500}|c1ccccc1{solv}{x=0.470500}>,CC#N,c1ccccc1,openff-2.0.0,1,-0.0396578846908255,0.0301658308916163,0.4415,0.00905
17746,421,dens_1457706963514561052,421,Density,<Substance CC#N{solv}{x=0.500100}|c1ccccc1{solv}{x=0.499900}>,CC#N,c1ccccc1,openff-2.0.0,1,0.8322734598993641,0.0003138428679826,0.8384600000000002,7.500000000000002e-05
17747,422,dens_2111393000623474162,422,Density,<Substance CC#N{solv}{x=0.700200}|c1ccccc1{solv}{x=0.299800}>,CC#N,c1ccccc1,openff-2.0.0,1,0.8136858443523428,0.0002895003826628,0.8174500000000002,7.500000000000002e-05
17748,423,dens_201591193434833206,423,Density,<Substance CC(C)CC(C)(C)C{solv}{x=0.082400}|CCO{solv}{x=0.917600}>,CC(C)CC(C)(C)C,CCO,openff-2.0.0,1,0.7649639956960163,0.0002855623056571,0.7605800000000003,0.000125
17749,424,dhmix_371477530823830451,424,EnthalpyOfMixing,<Substance CC(C)CC(C)(C)C{solv}{x=0.761700}|CCO{solv}{x=0.238300}>,CC(C)CC(C)(C)C,CCO,openff-2.0.0,1,0.7517287442162797,0.0489450938095706,0.634022,0.006851
17750,425,dhmix_1127868571780691876,425,EnthalpyOfMixing,<Substance CC(C)CC(C)(C)C{solv}{x=0.515800}|CCO{solv}{x=0.484200}>,CC(C)CC(C)(C)C,CCO,openff-2.0.0,1,0.9341226815531912,0.0441304323490268,0.638973,0.006903
17751,426,dens_1250915879314267304,426,Density,<Substance CC(C)CC(C)(C)C{solv}{x=0.493740}|CCO{solv}{x=0.506260}>,CC(C)CC(C)(C)C,CCO,openff-2.0.0,1,0.727035495854519,0.0002131915638895,0.7110500000000001,7.500000000000002e-05
17752,427,dens_1473791133383705310,427,Density,<Substance CC(C)CC(C)(C)C{solv}{x=0.735960}|CCO{solv}{x=0.264040}>,CC(C)CC(C)(C)C,CCO,openff-2.0.0,1,0.7164680490910804,0.0002114407268873,0.6967900000000001,7.500000000000002e-05
17753,428,dhmix_1870637719976274804,428,EnthalpyOfMixing,<Substance CC(C)CC(C)(C)C{solv}{x=0.081500}|CCO{solv}{x=0.918500}>,CC(C)CC(C)(C)C,CCO,openff-2.0.0,1,0.3132435357264356,0.036384865635788,0.197762,0.0022405
17754,429,dens_202472488934755108,429,Density,<Substance CCC#N{solv}{x=0.301800}|CCOC(C)(C)C{solv}{x=0.698200}>,CCC#N,CCOC(C)(C)C,openff-2.0.0,1,0.7606589390859176,0.0002210472462658,0.7455000000000002,0.0002
17755,430,dens_266175665931869051,430,Density,<Substance CCC#N{solv}{x=0.701400}|CCOC(C)(C)C{solv}{x=0.298600}>,CCC#N,CCOC(C)(C)C,openff-2.0.0,1,0.771063633339954,0.0002518194418005,0.7617000000000003,0.00035
17756,431,dhmix_801664072836508009,431,EnthalpyOfMixing,<Substance CCC#N{solv}{x=0.301800}|CCOC(C)(C)C{solv}{x=0.698200}>,CCC#N,CCOC(C)(C)C,openff-2.0.0,1,0.1874766285232567,0.0312959169420591,0.4557,0.0062
17757,432,dhmix_1220778152018571786,432,EnthalpyOfMixing,<Substance CCC#N{solv}{x=0.501400}|CCOC(C)(C)C{solv}{x=0.498600}>,CCC#N,CCOC(C)(C)C,openff-2.0.0,1,0.2097604347639219,0.0422635003050189,0.5053,0.00685
17758,433,dhmix_1838699488178562925,433,EnthalpyOfMixing,<Substance CCC#N{solv}{x=0.701400}|CCOC(C)(C)C{solv}{x=0.298600}>,CCC#N,CCOC(C)(C)C,openff-2.0.0,1,0.1835432794436258,0.0323013541072292,0.4078,0.0056
17759,434,dens_1870081876609026392,434,Density,<Substance CCC#N{solv}{x=0.501400}|CCOC(C)(C)C{solv}{x=0.498600}>,CCC#N,CCOC(C)(C)C,openff-2.0.0,1,0.766432925734448,0.0002581945709516,0.7532000000000002,0.0003
17760,435,dens_205210513551931414,435,Density,<Substance CCCC#N{solv}{x=0.200000}|c1ccccc1{solv}{x=0.800000}>,CCCC#N,c1ccccc1,openff-2.0.0,1,0.8504785915985985,0.0002561013070235,0.8576940000000002,5.400000000000001e-05
17761,436,dens_841576887891022329,436,Density,<Substance CCCC#N{solv}{x=0.500000}|c1ccccc1{solv}{x=0.500000}>,CCCC#N,c1ccccc1,openff-2.0.0,1,0.8263399749255098,0.0002748466350791,0.8318550000000002,5.8000000000000014e-05
17762,437,dhmix_901910638840590393,437,EnthalpyOfMixing,<Substance CCCC#N{solv}{x=0.503700}|c1ccccc1{solv}{x=0.496300}>,CCCC#N,c1ccccc1,openff-2.0.0,1,-0.0237809315683108,0.0358687602165496,-0.0659,0.00145
17763,438,dhmix_1123099162248680479,438,EnthalpyOfMixing,<Substance CCCC#N{solv}{x=0.752800}|c1ccccc1{solv}{x=0.247200}>,CCCC#N,c1ccccc1,openff-2.0.0,1,-0.1056931178232787,0.0388639014955349,-0.0312,0.0008
17764,439,dhmix_1318990508180847616,439,EnthalpyOfMixing,<Substance CCCC#N{solv}{x=0.252800}|c1ccccc1{solv}{x=0.747200}>,CCCC#N,c1ccccc1,openff-2.0.0,1,-0.1716263706831142,0.035862899666569,-0.0571,0.00125
17765,440,dens_1950627772023797339,440,Density,<Substance CCCC#N{solv}{x=0.700000}|c1ccccc1{solv}{x=0.300000}>,CCCC#N,c1ccccc1,openff-2.0.0,1,0.8105101348946837,0.0002321348063541,0.8138540000000002,6.100000000000001e-05
17766,441,dhmix_207411229673186667,441,EnthalpyOfMixing,<Substance CC(C)(C)Cl{solv}{x=0.774700}|CC(C)OC(C)C{solv}{x=0.225300}>,CC(C)(C)Cl,CC(C)OC(C)C,openff-2.0.0,1,-0.023779724677027,0.0367969772321744,0.0035,0.0004
17767,442,dhmix_263164663491745943,442,EnthalpyOfMixing,<Substance CC(C)(C)Cl{solv}{x=0.551200}|CC(C)OC(C)C{solv}{x=0.448800}>,CC(C)(C)Cl,CC(C)OC(C)C,openff-2.0.0,1,-0.0644694947881703,0.0411704177767072,0.0071,0.0004
17768,443,dens_1527979990628499053,443,Density,<Substance CC(C)(C)Cl{solv}{x=0.514800}|CC(C)OC(C)C{solv}{x=0.485200}>,CC(C)(C)Cl,CC(C)OC(C)C,openff-2.0.0,1,0.7975330280222572,0.0002669661012489,0.7723510000000002,0.00042
17769,444,dens_1616242241384486673,444,Density,<Substance CC(C)(C)Cl{solv}{x=0.715200}|CC(C)OC(C)C{solv}{x=0.284800}>,CC(C)(C)Cl,CC(C)OC(C)C,openff-2.0.0,1,0.8239271820192455,0.0003119705446296,0.7971450000000002,0.0003945
17770,445,dens_2075469437997722238,445,Density,<Substance CC(C)(C)Cl{solv}{x=0.199100}|CC(C)OC(C)C{solv}{x=0.800900}>,CC(C)(C)Cl,CC(C)OC(C)C,openff-2.0.0,1,0.7610110697676794,0.0002359756465428,0.7376660000000003,0.0004545
17771,446,dhmix_2101531043492089277,446,EnthalpyOfMixing,<Substance CC(C)(C)Cl{solv}{x=0.219200}|CC(C)OC(C)C{solv}{x=0.780800}>,CC(C)(C)Cl,CC(C)OC(C)C,openff-2.0.0,1,0.016076414455,0.0488570931582245,0.007,0.0004
17772,447,dens_210389881425986721,447,Density,<Substance C1COCO1{solv}{x=0.785000}|CCCCCC(C)=O{solv}{x=0.215000}>,C1COCO1,CCCCCC(C)=O,openff-2.0.0,1,0.990020428747616,0.0002634081994739,0.9696500000000002,0.0003
17773,448,dhmix_503329310014436107,448,EnthalpyOfMixing,<Substance C1COCO1{solv}{x=0.750000}|CCCCCC(C)=O{solv}{x=0.250000}>,C1COCO1,CCCCCC(C)=O,openff-2.0.0,1,0.5433411312342571,0.0388472434930294,0.37402,0.001955
17774,449,dens_824084186033535550,449,Density,<Substance C1COCO1{solv}{x=0.507100}|CCCCCC(C)=O{solv}{x=0.492900}>,C1COCO1,CCCCCC(C)=O,openff-2.0.0,1,0.8980367252330161,0.000225167722934,0.8936300000000003,0.00034
17775,450,dens_839548343309182157,450,Density,<Substance C1COCO1{solv}{x=0.244000}|CCCCCC(C)=O{solv}{x=0.756000}>,C1COCO1,CCCCCC(C)=O,openff-2.0.0,1,0.8385097294610785,0.0002127581591596,0.8445200000000002,0.00038
17776,451,dhmix_1519451899562488304,451,EnthalpyOfMixing,<Substance C1COCO1{solv}{x=0.250000}|CCCCCC(C)=O{solv}{x=0.750000}>,C1COCO1,CCCCCC(C)=O,openff-2.0.0,1,0.3719779520109796,0.0468713955728921,0.2754,0.00155
17777,452,dhmix_1874814461447958752,452,EnthalpyOfMixing,<Substance C1COCO1{solv}{x=0.500000}|CCCCCC(C)=O{solv}{x=0.500000}>,C1COCO1,CCCCCC(C)=O,openff-2.0.0,1,0.6424636183227506,0.041332552634037,0.43148,0.00217
17778,453,dhmix_219236717194413479,453,EnthalpyOfMixing,<Substance CCOc1ccccc1{solv}{x=0.762500}|OCCCc1ccccc1{solv}{x=0.237500}>,CCOc1ccccc1,OCCCc1ccccc1,openff-2.0.0,1,0.8510720964575,0.0429196437403295,1.1164,0.01195
17779,454,dens_391027492102555874,454,Density,<Substance CCOc1ccccc1{solv}{x=0.515000}|OCCCc1ccccc1{solv}{x=0.485000}>,CCOc1ccccc1,OCCCc1ccccc1,openff-2.0.0,1,0.9690156718364052,0.0001704224980584,0.9715100000000002,0.00026
17780,455,dens_603450583692592837,455,Density,<Substance CCOc1ccccc1{solv}{x=0.707400}|OCCCc1ccccc1{solv}{x=0.292600}>,CCOc1ccccc1,OCCCc1ccccc1,openff-2.0.0,1,0.9619216646482412,0.0002082665462664,0.9634300000000002,0.00026
17781,456,dhmix_1297428070131435744,456,EnthalpyOfMixing,<Substance CCOc1ccccc1{solv}{x=0.516900}|OCCCc1ccccc1{solv}{x=0.483100}>,CCOc1ccccc1,OCCCc1ccccc1,openff-2.0.0,1,0.9712784664379795,0.050085810364303,0.989,0.0106
17782,457,dens_1659818614169719187,457,Density,<Substance CCOc1ccccc1{solv}{x=0.216400}|OCCCc1ccccc1{solv}{x=0.783600}>,CCOc1ccccc1,OCCCc1ccccc1,openff-2.0.0,1,0.980675041139464,0.000181732752727,0.9832000000000004,0.00026
17783,458,dhmix_2058966624473104004,458,EnthalpyOfMixing,<Substance CCOc1ccccc1{solv}{x=0.262900}|OCCCc1ccccc1{solv}{x=0.737100}>,CCOc1ccccc1,OCCCc1ccccc1,openff-2.0.0,1,0.7605424945683694,0.0570783936480762,0.7,0.00755
17784,459,dhmix_224977805525763267,459,EnthalpyOfMixing,<Substance OCCO{solv}{x=0.519300}|O{solv}{x=0.480700}>,O,OCCO,openff-2.0.0,1,0.1532970058370644,0.0360805766772194,-0.64,0.0035
17785,460,dhmix_454389511592218960,460,EnthalpyOfMixing,<Substance OCCO{solv}{x=0.790900}|O{solv}{x=0.209100}>,O,OCCO,openff-2.0.0,1,0.0474079168781003,0.036917905013994,-0.347,0.0025
17786,461,dens_624011570206871166,461,Density,<Substance OCCO{solv}{x=0.500560}|O{solv}{x=0.499440}>,O,OCCO,openff-2.0.0,1,1.090231121419741,0.0002689223630976,1.0923200000000002,0.0005
17787,462,dhmix_997365299263661959,462,EnthalpyOfMixing,<Substance OCCO{solv}{x=0.205100}|O{solv}{x=0.794900}>,O,OCCO,openff-2.0.0,1,0.1900767937949421,0.0250263132333878,-0.681,0.004
17788,463,dens_1521229282261002740,463,Density,<Substance OCCO{solv}{x=0.299010}|O{solv}{x=0.700990}>,O,OCCO,openff-2.0.0,1,1.0644590910537173,1e-05,1.0735400000000002,0.0005
17789,464,dens_2015496231826454735,464,Density,<Substance OCCO{solv}{x=0.706260}|O{solv}{x=0.293740}>,O,OCCO,openff-2.0.0,1,1.1074026326023694,0.0003105565065206,1.1022400000000003,0.0005
17790,465,dhmix_230261418136264651,465,EnthalpyOfMixing,<Substance CCCCOC(C)=O{solv}{x=0.700700}|CCOC(C)=O{solv}{x=0.299300}>,CCCCOC(C)=O,CCOC(C)=O,openff-2.0.0,1,0.0531510090226419,0.0462181487408408,0.0594,0.001
17791,466,dhmix_287092636460772443,466,EnthalpyOfMixing,<Substance CCCCOC(C)=O{solv}{x=0.501800}|CCOC(C)=O{solv}{x=0.498200}>,CCCCOC(C)=O,CCOC(C)=O,openff-2.0.0,1,-0.0544338889835245,0.0462092937586024,0.076,0.0012
17792,467,dens_436289636626232396,467,Density,<Substance CCCCOC(C)=O{solv}{x=0.501800}|CCOC(C)=O{solv}{x=0.498200}>,CCCCOC(C)=O,CCOC(C)=O,openff-2.0.0,1,0.8903759663743294,0.0002396474706176,0.8829000000000002,0.0002
17793,468,dens_1739528506032569134,468,Density,<Substance CCCCOC(C)=O{solv}{x=0.201200}|CCOC(C)=O{solv}{x=0.798800}>,CCCCOC(C)=O,CCOC(C)=O,openff-2.0.0,1,0.8974028929212987,0.0002422275098537,0.8889000000000001,0.0002
17794,469,dhmix_1951544232160779982,469,EnthalpyOfMixing,<Substance CCCCOC(C)=O{solv}{x=0.201200}|CCOC(C)=O{solv}{x=0.798800}>,CCCCOC(C)=O,CCOC(C)=O,openff-2.0.0,1,-0.0500072638340185,0.039491949755837,0.0524,0.0009
17795,470,dens_2199004103648094822,470,Density,<Substance CCCCOC(C)=O{solv}{x=0.700700}|CCOC(C)=O{solv}{x=0.299300}>,CCCCOC(C)=O,CCOC(C)=O,openff-2.0.0,1,0.8866526293893617,0.0001968351846702,0.8797000000000003,0.0002
17796,471,dens_230610561971140401,471,Density,<Substance CN(C)CCO{solv}{x=0.507700}|O{solv}{x=0.492300}>,CN(C)CCO,O,openff-2.0.0,1,0.9159446507356748,0.0003073176115765,0.9237220000000002,0.000504
17797,472,dens_531222131704065782,472,Density,<Substance CN(C)CCO{solv}{x=0.765200}|O{solv}{x=0.234800}>,CN(C)CCO,O,openff-2.0.0,1,0.8990238442500906,0.000201766911594,0.8989030000000002,0.0005805
17798,473,dhmix_569544738684419327,473,EnthalpyOfMixing,<Substance CN(C)CCO{solv}{x=0.536500}|O{solv}{x=0.463500}>,CN(C)CCO,O,openff-2.0.0,1,-1.9355521868746168,0.0334093313583289,-2.575,0.0525
17799,474,dens_1319192913326669904,474,Density,<Substance CN(C)CCO{solv}{x=0.264330}|O{solv}{x=0.735670}>,CN(C)CCO,O,openff-2.0.0,1,0.9356149099726292,0.0003189409243646,0.9590000000000002,0.0029
17800,475,dhmix_1669606825693628140,475,EnthalpyOfMixing,<Substance CN(C)CCO{solv}{x=0.205200}|O{solv}{x=0.794800}>,CN(C)CCO,O,openff-2.0.0,1,-1.3043810469898285,0.0252697759855605,-2.587,0.0525
17801,476,dhmix_1723343163215510297,476,EnthalpyOfMixing,<Substance CN(C)CCO{solv}{x=0.799600}|O{solv}{x=0.200400}>,CN(C)CCO,O,openff-2.0.0,1,-1.0552782157149352,0.0432080088502146,-1.247,0.0255
17802,477,dens_233554406241639981,477,Density,<Substance CC(C)CC(C)(C)C{solv}{x=0.200000}|CCCCOCCCC{solv}{x=0.800000}>,CC(C)CC(C)(C)C,CCCCOCCCC,openff-2.0.0,1,0.7505098679880977,0.0001759832247106,0.7497500000000001,0.00017
17803,478,dhmix_465541682585001245,478,EnthalpyOfMixing,<Substance CC(C)CC(C)(C)C{solv}{x=0.200400}|CCCCOCCCC{solv}{x=0.799600}>,CC(C)CC(C)(C)C,CCCCOCCCC,openff-2.0.0,1,0.0946575756768766,0.0566798717209758,0.07397,0.00099
17804,479,dhmix_1505777056782392294,479,EnthalpyOfMixing,<Substance CC(C)CC(C)(C)C{solv}{x=0.400400}|CCCCOCCCC{solv}{x=0.599600}>,CC(C)CC(C)(C)C,CCCCOCCCC,openff-2.0.0,1,0.2282471083505015,0.0445730438659928,0.11538,0.001385
17805,480,dhmix_1595104467389948583,480,EnthalpyOfMixing,<Substance CC(C)CC(C)(C)C{solv}{x=0.700500}|CCCCOCCCC{solv}{x=0.299500}>,CC(C)CC(C)(C)C,CCCCOCCCC,openff-2.0.0,1,0.2042951074420216,0.0525154716498913,0.10948,0.00133
17806,481,dens_1672861274914038509,481,Density,<Substance CC(C)CC(C)(C)C{solv}{x=0.399700}|CCCCOCCCC{solv}{x=0.600300}>,CC(C)CC(C)(C)C,CCCCOCCCC,openff-2.0.0,1,0.7403793951748743,0.0001734610885695,0.7348100000000001,0.000175
17807,482,dens_1954694146948787176,482,Density,<Substance CC(C)CC(C)(C)C{solv}{x=0.700000}|CCCCOCCCC{solv}{x=0.300000}>,CC(C)CC(C)(C)C,CCCCOCCCC,openff-2.0.0,1,0.7253546258160893,0.0002292715262164,0.7117300000000002,0.000185
17808,483,dens_234746850701826990,483,Density,<Substance CC#N{solv}{x=0.700000}|CCCCCO{solv}{x=0.300000}>,CC#N,CCCCCO,openff-2.0.0,1,0.7934755305210176,0.00028424964381,0.7924200000000001,0.000165
17809,484,dens_1261543146081029601,484,Density,<Substance CC#N{solv}{x=0.500300}|CCCCCO{solv}{x=0.499700}>,CC#N,CCCCCO,openff-2.0.0,1,0.8004592857566413,0.0002729093499785,0.7996400000000001,0.000185
17810,485,dens_1462197010819319813,485,Density,<Substance CC#N{solv}{x=0.203100}|CCCCCO{solv}{x=0.796900}>,CC#N,CCCCCO,openff-2.0.0,1,0.8089318565293016,0.0002109164388252,0.8090600000000001,0.00022
17811,486,dhmix_1595997756227951615,486,EnthalpyOfMixing,<Substance CC#N{solv}{x=0.235500}|CCCCCO{solv}{x=0.764500}>,CC#N,CCCCCO,openff-2.0.0,1,1.3479752181925164,0.0417018337393282,1.451,0.006
17812,487,dhmix_1745037615762894827,487,EnthalpyOfMixing,<Substance CC#N{solv}{x=0.516700}|CCCCCO{solv}{x=0.483300}>,CC#N,CCCCCO,openff-2.0.0,1,2.014172416796299,0.0357151038261571,2.017,0.008
17813,488,dhmix_2294048253872291609,488,EnthalpyOfMixing,<Substance CC#N{solv}{x=0.771100}|CCCCCO{solv}{x=0.228900}>,CC#N,CCCCCO,openff-2.0.0,1,1.5616708862928306,0.0311465736843,1.656,0.007
17814,489,dens_237912652331354824,489,Density,<Substance C1COCCO1{solv}{x=0.512200}|CCCC(C)=O{solv}{x=0.487800}>,C1COCCO1,CCCC(C)=O,openff-2.0.0,1,0.9014331978827492,0.0002044808575367,0.90478,0.00023
17815,490,dhmix_951401191616771155,490,EnthalpyOfMixing,<Substance C1COCCO1{solv}{x=0.750000}|CCCC(C)=O{solv}{x=0.250000}>,C1COCCO1,CCCC(C)=O,openff-2.0.0,1,0.3625421308365446,0.0397493672597503,0.23761,0.00135
17816,491,dens_1815088975543208186,491,Density,<Substance C1COCCO1{solv}{x=0.225400}|CCCC(C)=O{solv}{x=0.774600}>,C1COCCO1,CCCC(C)=O,openff-2.0.0,1,0.8324663129111346,0.0002538422876978,0.8442800000000001,0.00022
17817,492,dens_2079717107234551519,492,Density,<Substance C1COCCO1{solv}{x=0.782300}|CCCC(C)=O{solv}{x=0.217700}>,C1COCCO1,CCCC(C)=O,openff-2.0.0,1,0.9743314862622872,0.0001935899526905,0.9692000000000004,0.000245
17818,493,dhmix_2166059870593139530,493,EnthalpyOfMixing,<Substance C1COCCO1{solv}{x=0.500000}|CCCC(C)=O{solv}{x=0.500000}>,C1COCCO1,CCCC(C)=O,openff-2.0.0,1,0.3347307182103805,0.0404949841663144,0.26523,0.001455
17819,494,dhmix_2196150660196365471,494,EnthalpyOfMixing,<Substance C1COCCO1{solv}{x=0.250000}|CCCC(C)=O{solv}{x=0.750000}>,C1COCCO1,CCCC(C)=O,openff-2.0.0,1,0.2457593498804442,0.0380177642134223,0.1704,0.001085
17820,495,dhmix_243334109655928306,495,EnthalpyOfMixing,<Substance C1CCOCC1{solv}{x=0.783200}|c1ccccc1{solv}{x=0.216800}>,C1CCOCC1,c1ccccc1,openff-2.0.0,1,-0.2143517397306595,0.0442968456669964,-0.1399,0.00165
17821,496,dens_257753427541292519,496,Density,<Substance C1CCOCC1{solv}{x=0.479400}|c1ccccc1{solv}{x=0.520600}>,C1CCOCC1,c1ccccc1,openff-2.0.0,1,0.8723754872571049,0.0002247071949208,0.8778700000000003,0.000505
17822,497,dhmix_604341867718608333,497,EnthalpyOfMixing,<Substance C1CCOCC1{solv}{x=0.242500}|c1ccccc1{solv}{x=0.757500}>,C1CCOCC1,c1ccccc1,openff-2.0.0,1,-0.0734831808976537,0.0424743574559898,-0.1608,0.00185
17823,498,dens_791001710124267373,498,Density,<Substance C1CCOCC1{solv}{x=0.223900}|c1ccccc1{solv}{x=0.776100}>,C1CCOCC1,c1ccccc1,openff-2.0.0,1,0.8693717174824841,0.0002831687467826,0.8761000000000002,0.0005
17824,499,dens_1402061243325720407,499,Density,<Substance C1CCOCC1{solv}{x=0.743200}|c1ccccc1{solv}{x=0.256800}>,C1CCOCC1,c1ccccc1,openff-2.0.0,1,0.8752904453295242,0.0002561358865416,0.8789500000000002,0.000505
17825,500,dhmix_1407142629314355761,500,EnthalpyOfMixing,<Substance C1CCOCC1{solv}{x=0.498200}|c1ccccc1{solv}{x=0.501800}>,C1CCOCC1,c1ccccc1,openff-2.0.0,1,-0.1188760729325224,0.0400114889047177,-0.2365,0.00265
17826,501,dhmix_266800455813556356,501,EnthalpyOfMixing,<Substance CO{solv}{x=0.727200}|OCc1ccccc1{solv}{x=0.272800}>,CO,OCc1ccccc1,openff-2.0.0,1,-0.070518446659392,0.0313190108417771,-0.0792,0.001
17827,502,dhmix_949671607207910651,502,EnthalpyOfMixing,<Substance CO{solv}{x=0.500500}|OCc1ccccc1{solv}{x=0.499500}>,CO,OCc1ccccc1,openff-2.0.0,1,-0.1684341038155423,0.0368639936843892,-0.1408,0.00165
17828,503,dhmix_1388744759732522219,503,EnthalpyOfMixing,<Substance CO{solv}{x=0.200200}|OCc1ccccc1{solv}{x=0.799800}>,CO,OCc1ccccc1,openff-2.0.0,1,0.0002841588581219,0.0440266223075028,-0.1081,0.0013
17829,504,dens_270046772857960816,504,Density,<Substance C1CCOCC1{solv}{x=0.732100}|Cc1ccccc1{solv}{x=0.267900}>,C1CCOCC1,Cc1ccccc1,openff-2.0.0,1,0.8709110531160831,0.0002486418734649,0.8754100000000001,0.000505
17830,505,dens_324774743687652276,505,Density,<Substance C1CCOCC1{solv}{x=0.238700}|Cc1ccccc1{solv}{x=0.761300}>,C1CCOCC1,Cc1ccccc1,openff-2.0.0,1,0.8594303592275256,0.000200094134199,0.8669900000000003,0.000505
17831,506,dhmix_390107187187002597,506,EnthalpyOfMixing,<Substance C1CCOCC1{solv}{x=0.531900}|Cc1ccccc1{solv}{x=0.468100}>,C1CCOCC1,Cc1ccccc1,openff-2.0.0,1,-0.0817576581124228,0.0469195101555816,-0.2225,0.0025
17832,507,dhmix_1070320975529400325,507,EnthalpyOfMixing,<Substance C1CCOCC1{solv}{x=0.280600}|Cc1ccccc1{solv}{x=0.719400}>,C1CCOCC1,Cc1ccccc1,openff-2.0.0,1,-0.1238634498999147,0.0439620705042331,-0.1687,0.00195
17833,508,dens_1397318239527979287,508,Density,<Substance C1CCOCC1{solv}{x=0.491500}|Cc1ccccc1{solv}{x=0.508500}>,C1CCOCC1,Cc1ccccc1,openff-2.0.0,1,0.8649350029464413,0.0002384670484354,0.8715100000000002,0.000505
17834,509,dhmix_1508130989501940613,509,EnthalpyOfMixing,<Substance C1CCOCC1{solv}{x=0.741300}|Cc1ccccc1{solv}{x=0.258700}>,C1CCOCC1,Cc1ccccc1,openff-2.0.0,1,-0.0607300386657527,0.0448684883390307,-0.1629,0.0019
17835,510,dhmix_271732469428717581,510,EnthalpyOfMixing,<Substance COc1ccccc1{solv}{x=0.237400}|OCCCc1ccccc1{solv}{x=0.762600}>,COc1ccccc1,OCCCc1ccccc1,openff-2.0.0,1,0.5942709271286049,0.0536466993747866,0.6076,0.0066
17836,511,dhmix_1174392275991455181,511,EnthalpyOfMixing,<Substance COc1ccccc1{solv}{x=0.554700}|OCCCc1ccccc1{solv}{x=0.445300}>,COc1ccccc1,OCCCc1ccccc1,openff-2.0.0,1,1.040789646486843,0.0427802586251185,1.0293,0.01105
17837,512,dhmix_1179341622676685107,512,EnthalpyOfMixing,<Substance COc1ccccc1{solv}{x=0.713600}|OCCCc1ccccc1{solv}{x=0.286400}>,COc1ccccc1,OCCCc1ccccc1,openff-2.0.0,1,0.969322034801678,0.0480463379459242,1.1088,0.0119
17838,513,dens_1468428612899754720,513,Density,<Substance COc1ccccc1{solv}{x=0.747700}|OCCCc1ccccc1{solv}{x=0.252300}>,COc1ccccc1,OCCCc1ccccc1,openff-2.0.0,1,0.9766670041518922,0.0002082420796285,0.9827800000000002,0.00026
17839,514,dens_1534619098234859574,514,Density,<Substance COc1ccccc1{solv}{x=0.555100}|OCCCc1ccccc1{solv}{x=0.444900}>,COc1ccccc1,OCCCc1ccccc1,openff-2.0.0,1,0.9803142800438234,0.0001795751601026,0.9852700000000002,0.00026
17840,515,dens_2298154173340539222,515,Density,<Substance COc1ccccc1{solv}{x=0.263600}|OCCCc1ccccc1{solv}{x=0.736400}>,COc1ccccc1,OCCCc1ccccc1,openff-2.0.0,1,0.9850300981039032,0.0002779414481423,0.9885500000000002,0.00026
17841,516,dens_274848672468745759,516,Density,<Substance CCCCOC(C)=O{solv}{x=0.293400}|c1ccccc1{solv}{x=0.706600}>,CCCCOC(C)=O,c1ccccc1,openff-2.0.0,1,0.8713579186647332,0.0002434722417067,0.8736600000000002,0.00021
17842,517,dens_493354132810710227,517,Density,<Substance CCCCOC(C)=O{solv}{x=0.710500}|c1ccccc1{solv}{x=0.289500}>,CCCCOC(C)=O,c1ccccc1,openff-2.0.0,1,0.8777119426500701,0.000249960767586,0.8751500000000002,0.000335
17843,518,dhmix_754807126845437364,518,EnthalpyOfMixing,<Substance CCCCOC(C)=O{solv}{x=0.495800}|c1ccccc1{solv}{x=0.504200}>,CCCCOC(C)=O,c1ccccc1,openff-2.0.0,1,-0.1183227805747719,0.0415786934243174,-0.0245,0.001
17844,519,dens_834118541551127044,519,Density,<Substance CCCCOC(C)=O{solv}{x=0.504400}|c1ccccc1{solv}{x=0.495600}>,CCCCOC(C)=O,c1ccccc1,openff-2.0.0,1,0.8752242306549317,0.0002286288631688,0.8744300000000002,0.000265
17845,520,dhmix_1349932525480083284,520,EnthalpyOfMixing,<Substance CCCCOC(C)=O{solv}{x=0.252300}|c1ccccc1{solv}{x=0.747700}>,CCCCOC(C)=O,c1ccccc1,openff-2.0.0,1,-0.0636096019689773,0.0398687915643812,-0.014,0.0009
17846,521,dhmix_1597992980658352112,521,EnthalpyOfMixing,<Substance CCCCOC(C)=O{solv}{x=0.771400}|c1ccccc1{solv}{x=0.228600}>,CCCCOC(C)=O,c1ccccc1,openff-2.0.0,1,-0.1141878866495318,0.045545147924579,-0.0245,0.001
17847,522,dens_275501958869207518,522,Density,<Substance C1CCOCC1{solv}{x=0.226300}|Cc1ccccc1Cl{solv}{x=0.773700}>,C1CCOCC1,Cc1ccccc1Cl,openff-2.0.0,1,1.0398973434496734,0.0001761438531737,1.0396,0.0005
17848,523,dhmix_818597523255588519,523,EnthalpyOfMixing,<Substance C1CCOCC1{solv}{x=0.753300}|Cc1ccccc1Cl{solv}{x=0.246700}>,C1CCOCC1,Cc1ccccc1Cl,openff-2.0.0,1,-0.193209338465067,0.0438045938865723,-0.154,0.001
17849,524,dhmix_849121557716978550,524,EnthalpyOfMixing,<Substance C1CCOCC1{solv}{x=0.517500}|Cc1ccccc1Cl{solv}{x=0.482500}>,C1CCOCC1,Cc1ccccc1Cl,openff-2.0.0,1,-0.3768955848304642,0.0431346852620521,-0.22,0.0015
17850,525,dens_946978292781731327,525,Density,<Substance C1CCOCC1{solv}{x=0.478400}|Cc1ccccc1Cl{solv}{x=0.521600}>,C1CCOCC1,Cc1ccccc1Cl,openff-2.0.0,1,0.9923508017006706,0.0002117653263391,0.9931600000000002,0.00051
17851,526,dhmix_997266220336132741,526,EnthalpyOfMixing,<Substance C1CCOCC1{solv}{x=0.263200}|Cc1ccccc1Cl{solv}{x=0.736800}>,C1CCOCC1,Cc1ccccc1Cl,openff-2.0.0,1,-0.2600588281781881,0.04367255664287,-0.175,0.001
17852,527,dens_1191185394819541532,527,Density,<Substance C1CCOCC1{solv}{x=0.765800}|Cc1ccccc1Cl{solv}{x=0.234200}>,C1CCOCC1,Cc1ccccc1Cl,openff-2.0.0,1,0.9321872623298788,0.0002241678027071,0.9336500000000002,0.000505
17853,528,dhmix_278334692660393021,528,EnthalpyOfMixing,<Substance CCCCCCC{solv}{x=0.205900}|CNc1ccccc1{solv}{x=0.794100}>,CCCCCCC,CNc1ccccc1,openff-2.0.0,1,1.647111848876591,0.0456873642183335,1.126,0.012
17854,529,dens_480658478095207102,529,Density,<Substance CCCCCCC{solv}{x=0.740500}|CNc1ccccc1{solv}{x=0.259500}>,CCCCCCC,CNc1ccccc1,openff-2.0.0,1,0.7351674749296785,0.0002207988143666,0.7424910000000001,0.00014
17855,530,dhmix_898293423987680187,530,EnthalpyOfMixing,<Substance CCCCCCC{solv}{x=0.501700}|CNc1ccccc1{solv}{x=0.498300}>,CCCCCCC,CNc1ccccc1,openff-2.0.0,1,2.253753370366695,0.0514665862417157,1.676,0.018
17856,531,dens_1509968737377061562,531,Density,<Substance CCCCCCC{solv}{x=0.250900}|CNc1ccccc1{solv}{x=0.749100}>,CCCCCCC,CNc1ccccc1,openff-2.0.0,1,0.8923679045271546,0.0001847300742969,0.8897150000000003,0.0002615
17857,532,dhmix_1680546488782143957,532,EnthalpyOfMixing,<Substance CCCCCCC{solv}{x=0.703200}|CNc1ccccc1{solv}{x=0.296800}>,CCCCCCC,CNc1ccccc1,openff-2.0.0,1,1.90963283994256,0.0445567525726282,1.539,0.0165
17858,533,dens_2074014246120135820,533,Density,<Substance CCCCCCC{solv}{x=0.497000}|CNc1ccccc1{solv}{x=0.503000}>,CCCCCCC,CNc1ccccc1,openff-2.0.0,1,0.8071471699718844,0.0001943116839274,0.8106920000000002,0.0001785
17859,534,dens_296890921001565391,534,Density,<Substance CCCCN{solv}{x=0.755200}|CN(C)C=O{solv}{x=0.244800}>,CCCCN,CN(C)C=O,openff-2.0.0,1,0.788608724881806,0.0002887983137574,0.7762150000000002,0.000949
17860,535,dens_380536870617309130,535,Density,<Substance CCCCN{solv}{x=0.242800}|CN(C)C=O{solv}{x=0.757200}>,CCCCN,CN(C)C=O,openff-2.0.0,1,0.8785785944738437,0.0002586738529346,0.8845160000000002,0.0010795
17861,536,dhmix_493117160214491795,536,EnthalpyOfMixing,<Substance CCCCN{solv}{x=0.244100}|CN(C)C=O{solv}{x=0.755900}>,CCCCN,CN(C)C=O,openff-2.0.0,1,-0.0119280591846404,0.0379789652108648,0.245,0.008
17862,537,dhmix_789225002934078019,537,EnthalpyOfMixing,<Substance CCCCN{solv}{x=0.750200}|CN(C)C=O{solv}{x=0.249800}>,CCCCN,CN(C)C=O,openff-2.0.0,1,0.0723382758242507,0.0439622892782501,0.32,0.01
17863,538,dhmix_941321571782058819,538,EnthalpyOfMixing,<Substance CCCCN{solv}{x=0.499200}|CN(C)C=O{solv}{x=0.500800}>,CCCCN,CN(C)C=O,openff-2.0.0,1,0.1012098723610392,0.0319191889717362,0.384,0.0115
17864,539,dens_2179361372918836941,539,Density,<Substance CCCCN{solv}{x=0.497200}|CN(C)C=O{solv}{x=0.502800}>,CCCCN,CN(C)C=O,openff-2.0.0,1,0.8329875566770009,0.0002423751803588,0.8277360000000001,0.001011
17865,540,dens_300257448272323407,540,Density,<Substance CC(C)O{solv}{x=0.745200}|NCCN{solv}{x=0.254800}>,CC(C)O,NCCN,openff-2.0.0,1,0.8506352406123492,0.0002403382900777,0.8163970000000003,0.0002325
17866,541,dens_924750366683277351,541,Density,<Substance CC(C)O{solv}{x=0.203100}|NCCN{solv}{x=0.796900}>,CC(C)O,NCCN,openff-2.0.0,1,0.9706062712715764,0.0002868338293722,0.8736620000000003,0.0002225
17867,542,dens_2284409308160572308,542,Density,<Substance CC(C)O{solv}{x=0.489100}|NCCN{solv}{x=0.510900}>,CC(C)O,NCCN,openff-2.0.0,1,0.9037199687546784,0.0002569889050096,0.8449250000000001,0.0002245
17868,543,dens_305501840068636812,543,Density,<Substance CC(C)=O{solv}{x=0.750000}|CCO{solv}{x=0.250000}>,CC(C)=O,CCO,openff-2.0.0,1,0.7717497367212179,1e-05,0.7859000000000002,0.000115
17869,544,dens_472577738907297293,544,Density,<Substance CC(C)=O{solv}{x=0.250000}|CCO{solv}{x=0.750000}>,CC(C)=O,CCO,openff-2.0.0,1,0.7808622423513317,1e-05,0.7861600000000002,0.000115
17870,545,dens_2271083741716457850,545,Density,<Substance CC(C)=O{solv}{x=0.499900}|CCO{solv}{x=0.500100}>,CC(C)=O,CCO,openff-2.0.0,1,0.7753561888398548,1e-05,0.7861900000000003,0.000115
17871,546,dens_307445163336341047,546,Density,<Substance CN1CCCC1=O{solv}{x=0.703700}|ClCCCl{solv}{x=0.296300}>,CN1CCCC1=O,ClCCCl,openff-2.0.0,1,1.0696627449741718,0.0002582741837366,1.0851000000000002,0.0002
17872,547,dhmix_453866769634566853,547,EnthalpyOfMixing,<Substance CN1CCCC1=O{solv}{x=0.253100}|ClCCCl{solv}{x=0.746900}>,CN1CCCC1=O,ClCCCl,openff-2.0.0,1,-0.4168449429518119,0.0356799309185106,-0.8118,0.01525
17873,548,dhmix_536206650470008584,548,EnthalpyOfMixing,<Substance CN1CCCC1=O{solv}{x=0.500000}|ClCCCl{solv}{x=0.500000}>,CN1CCCC1=O,ClCCCl,openff-2.0.0,1,-0.5076889570785283,0.0339721665869626,-1.264,0.0055
17874,549,dens_1046625605566999080,549,Density,<Substance CN1CCCC1=O{solv}{x=0.202500}|ClCCCl{solv}{x=0.797500}>,CN1CCCC1=O,ClCCCl,openff-2.0.0,1,1.1820418253872602,0.0004117366542301,1.1953000000000005,0.00025
17875,550,dhmix_1620571823529677157,550,EnthalpyOfMixing,<Substance CN1CCCC1=O{solv}{x=0.736700}|ClCCCl{solv}{x=0.263300}>,CN1CCCC1=O,ClCCCl,openff-2.0.0,1,-0.4140542005805372,0.0378918890916866,-0.8587,0.01605
17876,551,dens_2059567022041766694,551,Density,<Substance CN1CCCC1=O{solv}{x=0.497500}|ClCCCl{solv}{x=0.502500}>,CN1CCCC1=O,ClCCCl,openff-2.0.0,1,1.1161943996586896,0.0002576346137619,1.1283000000000003,0.0002
17877,552,dens_313234519309892479,552,Density,<Substance CC(=O)N(C)C{solv}{x=0.293800}|CCCCCCCCCl{solv}{x=0.706200}>,CC(=O)N(C)C,CCCCCCCCCl,openff-2.0.0,1,0.8719895876643055,0.0002168672955435,0.8796000000000003,0.00045
17878,553,dhmix_444785917463403590,553,EnthalpyOfMixing,<Substance CC(=O)N(C)C{solv}{x=0.703000}|CCCCCCCCCl{solv}{x=0.297000}>,CC(=O)N(C)C,CCCCCCCCCl,openff-2.0.0,1,0.9293173706569178,0.0425648017701708,0.751,0.004
17879,554,dhmix_705168937124106402,554,EnthalpyOfMixing,<Substance CC(=O)N(C)C{solv}{x=0.215000}|CCCCCCCCCl{solv}{x=0.785000}>,CC(=O)N(C)C,CCCCCCCCCl,openff-2.0.0,1,0.7481415870515775,0.0533139383809454,0.519,0.0035
17880,555,dens_1549584991651515376,555,Density,<Substance CC(=O)N(C)C{solv}{x=0.502200}|CCCCCCCCCl{solv}{x=0.497800}>,CC(=O)N(C)C,CCCCCCCCCl,openff-2.0.0,1,0.8782492916483909,0.0001484040481055,0.8902000000000002,0.0004
17881,556,dhmix_1732161251827083272,556,EnthalpyOfMixing,<Substance CC(=O)N(C)C{solv}{x=0.508000}|CCCCCCCCCl{solv}{x=0.492000}>,CC(=O)N(C)C,CCCCCCCCCl,openff-2.0.0,1,0.9133940925695754,0.0459250313706254,0.829,0.004
17882,557,dens_2189889607118243828,557,Density,<Substance CC(=O)N(C)C{solv}{x=0.700500}|CCCCCCCCCl{solv}{x=0.299500}>,CC(=O)N(C)C,CCCCCCCCCl,openff-2.0.0,1,0.8862009722705956,0.000147144498623,0.9041000000000002,0.00035
17883,558,dens_314482396827660717,558,Density,<Substance BrCCBr{solv}{x=0.753700}|COC(C)=O{solv}{x=0.246300}>,BrCCBr,COC(C)=O,openff-2.0.0,1,1.845902695915808,0.000635229044394,1.8774400000000004,0.003355
17884,559,dens_344993892965738820,559,Density,<Substance BrCCBr{solv}{x=0.275200}|COC(C)=O{solv}{x=0.724800}>,BrCCBr,COC(C)=O,openff-2.0.0,1,1.286012036413792,0.000403898839455,1.2862400000000005,0.001125
17885,560,dhmix_545996968666061076,560,EnthalpyOfMixing,<Substance BrCCBr{solv}{x=0.720900}|COC(C)=O{solv}{x=0.279100}>,BrCCBr,COC(C)=O,openff-2.0.0,1,-0.0661439325900659,0.0297220970992039,0.2594,0.0028
17886,561,dens_714044009336077786,561,Density,<Substance BrCCBr{solv}{x=0.512100}|COC(C)=O{solv}{x=0.487900}>,BrCCBr,COC(C)=O,openff-2.0.0,1,1.5716367612579103,0.0004900133525022,1.5834900000000005,0.0021
17887,562,dhmix_1222511035002547253,562,EnthalpyOfMixing,<Substance BrCCBr{solv}{x=0.485500}|COC(C)=O{solv}{x=0.514500}>,BrCCBr,COC(C)=O,openff-2.0.0,1,-0.0929191436384435,0.0331160534663561,0.2577,0.00275
17888,563,dhmix_1418101673429653456,563,EnthalpyOfMixing,<Substance BrCCBr{solv}{x=0.250800}|COC(C)=O{solv}{x=0.749200}>,BrCCBr,COC(C)=O,openff-2.0.0,1,-0.0787002548615158,0.028227772658004,0.1202,0.0017
17889,564,dens_314934747194338330,564,Density,<Substance CC(C)CCl{solv}{x=0.513700}|CC(C)OC(C)C{solv}{x=0.486300}>,CC(C)CCl,CC(C)OC(C)C,openff-2.0.0,1,0.7986698127068682,0.000254457536623,0.7878250000000002,0.000405
17890,565,dhmix_355399496844187096,565,EnthalpyOfMixing,<Substance CC(C)CCl{solv}{x=0.545300}|CC(C)OC(C)C{solv}{x=0.454700}>,CC(C)CCl,CC(C)OC(C)C,openff-2.0.0,1,-0.1687332941622799,0.0445926451314791,-0.0957,0.0012
17891,566,dens_688062365117407068,566,Density,<Substance CC(C)CCl{solv}{x=0.805900}|CC(C)OC(C)C{solv}{x=0.194100}>,CC(C)CCl,CC(C)OC(C)C,openff-2.0.0,1,0.8378667020177604,0.0003281116633044,0.8355300000000002,0.0003555
17892,567,dhmix_1411881046585885461,567,EnthalpyOfMixing,<Substance CC(C)CCl{solv}{x=0.090700}|CC(C)OC(C)C{solv}{x=0.909300}>,CC(C)CCl,CC(C)OC(C)C,openff-2.0.0,1,-0.0261621506970186,0.0476174160748012,-0.0302,0.00055
17893,568,dens_1762455266351712367,568,Density,<Substance CC(C)CCl{solv}{x=0.091000}|CC(C)OC(C)C{solv}{x=0.909000}>,CC(C)CCl,CC(C)OC(C)C,openff-2.0.0,1,0.7496622967762937,0.0001589111505497,0.7293950000000001,0.000464
17894,569,dhmix_2302865667781063708,569,EnthalpyOfMixing,<Substance CC(C)CCl{solv}{x=0.727000}|CC(C)OC(C)C{solv}{x=0.273000}>,CC(C)CCl,CC(C)OC(C)C,openff-2.0.0,1,-0.1156686278823144,0.0342526759318972,-0.0791,0.001
17895,570,dens_321327254341950207,570,Density,<Substance C1COCCO1{solv}{x=0.780300}|CCCCCC(C)=O{solv}{x=0.219700}>,C1COCCO1,CCCCCC(C)=O,openff-2.0.0,1,0.9619257134857342,0.0002128009237528,0.9576500000000002,0.0003
17896,571,dens_377701756930918353,571,Density,<Substance C1COCCO1{solv}{x=0.500600}|CCCCCC(C)=O{solv}{x=0.499400}>,C1COCCO1,CCCCCC(C)=O,openff-2.0.0,1,0.8890908714218378,0.0001902487124471,0.8916700000000002,0.000345
17897,572,dhmix_600625644134907580,572,EnthalpyOfMixing,<Substance C1COCCO1{solv}{x=0.500000}|CCCCCC(C)=O{solv}{x=0.500000}>,C1COCCO1,CCCCCC(C)=O,openff-2.0.0,1,0.5936767308319304,0.0457858901902527,0.4509,0.002255
17898,573,dens_1451069448215305244,573,Density,<Substance C1COCCO1{solv}{x=0.220300}|CCCCCC(C)=O{solv}{x=0.779700}>,C1COCCO1,CCCCCC(C)=O,openff-2.0.0,1,0.8332000950310213,0.0002049885072421,0.8420800000000003,0.000385
17899,574,dhmix_2028813035406256788,574,EnthalpyOfMixing,<Substance C1COCCO1{solv}{x=0.750000}|CCCCCC(C)=O{solv}{x=0.250000}>,C1COCCO1,CCCCCC(C)=O,openff-2.0.0,1,0.5460223459051861,0.0396937322492464,0.4064,0.00209
17900,575,dhmix_2222211577832383320,575,EnthalpyOfMixing,<Substance C1COCCO1{solv}{x=0.250000}|CCCCCC(C)=O{solv}{x=0.750000}>,C1COCCO1,CCCCCC(C)=O,openff-2.0.0,1,0.3685676844595775,0.0510752267929299,0.2911,0.00164
17901,576,dhmix_325212618372456630,576,EnthalpyOfMixing,<Substance CCCCCCC{solv}{x=0.500000}|c1ccccc1{solv}{x=0.500000}>,CCCCCCC,c1ccccc1,openff-2.0.0,1,1.0615181391969202,0.0425554775485092,0.9235,0.0051
17902,577,dhmix_409350268177199962,577,EnthalpyOfMixing,<Substance CCCCCCC{solv}{x=0.751900}|c1ccccc1{solv}{x=0.248100}>,CCCCCCC,c1ccccc1,openff-2.0.0,1,0.7353002223810563,0.049732296311338,0.6047,0.0035
17903,578,dens_1685942387769177799,578,Density,<Substance CCCCCCC{solv}{x=0.913667}|c1ccccc1{solv}{x=0.086333}>,CCCCCCC,c1ccccc1,openff-2.0.0,1,0.6803803874319644,0.0001520770194619,0.6892400000000002,0.000805
17904,579,dens_2148382258223830900,579,Density,<Substance CCCCCCC{solv}{x=0.273700}|c1ccccc1{solv}{x=0.726300}>,CCCCCCC,c1ccccc1,openff-2.0.0,1,0.7736277976393995,0.0002476876975114,0.7855000000000002,0.00015
17905,580,dens_2219829254239605828,580,Density,<Substance CCCCCCC{solv}{x=0.492200}|c1ccccc1{solv}{x=0.507800}>,CCCCCCC,c1ccccc1,openff-2.0.0,1,0.7292829782638357,0.0002240107401521,0.7409000000000001,0.00015
17906,581,dhmix_2296565820723783732,581,EnthalpyOfMixing,<Substance CCCCCCC{solv}{x=0.242400}|c1ccccc1{solv}{x=0.757600}>,CCCCCCC,c1ccccc1,openff-2.0.0,1,1.018113602915264,0.0393800204894091,0.7775,0.0044
17907,582,dens_326446104630354701,582,Density,<Substance BrCCBr{solv}{x=0.728600}|CCC(=O)OC{solv}{x=0.271400}>,BrCCBr,CCC(=O)OC,openff-2.0.0,1,1.7667263138980216,0.0005896695085278,1.7949900000000003,0.00303
17908,583,dens_886315086380393150,583,Density,<Substance BrCCBr{solv}{x=0.494400}|CCC(=O)OC{solv}{x=0.505600}>,BrCCBr,CCC(=O)OC,openff-2.0.0,1,1.4788577225696875,0.0004527813176235,1.4941800000000005,0.001825
17909,584,dhmix_1410129135672303476,584,EnthalpyOfMixing,<Substance BrCCBr{solv}{x=0.491400}|CCC(=O)OC{solv}{x=0.508600}>,BrCCBr,CCC(=O)OC,openff-2.0.0,1,-0.2708469682848999,0.032970740976412,0.0195,0.00185
17910,585,dhmix_1551714230583118668,585,EnthalpyOfMixing,<Substance BrCCBr{solv}{x=0.755400}|CCC(=O)OC{solv}{x=0.244600}>,BrCCBr,CCC(=O)OC,openff-2.0.0,1,-0.217080520963691,0.0312280704074915,0.09,0.00295
17911,586,dhmix_1596310059176209101,586,EnthalpyOfMixing,<Substance BrCCBr{solv}{x=0.214800}|CCC(=O)OC{solv}{x=0.785200}>,BrCCBr,CCC(=O)OC,openff-2.0.0,1,-0.1897956519117514,0.0372563844438332,-0.0281,0.002
17912,587,dens_1860027304017736150,587,Density,<Substance BrCCBr{solv}{x=0.257000}|CCC(=O)OC{solv}{x=0.743000}>,BrCCBr,CCC(=O)OC,openff-2.0.0,1,1.1990091066285236,0.0003588384154676,1.2059400000000002,0.000915
17913,588,dhmix_334328961632702336,588,EnthalpyOfMixing,<Substance Cc1ccccc1N{solv}{x=0.492600}|Cc1cccnc1{solv}{x=0.507400}>,Cc1ccccc1N,Cc1cccnc1,openff-2.0.0,1,-1.4131700141871448,0.0445529688114162,-1.4091,0.0287
17914,589,dhmix_382843935535082222,589,EnthalpyOfMixing,<Substance Cc1ccccc1N{solv}{x=0.232300}|Cc1cccnc1{solv}{x=0.767700}>,Cc1ccccc1N,Cc1cccnc1,openff-2.0.0,1,-1.0958115491272054,0.0450402544282681,-1.1196,0.02285
17915,590,dens_890019852111400701,590,Density,<Substance Cc1ccccc1N{solv}{x=0.533600}|Cc1cccnc1{solv}{x=0.466400}>,Cc1ccccc1N,Cc1cccnc1,openff-2.0.0,1,0.9938892721923216,0.0001849173506014,0.9795770000000004,0.0001185
17916,591,dens_1033313642915027277,591,Density,<Substance Cc1ccccc1N{solv}{x=0.737200}|Cc1cccnc1{solv}{x=0.262800}>,Cc1ccccc1N,Cc1cccnc1,openff-2.0.0,1,1.0076968293663262,0.0003374510306104,0.9867010000000004,0.000118
17917,592,dhmix_1057104304179164775,592,EnthalpyOfMixing,<Substance Cc1ccccc1N{solv}{x=0.778900}|Cc1cccnc1{solv}{x=0.221100}>,Cc1ccccc1N,Cc1cccnc1,openff-2.0.0,1,-0.8941497603999551,0.052331804270919,-0.8735,0.01785
17918,593,dens_1445313714023685702,593,Density,<Substance Cc1ccccc1N{solv}{x=0.246700}|Cc1cccnc1{solv}{x=0.753300}>,Cc1ccccc1N,Cc1cccnc1,openff-2.0.0,1,0.972008403953037,0.0001998507928808,0.9668750000000004,0.00012
17919,594,dens_335631113096608920,594,Density,<Substance CCC(C)=O{solv}{x=0.501800}|CCCCNCCCC{solv}{x=0.498200}>,CCC(C)=O,CCCCNCCCC,openff-2.0.0,1,0.7629911680315928,0.0002056418061513,0.7693960000000002,9.950000000000003e-05
17920,595,dhmix_551451232292287572,595,EnthalpyOfMixing,<Substance CCC(C)=O{solv}{x=0.215400}|CCCCNCCCC{solv}{x=0.784600}>,CCC(C)=O,CCCCNCCCC,openff-2.0.0,1,0.1331824212776666,0.0483648714030918,0.417,0.0045
17921,596,dens_800787154192710377,596,Density,<Substance CCC(C)=O{solv}{x=0.260300}|CCCCNCCCC{solv}{x=0.739700}>,CCC(C)=O,CCCCNCCCC,openff-2.0.0,1,0.7591318217079579,0.0002018818784663,0.7614750000000002,0.0001005
17922,597,dhmix_1210431916849512476,597,EnthalpyOfMixing,<Substance CCC(C)=O{solv}{x=0.504400}|CCCCNCCCC{solv}{x=0.495600}>,CCC(C)=O,CCCCNCCCC,openff-2.0.0,1,0.2655327390720003,0.0458645803845949,0.619,0.0065
17923,598,dhmix_1503682496766473076,598,EnthalpyOfMixing,<Substance CCC(C)=O{solv}{x=0.792200}|CCCCNCCCC{solv}{x=0.207800}>,CCC(C)=O,CCCCNCCCC,openff-2.0.0,1,0.2191767100494814,0.0420507803683453,0.425,0.0045
17924,599,dens_2232561341275312196,599,Density,<Substance CCC(C)=O{solv}{x=0.747300}|CCCCNCCCC{solv}{x=0.252700}>,CCC(C)=O,CCCCNCCCC,openff-2.0.0,1,0.7684901538258846,0.0002468506212264,0.7810500000000001,9.750000000000004e-05
17925,600,dhmix_335934546122425398,600,EnthalpyOfMixing,<Substance C1CCOCC1{solv}{x=0.550000}|O=C1CCCC1{solv}{x=0.450000}>,C1CCOCC1,O=C1CCCC1,openff-2.0.0,1,0.0637545265297774,0.0402799379529781,0.15813,0.001
17926,601,dhmix_337659115721770978,601,EnthalpyOfMixing,<Substance C1CCOCC1{solv}{x=0.250000}|O=C1CCCC1{solv}{x=0.750000}>,C1CCOCC1,O=C1CCCC1,openff-2.0.0,1,0.097662479159851,0.0417146122311208,0.11325,0.00084
17927,602,dens_579415285212890284,602,Density,<Substance C1CCOCC1{solv}{x=0.708000}|O=C1CCCC1{solv}{x=0.292000}>,C1CCOCC1,O=C1CCCC1,openff-2.0.0,1,0.8880151431141561,0.0002271826649439,0.8972200000000002,0.00023
17928,603,dens_788777315764582180,603,Density,<Substance C1CCOCC1{solv}{x=0.549800}|O=C1CCCC1{solv}{x=0.450200}>,C1CCOCC1,O=C1CCCC1,openff-2.0.0,1,0.8950795420662808,0.0002315416565667,0.9073000000000002,0.000235
17929,604,dens_1539654406736576807,604,Density,<Substance C1CCOCC1{solv}{x=0.235400}|O=C1CCCC1{solv}{x=0.764600}>,C1CCOCC1,O=C1CCCC1,openff-2.0.0,1,0.9073620852360952,0.0001723738774285,0.9281000000000004,0.00024
17930,605,dhmix_1706969020375394315,605,EnthalpyOfMixing,<Substance C1CCOCC1{solv}{x=0.750000}|O=C1CCCC1{solv}{x=0.250000}>,C1CCOCC1,O=C1CCCC1,openff-2.0.0,1,0.1001424842497158,0.0382814854892617,0.12811,0.000895
17931,606,dens_337077748334497354,606,Density,<Substance CN1CCCCC1{solv}{x=0.245200}|O{solv}{x=0.754800}>,CN1CCCCC1,O,openff-2.0.0,1,0.8887118705544378,0.000338390915761,0.9038110000000004,9.700000000000004e-05
17932,607,dens_1619467922469494964,607,Density,<Substance CN1CCCCC1{solv}{x=0.790700}|O{solv}{x=0.209300}>,CN1CCCCC1,O,openff-2.0.0,1,0.84219391512938,0.0002433917939411,0.8260470000000002,0.000108
17933,608,dens_1725290505257505407,608,Density,<Substance CN1CCCCC1{solv}{x=0.505000}|O{solv}{x=0.495000}>,CN1CCCCC1,O,openff-2.0.0,1,0.8604169296179854,0.0002518741470418,0.8581580000000002,9.450000000000002e-05
17934,609,dhmix_344305070199657817,609,EnthalpyOfMixing,<Substance CC(C)CC(C)(C)C{solv}{x=0.200300}|CCCO{solv}{x=0.799700}>,CC(C)CC(C)(C)C,CCCO,openff-2.0.0,1,0.4236797893391468,0.0387267321789446,0.308,0.0055
17935,610,dens_1020839744665732433,610,Density,<Substance CC(C)CC(C)(C)C{solv}{x=0.200100}|CCCO{solv}{x=0.799900}>,CC(C)CC(C)(C)C,CCCO,openff-2.0.0,1,0.7651853774391653,0.0002771839442308,0.7589500000000002,0.00029
17936,611,dens_1348847431810734601,611,Density,<Substance CC(C)CC(C)(C)C{solv}{x=0.700000}|CCCO{solv}{x=0.300000}>,CC(C)CC(C)(C)C,CCCO,openff-2.0.0,1,0.7227666320117646,0.000237315117356,0.7046500000000001,0.00028
17937,612,dhmix_1376194238727172922,612,EnthalpyOfMixing,<Substance CC(C)CC(C)(C)C{solv}{x=0.499800}|CCCO{solv}{x=0.500200}>,CC(C)CC(C)(C)C,CCCO,openff-2.0.0,1,0.8889740959913013,0.0433025076529299,0.6025,0.0027
17938,613,dhmix_1868873434415785592,613,EnthalpyOfMixing,<Substance CC(C)CC(C)(C)C{solv}{x=0.699900}|CCCO{solv}{x=0.300100}>,CC(C)CC(C)(C)C,CCCO,openff-2.0.0,1,0.8041060511429521,0.0500064106900337,0.6544,0.0029
17939,614,dens_1870552320710773195,614,Density,<Substance CC(C)CC(C)(C)C{solv}{x=0.500000}|CCCO{solv}{x=0.500000}>,CC(C)CC(C)(C)C,CCCO,openff-2.0.0,1,0.7357536762188721,0.0002130413057717,0.7214400000000002,0.00028
17940,615,dens_344701479262570906,615,Density,<Substance C1CCOCC1{solv}{x=0.246100}|Cc1cccnc1{solv}{x=0.753900}>,C1CCOCC1,Cc1cccnc1,openff-2.0.0,1,0.9320596232096126,0.0002561869106033,0.9348570000000002,0.0004915
17941,616,dhmix_772935681699310364,616,EnthalpyOfMixing,<Substance C1CCOCC1{solv}{x=0.480300}|Cc1cccnc1{solv}{x=0.519700}>,C1CCOCC1,Cc1cccnc1,openff-2.0.0,1,0.012863946537891,0.0408605893331605,0.1271,0.00115
17942,617,dens_1179184695460672925,617,Density,<Substance C1CCOCC1{solv}{x=0.756800}|Cc1cccnc1{solv}{x=0.243200}>,C1CCOCC1,Cc1cccnc1,openff-2.0.0,1,0.8946580464257003,0.0002482740784463,0.8976640000000002,0.0004655
17943,618,dens_1273033541520518804,618,Density,<Substance C1CCOCC1{solv}{x=0.482700}|Cc1cccnc1{solv}{x=0.517300}>,C1CCOCC1,Cc1cccnc1,openff-2.0.0,1,0.9151965404362654,0.0002358916203042,0.9179640000000002,0.00048
17944,619,dhmix_1594947441282636711,619,EnthalpyOfMixing,<Substance C1CCOCC1{solv}{x=0.735500}|Cc1cccnc1{solv}{x=0.264500}>,C1CCOCC1,Cc1cccnc1,openff-2.0.0,1,0.0857612745967628,0.0397905964676675,0.0924,0.00095
17945,620,dhmix_2075643137470349800,620,EnthalpyOfMixing,<Substance C1CCOCC1{solv}{x=0.273200}|Cc1cccnc1{solv}{x=0.726800}>,C1CCOCC1,Cc1cccnc1,openff-2.0.0,1,0.1425785459159385,0.0382672816962022,0.1036,0.001
17946,621,dhmix_346841872844739570,621,EnthalpyOfMixing,<Substance CC#N{solv}{x=0.700700}|CCOC(C)(C)C{solv}{x=0.299300}>,CC#N,CCOC(C)(C)C,openff-2.0.0,1,0.2742152792647232,0.0364810437425934,0.6176,0.0084
17947,622,dhmix_840136828933604757,622,EnthalpyOfMixing,<Substance CC#N{solv}{x=0.199000}|CCOC(C)(C)C{solv}{x=0.801000}>,CC#N,CCOC(C)(C)C,openff-2.0.0,1,0.1771545900245712,0.045522864496988,0.4418,0.006
17948,623,dhmix_1934525864391020215,623,EnthalpyOfMixing,<Substance CC#N{solv}{x=0.501600}|CCOC(C)(C)C{solv}{x=0.498400}>,CC#N,CCOC(C)(C)C,openff-2.0.0,1,0.2911947464976876,0.035321017721955,0.7098,0.00965
17949,624,dens_1954735606040559695,624,Density,<Substance CC#N{solv}{x=0.700700}|CCOC(C)(C)C{solv}{x=0.299300}>,CC#N,CCOC(C)(C)C,openff-2.0.0,1,0.7680103443165994,0.0002518956986632,0.7595000000000002,0.00045
17950,625,dens_2173310521496796694,625,Density,<Substance CC#N{solv}{x=0.501600}|CCOC(C)(C)C{solv}{x=0.498400}>,CC#N,CCOC(C)(C)C,openff-2.0.0,1,0.763717570792452,0.0001934104906781,0.7510000000000002,0.00035
17951,626,dens_2235331649530959984,626,Density,<Substance CC#N{solv}{x=0.199000}|CCOC(C)(C)C{solv}{x=0.801000}>,CC#N,CCOC(C)(C)C,openff-2.0.0,1,0.7577229115863608,0.0001531007239136,0.7408000000000001,0.00015
17952,627,dhmix_355078149157572999,627,EnthalpyOfMixing,<Substance OCCOCCO{solv}{x=0.790600}|O{solv}{x=0.209400}>,O,OCCOCCO,openff-2.0.0,1,-0.1903035800474981,0.0464307484899357,-0.521,0.003
17953,628,dhmix_514261244195159379,628,EnthalpyOfMixing,<Substance OCCOCCO{solv}{x=0.300400}|O{solv}{x=0.699600}>,O,OCCOCCO,openff-2.0.0,1,-0.1716216102049443,0.0310677352986352,-1.245,0.0065
17954,629,dhmix_1512634639127890343,629,EnthalpyOfMixing,<Substance OCCOCCO{solv}{x=0.501000}|O{solv}{x=0.499000}>,O,OCCOCCO,openff-2.0.0,1,-0.2519598599502188,0.0416668327083582,-1.149,0.0065
17955,630,dens_1532732041743097130,630,Density,<Substance OCCOCCO{solv}{x=0.500600}|O{solv}{x=0.499400}>,O,OCCOCCO,openff-2.0.0,1,1.108766631429843,0.0003783802604055,1.1070700000000002,0.00026
17956,631,dens_1948924545926470959,631,Density,<Substance OCCOCCO{solv}{x=0.700300}|O{solv}{x=0.299700}>,O,OCCOCCO,openff-2.0.0,1,1.1175798892233275,0.0002527051284865,1.1111900000000003,0.000285
17957,632,dens_2114974877291939954,632,Density,<Substance OCCOCCO{solv}{x=0.301000}|O{solv}{x=0.699000}>,O,OCCOCCO,openff-2.0.0,1,1.0890457897499917,0.0003708954311015,1.0958900000000005,0.000305
17958,633,dhmix_355690558520209737,633,EnthalpyOfMixing,<Substance CC(C)CC(C)(C)C{solv}{x=0.774800}|CC(C)OC(C)C{solv}{x=0.225200}>,CC(C)CC(C)(C)C,CC(C)OC(C)C,openff-2.0.0,1,0.2840284423572257,0.0464598447226173,0.132161,0.001556
17959,634,dens_706481868145479619,634,Density,<Substance CC(C)CC(C)(C)C{solv}{x=0.250000}|CC(C)OC(C)C{solv}{x=0.750000}>,CC(C)CC(C)(C)C,CC(C)OC(C)C,openff-2.0.0,1,0.730439782389092,0.0002018455354662,0.7090800000000002,0.000155
17960,635,dens_960755156711549154,635,Density,<Substance CC(C)CC(C)(C)C{solv}{x=0.750000}|CC(C)OC(C)C{solv}{x=0.250000}>,CC(C)CC(C)(C)C,CC(C)OC(C)C,openff-2.0.0,1,0.7163899024177398,0.0001941282806995,0.6937500000000002,0.000155
17961,636,dens_1165117582450092341,636,Density,<Substance CC(C)CC(C)(C)C{solv}{x=0.500900}|CC(C)OC(C)C{solv}{x=0.499100}>,CC(C)CC(C)(C)C,CC(C)OC(C)C,openff-2.0.0,1,0.7227086737513493,0.0002168627670771,0.7005900000000002,0.000105
17962,637,dhmix_1819714300540494359,637,EnthalpyOfMixing,<Substance CC(C)CC(C)(C)C{solv}{x=0.512500}|CC(C)OC(C)C{solv}{x=0.487500}>,CC(C)CC(C)(C)C,CC(C)OC(C)C,openff-2.0.0,1,0.3409502825090555,0.0457933294206717,0.197047,0.002233
17963,638,dhmix_2031984064821599856,638,EnthalpyOfMixing,<Substance CC(C)CC(C)(C)C{solv}{x=0.269300}|CC(C)OC(C)C{solv}{x=0.730700}>,CC(C)CC(C)(C)C,CC(C)OC(C)C,openff-2.0.0,1,0.3744119494084827,0.0499863060057229,0.158983,0.0018345
17964,639,dens_357198687829738077,639,Density,<Substance C1CCOCC1{solv}{x=0.223500}|CCCCCC(C)=O{solv}{x=0.776500}>,C1CCOCC1,CCCCCC(C)=O,openff-2.0.0,1,0.8109651992717734,0.0002024104440568,0.8221200000000002,0.000375
17965,640,dens_1074719884132299485,640,Density,<Substance C1CCOCC1{solv}{x=0.516600}|CCCCCC(C)=O{solv}{x=0.483400}>,C1CCOCC1,CCCCCC(C)=O,openff-2.0.0,1,0.8302172493156225,0.0001964906903282,0.8396100000000002,0.00032
17966,641,dens_1427208283653313137,641,Density,<Substance C1CCOCC1{solv}{x=0.710100}|CCCCCC(C)=O{solv}{x=0.289900}>,C1CCOCC1,CCCCCC(C)=O,openff-2.0.0,1,0.8462144842431828,0.0002250658327298,0.8534200000000002,0.000285
17967,642,dhmix_1485904869507380555,642,EnthalpyOfMixing,<Substance C1CCOCC1{solv}{x=0.500000}|CCCCCC(C)=O{solv}{x=0.500000}>,C1CCOCC1,CCCCCC(C)=O,openff-2.0.0,1,0.2805302188920962,0.0436147623913413,0.05773,0.000615
17968,643,dhmix_1931504734279468677,643,EnthalpyOfMixing,<Substance C1CCOCC1{solv}{x=0.250000}|CCCCCC(C)=O{solv}{x=0.750000}>,C1CCOCC1,CCCCCC(C)=O,openff-2.0.0,1,0.1140544380108394,0.0479150461305541,0.03429,0.00053
17969,644,dhmix_2296263041755700053,644,EnthalpyOfMixing,<Substance C1CCOCC1{solv}{x=0.750000}|CCCCCC(C)=O{solv}{x=0.250000}>,C1CCOCC1,CCCCCC(C)=O,openff-2.0.0,1,0.1983560036378264,0.0368849112212227,0.05587,0.00061
17970,645,dhmix_357499987240135169,645,EnthalpyOfMixing,<Substance CCCCC{solv}{x=0.772700}|CCCCOC=O{solv}{x=0.227300}>,CCCCC,CCCCOC=O,openff-2.0.0,1,1.24952119361933,0.0481301698291073,0.87,0.004
17971,646,dens_435201289177646286,646,Density,<Substance CCCCC{solv}{x=0.504200}|CCCCOC=O{solv}{x=0.495800}>,CCCCC,CCCCOC=O,openff-2.0.0,1,0.7553926079404761,0.0002378649294323,0.7523000000000001,0.00024
17972,647,dens_635752291929824010,647,Density,<Substance CCCCC{solv}{x=0.699000}|CCCCOC=O{solv}{x=0.301000}>,CCCCC,CCCCOC=O,openff-2.0.0,1,0.6954451640384466,0.0002355370730074,0.6994600000000002,0.00018
17973,648,dhmix_869493303716364153,648,EnthalpyOfMixing,<Substance CCCCC{solv}{x=0.490500}|CCCCOC=O{solv}{x=0.509500}>,CCCCC,CCCCOC=O,openff-2.0.0,1,1.248368727401072,0.041003086870002,0.959,0.004
17974,649,dhmix_1188548276416925178,649,EnthalpyOfMixing,<Substance CCCCC{solv}{x=0.246000}|CCCCOC=O{solv}{x=0.754000}>,CCCCC,CCCCOC=O,openff-2.0.0,1,0.9870867193023684,0.0461569254699792,0.632,0.003
17975,650,dens_1944800378076074966,650,Density,<Substance CCCCC{solv}{x=0.247100}|CCCCOC=O{solv}{x=0.752900}>,CCCCC,CCCCOC=O,openff-2.0.0,1,0.835215387356009,0.0002360897532655,0.8221800000000001,0.000375
17976,651,dhmix_357740737126275220,651,EnthalpyOfMixing,<Substance CC(=O)N(C)C{solv}{x=0.212000}|CCCCCl{solv}{x=0.788000}>,CC(=O)N(C)C,CCCCCl,openff-2.0.0,1,0.4390212850348263,0.0289773380238304,0.244,0.0025
17977,652,dens_563556088097831353,652,Density,<Substance CC(=O)N(C)C{solv}{x=0.499000}|CCCCCl{solv}{x=0.501000}>,CC(=O)N(C)C,CCCCCl,openff-2.0.0,1,0.8867192295700524,0.0002608525895731,0.9081000000000002,0.0002
17978,653,dens_1083232356130752567,653,Density,<Substance CC(=O)N(C)C{solv}{x=0.799700}|CCCCCl{solv}{x=0.200300}>,CC(=O)N(C)C,CCCCCl,openff-2.0.0,1,0.897437621792297,0.0002274298952968,0.9247000000000004,0.0002
17979,654,dhmix_1487887746912587509,654,EnthalpyOfMixing,<Substance CC(=O)N(C)C{solv}{x=0.708000}|CCCCCl{solv}{x=0.292000}>,CC(=O)N(C)C,CCCCCl,openff-2.0.0,1,0.4233241729293269,0.0407727216365112,0.305,0.0025
17980,655,dens_1662749398344255132,655,Density,<Substance CC(=O)N(C)C{solv}{x=0.210500}|CCCCCl{solv}{x=0.789500}>,CC(=O)N(C)C,CCCCCl,openff-2.0.0,1,0.8731450060558502,0.0002797328519553,0.8918000000000001,0.0002
17981,656,dhmix_2085343422065298965,656,EnthalpyOfMixing,<Substance CC(=O)N(C)C{solv}{x=0.511000}|CCCCCl{solv}{x=0.489000}>,CC(=O)N(C)C,CCCCCl,openff-2.0.0,1,0.5816163523979441,0.0408101011955716,0.363,0.0025
17982,657,dhmix_359626193748497849,657,EnthalpyOfMixing,<Substance C1CCOCC1{solv}{x=0.750000}|O=C1CCCCC1{solv}{x=0.250000}>,C1CCOCC1,O=C1CCCCC1,openff-2.0.0,1,0.0213171526712301,0.0438677513336399,0.07698,0.00069
17983,658,dhmix_709905971434026360,658,EnthalpyOfMixing,<Substance C1CCOCC1{solv}{x=0.250000}|O=C1CCCCC1{solv}{x=0.750000}>,C1CCOCC1,O=C1CCCCC1,openff-2.0.0,1,0.0262763935964756,0.0433431911833045,0.05827,0.00062
17984,659,dens_996263306280392228,659,Density,<Substance C1CCOCC1{solv}{x=0.500900}|O=C1CCCCC1{solv}{x=0.499100}>,C1CCOCC1,O=C1CCCCC1,openff-2.0.0,1,0.9012561444401642,0.0002181668901379,0.9160300000000002,0.000505
17985,660,dens_1296485655493191092,660,Density,<Substance C1CCOCC1{solv}{x=0.247100}|O=C1CCCCC1{solv}{x=0.752900}>,C1CCOCC1,O=C1CCCCC1,openff-2.0.0,1,0.9121455999134456,0.0002031311540836,0.9305900000000004,0.000505
17986,661,dhmix_1617652800437548554,661,EnthalpyOfMixing,<Substance C1CCOCC1{solv}{x=0.500000}|O=C1CCCCC1{solv}{x=0.500000}>,C1CCOCC1,O=C1CCCCC1,openff-2.0.0,1,0.1153414890789008,0.0387301643082931,0.08658,0.000725
17987,662,dens_2134919398794801459,662,Density,<Substance C1CCOCC1{solv}{x=0.738900}|O=C1CCCCC1{solv}{x=0.261100}>,C1CCOCC1,O=C1CCCCC1,openff-2.0.0,1,0.8898270212902405,0.0002236336106165,0.9000800000000002,0.000505
17988,663,dens_371429494256072686,663,Density,<Substance COC=O{solv}{x=0.513800}|ClCCCCl{solv}{x=0.486200}>,COC=O,ClCCCCl,openff-2.0.0,1,1.1028213514605594,0.000269443014671,1.08831,0.00025
17989,664,dens_416463243686186519,664,Density,<Substance COC=O{solv}{x=0.738400}|ClCCCCl{solv}{x=0.261600}>,COC=O,ClCCCCl,openff-2.0.0,1,1.0696450288679884,0.0003787624883066,1.03754,0.0002
17990,665,dhmix_573570621261992547,665,EnthalpyOfMixing,<Substance COC=O{solv}{x=0.767400}|ClCCCCl{solv}{x=0.232600}>,COC=O,ClCCCCl,openff-2.0.0,1,1.55751098186785,0.0415378230427445,0.2841,0.0015
17991,666,dens_1665007650151393058,666,Density,<Substance COC=O{solv}{x=0.244000}|ClCCCCl{solv}{x=0.756000}>,COC=O,ClCCCCl,openff-2.0.0,1,1.1362705172306575,0.0003770634313575,1.1395000000000002,0.0003
17992,667,dhmix_2050640017895200777,667,EnthalpyOfMixing,<Substance COC=O{solv}{x=0.502400}|ClCCCCl{solv}{x=0.497600}>,COC=O,ClCCCCl,openff-2.0.0,1,1.3486995330472595,0.0362451074745855,0.3503,0.00175
17993,668,dhmix_2121310957223924646,668,EnthalpyOfMixing,<Substance COC=O{solv}{x=0.202400}|ClCCCCl{solv}{x=0.797600}>,COC=O,ClCCCCl,openff-2.0.0,1,0.9397112271919924,0.0344793363644931,0.2064,0.0012
17994,669,dens_380799246642881225,669,Density,<Substance Cc1ccncc1{solv}{x=0.500000}|O{solv}{x=0.500000}>,Cc1ccncc1,O,openff-2.0.0,1,0.955983658034504,0.0003248485531164,0.9704000000000004,0.0005
17995,670,dens_1024460369591354985,670,Density,<Substance Cc1ccncc1{solv}{x=0.225000}|O{solv}{x=0.775000}>,Cc1ccncc1,O,openff-2.0.0,1,0.9615866010547788,0.0003768068183471,0.9848000000000002,0.0004
17996,671,dens_1867704914487230306,671,Density,<Substance Cc1ccncc1{solv}{x=0.750000}|O{solv}{x=0.250000}>,Cc1ccncc1,O,openff-2.0.0,1,0.9544364691128594,0.0001888378062364,0.9614000000000004,0.0004
17997,672,dhmix_396839331496923568,672,EnthalpyOfMixing,<Substance CCCOC(=O)CC{solv}{x=0.237600}|ClCCCl{solv}{x=0.762400}>,CCCOC(=O)CC,ClCCCl,openff-2.0.0,1,-0.3631336162940357,1.279565551271212e-05,-0.317,0.0035
17998,673,dens_1025242301432619836,673,Density,<Substance CCCOC(=O)CC{solv}{x=0.518800}|ClCCCl{solv}{x=0.481200}>,CCCOC(=O)CC,ClCCCl,openff-2.0.0,1,1.0037117568840992,1e-05,1.0064000000000002,0.000905
17999,674,dens_1654149510571748883,674,Density,<Substance CCCOC(=O)CC{solv}{x=0.731600}|ClCCCl{solv}{x=0.268400}>,CCCOC(=O)CC,ClCCCl,openff-2.0.0,1,0.9413012767573676,1e-05,0.9416300000000002,0.00041
18000,675,dens_1804016971158746429,675,Density,<Substance CCCOC(=O)CC{solv}{x=0.243700}|ClCCCl{solv}{x=0.756300}>,CCCOC(=O)CC,ClCCCl,openff-2.0.0,1,1.1044961096308386,1e-05,1.11431,0.002155
18001,676,dhmix_1840109043188951916,676,EnthalpyOfMixing,<Substance CCCOC(=O)CC{solv}{x=0.517700}|ClCCCl{solv}{x=0.482300}>,CCCOC(=O)CC,ClCCCl,openff-2.0.0,1,-0.4962148121504555,1.225009387719131e-05,-0.557,0.006
18002,677,dhmix_1924188358781329171,677,EnthalpyOfMixing,<Substance CCCOC(=O)CC{solv}{x=0.787400}|ClCCCl{solv}{x=0.212600}>,CCCOC(=O)CC,ClCCCl,openff-2.0.0,1,-0.3702059658347991,1.2902472631243985e-05,-0.357,0.004
18003,678,dhmix_408170436877433675,678,EnthalpyOfMixing,<Substance CCCCC{solv}{x=0.229800}|CCOC=O{solv}{x=0.770200}>,CCCCC,CCOC=O,openff-2.0.0,1,1.8674011410998048,0.0403530556565497,1.016,0.0045
18004,679,dens_1159257310358090227,679,Density,<Substance CCCCC{solv}{x=0.748000}|CCOC=O{solv}{x=0.252000}>,CCCCC,CCOC=O,openff-2.0.0,1,0.6662002707288756,0.0002982735716714,0.6707000000000002,0.000165
18005,680,dhmix_1897634982824334825,680,EnthalpyOfMixing,<Substance CCCCC{solv}{x=0.500100}|CCOC=O{solv}{x=0.499900}>,CCCCC,CCOC=O,openff-2.0.0,1,1.859886782029207,0.035894585029349,1.354,0.0055
18006,681,dens_1931965346092446599,681,Density,<Substance CCCCC{solv}{x=0.504000}|CCOC=O{solv}{x=0.496000}>,CCCCC,CCOC=O,openff-2.0.0,1,0.7414997332138291,0.0003142620761987,0.7333000000000002,0.00024
18007,682,dens_2086304425324215507,682,Density,<Substance CCCCC{solv}{x=0.298000}|CCOC=O{solv}{x=0.702000}>,CCCCC,CCOC=O,openff-2.0.0,1,0.8173949361414574,0.0002643648126543,0.7971000000000003,0.000345
18008,683,dhmix_2117998354372981576,683,EnthalpyOfMixing,<Substance CCCCC{solv}{x=0.777900}|CCOC=O{solv}{x=0.222100}>,CCCCC,CCOC=O,openff-2.0.0,1,1.7482323935794,0.0361553000337058,1.051,0.0045
18009,684,dens_415189671276159712,684,Density,<Substance NCCO{solv}{x=0.785350}|c1ccncc1{solv}{x=0.214650}>,NCCO,c1ccncc1,openff-2.0.0,1,1.0477882692156013,0.0002367944577434,1.002592,0.000101
18010,685,dhmix_607563797490786343,685,EnthalpyOfMixing,<Substance NCCO{solv}{x=0.559360}|c1ccncc1{solv}{x=0.440640}>,NCCO,c1ccncc1,openff-2.0.0,1,1.036722543733049,0.0384527757444704,0.824,0.0035
18011,686,dhmix_783614050589043390,686,EnthalpyOfMixing,<Substance NCCO{solv}{x=0.248120}|c1ccncc1{solv}{x=0.751880}>,NCCO,c1ccncc1,openff-2.0.0,1,0.9289583679392804,0.0395706895500494,0.779,0.0035
18012,687,dens_907288549206652702,687,Density,<Substance NCCO{solv}{x=0.558640}|c1ccncc1{solv}{x=0.441360}>,NCCO,c1ccncc1,openff-2.0.0,1,1.0254066607080732,0.0002578250045607,0.9936870000000002,0.0001015
18013,688,dhmix_1092036220949585875,688,EnthalpyOfMixing,<Substance NCCO{solv}{x=0.746780}|c1ccncc1{solv}{x=0.253220}>,NCCO,c1ccncc1,openff-2.0.0,1,0.7183466044468787,0.0392752883298245,0.612,0.003
18014,689,dens_2278246591298089898,689,Density,<Substance NCCO{solv}{x=0.210010}|c1ccncc1{solv}{x=0.789990}>,NCCO,c1ccncc1,openff-2.0.0,1,0.9974082544352644,0.0002613944292871,0.9825660000000004,0.0001015
18015,690,dens_419188249264987147,690,Density,<Substance CCCCC(=O)OCC{solv}{x=0.492100}|CCOC(C)=O{solv}{x=0.507900}>,CCCCC(=O)OCC,CCOC(C)=O,openff-2.0.0,1,0.884260575997226,0.0002236474477941,0.8787300000000002,0.00012
18016,691,dens_667714041205021070,691,Density,<Substance CCCCC(=O)OCC{solv}{x=0.304700}|CCOC(C)=O{solv}{x=0.695300}>,CCCCC(=O)OCC,CCOC(C)=O,openff-2.0.0,1,0.8903777177414507,0.0001866568914892,0.8836400000000002,0.00012
18017,692,dhmix_1137774316856842141,692,EnthalpyOfMixing,<Substance CCCCC(=O)OCC{solv}{x=0.737600}|CCOC(C)=O{solv}{x=0.262400}>,CCCCC(=O)OCC,CCOC(C)=O,openff-2.0.0,1,-0.0197993239845857,0.0464651059467284,0.114,0.0015
18018,693,dhmix_1322441082145072072,693,EnthalpyOfMixing,<Substance CCCCC(=O)OCC{solv}{x=0.279900}|CCOC(C)=O{solv}{x=0.720100}>,CCCCC(=O)OCC,CCOC(C)=O,openff-2.0.0,1,0.0674859390902113,0.0441016905666876,0.139,0.0015
18019,694,dens_1682638395920841051,694,Density,<Substance CCCCC(=O)OCC{solv}{x=0.752600}|CCOC(C)=O{solv}{x=0.247400}>,CCCCC(=O)OCC,CCOC(C)=O,openff-2.0.0,1,0.877822283305608,0.0002052018867288,0.8732900000000001,0.00012
18020,695,dhmix_2161842751879945948,695,EnthalpyOfMixing,<Substance CCCCC(=O)OCC{solv}{x=0.519800}|CCOC(C)=O{solv}{x=0.480200}>,CCCCC(=O)OCC,CCOC(C)=O,openff-2.0.0,1,0.1590363497686269,0.045441705768676,0.154,0.002
18021,696,dhmix_419593950323214290,696,EnthalpyOfMixing,<Substance CCCCCC(C)=O{solv}{x=0.780400}|CCN(CC)CC{solv}{x=0.219600}>,CCCCCC(C)=O,CCN(CC)CC,openff-2.0.0,1,0.3046580951225337,0.050318514011368,0.216,0.0025
18022,697,dens_651921010645567431,697,Density,<Substance CCCCCC(C)=O{solv}{x=0.259800}|CCN(CC)CC{solv}{x=0.740200}>,CCCCCC(C)=O,CCN(CC)CC,openff-2.0.0,1,0.7430726284466191,0.0002045748945185,0.7465820000000002,8.950000000000002e-05
18023,698,dens_995831511901627711,698,Density,<Substance CCCCCC(C)=O{solv}{x=0.748400}|CCN(CC)CC{solv}{x=0.251600}>,CCCCCC(C)=O,CCN(CC)CC,openff-2.0.0,1,0.7803952287502366,0.0002008301662506,0.7899410000000002,0.0001055
18024,699,dhmix_1001984601109558110,699,EnthalpyOfMixing,<Substance CCCCCC(C)=O{solv}{x=0.492000}|CCN(CC)CC{solv}{x=0.508000}>,CCCCCC(C)=O,CCN(CC)CC,openff-2.0.0,1,0.4558967241307528,0.0419487017589088,0.419,0.0045
18025,700,dens_1887829851815986883,700,Density,<Substance CCCCCC(C)=O{solv}{x=0.503200}|CCN(CC)CC{solv}{x=0.496800}>,CCCCCC(C)=O,CCN(CC)CC,openff-2.0.0,1,0.7616026051185537,0.0002080128452968,0.7684760000000002,9.800000000000002e-05
18026,701,dhmix_2085744568401562111,701,EnthalpyOfMixing,<Substance CCCCCC(C)=O{solv}{x=0.293900}|CCN(CC)CC{solv}{x=0.706100}>,CCCCCC(C)=O,CCN(CC)CC,openff-2.0.0,1,0.4538395401703212,0.0490933599498307,0.412,0.0045
18027,702,dens_436049638479549968,702,Density,<Substance COC=O{solv}{x=0.472500}|ClCCCl{solv}{x=0.527500}>,COC=O,ClCCCl,openff-2.0.0,1,1.1384058397186885,0.0003906328359101,1.1269600000000004,0.000285
18028,703,dens_627145458965592302,703,Density,<Substance COC=O{solv}{x=0.753000}|ClCCCl{solv}{x=0.247000}>,COC=O,ClCCCl,openff-2.0.0,1,1.084199126360747,0.0005106622611915,1.0461600000000004,0.000205
18029,704,dhmix_731680623269260416,704,EnthalpyOfMixing,<Substance COC=O{solv}{x=0.250800}|ClCCCl{solv}{x=0.749200}>,COC=O,ClCCCl,openff-2.0.0,1,0.8042251995904621,0.0309140697401685,0.0793,0.0007
18030,705,dens_1488543630772933598,705,Density,<Substance COC=O{solv}{x=0.279500}|ClCCCl{solv}{x=0.720500}>,COC=O,ClCCCl,openff-2.0.0,1,1.1751985411951942,0.0004203942234714,1.1777100000000005,0.00034
18031,706,dhmix_2170321998768851974,706,EnthalpyOfMixing,<Substance COC=O{solv}{x=0.732200}|ClCCCl{solv}{x=0.267800}>,COC=O,ClCCCl,openff-2.0.0,1,0.7168030267245982,0.0373649429875941,0.0733,0.00065
18032,707,dhmix_2249001225536869896,707,EnthalpyOfMixing,<Substance COC=O{solv}{x=0.487400}|ClCCCl{solv}{x=0.512600}>,COC=O,ClCCCl,openff-2.0.0,1,1.1825603969878316,0.0392005850619994,0.1028,0.0008
18033,708,dhmix_442816374747487477,708,EnthalpyOfMixing,<Substance NCCCNCCCN{solv}{x=0.801500}|O{solv}{x=0.198500}>,NCCCNCCCN,O,openff-2.0.0,1,-1.638111822868794,1.2969844467616518e-05,-2.233,0.024
18034,709,dhmix_1795382205757805615,709,EnthalpyOfMixing,<Substance NCCCNCCCN{solv}{x=0.300500}|O{solv}{x=0.699500}>,NCCCNCCCN,O,openff-2.0.0,1,-4.012346631656113,1.2568850146772776e-05,-6.588,0.07
18035,710,dhmix_1814950732748396893,710,EnthalpyOfMixing,<Substance NCCCNCCCN{solv}{x=0.499800}|O{solv}{x=0.500200}>,NCCCNCCCN,O,openff-2.0.0,1,-3.6261171219008337,1.2247448713915892e-05,-5.544,0.059
18036,711,dhmix_446869196417408130,711,EnthalpyOfMixing,<Substance NCCNCCO{solv}{x=0.770000}|O{solv}{x=0.230000}>,NCCNCCO,O,openff-2.0.0,1,-1.6090623836462896,1.282887368399892e-05,-1.711,0.035
18037,712,dhmix_673839467313503071,712,EnthalpyOfMixing,<Substance NCCNCCO{solv}{x=0.069900}|O{solv}{x=0.930100}>,NCCNCCO,O,openff-2.0.0,1,-0.5565748795304106,1.3674063039199432e-05,-1.713,0.035
18038,713,dens_688094438561771555,713,Density,<Substance NCCNCCO{solv}{x=0.799700}|O{solv}{x=0.200300}>,NCCNCCO,O,openff-2.0.0,1,1.092587124925481,1e-05,1.0318300000000002,0.00024
18039,714,dhmix_1682883323293489147,714,EnthalpyOfMixing,<Substance NCCNCCO{solv}{x=0.400100}|O{solv}{x=0.599900}>,NCCNCCO,O,openff-2.0.0,1,-1.6031893044054186,1.2328828005937951e-05,-4.15,0.0845
18040,715,dens_2045176885611624977,715,Density,<Substance NCCNCCO{solv}{x=0.070000}|O{solv}{x=0.930000}>,NCCNCCO,O,openff-2.0.0,1,1.0220787936194389,1e-05,1.0222800000000003,0.000125
18041,716,dens_2280714043292214506,716,Density,<Substance NCCNCCO{solv}{x=0.399700}|O{solv}{x=0.600300}>,NCCNCCO,O,openff-2.0.0,1,1.0667234575485611,1e-05,1.0370100000000002,0.00017
18042,717,dens_448105363780466270,717,Density,<Substance CCCCCCCl{solv}{x=0.498300}|CN(C)C=O{solv}{x=0.501700}>,CCCCCCCl,CN(C)C=O,openff-2.0.0,1,0.8868810724222389,0.0002290549901425,0.8974000000000002,0.0003
18043,718,dens_1134260732394863277,718,Density,<Substance CCCCCCCl{solv}{x=0.729300}|CN(C)C=O{solv}{x=0.270700}>,CCCCCCCl,CN(C)C=O,openff-2.0.0,1,0.8750110778012846,0.0002615515343106,0.8844000000000002,0.0003
18044,719,dhmix_1150917243327149472,719,EnthalpyOfMixing,<Substance CCCCCCCl{solv}{x=0.500000}|CN(C)C=O{solv}{x=0.500000}>,CCCCCCCl,CN(C)C=O,openff-2.0.0,1,1.1409089419602765,0.0416584580982835,0.847,0.004
18045,720,dhmix_1166656674614639609,720,EnthalpyOfMixing,<Substance CCCCCCCl{solv}{x=0.204000}|CN(C)C=O{solv}{x=0.796000}>,CCCCCCCl,CN(C)C=O,openff-2.0.0,1,0.8792131627464954,0.035545983395732,0.583,0.004
18046,721,dhmix_1262474968830454367,721,EnthalpyOfMixing,<Substance CCCCCCCl{solv}{x=0.795000}|CN(C)C=O{solv}{x=0.205000}>,CCCCCCCl,CN(C)C=O,openff-2.0.0,1,0.7163992812116646,0.0473696776836961,0.542,0.0035
18047,722,dens_1862934255267356180,722,Density,<Substance CCCCCCCl{solv}{x=0.200700}|CN(C)C=O{solv}{x=0.799300}>,CCCCCCCl,CN(C)C=O,openff-2.0.0,1,0.9066276976114408,0.0002303377960976,0.9218000000000002,0.00025
18048,723,dhmix_457000181442392641,723,EnthalpyOfMixing,<Substance CCOCCO{solv}{x=0.241100}|c1ccccc1{solv}{x=0.758900}>,CCOCCO,c1ccccc1,openff-2.0.0,1,0.6810739881483414,0.0404568231844956,0.6303,0.00815
18049,724,dhmix_501726034520661035,724,EnthalpyOfMixing,<Substance CCOCCO{solv}{x=0.733600}|c1ccccc1{solv}{x=0.266400}>,CCOCCO,c1ccccc1,openff-2.0.0,1,0.3186021703176607,0.0461752529081464,0.2326,0.0033
18050,725,dens_577983044895299238,725,Density,<Substance CCOCCO{solv}{x=0.251800}|c1ccccc1{solv}{x=0.748200}>,CCOCCO,c1ccccc1,openff-2.0.0,1,0.8801753289643157,0.0002431084120791,0.8849000000000002,0.00081
18051,726,dens_1506946378386070831,726,Density,<Substance CCOCCO{solv}{x=0.750800}|c1ccccc1{solv}{x=0.249200}>,CCOCCO,c1ccccc1,openff-2.0.0,1,0.9128023122552772,0.0002495567774692,0.9134500000000004,0.000685
18052,727,dhmix_1801594081157333975,727,EnthalpyOfMixing,<Substance CCOCCO{solv}{x=0.478600}|c1ccccc1{solv}{x=0.521400}>,CCOCCO,c1ccccc1,openff-2.0.0,1,0.6165176578027456,0.0455065175149289,0.4912,0.00645
18053,728,dens_2128846755225827916,728,Density,<Substance CCOCCO{solv}{x=0.504800}|c1ccccc1{solv}{x=0.495200}>,CCOCCO,c1ccccc1,openff-2.0.0,1,0.8964814335374232,0.0002608076298623,0.8995700000000003,0.000745
18054,729,dhmix_466383569529620932,729,EnthalpyOfMixing,<Substance CC(=O)N(C)C{solv}{x=0.505000}|CCCCCCCl{solv}{x=0.495000}>,CC(=O)N(C)C,CCCCCCCl,openff-2.0.0,1,0.8082962376802953,0.0354718836216144,0.61,0.003
18055,730,dhmix_493694362228351572,730,EnthalpyOfMixing,<Substance CC(=O)N(C)C{solv}{x=0.798000}|CCCCCCCl{solv}{x=0.202000}>,CC(=O)N(C)C,CCCCCCCl,openff-2.0.0,1,0.5780049975858148,0.0448823862049956,0.425,0.003
18056,731,dhmix_626564461179097700,731,EnthalpyOfMixing,<Substance CC(=O)N(C)C{solv}{x=0.211000}|CCCCCCCl{solv}{x=0.789000}>,CC(=O)N(C)C,CCCCCCCl,openff-2.0.0,1,0.5974221768128132,0.0497032134056832,0.38,0.003
18057,732,dens_1720641323575133011,732,Density,<Substance CC(=O)N(C)C{solv}{x=0.200300}|CCCCCCCl{solv}{x=0.799700}>,CC(=O)N(C)C,CCCCCCCl,openff-2.0.0,1,0.8714085029354333,0.000242220514191,0.8816000000000003,0.00025
18058,733,dens_1817345990638851984,733,Density,<Substance CC(=O)N(C)C{solv}{x=0.503000}|CCCCCCCl{solv}{x=0.497000}>,CC(=O)N(C)C,CCCCCCCl,openff-2.0.0,1,0.8819197939943403,0.0002286731934058,0.8975000000000002,0.00025
18059,734,dens_1885054129776339889,734,Density,<Substance CC(=O)N(C)C{solv}{x=0.699200}|CCCCCCCl{solv}{x=0.300800}>,CC(=O)N(C)C,CCCCCCCl,openff-2.0.0,1,0.8906292227367268,0.0002302669073021,0.9104000000000002,0.0002
18060,735,dens_468507243072548580,735,Density,<Substance CCC#N{solv}{x=0.701200}|CCOC(C)(C)CC{solv}{x=0.298800}>,CCC#N,CCOC(C)(C)CC,openff-2.0.0,1,0.7759797619883356,0.00021096230014,0.7715000000000002,0.0004
18061,736,dhmix_553135124490085656,736,EnthalpyOfMixing,<Substance CCC#N{solv}{x=0.502500}|CCOC(C)(C)CC{solv}{x=0.497500}>,CCC#N,CCOC(C)(C)CC,openff-2.0.0,1,0.4032308553198618,0.043388124369008,0.7023,0.00955
18062,737,dens_762108332272225600,737,Density,<Substance CCC#N{solv}{x=0.502500}|CCOC(C)(C)CC{solv}{x=0.497500}>,CCC#N,CCOC(C)(C)CC,openff-2.0.0,1,0.7732657595896137,0.0002069815704013,0.7683000000000001,0.00035
18063,738,dens_967634241844220739,738,Density,<Substance CCC#N{solv}{x=0.200900}|CCOC(C)(C)CC{solv}{x=0.799100}>,CCC#N,CCOC(C)(C)CC,openff-2.0.0,1,0.769503176105894,0.0001920137109657,0.7638000000000001,0.00025
18064,739,dhmix_1961082112686431376,739,EnthalpyOfMixing,<Substance CCC#N{solv}{x=0.200900}|CCOC(C)(C)CC{solv}{x=0.799100}>,CCC#N,CCOC(C)(C)CC,openff-2.0.0,1,0.2341375621012105,0.0522803487639217,0.502,0.00685
18065,740,dhmix_2005765786246998093,740,EnthalpyOfMixing,<Substance CCC#N{solv}{x=0.701200}|CCOC(C)(C)CC{solv}{x=0.298800}>,CCC#N,CCOC(C)(C)CC,openff-2.0.0,1,0.2696749388532709,0.0371798369545257,0.5863,0.008
18066,741,dhmix_471514663464011364,741,EnthalpyOfMixing,<Substance C1CCOCC1{solv}{x=0.722000}|CCCCCO{solv}{x=0.278000}>,C1CCOCC1,CCCCCO,openff-2.0.0,1,1.03197621285355,0.0425038020303751,0.8628,0.00745
18067,742,dens_910343796235321484,742,Density,<Substance C1CCOCC1{solv}{x=0.298700}|CCCCCO{solv}{x=0.701300}>,C1CCOCC1,CCCCCO,openff-2.0.0,1,0.8254244747758955,0.0002236056479598,0.8293300000000002,0.00034
18068,743,dens_1812069868432416079,743,Density,<Substance C1CCOCC1{solv}{x=0.800000}|CCCCCO{solv}{x=0.200000}>,C1CCOCC1,CCCCCO,openff-2.0.0,1,0.8601009467141457,0.0002456906363199,0.8635900000000002,0.000315
18069,744,dhmix_1936206883965149188,744,EnthalpyOfMixing,<Substance C1CCOCC1{solv}{x=0.526000}|CCCCCO{solv}{x=0.474000}>,C1CCOCC1,CCCCCO,openff-2.0.0,1,1.1127417240122384,0.0450166849615498,0.97,0.00615
18070,745,dhmix_1992318015190346725,745,EnthalpyOfMixing,<Substance C1CCOCC1{solv}{x=0.217000}|CCCCCO{solv}{x=0.783000}>,C1CCOCC1,CCCCCO,openff-2.0.0,1,0.6073471416945893,0.0462828423319801,0.6006,0.00455
18071,746,dens_2204330198012032768,746,Density,<Substance C1CCOCC1{solv}{x=0.499400}|CCCCCO{solv}{x=0.500600}>,C1CCOCC1,CCCCCO,openff-2.0.0,1,0.8381330736809158,0.0002156045176401,0.8425400000000002,0.00033
18072,747,dhmix_472822428299818953,747,EnthalpyOfMixing,<Substance CC(C)CC(C)(C)C{solv}{x=0.700500}|CCCCO{solv}{x=0.299500}>,CC(C)CC(C)(C)C,CCCCO,openff-2.0.0,1,0.7228626016799637,1.257203858776891e-05,0.6228,0.0028
18073,748,dhmix_628387028768654403,748,EnthalpyOfMixing,<Substance CC(C)CC(C)(C)C{solv}{x=0.499900}|CCCCO{solv}{x=0.500100}>,CC(C)CC(C)(C)C,CCCCO,openff-2.0.0,1,0.7529645746224389,1.2247448713915892e-05,0.5938,0.0027
18074,749,dens_631668933678639865,749,Density,<Substance CC(C)CC(C)(C)C{solv}{x=0.200000}|CCCCO{solv}{x=0.800000}>,CC(C)CC(C)(C)C,CCCCO,openff-2.0.0,1,0.773466093301362,1e-05,0.7696800000000001,0.000295
18075,750,dens_1394470087977586253,750,Density,<Substance CC(C)CC(C)(C)C{solv}{x=0.500000}|CCCCO{solv}{x=0.500000}>,CC(C)CC(C)(C)C,CCCCO,openff-2.0.0,1,0.7420260047661313,1e-05,0.7294000000000002,0.000285
18076,751,dens_1809610870413503056,751,Density,<Substance CC(C)CC(C)(C)C{solv}{x=0.699900}|CCCCO{solv}{x=0.300100}>,CC(C)CC(C)(C)C,CCCCO,openff-2.0.0,1,0.7267340276356734,1e-05,0.7097700000000001,0.000285
18077,752,dhmix_2302589146189152767,752,EnthalpyOfMixing,<Substance CC(C)CC(C)(C)C{solv}{x=0.200200}|CCCCO{solv}{x=0.799800}>,CC(C)CC(C)(C)C,CCCCO,openff-2.0.0,1,0.3723015644312113,1.2961481396815724e-05,0.27646,0.003235
18078,753,dens_486902622078179007,753,Density,<Substance COC=O{solv}{x=0.494600}|CO{solv}{x=0.505400}>,CO,COC=O,openff-2.0.0,1,0.9157288125380982,0.000292483043814,0.8956100000000002,7.500000000000002e-05
18079,754,dens_750646162221180186,754,Density,<Substance COC=O{solv}{x=0.083300}|CO{solv}{x=0.916700}>,CO,COC=O,openff-2.0.0,1,0.7959954323063838,0.0004369989581141,0.8088000000000002,9.000000000000002e-05
18080,755,dhmix_1113631207235753369,755,EnthalpyOfMixing,<Substance COC=O{solv}{x=0.717800}|CO{solv}{x=0.282200}>,CO,COC=O,openff-2.0.0,1,0.7974804697322249,0.0362538580047049,1.105,0.012
18081,756,dhmix_2143911117683117531,756,EnthalpyOfMixing,<Substance COC=O{solv}{x=0.512700}|CO{solv}{x=0.487300}>,CO,COC=O,openff-2.0.0,1,0.8958381441092058,0.034366521301942,1.179,0.0125
18082,757,dens_2148324189014877510,757,Density,<Substance COC=O{solv}{x=0.727100}|CO{solv}{x=0.272900}>,CO,COC=O,openff-2.0.0,1,0.959840154263833,0.00035752531429,0.9321000000000004,8.000000000000002e-05
18083,758,dhmix_2205254965267695203,758,EnthalpyOfMixing,<Substance COC=O{solv}{x=0.083300}|CO{solv}{x=0.916700}>,CO,COC=O,openff-2.0.0,1,0.4000440063473611,0.0298758168846403,0.311,0.0035
18084,759,dhmix_497300242003673148,759,EnthalpyOfMixing,<Substance BrCCBr{solv}{x=0.284100}|CCCCOC(=O)CCC{solv}{x=0.715900}>,BrCCBr,CCCCOC(=O)CCC,openff-2.0.0,1,-0.7172075653555794,0.0509642351095566,-0.054,0.001
18085,760,dhmix_712261179736749495,760,EnthalpyOfMixing,<Substance BrCCBr{solv}{x=0.515300}|CCCCOC(=O)CCC{solv}{x=0.484700}>,BrCCBr,CCCCOC(=O)CCC,openff-2.0.0,1,-0.8038857590230748,0.0436483305252664,-0.027,0.0005
18086,761,dens_846614854165535724,761,Density,<Substance BrCCBr{solv}{x=0.212900}|CCCCOC(=O)CCC{solv}{x=0.787100}>,BrCCBr,CCCCOC(=O)CCC,openff-2.0.0,1,1.0234908022129885,0.0002558737169324,1.0245500000000003,0.00013
18087,762,dens_1085110183353279404,762,Density,<Substance BrCCBr{solv}{x=0.730000}|CCCCOC(=O)CCC{solv}{x=0.270000}>,BrCCBr,CCCCOC(=O)CCC,openff-2.0.0,1,1.606771653894385,0.0004321106634953,1.6231500000000003,0.000405
18088,763,dhmix_2153957437015117204,763,EnthalpyOfMixing,<Substance BrCCBr{solv}{x=0.763900}|CCCCOC(=O)CCC{solv}{x=0.236100}>,BrCCBr,CCCCOC(=O)CCC,openff-2.0.0,1,-0.5933917351209601,0.0350613029383265,0.051,0.001
18089,764,dens_2242615301342819560,764,Density,<Substance BrCCBr{solv}{x=0.449300}|CCCCOC(=O)CCC{solv}{x=0.550700}>,BrCCBr,CCCCOC(=O)CCC,openff-2.0.0,1,1.246202436591746,0.0002181184218159,1.2506100000000002,0.000225
18090,765,dens_501060706627477242,765,Density,<Substance OC1=NCCC1{solv}{x=0.500000}|O{solv}{x=0.500000}>,O,OC1=NCCC1,openff-2.0.0,1,1.052703821720932,0.0003099894195415,1.0977070000000004,0.0005555
18091,766,dens_929065521104254808,766,Density,<Substance OC1=NCCC1{solv}{x=0.744800}|O{solv}{x=0.255200}>,O,OC1=NCCC1,openff-2.0.0,1,1.0626531091588889,0.0002843336131908,1.1044310000000004,0.000577
18092,767,dhmix_1128968771311392860,767,EnthalpyOfMixing,<Substance OC1=NCCC1{solv}{x=0.769300}|O{solv}{x=0.230700}>,O,OC1=NCCC1,openff-2.0.0,1,0.8073372303022026,0.038018071377768,-0.678,0.1695
18093,768,dens_1192491633684345401,768,Density,<Substance OC1=NCCC1{solv}{x=0.246800}|O{solv}{x=0.753200}>,O,OC1=NCCC1,openff-2.0.0,1,1.0330359496676311,0.000417539435237,1.077068,0.0004905
18094,769,dhmix_1775375132531538271,769,EnthalpyOfMixing,<Substance OC1=NCCC1{solv}{x=0.478300}|O{solv}{x=0.521700}>,O,OC1=NCCC1,openff-2.0.0,1,0.7464005062542398,0.031271749860679,-0.8384,0.20965
18095,770,dhmix_1895825007089845103,770,EnthalpyOfMixing,<Substance OC1=NCCC1{solv}{x=0.231900}|O{solv}{x=0.768100}>,O,OC1=NCCC1,openff-2.0.0,1,0.7548117023394951,0.0253133250231697,-0.5238,0.13095
18096,771,dens_502738970558558534,771,Density,<Substance BrCCBr{solv}{x=0.749000}|COC=O{solv}{x=0.251000}>,BrCCBr,COC=O,openff-2.0.0,1,1.9057939192209177,0.0006756504229483,1.9319600000000008,0.003535
18097,772,dhmix_523129341332875255,772,EnthalpyOfMixing,<Substance BrCCBr{solv}{x=0.059500}|COC=O{solv}{x=0.940500}>,BrCCBr,COC=O,openff-2.0.0,1,0.3050708127494914,0.0415528856024328,0.1715,0.00215
18098,773,dens_528986974844153101,773,Density,<Substance BrCCBr{solv}{x=0.059800}|COC=O{solv}{x=0.940200}>,BrCCBr,COC=O,openff-2.0.0,1,1.1159866804760168,0.0004355467209862,1.06428,0.00056
18099,774,dhmix_1521152703631810888,774,EnthalpyOfMixing,<Substance BrCCBr{solv}{x=0.757400}|COC=O{solv}{x=0.242600}>,BrCCBr,COC=O,openff-2.0.0,1,0.6854182797735433,0.0310966705103081,0.653,0.00585
18100,775,dhmix_1685647138770344206,775,EnthalpyOfMixing,<Substance BrCCBr{solv}{x=0.528100}|COC=O{solv}{x=0.471900}>,BrCCBr,COC=O,openff-2.0.0,1,1.195906772018979,0.0336098246178274,0.8123,0.00705
18101,776,dens_1945150067923572864,776,Density,<Substance BrCCBr{solv}{x=0.501500}|COC=O{solv}{x=0.498500}>,BrCCBr,COC=O,openff-2.0.0,1,1.668857525856163,0.0006343062151942,1.6620300000000003,0.00232
18102,777,dens_511283508189056955,777,Density,<Substance CCO{solv}{x=0.291400}|CN(C)CCO{solv}{x=0.708600}>,CCO,CN(C)CCO,openff-2.0.0,1,0.8711793796793161,0.0002754029458715,0.8710100000000002,0.000165
18103,778,dhmix_1055456388735168345,778,EnthalpyOfMixing,<Substance CCO{solv}{x=0.508400}|CN(C)CCO{solv}{x=0.491600}>,CCO,CN(C)CCO,openff-2.0.0,1,-0.3492988131818748,0.0333625813543555,-0.4044,0.0044
18104,779,dens_1119930253414624267,779,Density,<Substance CCO{solv}{x=0.699500}|CN(C)CCO{solv}{x=0.300500}>,CCO,CN(C)CCO,openff-2.0.0,1,0.8343049608535645,0.0003006503677759,0.8345000000000002,0.000135
18105,780,dhmix_1132835222292135012,780,EnthalpyOfMixing,<Substance CCO{solv}{x=0.268600}|CN(C)CCO{solv}{x=0.731400}>,CCO,CN(C)CCO,openff-2.0.0,1,-0.3868822536059042,0.0412432182777086,-0.2783,0.0031
18106,781,dens_1964926738263319597,781,Density,<Substance CCO{solv}{x=0.494900}|CN(C)CCO{solv}{x=0.505100}>,CCO,CN(C)CCO,openff-2.0.0,1,0.855290762119953,0.0002366324226265,0.8566200000000002,0.00015
18107,782,dhmix_2011138895468245368,782,EnthalpyOfMixing,<Substance CCO{solv}{x=0.733500}|CN(C)CCO{solv}{x=0.266500}>,CCO,CN(C)CCO,openff-2.0.0,1,-0.3955910512976999,0.0382043150416402,-0.3657,0.004
18108,783,dhmix_517287783481256565,783,EnthalpyOfMixing,<Substance CN(C)C=O{solv}{x=0.701000}|ClCCCCCl{solv}{x=0.299000}>,CN(C)C=O,ClCCCCCl,openff-2.0.0,1,0.3222589689626858,0.0370016022466382,-0.052,0.002
18109,784,dens_765057686797526715,784,Density,<Substance CN(C)C=O{solv}{x=0.794300}|ClCCCCCl{solv}{x=0.205700}>,CN(C)C=O,ClCCCCCl,openff-2.0.0,1,0.979370233045406,0.000255105668714,0.9934000000000002,0.00245
18110,785,dens_1092490027864410415,785,Density,<Substance CN(C)C=O{solv}{x=0.502200}|ClCCCCCl{solv}{x=0.497800}>,CN(C)C=O,ClCCCCCl,openff-2.0.0,1,1.0415193136949348,0.0002691331352541,1.0524000000000004,0.0022
18111,786,dens_1571926938169630329,786,Density,<Substance CN(C)C=O{solv}{x=0.299400}|ClCCCCCl{solv}{x=0.700600}>,CN(C)C=O,ClCCCCCl,openff-2.0.0,1,1.078465218383829,0.0002729727890227,1.0879000000000003,0.0021
18112,787,dhmix_1989422051580285053,787,EnthalpyOfMixing,<Substance CN(C)C=O{solv}{x=0.501000}|ClCCCCCl{solv}{x=0.499000}>,CN(C)C=O,ClCCCCCl,openff-2.0.0,1,0.4515336051165803,0.03474155274323,-0.056,0.002
18113,788,dhmix_2190775305913174779,788,EnthalpyOfMixing,<Substance CN(C)C=O{solv}{x=0.204000}|ClCCCCCl{solv}{x=0.796000}>,CN(C)C=O,ClCCCCCl,openff-2.0.0,1,0.3146626657008795,0.0392635062770893,-0.039,0.002
18114,789,dens_518199256039095036,789,Density,<Substance CCCCO{solv}{x=0.496400}|NCCN{solv}{x=0.503600}>,CCCCO,NCCN,openff-2.0.0,1,0.8899655134563977,1e-05,0.8519430000000002,0.000219
18115,790,dens_866492593379488722,790,Density,<Substance CCCCO{solv}{x=0.739800}|NCCN{solv}{x=0.260200}>,CCCCO,NCCN,openff-2.0.0,1,0.8431647951381802,1e-05,0.8325090000000002,0.000221
18116,791,dens_2064365769538781360,791,Density,<Substance CCCCO{solv}{x=0.291900}|NCCN{solv}{x=0.708100}>,CCCCO,NCCN,openff-2.0.0,1,0.937146226805407,1e-05,0.8676960000000002,0.0002205
18117,792,dens_520201021244222151,792,Density,<Substance O=C1CCCO1{solv}{x=0.300000}|O{solv}{x=0.700000}>,O,O=C1CCCO1,openff-2.0.0,1,1.05829245728641,0.0002831343105813,1.0886000000000002,0.0001
18118,793,dens_2198925124601089428,793,Density,<Substance O=C1CCCO1{solv}{x=0.500000}|O{solv}{x=0.500000}>,O,O=C1CCCO1,openff-2.0.0,1,1.0789744267614445,0.0003215752259005,1.1059000000000003,0.0001
18119,794,dens_2272207838075726438,794,Density,<Substance O=C1CCCO1{solv}{x=0.800000}|O{solv}{x=0.200000}>,O,O=C1CCCO1,openff-2.0.0,1,1.0968691547196123,0.0002354787638734,1.1182000000000003,0.0001
18120,795,dhmix_524376395520217080,795,EnthalpyOfMixing,<Substance CC(C)CC(C)(C)C{solv}{x=0.440700}|CCCC(=O)OC{solv}{x=0.559300}>,CC(C)CC(C)(C)C,CCCC(=O)OC,openff-2.0.0,1,1.488419349811949,0.0431171333421838,1.053,0.0115
18121,796,dens_581090592491592243,796,Density,<Substance CC(C)CC(C)(C)C{solv}{x=0.298100}|CCCC(=O)OC{solv}{x=0.701900}>,CC(C)CC(C)(C)C,CCCC(=O)OC,openff-2.0.0,1,0.8222967252535521,0.0002120546020996,0.8119000000000002,0.000505
18122,797,dens_1497434747823371430,797,Density,<Substance CC(C)CC(C)(C)C{solv}{x=0.724300}|CCCC(=O)OC{solv}{x=0.275700}>,CC(C)CC(C)(C)C,CCCC(=O)OC,openff-2.0.0,1,0.746304855575534,0.0001924116420704,0.7279000000000001,0.000505
18123,798,dhmix_1614087501371550297,798,EnthalpyOfMixing,<Substance CC(C)CC(C)(C)C{solv}{x=0.762900}|CCCC(=O)OC{solv}{x=0.237100}>,CC(C)CC(C)(C)C,CCCC(=O)OC,openff-2.0.0,1,1.2182592693522167,0.0471402991301529,0.789,0.0085
18124,799,dens_1842979547629422953,799,Density,<Substance CC(C)CC(C)(C)C{solv}{x=0.441000}|CCCC(=O)OC{solv}{x=0.559000}>,CC(C)CC(C)(C)C,CCCC(=O)OC,openff-2.0.0,1,0.7934561184235416,0.0002153010423987,0.7803000000000001,0.000505
18125,800,dhmix_2246911102339588209,800,EnthalpyOfMixing,<Substance CC(C)CC(C)(C)C{solv}{x=0.298200}|CCCC(=O)OC{solv}{x=0.701800}>,CC(C)CC(C)(C)C,CCCC(=O)OC,openff-2.0.0,1,1.30748642708798,0.0466474893573575,0.884,0.0095
18126,801,dhmix_536798507677319129,801,EnthalpyOfMixing,<Substance C1COCO1{solv}{x=0.267900}|Cc1ccccc1Cl{solv}{x=0.732100}>,C1COCO1,Cc1ccccc1Cl,openff-2.0.0,1,0.3927063707300249,0.044078506536684,0.272,0.0015
18127,802,dens_559535483529614058,802,Density,<Substance C1COCO1{solv}{x=0.726600}|Cc1ccccc1Cl{solv}{x=0.273400}>,C1COCO1,Cc1ccccc1Cl,openff-2.0.0,1,1.094321781276038,0.0002904724777734,1.0652000000000004,0.0005
18128,803,dens_731520844601672570,803,Density,<Substance C1COCO1{solv}{x=0.268500}|Cc1ccccc1Cl{solv}{x=0.731500}>,C1COCO1,Cc1ccccc1Cl,openff-2.0.0,1,1.0723684074726771,0.00027060674737,1.0630000000000002,0.0005
18129,804,dens_839907656840905053,804,Density,<Substance C1COCO1{solv}{x=0.516900}|Cc1ccccc1Cl{solv}{x=0.483100}>,C1COCO1,Cc1ccccc1Cl,openff-2.0.0,1,1.089546466417116,0.0002701734322599,1.0694000000000004,0.0005
18130,805,dhmix_1308085019204784636,805,EnthalpyOfMixing,<Substance C1COCO1{solv}{x=0.500900}|Cc1ccccc1Cl{solv}{x=0.499100}>,C1COCO1,Cc1ccccc1Cl,openff-2.0.0,1,0.4900529397318109,0.0391825217734336,0.393,0.002
18131,806,dhmix_1924685013370154802,806,EnthalpyOfMixing,<Substance C1COCO1{solv}{x=0.760400}|Cc1ccccc1Cl{solv}{x=0.239600}>,C1COCO1,Cc1ccccc1Cl,openff-2.0.0,1,0.3824914837323945,0.0373098159457683,0.313,0.0015
18132,807,dhmix_549919019055097043,807,EnthalpyOfMixing,<Substance C1CCCCC1{solv}{x=0.799100}|CC(C)O{solv}{x=0.200900}>,C1CCCCC1,CC(C)O,openff-2.0.0,1,0.6782123726693499,0.0443546368865983,0.702,0.017
18133,808,dhmix_1101575580592240663,808,EnthalpyOfMixing,<Substance C1CCCCC1{solv}{x=0.199500}|CC(C)O{solv}{x=0.800500}>,C1CCCCC1,CC(C)O,openff-2.0.0,1,0.4303295772194957,0.0381751772904682,0.438,0.011
18134,809,dhmix_1262965345724899699,809,EnthalpyOfMixing,<Substance C1CCCCC1{solv}{x=0.498400}|CC(C)O{solv}{x=0.501600}>,C1CCCCC1,CC(C)O,openff-2.0.0,1,0.9384110079412552,0.0422415751883437,0.801,0.0195
18135,810,dens_1431184569437551541,810,Density,<Substance C1CCCCC1{solv}{x=0.705800}|CC(C)O{solv}{x=0.294200}>,C1CCCCC1,CC(C)O,openff-2.0.0,1,0.7648434880034474,0.0001675828650813,0.7711100000000002,0.000245
18136,811,dens_2097249982689376165,811,Density,<Substance C1CCCCC1{solv}{x=0.200000}|CC(C)O{solv}{x=0.800000}>,C1CCCCC1,CC(C)O,openff-2.0.0,1,0.7879078481020688,0.0002568410684518,0.7761000000000002,0.0003
18137,812,dens_2130071224188444793,812,Density,<Substance C1CCCCC1{solv}{x=0.503900}|CC(C)O{solv}{x=0.496100}>,C1CCCCC1,CC(C)O,openff-2.0.0,1,0.7716891019503141,0.0002317841525821,0.7719000000000001,0.0003
18138,813,dens_562489367284385084,813,Density,<Substance CCCCC(=O)OC{solv}{x=0.251100}|COC(C)=O{solv}{x=0.748900}>,CCCCC(=O)OC,COC(C)=O,openff-2.0.0,1,0.9172818840363984,0.0003020541126443,0.9105300000000002,0.000505
18139,814,dhmix_814771684244180933,814,EnthalpyOfMixing,<Substance CCCCC(=O)OC{solv}{x=0.733900}|COC(C)=O{solv}{x=0.266100}>,CCCCC(=O)OC,COC(C)=O,openff-2.0.0,1,0.0899127454057406,0.0464920630493052,0.178,0.002
18140,815,dhmix_915202362324204655,815,EnthalpyOfMixing,<Substance CCCCC(=O)OC{solv}{x=0.505500}|COC(C)=O{solv}{x=0.494500}>,CCCCC(=O)OC,COC(C)=O,openff-2.0.0,1,0.1367941832577699,0.039343421074522,0.238,0.0025
18141,816,dhmix_935892165648195197,816,EnthalpyOfMixing,<Substance CCCCC(=O)OC{solv}{x=0.234700}|COC(C)=O{solv}{x=0.765300}>,CCCCC(=O)OC,COC(C)=O,openff-2.0.0,1,0.1505751068869116,0.0385063359751609,0.173,0.002
18142,817,dens_961692445804333991,817,Density,<Substance CCCCC(=O)OC{solv}{x=0.738300}|COC(C)=O{solv}{x=0.261700}>,CCCCC(=O)OC,COC(C)=O,openff-2.0.0,1,0.8940494493176707,0.0002248211691497,0.8914700000000002,0.000505
18143,818,dens_1493380961688632529,818,Density,<Substance CCCCC(=O)OC{solv}{x=0.493500}|COC(C)=O{solv}{x=0.506500}>,CCCCC(=O)OC,COC(C)=O,openff-2.0.0,1,0.9037716932702688,0.0002252559527055,0.8996200000000002,0.000505
18144,819,dhmix_563342363018905515,819,EnthalpyOfMixing,<Substance CCOC(=O)CC(C)=O{solv}{x=0.751400}|O{solv}{x=0.248600}>,CCOC(=O)CC(C)=O,O,openff-2.0.0,1,0.6930134621042328,0.0500187144535931,1.128,0.012
18145,820,dhmix_1385095028103136291,820,EnthalpyOfMixing,<Substance CCOC(=O)CC(C)=O{solv}{x=0.449100}|O{solv}{x=0.550900}>,CCOC(=O)CC(C)=O,O,openff-2.0.0,1,0.5701995394956754,0.0281770937004016,0.684,0.0075
18146,821,dhmix_1609967394780907654,821,EnthalpyOfMixing,<Substance CCOC(=O)CC(C)=O{solv}{x=0.299400}|O{solv}{x=0.700600}>,CCOC(=O)CC(C)=O,O,openff-2.0.0,1,0.3564292455878188,0.0313082608642099,0.428,0.005
18147,822,dhmix_566259260175961973,822,EnthalpyOfMixing,<Substance CCCCO{solv}{x=0.144700}|OC1=NCCC1{solv}{x=0.855300}>,CCCCO,OC1=NCCC1,openff-2.0.0,1,0.6959063999182185,0.0394433700854439,0.0949,0.0012
18148,823,dens_1146983614802652988,823,Density,<Substance CCCCO{solv}{x=0.500400}|OC1=NCCC1{solv}{x=0.499600}>,CCCCO,OC1=NCCC1,openff-2.0.0,1,0.929975551003976,0.0001552494843477,0.94503,0.00015
18149,824,dhmix_1601732489230179724,824,EnthalpyOfMixing,<Substance CCCCO{solv}{x=0.497800}|OC1=NCCC1{solv}{x=0.502200}>,CCCCO,OC1=NCCC1,openff-2.0.0,1,1.3887480467010107,0.0433410333793195,0.2326,0.0026
18150,825,dhmix_1661138478850718837,825,EnthalpyOfMixing,<Substance CCCCO{solv}{x=0.754800}|OC1=NCCC1{solv}{x=0.245200}>,CCCCO,OC1=NCCC1,openff-2.0.0,1,1.0981030219808758,0.039322226331868,0.2356,0.00265
18151,826,dens_1878955695276199878,826,Density,<Substance CCCCO{solv}{x=0.144600}|OC1=NCCC1{solv}{x=0.855400}>,CCCCO,OC1=NCCC1,openff-2.0.0,1,1.0258877983042465,0.0002304986433645,1.0575900000000005,0.000205
18152,827,dens_2101998760005952263,827,Density,<Substance CCCCO{solv}{x=0.755500}|OC1=NCCC1{solv}{x=0.244500}>,CCCCO,OC1=NCCC1,openff-2.0.0,1,0.8634202953830147,0.0002246592675385,0.8711500000000002,0.000185
18153,828,dhmix_569012254773025696,828,EnthalpyOfMixing,<Substance CC(C)(C)O{solv}{x=0.505700}|OC1=NCCC1{solv}{x=0.494300}>,CC(C)(C)O,OC1=NCCC1,openff-2.0.0,1,1.8526359581719527,0.0465398087828685,0.4323,0.0047
18154,829,dens_992979807705536615,829,Density,<Substance CC(C)(C)O{solv}{x=0.751100}|OC1=NCCC1{solv}{x=0.248900}>,CC(C)(C)O,OC1=NCCC1,openff-2.0.0,1,0.875648123474619,0.0003560675504792,0.8505700000000003,0.000215
18155,830,dens_1020722913861580636,830,Density,<Substance CC(C)(C)O{solv}{x=0.499700}|OC1=NCCC1{solv}{x=0.500300}>,CC(C)(C)O,OC1=NCCC1,openff-2.0.0,1,0.9350402107907309,0.0002743629998975,0.9282800000000002,0.00018
18156,831,dhmix_1408261346335628114,831,EnthalpyOfMixing,<Substance CC(C)(C)O{solv}{x=0.744900}|OC1=NCCC1{solv}{x=0.255100}>,CC(C)(C)O,OC1=NCCC1,openff-2.0.0,1,1.7346945043043895,0.0447774992006239,0.3774,0.00415
18157,832,dhmix_1466823939183874689,832,EnthalpyOfMixing,<Substance CC(C)(C)O{solv}{x=0.257800}|OC1=NCCC1{solv}{x=0.742200}>,CC(C)(C)O,OC1=NCCC1,openff-2.0.0,1,1.0535842693159836,0.0391662975839452,0.2874,0.0032
18158,833,dens_1768273433543243004,833,Density,<Substance CC(C)(C)O{solv}{x=0.276400}|OC1=NCCC1{solv}{x=0.723600}>,CC(C)(C)O,OC1=NCCC1,openff-2.0.0,1,0.9929890408034509,0.0001991180689965,1.0036300000000002,0.000155
18159,834,dens_571827819113574480,834,Density,<Substance CC(C)OC(C)C{solv}{x=0.700400}|Cc1ccccc1{solv}{x=0.299600}>,CC(C)OC(C)C,Cc1ccccc1,openff-2.0.0,1,0.7709126053338012,0.0002437898368398,0.7573100000000001,0.000155
18160,835,dhmix_686402805609192969,835,EnthalpyOfMixing,<Substance CC(C)OC(C)C{solv}{x=0.228000}|Cc1ccccc1{solv}{x=0.772000}>,CC(C)OC(C)C,Cc1ccccc1,openff-2.0.0,1,-0.0801597031790777,0.0444893548881813,0.0593,0.00515
18161,836,dhmix_1045652173440309018,836,EnthalpyOfMixing,<Substance CC(C)OC(C)C{solv}{x=0.752000}|Cc1ccccc1{solv}{x=0.248000}>,CC(C)OC(C)C,Cc1ccccc1,openff-2.0.0,1,-0.1489746052285454,0.0450712467269107,-0.0091,0.00505
18162,837,dhmix_1690461453403165745,837,EnthalpyOfMixing,<Substance CC(C)OC(C)C{solv}{x=0.455000}|Cc1ccccc1{solv}{x=0.545000}>,CC(C)OC(C)C,Cc1ccccc1,openff-2.0.0,1,-0.1434344684835764,0.0440482140790986,0.0323,0.0051
18163,838,dens_2086775654110573795,838,Density,<Substance CC(C)OC(C)C{solv}{x=0.200400}|Cc1ccccc1{solv}{x=0.799600}>,CC(C)OC(C)C,Cc1ccccc1,openff-2.0.0,1,0.8282800847850222,0.0002541648861814,0.8299700000000002,0.00014
18164,839,dens_2167043968237201720,839,Density,<Substance CC(C)OC(C)C{solv}{x=0.500300}|Cc1ccccc1{solv}{x=0.499700}>,CC(C)OC(C)C,Cc1ccccc1,openff-2.0.0,1,0.7923951058762472,0.0001640685479175,0.7849200000000002,0.000155
18165,840,dhmix_578047845607378963,840,EnthalpyOfMixing,<Substance CN1CCCC1=O{solv}{x=0.635900}|c1ccncc1{solv}{x=0.364100}>,CN1CCCC1=O,c1ccncc1,openff-2.0.0,1,-0.4299308252748375,0.0360422898201728,-0.4013,0.10035
18166,841,dhmix_625120262301063359,841,EnthalpyOfMixing,<Substance CN1CCCC1=O{solv}{x=0.231200}|c1ccncc1{solv}{x=0.768800}>,CN1CCCC1=O,c1ccncc1,openff-2.0.0,1,-0.323366372806035,0.0364416228870409,-0.3157,0.07895
18167,842,dens_1059919274311274879,842,Density,<Substance CN1CCCC1=O{solv}{x=0.521500}|c1ccncc1{solv}{x=0.478500}>,CN1CCCC1=O,c1ccncc1,openff-2.0.0,1,0.9998964472016978,0.00022410099622,1.0158200000000004,0.00051
18168,843,dens_1445187430653020908,843,Density,<Substance CN1CCCC1=O{solv}{x=0.234800}|c1ccncc1{solv}{x=0.765200}>,CN1CCCC1=O,c1ccncc1,openff-2.0.0,1,0.9931362500283384,0.0002635088445549,0.9983500000000004,0.00051
18169,844,dhmix_1933003504821603087,844,EnthalpyOfMixing,<Substance CN1CCCC1=O{solv}{x=0.499500}|c1ccncc1{solv}{x=0.500500}>,CN1CCCC1=O,c1ccncc1,openff-2.0.0,1,-0.3909523794073664,0.041312073426857,-0.4356,0.1089
18170,845,dens_2199047009222847682,845,Density,<Substance CN1CCCC1=O{solv}{x=0.636400}|c1ccncc1{solv}{x=0.363600}>,CN1CCCC1=O,c1ccncc1,openff-2.0.0,1,1.0017739989318106,0.0002041944313803,1.0207400000000002,0.00051
18171,846,dens_586351122522837789,846,Density,<Substance c1cc[nH]c1{solv}{x=0.820700}|c1ccccc1{solv}{x=0.179300}>,c1cc[nH]c1,c1ccccc1,openff-2.0.0,1,0.9566455223736936,0.0002853590653023,0.9503300000000002,0.000195
18172,847,dhmix_1101447260293284221,847,EnthalpyOfMixing,<Substance c1cc[nH]c1{solv}{x=0.494000}|c1ccccc1{solv}{x=0.506000}>,c1cc[nH]c1,c1ccccc1,openff-2.0.0,1,0.6228461613074501,0.0288652986752776,0.609,0.00395
18173,848,dens_1366042600317618213,848,Density,<Substance c1cc[nH]c1{solv}{x=0.503000}|c1ccccc1{solv}{x=0.497000}>,c1cc[nH]c1,c1ccccc1,openff-2.0.0,1,0.9169760707287956,0.000305908068074,0.9220400000000002,0.00019
18174,849,dens_2042223650153961549,849,Density,<Substance c1cc[nH]c1{solv}{x=0.314200}|c1ccccc1{solv}{x=0.685800}>,c1cc[nH]c1,c1ccccc1,openff-2.0.0,1,0.8959799012144466,0.0002842286154304,0.9043500000000002,0.000195
18175,850,dhmix_2080652523589171296,850,EnthalpyOfMixing,<Substance c1cc[nH]c1{solv}{x=0.820800}|c1ccccc1{solv}{x=0.179200}>,c1cc[nH]c1,c1ccccc1,openff-2.0.0,1,0.3091167579762555,0.0377654324717471,0.3441,0.00245
18176,851,dhmix_2101365800313583195,851,EnthalpyOfMixing,<Substance c1cc[nH]c1{solv}{x=0.314000}|c1ccccc1{solv}{x=0.686000}>,c1cc[nH]c1,c1ccccc1,openff-2.0.0,1,0.618521418568065,0.0375454965967063,0.5893,0.00385
18177,852,dens_592296207180530796,852,Density,<Substance C1CCNCC1{solv}{x=0.250000}|O{solv}{x=0.750000}>,C1CCNCC1,O,openff-2.0.0,1,0.9114622477381944,0.0003722404521998,0.9379600000000002,0.000185
18178,853,dhmix_598563182385523239,853,EnthalpyOfMixing,<Substance C1CCNCC1{solv}{x=0.750000}|O{solv}{x=0.250000}>,C1CCNCC1,O,openff-2.0.0,1,-0.7683867406658322,0.0299779755581544,-1.4628,0.02995
18179,854,dens_1144696340343060729,854,Density,<Substance C1CCNCC1{solv}{x=0.500000}|O{solv}{x=0.500000}>,C1CCNCC1,O,openff-2.0.0,1,0.889607980089407,0.0003303949364219,0.90329,0.000235
18180,855,dens_1551117370864361960,855,Density,<Substance C1CCNCC1{solv}{x=0.750000}|O{solv}{x=0.250000}>,C1CCNCC1,O,openff-2.0.0,1,0.8769042546895611,0.0002465480695933,0.8771300000000002,0.000285
18181,856,dhmix_2023343497633678069,856,EnthalpyOfMixing,<Substance C1CCNCC1{solv}{x=0.500000}|O{solv}{x=0.500000}>,C1CCNCC1,O,openff-2.0.0,1,-0.9348557092143182,0.0343645953043185,-2.1379,0.04355
18182,857,dhmix_2169709193905404129,857,EnthalpyOfMixing,<Substance C1CCNCC1{solv}{x=0.250000}|O{solv}{x=0.750000}>,C1CCNCC1,O,openff-2.0.0,1,-0.6321010715181252,0.0279036143595785,-1.9642,0.04065
18183,858,dhmix_597694390671293228,858,EnthalpyOfMixing,<Substance C1CCCCC1{solv}{x=0.495000}|c1cc[nH]c1{solv}{x=0.505000}>,C1CCCCC1,c1cc[nH]c1,openff-2.0.0,1,1.576126824839548,0.0396229232912168,1.4275,0.00895
18184,859,dens_1402964712081643759,859,Density,<Substance C1CCCCC1{solv}{x=0.281700}|c1cc[nH]c1{solv}{x=0.718300}>,C1CCCCC1,c1cc[nH]c1,openff-2.0.0,1,0.8907911543211592,0.0002294995751375,0.9082800000000002,0.00023
18185,860,dens_1463337814181203578,860,Density,<Substance C1CCCCC1{solv}{x=0.925100}|c1cc[nH]c1{solv}{x=0.074900}>,C1CCCCC1,c1cc[nH]c1,openff-2.0.0,1,0.7688909307315469,0.0001734236838075,0.7860300000000001,0.00026
18186,861,dens_1586039458655447443,861,Density,<Substance C1CCCCC1{solv}{x=0.494200}|c1cc[nH]c1{solv}{x=0.505800}>,C1CCCCC1,c1cc[nH]c1,openff-2.0.0,1,0.840507226812333,0.0002347334771644,0.8661300000000002,0.000235
18187,862,dhmix_1650717903260721901,862,EnthalpyOfMixing,<Substance C1CCCCC1{solv}{x=0.924800}|c1cc[nH]c1{solv}{x=0.075200}>,C1CCCCC1,c1cc[nH]c1,openff-2.0.0,1,0.7491928783539379,0.0466140109228527,0.7315,0.00535
18188,863,dhmix_1709124910710738018,863,EnthalpyOfMixing,<Substance C1CCCCC1{solv}{x=0.281800}|c1cc[nH]c1{solv}{x=0.718200}>,C1CCCCC1,c1cc[nH]c1,openff-2.0.0,1,1.372815743823537,0.0314655340731973,1.245,0.00795
18189,864,dhmix_602003453564252918,864,EnthalpyOfMixing,<Substance COc1ccccc1{solv}{x=0.767000}|OCCc1ccccc1{solv}{x=0.233000}>,COc1ccccc1,OCCc1ccccc1,openff-2.0.0,1,0.7391755778218112,0.0478514847452777,1.1154,0.01195
18190,865,dhmix_831666159864093343,865,EnthalpyOfMixing,<Substance COc1ccccc1{solv}{x=0.267800}|OCCc1ccccc1{solv}{x=0.732200}>,COc1ccccc1,OCCc1ccccc1,openff-2.0.0,1,0.4368418557368443,0.0498560993815038,0.688,0.00745
18191,866,dhmix_1415130215717622630,866,EnthalpyOfMixing,<Substance COc1ccccc1{solv}{x=0.523200}|OCCc1ccccc1{solv}{x=0.476800}>,COc1ccccc1,OCCc1ccccc1,openff-2.0.0,1,0.9257829230693062,0.0486969708377982,1.0457,0.0112
18192,867,dens_2018050376435813399,867,Density,<Substance COc1ccccc1{solv}{x=0.767300}|OCCc1ccccc1{solv}{x=0.232700}>,COc1ccccc1,OCCc1ccccc1,openff-2.0.0,1,0.9814066685774356,0.0002194051047834,0.9869000000000002,0.00026
18193,868,dens_2083067547090229321,868,Density,<Substance COc1ccccc1{solv}{x=0.524500}|OCCc1ccccc1{solv}{x=0.475500}>,COc1ccccc1,OCCc1ccccc1,openff-2.0.0,1,0.9904699220226248,0.0002015364124907,0.9943600000000002,0.00026
18194,869,dens_2108796896152795987,869,Density,<Substance COc1ccccc1{solv}{x=0.212100}|OCCc1ccccc1{solv}{x=0.787900}>,COc1ccccc1,OCCc1ccccc1,openff-2.0.0,1,1.000289378071679,0.0002106084963825,1.0032600000000005,0.00026
18195,870,dhmix_607389561715885318,870,EnthalpyOfMixing,<Substance CC(C)O{solv}{x=0.750600}|CCOC(=O)CC(=O)OCC{solv}{x=0.249400}>,CC(C)O,CCOC(=O)CC(=O)OCC,openff-2.0.0,1,1.742244255988755,0.043141043448841,1.955,0.021
18196,871,dhmix_970997719035766241,871,EnthalpyOfMixing,<Substance CC(C)O{solv}{x=0.249200}|CCOC(=O)CC(=O)OCC{solv}{x=0.750800}>,CC(C)O,CCOC(=O)CC(=O)OCC,openff-2.0.0,1,1.3820752097738025,0.040038538092416,1.804,0.0195
18197,872,dens_1055220895195342210,872,Density,<Substance CC(C)O{solv}{x=0.700000}|CCOC(=O)CC(=O)OCC{solv}{x=0.300000}>,CC(C)O,CCOC(=O)CC(=O)OCC,openff-2.0.0,1,0.9233432608396568,0.0002422726278454,0.9013080000000002,0.000163
18198,873,dens_1059428282849222105,873,Density,<Substance CC(C)O{solv}{x=0.500100}|CCOC(=O)CC(=O)OCC{solv}{x=0.499900}>,CC(C)O,CCOC(=O)CC(=O)OCC,openff-2.0.0,1,0.9760856383968488,0.0002115772273028,0.9563730000000004,0.0001215
18199,874,dhmix_2225069850502215858,874,EnthalpyOfMixing,<Substance CC(C)O{solv}{x=0.499700}|CCOC(=O)CC(=O)OCC{solv}{x=0.500300}>,CC(C)O,CCOC(=O)CC(=O)OCC,openff-2.0.0,1,2.047578810985492,0.0461248694426242,2.369,0.0255
18200,875,dens_2227064517025896927,875,Density,<Substance CC(C)O{solv}{x=0.200000}|CCOC(=O)CC(=O)OCC{solv}{x=0.800000}>,CC(C)O,CCOC(=O)CC(=O)OCC,openff-2.0.0,1,1.0343724360711726,0.0002403339924702,1.0176930000000002,0.000103
18201,876,dhmix_614525131410782877,876,EnthalpyOfMixing,<Substance CCCCCC(C)=O{solv}{x=0.491300}|CCCCNCCCC{solv}{x=0.508700}>,CCCCCC(C)=O,CCCCNCCCC,openff-2.0.0,1,-0.0055185943884339,0.0532307471342427,0.278,0.003
18202,877,dhmix_1051001364116056564,877,EnthalpyOfMixing,<Substance CCCCCC(C)=O{solv}{x=0.781100}|CCCCNCCCC{solv}{x=0.218900}>,CCCCCC(C)=O,CCCCNCCCC,openff-2.0.0,1,-0.0221083482736048,0.0500318027197023,0.164,0.002
18203,878,dens_1087422962538109584,878,Density,<Substance CCCCCC(C)=O{solv}{x=0.449900}|CCCCNCCCC{solv}{x=0.550100}>,CCCCCC(C)=O,CCCCNCCCC,openff-2.0.0,1,0.7740816910547285,0.0001943770401935,0.7778490000000002,9.250000000000004e-05
18204,879,dens_1830187222448876426,879,Density,<Substance CCCCCC(C)=O{solv}{x=0.209700}|CCCCNCCCC{solv}{x=0.790300}>,CCCCCC(C)=O,CCCCNCCCC,openff-2.0.0,1,0.7642506265851282,0.0001836121337367,0.7655110000000002,8.400000000000002e-05
18205,880,dens_2113849591242853193,880,Density,<Substance CCCCCC(C)=O{solv}{x=0.750900}|CCCCNCCCC{solv}{x=0.249100}>,CCCCCC(C)=O,CCCCNCCCC,openff-2.0.0,1,0.7870851338895949,0.0001339488078692,0.7951660000000003,0.000105
18206,881,dhmix_2131918011494960609,881,EnthalpyOfMixing,<Substance CCCCCC(C)=O{solv}{x=0.294700}|CCCCNCCCC{solv}{x=0.705300}>,CCCCCC(C)=O,CCCCNCCCC,openff-2.0.0,1,0.0293491447525582,1.2585904814513736e-05,0.256,0.003
18207,882,dhmix_618866445574413387,882,EnthalpyOfMixing,<Substance C1CCOCC1{solv}{x=0.442500}|Cc1ccccc1C{solv}{x=0.557500}>,C1CCOCC1,Cc1ccccc1C,openff-2.0.0,1,0.0090766596439948,0.0400626009840729,-0.0342,0.0006
18208,883,dens_643927890193937545,883,Density,<Substance C1CCOCC1{solv}{x=0.518700}|Cc1ccccc1C{solv}{x=0.481300}>,C1CCOCC1,Cc1ccccc1C,openff-2.0.0,1,0.8672988039622352,0.0001881970368635,0.8779900000000003,0.0005
18209,884,dhmix_1129414916141538177,884,EnthalpyOfMixing,<Substance C1CCOCC1{solv}{x=0.744300}|Cc1ccccc1C{solv}{x=0.255700}>,C1CCOCC1,Cc1ccccc1C,openff-2.0.0,1,0.041315950522943,0.0442213346903226,0.0421,0.00065
18210,885,dens_1429468909820653032,885,Density,<Substance C1CCOCC1{solv}{x=0.231800}|Cc1ccccc1C{solv}{x=0.768200}>,C1CCOCC1,Cc1ccccc1C,openff-2.0.0,1,0.8632690206943878,0.0002182744691049,0.8770400000000002,0.0005
18211,886,dens_1442497603142913792,886,Density,<Substance C1CCOCC1{solv}{x=0.772900}|Cc1ccccc1C{solv}{x=0.227100}>,C1CCOCC1,Cc1ccccc1C,openff-2.0.0,1,0.8724651074923546,0.0002300968733458,0.8787800000000002,0.000505
18212,887,dhmix_2268256048157488415,887,EnthalpyOfMixing,<Substance C1CCOCC1{solv}{x=0.245400}|Cc1ccccc1C{solv}{x=0.754600}>,C1CCOCC1,Cc1ccccc1C,openff-2.0.0,1,-0.07550136825094,0.045324239964775,-0.0613,0.00085
18213,888,dens_626398848152359169,888,Density,<Substance C1COCCN1{solv}{x=0.498000}|O{solv}{x=0.502000}>,C1COCCN1,O,openff-2.0.0,1,1.0418391625398773,0.0002716551833736,1.0255000000000003,0.00255
18214,889,dhmix_773913810754342365,889,EnthalpyOfMixing,<Substance C1COCCN1{solv}{x=0.714900}|O{solv}{x=0.285100}>,C1COCCN1,O,openff-2.0.0,1,-1.3476842263421247,0.0393880932097201,-1.753,0.019
18215,890,dhmix_1012297674499495059,890,EnthalpyOfMixing,<Substance C1COCCN1{solv}{x=0.201000}|O{solv}{x=0.799000}>,C1COCCN1,O,openff-2.0.0,1,-1.1098812331482826,0.0280591674826687,-2.758,0.0295
18216,891,dens_1167008264969667349,891,Density,<Substance C1COCCN1{solv}{x=0.793000}|O{solv}{x=0.207000}>,C1COCCN1,O,openff-2.0.0,1,1.0424755445239042,0.0003930381469228,1.0057000000000005,0.00245
18217,892,dhmix_1871930573512426354,892,EnthalpyOfMixing,<Substance C1COCCN1{solv}{x=0.491100}|O{solv}{x=0.508900}>,C1COCCN1,O,openff-2.0.0,1,-1.7772648800220594,0.0303232637021167,-3.131,0.0335
18218,893,dens_2014911999593579414,893,Density,<Substance C1COCCN1{solv}{x=0.298000}|O{solv}{x=0.702000}>,C1COCCN1,O,openff-2.0.0,1,1.0313411029091268,0.0003247388021602,1.0309000000000004,0.00255
18219,894,dens_627753907231278660,894,Density,<Substance CCC(C)=O{solv}{x=0.753100}|CCCNCCC{solv}{x=0.246900}>,CCC(C)=O,CCCNCCC,openff-2.0.0,1,0.7634172463661518,0.0002404756759797,0.7771510000000001,0.000109
18220,895,dens_674236159588910357,895,Density,<Substance CCC(C)=O{solv}{x=0.244600}|CCCNCCC{solv}{x=0.755400}>,CCC(C)=O,CCCNCCC,openff-2.0.0,1,0.7422990232454135,0.0002174905103439,0.7446230000000003,0.0001405
18221,896,dhmix_749228177959685874,896,EnthalpyOfMixing,<Substance CCC(C)=O{solv}{x=0.235300}|CCCNCCC{solv}{x=0.764700}>,CCC(C)=O,CCCNCCC,openff-2.0.0,1,0.0355402662061692,0.0549547208863108,0.299,0.0035
18222,897,dhmix_1706960823617656563,897,EnthalpyOfMixing,<Substance CCC(C)=O{solv}{x=0.698400}|CCCNCCC{solv}{x=0.301600}>,CCC(C)=O,CCCNCCC,openff-2.0.0,1,0.0237409146799194,0.0421023515093796,0.334,0.0035
18223,898,dhmix_2102794241345605516,898,EnthalpyOfMixing,<Substance CCC(C)=O{solv}{x=0.505000}|CCCNCCC{solv}{x=0.495000}>,CCC(C)=O,CCCNCCC,openff-2.0.0,1,0.0550717570732501,0.043134629721451,0.397,0.0045
18224,899,dens_2224864308887622456,899,Density,<Substance CCC(C)=O{solv}{x=0.500600}|CCCNCCC{solv}{x=0.499400}>,CCC(C)=O,CCCNCCC,openff-2.0.0,1,0.7519879054227194,0.000227857891539,0.7590400000000002,0.000125
18225,900,dhmix_628329103086906726,900,EnthalpyOfMixing,<Substance CC1CCCCC1{solv}{x=0.250400}|CCCO{solv}{x=0.749600}>,CC1CCCCC1,CCCO,openff-2.0.0,1,0.4051854638200609,0.0376301802581152,0.321,0.0055
18226,901,dhmix_989207392771680315,901,EnthalpyOfMixing,<Substance CC1CCCCC1{solv}{x=0.750500}|CCCO{solv}{x=0.249500}>,CC1CCCCC1,CCCO,openff-2.0.0,1,0.7190803254704861,0.0330792478605032,0.574,0.0055
18227,902,dens_1351260115393741606,902,Density,<Substance CC1CCCCC1{solv}{x=0.503100}|CCCO{solv}{x=0.496900}>,CC1CCCCC1,CCCO,openff-2.0.0,1,0.7751735338186747,0.000254398948921,0.7785600000000001,0.0039
18228,903,dens_1376195506089851480,903,Density,<Substance CC1CCCCC1{solv}{x=0.202700}|CCCO{solv}{x=0.797300}>,CC1CCCCC1,CCCO,openff-2.0.0,1,0.7859570976684686,0.0003059635796242,0.7942000000000002,0.00398
18229,904,dens_1501229836503112732,904,Density,<Substance CC1CCCCC1{solv}{x=0.799000}|CCCO{solv}{x=0.201000}>,CC1CCCCC1,CCCO,openff-2.0.0,1,0.7671621557030328,0.0001991091822138,0.7688300000000002,0.003855
18230,905,dhmix_2109805019413953371,905,EnthalpyOfMixing,<Substance CC1CCCCC1{solv}{x=0.500400}|CCCO{solv}{x=0.499600}>,CC1CCCCC1,CCCO,openff-2.0.0,1,0.6678020375119331,0.0436588695612409,0.533,0.0055
18231,906,dhmix_634764080264908666,906,EnthalpyOfMixing,<Substance OCCN1CCOCC1{solv}{x=0.498900}|O{solv}{x=0.501100}>,O,OCCN1CCOCC1,openff-2.0.0,1,-1.8224770136147015,1.224745687887898e-05,-2.2633,0.02415
18232,907,dens_707792343667224312,907,Density,<Substance OCCN1CCOCC1{solv}{x=0.246600}|O{solv}{x=0.753400}>,O,OCCN1CCOCC1,openff-2.0.0,1,1.0702420116645583,1e-05,1.0838100000000002,0.00154
18233,908,dhmix_1064373607860850902,908,EnthalpyOfMixing,<Substance OCCN1CCOCC1{solv}{x=0.694900}|O{solv}{x=0.305100}>,O,OCCN1CCOCC1,openff-2.0.0,1,-1.4095564874351112,1.2554083001159425e-05,-1.7936,0.01915
18234,909,dhmix_1846281306963870091,909,EnthalpyOfMixing,<Substance OCCN1CCOCC1{solv}{x=0.300200}|O{solv}{x=0.699800}>,O,OCCN1CCOCC1,openff-2.0.0,1,-1.540389634470202,1.2569805089976535e-05,-2.426,0.026
18235,910,dens_2238932092645470826,910,Density,<Substance OCCN1CCOCC1{solv}{x=0.743900}|O{solv}{x=0.256100}>,O,OCCN1CCOCC1,openff-2.0.0,1,1.0876438345800488,1e-05,1.08031,0.001565
18236,911,dens_2269173599223764079,911,Density,<Substance OCCN1CCOCC1{solv}{x=0.485200}|O{solv}{x=0.514800}>,O,OCCN1CCOCC1,openff-2.0.0,1,1.084582102990482,1e-05,1.0866900000000004,0.00159
18237,912,dhmix_636778454546345333,912,EnthalpyOfMixing,<Substance C1CCCCC1{solv}{x=0.506300}|CNc1ccccc1{solv}{x=0.493700}>,C1CCCCC1,CNc1ccccc1,openff-2.0.0,1,2.1377952878542033,0.0451802326662594,1.628,0.0175
18238,913,dens_1209163492396921559,913,Density,<Substance C1CCCCC1{solv}{x=0.247000}|CNc1ccccc1{solv}{x=0.753000}>,C1CCCCC1,CNc1ccccc1,openff-2.0.0,1,0.931845620257595,0.0002442375492728,0.9289450000000002,0.000272
18239,914,dens_1438140901521078017,914,Density,<Substance C1CCCCC1{solv}{x=0.494500}|CNc1ccccc1{solv}{x=0.505500}>,C1CCCCC1,CNc1ccccc1,openff-2.0.0,1,0.8716628104722144,0.0002184723760696,0.8759620000000002,0.0001835
18240,915,dens_1482697199055102595,915,Density,<Substance C1CCCCC1{solv}{x=0.746400}|CNc1ccccc1{solv}{x=0.253600}>,C1CCCCC1,CNc1ccccc1,openff-2.0.0,1,0.8132354564771211,0.0002630785491037,0.8233530000000001,0.000138
18241,916,dhmix_1832297119731463766,916,EnthalpyOfMixing,<Substance C1CCCCC1{solv}{x=0.204700}|CNc1ccccc1{solv}{x=0.795300}>,C1CCCCC1,CNc1ccccc1,openff-2.0.0,1,1.420766203390727,0.0490624473445386,0.972,0.0105
18242,917,dhmix_1889368397403208807,917,EnthalpyOfMixing,<Substance C1CCCCC1{solv}{x=0.706600}|CNc1ccccc1{solv}{x=0.293400}>,C1CCCCC1,CNc1ccccc1,openff-2.0.0,1,1.8887890424946931,0.0446539968375517,1.521,0.0165
18243,918,dhmix_637657437173907469,918,EnthalpyOfMixing,<Substance CC(C)=O{solv}{x=0.709700}|CNc1ccccc1{solv}{x=0.290300}>,CC(C)=O,CNc1ccccc1,openff-2.0.0,1,-0.5557452939133629,0.0347205004285015,-0.525,0.0055
18244,919,dhmix_817594693007274900,919,EnthalpyOfMixing,<Substance CC(C)=O{solv}{x=0.231600}|CNc1ccccc1{solv}{x=0.768400}>,CC(C)=O,CNc1ccccc1,openff-2.0.0,1,-0.4852522776918349,0.0443353151007571,-0.5,0.0055
18245,920,dens_830664987854613197,920,Density,<Substance CC(C)=O{solv}{x=0.250300}|CNc1ccccc1{solv}{x=0.749700}>,CC(C)=O,CNc1ccccc1,openff-2.0.0,1,0.9573568190420844,0.0001556507387348,0.9502900000000002,0.0003395
18246,921,dhmix_1052042310023734389,921,EnthalpyOfMixing,<Substance CC(C)=O{solv}{x=0.508600}|CNc1ccccc1{solv}{x=0.491400}>,CC(C)=O,CNc1ccccc1,openff-2.0.0,1,-0.7708040780999426,0.0398116507007891,-0.672,0.0075
18247,922,dens_1302333367899693905,922,Density,<Substance CC(C)=O{solv}{x=0.750600}|CNc1ccccc1{solv}{x=0.249400}>,CC(C)=O,CNc1ccccc1,openff-2.0.0,1,0.8487444834747893,0.0002466723544861,0.8565010000000002,0.000231
18248,923,dens_1582643029733708616,923,Density,<Substance CC(C)=O{solv}{x=0.494800}|CNc1ccccc1{solv}{x=0.505200}>,CC(C)=O,CNc1ccccc1,openff-2.0.0,1,0.9107576349576596,0.0002172429780741,0.9107940000000002,0.000263
18249,924,dens_650566412384126439,924,Density,<Substance CC(C)CC(C)(C)C{solv}{x=0.158800}|CCCCC(=O)OC{solv}{x=0.841200}>,CC(C)CC(C)(C)C,CCCCC(=O)OC,openff-2.0.0,1,0.8516272932620862,0.0001991992946249,0.8463800000000002,0.000505
18250,925,dhmix_986100941633296124,925,EnthalpyOfMixing,<Substance CC(C)CC(C)(C)C{solv}{x=0.481800}|CCCCC(=O)OC{solv}{x=0.518200}>,CC(C)CC(C)(C)C,CCCCC(=O)OC,openff-2.0.0,1,1.3883632018618923,0.049773425795264,0.866,0.0095
18251,926,dens_1095352626338523806,926,Density,<Substance CC(C)CC(C)(C)C{solv}{x=0.742500}|CCCCC(=O)OC{solv}{x=0.257500}>,CC(C)CC(C)(C)C,CCCCC(=O)OC,openff-2.0.0,1,0.7468109965046833,0.0001914386960205,0.7289800000000002,0.000505
18252,927,dens_1260001645299629257,927,Density,<Substance CC(C)CC(C)(C)C{solv}{x=0.498400}|CCCCC(=O)OC{solv}{x=0.501600}>,CC(C)CC(C)(C)C,CCCCC(=O)OC,openff-2.0.0,1,0.7871313565616388,0.0002179233701266,0.7738400000000002,0.000505
18253,928,dhmix_1505455794590867712,928,EnthalpyOfMixing,<Substance CC(C)CC(C)(C)C{solv}{x=0.158900}|CCCCC(=O)OC{solv}{x=0.841100}>,CC(C)CC(C)(C)C,CCCCC(=O)OC,openff-2.0.0,1,0.6625916535318765,0.0508464382232978,0.438,0.005
18254,929,dhmix_1888614200283593194,929,EnthalpyOfMixing,<Substance CC(C)CC(C)(C)C{solv}{x=0.781300}|CCCCC(=O)OC{solv}{x=0.218700}>,CC(C)CC(C)(C)C,CCCCC(=O)OC,openff-2.0.0,1,1.0601827821299992,0.0532054382282555,0.658,0.007
18255,930,dhmix_657900975986635712,930,EnthalpyOfMixing,<Substance Cc1ccccc1N{solv}{x=0.782700}|Cc1ccncc1{solv}{x=0.217300}>,Cc1ccccc1N,Cc1ccncc1,openff-2.0.0,1,-1.006413764387858,0.0479143888793408,-0.8885,0.0182
18256,931,dhmix_727678512066874384,931,EnthalpyOfMixing,<Substance Cc1ccccc1N{solv}{x=0.478300}|Cc1ccncc1{solv}{x=0.521700}>,Cc1ccccc1N,Cc1ccncc1,openff-2.0.0,1,-1.5867254348974384,0.0390164164122958,-1.4295,0.0291
18257,932,dhmix_860941552641107708,932,EnthalpyOfMixing,<Substance Cc1ccccc1N{solv}{x=0.271500}|Cc1ccncc1{solv}{x=0.728500}>,Cc1ccccc1N,Cc1ccncc1,openff-2.0.0,1,-1.1780510429763922,0.0417853549987864,-1.1791,0.02405
18258,933,dens_1148106102021344214,933,Density,<Substance Cc1ccccc1N{solv}{x=0.265500}|Cc1ccncc1{solv}{x=0.734500}>,Cc1ccccc1N,Cc1ccncc1,openff-2.0.0,1,0.9751700541344352,0.0001786800540022,0.9662520000000002,0.00012
18259,934,dens_1294189007890656769,934,Density,<Substance Cc1ccccc1N{solv}{x=0.486300}|Cc1ccncc1{solv}{x=0.513700}>,Cc1ccccc1N,Cc1ccncc1,openff-2.0.0,1,0.991757348586266,0.0001828222036639,0.9765780000000002,0.000119
18260,935,dens_1461384477504239974,935,Density,<Substance Cc1ccccc1N{solv}{x=0.767400}|Cc1ccncc1{solv}{x=0.232600}>,Cc1ccccc1N,Cc1ccncc1,openff-2.0.0,1,1.0094115006609543,0.0002089192072227,0.9868740000000004,0.000118
18261,936,dens_671712471159959715,936,Density,<Substance CCCCCCN{solv}{x=0.294400}|CN(C)C=O{solv}{x=0.705600}>,CCCCCCN,CN(C)C=O,openff-2.0.0,1,0.8650767074503133,0.0002054773025735,0.8676880000000002,0.001057
18262,937,dhmix_791979567859859400,937,EnthalpyOfMixing,<Substance CCCCCCN{solv}{x=0.747800}|CN(C)C=O{solv}{x=0.252200}>,CCCCCCN,CN(C)C=O,openff-2.0.0,1,0.1672725997918576,0.0439291642523963,0.461,0.015
18263,938,dens_812907294215791908,938,Density,<Substance CCCCCCN{solv}{x=0.450000}|CN(C)C=O{solv}{x=0.550000}>,CCCCCCN,CN(C)C=O,openff-2.0.0,1,0.8401457706171481,0.000234359137308,0.8367510000000001,0.001016
18264,939,dhmix_1553880519684715156,939,EnthalpyOfMixing,<Substance CCCCCCN{solv}{x=0.249700}|CN(C)C=O{solv}{x=0.750300}>,CCCCCCN,CN(C)C=O,openff-2.0.0,1,0.3512894772232613,0.0380610189940297,0.51,0.0165
18265,940,dens_1658157305664412923,940,Density,<Substance CCCCCCN{solv}{x=0.745200}|CN(C)C=O{solv}{x=0.254800}>,CCCCCCN,CN(C)C=O,openff-2.0.0,1,0.8014880217553447,0.0002364049433231,0.7905460000000002,0.0009575
18266,941,dhmix_2271922176351407084,941,EnthalpyOfMixing,<Substance CCCCCCN{solv}{x=0.499700}|CN(C)C=O{solv}{x=0.500300}>,CCCCCCN,CN(C)C=O,openff-2.0.0,1,0.3933915843992395,0.0363423513092294,0.661,0.02
18267,942,dhmix_676105854791415053,942,EnthalpyOfMixing,<Substance C=C(C)[C@H]1CC=C(C)CC1{solv}{x=0.540000}|CCCCCO{solv}{x=0.460000}>,C=C(C)[C@H]1CC=C(C)CC1,CCCCCO,openff-2.0.0,1,0.8564995165537255,0.0540348837069014,0.858,0.0345
18268,943,dhmix_865539540276734208,943,EnthalpyOfMixing,<Substance C=C(C)[C@H]1CC=C(C)CC1{solv}{x=0.766000}|CCCCCO{solv}{x=0.234000}>,C=C(C)[C@H]1CC=C(C)CC1,CCCCCO,openff-2.0.0,1,0.897181791156072,0.0453687438795208,0.782,0.0315
18269,944,dens_1544700949225348296,944,Density,<Substance C=C(C)[C@H]1CC=C(C)CC1{solv}{x=0.263500}|CCCCCO{solv}{x=0.736500}>,C=C(C)[C@H]1CC=C(C)CC1,CCCCCO,openff-2.0.0,1,0.8173068060954891,0.0002076796232309,0.8238000000000002,0.0002
18270,945,dens_1638649899512334435,945,Density,<Substance C=C(C)[C@H]1CC=C(C)CC1{solv}{x=0.543500}|CCCCCO{solv}{x=0.456500}>,C=C(C)[C@H]1CC=C(C)CC1,CCCCCO,openff-2.0.0,1,0.8211662491094058,0.0001892870068396,0.8312000000000003,0.0003
18271,946,dens_2014432371647189246,946,Density,<Substance C=C(C)[C@H]1CC=C(C)CC1{solv}{x=0.725200}|CCCCCO{solv}{x=0.274800}>,C=C(C)[C@H]1CC=C(C)CC1,CCCCCO,openff-2.0.0,1,0.8236006324711492,0.0002045246608783,0.8354000000000001,0.00035
18272,947,dhmix_2293008983270202716,947,EnthalpyOfMixing,<Substance C=C(C)[C@H]1CC=C(C)CC1{solv}{x=0.272000}|CCCCCO{solv}{x=0.728000}>,C=C(C)[C@H]1CC=C(C)CC1,CCCCCO,openff-2.0.0,1,0.4887791015589187,0.0479391529730974,0.532,0.0215
18273,948,dens_680086766431069719,948,Density,<Substance CN1CCNCC1{solv}{x=0.209100}|O{solv}{x=0.790900}>,CN1CCNCC1,O,openff-2.0.0,1,0.9967245297947256,0.0003606521158873,1.0013300000000005,4.000000000000001e-05
18274,949,dhmix_979415629850644100,949,EnthalpyOfMixing,<Substance CN1CCNCC1{solv}{x=0.199800}|O{solv}{x=0.800200}>,CN1CCNCC1,O,openff-2.0.0,1,-3.159122858902947,0.0246280621150913,-4.495,0.048
18275,950,dhmix_1386641258873877278,950,EnthalpyOfMixing,<Substance CN1CCNCC1{solv}{x=0.792600}|O{solv}{x=0.207400}>,CN1CCNCC1,O,openff-2.0.0,1,-1.3693549534598333,0.0439298487626701,-1.753,0.019
18276,951,dhmix_1572121970391530461,951,EnthalpyOfMixing,<Substance CN1CCNCC1{solv}{x=0.550000}|O{solv}{x=0.450000}>,CN1CCNCC1,O,openff-2.0.0,1,-2.847132239200988,0.0387508559290155,-3.547,0.038
18277,952,dens_1756096179620961699,952,Density,<Substance CN1CCNCC1{solv}{x=0.510900}|O{solv}{x=0.489100}>,CN1CCNCC1,O,openff-2.0.0,1,0.9752708829864312,0.0005021713877807,0.9464100000000002,7.000000000000002e-05
18278,953,dens_1892970147583328629,953,Density,<Substance CN1CCNCC1{solv}{x=0.706500}|O{solv}{x=0.293500}>,CN1CCNCC1,O,openff-2.0.0,1,0.9649798977826828,0.0003159921310769,0.9223100000000002,8.500000000000002e-05
18279,954,dhmix_681274412655414068,954,EnthalpyOfMixing,<Substance CCCOC(=O)CC{solv}{x=0.739400}|Cc1ccccc1{solv}{x=0.260600}>,CCCOC(=O)CC,Cc1ccccc1,openff-2.0.0,1,-0.2221731536700701,0.046673844235581,-0.1135,0.0033
18280,955,dhmix_720914323963600437,955,EnthalpyOfMixing,<Substance CCCOC(=O)CC{solv}{x=0.238900}|Cc1ccccc1{solv}{x=0.761100}>,CCCOC(=O)CC,Cc1ccccc1,openff-2.0.0,1,-0.3726595800126802,0.0402395521138155,-0.1404,0.0037
18281,956,dens_1397630560016316656,956,Density,<Substance CCCOC(=O)CC{solv}{x=0.274700}|Cc1ccccc1{solv}{x=0.725300}>,CCCOC(=O)CC,Cc1ccccc1,openff-2.0.0,1,0.8630346553901452,0.000222281721494,0.8675700000000003,0.00018
18282,957,dhmix_1646061995263935606,957,EnthalpyOfMixing,<Substance CCCOC(=O)CC{solv}{x=0.548600}|Cc1ccccc1{solv}{x=0.451400}>,CCCOC(=O)CC,Cc1ccccc1,openff-2.0.0,1,-0.301041342874953,0.0425078366685038,-0.1583,0.004
18283,958,dens_1792064777238352129,958,Density,<Substance CCCOC(=O)CC{solv}{x=0.490700}|Cc1ccccc1{solv}{x=0.509300}>,CCCOC(=O)CC,Cc1ccccc1,openff-2.0.0,1,0.8679998009893946,0.0002310646456075,0.8707300000000002,0.00019
18284,959,dens_1826904081955826008,959,Density,<Substance CCCOC(=O)CC{solv}{x=0.734600}|Cc1ccccc1{solv}{x=0.265400}>,CCCOC(=O)CC,Cc1ccccc1,openff-2.0.0,1,0.8732504432996947,0.0002220782561687,0.8734100000000001,0.00021
18285,960,dens_685747331874801159,960,Density,<Substance CN1CCOCC1{solv}{x=0.498300}|O{solv}{x=0.501700}>,CN1CCOCC1,O,openff-2.0.0,1,0.9784380945623912,0.0003923766696775,0.9627600000000002,0.00084
18286,961,dens_1087644349445114282,961,Density,<Substance CN1CCOCC1{solv}{x=0.253800}|O{solv}{x=0.746200}>,CN1CCOCC1,O,openff-2.0.0,1,0.9862554367289608,0.0002947562080392,0.9918800000000002,0.00059
18287,962,dens_1374975991061431070,962,Density,<Substance CN1CCOCC1{solv}{x=0.758700}|O{solv}{x=0.241300}>,CN1CCOCC1,O,openff-2.0.0,1,0.9663706717525214,0.0002056734519149,0.9345300000000002,0.00112
18288,963,dhmix_686592400130667234,963,EnthalpyOfMixing,<Substance BrCCCBr{solv}{x=0.231300}|COC(C)=O{solv}{x=0.768700}>,BrCCCBr,COC(C)=O,openff-2.0.0,1,0.2347996978691631,0.0382053933436601,0.2115,0.0024
18289,964,dhmix_691866222529030049,964,EnthalpyOfMixing,<Substance BrCCCBr{solv}{x=0.504200}|COC(C)=O{solv}{x=0.495800}>,BrCCCBr,COC(C)=O,openff-2.0.0,1,0.3000678623658217,0.0343644078059531,0.3912,0.0038
18290,965,dens_1032175440351342196,965,Density,<Substance BrCCCBr{solv}{x=0.243500}|COC(C)=O{solv}{x=0.756500}>,BrCCCBr,COC(C)=O,openff-2.0.0,1,1.2242777709675372,0.0003476204504584,1.2277600000000002,0.00096
18291,966,dens_1180265274183315765,966,Density,<Substance BrCCCBr{solv}{x=0.713800}|COC(C)=O{solv}{x=0.286200}>,BrCCCBr,COC(C)=O,openff-2.0.0,1,1.677980316412229,0.0003527249296406,1.7174300000000005,0.002745
18292,967,dhmix_1380172638999588939,967,EnthalpyOfMixing,<Substance BrCCCBr{solv}{x=0.759400}|COC(C)=O{solv}{x=0.240600}>,BrCCCBr,COC(C)=O,openff-2.0.0,1,0.3412645694701837,0.0382412537945541,0.313,0.0032
18293,968,dens_1697077234757321859,968,Density,<Substance BrCCCBr{solv}{x=0.525600}|COC(C)=O{solv}{x=0.474400}>,BrCCCBr,COC(C)=O,openff-2.0.0,1,1.5111077272342173,0.0004571591318544,1.5338800000000006,0.001965
18294,969,dens_693154680723850561,969,Density,<Substance CN1CCCC1=O{solv}{x=0.756400}|Cc1ccccc1{solv}{x=0.243600}>,CN1CCCC1=O,Cc1ccccc1,openff-2.0.0,1,0.9676075597657628,0.0002336130332403,0.9854500000000004,0.00034
18295,970,dhmix_1759507684169085916,970,EnthalpyOfMixing,<Substance CN1CCCC1=O{solv}{x=0.741800}|Cc1ccccc1{solv}{x=0.258200}>,CN1CCCC1=O,Cc1ccccc1,openff-2.0.0,1,-0.1169386560085428,0.0429630044159266,-0.2141,0.0024
18296,971,dens_1796497685752507694,971,Density,<Substance CN1CCCC1=O{solv}{x=0.481500}|Cc1ccccc1{solv}{x=0.518500}>,CN1CCCC1=O,Cc1ccccc1,openff-2.0.0,1,0.9264438808062572,0.0002331410013964,0.9415400000000002,0.00028
18297,972,dhmix_1857599089574133884,972,EnthalpyOfMixing,<Substance CN1CCCC1=O{solv}{x=0.223100}|Cc1ccccc1{solv}{x=0.776900}>,CN1CCCC1=O,Cc1ccccc1,openff-2.0.0,1,-0.076382872612271,0.0389148847390792,-0.1889,0.00215
18298,973,dens_1886489466266398819,973,Density,<Substance CN1CCCC1=O{solv}{x=0.221600}|Cc1ccccc1{solv}{x=0.778400}>,CN1CCCC1=O,Cc1ccccc1,openff-2.0.0,1,0.8953155073989286,0.0002298749068591,0.9061600000000002,0.00076
18299,974,dhmix_2238554893157725289,974,EnthalpyOfMixing,<Substance CN1CCCC1=O{solv}{x=0.482100}|Cc1ccccc1{solv}{x=0.517900}>,CN1CCCC1=O,Cc1ccccc1,openff-2.0.0,1,-0.0635020441741573,0.0437541647865786,-0.2985,0.0033
18300,975,dens_717951284355382404,975,Density,<Substance CN1CCCC1=O{solv}{x=0.702300}|ClCCCCCCCl{solv}{x=0.297700}>,CN1CCCC1=O,ClCCCCCCCl,openff-2.0.0,1,1.0303642504063857,0.0002630753816902,1.0416,0.0003
18301,976,dhmix_859697969059379656,976,EnthalpyOfMixing,<Substance CN1CCCC1=O{solv}{x=0.503000}|ClCCCCCCCl{solv}{x=0.497000}>,CN1CCCC1=O,ClCCCCCCCl,openff-2.0.0,1,0.3249421123254308,0.0441147551635102,-0.2,0.0025
18302,977,dhmix_916885053388204545,977,EnthalpyOfMixing,<Substance CN1CCCC1=O{solv}{x=0.212000}|ClCCCCCCCl{solv}{x=0.788000}>,CN1CCCC1=O,ClCCCCCCCl,openff-2.0.0,1,0.0571147307992134,0.0455735582050092,-0.13,0.002
18303,978,dens_1483670447992291960,978,Density,<Substance CN1CCCC1=O{solv}{x=0.201600}|ClCCCCCCCl{solv}{x=0.798400}>,CN1CCCC1=O,ClCCCCCCCl,openff-2.0.0,1,1.0559019812852366,0.0002259884912511,1.0584000000000005,0.00055
18304,979,dens_1896555095774116819,979,Density,<Substance CN1CCCC1=O{solv}{x=0.504900}|ClCCCCCCCl{solv}{x=0.495100}>,CN1CCCC1=O,ClCCCCCCCl,openff-2.0.0,1,1.0418623898747563,0.0001953300549774,1.0490000000000002,0.00035
18305,980,dhmix_2039443272323887912,980,EnthalpyOfMixing,<Substance CN1CCCC1=O{solv}{x=0.797000}|ClCCCCCCCl{solv}{x=0.203000}>,CN1CCCC1=O,ClCCCCCCCl,openff-2.0.0,1,0.2891914979510659,0.0458689355895498,-0.123,0.002
18306,981,dhmix_729169544598225866,981,EnthalpyOfMixing,<Substance CN(C)C=O{solv}{x=0.203000}|ClCCCCCCCl{solv}{x=0.797000}>,CN(C)C=O,ClCCCCCCCl,openff-2.0.0,1,0.4945321922651544,0.0493214914626751,0.195,0.0025
18307,982,dhmix_1359105787212172230,982,EnthalpyOfMixing,<Substance CN(C)C=O{solv}{x=0.796000}|ClCCCCCCCl{solv}{x=0.204000}>,CN(C)C=O,ClCCCCCCCl,openff-2.0.0,1,0.516174217439783,0.0392098629417854,0.24,0.0025
18308,983,dhmix_1534380829757525169,983,EnthalpyOfMixing,<Substance CN(C)C=O{solv}{x=0.498000}|ClCCCCCCCl{solv}{x=0.502000}>,CN(C)C=O,ClCCCCCCCl,openff-2.0.0,1,0.8042744568302567,0.0407241764130026,0.34,0.0025
18309,984,dens_1752369236407148840,984,Density,<Substance CN(C)C=O{solv}{x=0.503300}|ClCCCCCCCl{solv}{x=0.496700}>,CN(C)C=O,ClCCCCCCCl,openff-2.0.0,1,1.0124898867410568,0.0002612951778903,1.0190000000000003,0.00155
18310,985,dens_2070195997725277466,985,Density,<Substance CN(C)C=O{solv}{x=0.703400}|ClCCCCCCCl{solv}{x=0.296600}>,CN(C)C=O,ClCCCCCCCl,openff-2.0.0,1,0.9838282077611192,0.0002372905131197,0.9943000000000002,0.0017
18311,986,dens_2171945276872385012,986,Density,<Substance CN(C)C=O{solv}{x=0.201300}|ClCCCCCCCl{solv}{x=0.798700}>,CN(C)C=O,ClCCCCCCCl,openff-2.0.0,1,1.04658551436381,0.0002442043978735,1.0486000000000002,0.0014
18312,987,dens_741100297092592576,987,Density,<Substance C1CCCCC1{solv}{x=0.265900}|C1CCOCC1{solv}{x=0.734100}>,C1CCCCC1,C1CCOCC1,openff-2.0.0,1,0.8412940423066156,0.0001992016862948,0.8470300000000002,0.000505
18313,988,dens_1002639246322609242,988,Density,<Substance C1CCCCC1{solv}{x=0.762200}|C1CCOCC1{solv}{x=0.237800}>,C1CCCCC1,C1CCOCC1,openff-2.0.0,1,0.7837307533060368,0.000201992239189,0.7952000000000002,0.000505
18314,989,dhmix_1171155554844966705,989,EnthalpyOfMixing,<Substance C1CCCCC1{solv}{x=0.247100}|C1CCOCC1{solv}{x=0.752900}>,C1CCCCC1,C1CCOCC1,openff-2.0.0,1,0.4562042128654013,0.0439808502383627,0.3613,0.00395
18315,990,dens_2142973677177666085,990,Density,<Substance C1CCCCC1{solv}{x=0.501800}|C1CCOCC1{solv}{x=0.498200}>,C1CCCCC1,C1CCOCC1,openff-2.0.0,1,0.8124229259858708,0.0002133418168456,0.8211500000000002,0.000505
18316,991,dhmix_2195791820105752985,991,EnthalpyOfMixing,<Substance C1CCCCC1{solv}{x=0.726600}|C1CCOCC1{solv}{x=0.273400}>,C1CCCCC1,C1CCOCC1,openff-2.0.0,1,0.5739429893474721,0.0459156254772926,0.4424,0.00485
18317,992,dhmix_2296999979529762407,992,EnthalpyOfMixing,<Substance C1CCCCC1{solv}{x=0.499000}|C1CCOCC1{solv}{x=0.501000}>,C1CCCCC1,C1CCOCC1,openff-2.0.0,1,0.6911259013191966,0.0404414373379277,0.526,0.0055
18318,993,dhmix_744994939606384802,993,EnthalpyOfMixing,<Substance CO{solv}{x=0.300000}|O{solv}{x=0.700000}>,CO,O,openff-2.0.0,1,0.0985374525671609,1.2569805089976535e-05,-0.85,0.005
18319,994,dens_1085345433585028387,994,Density,<Substance CO{solv}{x=0.499700}|O{solv}{x=0.500300}>,CO,O,openff-2.0.0,1,0.8411243119029599,0.0004236878768318,0.8816900000000003,0.000165
18320,995,dhmix_1126710771921470495,995,EnthalpyOfMixing,<Substance CO{solv}{x=0.700000}|O{solv}{x=0.300000}>,CO,O,openff-2.0.0,1,0.0183451768870206,1.2569805089976535e-05,-0.583,0.0035
18321,996,dens_1258832080354057572,996,Density,<Substance CO{solv}{x=0.300300}|O{solv}{x=0.699700}>,CO,O,openff-2.0.0,1,0.886159355569198,1e-05,0.9252100000000004,0.000125
18322,997,dens_1758371820245200558,997,Density,<Substance CO{solv}{x=0.760500}|O{solv}{x=0.239500}>,CO,O,openff-2.0.0,1,0.7975431660707344,0.0004946795510858,0.8289000000000002,0.0001
18323,998,dhmix_1824296469249495553,998,EnthalpyOfMixing,<Substance CO{solv}{x=0.500000}|O{solv}{x=0.500000}>,CO,O,openff-2.0.0,1,0.1306967928390006,1.2247448713915892e-05,-0.777,0.0045
18324,999,dhmix_753952445434773754,999,EnthalpyOfMixing,<Substance CCCCCCCCCl{solv}{x=0.493000}|CN1CCCC1=O{solv}{x=0.507000}>,CCCCCCCCCl,CN1CCCC1=O,openff-2.0.0,1,1.2345426739199183,0.0500635416710925,0.638,0.0035
18325,1000,dhmix_1273186684325800862,1000,EnthalpyOfMixing,<Substance CCCCCCCCCl{solv}{x=0.783000}|CN1CCCC1=O{solv}{x=0.217000}>,CCCCCCCCCl,CN1CCCC1=O,openff-2.0.0,1,0.7666313959516629,0.0534410491763867,0.371,0.003
18326,1001,dhmix_1457789704046029008,1001,EnthalpyOfMixing,<Substance CCCCCCCCCl{solv}{x=0.202000}|CN1CCCC1=O{solv}{x=0.798000}>,CCCCCCCCCl,CN1CCCC1=O,openff-2.0.0,1,0.9015671805380236,0.0378453170662472,0.5,0.0035
18327,1002,dens_1965529278608066299,1002,Density,<Substance CCCCCCCCCl{solv}{x=0.299500}|CN1CCCC1=O{solv}{x=0.700500}>,CCCCCCCCCl,CN1CCCC1=O,openff-2.0.0,1,0.9479101904030848,0.0002082499145933,0.9598000000000002,0.00025
18328,1003,dens_2167805246575708222,1003,Density,<Substance CCCCCCCCCl{solv}{x=0.798600}|CN1CCCC1=O{solv}{x=0.201400}>,CCCCCCCCCl,CN1CCCC1=O,openff-2.0.0,1,0.88441712883328,0.0001795922442745,0.8888000000000001,0.00055
18329,1004,dens_2177162670107081086,1004,Density,<Substance CCCCCCCCCl{solv}{x=0.497900}|CN1CCCC1=O{solv}{x=0.502100}>,CCCCCCCCCl,CN1CCCC1=O,openff-2.0.0,1,0.9188306664747784,0.0002146441530836,0.9269000000000002,0.00035
18330,1005,dhmix_756380521637559100,1005,EnthalpyOfMixing,<Substance C1COCCO1{solv}{x=0.500000}|O=C1CCCCC1{solv}{x=0.500000}>,C1COCCO1,O=C1CCCCC1,openff-2.0.0,1,0.2318437819287169,0.0410787263176601,0.28584,0.00154
18331,1006,dens_1139761443535371798,1006,Density,<Substance C1COCCO1{solv}{x=0.459400}|O=C1CCCCC1{solv}{x=0.540600}>,C1COCCO1,O=C1CCCCC1,openff-2.0.0,1,0.9684674949640611,0.0002215723037748,0.9762000000000004,0.00025
18332,1007,dhmix_1367833850972054360,1007,EnthalpyOfMixing,<Substance C1COCCO1{solv}{x=0.750000}|O=C1CCCCC1{solv}{x=0.250000}>,C1COCCO1,O=C1CCCCC1,openff-2.0.0,1,0.1771154381329722,0.0383859998797091,0.23662,0.001355
18333,1008,dhmix_1533665710565492443,1008,EnthalpyOfMixing,<Substance C1COCCO1{solv}{x=0.250000}|O=C1CCCCC1{solv}{x=0.750000}>,C1COCCO1,O=C1CCCCC1,openff-2.0.0,1,0.1676694526289566,0.0391315115998478,0.20076,0.00121
18334,1009,dens_1556646832168598904,1009,Density,<Substance C1COCCO1{solv}{x=0.797800}|O=C1CCCCC1{solv}{x=0.202200}>,C1COCCO1,O=C1CCCCC1,openff-2.0.0,1,1.0109785987752578,0.0002123680036682,1.0062000000000002,0.00025
18335,1010,dens_1806066395455679216,1010,Density,<Substance C1COCCO1{solv}{x=0.272000}|O=C1CCCCC1{solv}{x=0.728000}>,C1COCCO1,O=C1CCCCC1,openff-2.0.0,1,0.94838378222119,0.0002135263542233,0.9614000000000004,0.00025
18336,1011,dhmix_781473821930081125,1011,EnthalpyOfMixing,<Substance CCOc1ccccc1{solv}{x=0.765100}|OCc1ccccc1{solv}{x=0.234900}>,CCOc1ccccc1,OCc1ccccc1,openff-2.0.0,1,0.8250316177468164,0.0414977000220398,1.083,0.0116
18337,1012,dhmix_966435122735090568,1012,EnthalpyOfMixing,<Substance CCOc1ccccc1{solv}{x=0.063600}|OCc1ccccc1{solv}{x=0.936400}>,CCOc1ccccc1,OCc1ccccc1,openff-2.0.0,1,0.190567045977076,0.046552218049736,0.1901,0.00225
18338,1013,dens_1184318999137642715,1013,Density,<Substance CCOc1ccccc1{solv}{x=0.064200}|OCc1ccccc1{solv}{x=0.935800}>,CCOc1ccccc1,OCc1ccccc1,openff-2.0.0,1,1.0265889684211635,0.0001777591898158,1.02761,0.00011
18339,1014,dhmix_1518701992890040137,1014,EnthalpyOfMixing,<Substance CCOc1ccccc1{solv}{x=0.549900}|OCc1ccccc1{solv}{x=0.450100}>,CCOc1ccccc1,OCc1ccccc1,openff-2.0.0,1,0.9128471402092372,0.0449622812175483,1.0561,0.01135
18340,1015,dens_1575045736805268459,1015,Density,<Substance CCOc1ccccc1{solv}{x=0.459800}|OCc1ccccc1{solv}{x=0.540200}>,CCOc1ccccc1,OCc1ccccc1,openff-2.0.0,1,0.9906191177730832,0.0002186325935094,0.9925100000000002,0.00016
18341,1016,dens_2214650701288997434,1016,Density,<Substance CCOc1ccccc1{solv}{x=0.757200}|OCc1ccccc1{solv}{x=0.242800}>,CCOc1ccccc1,OCc1ccccc1,openff-2.0.0,1,0.967242627629216,0.0001780016511009,0.9686500000000002,0.000215
18342,1017,dens_800807749587668066,1017,Density,<Substance C1CCOCC1{solv}{x=0.733600}|c1ccncc1{solv}{x=0.266400}>,C1CCOCC1,c1ccncc1,openff-2.0.0,1,0.8922035563182685,0.0003029767840228,0.8933350000000002,0.000358
18343,1018,dhmix_836757145941804043,1018,EnthalpyOfMixing,<Substance C1CCOCC1{solv}{x=0.291500}|c1ccncc1{solv}{x=0.708500}>,C1CCOCC1,c1ccncc1,openff-2.0.0,1,-0.0049787683760342,0.0402489010549716,0.0898,0.00095
18344,1019,dhmix_1003039131395935786,1019,EnthalpyOfMixing,<Substance C1CCOCC1{solv}{x=0.536300}|c1ccncc1{solv}{x=0.463700}>,C1CCOCC1,c1ccncc1,openff-2.0.0,1,0.1294423435359277,0.0368458664232838,0.1573,0.0013
18345,1020,dens_1859030547600172702,1020,Density,<Substance C1CCOCC1{solv}{x=0.241500}|c1ccncc1{solv}{x=0.758500}>,C1CCOCC1,c1ccncc1,openff-2.0.0,1,0.9564294442595612,0.0001760319826534,0.9525650000000004,0.000212
18346,1021,dhmix_2191254706131659314,1021,EnthalpyOfMixing,<Substance C1CCOCC1{solv}{x=0.734400}|c1ccncc1{solv}{x=0.265600}>,C1CCOCC1,c1ccncc1,openff-2.0.0,1,0.0917757712932143,0.0438052960039207,0.1564,0.0013
18347,1022,dens_2239470871208865925,1022,Density,<Substance C1CCOCC1{solv}{x=0.536400}|c1ccncc1{solv}{x=0.463600}>,C1CCOCC1,c1ccncc1,openff-2.0.0,1,0.9132225214448462,0.0002090210745053,0.9124250000000002,0.0002965
18348,1023,dens_801655585640229277,1023,Density,<Substance C1CCOCC1{solv}{x=0.777600}|CCCC(C)=O{solv}{x=0.222400}>,C1CCOCC1,CCCC(C)=O,openff-2.0.0,1,0.8536634280978226,0.0002489471708657,0.8602600000000002,0.000225
18349,1024,dhmix_1175081460677389458,1024,EnthalpyOfMixing,<Substance C1CCOCC1{solv}{x=0.250000}|CCCC(C)=O{solv}{x=0.750000}>,C1CCOCC1,CCCC(C)=O,openff-2.0.0,1,0.1290346187335131,0.0394587222349273,0.06014,0.00063
18350,1025,dens_1481139606755572767,1025,Density,<Substance C1CCOCC1{solv}{x=0.236100}|CCCC(C)=O{solv}{x=0.763900}>,C1CCOCC1,CCCC(C)=O,openff-2.0.0,1,0.8036802421087214,0.0002586616435651,0.8183900000000002,0.000215
18351,1026,dhmix_1531586108535895092,1026,EnthalpyOfMixing,<Substance C1CCOCC1{solv}{x=0.750000}|CCCC(C)=O{solv}{x=0.250000}>,C1CCOCC1,CCCC(C)=O,openff-2.0.0,1,0.1261839481798006,0.0371467717876508,0.08245,0.000715
18352,1027,dhmix_2074691820693967219,1027,EnthalpyOfMixing,<Substance C1CCOCC1{solv}{x=0.500000}|CCCC(C)=O{solv}{x=0.500000}>,C1CCOCC1,CCCC(C)=O,openff-2.0.0,1,0.1839065759286597,0.0404144607462902,0.09128,0.000745
18353,1028,dens_2180187104403779312,1028,Density,<Substance C1CCOCC1{solv}{x=0.504600}|CCCC(C)=O{solv}{x=0.495400}>,C1CCOCC1,CCCC(C)=O,openff-2.0.0,1,0.8280846465283604,0.0002188971533236,0.8386000000000002,0.00022
18354,1029,dhmix_814516627068967115,1029,EnthalpyOfMixing,<Substance CCCOC=O{solv}{x=0.230800}|ClCCCCl{solv}{x=0.769200}>,CCCOC=O,ClCCCCl,openff-2.0.0,1,0.5334973752659096,1.2824671535754826e-05,-0.054,0.001
18355,1030,dens_853749747181024442,1030,Density,<Substance CCCOC=O{solv}{x=0.525500}|ClCCCCl{solv}{x=0.474500}>,CCCOC=O,ClCCCCl,openff-2.0.0,1,1.0431203227841603,1e-05,1.0302400000000005,0.00176
18356,1031,dhmix_1623640482466530427,1031,EnthalpyOfMixing,<Substance CCCOC=O{solv}{x=0.750900}|ClCCCCl{solv}{x=0.249100}>,CCCOC=O,ClCCCCl,openff-2.0.0,1,0.2213444541885252,1.2751478345666436e-05,-0.088,0.001
18357,1032,dens_1998603470347754754,1032,Density,<Substance CCCOC=O{solv}{x=0.233600}|ClCCCCl{solv}{x=0.766400}>,CCCOC=O,ClCCCCl,openff-2.0.0,1,1.1100001005729647,1e-05,1.1122200000000002,0.00274
18358,1033,dhmix_2003217087101692001,1033,EnthalpyOfMixing,<Substance CCCOC=O{solv}{x=0.514500}|ClCCCCl{solv}{x=0.485500}>,CCCOC=O,ClCCCCl,openff-2.0.0,1,0.2953810102232097,1.2249168715725914e-05,-0.114,0.0015
18359,1034,dens_2020761603812222512,1034,Density,<Substance CCCOC=O{solv}{x=0.763600}|ClCCCCl{solv}{x=0.236400}>,CCCOC=O,ClCCCCl,openff-2.0.0,1,0.9868699298338895,1e-05,0.9644500000000004,0.00119
18360,1035,dens_828893303895070246,1035,Density,<Substance C1CCCCC1{solv}{x=0.249800}|CCCCCCCC{solv}{x=0.750200}>,C1CCCCC1,CCCCCCCC,openff-2.0.0,1,0.7017926346562426,0.0001834376715576,0.7110900000000002,0.000605
18361,1036,dhmix_1288938247372010686,1036,EnthalpyOfMixing,<Substance C1CCCCC1{solv}{x=0.751300}|CCCCCCCC{solv}{x=0.248700}>,C1CCCCC1,CCCCCCCC,openff-2.0.0,1,0.5341069110306762,0.0441716942571055,0.23,0.005
18362,1037,dens_1398337515687242649,1037,Density,<Substance C1CCCCC1{solv}{x=0.477700}|CCCCCCCC{solv}{x=0.522300}>,C1CCCCC1,CCCCCCCC,openff-2.0.0,1,0.7137490800044658,0.0002020679972838,0.7250300000000002,0.000585
18363,1038,dhmix_1429498464152515756,1038,EnthalpyOfMixing,<Substance C1CCCCC1{solv}{x=0.532400}|CCCCCCCC{solv}{x=0.467600}>,C1CCCCC1,CCCCCCCC,openff-2.0.0,1,0.6388239463062462,0.0448325682667023,0.258,0.005
18364,1039,dens_2267960821195706299,1039,Density,<Substance C1CCCCC1{solv}{x=0.796100}|CCCCCCCC{solv}{x=0.203900}>,C1CCCCC1,CCCCCCCC,openff-2.0.0,1,0.7372978796672559,0.0002338156415856,0.7509700000000002,0.00055
18365,1040,dhmix_2289023418386220795,1040,EnthalpyOfMixing,<Substance C1CCCCC1{solv}{x=0.274400}|CCCCCCCC{solv}{x=0.725600}>,C1CCCCC1,CCCCCCCC,openff-2.0.0,1,0.3240777230478784,0.0552511462349056,0.18,0.005
18366,1041,dens_848374876759596361,1041,Density,<Substance CC(C)OC(C)C{solv}{x=0.284600}|CCCCCl{solv}{x=0.715400}>,CC(C)OC(C)C,CCCCCl,openff-2.0.0,1,0.8204350834376817,0.0003050339693038,0.8263210000000002,0.000365
18367,1042,dens_917492506874956672,1042,Density,<Substance CC(C)OC(C)C{solv}{x=0.808200}|CCCCCl{solv}{x=0.191800}>,CC(C)OC(C)C,CCCCCl,openff-2.0.0,1,0.7599181238337955,0.0002267377143866,0.7440910000000002,0.000448
18368,1043,dhmix_1107367594793013993,1043,EnthalpyOfMixing,<Substance CC(C)OC(C)C{solv}{x=0.272700}|CCCCCl{solv}{x=0.727300}>,CC(C)OC(C)C,CCCCCl,openff-2.0.0,1,-0.1121033797378174,0.0374234907464301,-0.0785,0.001
18369,1044,dhmix_1310204607958463222,1044,EnthalpyOfMixing,<Substance CC(C)OC(C)C{solv}{x=0.454700}|CCCCCl{solv}{x=0.545300}>,CC(C)OC(C)C,CCCCCl,openff-2.0.0,1,-0.1289710261980872,0.04166584715397,-0.0954,0.0012
18370,1045,dhmix_1605157292498138629,1045,EnthalpyOfMixing,<Substance CC(C)OC(C)C{solv}{x=0.727400}|CCCCCl{solv}{x=0.272600}>,CC(C)OC(C)C,CCCCCl,openff-2.0.0,1,-0.0713166329689158,0.0418580072890002,-0.0732,0.00095
18371,1046,dens_1927916489732771888,1046,Density,<Substance CC(C)OC(C)C{solv}{x=0.484000}|CCCCCl{solv}{x=0.516000}>,CC(C)OC(C)C,CCCCCl,openff-2.0.0,1,0.7961571360257319,0.0002760622930793,0.7925060000000002,0.0004005
18372,1047,dens_860008765681738590,1047,Density,<Substance CN(CCO)CCO{solv}{x=0.231260}|c1ccncc1{solv}{x=0.768740}>,CN(CCO)CCO,c1ccncc1,openff-2.0.0,1,1.0007406572578423,1e-05,0.9906030000000002,0.0001015
18373,1048,dens_1253280811379348869,1048,Density,<Substance CN(CCO)CCO{solv}{x=0.670000}|c1ccncc1{solv}{x=0.330000}>,CN(CCO)CCO,c1ccncc1,openff-2.0.0,1,1.0239066100311505,1e-05,1.0161020000000005,0.000102
18374,1049,dhmix_1381513140604048573,1049,EnthalpyOfMixing,<Substance CN(CCO)CCO{solv}{x=0.473760}|c1ccncc1{solv}{x=0.526240}>,CN(CCO)CCO,c1ccncc1,openff-2.0.0,1,0.1914522391512605,1.2252966987632015e-05,-0.093,0.001
18375,1050,dens_1460709448836415360,1050,Density,<Substance CN(CCO)CCO{solv}{x=0.473530}|c1ccncc1{solv}{x=0.526470}>,CN(CCO)CCO,c1ccncc1,openff-2.0.0,1,1.0145789584428928,1e-05,1.0044450000000005,0.0001015
18376,1051,dhmix_2085036308089359597,1051,EnthalpyOfMixing,<Substance CN(CCO)CCO{solv}{x=0.230610}|c1ccncc1{solv}{x=0.769390}>,CN(CCO)CCO,c1ccncc1,openff-2.0.0,1,0.1919059815675297,1.2824671535754826e-05,-0.032,0.001
18377,1052,dhmix_2287943921901918379,1052,EnthalpyOfMixing,<Substance CN(CCO)CCO{solv}{x=0.669580}|c1ccncc1{solv}{x=0.330420}>,CN(CCO)CCO,c1ccncc1,openff-2.0.0,1,0.0940211315238457,1.2481185841096992e-05,-0.12,0.0015
18378,1053,dens_929806754028972955,1053,Density,<Substance CCCC(=O)OC{solv}{x=0.695800}|COC(C)=O{solv}{x=0.304200}>,CCCC(=O)OC,COC(C)=O,openff-2.0.0,1,0.9031313046079869,0.0002479464166442,0.8997600000000002,0.000505
18379,1054,dhmix_1093843275803987368,1054,EnthalpyOfMixing,<Substance CCCC(=O)OC{solv}{x=0.482200}|COC(C)=O{solv}{x=0.517800}>,CCCC(=O)OC,COC(C)=O,openff-2.0.0,1,0.0850457631711094,0.0403965267024034,0.151,0.002
18380,1055,dens_1187818937240241755,1055,Density,<Substance CCCC(=O)OC{solv}{x=0.253600}|COC(C)=O{solv}{x=0.746400}>,CCCC(=O)OC,COC(C)=O,openff-2.0.0,1,0.9217529848226944,0.0002602868140269,0.9147400000000002,0.000505
18381,1056,dens_1462283017082249050,1056,Density,<Substance CCCC(=O)OC{solv}{x=0.545600}|COC(C)=O{solv}{x=0.454400}>,CCCC(=O)OC,COC(C)=O,openff-2.0.0,1,0.908666775569632,0.0002592612504191,0.9041900000000004,0.000505
18382,1057,dhmix_1514470349370367756,1057,EnthalpyOfMixing,<Substance CCCC(=O)OC{solv}{x=0.226000}|COC(C)=O{solv}{x=0.774000}>,CCCC(=O)OC,COC(C)=O,openff-2.0.0,1,0.0187332627654481,0.0392367547098571,0.102,0.0015
18383,1058,dhmix_1615966506855005599,1058,EnthalpyOfMixing,<Substance CCCC(=O)OC{solv}{x=0.695800}|COC(C)=O{solv}{x=0.304200}>,CCCC(=O)OC,COC(C)=O,openff-2.0.0,1,0.1054097151549484,0.0432901111205378,0.122,0.0015
18384,1059,dens_931039395662625393,1059,Density,<Substance BrCCBr{solv}{x=0.510700}|CCOC=O{solv}{x=0.489300}>,BrCCBr,CCOC=O,openff-2.0.0,1,1.5841756983684567,0.0004599490453652,1.5742900000000004,0.00125
18385,1060,dhmix_1379448524788285045,1060,EnthalpyOfMixing,<Substance BrCCBr{solv}{x=0.503000}|CCOC=O{solv}{x=0.497000}>,BrCCBr,CCOC=O,openff-2.0.0,1,0.5378424549491925,0.0356515110137925,0.404,0.0054
18386,1061,dhmix_1589211680683586133,1061,EnthalpyOfMixing,<Substance BrCCBr{solv}{x=0.247500}|CCOC=O{solv}{x=0.752500}>,BrCCBr,CCOC=O,openff-2.0.0,1,0.3402166404071138,0.0427826270127447,0.2492,0.0035
18387,1062,dens_1816072583621776909,1062,Density,<Substance BrCCBr{solv}{x=0.282500}|CCOC=O{solv}{x=0.717500}>,BrCCBr,CCOC=O,openff-2.0.0,1,1.321758901376784,0.000467065913116,1.2851500000000005,0.00131
18388,1063,dens_1857279480363338972,1063,Density,<Substance BrCCBr{solv}{x=0.750600}|CCOC=O{solv}{x=0.249400}>,BrCCBr,CCOC=O,openff-2.0.0,1,1.8526126800528944,0.0006340754017855,1.8698300000000003,0.000995
18389,1064,dhmix_2225135654541562913,1064,EnthalpyOfMixing,<Substance BrCCBr{solv}{x=0.734600}|CCOC=O{solv}{x=0.265400}>,BrCCBr,CCOC=O,openff-2.0.0,1,0.4637361295123057,0.0376219035520462,0.3604,0.00485
18390,1065,dhmix_933824509566848172,1065,EnthalpyOfMixing,<Substance C1COCO1{solv}{x=0.350000}|CCCC(C)=O{solv}{x=0.650000}>,C1COCO1,CCCC(C)=O,openff-2.0.0,1,0.2765101453025238,0.029576006081044,0.17755,0.001095
18391,1066,dens_1326756646981901590,1066,Density,<Substance C1COCO1{solv}{x=0.717400}|CCCC(C)=O{solv}{x=0.282600}>,C1COCO1,CCCC(C)=O,openff-2.0.0,1,0.980836644081915,0.000259487133732,0.9625500000000002,0.000245
18392,1067,dhmix_1386053902220878259,1067,EnthalpyOfMixing,<Substance C1COCO1{solv}{x=0.500000}|CCCC(C)=O{solv}{x=0.500000}>,C1COCO1,CCCC(C)=O,openff-2.0.0,1,0.296145770810611,0.0285036211531037,0.21077,0.00122
18393,1068,dens_1490997112604690080,1068,Density,<Substance C1COCO1{solv}{x=0.349900}|CCCC(C)=O{solv}{x=0.650100}>,C1COCO1,CCCC(C)=O,openff-2.0.0,1,0.865428487808347,0.0002373352367223,0.8687200000000003,0.00022
18394,1069,dens_1979377813631413053,1069,Density,<Substance C1COCO1{solv}{x=0.516900}|CCCC(C)=O{solv}{x=0.483100}>,C1COCO1,CCCC(C)=O,openff-2.0.0,1,0.9133470882055056,0.0002625539984249,0.9078200000000004,0.00023
18395,1070,dhmix_2113009728753201792,1070,EnthalpyOfMixing,<Substance C1COCO1{solv}{x=0.750000}|CCCC(C)=O{solv}{x=0.250000}>,C1COCO1,CCCC(C)=O,openff-2.0.0,1,0.3431330255068161,0.0354909476709658,0.17046,0.00107
18396,1071,dhmix_962524540250306235,1071,EnthalpyOfMixing,<Substance Cc1ccccc1N{solv}{x=0.268100}|c1ccncc1{solv}{x=0.731900}>,Cc1ccccc1N,c1ccncc1,openff-2.0.0,1,-1.4719718162892406,0.0402794864617009,-0.8915,0.0182
18397,1072,dhmix_1000930562998604270,1072,EnthalpyOfMixing,<Substance Cc1ccccc1N{solv}{x=0.773500}|c1ccncc1{solv}{x=0.226500}>,Cc1ccccc1N,c1ccncc1,openff-2.0.0,1,-1.025588021909634,0.0468109237519765,-0.7828,0.016
18398,1073,dens_1203111494553524663,1073,Density,<Substance Cc1ccccc1N{solv}{x=0.483700}|c1ccncc1{solv}{x=0.516300}>,Cc1ccccc1N,c1ccncc1,openff-2.0.0,1,1.0116523444180698,0.0001926475994455,0.9912370000000004,0.000117
18399,1074,dens_1316174752280431242,1074,Density,<Substance Cc1ccccc1N{solv}{x=0.237400}|c1ccncc1{solv}{x=0.762600}>,Cc1ccccc1N,c1ccncc1,openff-2.0.0,1,1.0006871324854891,0.0002121463912209,0.9863750000000002,0.000118
18400,1075,dhmix_1371524052813651708,1075,EnthalpyOfMixing,<Substance Cc1ccccc1N{solv}{x=0.482600}|c1ccncc1{solv}{x=0.517400}>,Cc1ccccc1N,c1ccncc1,openff-2.0.0,1,-1.702485085532139,0.0428080930262837,-1.0329,0.02105
18401,1076,dens_2188924364196997512,1076,Density,<Substance Cc1ccccc1N{solv}{x=0.767800}|c1ccncc1{solv}{x=0.232200}>,Cc1ccccc1N,c1ccncc1,openff-2.0.0,1,1.020989674450288,0.0002239819515204,0.9936220000000002,0.000117
18402,1077,dens_964556344607822867,1077,Density,<Substance CCCCCCCCC{solv}{x=0.696300}|COC(C)(C)C{solv}{x=0.303700}>,CCCCCCCCC,COC(C)(C)C,openff-2.0.0,1,0.7150682938326131,0.0001787530059685,0.7173600000000002,0.000295
18403,1078,dhmix_1091489740441728210,1078,EnthalpyOfMixing,<Substance CCCCCCCCC{solv}{x=0.260100}|COC(C)(C)C{solv}{x=0.739900}>,CCCCCCCCC,COC(C)(C)C,openff-2.0.0,1,0.749932045778678,0.0454712859016091,0.371,0.0075
18404,1079,dens_1264105858192356202,1079,Density,<Substance CCCCCCCCC{solv}{x=0.499200}|COC(C)(C)C{solv}{x=0.500800}>,CCCCCCCCC,COC(C)(C)C,openff-2.0.0,1,0.7207712059745331,0.0002008823231255,0.7207300000000002,0.00029
18405,1080,dhmix_1760873631242020891,1080,EnthalpyOfMixing,<Substance CCCCCCCCC{solv}{x=0.759600}|COC(C)(C)C{solv}{x=0.240400}>,CCCCCCCCC,COC(C)(C)C,openff-2.0.0,1,0.6103366326785817,0.0562139422820364,0.345,0.007
18406,1081,dens_2012579877169955729,1081,Density,<Substance CCCCCCCCC{solv}{x=0.199500}|COC(C)(C)C{solv}{x=0.800500}>,CCCCCCCCC,COC(C)(C)C,openff-2.0.0,1,0.7338159419119508,0.0002357363599055,0.7281100000000001,0.000285
18407,1082,dhmix_2200368758776542578,1082,EnthalpyOfMixing,<Substance CCCCCCCCC{solv}{x=0.513300}|COC(C)(C)C{solv}{x=0.486700}>,CCCCCCCCC,COC(C)(C)C,openff-2.0.0,1,0.9328930447695144,0.0474985571446467,0.486,0.0095
18408,1083,dhmix_972091313059406932,1083,EnthalpyOfMixing,<Substance CCCNCCC{solv}{x=0.248200}|CN(C)C=O{solv}{x=0.751800}>,CCCNCCC,CN(C)C=O,openff-2.0.0,1,0.2375774140223541,0.0410952159950806,0.613,0.0195
18409,1084,dhmix_1037416167092316519,1084,EnthalpyOfMixing,<Substance CCCNCCC{solv}{x=0.499500}|CN(C)C=O{solv}{x=0.500500}>,CCCNCCC,CN(C)C=O,openff-2.0.0,1,0.2791455120564592,0.0454178294279254,0.748,0.0225
18410,1085,dhmix_1525975551610336413,1085,EnthalpyOfMixing,<Substance CCCNCCC{solv}{x=0.749600}|CN(C)C=O{solv}{x=0.250400}>,CCCNCCC,CN(C)C=O,openff-2.0.0,1,0.2449497939688854,0.0472820735739113,0.529,0.017
18411,1086,dens_1610465641813938660,1086,Density,<Substance CCCNCCC{solv}{x=0.745900}|CN(C)C=O{solv}{x=0.254100}>,CCCNCCC,CN(C)C=O,openff-2.0.0,1,0.7692736070474158,0.0002167913418758,0.7687320000000002,0.0009355
18412,1087,dens_2129043605695010641,1087,Density,<Substance CCCNCCC{solv}{x=0.503400}|CN(C)C=O{solv}{x=0.496600}>,CCCNCCC,CN(C)C=O,openff-2.0.0,1,0.8083969595260218,0.000232122639134,0.8108000000000002,0.0009885
18413,1088,dens_2129124855081233158,1088,Density,<Substance CCCNCCC{solv}{x=0.252300}|CN(C)C=O{solv}{x=0.747700}>,CCCNCCC,CN(C)C=O,openff-2.0.0,1,0.8591976217689987,0.0002258242099241,0.8674480000000002,0.0010625
18414,1089,dhmix_1022139531284796266,1089,EnthalpyOfMixing,<Substance CCCO{solv}{x=0.730200}|O=Cc1ccccc1{solv}{x=0.269800}>,CCCO,O=Cc1ccccc1,openff-2.0.0,1,1.0434762258058612,0.041835493529594,1.3784,0.00585
18415,1090,dens_1530410585842005416,1090,Density,<Substance CCCO{solv}{x=0.802500}|O=Cc1ccccc1{solv}{x=0.197500}>,CCCO,O=Cc1ccccc1,openff-2.0.0,1,0.8612640091745849,0.0002696500830476,0.8676000000000003,0.0054
18416,1091,dens_1586325098516354010,1091,Density,<Substance CCCO{solv}{x=0.500300}|O=Cc1ccccc1{solv}{x=0.499700}>,CCCO,O=Cc1ccccc1,openff-2.0.0,1,0.940233585604772,0.0002395821810395,0.9470000000000002,0.0035
18417,1092,dhmix_1860362391399300385,1092,EnthalpyOfMixing,<Substance CCCO{solv}{x=0.237400}|O=Cc1ccccc1{solv}{x=0.762600}>,CCCO,O=Cc1ccccc1,openff-2.0.0,1,0.980128739050116,0.0423695867443244,1.2579,0.0055
18418,1093,dens_2022804020725863961,1093,Density,<Substance CCCO{solv}{x=0.192900}|O=Cc1ccccc1{solv}{x=0.807100}>,CCCO,O=Cc1ccccc1,openff-2.0.0,1,1.003467387716192,0.0001649957568057,1.0128,0.00265
18419,1094,dhmix_2114980631721668598,1094,EnthalpyOfMixing,<Substance CCCO{solv}{x=0.517800}|O=Cc1ccccc1{solv}{x=0.482200}>,CCCO,O=Cc1ccccc1,openff-2.0.0,1,1.1869526860372162,0.039290790632678,1.6361,0.00675
18420,1095,dens_1061385011202038988,1095,Density,<Substance CC(C)O{solv}{x=0.495900}|CCCCOCCO{solv}{x=0.504100}>,CC(C)O,CCCCOCCO,openff-2.0.0,1,0.8610800432159448,1e-05,0.8550000000000002,5.450000000000001e-05
18421,1096,dens_1314274960992474794,1096,Density,<Substance CC(C)O{solv}{x=0.292200}|CCCCOCCO{solv}{x=0.707800}>,CC(C)O,CCCCOCCO,openff-2.0.0,1,0.8769113574149934,1e-05,0.8743700000000002,4.600000000000001e-05
18422,1097,dens_1729117108592325655,1097,Density,<Substance CC(C)O{solv}{x=0.743300}|CCCCOCCO{solv}{x=0.256700}>,CC(C)O,CCCCOCCO,openff-2.0.0,1,0.8375698095655637,1e-05,0.8247900000000001,5.600000000000001e-05
18423,1098,dens_1112128096721834081,1098,Density,<Substance CNCCO{solv}{x=0.800900}|O{solv}{x=0.199100}>,CNCCO,O,openff-2.0.0,1,0.9605199754916618,0.0003595368637651,0.9466300000000002,0.00032
18424,1099,dens_1381694863030749046,1099,Density,<Substance CNCCO{solv}{x=0.198700}|O{solv}{x=0.801300}>,CNCCO,O,openff-2.0.0,1,0.9809387007821088,0.0003836089142083,0.9960300000000002,0.00016
18425,1100,dhmix_1383192140212198237,1100,EnthalpyOfMixing,<Substance CNCCO{solv}{x=0.798800}|O{solv}{x=0.201200}>,CNCCO,O,openff-2.0.0,1,-0.9709136824390612,0.0679397704121401,-1.219,0.025
18426,1101,dens_1615304038745182966,1101,Density,<Substance CNCCO{solv}{x=0.504100}|O{solv}{x=0.495900}>,CNCCO,O,openff-2.0.0,1,0.9713120142155915,0.0002461673814669,0.9688100000000002,0.000235
18427,1102,dhmix_1902240048183935170,1102,EnthalpyOfMixing,<Substance CNCCO{solv}{x=0.501700}|O{solv}{x=0.498300}>,CNCCO,O,openff-2.0.0,1,-1.8593486763940632,0.0365691936783652,-2.508,0.051
18428,1103,dhmix_2185888808838690563,1103,EnthalpyOfMixing,<Substance CNCCO{solv}{x=0.199200}|O{solv}{x=0.800800}>,CNCCO,O,openff-2.0.0,1,-1.1360610273316831,0.0249651913187916,-2.243,0.0455
18429,1104,dens_1155626281932782094,1104,Density,<Substance CCC(C)=O{solv}{x=0.292200}|CN1CCCC1=O{solv}{x=0.707800}>,CCC(C)=O,CN1CCCC1=O,openff-2.0.0,1,0.9418886446697547,0.00023930154638,0.9591400000000002,0.00262
18430,1105,dens_1354588388489384902,1105,Density,<Substance CCC(C)=O{solv}{x=0.779300}|CN1CCCC1=O{solv}{x=0.220700}>,CCC(C)=O,CN1CCCC1=O,openff-2.0.0,1,0.8289804794402778,0.0002296581332608,0.8467600000000002,0.002595
18431,1106,dhmix_1468142552678388689,1106,EnthalpyOfMixing,<Substance CCC(C)=O{solv}{x=0.484100}|CN1CCCC1=O{solv}{x=0.515900}>,CCC(C)=O,CN1CCCC1=O,openff-2.0.0,1,0.1654262879076355,0.0424883430385628,-0.1675,0.00415
18432,1107,dhmix_1545004468946955771,1107,EnthalpyOfMixing,<Substance CCC(C)=O{solv}{x=0.246100}|CN1CCCC1=O{solv}{x=0.753900}>,CCC(C)=O,CN1CCCC1=O,openff-2.0.0,1,0.1814925177131527,0.0411718507068442,-0.0999,0.0031
18433,1108,dhmix_1746826813990258300,1108,EnthalpyOfMixing,<Substance CCC(C)=O{solv}{x=0.732400}|CN1CCCC1=O{solv}{x=0.267600}>,CCC(C)=O,CN1CCCC1=O,openff-2.0.0,1,0.1606141295935259,0.0319038433106823,-0.0861,0.0029
18434,1109,dens_2035401379156582518,1109,Density,<Substance CCC(C)=O{solv}{x=0.479500}|CN1CCCC1=O{solv}{x=0.520500}>,CCC(C)=O,CN1CCCC1=O,openff-2.0.0,1,0.9004824258283395,0.0002473854070984,0.9166100000000004,0.00261
18435,1110,dens_1159403686634788877,1110,Density,<Substance C1CCOCC1{solv}{x=0.253600}|Cc1ccncc1{solv}{x=0.746400}>,C1CCOCC1,Cc1ccncc1,openff-2.0.0,1,0.9333663858963748,0.0002128853056026,0.9329390000000002,0.0002125
18436,1111,dhmix_1427533760370073434,1111,EnthalpyOfMixing,<Substance C1CCOCC1{solv}{x=0.241600}|Cc1ccncc1{solv}{x=0.758400}>,C1CCOCC1,Cc1ccncc1,openff-2.0.0,1,0.0329005463133,0.0403790739720949,0.0975,0.001
18437,1112,dens_1586440979425114987,1112,Density,<Substance C1CCOCC1{solv}{x=0.491300}|Cc1ccncc1{solv}{x=0.508700}>,C1CCOCC1,Cc1ccncc1,openff-2.0.0,1,0.9157502806219832,0.0002505418035023,0.9162950000000002,0.0002825
18438,1113,dhmix_1681679230288000235,1113,EnthalpyOfMixing,<Substance C1CCOCC1{solv}{x=0.483400}|Cc1ccncc1{solv}{x=0.516600}>,C1CCOCC1,Cc1ccncc1,openff-2.0.0,1,0.0464373674479219,0.0390328041691061,0.1741,0.00135
18439,1114,dhmix_1854625047398559527,1114,EnthalpyOfMixing,<Substance C1CCOCC1{solv}{x=0.826200}|Cc1ccncc1{solv}{x=0.173800}>,C1CCOCC1,Cc1ccncc1,openff-2.0.0,1,0.073265634979549,0.046152002495507,0.0948,0.001
18440,1115,dens_1998279082934343093,1115,Density,<Substance C1CCOCC1{solv}{x=0.826300}|Cc1ccncc1{solv}{x=0.173700}>,C1CCOCC1,Cc1ccncc1,openff-2.0.0,1,0.8798894025242338,0.0002404007450098,0.8827950000000002,0.000387
18441,1116,dens_1226224986443053492,1116,Density,<Substance CCOc1ccccc1{solv}{x=0.482600}|OCCc1ccccc1{solv}{x=0.517400}>,CCOc1ccccc1,OCCc1ccccc1,openff-2.0.0,1,0.978955949248206,0.0001860944317934,0.9803700000000002,0.00026
18442,1117,dens_1288457717872177367,1117,Density,<Substance CCOc1ccccc1{solv}{x=0.304100}|OCCc1ccccc1{solv}{x=0.695900}>,CCOc1ccccc1,OCCc1ccccc1,openff-2.0.0,1,0.9889171285160844,0.0001950991124919,0.9909900000000004,0.00026
18443,1118,dhmix_1400067757990485972,1118,EnthalpyOfMixing,<Substance CCOc1ccccc1{solv}{x=0.738800}|OCCc1ccccc1{solv}{x=0.261200}>,CCOc1ccccc1,OCCc1ccccc1,openff-2.0.0,1,0.9952698607004322,0.047266236894374,1.1427,0.01225
18444,1119,dens_1419265414647987466,1119,Density,<Substance CCOc1ccccc1{solv}{x=0.792900}|OCCc1ccccc1{solv}{x=0.207100}>,CCOc1ccccc1,OCCc1ccccc1,openff-2.0.0,1,0.960575178730022,0.0001529337336192,0.9624400000000004,0.00026
18445,1120,dhmix_1985234108792038812,1120,EnthalpyOfMixing,<Substance CCOc1ccccc1{solv}{x=0.485200}|OCCc1ccccc1{solv}{x=0.514800}>,CCOc1ccccc1,OCCc1ccccc1,openff-2.0.0,1,0.8593688117792624,0.0474308618105717,1.0249,0.011
18446,1121,dhmix_2203675640711482674,1121,EnthalpyOfMixing,<Substance CCOc1ccccc1{solv}{x=0.239100}|OCCc1ccccc1{solv}{x=0.760900}>,CCOc1ccccc1,OCCc1ccccc1,openff-2.0.0,1,0.5513197002653669,0.0505098146768145,0.6669,0.0072
18447,1122,dens_1247048173376376516,1122,Density,<Substance CCCCC(=O)OC{solv}{x=0.349300}|COC=O{solv}{x=0.650700}>,CCCCC(=O)OC,COC=O,openff-2.0.0,1,0.9427548523238116,0.0002291889444759,0.9198400000000002,0.000115
18448,1123,dens_1283923442255956417,1123,Density,<Substance CCCCC(=O)OC{solv}{x=0.500000}|COC=O{solv}{x=0.500000}>,CCCCC(=O)OC,COC=O,openff-2.0.0,1,0.9220262872167752,0.0002156806676823,0.90817,0.00012
18449,1124,dhmix_1491739683552461043,1124,EnthalpyOfMixing,<Substance CCCCC(=O)OC{solv}{x=0.348600}|COC=O{solv}{x=0.651400}>,CCCCC(=O)OC,COC=O,openff-2.0.0,1,1.3149679116502853,0.0401686559342227,0.422,0.0045
18450,1125,dhmix_1747049492522889097,1125,EnthalpyOfMixing,<Substance CCCCC(=O)OC{solv}{x=0.523200}|COC=O{solv}{x=0.476800}>,CCCCC(=O)OC,COC=O,openff-2.0.0,1,1.054073610329013,0.0398788825564009,0.409,0.0045
18451,1126,dhmix_1990853348078771210,1126,EnthalpyOfMixing,<Substance CCCCC(=O)OC{solv}{x=0.796800}|COC=O{solv}{x=0.203200}>,CCCCC(=O)OC,COC=O,openff-2.0.0,1,0.5760682274064948,0.0474606160335955,0.219,0.0025
18452,1127,dens_2269601061883384185,1127,Density,<Substance CCCCC(=O)OC{solv}{x=0.725800}|COC=O{solv}{x=0.274200}>,CCCCC(=O)OC,COC=O,openff-2.0.0,1,0.901977674994342,0.0002200320955999,0.8955000000000002,0.000135
18453,1128,dens_1266839724964377205,1128,Density,<Substance Cn1ccnc1{solv}{x=0.779500}|O{solv}{x=0.220500}>,Cn1ccnc1,O,openff-2.0.0,1,1.022293242205231,0.000272051106611,1.0360000000000005,0.00015
18454,1129,dens_1634862053132906887,1129,Density,<Substance Cn1ccnc1{solv}{x=0.498200}|O{solv}{x=0.501800}>,Cn1ccnc1,O,openff-2.0.0,1,1.0199057608130448,0.0003108721295164,1.0416,0.00015
18455,1130,dens_1681126092995837883,1130,Density,<Substance Cn1ccnc1{solv}{x=0.216700}|O{solv}{x=0.783300}>,Cn1ccnc1,O,openff-2.0.0,1,1.0045247651118518,0.0004116766855372,1.0301000000000002,0.0001
18456,1131,dhmix_1311251505653939236,1131,EnthalpyOfMixing,<Substance CC(=O)CC(C)=O{solv}{x=0.598500}|O{solv}{x=0.401500}>,CC(=O)CC(C)=O,O,openff-2.0.0,1,0.4543953843052009,0.0307101365239598,0.4905,0.00555
18457,1132,dhmix_1367092272310773702,1132,EnthalpyOfMixing,<Substance CC(=O)CC(C)=O{solv}{x=0.749200}|O{solv}{x=0.250800}>,CC(=O)CC(C)=O,O,openff-2.0.0,1,0.4975039598920716,0.035385243156013,0.6211,0.00695
18458,1133,dhmix_2033109088651196860,1133,EnthalpyOfMixing,<Substance CC(=O)CC(C)=O{solv}{x=0.200400}|O{solv}{x=0.799600}>,CC(=O)CC(C)=O,O,openff-2.0.0,1,0.0068701859777036,0.0261442145353016,0.1562,0.0021
18459,1134,dens_1319073694995976411,1134,Density,<Substance CC(C)CO{solv}{x=0.762200}|OC1=NCCC1{solv}{x=0.237800}>,CC(C)CO,OC1=NCCC1,openff-2.0.0,1,0.8681118304134178,0.0002531808384741,0.8623100000000001,0.000205
18460,1135,dhmix_1817161401911066523,1135,EnthalpyOfMixing,<Substance CC(C)CO{solv}{x=0.754900}|OC1=NCCC1{solv}{x=0.245100}>,CC(C)CO,OC1=NCCC1,openff-2.0.0,1,1.273108306386547,0.0391122163106896,0.2989,0.0033
18461,1136,dens_1852757585830259815,1136,Density,<Substance CC(C)CO{solv}{x=0.287400}|OC1=NCCC1{solv}{x=0.712600}>,CC(C)CO,OC1=NCCC1,openff-2.0.0,1,0.9882181480287896,0.0001984843648773,1.0078300000000002,0.000155
18462,1137,dhmix_2057245570503088562,1137,EnthalpyOfMixing,<Substance CC(C)CO{solv}{x=0.259800}|OC1=NCCC1{solv}{x=0.740200}>,CC(C)CO,OC1=NCCC1,openff-2.0.0,1,1.2451565383752636,0.04282027762661,0.1798,0.00205
18463,1138,dens_2175875616459255266,1138,Density,<Substance CC(C)CO{solv}{x=0.489400}|OC1=NCCC1{solv}{x=0.510600}>,CC(C)CO,OC1=NCCC1,openff-2.0.0,1,0.935728470982111,0.000229996536999,0.9431100000000002,0.00017
18464,1139,dhmix_2273039716774959551,1139,EnthalpyOfMixing,<Substance CC(C)CO{solv}{x=0.497800}|OC1=NCCC1{solv}{x=0.502200}>,CC(C)CO,OC1=NCCC1,openff-2.0.0,1,1.4111124043336003,0.0373862891833204,0.2775,0.0031
18465,1140,dens_1400897934227212514,1140,Density,<Substance CC(C)CC(C)(C)C{solv}{x=0.541100}|COC(C)=O{solv}{x=0.458900}>,CC(C)CC(C)(C)C,COC(C)=O,openff-2.0.0,1,0.7710024572097466,0.0002324381034078,0.7495700000000002,0.000505
18466,1141,dhmix_1534218615961922445,1141,EnthalpyOfMixing,<Substance CC(C)CC(C)(C)C{solv}{x=0.256000}|COC(C)=O{solv}{x=0.744000}>,CC(C)CC(C)(C)C,COC(C)=O,openff-2.0.0,1,1.656966784348498,0.0399541156771444,1.385,0.015
18467,1142,dhmix_1663557420681143866,1142,EnthalpyOfMixing,<Substance CC(C)CC(C)(C)C{solv}{x=0.540600}|COC(C)=O{solv}{x=0.459400}>,CC(C)CC(C)(C)C,COC(C)=O,openff-2.0.0,1,2.0603878870809353,0.0446245897145075,1.759,0.019
18468,1143,dens_1833608859418637606,1143,Density,<Substance CC(C)CC(C)(C)C{solv}{x=0.736400}|COC(C)=O{solv}{x=0.263600}>,CC(C)CC(C)(C)C,COC(C)=O,openff-2.0.0,1,0.7397243922093366,0.0002321997481223,0.7171000000000002,0.00015
18469,1144,dhmix_1913788848230724771,1144,EnthalpyOfMixing,<Substance CC(C)CC(C)(C)C{solv}{x=0.783300}|COC(C)=O{solv}{x=0.216700}>,CC(C)CC(C)(C)C,COC(C)=O,openff-2.0.0,1,1.5540432310920664,0.0503404028451014,1.149,0.0125
18470,1145,dens_2018568384717712900,1145,Density,<Substance CC(C)CC(C)(C)C{solv}{x=0.238900}|COC(C)=O{solv}{x=0.761100}>,CC(C)CC(C)(C)C,COC(C)=O,openff-2.0.0,1,0.842427409189242,0.0002275102039487,0.8248000000000002,0.0001
18471,1146,dens_1465225466328543955,1146,Density,<Substance Cc1cccnc1{solv}{x=0.225000}|O{solv}{x=0.775000}>,Cc1cccnc1,O,openff-2.0.0,1,0.9655497454024912,0.0003827640295379,0.9921000000000002,0.0003
18472,1147,dens_1644445312716340330,1147,Density,<Substance Cc1cccnc1{solv}{x=0.500000}|O{solv}{x=0.500000}>,Cc1cccnc1,O,openff-2.0.0,1,0.9586851551481996,0.0003021007916536,0.9797000000000002,0.0003
18473,1148,dens_2262998332454406432,1148,Density,<Substance Cc1cccnc1{solv}{x=0.700000}|O{solv}{x=0.300000}>,Cc1cccnc1,O,openff-2.0.0,1,0.9567123881797718,0.0002460202897872,0.9690000000000002,0.0003
18474,1149,dens_1601780542508306264,1149,Density,<Substance CC(=O)N(C)C{solv}{x=0.771800}|CCOC(C)=O{solv}{x=0.228200}>,CC(=O)N(C)C,CCOC(C)=O,openff-2.0.0,1,0.9042242143799128,0.0002225121909119,0.9286200000000002,0.000185
18475,1150,dens_2126546638582188774,1150,Density,<Substance CC(=O)N(C)C{solv}{x=0.464600}|CCOC(C)=O{solv}{x=0.535400}>,CC(=O)N(C)C,CCOC(C)=O,openff-2.0.0,1,0.9040827553780356,0.0002364942129406,0.9166300000000002,0.00022
18476,1151,dens_2159432384130350508,1151,Density,<Substance CC(=O)N(C)C{solv}{x=0.233100}|CCOC(C)=O{solv}{x=0.766900}>,CC(=O)N(C)C,CCOC(C)=O,openff-2.0.0,1,0.9031456769822483,0.0002456290417628,0.9064300000000002,0.000245
18477,1152,dens_1713891284028890335,1152,Density,<Substance CC(=O)O{solv}{x=0.798900}|CCOC(C)=O{solv}{x=0.201100}>,CC(=O)O,CCOC(C)=O,openff-2.0.0,1,1.0249135124495132,0.0002928182961705,0.9996600000000002,0.000225
18478,1153,dens_1856345418041920174,1153,Density,<Substance CC(=O)O{solv}{x=0.500700}|CCOC(C)=O{solv}{x=0.499300}>,CC(=O)O,CCOC(C)=O,openff-2.0.0,1,0.9684441019892622,0.0002766086733781,0.9514000000000002,0.00018
18479,1154,dens_2035334988982485653,1154,Density,<Substance CC(=O)O{solv}{x=0.294400}|CCOC(C)=O{solv}{x=0.705600}>,CC(=O)O,CCOC(C)=O,openff-2.0.0,1,0.937260453286876,0.0002641851654871,0.9255000000000002,0.00016
18480,1155,dhmix_592425981731704,0,EnthalpyOfMixing,<Substance C1CCCCC1{solv}{x=0.100300}|Cc1ccccc1{solv}{x=0.899700}>,C1CCCCC1,Cc1ccccc1,openff-2.0.0,2,0.2485113899937232,0.0476438489676068,0.2015,0.0015
18481,1156,dens_191923210986624643,1,Density,<Substance C1CCCCC1{solv}{x=0.697700}|Cc1ccccc1{solv}{x=0.302300}>,C1CCCCC1,Cc1ccccc1,openff-2.0.0,2,0.767192604452162,0.0002518366278343,0.7818000000000002,0.00041
18482,1157,dens_699555827256664507,2,Density,<Substance C1CCCCC1{solv}{x=0.100000}|Cc1ccccc1{solv}{x=0.900000}>,C1CCCCC1,Cc1ccccc1,openff-2.0.0,2,0.8270921046123468,0.0002647048685965,0.8378000000000001,0.00025
18483,1158,dhmix_997331474504366167,3,EnthalpyOfMixing,<Substance C1CCCCC1{solv}{x=0.697900}|Cc1ccccc1{solv}{x=0.302100}>,C1CCCCC1,Cc1ccccc1,openff-2.0.0,2,0.7274488162102841,0.0455067762737481,0.5221,0.0034
18484,1159,dhmix_1586684551148150215,4,EnthalpyOfMixing,<Substance C1CCCCC1{solv}{x=0.397600}|Cc1ccccc1{solv}{x=0.602400}>,C1CCCCC1,Cc1ccccc1,openff-2.0.0,2,0.7746497043012823,0.0431177955910911,0.5887,0.0038
18485,1160,dens_1809100412119556796,5,Density,<Substance C1CCCCC1{solv}{x=0.397500}|Cc1ccccc1{solv}{x=0.602500}>,C1CCCCC1,Cc1ccccc1,openff-2.0.0,2,0.8109989356265276,0.000237790451834,0.8228000000000002,0.0002
18486,1161,dhmix_1261378482688431,6,EnthalpyOfMixing,<Substance CCC(C)=O{solv}{x=0.510600}|Nc1ccccc1{solv}{x=0.489400}>,CCC(C)=O,Nc1ccccc1,openff-2.0.0,2,-0.3219894242127807,0.0376614462917681,-1.173,0.0125
18487,1162,dhmix_157258283975731553,7,EnthalpyOfMixing,<Substance CCC(C)=O{solv}{x=0.901800}|Nc1ccccc1{solv}{x=0.098200}>,CCC(C)=O,Nc1ccccc1,openff-2.0.0,2,-0.3062855634583599,0.0354969525824077,-0.469,0.005
18488,1163,dens_610648476268376520,8,Density,<Substance CCC(C)=O{solv}{x=0.502600}|Nc1ccccc1{solv}{x=0.497400}>,CCC(C)=O,Nc1ccccc1,openff-2.0.0,2,0.9266655256410208,0.0002298531318974,0.9213850000000002,5.650000000000002e-05
18489,1164,dens_1388487494953421117,9,Density,<Substance CCC(C)=O{solv}{x=0.901900}|Nc1ccccc1{solv}{x=0.098100}>,CCC(C)=O,Nc1ccccc1,openff-2.0.0,2,0.8072669017049897,0.0001913279430824,0.8265540000000001,7.200000000000002e-05
18490,1165,dhmix_1389656513678923263,10,EnthalpyOfMixing,<Substance CCC(C)=O{solv}{x=0.209900}|Nc1ccccc1{solv}{x=0.790100}>,CCC(C)=O,Nc1ccccc1,openff-2.0.0,2,-0.0287460490249102,0.0396405134236123,-0.648,0.007
18491,1166,dens_2115628806769415578,11,Density,<Substance CCC(C)=O{solv}{x=0.256300}|Nc1ccccc1{solv}{x=0.743700}>,CCC(C)=O,Nc1ccccc1,openff-2.0.0,2,0.9994335983589628,0.0002444395390321,0.9712300000000004,4.900000000000001e-05
18492,1167,dens_1379242187515209,12,Density,<Substance CC#N{solv}{x=0.795200}|CCCCOCCCC{solv}{x=0.204800}>,CC#N,CCCCOCCCC,openff-2.0.0,2,0.7705035688727098,0.0002735610671752,0.7708800000000002,0.000245
18493,1168,dhmix_575991096898484441,13,EnthalpyOfMixing,<Substance CC#N{solv}{x=0.488600}|CCCCOCCCC{solv}{x=0.511400}>,CC#N,CCCCOCCCC,openff-2.0.0,2,0.6322749017801641,0.0404552232432691,1.26543,0.00796
18494,1169,dhmix_1182924089945476872,14,EnthalpyOfMixing,<Substance CC#N{solv}{x=0.241600}|CCCCOCCCC{solv}{x=0.758400}>,CC#N,CCCCOCCCC,openff-2.0.0,2,0.5119002136190716,0.0500861328174299,0.94593,0.00601
18495,1170,dhmix_1244492966201685063,15,EnthalpyOfMixing,<Substance CC#N{solv}{x=0.795200}|CCCCOCCCC{solv}{x=0.204800}>,CC#N,CCCCOCCCC,openff-2.0.0,2,0.4908716334681458,0.0321252378378887,0.94289,0.005995
18496,1171,dens_2044032309137951705,16,Density,<Substance CC#N{solv}{x=0.245500}|CCCCOCCCC{solv}{x=0.754500}>,CC#N,CCCCOCCCC,openff-2.0.0,2,0.7633056049037716,0.0001857396129837,0.7653000000000001,0.00028
18497,1172,dens_2211436825174998797,17,Density,<Substance CC#N{solv}{x=0.509800}|CCCCOCCCC{solv}{x=0.490200}>,CC#N,CCCCOCCCC,openff-2.0.0,2,0.7663065383410698,0.0002279756095744,0.7671500000000001,0.00026
18498,1173,dens_1820034175228694,18,Density,<Substance C1CCCCC1{solv}{x=0.540900}|CN1CCCC1=O{solv}{x=0.459100}>,C1CCCCC1,CN1CCCC1=O,openff-2.0.0,2,0.8590036393968407,0.0002301886922957,0.8757100000000002,0.000335
18499,1174,dhmix_1335365307191460458,19,EnthalpyOfMixing,<Substance C1CCCCC1{solv}{x=0.751800}|CN1CCCC1=O{solv}{x=0.248200}>,C1CCCCC1,CN1CCCC1=O,openff-2.0.0,2,1.4251245306971043,0.0503394235705095,1.1998,0.01285
18500,1175,dens_1375048033230012198,20,Density,<Substance C1CCCCC1{solv}{x=0.733200}|CN1CCCC1=O{solv}{x=0.266800}>,C1CCCCC1,CN1CCCC1=O,openff-2.0.0,2,0.8136918994562942,0.0001894289706777,0.8287300000000002,0.0004
18501,1176,dhmix_1563298635135474599,21,EnthalpyOfMixing,<Substance C1CCCCC1{solv}{x=0.278900}|CN1CCCC1=O{solv}{x=0.721100}>,C1CCCCC1,CN1CCCC1=O,openff-2.0.0,2,1.491742734488895,0.0442204061096728,1.2061,0.0129
18502,1177,dens_1606235786379262481,22,Density,<Substance C1CCCCC1{solv}{x=0.227500}|CN1CCCC1=O{solv}{x=0.772500}>,C1CCCCC1,CN1CCCC1=O,openff-2.0.0,2,0.9401104349003866,0.0002064111362709,0.9583800000000002,0.000245
18503,1178,dhmix_1683219349338278021,23,EnthalpyOfMixing,<Substance C1CCCCC1{solv}{x=0.473400}|CN1CCCC1=O{solv}{x=0.526600}>,C1CCCCC1,CN1CCCC1=O,openff-2.0.0,2,1.888046223546752,0.0420984519014192,1.4691,0.0157
18504,1179,dens_4438302718372985,24,Density,<Substance BrCCCCBr{solv}{x=0.717000}|COC=O{solv}{x=0.283000}>,BrCCCCBr,COC=O,openff-2.0.0,2,1.6423592294714402,0.0003759300792653,1.6702600000000003,0.00259
18505,1180,dhmix_369816950910078034,25,EnthalpyOfMixing,<Substance BrCCCCBr{solv}{x=0.778200}|COC=O{solv}{x=0.221800}>,BrCCCCBr,COC=O,openff-2.0.0,2,1.117726564035905,0.0425593157451121,0.6355,0.0057
18506,1181,dens_460757700461114532,26,Density,<Substance BrCCCCBr{solv}{x=0.495800}|COC=O{solv}{x=0.504200}>,BrCCCCBr,COC=O,openff-2.0.0,2,1.509756025148537,0.0003975880612759,1.5176800000000004,0.001885
18507,1182,dhmix_1496821399278454353,27,EnthalpyOfMixing,<Substance BrCCCCBr{solv}{x=0.265400}|COC=O{solv}{x=0.734600}>,BrCCCCBr,COC=O,openff-2.0.0,2,1.4022274217917925,0.0477399449734753,0.8185,0.00715
18508,1183,dens_1750413656870357630,28,Density,<Substance BrCCCCBr{solv}{x=0.225800}|COC=O{solv}{x=0.774200}>,BrCCCCBr,COC=O,openff-2.0.0,2,1.2961319066215702,0.0004010129160636,1.2671300000000003,0.00104
18509,1184,dhmix_1802862930607761431,29,EnthalpyOfMixing,<Substance BrCCCCBr{solv}{x=0.482000}|COC=O{solv}{x=0.518000}>,BrCCCCBr,COC=O,openff-2.0.0,2,1.925107205136413,0.0390340623458835,1.0243,0.0087
18510,1185,dhmix_8447570649359775,30,EnthalpyOfMixing,<Substance OCCO{solv}{x=0.481700}|OCc1ccccc1{solv}{x=0.518300}>,OCCO,OCc1ccccc1,openff-2.0.0,2,0.1407792747069294,0.0374469762283401,0.201,0.00465
18511,1186,dens_824372741354282107,31,Density,<Substance OCCO{solv}{x=0.505700}|OCc1ccccc1{solv}{x=0.494300}>,OCCO,OCc1ccccc1,openff-2.0.0,2,1.0596358644598467,0.0002038336703756,1.0579000000000005,0.00027
18512,1187,dens_1105173553343721111,32,Density,<Substance OCCO{solv}{x=0.737100}|OCc1ccccc1{solv}{x=0.262900}>,OCCO,OCc1ccccc1,openff-2.0.0,2,1.079680632839656,0.0002338791593441,1.0753200000000005,0.000275
18513,1188,dhmix_1362282802315816638,33,EnthalpyOfMixing,<Substance OCCO{solv}{x=0.736100}|OCc1ccccc1{solv}{x=0.263900}>,OCCO,OCc1ccccc1,openff-2.0.0,2,0.1834890418153918,0.039490864334696,0.1383,0.0037
18514,1189,dhmix_1666683879028583081,34,EnthalpyOfMixing,<Substance OCCO{solv}{x=0.236500}|OCc1ccccc1{solv}{x=0.763500}>,OCCO,OCc1ccccc1,openff-2.0.0,2,0.0524467758784794,0.0392553675489755,0.209,0.0048
18515,1190,dens_1698159396404241323,35,Density,<Substance OCCO{solv}{x=0.262200}|OCc1ccccc1{solv}{x=0.737800}>,OCCO,OCc1ccccc1,openff-2.0.0,2,1.0448866057702348,0.0001962910232169,1.0442900000000002,0.000265
18516,1191,dens_8507121971977381,36,Density,<Substance CCOC(C)(C)C{solv}{x=0.505000}|Cc1ccccc1{solv}{x=0.495000}>,CCOC(C)(C)C,Cc1ccccc1,openff-2.0.0,2,0.8001731569682091,0.0002426679404623,0.7937390000000002,0.000467
18517,1192,dens_499290591626962121,37,Density,<Substance CCOC(C)(C)C{solv}{x=0.217000}|Cc1ccccc1{solv}{x=0.783000}>,CCOC(C)(C)C,Cc1ccccc1,openff-2.0.0,2,0.8298794833957547,0.0002263032174176,0.8314450000000002,0.000411
18518,1193,dhmix_820491025608256793,38,EnthalpyOfMixing,<Substance CCOC(C)(C)C{solv}{x=0.501900}|Cc1ccccc1{solv}{x=0.498100}>,CCOC(C)(C)C,Cc1ccccc1,openff-2.0.0,2,-0.1245063523487033,0.0395559099382974,-0.046,0.00055
18519,1194,dhmix_1374163681483564129,39,EnthalpyOfMixing,<Substance CCOC(C)(C)C{solv}{x=0.248900}|Cc1ccccc1{solv}{x=0.751100}>,CCOC(C)(C)C,Cc1ccccc1,openff-2.0.0,2,-0.2007586334679274,0.0359845169723621,-0.0324,0.0005
18520,1195,dens_1904998692863983733,40,Density,<Substance CCOC(C)(C)C{solv}{x=0.701000}|Cc1ccccc1{solv}{x=0.299000}>,CCOC(C)(C)C,Cc1ccccc1,openff-2.0.0,2,0.7808149941099141,0.0002235791957827,0.7696300000000001,0.000503
18521,1196,dhmix_1982853461678580310,41,EnthalpyOfMixing,<Substance CCOC(C)(C)C{solv}{x=0.749500}|Cc1ccccc1{solv}{x=0.250500}>,CCOC(C)(C)C,Cc1ccccc1,openff-2.0.0,2,-0.1943337086412953,0.049381042124671,-0.0348,0.0005
18522,1197,dhmix_13624411991961099,42,EnthalpyOfMixing,<Substance C1CCOCC1{solv}{x=0.237900}|Cc1ccccc1N{solv}{x=0.762100}>,C1CCOCC1,Cc1ccccc1N,openff-2.0.0,2,-0.1939934751965069,0.0501645633675613,-0.3658,0.004
18523,1198,dhmix_510299013171775812,43,EnthalpyOfMixing,<Substance C1CCOCC1{solv}{x=0.741000}|Cc1ccccc1N{solv}{x=0.259000}>,C1CCOCC1,Cc1ccccc1N,openff-2.0.0,2,-0.0952748848825137,0.0461821262726105,-0.4892,0.0053
18524,1199,dhmix_1337006691942958969,44,EnthalpyOfMixing,<Substance C1CCOCC1{solv}{x=0.490100}|Cc1ccccc1N{solv}{x=0.509900}>,C1CCOCC1,Cc1ccccc1N,openff-2.0.0,2,-0.1056336406860651,0.0424675578361163,-0.5715,0.0062
18525,1200,dens_1448062547628404156,45,Density,<Substance C1CCOCC1{solv}{x=0.727900}|Cc1ccccc1N{solv}{x=0.272100}>,C1CCOCC1,Cc1ccccc1N,openff-2.0.0,2,0.9211148423930968,0.0002026725978087,0.91866,0.000285
18526,1201,dens_2171966897328079405,46,Density,<Substance C1CCOCC1{solv}{x=0.498600}|Cc1ccccc1N{solv}{x=0.501400}>,C1CCOCC1,Cc1ccccc1N,openff-2.0.0,2,0.9554962993985332,0.0002177056452923,0.9459860000000002,0.0002275
18527,1202,dens_2201621104799327758,47,Density,<Substance C1CCOCC1{solv}{x=0.229700}|Cc1ccccc1N{solv}{x=0.770300}>,C1CCOCC1,Cc1ccccc1N,openff-2.0.0,2,0.9933335546029988,0.0002503948157976,0.9734540000000002,0.000164
18528,1203,dens_15008167137789802,48,Density,<Substance CCCCCl{solv}{x=0.299200}|CN(C)C=O{solv}{x=0.700800}>,CCCCCl,CN(C)C=O,openff-2.0.0,2,0.905585138531936,0.0002454432549409,0.9218000000000002,0.0002
18529,1204,dens_550868133232739009,49,Density,<Substance CCCCCl{solv}{x=0.701200}|CN(C)C=O{solv}{x=0.298800}>,CCCCCl,CN(C)C=O,openff-2.0.0,2,0.8799427526758418,0.0003143282105285,0.8963000000000002,0.0002
18530,1205,dhmix_1315230298567753558,50,EnthalpyOfMixing,<Substance CCCCCl{solv}{x=0.793000}|CN(C)C=O{solv}{x=0.207000}>,CCCCCl,CN(C)C=O,openff-2.0.0,2,0.6568457442389644,0.0393669907920676,0.404,0.003
18531,1206,dhmix_1929975181819720491,51,EnthalpyOfMixing,<Substance CCCCCl{solv}{x=0.493000}|CN(C)C=O{solv}{x=0.507000}>,CCCCCl,CN(C)C=O,openff-2.0.0,2,0.9405676928150228,0.0367302265868342,0.571,0.003
18532,1207,dhmix_1976787548784045784,52,EnthalpyOfMixing,<Substance CCCCCl{solv}{x=0.295000}|CN(C)C=O{solv}{x=0.705000}>,CCCCCl,CN(C)C=O,openff-2.0.0,2,0.8597613812829508,0.039512712877069,0.467,0.003
18533,1208,dens_2008819185276371643,53,Density,<Substance CCCCCl{solv}{x=0.499000}|CN(C)C=O{solv}{x=0.501000}>,CCCCCl,CN(C)C=O,openff-2.0.0,2,0.8927992890841658,0.0002707677035567,0.9086000000000002,0.0002
18534,1209,dens_16755306936326197,54,Density,<Substance Cc1ccccc1N{solv}{x=0.255700}|Cc1ccccn1{solv}{x=0.744300}>,Cc1ccccc1N,Cc1ccccn1,openff-2.0.0,2,0.9721833340933342,0.0002255097744032,0.9597930000000002,0.000307
18535,1210,dens_238666738854407136,55,Density,<Substance Cc1ccccc1N{solv}{x=0.514600}|Cc1ccccn1{solv}{x=0.485400}>,Cc1ccccc1N,Cc1ccccn1,openff-2.0.0,2,0.9926494972169212,0.000234499823754,0.9748990000000002,0.0002315
18536,1211,dhmix_1909144841681931250,56,EnthalpyOfMixing,<Substance Cc1ccccc1N{solv}{x=0.488200}|Cc1ccccn1{solv}{x=0.511800}>,Cc1ccccc1N,Cc1ccccn1,openff-2.0.0,2,-1.5104723612086983,0.0381612079717323,-1.4976,0.0305
18537,1212,dens_1945534954282706534,57,Density,<Substance Cc1ccccc1N{solv}{x=0.757100}|Cc1ccccn1{solv}{x=0.242900}>,Cc1ccccc1N,Cc1ccccn1,openff-2.0.0,2,1.0082006904029626,0.000253248164462,0.9854410000000002,0.000169
18538,1213,dhmix_2038606904928978856,58,EnthalpyOfMixing,<Substance Cc1ccccc1N{solv}{x=0.782100}|Cc1ccccn1{solv}{x=0.217900}>,Cc1ccccc1N,Cc1ccccn1,openff-2.0.0,2,-0.7655575582835326,0.0486150988234051,-0.8656,0.01775
18539,1214,dhmix_2125558080831870503,59,EnthalpyOfMixing,<Substance Cc1ccccc1N{solv}{x=0.273600}|Cc1ccccn1{solv}{x=0.726400}>,Cc1ccccc1N,Cc1ccccn1,openff-2.0.0,2,-1.2918320202642732,0.0447509160469692,-1.2462,0.0254
18540,1215,dens_19028061622240549,60,Density,<Substance CN(C)CCO{solv}{x=0.296200}|CO{solv}{x=0.703800}>,CN(C)CCO,CO,openff-2.0.0,2,0.8370052944064865,0.0003265045514295,0.8506500000000001,0.00014
18541,1216,dens_186649390549115907,61,Density,<Substance CN(C)CCO{solv}{x=0.502000}|CO{solv}{x=0.498000}>,CN(C)CCO,CO,openff-2.0.0,2,0.8609303651991168,0.0003034822551782,0.8684000000000002,0.000155
18542,1217,dhmix_1453612193040378117,62,EnthalpyOfMixing,<Substance CN(C)CCO{solv}{x=0.497200}|CO{solv}{x=0.502800}>,CN(C)CCO,CO,openff-2.0.0,2,-0.9730584801726394,0.0335803499800305,-0.8673,0.00935
18543,1218,dens_1978392691277508278,63,Density,<Substance CN(C)CCO{solv}{x=0.707500}|CO{solv}{x=0.292500}>,CN(C)CCO,CO,openff-2.0.0,2,0.8744312228687923,0.0003032405351117,0.8766100000000002,0.00017
18544,1219,dhmix_2113387918969192804,64,EnthalpyOfMixing,<Substance CN(C)CCO{solv}{x=0.247900}|CO{solv}{x=0.752100}>,CN(C)CCO,CO,openff-2.0.0,2,-0.8623563680974797,0.0341437684528227,-0.8057,0.0087
18545,1220,dhmix_2220842061395014218,65,EnthalpyOfMixing,<Substance CN(C)CCO{solv}{x=0.750600}|CO{solv}{x=0.249400}>,CN(C)CCO,CO,openff-2.0.0,2,-0.6895201059084854,0.0422985932132745,-0.5322,0.00585
18546,1221,dhmix_21994921667950318,66,EnthalpyOfMixing,<Substance C=CCCCC{solv}{x=0.500100}|CCCO{solv}{x=0.499900}>,C=CCCCC,CCCO,openff-2.0.0,2,0.7437018189538662,0.038617030034542,0.595,0.0055
18547,1222,dens_62854823056490751,67,Density,<Substance C=CCCCC{solv}{x=0.150300}|CCCO{solv}{x=0.849700}>,C=CCCCC,CCCO,openff-2.0.0,2,0.7639331961456763,0.000243153518688,0.7704980000000002,0.0001845
18548,1223,dens_294296714501123310,68,Density,<Substance C=CCCCC{solv}{x=0.499100}|CCCO{solv}{x=0.500900}>,C=CCCCC,CCCO,openff-2.0.0,2,0.70246773172192,0.0002972304140148,0.7176450000000002,0.0002145
18549,1224,dhmix_829065315899278784,69,EnthalpyOfMixing,<Substance C=CCCCC{solv}{x=0.750000}|CCCO{solv}{x=0.250000}>,C=CCCCC,CCCO,openff-2.0.0,2,0.8369059390184077,0.0347857048297862,0.682,0.006
18550,1225,dens_2024397702416079279,70,Density,<Substance C=CCCCC{solv}{x=0.745600}|CCCO{solv}{x=0.254400}>,C=CCCCC,CCCO,openff-2.0.0,2,0.6710921362962663,0.000270563591342,0.6899770000000002,0.0002305
18551,1226,dhmix_2167083041249157622,71,EnthalpyOfMixing,<Substance C=CCCCC{solv}{x=0.150100}|CCCO{solv}{x=0.849900}>,C=CCCCC,CCCO,openff-2.0.0,2,0.2755319386087365,0.0363808201949354,0.192,0.005
18552,1227,dhmix_22428169890990447,72,EnthalpyOfMixing,<Substance CC1(C)C(=O)[C@]2(C)CC[C@H]1C2{solv}{x=0.286000}|CCO{solv}{x=0.714000}>,CC1(C)C(=O)[C@]2(C)CC[C@H]1C2,CCO,openff-2.0.0,2,0.5715838005509397,0.03903903016833,0.876,0.0265
18553,1228,dhmix_57626661746168078,73,EnthalpyOfMixing,<Substance CC1(C)C(=O)[C@]2(C)CC[C@H]1C2{solv}{x=0.701000}|CCO{solv}{x=0.299000}>,CC1(C)C(=O)[C@]2(C)CC[C@H]1C2,CCO,openff-2.0.0,2,0.796390414763323,0.0488986369261586,1.0,0.0305
18554,1229,dhmix_287041928444283276,74,EnthalpyOfMixing,<Substance CC1(C)C(=O)[C@]2(C)CC[C@H]1C2{solv}{x=0.488000}|CCO{solv}{x=0.512000}>,CC1(C)C(=O)[C@]2(C)CC[C@H]1C2,CCO,openff-2.0.0,2,0.8187953459779749,0.0419314556136292,1.109,0.0335
18555,1230,dens_618487453946854895,75,Density,<Substance CC1(C)C(=O)[C@]2(C)CC[C@H]1C2{solv}{x=0.501200}|CCO{solv}{x=0.498800}>,CC1(C)C(=O)[C@]2(C)CC[C@H]1C2,CCO,openff-2.0.0,2,0.913140871587982,0.0001891823592608,0.9005900000000002,5.5000000000000016e-05
18556,1231,dens_1408969463542558504,76,Density,<Substance CC1(C)C(=O)[C@]2(C)CC[C@H]1C2{solv}{x=0.789700}|CCO{solv}{x=0.210300}>,CC1(C)C(=O)[C@]2(C)CC[C@H]1C2,CCO,openff-2.0.0,2,0.9437708917081388,0.0001917670541316,0.9274800000000002,6.0000000000000015e-05
18557,1232,dens_2053919413592536040,77,Density,<Substance CC1(C)C(=O)[C@]2(C)CC[C@H]1C2{solv}{x=0.200200}|CCO{solv}{x=0.799800}>,CC1(C)C(=O)[C@]2(C)CC[C@H]1C2,CCO,openff-2.0.0,2,0.8576904969693101,0.0002705937183779,0.8499000000000002,6.500000000000002e-05
18558,1233,dhmix_24700325920498635,78,EnthalpyOfMixing,<Substance CCC(C)(C)O{solv}{x=0.799400}|CCOC(C)(C)CC{solv}{x=0.200600}>,CCC(C)(C)O,CCOC(C)(C)CC,openff-2.0.0,2,0.4205274713148981,0.0586930413817274,0.448,0.0073
18559,1234,dhmix_252628078473967793,79,EnthalpyOfMixing,<Substance CCC(C)(C)O{solv}{x=0.299700}|CCOC(C)(C)CC{solv}{x=0.700300}>,CCC(C)(C)O,CCOC(C)(C)CC,openff-2.0.0,2,1.0323573258976069,0.0511100338476091,0.9727,0.0132
18560,1235,dens_281609537293621351,80,Density,<Substance CCC(C)(C)O{solv}{x=0.799400}|CCOC(C)(C)CC{solv}{x=0.200600}>,CCC(C)(C)O,CCOC(C)(C)CC,openff-2.0.0,2,0.805859064808102,0.0002363023917721,0.7932000000000002,0.00025
18561,1236,dhmix_980734994193955874,81,EnthalpyOfMixing,<Substance CCC(C)(C)O{solv}{x=0.498700}|CCOC(C)(C)CC{solv}{x=0.501300}>,CCC(C)(C)O,CCOC(C)(C)CC,openff-2.0.0,2,0.9101983061468388,0.0463135046729033,0.8937,0.01225
18562,1237,dens_1165049856972872340,82,Density,<Substance CCC(C)(C)O{solv}{x=0.498700}|CCOC(C)(C)CC{solv}{x=0.501300}>,CCC(C)(C)O,CCOC(C)(C)CC,openff-2.0.0,2,0.788788458041371,0.0002268990628519,0.7789000000000001,0.0002
18563,1238,dens_2297026976830009992,83,Density,<Substance CCC(C)(C)O{solv}{x=0.299700}|CCOC(C)(C)CC{solv}{x=0.700300}>,CCC(C)(C)O,CCOC(C)(C)CC,openff-2.0.0,2,0.7788368535503223,0.0002076750168538,0.7709000000000001,0.0002
18564,1239,dens_25810987980199799,84,Density,<Substance CCCCCC{solv}{x=0.158800}|Cc1ccccc1{solv}{x=0.841200}>,CCCCCC,Cc1ccccc1,openff-2.0.0,2,0.8134303161000116,0.0002424552729406,0.8226300000000002,0.000335
18565,1240,dens_574637447996217594,85,Density,<Substance CCCCCC{solv}{x=0.501100}|Cc1ccccc1{solv}{x=0.498900}>,CCCCCC,Cc1ccccc1,openff-2.0.0,2,0.7369035328926088,0.0002348238729527,0.7484400000000002,0.00015
18566,1241,dhmix_1373657903424456878,86,EnthalpyOfMixing,<Substance CCCCCC{solv}{x=0.158600}|Cc1ccccc1{solv}{x=0.841400}>,CCCCCC,Cc1ccccc1,openff-2.0.0,2,0.3664885293268582,0.0398371595669251,0.3163,0.0043
18567,1242,dhmix_1383995974797334848,87,EnthalpyOfMixing,<Substance CCCCCC{solv}{x=0.472300}|Cc1ccccc1{solv}{x=0.527700}>,CCCCCC,Cc1ccccc1,openff-2.0.0,2,0.7101813469646174,0.0341115369226593,0.5467,0.00715
18568,1243,dhmix_1412344026798360911,88,EnthalpyOfMixing,<Substance CCCCCC{solv}{x=0.748400}|Cc1ccccc1{solv}{x=0.251600}>,CCCCCC,Cc1ccccc1,openff-2.0.0,2,0.6283791785442361,0.0461819704673627,0.393,0.00525
18569,1244,dens_2241575426887298365,89,Density,<Substance CCCCCC{solv}{x=0.733800}|Cc1ccccc1{solv}{x=0.266200}>,CCCCCC,Cc1ccccc1,openff-2.0.0,2,0.6908682717918586,0.0002397906679032,0.7020900000000002,0.000305
18570,1245,dens_27241401908451167,90,Density,<Substance CN(C)C=O{solv}{x=0.503500}|Cc1ccccc1Cl{solv}{x=0.496500}>,CN(C)C=O,Cc1ccccc1Cl,openff-2.0.0,2,1.017830176331026,0.0002375649601344,1.0247000000000004,0.0005
18571,1246,dhmix_674882857451857086,91,EnthalpyOfMixing,<Substance CN(C)C=O{solv}{x=0.511800}|Cc1ccccc1Cl{solv}{x=0.488200}>,CN(C)C=O,Cc1ccccc1Cl,openff-2.0.0,2,0.218718013831733,0.041228221716218,0.545,0.006
18572,1247,dens_818042132181297482,92,Density,<Substance CN(C)C=O{solv}{x=0.751200}|Cc1ccccc1Cl{solv}{x=0.248800}>,CN(C)C=O,Cc1ccccc1Cl,openff-2.0.0,2,0.9767672086780048,0.0002595436441742,0.9898800000000002,0.0005
18573,1248,dens_861365281257265917,93,Density,<Substance CN(C)C=O{solv}{x=0.273700}|Cc1ccccc1Cl{solv}{x=0.726300}>,CN(C)C=O,Cc1ccccc1Cl,openff-2.0.0,2,1.03775176040676,0.0002853453685048,1.0415000000000003,0.0005
18574,1249,dhmix_1670364528496870559,94,EnthalpyOfMixing,<Substance CN(C)C=O{solv}{x=0.767900}|Cc1ccccc1Cl{solv}{x=0.232100}>,CN(C)C=O,Cc1ccccc1Cl,openff-2.0.0,2,0.1653326349160409,0.0397699084710533,0.436,0.005
18575,1250,dhmix_1992689527814967541,95,EnthalpyOfMixing,<Substance CN(C)C=O{solv}{x=0.274300}|Cc1ccccc1Cl{solv}{x=0.725700}>,CN(C)C=O,Cc1ccccc1Cl,openff-2.0.0,2,0.2689051190095028,0.0421301469999816,0.373,0.004
18576,1251,dens_29213618499921464,96,Density,<Substance C1CCOCC1{solv}{x=0.254000}|O=C1CCCCCC1{solv}{x=0.746000}>,C1CCOCC1,O=C1CCCCCC1,openff-2.0.0,2,0.9192193464760512,0.0001855629398177,0.9355100000000002,0.00051
18577,1252,dens_468319504030932569,97,Density,<Substance C1CCOCC1{solv}{x=0.498600}|O=C1CCCCCC1{solv}{x=0.501400}>,C1CCOCC1,O=C1CCCCCC1,openff-2.0.0,2,0.9068243241316858,0.0002426411747484,0.9211200000000004,0.00051
18578,1253,dens_1174890511154571939,98,Density,<Substance C1CCOCC1{solv}{x=0.768600}|O=C1CCCCCC1{solv}{x=0.231400}>,C1CCOCC1,O=C1CCCCCC1,openff-2.0.0,2,0.8917498729596905,0.0002197616358383,0.9012200000000002,0.000505
18579,1254,dens_30084818585402677,99,Density,<Substance CC(=O)N(C)C{solv}{x=0.700600}|ClCCCCCCCl{solv}{x=0.299400}>,CC(=O)N(C)C,ClCCCCCCCl,openff-2.0.0,2,0.9660116601091217,0.0002172554247178,0.9853000000000002,0.00175
18580,1255,dhmix_384619296407103076,100,EnthalpyOfMixing,<Substance CC(=O)N(C)C{solv}{x=0.504000}|ClCCCCCCCl{solv}{x=0.496000}>,CC(=O)N(C)C,ClCCCCCCCl,openff-2.0.0,2,0.2712141135213386,0.0438147641148491,0.09,0.002
18581,1256,dens_539464371986972328,101,Density,<Substance CC(=O)N(C)C{solv}{x=0.494300}|ClCCCCCCCl{solv}{x=0.505700}>,CC(=O)N(C)C,ClCCCCCCCl,openff-2.0.0,2,1.000591659742122,0.0002251636253603,1.0123000000000002,0.0016
18582,1257,dhmix_1114659247517686326,102,EnthalpyOfMixing,<Substance CC(=O)N(C)C{solv}{x=0.798000}|ClCCCCCCCl{solv}{x=0.202000}>,CC(=O)N(C)C,ClCCCCCCCl,openff-2.0.0,2,0.1646419786562774,0.0401852173307874,0.067,0.002
18583,1258,dhmix_1410583096030633514,103,EnthalpyOfMixing,<Substance CC(=O)N(C)C{solv}{x=0.212000}|ClCCCCCCCl{solv}{x=0.788000}>,CC(=O)N(C)C,ClCCCCCCCl,openff-2.0.0,2,0.1336060422753746,0.0486934601152487,0.04,0.002
18584,1259,dens_2244909992725638206,104,Density,<Substance CC(=O)N(C)C{solv}{x=0.300200}|ClCCCCCCCl{solv}{x=0.699800}>,CC(=O)N(C)C,ClCCCCCCCl,openff-2.0.0,2,1.0284016046329183,0.0001715308575859,1.0345000000000002,0.0015
18585,1260,dhmix_35301006695188726,105,EnthalpyOfMixing,<Substance CCOC(=O)C(C)C{solv}{x=0.289000}|CO{solv}{x=0.711000}>,CCOC(=O)C(C)C,CO,openff-2.0.0,2,0.4375325925361295,0.0352830147092834,0.488,0.0035
18586,1261,dens_508877804306927207,106,Density,<Substance CCOC(=O)C(C)C{solv}{x=0.499000}|CO{solv}{x=0.501000}>,CCOC(=O)C(C)C,CO,openff-2.0.0,2,0.8440213171781938,0.0002690318010504,0.8414100000000002,0.00011
18587,1262,dens_1201422771202741625,107,Density,<Substance CCOC(=O)C(C)C{solv}{x=0.199600}|CO{solv}{x=0.800400}>,CCOC(=O)C(C)C,CO,openff-2.0.0,2,0.8089208860208709,0.0003566915791978,0.8173600000000002,0.000115
18588,1263,dhmix_1951183536432642425,108,EnthalpyOfMixing,<Substance CCOC(=O)C(C)C{solv}{x=0.480000}|CO{solv}{x=0.520000}>,CCOC(=O)C(C)C,CO,openff-2.0.0,2,0.6648255839599528,0.0406695092929284,0.671,0.0045
18589,1264,dens_1998368384671748308,109,Density,<Substance CCOC(=O)C(C)C{solv}{x=0.703000}|CO{solv}{x=0.297000}>,CCOC(=O)C(C)C,CO,openff-2.0.0,2,0.8573739743213753,0.0002464737953572,0.8501200000000002,0.00011
18590,1265,dhmix_2200604492347455092,110,EnthalpyOfMixing,<Substance CCOC(=O)C(C)C{solv}{x=0.771000}|CO{solv}{x=0.229000}>,CCOC(=O)C(C)C,CO,openff-2.0.0,2,0.581144956874283,0.0468012554729439,0.632,0.0045
18591,1266,dhmix_39159150320919359,111,EnthalpyOfMixing,<Substance CCO{solv}{x=0.799700}|Cc1cccc(O)c1{solv}{x=0.200300}>,CCO,Cc1cccc(O)c1,openff-2.0.0,2,-0.6641955176204917,0.0372259009150244,-0.79199,0.011965
18592,1267,dens_410843938837220593,112,Density,<Substance CCO{solv}{x=0.263700}|Cc1cccc(O)c1{solv}{x=0.736300}>,CCO,Cc1cccc(O)c1,openff-2.0.0,2,0.9961967673122658,0.0002369342529406,0.9852300000000004,0.0006
18593,1268,dhmix_1115402835538407874,113,EnthalpyOfMixing,<Substance CCO{solv}{x=0.212500}|Cc1cccc(O)c1{solv}{x=0.787500}>,CCO,Cc1cccc(O)c1,openff-2.0.0,2,-0.5444293557000535,0.0501918932451075,-0.68742,0.01275
18594,1269,dens_1359111234216199895,114,Density,<Substance CCO{solv}{x=0.472400}|Cc1cccc(O)c1{solv}{x=0.527600}>,CCO,Cc1cccc(O)c1,openff-2.0.0,2,0.9578147319518584,0.0002566840867625,0.9446300000000002,0.0006
18595,1270,dens_1590314985481219627,115,Density,<Substance CCO{solv}{x=0.781700}|Cc1cccc(O)c1{solv}{x=0.218300}>,CCO,Cc1cccc(O)c1,openff-2.0.0,2,0.873853652686171,0.0002820363412746,0.8631500000000002,0.000605
18596,1271,dhmix_1871939727966182523,116,EnthalpyOfMixing,<Substance CCO{solv}{x=0.413900}|Cc1cccc(O)c1{solv}{x=0.586100}>,CCO,Cc1cccc(O)c1,openff-2.0.0,2,-0.8339655813252804,0.0481038555387877,-1.14624,0.00985
18597,1272,dens_42678158079716854,117,Density,<Substance CN1CCCC1=O{solv}{x=0.937492}|c1ccccc1{solv}{x=0.062508}>,CN1CCCC1=O,c1ccccc1,openff-2.0.0,2,0.9994093940207256,0.0002285892904978,1.0204500000000003,3.500000000000001e-05
18598,1273,dens_252520620125458637,118,Density,<Substance CN1CCCC1=O{solv}{x=0.513500}|c1ccccc1{solv}{x=0.486500}>,CN1CCCC1=O,c1ccccc1,openff-2.0.0,2,0.9530039378114116,0.0002350384068645,0.9684700000000004,0.00018
18599,1274,dhmix_524477957640851666,119,EnthalpyOfMixing,<Substance CN1CCCC1=O{solv}{x=0.235600}|c1ccccc1{solv}{x=0.764400}>,CN1CCCC1=O,c1ccccc1,openff-2.0.0,2,-0.0961483525124862,0.040939349638943,-0.3684,0.00405
18600,1275,dhmix_1475629358723962160,120,EnthalpyOfMixing,<Substance CN1CCCC1=O{solv}{x=0.546700}|c1ccccc1{solv}{x=0.453300}>,CN1CCCC1=O,c1ccccc1,openff-2.0.0,2,-0.1722496341112815,0.0391499012359463,-0.4943,0.00535
18601,1276,dens_2041306780823594960,121,Density,<Substance CN1CCCC1=O{solv}{x=0.252400}|c1ccccc1{solv}{x=0.747600}>,CN1CCCC1=O,c1ccccc1,openff-2.0.0,2,0.9044874913435684,0.0002440680897,0.9163300000000004,0.00029
18602,1277,dhmix_2156508970935294660,122,EnthalpyOfMixing,<Substance CN1CCCC1=O{solv}{x=0.741100}|c1ccccc1{solv}{x=0.258900}>,CN1CCCC1=O,c1ccccc1,openff-2.0.0,2,-0.1070282424808226,0.0400836182482535,-0.3841,0.0042
18603,1278,dhmix_44217680865702366,123,EnthalpyOfMixing,<Substance CC(=O)c1ccccc1{solv}{x=0.200100}|CC(C)O{solv}{x=0.799900}>,CC(=O)c1ccccc1,CC(C)O,openff-2.0.0,2,0.8442505128819349,0.0339599264340859,1.1352,0.0124
18604,1279,dens_91454082453656404,124,Density,<Substance CC(=O)c1ccccc1{solv}{x=0.756100}|CC(C)O{solv}{x=0.243900}>,CC(=O)c1ccccc1,CC(C)O,openff-2.0.0,2,0.9774317667455992,0.0001989786768373,0.9823500000000004,0.000175
18605,1280,dens_152869924254680766,125,Density,<Substance CC(=O)c1ccccc1{solv}{x=0.251700}|CC(C)O{solv}{x=0.748300}>,CC(=O)c1ccccc1,CC(C)O,openff-2.0.0,2,0.8784585412155903,0.0002749078510992,0.8654400000000002,0.000245
18606,1281,dhmix_1214494501247401592,126,EnthalpyOfMixing,<Substance CC(=O)c1ccccc1{solv}{x=0.499600}|CC(C)O{solv}{x=0.500400}>,CC(=O)c1ccccc1,CC(C)O,openff-2.0.0,2,1.231611358609598,0.0413841657629404,1.5703,0.0169
18607,1282,dhmix_1482394504883204224,127,EnthalpyOfMixing,<Substance CC(=O)c1ccccc1{solv}{x=0.700600}|CC(C)O{solv}{x=0.299400}>,CC(=O)c1ccccc1,CC(C)O,openff-2.0.0,2,0.9849624496824988,0.0437647848909733,1.3758,0.01485
18608,1283,dens_1804860114822214449,128,Density,<Substance CC(=O)c1ccccc1{solv}{x=0.534500}|CC(C)O{solv}{x=0.465500}>,CC(=O)c1ccccc1,CC(C)O,openff-2.0.0,2,0.9398563014777208,0.0001865768249639,0.9375600000000002,0.0002
18609,1284,dhmix_47323681380989568,129,EnthalpyOfMixing,<Substance CCCCCCCCCl{solv}{x=0.498000}|CN(C)C=O{solv}{x=0.502000}>,CCCCCCCCCl,CN(C)C=O,openff-2.0.0,2,1.4166790394973816,0.0431621265860886,1.087,0.0045
18610,1285,dhmix_620291288515939248,130,EnthalpyOfMixing,<Substance CCCCCCCCCl{solv}{x=0.790000}|CN(C)C=O{solv}{x=0.210000}>,CCCCCCCCCl,CN(C)C=O,openff-2.0.0,2,0.98316359587767,0.0463506599382405,0.68,0.0045
18611,1286,dens_1830564734879843336,131,Density,<Substance CCCCCCCCCl{solv}{x=0.733100}|CN(C)C=O{solv}{x=0.266900}>,CCCCCCCCCl,CN(C)C=O,openff-2.0.0,2,0.872198505096651,0.000194732226538,0.8779000000000002,0.00045
18612,1287,dens_1865569264533219410,132,Density,<Substance CCCCCCCCCl{solv}{x=0.500800}|CN(C)C=O{solv}{x=0.499200}>,CCCCCCCCCl,CN(C)C=O,openff-2.0.0,2,0.8821367158828481,0.0001960182566368,0.8897000000000003,0.0004
18613,1288,dens_1893252821735673677,133,Density,<Substance CCCCCCCCCl{solv}{x=0.199800}|CN(C)C=O{solv}{x=0.800200}>,CCCCCCCCCl,CN(C)C=O,openff-2.0.0,2,0.9022300334488405,0.0002411950752585,0.9149000000000002,0.0003
18614,1289,dhmix_2175249209874409534,134,EnthalpyOfMixing,<Substance CCCCCCCCCl{solv}{x=0.205000}|CN(C)C=O{solv}{x=0.795000}>,CCCCCCCCCl,CN(C)C=O,openff-2.0.0,2,1.0341193982068404,0.0343966372790508,0.79,0.0045
18615,1290,dens_47347406470845261,135,Density,<Substance BrCCCBr{solv}{x=0.748600}|COC=O{solv}{x=0.251400}>,BrCCCBr,COC=O,openff-2.0.0,2,1.754138426432272,0.0005839174858814,1.7969200000000003,0.00306
18616,1291,dens_398260729245374704,136,Density,<Substance BrCCCBr{solv}{x=0.472200}|COC=O{solv}{x=0.527800}>,BrCCCBr,COC=O,openff-2.0.0,2,1.550773991058363,0.000460491157802,1.5585100000000005,0.001985
18617,1292,dhmix_1440467239786579925,137,EnthalpyOfMixing,<Substance BrCCCBr{solv}{x=0.735400}|COC=O{solv}{x=0.264600}>,BrCCCBr,COC=O,openff-2.0.0,2,1.1899288967319137,0.0301296434759949,0.7435,0.00655
18618,1293,dens_1812113401512645360,138,Density,<Substance BrCCCBr{solv}{x=0.204700}|COC=O{solv}{x=0.795300}>,BrCCCBr,COC=O,openff-2.0.0,2,1.2947622986107783,0.0004464016641263,1.2611800000000004,0.001025
18619,1294,dhmix_2252268161220427112,139,EnthalpyOfMixing,<Substance BrCCCBr{solv}{x=0.485300}|COC=O{solv}{x=0.514700}>,BrCCCBr,COC=O,openff-2.0.0,2,1.5028847056625878,0.0302983974851445,0.9249,0.00795
18620,1295,dhmix_2289960806584862127,140,EnthalpyOfMixing,<Substance BrCCCBr{solv}{x=0.239500}|COC=O{solv}{x=0.760500}>,BrCCCBr,COC=O,openff-2.0.0,2,1.6309451626449558,0.0359036185229539,0.6669,0.00595
18621,1296,dens_52148744845178727,141,Density,<Substance CC(=O)CC(C)C{solv}{x=0.700900}|CCC(C)(C)O{solv}{x=0.299100}>,CC(=O)CC(C)C,CCC(C)(C)O,openff-2.0.0,2,0.8010535751171803,0.0002046358289862,0.7968700000000002,0.00018
18622,1297,dhmix_202225007451030020,142,EnthalpyOfMixing,<Substance CC(=O)CC(C)C{solv}{x=0.201700}|CCC(C)(C)O{solv}{x=0.798300}>,CC(=O)CC(C)C,CCC(C)(C)O,openff-2.0.0,2,0.0773727265012524,0.0469065840095548,0.8181,0.01135
18623,1298,dens_938275493819605051,143,Density,<Substance CC(=O)CC(C)C{solv}{x=0.500800}|CCC(C)(C)O{solv}{x=0.499200}>,CC(=O)CC(C)C,CCC(C)(C)O,openff-2.0.0,2,0.8067158836943417,0.0002324332542139,0.7987300000000002,0.00018
18624,1299,dhmix_998794233701009996,144,EnthalpyOfMixing,<Substance CC(=O)CC(C)C{solv}{x=0.500800}|CCC(C)(C)O{solv}{x=0.499200}>,CC(=O)CC(C)C,CCC(C)(C)O,openff-2.0.0,2,0.3734132583511211,0.0440896815714584,1.3674,0.0185
18625,1300,dhmix_1565593158104493647,145,EnthalpyOfMixing,<Substance CC(=O)CC(C)C{solv}{x=0.700900}|CCC(C)(C)O{solv}{x=0.299100}>,CC(=O)CC(C)C,CCC(C)(C)O,openff-2.0.0,2,0.3038931081468945,0.0502077905518022,1.2068,0.0164
18626,1301,dens_2097057526665137697,146,Density,<Substance CC(=O)CC(C)C{solv}{x=0.201700}|CCC(C)(C)O{solv}{x=0.798300}>,CC(=O)CC(C)C,CCC(C)(C)O,openff-2.0.0,2,0.8159468378734621,0.0002592346136082,0.8030000000000002,0.00019
18627,1302,dens_60145312697659458,147,Density,<Substance OC1=NCCC1{solv}{x=0.231200}|c1ccncc1{solv}{x=0.768800}>,OC1=NCCC1,c1ccncc1,openff-2.0.0,2,1.007205288849376,0.0002169148458606,1.0106200000000003,0.00051
18628,1303,dhmix_281987656487279026,148,EnthalpyOfMixing,<Substance OC1=NCCC1{solv}{x=0.525600}|c1ccncc1{solv}{x=0.474400}>,OC1=NCCC1,c1ccncc1,openff-2.0.0,2,-0.2992753391027865,0.0353357981941344,0.2031,0.0508
18629,1304,dens_617740093035429712,149,Density,<Substance OC1=NCCC1{solv}{x=0.831200}|c1ccncc1{solv}{x=0.168800}>,OC1=NCCC1,c1ccncc1,openff-2.0.0,2,1.0547452420218957,0.0002171133698849,1.0872000000000004,0.00052
18630,1305,dhmix_658699797311871042,150,EnthalpyOfMixing,<Substance OC1=NCCC1{solv}{x=0.261500}|c1ccncc1{solv}{x=0.738500}>,OC1=NCCC1,c1ccncc1,openff-2.0.0,2,-0.2383946657549973,0.0291656095126043,0.165,0.04125
18631,1306,dhmix_774470106511868908,151,EnthalpyOfMixing,<Substance OC1=NCCC1{solv}{x=0.831100}|c1ccncc1{solv}{x=0.168900}>,OC1=NCCC1,c1ccncc1,openff-2.0.0,2,-0.2117613703309295,0.0328967526801471,0.0972,0.0243
18632,1307,dens_1837977312272564303,152,Density,<Substance OC1=NCCC1{solv}{x=0.475200}|c1ccncc1{solv}{x=0.524800}>,OC1=NCCC1,c1ccncc1,openff-2.0.0,2,1.0282595962446226,0.0002588855973657,1.0431300000000003,0.000515
18633,1308,dens_64870336397637683,153,Density,<Substance NCCCO{solv}{x=0.489642}|O{solv}{x=0.510358}>,NCCCO,O,openff-2.0.0,2,1.0270955428229491,0.0002906952418153,1.0059000000000002,0.00155
18634,1309,dens_70371380055449550,154,Density,<Substance NCCCO{solv}{x=0.708044}|O{solv}{x=0.291956}>,NCCCO,O,openff-2.0.0,2,1.0290972862679415,0.0003720569396354,0.9975000000000004,0.0018
18635,1310,dhmix_150384853762728924,155,EnthalpyOfMixing,<Substance NCCCO{solv}{x=0.751500}|O{solv}{x=0.248500}>,NCCCO,O,openff-2.0.0,2,-0.4880336391585835,0.0502954268695873,-1.531,0.031
18636,1311,dens_847209819230970781,156,Density,<Substance NCCCO{solv}{x=0.272809}|O{solv}{x=0.727191}>,NCCCO,O,openff-2.0.0,2,1.0176000029225112,0.0003565655592639,1.0118000000000005,0.0014
18637,1312,dhmix_1448036989335532298,157,EnthalpyOfMixing,<Substance NCCCO{solv}{x=0.298200}|O{solv}{x=0.701800}>,NCCCO,O,openff-2.0.0,2,-0.5452217219688205,0.0257420013223515,-2.501,0.051
18638,1313,dhmix_1551692974855642379,158,EnthalpyOfMixing,<Substance NCCCO{solv}{x=0.498900}|O{solv}{x=0.501100}>,NCCCO,O,openff-2.0.0,2,-0.6829000857772234,0.0371152592269836,-2.462,0.05
18639,1314,dhmix_65921650414250861,159,EnthalpyOfMixing,<Substance CCOC(=O)CC(C)=O{solv}{x=0.499500}|CCO{solv}{x=0.500500}>,CCO,CCOC(=O)CC(C)=O,openff-2.0.0,2,1.349185826260168,0.0451623824066262,1.7079,0.0183
18640,1315,dhmix_546962203716710778,160,EnthalpyOfMixing,<Substance CCOC(=O)CC(C)=O{solv}{x=0.299400}|CCO{solv}{x=0.700600}>,CCO,CCOC(=O)CC(C)=O,openff-2.0.0,2,1.2519733603536525,0.0369843291042926,1.4925,0.01605
18641,1316,dens_989479368116300355,161,Density,<Substance CCOC(=O)CC(C)=O{solv}{x=0.500000}|CCO{solv}{x=0.500000}>,CCO,CCOC(=O)CC(C)=O,openff-2.0.0,2,0.9517163979040856,0.0002568938205062,0.9484700000000004,0.000155
18642,1317,dens_1726065156375824332,162,Density,<Substance CCOC(=O)CC(C)=O{solv}{x=0.250000}|CCO{solv}{x=0.750000}>,CCO,CCOC(=O)CC(C)=O,openff-2.0.0,2,0.8893400914567483,0.0002711787573827,0.8856300000000003,0.00017
18643,1318,dens_1736679431098209973,163,Density,<Substance CCOC(=O)CC(C)=O{solv}{x=0.750000}|CCO{solv}{x=0.250000}>,CCO,CCOC(=O)CC(C)=O,openff-2.0.0,2,0.9943645576499772,0.0002224578567032,0.9917100000000004,0.00017
18644,1319,dhmix_2221487218644783272,164,EnthalpyOfMixing,<Substance CCOC(=O)CC(C)=O{solv}{x=0.700800}|CCO{solv}{x=0.299200}>,CCO,CCOC(=O)CC(C)=O,openff-2.0.0,2,1.1677675317170753,0.0391380800698147,1.478,0.0159
18645,1320,dhmix_68947190908856741,165,EnthalpyOfMixing,<Substance C1COCCO1{solv}{x=0.250000}|O=C1CCCC1{solv}{x=0.750000}>,C1COCCO1,O=C1CCCC1,openff-2.0.0,2,-0.0589281287555252,0.0393215982778043,0.04589,0.00057
18646,1321,dens_225413782402822877,166,Density,<Substance C1COCCO1{solv}{x=0.777800}|O=C1CCCC1{solv}{x=0.222200}>,C1COCCO1,O=C1CCCC1,openff-2.0.0,2,1.0119955652198136,0.0002668408108873,1.0081000000000002,0.000255
18647,1322,dhmix_415496698649060745,167,EnthalpyOfMixing,<Substance C1COCCO1{solv}{x=0.500000}|O=C1CCCC1{solv}{x=0.500000}>,C1COCCO1,O=C1CCCC1,openff-2.0.0,2,-0.0348439743566473,0.0336726203604305,0.07457,0.00068
18648,1323,dens_803440153424346423,168,Density,<Substance C1COCCO1{solv}{x=0.506300}|O=C1CCCC1{solv}{x=0.493700}>,C1COCCO1,O=C1CCCC1,openff-2.0.0,2,0.97734036886319,0.0001997669285447,0.9849200000000002,0.00025
18649,1324,dens_1553194080174872005,169,Density,<Substance C1COCCO1{solv}{x=0.243600}|O=C1CCCC1{solv}{x=0.756400}>,C1COCCO1,O=C1CCCC1,openff-2.0.0,2,0.9452770548198608,0.0002253044729445,0.9633500000000004,0.000245
18650,1325,dhmix_1852349497898107924,170,EnthalpyOfMixing,<Substance C1COCCO1{solv}{x=0.750000}|O=C1CCCC1{solv}{x=0.250000}>,C1COCCO1,O=C1CCCC1,openff-2.0.0,2,0.042168551537884,0.0422314183389708,0.07097,0.000665
18651,1326,dhmix_71170350241685196,171,EnthalpyOfMixing,<Substance COC(C)(C)C{solv}{x=0.749000}|ClC(Cl)Cl{solv}{x=0.251000}>,COC(C)(C)C,ClC(Cl)Cl,openff-2.0.0,2,-1.1764387751335192,0.0377405779674302,-1.9,0.077
18652,1327,dens_554111049740737271,172,Density,<Substance COC(C)(C)C{solv}{x=0.454000}|ClC(Cl)Cl{solv}{x=0.546000}>,COC(C)(C)C,ClC(Cl)Cl,openff-2.0.0,2,1.1295266442316834,0.000276117132947,1.0838000000000003,0.00015
18653,1328,dhmix_1691495556773848750,173,EnthalpyOfMixing,<Substance COC(C)(C)C{solv}{x=0.484000}|ClC(Cl)Cl{solv}{x=0.516000}>,COC(C)(C)C,ClC(Cl)Cl,openff-2.0.0,2,-1.6714227577979273,0.0347068776263279,-2.1,0.0845
18654,1329,dens_1874337336846858625,174,Density,<Substance COC(C)(C)C{solv}{x=0.276000}|ClC(Cl)Cl{solv}{x=0.724000}>,COC(C)(C)C,ClC(Cl)Cl,openff-2.0.0,2,1.2898899892363127,0.0004440312427605,1.2259000000000004,0.0002
18655,1330,dens_2136498248834183810,175,Density,<Substance COC(C)(C)C{solv}{x=0.728600}|ClC(Cl)Cl{solv}{x=0.271400}>,COC(C)(C)C,ClC(Cl)Cl,openff-2.0.0,2,0.9200447781116896,0.0003599209500374,0.8956000000000003,0.00015
18656,1331,dhmix_2232264038422377060,176,EnthalpyOfMixing,<Substance COC(C)(C)C{solv}{x=0.220000}|ClC(Cl)Cl{solv}{x=0.780000}>,COC(C)(C)C,ClC(Cl)Cl,openff-2.0.0,2,-1.167972076081334,0.0304956320429428,-1.5,0.0605
18657,1332,dhmix_73322629991074290,177,EnthalpyOfMixing,<Substance CCC(C)=O{solv}{x=0.212400}|CCN(CC)CC{solv}{x=0.787600}>,CCC(C)=O,CCN(CC)CC,openff-2.0.0,2,0.6049917226440016,0.0404114403880724,0.57,0.006
18658,1333,dens_317201778138256714,178,Density,<Substance CCC(C)=O{solv}{x=0.261000}|CCN(CC)CC{solv}{x=0.739000}>,CCC(C)=O,CCN(CC)CC,openff-2.0.0,2,0.731652517867216,0.0002100604146867,0.7361510000000001,0.000106
18659,1334,dens_544322850735592196,179,Density,<Substance CCC(C)=O{solv}{x=0.510600}|CCN(CC)CC{solv}{x=0.489400}>,CCC(C)=O,CCN(CC)CC,openff-2.0.0,2,0.7430890602903386,0.0002245621280654,0.7527560000000002,0.0001045
18660,1335,dhmix_690665189446107141,180,EnthalpyOfMixing,<Substance CCC(C)=O{solv}{x=0.496700}|CCN(CC)CC{solv}{x=0.503300}>,CCC(C)=O,CCN(CC)CC,openff-2.0.0,2,0.8262292606673611,0.0438366472682721,0.746,0.008
18661,1336,dhmix_935249702283890201,181,EnthalpyOfMixing,<Substance CCC(C)=O{solv}{x=0.789300}|CCN(CC)CC{solv}{x=0.210700}>,CCC(C)=O,CCN(CC)CC,openff-2.0.0,2,0.4437828634402194,0.0380156157924301,0.455,0.005
18662,1337,dens_1635002920322954883,182,Density,<Substance CCC(C)=O{solv}{x=0.760400}|CCN(CC)CC{solv}{x=0.239600}>,CCC(C)=O,CCN(CC)CC,openff-2.0.0,2,0.7582451178714942,0.000212240264724,0.7738830000000002,9.900000000000003e-05
18663,1338,dhmix_76833325524040726,183,EnthalpyOfMixing,<Substance C1CCCCC1{solv}{x=0.260600}|c1ccccc1{solv}{x=0.739400}>,C1CCCCC1,c1ccccc1,openff-2.0.0,2,0.6813147245667039,0.0397838980568259,0.6282,0.00695
18664,1339,dens_330305790736126156,184,Density,<Substance C1CCCCC1{solv}{x=0.499600}|c1ccccc1{solv}{x=0.500400}>,C1CCCCC1,c1ccccc1,openff-2.0.0,2,0.8009949044761209,0.0002464982226615,0.8136000000000002,0.0002
18665,1340,dhmix_460305358266375837,185,EnthalpyOfMixing,<Substance C1CCCCC1{solv}{x=0.766800}|c1ccccc1{solv}{x=0.233200}>,C1CCCCC1,c1ccccc1,openff-2.0.0,2,0.6565971956954684,0.0456082506826358,0.5517,0.00725
18666,1341,dens_1579941980285561951,186,Density,<Substance C1CCCCC1{solv}{x=0.249800}|c1ccccc1{solv}{x=0.750200}>,C1CCCCC1,c1ccccc1,openff-2.0.0,2,0.8296810728925461,0.0002844269443212,0.8405780000000002,7.05e-05
18667,1342,dhmix_1824194485055356086,187,EnthalpyOfMixing,<Substance C1CCCCC1{solv}{x=0.501200}|c1ccccc1{solv}{x=0.498800}>,C1CCCCC1,c1ccccc1,openff-2.0.0,2,0.9928571205401228,0.0398611012757659,0.7893,0.00655
18668,1343,dens_1871885279620492514,188,Density,<Substance C1CCCCC1{solv}{x=0.732300}|c1ccccc1{solv}{x=0.267700}>,C1CCCCC1,c1ccccc1,openff-2.0.0,2,0.7794749461884477,0.0002209033035215,0.7929200000000002,7.450000000000001e-05
18669,1344,dens_78518696584109468,189,Density,<Substance CN(CCO)CCO{solv}{x=0.743000}|O{solv}{x=0.257000}>,CN(CCO)CCO,O,openff-2.0.0,2,1.037094843233553,1e-05,1.0405100000000005,0.000286
18670,1345,dens_169053214615075062,190,Density,<Substance CN(CCO)CCO{solv}{x=0.257100}|O{solv}{x=0.742900}>,CN(CCO)CCO,O,openff-2.0.0,2,1.0300024609865746,1e-05,1.0522550000000004,0.000221
18671,1346,dhmix_750283179383190388,191,EnthalpyOfMixing,<Substance CN(CCO)CCO{solv}{x=0.741100}|O{solv}{x=0.258900}>,CN(CCO)CCO,O,openff-2.0.0,2,-0.5184411225425833,1.2712836032923576e-05,-1.154,0.0125
18672,1347,dhmix_1537351248216247854,192,EnthalpyOfMixing,<Substance CN(CCO)CCO{solv}{x=0.259300}|O{solv}{x=0.740700}>,CN(CCO)CCO,O,openff-2.0.0,2,-0.5340866403844586,1.2712836032923576e-05,-2.271,0.046
18673,1348,dens_1700904374078825036,193,Density,<Substance CN(CCO)CCO{solv}{x=0.484900}|O{solv}{x=0.515100}>,CN(CCO)CCO,O,openff-2.0.0,2,1.0365520140169882,1e-05,1.048636,0.0002475
18674,1349,dhmix_1761290393567900831,194,EnthalpyOfMixing,<Substance CN(CCO)CCO{solv}{x=0.494100}|O{solv}{x=0.505900}>,CN(CCO)CCO,O,openff-2.0.0,2,-0.7262706010172764,1.2247742649157844e-05,-2.072,0.042
18675,1350,dhmix_81883535492439507,195,EnthalpyOfMixing,<Substance C1COCO1{solv}{x=0.200000}|O=C1CCCC1{solv}{x=0.800000}>,C1COCO1,O=C1CCCC1,openff-2.0.0,2,-0.0337420734384039,0.0406927400588668,-0.00853,0.000425
18676,1351,dens_192935635984964537,196,Density,<Substance C1COCO1{solv}{x=0.509000}|O=C1CCCC1{solv}{x=0.491000}>,C1COCO1,O=C1CCCC1,openff-2.0.0,2,0.9970985653854222,0.0002715412237365,0.9954700000000004,0.000255
18677,1352,dhmix_309530351940031317,197,EnthalpyOfMixing,<Substance C1COCO1{solv}{x=0.700000}|O=C1CCCC1{solv}{x=0.300000}>,C1COCO1,O=C1CCCC1,openff-2.0.0,2,-0.1335529312970322,0.0350941046916313,-0.02292,0.00048
18678,1353,dhmix_1480225642523009634,198,EnthalpyOfMixing,<Substance C1COCO1{solv}{x=0.500000}|O=C1CCCC1{solv}{x=0.500000}>,C1COCO1,O=C1CCCC1,openff-2.0.0,2,-0.1278260290548871,0.0368451885597234,-0.02181,0.000475
18679,1354,dens_1663189314624242951,199,Density,<Substance C1COCO1{solv}{x=0.225100}|O=C1CCCC1{solv}{x=0.774900}>,C1COCO1,O=C1CCCC1,openff-2.0.0,2,0.9500485677678592,0.000244513422972,0.9652800000000002,0.000245
18680,1355,dens_1684591254659727640,200,Density,<Substance C1COCO1{solv}{x=0.789100}|O=C1CCCC1{solv}{x=0.210900}>,C1COCO1,O=C1CCCC1,openff-2.0.0,2,1.052238722772193,0.0001929012664141,1.02957,0.00026
18681,1356,dens_82854054922011802,201,Density,<Substance c1cc[nH]c1{solv}{x=0.542600}|c1ccncc1{solv}{x=0.457400}>,c1cc[nH]c1,c1ccncc1,openff-2.0.0,2,0.9826563902277664,0.000255148539756,0.9706400000000002,5.5000000000000016e-05
18682,1357,dens_332042143272324658,202,Density,<Substance c1cc[nH]c1{solv}{x=0.755400}|c1ccncc1{solv}{x=0.244600}>,c1cc[nH]c1,c1ccncc1,openff-2.0.0,2,0.9826636468712298,0.0002078203523195,0.9676900000000004,5.5000000000000016e-05
18683,1358,dhmix_582184351339863568,203,EnthalpyOfMixing,<Substance c1cc[nH]c1{solv}{x=0.760200}|c1ccncc1{solv}{x=0.239800}>,c1cc[nH]c1,c1ccncc1,openff-2.0.0,2,-0.0036757336909971,0.0375743697988441,-1.6452,0.01075
18684,1359,dhmix_809205277185290719,204,EnthalpyOfMixing,<Substance c1cc[nH]c1{solv}{x=0.509500}|c1ccncc1{solv}{x=0.490500}>,c1cc[nH]c1,c1ccncc1,openff-2.0.0,2,-0.0871292685118731,0.0324198440047452,-2.649,0.01645
18685,1360,dens_1187941919350264461,205,Density,<Substance c1cc[nH]c1{solv}{x=0.227300}|c1ccncc1{solv}{x=0.772700}>,c1cc[nH]c1,c1ccncc1,openff-2.0.0,2,0.984374698513904,0.0001895741229521,0.9755600000000002,5.5000000000000016e-05
18686,1361,dhmix_2302696180464118683,206,EnthalpyOfMixing,<Substance c1cc[nH]c1{solv}{x=0.239500}|c1ccncc1{solv}{x=0.760500}>,c1cc[nH]c1,c1ccncc1,openff-2.0.0,2,-0.1920313203363903,0.0358666794223991,-1.7662,0.01145
18687,1362,dhmix_84488753175979819,207,EnthalpyOfMixing,<Substance C1CCOCC1{solv}{x=0.500000}|CCO{solv}{x=0.500000}>,C1CCOCC1,CCO,openff-2.0.0,2,0.8779938614447076,0.0321919653313415,0.8491,0.00794
18688,1363,dens_904236164857914889,208,Density,<Substance C1CCOCC1{solv}{x=0.701000}|CCO{solv}{x=0.299000}>,C1CCOCC1,CCO,openff-2.0.0,2,0.857159535980499,0.000242659596951,0.8595400000000002,8.500000000000002e-05
18689,1364,dhmix_923986751684807715,209,EnthalpyOfMixing,<Substance C1CCOCC1{solv}{x=0.750000}|CCO{solv}{x=0.250000}>,C1CCOCC1,CCO,openff-2.0.0,2,0.7544133229559975,0.0406667726298137,0.75364,0.007115
18690,1365,dhmix_927648698725704337,210,EnthalpyOfMixing,<Substance C1CCOCC1{solv}{x=0.250000}|CCO{solv}{x=0.750000}>,C1CCOCC1,CCO,openff-2.0.0,2,0.6498688717161372,0.0368706126293198,0.57017,0.00553
18691,1366,dens_1095414448718823860,211,Density,<Substance C1CCOCC1{solv}{x=0.504000}|CCO{solv}{x=0.496000}>,C1CCOCC1,CCO,openff-2.0.0,2,0.8422813301063443,0.0002328121957363,0.8440100000000001,0.0001
18692,1367,dens_1309012152943788187,212,Density,<Substance C1CCOCC1{solv}{x=0.284000}|CCO{solv}{x=0.716000}>,C1CCOCC1,CCO,openff-2.0.0,2,0.822350315104628,0.00028443515363,0.8227400000000002,0.00012
18693,1368,dens_88489471162801298,213,Density,<Substance CC(C)=O{solv}{x=0.248400}|Nc1ccccc1{solv}{x=0.751600}>,CC(C)=O,Nc1ccccc1,openff-2.0.0,2,1.0131235431512162,0.0001736133364282,0.9768950000000002,0.0001055
18694,1369,dens_892449093930393176,214,Density,<Substance CC(C)=O{solv}{x=0.411400}|Nc1ccccc1{solv}{x=0.588600}>,CC(C)=O,Nc1ccccc1,openff-2.0.0,2,0.9682658821389976,0.0002080198374091,0.9457730000000002,0.0001285
18695,1370,dens_1087594007698023193,215,Density,<Substance CC(C)=O{solv}{x=0.699300}|Nc1ccccc1{solv}{x=0.300700}>,CC(C)=O,Nc1ccccc1,openff-2.0.0,2,0.8802930471515059,0.0002598386191936,0.8786430000000003,0.000178
18696,1371,dhmix_1461699545612032563,216,EnthalpyOfMixing,<Substance CC(C)=O{solv}{x=0.214500}|Nc1ccccc1{solv}{x=0.785500}>,CC(C)=O,Nc1ccccc1,openff-2.0.0,2,0.0981889488239069,0.0413231822429723,-0.746,0.008
18697,1372,dhmix_1577476208805542019,217,EnthalpyOfMixing,<Substance CC(C)=O{solv}{x=0.699100}|Nc1ccccc1{solv}{x=0.300900}>,CC(C)=O,Nc1ccccc1,openff-2.0.0,2,-0.6517969330435207,0.0355600426270666,-1.076,0.0115
18698,1373,dhmix_2267661763264899390,218,EnthalpyOfMixing,<Substance CC(C)=O{solv}{x=0.410700}|Nc1ccccc1{solv}{x=0.589300}>,CC(C)=O,Nc1ccccc1,openff-2.0.0,2,-0.5667997799561597,0.0363279682808386,-1.165,0.0125
18699,1374,dhmix_90851537891129625,219,EnthalpyOfMixing,<Substance C1CCOCC1{solv}{x=0.268300}|Cc1ccccn1{solv}{x=0.731700}>,C1CCOCC1,Cc1ccccn1,openff-2.0.0,2,0.0444367688650686,0.0385665641932024,0.1057,0.00105
18700,1375,dhmix_975790739707505549,220,EnthalpyOfMixing,<Substance C1CCOCC1{solv}{x=0.482200}|Cc1ccccn1{solv}{x=0.517800}>,C1CCOCC1,Cc1ccccn1,openff-2.0.0,2,0.1073322944829158,0.038837459699283,0.1728,0.00135
18701,1376,dens_981500521813591443,221,Density,<Substance C1CCOCC1{solv}{x=0.491600}|Cc1ccccn1{solv}{x=0.508400}>,C1CCOCC1,Cc1ccccn1,openff-2.0.0,2,0.913385969489694,0.0001710104277282,0.910915,0.000475
18702,1377,dens_1237050172671894703,222,Density,<Substance C1CCOCC1{solv}{x=0.237300}|Cc1ccccn1{solv}{x=0.762700}>,C1CCOCC1,Cc1ccccn1,openff-2.0.0,2,0.9314913364235784,0.0002326741926011,0.9261620000000004,0.0004855
18703,1378,dhmix_1841520238596708010,223,EnthalpyOfMixing,<Substance C1CCOCC1{solv}{x=0.821600}|Cc1ccccn1{solv}{x=0.178400}>,C1CCOCC1,Cc1ccccn1,openff-2.0.0,2,0.047378271380353,0.0442958048269738,0.1352,0.0012
18704,1379,dens_1852422594896475094,224,Density,<Substance C1CCOCC1{solv}{x=0.821900}|Cc1ccccn1{solv}{x=0.178100}>,C1CCOCC1,Cc1ccccn1,openff-2.0.0,2,0.8793861120867357,0.000248950024277,0.8802920000000002,0.000454
18705,1380,dhmix_93676522673462266,225,EnthalpyOfMixing,<Substance CC(=O)N(C)C{solv}{x=0.702000}|ClCCCl{solv}{x=0.298000}>,CC(=O)N(C)C,ClCCCl,openff-2.0.0,2,-0.3658018535646086,0.0403211704903927,-0.706,0.004
18706,1381,dens_466640151895915379,226,Density,<Substance CC(=O)N(C)C{solv}{x=0.499900}|ClCCCl{solv}{x=0.500100}>,CC(=O)N(C)C,ClCCCl,openff-2.0.0,2,1.055844646344119,0.0003311045709787,1.0774000000000004,0.00325
18707,1382,dhmix_504891727488256514,227,EnthalpyOfMixing,<Substance CC(=O)N(C)C{solv}{x=0.202000}|ClCCCl{solv}{x=0.798000}>,CC(=O)N(C)C,ClCCCl,openff-2.0.0,2,-0.4548163622614396,0.0347900565226782,-0.586,0.004
18708,1383,dens_1432716574300574119,228,Density,<Substance CC(=O)N(C)C{solv}{x=0.298800}|ClCCCl{solv}{x=0.701200}>,CC(=O)N(C)C,ClCCCl,openff-2.0.0,2,1.1218197588728545,0.0003658772046535,1.1413000000000002,0.00345
18709,1384,dens_1909242265481868478,229,Density,<Substance CC(=O)N(C)C{solv}{x=0.700800}|ClCCCl{solv}{x=0.299200}>,CC(=O)N(C)C,ClCCCl,openff-2.0.0,2,0.99209458909162,0.0002657796010093,1.0181000000000002,0.00305
18710,1385,dhmix_2201663021806040380,230,EnthalpyOfMixing,<Substance CC(=O)N(C)C{solv}{x=0.500000}|ClCCCl{solv}{x=0.500000}>,CC(=O)N(C)C,ClCCCl,openff-2.0.0,2,-0.6094018891100319,0.0363904530647333,-0.885,0.004
18711,1386,dhmix_101847702994296892,231,EnthalpyOfMixing,<Substance CCCCCCCl{solv}{x=0.790000}|CN1CCCC1=O{solv}{x=0.210000}>,CCCCCCCl,CN1CCCC1=O,openff-2.0.0,2,0.5675223442181334,0.050611281417928,0.232,0.0025
18712,1387,dhmix_275814181113182192,232,EnthalpyOfMixing,<Substance CCCCCCCl{solv}{x=0.497000}|CN1CCCC1=O{solv}{x=0.503000}>,CCCCCCCl,CN1CCCC1=O,openff-2.0.0,2,0.9239332070619356,0.0384380803598524,0.416,0.0025
18713,1388,dens_441375838683668512,233,Density,<Substance CCCCCCCl{solv}{x=0.499300}|CN1CCCC1=O{solv}{x=0.500700}>,CCCCCCCl,CN1CCCC1=O,openff-2.0.0,2,0.9286408314821648,0.000149729124763,0.9389000000000002,0.0002
18714,1389,dhmix_840847840731542643,234,EnthalpyOfMixing,<Substance CCCCCCCl{solv}{x=0.203000}|CN1CCCC1=O{solv}{x=0.797000}>,CCCCCCCl,CN1CCCC1=O,openff-2.0.0,2,0.751942354278043,0.0430233656269291,0.319,0.0025
18715,1390,dens_1314691253679633833,235,Density,<Substance CCCCCCCl{solv}{x=0.298400}|CN1CCCC1=O{solv}{x=0.701600}>,CCCCCCCl,CN1CCCC1=O,openff-2.0.0,2,0.957657393062006,0.0002313610262434,0.9715000000000004,0.0002
18716,1391,dens_1366683244756558841,236,Density,<Substance CCCCCCCl{solv}{x=0.801200}|CN1CCCC1=O{solv}{x=0.198800}>,CCCCCCCl,CN1CCCC1=O,openff-2.0.0,2,0.8886022157302695,0.0002322399311231,0.8970000000000002,0.0003
18717,1392,dhmix_107460606439569535,237,EnthalpyOfMixing,<Substance C1COCCO1{solv}{x=0.572500}|O=C1CCCCCC1{solv}{x=0.427500}>,C1COCCO1,O=C1CCCCCC1,openff-2.0.0,2,0.2431830066422833,0.0482973424181534,0.1032,0.00125
18718,1393,dens_229535957420918177,238,Density,<Substance C1COCCO1{solv}{x=0.748900}|O=C1CCCCCC1{solv}{x=0.251100}>,C1COCCO1,O=C1CCCCCC1,openff-2.0.0,2,1.0033999744315656,0.0002305656358721,0.9994100000000002,0.00051
18719,1394,dhmix_1101001475632451077,239,EnthalpyOfMixing,<Substance C1COCCO1{solv}{x=0.225200}|O=C1CCCCCC1{solv}{x=0.774800}>,C1COCCO1,O=C1CCCCCC1,openff-2.0.0,2,0.0603507701197258,0.0460544329940521,0.0783,0.001
18720,1395,dens_1711999737319704820,240,Density,<Substance C1COCCO1{solv}{x=0.572300}|O=C1CCCCCC1{solv}{x=0.427700}>,C1COCCO1,O=C1CCCCCC1,openff-2.0.0,2,0.9711290290977458,0.0002282043218187,0.9737000000000002,0.00051
18721,1396,dens_1973863157285112004,241,Density,<Substance C1COCCO1{solv}{x=0.255500}|O=C1CCCCCC1{solv}{x=0.744500}>,C1COCCO1,O=C1CCCCCC1,openff-2.0.0,2,0.949261555392019,0.0001966252347994,0.9616800000000002,0.000515
18722,1397,dhmix_2239035738396328121,242,EnthalpyOfMixing,<Substance C1COCCO1{solv}{x=0.771600}|O=C1CCCCCC1{solv}{x=0.228400}>,C1COCCO1,O=C1CCCCCC1,openff-2.0.0,2,0.2267420284051979,0.0428011605055811,0.0694,0.0009
18723,1398,dhmix_110368175234083214,243,EnthalpyOfMixing,<Substance CC#N{solv}{x=0.201600}|CCOC(C)(C)CC{solv}{x=0.798400}>,CC#N,CCOC(C)(C)CC,openff-2.0.0,2,0.220694128222874,0.0385666232712127,0.6411,0.0087
18724,1399,dhmix_565046024644834395,244,EnthalpyOfMixing,<Substance CC#N{solv}{x=0.700400}|CCOC(C)(C)CC{solv}{x=0.299600}>,CC#N,CCOC(C)(C)CC,openff-2.0.0,2,0.386345406999439,0.0329870152842479,0.8397,0.0113
18725,1400,dens_865362803305469370,245,Density,<Substance CC#N{solv}{x=0.502400}|CCOC(C)(C)CC{solv}{x=0.497600}>,CC#N,CCOC(C)(C)CC,openff-2.0.0,2,0.7723151853060782,0.000232360358145,0.7675000000000002,0.00035
18726,1401,dhmix_1131176031733024874,246,EnthalpyOfMixing,<Substance CC#N{solv}{x=0.502400}|CCOC(C)(C)CC{solv}{x=0.497600}>,CC#N,CCOC(C)(C)CC,openff-2.0.0,2,0.4982328913463192,0.0416524909240673,0.9514,0.01285
18727,1402,dens_1305751749890499162,247,Density,<Substance CC#N{solv}{x=0.201600}|CCOC(C)(C)CC{solv}{x=0.798400}>,CC#N,CCOC(C)(C)CC,openff-2.0.0,2,0.7689733362661046,0.0001539509868747,0.7635000000000002,0.00025
18728,1403,dens_1928701304100922381,248,Density,<Substance CC#N{solv}{x=0.700400}|CCOC(C)(C)CC{solv}{x=0.299600}>,CC#N,CCOC(C)(C)CC,openff-2.0.0,2,0.7735022771456621,0.0002545234178655,0.7707000000000003,0.0005
18729,1404,dhmix_112729391186229967,249,EnthalpyOfMixing,<Substance CCC(C)=O{solv}{x=0.509000}|CNc1ccccc1{solv}{x=0.491000}>,CCC(C)=O,CNc1ccccc1,openff-2.0.0,2,-0.6482499196417848,0.0390532899026297,-0.816,0.009
18730,1405,dens_414028029115294252,250,Density,<Substance CCC(C)=O{solv}{x=0.746300}|CNc1ccccc1{solv}{x=0.253700}>,CCC(C)=O,CNc1ccccc1,openff-2.0.0,2,0.8426432907748157,0.0002363384837176,0.8582020000000002,0.000102
18731,1406,dens_559789475978651659,251,Density,<Substance CCC(C)=O{solv}{x=0.495000}|CNc1ccccc1{solv}{x=0.505000}>,CCC(C)=O,CNc1ccccc1,openff-2.0.0,2,0.9002210627985558,0.0002199761289086,0.9066940000000002,0.000164
18732,1407,dhmix_1637459312398636454,252,EnthalpyOfMixing,<Substance CCC(C)=O{solv}{x=0.228300}|CNc1ccccc1{solv}{x=0.771700}>,CCC(C)=O,CNc1ccccc1,openff-2.0.0,2,-0.2526754775500848,0.0417074523238224,-0.54,0.006
18733,1408,dhmix_1933605864237207151,253,EnthalpyOfMixing,<Substance CCC(C)=O{solv}{x=0.705500}|CNc1ccccc1{solv}{x=0.294500}>,CCC(C)=O,CNc1ccccc1,openff-2.0.0,2,-0.5239250238127795,0.0340026462510944,-0.672,0.0075
18734,1409,dens_2039660657679820411,254,Density,<Substance CCC(C)=O{solv}{x=0.258900}|CNc1ccccc1{solv}{x=0.741100}>,CCC(C)=O,CNc1ccccc1,openff-2.0.0,2,0.949061301799002,0.000208466096867,0.9456330000000004,0.000259
18735,1410,dhmix_112832411362526364,255,EnthalpyOfMixing,<Substance C=CCCCC{solv}{x=0.250000}|CCCCO{solv}{x=0.750000}>,C=CCCCC,CCCCO,openff-2.0.0,2,0.461750113859523,0.0450558262042994,0.2829,0.00333
18736,1411,dhmix_385937725855980509,256,EnthalpyOfMixing,<Substance C=CCCCC{solv}{x=0.749900}|CCCCO{solv}{x=0.250100}>,C=CCCCC,CCCCO,openff-2.0.0,2,0.926856955843988,0.04567989335453,0.63978,0.00696
18737,1412,dens_417191245012747241,257,Density,<Substance C=CCCCC{solv}{x=0.501800}|CCCCO{solv}{x=0.498200}>,C=CCCCC,CCCCO,openff-2.0.0,2,0.7179422303674754,0.0001695968549219,0.7340000000000002,0.00035
18738,1413,dens_1053849773924337242,258,Density,<Substance C=CCCCC{solv}{x=0.100100}|CCCCO{solv}{x=0.899900}>,C=CCCCC,CCCCO,openff-2.0.0,2,0.7874914308201527,0.0002047498410899,0.7924000000000002,0.00035
18739,1414,dhmix_1436053809694490847,259,EnthalpyOfMixing,<Substance C=CCCCC{solv}{x=0.500300}|CCCCO{solv}{x=0.499700}>,C=CCCCC,CCCCO,openff-2.0.0,2,0.7686610705955275,0.0441592053853202,0.56098,0.00616
18740,1415,dens_1967827958045932694,260,Density,<Substance C=CCCCC{solv}{x=0.900000}|CCCCO{solv}{x=0.100000}>,C=CCCCC,CCCCO,openff-2.0.0,2,0.6631215922573217,0.0002341517425858,0.6818000000000001,0.00035
18741,1416,dhmix_113202719214912577,261,EnthalpyOfMixing,<Substance CCN(CC)CCO{solv}{x=0.700300}|O{solv}{x=0.299700}>,CCN(CC)CCO,O,openff-2.0.0,2,-0.3938394326094681,0.0432053771379776,-1.75,0.019
18742,1417,dhmix_450200897960931857,262,EnthalpyOfMixing,<Substance CCN(CC)CCO{solv}{x=0.500200}|O{solv}{x=0.499800}>,CCN(CC)CCO,O,openff-2.0.0,2,-0.3178518560175831,0.0387929007672085,-2.504,0.027
18743,1418,dens_727880187774296815,263,Density,<Substance CCN(CC)CCO{solv}{x=0.799700}|O{solv}{x=0.200300}>,CCN(CC)CCO,O,openff-2.0.0,2,0.8717746146135688,0.0002185011948012,0.8996000000000003,0.005
18744,1419,dens_943193748522476096,264,Density,<Substance CCN(CC)CCO{solv}{x=0.499700}|O{solv}{x=0.500300}>,CCN(CC)CCO,O,openff-2.0.0,2,0.88428917437172,0.0002358579022384,0.9222000000000002,0.005
18745,1420,dhmix_1628408668678458098,265,EnthalpyOfMixing,<Substance CCN(CC)CCO{solv}{x=0.200800}|O{solv}{x=0.799200}>,CCN(CC)CCO,O,openff-2.0.0,2,-0.1764126294578076,0.0276806530407245,-2.185,0.0235
18746,1421,dens_1679974305630699360,266,Density,<Substance CCN(CC)CCO{solv}{x=0.193290}|O{solv}{x=0.806710}>,CCN(CC)CCO,O,openff-2.0.0,2,0.9087667570705688,0.000386926289182,0.9615690000000002,0.000144
18747,1422,dens_114257363738318755,267,Density,<Substance C1CCCCC1{solv}{x=0.754300}|CCCCCC{solv}{x=0.245700}>,C1CCCCC1,CCCCCC,openff-2.0.0,2,0.7251859743229309,0.0001561513854375,0.7392000000000002,0.00065
18748,1423,dens_528453314861364780,268,Density,<Substance C1CCCCC1{solv}{x=0.234300}|CCCCCC{solv}{x=0.765700}>,C1CCCCC1,CCCCCC,openff-2.0.0,2,0.6656499898381476,0.000245595259609,0.6838300000000002,0.001655
18749,1424,dens_547437695672624422,269,Density,<Substance C1CCCCC1{solv}{x=0.479300}|CCCCCC{solv}{x=0.520700}>,C1CCCCC1,CCCCCC,openff-2.0.0,2,0.6917887025487844,0.0002489745754241,0.7105500000000001,0.001555
18750,1425,dhmix_728030976573858762,270,EnthalpyOfMixing,<Substance C1CCCCC1{solv}{x=0.483200}|CCCCCC{solv}{x=0.516800}>,C1CCCCC1,CCCCCC,openff-2.0.0,2,0.4332458610944343,0.0431314871084378,0.2144,0.00155
18751,1426,dhmix_1406519609852245638,271,EnthalpyOfMixing,<Substance C1CCCCC1{solv}{x=0.219000}|CCCCCC{solv}{x=0.781000}>,C1CCCCC1,CCCCCC,openff-2.0.0,2,0.2429578027435184,0.045706196338,0.1264,0.00105
18752,1427,dhmix_1819992223413741006,272,EnthalpyOfMixing,<Substance C1CCCCC1{solv}{x=0.725500}|CCCCCC{solv}{x=0.274500}>,C1CCCCC1,CCCCCC,openff-2.0.0,2,0.3552316663538875,0.0420177985483029,0.199,0.00145
18753,1428,dhmix_114464856611254095,273,EnthalpyOfMixing,<Substance COc1ccccc1{solv}{x=0.739800}|OCc1ccccc1{solv}{x=0.260200}>,COc1ccccc1,OCc1ccccc1,openff-2.0.0,2,0.8208649687717866,0.0501043312277114,1.0539,0.0113
18754,1429,dens_844721400884986444,274,Density,<Substance COc1ccccc1{solv}{x=0.288300}|OCc1ccccc1{solv}{x=0.711700}>,COc1ccccc1,OCc1ccccc1,openff-2.0.0,2,1.014366774882071,0.0002068808974335,1.0180000000000002,0.000135
18755,1430,dens_1208569209782779179,275,Density,<Substance COc1ccccc1{solv}{x=0.491100}|OCc1ccccc1{solv}{x=0.508900}>,COc1ccccc1,OCc1ccccc1,openff-2.0.0,2,1.0020695252905745,0.0002080150912417,1.0069400000000004,0.000165
18756,1431,dhmix_1342325728364187329,276,EnthalpyOfMixing,<Substance COc1ccccc1{solv}{x=0.240100}|OCc1ccccc1{solv}{x=0.759900}>,COc1ccccc1,OCc1ccccc1,openff-2.0.0,2,0.4795852149325981,0.0442870576252437,0.6199,0.0067
18757,1432,dhmix_1596550872819493971,277,EnthalpyOfMixing,<Substance COc1ccccc1{solv}{x=0.486600}|OCc1ccccc1{solv}{x=0.513400}>,COc1ccccc1,OCc1ccccc1,openff-2.0.0,2,0.8785423423417171,0.0444426085102583,0.9688,0.0104
18758,1433,dens_1833270112854727934,278,Density,<Substance COc1ccccc1{solv}{x=0.774500}|OCc1ccccc1{solv}{x=0.225500}>,COc1ccccc1,OCc1ccccc1,openff-2.0.0,2,0.9856182660560946,0.000175680513382,0.9915900000000004,0.000215
18759,1434,dens_114725786693793907,279,Density,<Substance CC(=O)O{solv}{x=0.703100}|CCO{solv}{x=0.296900}>,CC(=O)O,CCO,openff-2.0.0,2,0.9915095123734976,0.0003488133522286,0.97355,0.00021
18760,1435,dens_883421079927261907,280,Density,<Substance CC(=O)O{solv}{x=0.496100}|CCO{solv}{x=0.503900}>,CC(=O)O,CCO,openff-2.0.0,2,0.9316985866844578,0.0003290046050672,0.9199600000000002,0.0002
18761,1436,dens_1042567278853913615,281,Density,<Substance CC(=O)O{solv}{x=0.297100}|CCO{solv}{x=0.702900}>,CC(=O)O,CCO,openff-2.0.0,2,0.8745048319117634,0.0003466201357897,0.8668600000000002,0.000195
18762,1437,dhmix_129373600931207498,282,EnthalpyOfMixing,<Substance NCCNCCN{solv}{x=0.702000}|O{solv}{x=0.298000}>,NCCNCCN,O,openff-2.0.0,2,-1.5541993040380646,1.2576199743960814e-05,-3.393,0.036
18763,1438,dhmix_313570094367316478,283,EnthalpyOfMixing,<Substance NCCNCCN{solv}{x=0.241600}|O{solv}{x=0.758400}>,NCCNCCN,O,openff-2.0.0,2,-3.829492500589815,1.2779389656787214e-05,-6.523,0.0695
18764,1439,dens_548243159356184104,284,Density,<Substance NCCNCCN{solv}{x=0.244900}|O{solv}{x=0.755100}>,NCCNCCN,O,openff-2.0.0,2,1.0637857641178887,1e-05,1.0275000000000003,0.0005
18765,1440,dens_913992897582667960,285,Density,<Substance NCCNCCN{solv}{x=0.497400}|O{solv}{x=0.502600}>,NCCNCCN,O,openff-2.0.0,2,1.0699232091574666,1e-05,0.9928000000000002,0.0005
18766,1441,dhmix_1565087976771168604,286,EnthalpyOfMixing,<Substance NCCNCCN{solv}{x=0.501000}|O{solv}{x=0.499000}>,NCCNCCN,O,openff-2.0.0,2,-3.5951474597773085,1.224745687887898e-05,-5.417,0.0575
18767,1442,dens_1812124220217686569,287,Density,<Substance NCCNCCN{solv}{x=0.698800}|O{solv}{x=0.301200}>,NCCNCCN,O,openff-2.0.0,2,1.0641530865100688,1e-05,0.9718000000000002,0.0005
18768,1443,dhmix_135176730945124637,288,EnthalpyOfMixing,<Substance CCCCNCCCC{solv}{x=0.751800}|CN(C)C=O{solv}{x=0.248200}>,CCCCNCCCC,CN(C)C=O,openff-2.0.0,2,0.4553712647113457,0.0575350739874866,0.782,0.025
18769,1444,dens_586298674852090193,289,Density,<Substance CCCCNCCCC{solv}{x=0.726600}|CN(C)C=O{solv}{x=0.273400}>,CCCCNCCCC,CN(C)C=O,openff-2.0.0,2,0.782500692543858,0.0001817102250272,0.7828350000000002,0.0009465
18770,1445,dens_711718403070096827,290,Density,<Substance CCCCNCCCC{solv}{x=0.263900}|CN(C)C=O{solv}{x=0.736100}>,CCCCNCCCC,CN(C)C=O,openff-2.0.0,2,0.8536836616494022,0.0002219575923583,0.8609240000000001,0.001053
18771,1446,dhmix_1537913365058000269,291,EnthalpyOfMixing,<Substance CCCCNCCCC{solv}{x=0.249400}|CN(C)C=O{solv}{x=0.750600}>,CCCCNCCCC,CN(C)C=O,openff-2.0.0,2,0.5326165983327797,0.0422987872477522,0.921,0.029
18772,1447,dhmix_1965420976556284821,292,EnthalpyOfMixing,<Substance CCCCNCCCC{solv}{x=0.501800}|CN(C)C=O{solv}{x=0.498200}>,CCCCNCCCC,CN(C)C=O,openff-2.0.0,2,0.6556526130403313,0.0503152792325341,1.113,0.0335
18773,1448,dens_2298192241038151497,293,Density,<Substance CCCCNCCCC{solv}{x=0.492800}|CN(C)C=O{solv}{x=0.507200}>,CCCCNCCCC,CN(C)C=O,openff-2.0.0,2,0.8124698421299004,0.0002113792628325,0.8153440000000003,0.0009895
18774,1449,dens_145031449158698048,294,Density,<Substance CN(C)C=O{solv}{x=0.498800}|ClCCCl{solv}{x=0.501200}>,CN(C)C=O,ClCCCl,openff-2.0.0,2,1.082156920306955,0.0003470935062941,1.0957000000000003,0.00305
18775,1450,dens_511894799968528211,295,Density,<Substance CN(C)C=O{solv}{x=0.197800}|ClCCCl{solv}{x=0.802200}>,CN(C)C=O,ClCCCl,openff-2.0.0,2,1.168271919710502,0.0003906209834994,1.1862000000000004,0.003
18776,1451,dhmix_693792312882226719,296,EnthalpyOfMixing,<Substance CN(C)C=O{solv}{x=0.498000}|ClCCCl{solv}{x=0.502000}>,CN(C)C=O,ClCCCl,openff-2.0.0,2,-0.0341597369763206,0.0319696651554511,-0.663,0.0035
18777,1452,dhmix_1364024895663592301,297,EnthalpyOfMixing,<Substance CN(C)C=O{solv}{x=0.299000}|ClCCCl{solv}{x=0.701000}>,CN(C)C=O,ClCCCl,openff-2.0.0,2,-0.0610808100443733,0.0336025872922349,-0.575,0.0035
18778,1453,dens_1874616475661316520,298,Density,<Substance CN(C)C=O{solv}{x=0.705400}|ClCCCl{solv}{x=0.294600}>,CN(C)C=O,ClCCCl,openff-2.0.0,2,1.0186784440686976,0.0002922032128085,1.0336,0.003
18779,1454,dhmix_1965344541223753593,299,EnthalpyOfMixing,<Substance CN(C)C=O{solv}{x=0.702000}|ClCCCl{solv}{x=0.298000}>,CN(C)C=O,ClCCCl,openff-2.0.0,2,-0.0484579290186815,0.0384035663645844,-0.531,0.003
18780,1455,dens_145117083439077204,300,Density,<Substance CN1CCCC1=O{solv}{x=0.700300}|ClCCCCCl{solv}{x=0.299700}>,CN1CCCC1=O,ClCCCCCl,openff-2.0.0,2,1.0478020417069012,0.0002268931331331,1.0627000000000002,0.0005
18781,1456,dens_872271192908107773,301,Density,<Substance CN1CCCC1=O{solv}{x=0.203400}|ClCCCCCl{solv}{x=0.796600}>,CN1CCCC1=O,ClCCCCCl,openff-2.0.0,2,1.105992688948206,0.0002534520867028,1.1142000000000003,0.00125
18782,1457,dhmix_958757583081250655,302,EnthalpyOfMixing,<Substance CN1CCCC1=O{solv}{x=0.703000}|ClCCCCCl{solv}{x=0.297000}>,CN1CCCC1=O,ClCCCCCl,openff-2.0.0,2,0.0005141208224301,0.0404899627947059,-0.583,0.0035
18783,1458,dens_1187888029800539390,303,Density,<Substance CN1CCCC1=O{solv}{x=0.502500}|ClCCCCCl{solv}{x=0.497500}>,CN1CCCC1=O,ClCCCCCl,openff-2.0.0,2,1.0735973468044544,0.0002636923100135,1.0840000000000003,0.00075
18784,1459,dhmix_1448185356234442909,304,EnthalpyOfMixing,<Substance CN1CCCC1=O{solv}{x=0.210000}|ClCCCCCl{solv}{x=0.790000}>,CN1CCCC1=O,ClCCCCCl,openff-2.0.0,2,-0.0192733959879518,0.0342635182455148,-0.406,0.003
18785,1460,dhmix_1623586299486793214,305,EnthalpyOfMixing,<Substance CN1CCCC1=O{solv}{x=0.505000}|ClCCCCCl{solv}{x=0.495000}>,CN1CCCC1=O,ClCCCCCl,openff-2.0.0,2,-0.0014101636664207,0.0381505311380663,-0.678,0.0035
18786,1461,dens_151421667269785380,306,Density,<Substance OCCOCCO{solv}{x=0.228500}|OCc1ccccc1{solv}{x=0.771500}>,OCCOCCO,OCc1ccccc1,openff-2.0.0,2,1.0519613992167125,0.0002092394622726,1.0497600000000002,0.000265
18787,1462,dens_207017358130726789,307,Density,<Substance OCCOCCO{solv}{x=0.531200}|OCc1ccccc1{solv}{x=0.468800}>,OCCOCCO,OCc1ccccc1,openff-2.0.0,2,1.075431120990434,0.0002225527218824,1.07136,0.00027
18788,1463,dhmix_638869206909151198,308,EnthalpyOfMixing,<Substance OCCOCCO{solv}{x=0.765800}|OCc1ccccc1{solv}{x=0.234200}>,OCCOCCO,OCc1ccccc1,openff-2.0.0,2,-0.2811965193150456,0.0521450307177514,-0.3712,0.0073
18789,1464,dhmix_884415658126351430,309,EnthalpyOfMixing,<Substance OCCOCCO{solv}{x=0.266500}|OCc1ccccc1{solv}{x=0.733500}>,OCCOCCO,OCc1ccccc1,openff-2.0.0,2,-0.4106270320721989,0.0443934807954291,-0.4216,0.0081
18790,1465,dhmix_925385148369690502,310,EnthalpyOfMixing,<Substance OCCOCCO{solv}{x=0.521600}|OCc1ccccc1{solv}{x=0.478400}>,OCCOCCO,OCc1ccccc1,openff-2.0.0,2,-0.372351592220042,0.0517916159004116,-0.4574,0.00865
18791,1466,dens_1617133138157859384,311,Density,<Substance OCCOCCO{solv}{x=0.727700}|OCc1ccccc1{solv}{x=0.272300}>,OCCOCCO,OCc1ccccc1,openff-2.0.0,2,1.091735660748283,0.0002334595695855,1.0857000000000003,0.000275
18792,1467,dens_155791527624482863,312,Density,<Substance CC(C)CO{solv}{x=0.279300}|CCCCBr{solv}{x=0.720700}>,CC(C)CO,CCCCBr,openff-2.0.0,2,1.1086923229902534,0.0003913993965754,1.1339800000000002,0.000305
18793,1468,dhmix_549211977118470640,313,EnthalpyOfMixing,<Substance CC(C)CO{solv}{x=0.293800}|CCCCBr{solv}{x=0.706200}>,CC(C)CO,CCCCBr,openff-2.0.0,2,1.0925947181864617,0.0428585403713738,1.248,0.0135
18794,1469,dens_692500675577783691,314,Density,<Substance CC(C)CO{solv}{x=0.793700}|CCCCBr{solv}{x=0.206300}>,CC(C)CO,CCCCBr,openff-2.0.0,2,0.8997160761929122,0.0002212762961865,0.8962800000000002,0.00021
18795,1470,dens_841415441417626311,315,Density,<Substance CC(C)CO{solv}{x=0.498900}|CCCCBr{solv}{x=0.501100}>,CC(C)CO,CCCCBr,openff-2.0.0,2,1.024473540863658,0.0003739857847883,1.0366800000000005,0.000225
18796,1471,dhmix_1400807466047438160,316,EnthalpyOfMixing,<Substance CC(C)CO{solv}{x=0.499000}|CCCCBr{solv}{x=0.501000}>,CC(C)CO,CCCCBr,openff-2.0.0,2,1.1396108049268037,0.0355164501982271,1.207,0.013
18797,1472,dhmix_1959880980464917582,317,EnthalpyOfMixing,<Substance CC(C)CO{solv}{x=0.702100}|CCCCBr{solv}{x=0.297900}>,CC(C)CO,CCCCBr,openff-2.0.0,2,0.7686981474845709,0.0432285038604803,0.891,0.0095
18798,1473,dhmix_155924436295918663,318,EnthalpyOfMixing,<Substance OCCCO{solv}{x=0.501300}|O{solv}{x=0.498700}>,O,OCCCO,openff-2.0.0,2,0.3619839485475671,0.0272253248756679,-0.992,0.0125
18799,1474,dens_867859901093068556,319,Density,<Substance OCCCO{solv}{x=0.743700}|O{solv}{x=0.256300}>,O,OCCCO,openff-2.0.0,2,1.0552915863237806,1e-05,1.0503800000000003,0.00023
18800,1475,dhmix_2191722776959064631,320,EnthalpyOfMixing,<Substance OCCCO{solv}{x=0.743000}|O{solv}{x=0.257000}>,O,OCCCO,openff-2.0.0,2,0.3069599347738574,0.0393953906672841,-0.633,0.008
18801,1476,dhmix_2210594516320705991,321,EnthalpyOfMixing,<Substance OCCCO{solv}{x=0.208700}|O{solv}{x=0.791300}>,O,OCCCO,openff-2.0.0,2,0.4414908032786613,0.0278106695349917,-0.924,0.012
18802,1477,dens_2211391404402371237,322,Density,<Substance OCCCO{solv}{x=0.244700}|O{solv}{x=0.755300}>,O,OCCCO,openff-2.0.0,2,1.025739926902049,1e-05,1.0381600000000004,0.00019
18803,1478,dens_2211609476735134421,323,Density,<Substance OCCCO{solv}{x=0.500000}|O{solv}{x=0.500000}>,O,OCCCO,openff-2.0.0,2,1.045210728906163,1e-05,1.0492100000000002,0.000215
18804,1479,dhmix_156929898609376763,324,EnthalpyOfMixing,<Substance CN(C)CCCO{solv}{x=0.800100}|O{solv}{x=0.199900}>,CN(C)CCCO,O,openff-2.0.0,2,-0.8658420424501969,0.0462902752129305,-1.26,0.0135
18805,1480,dhmix_786210276753247951,325,EnthalpyOfMixing,<Substance CN(C)CCCO{solv}{x=0.199800}|O{solv}{x=0.800200}>,CN(C)CCCO,O,openff-2.0.0,2,-0.6687448558224665,0.0295223052494565,-2.514,0.027
18806,1481,dens_971674883336993154,326,Density,<Substance CN(C)CCCO{solv}{x=0.289504}|O{solv}{x=0.710496}>,CN(C)CCCO,O,openff-2.0.0,2,0.9319300192775036,0.0003059420015472,0.9443,0.00285
18807,1482,dhmix_1330584538745399524,327,EnthalpyOfMixing,<Substance CN(C)CCCO{solv}{x=0.501900}|O{solv}{x=0.498100}>,CN(C)CCCO,O,openff-2.0.0,2,-1.3024497734936773,0.0348835726249258,-2.706,0.029
18808,1483,dens_1781759734173902013,328,Density,<Substance CN(C)CCCO{solv}{x=0.501300}|O{solv}{x=0.498700}>,CN(C)CCCO,O,openff-2.0.0,2,0.9181590750933668,0.0002715748010487,0.9170700000000004,8.000000000000002e-05
18809,1484,dens_2299157616447228221,329,Density,<Substance CN(C)CCCO{solv}{x=0.800600}|O{solv}{x=0.199400}>,CN(C)CCCO,O,openff-2.0.0,2,0.905900365444913,0.0003125718538505,0.8915100000000002,9.500000000000002e-05
18810,1485,dhmix_157983773008192768,330,EnthalpyOfMixing,<Substance BrCCCBr{solv}{x=0.743200}|CCCCOC(=O)CCC{solv}{x=0.256800}>,BrCCCBr,CCCCOC(=O)CCC,openff-2.0.0,2,-0.4449385097702958,1.2720448105314533e-05,0.032,0.0005
18811,1486,dens_720277045338028885,331,Density,<Substance BrCCCBr{solv}{x=0.748700}|CCCCOC(=O)CCC{solv}{x=0.251300}>,BrCCCBr,CCCCOC(=O)CCC,openff-2.0.0,2,1.547532375046681,1e-05,1.5786600000000004,0.00038
18812,1487,dens_933248802608751708,332,Density,<Substance BrCCCBr{solv}{x=0.529700}|CCCCOC(=O)CCC{solv}{x=0.470300}>,BrCCCBr,CCCCOC(=O)CCC,openff-2.0.0,2,1.3005575971909489,1e-05,1.3159400000000003,0.000255
18813,1488,dens_1048925802213854204,333,Density,<Substance BrCCCBr{solv}{x=0.259100}|CCCCOC(=O)CCC{solv}{x=0.740900}>,BrCCCBr,CCCCOC(=O)CCC,openff-2.0.0,2,1.0546872268199996,1e-05,1.0598600000000002,0.000145
18814,1489,dhmix_1090642624443832057,334,EnthalpyOfMixing,<Substance BrCCCBr{solv}{x=0.241200}|CCCCOC(=O)CCC{solv}{x=0.758800}>,BrCCCBr,CCCCOC(=O)CCC,openff-2.0.0,2,-0.355174978205639,1.2783434593253882e-05,-0.094,0.001
18815,1490,dhmix_1649688325270115073,335,EnthalpyOfMixing,<Substance BrCCCBr{solv}{x=0.466700}|CCCCOC(=O)CCC{solv}{x=0.533300}>,BrCCCBr,CCCCOC(=O)CCC,openff-2.0.0,2,-0.5737429246853196,1.2256337136355218e-05,-0.091,0.001
18816,1491,dhmix_158101159957898775,336,EnthalpyOfMixing,<Substance CCCCCl{solv}{x=0.490000}|CN1CCCC1=O{solv}{x=0.510000}>,CCCCCl,CN1CCCC1=O,openff-2.0.0,2,0.764028169559424,0.0393543965719302,0.152,0.002
18817,1492,dhmix_586880142396707079,337,EnthalpyOfMixing,<Substance CCCCCl{solv}{x=0.294000}|CN1CCCC1=O{solv}{x=0.706000}>,CCCCCl,CN1CCCC1=O,openff-2.0.0,2,0.6057116003634064,0.0433759742340769,0.145,0.002
18818,1493,dens_897975104490051322,338,Density,<Substance CCCCCl{solv}{x=0.296100}|CN1CCCC1=O{solv}{x=0.703900}>,CCCCCl,CN1CCCC1=O,openff-2.0.0,2,0.9695208145481397,0.0002591861174604,0.9862000000000004,0.0001
18819,1494,dens_1393365907116297965,339,Density,<Substance CCCCCl{solv}{x=0.702600}|CN1CCCC1=O{solv}{x=0.297400}>,CCCCCl,CN1CCCC1=O,openff-2.0.0,2,0.9112210467410984,0.0002753723908404,0.9268000000000002,0.0001
18820,1495,dhmix_1769887717174104485,340,EnthalpyOfMixing,<Substance CCCCCl{solv}{x=0.787000}|CN1CCCC1=O{solv}{x=0.213000}>,CCCCCl,CN1CCCC1=O,openff-2.0.0,2,0.5497757505694381,0.0333993141641099,0.081,0.002
18821,1496,dens_2070183543451797213,341,Density,<Substance CCCCCl{solv}{x=0.494800}|CN1CCCC1=O{solv}{x=0.505200}>,CCCCCl,CN1CCCC1=O,openff-2.0.0,2,0.9422599905334312,0.0002502139835061,0.9575000000000002,0.0001
18822,1497,dens_164369774990422412,342,Density,<Substance CC(C)O{solv}{x=0.764900}|CCOC=O{solv}{x=0.235100}>,CC(C)O,CCOC=O,openff-2.0.0,2,0.8374582063161581,1e-05,0.8088000000000002,0.00035
18823,1498,dens_200561035496770448,343,Density,<Substance CC(C)O{solv}{x=0.265100}|CCOC=O{solv}{x=0.734900}>,CC(C)O,CCOC=O,openff-2.0.0,2,0.9186264769635476,1e-05,0.8710000000000002,0.0003
18824,1499,dens_1124622586228643363,344,Density,<Substance CC(C)O{solv}{x=0.441300}|CCOC=O{solv}{x=0.558700}>,CC(C)O,CCOC=O,openff-2.0.0,2,0.8887135152036832,1e-05,0.8482000000000003,0.00035
18825,1500,dens_166030075147825025,345,Density,<Substance Clc1ccccc1{solv}{x=0.467900}|c1ccccc1{solv}{x=0.532100}>,Clc1ccccc1,c1ccccc1,openff-2.0.0,2,0.9866118781946251,0.000283291817257,0.9877000000000002,0.00025
18826,1501,dens_796537469137871297,346,Density,<Substance Clc1ccccc1{solv}{x=0.735800}|c1ccccc1{solv}{x=0.264200}>,Clc1ccccc1,c1ccccc1,openff-2.0.0,2,1.0497857896245943,0.0002721385977564,1.0465000000000002,0.0002
18827,1502,dhmix_1485547099225054006,347,EnthalpyOfMixing,<Substance Clc1ccccc1{solv}{x=0.777700}|c1ccccc1{solv}{x=0.222300}>,Clc1ccccc1,c1ccccc1,openff-2.0.0,2,0.0280481476707308,0.0379026173266558,-0.0036,0.0004
18828,1503,dhmix_1808283008183194060,348,EnthalpyOfMixing,<Substance Clc1ccccc1{solv}{x=0.225800}|c1ccccc1{solv}{x=0.774200}>,Clc1ccccc1,c1ccccc1,openff-2.0.0,2,-0.1017501611014637,0.0370875600613277,-0.0046,0.0004
18829,1504,dhmix_2008892820486470381,349,EnthalpyOfMixing,<Substance Clc1ccccc1{solv}{x=0.466600}|c1ccccc1{solv}{x=0.533400}>,Clc1ccccc1,c1ccccc1,openff-2.0.0,2,-0.0956652983231407,0.037555520531139,-0.0057,0.0004
18830,1505,dens_2142546524113318099,350,Density,<Substance Clc1ccccc1{solv}{x=0.293100}|c1ccccc1{solv}{x=0.706900}>,Clc1ccccc1,c1ccccc1,openff-2.0.0,2,0.9428041775916808,0.0002817724962294,0.9468000000000002,0.00025
18831,1506,dhmix_166527628917371560,351,EnthalpyOfMixing,<Substance CCCCCC(C)=O{solv}{x=0.500700}|CCCNCCC{solv}{x=0.499300}>,CCCCCC(C)=O,CCCNCCC,openff-2.0.0,2,-0.0591600665968883,0.0516840369362243,0.162,0.002
18832,1507,dhmix_181797488552739205,352,EnthalpyOfMixing,<Substance CCCCCC(C)=O{solv}{x=0.213200}|CCCNCCC{solv}{x=0.786800}>,CCCCCC(C)=O,CCCNCCC,openff-2.0.0,2,-0.0130885373378646,0.047394246208472,0.137,0.0015
18833,1508,dens_286521458049436805,353,Density,<Substance CCCCCC(C)=O{solv}{x=0.542700}|CCCNCCC{solv}{x=0.457300}>,CCCCCC(C)=O,CCCNCCC,openff-2.0.0,2,0.7713162780956024,0.0001932853815372,0.7766620000000002,0.0001215
18834,1509,dens_740930494074770103,354,Density,<Substance CCCCCC(C)=O{solv}{x=0.252600}|CCCNCCC{solv}{x=0.747400}>,CCCCCC(C)=O,CCCNCCC,openff-2.0.0,2,0.7523983198907612,0.0002184284750874,0.7540050000000001,0.0001215
18835,1510,dhmix_1180133264815330249,355,EnthalpyOfMixing,<Substance CCCCCC(C)=O{solv}{x=0.788000}|CCCNCCC{solv}{x=0.212000}>,CCCCCC(C)=O,CCCNCCC,openff-2.0.0,2,-0.0479425542183662,0.0529980463883543,0.088,0.001
18836,1511,dens_1237727796782189302,356,Density,<Substance CCCCCC(C)=O{solv}{x=0.741800}|CCCNCCC{solv}{x=0.258200}>,CCCCCC(C)=O,CCCNCCC,openff-2.0.0,2,0.7829471788358467,0.000189133671834,0.7918920000000003,0.00012
18837,1512,dens_168376639142843665,357,Density,<Substance BrCCBr{solv}{x=0.084500}|CCOC(=O)CC{solv}{x=0.915500}>,BrCCBr,CCOC(=O)CC,openff-2.0.0,2,0.9672278145426478,0.0002510613058178,0.9671200000000002,0.001185
18838,1513,dhmix_897092526028522426,358,EnthalpyOfMixing,<Substance BrCCBr{solv}{x=0.753700}|CCOC(=O)CC{solv}{x=0.246300}>,BrCCBr,CCOC(=O)CC,openff-2.0.0,2,-0.3790228707522942,0.0339460565306117,0.0052,0.0008
18839,1514,dhmix_1078383344298013541,359,EnthalpyOfMixing,<Substance BrCCBr{solv}{x=0.084100}|CCOC(=O)CC{solv}{x=0.915900}>,BrCCBr,CCOC(=O)CC,openff-2.0.0,2,-0.1139561136602367,0.047047136609768,-0.0683,0.0014
18840,1515,dhmix_1103515663691342839,360,EnthalpyOfMixing,<Substance BrCCBr{solv}{x=0.514000}|CCOC(=O)CC{solv}{x=0.486000}>,BrCCBr,CCOC(=O)CC,openff-2.0.0,2,-0.4514552630800068,0.0345763672221248,-0.1259,0.00205
18841,1516,dens_1193015082780501702,361,Density,<Substance BrCCBr{solv}{x=0.484400}|CCOC(=O)CC{solv}{x=0.515600}>,BrCCBr,CCOC(=O)CC,openff-2.0.0,2,1.4023028294590008,0.0003132470093439,1.4136000000000002,0.001165
18842,1517,dens_1660732943693703463,362,Density,<Substance BrCCBr{solv}{x=0.714800}|CCOC(=O)CC{solv}{x=0.285200}>,BrCCBr,CCOC(=O)CC,openff-2.0.0,2,1.696342468031253,0.0005509629910183,1.7205300000000003,0.000985
18843,1518,dens_172622055198885625,363,Density,<Substance CCCCOCCO{solv}{x=0.499500}|c1ccccc1{solv}{x=0.500500}>,CCCCOCCO,c1ccccc1,openff-2.0.0,2,0.8807073828586149,0.0001962668234833,0.8864700000000002,0.000795
18844,1519,dens_615182082919776992,364,Density,<Substance CCCCOCCO{solv}{x=0.753500}|c1ccccc1{solv}{x=0.246500}>,CCCCOCCO,c1ccccc1,openff-2.0.0,2,0.8883599359629499,0.0001994534199204,0.8924600000000003,0.00077
18845,1520,dens_1014762781474427089,365,Density,<Substance CCCCOCCO{solv}{x=0.248800}|c1ccccc1{solv}{x=0.751200}>,CCCCOCCO,c1ccccc1,openff-2.0.0,2,0.8728362238945884,0.000267937145355,0.8790000000000002,0.00083
18846,1521,dhmix_1209838039340638454,366,EnthalpyOfMixing,<Substance CCCCOCCO{solv}{x=0.729700}|c1ccccc1{solv}{x=0.270300}>,CCCCOCCO,c1ccccc1,openff-2.0.0,2,0.2660332343872085,0.0474951665650081,0.3037,0.00335
18847,1522,dhmix_1416395432810708431,367,EnthalpyOfMixing,<Substance CCCCOCCO{solv}{x=0.266500}|c1ccccc1{solv}{x=0.733500}>,CCCCOCCO,c1ccccc1,openff-2.0.0,2,0.5730443610738689,0.0411984675746678,0.6895,0.00745
18848,1523,dhmix_1775479338186698605,368,EnthalpyOfMixing,<Substance CCCCOCCO{solv}{x=0.503000}|c1ccccc1{solv}{x=0.497000}>,CCCCOCCO,c1ccccc1,openff-2.0.0,2,0.4894381780238177,0.0491400160231136,0.5563,0.00605
18849,1524,dens_173950346939686352,369,Density,<Substance CCOC(=O)CC(=O)OCC{solv}{x=0.797800}|CO{solv}{x=0.202200}>,CCOC(=O)CC(=O)OCC,CO,openff-2.0.0,2,1.0454800966809878,0.0002335534911949,1.0336070000000002,0.0001155
18850,1525,dhmix_796570713446660029,370,EnthalpyOfMixing,<Substance CCOC(=O)CC(=O)OCC{solv}{x=0.745300}|CO{solv}{x=0.254700}>,CCOC(=O)CC(=O)OCC,CO,openff-2.0.0,2,0.8209000522328154,0.0511591058532027,1.184,0.013
18851,1526,dhmix_1053189657313504079,371,EnthalpyOfMixing,<Substance CCOC(=O)CC(=O)OCC{solv}{x=0.499300}|CO{solv}{x=0.500700}>,CCOC(=O)CC(=O)OCC,CO,openff-2.0.0,2,1.1610669569239604,0.0403213132686092,1.426,0.0155
18852,1527,dens_1109796780897697143,372,Density,<Substance CCOC(=O)CC(=O)OCC{solv}{x=0.500400}|CO{solv}{x=0.499600}>,CCOC(=O)CC(=O)OCC,CO,openff-2.0.0,2,1.0034478156133002,0.0001676915691534,0.9962350000000002,9.150000000000002e-05
18853,1528,dens_1145191816882985532,373,Density,<Substance CCOC(=O)CC(=O)OCC{solv}{x=0.250100}|CO{solv}{x=0.749900}>,CCOC(=O)CC(=O)OCC,CO,openff-2.0.0,2,0.9350905107113706,0.0003114993055217,0.9355040000000002,0.0001385
18854,1529,dhmix_1394433819711651760,374,EnthalpyOfMixing,<Substance CCOC(=O)CC(=O)OCC{solv}{x=0.251500}|CO{solv}{x=0.748500}>,CCOC(=O)CC(=O)OCC,CO,openff-2.0.0,2,0.9229895984051416,0.031570488869514,1.083,0.0115
18855,1530,dhmix_176700813960387714,375,EnthalpyOfMixing,<Substance CC(=O)N(C)C{solv}{x=0.211000}|ClCCCCCl{solv}{x=0.789000}>,CC(=O)N(C)C,ClCCCCCl,openff-2.0.0,2,-0.0493715699727772,0.0389564035766836,-0.188,0.0025
18856,1531,dhmix_422276068008732896,376,EnthalpyOfMixing,<Substance CC(=O)N(C)C{solv}{x=0.506000}|ClCCCCCl{solv}{x=0.494000}>,CC(=O)N(C)C,ClCCCCCl,openff-2.0.0,2,-0.0972096819750163,0.0397738372788246,-0.314,0.0025
18857,1532,dhmix_591740475541975327,377,EnthalpyOfMixing,<Substance CC(=O)N(C)C{solv}{x=0.705000}|ClCCCCCl{solv}{x=0.295000}>,CC(=O)N(C)C,ClCCCCCl,openff-2.0.0,2,-0.0224580104618823,0.0423106434155421,-0.281,0.0025
18858,1533,dens_600718364672681210,378,Density,<Substance CC(=O)N(C)C{solv}{x=0.200100}|ClCCCCCl{solv}{x=0.799900}>,CC(=O)N(C)C,ClCCCCCl,openff-2.0.0,2,1.0867850915793222,0.0003013886475676,1.0978,0.0023
18859,1534,dens_833309518494254389,379,Density,<Substance CC(=O)N(C)C{solv}{x=0.698700}|ClCCCCCl{solv}{x=0.301300}>,CC(=O)N(C)C,ClCCCCCl,openff-2.0.0,2,0.9788412707737426,0.0002615601084675,1.0011000000000003,0.0023
18860,1535,dens_1473570029953486090,380,Density,<Substance CC(=O)N(C)C{solv}{x=0.500900}|ClCCCCCl{solv}{x=0.499100}>,CC(=O)N(C)C,ClCCCCCl,openff-2.0.0,2,1.023357188104755,0.000287298520724,1.0407000000000004,0.00225
18861,1536,dens_176740025668330569,381,Density,<Substance C1CCCCC1{solv}{x=0.499400}|C1COCCO1{solv}{x=0.500600}>,C1CCCCC1,C1COCCO1,openff-2.0.0,2,0.87750591480835,0.0002299088903186,0.8769800000000002,8.500000000000002e-05
18862,1537,dens_476825312331327209,382,Density,<Substance C1CCCCC1{solv}{x=0.297200}|C1COCCO1{solv}{x=0.702800}>,C1CCCCC1,C1COCCO1,openff-2.0.0,2,0.937682432678243,0.0002291713273338,0.9312200000000004,7.000000000000002e-05
18863,1538,dens_985438980823024302,383,Density,<Substance C1CCCCC1{solv}{x=0.699700}|C1COCCO1{solv}{x=0.300300}>,C1CCCCC1,C1COCCO1,openff-2.0.0,2,0.8252254327018641,0.0002152533632672,0.8305800000000002,0.0001
18864,1539,dhmix_1624213860575299641,384,EnthalpyOfMixing,<Substance C1CCCCC1{solv}{x=0.492800}|C1COCCO1{solv}{x=0.507200}>,C1CCCCC1,C1COCCO1,openff-2.0.0,2,1.9670913644793584,0.0426860062727879,1.588,0.008
18865,1540,dhmix_1900199136965747019,385,EnthalpyOfMixing,<Substance C1CCCCC1{solv}{x=0.239400}|C1COCCO1{solv}{x=0.760600}>,C1CCCCC1,C1COCCO1,openff-2.0.0,2,1.369970109003333,0.0370021431000465,1.124,0.007
18866,1541,dhmix_2022274493214392184,386,EnthalpyOfMixing,<Substance C1CCCCC1{solv}{x=0.744200}|C1COCCO1{solv}{x=0.255800}>,C1CCCCC1,C1COCCO1,openff-2.0.0,2,1.5787639701340197,0.0460591563608763,1.262,0.007
18867,1542,dhmix_182795551078530810,387,EnthalpyOfMixing,<Substance C1COCCO1{solv}{x=0.491200}|Cc1ccccc1Cl{solv}{x=0.508800}>,C1COCCO1,Cc1ccccc1Cl,openff-2.0.0,2,0.4259782190347607,0.0395089438621559,0.356,0.002
18868,1543,dens_242592003865933955,388,Density,<Substance C1COCCO1{solv}{x=0.835700}|Cc1ccccc1Cl{solv}{x=0.164300}>,C1COCCO1,Cc1ccccc1Cl,openff-2.0.0,2,1.0380364056921838,0.0003060516023441,1.0256,0.0005
18869,1544,dens_810150133181620718,389,Density,<Substance C1COCCO1{solv}{x=0.513600}|Cc1ccccc1Cl{solv}{x=0.486400}>,C1COCCO1,Cc1ccccc1Cl,openff-2.0.0,2,1.0629717711644122,0.00023421778194,1.0536,0.0005
18870,1545,dhmix_1949119093643648586,390,EnthalpyOfMixing,<Substance C1COCCO1{solv}{x=0.246200}|Cc1ccccc1Cl{solv}{x=0.753800}>,C1COCCO1,Cc1ccccc1Cl,openff-2.0.0,2,0.1877706330317323,0.044371443360777,0.206,0.001
18871,1546,dens_2161584607380261748,391,Density,<Substance C1COCCO1{solv}{x=0.226300}|Cc1ccccc1Cl{solv}{x=0.773700}>,C1COCCO1,Cc1ccccc1Cl,openff-2.0.0,2,1.0719901504674034,0.0002747737979238,1.0674000000000003,0.0005
18872,1547,dhmix_2190589845176325501,392,EnthalpyOfMixing,<Substance C1COCCO1{solv}{x=0.835700}|Cc1ccccc1Cl{solv}{x=0.164300}>,C1COCCO1,Cc1ccccc1Cl,openff-2.0.0,2,0.2394710328104565,0.0426379536681656,0.244,0.0015
18873,1548,dens_194492664772262961,393,Density,<Substance CCCOC=O{solv}{x=0.479500}|ClCCCl{solv}{x=0.520500}>,CCCOC=O,ClCCCl,openff-2.0.0,2,1.0709562680216809,0.0003754627713003,1.0603100000000003,0.00196
18874,1549,dhmix_438833720470542962,394,EnthalpyOfMixing,<Substance CCCOC=O{solv}{x=0.738500}|ClCCCl{solv}{x=0.261500}>,CCCOC=O,ClCCCl,openff-2.0.0,2,0.4078017351372409,0.0428332172256695,-0.205,0.0025
18875,1550,dens_598528978367940263,395,Density,<Substance CCCOC=O{solv}{x=0.254300}|ClCCCl{solv}{x=0.745700}>,CCCOC=O,ClCCCl,openff-2.0.0,2,1.1392354743462187,0.0003579639123162,1.1418800000000005,0.002835
18876,1551,dens_822197650497048256,396,Density,<Substance CCCOC=O{solv}{x=0.728100}|ClCCCl{solv}{x=0.271900}>,CCCOC=O,ClCCCl,openff-2.0.0,2,1.0036184381693816,0.0002974945808366,0.9794600000000002,0.001275
18877,1552,dhmix_1971772628311560569,397,EnthalpyOfMixing,<Substance CCCOC=O{solv}{x=0.503500}|ClCCCl{solv}{x=0.496500}>,CCCOC=O,ClCCCl,openff-2.0.0,2,0.2966471054384811,0.037637771814834,-0.254,0.003
18878,1553,dhmix_2087301877194561078,398,EnthalpyOfMixing,<Substance CCCOC=O{solv}{x=0.273300}|ClCCCl{solv}{x=0.726700}>,CCCOC=O,ClCCCl,openff-2.0.0,2,0.3587940843144679,0.0345157620388621,-0.154,0.002
18879,1554,dens_196547737404430199,399,Density,<Substance CCC(C)(C)O{solv}{x=0.258400}|CCO{solv}{x=0.741600}>,CCC(C)(C)O,CCO,openff-2.0.0,2,0.8034014824938712,0.0003000082880652,0.7933000000000001,0.0005
18880,1555,dens_476512869308734578,400,Density,<Substance CCC(C)(C)O{solv}{x=0.549500}|CCO{solv}{x=0.450500}>,CCC(C)(C)O,CCO,openff-2.0.0,2,0.815276239316931,0.0002755924276479,0.8018000000000002,0.0005
18881,1556,dens_822446541953482206,401,Density,<Substance CCC(C)(C)O{solv}{x=0.676500}|CCO{solv}{x=0.323500}>,CCC(C)(C)O,CCO,openff-2.0.0,2,0.8179981720899526,0.0003375832112465,0.8048000000000002,0.0005
18882,1557,dhmix_935690434592096067,402,EnthalpyOfMixing,<Substance CCC(C)(C)O{solv}{x=0.460700}|CCO{solv}{x=0.539300}>,CCC(C)(C)O,CCO,openff-2.0.0,2,-0.9938327528009764,0.0466771799246638,-0.95,0.00405
18883,1558,dhmix_1167190373485301023,403,EnthalpyOfMixing,<Substance CCC(C)(C)O{solv}{x=0.730600}|CCO{solv}{x=0.269400}>,CCC(C)(C)O,CCO,openff-2.0.0,2,-0.9037144219547316,0.0510515713994468,-0.7709,0.00335
18884,1559,dhmix_1275914601266938667,404,EnthalpyOfMixing,<Substance CCC(C)(C)O{solv}{x=0.280700}|CCO{solv}{x=0.719300}>,CCC(C)(C)O,CCO,openff-2.0.0,2,-0.7221010801296401,0.0349794079795098,-0.7056,0.0031
18885,1560,dens_196896428021674416,405,Density,<Substance OCCCCO{solv}{x=0.250400}|O{solv}{x=0.749600}>,O,OCCCCO,openff-2.0.0,2,1.010332856378529,1e-05,1.0206500000000005,0.000165
18886,1561,dhmix_204758826312645465,406,EnthalpyOfMixing,<Substance OCCCCO{solv}{x=0.498600}|O{solv}{x=0.501400}>,O,OCCCCO,openff-2.0.0,2,0.4388666416256583,0.0459042409374843,-0.882,0.011
18887,1562,dens_523660418548538159,407,Density,<Substance OCCCCO{solv}{x=0.502000}|O{solv}{x=0.498000}>,O,OCCCCO,openff-2.0.0,2,1.018663123288921,1e-05,1.0207100000000002,0.000175
18888,1563,dhmix_1424462945700338266,408,EnthalpyOfMixing,<Substance OCCCCO{solv}{x=0.794700}|O{solv}{x=0.205300}>,O,OCCCCO,openff-2.0.0,2,0.1408224275674712,0.0666796667981025,-0.513,0.007
18889,1564,dhmix_2166372532060643622,409,EnthalpyOfMixing,<Substance OCCCCO{solv}{x=0.265800}|O{solv}{x=0.734200}>,O,OCCCCO,openff-2.0.0,2,0.5681177310732025,0.0278542465973072,-0.896,0.0115
18890,1565,dens_2215793475715067258,410,Density,<Substance OCCCCO{solv}{x=0.752800}|O{solv}{x=0.247200}>,O,OCCCCO,openff-2.0.0,2,1.0226837375021265,1e-05,1.0165900000000003,0.00018
18891,1566,dhmix_199788824133179829,411,EnthalpyOfMixing,<Substance CNc1ccccc1{solv}{x=0.497300}|Cc1ccccc1{solv}{x=0.502700}>,CNc1ccccc1,Cc1ccccc1,openff-2.0.0,2,0.7940653257781776,0.0447128975583466,0.497,0.0055
18892,1567,dens_515118724178190757,412,Density,<Substance CNc1ccccc1{solv}{x=0.740700}|Cc1ccccc1{solv}{x=0.259300}>,CNc1ccccc1,Cc1ccccc1,openff-2.0.0,2,0.9601966047578928,0.000213168629681,0.9531280000000004,0.0002595
18893,1568,dens_730775902780400634,413,Density,<Substance CNc1ccccc1{solv}{x=0.245200}|Cc1ccccc1{solv}{x=0.754800}>,CNc1ccccc1,Cc1ccccc1,openff-2.0.0,2,0.8891120730488332,0.000244521543513,0.8935250000000002,0.000118
18894,1569,dhmix_1213795502778853356,414,EnthalpyOfMixing,<Substance CNc1ccccc1{solv}{x=0.295200}|Cc1ccccc1{solv}{x=0.704800}>,CNc1ccccc1,Cc1ccccc1,openff-2.0.0,2,0.8132972749256453,0.0409592668617979,0.459,0.005
18895,1570,dhmix_1321810550349826496,415,EnthalpyOfMixing,<Substance CNc1ccccc1{solv}{x=0.789200}|Cc1ccccc1{solv}{x=0.210800}>,CNc1ccccc1,Cc1ccccc1,openff-2.0.0,2,0.5346464900822667,0.0464556686741765,0.287,0.003
18896,1571,dens_2156484405108449314,416,Density,<Substance CNc1ccccc1{solv}{x=0.490000}|Cc1ccccc1{solv}{x=0.510000}>,CNc1ccccc1,Cc1ccccc1,openff-2.0.0,2,0.924539652658834,0.0002056158165393,0.9235800000000004,0.000164
18897,1572,dens_199829369486957606,417,Density,<Substance CC#N{solv}{x=0.200300}|c1ccccc1{solv}{x=0.799700}>,CC#N,c1ccccc1,openff-2.0.0,2,0.8546426177929461,0.0002729794995673,0.8623400000000002,7.000000000000002e-05
18898,1573,dhmix_217315956534335620,418,EnthalpyOfMixing,<Substance CC#N{solv}{x=0.771500}|c1ccccc1{solv}{x=0.228500}>,CC#N,c1ccccc1,openff-2.0.0,2,-0.0419007998345861,0.0291158425328476,0.3988,0.00815
18899,1574,dhmix_730497723685339496,419,EnthalpyOfMixing,<Substance CC#N{solv}{x=0.219600}|c1ccccc1{solv}{x=0.780400}>,CC#N,c1ccccc1,openff-2.0.0,2,-0.0287543884881245,0.0321567691952387,0.2399,0.00495
18900,1575,dhmix_1038591828122641798,420,EnthalpyOfMixing,<Substance CC#N{solv}{x=0.529500}|c1ccccc1{solv}{x=0.470500}>,CC#N,c1ccccc1,openff-2.0.0,2,0.0147929479058959,0.026235048373345,0.4415,0.00905
18901,1576,dens_1457706963514561052,421,Density,<Substance CC#N{solv}{x=0.500100}|c1ccccc1{solv}{x=0.499900}>,CC#N,c1ccccc1,openff-2.0.0,2,0.8328000335120862,0.0002655388284578,0.8384600000000002,7.500000000000002e-05
18902,1577,dens_2111393000623474162,422,Density,<Substance CC#N{solv}{x=0.700200}|c1ccccc1{solv}{x=0.299800}>,CC#N,c1ccccc1,openff-2.0.0,2,0.8126347742981241,0.0002889956514965,0.8174500000000002,7.500000000000002e-05
18903,1578,dens_201591193434833206,423,Density,<Substance CC(C)CC(C)(C)C{solv}{x=0.082400}|CCO{solv}{x=0.917600}>,CC(C)CC(C)(C)C,CCO,openff-2.0.0,2,0.7651339483848205,0.0003204455004122,0.7605800000000003,0.000125
18904,1579,dhmix_371477530823830451,424,EnthalpyOfMixing,<Substance CC(C)CC(C)(C)C{solv}{x=0.761700}|CCO{solv}{x=0.238300}>,CC(C)CC(C)(C)C,CCO,openff-2.0.0,2,0.7721812843750797,0.0506363798007239,0.634022,0.006851
18905,1580,dhmix_1127868571780691876,425,EnthalpyOfMixing,<Substance CC(C)CC(C)(C)C{solv}{x=0.515800}|CCO{solv}{x=0.484200}>,CC(C)CC(C)(C)C,CCO,openff-2.0.0,2,0.8953927989228987,0.0465496819840366,0.638973,0.006903
18906,1581,dens_1250915879314267304,426,Density,<Substance CC(C)CC(C)(C)C{solv}{x=0.493740}|CCO{solv}{x=0.506260}>,CC(C)CC(C)(C)C,CCO,openff-2.0.0,2,0.7271182150392026,0.000238478581072,0.7110500000000001,7.500000000000002e-05
18907,1582,dens_1473791133383705310,427,Density,<Substance CC(C)CC(C)(C)C{solv}{x=0.735960}|CCO{solv}{x=0.264040}>,CC(C)CC(C)(C)C,CCO,openff-2.0.0,2,0.716778636264982,0.0001445691767985,0.6967900000000001,7.500000000000002e-05
18908,1583,dhmix_1870637719976274804,428,EnthalpyOfMixing,<Substance CC(C)CC(C)(C)C{solv}{x=0.081500}|CCO{solv}{x=0.918500}>,CC(C)CC(C)(C)C,CCO,openff-2.0.0,2,0.2986775662525005,0.0383335595608883,0.197762,0.0022405
18909,1584,dens_202472488934755108,429,Density,<Substance CCC#N{solv}{x=0.301800}|CCOC(C)(C)C{solv}{x=0.698200}>,CCC#N,CCOC(C)(C)C,openff-2.0.0,2,0.7602786955692638,0.0002261730349094,0.7455000000000002,0.0002
18910,1585,dens_266175665931869051,430,Density,<Substance CCC#N{solv}{x=0.701400}|CCOC(C)(C)C{solv}{x=0.298600}>,CCC#N,CCOC(C)(C)C,openff-2.0.0,2,0.7711536868385095,0.000275891324635,0.7617000000000003,0.00035
18911,1586,dhmix_801664072836508009,431,EnthalpyOfMixing,<Substance CCC#N{solv}{x=0.301800}|CCOC(C)(C)C{solv}{x=0.698200}>,CCC#N,CCOC(C)(C)C,openff-2.0.0,2,0.172949781358966,0.0443791581109469,0.4557,0.0062
18912,1587,dhmix_1220778152018571786,432,EnthalpyOfMixing,<Substance CCC#N{solv}{x=0.501400}|CCOC(C)(C)C{solv}{x=0.498600}>,CCC#N,CCOC(C)(C)C,openff-2.0.0,2,0.2593307584891846,0.0302940163398051,0.5053,0.00685
18913,1588,dhmix_1838699488178562925,433,EnthalpyOfMixing,<Substance CCC#N{solv}{x=0.701400}|CCOC(C)(C)C{solv}{x=0.298600}>,CCC#N,CCOC(C)(C)C,openff-2.0.0,2,0.1985453201665876,0.0284079081336567,0.4078,0.0056
18914,1589,dens_1870081876609026392,434,Density,<Substance CCC#N{solv}{x=0.501400}|CCOC(C)(C)C{solv}{x=0.498600}>,CCC#N,CCOC(C)(C)C,openff-2.0.0,2,0.765689382611235,0.0002210581481506,0.7532000000000002,0.0003
18915,1590,dens_205210513551931414,435,Density,<Substance CCCC#N{solv}{x=0.200000}|c1ccccc1{solv}{x=0.800000}>,CCCC#N,c1ccccc1,openff-2.0.0,2,0.8496972723201203,0.0003018292014442,0.8576940000000002,5.400000000000001e-05
18916,1591,dens_841576887891022329,436,Density,<Substance CCCC#N{solv}{x=0.500000}|c1ccccc1{solv}{x=0.500000}>,CCCC#N,c1ccccc1,openff-2.0.0,2,0.8267777048154339,0.0002728709989801,0.8318550000000002,5.8000000000000014e-05
18917,1592,dhmix_901910638840590393,437,EnthalpyOfMixing,<Substance CCCC#N{solv}{x=0.503700}|c1ccccc1{solv}{x=0.496300}>,CCCC#N,c1ccccc1,openff-2.0.0,2,-0.108041084598156,0.0375401500665926,-0.0659,0.00145
18918,1593,dhmix_1123099162248680479,438,EnthalpyOfMixing,<Substance CCCC#N{solv}{x=0.752800}|c1ccccc1{solv}{x=0.247200}>,CCCC#N,c1ccccc1,openff-2.0.0,2,-0.0418005835314971,0.0418806189501021,-0.0312,0.0008
18919,1594,dhmix_1318990508180847616,439,EnthalpyOfMixing,<Substance CCCC#N{solv}{x=0.252800}|c1ccccc1{solv}{x=0.747200}>,CCCC#N,c1ccccc1,openff-2.0.0,2,-0.0874419668863737,0.035665399668704,-0.0571,0.00125
18920,1595,dens_1950627772023797339,440,Density,<Substance CCCC#N{solv}{x=0.700000}|c1ccccc1{solv}{x=0.300000}>,CCCC#N,c1ccccc1,openff-2.0.0,2,0.8110431599818341,0.0002429084167561,0.8138540000000002,6.100000000000001e-05
18921,1596,dhmix_207411229673186667,441,EnthalpyOfMixing,<Substance CC(C)(C)Cl{solv}{x=0.774700}|CC(C)OC(C)C{solv}{x=0.225300}>,CC(C)(C)Cl,CC(C)OC(C)C,openff-2.0.0,2,-0.0265475900601472,0.0380111989331327,0.0035,0.0004
18922,1597,dhmix_263164663491745943,442,EnthalpyOfMixing,<Substance CC(C)(C)Cl{solv}{x=0.551200}|CC(C)OC(C)C{solv}{x=0.448800}>,CC(C)(C)Cl,CC(C)OC(C)C,openff-2.0.0,2,-0.1652142726542393,0.0420267318618004,0.0071,0.0004
18923,1598,dens_1527979990628499053,443,Density,<Substance CC(C)(C)Cl{solv}{x=0.514800}|CC(C)OC(C)C{solv}{x=0.485200}>,CC(C)(C)Cl,CC(C)OC(C)C,openff-2.0.0,2,0.7977613408285481,0.0002438270558614,0.7723510000000002,0.00042
18924,1599,dens_1616242241384486673,444,Density,<Substance CC(C)(C)Cl{solv}{x=0.715200}|CC(C)OC(C)C{solv}{x=0.284800}>,CC(C)(C)Cl,CC(C)OC(C)C,openff-2.0.0,2,0.8236792879598509,0.0003046913260618,0.7971450000000002,0.0003945
18925,1600,dens_2075469437997722238,445,Density,<Substance CC(C)(C)Cl{solv}{x=0.199100}|CC(C)OC(C)C{solv}{x=0.800900}>,CC(C)(C)Cl,CC(C)OC(C)C,openff-2.0.0,2,0.7609741784990794,0.0002287514485093,0.7376660000000003,0.0004545
18926,1601,dhmix_2101531043492089277,446,EnthalpyOfMixing,<Substance CC(C)(C)Cl{solv}{x=0.219200}|CC(C)OC(C)C{solv}{x=0.780800}>,CC(C)(C)Cl,CC(C)OC(C)C,openff-2.0.0,2,-0.0423047698987204,0.046952469273398,0.007,0.0004
18927,1602,dens_210389881425986721,447,Density,<Substance C1COCO1{solv}{x=0.785000}|CCCCCC(C)=O{solv}{x=0.215000}>,C1COCO1,CCCCCC(C)=O,openff-2.0.0,2,0.9901380434036856,0.0002758251287876,0.9696500000000002,0.0003
18928,1603,dhmix_503329310014436107,448,EnthalpyOfMixing,<Substance C1COCO1{solv}{x=0.750000}|CCCCCC(C)=O{solv}{x=0.250000}>,C1COCO1,CCCCCC(C)=O,openff-2.0.0,2,0.5156527487025926,0.0393385559932566,0.37402,0.001955
18929,1604,dens_824084186033535550,449,Density,<Substance C1COCO1{solv}{x=0.507100}|CCCCCC(C)=O{solv}{x=0.492900}>,C1COCO1,CCCCCC(C)=O,openff-2.0.0,2,0.8975142458418394,0.000240726325891,0.8936300000000003,0.00034
18930,1605,dens_839548343309182157,450,Density,<Substance C1COCO1{solv}{x=0.244000}|CCCCCC(C)=O{solv}{x=0.756000}>,C1COCO1,CCCCCC(C)=O,openff-2.0.0,2,0.8384318535559241,0.0002026747035336,0.8445200000000002,0.00038
18931,1606,dhmix_1519451899562488304,451,EnthalpyOfMixing,<Substance C1COCO1{solv}{x=0.250000}|CCCCCC(C)=O{solv}{x=0.750000}>,C1COCO1,CCCCCC(C)=O,openff-2.0.0,2,0.3281781043100693,0.0508115114514279,0.2754,0.00155
18932,1607,dhmix_1874814461447958752,452,EnthalpyOfMixing,<Substance C1COCO1{solv}{x=0.500000}|CCCCCC(C)=O{solv}{x=0.500000}>,C1COCO1,CCCCCC(C)=O,openff-2.0.0,2,0.6290184030191597,0.0430589169547974,0.43148,0.00217
18933,1608,dhmix_219236717194413479,453,EnthalpyOfMixing,<Substance CCOc1ccccc1{solv}{x=0.762500}|OCCCc1ccccc1{solv}{x=0.237500}>,CCOc1ccccc1,OCCCc1ccccc1,openff-2.0.0,2,0.9208289589092544,0.0494039204205825,1.1164,0.01195
18934,1609,dens_391027492102555874,454,Density,<Substance CCOc1ccccc1{solv}{x=0.515000}|OCCCc1ccccc1{solv}{x=0.485000}>,CCOc1ccccc1,OCCCc1ccccc1,openff-2.0.0,2,0.9695051000031136,0.0002016016936791,0.9715100000000002,0.00026
18935,1610,dens_603450583692592837,455,Density,<Substance CCOc1ccccc1{solv}{x=0.707400}|OCCCc1ccccc1{solv}{x=0.292600}>,CCOc1ccccc1,OCCCc1ccccc1,openff-2.0.0,2,0.9621336964694744,0.0001709517474948,0.9634300000000002,0.00026
18936,1611,dhmix_1297428070131435744,456,EnthalpyOfMixing,<Substance CCOc1ccccc1{solv}{x=0.516900}|OCCCc1ccccc1{solv}{x=0.483100}>,CCOc1ccccc1,OCCCc1ccccc1,openff-2.0.0,2,0.9783554659708216,0.0540834806787423,0.989,0.0106
18937,1612,dens_1659818614169719187,457,Density,<Substance CCOc1ccccc1{solv}{x=0.216400}|OCCCc1ccccc1{solv}{x=0.783600}>,CCOc1ccccc1,OCCCc1ccccc1,openff-2.0.0,2,0.9805163352808992,0.0002048119905451,0.9832000000000004,0.00026
18938,1613,dhmix_2058966624473104004,458,EnthalpyOfMixing,<Substance CCOc1ccccc1{solv}{x=0.262900}|OCCCc1ccccc1{solv}{x=0.737100}>,CCOc1ccccc1,OCCCc1ccccc1,openff-2.0.0,2,0.5857800256668781,0.0669673904011673,0.7,0.00755
18939,1614,dhmix_224977805525763267,459,EnthalpyOfMixing,<Substance OCCO{solv}{x=0.519300}|O{solv}{x=0.480700}>,O,OCCO,openff-2.0.0,2,0.0617123597457585,0.0328438863309712,-0.64,0.0035
18940,1615,dhmix_454389511592218960,460,EnthalpyOfMixing,<Substance OCCO{solv}{x=0.790900}|O{solv}{x=0.209100}>,O,OCCO,openff-2.0.0,2,0.0937934994116957,0.029443598185492,-0.347,0.0025
18941,1616,dens_624011570206871166,461,Density,<Substance OCCO{solv}{x=0.500560}|O{solv}{x=0.499440}>,O,OCCO,openff-2.0.0,2,1.0903663243787978,0.0003622059264449,1.0923200000000002,0.0005
18942,1617,dhmix_997365299263661959,462,EnthalpyOfMixing,<Substance OCCO{solv}{x=0.205100}|O{solv}{x=0.794900}>,O,OCCO,openff-2.0.0,2,0.1748762050801939,0.0231269685248828,-0.681,0.004
18943,1618,dens_1521229282261002740,463,Density,<Substance OCCO{solv}{x=0.299010}|O{solv}{x=0.700990}>,O,OCCO,openff-2.0.0,2,1.064735427241804,1e-05,1.0735400000000002,0.0005
18944,1619,dens_2015496231826454735,464,Density,<Substance OCCO{solv}{x=0.706260}|O{solv}{x=0.293740}>,O,OCCO,openff-2.0.0,2,1.1062954339240028,0.0002772159479629,1.1022400000000003,0.0005
18945,1620,dhmix_230261418136264651,465,EnthalpyOfMixing,<Substance CCCCOC(C)=O{solv}{x=0.700700}|CCOC(C)=O{solv}{x=0.299300}>,CCCCOC(C)=O,CCOC(C)=O,openff-2.0.0,2,-0.0172318385315506,0.0489259438517737,0.0594,0.001
18946,1621,dhmix_287092636460772443,466,EnthalpyOfMixing,<Substance CCCCOC(C)=O{solv}{x=0.501800}|CCOC(C)=O{solv}{x=0.498200}>,CCCCOC(C)=O,CCOC(C)=O,openff-2.0.0,2,0.0322175114151122,0.0427099150260446,0.076,0.0012
18947,1622,dens_436289636626232396,467,Density,<Substance CCCCOC(C)=O{solv}{x=0.501800}|CCOC(C)=O{solv}{x=0.498200}>,CCCCOC(C)=O,CCOC(C)=O,openff-2.0.0,2,0.8899076481513098,0.0002037778144968,0.8829000000000002,0.0002
18948,1623,dens_1739528506032569134,468,Density,<Substance CCCCOC(C)=O{solv}{x=0.201200}|CCOC(C)=O{solv}{x=0.798800}>,CCCCOC(C)=O,CCOC(C)=O,openff-2.0.0,2,0.8978040031131495,0.0002163126541867,0.8889000000000001,0.0002
18949,1624,dhmix_1951544232160779982,469,EnthalpyOfMixing,<Substance CCCCOC(C)=O{solv}{x=0.201200}|CCOC(C)=O{solv}{x=0.798800}>,CCCCOC(C)=O,CCOC(C)=O,openff-2.0.0,2,0.0635136511860814,0.0441647321372515,0.0524,0.0009
18950,1625,dens_2199004103648094822,470,Density,<Substance CCCCOC(C)=O{solv}{x=0.700700}|CCOC(C)=O{solv}{x=0.299300}>,CCCCOC(C)=O,CCOC(C)=O,openff-2.0.0,2,0.8871777118994681,0.0002364286553708,0.8797000000000003,0.0002
18951,1626,dens_230610561971140401,471,Density,<Substance CN(C)CCO{solv}{x=0.507700}|O{solv}{x=0.492300}>,CN(C)CCO,O,openff-2.0.0,2,0.914353766273275,0.0003105725225119,0.9237220000000002,0.000504
18952,1627,dens_531222131704065782,472,Density,<Substance CN(C)CCO{solv}{x=0.765200}|O{solv}{x=0.234800}>,CN(C)CCO,O,openff-2.0.0,2,0.8993901977613084,0.0003024084907561,0.8989030000000002,0.0005805
18953,1628,dhmix_569544738684419327,473,EnthalpyOfMixing,<Substance CN(C)CCO{solv}{x=0.536500}|O{solv}{x=0.463500}>,CN(C)CCO,O,openff-2.0.0,2,-1.7962015280510002,0.0441804757083679,-2.575,0.0525
18954,1629,dens_1319192913326669904,474,Density,<Substance CN(C)CCO{solv}{x=0.264330}|O{solv}{x=0.735670}>,CN(C)CCO,O,openff-2.0.0,2,0.9363038203946528,0.0003511454200373,0.9590000000000002,0.0029
18955,1630,dhmix_1669606825693628140,475,EnthalpyOfMixing,<Substance CN(C)CCO{solv}{x=0.205200}|O{solv}{x=0.794800}>,CN(C)CCO,O,openff-2.0.0,2,-1.2391448899869673,0.0211466453998764,-2.587,0.0525
18956,1631,dhmix_1723343163215510297,476,EnthalpyOfMixing,<Substance CN(C)CCO{solv}{x=0.799600}|O{solv}{x=0.200400}>,CN(C)CCO,O,openff-2.0.0,2,-0.9801638682444604,0.0465715280944825,-1.247,0.0255
18957,1632,dens_233554406241639981,477,Density,<Substance CC(C)CC(C)(C)C{solv}{x=0.200000}|CCCCOCCCC{solv}{x=0.800000}>,CC(C)CC(C)(C)C,CCCCOCCCC,openff-2.0.0,2,0.7507164476725382,0.000157075933335,0.7497500000000001,0.00017
18958,1633,dhmix_465541682585001245,478,EnthalpyOfMixing,<Substance CC(C)CC(C)(C)C{solv}{x=0.200400}|CCCCOCCCC{solv}{x=0.799600}>,CC(C)CC(C)(C)C,CCCCOCCCC,openff-2.0.0,2,0.1196092850110517,0.0550539614195387,0.07397,0.00099
18959,1634,dhmix_1505777056782392294,479,EnthalpyOfMixing,<Substance CC(C)CC(C)(C)C{solv}{x=0.400400}|CCCCOCCCC{solv}{x=0.599600}>,CC(C)CC(C)(C)C,CCCCOCCCC,openff-2.0.0,2,0.2345489703582188,0.0509170904362846,0.11538,0.001385
18960,1635,dhmix_1595104467389948583,480,EnthalpyOfMixing,<Substance CC(C)CC(C)(C)C{solv}{x=0.700500}|CCCCOCCCC{solv}{x=0.299500}>,CC(C)CC(C)(C)C,CCCCOCCCC,openff-2.0.0,2,0.266211014039527,0.0553983764987701,0.10948,0.00133
18961,1636,dens_1672861274914038509,481,Density,<Substance CC(C)CC(C)(C)C{solv}{x=0.399700}|CCCCOCCCC{solv}{x=0.600300}>,CC(C)CC(C)(C)C,CCCCOCCCC,openff-2.0.0,2,0.7406030154216046,0.0001747144970744,0.7348100000000001,0.000175
18962,1637,dens_1954694146948787176,482,Density,<Substance CC(C)CC(C)(C)C{solv}{x=0.700000}|CCCCOCCCC{solv}{x=0.300000}>,CC(C)CC(C)(C)C,CCCCOCCCC,openff-2.0.0,2,0.7256660954218395,0.000193639577857,0.7117300000000002,0.000185
18963,1638,dens_234746850701826990,483,Density,<Substance CC#N{solv}{x=0.700000}|CCCCCO{solv}{x=0.300000}>,CC#N,CCCCCO,openff-2.0.0,2,0.793476183712386,0.0002889034956283,0.7924200000000001,0.000165
18964,1639,dens_1261543146081029601,484,Density,<Substance CC#N{solv}{x=0.500300}|CCCCCO{solv}{x=0.499700}>,CC#N,CCCCCO,openff-2.0.0,2,0.8007206582507285,0.0002409040379004,0.7996400000000001,0.000185
18965,1640,dens_1462197010819319813,485,Density,<Substance CC#N{solv}{x=0.203100}|CCCCCO{solv}{x=0.796900}>,CC#N,CCCCCO,openff-2.0.0,2,0.8080047262207268,0.0002314729542918,0.8090600000000001,0.00022
18966,1641,dhmix_1595997756227951615,486,EnthalpyOfMixing,<Substance CC#N{solv}{x=0.235500}|CCCCCO{solv}{x=0.764500}>,CC#N,CCCCCO,openff-2.0.0,2,1.4796141715946476,0.0388147192797463,1.451,0.006
18967,1642,dhmix_1745037615762894827,487,EnthalpyOfMixing,<Substance CC#N{solv}{x=0.516700}|CCCCCO{solv}{x=0.483300}>,CC#N,CCCCCO,openff-2.0.0,2,1.931708193494245,0.0350129718229036,2.017,0.008
18968,1643,dhmix_2294048253872291609,488,EnthalpyOfMixing,<Substance CC#N{solv}{x=0.771100}|CCCCCO{solv}{x=0.228900}>,CC#N,CCCCCO,openff-2.0.0,2,1.552082060506791,0.0279140887369242,1.656,0.007
18969,1644,dens_237912652331354824,489,Density,<Substance C1COCCO1{solv}{x=0.512200}|CCCC(C)=O{solv}{x=0.487800}>,C1COCCO1,CCCC(C)=O,openff-2.0.0,2,0.90171594291151,0.000249912495402,0.90478,0.00023
18970,1645,dhmix_951401191616771155,490,EnthalpyOfMixing,<Substance C1COCCO1{solv}{x=0.750000}|CCCC(C)=O{solv}{x=0.250000}>,C1COCCO1,CCCC(C)=O,openff-2.0.0,2,0.2777921396584872,0.0418102162955086,0.23761,0.00135
18971,1646,dens_1815088975543208186,491,Density,<Substance C1COCCO1{solv}{x=0.225400}|CCCC(C)=O{solv}{x=0.774600}>,C1COCCO1,CCCC(C)=O,openff-2.0.0,2,0.8327173012711351,0.0002248347739161,0.8442800000000001,0.00022
18972,1647,dens_2079717107234551519,492,Density,<Substance C1COCCO1{solv}{x=0.782300}|CCCC(C)=O{solv}{x=0.217700}>,C1COCCO1,CCCC(C)=O,openff-2.0.0,2,0.9738148774474022,0.0002611837670399,0.9692000000000004,0.000245
18973,1648,dhmix_2166059870593139530,493,EnthalpyOfMixing,<Substance C1COCCO1{solv}{x=0.500000}|CCCC(C)=O{solv}{x=0.500000}>,C1COCCO1,CCCC(C)=O,openff-2.0.0,2,0.2462268760891675,0.0437505390053395,0.26523,0.001455
18974,1649,dhmix_2196150660196365471,494,EnthalpyOfMixing,<Substance C1COCCO1{solv}{x=0.250000}|CCCC(C)=O{solv}{x=0.750000}>,C1COCCO1,CCCC(C)=O,openff-2.0.0,2,0.1554360859042987,0.0421313596394038,0.1704,0.001085
18975,1650,dhmix_243334109655928306,495,EnthalpyOfMixing,<Substance C1CCOCC1{solv}{x=0.783200}|c1ccccc1{solv}{x=0.216800}>,C1CCOCC1,c1ccccc1,openff-2.0.0,2,-0.1832213516151739,0.0434787334181327,-0.1399,0.00165
18976,1651,dens_257753427541292519,496,Density,<Substance C1CCOCC1{solv}{x=0.479400}|c1ccccc1{solv}{x=0.520600}>,C1CCOCC1,c1ccccc1,openff-2.0.0,2,0.8726724276739367,0.0002281194450716,0.8778700000000003,0.000505
18977,1652,dhmix_604341867718608333,497,EnthalpyOfMixing,<Substance C1CCOCC1{solv}{x=0.242500}|c1ccccc1{solv}{x=0.757500}>,C1CCOCC1,c1ccccc1,openff-2.0.0,2,-0.0708408024114817,0.0399667708378158,-0.1608,0.00185
18978,1653,dens_791001710124267373,498,Density,<Substance C1CCOCC1{solv}{x=0.223900}|c1ccccc1{solv}{x=0.776100}>,C1CCOCC1,c1ccccc1,openff-2.0.0,2,0.8689160196949756,0.0001883200898993,0.8761000000000002,0.0005
18979,1654,dens_1402061243325720407,499,Density,<Substance C1CCOCC1{solv}{x=0.743200}|c1ccccc1{solv}{x=0.256800}>,C1CCOCC1,c1ccccc1,openff-2.0.0,2,0.8750570346818688,0.0002676760145896,0.8789500000000002,0.000505
18980,1655,dhmix_1407142629314355761,500,EnthalpyOfMixing,<Substance C1CCOCC1{solv}{x=0.498200}|c1ccccc1{solv}{x=0.501800}>,C1CCOCC1,c1ccccc1,openff-2.0.0,2,-0.1602648519854881,0.040056844005795,-0.2365,0.00265
18981,1656,dhmix_266800455813556356,501,EnthalpyOfMixing,<Substance CO{solv}{x=0.727200}|OCc1ccccc1{solv}{x=0.272800}>,CO,OCc1ccccc1,openff-2.0.0,2,-0.0878915936150335,0.0334049584198083,-0.0792,0.001
18982,1657,dhmix_949671607207910651,502,EnthalpyOfMixing,<Substance CO{solv}{x=0.500500}|OCc1ccccc1{solv}{x=0.499500}>,CO,OCc1ccccc1,openff-2.0.0,2,-0.0961936347920726,0.0346957593778564,-0.1408,0.00165
18983,1658,dhmix_1388744759732522219,503,EnthalpyOfMixing,<Substance CO{solv}{x=0.200200}|OCc1ccccc1{solv}{x=0.799800}>,CO,OCc1ccccc1,openff-2.0.0,2,-0.1216590460483786,0.040377882155514,-0.1081,0.0013
18984,1659,dens_270046772857960816,504,Density,<Substance C1CCOCC1{solv}{x=0.732100}|Cc1ccccc1{solv}{x=0.267900}>,C1CCOCC1,Cc1ccccc1,openff-2.0.0,2,0.8704160190931938,0.0002319678625355,0.8754100000000001,0.000505
18985,1660,dens_324774743687652276,505,Density,<Substance C1CCOCC1{solv}{x=0.238700}|Cc1ccccc1{solv}{x=0.761300}>,C1CCOCC1,Cc1ccccc1,openff-2.0.0,2,0.8591531187650283,0.0002412627781585,0.8669900000000003,0.000505
18986,1661,dhmix_390107187187002597,506,EnthalpyOfMixing,<Substance C1CCOCC1{solv}{x=0.531900}|Cc1ccccc1{solv}{x=0.468100}>,C1CCOCC1,Cc1ccccc1,openff-2.0.0,2,-0.0328249913670788,0.0335127180652181,-0.2225,0.0025
18987,1662,dhmix_1070320975529400325,507,EnthalpyOfMixing,<Substance C1CCOCC1{solv}{x=0.280600}|Cc1ccccc1{solv}{x=0.719400}>,C1CCOCC1,Cc1ccccc1,openff-2.0.0,2,-0.1183518757175363,0.0456165871895685,-0.1687,0.00195
18988,1663,dens_1397318239527979287,508,Density,<Substance C1CCOCC1{solv}{x=0.491500}|Cc1ccccc1{solv}{x=0.508500}>,C1CCOCC1,Cc1ccccc1,openff-2.0.0,2,0.8651491676526712,0.000251263174696,0.8715100000000002,0.000505
18989,1664,dhmix_1508130989501940613,509,EnthalpyOfMixing,<Substance C1CCOCC1{solv}{x=0.741300}|Cc1ccccc1{solv}{x=0.258700}>,C1CCOCC1,Cc1ccccc1,openff-2.0.0,2,-0.0707598839438219,0.0426730972558565,-0.1629,0.0019
18990,1665,dhmix_271732469428717581,510,EnthalpyOfMixing,<Substance COc1ccccc1{solv}{x=0.237400}|OCCCc1ccccc1{solv}{x=0.762600}>,COc1ccccc1,OCCCc1ccccc1,openff-2.0.0,2,0.6311779358505589,0.0528893878227367,0.6076,0.0066
18991,1666,dhmix_1174392275991455181,511,EnthalpyOfMixing,<Substance COc1ccccc1{solv}{x=0.554700}|OCCCc1ccccc1{solv}{x=0.445300}>,COc1ccccc1,OCCCc1ccccc1,openff-2.0.0,2,0.9280553537158482,0.0429219410794718,1.0293,0.01105
18992,1667,dhmix_1179341622676685107,512,EnthalpyOfMixing,<Substance COc1ccccc1{solv}{x=0.713600}|OCCCc1ccccc1{solv}{x=0.286400}>,COc1ccccc1,OCCCc1ccccc1,openff-2.0.0,2,0.8591977305790692,0.0480786063676878,1.1088,0.0119
18993,1668,dens_1468428612899754720,513,Density,<Substance COc1ccccc1{solv}{x=0.747700}|OCCCc1ccccc1{solv}{x=0.252300}>,COc1ccccc1,OCCCc1ccccc1,openff-2.0.0,2,0.9770063724302622,0.0002341400168373,0.9827800000000002,0.00026
18994,1669,dens_1534619098234859574,514,Density,<Substance COc1ccccc1{solv}{x=0.555100}|OCCCc1ccccc1{solv}{x=0.444900}>,COc1ccccc1,OCCCc1ccccc1,openff-2.0.0,2,0.9802674501336078,0.0002044394234849,0.9852700000000002,0.00026
18995,1670,dens_2298154173340539222,515,Density,<Substance COc1ccccc1{solv}{x=0.263600}|OCCCc1ccccc1{solv}{x=0.736400}>,COc1ccccc1,OCCCc1ccccc1,openff-2.0.0,2,0.9850316802513278,0.0002081765698267,0.9885500000000002,0.00026
18996,1671,dens_274848672468745759,516,Density,<Substance CCCCOC(C)=O{solv}{x=0.293400}|c1ccccc1{solv}{x=0.706600}>,CCCCOC(C)=O,c1ccccc1,openff-2.0.0,2,0.8712699557084551,0.0002687787673085,0.8736600000000002,0.00021
18997,1672,dens_493354132810710227,517,Density,<Substance CCCCOC(C)=O{solv}{x=0.710500}|c1ccccc1{solv}{x=0.289500}>,CCCCOC(C)=O,c1ccccc1,openff-2.0.0,2,0.8780346844468462,0.0002225689710722,0.8751500000000002,0.000335
18998,1673,dhmix_754807126845437364,518,EnthalpyOfMixing,<Substance CCCCOC(C)=O{solv}{x=0.495800}|c1ccccc1{solv}{x=0.504200}>,CCCCOC(C)=O,c1ccccc1,openff-2.0.0,2,-0.1306954819254286,0.0341869423705952,-0.0245,0.001
18999,1674,dens_834118541551127044,519,Density,<Substance CCCCOC(C)=O{solv}{x=0.504400}|c1ccccc1{solv}{x=0.495600}>,CCCCOC(C)=O,c1ccccc1,openff-2.0.0,2,0.8754762154860214,0.0002435714068846,0.8744300000000002,0.000265
19000,1675,dhmix_1349932525480083284,520,EnthalpyOfMixing,<Substance CCCCOC(C)=O{solv}{x=0.252300}|c1ccccc1{solv}{x=0.747700}>,CCCCOC(C)=O,c1ccccc1,openff-2.0.0,2,-0.0330798443473554,0.0431722244043684,-0.014,0.0009
19001,1676,dhmix_1597992980658352112,521,EnthalpyOfMixing,<Substance CCCCOC(C)=O{solv}{x=0.771400}|c1ccccc1{solv}{x=0.228600}>,CCCCOC(C)=O,c1ccccc1,openff-2.0.0,2,-0.0653852229114875,0.0422960566505173,-0.0245,0.001
19002,1677,dens_275501958869207518,522,Density,<Substance C1CCOCC1{solv}{x=0.226300}|Cc1ccccc1Cl{solv}{x=0.773700}>,C1CCOCC1,Cc1ccccc1Cl,openff-2.0.0,2,1.0398697143632434,0.000266043629898,1.0396,0.0005
19003,1678,dhmix_818597523255588519,523,EnthalpyOfMixing,<Substance C1CCOCC1{solv}{x=0.753300}|Cc1ccccc1Cl{solv}{x=0.246700}>,C1CCOCC1,Cc1ccccc1Cl,openff-2.0.0,2,-0.2738780946678787,0.0420084408806986,-0.154,0.001
19004,1679,dhmix_849121557716978550,524,EnthalpyOfMixing,<Substance C1CCOCC1{solv}{x=0.517500}|Cc1ccccc1Cl{solv}{x=0.482500}>,C1CCOCC1,Cc1ccccc1Cl,openff-2.0.0,2,-0.3630642013316674,0.0418391615704484,-0.22,0.0015
19005,1680,dens_946978292781731327,525,Density,<Substance C1CCOCC1{solv}{x=0.478400}|Cc1ccccc1Cl{solv}{x=0.521600}>,C1CCOCC1,Cc1ccccc1Cl,openff-2.0.0,2,0.9931379276989908,0.000255741239365,0.9931600000000002,0.00051
19006,1681,dhmix_997266220336132741,526,EnthalpyOfMixing,<Substance C1CCOCC1{solv}{x=0.263200}|Cc1ccccc1Cl{solv}{x=0.736800}>,C1CCOCC1,Cc1ccccc1Cl,openff-2.0.0,2,-0.250193803159533,0.0431015695803546,-0.175,0.001
19007,1682,dens_1191185394819541532,527,Density,<Substance C1CCOCC1{solv}{x=0.765800}|Cc1ccccc1Cl{solv}{x=0.234200}>,C1CCOCC1,Cc1ccccc1Cl,openff-2.0.0,2,0.932167917538731,0.0002601807247279,0.9336500000000002,0.000505
19008,1683,dhmix_278334692660393021,528,EnthalpyOfMixing,<Substance CCCCCCC{solv}{x=0.205900}|CNc1ccccc1{solv}{x=0.794100}>,CCCCCCC,CNc1ccccc1,openff-2.0.0,2,1.5849583747903608,0.0431412307263354,1.126,0.012
19009,1684,dens_480658478095207102,529,Density,<Substance CCCCCCC{solv}{x=0.740500}|CNc1ccccc1{solv}{x=0.259500}>,CCCCCCC,CNc1ccccc1,openff-2.0.0,2,0.7350081862663588,0.0002412517684511,0.7424910000000001,0.00014
19010,1685,dhmix_898293423987680187,530,EnthalpyOfMixing,<Substance CCCCCCC{solv}{x=0.501700}|CNc1ccccc1{solv}{x=0.498300}>,CCCCCCC,CNc1ccccc1,openff-2.0.0,2,2.094319073988345,0.041892408723664,1.676,0.018
19011,1686,dens_1509968737377061562,531,Density,<Substance CCCCCCC{solv}{x=0.250900}|CNc1ccccc1{solv}{x=0.749100}>,CCCCCCC,CNc1ccccc1,openff-2.0.0,2,0.8923844563245567,0.0002071530006878,0.8897150000000003,0.0002615
19012,1687,dhmix_1680546488782143957,532,EnthalpyOfMixing,<Substance CCCCCCC{solv}{x=0.703200}|CNc1ccccc1{solv}{x=0.296800}>,CCCCCCC,CNc1ccccc1,openff-2.0.0,2,1.9896263224997028,0.048556261830703,1.539,0.0165
19013,1688,dens_2074014246120135820,533,Density,<Substance CCCCCCC{solv}{x=0.497000}|CNc1ccccc1{solv}{x=0.503000}>,CCCCCCC,CNc1ccccc1,openff-2.0.0,2,0.8070313471771744,0.0002178693753006,0.8106920000000002,0.0001785
19014,1689,dens_296890921001565391,534,Density,<Substance CCCCN{solv}{x=0.755200}|CN(C)C=O{solv}{x=0.244800}>,CCCCN,CN(C)C=O,openff-2.0.0,2,0.7880096712845436,0.0002450021398616,0.7762150000000002,0.000949
19015,1690,dens_380536870617309130,535,Density,<Substance CCCCN{solv}{x=0.242800}|CN(C)C=O{solv}{x=0.757200}>,CCCCN,CN(C)C=O,openff-2.0.0,2,0.8797823043956404,0.000264822131647,0.8845160000000002,0.0010795
19016,1691,dhmix_493117160214491795,536,EnthalpyOfMixing,<Substance CCCCN{solv}{x=0.244100}|CN(C)C=O{solv}{x=0.755900}>,CCCCN,CN(C)C=O,openff-2.0.0,2,-0.0221283968148355,0.0395279909340083,0.245,0.008
19017,1692,dhmix_789225002934078019,537,EnthalpyOfMixing,<Substance CCCCN{solv}{x=0.750200}|CN(C)C=O{solv}{x=0.249800}>,CCCCN,CN(C)C=O,openff-2.0.0,2,0.1514857142837939,0.0461973974856231,0.32,0.01
19018,1693,dhmix_941321571782058819,538,EnthalpyOfMixing,<Substance CCCCN{solv}{x=0.499200}|CN(C)C=O{solv}{x=0.500800}>,CCCCN,CN(C)C=O,openff-2.0.0,2,0.0670209213688508,0.0383025547828832,0.384,0.0115
19019,1694,dens_2179361372918836941,539,Density,<Substance CCCCN{solv}{x=0.497200}|CN(C)C=O{solv}{x=0.502800}>,CCCCN,CN(C)C=O,openff-2.0.0,2,0.8329558549648648,0.000240761243439,0.8277360000000001,0.001011
19020,1695,dens_300257448272323407,540,Density,<Substance CC(C)O{solv}{x=0.745200}|NCCN{solv}{x=0.254800}>,CC(C)O,NCCN,openff-2.0.0,2,0.8505575532404036,0.0002388689669333,0.8163970000000003,0.0002325
19021,1696,dens_924750366683277351,541,Density,<Substance CC(C)O{solv}{x=0.203100}|NCCN{solv}{x=0.796900}>,CC(C)O,NCCN,openff-2.0.0,2,0.9704265392822846,0.0002122461281691,0.8736620000000003,0.0002225
19022,1697,dens_2284409308160572308,542,Density,<Substance CC(C)O{solv}{x=0.489100}|NCCN{solv}{x=0.510900}>,CC(C)O,NCCN,openff-2.0.0,2,0.9043339776551554,0.0002353778801622,0.8449250000000001,0.0002245
19023,1698,dens_305501840068636812,543,Density,<Substance CC(C)=O{solv}{x=0.750000}|CCO{solv}{x=0.250000}>,CC(C)=O,CCO,openff-2.0.0,2,0.7712950840007254,1e-05,0.7859000000000002,0.000115
19024,1699,dens_472577738907297293,544,Density,<Substance CC(C)=O{solv}{x=0.250000}|CCO{solv}{x=0.750000}>,CC(C)=O,CCO,openff-2.0.0,2,0.7801716044577437,1e-05,0.7861600000000002,0.000115
19025,1700,dens_2271083741716457850,545,Density,<Substance CC(C)=O{solv}{x=0.499900}|CCO{solv}{x=0.500100}>,CC(C)=O,CCO,openff-2.0.0,2,0.7757910153029955,1e-05,0.7861900000000003,0.000115
19026,1701,dens_307445163336341047,546,Density,<Substance CN1CCCC1=O{solv}{x=0.703700}|ClCCCl{solv}{x=0.296300}>,CN1CCCC1=O,ClCCCl,openff-2.0.0,2,1.0697430586818042,0.0002577007049893,1.0851000000000002,0.0002
19027,1702,dhmix_453866769634566853,547,EnthalpyOfMixing,<Substance CN1CCCC1=O{solv}{x=0.253100}|ClCCCl{solv}{x=0.746900}>,CN1CCCC1=O,ClCCCl,openff-2.0.0,2,-0.4588999719760807,0.0348946044938724,-0.8118,0.01525
19028,1703,dhmix_536206650470008584,548,EnthalpyOfMixing,<Substance CN1CCCC1=O{solv}{x=0.500000}|ClCCCl{solv}{x=0.500000}>,CN1CCCC1=O,ClCCCl,openff-2.0.0,2,-0.5874829837128601,0.0374101965978213,-1.264,0.0055
19029,1704,dens_1046625605566999080,549,Density,<Substance CN1CCCC1=O{solv}{x=0.202500}|ClCCCl{solv}{x=0.797500}>,CN1CCCC1=O,ClCCCl,openff-2.0.0,2,1.1808110393933025,0.000400004625056,1.1953000000000005,0.00025
19030,1705,dhmix_1620571823529677157,550,EnthalpyOfMixing,<Substance CN1CCCC1=O{solv}{x=0.736700}|ClCCCl{solv}{x=0.263300}>,CN1CCCC1=O,ClCCCl,openff-2.0.0,2,-0.4044651761056883,0.0400675943377155,-0.8587,0.01605
19031,1706,dens_2059567022041766694,551,Density,<Substance CN1CCCC1=O{solv}{x=0.497500}|ClCCCl{solv}{x=0.502500}>,CN1CCCC1=O,ClCCCl,openff-2.0.0,2,1.115727429989612,0.0003142817583518,1.1283000000000003,0.0002
19032,1707,dens_313234519309892479,552,Density,<Substance CC(=O)N(C)C{solv}{x=0.293800}|CCCCCCCCCl{solv}{x=0.706200}>,CC(=O)N(C)C,CCCCCCCCCl,openff-2.0.0,2,0.8722016111650973,0.0001924030934462,0.8796000000000003,0.00045
19033,1708,dhmix_444785917463403590,553,EnthalpyOfMixing,<Substance CC(=O)N(C)C{solv}{x=0.703000}|CCCCCCCCCl{solv}{x=0.297000}>,CC(=O)N(C)C,CCCCCCCCCl,openff-2.0.0,2,0.8973404692253979,0.0402271860721948,0.751,0.004
19034,1709,dhmix_705168937124106402,554,EnthalpyOfMixing,<Substance CC(=O)N(C)C{solv}{x=0.215000}|CCCCCCCCCl{solv}{x=0.785000}>,CC(=O)N(C)C,CCCCCCCCCl,openff-2.0.0,2,0.7290766770331913,0.0544356999857359,0.519,0.0035
19035,1710,dens_1549584991651515376,555,Density,<Substance CC(=O)N(C)C{solv}{x=0.502200}|CCCCCCCCCl{solv}{x=0.497800}>,CC(=O)N(C)C,CCCCCCCCCl,openff-2.0.0,2,0.8784605971355047,0.0001485490290689,0.8902000000000002,0.0004
19036,1711,dhmix_1732161251827083272,556,EnthalpyOfMixing,<Substance CC(=O)N(C)C{solv}{x=0.508000}|CCCCCCCCCl{solv}{x=0.492000}>,CC(=O)N(C)C,CCCCCCCCCl,openff-2.0.0,2,1.0108198242359947,0.045585158547511,0.829,0.004
19037,1712,dens_2189889607118243828,557,Density,<Substance CC(=O)N(C)C{solv}{x=0.700500}|CCCCCCCCCl{solv}{x=0.299500}>,CC(=O)N(C)C,CCCCCCCCCl,openff-2.0.0,2,0.8864639727590625,0.0002264756320149,0.9041000000000002,0.00035
19038,1713,dens_314482396827660717,558,Density,<Substance BrCCBr{solv}{x=0.753700}|COC(C)=O{solv}{x=0.246300}>,BrCCBr,COC(C)=O,openff-2.0.0,2,1.8475039092661056,0.0006286730335755,1.8774400000000004,0.003355
19039,1714,dens_344993892965738820,559,Density,<Substance BrCCBr{solv}{x=0.275200}|COC(C)=O{solv}{x=0.724800}>,BrCCBr,COC(C)=O,openff-2.0.0,2,1.2861763082028146,0.0003826011619734,1.2862400000000005,0.001125
19040,1715,dhmix_545996968666061076,560,EnthalpyOfMixing,<Substance BrCCBr{solv}{x=0.720900}|COC(C)=O{solv}{x=0.279100}>,BrCCBr,COC(C)=O,openff-2.0.0,2,-0.1319439956856172,0.0299530181542076,0.2594,0.0028
19041,1716,dens_714044009336077786,561,Density,<Substance BrCCBr{solv}{x=0.512100}|COC(C)=O{solv}{x=0.487900}>,BrCCBr,COC(C)=O,openff-2.0.0,2,1.571300821932305,0.0005146456086939,1.5834900000000005,0.0021
19042,1717,dhmix_1222511035002547253,562,EnthalpyOfMixing,<Substance BrCCBr{solv}{x=0.485500}|COC(C)=O{solv}{x=0.514500}>,BrCCBr,COC(C)=O,openff-2.0.0,2,-0.124068698244308,0.0346986050016937,0.2577,0.00275
19043,1718,dhmix_1418101673429653456,563,EnthalpyOfMixing,<Substance BrCCBr{solv}{x=0.250800}|COC(C)=O{solv}{x=0.749200}>,BrCCBr,COC(C)=O,openff-2.0.0,2,-0.0782377694767588,0.0327462824228659,0.1202,0.0017
19044,1719,dens_314934747194338330,564,Density,<Substance CC(C)CCl{solv}{x=0.513700}|CC(C)OC(C)C{solv}{x=0.486300}>,CC(C)CCl,CC(C)OC(C)C,openff-2.0.0,2,0.7986431843680505,0.0002861704437881,0.7878250000000002,0.000405
19045,1720,dhmix_355399496844187096,565,EnthalpyOfMixing,<Substance CC(C)CCl{solv}{x=0.545300}|CC(C)OC(C)C{solv}{x=0.454700}>,CC(C)CCl,CC(C)OC(C)C,openff-2.0.0,2,-0.1674622541887345,0.0424395035922634,-0.0957,0.0012
19046,1721,dens_688062365117407068,566,Density,<Substance CC(C)CCl{solv}{x=0.805900}|CC(C)OC(C)C{solv}{x=0.194100}>,CC(C)CCl,CC(C)OC(C)C,openff-2.0.0,2,0.8387089648063626,0.0003296252840596,0.8355300000000002,0.0003555
19047,1722,dhmix_1411881046585885461,567,EnthalpyOfMixing,<Substance CC(C)CCl{solv}{x=0.090700}|CC(C)OC(C)C{solv}{x=0.909300}>,CC(C)CCl,CC(C)OC(C)C,openff-2.0.0,2,-0.0061549756533167,0.0507839377995382,-0.0302,0.00055
19048,1723,dens_1762455266351712367,568,Density,<Substance CC(C)CCl{solv}{x=0.091000}|CC(C)OC(C)C{solv}{x=0.909000}>,CC(C)CCl,CC(C)OC(C)C,openff-2.0.0,2,0.7494919809341699,0.0002317280492739,0.7293950000000001,0.000464
19049,1724,dhmix_2302865667781063708,569,EnthalpyOfMixing,<Substance CC(C)CCl{solv}{x=0.727000}|CC(C)OC(C)C{solv}{x=0.273000}>,CC(C)CCl,CC(C)OC(C)C,openff-2.0.0,2,-0.1144484767526137,0.0424301898412335,-0.0791,0.001
19050,1725,dens_321327254341950207,570,Density,<Substance C1COCCO1{solv}{x=0.780300}|CCCCCC(C)=O{solv}{x=0.219700}>,C1COCCO1,CCCCCC(C)=O,openff-2.0.0,2,0.9620428171874474,0.0002194813600289,0.9576500000000002,0.0003
19051,1726,dens_377701756930918353,571,Density,<Substance C1COCCO1{solv}{x=0.500600}|CCCCCC(C)=O{solv}{x=0.499400}>,C1COCCO1,CCCCCC(C)=O,openff-2.0.0,2,0.8892143983258648,0.0002219050880851,0.8916700000000002,0.000345
19052,1727,dhmix_600625644134907580,572,EnthalpyOfMixing,<Substance C1COCCO1{solv}{x=0.500000}|CCCCCC(C)=O{solv}{x=0.500000}>,C1COCCO1,CCCCCC(C)=O,openff-2.0.0,2,0.6707557681468188,0.0428103669645601,0.4509,0.002255
19053,1728,dens_1451069448215305244,573,Density,<Substance C1COCCO1{solv}{x=0.220300}|CCCCCC(C)=O{solv}{x=0.779700}>,C1COCCO1,CCCCCC(C)=O,openff-2.0.0,2,0.8332960686955958,0.0001878685223346,0.8420800000000003,0.000385
19054,1729,dhmix_2028813035406256788,574,EnthalpyOfMixing,<Substance C1COCCO1{solv}{x=0.750000}|CCCCCC(C)=O{solv}{x=0.250000}>,C1COCCO1,CCCCCC(C)=O,openff-2.0.0,2,0.5362542290618535,0.0374921897198185,0.4064,0.00209
19055,1730,dhmix_2222211577832383320,575,EnthalpyOfMixing,<Substance C1COCCO1{solv}{x=0.250000}|CCCCCC(C)=O{solv}{x=0.750000}>,C1COCCO1,CCCCCC(C)=O,openff-2.0.0,2,0.4048873951052201,0.0521308399324587,0.2911,0.00164
19056,1731,dhmix_325212618372456630,576,EnthalpyOfMixing,<Substance CCCCCCC{solv}{x=0.500000}|c1ccccc1{solv}{x=0.500000}>,CCCCCCC,c1ccccc1,openff-2.0.0,2,1.132590085074327,0.0499763690731177,0.9235,0.0051
19057,1732,dhmix_409350268177199962,577,EnthalpyOfMixing,<Substance CCCCCCC{solv}{x=0.751900}|c1ccccc1{solv}{x=0.248100}>,CCCCCCC,c1ccccc1,openff-2.0.0,2,0.7370192109514733,0.0512934941599674,0.6047,0.0035
19058,1733,dens_1685942387769177799,578,Density,<Substance CCCCCCC{solv}{x=0.913667}|c1ccccc1{solv}{x=0.086333}>,CCCCCCC,c1ccccc1,openff-2.0.0,2,0.6801986202031423,0.0002009924137521,0.6892400000000002,0.000805
19059,1734,dens_2148382258223830900,579,Density,<Substance CCCCCCC{solv}{x=0.273700}|c1ccccc1{solv}{x=0.726300}>,CCCCCCC,c1ccccc1,openff-2.0.0,2,0.7738104142084514,0.0002872007794707,0.7855000000000002,0.00015
19060,1735,dens_2219829254239605828,580,Density,<Substance CCCCCCC{solv}{x=0.492200}|c1ccccc1{solv}{x=0.507800}>,CCCCCCC,c1ccccc1,openff-2.0.0,2,0.7295587080467599,0.0002179653111029,0.7409000000000001,0.00015
19061,1736,dhmix_2296565820723783732,581,EnthalpyOfMixing,<Substance CCCCCCC{solv}{x=0.242400}|c1ccccc1{solv}{x=0.757600}>,CCCCCCC,c1ccccc1,openff-2.0.0,2,0.9678237851425706,0.0386934550448167,0.7775,0.0044
19062,1737,dens_326446104630354701,582,Density,<Substance BrCCBr{solv}{x=0.728600}|CCC(=O)OC{solv}{x=0.271400}>,BrCCBr,CCC(=O)OC,openff-2.0.0,2,1.7658203819562912,0.0005777671628243,1.7949900000000003,0.00303
19063,1738,dens_886315086380393150,583,Density,<Substance BrCCBr{solv}{x=0.494400}|CCC(=O)OC{solv}{x=0.505600}>,BrCCBr,CCC(=O)OC,openff-2.0.0,2,1.4787251191773754,0.0004012247558553,1.4941800000000005,0.001825
19064,1739,dhmix_1410129135672303476,584,EnthalpyOfMixing,<Substance BrCCBr{solv}{x=0.491400}|CCC(=O)OC{solv}{x=0.508600}>,BrCCBr,CCC(=O)OC,openff-2.0.0,2,-0.4531271805382033,0.0296194081208165,0.0195,0.00185
19065,1740,dhmix_1551714230583118668,585,EnthalpyOfMixing,<Substance BrCCBr{solv}{x=0.755400}|CCC(=O)OC{solv}{x=0.244600}>,BrCCBr,CCC(=O)OC,openff-2.0.0,2,-0.2188085679546674,0.0330906464630916,0.09,0.00295
19066,1741,dhmix_1596310059176209101,586,EnthalpyOfMixing,<Substance BrCCBr{solv}{x=0.214800}|CCC(=O)OC{solv}{x=0.785200}>,BrCCBr,CCC(=O)OC,openff-2.0.0,2,-0.1669880388458011,0.0379811175180448,-0.0281,0.002
19067,1742,dens_1860027304017736150,587,Density,<Substance BrCCBr{solv}{x=0.257000}|CCC(=O)OC{solv}{x=0.743000}>,BrCCBr,CCC(=O)OC,openff-2.0.0,2,1.1987854935134452,0.0003438942114305,1.2059400000000002,0.000915
19068,1743,dhmix_334328961632702336,588,EnthalpyOfMixing,<Substance Cc1ccccc1N{solv}{x=0.492600}|Cc1cccnc1{solv}{x=0.507400}>,Cc1ccccc1N,Cc1cccnc1,openff-2.0.0,2,-1.3856252022264783,0.0411514216859852,-1.4091,0.0287
19069,1744,dhmix_382843935535082222,589,EnthalpyOfMixing,<Substance Cc1ccccc1N{solv}{x=0.232300}|Cc1cccnc1{solv}{x=0.767700}>,Cc1ccccc1N,Cc1cccnc1,openff-2.0.0,2,-1.066867518793643,0.0466397966042438,-1.1196,0.02285
19070,1745,dens_890019852111400701,590,Density,<Substance Cc1ccccc1N{solv}{x=0.533600}|Cc1cccnc1{solv}{x=0.466400}>,Cc1ccccc1N,Cc1cccnc1,openff-2.0.0,2,0.9939265735280536,0.0002362324041325,0.9795770000000004,0.0001185
19071,1746,dens_1033313642915027277,591,Density,<Substance Cc1ccccc1N{solv}{x=0.737200}|Cc1cccnc1{solv}{x=0.262800}>,Cc1ccccc1N,Cc1cccnc1,openff-2.0.0,2,1.007217711166536,0.000336146163339,0.9867010000000004,0.000118
19072,1747,dhmix_1057104304179164775,592,EnthalpyOfMixing,<Substance Cc1ccccc1N{solv}{x=0.778900}|Cc1cccnc1{solv}{x=0.221100}>,Cc1ccccc1N,Cc1cccnc1,openff-2.0.0,2,-0.8927791424982203,0.0475237544124317,-0.8735,0.01785
19073,1748,dens_1445313714023685702,593,Density,<Substance Cc1ccccc1N{solv}{x=0.246700}|Cc1cccnc1{solv}{x=0.753300}>,Cc1ccccc1N,Cc1cccnc1,openff-2.0.0,2,0.9723287838565556,0.0002037294280686,0.9668750000000004,0.00012
19074,1749,dens_335631113096608920,594,Density,<Substance CCC(C)=O{solv}{x=0.501800}|CCCCNCCCC{solv}{x=0.498200}>,CCC(C)=O,CCCCNCCCC,openff-2.0.0,2,0.7632704198132481,0.0001959896940436,0.7693960000000002,9.950000000000003e-05
19075,1750,dhmix_551451232292287572,595,EnthalpyOfMixing,<Substance CCC(C)=O{solv}{x=0.215400}|CCCCNCCCC{solv}{x=0.784600}>,CCC(C)=O,CCCCNCCCC,openff-2.0.0,2,0.1572872526983246,0.0511038679177254,0.417,0.0045
19076,1751,dens_800787154192710377,596,Density,<Substance CCC(C)=O{solv}{x=0.260300}|CCCCNCCCC{solv}{x=0.739700}>,CCC(C)=O,CCCCNCCCC,openff-2.0.0,2,0.7594339677873451,0.0001324288421127,0.7614750000000002,0.0001005
19077,1752,dhmix_1210431916849512476,597,EnthalpyOfMixing,<Substance CCC(C)=O{solv}{x=0.504400}|CCCCNCCCC{solv}{x=0.495600}>,CCC(C)=O,CCCCNCCCC,openff-2.0.0,2,0.3244953094930736,0.0443739835796807,0.619,0.0065
19078,1753,dhmix_1503682496766473076,598,EnthalpyOfMixing,<Substance CCC(C)=O{solv}{x=0.792200}|CCCCNCCCC{solv}{x=0.207800}>,CCC(C)=O,CCCCNCCCC,openff-2.0.0,2,0.1477953709468948,0.0430022957556283,0.425,0.0045
19079,1754,dens_2232561341275312196,599,Density,<Substance CCC(C)=O{solv}{x=0.747300}|CCCCNCCCC{solv}{x=0.252700}>,CCC(C)=O,CCCCNCCCC,openff-2.0.0,2,0.7684129850298155,0.0002278363982081,0.7810500000000001,9.750000000000004e-05
19080,1755,dhmix_335934546122425398,600,EnthalpyOfMixing,<Substance C1CCOCC1{solv}{x=0.550000}|O=C1CCCC1{solv}{x=0.450000}>,C1CCOCC1,O=C1CCCC1,openff-2.0.0,2,0.0693481136593732,0.0398459469995556,0.15813,0.001
19081,1756,dhmix_337659115721770978,601,EnthalpyOfMixing,<Substance C1CCOCC1{solv}{x=0.250000}|O=C1CCCC1{solv}{x=0.750000}>,C1CCOCC1,O=C1CCCC1,openff-2.0.0,2,0.0569603580406976,0.0416828935590829,0.11325,0.00084
19082,1757,dens_579415285212890284,602,Density,<Substance C1CCOCC1{solv}{x=0.708000}|O=C1CCCC1{solv}{x=0.292000}>,C1CCOCC1,O=C1CCCC1,openff-2.0.0,2,0.8881077296433327,0.0002051178455595,0.8972200000000002,0.00023
19083,1758,dens_788777315764582180,603,Density,<Substance C1CCOCC1{solv}{x=0.549800}|O=C1CCCC1{solv}{x=0.450200}>,C1CCOCC1,O=C1CCCC1,openff-2.0.0,2,0.8941372061573276,0.0002289624785705,0.9073000000000002,0.000235
19084,1759,dens_1539654406736576807,604,Density,<Substance C1CCOCC1{solv}{x=0.235400}|O=C1CCCC1{solv}{x=0.764600}>,C1CCOCC1,O=C1CCCC1,openff-2.0.0,2,0.9072536257418664,0.0002402504945476,0.9281000000000004,0.00024
19085,1760,dhmix_1706969020375394315,605,EnthalpyOfMixing,<Substance C1CCOCC1{solv}{x=0.750000}|O=C1CCCC1{solv}{x=0.250000}>,C1CCOCC1,O=C1CCCC1,openff-2.0.0,2,0.0862768293102647,0.0441685071611332,0.12811,0.000895
19086,1761,dens_337077748334497354,606,Density,<Substance CN1CCCCC1{solv}{x=0.245200}|O{solv}{x=0.754800}>,CN1CCCCC1,O,openff-2.0.0,2,0.8887863670202168,0.0003872285234932,0.9038110000000004,9.700000000000004e-05
19087,1762,dens_1619467922469494964,607,Density,<Substance CN1CCCCC1{solv}{x=0.790700}|O{solv}{x=0.209300}>,CN1CCCCC1,O,openff-2.0.0,2,0.8419301332946234,0.0002044866953032,0.8260470000000002,0.000108
19088,1763,dens_1725290505257505407,608,Density,<Substance CN1CCCCC1{solv}{x=0.505000}|O{solv}{x=0.495000}>,CN1CCCCC1,O,openff-2.0.0,2,0.8593107783129466,0.0003153238783327,0.8581580000000002,9.450000000000002e-05
19089,1764,dhmix_344305070199657817,609,EnthalpyOfMixing,<Substance CC(C)CC(C)(C)C{solv}{x=0.200300}|CCCO{solv}{x=0.799700}>,CC(C)CC(C)(C)C,CCCO,openff-2.0.0,2,0.4649026031761281,0.0397731231875721,0.308,0.0055
19090,1765,dens_1020839744665732433,610,Density,<Substance CC(C)CC(C)(C)C{solv}{x=0.200100}|CCCO{solv}{x=0.799900}>,CC(C)CC(C)(C)C,CCCO,openff-2.0.0,2,0.7657166892910758,0.0002457391562771,0.7589500000000002,0.00029
19091,1766,dens_1348847431810734601,611,Density,<Substance CC(C)CC(C)(C)C{solv}{x=0.700000}|CCCO{solv}{x=0.300000}>,CC(C)CC(C)(C)C,CCCO,openff-2.0.0,2,0.7228502852465477,0.0002326647310722,0.7046500000000001,0.00028
19092,1767,dhmix_1376194238727172922,612,EnthalpyOfMixing,<Substance CC(C)CC(C)(C)C{solv}{x=0.499800}|CCCO{solv}{x=0.500200}>,CC(C)CC(C)(C)C,CCCO,openff-2.0.0,2,0.8778991011472499,0.0503715002241571,0.6025,0.0027
19093,1768,dhmix_1868873434415785592,613,EnthalpyOfMixing,<Substance CC(C)CC(C)(C)C{solv}{x=0.699900}|CCCO{solv}{x=0.300100}>,CC(C)CC(C)(C)C,CCCO,openff-2.0.0,2,0.8734628172357475,0.0522691756053856,0.6544,0.0029
19094,1769,dens_1870552320710773195,614,Density,<Substance CC(C)CC(C)(C)C{solv}{x=0.500000}|CCCO{solv}{x=0.500000}>,CC(C)CC(C)(C)C,CCCO,openff-2.0.0,2,0.7356720943147903,0.0002545773290086,0.7214400000000002,0.00028
19095,1770,dens_344701479262570906,615,Density,<Substance C1CCOCC1{solv}{x=0.246100}|Cc1cccnc1{solv}{x=0.753900}>,C1CCOCC1,Cc1cccnc1,openff-2.0.0,2,0.9319412061454132,0.0002430229613113,0.9348570000000002,0.0004915
19096,1771,dhmix_772935681699310364,616,EnthalpyOfMixing,<Substance C1CCOCC1{solv}{x=0.480300}|Cc1cccnc1{solv}{x=0.519700}>,C1CCOCC1,Cc1cccnc1,openff-2.0.0,2,0.0794235138978081,0.0395104018290228,0.1271,0.00115
19097,1772,dens_1179184695460672925,617,Density,<Substance C1CCOCC1{solv}{x=0.756800}|Cc1cccnc1{solv}{x=0.243200}>,C1CCOCC1,Cc1cccnc1,openff-2.0.0,2,0.8949601087793719,0.0002308806667756,0.8976640000000002,0.0004655
19098,1773,dens_1273033541520518804,618,Density,<Substance C1CCOCC1{solv}{x=0.482700}|Cc1cccnc1{solv}{x=0.517300}>,C1CCOCC1,Cc1cccnc1,openff-2.0.0,2,0.9147716439201248,0.0002468001941587,0.9179640000000002,0.00048
19099,1774,dhmix_1594947441282636711,619,EnthalpyOfMixing,<Substance C1CCOCC1{solv}{x=0.735500}|Cc1cccnc1{solv}{x=0.264500}>,C1CCOCC1,Cc1cccnc1,openff-2.0.0,2,0.0784524832687054,0.0409358482766518,0.0924,0.00095
19100,1775,dhmix_2075643137470349800,620,EnthalpyOfMixing,<Substance C1CCOCC1{solv}{x=0.273200}|Cc1cccnc1{solv}{x=0.726800}>,C1CCOCC1,Cc1cccnc1,openff-2.0.0,2,-0.0341963463027923,0.0400124517275473,0.1036,0.001
19101,1776,dhmix_346841872844739570,621,EnthalpyOfMixing,<Substance CC#N{solv}{x=0.700700}|CCOC(C)(C)C{solv}{x=0.299300}>,CC#N,CCOC(C)(C)C,openff-2.0.0,2,0.2109291677177189,0.0330864698857709,0.6176,0.0084
19102,1777,dhmix_840136828933604757,622,EnthalpyOfMixing,<Substance CC#N{solv}{x=0.199000}|CCOC(C)(C)C{solv}{x=0.801000}>,CC#N,CCOC(C)(C)C,openff-2.0.0,2,0.1920471666876864,0.0463727567392202,0.4418,0.006
19103,1778,dhmix_1934525864391020215,623,EnthalpyOfMixing,<Substance CC#N{solv}{x=0.501600}|CCOC(C)(C)C{solv}{x=0.498400}>,CC#N,CCOC(C)(C)C,openff-2.0.0,2,0.3104822444671455,0.0324819692104052,0.7098,0.00965
19104,1779,dens_1954735606040559695,624,Density,<Substance CC#N{solv}{x=0.700700}|CCOC(C)(C)C{solv}{x=0.299300}>,CC#N,CCOC(C)(C)C,openff-2.0.0,2,0.7677917352552777,0.0002591957887191,0.7595000000000002,0.00045
19105,1780,dens_2173310521496796694,625,Density,<Substance CC#N{solv}{x=0.501600}|CCOC(C)(C)C{solv}{x=0.498400}>,CC#N,CCOC(C)(C)C,openff-2.0.0,2,0.7639822242662793,0.0002551660464401,0.7510000000000002,0.00035
19106,1781,dens_2235331649530959984,626,Density,<Substance CC#N{solv}{x=0.199000}|CCOC(C)(C)C{solv}{x=0.801000}>,CC#N,CCOC(C)(C)C,openff-2.0.0,2,0.757878675602554,0.000237792572723,0.7408000000000001,0.00015
19107,1782,dhmix_355078149157572999,627,EnthalpyOfMixing,<Substance OCCOCCO{solv}{x=0.790600}|O{solv}{x=0.209400}>,O,OCCOCCO,openff-2.0.0,2,0.0594632048950245,0.0599556647783224,-0.521,0.003
19108,1783,dhmix_514261244195159379,628,EnthalpyOfMixing,<Substance OCCOCCO{solv}{x=0.300400}|O{solv}{x=0.699600}>,O,OCCOCCO,openff-2.0.0,2,-0.228003350626416,0.0304972517779048,-1.245,0.0065
19109,1784,dhmix_1512634639127890343,629,EnthalpyOfMixing,<Substance OCCOCCO{solv}{x=0.501000}|O{solv}{x=0.499000}>,O,OCCOCCO,openff-2.0.0,2,-0.2267901445503355,0.0353865144289369,-1.149,0.0065
19110,1785,dens_1532732041743097130,630,Density,<Substance OCCOCCO{solv}{x=0.500600}|O{solv}{x=0.499400}>,O,OCCOCCO,openff-2.0.0,2,1.1084788331876927,0.0002208969970837,1.1070700000000002,0.00026
19111,1786,dens_1948924545926470959,631,Density,<Substance OCCOCCO{solv}{x=0.700300}|O{solv}{x=0.299700}>,O,OCCOCCO,openff-2.0.0,2,1.117455191365535,0.0002749756667564,1.1111900000000003,0.000285
19112,1787,dens_2114974877291939954,632,Density,<Substance OCCOCCO{solv}{x=0.301000}|O{solv}{x=0.699000}>,O,OCCOCCO,openff-2.0.0,2,1.0889753587690618,0.0003252847291191,1.0958900000000005,0.000305
19113,1788,dhmix_355690558520209737,633,EnthalpyOfMixing,<Substance CC(C)CC(C)(C)C{solv}{x=0.774800}|CC(C)OC(C)C{solv}{x=0.225200}>,CC(C)CC(C)(C)C,CC(C)OC(C)C,openff-2.0.0,2,0.3605869092889406,0.0513021519663096,0.132161,0.001556
19114,1789,dens_706481868145479619,634,Density,<Substance CC(C)CC(C)(C)C{solv}{x=0.250000}|CC(C)OC(C)C{solv}{x=0.750000}>,CC(C)CC(C)(C)C,CC(C)OC(C)C,openff-2.0.0,2,0.7306857903549746,0.0002251177488819,0.7090800000000002,0.000155
19115,1790,dens_960755156711549154,635,Density,<Substance CC(C)CC(C)(C)C{solv}{x=0.750000}|CC(C)OC(C)C{solv}{x=0.250000}>,CC(C)CC(C)(C)C,CC(C)OC(C)C,openff-2.0.0,2,0.7157019963052629,0.0001884448323654,0.6937500000000002,0.000155
19116,1791,dens_1165117582450092341,636,Density,<Substance CC(C)CC(C)(C)C{solv}{x=0.500900}|CC(C)OC(C)C{solv}{x=0.499100}>,CC(C)CC(C)(C)C,CC(C)OC(C)C,openff-2.0.0,2,0.7229218934734788,0.0002293138999664,0.7005900000000002,0.000105
19117,1792,dhmix_1819714300540494359,637,EnthalpyOfMixing,<Substance CC(C)CC(C)(C)C{solv}{x=0.512500}|CC(C)OC(C)C{solv}{x=0.487500}>,CC(C)CC(C)(C)C,CC(C)OC(C)C,openff-2.0.0,2,0.3488380930709809,0.0456126034668899,0.197047,0.002233
19118,1793,dhmix_2031984064821599856,638,EnthalpyOfMixing,<Substance CC(C)CC(C)(C)C{solv}{x=0.269300}|CC(C)OC(C)C{solv}{x=0.730700}>,CC(C)CC(C)(C)C,CC(C)OC(C)C,openff-2.0.0,2,0.2148482903427293,0.0512934957955392,0.158983,0.0018345
19119,1794,dens_357198687829738077,639,Density,<Substance C1CCOCC1{solv}{x=0.223500}|CCCCCC(C)=O{solv}{x=0.776500}>,C1CCOCC1,CCCCCC(C)=O,openff-2.0.0,2,0.8107989841115935,0.0001769607749283,0.8221200000000002,0.000375
19120,1795,dens_1074719884132299485,640,Density,<Substance C1CCOCC1{solv}{x=0.516600}|CCCCCC(C)=O{solv}{x=0.483400}>,C1CCOCC1,CCCCCC(C)=O,openff-2.0.0,2,0.8303588082140276,0.0002029274659891,0.8396100000000002,0.00032
19121,1796,dens_1427208283653313137,641,Density,<Substance C1CCOCC1{solv}{x=0.710100}|CCCCCC(C)=O{solv}{x=0.289900}>,C1CCOCC1,CCCCCC(C)=O,openff-2.0.0,2,0.8462028376498375,0.0002343113686272,0.8534200000000002,0.000285
19122,1797,dhmix_1485904869507380555,642,EnthalpyOfMixing,<Substance C1CCOCC1{solv}{x=0.500000}|CCCCCC(C)=O{solv}{x=0.500000}>,C1CCOCC1,CCCCCC(C)=O,openff-2.0.0,2,0.2095829013052821,0.0462843848204746,0.05773,0.000615
19123,1798,dhmix_1931504734279468677,643,EnthalpyOfMixing,<Substance C1CCOCC1{solv}{x=0.250000}|CCCCCC(C)=O{solv}{x=0.750000}>,C1CCOCC1,CCCCCC(C)=O,openff-2.0.0,2,0.1922561685600499,0.0506659463096323,0.03429,0.00053
19124,1799,dhmix_2296263041755700053,644,EnthalpyOfMixing,<Substance C1CCOCC1{solv}{x=0.750000}|CCCCCC(C)=O{solv}{x=0.250000}>,C1CCOCC1,CCCCCC(C)=O,openff-2.0.0,2,0.2645319274211317,0.044635063987776,0.05587,0.00061
19125,1800,dhmix_357499987240135169,645,EnthalpyOfMixing,<Substance CCCCC{solv}{x=0.772700}|CCCCOC=O{solv}{x=0.227300}>,CCCCC,CCCCOC=O,openff-2.0.0,2,1.330805850945211,0.0444386853762288,0.87,0.004
19126,1801,dens_435201289177646286,646,Density,<Substance CCCCC{solv}{x=0.504200}|CCCCOC=O{solv}{x=0.495800}>,CCCCC,CCCCOC=O,openff-2.0.0,2,0.7550523982951284,0.0002326544227062,0.7523000000000001,0.00024
19127,1802,dens_635752291929824010,647,Density,<Substance CCCCC{solv}{x=0.699000}|CCCCOC=O{solv}{x=0.301000}>,CCCCC,CCCCOC=O,openff-2.0.0,2,0.6945669767323265,0.0002517321023716,0.6994600000000002,0.00018
19128,1803,dhmix_869493303716364153,648,EnthalpyOfMixing,<Substance CCCCC{solv}{x=0.490500}|CCCCOC=O{solv}{x=0.509500}>,CCCCC,CCCCOC=O,openff-2.0.0,2,1.6553907617138748,0.044401741191593,0.959,0.004
19129,1804,dhmix_1188548276416925178,649,EnthalpyOfMixing,<Substance CCCCC{solv}{x=0.246000}|CCCCOC=O{solv}{x=0.754000}>,CCCCC,CCCCOC=O,openff-2.0.0,2,0.985386059914532,0.0458041061023175,0.632,0.003
19130,1805,dens_1944800378076074966,650,Density,<Substance CCCCC{solv}{x=0.247100}|CCCCOC=O{solv}{x=0.752900}>,CCCCC,CCCCOC=O,openff-2.0.0,2,0.8335278025350497,0.0002474848521292,0.8221800000000001,0.000375
19131,1806,dhmix_357740737126275220,651,EnthalpyOfMixing,<Substance CC(=O)N(C)C{solv}{x=0.212000}|CCCCCl{solv}{x=0.788000}>,CC(=O)N(C)C,CCCCCl,openff-2.0.0,2,0.4387810455645677,0.0381803857965583,0.244,0.0025
19132,1807,dens_563556088097831353,652,Density,<Substance CC(=O)N(C)C{solv}{x=0.499000}|CCCCCl{solv}{x=0.501000}>,CC(=O)N(C)C,CCCCCl,openff-2.0.0,2,0.8865097707609318,0.0002447523485048,0.9081000000000002,0.0002
19133,1808,dens_1083232356130752567,653,Density,<Substance CC(=O)N(C)C{solv}{x=0.799700}|CCCCCl{solv}{x=0.200300}>,CC(=O)N(C)C,CCCCCl,openff-2.0.0,2,0.8984580555916856,0.0002407629068157,0.9247000000000004,0.0002
19134,1809,dhmix_1487887746912587509,654,EnthalpyOfMixing,<Substance CC(=O)N(C)C{solv}{x=0.708000}|CCCCCl{solv}{x=0.292000}>,CC(=O)N(C)C,CCCCCl,openff-2.0.0,2,0.5160802662121213,0.042247671172784,0.305,0.0025
19135,1810,dens_1662749398344255132,655,Density,<Substance CC(=O)N(C)C{solv}{x=0.210500}|CCCCCl{solv}{x=0.789500}>,CC(=O)N(C)C,CCCCCl,openff-2.0.0,2,0.873357255148603,0.0002915495485618,0.8918000000000001,0.0002
19136,1811,dhmix_2085343422065298965,656,EnthalpyOfMixing,<Substance CC(=O)N(C)C{solv}{x=0.511000}|CCCCCl{solv}{x=0.489000}>,CC(=O)N(C)C,CCCCCl,openff-2.0.0,2,0.5349846717395792,0.0387987490191259,0.363,0.0025
19137,1812,dhmix_359626193748497849,657,EnthalpyOfMixing,<Substance C1CCOCC1{solv}{x=0.750000}|O=C1CCCCC1{solv}{x=0.250000}>,C1CCOCC1,O=C1CCCCC1,openff-2.0.0,2,-0.0120587583669191,0.0413515144745001,0.07698,0.00069
19138,1813,dhmix_709905971434026360,658,EnthalpyOfMixing,<Substance C1CCOCC1{solv}{x=0.250000}|O=C1CCCCC1{solv}{x=0.750000}>,C1CCOCC1,O=C1CCCCC1,openff-2.0.0,2,0.1140296169625685,0.0424003624695021,0.05827,0.00062
19139,1814,dens_996263306280392228,659,Density,<Substance C1CCOCC1{solv}{x=0.500900}|O=C1CCCCC1{solv}{x=0.499100}>,C1CCOCC1,O=C1CCCCC1,openff-2.0.0,2,0.901317157532474,0.0002094136603247,0.9160300000000002,0.000505
19140,1815,dens_1296485655493191092,660,Density,<Substance C1CCOCC1{solv}{x=0.247100}|O=C1CCCCC1{solv}{x=0.752900}>,C1CCOCC1,O=C1CCCCC1,openff-2.0.0,2,0.912194956770278,0.0002203310628489,0.9305900000000004,0.000505
19141,1816,dhmix_1617652800437548554,661,EnthalpyOfMixing,<Substance C1CCOCC1{solv}{x=0.500000}|O=C1CCCCC1{solv}{x=0.500000}>,C1CCOCC1,O=C1CCCCC1,openff-2.0.0,2,0.069385403579588,0.0422095118437394,0.08658,0.000725
19142,1817,dens_2134919398794801459,662,Density,<Substance C1CCOCC1{solv}{x=0.738900}|O=C1CCCCC1{solv}{x=0.261100}>,C1CCOCC1,O=C1CCCCC1,openff-2.0.0,2,0.8899667563915669,0.0002337823968771,0.9000800000000002,0.000505
19143,1818,dens_371429494256072686,663,Density,<Substance COC=O{solv}{x=0.513800}|ClCCCCl{solv}{x=0.486200}>,COC=O,ClCCCCl,openff-2.0.0,2,1.1031101269506864,0.0003091991013044,1.08831,0.00025
19144,1819,dens_416463243686186519,664,Density,<Substance COC=O{solv}{x=0.738400}|ClCCCCl{solv}{x=0.261600}>,COC=O,ClCCCCl,openff-2.0.0,2,1.071175906935352,0.0004928086105596,1.03754,0.0002
19145,1820,dhmix_573570621261992547,665,EnthalpyOfMixing,<Substance COC=O{solv}{x=0.767400}|ClCCCCl{solv}{x=0.232600}>,COC=O,ClCCCCl,openff-2.0.0,2,0.8228132649845179,0.0338207101823166,0.2841,0.0015
19146,1821,dens_1665007650151393058,666,Density,<Substance COC=O{solv}{x=0.244000}|ClCCCCl{solv}{x=0.756000}>,COC=O,ClCCCCl,openff-2.0.0,2,1.1356696286692811,0.0003857793139236,1.1395000000000002,0.0003
19147,1822,dhmix_2050640017895200777,667,EnthalpyOfMixing,<Substance COC=O{solv}{x=0.502400}|ClCCCCl{solv}{x=0.497600}>,COC=O,ClCCCCl,openff-2.0.0,2,1.639061128392008,0.0364368334034327,0.3503,0.00175
19148,1823,dhmix_2121310957223924646,668,EnthalpyOfMixing,<Substance COC=O{solv}{x=0.202400}|ClCCCCl{solv}{x=0.797600}>,COC=O,ClCCCCl,openff-2.0.0,2,0.908956123288604,0.0386300054733872,0.2064,0.0012
19149,1824,dens_380799246642881225,669,Density,<Substance Cc1ccncc1{solv}{x=0.500000}|O{solv}{x=0.500000}>,Cc1ccncc1,O,openff-2.0.0,2,0.9562313589205492,0.0003049928780087,0.9704000000000004,0.0005
19150,1825,dens_1024460369591354985,670,Density,<Substance Cc1ccncc1{solv}{x=0.225000}|O{solv}{x=0.775000}>,Cc1ccncc1,O,openff-2.0.0,2,0.961605572894444,0.0003829077112007,0.9848000000000002,0.0004
19151,1826,dens_1867704914487230306,671,Density,<Substance Cc1ccncc1{solv}{x=0.750000}|O{solv}{x=0.250000}>,Cc1ccncc1,O,openff-2.0.0,2,0.9542061420816556,0.0002420623986016,0.9614000000000004,0.0004
19152,1827,dhmix_396839331496923568,672,EnthalpyOfMixing,<Substance CCCOC(=O)CC{solv}{x=0.237600}|ClCCCl{solv}{x=0.762400}>,CCCOC(=O)CC,ClCCCl,openff-2.0.0,2,-0.3004648809180565,1.279565551271212e-05,-0.317,0.0035
19153,1828,dens_1025242301432619836,673,Density,<Substance CCCOC(=O)CC{solv}{x=0.518800}|ClCCCl{solv}{x=0.481200}>,CCCOC(=O)CC,ClCCCl,openff-2.0.0,2,1.0039130304865116,1e-05,1.0064000000000002,0.000905
19154,1829,dens_1654149510571748883,674,Density,<Substance CCCOC(=O)CC{solv}{x=0.731600}|ClCCCl{solv}{x=0.268400}>,CCCOC(=O)CC,ClCCCl,openff-2.0.0,2,0.9415568410067164,1e-05,0.9416300000000002,0.00041
19155,1830,dens_1804016971158746429,675,Density,<Substance CCCOC(=O)CC{solv}{x=0.243700}|ClCCCl{solv}{x=0.756300}>,CCCOC(=O)CC,ClCCCl,openff-2.0.0,2,1.1050653661596477,1e-05,1.11431,0.002155
19156,1831,dhmix_1840109043188951916,676,EnthalpyOfMixing,<Substance CCCOC(=O)CC{solv}{x=0.517700}|ClCCCl{solv}{x=0.482300}>,CCCOC(=O)CC,ClCCCl,openff-2.0.0,2,-0.5438253295386488,1.225009387719131e-05,-0.557,0.006
19157,1832,dhmix_1924188358781329171,677,EnthalpyOfMixing,<Substance CCCOC(=O)CC{solv}{x=0.787400}|ClCCCl{solv}{x=0.212600}>,CCCOC(=O)CC,ClCCCl,openff-2.0.0,2,-0.309070140049144,1.2902472631243985e-05,-0.357,0.004
19158,1833,dhmix_408170436877433675,678,EnthalpyOfMixing,<Substance CCCCC{solv}{x=0.229800}|CCOC=O{solv}{x=0.770200}>,CCCCC,CCOC=O,openff-2.0.0,2,1.4437501419491667,0.0466102253107143,1.016,0.0045
19159,1834,dens_1159257310358090227,679,Density,<Substance CCCCC{solv}{x=0.748000}|CCOC=O{solv}{x=0.252000}>,CCCCC,CCOC=O,openff-2.0.0,2,0.6663289818359881,0.000259034454042,0.6707000000000002,0.000165
19160,1835,dhmix_1897634982824334825,680,EnthalpyOfMixing,<Substance CCCCC{solv}{x=0.500100}|CCOC=O{solv}{x=0.499900}>,CCCCC,CCOC=O,openff-2.0.0,2,1.7994366946077776,0.0383791779315867,1.354,0.0055
19161,1836,dens_1931965346092446599,681,Density,<Substance CCCCC{solv}{x=0.504000}|CCOC=O{solv}{x=0.496000}>,CCCCC,CCOC=O,openff-2.0.0,2,0.7413667905484833,0.0002966733269887,0.7333000000000002,0.00024
19162,1837,dens_2086304425324215507,682,Density,<Substance CCCCC{solv}{x=0.298000}|CCOC=O{solv}{x=0.702000}>,CCCCC,CCOC=O,openff-2.0.0,2,0.8170694206871486,0.0002877113165479,0.7971000000000003,0.000345
19163,1838,dhmix_2117998354372981576,683,EnthalpyOfMixing,<Substance CCCCC{solv}{x=0.777900}|CCOC=O{solv}{x=0.222100}>,CCCCC,CCOC=O,openff-2.0.0,2,1.8081184278470064,0.0449007712969581,1.051,0.0045
19164,1839,dens_415189671276159712,684,Density,<Substance NCCO{solv}{x=0.785350}|c1ccncc1{solv}{x=0.214650}>,NCCO,c1ccncc1,openff-2.0.0,2,1.0480722127865236,0.000287806615675,1.002592,0.000101
19165,1840,dhmix_607563797490786343,685,EnthalpyOfMixing,<Substance NCCO{solv}{x=0.559360}|c1ccncc1{solv}{x=0.440640}>,NCCO,c1ccncc1,openff-2.0.0,2,0.9926480185436616,0.0397477195705563,0.824,0.0035
19166,1841,dhmix_783614050589043390,686,EnthalpyOfMixing,<Substance NCCO{solv}{x=0.248120}|c1ccncc1{solv}{x=0.751880}>,NCCO,c1ccncc1,openff-2.0.0,2,0.9791502372089697,0.0380256311002085,0.779,0.0035
19167,1842,dens_907288549206652702,687,Density,<Substance NCCO{solv}{x=0.558640}|c1ccncc1{solv}{x=0.441360}>,NCCO,c1ccncc1,openff-2.0.0,2,1.0258843236587971,0.000246559778202,0.9936870000000002,0.0001015
19168,1843,dhmix_1092036220949585875,688,EnthalpyOfMixing,<Substance NCCO{solv}{x=0.746780}|c1ccncc1{solv}{x=0.253220}>,NCCO,c1ccncc1,openff-2.0.0,2,0.5979847597861436,0.0367159952128618,0.612,0.003
19169,1844,dens_2278246591298089898,689,Density,<Substance NCCO{solv}{x=0.210010}|c1ccncc1{solv}{x=0.789990}>,NCCO,c1ccncc1,openff-2.0.0,2,0.997395297012985,0.0002574831694524,0.9825660000000004,0.0001015
19170,1845,dens_419188249264987147,690,Density,<Substance CCCCC(=O)OCC{solv}{x=0.492100}|CCOC(C)=O{solv}{x=0.507900}>,CCCCC(=O)OCC,CCOC(C)=O,openff-2.0.0,2,0.8848146517442818,0.0002117853034405,0.8787300000000002,0.00012
19171,1846,dens_667714041205021070,691,Density,<Substance CCCCC(=O)OCC{solv}{x=0.304700}|CCOC(C)=O{solv}{x=0.695300}>,CCCCC(=O)OCC,CCOC(C)=O,openff-2.0.0,2,0.8904569698781641,0.0002827724914356,0.8836400000000002,0.00012
19172,1847,dhmix_1137774316856842141,692,EnthalpyOfMixing,<Substance CCCCC(=O)OCC{solv}{x=0.737600}|CCOC(C)=O{solv}{x=0.262400}>,CCCCC(=O)OCC,CCOC(C)=O,openff-2.0.0,2,0.0060859770870393,0.0492589736444472,0.114,0.0015
19173,1848,dhmix_1322441082145072072,693,EnthalpyOfMixing,<Substance CCCCC(=O)OCC{solv}{x=0.279900}|CCOC(C)=O{solv}{x=0.720100}>,CCCCC(=O)OCC,CCOC(C)=O,openff-2.0.0,2,0.1193079832448731,0.0342721981096221,0.139,0.0015
19174,1849,dens_1682638395920841051,694,Density,<Substance CCCCC(=O)OCC{solv}{x=0.752600}|CCOC(C)=O{solv}{x=0.247400}>,CCCCC(=O)OCC,CCOC(C)=O,openff-2.0.0,2,0.8778940332838765,0.0001612233331162,0.8732900000000001,0.00012
19175,1850,dhmix_2161842751879945948,695,EnthalpyOfMixing,<Substance CCCCC(=O)OCC{solv}{x=0.519800}|CCOC(C)=O{solv}{x=0.480200}>,CCCCC(=O)OCC,CCOC(C)=O,openff-2.0.0,2,0.0387976015098701,0.0457896042987183,0.154,0.002
19176,1851,dhmix_419593950323214290,696,EnthalpyOfMixing,<Substance CCCCCC(C)=O{solv}{x=0.780400}|CCN(CC)CC{solv}{x=0.219600}>,CCCCCC(C)=O,CCN(CC)CC,openff-2.0.0,2,0.2738395256009482,0.0411481826808099,0.216,0.0025
19177,1852,dens_651921010645567431,697,Density,<Substance CCCCCC(C)=O{solv}{x=0.259800}|CCN(CC)CC{solv}{x=0.740200}>,CCCCCC(C)=O,CCN(CC)CC,openff-2.0.0,2,0.7433025911544096,0.0002025689765995,0.7465820000000002,8.950000000000002e-05
19178,1853,dens_995831511901627711,698,Density,<Substance CCCCCC(C)=O{solv}{x=0.748400}|CCN(CC)CC{solv}{x=0.251600}>,CCCCCC(C)=O,CCN(CC)CC,openff-2.0.0,2,0.7802854685848297,0.0002038856644906,0.7899410000000002,0.0001055
19179,1854,dhmix_1001984601109558110,699,EnthalpyOfMixing,<Substance CCCCCC(C)=O{solv}{x=0.492000}|CCN(CC)CC{solv}{x=0.508000}>,CCCCCC(C)=O,CCN(CC)CC,openff-2.0.0,2,0.457195322704564,0.0457142332441847,0.419,0.0045
19180,1855,dens_1887829851815986883,700,Density,<Substance CCCCCC(C)=O{solv}{x=0.503200}|CCN(CC)CC{solv}{x=0.496800}>,CCCCCC(C)=O,CCN(CC)CC,openff-2.0.0,2,0.7619953632393066,0.0002034085464397,0.7684760000000002,9.800000000000002e-05
19181,1856,dhmix_2085744568401562111,701,EnthalpyOfMixing,<Substance CCCCCC(C)=O{solv}{x=0.293900}|CCN(CC)CC{solv}{x=0.706100}>,CCCCCC(C)=O,CCN(CC)CC,openff-2.0.0,2,0.4399546527900213,0.0507766689000423,0.412,0.0045
19182,1857,dens_436049638479549968,702,Density,<Substance COC=O{solv}{x=0.472500}|ClCCCl{solv}{x=0.527500}>,COC=O,ClCCCl,openff-2.0.0,2,1.1393383215509267,0.0004178122031583,1.1269600000000004,0.000285
19183,1858,dens_627145458965592302,703,Density,<Substance COC=O{solv}{x=0.753000}|ClCCCl{solv}{x=0.247000}>,COC=O,ClCCCl,openff-2.0.0,2,1.0841709731213396,0.0004192874469645,1.0461600000000004,0.000205
19184,1859,dhmix_731680623269260416,704,EnthalpyOfMixing,<Substance COC=O{solv}{x=0.250800}|ClCCCl{solv}{x=0.749200}>,COC=O,ClCCCl,openff-2.0.0,2,0.8642269708557251,0.0299940682080254,0.0793,0.0007
19185,1860,dens_1488543630772933598,705,Density,<Substance COC=O{solv}{x=0.279500}|ClCCCl{solv}{x=0.720500}>,COC=O,ClCCCl,openff-2.0.0,2,1.1764294695692172,0.0003310108177022,1.1777100000000005,0.00034
19186,1861,dhmix_2170321998768851974,706,EnthalpyOfMixing,<Substance COC=O{solv}{x=0.732200}|ClCCCl{solv}{x=0.267800}>,COC=O,ClCCCl,openff-2.0.0,2,1.0863062149360871,0.0336238876111721,0.0733,0.00065
19187,1862,dhmix_2249001225536869896,707,EnthalpyOfMixing,<Substance COC=O{solv}{x=0.487400}|ClCCCl{solv}{x=0.512600}>,COC=O,ClCCCl,openff-2.0.0,2,1.1803370168580685,0.031468139751126,0.1028,0.0008
19188,1863,dhmix_442816374747487477,708,EnthalpyOfMixing,<Substance NCCCNCCCN{solv}{x=0.801500}|O{solv}{x=0.198500}>,NCCCNCCCN,O,openff-2.0.0,2,-1.2754958118125757,1.2969844467616518e-05,-2.233,0.024
19189,1864,dhmix_1795382205757805615,709,EnthalpyOfMixing,<Substance NCCCNCCCN{solv}{x=0.300500}|O{solv}{x=0.699500}>,NCCCNCCCN,O,openff-2.0.0,2,-4.280253328992329,1.2568850146772776e-05,-6.588,0.07
19190,1865,dhmix_1814950732748396893,710,EnthalpyOfMixing,<Substance NCCCNCCCN{solv}{x=0.499800}|O{solv}{x=0.500200}>,NCCCNCCCN,O,openff-2.0.0,2,-3.6750817913371705,1.2247448713915892e-05,-5.544,0.059
19191,1866,dhmix_446869196417408130,711,EnthalpyOfMixing,<Substance NCCNCCO{solv}{x=0.770000}|O{solv}{x=0.230000}>,NCCNCCO,O,openff-2.0.0,2,-1.6615176413490644,1.282887368399892e-05,-1.711,0.035
19192,1867,dhmix_673839467313503071,712,EnthalpyOfMixing,<Substance NCCNCCO{solv}{x=0.069900}|O{solv}{x=0.930100}>,NCCNCCO,O,openff-2.0.0,2,-0.5348879253343632,1.3674063039199432e-05,-1.713,0.035
19193,1868,dens_688094438561771555,713,Density,<Substance NCCNCCO{solv}{x=0.799700}|O{solv}{x=0.200300}>,NCCNCCO,O,openff-2.0.0,2,1.0859198466067648,1e-05,1.0318300000000002,0.00024
19194,1869,dhmix_1682883323293489147,714,EnthalpyOfMixing,<Substance NCCNCCO{solv}{x=0.400100}|O{solv}{x=0.599900}>,NCCNCCO,O,openff-2.0.0,2,-1.6966078468314407,1.2328828005937951e-05,-4.15,0.0845
19195,1870,dens_2045176885611624977,715,Density,<Substance NCCNCCO{solv}{x=0.070000}|O{solv}{x=0.930000}>,NCCNCCO,O,openff-2.0.0,2,1.0222999039309906,1e-05,1.0222800000000003,0.000125
19196,1871,dens_2280714043292214506,716,Density,<Substance NCCNCCO{solv}{x=0.399700}|O{solv}{x=0.600300}>,NCCNCCO,O,openff-2.0.0,2,1.0662899478843533,1e-05,1.0370100000000002,0.00017
19197,1872,dens_448105363780466270,717,Density,<Substance CCCCCCCl{solv}{x=0.498300}|CN(C)C=O{solv}{x=0.501700}>,CCCCCCCl,CN(C)C=O,openff-2.0.0,2,0.885935046404896,0.0002519604056122,0.8974000000000002,0.0003
19198,1873,dens_1134260732394863277,718,Density,<Substance CCCCCCCl{solv}{x=0.729300}|CN(C)C=O{solv}{x=0.270700}>,CCCCCCCl,CN(C)C=O,openff-2.0.0,2,0.8753318032313819,0.0002342209436815,0.8844000000000002,0.0003
19199,1874,dhmix_1150917243327149472,719,EnthalpyOfMixing,<Substance CCCCCCCl{solv}{x=0.500000}|CN(C)C=O{solv}{x=0.500000}>,CCCCCCCl,CN(C)C=O,openff-2.0.0,2,1.1685988665171578,0.0375801397348912,0.847,0.004
19200,1875,dhmix_1166656674614639609,720,EnthalpyOfMixing,<Substance CCCCCCCl{solv}{x=0.204000}|CN(C)C=O{solv}{x=0.796000}>,CCCCCCCl,CN(C)C=O,openff-2.0.0,2,0.8823467681132655,0.0377783644870334,0.583,0.004
19201,1876,dhmix_1262474968830454367,721,EnthalpyOfMixing,<Substance CCCCCCCl{solv}{x=0.795000}|CN(C)C=O{solv}{x=0.205000}>,CCCCCCCl,CN(C)C=O,openff-2.0.0,2,0.8509391715686832,0.0476549342351389,0.542,0.0035
19202,1877,dens_1862934255267356180,722,Density,<Substance CCCCCCCl{solv}{x=0.200700}|CN(C)C=O{solv}{x=0.799300}>,CCCCCCCl,CN(C)C=O,openff-2.0.0,2,0.9066117581199632,0.0002249998372394,0.9218000000000002,0.00025
19203,1878,dhmix_457000181442392641,723,EnthalpyOfMixing,<Substance CCOCCO{solv}{x=0.241100}|c1ccccc1{solv}{x=0.758900}>,CCOCCO,c1ccccc1,openff-2.0.0,2,0.5626227675481061,0.0412868770354772,0.6303,0.00815
19204,1879,dhmix_501726034520661035,724,EnthalpyOfMixing,<Substance CCOCCO{solv}{x=0.733600}|c1ccccc1{solv}{x=0.266400}>,CCOCCO,c1ccccc1,openff-2.0.0,2,0.4145025406526201,0.0442731012874303,0.2326,0.0033
19205,1880,dens_577983044895299238,725,Density,<Substance CCOCCO{solv}{x=0.251800}|c1ccccc1{solv}{x=0.748200}>,CCOCCO,c1ccccc1,openff-2.0.0,2,0.8794849080939676,0.0002668978761932,0.8849000000000002,0.00081
19206,1881,dens_1506946378386070831,726,Density,<Substance CCOCCO{solv}{x=0.750800}|c1ccccc1{solv}{x=0.249200}>,CCOCCO,c1ccccc1,openff-2.0.0,2,0.9129744406423076,0.0002347964397753,0.9134500000000004,0.000685
19207,1882,dhmix_1801594081157333975,727,EnthalpyOfMixing,<Substance CCOCCO{solv}{x=0.478600}|c1ccccc1{solv}{x=0.521400}>,CCOCCO,c1ccccc1,openff-2.0.0,2,0.6013122684056782,0.0445645813478529,0.4912,0.00645
19208,1883,dens_2128846755225827916,728,Density,<Substance CCOCCO{solv}{x=0.504800}|c1ccccc1{solv}{x=0.495200}>,CCOCCO,c1ccccc1,openff-2.0.0,2,0.8964194837363569,0.0002761010203203,0.8995700000000003,0.000745
19209,1884,dhmix_466383569529620932,729,EnthalpyOfMixing,<Substance CC(=O)N(C)C{solv}{x=0.505000}|CCCCCCCl{solv}{x=0.495000}>,CC(=O)N(C)C,CCCCCCCl,openff-2.0.0,2,0.8291283300033996,0.0409508507303689,0.61,0.003
19210,1885,dhmix_493694362228351572,730,EnthalpyOfMixing,<Substance CC(=O)N(C)C{solv}{x=0.798000}|CCCCCCCl{solv}{x=0.202000}>,CC(=O)N(C)C,CCCCCCCl,openff-2.0.0,2,0.5627004258476234,0.0440044668471081,0.425,0.003
19211,1886,dhmix_626564461179097700,731,EnthalpyOfMixing,<Substance CC(=O)N(C)C{solv}{x=0.211000}|CCCCCCCl{solv}{x=0.789000}>,CC(=O)N(C)C,CCCCCCCl,openff-2.0.0,2,0.5036468633952325,0.048336384913697,0.38,0.003
19212,1887,dens_1720641323575133011,732,Density,<Substance CC(=O)N(C)C{solv}{x=0.200300}|CCCCCCCl{solv}{x=0.799700}>,CC(=O)N(C)C,CCCCCCCl,openff-2.0.0,2,0.8713260354700092,0.0001640748689486,0.8816000000000003,0.00025
19213,1888,dens_1817345990638851984,733,Density,<Substance CC(=O)N(C)C{solv}{x=0.503000}|CCCCCCCl{solv}{x=0.497000}>,CC(=O)N(C)C,CCCCCCCl,openff-2.0.0,2,0.8824342932158827,0.0002594597657473,0.8975000000000002,0.00025
19214,1889,dens_1885054129776339889,734,Density,<Substance CC(=O)N(C)C{solv}{x=0.699200}|CCCCCCCl{solv}{x=0.300800}>,CC(=O)N(C)C,CCCCCCCl,openff-2.0.0,2,0.8903133220062929,0.0002447313121795,0.9104000000000002,0.0002
19215,1890,dens_468507243072548580,735,Density,<Substance CCC#N{solv}{x=0.701200}|CCOC(C)(C)CC{solv}{x=0.298800}>,CCC#N,CCOC(C)(C)CC,openff-2.0.0,2,0.7759471668305612,0.0002361763550515,0.7715000000000002,0.0004
19216,1891,dhmix_553135124490085656,736,EnthalpyOfMixing,<Substance CCC#N{solv}{x=0.502500}|CCOC(C)(C)CC{solv}{x=0.497500}>,CCC#N,CCOC(C)(C)CC,openff-2.0.0,2,0.4057167285956211,0.0411999000211024,0.7023,0.00955
19217,1892,dens_762108332272225600,737,Density,<Substance CCC#N{solv}{x=0.502500}|CCOC(C)(C)CC{solv}{x=0.497500}>,CCC#N,CCOC(C)(C)CC,openff-2.0.0,2,0.7733945361674011,0.0002134369764444,0.7683000000000001,0.00035
19218,1893,dens_967634241844220739,738,Density,<Substance CCC#N{solv}{x=0.200900}|CCOC(C)(C)CC{solv}{x=0.799100}>,CCC#N,CCOC(C)(C)CC,openff-2.0.0,2,0.7697728296517072,0.0001891405974309,0.7638000000000001,0.00025
19219,1894,dhmix_1961082112686431376,739,EnthalpyOfMixing,<Substance CCC#N{solv}{x=0.200900}|CCOC(C)(C)CC{solv}{x=0.799100}>,CCC#N,CCOC(C)(C)CC,openff-2.0.0,2,0.19716829716549,0.0530988620683983,0.502,0.00685
19220,1895,dhmix_2005765786246998093,740,EnthalpyOfMixing,<Substance CCC#N{solv}{x=0.701200}|CCOC(C)(C)CC{solv}{x=0.298800}>,CCC#N,CCOC(C)(C)CC,openff-2.0.0,2,0.2827583126202029,0.0360298481271788,0.5863,0.008
19221,1896,dhmix_471514663464011364,741,EnthalpyOfMixing,<Substance C1CCOCC1{solv}{x=0.722000}|CCCCCO{solv}{x=0.278000}>,C1CCOCC1,CCCCCO,openff-2.0.0,2,0.9693295430999456,0.0441027504100609,0.8628,0.00745
19222,1897,dens_910343796235321484,742,Density,<Substance C1CCOCC1{solv}{x=0.298700}|CCCCCO{solv}{x=0.701300}>,C1CCOCC1,CCCCCO,openff-2.0.0,2,0.8256736945571784,0.0002250010467444,0.8293300000000002,0.00034
19223,1898,dens_1812069868432416079,743,Density,<Substance C1CCOCC1{solv}{x=0.800000}|CCCCCO{solv}{x=0.200000}>,C1CCOCC1,CCCCCO,openff-2.0.0,2,0.8602050625814592,0.0002154973527346,0.8635900000000002,0.000315
19224,1899,dhmix_1936206883965149188,744,EnthalpyOfMixing,<Substance C1CCOCC1{solv}{x=0.526000}|CCCCCO{solv}{x=0.474000}>,C1CCOCC1,CCCCCO,openff-2.0.0,2,1.1465416779916495,0.0421927260225173,0.97,0.00615
19225,1900,dhmix_1992318015190346725,745,EnthalpyOfMixing,<Substance C1CCOCC1{solv}{x=0.217000}|CCCCCO{solv}{x=0.783000}>,C1CCOCC1,CCCCCO,openff-2.0.0,2,0.674600247386536,0.0433714484793229,0.6006,0.00455
19226,1901,dens_2204330198012032768,746,Density,<Substance C1CCOCC1{solv}{x=0.499400}|CCCCCO{solv}{x=0.500600}>,C1CCOCC1,CCCCCO,openff-2.0.0,2,0.8382995597736007,0.0001801741225052,0.8425400000000002,0.00033
19227,1902,dhmix_472822428299818953,747,EnthalpyOfMixing,<Substance CC(C)CC(C)(C)C{solv}{x=0.700500}|CCCCO{solv}{x=0.299500}>,CC(C)CC(C)(C)C,CCCCO,openff-2.0.0,2,0.7818586777375742,1.257203858776891e-05,0.6228,0.0028
19228,1903,dhmix_628387028768654403,748,EnthalpyOfMixing,<Substance CC(C)CC(C)(C)C{solv}{x=0.499900}|CCCCO{solv}{x=0.500100}>,CC(C)CC(C)(C)C,CCCCO,openff-2.0.0,2,0.699072098625976,1.2247448713915892e-05,0.5938,0.0027
19229,1904,dens_631668933678639865,749,Density,<Substance CC(C)CC(C)(C)C{solv}{x=0.200000}|CCCCO{solv}{x=0.800000}>,CC(C)CC(C)(C)C,CCCCO,openff-2.0.0,2,0.7731161560528462,1e-05,0.7696800000000001,0.000295
19230,1905,dens_1394470087977586253,750,Density,<Substance CC(C)CC(C)(C)C{solv}{x=0.500000}|CCCCO{solv}{x=0.500000}>,CC(C)CC(C)(C)C,CCCCO,openff-2.0.0,2,0.7418901183466358,1e-05,0.7294000000000002,0.000285
19231,1906,dens_1809610870413503056,751,Density,<Substance CC(C)CC(C)(C)C{solv}{x=0.699900}|CCCCO{solv}{x=0.300100}>,CC(C)CC(C)(C)C,CCCCO,openff-2.0.0,2,0.7273592616293264,1e-05,0.7097700000000001,0.000285
19232,1907,dhmix_2302589146189152767,752,EnthalpyOfMixing,<Substance CC(C)CC(C)(C)C{solv}{x=0.200200}|CCCCO{solv}{x=0.799800}>,CC(C)CC(C)(C)C,CCCCO,openff-2.0.0,2,0.3419389533113985,1.2961481396815724e-05,0.27646,0.003235
19233,1908,dens_486902622078179007,753,Density,<Substance COC=O{solv}{x=0.494600}|CO{solv}{x=0.505400}>,CO,COC=O,openff-2.0.0,2,0.9177388724707948,0.0004688410371395,0.8956100000000002,7.500000000000002e-05
19234,1909,dens_750646162221180186,754,Density,<Substance COC=O{solv}{x=0.083300}|CO{solv}{x=0.916700}>,CO,COC=O,openff-2.0.0,2,0.796067710333076,0.0004254891930923,0.8088000000000002,9.000000000000002e-05
19235,1910,dhmix_1113631207235753369,755,EnthalpyOfMixing,<Substance COC=O{solv}{x=0.717800}|CO{solv}{x=0.282200}>,CO,COC=O,openff-2.0.0,2,0.7618351334923332,0.0344291068748208,1.105,0.012
19236,1911,dhmix_2143911117683117531,756,EnthalpyOfMixing,<Substance COC=O{solv}{x=0.512700}|CO{solv}{x=0.487300}>,CO,COC=O,openff-2.0.0,2,1.323815000834465,0.0264705848187394,1.179,0.0125
19237,1912,dens_2148324189014877510,757,Density,<Substance COC=O{solv}{x=0.727100}|CO{solv}{x=0.272900}>,CO,COC=O,openff-2.0.0,2,0.96730665669736,0.0003274978156757,0.9321000000000004,8.000000000000002e-05
19238,1913,dhmix_2205254965267695203,758,EnthalpyOfMixing,<Substance COC=O{solv}{x=0.083300}|CO{solv}{x=0.916700}>,CO,COC=O,openff-2.0.0,2,0.3618989780790294,0.0309351406959306,0.311,0.0035
19239,1914,dhmix_497300242003673148,759,EnthalpyOfMixing,<Substance BrCCBr{solv}{x=0.284100}|CCCCOC(=O)CCC{solv}{x=0.715900}>,BrCCBr,CCCCOC(=O)CCC,openff-2.0.0,2,-0.692487912964566,0.0509206504648924,-0.054,0.001
19240,1915,dhmix_712261179736749495,760,EnthalpyOfMixing,<Substance BrCCBr{solv}{x=0.515300}|CCCCOC(=O)CCC{solv}{x=0.484700}>,BrCCBr,CCCCOC(=O)CCC,openff-2.0.0,2,-0.7290921642325969,0.0437733544175201,-0.027,0.0005
19241,1916,dens_846614854165535724,761,Density,<Substance BrCCBr{solv}{x=0.212900}|CCCCOC(=O)CCC{solv}{x=0.787100}>,BrCCBr,CCCCOC(=O)CCC,openff-2.0.0,2,1.0230424640558091,0.0002087747901339,1.0245500000000003,0.00013
19242,1917,dens_1085110183353279404,762,Density,<Substance BrCCBr{solv}{x=0.730000}|CCCCOC(=O)CCC{solv}{x=0.270000}>,BrCCBr,CCCCOC(=O)CCC,openff-2.0.0,2,1.605711811685212,0.0003517690373053,1.6231500000000003,0.000405
19243,1918,dhmix_2153957437015117204,763,EnthalpyOfMixing,<Substance BrCCBr{solv}{x=0.763900}|CCCCOC(=O)CCC{solv}{x=0.236100}>,BrCCBr,CCCCOC(=O)CCC,openff-2.0.0,2,-0.5017544035278121,0.0372019985074982,0.051,0.001
19244,1919,dens_2242615301342819560,764,Density,<Substance BrCCBr{solv}{x=0.449300}|CCCCOC(=O)CCC{solv}{x=0.550700}>,BrCCBr,CCCCOC(=O)CCC,openff-2.0.0,2,1.2457912071213129,0.0002186057976546,1.2506100000000002,0.000225
19245,1920,dens_501060706627477242,765,Density,<Substance OC1=NCCC1{solv}{x=0.500000}|O{solv}{x=0.500000}>,O,OC1=NCCC1,openff-2.0.0,2,1.053560181451718,0.0002957514126988,1.0977070000000004,0.0005555
19246,1921,dens_929065521104254808,766,Density,<Substance OC1=NCCC1{solv}{x=0.744800}|O{solv}{x=0.255200}>,O,OC1=NCCC1,openff-2.0.0,2,1.0631681171015763,0.0002712965470726,1.1044310000000004,0.000577
19247,1922,dhmix_1128968771311392860,767,EnthalpyOfMixing,<Substance OC1=NCCC1{solv}{x=0.769300}|O{solv}{x=0.230700}>,O,OC1=NCCC1,openff-2.0.0,2,1.015306078771495,0.0379896083350302,-0.678,0.1695
19248,1923,dens_1192491633684345401,768,Density,<Substance OC1=NCCC1{solv}{x=0.246800}|O{solv}{x=0.753200}>,O,OC1=NCCC1,openff-2.0.0,2,1.034319956919031,0.000384354925872,1.077068,0.0004905
19249,1924,dhmix_1775375132531538271,769,EnthalpyOfMixing,<Substance OC1=NCCC1{solv}{x=0.478300}|O{solv}{x=0.521700}>,O,OC1=NCCC1,openff-2.0.0,2,0.8763323812653923,0.027308685284887,-0.8384,0.20965
19250,1925,dhmix_1895825007089845103,770,EnthalpyOfMixing,<Substance OC1=NCCC1{solv}{x=0.231900}|O{solv}{x=0.768100}>,O,OC1=NCCC1,openff-2.0.0,2,0.722103703327889,0.0243387713707461,-0.5238,0.13095
19251,1926,dens_502738970558558534,771,Density,<Substance BrCCBr{solv}{x=0.749000}|COC=O{solv}{x=0.251000}>,BrCCBr,COC=O,openff-2.0.0,2,1.9062179231497691,0.0006727080041114,1.9319600000000008,0.003535
19252,1927,dhmix_523129341332875255,772,EnthalpyOfMixing,<Substance BrCCBr{solv}{x=0.059500}|COC=O{solv}{x=0.940500}>,BrCCBr,COC=O,openff-2.0.0,2,0.0479461112437427,0.0414196093888743,0.1715,0.00215
19253,1928,dens_528986974844153101,773,Density,<Substance BrCCBr{solv}{x=0.059800}|COC=O{solv}{x=0.940200}>,BrCCBr,COC=O,openff-2.0.0,2,1.115485273295474,0.0003797186257857,1.06428,0.00056
19254,1929,dhmix_1521152703631810888,774,EnthalpyOfMixing,<Substance BrCCBr{solv}{x=0.757400}|COC=O{solv}{x=0.242600}>,BrCCBr,COC=O,openff-2.0.0,2,0.736327470104122,0.0321883580639092,0.653,0.00585
19255,1930,dhmix_1685647138770344206,775,EnthalpyOfMixing,<Substance BrCCBr{solv}{x=0.528100}|COC=O{solv}{x=0.471900}>,BrCCBr,COC=O,openff-2.0.0,2,1.1281108818378769,0.0353813308713428,0.8123,0.00705
19256,1931,dens_1945150067923572864,776,Density,<Substance BrCCBr{solv}{x=0.501500}|COC=O{solv}{x=0.498500}>,BrCCBr,COC=O,openff-2.0.0,2,1.6733526653354065,0.0005405613740761,1.6620300000000003,0.00232
19257,1932,dens_511283508189056955,777,Density,<Substance CCO{solv}{x=0.291400}|CN(C)CCO{solv}{x=0.708600}>,CCO,CN(C)CCO,openff-2.0.0,2,0.8708937782915556,0.0002492251738002,0.8710100000000002,0.000165
19258,1933,dhmix_1055456388735168345,778,EnthalpyOfMixing,<Substance CCO{solv}{x=0.508400}|CN(C)CCO{solv}{x=0.491600}>,CCO,CN(C)CCO,openff-2.0.0,2,-0.4152239985043309,0.0324907626238657,-0.4044,0.0044
19259,1934,dens_1119930253414624267,779,Density,<Substance CCO{solv}{x=0.699500}|CN(C)CCO{solv}{x=0.300500}>,CCO,CN(C)CCO,openff-2.0.0,2,0.8336801472399611,0.0001984874955314,0.8345000000000002,0.000135
19260,1935,dhmix_1132835222292135012,780,EnthalpyOfMixing,<Substance CCO{solv}{x=0.268600}|CN(C)CCO{solv}{x=0.731400}>,CCO,CN(C)CCO,openff-2.0.0,2,-0.3189720092681227,0.0441904764801559,-0.2783,0.0031
19261,1936,dens_1964926738263319597,781,Density,<Substance CCO{solv}{x=0.494900}|CN(C)CCO{solv}{x=0.505100}>,CCO,CN(C)CCO,openff-2.0.0,2,0.8551980093820662,0.000289207700908,0.8566200000000002,0.00015
19262,1937,dhmix_2011138895468245368,782,EnthalpyOfMixing,<Substance CCO{solv}{x=0.733500}|CN(C)CCO{solv}{x=0.266500}>,CCO,CN(C)CCO,openff-2.0.0,2,-0.4242797607263355,0.0393037924365476,-0.3657,0.004
19263,1938,dhmix_517287783481256565,783,EnthalpyOfMixing,<Substance CN(C)C=O{solv}{x=0.701000}|ClCCCCCl{solv}{x=0.299000}>,CN(C)C=O,ClCCCCCl,openff-2.0.0,2,0.3834241017488722,0.0350185714487419,-0.052,0.002
19264,1939,dens_765057686797526715,784,Density,<Substance CN(C)C=O{solv}{x=0.794300}|ClCCCCCl{solv}{x=0.205700}>,CN(C)C=O,ClCCCCCl,openff-2.0.0,2,0.9787045277935902,0.0002407265604283,0.9934000000000002,0.00245
19265,1940,dens_1092490027864410415,785,Density,<Substance CN(C)C=O{solv}{x=0.502200}|ClCCCCCl{solv}{x=0.497800}>,CN(C)C=O,ClCCCCCl,openff-2.0.0,2,1.0412281062107214,0.0002958026848655,1.0524000000000004,0.0022
19266,1941,dens_1571926938169630329,786,Density,<Substance CN(C)C=O{solv}{x=0.299400}|ClCCCCCl{solv}{x=0.700600}>,CN(C)C=O,ClCCCCCl,openff-2.0.0,2,1.0778232555793628,0.0003178723082123,1.0879000000000003,0.0021
19267,1942,dhmix_1989422051580285053,787,EnthalpyOfMixing,<Substance CN(C)C=O{solv}{x=0.501000}|ClCCCCCl{solv}{x=0.499000}>,CN(C)C=O,ClCCCCCl,openff-2.0.0,2,0.3956681086399101,0.0409145445704213,-0.056,0.002
19268,1943,dhmix_2190775305913174779,788,EnthalpyOfMixing,<Substance CN(C)C=O{solv}{x=0.204000}|ClCCCCCl{solv}{x=0.796000}>,CN(C)C=O,ClCCCCCl,openff-2.0.0,2,0.2247320523492959,0.0408085626603393,-0.039,0.002
19269,1944,dens_518199256039095036,789,Density,<Substance CCCCO{solv}{x=0.496400}|NCCN{solv}{x=0.503600}>,CCCCO,NCCN,openff-2.0.0,2,0.8887629106143918,1e-05,0.8519430000000002,0.000219
19270,1945,dens_866492593379488722,790,Density,<Substance CCCCO{solv}{x=0.739800}|NCCN{solv}{x=0.260200}>,CCCCO,NCCN,openff-2.0.0,2,0.8431646000409618,1e-05,0.8325090000000002,0.000221
19271,1946,dens_2064365769538781360,791,Density,<Substance CCCCO{solv}{x=0.291900}|NCCN{solv}{x=0.708100}>,CCCCO,NCCN,openff-2.0.0,2,0.9373089909496491,1e-05,0.8676960000000002,0.0002205
19272,1947,dens_520201021244222151,792,Density,<Substance O=C1CCCO1{solv}{x=0.300000}|O{solv}{x=0.700000}>,O,O=C1CCCO1,openff-2.0.0,2,1.0571979580644466,0.0003792496829448,1.0886000000000002,0.0001
19273,1948,dens_2198925124601089428,793,Density,<Substance O=C1CCCO1{solv}{x=0.500000}|O{solv}{x=0.500000}>,O,O=C1CCCO1,openff-2.0.0,2,1.0787108738487627,0.0002806895735405,1.1059000000000003,0.0001
19274,1949,dens_2272207838075726438,794,Density,<Substance O=C1CCCO1{solv}{x=0.800000}|O{solv}{x=0.200000}>,O,O=C1CCCO1,openff-2.0.0,2,1.0965834595600978,0.0002947787073623,1.1182000000000003,0.0001
19275,1950,dhmix_524376395520217080,795,EnthalpyOfMixing,<Substance CC(C)CC(C)(C)C{solv}{x=0.440700}|CCCC(=O)OC{solv}{x=0.559300}>,CC(C)CC(C)(C)C,CCCC(=O)OC,openff-2.0.0,2,1.5207333169981323,0.0467097482013832,1.053,0.0115
19276,1951,dens_581090592491592243,796,Density,<Substance CC(C)CC(C)(C)C{solv}{x=0.298100}|CCCC(=O)OC{solv}{x=0.701900}>,CC(C)CC(C)(C)C,CCCC(=O)OC,openff-2.0.0,2,0.82218939679724,0.0001904599219797,0.8119000000000002,0.000505
19277,1952,dens_1497434747823371430,797,Density,<Substance CC(C)CC(C)(C)C{solv}{x=0.724300}|CCCC(=O)OC{solv}{x=0.275700}>,CC(C)CC(C)(C)C,CCCC(=O)OC,openff-2.0.0,2,0.7462153890136767,0.0002042023835032,0.7279000000000001,0.000505
19278,1953,dhmix_1614087501371550297,798,EnthalpyOfMixing,<Substance CC(C)CC(C)(C)C{solv}{x=0.762900}|CCCC(=O)OC{solv}{x=0.237100}>,CC(C)CC(C)(C)C,CCCC(=O)OC,openff-2.0.0,2,1.1856755777423302,0.0459688051681669,0.789,0.0085
19279,1954,dens_1842979547629422953,799,Density,<Substance CC(C)CC(C)(C)C{solv}{x=0.441000}|CCCC(=O)OC{solv}{x=0.559000}>,CC(C)CC(C)(C)C,CCCC(=O)OC,openff-2.0.0,2,0.7933608554732172,0.000214115206203,0.7803000000000001,0.000505
19280,1955,dhmix_2246911102339588209,800,EnthalpyOfMixing,<Substance CC(C)CC(C)(C)C{solv}{x=0.298200}|CCCC(=O)OC{solv}{x=0.701800}>,CC(C)CC(C)(C)C,CCCC(=O)OC,openff-2.0.0,2,1.2357612421765791,0.0469605465585232,0.884,0.0095
19281,1956,dhmix_536798507677319129,801,EnthalpyOfMixing,<Substance C1COCO1{solv}{x=0.267900}|Cc1ccccc1Cl{solv}{x=0.732100}>,C1COCO1,Cc1ccccc1Cl,openff-2.0.0,2,0.2780577919316727,0.0429987441293159,0.272,0.0015
19282,1957,dens_559535483529614058,802,Density,<Substance C1COCO1{solv}{x=0.726600}|Cc1ccccc1Cl{solv}{x=0.273400}>,C1COCO1,Cc1ccccc1Cl,openff-2.0.0,2,1.0941217465922115,0.0003084860172589,1.0652000000000004,0.0005
19283,1958,dens_731520844601672570,803,Density,<Substance C1COCO1{solv}{x=0.268500}|Cc1ccccc1Cl{solv}{x=0.731500}>,C1COCO1,Cc1ccccc1Cl,openff-2.0.0,2,1.0725865523412037,0.0002525236848213,1.0630000000000002,0.0005
19284,1959,dens_839907656840905053,804,Density,<Substance C1COCO1{solv}{x=0.516900}|Cc1ccccc1Cl{solv}{x=0.483100}>,C1COCO1,Cc1ccccc1Cl,openff-2.0.0,2,1.089004774634159,0.0002946394275125,1.0694000000000004,0.0005
19285,1960,dhmix_1308085019204784636,805,EnthalpyOfMixing,<Substance C1COCO1{solv}{x=0.500900}|Cc1ccccc1Cl{solv}{x=0.499100}>,C1COCO1,Cc1ccccc1Cl,openff-2.0.0,2,0.4098311083905344,0.0412630861650001,0.393,0.002
19286,1961,dhmix_1924685013370154802,806,EnthalpyOfMixing,<Substance C1COCO1{solv}{x=0.760400}|Cc1ccccc1Cl{solv}{x=0.239600}>,C1COCO1,Cc1ccccc1Cl,openff-2.0.0,2,0.3245551250250855,0.0372159282791413,0.313,0.0015
19287,1962,dhmix_549919019055097043,807,EnthalpyOfMixing,<Substance C1CCCCC1{solv}{x=0.799100}|CC(C)O{solv}{x=0.200900}>,C1CCCCC1,CC(C)O,openff-2.0.0,2,0.8193888692331086,0.0448589080285277,0.702,0.017
19288,1963,dhmix_1101575580592240663,808,EnthalpyOfMixing,<Substance C1CCCCC1{solv}{x=0.199500}|CC(C)O{solv}{x=0.800500}>,C1CCCCC1,CC(C)O,openff-2.0.0,2,0.4781279719923645,0.0397122347106914,0.438,0.011
19289,1964,dhmix_1262965345724899699,809,EnthalpyOfMixing,<Substance C1CCCCC1{solv}{x=0.498400}|CC(C)O{solv}{x=0.501600}>,C1CCCCC1,CC(C)O,openff-2.0.0,2,0.877104945757992,0.0477919601570436,0.801,0.0195
19290,1965,dens_1431184569437551541,810,Density,<Substance C1CCCCC1{solv}{x=0.705800}|CC(C)O{solv}{x=0.294200}>,C1CCCCC1,CC(C)O,openff-2.0.0,2,0.7646182123756664,0.0002075326155216,0.7711100000000002,0.000245
19291,1966,dens_2097249982689376165,811,Density,<Substance C1CCCCC1{solv}{x=0.200000}|CC(C)O{solv}{x=0.800000}>,C1CCCCC1,CC(C)O,openff-2.0.0,2,0.7878550365791106,0.0002227253195518,0.7761000000000002,0.0003
19292,1967,dens_2130071224188444793,812,Density,<Substance C1CCCCC1{solv}{x=0.503900}|CC(C)O{solv}{x=0.496100}>,C1CCCCC1,CC(C)O,openff-2.0.0,2,0.7721304032946578,0.0002841635603516,0.7719000000000001,0.0003
19293,1968,dens_562489367284385084,813,Density,<Substance CCCCC(=O)OC{solv}{x=0.251100}|COC(C)=O{solv}{x=0.748900}>,CCCCC(=O)OC,COC(C)=O,openff-2.0.0,2,0.9169443388175074,0.0002629729121586,0.9105300000000002,0.000505
19294,1969,dhmix_814771684244180933,814,EnthalpyOfMixing,<Substance CCCCC(=O)OC{solv}{x=0.733900}|COC(C)=O{solv}{x=0.266100}>,CCCCC(=O)OC,COC(C)=O,openff-2.0.0,2,0.1427209639011835,0.0473274060783376,0.178,0.002
19295,1970,dhmix_915202362324204655,815,EnthalpyOfMixing,<Substance CCCCC(=O)OC{solv}{x=0.505500}|COC(C)=O{solv}{x=0.494500}>,CCCCC(=O)OC,COC(C)=O,openff-2.0.0,2,0.1293239580885412,0.0426220453909092,0.238,0.0025
19296,1971,dhmix_935892165648195197,816,EnthalpyOfMixing,<Substance CCCCC(=O)OC{solv}{x=0.234700}|COC(C)=O{solv}{x=0.765300}>,CCCCC(=O)OC,COC(C)=O,openff-2.0.0,2,0.0922261710565788,0.0330961104573726,0.173,0.002
19297,1972,dens_961692445804333991,817,Density,<Substance CCCCC(=O)OC{solv}{x=0.738300}|COC(C)=O{solv}{x=0.261700}>,CCCCC(=O)OC,COC(C)=O,openff-2.0.0,2,0.8947155988828898,0.0002231013250289,0.8914700000000002,0.000505
19298,1973,dens_1493380961688632529,818,Density,<Substance CCCCC(=O)OC{solv}{x=0.493500}|COC(C)=O{solv}{x=0.506500}>,CCCCC(=O)OC,COC(C)=O,openff-2.0.0,2,0.9041282232172966,0.000243357586459,0.8996200000000002,0.000505
19299,1974,dhmix_563342363018905515,819,EnthalpyOfMixing,<Substance CCOC(=O)CC(C)=O{solv}{x=0.751400}|O{solv}{x=0.248600}>,CCOC(=O)CC(C)=O,O,openff-2.0.0,2,0.6926033152059574,0.0452287610084322,1.128,0.012
19300,1975,dhmix_1385095028103136291,820,EnthalpyOfMixing,<Substance CCOC(=O)CC(C)=O{solv}{x=0.449100}|O{solv}{x=0.550900}>,CCOC(=O)CC(C)=O,O,openff-2.0.0,2,0.5175201376081873,0.0311549104661105,0.684,0.0075
19301,1976,dhmix_1609967394780907654,821,EnthalpyOfMixing,<Substance CCOC(=O)CC(C)=O{solv}{x=0.299400}|O{solv}{x=0.700600}>,CCOC(=O)CC(C)=O,O,openff-2.0.0,2,0.5173477327944767,0.0310289792032228,0.428,0.005
19302,1977,dhmix_566259260175961973,822,EnthalpyOfMixing,<Substance CCCCO{solv}{x=0.144700}|OC1=NCCC1{solv}{x=0.855300}>,CCCCO,OC1=NCCC1,openff-2.0.0,2,0.6727787516018466,0.0374368834256908,0.0949,0.0012
19303,1978,dens_1146983614802652988,823,Density,<Substance CCCCO{solv}{x=0.500400}|OC1=NCCC1{solv}{x=0.499600}>,CCCCO,OC1=NCCC1,openff-2.0.0,2,0.9299317052492144,0.0002512140826888,0.94503,0.00015
19304,1979,dhmix_1601732489230179724,824,EnthalpyOfMixing,<Substance CCCCO{solv}{x=0.497800}|OC1=NCCC1{solv}{x=0.502200}>,CCCCO,OC1=NCCC1,openff-2.0.0,2,1.3568653717545658,0.0373713340082539,0.2326,0.0026
19305,1980,dhmix_1661138478850718837,825,EnthalpyOfMixing,<Substance CCCCO{solv}{x=0.754800}|OC1=NCCC1{solv}{x=0.245200}>,CCCCO,OC1=NCCC1,openff-2.0.0,2,1.287580712037439,0.0435598860826654,0.2356,0.00265
19306,1981,dens_1878955695276199878,826,Density,<Substance CCCCO{solv}{x=0.144600}|OC1=NCCC1{solv}{x=0.855400}>,CCCCO,OC1=NCCC1,openff-2.0.0,2,1.0252513716517506,0.0002550630791542,1.0575900000000005,0.000205
19307,1982,dens_2101998760005952263,827,Density,<Substance CCCCO{solv}{x=0.755500}|OC1=NCCC1{solv}{x=0.244500}>,CCCCO,OC1=NCCC1,openff-2.0.0,2,0.8641273485881136,0.0002496156307813,0.8711500000000002,0.000185
19308,1983,dhmix_569012254773025696,828,EnthalpyOfMixing,<Substance CC(C)(C)O{solv}{x=0.505700}|OC1=NCCC1{solv}{x=0.494300}>,CC(C)(C)O,OC1=NCCC1,openff-2.0.0,2,1.5562104750836974,0.0408236398881747,0.4323,0.0047
19309,1984,dens_992979807705536615,829,Density,<Substance CC(C)(C)O{solv}{x=0.751100}|OC1=NCCC1{solv}{x=0.248900}>,CC(C)(C)O,OC1=NCCC1,openff-2.0.0,2,0.8738662912020376,0.0002388592955806,0.8505700000000003,0.000215
19310,1985,dens_1020722913861580636,830,Density,<Substance CC(C)(C)O{solv}{x=0.499700}|OC1=NCCC1{solv}{x=0.500300}>,CC(C)(C)O,OC1=NCCC1,openff-2.0.0,2,0.9356532469729502,0.0003027905741125,0.9282800000000002,0.00018
19311,1986,dhmix_1408261346335628114,831,EnthalpyOfMixing,<Substance CC(C)(C)O{solv}{x=0.744900}|OC1=NCCC1{solv}{x=0.255100}>,CC(C)(C)O,OC1=NCCC1,openff-2.0.0,2,1.6945300623830324,0.0538897324239055,0.3774,0.00415
19312,1987,dhmix_1466823939183874689,832,EnthalpyOfMixing,<Substance CC(C)(C)O{solv}{x=0.257800}|OC1=NCCC1{solv}{x=0.742200}>,CC(C)(C)O,OC1=NCCC1,openff-2.0.0,2,1.1527328248935227,0.044189804759538,0.2874,0.0032
19313,1988,dens_1768273433543243004,833,Density,<Substance CC(C)(C)O{solv}{x=0.276400}|OC1=NCCC1{solv}{x=0.723600}>,CC(C)(C)O,OC1=NCCC1,openff-2.0.0,2,0.9925455545367582,0.0002477454857085,1.0036300000000002,0.000155
19314,1989,dens_571827819113574480,834,Density,<Substance CC(C)OC(C)C{solv}{x=0.700400}|Cc1ccccc1{solv}{x=0.299600}>,CC(C)OC(C)C,Cc1ccccc1,openff-2.0.0,2,0.7702562881756962,0.0002338851270779,0.7573100000000001,0.000155
19315,1990,dhmix_686402805609192969,835,EnthalpyOfMixing,<Substance CC(C)OC(C)C{solv}{x=0.228000}|Cc1ccccc1{solv}{x=0.772000}>,CC(C)OC(C)C,Cc1ccccc1,openff-2.0.0,2,-0.095031441059433,0.0294753637025656,0.0593,0.00515
19316,1991,dhmix_1045652173440309018,836,EnthalpyOfMixing,<Substance CC(C)OC(C)C{solv}{x=0.752000}|Cc1ccccc1{solv}{x=0.248000}>,CC(C)OC(C)C,Cc1ccccc1,openff-2.0.0,2,-0.1039769431625075,0.0458745321941302,-0.0091,0.00505
19317,1992,dhmix_1690461453403165745,837,EnthalpyOfMixing,<Substance CC(C)OC(C)C{solv}{x=0.455000}|Cc1ccccc1{solv}{x=0.545000}>,CC(C)OC(C)C,Cc1ccccc1,openff-2.0.0,2,-0.1303158279642389,0.0430366245677581,0.0323,0.0051
19318,1993,dens_2086775654110573795,838,Density,<Substance CC(C)OC(C)C{solv}{x=0.200400}|Cc1ccccc1{solv}{x=0.799600}>,CC(C)OC(C)C,Cc1ccccc1,openff-2.0.0,2,0.8281072114939956,0.0002289956195887,0.8299700000000002,0.00014
19319,1994,dens_2167043968237201720,839,Density,<Substance CC(C)OC(C)C{solv}{x=0.500300}|Cc1ccccc1{solv}{x=0.499700}>,CC(C)OC(C)C,Cc1ccccc1,openff-2.0.0,2,0.7925018620272432,0.0002397769234792,0.7849200000000002,0.000155
19320,1995,dhmix_578047845607378963,840,EnthalpyOfMixing,<Substance CN1CCCC1=O{solv}{x=0.635900}|c1ccncc1{solv}{x=0.364100}>,CN1CCCC1=O,c1ccncc1,openff-2.0.0,2,-0.3811741352554634,0.0307866413826129,-0.4013,0.10035
19321,1996,dhmix_625120262301063359,841,EnthalpyOfMixing,<Substance CN1CCCC1=O{solv}{x=0.231200}|c1ccncc1{solv}{x=0.768800}>,CN1CCCC1=O,c1ccncc1,openff-2.0.0,2,-0.3504078952687948,0.0396216586222179,-0.3157,0.07895
19322,1997,dens_1059919274311274879,842,Density,<Substance CN1CCCC1=O{solv}{x=0.521500}|c1ccncc1{solv}{x=0.478500}>,CN1CCCC1=O,c1ccncc1,openff-2.0.0,2,0.9996769203137869,0.0002325255048458,1.0158200000000004,0.00051
19323,1998,dens_1445187430653020908,843,Density,<Substance CN1CCCC1=O{solv}{x=0.234800}|c1ccncc1{solv}{x=0.765200}>,CN1CCCC1=O,c1ccncc1,openff-2.0.0,2,0.9929005302211872,0.0002294803743028,0.9983500000000004,0.00051
19324,1999,dhmix_1933003504821603087,844,EnthalpyOfMixing,<Substance CN1CCCC1=O{solv}{x=0.499500}|c1ccncc1{solv}{x=0.500500}>,CN1CCCC1=O,c1ccncc1,openff-2.0.0,2,-0.4317386632869642,0.0412526452019175,-0.4356,0.1089
19325,2000,dens_2199047009222847682,845,Density,<Substance CN1CCCC1=O{solv}{x=0.636400}|c1ccncc1{solv}{x=0.363600}>,CN1CCCC1=O,c1ccncc1,openff-2.0.0,2,1.0018245982020555,0.0002035516002743,1.0207400000000002,0.00051
19326,2001,dens_586351122522837789,846,Density,<Substance c1cc[nH]c1{solv}{x=0.820700}|c1ccccc1{solv}{x=0.179300}>,c1cc[nH]c1,c1ccccc1,openff-2.0.0,2,0.9569481491730504,0.000251849778432,0.9503300000000002,0.000195
19327,2002,dhmix_1101447260293284221,847,EnthalpyOfMixing,<Substance c1cc[nH]c1{solv}{x=0.494000}|c1ccccc1{solv}{x=0.506000}>,c1cc[nH]c1,c1ccccc1,openff-2.0.0,2,0.6453354977602714,0.033590921774001,0.609,0.00395
19328,2003,dens_1366042600317618213,848,Density,<Substance c1cc[nH]c1{solv}{x=0.503000}|c1ccccc1{solv}{x=0.497000}>,c1cc[nH]c1,c1ccccc1,openff-2.0.0,2,0.9169728799903144,0.0002697434924624,0.9220400000000002,0.00019
19329,2004,dens_2042223650153961549,849,Density,<Substance c1cc[nH]c1{solv}{x=0.314200}|c1ccccc1{solv}{x=0.685800}>,c1cc[nH]c1,c1ccccc1,openff-2.0.0,2,0.8960449922185483,0.0003133440647092,0.9043500000000002,0.000195
19330,2005,dhmix_2080652523589171296,850,EnthalpyOfMixing,<Substance c1cc[nH]c1{solv}{x=0.820800}|c1ccccc1{solv}{x=0.179200}>,c1cc[nH]c1,c1ccccc1,openff-2.0.0,2,0.3129098769449285,0.0380722808299233,0.3441,0.00245
19331,2006,dhmix_2101365800313583195,851,EnthalpyOfMixing,<Substance c1cc[nH]c1{solv}{x=0.314000}|c1ccccc1{solv}{x=0.686000}>,c1cc[nH]c1,c1ccccc1,openff-2.0.0,2,0.5446728631773397,0.0366154633461636,0.5893,0.00385
19332,2007,dens_592296207180530796,852,Density,<Substance C1CCNCC1{solv}{x=0.250000}|O{solv}{x=0.750000}>,C1CCNCC1,O,openff-2.0.0,2,0.9122438858451,0.0003736338971455,0.9379600000000002,0.000185
19333,2008,dhmix_598563182385523239,853,EnthalpyOfMixing,<Substance C1CCNCC1{solv}{x=0.750000}|O{solv}{x=0.250000}>,C1CCNCC1,O,openff-2.0.0,2,-0.6975588502616432,0.0339755182697308,-1.4628,0.02995
19334,2009,dens_1144696340343060729,854,Density,<Substance C1CCNCC1{solv}{x=0.500000}|O{solv}{x=0.500000}>,C1CCNCC1,O,openff-2.0.0,2,0.8883337327156229,0.000296181749576,0.90329,0.000235
19335,2010,dens_1551117370864361960,855,Density,<Substance C1CCNCC1{solv}{x=0.750000}|O{solv}{x=0.250000}>,C1CCNCC1,O,openff-2.0.0,2,0.8771836768462592,0.0002280753750807,0.8771300000000002,0.000285
19336,2011,dhmix_2023343497633678069,856,EnthalpyOfMixing,<Substance C1CCNCC1{solv}{x=0.500000}|O{solv}{x=0.500000}>,C1CCNCC1,O,openff-2.0.0,2,-0.9746365907038452,0.0359201143005877,-2.1379,0.04355
19337,2012,dhmix_2169709193905404129,857,EnthalpyOfMixing,<Substance C1CCNCC1{solv}{x=0.250000}|O{solv}{x=0.750000}>,C1CCNCC1,O,openff-2.0.0,2,-0.557898080556777,0.024948651783902,-1.9642,0.04065
19338,2013,dhmix_597694390671293228,858,EnthalpyOfMixing,<Substance C1CCCCC1{solv}{x=0.495000}|c1cc[nH]c1{solv}{x=0.505000}>,C1CCCCC1,c1cc[nH]c1,openff-2.0.0,2,1.7098627528120005,0.0393069568414603,1.4275,0.00895
19339,2014,dens_1402964712081643759,859,Density,<Substance C1CCCCC1{solv}{x=0.281700}|c1cc[nH]c1{solv}{x=0.718300}>,C1CCCCC1,c1cc[nH]c1,openff-2.0.0,2,0.8905442079178318,0.0002157727196962,0.9082800000000002,0.00023
19340,2015,dens_1463337814181203578,860,Density,<Substance C1CCCCC1{solv}{x=0.925100}|c1cc[nH]c1{solv}{x=0.074900}>,C1CCCCC1,c1cc[nH]c1,openff-2.0.0,2,0.7688334997864558,0.0002105620647706,0.7860300000000001,0.00026
19341,2016,dens_1586039458655447443,861,Density,<Substance C1CCCCC1{solv}{x=0.494200}|c1cc[nH]c1{solv}{x=0.505800}>,C1CCCCC1,c1cc[nH]c1,openff-2.0.0,2,0.8408125036975204,0.0002460322286634,0.8661300000000002,0.000235
19342,2017,dhmix_1650717903260721901,862,EnthalpyOfMixing,<Substance C1CCCCC1{solv}{x=0.924800}|c1cc[nH]c1{solv}{x=0.075200}>,C1CCCCC1,c1cc[nH]c1,openff-2.0.0,2,0.7752510812954938,0.0471388110158809,0.7315,0.00535
19343,2018,dhmix_1709124910710738018,863,EnthalpyOfMixing,<Substance C1CCCCC1{solv}{x=0.281800}|c1cc[nH]c1{solv}{x=0.718200}>,C1CCCCC1,c1cc[nH]c1,openff-2.0.0,2,1.4032403215698253,0.0354763449851762,1.245,0.00795
19344,2019,dhmix_602003453564252918,864,EnthalpyOfMixing,<Substance COc1ccccc1{solv}{x=0.767000}|OCCc1ccccc1{solv}{x=0.233000}>,COc1ccccc1,OCCc1ccccc1,openff-2.0.0,2,0.9266244972874348,0.0455614549792813,1.1154,0.01195
19345,2020,dhmix_831666159864093343,865,EnthalpyOfMixing,<Substance COc1ccccc1{solv}{x=0.267800}|OCCc1ccccc1{solv}{x=0.732200}>,COc1ccccc1,OCCc1ccccc1,openff-2.0.0,2,0.649360612519672,0.0576053325046822,0.688,0.00745
19346,2021,dhmix_1415130215717622630,866,EnthalpyOfMixing,<Substance COc1ccccc1{solv}{x=0.523200}|OCCc1ccccc1{solv}{x=0.476800}>,COc1ccccc1,OCCc1ccccc1,openff-2.0.0,2,0.8291500904483655,0.0450786569257248,1.0457,0.0112
19347,2022,dens_2018050376435813399,867,Density,<Substance COc1ccccc1{solv}{x=0.767300}|OCCc1ccccc1{solv}{x=0.232700}>,COc1ccccc1,OCCc1ccccc1,openff-2.0.0,2,0.9808481278016062,0.0002227340950764,0.9869000000000002,0.00026
19348,2023,dens_2083067547090229321,868,Density,<Substance COc1ccccc1{solv}{x=0.524500}|OCCc1ccccc1{solv}{x=0.475500}>,COc1ccccc1,OCCc1ccccc1,openff-2.0.0,2,0.9897773734603093,0.0002284568726665,0.9943600000000002,0.00026
19349,2024,dens_2108796896152795987,869,Density,<Substance COc1ccccc1{solv}{x=0.212100}|OCCc1ccccc1{solv}{x=0.787900}>,COc1ccccc1,OCCc1ccccc1,openff-2.0.0,2,1.000599236886052,0.0002200825794758,1.0032600000000005,0.00026
19350,2025,dhmix_607389561715885318,870,EnthalpyOfMixing,<Substance CC(C)O{solv}{x=0.750600}|CCOC(=O)CC(=O)OCC{solv}{x=0.249400}>,CC(C)O,CCOC(=O)CC(=O)OCC,openff-2.0.0,2,1.8897995860223509,0.0349537463821699,1.955,0.021
19351,2026,dhmix_970997719035766241,871,EnthalpyOfMixing,<Substance CC(C)O{solv}{x=0.249200}|CCOC(=O)CC(=O)OCC{solv}{x=0.750800}>,CC(C)O,CCOC(=O)CC(=O)OCC,openff-2.0.0,2,1.498994780505711,0.044265170117028,1.804,0.0195
19352,2027,dens_1055220895195342210,872,Density,<Substance CC(C)O{solv}{x=0.700000}|CCOC(=O)CC(=O)OCC{solv}{x=0.300000}>,CC(C)O,CCOC(=O)CC(=O)OCC,openff-2.0.0,2,0.9230321111656692,0.0001829920622694,0.9013080000000002,0.000163
19353,2028,dens_1059428282849222105,873,Density,<Substance CC(C)O{solv}{x=0.500100}|CCOC(=O)CC(=O)OCC{solv}{x=0.499900}>,CC(C)O,CCOC(=O)CC(=O)OCC,openff-2.0.0,2,0.9765082415245318,0.0002097373684511,0.9563730000000004,0.0001215
19354,2029,dhmix_2225069850502215858,874,EnthalpyOfMixing,<Substance CC(C)O{solv}{x=0.499700}|CCOC(=O)CC(=O)OCC{solv}{x=0.500300}>,CC(C)O,CCOC(=O)CC(=O)OCC,openff-2.0.0,2,1.97572495753014,0.043632566703915,2.369,0.0255
19355,2030,dens_2227064517025896927,875,Density,<Substance CC(C)O{solv}{x=0.200000}|CCOC(=O)CC(=O)OCC{solv}{x=0.800000}>,CC(C)O,CCOC(=O)CC(=O)OCC,openff-2.0.0,2,1.0337016292920251,0.0001788300029323,1.0176930000000002,0.000103
19356,2031,dhmix_614525131410782877,876,EnthalpyOfMixing,<Substance CCCCCC(C)=O{solv}{x=0.491300}|CCCCNCCCC{solv}{x=0.508700}>,CCCCCC(C)=O,CCCCNCCCC,openff-2.0.0,2,-0.1492645165426438,0.0571564222931591,0.278,0.003
19357,2032,dhmix_1051001364116056564,877,EnthalpyOfMixing,<Substance CCCCCC(C)=O{solv}{x=0.781100}|CCCCNCCCC{solv}{x=0.218900}>,CCCCCC(C)=O,CCCCNCCCC,openff-2.0.0,2,-0.0408691586071654,0.0486498884186882,0.164,0.002
19358,2033,dens_1087422962538109584,878,Density,<Substance CCCCCC(C)=O{solv}{x=0.449900}|CCCCNCCCC{solv}{x=0.550100}>,CCCCCC(C)=O,CCCCNCCCC,openff-2.0.0,2,0.7738327142300281,0.0001960042102009,0.7778490000000002,9.250000000000004e-05
19359,2034,dens_1830187222448876426,879,Density,<Substance CCCCCC(C)=O{solv}{x=0.209700}|CCCCNCCCC{solv}{x=0.790300}>,CCCCCC(C)=O,CCCCNCCCC,openff-2.0.0,2,0.7644150278726787,0.0001936624413127,0.7655110000000002,8.400000000000002e-05
19360,2035,dens_2113849591242853193,880,Density,<Substance CCCCCC(C)=O{solv}{x=0.750900}|CCCCNCCCC{solv}{x=0.249100}>,CCCCCC(C)=O,CCCCNCCCC,openff-2.0.0,2,0.7869398216731422,0.0001846612103224,0.7951660000000003,0.000105
19361,2036,dhmix_2131918011494960609,881,EnthalpyOfMixing,<Substance CCCCCC(C)=O{solv}{x=0.294700}|CCCCNCCCC{solv}{x=0.705300}>,CCCCCC(C)=O,CCCCNCCCC,openff-2.0.0,2,-0.0088281619610199,1.2585904814513736e-05,0.256,0.003
19362,2037,dhmix_618866445574413387,882,EnthalpyOfMixing,<Substance C1CCOCC1{solv}{x=0.442500}|Cc1ccccc1C{solv}{x=0.557500}>,C1CCOCC1,Cc1ccccc1C,openff-2.0.0,2,-0.0294471471496819,0.0420291156653576,-0.0342,0.0006
19363,2038,dens_643927890193937545,883,Density,<Substance C1CCOCC1{solv}{x=0.518700}|Cc1ccccc1C{solv}{x=0.481300}>,C1CCOCC1,Cc1ccccc1C,openff-2.0.0,2,0.8674396119192113,0.0001827213177767,0.8779900000000003,0.0005
19364,2039,dhmix_1129414916141538177,884,EnthalpyOfMixing,<Substance C1CCOCC1{solv}{x=0.744300}|Cc1ccccc1C{solv}{x=0.255700}>,C1CCOCC1,Cc1ccccc1C,openff-2.0.0,2,0.0081451166908834,0.0433548147719446,0.0421,0.00065
19365,2040,dens_1429468909820653032,885,Density,<Substance C1CCOCC1{solv}{x=0.231800}|Cc1ccccc1C{solv}{x=0.768200}>,C1CCOCC1,Cc1ccccc1C,openff-2.0.0,2,0.8627689056513227,0.0002155303465436,0.8770400000000002,0.0005
19366,2041,dens_1442497603142913792,886,Density,<Substance C1CCOCC1{solv}{x=0.772900}|Cc1ccccc1C{solv}{x=0.227100}>,C1CCOCC1,Cc1ccccc1C,openff-2.0.0,2,0.8724286171498914,0.0002394329936227,0.8787800000000002,0.000505
19367,2042,dhmix_2268256048157488415,887,EnthalpyOfMixing,<Substance C1CCOCC1{solv}{x=0.245400}|Cc1ccccc1C{solv}{x=0.754600}>,C1CCOCC1,Cc1ccccc1C,openff-2.0.0,2,-0.05287658121199,0.0449050977879241,-0.0613,0.00085
19368,2043,dens_626398848152359169,888,Density,<Substance C1COCCN1{solv}{x=0.498000}|O{solv}{x=0.502000}>,C1COCCN1,O,openff-2.0.0,2,1.042354516102145,0.0004606776502077,1.0255000000000003,0.00255
19369,2044,dhmix_773913810754342365,889,EnthalpyOfMixing,<Substance C1COCCN1{solv}{x=0.714900}|O{solv}{x=0.285100}>,C1COCCN1,O,openff-2.0.0,2,-1.3255546511118157,0.0379465711246792,-1.753,0.019
19370,2045,dhmix_1012297674499495059,890,EnthalpyOfMixing,<Substance C1COCCN1{solv}{x=0.201000}|O{solv}{x=0.799000}>,C1COCCN1,O,openff-2.0.0,2,-1.1448638429304374,0.0267334304608359,-2.758,0.0295
19371,2046,dens_1167008264969667349,891,Density,<Substance C1COCCN1{solv}{x=0.793000}|O{solv}{x=0.207000}>,C1COCCN1,O,openff-2.0.0,2,1.0431655952510306,0.0002776507983718,1.0057000000000005,0.00245
19372,2047,dhmix_1871930573512426354,892,EnthalpyOfMixing,<Substance C1COCCN1{solv}{x=0.491100}|O{solv}{x=0.508900}>,C1COCCN1,O,openff-2.0.0,2,-1.7756331551844935,0.0270084733257773,-3.131,0.0335
19373,2048,dens_2014911999593579414,893,Density,<Substance C1COCCN1{solv}{x=0.298000}|O{solv}{x=0.702000}>,C1COCCN1,O,openff-2.0.0,2,1.0321988181370323,0.0002957157579536,1.0309000000000004,0.00255
19374,2049,dens_627753907231278660,894,Density,<Substance CCC(C)=O{solv}{x=0.753100}|CCCNCCC{solv}{x=0.246900}>,CCC(C)=O,CCCNCCC,openff-2.0.0,2,0.7631905795147513,0.0002599331899355,0.7771510000000001,0.000109
19375,2050,dens_674236159588910357,895,Density,<Substance CCC(C)=O{solv}{x=0.244600}|CCCNCCC{solv}{x=0.755400}>,CCC(C)=O,CCCNCCC,openff-2.0.0,2,0.742712875182936,0.0002351192623978,0.7446230000000003,0.0001405
19376,2051,dhmix_749228177959685874,896,EnthalpyOfMixing,<Substance CCC(C)=O{solv}{x=0.235300}|CCCNCCC{solv}{x=0.764700}>,CCC(C)=O,CCCNCCC,openff-2.0.0,2,0.0931615292016374,0.0485184274543256,0.299,0.0035
19377,2052,dhmix_1706960823617656563,897,EnthalpyOfMixing,<Substance CCC(C)=O{solv}{x=0.698400}|CCCNCCC{solv}{x=0.301600}>,CCC(C)=O,CCCNCCC,openff-2.0.0,2,0.114352816637421,0.0415654599390132,0.334,0.0035
19378,2053,dhmix_2102794241345605516,898,EnthalpyOfMixing,<Substance CCC(C)=O{solv}{x=0.505000}|CCCNCCC{solv}{x=0.495000}>,CCC(C)=O,CCCNCCC,openff-2.0.0,2,0.1363668714473505,0.0433661713020386,0.397,0.0045
19379,2054,dens_2224864308887622456,899,Density,<Substance CCC(C)=O{solv}{x=0.500600}|CCCNCCC{solv}{x=0.499400}>,CCC(C)=O,CCCNCCC,openff-2.0.0,2,0.7524264974732305,0.0002357060227692,0.7590400000000002,0.000125
19380,2055,dhmix_628329103086906726,900,EnthalpyOfMixing,<Substance CC1CCCCC1{solv}{x=0.250400}|CCCO{solv}{x=0.749600}>,CC1CCCCC1,CCCO,openff-2.0.0,2,0.4583746698983191,0.0332939148515864,0.321,0.0055
19381,2056,dhmix_989207392771680315,901,EnthalpyOfMixing,<Substance CC1CCCCC1{solv}{x=0.750500}|CCCO{solv}{x=0.249500}>,CC1CCCCC1,CCCO,openff-2.0.0,2,0.7718090410198215,0.0463609614575485,0.574,0.0055
19382,2057,dens_1351260115393741606,902,Density,<Substance CC1CCCCC1{solv}{x=0.503100}|CCCO{solv}{x=0.496900}>,CC1CCCCC1,CCCO,openff-2.0.0,2,0.7744146824158468,0.0002500547973538,0.7785600000000001,0.0039
19383,2058,dens_1376195506089851480,903,Density,<Substance CC1CCCCC1{solv}{x=0.202700}|CCCO{solv}{x=0.797300}>,CC1CCCCC1,CCCO,openff-2.0.0,2,0.7866485020816933,0.000256047131626,0.7942000000000002,0.00398
19384,2059,dens_1501229836503112732,904,Density,<Substance CC1CCCCC1{solv}{x=0.799000}|CCCO{solv}{x=0.201000}>,CC1CCCCC1,CCCO,openff-2.0.0,2,0.7682708158655885,0.0002192809197651,0.7688300000000002,0.003855
19385,2060,dhmix_2109805019413953371,905,EnthalpyOfMixing,<Substance CC1CCCCC1{solv}{x=0.500400}|CCCO{solv}{x=0.499600}>,CC1CCCCC1,CCCO,openff-2.0.0,2,0.8053565537491636,0.0421955532646681,0.533,0.0055
19386,2061,dhmix_634764080264908666,906,EnthalpyOfMixing,<Substance OCCN1CCOCC1{solv}{x=0.498900}|O{solv}{x=0.501100}>,O,OCCN1CCOCC1,openff-2.0.0,2,-1.8371552926904824,1.224745687887898e-05,-2.2633,0.02415
19387,2062,dens_707792343667224312,907,Density,<Substance OCCN1CCOCC1{solv}{x=0.246600}|O{solv}{x=0.753400}>,O,OCCN1CCOCC1,openff-2.0.0,2,1.0712099005759526,1e-05,1.0838100000000002,0.00154
19388,2063,dhmix_1064373607860850902,908,EnthalpyOfMixing,<Substance OCCN1CCOCC1{solv}{x=0.694900}|O{solv}{x=0.305100}>,O,OCCN1CCOCC1,openff-2.0.0,2,-2.0685274800628974,1.2554083001159425e-05,-1.7936,0.01915
19389,2064,dhmix_1846281306963870091,909,EnthalpyOfMixing,<Substance OCCN1CCOCC1{solv}{x=0.300200}|O{solv}{x=0.699800}>,O,OCCN1CCOCC1,openff-2.0.0,2,-1.5117577724675613,1.2569805089976535e-05,-2.426,0.026
19390,2065,dens_2238932092645470826,910,Density,<Substance OCCN1CCOCC1{solv}{x=0.743900}|O{solv}{x=0.256100}>,O,OCCN1CCOCC1,openff-2.0.0,2,1.0880751872804988,1e-05,1.08031,0.001565
19391,2066,dens_2269173599223764079,911,Density,<Substance OCCN1CCOCC1{solv}{x=0.485200}|O{solv}{x=0.514800}>,O,OCCN1CCOCC1,openff-2.0.0,2,1.0852578500876502,1e-05,1.0866900000000004,0.00159
19392,2067,dhmix_636778454546345333,912,EnthalpyOfMixing,<Substance C1CCCCC1{solv}{x=0.506300}|CNc1ccccc1{solv}{x=0.493700}>,C1CCCCC1,CNc1ccccc1,openff-2.0.0,2,2.222280599996509,0.0429915274864312,1.628,0.0175
19393,2068,dens_1209163492396921559,913,Density,<Substance C1CCCCC1{solv}{x=0.247000}|CNc1ccccc1{solv}{x=0.753000}>,C1CCCCC1,CNc1ccccc1,openff-2.0.0,2,0.9313604025037848,0.0002012158236859,0.9289450000000002,0.000272
19394,2069,dens_1438140901521078017,914,Density,<Substance C1CCCCC1{solv}{x=0.494500}|CNc1ccccc1{solv}{x=0.505500}>,C1CCCCC1,CNc1ccccc1,openff-2.0.0,2,0.8712801954988465,0.000250162679812,0.8759620000000002,0.0001835
19395,2070,dens_1482697199055102595,915,Density,<Substance C1CCCCC1{solv}{x=0.746400}|CNc1ccccc1{solv}{x=0.253600}>,C1CCCCC1,CNc1ccccc1,openff-2.0.0,2,0.8128133127571328,0.0002197454880193,0.8233530000000001,0.000138
19396,2071,dhmix_1832297119731463766,916,EnthalpyOfMixing,<Substance C1CCCCC1{solv}{x=0.204700}|CNc1ccccc1{solv}{x=0.795300}>,C1CCCCC1,CNc1ccccc1,openff-2.0.0,2,1.5299844314000524,0.043256004332754,0.972,0.0105
19397,2072,dhmix_1889368397403208807,917,EnthalpyOfMixing,<Substance C1CCCCC1{solv}{x=0.706600}|CNc1ccccc1{solv}{x=0.293400}>,C1CCCCC1,CNc1ccccc1,openff-2.0.0,2,1.874032102619708,0.036208923317787,1.521,0.0165
19398,2073,dhmix_637657437173907469,918,EnthalpyOfMixing,<Substance CC(C)=O{solv}{x=0.709700}|CNc1ccccc1{solv}{x=0.290300}>,CC(C)=O,CNc1ccccc1,openff-2.0.0,2,-0.5715811805683515,0.0306596750714061,-0.525,0.0055
19399,2074,dhmix_817594693007274900,919,EnthalpyOfMixing,<Substance CC(C)=O{solv}{x=0.231600}|CNc1ccccc1{solv}{x=0.768400}>,CC(C)=O,CNc1ccccc1,openff-2.0.0,2,-0.4621986036083143,0.0457017278933259,-0.5,0.0055
19400,2075,dens_830664987854613197,920,Density,<Substance CC(C)=O{solv}{x=0.250300}|CNc1ccccc1{solv}{x=0.749700}>,CC(C)=O,CNc1ccccc1,openff-2.0.0,2,0.957224184612701,0.0002097252294824,0.9502900000000002,0.0003395
19401,2076,dhmix_1052042310023734389,921,EnthalpyOfMixing,<Substance CC(C)=O{solv}{x=0.508600}|CNc1ccccc1{solv}{x=0.491400}>,CC(C)=O,CNc1ccccc1,openff-2.0.0,2,-0.7312889342618334,0.0369869012816443,-0.672,0.0075
19402,2077,dens_1302333367899693905,922,Density,<Substance CC(C)=O{solv}{x=0.750600}|CNc1ccccc1{solv}{x=0.249400}>,CC(C)=O,CNc1ccccc1,openff-2.0.0,2,0.8480544918456348,0.0002624614205716,0.8565010000000002,0.000231
19403,2078,dens_1582643029733708616,923,Density,<Substance CC(C)=O{solv}{x=0.494800}|CNc1ccccc1{solv}{x=0.505200}>,CC(C)=O,CNc1ccccc1,openff-2.0.0,2,0.9106073380294494,0.0002358166043928,0.9107940000000002,0.000263
19404,2079,dens_650566412384126439,924,Density,<Substance CC(C)CC(C)(C)C{solv}{x=0.158800}|CCCCC(=O)OC{solv}{x=0.841200}>,CC(C)CC(C)(C)C,CCCCC(=O)OC,openff-2.0.0,2,0.8515831788685644,0.0001440914141639,0.8463800000000002,0.000505
19405,2080,dhmix_986100941633296124,925,EnthalpyOfMixing,<Substance CC(C)CC(C)(C)C{solv}{x=0.481800}|CCCCC(=O)OC{solv}{x=0.518200}>,CC(C)CC(C)(C)C,CCCCC(=O)OC,openff-2.0.0,2,1.3505453314380986,0.0476473058925497,0.866,0.0095
19406,2081,dens_1095352626338523806,926,Density,<Substance CC(C)CC(C)(C)C{solv}{x=0.742500}|CCCCC(=O)OC{solv}{x=0.257500}>,CC(C)CC(C)(C)C,CCCCC(=O)OC,openff-2.0.0,2,0.7467204751972285,0.0001987258099875,0.7289800000000002,0.000505
19407,2082,dens_1260001645299629257,927,Density,<Substance CC(C)CC(C)(C)C{solv}{x=0.498400}|CCCCC(=O)OC{solv}{x=0.501600}>,CC(C)CC(C)(C)C,CCCCC(=O)OC,openff-2.0.0,2,0.7867294227841574,0.0002172875689542,0.7738400000000002,0.000505
19408,2083,dhmix_1505455794590867712,928,EnthalpyOfMixing,<Substance CC(C)CC(C)(C)C{solv}{x=0.158900}|CCCCC(=O)OC{solv}{x=0.841100}>,CC(C)CC(C)(C)C,CCCCC(=O)OC,openff-2.0.0,2,0.6880422559602266,0.0521147876047261,0.438,0.005
19409,2084,dhmix_1888614200283593194,929,EnthalpyOfMixing,<Substance CC(C)CC(C)(C)C{solv}{x=0.781300}|CCCCC(=O)OC{solv}{x=0.218700}>,CC(C)CC(C)(C)C,CCCCC(=O)OC,openff-2.0.0,2,1.0419348460700064,0.0534447295476875,0.658,0.007
19410,2085,dhmix_657900975986635712,930,EnthalpyOfMixing,<Substance Cc1ccccc1N{solv}{x=0.782700}|Cc1ccncc1{solv}{x=0.217300}>,Cc1ccccc1N,Cc1ccncc1,openff-2.0.0,2,-0.8215474633917808,0.0502834151216058,-0.8885,0.0182
19411,2086,dhmix_727678512066874384,931,EnthalpyOfMixing,<Substance Cc1ccccc1N{solv}{x=0.478300}|Cc1ccncc1{solv}{x=0.521700}>,Cc1ccccc1N,Cc1ccncc1,openff-2.0.0,2,-1.5435489526414088,0.0439724330990113,-1.4295,0.0291
19412,2087,dhmix_860941552641107708,932,EnthalpyOfMixing,<Substance Cc1ccccc1N{solv}{x=0.271500}|Cc1ccncc1{solv}{x=0.728500}>,Cc1ccccc1N,Cc1ccncc1,openff-2.0.0,2,-1.3485987758566935,0.042313718381667,-1.1791,0.02405
19413,2088,dens_1148106102021344214,933,Density,<Substance Cc1ccccc1N{solv}{x=0.265500}|Cc1ccncc1{solv}{x=0.734500}>,Cc1ccccc1N,Cc1ccncc1,openff-2.0.0,2,0.975286519574991,0.0002117552009354,0.9662520000000002,0.00012
19414,2089,dens_1294189007890656769,934,Density,<Substance Cc1ccccc1N{solv}{x=0.486300}|Cc1ccncc1{solv}{x=0.513700}>,Cc1ccccc1N,Cc1ccncc1,openff-2.0.0,2,0.9905565062059952,0.0001812115087426,0.9765780000000002,0.000119
19415,2090,dens_1461384477504239974,935,Density,<Substance Cc1ccccc1N{solv}{x=0.767400}|Cc1ccncc1{solv}{x=0.232600}>,Cc1ccccc1N,Cc1ccncc1,openff-2.0.0,2,1.0093317770443668,0.0002030434245619,0.9868740000000004,0.000118
19416,2091,dens_671712471159959715,936,Density,<Substance CCCCCCN{solv}{x=0.294400}|CN(C)C=O{solv}{x=0.705600}>,CCCCCCN,CN(C)C=O,openff-2.0.0,2,0.8653904530635819,0.0002144512598556,0.8676880000000002,0.001057
19417,2092,dhmix_791979567859859400,937,EnthalpyOfMixing,<Substance CCCCCCN{solv}{x=0.747800}|CN(C)C=O{solv}{x=0.252200}>,CCCCCCN,CN(C)C=O,openff-2.0.0,2,0.3512618036549781,0.0486907132301728,0.461,0.015
19418,2093,dens_812907294215791908,938,Density,<Substance CCCCCCN{solv}{x=0.450000}|CN(C)C=O{solv}{x=0.550000}>,CCCCCCN,CN(C)C=O,openff-2.0.0,2,0.8398470435819976,0.0002287150750504,0.8367510000000001,0.001016
19419,2094,dhmix_1553880519684715156,939,EnthalpyOfMixing,<Substance CCCCCCN{solv}{x=0.249700}|CN(C)C=O{solv}{x=0.750300}>,CCCCCCN,CN(C)C=O,openff-2.0.0,2,0.2747311918909076,0.0426796385476728,0.51,0.0165
19420,2095,dens_1658157305664412923,940,Density,<Substance CCCCCCN{solv}{x=0.745200}|CN(C)C=O{solv}{x=0.254800}>,CCCCCCN,CN(C)C=O,openff-2.0.0,2,0.8016378186826018,0.0002133566989573,0.7905460000000002,0.0009575
19421,2096,dhmix_2271922176351407084,941,EnthalpyOfMixing,<Substance CCCCCCN{solv}{x=0.499700}|CN(C)C=O{solv}{x=0.500300}>,CCCCCCN,CN(C)C=O,openff-2.0.0,2,0.4892663624111435,0.044172565938816,0.661,0.02
19422,2097,dhmix_676105854791415053,942,EnthalpyOfMixing,<Substance C=C(C)[C@H]1CC=C(C)CC1{solv}{x=0.540000}|CCCCCO{solv}{x=0.460000}>,C=C(C)[C@H]1CC=C(C)CC1,CCCCCO,openff-2.0.0,2,0.8371066917263761,0.0505780884508043,0.858,0.0345
19423,2098,dhmix_865539540276734208,943,EnthalpyOfMixing,<Substance C=C(C)[C@H]1CC=C(C)CC1{solv}{x=0.766000}|CCCCCO{solv}{x=0.234000}>,C=C(C)[C@H]1CC=C(C)CC1,CCCCCO,openff-2.0.0,2,0.9118299214281932,0.0486168895279019,0.782,0.0315
19424,2099,dens_1544700949225348296,944,Density,<Substance C=C(C)[C@H]1CC=C(C)CC1{solv}{x=0.263500}|CCCCCO{solv}{x=0.736500}>,C=C(C)[C@H]1CC=C(C)CC1,CCCCCO,openff-2.0.0,2,0.8178721037328371,0.0002174290337857,0.8238000000000002,0.0002
19425,2100,dens_1638649899512334435,945,Density,<Substance C=C(C)[C@H]1CC=C(C)CC1{solv}{x=0.543500}|CCCCCO{solv}{x=0.456500}>,C=C(C)[C@H]1CC=C(C)CC1,CCCCCO,openff-2.0.0,2,0.8210951909783045,0.0002013212329474,0.8312000000000003,0.0003
19426,2101,dens_2014432371647189246,946,Density,<Substance C=C(C)[C@H]1CC=C(C)CC1{solv}{x=0.725200}|CCCCCO{solv}{x=0.274800}>,C=C(C)[C@H]1CC=C(C)CC1,CCCCCO,openff-2.0.0,2,0.8236669259126729,0.0001792982260665,0.8354000000000001,0.00035
19427,2102,dhmix_2293008983270202716,947,EnthalpyOfMixing,<Substance C=C(C)[C@H]1CC=C(C)CC1{solv}{x=0.272000}|CCCCCO{solv}{x=0.728000}>,C=C(C)[C@H]1CC=C(C)CC1,CCCCCO,openff-2.0.0,2,0.4774229715725937,0.0440737812309198,0.532,0.0215
19428,2103,dens_680086766431069719,948,Density,<Substance CN1CCNCC1{solv}{x=0.209100}|O{solv}{x=0.790900}>,CN1CCNCC1,O,openff-2.0.0,2,0.9956296872085189,0.0004164100934224,1.0013300000000005,4.000000000000001e-05
19429,2104,dhmix_979415629850644100,949,EnthalpyOfMixing,<Substance CN1CCNCC1{solv}{x=0.199800}|O{solv}{x=0.800200}>,CN1CCNCC1,O,openff-2.0.0,2,-3.2432423675698985,0.0267648594260817,-4.495,0.048
19430,2105,dhmix_1386641258873877278,950,EnthalpyOfMixing,<Substance CN1CCNCC1{solv}{x=0.792600}|O{solv}{x=0.207400}>,CN1CCNCC1,O,openff-2.0.0,2,-1.5818938527610271,0.0611310732367265,-1.753,0.019
19431,2106,dhmix_1572121970391530461,951,EnthalpyOfMixing,<Substance CN1CCNCC1{solv}{x=0.550000}|O{solv}{x=0.450000}>,CN1CCNCC1,O,openff-2.0.0,2,-2.589596767636891,0.0378206741840935,-3.547,0.038
19432,2107,dens_1756096179620961699,952,Density,<Substance CN1CCNCC1{solv}{x=0.510900}|O{solv}{x=0.489100}>,CN1CCNCC1,O,openff-2.0.0,2,0.976044831554718,0.000283817858741,0.9464100000000002,7.000000000000002e-05
19433,2108,dens_1892970147583328629,953,Density,<Substance CN1CCNCC1{solv}{x=0.706500}|O{solv}{x=0.293500}>,CN1CCNCC1,O,openff-2.0.0,2,0.96663116568966,0.0004014185639855,0.9223100000000002,8.500000000000002e-05
19434,2109,dhmix_681274412655414068,954,EnthalpyOfMixing,<Substance CCCOC(=O)CC{solv}{x=0.739400}|Cc1ccccc1{solv}{x=0.260600}>,CCCOC(=O)CC,Cc1ccccc1,openff-2.0.0,2,-0.1363338021520803,0.0512011111320462,-0.1135,0.0033
19435,2110,dhmix_720914323963600437,955,EnthalpyOfMixing,<Substance CCCOC(=O)CC{solv}{x=0.238900}|Cc1ccccc1{solv}{x=0.761100}>,CCCOC(=O)CC,Cc1ccccc1,openff-2.0.0,2,-0.3315179444161629,0.0425755442116145,-0.1404,0.0037
19436,2111,dens_1397630560016316656,956,Density,<Substance CCCOC(=O)CC{solv}{x=0.274700}|Cc1ccccc1{solv}{x=0.725300}>,CCCOC(=O)CC,Cc1ccccc1,openff-2.0.0,2,0.8632494840389555,0.0002677676301082,0.8675700000000003,0.00018
19437,2112,dhmix_1646061995263935606,957,EnthalpyOfMixing,<Substance CCCOC(=O)CC{solv}{x=0.548600}|Cc1ccccc1{solv}{x=0.451400}>,CCCOC(=O)CC,Cc1ccccc1,openff-2.0.0,2,-0.2774866421508761,0.0439593101223607,-0.1583,0.004
19438,2113,dens_1792064777238352129,958,Density,<Substance CCCOC(=O)CC{solv}{x=0.490700}|Cc1ccccc1{solv}{x=0.509300}>,CCCOC(=O)CC,Cc1ccccc1,openff-2.0.0,2,0.8687206223101599,0.0002122457075497,0.8707300000000002,0.00019
19439,2114,dens_1826904081955826008,959,Density,<Substance CCCOC(=O)CC{solv}{x=0.734600}|Cc1ccccc1{solv}{x=0.265400}>,CCCOC(=O)CC,Cc1ccccc1,openff-2.0.0,2,0.8733423188408048,0.0002190885382866,0.8734100000000001,0.00021
19440,2115,dens_685747331874801159,960,Density,<Substance CN1CCOCC1{solv}{x=0.498300}|O{solv}{x=0.501700}>,CN1CCOCC1,O,openff-2.0.0,2,0.9776277983251652,0.0002358044371331,0.9627600000000002,0.00084
19441,2116,dens_1087644349445114282,961,Density,<Substance CN1CCOCC1{solv}{x=0.253800}|O{solv}{x=0.746200}>,CN1CCOCC1,O,openff-2.0.0,2,0.9866201744777164,0.0003023347267296,0.9918800000000002,0.00059
19442,2117,dens_1374975991061431070,962,Density,<Substance CN1CCOCC1{solv}{x=0.758700}|O{solv}{x=0.241300}>,CN1CCOCC1,O,openff-2.0.0,2,0.9669422137850896,0.0002541942656465,0.9345300000000002,0.00112
19443,2118,dhmix_686592400130667234,963,EnthalpyOfMixing,<Substance BrCCCBr{solv}{x=0.231300}|COC(C)=O{solv}{x=0.768700}>,BrCCCBr,COC(C)=O,openff-2.0.0,2,0.2322132306432314,0.0348425896187416,0.2115,0.0024
19444,2119,dhmix_691866222529030049,964,EnthalpyOfMixing,<Substance BrCCCBr{solv}{x=0.504200}|COC(C)=O{solv}{x=0.495800}>,BrCCCBr,COC(C)=O,openff-2.0.0,2,0.29855883435674,0.0326142504612426,0.3912,0.0038
19445,2120,dens_1032175440351342196,965,Density,<Substance BrCCCBr{solv}{x=0.243500}|COC(C)=O{solv}{x=0.756500}>,BrCCCBr,COC(C)=O,openff-2.0.0,2,1.2247551762352968,0.0003755065262018,1.2277600000000002,0.00096
19446,2121,dens_1180265274183315765,966,Density,<Substance BrCCCBr{solv}{x=0.713800}|COC(C)=O{solv}{x=0.286200}>,BrCCCBr,COC(C)=O,openff-2.0.0,2,1.678846763555725,0.0005218372131575,1.7174300000000005,0.002745
19447,2122,dhmix_1380172638999588939,967,EnthalpyOfMixing,<Substance BrCCCBr{solv}{x=0.759400}|COC(C)=O{solv}{x=0.240600}>,BrCCCBr,COC(C)=O,openff-2.0.0,2,0.2210976373083042,0.0354579782315028,0.313,0.0032
19448,2123,dens_1697077234757321859,968,Density,<Substance BrCCCBr{solv}{x=0.525600}|COC(C)=O{solv}{x=0.474400}>,BrCCCBr,COC(C)=O,openff-2.0.0,2,1.5113498366879616,0.0004933925217744,1.5338800000000006,0.001965
19449,2124,dens_693154680723850561,969,Density,<Substance CN1CCCC1=O{solv}{x=0.756400}|Cc1ccccc1{solv}{x=0.243600}>,CN1CCCC1=O,Cc1ccccc1,openff-2.0.0,2,0.9671228924402206,0.0001884662652438,0.9854500000000004,0.00034
19450,2125,dhmix_1759507684169085916,970,EnthalpyOfMixing,<Substance CN1CCCC1=O{solv}{x=0.741800}|Cc1ccccc1{solv}{x=0.258200}>,CN1CCCC1=O,Cc1ccccc1,openff-2.0.0,2,-0.0940211997848194,0.0438317971780721,-0.2141,0.0024
19451,2126,dens_1796497685752507694,971,Density,<Substance CN1CCCC1=O{solv}{x=0.481500}|Cc1ccccc1{solv}{x=0.518500}>,CN1CCCC1=O,Cc1ccccc1,openff-2.0.0,2,0.926223294635822,0.0001842301647777,0.9415400000000002,0.00028
19452,2127,dhmix_1857599089574133884,972,EnthalpyOfMixing,<Substance CN1CCCC1=O{solv}{x=0.223100}|Cc1ccccc1{solv}{x=0.776900}>,CN1CCCC1=O,Cc1ccccc1,openff-2.0.0,2,-0.1899855040038289,0.0451253774531205,-0.1889,0.00215
19453,2128,dens_1886489466266398819,973,Density,<Substance CN1CCCC1=O{solv}{x=0.221600}|Cc1ccccc1{solv}{x=0.778400}>,CN1CCCC1=O,Cc1ccccc1,openff-2.0.0,2,0.895535869690496,0.000251994719719,0.9061600000000002,0.00076
19454,2129,dhmix_2238554893157725289,974,EnthalpyOfMixing,<Substance CN1CCCC1=O{solv}{x=0.482100}|Cc1ccccc1{solv}{x=0.517900}>,CN1CCCC1=O,Cc1ccccc1,openff-2.0.0,2,-0.1488725433491424,0.0399013459445654,-0.2985,0.0033
19455,2130,dens_717951284355382404,975,Density,<Substance CN1CCCC1=O{solv}{x=0.702300}|ClCCCCCCCl{solv}{x=0.297700}>,CN1CCCC1=O,ClCCCCCCCl,openff-2.0.0,2,1.029955302679647,0.0002002130599985,1.0416,0.0003
19456,2131,dhmix_859697969059379656,976,EnthalpyOfMixing,<Substance CN1CCCC1=O{solv}{x=0.503000}|ClCCCCCCCl{solv}{x=0.497000}>,CN1CCCC1=O,ClCCCCCCCl,openff-2.0.0,2,0.3847874199217358,0.0426356543453045,-0.2,0.0025
19457,2132,dhmix_916885053388204545,977,EnthalpyOfMixing,<Substance CN1CCCC1=O{solv}{x=0.212000}|ClCCCCCCCl{solv}{x=0.788000}>,CN1CCCC1=O,ClCCCCCCCl,openff-2.0.0,2,0.0975606501333459,0.0456277182503098,-0.13,0.002
19458,2133,dens_1483670447992291960,978,Density,<Substance CN1CCCC1=O{solv}{x=0.201600}|ClCCCCCCCl{solv}{x=0.798400}>,CN1CCCC1=O,ClCCCCCCCl,openff-2.0.0,2,1.0559767664010065,0.0002420781365138,1.0584000000000005,0.00055
19459,2134,dens_1896555095774116819,979,Density,<Substance CN1CCCC1=O{solv}{x=0.504900}|ClCCCCCCCl{solv}{x=0.495100}>,CN1CCCC1=O,ClCCCCCCCl,openff-2.0.0,2,1.0420532069477817,0.0001488606741335,1.0490000000000002,0.00035
19460,2135,dhmix_2039443272323887912,980,EnthalpyOfMixing,<Substance CN1CCCC1=O{solv}{x=0.797000}|ClCCCCCCCl{solv}{x=0.203000}>,CN1CCCC1=O,ClCCCCCCCl,openff-2.0.0,2,0.3456453163002919,0.0482948292529223,-0.123,0.002
19461,2136,dhmix_729169544598225866,981,EnthalpyOfMixing,<Substance CN(C)C=O{solv}{x=0.203000}|ClCCCCCCCl{solv}{x=0.797000}>,CN(C)C=O,ClCCCCCCCl,openff-2.0.0,2,0.5586702871801208,0.0454644907799242,0.195,0.0025
19462,2137,dhmix_1359105787212172230,982,EnthalpyOfMixing,<Substance CN(C)C=O{solv}{x=0.796000}|ClCCCCCCCl{solv}{x=0.204000}>,CN(C)C=O,ClCCCCCCCl,openff-2.0.0,2,0.5019905939037841,0.0392650876676179,0.24,0.0025
19463,2138,dhmix_1534380829757525169,983,EnthalpyOfMixing,<Substance CN(C)C=O{solv}{x=0.498000}|ClCCCCCCCl{solv}{x=0.502000}>,CN(C)C=O,ClCCCCCCCl,openff-2.0.0,2,0.8499526880077042,0.0412753391817979,0.34,0.0025
19464,2139,dens_1752369236407148840,984,Density,<Substance CN(C)C=O{solv}{x=0.503300}|ClCCCCCCCl{solv}{x=0.496700}>,CN(C)C=O,ClCCCCCCCl,openff-2.0.0,2,1.0128827279494683,0.0002758355083148,1.0190000000000003,0.00155
19465,2140,dens_2070195997725277466,985,Density,<Substance CN(C)C=O{solv}{x=0.703400}|ClCCCCCCCl{solv}{x=0.296600}>,CN(C)C=O,ClCCCCCCCl,openff-2.0.0,2,0.983999693875586,0.0002599439353853,0.9943000000000002,0.0017
19466,2141,dens_2171945276872385012,986,Density,<Substance CN(C)C=O{solv}{x=0.201300}|ClCCCCCCCl{solv}{x=0.798700}>,CN(C)C=O,ClCCCCCCCl,openff-2.0.0,2,1.0466074695002758,0.000227275169783,1.0486000000000002,0.0014
19467,2142,dens_741100297092592576,987,Density,<Substance C1CCCCC1{solv}{x=0.265900}|C1CCOCC1{solv}{x=0.734100}>,C1CCCCC1,C1CCOCC1,openff-2.0.0,2,0.8413835530156583,0.0002167940351274,0.8470300000000002,0.000505
19468,2143,dens_1002639246322609242,988,Density,<Substance C1CCCCC1{solv}{x=0.762200}|C1CCOCC1{solv}{x=0.237800}>,C1CCCCC1,C1CCOCC1,openff-2.0.0,2,0.7836131408879388,0.0002426208155744,0.7952000000000002,0.000505
19469,2144,dhmix_1171155554844966705,989,EnthalpyOfMixing,<Substance C1CCCCC1{solv}{x=0.247100}|C1CCOCC1{solv}{x=0.752900}>,C1CCCCC1,C1CCOCC1,openff-2.0.0,2,0.5753586953496779,0.0453377322905124,0.3613,0.00395
19470,2145,dens_2142973677177666085,990,Density,<Substance C1CCCCC1{solv}{x=0.501800}|C1CCOCC1{solv}{x=0.498200}>,C1CCCCC1,C1CCOCC1,openff-2.0.0,2,0.8123498789282318,0.0001769206593666,0.8211500000000002,0.000505
19471,2146,dhmix_2195791820105752985,991,EnthalpyOfMixing,<Substance C1CCCCC1{solv}{x=0.726600}|C1CCOCC1{solv}{x=0.273400}>,C1CCCCC1,C1CCOCC1,openff-2.0.0,2,0.5372239815403645,0.0439713784303355,0.4424,0.00485
19472,2147,dhmix_2296999979529762407,992,EnthalpyOfMixing,<Substance C1CCCCC1{solv}{x=0.499000}|C1CCOCC1{solv}{x=0.501000}>,C1CCCCC1,C1CCOCC1,openff-2.0.0,2,0.6839086257479892,0.0434155259499645,0.526,0.0055
19473,2148,dhmix_744994939606384802,993,EnthalpyOfMixing,<Substance CO{solv}{x=0.300000}|O{solv}{x=0.700000}>,CO,O,openff-2.0.0,2,0.0687243767200271,1.2569805089976535e-05,-0.85,0.005
19474,2149,dens_1085345433585028387,994,Density,<Substance CO{solv}{x=0.499700}|O{solv}{x=0.500300}>,CO,O,openff-2.0.0,2,0.8405777368945828,0.0004672980728958,0.8816900000000003,0.000165
19475,2150,dhmix_1126710771921470495,995,EnthalpyOfMixing,<Substance CO{solv}{x=0.700000}|O{solv}{x=0.300000}>,CO,O,openff-2.0.0,2,0.0064920073476866,1.2569805089976535e-05,-0.583,0.0035
19476,2151,dens_1258832080354057572,996,Density,<Substance CO{solv}{x=0.300300}|O{solv}{x=0.699700}>,CO,O,openff-2.0.0,2,0.8858887832907467,1e-05,0.9252100000000004,0.000125
19477,2152,dens_1758371820245200558,997,Density,<Substance CO{solv}{x=0.760500}|O{solv}{x=0.239500}>,CO,O,openff-2.0.0,2,0.7966850130503428,0.0004741864688028,0.8289000000000002,0.0001
19478,2153,dhmix_1824296469249495553,998,EnthalpyOfMixing,<Substance CO{solv}{x=0.500000}|O{solv}{x=0.500000}>,CO,O,openff-2.0.0,2,0.1359897603860949,1.2247448713915892e-05,-0.777,0.0045
19479,2154,dhmix_753952445434773754,999,EnthalpyOfMixing,<Substance CCCCCCCCCl{solv}{x=0.493000}|CN1CCCC1=O{solv}{x=0.507000}>,CCCCCCCCCl,CN1CCCC1=O,openff-2.0.0,2,1.2245645994724157,0.0422843371219874,0.638,0.0035
19480,2155,dhmix_1273186684325800862,1000,EnthalpyOfMixing,<Substance CCCCCCCCCl{solv}{x=0.783000}|CN1CCCC1=O{solv}{x=0.217000}>,CCCCCCCCCl,CN1CCCC1=O,openff-2.0.0,2,0.8489757274009548,0.0534666352857053,0.371,0.003
19481,2156,dhmix_1457789704046029008,1001,EnthalpyOfMixing,<Substance CCCCCCCCCl{solv}{x=0.202000}|CN1CCCC1=O{solv}{x=0.798000}>,CCCCCCCCCl,CN1CCCC1=O,openff-2.0.0,2,0.9009438912610506,0.043972446831561,0.5,0.0035
19482,2157,dens_1965529278608066299,1002,Density,<Substance CCCCCCCCCl{solv}{x=0.299500}|CN1CCCC1=O{solv}{x=0.700500}>,CCCCCCCCCl,CN1CCCC1=O,openff-2.0.0,2,0.9480410768652454,0.0001917669557543,0.9598000000000002,0.00025
19483,2158,dens_2167805246575708222,1003,Density,<Substance CCCCCCCCCl{solv}{x=0.798600}|CN1CCCC1=O{solv}{x=0.201400}>,CCCCCCCCCl,CN1CCCC1=O,openff-2.0.0,2,0.8844010054585708,0.0001698855791074,0.8888000000000001,0.00055
19484,2159,dens_2177162670107081086,1004,Density,<Substance CCCCCCCCCl{solv}{x=0.497900}|CN1CCCC1=O{solv}{x=0.502100}>,CCCCCCCCCl,CN1CCCC1=O,openff-2.0.0,2,0.9186186243095872,0.0001863496518073,0.9269000000000002,0.00035
19485,2160,dhmix_756380521637559100,1005,EnthalpyOfMixing,<Substance C1COCCO1{solv}{x=0.500000}|O=C1CCCCC1{solv}{x=0.500000}>,C1COCCO1,O=C1CCCCC1,openff-2.0.0,2,0.2167229299431881,0.0414437679924745,0.28584,0.00154
19486,2161,dens_1139761443535371798,1006,Density,<Substance C1COCCO1{solv}{x=0.459400}|O=C1CCCCC1{solv}{x=0.540600}>,C1COCCO1,O=C1CCCCC1,openff-2.0.0,2,0.968282329270568,0.0002140901571398,0.9762000000000004,0.00025
19487,2162,dhmix_1367833850972054360,1007,EnthalpyOfMixing,<Substance C1COCCO1{solv}{x=0.750000}|O=C1CCCCC1{solv}{x=0.250000}>,C1COCCO1,O=C1CCCCC1,openff-2.0.0,2,0.1677256808699496,0.0400800198527082,0.23662,0.001355
19488,2163,dhmix_1533665710565492443,1008,EnthalpyOfMixing,<Substance C1COCCO1{solv}{x=0.250000}|O=C1CCCCC1{solv}{x=0.750000}>,C1COCCO1,O=C1CCCCC1,openff-2.0.0,2,0.1505863681388746,0.0444049291228316,0.20076,0.00121
19489,2164,dens_1556646832168598904,1009,Density,<Substance C1COCCO1{solv}{x=0.797800}|O=C1CCCCC1{solv}{x=0.202200}>,C1COCCO1,O=C1CCCCC1,openff-2.0.0,2,1.0112691559520537,0.0002119600557202,1.0062000000000002,0.00025
19490,2165,dens_1806066395455679216,1010,Density,<Substance C1COCCO1{solv}{x=0.272000}|O=C1CCCCC1{solv}{x=0.728000}>,C1COCCO1,O=C1CCCCC1,openff-2.0.0,2,0.948312013260912,0.0001902279602352,0.9614000000000004,0.00025
19491,2166,dhmix_781473821930081125,1011,EnthalpyOfMixing,<Substance CCOc1ccccc1{solv}{x=0.765100}|OCc1ccccc1{solv}{x=0.234900}>,CCOc1ccccc1,OCc1ccccc1,openff-2.0.0,2,0.7768825133126143,0.0503926164391609,1.083,0.0116
19492,2167,dhmix_966435122735090568,1012,EnthalpyOfMixing,<Substance CCOc1ccccc1{solv}{x=0.063600}|OCc1ccccc1{solv}{x=0.936400}>,CCOc1ccccc1,OCc1ccccc1,openff-2.0.0,2,0.2571699016761783,0.0476437424211815,0.1901,0.00225
19493,2168,dens_1184318999137642715,1013,Density,<Substance CCOc1ccccc1{solv}{x=0.064200}|OCc1ccccc1{solv}{x=0.935800}>,CCOc1ccccc1,OCc1ccccc1,openff-2.0.0,2,1.026990814695255,0.0001962068734132,1.02761,0.00011
19494,2169,dhmix_1518701992890040137,1014,EnthalpyOfMixing,<Substance CCOc1ccccc1{solv}{x=0.549900}|OCc1ccccc1{solv}{x=0.450100}>,CCOc1ccccc1,OCc1ccccc1,openff-2.0.0,2,0.8512915083320252,0.0477234066211578,1.0561,0.01135
19495,2170,dens_1575045736805268459,1015,Density,<Substance CCOc1ccccc1{solv}{x=0.459800}|OCc1ccccc1{solv}{x=0.540200}>,CCOc1ccccc1,OCc1ccccc1,openff-2.0.0,2,0.9903666075768108,0.0002315881157679,0.9925100000000002,0.00016
19496,2171,dens_2214650701288997434,1016,Density,<Substance CCOc1ccccc1{solv}{x=0.757200}|OCc1ccccc1{solv}{x=0.242800}>,CCOc1ccccc1,OCc1ccccc1,openff-2.0.0,2,0.9670200725981606,0.0001422941523352,0.9686500000000002,0.000215
19497,2172,dens_800807749587668066,1017,Density,<Substance C1CCOCC1{solv}{x=0.733600}|c1ccncc1{solv}{x=0.266400}>,C1CCOCC1,c1ccncc1,openff-2.0.0,2,0.8925044068923048,0.0002557732233025,0.8933350000000002,0.000358
19498,2173,dhmix_836757145941804043,1018,EnthalpyOfMixing,<Substance C1CCOCC1{solv}{x=0.291500}|c1ccncc1{solv}{x=0.708500}>,C1CCOCC1,c1ccncc1,openff-2.0.0,2,0.097517041634191,0.0382825976689565,0.0898,0.00095
19499,2174,dhmix_1003039131395935786,1019,EnthalpyOfMixing,<Substance C1CCOCC1{solv}{x=0.536300}|c1ccncc1{solv}{x=0.463700}>,C1CCOCC1,c1ccncc1,openff-2.0.0,2,0.1367110990594113,0.0407596807094281,0.1573,0.0013
19500,2175,dens_1859030547600172702,1020,Density,<Substance C1CCOCC1{solv}{x=0.241500}|c1ccncc1{solv}{x=0.758500}>,C1CCOCC1,c1ccncc1,openff-2.0.0,2,0.9570406373009578,0.0002567522802921,0.9525650000000004,0.000212
19501,2176,dhmix_2191254706131659314,1021,EnthalpyOfMixing,<Substance C1CCOCC1{solv}{x=0.734400}|c1ccncc1{solv}{x=0.265600}>,C1CCOCC1,c1ccncc1,openff-2.0.0,2,0.083786381905071,0.038163473170575,0.1564,0.0013
19502,2177,dens_2239470871208865925,1022,Density,<Substance C1CCOCC1{solv}{x=0.536400}|c1ccncc1{solv}{x=0.463600}>,C1CCOCC1,c1ccncc1,openff-2.0.0,2,0.9133329529998232,0.0002693617354132,0.9124250000000002,0.0002965
19503,2178,dens_801655585640229277,1023,Density,<Substance C1CCOCC1{solv}{x=0.777600}|CCCC(C)=O{solv}{x=0.222400}>,C1CCOCC1,CCCC(C)=O,openff-2.0.0,2,0.8540324309637656,0.0002340766313575,0.8602600000000002,0.000225
19504,2179,dhmix_1175081460677389458,1024,EnthalpyOfMixing,<Substance C1CCOCC1{solv}{x=0.250000}|CCCC(C)=O{solv}{x=0.750000}>,C1CCOCC1,CCCC(C)=O,openff-2.0.0,2,0.0597169294785544,0.0438769190041402,0.06014,0.00063
19505,2180,dens_1481139606755572767,1025,Density,<Substance C1CCOCC1{solv}{x=0.236100}|CCCC(C)=O{solv}{x=0.763900}>,C1CCOCC1,CCCC(C)=O,openff-2.0.0,2,0.8036785872107118,0.0002283409903248,0.8183900000000002,0.000215
19506,2181,dhmix_1531586108535895092,1026,EnthalpyOfMixing,<Substance C1CCOCC1{solv}{x=0.750000}|CCCC(C)=O{solv}{x=0.250000}>,C1CCOCC1,CCCC(C)=O,openff-2.0.0,2,0.0560061617096607,0.0427651329881382,0.08245,0.000715
19507,2182,dhmix_2074691820693967219,1027,EnthalpyOfMixing,<Substance C1CCOCC1{solv}{x=0.500000}|CCCC(C)=O{solv}{x=0.500000}>,C1CCOCC1,CCCC(C)=O,openff-2.0.0,2,0.1612587979485624,0.0414591767134064,0.09128,0.000745
19508,2183,dens_2180187104403779312,1028,Density,<Substance C1CCOCC1{solv}{x=0.504600}|CCCC(C)=O{solv}{x=0.495400}>,C1CCOCC1,CCCC(C)=O,openff-2.0.0,2,0.8277440554057157,0.0002146522756047,0.8386000000000002,0.00022
19509,2184,dhmix_814516627068967115,1029,EnthalpyOfMixing,<Substance CCCOC=O{solv}{x=0.230800}|ClCCCCl{solv}{x=0.769200}>,CCCOC=O,ClCCCCl,openff-2.0.0,2,0.5257046767265194,1.2824671535754826e-05,-0.054,0.001
19510,2185,dens_853749747181024442,1030,Density,<Substance CCCOC=O{solv}{x=0.525500}|ClCCCCl{solv}{x=0.474500}>,CCCOC=O,ClCCCCl,openff-2.0.0,2,1.0410882299973705,1e-05,1.0302400000000005,0.00176
19511,2186,dhmix_1623640482466530427,1031,EnthalpyOfMixing,<Substance CCCOC=O{solv}{x=0.750900}|ClCCCCl{solv}{x=0.249100}>,CCCOC=O,ClCCCCl,openff-2.0.0,2,1.026099753575977,1.2751478345666436e-05,-0.088,0.001
19512,2187,dens_1998603470347754754,1032,Density,<Substance CCCOC=O{solv}{x=0.233600}|ClCCCCl{solv}{x=0.766400}>,CCCOC=O,ClCCCCl,openff-2.0.0,2,1.1104704466544624,1e-05,1.1122200000000002,0.00274
19513,2188,dhmix_2003217087101692001,1033,EnthalpyOfMixing,<Substance CCCOC=O{solv}{x=0.514500}|ClCCCCl{solv}{x=0.485500}>,CCCOC=O,ClCCCCl,openff-2.0.0,2,0.509447383646048,1.2249168715725914e-05,-0.114,0.0015
19514,2189,dens_2020761603812222512,1034,Density,<Substance CCCOC=O{solv}{x=0.763600}|ClCCCCl{solv}{x=0.236400}>,CCCOC=O,ClCCCCl,openff-2.0.0,2,0.9835280276327516,1e-05,0.9644500000000004,0.00119
19515,2190,dens_828893303895070246,1035,Density,<Substance C1CCCCC1{solv}{x=0.249800}|CCCCCCCC{solv}{x=0.750200}>,C1CCCCC1,CCCCCCCC,openff-2.0.0,2,0.7018407538323442,0.0001372197178252,0.7110900000000002,0.000605
19516,2191,dhmix_1288938247372010686,1036,EnthalpyOfMixing,<Substance C1CCCCC1{solv}{x=0.751300}|CCCCCCCC{solv}{x=0.248700}>,C1CCCCC1,CCCCCCCC,openff-2.0.0,2,0.5583956190966717,0.047995986846377,0.23,0.005
19517,2192,dens_1398337515687242649,1037,Density,<Substance C1CCCCC1{solv}{x=0.477700}|CCCCCCCC{solv}{x=0.522300}>,C1CCCCC1,CCCCCCCC,openff-2.0.0,2,0.7132194892827941,0.0002091403021441,0.7250300000000002,0.000585
19518,2193,dhmix_1429498464152515756,1038,EnthalpyOfMixing,<Substance C1CCCCC1{solv}{x=0.532400}|CCCCCCCC{solv}{x=0.467600}>,C1CCCCC1,CCCCCCCC,openff-2.0.0,2,0.635638915867446,0.046561930070366,0.258,0.005
19519,2194,dens_2267960821195706299,1039,Density,<Substance C1CCCCC1{solv}{x=0.796100}|CCCCCCCC{solv}{x=0.203900}>,C1CCCCC1,CCCCCCCC,openff-2.0.0,2,0.7376907102254101,0.0002024034267622,0.7509700000000002,0.00055
19520,2195,dhmix_2289023418386220795,1040,EnthalpyOfMixing,<Substance C1CCCCC1{solv}{x=0.274400}|CCCCCCCC{solv}{x=0.725600}>,C1CCCCC1,CCCCCCCC,openff-2.0.0,2,0.5171738643315393,0.0540467034437431,0.18,0.005
19521,2196,dens_848374876759596361,1041,Density,<Substance CC(C)OC(C)C{solv}{x=0.284600}|CCCCCl{solv}{x=0.715400}>,CC(C)OC(C)C,CCCCCl,openff-2.0.0,2,0.8205384612565442,0.0003201752085007,0.8263210000000002,0.000365
19522,2197,dens_917492506874956672,1042,Density,<Substance CC(C)OC(C)C{solv}{x=0.808200}|CCCCCl{solv}{x=0.191800}>,CC(C)OC(C)C,CCCCCl,openff-2.0.0,2,0.7593880245870678,0.0002147566671908,0.7440910000000002,0.000448
19523,2198,dhmix_1107367594793013993,1043,EnthalpyOfMixing,<Substance CC(C)OC(C)C{solv}{x=0.272700}|CCCCCl{solv}{x=0.727300}>,CC(C)OC(C)C,CCCCCl,openff-2.0.0,2,-0.1927201431494722,0.0425120460821358,-0.0785,0.001
19524,2199,dhmix_1310204607958463222,1044,EnthalpyOfMixing,<Substance CC(C)OC(C)C{solv}{x=0.454700}|CCCCCl{solv}{x=0.545300}>,CC(C)OC(C)C,CCCCCl,openff-2.0.0,2,-0.1361798950422326,0.0412520132349162,-0.0954,0.0012
19525,2200,dhmix_1605157292498138629,1045,EnthalpyOfMixing,<Substance CC(C)OC(C)C{solv}{x=0.727400}|CCCCCl{solv}{x=0.272600}>,CC(C)OC(C)C,CCCCCl,openff-2.0.0,2,-0.0578955717277551,0.0508624626075985,-0.0732,0.00095
19526,2201,dens_1927916489732771888,1046,Density,<Substance CC(C)OC(C)C{solv}{x=0.484000}|CCCCCl{solv}{x=0.516000}>,CC(C)OC(C)C,CCCCCl,openff-2.0.0,2,0.7963453145760827,0.0002386939011089,0.7925060000000002,0.0004005
19527,2202,dens_860008765681738590,1047,Density,<Substance CN(CCO)CCO{solv}{x=0.231260}|c1ccncc1{solv}{x=0.768740}>,CN(CCO)CCO,c1ccncc1,openff-2.0.0,2,1.0008450979624126,1e-05,0.9906030000000002,0.0001015
19528,2203,dens_1253280811379348869,1048,Density,<Substance CN(CCO)CCO{solv}{x=0.670000}|c1ccncc1{solv}{x=0.330000}>,CN(CCO)CCO,c1ccncc1,openff-2.0.0,2,1.023981624070181,1e-05,1.0161020000000005,0.000102
19529,2204,dhmix_1381513140604048573,1049,EnthalpyOfMixing,<Substance CN(CCO)CCO{solv}{x=0.473760}|c1ccncc1{solv}{x=0.526240}>,CN(CCO)CCO,c1ccncc1,openff-2.0.0,2,0.1186365501065154,1.2252966987632015e-05,-0.093,0.001
19530,2205,dens_1460709448836415360,1050,Density,<Substance CN(CCO)CCO{solv}{x=0.473530}|c1ccncc1{solv}{x=0.526470}>,CN(CCO)CCO,c1ccncc1,openff-2.0.0,2,1.0147681308366905,1e-05,1.0044450000000005,0.0001015
19531,2206,dhmix_2085036308089359597,1051,EnthalpyOfMixing,<Substance CN(CCO)CCO{solv}{x=0.230610}|c1ccncc1{solv}{x=0.769390}>,CN(CCO)CCO,c1ccncc1,openff-2.0.0,2,0.1439024156967576,1.2824671535754826e-05,-0.032,0.001
19532,2207,dhmix_2287943921901918379,1052,EnthalpyOfMixing,<Substance CN(CCO)CCO{solv}{x=0.669580}|c1ccncc1{solv}{x=0.330420}>,CN(CCO)CCO,c1ccncc1,openff-2.0.0,2,0.0769013544561119,1.2481185841096992e-05,-0.12,0.0015
19533,2208,dens_929806754028972955,1053,Density,<Substance CCCC(=O)OC{solv}{x=0.695800}|COC(C)=O{solv}{x=0.304200}>,CCCC(=O)OC,COC(C)=O,openff-2.0.0,2,0.903769333665608,0.0002166180021103,0.8997600000000002,0.000505
19534,2209,dhmix_1093843275803987368,1054,EnthalpyOfMixing,<Substance CCCC(=O)OC{solv}{x=0.482200}|COC(C)=O{solv}{x=0.517800}>,CCCC(=O)OC,COC(C)=O,openff-2.0.0,2,0.0690294391848809,0.0391855559390825,0.151,0.002
19535,2210,dens_1187818937240241755,1055,Density,<Substance CCCC(=O)OC{solv}{x=0.253600}|COC(C)=O{solv}{x=0.746400}>,CCCC(=O)OC,COC(C)=O,openff-2.0.0,2,0.9215023732319996,0.0002545375170476,0.9147400000000002,0.000505
19536,2211,dens_1462283017082249050,1056,Density,<Substance CCCC(=O)OC{solv}{x=0.545600}|COC(C)=O{solv}{x=0.454400}>,CCCC(=O)OC,COC(C)=O,openff-2.0.0,2,0.9081959903023826,0.0002724042461064,0.9041900000000004,0.000505
19537,2212,dhmix_1514470349370367756,1057,EnthalpyOfMixing,<Substance CCCC(=O)OC{solv}{x=0.226000}|COC(C)=O{solv}{x=0.774000}>,CCCC(=O)OC,COC(C)=O,openff-2.0.0,2,0.0540908944806095,0.0371816039475086,0.102,0.0015
19538,2213,dhmix_1615966506855005599,1058,EnthalpyOfMixing,<Substance CCCC(=O)OC{solv}{x=0.695800}|COC(C)=O{solv}{x=0.304200}>,CCCC(=O)OC,COC(C)=O,openff-2.0.0,2,-0.0048074828944777,0.0449652405482662,0.122,0.0015
19539,2214,dens_931039395662625393,1059,Density,<Substance BrCCBr{solv}{x=0.510700}|CCOC=O{solv}{x=0.489300}>,BrCCBr,CCOC=O,openff-2.0.0,2,1.5907955700825624,0.000384188346129,1.5742900000000004,0.00125
19540,2215,dhmix_1379448524788285045,1060,EnthalpyOfMixing,<Substance BrCCBr{solv}{x=0.503000}|CCOC=O{solv}{x=0.497000}>,BrCCBr,CCOC=O,openff-2.0.0,2,0.3706825788416239,0.0322146256433116,0.404,0.0054
19541,2216,dhmix_1589211680683586133,1061,EnthalpyOfMixing,<Substance BrCCBr{solv}{x=0.247500}|CCOC=O{solv}{x=0.752500}>,BrCCBr,CCOC=O,openff-2.0.0,2,0.1328518139806931,0.0430028617075652,0.2492,0.0035
19542,2217,dens_1816072583621776909,1062,Density,<Substance BrCCBr{solv}{x=0.282500}|CCOC=O{solv}{x=0.717500}>,BrCCBr,CCOC=O,openff-2.0.0,2,1.3126686158281788,0.0004259302710302,1.2851500000000005,0.00131
19543,2218,dens_1857279480363338972,1063,Density,<Substance BrCCBr{solv}{x=0.750600}|CCOC=O{solv}{x=0.249400}>,BrCCBr,CCOC=O,openff-2.0.0,2,1.852650915605793,0.000572570121049,1.8698300000000003,0.000995
19544,2219,dhmix_2225135654541562913,1064,EnthalpyOfMixing,<Substance BrCCBr{solv}{x=0.734600}|CCOC=O{solv}{x=0.265400}>,BrCCBr,CCOC=O,openff-2.0.0,2,0.4644909001323185,0.0329467775034742,0.3604,0.00485
19545,2220,dhmix_933824509566848172,1065,EnthalpyOfMixing,<Substance C1COCO1{solv}{x=0.350000}|CCCC(C)=O{solv}{x=0.650000}>,C1COCO1,CCCC(C)=O,openff-2.0.0,2,0.2911312974247266,0.033847328578895,0.17755,0.001095
19546,2221,dens_1326756646981901590,1066,Density,<Substance C1COCO1{solv}{x=0.717400}|CCCC(C)=O{solv}{x=0.282600}>,C1COCO1,CCCC(C)=O,openff-2.0.0,2,0.9803166419728452,0.0002769948763064,0.9625500000000002,0.000245
19547,2222,dhmix_1386053902220878259,1067,EnthalpyOfMixing,<Substance C1COCO1{solv}{x=0.500000}|CCCC(C)=O{solv}{x=0.500000}>,C1COCO1,CCCC(C)=O,openff-2.0.0,2,0.3156500765544763,0.0384718913457918,0.21077,0.00122
19548,2223,dens_1490997112604690080,1068,Density,<Substance C1COCO1{solv}{x=0.349900}|CCCC(C)=O{solv}{x=0.650100}>,C1COCO1,CCCC(C)=O,openff-2.0.0,2,0.8657664961747671,0.0002143251687405,0.8687200000000003,0.00022
19549,2224,dens_1979377813631413053,1069,Density,<Substance C1COCO1{solv}{x=0.516900}|CCCC(C)=O{solv}{x=0.483100}>,C1COCO1,CCCC(C)=O,openff-2.0.0,2,0.9127386143406104,0.0002744179212919,0.9078200000000004,0.00023
19550,2225,dhmix_2113009728753201792,1070,EnthalpyOfMixing,<Substance C1COCO1{solv}{x=0.750000}|CCCC(C)=O{solv}{x=0.250000}>,C1COCO1,CCCC(C)=O,openff-2.0.0,2,0.3092700481007568,0.0305471108171308,0.17046,0.00107
19551,2226,dhmix_962524540250306235,1071,EnthalpyOfMixing,<Substance Cc1ccccc1N{solv}{x=0.268100}|c1ccncc1{solv}{x=0.731900}>,Cc1ccccc1N,c1ccncc1,openff-2.0.0,2,-1.4325355676585545,0.041811594392239,-0.8915,0.0182
19552,2227,dhmix_1000930562998604270,1072,EnthalpyOfMixing,<Substance Cc1ccccc1N{solv}{x=0.773500}|c1ccncc1{solv}{x=0.226500}>,Cc1ccccc1N,c1ccncc1,openff-2.0.0,2,-0.9897926175711476,0.046917651974882,-0.7828,0.016
19553,2228,dens_1203111494553524663,1073,Density,<Substance Cc1ccccc1N{solv}{x=0.483700}|c1ccncc1{solv}{x=0.516300}>,Cc1ccccc1N,c1ccncc1,openff-2.0.0,2,1.011871435290567,0.0002329644194422,0.9912370000000004,0.000117
19554,2229,dens_1316174752280431242,1074,Density,<Substance Cc1ccccc1N{solv}{x=0.237400}|c1ccncc1{solv}{x=0.762600}>,Cc1ccccc1N,c1ccncc1,openff-2.0.0,2,1.0007308468256826,0.0002135836003718,0.9863750000000002,0.000118
19555,2230,dhmix_1371524052813651708,1075,EnthalpyOfMixing,<Substance Cc1ccccc1N{solv}{x=0.482600}|c1ccncc1{solv}{x=0.517400}>,Cc1ccccc1N,c1ccncc1,openff-2.0.0,2,-1.583232423362233,0.0351834836818349,-1.0329,0.02105
19556,2231,dens_2188924364196997512,1076,Density,<Substance Cc1ccccc1N{solv}{x=0.767800}|c1ccncc1{solv}{x=0.232200}>,Cc1ccccc1N,c1ccncc1,openff-2.0.0,2,1.018906256006488,0.0002315328877779,0.9936220000000002,0.000117
19557,2232,dens_964556344607822867,1077,Density,<Substance CCCCCCCCC{solv}{x=0.696300}|COC(C)(C)C{solv}{x=0.303700}>,CCCCCCCCC,COC(C)(C)C,openff-2.0.0,2,0.7154760837754849,0.000193005409228,0.7173600000000002,0.000295
19558,2233,dhmix_1091489740441728210,1078,EnthalpyOfMixing,<Substance CCCCCCCCC{solv}{x=0.260100}|COC(C)(C)C{solv}{x=0.739900}>,CCCCCCCCC,COC(C)(C)C,openff-2.0.0,2,0.7203781754111844,0.0494851660005724,0.371,0.0075
19559,2234,dens_1264105858192356202,1079,Density,<Substance CCCCCCCCC{solv}{x=0.499200}|COC(C)(C)C{solv}{x=0.500800}>,CCCCCCCCC,COC(C)(C)C,openff-2.0.0,2,0.7209005809453087,0.0001575688796149,0.7207300000000002,0.00029
19560,2235,dhmix_1760873631242020891,1080,EnthalpyOfMixing,<Substance CCCCCCCCC{solv}{x=0.759600}|COC(C)(C)C{solv}{x=0.240400}>,CCCCCCCCC,COC(C)(C)C,openff-2.0.0,2,0.6914834705385715,0.0539849658348533,0.345,0.007
19561,2236,dens_2012579877169955729,1081,Density,<Substance CCCCCCCCC{solv}{x=0.199500}|COC(C)(C)C{solv}{x=0.800500}>,CCCCCCCCC,COC(C)(C)C,openff-2.0.0,2,0.7337829863328207,0.0001645241009254,0.7281100000000001,0.000285
19562,2237,dhmix_2200368758776542578,1082,EnthalpyOfMixing,<Substance CCCCCCCCC{solv}{x=0.513300}|COC(C)(C)C{solv}{x=0.486700}>,CCCCCCCCC,COC(C)(C)C,openff-2.0.0,2,0.866351378421939,0.0530840400079323,0.486,0.0095
19563,2238,dhmix_972091313059406932,1083,EnthalpyOfMixing,<Substance CCCNCCC{solv}{x=0.248200}|CN(C)C=O{solv}{x=0.751800}>,CCCNCCC,CN(C)C=O,openff-2.0.0,2,0.2080962435483115,0.040886942346663,0.613,0.0195
19564,2239,dhmix_1037416167092316519,1084,EnthalpyOfMixing,<Substance CCCNCCC{solv}{x=0.499500}|CN(C)C=O{solv}{x=0.500500}>,CCCNCCC,CN(C)C=O,openff-2.0.0,2,0.3715075707338258,0.0438476707979179,0.748,0.0225
19565,2240,dhmix_1525975551610336413,1085,EnthalpyOfMixing,<Substance CCCNCCC{solv}{x=0.749600}|CN(C)C=O{solv}{x=0.250400}>,CCCNCCC,CN(C)C=O,openff-2.0.0,2,0.2544730809614748,0.0437540940036439,0.529,0.017
19566,2241,dens_1610465641813938660,1086,Density,<Substance CCCNCCC{solv}{x=0.745900}|CN(C)C=O{solv}{x=0.254100}>,CCCNCCC,CN(C)C=O,openff-2.0.0,2,0.7690787429930135,0.0002353299769136,0.7687320000000002,0.0009355
19567,2242,dens_2129043605695010641,1087,Density,<Substance CCCNCCC{solv}{x=0.503400}|CN(C)C=O{solv}{x=0.496600}>,CCCNCCC,CN(C)C=O,openff-2.0.0,2,0.8081478794788616,0.0002339269521275,0.8108000000000002,0.0009885
19568,2243,dens_2129124855081233158,1088,Density,<Substance CCCNCCC{solv}{x=0.252300}|CN(C)C=O{solv}{x=0.747700}>,CCCNCCC,CN(C)C=O,openff-2.0.0,2,0.8600484315404829,0.000238489574102,0.8674480000000002,0.0010625
19569,2244,dhmix_1022139531284796266,1089,EnthalpyOfMixing,<Substance CCCO{solv}{x=0.730200}|O=Cc1ccccc1{solv}{x=0.269800}>,CCCO,O=Cc1ccccc1,openff-2.0.0,2,1.0726253451068146,0.0330488872658413,1.3784,0.00585
19570,2245,dens_1530410585842005416,1090,Density,<Substance CCCO{solv}{x=0.802500}|O=Cc1ccccc1{solv}{x=0.197500}>,CCCO,O=Cc1ccccc1,openff-2.0.0,2,0.8617111901051617,0.0002598385384782,0.8676000000000003,0.0054
19571,2246,dens_1586325098516354010,1091,Density,<Substance CCCO{solv}{x=0.500300}|O=Cc1ccccc1{solv}{x=0.499700}>,CCCO,O=Cc1ccccc1,openff-2.0.0,2,0.9400755529602214,0.0002326409413407,0.9470000000000002,0.0035
19572,2247,dhmix_1860362391399300385,1092,EnthalpyOfMixing,<Substance CCCO{solv}{x=0.237400}|O=Cc1ccccc1{solv}{x=0.762600}>,CCCO,O=Cc1ccccc1,openff-2.0.0,2,0.9415050816846248,0.0408084385085102,1.2579,0.0055
19573,2248,dens_2022804020725863961,1093,Density,<Substance CCCO{solv}{x=0.192900}|O=Cc1ccccc1{solv}{x=0.807100}>,CCCO,O=Cc1ccccc1,openff-2.0.0,2,1.003594764733338,0.0002426527472655,1.0128,0.00265
19574,2249,dhmix_2114980631721668598,1094,EnthalpyOfMixing,<Substance CCCO{solv}{x=0.517800}|O=Cc1ccccc1{solv}{x=0.482200}>,CCCO,O=Cc1ccccc1,openff-2.0.0,2,1.3126782067809015,0.0361925191980482,1.6361,0.00675
19575,2250,dens_1061385011202038988,1095,Density,<Substance CC(C)O{solv}{x=0.495900}|CCCCOCCO{solv}{x=0.504100}>,CC(C)O,CCCCOCCO,openff-2.0.0,2,0.8612852837270571,1e-05,0.8550000000000002,5.450000000000001e-05
19576,2251,dens_1314274960992474794,1096,Density,<Substance CC(C)O{solv}{x=0.292200}|CCCCOCCO{solv}{x=0.707800}>,CC(C)O,CCCCOCCO,openff-2.0.0,2,0.8764569714480986,1e-05,0.8743700000000002,4.600000000000001e-05
19577,2252,dens_1729117108592325655,1097,Density,<Substance CC(C)O{solv}{x=0.743300}|CCCCOCCO{solv}{x=0.256700}>,CC(C)O,CCCCOCCO,openff-2.0.0,2,0.8376306038256001,1e-05,0.8247900000000001,5.600000000000001e-05
19578,2253,dens_1112128096721834081,1098,Density,<Substance CNCCO{solv}{x=0.800900}|O{solv}{x=0.199100}>,CNCCO,O,openff-2.0.0,2,0.9608315278873636,0.000247332688383,0.9466300000000002,0.00032
19579,2254,dens_1381694863030749046,1099,Density,<Substance CNCCO{solv}{x=0.198700}|O{solv}{x=0.801300}>,CNCCO,O,openff-2.0.0,2,0.9805161082466592,0.0003456350106878,0.9960300000000002,0.00016
19580,2255,dhmix_1383192140212198237,1100,EnthalpyOfMixing,<Substance CNCCO{solv}{x=0.798800}|O{solv}{x=0.201200}>,CNCCO,O,openff-2.0.0,2,-1.1596584973459445,0.0428518510213073,-1.219,0.025
19581,2256,dens_1615304038745182966,1101,Density,<Substance CNCCO{solv}{x=0.504100}|O{solv}{x=0.495900}>,CNCCO,O,openff-2.0.0,2,0.9722918083209058,0.000327587270185,0.9688100000000002,0.000235
19582,2257,dhmix_1902240048183935170,1102,EnthalpyOfMixing,<Substance CNCCO{solv}{x=0.501700}|O{solv}{x=0.498300}>,CNCCO,O,openff-2.0.0,2,-1.8592438393413104,0.0344571857414626,-2.508,0.051
19583,2258,dhmix_2185888808838690563,1103,EnthalpyOfMixing,<Substance CNCCO{solv}{x=0.199200}|O{solv}{x=0.800800}>,CNCCO,O,openff-2.0.0,2,-1.1003797845336845,0.0221893382105376,-2.243,0.0455
19584,2259,dens_1155626281932782094,1104,Density,<Substance CCC(C)=O{solv}{x=0.292200}|CN1CCCC1=O{solv}{x=0.707800}>,CCC(C)=O,CN1CCCC1=O,openff-2.0.0,2,0.9421042559056516,0.0002280458252965,0.9591400000000002,0.00262
19585,2260,dens_1354588388489384902,1105,Density,<Substance CCC(C)=O{solv}{x=0.779300}|CN1CCCC1=O{solv}{x=0.220700}>,CCC(C)=O,CN1CCCC1=O,openff-2.0.0,2,0.828429575320946,0.000253962442652,0.8467600000000002,0.002595
19586,2261,dhmix_1468142552678388689,1106,EnthalpyOfMixing,<Substance CCC(C)=O{solv}{x=0.484100}|CN1CCCC1=O{solv}{x=0.515900}>,CCC(C)=O,CN1CCCC1=O,openff-2.0.0,2,0.2500716181372411,0.0330157329790974,-0.1675,0.00415
19587,2262,dhmix_1545004468946955771,1107,EnthalpyOfMixing,<Substance CCC(C)=O{solv}{x=0.246100}|CN1CCCC1=O{solv}{x=0.753900}>,CCC(C)=O,CN1CCCC1=O,openff-2.0.0,2,0.1734159855888748,0.0451343990249225,-0.0999,0.0031
19588,2263,dhmix_1746826813990258300,1108,EnthalpyOfMixing,<Substance CCC(C)=O{solv}{x=0.732400}|CN1CCCC1=O{solv}{x=0.267600}>,CCC(C)=O,CN1CCCC1=O,openff-2.0.0,2,0.2180636588156659,0.0407980697714348,-0.0861,0.0029
19589,2264,dens_2035401379156582518,1109,Density,<Substance CCC(C)=O{solv}{x=0.479500}|CN1CCCC1=O{solv}{x=0.520500}>,CCC(C)=O,CN1CCCC1=O,openff-2.0.0,2,0.9004926718217819,0.00024674971914,0.9166100000000004,0.00261
19590,2265,dens_1159403686634788877,1110,Density,<Substance C1CCOCC1{solv}{x=0.253600}|Cc1ccncc1{solv}{x=0.746400}>,C1CCOCC1,Cc1ccncc1,openff-2.0.0,2,0.9336298946913562,0.0002456490673395,0.9329390000000002,0.0002125
19591,2266,dhmix_1427533760370073434,1111,EnthalpyOfMixing,<Substance C1CCOCC1{solv}{x=0.241600}|Cc1ccncc1{solv}{x=0.758400}>,C1CCOCC1,Cc1ccncc1,openff-2.0.0,2,0.0786870879868644,0.0410436808493535,0.0975,0.001
19592,2267,dens_1586440979425114987,1112,Density,<Substance C1CCOCC1{solv}{x=0.491300}|Cc1ccncc1{solv}{x=0.508700}>,C1CCOCC1,Cc1ccncc1,openff-2.0.0,2,0.9157345834330524,0.0001775455525587,0.9162950000000002,0.0002825
19593,2268,dhmix_1681679230288000235,1113,EnthalpyOfMixing,<Substance C1CCOCC1{solv}{x=0.483400}|Cc1ccncc1{solv}{x=0.516600}>,C1CCOCC1,Cc1ccncc1,openff-2.0.0,2,0.0498480235138032,0.0419858050458497,0.1741,0.00135
19594,2269,dhmix_1854625047398559527,1114,EnthalpyOfMixing,<Substance C1CCOCC1{solv}{x=0.826200}|Cc1ccncc1{solv}{x=0.173800}>,C1CCOCC1,Cc1ccncc1,openff-2.0.0,2,0.1112892236397726,0.042449653320242,0.0948,0.001
19595,2270,dens_1998279082934343093,1115,Density,<Substance C1CCOCC1{solv}{x=0.826300}|Cc1ccncc1{solv}{x=0.173700}>,C1CCOCC1,Cc1ccncc1,openff-2.0.0,2,0.8800639497885515,0.0002662061562254,0.8827950000000002,0.000387
19596,2271,dens_1226224986443053492,1116,Density,<Substance CCOc1ccccc1{solv}{x=0.482600}|OCCc1ccccc1{solv}{x=0.517400}>,CCOc1ccccc1,OCCc1ccccc1,openff-2.0.0,2,0.9787559987921332,0.000167802341518,0.9803700000000002,0.00026
19597,2272,dens_1288457717872177367,1117,Density,<Substance CCOc1ccccc1{solv}{x=0.304100}|OCCc1ccccc1{solv}{x=0.695900}>,CCOc1ccccc1,OCCc1ccccc1,openff-2.0.0,2,0.9894099740001177,0.0001573527769841,0.9909900000000004,0.00026
19598,2273,dhmix_1400067757990485972,1118,EnthalpyOfMixing,<Substance CCOc1ccccc1{solv}{x=0.738800}|OCCc1ccccc1{solv}{x=0.261200}>,CCOc1ccccc1,OCCc1ccccc1,openff-2.0.0,2,0.8308947112673764,0.0467465893665707,1.1427,0.01225
19599,2274,dens_1419265414647987466,1119,Density,<Substance CCOc1ccccc1{solv}{x=0.792900}|OCCc1ccccc1{solv}{x=0.207100}>,CCOc1ccccc1,OCCc1ccccc1,openff-2.0.0,2,0.9614371409296928,0.0001786089188989,0.9624400000000004,0.00026
19600,2275,dhmix_1985234108792038812,1120,EnthalpyOfMixing,<Substance CCOc1ccccc1{solv}{x=0.485200}|OCCc1ccccc1{solv}{x=0.514800}>,CCOc1ccccc1,OCCc1ccccc1,openff-2.0.0,2,0.8342847765276531,0.0459385916672417,1.0249,0.011
19601,2276,dhmix_2203675640711482674,1121,EnthalpyOfMixing,<Substance CCOc1ccccc1{solv}{x=0.239100}|OCCc1ccccc1{solv}{x=0.760900}>,CCOc1ccccc1,OCCc1ccccc1,openff-2.0.0,2,0.4707219506961166,0.0523549799774133,0.6669,0.0072
19602,2277,dens_1247048173376376516,1122,Density,<Substance CCCCC(=O)OC{solv}{x=0.349300}|COC=O{solv}{x=0.650700}>,CCCCC(=O)OC,COC=O,openff-2.0.0,2,0.9386036776908724,0.0002770404353973,0.9198400000000002,0.000115
19603,2278,dens_1283923442255956417,1123,Density,<Substance CCCCC(=O)OC{solv}{x=0.500000}|COC=O{solv}{x=0.500000}>,CCCCC(=O)OC,COC=O,openff-2.0.0,2,0.9209761461649948,0.0002492237357615,0.90817,0.00012
19604,2279,dhmix_1491739683552461043,1124,EnthalpyOfMixing,<Substance CCCCC(=O)OC{solv}{x=0.348600}|COC=O{solv}{x=0.651400}>,CCCCC(=O)OC,COC=O,openff-2.0.0,2,0.9063777537338922,0.0430603174820498,0.422,0.0045
19605,2280,dhmix_1747049492522889097,1125,EnthalpyOfMixing,<Substance CCCCC(=O)OC{solv}{x=0.523200}|COC=O{solv}{x=0.476800}>,CCCCC(=O)OC,COC=O,openff-2.0.0,2,1.0135728580854817,0.0393022118122143,0.409,0.0045
19606,2281,dhmix_1990853348078771210,1126,EnthalpyOfMixing,<Substance CCCCC(=O)OC{solv}{x=0.796800}|COC=O{solv}{x=0.203200}>,CCCCC(=O)OC,COC=O,openff-2.0.0,2,0.5537824870802126,0.0471161784839575,0.219,0.0025
19607,2282,dens_2269601061883384185,1127,Density,<Substance CCCCC(=O)OC{solv}{x=0.725800}|COC=O{solv}{x=0.274200}>,CCCCC(=O)OC,COC=O,openff-2.0.0,2,0.902350907381484,0.0002211317193319,0.8955000000000002,0.000135
19608,2283,dens_1266839724964377205,1128,Density,<Substance Cn1ccnc1{solv}{x=0.779500}|O{solv}{x=0.220500}>,Cn1ccnc1,O,openff-2.0.0,2,1.022119206816397,0.0002498931798457,1.0360000000000005,0.00015
19609,2284,dens_1634862053132906887,1129,Density,<Substance Cn1ccnc1{solv}{x=0.498200}|O{solv}{x=0.501800}>,Cn1ccnc1,O,openff-2.0.0,2,1.0193233535823296,0.0003239227596095,1.0416,0.00015
19610,2285,dens_1681126092995837883,1130,Density,<Substance Cn1ccnc1{solv}{x=0.216700}|O{solv}{x=0.783300}>,Cn1ccnc1,O,openff-2.0.0,2,1.004669046922117,0.0002703575414665,1.0301000000000002,0.0001
19611,2286,dhmix_1311251505653939236,1131,EnthalpyOfMixing,<Substance CC(=O)CC(C)=O{solv}{x=0.598500}|O{solv}{x=0.401500}>,CC(=O)CC(C)=O,O,openff-2.0.0,2,0.457402001666594,0.0337197464267445,0.4905,0.00555
19612,2287,dhmix_1367092272310773702,1132,EnthalpyOfMixing,<Substance CC(=O)CC(C)=O{solv}{x=0.749200}|O{solv}{x=0.250800}>,CC(=O)CC(C)=O,O,openff-2.0.0,2,0.5389289430022473,0.0377814399291618,0.6211,0.00695
19613,2288,dhmix_2033109088651196860,1133,EnthalpyOfMixing,<Substance CC(=O)CC(C)=O{solv}{x=0.200400}|O{solv}{x=0.799600}>,CC(=O)CC(C)=O,O,openff-2.0.0,2,0.0772319593606454,0.0263179515777769,0.1562,0.0021
19614,2289,dens_1319073694995976411,1134,Density,<Substance CC(C)CO{solv}{x=0.762200}|OC1=NCCC1{solv}{x=0.237800}>,CC(C)CO,OC1=NCCC1,openff-2.0.0,2,0.8676883313329162,0.000221707968636,0.8623100000000001,0.000205
19615,2290,dhmix_1817161401911066523,1135,EnthalpyOfMixing,<Substance CC(C)CO{solv}{x=0.754900}|OC1=NCCC1{solv}{x=0.245100}>,CC(C)CO,OC1=NCCC1,openff-2.0.0,2,1.1946293364314189,0.041182598917442,0.2989,0.0033
19616,2291,dens_1852757585830259815,1136,Density,<Substance CC(C)CO{solv}{x=0.287400}|OC1=NCCC1{solv}{x=0.712600}>,CC(C)CO,OC1=NCCC1,openff-2.0.0,2,0.9885026358064036,0.0002196709034057,1.0078300000000002,0.000155
19617,2292,dhmix_2057245570503088562,1137,EnthalpyOfMixing,<Substance CC(C)CO{solv}{x=0.259800}|OC1=NCCC1{solv}{x=0.740200}>,CC(C)CO,OC1=NCCC1,openff-2.0.0,2,1.1416521728582278,0.0419841642650596,0.1798,0.00205
19618,2293,dens_2175875616459255266,1138,Density,<Substance CC(C)CO{solv}{x=0.489400}|OC1=NCCC1{solv}{x=0.510600}>,CC(C)CO,OC1=NCCC1,openff-2.0.0,2,0.9359203047937796,0.0002009618656073,0.9431100000000002,0.00017
19619,2294,dhmix_2273039716774959551,1139,EnthalpyOfMixing,<Substance CC(C)CO{solv}{x=0.497800}|OC1=NCCC1{solv}{x=0.502200}>,CC(C)CO,OC1=NCCC1,openff-2.0.0,2,1.5615159335806226,0.0367463397343191,0.2775,0.0031
19620,2295,dens_1400897934227212514,1140,Density,<Substance CC(C)CC(C)(C)C{solv}{x=0.541100}|COC(C)=O{solv}{x=0.458900}>,CC(C)CC(C)(C)C,COC(C)=O,openff-2.0.0,2,0.7707283520761087,0.0001956187440216,0.7495700000000002,0.000505
19621,2296,dhmix_1534218615961922445,1141,EnthalpyOfMixing,<Substance CC(C)CC(C)(C)C{solv}{x=0.256000}|COC(C)=O{solv}{x=0.744000}>,CC(C)CC(C)(C)C,COC(C)=O,openff-2.0.0,2,1.6266987096686236,0.0385907276455369,1.385,0.015
19622,2297,dhmix_1663557420681143866,1142,EnthalpyOfMixing,<Substance CC(C)CC(C)(C)C{solv}{x=0.540600}|COC(C)=O{solv}{x=0.459400}>,CC(C)CC(C)(C)C,COC(C)=O,openff-2.0.0,2,1.9979062803512877,0.0442806792629027,1.759,0.019
19623,2298,dens_1833608859418637606,1143,Density,<Substance CC(C)CC(C)(C)C{solv}{x=0.736400}|COC(C)=O{solv}{x=0.263600}>,CC(C)CC(C)(C)C,COC(C)=O,openff-2.0.0,2,0.7397629315052227,0.0001988723881975,0.7171000000000002,0.00015
19624,2299,dhmix_1913788848230724771,1144,EnthalpyOfMixing,<Substance CC(C)CC(C)(C)C{solv}{x=0.783300}|COC(C)=O{solv}{x=0.216700}>,CC(C)CC(C)(C)C,COC(C)=O,openff-2.0.0,2,1.5282963917097447,0.0522355912168503,1.149,0.0125
19625,2300,dens_2018568384717712900,1145,Density,<Substance CC(C)CC(C)(C)C{solv}{x=0.238900}|COC(C)=O{solv}{x=0.761100}>,CC(C)CC(C)(C)C,COC(C)=O,openff-2.0.0,2,0.8425737510390922,0.0002400817401244,0.8248000000000002,0.0001
19626,2301,dens_1465225466328543955,1146,Density,<Substance Cc1cccnc1{solv}{x=0.225000}|O{solv}{x=0.775000}>,Cc1cccnc1,O,openff-2.0.0,2,0.9652747878258932,0.0003734663059021,0.9921000000000002,0.0003
19627,2302,dens_1644445312716340330,1147,Density,<Substance Cc1cccnc1{solv}{x=0.500000}|O{solv}{x=0.500000}>,Cc1cccnc1,O,openff-2.0.0,2,0.959349626771828,0.0003004374336676,0.9797000000000002,0.0003
19628,2303,dens_2262998332454406432,1148,Density,<Substance Cc1cccnc1{solv}{x=0.700000}|O{solv}{x=0.300000}>,Cc1cccnc1,O,openff-2.0.0,2,0.9566287706450384,0.00025800024801,0.9690000000000002,0.0003
19629,2304,dens_1601780542508306264,1149,Density,<Substance CC(=O)N(C)C{solv}{x=0.771800}|CCOC(C)=O{solv}{x=0.228200}>,CC(=O)N(C)C,CCOC(C)=O,openff-2.0.0,2,0.9046167041632968,0.0001583319338402,0.9286200000000002,0.000185
19630,2305,dens_2126546638582188774,1150,Density,<Substance CC(=O)N(C)C{solv}{x=0.464600}|CCOC(C)=O{solv}{x=0.535400}>,CC(=O)N(C)C,CCOC(C)=O,openff-2.0.0,2,0.90437972214529,0.0002356874266692,0.9166300000000002,0.00022
19631,2306,dens_2159432384130350508,1151,Density,<Substance CC(=O)N(C)C{solv}{x=0.233100}|CCOC(C)=O{solv}{x=0.766900}>,CC(=O)N(C)C,CCOC(C)=O,openff-2.0.0,2,0.9037567862723512,0.0002342366010164,0.9064300000000002,0.000245
19632,2307,dens_1713891284028890335,1152,Density,<Substance CC(=O)O{solv}{x=0.798900}|CCOC(C)=O{solv}{x=0.201100}>,CC(=O)O,CCOC(C)=O,openff-2.0.0,2,1.0250869565919285,0.0003346912180058,0.9996600000000002,0.000225
19633,2308,dens_1856345418041920174,1153,Density,<Substance CC(=O)O{solv}{x=0.500700}|CCOC(C)=O{solv}{x=0.499300}>,CC(=O)O,CCOC(C)=O,openff-2.0.0,2,0.968261091088716,0.0003195713556217,0.9514000000000002,0.00018
19634,2309,dens_2035334988982485653,1154,Density,<Substance CC(=O)O{solv}{x=0.294400}|CCOC(C)=O{solv}{x=0.705600}>,CC(=O)O,CCOC(C)=O,openff-2.0.0,2,0.9375364076914644,0.0002682989910929,0.9255000000000002,0.00016
19635,2310,dhmix_592425981731704,0,EnthalpyOfMixing,<Substance C1CCCCC1{solv}{x=0.100300}|Cc1ccccc1{solv}{x=0.899700}>,C1CCCCC1,Cc1ccccc1,openff-2.0.0,3,0.2028844123992712,0.0421859144705326,0.2015,0.0015
19636,2311,dens_191923210986624643,1,Density,<Substance C1CCCCC1{solv}{x=0.697700}|Cc1ccccc1{solv}{x=0.302300}>,C1CCCCC1,Cc1ccccc1,openff-2.0.0,3,0.7675448025390937,0.0002458699436487,0.7818000000000002,0.00041
19637,2312,dens_699555827256664507,2,Density,<Substance C1CCCCC1{solv}{x=0.100000}|Cc1ccccc1{solv}{x=0.900000}>,C1CCCCC1,Cc1ccccc1,openff-2.0.0,3,0.8267961086046869,0.0002740963468764,0.8378000000000001,0.00025
19638,2313,dhmix_997331474504366167,3,EnthalpyOfMixing,<Substance C1CCCCC1{solv}{x=0.697900}|Cc1ccccc1{solv}{x=0.302100}>,C1CCCCC1,Cc1ccccc1,openff-2.0.0,3,0.7142262228126697,0.0481049514287715,0.5221,0.0034
19639,2314,dhmix_1586684551148150215,4,EnthalpyOfMixing,<Substance C1CCCCC1{solv}{x=0.397600}|Cc1ccccc1{solv}{x=0.602400}>,C1CCCCC1,Cc1ccccc1,openff-2.0.0,3,0.7570602020805666,0.0412823670008927,0.5887,0.0038
19640,2315,dens_1809100412119556796,5,Density,<Substance C1CCCCC1{solv}{x=0.397500}|Cc1ccccc1{solv}{x=0.602500}>,C1CCCCC1,Cc1ccccc1,openff-2.0.0,3,0.8107957410194909,0.0001848494595155,0.8228000000000002,0.0002
19641,2316,dhmix_1261378482688431,6,EnthalpyOfMixing,<Substance CCC(C)=O{solv}{x=0.510600}|Nc1ccccc1{solv}{x=0.489400}>,CCC(C)=O,Nc1ccccc1,openff-2.0.0,3,-0.2458397416934694,0.0406360636125114,-1.173,0.0125
19642,2317,dhmix_157258283975731553,7,EnthalpyOfMixing,<Substance CCC(C)=O{solv}{x=0.901800}|Nc1ccccc1{solv}{x=0.098200}>,CCC(C)=O,Nc1ccccc1,openff-2.0.0,3,-0.3196173572880454,0.0436498231216254,-0.469,0.005
19643,2318,dens_610648476268376520,8,Density,<Substance CCC(C)=O{solv}{x=0.502600}|Nc1ccccc1{solv}{x=0.497400}>,CCC(C)=O,Nc1ccccc1,openff-2.0.0,3,0.9267355540574028,0.000239617280342,0.9213850000000002,5.650000000000002e-05
19644,2319,dens_1388487494953421117,9,Density,<Substance CCC(C)=O{solv}{x=0.901900}|Nc1ccccc1{solv}{x=0.098100}>,CCC(C)=O,Nc1ccccc1,openff-2.0.0,3,0.8067750166393411,0.0002614070747539,0.8265540000000001,7.200000000000002e-05
19645,2320,dhmix_1389656513678923263,10,EnthalpyOfMixing,<Substance CCC(C)=O{solv}{x=0.209900}|Nc1ccccc1{solv}{x=0.790100}>,CCC(C)=O,Nc1ccccc1,openff-2.0.0,3,-0.0571355774964099,0.0408194379833985,-0.648,0.007
19646,2321,dens_2115628806769415578,11,Density,<Substance CCC(C)=O{solv}{x=0.256300}|Nc1ccccc1{solv}{x=0.743700}>,CCC(C)=O,Nc1ccccc1,openff-2.0.0,3,0.999343862689434,0.00023343387001,0.9712300000000004,4.900000000000001e-05
19647,2322,dens_1379242187515209,12,Density,<Substance CC#N{solv}{x=0.795200}|CCCCOCCCC{solv}{x=0.204800}>,CC#N,CCCCOCCCC,openff-2.0.0,3,0.7706451683444712,0.0002563265554946,0.7708800000000002,0.000245
19648,2323,dhmix_575991096898484441,13,EnthalpyOfMixing,<Substance CC#N{solv}{x=0.488600}|CCCCOCCCC{solv}{x=0.511400}>,CC#N,CCCCOCCCC,openff-2.0.0,3,0.6331634766119976,0.0430908397327533,1.26543,0.00796
19649,2324,dhmix_1182924089945476872,14,EnthalpyOfMixing,<Substance CC#N{solv}{x=0.241600}|CCCCOCCCC{solv}{x=0.758400}>,CC#N,CCCCOCCCC,openff-2.0.0,3,0.4094335156356692,0.0537656786634274,0.94593,0.00601
19650,2325,dhmix_1244492966201685063,15,EnthalpyOfMixing,<Substance CC#N{solv}{x=0.795200}|CCCCOCCCC{solv}{x=0.204800}>,CC#N,CCCCOCCCC,openff-2.0.0,3,0.4838328716613205,0.0242987515133378,0.94289,0.005995
19651,2326,dens_2044032309137951705,16,Density,<Substance CC#N{solv}{x=0.245500}|CCCCOCCCC{solv}{x=0.754500}>,CC#N,CCCCOCCCC,openff-2.0.0,3,0.7633677003280416,0.00019952382044,0.7653000000000001,0.00028
19652,2327,dens_2211436825174998797,17,Density,<Substance CC#N{solv}{x=0.509800}|CCCCOCCCC{solv}{x=0.490200}>,CC#N,CCCCOCCCC,openff-2.0.0,3,0.7666720491735834,0.0002178279741719,0.7671500000000001,0.00026
19653,2328,dens_1820034175228694,18,Density,<Substance C1CCCCC1{solv}{x=0.540900}|CN1CCCC1=O{solv}{x=0.459100}>,C1CCCCC1,CN1CCCC1=O,openff-2.0.0,3,0.8593116713218271,0.0002400568463805,0.8757100000000002,0.000335
19654,2329,dhmix_1335365307191460458,19,EnthalpyOfMixing,<Substance C1CCCCC1{solv}{x=0.751800}|CN1CCCC1=O{solv}{x=0.248200}>,C1CCCCC1,CN1CCCC1=O,openff-2.0.0,3,1.289834789282935,0.0414132070724197,1.1998,0.01285
19655,2330,dens_1375048033230012198,20,Density,<Substance C1CCCCC1{solv}{x=0.733200}|CN1CCCC1=O{solv}{x=0.266800}>,C1CCCCC1,CN1CCCC1=O,openff-2.0.0,3,0.8135815462943017,0.0002076041695584,0.8287300000000002,0.0004
19656,2331,dhmix_1563298635135474599,21,EnthalpyOfMixing,<Substance C1CCCCC1{solv}{x=0.278900}|CN1CCCC1=O{solv}{x=0.721100}>,C1CCCCC1,CN1CCCC1=O,openff-2.0.0,3,1.6206817072458364,0.045904436929709,1.2061,0.0129
19657,2332,dens_1606235786379262481,22,Density,<Substance C1CCCCC1{solv}{x=0.227500}|CN1CCCC1=O{solv}{x=0.772500}>,C1CCCCC1,CN1CCCC1=O,openff-2.0.0,3,0.9397022732237504,0.000231158058071,0.9583800000000002,0.000245
19658,2333,dhmix_1683219349338278021,23,EnthalpyOfMixing,<Substance C1CCCCC1{solv}{x=0.473400}|CN1CCCC1=O{solv}{x=0.526600}>,C1CCCCC1,CN1CCCC1=O,openff-2.0.0,3,1.8904836936315237,0.0350818740179534,1.4691,0.0157
19659,2334,dens_4438302718372985,24,Density,<Substance BrCCCCBr{solv}{x=0.717000}|COC=O{solv}{x=0.283000}>,BrCCCCBr,COC=O,openff-2.0.0,3,1.6408237532777563,0.0004405749727524,1.6702600000000003,0.00259
19660,2335,dhmix_369816950910078034,25,EnthalpyOfMixing,<Substance BrCCCCBr{solv}{x=0.778200}|COC=O{solv}{x=0.221800}>,BrCCCCBr,COC=O,openff-2.0.0,3,1.1662083099722338,0.0409140252021064,0.6355,0.0057
19661,2336,dens_460757700461114532,26,Density,<Substance BrCCCCBr{solv}{x=0.495800}|COC=O{solv}{x=0.504200}>,BrCCCCBr,COC=O,openff-2.0.0,3,1.5114277546739388,0.0003299405236998,1.5176800000000004,0.001885
19662,2337,dhmix_1496821399278454353,27,EnthalpyOfMixing,<Substance BrCCCCBr{solv}{x=0.265400}|COC=O{solv}{x=0.734600}>,BrCCCCBr,COC=O,openff-2.0.0,3,1.3832689341009754,0.0361145509949862,0.8185,0.00715
19663,2338,dens_1750413656870357630,28,Density,<Substance BrCCCCBr{solv}{x=0.225800}|COC=O{solv}{x=0.774200}>,BrCCCCBr,COC=O,openff-2.0.0,3,1.2958699479559574,0.0005522908625562,1.2671300000000003,0.00104
19664,2339,dhmix_1802862930607761431,29,EnthalpyOfMixing,<Substance BrCCCCBr{solv}{x=0.482000}|COC=O{solv}{x=0.518000}>,BrCCCCBr,COC=O,openff-2.0.0,3,1.8029405498029265,0.040781611492252,1.0243,0.0087
19665,2340,dhmix_8447570649359775,30,EnthalpyOfMixing,<Substance OCCO{solv}{x=0.481700}|OCc1ccccc1{solv}{x=0.518300}>,OCCO,OCc1ccccc1,openff-2.0.0,3,0.2852417260742328,0.0386265322075714,0.201,0.00465
19666,2341,dens_824372741354282107,31,Density,<Substance OCCO{solv}{x=0.505700}|OCc1ccccc1{solv}{x=0.494300}>,OCCO,OCc1ccccc1,openff-2.0.0,3,1.059551775154148,0.0002411025988505,1.0579000000000005,0.00027
19667,2342,dens_1105173553343721111,32,Density,<Substance OCCO{solv}{x=0.737100}|OCc1ccccc1{solv}{x=0.262900}>,OCCO,OCc1ccccc1,openff-2.0.0,3,1.0802237632026646,0.0002190398506584,1.0753200000000005,0.000275
19668,2343,dhmix_1362282802315816638,33,EnthalpyOfMixing,<Substance OCCO{solv}{x=0.736100}|OCc1ccccc1{solv}{x=0.263900}>,OCCO,OCc1ccccc1,openff-2.0.0,3,0.2521768085966442,0.0404967265575231,0.1383,0.0037
19669,2344,dhmix_1666683879028583081,34,EnthalpyOfMixing,<Substance OCCO{solv}{x=0.236500}|OCc1ccccc1{solv}{x=0.763500}>,OCCO,OCc1ccccc1,openff-2.0.0,3,0.1864770273141403,0.0416224365165005,0.209,0.0048
19670,2345,dens_1698159396404241323,35,Density,<Substance OCCO{solv}{x=0.262200}|OCc1ccccc1{solv}{x=0.737800}>,OCCO,OCc1ccccc1,openff-2.0.0,3,1.0444835794355574,0.0002479190634969,1.0442900000000002,0.000265
19671,2346,dens_8507121971977381,36,Density,<Substance CCOC(C)(C)C{solv}{x=0.505000}|Cc1ccccc1{solv}{x=0.495000}>,CCOC(C)(C)C,Cc1ccccc1,openff-2.0.0,3,0.8005533229815601,0.0002083034360044,0.7937390000000002,0.000467
19672,2347,dens_499290591626962121,37,Density,<Substance CCOC(C)(C)C{solv}{x=0.217000}|Cc1ccccc1{solv}{x=0.783000}>,CCOC(C)(C)C,Cc1ccccc1,openff-2.0.0,3,0.8298235411166511,0.0002413399660681,0.8314450000000002,0.000411
19673,2348,dhmix_820491025608256793,38,EnthalpyOfMixing,<Substance CCOC(C)(C)C{solv}{x=0.501900}|Cc1ccccc1{solv}{x=0.498100}>,CCOC(C)(C)C,Cc1ccccc1,openff-2.0.0,3,-0.1507064305606889,0.0443622658934846,-0.046,0.00055
19674,2349,dhmix_1374163681483564129,39,EnthalpyOfMixing,<Substance CCOC(C)(C)C{solv}{x=0.248900}|Cc1ccccc1{solv}{x=0.751100}>,CCOC(C)(C)C,Cc1ccccc1,openff-2.0.0,3,-0.1497351589743232,0.0431377020809811,-0.0324,0.0005
19675,2350,dens_1904998692863983733,40,Density,<Substance CCOC(C)(C)C{solv}{x=0.701000}|Cc1ccccc1{solv}{x=0.299000}>,CCOC(C)(C)C,Cc1ccccc1,openff-2.0.0,3,0.7814480152689606,0.0002152776958794,0.7696300000000001,0.000503
19676,2351,dhmix_1982853461678580310,41,EnthalpyOfMixing,<Substance CCOC(C)(C)C{solv}{x=0.749500}|Cc1ccccc1{solv}{x=0.250500}>,CCOC(C)(C)C,Cc1ccccc1,openff-2.0.0,3,-0.122024526823111,0.0475446544247056,-0.0348,0.0005
19677,2352,dhmix_13624411991961099,42,EnthalpyOfMixing,<Substance C1CCOCC1{solv}{x=0.237900}|Cc1ccccc1N{solv}{x=0.762100}>,C1CCOCC1,Cc1ccccc1N,openff-2.0.0,3,-0.0345410736853324,0.0403562724156307,-0.3658,0.004
19678,2353,dhmix_510299013171775812,43,EnthalpyOfMixing,<Substance C1CCOCC1{solv}{x=0.741000}|Cc1ccccc1N{solv}{x=0.259000}>,C1CCOCC1,Cc1ccccc1N,openff-2.0.0,3,-0.1637057074929373,0.0429683650407434,-0.4892,0.0053
19679,2354,dhmix_1337006691942958969,44,EnthalpyOfMixing,<Substance C1CCOCC1{solv}{x=0.490100}|Cc1ccccc1N{solv}{x=0.509900}>,C1CCOCC1,Cc1ccccc1N,openff-2.0.0,3,-0.2755194477296072,0.0473900627602377,-0.5715,0.0062
19680,2355,dens_1448062547628404156,45,Density,<Substance C1CCOCC1{solv}{x=0.727900}|Cc1ccccc1N{solv}{x=0.272100}>,C1CCOCC1,Cc1ccccc1N,openff-2.0.0,3,0.9214368025505616,0.0002097536959545,0.91866,0.000285
19681,2356,dens_2171966897328079405,46,Density,<Substance C1CCOCC1{solv}{x=0.498600}|Cc1ccccc1N{solv}{x=0.501400}>,C1CCOCC1,Cc1ccccc1N,openff-2.0.0,3,0.9558605993268138,0.0001749404134384,0.9459860000000002,0.0002275
19682,2357,dens_2201621104799327758,47,Density,<Substance C1CCOCC1{solv}{x=0.229700}|Cc1ccccc1N{solv}{x=0.770300}>,C1CCOCC1,Cc1ccccc1N,openff-2.0.0,3,0.9931939442809156,0.0002891720446418,0.9734540000000002,0.000164
19683,2358,dens_15008167137789802,48,Density,<Substance CCCCCl{solv}{x=0.299200}|CN(C)C=O{solv}{x=0.700800}>,CCCCCl,CN(C)C=O,openff-2.0.0,3,0.9062601607609636,0.0002660392188483,0.9218000000000002,0.0002
19684,2359,dens_550868133232739009,49,Density,<Substance CCCCCl{solv}{x=0.701200}|CN(C)C=O{solv}{x=0.298800}>,CCCCCl,CN(C)C=O,openff-2.0.0,3,0.8795547758878677,0.000309519370596,0.8963000000000002,0.0002
19685,2360,dhmix_1315230298567753558,50,EnthalpyOfMixing,<Substance CCCCCl{solv}{x=0.793000}|CN(C)C=O{solv}{x=0.207000}>,CCCCCl,CN(C)C=O,openff-2.0.0,3,0.6592256827941014,0.0415507171097321,0.404,0.003
19686,2361,dhmix_1929975181819720491,51,EnthalpyOfMixing,<Substance CCCCCl{solv}{x=0.493000}|CN(C)C=O{solv}{x=0.507000}>,CCCCCl,CN(C)C=O,openff-2.0.0,3,0.9669001183026468,0.0340678927658178,0.571,0.003
19687,2362,dhmix_1976787548784045784,52,EnthalpyOfMixing,<Substance CCCCCl{solv}{x=0.295000}|CN(C)C=O{solv}{x=0.705000}>,CCCCCl,CN(C)C=O,openff-2.0.0,3,0.8188766430520218,0.0352586349638279,0.467,0.003
19688,2363,dens_2008819185276371643,53,Density,<Substance CCCCCl{solv}{x=0.499000}|CN(C)C=O{solv}{x=0.501000}>,CCCCCl,CN(C)C=O,openff-2.0.0,3,0.8923313846965466,0.0002952729953012,0.9086000000000002,0.0002
19689,2364,dens_16755306936326197,54,Density,<Substance Cc1ccccc1N{solv}{x=0.255700}|Cc1ccccn1{solv}{x=0.744300}>,Cc1ccccc1N,Cc1ccccn1,openff-2.0.0,3,0.97243305517087,0.0001985692671875,0.9597930000000002,0.000307
19690,2365,dens_238666738854407136,55,Density,<Substance Cc1ccccc1N{solv}{x=0.514600}|Cc1ccccn1{solv}{x=0.485400}>,Cc1ccccc1N,Cc1ccccn1,openff-2.0.0,3,0.9923884121927832,0.0002366668710912,0.9748990000000002,0.0002315
19691,2366,dhmix_1909144841681931250,56,EnthalpyOfMixing,<Substance Cc1ccccc1N{solv}{x=0.488200}|Cc1ccccn1{solv}{x=0.511800}>,Cc1ccccc1N,Cc1ccccn1,openff-2.0.0,3,-1.457240015322082,0.0453083188159861,-1.4976,0.0305
19692,2367,dens_1945534954282706534,57,Density,<Substance Cc1ccccc1N{solv}{x=0.757100}|Cc1ccccn1{solv}{x=0.242900}>,Cc1ccccc1N,Cc1ccccn1,openff-2.0.0,3,1.0073999891644323,0.0002475454434206,0.9854410000000002,0.000169
19693,2368,dhmix_2038606904928978856,58,EnthalpyOfMixing,<Substance Cc1ccccc1N{solv}{x=0.782100}|Cc1ccccn1{solv}{x=0.217900}>,Cc1ccccc1N,Cc1ccccn1,openff-2.0.0,3,-0.7336642598734286,0.0418951588352911,-0.8656,0.01775
19694,2369,dhmix_2125558080831870503,59,EnthalpyOfMixing,<Substance Cc1ccccc1N{solv}{x=0.273600}|Cc1ccccn1{solv}{x=0.726400}>,Cc1ccccc1N,Cc1ccccn1,openff-2.0.0,3,-1.2905990997323613,0.0427819951299927,-1.2462,0.0254
19695,2370,dens_19028061622240549,60,Density,<Substance CN(C)CCO{solv}{x=0.296200}|CO{solv}{x=0.703800}>,CN(C)CCO,CO,openff-2.0.0,3,0.8371946785148058,0.0003270830826887,0.8506500000000001,0.00014
19696,2371,dens_186649390549115907,61,Density,<Substance CN(C)CCO{solv}{x=0.502000}|CO{solv}{x=0.498000}>,CN(C)CCO,CO,openff-2.0.0,3,0.860823190117836,0.0002975943641377,0.8684000000000002,0.000155
19697,2372,dhmix_1453612193040378117,62,EnthalpyOfMixing,<Substance CN(C)CCO{solv}{x=0.497200}|CO{solv}{x=0.502800}>,CN(C)CCO,CO,openff-2.0.0,3,-0.921254766018663,0.0367421088821311,-0.8673,0.00935
19698,2373,dens_1978392691277508278,63,Density,<Substance CN(C)CCO{solv}{x=0.707500}|CO{solv}{x=0.292500}>,CN(C)CCO,CO,openff-2.0.0,3,0.8747482535882823,0.000240857502934,0.8766100000000002,0.00017
19699,2374,dhmix_2113387918969192804,64,EnthalpyOfMixing,<Substance CN(C)CCO{solv}{x=0.247900}|CO{solv}{x=0.752100}>,CN(C)CCO,CO,openff-2.0.0,3,-0.8773289027580375,0.0321765342022917,-0.8057,0.0087
19700,2375,dhmix_2220842061395014218,65,EnthalpyOfMixing,<Substance CN(C)CCO{solv}{x=0.750600}|CO{solv}{x=0.249400}>,CN(C)CCO,CO,openff-2.0.0,3,-0.5677749381677586,0.0456781307901878,-0.5322,0.00585
19701,2376,dhmix_21994921667950318,66,EnthalpyOfMixing,<Substance C=CCCCC{solv}{x=0.500100}|CCCO{solv}{x=0.499900}>,C=CCCCC,CCCO,openff-2.0.0,3,0.7311983018443016,0.0433988166175705,0.595,0.0055
19702,2377,dens_62854823056490751,67,Density,<Substance C=CCCCC{solv}{x=0.150300}|CCCO{solv}{x=0.849700}>,C=CCCCC,CCCO,openff-2.0.0,3,0.7634447500530509,0.0002790539626866,0.7704980000000002,0.0001845
19703,2378,dens_294296714501123310,68,Density,<Substance C=CCCCC{solv}{x=0.499100}|CCCO{solv}{x=0.500900}>,C=CCCCC,CCCO,openff-2.0.0,3,0.7025640508465663,0.0002319661249959,0.7176450000000002,0.0002145
19704,2379,dhmix_829065315899278784,69,EnthalpyOfMixing,<Substance C=CCCCC{solv}{x=0.750000}|CCCO{solv}{x=0.250000}>,C=CCCCC,CCCO,openff-2.0.0,3,0.8506722332392087,0.0431132424584266,0.682,0.006
19705,2380,dens_2024397702416079279,70,Density,<Substance C=CCCCC{solv}{x=0.745600}|CCCO{solv}{x=0.254400}>,C=CCCCC,CCCO,openff-2.0.0,3,0.6712327892857677,0.0002846836796727,0.6899770000000002,0.0002305
19706,2381,dhmix_2167083041249157622,71,EnthalpyOfMixing,<Substance C=CCCCC{solv}{x=0.150100}|CCCO{solv}{x=0.849900}>,C=CCCCC,CCCO,openff-2.0.0,3,0.3210482146965461,0.0436967438105498,0.192,0.005
19707,2382,dhmix_22428169890990447,72,EnthalpyOfMixing,<Substance CC1(C)C(=O)[C@]2(C)CC[C@H]1C2{solv}{x=0.286000}|CCO{solv}{x=0.714000}>,CC1(C)C(=O)[C@]2(C)CC[C@H]1C2,CCO,openff-2.0.0,3,0.5515337584326687,0.0385373741700077,0.876,0.0265
19708,2383,dhmix_57626661746168078,73,EnthalpyOfMixing,<Substance CC1(C)C(=O)[C@]2(C)CC[C@H]1C2{solv}{x=0.701000}|CCO{solv}{x=0.299000}>,CC1(C)C(=O)[C@]2(C)CC[C@H]1C2,CCO,openff-2.0.0,3,0.8315873452029905,0.0494049035164227,1.0,0.0305
19709,2384,dhmix_287041928444283276,74,EnthalpyOfMixing,<Substance CC1(C)C(=O)[C@]2(C)CC[C@H]1C2{solv}{x=0.488000}|CCO{solv}{x=0.512000}>,CC1(C)C(=O)[C@]2(C)CC[C@H]1C2,CCO,openff-2.0.0,3,0.7895615298884309,0.041961348554508,1.109,0.0335
19710,2385,dens_618487453946854895,75,Density,<Substance CC1(C)C(=O)[C@]2(C)CC[C@H]1C2{solv}{x=0.501200}|CCO{solv}{x=0.498800}>,CC1(C)C(=O)[C@]2(C)CC[C@H]1C2,CCO,openff-2.0.0,3,0.9134317811340704,0.0002444103522209,0.9005900000000002,5.5000000000000016e-05
19711,2386,dens_1408969463542558504,76,Density,<Substance CC1(C)C(=O)[C@]2(C)CC[C@H]1C2{solv}{x=0.789700}|CCO{solv}{x=0.210300}>,CC1(C)C(=O)[C@]2(C)CC[C@H]1C2,CCO,openff-2.0.0,3,0.9440627844828244,0.0001939474664707,0.9274800000000002,6.0000000000000015e-05
19712,2387,dens_2053919413592536040,77,Density,<Substance CC1(C)C(=O)[C@]2(C)CC[C@H]1C2{solv}{x=0.200200}|CCO{solv}{x=0.799800}>,CC1(C)C(=O)[C@]2(C)CC[C@H]1C2,CCO,openff-2.0.0,3,0.8572474220901019,0.0002509435507724,0.8499000000000002,6.500000000000002e-05
19713,2388,dhmix_24700325920498635,78,EnthalpyOfMixing,<Substance CCC(C)(C)O{solv}{x=0.799400}|CCOC(C)(C)CC{solv}{x=0.200600}>,CCC(C)(C)O,CCOC(C)(C)CC,openff-2.0.0,3,0.6238312033150493,0.046921162396561,0.448,0.0073
19714,2389,dhmix_252628078473967793,79,EnthalpyOfMixing,<Substance CCC(C)(C)O{solv}{x=0.299700}|CCOC(C)(C)CC{solv}{x=0.700300}>,CCC(C)(C)O,CCOC(C)(C)CC,openff-2.0.0,3,1.0098913302895198,0.0426760195327505,0.9727,0.0132
19715,2390,dens_281609537293621351,80,Density,<Substance CCC(C)(C)O{solv}{x=0.799400}|CCOC(C)(C)CC{solv}{x=0.200600}>,CCC(C)(C)O,CCOC(C)(C)CC,openff-2.0.0,3,0.8063612293780941,0.0002160454528819,0.7932000000000002,0.00025
19716,2391,dhmix_980734994193955874,81,EnthalpyOfMixing,<Substance CCC(C)(C)O{solv}{x=0.498700}|CCOC(C)(C)CC{solv}{x=0.501300}>,CCC(C)(C)O,CCOC(C)(C)CC,openff-2.0.0,3,0.9649392129598198,0.0510410223155749,0.8937,0.01225
19717,2392,dens_1165049856972872340,82,Density,<Substance CCC(C)(C)O{solv}{x=0.498700}|CCOC(C)(C)CC{solv}{x=0.501300}>,CCC(C)(C)O,CCOC(C)(C)CC,openff-2.0.0,3,0.7887799274684081,0.000203791052324,0.7789000000000001,0.0002
19718,2393,dens_2297026976830009992,83,Density,<Substance CCC(C)(C)O{solv}{x=0.299700}|CCOC(C)(C)CC{solv}{x=0.700300}>,CCC(C)(C)O,CCOC(C)(C)CC,openff-2.0.0,3,0.7789476676820736,0.0002313828647664,0.7709000000000001,0.0002
19719,2394,dens_25810987980199799,84,Density,<Substance CCCCCC{solv}{x=0.158800}|Cc1ccccc1{solv}{x=0.841200}>,CCCCCC,Cc1ccccc1,openff-2.0.0,3,0.8135438849305561,0.0002291503266763,0.8226300000000002,0.000335
19720,2395,dens_574637447996217594,85,Density,<Substance CCCCCC{solv}{x=0.501100}|Cc1ccccc1{solv}{x=0.498900}>,CCCCCC,Cc1ccccc1,openff-2.0.0,3,0.7373942200938939,0.0002442060391341,0.7484400000000002,0.00015
19721,2396,dhmix_1373657903424456878,86,EnthalpyOfMixing,<Substance CCCCCC{solv}{x=0.158600}|Cc1ccccc1{solv}{x=0.841400}>,CCCCCC,Cc1ccccc1,openff-2.0.0,3,0.4403617164389857,0.0405166335357044,0.3163,0.0043
19722,2397,dhmix_1383995974797334848,87,EnthalpyOfMixing,<Substance CCCCCC{solv}{x=0.472300}|Cc1ccccc1{solv}{x=0.527700}>,CCCCCC,Cc1ccccc1,openff-2.0.0,3,0.6708518529831906,0.0401009923340633,0.5467,0.00715
19723,2398,dhmix_1412344026798360911,88,EnthalpyOfMixing,<Substance CCCCCC{solv}{x=0.748400}|Cc1ccccc1{solv}{x=0.251600}>,CCCCCC,Cc1ccccc1,openff-2.0.0,3,0.4937713633815974,0.0457526700994306,0.393,0.00525
19724,2399,dens_2241575426887298365,89,Density,<Substance CCCCCC{solv}{x=0.733800}|Cc1ccccc1{solv}{x=0.266200}>,CCCCCC,Cc1ccccc1,openff-2.0.0,3,0.6907279945743158,0.0002382164812947,0.7020900000000002,0.000305
19725,2400,dens_27241401908451167,90,Density,<Substance CN(C)C=O{solv}{x=0.503500}|Cc1ccccc1Cl{solv}{x=0.496500}>,CN(C)C=O,Cc1ccccc1Cl,openff-2.0.0,3,1.017881937574558,0.0002710724572334,1.0247000000000004,0.0005
19726,2401,dhmix_674882857451857086,91,EnthalpyOfMixing,<Substance CN(C)C=O{solv}{x=0.511800}|Cc1ccccc1Cl{solv}{x=0.488200}>,CN(C)C=O,Cc1ccccc1Cl,openff-2.0.0,3,0.2368038534419128,0.0355030569521011,0.545,0.006
19727,2402,dens_818042132181297482,92,Density,<Substance CN(C)C=O{solv}{x=0.751200}|Cc1ccccc1Cl{solv}{x=0.248800}>,CN(C)C=O,Cc1ccccc1Cl,openff-2.0.0,3,0.9763703040168448,0.0002456494799795,0.9898800000000002,0.0005
19728,2403,dens_861365281257265917,93,Density,<Substance CN(C)C=O{solv}{x=0.273700}|Cc1ccccc1Cl{solv}{x=0.726300}>,CN(C)C=O,Cc1ccccc1Cl,openff-2.0.0,3,1.037757277139952,0.000248630221928,1.0415000000000003,0.0005
19729,2404,dhmix_1670364528496870559,94,EnthalpyOfMixing,<Substance CN(C)C=O{solv}{x=0.767900}|Cc1ccccc1Cl{solv}{x=0.232100}>,CN(C)C=O,Cc1ccccc1Cl,openff-2.0.0,3,0.1957438435926377,0.0411465364657617,0.436,0.005
19730,2405,dhmix_1992689527814967541,95,EnthalpyOfMixing,<Substance CN(C)C=O{solv}{x=0.274300}|Cc1ccccc1Cl{solv}{x=0.725700}>,CN(C)C=O,Cc1ccccc1Cl,openff-2.0.0,3,0.2873568205440904,0.0432357561100654,0.373,0.004
19731,2406,dens_29213618499921464,96,Density,<Substance C1CCOCC1{solv}{x=0.254000}|O=C1CCCCCC1{solv}{x=0.746000}>,C1CCOCC1,O=C1CCCCCC1,openff-2.0.0,3,0.9187872374098576,0.0001787404322616,0.9355100000000002,0.00051
19732,2407,dens_468319504030932569,97,Density,<Substance C1CCOCC1{solv}{x=0.498600}|O=C1CCCCCC1{solv}{x=0.501400}>,C1CCOCC1,O=C1CCCCCC1,openff-2.0.0,3,0.9068614529934385,0.0001812166908318,0.9211200000000004,0.00051
19733,2408,dens_1174890511154571939,98,Density,<Substance C1CCOCC1{solv}{x=0.768600}|O=C1CCCCCC1{solv}{x=0.231400}>,C1CCOCC1,O=C1CCCCCC1,openff-2.0.0,3,0.8919324390061552,0.0002165258220793,0.9012200000000002,0.000505
19734,2409,dens_30084818585402677,99,Density,<Substance CC(=O)N(C)C{solv}{x=0.700600}|ClCCCCCCCl{solv}{x=0.299400}>,CC(=O)N(C)C,ClCCCCCCCl,openff-2.0.0,3,0.9662057484836456,0.0002238960371255,0.9853000000000002,0.00175
19735,2410,dhmix_384619296407103076,100,EnthalpyOfMixing,<Substance CC(=O)N(C)C{solv}{x=0.504000}|ClCCCCCCCl{solv}{x=0.496000}>,CC(=O)N(C)C,ClCCCCCCCl,openff-2.0.0,3,0.196775959826482,0.0447889463728283,0.09,0.002
19736,2411,dens_539464371986972328,101,Density,<Substance CC(=O)N(C)C{solv}{x=0.494300}|ClCCCCCCCl{solv}{x=0.505700}>,CC(=O)N(C)C,ClCCCCCCCl,openff-2.0.0,3,1.000421126795833,0.0002467792619843,1.0123000000000002,0.0016
19737,2412,dhmix_1114659247517686326,102,EnthalpyOfMixing,<Substance CC(=O)N(C)C{solv}{x=0.798000}|ClCCCCCCCl{solv}{x=0.202000}>,CC(=O)N(C)C,ClCCCCCCCl,openff-2.0.0,3,0.2293114245233098,0.0394162614202841,0.067,0.002
19738,2413,dhmix_1410583096030633514,103,EnthalpyOfMixing,<Substance CC(=O)N(C)C{solv}{x=0.212000}|ClCCCCCCCl{solv}{x=0.788000}>,CC(=O)N(C)C,ClCCCCCCCl,openff-2.0.0,3,0.2454900165365927,0.0469457350185626,0.04,0.002
19739,2414,dens_2244909992725638206,104,Density,<Substance CC(=O)N(C)C{solv}{x=0.300200}|ClCCCCCCCl{solv}{x=0.699800}>,CC(=O)N(C)C,ClCCCCCCCl,openff-2.0.0,3,1.0284156862356035,0.0002448965656433,1.0345000000000002,0.0015
19740,2415,dhmix_35301006695188726,105,EnthalpyOfMixing,<Substance CCOC(=O)C(C)C{solv}{x=0.289000}|CO{solv}{x=0.711000}>,CCOC(=O)C(C)C,CO,openff-2.0.0,3,0.4842367426291645,0.0334441798543135,0.488,0.0035
19741,2416,dens_508877804306927207,106,Density,<Substance CCOC(=O)C(C)C{solv}{x=0.499000}|CO{solv}{x=0.501000}>,CCOC(=O)C(C)C,CO,openff-2.0.0,3,0.8434621184638069,0.0002826901808407,0.8414100000000002,0.00011
19742,2417,dens_1201422771202741625,107,Density,<Substance CCOC(=O)C(C)C{solv}{x=0.199600}|CO{solv}{x=0.800400}>,CCOC(=O)C(C)C,CO,openff-2.0.0,3,0.8089519567753182,0.0002606629686648,0.8173600000000002,0.000115
19743,2418,dhmix_1951183536432642425,108,EnthalpyOfMixing,<Substance CCOC(=O)C(C)C{solv}{x=0.480000}|CO{solv}{x=0.520000}>,CCOC(=O)C(C)C,CO,openff-2.0.0,3,0.7148907483918663,0.0404413890395035,0.671,0.0045
19744,2419,dens_1998368384671748308,109,Density,<Substance CCOC(=O)C(C)C{solv}{x=0.703000}|CO{solv}{x=0.297000}>,CCOC(=O)C(C)C,CO,openff-2.0.0,3,0.8572915584053599,0.0002589149885863,0.8501200000000002,0.00011
19745,2420,dhmix_2200604492347455092,110,EnthalpyOfMixing,<Substance CCOC(=O)C(C)C{solv}{x=0.771000}|CO{solv}{x=0.229000}>,CCOC(=O)C(C)C,CO,openff-2.0.0,3,0.5330312834171025,0.0467621087876256,0.632,0.0045
19746,2421,dhmix_39159150320919359,111,EnthalpyOfMixing,<Substance CCO{solv}{x=0.799700}|Cc1cccc(O)c1{solv}{x=0.200300}>,CCO,Cc1cccc(O)c1,openff-2.0.0,3,-0.553927051839981,0.037340033989742,-0.79199,0.011965
19747,2422,dens_410843938837220593,112,Density,<Substance CCO{solv}{x=0.263700}|Cc1cccc(O)c1{solv}{x=0.736300}>,CCO,Cc1cccc(O)c1,openff-2.0.0,3,0.9961708353077592,0.0002419595725419,0.9852300000000004,0.0006
19748,2423,dhmix_1115402835538407874,113,EnthalpyOfMixing,<Substance CCO{solv}{x=0.212500}|Cc1cccc(O)c1{solv}{x=0.787500}>,CCO,Cc1cccc(O)c1,openff-2.0.0,3,-0.4799806942032774,0.0426793935911163,-0.68742,0.01275
19749,2424,dens_1359111234216199895,114,Density,<Substance CCO{solv}{x=0.472400}|Cc1cccc(O)c1{solv}{x=0.527600}>,CCO,Cc1cccc(O)c1,openff-2.0.0,3,0.9580947304855312,0.0002755411813509,0.9446300000000002,0.0006
19750,2425,dens_1590314985481219627,115,Density,<Substance CCO{solv}{x=0.781700}|Cc1cccc(O)c1{solv}{x=0.218300}>,CCO,Cc1cccc(O)c1,openff-2.0.0,3,0.8737503375968557,0.0003251870339553,0.8631500000000002,0.000605
19751,2426,dhmix_1871939727966182523,116,EnthalpyOfMixing,<Substance CCO{solv}{x=0.413900}|Cc1cccc(O)c1{solv}{x=0.586100}>,CCO,Cc1cccc(O)c1,openff-2.0.0,3,-0.7777676232790327,0.0381955285022117,-1.14624,0.00985
19752,2427,dens_42678158079716854,117,Density,<Substance CN1CCCC1=O{solv}{x=0.937492}|c1ccccc1{solv}{x=0.062508}>,CN1CCCC1=O,c1ccccc1,openff-2.0.0,3,0.9995520584048104,0.0001916935655532,1.0204500000000003,3.500000000000001e-05
19753,2428,dens_252520620125458637,118,Density,<Substance CN1CCCC1=O{solv}{x=0.513500}|c1ccccc1{solv}{x=0.486500}>,CN1CCCC1=O,c1ccccc1,openff-2.0.0,3,0.9534720394214036,0.0002346502745094,0.9684700000000004,0.00018
19754,2429,dhmix_524477957640851666,119,EnthalpyOfMixing,<Substance CN1CCCC1=O{solv}{x=0.235600}|c1ccccc1{solv}{x=0.764400}>,CN1CCCC1=O,c1ccccc1,openff-2.0.0,3,-0.1846714926398363,0.0411661570814855,-0.3684,0.00405
19755,2430,dhmix_1475629358723962160,120,EnthalpyOfMixing,<Substance CN1CCCC1=O{solv}{x=0.546700}|c1ccccc1{solv}{x=0.453300}>,CN1CCCC1=O,c1ccccc1,openff-2.0.0,3,-0.1381368025996323,0.0401108805172674,-0.4943,0.00535
19756,2431,dens_2041306780823594960,121,Density,<Substance CN1CCCC1=O{solv}{x=0.252400}|c1ccccc1{solv}{x=0.747600}>,CN1CCCC1=O,c1ccccc1,openff-2.0.0,3,0.9044008987847774,0.0001873249761957,0.9163300000000004,0.00029
19757,2432,dhmix_2156508970935294660,122,EnthalpyOfMixing,<Substance CN1CCCC1=O{solv}{x=0.741100}|c1ccccc1{solv}{x=0.258900}>,CN1CCCC1=O,c1ccccc1,openff-2.0.0,3,-0.1292356912158681,0.0371817553199422,-0.3841,0.0042
19758,2433,dhmix_44217680865702366,123,EnthalpyOfMixing,<Substance CC(=O)c1ccccc1{solv}{x=0.200100}|CC(C)O{solv}{x=0.799900}>,CC(=O)c1ccccc1,CC(C)O,openff-2.0.0,3,0.9306939505473436,0.0343322906327735,1.1352,0.0124
19759,2434,dens_91454082453656404,124,Density,<Substance CC(=O)c1ccccc1{solv}{x=0.756100}|CC(C)O{solv}{x=0.243900}>,CC(=O)c1ccccc1,CC(C)O,openff-2.0.0,3,0.9772777770956924,0.0002189922834178,0.9823500000000004,0.000175
19760,2435,dens_152869924254680766,125,Density,<Substance CC(=O)c1ccccc1{solv}{x=0.251700}|CC(C)O{solv}{x=0.748300}>,CC(=O)c1ccccc1,CC(C)O,openff-2.0.0,3,0.878469674913355,0.0001782691025626,0.8654400000000002,0.000245
19761,2436,dhmix_1214494501247401592,126,EnthalpyOfMixing,<Substance CC(=O)c1ccccc1{solv}{x=0.499600}|CC(C)O{solv}{x=0.500400}>,CC(=O)c1ccccc1,CC(C)O,openff-2.0.0,3,1.1911341982161616,0.0426331973534535,1.5703,0.0169
19762,2437,dhmix_1482394504883204224,127,EnthalpyOfMixing,<Substance CC(=O)c1ccccc1{solv}{x=0.700600}|CC(C)O{solv}{x=0.299400}>,CC(=O)c1ccccc1,CC(C)O,openff-2.0.0,3,0.9947757077353714,0.0426503169262571,1.3758,0.01485
19763,2438,dens_1804860114822214449,128,Density,<Substance CC(=O)c1ccccc1{solv}{x=0.534500}|CC(C)O{solv}{x=0.465500}>,CC(=O)c1ccccc1,CC(C)O,openff-2.0.0,3,0.9400531744832352,0.0002602492705507,0.9375600000000002,0.0002
19764,2439,dhmix_47323681380989568,129,EnthalpyOfMixing,<Substance CCCCCCCCCl{solv}{x=0.498000}|CN(C)C=O{solv}{x=0.502000}>,CCCCCCCCCl,CN(C)C=O,openff-2.0.0,3,1.3757468674156144,0.0481795237637262,1.087,0.0045
19765,2440,dhmix_620291288515939248,130,EnthalpyOfMixing,<Substance CCCCCCCCCl{solv}{x=0.790000}|CN(C)C=O{solv}{x=0.210000}>,CCCCCCCCCl,CN(C)C=O,openff-2.0.0,3,0.95418885095512,0.0471495716587217,0.68,0.0045
19766,2441,dens_1830564734879843336,131,Density,<Substance CCCCCCCCCl{solv}{x=0.733100}|CN(C)C=O{solv}{x=0.266900}>,CCCCCCCCCl,CN(C)C=O,openff-2.0.0,3,0.8725244621695614,0.0001581366626324,0.8779000000000002,0.00045
19767,2442,dens_1865569264533219410,132,Density,<Substance CCCCCCCCCl{solv}{x=0.500800}|CN(C)C=O{solv}{x=0.499200}>,CCCCCCCCCl,CN(C)C=O,openff-2.0.0,3,0.8823278009056803,0.0001408042162182,0.8897000000000003,0.0004
19768,2443,dens_1893252821735673677,133,Density,<Substance CCCCCCCCCl{solv}{x=0.199800}|CN(C)C=O{solv}{x=0.800200}>,CCCCCCCCCl,CN(C)C=O,openff-2.0.0,3,0.9023140554591994,0.000241377793347,0.9149000000000002,0.0003
19769,2444,dhmix_2175249209874409534,134,EnthalpyOfMixing,<Substance CCCCCCCCCl{solv}{x=0.205000}|CN(C)C=O{solv}{x=0.795000}>,CCCCCCCCCl,CN(C)C=O,openff-2.0.0,3,1.0105299081022707,0.0399701541380308,0.79,0.0045
19770,2445,dens_47347406470845261,135,Density,<Substance BrCCCBr{solv}{x=0.748600}|COC=O{solv}{x=0.251400}>,BrCCCBr,COC=O,openff-2.0.0,3,1.756971626022561,0.0005302151081263,1.7969200000000003,0.00306
19771,2446,dens_398260729245374704,136,Density,<Substance BrCCCBr{solv}{x=0.472200}|COC=O{solv}{x=0.527800}>,BrCCCBr,COC=O,openff-2.0.0,3,1.551311166221891,0.0005037152703174,1.5585100000000005,0.001985
19772,2447,dhmix_1440467239786579925,137,EnthalpyOfMixing,<Substance BrCCCBr{solv}{x=0.735400}|COC=O{solv}{x=0.264600}>,BrCCCBr,COC=O,openff-2.0.0,3,1.2126788927319725,0.0343876335111895,0.7435,0.00655
19773,2448,dens_1812113401512645360,138,Density,<Substance BrCCCBr{solv}{x=0.204700}|COC=O{solv}{x=0.795300}>,BrCCCBr,COC=O,openff-2.0.0,3,1.2920298076310222,0.0004561784432504,1.2611800000000004,0.001025
19774,2449,dhmix_2252268161220427112,139,EnthalpyOfMixing,<Substance BrCCCBr{solv}{x=0.485300}|COC=O{solv}{x=0.514700}>,BrCCCBr,COC=O,openff-2.0.0,3,1.6918163055331874,0.0390766408658742,0.9249,0.00795
19775,2450,dhmix_2289960806584862127,140,EnthalpyOfMixing,<Substance BrCCCBr{solv}{x=0.239500}|COC=O{solv}{x=0.760500}>,BrCCCBr,COC=O,openff-2.0.0,3,1.3407734225005117,0.0380857747951019,0.6669,0.00595
19776,2451,dens_52148744845178727,141,Density,<Substance CC(=O)CC(C)C{solv}{x=0.700900}|CCC(C)(C)O{solv}{x=0.299100}>,CC(=O)CC(C)C,CCC(C)(C)O,openff-2.0.0,3,0.8019003592191791,0.0002332398554292,0.7968700000000002,0.00018
19777,2452,dhmix_202225007451030020,142,EnthalpyOfMixing,<Substance CC(=O)CC(C)C{solv}{x=0.201700}|CCC(C)(C)O{solv}{x=0.798300}>,CC(=O)CC(C)C,CCC(C)(C)O,openff-2.0.0,3,0.0517423796865301,0.0439910395338308,0.8181,0.01135
19778,2453,dens_938275493819605051,143,Density,<Substance CC(=O)CC(C)C{solv}{x=0.500800}|CCC(C)(C)O{solv}{x=0.499200}>,CC(=O)CC(C)C,CCC(C)(C)O,openff-2.0.0,3,0.8071452247799061,0.0002243377534917,0.7987300000000002,0.00018
19779,2454,dhmix_998794233701009996,144,EnthalpyOfMixing,<Substance CC(=O)CC(C)C{solv}{x=0.500800}|CCC(C)(C)O{solv}{x=0.499200}>,CC(=O)CC(C)C,CCC(C)(C)O,openff-2.0.0,3,0.2707667952779786,0.0469005769613672,1.3674,0.0185
19780,2455,dhmix_1565593158104493647,145,EnthalpyOfMixing,<Substance CC(=O)CC(C)C{solv}{x=0.700900}|CCC(C)(C)O{solv}{x=0.299100}>,CC(=O)CC(C)C,CCC(C)(C)O,openff-2.0.0,3,0.2287631796126845,0.0450590528165919,1.2068,0.0164
19781,2456,dens_2097057526665137697,146,Density,<Substance CC(=O)CC(C)C{solv}{x=0.201700}|CCC(C)(C)O{solv}{x=0.798300}>,CC(=O)CC(C)C,CCC(C)(C)O,openff-2.0.0,3,0.8158012460285571,0.0001982176125023,0.8030000000000002,0.00019
19782,2457,dens_60145312697659458,147,Density,<Substance OC1=NCCC1{solv}{x=0.231200}|c1ccncc1{solv}{x=0.768800}>,OC1=NCCC1,c1ccncc1,openff-2.0.0,3,1.0079799172176138,0.0002651976338833,1.0106200000000003,0.00051
19783,2458,dhmix_281987656487279026,148,EnthalpyOfMixing,<Substance OC1=NCCC1{solv}{x=0.525600}|c1ccncc1{solv}{x=0.474400}>,OC1=NCCC1,c1ccncc1,openff-2.0.0,3,-0.276315348468529,0.0406109882343911,0.2031,0.0508
19784,2459,dens_617740093035429712,149,Density,<Substance OC1=NCCC1{solv}{x=0.831200}|c1ccncc1{solv}{x=0.168800}>,OC1=NCCC1,c1ccncc1,openff-2.0.0,3,1.0550104127599569,0.0002045676333181,1.0872000000000004,0.00052
19785,2460,dhmix_658699797311871042,150,EnthalpyOfMixing,<Substance OC1=NCCC1{solv}{x=0.261500}|c1ccncc1{solv}{x=0.738500}>,OC1=NCCC1,c1ccncc1,openff-2.0.0,3,-0.2624736653423927,0.0385670547951421,0.165,0.04125
19786,2461,dhmix_774470106511868908,151,EnthalpyOfMixing,<Substance OC1=NCCC1{solv}{x=0.831100}|c1ccncc1{solv}{x=0.168900}>,OC1=NCCC1,c1ccncc1,openff-2.0.0,3,-0.0034913981069593,0.0431661372280585,0.0972,0.0243
19787,2462,dens_1837977312272564303,152,Density,<Substance OC1=NCCC1{solv}{x=0.475200}|c1ccncc1{solv}{x=0.524800}>,OC1=NCCC1,c1ccncc1,openff-2.0.0,3,1.0280234466408875,0.0002551618945781,1.0431300000000003,0.000515
19788,2463,dens_64870336397637683,153,Density,<Substance NCCCO{solv}{x=0.489642}|O{solv}{x=0.510358}>,NCCCO,O,openff-2.0.0,3,1.0272182282979287,0.0003831951363073,1.0059000000000002,0.00155
19789,2464,dens_70371380055449550,154,Density,<Substance NCCCO{solv}{x=0.708044}|O{solv}{x=0.291956}>,NCCCO,O,openff-2.0.0,3,1.0295234831926312,0.0003161280033253,0.9975000000000004,0.0018
19790,2465,dhmix_150384853762728924,155,EnthalpyOfMixing,<Substance NCCCO{solv}{x=0.751500}|O{solv}{x=0.248500}>,NCCCO,O,openff-2.0.0,3,-0.271144399959951,0.0614956427148193,-1.531,0.031
19791,2466,dens_847209819230970781,156,Density,<Substance NCCCO{solv}{x=0.272809}|O{solv}{x=0.727191}>,NCCCO,O,openff-2.0.0,3,1.0177444094155237,0.0003615256966947,1.0118000000000005,0.0014
19792,2467,dhmix_1448036989335532298,157,EnthalpyOfMixing,<Substance NCCCO{solv}{x=0.298200}|O{solv}{x=0.701800}>,NCCCO,O,openff-2.0.0,3,-0.6492310022621961,0.0275977270909376,-2.501,0.051
19793,2468,dhmix_1551692974855642379,158,EnthalpyOfMixing,<Substance NCCCO{solv}{x=0.498900}|O{solv}{x=0.501100}>,NCCCO,O,openff-2.0.0,3,-0.831543027422516,0.0375126434875686,-2.462,0.05
19794,2469,dhmix_65921650414250861,159,EnthalpyOfMixing,<Substance CCOC(=O)CC(C)=O{solv}{x=0.499500}|CCO{solv}{x=0.500500}>,CCO,CCOC(=O)CC(C)=O,openff-2.0.0,3,1.475054433943555,0.0380285042918344,1.7079,0.0183
19795,2470,dhmix_546962203716710778,160,EnthalpyOfMixing,<Substance CCOC(=O)CC(C)=O{solv}{x=0.299400}|CCO{solv}{x=0.700600}>,CCO,CCOC(=O)CC(C)=O,openff-2.0.0,3,1.310787780579382,0.035819056501381,1.4925,0.01605
19796,2471,dens_989479368116300355,161,Density,<Substance CCOC(=O)CC(C)=O{solv}{x=0.500000}|CCO{solv}{x=0.500000}>,CCO,CCOC(=O)CC(C)=O,openff-2.0.0,3,0.9516375769281066,0.0001640073712771,0.9484700000000004,0.000155
19797,2472,dens_1726065156375824332,162,Density,<Substance CCOC(=O)CC(C)=O{solv}{x=0.250000}|CCO{solv}{x=0.750000}>,CCO,CCOC(=O)CC(C)=O,openff-2.0.0,3,0.8895170973624893,0.0002855383120288,0.8856300000000003,0.00017
19798,2473,dens_1736679431098209973,163,Density,<Substance CCOC(=O)CC(C)=O{solv}{x=0.750000}|CCO{solv}{x=0.250000}>,CCO,CCOC(=O)CC(C)=O,openff-2.0.0,3,0.9944667117712492,0.0002039289817168,0.9917100000000004,0.00017
19799,2474,dhmix_2221487218644783272,164,EnthalpyOfMixing,<Substance CCOC(=O)CC(C)=O{solv}{x=0.700800}|CCO{solv}{x=0.299200}>,CCO,CCOC(=O)CC(C)=O,openff-2.0.0,3,1.0700308386605712,0.045313216755342,1.478,0.0159
19800,2475,dhmix_68947190908856741,165,EnthalpyOfMixing,<Substance C1COCCO1{solv}{x=0.250000}|O=C1CCCC1{solv}{x=0.750000}>,C1COCCO1,O=C1CCCC1,openff-2.0.0,3,-0.0230708310051852,0.0344610040556433,0.04589,0.00057
19801,2476,dens_225413782402822877,166,Density,<Substance C1COCCO1{solv}{x=0.777800}|O=C1CCCC1{solv}{x=0.222200}>,C1COCCO1,O=C1CCCC1,openff-2.0.0,3,1.0110386448778168,0.0002480645353555,1.0081000000000002,0.000255
19802,2477,dhmix_415496698649060745,167,EnthalpyOfMixing,<Substance C1COCCO1{solv}{x=0.500000}|O=C1CCCC1{solv}{x=0.500000}>,C1COCCO1,O=C1CCCC1,openff-2.0.0,3,-0.0579759271643638,0.0396180664562763,0.07457,0.00068
19803,2478,dens_803440153424346423,168,Density,<Substance C1COCCO1{solv}{x=0.506300}|O=C1CCCC1{solv}{x=0.493700}>,C1COCCO1,O=C1CCCC1,openff-2.0.0,3,0.9769855337850788,0.0002105643499003,0.9849200000000002,0.00025
19804,2479,dens_1553194080174872005,169,Density,<Substance C1COCCO1{solv}{x=0.243600}|O=C1CCCC1{solv}{x=0.756400}>,C1COCCO1,O=C1CCCC1,openff-2.0.0,3,0.9453538615351462,0.0002456361589336,0.9633500000000004,0.000245
19805,2480,dhmix_1852349497898107924,170,EnthalpyOfMixing,<Substance C1COCCO1{solv}{x=0.750000}|O=C1CCCC1{solv}{x=0.250000}>,C1COCCO1,O=C1CCCC1,openff-2.0.0,3,0.0591232889763944,0.0427836721290258,0.07097,0.000665
19806,2481,dhmix_71170350241685196,171,EnthalpyOfMixing,<Substance COC(C)(C)C{solv}{x=0.749000}|ClC(Cl)Cl{solv}{x=0.251000}>,COC(C)(C)C,ClC(Cl)Cl,openff-2.0.0,3,-1.2072909481646406,0.0421613690546436,-1.9,0.077
19807,2482,dens_554111049740737271,172,Density,<Substance COC(C)(C)C{solv}{x=0.454000}|ClC(Cl)Cl{solv}{x=0.546000}>,COC(C)(C)C,ClC(Cl)Cl,openff-2.0.0,3,1.1287969823770918,0.0004027125848067,1.0838000000000003,0.00015
19808,2483,dhmix_1691495556773848750,173,EnthalpyOfMixing,<Substance COC(C)(C)C{solv}{x=0.484000}|ClC(Cl)Cl{solv}{x=0.516000}>,COC(C)(C)C,ClC(Cl)Cl,openff-2.0.0,3,-1.6860611903609597,0.0378474606437692,-2.1,0.0845
19809,2484,dens_1874337336846858625,174,Density,<Substance COC(C)(C)C{solv}{x=0.276000}|ClC(Cl)Cl{solv}{x=0.724000}>,COC(C)(C)C,ClC(Cl)Cl,openff-2.0.0,3,1.2906228671125637,0.0004452776442837,1.2259000000000004,0.0002
19810,2485,dens_2136498248834183810,175,Density,<Substance COC(C)(C)C{solv}{x=0.728600}|ClC(Cl)Cl{solv}{x=0.271400}>,COC(C)(C)C,ClC(Cl)Cl,openff-2.0.0,3,0.9201676159002554,0.0003000314643266,0.8956000000000003,0.00015
19811,2486,dhmix_2232264038422377060,176,EnthalpyOfMixing,<Substance COC(C)(C)C{solv}{x=0.220000}|ClC(Cl)Cl{solv}{x=0.780000}>,COC(C)(C)C,ClC(Cl)Cl,openff-2.0.0,3,-1.121917255910887,0.0334619201324192,-1.5,0.0605
19812,2487,dhmix_73322629991074290,177,EnthalpyOfMixing,<Substance CCC(C)=O{solv}{x=0.212400}|CCN(CC)CC{solv}{x=0.787600}>,CCC(C)=O,CCN(CC)CC,openff-2.0.0,3,0.5916919408003309,0.0525278369560424,0.57,0.006
19813,2488,dens_317201778138256714,178,Density,<Substance CCC(C)=O{solv}{x=0.261000}|CCN(CC)CC{solv}{x=0.739000}>,CCC(C)=O,CCN(CC)CC,openff-2.0.0,3,0.7319074998229824,0.0002188887091285,0.7361510000000001,0.000106
19814,2489,dens_544322850735592196,179,Density,<Substance CCC(C)=O{solv}{x=0.510600}|CCN(CC)CC{solv}{x=0.489400}>,CCC(C)=O,CCN(CC)CC,openff-2.0.0,3,0.7432892667325953,0.0002405251442988,0.7527560000000002,0.0001045
19815,2490,dhmix_690665189446107141,180,EnthalpyOfMixing,<Substance CCC(C)=O{solv}{x=0.496700}|CCN(CC)CC{solv}{x=0.503300}>,CCC(C)=O,CCN(CC)CC,openff-2.0.0,3,0.7276687982789269,0.0411537413734146,0.746,0.008
19816,2491,dhmix_935249702283890201,181,EnthalpyOfMixing,<Substance CCC(C)=O{solv}{x=0.789300}|CCN(CC)CC{solv}{x=0.210700}>,CCC(C)=O,CCN(CC)CC,openff-2.0.0,3,0.4151601139353431,0.0400461095551705,0.455,0.005
19817,2492,dens_1635002920322954883,182,Density,<Substance CCC(C)=O{solv}{x=0.760400}|CCN(CC)CC{solv}{x=0.239600}>,CCC(C)=O,CCN(CC)CC,openff-2.0.0,3,0.7578785231107815,0.0002505238556902,0.7738830000000002,9.900000000000003e-05
19818,2493,dhmix_76833325524040726,183,EnthalpyOfMixing,<Substance C1CCCCC1{solv}{x=0.260600}|c1ccccc1{solv}{x=0.739400}>,C1CCCCC1,c1ccccc1,openff-2.0.0,3,0.7226869391395496,0.0392801104840867,0.6282,0.00695
19819,2494,dens_330305790736126156,184,Density,<Substance C1CCCCC1{solv}{x=0.499600}|c1ccccc1{solv}{x=0.500400}>,C1CCCCC1,c1ccccc1,openff-2.0.0,3,0.8006880900749522,0.0002500184942286,0.8136000000000002,0.0002
19820,2495,dhmix_460305358266375837,185,EnthalpyOfMixing,<Substance C1CCCCC1{solv}{x=0.766800}|c1ccccc1{solv}{x=0.233200}>,C1CCCCC1,c1ccccc1,openff-2.0.0,3,0.6755435927792632,0.0469594675543687,0.5517,0.00725
19821,2496,dens_1579941980285561951,186,Density,<Substance C1CCCCC1{solv}{x=0.249800}|c1ccccc1{solv}{x=0.750200}>,C1CCCCC1,c1ccccc1,openff-2.0.0,3,0.8294768713166176,0.0002570380410147,0.8405780000000002,7.05e-05
19822,2497,dhmix_1824194485055356086,187,EnthalpyOfMixing,<Substance C1CCCCC1{solv}{x=0.501200}|c1ccccc1{solv}{x=0.498800}>,C1CCCCC1,c1ccccc1,openff-2.0.0,3,0.9306181448308166,0.0381954194429426,0.7893,0.00655
19823,2498,dens_1871885279620492514,188,Density,<Substance C1CCCCC1{solv}{x=0.732300}|c1ccccc1{solv}{x=0.267700}>,C1CCCCC1,c1ccccc1,openff-2.0.0,3,0.7796166045322931,0.0002018495787284,0.7929200000000002,7.450000000000001e-05
19824,2499,dens_78518696584109468,189,Density,<Substance CN(CCO)CCO{solv}{x=0.743000}|O{solv}{x=0.257000}>,CN(CCO)CCO,O,openff-2.0.0,3,1.0371349741844686,1e-05,1.0405100000000005,0.000286
19825,2500,dens_169053214615075062,190,Density,<Substance CN(CCO)CCO{solv}{x=0.257100}|O{solv}{x=0.742900}>,CN(CCO)CCO,O,openff-2.0.0,3,1.0301853821971405,1e-05,1.0522550000000004,0.000221
19826,2501,dhmix_750283179383190388,191,EnthalpyOfMixing,<Substance CN(CCO)CCO{solv}{x=0.741100}|O{solv}{x=0.258900}>,CN(CCO)CCO,O,openff-2.0.0,3,-0.6497272461392072,1.2712836032923576e-05,-1.154,0.0125
19827,2502,dhmix_1537351248216247854,192,EnthalpyOfMixing,<Substance CN(CCO)CCO{solv}{x=0.259300}|O{solv}{x=0.740700}>,CN(CCO)CCO,O,openff-2.0.0,3,-0.6667745395360427,1.2712836032923576e-05,-2.271,0.046
19828,2503,dens_1700904374078825036,193,Density,<Substance CN(CCO)CCO{solv}{x=0.484900}|O{solv}{x=0.515100}>,CN(CCO)CCO,O,openff-2.0.0,3,1.035543369892397,1e-05,1.048636,0.0002475
19829,2504,dhmix_1761290393567900831,194,EnthalpyOfMixing,<Substance CN(CCO)CCO{solv}{x=0.494100}|O{solv}{x=0.505900}>,CN(CCO)CCO,O,openff-2.0.0,3,-0.9243552680177912,1.2247742649157844e-05,-2.072,0.042
19830,2505,dhmix_81883535492439507,195,EnthalpyOfMixing,<Substance C1COCO1{solv}{x=0.200000}|O=C1CCCC1{solv}{x=0.800000}>,C1COCO1,O=C1CCCC1,openff-2.0.0,3,-0.0507666907373476,0.0451681646585442,-0.00853,0.000425
19831,2506,dens_192935635984964537,196,Density,<Substance C1COCO1{solv}{x=0.509000}|O=C1CCCC1{solv}{x=0.491000}>,C1COCO1,O=C1CCCC1,openff-2.0.0,3,0.9976333953554642,0.0002624005928667,0.9954700000000004,0.000255
19832,2507,dhmix_309530351940031317,197,EnthalpyOfMixing,<Substance C1COCO1{solv}{x=0.700000}|O=C1CCCC1{solv}{x=0.300000}>,C1COCO1,O=C1CCCC1,openff-2.0.0,3,-0.1237698043786537,0.0372322916645032,-0.02292,0.00048
19833,2508,dhmix_1480225642523009634,198,EnthalpyOfMixing,<Substance C1COCO1{solv}{x=0.500000}|O=C1CCCC1{solv}{x=0.500000}>,C1COCO1,O=C1CCCC1,openff-2.0.0,3,-0.0760747854300945,0.0381030656330799,-0.02181,0.000475
19834,2509,dens_1663189314624242951,199,Density,<Substance C1COCO1{solv}{x=0.225100}|O=C1CCCC1{solv}{x=0.774900}>,C1COCO1,O=C1CCCC1,openff-2.0.0,3,0.9500241773533016,0.0001744488760747,0.9652800000000002,0.000245
19835,2510,dens_1684591254659727640,200,Density,<Substance C1COCO1{solv}{x=0.789100}|O=C1CCCC1{solv}{x=0.210900}>,C1COCO1,O=C1CCCC1,openff-2.0.0,3,1.0510278034614575,0.0003006054227301,1.02957,0.00026
19836,2511,dens_82854054922011802,201,Density,<Substance c1cc[nH]c1{solv}{x=0.542600}|c1ccncc1{solv}{x=0.457400}>,c1cc[nH]c1,c1ccncc1,openff-2.0.0,3,0.9829685026116928,0.0002732637842011,0.9706400000000002,5.5000000000000016e-05
19837,2512,dens_332042143272324658,202,Density,<Substance c1cc[nH]c1{solv}{x=0.755400}|c1ccncc1{solv}{x=0.244600}>,c1cc[nH]c1,c1ccncc1,openff-2.0.0,3,0.9824734833463812,0.0002976872472943,0.9676900000000004,5.5000000000000016e-05
19838,2513,dhmix_582184351339863568,203,EnthalpyOfMixing,<Substance c1cc[nH]c1{solv}{x=0.760200}|c1ccncc1{solv}{x=0.239800}>,c1cc[nH]c1,c1ccncc1,openff-2.0.0,3,-0.0365539880178289,0.0337358364236555,-1.6452,0.01075
19839,2514,dhmix_809205277185290719,204,EnthalpyOfMixing,<Substance c1cc[nH]c1{solv}{x=0.509500}|c1ccncc1{solv}{x=0.490500}>,c1cc[nH]c1,c1ccncc1,openff-2.0.0,3,-0.1253227051247307,0.0368251437392954,-2.649,0.01645
19840,2515,dens_1187941919350264461,205,Density,<Substance c1cc[nH]c1{solv}{x=0.227300}|c1ccncc1{solv}{x=0.772700}>,c1cc[nH]c1,c1ccncc1,openff-2.0.0,3,0.985169721735618,0.0002538550573386,0.9755600000000002,5.5000000000000016e-05
19841,2516,dhmix_2302696180464118683,206,EnthalpyOfMixing,<Substance c1cc[nH]c1{solv}{x=0.239500}|c1ccncc1{solv}{x=0.760500}>,c1cc[nH]c1,c1ccncc1,openff-2.0.0,3,-0.2178761843552834,0.0376050403136393,-1.7662,0.01145
19842,2517,dhmix_84488753175979819,207,EnthalpyOfMixing,<Substance C1CCOCC1{solv}{x=0.500000}|CCO{solv}{x=0.500000}>,C1CCOCC1,CCO,openff-2.0.0,3,0.8925105095631238,0.0345544026956798,0.8491,0.00794
19843,2518,dens_904236164857914889,208,Density,<Substance C1CCOCC1{solv}{x=0.701000}|CCO{solv}{x=0.299000}>,C1CCOCC1,CCO,openff-2.0.0,3,0.8570694295130743,0.0002568802454413,0.8595400000000002,8.500000000000002e-05
19844,2519,dhmix_923986751684807715,209,EnthalpyOfMixing,<Substance C1CCOCC1{solv}{x=0.750000}|CCO{solv}{x=0.250000}>,C1CCOCC1,CCO,openff-2.0.0,3,0.8643334448834992,0.0447138445883496,0.75364,0.007115
19845,2520,dhmix_927648698725704337,210,EnthalpyOfMixing,<Substance C1CCOCC1{solv}{x=0.250000}|CCO{solv}{x=0.750000}>,C1CCOCC1,CCO,openff-2.0.0,3,0.6356496312614226,0.0394748521589721,0.57017,0.00553
19846,2521,dens_1095414448718823860,211,Density,<Substance C1CCOCC1{solv}{x=0.504000}|CCO{solv}{x=0.496000}>,C1CCOCC1,CCO,openff-2.0.0,3,0.842258559481601,0.0002768758906801,0.8440100000000001,0.0001
19847,2522,dens_1309012152943788187,212,Density,<Substance C1CCOCC1{solv}{x=0.284000}|CCO{solv}{x=0.716000}>,C1CCOCC1,CCO,openff-2.0.0,3,0.8224643672601349,0.0003064748032969,0.8227400000000002,0.00012
19848,2523,dens_88489471162801298,213,Density,<Substance CC(C)=O{solv}{x=0.248400}|Nc1ccccc1{solv}{x=0.751600}>,CC(C)=O,Nc1ccccc1,openff-2.0.0,3,1.0129978785275773,0.0002311907684887,0.9768950000000002,0.0001055
19849,2524,dens_892449093930393176,214,Density,<Substance CC(C)=O{solv}{x=0.411400}|Nc1ccccc1{solv}{x=0.588600}>,CC(C)=O,Nc1ccccc1,openff-2.0.0,3,0.9683088969204648,0.0002495846204946,0.9457730000000002,0.0001285
19850,2525,dens_1087594007698023193,215,Density,<Substance CC(C)=O{solv}{x=0.699300}|Nc1ccccc1{solv}{x=0.300700}>,CC(C)=O,Nc1ccccc1,openff-2.0.0,3,0.879909890907668,0.0002756049391746,0.8786430000000003,0.000178
19851,2526,dhmix_1461699545612032563,216,EnthalpyOfMixing,<Substance CC(C)=O{solv}{x=0.214500}|Nc1ccccc1{solv}{x=0.785500}>,CC(C)=O,Nc1ccccc1,openff-2.0.0,3,-0.0578236281449662,0.0560299311018735,-0.746,0.008
19852,2527,dhmix_1577476208805542019,217,EnthalpyOfMixing,<Substance CC(C)=O{solv}{x=0.699100}|Nc1ccccc1{solv}{x=0.300900}>,CC(C)=O,Nc1ccccc1,openff-2.0.0,3,-0.6989448893462367,0.0362779164931293,-1.076,0.0115
19853,2528,dhmix_2267661763264899390,218,EnthalpyOfMixing,<Substance CC(C)=O{solv}{x=0.410700}|Nc1ccccc1{solv}{x=0.589300}>,CC(C)=O,Nc1ccccc1,openff-2.0.0,3,-0.346134557020882,0.0380716953544199,-1.165,0.0125
19854,2529,dhmix_90851537891129625,219,EnthalpyOfMixing,<Substance C1CCOCC1{solv}{x=0.268300}|Cc1ccccn1{solv}{x=0.731700}>,C1CCOCC1,Cc1ccccn1,openff-2.0.0,3,0.0154993411376693,0.0406572648628271,0.1057,0.00105
19855,2530,dhmix_975790739707505549,220,EnthalpyOfMixing,<Substance C1CCOCC1{solv}{x=0.482200}|Cc1ccccn1{solv}{x=0.517800}>,C1CCOCC1,Cc1ccccn1,openff-2.0.0,3,-0.0269960689609263,0.045560715662941,0.1728,0.00135
19856,2531,dens_981500521813591443,221,Density,<Substance C1CCOCC1{solv}{x=0.491600}|Cc1ccccn1{solv}{x=0.508400}>,C1CCOCC1,Cc1ccccn1,openff-2.0.0,3,0.9130719522161695,0.000245398011095,0.910915,0.000475
19857,2532,dens_1237050172671894703,222,Density,<Substance C1CCOCC1{solv}{x=0.237300}|Cc1ccccn1{solv}{x=0.762700}>,C1CCOCC1,Cc1ccccn1,openff-2.0.0,3,0.9312744795091322,0.0001999659501886,0.9261620000000004,0.0004855
19858,2533,dhmix_1841520238596708010,223,EnthalpyOfMixing,<Substance C1CCOCC1{solv}{x=0.821600}|Cc1ccccn1{solv}{x=0.178400}>,C1CCOCC1,Cc1ccccn1,openff-2.0.0,3,0.0642358256818056,0.0443151334439272,0.1352,0.0012
19859,2534,dens_1852422594896475094,224,Density,<Substance C1CCOCC1{solv}{x=0.821900}|Cc1ccccn1{solv}{x=0.178100}>,C1CCOCC1,Cc1ccccn1,openff-2.0.0,3,0.8797747216639854,0.0002377222498388,0.8802920000000002,0.000454
19860,2535,dhmix_93676522673462266,225,EnthalpyOfMixing,<Substance CC(=O)N(C)C{solv}{x=0.702000}|ClCCCl{solv}{x=0.298000}>,CC(=O)N(C)C,ClCCCl,openff-2.0.0,3,-0.4068427502706981,0.0318686400112131,-0.706,0.004
19861,2536,dens_466640151895915379,226,Density,<Substance CC(=O)N(C)C{solv}{x=0.499900}|ClCCCl{solv}{x=0.500100}>,CC(=O)N(C)C,ClCCCl,openff-2.0.0,3,1.0561670682837268,0.0002397276244295,1.0774000000000004,0.00325
19862,2537,dhmix_504891727488256514,227,EnthalpyOfMixing,<Substance CC(=O)N(C)C{solv}{x=0.202000}|ClCCCl{solv}{x=0.798000}>,CC(=O)N(C)C,ClCCCl,openff-2.0.0,3,-0.349678434002179,0.0303182631992425,-0.586,0.004
19863,2538,dens_1432716574300574119,228,Density,<Substance CC(=O)N(C)C{solv}{x=0.298800}|ClCCCl{solv}{x=0.701200}>,CC(=O)N(C)C,ClCCCl,openff-2.0.0,3,1.1219022672261074,0.0004000568069246,1.1413000000000002,0.00345
19864,2539,dens_1909242265481868478,229,Density,<Substance CC(=O)N(C)C{solv}{x=0.700800}|ClCCCl{solv}{x=0.299200}>,CC(=O)N(C)C,ClCCCl,openff-2.0.0,3,0.9926554423044776,0.0002821860163134,1.0181000000000002,0.00305
19865,2540,dhmix_2201663021806040380,230,EnthalpyOfMixing,<Substance CC(=O)N(C)C{solv}{x=0.500000}|ClCCCl{solv}{x=0.500000}>,CC(=O)N(C)C,ClCCCl,openff-2.0.0,3,-0.6095282120854861,0.0350587070878501,-0.885,0.004
19866,2541,dhmix_101847702994296892,231,EnthalpyOfMixing,<Substance CCCCCCCl{solv}{x=0.790000}|CN1CCCC1=O{solv}{x=0.210000}>,CCCCCCCl,CN1CCCC1=O,openff-2.0.0,3,0.5493810494831735,0.0489102408700148,0.232,0.0025
19867,2542,dhmix_275814181113182192,232,EnthalpyOfMixing,<Substance CCCCCCCl{solv}{x=0.497000}|CN1CCCC1=O{solv}{x=0.503000}>,CCCCCCCl,CN1CCCC1=O,openff-2.0.0,3,0.9208743096276066,0.035770576237977,0.416,0.0025
19868,2543,dens_441375838683668512,233,Density,<Substance CCCCCCCl{solv}{x=0.499300}|CN1CCCC1=O{solv}{x=0.500700}>,CCCCCCCl,CN1CCCC1=O,openff-2.0.0,3,0.9285665953951684,0.0002379054988942,0.9389000000000002,0.0002
19869,2544,dhmix_840847840731542643,234,EnthalpyOfMixing,<Substance CCCCCCCl{solv}{x=0.203000}|CN1CCCC1=O{solv}{x=0.797000}>,CCCCCCCl,CN1CCCC1=O,openff-2.0.0,3,0.625978647291106,0.0421751257739277,0.319,0.0025
19870,2545,dens_1314691253679633833,235,Density,<Substance CCCCCCCl{solv}{x=0.298400}|CN1CCCC1=O{solv}{x=0.701600}>,CCCCCCCl,CN1CCCC1=O,openff-2.0.0,3,0.957839902886416,0.0002217246541055,0.9715000000000004,0.0002
19871,2546,dens_1366683244756558841,236,Density,<Substance CCCCCCCl{solv}{x=0.801200}|CN1CCCC1=O{solv}{x=0.198800}>,CCCCCCCl,CN1CCCC1=O,openff-2.0.0,3,0.889083388999167,0.0002467844544333,0.8970000000000002,0.0003
19872,2547,dhmix_107460606439569535,237,EnthalpyOfMixing,<Substance C1COCCO1{solv}{x=0.572500}|O=C1CCCCCC1{solv}{x=0.427500}>,C1COCCO1,O=C1CCCCCC1,openff-2.0.0,3,0.2416648636116463,0.045270564517683,0.1032,0.00125
19873,2548,dens_229535957420918177,238,Density,<Substance C1COCCO1{solv}{x=0.748900}|O=C1CCCCCC1{solv}{x=0.251100}>,C1COCCO1,O=C1CCCCCC1,openff-2.0.0,3,1.0026443291745364,0.0002125708083068,0.9994100000000002,0.00051
19874,2549,dhmix_1101001475632451077,239,EnthalpyOfMixing,<Substance C1COCCO1{solv}{x=0.225200}|O=C1CCCCCC1{solv}{x=0.774800}>,C1COCCO1,O=C1CCCCCC1,openff-2.0.0,3,0.1079838818751284,0.0530229052929717,0.0783,0.001
19875,2550,dens_1711999737319704820,240,Density,<Substance C1COCCO1{solv}{x=0.572300}|O=C1CCCCCC1{solv}{x=0.427700}>,C1COCCO1,O=C1CCCCCC1,openff-2.0.0,3,0.9714651326818312,0.0002443490438577,0.9737000000000002,0.00051
19876,2551,dens_1973863157285112004,241,Density,<Substance C1COCCO1{solv}{x=0.255500}|O=C1CCCCCC1{solv}{x=0.744500}>,C1COCCO1,O=C1CCCCCC1,openff-2.0.0,3,0.9495937479072633,0.000205789733401,0.9616800000000002,0.000515
19877,2552,dhmix_2239035738396328121,242,EnthalpyOfMixing,<Substance C1COCCO1{solv}{x=0.771600}|O=C1CCCCCC1{solv}{x=0.228400}>,C1COCCO1,O=C1CCCCCC1,openff-2.0.0,3,0.149780230247984,0.0430906048450653,0.0694,0.0009
19878,2553,dhmix_110368175234083214,243,EnthalpyOfMixing,<Substance CC#N{solv}{x=0.201600}|CCOC(C)(C)CC{solv}{x=0.798400}>,CC#N,CCOC(C)(C)CC,openff-2.0.0,3,0.3370546317954677,0.0494247974278379,0.6411,0.0087
19879,2554,dhmix_565046024644834395,244,EnthalpyOfMixing,<Substance CC#N{solv}{x=0.700400}|CCOC(C)(C)CC{solv}{x=0.299600}>,CC#N,CCOC(C)(C)CC,openff-2.0.0,3,0.4140622953339203,0.0324516744501996,0.8397,0.0113
19880,2555,dens_865362803305469370,245,Density,<Substance CC#N{solv}{x=0.502400}|CCOC(C)(C)CC{solv}{x=0.497600}>,CC#N,CCOC(C)(C)CC,openff-2.0.0,3,0.7717208388512732,0.0002287761170713,0.7675000000000002,0.00035
19881,2556,dhmix_1131176031733024874,246,EnthalpyOfMixing,<Substance CC#N{solv}{x=0.502400}|CCOC(C)(C)CC{solv}{x=0.497600}>,CC#N,CCOC(C)(C)CC,openff-2.0.0,3,0.5508441870705525,0.036829019613517,0.9514,0.01285
19882,2557,dens_1305751749890499162,247,Density,<Substance CC#N{solv}{x=0.201600}|CCOC(C)(C)CC{solv}{x=0.798400}>,CC#N,CCOC(C)(C)CC,openff-2.0.0,3,0.7691308670449417,0.0001900030771744,0.7635000000000002,0.00025
19883,2558,dens_1928701304100922381,248,Density,<Substance CC#N{solv}{x=0.700400}|CCOC(C)(C)CC{solv}{x=0.299600}>,CC#N,CCOC(C)(C)CC,openff-2.0.0,3,0.7735408032676071,0.000243976990415,0.7707000000000003,0.0005
19884,2559,dhmix_112729391186229967,249,EnthalpyOfMixing,<Substance CCC(C)=O{solv}{x=0.509000}|CNc1ccccc1{solv}{x=0.491000}>,CCC(C)=O,CNc1ccccc1,openff-2.0.0,3,-0.5382141597426795,0.0427781455796869,-0.816,0.009
19885,2560,dens_414028029115294252,250,Density,<Substance CCC(C)=O{solv}{x=0.746300}|CNc1ccccc1{solv}{x=0.253700}>,CCC(C)=O,CNc1ccccc1,openff-2.0.0,3,0.8429038202745535,0.0002453876640725,0.8582020000000002,0.000102
19886,2561,dens_559789475978651659,251,Density,<Substance CCC(C)=O{solv}{x=0.495000}|CNc1ccccc1{solv}{x=0.505000}>,CCC(C)=O,CNc1ccccc1,openff-2.0.0,3,0.8999874000705678,0.0002183980567642,0.9066940000000002,0.000164
19887,2562,dhmix_1637459312398636454,252,EnthalpyOfMixing,<Substance CCC(C)=O{solv}{x=0.228300}|CNc1ccccc1{solv}{x=0.771700}>,CCC(C)=O,CNc1ccccc1,openff-2.0.0,3,-0.3464718851183193,0.0540963091857909,-0.54,0.006
19888,2563,dhmix_1933605864237207151,253,EnthalpyOfMixing,<Substance CCC(C)=O{solv}{x=0.705500}|CNc1ccccc1{solv}{x=0.294500}>,CCC(C)=O,CNc1ccccc1,openff-2.0.0,3,-0.442534680207217,0.0347844370604914,-0.672,0.0075
19889,2564,dens_2039660657679820411,254,Density,<Substance CCC(C)=O{solv}{x=0.258900}|CNc1ccccc1{solv}{x=0.741100}>,CCC(C)=O,CNc1ccccc1,openff-2.0.0,3,0.9486023239498812,0.0001927994980646,0.9456330000000004,0.000259
19890,2565,dhmix_112832411362526364,255,EnthalpyOfMixing,<Substance C=CCCCC{solv}{x=0.250000}|CCCCO{solv}{x=0.750000}>,C=CCCCC,CCCCO,openff-2.0.0,3,0.4570860924009423,0.037309556411859,0.2829,0.00333
19891,2566,dhmix_385937725855980509,256,EnthalpyOfMixing,<Substance C=CCCCC{solv}{x=0.749900}|CCCCO{solv}{x=0.250100}>,C=CCCCC,CCCCO,openff-2.0.0,3,0.8321229968778994,0.0366606770095861,0.63978,0.00696
19892,2567,dens_417191245012747241,257,Density,<Substance C=CCCCC{solv}{x=0.501800}|CCCCO{solv}{x=0.498200}>,C=CCCCC,CCCCO,openff-2.0.0,3,0.717721198410776,0.0002552707894333,0.7340000000000002,0.00035
19893,2568,dens_1053849773924337242,258,Density,<Substance C=CCCCC{solv}{x=0.100100}|CCCCO{solv}{x=0.899900}>,C=CCCCC,CCCCO,openff-2.0.0,3,0.7879844193189022,0.0002451529657555,0.7924000000000002,0.00035
19894,2569,dhmix_1436053809694490847,259,EnthalpyOfMixing,<Substance C=CCCCC{solv}{x=0.500300}|CCCCO{solv}{x=0.499700}>,C=CCCCC,CCCCO,openff-2.0.0,3,0.6686374962900459,0.0439090057351891,0.56098,0.00616
19895,2570,dens_1967827958045932694,260,Density,<Substance C=CCCCC{solv}{x=0.900000}|CCCCO{solv}{x=0.100000}>,C=CCCCC,CCCCO,openff-2.0.0,3,0.6637127895460072,0.0002413836492534,0.6818000000000001,0.00035
19896,2571,dhmix_113202719214912577,261,EnthalpyOfMixing,<Substance CCN(CC)CCO{solv}{x=0.700300}|O{solv}{x=0.299700}>,CCN(CC)CCO,O,openff-2.0.0,3,-0.2297297719524635,0.0442597185733161,-1.75,0.019
19897,2572,dhmix_450200897960931857,262,EnthalpyOfMixing,<Substance CCN(CC)CCO{solv}{x=0.500200}|O{solv}{x=0.499800}>,CCN(CC)CCO,O,openff-2.0.0,3,-0.291303125354645,0.0382050584000492,-2.504,0.027
19898,2573,dens_727880187774296815,263,Density,<Substance CCN(CC)CCO{solv}{x=0.799700}|O{solv}{x=0.200300}>,CCN(CC)CCO,O,openff-2.0.0,3,0.8709655624505513,0.000185421952453,0.8996000000000003,0.005
19899,2574,dens_943193748522476096,264,Density,<Substance CCN(CC)CCO{solv}{x=0.499700}|O{solv}{x=0.500300}>,CCN(CC)CCO,O,openff-2.0.0,3,0.8844930076310473,0.0002397432794977,0.9222000000000002,0.005
19900,2575,dhmix_1628408668678458098,265,EnthalpyOfMixing,<Substance CCN(CC)CCO{solv}{x=0.200800}|O{solv}{x=0.799200}>,CCN(CC)CCO,O,openff-2.0.0,3,-0.1048418704820441,0.0284833680490103,-2.185,0.0235
19901,2576,dens_1679974305630699360,266,Density,<Substance CCN(CC)CCO{solv}{x=0.193290}|O{solv}{x=0.806710}>,CCN(CC)CCO,O,openff-2.0.0,3,0.908789199928128,0.00029617196576,0.9615690000000002,0.000144
19902,2577,dens_114257363738318755,267,Density,<Substance C1CCCCC1{solv}{x=0.754300}|CCCCCC{solv}{x=0.245700}>,C1CCCCC1,CCCCCC,openff-2.0.0,3,0.7253256567412555,0.0002336456300079,0.7392000000000002,0.00065
19903,2578,dens_528453314861364780,268,Density,<Substance C1CCCCC1{solv}{x=0.234300}|CCCCCC{solv}{x=0.765700}>,C1CCCCC1,CCCCCC,openff-2.0.0,3,0.6657961204022446,0.000150531418122,0.6838300000000002,0.001655
19904,2579,dens_547437695672624422,269,Density,<Substance C1CCCCC1{solv}{x=0.479300}|CCCCCC{solv}{x=0.520700}>,C1CCCCC1,CCCCCC,openff-2.0.0,3,0.6916675349384984,0.000214155358025,0.7105500000000001,0.001555
19905,2580,dhmix_728030976573858762,270,EnthalpyOfMixing,<Substance C1CCCCC1{solv}{x=0.483200}|CCCCCC{solv}{x=0.516800}>,C1CCCCC1,CCCCCC,openff-2.0.0,3,0.4581671672275149,0.0448784940451506,0.2144,0.00155
19906,2581,dhmix_1406519609852245638,271,EnthalpyOfMixing,<Substance C1CCCCC1{solv}{x=0.219000}|CCCCCC{solv}{x=0.781000}>,C1CCCCC1,CCCCCC,openff-2.0.0,3,0.1598455153088025,0.0490532334207922,0.1264,0.00105
19907,2582,dhmix_1819992223413741006,272,EnthalpyOfMixing,<Substance C1CCCCC1{solv}{x=0.725500}|CCCCCC{solv}{x=0.274500}>,C1CCCCC1,CCCCCC,openff-2.0.0,3,0.3350249187208476,0.0420743300547818,0.199,0.00145
19908,2583,dhmix_114464856611254095,273,EnthalpyOfMixing,<Substance COc1ccccc1{solv}{x=0.739800}|OCc1ccccc1{solv}{x=0.260200}>,COc1ccccc1,OCc1ccccc1,openff-2.0.0,3,0.7363748384056521,0.0443135933227269,1.0539,0.0113
19909,2584,dens_844721400884986444,274,Density,<Substance COc1ccccc1{solv}{x=0.288300}|OCc1ccccc1{solv}{x=0.711700}>,COc1ccccc1,OCc1ccccc1,openff-2.0.0,3,1.0143321403136871,0.0001719162611047,1.0180000000000002,0.000135
19910,2585,dens_1208569209782779179,275,Density,<Substance COc1ccccc1{solv}{x=0.491100}|OCc1ccccc1{solv}{x=0.508900}>,COc1ccccc1,OCc1ccccc1,openff-2.0.0,3,1.0022333221887838,0.000194252545217,1.0069400000000004,0.000165
19911,2586,dhmix_1342325728364187329,276,EnthalpyOfMixing,<Substance COc1ccccc1{solv}{x=0.240100}|OCc1ccccc1{solv}{x=0.759900}>,COc1ccccc1,OCc1ccccc1,openff-2.0.0,3,0.4860859003805728,0.0433638534334672,0.6199,0.0067
19912,2587,dhmix_1596550872819493971,277,EnthalpyOfMixing,<Substance COc1ccccc1{solv}{x=0.486600}|OCc1ccccc1{solv}{x=0.513400}>,COc1ccccc1,OCc1ccccc1,openff-2.0.0,3,0.8311561320203964,0.0347325181760212,0.9688,0.0104
19913,2588,dens_1833270112854727934,278,Density,<Substance COc1ccccc1{solv}{x=0.774500}|OCc1ccccc1{solv}{x=0.225500}>,COc1ccccc1,OCc1ccccc1,openff-2.0.0,3,0.9854448257558012,0.0002378621590192,0.9915900000000004,0.000215
19914,2589,dens_114725786693793907,279,Density,<Substance CC(=O)O{solv}{x=0.703100}|CCO{solv}{x=0.296900}>,CC(=O)O,CCO,openff-2.0.0,3,0.992457160218622,0.0003058388255195,0.97355,0.00021
19915,2590,dens_883421079927261907,280,Density,<Substance CC(=O)O{solv}{x=0.496100}|CCO{solv}{x=0.503900}>,CC(=O)O,CCO,openff-2.0.0,3,0.9319705316826472,0.0003129323306019,0.9199600000000002,0.0002
19916,2591,dens_1042567278853913615,281,Density,<Substance CC(=O)O{solv}{x=0.297100}|CCO{solv}{x=0.702900}>,CC(=O)O,CCO,openff-2.0.0,3,0.8750976023632973,0.000336240286034,0.8668600000000002,0.000195
19917,2592,dhmix_129373600931207498,282,EnthalpyOfMixing,<Substance NCCNCCN{solv}{x=0.702000}|O{solv}{x=0.298000}>,NCCNCCN,O,openff-2.0.0,3,-2.382519005156297,1.2576199743960814e-05,-3.393,0.036
19918,2593,dhmix_313570094367316478,283,EnthalpyOfMixing,<Substance NCCNCCN{solv}{x=0.241600}|O{solv}{x=0.758400}>,NCCNCCN,O,openff-2.0.0,3,-3.665546564010135,1.2779389656787214e-05,-6.523,0.0695
19919,2594,dens_548243159356184104,284,Density,<Substance NCCNCCN{solv}{x=0.244900}|O{solv}{x=0.755100}>,NCCNCCN,O,openff-2.0.0,3,1.0642532576602672,1e-05,1.0275000000000003,0.0005
19920,2595,dens_913992897582667960,285,Density,<Substance NCCNCCN{solv}{x=0.497400}|O{solv}{x=0.502600}>,NCCNCCN,O,openff-2.0.0,3,1.070646916931908,1e-05,0.9928000000000002,0.0005
19921,2596,dhmix_1565087976771168604,286,EnthalpyOfMixing,<Substance NCCNCCN{solv}{x=0.501000}|O{solv}{x=0.499000}>,NCCNCCN,O,openff-2.0.0,3,-4.0181641294044255,1.224745687887898e-05,-5.417,0.0575
19922,2597,dens_1812124220217686569,287,Density,<Substance NCCNCCN{solv}{x=0.698800}|O{solv}{x=0.301200}>,NCCNCCN,O,openff-2.0.0,3,1.0654732355008112,1e-05,0.9718000000000002,0.0005
19923,2598,dhmix_135176730945124637,288,EnthalpyOfMixing,<Substance CCCCNCCCC{solv}{x=0.751800}|CN(C)C=O{solv}{x=0.248200}>,CCCCNCCCC,CN(C)C=O,openff-2.0.0,3,0.5429568235397824,0.0561780549653269,0.782,0.025
19924,2599,dens_586298674852090193,289,Density,<Substance CCCCNCCCC{solv}{x=0.726600}|CN(C)C=O{solv}{x=0.273400}>,CCCCNCCCC,CN(C)C=O,openff-2.0.0,3,0.7820647936128032,0.0001804698820998,0.7828350000000002,0.0009465
19925,2600,dens_711718403070096827,290,Density,<Substance CCCCNCCCC{solv}{x=0.263900}|CN(C)C=O{solv}{x=0.736100}>,CCCCNCCCC,CN(C)C=O,openff-2.0.0,3,0.8533824835151186,0.0002521995836192,0.8609240000000001,0.001053
19926,2601,dhmix_1537913365058000269,291,EnthalpyOfMixing,<Substance CCCCNCCCC{solv}{x=0.249400}|CN(C)C=O{solv}{x=0.750600}>,CCCCNCCCC,CN(C)C=O,openff-2.0.0,3,0.5187385765435977,0.041630866120961,0.921,0.029
19927,2602,dhmix_1965420976556284821,292,EnthalpyOfMixing,<Substance CCCCNCCCC{solv}{x=0.501800}|CN(C)C=O{solv}{x=0.498200}>,CCCCNCCCC,CN(C)C=O,openff-2.0.0,3,0.6245171153468903,0.0487295381577338,1.113,0.0335
19928,2603,dens_2298192241038151497,293,Density,<Substance CCCCNCCCC{solv}{x=0.492800}|CN(C)C=O{solv}{x=0.507200}>,CCCCNCCCC,CN(C)C=O,openff-2.0.0,3,0.8127001548918615,0.0001980756148395,0.8153440000000003,0.0009895
19929,2604,dens_145031449158698048,294,Density,<Substance CN(C)C=O{solv}{x=0.498800}|ClCCCl{solv}{x=0.501200}>,CN(C)C=O,ClCCCl,openff-2.0.0,3,1.081968752830598,0.0003762117901321,1.0957000000000003,0.00305
19930,2605,dens_511894799968528211,295,Density,<Substance CN(C)C=O{solv}{x=0.197800}|ClCCCl{solv}{x=0.802200}>,CN(C)C=O,ClCCCl,openff-2.0.0,3,1.1686211556086537,0.000406918665695,1.1862000000000004,0.003
19931,2606,dhmix_693792312882226719,296,EnthalpyOfMixing,<Substance CN(C)C=O{solv}{x=0.498000}|ClCCCl{solv}{x=0.502000}>,CN(C)C=O,ClCCCl,openff-2.0.0,3,0.0582102257759373,0.0329356686285618,-0.663,0.0035
19932,2607,dhmix_1364024895663592301,297,EnthalpyOfMixing,<Substance CN(C)C=O{solv}{x=0.299000}|ClCCCl{solv}{x=0.701000}>,CN(C)C=O,ClCCCl,openff-2.0.0,3,-0.0580836435832523,0.0308555487736379,-0.575,0.0035
19933,2608,dens_1874616475661316520,298,Density,<Substance CN(C)C=O{solv}{x=0.705400}|ClCCCl{solv}{x=0.294600}>,CN(C)C=O,ClCCCl,openff-2.0.0,3,1.01846130282914,0.0003205612409395,1.0336,0.003
19934,2609,dhmix_1965344541223753593,299,EnthalpyOfMixing,<Substance CN(C)C=O{solv}{x=0.702000}|ClCCCl{solv}{x=0.298000}>,CN(C)C=O,ClCCCl,openff-2.0.0,3,-0.028433361388835,0.0373182728744713,-0.531,0.003
19935,2610,dens_145117083439077204,300,Density,<Substance CN1CCCC1=O{solv}{x=0.700300}|ClCCCCCl{solv}{x=0.299700}>,CN1CCCC1=O,ClCCCCCl,openff-2.0.0,3,1.0482576575217932,0.0002217526884559,1.0627000000000002,0.0005
19936,2611,dens_872271192908107773,301,Density,<Substance CN1CCCC1=O{solv}{x=0.203400}|ClCCCCCl{solv}{x=0.796600}>,CN1CCCC1=O,ClCCCCCl,openff-2.0.0,3,1.106614909469034,0.0003085202662462,1.1142000000000003,0.00125
19937,2612,dhmix_958757583081250655,302,EnthalpyOfMixing,<Substance CN1CCCC1=O{solv}{x=0.703000}|ClCCCCCl{solv}{x=0.297000}>,CN1CCCC1=O,ClCCCCCl,openff-2.0.0,3,-0.0096846707536855,0.0438713534150624,-0.583,0.0035
19938,2613,dens_1187888029800539390,303,Density,<Substance CN1CCCC1=O{solv}{x=0.502500}|ClCCCCCl{solv}{x=0.497500}>,CN1CCCC1=O,ClCCCCCl,openff-2.0.0,3,1.0732636499002652,0.0002011044869983,1.0840000000000003,0.00075
19939,2614,dhmix_1448185356234442909,304,EnthalpyOfMixing,<Substance CN1CCCC1=O{solv}{x=0.210000}|ClCCCCCl{solv}{x=0.790000}>,CN1CCCC1=O,ClCCCCCl,openff-2.0.0,3,-0.0177246297229061,0.041855416854264,-0.406,0.003
19940,2615,dhmix_1623586299486793214,305,EnthalpyOfMixing,<Substance CN1CCCC1=O{solv}{x=0.505000}|ClCCCCCl{solv}{x=0.495000}>,CN1CCCC1=O,ClCCCCCl,openff-2.0.0,3,-0.1108392804655409,0.0425957755120488,-0.678,0.0035
19941,2616,dens_151421667269785380,306,Density,<Substance OCCOCCO{solv}{x=0.228500}|OCc1ccccc1{solv}{x=0.771500}>,OCCOCCO,OCc1ccccc1,openff-2.0.0,3,1.0517562987688387,0.0001840653291484,1.0497600000000002,0.000265
19942,2617,dens_207017358130726789,307,Density,<Substance OCCOCCO{solv}{x=0.531200}|OCc1ccccc1{solv}{x=0.468800}>,OCCOCCO,OCc1ccccc1,openff-2.0.0,3,1.0756090431944283,0.0002741274628388,1.07136,0.00027
19943,2618,dhmix_638869206909151198,308,EnthalpyOfMixing,<Substance OCCOCCO{solv}{x=0.765800}|OCc1ccccc1{solv}{x=0.234200}>,OCCOCCO,OCc1ccccc1,openff-2.0.0,3,-0.3863483534172474,0.0534488597539199,-0.3712,0.0073
19944,2619,dhmix_884415658126351430,309,EnthalpyOfMixing,<Substance OCCOCCO{solv}{x=0.266500}|OCc1ccccc1{solv}{x=0.733500}>,OCCOCCO,OCc1ccccc1,openff-2.0.0,3,-0.3117630724077571,0.041970840543762,-0.4216,0.0081
19945,2620,dhmix_925385148369690502,310,EnthalpyOfMixing,<Substance OCCOCCO{solv}{x=0.521600}|OCc1ccccc1{solv}{x=0.478400}>,OCCOCCO,OCc1ccccc1,openff-2.0.0,3,-0.4263312961312806,0.056315231072817,-0.4574,0.00865
19946,2621,dens_1617133138157859384,311,Density,<Substance OCCOCCO{solv}{x=0.727700}|OCc1ccccc1{solv}{x=0.272300}>,OCCOCCO,OCc1ccccc1,openff-2.0.0,3,1.0919416420986143,0.0002346432683096,1.0857000000000003,0.000275
19947,2622,dens_155791527624482863,312,Density,<Substance CC(C)CO{solv}{x=0.279300}|CCCCBr{solv}{x=0.720700}>,CC(C)CO,CCCCBr,openff-2.0.0,3,1.1081726686203452,0.0003414318280509,1.1339800000000002,0.000305
19948,2623,dhmix_549211977118470640,313,EnthalpyOfMixing,<Substance CC(C)CO{solv}{x=0.293800}|CCCCBr{solv}{x=0.706200}>,CC(C)CO,CCCCBr,openff-2.0.0,3,1.2435226295223742,0.0401663073592868,1.248,0.0135
19949,2624,dens_692500675577783691,314,Density,<Substance CC(C)CO{solv}{x=0.793700}|CCCCBr{solv}{x=0.206300}>,CC(C)CO,CCCCBr,openff-2.0.0,3,0.8998460784659531,0.0002351158347202,0.8962800000000002,0.00021
19950,2625,dens_841415441417626311,315,Density,<Substance CC(C)CO{solv}{x=0.498900}|CCCCBr{solv}{x=0.501100}>,CC(C)CO,CCCCBr,openff-2.0.0,3,1.025196663229054,0.0003461369971652,1.0366800000000005,0.000225
19951,2626,dhmix_1400807466047438160,316,EnthalpyOfMixing,<Substance CC(C)CO{solv}{x=0.499000}|CCCCBr{solv}{x=0.501000}>,CC(C)CO,CCCCBr,openff-2.0.0,3,1.1405083265210578,0.041250316650083,1.207,0.013
19952,2627,dhmix_1959880980464917582,317,EnthalpyOfMixing,<Substance CC(C)CO{solv}{x=0.702100}|CCCCBr{solv}{x=0.297900}>,CC(C)CO,CCCCBr,openff-2.0.0,3,0.7481976881102526,0.042494159788629,0.891,0.0095
19953,2628,dhmix_155924436295918663,318,EnthalpyOfMixing,<Substance OCCCO{solv}{x=0.501300}|O{solv}{x=0.498700}>,O,OCCCO,openff-2.0.0,3,0.3894270089643871,0.0340930229991957,-0.992,0.0125
19954,2629,dens_867859901093068556,319,Density,<Substance OCCCO{solv}{x=0.743700}|O{solv}{x=0.256300}>,O,OCCCO,openff-2.0.0,3,1.0547159388424254,1e-05,1.0503800000000003,0.00023
19955,2630,dhmix_2191722776959064631,320,EnthalpyOfMixing,<Substance OCCCO{solv}{x=0.743000}|O{solv}{x=0.257000}>,O,OCCCO,openff-2.0.0,3,0.1455001781705114,0.050614268812275,-0.633,0.008
19956,2631,dhmix_2210594516320705991,321,EnthalpyOfMixing,<Substance OCCCO{solv}{x=0.208700}|O{solv}{x=0.791300}>,O,OCCCO,openff-2.0.0,3,0.4084801883575935,0.0273024392667266,-0.924,0.012
19957,2632,dens_2211391404402371237,322,Density,<Substance OCCCO{solv}{x=0.244700}|O{solv}{x=0.755300}>,O,OCCCO,openff-2.0.0,3,1.0267666254597492,1e-05,1.0381600000000004,0.00019
19958,2633,dens_2211609476735134421,323,Density,<Substance OCCCO{solv}{x=0.500000}|O{solv}{x=0.500000}>,O,OCCCO,openff-2.0.0,3,1.0452295717808944,1e-05,1.0492100000000002,0.000215
19959,2634,dhmix_156929898609376763,324,EnthalpyOfMixing,<Substance CN(C)CCCO{solv}{x=0.800100}|O{solv}{x=0.199900}>,CN(C)CCCO,O,openff-2.0.0,3,-0.5736508526016451,0.0441150366777024,-1.26,0.0135
19960,2635,dhmix_786210276753247951,325,EnthalpyOfMixing,<Substance CN(C)CCCO{solv}{x=0.199800}|O{solv}{x=0.800200}>,CN(C)CCCO,O,openff-2.0.0,3,-0.6784504525352935,0.0307809553542524,-2.514,0.027
19961,2636,dens_971674883336993154,326,Density,<Substance CN(C)CCCO{solv}{x=0.289504}|O{solv}{x=0.710496}>,CN(C)CCCO,O,openff-2.0.0,3,0.9306760243812492,0.0002553073171846,0.9443,0.00285
19962,2637,dhmix_1330584538745399524,327,EnthalpyOfMixing,<Substance CN(C)CCCO{solv}{x=0.501900}|O{solv}{x=0.498100}>,CN(C)CCCO,O,openff-2.0.0,3,-1.232679991765849,0.0333221962766326,-2.706,0.029
19963,2638,dens_1781759734173902013,328,Density,<Substance CN(C)CCCO{solv}{x=0.501300}|O{solv}{x=0.498700}>,CN(C)CCCO,O,openff-2.0.0,3,0.9184763409597868,0.0002267906991021,0.9170700000000004,8.000000000000002e-05
19964,2639,dens_2299157616447228221,329,Density,<Substance CN(C)CCCO{solv}{x=0.800600}|O{solv}{x=0.199400}>,CN(C)CCCO,O,openff-2.0.0,3,0.905507256044382,0.0002732018742053,0.8915100000000002,9.500000000000002e-05
19965,2640,dhmix_157983773008192768,330,EnthalpyOfMixing,<Substance BrCCCBr{solv}{x=0.743200}|CCCCOC(=O)CCC{solv}{x=0.256800}>,BrCCCBr,CCCCOC(=O)CCC,openff-2.0.0,3,-0.3814090969834325,1.2720448105314533e-05,0.032,0.0005
19966,2641,dens_720277045338028885,331,Density,<Substance BrCCCBr{solv}{x=0.748700}|CCCCOC(=O)CCC{solv}{x=0.251300}>,BrCCCBr,CCCCOC(=O)CCC,openff-2.0.0,3,1.548173213401749,1e-05,1.5786600000000004,0.00038
19967,2642,dens_933248802608751708,332,Density,<Substance BrCCCBr{solv}{x=0.529700}|CCCCOC(=O)CCC{solv}{x=0.470300}>,BrCCCBr,CCCCOC(=O)CCC,openff-2.0.0,3,1.3008809251274718,1e-05,1.3159400000000003,0.000255
19968,2643,dens_1048925802213854204,333,Density,<Substance BrCCCBr{solv}{x=0.259100}|CCCCOC(=O)CCC{solv}{x=0.740900}>,BrCCCBr,CCCCOC(=O)CCC,openff-2.0.0,3,1.0545545422029183,1e-05,1.0598600000000002,0.000145
19969,2644,dhmix_1090642624443832057,334,EnthalpyOfMixing,<Substance BrCCCBr{solv}{x=0.241200}|CCCCOC(=O)CCC{solv}{x=0.758800}>,BrCCCBr,CCCCOC(=O)CCC,openff-2.0.0,3,-0.4959645738298945,1.2783434593253882e-05,-0.094,0.001
19970,2645,dhmix_1649688325270115073,335,EnthalpyOfMixing,<Substance BrCCCBr{solv}{x=0.466700}|CCCCOC(=O)CCC{solv}{x=0.533300}>,BrCCCBr,CCCCOC(=O)CCC,openff-2.0.0,3,-0.589451138680829,1.2256337136355218e-05,-0.091,0.001
19971,2646,dhmix_158101159957898775,336,EnthalpyOfMixing,<Substance CCCCCl{solv}{x=0.490000}|CN1CCCC1=O{solv}{x=0.510000}>,CCCCCl,CN1CCCC1=O,openff-2.0.0,3,0.7406830911137092,0.0400601700940395,0.152,0.002
19972,2647,dhmix_586880142396707079,337,EnthalpyOfMixing,<Substance CCCCCl{solv}{x=0.294000}|CN1CCCC1=O{solv}{x=0.706000}>,CCCCCl,CN1CCCC1=O,openff-2.0.0,3,0.6632046847232118,0.0397800508031603,0.145,0.002
19973,2648,dens_897975104490051322,338,Density,<Substance CCCCCl{solv}{x=0.296100}|CN1CCCC1=O{solv}{x=0.703900}>,CCCCCl,CN1CCCC1=O,openff-2.0.0,3,0.969813874301136,0.0001839624336667,0.9862000000000004,0.0001
19974,2649,dens_1393365907116297965,339,Density,<Substance CCCCCl{solv}{x=0.702600}|CN1CCCC1=O{solv}{x=0.297400}>,CCCCCl,CN1CCCC1=O,openff-2.0.0,3,0.910899958375474,0.0002853030111343,0.9268000000000002,0.0001
19975,2650,dhmix_1769887717174104485,340,EnthalpyOfMixing,<Substance CCCCCl{solv}{x=0.787000}|CN1CCCC1=O{solv}{x=0.213000}>,CCCCCl,CN1CCCC1=O,openff-2.0.0,3,0.4818364259087389,0.0424429000839316,0.081,0.002
19976,2651,dens_2070183543451797213,341,Density,<Substance CCCCCl{solv}{x=0.494800}|CN1CCCC1=O{solv}{x=0.505200}>,CCCCCl,CN1CCCC1=O,openff-2.0.0,3,0.9429032881325068,0.0002475313911595,0.9575000000000002,0.0001
19977,2652,dens_164369774990422412,342,Density,<Substance CC(C)O{solv}{x=0.764900}|CCOC=O{solv}{x=0.235100}>,CC(C)O,CCOC=O,openff-2.0.0,3,0.8372851971719039,1e-05,0.8088000000000002,0.00035
19978,2653,dens_200561035496770448,343,Density,<Substance CC(C)O{solv}{x=0.265100}|CCOC=O{solv}{x=0.734900}>,CC(C)O,CCOC=O,openff-2.0.0,3,0.9154924891326892,1e-05,0.8710000000000002,0.0003
19979,2654,dens_1124622586228643363,344,Density,<Substance CC(C)O{solv}{x=0.441300}|CCOC=O{solv}{x=0.558700}>,CC(C)O,CCOC=O,openff-2.0.0,3,0.8875771130278407,1e-05,0.8482000000000003,0.00035
19980,2655,dens_166030075147825025,345,Density,<Substance Clc1ccccc1{solv}{x=0.467900}|c1ccccc1{solv}{x=0.532100}>,Clc1ccccc1,c1ccccc1,openff-2.0.0,3,0.9866406075963412,0.0002829966557561,0.9877000000000002,0.00025
19981,2656,dens_796537469137871297,346,Density,<Substance Clc1ccccc1{solv}{x=0.735800}|c1ccccc1{solv}{x=0.264200}>,Clc1ccccc1,c1ccccc1,openff-2.0.0,3,1.0503788478719018,0.0003051489581669,1.0465000000000002,0.0002
19982,2657,dhmix_1485547099225054006,347,EnthalpyOfMixing,<Substance Clc1ccccc1{solv}{x=0.777700}|c1ccccc1{solv}{x=0.222300}>,Clc1ccccc1,c1ccccc1,openff-2.0.0,3,-0.0194272359778437,0.0351222501043112,-0.0036,0.0004
19983,2658,dhmix_1808283008183194060,348,EnthalpyOfMixing,<Substance Clc1ccccc1{solv}{x=0.225800}|c1ccccc1{solv}{x=0.774200}>,Clc1ccccc1,c1ccccc1,openff-2.0.0,3,0.0359107795454747,0.0386214889313989,-0.0046,0.0004
19984,2659,dhmix_2008892820486470381,349,EnthalpyOfMixing,<Substance Clc1ccccc1{solv}{x=0.466600}|c1ccccc1{solv}{x=0.533400}>,Clc1ccccc1,c1ccccc1,openff-2.0.0,3,0.009421442606353,0.0385408371992496,-0.0057,0.0004
19985,2660,dens_2142546524113318099,350,Density,<Substance Clc1ccccc1{solv}{x=0.293100}|c1ccccc1{solv}{x=0.706900}>,Clc1ccccc1,c1ccccc1,openff-2.0.0,3,0.9424823725305712,0.0002717939388836,0.9468000000000002,0.00025
19986,2661,dhmix_166527628917371560,351,EnthalpyOfMixing,<Substance CCCCCC(C)=O{solv}{x=0.500700}|CCCNCCC{solv}{x=0.499300}>,CCCCCC(C)=O,CCCNCCC,openff-2.0.0,3,-0.0216824624805838,0.052061925495635,0.162,0.002
19987,2662,dhmix_181797488552739205,352,EnthalpyOfMixing,<Substance CCCCCC(C)=O{solv}{x=0.213200}|CCCNCCC{solv}{x=0.786800}>,CCCCCC(C)=O,CCCNCCC,openff-2.0.0,3,-0.0140607677039668,0.0505226431900098,0.137,0.0015
19988,2663,dens_286521458049436805,353,Density,<Substance CCCCCC(C)=O{solv}{x=0.542700}|CCCNCCC{solv}{x=0.457300}>,CCCCCC(C)=O,CCCNCCC,openff-2.0.0,3,0.7710307542624246,0.0001831393977044,0.7766620000000002,0.0001215
19989,2664,dens_740930494074770103,354,Density,<Substance CCCCCC(C)=O{solv}{x=0.252600}|CCCNCCC{solv}{x=0.747400}>,CCCCCC(C)=O,CCCNCCC,openff-2.0.0,3,0.7527598681768505,0.0001809370277415,0.7540050000000001,0.0001215
19990,2665,dhmix_1180133264815330249,355,EnthalpyOfMixing,<Substance CCCCCC(C)=O{solv}{x=0.788000}|CCCNCCC{solv}{x=0.212000}>,CCCCCC(C)=O,CCCNCCC,openff-2.0.0,3,-0.0200146606754287,0.0529181872931243,0.088,0.001
19991,2666,dens_1237727796782189302,356,Density,<Substance CCCCCC(C)=O{solv}{x=0.741800}|CCCNCCC{solv}{x=0.258200}>,CCCCCC(C)=O,CCCNCCC,openff-2.0.0,3,0.783317844834592,0.0001436648855423,0.7918920000000003,0.00012
19992,2667,dens_168376639142843665,357,Density,<Substance BrCCBr{solv}{x=0.084500}|CCOC(=O)CC{solv}{x=0.915500}>,BrCCBr,CCOC(=O)CC,openff-2.0.0,3,0.9669589726698176,0.0002410913007327,0.9671200000000002,0.001185
19993,2668,dhmix_897092526028522426,358,EnthalpyOfMixing,<Substance BrCCBr{solv}{x=0.753700}|CCOC(=O)CC{solv}{x=0.246300}>,BrCCBr,CCOC(=O)CC,openff-2.0.0,3,-0.2780278169241938,0.0331978373118664,0.0052,0.0008
19994,2669,dhmix_1078383344298013541,359,EnthalpyOfMixing,<Substance BrCCBr{solv}{x=0.084100}|CCOC(=O)CC{solv}{x=0.915900}>,BrCCBr,CCOC(=O)CC,openff-2.0.0,3,-0.1198286891691964,0.0393620641396503,-0.0683,0.0014
19995,2670,dhmix_1103515663691342839,360,EnthalpyOfMixing,<Substance BrCCBr{solv}{x=0.514000}|CCOC(=O)CC{solv}{x=0.486000}>,BrCCBr,CCOC(=O)CC,openff-2.0.0,3,-0.4402639696663613,0.0378840480809474,-0.1259,0.00205
19996,2671,dens_1193015082780501702,361,Density,<Substance BrCCBr{solv}{x=0.484400}|CCOC(=O)CC{solv}{x=0.515600}>,BrCCBr,CCOC(=O)CC,openff-2.0.0,3,1.401792549611993,0.0004348086404749,1.4136000000000002,0.001165
19997,2672,dens_1660732943693703463,362,Density,<Substance BrCCBr{solv}{x=0.714800}|CCOC(=O)CC{solv}{x=0.285200}>,BrCCBr,CCOC(=O)CC,openff-2.0.0,3,1.6977880897334208,0.0004781681750841,1.7205300000000003,0.000985
19998,2673,dens_172622055198885625,363,Density,<Substance CCCCOCCO{solv}{x=0.499500}|c1ccccc1{solv}{x=0.500500}>,CCCCOCCO,c1ccccc1,openff-2.0.0,3,0.8802696123915466,0.0002265469066585,0.8864700000000002,0.000795
19999,2674,dens_615182082919776992,364,Density,<Substance CCCCOCCO{solv}{x=0.753500}|c1ccccc1{solv}{x=0.246500}>,CCCCOCCO,c1ccccc1,openff-2.0.0,3,0.8881510996017148,0.0002161319286282,0.8924600000000003,0.00077
20000,2675,dens_1014762781474427089,365,Density,<Substance CCCCOCCO{solv}{x=0.248800}|c1ccccc1{solv}{x=0.751200}>,CCCCOCCO,c1ccccc1,openff-2.0.0,3,0.8724910351487104,0.0002336721191616,0.8790000000000002,0.00083
20001,2676,dhmix_1209838039340638454,366,EnthalpyOfMixing,<Substance CCCCOCCO{solv}{x=0.729700}|c1ccccc1{solv}{x=0.270300}>,CCCCOCCO,c1ccccc1,openff-2.0.0,3,0.3627510632624364,0.0500125954104484,0.3037,0.00335
20002,2677,dhmix_1416395432810708431,367,EnthalpyOfMixing,<Substance CCCCOCCO{solv}{x=0.266500}|c1ccccc1{solv}{x=0.733500}>,CCCCOCCO,c1ccccc1,openff-2.0.0,3,0.5991916784895466,0.0418724370880387,0.6895,0.00745
20003,2678,dhmix_1775479338186698605,368,EnthalpyOfMixing,<Substance CCCCOCCO{solv}{x=0.503000}|c1ccccc1{solv}{x=0.497000}>,CCCCOCCO,c1ccccc1,openff-2.0.0,3,0.5521734929581896,0.0495994330497141,0.5563,0.00605
20004,2679,dens_173950346939686352,369,Density,<Substance CCOC(=O)CC(=O)OCC{solv}{x=0.797800}|CO{solv}{x=0.202200}>,CCOC(=O)CC(=O)OCC,CO,openff-2.0.0,3,1.0456810683422868,0.0001748884615357,1.0336070000000002,0.0001155
20005,2680,dhmix_796570713446660029,370,EnthalpyOfMixing,<Substance CCOC(=O)CC(=O)OCC{solv}{x=0.745300}|CO{solv}{x=0.254700}>,CCOC(=O)CC(=O)OCC,CO,openff-2.0.0,3,0.8135774590156899,0.0499699369918963,1.184,0.013
20006,2681,dhmix_1053189657313504079,371,EnthalpyOfMixing,<Substance CCOC(=O)CC(=O)OCC{solv}{x=0.499300}|CO{solv}{x=0.500700}>,CCOC(=O)CC(=O)OCC,CO,openff-2.0.0,3,1.136303081899257,0.0424469656043641,1.426,0.0155
20007,2682,dens_1109796780897697143,372,Density,<Substance CCOC(=O)CC(=O)OCC{solv}{x=0.500400}|CO{solv}{x=0.499600}>,CCOC(=O)CC(=O)OCC,CO,openff-2.0.0,3,1.0036944028889851,0.0001604727403325,0.9962350000000002,9.150000000000002e-05
20008,2683,dens_1145191816882985532,373,Density,<Substance CCOC(=O)CC(=O)OCC{solv}{x=0.250100}|CO{solv}{x=0.749900}>,CCOC(=O)CC(=O)OCC,CO,openff-2.0.0,3,0.9351744958968372,0.00022405138421,0.9355040000000002,0.0001385
20009,2684,dhmix_1394433819711651760,374,EnthalpyOfMixing,<Substance CCOC(=O)CC(=O)OCC{solv}{x=0.251500}|CO{solv}{x=0.748500}>,CCOC(=O)CC(=O)OCC,CO,openff-2.0.0,3,0.9415744611429028,0.0348208056403869,1.083,0.0115
20010,2685,dhmix_176700813960387714,375,EnthalpyOfMixing,<Substance CC(=O)N(C)C{solv}{x=0.211000}|ClCCCCCl{solv}{x=0.789000}>,CC(=O)N(C)C,ClCCCCCl,openff-2.0.0,3,-0.0472372118101702,0.0430108608401879,-0.188,0.0025
20011,2686,dhmix_422276068008732896,376,EnthalpyOfMixing,<Substance CC(=O)N(C)C{solv}{x=0.506000}|ClCCCCCl{solv}{x=0.494000}>,CC(=O)N(C)C,ClCCCCCl,openff-2.0.0,3,-0.1516992659120148,0.0386165855914696,-0.314,0.0025
20012,2687,dhmix_591740475541975327,377,EnthalpyOfMixing,<Substance CC(=O)N(C)C{solv}{x=0.705000}|ClCCCCCl{solv}{x=0.295000}>,CC(=O)N(C)C,ClCCCCCl,openff-2.0.0,3,-0.090964494310441,0.0400112539880596,-0.281,0.0025
20013,2688,dens_600718364672681210,378,Density,<Substance CC(=O)N(C)C{solv}{x=0.200100}|ClCCCCCl{solv}{x=0.799900}>,CC(=O)N(C)C,ClCCCCCl,openff-2.0.0,3,1.0868135248259074,0.0003052657696669,1.0978,0.0023
20014,2689,dens_833309518494254389,379,Density,<Substance CC(=O)N(C)C{solv}{x=0.698700}|ClCCCCCl{solv}{x=0.301300}>,CC(=O)N(C)C,ClCCCCCl,openff-2.0.0,3,0.9782201639175891,0.0002396133104702,1.0011000000000003,0.0023
20015,2690,dens_1473570029953486090,380,Density,<Substance CC(=O)N(C)C{solv}{x=0.500900}|ClCCCCCl{solv}{x=0.499100}>,CC(=O)N(C)C,ClCCCCCl,openff-2.0.0,3,1.023777809665083,0.0002669601689182,1.0407000000000004,0.00225
20016,2691,dens_176740025668330569,381,Density,<Substance C1CCCCC1{solv}{x=0.499400}|C1COCCO1{solv}{x=0.500600}>,C1CCCCC1,C1COCCO1,openff-2.0.0,3,0.8773670496022231,0.0002245443002197,0.8769800000000002,8.500000000000002e-05
20017,2692,dens_476825312331327209,382,Density,<Substance C1CCCCC1{solv}{x=0.297200}|C1COCCO1{solv}{x=0.702800}>,C1CCCCC1,C1COCCO1,openff-2.0.0,3,0.9378215809711892,0.0002694888791024,0.9312200000000004,7.000000000000002e-05
20018,2693,dens_985438980823024302,383,Density,<Substance C1CCCCC1{solv}{x=0.699700}|C1COCCO1{solv}{x=0.300300}>,C1CCCCC1,C1COCCO1,openff-2.0.0,3,0.8251591351581197,0.0002179907087587,0.8305800000000002,0.0001
20019,2694,dhmix_1624213860575299641,384,EnthalpyOfMixing,<Substance C1CCCCC1{solv}{x=0.492800}|C1COCCO1{solv}{x=0.507200}>,C1CCCCC1,C1COCCO1,openff-2.0.0,3,1.9478122190079716,0.0417183179946377,1.588,0.008
20020,2695,dhmix_1900199136965747019,385,EnthalpyOfMixing,<Substance C1CCCCC1{solv}{x=0.239400}|C1COCCO1{solv}{x=0.760600}>,C1CCCCC1,C1COCCO1,openff-2.0.0,3,1.3688470895536111,0.0437988375889502,1.124,0.007
20021,2696,dhmix_2022274493214392184,386,EnthalpyOfMixing,<Substance C1CCCCC1{solv}{x=0.744200}|C1COCCO1{solv}{x=0.255800}>,C1CCCCC1,C1COCCO1,openff-2.0.0,3,1.6102843168924323,0.0421166117302874,1.262,0.007
20022,2697,dhmix_182795551078530810,387,EnthalpyOfMixing,<Substance C1COCCO1{solv}{x=0.491200}|Cc1ccccc1Cl{solv}{x=0.508800}>,C1COCCO1,Cc1ccccc1Cl,openff-2.0.0,3,0.351819841895832,0.0416567754080912,0.356,0.002
20023,2698,dens_242592003865933955,388,Density,<Substance C1COCCO1{solv}{x=0.835700}|Cc1ccccc1Cl{solv}{x=0.164300}>,C1COCCO1,Cc1ccccc1Cl,openff-2.0.0,3,1.038282111599225,0.0002423957641179,1.0256,0.0005
20024,2699,dens_810150133181620718,389,Density,<Substance C1COCCO1{solv}{x=0.513600}|Cc1ccccc1Cl{solv}{x=0.486400}>,C1COCCO1,Cc1ccccc1Cl,openff-2.0.0,3,1.0627190135499425,0.000240414810429,1.0536,0.0005
20025,2700,dhmix_1949119093643648586,390,EnthalpyOfMixing,<Substance C1COCCO1{solv}{x=0.246200}|Cc1ccccc1Cl{solv}{x=0.753800}>,C1COCCO1,Cc1ccccc1Cl,openff-2.0.0,3,0.3128241105554252,0.0475542123907521,0.206,0.001
20026,2701,dens_2161584607380261748,391,Density,<Substance C1COCCO1{solv}{x=0.226300}|Cc1ccccc1Cl{solv}{x=0.773700}>,C1COCCO1,Cc1ccccc1Cl,openff-2.0.0,3,1.0723393510931067,0.0001836674859908,1.0674000000000003,0.0005
20027,2702,dhmix_2190589845176325501,392,EnthalpyOfMixing,<Substance C1COCCO1{solv}{x=0.835700}|Cc1ccccc1Cl{solv}{x=0.164300}>,C1COCCO1,Cc1ccccc1Cl,openff-2.0.0,3,0.2745012407889362,0.040960327012678,0.244,0.0015
20028,2703,dens_194492664772262961,393,Density,<Substance CCCOC=O{solv}{x=0.479500}|ClCCCl{solv}{x=0.520500}>,CCCOC=O,ClCCCl,openff-2.0.0,3,1.0721747382089477,0.0003243692878058,1.0603100000000003,0.00196
20029,2704,dhmix_438833720470542962,394,EnthalpyOfMixing,<Substance CCCOC=O{solv}{x=0.738500}|ClCCCl{solv}{x=0.261500}>,CCCOC=O,ClCCCl,openff-2.0.0,3,0.1111325474078199,0.0501907459387256,-0.205,0.0025
20030,2705,dens_598528978367940263,395,Density,<Substance CCCOC=O{solv}{x=0.254300}|ClCCCl{solv}{x=0.745700}>,CCCOC=O,ClCCCl,openff-2.0.0,3,1.1407057236618796,0.0004080754887979,1.1418800000000005,0.002835
20031,2706,dens_822197650497048256,396,Density,<Substance CCCOC=O{solv}{x=0.728100}|ClCCCl{solv}{x=0.271900}>,CCCOC=O,ClCCCl,openff-2.0.0,3,1.0052230639768784,0.0003131386195288,0.9794600000000002,0.001275
20032,2707,dhmix_1971772628311560569,397,EnthalpyOfMixing,<Substance CCCOC=O{solv}{x=0.503500}|ClCCCl{solv}{x=0.496500}>,CCCOC=O,ClCCCl,openff-2.0.0,3,0.394807193434886,0.0366194985749017,-0.254,0.003
20033,2708,dhmix_2087301877194561078,398,EnthalpyOfMixing,<Substance CCCOC=O{solv}{x=0.273300}|ClCCCl{solv}{x=0.726700}>,CCCOC=O,ClCCCl,openff-2.0.0,3,0.3324194731138021,0.0338283777172292,-0.154,0.002
20034,2709,dens_196547737404430199,399,Density,<Substance CCC(C)(C)O{solv}{x=0.258400}|CCO{solv}{x=0.741600}>,CCC(C)(C)O,CCO,openff-2.0.0,3,0.8043813644488866,0.0001956213152154,0.7933000000000001,0.0005
20035,2710,dens_476512869308734578,400,Density,<Substance CCC(C)(C)O{solv}{x=0.549500}|CCO{solv}{x=0.450500}>,CCC(C)(C)O,CCO,openff-2.0.0,3,0.816117889334094,0.0002223819939535,0.8018000000000002,0.0005
20036,2711,dens_822446541953482206,401,Density,<Substance CCC(C)(C)O{solv}{x=0.676500}|CCO{solv}{x=0.323500}>,CCC(C)(C)O,CCO,openff-2.0.0,3,0.8183010384217744,0.0002393247998442,0.8048000000000002,0.0005
20037,2712,dhmix_935690434592096067,402,EnthalpyOfMixing,<Substance CCC(C)(C)O{solv}{x=0.460700}|CCO{solv}{x=0.539300}>,CCC(C)(C)O,CCO,openff-2.0.0,3,-1.0123120580836371,0.037830880391812,-0.95,0.00405
20038,2713,dhmix_1167190373485301023,403,EnthalpyOfMixing,<Substance CCC(C)(C)O{solv}{x=0.730600}|CCO{solv}{x=0.269400}>,CCC(C)(C)O,CCO,openff-2.0.0,3,-0.912050071145174,0.0541856760350955,-0.7709,0.00335
20039,2714,dhmix_1275914601266938667,404,EnthalpyOfMixing,<Substance CCC(C)(C)O{solv}{x=0.280700}|CCO{solv}{x=0.719300}>,CCC(C)(C)O,CCO,openff-2.0.0,3,-0.6888867606112683,0.0368431587782711,-0.7056,0.0031
20040,2715,dens_196896428021674416,405,Density,<Substance OCCCCO{solv}{x=0.250400}|O{solv}{x=0.749600}>,O,OCCCCO,openff-2.0.0,3,1.0099837644371257,1e-05,1.0206500000000005,0.000165
20041,2716,dhmix_204758826312645465,406,EnthalpyOfMixing,<Substance OCCCCO{solv}{x=0.498600}|O{solv}{x=0.501400}>,O,OCCCCO,openff-2.0.0,3,0.5879839166708614,0.037664965559585,-0.882,0.011
20042,2717,dens_523660418548538159,407,Density,<Substance OCCCCO{solv}{x=0.502000}|O{solv}{x=0.498000}>,O,OCCCCO,openff-2.0.0,3,1.019423848414344,1e-05,1.0207100000000002,0.000175
20043,2718,dhmix_1424462945700338266,408,EnthalpyOfMixing,<Substance OCCCCO{solv}{x=0.794700}|O{solv}{x=0.205300}>,O,OCCCCO,openff-2.0.0,3,-0.0352399152019131,0.0482342104601208,-0.513,0.007
20044,2719,dhmix_2166372532060643622,409,EnthalpyOfMixing,<Substance OCCCCO{solv}{x=0.265800}|O{solv}{x=0.734200}>,O,OCCCCO,openff-2.0.0,3,0.5090781208966115,0.027371920101281,-0.896,0.0115
20045,2720,dens_2215793475715067258,410,Density,<Substance OCCCCO{solv}{x=0.752800}|O{solv}{x=0.247200}>,O,OCCCCO,openff-2.0.0,3,1.0222083839123433,1e-05,1.0165900000000003,0.00018
20046,2721,dhmix_199788824133179829,411,EnthalpyOfMixing,<Substance CNc1ccccc1{solv}{x=0.497300}|Cc1ccccc1{solv}{x=0.502700}>,CNc1ccccc1,Cc1ccccc1,openff-2.0.0,3,0.7987755753926535,0.0348324545791203,0.497,0.0055
20047,2722,dens_515118724178190757,412,Density,<Substance CNc1ccccc1{solv}{x=0.740700}|Cc1ccccc1{solv}{x=0.259300}>,CNc1ccccc1,Cc1ccccc1,openff-2.0.0,3,0.9600330939538728,0.0001708173436403,0.9531280000000004,0.0002595
20048,2723,dens_730775902780400634,413,Density,<Substance CNc1ccccc1{solv}{x=0.245200}|Cc1ccccc1{solv}{x=0.754800}>,CNc1ccccc1,Cc1ccccc1,openff-2.0.0,3,0.8891276891367889,0.0002584004638242,0.8935250000000002,0.000118
20049,2724,dhmix_1213795502778853356,414,EnthalpyOfMixing,<Substance CNc1ccccc1{solv}{x=0.295200}|Cc1ccccc1{solv}{x=0.704800}>,CNc1ccccc1,Cc1ccccc1,openff-2.0.0,3,0.6917730325281752,0.0430305848082844,0.459,0.005
20050,2725,dhmix_1321810550349826496,415,EnthalpyOfMixing,<Substance CNc1ccccc1{solv}{x=0.789200}|Cc1ccccc1{solv}{x=0.210800}>,CNc1ccccc1,Cc1ccccc1,openff-2.0.0,3,0.106317785847807,0.0579389242547073,0.287,0.003
20051,2726,dens_2156484405108449314,416,Density,<Substance CNc1ccccc1{solv}{x=0.490000}|Cc1ccccc1{solv}{x=0.510000}>,CNc1ccccc1,Cc1ccccc1,openff-2.0.0,3,0.9244400150100004,0.0002006956379992,0.9235800000000004,0.000164
20052,2727,dens_199829369486957606,417,Density,<Substance CC#N{solv}{x=0.200300}|c1ccccc1{solv}{x=0.799700}>,CC#N,c1ccccc1,openff-2.0.0,3,0.8547239558590575,0.0003089908130435,0.8623400000000002,7.000000000000002e-05
20053,2728,dhmix_217315956534335620,418,EnthalpyOfMixing,<Substance CC#N{solv}{x=0.771500}|c1ccccc1{solv}{x=0.228500}>,CC#N,c1ccccc1,openff-2.0.0,3,0.0437058722313778,0.0271169810827505,0.3988,0.00815
20054,2729,dhmix_730497723685339496,419,EnthalpyOfMixing,<Substance CC#N{solv}{x=0.219600}|c1ccccc1{solv}{x=0.780400}>,CC#N,c1ccccc1,openff-2.0.0,3,-0.0374526619539636,0.0319902551404717,0.2399,0.00495
20055,2730,dhmix_1038591828122641798,420,EnthalpyOfMixing,<Substance CC#N{solv}{x=0.529500}|c1ccccc1{solv}{x=0.470500}>,CC#N,c1ccccc1,openff-2.0.0,3,0.0085355474893233,0.031505235517509,0.4415,0.00905
20056,2731,dens_1457706963514561052,421,Density,<Substance CC#N{solv}{x=0.500100}|c1ccccc1{solv}{x=0.499900}>,CC#N,c1ccccc1,openff-2.0.0,3,0.8327175065195629,0.0002981517097541,0.8384600000000002,7.500000000000002e-05
20057,2732,dens_2111393000623474162,422,Density,<Substance CC#N{solv}{x=0.700200}|c1ccccc1{solv}{x=0.299800}>,CC#N,c1ccccc1,openff-2.0.0,3,0.8130052871532464,0.0003028659925898,0.8174500000000002,7.500000000000002e-05
20058,2733,dens_201591193434833206,423,Density,<Substance CC(C)CC(C)(C)C{solv}{x=0.082400}|CCO{solv}{x=0.917600}>,CC(C)CC(C)(C)C,CCO,openff-2.0.0,3,0.7640859246525823,0.0003296928435625,0.7605800000000003,0.000125
20059,2734,dhmix_371477530823830451,424,EnthalpyOfMixing,<Substance CC(C)CC(C)(C)C{solv}{x=0.761700}|CCO{solv}{x=0.238300}>,CC(C)CC(C)(C)C,CCO,openff-2.0.0,3,0.7868359541488417,0.0527453026605284,0.634022,0.006851
20060,2735,dhmix_1127868571780691876,425,EnthalpyOfMixing,<Substance CC(C)CC(C)(C)C{solv}{x=0.515800}|CCO{solv}{x=0.484200}>,CC(C)CC(C)(C)C,CCO,openff-2.0.0,3,0.8119157651659634,0.0452390882082681,0.638973,0.006903
20061,2736,dens_1250915879314267304,426,Density,<Substance CC(C)CC(C)(C)C{solv}{x=0.493740}|CCO{solv}{x=0.506260}>,CC(C)CC(C)(C)C,CCO,openff-2.0.0,3,0.7274100663587652,0.0002336038087375,0.7110500000000001,7.500000000000002e-05
20062,2737,dens_1473791133383705310,427,Density,<Substance CC(C)CC(C)(C)C{solv}{x=0.735960}|CCO{solv}{x=0.264040}>,CC(C)CC(C)(C)C,CCO,openff-2.0.0,3,0.7167967954606905,0.0002001678896751,0.6967900000000001,7.500000000000002e-05
20063,2738,dhmix_1870637719976274804,428,EnthalpyOfMixing,<Substance CC(C)CC(C)(C)C{solv}{x=0.081500}|CCO{solv}{x=0.918500}>,CC(C)CC(C)(C)C,CCO,openff-2.0.0,3,0.3419020415126326,0.0380073785527632,0.197762,0.0022405
20064,2739,dens_202472488934755108,429,Density,<Substance CCC#N{solv}{x=0.301800}|CCOC(C)(C)C{solv}{x=0.698200}>,CCC#N,CCOC(C)(C)C,openff-2.0.0,3,0.7611893685125272,0.0001615500728466,0.7455000000000002,0.0002
20065,2740,dens_266175665931869051,430,Density,<Substance CCC#N{solv}{x=0.701400}|CCOC(C)(C)C{solv}{x=0.298600}>,CCC#N,CCOC(C)(C)C,openff-2.0.0,3,0.7708543037797055,0.0002422959033956,0.7617000000000003,0.00035
20066,2741,dhmix_801664072836508009,431,EnthalpyOfMixing,<Substance CCC#N{solv}{x=0.301800}|CCOC(C)(C)C{solv}{x=0.698200}>,CCC#N,CCOC(C)(C)C,openff-2.0.0,3,0.2018889004581012,0.0413032752345787,0.4557,0.0062
20067,2742,dhmix_1220778152018571786,432,EnthalpyOfMixing,<Substance CCC#N{solv}{x=0.501400}|CCOC(C)(C)C{solv}{x=0.498600}>,CCC#N,CCOC(C)(C)C,openff-2.0.0,3,0.2206554932582776,0.0423862983139626,0.5053,0.00685
20068,2743,dhmix_1838699488178562925,433,EnthalpyOfMixing,<Substance CCC#N{solv}{x=0.701400}|CCOC(C)(C)C{solv}{x=0.298600}>,CCC#N,CCOC(C)(C)C,openff-2.0.0,3,0.2183371926372501,0.0262846506806501,0.4078,0.0056
20069,2744,dens_1870081876609026392,434,Density,<Substance CCC#N{solv}{x=0.501400}|CCOC(C)(C)C{solv}{x=0.498600}>,CCC#N,CCOC(C)(C)C,openff-2.0.0,3,0.7659144437456742,0.0002513345640882,0.7532000000000002,0.0003
20070,2745,dens_205210513551931414,435,Density,<Substance CCCC#N{solv}{x=0.200000}|c1ccccc1{solv}{x=0.800000}>,CCCC#N,c1ccccc1,openff-2.0.0,3,0.8501274822064813,0.0002658230707515,0.8576940000000002,5.400000000000001e-05
20071,2746,dens_841576887891022329,436,Density,<Substance CCCC#N{solv}{x=0.500000}|c1ccccc1{solv}{x=0.500000}>,CCCC#N,c1ccccc1,openff-2.0.0,3,0.8265458551837448,0.000282246185146,0.8318550000000002,5.8000000000000014e-05
20072,2747,dhmix_901910638840590393,437,EnthalpyOfMixing,<Substance CCCC#N{solv}{x=0.503700}|c1ccccc1{solv}{x=0.496300}>,CCCC#N,c1ccccc1,openff-2.0.0,3,-0.1016644672777005,0.027176782380665,-0.0659,0.00145
20073,2748,dhmix_1123099162248680479,438,EnthalpyOfMixing,<Substance CCCC#N{solv}{x=0.752800}|c1ccccc1{solv}{x=0.247200}>,CCCC#N,c1ccccc1,openff-2.0.0,3,0.0519248868585719,0.0322709032827562,-0.0312,0.0008
20074,2749,dhmix_1318990508180847616,439,EnthalpyOfMixing,<Substance CCCC#N{solv}{x=0.252800}|c1ccccc1{solv}{x=0.747200}>,CCCC#N,c1ccccc1,openff-2.0.0,3,0.0248634744016698,0.0388109142863591,-0.0571,0.00125
20075,2750,dens_1950627772023797339,440,Density,<Substance CCCC#N{solv}{x=0.700000}|c1ccccc1{solv}{x=0.300000}>,CCCC#N,c1ccccc1,openff-2.0.0,3,0.8111449627948902,0.0002375712449487,0.8138540000000002,6.100000000000001e-05
20076,2751,dhmix_207411229673186667,441,EnthalpyOfMixing,<Substance CC(C)(C)Cl{solv}{x=0.774700}|CC(C)OC(C)C{solv}{x=0.225300}>,CC(C)(C)Cl,CC(C)OC(C)C,openff-2.0.0,3,-0.0611438150970968,0.0417358279610191,0.0035,0.0004
20077,2752,dhmix_263164663491745943,442,EnthalpyOfMixing,<Substance CC(C)(C)Cl{solv}{x=0.551200}|CC(C)OC(C)C{solv}{x=0.448800}>,CC(C)(C)Cl,CC(C)OC(C)C,openff-2.0.0,3,-0.1220333334807151,0.0419434224564265,0.0071,0.0004
20078,2753,dens_1527979990628499053,443,Density,<Substance CC(C)(C)Cl{solv}{x=0.514800}|CC(C)OC(C)C{solv}{x=0.485200}>,CC(C)(C)Cl,CC(C)OC(C)C,openff-2.0.0,3,0.7976108701898368,0.0002802691387421,0.7723510000000002,0.00042
20079,2754,dens_1616242241384486673,444,Density,<Substance CC(C)(C)Cl{solv}{x=0.715200}|CC(C)OC(C)C{solv}{x=0.284800}>,CC(C)(C)Cl,CC(C)OC(C)C,openff-2.0.0,3,0.8239749351212952,0.0002834186249378,0.7971450000000002,0.0003945
20080,2755,dens_2075469437997722238,445,Density,<Substance CC(C)(C)Cl{solv}{x=0.199100}|CC(C)OC(C)C{solv}{x=0.800900}>,CC(C)(C)Cl,CC(C)OC(C)C,openff-2.0.0,3,0.7610656702452996,0.0001797189221775,0.7376660000000003,0.0004545
20081,2756,dhmix_2101531043492089277,446,EnthalpyOfMixing,<Substance CC(C)(C)Cl{solv}{x=0.219200}|CC(C)OC(C)C{solv}{x=0.780800}>,CC(C)(C)Cl,CC(C)OC(C)C,openff-2.0.0,3,-0.0326031397846122,0.0464804873512152,0.007,0.0004
20082,2757,dens_210389881425986721,447,Density,<Substance C1COCO1{solv}{x=0.785000}|CCCCCC(C)=O{solv}{x=0.215000}>,C1COCO1,CCCCCC(C)=O,openff-2.0.0,3,0.9901879825029232,0.0002321908543399,0.9696500000000002,0.0003
20083,2758,dhmix_503329310014436107,448,EnthalpyOfMixing,<Substance C1COCO1{solv}{x=0.750000}|CCCCCC(C)=O{solv}{x=0.250000}>,C1COCO1,CCCCCC(C)=O,openff-2.0.0,3,0.5067195824370287,0.0415249627821338,0.37402,0.001955
20084,2759,dens_824084186033535550,449,Density,<Substance C1COCO1{solv}{x=0.507100}|CCCCCC(C)=O{solv}{x=0.492900}>,C1COCO1,CCCCCC(C)=O,openff-2.0.0,3,0.8977867310592069,0.0002405911407493,0.8936300000000003,0.00034
20085,2760,dens_839548343309182157,450,Density,<Substance C1COCO1{solv}{x=0.244000}|CCCCCC(C)=O{solv}{x=0.756000}>,C1COCO1,CCCCCC(C)=O,openff-2.0.0,3,0.8386447338152687,0.000223100043082,0.8445200000000002,0.00038
20086,2761,dhmix_1519451899562488304,451,EnthalpyOfMixing,<Substance C1COCO1{solv}{x=0.250000}|CCCCCC(C)=O{solv}{x=0.750000}>,C1COCO1,CCCCCC(C)=O,openff-2.0.0,3,0.2815981711466975,0.0490584078891494,0.2754,0.00155
20087,2762,dhmix_1874814461447958752,452,EnthalpyOfMixing,<Substance C1COCO1{solv}{x=0.500000}|CCCCCC(C)=O{solv}{x=0.500000}>,C1COCO1,CCCCCC(C)=O,openff-2.0.0,3,0.6159030980307705,0.0454602413452556,0.43148,0.00217
20088,2763,dhmix_219236717194413479,453,EnthalpyOfMixing,<Substance CCOc1ccccc1{solv}{x=0.762500}|OCCCc1ccccc1{solv}{x=0.237500}>,CCOc1ccccc1,OCCCc1ccccc1,openff-2.0.0,3,0.8535986846825381,0.0492547741448843,1.1164,0.01195
20089,2764,dens_391027492102555874,454,Density,<Substance CCOc1ccccc1{solv}{x=0.515000}|OCCCc1ccccc1{solv}{x=0.485000}>,CCOc1ccccc1,OCCCc1ccccc1,openff-2.0.0,3,0.969155265375468,0.0002049223030611,0.9715100000000002,0.00026
20090,2765,dens_603450583692592837,455,Density,<Substance CCOc1ccccc1{solv}{x=0.707400}|OCCCc1ccccc1{solv}{x=0.292600}>,CCOc1ccccc1,OCCCc1ccccc1,openff-2.0.0,3,0.9614586084302796,0.0002051694901117,0.9634300000000002,0.00026
20091,2766,dhmix_1297428070131435744,456,EnthalpyOfMixing,<Substance CCOc1ccccc1{solv}{x=0.516900}|OCCCc1ccccc1{solv}{x=0.483100}>,CCOc1ccccc1,OCCCc1ccccc1,openff-2.0.0,3,0.8569979558155012,0.046636845413788,0.989,0.0106
20092,2767,dens_1659818614169719187,457,Density,<Substance CCOc1ccccc1{solv}{x=0.216400}|OCCCc1ccccc1{solv}{x=0.783600}>,CCOc1ccccc1,OCCCc1ccccc1,openff-2.0.0,3,0.9802217195066434,0.0001961005009083,0.9832000000000004,0.00026
20093,2768,dhmix_2058966624473104004,458,EnthalpyOfMixing,<Substance CCOc1ccccc1{solv}{x=0.262900}|OCCCc1ccccc1{solv}{x=0.737100}>,CCOc1ccccc1,OCCCc1ccccc1,openff-2.0.0,3,0.6846564638873076,0.0511997508680042,0.7,0.00755
20094,2769,dhmix_224977805525763267,459,EnthalpyOfMixing,<Substance OCCO{solv}{x=0.519300}|O{solv}{x=0.480700}>,O,OCCO,openff-2.0.0,3,0.080245663508137,0.0281566270508837,-0.64,0.0035
20095,2770,dhmix_454389511592218960,460,EnthalpyOfMixing,<Substance OCCO{solv}{x=0.790900}|O{solv}{x=0.209100}>,O,OCCO,openff-2.0.0,3,-0.0641317833554353,0.0447533714866864,-0.347,0.0025
20096,2771,dens_624011570206871166,461,Density,<Substance OCCO{solv}{x=0.500560}|O{solv}{x=0.499440}>,O,OCCO,openff-2.0.0,3,1.0904086123289098,0.0003120706913161,1.0923200000000002,0.0005
20097,2772,dhmix_997365299263661959,462,EnthalpyOfMixing,<Substance OCCO{solv}{x=0.205100}|O{solv}{x=0.794900}>,O,OCCO,openff-2.0.0,3,0.1771307611048254,0.0228366104995786,-0.681,0.004
20098,2773,dens_1521229282261002740,463,Density,<Substance OCCO{solv}{x=0.299010}|O{solv}{x=0.700990}>,O,OCCO,openff-2.0.0,3,1.0651648812465204,1e-05,1.0735400000000002,0.0005
20099,2774,dens_2015496231826454735,464,Density,<Substance OCCO{solv}{x=0.706260}|O{solv}{x=0.293740}>,O,OCCO,openff-2.0.0,3,1.1058574092792746,0.0003022634364392,1.1022400000000003,0.0005
20100,2775,dhmix_230261418136264651,465,EnthalpyOfMixing,<Substance CCCCOC(C)=O{solv}{x=0.700700}|CCOC(C)=O{solv}{x=0.299300}>,CCCCOC(C)=O,CCOC(C)=O,openff-2.0.0,3,-0.0701521672950278,0.0461612078758393,0.0594,0.001
20101,2776,dhmix_287092636460772443,466,EnthalpyOfMixing,<Substance CCCCOC(C)=O{solv}{x=0.501800}|CCOC(C)=O{solv}{x=0.498200}>,CCCCOC(C)=O,CCOC(C)=O,openff-2.0.0,3,0.0728628903199748,0.0337005959539816,0.076,0.0012
20102,2777,dens_436289636626232396,467,Density,<Substance CCCCOC(C)=O{solv}{x=0.501800}|CCOC(C)=O{solv}{x=0.498200}>,CCCCOC(C)=O,CCOC(C)=O,openff-2.0.0,3,0.8906259642529708,0.0002485690167019,0.8829000000000002,0.0002
20103,2778,dens_1739528506032569134,468,Density,<Substance CCCCOC(C)=O{solv}{x=0.201200}|CCOC(C)=O{solv}{x=0.798800}>,CCCCOC(C)=O,CCOC(C)=O,openff-2.0.0,3,0.897394422073887,0.0002128171980197,0.8889000000000001,0.0002
20104,2779,dhmix_1951544232160779982,469,EnthalpyOfMixing,<Substance CCCCOC(C)=O{solv}{x=0.201200}|CCOC(C)=O{solv}{x=0.798800}>,CCCCOC(C)=O,CCOC(C)=O,openff-2.0.0,3,0.0316402263972328,0.0453195179083188,0.0524,0.0009
20105,2780,dens_2199004103648094822,470,Density,<Substance CCCCOC(C)=O{solv}{x=0.700700}|CCOC(C)=O{solv}{x=0.299300}>,CCCCOC(C)=O,CCOC(C)=O,openff-2.0.0,3,0.8871684903071628,0.0002327715184884,0.8797000000000003,0.0002
20106,2781,dens_230610561971140401,471,Density,<Substance CN(C)CCO{solv}{x=0.507700}|O{solv}{x=0.492300}>,CN(C)CCO,O,openff-2.0.0,3,0.9148371785464784,0.0002766375675,0.9237220000000002,0.000504
20107,2782,dens_531222131704065782,472,Density,<Substance CN(C)CCO{solv}{x=0.765200}|O{solv}{x=0.234800}>,CN(C)CCO,O,openff-2.0.0,3,0.8995457153508672,0.0003002357598719,0.8989030000000002,0.0005805
20108,2783,dhmix_569544738684419327,473,EnthalpyOfMixing,<Substance CN(C)CCO{solv}{x=0.536500}|O{solv}{x=0.463500}>,CN(C)CCO,O,openff-2.0.0,3,-1.8590466719396943,0.0356366450261878,-2.575,0.0525
20109,2784,dens_1319192913326669904,474,Density,<Substance CN(C)CCO{solv}{x=0.264330}|O{solv}{x=0.735670}>,CN(C)CCO,O,openff-2.0.0,3,0.9373539754432914,0.0003155440131379,0.9590000000000002,0.0029
20110,2785,dhmix_1669606825693628140,475,EnthalpyOfMixing,<Substance CN(C)CCO{solv}{x=0.205200}|O{solv}{x=0.794800}>,CN(C)CCO,O,openff-2.0.0,3,-1.2673981821989884,0.0247285182984353,-2.587,0.0525
20111,2786,dhmix_1723343163215510297,476,EnthalpyOfMixing,<Substance CN(C)CCO{solv}{x=0.799600}|O{solv}{x=0.200400}>,CN(C)CCO,O,openff-2.0.0,3,-1.0062948190056034,0.0442395661982741,-1.247,0.0255
20112,2787,dens_233554406241639981,477,Density,<Substance CC(C)CC(C)(C)C{solv}{x=0.200000}|CCCCOCCCC{solv}{x=0.800000}>,CC(C)CC(C)(C)C,CCCCOCCCC,openff-2.0.0,3,0.751190016686621,0.0002054567840097,0.7497500000000001,0.00017
20113,2788,dhmix_465541682585001245,478,EnthalpyOfMixing,<Substance CC(C)CC(C)(C)C{solv}{x=0.200400}|CCCCOCCCC{solv}{x=0.799600}>,CC(C)CC(C)(C)C,CCCCOCCCC,openff-2.0.0,3,0.103430112344597,0.0531531341499363,0.07397,0.00099
20114,2789,dhmix_1505777056782392294,479,EnthalpyOfMixing,<Substance CC(C)CC(C)(C)C{solv}{x=0.400400}|CCCCOCCCC{solv}{x=0.599600}>,CC(C)CC(C)(C)C,CCCCOCCCC,openff-2.0.0,3,0.3720161592472664,0.0498318003735294,0.11538,0.001385
20115,2790,dhmix_1595104467389948583,480,EnthalpyOfMixing,<Substance CC(C)CC(C)(C)C{solv}{x=0.700500}|CCCCOCCCC{solv}{x=0.299500}>,CC(C)CC(C)(C)C,CCCCOCCCC,openff-2.0.0,3,0.2396979617582246,0.0436403986736472,0.10948,0.00133
20116,2791,dens_1672861274914038509,481,Density,<Substance CC(C)CC(C)(C)C{solv}{x=0.399700}|CCCCOCCCC{solv}{x=0.600300}>,CC(C)CC(C)(C)C,CCCCOCCCC,openff-2.0.0,3,0.7407102545987228,0.000180840624444,0.7348100000000001,0.000175
20117,2792,dens_1954694146948787176,482,Density,<Substance CC(C)CC(C)(C)C{solv}{x=0.700000}|CCCCOCCCC{solv}{x=0.300000}>,CC(C)CC(C)(C)C,CCCCOCCCC,openff-2.0.0,3,0.725454606248515,0.0001871727180274,0.7117300000000002,0.000185
20118,2793,dens_234746850701826990,483,Density,<Substance CC#N{solv}{x=0.700000}|CCCCCO{solv}{x=0.300000}>,CC#N,CCCCCO,openff-2.0.0,3,0.7939589398526524,0.000244198433397,0.7924200000000001,0.000165
20119,2794,dens_1261543146081029601,484,Density,<Substance CC#N{solv}{x=0.500300}|CCCCCO{solv}{x=0.499700}>,CC#N,CCCCCO,openff-2.0.0,3,0.8005699656304248,0.0002253720981153,0.7996400000000001,0.000185
20120,2795,dens_1462197010819319813,485,Density,<Substance CC#N{solv}{x=0.203100}|CCCCCO{solv}{x=0.796900}>,CC#N,CCCCCO,openff-2.0.0,3,0.8086514487784953,0.0002432131680941,0.8090600000000001,0.00022
20121,2796,dhmix_1595997756227951615,486,EnthalpyOfMixing,<Substance CC#N{solv}{x=0.235500}|CCCCCO{solv}{x=0.764500}>,CC#N,CCCCCO,openff-2.0.0,3,1.3983547326267711,0.0310742626777236,1.451,0.006
20122,2797,dhmix_1745037615762894827,487,EnthalpyOfMixing,<Substance CC#N{solv}{x=0.516700}|CCCCCO{solv}{x=0.483300}>,CC#N,CCCCCO,openff-2.0.0,3,1.9577191423909284,0.0356132497324904,2.017,0.008
20123,2798,dhmix_2294048253872291609,488,EnthalpyOfMixing,<Substance CC#N{solv}{x=0.771100}|CCCCCO{solv}{x=0.228900}>,CC#N,CCCCCO,openff-2.0.0,3,1.5918951816764242,0.0309734631184279,1.656,0.007
20124,2799,dens_237912652331354824,489,Density,<Substance C1COCCO1{solv}{x=0.512200}|CCCC(C)=O{solv}{x=0.487800}>,C1COCCO1,CCCC(C)=O,openff-2.0.0,3,0.9015976245727226,0.000160425802827,0.90478,0.00023
20125,2800,dhmix_951401191616771155,490,EnthalpyOfMixing,<Substance C1COCCO1{solv}{x=0.750000}|CCCC(C)=O{solv}{x=0.250000}>,C1COCCO1,CCCC(C)=O,openff-2.0.0,3,0.3118498716173405,0.0461226784817597,0.23761,0.00135
20126,2801,dens_1815088975543208186,491,Density,<Substance C1COCCO1{solv}{x=0.225400}|CCCC(C)=O{solv}{x=0.774600}>,C1COCCO1,CCCC(C)=O,openff-2.0.0,3,0.8323342867733066,0.0001956890482924,0.8442800000000001,0.00022
20127,2802,dens_2079717107234551519,492,Density,<Substance C1COCCO1{solv}{x=0.782300}|CCCC(C)=O{solv}{x=0.217700}>,C1COCCO1,CCCC(C)=O,openff-2.0.0,3,0.9738193590403524,0.0002232776440529,0.9692000000000004,0.000245
20128,2803,dhmix_2166059870593139530,493,EnthalpyOfMixing,<Substance C1COCCO1{solv}{x=0.500000}|CCCC(C)=O{solv}{x=0.500000}>,C1COCCO1,CCCC(C)=O,openff-2.0.0,3,0.333918220418127,0.0395546666727711,0.26523,0.001455
20129,2804,dhmix_2196150660196365471,494,EnthalpyOfMixing,<Substance C1COCCO1{solv}{x=0.250000}|CCCC(C)=O{solv}{x=0.750000}>,C1COCCO1,CCCC(C)=O,openff-2.0.0,3,0.2475338521919354,0.0426829901770746,0.1704,0.001085
20130,2805,dhmix_243334109655928306,495,EnthalpyOfMixing,<Substance C1CCOCC1{solv}{x=0.783200}|c1ccccc1{solv}{x=0.216800}>,C1CCOCC1,c1ccccc1,openff-2.0.0,3,-0.0251890067883664,0.042645093476374,-0.1399,0.00165
20131,2806,dens_257753427541292519,496,Density,<Substance C1CCOCC1{solv}{x=0.479400}|c1ccccc1{solv}{x=0.520600}>,C1CCOCC1,c1ccccc1,openff-2.0.0,3,0.8721774678928043,0.0002514169861214,0.8778700000000003,0.000505
20132,2807,dhmix_604341867718608333,497,EnthalpyOfMixing,<Substance C1CCOCC1{solv}{x=0.242500}|c1ccccc1{solv}{x=0.757500}>,C1CCOCC1,c1ccccc1,openff-2.0.0,3,-0.0699602747745302,0.0391490995189615,-0.1608,0.00185
20133,2808,dens_791001710124267373,498,Density,<Substance C1CCOCC1{solv}{x=0.223900}|c1ccccc1{solv}{x=0.776100}>,C1CCOCC1,c1ccccc1,openff-2.0.0,3,0.8688929272742304,0.0002630447912524,0.8761000000000002,0.0005
20134,2809,dens_1402061243325720407,499,Density,<Substance C1CCOCC1{solv}{x=0.743200}|c1ccccc1{solv}{x=0.256800}>,C1CCOCC1,c1ccccc1,openff-2.0.0,3,0.8748790534259254,0.0002117748910756,0.8789500000000002,0.000505
20135,2810,dhmix_1407142629314355761,500,EnthalpyOfMixing,<Substance C1CCOCC1{solv}{x=0.498200}|c1ccccc1{solv}{x=0.501800}>,C1CCOCC1,c1ccccc1,openff-2.0.0,3,-0.1584415211117686,0.0406773113061926,-0.2365,0.00265
20136,2811,dhmix_266800455813556356,501,EnthalpyOfMixing,<Substance CO{solv}{x=0.727200}|OCc1ccccc1{solv}{x=0.272800}>,CO,OCc1ccccc1,openff-2.0.0,3,-0.0515855890321077,0.0268982640161264,-0.0792,0.001
20137,2812,dhmix_949671607207910651,502,EnthalpyOfMixing,<Substance CO{solv}{x=0.500500}|OCc1ccccc1{solv}{x=0.499500}>,CO,OCc1ccccc1,openff-2.0.0,3,-0.0565362712468413,0.0367022222156519,-0.1408,0.00165
20138,2813,dhmix_1388744759732522219,503,EnthalpyOfMixing,<Substance CO{solv}{x=0.200200}|OCc1ccccc1{solv}{x=0.799800}>,CO,OCc1ccccc1,openff-2.0.0,3,-0.15755691779718,0.0390768658010035,-0.1081,0.0013
20139,2814,dens_270046772857960816,504,Density,<Substance C1CCOCC1{solv}{x=0.732100}|Cc1ccccc1{solv}{x=0.267900}>,C1CCOCC1,Cc1ccccc1,openff-2.0.0,3,0.8707390834876906,0.0002217892246632,0.8754100000000001,0.000505
20140,2815,dens_324774743687652276,505,Density,<Substance C1CCOCC1{solv}{x=0.238700}|Cc1ccccc1{solv}{x=0.761300}>,C1CCOCC1,Cc1ccccc1,openff-2.0.0,3,0.8593499544331406,0.0002643287564754,0.8669900000000003,0.000505
20141,2816,dhmix_390107187187002597,506,EnthalpyOfMixing,<Substance C1CCOCC1{solv}{x=0.531900}|Cc1ccccc1{solv}{x=0.468100}>,C1CCOCC1,Cc1ccccc1,openff-2.0.0,3,-0.1394754336424171,0.0448403392783558,-0.2225,0.0025
20142,2817,dhmix_1070320975529400325,507,EnthalpyOfMixing,<Substance C1CCOCC1{solv}{x=0.280600}|Cc1ccccc1{solv}{x=0.719400}>,C1CCOCC1,Cc1ccccc1,openff-2.0.0,3,-0.0360056036087712,0.0406526975296282,-0.1687,0.00195
20143,2818,dens_1397318239527979287,508,Density,<Substance C1CCOCC1{solv}{x=0.491500}|Cc1ccccc1{solv}{x=0.508500}>,C1CCOCC1,Cc1ccccc1,openff-2.0.0,3,0.8656276817096493,0.000237216385849,0.8715100000000002,0.000505
20144,2819,dhmix_1508130989501940613,509,EnthalpyOfMixing,<Substance C1CCOCC1{solv}{x=0.741300}|Cc1ccccc1{solv}{x=0.258700}>,C1CCOCC1,Cc1ccccc1,openff-2.0.0,3,-0.0884298108388179,0.0451559316702336,-0.1629,0.0019
20145,2820,dhmix_271732469428717581,510,EnthalpyOfMixing,<Substance COc1ccccc1{solv}{x=0.237400}|OCCCc1ccccc1{solv}{x=0.762600}>,COc1ccccc1,OCCCc1ccccc1,openff-2.0.0,3,0.4477822543917114,0.0458435215669024,0.6076,0.0066
20146,2821,dhmix_1174392275991455181,511,EnthalpyOfMixing,<Substance COc1ccccc1{solv}{x=0.554700}|OCCCc1ccccc1{solv}{x=0.445300}>,COc1ccccc1,OCCCc1ccccc1,openff-2.0.0,3,0.9557284691155984,0.044097722920907,1.0293,0.01105
20147,2822,dhmix_1179341622676685107,512,EnthalpyOfMixing,<Substance COc1ccccc1{solv}{x=0.713600}|OCCCc1ccccc1{solv}{x=0.286400}>,COc1ccccc1,OCCCc1ccccc1,openff-2.0.0,3,0.8789422950949302,0.0466735162769478,1.1088,0.0119
20148,2823,dens_1468428612899754720,513,Density,<Substance COc1ccccc1{solv}{x=0.747700}|OCCCc1ccccc1{solv}{x=0.252300}>,COc1ccccc1,OCCCc1ccccc1,openff-2.0.0,3,0.977065653860925,0.0002078802714411,0.9827800000000002,0.00026
20149,2824,dens_1534619098234859574,514,Density,<Substance COc1ccccc1{solv}{x=0.555100}|OCCCc1ccccc1{solv}{x=0.444900}>,COc1ccccc1,OCCCc1ccccc1,openff-2.0.0,3,0.980735307103577,0.0001921360262989,0.9852700000000002,0.00026
20150,2825,dens_2298154173340539222,515,Density,<Substance COc1ccccc1{solv}{x=0.263600}|OCCCc1ccccc1{solv}{x=0.736400}>,COc1ccccc1,OCCCc1ccccc1,openff-2.0.0,3,0.9851127205451548,0.000271248716361,0.9885500000000002,0.00026
20151,2826,dens_274848672468745759,516,Density,<Substance CCCCOC(C)=O{solv}{x=0.293400}|c1ccccc1{solv}{x=0.706600}>,CCCCOC(C)=O,c1ccccc1,openff-2.0.0,3,0.8716666891511637,0.0002478873534639,0.8736600000000002,0.00021
20152,2827,dens_493354132810710227,517,Density,<Substance CCCCOC(C)=O{solv}{x=0.710500}|c1ccccc1{solv}{x=0.289500}>,CCCCOC(C)=O,c1ccccc1,openff-2.0.0,3,0.8784718065331848,0.0002000684523343,0.8751500000000002,0.000335
20153,2828,dhmix_754807126845437364,518,EnthalpyOfMixing,<Substance CCCCOC(C)=O{solv}{x=0.495800}|c1ccccc1{solv}{x=0.504200}>,CCCCOC(C)=O,c1ccccc1,openff-2.0.0,3,-0.0645626859299426,0.0418599621987496,-0.0245,0.001
20154,2829,dens_834118541551127044,519,Density,<Substance CCCCOC(C)=O{solv}{x=0.504400}|c1ccccc1{solv}{x=0.495600}>,CCCCOC(C)=O,c1ccccc1,openff-2.0.0,3,0.8749812148551654,0.0002571146892333,0.8744300000000002,0.000265
20155,2830,dhmix_1349932525480083284,520,EnthalpyOfMixing,<Substance CCCCOC(C)=O{solv}{x=0.252300}|c1ccccc1{solv}{x=0.747700}>,CCCCOC(C)=O,c1ccccc1,openff-2.0.0,3,-0.0382554662483443,0.0422433214149611,-0.014,0.0009
20156,2831,dhmix_1597992980658352112,521,EnthalpyOfMixing,<Substance CCCCOC(C)=O{solv}{x=0.771400}|c1ccccc1{solv}{x=0.228600}>,CCCCOC(C)=O,c1ccccc1,openff-2.0.0,3,-0.068763564978667,0.0487120198233272,-0.0245,0.001
20157,2832,dens_275501958869207518,522,Density,<Substance C1CCOCC1{solv}{x=0.226300}|Cc1ccccc1Cl{solv}{x=0.773700}>,C1CCOCC1,Cc1ccccc1Cl,openff-2.0.0,3,1.040147426148336,0.0002622329035095,1.0396,0.0005
20158,2833,dhmix_818597523255588519,523,EnthalpyOfMixing,<Substance C1CCOCC1{solv}{x=0.753300}|Cc1ccccc1Cl{solv}{x=0.246700}>,C1CCOCC1,Cc1ccccc1Cl,openff-2.0.0,3,-0.2193930277917672,0.0423451360101022,-0.154,0.001
20159,2834,dhmix_849121557716978550,524,EnthalpyOfMixing,<Substance C1CCOCC1{solv}{x=0.517500}|Cc1ccccc1Cl{solv}{x=0.482500}>,C1CCOCC1,Cc1ccccc1Cl,openff-2.0.0,3,-0.178702182600773,0.0399246780886965,-0.22,0.0015
20160,2835,dens_946978292781731327,525,Density,<Substance C1CCOCC1{solv}{x=0.478400}|Cc1ccccc1Cl{solv}{x=0.521600}>,C1CCOCC1,Cc1ccccc1Cl,openff-2.0.0,3,0.9929114453158532,0.0002440377515614,0.9931600000000002,0.00051
20161,2836,dhmix_997266220336132741,526,EnthalpyOfMixing,<Substance C1CCOCC1{solv}{x=0.263200}|Cc1ccccc1Cl{solv}{x=0.736800}>,C1CCOCC1,Cc1ccccc1Cl,openff-2.0.0,3,-0.2764240644133906,0.0429102492777085,-0.175,0.001
20162,2837,dens_1191185394819541532,527,Density,<Substance C1CCOCC1{solv}{x=0.765800}|Cc1ccccc1Cl{solv}{x=0.234200}>,C1CCOCC1,Cc1ccccc1Cl,openff-2.0.0,3,0.9320970369666868,0.000242969429863,0.9336500000000002,0.000505
20163,2838,dhmix_278334692660393021,528,EnthalpyOfMixing,<Substance CCCCCCC{solv}{x=0.205900}|CNc1ccccc1{solv}{x=0.794100}>,CCCCCCC,CNc1ccccc1,openff-2.0.0,3,1.5660110479956302,0.0522215428836815,1.126,0.012
20164,2839,dens_480658478095207102,529,Density,<Substance CCCCCCC{solv}{x=0.740500}|CNc1ccccc1{solv}{x=0.259500}>,CCCCCCC,CNc1ccccc1,openff-2.0.0,3,0.7355320407742246,0.0002005959811242,0.7424910000000001,0.00014
20165,2840,dhmix_898293423987680187,530,EnthalpyOfMixing,<Substance CCCCCCC{solv}{x=0.501700}|CNc1ccccc1{solv}{x=0.498300}>,CCCCCCC,CNc1ccccc1,openff-2.0.0,3,2.167780691566236,0.0515715531562929,1.676,0.018
20166,2841,dens_1509968737377061562,531,Density,<Substance CCCCCCC{solv}{x=0.250900}|CNc1ccccc1{solv}{x=0.749100}>,CCCCCCC,CNc1ccccc1,openff-2.0.0,3,0.8919932425908235,0.0002712557915387,0.8897150000000003,0.0002615
20167,2842,dhmix_1680546488782143957,532,EnthalpyOfMixing,<Substance CCCCCCC{solv}{x=0.703200}|CNc1ccccc1{solv}{x=0.296800}>,CCCCCCC,CNc1ccccc1,openff-2.0.0,3,1.946126144156949,0.0521983873562384,1.539,0.0165
20168,2843,dens_2074014246120135820,533,Density,<Substance CCCCCCC{solv}{x=0.497000}|CNc1ccccc1{solv}{x=0.503000}>,CCCCCCC,CNc1ccccc1,openff-2.0.0,3,0.8070211161287059,0.0002041109974597,0.8106920000000002,0.0001785
20169,2844,dens_296890921001565391,534,Density,<Substance CCCCN{solv}{x=0.755200}|CN(C)C=O{solv}{x=0.244800}>,CCCCN,CN(C)C=O,openff-2.0.0,3,0.787866391159249,0.0002504875007873,0.7762150000000002,0.000949
20170,2845,dens_380536870617309130,535,Density,<Substance CCCCN{solv}{x=0.242800}|CN(C)C=O{solv}{x=0.757200}>,CCCCN,CN(C)C=O,openff-2.0.0,3,0.8787522379698562,0.0001795063853762,0.8845160000000002,0.0010795
20171,2846,dhmix_493117160214491795,536,EnthalpyOfMixing,<Substance CCCCN{solv}{x=0.244100}|CN(C)C=O{solv}{x=0.755900}>,CCCCN,CN(C)C=O,openff-2.0.0,3,0.0257697464890327,0.0391174818334595,0.245,0.008
20172,2847,dhmix_789225002934078019,537,EnthalpyOfMixing,<Substance CCCCN{solv}{x=0.750200}|CN(C)C=O{solv}{x=0.249800}>,CCCCN,CN(C)C=O,openff-2.0.0,3,0.1786733604501478,0.0424440520428539,0.32,0.01
20173,2848,dhmix_941321571782058819,538,EnthalpyOfMixing,<Substance CCCCN{solv}{x=0.499200}|CN(C)C=O{solv}{x=0.500800}>,CCCCN,CN(C)C=O,openff-2.0.0,3,0.0356777053852397,0.0434114138917095,0.384,0.0115
20174,2849,dens_2179361372918836941,539,Density,<Substance CCCCN{solv}{x=0.497200}|CN(C)C=O{solv}{x=0.502800}>,CCCCN,CN(C)C=O,openff-2.0.0,3,0.832726261303919,0.0001669397682853,0.8277360000000001,0.001011
20175,2850,dens_300257448272323407,540,Density,<Substance CC(C)O{solv}{x=0.745200}|NCCN{solv}{x=0.254800}>,CC(C)O,NCCN,openff-2.0.0,3,0.8508819750872197,0.0002493874447929,0.8163970000000003,0.0002325
20176,2851,dens_924750366683277351,541,Density,<Substance CC(C)O{solv}{x=0.203100}|NCCN{solv}{x=0.796900}>,CC(C)O,NCCN,openff-2.0.0,3,0.970653064540258,0.0002645873648481,0.8736620000000003,0.0002225
20177,2852,dens_2284409308160572308,542,Density,<Substance CC(C)O{solv}{x=0.489100}|NCCN{solv}{x=0.510900}>,CC(C)O,NCCN,openff-2.0.0,3,0.9043397648614202,0.0002923981110881,0.8449250000000001,0.0002245
20178,2853,dens_305501840068636812,543,Density,<Substance CC(C)=O{solv}{x=0.750000}|CCO{solv}{x=0.250000}>,CC(C)=O,CCO,openff-2.0.0,3,0.7711451458527722,1e-05,0.7859000000000002,0.000115
20179,2854,dens_472577738907297293,544,Density,<Substance CC(C)=O{solv}{x=0.250000}|CCO{solv}{x=0.750000}>,CC(C)=O,CCO,openff-2.0.0,3,0.7805295200950974,1e-05,0.7861600000000002,0.000115
20180,2855,dens_2271083741716457850,545,Density,<Substance CC(C)=O{solv}{x=0.499900}|CCO{solv}{x=0.500100}>,CC(C)=O,CCO,openff-2.0.0,3,0.7757631340611367,1e-05,0.7861900000000003,0.000115
20181,2856,dens_307445163336341047,546,Density,<Substance CN1CCCC1=O{solv}{x=0.703700}|ClCCCl{solv}{x=0.296300}>,CN1CCCC1=O,ClCCCl,openff-2.0.0,3,1.0697133904824143,0.0002563637377254,1.0851000000000002,0.0002
20182,2857,dhmix_453866769634566853,547,EnthalpyOfMixing,<Substance CN1CCCC1=O{solv}{x=0.253100}|ClCCCl{solv}{x=0.746900}>,CN1CCCC1=O,ClCCCl,openff-2.0.0,3,-0.4120154444849504,0.0348887344932749,-0.8118,0.01525
20183,2858,dhmix_536206650470008584,548,EnthalpyOfMixing,<Substance CN1CCCC1=O{solv}{x=0.500000}|ClCCCl{solv}{x=0.500000}>,CN1CCCC1=O,ClCCCl,openff-2.0.0,3,-0.5360663494547708,0.0372887139574909,-1.264,0.0055
20184,2859,dens_1046625605566999080,549,Density,<Substance CN1CCCC1=O{solv}{x=0.202500}|ClCCCl{solv}{x=0.797500}>,CN1CCCC1=O,ClCCCl,openff-2.0.0,3,1.180759704394837,0.000371150262708,1.1953000000000005,0.00025
20185,2860,dhmix_1620571823529677157,550,EnthalpyOfMixing,<Substance CN1CCCC1=O{solv}{x=0.736700}|ClCCCl{solv}{x=0.263300}>,CN1CCCC1=O,ClCCCl,openff-2.0.0,3,-0.3815529460486857,0.0416212270610597,-0.8587,0.01605
20186,2861,dens_2059567022041766694,551,Density,<Substance CN1CCCC1=O{solv}{x=0.497500}|ClCCCl{solv}{x=0.502500}>,CN1CCCC1=O,ClCCCl,openff-2.0.0,3,1.1158978089007083,0.000318490050671,1.1283000000000003,0.0002
20187,2862,dens_313234519309892479,552,Density,<Substance CC(=O)N(C)C{solv}{x=0.293800}|CCCCCCCCCl{solv}{x=0.706200}>,CC(=O)N(C)C,CCCCCCCCCl,openff-2.0.0,3,0.8721450441420417,0.0001668265052728,0.8796000000000003,0.00045
20188,2863,dhmix_444785917463403590,553,EnthalpyOfMixing,<Substance CC(=O)N(C)C{solv}{x=0.703000}|CCCCCCCCCl{solv}{x=0.297000}>,CC(=O)N(C)C,CCCCCCCCCl,openff-2.0.0,3,0.9813532603046866,0.0465239840155624,0.751,0.004
20189,2864,dhmix_705168937124106402,554,EnthalpyOfMixing,<Substance CC(=O)N(C)C{solv}{x=0.215000}|CCCCCCCCCl{solv}{x=0.785000}>,CC(=O)N(C)C,CCCCCCCCCl,openff-2.0.0,3,0.6745102000024019,0.0517539476151792,0.519,0.0035
20190,2865,dens_1549584991651515376,555,Density,<Substance CC(=O)N(C)C{solv}{x=0.502200}|CCCCCCCCCl{solv}{x=0.497800}>,CC(=O)N(C)C,CCCCCCCCCl,openff-2.0.0,3,0.8780468470818533,0.0002154661566704,0.8902000000000002,0.0004
20191,2866,dhmix_1732161251827083272,556,EnthalpyOfMixing,<Substance CC(=O)N(C)C{solv}{x=0.508000}|CCCCCCCCCl{solv}{x=0.492000}>,CC(=O)N(C)C,CCCCCCCCCl,openff-2.0.0,3,1.0238017973592548,0.048549631913277,0.829,0.004
20192,2867,dens_2189889607118243828,557,Density,<Substance CC(=O)N(C)C{solv}{x=0.700500}|CCCCCCCCCl{solv}{x=0.299500}>,CC(=O)N(C)C,CCCCCCCCCl,openff-2.0.0,3,0.8857840125062089,0.000213231437185,0.9041000000000002,0.00035
20193,2868,dens_314482396827660717,558,Density,<Substance BrCCBr{solv}{x=0.753700}|COC(C)=O{solv}{x=0.246300}>,BrCCBr,COC(C)=O,openff-2.0.0,3,1.8469502423640611,0.0005988007055832,1.8774400000000004,0.003355
20194,2869,dens_344993892965738820,559,Density,<Substance BrCCBr{solv}{x=0.275200}|COC(C)=O{solv}{x=0.724800}>,BrCCBr,COC(C)=O,openff-2.0.0,3,1.286586638457228,0.0004666078779178,1.2862400000000005,0.001125
20195,2870,dhmix_545996968666061076,560,EnthalpyOfMixing,<Substance BrCCBr{solv}{x=0.720900}|COC(C)=O{solv}{x=0.279100}>,BrCCBr,COC(C)=O,openff-2.0.0,3,-0.1200034522005069,0.0352173722288086,0.2594,0.0028
20196,2871,dens_714044009336077786,561,Density,<Substance BrCCBr{solv}{x=0.512100}|COC(C)=O{solv}{x=0.487900}>,BrCCBr,COC(C)=O,openff-2.0.0,3,1.571978187625645,0.0004762717198317,1.5834900000000005,0.0021
20197,2872,dhmix_1222511035002547253,562,EnthalpyOfMixing,<Substance BrCCBr{solv}{x=0.485500}|COC(C)=O{solv}{x=0.514500}>,BrCCBr,COC(C)=O,openff-2.0.0,3,-0.1535065241359454,0.0302550639813619,0.2577,0.00275
20198,2873,dhmix_1418101673429653456,563,EnthalpyOfMixing,<Substance BrCCBr{solv}{x=0.250800}|COC(C)=O{solv}{x=0.749200}>,BrCCBr,COC(C)=O,openff-2.0.0,3,-0.0237657720776289,0.0355577758829605,0.1202,0.0017
20199,2874,dens_314934747194338330,564,Density,<Substance CC(C)CCl{solv}{x=0.513700}|CC(C)OC(C)C{solv}{x=0.486300}>,CC(C)CCl,CC(C)OC(C)C,openff-2.0.0,3,0.799305609000884,0.0002731663808936,0.7878250000000002,0.000405
20200,2875,dhmix_355399496844187096,565,EnthalpyOfMixing,<Substance CC(C)CCl{solv}{x=0.545300}|CC(C)OC(C)C{solv}{x=0.454700}>,CC(C)CCl,CC(C)OC(C)C,openff-2.0.0,3,-0.1214196330344066,0.0423131684214299,-0.0957,0.0012
20201,2876,dens_688062365117407068,566,Density,<Substance CC(C)CCl{solv}{x=0.805900}|CC(C)OC(C)C{solv}{x=0.194100}>,CC(C)CCl,CC(C)OC(C)C,openff-2.0.0,3,0.8388125740781067,0.0003009618313833,0.8355300000000002,0.0003555
20202,2877,dhmix_1411881046585885461,567,EnthalpyOfMixing,<Substance CC(C)CCl{solv}{x=0.090700}|CC(C)OC(C)C{solv}{x=0.909300}>,CC(C)CCl,CC(C)OC(C)C,openff-2.0.0,3,-0.0995104108839939,0.0478270499802531,-0.0302,0.00055
20203,2878,dens_1762455266351712367,568,Density,<Substance CC(C)CCl{solv}{x=0.091000}|CC(C)OC(C)C{solv}{x=0.909000}>,CC(C)CCl,CC(C)OC(C)C,openff-2.0.0,3,0.750009172681355,0.0002321079180569,0.7293950000000001,0.000464
20204,2879,dhmix_2302865667781063708,569,EnthalpyOfMixing,<Substance CC(C)CCl{solv}{x=0.727000}|CC(C)OC(C)C{solv}{x=0.273000}>,CC(C)CCl,CC(C)OC(C)C,openff-2.0.0,3,-0.1117515904685433,0.0336970771939989,-0.0791,0.001
20205,2880,dens_321327254341950207,570,Density,<Substance C1COCCO1{solv}{x=0.780300}|CCCCCC(C)=O{solv}{x=0.219700}>,C1COCCO1,CCCCCC(C)=O,openff-2.0.0,3,0.9627801598599198,0.0002435511214535,0.9576500000000002,0.0003
20206,2881,dens_377701756930918353,571,Density,<Substance C1COCCO1{solv}{x=0.500600}|CCCCCC(C)=O{solv}{x=0.499400}>,C1COCCO1,CCCCCC(C)=O,openff-2.0.0,3,0.8889177092594299,0.0002196539467493,0.8916700000000002,0.000345
20207,2882,dhmix_600625644134907580,572,EnthalpyOfMixing,<Substance C1COCCO1{solv}{x=0.500000}|CCCCCC(C)=O{solv}{x=0.500000}>,C1COCCO1,CCCCCC(C)=O,openff-2.0.0,3,0.6118795956709278,0.0437855037251204,0.4509,0.002255
20208,2883,dens_1451069448215305244,573,Density,<Substance C1COCCO1{solv}{x=0.220300}|CCCCCC(C)=O{solv}{x=0.779700}>,C1COCCO1,CCCCCC(C)=O,openff-2.0.0,3,0.833478224143112,0.0002128964495773,0.8420800000000003,0.000385
20209,2884,dhmix_2028813035406256788,574,EnthalpyOfMixing,<Substance C1COCCO1{solv}{x=0.750000}|CCCCCC(C)=O{solv}{x=0.250000}>,C1COCCO1,CCCCCC(C)=O,openff-2.0.0,3,0.5969763371124657,0.0417949302238487,0.4064,0.00209
20210,2885,dhmix_2222211577832383320,575,EnthalpyOfMixing,<Substance C1COCCO1{solv}{x=0.250000}|CCCCCC(C)=O{solv}{x=0.750000}>,C1COCCO1,CCCCCC(C)=O,openff-2.0.0,3,0.351775716772579,0.0477492482013424,0.2911,0.00164
20211,2886,dhmix_325212618372456630,576,EnthalpyOfMixing,<Substance CCCCCCC{solv}{x=0.500000}|c1ccccc1{solv}{x=0.500000}>,CCCCCCC,c1ccccc1,openff-2.0.0,3,1.192849124593181,0.0438813039870801,0.9235,0.0051
20212,2887,dhmix_409350268177199962,577,EnthalpyOfMixing,<Substance CCCCCCC{solv}{x=0.751900}|c1ccccc1{solv}{x=0.248100}>,CCCCCCC,c1ccccc1,openff-2.0.0,3,0.7549061058434177,0.0498823776946834,0.6047,0.0035
20213,2888,dens_1685942387769177799,578,Density,<Substance CCCCCCC{solv}{x=0.913667}|c1ccccc1{solv}{x=0.086333}>,CCCCCCC,c1ccccc1,openff-2.0.0,3,0.679975123572249,0.0002070534928963,0.6892400000000002,0.000805
20214,2889,dens_2148382258223830900,579,Density,<Substance CCCCCCC{solv}{x=0.273700}|c1ccccc1{solv}{x=0.726300}>,CCCCCCC,c1ccccc1,openff-2.0.0,3,0.7741875134106599,0.0002795223342334,0.7855000000000002,0.00015
20215,2890,dens_2219829254239605828,580,Density,<Substance CCCCCCC{solv}{x=0.492200}|c1ccccc1{solv}{x=0.507800}>,CCCCCCC,c1ccccc1,openff-2.0.0,3,0.7294178980516697,0.000221318060005,0.7409000000000001,0.00015
20216,2891,dhmix_2296565820723783732,581,EnthalpyOfMixing,<Substance CCCCCCC{solv}{x=0.242400}|c1ccccc1{solv}{x=0.757600}>,CCCCCCC,c1ccccc1,openff-2.0.0,3,0.9928301085440694,0.0366786383313032,0.7775,0.0044
20217,2892,dens_326446104630354701,582,Density,<Substance BrCCBr{solv}{x=0.728600}|CCC(=O)OC{solv}{x=0.271400}>,BrCCBr,CCC(=O)OC,openff-2.0.0,3,1.7666335979261747,0.0005666425567352,1.7949900000000003,0.00303
20218,2893,dens_886315086380393150,583,Density,<Substance BrCCBr{solv}{x=0.494400}|CCC(=O)OC{solv}{x=0.505600}>,BrCCBr,CCC(=O)OC,openff-2.0.0,3,1.478725297788384,0.0005224525208899,1.4941800000000005,0.001825
20219,2894,dhmix_1410129135672303476,584,EnthalpyOfMixing,<Substance BrCCBr{solv}{x=0.491400}|CCC(=O)OC{solv}{x=0.508600}>,BrCCBr,CCC(=O)OC,openff-2.0.0,3,-0.3540610086712945,0.0355629643443305,0.0195,0.00185
20220,2895,dhmix_1551714230583118668,585,EnthalpyOfMixing,<Substance BrCCBr{solv}{x=0.755400}|CCC(=O)OC{solv}{x=0.244600}>,BrCCBr,CCC(=O)OC,openff-2.0.0,3,-0.2883126465913292,0.0377963406736092,0.09,0.00295
20221,2896,dhmix_1596310059176209101,586,EnthalpyOfMixing,<Substance BrCCBr{solv}{x=0.214800}|CCC(=O)OC{solv}{x=0.785200}>,BrCCBr,CCC(=O)OC,openff-2.0.0,3,-0.2182337099912814,0.0420101075024796,-0.0281,0.002
20222,2897,dens_1860027304017736150,587,Density,<Substance BrCCBr{solv}{x=0.257000}|CCC(=O)OC{solv}{x=0.743000}>,BrCCBr,CCC(=O)OC,openff-2.0.0,3,1.19925161640351,0.0003539839568705,1.2059400000000002,0.000915
20223,2898,dhmix_334328961632702336,588,EnthalpyOfMixing,<Substance Cc1ccccc1N{solv}{x=0.492600}|Cc1cccnc1{solv}{x=0.507400}>,Cc1ccccc1N,Cc1cccnc1,openff-2.0.0,3,-1.4278716732046917,0.045791127309663,-1.4091,0.0287
20224,2899,dhmix_382843935535082222,589,EnthalpyOfMixing,<Substance Cc1ccccc1N{solv}{x=0.232300}|Cc1cccnc1{solv}{x=0.767700}>,Cc1ccccc1N,Cc1cccnc1,openff-2.0.0,3,-1.1202132567041474,0.0442985106730738,-1.1196,0.02285
20225,2900,dens_890019852111400701,590,Density,<Substance Cc1ccccc1N{solv}{x=0.533600}|Cc1cccnc1{solv}{x=0.466400}>,Cc1ccccc1N,Cc1cccnc1,openff-2.0.0,3,0.9942386733701896,0.0001998532900078,0.9795770000000004,0.0001185
20226,2901,dens_1033313642915027277,591,Density,<Substance Cc1ccccc1N{solv}{x=0.737200}|Cc1cccnc1{solv}{x=0.262800}>,Cc1ccccc1N,Cc1cccnc1,openff-2.0.0,3,1.007161095324934,0.0002824546894126,0.9867010000000004,0.000118
20227,2902,dhmix_1057104304179164775,592,EnthalpyOfMixing,<Substance Cc1ccccc1N{solv}{x=0.778900}|Cc1cccnc1{solv}{x=0.221100}>,Cc1ccccc1N,Cc1cccnc1,openff-2.0.0,3,-0.9616236556462354,0.0465127225574156,-0.8735,0.01785
20228,2903,dens_1445313714023685702,593,Density,<Substance Cc1ccccc1N{solv}{x=0.246700}|Cc1cccnc1{solv}{x=0.753300}>,Cc1ccccc1N,Cc1cccnc1,openff-2.0.0,3,0.972487612698848,0.0002309104773717,0.9668750000000004,0.00012
20229,2904,dens_335631113096608920,594,Density,<Substance CCC(C)=O{solv}{x=0.501800}|CCCCNCCCC{solv}{x=0.498200}>,CCC(C)=O,CCCCNCCCC,openff-2.0.0,3,0.7630005881118566,0.0002258303268461,0.7693960000000002,9.950000000000003e-05
20230,2905,dhmix_551451232292287572,595,EnthalpyOfMixing,<Substance CCC(C)=O{solv}{x=0.215400}|CCCCNCCCC{solv}{x=0.784600}>,CCC(C)=O,CCCCNCCCC,openff-2.0.0,3,0.2452266925247954,0.0458938674737752,0.417,0.0045
20231,2906,dens_800787154192710377,596,Density,<Substance CCC(C)=O{solv}{x=0.260300}|CCCCNCCCC{solv}{x=0.739700}>,CCC(C)=O,CCCCNCCCC,openff-2.0.0,3,0.75929871530685,0.0002027540578648,0.7614750000000002,0.0001005
20232,2907,dhmix_1210431916849512476,597,EnthalpyOfMixing,<Substance CCC(C)=O{solv}{x=0.504400}|CCCCNCCCC{solv}{x=0.495600}>,CCC(C)=O,CCCCNCCCC,openff-2.0.0,3,0.231511931002899,0.036089517904587,0.619,0.0065
20233,2908,dhmix_1503682496766473076,598,EnthalpyOfMixing,<Substance CCC(C)=O{solv}{x=0.792200}|CCCCNCCCC{solv}{x=0.207800}>,CCC(C)=O,CCCCNCCCC,openff-2.0.0,3,0.1256539755547123,0.0416350558290751,0.425,0.0045
20234,2909,dens_2232561341275312196,599,Density,<Substance CCC(C)=O{solv}{x=0.747300}|CCCCNCCCC{solv}{x=0.252700}>,CCC(C)=O,CCCCNCCCC,openff-2.0.0,3,0.7685184728913819,0.0002376237102926,0.7810500000000001,9.750000000000004e-05
20235,2910,dhmix_335934546122425398,600,EnthalpyOfMixing,<Substance C1CCOCC1{solv}{x=0.550000}|O=C1CCCC1{solv}{x=0.450000}>,C1CCOCC1,O=C1CCCC1,openff-2.0.0,3,0.0579615253225256,0.0383473272944496,0.15813,0.001
20236,2911,dhmix_337659115721770978,601,EnthalpyOfMixing,<Substance C1CCOCC1{solv}{x=0.250000}|O=C1CCCC1{solv}{x=0.750000}>,C1CCOCC1,O=C1CCCC1,openff-2.0.0,3,0.0960558051960731,0.0402188565532919,0.11325,0.00084
20237,2912,dens_579415285212890284,602,Density,<Substance C1CCOCC1{solv}{x=0.708000}|O=C1CCCC1{solv}{x=0.292000}>,C1CCOCC1,O=C1CCCC1,openff-2.0.0,3,0.8878507723644576,0.0002311611291628,0.8972200000000002,0.00023
20238,2913,dens_788777315764582180,603,Density,<Substance C1CCOCC1{solv}{x=0.549800}|O=C1CCCC1{solv}{x=0.450200}>,C1CCOCC1,O=C1CCCC1,openff-2.0.0,3,0.8948066839936839,0.0002229084376319,0.9073000000000002,0.000235
20239,2914,dens_1539654406736576807,604,Density,<Substance C1CCOCC1{solv}{x=0.235400}|O=C1CCCC1{solv}{x=0.764600}>,C1CCOCC1,O=C1CCCC1,openff-2.0.0,3,0.9069789790598752,0.0002513427762623,0.9281000000000004,0.00024
20240,2915,dhmix_1706969020375394315,605,EnthalpyOfMixing,<Substance C1CCOCC1{solv}{x=0.750000}|O=C1CCCC1{solv}{x=0.250000}>,C1CCOCC1,O=C1CCCC1,openff-2.0.0,3,0.0123113156695637,0.0401022546555218,0.12811,0.000895
20241,2916,dens_337077748334497354,606,Density,<Substance CN1CCCCC1{solv}{x=0.245200}|O{solv}{x=0.754800}>,CN1CCCCC1,O,openff-2.0.0,3,0.888522033067663,0.0003704040298479,0.9038110000000004,9.700000000000004e-05
20242,2917,dens_1619467922469494964,607,Density,<Substance CN1CCCCC1{solv}{x=0.790700}|O{solv}{x=0.209300}>,CN1CCCCC1,O,openff-2.0.0,3,0.8419886574207204,0.0001722436974402,0.8260470000000002,0.000108
20243,2918,dens_1725290505257505407,608,Density,<Substance CN1CCCCC1{solv}{x=0.505000}|O{solv}{x=0.495000}>,CN1CCCCC1,O,openff-2.0.0,3,0.8602651278444362,0.000235164257622,0.8581580000000002,9.450000000000002e-05
20244,2919,dhmix_344305070199657817,609,EnthalpyOfMixing,<Substance CC(C)CC(C)(C)C{solv}{x=0.200300}|CCCO{solv}{x=0.799700}>,CC(C)CC(C)(C)C,CCCO,openff-2.0.0,3,0.4907971619038704,0.0433352532509001,0.308,0.0055
20245,2920,dens_1020839744665732433,610,Density,<Substance CC(C)CC(C)(C)C{solv}{x=0.200100}|CCCO{solv}{x=0.799900}>,CC(C)CC(C)(C)C,CCCO,openff-2.0.0,3,0.7655568847947024,0.0002838620472314,0.7589500000000002,0.00029
20246,2921,dens_1348847431810734601,611,Density,<Substance CC(C)CC(C)(C)C{solv}{x=0.700000}|CCCO{solv}{x=0.300000}>,CC(C)CC(C)(C)C,CCCO,openff-2.0.0,3,0.7225849318124281,0.0002025375700103,0.7046500000000001,0.00028
20247,2922,dhmix_1376194238727172922,612,EnthalpyOfMixing,<Substance CC(C)CC(C)(C)C{solv}{x=0.499800}|CCCO{solv}{x=0.500200}>,CC(C)CC(C)(C)C,CCCO,openff-2.0.0,3,0.8328922302732451,0.0486377477399504,0.6025,0.0027
20248,2923,dhmix_1868873434415785592,613,EnthalpyOfMixing,<Substance CC(C)CC(C)(C)C{solv}{x=0.699900}|CCCO{solv}{x=0.300100}>,CC(C)CC(C)(C)C,CCCO,openff-2.0.0,3,0.8646698228660625,0.0439099701970027,0.6544,0.0029
20249,2924,dens_1870552320710773195,614,Density,<Substance CC(C)CC(C)(C)C{solv}{x=0.500000}|CCCO{solv}{x=0.500000}>,CC(C)CC(C)(C)C,CCCO,openff-2.0.0,3,0.7358385527246084,0.0002300707458793,0.7214400000000002,0.00028
20250,2925,dens_344701479262570906,615,Density,<Substance C1CCOCC1{solv}{x=0.246100}|Cc1cccnc1{solv}{x=0.753900}>,C1CCOCC1,Cc1cccnc1,openff-2.0.0,3,0.9319380667573062,0.0002335286076621,0.9348570000000002,0.0004915
20251,2926,dhmix_772935681699310364,616,EnthalpyOfMixing,<Substance C1CCOCC1{solv}{x=0.480300}|Cc1cccnc1{solv}{x=0.519700}>,C1CCOCC1,Cc1cccnc1,openff-2.0.0,3,0.049513380140155,0.0396586951267389,0.1271,0.00115
20252,2927,dens_1179184695460672925,617,Density,<Substance C1CCOCC1{solv}{x=0.756800}|Cc1cccnc1{solv}{x=0.243200}>,C1CCOCC1,Cc1cccnc1,openff-2.0.0,3,0.8952644820707496,0.0002604146873533,0.8976640000000002,0.0004655
20253,2928,dens_1273033541520518804,618,Density,<Substance C1CCOCC1{solv}{x=0.482700}|Cc1cccnc1{solv}{x=0.517300}>,C1CCOCC1,Cc1cccnc1,openff-2.0.0,3,0.9151147312751114,0.0002423747528586,0.9179640000000002,0.00048
20254,2929,dhmix_1594947441282636711,619,EnthalpyOfMixing,<Substance C1CCOCC1{solv}{x=0.735500}|Cc1cccnc1{solv}{x=0.264500}>,C1CCOCC1,Cc1cccnc1,openff-2.0.0,3,0.1169434114120235,0.0342803588060371,0.0924,0.00095
20255,2930,dhmix_2075643137470349800,620,EnthalpyOfMixing,<Substance C1CCOCC1{solv}{x=0.273200}|Cc1cccnc1{solv}{x=0.726800}>,C1CCOCC1,Cc1cccnc1,openff-2.0.0,3,-0.0210742516956088,0.0399992514512174,0.1036,0.001
20256,2931,dhmix_346841872844739570,621,EnthalpyOfMixing,<Substance CC#N{solv}{x=0.700700}|CCOC(C)(C)C{solv}{x=0.299300}>,CC#N,CCOC(C)(C)C,openff-2.0.0,3,0.2884134781048857,0.0332994461273046,0.6176,0.0084
20257,2932,dhmix_840136828933604757,622,EnthalpyOfMixing,<Substance CC#N{solv}{x=0.199000}|CCOC(C)(C)C{solv}{x=0.801000}>,CC#N,CCOC(C)(C)C,openff-2.0.0,3,0.2391337040334349,0.0489446516819934,0.4418,0.006
20258,2933,dhmix_1934525864391020215,623,EnthalpyOfMixing,<Substance CC#N{solv}{x=0.501600}|CCOC(C)(C)C{solv}{x=0.498400}>,CC#N,CCOC(C)(C)C,openff-2.0.0,3,0.2793993751535453,0.0417611500711343,0.7098,0.00965
20259,2934,dens_1954735606040559695,624,Density,<Substance CC#N{solv}{x=0.700700}|CCOC(C)(C)C{solv}{x=0.299300}>,CC#N,CCOC(C)(C)C,openff-2.0.0,3,0.7679726246909476,0.000264675566969,0.7595000000000002,0.00045
20260,2935,dens_2173310521496796694,625,Density,<Substance CC#N{solv}{x=0.501600}|CCOC(C)(C)C{solv}{x=0.498400}>,CC#N,CCOC(C)(C)C,openff-2.0.0,3,0.7639989438153837,0.0002637003808641,0.7510000000000002,0.00035
20261,2936,dens_2235331649530959984,626,Density,<Substance CC#N{solv}{x=0.199000}|CCOC(C)(C)C{solv}{x=0.801000}>,CC#N,CCOC(C)(C)C,openff-2.0.0,3,0.75742378024383,0.0002160709465932,0.7408000000000001,0.00015
20262,2937,dhmix_355078149157572999,627,EnthalpyOfMixing,<Substance OCCOCCO{solv}{x=0.790600}|O{solv}{x=0.209400}>,O,OCCOCCO,openff-2.0.0,3,-0.1391834110620493,0.0359817490565368,-0.521,0.003
20263,2938,dhmix_514261244195159379,628,EnthalpyOfMixing,<Substance OCCOCCO{solv}{x=0.300400}|O{solv}{x=0.699600}>,O,OCCOCCO,openff-2.0.0,3,-0.2568080455757666,0.0276640998091335,-1.245,0.0065
20264,2939,dhmix_1512634639127890343,629,EnthalpyOfMixing,<Substance OCCOCCO{solv}{x=0.501000}|O{solv}{x=0.499000}>,O,OCCOCCO,openff-2.0.0,3,-0.1477186912989196,0.037403190252789,-1.149,0.0065
20265,2940,dens_1532732041743097130,630,Density,<Substance OCCOCCO{solv}{x=0.500600}|O{solv}{x=0.499400}>,O,OCCOCCO,openff-2.0.0,3,1.1081821339113551,0.0002931445630286,1.1070700000000002,0.00026
20266,2941,dens_1948924545926470959,631,Density,<Substance OCCOCCO{solv}{x=0.700300}|O{solv}{x=0.299700}>,O,OCCOCCO,openff-2.0.0,3,1.1171819192417325,0.0002374035686749,1.1111900000000003,0.000285
20267,2942,dens_2114974877291939954,632,Density,<Substance OCCOCCO{solv}{x=0.301000}|O{solv}{x=0.699000}>,O,OCCOCCO,openff-2.0.0,3,1.0899918312005004,0.0003476156309611,1.0958900000000005,0.000305
20268,2943,dhmix_355690558520209737,633,EnthalpyOfMixing,<Substance CC(C)CC(C)(C)C{solv}{x=0.774800}|CC(C)OC(C)C{solv}{x=0.225200}>,CC(C)CC(C)(C)C,CC(C)OC(C)C,openff-2.0.0,3,0.3477510717296184,0.0536269431567793,0.132161,0.001556
20269,2944,dens_706481868145479619,634,Density,<Substance CC(C)CC(C)(C)C{solv}{x=0.250000}|CC(C)OC(C)C{solv}{x=0.750000}>,CC(C)CC(C)(C)C,CC(C)OC(C)C,openff-2.0.0,3,0.7304037277815436,0.0002297036879962,0.7090800000000002,0.000155
20270,2945,dens_960755156711549154,635,Density,<Substance CC(C)CC(C)(C)C{solv}{x=0.750000}|CC(C)OC(C)C{solv}{x=0.250000}>,CC(C)CC(C)(C)C,CC(C)OC(C)C,openff-2.0.0,3,0.7159267045689175,0.0001992179355919,0.6937500000000002,0.000155
20271,2946,dens_1165117582450092341,636,Density,<Substance CC(C)CC(C)(C)C{solv}{x=0.500900}|CC(C)OC(C)C{solv}{x=0.499100}>,CC(C)CC(C)(C)C,CC(C)OC(C)C,openff-2.0.0,3,0.7224874079960601,0.000190091243206,0.7005900000000002,0.000105
20272,2947,dhmix_1819714300540494359,637,EnthalpyOfMixing,<Substance CC(C)CC(C)(C)C{solv}{x=0.512500}|CC(C)OC(C)C{solv}{x=0.487500}>,CC(C)CC(C)(C)C,CC(C)OC(C)C,openff-2.0.0,3,0.389019744304619,0.0479599478483115,0.197047,0.002233
20273,2948,dhmix_2031984064821599856,638,EnthalpyOfMixing,<Substance CC(C)CC(C)(C)C{solv}{x=0.269300}|CC(C)OC(C)C{solv}{x=0.730700}>,CC(C)CC(C)(C)C,CC(C)OC(C)C,openff-2.0.0,3,0.3421437018311906,0.0472590723106995,0.158983,0.0018345
20274,2949,dens_357198687829738077,639,Density,<Substance C1CCOCC1{solv}{x=0.223500}|CCCCCC(C)=O{solv}{x=0.776500}>,C1CCOCC1,CCCCCC(C)=O,openff-2.0.0,3,0.8106294634217323,0.0002386660439716,0.8221200000000002,0.000375
20275,2950,dens_1074719884132299485,640,Density,<Substance C1CCOCC1{solv}{x=0.516600}|CCCCCC(C)=O{solv}{x=0.483400}>,C1CCOCC1,CCCCCC(C)=O,openff-2.0.0,3,0.8305011836941577,0.0002165912957435,0.8396100000000002,0.00032
20276,2951,dens_1427208283653313137,641,Density,<Substance C1CCOCC1{solv}{x=0.710100}|CCCCCC(C)=O{solv}{x=0.289900}>,C1CCOCC1,CCCCCC(C)=O,openff-2.0.0,3,0.8467553386008236,0.0002087116971915,0.8534200000000002,0.000285
20277,2952,dhmix_1485904869507380555,642,EnthalpyOfMixing,<Substance C1CCOCC1{solv}{x=0.500000}|CCCCCC(C)=O{solv}{x=0.500000}>,C1CCOCC1,CCCCCC(C)=O,openff-2.0.0,3,0.208085034849546,0.0421159476769847,0.05773,0.000615
20278,2953,dhmix_1931504734279468677,643,EnthalpyOfMixing,<Substance C1CCOCC1{solv}{x=0.250000}|CCCCCC(C)=O{solv}{x=0.750000}>,C1CCOCC1,CCCCCC(C)=O,openff-2.0.0,3,0.2392646408087273,0.05253967276646,0.03429,0.00053
20279,2954,dhmix_2296263041755700053,644,EnthalpyOfMixing,<Substance C1CCOCC1{solv}{x=0.750000}|CCCCCC(C)=O{solv}{x=0.250000}>,C1CCOCC1,CCCCCC(C)=O,openff-2.0.0,3,0.3238069789692019,0.043647656538307,0.05587,0.00061
20280,2955,dhmix_357499987240135169,645,EnthalpyOfMixing,<Substance CCCCC{solv}{x=0.772700}|CCCCOC=O{solv}{x=0.227300}>,CCCCC,CCCCOC=O,openff-2.0.0,3,1.2837929856084145,0.0454709570999973,0.87,0.004
20281,2956,dens_435201289177646286,646,Density,<Substance CCCCC{solv}{x=0.504200}|CCCCOC=O{solv}{x=0.495800}>,CCCCC,CCCCOC=O,openff-2.0.0,3,0.7548652253204189,0.0002408677712996,0.7523000000000001,0.00024
20282,2957,dens_635752291929824010,647,Density,<Substance CCCCC{solv}{x=0.699000}|CCCCOC=O{solv}{x=0.301000}>,CCCCC,CCCCOC=O,openff-2.0.0,3,0.6954438972173708,0.0001887874165613,0.6994600000000002,0.00018
20283,2958,dhmix_869493303716364153,648,EnthalpyOfMixing,<Substance CCCCC{solv}{x=0.490500}|CCCCOC=O{solv}{x=0.509500}>,CCCCC,CCCCOC=O,openff-2.0.0,3,1.6488616685111597,0.0422826165823746,0.959,0.004
20284,2959,dhmix_1188548276416925178,649,EnthalpyOfMixing,<Substance CCCCC{solv}{x=0.246000}|CCCCOC=O{solv}{x=0.754000}>,CCCCC,CCCCOC=O,openff-2.0.0,3,1.2689950487183523,0.0458281198178311,0.632,0.003
20285,2960,dens_1944800378076074966,650,Density,<Substance CCCCC{solv}{x=0.247100}|CCCCOC=O{solv}{x=0.752900}>,CCCCC,CCCCOC=O,openff-2.0.0,3,0.8336745667993745,0.0002365158775394,0.8221800000000001,0.000375
20286,2961,dhmix_357740737126275220,651,EnthalpyOfMixing,<Substance CC(=O)N(C)C{solv}{x=0.212000}|CCCCCl{solv}{x=0.788000}>,CC(=O)N(C)C,CCCCCl,openff-2.0.0,3,0.431873216373674,0.0425769330509751,0.244,0.0025
20287,2962,dens_563556088097831353,652,Density,<Substance CC(=O)N(C)C{solv}{x=0.499000}|CCCCCl{solv}{x=0.501000}>,CC(=O)N(C)C,CCCCCl,openff-2.0.0,3,0.8863035214653571,0.0002518800299406,0.9081000000000002,0.0002
20288,2963,dens_1083232356130752567,653,Density,<Substance CC(=O)N(C)C{solv}{x=0.799700}|CCCCCl{solv}{x=0.200300}>,CC(=O)N(C)C,CCCCCl,openff-2.0.0,3,0.8982924831194133,0.0002379973953911,0.9247000000000004,0.0002
20289,2964,dhmix_1487887746912587509,654,EnthalpyOfMixing,<Substance CC(=O)N(C)C{solv}{x=0.708000}|CCCCCl{solv}{x=0.292000}>,CC(=O)N(C)C,CCCCCl,openff-2.0.0,3,0.3915812439339703,0.0394689542615981,0.305,0.0025
20290,2965,dens_1662749398344255132,655,Density,<Substance CC(=O)N(C)C{solv}{x=0.210500}|CCCCCl{solv}{x=0.789500}>,CC(=O)N(C)C,CCCCCl,openff-2.0.0,3,0.873148775505019,0.0002959700198732,0.8918000000000001,0.0002
20291,2966,dhmix_2085343422065298965,656,EnthalpyOfMixing,<Substance CC(=O)N(C)C{solv}{x=0.511000}|CCCCCl{solv}{x=0.489000}>,CC(=O)N(C)C,CCCCCl,openff-2.0.0,3,0.5120294878867924,0.0417944272712367,0.363,0.0025
20292,2967,dhmix_359626193748497849,657,EnthalpyOfMixing,<Substance C1CCOCC1{solv}{x=0.750000}|O=C1CCCCC1{solv}{x=0.250000}>,C1CCOCC1,O=C1CCCCC1,openff-2.0.0,3,0.0110832880639861,0.0462704393269994,0.07698,0.00069
20293,2968,dhmix_709905971434026360,658,EnthalpyOfMixing,<Substance C1CCOCC1{solv}{x=0.250000}|O=C1CCCCC1{solv}{x=0.750000}>,C1CCOCC1,O=C1CCCCC1,openff-2.0.0,3,0.0822377665162434,0.0454013609017762,0.05827,0.00062
20294,2969,dens_996263306280392228,659,Density,<Substance C1CCOCC1{solv}{x=0.500900}|O=C1CCCCC1{solv}{x=0.499100}>,C1CCOCC1,O=C1CCCCC1,openff-2.0.0,3,0.9010069420801426,0.0002191896391806,0.9160300000000002,0.000505
20295,2970,dens_1296485655493191092,660,Density,<Substance C1CCOCC1{solv}{x=0.247100}|O=C1CCCCC1{solv}{x=0.752900}>,C1CCOCC1,O=C1CCCCC1,openff-2.0.0,3,0.9126208429708604,0.0001468048608926,0.9305900000000004,0.000505
20296,2971,dhmix_1617652800437548554,661,EnthalpyOfMixing,<Substance C1CCOCC1{solv}{x=0.500000}|O=C1CCCCC1{solv}{x=0.500000}>,C1CCOCC1,O=C1CCCCC1,openff-2.0.0,3,0.0499182403560212,0.0428007505897376,0.08658,0.000725
20297,2972,dens_2134919398794801459,662,Density,<Substance C1CCOCC1{solv}{x=0.738900}|O=C1CCCCC1{solv}{x=0.261100}>,C1CCOCC1,O=C1CCCCC1,openff-2.0.0,3,0.8901111882987505,0.0001579475838531,0.9000800000000002,0.000505
20298,2973,dens_371429494256072686,663,Density,<Substance COC=O{solv}{x=0.513800}|ClCCCCl{solv}{x=0.486200}>,COC=O,ClCCCCl,openff-2.0.0,3,1.1031632675985512,0.0003127784144716,1.08831,0.00025
20299,2974,dens_416463243686186519,664,Density,<Substance COC=O{solv}{x=0.738400}|ClCCCCl{solv}{x=0.261600}>,COC=O,ClCCCCl,openff-2.0.0,3,1.069922471300125,0.0004011142447296,1.03754,0.0002
20300,2975,dhmix_573570621261992547,665,EnthalpyOfMixing,<Substance COC=O{solv}{x=0.767400}|ClCCCCl{solv}{x=0.232600}>,COC=O,ClCCCCl,openff-2.0.0,3,1.046414363007635,0.0443110172165825,0.2841,0.0015
20301,2976,dens_1665007650151393058,666,Density,<Substance COC=O{solv}{x=0.244000}|ClCCCCl{solv}{x=0.756000}>,COC=O,ClCCCCl,openff-2.0.0,3,1.1367425875015915,0.0003579628420922,1.1395000000000002,0.0003
20302,2977,dhmix_2050640017895200777,667,EnthalpyOfMixing,<Substance COC=O{solv}{x=0.502400}|ClCCCCl{solv}{x=0.497600}>,COC=O,ClCCCCl,openff-2.0.0,3,1.6138639672765225,0.0388040699034428,0.3503,0.00175
20303,2978,dhmix_2121310957223924646,668,EnthalpyOfMixing,<Substance COC=O{solv}{x=0.202400}|ClCCCCl{solv}{x=0.797600}>,COC=O,ClCCCCl,openff-2.0.0,3,0.8947911200179988,0.0291627983934792,0.2064,0.0012
20304,2979,dens_380799246642881225,669,Density,<Substance Cc1ccncc1{solv}{x=0.500000}|O{solv}{x=0.500000}>,Cc1ccncc1,O,openff-2.0.0,3,0.957321278135988,0.0003347067097384,0.9704000000000004,0.0005
20305,2980,dens_1024460369591354985,670,Density,<Substance Cc1ccncc1{solv}{x=0.225000}|O{solv}{x=0.775000}>,Cc1ccncc1,O,openff-2.0.0,3,0.9619708431077024,0.0003993049253232,0.9848000000000002,0.0004
20306,2981,dens_1867704914487230306,671,Density,<Substance Cc1ccncc1{solv}{x=0.750000}|O{solv}{x=0.250000}>,Cc1ccncc1,O,openff-2.0.0,3,0.954065039202604,0.0002517750850596,0.9614000000000004,0.0004
20307,2982,dhmix_396839331496923568,672,EnthalpyOfMixing,<Substance CCCOC(=O)CC{solv}{x=0.237600}|ClCCCl{solv}{x=0.762400}>,CCCOC(=O)CC,ClCCCl,openff-2.0.0,3,-0.2855579578979075,1.279565551271212e-05,-0.317,0.0035
20308,2983,dens_1025242301432619836,673,Density,<Substance CCCOC(=O)CC{solv}{x=0.518800}|ClCCCl{solv}{x=0.481200}>,CCCOC(=O)CC,ClCCCl,openff-2.0.0,3,1.0039658957518376,1e-05,1.0064000000000002,0.000905
20309,2984,dens_1654149510571748883,674,Density,<Substance CCCOC(=O)CC{solv}{x=0.731600}|ClCCCl{solv}{x=0.268400}>,CCCOC(=O)CC,ClCCCl,openff-2.0.0,3,0.9413048059335448,1e-05,0.9416300000000002,0.00041
20310,2985,dens_1804016971158746429,675,Density,<Substance CCCOC(=O)CC{solv}{x=0.243700}|ClCCCl{solv}{x=0.756300}>,CCCOC(=O)CC,ClCCCl,openff-2.0.0,3,1.105055704635804,1e-05,1.11431,0.002155
20311,2986,dhmix_1840109043188951916,676,EnthalpyOfMixing,<Substance CCCOC(=O)CC{solv}{x=0.517700}|ClCCCl{solv}{x=0.482300}>,CCCOC(=O)CC,ClCCCl,openff-2.0.0,3,-0.5040092403039296,1.225009387719131e-05,-0.557,0.006
20312,2987,dhmix_1924188358781329171,677,EnthalpyOfMixing,<Substance CCCOC(=O)CC{solv}{x=0.787400}|ClCCCl{solv}{x=0.212600}>,CCCOC(=O)CC,ClCCCl,openff-2.0.0,3,-0.2653148975271904,1.2902472631243985e-05,-0.357,0.004
20313,2988,dhmix_408170436877433675,678,EnthalpyOfMixing,<Substance CCCCC{solv}{x=0.229800}|CCOC=O{solv}{x=0.770200}>,CCCCC,CCOC=O,openff-2.0.0,3,1.656095639302663,0.0515162183517089,1.016,0.0045
20314,2989,dens_1159257310358090227,679,Density,<Substance CCCCC{solv}{x=0.748000}|CCOC=O{solv}{x=0.252000}>,CCCCC,CCOC=O,openff-2.0.0,3,0.6665686517484434,0.0002613087392236,0.6707000000000002,0.000165
20315,2990,dhmix_1897634982824334825,680,EnthalpyOfMixing,<Substance CCCCC{solv}{x=0.500100}|CCOC=O{solv}{x=0.499900}>,CCCCC,CCOC=O,openff-2.0.0,3,2.3133355618707867,0.0381186495666329,1.354,0.0055
20316,2991,dens_1931965346092446599,681,Density,<Substance CCCCC{solv}{x=0.504000}|CCOC=O{solv}{x=0.496000}>,CCCCC,CCOC=O,openff-2.0.0,3,0.7430405517250753,0.0002345888897006,0.7333000000000002,0.00024
20317,2992,dens_2086304425324215507,682,Density,<Substance CCCCC{solv}{x=0.298000}|CCOC=O{solv}{x=0.702000}>,CCCCC,CCOC=O,openff-2.0.0,3,0.8175540349184087,0.0003212013319173,0.7971000000000003,0.000345
20318,2993,dhmix_2117998354372981576,683,EnthalpyOfMixing,<Substance CCCCC{solv}{x=0.777900}|CCOC=O{solv}{x=0.222100}>,CCCCC,CCOC=O,openff-2.0.0,3,1.8424552429618757,0.0416565577008021,1.051,0.0045
20319,2994,dens_415189671276159712,684,Density,<Substance NCCO{solv}{x=0.785350}|c1ccncc1{solv}{x=0.214650}>,NCCO,c1ccncc1,openff-2.0.0,3,1.048300149252837,0.0002149002241007,1.002592,0.000101
20320,2995,dhmix_607563797490786343,685,EnthalpyOfMixing,<Substance NCCO{solv}{x=0.559360}|c1ccncc1{solv}{x=0.440640}>,NCCO,c1ccncc1,openff-2.0.0,3,0.9563109579112136,0.0401011638113298,0.824,0.0035
20321,2996,dhmix_783614050589043390,686,EnthalpyOfMixing,<Substance NCCO{solv}{x=0.248120}|c1ccncc1{solv}{x=0.751880}>,NCCO,c1ccncc1,openff-2.0.0,3,1.0170149662085066,0.0366542933677228,0.779,0.0035
20322,2997,dens_907288549206652702,687,Density,<Substance NCCO{solv}{x=0.558640}|c1ccncc1{solv}{x=0.441360}>,NCCO,c1ccncc1,openff-2.0.0,3,1.025492559860287,0.0002891177323223,0.9936870000000002,0.0001015
20323,2998,dhmix_1092036220949585875,688,EnthalpyOfMixing,<Substance NCCO{solv}{x=0.746780}|c1ccncc1{solv}{x=0.253220}>,NCCO,c1ccncc1,openff-2.0.0,3,0.4912586844730811,0.04535381902372,0.612,0.003
20324,2999,dens_2278246591298089898,689,Density,<Substance NCCO{solv}{x=0.210010}|c1ccncc1{solv}{x=0.789990}>,NCCO,c1ccncc1,openff-2.0.0,3,0.9971010305896316,0.0002982972153893,0.9825660000000004,0.0001015
20325,3000,dens_419188249264987147,690,Density,<Substance CCCCC(=O)OCC{solv}{x=0.492100}|CCOC(C)=O{solv}{x=0.507900}>,CCCCC(=O)OCC,CCOC(C)=O,openff-2.0.0,3,0.884650826028982,0.0002006825135495,0.8787300000000002,0.00012
20326,3001,dens_667714041205021070,691,Density,<Substance CCCCC(=O)OCC{solv}{x=0.304700}|CCOC(C)=O{solv}{x=0.695300}>,CCCCC(=O)OCC,CCOC(C)=O,openff-2.0.0,3,0.8905878993319254,0.0002254393121236,0.8836400000000002,0.00012
20327,3002,dhmix_1137774316856842141,692,EnthalpyOfMixing,<Substance CCCCC(=O)OCC{solv}{x=0.737600}|CCOC(C)=O{solv}{x=0.262400}>,CCCCC(=O)OCC,CCOC(C)=O,openff-2.0.0,3,-0.0231515361933531,0.0530174164535697,0.114,0.0015
20328,3003,dhmix_1322441082145072072,693,EnthalpyOfMixing,<Substance CCCCC(=O)OCC{solv}{x=0.279900}|CCOC(C)=O{solv}{x=0.720100}>,CCCCC(=O)OCC,CCOC(C)=O,openff-2.0.0,3,0.0591589547380735,0.0420311811846221,0.139,0.0015
20329,3004,dens_1682638395920841051,694,Density,<Substance CCCCC(=O)OCC{solv}{x=0.752600}|CCOC(C)=O{solv}{x=0.247400}>,CCCCC(=O)OCC,CCOC(C)=O,openff-2.0.0,3,0.8779696867805423,0.0002082777994252,0.8732900000000001,0.00012
20330,3005,dhmix_2161842751879945948,695,EnthalpyOfMixing,<Substance CCCCC(=O)OCC{solv}{x=0.519800}|CCOC(C)=O{solv}{x=0.480200}>,CCCCC(=O)OCC,CCOC(C)=O,openff-2.0.0,3,0.0987413076415748,0.0431345076951854,0.154,0.002
20331,3006,dhmix_419593950323214290,696,EnthalpyOfMixing,<Substance CCCCCC(C)=O{solv}{x=0.780400}|CCN(CC)CC{solv}{x=0.219600}>,CCCCCC(C)=O,CCN(CC)CC,openff-2.0.0,3,0.2313178002073357,0.0596581371170357,0.216,0.0025
20332,3007,dens_651921010645567431,697,Density,<Substance CCCCCC(C)=O{solv}{x=0.259800}|CCN(CC)CC{solv}{x=0.740200}>,CCCCCC(C)=O,CCN(CC)CC,openff-2.0.0,3,0.7432205761431855,0.0002261614699805,0.7465820000000002,8.950000000000002e-05
20333,3008,dens_995831511901627711,698,Density,<Substance CCCCCC(C)=O{solv}{x=0.748400}|CCN(CC)CC{solv}{x=0.251600}>,CCCCCC(C)=O,CCN(CC)CC,openff-2.0.0,3,0.7800182482271427,0.000145561930072,0.7899410000000002,0.0001055
20334,3009,dhmix_1001984601109558110,699,EnthalpyOfMixing,<Substance CCCCCC(C)=O{solv}{x=0.492000}|CCN(CC)CC{solv}{x=0.508000}>,CCCCCC(C)=O,CCN(CC)CC,openff-2.0.0,3,0.5570928969744102,0.0486035328005283,0.419,0.0045
20335,3010,dens_1887829851815986883,700,Density,<Substance CCCCCC(C)=O{solv}{x=0.503200}|CCN(CC)CC{solv}{x=0.496800}>,CCCCCC(C)=O,CCN(CC)CC,openff-2.0.0,3,0.761622022201631,0.0001331594889411,0.7684760000000002,9.800000000000002e-05
20336,3011,dhmix_2085744568401562111,701,EnthalpyOfMixing,<Substance CCCCCC(C)=O{solv}{x=0.293900}|CCN(CC)CC{solv}{x=0.706100}>,CCCCCC(C)=O,CCN(CC)CC,openff-2.0.0,3,0.5036507222261264,0.0460756691404289,0.412,0.0045
20337,3012,dens_436049638479549968,702,Density,<Substance COC=O{solv}{x=0.472500}|ClCCCl{solv}{x=0.527500}>,COC=O,ClCCCl,openff-2.0.0,3,1.1395184343492393,0.0004244960863396,1.1269600000000004,0.000285
20338,3013,dens_627145458965592302,703,Density,<Substance COC=O{solv}{x=0.753000}|ClCCCl{solv}{x=0.247000}>,COC=O,ClCCCl,openff-2.0.0,3,1.0824007613760205,0.0003604239960386,1.0461600000000004,0.000205
20339,3014,dhmix_731680623269260416,704,EnthalpyOfMixing,<Substance COC=O{solv}{x=0.250800}|ClCCCl{solv}{x=0.749200}>,COC=O,ClCCCl,openff-2.0.0,3,0.9653961791003738,0.0312956271937919,0.0793,0.0007
20340,3015,dens_1488543630772933598,705,Density,<Substance COC=O{solv}{x=0.279500}|ClCCCl{solv}{x=0.720500}>,COC=O,ClCCCl,openff-2.0.0,3,1.1750186229566757,0.0004274838820497,1.1777100000000005,0.00034
20341,3016,dhmix_2170321998768851974,706,EnthalpyOfMixing,<Substance COC=O{solv}{x=0.732200}|ClCCCl{solv}{x=0.267800}>,COC=O,ClCCCl,openff-2.0.0,3,0.6200760804317156,0.0462312572372026,0.0733,0.00065
20342,3017,dhmix_2249001225536869896,707,EnthalpyOfMixing,<Substance COC=O{solv}{x=0.487400}|ClCCCl{solv}{x=0.512600}>,COC=O,ClCCCl,openff-2.0.0,3,1.1112384880132709,0.032140873646482,0.1028,0.0008
20343,3018,dhmix_442816374747487477,708,EnthalpyOfMixing,<Substance NCCCNCCCN{solv}{x=0.801500}|O{solv}{x=0.198500}>,NCCCNCCCN,O,openff-2.0.0,3,-1.4536708143767498,1.2969844467616518e-05,-2.233,0.024
20344,3019,dhmix_1795382205757805615,709,EnthalpyOfMixing,<Substance NCCCNCCCN{solv}{x=0.300500}|O{solv}{x=0.699500}>,NCCCNCCCN,O,openff-2.0.0,3,-4.137471153877016,1.2568850146772776e-05,-6.588,0.07
20345,3020,dhmix_1814950732748396893,710,EnthalpyOfMixing,<Substance NCCCNCCCN{solv}{x=0.499800}|O{solv}{x=0.500200}>,NCCCNCCCN,O,openff-2.0.0,3,-3.27445047372769,1.2247448713915892e-05,-5.544,0.059
20346,3021,dhmix_446869196417408130,711,EnthalpyOfMixing,<Substance NCCNCCO{solv}{x=0.770000}|O{solv}{x=0.230000}>,NCCNCCO,O,openff-2.0.0,3,-1.6603019555440142,1.282887368399892e-05,-1.711,0.035
20347,3022,dhmix_673839467313503071,712,EnthalpyOfMixing,<Substance NCCNCCO{solv}{x=0.069900}|O{solv}{x=0.930100}>,NCCNCCO,O,openff-2.0.0,3,-0.4968657218813419,1.3674063039199432e-05,-1.713,0.035
20348,3023,dens_688094438561771555,713,Density,<Substance NCCNCCO{solv}{x=0.799700}|O{solv}{x=0.200300}>,NCCNCCO,O,openff-2.0.0,3,1.090679654478363,1e-05,1.0318300000000002,0.00024
20349,3024,dhmix_1682883323293489147,714,EnthalpyOfMixing,<Substance NCCNCCO{solv}{x=0.400100}|O{solv}{x=0.599900}>,NCCNCCO,O,openff-2.0.0,3,-1.6443715194023554,1.2328828005937951e-05,-4.15,0.0845
20350,3025,dens_2045176885611624977,715,Density,<Substance NCCNCCO{solv}{x=0.070000}|O{solv}{x=0.930000}>,NCCNCCO,O,openff-2.0.0,3,1.0221768484465297,1e-05,1.0222800000000003,0.000125
20351,3026,dens_2280714043292214506,716,Density,<Substance NCCNCCO{solv}{x=0.399700}|O{solv}{x=0.600300}>,NCCNCCO,O,openff-2.0.0,3,1.0659654847110709,1e-05,1.0370100000000002,0.00017
20352,3027,dens_448105363780466270,717,Density,<Substance CCCCCCCl{solv}{x=0.498300}|CN(C)C=O{solv}{x=0.501700}>,CCCCCCCl,CN(C)C=O,openff-2.0.0,3,0.886760371126285,0.000249936820062,0.8974000000000002,0.0003
20353,3028,dens_1134260732394863277,718,Density,<Substance CCCCCCCl{solv}{x=0.729300}|CN(C)C=O{solv}{x=0.270700}>,CCCCCCCl,CN(C)C=O,openff-2.0.0,3,0.8750185540502486,0.0002245636492483,0.8844000000000002,0.0003
20354,3029,dhmix_1150917243327149472,719,EnthalpyOfMixing,<Substance CCCCCCCl{solv}{x=0.500000}|CN(C)C=O{solv}{x=0.500000}>,CCCCCCCl,CN(C)C=O,openff-2.0.0,3,1.1887262092713795,0.0424408909951649,0.847,0.004
20355,3030,dhmix_1166656674614639609,720,EnthalpyOfMixing,<Substance CCCCCCCl{solv}{x=0.204000}|CN(C)C=O{solv}{x=0.796000}>,CCCCCCCl,CN(C)C=O,openff-2.0.0,3,0.7703789064263589,0.0378558202443409,0.583,0.004
20356,3031,dhmix_1262474968830454367,721,EnthalpyOfMixing,<Substance CCCCCCCl{solv}{x=0.795000}|CN(C)C=O{solv}{x=0.205000}>,CCCCCCCl,CN(C)C=O,openff-2.0.0,3,0.8391527698967707,0.0443031144527819,0.542,0.0035
20357,3032,dens_1862934255267356180,722,Density,<Substance CCCCCCCl{solv}{x=0.200700}|CN(C)C=O{solv}{x=0.799300}>,CCCCCCCl,CN(C)C=O,openff-2.0.0,3,0.906579950396797,0.0001770150954746,0.9218000000000002,0.00025
20358,3033,dhmix_457000181442392641,723,EnthalpyOfMixing,<Substance CCOCCO{solv}{x=0.241100}|c1ccccc1{solv}{x=0.758900}>,CCOCCO,c1ccccc1,openff-2.0.0,3,0.6662170193743577,0.0417928648093576,0.6303,0.00815
20359,3034,dhmix_501726034520661035,724,EnthalpyOfMixing,<Substance CCOCCO{solv}{x=0.733600}|c1ccccc1{solv}{x=0.266400}>,CCOCCO,c1ccccc1,openff-2.0.0,3,0.4674208032386104,0.0461759777438463,0.2326,0.0033
20360,3035,dens_577983044895299238,725,Density,<Substance CCOCCO{solv}{x=0.251800}|c1ccccc1{solv}{x=0.748200}>,CCOCCO,c1ccccc1,openff-2.0.0,3,0.8795575538166878,0.0002744425829495,0.8849000000000002,0.00081
20361,3036,dens_1506946378386070831,726,Density,<Substance CCOCCO{solv}{x=0.750800}|c1ccccc1{solv}{x=0.249200}>,CCOCCO,c1ccccc1,openff-2.0.0,3,0.9126568173189652,0.0001760977936233,0.9134500000000004,0.000685
20362,3037,dhmix_1801594081157333975,727,EnthalpyOfMixing,<Substance CCOCCO{solv}{x=0.478600}|c1ccccc1{solv}{x=0.521400}>,CCOCCO,c1ccccc1,openff-2.0.0,3,0.6526413760507808,0.0436960376600819,0.4912,0.00645
20363,3038,dens_2128846755225827916,728,Density,<Substance CCOCCO{solv}{x=0.504800}|c1ccccc1{solv}{x=0.495200}>,CCOCCO,c1ccccc1,openff-2.0.0,3,0.895870262681005,0.0002644476203385,0.8995700000000003,0.000745
20364,3039,dhmix_466383569529620932,729,EnthalpyOfMixing,<Substance CC(=O)N(C)C{solv}{x=0.505000}|CCCCCCCl{solv}{x=0.495000}>,CC(=O)N(C)C,CCCCCCCl,openff-2.0.0,3,0.7279381262424778,0.044089986617616,0.61,0.003
20365,3040,dhmix_493694362228351572,730,EnthalpyOfMixing,<Substance CC(=O)N(C)C{solv}{x=0.798000}|CCCCCCCl{solv}{x=0.202000}>,CC(=O)N(C)C,CCCCCCCl,openff-2.0.0,3,0.589792572141377,0.0455525664440484,0.425,0.003
20366,3041,dhmix_626564461179097700,731,EnthalpyOfMixing,<Substance CC(=O)N(C)C{solv}{x=0.211000}|CCCCCCCl{solv}{x=0.789000}>,CC(=O)N(C)C,CCCCCCCl,openff-2.0.0,3,0.4981739803460527,0.0435851323182836,0.38,0.003
20367,3042,dens_1720641323575133011,732,Density,<Substance CC(=O)N(C)C{solv}{x=0.200300}|CCCCCCCl{solv}{x=0.799700}>,CC(=O)N(C)C,CCCCCCCl,openff-2.0.0,3,0.8712794726394509,0.0002195883606793,0.8816000000000003,0.00025
20368,3043,dens_1817345990638851984,733,Density,<Substance CC(=O)N(C)C{solv}{x=0.503000}|CCCCCCCl{solv}{x=0.497000}>,CC(=O)N(C)C,CCCCCCCl,openff-2.0.0,3,0.8821347969265874,0.0002034764738779,0.8975000000000002,0.00025
20369,3044,dens_1885054129776339889,734,Density,<Substance CC(=O)N(C)C{solv}{x=0.699200}|CCCCCCCl{solv}{x=0.300800}>,CC(=O)N(C)C,CCCCCCCl,openff-2.0.0,3,0.8899743141870693,0.0002170049308615,0.9104000000000002,0.0002
20370,3045,dens_468507243072548580,735,Density,<Substance CCC#N{solv}{x=0.701200}|CCOC(C)(C)CC{solv}{x=0.298800}>,CCC#N,CCOC(C)(C)CC,openff-2.0.0,3,0.7761714247808654,0.000259022055847,0.7715000000000002,0.0004
20371,3046,dhmix_553135124490085656,736,EnthalpyOfMixing,<Substance CCC#N{solv}{x=0.502500}|CCOC(C)(C)CC{solv}{x=0.497500}>,CCC#N,CCOC(C)(C)CC,openff-2.0.0,3,0.3636360286663915,0.0425526821161489,0.7023,0.00955
20372,3047,dens_762108332272225600,737,Density,<Substance CCC#N{solv}{x=0.502500}|CCOC(C)(C)CC{solv}{x=0.497500}>,CCC#N,CCOC(C)(C)CC,openff-2.0.0,3,0.7736584851689289,0.0002250330240698,0.7683000000000001,0.00035
20373,3048,dens_967634241844220739,738,Density,<Substance CCC#N{solv}{x=0.200900}|CCOC(C)(C)CC{solv}{x=0.799100}>,CCC#N,CCOC(C)(C)CC,openff-2.0.0,3,0.7691235810707846,0.0001859086350165,0.7638000000000001,0.00025
20374,3049,dhmix_1961082112686431376,739,EnthalpyOfMixing,<Substance CCC#N{solv}{x=0.200900}|CCOC(C)(C)CC{solv}{x=0.799100}>,CCC#N,CCOC(C)(C)CC,openff-2.0.0,3,0.2572819368780585,0.0514891344399248,0.502,0.00685
20375,3050,dhmix_2005765786246998093,740,EnthalpyOfMixing,<Substance CCC#N{solv}{x=0.701200}|CCOC(C)(C)CC{solv}{x=0.298800}>,CCC#N,CCOC(C)(C)CC,openff-2.0.0,3,0.3819314596012333,0.0344258034492992,0.5863,0.008
20376,3051,dhmix_471514663464011364,741,EnthalpyOfMixing,<Substance C1CCOCC1{solv}{x=0.722000}|CCCCCO{solv}{x=0.278000}>,C1CCOCC1,CCCCCO,openff-2.0.0,3,1.044237971579804,0.0426705054517214,0.8628,0.00745
20377,3052,dens_910343796235321484,742,Density,<Substance C1CCOCC1{solv}{x=0.298700}|CCCCCO{solv}{x=0.701300}>,C1CCOCC1,CCCCCO,openff-2.0.0,3,0.8253565228937446,0.0002254180669586,0.8293300000000002,0.00034
20378,3053,dens_1812069868432416079,743,Density,<Substance C1CCOCC1{solv}{x=0.800000}|CCCCCO{solv}{x=0.200000}>,C1CCOCC1,CCCCCO,openff-2.0.0,3,0.8603004372600408,0.0001636233000066,0.8635900000000002,0.000315
20379,3054,dhmix_1936206883965149188,744,EnthalpyOfMixing,<Substance C1CCOCC1{solv}{x=0.526000}|CCCCCO{solv}{x=0.474000}>,C1CCOCC1,CCCCCO,openff-2.0.0,3,1.1918141663164192,0.0417374892495936,0.97,0.00615
20380,3055,dhmix_1992318015190346725,745,EnthalpyOfMixing,<Substance C1CCOCC1{solv}{x=0.217000}|CCCCCO{solv}{x=0.783000}>,C1CCOCC1,CCCCCO,openff-2.0.0,3,0.5727245372208358,0.048132581223665,0.6006,0.00455
20381,3056,dens_2204330198012032768,746,Density,<Substance C1CCOCC1{solv}{x=0.499400}|CCCCCO{solv}{x=0.500600}>,C1CCOCC1,CCCCCO,openff-2.0.0,3,0.8385545594895434,0.0002202746646855,0.8425400000000002,0.00033
20382,3057,dhmix_472822428299818953,747,EnthalpyOfMixing,<Substance CC(C)CC(C)(C)C{solv}{x=0.700500}|CCCCO{solv}{x=0.299500}>,CC(C)CC(C)(C)C,CCCCO,openff-2.0.0,3,0.75895656724785,1.257203858776891e-05,0.6228,0.0028
20383,3058,dhmix_628387028768654403,748,EnthalpyOfMixing,<Substance CC(C)CC(C)(C)C{solv}{x=0.499900}|CCCCO{solv}{x=0.500100}>,CC(C)CC(C)(C)C,CCCCO,openff-2.0.0,3,0.6927389954334728,1.2247448713915892e-05,0.5938,0.0027
20384,3059,dens_631668933678639865,749,Density,<Substance CC(C)CC(C)(C)C{solv}{x=0.200000}|CCCCO{solv}{x=0.800000}>,CC(C)CC(C)(C)C,CCCCO,openff-2.0.0,3,0.7736464527610877,1e-05,0.7696800000000001,0.000295
20385,3060,dens_1394470087977586253,750,Density,<Substance CC(C)CC(C)(C)C{solv}{x=0.500000}|CCCCO{solv}{x=0.500000}>,CC(C)CC(C)(C)C,CCCCO,openff-2.0.0,3,0.7420029172631984,1e-05,0.7294000000000002,0.000285
20386,3061,dens_1809610870413503056,751,Density,<Substance CC(C)CC(C)(C)C{solv}{x=0.699900}|CCCCO{solv}{x=0.300100}>,CC(C)CC(C)(C)C,CCCCO,openff-2.0.0,3,0.7268238430570334,1e-05,0.7097700000000001,0.000285
20387,3062,dhmix_2302589146189152767,752,EnthalpyOfMixing,<Substance CC(C)CC(C)(C)C{solv}{x=0.200200}|CCCCO{solv}{x=0.799800}>,CC(C)CC(C)(C)C,CCCCO,openff-2.0.0,3,0.3188308848314136,1.2961481396815724e-05,0.27646,0.003235
20388,3063,dens_486902622078179007,753,Density,<Substance COC=O{solv}{x=0.494600}|CO{solv}{x=0.505400}>,CO,COC=O,openff-2.0.0,3,0.9168226782135154,0.0003232250021696,0.8956100000000002,7.500000000000002e-05
20389,3064,dens_750646162221180186,754,Density,<Substance COC=O{solv}{x=0.083300}|CO{solv}{x=0.916700}>,CO,COC=O,openff-2.0.0,3,0.7956616344987979,0.000308741273893,0.8088000000000002,9.000000000000002e-05
20390,3065,dhmix_1113631207235753369,755,EnthalpyOfMixing,<Substance COC=O{solv}{x=0.717800}|CO{solv}{x=0.282200}>,CO,COC=O,openff-2.0.0,3,0.8300964554596781,0.0354867136635373,1.105,0.012
20391,3066,dhmix_2143911117683117531,756,EnthalpyOfMixing,<Substance COC=O{solv}{x=0.512700}|CO{solv}{x=0.487300}>,CO,COC=O,openff-2.0.0,3,0.8426429702981153,0.032528308864173,1.179,0.0125
20392,3067,dens_2148324189014877510,757,Density,<Substance COC=O{solv}{x=0.727100}|CO{solv}{x=0.272900}>,CO,COC=O,openff-2.0.0,3,0.9682883404498112,0.0003346952338278,0.9321000000000004,8.000000000000002e-05
20393,3068,dhmix_2205254965267695203,758,EnthalpyOfMixing,<Substance COC=O{solv}{x=0.083300}|CO{solv}{x=0.916700}>,CO,COC=O,openff-2.0.0,3,0.3377045004018768,0.0307875631355951,0.311,0.0035
20394,3069,dhmix_497300242003673148,759,EnthalpyOfMixing,<Substance BrCCBr{solv}{x=0.284100}|CCCCOC(=O)CCC{solv}{x=0.715900}>,BrCCBr,CCCCOC(=O)CCC,openff-2.0.0,3,-0.6564305774869297,0.0524750376286368,-0.054,0.001
20395,3070,dhmix_712261179736749495,760,EnthalpyOfMixing,<Substance BrCCBr{solv}{x=0.515300}|CCCCOC(=O)CCC{solv}{x=0.484700}>,BrCCBr,CCCCOC(=O)CCC,openff-2.0.0,3,-0.6743368672641594,0.0426886699252521,-0.027,0.0005
20396,3071,dens_846614854165535724,761,Density,<Substance BrCCBr{solv}{x=0.212900}|CCCCOC(=O)CCC{solv}{x=0.787100}>,BrCCBr,CCCCOC(=O)CCC,openff-2.0.0,3,1.0233035494139666,0.0002355465160373,1.0245500000000003,0.00013
20397,3072,dens_1085110183353279404,762,Density,<Substance BrCCBr{solv}{x=0.730000}|CCCCOC(=O)CCC{solv}{x=0.270000}>,BrCCBr,CCCCOC(=O)CCC,openff-2.0.0,3,1.6062342938537166,0.0003633709008295,1.6231500000000003,0.000405
20398,3073,dhmix_2153957437015117204,763,EnthalpyOfMixing,<Substance BrCCBr{solv}{x=0.763900}|CCCCOC(=O)CCC{solv}{x=0.236100}>,BrCCBr,CCCCOC(=O)CCC,openff-2.0.0,3,-0.5821329380477067,0.0354186529856224,0.051,0.001
20399,3074,dens_2242615301342819560,764,Density,<Substance BrCCBr{solv}{x=0.449300}|CCCCOC(=O)CCC{solv}{x=0.550700}>,BrCCBr,CCCCOC(=O)CCC,openff-2.0.0,3,1.2461027663731834,0.00031170933777,1.2506100000000002,0.000225
20400,3075,dens_501060706627477242,765,Density,<Substance OC1=NCCC1{solv}{x=0.500000}|O{solv}{x=0.500000}>,O,OC1=NCCC1,openff-2.0.0,3,1.0536797223772203,0.0003214787662552,1.0977070000000004,0.0005555
20401,3076,dens_929065521104254808,766,Density,<Substance OC1=NCCC1{solv}{x=0.744800}|O{solv}{x=0.255200}>,O,OC1=NCCC1,openff-2.0.0,3,1.06264370927572,0.0002761693576973,1.1044310000000004,0.000577
20402,3077,dhmix_1128968771311392860,767,EnthalpyOfMixing,<Substance OC1=NCCC1{solv}{x=0.769300}|O{solv}{x=0.230700}>,O,OC1=NCCC1,openff-2.0.0,3,0.9324202870032892,0.0400718737034542,-0.678,0.1695
20403,3078,dens_1192491633684345401,768,Density,<Substance OC1=NCCC1{solv}{x=0.246800}|O{solv}{x=0.753200}>,O,OC1=NCCC1,openff-2.0.0,3,1.033507531953181,0.000388799540163,1.077068,0.0004905
20404,3079,dhmix_1775375132531538271,769,EnthalpyOfMixing,<Substance OC1=NCCC1{solv}{x=0.478300}|O{solv}{x=0.521700}>,O,OC1=NCCC1,openff-2.0.0,3,0.8455584272178669,0.0307299971415001,-0.8384,0.20965
20405,3080,dhmix_1895825007089845103,770,EnthalpyOfMixing,<Substance OC1=NCCC1{solv}{x=0.231900}|O{solv}{x=0.768100}>,O,OC1=NCCC1,openff-2.0.0,3,0.6871689311401212,0.0261785672045619,-0.5238,0.13095
20406,3081,dens_502738970558558534,771,Density,<Substance BrCCBr{solv}{x=0.749000}|COC=O{solv}{x=0.251000}>,BrCCBr,COC=O,openff-2.0.0,3,1.906489578177097,0.0006992010188839,1.9319600000000008,0.003535
20407,3082,dhmix_523129341332875255,772,EnthalpyOfMixing,<Substance BrCCBr{solv}{x=0.059500}|COC=O{solv}{x=0.940500}>,BrCCBr,COC=O,openff-2.0.0,3,0.0028783552711786,0.0581193716199808,0.1715,0.00215
20408,3083,dens_528986974844153101,773,Density,<Substance BrCCBr{solv}{x=0.059800}|COC=O{solv}{x=0.940200}>,BrCCBr,COC=O,openff-2.0.0,3,1.1156239836077602,0.0004532700806828,1.06428,0.00056
20409,3084,dhmix_1521152703631810888,774,EnthalpyOfMixing,<Substance BrCCBr{solv}{x=0.757400}|COC=O{solv}{x=0.242600}>,BrCCBr,COC=O,openff-2.0.0,3,0.8886806158706264,0.0344818374437727,0.653,0.00585
20410,3085,dhmix_1685647138770344206,775,EnthalpyOfMixing,<Substance BrCCBr{solv}{x=0.528100}|COC=O{solv}{x=0.471900}>,BrCCBr,COC=O,openff-2.0.0,3,1.1799655336934831,0.0354635639148396,0.8123,0.00705
20411,3086,dens_1945150067923572864,776,Density,<Substance BrCCBr{solv}{x=0.501500}|COC=O{solv}{x=0.498500}>,BrCCBr,COC=O,openff-2.0.0,3,1.6674990756834545,0.0005683534942109,1.6620300000000003,0.00232
20412,3087,dens_511283508189056955,777,Density,<Substance CCO{solv}{x=0.291400}|CN(C)CCO{solv}{x=0.708600}>,CCO,CN(C)CCO,openff-2.0.0,3,0.8713231784642335,0.0001689731255114,0.8710100000000002,0.000165
20413,3088,dhmix_1055456388735168345,778,EnthalpyOfMixing,<Substance CCO{solv}{x=0.508400}|CN(C)CCO{solv}{x=0.491600}>,CCO,CN(C)CCO,openff-2.0.0,3,-0.3886429631941581,0.0311832086979976,-0.4044,0.0044
20414,3089,dens_1119930253414624267,779,Density,<Substance CCO{solv}{x=0.699500}|CN(C)CCO{solv}{x=0.300500}>,CCO,CN(C)CCO,openff-2.0.0,3,0.8347738302777356,0.000272659885379,0.8345000000000002,0.000135
20415,3090,dhmix_1132835222292135012,780,EnthalpyOfMixing,<Substance CCO{solv}{x=0.268600}|CN(C)CCO{solv}{x=0.731400}>,CCO,CN(C)CCO,openff-2.0.0,3,-0.2214674574559865,0.0412715632030981,-0.2783,0.0031
20416,3091,dens_1964926738263319597,781,Density,<Substance CCO{solv}{x=0.494900}|CN(C)CCO{solv}{x=0.505100}>,CCO,CN(C)CCO,openff-2.0.0,3,0.8551729732828414,0.0002088261940406,0.8566200000000002,0.00015
20417,3092,dhmix_2011138895468245368,782,EnthalpyOfMixing,<Substance CCO{solv}{x=0.733500}|CN(C)CCO{solv}{x=0.266500}>,CCO,CN(C)CCO,openff-2.0.0,3,-0.3700668840899226,0.0363756247777812,-0.3657,0.004
20418,3093,dhmix_517287783481256565,783,EnthalpyOfMixing,<Substance CN(C)C=O{solv}{x=0.701000}|ClCCCCCl{solv}{x=0.299000}>,CN(C)C=O,ClCCCCCl,openff-2.0.0,3,0.3573541990935638,0.0383753728371515,-0.052,0.002
20419,3094,dens_765057686797526715,784,Density,<Substance CN(C)C=O{solv}{x=0.794300}|ClCCCCCl{solv}{x=0.205700}>,CN(C)C=O,ClCCCCCl,openff-2.0.0,3,0.9782590817407302,0.0002544504250372,0.9934000000000002,0.00245
20420,3095,dens_1092490027864410415,785,Density,<Substance CN(C)C=O{solv}{x=0.502200}|ClCCCCCl{solv}{x=0.497800}>,CN(C)C=O,ClCCCCCl,openff-2.0.0,3,1.0419979871149454,0.000282357273542,1.0524000000000004,0.0022
20421,3096,dens_1571926938169630329,786,Density,<Substance CN(C)C=O{solv}{x=0.299400}|ClCCCCCl{solv}{x=0.700600}>,CN(C)C=O,ClCCCCCl,openff-2.0.0,3,1.0784214370337573,0.0002652327044867,1.0879000000000003,0.0021
20422,3097,dhmix_1989422051580285053,787,EnthalpyOfMixing,<Substance CN(C)C=O{solv}{x=0.501000}|ClCCCCCl{solv}{x=0.499000}>,CN(C)C=O,ClCCCCCl,openff-2.0.0,3,0.4476939385870224,0.0383540909008851,-0.056,0.002
20423,3098,dhmix_2190775305913174779,788,EnthalpyOfMixing,<Substance CN(C)C=O{solv}{x=0.204000}|ClCCCCCl{solv}{x=0.796000}>,CN(C)C=O,ClCCCCCl,openff-2.0.0,3,0.2889721954707056,0.0319032526545924,-0.039,0.002
20424,3099,dens_518199256039095036,789,Density,<Substance CCCCO{solv}{x=0.496400}|NCCN{solv}{x=0.503600}>,CCCCO,NCCN,openff-2.0.0,3,0.8900210134194492,1e-05,0.8519430000000002,0.000219
20425,3100,dens_866492593379488722,790,Density,<Substance CCCCO{solv}{x=0.739800}|NCCN{solv}{x=0.260200}>,CCCCO,NCCN,openff-2.0.0,3,0.8433274165984578,1e-05,0.8325090000000002,0.000221
20426,3101,dens_2064365769538781360,791,Density,<Substance CCCCO{solv}{x=0.291900}|NCCN{solv}{x=0.708100}>,CCCCO,NCCN,openff-2.0.0,3,0.9371581464784244,1e-05,0.8676960000000002,0.0002205
20427,3102,dens_520201021244222151,792,Density,<Substance O=C1CCCO1{solv}{x=0.300000}|O{solv}{x=0.700000}>,O,O=C1CCCO1,openff-2.0.0,3,1.05744998567598,0.0003108656917197,1.0886000000000002,0.0001
20428,3103,dens_2198925124601089428,793,Density,<Substance O=C1CCCO1{solv}{x=0.500000}|O{solv}{x=0.500000}>,O,O=C1CCCO1,openff-2.0.0,3,1.0786873886026098,0.0003275217587433,1.1059000000000003,0.0001
20429,3104,dens_2272207838075726438,794,Density,<Substance O=C1CCCO1{solv}{x=0.800000}|O{solv}{x=0.200000}>,O,O=C1CCCO1,openff-2.0.0,3,1.0966879331582695,0.0002298906996017,1.1182000000000003,0.0001
20430,3105,dhmix_524376395520217080,795,EnthalpyOfMixing,<Substance CC(C)CC(C)(C)C{solv}{x=0.440700}|CCCC(=O)OC{solv}{x=0.559300}>,CC(C)CC(C)(C)C,CCCC(=O)OC,openff-2.0.0,3,1.5441031196940287,0.0465545546979906,1.053,0.0115
20431,3106,dens_581090592491592243,796,Density,<Substance CC(C)CC(C)(C)C{solv}{x=0.298100}|CCCC(=O)OC{solv}{x=0.701900}>,CC(C)CC(C)(C)C,CCCC(=O)OC,openff-2.0.0,3,0.8224351537324192,0.0002255703016177,0.8119000000000002,0.000505
20432,3107,dens_1497434747823371430,797,Density,<Substance CC(C)CC(C)(C)C{solv}{x=0.724300}|CCCC(=O)OC{solv}{x=0.275700}>,CC(C)CC(C)(C)C,CCCC(=O)OC,openff-2.0.0,3,0.7459326201460983,0.0001958937913151,0.7279000000000001,0.000505
20433,3108,dhmix_1614087501371550297,798,EnthalpyOfMixing,<Substance CC(C)CC(C)(C)C{solv}{x=0.762900}|CCCC(=O)OC{solv}{x=0.237100}>,CC(C)CC(C)(C)C,CCCC(=O)OC,openff-2.0.0,3,1.1872288199301124,0.0441626470957878,0.789,0.0085
20434,3109,dens_1842979547629422953,799,Density,<Substance CC(C)CC(C)(C)C{solv}{x=0.441000}|CCCC(=O)OC{solv}{x=0.559000}>,CC(C)CC(C)(C)C,CCCC(=O)OC,openff-2.0.0,3,0.7930736417583609,0.0001946492231235,0.7803000000000001,0.000505
20435,3110,dhmix_2246911102339588209,800,EnthalpyOfMixing,<Substance CC(C)CC(C)(C)C{solv}{x=0.298200}|CCCC(=O)OC{solv}{x=0.701800}>,CC(C)CC(C)(C)C,CCCC(=O)OC,openff-2.0.0,3,1.244392652185752,0.0395491344774214,0.884,0.0095
20436,3111,dhmix_536798507677319129,801,EnthalpyOfMixing,<Substance C1COCO1{solv}{x=0.267900}|Cc1ccccc1Cl{solv}{x=0.732100}>,C1COCO1,Cc1ccccc1Cl,openff-2.0.0,3,0.3631777385739099,0.0441730378116466,0.272,0.0015
20437,3112,dens_559535483529614058,802,Density,<Substance C1COCO1{solv}{x=0.726600}|Cc1ccccc1Cl{solv}{x=0.273400}>,C1COCO1,Cc1ccccc1Cl,openff-2.0.0,3,1.0941486542436505,0.0002612062186062,1.0652000000000004,0.0005
20438,3113,dens_731520844601672570,803,Density,<Substance C1COCO1{solv}{x=0.268500}|Cc1ccccc1Cl{solv}{x=0.731500}>,C1COCO1,Cc1ccccc1Cl,openff-2.0.0,3,1.0729631109378794,0.0002855419375313,1.0630000000000002,0.0005
20439,3114,dens_839907656840905053,804,Density,<Substance C1COCO1{solv}{x=0.516900}|Cc1ccccc1Cl{solv}{x=0.483100}>,C1COCO1,Cc1ccccc1Cl,openff-2.0.0,3,1.089504797959431,0.000258995381353,1.0694000000000004,0.0005
20440,3115,dhmix_1308085019204784636,805,EnthalpyOfMixing,<Substance C1COCO1{solv}{x=0.500900}|Cc1ccccc1Cl{solv}{x=0.499100}>,C1COCO1,Cc1ccccc1Cl,openff-2.0.0,3,0.3751876195502746,0.0300777731704743,0.393,0.002
20441,3116,dhmix_1924685013370154802,806,EnthalpyOfMixing,<Substance C1COCO1{solv}{x=0.760400}|Cc1ccccc1Cl{solv}{x=0.239600}>,C1COCO1,Cc1ccccc1Cl,openff-2.0.0,3,0.2623312642464839,0.0374108921425355,0.313,0.0015
20442,3117,dhmix_549919019055097043,807,EnthalpyOfMixing,<Substance C1CCCCC1{solv}{x=0.799100}|CC(C)O{solv}{x=0.200900}>,C1CCCCC1,CC(C)O,openff-2.0.0,3,0.7278800192452195,0.0462480224981414,0.702,0.017
20443,3118,dhmix_1101575580592240663,808,EnthalpyOfMixing,<Substance C1CCCCC1{solv}{x=0.199500}|CC(C)O{solv}{x=0.800500}>,C1CCCCC1,CC(C)O,openff-2.0.0,3,0.49428816234051,0.0433742725441425,0.438,0.011
20444,3119,dhmix_1262965345724899699,809,EnthalpyOfMixing,<Substance C1CCCCC1{solv}{x=0.498400}|CC(C)O{solv}{x=0.501600}>,C1CCCCC1,CC(C)O,openff-2.0.0,3,0.7646317982557349,0.0411961773400992,0.801,0.0195
20445,3120,dens_1431184569437551541,810,Density,<Substance C1CCCCC1{solv}{x=0.705800}|CC(C)O{solv}{x=0.294200}>,C1CCCCC1,CC(C)O,openff-2.0.0,3,0.7652959347082631,0.0002498532479971,0.7711100000000002,0.000245
20446,3121,dens_2097249982689376165,811,Density,<Substance C1CCCCC1{solv}{x=0.200000}|CC(C)O{solv}{x=0.800000}>,C1CCCCC1,CC(C)O,openff-2.0.0,3,0.7880457778842794,0.0002580456171284,0.7761000000000002,0.0003
20447,3122,dens_2130071224188444793,812,Density,<Substance C1CCCCC1{solv}{x=0.503900}|CC(C)O{solv}{x=0.496100}>,C1CCCCC1,CC(C)O,openff-2.0.0,3,0.7720913774370615,0.0002804228451145,0.7719000000000001,0.0003
20448,3123,dens_562489367284385084,813,Density,<Substance CCCCC(=O)OC{solv}{x=0.251100}|COC(C)=O{solv}{x=0.748900}>,CCCCC(=O)OC,COC(C)=O,openff-2.0.0,3,0.9169022124941714,0.0002577317481176,0.9105300000000002,0.000505
20449,3124,dhmix_814771684244180933,814,EnthalpyOfMixing,<Substance CCCCC(=O)OC{solv}{x=0.733900}|COC(C)=O{solv}{x=0.266100}>,CCCCC(=O)OC,COC(C)=O,openff-2.0.0,3,0.0464674187761033,0.0481699118733612,0.178,0.002
20450,3125,dhmix_915202362324204655,815,EnthalpyOfMixing,<Substance CCCCC(=O)OC{solv}{x=0.505500}|COC(C)=O{solv}{x=0.494500}>,CCCCC(=O)OC,COC(C)=O,openff-2.0.0,3,0.185423662445693,0.0438161529963776,0.238,0.0025
20451,3126,dhmix_935892165648195197,816,EnthalpyOfMixing,<Substance CCCCC(=O)OC{solv}{x=0.234700}|COC(C)=O{solv}{x=0.765300}>,CCCCC(=O)OC,COC(C)=O,openff-2.0.0,3,0.1755018486346813,0.0338105310673388,0.173,0.002
20452,3127,dens_961692445804333991,817,Density,<Substance CCCCC(=O)OC{solv}{x=0.738300}|COC(C)=O{solv}{x=0.261700}>,CCCCC(=O)OC,COC(C)=O,openff-2.0.0,3,0.8940309300023116,0.00023592944511,0.8914700000000002,0.000505
20453,3128,dens_1493380961688632529,818,Density,<Substance CCCCC(=O)OC{solv}{x=0.493500}|COC(C)=O{solv}{x=0.506500}>,CCCCC(=O)OC,COC(C)=O,openff-2.0.0,3,0.9044248247383307,0.0002128089643473,0.8996200000000002,0.000505
20454,3129,dhmix_563342363018905515,819,EnthalpyOfMixing,<Substance CCOC(=O)CC(C)=O{solv}{x=0.751400}|O{solv}{x=0.248600}>,CCOC(=O)CC(C)=O,O,openff-2.0.0,3,0.6881738738640308,0.043713158121602,1.128,0.012
20455,3130,dhmix_1385095028103136291,820,EnthalpyOfMixing,<Substance CCOC(=O)CC(C)=O{solv}{x=0.449100}|O{solv}{x=0.550900}>,CCOC(=O)CC(C)=O,O,openff-2.0.0,3,0.5944967282099753,0.0374718789634759,0.684,0.0075
20456,3131,dhmix_1609967394780907654,821,EnthalpyOfMixing,<Substance CCOC(=O)CC(C)=O{solv}{x=0.299400}|O{solv}{x=0.700600}>,CCOC(=O)CC(C)=O,O,openff-2.0.0,3,0.4500520295634374,0.0303472782829633,0.428,0.005
20457,3132,dhmix_566259260175961973,822,EnthalpyOfMixing,<Substance CCCCO{solv}{x=0.144700}|OC1=NCCC1{solv}{x=0.855300}>,CCCCO,OC1=NCCC1,openff-2.0.0,3,0.6947681790936713,0.0379123463158488,0.0949,0.0012
20458,3133,dens_1146983614802652988,823,Density,<Substance CCCCO{solv}{x=0.500400}|OC1=NCCC1{solv}{x=0.499600}>,CCCCO,OC1=NCCC1,openff-2.0.0,3,0.9295557385506368,0.0002143863725293,0.94503,0.00015
20459,3134,dhmix_1601732489230179724,824,EnthalpyOfMixing,<Substance CCCCO{solv}{x=0.497800}|OC1=NCCC1{solv}{x=0.502200}>,CCCCO,OC1=NCCC1,openff-2.0.0,3,1.4057196514920918,0.0390092433396333,0.2326,0.0026
20460,3135,dhmix_1661138478850718837,825,EnthalpyOfMixing,<Substance CCCCO{solv}{x=0.754800}|OC1=NCCC1{solv}{x=0.245200}>,CCCCO,OC1=NCCC1,openff-2.0.0,3,1.0926952714432048,0.0454335968356256,0.2356,0.00265
20461,3136,dens_1878955695276199878,826,Density,<Substance CCCCO{solv}{x=0.144600}|OC1=NCCC1{solv}{x=0.855400}>,CCCCO,OC1=NCCC1,openff-2.0.0,3,1.0255056258288542,0.0002064887400276,1.0575900000000005,0.000205
20462,3137,dens_2101998760005952263,827,Density,<Substance CCCCO{solv}{x=0.755500}|OC1=NCCC1{solv}{x=0.244500}>,CCCCO,OC1=NCCC1,openff-2.0.0,3,0.8635846250504605,0.0002475430067569,0.8711500000000002,0.000185
20463,3138,dhmix_569012254773025696,828,EnthalpyOfMixing,<Substance CC(C)(C)O{solv}{x=0.505700}|OC1=NCCC1{solv}{x=0.494300}>,CC(C)(C)O,OC1=NCCC1,openff-2.0.0,3,1.942824597346381,0.0412052679499997,0.4323,0.0047
20464,3139,dens_992979807705536615,829,Density,<Substance CC(C)(C)O{solv}{x=0.751100}|OC1=NCCC1{solv}{x=0.248900}>,CC(C)(C)O,OC1=NCCC1,openff-2.0.0,3,0.8744575583608719,0.0002689449371895,0.8505700000000003,0.000215
20465,3140,dens_1020722913861580636,830,Density,<Substance CC(C)(C)O{solv}{x=0.499700}|OC1=NCCC1{solv}{x=0.500300}>,CC(C)(C)O,OC1=NCCC1,openff-2.0.0,3,0.9347230285145564,0.0002748831808019,0.9282800000000002,0.00018
20466,3141,dhmix_1408261346335628114,831,EnthalpyOfMixing,<Substance CC(C)(C)O{solv}{x=0.744900}|OC1=NCCC1{solv}{x=0.255100}>,CC(C)(C)O,OC1=NCCC1,openff-2.0.0,3,1.5217257651273697,0.0597698742715935,0.3774,0.00415
20467,3142,dhmix_1466823939183874689,832,EnthalpyOfMixing,<Substance CC(C)(C)O{solv}{x=0.257800}|OC1=NCCC1{solv}{x=0.742200}>,CC(C)(C)O,OC1=NCCC1,openff-2.0.0,3,1.200403617400493,0.0379117714819771,0.2874,0.0032
20468,3143,dens_1768273433543243004,833,Density,<Substance CC(C)(C)O{solv}{x=0.276400}|OC1=NCCC1{solv}{x=0.723600}>,CC(C)(C)O,OC1=NCCC1,openff-2.0.0,3,0.992493495098149,0.0002204325344276,1.0036300000000002,0.000155
20469,3144,dens_571827819113574480,834,Density,<Substance CC(C)OC(C)C{solv}{x=0.700400}|Cc1ccccc1{solv}{x=0.299600}>,CC(C)OC(C)C,Cc1ccccc1,openff-2.0.0,3,0.770627536711846,0.0002340512178824,0.7573100000000001,0.000155
20470,3145,dhmix_686402805609192969,835,EnthalpyOfMixing,<Substance CC(C)OC(C)C{solv}{x=0.228000}|Cc1ccccc1{solv}{x=0.772000}>,CC(C)OC(C)C,Cc1ccccc1,openff-2.0.0,3,-0.1000475963955978,0.0375443575763227,0.0593,0.00515
20471,3146,dhmix_1045652173440309018,836,EnthalpyOfMixing,<Substance CC(C)OC(C)C{solv}{x=0.752000}|Cc1ccccc1{solv}{x=0.248000}>,CC(C)OC(C)C,Cc1ccccc1,openff-2.0.0,3,-0.0458973768817259,0.0385328101363342,-0.0091,0.00505
20472,3147,dhmix_1690461453403165745,837,EnthalpyOfMixing,<Substance CC(C)OC(C)C{solv}{x=0.455000}|Cc1ccccc1{solv}{x=0.545000}>,CC(C)OC(C)C,Cc1ccccc1,openff-2.0.0,3,-0.1782830715490604,0.0422980891978462,0.0323,0.0051
20473,3148,dens_2086775654110573795,838,Density,<Substance CC(C)OC(C)C{solv}{x=0.200400}|Cc1ccccc1{solv}{x=0.799600}>,CC(C)OC(C)C,Cc1ccccc1,openff-2.0.0,3,0.8281491350455495,0.0002271682938888,0.8299700000000002,0.00014
20474,3149,dens_2167043968237201720,839,Density,<Substance CC(C)OC(C)C{solv}{x=0.500300}|Cc1ccccc1{solv}{x=0.499700}>,CC(C)OC(C)C,Cc1ccccc1,openff-2.0.0,3,0.7929295530168032,0.0002066498023384,0.7849200000000002,0.000155
20475,3150,dhmix_578047845607378963,840,EnthalpyOfMixing,<Substance CN1CCCC1=O{solv}{x=0.635900}|c1ccncc1{solv}{x=0.364100}>,CN1CCCC1=O,c1ccncc1,openff-2.0.0,3,-0.4052206880987938,0.0394459711944329,-0.4013,0.10035
20476,3151,dhmix_625120262301063359,841,EnthalpyOfMixing,<Substance CN1CCCC1=O{solv}{x=0.231200}|c1ccncc1{solv}{x=0.768800}>,CN1CCCC1=O,c1ccncc1,openff-2.0.0,3,-0.3090359561984854,0.037202808779165,-0.3157,0.07895
20477,3152,dens_1059919274311274879,842,Density,<Substance CN1CCCC1=O{solv}{x=0.521500}|c1ccncc1{solv}{x=0.478500}>,CN1CCCC1=O,c1ccncc1,openff-2.0.0,3,1.000159804963246,0.0002495637941342,1.0158200000000004,0.00051
20478,3153,dens_1445187430653020908,843,Density,<Substance CN1CCCC1=O{solv}{x=0.234800}|c1ccncc1{solv}{x=0.765200}>,CN1CCCC1=O,c1ccncc1,openff-2.0.0,3,0.9930353191039704,0.0001998831422853,0.9983500000000004,0.00051
20479,3154,dhmix_1933003504821603087,844,EnthalpyOfMixing,<Substance CN1CCCC1=O{solv}{x=0.499500}|c1ccncc1{solv}{x=0.500500}>,CN1CCCC1=O,c1ccncc1,openff-2.0.0,3,-0.391424398488212,0.0382781134434897,-0.4356,0.1089
20480,3155,dens_2199047009222847682,845,Density,<Substance CN1CCCC1=O{solv}{x=0.636400}|c1ccncc1{solv}{x=0.363600}>,CN1CCCC1=O,c1ccncc1,openff-2.0.0,3,1.001390026412225,0.0002346878521585,1.0207400000000002,0.00051
20481,3156,dens_586351122522837789,846,Density,<Substance c1cc[nH]c1{solv}{x=0.820700}|c1ccccc1{solv}{x=0.179300}>,c1cc[nH]c1,c1ccccc1,openff-2.0.0,3,0.957306090811908,0.0003052831082085,0.9503300000000002,0.000195
20482,3157,dhmix_1101447260293284221,847,EnthalpyOfMixing,<Substance c1cc[nH]c1{solv}{x=0.494000}|c1ccccc1{solv}{x=0.506000}>,c1cc[nH]c1,c1ccccc1,openff-2.0.0,3,0.6501003775621257,0.0364935173626313,0.609,0.00395
20483,3158,dens_1366042600317618213,848,Density,<Substance c1cc[nH]c1{solv}{x=0.503000}|c1ccccc1{solv}{x=0.497000}>,c1cc[nH]c1,c1ccccc1,openff-2.0.0,3,0.9172980559310702,0.000287637015797,0.9220400000000002,0.00019
20484,3159,dens_2042223650153961549,849,Density,<Substance c1cc[nH]c1{solv}{x=0.314200}|c1ccccc1{solv}{x=0.685800}>,c1cc[nH]c1,c1ccccc1,openff-2.0.0,3,0.8959488388964172,0.0002728588797384,0.9043500000000002,0.000195
20485,3160,dhmix_2080652523589171296,850,EnthalpyOfMixing,<Substance c1cc[nH]c1{solv}{x=0.820800}|c1ccccc1{solv}{x=0.179200}>,c1cc[nH]c1,c1ccccc1,openff-2.0.0,3,0.2353247883102653,0.0332684873849741,0.3441,0.00245
20486,3161,dhmix_2101365800313583195,851,EnthalpyOfMixing,<Substance c1cc[nH]c1{solv}{x=0.314000}|c1ccccc1{solv}{x=0.686000}>,c1cc[nH]c1,c1ccccc1,openff-2.0.0,3,0.6238648618260356,0.0371030164392451,0.5893,0.00385
20487,3162,dens_592296207180530796,852,Density,<Substance C1CCNCC1{solv}{x=0.250000}|O{solv}{x=0.750000}>,C1CCNCC1,O,openff-2.0.0,3,0.912286521303696,0.0003593836823871,0.9379600000000002,0.000185
20488,3163,dhmix_598563182385523239,853,EnthalpyOfMixing,<Substance C1CCNCC1{solv}{x=0.750000}|O{solv}{x=0.250000}>,C1CCNCC1,O,openff-2.0.0,3,-0.7770061930690133,0.0465373419495763,-1.4628,0.02995
20489,3164,dens_1144696340343060729,854,Density,<Substance C1CCNCC1{solv}{x=0.500000}|O{solv}{x=0.500000}>,C1CCNCC1,O,openff-2.0.0,3,0.8887432651704863,0.0002719466767097,0.90329,0.000235
20490,3165,dens_1551117370864361960,855,Density,<Substance C1CCNCC1{solv}{x=0.750000}|O{solv}{x=0.250000}>,C1CCNCC1,O,openff-2.0.0,3,0.8776036099087707,0.0002269196492207,0.8771300000000002,0.000285
20491,3166,dhmix_2023343497633678069,856,EnthalpyOfMixing,<Substance C1CCNCC1{solv}{x=0.500000}|O{solv}{x=0.500000}>,C1CCNCC1,O,openff-2.0.0,3,-0.923674143721506,0.0349547474041629,-2.1379,0.04355
20492,3167,dhmix_2169709193905404129,857,EnthalpyOfMixing,<Substance C1CCNCC1{solv}{x=0.250000}|O{solv}{x=0.750000}>,C1CCNCC1,O,openff-2.0.0,3,-0.5873985838417894,0.0211891372516502,-1.9642,0.04065
20493,3168,dhmix_597694390671293228,858,EnthalpyOfMixing,<Substance C1CCCCC1{solv}{x=0.495000}|c1cc[nH]c1{solv}{x=0.505000}>,C1CCCCC1,c1cc[nH]c1,openff-2.0.0,3,1.484211587115681,0.0373398774311729,1.4275,0.00895
20494,3169,dens_1402964712081643759,859,Density,<Substance C1CCCCC1{solv}{x=0.281700}|c1cc[nH]c1{solv}{x=0.718300}>,C1CCCCC1,c1cc[nH]c1,openff-2.0.0,3,0.8902779445704239,0.0003105186247396,0.9082800000000002,0.00023
20495,3170,dens_1463337814181203578,860,Density,<Substance C1CCCCC1{solv}{x=0.925100}|c1cc[nH]c1{solv}{x=0.074900}>,C1CCCCC1,c1cc[nH]c1,openff-2.0.0,3,0.7685032577790839,0.0002238662915893,0.7860300000000001,0.00026
20496,3171,dens_1586039458655447443,861,Density,<Substance C1CCCCC1{solv}{x=0.494200}|c1cc[nH]c1{solv}{x=0.505800}>,C1CCCCC1,c1cc[nH]c1,openff-2.0.0,3,0.84016436553931,0.0002590452454142,0.8661300000000002,0.000235
20497,3172,dhmix_1650717903260721901,862,EnthalpyOfMixing,<Substance C1CCCCC1{solv}{x=0.924800}|c1cc[nH]c1{solv}{x=0.075200}>,C1CCCCC1,c1cc[nH]c1,openff-2.0.0,3,0.7628888787909602,0.0450975769511477,0.7315,0.00535
20498,3173,dhmix_1709124910710738018,863,EnthalpyOfMixing,<Substance C1CCCCC1{solv}{x=0.281800}|c1cc[nH]c1{solv}{x=0.718200}>,C1CCCCC1,c1cc[nH]c1,openff-2.0.0,3,1.4058587702247962,0.0311656277987521,1.245,0.00795
20499,3174,dhmix_602003453564252918,864,EnthalpyOfMixing,<Substance COc1ccccc1{solv}{x=0.767000}|OCCc1ccccc1{solv}{x=0.233000}>,COc1ccccc1,OCCc1ccccc1,openff-2.0.0,3,0.902336808739733,0.0465426274459567,1.1154,0.01195
20500,3175,dhmix_831666159864093343,865,EnthalpyOfMixing,<Substance COc1ccccc1{solv}{x=0.267800}|OCCc1ccccc1{solv}{x=0.732200}>,COc1ccccc1,OCCc1ccccc1,openff-2.0.0,3,0.5323449007028103,0.0489840974746503,0.688,0.00745
20501,3176,dhmix_1415130215717622630,866,EnthalpyOfMixing,<Substance COc1ccccc1{solv}{x=0.523200}|OCCc1ccccc1{solv}{x=0.476800}>,COc1ccccc1,OCCc1ccccc1,openff-2.0.0,3,0.9855060496609552,0.0371708665348138,1.0457,0.0112
20502,3177,dens_2018050376435813399,867,Density,<Substance COc1ccccc1{solv}{x=0.767300}|OCCc1ccccc1{solv}{x=0.232700}>,COc1ccccc1,OCCc1ccccc1,openff-2.0.0,3,0.9812169317774084,0.0001576728702919,0.9869000000000002,0.00026
20503,3178,dens_2083067547090229321,868,Density,<Substance COc1ccccc1{solv}{x=0.524500}|OCCc1ccccc1{solv}{x=0.475500}>,COc1ccccc1,OCCc1ccccc1,openff-2.0.0,3,0.9900524798503524,0.0002030624546008,0.9943600000000002,0.00026
20504,3179,dens_2108796896152795987,869,Density,<Substance COc1ccccc1{solv}{x=0.212100}|OCCc1ccccc1{solv}{x=0.787900}>,COc1ccccc1,OCCc1ccccc1,openff-2.0.0,3,1.0007662648065057,0.0002317437536091,1.0032600000000005,0.00026
20505,3180,dhmix_607389561715885318,870,EnthalpyOfMixing,<Substance CC(C)O{solv}{x=0.750600}|CCOC(=O)CC(=O)OCC{solv}{x=0.249400}>,CC(C)O,CCOC(=O)CC(=O)OCC,openff-2.0.0,3,1.9184647323901984,0.040351536249873,1.955,0.021
20506,3181,dhmix_970997719035766241,871,EnthalpyOfMixing,<Substance CC(C)O{solv}{x=0.249200}|CCOC(=O)CC(=O)OCC{solv}{x=0.750800}>,CC(C)O,CCOC(=O)CC(=O)OCC,openff-2.0.0,3,1.5044929834127885,0.0516641705665695,1.804,0.0195
20507,3182,dens_1055220895195342210,872,Density,<Substance CC(C)O{solv}{x=0.700000}|CCOC(=O)CC(=O)OCC{solv}{x=0.300000}>,CC(C)O,CCOC(=O)CC(=O)OCC,openff-2.0.0,3,0.9232904249498796,0.0002181238038631,0.9013080000000002,0.000163
20508,3183,dens_1059428282849222105,873,Density,<Substance CC(C)O{solv}{x=0.500100}|CCOC(=O)CC(=O)OCC{solv}{x=0.499900}>,CC(C)O,CCOC(=O)CC(=O)OCC,openff-2.0.0,3,0.9762045100964218,0.0001944372959116,0.9563730000000004,0.0001215
20509,3184,dhmix_2225069850502215858,874,EnthalpyOfMixing,<Substance CC(C)O{solv}{x=0.499700}|CCOC(=O)CC(=O)OCC{solv}{x=0.500300}>,CC(C)O,CCOC(=O)CC(=O)OCC,openff-2.0.0,3,2.1491789167643915,0.0447086293575201,2.369,0.0255
20510,3185,dens_2227064517025896927,875,Density,<Substance CC(C)O{solv}{x=0.200000}|CCOC(=O)CC(=O)OCC{solv}{x=0.800000}>,CC(C)O,CCOC(=O)CC(=O)OCC,openff-2.0.0,3,1.0345787357666436,0.0002129398643956,1.0176930000000002,0.000103
20511,3186,dhmix_614525131410782877,876,EnthalpyOfMixing,<Substance CCCCCC(C)=O{solv}{x=0.491300}|CCCCNCCCC{solv}{x=0.508700}>,CCCCCC(C)=O,CCCCNCCCC,openff-2.0.0,3,-0.0597024486759494,0.0526200626141496,0.278,0.003
20512,3187,dhmix_1051001364116056564,877,EnthalpyOfMixing,<Substance CCCCCC(C)=O{solv}{x=0.781100}|CCCCNCCCC{solv}{x=0.218900}>,CCCCCC(C)=O,CCCCNCCCC,openff-2.0.0,3,-0.0550010027833991,0.0482939536993119,0.164,0.002
20513,3188,dens_1087422962538109584,878,Density,<Substance CCCCCC(C)=O{solv}{x=0.449900}|CCCCNCCCC{solv}{x=0.550100}>,CCCCCC(C)=O,CCCCNCCCC,openff-2.0.0,3,0.7741264012742738,0.0001190200237006,0.7778490000000002,9.250000000000004e-05
20514,3189,dens_1830187222448876426,879,Density,<Substance CCCCCC(C)=O{solv}{x=0.209700}|CCCCNCCCC{solv}{x=0.790300}>,CCCCCC(C)=O,CCCCNCCCC,openff-2.0.0,3,0.7646592242714987,0.0001797439914931,0.7655110000000002,8.400000000000002e-05
20515,3190,dens_2113849591242853193,880,Density,<Substance CCCCCC(C)=O{solv}{x=0.750900}|CCCCNCCCC{solv}{x=0.249100}>,CCCCCC(C)=O,CCCCNCCCC,openff-2.0.0,3,0.7874727249574311,0.0001635399566063,0.7951660000000003,0.000105
20516,3191,dhmix_2131918011494960609,881,EnthalpyOfMixing,<Substance CCCCCC(C)=O{solv}{x=0.294700}|CCCCNCCCC{solv}{x=0.705300}>,CCCCCC(C)=O,CCCCNCCCC,openff-2.0.0,3,-0.0146217540082318,1.2585904814513736e-05,0.256,0.003
20517,3192,dhmix_618866445574413387,882,EnthalpyOfMixing,<Substance C1CCOCC1{solv}{x=0.442500}|Cc1ccccc1C{solv}{x=0.557500}>,C1CCOCC1,Cc1ccccc1C,openff-2.0.0,3,-0.06544235259841,0.0456577309400523,-0.0342,0.0006
20518,3193,dens_643927890193937545,883,Density,<Substance C1CCOCC1{solv}{x=0.518700}|Cc1ccccc1C{solv}{x=0.481300}>,C1CCOCC1,Cc1ccccc1C,openff-2.0.0,3,0.867374178359519,0.0002247523244527,0.8779900000000003,0.0005
20519,3194,dhmix_1129414916141538177,884,EnthalpyOfMixing,<Substance C1CCOCC1{solv}{x=0.744300}|Cc1ccccc1C{solv}{x=0.255700}>,C1CCOCC1,Cc1ccccc1C,openff-2.0.0,3,0.037159856258512,0.0358435204534652,0.0421,0.00065
20520,3195,dens_1429468909820653032,885,Density,<Substance C1CCOCC1{solv}{x=0.231800}|Cc1ccccc1C{solv}{x=0.768200}>,C1CCOCC1,Cc1ccccc1C,openff-2.0.0,3,0.8630010676016308,0.0002207784845283,0.8770400000000002,0.0005
20521,3196,dens_1442497603142913792,886,Density,<Substance C1CCOCC1{solv}{x=0.772900}|Cc1ccccc1C{solv}{x=0.227100}>,C1CCOCC1,Cc1ccccc1C,openff-2.0.0,3,0.8717965119387665,0.0002445185788256,0.8787800000000002,0.000505
20522,3197,dhmix_2268256048157488415,887,EnthalpyOfMixing,<Substance C1CCOCC1{solv}{x=0.245400}|Cc1ccccc1C{solv}{x=0.754600}>,C1CCOCC1,Cc1ccccc1C,openff-2.0.0,3,-0.0131483984222597,0.044973038092314,-0.0613,0.00085
20523,3198,dens_626398848152359169,888,Density,<Substance C1COCCN1{solv}{x=0.498000}|O{solv}{x=0.502000}>,C1COCCN1,O,openff-2.0.0,3,1.040632397251151,0.0003557002490545,1.0255000000000003,0.00255
20524,3199,dhmix_773913810754342365,889,EnthalpyOfMixing,<Substance C1COCCN1{solv}{x=0.714900}|O{solv}{x=0.285100}>,C1COCCN1,O,openff-2.0.0,3,-1.3603164849603502,0.0389451308478605,-1.753,0.019
20525,3200,dhmix_1012297674499495059,890,EnthalpyOfMixing,<Substance C1COCCN1{solv}{x=0.201000}|O{solv}{x=0.799000}>,C1COCCN1,O,openff-2.0.0,3,-1.1120687314175228,0.0238011659609512,-2.758,0.0295
20526,3201,dens_1167008264969667349,891,Density,<Substance C1COCCN1{solv}{x=0.793000}|O{solv}{x=0.207000}>,C1COCCN1,O,openff-2.0.0,3,1.0449406515857853,0.0003689709322229,1.0057000000000005,0.00245
20527,3202,dhmix_1871930573512426354,892,EnthalpyOfMixing,<Substance C1COCCN1{solv}{x=0.491100}|O{solv}{x=0.508900}>,C1COCCN1,O,openff-2.0.0,3,-1.8431286950937675,0.0324651745955565,-3.131,0.0335
20528,3203,dens_2014911999593579414,893,Density,<Substance C1COCCN1{solv}{x=0.298000}|O{solv}{x=0.702000}>,C1COCCN1,O,openff-2.0.0,3,1.031850766936511,0.0004108996777356,1.0309000000000004,0.00255
20529,3204,dens_627753907231278660,894,Density,<Substance CCC(C)=O{solv}{x=0.753100}|CCCNCCC{solv}{x=0.246900}>,CCC(C)=O,CCCNCCC,openff-2.0.0,3,0.7629577073170097,0.0002245322994124,0.7771510000000001,0.000109
20530,3205,dens_674236159588910357,895,Density,<Substance CCC(C)=O{solv}{x=0.244600}|CCCNCCC{solv}{x=0.755400}>,CCC(C)=O,CCCNCCC,openff-2.0.0,3,0.7424817578029183,0.0002334088065824,0.7446230000000003,0.0001405
20531,3206,dhmix_749228177959685874,896,EnthalpyOfMixing,<Substance CCC(C)=O{solv}{x=0.235300}|CCCNCCC{solv}{x=0.764700}>,CCC(C)=O,CCCNCCC,openff-2.0.0,3,0.0615854130204809,0.0511075123182187,0.299,0.0035
20532,3207,dhmix_1706960823617656563,897,EnthalpyOfMixing,<Substance CCC(C)=O{solv}{x=0.698400}|CCCNCCC{solv}{x=0.301600}>,CCC(C)=O,CCCNCCC,openff-2.0.0,3,0.0894402858782683,0.0383371995406517,0.334,0.0035
20533,3208,dhmix_2102794241345605516,898,EnthalpyOfMixing,<Substance CCC(C)=O{solv}{x=0.505000}|CCCNCCC{solv}{x=0.495000}>,CCC(C)=O,CCCNCCC,openff-2.0.0,3,0.1674841146573271,0.0411031907976514,0.397,0.0045
20534,3209,dens_2224864308887622456,899,Density,<Substance CCC(C)=O{solv}{x=0.500600}|CCCNCCC{solv}{x=0.499400}>,CCC(C)=O,CCCNCCC,openff-2.0.0,3,0.7522982342361696,0.0002555088879648,0.7590400000000002,0.000125
20535,3210,dhmix_628329103086906726,900,EnthalpyOfMixing,<Substance CC1CCCCC1{solv}{x=0.250400}|CCCO{solv}{x=0.749600}>,CC1CCCCC1,CCCO,openff-2.0.0,3,0.4814353727923617,0.0369017057130117,0.321,0.0055
20536,3211,dhmix_989207392771680315,901,EnthalpyOfMixing,<Substance CC1CCCCC1{solv}{x=0.750500}|CCCO{solv}{x=0.249500}>,CC1CCCCC1,CCCO,openff-2.0.0,3,0.5664786004356017,0.0472023244387071,0.574,0.0055
20537,3212,dens_1351260115393741606,902,Density,<Substance CC1CCCCC1{solv}{x=0.503100}|CCCO{solv}{x=0.496900}>,CC1CCCCC1,CCCO,openff-2.0.0,3,0.7743158508695469,0.0002505304859306,0.7785600000000001,0.0039
20538,3213,dens_1376195506089851480,903,Density,<Substance CC1CCCCC1{solv}{x=0.202700}|CCCO{solv}{x=0.797300}>,CC1CCCCC1,CCCO,openff-2.0.0,3,0.7858763759903463,0.0002540444588824,0.7942000000000002,0.00398
20539,3214,dens_1501229836503112732,904,Density,<Substance CC1CCCCC1{solv}{x=0.799000}|CCCO{solv}{x=0.201000}>,CC1CCCCC1,CCCO,openff-2.0.0,3,0.7672407302292,0.000217252913003,0.7688300000000002,0.003855
20540,3215,dhmix_2109805019413953371,905,EnthalpyOfMixing,<Substance CC1CCCCC1{solv}{x=0.500400}|CCCO{solv}{x=0.499600}>,CC1CCCCC1,CCCO,openff-2.0.0,3,0.7732575840591096,0.0442383954434092,0.533,0.0055
20541,3216,dhmix_634764080264908666,906,EnthalpyOfMixing,<Substance OCCN1CCOCC1{solv}{x=0.498900}|O{solv}{x=0.501100}>,O,OCCN1CCOCC1,openff-2.0.0,3,-1.8913724873168576,1.224745687887898e-05,-2.2633,0.02415
20542,3217,dens_707792343667224312,907,Density,<Substance OCCN1CCOCC1{solv}{x=0.246600}|O{solv}{x=0.753400}>,O,OCCN1CCOCC1,openff-2.0.0,3,1.0704384491053782,1e-05,1.0838100000000002,0.00154
20543,3218,dhmix_1064373607860850902,908,EnthalpyOfMixing,<Substance OCCN1CCOCC1{solv}{x=0.694900}|O{solv}{x=0.305100}>,O,OCCN1CCOCC1,openff-2.0.0,3,-1.8166606881569576,1.2554083001159425e-05,-1.7936,0.01915
20544,3219,dhmix_1846281306963870091,909,EnthalpyOfMixing,<Substance OCCN1CCOCC1{solv}{x=0.300200}|O{solv}{x=0.699800}>,O,OCCN1CCOCC1,openff-2.0.0,3,-1.601188203543515,1.2569805089976535e-05,-2.426,0.026
20545,3220,dens_2238932092645470826,910,Density,<Substance OCCN1CCOCC1{solv}{x=0.743900}|O{solv}{x=0.256100}>,O,OCCN1CCOCC1,openff-2.0.0,3,1.0881344172412242,1e-05,1.08031,0.001565
20546,3221,dens_2269173599223764079,911,Density,<Substance OCCN1CCOCC1{solv}{x=0.485200}|O{solv}{x=0.514800}>,O,OCCN1CCOCC1,openff-2.0.0,3,1.0837649564170246,1e-05,1.0866900000000004,0.00159
20547,3222,dhmix_636778454546345333,912,EnthalpyOfMixing,<Substance C1CCCCC1{solv}{x=0.506300}|CNc1ccccc1{solv}{x=0.493700}>,C1CCCCC1,CNc1ccccc1,openff-2.0.0,3,2.2956491333168003,0.044614551477321,1.628,0.0175
20548,3223,dens_1209163492396921559,913,Density,<Substance C1CCCCC1{solv}{x=0.247000}|CNc1ccccc1{solv}{x=0.753000}>,C1CCCCC1,CNc1ccccc1,openff-2.0.0,3,0.9322844081543996,0.0002146994178048,0.9289450000000002,0.000272
20549,3224,dens_1438140901521078017,914,Density,<Substance C1CCCCC1{solv}{x=0.494500}|CNc1ccccc1{solv}{x=0.505500}>,C1CCCCC1,CNc1ccccc1,openff-2.0.0,3,0.8719094099877283,0.0002036875448669,0.8759620000000002,0.0001835
20550,3225,dens_1482697199055102595,915,Density,<Substance C1CCCCC1{solv}{x=0.746400}|CNc1ccccc1{solv}{x=0.253600}>,C1CCCCC1,CNc1ccccc1,openff-2.0.0,3,0.8133002997136984,0.0001888907903567,0.8233530000000001,0.000138
20551,3226,dhmix_1832297119731463766,916,EnthalpyOfMixing,<Substance C1CCCCC1{solv}{x=0.204700}|CNc1ccccc1{solv}{x=0.795300}>,C1CCCCC1,CNc1ccccc1,openff-2.0.0,3,1.557630381699795,0.0403618490615788,0.972,0.0105
20552,3227,dhmix_1889368397403208807,917,EnthalpyOfMixing,<Substance C1CCCCC1{solv}{x=0.706600}|CNc1ccccc1{solv}{x=0.293400}>,C1CCCCC1,CNc1ccccc1,openff-2.0.0,3,1.9653831516297944,0.044380712299288,1.521,0.0165
20553,3228,dhmix_637657437173907469,918,EnthalpyOfMixing,<Substance CC(C)=O{solv}{x=0.709700}|CNc1ccccc1{solv}{x=0.290300}>,CC(C)=O,CNc1ccccc1,openff-2.0.0,3,-0.5490087460126016,0.0368358390811199,-0.525,0.0055
20554,3229,dhmix_817594693007274900,919,EnthalpyOfMixing,<Substance CC(C)=O{solv}{x=0.231600}|CNc1ccccc1{solv}{x=0.768400}>,CC(C)=O,CNc1ccccc1,openff-2.0.0,3,-0.5162043068141813,0.0407492997560105,-0.5,0.0055
20555,3230,dens_830664987854613197,920,Density,<Substance CC(C)=O{solv}{x=0.250300}|CNc1ccccc1{solv}{x=0.749700}>,CC(C)=O,CNc1ccccc1,openff-2.0.0,3,0.9573352885663972,0.0001558319766442,0.9502900000000002,0.0003395
20556,3231,dhmix_1052042310023734389,921,EnthalpyOfMixing,<Substance CC(C)=O{solv}{x=0.508600}|CNc1ccccc1{solv}{x=0.491400}>,CC(C)=O,CNc1ccccc1,openff-2.0.0,3,-0.5963726580791473,0.0414442312236015,-0.672,0.0075
20557,3232,dens_1302333367899693905,922,Density,<Substance CC(C)=O{solv}{x=0.750600}|CNc1ccccc1{solv}{x=0.249400}>,CC(C)=O,CNc1ccccc1,openff-2.0.0,3,0.8485842202053318,0.0002318187197857,0.8565010000000002,0.000231
20558,3233,dens_1582643029733708616,923,Density,<Substance CC(C)=O{solv}{x=0.494800}|CNc1ccccc1{solv}{x=0.505200}>,CC(C)=O,CNc1ccccc1,openff-2.0.0,3,0.910764477734318,0.0002144696186512,0.9107940000000002,0.000263
20559,3234,dens_650566412384126439,924,Density,<Substance CC(C)CC(C)(C)C{solv}{x=0.158800}|CCCCC(=O)OC{solv}{x=0.841200}>,CC(C)CC(C)(C)C,CCCCC(=O)OC,openff-2.0.0,3,0.8516304018406521,0.0001946777437871,0.8463800000000002,0.000505
20560,3235,dhmix_986100941633296124,925,EnthalpyOfMixing,<Substance CC(C)CC(C)(C)C{solv}{x=0.481800}|CCCCC(=O)OC{solv}{x=0.518200}>,CC(C)CC(C)(C)C,CCCCC(=O)OC,openff-2.0.0,3,1.3198191471757923,0.0492280384084817,0.866,0.0095
20561,3236,dens_1095352626338523806,926,Density,<Substance CC(C)CC(C)(C)C{solv}{x=0.742500}|CCCCC(=O)OC{solv}{x=0.257500}>,CC(C)CC(C)(C)C,CCCCC(=O)OC,openff-2.0.0,3,0.746398002012458,0.0001895703146531,0.7289800000000002,0.000505
20562,3237,dens_1260001645299629257,927,Density,<Substance CC(C)CC(C)(C)C{solv}{x=0.498400}|CCCCC(=O)OC{solv}{x=0.501600}>,CC(C)CC(C)(C)C,CCCCC(=O)OC,openff-2.0.0,3,0.7869193759628449,0.0002122808528279,0.7738400000000002,0.000505
20563,3238,dhmix_1505455794590867712,928,EnthalpyOfMixing,<Substance CC(C)CC(C)(C)C{solv}{x=0.158900}|CCCCC(=O)OC{solv}{x=0.841100}>,CC(C)CC(C)(C)C,CCCCC(=O)OC,openff-2.0.0,3,0.6762808880150999,0.0455194583341537,0.438,0.005
20564,3239,dhmix_1888614200283593194,929,EnthalpyOfMixing,<Substance CC(C)CC(C)(C)C{solv}{x=0.781300}|CCCCC(=O)OC{solv}{x=0.218700}>,CC(C)CC(C)(C)C,CCCCC(=O)OC,openff-2.0.0,3,1.1548892290482229,0.0553316171319259,0.658,0.007
20565,3240,dhmix_657900975986635712,930,EnthalpyOfMixing,<Substance Cc1ccccc1N{solv}{x=0.782700}|Cc1ccncc1{solv}{x=0.217300}>,Cc1ccccc1N,Cc1ccncc1,openff-2.0.0,3,-0.9449226389868102,0.049222990685504,-0.8885,0.0182
20566,3241,dhmix_727678512066874384,931,EnthalpyOfMixing,<Substance Cc1ccccc1N{solv}{x=0.478300}|Cc1ccncc1{solv}{x=0.521700}>,Cc1ccccc1N,Cc1ccncc1,openff-2.0.0,3,-1.5296699744641984,0.0395864217939946,-1.4295,0.0291
20567,3242,dhmix_860941552641107708,932,EnthalpyOfMixing,<Substance Cc1ccccc1N{solv}{x=0.271500}|Cc1ccncc1{solv}{x=0.728500}>,Cc1ccccc1N,Cc1ccncc1,openff-2.0.0,3,-1.2459945206440075,0.0440897118056972,-1.1791,0.02405
20568,3243,dens_1148106102021344214,933,Density,<Substance Cc1ccccc1N{solv}{x=0.265500}|Cc1ccncc1{solv}{x=0.734500}>,Cc1ccccc1N,Cc1ccncc1,openff-2.0.0,3,0.9751604368667776,0.0001633401316311,0.9662520000000002,0.00012
20569,3244,dens_1294189007890656769,934,Density,<Substance Cc1ccccc1N{solv}{x=0.486300}|Cc1ccncc1{solv}{x=0.513700}>,Cc1ccccc1N,Cc1ccncc1,openff-2.0.0,3,0.9917821956083556,0.0001734267520654,0.9765780000000002,0.000119
20570,3245,dens_1461384477504239974,935,Density,<Substance Cc1ccccc1N{solv}{x=0.767400}|Cc1ccncc1{solv}{x=0.232600}>,Cc1ccccc1N,Cc1ccncc1,openff-2.0.0,3,1.009200229306812,0.0002529434680522,0.9868740000000004,0.000118
20571,3246,dens_671712471159959715,936,Density,<Substance CCCCCCN{solv}{x=0.294400}|CN(C)C=O{solv}{x=0.705600}>,CCCCCCN,CN(C)C=O,openff-2.0.0,3,0.8655040124391112,0.0002492596528283,0.8676880000000002,0.001057
20572,3247,dhmix_791979567859859400,937,EnthalpyOfMixing,<Substance CCCCCCN{solv}{x=0.747800}|CN(C)C=O{solv}{x=0.252200}>,CCCCCCN,CN(C)C=O,openff-2.0.0,3,0.2674058585094769,0.0456378811031344,0.461,0.015
20573,3248,dens_812907294215791908,938,Density,<Substance CCCCCCN{solv}{x=0.450000}|CN(C)C=O{solv}{x=0.550000}>,CCCCCCN,CN(C)C=O,openff-2.0.0,3,0.840256671026931,0.000205003292721,0.8367510000000001,0.001016
20574,3249,dhmix_1553880519684715156,939,EnthalpyOfMixing,<Substance CCCCCCN{solv}{x=0.249700}|CN(C)C=O{solv}{x=0.750300}>,CCCCCCN,CN(C)C=O,openff-2.0.0,3,0.3000824079846609,0.0399193904961893,0.51,0.0165
20575,3250,dens_1658157305664412923,940,Density,<Substance CCCCCCN{solv}{x=0.745200}|CN(C)C=O{solv}{x=0.254800}>,CCCCCCN,CN(C)C=O,openff-2.0.0,3,0.8018563998007847,0.0002334365233181,0.7905460000000002,0.0009575
20576,3251,dhmix_2271922176351407084,941,EnthalpyOfMixing,<Substance CCCCCCN{solv}{x=0.499700}|CN(C)C=O{solv}{x=0.500300}>,CCCCCCN,CN(C)C=O,openff-2.0.0,3,0.464475463490686,0.0398893701462227,0.661,0.02
20577,3252,dhmix_676105854791415053,942,EnthalpyOfMixing,<Substance C=C(C)[C@H]1CC=C(C)CC1{solv}{x=0.540000}|CCCCCO{solv}{x=0.460000}>,C=C(C)[C@H]1CC=C(C)CC1,CCCCCO,openff-2.0.0,3,1.0532086742332183,0.0477576895387065,0.858,0.0345
20578,3253,dhmix_865539540276734208,943,EnthalpyOfMixing,<Substance C=C(C)[C@H]1CC=C(C)CC1{solv}{x=0.766000}|CCCCCO{solv}{x=0.234000}>,C=C(C)[C@H]1CC=C(C)CC1,CCCCCO,openff-2.0.0,3,0.8044365374619247,0.0515886395433238,0.782,0.0315
20579,3254,dens_1544700949225348296,944,Density,<Substance C=C(C)[C@H]1CC=C(C)CC1{solv}{x=0.263500}|CCCCCO{solv}{x=0.736500}>,C=C(C)[C@H]1CC=C(C)CC1,CCCCCO,openff-2.0.0,3,0.81846218362631,0.0001925958887743,0.8238000000000002,0.0002
20580,3255,dens_1638649899512334435,945,Density,<Substance C=C(C)[C@H]1CC=C(C)CC1{solv}{x=0.543500}|CCCCCO{solv}{x=0.456500}>,C=C(C)[C@H]1CC=C(C)CC1,CCCCCO,openff-2.0.0,3,0.8212790382328438,0.0001941585769497,0.8312000000000003,0.0003
20581,3256,dens_2014432371647189246,946,Density,<Substance C=C(C)[C@H]1CC=C(C)CC1{solv}{x=0.725200}|CCCCCO{solv}{x=0.274800}>,C=C(C)[C@H]1CC=C(C)CC1,CCCCCO,openff-2.0.0,3,0.8236318543183611,0.0001802715223921,0.8354000000000001,0.00035
20582,3257,dhmix_2293008983270202716,947,EnthalpyOfMixing,<Substance C=C(C)[C@H]1CC=C(C)CC1{solv}{x=0.272000}|CCCCCO{solv}{x=0.728000}>,C=C(C)[C@H]1CC=C(C)CC1,CCCCCO,openff-2.0.0,3,0.6752282773894933,0.0479039819390954,0.532,0.0215
20583,3258,dens_680086766431069719,948,Density,<Substance CN1CCNCC1{solv}{x=0.209100}|O{solv}{x=0.790900}>,CN1CCNCC1,O,openff-2.0.0,3,0.9961484042965842,0.000384908826943,1.0013300000000005,4.000000000000001e-05
20584,3259,dhmix_979415629850644100,949,EnthalpyOfMixing,<Substance CN1CCNCC1{solv}{x=0.199800}|O{solv}{x=0.800200}>,CN1CCNCC1,O,openff-2.0.0,3,-3.1223218764511316,0.0255151812793508,-4.495,0.048
20585,3260,dhmix_1386641258873877278,950,EnthalpyOfMixing,<Substance CN1CCNCC1{solv}{x=0.792600}|O{solv}{x=0.207400}>,CN1CCNCC1,O,openff-2.0.0,3,-1.1268933345818368,0.0417696079978704,-1.753,0.019
20586,3261,dhmix_1572121970391530461,951,EnthalpyOfMixing,<Substance CN1CCNCC1{solv}{x=0.550000}|O{solv}{x=0.450000}>,CN1CCNCC1,O,openff-2.0.0,3,-2.521664186193646,0.0551443964505875,-3.547,0.038
20587,3262,dens_1756096179620961699,952,Density,<Substance CN1CCNCC1{solv}{x=0.510900}|O{solv}{x=0.489100}>,CN1CCNCC1,O,openff-2.0.0,3,0.9755377863053222,0.0003135505356997,0.9464100000000002,7.000000000000002e-05
20588,3263,dens_1892970147583328629,953,Density,<Substance CN1CCNCC1{solv}{x=0.706500}|O{solv}{x=0.293500}>,CN1CCNCC1,O,openff-2.0.0,3,0.965999425995902,0.0002399775833256,0.9223100000000002,8.500000000000002e-05
20589,3264,dhmix_681274412655414068,954,EnthalpyOfMixing,<Substance CCCOC(=O)CC{solv}{x=0.739400}|Cc1ccccc1{solv}{x=0.260600}>,CCCOC(=O)CC,Cc1ccccc1,openff-2.0.0,3,-0.2562163798309598,0.0447205816089909,-0.1135,0.0033
20590,3265,dhmix_720914323963600437,955,EnthalpyOfMixing,<Substance CCCOC(=O)CC{solv}{x=0.238900}|Cc1ccccc1{solv}{x=0.761100}>,CCCOC(=O)CC,Cc1ccccc1,openff-2.0.0,3,-0.2902658867138541,0.0397277720545633,-0.1404,0.0037
20591,3266,dens_1397630560016316656,956,Density,<Substance CCCOC(=O)CC{solv}{x=0.274700}|Cc1ccccc1{solv}{x=0.725300}>,CCCOC(=O)CC,Cc1ccccc1,openff-2.0.0,3,0.8633006445399,0.0002473487915623,0.8675700000000003,0.00018
20592,3267,dhmix_1646061995263935606,957,EnthalpyOfMixing,<Substance CCCOC(=O)CC{solv}{x=0.548600}|Cc1ccccc1{solv}{x=0.451400}>,CCCOC(=O)CC,Cc1ccccc1,openff-2.0.0,3,-0.3750730704378782,0.038705898234165,-0.1583,0.004
20593,3268,dens_1792064777238352129,958,Density,<Substance CCCOC(=O)CC{solv}{x=0.490700}|Cc1ccccc1{solv}{x=0.509300}>,CCCOC(=O)CC,Cc1ccccc1,openff-2.0.0,3,0.8684635180635268,0.0002275210145758,0.8707300000000002,0.00019
20594,3269,dens_1826904081955826008,959,Density,<Substance CCCOC(=O)CC{solv}{x=0.734600}|Cc1ccccc1{solv}{x=0.265400}>,CCCOC(=O)CC,Cc1ccccc1,openff-2.0.0,3,0.8729074331793345,0.0001981673520425,0.8734100000000001,0.00021
20595,3270,dens_685747331874801159,960,Density,<Substance CN1CCOCC1{solv}{x=0.498300}|O{solv}{x=0.501700}>,CN1CCOCC1,O,openff-2.0.0,3,0.978573206910779,0.0002653777145018,0.9627600000000002,0.00084
20596,3271,dens_1087644349445114282,961,Density,<Substance CN1CCOCC1{solv}{x=0.253800}|O{solv}{x=0.746200}>,CN1CCOCC1,O,openff-2.0.0,3,0.9878173242751458,0.0002858887207021,0.9918800000000002,0.00059
20597,3272,dens_1374975991061431070,962,Density,<Substance CN1CCOCC1{solv}{x=0.758700}|O{solv}{x=0.241300}>,CN1CCOCC1,O,openff-2.0.0,3,0.9663213125658836,0.0002036897472199,0.9345300000000002,0.00112
20598,3273,dhmix_686592400130667234,963,EnthalpyOfMixing,<Substance BrCCCBr{solv}{x=0.231300}|COC(C)=O{solv}{x=0.768700}>,BrCCCBr,COC(C)=O,openff-2.0.0,3,0.2321606117713059,0.033917174919576,0.2115,0.0024
20599,3274,dhmix_691866222529030049,964,EnthalpyOfMixing,<Substance BrCCCBr{solv}{x=0.504200}|COC(C)=O{solv}{x=0.495800}>,BrCCCBr,COC(C)=O,openff-2.0.0,3,0.3373491143765079,0.033298719278779,0.3912,0.0038
20600,3275,dens_1032175440351342196,965,Density,<Substance BrCCCBr{solv}{x=0.243500}|COC(C)=O{solv}{x=0.756500}>,BrCCCBr,COC(C)=O,openff-2.0.0,3,1.224445623944384,0.0003993953436105,1.2277600000000002,0.00096
20601,3276,dens_1180265274183315765,966,Density,<Substance BrCCCBr{solv}{x=0.713800}|COC(C)=O{solv}{x=0.286200}>,BrCCCBr,COC(C)=O,openff-2.0.0,3,1.6785547592853116,0.0004903251671343,1.7174300000000005,0.002745
20602,3277,dhmix_1380172638999588939,967,EnthalpyOfMixing,<Substance BrCCCBr{solv}{x=0.759400}|COC(C)=O{solv}{x=0.240600}>,BrCCCBr,COC(C)=O,openff-2.0.0,3,0.2868163035894753,0.0356228325602164,0.313,0.0032
20603,3278,dens_1697077234757321859,968,Density,<Substance BrCCCBr{solv}{x=0.525600}|COC(C)=O{solv}{x=0.474400}>,BrCCCBr,COC(C)=O,openff-2.0.0,3,1.5113007627010029,0.000471461717966,1.5338800000000006,0.001965
20604,3279,dens_693154680723850561,969,Density,<Substance CN1CCCC1=O{solv}{x=0.756400}|Cc1ccccc1{solv}{x=0.243600}>,CN1CCCC1=O,Cc1ccccc1,openff-2.0.0,3,0.9673433476809866,0.0002006807186388,0.9854500000000004,0.00034
20605,3280,dhmix_1759507684169085916,970,EnthalpyOfMixing,<Substance CN1CCCC1=O{solv}{x=0.741800}|Cc1ccccc1{solv}{x=0.258200}>,CN1CCCC1=O,Cc1ccccc1,openff-2.0.0,3,-0.0862317454600969,0.0438204438137762,-0.2141,0.0024
20606,3281,dens_1796497685752507694,971,Density,<Substance CN1CCCC1=O{solv}{x=0.481500}|Cc1ccccc1{solv}{x=0.518500}>,CN1CCCC1=O,Cc1ccccc1,openff-2.0.0,3,0.9266915638223908,0.0002342225741316,0.9415400000000002,0.00028
20607,3282,dhmix_1857599089574133884,972,EnthalpyOfMixing,<Substance CN1CCCC1=O{solv}{x=0.223100}|Cc1ccccc1{solv}{x=0.776900}>,CN1CCCC1=O,Cc1ccccc1,openff-2.0.0,3,-0.0391126569802509,0.0467059069450157,-0.1889,0.00215
20608,3283,dens_1886489466266398819,973,Density,<Substance CN1CCCC1=O{solv}{x=0.221600}|Cc1ccccc1{solv}{x=0.778400}>,CN1CCCC1=O,Cc1ccccc1,openff-2.0.0,3,0.8955311550188577,0.0002238823238166,0.9061600000000002,0.00076
20609,3284,dhmix_2238554893157725289,974,EnthalpyOfMixing,<Substance CN1CCCC1=O{solv}{x=0.482100}|Cc1ccccc1{solv}{x=0.517900}>,CN1CCCC1=O,Cc1ccccc1,openff-2.0.0,3,0.0145533899405023,0.0407244125633817,-0.2985,0.0033
20610,3285,dens_717951284355382404,975,Density,<Substance CN1CCCC1=O{solv}{x=0.702300}|ClCCCCCCCl{solv}{x=0.297700}>,CN1CCCC1=O,ClCCCCCCCl,openff-2.0.0,3,1.0301030697692477,0.0002319130105389,1.0416,0.0003
20611,3286,dhmix_859697969059379656,976,EnthalpyOfMixing,<Substance CN1CCCC1=O{solv}{x=0.503000}|ClCCCCCCCl{solv}{x=0.497000}>,CN1CCCC1=O,ClCCCCCCCl,openff-2.0.0,3,0.3432653557065919,0.0452021650777075,-0.2,0.0025
20612,3287,dhmix_916885053388204545,977,EnthalpyOfMixing,<Substance CN1CCCC1=O{solv}{x=0.212000}|ClCCCCCCCl{solv}{x=0.788000}>,CN1CCCC1=O,ClCCCCCCCl,openff-2.0.0,3,0.1262274160400807,0.0435228612618467,-0.13,0.002
20613,3288,dens_1483670447992291960,978,Density,<Substance CN1CCCC1=O{solv}{x=0.201600}|ClCCCCCCCl{solv}{x=0.798400}>,CN1CCCC1=O,ClCCCCCCCl,openff-2.0.0,3,1.05676851074587,0.0002139309494643,1.0584000000000005,0.00055
20614,3289,dens_1896555095774116819,979,Density,<Substance CN1CCCC1=O{solv}{x=0.504900}|ClCCCCCCCl{solv}{x=0.495100}>,CN1CCCC1=O,ClCCCCCCCl,openff-2.0.0,3,1.0421758844188085,0.0002176914456733,1.0490000000000002,0.00035
20615,3290,dhmix_2039443272323887912,980,EnthalpyOfMixing,<Substance CN1CCCC1=O{solv}{x=0.797000}|ClCCCCCCCl{solv}{x=0.203000}>,CN1CCCC1=O,ClCCCCCCCl,openff-2.0.0,3,0.3074998795913473,0.0447211263207137,-0.123,0.002
20616,3291,dhmix_729169544598225866,981,EnthalpyOfMixing,<Substance CN(C)C=O{solv}{x=0.203000}|ClCCCCCCCl{solv}{x=0.797000}>,CN(C)C=O,ClCCCCCCCl,openff-2.0.0,3,0.4087133161698659,0.046293605468777,0.195,0.0025
20617,3292,dhmix_1359105787212172230,982,EnthalpyOfMixing,<Substance CN(C)C=O{solv}{x=0.796000}|ClCCCCCCCl{solv}{x=0.204000}>,CN(C)C=O,ClCCCCCCCl,openff-2.0.0,3,0.5413968647737306,0.0422805201249068,0.24,0.0025
20618,3293,dhmix_1534380829757525169,983,EnthalpyOfMixing,<Substance CN(C)C=O{solv}{x=0.498000}|ClCCCCCCCl{solv}{x=0.502000}>,CN(C)C=O,ClCCCCCCCl,openff-2.0.0,3,0.7846323637645298,0.0388134217661284,0.34,0.0025
20619,3294,dens_1752369236407148840,984,Density,<Substance CN(C)C=O{solv}{x=0.503300}|ClCCCCCCCl{solv}{x=0.496700}>,CN(C)C=O,ClCCCCCCCl,openff-2.0.0,3,1.0125481747007874,0.0002594793447174,1.0190000000000003,0.00155
20620,3295,dens_2070195997725277466,985,Density,<Substance CN(C)C=O{solv}{x=0.703400}|ClCCCCCCCl{solv}{x=0.296600}>,CN(C)C=O,ClCCCCCCCl,openff-2.0.0,3,0.9839437905591072,0.000206744116845,0.9943000000000002,0.0017
20621,3296,dens_2171945276872385012,986,Density,<Substance CN(C)C=O{solv}{x=0.201300}|ClCCCCCCCl{solv}{x=0.798700}>,CN(C)C=O,ClCCCCCCCl,openff-2.0.0,3,1.0460229912169403,0.0001461679079157,1.0486000000000002,0.0014
20622,3297,dens_741100297092592576,987,Density,<Substance C1CCCCC1{solv}{x=0.265900}|C1CCOCC1{solv}{x=0.734100}>,C1CCCCC1,C1CCOCC1,openff-2.0.0,3,0.8413011297185228,0.0002617447286564,0.8470300000000002,0.000505
20623,3298,dens_1002639246322609242,988,Density,<Substance C1CCCCC1{solv}{x=0.762200}|C1CCOCC1{solv}{x=0.237800}>,C1CCCCC1,C1CCOCC1,openff-2.0.0,3,0.7836545053192301,0.0002017228634653,0.7952000000000002,0.000505
20624,3299,dhmix_1171155554844966705,989,EnthalpyOfMixing,<Substance C1CCCCC1{solv}{x=0.247100}|C1CCOCC1{solv}{x=0.752900}>,C1CCCCC1,C1CCOCC1,openff-2.0.0,3,0.4200553284919408,0.0424500305626107,0.3613,0.00395
20625,3300,dens_2142973677177666085,990,Density,<Substance C1CCCCC1{solv}{x=0.501800}|C1CCOCC1{solv}{x=0.498200}>,C1CCCCC1,C1CCOCC1,openff-2.0.0,3,0.8121775875151779,0.0002275050896479,0.8211500000000002,0.000505
20626,3301,dhmix_2195791820105752985,991,EnthalpyOfMixing,<Substance C1CCCCC1{solv}{x=0.726600}|C1CCOCC1{solv}{x=0.273400}>,C1CCCCC1,C1CCOCC1,openff-2.0.0,3,0.6071321392163327,0.0483860743661106,0.4424,0.00485
20627,3302,dhmix_2296999979529762407,992,EnthalpyOfMixing,<Substance C1CCCCC1{solv}{x=0.499000}|C1CCOCC1{solv}{x=0.501000}>,C1CCCCC1,C1CCOCC1,openff-2.0.0,3,0.7024714109569743,0.0422985940710896,0.526,0.0055
20628,3303,dhmix_744994939606384802,993,EnthalpyOfMixing,<Substance CO{solv}{x=0.300000}|O{solv}{x=0.700000}>,CO,O,openff-2.0.0,3,0.0909111386096217,1.2569805089976535e-05,-0.85,0.005
20629,3304,dens_1085345433585028387,994,Density,<Substance CO{solv}{x=0.499700}|O{solv}{x=0.500300}>,CO,O,openff-2.0.0,3,0.8403392897802169,0.0005092205442555,0.8816900000000003,0.000165
20630,3305,dhmix_1126710771921470495,995,EnthalpyOfMixing,<Substance CO{solv}{x=0.700000}|O{solv}{x=0.300000}>,CO,O,openff-2.0.0,3,0.0338248028724326,1.2569805089976535e-05,-0.583,0.0035
20631,3306,dens_1258832080354057572,996,Density,<Substance CO{solv}{x=0.300300}|O{solv}{x=0.699700}>,CO,O,openff-2.0.0,3,0.8876792815815857,1e-05,0.9252100000000004,0.000125
20632,3307,dens_1758371820245200558,997,Density,<Substance CO{solv}{x=0.760500}|O{solv}{x=0.239500}>,CO,O,openff-2.0.0,3,0.7967318292019789,0.000472548012865,0.8289000000000002,0.0001
20633,3308,dhmix_1824296469249495553,998,EnthalpyOfMixing,<Substance CO{solv}{x=0.500000}|O{solv}{x=0.500000}>,CO,O,openff-2.0.0,3,0.1203345257906427,1.2247448713915892e-05,-0.777,0.0045
20634,3309,dhmix_753952445434773754,999,EnthalpyOfMixing,<Substance CCCCCCCCCl{solv}{x=0.493000}|CN1CCCC1=O{solv}{x=0.507000}>,CCCCCCCCCl,CN1CCCC1=O,openff-2.0.0,3,1.2293509736211945,0.0452391361823893,0.638,0.0035
20635,3310,dhmix_1273186684325800862,1000,EnthalpyOfMixing,<Substance CCCCCCCCCl{solv}{x=0.783000}|CN1CCCC1=O{solv}{x=0.217000}>,CCCCCCCCCl,CN1CCCC1=O,openff-2.0.0,3,0.7868130650499552,0.0550961650541553,0.371,0.003
20636,3311,dhmix_1457789704046029008,1001,EnthalpyOfMixing,<Substance CCCCCCCCCl{solv}{x=0.202000}|CN1CCCC1=O{solv}{x=0.798000}>,CCCCCCCCCl,CN1CCCC1=O,openff-2.0.0,3,0.8272767990931413,0.0438598552304525,0.5,0.0035
20637,3312,dens_1965529278608066299,1002,Density,<Substance CCCCCCCCCl{solv}{x=0.299500}|CN1CCCC1=O{solv}{x=0.700500}>,CCCCCCCCCl,CN1CCCC1=O,openff-2.0.0,3,0.9479011063807288,0.0002108678178321,0.9598000000000002,0.00025
20638,3313,dens_2167805246575708222,1003,Density,<Substance CCCCCCCCCl{solv}{x=0.798600}|CN1CCCC1=O{solv}{x=0.201400}>,CCCCCCCCCl,CN1CCCC1=O,openff-2.0.0,3,0.8844412246582324,0.0001846437755976,0.8888000000000001,0.00055
20639,3314,dens_2177162670107081086,1004,Density,<Substance CCCCCCCCCl{solv}{x=0.497900}|CN1CCCC1=O{solv}{x=0.502100}>,CCCCCCCCCl,CN1CCCC1=O,openff-2.0.0,3,0.9189086608052232,0.0001497313208332,0.9269000000000002,0.00035
20640,3315,dhmix_756380521637559100,1005,EnthalpyOfMixing,<Substance C1COCCO1{solv}{x=0.500000}|O=C1CCCCC1{solv}{x=0.500000}>,C1COCCO1,O=C1CCCCC1,openff-2.0.0,3,0.2413181798621622,0.0419919897032963,0.28584,0.00154
20641,3316,dens_1139761443535371798,1006,Density,<Substance C1COCCO1{solv}{x=0.459400}|O=C1CCCCC1{solv}{x=0.540600}>,C1COCCO1,O=C1CCCCC1,openff-2.0.0,3,0.9686427420904176,0.0002036158899404,0.9762000000000004,0.00025
20642,3317,dhmix_1367833850972054360,1007,EnthalpyOfMixing,<Substance C1COCCO1{solv}{x=0.750000}|O=C1CCCCC1{solv}{x=0.250000}>,C1COCCO1,O=C1CCCCC1,openff-2.0.0,3,0.1469157054791878,0.042038242306308,0.23662,0.001355
20643,3318,dhmix_1533665710565492443,1008,EnthalpyOfMixing,<Substance C1COCCO1{solv}{x=0.250000}|O=C1CCCCC1{solv}{x=0.750000}>,C1COCCO1,O=C1CCCCC1,openff-2.0.0,3,0.1735192150478894,0.0437145027898963,0.20076,0.00121
20644,3319,dens_1556646832168598904,1009,Density,<Substance C1COCCO1{solv}{x=0.797800}|O=C1CCCCC1{solv}{x=0.202200}>,C1COCCO1,O=C1CCCCC1,openff-2.0.0,3,1.0107523574880166,0.0002187818026447,1.0062000000000002,0.00025
20645,3320,dens_1806066395455679216,1010,Density,<Substance C1COCCO1{solv}{x=0.272000}|O=C1CCCCC1{solv}{x=0.728000}>,C1COCCO1,O=C1CCCCC1,openff-2.0.0,3,0.9482810077318116,0.0001646083161843,0.9614000000000004,0.00025
20646,3321,dhmix_781473821930081125,1011,EnthalpyOfMixing,<Substance CCOc1ccccc1{solv}{x=0.765100}|OCc1ccccc1{solv}{x=0.234900}>,CCOc1ccccc1,OCc1ccccc1,openff-2.0.0,3,0.8159090650559051,0.0520944668521435,1.083,0.0116
20647,3322,dhmix_966435122735090568,1012,EnthalpyOfMixing,<Substance CCOc1ccccc1{solv}{x=0.063600}|OCc1ccccc1{solv}{x=0.936400}>,CCOc1ccccc1,OCc1ccccc1,openff-2.0.0,3,0.2111080843168054,0.0485943583043838,0.1901,0.00225
20648,3323,dens_1184318999137642715,1013,Density,<Substance CCOc1ccccc1{solv}{x=0.064200}|OCc1ccccc1{solv}{x=0.935800}>,CCOc1ccccc1,OCc1ccccc1,openff-2.0.0,3,1.0271111852733608,0.0002266356877437,1.02761,0.00011
20649,3324,dhmix_1518701992890040137,1014,EnthalpyOfMixing,<Substance CCOc1ccccc1{solv}{x=0.549900}|OCc1ccccc1{solv}{x=0.450100}>,CCOc1ccccc1,OCc1ccccc1,openff-2.0.0,3,0.9457284896362524,0.0473925797897968,1.0561,0.01135
20650,3325,dens_1575045736805268459,1015,Density,<Substance CCOc1ccccc1{solv}{x=0.459800}|OCc1ccccc1{solv}{x=0.540200}>,CCOc1ccccc1,OCc1ccccc1,openff-2.0.0,3,0.9907122142752206,0.0001883026466025,0.9925100000000002,0.00016
20651,3326,dens_2214650701288997434,1016,Density,<Substance CCOc1ccccc1{solv}{x=0.757200}|OCc1ccccc1{solv}{x=0.242800}>,CCOc1ccccc1,OCc1ccccc1,openff-2.0.0,3,0.9671899892432018,0.0001996917321638,0.9686500000000002,0.000215
20652,3327,dens_800807749587668066,1017,Density,<Substance C1CCOCC1{solv}{x=0.733600}|c1ccncc1{solv}{x=0.266400}>,C1CCOCC1,c1ccncc1,openff-2.0.0,3,0.8927696453829753,0.0002544214899154,0.8933350000000002,0.000358
20653,3328,dhmix_836757145941804043,1018,EnthalpyOfMixing,<Substance C1CCOCC1{solv}{x=0.291500}|c1ccncc1{solv}{x=0.708500}>,C1CCOCC1,c1ccncc1,openff-2.0.0,3,0.0351947463621229,0.0429365934295085,0.0898,0.00095
20654,3329,dhmix_1003039131395935786,1019,EnthalpyOfMixing,<Substance C1CCOCC1{solv}{x=0.536300}|c1ccncc1{solv}{x=0.463700}>,C1CCOCC1,c1ccncc1,openff-2.0.0,3,0.1731138239270535,0.0383397441707925,0.1573,0.0013
20655,3330,dens_1859030547600172702,1020,Density,<Substance C1CCOCC1{solv}{x=0.241500}|c1ccncc1{solv}{x=0.758500}>,C1CCOCC1,c1ccncc1,openff-2.0.0,3,0.95656788944626,0.0002428298950344,0.9525650000000004,0.000212
20656,3331,dhmix_2191254706131659314,1021,EnthalpyOfMixing,<Substance C1CCOCC1{solv}{x=0.734400}|c1ccncc1{solv}{x=0.265600}>,C1CCOCC1,c1ccncc1,openff-2.0.0,3,-0.0272970212525365,0.0411706011935872,0.1564,0.0013
20657,3332,dens_2239470871208865925,1022,Density,<Substance C1CCOCC1{solv}{x=0.536400}|c1ccncc1{solv}{x=0.463600}>,C1CCOCC1,c1ccncc1,openff-2.0.0,3,0.9132703072736488,0.0001849838315123,0.9124250000000002,0.0002965
20658,3333,dens_801655585640229277,1023,Density,<Substance C1CCOCC1{solv}{x=0.777600}|CCCC(C)=O{solv}{x=0.222400}>,C1CCOCC1,CCCC(C)=O,openff-2.0.0,3,0.8536125819020467,0.000239423982798,0.8602600000000002,0.000225
20659,3334,dhmix_1175081460677389458,1024,EnthalpyOfMixing,<Substance C1CCOCC1{solv}{x=0.250000}|CCCC(C)=O{solv}{x=0.750000}>,C1CCOCC1,CCCC(C)=O,openff-2.0.0,3,0.0204832048276841,0.0396536391806402,0.06014,0.00063
20660,3335,dens_1481139606755572767,1025,Density,<Substance C1CCOCC1{solv}{x=0.236100}|CCCC(C)=O{solv}{x=0.763900}>,C1CCOCC1,CCCC(C)=O,openff-2.0.0,3,0.8039810352985185,0.0002334950689761,0.8183900000000002,0.000215
20661,3336,dhmix_1531586108535895092,1026,EnthalpyOfMixing,<Substance C1CCOCC1{solv}{x=0.750000}|CCCC(C)=O{solv}{x=0.250000}>,C1CCOCC1,CCCC(C)=O,openff-2.0.0,3,0.1914144516591989,0.0415075051889802,0.08245,0.000715
20662,3337,dhmix_2074691820693967219,1027,EnthalpyOfMixing,<Substance C1CCOCC1{solv}{x=0.500000}|CCCC(C)=O{solv}{x=0.500000}>,C1CCOCC1,CCCC(C)=O,openff-2.0.0,3,0.2193173064526803,0.0435009709714684,0.09128,0.000745
20663,3338,dens_2180187104403779312,1028,Density,<Substance C1CCOCC1{solv}{x=0.504600}|CCCC(C)=O{solv}{x=0.495400}>,C1CCOCC1,CCCC(C)=O,openff-2.0.0,3,0.8276219953014697,0.0002379396198377,0.8386000000000002,0.00022
20664,3339,dhmix_814516627068967115,1029,EnthalpyOfMixing,<Substance CCCOC=O{solv}{x=0.230800}|ClCCCCl{solv}{x=0.769200}>,CCCOC=O,ClCCCCl,openff-2.0.0,3,0.4803338390637037,1.2824671535754826e-05,-0.054,0.001
20665,3340,dens_853749747181024442,1030,Density,<Substance CCCOC=O{solv}{x=0.525500}|ClCCCCl{solv}{x=0.474500}>,CCCOC=O,ClCCCCl,openff-2.0.0,3,1.0398437965737382,1e-05,1.0302400000000005,0.00176
20666,3341,dhmix_1623640482466530427,1031,EnthalpyOfMixing,<Substance CCCOC=O{solv}{x=0.750900}|ClCCCCl{solv}{x=0.249100}>,CCCOC=O,ClCCCCl,openff-2.0.0,3,0.2111481933554131,1.2751478345666436e-05,-0.088,0.001
20667,3342,dens_1998603470347754754,1032,Density,<Substance CCCOC=O{solv}{x=0.233600}|ClCCCCl{solv}{x=0.766400}>,CCCOC=O,ClCCCCl,openff-2.0.0,3,1.1100428240975704,1e-05,1.1122200000000002,0.00274
20668,3343,dhmix_2003217087101692001,1033,EnthalpyOfMixing,<Substance CCCOC=O{solv}{x=0.514500}|ClCCCCl{solv}{x=0.485500}>,CCCOC=O,ClCCCCl,openff-2.0.0,3,0.2518573447953969,1.2249168715725914e-05,-0.114,0.0015
20669,3344,dens_2020761603812222512,1034,Density,<Substance CCCOC=O{solv}{x=0.763600}|ClCCCCl{solv}{x=0.236400}>,CCCOC=O,ClCCCCl,openff-2.0.0,3,0.9837750143295654,1e-05,0.9644500000000004,0.00119
20670,3345,dens_828893303895070246,1035,Density,<Substance C1CCCCC1{solv}{x=0.249800}|CCCCCCCC{solv}{x=0.750200}>,C1CCCCC1,CCCCCCCC,openff-2.0.0,3,0.7018698005632316,0.0002044369995823,0.7110900000000002,0.000605
20671,3346,dhmix_1288938247372010686,1036,EnthalpyOfMixing,<Substance C1CCCCC1{solv}{x=0.751300}|CCCCCCCC{solv}{x=0.248700}>,C1CCCCC1,CCCCCCCC,openff-2.0.0,3,0.5359010140971066,0.0509782939535121,0.23,0.005
20672,3347,dens_1398337515687242649,1037,Density,<Substance C1CCCCC1{solv}{x=0.477700}|CCCCCCCC{solv}{x=0.522300}>,C1CCCCC1,CCCCCCCC,openff-2.0.0,3,0.7136355161434593,0.0001839040007455,0.7250300000000002,0.000585
20673,3348,dhmix_1429498464152515756,1038,EnthalpyOfMixing,<Substance C1CCCCC1{solv}{x=0.532400}|CCCCCCCC{solv}{x=0.467600}>,C1CCCCC1,CCCCCCCC,openff-2.0.0,3,0.6781065706998106,0.0497411827650002,0.258,0.005
20674,3349,dens_2267960821195706299,1039,Density,<Substance C1CCCCC1{solv}{x=0.796100}|CCCCCCCC{solv}{x=0.203900}>,C1CCCCC1,CCCCCCCC,openff-2.0.0,3,0.7369572579347183,0.0001938561675973,0.7509700000000002,0.00055
20675,3350,dhmix_2289023418386220795,1040,EnthalpyOfMixing,<Substance C1CCCCC1{solv}{x=0.274400}|CCCCCCCC{solv}{x=0.725600}>,C1CCCCC1,CCCCCCCC,openff-2.0.0,3,0.3723097435089926,0.049961313052866,0.18,0.005
20676,3351,dens_848374876759596361,1041,Density,<Substance CC(C)OC(C)C{solv}{x=0.284600}|CCCCCl{solv}{x=0.715400}>,CC(C)OC(C)C,CCCCCl,openff-2.0.0,3,0.8207925033902177,0.0002792027712108,0.8263210000000002,0.000365
20677,3352,dens_917492506874956672,1042,Density,<Substance CC(C)OC(C)C{solv}{x=0.808200}|CCCCCl{solv}{x=0.191800}>,CC(C)OC(C)C,CCCCCl,openff-2.0.0,3,0.7595313843347682,0.0002603474618507,0.7440910000000002,0.000448
20678,3353,dhmix_1107367594793013993,1043,EnthalpyOfMixing,<Substance CC(C)OC(C)C{solv}{x=0.272700}|CCCCCl{solv}{x=0.727300}>,CC(C)OC(C)C,CCCCCl,openff-2.0.0,3,-0.050086303792284,0.0420793412432976,-0.0785,0.001
20679,3354,dhmix_1310204607958463222,1044,EnthalpyOfMixing,<Substance CC(C)OC(C)C{solv}{x=0.454700}|CCCCCl{solv}{x=0.545300}>,CC(C)OC(C)C,CCCCCl,openff-2.0.0,3,-0.1271806475752441,0.0392591353239736,-0.0954,0.0012
20680,3355,dhmix_1605157292498138629,1045,EnthalpyOfMixing,<Substance CC(C)OC(C)C{solv}{x=0.727400}|CCCCCl{solv}{x=0.272600}>,CC(C)OC(C)C,CCCCCl,openff-2.0.0,3,-0.1929879940144871,0.0433072102320256,-0.0732,0.00095
20681,3356,dens_1927916489732771888,1046,Density,<Substance CC(C)OC(C)C{solv}{x=0.484000}|CCCCCl{solv}{x=0.516000}>,CC(C)OC(C)C,CCCCCl,openff-2.0.0,3,0.7963539166681909,0.0002633387403152,0.7925060000000002,0.0004005
20682,3357,dens_860008765681738590,1047,Density,<Substance CN(CCO)CCO{solv}{x=0.231260}|c1ccncc1{solv}{x=0.768740}>,CN(CCO)CCO,c1ccncc1,openff-2.0.0,3,1.0006462597194987,1e-05,0.9906030000000002,0.0001015
20683,3358,dens_1253280811379348869,1048,Density,<Substance CN(CCO)CCO{solv}{x=0.670000}|c1ccncc1{solv}{x=0.330000}>,CN(CCO)CCO,c1ccncc1,openff-2.0.0,3,1.0235545893064428,1e-05,1.0161020000000005,0.000102
20684,3359,dhmix_1381513140604048573,1049,EnthalpyOfMixing,<Substance CN(CCO)CCO{solv}{x=0.473760}|c1ccncc1{solv}{x=0.526240}>,CN(CCO)CCO,c1ccncc1,openff-2.0.0,3,0.1498935850090959,1.2252966987632015e-05,-0.093,0.001
20685,3360,dens_1460709448836415360,1050,Density,<Substance CN(CCO)CCO{solv}{x=0.473530}|c1ccncc1{solv}{x=0.526470}>,CN(CCO)CCO,c1ccncc1,openff-2.0.0,3,1.0143306738403717,1e-05,1.0044450000000005,0.0001015
20686,3361,dhmix_2085036308089359597,1051,EnthalpyOfMixing,<Substance CN(CCO)CCO{solv}{x=0.230610}|c1ccncc1{solv}{x=0.769390}>,CN(CCO)CCO,c1ccncc1,openff-2.0.0,3,0.1049971198511769,1.2824671535754826e-05,-0.032,0.001
20687,3362,dhmix_2287943921901918379,1052,EnthalpyOfMixing,<Substance CN(CCO)CCO{solv}{x=0.669580}|c1ccncc1{solv}{x=0.330420}>,CN(CCO)CCO,c1ccncc1,openff-2.0.0,3,0.0525781577802888,1.2481185841096992e-05,-0.12,0.0015
20688,3363,dens_929806754028972955,1053,Density,<Substance CCCC(=O)OC{solv}{x=0.695800}|COC(C)=O{solv}{x=0.304200}>,CCCC(=O)OC,COC(C)=O,openff-2.0.0,3,0.9033203376296824,0.0002295720817321,0.8997600000000002,0.000505
20689,3364,dhmix_1093843275803987368,1054,EnthalpyOfMixing,<Substance CCCC(=O)OC{solv}{x=0.482200}|COC(C)=O{solv}{x=0.517800}>,CCCC(=O)OC,COC(C)=O,openff-2.0.0,3,0.0967505976869347,0.0367968051154437,0.151,0.002
20690,3365,dens_1187818937240241755,1055,Density,<Substance CCCC(=O)OC{solv}{x=0.253600}|COC(C)=O{solv}{x=0.746400}>,CCCC(=O)OC,COC(C)=O,openff-2.0.0,3,0.9209019034337944,0.0002533921704411,0.9147400000000002,0.000505
20691,3366,dens_1462283017082249050,1056,Density,<Substance CCCC(=O)OC{solv}{x=0.545600}|COC(C)=O{solv}{x=0.454400}>,CCCC(=O)OC,COC(C)=O,openff-2.0.0,3,0.9091891375083456,0.0002195152302599,0.9041900000000004,0.000505
20692,3367,dhmix_1514470349370367756,1057,EnthalpyOfMixing,<Substance CCCC(=O)OC{solv}{x=0.226000}|COC(C)=O{solv}{x=0.774000}>,CCCC(=O)OC,COC(C)=O,openff-2.0.0,3,0.1165903890663546,0.0386159157908446,0.102,0.0015
20693,3368,dhmix_1615966506855005599,1058,EnthalpyOfMixing,<Substance CCCC(=O)OC{solv}{x=0.695800}|COC(C)=O{solv}{x=0.304200}>,CCCC(=O)OC,COC(C)=O,openff-2.0.0,3,0.0598182079045201,0.040804948689496,0.122,0.0015
20694,3369,dens_931039395662625393,1059,Density,<Substance BrCCBr{solv}{x=0.510700}|CCOC=O{solv}{x=0.489300}>,BrCCBr,CCOC=O,openff-2.0.0,3,1.591667134537279,0.0004776388729534,1.5742900000000004,0.00125
20695,3370,dhmix_1379448524788285045,1060,EnthalpyOfMixing,<Substance BrCCBr{solv}{x=0.503000}|CCOC=O{solv}{x=0.497000}>,BrCCBr,CCOC=O,openff-2.0.0,3,0.4022530611660215,0.0380611947690945,0.404,0.0054
20696,3371,dhmix_1589211680683586133,1061,EnthalpyOfMixing,<Substance BrCCBr{solv}{x=0.247500}|CCOC=O{solv}{x=0.752500}>,BrCCBr,CCOC=O,openff-2.0.0,3,0.2203613114267355,0.0387361868061784,0.2492,0.0035
20697,3372,dens_1816072583621776909,1062,Density,<Substance BrCCBr{solv}{x=0.282500}|CCOC=O{solv}{x=0.717500}>,BrCCBr,CCOC=O,openff-2.0.0,3,1.321596805255392,0.0004939317924715,1.2851500000000005,0.00131
20698,3373,dens_1857279480363338972,1063,Density,<Substance BrCCBr{solv}{x=0.750600}|CCOC=O{solv}{x=0.249400}>,BrCCBr,CCOC=O,openff-2.0.0,3,1.8504496208926795,0.0006395377181793,1.8698300000000003,0.000995
20699,3374,dhmix_2225135654541562913,1064,EnthalpyOfMixing,<Substance BrCCBr{solv}{x=0.734600}|CCOC=O{solv}{x=0.265400}>,BrCCBr,CCOC=O,openff-2.0.0,3,0.4900673457454516,0.0304844406526449,0.3604,0.00485
20700,3375,dhmix_933824509566848172,1065,EnthalpyOfMixing,<Substance C1COCO1{solv}{x=0.350000}|CCCC(C)=O{solv}{x=0.650000}>,C1COCO1,CCCC(C)=O,openff-2.0.0,3,0.2298701772218265,0.0383558821485514,0.17755,0.001095
20701,3376,dens_1326756646981901590,1066,Density,<Substance C1COCO1{solv}{x=0.717400}|CCCC(C)=O{solv}{x=0.282600}>,C1COCO1,CCCC(C)=O,openff-2.0.0,3,0.97986851939834,0.0002450693506349,0.9625500000000002,0.000245
20702,3377,dhmix_1386053902220878259,1067,EnthalpyOfMixing,<Substance C1COCO1{solv}{x=0.500000}|CCCC(C)=O{solv}{x=0.500000}>,C1COCO1,CCCC(C)=O,openff-2.0.0,3,0.3446006467498677,0.0378699327932725,0.21077,0.00122
20703,3378,dens_1490997112604690080,1068,Density,<Substance C1COCO1{solv}{x=0.349900}|CCCC(C)=O{solv}{x=0.650100}>,C1COCO1,CCCC(C)=O,openff-2.0.0,3,0.865135727552026,0.0002571764453627,0.8687200000000003,0.00022
20704,3379,dens_1979377813631413053,1069,Density,<Substance C1COCO1{solv}{x=0.516900}|CCCC(C)=O{solv}{x=0.483100}>,C1COCO1,CCCC(C)=O,openff-2.0.0,3,0.913125049573543,0.0002709321342882,0.9078200000000004,0.00023
20705,3380,dhmix_2113009728753201792,1070,EnthalpyOfMixing,<Substance C1COCO1{solv}{x=0.750000}|CCCC(C)=O{solv}{x=0.250000}>,C1COCO1,CCCC(C)=O,openff-2.0.0,3,0.234808408806856,0.0378210789200031,0.17046,0.00107
20706,3381,dhmix_962524540250306235,1071,EnthalpyOfMixing,<Substance Cc1ccccc1N{solv}{x=0.268100}|c1ccncc1{solv}{x=0.731900}>,Cc1ccccc1N,c1ccncc1,openff-2.0.0,3,-1.412112907892087,0.0394581577975629,-0.8915,0.0182
20707,3382,dhmix_1000930562998604270,1072,EnthalpyOfMixing,<Substance Cc1ccccc1N{solv}{x=0.773500}|c1ccncc1{solv}{x=0.226500}>,Cc1ccccc1N,c1ccncc1,openff-2.0.0,3,-1.0063449874860169,0.0482461700189651,-0.7828,0.016
20708,3383,dens_1203111494553524663,1073,Density,<Substance Cc1ccccc1N{solv}{x=0.483700}|c1ccncc1{solv}{x=0.516300}>,Cc1ccccc1N,c1ccncc1,openff-2.0.0,3,1.01186806407489,0.0002853865700715,0.9912370000000004,0.000117
20709,3384,dens_1316174752280431242,1074,Density,<Substance Cc1ccccc1N{solv}{x=0.237400}|c1ccncc1{solv}{x=0.762600}>,Cc1ccccc1N,c1ccncc1,openff-2.0.0,3,1.0006941399140743,0.0002778037383429,0.9863750000000002,0.000118
20710,3385,dhmix_1371524052813651708,1075,EnthalpyOfMixing,<Substance Cc1ccccc1N{solv}{x=0.482600}|c1ccncc1{solv}{x=0.517400}>,Cc1ccccc1N,c1ccncc1,openff-2.0.0,3,-1.6714990002524814,0.0400850814737552,-1.0329,0.02105
20711,3386,dens_2188924364196997512,1076,Density,<Substance Cc1ccccc1N{solv}{x=0.767800}|c1ccncc1{solv}{x=0.232200}>,Cc1ccccc1N,c1ccncc1,openff-2.0.0,3,1.0195640034446196,0.0002435755092169,0.9936220000000002,0.000117
20712,3387,dens_964556344607822867,1077,Density,<Substance CCCCCCCCC{solv}{x=0.696300}|COC(C)(C)C{solv}{x=0.303700}>,CCCCCCCCC,COC(C)(C)C,openff-2.0.0,3,0.7150514773213407,0.0002039774008255,0.7173600000000002,0.000295
20713,3388,dhmix_1091489740441728210,1078,EnthalpyOfMixing,<Substance CCCCCCCCC{solv}{x=0.260100}|COC(C)(C)C{solv}{x=0.739900}>,CCCCCCCCC,COC(C)(C)C,openff-2.0.0,3,0.7937430593487136,0.0481393958313451,0.371,0.0075
20714,3389,dens_1264105858192356202,1079,Density,<Substance CCCCCCCCC{solv}{x=0.499200}|COC(C)(C)C{solv}{x=0.500800}>,CCCCCCCCC,COC(C)(C)C,openff-2.0.0,3,0.7204388661660024,0.0002127417378377,0.7207300000000002,0.00029
20715,3390,dhmix_1760873631242020891,1080,EnthalpyOfMixing,<Substance CCCCCCCCC{solv}{x=0.759600}|COC(C)(C)C{solv}{x=0.240400}>,CCCCCCCCC,COC(C)(C)C,openff-2.0.0,3,0.7147358949688396,0.0516274797546701,0.345,0.007
20716,3391,dens_2012579877169955729,1081,Density,<Substance CCCCCCCCC{solv}{x=0.199500}|COC(C)(C)C{solv}{x=0.800500}>,CCCCCCCCC,COC(C)(C)C,openff-2.0.0,3,0.7337062087294767,0.0002360000237698,0.7281100000000001,0.000285
20717,3392,dhmix_2200368758776542578,1082,EnthalpyOfMixing,<Substance CCCCCCCCC{solv}{x=0.513300}|COC(C)(C)C{solv}{x=0.486700}>,CCCCCCCCC,COC(C)(C)C,openff-2.0.0,3,0.9693945167349513,0.0470548777635122,0.486,0.0095
20718,3393,dhmix_972091313059406932,1083,EnthalpyOfMixing,<Substance CCCNCCC{solv}{x=0.248200}|CN(C)C=O{solv}{x=0.751800}>,CCCNCCC,CN(C)C=O,openff-2.0.0,3,0.2337031011666397,0.0373501811425772,0.613,0.0195
20719,3394,dhmix_1037416167092316519,1084,EnthalpyOfMixing,<Substance CCCNCCC{solv}{x=0.499500}|CN(C)C=O{solv}{x=0.500500}>,CCCNCCC,CN(C)C=O,openff-2.0.0,3,0.2545073800326065,0.0426458357468132,0.748,0.0225
20720,3395,dhmix_1525975551610336413,1085,EnthalpyOfMixing,<Substance CCCNCCC{solv}{x=0.749600}|CN(C)C=O{solv}{x=0.250400}>,CCCNCCC,CN(C)C=O,openff-2.0.0,3,0.2068810267405467,0.0472881251169889,0.529,0.017
20721,3396,dens_1610465641813938660,1086,Density,<Substance CCCNCCC{solv}{x=0.745900}|CN(C)C=O{solv}{x=0.254100}>,CCCNCCC,CN(C)C=O,openff-2.0.0,3,0.7689763709572915,0.0002446150962916,0.7687320000000002,0.0009355
20722,3397,dens_2129043605695010641,1087,Density,<Substance CCCNCCC{solv}{x=0.503400}|CN(C)C=O{solv}{x=0.496600}>,CCCNCCC,CN(C)C=O,openff-2.0.0,3,0.80795835673013,0.0002394546192133,0.8108000000000002,0.0009885
20723,3398,dens_2129124855081233158,1088,Density,<Substance CCCNCCC{solv}{x=0.252300}|CN(C)C=O{solv}{x=0.747700}>,CCCNCCC,CN(C)C=O,openff-2.0.0,3,0.8595098880116882,0.0002229373834774,0.8674480000000002,0.0010625
20724,3399,dhmix_1022139531284796266,1089,EnthalpyOfMixing,<Substance CCCO{solv}{x=0.730200}|O=Cc1ccccc1{solv}{x=0.269800}>,CCCO,O=Cc1ccccc1,openff-2.0.0,3,0.9718292309394628,0.039438342045314,1.3784,0.00585
20725,3400,dens_1530410585842005416,1090,Density,<Substance CCCO{solv}{x=0.802500}|O=Cc1ccccc1{solv}{x=0.197500}>,CCCO,O=Cc1ccccc1,openff-2.0.0,3,0.8618141751090607,0.0002757922383972,0.8676000000000003,0.0054
20726,3401,dens_1586325098516354010,1091,Density,<Substance CCCO{solv}{x=0.500300}|O=Cc1ccccc1{solv}{x=0.499700}>,CCCO,O=Cc1ccccc1,openff-2.0.0,3,0.9404088090748136,0.0002409906750493,0.9470000000000002,0.0035
20727,3402,dhmix_1860362391399300385,1092,EnthalpyOfMixing,<Substance CCCO{solv}{x=0.237400}|O=Cc1ccccc1{solv}{x=0.762600}>,CCCO,O=Cc1ccccc1,openff-2.0.0,3,0.9390023135434832,0.0406962068214249,1.2579,0.0055
20728,3403,dens_2022804020725863961,1093,Density,<Substance CCCO{solv}{x=0.192900}|O=Cc1ccccc1{solv}{x=0.807100}>,CCCO,O=Cc1ccccc1,openff-2.0.0,3,1.0038760387037569,0.0002161072895891,1.0128,0.00265
20729,3404,dhmix_2114980631721668598,1094,EnthalpyOfMixing,<Substance CCCO{solv}{x=0.517800}|O=Cc1ccccc1{solv}{x=0.482200}>,CCCO,O=Cc1ccccc1,openff-2.0.0,3,1.316002215421733,0.0369795847031952,1.6361,0.00675
20730,3405,dens_1061385011202038988,1095,Density,<Substance CC(C)O{solv}{x=0.495900}|CCCCOCCO{solv}{x=0.504100}>,CC(C)O,CCCCOCCO,openff-2.0.0,3,0.8610655017384582,1e-05,0.8550000000000002,5.450000000000001e-05
20731,3406,dens_1314274960992474794,1096,Density,<Substance CC(C)O{solv}{x=0.292200}|CCCCOCCO{solv}{x=0.707800}>,CC(C)O,CCCCOCCO,openff-2.0.0,3,0.8764355164375676,1e-05,0.8743700000000002,4.600000000000001e-05
20732,3407,dens_1729117108592325655,1097,Density,<Substance CC(C)O{solv}{x=0.743300}|CCCCOCCO{solv}{x=0.256700}>,CC(C)O,CCCCOCCO,openff-2.0.0,3,0.8375115151006328,1e-05,0.8247900000000001,5.600000000000001e-05
20733,3408,dens_1112128096721834081,1098,Density,<Substance CNCCO{solv}{x=0.800900}|O{solv}{x=0.199100}>,CNCCO,O,openff-2.0.0,3,0.9607847947453192,0.0002575517364858,0.9466300000000002,0.00032
20734,3409,dens_1381694863030749046,1099,Density,<Substance CNCCO{solv}{x=0.198700}|O{solv}{x=0.801300}>,CNCCO,O,openff-2.0.0,3,0.97985470436662,0.0004365311671217,0.9960300000000002,0.00016
20735,3410,dhmix_1383192140212198237,1100,EnthalpyOfMixing,<Substance CNCCO{solv}{x=0.798800}|O{solv}{x=0.201200}>,CNCCO,O,openff-2.0.0,3,-1.2281452848725252,0.0497727779227156,-1.219,0.025
20736,3411,dens_1615304038745182966,1101,Density,<Substance CNCCO{solv}{x=0.504100}|O{solv}{x=0.495900}>,CNCCO,O,openff-2.0.0,3,0.9714810912976956,0.0002516476965597,0.9688100000000002,0.000235
20737,3412,dhmix_1902240048183935170,1102,EnthalpyOfMixing,<Substance CNCCO{solv}{x=0.501700}|O{solv}{x=0.498300}>,CNCCO,O,openff-2.0.0,3,-1.993660183977255,0.0390329340925237,-2.508,0.051
20738,3413,dhmix_2185888808838690563,1103,EnthalpyOfMixing,<Substance CNCCO{solv}{x=0.199200}|O{solv}{x=0.800800}>,CNCCO,O,openff-2.0.0,3,-1.117182479631894,0.0246941492476527,-2.243,0.0455
20739,3414,dens_1155626281932782094,1104,Density,<Substance CCC(C)=O{solv}{x=0.292200}|CN1CCCC1=O{solv}{x=0.707800}>,CCC(C)=O,CN1CCCC1=O,openff-2.0.0,3,0.9416401466662204,0.0002321885471918,0.9591400000000002,0.00262
20740,3415,dens_1354588388489384902,1105,Density,<Substance CCC(C)=O{solv}{x=0.779300}|CN1CCCC1=O{solv}{x=0.220700}>,CCC(C)=O,CN1CCCC1=O,openff-2.0.0,3,0.8285260112892627,0.0002519988765026,0.8467600000000002,0.002595
20741,3416,dhmix_1468142552678388689,1106,EnthalpyOfMixing,<Substance CCC(C)=O{solv}{x=0.484100}|CN1CCCC1=O{solv}{x=0.515900}>,CCC(C)=O,CN1CCCC1=O,openff-2.0.0,3,0.1032175641099399,0.0425965379414743,-0.1675,0.00415
20742,3417,dhmix_1545004468946955771,1107,EnthalpyOfMixing,<Substance CCC(C)=O{solv}{x=0.246100}|CN1CCCC1=O{solv}{x=0.753900}>,CCC(C)=O,CN1CCCC1=O,openff-2.0.0,3,0.2119654369333972,0.0400920464743246,-0.0999,0.0031
20743,3418,dhmix_1746826813990258300,1108,EnthalpyOfMixing,<Substance CCC(C)=O{solv}{x=0.732400}|CN1CCCC1=O{solv}{x=0.267600}>,CCC(C)=O,CN1CCCC1=O,openff-2.0.0,3,0.2281527869780006,0.0420587362231535,-0.0861,0.0029
20744,3419,dens_2035401379156582518,1109,Density,<Substance CCC(C)=O{solv}{x=0.479500}|CN1CCCC1=O{solv}{x=0.520500}>,CCC(C)=O,CN1CCCC1=O,openff-2.0.0,3,0.900687311540036,0.0002328128856699,0.9166100000000004,0.00261
20745,3420,dens_1159403686634788877,1110,Density,<Substance C1CCOCC1{solv}{x=0.253600}|Cc1ccncc1{solv}{x=0.746400}>,C1CCOCC1,Cc1ccncc1,openff-2.0.0,3,0.9334572047199238,0.0002316061519212,0.9329390000000002,0.0002125
20746,3421,dhmix_1427533760370073434,1111,EnthalpyOfMixing,<Substance C1CCOCC1{solv}{x=0.241600}|Cc1ccncc1{solv}{x=0.758400}>,C1CCOCC1,Cc1ccncc1,openff-2.0.0,3,0.0785379877304777,0.0409452449941904,0.0975,0.001
20747,3422,dens_1586440979425114987,1112,Density,<Substance C1CCOCC1{solv}{x=0.491300}|Cc1ccncc1{solv}{x=0.508700}>,C1CCOCC1,Cc1ccncc1,openff-2.0.0,3,0.9153554558992296,0.0002348932122861,0.9162950000000002,0.0002825
20748,3423,dhmix_1681679230288000235,1113,EnthalpyOfMixing,<Substance C1CCOCC1{solv}{x=0.483400}|Cc1ccncc1{solv}{x=0.516600}>,C1CCOCC1,Cc1ccncc1,openff-2.0.0,3,0.0962339350231076,0.0436539307118147,0.1741,0.00135
20749,3424,dhmix_1854625047398559527,1114,EnthalpyOfMixing,<Substance C1CCOCC1{solv}{x=0.826200}|Cc1ccncc1{solv}{x=0.173800}>,C1CCOCC1,Cc1ccncc1,openff-2.0.0,3,0.0222548190089639,0.0461481061913984,0.0948,0.001
20750,3425,dens_1998279082934343093,1115,Density,<Substance C1CCOCC1{solv}{x=0.826300}|Cc1ccncc1{solv}{x=0.173700}>,C1CCOCC1,Cc1ccncc1,openff-2.0.0,3,0.8795955393850446,0.0002452959602309,0.8827950000000002,0.000387
20751,3426,dens_1226224986443053492,1116,Density,<Substance CCOc1ccccc1{solv}{x=0.482600}|OCCc1ccccc1{solv}{x=0.517400}>,CCOc1ccccc1,OCCc1ccccc1,openff-2.0.0,3,0.9788665546417602,0.0001496364116568,0.9803700000000002,0.00026
20752,3427,dens_1288457717872177367,1117,Density,<Substance CCOc1ccccc1{solv}{x=0.304100}|OCCc1ccccc1{solv}{x=0.695900}>,CCOc1ccccc1,OCCc1ccccc1,openff-2.0.0,3,0.9889399459743748,0.0001932643487215,0.9909900000000004,0.00026
20753,3428,dhmix_1400067757990485972,1118,EnthalpyOfMixing,<Substance CCOc1ccccc1{solv}{x=0.738800}|OCCc1ccccc1{solv}{x=0.261200}>,CCOc1ccccc1,OCCc1ccccc1,openff-2.0.0,3,0.9826953840718318,0.052839227947327,1.1427,0.01225
20754,3429,dens_1419265414647987466,1119,Density,<Substance CCOc1ccccc1{solv}{x=0.792900}|OCCc1ccccc1{solv}{x=0.207100}>,CCOc1ccccc1,OCCc1ccccc1,openff-2.0.0,3,0.9608138233989516,0.0001687352728676,0.9624400000000004,0.00026
20755,3430,dhmix_1985234108792038812,1120,EnthalpyOfMixing,<Substance CCOc1ccccc1{solv}{x=0.485200}|OCCc1ccccc1{solv}{x=0.514800}>,CCOc1ccccc1,OCCc1ccccc1,openff-2.0.0,3,0.8695164090725598,0.0543586560283197,1.0249,0.011
20756,3431,dhmix_2203675640711482674,1121,EnthalpyOfMixing,<Substance CCOc1ccccc1{solv}{x=0.239100}|OCCc1ccccc1{solv}{x=0.760900}>,CCOc1ccccc1,OCCc1ccccc1,openff-2.0.0,3,0.4894986653016815,0.051116204272595,0.6669,0.0072
20757,3432,dens_1247048173376376516,1122,Density,<Substance CCCCC(=O)OC{solv}{x=0.349300}|COC=O{solv}{x=0.650700}>,CCCCC(=O)OC,COC=O,openff-2.0.0,3,0.9421641857334464,0.0002215544408341,0.9198400000000002,0.000115
20758,3433,dens_1283923442255956417,1123,Density,<Substance CCCCC(=O)OC{solv}{x=0.500000}|COC=O{solv}{x=0.500000}>,CCCCC(=O)OC,COC=O,openff-2.0.0,3,0.9221674992671474,0.000250060024081,0.90817,0.00012
20759,3434,dhmix_1491739683552461043,1124,EnthalpyOfMixing,<Substance CCCCC(=O)OC{solv}{x=0.348600}|COC=O{solv}{x=0.651400}>,CCCCC(=O)OC,COC=O,openff-2.0.0,3,1.266644680120514,0.0396609461243006,0.422,0.0045
20760,3435,dhmix_1747049492522889097,1125,EnthalpyOfMixing,<Substance CCCCC(=O)OC{solv}{x=0.523200}|COC=O{solv}{x=0.476800}>,CCCCC(=O)OC,COC=O,openff-2.0.0,3,1.0296863540476977,0.0473165001394538,0.409,0.0045
20761,3436,dhmix_1990853348078771210,1126,EnthalpyOfMixing,<Substance CCCCC(=O)OC{solv}{x=0.796800}|COC=O{solv}{x=0.203200}>,CCCCC(=O)OC,COC=O,openff-2.0.0,3,0.628746811688643,0.0478695791400607,0.219,0.0025
20762,3437,dens_2269601061883384185,1127,Density,<Substance CCCCC(=O)OC{solv}{x=0.725800}|COC=O{solv}{x=0.274200}>,CCCCC(=O)OC,COC=O,openff-2.0.0,3,0.9023644505151088,0.0002463555334422,0.8955000000000002,0.000135
20763,3438,dens_1266839724964377205,1128,Density,<Substance Cn1ccnc1{solv}{x=0.779500}|O{solv}{x=0.220500}>,Cn1ccnc1,O,openff-2.0.0,3,1.0222037491934814,0.0002868905630102,1.0360000000000005,0.00015
20764,3439,dens_1634862053132906887,1129,Density,<Substance Cn1ccnc1{solv}{x=0.498200}|O{solv}{x=0.501800}>,Cn1ccnc1,O,openff-2.0.0,3,1.0194967395376606,0.0003273167585992,1.0416,0.00015
20765,3440,dens_1681126092995837883,1130,Density,<Substance Cn1ccnc1{solv}{x=0.216700}|O{solv}{x=0.783300}>,Cn1ccnc1,O,openff-2.0.0,3,1.0048034852057954,0.0003978234891013,1.0301000000000002,0.0001
20766,3441,dhmix_1311251505653939236,1131,EnthalpyOfMixing,<Substance CC(=O)CC(C)=O{solv}{x=0.598500}|O{solv}{x=0.401500}>,CC(=O)CC(C)=O,O,openff-2.0.0,3,0.4730703708262354,0.0343700845560037,0.4905,0.00555
20767,3442,dhmix_1367092272310773702,1132,EnthalpyOfMixing,<Substance CC(=O)CC(C)=O{solv}{x=0.749200}|O{solv}{x=0.250800}>,CC(=O)CC(C)=O,O,openff-2.0.0,3,0.5708420139858674,0.0411344827803463,0.6211,0.00695
20768,3443,dhmix_2033109088651196860,1133,EnthalpyOfMixing,<Substance CC(=O)CC(C)=O{solv}{x=0.200400}|O{solv}{x=0.799600}>,CC(=O)CC(C)=O,O,openff-2.0.0,3,0.0418077544472765,0.0221671386752308,0.1562,0.0021
20769,3444,dens_1319073694995976411,1134,Density,<Substance CC(C)CO{solv}{x=0.762200}|OC1=NCCC1{solv}{x=0.237800}>,CC(C)CO,OC1=NCCC1,openff-2.0.0,3,0.8682304888163088,0.0002151254176182,0.8623100000000001,0.000205
20770,3445,dhmix_1817161401911066523,1135,EnthalpyOfMixing,<Substance CC(C)CO{solv}{x=0.754900}|OC1=NCCC1{solv}{x=0.245100}>,CC(C)CO,OC1=NCCC1,openff-2.0.0,3,1.3392857495946655,0.0424023736521763,0.2989,0.0033
20771,3446,dens_1852757585830259815,1136,Density,<Substance CC(C)CO{solv}{x=0.287400}|OC1=NCCC1{solv}{x=0.712600}>,CC(C)CO,OC1=NCCC1,openff-2.0.0,3,0.988311114821118,0.0002045433972779,1.0078300000000002,0.000155
20772,3447,dhmix_2057245570503088562,1137,EnthalpyOfMixing,<Substance CC(C)CO{solv}{x=0.259800}|OC1=NCCC1{solv}{x=0.740200}>,CC(C)CO,OC1=NCCC1,openff-2.0.0,3,1.0772037502266345,0.0453416499020248,0.1798,0.00205
20773,3448,dens_2175875616459255266,1138,Density,<Substance CC(C)CO{solv}{x=0.489400}|OC1=NCCC1{solv}{x=0.510600}>,CC(C)CO,OC1=NCCC1,openff-2.0.0,3,0.9357681343073152,0.0002984874715376,0.9431100000000002,0.00017
20774,3449,dhmix_2273039716774959551,1139,EnthalpyOfMixing,<Substance CC(C)CO{solv}{x=0.497800}|OC1=NCCC1{solv}{x=0.502200}>,CC(C)CO,OC1=NCCC1,openff-2.0.0,3,1.654436793538352,0.0352411215586971,0.2775,0.0031
20775,3450,dens_1400897934227212514,1140,Density,<Substance CC(C)CC(C)(C)C{solv}{x=0.541100}|COC(C)=O{solv}{x=0.458900}>,CC(C)CC(C)(C)C,COC(C)=O,openff-2.0.0,3,0.7711587239911722,0.0001713415292171,0.7495700000000002,0.000505
20776,3451,dhmix_1534218615961922445,1141,EnthalpyOfMixing,<Substance CC(C)CC(C)(C)C{solv}{x=0.256000}|COC(C)=O{solv}{x=0.744000}>,CC(C)CC(C)(C)C,COC(C)=O,openff-2.0.0,3,1.591603201553582,0.0308703432944723,1.385,0.015
20777,3452,dhmix_1663557420681143866,1142,EnthalpyOfMixing,<Substance CC(C)CC(C)(C)C{solv}{x=0.540600}|COC(C)=O{solv}{x=0.459400}>,CC(C)CC(C)(C)C,COC(C)=O,openff-2.0.0,3,1.941963472545126,0.041719864095058,1.759,0.019
20778,3453,dens_1833608859418637606,1143,Density,<Substance CC(C)CC(C)(C)C{solv}{x=0.736400}|COC(C)=O{solv}{x=0.263600}>,CC(C)CC(C)(C)C,COC(C)=O,openff-2.0.0,3,0.7391414227283352,0.0002089821816246,0.7171000000000002,0.00015
20779,3454,dhmix_1913788848230724771,1144,EnthalpyOfMixing,<Substance CC(C)CC(C)(C)C{solv}{x=0.783300}|COC(C)=O{solv}{x=0.216700}>,CC(C)CC(C)(C)C,COC(C)=O,openff-2.0.0,3,1.530674324245183,0.0516292431177678,1.149,0.0125
20780,3455,dens_2018568384717712900,1145,Density,<Substance CC(C)CC(C)(C)C{solv}{x=0.238900}|COC(C)=O{solv}{x=0.761100}>,CC(C)CC(C)(C)C,COC(C)=O,openff-2.0.0,3,0.8422843106729841,0.0002436771746776,0.8248000000000002,0.0001
20781,3456,dens_1465225466328543955,1146,Density,<Substance Cc1cccnc1{solv}{x=0.225000}|O{solv}{x=0.775000}>,Cc1cccnc1,O,openff-2.0.0,3,0.9662320744401784,0.0004288453118569,0.9921000000000002,0.0003
20782,3457,dens_1644445312716340330,1147,Density,<Substance Cc1cccnc1{solv}{x=0.500000}|O{solv}{x=0.500000}>,Cc1cccnc1,O,openff-2.0.0,3,0.958937074952483,0.0003007644646641,0.9797000000000002,0.0003
20783,3458,dens_2262998332454406432,1148,Density,<Substance Cc1cccnc1{solv}{x=0.700000}|O{solv}{x=0.300000}>,Cc1cccnc1,O,openff-2.0.0,3,0.9565727505800974,0.0002604406766887,0.9690000000000002,0.0003
20784,3459,dens_1601780542508306264,1149,Density,<Substance CC(=O)N(C)C{solv}{x=0.771800}|CCOC(C)=O{solv}{x=0.228200}>,CC(=O)N(C)C,CCOC(C)=O,openff-2.0.0,3,0.9041391120270746,0.0002298145528208,0.9286200000000002,0.000185
20785,3460,dens_2126546638582188774,1150,Density,<Substance CC(=O)N(C)C{solv}{x=0.464600}|CCOC(C)=O{solv}{x=0.535400}>,CC(=O)N(C)C,CCOC(C)=O,openff-2.0.0,3,0.9040719583110268,0.0002371726566597,0.9166300000000002,0.00022
20786,3461,dens_2159432384130350508,1151,Density,<Substance CC(=O)N(C)C{solv}{x=0.233100}|CCOC(C)=O{solv}{x=0.766900}>,CC(=O)N(C)C,CCOC(C)=O,openff-2.0.0,3,0.9039254671752252,0.0002714715627465,0.9064300000000002,0.000245
20787,3462,dens_1713891284028890335,1152,Density,<Substance CC(=O)O{solv}{x=0.798900}|CCOC(C)=O{solv}{x=0.201100}>,CC(=O)O,CCOC(C)=O,openff-2.0.0,3,1.0252529103933177,0.0002995929231675,0.9996600000000002,0.000225
20788,3463,dens_1856345418041920174,1153,Density,<Substance CC(=O)O{solv}{x=0.500700}|CCOC(C)=O{solv}{x=0.499300}>,CC(=O)O,CCOC(C)=O,openff-2.0.0,3,0.9678656416760042,0.0002736115464045,0.9514000000000002,0.00018
20789,3464,dens_2035334988982485653,1154,Density,<Substance CC(=O)O{solv}{x=0.294400}|CCOC(C)=O{solv}{x=0.705600}>,CC(=O)O,CCOC(C)=O,openff-2.0.0,3,0.9372484397529106,0.0002628362589834,0.9255000000000002,0.00016
20790,0,dhmix_592425981731704,0,EnthalpyOfMixing,<Substance C1CCCCC1{solv}{x=0.100300}|Cc1ccccc1{solv}{x=0.899700}>,C1CCCCC1,Cc1ccccc1,openff-2.1.0,1,0.2240337513511434,0.0415772606437459,0.2015,0.0015
20791,1,dens_191923210986624643,1,Density,<Substance C1CCCCC1{solv}{x=0.697700}|Cc1ccccc1{solv}{x=0.302300}>,C1CCCCC1,Cc1ccccc1,openff-2.1.0,1,0.7648959975343762,0.0001793495682652,0.7818000000000002,0.00041
20792,2,dens_699555827256664507,2,Density,<Substance C1CCCCC1{solv}{x=0.100000}|Cc1ccccc1{solv}{x=0.900000}>,C1CCCCC1,Cc1ccccc1,openff-2.1.0,1,0.8241725767173236,0.0002627285982089,0.8378000000000001,0.00025
20793,3,dhmix_997331474504366167,3,EnthalpyOfMixing,<Substance C1CCCCC1{solv}{x=0.697900}|Cc1ccccc1{solv}{x=0.302100}>,C1CCCCC1,Cc1ccccc1,openff-2.1.0,1,0.6652652593458583,0.0446691244307189,0.5221,0.0034
20794,4,dhmix_1586684551148150215,4,EnthalpyOfMixing,<Substance C1CCCCC1{solv}{x=0.397600}|Cc1ccccc1{solv}{x=0.602400}>,C1CCCCC1,Cc1ccccc1,openff-2.1.0,1,0.8188157230828921,0.0428007842352912,0.5887,0.0038
20795,5,dens_1809100412119556796,5,Density,<Substance C1CCCCC1{solv}{x=0.397500}|Cc1ccccc1{solv}{x=0.602500}>,C1CCCCC1,Cc1ccccc1,openff-2.1.0,1,0.8079153263331235,0.0002400990989019,0.8228000000000002,0.0002
20796,6,dhmix_1261378482688431,6,EnthalpyOfMixing,<Substance CCC(C)=O{solv}{x=0.510600}|Nc1ccccc1{solv}{x=0.489400}>,CCC(C)=O,Nc1ccccc1,openff-2.1.0,1,-0.5063321675407764,0.0382715921331502,-1.173,0.0125
20797,7,dhmix_157258283975731553,7,EnthalpyOfMixing,<Substance CCC(C)=O{solv}{x=0.901800}|Nc1ccccc1{solv}{x=0.098200}>,CCC(C)=O,Nc1ccccc1,openff-2.1.0,1,-0.4521176930741735,0.0453373331636804,-0.469,0.005
20798,8,dens_610648476268376520,8,Density,<Substance CCC(C)=O{solv}{x=0.502600}|Nc1ccccc1{solv}{x=0.497400}>,CCC(C)=O,Nc1ccccc1,openff-2.1.0,1,0.9251904494841516,0.0002234817237629,0.9213850000000002,5.650000000000002e-05
20799,9,dens_1388487494953421117,9,Density,<Substance CCC(C)=O{solv}{x=0.901900}|Nc1ccccc1{solv}{x=0.098100}>,CCC(C)=O,Nc1ccccc1,openff-2.1.0,1,0.8067251811779913,0.0002664233223271,0.8265540000000001,7.200000000000002e-05
20800,10,dhmix_1389656513678923263,10,EnthalpyOfMixing,<Substance CCC(C)=O{solv}{x=0.209900}|Nc1ccccc1{solv}{x=0.790100}>,CCC(C)=O,Nc1ccccc1,openff-2.1.0,1,-0.1603234148302732,0.0578630341853635,-0.648,0.007
20801,11,dens_2115628806769415578,11,Density,<Substance CCC(C)=O{solv}{x=0.256300}|Nc1ccccc1{solv}{x=0.743700}>,CCC(C)=O,Nc1ccccc1,openff-2.1.0,1,0.9960603710928696,0.0002365055189528,0.9712300000000004,4.900000000000001e-05
20802,12,dens_1379242187515209,12,Density,<Substance CC#N{solv}{x=0.795200}|CCCCOCCCC{solv}{x=0.204800}>,CC#N,CCCCOCCCC,openff-2.1.0,1,0.7682617815725986,0.0002644192310236,0.7708800000000002,0.000245
20803,13,dhmix_575991096898484441,13,EnthalpyOfMixing,<Substance CC#N{solv}{x=0.488600}|CCCCOCCCC{solv}{x=0.511400}>,CC#N,CCCCOCCCC,openff-2.1.0,1,0.729962383543338,0.0422871029114871,1.26543,0.00796
20804,14,dhmix_1182924089945476872,14,EnthalpyOfMixing,<Substance CC#N{solv}{x=0.241600}|CCCCOCCCC{solv}{x=0.758400}>,CC#N,CCCCOCCCC,openff-2.1.0,1,0.5216171861144261,0.0490411108397895,0.94593,0.00601
20805,15,dhmix_1244492966201685063,15,EnthalpyOfMixing,<Substance CC#N{solv}{x=0.795200}|CCCCOCCCC{solv}{x=0.204800}>,CC#N,CCCCOCCCC,openff-2.1.0,1,0.5182989902551767,0.0348525223123333,0.94289,0.005995
20806,16,dens_2044032309137951705,16,Density,<Substance CC#N{solv}{x=0.245500}|CCCCOCCCC{solv}{x=0.754500}>,CC#N,CCCCOCCCC,openff-2.1.0,1,0.7637758005264683,0.0001872507281349,0.7653000000000001,0.00028
20807,17,dens_2211436825174998797,17,Density,<Substance CC#N{solv}{x=0.509800}|CCCCOCCCC{solv}{x=0.490200}>,CC#N,CCCCOCCCC,openff-2.1.0,1,0.7663083162162119,0.0002081877754393,0.7671500000000001,0.00026
20808,18,dens_1820034175228694,18,Density,<Substance C1CCCCC1{solv}{x=0.540900}|CN1CCCC1=O{solv}{x=0.459100}>,C1CCCCC1,CN1CCCC1=O,openff-2.1.0,1,0.8556598004783303,0.0001511491201686,0.8757100000000002,0.000335
20809,19,dhmix_1335365307191460458,19,EnthalpyOfMixing,<Substance C1CCCCC1{solv}{x=0.751800}|CN1CCCC1=O{solv}{x=0.248200}>,C1CCCCC1,CN1CCCC1=O,openff-2.1.0,1,1.3488957338415446,0.0424115683174172,1.1998,0.01285
20810,20,dens_1375048033230012198,20,Density,<Substance C1CCCCC1{solv}{x=0.733200}|CN1CCCC1=O{solv}{x=0.266800}>,C1CCCCC1,CN1CCCC1=O,openff-2.1.0,1,0.8104611219376071,0.0001982640424522,0.8287300000000002,0.0004
20811,21,dhmix_1563298635135474599,21,EnthalpyOfMixing,<Substance C1CCCCC1{solv}{x=0.278900}|CN1CCCC1=O{solv}{x=0.721100}>,C1CCCCC1,CN1CCCC1=O,openff-2.1.0,1,1.4702808184104867,0.0473289487246607,1.2061,0.0129
20812,22,dens_1606235786379262481,22,Density,<Substance C1CCCCC1{solv}{x=0.227500}|CN1CCCC1=O{solv}{x=0.772500}>,C1CCCCC1,CN1CCCC1=O,openff-2.1.0,1,0.9346846493102284,0.0002149788655879,0.9583800000000002,0.000245
20813,23,dhmix_1683219349338278021,23,EnthalpyOfMixing,<Substance C1CCCCC1{solv}{x=0.473400}|CN1CCCC1=O{solv}{x=0.526600}>,C1CCCCC1,CN1CCCC1=O,openff-2.1.0,1,1.8596497087770985,0.0407241566073448,1.4691,0.0157
20814,24,dens_4438302718372985,24,Density,<Substance BrCCCCBr{solv}{x=0.717000}|COC=O{solv}{x=0.283000}>,BrCCCCBr,COC=O,openff-2.1.0,1,1.6475169453730332,0.0004592425465749,1.6702600000000003,0.00259
20815,25,dhmix_369816950910078034,25,EnthalpyOfMixing,<Substance BrCCCCBr{solv}{x=0.778200}|COC=O{solv}{x=0.221800}>,BrCCCCBr,COC=O,openff-2.1.0,1,0.6931436997678091,0.0387985361375168,0.6355,0.0057
20816,26,dens_460757700461114532,26,Density,<Substance BrCCCCBr{solv}{x=0.495800}|COC=O{solv}{x=0.504200}>,BrCCCCBr,COC=O,openff-2.1.0,1,1.5124581307296885,0.0003127626953336,1.5176800000000004,0.001885
20817,27,dhmix_1496821399278454353,27,EnthalpyOfMixing,<Substance BrCCCCBr{solv}{x=0.265400}|COC=O{solv}{x=0.734600}>,BrCCCCBr,COC=O,openff-2.1.0,1,0.918903381960856,0.0356440746745814,0.8185,0.00715
20818,28,dens_1750413656870357630,28,Density,<Substance BrCCCCBr{solv}{x=0.225800}|COC=O{solv}{x=0.774200}>,BrCCCCBr,COC=O,openff-2.1.0,1,1.2873203952191168,0.0004062583720339,1.2671300000000003,0.00104
20819,29,dhmix_1802862930607761431,29,EnthalpyOfMixing,<Substance BrCCCCBr{solv}{x=0.482000}|COC=O{solv}{x=0.518000}>,BrCCCCBr,COC=O,openff-2.1.0,1,1.0715641143143912,0.0350474268252468,1.0243,0.0087
20820,30,dhmix_8447570649359775,30,EnthalpyOfMixing,<Substance OCCO{solv}{x=0.481700}|OCc1ccccc1{solv}{x=0.518300}>,OCCO,OCc1ccccc1,openff-2.1.0,1,0.2755874781251322,0.0471918269999546,0.201,0.00465
20821,31,dens_824372741354282107,31,Density,<Substance OCCO{solv}{x=0.505700}|OCc1ccccc1{solv}{x=0.494300}>,OCCO,OCc1ccccc1,openff-2.1.0,1,1.0602084773829712,0.0002334427178863,1.0579000000000005,0.00027
20822,32,dens_1105173553343721111,32,Density,<Substance OCCO{solv}{x=0.737100}|OCc1ccccc1{solv}{x=0.262900}>,OCCO,OCc1ccccc1,openff-2.1.0,1,1.0818968898519523,0.0003238880586798,1.0753200000000005,0.000275
20823,33,dhmix_1362282802315816638,33,EnthalpyOfMixing,<Substance OCCO{solv}{x=0.736100}|OCc1ccccc1{solv}{x=0.263900}>,OCCO,OCc1ccccc1,openff-2.1.0,1,0.0824605885823075,0.0419253409209785,0.1383,0.0037
20824,34,dhmix_1666683879028583081,34,EnthalpyOfMixing,<Substance OCCO{solv}{x=0.236500}|OCc1ccccc1{solv}{x=0.763500}>,OCCO,OCc1ccccc1,openff-2.1.0,1,0.1266568452019782,0.0408322222068184,0.209,0.0048
20825,35,dens_1698159396404241323,35,Density,<Substance OCCO{solv}{x=0.262200}|OCc1ccccc1{solv}{x=0.737800}>,OCCO,OCc1ccccc1,openff-2.1.0,1,1.043582516924208,0.0002024139476939,1.0442900000000002,0.000265
20826,36,dens_8507121971977381,36,Density,<Substance CCOC(C)(C)C{solv}{x=0.505000}|Cc1ccccc1{solv}{x=0.495000}>,CCOC(C)(C)C,Cc1ccccc1,openff-2.1.0,1,0.7995811383162227,0.0002454674444933,0.7937390000000002,0.000467
20827,37,dens_499290591626962121,37,Density,<Substance CCOC(C)(C)C{solv}{x=0.217000}|Cc1ccccc1{solv}{x=0.783000}>,CCOC(C)(C)C,Cc1ccccc1,openff-2.1.0,1,0.8284782881313242,0.0002058982379169,0.8314450000000002,0.000411
20828,38,dhmix_820491025608256793,38,EnthalpyOfMixing,<Substance CCOC(C)(C)C{solv}{x=0.501900}|Cc1ccccc1{solv}{x=0.498100}>,CCOC(C)(C)C,Cc1ccccc1,openff-2.1.0,1,-0.2088196541488116,0.0439561478558264,-0.046,0.00055
20829,39,dhmix_1374163681483564129,39,EnthalpyOfMixing,<Substance CCOC(C)(C)C{solv}{x=0.248900}|Cc1ccccc1{solv}{x=0.751100}>,CCOC(C)(C)C,Cc1ccccc1,openff-2.1.0,1,-0.2203261003384256,0.0433292582828389,-0.0324,0.0005
20830,40,dens_1904998692863983733,40,Density,<Substance CCOC(C)(C)C{solv}{x=0.701000}|Cc1ccccc1{solv}{x=0.299000}>,CCOC(C)(C)C,Cc1ccccc1,openff-2.1.0,1,0.7810428788313398,0.000223234386674,0.7696300000000001,0.000503
20831,41,dhmix_1982853461678580310,41,EnthalpyOfMixing,<Substance CCOC(C)(C)C{solv}{x=0.749500}|Cc1ccccc1{solv}{x=0.250500}>,CCOC(C)(C)C,Cc1ccccc1,openff-2.1.0,1,-0.051436309494143,0.0486799464726947,-0.0348,0.0005
20832,42,dhmix_13624411991961099,42,EnthalpyOfMixing,<Substance C1CCOCC1{solv}{x=0.237900}|Cc1ccccc1N{solv}{x=0.762100}>,C1CCOCC1,Cc1ccccc1N,openff-2.1.0,1,-0.27423856949531,0.0523445396261392,-0.3658,0.004
20833,43,dhmix_510299013171775812,43,EnthalpyOfMixing,<Substance C1CCOCC1{solv}{x=0.741000}|Cc1ccccc1N{solv}{x=0.259000}>,C1CCOCC1,Cc1ccccc1N,openff-2.1.0,1,-0.3618280116877912,0.0446672939018812,-0.4892,0.0053
20834,44,dhmix_1337006691942958969,44,EnthalpyOfMixing,<Substance C1CCOCC1{solv}{x=0.490100}|Cc1ccccc1N{solv}{x=0.509900}>,C1CCOCC1,Cc1ccccc1N,openff-2.1.0,1,-0.2729499620043469,0.0503929280974634,-0.5715,0.0062
20835,45,dens_1448062547628404156,45,Density,<Substance C1CCOCC1{solv}{x=0.727900}|Cc1ccccc1N{solv}{x=0.272100}>,C1CCOCC1,Cc1ccccc1N,openff-2.1.0,1,0.9191217935231732,0.0002274642485151,0.91866,0.000285
20836,46,dens_2171966897328079405,46,Density,<Substance C1CCOCC1{solv}{x=0.498600}|Cc1ccccc1N{solv}{x=0.501400}>,C1CCOCC1,Cc1ccccc1N,openff-2.1.0,1,0.9528371135950008,0.0002413454155165,0.9459860000000002,0.0002275
20837,47,dens_2201621104799327758,47,Density,<Substance C1CCOCC1{solv}{x=0.229700}|Cc1ccccc1N{solv}{x=0.770300}>,C1CCOCC1,Cc1ccccc1N,openff-2.1.0,1,0.9919477927395436,0.0003114669545554,0.9734540000000002,0.000164
20838,48,dens_15008167137789802,48,Density,<Substance CCCCCl{solv}{x=0.299200}|CN(C)C=O{solv}{x=0.700800}>,CCCCCl,CN(C)C=O,openff-2.1.0,1,0.9025081938520486,0.0002705664974035,0.9218000000000002,0.0002
20839,49,dens_550868133232739009,49,Density,<Substance CCCCCl{solv}{x=0.701200}|CN(C)C=O{solv}{x=0.298800}>,CCCCCl,CN(C)C=O,openff-2.1.0,1,0.8801437232798119,0.0002809652868044,0.8963000000000002,0.0002
20840,50,dhmix_1315230298567753558,50,EnthalpyOfMixing,<Substance CCCCCl{solv}{x=0.793000}|CN(C)C=O{solv}{x=0.207000}>,CCCCCl,CN(C)C=O,openff-2.1.0,1,0.7361594129596725,0.0356245371254627,0.404,0.003
20841,51,dhmix_1929975181819720491,51,EnthalpyOfMixing,<Substance CCCCCl{solv}{x=0.493000}|CN(C)C=O{solv}{x=0.507000}>,CCCCCl,CN(C)C=O,openff-2.1.0,1,0.9512682299709708,0.0376120021324311,0.571,0.003
20842,52,dhmix_1976787548784045784,52,EnthalpyOfMixing,<Substance CCCCCl{solv}{x=0.295000}|CN(C)C=O{solv}{x=0.705000}>,CCCCCl,CN(C)C=O,openff-2.1.0,1,0.7094572407082396,0.0374793815857744,0.467,0.003
20843,53,dens_2008819185276371643,53,Density,<Substance CCCCCl{solv}{x=0.499000}|CN(C)C=O{solv}{x=0.501000}>,CCCCCl,CN(C)C=O,openff-2.1.0,1,0.890866047901222,0.0003027866036793,0.9086000000000002,0.0002
20844,54,dens_16755306936326197,54,Density,<Substance Cc1ccccc1N{solv}{x=0.255700}|Cc1ccccn1{solv}{x=0.744300}>,Cc1ccccc1N,Cc1ccccn1,openff-2.1.0,1,0.968558992966152,0.0002216195239646,0.9597930000000002,0.000307
20845,55,dens_238666738854407136,55,Density,<Substance Cc1ccccc1N{solv}{x=0.514600}|Cc1ccccn1{solv}{x=0.485400}>,Cc1ccccc1N,Cc1ccccn1,openff-2.1.0,1,0.9885104851254088,0.0002071761884014,0.9748990000000002,0.0002315
20846,56,dhmix_1909144841681931250,56,EnthalpyOfMixing,<Substance Cc1ccccc1N{solv}{x=0.488200}|Cc1ccccn1{solv}{x=0.511800}>,Cc1ccccc1N,Cc1ccccn1,openff-2.1.0,1,-1.8638970572157805,0.038194671635283,-1.4976,0.0305
20847,57,dens_1945534954282706534,57,Density,<Substance Cc1ccccc1N{solv}{x=0.757100}|Cc1ccccn1{solv}{x=0.242900}>,Cc1ccccc1N,Cc1ccccn1,openff-2.1.0,1,1.0042049698797717,0.0003051069908585,0.9854410000000002,0.000169
20848,58,dhmix_2038606904928978856,58,EnthalpyOfMixing,<Substance Cc1ccccc1N{solv}{x=0.782100}|Cc1ccccn1{solv}{x=0.217900}>,Cc1ccccc1N,Cc1ccccn1,openff-2.1.0,1,-1.037092074470365,0.0487203121496221,-0.8656,0.01775
20849,59,dhmix_2125558080831870503,59,EnthalpyOfMixing,<Substance Cc1ccccc1N{solv}{x=0.273600}|Cc1ccccn1{solv}{x=0.726400}>,Cc1ccccc1N,Cc1ccccn1,openff-2.1.0,1,-1.6042340846661958,0.040249990535375,-1.2462,0.0254
20850,60,dens_19028061622240549,60,Density,<Substance CN(C)CCO{solv}{x=0.296200}|CO{solv}{x=0.703800}>,CN(C)CCO,CO,openff-2.1.0,1,0.8427724779627919,0.0002939485476586,0.8506500000000001,0.00014
20851,61,dens_186649390549115907,61,Density,<Substance CN(C)CCO{solv}{x=0.502000}|CO{solv}{x=0.498000}>,CN(C)CCO,CO,openff-2.1.0,1,0.867046810437015,0.0003192188452472,0.8684000000000002,0.000155
20852,62,dhmix_1453612193040378117,62,EnthalpyOfMixing,<Substance CN(C)CCO{solv}{x=0.497200}|CO{solv}{x=0.502800}>,CN(C)CCO,CO,openff-2.1.0,1,-1.2969787154070502,0.0366177268940277,-0.8673,0.00935
20853,63,dens_1978392691277508278,63,Density,<Substance CN(C)CCO{solv}{x=0.707500}|CO{solv}{x=0.292500}>,CN(C)CCO,CO,openff-2.1.0,1,0.8832567245850618,0.0002356999440336,0.8766100000000002,0.00017
20854,64,dhmix_2113387918969192804,64,EnthalpyOfMixing,<Substance CN(C)CCO{solv}{x=0.247900}|CO{solv}{x=0.752100}>,CN(C)CCO,CO,openff-2.1.0,1,-1.0312809086802588,0.0333058348226338,-0.8057,0.0087
20855,65,dhmix_2220842061395014218,65,EnthalpyOfMixing,<Substance CN(C)CCO{solv}{x=0.750600}|CO{solv}{x=0.249400}>,CN(C)CCO,CO,openff-2.1.0,1,-0.9403006167889458,0.0434859900943044,-0.5322,0.00585
20856,66,dhmix_21994921667950318,66,EnthalpyOfMixing,<Substance C=CCCCC{solv}{x=0.500100}|CCCO{solv}{x=0.499900}>,C=CCCCC,CCCO,openff-2.1.0,1,0.6765422389375146,0.0455308694886562,0.595,0.0055
20857,67,dens_62854823056490751,67,Density,<Substance C=CCCCC{solv}{x=0.150300}|CCCO{solv}{x=0.849700}>,C=CCCCC,CCCO,openff-2.1.0,1,0.7649839193345674,0.0002866337969111,0.7704980000000002,0.0001845
20858,68,dens_294296714501123310,68,Density,<Substance C=CCCCC{solv}{x=0.499100}|CCCO{solv}{x=0.500900}>,C=CCCCC,CCCO,openff-2.1.0,1,0.7025972800187578,0.0002838718199415,0.7176450000000002,0.0002145
20859,69,dhmix_829065315899278784,69,EnthalpyOfMixing,<Substance C=CCCCC{solv}{x=0.750000}|CCCO{solv}{x=0.250000}>,C=CCCCC,CCCO,openff-2.1.0,1,0.6753378116723212,0.0444189179246962,0.682,0.006
20860,70,dens_2024397702416079279,70,Density,<Substance C=CCCCC{solv}{x=0.745600}|CCCO{solv}{x=0.254400}>,C=CCCCC,CCCO,openff-2.1.0,1,0.670694277522323,0.0002469713564228,0.6899770000000002,0.0002305
20861,71,dhmix_2167083041249157622,71,EnthalpyOfMixing,<Substance C=CCCCC{solv}{x=0.150100}|CCCO{solv}{x=0.849900}>,C=CCCCC,CCCO,openff-2.1.0,1,0.2739658709222077,0.0408945809598826,0.192,0.005
20862,72,dhmix_22428169890990447,72,EnthalpyOfMixing,<Substance CC1(C)C(=O)[C@]2(C)CC[C@H]1C2{solv}{x=0.286000}|CCO{solv}{x=0.714000}>,CC1(C)C(=O)[C@]2(C)CC[C@H]1C2,CCO,openff-2.1.0,1,0.5201738789966441,0.0403012381504444,0.876,0.0265
20863,73,dhmix_57626661746168078,73,EnthalpyOfMixing,<Substance CC1(C)C(=O)[C@]2(C)CC[C@H]1C2{solv}{x=0.701000}|CCO{solv}{x=0.299000}>,CC1(C)C(=O)[C@]2(C)CC[C@H]1C2,CCO,openff-2.1.0,1,0.7537233444443814,0.0507355216624154,1.0,0.0305
20864,74,dhmix_287041928444283276,74,EnthalpyOfMixing,<Substance CC1(C)C(=O)[C@]2(C)CC[C@H]1C2{solv}{x=0.488000}|CCO{solv}{x=0.512000}>,CC1(C)C(=O)[C@]2(C)CC[C@H]1C2,CCO,openff-2.1.0,1,0.7269382523315073,0.0460740540754936,1.109,0.0335
20865,75,dens_618487453946854895,75,Density,<Substance CC1(C)C(=O)[C@]2(C)CC[C@H]1C2{solv}{x=0.501200}|CCO{solv}{x=0.498800}>,CC1(C)C(=O)[C@]2(C)CC[C@H]1C2,CCO,openff-2.1.0,1,0.9106955035472056,0.0002069662427429,0.9005900000000002,5.5000000000000016e-05
20866,76,dens_1408969463542558504,76,Density,<Substance CC1(C)C(=O)[C@]2(C)CC[C@H]1C2{solv}{x=0.789700}|CCO{solv}{x=0.210300}>,CC1(C)C(=O)[C@]2(C)CC[C@H]1C2,CCO,openff-2.1.0,1,0.9394392848830816,0.000274021294724,0.9274800000000002,6.0000000000000015e-05
20867,77,dens_2053919413592536040,77,Density,<Substance CC1(C)C(=O)[C@]2(C)CC[C@H]1C2{solv}{x=0.200200}|CCO{solv}{x=0.799800}>,CC1(C)C(=O)[C@]2(C)CC[C@H]1C2,CCO,openff-2.1.0,1,0.856625548404959,0.0002460608553529,0.8499000000000002,6.500000000000002e-05
20868,78,dhmix_24700325920498635,78,EnthalpyOfMixing,<Substance CCC(C)(C)O{solv}{x=0.799400}|CCOC(C)(C)CC{solv}{x=0.200600}>,CCC(C)(C)O,CCOC(C)(C)CC,openff-2.1.0,1,0.7304314780381702,0.0548711375488962,0.448,0.0073
20869,79,dhmix_252628078473967793,79,EnthalpyOfMixing,<Substance CCC(C)(C)O{solv}{x=0.299700}|CCOC(C)(C)CC{solv}{x=0.700300}>,CCC(C)(C)O,CCOC(C)(C)CC,openff-2.1.0,1,1.0411687166797703,0.0506423382813814,0.9727,0.0132
20870,80,dens_281609537293621351,80,Density,<Substance CCC(C)(C)O{solv}{x=0.799400}|CCOC(C)(C)CC{solv}{x=0.200600}>,CCC(C)(C)O,CCOC(C)(C)CC,openff-2.1.0,1,0.8079721385696855,0.0002918692825094,0.7932000000000002,0.00025
20871,81,dhmix_980734994193955874,81,EnthalpyOfMixing,<Substance CCC(C)(C)O{solv}{x=0.498700}|CCOC(C)(C)CC{solv}{x=0.501300}>,CCC(C)(C)O,CCOC(C)(C)CC,openff-2.1.0,1,0.9606925565193194,0.0458371669001193,0.8937,0.01225
20872,82,dens_1165049856972872340,82,Density,<Substance CCC(C)(C)O{solv}{x=0.498700}|CCOC(C)(C)CC{solv}{x=0.501300}>,CCC(C)(C)O,CCOC(C)(C)CC,openff-2.1.0,1,0.7897882058912395,0.0001662060525382,0.7789000000000001,0.0002
20873,83,dens_2297026976830009992,83,Density,<Substance CCC(C)(C)O{solv}{x=0.299700}|CCOC(C)(C)CC{solv}{x=0.700300}>,CCC(C)(C)O,CCOC(C)(C)CC,openff-2.1.0,1,0.7800669443206518,0.0002237726907036,0.7709000000000001,0.0002
20874,84,dens_25810987980199799,84,Density,<Substance CCCCCC{solv}{x=0.158800}|Cc1ccccc1{solv}{x=0.841200}>,CCCCCC,Cc1ccccc1,openff-2.1.0,1,0.8122518340066565,0.0002256653008087,0.8226300000000002,0.000335
20875,85,dens_574637447996217594,85,Density,<Substance CCCCCC{solv}{x=0.501100}|Cc1ccccc1{solv}{x=0.498900}>,CCCCCC,Cc1ccccc1,openff-2.1.0,1,0.7365765538910205,0.0002323155465033,0.7484400000000002,0.00015
20876,86,dhmix_1373657903424456878,86,EnthalpyOfMixing,<Substance CCCCCC{solv}{x=0.158600}|Cc1ccccc1{solv}{x=0.841400}>,CCCCCC,Cc1ccccc1,openff-2.1.0,1,0.3975165206841922,0.0416341980971063,0.3163,0.0043
20877,87,dhmix_1383995974797334848,87,EnthalpyOfMixing,<Substance CCCCCC{solv}{x=0.472300}|Cc1ccccc1{solv}{x=0.527700}>,CCCCCC,Cc1ccccc1,openff-2.1.0,1,0.6721448545676623,0.0340792949127117,0.5467,0.00715
20878,88,dhmix_1412344026798360911,88,EnthalpyOfMixing,<Substance CCCCCC{solv}{x=0.748400}|Cc1ccccc1{solv}{x=0.251600}>,CCCCCC,Cc1ccccc1,openff-2.1.0,1,0.4658327439695711,0.0463720768158805,0.393,0.00525
20879,89,dens_2241575426887298365,89,Density,<Substance CCCCCC{solv}{x=0.733800}|Cc1ccccc1{solv}{x=0.266200}>,CCCCCC,Cc1ccccc1,openff-2.1.0,1,0.6910843366721867,0.0002398271447588,0.7020900000000002,0.000305
20880,90,dens_27241401908451167,90,Density,<Substance CN(C)C=O{solv}{x=0.503500}|Cc1ccccc1Cl{solv}{x=0.496500}>,CN(C)C=O,Cc1ccccc1Cl,openff-2.1.0,1,1.0143533953759305,0.0002307834182319,1.0247000000000004,0.0005
20881,91,dhmix_674882857451857086,91,EnthalpyOfMixing,<Substance CN(C)C=O{solv}{x=0.511800}|Cc1ccccc1Cl{solv}{x=0.488200}>,CN(C)C=O,Cc1ccccc1Cl,openff-2.1.0,1,0.2616802135730793,0.0403816471940594,0.545,0.006
20882,92,dens_818042132181297482,92,Density,<Substance CN(C)C=O{solv}{x=0.751200}|Cc1ccccc1Cl{solv}{x=0.248800}>,CN(C)C=O,Cc1ccccc1Cl,openff-2.1.0,1,0.9725297159505168,0.0002446838071953,0.9898800000000002,0.0005
20883,93,dens_861365281257265917,93,Density,<Substance CN(C)C=O{solv}{x=0.273700}|Cc1ccccc1Cl{solv}{x=0.726300}>,CN(C)C=O,Cc1ccccc1Cl,openff-2.1.0,1,1.0366431620035603,0.0001865835155249,1.0415000000000003,0.0005
20884,94,dhmix_1670364528496870559,94,EnthalpyOfMixing,<Substance CN(C)C=O{solv}{x=0.767900}|Cc1ccccc1Cl{solv}{x=0.232100}>,CN(C)C=O,Cc1ccccc1Cl,openff-2.1.0,1,0.0937712774879031,0.0417891529911268,0.436,0.005
20885,95,dhmix_1992689527814967541,95,EnthalpyOfMixing,<Substance CN(C)C=O{solv}{x=0.274300}|Cc1ccccc1Cl{solv}{x=0.725700}>,CN(C)C=O,Cc1ccccc1Cl,openff-2.1.0,1,0.2697963515896191,0.0437780003461158,0.373,0.004
20886,96,dens_29213618499921464,96,Density,<Substance C1CCOCC1{solv}{x=0.254000}|O=C1CCCCCC1{solv}{x=0.746000}>,C1CCOCC1,O=C1CCCCCC1,openff-2.1.0,1,0.9151708588848988,0.0001771351153915,0.9355100000000002,0.00051
20887,97,dens_468319504030932569,97,Density,<Substance C1CCOCC1{solv}{x=0.498600}|O=C1CCCCCC1{solv}{x=0.501400}>,C1CCOCC1,O=C1CCCCCC1,openff-2.1.0,1,0.9036859506471404,0.0001771482778248,0.9211200000000004,0.00051
20888,98,dens_1174890511154571939,98,Density,<Substance C1CCOCC1{solv}{x=0.768600}|O=C1CCCCCC1{solv}{x=0.231400}>,C1CCOCC1,O=C1CCCCCC1,openff-2.1.0,1,0.8899094848642355,0.0002313633530653,0.9012200000000002,0.000505
20889,99,dens_30084818585402677,99,Density,<Substance CC(=O)N(C)C{solv}{x=0.700600}|ClCCCCCCCl{solv}{x=0.299400}>,CC(=O)N(C)C,ClCCCCCCCl,openff-2.1.0,1,0.9619243876186278,0.0002349219115353,0.9853000000000002,0.00175
20890,100,dhmix_384619296407103076,100,EnthalpyOfMixing,<Substance CC(=O)N(C)C{solv}{x=0.504000}|ClCCCCCCCl{solv}{x=0.496000}>,CC(=O)N(C)C,ClCCCCCCCl,openff-2.1.0,1,0.1978755178428102,0.0441575292861951,0.09,0.002
20891,101,dens_539464371986972328,101,Density,<Substance CC(=O)N(C)C{solv}{x=0.494300}|ClCCCCCCCl{solv}{x=0.505700}>,CC(=O)N(C)C,ClCCCCCCCl,openff-2.1.0,1,0.9986006430713268,0.0001796484094502,1.0123000000000002,0.0016
20892,102,dhmix_1114659247517686326,102,EnthalpyOfMixing,<Substance CC(=O)N(C)C{solv}{x=0.798000}|ClCCCCCCCl{solv}{x=0.202000}>,CC(=O)N(C)C,ClCCCCCCCl,openff-2.1.0,1,0.1530366526853015,0.042731505194998,0.067,0.002
20893,103,dhmix_1410583096030633514,103,EnthalpyOfMixing,<Substance CC(=O)N(C)C{solv}{x=0.212000}|ClCCCCCCCl{solv}{x=0.788000}>,CC(=O)N(C)C,ClCCCCCCCl,openff-2.1.0,1,0.1014715686165459,0.0482365423395022,0.04,0.002
20894,104,dens_2244909992725638206,104,Density,<Substance CC(=O)N(C)C{solv}{x=0.300200}|ClCCCCCCCl{solv}{x=0.699800}>,CC(=O)N(C)C,ClCCCCCCCl,openff-2.1.0,1,1.0278957355869185,0.0002511862012158,1.0345000000000002,0.0015
20895,105,dhmix_35301006695188726,105,EnthalpyOfMixing,<Substance CCOC(=O)C(C)C{solv}{x=0.289000}|CO{solv}{x=0.711000}>,CCOC(=O)C(C)C,CO,openff-2.1.0,1,0.5745347220422516,0.0371547627757945,0.488,0.0035
20896,106,dens_508877804306927207,106,Density,<Substance CCOC(=O)C(C)C{solv}{x=0.499000}|CO{solv}{x=0.501000}>,CCOC(=O)C(C)C,CO,openff-2.1.0,1,0.8448091517161427,0.0003002434080013,0.8414100000000002,0.00011
20897,107,dens_1201422771202741625,107,Density,<Substance CCOC(=O)C(C)C{solv}{x=0.199600}|CO{solv}{x=0.800400}>,CCOC(=O)C(C)C,CO,openff-2.1.0,1,0.8102273315389292,0.0003717919640491,0.8173600000000002,0.000115
20898,108,dhmix_1951183536432642425,108,EnthalpyOfMixing,<Substance CCOC(=O)C(C)C{solv}{x=0.480000}|CO{solv}{x=0.520000}>,CCOC(=O)C(C)C,CO,openff-2.1.0,1,0.7881215430909734,0.0388661170023797,0.671,0.0045
20899,109,dens_1998368384671748308,109,Density,<Substance CCOC(=O)C(C)C{solv}{x=0.703000}|CO{solv}{x=0.297000}>,CCOC(=O)C(C)C,CO,openff-2.1.0,1,0.8585981645991015,0.0002386060572436,0.8501200000000002,0.00011
20900,110,dhmix_2200604492347455092,110,EnthalpyOfMixing,<Substance CCOC(=O)C(C)C{solv}{x=0.771000}|CO{solv}{x=0.229000}>,CCOC(=O)C(C)C,CO,openff-2.1.0,1,0.5207378590963856,0.038741276099536,0.632,0.0045
20901,111,dhmix_39159150320919359,111,EnthalpyOfMixing,<Substance CCO{solv}{x=0.799700}|Cc1cccc(O)c1{solv}{x=0.200300}>,CCO,Cc1cccc(O)c1,openff-2.1.0,1,-0.5777349752110297,0.0330850077569495,-0.79199,0.011965
20902,112,dens_410843938837220593,112,Density,<Substance CCO{solv}{x=0.263700}|Cc1cccc(O)c1{solv}{x=0.736300}>,CCO,Cc1cccc(O)c1,openff-2.1.0,1,0.9949671147572066,0.0002083071440731,0.9852300000000004,0.0006
20903,113,dhmix_1115402835538407874,113,EnthalpyOfMixing,<Substance CCO{solv}{x=0.212500}|Cc1cccc(O)c1{solv}{x=0.787500}>,CCO,Cc1cccc(O)c1,openff-2.1.0,1,-0.581107530887671,0.0408590479479586,-0.68742,0.01275
20904,114,dens_1359111234216199895,114,Density,<Substance CCO{solv}{x=0.472400}|Cc1cccc(O)c1{solv}{x=0.527600}>,CCO,Cc1cccc(O)c1,openff-2.1.0,1,0.9580467268194652,0.0002293701254871,0.9446300000000002,0.0006
20905,115,dens_1590314985481219627,115,Density,<Substance CCO{solv}{x=0.781700}|Cc1cccc(O)c1{solv}{x=0.218300}>,CCO,Cc1cccc(O)c1,openff-2.1.0,1,0.8755787698180569,0.0003096260195915,0.8631500000000002,0.000605
20906,116,dhmix_1871939727966182523,116,EnthalpyOfMixing,<Substance CCO{solv}{x=0.413900}|Cc1cccc(O)c1{solv}{x=0.586100}>,CCO,Cc1cccc(O)c1,openff-2.1.0,1,-0.7679156044750108,0.0399422054372746,-1.14624,0.00985
20907,117,dens_42678158079716854,117,Density,<Substance CN1CCCC1=O{solv}{x=0.937492}|c1ccccc1{solv}{x=0.062508}>,CN1CCCC1=O,c1ccccc1,openff-2.1.0,1,0.9939933161958262,0.0002045432014082,1.0204500000000003,3.500000000000001e-05
20908,118,dens_252520620125458637,118,Density,<Substance CN1CCCC1=O{solv}{x=0.513500}|c1ccccc1{solv}{x=0.486500}>,CN1CCCC1=O,c1ccccc1,openff-2.1.0,1,0.9486735657983318,0.0001848626378767,0.9684700000000004,0.00018
20909,119,dhmix_524477957640851666,119,EnthalpyOfMixing,<Substance CN1CCCC1=O{solv}{x=0.235600}|c1ccccc1{solv}{x=0.764400}>,CN1CCCC1=O,c1ccccc1,openff-2.1.0,1,-0.1411455745521124,0.0415366684574899,-0.3684,0.00405
20910,120,dhmix_1475629358723962160,120,EnthalpyOfMixing,<Substance CN1CCCC1=O{solv}{x=0.546700}|c1ccccc1{solv}{x=0.453300}>,CN1CCCC1=O,c1ccccc1,openff-2.1.0,1,-0.1625215593921041,0.0353958458314265,-0.4943,0.00535
20911,121,dens_2041306780823594960,121,Density,<Substance CN1CCCC1=O{solv}{x=0.252400}|c1ccccc1{solv}{x=0.747600}>,CN1CCCC1=O,c1ccccc1,openff-2.1.0,1,0.9005619141767762,0.0002486447781149,0.9163300000000004,0.00029
20912,122,dhmix_2156508970935294660,122,EnthalpyOfMixing,<Substance CN1CCCC1=O{solv}{x=0.741100}|c1ccccc1{solv}{x=0.258900}>,CN1CCCC1=O,c1ccccc1,openff-2.1.0,1,-0.06220552253518,0.0373467286844595,-0.3841,0.0042
20913,123,dhmix_44217680865702366,123,EnthalpyOfMixing,<Substance CC(=O)c1ccccc1{solv}{x=0.200100}|CC(C)O{solv}{x=0.799900}>,CC(=O)c1ccccc1,CC(C)O,openff-2.1.0,1,0.9453537398245924,0.0416617755088716,1.1352,0.0124
20914,124,dens_91454082453656404,124,Density,<Substance CC(=O)c1ccccc1{solv}{x=0.756100}|CC(C)O{solv}{x=0.243900}>,CC(=O)c1ccccc1,CC(C)O,openff-2.1.0,1,0.9758124542596084,0.0002044237487623,0.9823500000000004,0.000175
20915,125,dens_152869924254680766,125,Density,<Substance CC(=O)c1ccccc1{solv}{x=0.251700}|CC(C)O{solv}{x=0.748300}>,CC(=O)c1ccccc1,CC(C)O,openff-2.1.0,1,0.878172891934732,0.0002631134439163,0.8654400000000002,0.000245
20916,126,dhmix_1214494501247401592,126,EnthalpyOfMixing,<Substance CC(=O)c1ccccc1{solv}{x=0.499600}|CC(C)O{solv}{x=0.500400}>,CC(=O)c1ccccc1,CC(C)O,openff-2.1.0,1,1.32349911757899,0.0383135101438145,1.5703,0.0169
20917,127,dhmix_1482394504883204224,127,EnthalpyOfMixing,<Substance CC(=O)c1ccccc1{solv}{x=0.700600}|CC(C)O{solv}{x=0.299400}>,CC(=O)c1ccccc1,CC(C)O,openff-2.1.0,1,1.055860304947771,0.0445729099669168,1.3758,0.01485
20918,128,dens_1804860114822214449,128,Density,<Substance CC(=O)c1ccccc1{solv}{x=0.534500}|CC(C)O{solv}{x=0.465500}>,CC(=O)c1ccccc1,CC(C)O,openff-2.1.0,1,0.9386393208006164,0.0001763295386635,0.9375600000000002,0.0002
20919,129,dhmix_47323681380989568,129,EnthalpyOfMixing,<Substance CCCCCCCCCl{solv}{x=0.498000}|CN(C)C=O{solv}{x=0.502000}>,CCCCCCCCCl,CN(C)C=O,openff-2.1.0,1,1.3047717611360667,0.0430227892818543,1.087,0.0045
20920,130,dhmix_620291288515939248,130,EnthalpyOfMixing,<Substance CCCCCCCCCl{solv}{x=0.790000}|CN(C)C=O{solv}{x=0.210000}>,CCCCCCCCCl,CN(C)C=O,openff-2.1.0,1,0.8988810013227067,0.0491456218687917,0.68,0.0045
20921,131,dens_1830564734879843336,131,Density,<Substance CCCCCCCCCl{solv}{x=0.733100}|CN(C)C=O{solv}{x=0.266900}>,CCCCCCCCCl,CN(C)C=O,openff-2.1.0,1,0.872172640351364,0.0001470745644937,0.8779000000000002,0.00045
20922,132,dens_1865569264533219410,132,Density,<Substance CCCCCCCCCl{solv}{x=0.500800}|CN(C)C=O{solv}{x=0.499200}>,CCCCCCCCCl,CN(C)C=O,openff-2.1.0,1,0.8804729344477458,0.0002461038954442,0.8897000000000003,0.0004
20923,133,dens_1893252821735673677,133,Density,<Substance CCCCCCCCCl{solv}{x=0.199800}|CN(C)C=O{solv}{x=0.800200}>,CCCCCCCCCl,CN(C)C=O,openff-2.1.0,1,0.8980614084240429,0.0001692547224914,0.9149000000000002,0.0003
20924,134,dhmix_2175249209874409534,134,EnthalpyOfMixing,<Substance CCCCCCCCCl{solv}{x=0.205000}|CN(C)C=O{solv}{x=0.795000}>,CCCCCCCCCl,CN(C)C=O,openff-2.1.0,1,1.0565480047828473,0.0387360424347137,0.79,0.0045
20925,135,dens_47347406470845261,135,Density,<Substance BrCCCBr{solv}{x=0.748600}|COC=O{solv}{x=0.251400}>,BrCCCBr,COC=O,openff-2.1.0,1,1.762118490513251,0.0005927137371613,1.7969200000000003,0.00306
20926,136,dens_398260729245374704,136,Density,<Substance BrCCCBr{solv}{x=0.472200}|COC=O{solv}{x=0.527800}>,BrCCCBr,COC=O,openff-2.1.0,1,1.5529619226789475,0.0004819047889547,1.5585100000000005,0.001985
20927,137,dhmix_1440467239786579925,137,EnthalpyOfMixing,<Substance BrCCCBr{solv}{x=0.735400}|COC=O{solv}{x=0.264600}>,BrCCCBr,COC=O,openff-2.1.0,1,0.7669175020528485,0.0324466462817088,0.7435,0.00655
20928,138,dens_1812113401512645360,138,Density,<Substance BrCCCBr{solv}{x=0.204700}|COC=O{solv}{x=0.795300}>,BrCCCBr,COC=O,openff-2.1.0,1,1.2840185739838077,0.0003762001674401,1.2611800000000004,0.001025
20929,139,dhmix_2252268161220427112,139,EnthalpyOfMixing,<Substance BrCCCBr{solv}{x=0.485300}|COC=O{solv}{x=0.514700}>,BrCCCBr,COC=O,openff-2.1.0,1,0.9138342525243104,0.0320102446148943,0.9249,0.00795
20930,140,dhmix_2289960806584862127,140,EnthalpyOfMixing,<Substance BrCCCBr{solv}{x=0.239500}|COC=O{solv}{x=0.760500}>,BrCCCBr,COC=O,openff-2.1.0,1,0.6154050444950148,0.0354780181108506,0.6669,0.00595
20931,141,dens_52148744845178727,141,Density,<Substance CC(=O)CC(C)C{solv}{x=0.700900}|CCC(C)(C)O{solv}{x=0.299100}>,CC(=O)CC(C)C,CCC(C)(C)O,openff-2.1.0,1,0.8011320606297782,0.0002094401689958,0.7968700000000002,0.00018
20932,142,dhmix_202225007451030020,142,EnthalpyOfMixing,<Substance CC(=O)CC(C)C{solv}{x=0.201700}|CCC(C)(C)O{solv}{x=0.798300}>,CC(=O)CC(C)C,CCC(C)(C)O,openff-2.1.0,1,0.2726113551818905,0.0543786462243311,0.8181,0.01135
20933,143,dens_938275493819605051,143,Density,<Substance CC(=O)CC(C)C{solv}{x=0.500800}|CCC(C)(C)O{solv}{x=0.499200}>,CC(=O)CC(C)C,CCC(C)(C)O,openff-2.1.0,1,0.8068110537708797,0.0002229853302817,0.7987300000000002,0.00018
20934,144,dhmix_998794233701009996,144,EnthalpyOfMixing,<Substance CC(=O)CC(C)C{solv}{x=0.500800}|CCC(C)(C)O{solv}{x=0.499200}>,CC(=O)CC(C)C,CCC(C)(C)O,openff-2.1.0,1,0.5642413603548668,0.0420949951380955,1.3674,0.0185
20935,145,dhmix_1565593158104493647,145,EnthalpyOfMixing,<Substance CC(=O)CC(C)C{solv}{x=0.700900}|CCC(C)(C)O{solv}{x=0.299100}>,CC(=O)CC(C)C,CCC(C)(C)O,openff-2.1.0,1,0.4523147661082358,0.0432356717159248,1.2068,0.0164
20936,146,dens_2097057526665137697,146,Density,<Substance CC(=O)CC(C)C{solv}{x=0.201700}|CCC(C)(C)O{solv}{x=0.798300}>,CC(=O)CC(C)C,CCC(C)(C)O,openff-2.1.0,1,0.8168668150669823,0.0002959449805936,0.8030000000000002,0.00019
20937,147,dens_60145312697659458,147,Density,<Substance OC1=NCCC1{solv}{x=0.231200}|c1ccncc1{solv}{x=0.768800}>,OC1=NCCC1,c1ccncc1,openff-2.1.0,1,1.0041830781524923,0.0002428525102262,1.0106200000000003,0.00051
20938,148,dhmix_281987656487279026,148,EnthalpyOfMixing,<Substance OC1=NCCC1{solv}{x=0.525600}|c1ccncc1{solv}{x=0.474400}>,OC1=NCCC1,c1ccncc1,openff-2.1.0,1,-0.216487827845242,0.0378603133494215,0.2031,0.0508
20939,149,dens_617740093035429712,149,Density,<Substance OC1=NCCC1{solv}{x=0.831200}|c1ccncc1{solv}{x=0.168800}>,OC1=NCCC1,c1ccncc1,openff-2.1.0,1,1.05510107949858,0.0002103582303203,1.0872000000000004,0.00052
20940,150,dhmix_658699797311871042,150,EnthalpyOfMixing,<Substance OC1=NCCC1{solv}{x=0.261500}|c1ccncc1{solv}{x=0.738500}>,OC1=NCCC1,c1ccncc1,openff-2.1.0,1,-0.2188981213074541,0.0362895004418053,0.165,0.04125
20941,151,dhmix_774470106511868908,151,EnthalpyOfMixing,<Substance OC1=NCCC1{solv}{x=0.831100}|c1ccncc1{solv}{x=0.168900}>,OC1=NCCC1,c1ccncc1,openff-2.1.0,1,-0.023528795527099,0.0373434749999157,0.0972,0.0243
20942,152,dens_1837977312272564303,152,Density,<Substance OC1=NCCC1{solv}{x=0.475200}|c1ccncc1{solv}{x=0.524800}>,OC1=NCCC1,c1ccncc1,openff-2.1.0,1,1.026680378665731,0.0002040166659085,1.0431300000000003,0.000515
20943,153,dens_64870336397637683,153,Density,<Substance NCCCO{solv}{x=0.489642}|O{solv}{x=0.510358}>,NCCCO,O,openff-2.1.0,1,1.0300305511166203,0.00039074213373,1.0059000000000002,0.00155
20944,154,dens_70371380055449550,154,Density,<Substance NCCCO{solv}{x=0.708044}|O{solv}{x=0.291956}>,NCCCO,O,openff-2.1.0,1,1.0332389481454058,0.000371769408423,0.9975000000000004,0.0018
20945,155,dhmix_150384853762728924,155,EnthalpyOfMixing,<Substance NCCCO{solv}{x=0.751500}|O{solv}{x=0.248500}>,NCCCO,O,openff-2.1.0,1,-0.8256573999015089,0.0506940908529634,-1.531,0.031
20946,156,dens_847209819230970781,156,Density,<Substance NCCCO{solv}{x=0.272809}|O{solv}{x=0.727191}>,NCCCO,O,openff-2.1.0,1,1.0204300606248902,0.0003524781084287,1.0118000000000005,0.0014
20947,157,dhmix_1448036989335532298,157,EnthalpyOfMixing,<Substance NCCCO{solv}{x=0.298200}|O{solv}{x=0.701800}>,NCCCO,O,openff-2.1.0,1,-0.3941896732955747,0.0262108673352711,-2.501,0.051
20948,158,dhmix_1551692974855642379,158,EnthalpyOfMixing,<Substance NCCCO{solv}{x=0.498900}|O{solv}{x=0.501100}>,NCCCO,O,openff-2.1.0,1,-0.6807606902623888,0.0378653131279197,-2.462,0.05
20949,159,dhmix_65921650414250861,159,EnthalpyOfMixing,<Substance CCOC(=O)CC(C)=O{solv}{x=0.499500}|CCO{solv}{x=0.500500}>,CCO,CCOC(=O)CC(C)=O,openff-2.1.0,1,1.377942809812339,0.0413528005732222,1.7079,0.0183
20950,160,dhmix_546962203716710778,160,EnthalpyOfMixing,<Substance CCOC(=O)CC(C)=O{solv}{x=0.299400}|CCO{solv}{x=0.700600}>,CCO,CCOC(=O)CC(C)=O,openff-2.1.0,1,1.3030187083225115,0.0376591343266817,1.4925,0.01605
20951,161,dens_989479368116300355,161,Density,<Substance CCOC(=O)CC(C)=O{solv}{x=0.500000}|CCO{solv}{x=0.500000}>,CCO,CCOC(=O)CC(C)=O,openff-2.1.0,1,0.9563169615660956,0.0002371096186395,0.9484700000000004,0.000155
20952,162,dens_1726065156375824332,162,Density,<Substance CCOC(=O)CC(C)=O{solv}{x=0.250000}|CCO{solv}{x=0.750000}>,CCO,CCOC(=O)CC(C)=O,openff-2.1.0,1,0.8927265736960444,0.0002713362506581,0.8856300000000003,0.00017
20953,163,dens_1736679431098209973,163,Density,<Substance CCOC(=O)CC(C)=O{solv}{x=0.750000}|CCO{solv}{x=0.250000}>,CCO,CCOC(=O)CC(C)=O,openff-2.1.0,1,1.000317553129135,0.0001989639865458,0.9917100000000004,0.00017
20954,164,dhmix_2221487218644783272,164,EnthalpyOfMixing,<Substance CCOC(=O)CC(C)=O{solv}{x=0.700800}|CCO{solv}{x=0.299200}>,CCO,CCOC(=O)CC(C)=O,openff-2.1.0,1,1.090000647282693,0.0431292087558371,1.478,0.0159
20955,165,dhmix_68947190908856741,165,EnthalpyOfMixing,<Substance C1COCCO1{solv}{x=0.250000}|O=C1CCCC1{solv}{x=0.750000}>,C1COCCO1,O=C1CCCC1,openff-2.1.0,1,-0.0443164309664609,0.0378863147240867,0.04589,0.00057
20956,166,dens_225413782402822877,166,Density,<Substance C1COCCO1{solv}{x=0.777800}|O=C1CCCC1{solv}{x=0.222200}>,C1COCCO1,O=C1CCCC1,openff-2.1.0,1,1.0095817084310752,0.0002205207093483,1.0081000000000002,0.000255
20957,167,dhmix_415496698649060745,167,EnthalpyOfMixing,<Substance C1COCCO1{solv}{x=0.500000}|O=C1CCCC1{solv}{x=0.500000}>,C1COCCO1,O=C1CCCC1,openff-2.1.0,1,0.0296193697007112,0.0406477371284476,0.07457,0.00068
20958,168,dens_803440153424346423,168,Density,<Substance C1COCCO1{solv}{x=0.506300}|O=C1CCCC1{solv}{x=0.493700}>,C1COCCO1,O=C1CCCC1,openff-2.1.0,1,0.9760467335517432,0.000162101366671,0.9849200000000002,0.00025
20959,169,dens_1553194080174872005,169,Density,<Substance C1COCCO1{solv}{x=0.243600}|O=C1CCCC1{solv}{x=0.756400}>,C1COCCO1,O=C1CCCC1,openff-2.1.0,1,0.9445447051303976,0.0002264773301485,0.9633500000000004,0.000245
20960,170,dhmix_1852349497898107924,170,EnthalpyOfMixing,<Substance C1COCCO1{solv}{x=0.750000}|O=C1CCCC1{solv}{x=0.250000}>,C1COCCO1,O=C1CCCC1,openff-2.1.0,1,0.0217559714847368,0.041266145474467,0.07097,0.000665
20961,171,dhmix_71170350241685196,171,EnthalpyOfMixing,<Substance COC(C)(C)C{solv}{x=0.749000}|ClC(Cl)Cl{solv}{x=0.251000}>,COC(C)(C)C,ClC(Cl)Cl,openff-2.1.0,1,-1.1737560256755015,0.0412497000965318,-1.9,0.077
20962,172,dens_554111049740737271,172,Density,<Substance COC(C)(C)C{solv}{x=0.454000}|ClC(Cl)Cl{solv}{x=0.546000}>,COC(C)(C)C,ClC(Cl)Cl,openff-2.1.0,1,1.1322205111151182,0.0004005656482873,1.0838000000000003,0.00015
20963,173,dhmix_1691495556773848750,173,EnthalpyOfMixing,<Substance COC(C)(C)C{solv}{x=0.484000}|ClC(Cl)Cl{solv}{x=0.516000}>,COC(C)(C)C,ClC(Cl)Cl,openff-2.1.0,1,-1.65923222193587,0.0333256950052101,-2.1,0.0845
20964,174,dens_1874337336846858625,174,Density,<Substance COC(C)(C)C{solv}{x=0.276000}|ClC(Cl)Cl{solv}{x=0.724000}>,COC(C)(C)C,ClC(Cl)Cl,openff-2.1.0,1,1.2945530676703287,0.0004738332298024,1.2259000000000004,0.0002
20965,175,dens_2136498248834183810,175,Density,<Substance COC(C)(C)C{solv}{x=0.728600}|ClC(Cl)Cl{solv}{x=0.271400}>,COC(C)(C)C,ClC(Cl)Cl,openff-2.1.0,1,0.9219466042450029,0.0002901868964119,0.8956000000000003,0.00015
20966,176,dhmix_2232264038422377060,176,EnthalpyOfMixing,<Substance COC(C)(C)C{solv}{x=0.220000}|ClC(Cl)Cl{solv}{x=0.780000}>,COC(C)(C)C,ClC(Cl)Cl,openff-2.1.0,1,-1.1068982167192782,0.0324857777233296,-1.5,0.0605
20967,177,dhmix_73322629991074290,177,EnthalpyOfMixing,<Substance CCC(C)=O{solv}{x=0.212400}|CCN(CC)CC{solv}{x=0.787600}>,CCC(C)=O,CCN(CC)CC,openff-2.1.0,1,0.3257558739307811,0.0440027309456141,0.57,0.006
20968,178,dens_317201778138256714,178,Density,<Substance CCC(C)=O{solv}{x=0.261000}|CCN(CC)CC{solv}{x=0.739000}>,CCC(C)=O,CCN(CC)CC,openff-2.1.0,1,0.7362961774847784,0.0002285253330422,0.7361510000000001,0.000106
20969,179,dens_544322850735592196,179,Density,<Substance CCC(C)=O{solv}{x=0.510600}|CCN(CC)CC{solv}{x=0.489400}>,CCC(C)=O,CCN(CC)CC,openff-2.1.0,1,0.746805417780634,0.0002260911285053,0.7527560000000002,0.0001045
20970,180,dhmix_690665189446107141,180,EnthalpyOfMixing,<Substance CCC(C)=O{solv}{x=0.496700}|CCN(CC)CC{solv}{x=0.503300}>,CCC(C)=O,CCN(CC)CC,openff-2.1.0,1,0.5557591837592106,0.0417670253238265,0.746,0.008
20971,181,dhmix_935249702283890201,181,EnthalpyOfMixing,<Substance CCC(C)=O{solv}{x=0.789300}|CCN(CC)CC{solv}{x=0.210700}>,CCC(C)=O,CCN(CC)CC,openff-2.1.0,1,0.2205546556309841,0.0365673077131155,0.455,0.005
20972,182,dens_1635002920322954883,182,Density,<Substance CCC(C)=O{solv}{x=0.760400}|CCN(CC)CC{solv}{x=0.239600}>,CCC(C)=O,CCN(CC)CC,openff-2.1.0,1,0.7599307347040825,0.0002609944107601,0.7738830000000002,9.900000000000003e-05
20973,183,dhmix_76833325524040726,183,EnthalpyOfMixing,<Substance C1CCCCC1{solv}{x=0.260600}|c1ccccc1{solv}{x=0.739400}>,C1CCCCC1,c1ccccc1,openff-2.1.0,1,0.7357054138108907,0.0404846733032502,0.6282,0.00695
20974,184,dens_330305790736126156,184,Density,<Substance C1CCCCC1{solv}{x=0.499600}|c1ccccc1{solv}{x=0.500400}>,C1CCCCC1,c1ccccc1,openff-2.1.0,1,0.7976668020993257,0.0002438112187517,0.8136000000000002,0.0002
20975,185,dhmix_460305358266375837,185,EnthalpyOfMixing,<Substance C1CCCCC1{solv}{x=0.766800}|c1ccccc1{solv}{x=0.233200}>,C1CCCCC1,c1ccccc1,openff-2.1.0,1,0.7155794472318462,0.0405495950934016,0.5517,0.00725
20976,186,dens_1579941980285561951,186,Density,<Substance C1CCCCC1{solv}{x=0.249800}|c1ccccc1{solv}{x=0.750200}>,C1CCCCC1,c1ccccc1,openff-2.1.0,1,0.8263963293453981,0.0002961915972865,0.8405780000000002,7.05e-05
20977,187,dhmix_1824194485055356086,187,EnthalpyOfMixing,<Substance C1CCCCC1{solv}{x=0.501200}|c1ccccc1{solv}{x=0.498800}>,C1CCCCC1,c1ccccc1,openff-2.1.0,1,0.9297025676718818,0.0371497070551244,0.7893,0.00655
20978,188,dens_1871885279620492514,188,Density,<Substance C1CCCCC1{solv}{x=0.732300}|c1ccccc1{solv}{x=0.267700}>,C1CCCCC1,c1ccccc1,openff-2.1.0,1,0.776892631702327,0.0002399032345549,0.7929200000000002,7.450000000000001e-05
20979,189,dens_78518696584109468,189,Density,<Substance CN(CCO)CCO{solv}{x=0.743000}|O{solv}{x=0.257000}>,CN(CCO)CCO,O,openff-2.1.0,1,1.0499020932814542,0.0003099333177359,1.0405100000000005,0.000286
20980,190,dens_169053214615075062,190,Density,<Substance CN(CCO)CCO{solv}{x=0.257100}|O{solv}{x=0.742900}>,CN(CCO)CCO,O,openff-2.1.0,1,1.0369472748866082,0.0003872998893153,1.0522550000000004,0.000221
20981,191,dhmix_750283179383190388,191,EnthalpyOfMixing,<Substance CN(CCO)CCO{solv}{x=0.741100}|O{solv}{x=0.258900}>,CN(CCO)CCO,O,openff-2.1.0,1,-0.6019189738394743,0.0795767337105445,-1.154,0.0125
20982,192,dhmix_1537351248216247854,192,EnthalpyOfMixing,<Substance CN(CCO)CCO{solv}{x=0.259300}|O{solv}{x=0.740700}>,CN(CCO)CCO,O,openff-2.1.0,1,-0.787962810581881,0.0355399599135,-2.271,0.046
20983,193,dens_1700904374078825036,193,Density,<Substance CN(CCO)CCO{solv}{x=0.484900}|O{solv}{x=0.515100}>,CN(CCO)CCO,O,openff-2.1.0,1,1.0442420105115997,0.0002588631015133,1.048636,0.0002475
20984,194,dhmix_1761290393567900831,194,EnthalpyOfMixing,<Substance CN(CCO)CCO{solv}{x=0.494100}|O{solv}{x=0.505900}>,CN(CCO)CCO,O,openff-2.1.0,1,-1.23079718341954,0.0439693388907234,-2.072,0.042
20985,195,dhmix_81883535492439507,195,EnthalpyOfMixing,<Substance C1COCO1{solv}{x=0.200000}|O=C1CCCC1{solv}{x=0.800000}>,C1COCO1,O=C1CCCC1,openff-2.1.0,1,-0.0478050564473306,0.0411599125743542,-0.00853,0.000425
20986,196,dens_192935635984964537,196,Density,<Substance C1COCO1{solv}{x=0.509000}|O=C1CCCC1{solv}{x=0.491000}>,C1COCO1,O=C1CCCC1,openff-2.1.0,1,0.997046905797792,0.0002936360041854,0.9954700000000004,0.000255
20987,197,dhmix_309530351940031317,197,EnthalpyOfMixing,<Substance C1COCO1{solv}{x=0.700000}|O=C1CCCC1{solv}{x=0.300000}>,C1COCO1,O=C1CCCC1,openff-2.1.0,1,-0.0361111405775176,0.0368132507917689,-0.02292,0.00048
20988,198,dhmix_1480225642523009634,198,EnthalpyOfMixing,<Substance C1COCO1{solv}{x=0.500000}|O=C1CCCC1{solv}{x=0.500000}>,C1COCO1,O=C1CCCC1,openff-2.1.0,1,-0.1375536749101087,0.0363850180625643,-0.02181,0.000475
20989,199,dens_1663189314624242951,199,Density,<Substance C1COCO1{solv}{x=0.225100}|O=C1CCCC1{solv}{x=0.774900}>,C1COCO1,O=C1CCCC1,openff-2.1.0,1,0.9495460942487334,0.0002747038753949,0.9652800000000002,0.000245
20990,200,dens_1684591254659727640,200,Density,<Substance C1COCO1{solv}{x=0.789100}|O=C1CCCC1{solv}{x=0.210900}>,C1COCO1,O=C1CCCC1,openff-2.1.0,1,1.0522769611971778,0.0002937902581418,1.02957,0.00026
20991,201,dens_82854054922011802,201,Density,<Substance c1cc[nH]c1{solv}{x=0.542600}|c1ccncc1{solv}{x=0.457400}>,c1cc[nH]c1,c1ccncc1,openff-2.1.0,1,0.97963239520477,0.0003036253312162,0.9706400000000002,5.5000000000000016e-05
20992,202,dens_332042143272324658,202,Density,<Substance c1cc[nH]c1{solv}{x=0.755400}|c1ccncc1{solv}{x=0.244600}>,c1cc[nH]c1,c1ccncc1,openff-2.1.0,1,0.9783999521450792,0.0002660857112054,0.9676900000000004,5.5000000000000016e-05
20993,203,dhmix_582184351339863568,203,EnthalpyOfMixing,<Substance c1cc[nH]c1{solv}{x=0.760200}|c1ccncc1{solv}{x=0.239800}>,c1cc[nH]c1,c1ccncc1,openff-2.1.0,1,0.068517645050079,0.0379270454812296,-1.6452,0.01075
20994,204,dhmix_809205277185290719,204,EnthalpyOfMixing,<Substance c1cc[nH]c1{solv}{x=0.509500}|c1ccncc1{solv}{x=0.490500}>,c1cc[nH]c1,c1ccncc1,openff-2.1.0,1,-0.1085119583382123,0.036117996803062,-2.649,0.01645
20995,205,dens_1187941919350264461,205,Density,<Substance c1cc[nH]c1{solv}{x=0.227300}|c1ccncc1{solv}{x=0.772700}>,c1cc[nH]c1,c1ccncc1,openff-2.1.0,1,0.9802275264734946,0.0001840762879424,0.9755600000000002,5.5000000000000016e-05
20996,206,dhmix_2302696180464118683,206,EnthalpyOfMixing,<Substance c1cc[nH]c1{solv}{x=0.239500}|c1ccncc1{solv}{x=0.760500}>,c1cc[nH]c1,c1ccncc1,openff-2.1.0,1,-0.1526720968293289,0.0361198526784871,-1.7662,0.01145
20997,207,dhmix_84488753175979819,207,EnthalpyOfMixing,<Substance C1CCOCC1{solv}{x=0.500000}|CCO{solv}{x=0.500000}>,C1CCOCC1,CCO,openff-2.1.0,1,0.9613221559223356,0.0388576986774746,0.8491,0.00794
20998,208,dens_904236164857914889,208,Density,<Substance C1CCOCC1{solv}{x=0.701000}|CCO{solv}{x=0.299000}>,C1CCOCC1,CCO,openff-2.1.0,1,0.8565814717039464,0.0002556616208565,0.8595400000000002,8.500000000000002e-05
20999,209,dhmix_923986751684807715,209,EnthalpyOfMixing,<Substance C1CCOCC1{solv}{x=0.750000}|CCO{solv}{x=0.250000}>,C1CCOCC1,CCO,openff-2.1.0,1,0.8558549822144741,0.0396161408945719,0.75364,0.007115
21000,210,dhmix_927648698725704337,210,EnthalpyOfMixing,<Substance C1CCOCC1{solv}{x=0.250000}|CCO{solv}{x=0.750000}>,C1CCOCC1,CCO,openff-2.1.0,1,0.6620866490381729,0.03324013784204,0.57017,0.00553
21001,211,dens_1095414448718823860,211,Density,<Substance C1CCOCC1{solv}{x=0.504000}|CCO{solv}{x=0.496000}>,C1CCOCC1,CCO,openff-2.1.0,1,0.8418963320372286,0.0002819860098495,0.8440100000000001,0.0001
21002,212,dens_1309012152943788187,212,Density,<Substance C1CCOCC1{solv}{x=0.284000}|CCO{solv}{x=0.716000}>,C1CCOCC1,CCO,openff-2.1.0,1,0.8225448618886969,0.0002691865033946,0.8227400000000002,0.00012
21003,213,dens_88489471162801298,213,Density,<Substance CC(C)=O{solv}{x=0.248400}|Nc1ccccc1{solv}{x=0.751600}>,CC(C)=O,Nc1ccccc1,openff-2.1.0,1,1.0105203074114033,0.0002896921926806,0.9768950000000002,0.0001055
21004,214,dens_892449093930393176,214,Density,<Substance CC(C)=O{solv}{x=0.411400}|Nc1ccccc1{solv}{x=0.588600}>,CC(C)=O,Nc1ccccc1,openff-2.1.0,1,0.9669948114125386,0.0002202185979473,0.9457730000000002,0.0001285
21005,215,dens_1087594007698023193,215,Density,<Substance CC(C)=O{solv}{x=0.699300}|Nc1ccccc1{solv}{x=0.300700}>,CC(C)=O,Nc1ccccc1,openff-2.1.0,1,0.8805332069529642,0.000270838761841,0.8786430000000003,0.000178
21006,216,dhmix_1461699545612032563,216,EnthalpyOfMixing,<Substance CC(C)=O{solv}{x=0.214500}|Nc1ccccc1{solv}{x=0.785500}>,CC(C)=O,Nc1ccccc1,openff-2.1.0,1,-0.4431864972554535,0.0409371777821522,-0.746,0.008
21007,217,dhmix_1577476208805542019,217,EnthalpyOfMixing,<Substance CC(C)=O{solv}{x=0.699100}|Nc1ccccc1{solv}{x=0.300900}>,CC(C)=O,Nc1ccccc1,openff-2.1.0,1,-0.8242408607348892,0.0335085021744005,-1.076,0.0115
21008,218,dhmix_2267661763264899390,218,EnthalpyOfMixing,<Substance CC(C)=O{solv}{x=0.410700}|Nc1ccccc1{solv}{x=0.589300}>,CC(C)=O,Nc1ccccc1,openff-2.1.0,1,-0.5390921761641323,0.0353103062632705,-1.165,0.0125
21009,219,dhmix_90851537891129625,219,EnthalpyOfMixing,<Substance C1CCOCC1{solv}{x=0.268300}|Cc1ccccn1{solv}{x=0.731700}>,C1CCOCC1,Cc1ccccn1,openff-2.1.0,1,0.0966714870545786,0.043323142133452,0.1057,0.00105
21010,220,dhmix_975790739707505549,220,EnthalpyOfMixing,<Substance C1CCOCC1{solv}{x=0.482200}|Cc1ccccn1{solv}{x=0.517800}>,C1CCOCC1,Cc1ccccn1,openff-2.1.0,1,0.0708898772237289,0.0438850128477562,0.1728,0.00135
21011,221,dens_981500521813591443,221,Density,<Substance C1CCOCC1{solv}{x=0.491600}|Cc1ccccn1{solv}{x=0.508400}>,C1CCOCC1,Cc1ccccn1,openff-2.1.0,1,0.910844020270454,0.0002281210648185,0.910915,0.000475
21012,222,dens_1237050172671894703,222,Density,<Substance C1CCOCC1{solv}{x=0.237300}|Cc1ccccn1{solv}{x=0.762700}>,C1CCOCC1,Cc1ccccn1,openff-2.1.0,1,0.9281214861712832,0.0002303449208565,0.9261620000000004,0.0004855
21013,223,dhmix_1841520238596708010,223,EnthalpyOfMixing,<Substance C1CCOCC1{solv}{x=0.821600}|Cc1ccccn1{solv}{x=0.178400}>,C1CCOCC1,Cc1ccccn1,openff-2.1.0,1,0.0867321097729743,0.0410869755696144,0.1352,0.0012
21014,224,dens_1852422594896475094,224,Density,<Substance C1CCOCC1{solv}{x=0.821900}|Cc1ccccn1{solv}{x=0.178100}>,C1CCOCC1,Cc1ccccn1,openff-2.1.0,1,0.8775071688253135,0.0002575194476525,0.8802920000000002,0.000454
21015,225,dhmix_93676522673462266,225,EnthalpyOfMixing,<Substance CC(=O)N(C)C{solv}{x=0.702000}|ClCCCl{solv}{x=0.298000}>,CC(=O)N(C)C,ClCCCl,openff-2.1.0,1,-0.4638440066088831,0.0342720037771932,-0.706,0.004
21016,226,dens_466640151895915379,226,Density,<Substance CC(=O)N(C)C{solv}{x=0.499900}|ClCCCl{solv}{x=0.500100}>,CC(=O)N(C)C,ClCCCl,openff-2.1.0,1,1.0522894219970416,0.0003171600977358,1.0774000000000004,0.00325
21017,227,dhmix_504891727488256514,227,EnthalpyOfMixing,<Substance CC(=O)N(C)C{solv}{x=0.202000}|ClCCCl{solv}{x=0.798000}>,CC(=O)N(C)C,ClCCCl,openff-2.1.0,1,-0.3416138210336203,0.0261838363875434,-0.586,0.004
21018,228,dens_1432716574300574119,228,Density,<Substance CC(=O)N(C)C{solv}{x=0.298800}|ClCCCl{solv}{x=0.701200}>,CC(=O)N(C)C,ClCCCl,openff-2.1.0,1,1.1200324793565932,0.0003553467584383,1.1413000000000002,0.00345
21019,229,dens_1909242265481868478,229,Density,<Substance CC(=O)N(C)C{solv}{x=0.700800}|ClCCCl{solv}{x=0.299200}>,CC(=O)N(C)C,ClCCCl,openff-2.1.0,1,0.9874157637400774,0.0002619712258202,1.0181000000000002,0.00305
21020,230,dhmix_2201663021806040380,230,EnthalpyOfMixing,<Substance CC(=O)N(C)C{solv}{x=0.500000}|ClCCCl{solv}{x=0.500000}>,CC(=O)N(C)C,ClCCCl,openff-2.1.0,1,-0.5453712462017506,0.0330219143984704,-0.885,0.004
21021,231,dhmix_101847702994296892,231,EnthalpyOfMixing,<Substance CCCCCCCl{solv}{x=0.790000}|CN1CCCC1=O{solv}{x=0.210000}>,CCCCCCCl,CN1CCCC1=O,openff-2.1.0,1,0.544670258623654,0.047083472358902,0.232,0.0025
21022,232,dhmix_275814181113182192,232,EnthalpyOfMixing,<Substance CCCCCCCl{solv}{x=0.497000}|CN1CCCC1=O{solv}{x=0.503000}>,CCCCCCCl,CN1CCCC1=O,openff-2.1.0,1,0.8833621293444054,0.0465306296229214,0.416,0.0025
21023,233,dens_441375838683668512,233,Density,<Substance CCCCCCCl{solv}{x=0.499300}|CN1CCCC1=O{solv}{x=0.500700}>,CCCCCCCl,CN1CCCC1=O,openff-2.1.0,1,0.927089491914611,0.0001928886983,0.9389000000000002,0.0002
21024,234,dhmix_840847840731542643,234,EnthalpyOfMixing,<Substance CCCCCCCl{solv}{x=0.203000}|CN1CCCC1=O{solv}{x=0.797000}>,CCCCCCCl,CN1CCCC1=O,openff-2.1.0,1,0.5777097961239832,0.045418228878674,0.319,0.0025
21025,235,dens_1314691253679633833,235,Density,<Substance CCCCCCCl{solv}{x=0.298400}|CN1CCCC1=O{solv}{x=0.701600}>,CCCCCCCl,CN1CCCC1=O,openff-2.1.0,1,0.9547331608293246,0.0001971741133755,0.9715000000000004,0.0002
21026,236,dens_1366683244756558841,236,Density,<Substance CCCCCCCl{solv}{x=0.801200}|CN1CCCC1=O{solv}{x=0.198800}>,CCCCCCCl,CN1CCCC1=O,openff-2.1.0,1,0.8899207117004222,0.0001688162840559,0.8970000000000002,0.0003
21027,237,dhmix_107460606439569535,237,EnthalpyOfMixing,<Substance C1COCCO1{solv}{x=0.572500}|O=C1CCCCCC1{solv}{x=0.427500}>,C1COCCO1,O=C1CCCCCC1,openff-2.1.0,1,0.2566573664691134,0.039201810378451,0.1032,0.00125
21028,238,dens_229535957420918177,238,Density,<Substance C1COCCO1{solv}{x=0.748900}|O=C1CCCCCC1{solv}{x=0.251100}>,C1COCCO1,O=C1CCCCCC1,openff-2.1.0,1,1.000038372222587,0.0002637753904501,0.9994100000000002,0.00051
21029,239,dhmix_1101001475632451077,239,EnthalpyOfMixing,<Substance C1COCCO1{solv}{x=0.225200}|O=C1CCCCCC1{solv}{x=0.774800}>,C1COCCO1,O=C1CCCCCC1,openff-2.1.0,1,0.0888532739079437,0.0478439598542245,0.0783,0.001
21030,240,dens_1711999737319704820,240,Density,<Substance C1COCCO1{solv}{x=0.572300}|O=C1CCCCCC1{solv}{x=0.427700}>,C1COCCO1,O=C1CCCCCC1,openff-2.1.0,1,0.9678234133739924,0.0002171833163864,0.9737000000000002,0.00051
21031,241,dens_1973863157285112004,241,Density,<Substance C1COCCO1{solv}{x=0.255500}|O=C1CCCCCC1{solv}{x=0.744500}>,C1COCCO1,O=C1CCCCCC1,openff-2.1.0,1,0.9464211605448352,0.0001836492094419,0.9616800000000002,0.000515
21032,242,dhmix_2239035738396328121,242,EnthalpyOfMixing,<Substance C1COCCO1{solv}{x=0.771600}|O=C1CCCCCC1{solv}{x=0.228400}>,C1COCCO1,O=C1CCCCCC1,openff-2.1.0,1,0.1991998130525161,0.0353807673853872,0.0694,0.0009
21033,243,dhmix_110368175234083214,243,EnthalpyOfMixing,<Substance CC#N{solv}{x=0.201600}|CCOC(C)(C)CC{solv}{x=0.798400}>,CC#N,CCOC(C)(C)CC,openff-2.1.0,1,0.3291598246783067,0.0480524676648406,0.6411,0.0087
21034,244,dhmix_565046024644834395,244,EnthalpyOfMixing,<Substance CC#N{solv}{x=0.700400}|CCOC(C)(C)CC{solv}{x=0.299600}>,CC#N,CCOC(C)(C)CC,openff-2.1.0,1,0.4469760076070861,0.0339054836079905,0.8397,0.0113
21035,245,dens_865362803305469370,245,Density,<Substance CC#N{solv}{x=0.502400}|CCOC(C)(C)CC{solv}{x=0.497600}>,CC#N,CCOC(C)(C)CC,openff-2.1.0,1,0.7705596404876066,0.0002201758462628,0.7675000000000002,0.00035
21036,246,dhmix_1131176031733024874,246,EnthalpyOfMixing,<Substance CC#N{solv}{x=0.502400}|CCOC(C)(C)CC{solv}{x=0.497600}>,CC#N,CCOC(C)(C)CC,openff-2.1.0,1,0.3914441118977585,0.0409324469085138,0.9514,0.01285
21037,247,dens_1305751749890499162,247,Density,<Substance CC#N{solv}{x=0.201600}|CCOC(C)(C)CC{solv}{x=0.798400}>,CC#N,CCOC(C)(C)CC,openff-2.1.0,1,0.7686334737501288,0.0001934978955861,0.7635000000000002,0.00025
21038,248,dens_1928701304100922381,248,Density,<Substance CC#N{solv}{x=0.700400}|CCOC(C)(C)CC{solv}{x=0.299600}>,CC#N,CCOC(C)(C)CC,openff-2.1.0,1,0.7717995393963278,0.0002621879063845,0.7707000000000003,0.0005
21039,249,dhmix_112729391186229967,249,EnthalpyOfMixing,<Substance CCC(C)=O{solv}{x=0.509000}|CNc1ccccc1{solv}{x=0.491000}>,CCC(C)=O,CNc1ccccc1,openff-2.1.0,1,-0.6233876311361497,0.0416402618287721,-0.816,0.009
21040,250,dens_414028029115294252,250,Density,<Substance CCC(C)=O{solv}{x=0.746300}|CNc1ccccc1{solv}{x=0.253700}>,CCC(C)=O,CNc1ccccc1,openff-2.1.0,1,0.8423805936854312,0.0002393412736506,0.8582020000000002,0.000102
21041,251,dens_559789475978651659,251,Density,<Substance CCC(C)=O{solv}{x=0.495000}|CNc1ccccc1{solv}{x=0.505000}>,CCC(C)=O,CNc1ccccc1,openff-2.1.0,1,0.9000331197598263,0.0002443695602001,0.9066940000000002,0.000164
21042,252,dhmix_1637459312398636454,252,EnthalpyOfMixing,<Substance CCC(C)=O{solv}{x=0.228300}|CNc1ccccc1{solv}{x=0.771700}>,CCC(C)=O,CNc1ccccc1,openff-2.1.0,1,-0.4242764089192192,0.0475793164745728,-0.54,0.006
21043,253,dhmix_1933605864237207151,253,EnthalpyOfMixing,<Substance CCC(C)=O{solv}{x=0.705500}|CNc1ccccc1{solv}{x=0.294500}>,CCC(C)=O,CNc1ccccc1,openff-2.1.0,1,-0.502478465373797,0.0368575723367366,-0.672,0.0075
21044,254,dens_2039660657679820411,254,Density,<Substance CCC(C)=O{solv}{x=0.258900}|CNc1ccccc1{solv}{x=0.741100}>,CCC(C)=O,CNc1ccccc1,openff-2.1.0,1,0.9480568072687212,0.0002639905341369,0.9456330000000004,0.000259
21045,255,dhmix_112832411362526364,255,EnthalpyOfMixing,<Substance C=CCCCC{solv}{x=0.250000}|CCCCO{solv}{x=0.750000}>,C=CCCCC,CCCCO,openff-2.1.0,1,0.4145445385954147,0.0417772188570411,0.2829,0.00333
21046,256,dhmix_385937725855980509,256,EnthalpyOfMixing,<Substance C=CCCCC{solv}{x=0.749900}|CCCCO{solv}{x=0.250100}>,C=CCCCC,CCCCO,openff-2.1.0,1,0.6447986722155434,0.0448323499051582,0.63978,0.00696
21047,257,dens_417191245012747241,257,Density,<Substance C=CCCCC{solv}{x=0.501800}|CCCCO{solv}{x=0.498200}>,C=CCCCC,CCCCO,openff-2.1.0,1,0.7194345595591458,0.0002506483825806,0.7340000000000002,0.00035
21048,258,dens_1053849773924337242,258,Density,<Substance C=CCCCC{solv}{x=0.100100}|CCCCO{solv}{x=0.899900}>,C=CCCCC,CCCCO,openff-2.1.0,1,0.7902258674866416,0.0002283811905244,0.7924000000000002,0.00035
21049,259,dhmix_1436053809694490847,259,EnthalpyOfMixing,<Substance C=CCCCC{solv}{x=0.500300}|CCCCO{solv}{x=0.499700}>,C=CCCCC,CCCCO,openff-2.1.0,1,0.7047717087212675,0.039850341926659,0.56098,0.00616
21050,260,dens_1967827958045932694,260,Density,<Substance C=CCCCC{solv}{x=0.900000}|CCCCO{solv}{x=0.100000}>,C=CCCCC,CCCCO,openff-2.1.0,1,0.6642298052590854,0.0002360243637548,0.6818000000000001,0.00035
21051,261,dhmix_113202719214912577,261,EnthalpyOfMixing,<Substance CCN(CC)CCO{solv}{x=0.700300}|O{solv}{x=0.299700}>,CCN(CC)CCO,O,openff-2.1.0,1,-1.3433293835766025,0.0463021469497231,-1.75,0.019
21052,262,dhmix_450200897960931857,262,EnthalpyOfMixing,<Substance CCN(CC)CCO{solv}{x=0.500200}|O{solv}{x=0.499800}>,CCN(CC)CCO,O,openff-2.1.0,1,-1.5909215824240803,0.0377548919775526,-2.504,0.027
21053,263,dens_727880187774296815,263,Density,<Substance CCN(CC)CCO{solv}{x=0.799700}|O{solv}{x=0.200300}>,CCN(CC)CCO,O,openff-2.1.0,1,0.8837295856287273,0.0002090938745569,0.8996000000000003,0.005
21054,264,dens_943193748522476096,264,Density,<Substance CCN(CC)CCO{solv}{x=0.499700}|O{solv}{x=0.500300}>,CCN(CC)CCO,O,openff-2.1.0,1,0.9012782368823592,0.0004697831966105,0.9222000000000002,0.005
21055,265,dhmix_1628408668678458098,265,EnthalpyOfMixing,<Substance CCN(CC)CCO{solv}{x=0.200800}|O{solv}{x=0.799200}>,CCN(CC)CCO,O,openff-2.1.0,1,-0.7174975676393404,0.0279073443411624,-2.185,0.0235
21056,266,dens_1679974305630699360,266,Density,<Substance CCN(CC)CCO{solv}{x=0.193290}|O{solv}{x=0.806710}>,CCN(CC)CCO,O,openff-2.1.0,1,0.9241816292407782,0.0003057768550708,0.9615690000000002,0.000144
21057,267,dens_114257363738318755,267,Density,<Substance C1CCCCC1{solv}{x=0.754300}|CCCCCC{solv}{x=0.245700}>,C1CCCCC1,CCCCCC,openff-2.1.0,1,0.7250069261358079,0.000255436146758,0.7392000000000002,0.00065
21058,268,dens_528453314861364780,268,Density,<Substance C1CCCCC1{solv}{x=0.234300}|CCCCCC{solv}{x=0.765700}>,C1CCCCC1,CCCCCC,openff-2.1.0,1,0.6670042929708746,0.0002019795984978,0.6838300000000002,0.001655
21059,269,dens_547437695672624422,269,Density,<Substance C1CCCCC1{solv}{x=0.479300}|CCCCCC{solv}{x=0.520700}>,C1CCCCC1,CCCCCC,openff-2.1.0,1,0.6923337377220764,0.0002290236616716,0.7105500000000001,0.001555
21060,270,dhmix_728030976573858762,270,EnthalpyOfMixing,<Substance C1CCCCC1{solv}{x=0.483200}|CCCCCC{solv}{x=0.516800}>,C1CCCCC1,CCCCCC,openff-2.1.0,1,0.2154093828091561,0.0422905952139889,0.2144,0.00155
21061,271,dhmix_1406519609852245638,271,EnthalpyOfMixing,<Substance C1CCCCC1{solv}{x=0.219000}|CCCCCC{solv}{x=0.781000}>,C1CCCCC1,CCCCCC,openff-2.1.0,1,0.1876129996449265,0.0459435889099607,0.1264,0.00105
21062,272,dhmix_1819992223413741006,272,EnthalpyOfMixing,<Substance C1CCCCC1{solv}{x=0.725500}|CCCCCC{solv}{x=0.274500}>,C1CCCCC1,CCCCCC,openff-2.1.0,1,0.315526506915873,0.0451387041368711,0.199,0.00145
21063,273,dhmix_114464856611254095,273,EnthalpyOfMixing,<Substance COc1ccccc1{solv}{x=0.739800}|OCc1ccccc1{solv}{x=0.260200}>,COc1ccccc1,OCc1ccccc1,openff-2.1.0,1,0.7985388842209957,0.0506369100853484,1.0539,0.0113
21064,274,dens_844721400884986444,274,Density,<Substance COc1ccccc1{solv}{x=0.288300}|OCc1ccccc1{solv}{x=0.711700}>,COc1ccccc1,OCc1ccccc1,openff-2.1.0,1,1.0127574830794537,0.0002175641584577,1.0180000000000002,0.000135
21065,275,dens_1208569209782779179,275,Density,<Substance COc1ccccc1{solv}{x=0.491100}|OCc1ccccc1{solv}{x=0.508900}>,COc1ccccc1,OCc1ccccc1,openff-2.1.0,1,0.9996612859974052,0.0002377796074489,1.0069400000000004,0.000165
21066,276,dhmix_1342325728364187329,276,EnthalpyOfMixing,<Substance COc1ccccc1{solv}{x=0.240100}|OCc1ccccc1{solv}{x=0.759900}>,COc1ccccc1,OCc1ccccc1,openff-2.1.0,1,0.499300852830558,0.0460186322630279,0.6199,0.0067
21067,277,dhmix_1596550872819493971,277,EnthalpyOfMixing,<Substance COc1ccccc1{solv}{x=0.486600}|OCc1ccccc1{solv}{x=0.513400}>,COc1ccccc1,OCc1ccccc1,openff-2.1.0,1,0.8706812278023008,0.0335568539304921,0.9688,0.0104
21068,278,dens_1833270112854727934,278,Density,<Substance COc1ccccc1{solv}{x=0.774500}|OCc1ccccc1{solv}{x=0.225500}>,COc1ccccc1,OCc1ccccc1,openff-2.1.0,1,0.9833170556932626,0.0002244829570183,0.9915900000000004,0.000215
21069,279,dens_114725786693793907,279,Density,<Substance CC(=O)O{solv}{x=0.703100}|CCO{solv}{x=0.296900}>,CC(=O)O,CCO,openff-2.1.0,1,0.9936544581833556,0.0002927181647644,0.97355,0.00021
21070,280,dens_883421079927261907,280,Density,<Substance CC(=O)O{solv}{x=0.496100}|CCO{solv}{x=0.503900}>,CC(=O)O,CCO,openff-2.1.0,1,0.9343737760241816,0.0002959226781054,0.9199600000000002,0.0002
21071,281,dens_1042567278853913615,281,Density,<Substance CC(=O)O{solv}{x=0.297100}|CCO{solv}{x=0.702900}>,CC(=O)O,CCO,openff-2.1.0,1,0.8767553928479603,0.0003371168807949,0.8668600000000002,0.000195
21072,282,dhmix_129373600931207498,282,EnthalpyOfMixing,<Substance NCCNCCN{solv}{x=0.702000}|O{solv}{x=0.298000}>,NCCNCCN,O,openff-2.1.0,1,-3.123858769148626,0.043294554828395,-3.393,0.036
21073,283,dhmix_313570094367316478,283,EnthalpyOfMixing,<Substance NCCNCCN{solv}{x=0.241600}|O{solv}{x=0.758400}>,NCCNCCN,O,openff-2.1.0,1,-4.1475849128394415,0.0346279702601881,-6.523,0.0695
21074,284,dens_548243159356184104,284,Density,<Substance NCCNCCN{solv}{x=0.244900}|O{solv}{x=0.755100}>,NCCNCCN,O,openff-2.1.0,1,1.0673398370553449,0.0004057185072502,1.0275000000000003,0.0005
21075,285,dens_913992897582667960,285,Density,<Substance NCCNCCN{solv}{x=0.497400}|O{solv}{x=0.502600}>,NCCNCCN,O,openff-2.1.0,1,1.0740037104341158,0.0002134992703994,0.9928000000000002,0.0005
21076,286,dhmix_1565087976771168604,286,EnthalpyOfMixing,<Substance NCCNCCN{solv}{x=0.501000}|O{solv}{x=0.499000}>,NCCNCCN,O,openff-2.1.0,1,-4.487773551259735,0.0422414463190585,-5.417,0.0575
21077,287,dens_1812124220217686569,287,Density,<Substance NCCNCCN{solv}{x=0.698800}|O{solv}{x=0.301200}>,NCCNCCN,O,openff-2.1.0,1,1.0679587490100044,0.000433498419518,0.9718000000000002,0.0005
21078,288,dhmix_135176730945124637,288,EnthalpyOfMixing,<Substance CCCCNCCCC{solv}{x=0.751800}|CN(C)C=O{solv}{x=0.248200}>,CCCCNCCCC,CN(C)C=O,openff-2.1.0,1,0.3090146201660104,0.0590771229531979,0.782,0.025
21079,289,dens_586298674852090193,289,Density,<Substance CCCCNCCCC{solv}{x=0.726600}|CN(C)C=O{solv}{x=0.273400}>,CCCCNCCCC,CN(C)C=O,openff-2.1.0,1,0.7844452498870053,0.0001922019337112,0.7828350000000002,0.0009465
21080,290,dens_711718403070096827,290,Density,<Substance CCCCNCCCC{solv}{x=0.263900}|CN(C)C=O{solv}{x=0.736100}>,CCCCNCCCC,CN(C)C=O,openff-2.1.0,1,0.8514881431372419,0.0002279829760858,0.8609240000000001,0.001053
21081,291,dhmix_1537913365058000269,291,EnthalpyOfMixing,<Substance CCCCNCCCC{solv}{x=0.249400}|CN(C)C=O{solv}{x=0.750600}>,CCCCNCCCC,CN(C)C=O,openff-2.1.0,1,0.3843819664162282,0.0420231996082795,0.921,0.029
21082,292,dhmix_1965420976556284821,292,EnthalpyOfMixing,<Substance CCCCNCCCC{solv}{x=0.501800}|CN(C)C=O{solv}{x=0.498200}>,CCCCNCCCC,CN(C)C=O,openff-2.1.0,1,0.5132156720017491,0.0431422952267537,1.113,0.0335
21083,293,dens_2298192241038151497,293,Density,<Substance CCCCNCCCC{solv}{x=0.492800}|CN(C)C=O{solv}{x=0.507200}>,CCCCNCCCC,CN(C)C=O,openff-2.1.0,1,0.8133357450221378,0.0002320390375413,0.8153440000000003,0.0009895
21084,294,dens_145031449158698048,294,Density,<Substance CN(C)C=O{solv}{x=0.498800}|ClCCCl{solv}{x=0.501200}>,CN(C)C=O,ClCCCl,openff-2.1.0,1,1.078235996175816,0.0003273374680552,1.0957000000000003,0.00305
21085,295,dens_511894799968528211,295,Density,<Substance CN(C)C=O{solv}{x=0.197800}|ClCCCl{solv}{x=0.802200}>,CN(C)C=O,ClCCCl,openff-2.1.0,1,1.1682843418031923,0.000352719027289,1.1862000000000004,0.003
21086,296,dhmix_693792312882226719,296,EnthalpyOfMixing,<Substance CN(C)C=O{solv}{x=0.498000}|ClCCCl{solv}{x=0.502000}>,CN(C)C=O,ClCCCl,openff-2.1.0,1,-0.0140367704633028,0.0343030378643532,-0.663,0.0035
21087,297,dhmix_1364024895663592301,297,EnthalpyOfMixing,<Substance CN(C)C=O{solv}{x=0.299000}|ClCCCl{solv}{x=0.701000}>,CN(C)C=O,ClCCCl,openff-2.1.0,1,0.0160851394216905,0.0344731123348826,-0.575,0.0035
21088,298,dens_1874616475661316520,298,Density,<Substance CN(C)C=O{solv}{x=0.705400}|ClCCCl{solv}{x=0.294600}>,CN(C)C=O,ClCCCl,openff-2.1.0,1,1.0131290285477303,0.000269267860834,1.0336,0.003
21089,299,dhmix_1965344541223753593,299,EnthalpyOfMixing,<Substance CN(C)C=O{solv}{x=0.702000}|ClCCCl{solv}{x=0.298000}>,CN(C)C=O,ClCCCl,openff-2.1.0,1,-0.0218895744683962,0.0346491785359804,-0.531,0.003
21090,300,dens_145117083439077204,300,Density,<Substance CN1CCCC1=O{solv}{x=0.700300}|ClCCCCCl{solv}{x=0.299700}>,CN1CCCC1=O,ClCCCCCl,openff-2.1.0,1,1.0449566789248568,0.000150486224918,1.0627000000000002,0.0005
21091,301,dens_872271192908107773,301,Density,<Substance CN1CCCC1=O{solv}{x=0.203400}|ClCCCCCl{solv}{x=0.796600}>,CN1CCCC1=O,ClCCCCCl,openff-2.1.0,1,1.10627639975312,0.0002829858800264,1.1142000000000003,0.00125
21092,302,dhmix_958757583081250655,302,EnthalpyOfMixing,<Substance CN1CCCC1=O{solv}{x=0.703000}|ClCCCCCl{solv}{x=0.297000}>,CN1CCCC1=O,ClCCCCCl,openff-2.1.0,1,0.0578868777560401,0.0339534557540135,-0.583,0.0035
21093,303,dens_1187888029800539390,303,Density,<Substance CN1CCCC1=O{solv}{x=0.502500}|ClCCCCCl{solv}{x=0.497500}>,CN1CCCC1=O,ClCCCCCl,openff-2.1.0,1,1.070922896755944,0.0002875587119348,1.0840000000000003,0.00075
21094,304,dhmix_1448185356234442909,304,EnthalpyOfMixing,<Substance CN1CCCC1=O{solv}{x=0.210000}|ClCCCCCl{solv}{x=0.790000}>,CN1CCCC1=O,ClCCCCCl,openff-2.1.0,1,-0.0073923796318169,0.0405840370352603,-0.406,0.003
21095,305,dhmix_1623586299486793214,305,EnthalpyOfMixing,<Substance CN1CCCC1=O{solv}{x=0.505000}|ClCCCCCl{solv}{x=0.495000}>,CN1CCCC1=O,ClCCCCCl,openff-2.1.0,1,0.110326525846176,0.0401737401811893,-0.678,0.0035
21096,306,dens_151421667269785380,306,Density,<Substance OCCOCCO{solv}{x=0.228500}|OCc1ccccc1{solv}{x=0.771500}>,OCCOCCO,OCc1ccccc1,openff-2.1.0,1,1.051064010538542,0.0002166093124787,1.0497600000000002,0.000265
21097,307,dens_207017358130726789,307,Density,<Substance OCCOCCO{solv}{x=0.531200}|OCc1ccccc1{solv}{x=0.468800}>,OCCOCCO,OCc1ccccc1,openff-2.1.0,1,1.0767853916620076,0.0002885100621908,1.07136,0.00027
21098,308,dhmix_638869206909151198,308,EnthalpyOfMixing,<Substance OCCOCCO{solv}{x=0.765800}|OCc1ccccc1{solv}{x=0.234200}>,OCCOCCO,OCc1ccccc1,openff-2.1.0,1,-0.3411514929447037,0.0759652131608027,-0.3712,0.0073
21099,309,dhmix_884415658126351430,309,EnthalpyOfMixing,<Substance OCCOCCO{solv}{x=0.266500}|OCc1ccccc1{solv}{x=0.733500}>,OCCOCCO,OCc1ccccc1,openff-2.1.0,1,-0.5385392097149406,0.0500754948157202,-0.4216,0.0081
21100,310,dhmix_925385148369690502,310,EnthalpyOfMixing,<Substance OCCOCCO{solv}{x=0.521600}|OCc1ccccc1{solv}{x=0.478400}>,OCCOCCO,OCc1ccccc1,openff-2.1.0,1,0.0642712604635988,0.074868299628483,-0.4574,0.00865
21101,311,dens_1617133138157859384,311,Density,<Substance OCCOCCO{solv}{x=0.727700}|OCc1ccccc1{solv}{x=0.272300}>,OCCOCCO,OCc1ccccc1,openff-2.1.0,1,1.0960013719120387,0.0004321176925091,1.0857000000000003,0.000275
21102,312,dens_155791527624482863,312,Density,<Substance CC(C)CO{solv}{x=0.279300}|CCCCBr{solv}{x=0.720700}>,CC(C)CO,CCCCBr,openff-2.1.0,1,1.1125531784368854,0.0003729669304802,1.1339800000000002,0.000305
21103,313,dhmix_549211977118470640,313,EnthalpyOfMixing,<Substance CC(C)CO{solv}{x=0.293800}|CCCCBr{solv}{x=0.706200}>,CC(C)CO,CCCCBr,openff-2.1.0,1,1.0889971611819362,0.0395922260870055,1.248,0.0135
21104,314,dens_692500675577783691,314,Density,<Substance CC(C)CO{solv}{x=0.793700}|CCCCBr{solv}{x=0.206300}>,CC(C)CO,CCCCBr,openff-2.1.0,1,0.9001339824817869,0.0002710302467386,0.8962800000000002,0.00021
21105,315,dens_841415441417626311,315,Density,<Substance CC(C)CO{solv}{x=0.498900}|CCCCBr{solv}{x=0.501100}>,CC(C)CO,CCCCBr,openff-2.1.0,1,1.0265324861477034,0.0004322890900052,1.0366800000000005,0.000225
21106,316,dhmix_1400807466047438160,316,EnthalpyOfMixing,<Substance CC(C)CO{solv}{x=0.499000}|CCCCBr{solv}{x=0.501000}>,CC(C)CO,CCCCBr,openff-2.1.0,1,1.0622476141001158,0.0385647453055233,1.207,0.013
21107,317,dhmix_1959880980464917582,317,EnthalpyOfMixing,<Substance CC(C)CO{solv}{x=0.702100}|CCCCBr{solv}{x=0.297900}>,CC(C)CO,CCCCBr,openff-2.1.0,1,0.720637992857192,0.0440982503549813,0.891,0.0095
21108,318,dhmix_155924436295918663,318,EnthalpyOfMixing,<Substance OCCCO{solv}{x=0.501300}|O{solv}{x=0.498700}>,O,OCCCO,openff-2.1.0,1,0.3819748629065671,0.0299319566763949,-0.992,0.0125
21109,319,dens_867859901093068556,319,Density,<Substance OCCCO{solv}{x=0.743700}|O{solv}{x=0.256300}>,O,OCCCO,openff-2.1.0,1,1.0558363979594605,0.0004387245230869,1.0503800000000003,0.00023
21110,320,dhmix_2191722776959064631,320,EnthalpyOfMixing,<Substance OCCCO{solv}{x=0.743000}|O{solv}{x=0.257000}>,O,OCCCO,openff-2.1.0,1,0.3431991166430919,0.0460777548735266,-0.633,0.008
21111,321,dhmix_2210594516320705991,321,EnthalpyOfMixing,<Substance OCCCO{solv}{x=0.208700}|O{solv}{x=0.791300}>,O,OCCCO,openff-2.1.0,1,0.4504286350191258,0.0256000923824513,-0.924,0.012
21112,322,dens_2211391404402371237,322,Density,<Substance OCCCO{solv}{x=0.244700}|O{solv}{x=0.755300}>,O,OCCCO,openff-2.1.0,1,1.0266670453995992,0.0003934624578897,1.0381600000000004,0.00019
21113,323,dens_2211609476735134421,323,Density,<Substance OCCCO{solv}{x=0.500000}|O{solv}{x=0.500000}>,O,OCCCO,openff-2.1.0,1,1.0472366937188873,0.0003585539577765,1.0492100000000002,0.000215
21114,324,dhmix_156929898609376763,324,EnthalpyOfMixing,<Substance CN(C)CCCO{solv}{x=0.800100}|O{solv}{x=0.199900}>,CN(C)CCCO,O,openff-2.1.0,1,-0.8094507680729137,0.0592982519741305,-1.26,0.0135
21115,325,dhmix_786210276753247951,325,EnthalpyOfMixing,<Substance CN(C)CCCO{solv}{x=0.199800}|O{solv}{x=0.800200}>,CN(C)CCCO,O,openff-2.1.0,1,-0.9050621161162108,0.0294209672759883,-2.514,0.027
21116,326,dens_971674883336993154,326,Density,<Substance CN(C)CCCO{solv}{x=0.289504}|O{solv}{x=0.710496}>,CN(C)CCCO,O,openff-2.1.0,1,0.9334050648689632,0.0003532511332293,0.9443,0.00285
21117,327,dhmix_1330584538745399524,327,EnthalpyOfMixing,<Substance CN(C)CCCO{solv}{x=0.501900}|O{solv}{x=0.498100}>,CN(C)CCCO,O,openff-2.1.0,1,-1.2731597217849924,0.0353981005643564,-2.706,0.029
21118,328,dens_1781759734173902013,328,Density,<Substance CN(C)CCCO{solv}{x=0.501300}|O{solv}{x=0.498700}>,CN(C)CCCO,O,openff-2.1.0,1,0.9213456561824788,0.000394997410394,0.9170700000000004,8.000000000000002e-05
21119,329,dens_2299157616447228221,329,Density,<Substance CN(C)CCCO{solv}{x=0.800600}|O{solv}{x=0.199400}>,CN(C)CCCO,O,openff-2.1.0,1,0.9088472875432192,0.0002552697794176,0.8915100000000002,9.500000000000002e-05
21120,330,dhmix_157983773008192768,330,EnthalpyOfMixing,<Substance BrCCCBr{solv}{x=0.743200}|CCCCOC(=O)CCC{solv}{x=0.256800}>,BrCCCBr,CCCCOC(=O)CCC,openff-2.1.0,1,-0.3796222957176951,0.0422678315936109,0.032,0.0005
21121,331,dens_720277045338028885,331,Density,<Substance BrCCCBr{solv}{x=0.748700}|CCCCOC(=O)CCC{solv}{x=0.251300}>,BrCCCBr,CCCCOC(=O)CCC,openff-2.1.0,1,1.5526911375389627,0.000414452482655,1.5786600000000004,0.00038
21122,332,dens_933248802608751708,332,Density,<Substance BrCCCBr{solv}{x=0.529700}|CCCCOC(=O)CCC{solv}{x=0.470300}>,BrCCCBr,CCCCOC(=O)CCC,openff-2.1.0,1,1.304683361742888,0.000309245856087,1.3159400000000003,0.000255
21123,333,dens_1048925802213854204,333,Density,<Substance BrCCCBr{solv}{x=0.259100}|CCCCOC(=O)CCC{solv}{x=0.740900}>,BrCCCBr,CCCCOC(=O)CCC,openff-2.1.0,1,1.0553948797786885,0.0002292681934692,1.0598600000000002,0.000145
21124,334,dhmix_1090642624443832057,334,EnthalpyOfMixing,<Substance BrCCCBr{solv}{x=0.241200}|CCCCOC(=O)CCC{solv}{x=0.758800}>,BrCCCBr,CCCCOC(=O)CCC,openff-2.1.0,1,-0.4363018881995728,0.048998062250768,-0.094,0.001
21125,335,dhmix_1649688325270115073,335,EnthalpyOfMixing,<Substance BrCCCBr{solv}{x=0.466700}|CCCCOC(=O)CCC{solv}{x=0.533300}>,BrCCCBr,CCCCOC(=O)CCC,openff-2.1.0,1,-0.5089753325203148,0.0459386560741644,-0.091,0.001
21126,336,dhmix_158101159957898775,336,EnthalpyOfMixing,<Substance CCCCCl{solv}{x=0.490000}|CN1CCCC1=O{solv}{x=0.510000}>,CCCCCl,CN1CCCC1=O,openff-2.1.0,1,0.6673722215442837,0.040017682810964,0.152,0.002
21127,337,dhmix_586880142396707079,337,EnthalpyOfMixing,<Substance CCCCCl{solv}{x=0.294000}|CN1CCCC1=O{solv}{x=0.706000}>,CCCCCl,CN1CCCC1=O,openff-2.1.0,1,0.5750690744341398,0.0425964429367507,0.145,0.002
21128,338,dens_897975104490051322,338,Density,<Substance CCCCCl{solv}{x=0.296100}|CN1CCCC1=O{solv}{x=0.703900}>,CCCCCl,CN1CCCC1=O,openff-2.1.0,1,0.9661687669948686,0.0002300479859407,0.9862000000000004,0.0001
21129,339,dens_1393365907116297965,339,Density,<Substance CCCCCl{solv}{x=0.702600}|CN1CCCC1=O{solv}{x=0.297400}>,CCCCCl,CN1CCCC1=O,openff-2.1.0,1,0.9110554846488508,0.000276082141867,0.9268000000000002,0.0001
21130,340,dhmix_1769887717174104485,340,EnthalpyOfMixing,<Substance CCCCCl{solv}{x=0.787000}|CN1CCCC1=O{solv}{x=0.213000}>,CCCCCl,CN1CCCC1=O,openff-2.1.0,1,0.4265000657887299,0.0423285172688013,0.081,0.002
21131,341,dens_2070183543451797213,341,Density,<Substance CCCCCl{solv}{x=0.494800}|CN1CCCC1=O{solv}{x=0.505200}>,CCCCCl,CN1CCCC1=O,openff-2.1.0,1,0.9416472613132508,0.0002920194158729,0.9575000000000002,0.0001
21132,342,dens_164369774990422412,342,Density,<Substance CC(C)O{solv}{x=0.764900}|CCOC=O{solv}{x=0.235100}>,CC(C)O,CCOC=O,openff-2.1.0,1,0.8368884212080887,0.0003121244548028,0.8088000000000002,0.00035
21133,343,dens_200561035496770448,343,Density,<Substance CC(C)O{solv}{x=0.265100}|CCOC=O{solv}{x=0.734900}>,CC(C)O,CCOC=O,openff-2.1.0,1,0.9093615012933546,0.0002812350042347,0.8710000000000002,0.0003
21134,344,dens_1124622586228643363,344,Density,<Substance CC(C)O{solv}{x=0.441300}|CCOC=O{solv}{x=0.558700}>,CC(C)O,CCOC=O,openff-2.1.0,1,0.8830500817592083,0.0002596198372539,0.8482000000000003,0.00035
21135,345,dens_166030075147825025,345,Density,<Substance Clc1ccccc1{solv}{x=0.467900}|c1ccccc1{solv}{x=0.532100}>,Clc1ccccc1,c1ccccc1,openff-2.1.0,1,0.9855144012857208,0.000310176628393,0.9877000000000002,0.00025
21136,346,dens_796537469137871297,346,Density,<Substance Clc1ccccc1{solv}{x=0.735800}|c1ccccc1{solv}{x=0.264200}>,Clc1ccccc1,c1ccccc1,openff-2.1.0,1,1.0499401288396408,0.0002886932790344,1.0465000000000002,0.0002
21137,347,dhmix_1485547099225054006,347,EnthalpyOfMixing,<Substance Clc1ccccc1{solv}{x=0.777700}|c1ccccc1{solv}{x=0.222300}>,Clc1ccccc1,c1ccccc1,openff-2.1.0,1,0.0025615338317805,0.0371230574963165,-0.0036,0.0004
21138,348,dhmix_1808283008183194060,348,EnthalpyOfMixing,<Substance Clc1ccccc1{solv}{x=0.225800}|c1ccccc1{solv}{x=0.774200}>,Clc1ccccc1,c1ccccc1,openff-2.1.0,1,-0.0880848183883529,0.0340929648724672,-0.0046,0.0004
21139,349,dhmix_2008892820486470381,349,EnthalpyOfMixing,<Substance Clc1ccccc1{solv}{x=0.466600}|c1ccccc1{solv}{x=0.533400}>,Clc1ccccc1,c1ccccc1,openff-2.1.0,1,-0.0979555332738755,0.0343348958354917,-0.0057,0.0004
21140,350,dens_2142546524113318099,350,Density,<Substance Clc1ccccc1{solv}{x=0.293100}|c1ccccc1{solv}{x=0.706900}>,Clc1ccccc1,c1ccccc1,openff-2.1.0,1,0.9407735635837312,0.0002863706253757,0.9468000000000002,0.00025
21141,351,dhmix_166527628917371560,351,EnthalpyOfMixing,<Substance CCCCCC(C)=O{solv}{x=0.500700}|CCCNCCC{solv}{x=0.499300}>,CCCCCC(C)=O,CCCNCCC,openff-2.1.0,1,-0.1043650796876178,0.0516484558322762,0.162,0.002
21142,352,dhmix_181797488552739205,352,EnthalpyOfMixing,<Substance CCCCCC(C)=O{solv}{x=0.213200}|CCCNCCC{solv}{x=0.786800}>,CCCCCC(C)=O,CCCNCCC,openff-2.1.0,1,-0.036528185452866,0.049620434168374,0.137,0.0015
21143,353,dens_286521458049436805,353,Density,<Substance CCCCCC(C)=O{solv}{x=0.542700}|CCCNCCC{solv}{x=0.457300}>,CCCCCC(C)=O,CCCNCCC,openff-2.1.0,1,0.7727328972179157,0.0002052851826119,0.7766620000000002,0.0001215
21144,354,dens_740930494074770103,354,Density,<Substance CCCCCC(C)=O{solv}{x=0.252600}|CCCNCCC{solv}{x=0.747400}>,CCCCCC(C)=O,CCCNCCC,openff-2.1.0,1,0.7541139792814615,0.0001911466662546,0.7540050000000001,0.0001215
21145,355,dhmix_1180133264815330249,355,EnthalpyOfMixing,<Substance CCCCCC(C)=O{solv}{x=0.788000}|CCCNCCC{solv}{x=0.212000}>,CCCCCC(C)=O,CCCNCCC,openff-2.1.0,1,-0.1465260172153009,0.0521788896006563,0.088,0.001
21146,356,dens_1237727796782189302,356,Density,<Substance CCCCCC(C)=O{solv}{x=0.741800}|CCCNCCC{solv}{x=0.258200}>,CCCCCC(C)=O,CCCNCCC,openff-2.1.0,1,0.7841111397962346,0.0002010517412268,0.7918920000000003,0.00012
21147,357,dens_168376639142843665,357,Density,<Substance BrCCBr{solv}{x=0.084500}|CCOC(=O)CC{solv}{x=0.915500}>,BrCCBr,CCOC(=O)CC,openff-2.1.0,1,0.9711578735495046,0.0002423985861757,0.9671200000000002,0.001185
21148,358,dhmix_897092526028522426,358,EnthalpyOfMixing,<Substance BrCCBr{solv}{x=0.753700}|CCOC(=O)CC{solv}{x=0.246300}>,BrCCBr,CCOC(=O)CC,openff-2.1.0,1,-0.3399538240008048,0.0376277222036871,0.0052,0.0008
21149,359,dhmix_1078383344298013541,359,EnthalpyOfMixing,<Substance BrCCBr{solv}{x=0.084100}|CCOC(=O)CC{solv}{x=0.915900}>,BrCCBr,CCOC(=O)CC,openff-2.1.0,1,-0.1249162321569654,0.0483153692005945,-0.0683,0.0014
21150,360,dhmix_1103515663691342839,360,EnthalpyOfMixing,<Substance BrCCBr{solv}{x=0.514000}|CCOC(=O)CC{solv}{x=0.486000}>,BrCCBr,CCOC(=O)CC,openff-2.1.0,1,-0.4416166259764704,0.0375315236464595,-0.1259,0.00205
21151,361,dens_1193015082780501702,361,Density,<Substance BrCCBr{solv}{x=0.484400}|CCOC(=O)CC{solv}{x=0.515600}>,BrCCBr,CCOC(=O)CC,openff-2.1.0,1,1.4092683152993986,0.0003939479802665,1.4136000000000002,0.001165
21152,362,dens_1660732943693703463,362,Density,<Substance BrCCBr{solv}{x=0.714800}|CCOC(=O)CC{solv}{x=0.285200}>,BrCCBr,CCOC(=O)CC,openff-2.1.0,1,1.7063856882560675,0.0005799364809101,1.7205300000000003,0.000985
21153,363,dens_172622055198885625,363,Density,<Substance CCCCOCCO{solv}{x=0.499500}|c1ccccc1{solv}{x=0.500500}>,CCCCOCCO,c1ccccc1,openff-2.1.0,1,0.8820528799761522,0.0001846575183902,0.8864700000000002,0.000795
21154,364,dens_615182082919776992,364,Density,<Substance CCCCOCCO{solv}{x=0.753500}|c1ccccc1{solv}{x=0.246500}>,CCCCOCCO,c1ccccc1,openff-2.1.0,1,0.8906315908885756,0.0001735708905873,0.8924600000000003,0.00077
21155,365,dens_1014762781474427089,365,Density,<Substance CCCCOCCO{solv}{x=0.248800}|c1ccccc1{solv}{x=0.751200}>,CCCCOCCO,c1ccccc1,openff-2.1.0,1,0.8722658110253867,0.0002218742077163,0.8790000000000002,0.00083
21156,366,dhmix_1209838039340638454,366,EnthalpyOfMixing,<Substance CCCCOCCO{solv}{x=0.729700}|c1ccccc1{solv}{x=0.270300}>,CCCCOCCO,c1ccccc1,openff-2.1.0,1,0.3282378307497282,0.0452485194194264,0.3037,0.00335
21157,367,dhmix_1416395432810708431,367,EnthalpyOfMixing,<Substance CCCCOCCO{solv}{x=0.266500}|c1ccccc1{solv}{x=0.733500}>,CCCCOCCO,c1ccccc1,openff-2.1.0,1,0.5519364606798973,0.0452033004169626,0.6895,0.00745
21158,368,dhmix_1775479338186698605,368,EnthalpyOfMixing,<Substance CCCCOCCO{solv}{x=0.503000}|c1ccccc1{solv}{x=0.497000}>,CCCCOCCO,c1ccccc1,openff-2.1.0,1,0.5390816203053106,0.0414006621971237,0.5563,0.00605
21159,369,dens_173950346939686352,369,Density,<Substance CCOC(=O)CC(=O)OCC{solv}{x=0.797800}|CO{solv}{x=0.202200}>,CCOC(=O)CC(=O)OCC,CO,openff-2.1.0,1,1.051791492387943,0.00017391864485,1.0336070000000002,0.0001155
21160,370,dhmix_796570713446660029,370,EnthalpyOfMixing,<Substance CCOC(=O)CC(=O)OCC{solv}{x=0.745300}|CO{solv}{x=0.254700}>,CCOC(=O)CC(=O)OCC,CO,openff-2.1.0,1,0.8490833659342059,0.0496749492990622,1.184,0.013
21161,371,dhmix_1053189657313504079,371,EnthalpyOfMixing,<Substance CCOC(=O)CC(=O)OCC{solv}{x=0.499300}|CO{solv}{x=0.500700}>,CCOC(=O)CC(=O)OCC,CO,openff-2.1.0,1,1.1106910346639296,0.0367895561209426,1.426,0.0155
21162,372,dens_1109796780897697143,372,Density,<Substance CCOC(=O)CC(=O)OCC{solv}{x=0.500400}|CO{solv}{x=0.499600}>,CCOC(=O)CC(=O)OCC,CO,openff-2.1.0,1,1.0088095247669455,0.0002589713180174,0.9962350000000002,9.150000000000002e-05
21163,373,dens_1145191816882985532,373,Density,<Substance CCOC(=O)CC(=O)OCC{solv}{x=0.250100}|CO{solv}{x=0.749900}>,CCOC(=O)CC(=O)OCC,CO,openff-2.1.0,1,0.93960044235332,0.0003097930935927,0.9355040000000002,0.0001385
21164,374,dhmix_1394433819711651760,374,EnthalpyOfMixing,<Substance CCOC(=O)CC(=O)OCC{solv}{x=0.251500}|CO{solv}{x=0.748500}>,CCOC(=O)CC(=O)OCC,CO,openff-2.1.0,1,1.0374324958847652,0.0319718651828845,1.083,0.0115
21165,375,dhmix_176700813960387714,375,EnthalpyOfMixing,<Substance CC(=O)N(C)C{solv}{x=0.211000}|ClCCCCCl{solv}{x=0.789000}>,CC(=O)N(C)C,ClCCCCCl,openff-2.1.0,1,-0.0579176793034221,0.0424711216899919,-0.188,0.0025
21166,376,dhmix_422276068008732896,376,EnthalpyOfMixing,<Substance CC(=O)N(C)C{solv}{x=0.506000}|ClCCCCCl{solv}{x=0.494000}>,CC(=O)N(C)C,ClCCCCCl,openff-2.1.0,1,0.0563109598204647,0.0386547167748425,-0.314,0.0025
21167,377,dhmix_591740475541975327,377,EnthalpyOfMixing,<Substance CC(=O)N(C)C{solv}{x=0.705000}|ClCCCCCl{solv}{x=0.295000}>,CC(=O)N(C)C,ClCCCCCl,openff-2.1.0,1,0.0170134345145154,0.042178883296602,-0.281,0.0025
21168,378,dens_600718364672681210,378,Density,<Substance CC(=O)N(C)C{solv}{x=0.200100}|ClCCCCCl{solv}{x=0.799900}>,CC(=O)N(C)C,ClCCCCCl,openff-2.1.0,1,1.0861293492521564,0.0003627054534252,1.0978,0.0023
21169,379,dens_833309518494254389,379,Density,<Substance CC(=O)N(C)C{solv}{x=0.698700}|ClCCCCCl{solv}{x=0.301300}>,CC(=O)N(C)C,ClCCCCCl,openff-2.1.0,1,0.9742170343206196,0.0002566756088471,1.0011000000000003,0.0023
21170,380,dens_1473570029953486090,380,Density,<Substance CC(=O)N(C)C{solv}{x=0.500900}|ClCCCCCl{solv}{x=0.499100}>,CC(=O)N(C)C,ClCCCCCl,openff-2.1.0,1,1.0205307537707071,0.0002793607438657,1.0407000000000004,0.00225
21171,381,dens_176740025668330569,381,Density,<Substance C1CCCCC1{solv}{x=0.499400}|C1COCCO1{solv}{x=0.500600}>,C1CCCCC1,C1COCCO1,openff-2.1.0,1,0.8751483748367112,0.0002275554659368,0.8769800000000002,8.500000000000002e-05
21172,382,dens_476825312331327209,382,Density,<Substance C1CCCCC1{solv}{x=0.297200}|C1COCCO1{solv}{x=0.702800}>,C1CCCCC1,C1COCCO1,openff-2.1.0,1,0.9353827594552032,0.000213321172258,0.9312200000000004,7.000000000000002e-05
21173,383,dens_985438980823024302,383,Density,<Substance C1CCCCC1{solv}{x=0.699700}|C1COCCO1{solv}{x=0.300300}>,C1CCCCC1,C1COCCO1,openff-2.1.0,1,0.8225998161605181,0.0001902403541639,0.8305800000000002,0.0001
21174,384,dhmix_1624213860575299641,384,EnthalpyOfMixing,<Substance C1CCCCC1{solv}{x=0.492800}|C1COCCO1{solv}{x=0.507200}>,C1CCCCC1,C1COCCO1,openff-2.1.0,1,2.001575056880327,0.0389813265495032,1.588,0.008
21175,385,dhmix_1900199136965747019,385,EnthalpyOfMixing,<Substance C1CCCCC1{solv}{x=0.239400}|C1COCCO1{solv}{x=0.760600}>,C1CCCCC1,C1COCCO1,openff-2.1.0,1,1.3677324659291088,0.0431176558641429,1.124,0.007
21176,386,dhmix_2022274493214392184,386,EnthalpyOfMixing,<Substance C1CCCCC1{solv}{x=0.744200}|C1COCCO1{solv}{x=0.255800}>,C1CCCCC1,C1COCCO1,openff-2.1.0,1,1.6689927964257123,0.044563847809259,1.262,0.007
21177,387,dhmix_182795551078530810,387,EnthalpyOfMixing,<Substance C1COCCO1{solv}{x=0.491200}|Cc1ccccc1Cl{solv}{x=0.508800}>,C1COCCO1,Cc1ccccc1Cl,openff-2.1.0,1,0.2660649686109479,0.0398112293065797,0.356,0.002
21178,388,dens_242592003865933955,388,Density,<Substance C1COCCO1{solv}{x=0.835700}|Cc1ccccc1Cl{solv}{x=0.164300}>,C1COCCO1,Cc1ccccc1Cl,openff-2.1.0,1,1.0358301358845226,0.0002577699542027,1.0256,0.0005
21179,389,dens_810150133181620718,389,Density,<Substance C1COCCO1{solv}{x=0.513600}|Cc1ccccc1Cl{solv}{x=0.486400}>,C1COCCO1,Cc1ccccc1Cl,openff-2.1.0,1,1.061705868938817,0.0002220087312524,1.0536,0.0005
21180,390,dhmix_1949119093643648586,390,EnthalpyOfMixing,<Substance C1COCCO1{solv}{x=0.246200}|Cc1ccccc1Cl{solv}{x=0.753800}>,C1COCCO1,Cc1ccccc1Cl,openff-2.1.0,1,0.1864773520018872,0.0394018786646547,0.206,0.001
21181,391,dens_2161584607380261748,391,Density,<Substance C1COCCO1{solv}{x=0.226300}|Cc1ccccc1Cl{solv}{x=0.773700}>,C1COCCO1,Cc1ccccc1Cl,openff-2.1.0,1,1.071972529556413,0.0002191682321621,1.0674000000000003,0.0005
21182,392,dhmix_2190589845176325501,392,EnthalpyOfMixing,<Substance C1COCCO1{solv}{x=0.835700}|Cc1ccccc1Cl{solv}{x=0.164300}>,C1COCCO1,Cc1ccccc1Cl,openff-2.1.0,1,0.2878112349969797,0.0340594004824192,0.244,0.0015
21183,393,dens_194492664772262961,393,Density,<Substance CCCOC=O{solv}{x=0.479500}|ClCCCl{solv}{x=0.520500}>,CCCOC=O,ClCCCl,openff-2.1.0,1,1.068747074722172,0.0003484082260939,1.0603100000000003,0.00196
21184,394,dhmix_438833720470542962,394,EnthalpyOfMixing,<Substance CCCOC=O{solv}{x=0.738500}|ClCCCl{solv}{x=0.261500}>,CCCOC=O,ClCCCl,openff-2.1.0,1,0.0197001546705699,0.0434272314388285,-0.205,0.0025
21185,395,dens_598528978367940263,395,Density,<Substance CCCOC=O{solv}{x=0.254300}|ClCCCl{solv}{x=0.745700}>,CCCOC=O,ClCCCl,openff-2.1.0,1,1.1389751106197117,0.0002724853928905,1.1418800000000005,0.002835
21186,396,dens_822197650497048256,396,Density,<Substance CCCOC=O{solv}{x=0.728100}|ClCCCl{solv}{x=0.271900}>,CCCOC=O,ClCCCl,openff-2.1.0,1,0.9966311771172076,0.0002881250505782,0.9794600000000002,0.001275
21187,397,dhmix_1971772628311560569,397,EnthalpyOfMixing,<Substance CCCOC=O{solv}{x=0.503500}|ClCCCl{solv}{x=0.496500}>,CCCOC=O,ClCCCl,openff-2.1.0,1,0.0136502379321896,0.0356053169609714,-0.254,0.003
21188,398,dhmix_2087301877194561078,398,EnthalpyOfMixing,<Substance CCCOC=O{solv}{x=0.273300}|ClCCCl{solv}{x=0.726700}>,CCCOC=O,ClCCCl,openff-2.1.0,1,0.0412076063989594,0.0344304170620684,-0.154,0.002
21189,399,dens_196547737404430199,399,Density,<Substance CCC(C)(C)O{solv}{x=0.258400}|CCO{solv}{x=0.741600}>,CCC(C)(C)O,CCO,openff-2.1.0,1,0.8052175915983963,0.0002447821004258,0.7933000000000001,0.0005
21190,400,dens_476512869308734578,400,Density,<Substance CCC(C)(C)O{solv}{x=0.549500}|CCO{solv}{x=0.450500}>,CCC(C)(C)O,CCO,openff-2.1.0,1,0.8171471839599086,0.0002658099812211,0.8018000000000002,0.0005
21191,401,dens_822446541953482206,401,Density,<Substance CCC(C)(C)O{solv}{x=0.676500}|CCO{solv}{x=0.323500}>,CCC(C)(C)O,CCO,openff-2.1.0,1,0.8211192667046592,0.0002228292060857,0.8048000000000002,0.0005
21192,402,dhmix_935690434592096067,402,EnthalpyOfMixing,<Substance CCC(C)(C)O{solv}{x=0.460700}|CCO{solv}{x=0.539300}>,CCC(C)(C)O,CCO,openff-2.1.0,1,-0.8982906289606429,0.0323259444042554,-0.95,0.00405
21193,403,dhmix_1167190373485301023,403,EnthalpyOfMixing,<Substance CCC(C)(C)O{solv}{x=0.730600}|CCO{solv}{x=0.269400}>,CCC(C)(C)O,CCO,openff-2.1.0,1,-0.9565665076959274,0.0642054921228988,-0.7709,0.00335
21194,404,dhmix_1275914601266938667,404,EnthalpyOfMixing,<Substance CCC(C)(C)O{solv}{x=0.280700}|CCO{solv}{x=0.719300}>,CCC(C)(C)O,CCO,openff-2.1.0,1,-0.61132494123791,0.0325874096886264,-0.7056,0.0031
21195,405,dens_196896428021674416,405,Density,<Substance OCCCCO{solv}{x=0.250400}|O{solv}{x=0.749600}>,O,OCCCCO,openff-2.1.0,1,1.009462565019429,0.0003464211023485,1.0206500000000005,0.000165
21196,406,dhmix_204758826312645465,406,EnthalpyOfMixing,<Substance OCCCCO{solv}{x=0.498600}|O{solv}{x=0.501400}>,O,OCCCCO,openff-2.1.0,1,0.5035427976323525,0.0397823778727238,-0.882,0.011
21197,407,dens_523660418548538159,407,Density,<Substance OCCCCO{solv}{x=0.502000}|O{solv}{x=0.498000}>,O,OCCCCO,openff-2.1.0,1,1.0181483553600514,0.000286705285137,1.0207100000000002,0.000175
21198,408,dhmix_1424462945700338266,408,EnthalpyOfMixing,<Substance OCCCCO{solv}{x=0.794700}|O{solv}{x=0.205300}>,O,OCCCCO,openff-2.1.0,1,0.0713333657560584,0.0579368038497436,-0.513,0.007
21199,409,dhmix_2166372532060643622,409,EnthalpyOfMixing,<Substance OCCCCO{solv}{x=0.265800}|O{solv}{x=0.734200}>,O,OCCCCO,openff-2.1.0,1,0.5836716879540269,0.0273488474890492,-0.896,0.0115
21200,410,dens_2215793475715067258,410,Density,<Substance OCCCCO{solv}{x=0.752800}|O{solv}{x=0.247200}>,O,OCCCCO,openff-2.1.0,1,1.021854129700673,0.0004647654709975,1.0165900000000003,0.00018
21201,411,dhmix_199788824133179829,411,EnthalpyOfMixing,<Substance CNc1ccccc1{solv}{x=0.497300}|Cc1ccccc1{solv}{x=0.502700}>,CNc1ccccc1,Cc1ccccc1,openff-2.1.0,1,0.923366429111148,0.043204851529196,0.497,0.0055
21202,412,dens_515118724178190757,412,Density,<Substance CNc1ccccc1{solv}{x=0.740700}|Cc1ccccc1{solv}{x=0.259300}>,CNc1ccccc1,Cc1ccccc1,openff-2.1.0,1,0.958294244427894,0.0002154115642403,0.9531280000000004,0.0002595
21203,413,dens_730775902780400634,413,Density,<Substance CNc1ccccc1{solv}{x=0.245200}|Cc1ccccc1{solv}{x=0.754800}>,CNc1ccccc1,Cc1ccccc1,openff-2.1.0,1,0.8868337376765194,0.0002450803923759,0.8935250000000002,0.000118
21204,414,dhmix_1213795502778853356,414,EnthalpyOfMixing,<Substance CNc1ccccc1{solv}{x=0.295200}|Cc1ccccc1{solv}{x=0.704800}>,CNc1ccccc1,Cc1ccccc1,openff-2.1.0,1,0.7819747702493274,0.042514087855015,0.459,0.005
21205,415,dhmix_1321810550349826496,415,EnthalpyOfMixing,<Substance CNc1ccccc1{solv}{x=0.789200}|Cc1ccccc1{solv}{x=0.210800}>,CNc1ccccc1,Cc1ccccc1,openff-2.1.0,1,0.4633366181706329,0.0503966349038096,0.287,0.003
21206,416,dens_2156484405108449314,416,Density,<Substance CNc1ccccc1{solv}{x=0.490000}|Cc1ccccc1{solv}{x=0.510000}>,CNc1ccccc1,Cc1ccccc1,openff-2.1.0,1,0.9226380288964696,0.0001900252079798,0.9235800000000004,0.000164
21207,417,dens_199829369486957606,417,Density,<Substance CC#N{solv}{x=0.200300}|c1ccccc1{solv}{x=0.799700}>,CC#N,c1ccccc1,openff-2.1.0,1,0.8515057516219917,0.0002992702276062,0.8623400000000002,7.000000000000002e-05
21208,418,dhmix_217315956534335620,418,EnthalpyOfMixing,<Substance CC#N{solv}{x=0.771500}|c1ccccc1{solv}{x=0.228500}>,CC#N,c1ccccc1,openff-2.1.0,1,-0.0142575649522704,0.0286902717562071,0.3988,0.00815
21209,419,dhmix_730497723685339496,419,EnthalpyOfMixing,<Substance CC#N{solv}{x=0.219600}|c1ccccc1{solv}{x=0.780400}>,CC#N,c1ccccc1,openff-2.1.0,1,-0.0741171000378315,0.0412446419000051,0.2399,0.00495
21210,420,dhmix_1038591828122641798,420,EnthalpyOfMixing,<Substance CC#N{solv}{x=0.529500}|c1ccccc1{solv}{x=0.470500}>,CC#N,c1ccccc1,openff-2.1.0,1,-0.0138898592584322,0.0291102151293691,0.4415,0.00905
21211,421,dens_1457706963514561052,421,Density,<Substance CC#N{solv}{x=0.500100}|c1ccccc1{solv}{x=0.499900}>,CC#N,c1ccccc1,openff-2.1.0,1,0.828673978521095,0.0002639550672929,0.8384600000000002,7.500000000000002e-05
21212,422,dens_2111393000623474162,422,Density,<Substance CC#N{solv}{x=0.700200}|c1ccccc1{solv}{x=0.299800}>,CC#N,c1ccccc1,openff-2.1.0,1,0.8094403931192906,0.0002797934212248,0.8174500000000002,7.500000000000002e-05
21213,423,dens_201591193434833206,423,Density,<Substance CC(C)CC(C)(C)C{solv}{x=0.082400}|CCO{solv}{x=0.917600}>,CC(C)CC(C)(C)C,CCO,openff-2.1.0,1,0.7657957155158421,0.0003085385506423,0.7605800000000003,0.000125
21214,424,dhmix_371477530823830451,424,EnthalpyOfMixing,<Substance CC(C)CC(C)(C)C{solv}{x=0.761700}|CCO{solv}{x=0.238300}>,CC(C)CC(C)(C)C,CCO,openff-2.1.0,1,0.8744278976044058,0.0521907866655444,0.634022,0.006851
21215,425,dhmix_1127868571780691876,425,EnthalpyOfMixing,<Substance CC(C)CC(C)(C)C{solv}{x=0.515800}|CCO{solv}{x=0.484200}>,CC(C)CC(C)(C)C,CCO,openff-2.1.0,1,0.8366324447520697,0.0407091547656763,0.638973,0.006903
21216,426,dens_1250915879314267304,426,Density,<Substance CC(C)CC(C)(C)C{solv}{x=0.493740}|CCO{solv}{x=0.506260}>,CC(C)CC(C)(C)C,CCO,openff-2.1.0,1,0.7271008938573901,0.0002495656908473,0.7110500000000001,7.500000000000002e-05
21217,427,dens_1473791133383705310,427,Density,<Substance CC(C)CC(C)(C)C{solv}{x=0.735960}|CCO{solv}{x=0.264040}>,CC(C)CC(C)(C)C,CCO,openff-2.1.0,1,0.7157232107159363,0.0002101118709209,0.6967900000000001,7.500000000000002e-05
21218,428,dhmix_1870637719976274804,428,EnthalpyOfMixing,<Substance CC(C)CC(C)(C)C{solv}{x=0.081500}|CCO{solv}{x=0.918500}>,CC(C)CC(C)(C)C,CCO,openff-2.1.0,1,0.3535419576883338,0.0403621769682745,0.197762,0.0022405
21219,429,dens_202472488934755108,429,Density,<Substance CCC#N{solv}{x=0.301800}|CCOC(C)(C)C{solv}{x=0.698200}>,CCC#N,CCOC(C)(C)C,openff-2.1.0,1,0.7605681417116771,0.000212859105546,0.7455000000000002,0.0002
21220,430,dens_266175665931869051,430,Density,<Substance CCC#N{solv}{x=0.701400}|CCOC(C)(C)C{solv}{x=0.298600}>,CCC#N,CCOC(C)(C)C,openff-2.1.0,1,0.7687503372372854,0.0002601229864701,0.7617000000000003,0.00035
21221,431,dhmix_801664072836508009,431,EnthalpyOfMixing,<Substance CCC#N{solv}{x=0.301800}|CCOC(C)(C)C{solv}{x=0.698200}>,CCC#N,CCOC(C)(C)C,openff-2.1.0,1,0.2051114301358367,0.0451487611615322,0.4557,0.0062
21222,432,dhmix_1220778152018571786,432,EnthalpyOfMixing,<Substance CCC#N{solv}{x=0.501400}|CCOC(C)(C)C{solv}{x=0.498600}>,CCC#N,CCOC(C)(C)C,openff-2.1.0,1,0.1822082706880792,0.0398321136482248,0.5053,0.00685
21223,433,dhmix_1838699488178562925,433,EnthalpyOfMixing,<Substance CCC#N{solv}{x=0.701400}|CCOC(C)(C)C{solv}{x=0.298600}>,CCC#N,CCOC(C)(C)C,openff-2.1.0,1,0.1454825404041564,0.0398665199830156,0.4078,0.0056
21224,434,dens_1870081876609026392,434,Density,<Substance CCC#N{solv}{x=0.501400}|CCOC(C)(C)C{solv}{x=0.498600}>,CCC#N,CCOC(C)(C)C,openff-2.1.0,1,0.7649570671359764,0.0002405269534634,0.7532000000000002,0.0003
21225,435,dens_205210513551931414,435,Density,<Substance CCCC#N{solv}{x=0.200000}|c1ccccc1{solv}{x=0.800000}>,CCCC#N,c1ccccc1,openff-2.1.0,1,0.8464816166422496,0.0002542443119626,0.8576940000000002,5.400000000000001e-05
21226,436,dens_841576887891022329,436,Density,<Substance CCCC#N{solv}{x=0.500000}|c1ccccc1{solv}{x=0.500000}>,CCCC#N,c1ccccc1,openff-2.1.0,1,0.82313491001685,0.0002572842919272,0.8318550000000002,5.8000000000000014e-05
21227,437,dhmix_901910638840590393,437,EnthalpyOfMixing,<Substance CCCC#N{solv}{x=0.503700}|c1ccccc1{solv}{x=0.496300}>,CCCC#N,c1ccccc1,openff-2.1.0,1,-0.1227654590949356,0.034246722897705,-0.0659,0.00145
21228,438,dhmix_1123099162248680479,438,EnthalpyOfMixing,<Substance CCCC#N{solv}{x=0.752800}|c1ccccc1{solv}{x=0.247200}>,CCCC#N,c1ccccc1,openff-2.1.0,1,-0.0172583732556503,0.0380571777906085,-0.0312,0.0008
21229,439,dhmix_1318990508180847616,439,EnthalpyOfMixing,<Substance CCCC#N{solv}{x=0.252800}|c1ccccc1{solv}{x=0.747200}>,CCCC#N,c1ccccc1,openff-2.1.0,1,-0.0377138920685524,0.0412259527022844,-0.0571,0.00125
21230,440,dens_1950627772023797339,440,Density,<Substance CCCC#N{solv}{x=0.700000}|c1ccccc1{solv}{x=0.300000}>,CCCC#N,c1ccccc1,openff-2.1.0,1,0.8072051946410007,0.0002538743751234,0.8138540000000002,6.100000000000001e-05
21231,441,dhmix_207411229673186667,441,EnthalpyOfMixing,<Substance CC(C)(C)Cl{solv}{x=0.774700}|CC(C)OC(C)C{solv}{x=0.225300}>,CC(C)(C)Cl,CC(C)OC(C)C,openff-2.1.0,1,-0.0215748672151292,0.0350845954720374,0.0035,0.0004
21232,442,dhmix_263164663491745943,442,EnthalpyOfMixing,<Substance CC(C)(C)Cl{solv}{x=0.551200}|CC(C)OC(C)C{solv}{x=0.448800}>,CC(C)(C)Cl,CC(C)OC(C)C,openff-2.1.0,1,-0.0544146026376637,0.0431572193892439,0.0071,0.0004
21233,443,dens_1527979990628499053,443,Density,<Substance CC(C)(C)Cl{solv}{x=0.514800}|CC(C)OC(C)C{solv}{x=0.485200}>,CC(C)(C)Cl,CC(C)OC(C)C,openff-2.1.0,1,0.7974510749019779,0.0002754710741372,0.7723510000000002,0.00042
21234,444,dens_1616242241384486673,444,Density,<Substance CC(C)(C)Cl{solv}{x=0.715200}|CC(C)OC(C)C{solv}{x=0.284800}>,CC(C)(C)Cl,CC(C)OC(C)C,openff-2.1.0,1,0.8236466080037431,0.0002888243448104,0.7971450000000002,0.0003945
21235,445,dens_2075469437997722238,445,Density,<Substance CC(C)(C)Cl{solv}{x=0.199100}|CC(C)OC(C)C{solv}{x=0.800900}>,CC(C)(C)Cl,CC(C)OC(C)C,openff-2.1.0,1,0.7612679632408171,0.0002287345003016,0.7376660000000003,0.0004545
21236,446,dhmix_2101531043492089277,446,EnthalpyOfMixing,<Substance CC(C)(C)Cl{solv}{x=0.219200}|CC(C)OC(C)C{solv}{x=0.780800}>,CC(C)(C)Cl,CC(C)OC(C)C,openff-2.1.0,1,-0.0491321232874994,0.0427726567941578,0.007,0.0004
21237,447,dens_210389881425986721,447,Density,<Substance C1COCO1{solv}{x=0.785000}|CCCCCC(C)=O{solv}{x=0.215000}>,C1COCO1,CCCCCC(C)=O,openff-2.1.0,1,0.99091739360584,0.0002478302319294,0.9696500000000002,0.0003
21238,448,dhmix_503329310014436107,448,EnthalpyOfMixing,<Substance C1COCO1{solv}{x=0.750000}|CCCCCC(C)=O{solv}{x=0.250000}>,C1COCO1,CCCCCC(C)=O,openff-2.1.0,1,0.4879925600469903,0.0394393653366978,0.37402,0.001955
21239,449,dens_824084186033535550,449,Density,<Substance C1COCO1{solv}{x=0.507100}|CCCCCC(C)=O{solv}{x=0.492900}>,C1COCO1,CCCCCC(C)=O,openff-2.1.0,1,0.8983477476630226,0.0002463908930372,0.8936300000000003,0.00034
21240,450,dens_839548343309182157,450,Density,<Substance C1COCO1{solv}{x=0.244000}|CCCCCC(C)=O{solv}{x=0.756000}>,C1COCO1,CCCCCC(C)=O,openff-2.1.0,1,0.8386546065821671,0.0002062311386726,0.8445200000000002,0.00038
21241,451,dhmix_1519451899562488304,451,EnthalpyOfMixing,<Substance C1COCO1{solv}{x=0.250000}|CCCCCC(C)=O{solv}{x=0.750000}>,C1COCO1,CCCCCC(C)=O,openff-2.1.0,1,0.3086253877584468,0.0440492557999613,0.2754,0.00155
21242,452,dhmix_1874814461447958752,452,EnthalpyOfMixing,<Substance C1COCO1{solv}{x=0.500000}|CCCCCC(C)=O{solv}{x=0.500000}>,C1COCO1,CCCCCC(C)=O,openff-2.1.0,1,0.5333910385510663,0.0418768694904732,0.43148,0.00217
21243,453,dhmix_219236717194413479,453,EnthalpyOfMixing,<Substance CCOc1ccccc1{solv}{x=0.762500}|OCCCc1ccccc1{solv}{x=0.237500}>,CCOc1ccccc1,OCCCc1ccccc1,openff-2.1.0,1,0.875082932278147,0.0535915891281924,1.1164,0.01195
21244,454,dens_391027492102555874,454,Density,<Substance CCOc1ccccc1{solv}{x=0.515000}|OCCCc1ccccc1{solv}{x=0.485000}>,CCOc1ccccc1,OCCCc1ccccc1,openff-2.1.0,1,0.966356637046724,0.000176477762718,0.9715100000000002,0.00026
21245,455,dens_603450583692592837,455,Density,<Substance CCOc1ccccc1{solv}{x=0.707400}|OCCCc1ccccc1{solv}{x=0.292600}>,CCOc1ccccc1,OCCCc1ccccc1,openff-2.1.0,1,0.9589752353752728,0.0001911181410339,0.9634300000000002,0.00026
21246,456,dhmix_1297428070131435744,456,EnthalpyOfMixing,<Substance CCOc1ccccc1{solv}{x=0.516900}|OCCCc1ccccc1{solv}{x=0.483100}>,CCOc1ccccc1,OCCCc1ccccc1,openff-2.1.0,1,0.925506217590126,0.0397929041412234,0.989,0.0106
21247,457,dens_1659818614169719187,457,Density,<Substance CCOc1ccccc1{solv}{x=0.216400}|OCCCc1ccccc1{solv}{x=0.783600}>,CCOc1ccccc1,OCCCc1ccccc1,openff-2.1.0,1,0.977983567332076,0.0002405606084206,0.9832000000000004,0.00026
21248,458,dhmix_2058966624473104004,458,EnthalpyOfMixing,<Substance CCOc1ccccc1{solv}{x=0.262900}|OCCCc1ccccc1{solv}{x=0.737100}>,CCOc1ccccc1,OCCCc1ccccc1,openff-2.1.0,1,0.4990375320723643,0.059438270460824,0.7,0.00755
21249,459,dhmix_224977805525763267,459,EnthalpyOfMixing,<Substance OCCO{solv}{x=0.519300}|O{solv}{x=0.480700}>,O,OCCO,openff-2.1.0,1,0.1963410210101219,0.025827988030513,-0.64,0.0035
21250,460,dhmix_454389511592218960,460,EnthalpyOfMixing,<Substance OCCO{solv}{x=0.790900}|O{solv}{x=0.209100}>,O,OCCO,openff-2.1.0,1,-0.0831016558029915,0.0413099833661335,-0.347,0.0025
21251,461,dens_624011570206871166,461,Density,<Substance OCCO{solv}{x=0.500560}|O{solv}{x=0.499440}>,O,OCCO,openff-2.1.0,1,1.0933891112008345,0.0002482843289883,1.0923200000000002,0.0005
21252,462,dhmix_997365299263661959,462,EnthalpyOfMixing,<Substance OCCO{solv}{x=0.205100}|O{solv}{x=0.794900}>,O,OCCO,openff-2.1.0,1,0.1850777330941255,0.0243059215432757,-0.681,0.004
21253,463,dens_1521229282261002740,463,Density,<Substance OCCO{solv}{x=0.299010}|O{solv}{x=0.700990}>,O,OCCO,openff-2.1.0,1,1.067111425230123,0.0003522336793055,1.0735400000000002,0.0005
21254,464,dens_2015496231826454735,464,Density,<Substance OCCO{solv}{x=0.706260}|O{solv}{x=0.293740}>,O,OCCO,openff-2.1.0,1,1.1102286013439844,0.0003005182319721,1.1022400000000003,0.0005
21255,465,dhmix_230261418136264651,465,EnthalpyOfMixing,<Substance CCCCOC(C)=O{solv}{x=0.700700}|CCOC(C)=O{solv}{x=0.299300}>,CCCCOC(C)=O,CCOC(C)=O,openff-2.1.0,1,0.0475166878204333,0.0489454987291967,0.0594,0.001
21256,466,dhmix_287092636460772443,466,EnthalpyOfMixing,<Substance CCCCOC(C)=O{solv}{x=0.501800}|CCOC(C)=O{solv}{x=0.498200}>,CCCCOC(C)=O,CCOC(C)=O,openff-2.1.0,1,0.0404472395520798,0.0448050324677203,0.076,0.0012
21257,467,dens_436289636626232396,467,Density,<Substance CCCCOC(C)=O{solv}{x=0.501800}|CCOC(C)=O{solv}{x=0.498200}>,CCCCOC(C)=O,CCOC(C)=O,openff-2.1.0,1,0.8938579996655627,0.0002440332297822,0.8829000000000002,0.0002
21258,468,dens_1739528506032569134,468,Density,<Substance CCCCOC(C)=O{solv}{x=0.201200}|CCOC(C)=O{solv}{x=0.798800}>,CCCCOC(C)=O,CCOC(C)=O,openff-2.1.0,1,0.9008283100511671,0.0002344616676069,0.8889000000000001,0.0002
21259,469,dhmix_1951544232160779982,469,EnthalpyOfMixing,<Substance CCCCOC(C)=O{solv}{x=0.201200}|CCOC(C)=O{solv}{x=0.798800}>,CCCCOC(C)=O,CCOC(C)=O,openff-2.1.0,1,-0.0078448077164168,0.0431182236492072,0.0524,0.0009
21260,470,dens_2199004103648094822,470,Density,<Substance CCCCOC(C)=O{solv}{x=0.700700}|CCOC(C)=O{solv}{x=0.299300}>,CCCCOC(C)=O,CCOC(C)=O,openff-2.1.0,1,0.8895569965122745,0.0002152577284331,0.8797000000000003,0.0002
21261,471,dens_230610561971140401,471,Density,<Substance CN(C)CCO{solv}{x=0.507700}|O{solv}{x=0.492300}>,CN(C)CCO,O,openff-2.1.0,1,0.922606934038816,0.0002064846088358,0.9237220000000002,0.000504
21262,472,dens_531222131704065782,472,Density,<Substance CN(C)CCO{solv}{x=0.765200}|O{solv}{x=0.234800}>,CN(C)CCO,O,openff-2.1.0,1,0.9074096216965528,0.0002059416721144,0.8989030000000002,0.0005805
21263,473,dhmix_569544738684419327,473,EnthalpyOfMixing,<Substance CN(C)CCO{solv}{x=0.536500}|O{solv}{x=0.463500}>,CN(C)CCO,O,openff-2.1.0,1,-2.076531297187856,0.0385925171705014,-2.575,0.0525
21264,474,dens_1319192913326669904,474,Density,<Substance CN(C)CCO{solv}{x=0.264330}|O{solv}{x=0.735670}>,CN(C)CCO,O,openff-2.1.0,1,0.9414592982198232,0.0003370513303813,0.9590000000000002,0.0029
21265,475,dhmix_1669606825693628140,475,EnthalpyOfMixing,<Substance CN(C)CCO{solv}{x=0.205200}|O{solv}{x=0.794800}>,CN(C)CCO,O,openff-2.1.0,1,-1.461913516130018,0.0269026199840088,-2.587,0.0525
21266,476,dhmix_1723343163215510297,476,EnthalpyOfMixing,<Substance CN(C)CCO{solv}{x=0.799600}|O{solv}{x=0.200400}>,CN(C)CCO,O,openff-2.1.0,1,-1.1490982778349377,0.0407522241349489,-1.247,0.0255
21267,477,dens_233554406241639981,477,Density,<Substance CC(C)CC(C)(C)C{solv}{x=0.200000}|CCCCOCCCC{solv}{x=0.800000}>,CC(C)CC(C)(C)C,CCCCOCCCC,openff-2.1.0,1,0.7517011271277447,0.0001850422044417,0.7497500000000001,0.00017
21268,478,dhmix_465541682585001245,478,EnthalpyOfMixing,<Substance CC(C)CC(C)(C)C{solv}{x=0.200400}|CCCCOCCCC{solv}{x=0.799600}>,CC(C)CC(C)(C)C,CCCCOCCCC,openff-2.1.0,1,0.1224559788651049,0.0546317410409644,0.07397,0.00099
21269,479,dhmix_1505777056782392294,479,EnthalpyOfMixing,<Substance CC(C)CC(C)(C)C{solv}{x=0.400400}|CCCCOCCCC{solv}{x=0.599600}>,CC(C)CC(C)(C)C,CCCCOCCCC,openff-2.1.0,1,0.406271967399789,0.0526438901473855,0.11538,0.001385
21270,480,dhmix_1595104467389948583,480,EnthalpyOfMixing,<Substance CC(C)CC(C)(C)C{solv}{x=0.700500}|CCCCOCCCC{solv}{x=0.299500}>,CC(C)CC(C)(C)C,CCCCOCCCC,openff-2.1.0,1,0.2193230840530589,0.0515406958822514,0.10948,0.00133
21271,481,dens_1672861274914038509,481,Density,<Substance CC(C)CC(C)(C)C{solv}{x=0.399700}|CCCCOCCCC{solv}{x=0.600300}>,CC(C)CC(C)(C)C,CCCCOCCCC,openff-2.1.0,1,0.7407834118151647,0.0001888231579602,0.7348100000000001,0.000175
21272,482,dens_1954694146948787176,482,Density,<Substance CC(C)CC(C)(C)C{solv}{x=0.700000}|CCCCOCCCC{solv}{x=0.300000}>,CC(C)CC(C)(C)C,CCCCOCCCC,openff-2.1.0,1,0.7245622588845162,0.000191125321453,0.7117300000000002,0.000185
21273,483,dens_234746850701826990,483,Density,<Substance CC#N{solv}{x=0.700000}|CCCCCO{solv}{x=0.300000}>,CC#N,CCCCCO,openff-2.1.0,1,0.7921347771935499,0.0002915145589135,0.7924200000000001,0.000165
21274,484,dens_1261543146081029601,484,Density,<Substance CC#N{solv}{x=0.500300}|CCCCCO{solv}{x=0.499700}>,CC#N,CCCCCO,openff-2.1.0,1,0.8004562892591675,0.0002388784304106,0.7996400000000001,0.000185
21275,485,dens_1462197010819319813,485,Density,<Substance CC#N{solv}{x=0.203100}|CCCCCO{solv}{x=0.796900}>,CC#N,CCCCCO,openff-2.1.0,1,0.8107746403842363,0.0001897254447116,0.8090600000000001,0.00022
21276,486,dhmix_1595997756227951615,486,EnthalpyOfMixing,<Substance CC#N{solv}{x=0.235500}|CCCCCO{solv}{x=0.764500}>,CC#N,CCCCCO,openff-2.1.0,1,1.4598079159340005,0.0436683452235365,1.451,0.006
21277,487,dhmix_1745037615762894827,487,EnthalpyOfMixing,<Substance CC#N{solv}{x=0.516700}|CCCCCO{solv}{x=0.483300}>,CC#N,CCCCCO,openff-2.1.0,1,2.0494910798544783,0.0344853780866411,2.017,0.008
21278,488,dhmix_2294048253872291609,488,EnthalpyOfMixing,<Substance CC#N{solv}{x=0.771100}|CCCCCO{solv}{x=0.228900}>,CC#N,CCCCCO,openff-2.1.0,1,1.5552383474002536,0.0319849231650285,1.656,0.007
21279,489,dens_237912652331354824,489,Density,<Substance C1COCCO1{solv}{x=0.512200}|CCCC(C)=O{solv}{x=0.487800}>,C1COCCO1,CCCC(C)=O,openff-2.1.0,1,0.8996729720510181,0.0002263232800861,0.90478,0.00023
21280,490,dhmix_951401191616771155,490,EnthalpyOfMixing,<Substance C1COCCO1{solv}{x=0.750000}|CCCC(C)=O{solv}{x=0.250000}>,C1COCCO1,CCCC(C)=O,openff-2.1.0,1,0.274526248933796,0.037861668861798,0.23761,0.00135
21281,491,dens_1815088975543208186,491,Density,<Substance C1COCCO1{solv}{x=0.225400}|CCCC(C)=O{solv}{x=0.774600}>,C1COCCO1,CCCC(C)=O,openff-2.1.0,1,0.8316138650834458,0.0002431807754641,0.8442800000000001,0.00022
21282,492,dens_2079717107234551519,492,Density,<Substance C1COCCO1{solv}{x=0.782300}|CCCC(C)=O{solv}{x=0.217700}>,C1COCCO1,CCCC(C)=O,openff-2.1.0,1,0.9725288188391636,0.0002624342443146,0.9692000000000004,0.000245
21283,493,dhmix_2166059870593139530,493,EnthalpyOfMixing,<Substance C1COCCO1{solv}{x=0.500000}|CCCC(C)=O{solv}{x=0.500000}>,C1COCCO1,CCCC(C)=O,openff-2.1.0,1,0.2960972229721363,0.0341909870623769,0.26523,0.001455
21284,494,dhmix_2196150660196365471,494,EnthalpyOfMixing,<Substance C1COCCO1{solv}{x=0.250000}|CCCC(C)=O{solv}{x=0.750000}>,C1COCCO1,CCCC(C)=O,openff-2.1.0,1,0.2172223624678011,0.0434345982287714,0.1704,0.001085
21285,495,dhmix_243334109655928306,495,EnthalpyOfMixing,<Substance C1CCOCC1{solv}{x=0.783200}|c1ccccc1{solv}{x=0.216800}>,C1CCOCC1,c1ccccc1,openff-2.1.0,1,-0.0642092597694272,0.0411216060080478,-0.1399,0.00165
21286,496,dens_257753427541292519,496,Density,<Substance C1CCOCC1{solv}{x=0.479400}|c1ccccc1{solv}{x=0.520600}>,C1CCOCC1,c1ccccc1,openff-2.1.0,1,0.8699537515153705,0.0002342062417833,0.8778700000000003,0.000505
21287,497,dhmix_604341867718608333,497,EnthalpyOfMixing,<Substance C1CCOCC1{solv}{x=0.242500}|c1ccccc1{solv}{x=0.757500}>,C1CCOCC1,c1ccccc1,openff-2.1.0,1,-0.1226537104981702,0.0373097902294594,-0.1608,0.00185
21288,498,dens_791001710124267373,498,Density,<Substance C1CCOCC1{solv}{x=0.223900}|c1ccccc1{solv}{x=0.776100}>,C1CCOCC1,c1ccccc1,openff-2.1.0,1,0.8661620845190081,0.0002575044264216,0.8761000000000002,0.0005
21289,499,dens_1402061243325720407,499,Density,<Substance C1CCOCC1{solv}{x=0.743200}|c1ccccc1{solv}{x=0.256800}>,C1CCOCC1,c1ccccc1,openff-2.1.0,1,0.8733324379262932,0.0002471347460019,0.8789500000000002,0.000505
21290,500,dhmix_1407142629314355761,500,EnthalpyOfMixing,<Substance C1CCOCC1{solv}{x=0.498200}|c1ccccc1{solv}{x=0.501800}>,C1CCOCC1,c1ccccc1,openff-2.1.0,1,-0.1295651185483564,0.0390989635751473,-0.2365,0.00265
21291,501,dhmix_266800455813556356,501,EnthalpyOfMixing,<Substance CO{solv}{x=0.727200}|OCc1ccccc1{solv}{x=0.272800}>,CO,OCc1ccccc1,openff-2.1.0,1,-0.1284259705797694,0.0356290552096603,-0.0792,0.001
21292,502,dhmix_949671607207910651,502,EnthalpyOfMixing,<Substance CO{solv}{x=0.500500}|OCc1ccccc1{solv}{x=0.499500}>,CO,OCc1ccccc1,openff-2.1.0,1,-0.1420907013782866,0.0390973294128434,-0.1408,0.00165
21293,503,dhmix_1388744759732522219,503,EnthalpyOfMixing,<Substance CO{solv}{x=0.200200}|OCc1ccccc1{solv}{x=0.799800}>,CO,OCc1ccccc1,openff-2.1.0,1,-0.1575976069428861,0.0434793905805263,-0.1081,0.0013
21294,504,dens_270046772857960816,504,Density,<Substance C1CCOCC1{solv}{x=0.732100}|Cc1ccccc1{solv}{x=0.267900}>,C1CCOCC1,Cc1ccccc1,openff-2.1.0,1,0.8685547307660453,0.000232711536396,0.8754100000000001,0.000505
21295,505,dens_324774743687652276,505,Density,<Substance C1CCOCC1{solv}{x=0.238700}|Cc1ccccc1{solv}{x=0.761300}>,C1CCOCC1,Cc1ccccc1,openff-2.1.0,1,0.8572338548719697,0.0002453132910522,0.8669900000000003,0.000505
21296,506,dhmix_390107187187002597,506,EnthalpyOfMixing,<Substance C1CCOCC1{solv}{x=0.531900}|Cc1ccccc1{solv}{x=0.468100}>,C1CCOCC1,Cc1ccccc1,openff-2.1.0,1,-0.1156177876370634,0.0405099534617227,-0.2225,0.0025
21297,507,dhmix_1070320975529400325,507,EnthalpyOfMixing,<Substance C1CCOCC1{solv}{x=0.280600}|Cc1ccccc1{solv}{x=0.719400}>,C1CCOCC1,Cc1ccccc1,openff-2.1.0,1,-0.083877492931677,0.0454657699295847,-0.1687,0.00195
21298,508,dens_1397318239527979287,508,Density,<Substance C1CCOCC1{solv}{x=0.491500}|Cc1ccccc1{solv}{x=0.508500}>,C1CCOCC1,Cc1ccccc1,openff-2.1.0,1,0.8625670778761857,0.0002664721630389,0.8715100000000002,0.000505
21299,509,dhmix_1508130989501940613,509,EnthalpyOfMixing,<Substance C1CCOCC1{solv}{x=0.741300}|Cc1ccccc1{solv}{x=0.258700}>,C1CCOCC1,Cc1ccccc1,openff-2.1.0,1,-0.0183708398492825,0.0412475316925496,-0.1629,0.0019
21300,510,dhmix_271732469428717581,510,EnthalpyOfMixing,<Substance COc1ccccc1{solv}{x=0.237400}|OCCCc1ccccc1{solv}{x=0.762600}>,COc1ccccc1,OCCCc1ccccc1,openff-2.1.0,1,0.5232194607113883,0.0559641305587637,0.6076,0.0066
21301,511,dhmix_1174392275991455181,511,EnthalpyOfMixing,<Substance COc1ccccc1{solv}{x=0.554700}|OCCCc1ccccc1{solv}{x=0.445300}>,COc1ccccc1,OCCCc1ccccc1,openff-2.1.0,1,0.9802727807862794,0.0469720792619194,1.0293,0.01105
21302,512,dhmix_1179341622676685107,512,EnthalpyOfMixing,<Substance COc1ccccc1{solv}{x=0.713600}|OCCCc1ccccc1{solv}{x=0.286400}>,COc1ccccc1,OCCCc1ccccc1,openff-2.1.0,1,1.0063772744189592,0.0450188899777187,1.1088,0.0119
21303,513,dens_1468428612899754720,513,Density,<Substance COc1ccccc1{solv}{x=0.747700}|OCCCc1ccccc1{solv}{x=0.252300}>,COc1ccccc1,OCCCc1ccccc1,openff-2.1.0,1,0.974829925872322,0.0001734659268158,0.9827800000000002,0.00026
21304,514,dens_1534619098234859574,514,Density,<Substance COc1ccccc1{solv}{x=0.555100}|OCCCc1ccccc1{solv}{x=0.444900}>,COc1ccccc1,OCCCc1ccccc1,openff-2.1.0,1,0.9781858494392122,0.0002143623193447,0.9852700000000002,0.00026
21305,515,dens_2298154173340539222,515,Density,<Substance COc1ccccc1{solv}{x=0.263600}|OCCCc1ccccc1{solv}{x=0.736400}>,COc1ccccc1,OCCCc1ccccc1,openff-2.1.0,1,0.9830004000836036,0.0002297213188627,0.9885500000000002,0.00026
21306,516,dens_274848672468745759,516,Density,<Substance CCCCOC(C)=O{solv}{x=0.293400}|c1ccccc1{solv}{x=0.706600}>,CCCCOC(C)=O,c1ccccc1,openff-2.1.0,1,0.8704396413427978,0.0003003602394009,0.8736600000000002,0.00021
21307,517,dens_493354132810710227,517,Density,<Substance CCCCOC(C)=O{solv}{x=0.710500}|c1ccccc1{solv}{x=0.289500}>,CCCCOC(C)=O,c1ccccc1,openff-2.1.0,1,0.8795340148797718,0.0002381907904345,0.8751500000000002,0.000335
21308,518,dhmix_754807126845437364,518,EnthalpyOfMixing,<Substance CCCCOC(C)=O{solv}{x=0.495800}|c1ccccc1{solv}{x=0.504200}>,CCCCOC(C)=O,c1ccccc1,openff-2.1.0,1,-0.14168164087814,0.0440003159953077,-0.0245,0.001
21309,519,dens_834118541551127044,519,Density,<Substance CCCCOC(C)=O{solv}{x=0.504400}|c1ccccc1{solv}{x=0.495600}>,CCCCOC(C)=O,c1ccccc1,openff-2.1.0,1,0.8757675806386914,0.000242496856938,0.8744300000000002,0.000265
21310,520,dhmix_1349932525480083284,520,EnthalpyOfMixing,<Substance CCCCOC(C)=O{solv}{x=0.252300}|c1ccccc1{solv}{x=0.747700}>,CCCCOC(C)=O,c1ccccc1,openff-2.1.0,1,-0.0785514654760461,0.0442561893761722,-0.014,0.0009
21311,521,dhmix_1597992980658352112,521,EnthalpyOfMixing,<Substance CCCCOC(C)=O{solv}{x=0.771400}|c1ccccc1{solv}{x=0.228600}>,CCCCOC(C)=O,c1ccccc1,openff-2.1.0,1,-0.0600597197806642,0.0489792065537061,-0.0245,0.001
21312,522,dens_275501958869207518,522,Density,<Substance C1CCOCC1{solv}{x=0.226300}|Cc1ccccc1Cl{solv}{x=0.773700}>,C1CCOCC1,Cc1ccccc1Cl,openff-2.1.0,1,1.0395647931895784,0.0002138430412205,1.0396,0.0005
21313,523,dhmix_818597523255588519,523,EnthalpyOfMixing,<Substance C1CCOCC1{solv}{x=0.753300}|Cc1ccccc1Cl{solv}{x=0.246700}>,C1CCOCC1,Cc1ccccc1Cl,openff-2.1.0,1,-0.2654734918475299,0.0435095704258464,-0.154,0.001
21314,524,dhmix_849121557716978550,524,EnthalpyOfMixing,<Substance C1CCOCC1{solv}{x=0.517500}|Cc1ccccc1Cl{solv}{x=0.482500}>,C1CCOCC1,Cc1ccccc1Cl,openff-2.1.0,1,-0.2955673286178779,0.0418403412849816,-0.22,0.0015
21315,525,dens_946978292781731327,525,Density,<Substance C1CCOCC1{solv}{x=0.478400}|Cc1ccccc1Cl{solv}{x=0.521600}>,C1CCOCC1,Cc1ccccc1Cl,openff-2.1.0,1,0.9920799773944874,0.0001773966582675,0.9931600000000002,0.00051
21316,526,dhmix_997266220336132741,526,EnthalpyOfMixing,<Substance C1CCOCC1{solv}{x=0.263200}|Cc1ccccc1Cl{solv}{x=0.736800}>,C1CCOCC1,Cc1ccccc1Cl,openff-2.1.0,1,-0.1745153776972898,0.0449151516325694,-0.175,0.001
21317,527,dens_1191185394819541532,527,Density,<Substance C1CCOCC1{solv}{x=0.765800}|Cc1ccccc1Cl{solv}{x=0.234200}>,C1CCOCC1,Cc1ccccc1Cl,openff-2.1.0,1,0.9311844605288212,0.0002110093696146,0.9336500000000002,0.000505
21318,528,dhmix_278334692660393021,528,EnthalpyOfMixing,<Substance CCCCCCC{solv}{x=0.205900}|CNc1ccccc1{solv}{x=0.794100}>,CCCCCCC,CNc1ccccc1,openff-2.1.0,1,1.5793940856795388,0.0527844115466848,1.126,0.012
21319,529,dens_480658478095207102,529,Density,<Substance CCCCCCC{solv}{x=0.740500}|CNc1ccccc1{solv}{x=0.259500}>,CCCCCCC,CNc1ccccc1,openff-2.1.0,1,0.735822599259028,0.0001913136986226,0.7424910000000001,0.00014
21320,530,dhmix_898293423987680187,530,EnthalpyOfMixing,<Substance CCCCCCC{solv}{x=0.501700}|CNc1ccccc1{solv}{x=0.498300}>,CCCCCCC,CNc1ccccc1,openff-2.1.0,1,2.2527158265124143,0.0423007872400672,1.676,0.018
21321,531,dens_1509968737377061562,531,Density,<Substance CCCCCCC{solv}{x=0.250900}|CNc1ccccc1{solv}{x=0.749100}>,CCCCCCC,CNc1ccccc1,openff-2.1.0,1,0.8921612225835979,0.0001809147266515,0.8897150000000003,0.0002615
21322,532,dhmix_1680546488782143957,532,EnthalpyOfMixing,<Substance CCCCCCC{solv}{x=0.703200}|CNc1ccccc1{solv}{x=0.296800}>,CCCCCCC,CNc1ccccc1,openff-2.1.0,1,1.705437311615313,0.0487328870623976,1.539,0.0165
21323,533,dens_2074014246120135820,533,Density,<Substance CCCCCCC{solv}{x=0.497000}|CNc1ccccc1{solv}{x=0.503000}>,CCCCCCC,CNc1ccccc1,openff-2.1.0,1,0.8081344706988255,0.0002187502613128,0.8106920000000002,0.0001785
21324,534,dens_296890921001565391,534,Density,<Substance CCCCN{solv}{x=0.755200}|CN(C)C=O{solv}{x=0.244800}>,CCCCN,CN(C)C=O,openff-2.1.0,1,0.7913449880042848,0.0002516615718046,0.7762150000000002,0.000949
21325,535,dens_380536870617309130,535,Density,<Substance CCCCN{solv}{x=0.242800}|CN(C)C=O{solv}{x=0.757200}>,CCCCN,CN(C)C=O,openff-2.1.0,1,0.8758109007667442,0.0002555253888414,0.8845160000000002,0.0010795
21326,536,dhmix_493117160214491795,536,EnthalpyOfMixing,<Substance CCCCN{solv}{x=0.244100}|CN(C)C=O{solv}{x=0.755900}>,CCCCN,CN(C)C=O,openff-2.1.0,1,0.0701703721208559,0.0336927552963939,0.245,0.008
21327,537,dhmix_789225002934078019,537,EnthalpyOfMixing,<Substance CCCCN{solv}{x=0.750200}|CN(C)C=O{solv}{x=0.249800}>,CCCCN,CN(C)C=O,openff-2.1.0,1,0.1524902238719576,0.047276743211677,0.32,0.01
21328,538,dhmix_941321571782058819,538,EnthalpyOfMixing,<Substance CCCCN{solv}{x=0.499200}|CN(C)C=O{solv}{x=0.500800}>,CCCCN,CN(C)C=O,openff-2.1.0,1,0.1005753747410906,0.0392328547661142,0.384,0.0115
21329,539,dens_2179361372918836941,539,Density,<Substance CCCCN{solv}{x=0.497200}|CN(C)C=O{solv}{x=0.502800}>,CCCCN,CN(C)C=O,openff-2.1.0,1,0.8327633770501639,0.0001587543157425,0.8277360000000001,0.001011
21330,540,dens_300257448272323407,540,Density,<Substance CC(C)O{solv}{x=0.745200}|NCCN{solv}{x=0.254800}>,CC(C)O,NCCN,openff-2.1.0,1,0.8536879193526541,0.0002336310713968,0.8163970000000003,0.0002325
21331,541,dens_924750366683277351,541,Density,<Substance CC(C)O{solv}{x=0.203100}|NCCN{solv}{x=0.796900}>,CC(C)O,NCCN,openff-2.1.0,1,0.9781321563399732,0.0003609772305878,0.8736620000000003,0.0002225
21332,542,dens_2284409308160572308,542,Density,<Substance CC(C)O{solv}{x=0.489100}|NCCN{solv}{x=0.510900}>,CC(C)O,NCCN,openff-2.1.0,1,0.907920127683106,0.0002322775203942,0.8449250000000001,0.0002245
21333,543,dens_305501840068636812,543,Density,<Substance CC(C)=O{solv}{x=0.750000}|CCO{solv}{x=0.250000}>,CC(C)=O,CCO,openff-2.1.0,1,0.7727169765060912,0.0002815030387383,0.7859000000000002,0.000115
21334,544,dens_472577738907297293,544,Density,<Substance CC(C)=O{solv}{x=0.250000}|CCO{solv}{x=0.750000}>,CC(C)=O,CCO,openff-2.1.0,1,0.7821599427321791,0.00033707604625,0.7861600000000002,0.000115
21335,545,dens_2271083741716457850,545,Density,<Substance CC(C)=O{solv}{x=0.499900}|CCO{solv}{x=0.500100}>,CC(C)=O,CCO,openff-2.1.0,1,0.7772802893392705,0.0003514102337942,0.7861900000000003,0.000115
21336,546,dens_307445163336341047,546,Density,<Substance CN1CCCC1=O{solv}{x=0.703700}|ClCCCl{solv}{x=0.296300}>,CN1CCCC1=O,ClCCCl,openff-2.1.0,1,1.0650207189329062,0.0002574421992558,1.0851000000000002,0.0002
21337,547,dhmix_453866769634566853,547,EnthalpyOfMixing,<Substance CN1CCCC1=O{solv}{x=0.253100}|ClCCCl{solv}{x=0.746900}>,CN1CCCC1=O,ClCCCl,openff-2.1.0,1,-0.4162162567957246,0.0351225732519281,-0.8118,0.01525
21338,548,dhmix_536206650470008584,548,EnthalpyOfMixing,<Substance CN1CCCC1=O{solv}{x=0.500000}|ClCCCl{solv}{x=0.500000}>,CN1CCCC1=O,ClCCCl,openff-2.1.0,1,-0.6072806907118178,0.0399272736898578,-1.264,0.0055
21339,549,dens_1046625605566999080,549,Density,<Substance CN1CCCC1=O{solv}{x=0.202500}|ClCCCl{solv}{x=0.797500}>,CN1CCCC1=O,ClCCCl,openff-2.1.0,1,1.1802387737035889,0.000370259160001,1.1953000000000005,0.00025
21340,550,dhmix_1620571823529677157,550,EnthalpyOfMixing,<Substance CN1CCCC1=O{solv}{x=0.736700}|ClCCCl{solv}{x=0.263300}>,CN1CCCC1=O,ClCCCl,openff-2.1.0,1,-0.3906836105812203,0.0405240001684175,-0.8587,0.01605
21341,551,dens_2059567022041766694,551,Density,<Substance CN1CCCC1=O{solv}{x=0.497500}|ClCCCl{solv}{x=0.502500}>,CN1CCCC1=O,ClCCCl,openff-2.1.0,1,1.113335560673157,0.0002971898356726,1.1283000000000003,0.0002
21342,552,dens_313234519309892479,552,Density,<Substance CC(=O)N(C)C{solv}{x=0.293800}|CCCCCCCCCl{solv}{x=0.706200}>,CC(=O)N(C)C,CCCCCCCCCl,openff-2.1.0,1,0.8710170192482639,0.000152771775079,0.8796000000000003,0.00045
21343,553,dhmix_444785917463403590,553,EnthalpyOfMixing,<Substance CC(=O)N(C)C{solv}{x=0.703000}|CCCCCCCCCl{solv}{x=0.297000}>,CC(=O)N(C)C,CCCCCCCCCl,openff-2.1.0,1,0.8353585698612775,0.0444450658773401,0.751,0.004
21344,554,dhmix_705168937124106402,554,EnthalpyOfMixing,<Substance CC(=O)N(C)C{solv}{x=0.215000}|CCCCCCCCCl{solv}{x=0.785000}>,CC(=O)N(C)C,CCCCCCCCCl,openff-2.1.0,1,0.6333120045622138,0.0555572866857118,0.519,0.0035
21345,555,dens_1549584991651515376,555,Density,<Substance CC(=O)N(C)C{solv}{x=0.502200}|CCCCCCCCCl{solv}{x=0.497800}>,CC(=O)N(C)C,CCCCCCCCCl,openff-2.1.0,1,0.8761496265311864,0.0001841089816091,0.8902000000000002,0.0004
21346,556,dhmix_1732161251827083272,556,EnthalpyOfMixing,<Substance CC(=O)N(C)C{solv}{x=0.508000}|CCCCCCCCCl{solv}{x=0.492000}>,CC(=O)N(C)C,CCCCCCCCCl,openff-2.1.0,1,0.8992144948085894,0.0433341327639938,0.829,0.004
21347,557,dens_2189889607118243828,557,Density,<Substance CC(=O)N(C)C{solv}{x=0.700500}|CCCCCCCCCl{solv}{x=0.299500}>,CC(=O)N(C)C,CCCCCCCCCl,openff-2.1.0,1,0.8829030907067694,0.0002301192739526,0.9041000000000002,0.00035
21348,558,dens_314482396827660717,558,Density,<Substance BrCCBr{solv}{x=0.753700}|COC(C)=O{solv}{x=0.246300}>,BrCCBr,COC(C)=O,openff-2.1.0,1,1.8591643667450133,0.000549717428721,1.8774400000000004,0.003355
21349,559,dens_344993892965738820,559,Density,<Substance BrCCBr{solv}{x=0.275200}|COC(C)=O{solv}{x=0.724800}>,BrCCBr,COC(C)=O,openff-2.1.0,1,1.2926756966759767,0.0004247449460206,1.2862400000000005,0.001125
21350,560,dhmix_545996968666061076,560,EnthalpyOfMixing,<Substance BrCCBr{solv}{x=0.720900}|COC(C)=O{solv}{x=0.279100}>,BrCCBr,COC(C)=O,openff-2.1.0,1,-0.0892265364672839,0.03377274563364,0.2594,0.0028
21351,561,dens_714044009336077786,561,Density,<Substance BrCCBr{solv}{x=0.512100}|COC(C)=O{solv}{x=0.487900}>,BrCCBr,COC(C)=O,openff-2.1.0,1,1.5808601748252211,0.0005001422712478,1.5834900000000005,0.0021
21352,562,dhmix_1222511035002547253,562,EnthalpyOfMixing,<Substance BrCCBr{solv}{x=0.485500}|COC(C)=O{solv}{x=0.514500}>,BrCCBr,COC(C)=O,openff-2.1.0,1,-0.1380877092018693,0.0313334987131757,0.2577,0.00275
21353,563,dhmix_1418101673429653456,563,EnthalpyOfMixing,<Substance BrCCBr{solv}{x=0.250800}|COC(C)=O{solv}{x=0.749200}>,BrCCBr,COC(C)=O,openff-2.1.0,1,-0.0862071924534078,0.0344971727378877,0.1202,0.0017
21354,564,dens_314934747194338330,564,Density,<Substance CC(C)CCl{solv}{x=0.513700}|CC(C)OC(C)C{solv}{x=0.486300}>,CC(C)CCl,CC(C)OC(C)C,openff-2.1.0,1,0.798572059061859,0.0002968430226268,0.7878250000000002,0.000405
21355,565,dhmix_355399496844187096,565,EnthalpyOfMixing,<Substance CC(C)CCl{solv}{x=0.545300}|CC(C)OC(C)C{solv}{x=0.454700}>,CC(C)CCl,CC(C)OC(C)C,openff-2.1.0,1,-0.1146305383342891,0.0409575171450185,-0.0957,0.0012
21356,566,dens_688062365117407068,566,Density,<Substance CC(C)CCl{solv}{x=0.805900}|CC(C)OC(C)C{solv}{x=0.194100}>,CC(C)CCl,CC(C)OC(C)C,openff-2.1.0,1,0.8385027520535899,0.0003195805224303,0.8355300000000002,0.0003555
21357,567,dhmix_1411881046585885461,567,EnthalpyOfMixing,<Substance CC(C)CCl{solv}{x=0.090700}|CC(C)OC(C)C{solv}{x=0.909300}>,CC(C)CCl,CC(C)OC(C)C,openff-2.1.0,1,0.0101817677027113,0.0506857238513904,-0.0302,0.00055
21358,568,dens_1762455266351712367,568,Density,<Substance CC(C)CCl{solv}{x=0.091000}|CC(C)OC(C)C{solv}{x=0.909000}>,CC(C)CCl,CC(C)OC(C)C,openff-2.1.0,1,0.7503278451811797,0.0002319022914136,0.7293950000000001,0.000464
21359,569,dhmix_2302865667781063708,569,EnthalpyOfMixing,<Substance CC(C)CCl{solv}{x=0.727000}|CC(C)OC(C)C{solv}{x=0.273000}>,CC(C)CCl,CC(C)OC(C)C,openff-2.1.0,1,-0.1421622365148565,0.0377473357480978,-0.0791,0.001
21360,570,dens_321327254341950207,570,Density,<Substance C1COCCO1{solv}{x=0.780300}|CCCCCC(C)=O{solv}{x=0.219700}>,C1COCCO1,CCCCCC(C)=O,openff-2.1.0,1,0.961541569678159,0.0002211691853391,0.9576500000000002,0.0003
21361,571,dens_377701756930918353,571,Density,<Substance C1COCCO1{solv}{x=0.500600}|CCCCCC(C)=O{solv}{x=0.499400}>,C1COCCO1,CCCCCC(C)=O,openff-2.1.0,1,0.8886866054376314,0.0001528623424478,0.8916700000000002,0.000345
21362,572,dhmix_600625644134907580,572,EnthalpyOfMixing,<Substance C1COCCO1{solv}{x=0.500000}|CCCCCC(C)=O{solv}{x=0.500000}>,C1COCCO1,CCCCCC(C)=O,openff-2.1.0,1,0.5729594653903831,0.041435203273713,0.4509,0.002255
21363,573,dens_1451069448215305244,573,Density,<Substance C1COCCO1{solv}{x=0.220300}|CCCCCC(C)=O{solv}{x=0.779700}>,C1COCCO1,CCCCCC(C)=O,openff-2.1.0,1,0.8331293261632949,0.0001954483343163,0.8420800000000003,0.000385
21364,574,dhmix_2028813035406256788,574,EnthalpyOfMixing,<Substance C1COCCO1{solv}{x=0.750000}|CCCCCC(C)=O{solv}{x=0.250000}>,C1COCCO1,CCCCCC(C)=O,openff-2.1.0,1,0.580277354751729,0.0440141980393503,0.4064,0.00209
21365,575,dhmix_2222211577832383320,575,EnthalpyOfMixing,<Substance C1COCCO1{solv}{x=0.250000}|CCCCCC(C)=O{solv}{x=0.750000}>,C1COCCO1,CCCCCC(C)=O,openff-2.1.0,1,0.2968051198013768,0.040238094694907,0.2911,0.00164
21366,576,dhmix_325212618372456630,576,EnthalpyOfMixing,<Substance CCCCCCC{solv}{x=0.500000}|c1ccccc1{solv}{x=0.500000}>,CCCCCCC,c1ccccc1,openff-2.1.0,1,1.0879907283923842,0.0456582154958708,0.9235,0.0051
21367,577,dhmix_409350268177199962,577,EnthalpyOfMixing,<Substance CCCCCCC{solv}{x=0.751900}|c1ccccc1{solv}{x=0.248100}>,CCCCCCC,c1ccccc1,openff-2.1.0,1,0.6602513373476597,0.0381560551845915,0.6047,0.0035
21368,578,dens_1685942387769177799,578,Density,<Substance CCCCCCC{solv}{x=0.913667}|c1ccccc1{solv}{x=0.086333}>,CCCCCCC,c1ccccc1,openff-2.1.0,1,0.6808148495340551,0.0001925540187298,0.6892400000000002,0.000805
21369,579,dens_2148382258223830900,579,Density,<Substance CCCCCCC{solv}{x=0.273700}|c1ccccc1{solv}{x=0.726300}>,CCCCCCC,c1ccccc1,openff-2.1.0,1,0.7727207312254787,0.0002664751236809,0.7855000000000002,0.00015
21370,580,dens_2219829254239605828,580,Density,<Substance CCCCCCC{solv}{x=0.492200}|c1ccccc1{solv}{x=0.507800}>,CCCCCCC,c1ccccc1,openff-2.1.0,1,0.7295689227882888,0.0002746611635416,0.7409000000000001,0.00015
21371,581,dhmix_2296565820723783732,581,EnthalpyOfMixing,<Substance CCCCCCC{solv}{x=0.242400}|c1ccccc1{solv}{x=0.757600}>,CCCCCCC,c1ccccc1,openff-2.1.0,1,0.8013724496304206,0.0406794114288701,0.7775,0.0044
21372,582,dens_326446104630354701,582,Density,<Substance BrCCBr{solv}{x=0.728600}|CCC(=O)OC{solv}{x=0.271400}>,BrCCBr,CCC(=O)OC,openff-2.1.0,1,1.775875812711573,0.0004989864891722,1.7949900000000003,0.00303
21373,583,dens_886315086380393150,583,Density,<Substance BrCCBr{solv}{x=0.494400}|CCC(=O)OC{solv}{x=0.505600}>,BrCCBr,CCC(=O)OC,openff-2.1.0,1,1.4856084642335614,0.0004449199250659,1.4941800000000005,0.001825
21374,584,dhmix_1410129135672303476,584,EnthalpyOfMixing,<Substance BrCCBr{solv}{x=0.491400}|CCC(=O)OC{solv}{x=0.508600}>,BrCCBr,CCC(=O)OC,openff-2.1.0,1,-0.4474549405513084,0.0355004492357126,0.0195,0.00185
21375,585,dhmix_1551714230583118668,585,EnthalpyOfMixing,<Substance BrCCBr{solv}{x=0.755400}|CCC(=O)OC{solv}{x=0.244600}>,BrCCBr,CCC(=O)OC,openff-2.1.0,1,-0.2478553453542762,0.0314301262664458,0.09,0.00295
21376,586,dhmix_1596310059176209101,586,EnthalpyOfMixing,<Substance BrCCBr{solv}{x=0.214800}|CCC(=O)OC{solv}{x=0.785200}>,BrCCBr,CCC(=O)OC,openff-2.1.0,1,-0.3206238146191454,0.0425577196700226,-0.0281,0.002
21377,587,dens_1860027304017736150,587,Density,<Substance BrCCBr{solv}{x=0.257000}|CCC(=O)OC{solv}{x=0.743000}>,BrCCBr,CCC(=O)OC,openff-2.1.0,1,1.203612569044094,0.0003520828769545,1.2059400000000002,0.000915
21378,588,dhmix_334328961632702336,588,EnthalpyOfMixing,<Substance Cc1ccccc1N{solv}{x=0.492600}|Cc1cccnc1{solv}{x=0.507400}>,Cc1ccccc1N,Cc1cccnc1,openff-2.1.0,1,-1.6341102919665365,0.0415378616638175,-1.4091,0.0287
21379,589,dhmix_382843935535082222,589,EnthalpyOfMixing,<Substance Cc1ccccc1N{solv}{x=0.232300}|Cc1cccnc1{solv}{x=0.767700}>,Cc1ccccc1N,Cc1cccnc1,openff-2.1.0,1,-1.3301472180184426,0.045492092072922,-1.1196,0.02285
21380,590,dens_890019852111400701,590,Density,<Substance Cc1ccccc1N{solv}{x=0.533600}|Cc1cccnc1{solv}{x=0.466400}>,Cc1ccccc1N,Cc1cccnc1,openff-2.1.0,1,0.9902691411760596,0.0002691670680677,0.9795770000000004,0.0001185
21381,591,dens_1033313642915027277,591,Density,<Substance Cc1ccccc1N{solv}{x=0.737200}|Cc1cccnc1{solv}{x=0.262800}>,Cc1ccccc1N,Cc1cccnc1,openff-2.1.0,1,1.0039454826274103,0.0002185110051548,0.9867010000000004,0.000118
21382,592,dhmix_1057104304179164775,592,EnthalpyOfMixing,<Substance Cc1ccccc1N{solv}{x=0.778900}|Cc1cccnc1{solv}{x=0.221100}>,Cc1ccccc1N,Cc1cccnc1,openff-2.1.0,1,-0.9180299861213328,0.0510647112873014,-0.8735,0.01785
21383,593,dens_1445313714023685702,593,Density,<Substance Cc1ccccc1N{solv}{x=0.246700}|Cc1cccnc1{solv}{x=0.753300}>,Cc1ccccc1N,Cc1cccnc1,openff-2.1.0,1,0.967971127970498,0.0001640794908381,0.9668750000000004,0.00012
21384,594,dens_335631113096608920,594,Density,<Substance CCC(C)=O{solv}{x=0.501800}|CCCCNCCCC{solv}{x=0.498200}>,CCC(C)=O,CCCCNCCCC,openff-2.1.0,1,0.7656645693095218,0.0002182534401051,0.7693960000000002,9.950000000000003e-05
21385,595,dhmix_551451232292287572,595,EnthalpyOfMixing,<Substance CCC(C)=O{solv}{x=0.215400}|CCCCNCCCC{solv}{x=0.784600}>,CCC(C)=O,CCCCNCCCC,openff-2.1.0,1,0.2835962431619805,0.0390409588385549,0.417,0.0045
21386,596,dens_800787154192710377,596,Density,<Substance CCC(C)=O{solv}{x=0.260300}|CCCCNCCCC{solv}{x=0.739700}>,CCC(C)=O,CCCCNCCCC,openff-2.1.0,1,0.7624205217842722,0.0001738667015245,0.7614750000000002,0.0001005
21387,597,dhmix_1210431916849512476,597,EnthalpyOfMixing,<Substance CCC(C)=O{solv}{x=0.504400}|CCCCNCCCC{solv}{x=0.495600}>,CCC(C)=O,CCCCNCCCC,openff-2.1.0,1,0.2472514280844109,0.0517367925826768,0.619,0.0065
21388,598,dhmix_1503682496766473076,598,EnthalpyOfMixing,<Substance CCC(C)=O{solv}{x=0.792200}|CCCCNCCCC{solv}{x=0.207800}>,CCC(C)=O,CCCCNCCCC,openff-2.1.0,1,0.2289180186653396,0.0425239188807303,0.425,0.0045
21389,599,dens_2232561341275312196,599,Density,<Substance CCC(C)=O{solv}{x=0.747300}|CCCCNCCCC{solv}{x=0.252700}>,CCC(C)=O,CCCCNCCCC,openff-2.1.0,1,0.7699963630758602,0.0002357490134229,0.7810500000000001,9.750000000000004e-05
21390,600,dhmix_335934546122425398,600,EnthalpyOfMixing,<Substance C1CCOCC1{solv}{x=0.550000}|O=C1CCCC1{solv}{x=0.450000}>,C1CCOCC1,O=C1CCCC1,openff-2.1.0,1,0.0544380886660107,0.0378521954101463,0.15813,0.001
21391,601,dhmix_337659115721770978,601,EnthalpyOfMixing,<Substance C1CCOCC1{solv}{x=0.250000}|O=C1CCCC1{solv}{x=0.750000}>,C1CCOCC1,O=C1CCCC1,openff-2.1.0,1,0.055386832701636,0.0400664897204976,0.11325,0.00084
21392,602,dens_579415285212890284,602,Density,<Substance C1CCOCC1{solv}{x=0.708000}|O=C1CCCC1{solv}{x=0.292000}>,C1CCOCC1,O=C1CCCC1,openff-2.1.0,1,0.8865651904019728,0.0002618256967275,0.8972200000000002,0.00023
21393,603,dens_788777315764582180,603,Density,<Substance C1CCOCC1{solv}{x=0.549800}|O=C1CCCC1{solv}{x=0.450200}>,C1CCOCC1,O=C1CCCC1,openff-2.1.0,1,0.8931101032666503,0.000232958843254,0.9073000000000002,0.000235
21394,604,dens_1539654406736576807,604,Density,<Substance C1CCOCC1{solv}{x=0.235400}|O=C1CCCC1{solv}{x=0.764600}>,C1CCOCC1,O=C1CCCC1,openff-2.1.0,1,0.9062647409435896,0.0002469761043663,0.9281000000000004,0.00024
21395,605,dhmix_1706969020375394315,605,EnthalpyOfMixing,<Substance C1CCOCC1{solv}{x=0.750000}|O=C1CCCC1{solv}{x=0.250000}>,C1CCOCC1,O=C1CCCC1,openff-2.1.0,1,0.0910097652726023,0.0443612856616267,0.12811,0.000895
21396,606,dens_337077748334497354,606,Density,<Substance CN1CCCCC1{solv}{x=0.245200}|O{solv}{x=0.754800}>,CN1CCCCC1,O,openff-2.1.0,1,0.890181859097267,0.000398970301291,0.9038110000000004,9.700000000000004e-05
21397,607,dens_1619467922469494964,607,Density,<Substance CN1CCCCC1{solv}{x=0.790700}|O{solv}{x=0.209300}>,CN1CCCCC1,O,openff-2.1.0,1,0.8413722987021071,0.0001960680744489,0.8260470000000002,0.000108
21398,608,dens_1725290505257505407,608,Density,<Substance CN1CCCCC1{solv}{x=0.505000}|O{solv}{x=0.495000}>,CN1CCCCC1,O,openff-2.1.0,1,0.8606717580484675,0.0003004280404612,0.8581580000000002,9.450000000000002e-05
21399,609,dhmix_344305070199657817,609,EnthalpyOfMixing,<Substance CC(C)CC(C)(C)C{solv}{x=0.200300}|CCCO{solv}{x=0.799700}>,CC(C)CC(C)(C)C,CCCO,openff-2.1.0,1,0.4458721837219954,0.0379008621758233,0.308,0.0055
21400,610,dens_1020839744665732433,610,Density,<Substance CC(C)CC(C)(C)C{solv}{x=0.200100}|CCCO{solv}{x=0.799900}>,CC(C)CC(C)(C)C,CCCO,openff-2.1.0,1,0.7656114723417735,0.0002676006872353,0.7589500000000002,0.00029
21401,611,dens_1348847431810734601,611,Density,<Substance CC(C)CC(C)(C)C{solv}{x=0.700000}|CCCO{solv}{x=0.300000}>,CC(C)CC(C)(C)C,CCCO,openff-2.1.0,1,0.7214332866080404,0.0002089053227074,0.7046500000000001,0.00028
21402,612,dhmix_1376194238727172922,612,EnthalpyOfMixing,<Substance CC(C)CC(C)(C)C{solv}{x=0.499800}|CCCO{solv}{x=0.500200}>,CC(C)CC(C)(C)C,CCCO,openff-2.1.0,1,0.7911494778396104,0.0378887273749762,0.6025,0.0027
21403,613,dhmix_1868873434415785592,613,EnthalpyOfMixing,<Substance CC(C)CC(C)(C)C{solv}{x=0.699900}|CCCO{solv}{x=0.300100}>,CC(C)CC(C)(C)C,CCCO,openff-2.1.0,1,0.9223929719487388,0.053365964552166,0.6544,0.0029
21404,614,dens_1870552320710773195,614,Density,<Substance CC(C)CC(C)(C)C{solv}{x=0.500000}|CCCO{solv}{x=0.500000}>,CC(C)CC(C)(C)C,CCCO,openff-2.1.0,1,0.7352046827165398,0.0002041942315171,0.7214400000000002,0.00028
21405,615,dens_344701479262570906,615,Density,<Substance C1CCOCC1{solv}{x=0.246100}|Cc1cccnc1{solv}{x=0.753900}>,C1CCOCC1,Cc1cccnc1,openff-2.1.0,1,0.9283234862761786,0.0001609342022573,0.9348570000000002,0.0004915
21406,616,dhmix_772935681699310364,616,EnthalpyOfMixing,<Substance C1CCOCC1{solv}{x=0.480300}|Cc1cccnc1{solv}{x=0.519700}>,C1CCOCC1,Cc1cccnc1,openff-2.1.0,1,0.0628087053352786,0.0420530291022044,0.1271,0.00115
21407,617,dens_1179184695460672925,617,Density,<Substance C1CCOCC1{solv}{x=0.756800}|Cc1cccnc1{solv}{x=0.243200}>,C1CCOCC1,Cc1cccnc1,openff-2.1.0,1,0.8928505667911136,0.0002422178958699,0.8976640000000002,0.0004655
21408,618,dens_1273033541520518804,618,Density,<Substance C1CCOCC1{solv}{x=0.482700}|Cc1cccnc1{solv}{x=0.517300}>,C1CCOCC1,Cc1cccnc1,openff-2.1.0,1,0.9117751309408428,0.0002565587571288,0.9179640000000002,0.00048
21409,619,dhmix_1594947441282636711,619,EnthalpyOfMixing,<Substance C1CCOCC1{solv}{x=0.735500}|Cc1cccnc1{solv}{x=0.264500}>,C1CCOCC1,Cc1cccnc1,openff-2.1.0,1,0.072134384989873,0.0410168405477102,0.0924,0.00095
21410,620,dhmix_2075643137470349800,620,EnthalpyOfMixing,<Substance C1CCOCC1{solv}{x=0.273200}|Cc1cccnc1{solv}{x=0.726800}>,C1CCOCC1,Cc1cccnc1,openff-2.1.0,1,0.0354183219865547,0.0433235304603618,0.1036,0.001
21411,621,dhmix_346841872844739570,621,EnthalpyOfMixing,<Substance CC#N{solv}{x=0.700700}|CCOC(C)(C)C{solv}{x=0.299300}>,CC#N,CCOC(C)(C)C,openff-2.1.0,1,0.2606623643241885,0.0241181269313235,0.6176,0.0084
21412,622,dhmix_840136828933604757,622,EnthalpyOfMixing,<Substance CC#N{solv}{x=0.199000}|CCOC(C)(C)C{solv}{x=0.801000}>,CC#N,CCOC(C)(C)C,openff-2.1.0,1,0.0856192517822016,0.0501029223215885,0.4418,0.006
21413,623,dhmix_1934525864391020215,623,EnthalpyOfMixing,<Substance CC#N{solv}{x=0.501600}|CCOC(C)(C)C{solv}{x=0.498400}>,CC#N,CCOC(C)(C)C,openff-2.1.0,1,0.2316460056571296,0.0313814154257411,0.7098,0.00965
21414,624,dens_1954735606040559695,624,Density,<Substance CC#N{solv}{x=0.700700}|CCOC(C)(C)C{solv}{x=0.299300}>,CC#N,CCOC(C)(C)C,openff-2.1.0,1,0.7661259070941037,0.0002606999416397,0.7595000000000002,0.00045
21415,625,dens_2173310521496796694,625,Density,<Substance CC#N{solv}{x=0.501600}|CCOC(C)(C)C{solv}{x=0.498400}>,CC#N,CCOC(C)(C)C,openff-2.1.0,1,0.7632275155939162,0.0002436602921509,0.7510000000000002,0.00035
21416,626,dens_2235331649530959984,626,Density,<Substance CC#N{solv}{x=0.199000}|CCOC(C)(C)C{solv}{x=0.801000}>,CC#N,CCOC(C)(C)C,openff-2.1.0,1,0.758121313088367,0.0002222138830919,0.7408000000000001,0.00015
21417,627,dhmix_355078149157572999,627,EnthalpyOfMixing,<Substance OCCOCCO{solv}{x=0.790600}|O{solv}{x=0.209400}>,O,OCCOCCO,openff-2.1.0,1,-0.060013311850497,0.0453606406638234,-0.521,0.003
21418,628,dhmix_514261244195159379,628,EnthalpyOfMixing,<Substance OCCOCCO{solv}{x=0.300400}|O{solv}{x=0.699600}>,O,OCCOCCO,openff-2.1.0,1,-0.3578693364360958,0.0318319633028676,-1.245,0.0065
21419,629,dhmix_1512634639127890343,629,EnthalpyOfMixing,<Substance OCCOCCO{solv}{x=0.501000}|O{solv}{x=0.499000}>,O,OCCOCCO,openff-2.1.0,1,-0.3399084212677437,0.0430006727195213,-1.149,0.0065
21420,630,dens_1532732041743097130,630,Density,<Substance OCCOCCO{solv}{x=0.500600}|O{solv}{x=0.499400}>,O,OCCOCCO,openff-2.1.0,1,1.1110939958926371,0.0002734478162942,1.1070700000000002,0.00026
21421,631,dens_1948924545926470959,631,Density,<Substance OCCOCCO{solv}{x=0.700300}|O{solv}{x=0.299700}>,O,OCCOCCO,openff-2.1.0,1,1.120382865204647,0.0002332283225587,1.1111900000000003,0.000285
21422,632,dens_2114974877291939954,632,Density,<Substance OCCOCCO{solv}{x=0.301000}|O{solv}{x=0.699000}>,O,OCCOCCO,openff-2.1.0,1,1.091233214215548,0.000320305339853,1.0958900000000005,0.000305
21423,633,dhmix_355690558520209737,633,EnthalpyOfMixing,<Substance CC(C)CC(C)(C)C{solv}{x=0.774800}|CC(C)OC(C)C{solv}{x=0.225200}>,CC(C)CC(C)(C)C,CC(C)OC(C)C,openff-2.1.0,1,0.2682904464965503,0.0538847707853398,0.132161,0.001556
21424,634,dens_706481868145479619,634,Density,<Substance CC(C)CC(C)(C)C{solv}{x=0.250000}|CC(C)OC(C)C{solv}{x=0.750000}>,CC(C)CC(C)(C)C,CC(C)OC(C)C,openff-2.1.0,1,0.7305994830328624,0.0002171232438487,0.7090800000000002,0.000155
21425,635,dens_960755156711549154,635,Density,<Substance CC(C)CC(C)(C)C{solv}{x=0.750000}|CC(C)OC(C)C{solv}{x=0.250000}>,CC(C)CC(C)(C)C,CC(C)OC(C)C,openff-2.1.0,1,0.7151177157618566,0.0002020749535034,0.6937500000000002,0.000155
21426,636,dens_1165117582450092341,636,Density,<Substance CC(C)CC(C)(C)C{solv}{x=0.500900}|CC(C)OC(C)C{solv}{x=0.499100}>,CC(C)CC(C)(C)C,CC(C)OC(C)C,openff-2.1.0,1,0.7222152627961491,0.0002160374082781,0.7005900000000002,0.000105
21427,637,dhmix_1819714300540494359,637,EnthalpyOfMixing,<Substance CC(C)CC(C)(C)C{solv}{x=0.512500}|CC(C)OC(C)C{solv}{x=0.487500}>,CC(C)CC(C)(C)C,CC(C)OC(C)C,openff-2.1.0,1,0.4666694447768833,0.0525270048166163,0.197047,0.002233
21428,638,dhmix_2031984064821599856,638,EnthalpyOfMixing,<Substance CC(C)CC(C)(C)C{solv}{x=0.269300}|CC(C)OC(C)C{solv}{x=0.730700}>,CC(C)CC(C)(C)C,CC(C)OC(C)C,openff-2.1.0,1,0.3356430446784628,0.0414377768586953,0.158983,0.0018345
21429,639,dens_357198687829738077,639,Density,<Substance C1CCOCC1{solv}{x=0.223500}|CCCCCC(C)=O{solv}{x=0.776500}>,C1CCOCC1,CCCCCC(C)=O,openff-2.1.0,1,0.8107549242178255,0.0001984466401658,0.8221200000000002,0.000375
21430,640,dens_1074719884132299485,640,Density,<Substance C1CCOCC1{solv}{x=0.516600}|CCCCCC(C)=O{solv}{x=0.483400}>,C1CCOCC1,CCCCCC(C)=O,openff-2.1.0,1,0.8301622875027678,0.000175643108107,0.8396100000000002,0.00032
21431,641,dens_1427208283653313137,641,Density,<Substance C1CCOCC1{solv}{x=0.710100}|CCCCCC(C)=O{solv}{x=0.289900}>,C1CCOCC1,CCCCCC(C)=O,openff-2.1.0,1,0.8458866144426955,0.0002210782276614,0.8534200000000002,0.000285
21432,642,dhmix_1485904869507380555,642,EnthalpyOfMixing,<Substance C1CCOCC1{solv}{x=0.500000}|CCCCCC(C)=O{solv}{x=0.500000}>,C1CCOCC1,CCCCCC(C)=O,openff-2.1.0,1,0.1710660708410856,0.0422434980600146,0.05773,0.000615
21433,643,dhmix_1931504734279468677,643,EnthalpyOfMixing,<Substance C1CCOCC1{solv}{x=0.250000}|CCCCCC(C)=O{solv}{x=0.750000}>,C1CCOCC1,CCCCCC(C)=O,openff-2.1.0,1,0.1851465146006035,0.0554636052901171,0.03429,0.00053
21434,644,dhmix_2296263041755700053,644,EnthalpyOfMixing,<Substance C1CCOCC1{solv}{x=0.750000}|CCCCCC(C)=O{solv}{x=0.250000}>,C1CCOCC1,CCCCCC(C)=O,openff-2.1.0,1,0.1672719835403455,0.0451765461380239,0.05587,0.00061
21435,645,dhmix_357499987240135169,645,EnthalpyOfMixing,<Substance CCCCC{solv}{x=0.772700}|CCCCOC=O{solv}{x=0.227300}>,CCCCC,CCCCOC=O,openff-2.1.0,1,1.0883420686142244,0.0447641423837281,0.87,0.004
21436,646,dens_435201289177646286,646,Density,<Substance CCCCC{solv}{x=0.504200}|CCCCOC=O{solv}{x=0.495800}>,CCCCC,CCCCOC=O,openff-2.1.0,1,0.7567957284608589,0.0002524376873566,0.7523000000000001,0.00024
21437,647,dens_635752291929824010,647,Density,<Substance CCCCC{solv}{x=0.699000}|CCCCOC=O{solv}{x=0.301000}>,CCCCC,CCCCOC=O,openff-2.1.0,1,0.6971724370211175,0.0002265753341699,0.6994600000000002,0.00018
21438,648,dhmix_869493303716364153,648,EnthalpyOfMixing,<Substance CCCCC{solv}{x=0.490500}|CCCCOC=O{solv}{x=0.509500}>,CCCCC,CCCCOC=O,openff-2.1.0,1,1.1746928295787311,0.0381052189920297,0.959,0.004
21439,649,dhmix_1188548276416925178,649,EnthalpyOfMixing,<Substance CCCCC{solv}{x=0.246000}|CCCCOC=O{solv}{x=0.754000}>,CCCCC,CCCCOC=O,openff-2.1.0,1,0.8405722877838215,0.0457494344803557,0.632,0.003
21440,650,dens_1944800378076074966,650,Density,<Substance CCCCC{solv}{x=0.247100}|CCCCOC=O{solv}{x=0.752900}>,CCCCC,CCCCOC=O,openff-2.1.0,1,0.833547982038559,0.0002213651734414,0.8221800000000001,0.000375
21441,651,dhmix_357740737126275220,651,EnthalpyOfMixing,<Substance CC(=O)N(C)C{solv}{x=0.212000}|CCCCCl{solv}{x=0.788000}>,CC(=O)N(C)C,CCCCCl,openff-2.1.0,1,0.3165484342128764,0.0405566940078439,0.244,0.0025
21442,652,dens_563556088097831353,652,Density,<Substance CC(=O)N(C)C{solv}{x=0.499000}|CCCCCl{solv}{x=0.501000}>,CC(=O)N(C)C,CCCCCl,openff-2.1.0,1,0.884685913879448,0.0002988559942251,0.9081000000000002,0.0002
21443,653,dens_1083232356130752567,653,Density,<Substance CC(=O)N(C)C{solv}{x=0.799700}|CCCCCl{solv}{x=0.200300}>,CC(=O)N(C)C,CCCCCl,openff-2.1.0,1,0.8934913428350032,0.0002685383756015,0.9247000000000004,0.0002
21444,654,dhmix_1487887746912587509,654,EnthalpyOfMixing,<Substance CC(=O)N(C)C{solv}{x=0.708000}|CCCCCl{solv}{x=0.292000}>,CC(=O)N(C)C,CCCCCl,openff-2.1.0,1,0.4032007560666226,0.0416242912871341,0.305,0.0025
21445,655,dens_1662749398344255132,655,Density,<Substance CC(=O)N(C)C{solv}{x=0.210500}|CCCCCl{solv}{x=0.789500}>,CC(=O)N(C)C,CCCCCl,openff-2.1.0,1,0.8742669220471996,0.0002606101657319,0.8918000000000001,0.0002
21446,656,dhmix_2085343422065298965,656,EnthalpyOfMixing,<Substance CC(=O)N(C)C{solv}{x=0.511000}|CCCCCl{solv}{x=0.489000}>,CC(=O)N(C)C,CCCCCl,openff-2.1.0,1,0.5701475520511252,0.0413771525140478,0.363,0.0025
21447,657,dhmix_359626193748497849,657,EnthalpyOfMixing,<Substance C1CCOCC1{solv}{x=0.750000}|O=C1CCCCC1{solv}{x=0.250000}>,C1CCOCC1,O=C1CCCCC1,openff-2.1.0,1,0.1335065013733896,0.0417832427030727,0.07698,0.00069
21448,658,dhmix_709905971434026360,658,EnthalpyOfMixing,<Substance C1CCOCC1{solv}{x=0.250000}|O=C1CCCCC1{solv}{x=0.750000}>,C1CCOCC1,O=C1CCCCC1,openff-2.1.0,1,0.0030790595963523,0.0459247398854288,0.05827,0.00062
21449,659,dens_996263306280392228,659,Density,<Substance C1CCOCC1{solv}{x=0.500900}|O=C1CCCCC1{solv}{x=0.499100}>,C1CCOCC1,O=C1CCCCC1,openff-2.1.0,1,0.8992098593018731,0.0002001773294862,0.9160300000000002,0.000505
21450,660,dens_1296485655493191092,660,Density,<Substance C1CCOCC1{solv}{x=0.247100}|O=C1CCCCC1{solv}{x=0.752900}>,C1CCOCC1,O=C1CCCCC1,openff-2.1.0,1,0.910003963741664,0.0001575182945068,0.9305900000000004,0.000505
21451,661,dhmix_1617652800437548554,661,EnthalpyOfMixing,<Substance C1CCOCC1{solv}{x=0.500000}|O=C1CCCCC1{solv}{x=0.500000}>,C1CCOCC1,O=C1CCCCC1,openff-2.1.0,1,0.0644006214480228,0.0337202303251919,0.08658,0.000725
21452,662,dens_2134919398794801459,662,Density,<Substance C1CCOCC1{solv}{x=0.738900}|O=C1CCCCC1{solv}{x=0.261100}>,C1CCOCC1,O=C1CCCCC1,openff-2.1.0,1,0.8880090074488394,0.000241042981433,0.9000800000000002,0.000505
21453,663,dens_371429494256072686,663,Density,<Substance COC=O{solv}{x=0.513800}|ClCCCCl{solv}{x=0.486200}>,COC=O,ClCCCCl,openff-2.1.0,1,1.0989952469089264,0.0003532239973265,1.08831,0.00025
21454,664,dens_416463243686186519,664,Density,<Substance COC=O{solv}{x=0.738400}|ClCCCCl{solv}{x=0.261600}>,COC=O,ClCCCCl,openff-2.1.0,1,1.0602759938316404,0.0003639199471989,1.03754,0.0002
21455,665,dhmix_573570621261992547,665,EnthalpyOfMixing,<Substance COC=O{solv}{x=0.767400}|ClCCCCl{solv}{x=0.232600}>,COC=O,ClCCCCl,openff-2.1.0,1,0.6302617758511486,0.0339911952829701,0.2841,0.0015
21456,666,dens_1665007650151393058,666,Density,<Substance COC=O{solv}{x=0.244000}|ClCCCCl{solv}{x=0.756000}>,COC=O,ClCCCCl,openff-2.1.0,1,1.137881242167679,0.0003458844840053,1.1395000000000002,0.0003
21457,667,dhmix_2050640017895200777,667,EnthalpyOfMixing,<Substance COC=O{solv}{x=0.502400}|ClCCCCl{solv}{x=0.497600}>,COC=O,ClCCCCl,openff-2.1.0,1,0.7908967434350131,0.0318676620571387,0.3503,0.00175
21458,668,dhmix_2121310957223924646,668,EnthalpyOfMixing,<Substance COC=O{solv}{x=0.202400}|ClCCCCl{solv}{x=0.797600}>,COC=O,ClCCCCl,openff-2.1.0,1,0.5719046884797265,0.0351537433305323,0.2064,0.0012
21459,669,dens_380799246642881225,669,Density,<Substance Cc1ccncc1{solv}{x=0.500000}|O{solv}{x=0.500000}>,Cc1ccncc1,O,openff-2.1.0,1,0.9528090848174994,0.0002947524045283,0.9704000000000004,0.0005
21460,670,dens_1024460369591354985,670,Density,<Substance Cc1ccncc1{solv}{x=0.225000}|O{solv}{x=0.775000}>,Cc1ccncc1,O,openff-2.1.0,1,0.9600020267633432,0.0003736452564096,0.9848000000000002,0.0004
21461,671,dens_1867704914487230306,671,Density,<Substance Cc1ccncc1{solv}{x=0.750000}|O{solv}{x=0.250000}>,Cc1ccncc1,O,openff-2.1.0,1,0.95099007497204,0.0002610767765029,0.9614000000000004,0.0004
21462,672,dhmix_396839331496923568,672,EnthalpyOfMixing,<Substance CCCOC(=O)CC{solv}{x=0.237600}|ClCCCl{solv}{x=0.762400}>,CCCOC(=O)CC,ClCCCl,openff-2.1.0,1,-0.3538230828452633,0.0341812804817674,-0.317,0.0035
21463,673,dens_1025242301432619836,673,Density,<Substance CCCOC(=O)CC{solv}{x=0.518800}|ClCCCl{solv}{x=0.481200}>,CCCOC(=O)CC,ClCCCl,openff-2.1.0,1,1.0054836927909998,0.0003067552428142,1.0064000000000002,0.000905
21464,674,dens_1654149510571748883,674,Density,<Substance CCCOC(=O)CC{solv}{x=0.731600}|ClCCCl{solv}{x=0.268400}>,CCCOC(=O)CC,ClCCCl,openff-2.1.0,1,0.943053596001505,0.000250638435392,0.9416300000000002,0.00041
21465,675,dens_1804016971158746429,675,Density,<Substance CCCOC(=O)CC{solv}{x=0.243700}|ClCCCl{solv}{x=0.756300}>,CCCOC(=O)CC,ClCCCl,openff-2.1.0,1,1.1068666647094725,0.000391086200766,1.11431,0.002155
21466,676,dhmix_1840109043188951916,676,EnthalpyOfMixing,<Substance CCCOC(=O)CC{solv}{x=0.517700}|ClCCCl{solv}{x=0.482300}>,CCCOC(=O)CC,ClCCCl,openff-2.1.0,1,-0.3836153512441065,0.0402902634891835,-0.557,0.006
21467,677,dhmix_1924188358781329171,677,EnthalpyOfMixing,<Substance CCCOC(=O)CC{solv}{x=0.787400}|ClCCCl{solv}{x=0.212600}>,CCCOC(=O)CC,ClCCCl,openff-2.1.0,1,-0.2731721228039987,0.0441493124098799,-0.357,0.004
21468,678,dhmix_408170436877433675,678,EnthalpyOfMixing,<Substance CCCCC{solv}{x=0.229800}|CCOC=O{solv}{x=0.770200}>,CCCCC,CCOC=O,openff-2.1.0,1,1.2223511002046656,0.0393434568810303,1.016,0.0045
21469,679,dens_1159257310358090227,679,Density,<Substance CCCCC{solv}{x=0.748000}|CCOC=O{solv}{x=0.252000}>,CCCCC,CCOC=O,openff-2.1.0,1,0.6679202878597105,0.0002989802759211,0.6707000000000002,0.000165
21470,680,dhmix_1897634982824334825,680,EnthalpyOfMixing,<Substance CCCCC{solv}{x=0.500100}|CCOC=O{solv}{x=0.499900}>,CCCCC,CCOC=O,openff-2.1.0,1,1.7144999804928176,0.0404864195275481,1.354,0.0055
21471,681,dens_1931965346092446599,681,Density,<Substance CCCCC{solv}{x=0.504000}|CCOC=O{solv}{x=0.496000}>,CCCCC,CCOC=O,openff-2.1.0,1,0.7421137129332375,0.0003018918994643,0.7333000000000002,0.00024
21472,682,dens_2086304425324215507,682,Density,<Substance CCCCC{solv}{x=0.298000}|CCOC=O{solv}{x=0.702000}>,CCCCC,CCOC=O,openff-2.1.0,1,0.8167006269169989,0.0002645878158365,0.7971000000000003,0.000345
21473,683,dhmix_2117998354372981576,683,EnthalpyOfMixing,<Substance CCCCC{solv}{x=0.777900}|CCOC=O{solv}{x=0.222100}>,CCCCC,CCOC=O,openff-2.1.0,1,1.4771006849897788,0.0425605741113984,1.051,0.0045
21474,684,dens_415189671276159712,684,Density,<Substance NCCO{solv}{x=0.785350}|c1ccncc1{solv}{x=0.214650}>,NCCO,c1ccncc1,openff-2.1.0,1,1.049990160191279,0.0002981411100917,1.002592,0.000101
21475,685,dhmix_607563797490786343,685,EnthalpyOfMixing,<Substance NCCO{solv}{x=0.559360}|c1ccncc1{solv}{x=0.440640}>,NCCO,c1ccncc1,openff-2.1.0,1,0.781124951254391,0.038579053506281,0.824,0.0035
21476,686,dhmix_783614050589043390,686,EnthalpyOfMixing,<Substance NCCO{solv}{x=0.248120}|c1ccncc1{solv}{x=0.751880}>,NCCO,c1ccncc1,openff-2.1.0,1,0.8699987316573342,0.0349276049314164,0.779,0.0035
21477,687,dens_907288549206652702,687,Density,<Substance NCCO{solv}{x=0.558640}|c1ccncc1{solv}{x=0.441360}>,NCCO,c1ccncc1,openff-2.1.0,1,1.0262642785783826,0.0002157027828502,0.9936870000000002,0.0001015
21478,688,dhmix_1092036220949585875,688,EnthalpyOfMixing,<Substance NCCO{solv}{x=0.746780}|c1ccncc1{solv}{x=0.253220}>,NCCO,c1ccncc1,openff-2.1.0,1,0.5287306402103624,0.0427671611730599,0.612,0.003
21479,689,dens_2278246591298089898,689,Density,<Substance NCCO{solv}{x=0.210010}|c1ccncc1{solv}{x=0.789990}>,NCCO,c1ccncc1,openff-2.1.0,1,0.995075952645768,0.00025977062163,0.9825660000000004,0.0001015
21480,690,dens_419188249264987147,690,Density,<Substance CCCCC(=O)OCC{solv}{x=0.492100}|CCOC(C)=O{solv}{x=0.507900}>,CCCCC(=O)OCC,CCOC(C)=O,openff-2.1.0,1,0.8874772407497705,0.0002064421391516,0.8787300000000002,0.00012
21481,691,dens_667714041205021070,691,Density,<Substance CCCCC(=O)OCC{solv}{x=0.304700}|CCOC(C)=O{solv}{x=0.695300}>,CCCCC(=O)OCC,CCOC(C)=O,openff-2.1.0,1,0.8941360961498208,0.0002392650092862,0.8836400000000002,0.00012
21482,692,dhmix_1137774316856842141,692,EnthalpyOfMixing,<Substance CCCCC(=O)OCC{solv}{x=0.737600}|CCOC(C)=O{solv}{x=0.262400}>,CCCCC(=O)OCC,CCOC(C)=O,openff-2.1.0,1,0.0085798319666494,0.0453911102301512,0.114,0.0015
21483,693,dhmix_1322441082145072072,693,EnthalpyOfMixing,<Substance CCCCC(=O)OCC{solv}{x=0.279900}|CCOC(C)=O{solv}{x=0.720100}>,CCCCC(=O)OCC,CCOC(C)=O,openff-2.1.0,1,0.0366675597528356,0.0460939886391216,0.139,0.0015
21484,694,dens_1682638395920841051,694,Density,<Substance CCCCC(=O)OCC{solv}{x=0.752600}|CCOC(C)=O{solv}{x=0.247400}>,CCCCC(=O)OCC,CCOC(C)=O,openff-2.1.0,1,0.8809715882493667,0.000237329812584,0.8732900000000001,0.00012
21485,695,dhmix_2161842751879945948,695,EnthalpyOfMixing,<Substance CCCCC(=O)OCC{solv}{x=0.519800}|CCOC(C)=O{solv}{x=0.480200}>,CCCCC(=O)OCC,CCOC(C)=O,openff-2.1.0,1,0.0266191594532578,0.0431270367883388,0.154,0.002
21486,696,dhmix_419593950323214290,696,EnthalpyOfMixing,<Substance CCCCCC(C)=O{solv}{x=0.780400}|CCN(CC)CC{solv}{x=0.219600}>,CCCCCC(C)=O,CCN(CC)CC,openff-2.1.0,1,0.1809475639956801,0.0485474102297467,0.216,0.0025
21487,697,dens_651921010645567431,697,Density,<Substance CCCCCC(C)=O{solv}{x=0.259800}|CCN(CC)CC{solv}{x=0.740200}>,CCCCCC(C)=O,CCN(CC)CC,openff-2.1.0,1,0.7467011436209782,0.0002224015975047,0.7465820000000002,8.950000000000002e-05
21488,698,dens_995831511901627711,698,Density,<Substance CCCCCC(C)=O{solv}{x=0.748400}|CCN(CC)CC{solv}{x=0.251600}>,CCCCCC(C)=O,CCN(CC)CC,openff-2.1.0,1,0.7818190031783445,0.000137072878863,0.7899410000000002,0.0001055
21489,699,dhmix_1001984601109558110,699,EnthalpyOfMixing,<Substance CCCCCC(C)=O{solv}{x=0.492000}|CCN(CC)CC{solv}{x=0.508000}>,CCCCCC(C)=O,CCN(CC)CC,openff-2.1.0,1,0.1906040817361827,0.0470176141544004,0.419,0.0045
21490,700,dens_1887829851815986883,700,Density,<Substance CCCCCC(C)=O{solv}{x=0.503200}|CCN(CC)CC{solv}{x=0.496800}>,CCCCCC(C)=O,CCN(CC)CC,openff-2.1.0,1,0.7649171379819317,0.0001947314454849,0.7684760000000002,9.800000000000002e-05
21491,701,dhmix_2085744568401562111,701,EnthalpyOfMixing,<Substance CCCCCC(C)=O{solv}{x=0.293900}|CCN(CC)CC{solv}{x=0.706100}>,CCCCCC(C)=O,CCN(CC)CC,openff-2.1.0,1,0.2252519433225615,0.0473071942693066,0.412,0.0045
21492,702,dens_436049638479549968,702,Density,<Substance COC=O{solv}{x=0.472500}|ClCCCl{solv}{x=0.527500}>,COC=O,ClCCCl,openff-2.1.0,1,1.137143124822251,0.0004051902428171,1.1269600000000004,0.000285
21493,703,dens_627145458965592302,703,Density,<Substance COC=O{solv}{x=0.753000}|ClCCCl{solv}{x=0.247000}>,COC=O,ClCCCl,openff-2.1.0,1,1.071330901631561,0.0002624886925851,1.0461600000000004,0.000205
21494,704,dhmix_731680623269260416,704,EnthalpyOfMixing,<Substance COC=O{solv}{x=0.250800}|ClCCCl{solv}{x=0.749200}>,COC=O,ClCCCl,openff-2.1.0,1,0.4783060152603564,0.0287787530091001,0.0793,0.0007
21495,705,dens_1488543630772933598,705,Density,<Substance COC=O{solv}{x=0.279500}|ClCCCl{solv}{x=0.720500}>,COC=O,ClCCCl,openff-2.1.0,1,1.1739830420786836,0.0004800647298726,1.1777100000000005,0.00034
21496,706,dhmix_2170321998768851974,706,EnthalpyOfMixing,<Substance COC=O{solv}{x=0.732200}|ClCCCl{solv}{x=0.267800}>,COC=O,ClCCCl,openff-2.1.0,1,0.3837177619892307,0.0293381600872734,0.0733,0.00065
21497,707,dhmix_2249001225536869896,707,EnthalpyOfMixing,<Substance COC=O{solv}{x=0.487400}|ClCCCl{solv}{x=0.512600}>,COC=O,ClCCCl,openff-2.1.0,1,0.4955146829437495,0.0312824859003611,0.1028,0.0008
21498,708,dhmix_442816374747487477,708,EnthalpyOfMixing,<Substance NCCCNCCCN{solv}{x=0.801500}|O{solv}{x=0.198500}>,NCCCNCCCN,O,openff-2.1.0,1,-2.03492502101932,0.0563395567663649,-2.233,0.024
21499,709,dhmix_1795382205757805615,709,EnthalpyOfMixing,<Substance NCCCNCCCN{solv}{x=0.300500}|O{solv}{x=0.699500}>,NCCCNCCCN,O,openff-2.1.0,1,-4.58347605871921,0.0360914541911712,-6.588,0.07
21500,710,dhmix_1814950732748396893,710,EnthalpyOfMixing,<Substance NCCCNCCCN{solv}{x=0.499800}|O{solv}{x=0.500200}>,NCCCNCCCN,O,openff-2.1.0,1,-4.133736186598652,0.0380159608352536,-5.544,0.059
21501,711,dhmix_446869196417408130,711,EnthalpyOfMixing,<Substance NCCNCCO{solv}{x=0.770000}|O{solv}{x=0.230000}>,NCCNCCO,O,openff-2.1.0,1,-1.4665716062927885,0.0364210680636332,-1.711,0.035
21502,712,dhmix_673839467313503071,712,EnthalpyOfMixing,<Substance NCCNCCO{solv}{x=0.069900}|O{solv}{x=0.930100}>,NCCNCCO,O,openff-2.1.0,1,-0.6384754653198748,0.0206529885176799,-1.713,0.035
21503,713,dens_688094438561771555,713,Density,<Substance NCCNCCO{solv}{x=0.799700}|O{solv}{x=0.200300}>,NCCNCCO,O,openff-2.1.0,1,1.0889107109841214,0.0001570163914525,1.0318300000000002,0.00024
21504,714,dhmix_1682883323293489147,714,EnthalpyOfMixing,<Substance NCCNCCO{solv}{x=0.400100}|O{solv}{x=0.599900}>,NCCNCCO,O,openff-2.1.0,1,-1.797848997669604,0.0352435775762477,-4.15,0.0845
21505,715,dens_2045176885611624977,715,Density,<Substance NCCNCCO{solv}{x=0.070000}|O{solv}{x=0.930000}>,NCCNCCO,O,openff-2.1.0,1,1.023791253413478,0.0004493012382553,1.0222800000000003,0.000125
21506,716,dens_2280714043292214506,716,Density,<Substance NCCNCCO{solv}{x=0.399700}|O{solv}{x=0.600300}>,NCCNCCO,O,openff-2.1.0,1,1.0710645520331317,0.0004149222095452,1.0370100000000002,0.00017
21507,717,dens_448105363780466270,717,Density,<Substance CCCCCCCl{solv}{x=0.498300}|CN(C)C=O{solv}{x=0.501700}>,CCCCCCCl,CN(C)C=O,openff-2.1.0,1,0.8850695142132696,0.0002552672995544,0.8974000000000002,0.0003
21508,718,dens_1134260732394863277,718,Density,<Substance CCCCCCCl{solv}{x=0.729300}|CN(C)C=O{solv}{x=0.270700}>,CCCCCCCl,CN(C)C=O,openff-2.1.0,1,0.8755849353175623,0.0002163151815706,0.8844000000000002,0.0003
21509,719,dhmix_1150917243327149472,719,EnthalpyOfMixing,<Substance CCCCCCCl{solv}{x=0.500000}|CN(C)C=O{solv}{x=0.500000}>,CCCCCCCl,CN(C)C=O,openff-2.1.0,1,1.096064978306046,0.0317790672820575,0.847,0.004
21510,720,dhmix_1166656674614639609,720,EnthalpyOfMixing,<Substance CCCCCCCl{solv}{x=0.204000}|CN(C)C=O{solv}{x=0.796000}>,CCCCCCCl,CN(C)C=O,openff-2.1.0,1,0.7399458686556315,0.0383547523450421,0.583,0.004
21511,721,dhmix_1262474968830454367,721,EnthalpyOfMixing,<Substance CCCCCCCl{solv}{x=0.795000}|CN(C)C=O{solv}{x=0.205000}>,CCCCCCCl,CN(C)C=O,openff-2.1.0,1,0.8482297089514788,0.0326141061132254,0.542,0.0035
21512,722,dens_1862934255267356180,722,Density,<Substance CCCCCCCl{solv}{x=0.200700}|CN(C)C=O{solv}{x=0.799300}>,CCCCCCCl,CN(C)C=O,openff-2.1.0,1,0.9026588492070384,0.0002493883572321,0.9218000000000002,0.00025
21513,723,dhmix_457000181442392641,723,EnthalpyOfMixing,<Substance CCOCCO{solv}{x=0.241100}|c1ccccc1{solv}{x=0.758900}>,CCOCCO,c1ccccc1,openff-2.1.0,1,0.6385492144127625,0.0418833824124683,0.6303,0.00815
21514,724,dhmix_501726034520661035,724,EnthalpyOfMixing,<Substance CCOCCO{solv}{x=0.733600}|c1ccccc1{solv}{x=0.266400}>,CCOCCO,c1ccccc1,openff-2.1.0,1,0.4012236845787669,0.0467912130941125,0.2326,0.0033
21515,725,dens_577983044895299238,725,Density,<Substance CCOCCO{solv}{x=0.251800}|c1ccccc1{solv}{x=0.748200}>,CCOCCO,c1ccccc1,openff-2.1.0,1,0.8789199763127351,0.000245898033499,0.8849000000000002,0.00081
21516,726,dens_1506946378386070831,726,Density,<Substance CCOCCO{solv}{x=0.750800}|c1ccccc1{solv}{x=0.249200}>,CCOCCO,c1ccccc1,openff-2.1.0,1,0.9149216521854228,0.0002495759947967,0.9134500000000004,0.000685
21517,727,dhmix_1801594081157333975,727,EnthalpyOfMixing,<Substance CCOCCO{solv}{x=0.478600}|c1ccccc1{solv}{x=0.521400}>,CCOCCO,c1ccccc1,openff-2.1.0,1,0.577922820613864,0.0395859777524966,0.4912,0.00645
21518,728,dens_2128846755225827916,728,Density,<Substance CCOCCO{solv}{x=0.504800}|c1ccccc1{solv}{x=0.495200}>,CCOCCO,c1ccccc1,openff-2.1.0,1,0.8975896766569256,0.0002450621466714,0.8995700000000003,0.000745
21519,729,dhmix_466383569529620932,729,EnthalpyOfMixing,<Substance CC(=O)N(C)C{solv}{x=0.505000}|CCCCCCCl{solv}{x=0.495000}>,CC(=O)N(C)C,CCCCCCCl,openff-2.1.0,1,0.8181538149350516,0.0431877759123063,0.61,0.003
21520,730,dhmix_493694362228351572,730,EnthalpyOfMixing,<Substance CC(=O)N(C)C{solv}{x=0.798000}|CCCCCCCl{solv}{x=0.202000}>,CC(=O)N(C)C,CCCCCCCl,openff-2.1.0,1,0.588078521972327,0.0401531072521587,0.425,0.003
21521,731,dhmix_626564461179097700,731,EnthalpyOfMixing,<Substance CC(=O)N(C)C{solv}{x=0.211000}|CCCCCCCl{solv}{x=0.789000}>,CC(=O)N(C)C,CCCCCCCl,openff-2.1.0,1,0.5511682947092709,0.0472515036204214,0.38,0.003
21522,732,dens_1720641323575133011,732,Density,<Substance CC(=O)N(C)C{solv}{x=0.200300}|CCCCCCCl{solv}{x=0.799700}>,CC(=O)N(C)C,CCCCCCCl,openff-2.1.0,1,0.8718108815050468,0.000264891875752,0.8816000000000003,0.00025
21523,733,dens_1817345990638851984,733,Density,<Substance CC(=O)N(C)C{solv}{x=0.503000}|CCCCCCCl{solv}{x=0.497000}>,CC(=O)N(C)C,CCCCCCCl,openff-2.1.0,1,0.8804524597124339,0.0001508862853954,0.8975000000000002,0.00025
21524,734,dens_1885054129776339889,734,Density,<Substance CC(=O)N(C)C{solv}{x=0.699200}|CCCCCCCl{solv}{x=0.300800}>,CC(=O)N(C)C,CCCCCCCl,openff-2.1.0,1,0.8863432577618993,0.0001894630358723,0.9104000000000002,0.0002
21525,735,dens_468507243072548580,735,Density,<Substance CCC#N{solv}{x=0.701200}|CCOC(C)(C)CC{solv}{x=0.298800}>,CCC#N,CCOC(C)(C)CC,openff-2.1.0,1,0.7734398952086033,0.0002372698474587,0.7715000000000002,0.0004
21526,736,dhmix_553135124490085656,736,EnthalpyOfMixing,<Substance CCC#N{solv}{x=0.502500}|CCOC(C)(C)CC{solv}{x=0.497500}>,CCC#N,CCOC(C)(C)CC,openff-2.1.0,1,0.2865246200575981,0.0388652560812375,0.7023,0.00955
21527,737,dens_762108332272225600,737,Density,<Substance CCC#N{solv}{x=0.502500}|CCOC(C)(C)CC{solv}{x=0.497500}>,CCC#N,CCOC(C)(C)CC,openff-2.1.0,1,0.7722452428175108,0.0002356818392188,0.7683000000000001,0.00035
21528,738,dens_967634241844220739,738,Density,<Substance CCC#N{solv}{x=0.200900}|CCOC(C)(C)CC{solv}{x=0.799100}>,CCC#N,CCOC(C)(C)CC,openff-2.1.0,1,0.7690807373009821,0.0002177431247375,0.7638000000000001,0.00025
21529,739,dhmix_1961082112686431376,739,EnthalpyOfMixing,<Substance CCC#N{solv}{x=0.200900}|CCOC(C)(C)CC{solv}{x=0.799100}>,CCC#N,CCOC(C)(C)CC,openff-2.1.0,1,0.2647571185932804,0.0535296227921187,0.502,0.00685
21530,740,dhmix_2005765786246998093,740,EnthalpyOfMixing,<Substance CCC#N{solv}{x=0.701200}|CCOC(C)(C)CC{solv}{x=0.298800}>,CCC#N,CCOC(C)(C)CC,openff-2.1.0,1,0.2431816279797019,0.0273746521535887,0.5863,0.008
21531,741,dhmix_471514663464011364,741,EnthalpyOfMixing,<Substance C1CCOCC1{solv}{x=0.722000}|CCCCCO{solv}{x=0.278000}>,C1CCOCC1,CCCCCO,openff-2.1.0,1,0.9863089956247252,0.0457313543242373,0.8628,0.00745
21532,742,dens_910343796235321484,742,Density,<Substance C1CCOCC1{solv}{x=0.298700}|CCCCCO{solv}{x=0.701300}>,C1CCOCC1,CCCCCO,openff-2.1.0,1,0.8273110649594898,0.0002369901957624,0.8293300000000002,0.00034
21533,743,dens_1812069868432416079,743,Density,<Substance C1CCOCC1{solv}{x=0.800000}|CCCCCO{solv}{x=0.200000}>,C1CCOCC1,CCCCCO,openff-2.1.0,1,0.8599747254131207,0.0002345888838286,0.8635900000000002,0.000315
21534,744,dhmix_1936206883965149188,744,EnthalpyOfMixing,<Substance C1CCOCC1{solv}{x=0.526000}|CCCCCO{solv}{x=0.474000}>,C1CCOCC1,CCCCCO,openff-2.1.0,1,1.1408742160788563,0.0429934352434679,0.97,0.00615
21535,745,dhmix_1992318015190346725,745,EnthalpyOfMixing,<Substance C1CCOCC1{solv}{x=0.217000}|CCCCCO{solv}{x=0.783000}>,C1CCOCC1,CCCCCO,openff-2.1.0,1,0.6825869892745544,0.0407115617391717,0.6006,0.00455
21536,746,dens_2204330198012032768,746,Density,<Substance C1CCOCC1{solv}{x=0.499400}|CCCCCO{solv}{x=0.500600}>,C1CCOCC1,CCCCCO,openff-2.1.0,1,0.8399831548915928,0.0002233496058446,0.8425400000000002,0.00033
21537,747,dhmix_472822428299818953,747,EnthalpyOfMixing,<Substance CC(C)CC(C)(C)C{solv}{x=0.700500}|CCCCO{solv}{x=0.299500}>,CC(C)CC(C)(C)C,CCCCO,openff-2.1.0,1,0.8006927341045014,0.0503294740016753,0.6228,0.0028
21538,748,dhmix_628387028768654403,748,EnthalpyOfMixing,<Substance CC(C)CC(C)(C)C{solv}{x=0.499900}|CCCCO{solv}{x=0.500100}>,CC(C)CC(C)(C)C,CCCCO,openff-2.1.0,1,0.6919324608060862,0.0398813109282169,0.5938,0.0027
21539,749,dens_631668933678639865,749,Density,<Substance CC(C)CC(C)(C)C{solv}{x=0.200000}|CCCCO{solv}{x=0.800000}>,CC(C)CC(C)(C)C,CCCCO,openff-2.1.0,1,0.7750632262326267,0.000257711253268,0.7696800000000001,0.000295
21540,750,dens_1394470087977586253,750,Density,<Substance CC(C)CC(C)(C)C{solv}{x=0.500000}|CCCCO{solv}{x=0.500000}>,CC(C)CC(C)(C)C,CCCCO,openff-2.1.0,1,0.7421036817621967,0.0002111802962834,0.7294000000000002,0.000285
21541,751,dens_1809610870413503056,751,Density,<Substance CC(C)CC(C)(C)C{solv}{x=0.699900}|CCCCO{solv}{x=0.300100}>,CC(C)CC(C)(C)C,CCCCO,openff-2.1.0,1,0.7260023404650904,0.0002281545156844,0.7097700000000001,0.000285
21542,752,dhmix_2302589146189152767,752,EnthalpyOfMixing,<Substance CC(C)CC(C)(C)C{solv}{x=0.200200}|CCCCO{solv}{x=0.799800}>,CC(C)CC(C)(C)C,CCCCO,openff-2.1.0,1,0.4940272204259486,0.0451401118602616,0.27646,0.003235
21543,753,dens_486902622078179007,753,Density,<Substance COC=O{solv}{x=0.494600}|CO{solv}{x=0.505400}>,CO,COC=O,openff-2.1.0,1,0.9095565450279652,0.0003829922775011,0.8956100000000002,7.500000000000002e-05
21544,754,dens_750646162221180186,754,Density,<Substance COC=O{solv}{x=0.083300}|CO{solv}{x=0.916700}>,CO,COC=O,openff-2.1.0,1,0.7960832402306912,0.000392642346454,0.8088000000000002,9.000000000000002e-05
21545,755,dhmix_1113631207235753369,755,EnthalpyOfMixing,<Substance COC=O{solv}{x=0.717800}|CO{solv}{x=0.282200}>,CO,COC=O,openff-2.1.0,1,0.6835377312677502,0.0309712235350807,1.105,0.012
21546,756,dhmix_2143911117683117531,756,EnthalpyOfMixing,<Substance COC=O{solv}{x=0.512700}|CO{solv}{x=0.487300}>,CO,COC=O,openff-2.1.0,1,0.8428563562021685,0.0317362181409564,1.179,0.0125
21547,757,dens_2148324189014877510,757,Density,<Substance COC=O{solv}{x=0.727100}|CO{solv}{x=0.272900}>,CO,COC=O,openff-2.1.0,1,0.9565878819110302,0.0003123147402448,0.9321000000000004,8.000000000000002e-05
21548,758,dhmix_2205254965267695203,758,EnthalpyOfMixing,<Substance COC=O{solv}{x=0.083300}|CO{solv}{x=0.916700}>,CO,COC=O,openff-2.1.0,1,0.2835884264358235,0.0322723018771502,0.311,0.0035
21549,759,dhmix_497300242003673148,759,EnthalpyOfMixing,<Substance BrCCBr{solv}{x=0.284100}|CCCCOC(=O)CCC{solv}{x=0.715900}>,BrCCBr,CCCCOC(=O)CCC,openff-2.1.0,1,-0.5142278419981423,0.052073671880367,-0.054,0.001
21550,760,dhmix_712261179736749495,760,EnthalpyOfMixing,<Substance BrCCBr{solv}{x=0.515300}|CCCCOC(=O)CCC{solv}{x=0.484700}>,BrCCBr,CCCCOC(=O)CCC,openff-2.1.0,1,-0.6776530684429929,0.0438675763382351,-0.027,0.0005
21551,761,dens_846614854165535724,761,Density,<Substance BrCCBr{solv}{x=0.212900}|CCCCOC(=O)CCC{solv}{x=0.787100}>,BrCCBr,CCCCOC(=O)CCC,openff-2.1.0,1,1.025033974419277,0.000214452647386,1.0245500000000003,0.00013
21552,762,dens_1085110183353279404,762,Density,<Substance BrCCBr{solv}{x=0.730000}|CCCCOC(=O)CCC{solv}{x=0.270000}>,BrCCBr,CCCCOC(=O)CCC,openff-2.1.0,1,1.6136602076847069,0.0004556827278542,1.6231500000000003,0.000405
21553,763,dhmix_2153957437015117204,763,EnthalpyOfMixing,<Substance BrCCBr{solv}{x=0.763900}|CCCCOC(=O)CCC{solv}{x=0.236100}>,BrCCBr,CCCCOC(=O)CCC,openff-2.1.0,1,-0.4181220470300246,0.0381365054710668,0.051,0.001
21554,764,dens_2242615301342819560,764,Density,<Substance BrCCBr{solv}{x=0.449300}|CCCCOC(=O)CCC{solv}{x=0.550700}>,BrCCBr,CCCCOC(=O)CCC,openff-2.1.0,1,1.2488760122490237,0.0002935468016588,1.2506100000000002,0.000225
21555,765,dens_501060706627477242,765,Density,<Substance OC1=NCCC1{solv}{x=0.500000}|O{solv}{x=0.500000}>,O,OC1=NCCC1,openff-2.1.0,1,1.054681279835221,0.0002824689124889,1.0977070000000004,0.0005555
21556,766,dens_929065521104254808,766,Density,<Substance OC1=NCCC1{solv}{x=0.744800}|O{solv}{x=0.255200}>,O,OC1=NCCC1,openff-2.1.0,1,1.0638823893418383,0.0002758870180425,1.1044310000000004,0.000577
21557,767,dhmix_1128968771311392860,767,EnthalpyOfMixing,<Substance OC1=NCCC1{solv}{x=0.769300}|O{solv}{x=0.230700}>,O,OC1=NCCC1,openff-2.1.0,1,0.9239649345534672,0.0408349113548679,-0.678,0.1695
21558,768,dens_1192491633684345401,768,Density,<Substance OC1=NCCC1{solv}{x=0.246800}|O{solv}{x=0.753200}>,O,OC1=NCCC1,openff-2.1.0,1,1.0348496913684102,0.0003450064664901,1.077068,0.0004905
21559,769,dhmix_1775375132531538271,769,EnthalpyOfMixing,<Substance OC1=NCCC1{solv}{x=0.478300}|O{solv}{x=0.521700}>,O,OC1=NCCC1,openff-2.1.0,1,0.8185443858256605,0.0303652963621995,-0.8384,0.20965
21560,770,dhmix_1895825007089845103,770,EnthalpyOfMixing,<Substance OC1=NCCC1{solv}{x=0.231900}|O{solv}{x=0.768100}>,O,OC1=NCCC1,openff-2.1.0,1,0.7201175951297571,0.0226104971433162,-0.5238,0.13095
21561,771,dens_502738970558558534,771,Density,<Substance BrCCBr{solv}{x=0.749000}|COC=O{solv}{x=0.251000}>,BrCCBr,COC=O,openff-2.1.0,1,1.9170442386088804,0.0006622046685331,1.9319600000000008,0.003535
21562,772,dhmix_523129341332875255,772,EnthalpyOfMixing,<Substance BrCCBr{solv}{x=0.059500}|COC=O{solv}{x=0.940500}>,BrCCBr,COC=O,openff-2.1.0,1,0.1383538502939351,0.0327564813620376,0.1715,0.00215
21563,773,dens_528986974844153101,773,Density,<Substance BrCCBr{solv}{x=0.059800}|COC=O{solv}{x=0.940200}>,BrCCBr,COC=O,openff-2.1.0,1,1.0990888521364222,0.0003639585428012,1.06428,0.00056
21564,774,dhmix_1521152703631810888,774,EnthalpyOfMixing,<Substance BrCCBr{solv}{x=0.757400}|COC=O{solv}{x=0.242600}>,BrCCBr,COC=O,openff-2.1.0,1,0.2826949016179689,0.0298296982638232,0.653,0.00585
21565,775,dhmix_1685647138770344206,775,EnthalpyOfMixing,<Substance BrCCBr{solv}{x=0.528100}|COC=O{solv}{x=0.471900}>,BrCCBr,COC=O,openff-2.1.0,1,0.4327988613270168,0.0315581981371951,0.8123,0.00705
21566,776,dens_1945150067923572864,776,Density,<Substance BrCCBr{solv}{x=0.501500}|COC=O{solv}{x=0.498500}>,BrCCBr,COC=O,openff-2.1.0,1,1.6727938560036095,0.0005424511565509,1.6620300000000003,0.00232
21567,777,dens_511283508189056955,777,Density,<Substance CCO{solv}{x=0.291400}|CN(C)CCO{solv}{x=0.708600}>,CCO,CN(C)CCO,openff-2.1.0,1,0.8789286249460174,0.0002169762983461,0.8710100000000002,0.000165
21568,778,dhmix_1055456388735168345,778,EnthalpyOfMixing,<Substance CCO{solv}{x=0.508400}|CN(C)CCO{solv}{x=0.491600}>,CCO,CN(C)CCO,openff-2.1.0,1,-0.5556171102752501,0.041976749722626,-0.4044,0.0044
21569,779,dens_1119930253414624267,779,Density,<Substance CCO{solv}{x=0.699500}|CN(C)CCO{solv}{x=0.300500}>,CCO,CN(C)CCO,openff-2.1.0,1,0.8390091861890556,0.0002847309119331,0.8345000000000002,0.000135
21570,780,dhmix_1132835222292135012,780,EnthalpyOfMixing,<Substance CCO{solv}{x=0.268600}|CN(C)CCO{solv}{x=0.731400}>,CCO,CN(C)CCO,openff-2.1.0,1,-0.3564205766816002,0.0377874728179679,-0.2783,0.0031
21571,781,dens_1964926738263319597,781,Density,<Substance CCO{solv}{x=0.494900}|CN(C)CCO{solv}{x=0.505100}>,CCO,CN(C)CCO,openff-2.1.0,1,0.8616489446002564,0.0002120407328413,0.8566200000000002,0.00015
21572,782,dhmix_2011138895468245368,782,EnthalpyOfMixing,<Substance CCO{solv}{x=0.733500}|CN(C)CCO{solv}{x=0.266500}>,CCO,CN(C)CCO,openff-2.1.0,1,-0.528527459580161,0.0305275331403092,-0.3657,0.004
21573,783,dhmix_517287783481256565,783,EnthalpyOfMixing,<Substance CN(C)C=O{solv}{x=0.701000}|ClCCCCCl{solv}{x=0.299000}>,CN(C)C=O,ClCCCCCl,openff-2.1.0,1,0.4988678077231938,0.0424519790432837,-0.052,0.002
21574,784,dens_765057686797526715,784,Density,<Substance CN(C)C=O{solv}{x=0.794300}|ClCCCCCl{solv}{x=0.205700}>,CN(C)C=O,ClCCCCCl,openff-2.1.0,1,0.9737145443275054,0.0002837337900114,0.9934000000000002,0.00245
21575,785,dens_1092490027864410415,785,Density,<Substance CN(C)C=O{solv}{x=0.502200}|ClCCCCCl{solv}{x=0.497800}>,CN(C)C=O,ClCCCCCl,openff-2.1.0,1,1.0391918940008271,0.0002875091265209,1.0524000000000004,0.0022
21576,786,dens_1571926938169630329,786,Density,<Substance CN(C)C=O{solv}{x=0.299400}|ClCCCCCl{solv}{x=0.700600}>,CN(C)C=O,ClCCCCCl,openff-2.1.0,1,1.0774300319539505,0.0002578800591024,1.0879000000000003,0.0021
21577,787,dhmix_1989422051580285053,787,EnthalpyOfMixing,<Substance CN(C)C=O{solv}{x=0.501000}|ClCCCCCl{solv}{x=0.499000}>,CN(C)C=O,ClCCCCCl,openff-2.1.0,1,0.5185410540755839,0.0377338657615278,-0.056,0.002
21578,788,dhmix_2190775305913174779,788,EnthalpyOfMixing,<Substance CN(C)C=O{solv}{x=0.204000}|ClCCCCCl{solv}{x=0.796000}>,CN(C)C=O,ClCCCCCl,openff-2.1.0,1,0.2803738634948587,0.0396180542139032,-0.039,0.002
21579,789,dens_518199256039095036,789,Density,<Substance CCCCO{solv}{x=0.496400}|NCCN{solv}{x=0.503600}>,CCCCO,NCCN,openff-2.1.0,1,0.894259025221623,0.0002110769465683,0.8519430000000002,0.000219
21580,790,dens_866492593379488722,790,Density,<Substance CCCCO{solv}{x=0.739800}|NCCN{solv}{x=0.260200}>,CCCCO,NCCN,openff-2.1.0,1,0.8468781844087508,0.0002341455012693,0.8325090000000002,0.000221
21581,791,dens_2064365769538781360,791,Density,<Substance CCCCO{solv}{x=0.291900}|NCCN{solv}{x=0.708100}>,CCCCO,NCCN,openff-2.1.0,1,0.943323051668593,0.0002428417079762,0.8676960000000002,0.0002205
21582,792,dens_520201021244222151,792,Density,<Substance O=C1CCCO1{solv}{x=0.300000}|O{solv}{x=0.700000}>,O,O=C1CCCO1,openff-2.1.0,1,1.0602649334321634,0.0002679610690137,1.0886000000000002,0.0001
21583,793,dens_2198925124601089428,793,Density,<Substance O=C1CCCO1{solv}{x=0.500000}|O{solv}{x=0.500000}>,O,O=C1CCCO1,openff-2.1.0,1,1.082543524506001,0.000347862208496,1.1059000000000003,0.0001
21584,794,dens_2272207838075726438,794,Density,<Substance O=C1CCCO1{solv}{x=0.800000}|O{solv}{x=0.200000}>,O,O=C1CCCO1,openff-2.1.0,1,1.0997740782599894,0.0002380503771991,1.1182000000000003,0.0001
21585,795,dhmix_524376395520217080,795,EnthalpyOfMixing,<Substance CC(C)CC(C)(C)C{solv}{x=0.440700}|CCCC(=O)OC{solv}{x=0.559300}>,CC(C)CC(C)(C)C,CCCC(=O)OC,openff-2.1.0,1,1.512304438078985,0.0499613956189869,1.053,0.0115
21586,796,dens_581090592491592243,796,Density,<Substance CC(C)CC(C)(C)C{solv}{x=0.298100}|CCCC(=O)OC{solv}{x=0.701900}>,CC(C)CC(C)(C)C,CCCC(=O)OC,openff-2.1.0,1,0.822057210066004,0.0002039462263743,0.8119000000000002,0.000505
21587,797,dens_1497434747823371430,797,Density,<Substance CC(C)CC(C)(C)C{solv}{x=0.724300}|CCCC(=O)OC{solv}{x=0.275700}>,CC(C)CC(C)(C)C,CCCC(=O)OC,openff-2.1.0,1,0.745222743973195,0.0001367411273575,0.7279000000000001,0.000505
21588,798,dhmix_1614087501371550297,798,EnthalpyOfMixing,<Substance CC(C)CC(C)(C)C{solv}{x=0.762900}|CCCC(=O)OC{solv}{x=0.237100}>,CC(C)CC(C)(C)C,CCCC(=O)OC,openff-2.1.0,1,1.246571978242386,0.0480883033064364,0.789,0.0085
21589,799,dens_1842979547629422953,799,Density,<Substance CC(C)CC(C)(C)C{solv}{x=0.441000}|CCCC(=O)OC{solv}{x=0.559000}>,CC(C)CC(C)(C)C,CCCC(=O)OC,openff-2.1.0,1,0.792958498739733,0.0002157501170204,0.7803000000000001,0.000505
21590,800,dhmix_2246911102339588209,800,EnthalpyOfMixing,<Substance CC(C)CC(C)(C)C{solv}{x=0.298200}|CCCC(=O)OC{solv}{x=0.701800}>,CC(C)CC(C)(C)C,CCCC(=O)OC,openff-2.1.0,1,1.3238772815083166,0.0432458480799616,0.884,0.0095
21591,801,dhmix_536798507677319129,801,EnthalpyOfMixing,<Substance C1COCO1{solv}{x=0.267900}|Cc1ccccc1Cl{solv}{x=0.732100}>,C1COCO1,Cc1ccccc1Cl,openff-2.1.0,1,0.2898464531097602,0.0411865409486065,0.272,0.0015
21592,802,dens_559535483529614058,802,Density,<Substance C1COCO1{solv}{x=0.726600}|Cc1ccccc1Cl{solv}{x=0.273400}>,C1COCO1,Cc1ccccc1Cl,openff-2.1.0,1,1.0949608440039138,0.0003032338491277,1.0652000000000004,0.0005
21593,803,dens_731520844601672570,803,Density,<Substance C1COCO1{solv}{x=0.268500}|Cc1ccccc1Cl{solv}{x=0.731500}>,C1COCO1,Cc1ccccc1Cl,openff-2.1.0,1,1.0739952681819918,0.0002936549436996,1.0630000000000002,0.0005
21594,804,dens_839907656840905053,804,Density,<Substance C1COCO1{solv}{x=0.516900}|Cc1ccccc1Cl{solv}{x=0.483100}>,C1COCO1,Cc1ccccc1Cl,openff-2.1.0,1,1.089395741029446,0.0002796633171927,1.0694000000000004,0.0005
21595,805,dhmix_1308085019204784636,805,EnthalpyOfMixing,<Substance C1COCO1{solv}{x=0.500900}|Cc1ccccc1Cl{solv}{x=0.499100}>,C1COCO1,Cc1ccccc1Cl,openff-2.1.0,1,0.386404798887483,0.0395199665369171,0.393,0.002
21596,806,dhmix_1924685013370154802,806,EnthalpyOfMixing,<Substance C1COCO1{solv}{x=0.760400}|Cc1ccccc1Cl{solv}{x=0.239600}>,C1COCO1,Cc1ccccc1Cl,openff-2.1.0,1,0.2703531980302927,0.0383544574834049,0.313,0.0015
21597,807,dhmix_549919019055097043,807,EnthalpyOfMixing,<Substance C1CCCCC1{solv}{x=0.799100}|CC(C)O{solv}{x=0.200900}>,C1CCCCC1,CC(C)O,openff-2.1.0,1,0.7204153300290557,0.0422237912244701,0.702,0.017
21598,808,dhmix_1101575580592240663,808,EnthalpyOfMixing,<Substance C1CCCCC1{solv}{x=0.199500}|CC(C)O{solv}{x=0.800500}>,C1CCCCC1,CC(C)O,openff-2.1.0,1,0.4665796599287306,0.0382931542628481,0.438,0.011
21599,809,dhmix_1262965345724899699,809,EnthalpyOfMixing,<Substance C1CCCCC1{solv}{x=0.498400}|CC(C)O{solv}{x=0.501600}>,C1CCCCC1,CC(C)O,openff-2.1.0,1,0.9128397255172872,0.0412717010611643,0.801,0.0195
21600,810,dens_1431184569437551541,810,Density,<Substance C1CCCCC1{solv}{x=0.705800}|CC(C)O{solv}{x=0.294200}>,C1CCCCC1,CC(C)O,openff-2.1.0,1,0.7637073546950823,0.000255804057289,0.7711100000000002,0.000245
21601,811,dens_2097249982689376165,811,Density,<Substance C1CCCCC1{solv}{x=0.200000}|CC(C)O{solv}{x=0.800000}>,C1CCCCC1,CC(C)O,openff-2.1.0,1,0.7889909239979214,0.0002797293005355,0.7761000000000002,0.0003
21602,812,dens_2130071224188444793,812,Density,<Substance C1CCCCC1{solv}{x=0.503900}|CC(C)O{solv}{x=0.496100}>,C1CCCCC1,CC(C)O,openff-2.1.0,1,0.7716909149589692,0.0002515687538508,0.7719000000000001,0.0003
21603,813,dens_562489367284385084,813,Density,<Substance CCCCC(=O)OC{solv}{x=0.251100}|COC(C)=O{solv}{x=0.748900}>,CCCCC(=O)OC,COC(C)=O,openff-2.1.0,1,0.9207750742017669,0.0002568647471889,0.9105300000000002,0.000505
21604,814,dhmix_814771684244180933,814,EnthalpyOfMixing,<Substance CCCCC(=O)OC{solv}{x=0.733900}|COC(C)=O{solv}{x=0.266100}>,CCCCC(=O)OC,COC(C)=O,openff-2.1.0,1,0.07897531549485,0.0480544079527386,0.178,0.002
21605,815,dhmix_915202362324204655,815,EnthalpyOfMixing,<Substance CCCCC(=O)OC{solv}{x=0.505500}|COC(C)=O{solv}{x=0.494500}>,CCCCC(=O)OC,COC(C)=O,openff-2.1.0,1,0.1456099311468257,0.0457621296933966,0.238,0.0025
21606,816,dhmix_935892165648195197,816,EnthalpyOfMixing,<Substance CCCCC(=O)OC{solv}{x=0.234700}|COC(C)=O{solv}{x=0.765300}>,CCCCC(=O)OC,COC(C)=O,openff-2.1.0,1,0.1055969564910483,0.0355320336670274,0.173,0.002
21607,817,dens_961692445804333991,817,Density,<Substance CCCCC(=O)OC{solv}{x=0.738300}|COC(C)=O{solv}{x=0.261700}>,CCCCC(=O)OC,COC(C)=O,openff-2.1.0,1,0.8967916501400308,0.0001500907001328,0.8914700000000002,0.000505
21608,818,dens_1493380961688632529,818,Density,<Substance CCCCC(=O)OC{solv}{x=0.493500}|COC(C)=O{solv}{x=0.506500}>,CCCCC(=O)OC,COC(C)=O,openff-2.1.0,1,0.9071946417016666,0.0002288800079901,0.8996200000000002,0.000505
21609,819,dhmix_563342363018905515,819,EnthalpyOfMixing,<Substance CCOC(=O)CC(C)=O{solv}{x=0.751400}|O{solv}{x=0.248600}>,CCOC(=O)CC(C)=O,O,openff-2.1.0,1,0.7420974526796726,0.0387982033170367,1.128,0.012
21610,820,dhmix_1385095028103136291,820,EnthalpyOfMixing,<Substance CCOC(=O)CC(C)=O{solv}{x=0.449100}|O{solv}{x=0.550900}>,CCOC(=O)CC(C)=O,O,openff-2.1.0,1,0.5950654578600449,0.0329627696044267,0.684,0.0075
21611,821,dhmix_1609967394780907654,821,EnthalpyOfMixing,<Substance CCOC(=O)CC(C)=O{solv}{x=0.299400}|O{solv}{x=0.700600}>,CCOC(=O)CC(C)=O,O,openff-2.1.0,1,0.4417522295833436,0.0270731629710787,0.428,0.005
21612,822,dhmix_566259260175961973,822,EnthalpyOfMixing,<Substance CCCCO{solv}{x=0.144700}|OC1=NCCC1{solv}{x=0.855300}>,CCCCO,OC1=NCCC1,openff-2.1.0,1,0.5924356631816465,0.041788553204254,0.0949,0.0012
21613,823,dens_1146983614802652988,823,Density,<Substance CCCCO{solv}{x=0.500400}|OC1=NCCC1{solv}{x=0.499600}>,CCCCO,OC1=NCCC1,openff-2.1.0,1,0.9317821189514246,0.0002184070040171,0.94503,0.00015
21614,824,dhmix_1601732489230179724,824,EnthalpyOfMixing,<Substance CCCCO{solv}{x=0.497800}|OC1=NCCC1{solv}{x=0.502200}>,CCCCO,OC1=NCCC1,openff-2.1.0,1,1.4307125694885876,0.0317645359678936,0.2326,0.0026
21615,825,dhmix_1661138478850718837,825,EnthalpyOfMixing,<Substance CCCCO{solv}{x=0.754800}|OC1=NCCC1{solv}{x=0.245200}>,CCCCO,OC1=NCCC1,openff-2.1.0,1,1.1021706982359278,0.0433881091296014,0.2356,0.00265
21616,826,dens_1878955695276199878,826,Density,<Substance CCCCO{solv}{x=0.144600}|OC1=NCCC1{solv}{x=0.855400}>,CCCCO,OC1=NCCC1,openff-2.1.0,1,1.027664760678711,0.0002589018640862,1.0575900000000005,0.000205
21617,827,dens_2101998760005952263,827,Density,<Substance CCCCO{solv}{x=0.755500}|OC1=NCCC1{solv}{x=0.244500}>,CCCCO,OC1=NCCC1,openff-2.1.0,1,0.8653475610956106,0.0002085187558366,0.8711500000000002,0.000185
21618,828,dhmix_569012254773025696,828,EnthalpyOfMixing,<Substance CC(C)(C)O{solv}{x=0.505700}|OC1=NCCC1{solv}{x=0.494300}>,CC(C)(C)O,OC1=NCCC1,openff-2.1.0,1,1.715929576216709,0.0400721877997077,0.4323,0.0047
21619,829,dens_992979807705536615,829,Density,<Substance CC(C)(C)O{solv}{x=0.751100}|OC1=NCCC1{solv}{x=0.248900}>,CC(C)(C)O,OC1=NCCC1,openff-2.1.0,1,0.8749206628581021,0.0004312327147629,0.8505700000000003,0.000215
21620,830,dens_1020722913861580636,830,Density,<Substance CC(C)(C)O{solv}{x=0.499700}|OC1=NCCC1{solv}{x=0.500300}>,CC(C)(C)O,OC1=NCCC1,openff-2.1.0,1,0.935658604807344,0.0002976482547218,0.9282800000000002,0.00018
21621,831,dhmix_1408261346335628114,831,EnthalpyOfMixing,<Substance CC(C)(C)O{solv}{x=0.744900}|OC1=NCCC1{solv}{x=0.255100}>,CC(C)(C)O,OC1=NCCC1,openff-2.1.0,1,1.7663767460223383,0.0396315951577612,0.3774,0.00415
21622,832,dhmix_1466823939183874689,832,EnthalpyOfMixing,<Substance CC(C)(C)O{solv}{x=0.257800}|OC1=NCCC1{solv}{x=0.742200}>,CC(C)(C)O,OC1=NCCC1,openff-2.1.0,1,0.9547709269456846,0.0381608554742925,0.2874,0.0032
21623,833,dens_1768273433543243004,833,Density,<Substance CC(C)(C)O{solv}{x=0.276400}|OC1=NCCC1{solv}{x=0.723600}>,CC(C)(C)O,OC1=NCCC1,openff-2.1.0,1,0.9940263563288886,0.0002811434583431,1.0036300000000002,0.000155
21624,834,dens_571827819113574480,834,Density,<Substance CC(C)OC(C)C{solv}{x=0.700400}|Cc1ccccc1{solv}{x=0.299600}>,CC(C)OC(C)C,Cc1ccccc1,openff-2.1.0,1,0.7705724565317784,0.0002358731038294,0.7573100000000001,0.000155
21625,835,dhmix_686402805609192969,835,EnthalpyOfMixing,<Substance CC(C)OC(C)C{solv}{x=0.228000}|Cc1ccccc1{solv}{x=0.772000}>,CC(C)OC(C)C,Cc1ccccc1,openff-2.1.0,1,-0.1968275806459587,0.036979334469289,0.0593,0.00515
21626,836,dhmix_1045652173440309018,836,EnthalpyOfMixing,<Substance CC(C)OC(C)C{solv}{x=0.752000}|Cc1ccccc1{solv}{x=0.248000}>,CC(C)OC(C)C,Cc1ccccc1,openff-2.1.0,1,-0.0937642828483475,0.0484128265065168,-0.0091,0.00505
21627,837,dhmix_1690461453403165745,837,EnthalpyOfMixing,<Substance CC(C)OC(C)C{solv}{x=0.455000}|Cc1ccccc1{solv}{x=0.545000}>,CC(C)OC(C)C,Cc1ccccc1,openff-2.1.0,1,-0.1704961666851829,0.0479965358993481,0.0323,0.0051
21628,838,dens_2086775654110573795,838,Density,<Substance CC(C)OC(C)C{solv}{x=0.200400}|Cc1ccccc1{solv}{x=0.799600}>,CC(C)OC(C)C,Cc1ccccc1,openff-2.1.0,1,0.8265210979954308,0.0002180112154339,0.8299700000000002,0.00014
21629,839,dens_2167043968237201720,839,Density,<Substance CC(C)OC(C)C{solv}{x=0.500300}|Cc1ccccc1{solv}{x=0.499700}>,CC(C)OC(C)C,Cc1ccccc1,openff-2.1.0,1,0.7921898160963446,0.0002367590662584,0.7849200000000002,0.000155
21630,840,dhmix_578047845607378963,840,EnthalpyOfMixing,<Substance CN1CCCC1=O{solv}{x=0.635900}|c1ccncc1{solv}{x=0.364100}>,CN1CCCC1=O,c1ccncc1,openff-2.1.0,1,-0.3328487478087751,0.0402519818861746,-0.4013,0.10035
21631,841,dhmix_625120262301063359,841,EnthalpyOfMixing,<Substance CN1CCCC1=O{solv}{x=0.231200}|c1ccncc1{solv}{x=0.768800}>,CN1CCCC1=O,c1ccncc1,openff-2.1.0,1,-0.3051247532175285,0.039073220925526,-0.3157,0.07895
21632,842,dens_1059919274311274879,842,Density,<Substance CN1CCCC1=O{solv}{x=0.521500}|c1ccncc1{solv}{x=0.478500}>,CN1CCCC1=O,c1ccncc1,openff-2.1.0,1,0.994403714695822,0.0002577361015164,1.0158200000000004,0.00051
21633,843,dens_1445187430653020908,843,Density,<Substance CN1CCCC1=O{solv}{x=0.234800}|c1ccncc1{solv}{x=0.765200}>,CN1CCCC1=O,c1ccncc1,openff-2.1.0,1,0.9880988661112802,0.0002625485862276,0.9983500000000004,0.00051
21634,844,dhmix_1933003504821603087,844,EnthalpyOfMixing,<Substance CN1CCCC1=O{solv}{x=0.499500}|c1ccncc1{solv}{x=0.500500}>,CN1CCCC1=O,c1ccncc1,openff-2.1.0,1,-0.3985759379718327,0.0361405504123981,-0.4356,0.1089
21635,845,dens_2199047009222847682,845,Density,<Substance CN1CCCC1=O{solv}{x=0.636400}|c1ccncc1{solv}{x=0.363600}>,CN1CCCC1=O,c1ccncc1,openff-2.1.0,1,0.9962041750051788,0.0002279619150922,1.0207400000000002,0.00051
21636,846,dens_586351122522837789,846,Density,<Substance c1cc[nH]c1{solv}{x=0.820700}|c1ccccc1{solv}{x=0.179300}>,c1cc[nH]c1,c1ccccc1,openff-2.1.0,1,0.9537638019824366,0.0003044285442066,0.9503300000000002,0.000195
21637,847,dhmix_1101447260293284221,847,EnthalpyOfMixing,<Substance c1cc[nH]c1{solv}{x=0.494000}|c1ccccc1{solv}{x=0.506000}>,c1cc[nH]c1,c1ccccc1,openff-2.1.0,1,0.5409887068914401,0.036774830659503,0.609,0.00395
21638,848,dens_1366042600317618213,848,Density,<Substance c1cc[nH]c1{solv}{x=0.503000}|c1ccccc1{solv}{x=0.497000}>,c1cc[nH]c1,c1ccccc1,openff-2.1.0,1,0.9134222328222944,0.0002872249514836,0.9220400000000002,0.00019
21639,849,dens_2042223650153961549,849,Density,<Substance c1cc[nH]c1{solv}{x=0.314200}|c1ccccc1{solv}{x=0.685800}>,c1cc[nH]c1,c1ccccc1,openff-2.1.0,1,0.8923848268991134,0.0002587053490484,0.9043500000000002,0.000195
21640,850,dhmix_2080652523589171296,850,EnthalpyOfMixing,<Substance c1cc[nH]c1{solv}{x=0.820800}|c1ccccc1{solv}{x=0.179200}>,c1cc[nH]c1,c1ccccc1,openff-2.1.0,1,0.3420959813738875,0.0356217737313752,0.3441,0.00245
21641,851,dhmix_2101365800313583195,851,EnthalpyOfMixing,<Substance c1cc[nH]c1{solv}{x=0.314000}|c1ccccc1{solv}{x=0.686000}>,c1cc[nH]c1,c1ccccc1,openff-2.1.0,1,0.6077710705829844,0.0357473052809435,0.5893,0.00385
21642,852,dens_592296207180530796,852,Density,<Substance C1CCNCC1{solv}{x=0.250000}|O{solv}{x=0.750000}>,C1CCNCC1,O,openff-2.1.0,1,0.9118218741571272,0.0003596376126863,0.9379600000000002,0.000185
21643,853,dhmix_598563182385523239,853,EnthalpyOfMixing,<Substance C1CCNCC1{solv}{x=0.750000}|O{solv}{x=0.250000}>,C1CCNCC1,O,openff-2.1.0,1,-0.7634455127850472,0.0406813433964682,-1.4628,0.02995
21644,854,dens_1144696340343060729,854,Density,<Substance C1CCNCC1{solv}{x=0.500000}|O{solv}{x=0.500000}>,C1CCNCC1,O,openff-2.1.0,1,0.8896221835139152,0.0002195468255317,0.90329,0.000235
21645,855,dens_1551117370864361960,855,Density,<Substance C1CCNCC1{solv}{x=0.750000}|O{solv}{x=0.250000}>,C1CCNCC1,O,openff-2.1.0,1,0.8776475339217137,0.0002065403856391,0.8771300000000002,0.000285
21646,856,dhmix_2023343497633678069,856,EnthalpyOfMixing,<Substance C1CCNCC1{solv}{x=0.500000}|O{solv}{x=0.500000}>,C1CCNCC1,O,openff-2.1.0,1,-1.0902736537202138,0.0341161675045114,-2.1379,0.04355
21647,857,dhmix_2169709193905404129,857,EnthalpyOfMixing,<Substance C1CCNCC1{solv}{x=0.250000}|O{solv}{x=0.750000}>,C1CCNCC1,O,openff-2.1.0,1,-0.572629820947224,0.0280632201739097,-1.9642,0.04065
21648,858,dhmix_597694390671293228,858,EnthalpyOfMixing,<Substance C1CCCCC1{solv}{x=0.495000}|c1cc[nH]c1{solv}{x=0.505000}>,C1CCCCC1,c1cc[nH]c1,openff-2.1.0,1,1.6177287058325476,0.0373451123617354,1.4275,0.00895
21649,859,dens_1402964712081643759,859,Density,<Substance C1CCCCC1{solv}{x=0.281700}|c1cc[nH]c1{solv}{x=0.718300}>,C1CCCCC1,c1cc[nH]c1,openff-2.1.0,1,0.8880626533751497,0.0002984722434901,0.9082800000000002,0.00023
21650,860,dens_1463337814181203578,860,Density,<Substance C1CCCCC1{solv}{x=0.925100}|c1cc[nH]c1{solv}{x=0.074900}>,C1CCCCC1,c1cc[nH]c1,openff-2.1.0,1,0.7665882873014103,0.0001924827745524,0.7860300000000001,0.00026
21651,861,dens_1586039458655447443,861,Density,<Substance C1CCCCC1{solv}{x=0.494200}|c1cc[nH]c1{solv}{x=0.505800}>,C1CCCCC1,c1cc[nH]c1,openff-2.1.0,1,0.8374673137230375,0.0002682427706843,0.8661300000000002,0.000235
21652,862,dhmix_1650717903260721901,862,EnthalpyOfMixing,<Substance C1CCCCC1{solv}{x=0.924800}|c1cc[nH]c1{solv}{x=0.075200}>,C1CCCCC1,c1cc[nH]c1,openff-2.1.0,1,0.821381207943702,0.0423545048956761,0.7315,0.00535
21653,863,dhmix_1709124910710738018,863,EnthalpyOfMixing,<Substance C1CCCCC1{solv}{x=0.281800}|c1cc[nH]c1{solv}{x=0.718200}>,C1CCCCC1,c1cc[nH]c1,openff-2.1.0,1,1.411964506342244,0.0317280317635274,1.245,0.00795
21654,864,dhmix_602003453564252918,864,EnthalpyOfMixing,<Substance COc1ccccc1{solv}{x=0.767000}|OCCc1ccccc1{solv}{x=0.233000}>,COc1ccccc1,OCCc1ccccc1,openff-2.1.0,1,0.8804656118053131,0.0445528294215753,1.1154,0.01195
21655,865,dhmix_831666159864093343,865,EnthalpyOfMixing,<Substance COc1ccccc1{solv}{x=0.267800}|OCCc1ccccc1{solv}{x=0.732200}>,COc1ccccc1,OCCc1ccccc1,openff-2.1.0,1,0.5477193431794092,0.0446318866978009,0.688,0.00745
21656,866,dhmix_1415130215717622630,866,EnthalpyOfMixing,<Substance COc1ccccc1{solv}{x=0.523200}|OCCc1ccccc1{solv}{x=0.476800}>,COc1ccccc1,OCCc1ccccc1,openff-2.1.0,1,1.0153264285219803,0.0510485922680352,1.0457,0.0112
21657,867,dens_2018050376435813399,867,Density,<Substance COc1ccccc1{solv}{x=0.767300}|OCCc1ccccc1{solv}{x=0.232700}>,COc1ccccc1,OCCc1ccccc1,openff-2.1.0,1,0.9788533748155982,0.0001850223060229,0.9869000000000002,0.00026
21658,868,dens_2083067547090229321,868,Density,<Substance COc1ccccc1{solv}{x=0.524500}|OCCc1ccccc1{solv}{x=0.475500}>,COc1ccccc1,OCCc1ccccc1,openff-2.1.0,1,0.987934309015874,0.0002072792539182,0.9943600000000002,0.00026
21659,869,dens_2108796896152795987,869,Density,<Substance COc1ccccc1{solv}{x=0.212100}|OCCc1ccccc1{solv}{x=0.787900}>,COc1ccccc1,OCCc1ccccc1,openff-2.1.0,1,0.9983571443304186,0.0002003816609118,1.0032600000000005,0.00026
21660,870,dhmix_607389561715885318,870,EnthalpyOfMixing,<Substance CC(C)O{solv}{x=0.750600}|CCOC(=O)CC(=O)OCC{solv}{x=0.249400}>,CC(C)O,CCOC(=O)CC(=O)OCC,openff-2.1.0,1,1.920230713037995,0.0387618380668402,1.955,0.021
21661,871,dhmix_970997719035766241,871,EnthalpyOfMixing,<Substance CC(C)O{solv}{x=0.249200}|CCOC(=O)CC(=O)OCC{solv}{x=0.750800}>,CC(C)O,CCOC(=O)CC(=O)OCC,openff-2.1.0,1,1.359742283639008,0.0453476472682029,1.804,0.0195
21662,872,dens_1055220895195342210,872,Density,<Substance CC(C)O{solv}{x=0.700000}|CCOC(=O)CC(=O)OCC{solv}{x=0.300000}>,CC(C)O,CCOC(=O)CC(=O)OCC,openff-2.1.0,1,0.9268688896752686,0.0002777053862264,0.9013080000000002,0.000163
21663,873,dens_1059428282849222105,873,Density,<Substance CC(C)O{solv}{x=0.500100}|CCOC(=O)CC(=O)OCC{solv}{x=0.499900}>,CC(C)O,CCOC(=O)CC(=O)OCC,openff-2.1.0,1,0.9808816164350104,0.0002334046627374,0.9563730000000004,0.0001215
21664,874,dhmix_2225069850502215858,874,EnthalpyOfMixing,<Substance CC(C)O{solv}{x=0.499700}|CCOC(=O)CC(=O)OCC{solv}{x=0.500300}>,CC(C)O,CCOC(=O)CC(=O)OCC,openff-2.1.0,1,2.2089582792472413,0.047974164214446,2.369,0.0255
21665,875,dens_2227064517025896927,875,Density,<Substance CC(C)O{solv}{x=0.200000}|CCOC(=O)CC(=O)OCC{solv}{x=0.800000}>,CC(C)O,CCOC(=O)CC(=O)OCC,openff-2.1.0,1,1.0396597384440958,0.0002445650946986,1.0176930000000002,0.000103
21666,876,dhmix_614525131410782877,876,EnthalpyOfMixing,<Substance CCCCCC(C)=O{solv}{x=0.491300}|CCCCNCCCC{solv}{x=0.508700}>,CCCCCC(C)=O,CCCCNCCCC,openff-2.1.0,1,-0.0742874451166386,0.0526777875698598,0.278,0.003
21667,877,dhmix_1051001364116056564,877,EnthalpyOfMixing,<Substance CCCCCC(C)=O{solv}{x=0.781100}|CCCCNCCCC{solv}{x=0.218900}>,CCCCCC(C)=O,CCCCNCCCC,openff-2.1.0,1,0.0101864465393504,0.0345381749581012,0.164,0.002
21668,878,dens_1087422962538109584,878,Density,<Substance CCCCCC(C)=O{solv}{x=0.449900}|CCCCNCCCC{solv}{x=0.550100}>,CCCCCC(C)=O,CCCCNCCCC,openff-2.1.0,1,0.7765245999591887,0.0001796243821622,0.7778490000000002,9.250000000000004e-05
21669,879,dens_1830187222448876426,879,Density,<Substance CCCCCC(C)=O{solv}{x=0.209700}|CCCCNCCCC{solv}{x=0.790300}>,CCCCCC(C)=O,CCCCNCCCC,openff-2.1.0,1,0.7673185074238453,0.0001902763474626,0.7655110000000002,8.400000000000002e-05
21670,880,dens_2113849591242853193,880,Density,<Substance CCCCCC(C)=O{solv}{x=0.750900}|CCCCNCCCC{solv}{x=0.249100}>,CCCCCC(C)=O,CCCCNCCCC,openff-2.1.0,1,0.7880657390608932,0.0001532305103827,0.7951660000000003,0.000105
21671,881,dhmix_2131918011494960609,881,EnthalpyOfMixing,<Substance CCCCCC(C)=O{solv}{x=0.294700}|CCCCNCCCC{solv}{x=0.705300}>,CCCCCC(C)=O,CCCCNCCCC,openff-2.1.0,1,-0.0437144985433803,0.0495890656881875,0.256,0.003
21672,882,dhmix_618866445574413387,882,EnthalpyOfMixing,<Substance C1CCOCC1{solv}{x=0.442500}|Cc1ccccc1C{solv}{x=0.557500}>,C1CCOCC1,Cc1ccccc1C,openff-2.1.0,1,-0.0476593261882669,0.0456344290405286,-0.0342,0.0006
21673,883,dens_643927890193937545,883,Density,<Substance C1CCOCC1{solv}{x=0.518700}|Cc1ccccc1C{solv}{x=0.481300}>,C1CCOCC1,Cc1ccccc1C,openff-2.1.0,1,0.8655066657315367,0.0001635881713958,0.8779900000000003,0.0005
21674,884,dhmix_1129414916141538177,884,EnthalpyOfMixing,<Substance C1CCOCC1{solv}{x=0.744300}|Cc1ccccc1C{solv}{x=0.255700}>,C1CCOCC1,Cc1ccccc1C,openff-2.1.0,1,0.0026257877719899,0.042762835988299,0.0421,0.00065
21675,885,dens_1429468909820653032,885,Density,<Substance C1CCOCC1{solv}{x=0.231800}|Cc1ccccc1C{solv}{x=0.768200}>,C1CCOCC1,Cc1ccccc1C,openff-2.1.0,1,0.8610082695765338,0.0002058347722951,0.8770400000000002,0.0005
21676,886,dens_1442497603142913792,886,Density,<Substance C1CCOCC1{solv}{x=0.772900}|Cc1ccccc1C{solv}{x=0.227100}>,C1CCOCC1,Cc1ccccc1C,openff-2.1.0,1,0.8704451444842412,0.0002431286838646,0.8787800000000002,0.000505
21677,887,dhmix_2268256048157488415,887,EnthalpyOfMixing,<Substance C1CCOCC1{solv}{x=0.245400}|Cc1ccccc1C{solv}{x=0.754600}>,C1CCOCC1,Cc1ccccc1C,openff-2.1.0,1,0.0018925323579708,0.0479298067085274,-0.0613,0.00085
21678,888,dens_626398848152359169,888,Density,<Substance C1COCCN1{solv}{x=0.498000}|O{solv}{x=0.502000}>,C1COCCN1,O,openff-2.1.0,1,1.0427013039704596,0.0002699118871646,1.0255000000000003,0.00255
21679,889,dhmix_773913810754342365,889,EnthalpyOfMixing,<Substance C1COCCN1{solv}{x=0.714900}|O{solv}{x=0.285100}>,C1COCCN1,O,openff-2.1.0,1,-1.675180844726242,0.0364209518757482,-1.753,0.019
21680,890,dhmix_1012297674499495059,890,EnthalpyOfMixing,<Substance C1COCCN1{solv}{x=0.201000}|O{solv}{x=0.799000}>,C1COCCN1,O,openff-2.1.0,1,-1.152180156955751,0.0226957634832353,-2.758,0.0295
21681,891,dens_1167008264969667349,891,Density,<Substance C1COCCN1{solv}{x=0.793000}|O{solv}{x=0.207000}>,C1COCCN1,O,openff-2.1.0,1,1.0450902510513205,0.0002221708882033,1.0057000000000005,0.00245
21682,892,dhmix_1871930573512426354,892,EnthalpyOfMixing,<Substance C1COCCN1{solv}{x=0.491100}|O{solv}{x=0.508900}>,C1COCCN1,O,openff-2.1.0,1,-1.8480049210032805,0.0302105695698074,-3.131,0.0335
21683,893,dens_2014911999593579414,893,Density,<Substance C1COCCN1{solv}{x=0.298000}|O{solv}{x=0.702000}>,C1COCCN1,O,openff-2.1.0,1,1.0331011319400225,0.0002844045668431,1.0309000000000004,0.00255
21684,894,dens_627753907231278660,894,Density,<Substance CCC(C)=O{solv}{x=0.753100}|CCCNCCC{solv}{x=0.246900}>,CCC(C)=O,CCCNCCC,openff-2.1.0,1,0.7635138907548367,0.0002294938169207,0.7771510000000001,0.000109
21685,895,dens_674236159588910357,895,Density,<Substance CCC(C)=O{solv}{x=0.244600}|CCCNCCC{solv}{x=0.755400}>,CCC(C)=O,CCCNCCC,openff-2.1.0,1,0.744772510639815,0.0002309884727964,0.7446230000000003,0.0001405
21686,896,dhmix_749228177959685874,896,EnthalpyOfMixing,<Substance CCC(C)=O{solv}{x=0.235300}|CCCNCCC{solv}{x=0.764700}>,CCC(C)=O,CCCNCCC,openff-2.1.0,1,0.0028923216832694,0.0477210367879802,0.299,0.0035
21687,897,dhmix_1706960823617656563,897,EnthalpyOfMixing,<Substance CCC(C)=O{solv}{x=0.698400}|CCCNCCC{solv}{x=0.301600}>,CCC(C)=O,CCCNCCC,openff-2.1.0,1,0.0745351908560998,0.0408247959332197,0.334,0.0035
21688,898,dhmix_2102794241345605516,898,EnthalpyOfMixing,<Substance CCC(C)=O{solv}{x=0.505000}|CCCNCCC{solv}{x=0.495000}>,CCC(C)=O,CCCNCCC,openff-2.1.0,1,0.0276723026516236,0.0427828281641753,0.397,0.0045
21689,899,dens_2224864308887622456,899,Density,<Substance CCC(C)=O{solv}{x=0.500600}|CCCNCCC{solv}{x=0.499400}>,CCC(C)=O,CCCNCCC,openff-2.1.0,1,0.7538306212725575,0.0002134802589223,0.7590400000000002,0.000125
21690,900,dhmix_628329103086906726,900,EnthalpyOfMixing,<Substance CC1CCCCC1{solv}{x=0.250400}|CCCO{solv}{x=0.749600}>,CC1CCCCC1,CCCO,openff-2.1.0,1,0.451863428408501,0.0417835934487739,0.321,0.0055
21691,901,dhmix_989207392771680315,901,EnthalpyOfMixing,<Substance CC1CCCCC1{solv}{x=0.750500}|CCCO{solv}{x=0.249500}>,CC1CCCCC1,CCCO,openff-2.1.0,1,0.7150207177756016,0.0475722553085145,0.574,0.0055
21692,902,dens_1351260115393741606,902,Density,<Substance CC1CCCCC1{solv}{x=0.503100}|CCCO{solv}{x=0.496900}>,CC1CCCCC1,CCCO,openff-2.1.0,1,0.7730676710804529,0.000235908425043,0.7785600000000001,0.0039
21693,903,dens_1376195506089851480,903,Density,<Substance CC1CCCCC1{solv}{x=0.202700}|CCCO{solv}{x=0.797300}>,CC1CCCCC1,CCCO,openff-2.1.0,1,0.7861595409382613,0.0002555679840547,0.7942000000000002,0.00398
21694,904,dens_1501229836503112732,904,Density,<Substance CC1CCCCC1{solv}{x=0.799000}|CCCO{solv}{x=0.201000}>,CC1CCCCC1,CCCO,openff-2.1.0,1,0.7651005184192702,0.0001820879781551,0.7688300000000002,0.003855
21695,905,dhmix_2109805019413953371,905,EnthalpyOfMixing,<Substance CC1CCCCC1{solv}{x=0.500400}|CCCO{solv}{x=0.499600}>,CC1CCCCC1,CCCO,openff-2.1.0,1,0.7062114139048248,0.0371807349796495,0.533,0.0055
21696,906,dhmix_634764080264908666,906,EnthalpyOfMixing,<Substance OCCN1CCOCC1{solv}{x=0.498900}|O{solv}{x=0.501100}>,O,OCCN1CCOCC1,openff-2.1.0,1,-2.5303562655880256,0.0473574896069308,-2.2633,0.02415
21697,907,dens_707792343667224312,907,Density,<Substance OCCN1CCOCC1{solv}{x=0.246600}|O{solv}{x=0.753400}>,O,OCCN1CCOCC1,openff-2.1.0,1,1.0741871341921343,0.0004872591142715,1.0838100000000002,0.00154
21698,908,dhmix_1064373607860850902,908,EnthalpyOfMixing,<Substance OCCN1CCOCC1{solv}{x=0.694900}|O{solv}{x=0.305100}>,O,OCCN1CCOCC1,openff-2.1.0,1,-2.320443700107745,0.0424558642877465,-1.7936,0.01915
21699,909,dhmix_1846281306963870091,909,EnthalpyOfMixing,<Substance OCCN1CCOCC1{solv}{x=0.300200}|O{solv}{x=0.699800}>,O,OCCN1CCOCC1,openff-2.1.0,1,-1.751652019686496,0.0278822160136905,-2.426,0.026
21700,910,dens_2238932092645470826,910,Density,<Substance OCCN1CCOCC1{solv}{x=0.743900}|O{solv}{x=0.256100}>,O,OCCN1CCOCC1,openff-2.1.0,1,1.0925892484563724,0.0002699580884691,1.08031,0.001565
21701,911,dens_2269173599223764079,911,Density,<Substance OCCN1CCOCC1{solv}{x=0.485200}|O{solv}{x=0.514800}>,O,OCCN1CCOCC1,openff-2.1.0,1,1.090508839698206,0.0002659053979633,1.0866900000000004,0.00159
21702,912,dhmix_636778454546345333,912,EnthalpyOfMixing,<Substance C1CCCCC1{solv}{x=0.506300}|CNc1ccccc1{solv}{x=0.493700}>,C1CCCCC1,CNc1ccccc1,openff-2.1.0,1,2.2630758782506035,0.0411565416363284,1.628,0.0175
21703,913,dens_1209163492396921559,913,Density,<Substance C1CCCCC1{solv}{x=0.247000}|CNc1ccccc1{solv}{x=0.753000}>,C1CCCCC1,CNc1ccccc1,openff-2.1.0,1,0.9306495715495048,0.0001752128349474,0.9289450000000002,0.000272
21704,914,dens_1438140901521078017,914,Density,<Substance C1CCCCC1{solv}{x=0.494500}|CNc1ccccc1{solv}{x=0.505500}>,C1CCCCC1,CNc1ccccc1,openff-2.1.0,1,0.8700286036975811,0.0002033860954354,0.8759620000000002,0.0001835
21705,915,dens_1482697199055102595,915,Density,<Substance C1CCCCC1{solv}{x=0.746400}|CNc1ccccc1{solv}{x=0.253600}>,C1CCCCC1,CNc1ccccc1,openff-2.1.0,1,0.811051350456205,0.0002163231069931,0.8233530000000001,0.000138
21706,916,dhmix_1832297119731463766,916,EnthalpyOfMixing,<Substance C1CCCCC1{solv}{x=0.204700}|CNc1ccccc1{solv}{x=0.795300}>,C1CCCCC1,CNc1ccccc1,openff-2.1.0,1,1.326055218300514,0.0585355502045581,0.972,0.0105
21707,917,dhmix_1889368397403208807,917,EnthalpyOfMixing,<Substance C1CCCCC1{solv}{x=0.706600}|CNc1ccccc1{solv}{x=0.293400}>,C1CCCCC1,CNc1ccccc1,openff-2.1.0,1,1.9230336283253135,0.0458081849061224,1.521,0.0165
21708,918,dhmix_637657437173907469,918,EnthalpyOfMixing,<Substance CC(C)=O{solv}{x=0.709700}|CNc1ccccc1{solv}{x=0.290300}>,CC(C)=O,CNc1ccccc1,openff-2.1.0,1,-0.6475203584653251,0.0398527708342995,-0.525,0.0055
21709,919,dhmix_817594693007274900,919,EnthalpyOfMixing,<Substance CC(C)=O{solv}{x=0.231600}|CNc1ccccc1{solv}{x=0.768400}>,CC(C)=O,CNc1ccccc1,openff-2.1.0,1,-0.6985001451394104,0.039327678870147,-0.5,0.0055
21710,920,dens_830664987854613197,920,Density,<Substance CC(C)=O{solv}{x=0.250300}|CNc1ccccc1{solv}{x=0.749700}>,CC(C)=O,CNc1ccccc1,openff-2.1.0,1,0.9576369942039894,0.0001718040044968,0.9502900000000002,0.0003395
21711,921,dhmix_1052042310023734389,921,EnthalpyOfMixing,<Substance CC(C)=O{solv}{x=0.508600}|CNc1ccccc1{solv}{x=0.491400}>,CC(C)=O,CNc1ccccc1,openff-2.1.0,1,-0.803905862211483,0.0366207372896354,-0.672,0.0075
21712,922,dens_1302333367899693905,922,Density,<Substance CC(C)=O{solv}{x=0.750600}|CNc1ccccc1{solv}{x=0.249400}>,CC(C)=O,CNc1ccccc1,openff-2.1.0,1,0.8493342764964451,0.0002555827867768,0.8565010000000002,0.000231
21713,923,dens_1582643029733708616,923,Density,<Substance CC(C)=O{solv}{x=0.494800}|CNc1ccccc1{solv}{x=0.505200}>,CC(C)=O,CNc1ccccc1,openff-2.1.0,1,0.9108279089936648,0.0001745610050992,0.9107940000000002,0.000263
21714,924,dens_650566412384126439,924,Density,<Substance CC(C)CC(C)(C)C{solv}{x=0.158800}|CCCCC(=O)OC{solv}{x=0.841200}>,CC(C)CC(C)(C)C,CCCCC(=O)OC,openff-2.1.0,1,0.8524301907612094,0.0001907980592882,0.8463800000000002,0.000505
21715,925,dhmix_986100941633296124,925,EnthalpyOfMixing,<Substance CC(C)CC(C)(C)C{solv}{x=0.481800}|CCCCC(=O)OC{solv}{x=0.518200}>,CC(C)CC(C)(C)C,CCCCC(=O)OC,openff-2.1.0,1,1.474636576729921,0.0474598111002889,0.866,0.0095
21716,926,dens_1095352626338523806,926,Density,<Substance CC(C)CC(C)(C)C{solv}{x=0.742500}|CCCCC(=O)OC{solv}{x=0.257500}>,CC(C)CC(C)(C)C,CCCCC(=O)OC,openff-2.1.0,1,0.7461003846878349,0.0001834869094056,0.7289800000000002,0.000505
21717,927,dens_1260001645299629257,927,Density,<Substance CC(C)CC(C)(C)C{solv}{x=0.498400}|CCCCC(=O)OC{solv}{x=0.501600}>,CC(C)CC(C)(C)C,CCCCC(=O)OC,openff-2.1.0,1,0.7869983276496377,0.0002005063804763,0.7738400000000002,0.000505
21718,928,dhmix_1505455794590867712,928,EnthalpyOfMixing,<Substance CC(C)CC(C)(C)C{solv}{x=0.158900}|CCCCC(=O)OC{solv}{x=0.841100}>,CC(C)CC(C)(C)C,CCCCC(=O)OC,openff-2.1.0,1,0.7196807619576759,0.0504588930788952,0.438,0.005
21719,929,dhmix_1888614200283593194,929,EnthalpyOfMixing,<Substance CC(C)CC(C)(C)C{solv}{x=0.781300}|CCCCC(=O)OC{solv}{x=0.218700}>,CC(C)CC(C)(C)C,CCCCC(=O)OC,openff-2.1.0,1,1.232169571475481,0.0511756218458745,0.658,0.007
21720,930,dhmix_657900975986635712,930,EnthalpyOfMixing,<Substance Cc1ccccc1N{solv}{x=0.782700}|Cc1ccncc1{solv}{x=0.217300}>,Cc1ccccc1N,Cc1ccncc1,openff-2.1.0,1,-0.99651350668978,0.0408307725291509,-0.8885,0.0182
21721,931,dhmix_727678512066874384,931,EnthalpyOfMixing,<Substance Cc1ccccc1N{solv}{x=0.478300}|Cc1ccncc1{solv}{x=0.521700}>,Cc1ccccc1N,Cc1ccncc1,openff-2.1.0,1,-1.7575238331550054,0.0359739853189964,-1.4295,0.0291
21722,932,dhmix_860941552641107708,932,EnthalpyOfMixing,<Substance Cc1ccccc1N{solv}{x=0.271500}|Cc1ccncc1{solv}{x=0.728500}>,Cc1ccccc1N,Cc1ccncc1,openff-2.1.0,1,-1.600244336829583,0.0447684971403032,-1.1791,0.02405
21723,933,dens_1148106102021344214,933,Density,<Substance Cc1ccccc1N{solv}{x=0.265500}|Cc1ccncc1{solv}{x=0.734500}>,Cc1ccccc1N,Cc1ccncc1,openff-2.1.0,1,0.9717831955016356,0.000207561388141,0.9662520000000002,0.00012
21724,934,dens_1294189007890656769,934,Density,<Substance Cc1ccccc1N{solv}{x=0.486300}|Cc1ccncc1{solv}{x=0.513700}>,Cc1ccccc1N,Cc1ccncc1,openff-2.1.0,1,0.987919057619706,0.0001887292479735,0.9765780000000002,0.000119
21725,935,dens_1461384477504239974,935,Density,<Substance Cc1ccccc1N{solv}{x=0.767400}|Cc1ccncc1{solv}{x=0.232600}>,Cc1ccccc1N,Cc1ccncc1,openff-2.1.0,1,1.0054415759050328,0.0001928286789678,0.9868740000000004,0.000118
21726,936,dens_671712471159959715,936,Density,<Substance CCCCCCN{solv}{x=0.294400}|CN(C)C=O{solv}{x=0.705600}>,CCCCCCN,CN(C)C=O,openff-2.1.0,1,0.8629495442666043,0.0002292030089696,0.8676880000000002,0.001057
21727,937,dhmix_791979567859859400,937,EnthalpyOfMixing,<Substance CCCCCCN{solv}{x=0.747800}|CN(C)C=O{solv}{x=0.252200}>,CCCCCCN,CN(C)C=O,openff-2.1.0,1,0.3134600993909799,0.049095357244513,0.461,0.015
21728,938,dens_812907294215791908,938,Density,<Substance CCCCCCN{solv}{x=0.450000}|CN(C)C=O{solv}{x=0.550000}>,CCCCCCN,CN(C)C=O,openff-2.1.0,1,0.8397604024832388,0.0002337651982353,0.8367510000000001,0.001016
21729,939,dhmix_1553880519684715156,939,EnthalpyOfMixing,<Substance CCCCCCN{solv}{x=0.249700}|CN(C)C=O{solv}{x=0.750300}>,CCCCCCN,CN(C)C=O,openff-2.1.0,1,0.3669181383822533,0.0421507002197118,0.51,0.0165
21730,940,dens_1658157305664412923,940,Density,<Substance CCCCCCN{solv}{x=0.745200}|CN(C)C=O{solv}{x=0.254800}>,CCCCCCN,CN(C)C=O,openff-2.1.0,1,0.8035157055485925,0.0001494350723158,0.7905460000000002,0.0009575
21731,941,dhmix_2271922176351407084,941,EnthalpyOfMixing,<Substance CCCCCCN{solv}{x=0.499700}|CN(C)C=O{solv}{x=0.500300}>,CCCCCCN,CN(C)C=O,openff-2.1.0,1,0.4213029534998895,0.0431216254836271,0.661,0.02
21732,942,dhmix_676105854791415053,942,EnthalpyOfMixing,<Substance C=C(C)[C@H]1CC=C(C)CC1{solv}{x=0.540000}|CCCCCO{solv}{x=0.460000}>,C=C(C)[C@H]1CC=C(C)CC1,CCCCCO,openff-2.1.0,1,1.026859258102661,0.0451272575065936,0.858,0.0345
21733,943,dhmix_865539540276734208,943,EnthalpyOfMixing,<Substance C=C(C)[C@H]1CC=C(C)CC1{solv}{x=0.766000}|CCCCCO{solv}{x=0.234000}>,C=C(C)[C@H]1CC=C(C)CC1,CCCCCO,openff-2.1.0,1,0.9730398247439068,0.050966056259117,0.782,0.0315
21734,944,dens_1544700949225348296,944,Density,<Substance C=C(C)[C@H]1CC=C(C)CC1{solv}{x=0.263500}|CCCCCO{solv}{x=0.736500}>,C=C(C)[C@H]1CC=C(C)CC1,CCCCCO,openff-2.1.0,1,0.8183603392822424,0.0001623149950385,0.8238000000000002,0.0002
21735,945,dens_1638649899512334435,945,Density,<Substance C=C(C)[C@H]1CC=C(C)CC1{solv}{x=0.543500}|CCCCCO{solv}{x=0.456500}>,C=C(C)[C@H]1CC=C(C)CC1,CCCCCO,openff-2.1.0,1,0.820090581395618,0.0001646273514695,0.8312000000000003,0.0003
21736,946,dens_2014432371647189246,946,Density,<Substance C=C(C)[C@H]1CC=C(C)CC1{solv}{x=0.725200}|CCCCCO{solv}{x=0.274800}>,C=C(C)[C@H]1CC=C(C)CC1,CCCCCO,openff-2.1.0,1,0.8214716964654458,0.000138313237332,0.8354000000000001,0.00035
21737,947,dhmix_2293008983270202716,947,EnthalpyOfMixing,<Substance C=C(C)[C@H]1CC=C(C)CC1{solv}{x=0.272000}|CCCCCO{solv}{x=0.728000}>,C=C(C)[C@H]1CC=C(C)CC1,CCCCCO,openff-2.1.0,1,0.506188614748396,0.0475382653982624,0.532,0.0215
21738,948,dens_680086766431069719,948,Density,<Substance CN1CCNCC1{solv}{x=0.209100}|O{solv}{x=0.790900}>,CN1CCNCC1,O,openff-2.1.0,1,0.9971777260843878,0.0004640019198882,1.0013300000000005,4.000000000000001e-05
21739,949,dhmix_979415629850644100,949,EnthalpyOfMixing,<Substance CN1CCNCC1{solv}{x=0.199800}|O{solv}{x=0.800200}>,CN1CCNCC1,O,openff-2.1.0,1,-3.360089754303626,0.0274754413573566,-4.495,0.048
21740,950,dhmix_1386641258873877278,950,EnthalpyOfMixing,<Substance CN1CCNCC1{solv}{x=0.792600}|O{solv}{x=0.207400}>,CN1CCNCC1,O,openff-2.1.0,1,-1.2538770383145843,0.0389368040855173,-1.753,0.019
21741,951,dhmix_1572121970391530461,951,EnthalpyOfMixing,<Substance CN1CCNCC1{solv}{x=0.550000}|O{solv}{x=0.450000}>,CN1CCNCC1,O,openff-2.1.0,1,-3.0534123939007145,0.0462415101654543,-3.547,0.038
21742,952,dens_1756096179620961699,952,Density,<Substance CN1CCNCC1{solv}{x=0.510900}|O{solv}{x=0.489100}>,CN1CCNCC1,O,openff-2.1.0,1,0.975428938119762,0.0004766620480662,0.9464100000000002,7.000000000000002e-05
21743,953,dens_1892970147583328629,953,Density,<Substance CN1CCNCC1{solv}{x=0.706500}|O{solv}{x=0.293500}>,CN1CCNCC1,O,openff-2.1.0,1,0.9640274208788172,0.0002923214691171,0.9223100000000002,8.500000000000002e-05
21744,954,dhmix_681274412655414068,954,EnthalpyOfMixing,<Substance CCCOC(=O)CC{solv}{x=0.739400}|Cc1ccccc1{solv}{x=0.260600}>,CCCOC(=O)CC,Cc1ccccc1,openff-2.1.0,1,-0.2423760495347693,0.0462304674778229,-0.1135,0.0033
21745,955,dhmix_720914323963600437,955,EnthalpyOfMixing,<Substance CCCOC(=O)CC{solv}{x=0.238900}|Cc1ccccc1{solv}{x=0.761100}>,CCCOC(=O)CC,Cc1ccccc1,openff-2.1.0,1,-0.2752041627793673,0.0420952310171657,-0.1404,0.0037
21746,956,dens_1397630560016316656,956,Density,<Substance CCCOC(=O)CC{solv}{x=0.274700}|Cc1ccccc1{solv}{x=0.725300}>,CCCOC(=O)CC,Cc1ccccc1,openff-2.1.0,1,0.861587565607338,0.0002352820228048,0.8675700000000003,0.00018
21747,957,dhmix_1646061995263935606,957,EnthalpyOfMixing,<Substance CCCOC(=O)CC{solv}{x=0.548600}|Cc1ccccc1{solv}{x=0.451400}>,CCCOC(=O)CC,Cc1ccccc1,openff-2.1.0,1,-0.3994027264625828,0.0451963990391627,-0.1583,0.004
21748,958,dens_1792064777238352129,958,Density,<Substance CCCOC(=O)CC{solv}{x=0.490700}|Cc1ccccc1{solv}{x=0.509300}>,CCCOC(=O)CC,Cc1ccccc1,openff-2.1.0,1,0.868395133037043,0.0002232205969634,0.8707300000000002,0.00019
21749,959,dens_1826904081955826008,959,Density,<Substance CCCOC(=O)CC{solv}{x=0.734600}|Cc1ccccc1{solv}{x=0.265400}>,CCCOC(=O)CC,Cc1ccccc1,openff-2.1.0,1,0.874345046683086,0.0002396968726528,0.8734100000000001,0.00021
21750,960,dens_685747331874801159,960,Density,<Substance CN1CCOCC1{solv}{x=0.498300}|O{solv}{x=0.501700}>,CN1CCOCC1,O,openff-2.1.0,1,0.9765289114292696,0.0002183830252227,0.9627600000000002,0.00084
21751,961,dens_1087644349445114282,961,Density,<Substance CN1CCOCC1{solv}{x=0.253800}|O{solv}{x=0.746200}>,CN1CCOCC1,O,openff-2.1.0,1,0.986189457237046,0.0003007244251508,0.9918800000000002,0.00059
21752,962,dens_1374975991061431070,962,Density,<Substance CN1CCOCC1{solv}{x=0.758700}|O{solv}{x=0.241300}>,CN1CCOCC1,O,openff-2.1.0,1,0.9661176965232076,0.0003070287023615,0.9345300000000002,0.00112
21753,963,dhmix_686592400130667234,963,EnthalpyOfMixing,<Substance BrCCCBr{solv}{x=0.231300}|COC(C)=O{solv}{x=0.768700}>,BrCCCBr,COC(C)=O,openff-2.1.0,1,0.258436628743361,0.0394870424410548,0.2115,0.0024
21754,964,dhmix_691866222529030049,964,EnthalpyOfMixing,<Substance BrCCCBr{solv}{x=0.504200}|COC(C)=O{solv}{x=0.495800}>,BrCCCBr,COC(C)=O,openff-2.1.0,1,0.3318062983709566,0.034867141098505,0.3912,0.0038
21755,965,dens_1032175440351342196,965,Density,<Substance BrCCCBr{solv}{x=0.243500}|COC(C)=O{solv}{x=0.756500}>,BrCCCBr,COC(C)=O,openff-2.1.0,1,1.230950333842333,0.0003162575898225,1.2277600000000002,0.00096
21756,966,dens_1180265274183315765,966,Density,<Substance BrCCCBr{solv}{x=0.713800}|COC(C)=O{solv}{x=0.286200}>,BrCCCBr,COC(C)=O,openff-2.1.0,1,1.6859954973255762,0.0005186310355885,1.7174300000000005,0.002745
21757,967,dhmix_1380172638999588939,967,EnthalpyOfMixing,<Substance BrCCCBr{solv}{x=0.759400}|COC(C)=O{solv}{x=0.240600}>,BrCCCBr,COC(C)=O,openff-2.1.0,1,0.1761815116941356,0.0374546549359345,0.313,0.0032
21758,968,dens_1697077234757321859,968,Density,<Substance BrCCCBr{solv}{x=0.525600}|COC(C)=O{solv}{x=0.474400}>,BrCCCBr,COC(C)=O,openff-2.1.0,1,1.5178053243863747,0.0003977684853773,1.5338800000000006,0.001965
21759,969,dens_693154680723850561,969,Density,<Substance CN1CCCC1=O{solv}{x=0.756400}|Cc1ccccc1{solv}{x=0.243600}>,CN1CCCC1=O,Cc1ccccc1,openff-2.1.0,1,0.9622408242824269,0.0002519738394772,0.9854500000000004,0.00034
21760,970,dhmix_1759507684169085916,970,EnthalpyOfMixing,<Substance CN1CCCC1=O{solv}{x=0.741800}|Cc1ccccc1{solv}{x=0.258200}>,CN1CCCC1=O,Cc1ccccc1,openff-2.1.0,1,-0.0048540031966126,0.0413160855275943,-0.2141,0.0024
21761,971,dens_1796497685752507694,971,Density,<Substance CN1CCCC1=O{solv}{x=0.481500}|Cc1ccccc1{solv}{x=0.518500}>,CN1CCCC1=O,Cc1ccccc1,openff-2.1.0,1,0.922246978929262,0.0002315413321774,0.9415400000000002,0.00028
21762,972,dhmix_1857599089574133884,972,EnthalpyOfMixing,<Substance CN1CCCC1=O{solv}{x=0.223100}|Cc1ccccc1{solv}{x=0.776900}>,CN1CCCC1=O,Cc1ccccc1,openff-2.1.0,1,-0.0392352301754499,0.0474343736705025,-0.1889,0.00215
21763,973,dens_1886489466266398819,973,Density,<Substance CN1CCCC1=O{solv}{x=0.221600}|Cc1ccccc1{solv}{x=0.778400}>,CN1CCCC1=O,Cc1ccccc1,openff-2.1.0,1,0.8924955856949223,0.0002372485811688,0.9061600000000002,0.00076
21764,974,dhmix_2238554893157725289,974,EnthalpyOfMixing,<Substance CN1CCCC1=O{solv}{x=0.482100}|Cc1ccccc1{solv}{x=0.517900}>,CN1CCCC1=O,Cc1ccccc1,openff-2.1.0,1,-0.0565289851167634,0.0432424974624314,-0.2985,0.0033
21765,975,dens_717951284355382404,975,Density,<Substance CN1CCCC1=O{solv}{x=0.702300}|ClCCCCCCCl{solv}{x=0.297700}>,CN1CCCC1=O,ClCCCCCCCl,openff-2.1.0,1,1.027716081367171,0.0002015906638715,1.0416,0.0003
21766,976,dhmix_859697969059379656,976,EnthalpyOfMixing,<Substance CN1CCCC1=O{solv}{x=0.503000}|ClCCCCCCCl{solv}{x=0.497000}>,CN1CCCC1=O,ClCCCCCCCl,openff-2.1.0,1,0.3029852233880206,0.0449791516598074,-0.2,0.0025
21767,977,dhmix_916885053388204545,977,EnthalpyOfMixing,<Substance CN1CCCC1=O{solv}{x=0.212000}|ClCCCCCCCl{solv}{x=0.788000}>,CN1CCCC1=O,ClCCCCCCCl,openff-2.1.0,1,0.1649003755667166,0.0483939970009417,-0.13,0.002
21768,978,dens_1483670447992291960,978,Density,<Substance CN1CCCC1=O{solv}{x=0.201600}|ClCCCCCCCl{solv}{x=0.798400}>,CN1CCCC1=O,ClCCCCCCCl,openff-2.1.0,1,1.0572201311562806,0.0001912627303901,1.0584000000000005,0.00055
21769,979,dens_1896555095774116819,979,Density,<Substance CN1CCCC1=O{solv}{x=0.504900}|ClCCCCCCCl{solv}{x=0.495100}>,CN1CCCC1=O,ClCCCCCCCl,openff-2.1.0,1,1.0407578072849415,0.0001681560668523,1.0490000000000002,0.00035
21770,980,dhmix_2039443272323887912,980,EnthalpyOfMixing,<Substance CN1CCCC1=O{solv}{x=0.797000}|ClCCCCCCCl{solv}{x=0.203000}>,CN1CCCC1=O,ClCCCCCCCl,openff-2.1.0,1,0.2772027622962483,0.0475020523136084,-0.123,0.002
21771,981,dhmix_729169544598225866,981,EnthalpyOfMixing,<Substance CN(C)C=O{solv}{x=0.203000}|ClCCCCCCCl{solv}{x=0.797000}>,CN(C)C=O,ClCCCCCCCl,openff-2.1.0,1,0.4265811979721263,0.0482531824548772,0.195,0.0025
21772,982,dhmix_1359105787212172230,982,EnthalpyOfMixing,<Substance CN(C)C=O{solv}{x=0.796000}|ClCCCCCCCl{solv}{x=0.204000}>,CN(C)C=O,ClCCCCCCCl,openff-2.1.0,1,0.5188902703654961,0.0359595945270674,0.24,0.0025
21773,983,dhmix_1534380829757525169,983,EnthalpyOfMixing,<Substance CN(C)C=O{solv}{x=0.498000}|ClCCCCCCCl{solv}{x=0.502000}>,CN(C)C=O,ClCCCCCCCl,openff-2.1.0,1,0.6305471928621813,0.0385157467093788,0.34,0.0025
21774,984,dens_1752369236407148840,984,Density,<Substance CN(C)C=O{solv}{x=0.503300}|ClCCCCCCCl{solv}{x=0.496700}>,CN(C)C=O,ClCCCCCCCl,openff-2.1.0,1,1.0115190339435074,0.0002448092898036,1.0190000000000003,0.00155
21775,985,dens_2070195997725277466,985,Density,<Substance CN(C)C=O{solv}{x=0.703400}|ClCCCCCCCl{solv}{x=0.296600}>,CN(C)C=O,ClCCCCCCCl,openff-2.1.0,1,0.9803553325906904,0.0002501048626247,0.9943000000000002,0.0017
21776,986,dens_2171945276872385012,986,Density,<Substance CN(C)C=O{solv}{x=0.201300}|ClCCCCCCCl{solv}{x=0.798700}>,CN(C)C=O,ClCCCCCCCl,openff-2.1.0,1,1.0470186854989956,0.0002644386348701,1.0486000000000002,0.0014
21777,987,dens_741100297092592576,987,Density,<Substance C1CCCCC1{solv}{x=0.265900}|C1CCOCC1{solv}{x=0.734100}>,C1CCCCC1,C1CCOCC1,openff-2.1.0,1,0.8389660689925471,0.0002411341113309,0.8470300000000002,0.000505
21778,988,dens_1002639246322609242,988,Density,<Substance C1CCCCC1{solv}{x=0.762200}|C1CCOCC1{solv}{x=0.237800}>,C1CCCCC1,C1CCOCC1,openff-2.1.0,1,0.781216482181625,0.0001946853383959,0.7952000000000002,0.000505
21779,989,dhmix_1171155554844966705,989,EnthalpyOfMixing,<Substance C1CCCCC1{solv}{x=0.247100}|C1CCOCC1{solv}{x=0.752900}>,C1CCCCC1,C1CCOCC1,openff-2.1.0,1,0.5616269749071421,0.0441124088016054,0.3613,0.00395
21780,990,dens_2142973677177666085,990,Density,<Substance C1CCCCC1{solv}{x=0.501800}|C1CCOCC1{solv}{x=0.498200}>,C1CCCCC1,C1CCOCC1,openff-2.1.0,1,0.8104514673784231,0.0002590736405707,0.8211500000000002,0.000505
21781,991,dhmix_2195791820105752985,991,EnthalpyOfMixing,<Substance C1CCCCC1{solv}{x=0.726600}|C1CCOCC1{solv}{x=0.273400}>,C1CCCCC1,C1CCOCC1,openff-2.1.0,1,0.5843900356518219,0.049701890561436,0.4424,0.00485
21782,992,dhmix_2296999979529762407,992,EnthalpyOfMixing,<Substance C1CCCCC1{solv}{x=0.499000}|C1CCOCC1{solv}{x=0.501000}>,C1CCCCC1,C1CCOCC1,openff-2.1.0,1,0.7198570082399272,0.0425493984029618,0.526,0.0055
21783,993,dhmix_744994939606384802,993,EnthalpyOfMixing,<Substance CO{solv}{x=0.300000}|O{solv}{x=0.700000}>,CO,O,openff-2.1.0,1,0.1381717813168919,0.0209257980802184,-0.85,0.005
21784,994,dens_1085345433585028387,994,Density,<Substance CO{solv}{x=0.499700}|O{solv}{x=0.500300}>,CO,O,openff-2.1.0,1,0.8419855453506946,0.0005195607294571,0.8816900000000003,0.000165
21785,995,dhmix_1126710771921470495,995,EnthalpyOfMixing,<Substance CO{solv}{x=0.700000}|O{solv}{x=0.300000}>,CO,O,openff-2.1.0,1,0.0239895538201579,0.025212832126555,-0.583,0.0035
21786,996,dens_1258832080354057572,996,Density,<Substance CO{solv}{x=0.300300}|O{solv}{x=0.699700}>,CO,O,openff-2.1.0,1,0.8865959717761034,0.0004898926214587,0.9252100000000004,0.000125
21787,997,dens_1758371820245200558,997,Density,<Substance CO{solv}{x=0.760500}|O{solv}{x=0.239500}>,CO,O,openff-2.1.0,1,0.7979888173983584,0.0004181615785312,0.8289000000000002,0.0001
21788,998,dhmix_1824296469249495553,998,EnthalpyOfMixing,<Substance CO{solv}{x=0.500000}|O{solv}{x=0.500000}>,CO,O,openff-2.1.0,1,0.114894885546624,0.0257777894585146,-0.777,0.0045
21789,999,dhmix_753952445434773754,999,EnthalpyOfMixing,<Substance CCCCCCCCCl{solv}{x=0.493000}|CN1CCCC1=O{solv}{x=0.507000}>,CCCCCCCCCl,CN1CCCC1=O,openff-2.1.0,1,1.079074424031944,0.0469072321271217,0.638,0.0035
21790,1000,dhmix_1273186684325800862,1000,EnthalpyOfMixing,<Substance CCCCCCCCCl{solv}{x=0.783000}|CN1CCCC1=O{solv}{x=0.217000}>,CCCCCCCCCl,CN1CCCC1=O,openff-2.1.0,1,0.7275981534304492,0.0563032902300983,0.371,0.003
21791,1001,dhmix_1457789704046029008,1001,EnthalpyOfMixing,<Substance CCCCCCCCCl{solv}{x=0.202000}|CN1CCCC1=O{solv}{x=0.798000}>,CCCCCCCCCl,CN1CCCC1=O,openff-2.1.0,1,0.8690628744610507,0.0468877725749846,0.5,0.0035
21792,1002,dens_1965529278608066299,1002,Density,<Substance CCCCCCCCCl{solv}{x=0.299500}|CN1CCCC1=O{solv}{x=0.700500}>,CCCCCCCCCl,CN1CCCC1=O,openff-2.1.0,1,0.9452361204041616,0.0001669803540119,0.9598000000000002,0.00025
21793,1003,dens_2167805246575708222,1003,Density,<Substance CCCCCCCCCl{solv}{x=0.798600}|CN1CCCC1=O{solv}{x=0.201400}>,CCCCCCCCCl,CN1CCCC1=O,openff-2.1.0,1,0.8841807687861061,0.000187938719208,0.8888000000000001,0.00055
21794,1004,dens_2177162670107081086,1004,Density,<Substance CCCCCCCCCl{solv}{x=0.497900}|CN1CCCC1=O{solv}{x=0.502100}>,CCCCCCCCCl,CN1CCCC1=O,openff-2.1.0,1,0.917389828834443,0.0001474474491316,0.9269000000000002,0.00035
21795,1005,dhmix_756380521637559100,1005,EnthalpyOfMixing,<Substance C1COCCO1{solv}{x=0.500000}|O=C1CCCCC1{solv}{x=0.500000}>,C1COCCO1,O=C1CCCCC1,openff-2.1.0,1,0.1391719000321671,0.0463329984094378,0.28584,0.00154
21796,1006,dens_1139761443535371798,1006,Density,<Substance C1COCCO1{solv}{x=0.459400}|O=C1CCCCC1{solv}{x=0.540600}>,C1COCCO1,O=C1CCCCC1,openff-2.1.0,1,0.9658680438825216,0.0002034007255484,0.9762000000000004,0.00025
21797,1007,dhmix_1367833850972054360,1007,EnthalpyOfMixing,<Substance C1COCCO1{solv}{x=0.750000}|O=C1CCCCC1{solv}{x=0.250000}>,C1COCCO1,O=C1CCCCC1,openff-2.1.0,1,0.2108824754301537,0.043811985791471,0.23662,0.001355
21798,1008,dhmix_1533665710565492443,1008,EnthalpyOfMixing,<Substance C1COCCO1{solv}{x=0.250000}|O=C1CCCCC1{solv}{x=0.750000}>,C1COCCO1,O=C1CCCCC1,openff-2.1.0,1,0.0142940316571866,0.0458841798982306,0.20076,0.00121
21799,1009,dens_1556646832168598904,1009,Density,<Substance C1COCCO1{solv}{x=0.797800}|O=C1CCCCC1{solv}{x=0.202200}>,C1COCCO1,O=C1CCCCC1,openff-2.1.0,1,1.008602487231848,0.0002263534390747,1.0062000000000002,0.00025
21800,1010,dens_1806066395455679216,1010,Density,<Substance C1COCCO1{solv}{x=0.272000}|O=C1CCCCC1{solv}{x=0.728000}>,C1COCCO1,O=C1CCCCC1,openff-2.1.0,1,0.9463866785995124,0.0002123689962831,0.9614000000000004,0.00025
21801,1011,dhmix_781473821930081125,1011,EnthalpyOfMixing,<Substance CCOc1ccccc1{solv}{x=0.765100}|OCc1ccccc1{solv}{x=0.234900}>,CCOc1ccccc1,OCc1ccccc1,openff-2.1.0,1,0.848512503033021,0.05154860747835,1.083,0.0116
21802,1012,dhmix_966435122735090568,1012,EnthalpyOfMixing,<Substance CCOc1ccccc1{solv}{x=0.063600}|OCc1ccccc1{solv}{x=0.936400}>,CCOc1ccccc1,OCc1ccccc1,openff-2.1.0,1,0.1494837812164249,0.0396316265192452,0.1901,0.00225
21803,1013,dens_1184318999137642715,1013,Density,<Substance CCOc1ccccc1{solv}{x=0.064200}|OCc1ccccc1{solv}{x=0.935800}>,CCOc1ccccc1,OCc1ccccc1,openff-2.1.0,1,1.0247266520260083,0.0001749110937587,1.02761,0.00011
21804,1014,dhmix_1518701992890040137,1014,EnthalpyOfMixing,<Substance CCOc1ccccc1{solv}{x=0.549900}|OCc1ccccc1{solv}{x=0.450100}>,CCOc1ccccc1,OCc1ccccc1,openff-2.1.0,1,0.8585757615378924,0.0370164719161464,1.0561,0.01135
21805,1015,dens_1575045736805268459,1015,Density,<Substance CCOc1ccccc1{solv}{x=0.459800}|OCc1ccccc1{solv}{x=0.540200}>,CCOc1ccccc1,OCc1ccccc1,openff-2.1.0,1,0.9885092006203806,0.0002045765987161,0.9925100000000002,0.00016
21806,1016,dens_2214650701288997434,1016,Density,<Substance CCOc1ccccc1{solv}{x=0.757200}|OCc1ccccc1{solv}{x=0.242800}>,CCOc1ccccc1,OCc1ccccc1,openff-2.1.0,1,0.9646311058187984,0.0001926077437287,0.9686500000000002,0.000215
21807,1017,dens_800807749587668066,1017,Density,<Substance C1CCOCC1{solv}{x=0.733600}|c1ccncc1{solv}{x=0.266400}>,C1CCOCC1,c1ccncc1,openff-2.1.0,1,0.8900526925401885,0.0002439600182393,0.8933350000000002,0.000358
21808,1018,dhmix_836757145941804043,1018,EnthalpyOfMixing,<Substance C1CCOCC1{solv}{x=0.291500}|c1ccncc1{solv}{x=0.708500}>,C1CCOCC1,c1ccncc1,openff-2.1.0,1,0.0752185793168225,0.039178314973096,0.0898,0.00095
21809,1019,dhmix_1003039131395935786,1019,EnthalpyOfMixing,<Substance C1CCOCC1{solv}{x=0.536300}|c1ccncc1{solv}{x=0.463700}>,C1CCOCC1,c1ccncc1,openff-2.1.0,1,0.0666633822509688,0.0325102339184899,0.1573,0.0013
21810,1020,dens_1859030547600172702,1020,Density,<Substance C1CCOCC1{solv}{x=0.241500}|c1ccncc1{solv}{x=0.758500}>,C1CCOCC1,c1ccncc1,openff-2.1.0,1,0.952327630394028,0.0002457609561697,0.9525650000000004,0.000212
21811,1021,dhmix_2191254706131659314,1021,EnthalpyOfMixing,<Substance C1CCOCC1{solv}{x=0.734400}|c1ccncc1{solv}{x=0.265600}>,C1CCOCC1,c1ccncc1,openff-2.1.0,1,0.0160002710752991,0.043280337592929,0.1564,0.0013
21812,1022,dens_2239470871208865925,1022,Density,<Substance C1CCOCC1{solv}{x=0.536400}|c1ccncc1{solv}{x=0.463600}>,C1CCOCC1,c1ccncc1,openff-2.1.0,1,0.9097097757739836,0.0002726161460344,0.9124250000000002,0.0002965
21813,1023,dens_801655585640229277,1023,Density,<Substance C1CCOCC1{solv}{x=0.777600}|CCCC(C)=O{solv}{x=0.222400}>,C1CCOCC1,CCCC(C)=O,openff-2.1.0,1,0.8522648351792167,0.0002262157290755,0.8602600000000002,0.000225
21814,1024,dhmix_1175081460677389458,1024,EnthalpyOfMixing,<Substance C1CCOCC1{solv}{x=0.250000}|CCCC(C)=O{solv}{x=0.750000}>,C1CCOCC1,CCCC(C)=O,openff-2.1.0,1,0.0859922707800961,0.0421857052005634,0.06014,0.00063
21815,1025,dens_1481139606755572767,1025,Density,<Substance C1CCOCC1{solv}{x=0.236100}|CCCC(C)=O{solv}{x=0.763900}>,C1CCOCC1,CCCC(C)=O,openff-2.1.0,1,0.8027831611281278,0.0002216264877132,0.8183900000000002,0.000215
21816,1026,dhmix_1531586108535895092,1026,EnthalpyOfMixing,<Substance C1CCOCC1{solv}{x=0.750000}|CCCC(C)=O{solv}{x=0.250000}>,C1CCOCC1,CCCC(C)=O,openff-2.1.0,1,0.2244295650458028,0.0404715545502957,0.08245,0.000715
21817,1027,dhmix_2074691820693967219,1027,EnthalpyOfMixing,<Substance C1CCOCC1{solv}{x=0.500000}|CCCC(C)=O{solv}{x=0.500000}>,C1CCOCC1,CCCC(C)=O,openff-2.1.0,1,0.2167005903692356,0.037217767701477,0.09128,0.000745
21818,1028,dens_2180187104403779312,1028,Density,<Substance C1CCOCC1{solv}{x=0.504600}|CCCC(C)=O{solv}{x=0.495400}>,C1CCOCC1,CCCC(C)=O,openff-2.1.0,1,0.8266914668527363,0.0002251394427762,0.8386000000000002,0.00022
21819,1029,dhmix_814516627068967115,1029,EnthalpyOfMixing,<Substance CCCOC=O{solv}{x=0.230800}|ClCCCCl{solv}{x=0.769200}>,CCCOC=O,ClCCCCl,openff-2.1.0,1,0.2648363033046053,0.0373723482475373,-0.054,0.001
21820,1030,dens_853749747181024442,1030,Density,<Substance CCCOC=O{solv}{x=0.525500}|ClCCCCl{solv}{x=0.474500}>,CCCOC=O,ClCCCCl,openff-2.1.0,1,1.039859436057291,0.0003547618464388,1.0302400000000005,0.00176
21821,1031,dhmix_1623640482466530427,1031,EnthalpyOfMixing,<Substance CCCOC=O{solv}{x=0.750900}|ClCCCCl{solv}{x=0.249100}>,CCCOC=O,ClCCCCl,openff-2.1.0,1,0.120629493967229,0.0389781978890495,-0.088,0.001
21822,1032,dens_1998603470347754754,1032,Density,<Substance CCCOC=O{solv}{x=0.233600}|ClCCCCl{solv}{x=0.766400}>,CCCOC=O,ClCCCCl,openff-2.1.0,1,1.111055959900561,0.0002963550656893,1.1122200000000002,0.00274
21823,1033,dhmix_2003217087101692001,1033,EnthalpyOfMixing,<Substance CCCOC=O{solv}{x=0.514500}|ClCCCCl{solv}{x=0.485500}>,CCCOC=O,ClCCCCl,openff-2.1.0,1,0.2912515470689101,0.0365615855740425,-0.114,0.0015
21824,1034,dens_2020761603812222512,1034,Density,<Substance CCCOC=O{solv}{x=0.763600}|ClCCCCl{solv}{x=0.236400}>,CCCOC=O,ClCCCCl,openff-2.1.0,1,0.9814272929740148,0.0002898800557355,0.9644500000000004,0.00119
21825,1035,dens_828893303895070246,1035,Density,<Substance C1CCCCC1{solv}{x=0.249800}|CCCCCCCC{solv}{x=0.750200}>,C1CCCCC1,CCCCCCCC,openff-2.1.0,1,0.7032370250671256,0.0002126093649461,0.7110900000000002,0.000605
21826,1036,dhmix_1288938247372010686,1036,EnthalpyOfMixing,<Substance C1CCCCC1{solv}{x=0.751300}|CCCCCCCC{solv}{x=0.248700}>,C1CCCCC1,CCCCCCCC,openff-2.1.0,1,0.2554723727570405,0.0431047698421781,0.23,0.005
21827,1037,dens_1398337515687242649,1037,Density,<Substance C1CCCCC1{solv}{x=0.477700}|CCCCCCCC{solv}{x=0.522300}>,C1CCCCC1,CCCCCCCC,openff-2.1.0,1,0.7148574980344887,0.0001856186352277,0.7250300000000002,0.000585
21828,1038,dhmix_1429498464152515756,1038,EnthalpyOfMixing,<Substance C1CCCCC1{solv}{x=0.532400}|CCCCCCCC{solv}{x=0.467600}>,C1CCCCC1,CCCCCCCC,openff-2.1.0,1,0.3413655489759151,0.0477252310795636,0.258,0.005
21829,1039,dens_2267960821195706299,1039,Density,<Substance C1CCCCC1{solv}{x=0.796100}|CCCCCCCC{solv}{x=0.203900}>,C1CCCCC1,CCCCCCCC,openff-2.1.0,1,0.7376210511422331,0.0002254021895516,0.7509700000000002,0.00055
21830,1040,dhmix_2289023418386220795,1040,EnthalpyOfMixing,<Substance C1CCCCC1{solv}{x=0.274400}|CCCCCCCC{solv}{x=0.725600}>,C1CCCCC1,CCCCCCCC,openff-2.1.0,1,0.1866401641065067,0.0439311506922771,0.18,0.005
21831,1041,dens_848374876759596361,1041,Density,<Substance CC(C)OC(C)C{solv}{x=0.284600}|CCCCCl{solv}{x=0.715400}>,CC(C)OC(C)C,CCCCCl,openff-2.1.0,1,0.8235146825417803,0.0002823168315917,0.8263210000000002,0.000365
21832,1042,dens_917492506874956672,1042,Density,<Substance CC(C)OC(C)C{solv}{x=0.808200}|CCCCCl{solv}{x=0.191800}>,CC(C)OC(C)C,CCCCCl,openff-2.1.0,1,0.7610675734123025,0.0002261244242191,0.7440910000000002,0.000448
21833,1043,dhmix_1107367594793013993,1043,EnthalpyOfMixing,<Substance CC(C)OC(C)C{solv}{x=0.272700}|CCCCCl{solv}{x=0.727300}>,CC(C)OC(C)C,CCCCCl,openff-2.1.0,1,-0.1491063660787119,0.0337075603240058,-0.0785,0.001
21834,1044,dhmix_1310204607958463222,1044,EnthalpyOfMixing,<Substance CC(C)OC(C)C{solv}{x=0.454700}|CCCCCl{solv}{x=0.545300}>,CC(C)OC(C)C,CCCCCl,openff-2.1.0,1,-0.0971202554315979,0.0420194678708051,-0.0954,0.0012
21835,1045,dhmix_1605157292498138629,1045,EnthalpyOfMixing,<Substance CC(C)OC(C)C{solv}{x=0.727400}|CCCCCl{solv}{x=0.272600}>,CC(C)OC(C)C,CCCCCl,openff-2.1.0,1,-0.180046724869058,0.0456572689963297,-0.0732,0.00095
21836,1046,dens_1927916489732771888,1046,Density,<Substance CC(C)OC(C)C{solv}{x=0.484000}|CCCCCl{solv}{x=0.516000}>,CC(C)OC(C)C,CCCCCl,openff-2.1.0,1,0.7980584720842415,0.0002549166711476,0.7925060000000002,0.0004005
21837,1047,dens_860008765681738590,1047,Density,<Substance CN(CCO)CCO{solv}{x=0.231260}|c1ccncc1{solv}{x=0.768740}>,CN(CCO)CCO,c1ccncc1,openff-2.1.0,1,1.000291591586991,0.0002457830653369,0.9906030000000002,0.0001015
21838,1048,dens_1253280811379348869,1048,Density,<Substance CN(CCO)CCO{solv}{x=0.670000}|c1ccncc1{solv}{x=0.330000}>,CN(CCO)CCO,c1ccncc1,openff-2.1.0,1,1.02750905104832,0.0003407768831632,1.0161020000000005,0.000102
21839,1049,dhmix_1381513140604048573,1049,EnthalpyOfMixing,<Substance CN(CCO)CCO{solv}{x=0.473760}|c1ccncc1{solv}{x=0.526240}>,CN(CCO)CCO,c1ccncc1,openff-2.1.0,1,0.2181170988828711,0.0465402964077615,-0.093,0.001
21840,1050,dens_1460709448836415360,1050,Density,<Substance CN(CCO)CCO{solv}{x=0.473530}|c1ccncc1{solv}{x=0.526470}>,CN(CCO)CCO,c1ccncc1,openff-2.1.0,1,1.0170655683785306,0.0002284331617494,1.0044450000000005,0.0001015
21841,1051,dhmix_2085036308089359597,1051,EnthalpyOfMixing,<Substance CN(CCO)CCO{solv}{x=0.230610}|c1ccncc1{solv}{x=0.769390}>,CN(CCO)CCO,c1ccncc1,openff-2.1.0,1,0.1162016858840679,0.0392652160599432,-0.032,0.001
21842,1052,dhmix_2287943921901918379,1052,EnthalpyOfMixing,<Substance CN(CCO)CCO{solv}{x=0.669580}|c1ccncc1{solv}{x=0.330420}>,CN(CCO)CCO,c1ccncc1,openff-2.1.0,1,0.0773476356202422,0.0578937620536375,-0.12,0.0015
21843,1053,dens_929806754028972955,1053,Density,<Substance CCCC(=O)OC{solv}{x=0.695800}|COC(C)=O{solv}{x=0.304200}>,CCCC(=O)OC,COC(C)=O,openff-2.1.0,1,0.9055613677251484,0.0002162516377514,0.8997600000000002,0.000505
21844,1054,dhmix_1093843275803987368,1054,EnthalpyOfMixing,<Substance CCCC(=O)OC{solv}{x=0.482200}|COC(C)=O{solv}{x=0.517800}>,CCCC(=O)OC,COC(C)=O,openff-2.1.0,1,0.0223471329391564,0.0375758511189143,0.151,0.002
21845,1055,dens_1187818937240241755,1055,Density,<Substance CCCC(=O)OC{solv}{x=0.253600}|COC(C)=O{solv}{x=0.746400}>,CCCC(=O)OC,COC(C)=O,openff-2.1.0,1,0.9242482242951298,0.0002560186713675,0.9147400000000002,0.000505
21846,1056,dens_1462283017082249050,1056,Density,<Substance CCCC(=O)OC{solv}{x=0.545600}|COC(C)=O{solv}{x=0.454400}>,CCCC(=O)OC,COC(C)=O,openff-2.1.0,1,0.9109856766238604,0.0002587712986406,0.9041900000000004,0.000505
21847,1057,dhmix_1514470349370367756,1057,EnthalpyOfMixing,<Substance CCCC(=O)OC{solv}{x=0.226000}|COC(C)=O{solv}{x=0.774000}>,CCCC(=O)OC,COC(C)=O,openff-2.1.0,1,0.0801686048569649,0.0354482153665216,0.102,0.0015
21848,1058,dhmix_1615966506855005599,1058,EnthalpyOfMixing,<Substance CCCC(=O)OC{solv}{x=0.695800}|COC(C)=O{solv}{x=0.304200}>,CCCC(=O)OC,COC(C)=O,openff-2.1.0,1,0.0055489820883991,0.042857821621026,0.122,0.0015
21849,1059,dens_931039395662625393,1059,Density,<Substance BrCCBr{solv}{x=0.510700}|CCOC=O{solv}{x=0.489300}>,BrCCBr,CCOC=O,openff-2.1.0,1,1.5879925632045837,0.0005147581878375,1.5742900000000004,0.00125
21850,1060,dhmix_1379448524788285045,1060,EnthalpyOfMixing,<Substance BrCCBr{solv}{x=0.503000}|CCOC=O{solv}{x=0.497000}>,BrCCBr,CCOC=O,openff-2.1.0,1,0.1951151417390235,0.0335858581047588,0.404,0.0054
21851,1061,dhmix_1589211680683586133,1061,EnthalpyOfMixing,<Substance BrCCBr{solv}{x=0.247500}|CCOC=O{solv}{x=0.752500}>,BrCCBr,CCOC=O,openff-2.1.0,1,0.1133978383977485,0.0380207631498998,0.2492,0.0035
21852,1062,dens_1816072583621776909,1062,Density,<Substance BrCCBr{solv}{x=0.282500}|CCOC=O{solv}{x=0.717500}>,BrCCBr,CCOC=O,openff-2.1.0,1,1.3124559813981471,0.0003693793379416,1.2851500000000005,0.00131
21853,1063,dens_1857279480363338972,1063,Density,<Substance BrCCBr{solv}{x=0.750600}|CCOC=O{solv}{x=0.249400}>,BrCCBr,CCOC=O,openff-2.1.0,1,1.8596210974616776,0.0006418092905608,1.8698300000000003,0.000995
21854,1064,dhmix_2225135654541562913,1064,EnthalpyOfMixing,<Substance BrCCBr{solv}{x=0.734600}|CCOC=O{solv}{x=0.265400}>,BrCCBr,CCOC=O,openff-2.1.0,1,0.1725324196142352,0.0310886502980929,0.3604,0.00485
21855,1065,dhmix_933824509566848172,1065,EnthalpyOfMixing,<Substance C1COCO1{solv}{x=0.350000}|CCCC(C)=O{solv}{x=0.650000}>,C1COCO1,CCCC(C)=O,openff-2.1.0,1,0.2717342888218894,0.0386229585863054,0.17755,0.001095
21856,1066,dens_1326756646981901590,1066,Density,<Substance C1COCO1{solv}{x=0.717400}|CCCC(C)=O{solv}{x=0.282600}>,C1COCO1,CCCC(C)=O,openff-2.1.0,1,0.9806369992089532,0.0002946473448408,0.9625500000000002,0.000245
21857,1067,dhmix_1386053902220878259,1067,EnthalpyOfMixing,<Substance C1COCO1{solv}{x=0.500000}|CCCC(C)=O{solv}{x=0.500000}>,C1COCO1,CCCC(C)=O,openff-2.1.0,1,0.3198148225127895,0.0341590961931783,0.21077,0.00122
21858,1068,dens_1490997112604690080,1068,Density,<Substance C1COCO1{solv}{x=0.349900}|CCCC(C)=O{solv}{x=0.650100}>,C1COCO1,CCCC(C)=O,openff-2.1.0,1,0.8648918505637144,0.0002405526607981,0.8687200000000003,0.00022
21859,1069,dens_1979377813631413053,1069,Density,<Substance C1COCO1{solv}{x=0.516900}|CCCC(C)=O{solv}{x=0.483100}>,C1COCO1,CCCC(C)=O,openff-2.1.0,1,0.9129015290726508,0.0002483358903051,0.9078200000000004,0.00023
21860,1070,dhmix_2113009728753201792,1070,EnthalpyOfMixing,<Substance C1COCO1{solv}{x=0.750000}|CCCC(C)=O{solv}{x=0.250000}>,C1COCO1,CCCC(C)=O,openff-2.1.0,1,0.3503275903967306,0.0361734942178909,0.17046,0.00107
21861,1071,dhmix_962524540250306235,1071,EnthalpyOfMixing,<Substance Cc1ccccc1N{solv}{x=0.268100}|c1ccncc1{solv}{x=0.731900}>,Cc1ccccc1N,c1ccncc1,openff-2.1.0,1,-1.571017108067153,0.0377685101142992,-0.8915,0.0182
21862,1072,dhmix_1000930562998604270,1072,EnthalpyOfMixing,<Substance Cc1ccccc1N{solv}{x=0.773500}|c1ccncc1{solv}{x=0.226500}>,Cc1ccccc1N,c1ccncc1,openff-2.1.0,1,-1.1044797863541582,0.046536577301398,-0.7828,0.016
21863,1073,dens_1203111494553524663,1073,Density,<Substance Cc1ccccc1N{solv}{x=0.483700}|c1ccncc1{solv}{x=0.516300}>,Cc1ccccc1N,c1ccncc1,openff-2.1.0,1,1.0076977299527317,0.0002150250335029,0.9912370000000004,0.000117
21864,1074,dens_1316174752280431242,1074,Density,<Substance Cc1ccccc1N{solv}{x=0.237400}|c1ccncc1{solv}{x=0.762600}>,Cc1ccccc1N,c1ccncc1,openff-2.1.0,1,0.9967214667851854,0.0002660838515355,0.9863750000000002,0.000118
21865,1075,dhmix_1371524052813651708,1075,EnthalpyOfMixing,<Substance Cc1ccccc1N{solv}{x=0.482600}|c1ccncc1{solv}{x=0.517400}>,Cc1ccccc1N,c1ccncc1,openff-2.1.0,1,-1.750671060436115,0.03744126096969,-1.0329,0.02105
21866,1076,dens_2188924364196997512,1076,Density,<Substance Cc1ccccc1N{solv}{x=0.767800}|c1ccncc1{solv}{x=0.232200}>,Cc1ccccc1N,c1ccncc1,openff-2.1.0,1,1.0151242272473917,0.0002900970814487,0.9936220000000002,0.000117
21867,1077,dens_964556344607822867,1077,Density,<Substance CCCCCCCCC{solv}{x=0.696300}|COC(C)(C)C{solv}{x=0.303700}>,CCCCCCCCC,COC(C)(C)C,openff-2.1.0,1,0.7158710883664224,0.0002099231100841,0.7173600000000002,0.000295
21868,1078,dhmix_1091489740441728210,1078,EnthalpyOfMixing,<Substance CCCCCCCCC{solv}{x=0.260100}|COC(C)(C)C{solv}{x=0.739900}>,CCCCCCCCC,COC(C)(C)C,openff-2.1.0,1,0.4840091854823924,0.0485087419500047,0.371,0.0075
21869,1079,dens_1264105858192356202,1079,Density,<Substance CCCCCCCCC{solv}{x=0.499200}|COC(C)(C)C{solv}{x=0.500800}>,CCCCCCCCC,COC(C)(C)C,openff-2.1.0,1,0.7214691342321568,0.0001953203828308,0.7207300000000002,0.00029
21870,1080,dhmix_1760873631242020891,1080,EnthalpyOfMixing,<Substance CCCCCCCCC{solv}{x=0.759600}|COC(C)(C)C{solv}{x=0.240400}>,CCCCCCCCC,COC(C)(C)C,openff-2.1.0,1,0.3797230004738594,0.0548020311088619,0.345,0.007
21871,1081,dens_2012579877169955729,1081,Density,<Substance CCCCCCCCC{solv}{x=0.199500}|COC(C)(C)C{solv}{x=0.800500}>,CCCCCCCCC,COC(C)(C)C,openff-2.1.0,1,0.7350918580563964,0.000236042142432,0.7281100000000001,0.000285
21872,1082,dhmix_2200368758776542578,1082,EnthalpyOfMixing,<Substance CCCCCCCCC{solv}{x=0.513300}|COC(C)(C)C{solv}{x=0.486700}>,CCCCCCCCC,COC(C)(C)C,openff-2.1.0,1,0.7244109287950806,0.0503343235475947,0.486,0.0095
21873,1083,dhmix_972091313059406932,1083,EnthalpyOfMixing,<Substance CCCNCCC{solv}{x=0.248200}|CN(C)C=O{solv}{x=0.751800}>,CCCNCCC,CN(C)C=O,openff-2.1.0,1,0.1339935014748903,0.0412028992685052,0.613,0.0195
21874,1084,dhmix_1037416167092316519,1084,EnthalpyOfMixing,<Substance CCCNCCC{solv}{x=0.499500}|CN(C)C=O{solv}{x=0.500500}>,CCCNCCC,CN(C)C=O,openff-2.1.0,1,0.1213869709559887,0.0441269258232734,0.748,0.0225
21875,1085,dhmix_1525975551610336413,1085,EnthalpyOfMixing,<Substance CCCNCCC{solv}{x=0.749600}|CN(C)C=O{solv}{x=0.250400}>,CCCNCCC,CN(C)C=O,openff-2.1.0,1,0.1023256213528256,0.0531754143352817,0.529,0.017
21876,1086,dens_1610465641813938660,1086,Density,<Substance CCCNCCC{solv}{x=0.745900}|CN(C)C=O{solv}{x=0.254100}>,CCCNCCC,CN(C)C=O,openff-2.1.0,1,0.7703894622329788,0.000204295601669,0.7687320000000002,0.0009355
21877,1087,dens_2129043605695010641,1087,Density,<Substance CCCNCCC{solv}{x=0.503400}|CN(C)C=O{solv}{x=0.496600}>,CCCNCCC,CN(C)C=O,openff-2.1.0,1,0.8079206223577554,0.0002340315720098,0.8108000000000002,0.0009885
21878,1088,dens_2129124855081233158,1088,Density,<Substance CCCNCCC{solv}{x=0.252300}|CN(C)C=O{solv}{x=0.747700}>,CCCNCCC,CN(C)C=O,openff-2.1.0,1,0.8564735813028072,0.0002419917803674,0.8674480000000002,0.0010625
21879,1089,dhmix_1022139531284796266,1089,EnthalpyOfMixing,<Substance CCCO{solv}{x=0.730200}|O=Cc1ccccc1{solv}{x=0.269800}>,CCCO,O=Cc1ccccc1,openff-2.1.0,1,1.1055914232486757,0.0380775646012057,1.3784,0.00585
21880,1090,dens_1530410585842005416,1090,Density,<Substance CCCO{solv}{x=0.802500}|O=Cc1ccccc1{solv}{x=0.197500}>,CCCO,O=Cc1ccccc1,openff-2.1.0,1,0.8619248269694472,0.0002345358436412,0.8676000000000003,0.0054
21881,1091,dens_1586325098516354010,1091,Density,<Substance CCCO{solv}{x=0.500300}|O=Cc1ccccc1{solv}{x=0.499700}>,CCCO,O=Cc1ccccc1,openff-2.1.0,1,0.9392919367417848,0.0001746900199361,0.9470000000000002,0.0035
21882,1092,dhmix_1860362391399300385,1092,EnthalpyOfMixing,<Substance CCCO{solv}{x=0.237400}|O=Cc1ccccc1{solv}{x=0.762600}>,CCCO,O=Cc1ccccc1,openff-2.1.0,1,0.9526274161589754,0.0427399945794805,1.2579,0.0055
21883,1093,dens_2022804020725863961,1093,Density,<Substance CCCO{solv}{x=0.192900}|O=Cc1ccccc1{solv}{x=0.807100}>,CCCO,O=Cc1ccccc1,openff-2.1.0,1,1.001289699649244,0.0001669176974692,1.0128,0.00265
21884,1094,dhmix_2114980631721668598,1094,EnthalpyOfMixing,<Substance CCCO{solv}{x=0.517800}|O=Cc1ccccc1{solv}{x=0.482200}>,CCCO,O=Cc1ccccc1,openff-2.1.0,1,1.3254982664266777,0.0363960062945145,1.6361,0.00675
21885,1095,dens_1061385011202038988,1095,Density,<Substance CC(C)O{solv}{x=0.495900}|CCCCOCCO{solv}{x=0.504100}>,CC(C)O,CCCCOCCO,openff-2.1.0,1,0.8638883478011599,0.0002009106863671,0.8550000000000002,5.450000000000001e-05
21886,1096,dens_1314274960992474794,1096,Density,<Substance CC(C)O{solv}{x=0.292200}|CCCCOCCO{solv}{x=0.707800}>,CC(C)O,CCCCOCCO,openff-2.1.0,1,0.8795200135480628,0.0001783547048272,0.8743700000000002,4.600000000000001e-05
21887,1097,dens_1729117108592325655,1097,Density,<Substance CC(C)O{solv}{x=0.743300}|CCCCOCCO{solv}{x=0.256700}>,CC(C)O,CCCCOCCO,openff-2.1.0,1,0.8395274618594902,0.0002175410033555,0.8247900000000001,5.600000000000001e-05
21888,1098,dens_1112128096721834081,1098,Density,<Substance CNCCO{solv}{x=0.800900}|O{solv}{x=0.199100}>,CNCCO,O,openff-2.1.0,1,0.9645651283730788,0.0005312781589141,0.9466300000000002,0.00032
21889,1099,dens_1381694863030749046,1099,Density,<Substance CNCCO{solv}{x=0.198700}|O{solv}{x=0.801300}>,CNCCO,O,openff-2.1.0,1,0.9825195544978568,0.0003915295563333,0.9960300000000002,0.00016
21890,1100,dhmix_1383192140212198237,1100,EnthalpyOfMixing,<Substance CNCCO{solv}{x=0.798800}|O{solv}{x=0.201200}>,CNCCO,O,openff-2.1.0,1,-1.0419524809679928,0.0369155885547257,-1.219,0.025
21891,1101,dens_1615304038745182966,1101,Density,<Substance CNCCO{solv}{x=0.504100}|O{solv}{x=0.495900}>,CNCCO,O,openff-2.1.0,1,0.9768455949108316,0.0004869938538231,0.9688100000000002,0.000235
21892,1102,dhmix_1902240048183935170,1102,EnthalpyOfMixing,<Substance CNCCO{solv}{x=0.501700}|O{solv}{x=0.498300}>,CNCCO,O,openff-2.1.0,1,-1.853479902563244,0.0337164222300021,-2.508,0.051
21893,1103,dhmix_2185888808838690563,1103,EnthalpyOfMixing,<Substance CNCCO{solv}{x=0.199200}|O{solv}{x=0.800800}>,CNCCO,O,openff-2.1.0,1,-1.0351260899530477,0.0266522848073616,-2.243,0.0455
21894,1104,dens_1155626281932782094,1104,Density,<Substance CCC(C)=O{solv}{x=0.292200}|CN1CCCC1=O{solv}{x=0.707800}>,CCC(C)=O,CN1CCCC1=O,openff-2.1.0,1,0.938085735831234,0.0001802128603011,0.9591400000000002,0.00262
21895,1105,dens_1354588388489384902,1105,Density,<Substance CCC(C)=O{solv}{x=0.779300}|CN1CCCC1=O{solv}{x=0.220700}>,CCC(C)=O,CN1CCCC1=O,openff-2.1.0,1,0.8269849954284972,0.0002213441949382,0.8467600000000002,0.002595
21896,1106,dhmix_1468142552678388689,1106,EnthalpyOfMixing,<Substance CCC(C)=O{solv}{x=0.484100}|CN1CCCC1=O{solv}{x=0.515900}>,CCC(C)=O,CN1CCCC1=O,openff-2.1.0,1,0.195671798298644,0.037420525923656,-0.1675,0.00415
21897,1107,dhmix_1545004468946955771,1107,EnthalpyOfMixing,<Substance CCC(C)=O{solv}{x=0.246100}|CN1CCCC1=O{solv}{x=0.753900}>,CCC(C)=O,CN1CCCC1=O,openff-2.1.0,1,0.1025788900697826,0.0402936310879356,-0.0999,0.0031
21898,1108,dhmix_1746826813990258300,1108,EnthalpyOfMixing,<Substance CCC(C)=O{solv}{x=0.732400}|CN1CCCC1=O{solv}{x=0.267600}>,CCC(C)=O,CN1CCCC1=O,openff-2.1.0,1,0.1631535331219353,0.0359710860937404,-0.0861,0.0029
21899,1109,dens_2035401379156582518,1109,Density,<Substance CCC(C)=O{solv}{x=0.479500}|CN1CCCC1=O{solv}{x=0.520500}>,CCC(C)=O,CN1CCCC1=O,openff-2.1.0,1,0.8976029816855162,0.0002387260508803,0.9166100000000004,0.00261
21900,1110,dens_1159403686634788877,1110,Density,<Substance C1CCOCC1{solv}{x=0.253600}|Cc1ccncc1{solv}{x=0.746400}>,C1CCOCC1,Cc1ccncc1,openff-2.1.0,1,0.9300765721862168,0.0002243114972671,0.9329390000000002,0.0002125
21901,1111,dhmix_1427533760370073434,1111,EnthalpyOfMixing,<Substance C1CCOCC1{solv}{x=0.241600}|Cc1ccncc1{solv}{x=0.758400}>,C1CCOCC1,Cc1ccncc1,openff-2.1.0,1,0.0673341827522939,0.0448233378485474,0.0975,0.001
21902,1112,dens_1586440979425114987,1112,Density,<Substance C1CCOCC1{solv}{x=0.491300}|Cc1ccncc1{solv}{x=0.508700}>,C1CCOCC1,Cc1ccncc1,openff-2.1.0,1,0.9128750954582904,0.0002239441515835,0.9162950000000002,0.0002825
21903,1113,dhmix_1681679230288000235,1113,EnthalpyOfMixing,<Substance C1CCOCC1{solv}{x=0.483400}|Cc1ccncc1{solv}{x=0.516600}>,C1CCOCC1,Cc1ccncc1,openff-2.1.0,1,0.1506634648792371,0.0401557948022274,0.1741,0.00135
21904,1114,dhmix_1854625047398559527,1114,EnthalpyOfMixing,<Substance C1CCOCC1{solv}{x=0.826200}|Cc1ccncc1{solv}{x=0.173800}>,C1CCOCC1,Cc1ccncc1,openff-2.1.0,1,0.0777749979085271,0.0438448522767665,0.0948,0.001
21905,1115,dens_1998279082934343093,1115,Density,<Substance C1CCOCC1{solv}{x=0.826300}|Cc1ccncc1{solv}{x=0.173700}>,C1CCOCC1,Cc1ccncc1,openff-2.1.0,1,0.8776953309021137,0.0002566010203839,0.8827950000000002,0.000387
21906,1116,dens_1226224986443053492,1116,Density,<Substance CCOc1ccccc1{solv}{x=0.482600}|OCCc1ccccc1{solv}{x=0.517400}>,CCOc1ccccc1,OCCc1ccccc1,openff-2.1.0,1,0.9761245386153988,0.0002305931860905,0.9803700000000002,0.00026
21907,1117,dens_1288457717872177367,1117,Density,<Substance CCOc1ccccc1{solv}{x=0.304100}|OCCc1ccccc1{solv}{x=0.695900}>,CCOc1ccccc1,OCCc1ccccc1,openff-2.1.0,1,0.9871038907939202,0.000208236970453,0.9909900000000004,0.00026
21908,1118,dhmix_1400067757990485972,1118,EnthalpyOfMixing,<Substance CCOc1ccccc1{solv}{x=0.738800}|OCCc1ccccc1{solv}{x=0.261200}>,CCOc1ccccc1,OCCc1ccccc1,openff-2.1.0,1,0.9874951136384452,0.053780978678988,1.1427,0.01225
21909,1119,dens_1419265414647987466,1119,Density,<Substance CCOc1ccccc1{solv}{x=0.792900}|OCCc1ccccc1{solv}{x=0.207100}>,CCOc1ccccc1,OCCc1ccccc1,openff-2.1.0,1,0.958550941732108,0.0001483550090929,0.9624400000000004,0.00026
21910,1120,dhmix_1985234108792038812,1120,EnthalpyOfMixing,<Substance CCOc1ccccc1{solv}{x=0.485200}|OCCc1ccccc1{solv}{x=0.514800}>,CCOc1ccccc1,OCCc1ccccc1,openff-2.1.0,1,0.9261490274880372,0.0393098863640911,1.0249,0.011
21911,1121,dhmix_2203675640711482674,1121,EnthalpyOfMixing,<Substance CCOc1ccccc1{solv}{x=0.239100}|OCCc1ccccc1{solv}{x=0.760900}>,CCOc1ccccc1,OCCc1ccccc1,openff-2.1.0,1,0.55151271802454,0.04607332235766,0.6669,0.0072
21912,1122,dens_1247048173376376516,1122,Density,<Substance CCCCC(=O)OC{solv}{x=0.349300}|COC=O{solv}{x=0.650700}>,CCCCC(=O)OC,COC=O,openff-2.1.0,1,0.9391752768979754,0.000255087784711,0.9198400000000002,0.000115
21913,1123,dens_1283923442255956417,1123,Density,<Substance CCCCC(=O)OC{solv}{x=0.500000}|COC=O{solv}{x=0.500000}>,CCCCC(=O)OC,COC=O,openff-2.1.0,1,0.9231160707115968,0.0002455223862693,0.90817,0.00012
21914,1124,dhmix_1491739683552461043,1124,EnthalpyOfMixing,<Substance CCCCC(=O)OC{solv}{x=0.348600}|COC=O{solv}{x=0.651400}>,CCCCC(=O)OC,COC=O,openff-2.1.0,1,0.3606183892449586,0.0343855690083344,0.422,0.0045
21915,1125,dhmix_1747049492522889097,1125,EnthalpyOfMixing,<Substance CCCCC(=O)OC{solv}{x=0.523200}|COC=O{solv}{x=0.476800}>,CCCCC(=O)OC,COC=O,openff-2.1.0,1,0.2963835435180968,0.0384976086054928,0.409,0.0045
21916,1126,dhmix_1990853348078771210,1126,EnthalpyOfMixing,<Substance CCCCC(=O)OC{solv}{x=0.796800}|COC=O{solv}{x=0.203200}>,CCCCC(=O)OC,COC=O,openff-2.1.0,1,0.1108936565053468,0.0408927361371287,0.219,0.0025
21917,1127,dens_2269601061883384185,1127,Density,<Substance CCCCC(=O)OC{solv}{x=0.725800}|COC=O{solv}{x=0.274200}>,CCCCC(=O)OC,COC=O,openff-2.1.0,1,0.903994401881961,0.0002268129929347,0.8955000000000002,0.000135
21918,1128,dens_1266839724964377205,1128,Density,<Substance Cn1ccnc1{solv}{x=0.779500}|O{solv}{x=0.220500}>,Cn1ccnc1,O,openff-2.1.0,1,1.0244428385120836,0.0002410976329322,1.0360000000000005,0.00015
21919,1129,dens_1634862053132906887,1129,Density,<Substance Cn1ccnc1{solv}{x=0.498200}|O{solv}{x=0.501800}>,Cn1ccnc1,O,openff-2.1.0,1,1.0208038251324665,0.0003035523034101,1.0416,0.00015
21920,1130,dens_1681126092995837883,1130,Density,<Substance Cn1ccnc1{solv}{x=0.216700}|O{solv}{x=0.783300}>,Cn1ccnc1,O,openff-2.1.0,1,1.0066617521593182,0.0003637541298745,1.0301000000000002,0.0001
21921,1131,dhmix_1311251505653939236,1131,EnthalpyOfMixing,<Substance CC(=O)CC(C)=O{solv}{x=0.598500}|O{solv}{x=0.401500}>,CC(=O)CC(C)=O,O,openff-2.1.0,1,0.4308627504178162,0.0325397752123518,0.4905,0.00555
21922,1132,dhmix_1367092272310773702,1132,EnthalpyOfMixing,<Substance CC(=O)CC(C)=O{solv}{x=0.749200}|O{solv}{x=0.250800}>,CC(=O)CC(C)=O,O,openff-2.1.0,1,0.5198752271442686,0.0415999981197849,0.6211,0.00695
21923,1133,dhmix_2033109088651196860,1133,EnthalpyOfMixing,<Substance CC(=O)CC(C)=O{solv}{x=0.200400}|O{solv}{x=0.799600}>,CC(=O)CC(C)=O,O,openff-2.1.0,1,0.0130473530433334,0.0237040274117423,0.1562,0.0021
21924,1134,dens_1319073694995976411,1134,Density,<Substance CC(C)CO{solv}{x=0.762200}|OC1=NCCC1{solv}{x=0.237800}>,CC(C)CO,OC1=NCCC1,openff-2.1.0,1,0.8680802514776038,0.0002434759723432,0.8623100000000001,0.000205
21925,1135,dhmix_1817161401911066523,1135,EnthalpyOfMixing,<Substance CC(C)CO{solv}{x=0.754900}|OC1=NCCC1{solv}{x=0.245100}>,CC(C)CO,OC1=NCCC1,openff-2.1.0,1,1.2689975348014384,0.0405760641404054,0.2989,0.0033
21926,1136,dens_1852757585830259815,1136,Density,<Substance CC(C)CO{solv}{x=0.287400}|OC1=NCCC1{solv}{x=0.712600}>,CC(C)CO,OC1=NCCC1,openff-2.1.0,1,0.9901083035911096,0.0002382732697422,1.0078300000000002,0.000155
21927,1137,dhmix_2057245570503088562,1137,EnthalpyOfMixing,<Substance CC(C)CO{solv}{x=0.259800}|OC1=NCCC1{solv}{x=0.740200}>,CC(C)CO,OC1=NCCC1,openff-2.1.0,1,1.0953843895672293,0.04320081019908,0.1798,0.00205
21928,1138,dens_2175875616459255266,1138,Density,<Substance CC(C)CO{solv}{x=0.489400}|OC1=NCCC1{solv}{x=0.510600}>,CC(C)CO,OC1=NCCC1,openff-2.1.0,1,0.936573353081124,0.0002544445784178,0.9431100000000002,0.00017
21929,1139,dhmix_2273039716774959551,1139,EnthalpyOfMixing,<Substance CC(C)CO{solv}{x=0.497800}|OC1=NCCC1{solv}{x=0.502200}>,CC(C)CO,OC1=NCCC1,openff-2.1.0,1,1.421190002935635,0.0406830095101509,0.2775,0.0031
21930,1140,dens_1400897934227212514,1140,Density,<Substance CC(C)CC(C)(C)C{solv}{x=0.541100}|COC(C)=O{solv}{x=0.458900}>,CC(C)CC(C)(C)C,COC(C)=O,openff-2.1.0,1,0.7704002193243681,0.0002320310585418,0.7495700000000002,0.000505
21931,1141,dhmix_1534218615961922445,1141,EnthalpyOfMixing,<Substance CC(C)CC(C)(C)C{solv}{x=0.256000}|COC(C)=O{solv}{x=0.744000}>,CC(C)CC(C)(C)C,COC(C)=O,openff-2.1.0,1,1.6424009933057686,0.0419057243801096,1.385,0.015
21932,1142,dhmix_1663557420681143866,1142,EnthalpyOfMixing,<Substance CC(C)CC(C)(C)C{solv}{x=0.540600}|COC(C)=O{solv}{x=0.459400}>,CC(C)CC(C)(C)C,COC(C)=O,openff-2.1.0,1,1.9951295362758756,0.045575937023849,1.759,0.019
21933,1143,dens_1833608859418637606,1143,Density,<Substance CC(C)CC(C)(C)C{solv}{x=0.736400}|COC(C)=O{solv}{x=0.263600}>,CC(C)CC(C)(C)C,COC(C)=O,openff-2.1.0,1,0.739225841243261,0.0002076517441944,0.7171000000000002,0.00015
21934,1144,dhmix_1913788848230724771,1144,EnthalpyOfMixing,<Substance CC(C)CC(C)(C)C{solv}{x=0.783300}|COC(C)=O{solv}{x=0.216700}>,CC(C)CC(C)(C)C,COC(C)=O,openff-2.1.0,1,1.5745592934543708,0.0499984795119607,1.149,0.0125
21935,1145,dens_2018568384717712900,1145,Density,<Substance CC(C)CC(C)(C)C{solv}{x=0.238900}|COC(C)=O{solv}{x=0.761100}>,CC(C)CC(C)(C)C,COC(C)=O,openff-2.1.0,1,0.8447551501168723,0.0002193234115447,0.8248000000000002,0.0001
21936,1146,dens_1465225466328543955,1146,Density,<Substance Cc1cccnc1{solv}{x=0.225000}|O{solv}{x=0.775000}>,Cc1cccnc1,O,openff-2.1.0,1,0.9633415012459304,0.0004088419627324,0.9921000000000002,0.0003
21937,1147,dens_1644445312716340330,1147,Density,<Substance Cc1cccnc1{solv}{x=0.500000}|O{solv}{x=0.500000}>,Cc1cccnc1,O,openff-2.1.0,1,0.9561602832202968,0.000327553827587,0.9797000000000002,0.0003
21938,1148,dens_2262998332454406432,1148,Density,<Substance Cc1cccnc1{solv}{x=0.700000}|O{solv}{x=0.300000}>,Cc1cccnc1,O,openff-2.1.0,1,0.952952598788434,0.0002478206473666,0.9690000000000002,0.0003
21939,1149,dens_1601780542508306264,1149,Density,<Substance CC(=O)N(C)C{solv}{x=0.771800}|CCOC(C)=O{solv}{x=0.228200}>,CC(=O)N(C)C,CCOC(C)=O,openff-2.1.0,1,0.8999279138478639,0.000240459063401,0.9286200000000002,0.000185
21940,1150,dens_2126546638582188774,1150,Density,<Substance CC(=O)N(C)C{solv}{x=0.464600}|CCOC(C)=O{solv}{x=0.535400}>,CC(=O)N(C)C,CCOC(C)=O,openff-2.1.0,1,0.9036454416748488,0.0002245855745668,0.9166300000000002,0.00022
21941,1151,dens_2159432384130350508,1151,Density,<Substance CC(=O)N(C)C{solv}{x=0.233100}|CCOC(C)=O{solv}{x=0.766900}>,CC(=O)N(C)C,CCOC(C)=O,openff-2.1.0,1,0.905188861345052,0.0001553107766982,0.9064300000000002,0.000245
21942,1152,dens_1713891284028890335,1152,Density,<Substance CC(=O)O{solv}{x=0.798900}|CCOC(C)=O{solv}{x=0.201100}>,CC(=O)O,CCOC(C)=O,openff-2.1.0,1,1.027796308968001,0.0002721046173166,0.9996600000000002,0.000225
21943,1153,dens_1856345418041920174,1153,Density,<Substance CC(=O)O{solv}{x=0.500700}|CCOC(C)=O{solv}{x=0.499300}>,CC(=O)O,CCOC(C)=O,openff-2.1.0,1,0.971115308037999,0.0002610768693126,0.9514000000000002,0.00018
21944,1154,dens_2035334988982485653,1154,Density,<Substance CC(=O)O{solv}{x=0.294400}|CCOC(C)=O{solv}{x=0.705600}>,CC(=O)O,CCOC(C)=O,openff-2.1.0,1,0.9408990837013762,0.0002540723862214,0.9255000000000002,0.00016
21945,1155,dhmix_592425981731704,0,EnthalpyOfMixing,<Substance C1CCCCC1{solv}{x=0.100300}|Cc1ccccc1{solv}{x=0.899700}>,C1CCCCC1,Cc1ccccc1,openff-2.1.0,2,0.2495891129886303,0.0495262765790692,0.2015,0.0015
21946,1156,dens_191923210986624643,1,Density,<Substance C1CCCCC1{solv}{x=0.697700}|Cc1ccccc1{solv}{x=0.302300}>,C1CCCCC1,Cc1ccccc1,openff-2.1.0,2,0.7645488030035177,0.0001689993062228,0.7818000000000002,0.00041
21947,1157,dens_699555827256664507,2,Density,<Substance C1CCCCC1{solv}{x=0.100000}|Cc1ccccc1{solv}{x=0.900000}>,C1CCCCC1,Cc1ccccc1,openff-2.1.0,2,0.8242682324145922,0.000180795504081,0.8378000000000001,0.00025
21948,1158,dhmix_997331474504366167,3,EnthalpyOfMixing,<Substance C1CCCCC1{solv}{x=0.697900}|Cc1ccccc1{solv}{x=0.302100}>,C1CCCCC1,Cc1ccccc1,openff-2.1.0,2,0.6568115363573384,0.0467496910052912,0.5221,0.0034
21949,1159,dhmix_1586684551148150215,4,EnthalpyOfMixing,<Substance C1CCCCC1{solv}{x=0.397600}|Cc1ccccc1{solv}{x=0.602400}>,C1CCCCC1,Cc1ccccc1,openff-2.1.0,2,0.8391227695237689,0.0325827713251732,0.5887,0.0038
21950,1160,dens_1809100412119556796,5,Density,<Substance C1CCCCC1{solv}{x=0.397500}|Cc1ccccc1{solv}{x=0.602500}>,C1CCCCC1,Cc1ccccc1,openff-2.1.0,2,0.808471502507783,0.0002068355137341,0.8228000000000002,0.0002
21951,1161,dhmix_1261378482688431,6,EnthalpyOfMixing,<Substance CCC(C)=O{solv}{x=0.510600}|Nc1ccccc1{solv}{x=0.489400}>,CCC(C)=O,Nc1ccccc1,openff-2.1.0,2,-0.477744347264661,0.0404540070249618,-1.173,0.0125
21952,1162,dhmix_157258283975731553,7,EnthalpyOfMixing,<Substance CCC(C)=O{solv}{x=0.901800}|Nc1ccccc1{solv}{x=0.098200}>,CCC(C)=O,Nc1ccccc1,openff-2.1.0,2,-0.4764663348423852,0.0404324816693246,-0.469,0.005
21953,1163,dens_610648476268376520,8,Density,<Substance CCC(C)=O{solv}{x=0.502600}|Nc1ccccc1{solv}{x=0.497400}>,CCC(C)=O,Nc1ccccc1,openff-2.1.0,2,0.9249346426875265,0.0002146494413471,0.9213850000000002,5.650000000000002e-05
21954,1164,dens_1388487494953421117,9,Density,<Substance CCC(C)=O{solv}{x=0.901900}|Nc1ccccc1{solv}{x=0.098100}>,CCC(C)=O,Nc1ccccc1,openff-2.1.0,2,0.8065796072693556,0.0002815123541991,0.8265540000000001,7.200000000000002e-05
21955,1165,dhmix_1389656513678923263,10,EnthalpyOfMixing,<Substance CCC(C)=O{solv}{x=0.209900}|Nc1ccccc1{solv}{x=0.790100}>,CCC(C)=O,Nc1ccccc1,openff-2.1.0,2,-0.0844134603736961,0.0509014558852671,-0.648,0.007
21956,1166,dens_2115628806769415578,11,Density,<Substance CCC(C)=O{solv}{x=0.256300}|Nc1ccccc1{solv}{x=0.743700}>,CCC(C)=O,Nc1ccccc1,openff-2.1.0,2,0.9959371991313478,0.0003724255934888,0.9712300000000004,4.900000000000001e-05
21957,1167,dens_1379242187515209,12,Density,<Substance CC#N{solv}{x=0.795200}|CCCCOCCCC{solv}{x=0.204800}>,CC#N,CCCCOCCCC,openff-2.1.0,2,0.7686622065612018,0.0002427240366896,0.7708800000000002,0.000245
21958,1168,dhmix_575991096898484441,13,EnthalpyOfMixing,<Substance CC#N{solv}{x=0.488600}|CCCCOCCCC{solv}{x=0.511400}>,CC#N,CCCCOCCCC,openff-2.1.0,2,0.7365507142787351,0.0422557703435854,1.26543,0.00796
21959,1169,dhmix_1182924089945476872,14,EnthalpyOfMixing,<Substance CC#N{solv}{x=0.241600}|CCCCOCCCC{solv}{x=0.758400}>,CC#N,CCCCOCCCC,openff-2.1.0,2,0.4177562158181445,0.0457764309893995,0.94593,0.00601
21960,1170,dhmix_1244492966201685063,15,EnthalpyOfMixing,<Substance CC#N{solv}{x=0.795200}|CCCCOCCCC{solv}{x=0.204800}>,CC#N,CCCCOCCCC,openff-2.1.0,2,0.474164118701422,0.0317850839535165,0.94289,0.005995
21961,1171,dens_2044032309137951705,16,Density,<Substance CC#N{solv}{x=0.245500}|CCCCOCCCC{solv}{x=0.754500}>,CC#N,CCCCOCCCC,openff-2.1.0,2,0.763773934846771,0.0001975508767104,0.7653000000000001,0.00028
21962,1172,dens_2211436825174998797,17,Density,<Substance CC#N{solv}{x=0.509800}|CCCCOCCCC{solv}{x=0.490200}>,CC#N,CCCCOCCCC,openff-2.1.0,2,0.766210384319387,0.0002480616601298,0.7671500000000001,0.00026
21963,1173,dens_1820034175228694,18,Density,<Substance C1CCCCC1{solv}{x=0.540900}|CN1CCCC1=O{solv}{x=0.459100}>,C1CCCCC1,CN1CCCC1=O,openff-2.1.0,2,0.8556159700946162,0.0001980601602539,0.8757100000000002,0.000335
21964,1174,dhmix_1335365307191460458,19,EnthalpyOfMixing,<Substance C1CCCCC1{solv}{x=0.751800}|CN1CCCC1=O{solv}{x=0.248200}>,C1CCCCC1,CN1CCCC1=O,openff-2.1.0,2,1.502275071281872,0.048249201211915,1.1998,0.01285
21965,1175,dens_1375048033230012198,20,Density,<Substance C1CCCCC1{solv}{x=0.733200}|CN1CCCC1=O{solv}{x=0.266800}>,C1CCCCC1,CN1CCCC1=O,openff-2.1.0,2,0.8104676941435075,0.0002325277774643,0.8287300000000002,0.0004
21966,1176,dhmix_1563298635135474599,21,EnthalpyOfMixing,<Substance C1CCCCC1{solv}{x=0.278900}|CN1CCCC1=O{solv}{x=0.721100}>,C1CCCCC1,CN1CCCC1=O,openff-2.1.0,2,1.4287103342244762,0.0435923001865812,1.2061,0.0129
21967,1177,dens_1606235786379262481,22,Density,<Substance C1CCCCC1{solv}{x=0.227500}|CN1CCCC1=O{solv}{x=0.772500}>,C1CCCCC1,CN1CCCC1=O,openff-2.1.0,2,0.9345525112999908,0.0001731168451163,0.9583800000000002,0.000245
21968,1178,dhmix_1683219349338278021,23,EnthalpyOfMixing,<Substance C1CCCCC1{solv}{x=0.473400}|CN1CCCC1=O{solv}{x=0.526600}>,C1CCCCC1,CN1CCCC1=O,openff-2.1.0,2,1.899551388825813,0.0433179297767063,1.4691,0.0157
21969,1179,dens_4438302718372985,24,Density,<Substance BrCCCCBr{solv}{x=0.717000}|COC=O{solv}{x=0.283000}>,BrCCCCBr,COC=O,openff-2.1.0,2,1.6464442039547007,0.0005043232888598,1.6702600000000003,0.00259
21970,1180,dhmix_369816950910078034,25,EnthalpyOfMixing,<Substance BrCCCCBr{solv}{x=0.778200}|COC=O{solv}{x=0.221800}>,BrCCCCBr,COC=O,openff-2.1.0,2,0.7574169425925206,0.0322202998225386,0.6355,0.0057
21971,1181,dens_460757700461114532,26,Density,<Substance BrCCCCBr{solv}{x=0.495800}|COC=O{solv}{x=0.504200}>,BrCCCCBr,COC=O,openff-2.1.0,2,1.511998184873164,0.0004518625982551,1.5176800000000004,0.001885
21972,1182,dhmix_1496821399278454353,27,EnthalpyOfMixing,<Substance BrCCCCBr{solv}{x=0.265400}|COC=O{solv}{x=0.734600}>,BrCCCCBr,COC=O,openff-2.1.0,2,0.8360680868044224,0.0347978956689938,0.8185,0.00715
21973,1183,dens_1750413656870357630,28,Density,<Substance BrCCCCBr{solv}{x=0.225800}|COC=O{solv}{x=0.774200}>,BrCCCCBr,COC=O,openff-2.1.0,2,1.2859372541440828,0.0004529565577403,1.2671300000000003,0.00104
21974,1184,dhmix_1802862930607761431,29,EnthalpyOfMixing,<Substance BrCCCCBr{solv}{x=0.482000}|COC=O{solv}{x=0.518000}>,BrCCCCBr,COC=O,openff-2.1.0,2,1.069121858722987,0.0344770796449025,1.0243,0.0087
21975,1185,dhmix_8447570649359775,30,EnthalpyOfMixing,<Substance OCCO{solv}{x=0.481700}|OCc1ccccc1{solv}{x=0.518300}>,OCCO,OCc1ccccc1,openff-2.1.0,2,0.3060926661275047,0.0384665416779042,0.201,0.00465
21976,1186,dens_824372741354282107,31,Density,<Substance OCCO{solv}{x=0.505700}|OCc1ccccc1{solv}{x=0.494300}>,OCCO,OCc1ccccc1,openff-2.1.0,2,1.0605117180790136,0.0002433426164937,1.0579000000000005,0.00027
21977,1187,dens_1105173553343721111,32,Density,<Substance OCCO{solv}{x=0.737100}|OCc1ccccc1{solv}{x=0.262900}>,OCCO,OCc1ccccc1,openff-2.1.0,2,1.0815913003123732,0.0003062942877053,1.0753200000000005,0.000275
21978,1188,dhmix_1362282802315816638,33,EnthalpyOfMixing,<Substance OCCO{solv}{x=0.736100}|OCc1ccccc1{solv}{x=0.263900}>,OCCO,OCc1ccccc1,openff-2.1.0,2,0.2128296600455215,0.0396715652039576,0.1383,0.0037
21979,1189,dhmix_1666683879028583081,34,EnthalpyOfMixing,<Substance OCCO{solv}{x=0.236500}|OCc1ccccc1{solv}{x=0.763500}>,OCCO,OCc1ccccc1,openff-2.1.0,2,0.1953045430860598,0.0438420794999442,0.209,0.0048
21980,1190,dens_1698159396404241323,35,Density,<Substance OCCO{solv}{x=0.262200}|OCc1ccccc1{solv}{x=0.737800}>,OCCO,OCc1ccccc1,openff-2.1.0,2,1.0438018191368894,0.0001795761571506,1.0442900000000002,0.000265
21981,1191,dens_8507121971977381,36,Density,<Substance CCOC(C)(C)C{solv}{x=0.505000}|Cc1ccccc1{solv}{x=0.495000}>,CCOC(C)(C)C,Cc1ccccc1,openff-2.1.0,2,0.7992930123869332,0.0002114671774308,0.7937390000000002,0.000467
21982,1192,dens_499290591626962121,37,Density,<Substance CCOC(C)(C)C{solv}{x=0.217000}|Cc1ccccc1{solv}{x=0.783000}>,CCOC(C)(C)C,Cc1ccccc1,openff-2.1.0,2,0.8278911133509196,0.0002500360245879,0.8314450000000002,0.000411
21983,1193,dhmix_820491025608256793,38,EnthalpyOfMixing,<Substance CCOC(C)(C)C{solv}{x=0.501900}|Cc1ccccc1{solv}{x=0.498100}>,CCOC(C)(C)C,Cc1ccccc1,openff-2.1.0,2,-0.2426370514254756,0.0354791954775619,-0.046,0.00055
21984,1194,dhmix_1374163681483564129,39,EnthalpyOfMixing,<Substance CCOC(C)(C)C{solv}{x=0.248900}|Cc1ccccc1{solv}{x=0.751100}>,CCOC(C)(C)C,Cc1ccccc1,openff-2.1.0,2,-0.1615055953103166,0.0418574814859432,-0.0324,0.0005
21985,1195,dens_1904998692863983733,40,Density,<Substance CCOC(C)(C)C{solv}{x=0.701000}|Cc1ccccc1{solv}{x=0.299000}>,CCOC(C)(C)C,Cc1ccccc1,openff-2.1.0,2,0.7813618216447721,0.0002400539281408,0.7696300000000001,0.000503
21986,1196,dhmix_1982853461678580310,41,EnthalpyOfMixing,<Substance CCOC(C)(C)C{solv}{x=0.749500}|Cc1ccccc1{solv}{x=0.250500}>,CCOC(C)(C)C,Cc1ccccc1,openff-2.1.0,2,-0.153816150872089,0.0448452905283931,-0.0348,0.0005
21987,1197,dhmix_13624411991961099,42,EnthalpyOfMixing,<Substance C1CCOCC1{solv}{x=0.237900}|Cc1ccccc1N{solv}{x=0.762100}>,C1CCOCC1,Cc1ccccc1N,openff-2.1.0,2,-0.1511127121887838,0.0466768108007569,-0.3658,0.004
21988,1198,dhmix_510299013171775812,43,EnthalpyOfMixing,<Substance C1CCOCC1{solv}{x=0.741000}|Cc1ccccc1N{solv}{x=0.259000}>,C1CCOCC1,Cc1ccccc1N,openff-2.1.0,2,-0.2126862614536264,0.047709810729214,-0.4892,0.0053
21989,1199,dhmix_1337006691942958969,44,EnthalpyOfMixing,<Substance C1CCOCC1{solv}{x=0.490100}|Cc1ccccc1N{solv}{x=0.509900}>,C1CCOCC1,Cc1ccccc1N,openff-2.1.0,2,-0.2806291732070853,0.0392098717555031,-0.5715,0.0062
21990,1200,dens_1448062547628404156,45,Density,<Substance C1CCOCC1{solv}{x=0.727900}|Cc1ccccc1N{solv}{x=0.272100}>,C1CCOCC1,Cc1ccccc1N,openff-2.1.0,2,0.9191285388942902,0.0001928639329373,0.91866,0.000285
21991,1201,dens_2171966897328079405,46,Density,<Substance C1CCOCC1{solv}{x=0.498600}|Cc1ccccc1N{solv}{x=0.501400}>,C1CCOCC1,Cc1ccccc1N,openff-2.1.0,2,0.9523679635909024,0.0002968236124527,0.9459860000000002,0.0002275
21992,1202,dens_2201621104799327758,47,Density,<Substance C1CCOCC1{solv}{x=0.229700}|Cc1ccccc1N{solv}{x=0.770300}>,C1CCOCC1,Cc1ccccc1N,openff-2.1.0,2,0.990358900515398,0.000265903611497,0.9734540000000002,0.000164
21993,1203,dens_15008167137789802,48,Density,<Substance CCCCCl{solv}{x=0.299200}|CN(C)C=O{solv}{x=0.700800}>,CCCCCl,CN(C)C=O,openff-2.1.0,2,0.902292718719836,0.0003028159084842,0.9218000000000002,0.0002
21994,1204,dens_550868133232739009,49,Density,<Substance CCCCCl{solv}{x=0.701200}|CN(C)C=O{solv}{x=0.298800}>,CCCCCl,CN(C)C=O,openff-2.1.0,2,0.880456076331718,0.0003045572546759,0.8963000000000002,0.0002
21995,1205,dhmix_1315230298567753558,50,EnthalpyOfMixing,<Substance CCCCCl{solv}{x=0.793000}|CN(C)C=O{solv}{x=0.207000}>,CCCCCl,CN(C)C=O,openff-2.1.0,2,0.6327095635086906,0.0330577530159187,0.404,0.003
21996,1206,dhmix_1929975181819720491,51,EnthalpyOfMixing,<Substance CCCCCl{solv}{x=0.493000}|CN(C)C=O{solv}{x=0.507000}>,CCCCCl,CN(C)C=O,openff-2.1.0,2,0.8671021323038701,0.0401463967882864,0.571,0.003
21997,1207,dhmix_1976787548784045784,52,EnthalpyOfMixing,<Substance CCCCCl{solv}{x=0.295000}|CN(C)C=O{solv}{x=0.705000}>,CCCCCl,CN(C)C=O,openff-2.1.0,2,0.744434950548758,0.0364512074201753,0.467,0.003
21998,1208,dens_2008819185276371643,53,Density,<Substance CCCCCl{solv}{x=0.499000}|CN(C)C=O{solv}{x=0.501000}>,CCCCCl,CN(C)C=O,openff-2.1.0,2,0.8917818552217601,0.0002820342952603,0.9086000000000002,0.0002
21999,1209,dens_16755306936326197,54,Density,<Substance Cc1ccccc1N{solv}{x=0.255700}|Cc1ccccn1{solv}{x=0.744300}>,Cc1ccccc1N,Cc1ccccn1,openff-2.1.0,2,0.968849459661568,0.0002383602405502,0.9597930000000002,0.000307
22000,1210,dens_238666738854407136,55,Density,<Substance Cc1ccccc1N{solv}{x=0.514600}|Cc1ccccn1{solv}{x=0.485400}>,Cc1ccccc1N,Cc1ccccn1,openff-2.1.0,2,0.988843071386168,0.0002071048202264,0.9748990000000002,0.0002315
22001,1211,dhmix_1909144841681931250,56,EnthalpyOfMixing,<Substance Cc1ccccc1N{solv}{x=0.488200}|Cc1ccccn1{solv}{x=0.511800}>,Cc1ccccc1N,Cc1ccccn1,openff-2.1.0,2,-1.6857471591344575,0.0400834098880446,-1.4976,0.0305
22002,1212,dens_1945534954282706534,57,Density,<Substance Cc1ccccc1N{solv}{x=0.757100}|Cc1ccccn1{solv}{x=0.242900}>,Cc1ccccc1N,Cc1ccccn1,openff-2.1.0,2,1.004494626294391,0.0002094825158214,0.9854410000000002,0.000169
22003,1213,dhmix_2038606904928978856,58,EnthalpyOfMixing,<Substance Cc1ccccc1N{solv}{x=0.782100}|Cc1ccccn1{solv}{x=0.217900}>,Cc1ccccc1N,Cc1ccccn1,openff-2.1.0,2,-1.0523336546666613,0.0468828382544893,-0.8656,0.01775
22004,1214,dhmix_2125558080831870503,59,EnthalpyOfMixing,<Substance Cc1ccccc1N{solv}{x=0.273600}|Cc1ccccn1{solv}{x=0.726400}>,Cc1ccccc1N,Cc1ccccn1,openff-2.1.0,2,-1.5263098373508868,0.0395863849994944,-1.2462,0.0254
22005,1215,dens_19028061622240549,60,Density,<Substance CN(C)CCO{solv}{x=0.296200}|CO{solv}{x=0.703800}>,CN(C)CCO,CO,openff-2.1.0,2,0.8427423774721283,0.000366543312724,0.8506500000000001,0.00014
22006,1216,dens_186649390549115907,61,Density,<Substance CN(C)CCO{solv}{x=0.502000}|CO{solv}{x=0.498000}>,CN(C)CCO,CO,openff-2.1.0,2,0.8677654157434584,0.000292562582582,0.8684000000000002,0.000155
22007,1217,dhmix_1453612193040378117,62,EnthalpyOfMixing,<Substance CN(C)CCO{solv}{x=0.497200}|CO{solv}{x=0.502800}>,CN(C)CCO,CO,openff-2.1.0,2,-1.2219337866575586,0.0293256510410017,-0.8673,0.00935
22008,1218,dens_1978392691277508278,63,Density,<Substance CN(C)CCO{solv}{x=0.707500}|CO{solv}{x=0.292500}>,CN(C)CCO,CO,openff-2.1.0,2,0.8833877804489658,0.0002685238329056,0.8766100000000002,0.00017
22009,1219,dhmix_2113387918969192804,64,EnthalpyOfMixing,<Substance CN(C)CCO{solv}{x=0.247900}|CO{solv}{x=0.752100}>,CN(C)CCO,CO,openff-2.1.0,2,-1.0540108097836054,0.0264847597641655,-0.8057,0.0087
22010,1220,dhmix_2220842061395014218,65,EnthalpyOfMixing,<Substance CN(C)CCO{solv}{x=0.750600}|CO{solv}{x=0.249400}>,CN(C)CCO,CO,openff-2.1.0,2,-0.8384059246684643,0.0456643691563316,-0.5322,0.00585
22011,1221,dhmix_21994921667950318,66,EnthalpyOfMixing,<Substance C=CCCCC{solv}{x=0.500100}|CCCO{solv}{x=0.499900}>,C=CCCCC,CCCO,openff-2.1.0,2,0.7202722143028382,0.0375299093299043,0.595,0.0055
22012,1222,dens_62854823056490751,67,Density,<Substance C=CCCCC{solv}{x=0.150300}|CCCO{solv}{x=0.849700}>,C=CCCCC,CCCO,openff-2.1.0,2,0.7645155398719469,0.0002803978484185,0.7704980000000002,0.0001845
22013,1223,dens_294296714501123310,68,Density,<Substance C=CCCCC{solv}{x=0.499100}|CCCO{solv}{x=0.500900}>,C=CCCCC,CCCO,openff-2.1.0,2,0.7027560362261609,0.0002481793713348,0.7176450000000002,0.0002145
22014,1224,dhmix_829065315899278784,69,EnthalpyOfMixing,<Substance C=CCCCC{solv}{x=0.750000}|CCCO{solv}{x=0.250000}>,C=CCCCC,CCCO,openff-2.1.0,2,0.7680457733356718,0.0438155016601232,0.682,0.006
22015,1225,dens_2024397702416079279,70,Density,<Substance C=CCCCC{solv}{x=0.745600}|CCCO{solv}{x=0.254400}>,C=CCCCC,CCCO,openff-2.1.0,2,0.6711715145866377,0.0002903063910136,0.6899770000000002,0.0002305
22016,1226,dhmix_2167083041249157622,71,EnthalpyOfMixing,<Substance C=CCCCC{solv}{x=0.150100}|CCCO{solv}{x=0.849900}>,C=CCCCC,CCCO,openff-2.1.0,2,0.2305915342622064,0.0441733639052462,0.192,0.005
22017,1227,dhmix_22428169890990447,72,EnthalpyOfMixing,<Substance CC1(C)C(=O)[C@]2(C)CC[C@H]1C2{solv}{x=0.286000}|CCO{solv}{x=0.714000}>,CC1(C)C(=O)[C@]2(C)CC[C@H]1C2,CCO,openff-2.1.0,2,0.5134315210162583,0.0363746314945725,0.876,0.0265
22018,1228,dhmix_57626661746168078,73,EnthalpyOfMixing,<Substance CC1(C)C(=O)[C@]2(C)CC[C@H]1C2{solv}{x=0.701000}|CCO{solv}{x=0.299000}>,CC1(C)C(=O)[C@]2(C)CC[C@H]1C2,CCO,openff-2.1.0,2,0.7626043913123226,0.0505367648598274,1.0,0.0305
22019,1229,dhmix_287041928444283276,74,EnthalpyOfMixing,<Substance CC1(C)C(=O)[C@]2(C)CC[C@H]1C2{solv}{x=0.488000}|CCO{solv}{x=0.512000}>,CC1(C)C(=O)[C@]2(C)CC[C@H]1C2,CCO,openff-2.1.0,2,0.8196639305885185,0.0479362037725528,1.109,0.0335
22020,1230,dens_618487453946854895,75,Density,<Substance CC1(C)C(=O)[C@]2(C)CC[C@H]1C2{solv}{x=0.501200}|CCO{solv}{x=0.498800}>,CC1(C)C(=O)[C@]2(C)CC[C@H]1C2,CCO,openff-2.1.0,2,0.910176655124386,0.0001915255872194,0.9005900000000002,5.5000000000000016e-05
22021,1231,dens_1408969463542558504,76,Density,<Substance CC1(C)C(=O)[C@]2(C)CC[C@H]1C2{solv}{x=0.789700}|CCO{solv}{x=0.210300}>,CC1(C)C(=O)[C@]2(C)CC[C@H]1C2,CCO,openff-2.1.0,2,0.9390154950575156,0.0001999259337132,0.9274800000000002,6.0000000000000015e-05
22022,1232,dens_2053919413592536040,77,Density,<Substance CC1(C)C(=O)[C@]2(C)CC[C@H]1C2{solv}{x=0.200200}|CCO{solv}{x=0.799800}>,CC1(C)C(=O)[C@]2(C)CC[C@H]1C2,CCO,openff-2.1.0,2,0.8567773002567668,0.0002211775524995,0.8499000000000002,6.500000000000002e-05
22023,1233,dhmix_24700325920498635,78,EnthalpyOfMixing,<Substance CCC(C)(C)O{solv}{x=0.799400}|CCOC(C)(C)CC{solv}{x=0.200600}>,CCC(C)(C)O,CCOC(C)(C)CC,openff-2.1.0,2,0.5721864838249218,0.0483469234342796,0.448,0.0073
22024,1234,dhmix_252628078473967793,79,EnthalpyOfMixing,<Substance CCC(C)(C)O{solv}{x=0.299700}|CCOC(C)(C)CC{solv}{x=0.700300}>,CCC(C)(C)O,CCOC(C)(C)CC,openff-2.1.0,2,1.0427877740618283,0.042399524819334,0.9727,0.0132
22025,1235,dens_281609537293621351,80,Density,<Substance CCC(C)(C)O{solv}{x=0.799400}|CCOC(C)(C)CC{solv}{x=0.200600}>,CCC(C)(C)O,CCOC(C)(C)CC,openff-2.1.0,2,0.808001800014078,0.0002444860320866,0.7932000000000002,0.00025
22026,1236,dhmix_980734994193955874,81,EnthalpyOfMixing,<Substance CCC(C)(C)O{solv}{x=0.498700}|CCOC(C)(C)CC{solv}{x=0.501300}>,CCC(C)(C)O,CCOC(C)(C)CC,openff-2.1.0,2,0.9179721001866952,0.0406926667226239,0.8937,0.01225
22027,1237,dens_1165049856972872340,82,Density,<Substance CCC(C)(C)O{solv}{x=0.498700}|CCOC(C)(C)CC{solv}{x=0.501300}>,CCC(C)(C)O,CCOC(C)(C)CC,openff-2.1.0,2,0.7896515675483653,0.0002196216423936,0.7789000000000001,0.0002
22028,1238,dens_2297026976830009992,83,Density,<Substance CCC(C)(C)O{solv}{x=0.299700}|CCOC(C)(C)CC{solv}{x=0.700300}>,CCC(C)(C)O,CCOC(C)(C)CC,openff-2.1.0,2,0.7796223779014063,0.0001524299696174,0.7709000000000001,0.0002
22029,1239,dens_25810987980199799,84,Density,<Substance CCCCCC{solv}{x=0.158800}|Cc1ccccc1{solv}{x=0.841200}>,CCCCCC,Cc1ccccc1,openff-2.1.0,2,0.8117565208606362,0.0001738326319837,0.8226300000000002,0.000335
22030,1240,dens_574637447996217594,85,Density,<Substance CCCCCC{solv}{x=0.501100}|Cc1ccccc1{solv}{x=0.498900}>,CCCCCC,Cc1ccccc1,openff-2.1.0,2,0.7364435540068075,0.0002302918715968,0.7484400000000002,0.00015
22031,1241,dhmix_1373657903424456878,86,EnthalpyOfMixing,<Substance CCCCCC{solv}{x=0.158600}|Cc1ccccc1{solv}{x=0.841400}>,CCCCCC,Cc1ccccc1,openff-2.1.0,2,0.3738661410828712,0.0452751421171209,0.3163,0.0043
22032,1242,dhmix_1383995974797334848,87,EnthalpyOfMixing,<Substance CCCCCC{solv}{x=0.472300}|Cc1ccccc1{solv}{x=0.527700}>,CCCCCC,Cc1ccccc1,openff-2.1.0,2,0.707326958895564,0.0338529317520297,0.5467,0.00715
22033,1243,dhmix_1412344026798360911,88,EnthalpyOfMixing,<Substance CCCCCC{solv}{x=0.748400}|Cc1ccccc1{solv}{x=0.251600}>,CCCCCC,Cc1ccccc1,openff-2.1.0,2,0.4782537319803168,0.0443665738866133,0.393,0.00525
22034,1244,dens_2241575426887298365,89,Density,<Substance CCCCCC{solv}{x=0.733800}|Cc1ccccc1{solv}{x=0.266200}>,CCCCCC,Cc1ccccc1,openff-2.1.0,2,0.6916257188147491,0.0002392933416203,0.7020900000000002,0.000305
22035,1245,dens_27241401908451167,90,Density,<Substance CN(C)C=O{solv}{x=0.503500}|Cc1ccccc1Cl{solv}{x=0.496500}>,CN(C)C=O,Cc1ccccc1Cl,openff-2.1.0,2,1.0145691125090477,0.0002089370676856,1.0247000000000004,0.0005
22036,1246,dhmix_674882857451857086,91,EnthalpyOfMixing,<Substance CN(C)C=O{solv}{x=0.511800}|Cc1ccccc1Cl{solv}{x=0.488200}>,CN(C)C=O,Cc1ccccc1Cl,openff-2.1.0,2,0.216382125540143,0.0378730597054102,0.545,0.006
22037,1247,dens_818042132181297482,92,Density,<Substance CN(C)C=O{solv}{x=0.751200}|Cc1ccccc1Cl{solv}{x=0.248800}>,CN(C)C=O,Cc1ccccc1Cl,openff-2.1.0,2,0.97188323855927,0.0002606556442018,0.9898800000000002,0.0005
22038,1248,dens_861365281257265917,93,Density,<Substance CN(C)C=O{solv}{x=0.273700}|Cc1ccccc1Cl{solv}{x=0.726300}>,CN(C)C=O,Cc1ccccc1Cl,openff-2.1.0,2,1.0364364666669,0.0002810177363342,1.0415000000000003,0.0005
22039,1249,dhmix_1670364528496870559,94,EnthalpyOfMixing,<Substance CN(C)C=O{solv}{x=0.767900}|Cc1ccccc1Cl{solv}{x=0.232100}>,CN(C)C=O,Cc1ccccc1Cl,openff-2.1.0,2,0.1538523132606215,0.0413682025381086,0.436,0.005
22040,1250,dhmix_1992689527814967541,95,EnthalpyOfMixing,<Substance CN(C)C=O{solv}{x=0.274300}|Cc1ccccc1Cl{solv}{x=0.725700}>,CN(C)C=O,Cc1ccccc1Cl,openff-2.1.0,2,0.2531131497777394,0.0419964229823712,0.373,0.004
22041,1251,dens_29213618499921464,96,Density,<Substance C1CCOCC1{solv}{x=0.254000}|O=C1CCCCCC1{solv}{x=0.746000}>,C1CCOCC1,O=C1CCCCCC1,openff-2.1.0,2,0.9154574374373944,0.0001582790635445,0.9355100000000002,0.00051
22042,1252,dens_468319504030932569,97,Density,<Substance C1CCOCC1{solv}{x=0.498600}|O=C1CCCCCC1{solv}{x=0.501400}>,C1CCOCC1,O=C1CCCCCC1,openff-2.1.0,2,0.9042726890670092,0.0002100153211144,0.9211200000000004,0.00051
22043,1253,dens_1174890511154571939,98,Density,<Substance C1CCOCC1{solv}{x=0.768600}|O=C1CCCCCC1{solv}{x=0.231400}>,C1CCOCC1,O=C1CCCCCC1,openff-2.1.0,2,0.8893168655964088,0.0002055277830986,0.9012200000000002,0.000505
22044,1254,dens_30084818585402677,99,Density,<Substance CC(=O)N(C)C{solv}{x=0.700600}|ClCCCCCCCl{solv}{x=0.299400}>,CC(=O)N(C)C,ClCCCCCCCl,openff-2.1.0,2,0.9627806234577692,0.000155356595666,0.9853000000000002,0.00175
22045,1255,dhmix_384619296407103076,100,EnthalpyOfMixing,<Substance CC(=O)N(C)C{solv}{x=0.504000}|ClCCCCCCCl{solv}{x=0.496000}>,CC(=O)N(C)C,ClCCCCCCCl,openff-2.1.0,2,0.1762747657083849,0.0457587569185152,0.09,0.002
22046,1256,dens_539464371986972328,101,Density,<Substance CC(=O)N(C)C{solv}{x=0.494300}|ClCCCCCCCl{solv}{x=0.505700}>,CC(=O)N(C)C,ClCCCCCCCl,openff-2.1.0,2,0.9991053580548596,0.0001623626025442,1.0123000000000002,0.0016
22047,1257,dhmix_1114659247517686326,102,EnthalpyOfMixing,<Substance CC(=O)N(C)C{solv}{x=0.798000}|ClCCCCCCCl{solv}{x=0.202000}>,CC(=O)N(C)C,ClCCCCCCCl,openff-2.1.0,2,0.1787943730013514,0.0440762802286551,0.067,0.002
22048,1258,dhmix_1410583096030633514,103,EnthalpyOfMixing,<Substance CC(=O)N(C)C{solv}{x=0.212000}|ClCCCCCCCl{solv}{x=0.788000}>,CC(=O)N(C)C,ClCCCCCCCl,openff-2.1.0,2,0.2019801615234797,0.0447802678207731,0.04,0.002
22049,1259,dens_2244909992725638206,104,Density,<Substance CC(=O)N(C)C{solv}{x=0.300200}|ClCCCCCCCl{solv}{x=0.699800}>,CC(=O)N(C)C,ClCCCCCCCl,openff-2.1.0,2,1.02769087195668,0.0002617412314727,1.0345000000000002,0.0015
22050,1260,dhmix_35301006695188726,105,EnthalpyOfMixing,<Substance CCOC(=O)C(C)C{solv}{x=0.289000}|CO{solv}{x=0.711000}>,CCOC(=O)C(C)C,CO,openff-2.1.0,2,0.5100046957628308,0.0355775054620651,0.488,0.0035
22051,1261,dens_508877804306927207,106,Density,<Substance CCOC(=O)C(C)C{solv}{x=0.499000}|CO{solv}{x=0.501000}>,CCOC(=O)C(C)C,CO,openff-2.1.0,2,0.8449069275429976,0.0002775820548752,0.8414100000000002,0.00011
22052,1262,dens_1201422771202741625,107,Density,<Substance CCOC(=O)C(C)C{solv}{x=0.199600}|CO{solv}{x=0.800400}>,CCOC(=O)C(C)C,CO,openff-2.1.0,2,0.8110917655244871,0.0003650134120898,0.8173600000000002,0.000115
22053,1263,dhmix_1951183536432642425,108,EnthalpyOfMixing,<Substance CCOC(=O)C(C)C{solv}{x=0.480000}|CO{solv}{x=0.520000}>,CCOC(=O)C(C)C,CO,openff-2.1.0,2,0.8021501725552653,0.0402128087907417,0.671,0.0045
22054,1264,dens_1998368384671748308,109,Density,<Substance CCOC(=O)C(C)C{solv}{x=0.703000}|CO{solv}{x=0.297000}>,CCOC(=O)C(C)C,CO,openff-2.1.0,2,0.8583405255325779,0.0002885809122079,0.8501200000000002,0.00011
22055,1265,dhmix_2200604492347455092,110,EnthalpyOfMixing,<Substance CCOC(=O)C(C)C{solv}{x=0.771000}|CO{solv}{x=0.229000}>,CCOC(=O)C(C)C,CO,openff-2.1.0,2,0.5310000271431079,0.0440075928181722,0.632,0.0045
22056,1266,dhmix_39159150320919359,111,EnthalpyOfMixing,<Substance CCO{solv}{x=0.799700}|Cc1cccc(O)c1{solv}{x=0.200300}>,CCO,Cc1cccc(O)c1,openff-2.1.0,2,-0.56261531307414,0.0304758832229225,-0.79199,0.011965
22057,1267,dens_410843938837220593,112,Density,<Substance CCO{solv}{x=0.263700}|Cc1cccc(O)c1{solv}{x=0.736300}>,CCO,Cc1cccc(O)c1,openff-2.1.0,2,0.9953566177687676,0.0002457812447795,0.9852300000000004,0.0006
22058,1268,dhmix_1115402835538407874,113,EnthalpyOfMixing,<Substance CCO{solv}{x=0.212500}|Cc1cccc(O)c1{solv}{x=0.787500}>,CCO,Cc1cccc(O)c1,openff-2.1.0,2,-0.4217026742893708,0.0602860297801207,-0.68742,0.01275
22059,1269,dens_1359111234216199895,114,Density,<Substance CCO{solv}{x=0.472400}|Cc1cccc(O)c1{solv}{x=0.527600}>,CCO,Cc1cccc(O)c1,openff-2.1.0,2,0.9574916001559388,0.0002361431772985,0.9446300000000002,0.0006
22060,1270,dens_1590314985481219627,115,Density,<Substance CCO{solv}{x=0.781700}|Cc1cccc(O)c1{solv}{x=0.218300}>,CCO,Cc1cccc(O)c1,openff-2.1.0,2,0.875299086244603,0.0002110846318572,0.8631500000000002,0.000605
22061,1271,dhmix_1871939727966182523,116,EnthalpyOfMixing,<Substance CCO{solv}{x=0.413900}|Cc1cccc(O)c1{solv}{x=0.586100}>,CCO,Cc1cccc(O)c1,openff-2.1.0,2,-0.956765563424348,0.0376353455793775,-1.14624,0.00985
22062,1272,dens_42678158079716854,117,Density,<Substance CN1CCCC1=O{solv}{x=0.937492}|c1ccccc1{solv}{x=0.062508}>,CN1CCCC1=O,c1ccccc1,openff-2.1.0,2,0.9942400839708748,0.0002145945008805,1.0204500000000003,3.500000000000001e-05
22063,1273,dens_252520620125458637,118,Density,<Substance CN1CCCC1=O{solv}{x=0.513500}|c1ccccc1{solv}{x=0.486500}>,CN1CCCC1=O,c1ccccc1,openff-2.1.0,2,0.9485958205874336,0.0001693514843842,0.9684700000000004,0.00018
22064,1274,dhmix_524477957640851666,119,EnthalpyOfMixing,<Substance CN1CCCC1=O{solv}{x=0.235600}|c1ccccc1{solv}{x=0.764400}>,CN1CCCC1=O,c1ccccc1,openff-2.1.0,2,-0.176382523679571,0.0417110894853459,-0.3684,0.00405
22065,1275,dhmix_1475629358723962160,120,EnthalpyOfMixing,<Substance CN1CCCC1=O{solv}{x=0.546700}|c1ccccc1{solv}{x=0.453300}>,CN1CCCC1=O,c1ccccc1,openff-2.1.0,2,-0.12690597173642,0.0387926174681248,-0.4943,0.00535
22066,1276,dens_2041306780823594960,121,Density,<Substance CN1CCCC1=O{solv}{x=0.252400}|c1ccccc1{solv}{x=0.747600}>,CN1CCCC1=O,c1ccccc1,openff-2.1.0,2,0.9009166536261332,0.0002601864435522,0.9163300000000004,0.00029
22067,1277,dhmix_2156508970935294660,122,EnthalpyOfMixing,<Substance CN1CCCC1=O{solv}{x=0.741100}|c1ccccc1{solv}{x=0.258900}>,CN1CCCC1=O,c1ccccc1,openff-2.1.0,2,-0.1386811031388362,0.0451980171209441,-0.3841,0.0042
22068,1278,dhmix_44217680865702366,123,EnthalpyOfMixing,<Substance CC(=O)c1ccccc1{solv}{x=0.200100}|CC(C)O{solv}{x=0.799900}>,CC(=O)c1ccccc1,CC(C)O,openff-2.1.0,2,0.8695821310434737,0.0365469915418421,1.1352,0.0124
22069,1279,dens_91454082453656404,124,Density,<Substance CC(=O)c1ccccc1{solv}{x=0.756100}|CC(C)O{solv}{x=0.243900}>,CC(=O)c1ccccc1,CC(C)O,openff-2.1.0,2,0.9754213482790578,0.0001989690761425,0.9823500000000004,0.000175
22070,1280,dens_152869924254680766,125,Density,<Substance CC(=O)c1ccccc1{solv}{x=0.251700}|CC(C)O{solv}{x=0.748300}>,CC(=O)c1ccccc1,CC(C)O,openff-2.1.0,2,0.8784947712775704,0.0002454708550193,0.8654400000000002,0.000245
22071,1281,dhmix_1214494501247401592,126,EnthalpyOfMixing,<Substance CC(=O)c1ccccc1{solv}{x=0.499600}|CC(C)O{solv}{x=0.500400}>,CC(=O)c1ccccc1,CC(C)O,openff-2.1.0,2,1.1801229638894348,0.0403667192246492,1.5703,0.0169
22072,1282,dhmix_1482394504883204224,127,EnthalpyOfMixing,<Substance CC(=O)c1ccccc1{solv}{x=0.700600}|CC(C)O{solv}{x=0.299400}>,CC(=O)c1ccccc1,CC(C)O,openff-2.1.0,2,0.9721509763069562,0.0453540472522964,1.3758,0.01485
22073,1283,dens_1804860114822214449,128,Density,<Substance CC(=O)c1ccccc1{solv}{x=0.534500}|CC(C)O{solv}{x=0.465500}>,CC(=O)c1ccccc1,CC(C)O,openff-2.1.0,2,0.9388091120993358,0.0001670367065813,0.9375600000000002,0.0002
22074,1284,dhmix_47323681380989568,129,EnthalpyOfMixing,<Substance CCCCCCCCCl{solv}{x=0.498000}|CN(C)C=O{solv}{x=0.502000}>,CCCCCCCCCl,CN(C)C=O,openff-2.1.0,2,1.2752988028321963,0.0444600794667257,1.087,0.0045
22075,1285,dhmix_620291288515939248,130,EnthalpyOfMixing,<Substance CCCCCCCCCl{solv}{x=0.790000}|CN(C)C=O{solv}{x=0.210000}>,CCCCCCCCCl,CN(C)C=O,openff-2.1.0,2,1.0272076277484814,0.0510394863092036,0.68,0.0045
22076,1286,dens_1830564734879843336,131,Density,<Substance CCCCCCCCCl{solv}{x=0.733100}|CN(C)C=O{solv}{x=0.266900}>,CCCCCCCCCl,CN(C)C=O,openff-2.1.0,2,0.8723211835675595,0.0001705544787047,0.8779000000000002,0.00045
22077,1287,dens_1865569264533219410,132,Density,<Substance CCCCCCCCCl{solv}{x=0.500800}|CN(C)C=O{solv}{x=0.499200}>,CCCCCCCCCl,CN(C)C=O,openff-2.1.0,2,0.8809912243353251,0.0001496180558165,0.8897000000000003,0.0004
22078,1288,dens_1893252821735673677,133,Density,<Substance CCCCCCCCCl{solv}{x=0.199800}|CN(C)C=O{solv}{x=0.800200}>,CCCCCCCCCl,CN(C)C=O,openff-2.1.0,2,0.8979571408208615,0.0002797174596272,0.9149000000000002,0.0003
22079,1289,dhmix_2175249209874409534,134,EnthalpyOfMixing,<Substance CCCCCCCCCl{solv}{x=0.205000}|CN(C)C=O{solv}{x=0.795000}>,CCCCCCCCCl,CN(C)C=O,openff-2.1.0,2,1.042348825695136,0.0376159808590908,0.79,0.0045
22080,1290,dens_47347406470845261,135,Density,<Substance BrCCCBr{solv}{x=0.748600}|COC=O{solv}{x=0.251400}>,BrCCCBr,COC=O,openff-2.1.0,2,1.7622075265545394,0.0005512386948617,1.7969200000000003,0.00306
22081,1291,dens_398260729245374704,136,Density,<Substance BrCCCBr{solv}{x=0.472200}|COC=O{solv}{x=0.527800}>,BrCCCBr,COC=O,openff-2.1.0,2,1.553875516296936,0.0004698059038946,1.5585100000000005,0.001985
22082,1292,dhmix_1440467239786579925,137,EnthalpyOfMixing,<Substance BrCCCBr{solv}{x=0.735400}|COC=O{solv}{x=0.264600}>,BrCCCBr,COC=O,openff-2.1.0,2,0.7119772931302641,0.0362911182659321,0.7435,0.00655
22083,1293,dens_1812113401512645360,138,Density,<Substance BrCCCBr{solv}{x=0.204700}|COC=O{solv}{x=0.795300}>,BrCCCBr,COC=O,openff-2.1.0,2,1.282925873561756,0.0003954015147888,1.2611800000000004,0.001025
22084,1294,dhmix_2252268161220427112,139,EnthalpyOfMixing,<Substance BrCCCBr{solv}{x=0.485300}|COC=O{solv}{x=0.514700}>,BrCCCBr,COC=O,openff-2.1.0,2,0.9362990181690768,0.0302997002605078,0.9249,0.00795
22085,1295,dhmix_2289960806584862127,140,EnthalpyOfMixing,<Substance BrCCCBr{solv}{x=0.239500}|COC=O{solv}{x=0.760500}>,BrCCCBr,COC=O,openff-2.1.0,2,0.6579608853934538,0.0358390053043643,0.6669,0.00595
22086,1296,dens_52148744845178727,141,Density,<Substance CC(=O)CC(C)C{solv}{x=0.700900}|CCC(C)(C)O{solv}{x=0.299100}>,CC(=O)CC(C)C,CCC(C)(C)O,openff-2.1.0,2,0.8008140341819661,0.0001956701901756,0.7968700000000002,0.00018
22087,1297,dhmix_202225007451030020,142,EnthalpyOfMixing,<Substance CC(=O)CC(C)C{solv}{x=0.201700}|CCC(C)(C)O{solv}{x=0.798300}>,CC(=O)CC(C)C,CCC(C)(C)O,openff-2.1.0,2,0.2689042464576774,0.0516508793092441,0.8181,0.01135
22088,1298,dens_938275493819605051,143,Density,<Substance CC(=O)CC(C)C{solv}{x=0.500800}|CCC(C)(C)O{solv}{x=0.499200}>,CC(=O)CC(C)C,CCC(C)(C)O,openff-2.1.0,2,0.8068816814828836,0.0001700532496076,0.7987300000000002,0.00018
22089,1299,dhmix_998794233701009996,144,EnthalpyOfMixing,<Substance CC(=O)CC(C)C{solv}{x=0.500800}|CCC(C)(C)O{solv}{x=0.499200}>,CC(=O)CC(C)C,CCC(C)(C)O,openff-2.1.0,2,0.4720544712724397,0.050629789229251,1.3674,0.0185
22090,1300,dhmix_1565593158104493647,145,EnthalpyOfMixing,<Substance CC(=O)CC(C)C{solv}{x=0.700900}|CCC(C)(C)O{solv}{x=0.299100}>,CC(=O)CC(C)C,CCC(C)(C)O,openff-2.1.0,2,0.5760778574046554,0.0447705967129731,1.2068,0.0164
22091,1301,dens_2097057526665137697,146,Density,<Substance CC(=O)CC(C)C{solv}{x=0.201700}|CCC(C)(C)O{solv}{x=0.798300}>,CC(=O)CC(C)C,CCC(C)(C)O,openff-2.1.0,2,0.8172092179179576,0.0003484740603956,0.8030000000000002,0.00019
22092,1302,dens_60145312697659458,147,Density,<Substance OC1=NCCC1{solv}{x=0.231200}|c1ccncc1{solv}{x=0.768800}>,OC1=NCCC1,c1ccncc1,openff-2.1.0,2,1.0042695360803262,0.000213037041376,1.0106200000000003,0.00051
22093,1303,dhmix_281987656487279026,148,EnthalpyOfMixing,<Substance OC1=NCCC1{solv}{x=0.525600}|c1ccncc1{solv}{x=0.474400}>,OC1=NCCC1,c1ccncc1,openff-2.1.0,2,-0.2059306042216349,0.0362415921191679,0.2031,0.0508
22094,1304,dens_617740093035429712,149,Density,<Substance OC1=NCCC1{solv}{x=0.831200}|c1ccncc1{solv}{x=0.168800}>,OC1=NCCC1,c1ccncc1,openff-2.1.0,2,1.0554799029935475,0.0002149785433801,1.0872000000000004,0.00052
22095,1305,dhmix_658699797311871042,150,EnthalpyOfMixing,<Substance OC1=NCCC1{solv}{x=0.261500}|c1ccncc1{solv}{x=0.738500}>,OC1=NCCC1,c1ccncc1,openff-2.1.0,2,-0.3023165149743789,0.039285950979855,0.165,0.04125
22096,1306,dhmix_774470106511868908,151,EnthalpyOfMixing,<Substance OC1=NCCC1{solv}{x=0.831100}|c1ccncc1{solv}{x=0.168900}>,OC1=NCCC1,c1ccncc1,openff-2.1.0,2,-0.1181637672694506,0.0386136188596802,0.0972,0.0243
22097,1307,dens_1837977312272564303,152,Density,<Substance OC1=NCCC1{solv}{x=0.475200}|c1ccncc1{solv}{x=0.524800}>,OC1=NCCC1,c1ccncc1,openff-2.1.0,2,1.0268971283739927,0.0002216466174137,1.0431300000000003,0.000515
22098,1308,dens_64870336397637683,153,Density,<Substance NCCCO{solv}{x=0.489642}|O{solv}{x=0.510358}>,NCCCO,O,openff-2.1.0,2,1.0309503171854002,0.0004490208478587,1.0059000000000002,0.00155
22099,1309,dens_70371380055449550,154,Density,<Substance NCCCO{solv}{x=0.708044}|O{solv}{x=0.291956}>,NCCCO,O,openff-2.1.0,2,1.033653713876871,0.0002955679655585,0.9975000000000004,0.0018
22100,1310,dhmix_150384853762728924,155,EnthalpyOfMixing,<Substance NCCCO{solv}{x=0.751500}|O{solv}{x=0.248500}>,NCCCO,O,openff-2.1.0,2,-0.5002197276154412,0.0544780796240523,-1.531,0.031
22101,1311,dens_847209819230970781,156,Density,<Substance NCCCO{solv}{x=0.272809}|O{solv}{x=0.727191}>,NCCCO,O,openff-2.1.0,2,1.021050275804914,0.0003851772676266,1.0118000000000005,0.0014
22102,1312,dhmix_1448036989335532298,157,EnthalpyOfMixing,<Substance NCCCO{solv}{x=0.298200}|O{solv}{x=0.701800}>,NCCCO,O,openff-2.1.0,2,-0.3825358102588865,0.0257468486096768,-2.501,0.051
22103,1313,dhmix_1551692974855642379,158,EnthalpyOfMixing,<Substance NCCCO{solv}{x=0.498900}|O{solv}{x=0.501100}>,NCCCO,O,openff-2.1.0,2,-0.5462738491719747,0.0453219721377068,-2.462,0.05
22104,1314,dhmix_65921650414250861,159,EnthalpyOfMixing,<Substance CCOC(=O)CC(C)=O{solv}{x=0.499500}|CCO{solv}{x=0.500500}>,CCO,CCOC(=O)CC(C)=O,openff-2.1.0,2,1.3685239231130597,0.0314926963862158,1.7079,0.0183
22105,1315,dhmix_546962203716710778,160,EnthalpyOfMixing,<Substance CCOC(=O)CC(C)=O{solv}{x=0.299400}|CCO{solv}{x=0.700600}>,CCO,CCOC(=O)CC(C)=O,openff-2.1.0,2,1.3259878916922787,0.028551243954832,1.4925,0.01605
22106,1316,dens_989479368116300355,161,Density,<Substance CCOC(=O)CC(C)=O{solv}{x=0.500000}|CCO{solv}{x=0.500000}>,CCO,CCOC(=O)CC(C)=O,openff-2.1.0,2,0.9566517304533524,0.0002077008388383,0.9484700000000004,0.000155
22107,1317,dens_1726065156375824332,162,Density,<Substance CCOC(=O)CC(C)=O{solv}{x=0.250000}|CCO{solv}{x=0.750000}>,CCO,CCOC(=O)CC(C)=O,openff-2.1.0,2,0.8928764371439528,0.0002875642709456,0.8856300000000003,0.00017
22108,1318,dens_1736679431098209973,163,Density,<Substance CCOC(=O)CC(C)=O{solv}{x=0.750000}|CCO{solv}{x=0.250000}>,CCO,CCOC(=O)CC(C)=O,openff-2.1.0,2,0.9995380961259271,0.0001892793049873,0.9917100000000004,0.00017
22109,1319,dhmix_2221487218644783272,164,EnthalpyOfMixing,<Substance CCOC(=O)CC(C)=O{solv}{x=0.700800}|CCO{solv}{x=0.299200}>,CCO,CCOC(=O)CC(C)=O,openff-2.1.0,2,1.2688129470191143,0.0475315318240358,1.478,0.0159
22110,1320,dhmix_68947190908856741,165,EnthalpyOfMixing,<Substance C1COCCO1{solv}{x=0.250000}|O=C1CCCC1{solv}{x=0.750000}>,C1COCCO1,O=C1CCCC1,openff-2.1.0,2,0.0019002300266777,0.0400465056935368,0.04589,0.00057
22111,1321,dens_225413782402822877,166,Density,<Substance C1COCCO1{solv}{x=0.777800}|O=C1CCCC1{solv}{x=0.222200}>,C1COCCO1,O=C1CCCC1,openff-2.1.0,2,1.0095143575903731,0.0002138778332907,1.0081000000000002,0.000255
22112,1322,dhmix_415496698649060745,167,EnthalpyOfMixing,<Substance C1COCCO1{solv}{x=0.500000}|O=C1CCCC1{solv}{x=0.500000}>,C1COCCO1,O=C1CCCC1,openff-2.1.0,2,0.0461163003252949,0.0339345782204172,0.07457,0.00068
22113,1323,dens_803440153424346423,168,Density,<Substance C1COCCO1{solv}{x=0.506300}|O=C1CCCC1{solv}{x=0.493700}>,C1COCCO1,O=C1CCCC1,openff-2.1.0,2,0.9763338221945252,0.0002227637150824,0.9849200000000002,0.00025
22114,1324,dens_1553194080174872005,169,Density,<Substance C1COCCO1{solv}{x=0.243600}|O=C1CCCC1{solv}{x=0.756400}>,C1COCCO1,O=C1CCCC1,openff-2.1.0,2,0.9448629076174436,0.0002259277573991,0.9633500000000004,0.000245
22115,1325,dhmix_1852349497898107924,170,EnthalpyOfMixing,<Substance C1COCCO1{solv}{x=0.750000}|O=C1CCCC1{solv}{x=0.250000}>,C1COCCO1,O=C1CCCC1,openff-2.1.0,2,0.0065777941659916,0.0401956452580293,0.07097,0.000665
22116,1326,dhmix_71170350241685196,171,EnthalpyOfMixing,<Substance COC(C)(C)C{solv}{x=0.749000}|ClC(Cl)Cl{solv}{x=0.251000}>,COC(C)(C)C,ClC(Cl)Cl,openff-2.1.0,2,-1.1307730721290632,0.0357595488786365,-1.9,0.077
22117,1327,dens_554111049740737271,172,Density,<Substance COC(C)(C)C{solv}{x=0.454000}|ClC(Cl)Cl{solv}{x=0.546000}>,COC(C)(C)C,ClC(Cl)Cl,openff-2.1.0,2,1.132386718697399,0.0003531353229566,1.0838000000000003,0.00015
22118,1328,dhmix_1691495556773848750,173,EnthalpyOfMixing,<Substance COC(C)(C)C{solv}{x=0.484000}|ClC(Cl)Cl{solv}{x=0.516000}>,COC(C)(C)C,ClC(Cl)Cl,openff-2.1.0,2,-1.6697968110808432,0.0344641743154095,-2.1,0.0845
22119,1329,dens_1874337336846858625,174,Density,<Substance COC(C)(C)C{solv}{x=0.276000}|ClC(Cl)Cl{solv}{x=0.724000}>,COC(C)(C)C,ClC(Cl)Cl,openff-2.1.0,2,1.295162053554457,0.0003184016401459,1.2259000000000004,0.0002
22120,1330,dens_2136498248834183810,175,Density,<Substance COC(C)(C)C{solv}{x=0.728600}|ClC(Cl)Cl{solv}{x=0.271400}>,COC(C)(C)C,ClC(Cl)Cl,openff-2.1.0,2,0.9214371224972052,0.0002890824722316,0.8956000000000003,0.00015
22121,1331,dhmix_2232264038422377060,176,EnthalpyOfMixing,<Substance COC(C)(C)C{solv}{x=0.220000}|ClC(Cl)Cl{solv}{x=0.780000}>,COC(C)(C)C,ClC(Cl)Cl,openff-2.1.0,2,-1.142136634341922,0.0302284393428035,-1.5,0.0605
22122,1332,dhmix_73322629991074290,177,EnthalpyOfMixing,<Substance CCC(C)=O{solv}{x=0.212400}|CCN(CC)CC{solv}{x=0.787600}>,CCC(C)=O,CCN(CC)CC,openff-2.1.0,2,0.4151083039625547,0.0460979841152933,0.57,0.006
22123,1333,dens_317201778138256714,178,Density,<Substance CCC(C)=O{solv}{x=0.261000}|CCN(CC)CC{solv}{x=0.739000}>,CCC(C)=O,CCN(CC)CC,openff-2.1.0,2,0.7361968710967761,0.0002272752380862,0.7361510000000001,0.000106
22124,1334,dens_544322850735592196,179,Density,<Substance CCC(C)=O{solv}{x=0.510600}|CCN(CC)CC{solv}{x=0.489400}>,CCC(C)=O,CCN(CC)CC,openff-2.1.0,2,0.747023135035574,0.0001969579425868,0.7527560000000002,0.0001045
22125,1335,dhmix_690665189446107141,180,EnthalpyOfMixing,<Substance CCC(C)=O{solv}{x=0.496700}|CCN(CC)CC{solv}{x=0.503300}>,CCC(C)=O,CCN(CC)CC,openff-2.1.0,2,0.4634506665321041,0.0435588924853213,0.746,0.008
22126,1336,dhmix_935249702283890201,181,EnthalpyOfMixing,<Substance CCC(C)=O{solv}{x=0.789300}|CCN(CC)CC{solv}{x=0.210700}>,CCC(C)=O,CCN(CC)CC,openff-2.1.0,2,0.2270492443667091,0.0424245815817267,0.455,0.005
22127,1337,dens_1635002920322954883,182,Density,<Substance CCC(C)=O{solv}{x=0.760400}|CCN(CC)CC{solv}{x=0.239600}>,CCC(C)=O,CCN(CC)CC,openff-2.1.0,2,0.7604937715743094,0.0001701432961604,0.7738830000000002,9.900000000000003e-05
22128,1338,dhmix_76833325524040726,183,EnthalpyOfMixing,<Substance C1CCCCC1{solv}{x=0.260600}|c1ccccc1{solv}{x=0.739400}>,C1CCCCC1,c1ccccc1,openff-2.1.0,2,0.8344892988421861,0.0416167394655884,0.6282,0.00695
22129,1339,dens_330305790736126156,184,Density,<Substance C1CCCCC1{solv}{x=0.499600}|c1ccccc1{solv}{x=0.500400}>,C1CCCCC1,c1ccccc1,openff-2.1.0,2,0.7979450458363523,0.0002493327047605,0.8136000000000002,0.0002
22130,1340,dhmix_460305358266375837,185,EnthalpyOfMixing,<Substance C1CCCCC1{solv}{x=0.766800}|c1ccccc1{solv}{x=0.233200}>,C1CCCCC1,c1ccccc1,openff-2.1.0,2,0.6257786431628318,0.0439518760355258,0.5517,0.00725
22131,1341,dens_1579941980285561951,186,Density,<Substance C1CCCCC1{solv}{x=0.249800}|c1ccccc1{solv}{x=0.750200}>,C1CCCCC1,c1ccccc1,openff-2.1.0,2,0.8267043700101596,0.000242951712259,0.8405780000000002,7.05e-05
22132,1342,dhmix_1824194485055356086,187,EnthalpyOfMixing,<Substance C1CCCCC1{solv}{x=0.501200}|c1ccccc1{solv}{x=0.498800}>,C1CCCCC1,c1ccccc1,openff-2.1.0,2,0.9524304701700288,0.039968503389987,0.7893,0.00655
22133,1343,dens_1871885279620492514,188,Density,<Substance C1CCCCC1{solv}{x=0.732300}|c1ccccc1{solv}{x=0.267700}>,C1CCCCC1,c1ccccc1,openff-2.1.0,2,0.7766698984144699,0.0002277307607985,0.7929200000000002,7.450000000000001e-05
22134,1344,dens_78518696584109468,189,Density,<Substance CN(CCO)CCO{solv}{x=0.743000}|O{solv}{x=0.257000}>,CN(CCO)CCO,O,openff-2.1.0,2,1.0462900003943405,0.0002881485692701,1.0405100000000005,0.000286
22135,1345,dens_169053214615075062,190,Density,<Substance CN(CCO)CCO{solv}{x=0.257100}|O{solv}{x=0.742900}>,CN(CCO)CCO,O,openff-2.1.0,2,1.0379614057323991,0.0002305026780352,1.0522550000000004,0.000221
22136,1346,dhmix_750283179383190388,191,EnthalpyOfMixing,<Substance CN(CCO)CCO{solv}{x=0.741100}|O{solv}{x=0.258900}>,CN(CCO)CCO,O,openff-2.1.0,2,-0.4071670731574102,0.0486854825638589,-1.154,0.0125
22137,1347,dhmix_1537351248216247854,192,EnthalpyOfMixing,<Substance CN(CCO)CCO{solv}{x=0.259300}|O{solv}{x=0.740700}>,CN(CCO)CCO,O,openff-2.1.0,2,-0.9083888578163092,0.0254606000091935,-2.271,0.046
22138,1348,dens_1700904374078825036,193,Density,<Substance CN(CCO)CCO{solv}{x=0.484900}|O{solv}{x=0.515100}>,CN(CCO)CCO,O,openff-2.1.0,2,1.0457155494263028,0.0004404258898316,1.048636,0.0002475
22139,1349,dhmix_1761290393567900831,194,EnthalpyOfMixing,<Substance CN(CCO)CCO{solv}{x=0.494100}|O{solv}{x=0.505900}>,CN(CCO)CCO,O,openff-2.1.0,2,-0.993104468554634,0.0499164761239098,-2.072,0.042
22140,1350,dhmix_81883535492439507,195,EnthalpyOfMixing,<Substance C1COCO1{solv}{x=0.200000}|O=C1CCCC1{solv}{x=0.800000}>,C1COCO1,O=C1CCCC1,openff-2.1.0,2,-0.0281511496807809,0.0411896030638902,-0.00853,0.000425
22141,1351,dens_192935635984964537,196,Density,<Substance C1COCO1{solv}{x=0.509000}|O=C1CCCC1{solv}{x=0.491000}>,C1COCO1,O=C1CCCC1,openff-2.1.0,2,0.9969615074804972,0.0002466579472018,0.9954700000000004,0.000255
22142,1352,dhmix_309530351940031317,197,EnthalpyOfMixing,<Substance C1COCO1{solv}{x=0.700000}|O=C1CCCC1{solv}{x=0.300000}>,C1COCO1,O=C1CCCC1,openff-2.1.0,2,-0.0991179877421615,0.0378869198470864,-0.02292,0.00048
22143,1353,dhmix_1480225642523009634,198,EnthalpyOfMixing,<Substance C1COCO1{solv}{x=0.500000}|O=C1CCCC1{solv}{x=0.500000}>,C1COCO1,O=C1CCCC1,openff-2.1.0,2,-0.0685093065502115,0.0361075366033218,-0.02181,0.000475
22144,1354,dens_1663189314624242951,199,Density,<Substance C1COCO1{solv}{x=0.225100}|O=C1CCCC1{solv}{x=0.774900}>,C1COCO1,O=C1CCCC1,openff-2.1.0,2,0.949684938261383,0.000170951383084,0.9652800000000002,0.000245
22145,1355,dens_1684591254659727640,200,Density,<Substance C1COCO1{solv}{x=0.789100}|O=C1CCCC1{solv}{x=0.210900}>,C1COCO1,O=C1CCCC1,openff-2.1.0,2,1.052054728921051,0.0003111150606429,1.02957,0.00026
22146,1356,dens_82854054922011802,201,Density,<Substance c1cc[nH]c1{solv}{x=0.542600}|c1ccncc1{solv}{x=0.457400}>,c1cc[nH]c1,c1ccncc1,openff-2.1.0,2,0.9793881092521712,0.000274133074895,0.9706400000000002,5.5000000000000016e-05
22147,1357,dens_332042143272324658,202,Density,<Substance c1cc[nH]c1{solv}{x=0.755400}|c1ccncc1{solv}{x=0.244600}>,c1cc[nH]c1,c1ccncc1,openff-2.1.0,2,0.9788561834430066,0.0002853777392965,0.9676900000000004,5.5000000000000016e-05
22148,1358,dhmix_582184351339863568,203,EnthalpyOfMixing,<Substance c1cc[nH]c1{solv}{x=0.760200}|c1ccncc1{solv}{x=0.239800}>,c1cc[nH]c1,c1ccncc1,openff-2.1.0,2,-0.0400363322802519,0.0350629100932605,-1.6452,0.01075
22149,1359,dhmix_809205277185290719,204,EnthalpyOfMixing,<Substance c1cc[nH]c1{solv}{x=0.509500}|c1ccncc1{solv}{x=0.490500}>,c1cc[nH]c1,c1ccncc1,openff-2.1.0,2,-0.095266508448077,0.0353686641958628,-2.649,0.01645
22150,1360,dens_1187941919350264461,205,Density,<Substance c1cc[nH]c1{solv}{x=0.227300}|c1ccncc1{solv}{x=0.772700}>,c1cc[nH]c1,c1ccncc1,openff-2.1.0,2,0.9798182992641272,0.0002835640922944,0.9755600000000002,5.5000000000000016e-05
22151,1361,dhmix_2302696180464118683,206,EnthalpyOfMixing,<Substance c1cc[nH]c1{solv}{x=0.239500}|c1ccncc1{solv}{x=0.760500}>,c1cc[nH]c1,c1ccncc1,openff-2.1.0,2,-0.1676985878240704,0.0309291377470226,-1.7662,0.01145
22152,1362,dhmix_84488753175979819,207,EnthalpyOfMixing,<Substance C1CCOCC1{solv}{x=0.500000}|CCO{solv}{x=0.500000}>,C1CCOCC1,CCO,openff-2.1.0,2,0.9837655869965332,0.037213728325584,0.8491,0.00794
22153,1363,dens_904236164857914889,208,Density,<Substance C1CCOCC1{solv}{x=0.701000}|CCO{solv}{x=0.299000}>,C1CCOCC1,CCO,openff-2.1.0,2,0.8565976380563394,0.0002871472515403,0.8595400000000002,8.500000000000002e-05
22154,1364,dhmix_923986751684807715,209,EnthalpyOfMixing,<Substance C1CCOCC1{solv}{x=0.750000}|CCO{solv}{x=0.250000}>,C1CCOCC1,CCO,openff-2.1.0,2,0.9240138320934436,0.041340811684398,0.75364,0.007115
22155,1365,dhmix_927648698725704337,210,EnthalpyOfMixing,<Substance C1CCOCC1{solv}{x=0.250000}|CCO{solv}{x=0.750000}>,C1CCOCC1,CCO,openff-2.1.0,2,0.529764938656875,0.0347328086690279,0.57017,0.00553
22156,1366,dens_1095414448718823860,211,Density,<Substance C1CCOCC1{solv}{x=0.504000}|CCO{solv}{x=0.496000}>,C1CCOCC1,CCO,openff-2.1.0,2,0.842252766379665,0.0002646035021731,0.8440100000000001,0.0001
22157,1367,dens_1309012152943788187,212,Density,<Substance C1CCOCC1{solv}{x=0.284000}|CCO{solv}{x=0.716000}>,C1CCOCC1,CCO,openff-2.1.0,2,0.8234572770535165,0.000340750177909,0.8227400000000002,0.00012
22158,1368,dens_88489471162801298,213,Density,<Substance CC(C)=O{solv}{x=0.248400}|Nc1ccccc1{solv}{x=0.751600}>,CC(C)=O,Nc1ccccc1,openff-2.1.0,2,1.010220894441783,0.0002503865501701,0.9768950000000002,0.0001055
22159,1369,dens_892449093930393176,214,Density,<Substance CC(C)=O{solv}{x=0.411400}|Nc1ccccc1{solv}{x=0.588600}>,CC(C)=O,Nc1ccccc1,openff-2.1.0,2,0.9662759845800668,0.0002407667945924,0.9457730000000002,0.0001285
22160,1370,dens_1087594007698023193,215,Density,<Substance CC(C)=O{solv}{x=0.699300}|Nc1ccccc1{solv}{x=0.300700}>,CC(C)=O,Nc1ccccc1,openff-2.1.0,2,0.8798947949090906,0.0002684295984453,0.8786430000000003,0.000178
22161,1371,dhmix_1461699545612032563,216,EnthalpyOfMixing,<Substance CC(C)=O{solv}{x=0.214500}|Nc1ccccc1{solv}{x=0.785500}>,CC(C)=O,Nc1ccccc1,openff-2.1.0,2,-0.2375310903360628,0.0556044050214426,-0.746,0.008
22162,1372,dhmix_1577476208805542019,217,EnthalpyOfMixing,<Substance CC(C)=O{solv}{x=0.699100}|Nc1ccccc1{solv}{x=0.300900}>,CC(C)=O,Nc1ccccc1,openff-2.1.0,2,-0.9884321904355744,0.0359449462407008,-1.076,0.0115
22163,1373,dhmix_2267661763264899390,218,EnthalpyOfMixing,<Substance CC(C)=O{solv}{x=0.410700}|Nc1ccccc1{solv}{x=0.589300}>,CC(C)=O,Nc1ccccc1,openff-2.1.0,2,-0.6821904534137531,0.0369825895985609,-1.165,0.0125
22164,1374,dhmix_90851537891129625,219,EnthalpyOfMixing,<Substance C1CCOCC1{solv}{x=0.268300}|Cc1ccccn1{solv}{x=0.731700}>,C1CCOCC1,Cc1ccccn1,openff-2.1.0,2,0.0174884911840429,0.0355958293108217,0.1057,0.00105
22165,1375,dhmix_975790739707505549,220,EnthalpyOfMixing,<Substance C1CCOCC1{solv}{x=0.482200}|Cc1ccccn1{solv}{x=0.517800}>,C1CCOCC1,Cc1ccccn1,openff-2.1.0,2,0.0710271468505168,0.0410716498778051,0.1728,0.00135
22166,1376,dens_981500521813591443,221,Density,<Substance C1CCOCC1{solv}{x=0.491600}|Cc1ccccn1{solv}{x=0.508400}>,C1CCOCC1,Cc1ccccn1,openff-2.1.0,2,0.910825526125351,0.0002307107124446,0.910915,0.000475
22167,1377,dens_1237050172671894703,222,Density,<Substance C1CCOCC1{solv}{x=0.237300}|Cc1ccccn1{solv}{x=0.762700}>,C1CCOCC1,Cc1ccccn1,openff-2.1.0,2,0.9280060140042916,0.000201553109681,0.9261620000000004,0.0004855
22168,1378,dhmix_1841520238596708010,223,EnthalpyOfMixing,<Substance C1CCOCC1{solv}{x=0.821600}|Cc1ccccn1{solv}{x=0.178400}>,C1CCOCC1,Cc1ccccn1,openff-2.1.0,2,0.0258186594274789,0.0441225802141897,0.1352,0.0012
22169,1379,dens_1852422594896475094,224,Density,<Substance C1CCOCC1{solv}{x=0.821900}|Cc1ccccn1{solv}{x=0.178100}>,C1CCOCC1,Cc1ccccn1,openff-2.1.0,2,0.8772229708611795,0.0002743310504903,0.8802920000000002,0.000454
22170,1380,dhmix_93676522673462266,225,EnthalpyOfMixing,<Substance CC(=O)N(C)C{solv}{x=0.702000}|ClCCCl{solv}{x=0.298000}>,CC(=O)N(C)C,ClCCCl,openff-2.1.0,2,-0.4296936752718299,0.0388001209514689,-0.706,0.004
22171,1381,dens_466640151895915379,226,Density,<Substance CC(=O)N(C)C{solv}{x=0.499900}|ClCCCl{solv}{x=0.500100}>,CC(=O)N(C)C,ClCCCl,openff-2.1.0,2,1.052136666812687,0.000333773166816,1.0774000000000004,0.00325
22172,1382,dhmix_504891727488256514,227,EnthalpyOfMixing,<Substance CC(=O)N(C)C{solv}{x=0.202000}|ClCCCl{solv}{x=0.798000}>,CC(=O)N(C)C,ClCCCl,openff-2.1.0,2,-0.3605587271232373,0.0334727346254206,-0.586,0.004
22173,1383,dens_1432716574300574119,228,Density,<Substance CC(=O)N(C)C{solv}{x=0.298800}|ClCCCl{solv}{x=0.701200}>,CC(=O)N(C)C,ClCCCl,openff-2.1.0,2,1.1194543680409377,0.0003498615811048,1.1413000000000002,0.00345
22174,1384,dens_1909242265481868478,229,Density,<Substance CC(=O)N(C)C{solv}{x=0.700800}|ClCCCl{solv}{x=0.299200}>,CC(=O)N(C)C,ClCCCl,openff-2.1.0,2,0.9870275970031958,0.0002609828008837,1.0181000000000002,0.00305
22175,1385,dhmix_2201663021806040380,230,EnthalpyOfMixing,<Substance CC(=O)N(C)C{solv}{x=0.500000}|ClCCCl{solv}{x=0.500000}>,CC(=O)N(C)C,ClCCCl,openff-2.1.0,2,-0.4895973775559953,0.0337975446242215,-0.885,0.004
22176,1386,dhmix_101847702994296892,231,EnthalpyOfMixing,<Substance CCCCCCCl{solv}{x=0.790000}|CN1CCCC1=O{solv}{x=0.210000}>,CCCCCCCl,CN1CCCC1=O,openff-2.1.0,2,0.7390702370651212,0.0462486102220723,0.232,0.0025
22177,1387,dhmix_275814181113182192,232,EnthalpyOfMixing,<Substance CCCCCCCl{solv}{x=0.497000}|CN1CCCC1=O{solv}{x=0.503000}>,CCCCCCCl,CN1CCCC1=O,openff-2.1.0,2,0.9503266638116088,0.0451552316880553,0.416,0.0025
22178,1388,dens_441375838683668512,233,Density,<Substance CCCCCCCl{solv}{x=0.499300}|CN1CCCC1=O{solv}{x=0.500700}>,CCCCCCCl,CN1CCCC1=O,openff-2.1.0,2,0.9273410279156562,0.0002457962979903,0.9389000000000002,0.0002
22179,1389,dhmix_840847840731542643,234,EnthalpyOfMixing,<Substance CCCCCCCl{solv}{x=0.203000}|CN1CCCC1=O{solv}{x=0.797000}>,CCCCCCCl,CN1CCCC1=O,openff-2.1.0,2,0.6429024069875098,0.0423856521897396,0.319,0.0025
22180,1390,dens_1314691253679633833,235,Density,<Substance CCCCCCCl{solv}{x=0.298400}|CN1CCCC1=O{solv}{x=0.701600}>,CCCCCCCl,CN1CCCC1=O,openff-2.1.0,2,0.9547284035475476,0.000203513674146,0.9715000000000004,0.0002
22181,1391,dens_1366683244756558841,236,Density,<Substance CCCCCCCl{solv}{x=0.801200}|CN1CCCC1=O{solv}{x=0.198800}>,CCCCCCCl,CN1CCCC1=O,openff-2.1.0,2,0.8899551817176766,0.0002695791533858,0.8970000000000002,0.0003
22182,1392,dhmix_107460606439569535,237,EnthalpyOfMixing,<Substance C1COCCO1{solv}{x=0.572500}|O=C1CCCCCC1{solv}{x=0.427500}>,C1COCCO1,O=C1CCCCCC1,openff-2.1.0,2,0.1628467562445053,0.0424646342949003,0.1032,0.00125
22183,1393,dens_229535957420918177,238,Density,<Substance C1COCCO1{solv}{x=0.748900}|O=C1CCCCCC1{solv}{x=0.251100}>,C1COCCO1,O=C1CCCCCC1,openff-2.1.0,2,1.00030663874155,0.0001964791591186,0.9994100000000002,0.00051
22184,1394,dhmix_1101001475632451077,239,EnthalpyOfMixing,<Substance C1COCCO1{solv}{x=0.225200}|O=C1CCCCCC1{solv}{x=0.774800}>,C1COCCO1,O=C1CCCCCC1,openff-2.1.0,2,0.0956487438800053,0.0501256559553045,0.0783,0.001
22185,1395,dens_1711999737319704820,240,Density,<Substance C1COCCO1{solv}{x=0.572300}|O=C1CCCCCC1{solv}{x=0.427700}>,C1COCCO1,O=C1CCCCCC1,openff-2.1.0,2,0.96831664075747,0.000224425172207,0.9737000000000002,0.00051
22186,1396,dens_1973863157285112004,241,Density,<Substance C1COCCO1{solv}{x=0.255500}|O=C1CCCCCC1{solv}{x=0.744500}>,C1COCCO1,O=C1CCCCCC1,openff-2.1.0,2,0.9455708287327892,0.0002371500448802,0.9616800000000002,0.000515
22187,1397,dhmix_2239035738396328121,242,EnthalpyOfMixing,<Substance C1COCCO1{solv}{x=0.771600}|O=C1CCCCCC1{solv}{x=0.228400}>,C1COCCO1,O=C1CCCCCC1,openff-2.1.0,2,0.2096337289023182,0.0427615201591017,0.0694,0.0009
22188,1398,dhmix_110368175234083214,243,EnthalpyOfMixing,<Substance CC#N{solv}{x=0.201600}|CCOC(C)(C)CC{solv}{x=0.798400}>,CC#N,CCOC(C)(C)CC,openff-2.1.0,2,0.2499790212500485,0.0458988534350806,0.6411,0.0087
22189,1399,dhmix_565046024644834395,244,EnthalpyOfMixing,<Substance CC#N{solv}{x=0.700400}|CCOC(C)(C)CC{solv}{x=0.299600}>,CC#N,CCOC(C)(C)CC,openff-2.1.0,2,0.2457702898155738,0.0331386600483184,0.8397,0.0113
22190,1400,dens_865362803305469370,245,Density,<Substance CC#N{solv}{x=0.502400}|CCOC(C)(C)CC{solv}{x=0.497600}>,CC#N,CCOC(C)(C)CC,openff-2.1.0,2,0.7709729743332087,0.0001774123256384,0.7675000000000002,0.00035
22191,1401,dhmix_1131176031733024874,246,EnthalpyOfMixing,<Substance CC#N{solv}{x=0.502400}|CCOC(C)(C)CC{solv}{x=0.497600}>,CC#N,CCOC(C)(C)CC,openff-2.1.0,2,0.452449645086471,0.039301037914615,0.9514,0.01285
22192,1402,dens_1305751749890499162,247,Density,<Substance CC#N{solv}{x=0.201600}|CCOC(C)(C)CC{solv}{x=0.798400}>,CC#N,CCOC(C)(C)CC,openff-2.1.0,2,0.7685983820523787,0.0002161334513746,0.7635000000000002,0.00025
22193,1403,dens_1928701304100922381,248,Density,<Substance CC#N{solv}{x=0.700400}|CCOC(C)(C)CC{solv}{x=0.299600}>,CC#N,CCOC(C)(C)CC,openff-2.1.0,2,0.7720253078952577,0.0002572717513794,0.7707000000000003,0.0005
22194,1404,dhmix_112729391186229967,249,EnthalpyOfMixing,<Substance CCC(C)=O{solv}{x=0.509000}|CNc1ccccc1{solv}{x=0.491000}>,CCC(C)=O,CNc1ccccc1,openff-2.1.0,2,-0.6429427642331049,0.0416965388114147,-0.816,0.009
22195,1405,dens_414028029115294252,250,Density,<Substance CCC(C)=O{solv}{x=0.746300}|CNc1ccccc1{solv}{x=0.253700}>,CCC(C)=O,CNc1ccccc1,openff-2.1.0,2,0.8423922434881158,0.0002541607225636,0.8582020000000002,0.000102
22196,1406,dens_559789475978651659,251,Density,<Substance CCC(C)=O{solv}{x=0.495000}|CNc1ccccc1{solv}{x=0.505000}>,CCC(C)=O,CNc1ccccc1,openff-2.1.0,2,0.899937659675889,0.0002420940157571,0.9066940000000002,0.000164
22197,1407,dhmix_1637459312398636454,252,EnthalpyOfMixing,<Substance CCC(C)=O{solv}{x=0.228300}|CNc1ccccc1{solv}{x=0.771700}>,CCC(C)=O,CNc1ccccc1,openff-2.1.0,2,-0.3728559645283109,0.0445198681859469,-0.54,0.006
22198,1408,dhmix_1933605864237207151,253,EnthalpyOfMixing,<Substance CCC(C)=O{solv}{x=0.705500}|CNc1ccccc1{solv}{x=0.294500}>,CCC(C)=O,CNc1ccccc1,openff-2.1.0,2,-0.5529695082562838,0.0342013248125279,-0.672,0.0075
22199,1409,dens_2039660657679820411,254,Density,<Substance CCC(C)=O{solv}{x=0.258900}|CNc1ccccc1{solv}{x=0.741100}>,CCC(C)=O,CNc1ccccc1,openff-2.1.0,2,0.9477101321467932,0.0002144705581761,0.9456330000000004,0.000259
22200,1410,dhmix_112832411362526364,255,EnthalpyOfMixing,<Substance C=CCCCC{solv}{x=0.250000}|CCCCO{solv}{x=0.750000}>,C=CCCCC,CCCCO,openff-2.1.0,2,0.432298256714354,0.0423034140662906,0.2829,0.00333
22201,1411,dhmix_385937725855980509,256,EnthalpyOfMixing,<Substance C=CCCCC{solv}{x=0.749900}|CCCCO{solv}{x=0.250100}>,C=CCCCC,CCCCO,openff-2.1.0,2,0.7713326625485024,0.0420891690159471,0.63978,0.00696
22202,1412,dens_417191245012747241,257,Density,<Substance C=CCCCC{solv}{x=0.501800}|CCCCO{solv}{x=0.498200}>,C=CCCCC,CCCCO,openff-2.1.0,2,0.7191596258136089,0.0002673560044228,0.7340000000000002,0.00035
22203,1413,dens_1053849773924337242,258,Density,<Substance C=CCCCC{solv}{x=0.100100}|CCCCO{solv}{x=0.899900}>,C=CCCCC,CCCCO,openff-2.1.0,2,0.7901756669521449,0.0002554562138648,0.7924000000000002,0.00035
22204,1414,dhmix_1436053809694490847,259,EnthalpyOfMixing,<Substance C=CCCCC{solv}{x=0.500300}|CCCCO{solv}{x=0.499700}>,C=CCCCC,CCCCO,openff-2.1.0,2,0.6760232004541251,0.0435717484505715,0.56098,0.00616
22205,1415,dens_1967827958045932694,260,Density,<Substance C=CCCCC{solv}{x=0.900000}|CCCCO{solv}{x=0.100000}>,C=CCCCC,CCCCO,openff-2.1.0,2,0.6637302153484795,0.0002487595645919,0.6818000000000001,0.00035
22206,1416,dhmix_113202719214912577,261,EnthalpyOfMixing,<Substance CCN(CC)CCO{solv}{x=0.700300}|O{solv}{x=0.299700}>,CCN(CC)CCO,O,openff-2.1.0,2,-1.6274825704315958,0.0515609934090057,-1.75,0.019
22207,1417,dhmix_450200897960931857,262,EnthalpyOfMixing,<Substance CCN(CC)CCO{solv}{x=0.500200}|O{solv}{x=0.499800}>,CCN(CC)CCO,O,openff-2.1.0,2,-1.616846589004787,0.0389481267923308,-2.504,0.027
22208,1418,dens_727880187774296815,263,Density,<Substance CCN(CC)CCO{solv}{x=0.799700}|O{solv}{x=0.200300}>,CCN(CC)CCO,O,openff-2.1.0,2,0.8837486523878656,0.0002338709177138,0.8996000000000003,0.005
22209,1419,dens_943193748522476096,264,Density,<Substance CCN(CC)CCO{solv}{x=0.499700}|O{solv}{x=0.500300}>,CCN(CC)CCO,O,openff-2.1.0,2,0.8998905113972291,0.0003834701896696,0.9222000000000002,0.005
22210,1420,dhmix_1628408668678458098,265,EnthalpyOfMixing,<Substance CCN(CC)CCO{solv}{x=0.200800}|O{solv}{x=0.799200}>,CCN(CC)CCO,O,openff-2.1.0,2,-0.9542264188779064,0.0226763390654382,-2.185,0.0235
22211,1421,dens_1679974305630699360,266,Density,<Substance CCN(CC)CCO{solv}{x=0.193290}|O{solv}{x=0.806710}>,CCN(CC)CCO,O,openff-2.1.0,2,0.9241323652741332,0.0003112497345872,0.9615690000000002,0.000144
22212,1422,dens_114257363738318755,267,Density,<Substance C1CCCCC1{solv}{x=0.754300}|CCCCCC{solv}{x=0.245700}>,C1CCCCC1,CCCCCC,openff-2.1.0,2,0.7247850104695986,0.0002363797832222,0.7392000000000002,0.00065
22213,1423,dens_528453314861364780,268,Density,<Substance C1CCCCC1{solv}{x=0.234300}|CCCCCC{solv}{x=0.765700}>,C1CCCCC1,CCCCCC,openff-2.1.0,2,0.6670249692716991,0.0002152514245838,0.6838300000000002,0.001655
22214,1424,dens_547437695672624422,269,Density,<Substance C1CCCCC1{solv}{x=0.479300}|CCCCCC{solv}{x=0.520700}>,C1CCCCC1,CCCCCC,openff-2.1.0,2,0.6927288682486755,0.0002322443995906,0.7105500000000001,0.001555
22215,1425,dhmix_728030976573858762,270,EnthalpyOfMixing,<Substance C1CCCCC1{solv}{x=0.483200}|CCCCCC{solv}{x=0.516800}>,C1CCCCC1,CCCCCC,openff-2.1.0,2,0.2518540994815765,0.0415774006270004,0.2144,0.00155
22216,1426,dhmix_1406519609852245638,271,EnthalpyOfMixing,<Substance C1CCCCC1{solv}{x=0.219000}|CCCCCC{solv}{x=0.781000}>,C1CCCCC1,CCCCCC,openff-2.1.0,2,0.1251606722768059,0.0443560555586264,0.1264,0.00105
22217,1427,dhmix_1819992223413741006,272,EnthalpyOfMixing,<Substance C1CCCCC1{solv}{x=0.725500}|CCCCCC{solv}{x=0.274500}>,C1CCCCC1,CCCCCC,openff-2.1.0,2,0.2644474026476757,0.0443718242190541,0.199,0.00145
22218,1428,dhmix_114464856611254095,273,EnthalpyOfMixing,<Substance COc1ccccc1{solv}{x=0.739800}|OCc1ccccc1{solv}{x=0.260200}>,COc1ccccc1,OCc1ccccc1,openff-2.1.0,2,0.9269551747373228,0.0392267403869057,1.0539,0.0113
22219,1429,dens_844721400884986444,274,Density,<Substance COc1ccccc1{solv}{x=0.288300}|OCc1ccccc1{solv}{x=0.711700}>,COc1ccccc1,OCc1ccccc1,openff-2.1.0,2,1.0131523104265387,0.0001834429500139,1.0180000000000002,0.000135
22220,1430,dens_1208569209782779179,275,Density,<Substance COc1ccccc1{solv}{x=0.491100}|OCc1ccccc1{solv}{x=0.508900}>,COc1ccccc1,OCc1ccccc1,openff-2.1.0,2,1.0003067986014011,0.000234309164535,1.0069400000000004,0.000165
22221,1431,dhmix_1342325728364187329,276,EnthalpyOfMixing,<Substance COc1ccccc1{solv}{x=0.240100}|OCc1ccccc1{solv}{x=0.759900}>,COc1ccccc1,OCc1ccccc1,openff-2.1.0,2,0.5999430828100927,0.0460431925649625,0.6199,0.0067
22222,1432,dhmix_1596550872819493971,277,EnthalpyOfMixing,<Substance COc1ccccc1{solv}{x=0.486600}|OCc1ccccc1{solv}{x=0.513400}>,COc1ccccc1,OCc1ccccc1,openff-2.1.0,2,0.8591448358955702,0.0417920497273102,0.9688,0.0104
22223,1433,dens_1833270112854727934,278,Density,<Substance COc1ccccc1{solv}{x=0.774500}|OCc1ccccc1{solv}{x=0.225500}>,COc1ccccc1,OCc1ccccc1,openff-2.1.0,2,0.983252133612746,0.0002209253423756,0.9915900000000004,0.000215
22224,1434,dens_114725786693793907,279,Density,<Substance CC(=O)O{solv}{x=0.703100}|CCO{solv}{x=0.296900}>,CC(=O)O,CCO,openff-2.1.0,2,0.9939983200392942,0.0003298965038654,0.97355,0.00021
22225,1435,dens_883421079927261907,280,Density,<Substance CC(=O)O{solv}{x=0.496100}|CCO{solv}{x=0.503900}>,CC(=O)O,CCO,openff-2.1.0,2,0.9347672830192798,0.0002946809951754,0.9199600000000002,0.0002
22226,1436,dens_1042567278853913615,281,Density,<Substance CC(=O)O{solv}{x=0.297100}|CCO{solv}{x=0.702900}>,CC(=O)O,CCO,openff-2.1.0,2,0.8768766047308585,0.0003190405699209,0.8668600000000002,0.000195
22227,1437,dhmix_129373600931207498,282,EnthalpyOfMixing,<Substance NCCNCCN{solv}{x=0.702000}|O{solv}{x=0.298000}>,NCCNCCN,O,openff-2.1.0,2,-2.950258009799029,0.0437088632277854,-3.393,0.036
22228,1438,dhmix_313570094367316478,283,EnthalpyOfMixing,<Substance NCCNCCN{solv}{x=0.241600}|O{solv}{x=0.758400}>,NCCNCCN,O,openff-2.1.0,2,-3.904911388529936,0.0308879082258876,-6.523,0.0695
22229,1439,dens_548243159356184104,284,Density,<Substance NCCNCCN{solv}{x=0.244900}|O{solv}{x=0.755100}>,NCCNCCN,O,openff-2.1.0,2,1.0643612353310872,0.0004001087153424,1.0275000000000003,0.0005
22230,1440,dens_913992897582667960,285,Density,<Substance NCCNCCN{solv}{x=0.497400}|O{solv}{x=0.502600}>,NCCNCCN,O,openff-2.1.0,2,1.0745437712810773,0.0002698725993447,0.9928000000000002,0.0005
22231,1441,dhmix_1565087976771168604,286,EnthalpyOfMixing,<Substance NCCNCCN{solv}{x=0.501000}|O{solv}{x=0.499000}>,NCCNCCN,O,openff-2.1.0,2,-4.396094614600784,0.0357774851919867,-5.417,0.0575
22232,1442,dens_1812124220217686569,287,Density,<Substance NCCNCCN{solv}{x=0.698800}|O{solv}{x=0.301200}>,NCCNCCN,O,openff-2.1.0,2,1.0722314909586363,0.0001251211803244,0.9718000000000002,0.0005
22233,1443,dhmix_135176730945124637,288,EnthalpyOfMixing,<Substance CCCCNCCCC{solv}{x=0.751800}|CN(C)C=O{solv}{x=0.248200}>,CCCCNCCCC,CN(C)C=O,openff-2.1.0,2,0.4102644738132426,0.0537490028104847,0.782,0.025
22234,1444,dens_586298674852090193,289,Density,<Substance CCCCNCCCC{solv}{x=0.726600}|CN(C)C=O{solv}{x=0.273400}>,CCCCNCCCC,CN(C)C=O,openff-2.1.0,2,0.7848727708786263,0.0001612978757775,0.7828350000000002,0.0009465
22235,1445,dens_711718403070096827,290,Density,<Substance CCCCNCCCC{solv}{x=0.263900}|CN(C)C=O{solv}{x=0.736100}>,CCCCNCCCC,CN(C)C=O,openff-2.1.0,2,0.8515197108484918,0.0001701292423571,0.8609240000000001,0.001053
22236,1446,dhmix_1537913365058000269,291,EnthalpyOfMixing,<Substance CCCCNCCCC{solv}{x=0.249400}|CN(C)C=O{solv}{x=0.750600}>,CCCCNCCCC,CN(C)C=O,openff-2.1.0,2,0.3972179125466084,0.0440337960787693,0.921,0.029
22237,1447,dhmix_1965420976556284821,292,EnthalpyOfMixing,<Substance CCCCNCCCC{solv}{x=0.501800}|CN(C)C=O{solv}{x=0.498200}>,CCCCNCCCC,CN(C)C=O,openff-2.1.0,2,0.6169599790963218,0.0528573756195844,1.113,0.0335
22238,1448,dens_2298192241038151497,293,Density,<Substance CCCCNCCCC{solv}{x=0.492800}|CN(C)C=O{solv}{x=0.507200}>,CCCCNCCCC,CN(C)C=O,openff-2.1.0,2,0.8131232928713193,0.0001881117150871,0.8153440000000003,0.0009895
22239,1449,dens_145031449158698048,294,Density,<Substance CN(C)C=O{solv}{x=0.498800}|ClCCCl{solv}{x=0.501200}>,CN(C)C=O,ClCCCl,openff-2.1.0,2,1.0783299853828914,0.0003662695143149,1.0957000000000003,0.00305
22240,1450,dens_511894799968528211,295,Density,<Substance CN(C)C=O{solv}{x=0.197800}|ClCCCl{solv}{x=0.802200}>,CN(C)C=O,ClCCCl,openff-2.1.0,2,1.168924807634298,0.0004536713895386,1.1862000000000004,0.003
22241,1451,dhmix_693792312882226719,296,EnthalpyOfMixing,<Substance CN(C)C=O{solv}{x=0.498000}|ClCCCl{solv}{x=0.502000}>,CN(C)C=O,ClCCCl,openff-2.1.0,2,0.0276774832768751,0.0317108127195845,-0.663,0.0035
22242,1452,dhmix_1364024895663592301,297,EnthalpyOfMixing,<Substance CN(C)C=O{solv}{x=0.299000}|ClCCCl{solv}{x=0.701000}>,CN(C)C=O,ClCCCl,openff-2.1.0,2,-0.0059178459379403,0.0320970783885091,-0.575,0.0035
22243,1453,dens_1874616475661316520,298,Density,<Substance CN(C)C=O{solv}{x=0.705400}|ClCCCl{solv}{x=0.294600}>,CN(C)C=O,ClCCCl,openff-2.1.0,2,1.0133730341180878,0.0003111516742867,1.0336,0.003
22244,1454,dhmix_1965344541223753593,299,EnthalpyOfMixing,<Substance CN(C)C=O{solv}{x=0.702000}|ClCCCl{solv}{x=0.298000}>,CN(C)C=O,ClCCCl,openff-2.1.0,2,0.033331439806556,0.0334860335809144,-0.531,0.003
22245,1455,dens_145117083439077204,300,Density,<Substance CN1CCCC1=O{solv}{x=0.700300}|ClCCCCCl{solv}{x=0.299700}>,CN1CCCC1=O,ClCCCCCl,openff-2.1.0,2,1.0447473595826648,0.0001588671340515,1.0627000000000002,0.0005
22246,1456,dens_872271192908107773,301,Density,<Substance CN1CCCC1=O{solv}{x=0.203400}|ClCCCCCl{solv}{x=0.796600}>,CN1CCCC1=O,ClCCCCCl,openff-2.1.0,2,1.1051498546903733,0.0002871399371665,1.1142000000000003,0.00125
22247,1457,dhmix_958757583081250655,302,EnthalpyOfMixing,<Substance CN1CCCC1=O{solv}{x=0.703000}|ClCCCCCl{solv}{x=0.297000}>,CN1CCCC1=O,ClCCCCCl,openff-2.1.0,2,0.0723054461219305,0.0398912463068373,-0.583,0.0035
22248,1458,dens_1187888029800539390,303,Density,<Substance CN1CCCC1=O{solv}{x=0.502500}|ClCCCCCl{solv}{x=0.497500}>,CN1CCCC1=O,ClCCCCCl,openff-2.1.0,2,1.0713018312758986,0.0002691092205704,1.0840000000000003,0.00075
22249,1459,dhmix_1448185356234442909,304,EnthalpyOfMixing,<Substance CN1CCCC1=O{solv}{x=0.210000}|ClCCCCCl{solv}{x=0.790000}>,CN1CCCC1=O,ClCCCCCl,openff-2.1.0,2,0.0504574829831767,0.0394869544404508,-0.406,0.003
22250,1460,dhmix_1623586299486793214,305,EnthalpyOfMixing,<Substance CN1CCCC1=O{solv}{x=0.505000}|ClCCCCCl{solv}{x=0.495000}>,CN1CCCC1=O,ClCCCCCl,openff-2.1.0,2,0.0199943449589596,0.0410388471156503,-0.678,0.0035
22251,1461,dens_151421667269785380,306,Density,<Substance OCCOCCO{solv}{x=0.228500}|OCc1ccccc1{solv}{x=0.771500}>,OCCOCCO,OCc1ccccc1,openff-2.1.0,2,1.0513121013959597,0.0002670682366079,1.0497600000000002,0.000265
22252,1462,dens_207017358130726789,307,Density,<Substance OCCOCCO{solv}{x=0.531200}|OCc1ccccc1{solv}{x=0.468800}>,OCCOCCO,OCc1ccccc1,openff-2.1.0,2,1.0764481173144365,0.0002772427165791,1.07136,0.00027
22253,1463,dhmix_638869206909151198,308,EnthalpyOfMixing,<Substance OCCOCCO{solv}{x=0.765800}|OCc1ccccc1{solv}{x=0.234200}>,OCCOCCO,OCc1ccccc1,openff-2.1.0,2,-0.3608927266953401,0.0678647300498253,-0.3712,0.0073
22254,1464,dhmix_884415658126351430,309,EnthalpyOfMixing,<Substance OCCOCCO{solv}{x=0.266500}|OCc1ccccc1{solv}{x=0.733500}>,OCCOCCO,OCc1ccccc1,openff-2.1.0,2,-0.5061734453070699,0.0540626174753428,-0.4216,0.0081
22255,1465,dhmix_925385148369690502,310,EnthalpyOfMixing,<Substance OCCOCCO{solv}{x=0.521600}|OCc1ccccc1{solv}{x=0.478400}>,OCCOCCO,OCc1ccccc1,openff-2.1.0,2,-0.6852547391600865,0.0565198193140944,-0.4574,0.00865
22256,1466,dens_1617133138157859384,311,Density,<Substance OCCOCCO{solv}{x=0.727700}|OCc1ccccc1{solv}{x=0.272300}>,OCCOCCO,OCc1ccccc1,openff-2.1.0,2,1.0940918332789793,0.0002365371048341,1.0857000000000003,0.000275
22257,1467,dens_155791527624482863,312,Density,<Substance CC(C)CO{solv}{x=0.279300}|CCCCBr{solv}{x=0.720700}>,CC(C)CO,CCCCBr,openff-2.1.0,2,1.111924856089398,0.0004115010454679,1.1339800000000002,0.000305
22258,1468,dhmix_549211977118470640,313,EnthalpyOfMixing,<Substance CC(C)CO{solv}{x=0.293800}|CCCCBr{solv}{x=0.706200}>,CC(C)CO,CCCCBr,openff-2.1.0,2,1.1537637406992332,0.0409930570230832,1.248,0.0135
22259,1469,dens_692500675577783691,314,Density,<Substance CC(C)CO{solv}{x=0.793700}|CCCCBr{solv}{x=0.206300}>,CC(C)CO,CCCCBr,openff-2.1.0,2,0.8999176729485422,0.0003045238453381,0.8962800000000002,0.00021
22260,1470,dens_841415441417626311,315,Density,<Substance CC(C)CO{solv}{x=0.498900}|CCCCBr{solv}{x=0.501100}>,CC(C)CO,CCCCBr,openff-2.1.0,2,1.026854742507325,0.0002822140637143,1.0366800000000005,0.000225
22261,1471,dhmix_1400807466047438160,316,EnthalpyOfMixing,<Substance CC(C)CO{solv}{x=0.499000}|CCCCBr{solv}{x=0.501000}>,CC(C)CO,CCCCBr,openff-2.1.0,2,1.044868048276669,0.0392559411263687,1.207,0.013
22262,1472,dhmix_1959880980464917582,317,EnthalpyOfMixing,<Substance CC(C)CO{solv}{x=0.702100}|CCCCBr{solv}{x=0.297900}>,CC(C)CO,CCCCBr,openff-2.1.0,2,0.7622035409608614,0.0376512665124743,0.891,0.0095
22263,1473,dhmix_155924436295918663,318,EnthalpyOfMixing,<Substance OCCCO{solv}{x=0.501300}|O{solv}{x=0.498700}>,O,OCCCO,openff-2.1.0,2,0.3915230402384786,0.0311557344177017,-0.992,0.0125
22264,1474,dens_867859901093068556,319,Density,<Substance OCCCO{solv}{x=0.743700}|O{solv}{x=0.256300}>,O,OCCCO,openff-2.1.0,2,1.0554176854224655,0.0005421572302411,1.0503800000000003,0.00023
22265,1475,dhmix_2191722776959064631,320,EnthalpyOfMixing,<Substance OCCCO{solv}{x=0.743000}|O{solv}{x=0.257000}>,O,OCCCO,openff-2.1.0,2,-0.0414587883697628,0.0427368814903528,-0.633,0.008
22266,1476,dhmix_2210594516320705991,321,EnthalpyOfMixing,<Substance OCCCO{solv}{x=0.208700}|O{solv}{x=0.791300}>,O,OCCCO,openff-2.1.0,2,0.3585532939290523,0.02714669295171,-0.924,0.012
22267,1477,dens_2211391404402371237,322,Density,<Substance OCCCO{solv}{x=0.244700}|O{solv}{x=0.755300}>,O,OCCCO,openff-2.1.0,2,1.027231248997591,0.0004054128650853,1.0381600000000004,0.00019
22268,1478,dens_2211609476735134421,323,Density,<Substance OCCCO{solv}{x=0.500000}|O{solv}{x=0.500000}>,O,OCCCO,openff-2.1.0,2,1.046876849530677,0.0003972759909847,1.0492100000000002,0.000215
22269,1479,dhmix_156929898609376763,324,EnthalpyOfMixing,<Substance CN(C)CCCO{solv}{x=0.800100}|O{solv}{x=0.199900}>,CN(C)CCCO,O,openff-2.1.0,2,-0.7043583019136292,0.0663243599047311,-1.26,0.0135
22270,1480,dhmix_786210276753247951,325,EnthalpyOfMixing,<Substance CN(C)CCCO{solv}{x=0.199800}|O{solv}{x=0.800200}>,CN(C)CCCO,O,openff-2.1.0,2,-0.8143571790070485,0.0273058887692988,-2.514,0.027
22271,1481,dens_971674883336993154,326,Density,<Substance CN(C)CCCO{solv}{x=0.289504}|O{solv}{x=0.710496}>,CN(C)CCCO,O,openff-2.1.0,2,0.9350437391763354,0.000271639704541,0.9443,0.00285
22272,1482,dhmix_1330584538745399524,327,EnthalpyOfMixing,<Substance CN(C)CCCO{solv}{x=0.501900}|O{solv}{x=0.498100}>,CN(C)CCCO,O,openff-2.1.0,2,-1.2257586815979735,0.0393430782029332,-2.706,0.029
22273,1483,dens_1781759734173902013,328,Density,<Substance CN(C)CCCO{solv}{x=0.501300}|O{solv}{x=0.498700}>,CN(C)CCCO,O,openff-2.1.0,2,0.9204509015249632,0.0003991196232095,0.9170700000000004,8.000000000000002e-05
22274,1484,dens_2299157616447228221,329,Density,<Substance CN(C)CCCO{solv}{x=0.800600}|O{solv}{x=0.199400}>,CN(C)CCCO,O,openff-2.1.0,2,0.9085660949956312,0.0002749540770654,0.8915100000000002,9.500000000000002e-05
22275,1485,dhmix_157983773008192768,330,EnthalpyOfMixing,<Substance BrCCCBr{solv}{x=0.743200}|CCCCOC(=O)CCC{solv}{x=0.256800}>,BrCCCBr,CCCCOC(=O)CCC,openff-2.1.0,2,-0.3391534713033053,0.0333997442428109,0.032,0.0005
22276,1486,dens_720277045338028885,331,Density,<Substance BrCCCBr{solv}{x=0.748700}|CCCCOC(=O)CCC{solv}{x=0.251300}>,BrCCCBr,CCCCOC(=O)CCC,openff-2.1.0,2,1.5536642621631087,0.0003768048153472,1.5786600000000004,0.00038
22277,1487,dens_933248802608751708,332,Density,<Substance BrCCCBr{solv}{x=0.529700}|CCCCOC(=O)CCC{solv}{x=0.470300}>,BrCCCBr,CCCCOC(=O)CCC,openff-2.1.0,2,1.3036721281824422,0.0003064979150868,1.3159400000000003,0.000255
22278,1488,dens_1048925802213854204,333,Density,<Substance BrCCCBr{solv}{x=0.259100}|CCCCOC(=O)CCC{solv}{x=0.740900}>,BrCCCBr,CCCCOC(=O)CCC,openff-2.1.0,2,1.0560904926188717,0.0002170545854919,1.0598600000000002,0.000145
22279,1489,dhmix_1090642624443832057,334,EnthalpyOfMixing,<Substance BrCCCBr{solv}{x=0.241200}|CCCCOC(=O)CCC{solv}{x=0.758800}>,BrCCCBr,CCCCOC(=O)CCC,openff-2.1.0,2,-0.3595596765873097,0.0575751160350766,-0.094,0.001
22280,1490,dhmix_1649688325270115073,335,EnthalpyOfMixing,<Substance BrCCCBr{solv}{x=0.466700}|CCCCOC(=O)CCC{solv}{x=0.533300}>,BrCCCBr,CCCCOC(=O)CCC,openff-2.1.0,2,-0.4972475343209552,0.0447280357922632,-0.091,0.001
22281,1491,dhmix_158101159957898775,336,EnthalpyOfMixing,<Substance CCCCCl{solv}{x=0.490000}|CN1CCCC1=O{solv}{x=0.510000}>,CCCCCl,CN1CCCC1=O,openff-2.1.0,2,0.6907970785857316,0.0426966981641812,0.152,0.002
22282,1492,dhmix_586880142396707079,337,EnthalpyOfMixing,<Substance CCCCCl{solv}{x=0.294000}|CN1CCCC1=O{solv}{x=0.706000}>,CCCCCl,CN1CCCC1=O,openff-2.1.0,2,0.592854160975719,0.0424841108832984,0.145,0.002
22283,1493,dens_897975104490051322,338,Density,<Substance CCCCCl{solv}{x=0.296100}|CN1CCCC1=O{solv}{x=0.703900}>,CCCCCl,CN1CCCC1=O,openff-2.1.0,2,0.966333946463941,0.000252258422264,0.9862000000000004,0.0001
22284,1494,dens_1393365907116297965,339,Density,<Substance CCCCCl{solv}{x=0.702600}|CN1CCCC1=O{solv}{x=0.297400}>,CCCCCl,CN1CCCC1=O,openff-2.1.0,2,0.911414024355524,0.0002781806349997,0.9268000000000002,0.0001
22285,1495,dhmix_1769887717174104485,340,EnthalpyOfMixing,<Substance CCCCCl{solv}{x=0.787000}|CN1CCCC1=O{solv}{x=0.213000}>,CCCCCl,CN1CCCC1=O,openff-2.1.0,2,0.4281006232150375,0.0432959228351137,0.081,0.002
22286,1496,dens_2070183543451797213,341,Density,<Substance CCCCCl{solv}{x=0.494800}|CN1CCCC1=O{solv}{x=0.505200}>,CCCCCl,CN1CCCC1=O,openff-2.1.0,2,0.9407163560632436,0.0002301401504436,0.9575000000000002,0.0001
22287,1497,dens_164369774990422412,342,Density,<Substance CC(C)O{solv}{x=0.764900}|CCOC=O{solv}{x=0.235100}>,CC(C)O,CCOC=O,openff-2.1.0,2,0.8368682729713685,0.0002581960886116,0.8088000000000002,0.00035
22288,1498,dens_200561035496770448,343,Density,<Substance CC(C)O{solv}{x=0.265100}|CCOC=O{solv}{x=0.734900}>,CC(C)O,CCOC=O,openff-2.1.0,2,0.9090965991319028,0.000220236697259,0.8710000000000002,0.0003
22289,1499,dens_1124622586228643363,344,Density,<Substance CC(C)O{solv}{x=0.441300}|CCOC=O{solv}{x=0.558700}>,CC(C)O,CCOC=O,openff-2.1.0,2,0.8831833646176985,0.0001982211377773,0.8482000000000003,0.00035
22290,1500,dens_166030075147825025,345,Density,<Substance Clc1ccccc1{solv}{x=0.467900}|c1ccccc1{solv}{x=0.532100}>,Clc1ccccc1,c1ccccc1,openff-2.1.0,2,0.9848053714104472,0.0002614205524967,0.9877000000000002,0.00025
22291,1501,dens_796537469137871297,346,Density,<Substance Clc1ccccc1{solv}{x=0.735800}|c1ccccc1{solv}{x=0.264200}>,Clc1ccccc1,c1ccccc1,openff-2.1.0,2,1.0498761062895168,0.0003135347155244,1.0465000000000002,0.0002
22292,1502,dhmix_1485547099225054006,347,EnthalpyOfMixing,<Substance Clc1ccccc1{solv}{x=0.777700}|c1ccccc1{solv}{x=0.222300}>,Clc1ccccc1,c1ccccc1,openff-2.1.0,2,-0.0350057727377901,0.0383826125631977,-0.0036,0.0004
22293,1503,dhmix_1808283008183194060,348,EnthalpyOfMixing,<Substance Clc1ccccc1{solv}{x=0.225800}|c1ccccc1{solv}{x=0.774200}>,Clc1ccccc1,c1ccccc1,openff-2.1.0,2,0.0324363436487971,0.0407482039165529,-0.0046,0.0004
22294,1504,dhmix_2008892820486470381,349,EnthalpyOfMixing,<Substance Clc1ccccc1{solv}{x=0.466600}|c1ccccc1{solv}{x=0.533400}>,Clc1ccccc1,c1ccccc1,openff-2.1.0,2,-0.0332339217065822,0.0344893962841522,-0.0057,0.0004
22295,1505,dens_2142546524113318099,350,Density,<Substance Clc1ccccc1{solv}{x=0.293100}|c1ccccc1{solv}{x=0.706900}>,Clc1ccccc1,c1ccccc1,openff-2.1.0,2,0.9407338230120736,0.0002636377814426,0.9468000000000002,0.00025
22296,1506,dhmix_166527628917371560,351,EnthalpyOfMixing,<Substance CCCCCC(C)=O{solv}{x=0.500700}|CCCNCCC{solv}{x=0.499300}>,CCCCCC(C)=O,CCCNCCC,openff-2.1.0,2,-0.0657225279681839,0.0502604818895731,0.162,0.002
22297,1507,dhmix_181797488552739205,352,EnthalpyOfMixing,<Substance CCCCCC(C)=O{solv}{x=0.213200}|CCCNCCC{solv}{x=0.786800}>,CCCCCC(C)=O,CCCNCCC,openff-2.1.0,2,-0.1200455555586472,0.0493854039165048,0.137,0.0015
22298,1508,dens_286521458049436805,353,Density,<Substance CCCCCC(C)=O{solv}{x=0.542700}|CCCNCCC{solv}{x=0.457300}>,CCCCCC(C)=O,CCCNCCC,openff-2.1.0,2,0.7722531261272747,0.0001841033489879,0.7766620000000002,0.0001215
22299,1509,dens_740930494074770103,354,Density,<Substance CCCCCC(C)=O{solv}{x=0.252600}|CCCNCCC{solv}{x=0.747400}>,CCCCCC(C)=O,CCCNCCC,openff-2.1.0,2,0.7542824843881434,0.0001487914920855,0.7540050000000001,0.0001215
22300,1510,dhmix_1180133264815330249,355,EnthalpyOfMixing,<Substance CCCCCC(C)=O{solv}{x=0.788000}|CCCNCCC{solv}{x=0.212000}>,CCCCCC(C)=O,CCCNCCC,openff-2.1.0,2,-0.1164275755928159,0.0459286889385597,0.088,0.001
22301,1511,dens_1237727796782189302,356,Density,<Substance CCCCCC(C)=O{solv}{x=0.741800}|CCCNCCC{solv}{x=0.258200}>,CCCCCC(C)=O,CCCNCCC,openff-2.1.0,2,0.7839348691018586,0.0002093084561628,0.7918920000000003,0.00012
22302,1512,dens_168376639142843665,357,Density,<Substance BrCCBr{solv}{x=0.084500}|CCOC(=O)CC{solv}{x=0.915500}>,BrCCBr,CCOC(=O)CC,openff-2.1.0,2,0.9710472844665088,0.0001961605628136,0.9671200000000002,0.001185
22303,1513,dhmix_897092526028522426,358,EnthalpyOfMixing,<Substance BrCCBr{solv}{x=0.753700}|CCOC(=O)CC{solv}{x=0.246300}>,BrCCBr,CCOC(=O)CC,openff-2.1.0,2,-0.2007331177506746,0.0335867826905063,0.0052,0.0008
22304,1514,dhmix_1078383344298013541,359,EnthalpyOfMixing,<Substance BrCCBr{solv}{x=0.084100}|CCOC(=O)CC{solv}{x=0.915900}>,BrCCBr,CCOC(=O)CC,openff-2.1.0,2,-0.0945575080787688,0.046424127827054,-0.0683,0.0014
22305,1515,dhmix_1103515663691342839,360,EnthalpyOfMixing,<Substance BrCCBr{solv}{x=0.514000}|CCOC(=O)CC{solv}{x=0.486000}>,BrCCBr,CCOC(=O)CC,openff-2.1.0,2,-0.367833654019142,0.035333641933526,-0.1259,0.00205
22306,1516,dens_1193015082780501702,361,Density,<Substance BrCCBr{solv}{x=0.484400}|CCOC(=O)CC{solv}{x=0.515600}>,BrCCBr,CCOC(=O)CC,openff-2.1.0,2,1.409837091210174,0.0002942518213025,1.4136000000000002,0.001165
22307,1517,dens_1660732943693703463,362,Density,<Substance BrCCBr{solv}{x=0.714800}|CCOC(=O)CC{solv}{x=0.285200}>,BrCCBr,CCOC(=O)CC,openff-2.1.0,2,1.7065463119022994,0.0005264595744432,1.7205300000000003,0.000985
22308,1518,dens_172622055198885625,363,Density,<Substance CCCCOCCO{solv}{x=0.499500}|c1ccccc1{solv}{x=0.500500}>,CCCCOCCO,c1ccccc1,openff-2.1.0,2,0.8823030631054312,0.0001990619253759,0.8864700000000002,0.000795
22309,1519,dens_615182082919776992,364,Density,<Substance CCCCOCCO{solv}{x=0.753500}|c1ccccc1{solv}{x=0.246500}>,CCCCOCCO,c1ccccc1,openff-2.1.0,2,0.8904564278870318,0.0001982844219068,0.8924600000000003,0.00077
22310,1520,dens_1014762781474427089,365,Density,<Substance CCCCOCCO{solv}{x=0.248800}|c1ccccc1{solv}{x=0.751200}>,CCCCOCCO,c1ccccc1,openff-2.1.0,2,0.8724003339138102,0.000281213185799,0.8790000000000002,0.00083
22311,1521,dhmix_1209838039340638454,366,EnthalpyOfMixing,<Substance CCCCOCCO{solv}{x=0.729700}|c1ccccc1{solv}{x=0.270300}>,CCCCOCCO,c1ccccc1,openff-2.1.0,2,0.3126054459822427,0.0481245820058887,0.3037,0.00335
22312,1522,dhmix_1416395432810708431,367,EnthalpyOfMixing,<Substance CCCCOCCO{solv}{x=0.266500}|c1ccccc1{solv}{x=0.733500}>,CCCCOCCO,c1ccccc1,openff-2.1.0,2,0.5537928121112827,0.0310962099699617,0.6895,0.00745
22313,1523,dhmix_1775479338186698605,368,EnthalpyOfMixing,<Substance CCCCOCCO{solv}{x=0.503000}|c1ccccc1{solv}{x=0.497000}>,CCCCOCCO,c1ccccc1,openff-2.1.0,2,0.484865961170172,0.0457905081847377,0.5563,0.00605
22314,1524,dens_173950346939686352,369,Density,<Substance CCOC(=O)CC(=O)OCC{solv}{x=0.797800}|CO{solv}{x=0.202200}>,CCOC(=O)CC(=O)OCC,CO,openff-2.1.0,2,1.051208920730038,0.0002066751999557,1.0336070000000002,0.0001155
22315,1525,dhmix_796570713446660029,370,EnthalpyOfMixing,<Substance CCOC(=O)CC(=O)OCC{solv}{x=0.745300}|CO{solv}{x=0.254700}>,CCOC(=O)CC(=O)OCC,CO,openff-2.1.0,2,0.6090072822873083,0.053899125577657,1.184,0.013
22316,1526,dhmix_1053189657313504079,371,EnthalpyOfMixing,<Substance CCOC(=O)CC(=O)OCC{solv}{x=0.499300}|CO{solv}{x=0.500700}>,CCOC(=O)CC(=O)OCC,CO,openff-2.1.0,2,1.2003710957322653,0.0374917862216002,1.426,0.0155
22317,1527,dens_1109796780897697143,372,Density,<Substance CCOC(=O)CC(=O)OCC{solv}{x=0.500400}|CO{solv}{x=0.499600}>,CCOC(=O)CC(=O)OCC,CO,openff-2.1.0,2,1.009165798842142,0.0001959748733626,0.9962350000000002,9.150000000000002e-05
22318,1528,dens_1145191816882985532,373,Density,<Substance CCOC(=O)CC(=O)OCC{solv}{x=0.250100}|CO{solv}{x=0.749900}>,CCOC(=O)CC(=O)OCC,CO,openff-2.1.0,2,0.9401979196429148,0.000277089458627,0.9355040000000002,0.0001385
22319,1529,dhmix_1394433819711651760,374,EnthalpyOfMixing,<Substance CCOC(=O)CC(=O)OCC{solv}{x=0.251500}|CO{solv}{x=0.748500}>,CCOC(=O)CC(=O)OCC,CO,openff-2.1.0,2,1.0520975330312368,0.0334898273105045,1.083,0.0115
22320,1530,dhmix_176700813960387714,375,EnthalpyOfMixing,<Substance CC(=O)N(C)C{solv}{x=0.211000}|ClCCCCCl{solv}{x=0.789000}>,CC(=O)N(C)C,ClCCCCCl,openff-2.1.0,2,0.0557514582469096,0.0447702475186121,-0.188,0.0025
22321,1531,dhmix_422276068008732896,376,EnthalpyOfMixing,<Substance CC(=O)N(C)C{solv}{x=0.506000}|ClCCCCCl{solv}{x=0.494000}>,CC(=O)N(C)C,ClCCCCCl,openff-2.1.0,2,0.0400011098512393,0.0407035540273733,-0.314,0.0025
22322,1532,dhmix_591740475541975327,377,EnthalpyOfMixing,<Substance CC(=O)N(C)C{solv}{x=0.705000}|ClCCCCCl{solv}{x=0.295000}>,CC(=O)N(C)C,ClCCCCCl,openff-2.1.0,2,-0.0158754717050095,0.046430328499741,-0.281,0.0025
22323,1533,dens_600718364672681210,378,Density,<Substance CC(=O)N(C)C{solv}{x=0.200100}|ClCCCCCl{solv}{x=0.799900}>,CC(=O)N(C)C,ClCCCCCl,openff-2.1.0,2,1.085470061645398,0.0002717872314528,1.0978,0.0023
22324,1534,dens_833309518494254389,379,Density,<Substance CC(=O)N(C)C{solv}{x=0.698700}|ClCCCCCl{solv}{x=0.301300}>,CC(=O)N(C)C,ClCCCCCl,openff-2.1.0,2,0.9742999120377378,0.0002490881541896,1.0011000000000003,0.0023
22325,1535,dens_1473570029953486090,380,Density,<Substance CC(=O)N(C)C{solv}{x=0.500900}|ClCCCCCl{solv}{x=0.499100}>,CC(=O)N(C)C,ClCCCCCl,openff-2.1.0,2,1.0204872546821997,0.0002780926368009,1.0407000000000004,0.00225
22326,1536,dens_176740025668330569,381,Density,<Substance C1CCCCC1{solv}{x=0.499400}|C1COCCO1{solv}{x=0.500600}>,C1CCCCC1,C1COCCO1,openff-2.1.0,2,0.8744830378672158,0.0002635693587236,0.8769800000000002,8.500000000000002e-05
22327,1537,dens_476825312331327209,382,Density,<Substance C1CCCCC1{solv}{x=0.297200}|C1COCCO1{solv}{x=0.702800}>,C1CCCCC1,C1COCCO1,openff-2.1.0,2,0.936054471110352,0.0002531650410159,0.9312200000000004,7.000000000000002e-05
22328,1538,dens_985438980823024302,383,Density,<Substance C1CCCCC1{solv}{x=0.699700}|C1COCCO1{solv}{x=0.300300}>,C1CCCCC1,C1COCCO1,openff-2.1.0,2,0.822399728036543,0.0002335833208857,0.8305800000000002,0.0001
22329,1539,dhmix_1624213860575299641,384,EnthalpyOfMixing,<Substance C1CCCCC1{solv}{x=0.492800}|C1COCCO1{solv}{x=0.507200}>,C1CCCCC1,C1COCCO1,openff-2.1.0,2,1.9363760178184748,0.0414871255349276,1.588,0.008
22330,1540,dhmix_1900199136965747019,385,EnthalpyOfMixing,<Substance C1CCCCC1{solv}{x=0.239400}|C1COCCO1{solv}{x=0.760600}>,C1CCCCC1,C1COCCO1,openff-2.1.0,2,1.4300230020721756,0.0444494708367595,1.124,0.007
22331,1541,dhmix_2022274493214392184,386,EnthalpyOfMixing,<Substance C1CCCCC1{solv}{x=0.744200}|C1COCCO1{solv}{x=0.255800}>,C1CCCCC1,C1COCCO1,openff-2.1.0,2,1.6399472438394298,0.0442443518533048,1.262,0.007
22332,1542,dhmix_182795551078530810,387,EnthalpyOfMixing,<Substance C1COCCO1{solv}{x=0.491200}|Cc1ccccc1Cl{solv}{x=0.508800}>,C1COCCO1,Cc1ccccc1Cl,openff-2.1.0,2,0.3769130123009603,0.0440250793355429,0.356,0.002
22333,1543,dens_242592003865933955,388,Density,<Substance C1COCCO1{solv}{x=0.835700}|Cc1ccccc1Cl{solv}{x=0.164300}>,C1COCCO1,Cc1ccccc1Cl,openff-2.1.0,2,1.0359776764967057,0.000275913689201,1.0256,0.0005
22334,1544,dens_810150133181620718,389,Density,<Substance C1COCCO1{solv}{x=0.513600}|Cc1ccccc1Cl{solv}{x=0.486400}>,C1COCCO1,Cc1ccccc1Cl,openff-2.1.0,2,1.0615453844689249,0.0002535616836592,1.0536,0.0005
22335,1545,dhmix_1949119093643648586,390,EnthalpyOfMixing,<Substance C1COCCO1{solv}{x=0.246200}|Cc1ccccc1Cl{solv}{x=0.753800}>,C1COCCO1,Cc1ccccc1Cl,openff-2.1.0,2,0.1767378802848327,0.0457562471166024,0.206,0.001
22336,1546,dens_2161584607380261748,391,Density,<Substance C1COCCO1{solv}{x=0.226300}|Cc1ccccc1Cl{solv}{x=0.773700}>,C1COCCO1,Cc1ccccc1Cl,openff-2.1.0,2,1.0720201981431468,0.0001824999809682,1.0674000000000003,0.0005
22337,1547,dhmix_2190589845176325501,392,EnthalpyOfMixing,<Substance C1COCCO1{solv}{x=0.835700}|Cc1ccccc1Cl{solv}{x=0.164300}>,C1COCCO1,Cc1ccccc1Cl,openff-2.1.0,2,0.1850907257229153,0.0419363761029552,0.244,0.0015
22338,1548,dens_194492664772262961,393,Density,<Substance CCCOC=O{solv}{x=0.479500}|ClCCCl{solv}{x=0.520500}>,CCCOC=O,ClCCCl,openff-2.1.0,2,1.0691229146494998,0.0003026272295019,1.0603100000000003,0.00196
22339,1549,dhmix_438833720470542962,394,EnthalpyOfMixing,<Substance CCCOC=O{solv}{x=0.738500}|ClCCCl{solv}{x=0.261500}>,CCCOC=O,ClCCCl,openff-2.1.0,2,-0.0120539519406364,0.0354406214444594,-0.205,0.0025
22340,1550,dens_598528978367940263,395,Density,<Substance CCCOC=O{solv}{x=0.254300}|ClCCCl{solv}{x=0.745700}>,CCCOC=O,ClCCCl,openff-2.1.0,2,1.139454999007928,0.0003967801406602,1.1418800000000005,0.002835
22341,1551,dens_822197650497048256,396,Density,<Substance CCCOC=O{solv}{x=0.728100}|ClCCCl{solv}{x=0.271900}>,CCCOC=O,ClCCCl,openff-2.1.0,2,0.9968803196593076,0.0002056467062853,0.9794600000000002,0.001275
22342,1552,dhmix_1971772628311560569,397,EnthalpyOfMixing,<Substance CCCOC=O{solv}{x=0.503500}|ClCCCl{solv}{x=0.496500}>,CCCOC=O,ClCCCl,openff-2.1.0,2,0.0923698392653946,0.0353444329215778,-0.254,0.003
22343,1553,dhmix_2087301877194561078,398,EnthalpyOfMixing,<Substance CCCOC=O{solv}{x=0.273300}|ClCCCl{solv}{x=0.726700}>,CCCOC=O,ClCCCl,openff-2.1.0,2,0.1199540480759289,0.0345391827920933,-0.154,0.002
22344,1554,dens_196547737404430199,399,Density,<Substance CCC(C)(C)O{solv}{x=0.258400}|CCO{solv}{x=0.741600}>,CCC(C)(C)O,CCO,openff-2.1.0,2,0.8056588853841585,0.000258905973042,0.7933000000000001,0.0005
22345,1555,dens_476512869308734578,400,Density,<Substance CCC(C)(C)O{solv}{x=0.549500}|CCO{solv}{x=0.450500}>,CCC(C)(C)O,CCO,openff-2.1.0,2,0.8172802271955658,0.0002997449493165,0.8018000000000002,0.0005
22346,1556,dens_822446541953482206,401,Density,<Substance CCC(C)(C)O{solv}{x=0.676500}|CCO{solv}{x=0.323500}>,CCC(C)(C)O,CCO,openff-2.1.0,2,0.8200358203254523,0.0003455385792465,0.8048000000000002,0.0005
22347,1557,dhmix_935690434592096067,402,EnthalpyOfMixing,<Substance CCC(C)(C)O{solv}{x=0.460700}|CCO{solv}{x=0.539300}>,CCC(C)(C)O,CCO,openff-2.1.0,2,-0.8262498445168145,0.048170086251754,-0.95,0.00405
22348,1558,dhmix_1167190373485301023,403,EnthalpyOfMixing,<Substance CCC(C)(C)O{solv}{x=0.730600}|CCO{solv}{x=0.269400}>,CCC(C)(C)O,CCO,openff-2.1.0,2,-0.751323416911127,0.0473815281062936,-0.7709,0.00335
22349,1559,dhmix_1275914601266938667,404,EnthalpyOfMixing,<Substance CCC(C)(C)O{solv}{x=0.280700}|CCO{solv}{x=0.719300}>,CCC(C)(C)O,CCO,openff-2.1.0,2,-0.5974628590133109,0.0403518902767179,-0.7056,0.0031
22350,1560,dens_196896428021674416,405,Density,<Substance OCCCCO{solv}{x=0.250400}|O{solv}{x=0.749600}>,O,OCCCCO,openff-2.1.0,2,1.0077370899327818,0.0003698650846185,1.0206500000000005,0.000165
22351,1561,dhmix_204758826312645465,406,EnthalpyOfMixing,<Substance OCCCCO{solv}{x=0.498600}|O{solv}{x=0.501400}>,O,OCCCCO,openff-2.1.0,2,0.5561222522179863,0.0473325887789406,-0.882,0.011
22352,1562,dens_523660418548538159,407,Density,<Substance OCCCCO{solv}{x=0.502000}|O{solv}{x=0.498000}>,O,OCCCCO,openff-2.1.0,2,1.0169678743576005,0.0005129849237012,1.0207100000000002,0.000175
22353,1563,dhmix_1424462945700338266,408,EnthalpyOfMixing,<Substance OCCCCO{solv}{x=0.794700}|O{solv}{x=0.205300}>,O,OCCCCO,openff-2.1.0,2,0.1539792934833999,0.0439234503836451,-0.513,0.007
22354,1564,dhmix_2166372532060643622,409,EnthalpyOfMixing,<Substance OCCCCO{solv}{x=0.265800}|O{solv}{x=0.734200}>,O,OCCCCO,openff-2.1.0,2,0.6582976293467766,0.0261182883268926,-0.896,0.0115
22355,1565,dens_2215793475715067258,410,Density,<Substance OCCCCO{solv}{x=0.752800}|O{solv}{x=0.247200}>,O,OCCCCO,openff-2.1.0,2,1.0212049521076316,0.0003209278031063,1.0165900000000003,0.00018
22356,1566,dhmix_199788824133179829,411,EnthalpyOfMixing,<Substance CNc1ccccc1{solv}{x=0.497300}|Cc1ccccc1{solv}{x=0.502700}>,CNc1ccccc1,Cc1ccccc1,openff-2.1.0,2,0.8630655663425131,0.0407112227203576,0.497,0.0055
22357,1567,dens_515118724178190757,412,Density,<Substance CNc1ccccc1{solv}{x=0.740700}|Cc1ccccc1{solv}{x=0.259300}>,CNc1ccccc1,Cc1ccccc1,openff-2.1.0,2,0.9588348916720588,0.0001871310976835,0.9531280000000004,0.0002595
22358,1568,dens_730775902780400634,413,Density,<Substance CNc1ccccc1{solv}{x=0.245200}|Cc1ccccc1{solv}{x=0.754800}>,CNc1ccccc1,Cc1ccccc1,openff-2.1.0,2,0.8868210633339662,0.0002196618050272,0.8935250000000002,0.000118
22359,1569,dhmix_1213795502778853356,414,EnthalpyOfMixing,<Substance CNc1ccccc1{solv}{x=0.295200}|Cc1ccccc1{solv}{x=0.704800}>,CNc1ccccc1,Cc1ccccc1,openff-2.1.0,2,0.8116584867828678,0.035530056305152,0.459,0.005
22360,1570,dhmix_1321810550349826496,415,EnthalpyOfMixing,<Substance CNc1ccccc1{solv}{x=0.789200}|Cc1ccccc1{solv}{x=0.210800}>,CNc1ccccc1,Cc1ccccc1,openff-2.1.0,2,0.6041453879496324,0.0490730297665427,0.287,0.003
22361,1571,dens_2156484405108449314,416,Density,<Substance CNc1ccccc1{solv}{x=0.490000}|Cc1ccccc1{solv}{x=0.510000}>,CNc1ccccc1,Cc1ccccc1,openff-2.1.0,2,0.9225152199338944,0.0002235702224293,0.9235800000000004,0.000164
22362,1572,dens_199829369486957606,417,Density,<Substance CC#N{solv}{x=0.200300}|c1ccccc1{solv}{x=0.799700}>,CC#N,c1ccccc1,openff-2.1.0,2,0.8517499457920084,0.0002734215161139,0.8623400000000002,7.000000000000002e-05
22363,1573,dhmix_217315956534335620,418,EnthalpyOfMixing,<Substance CC#N{solv}{x=0.771500}|c1ccccc1{solv}{x=0.228500}>,CC#N,c1ccccc1,openff-2.1.0,2,0.0327234898457753,0.0314391431219072,0.3988,0.00815
22364,1574,dhmix_730497723685339496,419,EnthalpyOfMixing,<Substance CC#N{solv}{x=0.219600}|c1ccccc1{solv}{x=0.780400}>,CC#N,c1ccccc1,openff-2.1.0,2,-0.0413981193745911,0.0365466722750434,0.2399,0.00495
22365,1575,dhmix_1038591828122641798,420,EnthalpyOfMixing,<Substance CC#N{solv}{x=0.529500}|c1ccccc1{solv}{x=0.470500}>,CC#N,c1ccccc1,openff-2.1.0,2,-0.0646525972695712,0.0292288513847437,0.4415,0.00905
22366,1576,dens_1457706963514561052,421,Density,<Substance CC#N{solv}{x=0.500100}|c1ccccc1{solv}{x=0.499900}>,CC#N,c1ccccc1,openff-2.1.0,2,0.8288921303393488,0.0002565379641495,0.8384600000000002,7.500000000000002e-05
22367,1577,dens_2111393000623474162,422,Density,<Substance CC#N{solv}{x=0.700200}|c1ccccc1{solv}{x=0.299800}>,CC#N,c1ccccc1,openff-2.1.0,2,0.8092543209141558,0.0002614051749248,0.8174500000000002,7.500000000000002e-05
22368,1578,dens_201591193434833206,423,Density,<Substance CC(C)CC(C)(C)C{solv}{x=0.082400}|CCO{solv}{x=0.917600}>,CC(C)CC(C)(C)C,CCO,openff-2.1.0,2,0.7651931315535963,0.0003082180462004,0.7605800000000003,0.000125
22369,1579,dhmix_371477530823830451,424,EnthalpyOfMixing,<Substance CC(C)CC(C)(C)C{solv}{x=0.761700}|CCO{solv}{x=0.238300}>,CC(C)CC(C)(C)C,CCO,openff-2.1.0,2,0.7819522864088952,0.0534280121964423,0.634022,0.006851
22370,1580,dhmix_1127868571780691876,425,EnthalpyOfMixing,<Substance CC(C)CC(C)(C)C{solv}{x=0.515800}|CCO{solv}{x=0.484200}>,CC(C)CC(C)(C)C,CCO,openff-2.1.0,2,0.8913863501293378,0.0433794581061038,0.638973,0.006903
22371,1581,dens_1250915879314267304,426,Density,<Substance CC(C)CC(C)(C)C{solv}{x=0.493740}|CCO{solv}{x=0.506260}>,CC(C)CC(C)(C)C,CCO,openff-2.1.0,2,0.7269133611392031,0.0002019027984153,0.7110500000000001,7.500000000000002e-05
22372,1582,dens_1473791133383705310,427,Density,<Substance CC(C)CC(C)(C)C{solv}{x=0.735960}|CCO{solv}{x=0.264040}>,CC(C)CC(C)(C)C,CCO,openff-2.1.0,2,0.7152930639135044,0.0002247644470899,0.6967900000000001,7.500000000000002e-05
22373,1583,dhmix_1870637719976274804,428,EnthalpyOfMixing,<Substance CC(C)CC(C)(C)C{solv}{x=0.081500}|CCO{solv}{x=0.918500}>,CC(C)CC(C)(C)C,CCO,openff-2.1.0,2,0.269862390882432,0.0365102936331302,0.197762,0.0022405
22374,1584,dens_202472488934755108,429,Density,<Substance CCC#N{solv}{x=0.301800}|CCOC(C)(C)C{solv}{x=0.698200}>,CCC#N,CCOC(C)(C)C,openff-2.1.0,2,0.7601558045870305,0.0002397202065065,0.7455000000000002,0.0002
22375,1585,dens_266175665931869051,430,Density,<Substance CCC#N{solv}{x=0.701400}|CCOC(C)(C)C{solv}{x=0.298600}>,CCC#N,CCOC(C)(C)C,openff-2.1.0,2,0.7685275928769941,0.0002311598186068,0.7617000000000003,0.00035
22376,1586,dhmix_801664072836508009,431,EnthalpyOfMixing,<Substance CCC#N{solv}{x=0.301800}|CCOC(C)(C)C{solv}{x=0.698200}>,CCC#N,CCOC(C)(C)C,openff-2.1.0,2,0.2152988735523102,0.0380580005868214,0.4557,0.0062
22377,1587,dhmix_1220778152018571786,432,EnthalpyOfMixing,<Substance CCC#N{solv}{x=0.501400}|CCOC(C)(C)C{solv}{x=0.498600}>,CCC#N,CCOC(C)(C)C,openff-2.1.0,2,0.2163390438056112,0.0389377463234878,0.5053,0.00685
22378,1588,dhmix_1838699488178562925,433,EnthalpyOfMixing,<Substance CCC#N{solv}{x=0.701400}|CCOC(C)(C)C{solv}{x=0.298600}>,CCC#N,CCOC(C)(C)C,openff-2.1.0,2,0.1175881487629073,0.0364877625084746,0.4078,0.0056
22379,1589,dens_1870081876609026392,434,Density,<Substance CCC#N{solv}{x=0.501400}|CCOC(C)(C)C{solv}{x=0.498600}>,CCC#N,CCOC(C)(C)C,openff-2.1.0,2,0.7650062174822498,0.0002460810092277,0.7532000000000002,0.0003
22380,1590,dens_205210513551931414,435,Density,<Substance CCCC#N{solv}{x=0.200000}|c1ccccc1{solv}{x=0.800000}>,CCCC#N,c1ccccc1,openff-2.1.0,2,0.8467315705497138,0.0002775385463085,0.8576940000000002,5.400000000000001e-05
22381,1591,dens_841576887891022329,436,Density,<Substance CCCC#N{solv}{x=0.500000}|c1ccccc1{solv}{x=0.500000}>,CCCC#N,c1ccccc1,openff-2.1.0,2,0.8230654351340118,0.0002351085819628,0.8318550000000002,5.8000000000000014e-05
22382,1592,dhmix_901910638840590393,437,EnthalpyOfMixing,<Substance CCCC#N{solv}{x=0.503700}|c1ccccc1{solv}{x=0.496300}>,CCCC#N,c1ccccc1,openff-2.1.0,2,-0.1210542915243451,0.0339916596789913,-0.0659,0.00145
22383,1593,dhmix_1123099162248680479,438,EnthalpyOfMixing,<Substance CCCC#N{solv}{x=0.752800}|c1ccccc1{solv}{x=0.247200}>,CCCC#N,c1ccccc1,openff-2.1.0,2,-0.1071854350934344,0.0358654955367615,-0.0312,0.0008
22384,1594,dhmix_1318990508180847616,439,EnthalpyOfMixing,<Substance CCCC#N{solv}{x=0.252800}|c1ccccc1{solv}{x=0.747200}>,CCCC#N,c1ccccc1,openff-2.1.0,2,-0.0805398342072507,0.0396692019026082,-0.0571,0.00125
22385,1595,dens_1950627772023797339,440,Density,<Substance CCCC#N{solv}{x=0.700000}|c1ccccc1{solv}{x=0.300000}>,CCCC#N,c1ccccc1,openff-2.1.0,2,0.8070309973643846,0.0002562190048757,0.8138540000000002,6.100000000000001e-05
22386,1596,dhmix_207411229673186667,441,EnthalpyOfMixing,<Substance CC(C)(C)Cl{solv}{x=0.774700}|CC(C)OC(C)C{solv}{x=0.225300}>,CC(C)(C)Cl,CC(C)OC(C)C,openff-2.1.0,2,-0.106914627985283,0.0407153543906962,0.0035,0.0004
22387,1597,dhmix_263164663491745943,442,EnthalpyOfMixing,<Substance CC(C)(C)Cl{solv}{x=0.551200}|CC(C)OC(C)C{solv}{x=0.448800}>,CC(C)(C)Cl,CC(C)OC(C)C,openff-2.1.0,2,-0.0492084747310741,0.043327114545347,0.0071,0.0004
22388,1598,dens_1527979990628499053,443,Density,<Substance CC(C)(C)Cl{solv}{x=0.514800}|CC(C)OC(C)C{solv}{x=0.485200}>,CC(C)(C)Cl,CC(C)OC(C)C,openff-2.1.0,2,0.7976566825955672,0.0002640223194213,0.7723510000000002,0.00042
22389,1599,dens_1616242241384486673,444,Density,<Substance CC(C)(C)Cl{solv}{x=0.715200}|CC(C)OC(C)C{solv}{x=0.284800}>,CC(C)(C)Cl,CC(C)OC(C)C,openff-2.1.0,2,0.8232423832908914,0.0002872266648324,0.7971450000000002,0.0003945
22390,1600,dens_2075469437997722238,445,Density,<Substance CC(C)(C)Cl{solv}{x=0.199100}|CC(C)OC(C)C{solv}{x=0.800900}>,CC(C)(C)Cl,CC(C)OC(C)C,openff-2.1.0,2,0.7621153993592742,0.0002573685935423,0.7376660000000003,0.0004545
22391,1601,dhmix_2101531043492089277,446,EnthalpyOfMixing,<Substance CC(C)(C)Cl{solv}{x=0.219200}|CC(C)OC(C)C{solv}{x=0.780800}>,CC(C)(C)Cl,CC(C)OC(C)C,openff-2.1.0,2,-0.0313264987592774,0.0495412019896798,0.007,0.0004
22392,1602,dens_210389881425986721,447,Density,<Substance C1COCO1{solv}{x=0.785000}|CCCCCC(C)=O{solv}{x=0.215000}>,C1COCO1,CCCCCC(C)=O,openff-2.1.0,2,0.9906877548089568,0.0002527004651992,0.9696500000000002,0.0003
22393,1603,dhmix_503329310014436107,448,EnthalpyOfMixing,<Substance C1COCO1{solv}{x=0.750000}|CCCCCC(C)=O{solv}{x=0.250000}>,C1COCO1,CCCCCC(C)=O,openff-2.1.0,2,0.4111236452621227,0.0394696773107801,0.37402,0.001955
22394,1604,dens_824084186033535550,449,Density,<Substance C1COCO1{solv}{x=0.507100}|CCCCCC(C)=O{solv}{x=0.492900}>,C1COCO1,CCCCCC(C)=O,openff-2.1.0,2,0.8981313996414023,0.0002364734736938,0.8936300000000003,0.00034
22395,1605,dens_839548343309182157,450,Density,<Substance C1COCO1{solv}{x=0.244000}|CCCCCC(C)=O{solv}{x=0.756000}>,C1COCO1,CCCCCC(C)=O,openff-2.1.0,2,0.8389535468439517,0.0002091827149083,0.8445200000000002,0.00038
22396,1606,dhmix_1519451899562488304,451,EnthalpyOfMixing,<Substance C1COCO1{solv}{x=0.250000}|CCCCCC(C)=O{solv}{x=0.750000}>,C1COCO1,CCCCCC(C)=O,openff-2.1.0,2,0.280657817536003,0.0503598231908063,0.2754,0.00155
22397,1607,dhmix_1874814461447958752,452,EnthalpyOfMixing,<Substance C1COCO1{solv}{x=0.500000}|CCCCCC(C)=O{solv}{x=0.500000}>,C1COCO1,CCCCCC(C)=O,openff-2.1.0,2,0.5668719532310433,0.034174484877116,0.43148,0.00217
22398,1608,dhmix_219236717194413479,453,EnthalpyOfMixing,<Substance CCOc1ccccc1{solv}{x=0.762500}|OCCCc1ccccc1{solv}{x=0.237500}>,CCOc1ccccc1,OCCCc1ccccc1,openff-2.1.0,2,0.8413906267796278,0.0498984008794293,1.1164,0.01195
22399,1609,dens_391027492102555874,454,Density,<Substance CCOc1ccccc1{solv}{x=0.515000}|OCCCc1ccccc1{solv}{x=0.485000}>,CCOc1ccccc1,OCCCc1ccccc1,openff-2.1.0,2,0.9666081428555344,0.0002962492565917,0.9715100000000002,0.00026
22400,1610,dens_603450583692592837,455,Density,<Substance CCOc1ccccc1{solv}{x=0.707400}|OCCCc1ccccc1{solv}{x=0.292600}>,CCOc1ccccc1,OCCCc1ccccc1,openff-2.1.0,2,0.9593064855480442,0.0001948758821755,0.9634300000000002,0.00026
22401,1611,dhmix_1297428070131435744,456,EnthalpyOfMixing,<Substance CCOc1ccccc1{solv}{x=0.516900}|OCCCc1ccccc1{solv}{x=0.483100}>,CCOc1ccccc1,OCCCc1ccccc1,openff-2.1.0,2,0.817696314677093,0.0544760424648078,0.989,0.0106
22402,1612,dens_1659818614169719187,457,Density,<Substance CCOc1ccccc1{solv}{x=0.216400}|OCCCc1ccccc1{solv}{x=0.783600}>,CCOc1ccccc1,OCCCc1ccccc1,openff-2.1.0,2,0.97813466346993,0.0003259582129127,0.9832000000000004,0.00026
22403,1613,dhmix_2058966624473104004,458,EnthalpyOfMixing,<Substance CCOc1ccccc1{solv}{x=0.262900}|OCCCc1ccccc1{solv}{x=0.737100}>,CCOc1ccccc1,OCCCc1ccccc1,openff-2.1.0,2,0.7772107271739515,0.0498652539241074,0.7,0.00755
22404,1614,dhmix_224977805525763267,459,EnthalpyOfMixing,<Substance OCCO{solv}{x=0.519300}|O{solv}{x=0.480700}>,O,OCCO,openff-2.1.0,2,0.144250699431824,0.0304516472103262,-0.64,0.0035
22405,1615,dhmix_454389511592218960,460,EnthalpyOfMixing,<Substance OCCO{solv}{x=0.790900}|O{solv}{x=0.209100}>,O,OCCO,openff-2.1.0,2,0.0382660123865576,0.0357163266023479,-0.347,0.0025
22406,1616,dens_624011570206871166,461,Density,<Substance OCCO{solv}{x=0.500560}|O{solv}{x=0.499440}>,O,OCCO,openff-2.1.0,2,1.093020706718534,0.0002655651697603,1.0923200000000002,0.0005
22407,1617,dhmix_997365299263661959,462,EnthalpyOfMixing,<Substance OCCO{solv}{x=0.205100}|O{solv}{x=0.794900}>,O,OCCO,openff-2.1.0,2,0.2242096601469434,0.025603326879481,-0.681,0.004
22408,1618,dens_1521229282261002740,463,Density,<Substance OCCO{solv}{x=0.299010}|O{solv}{x=0.700990}>,O,OCCO,openff-2.1.0,2,1.066721747037393,0.000398010541647,1.0735400000000002,0.0005
22409,1619,dens_2015496231826454735,464,Density,<Substance OCCO{solv}{x=0.706260}|O{solv}{x=0.293740}>,O,OCCO,openff-2.1.0,2,1.1109270904189732,0.0003492973397879,1.1022400000000003,0.0005
22410,1620,dhmix_230261418136264651,465,EnthalpyOfMixing,<Substance CCCCOC(C)=O{solv}{x=0.700700}|CCOC(C)=O{solv}{x=0.299300}>,CCCCOC(C)=O,CCOC(C)=O,openff-2.1.0,2,0.0396882278755903,0.0451175214499049,0.0594,0.001
22411,1621,dhmix_287092636460772443,466,EnthalpyOfMixing,<Substance CCCCOC(C)=O{solv}{x=0.501800}|CCOC(C)=O{solv}{x=0.498200}>,CCCCOC(C)=O,CCOC(C)=O,openff-2.1.0,2,0.0791362080869717,0.0431870469214158,0.076,0.0012
22412,1622,dens_436289636626232396,467,Density,<Substance CCCCOC(C)=O{solv}{x=0.501800}|CCOC(C)=O{solv}{x=0.498200}>,CCCCOC(C)=O,CCOC(C)=O,openff-2.1.0,2,0.8937337114121289,0.0002043408116099,0.8829000000000002,0.0002
22413,1623,dens_1739528506032569134,468,Density,<Substance CCCCOC(C)=O{solv}{x=0.201200}|CCOC(C)=O{solv}{x=0.798800}>,CCCCOC(C)=O,CCOC(C)=O,openff-2.1.0,2,0.9011189896008024,0.0002249131138344,0.8889000000000001,0.0002
22414,1624,dhmix_1951544232160779982,469,EnthalpyOfMixing,<Substance CCCCOC(C)=O{solv}{x=0.201200}|CCOC(C)=O{solv}{x=0.798800}>,CCCCOC(C)=O,CCOC(C)=O,openff-2.1.0,2,-0.0223369471815857,0.045419291705197,0.0524,0.0009
22415,1625,dens_2199004103648094822,470,Density,<Substance CCCCOC(C)=O{solv}{x=0.700700}|CCOC(C)=O{solv}{x=0.299300}>,CCCCOC(C)=O,CCOC(C)=O,openff-2.1.0,2,0.8895444635979972,0.0001903858402073,0.8797000000000003,0.0002
22416,1626,dens_230610561971140401,471,Density,<Substance CN(C)CCO{solv}{x=0.507700}|O{solv}{x=0.492300}>,CN(C)CCO,O,openff-2.1.0,2,0.9219823830834905,0.0002975625654654,0.9237220000000002,0.000504
22417,1627,dens_531222131704065782,472,Density,<Substance CN(C)CCO{solv}{x=0.765200}|O{solv}{x=0.234800}>,CN(C)CCO,O,openff-2.1.0,2,0.9072247350914088,0.000262514296383,0.8989030000000002,0.0005805
22418,1628,dhmix_569544738684419327,473,EnthalpyOfMixing,<Substance CN(C)CCO{solv}{x=0.536500}|O{solv}{x=0.463500}>,CN(C)CCO,O,openff-2.1.0,2,-1.945577251138651,0.0339185159023195,-2.575,0.0525
22419,1629,dens_1319192913326669904,474,Density,<Substance CN(C)CCO{solv}{x=0.264330}|O{solv}{x=0.735670}>,CN(C)CCO,O,openff-2.1.0,2,0.9417682625236964,0.0003028920508124,0.9590000000000002,0.0029
22420,1630,dhmix_1669606825693628140,475,EnthalpyOfMixing,<Substance CN(C)CCO{solv}{x=0.205200}|O{solv}{x=0.794800}>,CN(C)CCO,O,openff-2.1.0,2,-1.476341436072624,0.0252323918217335,-2.587,0.0525
22421,1631,dhmix_1723343163215510297,476,EnthalpyOfMixing,<Substance CN(C)CCO{solv}{x=0.799600}|O{solv}{x=0.200400}>,CN(C)CCO,O,openff-2.1.0,2,-1.2471086968654248,0.0411244847346259,-1.247,0.0255
22422,1632,dens_233554406241639981,477,Density,<Substance CC(C)CC(C)(C)C{solv}{x=0.200000}|CCCCOCCCC{solv}{x=0.800000}>,CC(C)CC(C)(C)C,CCCCOCCCC,openff-2.1.0,2,0.7514078199686366,0.0001998922773139,0.7497500000000001,0.00017
22423,1633,dhmix_465541682585001245,478,EnthalpyOfMixing,<Substance CC(C)CC(C)(C)C{solv}{x=0.200400}|CCCCOCCCC{solv}{x=0.799600}>,CC(C)CC(C)(C)C,CCCCOCCCC,openff-2.1.0,2,0.0837580728146463,0.0495705819844825,0.07397,0.00099
22424,1634,dhmix_1505777056782392294,479,EnthalpyOfMixing,<Substance CC(C)CC(C)(C)C{solv}{x=0.400400}|CCCCOCCCC{solv}{x=0.599600}>,CC(C)CC(C)(C)C,CCCCOCCCC,openff-2.1.0,2,0.2703832536065533,0.0527744887601491,0.11538,0.001385
22425,1635,dhmix_1595104467389948583,480,EnthalpyOfMixing,<Substance CC(C)CC(C)(C)C{solv}{x=0.700500}|CCCCOCCCC{solv}{x=0.299500}>,CC(C)CC(C)(C)C,CCCCOCCCC,openff-2.1.0,2,0.1961199000298279,0.0502193860878995,0.10948,0.00133
22426,1636,dens_1672861274914038509,481,Density,<Substance CC(C)CC(C)(C)C{solv}{x=0.399700}|CCCCOCCCC{solv}{x=0.600300}>,CC(C)CC(C)(C)C,CCCCOCCCC,openff-2.1.0,2,0.7408133425735702,0.0001840480844304,0.7348100000000001,0.000175
22427,1637,dens_1954694146948787176,482,Density,<Substance CC(C)CC(C)(C)C{solv}{x=0.700000}|CCCCOCCCC{solv}{x=0.300000}>,CC(C)CC(C)(C)C,CCCCOCCCC,openff-2.1.0,2,0.7247768921486384,0.0001922102255771,0.7117300000000002,0.000185
22428,1638,dens_234746850701826990,483,Density,<Substance CC#N{solv}{x=0.700000}|CCCCCO{solv}{x=0.300000}>,CC#N,CCCCCO,openff-2.1.0,2,0.79210807542282,0.0002673567543622,0.7924200000000001,0.000165
22429,1639,dens_1261543146081029601,484,Density,<Substance CC#N{solv}{x=0.500300}|CCCCCO{solv}{x=0.499700}>,CC#N,CCCCCO,openff-2.1.0,2,0.8008128042933277,0.0002573729154378,0.7996400000000001,0.000185
22430,1640,dens_1462197010819319813,485,Density,<Substance CC#N{solv}{x=0.203100}|CCCCCO{solv}{x=0.796900}>,CC#N,CCCCCO,openff-2.1.0,2,0.810400861214817,0.0002174659640176,0.8090600000000001,0.00022
22431,1641,dhmix_1595997756227951615,486,EnthalpyOfMixing,<Substance CC#N{solv}{x=0.235500}|CCCCCO{solv}{x=0.764500}>,CC#N,CCCCCO,openff-2.1.0,2,1.4825254764351286,0.045130447991303,1.451,0.006
22432,1642,dhmix_1745037615762894827,487,EnthalpyOfMixing,<Substance CC#N{solv}{x=0.516700}|CCCCCO{solv}{x=0.483300}>,CC#N,CCCCCO,openff-2.1.0,2,1.9665093272074028,0.0387766834832722,2.017,0.008
22433,1643,dhmix_2294048253872291609,488,EnthalpyOfMixing,<Substance CC#N{solv}{x=0.771100}|CCCCCO{solv}{x=0.228900}>,CC#N,CCCCCO,openff-2.1.0,2,1.534438651282121,0.0324420423053566,1.656,0.007
22434,1644,dens_237912652331354824,489,Density,<Substance C1COCCO1{solv}{x=0.512200}|CCCC(C)=O{solv}{x=0.487800}>,C1COCCO1,CCCC(C)=O,openff-2.1.0,2,0.8999166368117886,0.0002512576800468,0.90478,0.00023
22435,1645,dhmix_951401191616771155,490,EnthalpyOfMixing,<Substance C1COCCO1{solv}{x=0.750000}|CCCC(C)=O{solv}{x=0.250000}>,C1COCCO1,CCCC(C)=O,openff-2.1.0,2,0.4272145518485928,0.0389369154896047,0.23761,0.00135
22436,1646,dens_1815088975543208186,491,Density,<Substance C1COCCO1{solv}{x=0.225400}|CCCC(C)=O{solv}{x=0.774600}>,C1COCCO1,CCCC(C)=O,openff-2.1.0,2,0.8314233200654281,0.0001599278073548,0.8442800000000001,0.00022
22437,1647,dens_2079717107234551519,492,Density,<Substance C1COCCO1{solv}{x=0.782300}|CCCC(C)=O{solv}{x=0.217700}>,C1COCCO1,CCCC(C)=O,openff-2.1.0,2,0.971912156452171,0.0002607393559062,0.9692000000000004,0.000245
22438,1648,dhmix_2166059870593139530,493,EnthalpyOfMixing,<Substance C1COCCO1{solv}{x=0.500000}|CCCC(C)=O{solv}{x=0.500000}>,C1COCCO1,CCCC(C)=O,openff-2.1.0,2,0.2538557878247189,0.0407691720302877,0.26523,0.001455
22439,1649,dhmix_2196150660196365471,494,EnthalpyOfMixing,<Substance C1COCCO1{solv}{x=0.250000}|CCCC(C)=O{solv}{x=0.750000}>,C1COCCO1,CCCC(C)=O,openff-2.1.0,2,0.1937337675668402,0.0457069819276348,0.1704,0.001085
22440,1650,dhmix_243334109655928306,495,EnthalpyOfMixing,<Substance C1CCOCC1{solv}{x=0.783200}|c1ccccc1{solv}{x=0.216800}>,C1CCOCC1,c1ccccc1,openff-2.1.0,2,-0.0209584955752291,0.0436409911309503,-0.1399,0.00165
22441,1651,dens_257753427541292519,496,Density,<Substance C1CCOCC1{solv}{x=0.479400}|c1ccccc1{solv}{x=0.520600}>,C1CCOCC1,c1ccccc1,openff-2.1.0,2,0.8698213883151011,0.0003035622792879,0.8778700000000003,0.000505
22442,1652,dhmix_604341867718608333,497,EnthalpyOfMixing,<Substance C1CCOCC1{solv}{x=0.242500}|c1ccccc1{solv}{x=0.757500}>,C1CCOCC1,c1ccccc1,openff-2.1.0,2,-0.1506243840380676,0.0416326251957183,-0.1608,0.00185
22443,1653,dens_791001710124267373,498,Density,<Substance C1CCOCC1{solv}{x=0.223900}|c1ccccc1{solv}{x=0.776100}>,C1CCOCC1,c1ccccc1,openff-2.1.0,2,0.8667461065943399,0.0002639777074269,0.8761000000000002,0.0005
22444,1654,dens_1402061243325720407,499,Density,<Substance C1CCOCC1{solv}{x=0.743200}|c1ccccc1{solv}{x=0.256800}>,C1CCOCC1,c1ccccc1,openff-2.1.0,2,0.8733506608067739,0.0002358045493501,0.8789500000000002,0.000505
22445,1655,dhmix_1407142629314355761,500,EnthalpyOfMixing,<Substance C1CCOCC1{solv}{x=0.498200}|c1ccccc1{solv}{x=0.501800}>,C1CCOCC1,c1ccccc1,openff-2.1.0,2,-0.1872901496213899,0.0405497616496356,-0.2365,0.00265
22446,1656,dhmix_266800455813556356,501,EnthalpyOfMixing,<Substance CO{solv}{x=0.727200}|OCc1ccccc1{solv}{x=0.272800}>,CO,OCc1ccccc1,openff-2.1.0,2,-0.092656020284199,0.0323148159259614,-0.0792,0.001
22447,1657,dhmix_949671607207910651,502,EnthalpyOfMixing,<Substance CO{solv}{x=0.500500}|OCc1ccccc1{solv}{x=0.499500}>,CO,OCc1ccccc1,openff-2.1.0,2,-0.1454974135386422,0.0363109888978405,-0.1408,0.00165
22448,1658,dhmix_1388744759732522219,503,EnthalpyOfMixing,<Substance CO{solv}{x=0.200200}|OCc1ccccc1{solv}{x=0.799800}>,CO,OCc1ccccc1,openff-2.1.0,2,-0.0533684840474606,0.0425010766597227,-0.1081,0.0013
22449,1659,dens_270046772857960816,504,Density,<Substance C1CCOCC1{solv}{x=0.732100}|Cc1ccccc1{solv}{x=0.267900}>,C1CCOCC1,Cc1ccccc1,openff-2.1.0,2,0.8688990830431491,0.0002376420724278,0.8754100000000001,0.000505
22450,1660,dens_324774743687652276,505,Density,<Substance C1CCOCC1{solv}{x=0.238700}|Cc1ccccc1{solv}{x=0.761300}>,C1CCOCC1,Cc1ccccc1,openff-2.1.0,2,0.8566348735904932,0.0002654629317348,0.8669900000000003,0.000505
22451,1661,dhmix_390107187187002597,506,EnthalpyOfMixing,<Substance C1CCOCC1{solv}{x=0.531900}|Cc1ccccc1{solv}{x=0.468100}>,C1CCOCC1,Cc1ccccc1,openff-2.1.0,2,-0.1016791506746273,0.0430844161082404,-0.2225,0.0025
22452,1662,dhmix_1070320975529400325,507,EnthalpyOfMixing,<Substance C1CCOCC1{solv}{x=0.280600}|Cc1ccccc1{solv}{x=0.719400}>,C1CCOCC1,Cc1ccccc1,openff-2.1.0,2,-0.0378598923399238,0.046121383526427,-0.1687,0.00195
22453,1663,dens_1397318239527979287,508,Density,<Substance C1CCOCC1{solv}{x=0.491500}|Cc1ccccc1{solv}{x=0.508500}>,C1CCOCC1,Cc1ccccc1,openff-2.1.0,2,0.8630555900831886,0.0002201766558645,0.8715100000000002,0.000505
22454,1664,dhmix_1508130989501940613,509,EnthalpyOfMixing,<Substance C1CCOCC1{solv}{x=0.741300}|Cc1ccccc1{solv}{x=0.258700}>,C1CCOCC1,Cc1ccccc1,openff-2.1.0,2,-0.1338474182074378,0.044361099518398,-0.1629,0.0019
22455,1665,dhmix_271732469428717581,510,EnthalpyOfMixing,<Substance COc1ccccc1{solv}{x=0.237400}|OCCCc1ccccc1{solv}{x=0.762600}>,COc1ccccc1,OCCCc1ccccc1,openff-2.1.0,2,0.4475311107195239,0.0524020314502844,0.6076,0.0066
22456,1666,dhmix_1174392275991455181,511,EnthalpyOfMixing,<Substance COc1ccccc1{solv}{x=0.554700}|OCCCc1ccccc1{solv}{x=0.445300}>,COc1ccccc1,OCCCc1ccccc1,openff-2.1.0,2,1.12192824676157,0.046237292659219,1.0293,0.01105
22457,1667,dhmix_1179341622676685107,512,EnthalpyOfMixing,<Substance COc1ccccc1{solv}{x=0.713600}|OCCCc1ccccc1{solv}{x=0.286400}>,COc1ccccc1,OCCCc1ccccc1,openff-2.1.0,2,1.0479160995572414,0.0526143423721079,1.1088,0.0119
22458,1668,dens_1468428612899754720,513,Density,<Substance COc1ccccc1{solv}{x=0.747700}|OCCCc1ccccc1{solv}{x=0.252300}>,COc1ccccc1,OCCCc1ccccc1,openff-2.1.0,2,0.9747221068310444,0.0002166857264241,0.9827800000000002,0.00026
22459,1669,dens_1534619098234859574,514,Density,<Substance COc1ccccc1{solv}{x=0.555100}|OCCCc1ccccc1{solv}{x=0.444900}>,COc1ccccc1,OCCCc1ccccc1,openff-2.1.0,2,0.97806518055028,0.0001784201774949,0.9852700000000002,0.00026
22460,1670,dens_2298154173340539222,515,Density,<Substance COc1ccccc1{solv}{x=0.263600}|OCCCc1ccccc1{solv}{x=0.736400}>,COc1ccccc1,OCCCc1ccccc1,openff-2.1.0,2,0.98288605578724,0.0002061060833584,0.9885500000000002,0.00026
22461,1671,dens_274848672468745759,516,Density,<Substance CCCCOC(C)=O{solv}{x=0.293400}|c1ccccc1{solv}{x=0.706600}>,CCCCOC(C)=O,c1ccccc1,openff-2.1.0,2,0.8711499830549596,0.00025447998756,0.8736600000000002,0.00021
22462,1672,dens_493354132810710227,517,Density,<Substance CCCCOC(C)=O{solv}{x=0.710500}|c1ccccc1{solv}{x=0.289500}>,CCCCOC(C)=O,c1ccccc1,openff-2.1.0,2,0.8798667126116003,0.0001560523202068,0.8751500000000002,0.000335
22463,1673,dhmix_754807126845437364,518,EnthalpyOfMixing,<Substance CCCCOC(C)=O{solv}{x=0.495800}|c1ccccc1{solv}{x=0.504200}>,CCCCOC(C)=O,c1ccccc1,openff-2.1.0,2,-0.1528419338854938,0.0439062989246092,-0.0245,0.001
22464,1674,dens_834118541551127044,519,Density,<Substance CCCCOC(C)=O{solv}{x=0.504400}|c1ccccc1{solv}{x=0.495600}>,CCCCOC(C)=O,c1ccccc1,openff-2.1.0,2,0.8760539911146439,0.0002424658336094,0.8744300000000002,0.000265
22465,1675,dhmix_1349932525480083284,520,EnthalpyOfMixing,<Substance CCCCOC(C)=O{solv}{x=0.252300}|c1ccccc1{solv}{x=0.747700}>,CCCCOC(C)=O,c1ccccc1,openff-2.1.0,2,-0.14542622756327,0.0443468963274309,-0.014,0.0009
22466,1676,dhmix_1597992980658352112,521,EnthalpyOfMixing,<Substance CCCCOC(C)=O{solv}{x=0.771400}|c1ccccc1{solv}{x=0.228600}>,CCCCOC(C)=O,c1ccccc1,openff-2.1.0,2,-0.1646019969136585,0.0488385500263206,-0.0245,0.001
22467,1677,dens_275501958869207518,522,Density,<Substance C1CCOCC1{solv}{x=0.226300}|Cc1ccccc1Cl{solv}{x=0.773700}>,C1CCOCC1,Cc1ccccc1Cl,openff-2.1.0,2,1.0398180350338375,0.0002548287210135,1.0396,0.0005
22468,1678,dhmix_818597523255588519,523,EnthalpyOfMixing,<Substance C1CCOCC1{solv}{x=0.753300}|Cc1ccccc1Cl{solv}{x=0.246700}>,C1CCOCC1,Cc1ccccc1Cl,openff-2.1.0,2,-0.2212109985489121,0.0463821122620457,-0.154,0.001
22469,1679,dhmix_849121557716978550,524,EnthalpyOfMixing,<Substance C1CCOCC1{solv}{x=0.517500}|Cc1ccccc1Cl{solv}{x=0.482500}>,C1CCOCC1,Cc1ccccc1Cl,openff-2.1.0,2,-0.3474783083961625,0.0418368377624504,-0.22,0.0015
22470,1680,dens_946978292781731327,525,Density,<Substance C1CCOCC1{solv}{x=0.478400}|Cc1ccccc1Cl{solv}{x=0.521600}>,C1CCOCC1,Cc1ccccc1Cl,openff-2.1.0,2,0.991932715623263,0.0002627699548877,0.9931600000000002,0.00051
22471,1681,dhmix_997266220336132741,526,EnthalpyOfMixing,<Substance C1CCOCC1{solv}{x=0.263200}|Cc1ccccc1Cl{solv}{x=0.736800}>,C1CCOCC1,Cc1ccccc1Cl,openff-2.1.0,2,-0.3016801934537483,0.0453702849372435,-0.175,0.001
22472,1682,dens_1191185394819541532,527,Density,<Substance C1CCOCC1{solv}{x=0.765800}|Cc1ccccc1Cl{solv}{x=0.234200}>,C1CCOCC1,Cc1ccccc1Cl,openff-2.1.0,2,0.9311131788641848,0.0002451087072002,0.9336500000000002,0.000505
22473,1683,dhmix_278334692660393021,528,EnthalpyOfMixing,<Substance CCCCCCC{solv}{x=0.205900}|CNc1ccccc1{solv}{x=0.794100}>,CCCCCCC,CNc1ccccc1,openff-2.1.0,2,1.6704374593999702,0.0572175850509227,1.126,0.012
22474,1684,dens_480658478095207102,529,Density,<Substance CCCCCCC{solv}{x=0.740500}|CNc1ccccc1{solv}{x=0.259500}>,CCCCCCC,CNc1ccccc1,openff-2.1.0,2,0.7361629298724199,0.0002002848701783,0.7424910000000001,0.00014
22475,1685,dhmix_898293423987680187,530,EnthalpyOfMixing,<Substance CCCCCCC{solv}{x=0.501700}|CNc1ccccc1{solv}{x=0.498300}>,CCCCCCC,CNc1ccccc1,openff-2.1.0,2,2.064851345335555,0.0465651300361475,1.676,0.018
22476,1686,dens_1509968737377061562,531,Density,<Substance CCCCCCC{solv}{x=0.250900}|CNc1ccccc1{solv}{x=0.749100}>,CCCCCCC,CNc1ccccc1,openff-2.1.0,2,0.8927438843664269,0.0002226913147571,0.8897150000000003,0.0002615
22477,1687,dhmix_1680546488782143957,532,EnthalpyOfMixing,<Substance CCCCCCC{solv}{x=0.703200}|CNc1ccccc1{solv}{x=0.296800}>,CCCCCCC,CNc1ccccc1,openff-2.1.0,2,1.7940363853239347,0.0463281849101445,1.539,0.0165
22478,1688,dens_2074014246120135820,533,Density,<Substance CCCCCCC{solv}{x=0.497000}|CNc1ccccc1{solv}{x=0.503000}>,CCCCCCC,CNc1ccccc1,openff-2.1.0,2,0.8078674783034574,0.0001800820501844,0.8106920000000002,0.0001785
22479,1689,dens_296890921001565391,534,Density,<Substance CCCCN{solv}{x=0.755200}|CN(C)C=O{solv}{x=0.244800}>,CCCCN,CN(C)C=O,openff-2.1.0,2,0.791775522704799,0.000224226198506,0.7762150000000002,0.000949
22480,1690,dens_380536870617309130,535,Density,<Substance CCCCN{solv}{x=0.242800}|CN(C)C=O{solv}{x=0.757200}>,CCCCN,CN(C)C=O,openff-2.1.0,2,0.8750916513427207,0.0002350435650196,0.8845160000000002,0.0010795
22481,1691,dhmix_493117160214491795,536,EnthalpyOfMixing,<Substance CCCCN{solv}{x=0.244100}|CN(C)C=O{solv}{x=0.755900}>,CCCCN,CN(C)C=O,openff-2.1.0,2,0.0871631513008139,0.0410170981862863,0.245,0.008
22482,1692,dhmix_789225002934078019,537,EnthalpyOfMixing,<Substance CCCCN{solv}{x=0.750200}|CN(C)C=O{solv}{x=0.249800}>,CCCCN,CN(C)C=O,openff-2.1.0,2,0.0807127854141569,0.0381532195983403,0.32,0.01
22483,1693,dhmix_941321571782058819,538,EnthalpyOfMixing,<Substance CCCCN{solv}{x=0.499200}|CN(C)C=O{solv}{x=0.500800}>,CCCCN,CN(C)C=O,openff-2.1.0,2,0.1531248610726905,0.0369048044757181,0.384,0.0115
22484,1694,dens_2179361372918836941,539,Density,<Substance CCCCN{solv}{x=0.497200}|CN(C)C=O{solv}{x=0.502800}>,CCCCN,CN(C)C=O,openff-2.1.0,2,0.8325653980392727,0.0002431680272678,0.8277360000000001,0.001011
22485,1695,dens_300257448272323407,540,Density,<Substance CC(C)O{solv}{x=0.745200}|NCCN{solv}{x=0.254800}>,CC(C)O,NCCN,openff-2.1.0,2,0.8529991596714817,0.0002276381208677,0.8163970000000003,0.0002325
22486,1696,dens_924750366683277351,541,Density,<Substance CC(C)O{solv}{x=0.203100}|NCCN{solv}{x=0.796900}>,CC(C)O,NCCN,openff-2.1.0,2,0.9789557411821268,0.0003187864956976,0.8736620000000003,0.0002225
22487,1697,dens_2284409308160572308,542,Density,<Substance CC(C)O{solv}{x=0.489100}|NCCN{solv}{x=0.510900}>,CC(C)O,NCCN,openff-2.1.0,2,0.9089548065405182,0.0002998194706063,0.8449250000000001,0.0002245
22488,1698,dens_305501840068636812,543,Density,<Substance CC(C)=O{solv}{x=0.750000}|CCO{solv}{x=0.250000}>,CC(C)=O,CCO,openff-2.1.0,2,0.7735131108269293,0.0002741687703937,0.7859000000000002,0.000115
22489,1699,dens_472577738907297293,544,Density,<Substance CC(C)=O{solv}{x=0.250000}|CCO{solv}{x=0.750000}>,CC(C)=O,CCO,openff-2.1.0,2,0.782023654675905,0.0003016996199786,0.7861600000000002,0.000115
22490,1700,dens_2271083741716457850,545,Density,<Substance CC(C)=O{solv}{x=0.499900}|CCO{solv}{x=0.500100}>,CC(C)=O,CCO,openff-2.1.0,2,0.7771850584982737,0.0002868698769223,0.7861900000000003,0.000115
22491,1701,dens_307445163336341047,546,Density,<Substance CN1CCCC1=O{solv}{x=0.703700}|ClCCCl{solv}{x=0.296300}>,CN1CCCC1=O,ClCCCl,openff-2.1.0,2,1.0655510647342734,0.0002699215110936,1.0851000000000002,0.0002
22492,1702,dhmix_453866769634566853,547,EnthalpyOfMixing,<Substance CN1CCCC1=O{solv}{x=0.253100}|ClCCCl{solv}{x=0.746900}>,CN1CCCC1=O,ClCCCl,openff-2.1.0,2,-0.4781916013821927,0.0323598621128027,-0.8118,0.01525
22493,1703,dhmix_536206650470008584,548,EnthalpyOfMixing,<Substance CN1CCCC1=O{solv}{x=0.500000}|ClCCCl{solv}{x=0.500000}>,CN1CCCC1=O,ClCCCl,openff-2.1.0,2,-0.5472803032329132,0.0373412637623294,-1.264,0.0055
22494,1704,dens_1046625605566999080,549,Density,<Substance CN1CCCC1=O{solv}{x=0.202500}|ClCCCl{solv}{x=0.797500}>,CN1CCCC1=O,ClCCCl,openff-2.1.0,2,1.1811305087862645,0.0003661053098857,1.1953000000000005,0.00025
22495,1705,dhmix_1620571823529677157,550,EnthalpyOfMixing,<Substance CN1CCCC1=O{solv}{x=0.736700}|ClCCCl{solv}{x=0.263300}>,CN1CCCC1=O,ClCCCl,openff-2.1.0,2,-0.388902559550452,0.044068288272022,-0.8587,0.01605
22496,1706,dens_2059567022041766694,551,Density,<Substance CN1CCCC1=O{solv}{x=0.497500}|ClCCCl{solv}{x=0.502500}>,CN1CCCC1=O,ClCCCl,openff-2.1.0,2,1.1130427886510472,0.0002804556763312,1.1283000000000003,0.0002
22497,1707,dens_313234519309892479,552,Density,<Substance CC(=O)N(C)C{solv}{x=0.293800}|CCCCCCCCCl{solv}{x=0.706200}>,CC(=O)N(C)C,CCCCCCCCCl,openff-2.1.0,2,0.870930892253057,0.0001746110367993,0.8796000000000003,0.00045
22498,1708,dhmix_444785917463403590,553,EnthalpyOfMixing,<Substance CC(=O)N(C)C{solv}{x=0.703000}|CCCCCCCCCl{solv}{x=0.297000}>,CC(=O)N(C)C,CCCCCCCCCl,openff-2.1.0,2,0.9169551090496846,0.0426609638744318,0.751,0.004
22499,1709,dhmix_705168937124106402,554,EnthalpyOfMixing,<Substance CC(=O)N(C)C{solv}{x=0.215000}|CCCCCCCCCl{solv}{x=0.785000}>,CC(=O)N(C)C,CCCCCCCCCl,openff-2.1.0,2,0.6158463392096962,0.0552485797413605,0.519,0.0035
22500,1710,dens_1549584991651515376,555,Density,<Substance CC(=O)N(C)C{solv}{x=0.502200}|CCCCCCCCCl{solv}{x=0.497800}>,CC(=O)N(C)C,CCCCCCCCCl,openff-2.1.0,2,0.876005578250548,0.0001942159171007,0.8902000000000002,0.0004
22501,1711,dhmix_1732161251827083272,556,EnthalpyOfMixing,<Substance CC(=O)N(C)C{solv}{x=0.508000}|CCCCCCCCCl{solv}{x=0.492000}>,CC(=O)N(C)C,CCCCCCCCCl,openff-2.1.0,2,0.9545281791752628,0.0464428379882673,0.829,0.004
22502,1712,dens_2189889607118243828,557,Density,<Substance CC(=O)N(C)C{solv}{x=0.700500}|CCCCCCCCCl{solv}{x=0.299500}>,CC(=O)N(C)C,CCCCCCCCCl,openff-2.1.0,2,0.8828087717813948,0.0002462647593207,0.9041000000000002,0.00035
22503,1713,dens_314482396827660717,558,Density,<Substance BrCCBr{solv}{x=0.753700}|COC(C)=O{solv}{x=0.246300}>,BrCCBr,COC(C)=O,openff-2.1.0,2,1.8589389901919768,0.0006312748615192,1.8774400000000004,0.003355
22504,1714,dens_344993892965738820,559,Density,<Substance BrCCBr{solv}{x=0.275200}|COC(C)=O{solv}{x=0.724800}>,BrCCBr,COC(C)=O,openff-2.1.0,2,1.2930672020597875,0.0004147755705348,1.2862400000000005,0.001125
22505,1715,dhmix_545996968666061076,560,EnthalpyOfMixing,<Substance BrCCBr{solv}{x=0.720900}|COC(C)=O{solv}{x=0.279100}>,BrCCBr,COC(C)=O,openff-2.1.0,2,-0.0526953523148994,0.0308048374034284,0.2594,0.0028
22506,1716,dens_714044009336077786,561,Density,<Substance BrCCBr{solv}{x=0.512100}|COC(C)=O{solv}{x=0.487900}>,BrCCBr,COC(C)=O,openff-2.1.0,2,1.5811269174283091,0.0004846911222322,1.5834900000000005,0.0021
22507,1717,dhmix_1222511035002547253,562,EnthalpyOfMixing,<Substance BrCCBr{solv}{x=0.485500}|COC(C)=O{solv}{x=0.514500}>,BrCCBr,COC(C)=O,openff-2.1.0,2,-0.1588686252608013,0.0282304262418165,0.2577,0.00275
22508,1718,dhmix_1418101673429653456,563,EnthalpyOfMixing,<Substance BrCCBr{solv}{x=0.250800}|COC(C)=O{solv}{x=0.749200}>,BrCCBr,COC(C)=O,openff-2.1.0,2,-0.1301621058192594,0.034071919479108,0.1202,0.0017
22509,1719,dens_314934747194338330,564,Density,<Substance CC(C)CCl{solv}{x=0.513700}|CC(C)OC(C)C{solv}{x=0.486300}>,CC(C)CCl,CC(C)OC(C)C,openff-2.1.0,2,0.799628041133664,0.0002842462833765,0.7878250000000002,0.000405
22510,1720,dhmix_355399496844187096,565,EnthalpyOfMixing,<Substance CC(C)CCl{solv}{x=0.545300}|CC(C)OC(C)C{solv}{x=0.454700}>,CC(C)CCl,CC(C)OC(C)C,openff-2.1.0,2,-0.1422215698486724,0.0396294781961127,-0.0957,0.0012
22511,1721,dens_688062365117407068,566,Density,<Substance CC(C)CCl{solv}{x=0.805900}|CC(C)OC(C)C{solv}{x=0.194100}>,CC(C)CCl,CC(C)OC(C)C,openff-2.1.0,2,0.8384343397411927,0.0003065656246057,0.8355300000000002,0.0003555
22512,1722,dhmix_1411881046585885461,567,EnthalpyOfMixing,<Substance CC(C)CCl{solv}{x=0.090700}|CC(C)OC(C)C{solv}{x=0.909300}>,CC(C)CCl,CC(C)OC(C)C,openff-2.1.0,2,-0.058644918579489,0.0520704562118303,-0.0302,0.00055
22513,1723,dens_1762455266351712367,568,Density,<Substance CC(C)CCl{solv}{x=0.091000}|CC(C)OC(C)C{solv}{x=0.909000}>,CC(C)CCl,CC(C)OC(C)C,openff-2.1.0,2,0.7506502479393599,0.0002571295884591,0.7293950000000001,0.000464
22514,1724,dhmix_2302865667781063708,569,EnthalpyOfMixing,<Substance CC(C)CCl{solv}{x=0.727000}|CC(C)OC(C)C{solv}{x=0.273000}>,CC(C)CCl,CC(C)OC(C)C,openff-2.1.0,2,-0.1290751545605317,0.0396401492146368,-0.0791,0.001
22515,1725,dens_321327254341950207,570,Density,<Substance C1COCCO1{solv}{x=0.780300}|CCCCCC(C)=O{solv}{x=0.219700}>,C1COCCO1,CCCCCC(C)=O,openff-2.1.0,2,0.9612304288379508,0.000195795469952,0.9576500000000002,0.0003
22516,1726,dens_377701756930918353,571,Density,<Substance C1COCCO1{solv}{x=0.500600}|CCCCCC(C)=O{solv}{x=0.499400}>,C1COCCO1,CCCCCC(C)=O,openff-2.1.0,2,0.8883248540139204,0.0002294888930431,0.8916700000000002,0.000345
22517,1727,dhmix_600625644134907580,572,EnthalpyOfMixing,<Substance C1COCCO1{solv}{x=0.500000}|CCCCCC(C)=O{solv}{x=0.500000}>,C1COCCO1,CCCCCC(C)=O,openff-2.1.0,2,0.5295741476691802,0.0434910829258171,0.4509,0.002255
22518,1728,dens_1451069448215305244,573,Density,<Substance C1COCCO1{solv}{x=0.220300}|CCCCCC(C)=O{solv}{x=0.779700}>,C1COCCO1,CCCCCC(C)=O,openff-2.1.0,2,0.8333385887724681,0.0001774821045518,0.8420800000000003,0.000385
22519,1729,dhmix_2028813035406256788,574,EnthalpyOfMixing,<Substance C1COCCO1{solv}{x=0.750000}|CCCCCC(C)=O{solv}{x=0.250000}>,C1COCCO1,CCCCCC(C)=O,openff-2.1.0,2,0.6008389247572978,0.0456246770923465,0.4064,0.00209
22520,1730,dhmix_2222211577832383320,575,EnthalpyOfMixing,<Substance C1COCCO1{solv}{x=0.250000}|CCCCCC(C)=O{solv}{x=0.750000}>,C1COCCO1,CCCCCC(C)=O,openff-2.1.0,2,0.3352556094623367,0.0497131765483211,0.2911,0.00164
22521,1731,dhmix_325212618372456630,576,EnthalpyOfMixing,<Substance CCCCCCC{solv}{x=0.500000}|c1ccccc1{solv}{x=0.500000}>,CCCCCCC,c1ccccc1,openff-2.1.0,2,1.0606712067894932,0.0350227630011649,0.9235,0.0051
22522,1732,dhmix_409350268177199962,577,EnthalpyOfMixing,<Substance CCCCCCC{solv}{x=0.751900}|c1ccccc1{solv}{x=0.248100}>,CCCCCCC,c1ccccc1,openff-2.1.0,2,0.6336954358768594,0.0460554823809093,0.6047,0.0035
22523,1733,dens_1685942387769177799,578,Density,<Substance CCCCCCC{solv}{x=0.913667}|c1ccccc1{solv}{x=0.086333}>,CCCCCCC,c1ccccc1,openff-2.1.0,2,0.6805841016806984,0.0001854339629782,0.6892400000000002,0.000805
22524,1734,dens_2148382258223830900,579,Density,<Substance CCCCCCC{solv}{x=0.273700}|c1ccccc1{solv}{x=0.726300}>,CCCCCCC,c1ccccc1,openff-2.1.0,2,0.772801083814461,0.0002721626953649,0.7855000000000002,0.00015
22525,1735,dens_2219829254239605828,580,Density,<Substance CCCCCCC{solv}{x=0.492200}|c1ccccc1{solv}{x=0.507800}>,CCCCCCC,c1ccccc1,openff-2.1.0,2,0.7295625375420874,0.0002842864684081,0.7409000000000001,0.00015
22526,1736,dhmix_2296565820723783732,581,EnthalpyOfMixing,<Substance CCCCCCC{solv}{x=0.242400}|c1ccccc1{solv}{x=0.757600}>,CCCCCCC,c1ccccc1,openff-2.1.0,2,0.8802496360159751,0.0325943409372056,0.7775,0.0044
22527,1737,dens_326446104630354701,582,Density,<Substance BrCCBr{solv}{x=0.728600}|CCC(=O)OC{solv}{x=0.271400}>,BrCCBr,CCC(=O)OC,openff-2.1.0,2,1.7770083183120111,0.0005512312926048,1.7949900000000003,0.00303
22528,1738,dens_886315086380393150,583,Density,<Substance BrCCBr{solv}{x=0.494400}|CCC(=O)OC{solv}{x=0.505600}>,BrCCBr,CCC(=O)OC,openff-2.1.0,2,1.485766245432347,0.0004594030848533,1.4941800000000005,0.001825
22529,1739,dhmix_1410129135672303476,584,EnthalpyOfMixing,<Substance BrCCBr{solv}{x=0.491400}|CCC(=O)OC{solv}{x=0.508600}>,BrCCBr,CCC(=O)OC,openff-2.1.0,2,-0.4309579918147763,0.0347002672698962,0.0195,0.00185
22530,1740,dhmix_1551714230583118668,585,EnthalpyOfMixing,<Substance BrCCBr{solv}{x=0.755400}|CCC(=O)OC{solv}{x=0.244600}>,BrCCBr,CCC(=O)OC,openff-2.1.0,2,-0.2102815737686771,0.0315052921026128,0.09,0.00295
22531,1741,dhmix_1596310059176209101,586,EnthalpyOfMixing,<Substance BrCCBr{solv}{x=0.214800}|CCC(=O)OC{solv}{x=0.785200}>,BrCCBr,CCC(=O)OC,openff-2.1.0,2,-0.2807267126437612,0.0317319588902906,-0.0281,0.002
22532,1742,dens_1860027304017736150,587,Density,<Substance BrCCBr{solv}{x=0.257000}|CCC(=O)OC{solv}{x=0.743000}>,BrCCBr,CCC(=O)OC,openff-2.1.0,2,1.204205824727694,0.0003391392305002,1.2059400000000002,0.000915
22533,1743,dhmix_334328961632702336,588,EnthalpyOfMixing,<Substance Cc1ccccc1N{solv}{x=0.492600}|Cc1cccnc1{solv}{x=0.507400}>,Cc1ccccc1N,Cc1cccnc1,openff-2.1.0,2,-1.6469238656807992,0.0453294903837121,-1.4091,0.0287
22534,1744,dhmix_382843935535082222,589,EnthalpyOfMixing,<Substance Cc1ccccc1N{solv}{x=0.232300}|Cc1cccnc1{solv}{x=0.767700}>,Cc1ccccc1N,Cc1cccnc1,openff-2.1.0,2,-1.3218154676975151,0.0414658754254802,-1.1196,0.02285
22535,1745,dens_890019852111400701,590,Density,<Substance Cc1ccccc1N{solv}{x=0.533600}|Cc1cccnc1{solv}{x=0.466400}>,Cc1ccccc1N,Cc1cccnc1,openff-2.1.0,2,0.9907737401044346,0.000256894334841,0.9795770000000004,0.0001185
22536,1746,dens_1033313642915027277,591,Density,<Substance Cc1ccccc1N{solv}{x=0.737200}|Cc1cccnc1{solv}{x=0.262800}>,Cc1ccccc1N,Cc1cccnc1,openff-2.1.0,2,1.003768605539428,0.0002032591134153,0.9867010000000004,0.000118
22537,1747,dhmix_1057104304179164775,592,EnthalpyOfMixing,<Substance Cc1ccccc1N{solv}{x=0.778900}|Cc1cccnc1{solv}{x=0.221100}>,Cc1ccccc1N,Cc1cccnc1,openff-2.1.0,2,-1.0602818513258718,0.0510954698486339,-0.8735,0.01785
22538,1748,dens_1445313714023685702,593,Density,<Substance Cc1ccccc1N{solv}{x=0.246700}|Cc1cccnc1{solv}{x=0.753300}>,Cc1ccccc1N,Cc1cccnc1,openff-2.1.0,2,0.9682634319323332,0.0002095450131853,0.9668750000000004,0.00012
22539,1749,dens_335631113096608920,594,Density,<Substance CCC(C)=O{solv}{x=0.501800}|CCCCNCCCC{solv}{x=0.498200}>,CCC(C)=O,CCCCNCCCC,openff-2.1.0,2,0.7651203505041211,0.0001732085940579,0.7693960000000002,9.950000000000003e-05
22540,1750,dhmix_551451232292287572,595,EnthalpyOfMixing,<Substance CCC(C)=O{solv}{x=0.215400}|CCCCNCCCC{solv}{x=0.784600}>,CCC(C)=O,CCCCNCCCC,openff-2.1.0,2,0.1576865664287652,0.0536516428904668,0.417,0.0045
22541,1751,dens_800787154192710377,596,Density,<Substance CCC(C)=O{solv}{x=0.260300}|CCCCNCCCC{solv}{x=0.739700}>,CCC(C)=O,CCCCNCCCC,openff-2.1.0,2,0.7625514841896678,0.0001958653048399,0.7614750000000002,0.0001005
22542,1752,dhmix_1210431916849512476,597,EnthalpyOfMixing,<Substance CCC(C)=O{solv}{x=0.504400}|CCCCNCCCC{solv}{x=0.495600}>,CCC(C)=O,CCCCNCCCC,openff-2.1.0,2,0.2768658726164403,0.0342904036821604,0.619,0.0065
22543,1753,dhmix_1503682496766473076,598,EnthalpyOfMixing,<Substance CCC(C)=O{solv}{x=0.792200}|CCCCNCCCC{solv}{x=0.207800}>,CCC(C)=O,CCCCNCCCC,openff-2.1.0,2,0.2154076363186199,0.0421040419208457,0.425,0.0045
22544,1754,dens_2232561341275312196,599,Density,<Substance CCC(C)=O{solv}{x=0.747300}|CCCCNCCCC{solv}{x=0.252700}>,CCC(C)=O,CCCCNCCCC,openff-2.1.0,2,0.7701630445371487,0.0002463437889219,0.7810500000000001,9.750000000000004e-05
22545,1755,dhmix_335934546122425398,600,EnthalpyOfMixing,<Substance C1CCOCC1{solv}{x=0.550000}|O=C1CCCC1{solv}{x=0.450000}>,C1CCOCC1,O=C1CCCC1,openff-2.1.0,2,0.0686943167674272,0.0416663242583507,0.15813,0.001
22546,1756,dhmix_337659115721770978,601,EnthalpyOfMixing,<Substance C1CCOCC1{solv}{x=0.250000}|O=C1CCCC1{solv}{x=0.750000}>,C1CCOCC1,O=C1CCCC1,openff-2.1.0,2,0.0731467975222557,0.0433699574686973,0.11325,0.00084
22547,1757,dens_579415285212890284,602,Density,<Substance C1CCOCC1{solv}{x=0.708000}|O=C1CCCC1{solv}{x=0.292000}>,C1CCOCC1,O=C1CCCC1,openff-2.1.0,2,0.8868970585666553,0.0002312912282266,0.8972200000000002,0.00023
22548,1758,dens_788777315764582180,603,Density,<Substance C1CCOCC1{solv}{x=0.549800}|O=C1CCCC1{solv}{x=0.450200}>,C1CCOCC1,O=C1CCCC1,openff-2.1.0,2,0.8933881584675002,0.0002407762803993,0.9073000000000002,0.000235
22549,1759,dens_1539654406736576807,604,Density,<Substance C1CCOCC1{solv}{x=0.235400}|O=C1CCCC1{solv}{x=0.764600}>,C1CCOCC1,O=C1CCCC1,openff-2.1.0,2,0.9065544708401686,0.0002381146082549,0.9281000000000004,0.00024
22550,1760,dhmix_1706969020375394315,605,EnthalpyOfMixing,<Substance C1CCOCC1{solv}{x=0.750000}|O=C1CCCC1{solv}{x=0.250000}>,C1CCOCC1,O=C1CCCC1,openff-2.1.0,2,0.0985743251306416,0.0406298179198357,0.12811,0.000895
22551,1761,dens_337077748334497354,606,Density,<Substance CN1CCCCC1{solv}{x=0.245200}|O{solv}{x=0.754800}>,CN1CCCCC1,O,openff-2.1.0,2,0.8899800732281061,0.000258565962502,0.9038110000000004,9.700000000000004e-05
22552,1762,dens_1619467922469494964,607,Density,<Substance CN1CCCCC1{solv}{x=0.790700}|O{solv}{x=0.209300}>,CN1CCCCC1,O,openff-2.1.0,2,0.8416124274157178,0.0002206292364256,0.8260470000000002,0.000108
22553,1763,dens_1725290505257505407,608,Density,<Substance CN1CCCCC1{solv}{x=0.505000}|O{solv}{x=0.495000}>,CN1CCCCC1,O,openff-2.1.0,2,0.8598644337902288,0.0002469643142799,0.8581580000000002,9.450000000000002e-05
22554,1764,dhmix_344305070199657817,609,EnthalpyOfMixing,<Substance CC(C)CC(C)(C)C{solv}{x=0.200300}|CCCO{solv}{x=0.799700}>,CC(C)CC(C)(C)C,CCCO,openff-2.1.0,2,0.4288586671314291,0.0383180900512315,0.308,0.0055
22555,1765,dens_1020839744665732433,610,Density,<Substance CC(C)CC(C)(C)C{solv}{x=0.200100}|CCCO{solv}{x=0.799900}>,CC(C)CC(C)(C)C,CCCO,openff-2.1.0,2,0.7660785077720882,0.0002288130492774,0.7589500000000002,0.00029
22556,1766,dens_1348847431810734601,611,Density,<Substance CC(C)CC(C)(C)C{solv}{x=0.700000}|CCCO{solv}{x=0.300000}>,CC(C)CC(C)(C)C,CCCO,openff-2.1.0,2,0.722085089427236,0.0002034831788846,0.7046500000000001,0.00028
22557,1767,dhmix_1376194238727172922,612,EnthalpyOfMixing,<Substance CC(C)CC(C)(C)C{solv}{x=0.499800}|CCCO{solv}{x=0.500200}>,CC(C)CC(C)(C)C,CCCO,openff-2.1.0,2,0.8567356677405087,0.0424730148108207,0.6025,0.0027
22558,1768,dhmix_1868873434415785592,613,EnthalpyOfMixing,<Substance CC(C)CC(C)(C)C{solv}{x=0.699900}|CCCO{solv}{x=0.300100}>,CC(C)CC(C)(C)C,CCCO,openff-2.1.0,2,0.8286480066863078,0.0488608923681081,0.6544,0.0029
22559,1769,dens_1870552320710773195,614,Density,<Substance CC(C)CC(C)(C)C{solv}{x=0.500000}|CCCO{solv}{x=0.500000}>,CC(C)CC(C)(C)C,CCCO,openff-2.1.0,2,0.7349031151991848,0.0002242130226618,0.7214400000000002,0.00028
22560,1770,dens_344701479262570906,615,Density,<Substance C1CCOCC1{solv}{x=0.246100}|Cc1cccnc1{solv}{x=0.753900}>,C1CCOCC1,Cc1cccnc1,openff-2.1.0,2,0.9282302542266874,0.0002324662221841,0.9348570000000002,0.0004915
22561,1771,dhmix_772935681699310364,616,EnthalpyOfMixing,<Substance C1CCOCC1{solv}{x=0.480300}|Cc1cccnc1{solv}{x=0.519700}>,C1CCOCC1,Cc1cccnc1,openff-2.1.0,2,0.1135927908235245,0.0386303340952289,0.1271,0.00115
22562,1772,dens_1179184695460672925,617,Density,<Substance C1CCOCC1{solv}{x=0.756800}|Cc1cccnc1{solv}{x=0.243200}>,C1CCOCC1,Cc1cccnc1,openff-2.1.0,2,0.8934050612521535,0.0002443204261541,0.8976640000000002,0.0004655
22563,1773,dens_1273033541520518804,618,Density,<Substance C1CCOCC1{solv}{x=0.482700}|Cc1cccnc1{solv}{x=0.517300}>,C1CCOCC1,Cc1cccnc1,openff-2.1.0,2,0.9121001904388416,0.0002506187177383,0.9179640000000002,0.00048
22564,1774,dhmix_1594947441282636711,619,EnthalpyOfMixing,<Substance C1CCOCC1{solv}{x=0.735500}|Cc1cccnc1{solv}{x=0.264500}>,C1CCOCC1,Cc1cccnc1,openff-2.1.0,2,-0.0035924202711754,0.0418597330358079,0.0924,0.00095
22565,1775,dhmix_2075643137470349800,620,EnthalpyOfMixing,<Substance C1CCOCC1{solv}{x=0.273200}|Cc1cccnc1{solv}{x=0.726800}>,C1CCOCC1,Cc1cccnc1,openff-2.1.0,2,0.0019408233841957,0.0416721536759094,0.1036,0.001
22566,1776,dhmix_346841872844739570,621,EnthalpyOfMixing,<Substance CC#N{solv}{x=0.700700}|CCOC(C)(C)C{solv}{x=0.299300}>,CC#N,CCOC(C)(C)C,openff-2.1.0,2,0.1558811942883373,0.0340413069749132,0.6176,0.0084
22567,1777,dhmix_840136828933604757,622,EnthalpyOfMixing,<Substance CC#N{solv}{x=0.199000}|CCOC(C)(C)C{solv}{x=0.801000}>,CC#N,CCOC(C)(C)C,openff-2.1.0,2,0.0308737946640533,0.0487342508724416,0.4418,0.006
22568,1778,dhmix_1934525864391020215,623,EnthalpyOfMixing,<Substance CC#N{solv}{x=0.501600}|CCOC(C)(C)C{solv}{x=0.498400}>,CC#N,CCOC(C)(C)C,openff-2.1.0,2,0.2257741083160238,0.038480812863578,0.7098,0.00965
22569,1779,dens_1954735606040559695,624,Density,<Substance CC#N{solv}{x=0.700700}|CCOC(C)(C)C{solv}{x=0.299300}>,CC#N,CCOC(C)(C)C,openff-2.1.0,2,0.7665166615172659,0.0002687243235616,0.7595000000000002,0.00045
22570,1780,dens_2173310521496796694,625,Density,<Substance CC#N{solv}{x=0.501600}|CCOC(C)(C)C{solv}{x=0.498400}>,CC#N,CCOC(C)(C)C,openff-2.1.0,2,0.7626101509505618,0.0002310170554006,0.7510000000000002,0.00035
22571,1781,dens_2235331649530959984,626,Density,<Substance CC#N{solv}{x=0.199000}|CCOC(C)(C)C{solv}{x=0.801000}>,CC#N,CCOC(C)(C)C,openff-2.1.0,2,0.7578627319744474,0.0002312304504467,0.7408000000000001,0.00015
22572,1782,dhmix_355078149157572999,627,EnthalpyOfMixing,<Substance OCCOCCO{solv}{x=0.790600}|O{solv}{x=0.209400}>,O,OCCOCCO,openff-2.1.0,2,0.1421529336783891,0.0704923548800658,-0.521,0.003
22573,1783,dhmix_514261244195159379,628,EnthalpyOfMixing,<Substance OCCOCCO{solv}{x=0.300400}|O{solv}{x=0.699600}>,O,OCCOCCO,openff-2.1.0,2,-0.2412196367912624,0.0292512882247188,-1.245,0.0065
22574,1784,dhmix_1512634639127890343,629,EnthalpyOfMixing,<Substance OCCOCCO{solv}{x=0.501000}|O{solv}{x=0.499000}>,O,OCCOCCO,openff-2.1.0,2,-0.2720707637035602,0.0402676921909875,-1.149,0.0065
22575,1785,dens_1532732041743097130,630,Density,<Substance OCCOCCO{solv}{x=0.500600}|O{solv}{x=0.499400}>,O,OCCOCCO,openff-2.1.0,2,1.1107293793142072,0.0002643659098705,1.1070700000000002,0.00026
22576,1786,dens_1948924545926470959,631,Density,<Substance OCCOCCO{solv}{x=0.700300}|O{solv}{x=0.299700}>,O,OCCOCCO,openff-2.1.0,2,1.1194532302185725,0.0003347615392022,1.1111900000000003,0.000285
22577,1787,dens_2114974877291939954,632,Density,<Substance OCCOCCO{solv}{x=0.301000}|O{solv}{x=0.699000}>,O,OCCOCCO,openff-2.1.0,2,1.0916498118055131,0.0002970531937849,1.0958900000000005,0.000305
22578,1788,dhmix_355690558520209737,633,EnthalpyOfMixing,<Substance CC(C)CC(C)(C)C{solv}{x=0.774800}|CC(C)OC(C)C{solv}{x=0.225200}>,CC(C)CC(C)(C)C,CC(C)OC(C)C,openff-2.1.0,2,0.3398785684043162,0.0454830406736036,0.132161,0.001556
22579,1789,dens_706481868145479619,634,Density,<Substance CC(C)CC(C)(C)C{solv}{x=0.250000}|CC(C)OC(C)C{solv}{x=0.750000}>,CC(C)CC(C)(C)C,CC(C)OC(C)C,openff-2.1.0,2,0.7303313961893981,0.0002457209585655,0.7090800000000002,0.000155
22580,1790,dens_960755156711549154,635,Density,<Substance CC(C)CC(C)(C)C{solv}{x=0.750000}|CC(C)OC(C)C{solv}{x=0.250000}>,CC(C)CC(C)(C)C,CC(C)OC(C)C,openff-2.1.0,2,0.7151563651804749,0.0001992933589967,0.6937500000000002,0.000155
22581,1791,dens_1165117582450092341,636,Density,<Substance CC(C)CC(C)(C)C{solv}{x=0.500900}|CC(C)OC(C)C{solv}{x=0.499100}>,CC(C)CC(C)(C)C,CC(C)OC(C)C,openff-2.1.0,2,0.7221888555330224,0.0001466393043103,0.7005900000000002,0.000105
22582,1792,dhmix_1819714300540494359,637,EnthalpyOfMixing,<Substance CC(C)CC(C)(C)C{solv}{x=0.512500}|CC(C)OC(C)C{solv}{x=0.487500}>,CC(C)CC(C)(C)C,CC(C)OC(C)C,openff-2.1.0,2,0.5464165074850627,0.0506940384296509,0.197047,0.002233
22583,1793,dhmix_2031984064821599856,638,EnthalpyOfMixing,<Substance CC(C)CC(C)(C)C{solv}{x=0.269300}|CC(C)OC(C)C{solv}{x=0.730700}>,CC(C)CC(C)(C)C,CC(C)OC(C)C,openff-2.1.0,2,0.3212869121961716,0.0418512193406557,0.158983,0.0018345
22584,1794,dens_357198687829738077,639,Density,<Substance C1CCOCC1{solv}{x=0.223500}|CCCCCC(C)=O{solv}{x=0.776500}>,C1CCOCC1,CCCCCC(C)=O,openff-2.1.0,2,0.8108482266853023,0.000223427757897,0.8221200000000002,0.000375
22585,1795,dens_1074719884132299485,640,Density,<Substance C1CCOCC1{solv}{x=0.516600}|CCCCCC(C)=O{solv}{x=0.483400}>,C1CCOCC1,CCCCCC(C)=O,openff-2.1.0,2,0.8302268753660155,0.0002101691105705,0.8396100000000002,0.00032
22586,1796,dens_1427208283653313137,641,Density,<Substance C1CCOCC1{solv}{x=0.710100}|CCCCCC(C)=O{solv}{x=0.289900}>,C1CCOCC1,CCCCCC(C)=O,openff-2.1.0,2,0.8454203094518213,0.0002239358542013,0.8534200000000002,0.000285
22587,1797,dhmix_1485904869507380555,642,EnthalpyOfMixing,<Substance C1CCOCC1{solv}{x=0.500000}|CCCCCC(C)=O{solv}{x=0.500000}>,C1CCOCC1,CCCCCC(C)=O,openff-2.1.0,2,0.1772772854554745,0.0422666426920792,0.05773,0.000615
22588,1798,dhmix_1931504734279468677,643,EnthalpyOfMixing,<Substance C1CCOCC1{solv}{x=0.250000}|CCCCCC(C)=O{solv}{x=0.750000}>,C1CCOCC1,CCCCCC(C)=O,openff-2.1.0,2,0.1595612072275329,0.050940715403053,0.03429,0.00053
22589,1799,dhmix_2296263041755700053,644,EnthalpyOfMixing,<Substance C1CCOCC1{solv}{x=0.750000}|CCCCCC(C)=O{solv}{x=0.250000}>,C1CCOCC1,CCCCCC(C)=O,openff-2.1.0,2,0.1686153497085669,0.0346994708926805,0.05587,0.00061
22590,1800,dhmix_357499987240135169,645,EnthalpyOfMixing,<Substance CCCCC{solv}{x=0.772700}|CCCCOC=O{solv}{x=0.227300}>,CCCCC,CCCCOC=O,openff-2.1.0,2,1.092550188483628,0.0421243917730862,0.87,0.004
22591,1801,dens_435201289177646286,646,Density,<Substance CCCCC{solv}{x=0.504200}|CCCCOC=O{solv}{x=0.495800}>,CCCCC,CCCCOC=O,openff-2.1.0,2,0.7559328759765414,0.0002537902700288,0.7523000000000001,0.00024
22592,1802,dens_635752291929824010,647,Density,<Substance CCCCC{solv}{x=0.699000}|CCCCOC=O{solv}{x=0.301000}>,CCCCC,CCCCOC=O,openff-2.1.0,2,0.6973241218325467,0.0002412049128183,0.6994600000000002,0.00018
22593,1803,dhmix_869493303716364153,648,EnthalpyOfMixing,<Substance CCCCC{solv}{x=0.490500}|CCCCOC=O{solv}{x=0.509500}>,CCCCC,CCCCOC=O,openff-2.1.0,2,1.1881201637618517,0.0423093889344989,0.959,0.004
22594,1804,dhmix_1188548276416925178,649,EnthalpyOfMixing,<Substance CCCCC{solv}{x=0.246000}|CCCCOC=O{solv}{x=0.754000}>,CCCCC,CCCCOC=O,openff-2.1.0,2,0.8798687614563931,0.0370399000058818,0.632,0.003
22595,1805,dens_1944800378076074966,650,Density,<Substance CCCCC{solv}{x=0.247100}|CCCCOC=O{solv}{x=0.752900}>,CCCCC,CCCCOC=O,openff-2.1.0,2,0.8329698929267141,0.0002348279342102,0.8221800000000001,0.000375
22596,1806,dhmix_357740737126275220,651,EnthalpyOfMixing,<Substance CC(=O)N(C)C{solv}{x=0.212000}|CCCCCl{solv}{x=0.788000}>,CC(=O)N(C)C,CCCCCl,openff-2.1.0,2,0.398465350450536,0.0436635181248466,0.244,0.0025
22597,1807,dens_563556088097831353,652,Density,<Substance CC(=O)N(C)C{solv}{x=0.499000}|CCCCCl{solv}{x=0.501000}>,CC(=O)N(C)C,CCCCCl,openff-2.1.0,2,0.8845733988143012,0.0002663293541471,0.9081000000000002,0.0002
22598,1808,dens_1083232356130752567,653,Density,<Substance CC(=O)N(C)C{solv}{x=0.799700}|CCCCCl{solv}{x=0.200300}>,CC(=O)N(C)C,CCCCCl,openff-2.1.0,2,0.8930990621863436,0.0002499741832701,0.9247000000000004,0.0002
22599,1809,dhmix_1487887746912587509,654,EnthalpyOfMixing,<Substance CC(=O)N(C)C{solv}{x=0.708000}|CCCCCl{solv}{x=0.292000}>,CC(=O)N(C)C,CCCCCl,openff-2.1.0,2,0.4723816796534947,0.036558198676295,0.305,0.0025
22600,1810,dens_1662749398344255132,655,Density,<Substance CC(=O)N(C)C{solv}{x=0.210500}|CCCCCl{solv}{x=0.789500}>,CC(=O)N(C)C,CCCCCl,openff-2.1.0,2,0.8739824496168146,0.0003170141616176,0.8918000000000001,0.0002
22601,1811,dhmix_2085343422065298965,656,EnthalpyOfMixing,<Substance CC(=O)N(C)C{solv}{x=0.511000}|CCCCCl{solv}{x=0.489000}>,CC(=O)N(C)C,CCCCCl,openff-2.1.0,2,0.5086942331696278,0.0390034382596822,0.363,0.0025
22602,1812,dhmix_359626193748497849,657,EnthalpyOfMixing,<Substance C1CCOCC1{solv}{x=0.750000}|O=C1CCCCC1{solv}{x=0.250000}>,C1CCOCC1,O=C1CCCCC1,openff-2.1.0,2,0.0105981705747311,0.0473171200422345,0.07698,0.00069
22603,1813,dhmix_709905971434026360,658,EnthalpyOfMixing,<Substance C1CCOCC1{solv}{x=0.250000}|O=C1CCCCC1{solv}{x=0.750000}>,C1CCOCC1,O=C1CCCCC1,openff-2.1.0,2,0.0016101096868936,0.0412829997879011,0.05827,0.00062
22604,1814,dens_996263306280392228,659,Density,<Substance C1CCOCC1{solv}{x=0.500900}|O=C1CCCCC1{solv}{x=0.499100}>,C1CCOCC1,O=C1CCCCC1,openff-2.1.0,2,0.899169444971467,0.0001422652799055,0.9160300000000002,0.000505
22605,1815,dens_1296485655493191092,660,Density,<Substance C1CCOCC1{solv}{x=0.247100}|O=C1CCCCC1{solv}{x=0.752900}>,C1CCOCC1,O=C1CCCCC1,openff-2.1.0,2,0.9101115232593444,0.000158420775533,0.9305900000000004,0.000505
22606,1816,dhmix_1617652800437548554,661,EnthalpyOfMixing,<Substance C1CCOCC1{solv}{x=0.500000}|O=C1CCCCC1{solv}{x=0.500000}>,C1CCOCC1,O=C1CCCCC1,openff-2.1.0,2,0.1056961208267921,0.0419261405219805,0.08658,0.000725
22607,1817,dens_2134919398794801459,662,Density,<Substance C1CCOCC1{solv}{x=0.738900}|O=C1CCCCC1{solv}{x=0.261100}>,C1CCOCC1,O=C1CCCCC1,openff-2.1.0,2,0.8875572486804804,0.0002564673412708,0.9000800000000002,0.000505
22608,1818,dens_371429494256072686,663,Density,<Substance COC=O{solv}{x=0.513800}|ClCCCCl{solv}{x=0.486200}>,COC=O,ClCCCCl,openff-2.1.0,2,1.099432059404061,0.0003803185202598,1.08831,0.00025
22609,1819,dens_416463243686186519,664,Density,<Substance COC=O{solv}{x=0.738400}|ClCCCCl{solv}{x=0.261600}>,COC=O,ClCCCCl,openff-2.1.0,2,1.0613836903406757,0.0003442190984099,1.03754,0.0002
22610,1820,dhmix_573570621261992547,665,EnthalpyOfMixing,<Substance COC=O{solv}{x=0.767400}|ClCCCCl{solv}{x=0.232600}>,COC=O,ClCCCCl,openff-2.1.0,2,0.551789570507152,0.035075949804296,0.2841,0.0015
22611,1821,dens_1665007650151393058,666,Density,<Substance COC=O{solv}{x=0.244000}|ClCCCCl{solv}{x=0.756000}>,COC=O,ClCCCCl,openff-2.1.0,2,1.138584866695668,0.0004576868722508,1.1395000000000002,0.0003
22612,1822,dhmix_2050640017895200777,667,EnthalpyOfMixing,<Substance COC=O{solv}{x=0.502400}|ClCCCCl{solv}{x=0.497600}>,COC=O,ClCCCCl,openff-2.1.0,2,0.8803431042701249,0.0343668491373315,0.3503,0.00175
22613,1823,dhmix_2121310957223924646,668,EnthalpyOfMixing,<Substance COC=O{solv}{x=0.202400}|ClCCCCl{solv}{x=0.797600}>,COC=O,ClCCCCl,openff-2.1.0,2,0.5490934404421743,0.0355381499886134,0.2064,0.0012
22614,1824,dens_380799246642881225,669,Density,<Substance Cc1ccncc1{solv}{x=0.500000}|O{solv}{x=0.500000}>,Cc1ccncc1,O,openff-2.1.0,2,0.95378259775927,0.0003188615347467,0.9704000000000004,0.0005
22615,1825,dens_1024460369591354985,670,Density,<Substance Cc1ccncc1{solv}{x=0.225000}|O{solv}{x=0.775000}>,Cc1ccncc1,O,openff-2.1.0,2,0.96102056419681,0.0003687357355523,0.9848000000000002,0.0004
22616,1826,dens_1867704914487230306,671,Density,<Substance Cc1ccncc1{solv}{x=0.750000}|O{solv}{x=0.250000}>,Cc1ccncc1,O,openff-2.1.0,2,0.9504467992322588,0.000272987078457,0.9614000000000004,0.0004
22617,1827,dhmix_396839331496923568,672,EnthalpyOfMixing,<Substance CCCOC(=O)CC{solv}{x=0.237600}|ClCCCl{solv}{x=0.762400}>,CCCOC(=O)CC,ClCCCl,openff-2.1.0,2,-0.3350058749976305,0.0333035901618189,-0.317,0.0035
22618,1828,dens_1025242301432619836,673,Density,<Substance CCCOC(=O)CC{solv}{x=0.518800}|ClCCCl{solv}{x=0.481200}>,CCCOC(=O)CC,ClCCCl,openff-2.1.0,2,1.006228566111555,0.0002680107390889,1.0064000000000002,0.000905
22619,1829,dens_1654149510571748883,674,Density,<Substance CCCOC(=O)CC{solv}{x=0.731600}|ClCCCl{solv}{x=0.268400}>,CCCOC(=O)CC,ClCCCl,openff-2.1.0,2,0.9438639687590532,0.0002646282757574,0.9416300000000002,0.00041
22620,1830,dens_1804016971158746429,675,Density,<Substance CCCOC(=O)CC{solv}{x=0.243700}|ClCCCl{solv}{x=0.756300}>,CCCOC(=O)CC,ClCCCl,openff-2.1.0,2,1.10752713195057,0.0003577653595115,1.11431,0.002155
22621,1831,dhmix_1840109043188951916,676,EnthalpyOfMixing,<Substance CCCOC(=O)CC{solv}{x=0.517700}|ClCCCl{solv}{x=0.482300}>,CCCOC(=O)CC,ClCCCl,openff-2.1.0,2,-0.4525573956585091,0.0381664030486112,-0.557,0.006
22622,1832,dhmix_1924188358781329171,677,EnthalpyOfMixing,<Substance CCCOC(=O)CC{solv}{x=0.787400}|ClCCCl{solv}{x=0.212600}>,CCCOC(=O)CC,ClCCCl,openff-2.1.0,2,-0.3228077030794551,0.0467478512554812,-0.357,0.004
22623,1833,dhmix_408170436877433675,678,EnthalpyOfMixing,<Substance CCCCC{solv}{x=0.229800}|CCOC=O{solv}{x=0.770200}>,CCCCC,CCOC=O,openff-2.1.0,2,1.1896053745135615,0.0364967159769284,1.016,0.0045
22624,1834,dens_1159257310358090227,679,Density,<Substance CCCCC{solv}{x=0.748000}|CCOC=O{solv}{x=0.252000}>,CCCCC,CCOC=O,openff-2.1.0,2,0.6682532054303816,0.0002605412189781,0.6707000000000002,0.000165
22625,1835,dhmix_1897634982824334825,680,EnthalpyOfMixing,<Substance CCCCC{solv}{x=0.500100}|CCOC=O{solv}{x=0.499900}>,CCCCC,CCOC=O,openff-2.1.0,2,1.6991972063222391,0.0388010297038128,1.354,0.0055
22626,1836,dens_1931965346092446599,681,Density,<Substance CCCCC{solv}{x=0.504000}|CCOC=O{solv}{x=0.496000}>,CCCCC,CCOC=O,openff-2.1.0,2,0.741981814512916,0.0002865640293743,0.7333000000000002,0.00024
22627,1837,dens_2086304425324215507,682,Density,<Substance CCCCC{solv}{x=0.298000}|CCOC=O{solv}{x=0.702000}>,CCCCC,CCOC=O,openff-2.1.0,2,0.8161429544433444,0.0002833457099422,0.7971000000000003,0.000345
22628,1838,dhmix_2117998354372981576,683,EnthalpyOfMixing,<Substance CCCCC{solv}{x=0.777900}|CCOC=O{solv}{x=0.222100}>,CCCCC,CCOC=O,openff-2.1.0,2,1.444781295062569,0.0409844040782918,1.051,0.0045
22629,1839,dens_415189671276159712,684,Density,<Substance NCCO{solv}{x=0.785350}|c1ccncc1{solv}{x=0.214650}>,NCCO,c1ccncc1,openff-2.1.0,2,1.051431037019695,0.0002484664921285,1.002592,0.000101
22630,1840,dhmix_607563797490786343,685,EnthalpyOfMixing,<Substance NCCO{solv}{x=0.559360}|c1ccncc1{solv}{x=0.440640}>,NCCO,c1ccncc1,openff-2.1.0,2,0.9133500316153408,0.0380813677330404,0.824,0.0035
22631,1841,dhmix_783614050589043390,686,EnthalpyOfMixing,<Substance NCCO{solv}{x=0.248120}|c1ccncc1{solv}{x=0.751880}>,NCCO,c1ccncc1,openff-2.1.0,2,0.7571373343587645,0.037431125595914,0.779,0.0035
22632,1842,dens_907288549206652702,687,Density,<Substance NCCO{solv}{x=0.558640}|c1ccncc1{solv}{x=0.441360}>,NCCO,c1ccncc1,openff-2.1.0,2,1.027015560197598,0.0002483212319768,0.9936870000000002,0.0001015
22633,1843,dhmix_1092036220949585875,688,EnthalpyOfMixing,<Substance NCCO{solv}{x=0.746780}|c1ccncc1{solv}{x=0.253220}>,NCCO,c1ccncc1,openff-2.1.0,2,0.6268876683828779,0.0596717455816645,0.612,0.003
22634,1844,dens_2278246591298089898,689,Density,<Substance NCCO{solv}{x=0.210010}|c1ccncc1{solv}{x=0.789990}>,NCCO,c1ccncc1,openff-2.1.0,2,0.9949777866219136,0.0002545914935703,0.9825660000000004,0.0001015
22635,1845,dens_419188249264987147,690,Density,<Substance CCCCC(=O)OCC{solv}{x=0.492100}|CCOC(C)=O{solv}{x=0.507900}>,CCCCC(=O)OCC,CCOC(C)=O,openff-2.1.0,2,0.887871614809641,0.0001515859022735,0.8787300000000002,0.00012
22636,1846,dens_667714041205021070,691,Density,<Substance CCCCC(=O)OCC{solv}{x=0.304700}|CCOC(C)=O{solv}{x=0.695300}>,CCCCC(=O)OCC,CCOC(C)=O,openff-2.1.0,2,0.8937710211345783,0.0002460769587924,0.8836400000000002,0.00012
22637,1847,dhmix_1137774316856842141,692,EnthalpyOfMixing,<Substance CCCCC(=O)OCC{solv}{x=0.737600}|CCOC(C)=O{solv}{x=0.262400}>,CCCCC(=O)OCC,CCOC(C)=O,openff-2.1.0,2,-0.0445956488608789,0.0463320221942985,0.114,0.0015
22638,1848,dhmix_1322441082145072072,693,EnthalpyOfMixing,<Substance CCCCC(=O)OCC{solv}{x=0.279900}|CCOC(C)=O{solv}{x=0.720100}>,CCCCC(=O)OCC,CCOC(C)=O,openff-2.1.0,2,-0.0700905976534969,0.0403448158351399,0.139,0.0015
22639,1849,dens_1682638395920841051,694,Density,<Substance CCCCC(=O)OCC{solv}{x=0.752600}|CCOC(C)=O{solv}{x=0.247400}>,CCCCC(=O)OCC,CCOC(C)=O,openff-2.1.0,2,0.8805688004680198,0.0002262066989802,0.8732900000000001,0.00012
22640,1850,dhmix_2161842751879945948,695,EnthalpyOfMixing,<Substance CCCCC(=O)OCC{solv}{x=0.519800}|CCOC(C)=O{solv}{x=0.480200}>,CCCCC(=O)OCC,CCOC(C)=O,openff-2.1.0,2,0.0001863420362901,0.0456252039012636,0.154,0.002
22641,1851,dhmix_419593950323214290,696,EnthalpyOfMixing,<Substance CCCCCC(C)=O{solv}{x=0.780400}|CCN(CC)CC{solv}{x=0.219600}>,CCCCCC(C)=O,CCN(CC)CC,openff-2.1.0,2,0.1067240338213508,0.0540006050141055,0.216,0.0025
22642,1852,dens_651921010645567431,697,Density,<Substance CCCCCC(C)=O{solv}{x=0.259800}|CCN(CC)CC{solv}{x=0.740200}>,CCCCCC(C)=O,CCN(CC)CC,openff-2.1.0,2,0.746750653702057,0.0002000967069118,0.7465820000000002,8.950000000000002e-05
22643,1853,dens_995831511901627711,698,Density,<Substance CCCCCC(C)=O{solv}{x=0.748400}|CCN(CC)CC{solv}{x=0.251600}>,CCCCCC(C)=O,CCN(CC)CC,openff-2.1.0,2,0.7815806024656354,0.0001379158176414,0.7899410000000002,0.0001055
22644,1854,dhmix_1001984601109558110,699,EnthalpyOfMixing,<Substance CCCCCC(C)=O{solv}{x=0.492000}|CCN(CC)CC{solv}{x=0.508000}>,CCCCCC(C)=O,CCN(CC)CC,openff-2.1.0,2,0.2036822085635776,0.0534052543380087,0.419,0.0045
22645,1855,dens_1887829851815986883,700,Density,<Substance CCCCCC(C)=O{solv}{x=0.503200}|CCN(CC)CC{solv}{x=0.496800}>,CCCCCC(C)=O,CCN(CC)CC,openff-2.1.0,2,0.7649081713246431,0.0001994925937288,0.7684760000000002,9.800000000000002e-05
22646,1856,dhmix_2085744568401562111,701,EnthalpyOfMixing,<Substance CCCCCC(C)=O{solv}{x=0.293900}|CCN(CC)CC{solv}{x=0.706100}>,CCCCCC(C)=O,CCN(CC)CC,openff-2.1.0,2,0.194620306634853,0.0492928805942446,0.412,0.0045
22647,1857,dens_436049638479549968,702,Density,<Substance COC=O{solv}{x=0.472500}|ClCCCl{solv}{x=0.527500}>,COC=O,ClCCCl,openff-2.1.0,2,1.1376933192675038,0.0004046123530523,1.1269600000000004,0.000285
22648,1858,dens_627145458965592302,703,Density,<Substance COC=O{solv}{x=0.753000}|ClCCCl{solv}{x=0.247000}>,COC=O,ClCCCl,openff-2.1.0,2,1.0716115293123876,0.0003655901335797,1.0461600000000004,0.000205
22649,1859,dhmix_731680623269260416,704,EnthalpyOfMixing,<Substance COC=O{solv}{x=0.250800}|ClCCCl{solv}{x=0.749200}>,COC=O,ClCCCl,openff-2.1.0,2,0.3890047140396131,0.0327392665507827,0.0793,0.0007
22650,1860,dens_1488543630772933598,705,Density,<Substance COC=O{solv}{x=0.279500}|ClCCCl{solv}{x=0.720500}>,COC=O,ClCCCl,openff-2.1.0,2,1.1741108071456567,0.0003899235076861,1.1777100000000005,0.00034
22651,1861,dhmix_2170321998768851974,706,EnthalpyOfMixing,<Substance COC=O{solv}{x=0.732200}|ClCCCl{solv}{x=0.267800}>,COC=O,ClCCCl,openff-2.1.0,2,0.3606364322935036,0.0300490328464373,0.0733,0.00065
22652,1862,dhmix_2249001225536869896,707,EnthalpyOfMixing,<Substance COC=O{solv}{x=0.487400}|ClCCCl{solv}{x=0.512600}>,COC=O,ClCCCl,openff-2.1.0,2,0.5599141552661848,0.0244819274713329,0.1028,0.0008
22653,1863,dhmix_442816374747487477,708,EnthalpyOfMixing,<Substance NCCCNCCCN{solv}{x=0.801500}|O{solv}{x=0.198500}>,NCCCNCCCN,O,openff-2.1.0,2,-1.7194203898013818,0.0601236403731131,-2.233,0.024
22654,1864,dhmix_1795382205757805615,709,EnthalpyOfMixing,<Substance NCCCNCCCN{solv}{x=0.300500}|O{solv}{x=0.699500}>,NCCCNCCCN,O,openff-2.1.0,2,-4.439507869941696,0.0374736536071368,-6.588,0.07
22655,1865,dhmix_1814950732748396893,710,EnthalpyOfMixing,<Substance NCCCNCCCN{solv}{x=0.499800}|O{solv}{x=0.500200}>,NCCCNCCCN,O,openff-2.1.0,2,-4.224464050846128,0.0378726755161559,-5.544,0.059
22656,1866,dhmix_446869196417408130,711,EnthalpyOfMixing,<Substance NCCNCCO{solv}{x=0.770000}|O{solv}{x=0.230000}>,NCCNCCO,O,openff-2.1.0,2,-1.6556733702687438,0.0422779777762835,-1.711,0.035
22657,1867,dhmix_673839467313503071,712,EnthalpyOfMixing,<Substance NCCNCCO{solv}{x=0.069900}|O{solv}{x=0.930100}>,NCCNCCO,O,openff-2.1.0,2,-0.6788797716790427,0.0227698661113091,-1.713,0.035
22658,1868,dens_688094438561771555,713,Density,<Substance NCCNCCO{solv}{x=0.799700}|O{solv}{x=0.200300}>,NCCNCCO,O,openff-2.1.0,2,1.0890875967263292,0.0001944950539626,1.0318300000000002,0.00024
22659,1869,dhmix_1682883323293489147,714,EnthalpyOfMixing,<Substance NCCNCCO{solv}{x=0.400100}|O{solv}{x=0.599900}>,NCCNCCO,O,openff-2.1.0,2,-2.1378345208724667,0.0390530348821331,-4.15,0.0845
22660,1870,dens_2045176885611624977,715,Density,<Substance NCCNCCO{solv}{x=0.070000}|O{solv}{x=0.930000}>,NCCNCCO,O,openff-2.1.0,2,1.0232914839555316,0.0004146454140655,1.0222800000000003,0.000125
22661,1871,dens_2280714043292214506,716,Density,<Substance NCCNCCO{solv}{x=0.399700}|O{solv}{x=0.600300}>,NCCNCCO,O,openff-2.1.0,2,1.0717769134280937,0.0004928750527287,1.0370100000000002,0.00017
22662,1872,dens_448105363780466270,717,Density,<Substance CCCCCCCl{solv}{x=0.498300}|CN(C)C=O{solv}{x=0.501700}>,CCCCCCCl,CN(C)C=O,openff-2.1.0,2,0.8852888169559294,0.0002447594916827,0.8974000000000002,0.0003
22663,1873,dens_1134260732394863277,718,Density,<Substance CCCCCCCl{solv}{x=0.729300}|CN(C)C=O{solv}{x=0.270700}>,CCCCCCCl,CN(C)C=O,openff-2.1.0,2,0.8753600838436878,0.000278683967231,0.8844000000000002,0.0003
22664,1874,dhmix_1150917243327149472,719,EnthalpyOfMixing,<Substance CCCCCCCl{solv}{x=0.500000}|CN(C)C=O{solv}{x=0.500000}>,CCCCCCCl,CN(C)C=O,openff-2.1.0,2,1.2483904935600665,0.0410894165738011,0.847,0.004
22665,1875,dhmix_1166656674614639609,720,EnthalpyOfMixing,<Substance CCCCCCCl{solv}{x=0.204000}|CN(C)C=O{solv}{x=0.796000}>,CCCCCCCl,CN(C)C=O,openff-2.1.0,2,0.8363905812868566,0.0406174608822901,0.583,0.004
22666,1876,dhmix_1262474968830454367,721,EnthalpyOfMixing,<Substance CCCCCCCl{solv}{x=0.795000}|CN(C)C=O{solv}{x=0.205000}>,CCCCCCCl,CN(C)C=O,openff-2.1.0,2,0.7754164963537846,0.0457984321984474,0.542,0.0035
22667,1877,dens_1862934255267356180,722,Density,<Substance CCCCCCCl{solv}{x=0.200700}|CN(C)C=O{solv}{x=0.799300}>,CCCCCCCl,CN(C)C=O,openff-2.1.0,2,0.902458897113006,0.0002439430669394,0.9218000000000002,0.00025
22668,1878,dhmix_457000181442392641,723,EnthalpyOfMixing,<Substance CCOCCO{solv}{x=0.241100}|c1ccccc1{solv}{x=0.758900}>,CCOCCO,c1ccccc1,openff-2.1.0,2,0.5975614105178835,0.0391508011991959,0.6303,0.00815
22669,1879,dhmix_501726034520661035,724,EnthalpyOfMixing,<Substance CCOCCO{solv}{x=0.733600}|c1ccccc1{solv}{x=0.266400}>,CCOCCO,c1ccccc1,openff-2.1.0,2,0.3875582622401481,0.0323293348610169,0.2326,0.0033
22670,1880,dens_577983044895299238,725,Density,<Substance CCOCCO{solv}{x=0.251800}|c1ccccc1{solv}{x=0.748200}>,CCOCCO,c1ccccc1,openff-2.1.0,2,0.8793290873641408,0.0002750157043892,0.8849000000000002,0.00081
22671,1881,dens_1506946378386070831,726,Density,<Substance CCOCCO{solv}{x=0.750800}|c1ccccc1{solv}{x=0.249200}>,CCOCCO,c1ccccc1,openff-2.1.0,2,0.9151502584139726,0.0002865424976451,0.9134500000000004,0.000685
22672,1882,dhmix_1801594081157333975,727,EnthalpyOfMixing,<Substance CCOCCO{solv}{x=0.478600}|c1ccccc1{solv}{x=0.521400}>,CCOCCO,c1ccccc1,openff-2.1.0,2,0.5899072805221977,0.0412731122264395,0.4912,0.00645
22673,1883,dens_2128846755225827916,728,Density,<Substance CCOCCO{solv}{x=0.504800}|c1ccccc1{solv}{x=0.495200}>,CCOCCO,c1ccccc1,openff-2.1.0,2,0.8974108830562559,0.000181773407134,0.8995700000000003,0.000745
22674,1884,dhmix_466383569529620932,729,EnthalpyOfMixing,<Substance CC(=O)N(C)C{solv}{x=0.505000}|CCCCCCCl{solv}{x=0.495000}>,CC(=O)N(C)C,CCCCCCCl,openff-2.1.0,2,0.7487408332191663,0.043222636644772,0.61,0.003
22675,1885,dhmix_493694362228351572,730,EnthalpyOfMixing,<Substance CC(=O)N(C)C{solv}{x=0.798000}|CCCCCCCl{solv}{x=0.202000}>,CC(=O)N(C)C,CCCCCCCl,openff-2.1.0,2,0.6130935208845703,0.0462827354819239,0.425,0.003
22676,1886,dhmix_626564461179097700,731,EnthalpyOfMixing,<Substance CC(=O)N(C)C{solv}{x=0.211000}|CCCCCCCl{solv}{x=0.789000}>,CC(=O)N(C)C,CCCCCCCl,openff-2.1.0,2,0.5847962193323752,0.0509641936486899,0.38,0.003
22677,1887,dens_1720641323575133011,732,Density,<Substance CC(=O)N(C)C{solv}{x=0.200300}|CCCCCCCl{solv}{x=0.799700}>,CC(=O)N(C)C,CCCCCCCl,openff-2.1.0,2,0.8718213444964859,0.0001735199529516,0.8816000000000003,0.00025
22678,1888,dens_1817345990638851984,733,Density,<Substance CC(=O)N(C)C{solv}{x=0.503000}|CCCCCCCl{solv}{x=0.497000}>,CC(=O)N(C)C,CCCCCCCl,openff-2.1.0,2,0.8804011004652256,0.000238979996246,0.8975000000000002,0.00025
22679,1889,dens_1885054129776339889,734,Density,<Substance CC(=O)N(C)C{solv}{x=0.699200}|CCCCCCCl{solv}{x=0.300800}>,CC(=O)N(C)C,CCCCCCCl,openff-2.1.0,2,0.8866885853136214,0.000221968138785,0.9104000000000002,0.0002
22680,1890,dens_468507243072548580,735,Density,<Substance CCC#N{solv}{x=0.701200}|CCOC(C)(C)CC{solv}{x=0.298800}>,CCC#N,CCOC(C)(C)CC,openff-2.1.0,2,0.7735579178476217,0.0002142750781583,0.7715000000000002,0.0004
22681,1891,dhmix_553135124490085656,736,EnthalpyOfMixing,<Substance CCC#N{solv}{x=0.502500}|CCOC(C)(C)CC{solv}{x=0.497500}>,CCC#N,CCOC(C)(C)CC,openff-2.1.0,2,0.2691822774594499,0.0412305379561819,0.7023,0.00955
22682,1892,dens_762108332272225600,737,Density,<Substance CCC#N{solv}{x=0.502500}|CCOC(C)(C)CC{solv}{x=0.497500}>,CCC#N,CCOC(C)(C)CC,openff-2.1.0,2,0.7722294235911711,0.0002029285961737,0.7683000000000001,0.00035
22683,1893,dens_967634241844220739,738,Density,<Substance CCC#N{solv}{x=0.200900}|CCOC(C)(C)CC{solv}{x=0.799100}>,CCC#N,CCOC(C)(C)CC,openff-2.1.0,2,0.7690775520956523,0.0001964550382743,0.7638000000000001,0.00025
22684,1894,dhmix_1961082112686431376,739,EnthalpyOfMixing,<Substance CCC#N{solv}{x=0.200900}|CCOC(C)(C)CC{solv}{x=0.799100}>,CCC#N,CCOC(C)(C)CC,openff-2.1.0,2,0.2081990630308254,0.0499914584197339,0.502,0.00685
22685,1895,dhmix_2005765786246998093,740,EnthalpyOfMixing,<Substance CCC#N{solv}{x=0.701200}|CCOC(C)(C)CC{solv}{x=0.298800}>,CCC#N,CCOC(C)(C)CC,openff-2.1.0,2,0.208469602767952,0.0377429450301847,0.5863,0.008
22686,1896,dhmix_471514663464011364,741,EnthalpyOfMixing,<Substance C1CCOCC1{solv}{x=0.722000}|CCCCCO{solv}{x=0.278000}>,C1CCOCC1,CCCCCO,openff-2.1.0,2,1.0220526171852384,0.0427026582785119,0.8628,0.00745
22687,1897,dens_910343796235321484,742,Density,<Substance C1CCOCC1{solv}{x=0.298700}|CCCCCO{solv}{x=0.701300}>,C1CCOCC1,CCCCCO,openff-2.1.0,2,0.8271752493432568,0.0002151397479154,0.8293300000000002,0.00034
22688,1898,dens_1812069868432416079,743,Density,<Substance C1CCOCC1{solv}{x=0.800000}|CCCCCO{solv}{x=0.200000}>,C1CCOCC1,CCCCCO,openff-2.1.0,2,0.8597273676969756,0.000232678929883,0.8635900000000002,0.000315
22689,1899,dhmix_1936206883965149188,744,EnthalpyOfMixing,<Substance C1CCOCC1{solv}{x=0.526000}|CCCCCO{solv}{x=0.474000}>,C1CCOCC1,CCCCCO,openff-2.1.0,2,1.2511444359342931,0.0412954031570307,0.97,0.00615
22690,1900,dhmix_1992318015190346725,745,EnthalpyOfMixing,<Substance C1CCOCC1{solv}{x=0.217000}|CCCCCO{solv}{x=0.783000}>,C1CCOCC1,CCCCCO,openff-2.1.0,2,0.6319908054925207,0.0511620449046945,0.6006,0.00455
22691,1901,dens_2204330198012032768,746,Density,<Substance C1CCOCC1{solv}{x=0.499400}|CCCCCO{solv}{x=0.500600}>,C1CCOCC1,CCCCCO,openff-2.1.0,2,0.8398816841607005,0.000212434189475,0.8425400000000002,0.00033
22692,1902,dhmix_472822428299818953,747,EnthalpyOfMixing,<Substance CC(C)CC(C)(C)C{solv}{x=0.700500}|CCCCO{solv}{x=0.299500}>,CC(C)CC(C)(C)C,CCCCO,openff-2.1.0,2,0.844229086662466,0.0496365297781262,0.6228,0.0028
22693,1903,dhmix_628387028768654403,748,EnthalpyOfMixing,<Substance CC(C)CC(C)(C)C{solv}{x=0.499900}|CCCCO{solv}{x=0.500100}>,CC(C)CC(C)(C)C,CCCCO,openff-2.1.0,2,0.7105532443157614,0.0463570219425446,0.5938,0.0027
22694,1904,dens_631668933678639865,749,Density,<Substance CC(C)CC(C)(C)C{solv}{x=0.200000}|CCCCO{solv}{x=0.800000}>,CC(C)CC(C)(C)C,CCCCO,openff-2.1.0,2,0.7748880651959916,0.0001515520848432,0.7696800000000001,0.000295
22695,1905,dens_1394470087977586253,750,Density,<Substance CC(C)CC(C)(C)C{solv}{x=0.500000}|CCCCO{solv}{x=0.500000}>,CC(C)CC(C)(C)C,CCCCO,openff-2.1.0,2,0.7425497090314772,0.0001774742183052,0.7294000000000002,0.000285
22696,1906,dens_1809610870413503056,751,Density,<Substance CC(C)CC(C)(C)C{solv}{x=0.699900}|CCCCO{solv}{x=0.300100}>,CC(C)CC(C)(C)C,CCCCO,openff-2.1.0,2,0.7260853464588841,0.0002020056915371,0.7097700000000001,0.000285
22697,1907,dhmix_2302589146189152767,752,EnthalpyOfMixing,<Substance CC(C)CC(C)(C)C{solv}{x=0.200200}|CCCCO{solv}{x=0.799800}>,CC(C)CC(C)(C)C,CCCCO,openff-2.1.0,2,0.4138982646584281,0.0459784937174891,0.27646,0.003235
22698,1908,dens_486902622078179007,753,Density,<Substance COC=O{solv}{x=0.494600}|CO{solv}{x=0.505400}>,CO,COC=O,openff-2.1.0,2,0.9091284694226496,0.0002745863657886,0.8956100000000002,7.500000000000002e-05
22699,1909,dens_750646162221180186,754,Density,<Substance COC=O{solv}{x=0.083300}|CO{solv}{x=0.916700}>,CO,COC=O,openff-2.1.0,2,0.7959537464628287,0.0003644376968123,0.8088000000000002,9.000000000000002e-05
22700,1910,dhmix_1113631207235753369,755,EnthalpyOfMixing,<Substance COC=O{solv}{x=0.717800}|CO{solv}{x=0.282200}>,CO,COC=O,openff-2.1.0,2,0.6786507296366717,0.0307217588503464,1.105,0.012
22701,1911,dhmix_2143911117683117531,756,EnthalpyOfMixing,<Substance COC=O{solv}{x=0.512700}|CO{solv}{x=0.487300}>,CO,COC=O,openff-2.1.0,2,0.784839112165785,0.0272026845340686,1.179,0.0125
22702,1912,dens_2148324189014877510,757,Density,<Substance COC=O{solv}{x=0.727100}|CO{solv}{x=0.272900}>,CO,COC=O,openff-2.1.0,2,0.9572429908798082,0.0003542188305664,0.9321000000000004,8.000000000000002e-05
22703,1913,dhmix_2205254965267695203,758,EnthalpyOfMixing,<Substance COC=O{solv}{x=0.083300}|CO{solv}{x=0.916700}>,CO,COC=O,openff-2.1.0,2,0.3043100070142408,0.0317480754805026,0.311,0.0035
22704,1914,dhmix_497300242003673148,759,EnthalpyOfMixing,<Substance BrCCBr{solv}{x=0.284100}|CCCCOC(=O)CCC{solv}{x=0.715900}>,BrCCBr,CCCCOC(=O)CCC,openff-2.1.0,2,-0.6392643200697066,0.049300800581411,-0.054,0.001
22705,1915,dhmix_712261179736749495,760,EnthalpyOfMixing,<Substance BrCCBr{solv}{x=0.515300}|CCCCOC(=O)CCC{solv}{x=0.484700}>,BrCCBr,CCCCOC(=O)CCC,openff-2.1.0,2,-0.8284298375091126,0.0398056851164314,-0.027,0.0005
22706,1916,dens_846614854165535724,761,Density,<Substance BrCCBr{solv}{x=0.212900}|CCCCOC(=O)CCC{solv}{x=0.787100}>,BrCCBr,CCCCOC(=O)CCC,openff-2.1.0,2,1.024392913526703,0.0002256548524584,1.0245500000000003,0.00013
22707,1917,dens_1085110183353279404,762,Density,<Substance BrCCBr{solv}{x=0.730000}|CCCCOC(=O)CCC{solv}{x=0.270000}>,BrCCBr,CCCCOC(=O)CCC,openff-2.1.0,2,1.6136112344598943,0.0004875154845471,1.6231500000000003,0.000405
22708,1918,dhmix_2153957437015117204,763,EnthalpyOfMixing,<Substance BrCCBr{solv}{x=0.763900}|CCCCOC(=O)CCC{solv}{x=0.236100}>,BrCCBr,CCCCOC(=O)CCC,openff-2.1.0,2,-0.4617014424614609,0.036241037325988,0.051,0.001
22709,1919,dens_2242615301342819560,764,Density,<Substance BrCCBr{solv}{x=0.449300}|CCCCOC(=O)CCC{solv}{x=0.550700}>,BrCCBr,CCCCOC(=O)CCC,openff-2.1.0,2,1.2490480896311833,0.0002928778231529,1.2506100000000002,0.000225
22710,1920,dens_501060706627477242,765,Density,<Substance OC1=NCCC1{solv}{x=0.500000}|O{solv}{x=0.500000}>,O,OC1=NCCC1,openff-2.1.0,2,1.054004532936138,0.0003118973029657,1.0977070000000004,0.0005555
22711,1921,dens_929065521104254808,766,Density,<Substance OC1=NCCC1{solv}{x=0.744800}|O{solv}{x=0.255200}>,O,OC1=NCCC1,openff-2.1.0,2,1.0642218828513312,0.000309957319385,1.1044310000000004,0.000577
22712,1922,dhmix_1128968771311392860,767,EnthalpyOfMixing,<Substance OC1=NCCC1{solv}{x=0.769300}|O{solv}{x=0.230700}>,O,OC1=NCCC1,openff-2.1.0,2,0.8238994207062547,0.0354463420622078,-0.678,0.1695
22713,1923,dens_1192491633684345401,768,Density,<Substance OC1=NCCC1{solv}{x=0.246800}|O{solv}{x=0.753200}>,O,OC1=NCCC1,openff-2.1.0,2,1.0351781246405094,0.0004189586151386,1.077068,0.0004905
22714,1924,dhmix_1775375132531538271,769,EnthalpyOfMixing,<Substance OC1=NCCC1{solv}{x=0.478300}|O{solv}{x=0.521700}>,O,OC1=NCCC1,openff-2.1.0,2,0.8196920558480656,0.0297540630516978,-0.8384,0.20965
22715,1925,dhmix_1895825007089845103,770,EnthalpyOfMixing,<Substance OC1=NCCC1{solv}{x=0.231900}|O{solv}{x=0.768100}>,O,OC1=NCCC1,openff-2.1.0,2,0.6582305271472819,0.022734667917762,-0.5238,0.13095
22716,1926,dens_502738970558558534,771,Density,<Substance BrCCBr{solv}{x=0.749000}|COC=O{solv}{x=0.251000}>,BrCCBr,COC=O,openff-2.1.0,2,1.9159566016030036,0.0006426988967846,1.9319600000000008,0.003535
22717,1927,dhmix_523129341332875255,772,EnthalpyOfMixing,<Substance BrCCBr{solv}{x=0.059500}|COC=O{solv}{x=0.940500}>,BrCCBr,COC=O,openff-2.1.0,2,0.125356165272947,0.0346385092223647,0.1715,0.00215
22718,1928,dens_528986974844153101,773,Density,<Substance BrCCBr{solv}{x=0.059800}|COC=O{solv}{x=0.940200}>,BrCCBr,COC=O,openff-2.1.0,2,1.0999989128062253,0.0003649784876772,1.06428,0.00056
22719,1929,dhmix_1521152703631810888,774,EnthalpyOfMixing,<Substance BrCCBr{solv}{x=0.757400}|COC=O{solv}{x=0.242600}>,BrCCBr,COC=O,openff-2.1.0,2,0.3895617668106315,0.0306357341726971,0.653,0.00585
22720,1930,dhmix_1685647138770344206,775,EnthalpyOfMixing,<Substance BrCCBr{solv}{x=0.528100}|COC=O{solv}{x=0.471900}>,BrCCBr,COC=O,openff-2.1.0,2,0.4287135590145556,0.0310273496339966,0.8123,0.00705
22721,1931,dens_1945150067923572864,776,Density,<Substance BrCCBr{solv}{x=0.501500}|COC=O{solv}{x=0.498500}>,BrCCBr,COC=O,openff-2.1.0,2,1.6712379045291754,0.000600709975716,1.6620300000000003,0.00232
22722,1932,dens_511283508189056955,777,Density,<Substance CCO{solv}{x=0.291400}|CN(C)CCO{solv}{x=0.708600}>,CCO,CN(C)CCO,openff-2.1.0,2,0.879140054396696,0.0002534116106039,0.8710100000000002,0.000165
22723,1933,dhmix_1055456388735168345,778,EnthalpyOfMixing,<Substance CCO{solv}{x=0.508400}|CN(C)CCO{solv}{x=0.491600}>,CCO,CN(C)CCO,openff-2.1.0,2,-0.5940129000331922,0.0330964352931615,-0.4044,0.0044
22724,1934,dens_1119930253414624267,779,Density,<Substance CCO{solv}{x=0.699500}|CN(C)CCO{solv}{x=0.300500}>,CCO,CN(C)CCO,openff-2.1.0,2,0.8389252879177164,0.0002199032814937,0.8345000000000002,0.000135
22725,1935,dhmix_1132835222292135012,780,EnthalpyOfMixing,<Substance CCO{solv}{x=0.268600}|CN(C)CCO{solv}{x=0.731400}>,CCO,CN(C)CCO,openff-2.1.0,2,-0.3579757005286552,0.0419830560590975,-0.2783,0.0031
22726,1936,dens_1964926738263319597,781,Density,<Substance CCO{solv}{x=0.494900}|CN(C)CCO{solv}{x=0.505100}>,CCO,CN(C)CCO,openff-2.1.0,2,0.8616032980776643,0.0002140396336965,0.8566200000000002,0.00015
22727,1937,dhmix_2011138895468245368,782,EnthalpyOfMixing,<Substance CCO{solv}{x=0.733500}|CN(C)CCO{solv}{x=0.266500}>,CCO,CN(C)CCO,openff-2.1.0,2,-0.5287475988094528,0.0407592989931299,-0.3657,0.004
22728,1938,dhmix_517287783481256565,783,EnthalpyOfMixing,<Substance CN(C)C=O{solv}{x=0.701000}|ClCCCCCl{solv}{x=0.299000}>,CN(C)C=O,ClCCCCCl,openff-2.1.0,2,0.3370939944930882,0.0402618505789472,-0.052,0.002
22729,1939,dens_765057686797526715,784,Density,<Substance CN(C)C=O{solv}{x=0.794300}|ClCCCCCl{solv}{x=0.205700}>,CN(C)C=O,ClCCCCCl,openff-2.1.0,2,0.9736307853615476,0.0002680253067625,0.9934000000000002,0.00245
22730,1940,dens_1092490027864410415,785,Density,<Substance CN(C)C=O{solv}{x=0.502200}|ClCCCCCl{solv}{x=0.497800}>,CN(C)C=O,ClCCCCCl,openff-2.1.0,2,1.0394192890380471,0.0002685450512145,1.0524000000000004,0.0022
22731,1941,dens_1571926938169630329,786,Density,<Substance CN(C)C=O{solv}{x=0.299400}|ClCCCCCl{solv}{x=0.700600}>,CN(C)C=O,ClCCCCCl,openff-2.1.0,2,1.0771512597323407,0.0002280765109206,1.0879000000000003,0.0021
22732,1942,dhmix_1989422051580285053,787,EnthalpyOfMixing,<Substance CN(C)C=O{solv}{x=0.501000}|ClCCCCCl{solv}{x=0.499000}>,CN(C)C=O,ClCCCCCl,openff-2.1.0,2,0.5768004500853081,0.0368572126824411,-0.056,0.002
22733,1943,dhmix_2190775305913174779,788,EnthalpyOfMixing,<Substance CN(C)C=O{solv}{x=0.204000}|ClCCCCCl{solv}{x=0.796000}>,CN(C)C=O,ClCCCCCl,openff-2.1.0,2,0.4064751637119244,0.0413496755347879,-0.039,0.002
22734,1944,dens_518199256039095036,789,Density,<Substance CCCCO{solv}{x=0.496400}|NCCN{solv}{x=0.503600}>,CCCCO,NCCN,openff-2.1.0,2,0.8945665401233773,0.000307889532717,0.8519430000000002,0.000219
22735,1945,dens_866492593379488722,790,Density,<Substance CCCCO{solv}{x=0.739800}|NCCN{solv}{x=0.260200}>,CCCCO,NCCN,openff-2.1.0,2,0.8462854934536843,0.0002649106183656,0.8325090000000002,0.000221
22736,1946,dens_2064365769538781360,791,Density,<Substance CCCCO{solv}{x=0.291900}|NCCN{solv}{x=0.708100}>,CCCCO,NCCN,openff-2.1.0,2,0.943821914691318,0.0002371366957269,0.8676960000000002,0.0002205
22737,1947,dens_520201021244222151,792,Density,<Substance O=C1CCCO1{solv}{x=0.300000}|O{solv}{x=0.700000}>,O,O=C1CCCO1,openff-2.1.0,2,1.0604175606281103,0.0004112325984026,1.0886000000000002,0.0001
22738,1948,dens_2198925124601089428,793,Density,<Substance O=C1CCCO1{solv}{x=0.500000}|O{solv}{x=0.500000}>,O,O=C1CCCO1,openff-2.1.0,2,1.082119224351251,0.0002707053008229,1.1059000000000003,0.0001
22739,1949,dens_2272207838075726438,794,Density,<Substance O=C1CCCO1{solv}{x=0.800000}|O{solv}{x=0.200000}>,O,O=C1CCCO1,openff-2.1.0,2,1.0995979607963964,0.0002597930933649,1.1182000000000003,0.0001
22740,1950,dhmix_524376395520217080,795,EnthalpyOfMixing,<Substance CC(C)CC(C)(C)C{solv}{x=0.440700}|CCCC(=O)OC{solv}{x=0.559300}>,CC(C)CC(C)(C)C,CCCC(=O)OC,openff-2.1.0,2,1.5603353855022275,0.0493034252690832,1.053,0.0115
22741,1951,dens_581090592491592243,796,Density,<Substance CC(C)CC(C)(C)C{solv}{x=0.298100}|CCCC(=O)OC{solv}{x=0.701900}>,CC(C)CC(C)(C)C,CCCC(=O)OC,openff-2.1.0,2,0.8211519936838063,0.0002194641762103,0.8119000000000002,0.000505
22742,1952,dens_1497434747823371430,797,Density,<Substance CC(C)CC(C)(C)C{solv}{x=0.724300}|CCCC(=O)OC{solv}{x=0.275700}>,CC(C)CC(C)(C)C,CCCC(=O)OC,openff-2.1.0,2,0.7452534442931512,0.0002041391012651,0.7279000000000001,0.000505
22743,1953,dhmix_1614087501371550297,798,EnthalpyOfMixing,<Substance CC(C)CC(C)(C)C{solv}{x=0.762900}|CCCC(=O)OC{solv}{x=0.237100}>,CC(C)CC(C)(C)C,CCCC(=O)OC,openff-2.1.0,2,1.1692129894106245,0.0515258321165677,0.789,0.0085
22744,1954,dens_1842979547629422953,799,Density,<Substance CC(C)CC(C)(C)C{solv}{x=0.441000}|CCCC(=O)OC{solv}{x=0.559000}>,CC(C)CC(C)(C)C,CCCC(=O)OC,openff-2.1.0,2,0.7935029993384061,0.0002030577532806,0.7803000000000001,0.000505
22745,1955,dhmix_2246911102339588209,800,EnthalpyOfMixing,<Substance CC(C)CC(C)(C)C{solv}{x=0.298200}|CCCC(=O)OC{solv}{x=0.701800}>,CC(C)CC(C)(C)C,CCCC(=O)OC,openff-2.1.0,2,1.3138234010100618,0.0451091397149643,0.884,0.0095
22746,1956,dhmix_536798507677319129,801,EnthalpyOfMixing,<Substance C1COCO1{solv}{x=0.267900}|Cc1ccccc1Cl{solv}{x=0.732100}>,C1COCO1,Cc1ccccc1Cl,openff-2.1.0,2,0.2666770614105473,0.0402965456966129,0.272,0.0015
22747,1957,dens_559535483529614058,802,Density,<Substance C1COCO1{solv}{x=0.726600}|Cc1ccccc1Cl{solv}{x=0.273400}>,C1COCO1,Cc1ccccc1Cl,openff-2.1.0,2,1.094891950642697,0.0002988093031523,1.0652000000000004,0.0005
22748,1958,dens_731520844601672570,803,Density,<Substance C1COCO1{solv}{x=0.268500}|Cc1ccccc1Cl{solv}{x=0.731500}>,C1COCO1,Cc1ccccc1Cl,openff-2.1.0,2,1.0732598414738796,0.0002702819985143,1.0630000000000002,0.0005
22749,1959,dens_839907656840905053,804,Density,<Substance C1COCO1{solv}{x=0.516900}|Cc1ccccc1Cl{solv}{x=0.483100}>,C1COCO1,Cc1ccccc1Cl,openff-2.1.0,2,1.0898746345745869,0.0002649147712896,1.0694000000000004,0.0005
22750,1960,dhmix_1308085019204784636,805,EnthalpyOfMixing,<Substance C1COCO1{solv}{x=0.500900}|Cc1ccccc1Cl{solv}{x=0.499100}>,C1COCO1,Cc1ccccc1Cl,openff-2.1.0,2,0.332020104173381,0.0375800241461804,0.393,0.002
22751,1961,dhmix_1924685013370154802,806,EnthalpyOfMixing,<Substance C1COCO1{solv}{x=0.760400}|Cc1ccccc1Cl{solv}{x=0.239600}>,C1COCO1,Cc1ccccc1Cl,openff-2.1.0,2,0.2181373264162687,0.0371279912563249,0.313,0.0015
22752,1962,dhmix_549919019055097043,807,EnthalpyOfMixing,<Substance C1CCCCC1{solv}{x=0.799100}|CC(C)O{solv}{x=0.200900}>,C1CCCCC1,CC(C)O,openff-2.1.0,2,0.7258742597803689,0.0465743696258229,0.702,0.017
22753,1963,dhmix_1101575580592240663,808,EnthalpyOfMixing,<Substance C1CCCCC1{solv}{x=0.199500}|CC(C)O{solv}{x=0.800500}>,C1CCCCC1,CC(C)O,openff-2.1.0,2,0.3980400362454608,0.0366112629832028,0.438,0.011
22754,1964,dhmix_1262965345724899699,809,EnthalpyOfMixing,<Substance C1CCCCC1{solv}{x=0.498400}|CC(C)O{solv}{x=0.501600}>,C1CCCCC1,CC(C)O,openff-2.1.0,2,0.7885015124666097,0.0413905166747424,0.801,0.0195
22755,1965,dens_1431184569437551541,810,Density,<Substance C1CCCCC1{solv}{x=0.705800}|CC(C)O{solv}{x=0.294200}>,C1CCCCC1,CC(C)O,openff-2.1.0,2,0.7638824787931369,0.0002852802987908,0.7711100000000002,0.000245
22756,1966,dens_2097249982689376165,811,Density,<Substance C1CCCCC1{solv}{x=0.200000}|CC(C)O{solv}{x=0.800000}>,C1CCCCC1,CC(C)O,openff-2.1.0,2,0.7886183006393599,0.0002771010567431,0.7761000000000002,0.0003
22757,1967,dens_2130071224188444793,812,Density,<Substance C1CCCCC1{solv}{x=0.503900}|CC(C)O{solv}{x=0.496100}>,C1CCCCC1,CC(C)O,openff-2.1.0,2,0.7715956507161166,0.0002526358444725,0.7719000000000001,0.0003
22758,1968,dens_562489367284385084,813,Density,<Substance CCCCC(=O)OC{solv}{x=0.251100}|COC(C)=O{solv}{x=0.748900}>,CCCCC(=O)OC,COC(C)=O,openff-2.1.0,2,0.9201157533481406,0.0002452717594266,0.9105300000000002,0.000505
22759,1969,dhmix_814771684244180933,814,EnthalpyOfMixing,<Substance CCCCC(=O)OC{solv}{x=0.733900}|COC(C)=O{solv}{x=0.266100}>,CCCCC(=O)OC,COC(C)=O,openff-2.1.0,2,0.1960808389222075,0.0512510190838448,0.178,0.002
22760,1970,dhmix_915202362324204655,815,EnthalpyOfMixing,<Substance CCCCC(=O)OC{solv}{x=0.505500}|COC(C)=O{solv}{x=0.494500}>,CCCCC(=O)OC,COC(C)=O,openff-2.1.0,2,0.0807816502001621,0.0449153872135921,0.238,0.0025
22761,1971,dhmix_935892165648195197,816,EnthalpyOfMixing,<Substance CCCCC(=O)OC{solv}{x=0.234700}|COC(C)=O{solv}{x=0.765300}>,CCCCC(=O)OC,COC(C)=O,openff-2.1.0,2,0.1039586835594548,0.0402749249107301,0.173,0.002
22762,1972,dens_961692445804333991,817,Density,<Substance CCCCC(=O)OC{solv}{x=0.738300}|COC(C)=O{solv}{x=0.261700}>,CCCCC(=O)OC,COC(C)=O,openff-2.1.0,2,0.8968214756280587,0.0002394903702094,0.8914700000000002,0.000505
22763,1973,dens_1493380961688632529,818,Density,<Substance CCCCC(=O)OC{solv}{x=0.493500}|COC(C)=O{solv}{x=0.506500}>,CCCCC(=O)OC,COC(C)=O,openff-2.1.0,2,0.9072020823256612,0.0002163058290065,0.8996200000000002,0.000505
22764,1974,dhmix_563342363018905515,819,EnthalpyOfMixing,<Substance CCOC(=O)CC(C)=O{solv}{x=0.751400}|O{solv}{x=0.248600}>,CCOC(=O)CC(C)=O,O,openff-2.1.0,2,0.6730780422448106,0.0481028455027516,1.128,0.012
22765,1975,dhmix_1385095028103136291,820,EnthalpyOfMixing,<Substance CCOC(=O)CC(C)=O{solv}{x=0.449100}|O{solv}{x=0.550900}>,CCOC(=O)CC(C)=O,O,openff-2.1.0,2,0.5643767538301745,0.0337312493258659,0.684,0.0075
22766,1976,dhmix_1609967394780907654,821,EnthalpyOfMixing,<Substance CCOC(=O)CC(C)=O{solv}{x=0.299400}|O{solv}{x=0.700600}>,CCOC(=O)CC(C)=O,O,openff-2.1.0,2,0.4933042731771451,0.0261088886561056,0.428,0.005
22767,1977,dhmix_566259260175961973,822,EnthalpyOfMixing,<Substance CCCCO{solv}{x=0.144700}|OC1=NCCC1{solv}{x=0.855300}>,CCCCO,OC1=NCCC1,openff-2.1.0,2,0.6929727320015786,0.0454876219421179,0.0949,0.0012
22768,1978,dens_1146983614802652988,823,Density,<Substance CCCCO{solv}{x=0.500400}|OC1=NCCC1{solv}{x=0.499600}>,CCCCO,OC1=NCCC1,openff-2.1.0,2,0.9311764090452732,0.0001886875775109,0.94503,0.00015
22769,1979,dhmix_1601732489230179724,824,EnthalpyOfMixing,<Substance CCCCO{solv}{x=0.497800}|OC1=NCCC1{solv}{x=0.502200}>,CCCCO,OC1=NCCC1,openff-2.1.0,2,1.2764929472906097,0.0330069446636957,0.2326,0.0026
22770,1980,dhmix_1661138478850718837,825,EnthalpyOfMixing,<Substance CCCCO{solv}{x=0.754800}|OC1=NCCC1{solv}{x=0.245200}>,CCCCO,OC1=NCCC1,openff-2.1.0,2,1.1785245402708622,0.0431051581516775,0.2356,0.00265
22771,1981,dens_1878955695276199878,826,Density,<Substance CCCCO{solv}{x=0.144600}|OC1=NCCC1{solv}{x=0.855400}>,CCCCO,OC1=NCCC1,openff-2.1.0,2,1.0269127149067878,0.0002303335223436,1.0575900000000005,0.000205
22772,1982,dens_2101998760005952263,827,Density,<Substance CCCCO{solv}{x=0.755500}|OC1=NCCC1{solv}{x=0.244500}>,CCCCO,OC1=NCCC1,openff-2.1.0,2,0.8655254398382296,0.000253507866349,0.8711500000000002,0.000185
22773,1983,dhmix_569012254773025696,828,EnthalpyOfMixing,<Substance CC(C)(C)O{solv}{x=0.505700}|OC1=NCCC1{solv}{x=0.494300}>,CC(C)(C)O,OC1=NCCC1,openff-2.1.0,2,1.5516783794874698,0.0386024500610676,0.4323,0.0047
22774,1984,dens_992979807705536615,829,Density,<Substance CC(C)(C)O{solv}{x=0.751100}|OC1=NCCC1{solv}{x=0.248900}>,CC(C)(C)O,OC1=NCCC1,openff-2.1.0,2,0.8756064219739198,0.0002075965049736,0.8505700000000003,0.000215
22775,1985,dens_1020722913861580636,830,Density,<Substance CC(C)(C)O{solv}{x=0.499700}|OC1=NCCC1{solv}{x=0.500300}>,CC(C)(C)O,OC1=NCCC1,openff-2.1.0,2,0.9359440214165566,0.0002859819106946,0.9282800000000002,0.00018
22776,1986,dhmix_1408261346335628114,831,EnthalpyOfMixing,<Substance CC(C)(C)O{solv}{x=0.744900}|OC1=NCCC1{solv}{x=0.255100}>,CC(C)(C)O,OC1=NCCC1,openff-2.1.0,2,1.7188924253032596,0.0393979227494893,0.3774,0.00415
22777,1987,dhmix_1466823939183874689,832,EnthalpyOfMixing,<Substance CC(C)(C)O{solv}{x=0.257800}|OC1=NCCC1{solv}{x=0.742200}>,CC(C)(C)O,OC1=NCCC1,openff-2.1.0,2,0.9125104100633196,0.034892602524335,0.2874,0.0032
22778,1988,dens_1768273433543243004,833,Density,<Substance CC(C)(C)O{solv}{x=0.276400}|OC1=NCCC1{solv}{x=0.723600}>,CC(C)(C)O,OC1=NCCC1,openff-2.1.0,2,0.9943137409068558,0.000232512961625,1.0036300000000002,0.000155
22779,1989,dens_571827819113574480,834,Density,<Substance CC(C)OC(C)C{solv}{x=0.700400}|Cc1ccccc1{solv}{x=0.299600}>,CC(C)OC(C)C,Cc1ccccc1,openff-2.1.0,2,0.7708859294835901,0.0002151473056744,0.7573100000000001,0.000155
22780,1990,dhmix_686402805609192969,835,EnthalpyOfMixing,<Substance CC(C)OC(C)C{solv}{x=0.228000}|Cc1ccccc1{solv}{x=0.772000}>,CC(C)OC(C)C,Cc1ccccc1,openff-2.1.0,2,-0.0778887920746811,0.0383584618961797,0.0593,0.00515
22781,1991,dhmix_1045652173440309018,836,EnthalpyOfMixing,<Substance CC(C)OC(C)C{solv}{x=0.752000}|Cc1ccccc1{solv}{x=0.248000}>,CC(C)OC(C)C,Cc1ccccc1,openff-2.1.0,2,-0.1488910240153274,0.0418541729862135,-0.0091,0.00505
22782,1992,dhmix_1690461453403165745,837,EnthalpyOfMixing,<Substance CC(C)OC(C)C{solv}{x=0.455000}|Cc1ccccc1{solv}{x=0.545000}>,CC(C)OC(C)C,Cc1ccccc1,openff-2.1.0,2,-0.1299713687058812,0.0367914488764954,0.0323,0.0051
22783,1993,dens_2086775654110573795,838,Density,<Substance CC(C)OC(C)C{solv}{x=0.200400}|Cc1ccccc1{solv}{x=0.799600}>,CC(C)OC(C)C,Cc1ccccc1,openff-2.1.0,2,0.826478501860346,0.0002543299422613,0.8299700000000002,0.00014
22784,1994,dens_2167043968237201720,839,Density,<Substance CC(C)OC(C)C{solv}{x=0.500300}|Cc1ccccc1{solv}{x=0.499700}>,CC(C)OC(C)C,Cc1ccccc1,openff-2.1.0,2,0.7922744492222393,0.0002332893104681,0.7849200000000002,0.000155
22785,1995,dhmix_578047845607378963,840,EnthalpyOfMixing,<Substance CN1CCCC1=O{solv}{x=0.635900}|c1ccncc1{solv}{x=0.364100}>,CN1CCCC1=O,c1ccncc1,openff-2.1.0,2,-0.4298674568283829,0.0405090662045909,-0.4013,0.10035
22786,1996,dhmix_625120262301063359,841,EnthalpyOfMixing,<Substance CN1CCCC1=O{solv}{x=0.231200}|c1ccncc1{solv}{x=0.768800}>,CN1CCCC1=O,c1ccncc1,openff-2.1.0,2,-0.3286578009452334,0.0379895769921981,-0.3157,0.07895
22787,1997,dens_1059919274311274879,842,Density,<Substance CN1CCCC1=O{solv}{x=0.521500}|c1ccncc1{solv}{x=0.478500}>,CN1CCCC1=O,c1ccncc1,openff-2.1.0,2,0.9946523968793544,0.0002224563482385,1.0158200000000004,0.00051
22788,1998,dens_1445187430653020908,843,Density,<Substance CN1CCCC1=O{solv}{x=0.234800}|c1ccncc1{solv}{x=0.765200}>,CN1CCCC1=O,c1ccncc1,openff-2.1.0,2,0.9881854494964712,0.0002452188928389,0.9983500000000004,0.00051
22789,1999,dhmix_1933003504821603087,844,EnthalpyOfMixing,<Substance CN1CCCC1=O{solv}{x=0.499500}|c1ccncc1{solv}{x=0.500500}>,CN1CCCC1=O,c1ccncc1,openff-2.1.0,2,-0.3591700586366251,0.0381760546052081,-0.4356,0.1089
22790,2000,dens_2199047009222847682,845,Density,<Substance CN1CCCC1=O{solv}{x=0.636400}|c1ccncc1{solv}{x=0.363600}>,CN1CCCC1=O,c1ccncc1,openff-2.1.0,2,0.9959685719366188,0.0002171504417828,1.0207400000000002,0.00051
22791,2001,dens_586351122522837789,846,Density,<Substance c1cc[nH]c1{solv}{x=0.820700}|c1ccccc1{solv}{x=0.179300}>,c1cc[nH]c1,c1ccccc1,openff-2.1.0,2,0.9538149010821662,0.0002729071409265,0.9503300000000002,0.000195
22792,2002,dhmix_1101447260293284221,847,EnthalpyOfMixing,<Substance c1cc[nH]c1{solv}{x=0.494000}|c1ccccc1{solv}{x=0.506000}>,c1cc[nH]c1,c1ccccc1,openff-2.1.0,2,0.6640029411342709,0.0356701428090823,0.609,0.00395
22793,2003,dens_1366042600317618213,848,Density,<Substance c1cc[nH]c1{solv}{x=0.503000}|c1ccccc1{solv}{x=0.497000}>,c1cc[nH]c1,c1ccccc1,openff-2.1.0,2,0.9139048372886016,0.0002917404486438,0.9220400000000002,0.00019
22794,2004,dens_2042223650153961549,849,Density,<Substance c1cc[nH]c1{solv}{x=0.314200}|c1ccccc1{solv}{x=0.685800}>,c1cc[nH]c1,c1ccccc1,openff-2.1.0,2,0.893199075251684,0.0002889286457536,0.9043500000000002,0.000195
22795,2005,dhmix_2080652523589171296,850,EnthalpyOfMixing,<Substance c1cc[nH]c1{solv}{x=0.820800}|c1ccccc1{solv}{x=0.179200}>,c1cc[nH]c1,c1ccccc1,openff-2.1.0,2,0.3552305303655458,0.0393191044927867,0.3441,0.00245
22796,2006,dhmix_2101365800313583195,851,EnthalpyOfMixing,<Substance c1cc[nH]c1{solv}{x=0.314000}|c1ccccc1{solv}{x=0.686000}>,c1cc[nH]c1,c1ccccc1,openff-2.1.0,2,0.558475747673512,0.0365807262681757,0.5893,0.00385
22797,2007,dens_592296207180530796,852,Density,<Substance C1CCNCC1{solv}{x=0.250000}|O{solv}{x=0.750000}>,C1CCNCC1,O,openff-2.1.0,2,0.9119308481479798,0.000404472221574,0.9379600000000002,0.000185
22798,2008,dhmix_598563182385523239,853,EnthalpyOfMixing,<Substance C1CCNCC1{solv}{x=0.750000}|O{solv}{x=0.250000}>,C1CCNCC1,O,openff-2.1.0,2,-0.7278274398942415,0.0423823636838977,-1.4628,0.02995
22799,2009,dens_1144696340343060729,854,Density,<Substance C1CCNCC1{solv}{x=0.500000}|O{solv}{x=0.500000}>,C1CCNCC1,O,openff-2.1.0,2,0.8895999571276229,0.0002232759181461,0.90329,0.000235
22800,2010,dens_1551117370864361960,855,Density,<Substance C1CCNCC1{solv}{x=0.750000}|O{solv}{x=0.250000}>,C1CCNCC1,O,openff-2.1.0,2,0.8779775217451697,0.0002576756286203,0.8771300000000002,0.000285
22801,2011,dhmix_2023343497633678069,856,EnthalpyOfMixing,<Substance C1CCNCC1{solv}{x=0.500000}|O{solv}{x=0.500000}>,C1CCNCC1,O,openff-2.1.0,2,-1.058174215672718,0.0306163261219549,-2.1379,0.04355
22802,2012,dhmix_2169709193905404129,857,EnthalpyOfMixing,<Substance C1CCNCC1{solv}{x=0.250000}|O{solv}{x=0.750000}>,C1CCNCC1,O,openff-2.1.0,2,-0.6513170343338661,0.0280226316697764,-1.9642,0.04065
22803,2013,dhmix_597694390671293228,858,EnthalpyOfMixing,<Substance C1CCCCC1{solv}{x=0.495000}|c1cc[nH]c1{solv}{x=0.505000}>,C1CCCCC1,c1cc[nH]c1,openff-2.1.0,2,1.5966241758653863,0.0376276745639541,1.4275,0.00895
22804,2014,dens_1402964712081643759,859,Density,<Substance C1CCCCC1{solv}{x=0.281700}|c1cc[nH]c1{solv}{x=0.718300}>,C1CCCCC1,c1cc[nH]c1,openff-2.1.0,2,0.8874881105374132,0.0001860783776208,0.9082800000000002,0.00023
22805,2015,dens_1463337814181203578,860,Density,<Substance C1CCCCC1{solv}{x=0.925100}|c1cc[nH]c1{solv}{x=0.074900}>,C1CCCCC1,c1cc[nH]c1,openff-2.1.0,2,0.7657352837180759,0.0002414567459443,0.7860300000000001,0.00026
22806,2016,dens_1586039458655447443,861,Density,<Substance C1CCCCC1{solv}{x=0.494200}|c1cc[nH]c1{solv}{x=0.505800}>,C1CCCCC1,c1cc[nH]c1,openff-2.1.0,2,0.8377924342739016,0.000234397417276,0.8661300000000002,0.000235
22807,2017,dhmix_1650717903260721901,862,EnthalpyOfMixing,<Substance C1CCCCC1{solv}{x=0.924800}|c1cc[nH]c1{solv}{x=0.075200}>,C1CCCCC1,c1cc[nH]c1,openff-2.1.0,2,0.6353498742932686,0.0483641142458798,0.7315,0.00535
22808,2018,dhmix_1709124910710738018,863,EnthalpyOfMixing,<Substance C1CCCCC1{solv}{x=0.281800}|c1cc[nH]c1{solv}{x=0.718200}>,C1CCCCC1,c1cc[nH]c1,openff-2.1.0,2,1.436568090405416,0.0385485428819122,1.245,0.00795
22809,2019,dhmix_602003453564252918,864,EnthalpyOfMixing,<Substance COc1ccccc1{solv}{x=0.767000}|OCCc1ccccc1{solv}{x=0.233000}>,COc1ccccc1,OCCc1ccccc1,openff-2.1.0,2,0.8749185780112754,0.045621270036141,1.1154,0.01195
22810,2020,dhmix_831666159864093343,865,EnthalpyOfMixing,<Substance COc1ccccc1{solv}{x=0.267800}|OCCc1ccccc1{solv}{x=0.732200}>,COc1ccccc1,OCCc1ccccc1,openff-2.1.0,2,0.4882639464684501,0.055408183894278,0.688,0.00745
22811,2021,dhmix_1415130215717622630,866,EnthalpyOfMixing,<Substance COc1ccccc1{solv}{x=0.523200}|OCCc1ccccc1{solv}{x=0.476800}>,COc1ccccc1,OCCc1ccccc1,openff-2.1.0,2,0.9596956333047116,0.0387365908919271,1.0457,0.0112
22812,2022,dens_2018050376435813399,867,Density,<Substance COc1ccccc1{solv}{x=0.767300}|OCCc1ccccc1{solv}{x=0.232700}>,COc1ccccc1,OCCc1ccccc1,openff-2.1.0,2,0.9792959520644088,0.0002028674769718,0.9869000000000002,0.00026
22813,2023,dens_2083067547090229321,868,Density,<Substance COc1ccccc1{solv}{x=0.524500}|OCCc1ccccc1{solv}{x=0.475500}>,COc1ccccc1,OCCc1ccccc1,openff-2.1.0,2,0.9876210770194804,0.000176352005285,0.9943600000000002,0.00026
22814,2024,dens_2108796896152795987,869,Density,<Substance COc1ccccc1{solv}{x=0.212100}|OCCc1ccccc1{solv}{x=0.787900}>,COc1ccccc1,OCCc1ccccc1,openff-2.1.0,2,0.999250241564464,0.0002964113684012,1.0032600000000005,0.00026
22815,2025,dhmix_607389561715885318,870,EnthalpyOfMixing,<Substance CC(C)O{solv}{x=0.750600}|CCOC(=O)CC(=O)OCC{solv}{x=0.249400}>,CC(C)O,CCOC(=O)CC(=O)OCC,openff-2.1.0,2,1.839448132444204,0.041796350988977,1.955,0.021
22816,2026,dhmix_970997719035766241,871,EnthalpyOfMixing,<Substance CC(C)O{solv}{x=0.249200}|CCOC(=O)CC(=O)OCC{solv}{x=0.750800}>,CC(C)O,CCOC(=O)CC(=O)OCC,openff-2.1.0,2,1.6351372097084609,0.0505892735008304,1.804,0.0195
22817,2027,dens_1055220895195342210,872,Density,<Substance CC(C)O{solv}{x=0.700000}|CCOC(=O)CC(=O)OCC{solv}{x=0.300000}>,CC(C)O,CCOC(=O)CC(=O)OCC,openff-2.1.0,2,0.9263057384833816,0.000252794831201,0.9013080000000002,0.000163
22818,2028,dens_1059428282849222105,873,Density,<Substance CC(C)O{solv}{x=0.500100}|CCOC(=O)CC(=O)OCC{solv}{x=0.499900}>,CC(C)O,CCOC(=O)CC(=O)OCC,openff-2.1.0,2,0.9812464457230676,0.0002109225084066,0.9563730000000004,0.0001215
22819,2029,dhmix_2225069850502215858,874,EnthalpyOfMixing,<Substance CC(C)O{solv}{x=0.499700}|CCOC(=O)CC(=O)OCC{solv}{x=0.500300}>,CC(C)O,CCOC(=O)CC(=O)OCC,openff-2.1.0,2,2.2180180360765576,0.0487282552115578,2.369,0.0255
22820,2030,dens_2227064517025896927,875,Density,<Substance CC(C)O{solv}{x=0.200000}|CCOC(=O)CC(=O)OCC{solv}{x=0.800000}>,CC(C)O,CCOC(=O)CC(=O)OCC,openff-2.1.0,2,1.039517004926694,0.0002002371507999,1.0176930000000002,0.000103
22821,2031,dhmix_614525131410782877,876,EnthalpyOfMixing,<Substance CCCCCC(C)=O{solv}{x=0.491300}|CCCCNCCCC{solv}{x=0.508700}>,CCCCCC(C)=O,CCCCNCCCC,openff-2.1.0,2,-0.0067772480558545,0.0529498686912313,0.278,0.003
22822,2032,dhmix_1051001364116056564,877,EnthalpyOfMixing,<Substance CCCCCC(C)=O{solv}{x=0.781100}|CCCCNCCCC{solv}{x=0.218900}>,CCCCCC(C)=O,CCCCNCCCC,openff-2.1.0,2,-0.032935331361827,0.0494962136717389,0.164,0.002
22823,2033,dens_1087422962538109584,878,Density,<Substance CCCCCC(C)=O{solv}{x=0.449900}|CCCCNCCCC{solv}{x=0.550100}>,CCCCCC(C)=O,CCCCNCCCC,openff-2.1.0,2,0.7765029409799629,0.0001580311164227,0.7778490000000002,9.250000000000004e-05
22824,2034,dens_1830187222448876426,879,Density,<Substance CCCCCC(C)=O{solv}{x=0.209700}|CCCCNCCCC{solv}{x=0.790300}>,CCCCCC(C)=O,CCCCNCCCC,openff-2.1.0,2,0.7676076982441914,0.000189937222403,0.7655110000000002,8.400000000000002e-05
22825,2035,dens_2113849591242853193,880,Density,<Substance CCCCCC(C)=O{solv}{x=0.750900}|CCCCNCCCC{solv}{x=0.249100}>,CCCCCC(C)=O,CCCCNCCCC,openff-2.1.0,2,0.7884035832583157,0.0001874091715535,0.7951660000000003,0.000105
22826,2036,dhmix_2131918011494960609,881,EnthalpyOfMixing,<Substance CCCCCC(C)=O{solv}{x=0.294700}|CCCCNCCCC{solv}{x=0.705300}>,CCCCCC(C)=O,CCCCNCCCC,openff-2.1.0,2,-0.0953441037467826,0.0450794438731073,0.256,0.003
22827,2037,dhmix_618866445574413387,882,EnthalpyOfMixing,<Substance C1CCOCC1{solv}{x=0.442500}|Cc1ccccc1C{solv}{x=0.557500}>,C1CCOCC1,Cc1ccccc1C,openff-2.1.0,2,-0.0740114343492024,0.0430355167584053,-0.0342,0.0006
22828,2038,dens_643927890193937545,883,Density,<Substance C1CCOCC1{solv}{x=0.518700}|Cc1ccccc1C{solv}{x=0.481300}>,C1CCOCC1,Cc1ccccc1C,openff-2.1.0,2,0.8655148156092447,0.0002378390429727,0.8779900000000003,0.0005
22829,2039,dhmix_1129414916141538177,884,EnthalpyOfMixing,<Substance C1CCOCC1{solv}{x=0.744300}|Cc1ccccc1C{solv}{x=0.255700}>,C1CCOCC1,Cc1ccccc1C,openff-2.1.0,2,0.0005053090992959,0.0451363928266898,0.0421,0.00065
22830,2040,dens_1429468909820653032,885,Density,<Substance C1CCOCC1{solv}{x=0.231800}|Cc1ccccc1C{solv}{x=0.768200}>,C1CCOCC1,Cc1ccccc1C,openff-2.1.0,2,0.8614987946893374,0.0002217172704569,0.8770400000000002,0.0005
22831,2041,dens_1442497603142913792,886,Density,<Substance C1CCOCC1{solv}{x=0.772900}|Cc1ccccc1C{solv}{x=0.227100}>,C1CCOCC1,Cc1ccccc1C,openff-2.1.0,2,0.8702711998636169,0.0002132091272164,0.8787800000000002,0.000505
22832,2042,dhmix_2268256048157488415,887,EnthalpyOfMixing,<Substance C1CCOCC1{solv}{x=0.245400}|Cc1ccccc1C{solv}{x=0.754600}>,C1CCOCC1,Cc1ccccc1C,openff-2.1.0,2,0.0341231151700469,0.0468540861324878,-0.0613,0.00085
22833,2043,dens_626398848152359169,888,Density,<Substance C1COCCN1{solv}{x=0.498000}|O{solv}{x=0.502000}>,C1COCCN1,O,openff-2.1.0,2,1.042848371338863,0.0003973460072422,1.0255000000000003,0.00255
22834,2044,dhmix_773913810754342365,889,EnthalpyOfMixing,<Substance C1COCCN1{solv}{x=0.714900}|O{solv}{x=0.285100}>,C1COCCN1,O,openff-2.1.0,2,-1.2646657849555822,0.0409500418187643,-1.753,0.019
22835,2045,dhmix_1012297674499495059,890,EnthalpyOfMixing,<Substance C1COCCN1{solv}{x=0.201000}|O{solv}{x=0.799000}>,C1COCCN1,O,openff-2.1.0,2,-1.1656080263294104,0.0263604344666889,-2.758,0.0295
22836,2046,dens_1167008264969667349,891,Density,<Substance C1COCCN1{solv}{x=0.793000}|O{solv}{x=0.207000}>,C1COCCN1,O,openff-2.1.0,2,1.0420526448005552,0.0003299047263859,1.0057000000000005,0.00245
22837,2047,dhmix_1871930573512426354,892,EnthalpyOfMixing,<Substance C1COCCN1{solv}{x=0.491100}|O{solv}{x=0.508900}>,C1COCCN1,O,openff-2.1.0,2,-1.9986226064311976,0.0315092052416337,-3.131,0.0335
22838,2048,dens_2014911999593579414,893,Density,<Substance C1COCCN1{solv}{x=0.298000}|O{solv}{x=0.702000}>,C1COCCN1,O,openff-2.1.0,2,1.0321037549737615,0.0002631455332547,1.0309000000000004,0.00255
22839,2049,dens_627753907231278660,894,Density,<Substance CCC(C)=O{solv}{x=0.753100}|CCCNCCC{solv}{x=0.246900}>,CCC(C)=O,CCCNCCC,openff-2.1.0,2,0.7634918152817024,0.000271063950263,0.7771510000000001,0.000109
22840,2050,dens_674236159588910357,895,Density,<Substance CCC(C)=O{solv}{x=0.244600}|CCCNCCC{solv}{x=0.755400}>,CCC(C)=O,CCCNCCC,openff-2.1.0,2,0.7447109264490389,0.0002448332752874,0.7446230000000003,0.0001405
22841,2051,dhmix_749228177959685874,896,EnthalpyOfMixing,<Substance CCC(C)=O{solv}{x=0.235300}|CCCNCCC{solv}{x=0.764700}>,CCC(C)=O,CCCNCCC,openff-2.1.0,2,0.1326149808532406,0.0514606074270894,0.299,0.0035
22842,2052,dhmix_1706960823617656563,897,EnthalpyOfMixing,<Substance CCC(C)=O{solv}{x=0.698400}|CCCNCCC{solv}{x=0.301600}>,CCC(C)=O,CCCNCCC,openff-2.1.0,2,0.0521751346154815,0.0416360075380111,0.334,0.0035
22843,2053,dhmix_2102794241345605516,898,EnthalpyOfMixing,<Substance CCC(C)=O{solv}{x=0.505000}|CCCNCCC{solv}{x=0.495000}>,CCC(C)=O,CCCNCCC,openff-2.1.0,2,-0.0102257652600172,0.0460717217274515,0.397,0.0045
22844,2054,dens_2224864308887622456,899,Density,<Substance CCC(C)=O{solv}{x=0.500600}|CCCNCCC{solv}{x=0.499400}>,CCC(C)=O,CCCNCCC,openff-2.1.0,2,0.7530778732650308,0.0002439403141887,0.7590400000000002,0.000125
22845,2055,dhmix_628329103086906726,900,EnthalpyOfMixing,<Substance CC1CCCCC1{solv}{x=0.250400}|CCCO{solv}{x=0.749600}>,CC1CCCCC1,CCCO,openff-2.1.0,2,0.3797644331922285,0.0412620455442356,0.321,0.0055
22846,2056,dhmix_989207392771680315,901,EnthalpyOfMixing,<Substance CC1CCCCC1{solv}{x=0.750500}|CCCO{solv}{x=0.249500}>,CC1CCCCC1,CCCO,openff-2.1.0,2,0.5778961424544775,0.0390165445980872,0.574,0.0055
22847,2057,dens_1351260115393741606,902,Density,<Substance CC1CCCCC1{solv}{x=0.503100}|CCCO{solv}{x=0.496900}>,CC1CCCCC1,CCCO,openff-2.1.0,2,0.7736172387146191,0.0001971939342071,0.7785600000000001,0.0039
22848,2058,dens_1376195506089851480,903,Density,<Substance CC1CCCCC1{solv}{x=0.202700}|CCCO{solv}{x=0.797300}>,CC1CCCCC1,CCCO,openff-2.1.0,2,0.7861959543907129,0.0002642376099025,0.7942000000000002,0.00398
22849,2059,dens_1501229836503112732,904,Density,<Substance CC1CCCCC1{solv}{x=0.799000}|CCCO{solv}{x=0.201000}>,CC1CCCCC1,CCCO,openff-2.1.0,2,0.7654185346605233,0.0002010609938294,0.7688300000000002,0.003855
22850,2060,dhmix_2109805019413953371,905,EnthalpyOfMixing,<Substance CC1CCCCC1{solv}{x=0.500400}|CCCO{solv}{x=0.499600}>,CC1CCCCC1,CCCO,openff-2.1.0,2,0.6855650474075929,0.0389017091857952,0.533,0.0055
22851,2061,dhmix_634764080264908666,906,EnthalpyOfMixing,<Substance OCCN1CCOCC1{solv}{x=0.498900}|O{solv}{x=0.501100}>,O,OCCN1CCOCC1,openff-2.1.0,2,-2.1751207330869136,0.0378592964893668,-2.2633,0.02415
22852,2062,dens_707792343667224312,907,Density,<Substance OCCN1CCOCC1{solv}{x=0.246600}|O{solv}{x=0.753400}>,O,OCCN1CCOCC1,openff-2.1.0,2,1.0760811800885313,0.0002531105175536,1.0838100000000002,0.00154
22853,2063,dhmix_1064373607860850902,908,EnthalpyOfMixing,<Substance OCCN1CCOCC1{solv}{x=0.694900}|O{solv}{x=0.305100}>,O,OCCN1CCOCC1,openff-2.1.0,2,-1.9732697546913869,0.0486584552420607,-1.7936,0.01915
22854,2064,dhmix_1846281306963870091,909,EnthalpyOfMixing,<Substance OCCN1CCOCC1{solv}{x=0.300200}|O{solv}{x=0.699800}>,O,OCCN1CCOCC1,openff-2.1.0,2,-1.9132148722393367,0.0613877906001884,-2.426,0.026
22855,2065,dens_2238932092645470826,910,Density,<Substance OCCN1CCOCC1{solv}{x=0.743900}|O{solv}{x=0.256100}>,O,OCCN1CCOCC1,openff-2.1.0,2,1.0939125411503146,0.0003054659138425,1.08031,0.001565
22856,2066,dens_2269173599223764079,911,Density,<Substance OCCN1CCOCC1{solv}{x=0.485200}|O{solv}{x=0.514800}>,O,OCCN1CCOCC1,openff-2.1.0,2,1.0901849169346245,0.0003134299544489,1.0866900000000004,0.00159
22857,2067,dhmix_636778454546345333,912,EnthalpyOfMixing,<Substance C1CCCCC1{solv}{x=0.506300}|CNc1ccccc1{solv}{x=0.493700}>,C1CCCCC1,CNc1ccccc1,openff-2.1.0,2,2.1892862786553167,0.0412138706245458,1.628,0.0175
22858,2068,dens_1209163492396921559,913,Density,<Substance C1CCCCC1{solv}{x=0.247000}|CNc1ccccc1{solv}{x=0.753000}>,C1CCCCC1,CNc1ccccc1,openff-2.1.0,2,0.9306328642703368,0.00020834445484,0.9289450000000002,0.000272
22859,2069,dens_1438140901521078017,914,Density,<Substance C1CCCCC1{solv}{x=0.494500}|CNc1ccccc1{solv}{x=0.505500}>,C1CCCCC1,CNc1ccccc1,openff-2.1.0,2,0.8699498661054657,0.0001966753834439,0.8759620000000002,0.0001835
22860,2070,dens_1482697199055102595,915,Density,<Substance C1CCCCC1{solv}{x=0.746400}|CNc1ccccc1{solv}{x=0.253600}>,C1CCCCC1,CNc1ccccc1,openff-2.1.0,2,0.8109854104155179,0.0002497094470806,0.8233530000000001,0.000138
22861,2071,dhmix_1832297119731463766,916,EnthalpyOfMixing,<Substance C1CCCCC1{solv}{x=0.204700}|CNc1ccccc1{solv}{x=0.795300}>,C1CCCCC1,CNc1ccccc1,openff-2.1.0,2,1.5186025607348732,0.0409797226406301,0.972,0.0105
22862,2072,dhmix_1889368397403208807,917,EnthalpyOfMixing,<Substance C1CCCCC1{solv}{x=0.706600}|CNc1ccccc1{solv}{x=0.293400}>,C1CCCCC1,CNc1ccccc1,openff-2.1.0,2,1.972927179629252,0.0440190969016334,1.521,0.0165
22863,2073,dhmix_637657437173907469,918,EnthalpyOfMixing,<Substance CC(C)=O{solv}{x=0.709700}|CNc1ccccc1{solv}{x=0.290300}>,CC(C)=O,CNc1ccccc1,openff-2.1.0,2,-0.5843220412703296,0.038052579402148,-0.525,0.0055
22864,2074,dhmix_817594693007274900,919,EnthalpyOfMixing,<Substance CC(C)=O{solv}{x=0.231600}|CNc1ccccc1{solv}{x=0.768400}>,CC(C)=O,CNc1ccccc1,openff-2.1.0,2,-0.6452713764304154,0.0435190470626214,-0.5,0.0055
22865,2075,dens_830664987854613197,920,Density,<Substance CC(C)=O{solv}{x=0.250300}|CNc1ccccc1{solv}{x=0.749700}>,CC(C)=O,CNc1ccccc1,openff-2.1.0,2,0.9574278183338172,0.0002189677036301,0.9502900000000002,0.0003395
22866,2076,dhmix_1052042310023734389,921,EnthalpyOfMixing,<Substance CC(C)=O{solv}{x=0.508600}|CNc1ccccc1{solv}{x=0.491400}>,CC(C)=O,CNc1ccccc1,openff-2.1.0,2,-0.8706907005989066,0.0386932031643065,-0.672,0.0075
22867,2077,dens_1302333367899693905,922,Density,<Substance CC(C)=O{solv}{x=0.750600}|CNc1ccccc1{solv}{x=0.249400}>,CC(C)=O,CNc1ccccc1,openff-2.1.0,2,0.8492474550416726,0.000273605220617,0.8565010000000002,0.000231
22868,2078,dens_1582643029733708616,923,Density,<Substance CC(C)=O{solv}{x=0.494800}|CNc1ccccc1{solv}{x=0.505200}>,CC(C)=O,CNc1ccccc1,openff-2.1.0,2,0.9108987074583776,0.0002399035061506,0.9107940000000002,0.000263
22869,2079,dens_650566412384126439,924,Density,<Substance CC(C)CC(C)(C)C{solv}{x=0.158800}|CCCCC(=O)OC{solv}{x=0.841200}>,CC(C)CC(C)(C)C,CCCCC(=O)OC,openff-2.1.0,2,0.8530315648499445,0.0002045482987592,0.8463800000000002,0.000505
22870,2080,dhmix_986100941633296124,925,EnthalpyOfMixing,<Substance CC(C)CC(C)(C)C{solv}{x=0.481800}|CCCCC(=O)OC{solv}{x=0.518200}>,CC(C)CC(C)(C)C,CCCCC(=O)OC,openff-2.1.0,2,1.3388351913682897,0.0465874808437687,0.866,0.0095
22871,2081,dens_1095352626338523806,926,Density,<Substance CC(C)CC(C)(C)C{solv}{x=0.742500}|CCCCC(=O)OC{solv}{x=0.257500}>,CC(C)CC(C)(C)C,CCCCC(=O)OC,openff-2.1.0,2,0.7458717075502422,0.0001963013844497,0.7289800000000002,0.000505
22872,2082,dens_1260001645299629257,927,Density,<Substance CC(C)CC(C)(C)C{solv}{x=0.498400}|CCCCC(=O)OC{solv}{x=0.501600}>,CC(C)CC(C)(C)C,CCCCC(=O)OC,openff-2.1.0,2,0.7867360453376018,0.0002132107671168,0.7738400000000002,0.000505
22873,2083,dhmix_1505455794590867712,928,EnthalpyOfMixing,<Substance CC(C)CC(C)(C)C{solv}{x=0.158900}|CCCCC(=O)OC{solv}{x=0.841100}>,CC(C)CC(C)(C)C,CCCCC(=O)OC,openff-2.1.0,2,0.6464843163288734,0.0539516308127226,0.438,0.005
22874,2084,dhmix_1888614200283593194,929,EnthalpyOfMixing,<Substance CC(C)CC(C)(C)C{solv}{x=0.781300}|CCCCC(=O)OC{solv}{x=0.218700}>,CC(C)CC(C)(C)C,CCCCC(=O)OC,openff-2.1.0,2,1.197439975653765,0.050837656467141,0.658,0.007
22875,2085,dhmix_657900975986635712,930,EnthalpyOfMixing,<Substance Cc1ccccc1N{solv}{x=0.782700}|Cc1ccncc1{solv}{x=0.217300}>,Cc1ccccc1N,Cc1ccncc1,openff-2.1.0,2,-1.0974939314031715,0.0607932465495822,-0.8885,0.0182
22876,2086,dhmix_727678512066874384,931,EnthalpyOfMixing,<Substance Cc1ccccc1N{solv}{x=0.478300}|Cc1ccncc1{solv}{x=0.521700}>,Cc1ccccc1N,Cc1ccncc1,openff-2.1.0,2,-1.6822698628574742,0.0317905080381551,-1.4295,0.0291
22877,2087,dhmix_860941552641107708,932,EnthalpyOfMixing,<Substance Cc1ccccc1N{solv}{x=0.271500}|Cc1ccncc1{solv}{x=0.728500}>,Cc1ccccc1N,Cc1ccncc1,openff-2.1.0,2,-1.5166503120710075,0.0357520457117184,-1.1791,0.02405
22878,2088,dens_1148106102021344214,933,Density,<Substance Cc1ccccc1N{solv}{x=0.265500}|Cc1ccncc1{solv}{x=0.734500}>,Cc1ccccc1N,Cc1ccncc1,openff-2.1.0,2,0.971906195972609,0.0001637909846888,0.9662520000000002,0.00012
22879,2089,dens_1294189007890656769,934,Density,<Substance Cc1ccccc1N{solv}{x=0.486300}|Cc1ccncc1{solv}{x=0.513700}>,Cc1ccccc1N,Cc1ccncc1,openff-2.1.0,2,0.98804879183016,0.0001786903941396,0.9765780000000002,0.000119
22880,2090,dens_1461384477504239974,935,Density,<Substance Cc1ccccc1N{solv}{x=0.767400}|Cc1ccncc1{solv}{x=0.232600}>,Cc1ccccc1N,Cc1ccncc1,openff-2.1.0,2,1.0062138060106978,0.0004247515665846,0.9868740000000004,0.000118
22881,2091,dens_671712471159959715,936,Density,<Substance CCCCCCN{solv}{x=0.294400}|CN(C)C=O{solv}{x=0.705600}>,CCCCCCN,CN(C)C=O,openff-2.1.0,2,0.8634733862008912,0.000238977694911,0.8676880000000002,0.001057
22882,2092,dhmix_791979567859859400,937,EnthalpyOfMixing,<Substance CCCCCCN{solv}{x=0.747800}|CN(C)C=O{solv}{x=0.252200}>,CCCCCCN,CN(C)C=O,openff-2.1.0,2,0.2930061993581034,0.0491144772886064,0.461,0.015
22883,2093,dens_812907294215791908,938,Density,<Substance CCCCCCN{solv}{x=0.450000}|CN(C)C=O{solv}{x=0.550000}>,CCCCCCN,CN(C)C=O,openff-2.1.0,2,0.8396972513228874,0.0002231228918713,0.8367510000000001,0.001016
22884,2094,dhmix_1553880519684715156,939,EnthalpyOfMixing,<Substance CCCCCCN{solv}{x=0.249700}|CN(C)C=O{solv}{x=0.750300}>,CCCCCCN,CN(C)C=O,openff-2.1.0,2,0.3397330412345098,0.0403689045079833,0.51,0.0165
22885,2095,dens_1658157305664412923,940,Density,<Substance CCCCCCN{solv}{x=0.745200}|CN(C)C=O{solv}{x=0.254800}>,CCCCCCN,CN(C)C=O,openff-2.1.0,2,0.8033044541117349,0.0002091392525632,0.7905460000000002,0.0009575
22886,2096,dhmix_2271922176351407084,941,EnthalpyOfMixing,<Substance CCCCCCN{solv}{x=0.499700}|CN(C)C=O{solv}{x=0.500300}>,CCCCCCN,CN(C)C=O,openff-2.1.0,2,0.338196100098628,0.0459281027952345,0.661,0.02
22887,2097,dhmix_676105854791415053,942,EnthalpyOfMixing,<Substance C=C(C)[C@H]1CC=C(C)CC1{solv}{x=0.540000}|CCCCCO{solv}{x=0.460000}>,C=C(C)[C@H]1CC=C(C)CC1,CCCCCO,openff-2.1.0,2,1.0250066939337046,0.0415250658178045,0.858,0.0345
22888,2098,dhmix_865539540276734208,943,EnthalpyOfMixing,<Substance C=C(C)[C@H]1CC=C(C)CC1{solv}{x=0.766000}|CCCCCO{solv}{x=0.234000}>,C=C(C)[C@H]1CC=C(C)CC1,CCCCCO,openff-2.1.0,2,0.960406333027734,0.0541887034117982,0.782,0.0315
22889,2099,dens_1544700949225348296,944,Density,<Substance C=C(C)[C@H]1CC=C(C)CC1{solv}{x=0.263500}|CCCCCO{solv}{x=0.736500}>,C=C(C)[C@H]1CC=C(C)CC1,CCCCCO,openff-2.1.0,2,0.8181336872628001,0.0001985310524967,0.8238000000000002,0.0002
22890,2100,dens_1638649899512334435,945,Density,<Substance C=C(C)[C@H]1CC=C(C)CC1{solv}{x=0.543500}|CCCCCO{solv}{x=0.456500}>,C=C(C)[C@H]1CC=C(C)CC1,CCCCCO,openff-2.1.0,2,0.8199697152906975,0.0001948546952696,0.8312000000000003,0.0003
22891,2101,dens_2014432371647189246,946,Density,<Substance C=C(C)[C@H]1CC=C(C)CC1{solv}{x=0.725200}|CCCCCO{solv}{x=0.274800}>,C=C(C)[C@H]1CC=C(C)CC1,CCCCCO,openff-2.1.0,2,0.8217187185773414,0.000124549879463,0.8354000000000001,0.00035
22892,2102,dhmix_2293008983270202716,947,EnthalpyOfMixing,<Substance C=C(C)[C@H]1CC=C(C)CC1{solv}{x=0.272000}|CCCCCO{solv}{x=0.728000}>,C=C(C)[C@H]1CC=C(C)CC1,CCCCCO,openff-2.1.0,2,0.6589552389577875,0.0497196711785381,0.532,0.0215
22893,2103,dens_680086766431069719,948,Density,<Substance CN1CCNCC1{solv}{x=0.209100}|O{solv}{x=0.790900}>,CN1CCNCC1,O,openff-2.1.0,2,0.9971203024429556,0.0005139086370898,1.0013300000000005,4.000000000000001e-05
22894,2104,dhmix_979415629850644100,949,EnthalpyOfMixing,<Substance CN1CCNCC1{solv}{x=0.199800}|O{solv}{x=0.800200}>,CN1CCNCC1,O,openff-2.1.0,2,-3.324134430678676,0.0220288117965392,-4.495,0.048
22895,2105,dhmix_1386641258873877278,950,EnthalpyOfMixing,<Substance CN1CCNCC1{solv}{x=0.792600}|O{solv}{x=0.207400}>,CN1CCNCC1,O,openff-2.1.0,2,-1.2748890671947493,0.0447138025681266,-1.753,0.019
22896,2106,dhmix_1572121970391530461,951,EnthalpyOfMixing,<Substance CN1CCNCC1{solv}{x=0.550000}|O{solv}{x=0.450000}>,CN1CCNCC1,O,openff-2.1.0,2,-2.8504431061076048,0.0404520568881254,-3.547,0.038
22897,2107,dens_1756096179620961699,952,Density,<Substance CN1CCNCC1{solv}{x=0.510900}|O{solv}{x=0.489100}>,CN1CCNCC1,O,openff-2.1.0,2,0.976823254914608,0.0002602712600463,0.9464100000000002,7.000000000000002e-05
22898,2108,dens_1892970147583328629,953,Density,<Substance CN1CCNCC1{solv}{x=0.706500}|O{solv}{x=0.293500}>,CN1CCNCC1,O,openff-2.1.0,2,0.965420188305861,0.0002951108524271,0.9223100000000002,8.500000000000002e-05
22899,2109,dhmix_681274412655414068,954,EnthalpyOfMixing,<Substance CCCOC(=O)CC{solv}{x=0.739400}|Cc1ccccc1{solv}{x=0.260600}>,CCCOC(=O)CC,Cc1ccccc1,openff-2.1.0,2,-0.1309618343361194,0.0471537024169787,-0.1135,0.0033
22900,2110,dhmix_720914323963600437,955,EnthalpyOfMixing,<Substance CCCOC(=O)CC{solv}{x=0.238900}|Cc1ccccc1{solv}{x=0.761100}>,CCCOC(=O)CC,Cc1ccccc1,openff-2.1.0,2,-0.2726010239140493,0.0413840194520915,-0.1404,0.0037
22901,2111,dens_1397630560016316656,956,Density,<Substance CCCOC(=O)CC{solv}{x=0.274700}|Cc1ccccc1{solv}{x=0.725300}>,CCCOC(=O)CC,Cc1ccccc1,openff-2.1.0,2,0.862131738754703,0.0002265348773826,0.8675700000000003,0.00018
22902,2112,dhmix_1646061995263935606,957,EnthalpyOfMixing,<Substance CCCOC(=O)CC{solv}{x=0.548600}|Cc1ccccc1{solv}{x=0.451400}>,CCCOC(=O)CC,Cc1ccccc1,openff-2.1.0,2,-0.2158948282945587,0.0463541143206295,-0.1583,0.004
22903,2113,dens_1792064777238352129,958,Density,<Substance CCCOC(=O)CC{solv}{x=0.490700}|Cc1ccccc1{solv}{x=0.509300}>,CCCOC(=O)CC,Cc1ccccc1,openff-2.1.0,2,0.8680069868759877,0.0002408601722828,0.8707300000000002,0.00019
22904,2114,dens_1826904081955826008,959,Density,<Substance CCCOC(=O)CC{solv}{x=0.734600}|Cc1ccccc1{solv}{x=0.265400}>,CCCOC(=O)CC,Cc1ccccc1,openff-2.1.0,2,0.8737288672843606,0.0002268449819841,0.8734100000000001,0.00021
22905,2115,dens_685747331874801159,960,Density,<Substance CN1CCOCC1{solv}{x=0.498300}|O{solv}{x=0.501700}>,CN1CCOCC1,O,openff-2.1.0,2,0.976626764803978,0.0002540410266502,0.9627600000000002,0.00084
22906,2116,dens_1087644349445114282,961,Density,<Substance CN1CCOCC1{solv}{x=0.253800}|O{solv}{x=0.746200}>,CN1CCOCC1,O,openff-2.1.0,2,0.9844171699790986,0.0003435434066416,0.9918800000000002,0.00059
22907,2117,dens_1374975991061431070,962,Density,<Substance CN1CCOCC1{solv}{x=0.758700}|O{solv}{x=0.241300}>,CN1CCOCC1,O,openff-2.1.0,2,0.9654833692470496,0.0002127805860952,0.9345300000000002,0.00112
22908,2118,dhmix_686592400130667234,963,EnthalpyOfMixing,<Substance BrCCCBr{solv}{x=0.231300}|COC(C)=O{solv}{x=0.768700}>,BrCCCBr,COC(C)=O,openff-2.1.0,2,0.3087480665076612,0.0360620303369367,0.2115,0.0024
22909,2119,dhmix_691866222529030049,964,EnthalpyOfMixing,<Substance BrCCCBr{solv}{x=0.504200}|COC(C)=O{solv}{x=0.495800}>,BrCCCBr,COC(C)=O,openff-2.1.0,2,0.2244850718157049,0.0332668343734793,0.3912,0.0038
22910,2120,dens_1032175440351342196,965,Density,<Substance BrCCCBr{solv}{x=0.243500}|COC(C)=O{solv}{x=0.756500}>,BrCCCBr,COC(C)=O,openff-2.1.0,2,1.230995130698454,0.0003661104137225,1.2277600000000002,0.00096
22911,2121,dens_1180265274183315765,966,Density,<Substance BrCCCBr{solv}{x=0.713800}|COC(C)=O{solv}{x=0.286200}>,BrCCCBr,COC(C)=O,openff-2.1.0,2,1.6868631937661178,0.0004783069337057,1.7174300000000005,0.002745
22912,2122,dhmix_1380172638999588939,967,EnthalpyOfMixing,<Substance BrCCCBr{solv}{x=0.759400}|COC(C)=O{solv}{x=0.240600}>,BrCCCBr,COC(C)=O,openff-2.1.0,2,0.1612613940936675,0.0365564607040211,0.313,0.0032
22913,2123,dens_1697077234757321859,968,Density,<Substance BrCCCBr{solv}{x=0.525600}|COC(C)=O{solv}{x=0.474400}>,BrCCCBr,COC(C)=O,openff-2.1.0,2,1.518686124103208,0.000426013950521,1.5338800000000006,0.001965
22914,2124,dens_693154680723850561,969,Density,<Substance CN1CCCC1=O{solv}{x=0.756400}|Cc1ccccc1{solv}{x=0.243600}>,CN1CCCC1=O,Cc1ccccc1,openff-2.1.0,2,0.9623096081232017,0.0002223705521236,0.9854500000000004,0.00034
22915,2125,dhmix_1759507684169085916,970,EnthalpyOfMixing,<Substance CN1CCCC1=O{solv}{x=0.741800}|Cc1ccccc1{solv}{x=0.258200}>,CN1CCCC1=O,Cc1ccccc1,openff-2.1.0,2,-0.0082406677288915,0.04303095345044,-0.2141,0.0024
22916,2126,dens_1796497685752507694,971,Density,<Substance CN1CCCC1=O{solv}{x=0.481500}|Cc1ccccc1{solv}{x=0.518500}>,CN1CCCC1=O,Cc1ccccc1,openff-2.1.0,2,0.9220552194029296,0.000249296187938,0.9415400000000002,0.00028
22917,2127,dhmix_1857599089574133884,972,EnthalpyOfMixing,<Substance CN1CCCC1=O{solv}{x=0.223100}|Cc1ccccc1{solv}{x=0.776900}>,CN1CCCC1=O,Cc1ccccc1,openff-2.1.0,2,-0.0462820683984617,0.0380435059245702,-0.1889,0.00215
22918,2128,dens_1886489466266398819,973,Density,<Substance CN1CCCC1=O{solv}{x=0.221600}|Cc1ccccc1{solv}{x=0.778400}>,CN1CCCC1=O,Cc1ccccc1,openff-2.1.0,2,0.8926603832694356,0.0002405373183649,0.9061600000000002,0.00076
22919,2129,dhmix_2238554893157725289,974,EnthalpyOfMixing,<Substance CN1CCCC1=O{solv}{x=0.482100}|Cc1ccccc1{solv}{x=0.517900}>,CN1CCCC1=O,Cc1ccccc1,openff-2.1.0,2,-0.1180552839466528,0.0436286085556642,-0.2985,0.0033
22920,2130,dens_717951284355382404,975,Density,<Substance CN1CCCC1=O{solv}{x=0.702300}|ClCCCCCCCl{solv}{x=0.297700}>,CN1CCCC1=O,ClCCCCCCCl,openff-2.1.0,2,1.0268142482956906,0.0002041660433099,1.0416,0.0003
22921,2131,dhmix_859697969059379656,976,EnthalpyOfMixing,<Substance CN1CCCC1=O{solv}{x=0.503000}|ClCCCCCCCl{solv}{x=0.497000}>,CN1CCCC1=O,ClCCCCCCCl,openff-2.1.0,2,0.2980731295435532,0.0451617321704108,-0.2,0.0025
22922,2132,dhmix_916885053388204545,977,EnthalpyOfMixing,<Substance CN1CCCC1=O{solv}{x=0.212000}|ClCCCCCCCl{solv}{x=0.788000}>,CN1CCCC1=O,ClCCCCCCCl,openff-2.1.0,2,0.1290360921966851,0.0404911030170966,-0.13,0.002
22923,2133,dens_1483670447992291960,978,Density,<Substance CN1CCCC1=O{solv}{x=0.201600}|ClCCCCCCCl{solv}{x=0.798400}>,CN1CCCC1=O,ClCCCCCCCl,openff-2.1.0,2,1.0573899436496776,0.000248704290938,1.0584000000000005,0.00055
22924,2134,dens_1896555095774116819,979,Density,<Substance CN1CCCC1=O{solv}{x=0.504900}|ClCCCCCCCl{solv}{x=0.495100}>,CN1CCCC1=O,ClCCCCCCCl,openff-2.1.0,2,1.0405306528024203,0.0002181455888697,1.0490000000000002,0.00035
22925,2135,dhmix_2039443272323887912,980,EnthalpyOfMixing,<Substance CN1CCCC1=O{solv}{x=0.797000}|ClCCCCCCCl{solv}{x=0.203000}>,CN1CCCC1=O,ClCCCCCCCl,openff-2.1.0,2,0.200686636755563,0.0467315252998927,-0.123,0.002
22926,2136,dhmix_729169544598225866,981,EnthalpyOfMixing,<Substance CN(C)C=O{solv}{x=0.203000}|ClCCCCCCCl{solv}{x=0.797000}>,CN(C)C=O,ClCCCCCCCl,openff-2.1.0,2,0.4427773238303416,0.0376378196300032,0.195,0.0025
22927,2137,dhmix_1359105787212172230,982,EnthalpyOfMixing,<Substance CN(C)C=O{solv}{x=0.796000}|ClCCCCCCCl{solv}{x=0.204000}>,CN(C)C=O,ClCCCCCCCl,openff-2.1.0,2,0.4633061356073824,0.0402343303045284,0.24,0.0025
22928,2138,dhmix_1534380829757525169,983,EnthalpyOfMixing,<Substance CN(C)C=O{solv}{x=0.498000}|ClCCCCCCCl{solv}{x=0.502000}>,CN(C)C=O,ClCCCCCCCl,openff-2.1.0,2,0.7123836607718772,0.0424946489974065,0.34,0.0025
22929,2139,dens_1752369236407148840,984,Density,<Substance CN(C)C=O{solv}{x=0.503300}|ClCCCCCCCl{solv}{x=0.496700}>,CN(C)C=O,ClCCCCCCCl,openff-2.1.0,2,1.0115371713417909,0.0002494257537787,1.0190000000000003,0.00155
22930,2140,dens_2070195997725277466,985,Density,<Substance CN(C)C=O{solv}{x=0.703400}|ClCCCCCCCl{solv}{x=0.296600}>,CN(C)C=O,ClCCCCCCCl,openff-2.1.0,2,0.9808592933553582,0.0002267683940319,0.9943000000000002,0.0017
22931,2141,dens_2171945276872385012,986,Density,<Substance CN(C)C=O{solv}{x=0.201300}|ClCCCCCCCl{solv}{x=0.798700}>,CN(C)C=O,ClCCCCCCCl,openff-2.1.0,2,1.0466082684371485,0.000229670085129,1.0486000000000002,0.0014
22932,2142,dens_741100297092592576,987,Density,<Substance C1CCCCC1{solv}{x=0.265900}|C1CCOCC1{solv}{x=0.734100}>,C1CCCCC1,C1CCOCC1,openff-2.1.0,2,0.8389176146721945,0.0002246874054107,0.8470300000000002,0.000505
22933,2143,dens_1002639246322609242,988,Density,<Substance C1CCCCC1{solv}{x=0.762200}|C1CCOCC1{solv}{x=0.237800}>,C1CCCCC1,C1CCOCC1,openff-2.1.0,2,0.7811507648289002,0.0002344663243687,0.7952000000000002,0.000505
22934,2144,dhmix_1171155554844966705,989,EnthalpyOfMixing,<Substance C1CCCCC1{solv}{x=0.247100}|C1CCOCC1{solv}{x=0.752900}>,C1CCCCC1,C1CCOCC1,openff-2.1.0,2,0.5418136969106087,0.0406261914165676,0.3613,0.00395
22935,2145,dens_2142973677177666085,990,Density,<Substance C1CCCCC1{solv}{x=0.501800}|C1CCOCC1{solv}{x=0.498200}>,C1CCCCC1,C1CCOCC1,openff-2.1.0,2,0.8099782627697026,0.0002083104579474,0.8211500000000002,0.000505
22936,2146,dhmix_2195791820105752985,991,EnthalpyOfMixing,<Substance C1CCCCC1{solv}{x=0.726600}|C1CCOCC1{solv}{x=0.273400}>,C1CCCCC1,C1CCOCC1,openff-2.1.0,2,0.6238308866579132,0.0474761263731153,0.4424,0.00485
22937,2147,dhmix_2296999979529762407,992,EnthalpyOfMixing,<Substance C1CCCCC1{solv}{x=0.499000}|C1CCOCC1{solv}{x=0.501000}>,C1CCCCC1,C1CCOCC1,openff-2.1.0,2,0.6103533718716818,0.0452190807191755,0.526,0.0055
22938,2148,dhmix_744994939606384802,993,EnthalpyOfMixing,<Substance CO{solv}{x=0.300000}|O{solv}{x=0.700000}>,CO,O,openff-2.1.0,2,0.1031423654087007,0.0222634855830124,-0.85,0.005
22939,2149,dens_1085345433585028387,994,Density,<Substance CO{solv}{x=0.499700}|O{solv}{x=0.500300}>,CO,O,openff-2.1.0,2,0.841563720778653,0.0004477862454392,0.8816900000000003,0.000165
22940,2150,dhmix_1126710771921470495,995,EnthalpyOfMixing,<Substance CO{solv}{x=0.700000}|O{solv}{x=0.300000}>,CO,O,openff-2.1.0,2,0.0383221904859905,0.025072519420845,-0.583,0.0035
22941,2151,dens_1258832080354057572,996,Density,<Substance CO{solv}{x=0.300300}|O{solv}{x=0.699700}>,CO,O,openff-2.1.0,2,0.8867087986391323,0.0005423623122453,0.9252100000000004,0.000125
22942,2152,dens_1758371820245200558,997,Density,<Substance CO{solv}{x=0.760500}|O{solv}{x=0.239500}>,CO,O,openff-2.1.0,2,0.7989879072218624,0.0003154030970442,0.8289000000000002,0.0001
22943,2153,dhmix_1824296469249495553,998,EnthalpyOfMixing,<Substance CO{solv}{x=0.500000}|O{solv}{x=0.500000}>,CO,O,openff-2.1.0,2,0.117365024684064,0.0228090344185505,-0.777,0.0045
22944,2154,dhmix_753952445434773754,999,EnthalpyOfMixing,<Substance CCCCCCCCCl{solv}{x=0.493000}|CN1CCCC1=O{solv}{x=0.507000}>,CCCCCCCCCl,CN1CCCC1=O,openff-2.1.0,2,1.175321748040318,0.0462736050197159,0.638,0.0035
22945,2155,dhmix_1273186684325800862,1000,EnthalpyOfMixing,<Substance CCCCCCCCCl{solv}{x=0.783000}|CN1CCCC1=O{solv}{x=0.217000}>,CCCCCCCCCl,CN1CCCC1=O,openff-2.1.0,2,0.8287939833516873,0.0561839208563264,0.371,0.003
22946,2156,dhmix_1457789704046029008,1001,EnthalpyOfMixing,<Substance CCCCCCCCCl{solv}{x=0.202000}|CN1CCCC1=O{solv}{x=0.798000}>,CCCCCCCCCl,CN1CCCC1=O,openff-2.1.0,2,0.8382275585032559,0.0417153185841234,0.5,0.0035
22947,2157,dens_1965529278608066299,1002,Density,<Substance CCCCCCCCCl{solv}{x=0.299500}|CN1CCCC1=O{solv}{x=0.700500}>,CCCCCCCCCl,CN1CCCC1=O,openff-2.1.0,2,0.9453673495392104,0.0002019811743584,0.9598000000000002,0.00025
22948,2158,dens_2167805246575708222,1003,Density,<Substance CCCCCCCCCl{solv}{x=0.798600}|CN1CCCC1=O{solv}{x=0.201400}>,CCCCCCCCCl,CN1CCCC1=O,openff-2.1.0,2,0.8840431359479342,0.0001785667638064,0.8888000000000001,0.00055
22949,2159,dens_2177162670107081086,1004,Density,<Substance CCCCCCCCCl{solv}{x=0.497900}|CN1CCCC1=O{solv}{x=0.502100}>,CCCCCCCCCl,CN1CCCC1=O,openff-2.1.0,2,0.9175562819228132,0.0002305353715945,0.9269000000000002,0.00035
22950,2160,dhmix_756380521637559100,1005,EnthalpyOfMixing,<Substance C1COCCO1{solv}{x=0.500000}|O=C1CCCCC1{solv}{x=0.500000}>,C1COCCO1,O=C1CCCCC1,openff-2.1.0,2,0.2632510108072097,0.0406122990394126,0.28584,0.00154
22951,2161,dens_1139761443535371798,1006,Density,<Substance C1COCCO1{solv}{x=0.459400}|O=C1CCCCC1{solv}{x=0.540600}>,C1COCCO1,O=C1CCCCC1,openff-2.1.0,2,0.9665670112085112,0.0001793529310213,0.9762000000000004,0.00025
22952,2162,dhmix_1367833850972054360,1007,EnthalpyOfMixing,<Substance C1COCCO1{solv}{x=0.750000}|O=C1CCCCC1{solv}{x=0.250000}>,C1COCCO1,O=C1CCCCC1,openff-2.1.0,2,0.1884014526874295,0.0444115910776768,0.23662,0.001355
22953,2163,dhmix_1533665710565492443,1008,EnthalpyOfMixing,<Substance C1COCCO1{solv}{x=0.250000}|O=C1CCCCC1{solv}{x=0.750000}>,C1COCCO1,O=C1CCCCC1,openff-2.1.0,2,0.0842177737345508,0.0437998076270943,0.20076,0.00121
22954,2164,dens_1556646832168598904,1009,Density,<Substance C1COCCO1{solv}{x=0.797800}|O=C1CCCCC1{solv}{x=0.202200}>,C1COCCO1,O=C1CCCCC1,openff-2.1.0,2,1.0082370660438005,0.0001772074617635,1.0062000000000002,0.00025
22955,2165,dens_1806066395455679216,1010,Density,<Substance C1COCCO1{solv}{x=0.272000}|O=C1CCCCC1{solv}{x=0.728000}>,C1COCCO1,O=C1CCCCC1,openff-2.1.0,2,0.9463795424399636,0.000246460403584,0.9614000000000004,0.00025
22956,2166,dhmix_781473821930081125,1011,EnthalpyOfMixing,<Substance CCOc1ccccc1{solv}{x=0.765100}|OCc1ccccc1{solv}{x=0.234900}>,CCOc1ccccc1,OCc1ccccc1,openff-2.1.0,2,0.8105114605957766,0.0527053971719928,1.083,0.0116
22957,2167,dhmix_966435122735090568,1012,EnthalpyOfMixing,<Substance CCOc1ccccc1{solv}{x=0.063600}|OCc1ccccc1{solv}{x=0.936400}>,CCOc1ccccc1,OCc1ccccc1,openff-2.1.0,2,0.2331748143726315,0.0553353178947021,0.1901,0.00225
22958,2168,dens_1184318999137642715,1013,Density,<Substance CCOc1ccccc1{solv}{x=0.064200}|OCc1ccccc1{solv}{x=0.935800}>,CCOc1ccccc1,OCc1ccccc1,openff-2.1.0,2,1.0245811667996236,0.0001990470464952,1.02761,0.00011
22959,2169,dhmix_1518701992890040137,1014,EnthalpyOfMixing,<Substance CCOc1ccccc1{solv}{x=0.549900}|OCc1ccccc1{solv}{x=0.450100}>,CCOc1ccccc1,OCc1ccccc1,openff-2.1.0,2,0.8743406230619399,0.0418543936487029,1.0561,0.01135
22960,2170,dens_1575045736805268459,1015,Density,<Substance CCOc1ccccc1{solv}{x=0.459800}|OCc1ccccc1{solv}{x=0.540200}>,CCOc1ccccc1,OCc1ccccc1,openff-2.1.0,2,0.987537811378261,0.0002320720021325,0.9925100000000002,0.00016
22961,2171,dens_2214650701288997434,1016,Density,<Substance CCOc1ccccc1{solv}{x=0.757200}|OCc1ccccc1{solv}{x=0.242800}>,CCOc1ccccc1,OCc1ccccc1,openff-2.1.0,2,0.9646428062323652,0.0001428631843104,0.9686500000000002,0.000215
22962,2172,dens_800807749587668066,1017,Density,<Substance C1CCOCC1{solv}{x=0.733600}|c1ccncc1{solv}{x=0.266400}>,C1CCOCC1,c1ccncc1,openff-2.1.0,2,0.890579272359054,0.0002119747279634,0.8933350000000002,0.000358
22963,2173,dhmix_836757145941804043,1018,EnthalpyOfMixing,<Substance C1CCOCC1{solv}{x=0.291500}|c1ccncc1{solv}{x=0.708500}>,C1CCOCC1,c1ccncc1,openff-2.1.0,2,0.1113645403604213,0.0418967114684002,0.0898,0.00095
22964,2174,dhmix_1003039131395935786,1019,EnthalpyOfMixing,<Substance C1CCOCC1{solv}{x=0.536300}|c1ccncc1{solv}{x=0.463700}>,C1CCOCC1,c1ccncc1,openff-2.1.0,2,0.1261428725391482,0.039312239657034,0.1573,0.0013
22965,2175,dens_1859030547600172702,1020,Density,<Substance C1CCOCC1{solv}{x=0.241500}|c1ccncc1{solv}{x=0.758500}>,C1CCOCC1,c1ccncc1,openff-2.1.0,2,0.952540355660844,0.0002728607922166,0.9525650000000004,0.000212
22966,2176,dhmix_2191254706131659314,1021,EnthalpyOfMixing,<Substance C1CCOCC1{solv}{x=0.734400}|c1ccncc1{solv}{x=0.265600}>,C1CCOCC1,c1ccncc1,openff-2.1.0,2,0.0806401654842403,0.0418953614503757,0.1564,0.0013
22967,2177,dens_2239470871208865925,1022,Density,<Substance C1CCOCC1{solv}{x=0.536400}|c1ccncc1{solv}{x=0.463600}>,C1CCOCC1,c1ccncc1,openff-2.1.0,2,0.9099588571717498,0.0001752785843337,0.9124250000000002,0.0002965
22968,2178,dens_801655585640229277,1023,Density,<Substance C1CCOCC1{solv}{x=0.777600}|CCCC(C)=O{solv}{x=0.222400}>,C1CCOCC1,CCCC(C)=O,openff-2.1.0,2,0.8524729091917526,0.0002373197840674,0.8602600000000002,0.000225
22969,2179,dhmix_1175081460677389458,1024,EnthalpyOfMixing,<Substance C1CCOCC1{solv}{x=0.250000}|CCCC(C)=O{solv}{x=0.750000}>,C1CCOCC1,CCCC(C)=O,openff-2.1.0,2,0.0918259841529263,0.0434091183160005,0.06014,0.00063
22970,2180,dens_1481139606755572767,1025,Density,<Substance C1CCOCC1{solv}{x=0.236100}|CCCC(C)=O{solv}{x=0.763900}>,C1CCOCC1,CCCC(C)=O,openff-2.1.0,2,0.8026313132721592,0.0002294795955951,0.8183900000000002,0.000215
22971,2181,dhmix_1531586108535895092,1026,EnthalpyOfMixing,<Substance C1CCOCC1{solv}{x=0.750000}|CCCC(C)=O{solv}{x=0.250000}>,C1CCOCC1,CCCC(C)=O,openff-2.1.0,2,0.1844657681609689,0.0420486171066817,0.08245,0.000715
22972,2182,dhmix_2074691820693967219,1027,EnthalpyOfMixing,<Substance C1CCOCC1{solv}{x=0.500000}|CCCC(C)=O{solv}{x=0.500000}>,C1CCOCC1,CCCC(C)=O,openff-2.1.0,2,0.1397868391632712,0.0423410067185688,0.09128,0.000745
22973,2183,dens_2180187104403779312,1028,Density,<Substance C1CCOCC1{solv}{x=0.504600}|CCCC(C)=O{solv}{x=0.495400}>,C1CCOCC1,CCCC(C)=O,openff-2.1.0,2,0.8269821523356051,0.0002421004633252,0.8386000000000002,0.00022
22974,2184,dhmix_814516627068967115,1029,EnthalpyOfMixing,<Substance CCCOC=O{solv}{x=0.230800}|ClCCCCl{solv}{x=0.769200}>,CCCOC=O,ClCCCCl,openff-2.1.0,2,0.1670080186074471,0.03849126571965,-0.054,0.001
22975,2185,dens_853749747181024442,1030,Density,<Substance CCCOC=O{solv}{x=0.525500}|ClCCCCl{solv}{x=0.474500}>,CCCOC=O,ClCCCCl,openff-2.1.0,2,1.040345778541253,0.0002988948482788,1.0302400000000005,0.00176
22976,2186,dhmix_1623640482466530427,1031,EnthalpyOfMixing,<Substance CCCOC=O{solv}{x=0.750900}|ClCCCCl{solv}{x=0.249100}>,CCCOC=O,ClCCCCl,openff-2.1.0,2,0.229997464416261,0.0400258047505479,-0.088,0.001
22977,2187,dens_1998603470347754754,1032,Density,<Substance CCCOC=O{solv}{x=0.233600}|ClCCCCl{solv}{x=0.766400}>,CCCOC=O,ClCCCCl,openff-2.1.0,2,1.111329698100627,0.0003463418693397,1.1122200000000002,0.00274
22978,2188,dhmix_2003217087101692001,1033,EnthalpyOfMixing,<Substance CCCOC=O{solv}{x=0.514500}|ClCCCCl{solv}{x=0.485500}>,CCCOC=O,ClCCCCl,openff-2.1.0,2,0.3934985776830899,0.0392359994593256,-0.114,0.0015
22979,2189,dens_2020761603812222512,1034,Density,<Substance CCCOC=O{solv}{x=0.763600}|ClCCCCl{solv}{x=0.236400}>,CCCOC=O,ClCCCCl,openff-2.1.0,2,0.9817667083684924,0.0002664721525617,0.9644500000000004,0.00119
22980,2190,dens_828893303895070246,1035,Density,<Substance C1CCCCC1{solv}{x=0.249800}|CCCCCCCC{solv}{x=0.750200}>,C1CCCCC1,CCCCCCCC,openff-2.1.0,2,0.7027975599151837,0.0001725854938252,0.7110900000000002,0.000605
22981,2191,dhmix_1288938247372010686,1036,EnthalpyOfMixing,<Substance C1CCCCC1{solv}{x=0.751300}|CCCCCCCC{solv}{x=0.248700}>,C1CCCCC1,CCCCCCCC,openff-2.1.0,2,0.2553883469329037,0.0462086020219429,0.23,0.005
22982,2192,dens_1398337515687242649,1037,Density,<Substance C1CCCCC1{solv}{x=0.477700}|CCCCCCCC{solv}{x=0.522300}>,C1CCCCC1,CCCCCCCC,openff-2.1.0,2,0.7150798607895135,0.0002070858489198,0.7250300000000002,0.000585
22983,2193,dhmix_1429498464152515756,1038,EnthalpyOfMixing,<Substance C1CCCCC1{solv}{x=0.532400}|CCCCCCCC{solv}{x=0.467600}>,C1CCCCC1,CCCCCCCC,openff-2.1.0,2,0.2531506293827732,0.0455336012296931,0.258,0.005
22984,2194,dens_2267960821195706299,1039,Density,<Substance C1CCCCC1{solv}{x=0.796100}|CCCCCCCC{solv}{x=0.203900}>,C1CCCCC1,CCCCCCCC,openff-2.1.0,2,0.7371076270382944,0.0002089178486641,0.7509700000000002,0.00055
22985,2195,dhmix_2289023418386220795,1040,EnthalpyOfMixing,<Substance C1CCCCC1{solv}{x=0.274400}|CCCCCCCC{solv}{x=0.725600}>,C1CCCCC1,CCCCCCCC,openff-2.1.0,2,0.1651048796283589,0.0504088232477577,0.18,0.005
22986,2196,dens_848374876759596361,1041,Density,<Substance CC(C)OC(C)C{solv}{x=0.284600}|CCCCCl{solv}{x=0.715400}>,CC(C)OC(C)C,CCCCCl,openff-2.1.0,2,0.8238006294677405,0.0002803174845377,0.8263210000000002,0.000365
22987,2197,dens_917492506874956672,1042,Density,<Substance CC(C)OC(C)C{solv}{x=0.808200}|CCCCCl{solv}{x=0.191800}>,CC(C)OC(C)C,CCCCCl,openff-2.1.0,2,0.7612397150037384,0.0002271259734491,0.7440910000000002,0.000448
22988,2198,dhmix_1107367594793013993,1043,EnthalpyOfMixing,<Substance CC(C)OC(C)C{solv}{x=0.272700}|CCCCCl{solv}{x=0.727300}>,CC(C)OC(C)C,CCCCCl,openff-2.1.0,2,-0.2579619245155555,0.04094827871906,-0.0785,0.001
22989,2199,dhmix_1310204607958463222,1044,EnthalpyOfMixing,<Substance CC(C)OC(C)C{solv}{x=0.454700}|CCCCCl{solv}{x=0.545300}>,CC(C)OC(C)C,CCCCCl,openff-2.1.0,2,-0.1457700747820638,0.0384418907526493,-0.0954,0.0012
22990,2200,dhmix_1605157292498138629,1045,EnthalpyOfMixing,<Substance CC(C)OC(C)C{solv}{x=0.727400}|CCCCCl{solv}{x=0.272600}>,CC(C)OC(C)C,CCCCCl,openff-2.1.0,2,-0.1455644718113262,0.0463884181391154,-0.0732,0.00095
22991,2201,dens_1927916489732771888,1046,Density,<Substance CC(C)OC(C)C{solv}{x=0.484000}|CCCCCl{solv}{x=0.516000}>,CC(C)OC(C)C,CCCCCl,openff-2.1.0,2,0.7977474338845028,0.0002387510624841,0.7925060000000002,0.0004005
22992,2202,dens_860008765681738590,1047,Density,<Substance CN(CCO)CCO{solv}{x=0.231260}|c1ccncc1{solv}{x=0.768740}>,CN(CCO)CCO,c1ccncc1,openff-2.1.0,2,0.9998325642267616,0.0002103715956954,0.9906030000000002,0.0001015
22993,2203,dens_1253280811379348869,1048,Density,<Substance CN(CCO)CCO{solv}{x=0.670000}|c1ccncc1{solv}{x=0.330000}>,CN(CCO)CCO,c1ccncc1,openff-2.1.0,2,1.028791683094125,0.0003653397509264,1.0161020000000005,0.000102
22994,2204,dhmix_1381513140604048573,1049,EnthalpyOfMixing,<Substance CN(CCO)CCO{solv}{x=0.473760}|c1ccncc1{solv}{x=0.526240}>,CN(CCO)CCO,c1ccncc1,openff-2.1.0,2,0.1506603971797488,0.0462300918393337,-0.093,0.001
22995,2205,dens_1460709448836415360,1050,Density,<Substance CN(CCO)CCO{solv}{x=0.473530}|c1ccncc1{solv}{x=0.526470}>,CN(CCO)CCO,c1ccncc1,openff-2.1.0,2,1.0168036225530837,0.0002694039591763,1.0044450000000005,0.0001015
22996,2206,dhmix_2085036308089359597,1051,EnthalpyOfMixing,<Substance CN(CCO)CCO{solv}{x=0.230610}|c1ccncc1{solv}{x=0.769390}>,CN(CCO)CCO,c1ccncc1,openff-2.1.0,2,0.2600564251532162,0.0419545254468001,-0.032,0.001
22997,2207,dhmix_2287943921901918379,1052,EnthalpyOfMixing,<Substance CN(CCO)CCO{solv}{x=0.669580}|c1ccncc1{solv}{x=0.330420}>,CN(CCO)CCO,c1ccncc1,openff-2.1.0,2,0.2863267691241589,0.0418295262958492,-0.12,0.0015
22998,2208,dens_929806754028972955,1053,Density,<Substance CCCC(=O)OC{solv}{x=0.695800}|COC(C)=O{solv}{x=0.304200}>,CCCC(=O)OC,COC(C)=O,openff-2.1.0,2,0.9049722398250356,0.0002473088138176,0.8997600000000002,0.000505
22999,2209,dhmix_1093843275803987368,1054,EnthalpyOfMixing,<Substance CCCC(=O)OC{solv}{x=0.482200}|COC(C)=O{solv}{x=0.517800}>,CCCC(=O)OC,COC(C)=O,openff-2.1.0,2,0.009452648292914,0.0366448183317713,0.151,0.002
23000,2210,dens_1187818937240241755,1055,Density,<Substance CCCC(=O)OC{solv}{x=0.253600}|COC(C)=O{solv}{x=0.746400}>,CCCC(=O)OC,COC(C)=O,openff-2.1.0,2,0.9244413330708304,0.000262582038754,0.9147400000000002,0.000505
23001,2211,dens_1462283017082249050,1056,Density,<Substance CCCC(=O)OC{solv}{x=0.545600}|COC(C)=O{solv}{x=0.454400}>,CCCC(=O)OC,COC(C)=O,openff-2.1.0,2,0.9110998768173918,0.0002422544544754,0.9041900000000004,0.000505
23002,2212,dhmix_1514470349370367756,1057,EnthalpyOfMixing,<Substance CCCC(=O)OC{solv}{x=0.226000}|COC(C)=O{solv}{x=0.774000}>,CCCC(=O)OC,COC(C)=O,openff-2.1.0,2,0.0491896423532693,0.0424800854850313,0.102,0.0015
23003,2213,dhmix_1615966506855005599,1058,EnthalpyOfMixing,<Substance CCCC(=O)OC{solv}{x=0.695800}|COC(C)=O{solv}{x=0.304200}>,CCCC(=O)OC,COC(C)=O,openff-2.1.0,2,-0.0056103159995153,0.0433348890198042,0.122,0.0015
23004,2214,dens_931039395662625393,1059,Density,<Substance BrCCBr{solv}{x=0.510700}|CCOC=O{solv}{x=0.489300}>,BrCCBr,CCOC=O,openff-2.1.0,2,1.587937076886463,0.0004507510489315,1.5742900000000004,0.00125
23005,2215,dhmix_1379448524788285045,1060,EnthalpyOfMixing,<Substance BrCCBr{solv}{x=0.503000}|CCOC=O{solv}{x=0.497000}>,BrCCBr,CCOC=O,openff-2.1.0,2,0.2274922849630698,0.0316389445772758,0.404,0.0054
23006,2216,dhmix_1589211680683586133,1061,EnthalpyOfMixing,<Substance BrCCBr{solv}{x=0.247500}|CCOC=O{solv}{x=0.752500}>,BrCCBr,CCOC=O,openff-2.1.0,2,0.1065173263062284,0.0353227684440869,0.2492,0.0035
23007,2217,dens_1816072583621776909,1062,Density,<Substance BrCCBr{solv}{x=0.282500}|CCOC=O{solv}{x=0.717500}>,BrCCBr,CCOC=O,openff-2.1.0,2,1.3125906902345252,0.0003828631459178,1.2851500000000005,0.00131
23008,2218,dens_1857279480363338972,1063,Density,<Substance BrCCBr{solv}{x=0.750600}|CCOC=O{solv}{x=0.249400}>,BrCCBr,CCOC=O,openff-2.1.0,2,1.8607436101878736,0.0006724358286462,1.8698300000000003,0.000995
23009,2219,dhmix_2225135654541562913,1064,EnthalpyOfMixing,<Substance BrCCBr{solv}{x=0.734600}|CCOC=O{solv}{x=0.265400}>,BrCCBr,CCOC=O,openff-2.1.0,2,0.2835379953723667,0.0309668679402784,0.3604,0.00485
23010,2220,dhmix_933824509566848172,1065,EnthalpyOfMixing,<Substance C1COCO1{solv}{x=0.350000}|CCCC(C)=O{solv}{x=0.650000}>,C1COCO1,CCCC(C)=O,openff-2.1.0,2,0.2457939172333638,0.036704692858018,0.17755,0.001095
23011,2221,dens_1326756646981901590,1066,Density,<Substance C1COCO1{solv}{x=0.717400}|CCCC(C)=O{solv}{x=0.282600}>,C1COCO1,CCCC(C)=O,openff-2.1.0,2,0.9801674300309182,0.0002450477076673,0.9625500000000002,0.000245
23012,2222,dhmix_1386053902220878259,1067,EnthalpyOfMixing,<Substance C1COCO1{solv}{x=0.500000}|CCCC(C)=O{solv}{x=0.500000}>,C1COCO1,CCCC(C)=O,openff-2.1.0,2,0.3097381705609194,0.0409557480095296,0.21077,0.00122
23013,2223,dens_1490997112604690080,1068,Density,<Substance C1COCO1{solv}{x=0.349900}|CCCC(C)=O{solv}{x=0.650100}>,C1COCO1,CCCC(C)=O,openff-2.1.0,2,0.8650542824406705,0.0002265901154327,0.8687200000000003,0.00022
23014,2224,dens_1979377813631413053,1069,Density,<Substance C1COCO1{solv}{x=0.516900}|CCCC(C)=O{solv}{x=0.483100}>,C1COCO1,CCCC(C)=O,openff-2.1.0,2,0.9130719756160092,0.0002153790500572,0.9078200000000004,0.00023
23015,2225,dhmix_2113009728753201792,1070,EnthalpyOfMixing,<Substance C1COCO1{solv}{x=0.750000}|CCCC(C)=O{solv}{x=0.250000}>,C1COCO1,CCCC(C)=O,openff-2.1.0,2,0.2741741328664346,0.0376958033947302,0.17046,0.00107
23016,2226,dhmix_962524540250306235,1071,EnthalpyOfMixing,<Substance Cc1ccccc1N{solv}{x=0.268100}|c1ccncc1{solv}{x=0.731900}>,Cc1ccccc1N,c1ccncc1,openff-2.1.0,2,-1.6414248572800858,0.0408842559822638,-0.8915,0.0182
23017,2227,dhmix_1000930562998604270,1072,EnthalpyOfMixing,<Substance Cc1ccccc1N{solv}{x=0.773500}|c1ccncc1{solv}{x=0.226500}>,Cc1ccccc1N,c1ccncc1,openff-2.1.0,2,-1.154137598275902,0.045865175394947,-0.7828,0.016
23018,2228,dens_1203111494553524663,1073,Density,<Substance Cc1ccccc1N{solv}{x=0.483700}|c1ccncc1{solv}{x=0.516300}>,Cc1ccccc1N,c1ccncc1,openff-2.1.0,2,1.0071887949922778,0.0002614276788763,0.9912370000000004,0.000117
23019,2229,dens_1316174752280431242,1074,Density,<Substance Cc1ccccc1N{solv}{x=0.237400}|c1ccncc1{solv}{x=0.762600}>,Cc1ccccc1N,c1ccncc1,openff-2.1.0,2,0.9961584212123126,0.0002509479676661,0.9863750000000002,0.000118
23020,2230,dhmix_1371524052813651708,1075,EnthalpyOfMixing,<Substance Cc1ccccc1N{solv}{x=0.482600}|c1ccncc1{solv}{x=0.517400}>,Cc1ccccc1N,c1ccncc1,openff-2.1.0,2,-1.865319609592131,0.0384067303752144,-1.0329,0.02105
23021,2231,dens_2188924364196997512,1076,Density,<Substance Cc1ccccc1N{solv}{x=0.767800}|c1ccncc1{solv}{x=0.232200}>,Cc1ccccc1N,c1ccncc1,openff-2.1.0,2,1.01533952681163,0.0002046834020698,0.9936220000000002,0.000117
23022,2232,dens_964556344607822867,1077,Density,<Substance CCCCCCCCC{solv}{x=0.696300}|COC(C)(C)C{solv}{x=0.303700}>,CCCCCCCCC,COC(C)(C)C,openff-2.1.0,2,0.7156118828278164,0.0001804181158854,0.7173600000000002,0.000295
23023,2233,dhmix_1091489740441728210,1078,EnthalpyOfMixing,<Substance CCCCCCCCC{solv}{x=0.260100}|COC(C)(C)C{solv}{x=0.739900}>,CCCCCCCCC,COC(C)(C)C,openff-2.1.0,2,0.6213808963333491,0.0326401567174095,0.371,0.0075
23024,2234,dens_1264105858192356202,1079,Density,<Substance CCCCCCCCC{solv}{x=0.499200}|COC(C)(C)C{solv}{x=0.500800}>,CCCCCCCCC,COC(C)(C)C,openff-2.1.0,2,0.7219832749039498,0.000197721801749,0.7207300000000002,0.00029
23025,2235,dhmix_1760873631242020891,1080,EnthalpyOfMixing,<Substance CCCCCCCCC{solv}{x=0.759600}|COC(C)(C)C{solv}{x=0.240400}>,CCCCCCCCC,COC(C)(C)C,openff-2.1.0,2,0.4637116531061167,0.0575790516473164,0.345,0.007
23026,2236,dens_2012579877169955729,1081,Density,<Substance CCCCCCCCC{solv}{x=0.199500}|COC(C)(C)C{solv}{x=0.800500}>,CCCCCCCCC,COC(C)(C)C,openff-2.1.0,2,0.735492812299403,0.0002256543697708,0.7281100000000001,0.000285
23027,2237,dhmix_2200368758776542578,1082,EnthalpyOfMixing,<Substance CCCCCCCCC{solv}{x=0.513300}|COC(C)(C)C{solv}{x=0.486700}>,CCCCCCCCC,COC(C)(C)C,openff-2.1.0,2,0.6657108195018253,0.0522800534938989,0.486,0.0095
23028,2238,dhmix_972091313059406932,1083,EnthalpyOfMixing,<Substance CCCNCCC{solv}{x=0.248200}|CN(C)C=O{solv}{x=0.751800}>,CCCNCCC,CN(C)C=O,openff-2.1.0,2,0.2043108950356469,0.0388303099445096,0.613,0.0195
23029,2239,dhmix_1037416167092316519,1084,EnthalpyOfMixing,<Substance CCCNCCC{solv}{x=0.499500}|CN(C)C=O{solv}{x=0.500500}>,CCCNCCC,CN(C)C=O,openff-2.1.0,2,0.2346718339203306,0.0448582245812379,0.748,0.0225
23030,2240,dhmix_1525975551610336413,1085,EnthalpyOfMixing,<Substance CCCNCCC{solv}{x=0.749600}|CN(C)C=O{solv}{x=0.250400}>,CCCNCCC,CN(C)C=O,openff-2.1.0,2,0.1895538753519545,0.0477027968473021,0.529,0.017
23031,2241,dens_1610465641813938660,1086,Density,<Substance CCCNCCC{solv}{x=0.745900}|CN(C)C=O{solv}{x=0.254100}>,CCCNCCC,CN(C)C=O,openff-2.1.0,2,0.7703498987815778,0.0001901710501323,0.7687320000000002,0.0009355
23032,2242,dens_2129043605695010641,1087,Density,<Substance CCCNCCC{solv}{x=0.503400}|CN(C)C=O{solv}{x=0.496600}>,CCCNCCC,CN(C)C=O,openff-2.1.0,2,0.807832574134311,0.0002049585733942,0.8108000000000002,0.0009885
23033,2243,dens_2129124855081233158,1088,Density,<Substance CCCNCCC{solv}{x=0.252300}|CN(C)C=O{solv}{x=0.747700}>,CCCNCCC,CN(C)C=O,openff-2.1.0,2,0.8563584810946702,0.0002361024975355,0.8674480000000002,0.0010625
23034,2244,dhmix_1022139531284796266,1089,EnthalpyOfMixing,<Substance CCCO{solv}{x=0.730200}|O=Cc1ccccc1{solv}{x=0.269800}>,CCCO,O=Cc1ccccc1,openff-2.1.0,2,1.112916515483391,0.0366807047701062,1.3784,0.00585
23035,2245,dens_1530410585842005416,1090,Density,<Substance CCCO{solv}{x=0.802500}|O=Cc1ccccc1{solv}{x=0.197500}>,CCCO,O=Cc1ccccc1,openff-2.1.0,2,0.86156684233086,0.0002999327542329,0.8676000000000003,0.0054
23036,2246,dens_1586325098516354010,1091,Density,<Substance CCCO{solv}{x=0.500300}|O=Cc1ccccc1{solv}{x=0.499700}>,CCCO,O=Cc1ccccc1,openff-2.1.0,2,0.9388344790455628,0.0002023452532913,0.9470000000000002,0.0035
23037,2247,dhmix_1860362391399300385,1092,EnthalpyOfMixing,<Substance CCCO{solv}{x=0.237400}|O=Cc1ccccc1{solv}{x=0.762600}>,CCCO,O=Cc1ccccc1,openff-2.1.0,2,0.9068770797258878,0.0318207661692354,1.2579,0.0055
23038,2248,dens_2022804020725863961,1093,Density,<Substance CCCO{solv}{x=0.192900}|O=Cc1ccccc1{solv}{x=0.807100}>,CCCO,O=Cc1ccccc1,openff-2.1.0,2,1.0013436226751624,0.0001973093755516,1.0128,0.00265
23039,2249,dhmix_2114980631721668598,1094,EnthalpyOfMixing,<Substance CCCO{solv}{x=0.517800}|O=Cc1ccccc1{solv}{x=0.482200}>,CCCO,O=Cc1ccccc1,openff-2.1.0,2,1.3106305847590178,0.035092535066896,1.6361,0.00675
23040,2250,dens_1061385011202038988,1095,Density,<Substance CC(C)O{solv}{x=0.495900}|CCCCOCCO{solv}{x=0.504100}>,CC(C)O,CCCCOCCO,openff-2.1.0,2,0.8639553690801351,0.0002654497106145,0.8550000000000002,5.450000000000001e-05
23041,2251,dens_1314274960992474794,1096,Density,<Substance CC(C)O{solv}{x=0.292200}|CCCCOCCO{solv}{x=0.707800}>,CC(C)O,CCCCOCCO,openff-2.1.0,2,0.8794196543692324,0.0002093504730784,0.8743700000000002,4.600000000000001e-05
23042,2252,dens_1729117108592325655,1097,Density,<Substance CC(C)O{solv}{x=0.743300}|CCCCOCCO{solv}{x=0.256700}>,CC(C)O,CCCCOCCO,openff-2.1.0,2,0.8398142039004953,0.0002362409908194,0.8247900000000001,5.600000000000001e-05
23043,2253,dens_1112128096721834081,1098,Density,<Substance CNCCO{solv}{x=0.800900}|O{solv}{x=0.199100}>,CNCCO,O,openff-2.1.0,2,0.9663593786365337,0.0003190725939264,0.9466300000000002,0.00032
23044,2254,dens_1381694863030749046,1099,Density,<Substance CNCCO{solv}{x=0.198700}|O{solv}{x=0.801300}>,CNCCO,O,openff-2.1.0,2,0.9841956913680516,0.0004266914508457,0.9960300000000002,0.00016
23045,2255,dhmix_1383192140212198237,1100,EnthalpyOfMixing,<Substance CNCCO{solv}{x=0.798800}|O{solv}{x=0.201200}>,CNCCO,O,openff-2.1.0,2,-0.9545003357431908,0.0422632308026999,-1.219,0.025
23046,2256,dens_1615304038745182966,1101,Density,<Substance CNCCO{solv}{x=0.504100}|O{solv}{x=0.495900}>,CNCCO,O,openff-2.1.0,2,0.976166948442764,0.000408974009795,0.9688100000000002,0.000235
23047,2257,dhmix_1902240048183935170,1102,EnthalpyOfMixing,<Substance CNCCO{solv}{x=0.501700}|O{solv}{x=0.498300}>,CNCCO,O,openff-2.1.0,2,-1.6558169289141065,0.0420580187010278,-2.508,0.051
23048,2258,dhmix_2185888808838690563,1103,EnthalpyOfMixing,<Substance CNCCO{solv}{x=0.199200}|O{solv}{x=0.800800}>,CNCCO,O,openff-2.1.0,2,-1.064931382112892,0.0192575099549537,-2.243,0.0455
23049,2259,dens_1155626281932782094,1104,Density,<Substance CCC(C)=O{solv}{x=0.292200}|CN1CCCC1=O{solv}{x=0.707800}>,CCC(C)=O,CN1CCCC1=O,openff-2.1.0,2,0.93768634362576,0.0002177984677052,0.9591400000000002,0.00262
23050,2260,dens_1354588388489384902,1105,Density,<Substance CCC(C)=O{solv}{x=0.779300}|CN1CCCC1=O{solv}{x=0.220700}>,CCC(C)=O,CN1CCCC1=O,openff-2.1.0,2,0.8272773570831236,0.0002542878416018,0.8467600000000002,0.002595
23051,2261,dhmix_1468142552678388689,1106,EnthalpyOfMixing,<Substance CCC(C)=O{solv}{x=0.484100}|CN1CCCC1=O{solv}{x=0.515900}>,CCC(C)=O,CN1CCCC1=O,openff-2.1.0,2,0.1596877365541331,0.0361976678303242,-0.1675,0.00415
23052,2262,dhmix_1545004468946955771,1107,EnthalpyOfMixing,<Substance CCC(C)=O{solv}{x=0.246100}|CN1CCCC1=O{solv}{x=0.753900}>,CCC(C)=O,CN1CCCC1=O,openff-2.1.0,2,0.0348609515452125,0.0373475474650294,-0.0999,0.0031
23053,2263,dhmix_1746826813990258300,1108,EnthalpyOfMixing,<Substance CCC(C)=O{solv}{x=0.732400}|CN1CCCC1=O{solv}{x=0.267600}>,CCC(C)=O,CN1CCCC1=O,openff-2.1.0,2,0.0384036763311907,0.0407225159449978,-0.0861,0.0029
23054,2264,dens_2035401379156582518,1109,Density,<Substance CCC(C)=O{solv}{x=0.479500}|CN1CCCC1=O{solv}{x=0.520500}>,CCC(C)=O,CN1CCCC1=O,openff-2.1.0,2,0.8975990146841097,0.0002632993503739,0.9166100000000004,0.00261
23055,2265,dens_1159403686634788877,1110,Density,<Substance C1CCOCC1{solv}{x=0.253600}|Cc1ccncc1{solv}{x=0.746400}>,C1CCOCC1,Cc1ccncc1,openff-2.1.0,2,0.929786942382432,0.0002442971769352,0.9329390000000002,0.0002125
23056,2266,dhmix_1427533760370073434,1111,EnthalpyOfMixing,<Substance C1CCOCC1{solv}{x=0.241600}|Cc1ccncc1{solv}{x=0.758400}>,C1CCOCC1,Cc1ccncc1,openff-2.1.0,2,0.078350728512035,0.0406898616130974,0.0975,0.001
23057,2267,dens_1586440979425114987,1112,Density,<Substance C1CCOCC1{solv}{x=0.491300}|Cc1ccncc1{solv}{x=0.508700}>,C1CCOCC1,Cc1ccncc1,openff-2.1.0,2,0.9127057046745262,0.0001728710754956,0.9162950000000002,0.0002825
23058,2268,dhmix_1681679230288000235,1113,EnthalpyOfMixing,<Substance C1CCOCC1{solv}{x=0.483400}|Cc1ccncc1{solv}{x=0.516600}>,C1CCOCC1,Cc1ccncc1,openff-2.1.0,2,0.0881889409261251,0.0419483423392443,0.1741,0.00135
23059,2269,dhmix_1854625047398559527,1114,EnthalpyOfMixing,<Substance C1CCOCC1{solv}{x=0.826200}|Cc1ccncc1{solv}{x=0.173800}>,C1CCOCC1,Cc1ccncc1,openff-2.1.0,2,0.0380697780875749,0.0428695384021755,0.0948,0.001
23060,2270,dens_1998279082934343093,1115,Density,<Substance C1CCOCC1{solv}{x=0.826300}|Cc1ccncc1{solv}{x=0.173700}>,C1CCOCC1,Cc1ccncc1,openff-2.1.0,2,0.8780698199979474,0.0002712821205289,0.8827950000000002,0.000387
23061,2271,dens_1226224986443053492,1116,Density,<Substance CCOc1ccccc1{solv}{x=0.482600}|OCCc1ccccc1{solv}{x=0.517400}>,CCOc1ccccc1,OCCc1ccccc1,openff-2.1.0,2,0.9765263470815968,0.0002318288390209,0.9803700000000002,0.00026
23062,2272,dens_1288457717872177367,1117,Density,<Substance CCOc1ccccc1{solv}{x=0.304100}|OCCc1ccccc1{solv}{x=0.695900}>,CCOc1ccccc1,OCCc1ccccc1,openff-2.1.0,2,0.986798534337333,0.000180028672633,0.9909900000000004,0.00026
23063,2273,dhmix_1400067757990485972,1118,EnthalpyOfMixing,<Substance CCOc1ccccc1{solv}{x=0.738800}|OCCc1ccccc1{solv}{x=0.261200}>,CCOc1ccccc1,OCCc1ccccc1,openff-2.1.0,2,0.9968089212357114,0.0358640093021421,1.1427,0.01225
23064,2274,dens_1419265414647987466,1119,Density,<Substance CCOc1ccccc1{solv}{x=0.792900}|OCCc1ccccc1{solv}{x=0.207100}>,CCOc1ccccc1,OCCc1ccccc1,openff-2.1.0,2,0.9586495447055304,0.0001509017780924,0.9624400000000004,0.00026
23065,2275,dhmix_1985234108792038812,1120,EnthalpyOfMixing,<Substance CCOc1ccccc1{solv}{x=0.485200}|OCCc1ccccc1{solv}{x=0.514800}>,CCOc1ccccc1,OCCc1ccccc1,openff-2.1.0,2,0.9335768490373084,0.0547034090053034,1.0249,0.011
23066,2276,dhmix_2203675640711482674,1121,EnthalpyOfMixing,<Substance CCOc1ccccc1{solv}{x=0.239100}|OCCc1ccccc1{solv}{x=0.760900}>,CCOc1ccccc1,OCCc1ccccc1,openff-2.1.0,2,0.5851016768043991,0.0475392206242763,0.6669,0.0072
23067,2277,dens_1247048173376376516,1122,Density,<Substance CCCCC(=O)OC{solv}{x=0.349300}|COC=O{solv}{x=0.650700}>,CCCCC(=O)OC,COC=O,openff-2.1.0,2,0.9397762723003866,0.0002581564946885,0.9198400000000002,0.000115
23068,2278,dens_1283923442255956417,1123,Density,<Substance CCCCC(=O)OC{solv}{x=0.500000}|COC=O{solv}{x=0.500000}>,CCCCC(=O)OC,COC=O,openff-2.1.0,2,0.922315506126361,0.0002421918889438,0.90817,0.00012
23069,2279,dhmix_1491739683552461043,1124,EnthalpyOfMixing,<Substance CCCCC(=O)OC{solv}{x=0.348600}|COC=O{solv}{x=0.651400}>,CCCCC(=O)OC,COC=O,openff-2.1.0,2,0.2948470008932347,0.040421090627698,0.422,0.0045
23070,2280,dhmix_1747049492522889097,1125,EnthalpyOfMixing,<Substance CCCCC(=O)OC{solv}{x=0.523200}|COC=O{solv}{x=0.476800}>,CCCCC(=O)OC,COC=O,openff-2.1.0,2,0.240336696501215,0.0407589285607797,0.409,0.0045
23071,2281,dhmix_1990853348078771210,1126,EnthalpyOfMixing,<Substance CCCCC(=O)OC{solv}{x=0.796800}|COC=O{solv}{x=0.203200}>,CCCCC(=O)OC,COC=O,openff-2.1.0,2,0.1385291684194634,0.0498576210765837,0.219,0.0025
23072,2282,dens_2269601061883384185,1127,Density,<Substance CCCCC(=O)OC{solv}{x=0.725800}|COC=O{solv}{x=0.274200}>,CCCCC(=O)OC,COC=O,openff-2.1.0,2,0.9035128671390102,0.0002100545282467,0.8955000000000002,0.000135
23073,2283,dens_1266839724964377205,1128,Density,<Substance Cn1ccnc1{solv}{x=0.779500}|O{solv}{x=0.220500}>,Cn1ccnc1,O,openff-2.1.0,2,1.0243888360236233,0.0002811578948602,1.0360000000000005,0.00015
23074,2284,dens_1634862053132906887,1129,Density,<Substance Cn1ccnc1{solv}{x=0.498200}|O{solv}{x=0.501800}>,Cn1ccnc1,O,openff-2.1.0,2,1.0207169328852803,0.0003361221104123,1.0416,0.00015
23075,2285,dens_1681126092995837883,1130,Density,<Substance Cn1ccnc1{solv}{x=0.216700}|O{solv}{x=0.783300}>,Cn1ccnc1,O,openff-2.1.0,2,1.0065865575044168,0.0003724387344332,1.0301000000000002,0.0001
23076,2286,dhmix_1311251505653939236,1131,EnthalpyOfMixing,<Substance CC(=O)CC(C)=O{solv}{x=0.598500}|O{solv}{x=0.401500}>,CC(=O)CC(C)=O,O,openff-2.1.0,2,0.3935386895559247,0.0290536030962771,0.4905,0.00555
23077,2287,dhmix_1367092272310773702,1132,EnthalpyOfMixing,<Substance CC(=O)CC(C)=O{solv}{x=0.749200}|O{solv}{x=0.250800}>,CC(=O)CC(C)=O,O,openff-2.1.0,2,0.5853727709733789,0.0419042113382463,0.6211,0.00695
23078,2288,dhmix_2033109088651196860,1133,EnthalpyOfMixing,<Substance CC(=O)CC(C)=O{solv}{x=0.200400}|O{solv}{x=0.799600}>,CC(=O)CC(C)=O,O,openff-2.1.0,2,-0.0309943812506361,0.0246238739931401,0.1562,0.0021
23079,2289,dens_1319073694995976411,1134,Density,<Substance CC(C)CO{solv}{x=0.762200}|OC1=NCCC1{solv}{x=0.237800}>,CC(C)CO,OC1=NCCC1,openff-2.1.0,2,0.8682539792114312,0.0002532616076285,0.8623100000000001,0.000205
23080,2290,dhmix_1817161401911066523,1135,EnthalpyOfMixing,<Substance CC(C)CO{solv}{x=0.754900}|OC1=NCCC1{solv}{x=0.245100}>,CC(C)CO,OC1=NCCC1,openff-2.1.0,2,1.2708252995892335,0.0354287198783826,0.2989,0.0033
23081,2291,dens_1852757585830259815,1136,Density,<Substance CC(C)CO{solv}{x=0.287400}|OC1=NCCC1{solv}{x=0.712600}>,CC(C)CO,OC1=NCCC1,openff-2.1.0,2,0.9893636636918572,0.0002055827893408,1.0078300000000002,0.000155
23082,2292,dhmix_2057245570503088562,1137,EnthalpyOfMixing,<Substance CC(C)CO{solv}{x=0.259800}|OC1=NCCC1{solv}{x=0.740200}>,CC(C)CO,OC1=NCCC1,openff-2.1.0,2,0.9922198990483224,0.0370221252413523,0.1798,0.00205
23083,2293,dens_2175875616459255266,1138,Density,<Substance CC(C)CO{solv}{x=0.489400}|OC1=NCCC1{solv}{x=0.510600}>,CC(C)CO,OC1=NCCC1,openff-2.1.0,2,0.9364862901493006,0.0002950002136964,0.9431100000000002,0.00017
23084,2294,dhmix_2273039716774959551,1139,EnthalpyOfMixing,<Substance CC(C)CO{solv}{x=0.497800}|OC1=NCCC1{solv}{x=0.502200}>,CC(C)CO,OC1=NCCC1,openff-2.1.0,2,1.4776321533653594,0.0416140422468803,0.2775,0.0031
23085,2295,dens_1400897934227212514,1140,Density,<Substance CC(C)CC(C)(C)C{solv}{x=0.541100}|COC(C)=O{solv}{x=0.458900}>,CC(C)CC(C)(C)C,COC(C)=O,openff-2.1.0,2,0.7713206653455034,0.0002218895874132,0.7495700000000002,0.000505
23086,2296,dhmix_1534218615961922445,1141,EnthalpyOfMixing,<Substance CC(C)CC(C)(C)C{solv}{x=0.256000}|COC(C)=O{solv}{x=0.744000}>,CC(C)CC(C)(C)C,COC(C)=O,openff-2.1.0,2,1.746518450726226,0.0338797385693557,1.385,0.015
23087,2297,dhmix_1663557420681143866,1142,EnthalpyOfMixing,<Substance CC(C)CC(C)(C)C{solv}{x=0.540600}|COC(C)=O{solv}{x=0.459400}>,CC(C)CC(C)(C)C,COC(C)=O,openff-2.1.0,2,2.0123692315174466,0.0436926777878536,1.759,0.019
23088,2298,dens_1833608859418637606,1143,Density,<Substance CC(C)CC(C)(C)C{solv}{x=0.736400}|COC(C)=O{solv}{x=0.263600}>,CC(C)CC(C)(C)C,COC(C)=O,openff-2.1.0,2,0.7388768249899613,0.0001972276258854,0.7171000000000002,0.00015
23089,2299,dhmix_1913788848230724771,1144,EnthalpyOfMixing,<Substance CC(C)CC(C)(C)C{solv}{x=0.783300}|COC(C)=O{solv}{x=0.216700}>,CC(C)CC(C)(C)C,COC(C)=O,openff-2.1.0,2,1.4703517074685235,0.046619074402452,1.149,0.0125
23090,2300,dens_2018568384717712900,1145,Density,<Substance CC(C)CC(C)(C)C{solv}{x=0.238900}|COC(C)=O{solv}{x=0.761100}>,CC(C)CC(C)(C)C,COC(C)=O,openff-2.1.0,2,0.844370809758954,0.0002377326563882,0.8248000000000002,0.0001
23091,2301,dens_1465225466328543955,1146,Density,<Substance Cc1cccnc1{solv}{x=0.225000}|O{solv}{x=0.775000}>,Cc1cccnc1,O,openff-2.1.0,2,0.963878449832772,0.0003730330825867,0.9921000000000002,0.0003
23092,2302,dens_1644445312716340330,1147,Density,<Substance Cc1cccnc1{solv}{x=0.500000}|O{solv}{x=0.500000}>,Cc1cccnc1,O,openff-2.1.0,2,0.9563040585126688,0.0003089446720536,0.9797000000000002,0.0003
23093,2303,dens_2262998332454406432,1148,Density,<Substance Cc1cccnc1{solv}{x=0.700000}|O{solv}{x=0.300000}>,Cc1cccnc1,O,openff-2.1.0,2,0.95349446322662,0.0002987516430585,0.9690000000000002,0.0003
23094,2304,dens_1601780542508306264,1149,Density,<Substance CC(=O)N(C)C{solv}{x=0.771800}|CCOC(C)=O{solv}{x=0.228200}>,CC(=O)N(C)C,CCOC(C)=O,openff-2.1.0,2,0.9004324064272398,0.000218935616999,0.9286200000000002,0.000185
23095,2305,dens_2126546638582188774,1150,Density,<Substance CC(=O)N(C)C{solv}{x=0.464600}|CCOC(C)=O{solv}{x=0.535400}>,CC(=O)N(C)C,CCOC(C)=O,openff-2.1.0,2,0.9034337796432164,0.0002443283504617,0.9166300000000002,0.00022
23096,2306,dens_2159432384130350508,1151,Density,<Substance CC(=O)N(C)C{solv}{x=0.233100}|CCOC(C)=O{solv}{x=0.766900}>,CC(=O)N(C)C,CCOC(C)=O,openff-2.1.0,2,0.9053842351983912,0.0002504801304092,0.9064300000000002,0.000245
23097,2307,dens_1713891284028890335,1152,Density,<Substance CC(=O)O{solv}{x=0.798900}|CCOC(C)=O{solv}{x=0.201100}>,CC(=O)O,CCOC(C)=O,openff-2.1.0,2,1.0273576951603,0.0003136444721472,0.9996600000000002,0.000225
23098,2308,dens_1856345418041920174,1153,Density,<Substance CC(=O)O{solv}{x=0.500700}|CCOC(C)=O{solv}{x=0.499300}>,CC(=O)O,CCOC(C)=O,openff-2.1.0,2,0.9707075125673394,0.0002818390908905,0.9514000000000002,0.00018
23099,2309,dens_2035334988982485653,1154,Density,<Substance CC(=O)O{solv}{x=0.294400}|CCOC(C)=O{solv}{x=0.705600}>,CC(=O)O,CCOC(C)=O,openff-2.1.0,2,0.9410700115917884,0.0002961645700414,0.9255000000000002,0.00016
23100,2310,dhmix_592425981731704,0,EnthalpyOfMixing,<Substance C1CCCCC1{solv}{x=0.100300}|Cc1ccccc1{solv}{x=0.899700}>,C1CCCCC1,Cc1ccccc1,openff-2.1.0,3,0.2897841291269856,0.0336729828255932,0.2015,0.0015
23101,2311,dens_191923210986624643,1,Density,<Substance C1CCCCC1{solv}{x=0.697700}|Cc1ccccc1{solv}{x=0.302300}>,C1CCCCC1,Cc1ccccc1,openff-2.1.0,3,0.7644586265758095,0.0002411862776693,0.7818000000000002,0.00041
23102,2312,dens_699555827256664507,2,Density,<Substance C1CCCCC1{solv}{x=0.100000}|Cc1ccccc1{solv}{x=0.900000}>,C1CCCCC1,Cc1ccccc1,openff-2.1.0,3,0.8239593534298743,0.0002575135545487,0.8378000000000001,0.00025
23103,2313,dhmix_997331474504366167,3,EnthalpyOfMixing,<Substance C1CCCCC1{solv}{x=0.697900}|Cc1ccccc1{solv}{x=0.302100}>,C1CCCCC1,Cc1ccccc1,openff-2.1.0,3,0.7275061119465676,0.0452612411345313,0.5221,0.0034
23104,2314,dhmix_1586684551148150215,4,EnthalpyOfMixing,<Substance C1CCCCC1{solv}{x=0.397600}|Cc1ccccc1{solv}{x=0.602400}>,C1CCCCC1,Cc1ccccc1,openff-2.1.0,3,0.7651569994995384,0.040530965945406,0.5887,0.0038
23105,2315,dens_1809100412119556796,5,Density,<Substance C1CCCCC1{solv}{x=0.397500}|Cc1ccccc1{solv}{x=0.602500}>,C1CCCCC1,Cc1ccccc1,openff-2.1.0,3,0.8079400637716724,0.0002490216105962,0.8228000000000002,0.0002
23106,2316,dhmix_1261378482688431,6,EnthalpyOfMixing,<Substance CCC(C)=O{solv}{x=0.510600}|Nc1ccccc1{solv}{x=0.489400}>,CCC(C)=O,Nc1ccccc1,openff-2.1.0,3,-0.6366203324873609,0.0385866786885081,-1.173,0.0125
23107,2317,dhmix_157258283975731553,7,EnthalpyOfMixing,<Substance CCC(C)=O{solv}{x=0.901800}|Nc1ccccc1{solv}{x=0.098200}>,CCC(C)=O,Nc1ccccc1,openff-2.1.0,3,-0.375919375765001,0.041323042790862,-0.469,0.005
23108,2318,dens_610648476268376520,8,Density,<Substance CCC(C)=O{solv}{x=0.502600}|Nc1ccccc1{solv}{x=0.497400}>,CCC(C)=O,Nc1ccccc1,openff-2.1.0,3,0.9252479051096052,0.0002082237710192,0.9213850000000002,5.650000000000002e-05
23109,2319,dens_1388487494953421117,9,Density,<Substance CCC(C)=O{solv}{x=0.901900}|Nc1ccccc1{solv}{x=0.098100}>,CCC(C)=O,Nc1ccccc1,openff-2.1.0,3,0.8066199133861481,0.0002596745888127,0.8265540000000001,7.200000000000002e-05
23110,2320,dhmix_1389656513678923263,10,EnthalpyOfMixing,<Substance CCC(C)=O{solv}{x=0.209900}|Nc1ccccc1{solv}{x=0.790100}>,CCC(C)=O,Nc1ccccc1,openff-2.1.0,3,0.0305842925251056,0.0356887304248912,-0.648,0.007
23111,2321,dens_2115628806769415578,11,Density,<Substance CCC(C)=O{solv}{x=0.256300}|Nc1ccccc1{solv}{x=0.743700}>,CCC(C)=O,Nc1ccccc1,openff-2.1.0,3,0.9966973978269684,0.0002834675487421,0.9712300000000004,4.900000000000001e-05
23112,2322,dens_1379242187515209,12,Density,<Substance CC#N{solv}{x=0.795200}|CCCCOCCCC{solv}{x=0.204800}>,CC#N,CCCCOCCCC,openff-2.1.0,3,0.767816820556898,0.0003077718567077,0.7708800000000002,0.000245
23113,2323,dhmix_575991096898484441,13,EnthalpyOfMixing,<Substance CC#N{solv}{x=0.488600}|CCCCOCCCC{solv}{x=0.511400}>,CC#N,CCCCOCCCC,openff-2.1.0,3,0.6725297422157368,0.0410002776977603,1.26543,0.00796
23114,2324,dhmix_1182924089945476872,14,EnthalpyOfMixing,<Substance CC#N{solv}{x=0.241600}|CCCCOCCCC{solv}{x=0.758400}>,CC#N,CCCCOCCCC,openff-2.1.0,3,0.4066017607653549,0.0524768036277479,0.94593,0.00601
23115,2325,dhmix_1244492966201685063,15,EnthalpyOfMixing,<Substance CC#N{solv}{x=0.795200}|CCCCOCCCC{solv}{x=0.204800}>,CC#N,CCCCOCCCC,openff-2.1.0,3,0.4851873846676158,0.0275853283532067,0.94289,0.005995
23116,2326,dens_2044032309137951705,16,Density,<Substance CC#N{solv}{x=0.245500}|CCCCOCCCC{solv}{x=0.754500}>,CC#N,CCCCOCCCC,openff-2.1.0,3,0.7642542994317555,0.0002160885557541,0.7653000000000001,0.00028
23117,2327,dens_2211436825174998797,17,Density,<Substance CC#N{solv}{x=0.509800}|CCCCOCCCC{solv}{x=0.490200}>,CC#N,CCCCOCCCC,openff-2.1.0,3,0.7659511311673265,0.0002096919770033,0.7671500000000001,0.00026
23118,2328,dens_1820034175228694,18,Density,<Substance C1CCCCC1{solv}{x=0.540900}|CN1CCCC1=O{solv}{x=0.459100}>,C1CCCCC1,CN1CCCC1=O,openff-2.1.0,3,0.8557379149917272,0.0002266372608568,0.8757100000000002,0.000335
23119,2329,dhmix_1335365307191460458,19,EnthalpyOfMixing,<Substance C1CCCCC1{solv}{x=0.751800}|CN1CCCC1=O{solv}{x=0.248200}>,C1CCCCC1,CN1CCCC1=O,openff-2.1.0,3,1.4933973195476256,0.0469110889398591,1.1998,0.01285
23120,2330,dens_1375048033230012198,20,Density,<Substance C1CCCCC1{solv}{x=0.733200}|CN1CCCC1=O{solv}{x=0.266800}>,C1CCCCC1,CN1CCCC1=O,openff-2.1.0,3,0.8098975012850007,0.0001911639262871,0.8287300000000002,0.0004
23121,2331,dhmix_1563298635135474599,21,EnthalpyOfMixing,<Substance C1CCCCC1{solv}{x=0.278900}|CN1CCCC1=O{solv}{x=0.721100}>,C1CCCCC1,CN1CCCC1=O,openff-2.1.0,3,1.5474340543226504,0.0460089116979944,1.2061,0.0129
23122,2332,dens_1606235786379262481,22,Density,<Substance C1CCCCC1{solv}{x=0.227500}|CN1CCCC1=O{solv}{x=0.772500}>,C1CCCCC1,CN1CCCC1=O,openff-2.1.0,3,0.9347233444931874,0.0002132039262703,0.9583800000000002,0.000245
23123,2333,dhmix_1683219349338278021,23,EnthalpyOfMixing,<Substance C1CCCCC1{solv}{x=0.473400}|CN1CCCC1=O{solv}{x=0.526600}>,C1CCCCC1,CN1CCCC1=O,openff-2.1.0,3,1.883394596324962,0.034227719216641,1.4691,0.0157
23124,2334,dens_4438302718372985,24,Density,<Substance BrCCCCBr{solv}{x=0.717000}|COC=O{solv}{x=0.283000}>,BrCCCCBr,COC=O,openff-2.1.0,3,1.647203135342027,0.0004471644224097,1.6702600000000003,0.00259
23125,2335,dhmix_369816950910078034,25,EnthalpyOfMixing,<Substance BrCCCCBr{solv}{x=0.778200}|COC=O{solv}{x=0.221800}>,BrCCCCBr,COC=O,openff-2.1.0,3,0.7530220161297265,0.0393733667259115,0.6355,0.0057
23126,2336,dens_460757700461114532,26,Density,<Substance BrCCCCBr{solv}{x=0.495800}|COC=O{solv}{x=0.504200}>,BrCCCCBr,COC=O,openff-2.1.0,3,1.511706511574529,0.0004414257887429,1.5176800000000004,0.001885
23127,2337,dhmix_1496821399278454353,27,EnthalpyOfMixing,<Substance BrCCCCBr{solv}{x=0.265400}|COC=O{solv}{x=0.734600}>,BrCCCCBr,COC=O,openff-2.1.0,3,0.8283053328870835,0.0296887929853579,0.8185,0.00715
23128,2338,dens_1750413656870357630,28,Density,<Substance BrCCCCBr{solv}{x=0.225800}|COC=O{solv}{x=0.774200}>,BrCCCCBr,COC=O,openff-2.1.0,3,1.2865871164774916,0.0003353123175828,1.2671300000000003,0.00104
23129,2339,dhmix_1802862930607761431,29,EnthalpyOfMixing,<Substance BrCCCCBr{solv}{x=0.482000}|COC=O{solv}{x=0.518000}>,BrCCCCBr,COC=O,openff-2.1.0,3,1.0338974032170969,0.0358479941666685,1.0243,0.0087
23130,2340,dhmix_8447570649359775,30,EnthalpyOfMixing,<Substance OCCO{solv}{x=0.481700}|OCc1ccccc1{solv}{x=0.518300}>,OCCO,OCc1ccccc1,openff-2.1.0,3,0.2194833166504679,0.0381072955381116,0.201,0.00465
23131,2341,dens_824372741354282107,31,Density,<Substance OCCO{solv}{x=0.505700}|OCc1ccccc1{solv}{x=0.494300}>,OCCO,OCc1ccccc1,openff-2.1.0,3,1.060465963404814,0.0002220576248712,1.0579000000000005,0.00027
23132,2342,dens_1105173553343721111,32,Density,<Substance OCCO{solv}{x=0.737100}|OCc1ccccc1{solv}{x=0.262900}>,OCCO,OCc1ccccc1,openff-2.1.0,3,1.082117367870441,0.0004032122665051,1.0753200000000005,0.000275
23133,2343,dhmix_1362282802315816638,33,EnthalpyOfMixing,<Substance OCCO{solv}{x=0.736100}|OCc1ccccc1{solv}{x=0.263900}>,OCCO,OCc1ccccc1,openff-2.1.0,3,-0.0381382918648469,0.0435010140386049,0.1383,0.0037
23134,2344,dhmix_1666683879028583081,34,EnthalpyOfMixing,<Substance OCCO{solv}{x=0.236500}|OCc1ccccc1{solv}{x=0.763500}>,OCCO,OCc1ccccc1,openff-2.1.0,3,0.2076746261686182,0.0431713190620762,0.209,0.0048
23135,2345,dens_1698159396404241323,35,Density,<Substance OCCO{solv}{x=0.262200}|OCc1ccccc1{solv}{x=0.737800}>,OCCO,OCc1ccccc1,openff-2.1.0,3,1.04430197474546,0.0002516599881164,1.0442900000000002,0.000265
23136,2346,dens_8507121971977381,36,Density,<Substance CCOC(C)(C)C{solv}{x=0.505000}|Cc1ccccc1{solv}{x=0.495000}>,CCOC(C)(C)C,Cc1ccccc1,openff-2.1.0,3,0.7994060076054829,0.0002369473066898,0.7937390000000002,0.000467
23137,2347,dens_499290591626962121,37,Density,<Substance CCOC(C)(C)C{solv}{x=0.217000}|Cc1ccccc1{solv}{x=0.783000}>,CCOC(C)(C)C,Cc1ccccc1,openff-2.1.0,3,0.8281540411675179,0.0002213892796781,0.8314450000000002,0.000411
23138,2348,dhmix_820491025608256793,38,EnthalpyOfMixing,<Substance CCOC(C)(C)C{solv}{x=0.501900}|Cc1ccccc1{solv}{x=0.498100}>,CCOC(C)(C)C,Cc1ccccc1,openff-2.1.0,3,-0.2373194814532198,0.0447617918847463,-0.046,0.00055
23139,2349,dhmix_1374163681483564129,39,EnthalpyOfMixing,<Substance CCOC(C)(C)C{solv}{x=0.248900}|Cc1ccccc1{solv}{x=0.751100}>,CCOC(C)(C)C,Cc1ccccc1,openff-2.1.0,3,-0.1910295604510778,0.042419933819219,-0.0324,0.0005
23140,2350,dens_1904998692863983733,40,Density,<Substance CCOC(C)(C)C{solv}{x=0.701000}|Cc1ccccc1{solv}{x=0.299000}>,CCOC(C)(C)C,Cc1ccccc1,openff-2.1.0,3,0.7813595442712743,0.0002403964370428,0.7696300000000001,0.000503
23141,2351,dhmix_1982853461678580310,41,EnthalpyOfMixing,<Substance CCOC(C)(C)C{solv}{x=0.749500}|Cc1ccccc1{solv}{x=0.250500}>,CCOC(C)(C)C,Cc1ccccc1,openff-2.1.0,3,-0.160754732836132,0.0475335151332297,-0.0348,0.0005
23142,2352,dhmix_13624411991961099,42,EnthalpyOfMixing,<Substance C1CCOCC1{solv}{x=0.237900}|Cc1ccccc1N{solv}{x=0.762100}>,C1CCOCC1,Cc1ccccc1N,openff-2.1.0,3,-0.2229066855210479,0.0436399883049878,-0.3658,0.004
23143,2353,dhmix_510299013171775812,43,EnthalpyOfMixing,<Substance C1CCOCC1{solv}{x=0.741000}|Cc1ccccc1N{solv}{x=0.259000}>,C1CCOCC1,Cc1ccccc1N,openff-2.1.0,3,-0.3649922693176961,0.0454202257601038,-0.4892,0.0053
23144,2354,dhmix_1337006691942958969,44,EnthalpyOfMixing,<Substance C1CCOCC1{solv}{x=0.490100}|Cc1ccccc1N{solv}{x=0.509900}>,C1CCOCC1,Cc1ccccc1N,openff-2.1.0,3,-0.3098922280628748,0.0432782584459664,-0.5715,0.0062
23145,2355,dens_1448062547628404156,45,Density,<Substance C1CCOCC1{solv}{x=0.727900}|Cc1ccccc1N{solv}{x=0.272100}>,C1CCOCC1,Cc1ccccc1N,openff-2.1.0,3,0.9185181611957486,0.0001740904336277,0.91866,0.000285
23146,2356,dens_2171966897328079405,46,Density,<Substance C1CCOCC1{solv}{x=0.498600}|Cc1ccccc1N{solv}{x=0.501400}>,C1CCOCC1,Cc1ccccc1N,openff-2.1.0,3,0.9531236042730232,0.00022509768943,0.9459860000000002,0.0002275
23147,2357,dens_2201621104799327758,47,Density,<Substance C1CCOCC1{solv}{x=0.229700}|Cc1ccccc1N{solv}{x=0.770300}>,C1CCOCC1,Cc1ccccc1N,openff-2.1.0,3,0.9902528881932796,0.0002523096515269,0.9734540000000002,0.000164
23148,2358,dens_15008167137789802,48,Density,<Substance CCCCCl{solv}{x=0.299200}|CN(C)C=O{solv}{x=0.700800}>,CCCCCl,CN(C)C=O,openff-2.1.0,3,0.9019905294656168,0.0002471494890285,0.9218000000000002,0.0002
23149,2359,dens_550868133232739009,49,Density,<Substance CCCCCl{solv}{x=0.701200}|CN(C)C=O{solv}{x=0.298800}>,CCCCCl,CN(C)C=O,openff-2.1.0,3,0.8804101258806842,0.0002891317140044,0.8963000000000002,0.0002
23150,2360,dhmix_1315230298567753558,50,EnthalpyOfMixing,<Substance CCCCCl{solv}{x=0.793000}|CN(C)C=O{solv}{x=0.207000}>,CCCCCl,CN(C)C=O,openff-2.1.0,3,0.6701898624753824,0.0424043626014557,0.404,0.003
23151,2361,dhmix_1929975181819720491,51,EnthalpyOfMixing,<Substance CCCCCl{solv}{x=0.493000}|CN(C)C=O{solv}{x=0.507000}>,CCCCCl,CN(C)C=O,openff-2.1.0,3,0.943421609769956,0.0304826176581061,0.571,0.003
23152,2362,dhmix_1976787548784045784,52,EnthalpyOfMixing,<Substance CCCCCl{solv}{x=0.295000}|CN(C)C=O{solv}{x=0.705000}>,CCCCCl,CN(C)C=O,openff-2.1.0,3,0.7771517110890116,0.0369804808364165,0.467,0.003
23153,2363,dens_2008819185276371643,53,Density,<Substance CCCCCl{solv}{x=0.499000}|CN(C)C=O{solv}{x=0.501000}>,CCCCCl,CN(C)C=O,openff-2.1.0,3,0.8912957552334596,0.0003009583494712,0.9086000000000002,0.0002
23154,2364,dens_16755306936326197,54,Density,<Substance Cc1ccccc1N{solv}{x=0.255700}|Cc1ccccn1{solv}{x=0.744300}>,Cc1ccccc1N,Cc1ccccn1,openff-2.1.0,3,0.9688903021278578,0.0001751358138487,0.9597930000000002,0.000307
23155,2365,dens_238666738854407136,55,Density,<Substance Cc1ccccc1N{solv}{x=0.514600}|Cc1ccccn1{solv}{x=0.485400}>,Cc1ccccc1N,Cc1ccccn1,openff-2.1.0,3,0.9891472609219696,0.0002360790780518,0.9748990000000002,0.0002315
23156,2366,dhmix_1909144841681931250,56,EnthalpyOfMixing,<Substance Cc1ccccc1N{solv}{x=0.488200}|Cc1ccccn1{solv}{x=0.511800}>,Cc1ccccc1N,Cc1ccccn1,openff-2.1.0,3,-1.677144586585534,0.0369565531778779,-1.4976,0.0305
23157,2367,dens_1945534954282706534,57,Density,<Substance Cc1ccccc1N{solv}{x=0.757100}|Cc1ccccn1{solv}{x=0.242900}>,Cc1ccccc1N,Cc1ccccn1,openff-2.1.0,3,1.0038058123538915,0.0002991584403747,0.9854410000000002,0.000169
23158,2368,dhmix_2038606904928978856,58,EnthalpyOfMixing,<Substance Cc1ccccc1N{solv}{x=0.782100}|Cc1ccccn1{solv}{x=0.217900}>,Cc1ccccc1N,Cc1ccccn1,openff-2.1.0,3,-1.051297757707296,0.0537746509885553,-0.8656,0.01775
23159,2369,dhmix_2125558080831870503,59,EnthalpyOfMixing,<Substance Cc1ccccc1N{solv}{x=0.273600}|Cc1ccccn1{solv}{x=0.726400}>,Cc1ccccc1N,Cc1ccccn1,openff-2.1.0,3,-1.5016946989344575,0.0455913158911722,-1.2462,0.0254
23160,2370,dens_19028061622240549,60,Density,<Substance CN(C)CCO{solv}{x=0.296200}|CO{solv}{x=0.703800}>,CN(C)CCO,CO,openff-2.1.0,3,0.8425335594946001,0.0003200269315123,0.8506500000000001,0.00014
23161,2371,dens_186649390549115907,61,Density,<Substance CN(C)CCO{solv}{x=0.502000}|CO{solv}{x=0.498000}>,CN(C)CCO,CO,openff-2.1.0,3,0.8675898129652893,0.0002189286575744,0.8684000000000002,0.000155
23162,2372,dhmix_1453612193040378117,62,EnthalpyOfMixing,<Substance CN(C)CCO{solv}{x=0.497200}|CO{solv}{x=0.502800}>,CN(C)CCO,CO,openff-2.1.0,3,-1.2794086840513046,0.0348827349916397,-0.8673,0.00935
23163,2373,dens_1978392691277508278,63,Density,<Substance CN(C)CCO{solv}{x=0.707500}|CO{solv}{x=0.292500}>,CN(C)CCO,CO,openff-2.1.0,3,0.8838829584034447,0.000208293733778,0.8766100000000002,0.00017
23164,2374,dhmix_2113387918969192804,64,EnthalpyOfMixing,<Substance CN(C)CCO{solv}{x=0.247900}|CO{solv}{x=0.752100}>,CN(C)CCO,CO,openff-2.1.0,3,-1.0893205935946355,0.0342494898563523,-0.8057,0.0087
23165,2375,dhmix_2220842061395014218,65,EnthalpyOfMixing,<Substance CN(C)CCO{solv}{x=0.750600}|CO{solv}{x=0.249400}>,CN(C)CCO,CO,openff-2.1.0,3,-0.7947980080383843,0.0411846141839829,-0.5322,0.00585
23166,2376,dhmix_21994921667950318,66,EnthalpyOfMixing,<Substance C=CCCCC{solv}{x=0.500100}|CCCO{solv}{x=0.499900}>,C=CCCCC,CCCO,openff-2.1.0,3,0.6728433220349572,0.0421927352800495,0.595,0.0055
23167,2377,dens_62854823056490751,67,Density,<Substance C=CCCCC{solv}{x=0.150300}|CCCO{solv}{x=0.849700}>,C=CCCCC,CCCO,openff-2.1.0,3,0.7646928798503405,0.0002849645416934,0.7704980000000002,0.0001845
23168,2378,dens_294296714501123310,68,Density,<Substance C=CCCCC{solv}{x=0.499100}|CCCO{solv}{x=0.500900}>,C=CCCCC,CCCO,openff-2.1.0,3,0.7031553249824917,0.0001991852224249,0.7176450000000002,0.0002145
23169,2379,dhmix_829065315899278784,69,EnthalpyOfMixing,<Substance C=CCCCC{solv}{x=0.750000}|CCCO{solv}{x=0.250000}>,C=CCCCC,CCCO,openff-2.1.0,3,0.7932214321293429,0.042171079095328,0.682,0.006
23170,2380,dens_2024397702416079279,70,Density,<Substance C=CCCCC{solv}{x=0.745600}|CCCO{solv}{x=0.254400}>,C=CCCCC,CCCO,openff-2.1.0,3,0.6709501584134364,0.0002457849929572,0.6899770000000002,0.0002305
23171,2381,dhmix_2167083041249157622,71,EnthalpyOfMixing,<Substance C=CCCCC{solv}{x=0.150100}|CCCO{solv}{x=0.849900}>,C=CCCCC,CCCO,openff-2.1.0,3,0.3067770743978357,0.0374073782666782,0.192,0.005
23172,2382,dhmix_22428169890990447,72,EnthalpyOfMixing,<Substance CC1(C)C(=O)[C@]2(C)CC[C@H]1C2{solv}{x=0.286000}|CCO{solv}{x=0.714000}>,CC1(C)C(=O)[C@]2(C)CC[C@H]1C2,CCO,openff-2.1.0,3,0.612322033868395,0.0394185436470133,0.876,0.0265
23173,2383,dhmix_57626661746168078,73,EnthalpyOfMixing,<Substance CC1(C)C(=O)[C@]2(C)CC[C@H]1C2{solv}{x=0.701000}|CCO{solv}{x=0.299000}>,CC1(C)C(=O)[C@]2(C)CC[C@H]1C2,CCO,openff-2.1.0,3,0.6906073800792001,0.055202168672794,1.0,0.0305
23174,2384,dhmix_287041928444283276,74,EnthalpyOfMixing,<Substance CC1(C)C(=O)[C@]2(C)CC[C@H]1C2{solv}{x=0.488000}|CCO{solv}{x=0.512000}>,CC1(C)C(=O)[C@]2(C)CC[C@H]1C2,CCO,openff-2.1.0,3,0.8420398426310953,0.0441504093478056,1.109,0.0335
23175,2385,dens_618487453946854895,75,Density,<Substance CC1(C)C(=O)[C@]2(C)CC[C@H]1C2{solv}{x=0.501200}|CCO{solv}{x=0.498800}>,CC1(C)C(=O)[C@]2(C)CC[C@H]1C2,CCO,openff-2.1.0,3,0.9099744831383934,0.0002216393176658,0.9005900000000002,5.5000000000000016e-05
23176,2386,dens_1408969463542558504,76,Density,<Substance CC1(C)C(=O)[C@]2(C)CC[C@H]1C2{solv}{x=0.789700}|CCO{solv}{x=0.210300}>,CC1(C)C(=O)[C@]2(C)CC[C@H]1C2,CCO,openff-2.1.0,3,0.9393064365603494,0.0002029260248279,0.9274800000000002,6.0000000000000015e-05
23177,2387,dens_2053919413592536040,77,Density,<Substance CC1(C)C(=O)[C@]2(C)CC[C@H]1C2{solv}{x=0.200200}|CCO{solv}{x=0.799800}>,CC1(C)C(=O)[C@]2(C)CC[C@H]1C2,CCO,openff-2.1.0,3,0.8568381803592656,0.0002466110197367,0.8499000000000002,6.500000000000002e-05
23178,2388,dhmix_24700325920498635,78,EnthalpyOfMixing,<Substance CCC(C)(C)O{solv}{x=0.799400}|CCOC(C)(C)CC{solv}{x=0.200600}>,CCC(C)(C)O,CCOC(C)(C)CC,openff-2.1.0,3,0.6740798149636724,0.0702883050452015,0.448,0.0073
23179,2389,dhmix_252628078473967793,79,EnthalpyOfMixing,<Substance CCC(C)(C)O{solv}{x=0.299700}|CCOC(C)(C)CC{solv}{x=0.700300}>,CCC(C)(C)O,CCOC(C)(C)CC,openff-2.1.0,3,0.9099318065387508,0.0476004073435375,0.9727,0.0132
23180,2390,dens_281609537293621351,80,Density,<Substance CCC(C)(C)O{solv}{x=0.799400}|CCOC(C)(C)CC{solv}{x=0.200600}>,CCC(C)(C)O,CCOC(C)(C)CC,openff-2.1.0,3,0.808352082957151,0.0002160049064391,0.7932000000000002,0.00025
23181,2391,dhmix_980734994193955874,81,EnthalpyOfMixing,<Substance CCC(C)(C)O{solv}{x=0.498700}|CCOC(C)(C)CC{solv}{x=0.501300}>,CCC(C)(C)O,CCOC(C)(C)CC,openff-2.1.0,3,1.1427602111715205,0.0453492375022766,0.8937,0.01225
23182,2392,dens_1165049856972872340,82,Density,<Substance CCC(C)(C)O{solv}{x=0.498700}|CCOC(C)(C)CC{solv}{x=0.501300}>,CCC(C)(C)O,CCOC(C)(C)CC,openff-2.1.0,3,0.7895355700184873,0.0001859799045866,0.7789000000000001,0.0002
23183,2393,dens_2297026976830009992,83,Density,<Substance CCC(C)(C)O{solv}{x=0.299700}|CCOC(C)(C)CC{solv}{x=0.700300}>,CCC(C)(C)O,CCOC(C)(C)CC,openff-2.1.0,3,0.7796152841653603,0.0001940922333066,0.7709000000000001,0.0002
23184,2394,dens_25810987980199799,84,Density,<Substance CCCCCC{solv}{x=0.158800}|Cc1ccccc1{solv}{x=0.841200}>,CCCCCC,Cc1ccccc1,openff-2.1.0,3,0.8119275048263825,0.0002250200958176,0.8226300000000002,0.000335
23185,2395,dens_574637447996217594,85,Density,<Substance CCCCCC{solv}{x=0.501100}|Cc1ccccc1{solv}{x=0.498900}>,CCCCCC,Cc1ccccc1,openff-2.1.0,3,0.7367107526016508,0.0002106072932488,0.7484400000000002,0.00015
23186,2396,dhmix_1373657903424456878,86,EnthalpyOfMixing,<Substance CCCCCC{solv}{x=0.158600}|Cc1ccccc1{solv}{x=0.841400}>,CCCCCC,Cc1ccccc1,openff-2.1.0,3,0.3479334956557665,0.0365866727083754,0.3163,0.0043
23187,2397,dhmix_1383995974797334848,87,EnthalpyOfMixing,<Substance CCCCCC{solv}{x=0.472300}|Cc1ccccc1{solv}{x=0.527700}>,CCCCCC,Cc1ccccc1,openff-2.1.0,3,0.6912334121465307,0.0426103440415638,0.5467,0.00715
23188,2398,dhmix_1412344026798360911,88,EnthalpyOfMixing,<Substance CCCCCC{solv}{x=0.748400}|Cc1ccccc1{solv}{x=0.251600}>,CCCCCC,Cc1ccccc1,openff-2.1.0,3,0.5706274243527503,0.0420323112857687,0.393,0.00525
23189,2399,dens_2241575426887298365,89,Density,<Substance CCCCCC{solv}{x=0.733800}|Cc1ccccc1{solv}{x=0.266200}>,CCCCCC,Cc1ccccc1,openff-2.1.0,3,0.6909817122632954,0.000218269257452,0.7020900000000002,0.000305
23190,2400,dens_27241401908451167,90,Density,<Substance CN(C)C=O{solv}{x=0.503500}|Cc1ccccc1Cl{solv}{x=0.496500}>,CN(C)C=O,Cc1ccccc1Cl,openff-2.1.0,3,1.0147166803610554,0.0002883849345457,1.0247000000000004,0.0005
23191,2401,dhmix_674882857451857086,91,EnthalpyOfMixing,<Substance CN(C)C=O{solv}{x=0.511800}|Cc1ccccc1Cl{solv}{x=0.488200}>,CN(C)C=O,Cc1ccccc1Cl,openff-2.1.0,3,0.3102894405028706,0.0421914805630665,0.545,0.006
23192,2402,dens_818042132181297482,92,Density,<Substance CN(C)C=O{solv}{x=0.751200}|Cc1ccccc1Cl{solv}{x=0.248800}>,CN(C)C=O,Cc1ccccc1Cl,openff-2.1.0,3,0.971427910046302,0.0002598164141767,0.9898800000000002,0.0005
23193,2403,dens_861365281257265917,93,Density,<Substance CN(C)C=O{solv}{x=0.273700}|Cc1ccccc1Cl{solv}{x=0.726300}>,CN(C)C=O,Cc1ccccc1Cl,openff-2.1.0,3,1.0365397422308105,0.0002745724853839,1.0415000000000003,0.0005
23194,2404,dhmix_1670364528496870559,94,EnthalpyOfMixing,<Substance CN(C)C=O{solv}{x=0.767900}|Cc1ccccc1Cl{solv}{x=0.232100}>,CN(C)C=O,Cc1ccccc1Cl,openff-2.1.0,3,0.1788163253317023,0.0416014890463803,0.436,0.005
23195,2405,dhmix_1992689527814967541,95,EnthalpyOfMixing,<Substance CN(C)C=O{solv}{x=0.274300}|Cc1ccccc1Cl{solv}{x=0.725700}>,CN(C)C=O,Cc1ccccc1Cl,openff-2.1.0,3,0.2270465028670187,0.0407387149386744,0.373,0.004
23196,2406,dens_29213618499921464,96,Density,<Substance C1CCOCC1{solv}{x=0.254000}|O=C1CCCCCC1{solv}{x=0.746000}>,C1CCOCC1,O=C1CCCCCC1,openff-2.1.0,3,0.9153528159365631,0.0002039684374057,0.9355100000000002,0.00051
23197,2407,dens_468319504030932569,97,Density,<Substance C1CCOCC1{solv}{x=0.498600}|O=C1CCCCCC1{solv}{x=0.501400}>,C1CCOCC1,O=C1CCCCCC1,openff-2.1.0,3,0.9034590305025018,0.0002503896199777,0.9211200000000004,0.00051
23198,2408,dens_1174890511154571939,98,Density,<Substance C1CCOCC1{solv}{x=0.768600}|O=C1CCCCCC1{solv}{x=0.231400}>,C1CCOCC1,O=C1CCCCCC1,openff-2.1.0,3,0.8897891879513791,0.0002188304059717,0.9012200000000002,0.000505
23199,2409,dens_30084818585402677,99,Density,<Substance CC(=O)N(C)C{solv}{x=0.700600}|ClCCCCCCCl{solv}{x=0.299400}>,CC(=O)N(C)C,ClCCCCCCCl,openff-2.1.0,3,0.9624551049399616,0.0002437117636354,0.9853000000000002,0.00175
23200,2410,dhmix_384619296407103076,100,EnthalpyOfMixing,<Substance CC(=O)N(C)C{solv}{x=0.504000}|ClCCCCCCCl{solv}{x=0.496000}>,CC(=O)N(C)C,ClCCCCCCCl,openff-2.1.0,3,0.2539992446905046,0.046619399914549,0.09,0.002
23201,2411,dens_539464371986972328,101,Density,<Substance CC(=O)N(C)C{solv}{x=0.494300}|ClCCCCCCCl{solv}{x=0.505700}>,CC(=O)N(C)C,ClCCCCCCCl,openff-2.1.0,3,0.998341125851422,0.0002506937650852,1.0123000000000002,0.0016
23202,2412,dhmix_1114659247517686326,102,EnthalpyOfMixing,<Substance CC(=O)N(C)C{solv}{x=0.798000}|ClCCCCCCCl{solv}{x=0.202000}>,CC(=O)N(C)C,ClCCCCCCCl,openff-2.1.0,3,0.2102116175397892,0.0432861816426221,0.067,0.002
23203,2413,dhmix_1410583096030633514,103,EnthalpyOfMixing,<Substance CC(=O)N(C)C{solv}{x=0.212000}|ClCCCCCCCl{solv}{x=0.788000}>,CC(=O)N(C)C,ClCCCCCCCl,openff-2.1.0,3,0.0831321205192523,0.0470609763033931,0.04,0.002
23204,2414,dens_2244909992725638206,104,Density,<Substance CC(=O)N(C)C{solv}{x=0.300200}|ClCCCCCCCl{solv}{x=0.699800}>,CC(=O)N(C)C,ClCCCCCCCl,openff-2.1.0,3,1.0283413574343412,0.0001891713248007,1.0345000000000002,0.0015
23205,2415,dhmix_35301006695188726,105,EnthalpyOfMixing,<Substance CCOC(=O)C(C)C{solv}{x=0.289000}|CO{solv}{x=0.711000}>,CCOC(=O)C(C)C,CO,openff-2.1.0,3,0.5176670040315017,0.0335403686449832,0.488,0.0035
23206,2416,dens_508877804306927207,106,Density,<Substance CCOC(=O)C(C)C{solv}{x=0.499000}|CO{solv}{x=0.501000}>,CCOC(=O)C(C)C,CO,openff-2.1.0,3,0.8451831678647221,0.0003007156997959,0.8414100000000002,0.00011
23207,2417,dens_1201422771202741625,107,Density,<Substance CCOC(=O)C(C)C{solv}{x=0.199600}|CO{solv}{x=0.800400}>,CCOC(=O)C(C)C,CO,openff-2.1.0,3,0.8106090510212736,0.0003494669898869,0.8173600000000002,0.000115
23208,2418,dhmix_1951183536432642425,108,EnthalpyOfMixing,<Substance CCOC(=O)C(C)C{solv}{x=0.480000}|CO{solv}{x=0.520000}>,CCOC(=O)C(C)C,CO,openff-2.1.0,3,0.6896580602757538,0.0388577898345132,0.671,0.0045
23209,2419,dens_1998368384671748308,109,Density,<Substance CCOC(=O)C(C)C{solv}{x=0.703000}|CO{solv}{x=0.297000}>,CCOC(=O)C(C)C,CO,openff-2.1.0,3,0.8585733685704101,0.0002484295204359,0.8501200000000002,0.00011
23210,2420,dhmix_2200604492347455092,110,EnthalpyOfMixing,<Substance CCOC(=O)C(C)C{solv}{x=0.771000}|CO{solv}{x=0.229000}>,CCOC(=O)C(C)C,CO,openff-2.1.0,3,0.5902738535986103,0.0451849337719558,0.632,0.0045
23211,2421,dhmix_39159150320919359,111,EnthalpyOfMixing,<Substance CCO{solv}{x=0.799700}|Cc1cccc(O)c1{solv}{x=0.200300}>,CCO,Cc1cccc(O)c1,openff-2.1.0,3,-0.5355512165713243,0.0345577966601372,-0.79199,0.011965
23212,2422,dens_410843938837220593,112,Density,<Substance CCO{solv}{x=0.263700}|Cc1cccc(O)c1{solv}{x=0.736300}>,CCO,Cc1cccc(O)c1,openff-2.1.0,3,0.9942907464355838,0.0002558164639014,0.9852300000000004,0.0006
23213,2423,dhmix_1115402835538407874,113,EnthalpyOfMixing,<Substance CCO{solv}{x=0.212500}|Cc1cccc(O)c1{solv}{x=0.787500}>,CCO,Cc1cccc(O)c1,openff-2.1.0,3,-0.6375922371254177,0.038217023786209,-0.68742,0.01275
23214,2424,dens_1359111234216199895,114,Density,<Substance CCO{solv}{x=0.472400}|Cc1cccc(O)c1{solv}{x=0.527600}>,CCO,Cc1cccc(O)c1,openff-2.1.0,3,0.9575800332568384,0.0001837719071252,0.9446300000000002,0.0006
23215,2425,dens_1590314985481219627,115,Density,<Substance CCO{solv}{x=0.781700}|Cc1cccc(O)c1{solv}{x=0.218300}>,CCO,Cc1cccc(O)c1,openff-2.1.0,3,0.8751106601647602,0.0002883318924234,0.8631500000000002,0.000605
23216,2426,dhmix_1871939727966182523,116,EnthalpyOfMixing,<Substance CCO{solv}{x=0.413900}|Cc1cccc(O)c1{solv}{x=0.586100}>,CCO,Cc1cccc(O)c1,openff-2.1.0,3,-0.8343289511407903,0.0423019093535697,-1.14624,0.00985
23217,2427,dens_42678158079716854,117,Density,<Substance CN1CCCC1=O{solv}{x=0.937492}|c1ccccc1{solv}{x=0.062508}>,CN1CCCC1=O,c1ccccc1,openff-2.1.0,3,0.9940393702168342,0.0002249674501954,1.0204500000000003,3.500000000000001e-05
23218,2428,dens_252520620125458637,118,Density,<Substance CN1CCCC1=O{solv}{x=0.513500}|c1ccccc1{solv}{x=0.486500}>,CN1CCCC1=O,c1ccccc1,openff-2.1.0,3,0.948552370466115,0.0001440192533908,0.9684700000000004,0.00018
23219,2429,dhmix_524477957640851666,119,EnthalpyOfMixing,<Substance CN1CCCC1=O{solv}{x=0.235600}|c1ccccc1{solv}{x=0.764400}>,CN1CCCC1=O,c1ccccc1,openff-2.1.0,3,-0.1548610361746583,0.0430862182847323,-0.3684,0.00405
23220,2430,dhmix_1475629358723962160,120,EnthalpyOfMixing,<Substance CN1CCCC1=O{solv}{x=0.546700}|c1ccccc1{solv}{x=0.453300}>,CN1CCCC1=O,c1ccccc1,openff-2.1.0,3,-0.2153376163332296,0.0407525869126468,-0.4943,0.00535
23221,2431,dens_2041306780823594960,121,Density,<Substance CN1CCCC1=O{solv}{x=0.252400}|c1ccccc1{solv}{x=0.747600}>,CN1CCCC1=O,c1ccccc1,openff-2.1.0,3,0.9005335638507891,0.0002780855337585,0.9163300000000004,0.00029
23222,2432,dhmix_2156508970935294660,122,EnthalpyOfMixing,<Substance CN1CCCC1=O{solv}{x=0.741100}|c1ccccc1{solv}{x=0.258900}>,CN1CCCC1=O,c1ccccc1,openff-2.1.0,3,-0.1697124231704734,0.0440192539804035,-0.3841,0.0042
23223,2433,dhmix_44217680865702366,123,EnthalpyOfMixing,<Substance CC(=O)c1ccccc1{solv}{x=0.200100}|CC(C)O{solv}{x=0.799900}>,CC(=O)c1ccccc1,CC(C)O,openff-2.1.0,3,0.9617478240673988,0.0382768596373793,1.1352,0.0124
23224,2434,dens_91454082453656404,124,Density,<Substance CC(=O)c1ccccc1{solv}{x=0.756100}|CC(C)O{solv}{x=0.243900}>,CC(=O)c1ccccc1,CC(C)O,openff-2.1.0,3,0.9756236966412232,0.0001910306437002,0.9823500000000004,0.000175
23225,2435,dens_152869924254680766,125,Density,<Substance CC(=O)c1ccccc1{solv}{x=0.251700}|CC(C)O{solv}{x=0.748300}>,CC(=O)c1ccccc1,CC(C)O,openff-2.1.0,3,0.8782380860490919,0.0002345321389302,0.8654400000000002,0.000245
23226,2436,dhmix_1214494501247401592,126,EnthalpyOfMixing,<Substance CC(=O)c1ccccc1{solv}{x=0.499600}|CC(C)O{solv}{x=0.500400}>,CC(=O)c1ccccc1,CC(C)O,openff-2.1.0,3,1.232873018073768,0.0398932515017654,1.5703,0.0169
23227,2437,dhmix_1482394504883204224,127,EnthalpyOfMixing,<Substance CC(=O)c1ccccc1{solv}{x=0.700600}|CC(C)O{solv}{x=0.299400}>,CC(=O)c1ccccc1,CC(C)O,openff-2.1.0,3,1.0553003015678897,0.0372881389419215,1.3758,0.01485
23228,2438,dens_1804860114822214449,128,Density,<Substance CC(=O)c1ccccc1{solv}{x=0.534500}|CC(C)O{solv}{x=0.465500}>,CC(=O)c1ccccc1,CC(C)O,openff-2.1.0,3,0.93857239283462,0.0002052234817152,0.9375600000000002,0.0002
23229,2439,dhmix_47323681380989568,129,EnthalpyOfMixing,<Substance CCCCCCCCCl{solv}{x=0.498000}|CN(C)C=O{solv}{x=0.502000}>,CCCCCCCCCl,CN(C)C=O,openff-2.1.0,3,1.1806641674545943,0.0432276720941837,1.087,0.0045
23230,2440,dhmix_620291288515939248,130,EnthalpyOfMixing,<Substance CCCCCCCCCl{solv}{x=0.790000}|CN(C)C=O{solv}{x=0.210000}>,CCCCCCCCCl,CN(C)C=O,openff-2.1.0,3,0.8409456528184762,0.0534614517036361,0.68,0.0045
23231,2441,dens_1830564734879843336,131,Density,<Substance CCCCCCCCCl{solv}{x=0.733100}|CN(C)C=O{solv}{x=0.266900}>,CCCCCCCCCl,CN(C)C=O,openff-2.1.0,3,0.8728679965198244,0.0002177469290835,0.8779000000000002,0.00045
23232,2442,dens_1865569264533219410,132,Density,<Substance CCCCCCCCCl{solv}{x=0.500800}|CN(C)C=O{solv}{x=0.499200}>,CCCCCCCCCl,CN(C)C=O,openff-2.1.0,3,0.8803332024115147,0.0002158659052646,0.8897000000000003,0.0004
23233,2443,dens_1893252821735673677,133,Density,<Substance CCCCCCCCCl{solv}{x=0.199800}|CN(C)C=O{solv}{x=0.800200}>,CCCCCCCCCl,CN(C)C=O,openff-2.1.0,3,0.898432805168887,0.0002266998430912,0.9149000000000002,0.0003
23234,2444,dhmix_2175249209874409534,134,EnthalpyOfMixing,<Substance CCCCCCCCCl{solv}{x=0.205000}|CN(C)C=O{solv}{x=0.795000}>,CCCCCCCCCl,CN(C)C=O,openff-2.1.0,3,0.967403374092754,0.0427731532995095,0.79,0.0045
23235,2445,dens_47347406470845261,135,Density,<Substance BrCCCBr{solv}{x=0.748600}|COC=O{solv}{x=0.251400}>,BrCCCBr,COC=O,openff-2.1.0,3,1.7633125865115045,0.0005306623974254,1.7969200000000003,0.00306
23236,2446,dens_398260729245374704,136,Density,<Substance BrCCCBr{solv}{x=0.472200}|COC=O{solv}{x=0.527800}>,BrCCCBr,COC=O,openff-2.1.0,3,1.5533625226890713,0.0005124152963159,1.5585100000000005,0.001985
23237,2447,dhmix_1440467239786579925,137,EnthalpyOfMixing,<Substance BrCCCBr{solv}{x=0.735400}|COC=O{solv}{x=0.264600}>,BrCCCBr,COC=O,openff-2.1.0,3,0.7361369268811764,0.0376150861089169,0.7435,0.00655
23238,2448,dens_1812113401512645360,138,Density,<Substance BrCCCBr{solv}{x=0.204700}|COC=O{solv}{x=0.795300}>,BrCCCBr,COC=O,openff-2.1.0,3,1.2836424519039555,0.000429530240052,1.2611800000000004,0.001025
23239,2449,dhmix_2252268161220427112,139,EnthalpyOfMixing,<Substance BrCCCBr{solv}{x=0.485300}|COC=O{solv}{x=0.514700}>,BrCCCBr,COC=O,openff-2.1.0,3,0.9661331588027976,0.0318607721116715,0.9249,0.00795
23240,2450,dhmix_2289960806584862127,140,EnthalpyOfMixing,<Substance BrCCCBr{solv}{x=0.239500}|COC=O{solv}{x=0.760500}>,BrCCCBr,COC=O,openff-2.1.0,3,0.6770608956963677,0.0335190265474088,0.6669,0.00595
23241,2451,dens_52148744845178727,141,Density,<Substance CC(=O)CC(C)C{solv}{x=0.700900}|CCC(C)(C)O{solv}{x=0.299100}>,CC(=O)CC(C)C,CCC(C)(C)O,openff-2.1.0,3,0.8008566185123034,0.0001958760818645,0.7968700000000002,0.00018
23242,2452,dhmix_202225007451030020,142,EnthalpyOfMixing,<Substance CC(=O)CC(C)C{solv}{x=0.201700}|CCC(C)(C)O{solv}{x=0.798300}>,CC(=O)CC(C)C,CCC(C)(C)O,openff-2.1.0,3,0.3381071207129418,0.0498472185457209,0.8181,0.01135
23243,2453,dens_938275493819605051,143,Density,<Substance CC(=O)CC(C)C{solv}{x=0.500800}|CCC(C)(C)O{solv}{x=0.499200}>,CC(=O)CC(C)C,CCC(C)(C)O,openff-2.1.0,3,0.8065299233663098,0.0001941353854783,0.7987300000000002,0.00018
23244,2454,dhmix_998794233701009996,144,EnthalpyOfMixing,<Substance CC(=O)CC(C)C{solv}{x=0.500800}|CCC(C)(C)O{solv}{x=0.499200}>,CC(=O)CC(C)C,CCC(C)(C)O,openff-2.1.0,3,0.3777194578566334,0.0422201439729464,1.3674,0.0185
23245,2455,dhmix_1565593158104493647,145,EnthalpyOfMixing,<Substance CC(=O)CC(C)C{solv}{x=0.700900}|CCC(C)(C)O{solv}{x=0.299100}>,CC(=O)CC(C)C,CCC(C)(C)O,openff-2.1.0,3,0.4810472404048624,0.0424596283820618,1.2068,0.0164
23246,2456,dens_2097057526665137697,146,Density,<Substance CC(=O)CC(C)C{solv}{x=0.201700}|CCC(C)(C)O{solv}{x=0.798300}>,CC(=O)CC(C)C,CCC(C)(C)O,openff-2.1.0,3,0.816882181370281,0.000229877134865,0.8030000000000002,0.00019
23247,2457,dens_60145312697659458,147,Density,<Substance OC1=NCCC1{solv}{x=0.231200}|c1ccncc1{solv}{x=0.768800}>,OC1=NCCC1,c1ccncc1,openff-2.1.0,3,1.0042734065063537,0.000246336333147,1.0106200000000003,0.00051
23248,2458,dhmix_281987656487279026,148,EnthalpyOfMixing,<Substance OC1=NCCC1{solv}{x=0.525600}|c1ccncc1{solv}{x=0.474400}>,OC1=NCCC1,c1ccncc1,openff-2.1.0,3,-0.3365669450467976,0.0367803225021126,0.2031,0.0508
23249,2459,dens_617740093035429712,149,Density,<Substance OC1=NCCC1{solv}{x=0.831200}|c1ccncc1{solv}{x=0.168800}>,OC1=NCCC1,c1ccncc1,openff-2.1.0,3,1.0546528267712283,0.0001986342842791,1.0872000000000004,0.00052
23250,2460,dhmix_658699797311871042,150,EnthalpyOfMixing,<Substance OC1=NCCC1{solv}{x=0.261500}|c1ccncc1{solv}{x=0.738500}>,OC1=NCCC1,c1ccncc1,openff-2.1.0,3,-0.1834018976214366,0.0405878259059361,0.165,0.04125
23251,2461,dhmix_774470106511868908,151,EnthalpyOfMixing,<Substance OC1=NCCC1{solv}{x=0.831100}|c1ccncc1{solv}{x=0.168900}>,OC1=NCCC1,c1ccncc1,openff-2.1.0,3,-0.0967144321099482,0.0424311826980765,0.0972,0.0243
23252,2462,dens_1837977312272564303,152,Density,<Substance OC1=NCCC1{solv}{x=0.475200}|c1ccncc1{solv}{x=0.524800}>,OC1=NCCC1,c1ccncc1,openff-2.1.0,3,1.026854758222234,0.0002483248167865,1.0431300000000003,0.000515
23253,2463,dens_64870336397637683,153,Density,<Substance NCCCO{solv}{x=0.489642}|O{solv}{x=0.510358}>,NCCCO,O,openff-2.1.0,3,1.0299477928707474,0.000335683500168,1.0059000000000002,0.00155
23254,2464,dens_70371380055449550,154,Density,<Substance NCCCO{solv}{x=0.708044}|O{solv}{x=0.291956}>,NCCCO,O,openff-2.1.0,3,1.0363932502376147,0.0003547251339027,0.9975000000000004,0.0018
23255,2465,dhmix_150384853762728924,155,EnthalpyOfMixing,<Substance NCCCO{solv}{x=0.751500}|O{solv}{x=0.248500}>,NCCCO,O,openff-2.1.0,3,-0.6858374961832148,0.0572920435438024,-1.531,0.031
23256,2466,dens_847209819230970781,156,Density,<Substance NCCCO{solv}{x=0.272809}|O{solv}{x=0.727191}>,NCCCO,O,openff-2.1.0,3,1.0205193376298265,0.0003750640270408,1.0118000000000005,0.0014
23257,2467,dhmix_1448036989335532298,157,EnthalpyOfMixing,<Substance NCCCO{solv}{x=0.298200}|O{solv}{x=0.701800}>,NCCCO,O,openff-2.1.0,3,-0.5590292170561746,0.0275504306246552,-2.501,0.051
23258,2468,dhmix_1551692974855642379,158,EnthalpyOfMixing,<Substance NCCCO{solv}{x=0.498900}|O{solv}{x=0.501100}>,NCCCO,O,openff-2.1.0,3,-0.6635552260117912,0.0382514679331834,-2.462,0.05
23259,2469,dhmix_65921650414250861,159,EnthalpyOfMixing,<Substance CCOC(=O)CC(C)=O{solv}{x=0.499500}|CCO{solv}{x=0.500500}>,CCO,CCOC(=O)CC(C)=O,openff-2.1.0,3,1.453100106399603,0.0415253100063868,1.7079,0.0183
23260,2470,dhmix_546962203716710778,160,EnthalpyOfMixing,<Substance CCOC(=O)CC(C)=O{solv}{x=0.299400}|CCO{solv}{x=0.700600}>,CCO,CCOC(=O)CC(C)=O,openff-2.1.0,3,1.2852290131623505,0.0386898274375806,1.4925,0.01605
23261,2471,dens_989479368116300355,161,Density,<Substance CCOC(=O)CC(C)=O{solv}{x=0.500000}|CCO{solv}{x=0.500000}>,CCO,CCOC(=O)CC(C)=O,openff-2.1.0,3,0.9569039052623316,0.0002572884009103,0.9484700000000004,0.000155
23262,2472,dens_1726065156375824332,162,Density,<Substance CCOC(=O)CC(C)=O{solv}{x=0.250000}|CCO{solv}{x=0.750000}>,CCO,CCOC(=O)CC(C)=O,openff-2.1.0,3,0.8927356947040933,0.0002508841053025,0.8856300000000003,0.00017
23263,2473,dens_1736679431098209973,163,Density,<Substance CCOC(=O)CC(C)=O{solv}{x=0.750000}|CCO{solv}{x=0.250000}>,CCO,CCOC(=O)CC(C)=O,openff-2.1.0,3,0.9992114802365418,0.0002216414879789,0.9917100000000004,0.00017
23264,2474,dhmix_2221487218644783272,164,EnthalpyOfMixing,<Substance CCOC(=O)CC(C)=O{solv}{x=0.700800}|CCO{solv}{x=0.299200}>,CCO,CCOC(=O)CC(C)=O,openff-2.1.0,3,1.089514225246262,0.0489835328135996,1.478,0.0159
23265,2475,dhmix_68947190908856741,165,EnthalpyOfMixing,<Substance C1COCCO1{solv}{x=0.250000}|O=C1CCCC1{solv}{x=0.750000}>,C1COCCO1,O=C1CCCC1,openff-2.1.0,3,-0.043219992113137,0.0331922900940732,0.04589,0.00057
23266,2476,dens_225413782402822877,166,Density,<Substance C1COCCO1{solv}{x=0.777800}|O=C1CCCC1{solv}{x=0.222200}>,C1COCCO1,O=C1CCCC1,openff-2.1.0,3,1.00963224124274,0.000194977075902,1.0081000000000002,0.000255
23267,2477,dhmix_415496698649060745,167,EnthalpyOfMixing,<Substance C1COCCO1{solv}{x=0.500000}|O=C1CCCC1{solv}{x=0.500000}>,C1COCCO1,O=C1CCCC1,openff-2.1.0,3,-0.0442585863445685,0.0408994575890311,0.07457,0.00068
23268,2478,dens_803440153424346423,168,Density,<Substance C1COCCO1{solv}{x=0.506300}|O=C1CCCC1{solv}{x=0.493700}>,C1COCCO1,O=C1CCCC1,openff-2.1.0,3,0.9763711249072696,0.000231531095481,0.9849200000000002,0.00025
23269,2479,dens_1553194080174872005,169,Density,<Substance C1COCCO1{solv}{x=0.243600}|O=C1CCCC1{solv}{x=0.756400}>,C1COCCO1,O=C1CCCC1,openff-2.1.0,3,0.9447323940903124,0.0002211350336379,0.9633500000000004,0.000245
23270,2480,dhmix_1852349497898107924,170,EnthalpyOfMixing,<Substance C1COCCO1{solv}{x=0.750000}|O=C1CCCC1{solv}{x=0.250000}>,C1COCCO1,O=C1CCCC1,openff-2.1.0,3,0.0373679594434293,0.0413483355034269,0.07097,0.000665
23271,2481,dhmix_71170350241685196,171,EnthalpyOfMixing,<Substance COC(C)(C)C{solv}{x=0.749000}|ClC(Cl)Cl{solv}{x=0.251000}>,COC(C)(C)C,ClC(Cl)Cl,openff-2.1.0,3,-1.17283097842272,0.0438536831955064,-1.9,0.077
23272,2482,dens_554111049740737271,172,Density,<Substance COC(C)(C)C{solv}{x=0.454000}|ClC(Cl)Cl{solv}{x=0.546000}>,COC(C)(C)C,ClC(Cl)Cl,openff-2.1.0,3,1.1326402250793757,0.0003684513704842,1.0838000000000003,0.00015
23273,2483,dhmix_1691495556773848750,173,EnthalpyOfMixing,<Substance COC(C)(C)C{solv}{x=0.484000}|ClC(Cl)Cl{solv}{x=0.516000}>,COC(C)(C)C,ClC(Cl)Cl,openff-2.1.0,3,-1.718376349932111,0.0343739119141187,-2.1,0.0845
23274,2484,dens_1874337336846858625,174,Density,<Substance COC(C)(C)C{solv}{x=0.276000}|ClC(Cl)Cl{solv}{x=0.724000}>,COC(C)(C)C,ClC(Cl)Cl,openff-2.1.0,3,1.2944484610124805,0.0003381769668437,1.2259000000000004,0.0002
23275,2485,dens_2136498248834183810,175,Density,<Substance COC(C)(C)C{solv}{x=0.728600}|ClC(Cl)Cl{solv}{x=0.271400}>,COC(C)(C)C,ClC(Cl)Cl,openff-2.1.0,3,0.922029064674052,0.0003183130230766,0.8956000000000003,0.00015
23276,2486,dhmix_2232264038422377060,176,EnthalpyOfMixing,<Substance COC(C)(C)C{solv}{x=0.220000}|ClC(Cl)Cl{solv}{x=0.780000}>,COC(C)(C)C,ClC(Cl)Cl,openff-2.1.0,3,-1.1612422186026397,0.0303307158021323,-1.5,0.0605
23277,2487,dhmix_73322629991074290,177,EnthalpyOfMixing,<Substance CCC(C)=O{solv}{x=0.212400}|CCN(CC)CC{solv}{x=0.787600}>,CCC(C)=O,CCN(CC)CC,openff-2.1.0,3,0.3355445515257784,0.0507300655020615,0.57,0.006
23278,2488,dens_317201778138256714,178,Density,<Substance CCC(C)=O{solv}{x=0.261000}|CCN(CC)CC{solv}{x=0.739000}>,CCC(C)=O,CCN(CC)CC,openff-2.1.0,3,0.735733922845494,0.0002290012908034,0.7361510000000001,0.000106
23279,2489,dens_544322850735592196,179,Density,<Substance CCC(C)=O{solv}{x=0.510600}|CCN(CC)CC{solv}{x=0.489400}>,CCC(C)=O,CCN(CC)CC,openff-2.1.0,3,0.7468715034424372,0.0002360962654666,0.7527560000000002,0.0001045
23280,2490,dhmix_690665189446107141,180,EnthalpyOfMixing,<Substance CCC(C)=O{solv}{x=0.496700}|CCN(CC)CC{solv}{x=0.503300}>,CCC(C)=O,CCN(CC)CC,openff-2.1.0,3,0.5123640875839044,0.0453858012196463,0.746,0.008
23281,2491,dhmix_935249702283890201,181,EnthalpyOfMixing,<Substance CCC(C)=O{solv}{x=0.789300}|CCN(CC)CC{solv}{x=0.210700}>,CCC(C)=O,CCN(CC)CC,openff-2.1.0,3,0.450323341391643,0.0422004820163326,0.455,0.005
23282,2492,dens_1635002920322954883,182,Density,<Substance CCC(C)=O{solv}{x=0.760400}|CCN(CC)CC{solv}{x=0.239600}>,CCC(C)=O,CCN(CC)CC,openff-2.1.0,3,0.7600401392519457,0.0002330655673103,0.7738830000000002,9.900000000000003e-05
23283,2493,dhmix_76833325524040726,183,EnthalpyOfMixing,<Substance C1CCCCC1{solv}{x=0.260600}|c1ccccc1{solv}{x=0.739400}>,C1CCCCC1,c1ccccc1,openff-2.1.0,3,0.7353889993093219,0.0363514920629108,0.6282,0.00695
23284,2494,dens_330305790736126156,184,Density,<Substance C1CCCCC1{solv}{x=0.499600}|c1ccccc1{solv}{x=0.500400}>,C1CCCCC1,c1ccccc1,openff-2.1.0,3,0.7981093891026402,0.0002518575691716,0.8136000000000002,0.0002
23285,2495,dhmix_460305358266375837,185,EnthalpyOfMixing,<Substance C1CCCCC1{solv}{x=0.766800}|c1ccccc1{solv}{x=0.233200}>,C1CCCCC1,c1ccccc1,openff-2.1.0,3,0.6399114474554892,0.0402759460988542,0.5517,0.00725
23286,2496,dens_1579941980285561951,186,Density,<Substance C1CCCCC1{solv}{x=0.249800}|c1ccccc1{solv}{x=0.750200}>,C1CCCCC1,c1ccccc1,openff-2.1.0,3,0.8266269841112305,0.0002643009560611,0.8405780000000002,7.05e-05
23287,2497,dhmix_1824194485055356086,187,EnthalpyOfMixing,<Substance C1CCCCC1{solv}{x=0.501200}|c1ccccc1{solv}{x=0.498800}>,C1CCCCC1,c1ccccc1,openff-2.1.0,3,0.8798223273240353,0.0385189101084982,0.7893,0.00655
23288,2498,dens_1871885279620492514,188,Density,<Substance C1CCCCC1{solv}{x=0.732300}|c1ccccc1{solv}{x=0.267700}>,C1CCCCC1,c1ccccc1,openff-2.1.0,3,0.7770381340763687,0.0002524741253972,0.7929200000000002,7.450000000000001e-05
23289,2499,dens_78518696584109468,189,Density,<Substance CN(CCO)CCO{solv}{x=0.743000}|O{solv}{x=0.257000}>,CN(CCO)CCO,O,openff-2.1.0,3,1.045766311273182,0.0003017718228031,1.0405100000000005,0.000286
23290,2500,dens_169053214615075062,190,Density,<Substance CN(CCO)CCO{solv}{x=0.257100}|O{solv}{x=0.742900}>,CN(CCO)CCO,O,openff-2.1.0,3,1.0363066183219989,0.0003429545681288,1.0522550000000004,0.000221
23291,2501,dhmix_750283179383190388,191,EnthalpyOfMixing,<Substance CN(CCO)CCO{solv}{x=0.741100}|O{solv}{x=0.258900}>,CN(CCO)CCO,O,openff-2.1.0,3,-0.5726301682450128,0.0544407721683316,-1.154,0.0125
23292,2502,dhmix_1537351248216247854,192,EnthalpyOfMixing,<Substance CN(CCO)CCO{solv}{x=0.259300}|O{solv}{x=0.740700}>,CN(CCO)CCO,O,openff-2.1.0,3,-0.7896511206138506,0.0313078749476025,-2.271,0.046
23293,2503,dens_1700904374078825036,193,Density,<Substance CN(CCO)CCO{solv}{x=0.484900}|O{solv}{x=0.515100}>,CN(CCO)CCO,O,openff-2.1.0,3,1.0446542258703142,0.0003074354759512,1.048636,0.0002475
23294,2504,dhmix_1761290393567900831,194,EnthalpyOfMixing,<Substance CN(CCO)CCO{solv}{x=0.494100}|O{solv}{x=0.505900}>,CN(CCO)CCO,O,openff-2.1.0,3,-1.201804181283748,0.0360880334395647,-2.072,0.042
23295,2505,dhmix_81883535492439507,195,EnthalpyOfMixing,<Substance C1COCO1{solv}{x=0.200000}|O=C1CCCC1{solv}{x=0.800000}>,C1COCO1,O=C1CCCC1,openff-2.1.0,3,-0.0656495226673499,0.0413083534218827,-0.00853,0.000425
23296,2506,dens_192935635984964537,196,Density,<Substance C1COCO1{solv}{x=0.509000}|O=C1CCCC1{solv}{x=0.491000}>,C1COCO1,O=C1CCCC1,openff-2.1.0,3,0.9978187883485444,0.0002570293726076,0.9954700000000004,0.000255
23297,2507,dhmix_309530351940031317,197,EnthalpyOfMixing,<Substance C1COCO1{solv}{x=0.700000}|O=C1CCCC1{solv}{x=0.300000}>,C1COCO1,O=C1CCCC1,openff-2.1.0,3,-0.0913767236727949,0.0366430686821467,-0.02292,0.00048
23298,2508,dhmix_1480225642523009634,198,EnthalpyOfMixing,<Substance C1COCO1{solv}{x=0.500000}|O=C1CCCC1{solv}{x=0.500000}>,C1COCO1,O=C1CCCC1,openff-2.1.0,3,-0.0671938742971747,0.0350544580263807,-0.02181,0.000475
23299,2509,dens_1663189314624242951,199,Density,<Substance C1COCO1{solv}{x=0.225100}|O=C1CCCC1{solv}{x=0.774900}>,C1COCO1,O=C1CCCC1,openff-2.1.0,3,0.9495032807231708,0.0001897263116804,0.9652800000000002,0.000245
23300,2510,dens_1684591254659727640,200,Density,<Substance C1COCO1{solv}{x=0.789100}|O=C1CCCC1{solv}{x=0.210900}>,C1COCO1,O=C1CCCC1,openff-2.1.0,3,1.0519563644050318,0.0002461527854023,1.02957,0.00026
23301,2511,dens_82854054922011802,201,Density,<Substance c1cc[nH]c1{solv}{x=0.542600}|c1ccncc1{solv}{x=0.457400}>,c1cc[nH]c1,c1ccncc1,openff-2.1.0,3,0.9788909607323274,0.0002736766062556,0.9706400000000002,5.5000000000000016e-05
23302,2512,dens_332042143272324658,202,Density,<Substance c1cc[nH]c1{solv}{x=0.755400}|c1ccncc1{solv}{x=0.244600}>,c1cc[nH]c1,c1ccncc1,openff-2.1.0,3,0.9786912944896898,0.0002818793762026,0.9676900000000004,5.5000000000000016e-05
23303,2513,dhmix_582184351339863568,203,EnthalpyOfMixing,<Substance c1cc[nH]c1{solv}{x=0.760200}|c1ccncc1{solv}{x=0.239800}>,c1cc[nH]c1,c1ccncc1,openff-2.1.0,3,-0.0834782526041237,0.0345156331294957,-1.6452,0.01075
23304,2514,dhmix_809205277185290719,204,EnthalpyOfMixing,<Substance c1cc[nH]c1{solv}{x=0.509500}|c1ccncc1{solv}{x=0.490500}>,c1cc[nH]c1,c1ccncc1,openff-2.1.0,3,-0.1390293652178584,0.0357348652875887,-2.649,0.01645
23305,2515,dens_1187941919350264461,205,Density,<Substance c1cc[nH]c1{solv}{x=0.227300}|c1ccncc1{solv}{x=0.772700}>,c1cc[nH]c1,c1ccncc1,openff-2.1.0,3,0.9800309771303684,0.0002861180907754,0.9755600000000002,5.5000000000000016e-05
23306,2516,dhmix_2302696180464118683,206,EnthalpyOfMixing,<Substance c1cc[nH]c1{solv}{x=0.239500}|c1ccncc1{solv}{x=0.760500}>,c1cc[nH]c1,c1ccncc1,openff-2.1.0,3,-0.1615846976653552,0.0387492967417732,-1.7662,0.01145
23307,2517,dhmix_84488753175979819,207,EnthalpyOfMixing,<Substance C1CCOCC1{solv}{x=0.500000}|CCO{solv}{x=0.500000}>,C1CCOCC1,CCO,openff-2.1.0,3,0.9243040189922204,0.0314331629099796,0.8491,0.00794
23308,2518,dens_904236164857914889,208,Density,<Substance C1CCOCC1{solv}{x=0.701000}|CCO{solv}{x=0.299000}>,C1CCOCC1,CCO,openff-2.1.0,3,0.8563625871226714,0.0002894953142446,0.8595400000000002,8.500000000000002e-05
23309,2519,dhmix_923986751684807715,209,EnthalpyOfMixing,<Substance C1CCOCC1{solv}{x=0.750000}|CCO{solv}{x=0.250000}>,C1CCOCC1,CCO,openff-2.1.0,3,0.9110203434994516,0.0418584110811569,0.75364,0.007115
23310,2520,dhmix_927648698725704337,210,EnthalpyOfMixing,<Substance C1CCOCC1{solv}{x=0.250000}|CCO{solv}{x=0.750000}>,C1CCOCC1,CCO,openff-2.1.0,3,0.6339149389344954,0.0337067030803049,0.57017,0.00553
23311,2521,dens_1095414448718823860,211,Density,<Substance C1CCOCC1{solv}{x=0.504000}|CCO{solv}{x=0.496000}>,C1CCOCC1,CCO,openff-2.1.0,3,0.8422313896220821,0.0002942784730221,0.8440100000000001,0.0001
23312,2522,dens_1309012152943788187,212,Density,<Substance C1CCOCC1{solv}{x=0.284000}|CCO{solv}{x=0.716000}>,C1CCOCC1,CCO,openff-2.1.0,3,0.8226300663554568,0.0002837764997668,0.8227400000000002,0.00012
23313,2523,dens_88489471162801298,213,Density,<Substance CC(C)=O{solv}{x=0.248400}|Nc1ccccc1{solv}{x=0.751600}>,CC(C)=O,Nc1ccccc1,openff-2.1.0,3,1.008530482819139,0.0004021083295504,0.9768950000000002,0.0001055
23314,2524,dens_892449093930393176,214,Density,<Substance CC(C)=O{solv}{x=0.411400}|Nc1ccccc1{solv}{x=0.588600}>,CC(C)=O,Nc1ccccc1,openff-2.1.0,3,0.9663319545766452,0.0002152803277581,0.9457730000000002,0.0001285
23315,2525,dens_1087594007698023193,215,Density,<Substance CC(C)=O{solv}{x=0.699300}|Nc1ccccc1{solv}{x=0.300700}>,CC(C)=O,Nc1ccccc1,openff-2.1.0,3,0.8806418397444218,0.0002765702643877,0.8786430000000003,0.000178
23316,2526,dhmix_1461699545612032563,216,EnthalpyOfMixing,<Substance CC(C)=O{solv}{x=0.214500}|Nc1ccccc1{solv}{x=0.785500}>,CC(C)=O,Nc1ccccc1,openff-2.1.0,3,-0.2258718433475337,0.0308721988982209,-0.746,0.008
23317,2527,dhmix_1577476208805542019,217,EnthalpyOfMixing,<Substance CC(C)=O{solv}{x=0.699100}|Nc1ccccc1{solv}{x=0.300900}>,CC(C)=O,Nc1ccccc1,openff-2.1.0,3,-0.9536443378935432,0.0324924472726301,-1.076,0.0115
23318,2528,dhmix_2267661763264899390,218,EnthalpyOfMixing,<Substance CC(C)=O{solv}{x=0.410700}|Nc1ccccc1{solv}{x=0.589300}>,CC(C)=O,Nc1ccccc1,openff-2.1.0,3,-0.7536609617133081,0.0354812733807569,-1.165,0.0125
23319,2529,dhmix_90851537891129625,219,EnthalpyOfMixing,<Substance C1CCOCC1{solv}{x=0.268300}|Cc1ccccn1{solv}{x=0.731700}>,C1CCOCC1,Cc1ccccn1,openff-2.1.0,3,0.0600878439618206,0.0405766127478761,0.1057,0.00105
23320,2530,dhmix_975790739707505549,220,EnthalpyOfMixing,<Substance C1CCOCC1{solv}{x=0.482200}|Cc1ccccn1{solv}{x=0.517800}>,C1CCOCC1,Cc1ccccn1,openff-2.1.0,3,0.0727400684426684,0.0425035942242071,0.1728,0.00135
23321,2531,dens_981500521813591443,221,Density,<Substance C1CCOCC1{solv}{x=0.491600}|Cc1ccccn1{solv}{x=0.508400}>,C1CCOCC1,Cc1ccccn1,openff-2.1.0,3,0.9105086600435098,0.0002267842622197,0.910915,0.000475
23322,2532,dens_1237050172671894703,222,Density,<Substance C1CCOCC1{solv}{x=0.237300}|Cc1ccccn1{solv}{x=0.762700}>,C1CCOCC1,Cc1ccccn1,openff-2.1.0,3,0.9277127582810892,0.0002446324801402,0.9261620000000004,0.0004855
23323,2533,dhmix_1841520238596708010,223,EnthalpyOfMixing,<Substance C1CCOCC1{solv}{x=0.821600}|Cc1ccccn1{solv}{x=0.178400}>,C1CCOCC1,Cc1ccccn1,openff-2.1.0,3,0.0945428713124698,0.0440129185138991,0.1352,0.0012
23324,2534,dens_1852422594896475094,224,Density,<Substance C1CCOCC1{solv}{x=0.821900}|Cc1ccccn1{solv}{x=0.178100}>,C1CCOCC1,Cc1ccccn1,openff-2.1.0,3,0.8767945037416139,0.0002485368816434,0.8802920000000002,0.000454
23325,2535,dhmix_93676522673462266,225,EnthalpyOfMixing,<Substance CC(=O)N(C)C{solv}{x=0.702000}|ClCCCl{solv}{x=0.298000}>,CC(=O)N(C)C,ClCCCl,openff-2.1.0,3,-0.4979774583229019,0.0352059658489235,-0.706,0.004
23326,2536,dens_466640151895915379,226,Density,<Substance CC(=O)N(C)C{solv}{x=0.499900}|ClCCCl{solv}{x=0.500100}>,CC(=O)N(C)C,ClCCCl,openff-2.1.0,3,1.0520184270495938,0.0003262282619796,1.0774000000000004,0.00325
23327,2537,dhmix_504891727488256514,227,EnthalpyOfMixing,<Substance CC(=O)N(C)C{solv}{x=0.202000}|ClCCCl{solv}{x=0.798000}>,CC(=O)N(C)C,ClCCCl,openff-2.1.0,3,-0.3673065777359809,0.0341561184623197,-0.586,0.004
23328,2538,dens_1432716574300574119,228,Density,<Substance CC(=O)N(C)C{solv}{x=0.298800}|ClCCCl{solv}{x=0.701200}>,CC(=O)N(C)C,ClCCCl,openff-2.1.0,3,1.1205848037435204,0.0003715749050661,1.1413000000000002,0.00345
23329,2539,dens_1909242265481868478,229,Density,<Substance CC(=O)N(C)C{solv}{x=0.700800}|ClCCCl{solv}{x=0.299200}>,CC(=O)N(C)C,ClCCCl,openff-2.1.0,3,0.9875465117113956,0.0002483330305864,1.0181000000000002,0.00305
23330,2540,dhmix_2201663021806040380,230,EnthalpyOfMixing,<Substance CC(=O)N(C)C{solv}{x=0.500000}|ClCCCl{solv}{x=0.500000}>,CC(=O)N(C)C,ClCCCl,openff-2.1.0,3,-0.5609551526808693,0.0338526741366495,-0.885,0.004
23331,2541,dhmix_101847702994296892,231,EnthalpyOfMixing,<Substance CCCCCCCl{solv}{x=0.790000}|CN1CCCC1=O{solv}{x=0.210000}>,CCCCCCCl,CN1CCCC1=O,openff-2.1.0,3,0.6217750170244187,0.0396410526326301,0.232,0.0025
23332,2542,dhmix_275814181113182192,232,EnthalpyOfMixing,<Substance CCCCCCCl{solv}{x=0.497000}|CN1CCCC1=O{solv}{x=0.503000}>,CCCCCCCl,CN1CCCC1=O,openff-2.1.0,3,0.9385808114843854,0.0454296155989174,0.416,0.0025
23333,2543,dens_441375838683668512,233,Density,<Substance CCCCCCCl{solv}{x=0.499300}|CN1CCCC1=O{solv}{x=0.500700}>,CCCCCCCl,CN1CCCC1=O,openff-2.1.0,3,0.9278522853988338,0.0002214809047149,0.9389000000000002,0.0002
23334,2544,dhmix_840847840731542643,234,EnthalpyOfMixing,<Substance CCCCCCCl{solv}{x=0.203000}|CN1CCCC1=O{solv}{x=0.797000}>,CCCCCCCl,CN1CCCC1=O,openff-2.1.0,3,0.6528354625612423,0.047157016525348,0.319,0.0025
23335,2545,dens_1314691253679633833,235,Density,<Substance CCCCCCCl{solv}{x=0.298400}|CN1CCCC1=O{solv}{x=0.701600}>,CCCCCCCl,CN1CCCC1=O,openff-2.1.0,3,0.9545529466522544,0.0002221132882301,0.9715000000000004,0.0002
23336,2546,dens_1366683244756558841,236,Density,<Substance CCCCCCCl{solv}{x=0.801200}|CN1CCCC1=O{solv}{x=0.198800}>,CCCCCCCl,CN1CCCC1=O,openff-2.1.0,3,0.8901652806978518,0.0002137724077188,0.8970000000000002,0.0003
23337,2547,dhmix_107460606439569535,237,EnthalpyOfMixing,<Substance C1COCCO1{solv}{x=0.572500}|O=C1CCCCCC1{solv}{x=0.427500}>,C1COCCO1,O=C1CCCCCC1,openff-2.1.0,3,0.1750774998944848,0.0438011575074617,0.1032,0.00125
23338,2548,dens_229535957420918177,238,Density,<Substance C1COCCO1{solv}{x=0.748900}|O=C1CCCCCC1{solv}{x=0.251100}>,C1COCCO1,O=C1CCCCCC1,openff-2.1.0,3,0.9999042761577333,0.0001980817678569,0.9994100000000002,0.00051
23339,2549,dhmix_1101001475632451077,239,EnthalpyOfMixing,<Substance C1COCCO1{solv}{x=0.225200}|O=C1CCCCCC1{solv}{x=0.774800}>,C1COCCO1,O=C1CCCCCC1,openff-2.1.0,3,0.1343641747144488,0.0494661052799399,0.0783,0.001
23340,2550,dens_1711999737319704820,240,Density,<Substance C1COCCO1{solv}{x=0.572300}|O=C1CCCCCC1{solv}{x=0.427700}>,C1COCCO1,O=C1CCCCCC1,openff-2.1.0,3,0.968159710212713,0.0002160539947303,0.9737000000000002,0.00051
23341,2551,dens_1973863157285112004,241,Density,<Substance C1COCCO1{solv}{x=0.255500}|O=C1CCCCCC1{solv}{x=0.744500}>,C1COCCO1,O=C1CCCCCC1,openff-2.1.0,3,0.946274026483116,0.0002068323325083,0.9616800000000002,0.000515
23342,2552,dhmix_2239035738396328121,242,EnthalpyOfMixing,<Substance C1COCCO1{solv}{x=0.771600}|O=C1CCCCCC1{solv}{x=0.228400}>,C1COCCO1,O=C1CCCCCC1,openff-2.1.0,3,0.2746094703837087,0.045023483298415,0.0694,0.0009
23343,2553,dhmix_110368175234083214,243,EnthalpyOfMixing,<Substance CC#N{solv}{x=0.201600}|CCOC(C)(C)CC{solv}{x=0.798400}>,CC#N,CCOC(C)(C)CC,openff-2.1.0,3,0.2133737311514281,0.0483804842220241,0.6411,0.0087
23344,2554,dhmix_565046024644834395,244,EnthalpyOfMixing,<Substance CC#N{solv}{x=0.700400}|CCOC(C)(C)CC{solv}{x=0.299600}>,CC#N,CCOC(C)(C)CC,openff-2.1.0,3,0.3906875864619145,0.0298537908508078,0.8397,0.0113
23345,2555,dens_865362803305469370,245,Density,<Substance CC#N{solv}{x=0.502400}|CCOC(C)(C)CC{solv}{x=0.497600}>,CC#N,CCOC(C)(C)CC,openff-2.1.0,3,0.770635346290668,0.0002374640198369,0.7675000000000002,0.00035
23346,2556,dhmix_1131176031733024874,246,EnthalpyOfMixing,<Substance CC#N{solv}{x=0.502400}|CCOC(C)(C)CC{solv}{x=0.497600}>,CC#N,CCOC(C)(C)CC,openff-2.1.0,3,0.3714660164956953,0.0401699388442572,0.9514,0.01285
23347,2557,dens_1305751749890499162,247,Density,<Substance CC#N{solv}{x=0.201600}|CCOC(C)(C)CC{solv}{x=0.798400}>,CC#N,CCOC(C)(C)CC,openff-2.1.0,3,0.7682703585992613,0.0002118582060564,0.7635000000000002,0.00025
23348,2558,dens_1928701304100922381,248,Density,<Substance CC#N{solv}{x=0.700400}|CCOC(C)(C)CC{solv}{x=0.299600}>,CC#N,CCOC(C)(C)CC,openff-2.1.0,3,0.7712949182171718,0.0001820591974102,0.7707000000000003,0.0005
23349,2559,dhmix_112729391186229967,249,EnthalpyOfMixing,<Substance CCC(C)=O{solv}{x=0.509000}|CNc1ccccc1{solv}{x=0.491000}>,CCC(C)=O,CNc1ccccc1,openff-2.1.0,3,-0.5199480316017784,0.0420200116099571,-0.816,0.009
23350,2560,dens_414028029115294252,250,Density,<Substance CCC(C)=O{solv}{x=0.746300}|CNc1ccccc1{solv}{x=0.253700}>,CCC(C)=O,CNc1ccccc1,openff-2.1.0,3,0.8424170501747964,0.0002237768803919,0.8582020000000002,0.000102
23351,2561,dens_559789475978651659,251,Density,<Substance CCC(C)=O{solv}{x=0.495000}|CNc1ccccc1{solv}{x=0.505000}>,CCC(C)=O,CNc1ccccc1,openff-2.1.0,3,0.8996845034517227,0.0002251977749309,0.9066940000000002,0.000164
23352,2562,dhmix_1637459312398636454,252,EnthalpyOfMixing,<Substance CCC(C)=O{solv}{x=0.228300}|CNc1ccccc1{solv}{x=0.771700}>,CCC(C)=O,CNc1ccccc1,openff-2.1.0,3,-0.5448212112635655,0.0442869671488373,-0.54,0.006
23353,2563,dhmix_1933605864237207151,253,EnthalpyOfMixing,<Substance CCC(C)=O{solv}{x=0.705500}|CNc1ccccc1{solv}{x=0.294500}>,CCC(C)=O,CNc1ccccc1,openff-2.1.0,3,-0.4835948597265482,0.0375604566729056,-0.672,0.0075
23354,2564,dens_2039660657679820411,254,Density,<Substance CCC(C)=O{solv}{x=0.258900}|CNc1ccccc1{solv}{x=0.741100}>,CCC(C)=O,CNc1ccccc1,openff-2.1.0,3,0.9482640590599762,0.0001779038608575,0.9456330000000004,0.000259
23355,2565,dhmix_112832411362526364,255,EnthalpyOfMixing,<Substance C=CCCCC{solv}{x=0.250000}|CCCCO{solv}{x=0.750000}>,C=CCCCC,CCCCO,openff-2.1.0,3,0.3329046126005792,0.0377937223132473,0.2829,0.00333
23356,2566,dhmix_385937725855980509,256,EnthalpyOfMixing,<Substance C=CCCCC{solv}{x=0.749900}|CCCCO{solv}{x=0.250100}>,C=CCCCC,CCCCO,openff-2.1.0,3,0.7487257957464664,0.0480799194760019,0.63978,0.00696
23357,2567,dens_417191245012747241,257,Density,<Substance C=CCCCC{solv}{x=0.501800}|CCCCO{solv}{x=0.498200}>,C=CCCCC,CCCCO,openff-2.1.0,3,0.7193362806438287,0.0002479126841379,0.7340000000000002,0.00035
23358,2568,dens_1053849773924337242,258,Density,<Substance C=CCCCC{solv}{x=0.100100}|CCCCO{solv}{x=0.899900}>,C=CCCCC,CCCCO,openff-2.1.0,3,0.7896025653322744,0.0002230937617614,0.7924000000000002,0.00035
23359,2569,dhmix_1436053809694490847,259,EnthalpyOfMixing,<Substance C=CCCCC{solv}{x=0.500300}|CCCCO{solv}{x=0.499700}>,C=CCCCC,CCCCO,openff-2.1.0,3,0.7642264417761027,0.0397215225581105,0.56098,0.00616
23360,2570,dens_1967827958045932694,260,Density,<Substance C=CCCCC{solv}{x=0.900000}|CCCCO{solv}{x=0.100000}>,C=CCCCC,CCCCO,openff-2.1.0,3,0.664135958268193,0.0002353569235345,0.6818000000000001,0.00035
23361,2571,dhmix_113202719214912577,261,EnthalpyOfMixing,<Substance CCN(CC)CCO{solv}{x=0.700300}|O{solv}{x=0.299700}>,CCN(CC)CCO,O,openff-2.1.0,3,-1.52349737137925,0.0480953957881382,-1.75,0.019
23362,2572,dhmix_450200897960931857,262,EnthalpyOfMixing,<Substance CCN(CC)CCO{solv}{x=0.500200}|O{solv}{x=0.499800}>,CCN(CC)CCO,O,openff-2.1.0,3,-1.5978381512719722,0.0493233602384029,-2.504,0.027
23363,2573,dens_727880187774296815,263,Density,<Substance CCN(CC)CCO{solv}{x=0.799700}|O{solv}{x=0.200300}>,CCN(CC)CCO,O,openff-2.1.0,3,0.8836457675355073,0.0003389073805515,0.8996000000000003,0.005
23364,2574,dens_943193748522476096,264,Density,<Substance CCN(CC)CCO{solv}{x=0.499700}|O{solv}{x=0.500300}>,CCN(CC)CCO,O,openff-2.1.0,3,0.899730107831983,0.0001961680746273,0.9222000000000002,0.005
23365,2575,dhmix_1628408668678458098,265,EnthalpyOfMixing,<Substance CCN(CC)CCO{solv}{x=0.200800}|O{solv}{x=0.799200}>,CCN(CC)CCO,O,openff-2.1.0,3,-1.015170624123869,0.0288616277278557,-2.185,0.0235
23366,2576,dens_1679974305630699360,266,Density,<Substance CCN(CC)CCO{solv}{x=0.193290}|O{solv}{x=0.806710}>,CCN(CC)CCO,O,openff-2.1.0,3,0.9231834858911048,0.000277389645553,0.9615690000000002,0.000144
23367,2577,dens_114257363738318755,267,Density,<Substance C1CCCCC1{solv}{x=0.754300}|CCCCCC{solv}{x=0.245700}>,C1CCCCC1,CCCCCC,openff-2.1.0,3,0.7251360435353709,0.0002262502652675,0.7392000000000002,0.00065
23368,2578,dens_528453314861364780,268,Density,<Substance C1CCCCC1{solv}{x=0.234300}|CCCCCC{solv}{x=0.765700}>,C1CCCCC1,CCCCCC,openff-2.1.0,3,0.6671006674051349,0.0002233317803692,0.6838300000000002,0.001655
23369,2579,dens_547437695672624422,269,Density,<Substance C1CCCCC1{solv}{x=0.479300}|CCCCCC{solv}{x=0.520700}>,C1CCCCC1,CCCCCC,openff-2.1.0,3,0.6923775163632818,0.0002097915388598,0.7105500000000001,0.001555
23370,2580,dhmix_728030976573858762,270,EnthalpyOfMixing,<Substance C1CCCCC1{solv}{x=0.483200}|CCCCCC{solv}{x=0.516800}>,C1CCCCC1,CCCCCC,openff-2.1.0,3,0.2656658361561739,0.0368440102803099,0.2144,0.00155
23371,2581,dhmix_1406519609852245638,271,EnthalpyOfMixing,<Substance C1CCCCC1{solv}{x=0.219000}|CCCCCC{solv}{x=0.781000}>,C1CCCCC1,CCCCCC,openff-2.1.0,3,0.1333027105694952,0.0484087779385304,0.1264,0.00105
23372,2582,dhmix_1819992223413741006,272,EnthalpyOfMixing,<Substance C1CCCCC1{solv}{x=0.725500}|CCCCCC{solv}{x=0.274500}>,C1CCCCC1,CCCCCC,openff-2.1.0,3,0.1535089009089176,0.043065524374202,0.199,0.00145
23373,2583,dhmix_114464856611254095,273,EnthalpyOfMixing,<Substance COc1ccccc1{solv}{x=0.739800}|OCc1ccccc1{solv}{x=0.260200}>,COc1ccccc1,OCc1ccccc1,openff-2.1.0,3,0.8172279092208399,0.049421846854029,1.0539,0.0113
23374,2584,dens_844721400884986444,274,Density,<Substance COc1ccccc1{solv}{x=0.288300}|OCc1ccccc1{solv}{x=0.711700}>,COc1ccccc1,OCc1ccccc1,openff-2.1.0,3,1.0129310391658948,0.0001546471141007,1.0180000000000002,0.000135
23375,2585,dens_1208569209782779179,275,Density,<Substance COc1ccccc1{solv}{x=0.491100}|OCc1ccccc1{solv}{x=0.508900}>,COc1ccccc1,OCc1ccccc1,openff-2.1.0,3,1.000219861233672,0.0001735006653218,1.0069400000000004,0.000165
23376,2586,dhmix_1342325728364187329,276,EnthalpyOfMixing,<Substance COc1ccccc1{solv}{x=0.240100}|OCc1ccccc1{solv}{x=0.759900}>,COc1ccccc1,OCc1ccccc1,openff-2.1.0,3,0.5394743407678106,0.0491347027471593,0.6199,0.0067
23377,2587,dhmix_1596550872819493971,277,EnthalpyOfMixing,<Substance COc1ccccc1{solv}{x=0.486600}|OCc1ccccc1{solv}{x=0.513400}>,COc1ccccc1,OCc1ccccc1,openff-2.1.0,3,0.8831986649201653,0.0369901910668651,0.9688,0.0104
23378,2588,dens_1833270112854727934,278,Density,<Substance COc1ccccc1{solv}{x=0.774500}|OCc1ccccc1{solv}{x=0.225500}>,COc1ccccc1,OCc1ccccc1,openff-2.1.0,3,0.9832227145929034,0.0001635810739539,0.9915900000000004,0.000215
23379,2589,dens_114725786693793907,279,Density,<Substance CC(=O)O{solv}{x=0.703100}|CCO{solv}{x=0.296900}>,CC(=O)O,CCO,openff-2.1.0,3,0.9937418562873754,0.0002788616085226,0.97355,0.00021
23380,2590,dens_883421079927261907,280,Density,<Substance CC(=O)O{solv}{x=0.496100}|CCO{solv}{x=0.503900}>,CC(=O)O,CCO,openff-2.1.0,3,0.9345130410717776,0.0002242727021556,0.9199600000000002,0.0002
23381,2591,dens_1042567278853913615,281,Density,<Substance CC(=O)O{solv}{x=0.297100}|CCO{solv}{x=0.702900}>,CC(=O)O,CCO,openff-2.1.0,3,0.8772338344087469,0.0003203457297852,0.8668600000000002,0.000195
23382,2592,dhmix_129373600931207498,282,EnthalpyOfMixing,<Substance NCCNCCN{solv}{x=0.702000}|O{solv}{x=0.298000}>,NCCNCCN,O,openff-2.1.0,3,-2.8332722030425543,0.0409715932142734,-3.393,0.036
23383,2593,dhmix_313570094367316478,283,EnthalpyOfMixing,<Substance NCCNCCN{solv}{x=0.241600}|O{solv}{x=0.758400}>,NCCNCCN,O,openff-2.1.0,3,-4.009451359042011,0.0290825315430393,-6.523,0.0695
23384,2594,dens_548243159356184104,284,Density,<Substance NCCNCCN{solv}{x=0.244900}|O{solv}{x=0.755100}>,NCCNCCN,O,openff-2.1.0,3,1.067526281584709,0.0003357378981839,1.0275000000000003,0.0005
23385,2595,dens_913992897582667960,285,Density,<Substance NCCNCCN{solv}{x=0.497400}|O{solv}{x=0.502600}>,NCCNCCN,O,openff-2.1.0,3,1.075045467407745,0.0003582686492189,0.9928000000000002,0.0005
23386,2596,dhmix_1565087976771168604,286,EnthalpyOfMixing,<Substance NCCNCCN{solv}{x=0.501000}|O{solv}{x=0.499000}>,NCCNCCN,O,openff-2.1.0,3,-4.028882162104296,0.0419522755824071,-5.417,0.0575
23387,2597,dens_1812124220217686569,287,Density,<Substance NCCNCCN{solv}{x=0.698800}|O{solv}{x=0.301200}>,NCCNCCN,O,openff-2.1.0,3,1.0698324943128066,0.0003527692207694,0.9718000000000002,0.0005
23388,2598,dhmix_135176730945124637,288,EnthalpyOfMixing,<Substance CCCCNCCCC{solv}{x=0.751800}|CN(C)C=O{solv}{x=0.248200}>,CCCCNCCCC,CN(C)C=O,openff-2.1.0,3,0.1214764995233537,0.0585258782150523,0.782,0.025
23389,2599,dens_586298674852090193,289,Density,<Substance CCCCNCCCC{solv}{x=0.726600}|CN(C)C=O{solv}{x=0.273400}>,CCCCNCCCC,CN(C)C=O,openff-2.1.0,3,0.7845637649019384,0.0001984136897894,0.7828350000000002,0.0009465
23390,2600,dens_711718403070096827,290,Density,<Substance CCCCNCCCC{solv}{x=0.263900}|CN(C)C=O{solv}{x=0.736100}>,CCCCNCCCC,CN(C)C=O,openff-2.1.0,3,0.8515924684232573,0.0002149266890196,0.8609240000000001,0.001053
23391,2601,dhmix_1537913365058000269,291,EnthalpyOfMixing,<Substance CCCCNCCCC{solv}{x=0.249400}|CN(C)C=O{solv}{x=0.750600}>,CCCCNCCCC,CN(C)C=O,openff-2.1.0,3,0.3560161369529524,0.0407619841027874,0.921,0.029
23392,2602,dhmix_1965420976556284821,292,EnthalpyOfMixing,<Substance CCCCNCCCC{solv}{x=0.501800}|CN(C)C=O{solv}{x=0.498200}>,CCCCNCCCC,CN(C)C=O,openff-2.1.0,3,0.4874512378070932,0.0413652267975524,1.113,0.0335
23393,2603,dens_2298192241038151497,293,Density,<Substance CCCCNCCCC{solv}{x=0.492800}|CN(C)C=O{solv}{x=0.507200}>,CCCCNCCCC,CN(C)C=O,openff-2.1.0,3,0.8131626077894653,0.0001504447749413,0.8153440000000003,0.0009895
23394,2604,dens_145031449158698048,294,Density,<Substance CN(C)C=O{solv}{x=0.498800}|ClCCCl{solv}{x=0.501200}>,CN(C)C=O,ClCCCl,openff-2.1.0,3,1.07875739960881,0.0003366031359738,1.0957000000000003,0.00305
23395,2605,dens_511894799968528211,295,Density,<Substance CN(C)C=O{solv}{x=0.197800}|ClCCCl{solv}{x=0.802200}>,CN(C)C=O,ClCCCl,openff-2.1.0,3,1.1680944983539638,0.0003882770002341,1.1862000000000004,0.003
23396,2606,dhmix_693792312882226719,296,EnthalpyOfMixing,<Substance CN(C)C=O{solv}{x=0.498000}|ClCCCl{solv}{x=0.502000}>,CN(C)C=O,ClCCCl,openff-2.1.0,3,-0.0570708366677585,0.0348728459250174,-0.663,0.0035
23397,2607,dhmix_1364024895663592301,297,EnthalpyOfMixing,<Substance CN(C)C=O{solv}{x=0.299000}|ClCCCl{solv}{x=0.701000}>,CN(C)C=O,ClCCCl,openff-2.1.0,3,0.0304412767894355,0.0282917697399897,-0.575,0.0035
23398,2608,dens_1874616475661316520,298,Density,<Substance CN(C)C=O{solv}{x=0.705400}|ClCCCl{solv}{x=0.294600}>,CN(C)C=O,ClCCCl,openff-2.1.0,3,1.0134039170852451,0.0001951019375563,1.0336,0.003
23399,2609,dhmix_1965344541223753593,299,EnthalpyOfMixing,<Substance CN(C)C=O{solv}{x=0.702000}|ClCCCl{solv}{x=0.298000}>,CN(C)C=O,ClCCCl,openff-2.1.0,3,-0.0032176459230477,0.0360551960860629,-0.531,0.003
23400,2610,dens_145117083439077204,300,Density,<Substance CN1CCCC1=O{solv}{x=0.700300}|ClCCCCCl{solv}{x=0.299700}>,CN1CCCC1=O,ClCCCCCl,openff-2.1.0,3,1.0452565160362977,0.0002309486053888,1.0627000000000002,0.0005
23401,2611,dens_872271192908107773,301,Density,<Substance CN1CCCC1=O{solv}{x=0.203400}|ClCCCCCl{solv}{x=0.796600}>,CN1CCCC1=O,ClCCCCCl,openff-2.1.0,3,1.1054924978337204,0.0002898723662885,1.1142000000000003,0.00125
23402,2612,dhmix_958757583081250655,302,EnthalpyOfMixing,<Substance CN1CCCC1=O{solv}{x=0.703000}|ClCCCCCl{solv}{x=0.297000}>,CN1CCCC1=O,ClCCCCCl,openff-2.1.0,3,0.1441019545258939,0.041089410789811,-0.583,0.0035
23403,2613,dens_1187888029800539390,303,Density,<Substance CN1CCCC1=O{solv}{x=0.502500}|ClCCCCCl{solv}{x=0.497500}>,CN1CCCC1=O,ClCCCCCl,openff-2.1.0,3,1.0708458533221727,0.0002432232721557,1.0840000000000003,0.00075
23404,2614,dhmix_1448185356234442909,304,EnthalpyOfMixing,<Substance CN1CCCC1=O{solv}{x=0.210000}|ClCCCCCl{solv}{x=0.790000}>,CN1CCCC1=O,ClCCCCCl,openff-2.1.0,3,-0.0298126546803629,0.0415614628998007,-0.406,0.003
23405,2615,dhmix_1623586299486793214,305,EnthalpyOfMixing,<Substance CN1CCCC1=O{solv}{x=0.505000}|ClCCCCCl{solv}{x=0.495000}>,CN1CCCC1=O,ClCCCCCl,openff-2.1.0,3,0.0630747752031695,0.0354661199355977,-0.678,0.0035
23406,2616,dens_151421667269785380,306,Density,<Substance OCCOCCO{solv}{x=0.228500}|OCc1ccccc1{solv}{x=0.771500}>,OCCOCCO,OCc1ccccc1,openff-2.1.0,3,1.051396153421987,0.0002207400047968,1.0497600000000002,0.000265
23407,2617,dens_207017358130726789,307,Density,<Substance OCCOCCO{solv}{x=0.531200}|OCc1ccccc1{solv}{x=0.468800}>,OCCOCCO,OCc1ccccc1,openff-2.1.0,3,1.0772999322277474,0.000222173337841,1.07136,0.00027
23408,2618,dhmix_638869206909151198,308,EnthalpyOfMixing,<Substance OCCOCCO{solv}{x=0.765800}|OCc1ccccc1{solv}{x=0.234200}>,OCCOCCO,OCc1ccccc1,openff-2.1.0,3,-0.2531049549183706,0.0471549248944145,-0.3712,0.0073
23409,2619,dhmix_884415658126351430,309,EnthalpyOfMixing,<Substance OCCOCCO{solv}{x=0.266500}|OCc1ccccc1{solv}{x=0.733500}>,OCCOCCO,OCc1ccccc1,openff-2.1.0,3,-0.1875287078306229,0.0472814585307931,-0.4216,0.0081
23410,2620,dhmix_925385148369690502,310,EnthalpyOfMixing,<Substance OCCOCCO{solv}{x=0.521600}|OCc1ccccc1{solv}{x=0.478400}>,OCCOCCO,OCc1ccccc1,openff-2.1.0,3,-0.4846721238651099,0.0499294644238096,-0.4574,0.00865
23411,2621,dens_1617133138157859384,311,Density,<Substance OCCOCCO{solv}{x=0.727700}|OCc1ccccc1{solv}{x=0.272300}>,OCCOCCO,OCc1ccccc1,openff-2.1.0,3,1.0930161701481882,0.0003132147506912,1.0857000000000003,0.000275
23412,2622,dens_155791527624482863,312,Density,<Substance CC(C)CO{solv}{x=0.279300}|CCCCBr{solv}{x=0.720700}>,CC(C)CO,CCCCBr,openff-2.1.0,3,1.1123663573538618,0.0004291224225712,1.1339800000000002,0.000305
23413,2623,dhmix_549211977118470640,313,EnthalpyOfMixing,<Substance CC(C)CO{solv}{x=0.293800}|CCCCBr{solv}{x=0.706200}>,CC(C)CO,CCCCBr,openff-2.1.0,3,1.2673635934593506,0.0398896156534457,1.248,0.0135
23414,2624,dens_692500675577783691,314,Density,<Substance CC(C)CO{solv}{x=0.793700}|CCCCBr{solv}{x=0.206300}>,CC(C)CO,CCCCBr,openff-2.1.0,3,0.8999899675239785,0.0002225735120291,0.8962800000000002,0.00021
23415,2625,dens_841415441417626311,315,Density,<Substance CC(C)CO{solv}{x=0.498900}|CCCCBr{solv}{x=0.501100}>,CC(C)CO,CCCCBr,openff-2.1.0,3,1.0270552261903476,0.0003325354669867,1.0366800000000005,0.000225
23416,2626,dhmix_1400807466047438160,316,EnthalpyOfMixing,<Substance CC(C)CO{solv}{x=0.499000}|CCCCBr{solv}{x=0.501000}>,CC(C)CO,CCCCBr,openff-2.1.0,3,1.0772864353544378,0.0385153566440111,1.207,0.013
23417,2627,dhmix_1959880980464917582,317,EnthalpyOfMixing,<Substance CC(C)CO{solv}{x=0.702100}|CCCCBr{solv}{x=0.297900}>,CC(C)CO,CCCCBr,openff-2.1.0,3,0.7439265388819933,0.0347956341832923,0.891,0.0095
23418,2628,dhmix_155924436295918663,318,EnthalpyOfMixing,<Substance OCCCO{solv}{x=0.501300}|O{solv}{x=0.498700}>,O,OCCCO,openff-2.1.0,3,0.3577613294010469,0.0348495141273149,-0.992,0.0125
23419,2629,dens_867859901093068556,319,Density,<Substance OCCCO{solv}{x=0.743700}|O{solv}{x=0.256300}>,O,OCCCO,openff-2.1.0,3,1.0554777301027118,0.0002897141993561,1.0503800000000003,0.00023
23420,2630,dhmix_2191722776959064631,320,EnthalpyOfMixing,<Substance OCCCO{solv}{x=0.743000}|O{solv}{x=0.257000}>,O,OCCCO,openff-2.1.0,3,0.1462787504712999,0.0513633362306862,-0.633,0.008
23421,2631,dhmix_2210594516320705991,321,EnthalpyOfMixing,<Substance OCCCO{solv}{x=0.208700}|O{solv}{x=0.791300}>,O,OCCCO,openff-2.1.0,3,0.4124409509280653,0.0231154752876444,-0.924,0.012
23422,2632,dens_2211391404402371237,322,Density,<Substance OCCCO{solv}{x=0.244700}|O{solv}{x=0.755300}>,O,OCCCO,openff-2.1.0,3,1.0279092274511503,0.0003684905107206,1.0381600000000004,0.00019
23423,2633,dens_2211609476735134421,323,Density,<Substance OCCCO{solv}{x=0.500000}|O{solv}{x=0.500000}>,O,OCCCO,openff-2.1.0,3,1.0463622667386618,0.0003272022927319,1.0492100000000002,0.000215
23424,2634,dhmix_156929898609376763,324,EnthalpyOfMixing,<Substance CN(C)CCCO{solv}{x=0.800100}|O{solv}{x=0.199900}>,CN(C)CCCO,O,openff-2.1.0,3,-0.9646879359037256,0.0518173159832105,-1.26,0.0135
23425,2635,dhmix_786210276753247951,325,EnthalpyOfMixing,<Substance CN(C)CCCO{solv}{x=0.199800}|O{solv}{x=0.800200}>,CN(C)CCCO,O,openff-2.1.0,3,-0.7895806665385159,0.0255957427714796,-2.514,0.027
23426,2636,dens_971674883336993154,326,Density,<Substance CN(C)CCCO{solv}{x=0.289504}|O{solv}{x=0.710496}>,CN(C)CCCO,O,openff-2.1.0,3,0.9351883546014916,0.0002892736512394,0.9443,0.00285
23427,2637,dhmix_1330584538745399524,327,EnthalpyOfMixing,<Substance CN(C)CCCO{solv}{x=0.501900}|O{solv}{x=0.498100}>,CN(C)CCCO,O,openff-2.1.0,3,-1.0723622683339595,0.0451892662044112,-2.706,0.029
23428,2638,dens_1781759734173902013,328,Density,<Substance CN(C)CCCO{solv}{x=0.501300}|O{solv}{x=0.498700}>,CN(C)CCCO,O,openff-2.1.0,3,0.9235788137942051,0.0003624081777406,0.9170700000000004,8.000000000000002e-05
23429,2639,dens_2299157616447228221,329,Density,<Substance CN(C)CCCO{solv}{x=0.800600}|O{solv}{x=0.199400}>,CN(C)CCCO,O,openff-2.1.0,3,0.9095343703416768,0.0002539031807078,0.8915100000000002,9.500000000000002e-05
23430,2640,dhmix_157983773008192768,330,EnthalpyOfMixing,<Substance BrCCCBr{solv}{x=0.743200}|CCCCOC(=O)CCC{solv}{x=0.256800}>,BrCCCBr,CCCCOC(=O)CCC,openff-2.1.0,3,-0.3182236778795939,0.0412266596328353,0.032,0.0005
23431,2641,dens_720277045338028885,331,Density,<Substance BrCCCBr{solv}{x=0.748700}|CCCCOC(=O)CCC{solv}{x=0.251300}>,BrCCCBr,CCCCOC(=O)CCC,openff-2.1.0,3,1.552916257097117,0.0003673659151964,1.5786600000000004,0.00038
23432,2642,dens_933248802608751708,332,Density,<Substance BrCCCBr{solv}{x=0.529700}|CCCCOC(=O)CCC{solv}{x=0.470300}>,BrCCCBr,CCCCOC(=O)CCC,openff-2.1.0,3,1.3031766392257411,0.0003186601053184,1.3159400000000003,0.000255
23433,2643,dens_1048925802213854204,333,Density,<Substance BrCCCBr{solv}{x=0.259100}|CCCCOC(=O)CCC{solv}{x=0.740900}>,BrCCCBr,CCCCOC(=O)CCC,openff-2.1.0,3,1.0561468848934428,0.0002392053469206,1.0598600000000002,0.000145
23434,2644,dhmix_1090642624443832057,334,EnthalpyOfMixing,<Substance BrCCCBr{solv}{x=0.241200}|CCCCOC(=O)CCC{solv}{x=0.758800}>,BrCCCBr,CCCCOC(=O)CCC,openff-2.1.0,3,-0.344295528329873,0.0500740264560627,-0.094,0.001
23435,2645,dhmix_1649688325270115073,335,EnthalpyOfMixing,<Substance BrCCCBr{solv}{x=0.466700}|CCCCOC(=O)CCC{solv}{x=0.533300}>,BrCCCBr,CCCCOC(=O)CCC,openff-2.1.0,3,-0.6393260509545868,0.0466761572507635,-0.091,0.001
23436,2646,dhmix_158101159957898775,336,EnthalpyOfMixing,<Substance CCCCCl{solv}{x=0.490000}|CN1CCCC1=O{solv}{x=0.510000}>,CCCCCl,CN1CCCC1=O,openff-2.1.0,3,0.684467530544822,0.0393344311140186,0.152,0.002
23437,2647,dhmix_586880142396707079,337,EnthalpyOfMixing,<Substance CCCCCl{solv}{x=0.294000}|CN1CCCC1=O{solv}{x=0.706000}>,CCCCCl,CN1CCCC1=O,openff-2.1.0,3,0.6017808246995315,0.040144224114354,0.145,0.002
23438,2648,dens_897975104490051322,338,Density,<Substance CCCCCl{solv}{x=0.296100}|CN1CCCC1=O{solv}{x=0.703900}>,CCCCCl,CN1CCCC1=O,openff-2.1.0,3,0.96636993456392,0.0002471998746464,0.9862000000000004,0.0001
23439,2649,dens_1393365907116297965,339,Density,<Substance CCCCCl{solv}{x=0.702600}|CN1CCCC1=O{solv}{x=0.297400}>,CCCCCl,CN1CCCC1=O,openff-2.1.0,3,0.9115690864805964,0.0002792628549574,0.9268000000000002,0.0001
23440,2650,dhmix_1769887717174104485,340,EnthalpyOfMixing,<Substance CCCCCl{solv}{x=0.787000}|CN1CCCC1=O{solv}{x=0.213000}>,CCCCCl,CN1CCCC1=O,openff-2.1.0,3,0.4868385778739466,0.0346208605520439,0.081,0.002
23441,2651,dens_2070183543451797213,341,Density,<Substance CCCCCl{solv}{x=0.494800}|CN1CCCC1=O{solv}{x=0.505200}>,CCCCCl,CN1CCCC1=O,openff-2.1.0,3,0.9413942535144106,0.000257388530179,0.9575000000000002,0.0001
23442,2652,dens_164369774990422412,342,Density,<Substance CC(C)O{solv}{x=0.764900}|CCOC=O{solv}{x=0.235100}>,CC(C)O,CCOC=O,openff-2.1.0,3,0.8367605551427169,0.0002059637681761,0.8088000000000002,0.00035
23443,2653,dens_200561035496770448,343,Density,<Substance CC(C)O{solv}{x=0.265100}|CCOC=O{solv}{x=0.734900}>,CC(C)O,CCOC=O,openff-2.1.0,3,0.9090164568883644,0.000299986100117,0.8710000000000002,0.0003
23444,2654,dens_1124622586228643363,344,Density,<Substance CC(C)O{solv}{x=0.441300}|CCOC=O{solv}{x=0.558700}>,CC(C)O,CCOC=O,openff-2.1.0,3,0.8836072982025782,0.0003230026295355,0.8482000000000003,0.00035
23445,2655,dens_166030075147825025,345,Density,<Substance Clc1ccccc1{solv}{x=0.467900}|c1ccccc1{solv}{x=0.532100}>,Clc1ccccc1,c1ccccc1,openff-2.1.0,3,0.9853470608333696,0.0002119202431351,0.9877000000000002,0.00025
23446,2656,dens_796537469137871297,346,Density,<Substance Clc1ccccc1{solv}{x=0.735800}|c1ccccc1{solv}{x=0.264200}>,Clc1ccccc1,c1ccccc1,openff-2.1.0,3,1.0495869736394716,0.0003115249005412,1.0465000000000002,0.0002
23447,2657,dhmix_1485547099225054006,347,EnthalpyOfMixing,<Substance Clc1ccccc1{solv}{x=0.777700}|c1ccccc1{solv}{x=0.222300}>,Clc1ccccc1,c1ccccc1,openff-2.1.0,3,-0.0093507902493428,0.0392315391356566,-0.0036,0.0004
23448,2658,dhmix_1808283008183194060,348,EnthalpyOfMixing,<Substance Clc1ccccc1{solv}{x=0.225800}|c1ccccc1{solv}{x=0.774200}>,Clc1ccccc1,c1ccccc1,openff-2.1.0,3,-0.0415681684990758,0.0411131964259793,-0.0046,0.0004
23449,2659,dhmix_2008892820486470381,349,EnthalpyOfMixing,<Substance Clc1ccccc1{solv}{x=0.466600}|c1ccccc1{solv}{x=0.533400}>,Clc1ccccc1,c1ccccc1,openff-2.1.0,3,0.0136690375795325,0.0371481922567706,-0.0057,0.0004
23450,2660,dens_2142546524113318099,350,Density,<Substance Clc1ccccc1{solv}{x=0.293100}|c1ccccc1{solv}{x=0.706900}>,Clc1ccccc1,c1ccccc1,openff-2.1.0,3,0.9409518231400338,0.0002858735334614,0.9468000000000002,0.00025
23451,2661,dhmix_166527628917371560,351,EnthalpyOfMixing,<Substance CCCCCC(C)=O{solv}{x=0.500700}|CCCNCCC{solv}{x=0.499300}>,CCCCCC(C)=O,CCCNCCC,openff-2.1.0,3,-0.2056030627837941,0.0457253463546408,0.162,0.002
23452,2662,dhmix_181797488552739205,352,EnthalpyOfMixing,<Substance CCCCCC(C)=O{solv}{x=0.213200}|CCCNCCC{solv}{x=0.786800}>,CCCCCC(C)=O,CCCNCCC,openff-2.1.0,3,-0.1355968107408216,0.0502122838165193,0.137,0.0015
23453,2663,dens_286521458049436805,353,Density,<Substance CCCCCC(C)=O{solv}{x=0.542700}|CCCNCCC{solv}{x=0.457300}>,CCCCCC(C)=O,CCCNCCC,openff-2.1.0,3,0.772861166098237,0.0002057845570114,0.7766620000000002,0.0001215
23454,2664,dens_740930494074770103,354,Density,<Substance CCCCCC(C)=O{solv}{x=0.252600}|CCCNCCC{solv}{x=0.747400}>,CCCCCC(C)=O,CCCNCCC,openff-2.1.0,3,0.7541659980186491,0.0002016056616631,0.7540050000000001,0.0001215
23455,2665,dhmix_1180133264815330249,355,EnthalpyOfMixing,<Substance CCCCCC(C)=O{solv}{x=0.788000}|CCCNCCC{solv}{x=0.212000}>,CCCCCC(C)=O,CCCNCCC,openff-2.1.0,3,0.0201127868029544,0.0504606836216586,0.088,0.001
23456,2666,dens_1237727796782189302,356,Density,<Substance CCCCCC(C)=O{solv}{x=0.741800}|CCCNCCC{solv}{x=0.258200}>,CCCCCC(C)=O,CCCNCCC,openff-2.1.0,3,0.7841200069223764,0.0002200252822884,0.7918920000000003,0.00012
23457,2667,dens_168376639142843665,357,Density,<Substance BrCCBr{solv}{x=0.084500}|CCOC(=O)CC{solv}{x=0.915500}>,BrCCBr,CCOC(=O)CC,openff-2.1.0,3,0.9709060065849588,0.0002733971632972,0.9671200000000002,0.001185
23458,2668,dhmix_897092526028522426,358,EnthalpyOfMixing,<Substance BrCCBr{solv}{x=0.753700}|CCOC(=O)CC{solv}{x=0.246300}>,BrCCBr,CCOC(=O)CC,openff-2.1.0,3,-0.3350237834017537,0.0374974875890899,0.0052,0.0008
23459,2669,dhmix_1078383344298013541,359,EnthalpyOfMixing,<Substance BrCCBr{solv}{x=0.084100}|CCOC(=O)CC{solv}{x=0.915900}>,BrCCBr,CCOC(=O)CC,openff-2.1.0,3,-0.1377014640428537,0.0457329943258984,-0.0683,0.0014
23460,2670,dhmix_1103515663691342839,360,EnthalpyOfMixing,<Substance BrCCBr{solv}{x=0.514000}|CCOC(=O)CC{solv}{x=0.486000}>,BrCCBr,CCOC(=O)CC,openff-2.1.0,3,-0.4208554019986881,0.0366618845307066,-0.1259,0.00205
23461,2671,dens_1193015082780501702,361,Density,<Substance BrCCBr{solv}{x=0.484400}|CCOC(=O)CC{solv}{x=0.515600}>,BrCCBr,CCOC(=O)CC,openff-2.1.0,3,1.4090761048144536,0.0003691037708656,1.4136000000000002,0.001165
23462,2672,dens_1660732943693703463,362,Density,<Substance BrCCBr{solv}{x=0.714800}|CCOC(=O)CC{solv}{x=0.285200}>,BrCCBr,CCOC(=O)CC,openff-2.1.0,3,1.7072741673576102,0.0003925517649078,1.7205300000000003,0.000985
23463,2673,dens_172622055198885625,363,Density,<Substance CCCCOCCO{solv}{x=0.499500}|c1ccccc1{solv}{x=0.500500}>,CCCCOCCO,c1ccccc1,openff-2.1.0,3,0.8822205961756914,0.0002361354452946,0.8864700000000002,0.000795
23464,2674,dens_615182082919776992,364,Density,<Substance CCCCOCCO{solv}{x=0.753500}|c1ccccc1{solv}{x=0.246500}>,CCCCOCCO,c1ccccc1,openff-2.1.0,3,0.8900870905221144,0.0001844011461965,0.8924600000000003,0.00077
23465,2675,dens_1014762781474427089,365,Density,<Substance CCCCOCCO{solv}{x=0.248800}|c1ccccc1{solv}{x=0.751200}>,CCCCOCCO,c1ccccc1,openff-2.1.0,3,0.8722734199621216,0.0002701435269889,0.8790000000000002,0.00083
23466,2676,dhmix_1209838039340638454,366,EnthalpyOfMixing,<Substance CCCCOCCO{solv}{x=0.729700}|c1ccccc1{solv}{x=0.270300}>,CCCCOCCO,c1ccccc1,openff-2.1.0,3,0.1997005984417512,0.0424232686967468,0.3037,0.00335
23467,2677,dhmix_1416395432810708431,367,EnthalpyOfMixing,<Substance CCCCOCCO{solv}{x=0.266500}|c1ccccc1{solv}{x=0.733500}>,CCCCOCCO,c1ccccc1,openff-2.1.0,3,0.5278804504549583,0.0436308586495126,0.6895,0.00745
23468,2678,dhmix_1775479338186698605,368,EnthalpyOfMixing,<Substance CCCCOCCO{solv}{x=0.503000}|c1ccccc1{solv}{x=0.497000}>,CCCCOCCO,c1ccccc1,openff-2.1.0,3,0.5000190962316964,0.0458815332502778,0.5563,0.00605
23469,2679,dens_173950346939686352,369,Density,<Substance CCOC(=O)CC(=O)OCC{solv}{x=0.797800}|CO{solv}{x=0.202200}>,CCOC(=O)CC(=O)OCC,CO,openff-2.1.0,3,1.0516264352325733,0.0002000055477518,1.0336070000000002,0.0001155
23470,2680,dhmix_796570713446660029,370,EnthalpyOfMixing,<Substance CCOC(=O)CC(=O)OCC{solv}{x=0.745300}|CO{solv}{x=0.254700}>,CCOC(=O)CC(=O)OCC,CO,openff-2.1.0,3,0.8409263413928159,0.0509711258399967,1.184,0.013
23471,2681,dhmix_1053189657313504079,371,EnthalpyOfMixing,<Substance CCOC(=O)CC(=O)OCC{solv}{x=0.499300}|CO{solv}{x=0.500700}>,CCOC(=O)CC(=O)OCC,CO,openff-2.1.0,3,1.243895566330636,0.0364973564116781,1.426,0.0155
23472,2682,dens_1109796780897697143,372,Density,<Substance CCOC(=O)CC(=O)OCC{solv}{x=0.500400}|CO{solv}{x=0.499600}>,CCOC(=O)CC(=O)OCC,CO,openff-2.1.0,3,1.0090137548013185,0.0001936070882186,0.9962350000000002,9.150000000000002e-05
23473,2683,dens_1145191816882985532,373,Density,<Substance CCOC(=O)CC(=O)OCC{solv}{x=0.250100}|CO{solv}{x=0.749900}>,CCOC(=O)CC(=O)OCC,CO,openff-2.1.0,3,0.9397606206966358,0.0002744479775147,0.9355040000000002,0.0001385
23474,2684,dhmix_1394433819711651760,374,EnthalpyOfMixing,<Substance CCOC(=O)CC(=O)OCC{solv}{x=0.251500}|CO{solv}{x=0.748500}>,CCOC(=O)CC(=O)OCC,CO,openff-2.1.0,3,0.984501390943727,0.0332926852664018,1.083,0.0115
23475,2685,dhmix_176700813960387714,375,EnthalpyOfMixing,<Substance CC(=O)N(C)C{solv}{x=0.211000}|ClCCCCCl{solv}{x=0.789000}>,CC(=O)N(C)C,ClCCCCCl,openff-2.1.0,3,0.0474966503330236,0.0411673243625096,-0.188,0.0025
23476,2686,dhmix_422276068008732896,376,EnthalpyOfMixing,<Substance CC(=O)N(C)C{solv}{x=0.506000}|ClCCCCCl{solv}{x=0.494000}>,CC(=O)N(C)C,ClCCCCCl,openff-2.1.0,3,-0.042633429420217,0.0362647307975156,-0.314,0.0025
23477,2687,dhmix_591740475541975327,377,EnthalpyOfMixing,<Substance CC(=O)N(C)C{solv}{x=0.705000}|ClCCCCCl{solv}{x=0.295000}>,CC(=O)N(C)C,ClCCCCCl,openff-2.1.0,3,0.007613771391604,0.040901868302422,-0.281,0.0025
23478,2688,dens_600718364672681210,378,Density,<Substance CC(=O)N(C)C{solv}{x=0.200100}|ClCCCCCl{solv}{x=0.799900}>,CC(=O)N(C)C,ClCCCCCl,openff-2.1.0,3,1.0863758716507956,0.0002815376316269,1.0978,0.0023
23479,2689,dens_833309518494254389,379,Density,<Substance CC(=O)N(C)C{solv}{x=0.698700}|ClCCCCCl{solv}{x=0.301300}>,CC(=O)N(C)C,ClCCCCCl,openff-2.1.0,3,0.9744089802194,0.000227463787213,1.0011000000000003,0.0023
23480,2690,dens_1473570029953486090,380,Density,<Substance CC(=O)N(C)C{solv}{x=0.500900}|ClCCCCCl{solv}{x=0.499100}>,CC(=O)N(C)C,ClCCCCCl,openff-2.1.0,3,1.021137504908154,0.0002694730053212,1.0407000000000004,0.00225
23481,2691,dens_176740025668330569,381,Density,<Substance C1CCCCC1{solv}{x=0.499400}|C1COCCO1{solv}{x=0.500600}>,C1CCCCC1,C1COCCO1,openff-2.1.0,3,0.8748700102299152,0.0002438253825307,0.8769800000000002,8.500000000000002e-05
23482,2692,dens_476825312331327209,382,Density,<Substance C1CCCCC1{solv}{x=0.297200}|C1COCCO1{solv}{x=0.702800}>,C1CCCCC1,C1COCCO1,openff-2.1.0,3,0.935143460351762,0.0001709250984054,0.9312200000000004,7.000000000000002e-05
23483,2693,dens_985438980823024302,383,Density,<Substance C1CCCCC1{solv}{x=0.699700}|C1COCCO1{solv}{x=0.300300}>,C1CCCCC1,C1COCCO1,openff-2.1.0,3,0.8229398347192228,0.000251969433155,0.8305800000000002,0.0001
23484,2694,dhmix_1624213860575299641,384,EnthalpyOfMixing,<Substance C1CCCCC1{solv}{x=0.492800}|C1COCCO1{solv}{x=0.507200}>,C1CCCCC1,C1COCCO1,openff-2.1.0,3,1.9525598336861376,0.041827339161424,1.588,0.008
23485,2695,dhmix_1900199136965747019,385,EnthalpyOfMixing,<Substance C1CCCCC1{solv}{x=0.239400}|C1COCCO1{solv}{x=0.760600}>,C1CCCCC1,C1COCCO1,openff-2.1.0,3,1.395450100874541,0.0422663467012865,1.124,0.007
23486,2696,dhmix_2022274493214392184,386,EnthalpyOfMixing,<Substance C1CCCCC1{solv}{x=0.744200}|C1COCCO1{solv}{x=0.255800}>,C1CCCCC1,C1COCCO1,openff-2.1.0,3,1.668738979066518,0.0440052039407249,1.262,0.007
23487,2697,dhmix_182795551078530810,387,EnthalpyOfMixing,<Substance C1COCCO1{solv}{x=0.491200}|Cc1ccccc1Cl{solv}{x=0.508800}>,C1COCCO1,Cc1ccccc1Cl,openff-2.1.0,3,0.3036025440722056,0.0417727871212346,0.356,0.002
23488,2698,dens_242592003865933955,388,Density,<Substance C1COCCO1{solv}{x=0.835700}|Cc1ccccc1Cl{solv}{x=0.164300}>,C1COCCO1,Cc1ccccc1Cl,openff-2.1.0,3,1.0362133505253264,0.0002667479326442,1.0256,0.0005
23489,2699,dens_810150133181620718,389,Density,<Substance C1COCCO1{solv}{x=0.513600}|Cc1ccccc1Cl{solv}{x=0.486400}>,C1COCCO1,Cc1ccccc1Cl,openff-2.1.0,3,1.06149712847778,0.0002752289638257,1.0536,0.0005
23490,2700,dhmix_1949119093643648586,390,EnthalpyOfMixing,<Substance C1COCCO1{solv}{x=0.246200}|Cc1ccccc1Cl{solv}{x=0.753800}>,C1COCCO1,Cc1ccccc1Cl,openff-2.1.0,3,0.26146587761869,0.0409264074832321,0.206,0.001
23491,2701,dens_2161584607380261748,391,Density,<Substance C1COCCO1{solv}{x=0.226300}|Cc1ccccc1Cl{solv}{x=0.773700}>,C1COCCO1,Cc1ccccc1Cl,openff-2.1.0,3,1.0725015013141574,0.0002960054102012,1.0674000000000003,0.0005
23492,2702,dhmix_2190589845176325501,392,EnthalpyOfMixing,<Substance C1COCCO1{solv}{x=0.835700}|Cc1ccccc1Cl{solv}{x=0.164300}>,C1COCCO1,Cc1ccccc1Cl,openff-2.1.0,3,0.2374415396707547,0.0464509167886557,0.244,0.0015
23493,2703,dens_194492664772262961,393,Density,<Substance CCCOC=O{solv}{x=0.479500}|ClCCCl{solv}{x=0.520500}>,CCCOC=O,ClCCCl,openff-2.1.0,3,1.0692380467210505,0.0003416170185735,1.0603100000000003,0.00196
23494,2704,dhmix_438833720470542962,394,EnthalpyOfMixing,<Substance CCCOC=O{solv}{x=0.738500}|ClCCCl{solv}{x=0.261500}>,CCCOC=O,ClCCCl,openff-2.1.0,3,-0.0691915034651735,0.0373475174520285,-0.205,0.0025
23495,2705,dens_598528978367940263,395,Density,<Substance CCCOC=O{solv}{x=0.254300}|ClCCCl{solv}{x=0.745700}>,CCCOC=O,ClCCCl,openff-2.1.0,3,1.1393574380587488,0.000469348234591,1.1418800000000005,0.002835
23496,2706,dens_822197650497048256,396,Density,<Substance CCCOC=O{solv}{x=0.728100}|ClCCCl{solv}{x=0.271900}>,CCCOC=O,ClCCCl,openff-2.1.0,3,0.9972021927621836,0.0002898166486607,0.9794600000000002,0.001275
23497,2707,dhmix_1971772628311560569,397,EnthalpyOfMixing,<Substance CCCOC=O{solv}{x=0.503500}|ClCCCl{solv}{x=0.496500}>,CCCOC=O,ClCCCl,openff-2.1.0,3,0.103029676442695,0.0332967119427851,-0.254,0.003
23498,2708,dhmix_2087301877194561078,398,EnthalpyOfMixing,<Substance CCCOC=O{solv}{x=0.273300}|ClCCCl{solv}{x=0.726700}>,CCCOC=O,ClCCCl,openff-2.1.0,3,0.0507941470302739,0.0329991235611992,-0.154,0.002
23499,2709,dens_196547737404430199,399,Density,<Substance CCC(C)(C)O{solv}{x=0.258400}|CCO{solv}{x=0.741600}>,CCC(C)(C)O,CCO,openff-2.1.0,3,0.8054096164771993,0.0002956864945847,0.7933000000000001,0.0005
23500,2710,dens_476512869308734578,400,Density,<Substance CCC(C)(C)O{solv}{x=0.549500}|CCO{solv}{x=0.450500}>,CCC(C)(C)O,CCO,openff-2.1.0,3,0.8171665896324435,0.0002533220090006,0.8018000000000002,0.0005
23501,2711,dens_822446541953482206,401,Density,<Substance CCC(C)(C)O{solv}{x=0.676500}|CCO{solv}{x=0.323500}>,CCC(C)(C)O,CCO,openff-2.1.0,3,0.8207979815598128,0.0002570885575219,0.8048000000000002,0.0005
23502,2712,dhmix_935690434592096067,402,EnthalpyOfMixing,<Substance CCC(C)(C)O{solv}{x=0.460700}|CCO{solv}{x=0.539300}>,CCC(C)(C)O,CCO,openff-2.1.0,3,-0.8897099885366262,0.0409115982027111,-0.95,0.00405
23503,2713,dhmix_1167190373485301023,403,EnthalpyOfMixing,<Substance CCC(C)(C)O{solv}{x=0.730600}|CCO{solv}{x=0.269400}>,CCC(C)(C)O,CCO,openff-2.1.0,3,-1.1244334140922307,0.0576905772051372,-0.7709,0.00335
23504,2714,dhmix_1275914601266938667,404,EnthalpyOfMixing,<Substance CCC(C)(C)O{solv}{x=0.280700}|CCO{solv}{x=0.719300}>,CCC(C)(C)O,CCO,openff-2.1.0,3,-0.4818204025705266,0.0343448438969479,-0.7056,0.0031
23505,2715,dens_196896428021674416,405,Density,<Substance OCCCCO{solv}{x=0.250400}|O{solv}{x=0.749600}>,O,OCCCCO,openff-2.1.0,3,1.0084724532995029,0.0003796477349509,1.0206500000000005,0.000165
23506,2716,dhmix_204758826312645465,406,EnthalpyOfMixing,<Substance OCCCCO{solv}{x=0.498600}|O{solv}{x=0.501400}>,O,OCCCCO,openff-2.1.0,3,0.1938435181120308,0.0423769024060037,-0.882,0.011
23507,2717,dens_523660418548538159,407,Density,<Substance OCCCCO{solv}{x=0.502000}|O{solv}{x=0.498000}>,O,OCCCCO,openff-2.1.0,3,1.0180919633541503,0.0003430196172591,1.0207100000000002,0.000175
23508,2718,dhmix_1424462945700338266,408,EnthalpyOfMixing,<Substance OCCCCO{solv}{x=0.794700}|O{solv}{x=0.205300}>,O,OCCCCO,openff-2.1.0,3,-0.1118628834979613,0.0606062492152434,-0.513,0.007
23509,2719,dhmix_2166372532060643622,409,EnthalpyOfMixing,<Substance OCCCCO{solv}{x=0.265800}|O{solv}{x=0.734200}>,O,OCCCCO,openff-2.1.0,3,0.6542316233698884,0.0223468207126557,-0.896,0.0115
23510,2720,dens_2215793475715067258,410,Density,<Substance OCCCCO{solv}{x=0.752800}|O{solv}{x=0.247200}>,O,OCCCCO,openff-2.1.0,3,1.020353714648476,0.0004139455550537,1.0165900000000003,0.00018
23511,2721,dhmix_199788824133179829,411,EnthalpyOfMixing,<Substance CNc1ccccc1{solv}{x=0.497300}|Cc1ccccc1{solv}{x=0.502700}>,CNc1ccccc1,Cc1ccccc1,openff-2.1.0,3,0.8393135417391875,0.0335268765449307,0.497,0.0055
23512,2722,dens_515118724178190757,412,Density,<Substance CNc1ccccc1{solv}{x=0.740700}|Cc1ccccc1{solv}{x=0.259300}>,CNc1ccccc1,Cc1ccccc1,openff-2.1.0,3,0.9581278608653524,0.0001935553001892,0.9531280000000004,0.0002595
23513,2723,dens_730775902780400634,413,Density,<Substance CNc1ccccc1{solv}{x=0.245200}|Cc1ccccc1{solv}{x=0.754800}>,CNc1ccccc1,Cc1ccccc1,openff-2.1.0,3,0.8867447444265824,0.0002115395916129,0.8935250000000002,0.000118
23514,2724,dhmix_1213795502778853356,414,EnthalpyOfMixing,<Substance CNc1ccccc1{solv}{x=0.295200}|Cc1ccccc1{solv}{x=0.704800}>,CNc1ccccc1,Cc1ccccc1,openff-2.1.0,3,0.8408517257725521,0.0365907037800293,0.459,0.005
23515,2725,dhmix_1321810550349826496,415,EnthalpyOfMixing,<Substance CNc1ccccc1{solv}{x=0.789200}|Cc1ccccc1{solv}{x=0.210800}>,CNc1ccccc1,Cc1ccccc1,openff-2.1.0,3,0.5911602650581109,0.04439035604543,0.287,0.003
23516,2726,dens_2156484405108449314,416,Density,<Substance CNc1ccccc1{solv}{x=0.490000}|Cc1ccccc1{solv}{x=0.510000}>,CNc1ccccc1,Cc1ccccc1,openff-2.1.0,3,0.9227101789953276,0.0002272567380794,0.9235800000000004,0.000164
23517,2727,dens_199829369486957606,417,Density,<Substance CC#N{solv}{x=0.200300}|c1ccccc1{solv}{x=0.799700}>,CC#N,c1ccccc1,openff-2.1.0,3,0.8510878791119856,0.0002815688126776,0.8623400000000002,7.000000000000002e-05
23518,2728,dhmix_217315956534335620,418,EnthalpyOfMixing,<Substance CC#N{solv}{x=0.771500}|c1ccccc1{solv}{x=0.228500}>,CC#N,c1ccccc1,openff-2.1.0,3,0.0498233845783033,0.0294198200156408,0.3988,0.00815
23519,2729,dhmix_730497723685339496,419,EnthalpyOfMixing,<Substance CC#N{solv}{x=0.219600}|c1ccccc1{solv}{x=0.780400}>,CC#N,c1ccccc1,openff-2.1.0,3,-0.076405843814193,0.0376128945335983,0.2399,0.00495
23520,2730,dhmix_1038591828122641798,420,EnthalpyOfMixing,<Substance CC#N{solv}{x=0.529500}|c1ccccc1{solv}{x=0.470500}>,CC#N,c1ccccc1,openff-2.1.0,3,0.0111773468443718,0.0258543583630839,0.4415,0.00905
23521,2731,dens_1457706963514561052,421,Density,<Substance CC#N{solv}{x=0.500100}|c1ccccc1{solv}{x=0.499900}>,CC#N,c1ccccc1,openff-2.1.0,3,0.8289274936362185,0.0003037384189166,0.8384600000000002,7.500000000000002e-05
23522,2732,dens_2111393000623474162,422,Density,<Substance CC#N{solv}{x=0.700200}|c1ccccc1{solv}{x=0.299800}>,CC#N,c1ccccc1,openff-2.1.0,3,0.8091390021896047,0.000256659958678,0.8174500000000002,7.500000000000002e-05
23523,2733,dens_201591193434833206,423,Density,<Substance CC(C)CC(C)(C)C{solv}{x=0.082400}|CCO{solv}{x=0.917600}>,CC(C)CC(C)(C)C,CCO,openff-2.1.0,3,0.765404467012315,0.0003197758085444,0.7605800000000003,0.000125
23524,2734,dhmix_371477530823830451,424,EnthalpyOfMixing,<Substance CC(C)CC(C)(C)C{solv}{x=0.761700}|CCO{solv}{x=0.238300}>,CC(C)CC(C)(C)C,CCO,openff-2.1.0,3,0.744558151649656,0.0454612625736331,0.634022,0.006851
23525,2735,dhmix_1127868571780691876,425,EnthalpyOfMixing,<Substance CC(C)CC(C)(C)C{solv}{x=0.515800}|CCO{solv}{x=0.484200}>,CC(C)CC(C)(C)C,CCO,openff-2.1.0,3,0.8864746892315907,0.0469634045971335,0.638973,0.006903
23526,2736,dens_1250915879314267304,426,Density,<Substance CC(C)CC(C)(C)C{solv}{x=0.493740}|CCO{solv}{x=0.506260}>,CC(C)CC(C)(C)C,CCO,openff-2.1.0,3,0.7270139363789051,0.0002453178980182,0.7110500000000001,7.500000000000002e-05
23527,2737,dens_1473791133383705310,427,Density,<Substance CC(C)CC(C)(C)C{solv}{x=0.735960}|CCO{solv}{x=0.264040}>,CC(C)CC(C)(C)C,CCO,openff-2.1.0,3,0.7157308981159588,0.0001986999540549,0.6967900000000001,7.500000000000002e-05
23528,2738,dhmix_1870637719976274804,428,EnthalpyOfMixing,<Substance CC(C)CC(C)(C)C{solv}{x=0.081500}|CCO{solv}{x=0.918500}>,CC(C)CC(C)(C)C,CCO,openff-2.1.0,3,0.3128123119544685,0.0358421349133616,0.197762,0.0022405
23529,2739,dens_202472488934755108,429,Density,<Substance CCC#N{solv}{x=0.301800}|CCOC(C)(C)C{solv}{x=0.698200}>,CCC#N,CCOC(C)(C)C,openff-2.1.0,3,0.7603230635205923,0.0002474964752972,0.7455000000000002,0.0002
23530,2740,dens_266175665931869051,430,Density,<Substance CCC#N{solv}{x=0.701400}|CCOC(C)(C)C{solv}{x=0.298600}>,CCC#N,CCOC(C)(C)C,openff-2.1.0,3,0.7687416118316588,0.0002436559213591,0.7617000000000003,0.00035
23531,2741,dhmix_801664072836508009,431,EnthalpyOfMixing,<Substance CCC#N{solv}{x=0.301800}|CCOC(C)(C)C{solv}{x=0.698200}>,CCC#N,CCOC(C)(C)C,openff-2.1.0,3,0.121686713041587,0.0355804170933518,0.4557,0.0062
23532,2742,dhmix_1220778152018571786,432,EnthalpyOfMixing,<Substance CCC#N{solv}{x=0.501400}|CCOC(C)(C)C{solv}{x=0.498600}>,CCC#N,CCOC(C)(C)C,openff-2.1.0,3,0.2035613868345791,0.039481059574257,0.5053,0.00685
23533,2743,dhmix_1838699488178562925,433,EnthalpyOfMixing,<Substance CCC#N{solv}{x=0.701400}|CCOC(C)(C)C{solv}{x=0.298600}>,CCC#N,CCOC(C)(C)C,openff-2.1.0,3,0.1722652743299839,0.0410518778081551,0.4078,0.0056
23534,2744,dens_1870081876609026392,434,Density,<Substance CCC#N{solv}{x=0.501400}|CCOC(C)(C)C{solv}{x=0.498600}>,CCC#N,CCOC(C)(C)C,openff-2.1.0,3,0.7646676372871536,0.0002233359207465,0.7532000000000002,0.0003
23535,2745,dens_205210513551931414,435,Density,<Substance CCCC#N{solv}{x=0.200000}|c1ccccc1{solv}{x=0.800000}>,CCCC#N,c1ccccc1,openff-2.1.0,3,0.8468314497994238,0.0002751387005756,0.8576940000000002,5.400000000000001e-05
23536,2746,dens_841576887891022329,436,Density,<Substance CCCC#N{solv}{x=0.500000}|c1ccccc1{solv}{x=0.500000}>,CCCC#N,c1ccccc1,openff-2.1.0,3,0.8231466888702594,0.0002815293719186,0.8318550000000002,5.8000000000000014e-05
23537,2747,dhmix_901910638840590393,437,EnthalpyOfMixing,<Substance CCCC#N{solv}{x=0.503700}|c1ccccc1{solv}{x=0.496300}>,CCCC#N,c1ccccc1,openff-2.1.0,3,-0.0970090957171905,0.0388365285890965,-0.0659,0.00145
23538,2748,dhmix_1123099162248680479,438,EnthalpyOfMixing,<Substance CCCC#N{solv}{x=0.752800}|c1ccccc1{solv}{x=0.247200}>,CCCC#N,c1ccccc1,openff-2.1.0,3,-0.0580705931612612,0.0399666356123769,-0.0312,0.0008
23539,2749,dhmix_1318990508180847616,439,EnthalpyOfMixing,<Substance CCCC#N{solv}{x=0.252800}|c1ccccc1{solv}{x=0.747200}>,CCCC#N,c1ccccc1,openff-2.1.0,3,-0.1221028881474808,0.0387461574437435,-0.0571,0.00125
23540,2750,dens_1950627772023797339,440,Density,<Substance CCCC#N{solv}{x=0.700000}|c1ccccc1{solv}{x=0.300000}>,CCCC#N,c1ccccc1,openff-2.1.0,3,0.8066388636240573,0.0002414288366747,0.8138540000000002,6.100000000000001e-05
23541,2751,dhmix_207411229673186667,441,EnthalpyOfMixing,<Substance CC(C)(C)Cl{solv}{x=0.774700}|CC(C)OC(C)C{solv}{x=0.225300}>,CC(C)(C)Cl,CC(C)OC(C)C,openff-2.1.0,3,-0.0839887600451163,0.0413381437741252,0.0035,0.0004
23542,2752,dhmix_263164663491745943,442,EnthalpyOfMixing,<Substance CC(C)(C)Cl{solv}{x=0.551200}|CC(C)OC(C)C{solv}{x=0.448800}>,CC(C)(C)Cl,CC(C)OC(C)C,openff-2.1.0,3,-0.1371725912103869,0.0418623375921075,0.0071,0.0004
23543,2753,dens_1527979990628499053,443,Density,<Substance CC(C)(C)Cl{solv}{x=0.514800}|CC(C)OC(C)C{solv}{x=0.485200}>,CC(C)(C)Cl,CC(C)OC(C)C,openff-2.1.0,3,0.7983975284030026,0.0002872236668564,0.7723510000000002,0.00042
23544,2754,dens_1616242241384486673,444,Density,<Substance CC(C)(C)Cl{solv}{x=0.715200}|CC(C)OC(C)C{solv}{x=0.284800}>,CC(C)(C)Cl,CC(C)OC(C)C,openff-2.1.0,3,0.8231500665787446,0.0002874476608252,0.7971450000000002,0.0003945
23545,2755,dens_2075469437997722238,445,Density,<Substance CC(C)(C)Cl{solv}{x=0.199100}|CC(C)OC(C)C{solv}{x=0.800900}>,CC(C)(C)Cl,CC(C)OC(C)C,openff-2.1.0,3,0.7616575729506774,0.0002158835063423,0.7376660000000003,0.0004545
23546,2756,dhmix_2101531043492089277,446,EnthalpyOfMixing,<Substance CC(C)(C)Cl{solv}{x=0.219200}|CC(C)OC(C)C{solv}{x=0.780800}>,CC(C)(C)Cl,CC(C)OC(C)C,openff-2.1.0,3,-0.1004514219124317,0.0477639599928106,0.007,0.0004
23547,2757,dens_210389881425986721,447,Density,<Substance C1COCO1{solv}{x=0.785000}|CCCCCC(C)=O{solv}{x=0.215000}>,C1COCO1,CCCCCC(C)=O,openff-2.1.0,3,0.990883692715682,0.0002564919744249,0.9696500000000002,0.0003
23548,2758,dhmix_503329310014436107,448,EnthalpyOfMixing,<Substance C1COCO1{solv}{x=0.750000}|CCCCCC(C)=O{solv}{x=0.250000}>,C1COCO1,CCCCCC(C)=O,openff-2.1.0,3,0.4872762627099547,0.0403015530468471,0.37402,0.001955
23549,2759,dens_824084186033535550,449,Density,<Substance C1COCO1{solv}{x=0.507100}|CCCCCC(C)=O{solv}{x=0.492900}>,C1COCO1,CCCCCC(C)=O,openff-2.1.0,3,0.8979611607608387,0.0002092644047826,0.8936300000000003,0.00034
23550,2760,dens_839548343309182157,450,Density,<Substance C1COCO1{solv}{x=0.244000}|CCCCCC(C)=O{solv}{x=0.756000}>,C1COCO1,CCCCCC(C)=O,openff-2.1.0,3,0.838803528032893,0.000186531368677,0.8445200000000002,0.00038
23551,2761,dhmix_1519451899562488304,451,EnthalpyOfMixing,<Substance C1COCO1{solv}{x=0.250000}|CCCCCC(C)=O{solv}{x=0.750000}>,C1COCO1,CCCCCC(C)=O,openff-2.1.0,3,0.3501617879320591,0.0394122885657614,0.2754,0.00155
23552,2762,dhmix_1874814461447958752,452,EnthalpyOfMixing,<Substance C1COCO1{solv}{x=0.500000}|CCCCCC(C)=O{solv}{x=0.500000}>,C1COCO1,CCCCCC(C)=O,openff-2.1.0,3,0.5783973999331877,0.0426941741412036,0.43148,0.00217
23553,2763,dhmix_219236717194413479,453,EnthalpyOfMixing,<Substance CCOc1ccccc1{solv}{x=0.762500}|OCCCc1ccccc1{solv}{x=0.237500}>,CCOc1ccccc1,OCCCc1ccccc1,openff-2.1.0,3,0.8910571160635214,0.0491457786997618,1.1164,0.01195
23554,2764,dens_391027492102555874,454,Density,<Substance CCOc1ccccc1{solv}{x=0.515000}|OCCCc1ccccc1{solv}{x=0.485000}>,CCOc1ccccc1,OCCCc1ccccc1,openff-2.1.0,3,0.9670637092394708,0.0001669408373195,0.9715100000000002,0.00026
23555,2765,dens_603450583692592837,455,Density,<Substance CCOc1ccccc1{solv}{x=0.707400}|OCCCc1ccccc1{solv}{x=0.292600}>,CCOc1ccccc1,OCCCc1ccccc1,openff-2.1.0,3,0.9591517268643184,0.0001825740136646,0.9634300000000002,0.00026
23556,2766,dhmix_1297428070131435744,456,EnthalpyOfMixing,<Substance CCOc1ccccc1{solv}{x=0.516900}|OCCCc1ccccc1{solv}{x=0.483100}>,CCOc1ccccc1,OCCCc1ccccc1,openff-2.1.0,3,1.1252935223286045,0.040340661172544,0.989,0.0106
23557,2767,dens_1659818614169719187,457,Density,<Substance CCOc1ccccc1{solv}{x=0.216400}|OCCCc1ccccc1{solv}{x=0.783600}>,CCOc1ccccc1,OCCCc1ccccc1,openff-2.1.0,3,0.9780103608329562,0.0001955942137749,0.9832000000000004,0.00026
23558,2768,dhmix_2058966624473104004,458,EnthalpyOfMixing,<Substance CCOc1ccccc1{solv}{x=0.262900}|OCCCc1ccccc1{solv}{x=0.737100}>,CCOc1ccccc1,OCCCc1ccccc1,openff-2.1.0,3,0.7038781696354022,0.0527129330214798,0.7,0.00755
23559,2769,dhmix_224977805525763267,459,EnthalpyOfMixing,<Substance OCCO{solv}{x=0.519300}|O{solv}{x=0.480700}>,O,OCCO,openff-2.1.0,3,0.110854642921252,0.0276980065849355,-0.64,0.0035
23560,2770,dhmix_454389511592218960,460,EnthalpyOfMixing,<Substance OCCO{solv}{x=0.790900}|O{solv}{x=0.209100}>,O,OCCO,openff-2.1.0,3,0.0035335149552615,0.0428105198131823,-0.347,0.0025
23561,2771,dens_624011570206871166,461,Density,<Substance OCCO{solv}{x=0.500560}|O{solv}{x=0.499440}>,O,OCCO,openff-2.1.0,3,1.0939396603174132,0.0003237608722377,1.0923200000000002,0.0005
23562,2772,dhmix_997365299263661959,462,EnthalpyOfMixing,<Substance OCCO{solv}{x=0.205100}|O{solv}{x=0.794900}>,O,OCCO,openff-2.1.0,3,0.1703798406631591,0.0240294484463888,-0.681,0.004
23563,2773,dens_1521229282261002740,463,Density,<Substance OCCO{solv}{x=0.299010}|O{solv}{x=0.700990}>,O,OCCO,openff-2.1.0,3,1.066913446140365,0.0003575636934922,1.0735400000000002,0.0005
23564,2774,dens_2015496231826454735,464,Density,<Substance OCCO{solv}{x=0.706260}|O{solv}{x=0.293740}>,O,OCCO,openff-2.1.0,3,1.1114826963399729,0.0003210715598621,1.1022400000000003,0.0005
23565,2775,dhmix_230261418136264651,465,EnthalpyOfMixing,<Substance CCCCOC(C)=O{solv}{x=0.700700}|CCOC(C)=O{solv}{x=0.299300}>,CCCCOC(C)=O,CCOC(C)=O,openff-2.1.0,3,-0.0553289866047777,0.0466831781183071,0.0594,0.001
23566,2776,dhmix_287092636460772443,466,EnthalpyOfMixing,<Substance CCCCOC(C)=O{solv}{x=0.501800}|CCOC(C)=O{solv}{x=0.498200}>,CCCCOC(C)=O,CCOC(C)=O,openff-2.1.0,3,0.0407409655723824,0.0421400327862347,0.076,0.0012
23567,2777,dens_436289636626232396,467,Density,<Substance CCCCOC(C)=O{solv}{x=0.501800}|CCOC(C)=O{solv}{x=0.498200}>,CCCCOC(C)=O,CCOC(C)=O,openff-2.1.0,3,0.8936044919700905,0.0002294260683515,0.8829000000000002,0.0002
23568,2778,dens_1739528506032569134,468,Density,<Substance CCCCOC(C)=O{solv}{x=0.201200}|CCOC(C)=O{solv}{x=0.798800}>,CCCCOC(C)=O,CCOC(C)=O,openff-2.1.0,3,0.9009596727840128,0.0002261951309186,0.8889000000000001,0.0002
23569,2779,dhmix_1951544232160779982,469,EnthalpyOfMixing,<Substance CCCCOC(C)=O{solv}{x=0.201200}|CCOC(C)=O{solv}{x=0.798800}>,CCCCOC(C)=O,CCOC(C)=O,openff-2.1.0,3,0.0160905287518602,0.0378788585972048,0.0524,0.0009
23570,2780,dens_2199004103648094822,470,Density,<Substance CCCCOC(C)=O{solv}{x=0.700700}|CCOC(C)=O{solv}{x=0.299300}>,CCCCOC(C)=O,CCOC(C)=O,openff-2.1.0,3,0.889765982524137,0.0002290411143408,0.8797000000000003,0.0002
23571,2781,dens_230610561971140401,471,Density,<Substance CN(C)CCO{solv}{x=0.507700}|O{solv}{x=0.492300}>,CN(C)CCO,O,openff-2.1.0,3,0.9220658835193986,0.0002720569279856,0.9237220000000002,0.000504
23572,2782,dens_531222131704065782,472,Density,<Substance CN(C)CCO{solv}{x=0.765200}|O{solv}{x=0.234800}>,CN(C)CCO,O,openff-2.1.0,3,0.9075372634385744,0.0002318004017168,0.8989030000000002,0.0005805
23573,2783,dhmix_569544738684419327,473,EnthalpyOfMixing,<Substance CN(C)CCO{solv}{x=0.536500}|O{solv}{x=0.463500}>,CN(C)CCO,O,openff-2.1.0,3,-2.05688809314779,0.0329983225970001,-2.575,0.0525
23574,2784,dens_1319192913326669904,474,Density,<Substance CN(C)CCO{solv}{x=0.264330}|O{solv}{x=0.735670}>,CN(C)CCO,O,openff-2.1.0,3,0.9413423575713044,0.0003754570348725,0.9590000000000002,0.0029
23575,2785,dhmix_1669606825693628140,475,EnthalpyOfMixing,<Substance CN(C)CCO{solv}{x=0.205200}|O{solv}{x=0.794800}>,CN(C)CCO,O,openff-2.1.0,3,-1.4069941355774425,0.0252418380088358,-2.587,0.0525
23576,2786,dhmix_1723343163215510297,476,EnthalpyOfMixing,<Substance CN(C)CCO{solv}{x=0.799600}|O{solv}{x=0.200400}>,CN(C)CCO,O,openff-2.1.0,3,-1.2868777976361798,0.0428163472646827,-1.247,0.0255
23577,2787,dens_233554406241639981,477,Density,<Substance CC(C)CC(C)(C)C{solv}{x=0.200000}|CCCCOCCCC{solv}{x=0.800000}>,CC(C)CC(C)(C)C,CCCCOCCCC,openff-2.1.0,3,0.7515894712262415,0.0001841031001096,0.7497500000000001,0.00017
23578,2788,dhmix_465541682585001245,478,EnthalpyOfMixing,<Substance CC(C)CC(C)(C)C{solv}{x=0.200400}|CCCCOCCCC{solv}{x=0.799600}>,CC(C)CC(C)(C)C,CCCCOCCCC,openff-2.1.0,3,0.2381428628765718,0.057731309641993,0.07397,0.00099
23579,2789,dhmix_1505777056782392294,479,EnthalpyOfMixing,<Substance CC(C)CC(C)(C)C{solv}{x=0.400400}|CCCCOCCCC{solv}{x=0.599600}>,CC(C)CC(C)(C)C,CCCCOCCCC,openff-2.1.0,3,0.3391252357134533,0.0510759574874964,0.11538,0.001385
23580,2790,dhmix_1595104467389948583,480,EnthalpyOfMixing,<Substance CC(C)CC(C)(C)C{solv}{x=0.700500}|CCCCOCCCC{solv}{x=0.299500}>,CC(C)CC(C)(C)C,CCCCOCCCC,openff-2.1.0,3,0.2252348715631456,0.050362118171967,0.10948,0.00133
23581,2791,dens_1672861274914038509,481,Density,<Substance CC(C)CC(C)(C)C{solv}{x=0.399700}|CCCCOCCCC{solv}{x=0.600300}>,CC(C)CC(C)(C)C,CCCCOCCCC,openff-2.1.0,3,0.7407080297131663,0.0002009414138093,0.7348100000000001,0.000175
23582,2792,dens_1954694146948787176,482,Density,<Substance CC(C)CC(C)(C)C{solv}{x=0.700000}|CCCCOCCCC{solv}{x=0.300000}>,CC(C)CC(C)(C)C,CCCCOCCCC,openff-2.1.0,3,0.7245946409491053,0.0002001175462409,0.7117300000000002,0.000185
23583,2793,dens_234746850701826990,483,Density,<Substance CC#N{solv}{x=0.700000}|CCCCCO{solv}{x=0.300000}>,CC#N,CCCCCO,openff-2.1.0,3,0.7917583059777382,0.000238830666578,0.7924200000000001,0.000165
23584,2794,dens_1261543146081029601,484,Density,<Substance CC#N{solv}{x=0.500300}|CCCCCO{solv}{x=0.499700}>,CC#N,CCCCCO,openff-2.1.0,3,0.8012507257094628,0.0002438546868409,0.7996400000000001,0.000185
23585,2795,dens_1462197010819319813,485,Density,<Substance CC#N{solv}{x=0.203100}|CCCCCO{solv}{x=0.796900}>,CC#N,CCCCCO,openff-2.1.0,3,0.8110072433924429,0.0002340187432786,0.8090600000000001,0.00022
23586,2796,dhmix_1595997756227951615,486,EnthalpyOfMixing,<Substance CC#N{solv}{x=0.235500}|CCCCCO{solv}{x=0.764500}>,CC#N,CCCCCO,openff-2.1.0,3,1.3058698354784113,0.0423731025293004,1.451,0.006
23587,2797,dhmix_1745037615762894827,487,EnthalpyOfMixing,<Substance CC#N{solv}{x=0.516700}|CCCCCO{solv}{x=0.483300}>,CC#N,CCCCCO,openff-2.1.0,3,1.9626317562092837,0.0382485985792048,2.017,0.008
23588,2798,dhmix_2294048253872291609,488,EnthalpyOfMixing,<Substance CC#N{solv}{x=0.771100}|CCCCCO{solv}{x=0.228900}>,CC#N,CCCCCO,openff-2.1.0,3,1.5931728660001063,0.0311671605431413,1.656,0.007
23589,2799,dens_237912652331354824,489,Density,<Substance C1COCCO1{solv}{x=0.512200}|CCCC(C)=O{solv}{x=0.487800}>,C1COCCO1,CCCC(C)=O,openff-2.1.0,3,0.8998999199670361,0.0002293813863457,0.90478,0.00023
23590,2800,dhmix_951401191616771155,490,EnthalpyOfMixing,<Substance C1COCCO1{solv}{x=0.750000}|CCCC(C)=O{solv}{x=0.250000}>,C1COCCO1,CCCC(C)=O,openff-2.1.0,3,0.3220713512642561,0.0389899243957036,0.23761,0.00135
23591,2801,dens_1815088975543208186,491,Density,<Substance C1COCCO1{solv}{x=0.225400}|CCCC(C)=O{solv}{x=0.774600}>,C1COCCO1,CCCC(C)=O,openff-2.1.0,3,0.8313939933536452,0.0002400645688973,0.8442800000000001,0.00022
23592,2802,dens_2079717107234551519,492,Density,<Substance C1COCCO1{solv}{x=0.782300}|CCCC(C)=O{solv}{x=0.217700}>,C1COCCO1,CCCC(C)=O,openff-2.1.0,3,0.9719804551162438,0.0002286657793925,0.9692000000000004,0.000245
23593,2803,dhmix_2166059870593139530,493,EnthalpyOfMixing,<Substance C1COCCO1{solv}{x=0.500000}|CCCC(C)=O{solv}{x=0.500000}>,C1COCCO1,CCCC(C)=O,openff-2.1.0,3,0.3036131843423817,0.0417645454052743,0.26523,0.001455
23594,2804,dhmix_2196150660196365471,494,EnthalpyOfMixing,<Substance C1COCCO1{solv}{x=0.250000}|CCCC(C)=O{solv}{x=0.750000}>,C1COCCO1,CCCC(C)=O,openff-2.1.0,3,0.2501139050403793,0.0415001396454429,0.1704,0.001085
23595,2805,dhmix_243334109655928306,495,EnthalpyOfMixing,<Substance C1CCOCC1{solv}{x=0.783200}|c1ccccc1{solv}{x=0.216800}>,C1CCOCC1,c1ccccc1,openff-2.1.0,3,-0.0522979107856258,0.0364758166222929,-0.1399,0.00165
23596,2806,dens_257753427541292519,496,Density,<Substance C1CCOCC1{solv}{x=0.479400}|c1ccccc1{solv}{x=0.520600}>,C1CCOCC1,c1ccccc1,openff-2.1.0,3,0.8693268888773878,0.000275938530159,0.8778700000000003,0.000505
23597,2807,dhmix_604341867718608333,497,EnthalpyOfMixing,<Substance C1CCOCC1{solv}{x=0.242500}|c1ccccc1{solv}{x=0.757500}>,C1CCOCC1,c1ccccc1,openff-2.1.0,3,-0.0792106072226488,0.0398458635687746,-0.1608,0.00185
23598,2808,dens_791001710124267373,498,Density,<Substance C1CCOCC1{solv}{x=0.223900}|c1ccccc1{solv}{x=0.776100}>,C1CCOCC1,c1ccccc1,openff-2.1.0,3,0.8661345304572619,0.0002640870648201,0.8761000000000002,0.0005
23599,2809,dens_1402061243325720407,499,Density,<Substance C1CCOCC1{solv}{x=0.743200}|c1ccccc1{solv}{x=0.256800}>,C1CCOCC1,c1ccccc1,openff-2.1.0,3,0.8728614940950682,0.0001737767811756,0.8789500000000002,0.000505
23600,2810,dhmix_1407142629314355761,500,EnthalpyOfMixing,<Substance C1CCOCC1{solv}{x=0.498200}|c1ccccc1{solv}{x=0.501800}>,C1CCOCC1,c1ccccc1,openff-2.1.0,3,-0.0957441831632195,0.0377441119281383,-0.2365,0.00265
23601,2811,dhmix_266800455813556356,501,EnthalpyOfMixing,<Substance CO{solv}{x=0.727200}|OCc1ccccc1{solv}{x=0.272800}>,CO,OCc1ccccc1,openff-2.1.0,3,-0.1253320834840678,0.0322449267681296,-0.0792,0.001
23602,2812,dhmix_949671607207910651,502,EnthalpyOfMixing,<Substance CO{solv}{x=0.500500}|OCc1ccccc1{solv}{x=0.499500}>,CO,OCc1ccccc1,openff-2.1.0,3,-0.1085340895556825,0.030864797701008,-0.1408,0.00165
23603,2813,dhmix_1388744759732522219,503,EnthalpyOfMixing,<Substance CO{solv}{x=0.200200}|OCc1ccccc1{solv}{x=0.799800}>,CO,OCc1ccccc1,openff-2.1.0,3,-0.1747318124270478,0.0394448352267417,-0.1081,0.0013
23604,2814,dens_270046772857960816,504,Density,<Substance C1CCOCC1{solv}{x=0.732100}|Cc1ccccc1{solv}{x=0.267900}>,C1CCOCC1,Cc1ccccc1,openff-2.1.0,3,0.8690804609334729,0.000246372349002,0.8754100000000001,0.000505
23605,2815,dens_324774743687652276,505,Density,<Substance C1CCOCC1{solv}{x=0.238700}|Cc1ccccc1{solv}{x=0.761300}>,C1CCOCC1,Cc1ccccc1,openff-2.1.0,3,0.8568129681854059,0.0002604458146075,0.8669900000000003,0.000505
23606,2816,dhmix_390107187187002597,506,EnthalpyOfMixing,<Substance C1CCOCC1{solv}{x=0.531900}|Cc1ccccc1{solv}{x=0.468100}>,C1CCOCC1,Cc1ccccc1,openff-2.1.0,3,-0.0998688385748352,0.0376067625581172,-0.2225,0.0025
23607,2817,dhmix_1070320975529400325,507,EnthalpyOfMixing,<Substance C1CCOCC1{solv}{x=0.280600}|Cc1ccccc1{solv}{x=0.719400}>,C1CCOCC1,Cc1ccccc1,openff-2.1.0,3,-0.1136757899645317,0.0479956563772173,-0.1687,0.00195
23608,2818,dens_1397318239527979287,508,Density,<Substance C1CCOCC1{solv}{x=0.491500}|Cc1ccccc1{solv}{x=0.508500}>,C1CCOCC1,Cc1ccccc1,openff-2.1.0,3,0.8633731101606149,0.0002584917959542,0.8715100000000002,0.000505
23609,2819,dhmix_1508130989501940613,509,EnthalpyOfMixing,<Substance C1CCOCC1{solv}{x=0.741300}|Cc1ccccc1{solv}{x=0.258700}>,C1CCOCC1,Cc1ccccc1,openff-2.1.0,3,-0.0853542047773032,0.0407106925753054,-0.1629,0.0019
23610,2820,dhmix_271732469428717581,510,EnthalpyOfMixing,<Substance COc1ccccc1{solv}{x=0.237400}|OCCCc1ccccc1{solv}{x=0.762600}>,COc1ccccc1,OCCCc1ccccc1,openff-2.1.0,3,0.6927079868431321,0.0512119683120451,0.6076,0.0066
23611,2821,dhmix_1174392275991455181,511,EnthalpyOfMixing,<Substance COc1ccccc1{solv}{x=0.554700}|OCCCc1ccccc1{solv}{x=0.445300}>,COc1ccccc1,OCCCc1ccccc1,openff-2.1.0,3,1.059126770093869,0.0451578406653842,1.0293,0.01105
23612,2822,dhmix_1179341622676685107,512,EnthalpyOfMixing,<Substance COc1ccccc1{solv}{x=0.713600}|OCCCc1ccccc1{solv}{x=0.286400}>,COc1ccccc1,OCCCc1ccccc1,openff-2.1.0,3,0.9824013062331716,0.0475488212974238,1.1088,0.0119
23613,2823,dens_1468428612899754720,513,Density,<Substance COc1ccccc1{solv}{x=0.747700}|OCCCc1ccccc1{solv}{x=0.252300}>,COc1ccccc1,OCCCc1ccccc1,openff-2.1.0,3,0.9747028852945834,0.0002550544627188,0.9827800000000002,0.00026
23614,2824,dens_1534619098234859574,514,Density,<Substance COc1ccccc1{solv}{x=0.555100}|OCCCc1ccccc1{solv}{x=0.444900}>,COc1ccccc1,OCCCc1ccccc1,openff-2.1.0,3,0.9782025495832272,0.0001987331972892,0.9852700000000002,0.00026
23615,2825,dens_2298154173340539222,515,Density,<Substance COc1ccccc1{solv}{x=0.263600}|OCCCc1ccccc1{solv}{x=0.736400}>,COc1ccccc1,OCCCc1ccccc1,openff-2.1.0,3,0.9823950245704384,0.0001848235474608,0.9885500000000002,0.00026
23616,2826,dens_274848672468745759,516,Density,<Substance CCCCOC(C)=O{solv}{x=0.293400}|c1ccccc1{solv}{x=0.706600}>,CCCCOC(C)=O,c1ccccc1,openff-2.1.0,3,0.8710176541722003,0.0002404574888497,0.8736600000000002,0.00021
23617,2827,dens_493354132810710227,517,Density,<Substance CCCCOC(C)=O{solv}{x=0.710500}|c1ccccc1{solv}{x=0.289500}>,CCCCOC(C)=O,c1ccccc1,openff-2.1.0,3,0.8794917510642855,0.0002159593544967,0.8751500000000002,0.000335
23618,2828,dhmix_754807126845437364,518,EnthalpyOfMixing,<Substance CCCCOC(C)=O{solv}{x=0.495800}|c1ccccc1{solv}{x=0.504200}>,CCCCOC(C)=O,c1ccccc1,openff-2.1.0,3,-0.1969535296290381,0.0456231311640062,-0.0245,0.001
23619,2829,dens_834118541551127044,519,Density,<Substance CCCCOC(C)=O{solv}{x=0.504400}|c1ccccc1{solv}{x=0.495600}>,CCCCOC(C)=O,c1ccccc1,openff-2.1.0,3,0.8758096896934149,0.0002109997436219,0.8744300000000002,0.000265
23620,2830,dhmix_1349932525480083284,520,EnthalpyOfMixing,<Substance CCCCOC(C)=O{solv}{x=0.252300}|c1ccccc1{solv}{x=0.747700}>,CCCCOC(C)=O,c1ccccc1,openff-2.1.0,3,-0.1143511837372202,0.0390414274454654,-0.014,0.0009
23621,2831,dhmix_1597992980658352112,521,EnthalpyOfMixing,<Substance CCCCOC(C)=O{solv}{x=0.771400}|c1ccccc1{solv}{x=0.228600}>,CCCCOC(C)=O,c1ccccc1,openff-2.1.0,3,-0.0147994980135699,0.0463181852394874,-0.0245,0.001
23622,2832,dens_275501958869207518,522,Density,<Substance C1CCOCC1{solv}{x=0.226300}|Cc1ccccc1Cl{solv}{x=0.773700}>,C1CCOCC1,Cc1ccccc1Cl,openff-2.1.0,3,1.0393994596769638,0.0002682161270795,1.0396,0.0005
23623,2833,dhmix_818597523255588519,523,EnthalpyOfMixing,<Substance C1CCOCC1{solv}{x=0.753300}|Cc1ccccc1Cl{solv}{x=0.246700}>,C1CCOCC1,Cc1ccccc1Cl,openff-2.1.0,3,-0.1625798606126665,0.0417458554796321,-0.154,0.001
23624,2834,dhmix_849121557716978550,524,EnthalpyOfMixing,<Substance C1CCOCC1{solv}{x=0.517500}|Cc1ccccc1Cl{solv}{x=0.482500}>,C1CCOCC1,Cc1ccccc1Cl,openff-2.1.0,3,-0.2661008525937518,0.0397833247550883,-0.22,0.0015
23625,2835,dens_946978292781731327,525,Density,<Substance C1CCOCC1{solv}{x=0.478400}|Cc1ccccc1Cl{solv}{x=0.521600}>,C1CCOCC1,Cc1ccccc1Cl,openff-2.1.0,3,0.991987392617479,0.0002591480662257,0.9931600000000002,0.00051
23626,2836,dhmix_997266220336132741,526,EnthalpyOfMixing,<Substance C1CCOCC1{solv}{x=0.263200}|Cc1ccccc1Cl{solv}{x=0.736800}>,C1CCOCC1,Cc1ccccc1Cl,openff-2.1.0,3,-0.1883971651300129,0.0425774122061912,-0.175,0.001
23627,2837,dens_1191185394819541532,527,Density,<Substance C1CCOCC1{solv}{x=0.765800}|Cc1ccccc1Cl{solv}{x=0.234200}>,C1CCOCC1,Cc1ccccc1Cl,openff-2.1.0,3,0.930834621781914,0.0002265648258566,0.9336500000000002,0.000505
23628,2838,dhmix_278334692660393021,528,EnthalpyOfMixing,<Substance CCCCCCC{solv}{x=0.205900}|CNc1ccccc1{solv}{x=0.794100}>,CCCCCCC,CNc1ccccc1,openff-2.1.0,3,1.716761946140501,0.0492082659352285,1.126,0.012
23629,2839,dens_480658478095207102,529,Density,<Substance CCCCCCC{solv}{x=0.740500}|CNc1ccccc1{solv}{x=0.259500}>,CCCCCCC,CNc1ccccc1,openff-2.1.0,3,0.7358301149492541,0.0002127080743393,0.7424910000000001,0.00014
23630,2840,dhmix_898293423987680187,530,EnthalpyOfMixing,<Substance CCCCCCC{solv}{x=0.501700}|CNc1ccccc1{solv}{x=0.498300}>,CCCCCCC,CNc1ccccc1,openff-2.1.0,3,2.037538183106222,0.0497859222553622,1.676,0.018
23631,2841,dens_1509968737377061562,531,Density,<Substance CCCCCCC{solv}{x=0.250900}|CNc1ccccc1{solv}{x=0.749100}>,CCCCCCC,CNc1ccccc1,openff-2.1.0,3,0.8920242329357545,0.0002229159405112,0.8897150000000003,0.0002615
23632,2842,dhmix_1680546488782143957,532,EnthalpyOfMixing,<Substance CCCCCCC{solv}{x=0.703200}|CNc1ccccc1{solv}{x=0.296800}>,CCCCCCC,CNc1ccccc1,openff-2.1.0,3,2.041669152126005,0.0514654777881272,1.539,0.0165
23633,2843,dens_2074014246120135820,533,Density,<Substance CCCCCCC{solv}{x=0.497000}|CNc1ccccc1{solv}{x=0.503000}>,CCCCCCC,CNc1ccccc1,openff-2.1.0,3,0.808036552042664,0.0002069456290993,0.8106920000000002,0.0001785
23634,2844,dens_296890921001565391,534,Density,<Substance CCCCN{solv}{x=0.755200}|CN(C)C=O{solv}{x=0.244800}>,CCCCN,CN(C)C=O,openff-2.1.0,3,0.7912598276156414,0.0002522911376584,0.7762150000000002,0.000949
23635,2845,dens_380536870617309130,535,Density,<Substance CCCCN{solv}{x=0.242800}|CN(C)C=O{solv}{x=0.757200}>,CCCCN,CN(C)C=O,openff-2.1.0,3,0.8749653200730262,0.0002648537091406,0.8845160000000002,0.0010795
23636,2846,dhmix_493117160214491795,536,EnthalpyOfMixing,<Substance CCCCN{solv}{x=0.244100}|CN(C)C=O{solv}{x=0.755900}>,CCCCN,CN(C)C=O,openff-2.1.0,3,0.0500517863426495,0.0389774503554734,0.245,0.008
23637,2847,dhmix_789225002934078019,537,EnthalpyOfMixing,<Substance CCCCN{solv}{x=0.750200}|CN(C)C=O{solv}{x=0.249800}>,CCCCN,CN(C)C=O,openff-2.1.0,3,0.1298519573047372,0.0411854960028279,0.32,0.01
23638,2848,dhmix_941321571782058819,538,EnthalpyOfMixing,<Substance CCCCN{solv}{x=0.499200}|CN(C)C=O{solv}{x=0.500800}>,CCCCN,CN(C)C=O,openff-2.1.0,3,0.2333777487355774,0.0425469775346191,0.384,0.0115
23639,2849,dens_2179361372918836941,539,Density,<Substance CCCCN{solv}{x=0.497200}|CN(C)C=O{solv}{x=0.502800}>,CCCCN,CN(C)C=O,openff-2.1.0,3,0.8325767284854835,0.0002356362342939,0.8277360000000001,0.001011
23640,2850,dens_300257448272323407,540,Density,<Substance CC(C)O{solv}{x=0.745200}|NCCN{solv}{x=0.254800}>,CC(C)O,NCCN,openff-2.1.0,3,0.852894625580092,0.0002875575014801,0.8163970000000003,0.0002325
23641,2851,dens_924750366683277351,541,Density,<Substance CC(C)O{solv}{x=0.203100}|NCCN{solv}{x=0.796900}>,CC(C)O,NCCN,openff-2.1.0,3,0.9776625809654772,0.000308485524713,0.8736620000000003,0.0002225
23642,2852,dens_2284409308160572308,542,Density,<Substance CC(C)O{solv}{x=0.489100}|NCCN{solv}{x=0.510900}>,CC(C)O,NCCN,openff-2.1.0,3,0.9089291203629202,0.0002578924606946,0.8449250000000001,0.0002245
23643,2853,dens_305501840068636812,543,Density,<Substance CC(C)=O{solv}{x=0.750000}|CCO{solv}{x=0.250000}>,CC(C)=O,CCO,openff-2.1.0,3,0.7732930706194802,0.0003261817213113,0.7859000000000002,0.000115
23644,2854,dens_472577738907297293,544,Density,<Substance CC(C)=O{solv}{x=0.250000}|CCO{solv}{x=0.750000}>,CC(C)=O,CCO,openff-2.1.0,3,0.7817171284233295,0.0003216689172552,0.7861600000000002,0.000115
23645,2855,dens_2271083741716457850,545,Density,<Substance CC(C)=O{solv}{x=0.499900}|CCO{solv}{x=0.500100}>,CC(C)=O,CCO,openff-2.1.0,3,0.7770431960060612,0.0002990615331335,0.7861900000000003,0.000115
23646,2856,dens_307445163336341047,546,Density,<Substance CN1CCCC1=O{solv}{x=0.703700}|ClCCCl{solv}{x=0.296300}>,CN1CCCC1=O,ClCCCl,openff-2.1.0,3,1.0655994448829138,0.0002525689293613,1.0851000000000002,0.0002
23647,2857,dhmix_453866769634566853,547,EnthalpyOfMixing,<Substance CN1CCCC1=O{solv}{x=0.253100}|ClCCCl{solv}{x=0.746900}>,CN1CCCC1=O,ClCCCl,openff-2.1.0,3,-0.3533804875425481,0.0342054441968763,-0.8118,0.01525
23648,2858,dhmix_536206650470008584,548,EnthalpyOfMixing,<Substance CN1CCCC1=O{solv}{x=0.500000}|ClCCCl{solv}{x=0.500000}>,CN1CCCC1=O,ClCCCl,openff-2.1.0,3,-0.5548097986324763,0.0374208660329994,-1.264,0.0055
23649,2859,dens_1046625605566999080,549,Density,<Substance CN1CCCC1=O{solv}{x=0.202500}|ClCCCl{solv}{x=0.797500}>,CN1CCCC1=O,ClCCCl,openff-2.1.0,3,1.1817856319501214,0.0003693330365843,1.1953000000000005,0.00025
23650,2860,dhmix_1620571823529677157,550,EnthalpyOfMixing,<Substance CN1CCCC1=O{solv}{x=0.736700}|ClCCCl{solv}{x=0.263300}>,CN1CCCC1=O,ClCCCl,openff-2.1.0,3,-0.3862940887483077,0.0382930666832536,-0.8587,0.01605
23651,2861,dens_2059567022041766694,551,Density,<Substance CN1CCCC1=O{solv}{x=0.497500}|ClCCCl{solv}{x=0.502500}>,CN1CCCC1=O,ClCCCl,openff-2.1.0,3,1.113466193431461,0.0003044568558356,1.1283000000000003,0.0002
23652,2862,dens_313234519309892479,552,Density,<Substance CC(=O)N(C)C{solv}{x=0.293800}|CCCCCCCCCl{solv}{x=0.706200}>,CC(=O)N(C)C,CCCCCCCCCl,openff-2.1.0,3,0.8709258728497795,0.0002147629554842,0.8796000000000003,0.00045
23653,2863,dhmix_444785917463403590,553,EnthalpyOfMixing,<Substance CC(=O)N(C)C{solv}{x=0.703000}|CCCCCCCCCl{solv}{x=0.297000}>,CC(=O)N(C)C,CCCCCCCCCl,openff-2.1.0,3,0.8441919635046453,0.0452964415156746,0.751,0.004
23654,2864,dhmix_705168937124106402,554,EnthalpyOfMixing,<Substance CC(=O)N(C)C{solv}{x=0.215000}|CCCCCCCCCl{solv}{x=0.785000}>,CC(=O)N(C)C,CCCCCCCCCl,openff-2.1.0,3,0.6460869798379747,0.0491536375851158,0.519,0.0035
23655,2865,dens_1549584991651515376,555,Density,<Substance CC(=O)N(C)C{solv}{x=0.502200}|CCCCCCCCCl{solv}{x=0.497800}>,CC(=O)N(C)C,CCCCCCCCCl,openff-2.1.0,3,0.8762182206784196,0.0002172009122822,0.8902000000000002,0.0004
23656,2866,dhmix_1732161251827083272,556,EnthalpyOfMixing,<Substance CC(=O)N(C)C{solv}{x=0.508000}|CCCCCCCCCl{solv}{x=0.492000}>,CC(=O)N(C)C,CCCCCCCCCl,openff-2.1.0,3,0.9183547065039904,0.0487794016414021,0.829,0.004
23657,2867,dens_2189889607118243828,557,Density,<Substance CC(=O)N(C)C{solv}{x=0.700500}|CCCCCCCCCl{solv}{x=0.299500}>,CC(=O)N(C)C,CCCCCCCCCl,openff-2.1.0,3,0.8823857499780314,0.000220921470789,0.9041000000000002,0.00035
23658,2868,dens_314482396827660717,558,Density,<Substance BrCCBr{solv}{x=0.753700}|COC(C)=O{solv}{x=0.246300}>,BrCCBr,COC(C)=O,openff-2.1.0,3,1.85827033698214,0.0006544689440478,1.8774400000000004,0.003355
23659,2869,dens_344993892965738820,559,Density,<Substance BrCCBr{solv}{x=0.275200}|COC(C)=O{solv}{x=0.724800}>,BrCCBr,COC(C)=O,openff-2.1.0,3,1.2937533200484328,0.0003949135309754,1.2862400000000005,0.001125
23660,2870,dhmix_545996968666061076,560,EnthalpyOfMixing,<Substance BrCCBr{solv}{x=0.720900}|COC(C)=O{solv}{x=0.279100}>,BrCCBr,COC(C)=O,openff-2.1.0,3,-0.046098843400181,0.0327047929711931,0.2594,0.0028
23661,2871,dens_714044009336077786,561,Density,<Substance BrCCBr{solv}{x=0.512100}|COC(C)=O{solv}{x=0.487900}>,BrCCBr,COC(C)=O,openff-2.1.0,3,1.5811660560790837,0.0004960078266546,1.5834900000000005,0.0021
23662,2872,dhmix_1222511035002547253,562,EnthalpyOfMixing,<Substance BrCCBr{solv}{x=0.485500}|COC(C)=O{solv}{x=0.514500}>,BrCCBr,COC(C)=O,openff-2.1.0,3,-0.1327825236621365,0.0326262965300227,0.2577,0.00275
23663,2873,dhmix_1418101673429653456,563,EnthalpyOfMixing,<Substance BrCCBr{solv}{x=0.250800}|COC(C)=O{solv}{x=0.749200}>,BrCCBr,COC(C)=O,openff-2.1.0,3,-0.0829288534739163,0.034945005028174,0.1202,0.0017
23664,2874,dens_314934747194338330,564,Density,<Substance CC(C)CCl{solv}{x=0.513700}|CC(C)OC(C)C{solv}{x=0.486300}>,CC(C)CCl,CC(C)OC(C)C,openff-2.1.0,3,0.7994544232608275,0.0002230702501794,0.7878250000000002,0.000405
23665,2875,dhmix_355399496844187096,565,EnthalpyOfMixing,<Substance CC(C)CCl{solv}{x=0.545300}|CC(C)OC(C)C{solv}{x=0.454700}>,CC(C)CCl,CC(C)OC(C)C,openff-2.1.0,3,-0.2510632395932646,0.0389294335098932,-0.0957,0.0012
23666,2876,dens_688062365117407068,566,Density,<Substance CC(C)CCl{solv}{x=0.805900}|CC(C)OC(C)C{solv}{x=0.194100}>,CC(C)CCl,CC(C)OC(C)C,openff-2.1.0,3,0.8389221974778996,0.0001940863596812,0.8355300000000002,0.0003555
23667,2877,dhmix_1411881046585885461,567,EnthalpyOfMixing,<Substance CC(C)CCl{solv}{x=0.090700}|CC(C)OC(C)C{solv}{x=0.909300}>,CC(C)CCl,CC(C)OC(C)C,openff-2.1.0,3,0.0123880429546261,0.052733463390947,-0.0302,0.00055
23668,2878,dens_1762455266351712367,568,Density,<Substance CC(C)CCl{solv}{x=0.091000}|CC(C)OC(C)C{solv}{x=0.909000}>,CC(C)CCl,CC(C)OC(C)C,openff-2.1.0,3,0.7505908055097272,0.0002247165009257,0.7293950000000001,0.000464
23669,2879,dhmix_2302865667781063708,569,EnthalpyOfMixing,<Substance CC(C)CCl{solv}{x=0.727000}|CC(C)OC(C)C{solv}{x=0.273000}>,CC(C)CCl,CC(C)OC(C)C,openff-2.1.0,3,-0.1725469640825707,0.0407949025821203,-0.0791,0.001
23670,2880,dens_321327254341950207,570,Density,<Substance C1COCCO1{solv}{x=0.780300}|CCCCCC(C)=O{solv}{x=0.219700}>,C1COCCO1,CCCCCC(C)=O,openff-2.1.0,3,0.9610733592094132,0.0001926135584401,0.9576500000000002,0.0003
23671,2881,dens_377701756930918353,571,Density,<Substance C1COCCO1{solv}{x=0.500600}|CCCCCC(C)=O{solv}{x=0.499400}>,C1COCCO1,CCCCCC(C)=O,openff-2.1.0,3,0.8882392876108341,0.0002271219048961,0.8916700000000002,0.000345
23672,2882,dhmix_600625644134907580,572,EnthalpyOfMixing,<Substance C1COCCO1{solv}{x=0.500000}|CCCCCC(C)=O{solv}{x=0.500000}>,C1COCCO1,CCCCCC(C)=O,openff-2.1.0,3,0.5356946650751553,0.0390453710279651,0.4509,0.002255
23673,2883,dens_1451069448215305244,573,Density,<Substance C1COCCO1{solv}{x=0.220300}|CCCCCC(C)=O{solv}{x=0.779700}>,C1COCCO1,CCCCCC(C)=O,openff-2.1.0,3,0.8330928652613393,0.0002156923877542,0.8420800000000003,0.000385
23674,2884,dhmix_2028813035406256788,574,EnthalpyOfMixing,<Substance C1COCCO1{solv}{x=0.750000}|CCCCCC(C)=O{solv}{x=0.250000}>,C1COCCO1,CCCCCC(C)=O,openff-2.1.0,3,0.50875948726123,0.0429930256872957,0.4064,0.00209
23675,2885,dhmix_2222211577832383320,575,EnthalpyOfMixing,<Substance C1COCCO1{solv}{x=0.250000}|CCCCCC(C)=O{solv}{x=0.750000}>,C1COCCO1,CCCCCC(C)=O,openff-2.1.0,3,0.2876551820440483,0.0524174883086786,0.2911,0.00164
23676,2886,dhmix_325212618372456630,576,EnthalpyOfMixing,<Substance CCCCCCC{solv}{x=0.500000}|c1ccccc1{solv}{x=0.500000}>,CCCCCCC,c1ccccc1,openff-2.1.0,3,1.100249701032368,0.0440706835637988,0.9235,0.0051
23677,2887,dhmix_409350268177199962,577,EnthalpyOfMixing,<Substance CCCCCCC{solv}{x=0.751900}|c1ccccc1{solv}{x=0.248100}>,CCCCCCC,c1ccccc1,openff-2.1.0,3,0.7014929862100274,0.0494950128065238,0.6047,0.0035
23678,2888,dens_1685942387769177799,578,Density,<Substance CCCCCCC{solv}{x=0.913667}|c1ccccc1{solv}{x=0.086333}>,CCCCCCC,c1ccccc1,openff-2.1.0,3,0.6808026380207585,0.0002281487409866,0.6892400000000002,0.000805
23679,2889,dens_2148382258223830900,579,Density,<Substance CCCCCCC{solv}{x=0.273700}|c1ccccc1{solv}{x=0.726300}>,CCCCCCC,c1ccccc1,openff-2.1.0,3,0.7729903134293835,0.0002833520686924,0.7855000000000002,0.00015
23680,2890,dens_2219829254239605828,580,Density,<Substance CCCCCCC{solv}{x=0.492200}|c1ccccc1{solv}{x=0.507800}>,CCCCCCC,c1ccccc1,openff-2.1.0,3,0.7293249480902122,0.0002414210727975,0.7409000000000001,0.00015
23681,2891,dhmix_2296565820723783732,581,EnthalpyOfMixing,<Substance CCCCCCC{solv}{x=0.242400}|c1ccccc1{solv}{x=0.757600}>,CCCCCCC,c1ccccc1,openff-2.1.0,3,0.918945953149489,0.0370474929331861,0.7775,0.0044
23682,2892,dens_326446104630354701,582,Density,<Substance BrCCBr{solv}{x=0.728600}|CCC(=O)OC{solv}{x=0.271400}>,BrCCBr,CCC(=O)OC,openff-2.1.0,3,1.7773746502562882,0.0004059219531958,1.7949900000000003,0.00303
23683,2893,dens_886315086380393150,583,Density,<Substance BrCCBr{solv}{x=0.494400}|CCC(=O)OC{solv}{x=0.505600}>,BrCCBr,CCC(=O)OC,openff-2.1.0,3,1.4852129663883356,0.0004446478428034,1.4941800000000005,0.001825
23684,2894,dhmix_1410129135672303476,584,EnthalpyOfMixing,<Substance BrCCBr{solv}{x=0.491400}|CCC(=O)OC{solv}{x=0.508600}>,BrCCBr,CCC(=O)OC,openff-2.1.0,3,-0.4084263708168665,0.035575911478968,0.0195,0.00185
23685,2895,dhmix_1551714230583118668,585,EnthalpyOfMixing,<Substance BrCCBr{solv}{x=0.755400}|CCC(=O)OC{solv}{x=0.244600}>,BrCCBr,CCC(=O)OC,openff-2.1.0,3,-0.2478862789553524,0.0342926381739337,0.09,0.00295
23686,2896,dhmix_1596310059176209101,586,EnthalpyOfMixing,<Substance BrCCBr{solv}{x=0.214800}|CCC(=O)OC{solv}{x=0.785200}>,BrCCBr,CCC(=O)OC,openff-2.1.0,3,-0.2451673070303111,0.0388518145160141,-0.0281,0.002
23687,2897,dens_1860027304017736150,587,Density,<Substance BrCCBr{solv}{x=0.257000}|CCC(=O)OC{solv}{x=0.743000}>,BrCCBr,CCC(=O)OC,openff-2.1.0,3,1.2038462348767665,0.0003689455623511,1.2059400000000002,0.000915
23688,2898,dhmix_334328961632702336,588,EnthalpyOfMixing,<Substance Cc1ccccc1N{solv}{x=0.492600}|Cc1cccnc1{solv}{x=0.507400}>,Cc1ccccc1N,Cc1cccnc1,openff-2.1.0,3,-1.7810726906690308,0.0424788334020008,-1.4091,0.0287
23689,2899,dhmix_382843935535082222,589,EnthalpyOfMixing,<Substance Cc1ccccc1N{solv}{x=0.232300}|Cc1cccnc1{solv}{x=0.767700}>,Cc1ccccc1N,Cc1cccnc1,openff-2.1.0,3,-1.2695830208903711,0.0429599268803209,-1.1196,0.02285
23690,2900,dens_890019852111400701,590,Density,<Substance Cc1ccccc1N{solv}{x=0.533600}|Cc1cccnc1{solv}{x=0.466400}>,Cc1ccccc1N,Cc1cccnc1,openff-2.1.0,3,0.989968957051578,0.0001705700445651,0.9795770000000004,0.0001185
23691,2901,dens_1033313642915027277,591,Density,<Substance Cc1ccccc1N{solv}{x=0.737200}|Cc1cccnc1{solv}{x=0.262800}>,Cc1ccccc1N,Cc1cccnc1,openff-2.1.0,3,1.0039085458598496,0.0002597567585126,0.9867010000000004,0.000118
23692,2902,dhmix_1057104304179164775,592,EnthalpyOfMixing,<Substance Cc1ccccc1N{solv}{x=0.778900}|Cc1cccnc1{solv}{x=0.221100}>,Cc1ccccc1N,Cc1cccnc1,openff-2.1.0,3,-0.9204950981377422,0.0576702879774472,-0.8735,0.01785
23693,2903,dens_1445313714023685702,593,Density,<Substance Cc1ccccc1N{solv}{x=0.246700}|Cc1cccnc1{solv}{x=0.753300}>,Cc1ccccc1N,Cc1cccnc1,openff-2.1.0,3,0.968453931879636,0.0002353279659678,0.9668750000000004,0.00012
23694,2904,dens_335631113096608920,594,Density,<Substance CCC(C)=O{solv}{x=0.501800}|CCCCNCCCC{solv}{x=0.498200}>,CCC(C)=O,CCCCNCCCC,openff-2.1.0,3,0.7655052881085611,0.0002020081397178,0.7693960000000002,9.950000000000003e-05
23695,2905,dhmix_551451232292287572,595,EnthalpyOfMixing,<Substance CCC(C)=O{solv}{x=0.215400}|CCCCNCCCC{solv}{x=0.784600}>,CCC(C)=O,CCCCNCCCC,openff-2.1.0,3,0.2862872170004351,0.0567123952935673,0.417,0.0045
23696,2906,dens_800787154192710377,596,Density,<Substance CCC(C)=O{solv}{x=0.260300}|CCCCNCCCC{solv}{x=0.739700}>,CCC(C)=O,CCCCNCCCC,openff-2.1.0,3,0.7622252261465151,0.0002058909049965,0.7614750000000002,0.0001005
23697,2907,dhmix_1210431916849512476,597,EnthalpyOfMixing,<Substance CCC(C)=O{solv}{x=0.504400}|CCCCNCCCC{solv}{x=0.495600}>,CCC(C)=O,CCCCNCCCC,openff-2.1.0,3,0.3756337449079936,0.0469995533323251,0.619,0.0065
23698,2908,dhmix_1503682496766473076,598,EnthalpyOfMixing,<Substance CCC(C)=O{solv}{x=0.792200}|CCCCNCCCC{solv}{x=0.207800}>,CCC(C)=O,CCCCNCCCC,openff-2.1.0,3,0.1001370207279457,0.040431200956595,0.425,0.0045
23699,2909,dens_2232561341275312196,599,Density,<Substance CCC(C)=O{solv}{x=0.747300}|CCCCNCCCC{solv}{x=0.252700}>,CCC(C)=O,CCCCNCCCC,openff-2.1.0,3,0.7697910848475288,0.0002485959616059,0.7810500000000001,9.750000000000004e-05
23700,2910,dhmix_335934546122425398,600,EnthalpyOfMixing,<Substance C1CCOCC1{solv}{x=0.550000}|O=C1CCCC1{solv}{x=0.450000}>,C1CCOCC1,O=C1CCCC1,openff-2.1.0,3,0.0779041617365265,0.0403842415250147,0.15813,0.001
23701,2911,dhmix_337659115721770978,601,EnthalpyOfMixing,<Substance C1CCOCC1{solv}{x=0.250000}|O=C1CCCC1{solv}{x=0.750000}>,C1CCOCC1,O=C1CCCC1,openff-2.1.0,3,0.0914253851910373,0.0418662153218367,0.11325,0.00084
23702,2912,dens_579415285212890284,602,Density,<Substance C1CCOCC1{solv}{x=0.708000}|O=C1CCCC1{solv}{x=0.292000}>,C1CCOCC1,O=C1CCCC1,openff-2.1.0,3,0.8872725635673606,0.0002526691966908,0.8972200000000002,0.00023
23703,2913,dens_788777315764582180,603,Density,<Substance C1CCOCC1{solv}{x=0.549800}|O=C1CCCC1{solv}{x=0.450200}>,C1CCOCC1,O=C1CCCC1,openff-2.1.0,3,0.8932908139305552,0.0002174119582245,0.9073000000000002,0.000235
23704,2914,dens_1539654406736576807,604,Density,<Substance C1CCOCC1{solv}{x=0.235400}|O=C1CCCC1{solv}{x=0.764600}>,C1CCOCC1,O=C1CCCC1,openff-2.1.0,3,0.9059778099705802,0.0002583367483485,0.9281000000000004,0.00024
23705,2915,dhmix_1706969020375394315,605,EnthalpyOfMixing,<Substance C1CCOCC1{solv}{x=0.750000}|O=C1CCCC1{solv}{x=0.250000}>,C1CCOCC1,O=C1CCCC1,openff-2.1.0,3,0.1133431444036716,0.0423886386133857,0.12811,0.000895
23706,2916,dens_337077748334497354,606,Density,<Substance CN1CCCCC1{solv}{x=0.245200}|O{solv}{x=0.754800}>,CN1CCCCC1,O,openff-2.1.0,3,0.8890908599206437,0.0003083824915581,0.9038110000000004,9.700000000000004e-05
23707,2917,dens_1619467922469494964,607,Density,<Substance CN1CCCCC1{solv}{x=0.790700}|O{solv}{x=0.209300}>,CN1CCCCC1,O,openff-2.1.0,3,0.8416350184788649,0.0002216704666282,0.8260470000000002,0.000108
23708,2918,dens_1725290505257505407,608,Density,<Substance CN1CCCCC1{solv}{x=0.505000}|O{solv}{x=0.495000}>,CN1CCCCC1,O,openff-2.1.0,3,0.8600007669729696,0.000248761304805,0.8581580000000002,9.450000000000002e-05
23709,2919,dhmix_344305070199657817,609,EnthalpyOfMixing,<Substance CC(C)CC(C)(C)C{solv}{x=0.200300}|CCCO{solv}{x=0.799700}>,CC(C)CC(C)(C)C,CCCO,openff-2.1.0,3,0.4827750724616635,0.0415144614822626,0.308,0.0055
23710,2920,dens_1020839744665732433,610,Density,<Substance CC(C)CC(C)(C)C{solv}{x=0.200100}|CCCO{solv}{x=0.799900}>,CC(C)CC(C)(C)C,CCCO,openff-2.1.0,3,0.7656642517641826,0.0002557000453233,0.7589500000000002,0.00029
23711,2921,dens_1348847431810734601,611,Density,<Substance CC(C)CC(C)(C)C{solv}{x=0.700000}|CCCO{solv}{x=0.300000}>,CC(C)CC(C)(C)C,CCCO,openff-2.1.0,3,0.7218648099590333,0.0002073421095704,0.7046500000000001,0.00028
23712,2922,dhmix_1376194238727172922,612,EnthalpyOfMixing,<Substance CC(C)CC(C)(C)C{solv}{x=0.499800}|CCCO{solv}{x=0.500200}>,CC(C)CC(C)(C)C,CCCO,openff-2.1.0,3,0.8688945998186881,0.0364920530268253,0.6025,0.0027
23713,2923,dhmix_1868873434415785592,613,EnthalpyOfMixing,<Substance CC(C)CC(C)(C)C{solv}{x=0.699900}|CCCO{solv}{x=0.300100}>,CC(C)CC(C)(C)C,CCCO,openff-2.1.0,3,0.8657446857595659,0.0421358450726351,0.6544,0.0029
23714,2924,dens_1870552320710773195,614,Density,<Substance CC(C)CC(C)(C)C{solv}{x=0.500000}|CCCO{solv}{x=0.500000}>,CC(C)CC(C)(C)C,CCCO,openff-2.1.0,3,0.7351449412412118,0.0002289772642708,0.7214400000000002,0.00028
23715,2925,dens_344701479262570906,615,Density,<Substance C1CCOCC1{solv}{x=0.246100}|Cc1cccnc1{solv}{x=0.753900}>,C1CCOCC1,Cc1cccnc1,openff-2.1.0,3,0.9290935795157266,0.0002548392952215,0.9348570000000002,0.0004915
23716,2926,dhmix_772935681699310364,616,EnthalpyOfMixing,<Substance C1CCOCC1{solv}{x=0.480300}|Cc1cccnc1{solv}{x=0.519700}>,C1CCOCC1,Cc1cccnc1,openff-2.1.0,3,0.0440811937362894,0.0372560453921022,0.1271,0.00115
23717,2927,dens_1179184695460672925,617,Density,<Substance C1CCOCC1{solv}{x=0.756800}|Cc1cccnc1{solv}{x=0.243200}>,C1CCOCC1,Cc1cccnc1,openff-2.1.0,3,0.8928006390937152,0.0001666457547196,0.8976640000000002,0.0004655
23718,2928,dens_1273033541520518804,618,Density,<Substance C1CCOCC1{solv}{x=0.482700}|Cc1cccnc1{solv}{x=0.517300}>,C1CCOCC1,Cc1cccnc1,openff-2.1.0,3,0.9119206028922172,0.0002645745460777,0.9179640000000002,0.00048
23719,2929,dhmix_1594947441282636711,619,EnthalpyOfMixing,<Substance C1CCOCC1{solv}{x=0.735500}|Cc1cccnc1{solv}{x=0.264500}>,C1CCOCC1,Cc1cccnc1,openff-2.1.0,3,-0.0234129700732452,0.0377640888039009,0.0924,0.00095
23720,2930,dhmix_2075643137470349800,620,EnthalpyOfMixing,<Substance C1CCOCC1{solv}{x=0.273200}|Cc1cccnc1{solv}{x=0.726800}>,C1CCOCC1,Cc1cccnc1,openff-2.1.0,3,0.0278955035581134,0.0482143014729332,0.1036,0.001
23721,2931,dhmix_346841872844739570,621,EnthalpyOfMixing,<Substance CC#N{solv}{x=0.700700}|CCOC(C)(C)C{solv}{x=0.299300}>,CC#N,CCOC(C)(C)C,openff-2.1.0,3,0.1875303820296316,0.0320549408007272,0.6176,0.0084
23722,2932,dhmix_840136828933604757,622,EnthalpyOfMixing,<Substance CC#N{solv}{x=0.199000}|CCOC(C)(C)C{solv}{x=0.801000}>,CC#N,CCOC(C)(C)C,openff-2.1.0,3,0.1004883226251109,0.041895393311153,0.4418,0.006
23723,2933,dhmix_1934525864391020215,623,EnthalpyOfMixing,<Substance CC#N{solv}{x=0.501600}|CCOC(C)(C)C{solv}{x=0.498400}>,CC#N,CCOC(C)(C)C,openff-2.1.0,3,0.2130947259174229,0.0401864257421639,0.7098,0.00965
23724,2934,dens_1954735606040559695,624,Density,<Substance CC#N{solv}{x=0.700700}|CCOC(C)(C)C{solv}{x=0.299300}>,CC#N,CCOC(C)(C)C,openff-2.1.0,3,0.7661751065459925,0.0002673775523101,0.7595000000000002,0.00045
23725,2935,dens_2173310521496796694,625,Density,<Substance CC#N{solv}{x=0.501600}|CCOC(C)(C)C{solv}{x=0.498400}>,CC#N,CCOC(C)(C)C,openff-2.1.0,3,0.7630974364494973,0.0002489087938938,0.7510000000000002,0.00035
23726,2936,dens_2235331649530959984,626,Density,<Substance CC#N{solv}{x=0.199000}|CCOC(C)(C)C{solv}{x=0.801000}>,CC#N,CCOC(C)(C)C,openff-2.1.0,3,0.7580570541610466,0.0002561821795675,0.7408000000000001,0.00015
23727,2937,dhmix_355078149157572999,627,EnthalpyOfMixing,<Substance OCCOCCO{solv}{x=0.790600}|O{solv}{x=0.209400}>,O,OCCOCCO,openff-2.1.0,3,0.2491891456505612,0.0615668427378857,-0.521,0.003
23728,2938,dhmix_514261244195159379,628,EnthalpyOfMixing,<Substance OCCOCCO{solv}{x=0.300400}|O{solv}{x=0.699600}>,O,OCCOCCO,openff-2.1.0,3,-0.3334559273045219,0.0332064546595874,-1.245,0.0065
23729,2939,dhmix_1512634639127890343,629,EnthalpyOfMixing,<Substance OCCOCCO{solv}{x=0.501000}|O{solv}{x=0.499000}>,O,OCCOCCO,openff-2.1.0,3,-0.3172996842863824,0.0411741741614313,-1.149,0.0065
23730,2940,dens_1532732041743097130,630,Density,<Substance OCCOCCO{solv}{x=0.500600}|O{solv}{x=0.499400}>,O,OCCOCCO,openff-2.1.0,3,1.1114633264637075,0.0003695028049373,1.1070700000000002,0.00026
23731,2941,dens_1948924545926470959,631,Density,<Substance OCCOCCO{solv}{x=0.700300}|O{solv}{x=0.299700}>,O,OCCOCCO,openff-2.1.0,3,1.1238324684048782,0.0003857982725987,1.1111900000000003,0.000285
23732,2942,dens_2114974877291939954,632,Density,<Substance OCCOCCO{solv}{x=0.301000}|O{solv}{x=0.699000}>,O,OCCOCCO,openff-2.1.0,3,1.0918798070118565,0.0003297275006993,1.0958900000000005,0.000305
23733,2943,dhmix_355690558520209737,633,EnthalpyOfMixing,<Substance CC(C)CC(C)(C)C{solv}{x=0.774800}|CC(C)OC(C)C{solv}{x=0.225200}>,CC(C)CC(C)(C)C,CC(C)OC(C)C,openff-2.1.0,3,0.1668603556198036,0.054142959170181,0.132161,0.001556
23734,2944,dens_706481868145479619,634,Density,<Substance CC(C)CC(C)(C)C{solv}{x=0.250000}|CC(C)OC(C)C{solv}{x=0.750000}>,CC(C)CC(C)(C)C,CC(C)OC(C)C,openff-2.1.0,3,0.7303985399906205,0.0002330545147005,0.7090800000000002,0.000155
23735,2945,dens_960755156711549154,635,Density,<Substance CC(C)CC(C)(C)C{solv}{x=0.750000}|CC(C)OC(C)C{solv}{x=0.250000}>,CC(C)CC(C)(C)C,CC(C)OC(C)C,openff-2.1.0,3,0.7147915792382359,0.0001957137317489,0.6937500000000002,0.000155
23736,2946,dens_1165117582450092341,636,Density,<Substance CC(C)CC(C)(C)C{solv}{x=0.500900}|CC(C)OC(C)C{solv}{x=0.499100}>,CC(C)CC(C)(C)C,CC(C)OC(C)C,openff-2.1.0,3,0.7218565327561705,0.0002076839513894,0.7005900000000002,0.000105
23737,2947,dhmix_1819714300540494359,637,EnthalpyOfMixing,<Substance CC(C)CC(C)(C)C{solv}{x=0.512500}|CC(C)OC(C)C{solv}{x=0.487500}>,CC(C)CC(C)(C)C,CC(C)OC(C)C,openff-2.1.0,3,0.5360060991182536,0.035008386254043,0.197047,0.002233
23738,2948,dhmix_2031984064821599856,638,EnthalpyOfMixing,<Substance CC(C)CC(C)(C)C{solv}{x=0.269300}|CC(C)OC(C)C{solv}{x=0.730700}>,CC(C)CC(C)(C)C,CC(C)OC(C)C,openff-2.1.0,3,0.2565714685224094,0.0497207833457545,0.158983,0.0018345
23739,2949,dens_357198687829738077,639,Density,<Substance C1CCOCC1{solv}{x=0.223500}|CCCCCC(C)=O{solv}{x=0.776500}>,C1CCOCC1,CCCCCC(C)=O,openff-2.1.0,3,0.8113453655811413,0.0001542898701958,0.8221200000000002,0.000375
23740,2950,dens_1074719884132299485,640,Density,<Substance C1CCOCC1{solv}{x=0.516600}|CCCCCC(C)=O{solv}{x=0.483400}>,C1CCOCC1,CCCCCC(C)=O,openff-2.1.0,3,0.8300542666567149,0.000204037029867,0.8396100000000002,0.00032
23741,2951,dens_1427208283653313137,641,Density,<Substance C1CCOCC1{solv}{x=0.710100}|CCCCCC(C)=O{solv}{x=0.289900}>,C1CCOCC1,CCCCCC(C)=O,openff-2.1.0,3,0.8455496819020876,0.0002172263228382,0.8534200000000002,0.000285
23742,2952,dhmix_1485904869507380555,642,EnthalpyOfMixing,<Substance C1CCOCC1{solv}{x=0.500000}|CCCCCC(C)=O{solv}{x=0.500000}>,C1CCOCC1,CCCCCC(C)=O,openff-2.1.0,3,0.1506684414413044,0.0461433435261459,0.05773,0.000615
23743,2953,dhmix_1931504734279468677,643,EnthalpyOfMixing,<Substance C1CCOCC1{solv}{x=0.250000}|CCCCCC(C)=O{solv}{x=0.750000}>,C1CCOCC1,CCCCCC(C)=O,openff-2.1.0,3,0.1708918113087918,0.049041359001155,0.03429,0.00053
23744,2954,dhmix_2296263041755700053,644,EnthalpyOfMixing,<Substance C1CCOCC1{solv}{x=0.750000}|CCCCCC(C)=O{solv}{x=0.250000}>,C1CCOCC1,CCCCCC(C)=O,openff-2.1.0,3,0.1926731977621329,0.0462582534745605,0.05587,0.00061
23745,2955,dhmix_357499987240135169,645,EnthalpyOfMixing,<Substance CCCCC{solv}{x=0.772700}|CCCCOC=O{solv}{x=0.227300}>,CCCCC,CCCCOC=O,openff-2.1.0,3,1.0047626019016036,0.0461435431001868,0.87,0.004
23746,2956,dens_435201289177646286,646,Density,<Substance CCCCC{solv}{x=0.504200}|CCCCOC=O{solv}{x=0.495800}>,CCCCC,CCCCOC=O,openff-2.1.0,3,0.7564602385832945,0.0002279157636758,0.7523000000000001,0.00024
23747,2957,dens_635752291929824010,647,Density,<Substance CCCCC{solv}{x=0.699000}|CCCCOC=O{solv}{x=0.301000}>,CCCCC,CCCCOC=O,openff-2.1.0,3,0.696969853112793,0.000256594995226,0.6994600000000002,0.00018
23748,2958,dhmix_869493303716364153,648,EnthalpyOfMixing,<Substance CCCCC{solv}{x=0.490500}|CCCCOC=O{solv}{x=0.509500}>,CCCCC,CCCCOC=O,openff-2.1.0,3,1.2020395465400355,0.044460467198389,0.959,0.004
23749,2959,dhmix_1188548276416925178,649,EnthalpyOfMixing,<Substance CCCCC{solv}{x=0.246000}|CCCCOC=O{solv}{x=0.754000}>,CCCCC,CCCCOC=O,openff-2.1.0,3,0.8667348225970954,0.0477441878978365,0.632,0.003
23750,2960,dens_1944800378076074966,650,Density,<Substance CCCCC{solv}{x=0.247100}|CCCCOC=O{solv}{x=0.752900}>,CCCCC,CCCCOC=O,openff-2.1.0,3,0.8336220096783072,0.0002557684983175,0.8221800000000001,0.000375
23751,2961,dhmix_357740737126275220,651,EnthalpyOfMixing,<Substance CC(=O)N(C)C{solv}{x=0.212000}|CCCCCl{solv}{x=0.788000}>,CC(=O)N(C)C,CCCCCl,openff-2.1.0,3,0.3618699316631293,0.0392662893700542,0.244,0.0025
23752,2962,dens_563556088097831353,652,Density,<Substance CC(=O)N(C)C{solv}{x=0.499000}|CCCCCl{solv}{x=0.501000}>,CC(=O)N(C)C,CCCCCl,openff-2.1.0,3,0.8850653416851804,0.0001755399831165,0.9081000000000002,0.0002
23753,2963,dens_1083232356130752567,653,Density,<Substance CC(=O)N(C)C{solv}{x=0.799700}|CCCCCl{solv}{x=0.200300}>,CC(=O)N(C)C,CCCCCl,openff-2.1.0,3,0.8932284456897618,0.0002569468810804,0.9247000000000004,0.0002
23754,2964,dhmix_1487887746912587509,654,EnthalpyOfMixing,<Substance CC(=O)N(C)C{solv}{x=0.708000}|CCCCCl{solv}{x=0.292000}>,CC(=O)N(C)C,CCCCCl,openff-2.1.0,3,0.4549351686408025,0.0386918215772767,0.305,0.0025
23755,2965,dens_1662749398344255132,655,Density,<Substance CC(=O)N(C)C{solv}{x=0.210500}|CCCCCl{solv}{x=0.789500}>,CC(=O)N(C)C,CCCCCl,openff-2.1.0,3,0.8737466047675807,0.0003088938201718,0.8918000000000001,0.0002
23756,2966,dhmix_2085343422065298965,656,EnthalpyOfMixing,<Substance CC(=O)N(C)C{solv}{x=0.511000}|CCCCCl{solv}{x=0.489000}>,CC(=O)N(C)C,CCCCCl,openff-2.1.0,3,0.5429084328612817,0.0402730366675547,0.363,0.0025
23757,2967,dhmix_359626193748497849,657,EnthalpyOfMixing,<Substance C1CCOCC1{solv}{x=0.750000}|O=C1CCCCC1{solv}{x=0.250000}>,C1CCOCC1,O=C1CCCCC1,openff-2.1.0,3,-0.0100236055703888,0.0377902391035674,0.07698,0.00069
23758,2968,dhmix_709905971434026360,658,EnthalpyOfMixing,<Substance C1CCOCC1{solv}{x=0.250000}|O=C1CCCCC1{solv}{x=0.750000}>,C1CCOCC1,O=C1CCCCC1,openff-2.1.0,3,0.1081497800161983,0.0452006622023516,0.05827,0.00062
23759,2969,dens_996263306280392228,659,Density,<Substance C1CCOCC1{solv}{x=0.500900}|O=C1CCCCC1{solv}{x=0.499100}>,C1CCOCC1,O=C1CCCCC1,openff-2.1.0,3,0.8987382743795413,0.0002081141352067,0.9160300000000002,0.000505
23760,2970,dens_1296485655493191092,660,Density,<Substance C1CCOCC1{solv}{x=0.247100}|O=C1CCCCC1{solv}{x=0.752900}>,C1CCOCC1,O=C1CCCCC1,openff-2.1.0,3,0.9101372537896336,0.0002183097859263,0.9305900000000004,0.000505
23761,2971,dhmix_1617652800437548554,661,EnthalpyOfMixing,<Substance C1CCOCC1{solv}{x=0.500000}|O=C1CCCCC1{solv}{x=0.500000}>,C1CCOCC1,O=C1CCCCC1,openff-2.1.0,3,0.0519767959057517,0.0420326714435386,0.08658,0.000725
23762,2972,dens_2134919398794801459,662,Density,<Substance C1CCOCC1{solv}{x=0.738900}|O=C1CCCCC1{solv}{x=0.261100}>,C1CCOCC1,O=C1CCCCC1,openff-2.1.0,3,0.8873331738541803,0.0002302210563794,0.9000800000000002,0.000505
23763,2973,dens_371429494256072686,663,Density,<Substance COC=O{solv}{x=0.513800}|ClCCCCl{solv}{x=0.486200}>,COC=O,ClCCCCl,openff-2.1.0,3,1.0998959896662317,0.0003707864648078,1.08831,0.00025
23764,2974,dens_416463243686186519,664,Density,<Substance COC=O{solv}{x=0.738400}|ClCCCCl{solv}{x=0.261600}>,COC=O,ClCCCCl,openff-2.1.0,3,1.0608683658661286,0.000352672436626,1.03754,0.0002
23765,2975,dhmix_573570621261992547,665,EnthalpyOfMixing,<Substance COC=O{solv}{x=0.767400}|ClCCCCl{solv}{x=0.232600}>,COC=O,ClCCCCl,openff-2.1.0,3,0.5621315382958594,0.0317244106999139,0.2841,0.0015
23766,2976,dens_1665007650151393058,666,Density,<Substance COC=O{solv}{x=0.244000}|ClCCCCl{solv}{x=0.756000}>,COC=O,ClCCCCl,openff-2.1.0,3,1.1380747515533478,0.0003323974440945,1.1395000000000002,0.0003
23767,2977,dhmix_2050640017895200777,667,EnthalpyOfMixing,<Substance COC=O{solv}{x=0.502400}|ClCCCCl{solv}{x=0.497600}>,COC=O,ClCCCCl,openff-2.1.0,3,0.7846460162249933,0.0340862751313946,0.3503,0.00175
23768,2978,dhmix_2121310957223924646,668,EnthalpyOfMixing,<Substance COC=O{solv}{x=0.202400}|ClCCCCl{solv}{x=0.797600}>,COC=O,ClCCCCl,openff-2.1.0,3,0.4776859573185881,0.0349614364068272,0.2064,0.0012
23769,2979,dens_380799246642881225,669,Density,<Substance Cc1ccncc1{solv}{x=0.500000}|O{solv}{x=0.500000}>,Cc1ccncc1,O,openff-2.1.0,3,0.9536874731584902,0.0002864360384045,0.9704000000000004,0.0005
23770,2980,dens_1024460369591354985,670,Density,<Substance Cc1ccncc1{solv}{x=0.225000}|O{solv}{x=0.775000}>,Cc1ccncc1,O,openff-2.1.0,3,0.960243615559948,0.0003882065578059,0.9848000000000002,0.0004
23771,2981,dens_1867704914487230306,671,Density,<Substance Cc1ccncc1{solv}{x=0.750000}|O{solv}{x=0.250000}>,Cc1ccncc1,O,openff-2.1.0,3,0.9511042269828326,0.0002696764017203,0.9614000000000004,0.0004
23772,2982,dhmix_396839331496923568,672,EnthalpyOfMixing,<Substance CCCOC(=O)CC{solv}{x=0.237600}|ClCCCl{solv}{x=0.762400}>,CCCOC(=O)CC,ClCCCl,openff-2.1.0,3,-0.3337533565996011,0.0344445538230103,-0.317,0.0035
23773,2983,dens_1025242301432619836,673,Density,<Substance CCCOC(=O)CC{solv}{x=0.518800}|ClCCCl{solv}{x=0.481200}>,CCCOC(=O)CC,ClCCCl,openff-2.1.0,3,1.0058482443361338,0.0003006237656453,1.0064000000000002,0.000905
23774,2984,dens_1654149510571748883,674,Density,<Substance CCCOC(=O)CC{solv}{x=0.731600}|ClCCCl{solv}{x=0.268400}>,CCCOC(=O)CC,ClCCCl,openff-2.1.0,3,0.9434998246683948,0.0002579219073834,0.9416300000000002,0.00041
23775,2985,dens_1804016971158746429,675,Density,<Substance CCCOC(=O)CC{solv}{x=0.243700}|ClCCCl{solv}{x=0.756300}>,CCCOC(=O)CC,ClCCCl,openff-2.1.0,3,1.1060601296198451,0.0003672566904413,1.11431,0.002155
23776,2986,dhmix_1840109043188951916,676,EnthalpyOfMixing,<Substance CCCOC(=O)CC{solv}{x=0.517700}|ClCCCl{solv}{x=0.482300}>,CCCOC(=O)CC,ClCCCl,openff-2.1.0,3,-0.4249352988887871,0.0373813637034059,-0.557,0.006
23777,2987,dhmix_1924188358781329171,677,EnthalpyOfMixing,<Substance CCCOC(=O)CC{solv}{x=0.787400}|ClCCCl{solv}{x=0.212600}>,CCCOC(=O)CC,ClCCCl,openff-2.1.0,3,-0.3502029922710825,0.0475210036896975,-0.357,0.004
23778,2988,dhmix_408170436877433675,678,EnthalpyOfMixing,<Substance CCCCC{solv}{x=0.229800}|CCOC=O{solv}{x=0.770200}>,CCCCC,CCOC=O,openff-2.1.0,3,1.1798623707066156,0.0379602499775632,1.016,0.0045
23779,2989,dens_1159257310358090227,679,Density,<Substance CCCCC{solv}{x=0.748000}|CCOC=O{solv}{x=0.252000}>,CCCCC,CCOC=O,openff-2.1.0,3,0.6675380093528889,0.0002766399083113,0.6707000000000002,0.000165
23780,2990,dhmix_1897634982824334825,680,EnthalpyOfMixing,<Substance CCCCC{solv}{x=0.500100}|CCOC=O{solv}{x=0.499900}>,CCCCC,CCOC=O,openff-2.1.0,3,1.6164423316946568,0.0383641927001094,1.354,0.0055
23781,2991,dens_1931965346092446599,681,Density,<Substance CCCCC{solv}{x=0.504000}|CCOC=O{solv}{x=0.496000}>,CCCCC,CCOC=O,openff-2.1.0,3,0.7416998963321266,0.0002828887281723,0.7333000000000002,0.00024
23782,2992,dens_2086304425324215507,682,Density,<Substance CCCCC{solv}{x=0.298000}|CCOC=O{solv}{x=0.702000}>,CCCCC,CCOC=O,openff-2.1.0,3,0.8165979967956776,0.0002842300223401,0.7971000000000003,0.000345
23783,2993,dhmix_2117998354372981576,683,EnthalpyOfMixing,<Substance CCCCC{solv}{x=0.777900}|CCOC=O{solv}{x=0.222100}>,CCCCC,CCOC=O,openff-2.1.0,3,1.4525937139588194,0.0436749487426931,1.051,0.0045
23784,2994,dens_415189671276159712,684,Density,<Substance NCCO{solv}{x=0.785350}|c1ccncc1{solv}{x=0.214650}>,NCCO,c1ccncc1,openff-2.1.0,3,1.0520406573282604,0.0004001122149666,1.002592,0.000101
23785,2995,dhmix_607563797490786343,685,EnthalpyOfMixing,<Substance NCCO{solv}{x=0.559360}|c1ccncc1{solv}{x=0.440640}>,NCCO,c1ccncc1,openff-2.1.0,3,0.8161480667089158,0.0440906319205042,0.824,0.0035
23786,2996,dhmix_783614050589043390,686,EnthalpyOfMixing,<Substance NCCO{solv}{x=0.248120}|c1ccncc1{solv}{x=0.751880}>,NCCO,c1ccncc1,openff-2.1.0,3,0.9208821260090696,0.0423883071122781,0.779,0.0035
23787,2997,dens_907288549206652702,687,Density,<Substance NCCO{solv}{x=0.558640}|c1ccncc1{solv}{x=0.441360}>,NCCO,c1ccncc1,openff-2.1.0,3,1.026548257395438,0.0002442606209137,0.9936870000000002,0.0001015
23788,2998,dhmix_1092036220949585875,688,EnthalpyOfMixing,<Substance NCCO{solv}{x=0.746780}|c1ccncc1{solv}{x=0.253220}>,NCCO,c1ccncc1,openff-2.1.0,3,0.7165709644836511,0.0488924640036858,0.612,0.003
23789,2999,dens_2278246591298089898,689,Density,<Substance NCCO{solv}{x=0.210010}|c1ccncc1{solv}{x=0.789990}>,NCCO,c1ccncc1,openff-2.1.0,3,0.9956527899688052,0.0002785359151867,0.9825660000000004,0.0001015
23790,3000,dens_419188249264987147,690,Density,<Substance CCCCC(=O)OCC{solv}{x=0.492100}|CCOC(C)=O{solv}{x=0.507900}>,CCCCC(=O)OCC,CCOC(C)=O,openff-2.1.0,3,0.8878841602967675,0.0002082896140993,0.8787300000000002,0.00012
23791,3001,dens_667714041205021070,691,Density,<Substance CCCCC(=O)OCC{solv}{x=0.304700}|CCOC(C)=O{solv}{x=0.695300}>,CCCCC(=O)OCC,CCOC(C)=O,openff-2.1.0,3,0.8944320304769277,0.000245525885804,0.8836400000000002,0.00012
23792,3002,dhmix_1137774316856842141,692,EnthalpyOfMixing,<Substance CCCCC(=O)OCC{solv}{x=0.737600}|CCOC(C)=O{solv}{x=0.262400}>,CCCCC(=O)OCC,CCOC(C)=O,openff-2.1.0,3,0.0187411109079196,0.0529224377993385,0.114,0.0015
23793,3003,dhmix_1322441082145072072,693,EnthalpyOfMixing,<Substance CCCCC(=O)OCC{solv}{x=0.279900}|CCOC(C)=O{solv}{x=0.720100}>,CCCCC(=O)OCC,CCOC(C)=O,openff-2.1.0,3,0.0851702334543276,0.0452829309004507,0.139,0.0015
23794,3004,dens_1682638395920841051,694,Density,<Substance CCCCC(=O)OCC{solv}{x=0.752600}|CCOC(C)=O{solv}{x=0.247400}>,CCCCC(=O)OCC,CCOC(C)=O,openff-2.1.0,3,0.8804117276266659,0.0001880454467934,0.8732900000000001,0.00012
23795,3005,dhmix_2161842751879945948,695,EnthalpyOfMixing,<Substance CCCCC(=O)OCC{solv}{x=0.519800}|CCOC(C)=O{solv}{x=0.480200}>,CCCCC(=O)OCC,CCOC(C)=O,openff-2.1.0,3,0.0572216816407689,0.0450833704035485,0.154,0.002
23796,3006,dhmix_419593950323214290,696,EnthalpyOfMixing,<Substance CCCCCC(C)=O{solv}{x=0.780400}|CCN(CC)CC{solv}{x=0.219600}>,CCCCCC(C)=O,CCN(CC)CC,openff-2.1.0,3,0.1747565647965885,0.0526450571966601,0.216,0.0025
23797,3007,dens_651921010645567431,697,Density,<Substance CCCCCC(C)=O{solv}{x=0.259800}|CCN(CC)CC{solv}{x=0.740200}>,CCCCCC(C)=O,CCN(CC)CC,openff-2.1.0,3,0.7469241134812938,0.0002225807303326,0.7465820000000002,8.950000000000002e-05
23798,3008,dens_995831511901627711,698,Density,<Substance CCCCCC(C)=O{solv}{x=0.748400}|CCN(CC)CC{solv}{x=0.251600}>,CCCCCC(C)=O,CCN(CC)CC,openff-2.1.0,3,0.7817768383328759,0.0001456658446885,0.7899410000000002,0.0001055
23799,3009,dhmix_1001984601109558110,699,EnthalpyOfMixing,<Substance CCCCCC(C)=O{solv}{x=0.492000}|CCN(CC)CC{solv}{x=0.508000}>,CCCCCC(C)=O,CCN(CC)CC,openff-2.1.0,3,0.2350600310436519,0.046920391876159,0.419,0.0045
23800,3010,dens_1887829851815986883,700,Density,<Substance CCCCCC(C)=O{solv}{x=0.503200}|CCN(CC)CC{solv}{x=0.496800}>,CCCCCC(C)=O,CCN(CC)CC,openff-2.1.0,3,0.7647046968268296,0.0001954165508477,0.7684760000000002,9.800000000000002e-05
23801,3011,dhmix_2085744568401562111,701,EnthalpyOfMixing,<Substance CCCCCC(C)=O{solv}{x=0.293900}|CCN(CC)CC{solv}{x=0.706100}>,CCCCCC(C)=O,CCN(CC)CC,openff-2.1.0,3,0.2570650408925061,0.0504437050371545,0.412,0.0045
23802,3012,dens_436049638479549968,702,Density,<Substance COC=O{solv}{x=0.472500}|ClCCCl{solv}{x=0.527500}>,COC=O,ClCCCl,openff-2.1.0,3,1.1367668744466113,0.0003595588021042,1.1269600000000004,0.000285
23803,3013,dens_627145458965592302,703,Density,<Substance COC=O{solv}{x=0.753000}|ClCCCl{solv}{x=0.247000}>,COC=O,ClCCCl,openff-2.1.0,3,1.0726761018947364,0.0003257472523758,1.0461600000000004,0.000205
23804,3014,dhmix_731680623269260416,704,EnthalpyOfMixing,<Substance COC=O{solv}{x=0.250800}|ClCCCl{solv}{x=0.749200}>,COC=O,ClCCCl,openff-2.1.0,3,0.4110431868704971,0.0295646467488187,0.0793,0.0007
23805,3015,dens_1488543630772933598,705,Density,<Substance COC=O{solv}{x=0.279500}|ClCCCl{solv}{x=0.720500}>,COC=O,ClCCCl,openff-2.1.0,3,1.1750570109372107,0.0004864356234083,1.1777100000000005,0.00034
23806,3016,dhmix_2170321998768851974,706,EnthalpyOfMixing,<Substance COC=O{solv}{x=0.732200}|ClCCCl{solv}{x=0.267800}>,COC=O,ClCCCl,openff-2.1.0,3,0.4000356047351232,0.0279761015022086,0.0733,0.00065
23807,3017,dhmix_2249001225536869896,707,EnthalpyOfMixing,<Substance COC=O{solv}{x=0.487400}|ClCCCl{solv}{x=0.512600}>,COC=O,ClCCCl,openff-2.1.0,3,0.4913258688273707,0.0261651314722503,0.1028,0.0008
23808,3018,dhmix_442816374747487477,708,EnthalpyOfMixing,<Substance NCCCNCCCN{solv}{x=0.801500}|O{solv}{x=0.198500}>,NCCCNCCCN,O,openff-2.1.0,3,-1.1564081384105478,0.0630982696460506,-2.233,0.024
23809,3019,dhmix_1795382205757805615,709,EnthalpyOfMixing,<Substance NCCCNCCCN{solv}{x=0.300500}|O{solv}{x=0.699500}>,NCCCNCCCN,O,openff-2.1.0,3,-4.497714489562362,0.0446437383583194,-6.588,0.07
23810,3020,dhmix_1814950732748396893,710,EnthalpyOfMixing,<Substance NCCCNCCCN{solv}{x=0.499800}|O{solv}{x=0.500200}>,NCCCNCCCN,O,openff-2.1.0,3,-4.324482023039263,0.0473997638917864,-5.544,0.059
23811,3021,dhmix_446869196417408130,711,EnthalpyOfMixing,<Substance NCCNCCO{solv}{x=0.770000}|O{solv}{x=0.230000}>,NCCNCCO,O,openff-2.1.0,3,-1.643696469574806,0.0415838945446037,-1.711,0.035
23812,3022,dhmix_673839467313503071,712,EnthalpyOfMixing,<Substance NCCNCCO{solv}{x=0.069900}|O{solv}{x=0.930100}>,NCCNCCO,O,openff-2.1.0,3,-0.6483218682043628,0.0212240679567991,-1.713,0.035
23813,3023,dens_688094438561771555,713,Density,<Substance NCCNCCO{solv}{x=0.799700}|O{solv}{x=0.200300}>,NCCNCCO,O,openff-2.1.0,3,1.0903747892744171,0.0001742799177333,1.0318300000000002,0.00024
23814,3024,dhmix_1682883323293489147,714,EnthalpyOfMixing,<Substance NCCNCCO{solv}{x=0.400100}|O{solv}{x=0.599900}>,NCCNCCO,O,openff-2.1.0,3,-2.284320541863643,0.0400065231308556,-4.15,0.0845
23815,3025,dens_2045176885611624977,715,Density,<Substance NCCNCCO{solv}{x=0.070000}|O{solv}{x=0.930000}>,NCCNCCO,O,openff-2.1.0,3,1.024160124839471,0.0004278648033402,1.0222800000000003,0.000125
23816,3026,dens_2280714043292214506,716,Density,<Substance NCCNCCO{solv}{x=0.399700}|O{solv}{x=0.600300}>,NCCNCCO,O,openff-2.1.0,3,1.0679244004866124,0.0005175272873352,1.0370100000000002,0.00017
23817,3027,dens_448105363780466270,717,Density,<Substance CCCCCCCl{solv}{x=0.498300}|CN(C)C=O{solv}{x=0.501700}>,CCCCCCCl,CN(C)C=O,openff-2.1.0,3,0.8851635075603577,0.0002421926441074,0.8974000000000002,0.0003
23818,3028,dens_1134260732394863277,718,Density,<Substance CCCCCCCl{solv}{x=0.729300}|CN(C)C=O{solv}{x=0.270700}>,CCCCCCCl,CN(C)C=O,openff-2.1.0,3,0.875630034398911,0.0002409053898811,0.8844000000000002,0.0003
23819,3029,dhmix_1150917243327149472,719,EnthalpyOfMixing,<Substance CCCCCCCl{solv}{x=0.500000}|CN(C)C=O{solv}{x=0.500000}>,CCCCCCCl,CN(C)C=O,openff-2.1.0,3,1.142615220285009,0.0427588176958591,0.847,0.004
23820,3030,dhmix_1166656674614639609,720,EnthalpyOfMixing,<Substance CCCCCCCl{solv}{x=0.204000}|CN(C)C=O{solv}{x=0.796000}>,CCCCCCCl,CN(C)C=O,openff-2.1.0,3,0.7835784863142905,0.0398830980529982,0.583,0.004
23821,3031,dhmix_1262474968830454367,721,EnthalpyOfMixing,<Substance CCCCCCCl{solv}{x=0.795000}|CN(C)C=O{solv}{x=0.205000}>,CCCCCCCl,CN(C)C=O,openff-2.1.0,3,0.8169643535841544,0.0491513272488832,0.542,0.0035
23822,3032,dens_1862934255267356180,722,Density,<Substance CCCCCCCl{solv}{x=0.200700}|CN(C)C=O{solv}{x=0.799300}>,CCCCCCCl,CN(C)C=O,openff-2.1.0,3,0.9026930401188948,0.000259905683639,0.9218000000000002,0.00025
23823,3033,dhmix_457000181442392641,723,EnthalpyOfMixing,<Substance CCOCCO{solv}{x=0.241100}|c1ccccc1{solv}{x=0.758900}>,CCOCCO,c1ccccc1,openff-2.1.0,3,0.5734859884084926,0.0302703571769625,0.6303,0.00815
23824,3034,dhmix_501726034520661035,724,EnthalpyOfMixing,<Substance CCOCCO{solv}{x=0.733600}|c1ccccc1{solv}{x=0.266400}>,CCOCCO,c1ccccc1,openff-2.1.0,3,0.3208204956552407,0.0383304160418461,0.2326,0.0033
23825,3035,dens_577983044895299238,725,Density,<Substance CCOCCO{solv}{x=0.251800}|c1ccccc1{solv}{x=0.748200}>,CCOCCO,c1ccccc1,openff-2.1.0,3,0.8787688060487097,0.0002799876564296,0.8849000000000002,0.00081
23826,3036,dens_1506946378386070831,726,Density,<Substance CCOCCO{solv}{x=0.750800}|c1ccccc1{solv}{x=0.249200}>,CCOCCO,c1ccccc1,openff-2.1.0,3,0.9149699248863432,0.0002421811888282,0.9134500000000004,0.000685
23827,3037,dhmix_1801594081157333975,727,EnthalpyOfMixing,<Substance CCOCCO{solv}{x=0.478600}|c1ccccc1{solv}{x=0.521400}>,CCOCCO,c1ccccc1,openff-2.1.0,3,0.6073486732022815,0.0405871932517057,0.4912,0.00645
23828,3038,dens_2128846755225827916,728,Density,<Substance CCOCCO{solv}{x=0.504800}|c1ccccc1{solv}{x=0.495200}>,CCOCCO,c1ccccc1,openff-2.1.0,3,0.8974125171233663,0.000193227718608,0.8995700000000003,0.000745
23829,3039,dhmix_466383569529620932,729,EnthalpyOfMixing,<Substance CC(=O)N(C)C{solv}{x=0.505000}|CCCCCCCl{solv}{x=0.495000}>,CC(=O)N(C)C,CCCCCCCl,openff-2.1.0,3,0.8520422096220202,0.0449882006356293,0.61,0.003
23830,3040,dhmix_493694362228351572,730,EnthalpyOfMixing,<Substance CC(=O)N(C)C{solv}{x=0.798000}|CCCCCCCl{solv}{x=0.202000}>,CC(=O)N(C)C,CCCCCCCl,openff-2.1.0,3,0.6781886050603463,0.0487039655628285,0.425,0.003
23831,3041,dhmix_626564461179097700,731,EnthalpyOfMixing,<Substance CC(=O)N(C)C{solv}{x=0.211000}|CCCCCCCl{solv}{x=0.789000}>,CC(=O)N(C)C,CCCCCCCl,openff-2.1.0,3,0.6129419066873396,0.0479623972803768,0.38,0.003
23832,3042,dens_1720641323575133011,732,Density,<Substance CC(=O)N(C)C{solv}{x=0.200300}|CCCCCCCl{solv}{x=0.799700}>,CC(=O)N(C)C,CCCCCCCl,openff-2.1.0,3,0.8722375971511322,0.0002188465532513,0.8816000000000003,0.00025
23833,3043,dens_1817345990638851984,733,Density,<Substance CC(=O)N(C)C{solv}{x=0.503000}|CCCCCCCl{solv}{x=0.497000}>,CC(=O)N(C)C,CCCCCCCl,openff-2.1.0,3,0.8800745542719056,0.0002424707777416,0.8975000000000002,0.00025
23834,3044,dens_1885054129776339889,734,Density,<Substance CC(=O)N(C)C{solv}{x=0.699200}|CCCCCCCl{solv}{x=0.300800}>,CC(=O)N(C)C,CCCCCCCl,openff-2.1.0,3,0.8861721783471483,0.0002290682346104,0.9104000000000002,0.0002
23835,3045,dens_468507243072548580,735,Density,<Substance CCC#N{solv}{x=0.701200}|CCOC(C)(C)CC{solv}{x=0.298800}>,CCC#N,CCOC(C)(C)CC,openff-2.1.0,3,0.7740558433605081,0.0002518224469034,0.7715000000000002,0.0004
23836,3046,dhmix_553135124490085656,736,EnthalpyOfMixing,<Substance CCC#N{solv}{x=0.502500}|CCOC(C)(C)CC{solv}{x=0.497500}>,CCC#N,CCOC(C)(C)CC,openff-2.1.0,3,0.2754426190429697,0.0410895527035485,0.7023,0.00955
23837,3047,dens_762108332272225600,737,Density,<Substance CCC#N{solv}{x=0.502500}|CCOC(C)(C)CC{solv}{x=0.497500}>,CCC#N,CCOC(C)(C)CC,openff-2.1.0,3,0.7718909141656902,0.0002359664625918,0.7683000000000001,0.00035
23838,3048,dens_967634241844220739,738,Density,<Substance CCC#N{solv}{x=0.200900}|CCOC(C)(C)CC{solv}{x=0.799100}>,CCC#N,CCOC(C)(C)CC,openff-2.1.0,3,0.7691515448223165,0.0001997154109938,0.7638000000000001,0.00025
23839,3049,dhmix_1961082112686431376,739,EnthalpyOfMixing,<Substance CCC#N{solv}{x=0.200900}|CCOC(C)(C)CC{solv}{x=0.799100}>,CCC#N,CCOC(C)(C)CC,openff-2.1.0,3,0.1731237435804686,0.053563313687771,0.502,0.00685
23840,3050,dhmix_2005765786246998093,740,EnthalpyOfMixing,<Substance CCC#N{solv}{x=0.701200}|CCOC(C)(C)CC{solv}{x=0.298800}>,CCC#N,CCOC(C)(C)CC,openff-2.1.0,3,0.2502563494814609,0.0378360011049319,0.5863,0.008
23841,3051,dhmix_471514663464011364,741,EnthalpyOfMixing,<Substance C1CCOCC1{solv}{x=0.722000}|CCCCCO{solv}{x=0.278000}>,C1CCOCC1,CCCCCO,openff-2.1.0,3,1.0725338918839071,0.0447024081760328,0.8628,0.00745
23842,3052,dens_910343796235321484,742,Density,<Substance C1CCOCC1{solv}{x=0.298700}|CCCCCO{solv}{x=0.701300}>,C1CCOCC1,CCCCCO,openff-2.1.0,3,0.827374526541956,0.0002045354871899,0.8293300000000002,0.00034
23843,3053,dens_1812069868432416079,743,Density,<Substance C1CCOCC1{solv}{x=0.800000}|CCCCCO{solv}{x=0.200000}>,C1CCOCC1,CCCCCO,openff-2.1.0,3,0.8594252303532888,0.0002268560766215,0.8635900000000002,0.000315
23844,3054,dhmix_1936206883965149188,744,EnthalpyOfMixing,<Substance C1CCOCC1{solv}{x=0.526000}|CCCCCO{solv}{x=0.474000}>,C1CCOCC1,CCCCCO,openff-2.1.0,3,1.000369514716155,0.0347235431453307,0.97,0.00615
23845,3055,dhmix_1992318015190346725,745,EnthalpyOfMixing,<Substance C1CCOCC1{solv}{x=0.217000}|CCCCCO{solv}{x=0.783000}>,C1CCOCC1,CCCCCO,openff-2.1.0,3,0.8272793372882461,0.0502444355657584,0.6006,0.00455
23846,3056,dens_2204330198012032768,746,Density,<Substance C1CCOCC1{solv}{x=0.499400}|CCCCCO{solv}{x=0.500600}>,C1CCOCC1,CCCCCO,openff-2.1.0,3,0.8392969886866748,0.0002189366199358,0.8425400000000002,0.00033
23847,3057,dhmix_472822428299818953,747,EnthalpyOfMixing,<Substance CC(C)CC(C)(C)C{solv}{x=0.700500}|CCCCO{solv}{x=0.299500}>,CC(C)CC(C)(C)C,CCCCO,openff-2.1.0,3,0.7508103169285789,0.0483095511741422,0.6228,0.0028
23848,3058,dhmix_628387028768654403,748,EnthalpyOfMixing,<Substance CC(C)CC(C)(C)C{solv}{x=0.499900}|CCCCO{solv}{x=0.500100}>,CC(C)CC(C)(C)C,CCCCO,openff-2.1.0,3,0.7323385139525129,0.0382083415939153,0.5938,0.0027
23849,3059,dens_631668933678639865,749,Density,<Substance CC(C)CC(C)(C)C{solv}{x=0.200000}|CCCCO{solv}{x=0.800000}>,CC(C)CC(C)(C)C,CCCCO,openff-2.1.0,3,0.774111597281506,0.0002479160149755,0.7696800000000001,0.000295
23850,3060,dens_1394470087977586253,750,Density,<Substance CC(C)CC(C)(C)C{solv}{x=0.500000}|CCCCO{solv}{x=0.500000}>,CC(C)CC(C)(C)C,CCCCO,openff-2.1.0,3,0.7424800453662069,0.0002097045289115,0.7294000000000002,0.000285
23851,3061,dens_1809610870413503056,751,Density,<Substance CC(C)CC(C)(C)C{solv}{x=0.699900}|CCCCO{solv}{x=0.300100}>,CC(C)CC(C)(C)C,CCCCO,openff-2.1.0,3,0.7261019560996135,0.0002246532197127,0.7097700000000001,0.000285
23852,3062,dhmix_2302589146189152767,752,EnthalpyOfMixing,<Substance CC(C)CC(C)(C)C{solv}{x=0.200200}|CCCCO{solv}{x=0.799800}>,CC(C)CC(C)(C)C,CCCCO,openff-2.1.0,3,0.4499152899486915,0.0443051482828046,0.27646,0.003235
23853,3063,dens_486902622078179007,753,Density,<Substance COC=O{solv}{x=0.494600}|CO{solv}{x=0.505400}>,CO,COC=O,openff-2.1.0,3,0.9092058667630172,0.0003578363481174,0.8956100000000002,7.500000000000002e-05
23854,3064,dens_750646162221180186,754,Density,<Substance COC=O{solv}{x=0.083300}|CO{solv}{x=0.916700}>,CO,COC=O,openff-2.1.0,3,0.7959654945567258,0.0004109245796235,0.8088000000000002,9.000000000000002e-05
23855,3065,dhmix_1113631207235753369,755,EnthalpyOfMixing,<Substance COC=O{solv}{x=0.717800}|CO{solv}{x=0.282200}>,CO,COC=O,openff-2.1.0,3,0.6459248726830191,0.0288401191390252,1.105,0.012
23856,3066,dhmix_2143911117683117531,756,EnthalpyOfMixing,<Substance COC=O{solv}{x=0.512700}|CO{solv}{x=0.487300}>,CO,COC=O,openff-2.1.0,3,0.8492563825730644,0.0309757235410441,1.179,0.0125
23857,3067,dens_2148324189014877510,757,Density,<Substance COC=O{solv}{x=0.727100}|CO{solv}{x=0.272900}>,CO,COC=O,openff-2.1.0,3,0.95708239232013,0.0003416923708319,0.9321000000000004,8.000000000000002e-05
23858,3068,dhmix_2205254965267695203,758,EnthalpyOfMixing,<Substance COC=O{solv}{x=0.083300}|CO{solv}{x=0.916700}>,CO,COC=O,openff-2.1.0,3,0.1870779170574223,0.0294455509394156,0.311,0.0035
23859,3069,dhmix_497300242003673148,759,EnthalpyOfMixing,<Substance BrCCBr{solv}{x=0.284100}|CCCCOC(=O)CCC{solv}{x=0.715900}>,BrCCBr,CCCCOC(=O)CCC,openff-2.1.0,3,-0.5550464999675384,0.0551141832843282,-0.054,0.001
23860,3070,dhmix_712261179736749495,760,EnthalpyOfMixing,<Substance BrCCBr{solv}{x=0.515300}|CCCCOC(=O)CCC{solv}{x=0.484700}>,BrCCBr,CCCCOC(=O)CCC,openff-2.1.0,3,-0.7230016930737904,0.0419927466830392,-0.027,0.0005
23861,3071,dens_846614854165535724,761,Density,<Substance BrCCBr{solv}{x=0.212900}|CCCCOC(=O)CCC{solv}{x=0.787100}>,BrCCBr,CCCCOC(=O)CCC,openff-2.1.0,3,1.0251700371188417,0.0002222968603286,1.0245500000000003,0.00013
23862,3072,dens_1085110183353279404,762,Density,<Substance BrCCBr{solv}{x=0.730000}|CCCCOC(=O)CCC{solv}{x=0.270000}>,BrCCBr,CCCCOC(=O)CCC,openff-2.1.0,3,1.613366060362673,0.0004457346986337,1.6231500000000003,0.000405
23863,3073,dhmix_2153957437015117204,763,EnthalpyOfMixing,<Substance BrCCBr{solv}{x=0.763900}|CCCCOC(=O)CCC{solv}{x=0.236100}>,BrCCBr,CCCCOC(=O)CCC,openff-2.1.0,3,-0.5177797042925967,0.0399265554708546,0.051,0.001
23864,3074,dens_2242615301342819560,764,Density,<Substance BrCCBr{solv}{x=0.449300}|CCCCOC(=O)CCC{solv}{x=0.550700}>,BrCCBr,CCCCOC(=O)CCC,openff-2.1.0,3,1.249385443880161,0.0002532857897789,1.2506100000000002,0.000225
23865,3075,dens_501060706627477242,765,Density,<Substance OC1=NCCC1{solv}{x=0.500000}|O{solv}{x=0.500000}>,O,OC1=NCCC1,openff-2.1.0,3,1.0548192297068666,0.0003068034188526,1.0977070000000004,0.0005555
23866,3076,dens_929065521104254808,766,Density,<Substance OC1=NCCC1{solv}{x=0.744800}|O{solv}{x=0.255200}>,O,OC1=NCCC1,openff-2.1.0,3,1.0633399662726264,0.0002707927872116,1.1044310000000004,0.000577
23867,3077,dhmix_1128968771311392860,767,EnthalpyOfMixing,<Substance OC1=NCCC1{solv}{x=0.769300}|O{solv}{x=0.230700}>,O,OC1=NCCC1,openff-2.1.0,3,0.9919136606188488,0.0345378720088869,-0.678,0.1695
23868,3078,dens_1192491633684345401,768,Density,<Substance OC1=NCCC1{solv}{x=0.246800}|O{solv}{x=0.753200}>,O,OC1=NCCC1,openff-2.1.0,3,1.035652302805241,0.0004106815868774,1.077068,0.0004905
23869,3079,dhmix_1775375132531538271,769,EnthalpyOfMixing,<Substance OC1=NCCC1{solv}{x=0.478300}|O{solv}{x=0.521700}>,O,OC1=NCCC1,openff-2.1.0,3,0.8013696690062204,0.0298761804691752,-0.8384,0.20965
23870,3080,dhmix_1895825007089845103,770,EnthalpyOfMixing,<Substance OC1=NCCC1{solv}{x=0.231900}|O{solv}{x=0.768100}>,O,OC1=NCCC1,openff-2.1.0,3,0.6958929693868114,0.0190820101510679,-0.5238,0.13095
23871,3081,dens_502738970558558534,771,Density,<Substance BrCCBr{solv}{x=0.749000}|COC=O{solv}{x=0.251000}>,BrCCBr,COC=O,openff-2.1.0,3,1.91751378837296,0.0007112561864559,1.9319600000000008,0.003535
23872,3082,dhmix_523129341332875255,772,EnthalpyOfMixing,<Substance BrCCBr{solv}{x=0.059500}|COC=O{solv}{x=0.940500}>,BrCCBr,COC=O,openff-2.1.0,3,0.0938497933568841,0.0361248784709236,0.1715,0.00215
23873,3083,dens_528986974844153101,773,Density,<Substance BrCCBr{solv}{x=0.059800}|COC=O{solv}{x=0.940200}>,BrCCBr,COC=O,openff-2.1.0,3,1.0999035393791727,0.0002469869643168,1.06428,0.00056
23874,3084,dhmix_1521152703631810888,774,EnthalpyOfMixing,<Substance BrCCBr{solv}{x=0.757400}|COC=O{solv}{x=0.242600}>,BrCCBr,COC=O,openff-2.1.0,3,0.4159739666329969,0.0308338643144207,0.653,0.00585
23875,3085,dhmix_1685647138770344206,775,EnthalpyOfMixing,<Substance BrCCBr{solv}{x=0.528100}|COC=O{solv}{x=0.471900}>,BrCCBr,COC=O,openff-2.1.0,3,0.3507833517054219,0.0310264323250359,0.8123,0.00705
23876,3086,dens_1945150067923572864,776,Density,<Substance BrCCBr{solv}{x=0.501500}|COC=O{solv}{x=0.498500}>,BrCCBr,COC=O,openff-2.1.0,3,1.6718385511288545,0.000577982423329,1.6620300000000003,0.00232
23877,3087,dens_511283508189056955,777,Density,<Substance CCO{solv}{x=0.291400}|CN(C)CCO{solv}{x=0.708600}>,CCO,CN(C)CCO,openff-2.1.0,3,0.8781915149345594,0.0002373407398455,0.8710100000000002,0.000165
23878,3088,dhmix_1055456388735168345,778,EnthalpyOfMixing,<Substance CCO{solv}{x=0.508400}|CN(C)CCO{solv}{x=0.491600}>,CCO,CN(C)CCO,openff-2.1.0,3,-0.6605123041675114,0.0328521930647704,-0.4044,0.0044
23879,3089,dens_1119930253414624267,779,Density,<Substance CCO{solv}{x=0.699500}|CN(C)CCO{solv}{x=0.300500}>,CCO,CN(C)CCO,openff-2.1.0,3,0.8387364107973988,0.0002509993576913,0.8345000000000002,0.000135
23880,3090,dhmix_1132835222292135012,780,EnthalpyOfMixing,<Substance CCO{solv}{x=0.268600}|CN(C)CCO{solv}{x=0.731400}>,CCO,CN(C)CCO,openff-2.1.0,3,-0.3649929236947997,0.0440572427197207,-0.2783,0.0031
23881,3091,dens_1964926738263319597,781,Density,<Substance CCO{solv}{x=0.494900}|CN(C)CCO{solv}{x=0.505100}>,CCO,CN(C)CCO,openff-2.1.0,3,0.8610716431273607,0.0002351513588822,0.8566200000000002,0.00015
23882,3092,dhmix_2011138895468245368,782,EnthalpyOfMixing,<Substance CCO{solv}{x=0.733500}|CN(C)CCO{solv}{x=0.266500}>,CCO,CN(C)CCO,openff-2.1.0,3,-0.5125425839957529,0.0398581893422969,-0.3657,0.004
23883,3093,dhmix_517287783481256565,783,EnthalpyOfMixing,<Substance CN(C)C=O{solv}{x=0.701000}|ClCCCCCl{solv}{x=0.299000}>,CN(C)C=O,ClCCCCCl,openff-2.1.0,3,0.4529733140110892,0.0396536430113412,-0.052,0.002
23884,3094,dens_765057686797526715,784,Density,<Substance CN(C)C=O{solv}{x=0.794300}|ClCCCCCl{solv}{x=0.205700}>,CN(C)C=O,ClCCCCCl,openff-2.1.0,3,0.9737440564782136,0.0002396030077259,0.9934000000000002,0.00245
23885,3095,dens_1092490027864410415,785,Density,<Substance CN(C)C=O{solv}{x=0.502200}|ClCCCCCl{solv}{x=0.497800}>,CN(C)C=O,ClCCCCCl,openff-2.1.0,3,1.0391316899460907,0.000199159082856,1.0524000000000004,0.0022
23886,3096,dens_1571926938169630329,786,Density,<Substance CN(C)C=O{solv}{x=0.299400}|ClCCCCCl{solv}{x=0.700600}>,CN(C)C=O,ClCCCCCl,openff-2.1.0,3,1.0773193387167266,0.0003082807916298,1.0879000000000003,0.0021
23887,3097,dhmix_1989422051580285053,787,EnthalpyOfMixing,<Substance CN(C)C=O{solv}{x=0.501000}|ClCCCCCl{solv}{x=0.499000}>,CN(C)C=O,ClCCCCCl,openff-2.1.0,3,0.4883872764142296,0.038201985036912,-0.056,0.002
23888,3098,dhmix_2190775305913174779,788,EnthalpyOfMixing,<Substance CN(C)C=O{solv}{x=0.204000}|ClCCCCCl{solv}{x=0.796000}>,CN(C)C=O,ClCCCCCl,openff-2.1.0,3,0.3906980590155768,0.0392790449598185,-0.039,0.002
23889,3099,dens_518199256039095036,789,Density,<Substance CCCCO{solv}{x=0.496400}|NCCN{solv}{x=0.503600}>,CCCCO,NCCN,openff-2.1.0,3,0.8944906915690458,0.0002971839502552,0.8519430000000002,0.000219
23890,3100,dens_866492593379488722,790,Density,<Substance CCCCO{solv}{x=0.739800}|NCCN{solv}{x=0.260200}>,CCCCO,NCCN,openff-2.1.0,3,0.8463649720935807,0.0002104809626156,0.8325090000000002,0.000221
23891,3101,dens_2064365769538781360,791,Density,<Substance CCCCO{solv}{x=0.291900}|NCCN{solv}{x=0.708100}>,CCCCO,NCCN,openff-2.1.0,3,0.9430557221705564,0.0003110395052319,0.8676960000000002,0.0002205
23892,3102,dens_520201021244222151,792,Density,<Substance O=C1CCCO1{solv}{x=0.300000}|O{solv}{x=0.700000}>,O,O=C1CCCO1,openff-2.1.0,3,1.0591404396707644,0.0003772794923355,1.0886000000000002,0.0001
23893,3103,dens_2198925124601089428,793,Density,<Substance O=C1CCCO1{solv}{x=0.500000}|O{solv}{x=0.500000}>,O,O=C1CCCO1,openff-2.1.0,3,1.0813821961204853,0.0003134789149827,1.1059000000000003,0.0001
23894,3104,dens_2272207838075726438,794,Density,<Substance O=C1CCCO1{solv}{x=0.800000}|O{solv}{x=0.200000}>,O,O=C1CCCO1,openff-2.1.0,3,1.099620847948073,0.0002346000260389,1.1182000000000003,0.0001
23895,3105,dhmix_524376395520217080,795,EnthalpyOfMixing,<Substance CC(C)CC(C)(C)C{solv}{x=0.440700}|CCCC(=O)OC{solv}{x=0.559300}>,CC(C)CC(C)(C)C,CCCC(=O)OC,openff-2.1.0,3,1.5681360328906069,0.0436582105028869,1.053,0.0115
23896,3106,dens_581090592491592243,796,Density,<Substance CC(C)CC(C)(C)C{solv}{x=0.298100}|CCCC(=O)OC{solv}{x=0.701900}>,CC(C)CC(C)(C)C,CCCC(=O)OC,openff-2.1.0,3,0.8221545305802525,0.0002370515899654,0.8119000000000002,0.000505
23897,3107,dens_1497434747823371430,797,Density,<Substance CC(C)CC(C)(C)C{solv}{x=0.724300}|CCCC(=O)OC{solv}{x=0.275700}>,CC(C)CC(C)(C)C,CCCC(=O)OC,openff-2.1.0,3,0.745274506113196,0.000137767306499,0.7279000000000001,0.000505
23898,3108,dhmix_1614087501371550297,798,EnthalpyOfMixing,<Substance CC(C)CC(C)(C)C{solv}{x=0.762900}|CCCC(=O)OC{solv}{x=0.237100}>,CC(C)CC(C)(C)C,CCCC(=O)OC,openff-2.1.0,3,1.2320611702288886,0.0502745342714613,0.789,0.0085
23899,3109,dens_1842979547629422953,799,Density,<Substance CC(C)CC(C)(C)C{solv}{x=0.441000}|CCCC(=O)OC{solv}{x=0.559000}>,CC(C)CC(C)(C)C,CCCC(=O)OC,openff-2.1.0,3,0.7930770210665009,0.0001918519875816,0.7803000000000001,0.000505
23900,3110,dhmix_2246911102339588209,800,EnthalpyOfMixing,<Substance CC(C)CC(C)(C)C{solv}{x=0.298200}|CCCC(=O)OC{solv}{x=0.701800}>,CC(C)CC(C)(C)C,CCCC(=O)OC,openff-2.1.0,3,1.1828839703134193,0.0478343781299507,0.884,0.0095
23901,3111,dhmix_536798507677319129,801,EnthalpyOfMixing,<Substance C1COCO1{solv}{x=0.267900}|Cc1ccccc1Cl{solv}{x=0.732100}>,C1COCO1,Cc1ccccc1Cl,openff-2.1.0,3,0.2875662197573376,0.0449697484334914,0.272,0.0015
23902,3112,dens_559535483529614058,802,Density,<Substance C1COCO1{solv}{x=0.726600}|Cc1ccccc1Cl{solv}{x=0.273400}>,C1COCO1,Cc1ccccc1Cl,openff-2.1.0,3,1.0945148163795595,0.0003099914292144,1.0652000000000004,0.0005
23903,3113,dens_731520844601672570,803,Density,<Substance C1COCO1{solv}{x=0.268500}|Cc1ccccc1Cl{solv}{x=0.731500}>,C1COCO1,Cc1ccccc1Cl,openff-2.1.0,3,1.073006074588972,0.0002317841831643,1.0630000000000002,0.0005
23904,3114,dens_839907656840905053,804,Density,<Substance C1COCO1{solv}{x=0.516900}|Cc1ccccc1Cl{solv}{x=0.483100}>,C1COCO1,Cc1ccccc1Cl,openff-2.1.0,3,1.0896904350904533,0.0001877142172173,1.0694000000000004,0.0005
23905,3115,dhmix_1308085019204784636,805,EnthalpyOfMixing,<Substance C1COCO1{solv}{x=0.500900}|Cc1ccccc1Cl{solv}{x=0.499100}>,C1COCO1,Cc1ccccc1Cl,openff-2.1.0,3,0.4042179762670344,0.0380548466199542,0.393,0.002
23906,3116,dhmix_1924685013370154802,806,EnthalpyOfMixing,<Substance C1COCO1{solv}{x=0.760400}|Cc1ccccc1Cl{solv}{x=0.239600}>,C1COCO1,Cc1ccccc1Cl,openff-2.1.0,3,0.3273784406887472,0.0352044027437582,0.313,0.0015
23907,3117,dhmix_549919019055097043,807,EnthalpyOfMixing,<Substance C1CCCCC1{solv}{x=0.799100}|CC(C)O{solv}{x=0.200900}>,C1CCCCC1,CC(C)O,openff-2.1.0,3,0.6202351493285505,0.0450544550453825,0.702,0.017
23908,3118,dhmix_1101575580592240663,808,EnthalpyOfMixing,<Substance C1CCCCC1{solv}{x=0.199500}|CC(C)O{solv}{x=0.800500}>,C1CCCCC1,CC(C)O,openff-2.1.0,3,0.5410600870785318,0.0376492970300352,0.438,0.011
23909,3119,dhmix_1262965345724899699,809,EnthalpyOfMixing,<Substance C1CCCCC1{solv}{x=0.498400}|CC(C)O{solv}{x=0.501600}>,C1CCCCC1,CC(C)O,openff-2.1.0,3,0.7238706407060604,0.0434567925468546,0.801,0.0195
23910,3120,dens_1431184569437551541,810,Density,<Substance C1CCCCC1{solv}{x=0.705800}|CC(C)O{solv}{x=0.294200}>,C1CCCCC1,CC(C)O,openff-2.1.0,3,0.7631242939463887,0.000166026805697,0.7711100000000002,0.000245
23911,3121,dens_2097249982689376165,811,Density,<Substance C1CCCCC1{solv}{x=0.200000}|CC(C)O{solv}{x=0.800000}>,C1CCCCC1,CC(C)O,openff-2.1.0,3,0.7885100994942723,0.0002584306259676,0.7761000000000002,0.0003
23912,3122,dens_2130071224188444793,812,Density,<Substance C1CCCCC1{solv}{x=0.503900}|CC(C)O{solv}{x=0.496100}>,C1CCCCC1,CC(C)O,openff-2.1.0,3,0.7715411348968108,0.0002091606930223,0.7719000000000001,0.0003
23913,3123,dens_562489367284385084,813,Density,<Substance CCCCC(=O)OC{solv}{x=0.251100}|COC(C)=O{solv}{x=0.748900}>,CCCCC(=O)OC,COC(C)=O,openff-2.1.0,3,0.9208025252085292,0.00027188884646,0.9105300000000002,0.000505
23914,3124,dhmix_814771684244180933,814,EnthalpyOfMixing,<Substance CCCCC(=O)OC{solv}{x=0.733900}|COC(C)=O{solv}{x=0.266100}>,CCCCC(=O)OC,COC(C)=O,openff-2.1.0,3,-0.0479944226570361,0.049625837501199,0.178,0.002
23915,3125,dhmix_915202362324204655,815,EnthalpyOfMixing,<Substance CCCCC(=O)OC{solv}{x=0.505500}|COC(C)=O{solv}{x=0.494500}>,CCCCC(=O)OC,COC(C)=O,openff-2.1.0,3,0.1994426058777207,0.0414498328310169,0.238,0.0025
23916,3126,dhmix_935892165648195197,816,EnthalpyOfMixing,<Substance CCCCC(=O)OC{solv}{x=0.234700}|COC(C)=O{solv}{x=0.765300}>,CCCCC(=O)OC,COC(C)=O,openff-2.1.0,3,0.061021215206388,0.0412080492441654,0.173,0.002
23917,3127,dens_961692445804333991,817,Density,<Substance CCCCC(=O)OC{solv}{x=0.738300}|COC(C)=O{solv}{x=0.261700}>,CCCCC(=O)OC,COC(C)=O,openff-2.1.0,3,0.8968552991021795,0.0002173625788752,0.8914700000000002,0.000505
23918,3128,dens_1493380961688632529,818,Density,<Substance CCCCC(=O)OC{solv}{x=0.493500}|COC(C)=O{solv}{x=0.506500}>,CCCCC(=O)OC,COC(C)=O,openff-2.1.0,3,0.9075621708752636,0.0002314955741736,0.8996200000000002,0.000505
23919,3129,dhmix_563342363018905515,819,EnthalpyOfMixing,<Substance CCOC(=O)CC(C)=O{solv}{x=0.751400}|O{solv}{x=0.248600}>,CCOC(=O)CC(C)=O,O,openff-2.1.0,3,0.700216421752657,0.0344480789287183,1.128,0.012
23920,3130,dhmix_1385095028103136291,820,EnthalpyOfMixing,<Substance CCOC(=O)CC(C)=O{solv}{x=0.449100}|O{solv}{x=0.550900}>,CCOC(=O)CC(C)=O,O,openff-2.1.0,3,0.6110820605639162,0.0316789940128718,0.684,0.0075
23921,3131,dhmix_1609967394780907654,821,EnthalpyOfMixing,<Substance CCOC(=O)CC(C)=O{solv}{x=0.299400}|O{solv}{x=0.700600}>,CCOC(=O)CC(C)=O,O,openff-2.1.0,3,0.5035884841285849,0.0287828861211147,0.428,0.005
23922,3132,dhmix_566259260175961973,822,EnthalpyOfMixing,<Substance CCCCO{solv}{x=0.144700}|OC1=NCCC1{solv}{x=0.855300}>,CCCCO,OC1=NCCC1,openff-2.1.0,3,0.7260524592640678,0.0383746088258266,0.0949,0.0012
23923,3133,dens_1146983614802652988,823,Density,<Substance CCCCO{solv}{x=0.500400}|OC1=NCCC1{solv}{x=0.499600}>,CCCCO,OC1=NCCC1,openff-2.1.0,3,0.9317927005596384,0.0003272507621955,0.94503,0.00015
23924,3134,dhmix_1601732489230179724,824,EnthalpyOfMixing,<Substance CCCCO{solv}{x=0.497800}|OC1=NCCC1{solv}{x=0.502200}>,CCCCO,OC1=NCCC1,openff-2.1.0,3,1.3576467630553175,0.034762356125419,0.2326,0.0026
23925,3135,dhmix_1661138478850718837,825,EnthalpyOfMixing,<Substance CCCCO{solv}{x=0.754800}|OC1=NCCC1{solv}{x=0.245200}>,CCCCO,OC1=NCCC1,openff-2.1.0,3,1.0717167795121003,0.0370774154686227,0.2356,0.00265
23926,3136,dens_1878955695276199878,826,Density,<Substance CCCCO{solv}{x=0.144600}|OC1=NCCC1{solv}{x=0.855400}>,CCCCO,OC1=NCCC1,openff-2.1.0,3,1.026995887242545,0.0002638516910953,1.0575900000000005,0.000205
23927,3137,dens_2101998760005952263,827,Density,<Substance CCCCO{solv}{x=0.755500}|OC1=NCCC1{solv}{x=0.244500}>,CCCCO,OC1=NCCC1,openff-2.1.0,3,0.865933258908424,0.0002124683338491,0.8711500000000002,0.000185
23928,3138,dhmix_569012254773025696,828,EnthalpyOfMixing,<Substance CC(C)(C)O{solv}{x=0.505700}|OC1=NCCC1{solv}{x=0.494300}>,CC(C)(C)O,OC1=NCCC1,openff-2.1.0,3,1.9903263766085504,0.0514556973886798,0.4323,0.0047
23929,3139,dens_992979807705536615,829,Density,<Substance CC(C)(C)O{solv}{x=0.751100}|OC1=NCCC1{solv}{x=0.248900}>,CC(C)(C)O,OC1=NCCC1,openff-2.1.0,3,0.8757142819935846,0.0003155525364201,0.8505700000000003,0.000215
23930,3140,dens_1020722913861580636,830,Density,<Substance CC(C)(C)O{solv}{x=0.499700}|OC1=NCCC1{solv}{x=0.500300}>,CC(C)(C)O,OC1=NCCC1,openff-2.1.0,3,0.935408102456722,0.0003127400335051,0.9282800000000002,0.00018
23931,3141,dhmix_1408261346335628114,831,EnthalpyOfMixing,<Substance CC(C)(C)O{solv}{x=0.744900}|OC1=NCCC1{solv}{x=0.255100}>,CC(C)(C)O,OC1=NCCC1,openff-2.1.0,3,1.744441609445296,0.0357283492721974,0.3774,0.00415
23932,3142,dhmix_1466823939183874689,832,EnthalpyOfMixing,<Substance CC(C)(C)O{solv}{x=0.257800}|OC1=NCCC1{solv}{x=0.742200}>,CC(C)(C)O,OC1=NCCC1,openff-2.1.0,3,0.9149873875370248,0.0376004531034317,0.2874,0.0032
23933,3143,dens_1768273433543243004,833,Density,<Substance CC(C)(C)O{solv}{x=0.276400}|OC1=NCCC1{solv}{x=0.723600}>,CC(C)(C)O,OC1=NCCC1,openff-2.1.0,3,0.9940617859650936,0.0002390957584352,1.0036300000000002,0.000155
23934,3144,dens_571827819113574480,834,Density,<Substance CC(C)OC(C)C{solv}{x=0.700400}|Cc1ccccc1{solv}{x=0.299600}>,CC(C)OC(C)C,Cc1ccccc1,openff-2.1.0,3,0.7709485836421687,0.0002420696618556,0.7573100000000001,0.000155
23935,3145,dhmix_686402805609192969,835,EnthalpyOfMixing,<Substance CC(C)OC(C)C{solv}{x=0.228000}|Cc1ccccc1{solv}{x=0.772000}>,CC(C)OC(C)C,Cc1ccccc1,openff-2.1.0,3,-0.1211285478501693,0.0469296507295367,0.0593,0.00515
23936,3146,dhmix_1045652173440309018,836,EnthalpyOfMixing,<Substance CC(C)OC(C)C{solv}{x=0.752000}|Cc1ccccc1{solv}{x=0.248000}>,CC(C)OC(C)C,Cc1ccccc1,openff-2.1.0,3,-0.145248765156623,0.0483106807902505,-0.0091,0.00505
23937,3147,dhmix_1690461453403165745,837,EnthalpyOfMixing,<Substance CC(C)OC(C)C{solv}{x=0.455000}|Cc1ccccc1{solv}{x=0.545000}>,CC(C)OC(C)C,Cc1ccccc1,openff-2.1.0,3,-0.2069350785331849,0.0448457299344777,0.0323,0.0051
23938,3148,dens_2086775654110573795,838,Density,<Substance CC(C)OC(C)C{solv}{x=0.200400}|Cc1ccccc1{solv}{x=0.799600}>,CC(C)OC(C)C,Cc1ccccc1,openff-2.1.0,3,0.8262877698997302,0.0002376030326117,0.8299700000000002,0.00014
23939,3149,dens_2167043968237201720,839,Density,<Substance CC(C)OC(C)C{solv}{x=0.500300}|Cc1ccccc1{solv}{x=0.499700}>,CC(C)OC(C)C,Cc1ccccc1,openff-2.1.0,3,0.792621121345043,0.000235939831042,0.7849200000000002,0.000155
23940,3150,dhmix_578047845607378963,840,EnthalpyOfMixing,<Substance CN1CCCC1=O{solv}{x=0.635900}|c1ccncc1{solv}{x=0.364100}>,CN1CCCC1=O,c1ccncc1,openff-2.1.0,3,-0.3088264108171898,0.0456633568701683,-0.4013,0.10035
23941,3151,dhmix_625120262301063359,841,EnthalpyOfMixing,<Substance CN1CCCC1=O{solv}{x=0.231200}|c1ccncc1{solv}{x=0.768800}>,CN1CCCC1=O,c1ccncc1,openff-2.1.0,3,-0.3016188604570917,0.0393827773241165,-0.3157,0.07895
23942,3152,dens_1059919274311274879,842,Density,<Substance CN1CCCC1=O{solv}{x=0.521500}|c1ccncc1{solv}{x=0.478500}>,CN1CCCC1=O,c1ccncc1,openff-2.1.0,3,0.9941809340488866,0.0002134510030155,1.0158200000000004,0.00051
23943,3153,dens_1445187430653020908,843,Density,<Substance CN1CCCC1=O{solv}{x=0.234800}|c1ccncc1{solv}{x=0.765200}>,CN1CCCC1=O,c1ccncc1,openff-2.1.0,3,0.9882037503273048,0.0002511319842899,0.9983500000000004,0.00051
23944,3154,dhmix_1933003504821603087,844,EnthalpyOfMixing,<Substance CN1CCCC1=O{solv}{x=0.499500}|c1ccncc1{solv}{x=0.500500}>,CN1CCCC1=O,c1ccncc1,openff-2.1.0,3,-0.3640440086523382,0.0427633095840075,-0.4356,0.1089
23945,3155,dens_2199047009222847682,845,Density,<Substance CN1CCCC1=O{solv}{x=0.636400}|c1ccncc1{solv}{x=0.363600}>,CN1CCCC1=O,c1ccncc1,openff-2.1.0,3,0.996501462557938,0.0002305730841282,1.0207400000000002,0.00051
23946,3156,dens_586351122522837789,846,Density,<Substance c1cc[nH]c1{solv}{x=0.820700}|c1ccccc1{solv}{x=0.179300}>,c1cc[nH]c1,c1ccccc1,openff-2.1.0,3,0.953820724268682,0.000313197641903,0.9503300000000002,0.000195
23947,3157,dhmix_1101447260293284221,847,EnthalpyOfMixing,<Substance c1cc[nH]c1{solv}{x=0.494000}|c1ccccc1{solv}{x=0.506000}>,c1cc[nH]c1,c1ccccc1,openff-2.1.0,3,0.6233805070834109,0.0352214051414556,0.609,0.00395
23948,3158,dens_1366042600317618213,848,Density,<Substance c1cc[nH]c1{solv}{x=0.503000}|c1ccccc1{solv}{x=0.497000}>,c1cc[nH]c1,c1ccccc1,openff-2.1.0,3,0.9140517663820812,0.0002251276306778,0.9220400000000002,0.00019
23949,3159,dens_2042223650153961549,849,Density,<Substance c1cc[nH]c1{solv}{x=0.314200}|c1ccccc1{solv}{x=0.685800}>,c1cc[nH]c1,c1ccccc1,openff-2.1.0,3,0.8924553849341161,0.0002923382405471,0.9043500000000002,0.000195
23950,3160,dhmix_2080652523589171296,850,EnthalpyOfMixing,<Substance c1cc[nH]c1{solv}{x=0.820800}|c1ccccc1{solv}{x=0.179200}>,c1cc[nH]c1,c1ccccc1,openff-2.1.0,3,0.2470726510994865,0.0392683613436595,0.3441,0.00245
23951,3161,dhmix_2101365800313583195,851,EnthalpyOfMixing,<Substance c1cc[nH]c1{solv}{x=0.314000}|c1ccccc1{solv}{x=0.686000}>,c1cc[nH]c1,c1ccccc1,openff-2.1.0,3,0.531523612268245,0.0375272022622138,0.5893,0.00385
23952,3162,dens_592296207180530796,852,Density,<Substance C1CCNCC1{solv}{x=0.250000}|O{solv}{x=0.750000}>,C1CCNCC1,O,openff-2.1.0,3,0.9116400271239126,0.0003541740522882,0.9379600000000002,0.000185
23953,3163,dhmix_598563182385523239,853,EnthalpyOfMixing,<Substance C1CCNCC1{solv}{x=0.750000}|O{solv}{x=0.250000}>,C1CCNCC1,O,openff-2.1.0,3,-0.7508763246898909,0.0407769491590804,-1.4628,0.02995
23954,3164,dens_1144696340343060729,854,Density,<Substance C1CCNCC1{solv}{x=0.500000}|O{solv}{x=0.500000}>,C1CCNCC1,O,openff-2.1.0,3,0.8892173557785845,0.000287310158061,0.90329,0.000235
23955,3165,dens_1551117370864361960,855,Density,<Substance C1CCNCC1{solv}{x=0.750000}|O{solv}{x=0.250000}>,C1CCNCC1,O,openff-2.1.0,3,0.8776298205479653,0.0001903568148877,0.8771300000000002,0.000285
23956,3166,dhmix_2023343497633678069,856,EnthalpyOfMixing,<Substance C1CCNCC1{solv}{x=0.500000}|O{solv}{x=0.500000}>,C1CCNCC1,O,openff-2.1.0,3,-1.0182032813428812,0.0367404009921319,-2.1379,0.04355
23957,3167,dhmix_2169709193905404129,857,EnthalpyOfMixing,<Substance C1CCNCC1{solv}{x=0.250000}|O{solv}{x=0.750000}>,C1CCNCC1,O,openff-2.1.0,3,-0.7247715495992395,0.0272300598204476,-1.9642,0.04065
23958,3168,dhmix_597694390671293228,858,EnthalpyOfMixing,<Substance C1CCCCC1{solv}{x=0.495000}|c1cc[nH]c1{solv}{x=0.505000}>,C1CCCCC1,c1cc[nH]c1,openff-2.1.0,3,1.634304802170476,0.0408464851404906,1.4275,0.00895
23959,3169,dens_1402964712081643759,859,Density,<Substance C1CCCCC1{solv}{x=0.281700}|c1cc[nH]c1{solv}{x=0.718300}>,C1CCCCC1,c1cc[nH]c1,openff-2.1.0,3,0.8879772292002776,0.0002667754225851,0.9082800000000002,0.00023
23960,3170,dens_1463337814181203578,860,Density,<Substance C1CCCCC1{solv}{x=0.925100}|c1cc[nH]c1{solv}{x=0.074900}>,C1CCCCC1,c1cc[nH]c1,openff-2.1.0,3,0.7663335059600592,0.0002190787913729,0.7860300000000001,0.00026
23961,3171,dens_1586039458655447443,861,Density,<Substance C1CCCCC1{solv}{x=0.494200}|c1cc[nH]c1{solv}{x=0.505800}>,C1CCCCC1,c1cc[nH]c1,openff-2.1.0,3,0.8376368831180662,0.0002448887861194,0.8661300000000002,0.000235
23962,3172,dhmix_1650717903260721901,862,EnthalpyOfMixing,<Substance C1CCCCC1{solv}{x=0.924800}|c1cc[nH]c1{solv}{x=0.075200}>,C1CCCCC1,c1cc[nH]c1,openff-2.1.0,3,0.8031180581996438,0.0450755646976015,0.7315,0.00535
23963,3173,dhmix_1709124910710738018,863,EnthalpyOfMixing,<Substance C1CCCCC1{solv}{x=0.281800}|c1cc[nH]c1{solv}{x=0.718200}>,C1CCCCC1,c1cc[nH]c1,openff-2.1.0,3,1.3171914823798971,0.0403135437931822,1.245,0.00795
23964,3174,dhmix_602003453564252918,864,EnthalpyOfMixing,<Substance COc1ccccc1{solv}{x=0.767000}|OCCc1ccccc1{solv}{x=0.233000}>,COc1ccccc1,OCCc1ccccc1,openff-2.1.0,3,0.8006571678605923,0.0490992457531188,1.1154,0.01195
23965,3175,dhmix_831666159864093343,865,EnthalpyOfMixing,<Substance COc1ccccc1{solv}{x=0.267800}|OCCc1ccccc1{solv}{x=0.732200}>,COc1ccccc1,OCCc1ccccc1,openff-2.1.0,3,0.8580668546752435,0.0503696595734555,0.688,0.00745
23966,3176,dhmix_1415130215717622630,866,EnthalpyOfMixing,<Substance COc1ccccc1{solv}{x=0.523200}|OCCc1ccccc1{solv}{x=0.476800}>,COc1ccccc1,OCCc1ccccc1,openff-2.1.0,3,0.7574576263082946,0.0483743589650446,1.0457,0.0112
23967,3177,dens_2018050376435813399,867,Density,<Substance COc1ccccc1{solv}{x=0.767300}|OCCc1ccccc1{solv}{x=0.232700}>,COc1ccccc1,OCCc1ccccc1,openff-2.1.0,3,0.978624207707369,0.0001695595361431,0.9869000000000002,0.00026
23968,3178,dens_2083067547090229321,868,Density,<Substance COc1ccccc1{solv}{x=0.524500}|OCCc1ccccc1{solv}{x=0.475500}>,COc1ccccc1,OCCc1ccccc1,openff-2.1.0,3,0.9878763201567368,0.000178190913394,0.9943600000000002,0.00026
23969,3179,dens_2108796896152795987,869,Density,<Substance COc1ccccc1{solv}{x=0.212100}|OCCc1ccccc1{solv}{x=0.787900}>,COc1ccccc1,OCCc1ccccc1,openff-2.1.0,3,0.9983748042268435,0.0001878540435057,1.0032600000000005,0.00026
23970,3180,dhmix_607389561715885318,870,EnthalpyOfMixing,<Substance CC(C)O{solv}{x=0.750600}|CCOC(=O)CC(=O)OCC{solv}{x=0.249400}>,CC(C)O,CCOC(=O)CC(=O)OCC,openff-2.1.0,3,1.9978132645570383,0.0417952080036835,1.955,0.021
23971,3181,dhmix_970997719035766241,871,EnthalpyOfMixing,<Substance CC(C)O{solv}{x=0.249200}|CCOC(=O)CC(=O)OCC{solv}{x=0.750800}>,CC(C)O,CCOC(=O)CC(=O)OCC,openff-2.1.0,3,1.501659793045235,0.051281169153855,1.804,0.0195
23972,3182,dens_1055220895195342210,872,Density,<Substance CC(C)O{solv}{x=0.700000}|CCOC(=O)CC(=O)OCC{solv}{x=0.300000}>,CC(C)O,CCOC(=O)CC(=O)OCC,openff-2.1.0,3,0.9259601771604417,0.0002145023753591,0.9013080000000002,0.000163
23973,3183,dens_1059428282849222105,873,Density,<Substance CC(C)O{solv}{x=0.500100}|CCOC(=O)CC(=O)OCC{solv}{x=0.499900}>,CC(C)O,CCOC(=O)CC(=O)OCC,openff-2.1.0,3,0.98084383888022,0.0002217213845048,0.9563730000000004,0.0001215
23974,3184,dhmix_2225069850502215858,874,EnthalpyOfMixing,<Substance CC(C)O{solv}{x=0.499700}|CCOC(=O)CC(=O)OCC{solv}{x=0.500300}>,CC(C)O,CCOC(=O)CC(=O)OCC,openff-2.1.0,3,2.234434603828362,0.0406995594650338,2.369,0.0255
23975,3185,dens_2227064517025896927,875,Density,<Substance CC(C)O{solv}{x=0.200000}|CCOC(=O)CC(=O)OCC{solv}{x=0.800000}>,CC(C)O,CCOC(=O)CC(=O)OCC,openff-2.1.0,3,1.040123798157109,0.0002224204185065,1.0176930000000002,0.000103
23976,3186,dhmix_614525131410782877,876,EnthalpyOfMixing,<Substance CCCCCC(C)=O{solv}{x=0.491300}|CCCCNCCCC{solv}{x=0.508700}>,CCCCCC(C)=O,CCCCNCCCC,openff-2.1.0,3,0.0200870149306808,0.0509598317852863,0.278,0.003
23977,3187,dhmix_1051001364116056564,877,EnthalpyOfMixing,<Substance CCCCCC(C)=O{solv}{x=0.781100}|CCCCNCCCC{solv}{x=0.218900}>,CCCCCC(C)=O,CCCCNCCCC,openff-2.1.0,3,0.0352768736767785,0.0530549617713059,0.164,0.002
23978,3188,dens_1087422962538109584,878,Density,<Substance CCCCCC(C)=O{solv}{x=0.449900}|CCCCNCCCC{solv}{x=0.550100}>,CCCCCC(C)=O,CCCCNCCCC,openff-2.1.0,3,0.7763628750529424,0.0001395403006523,0.7778490000000002,9.250000000000004e-05
23979,3189,dens_1830187222448876426,879,Density,<Substance CCCCCC(C)=O{solv}{x=0.209700}|CCCCNCCCC{solv}{x=0.790300}>,CCCCCC(C)=O,CCCCNCCCC,openff-2.1.0,3,0.7673552507766992,0.0001778893525331,0.7655110000000002,8.400000000000002e-05
23980,3190,dens_2113849591242853193,880,Density,<Substance CCCCCC(C)=O{solv}{x=0.750900}|CCCCNCCCC{solv}{x=0.249100}>,CCCCCC(C)=O,CCCCNCCCC,openff-2.1.0,3,0.7883308670699085,0.0001979801741708,0.7951660000000003,0.000105
23981,3191,dhmix_2131918011494960609,881,EnthalpyOfMixing,<Substance CCCCCC(C)=O{solv}{x=0.294700}|CCCCNCCCC{solv}{x=0.705300}>,CCCCCC(C)=O,CCCCNCCCC,openff-2.1.0,3,-0.0908311518343367,0.0542303919703721,0.256,0.003
23982,3192,dhmix_618866445574413387,882,EnthalpyOfMixing,<Substance C1CCOCC1{solv}{x=0.442500}|Cc1ccccc1C{solv}{x=0.557500}>,C1CCOCC1,Cc1ccccc1C,openff-2.1.0,3,0.0014943826762134,0.0418282302099491,-0.0342,0.0006
23983,3193,dens_643927890193937545,883,Density,<Substance C1CCOCC1{solv}{x=0.518700}|Cc1ccccc1C{solv}{x=0.481300}>,C1CCOCC1,Cc1ccccc1C,openff-2.1.0,3,0.865766524051064,0.0002294158806327,0.8779900000000003,0.0005
23984,3194,dhmix_1129414916141538177,884,EnthalpyOfMixing,<Substance C1CCOCC1{solv}{x=0.744300}|Cc1ccccc1C{solv}{x=0.255700}>,C1CCOCC1,Cc1ccccc1C,openff-2.1.0,3,0.008690302411594,0.0418570456517175,0.0421,0.00065
23985,3195,dens_1429468909820653032,885,Density,<Substance C1CCOCC1{solv}{x=0.231800}|Cc1ccccc1C{solv}{x=0.768200}>,C1CCOCC1,Cc1ccccc1C,openff-2.1.0,3,0.8610354968825407,0.0001601885139026,0.8770400000000002,0.0005
23986,3196,dens_1442497603142913792,886,Density,<Substance C1CCOCC1{solv}{x=0.772900}|Cc1ccccc1C{solv}{x=0.227100}>,C1CCOCC1,Cc1ccccc1C,openff-2.1.0,3,0.8704386396597176,0.0001687919684398,0.8787800000000002,0.000505
23987,3197,dhmix_2268256048157488415,887,EnthalpyOfMixing,<Substance C1CCOCC1{solv}{x=0.245400}|Cc1ccccc1C{solv}{x=0.754600}>,C1CCOCC1,Cc1ccccc1C,openff-2.1.0,3,-0.0278717949759652,0.0437644526341395,-0.0613,0.00085
23988,3198,dens_626398848152359169,888,Density,<Substance C1COCCN1{solv}{x=0.498000}|O{solv}{x=0.502000}>,C1COCCN1,O,openff-2.1.0,3,1.0428348683120476,0.0004800031779934,1.0255000000000003,0.00255
23989,3199,dhmix_773913810754342365,889,EnthalpyOfMixing,<Substance C1COCCN1{solv}{x=0.714900}|O{solv}{x=0.285100}>,C1COCCN1,O,openff-2.1.0,3,-1.3652492890705474,0.0348985380337765,-1.753,0.019
23990,3200,dhmix_1012297674499495059,890,EnthalpyOfMixing,<Substance C1COCCN1{solv}{x=0.201000}|O{solv}{x=0.799000}>,C1COCCN1,O,openff-2.1.0,3,-1.1264566490695636,0.0270873343495778,-2.758,0.0295
23991,3201,dens_1167008264969667349,891,Density,<Substance C1COCCN1{solv}{x=0.793000}|O{solv}{x=0.207000}>,C1COCCN1,O,openff-2.1.0,3,1.044765635167345,0.0002540554450943,1.0057000000000005,0.00245
23992,3202,dhmix_1871930573512426354,892,EnthalpyOfMixing,<Substance C1COCCN1{solv}{x=0.491100}|O{solv}{x=0.508900}>,C1COCCN1,O,openff-2.1.0,3,-2.055925522435473,0.0326222692431269,-3.131,0.0335
23993,3203,dens_2014911999593579414,893,Density,<Substance C1COCCN1{solv}{x=0.298000}|O{solv}{x=0.702000}>,C1COCCN1,O,openff-2.1.0,3,1.0320513066288186,0.0002907514576375,1.0309000000000004,0.00255
23994,3204,dens_627753907231278660,894,Density,<Substance CCC(C)=O{solv}{x=0.753100}|CCCNCCC{solv}{x=0.246900}>,CCC(C)=O,CCCNCCC,openff-2.1.0,3,0.763652152946332,0.0002461062090316,0.7771510000000001,0.000109
23995,3205,dens_674236159588910357,895,Density,<Substance CCC(C)=O{solv}{x=0.244600}|CCCNCCC{solv}{x=0.755400}>,CCC(C)=O,CCCNCCC,openff-2.1.0,3,0.7442317456277702,0.0002126152137407,0.7446230000000003,0.0001405
23996,3206,dhmix_749228177959685874,896,EnthalpyOfMixing,<Substance CCC(C)=O{solv}{x=0.235300}|CCCNCCC{solv}{x=0.764700}>,CCC(C)=O,CCCNCCC,openff-2.1.0,3,0.2024220043560944,0.0481298860585116,0.299,0.0035
23997,3207,dhmix_1706960823617656563,897,EnthalpyOfMixing,<Substance CCC(C)=O{solv}{x=0.698400}|CCCNCCC{solv}{x=0.301600}>,CCC(C)=O,CCCNCCC,openff-2.1.0,3,-0.035926710388253,0.0362318186984107,0.334,0.0035
23998,3208,dhmix_2102794241345605516,898,EnthalpyOfMixing,<Substance CCC(C)=O{solv}{x=0.505000}|CCCNCCC{solv}{x=0.495000}>,CCC(C)=O,CCCNCCC,openff-2.1.0,3,0.1213691192901862,0.0377636045986751,0.397,0.0045
23999,3209,dens_2224864308887622456,899,Density,<Substance CCC(C)=O{solv}{x=0.500600}|CCCNCCC{solv}{x=0.499400}>,CCC(C)=O,CCCNCCC,openff-2.1.0,3,0.7531631819476452,0.0002345266448314,0.7590400000000002,0.000125
24000,3210,dhmix_628329103086906726,900,EnthalpyOfMixing,<Substance CC1CCCCC1{solv}{x=0.250400}|CCCO{solv}{x=0.749600}>,CC1CCCCC1,CCCO,openff-2.1.0,3,0.5857180116957608,0.0297243865229295,0.321,0.0055
24001,3211,dhmix_989207392771680315,901,EnthalpyOfMixing,<Substance CC1CCCCC1{solv}{x=0.750500}|CCCO{solv}{x=0.249500}>,CC1CCCCC1,CCCO,openff-2.1.0,3,0.6947564792488663,0.0477453615085699,0.574,0.0055
24002,3212,dens_1351260115393741606,902,Density,<Substance CC1CCCCC1{solv}{x=0.503100}|CCCO{solv}{x=0.496900}>,CC1CCCCC1,CCCO,openff-2.1.0,3,0.7729652388038698,0.0002134712540254,0.7785600000000001,0.0039
24003,3213,dens_1376195506089851480,903,Density,<Substance CC1CCCCC1{solv}{x=0.202700}|CCCO{solv}{x=0.797300}>,CC1CCCCC1,CCCO,openff-2.1.0,3,0.7863636435019893,0.0002353662426726,0.7942000000000002,0.00398
24004,3214,dens_1501229836503112732,904,Density,<Substance CC1CCCCC1{solv}{x=0.799000}|CCCO{solv}{x=0.201000}>,CC1CCCCC1,CCCO,openff-2.1.0,3,0.7655785873735059,0.0001930653546941,0.7688300000000002,0.003855
24005,3215,dhmix_2109805019413953371,905,EnthalpyOfMixing,<Substance CC1CCCCC1{solv}{x=0.500400}|CCCO{solv}{x=0.499600}>,CC1CCCCC1,CCCO,openff-2.1.0,3,0.6630308122487207,0.0441573381937478,0.533,0.0055
24006,3216,dhmix_634764080264908666,906,EnthalpyOfMixing,<Substance OCCN1CCOCC1{solv}{x=0.498900}|O{solv}{x=0.501100}>,O,OCCN1CCOCC1,openff-2.1.0,3,-2.397942763233615,0.0392607689821098,-2.2633,0.02415
24007,3217,dens_707792343667224312,907,Density,<Substance OCCN1CCOCC1{solv}{x=0.246600}|O{solv}{x=0.753400}>,O,OCCN1CCOCC1,openff-2.1.0,3,1.0734223925947042,0.0003178311941456,1.0838100000000002,0.00154
24008,3218,dhmix_1064373607860850902,908,EnthalpyOfMixing,<Substance OCCN1CCOCC1{solv}{x=0.694900}|O{solv}{x=0.305100}>,O,OCCN1CCOCC1,openff-2.1.0,3,-2.138766115397317,0.0408496655996535,-1.7936,0.01915
24009,3219,dhmix_1846281306963870091,909,EnthalpyOfMixing,<Substance OCCN1CCOCC1{solv}{x=0.300200}|O{solv}{x=0.699800}>,O,OCCN1CCOCC1,openff-2.1.0,3,-1.816767454086829,0.0253454296453438,-2.426,0.026
24010,3220,dens_2238932092645470826,910,Density,<Substance OCCN1CCOCC1{solv}{x=0.743900}|O{solv}{x=0.256100}>,O,OCCN1CCOCC1,openff-2.1.0,3,1.095856584901268,0.0002076476580208,1.08031,0.001565
24011,3221,dens_2269173599223764079,911,Density,<Substance OCCN1CCOCC1{solv}{x=0.485200}|O{solv}{x=0.514800}>,O,OCCN1CCOCC1,openff-2.1.0,3,1.091536116937596,0.000228487209165,1.0866900000000004,0.00159
24012,3222,dhmix_636778454546345333,912,EnthalpyOfMixing,<Substance C1CCCCC1{solv}{x=0.506300}|CNc1ccccc1{solv}{x=0.493700}>,C1CCCCC1,CNc1ccccc1,openff-2.1.0,3,2.30246924450546,0.0405307030214198,1.628,0.0175
24013,3223,dens_1209163492396921559,913,Density,<Substance C1CCCCC1{solv}{x=0.247000}|CNc1ccccc1{solv}{x=0.753000}>,C1CCCCC1,CNc1ccccc1,openff-2.1.0,3,0.930145433779104,0.0002042569361981,0.9289450000000002,0.000272
24014,3224,dens_1438140901521078017,914,Density,<Substance C1CCCCC1{solv}{x=0.494500}|CNc1ccccc1{solv}{x=0.505500}>,C1CCCCC1,CNc1ccccc1,openff-2.1.0,3,0.8698446641744609,0.0002186476369655,0.8759620000000002,0.0001835
24015,3225,dens_1482697199055102595,915,Density,<Substance C1CCCCC1{solv}{x=0.746400}|CNc1ccccc1{solv}{x=0.253600}>,C1CCCCC1,CNc1ccccc1,openff-2.1.0,3,0.8113209765623478,0.0001967126201637,0.8233530000000001,0.000138
24016,3226,dhmix_1832297119731463766,916,EnthalpyOfMixing,<Substance C1CCCCC1{solv}{x=0.204700}|CNc1ccccc1{solv}{x=0.795300}>,C1CCCCC1,CNc1ccccc1,openff-2.1.0,3,1.430495670725808,0.0527948830196613,0.972,0.0105
24017,3227,dhmix_1889368397403208807,917,EnthalpyOfMixing,<Substance C1CCCCC1{solv}{x=0.706600}|CNc1ccccc1{solv}{x=0.293400}>,C1CCCCC1,CNc1ccccc1,openff-2.1.0,3,1.8988511584324783,0.0379417235555206,1.521,0.0165
24018,3228,dhmix_637657437173907469,918,EnthalpyOfMixing,<Substance CC(C)=O{solv}{x=0.709700}|CNc1ccccc1{solv}{x=0.290300}>,CC(C)=O,CNc1ccccc1,openff-2.1.0,3,-0.6654347312452131,0.0364610901733493,-0.525,0.0055
24019,3229,dhmix_817594693007274900,919,EnthalpyOfMixing,<Substance CC(C)=O{solv}{x=0.231600}|CNc1ccccc1{solv}{x=0.768400}>,CC(C)=O,CNc1ccccc1,openff-2.1.0,3,-0.6060651162967949,0.0442949510901504,-0.5,0.0055
24020,3230,dens_830664987854613197,920,Density,<Substance CC(C)=O{solv}{x=0.250300}|CNc1ccccc1{solv}{x=0.749700}>,CC(C)=O,CNc1ccccc1,openff-2.1.0,3,0.9571485456673288,0.0001848274536196,0.9502900000000002,0.0003395
24021,3231,dhmix_1052042310023734389,921,EnthalpyOfMixing,<Substance CC(C)=O{solv}{x=0.508600}|CNc1ccccc1{solv}{x=0.491400}>,CC(C)=O,CNc1ccccc1,openff-2.1.0,3,-0.7022517617011026,0.0384252287953344,-0.672,0.0075
24022,3232,dens_1302333367899693905,922,Density,<Substance CC(C)=O{solv}{x=0.750600}|CNc1ccccc1{solv}{x=0.249400}>,CC(C)=O,CNc1ccccc1,openff-2.1.0,3,0.849194861979183,0.0002422217935434,0.8565010000000002,0.000231
24023,3233,dens_1582643029733708616,923,Density,<Substance CC(C)=O{solv}{x=0.494800}|CNc1ccccc1{solv}{x=0.505200}>,CC(C)=O,CNc1ccccc1,openff-2.1.0,3,0.9109421858570484,0.000175013956399,0.9107940000000002,0.000263
24024,3234,dens_650566412384126439,924,Density,<Substance CC(C)CC(C)(C)C{solv}{x=0.158800}|CCCCC(=O)OC{solv}{x=0.841200}>,CC(C)CC(C)(C)C,CCCCC(=O)OC,openff-2.1.0,3,0.8531886153953245,0.0002015784706091,0.8463800000000002,0.000505
24025,3235,dhmix_986100941633296124,925,EnthalpyOfMixing,<Substance CC(C)CC(C)(C)C{solv}{x=0.481800}|CCCCC(=O)OC{solv}{x=0.518200}>,CC(C)CC(C)(C)C,CCCCC(=O)OC,openff-2.1.0,3,1.5029157306706509,0.0469017615182763,0.866,0.0095
24026,3236,dens_1095352626338523806,926,Density,<Substance CC(C)CC(C)(C)C{solv}{x=0.742500}|CCCCC(=O)OC{solv}{x=0.257500}>,CC(C)CC(C)(C)C,CCCCC(=O)OC,openff-2.1.0,3,0.7459986395875462,0.0002105180502048,0.7289800000000002,0.000505
24027,3237,dens_1260001645299629257,927,Density,<Substance CC(C)CC(C)(C)C{solv}{x=0.498400}|CCCCC(=O)OC{solv}{x=0.501600}>,CC(C)CC(C)(C)C,CCCCC(=O)OC,openff-2.1.0,3,0.7864745462947286,0.0002134133143864,0.7738400000000002,0.000505
24028,3238,dhmix_1505455794590867712,928,EnthalpyOfMixing,<Substance CC(C)CC(C)(C)C{solv}{x=0.158900}|CCCCC(=O)OC{solv}{x=0.841100}>,CC(C)CC(C)(C)C,CCCCC(=O)OC,openff-2.1.0,3,0.6442023088635125,0.0530076569097113,0.438,0.005
24029,3239,dhmix_1888614200283593194,929,EnthalpyOfMixing,<Substance CC(C)CC(C)(C)C{solv}{x=0.781300}|CCCCC(=O)OC{solv}{x=0.218700}>,CC(C)CC(C)(C)C,CCCCC(=O)OC,openff-2.1.0,3,1.078214639113753,0.0511014707651222,0.658,0.007
24030,3240,dhmix_657900975986635712,930,EnthalpyOfMixing,<Substance Cc1ccccc1N{solv}{x=0.782700}|Cc1ccncc1{solv}{x=0.217300}>,Cc1ccccc1N,Cc1ccncc1,openff-2.1.0,3,-1.0639799121971834,0.0522919722327704,-0.8885,0.0182
24031,3241,dhmix_727678512066874384,931,EnthalpyOfMixing,<Substance Cc1ccccc1N{solv}{x=0.478300}|Cc1ccncc1{solv}{x=0.521700}>,Cc1ccccc1N,Cc1ccncc1,openff-2.1.0,3,-1.783651838166996,0.0437318552965407,-1.4295,0.0291
24032,3242,dhmix_860941552641107708,932,EnthalpyOfMixing,<Substance Cc1ccccc1N{solv}{x=0.271500}|Cc1ccncc1{solv}{x=0.728500}>,Cc1ccccc1N,Cc1ccncc1,openff-2.1.0,3,-1.4970594708506866,0.045364566860994,-1.1791,0.02405
24033,3243,dens_1148106102021344214,933,Density,<Substance Cc1ccccc1N{solv}{x=0.265500}|Cc1ccncc1{solv}{x=0.734500}>,Cc1ccccc1N,Cc1ccncc1,openff-2.1.0,3,0.9717850585009709,0.0002541650568567,0.9662520000000002,0.00012
24034,3244,dens_1294189007890656769,934,Density,<Substance Cc1ccccc1N{solv}{x=0.486300}|Cc1ccncc1{solv}{x=0.513700}>,Cc1ccccc1N,Cc1ccncc1,openff-2.1.0,3,0.987743715639828,0.0002158368824992,0.9765780000000002,0.000119
24035,3245,dens_1461384477504239974,935,Density,<Substance Cc1ccccc1N{solv}{x=0.767400}|Cc1ccncc1{solv}{x=0.232600}>,Cc1ccccc1N,Cc1ccncc1,openff-2.1.0,3,1.006872225472618,0.0001947960515572,0.9868740000000004,0.000118
24036,3246,dens_671712471159959715,936,Density,<Substance CCCCCCN{solv}{x=0.294400}|CN(C)C=O{solv}{x=0.705600}>,CCCCCCN,CN(C)C=O,openff-2.1.0,3,0.8631340545190781,0.0002464166663479,0.8676880000000002,0.001057
24037,3247,dhmix_791979567859859400,937,EnthalpyOfMixing,<Substance CCCCCCN{solv}{x=0.747800}|CN(C)C=O{solv}{x=0.252200}>,CCCCCCN,CN(C)C=O,openff-2.1.0,3,0.396200900648779,0.0501569714952164,0.461,0.015
24038,3248,dens_812907294215791908,938,Density,<Substance CCCCCCN{solv}{x=0.450000}|CN(C)C=O{solv}{x=0.550000}>,CCCCCCN,CN(C)C=O,openff-2.1.0,3,0.8396616190926657,0.0002037422360213,0.8367510000000001,0.001016
24039,3249,dhmix_1553880519684715156,939,EnthalpyOfMixing,<Substance CCCCCCN{solv}{x=0.249700}|CN(C)C=O{solv}{x=0.750300}>,CCCCCCN,CN(C)C=O,openff-2.1.0,3,0.3108058603703085,0.041600307596498,0.51,0.0165
24040,3250,dens_1658157305664412923,940,Density,<Substance CCCCCCN{solv}{x=0.745200}|CN(C)C=O{solv}{x=0.254800}>,CCCCCCN,CN(C)C=O,openff-2.1.0,3,0.8033860380569507,0.0002118592920585,0.7905460000000002,0.0009575
24041,3251,dhmix_2271922176351407084,941,EnthalpyOfMixing,<Substance CCCCCCN{solv}{x=0.499700}|CN(C)C=O{solv}{x=0.500300}>,CCCCCCN,CN(C)C=O,openff-2.1.0,3,0.4326446348292307,0.0347763220601611,0.661,0.02
24042,3252,dhmix_676105854791415053,942,EnthalpyOfMixing,<Substance C=C(C)[C@H]1CC=C(C)CC1{solv}{x=0.540000}|CCCCCO{solv}{x=0.460000}>,C=C(C)[C@H]1CC=C(C)CC1,CCCCCO,openff-2.1.0,3,0.8480484154548122,0.0527664596904039,0.858,0.0345
24043,3253,dhmix_865539540276734208,943,EnthalpyOfMixing,<Substance C=C(C)[C@H]1CC=C(C)CC1{solv}{x=0.766000}|CCCCCO{solv}{x=0.234000}>,C=C(C)[C@H]1CC=C(C)CC1,CCCCCO,openff-2.1.0,3,1.0555931368227789,0.051893731530401,0.782,0.0315
24044,3254,dens_1544700949225348296,944,Density,<Substance C=C(C)[C@H]1CC=C(C)CC1{solv}{x=0.263500}|CCCCCO{solv}{x=0.736500}>,C=C(C)[C@H]1CC=C(C)CC1,CCCCCO,openff-2.1.0,3,0.8179681889643399,0.0001696270783844,0.8238000000000002,0.0002
24045,3255,dens_1638649899512334435,945,Density,<Substance C=C(C)[C@H]1CC=C(C)CC1{solv}{x=0.543500}|CCCCCO{solv}{x=0.456500}>,C=C(C)[C@H]1CC=C(C)CC1,CCCCCO,openff-2.1.0,3,0.8198207234266788,0.0002031711869079,0.8312000000000003,0.0003
24046,3256,dens_2014432371647189246,946,Density,<Substance C=C(C)[C@H]1CC=C(C)CC1{solv}{x=0.725200}|CCCCCO{solv}{x=0.274800}>,C=C(C)[C@H]1CC=C(C)CC1,CCCCCO,openff-2.1.0,3,0.8214680958627288,0.000131046896955,0.8354000000000001,0.00035
24047,3257,dhmix_2293008983270202716,947,EnthalpyOfMixing,<Substance C=C(C)[C@H]1CC=C(C)CC1{solv}{x=0.272000}|CCCCCO{solv}{x=0.728000}>,C=C(C)[C@H]1CC=C(C)CC1,CCCCCO,openff-2.1.0,3,0.6524837728424018,0.0486911718557425,0.532,0.0215
24048,3258,dens_680086766431069719,948,Density,<Substance CN1CCNCC1{solv}{x=0.209100}|O{solv}{x=0.790900}>,CN1CCNCC1,O,openff-2.1.0,3,0.9974190761683036,0.0003285361504702,1.0013300000000005,4.000000000000001e-05
24049,3259,dhmix_979415629850644100,949,EnthalpyOfMixing,<Substance CN1CCNCC1{solv}{x=0.199800}|O{solv}{x=0.800200}>,CN1CCNCC1,O,openff-2.1.0,3,-3.3403963938900176,0.0248445358595649,-4.495,0.048
24050,3260,dhmix_1386641258873877278,950,EnthalpyOfMixing,<Substance CN1CCNCC1{solv}{x=0.792600}|O{solv}{x=0.207400}>,CN1CCNCC1,O,openff-2.1.0,3,-1.3711364251048792,0.0481227848690499,-1.753,0.019
24051,3261,dhmix_1572121970391530461,951,EnthalpyOfMixing,<Substance CN1CCNCC1{solv}{x=0.550000}|O{solv}{x=0.450000}>,CN1CCNCC1,O,openff-2.1.0,3,-2.9974959314315583,0.0426920840310842,-3.547,0.038
24052,3262,dens_1756096179620961699,952,Density,<Substance CN1CCNCC1{solv}{x=0.510900}|O{solv}{x=0.489100}>,CN1CCNCC1,O,openff-2.1.0,3,0.974604558630046,0.0003767331771319,0.9464100000000002,7.000000000000002e-05
24053,3263,dens_1892970147583328629,953,Density,<Substance CN1CCNCC1{solv}{x=0.706500}|O{solv}{x=0.293500}>,CN1CCNCC1,O,openff-2.1.0,3,0.96788677878244,0.0004326193895721,0.9223100000000002,8.500000000000002e-05
24054,3264,dhmix_681274412655414068,954,EnthalpyOfMixing,<Substance CCCOC(=O)CC{solv}{x=0.739400}|Cc1ccccc1{solv}{x=0.260600}>,CCCOC(=O)CC,Cc1ccccc1,openff-2.1.0,3,-0.1296522518393246,0.0492789543364134,-0.1135,0.0033
24055,3265,dhmix_720914323963600437,955,EnthalpyOfMixing,<Substance CCCOC(=O)CC{solv}{x=0.238900}|Cc1ccccc1{solv}{x=0.761100}>,CCCOC(=O)CC,Cc1ccccc1,openff-2.1.0,3,-0.24696802015184,0.0351255836966923,-0.1404,0.0037
24056,3266,dens_1397630560016316656,956,Density,<Substance CCCOC(=O)CC{solv}{x=0.274700}|Cc1ccccc1{solv}{x=0.725300}>,CCCOC(=O)CC,Cc1ccccc1,openff-2.1.0,3,0.8622163276592557,0.0002217267428329,0.8675700000000003,0.00018
24057,3267,dhmix_1646061995263935606,957,EnthalpyOfMixing,<Substance CCCOC(=O)CC{solv}{x=0.548600}|Cc1ccccc1{solv}{x=0.451400}>,CCCOC(=O)CC,Cc1ccccc1,openff-2.1.0,3,-0.2702025561877619,0.0414103390406587,-0.1583,0.004
24058,3268,dens_1792064777238352129,958,Density,<Substance CCCOC(=O)CC{solv}{x=0.490700}|Cc1ccccc1{solv}{x=0.509300}>,CCCOC(=O)CC,Cc1ccccc1,openff-2.1.0,3,0.8683777168566826,0.0002150156250375,0.8707300000000002,0.00019
24059,3269,dens_1826904081955826008,959,Density,<Substance CCCOC(=O)CC{solv}{x=0.734600}|Cc1ccccc1{solv}{x=0.265400}>,CCCOC(=O)CC,Cc1ccccc1,openff-2.1.0,3,0.8735634812253003,0.0002247763421245,0.8734100000000001,0.00021
24060,3270,dens_685747331874801159,960,Density,<Substance CN1CCOCC1{solv}{x=0.498300}|O{solv}{x=0.501700}>,CN1CCOCC1,O,openff-2.1.0,3,0.9774533525172526,0.0002998382684785,0.9627600000000002,0.00084
24061,3271,dens_1087644349445114282,961,Density,<Substance CN1CCOCC1{solv}{x=0.253800}|O{solv}{x=0.746200}>,CN1CCOCC1,O,openff-2.1.0,3,0.9853748155237056,0.0003467114683634,0.9918800000000002,0.00059
24062,3272,dens_1374975991061431070,962,Density,<Substance CN1CCOCC1{solv}{x=0.758700}|O{solv}{x=0.241300}>,CN1CCOCC1,O,openff-2.1.0,3,0.9661215663990572,0.0002006142686879,0.9345300000000002,0.00112
24063,3273,dhmix_686592400130667234,963,EnthalpyOfMixing,<Substance BrCCCBr{solv}{x=0.231300}|COC(C)=O{solv}{x=0.768700}>,BrCCCBr,COC(C)=O,openff-2.1.0,3,0.3037386210137427,0.0385032730337767,0.2115,0.0024
24064,3274,dhmix_691866222529030049,964,EnthalpyOfMixing,<Substance BrCCCBr{solv}{x=0.504200}|COC(C)=O{solv}{x=0.495800}>,BrCCCBr,COC(C)=O,openff-2.1.0,3,0.3811092941520488,0.0345178113093519,0.3912,0.0038
24065,3275,dens_1032175440351342196,965,Density,<Substance BrCCCBr{solv}{x=0.243500}|COC(C)=O{solv}{x=0.756500}>,BrCCCBr,COC(C)=O,openff-2.1.0,3,1.2309589398356882,0.0003725941036459,1.2277600000000002,0.00096
24066,3276,dens_1180265274183315765,966,Density,<Substance BrCCCBr{solv}{x=0.713800}|COC(C)=O{solv}{x=0.286200}>,BrCCCBr,COC(C)=O,openff-2.1.0,3,1.68591281045053,0.0006039639684127,1.7174300000000005,0.002745
24067,3277,dhmix_1380172638999588939,967,EnthalpyOfMixing,<Substance BrCCCBr{solv}{x=0.759400}|COC(C)=O{solv}{x=0.240600}>,BrCCCBr,COC(C)=O,openff-2.1.0,3,0.211997633818104,0.0373361579322156,0.313,0.0032
24068,3278,dens_1697077234757321859,968,Density,<Substance BrCCCBr{solv}{x=0.525600}|COC(C)=O{solv}{x=0.474400}>,BrCCCBr,COC(C)=O,openff-2.1.0,3,1.5180745707204109,0.0004814426391601,1.5338800000000006,0.001965
24069,3279,dens_693154680723850561,969,Density,<Substance CN1CCCC1=O{solv}{x=0.756400}|Cc1ccccc1{solv}{x=0.243600}>,CN1CCCC1=O,Cc1ccccc1,openff-2.1.0,3,0.9621363796486688,0.0002167230154214,0.9854500000000004,0.00034
24070,3280,dhmix_1759507684169085916,970,EnthalpyOfMixing,<Substance CN1CCCC1=O{solv}{x=0.741800}|Cc1ccccc1{solv}{x=0.258200}>,CN1CCCC1=O,Cc1ccccc1,openff-2.1.0,3,-0.0045764367931866,0.043313510709179,-0.2141,0.0024
24071,3281,dens_1796497685752507694,971,Density,<Substance CN1CCCC1=O{solv}{x=0.481500}|Cc1ccccc1{solv}{x=0.518500}>,CN1CCCC1=O,Cc1ccccc1,openff-2.1.0,3,0.9224385288017368,0.0002246066167862,0.9415400000000002,0.00028
24072,3282,dhmix_1857599089574133884,972,EnthalpyOfMixing,<Substance CN1CCCC1=O{solv}{x=0.223100}|Cc1ccccc1{solv}{x=0.776900}>,CN1CCCC1=O,Cc1ccccc1,openff-2.1.0,3,-0.0486293487415565,0.042595235398113,-0.1889,0.00215
24073,3283,dens_1886489466266398819,973,Density,<Substance CN1CCCC1=O{solv}{x=0.221600}|Cc1ccccc1{solv}{x=0.778400}>,CN1CCCC1=O,Cc1ccccc1,openff-2.1.0,3,0.8925995540190513,0.000231830510874,0.9061600000000002,0.00076
24074,3284,dhmix_2238554893157725289,974,EnthalpyOfMixing,<Substance CN1CCCC1=O{solv}{x=0.482100}|Cc1ccccc1{solv}{x=0.517900}>,CN1CCCC1=O,Cc1ccccc1,openff-2.1.0,3,-0.0709775319212582,0.0421364583990694,-0.2985,0.0033
24075,3285,dens_717951284355382404,975,Density,<Substance CN1CCCC1=O{solv}{x=0.702300}|ClCCCCCCCl{solv}{x=0.297700}>,CN1CCCC1=O,ClCCCCCCCl,openff-2.1.0,3,1.0272627057430457,0.0002006849114737,1.0416,0.0003
24076,3286,dhmix_859697969059379656,976,EnthalpyOfMixing,<Substance CN1CCCC1=O{solv}{x=0.503000}|ClCCCCCCCl{solv}{x=0.497000}>,CN1CCCC1=O,ClCCCCCCCl,openff-2.1.0,3,0.2002448829783816,0.0466719300179048,-0.2,0.0025
24077,3287,dhmix_916885053388204545,977,EnthalpyOfMixing,<Substance CN1CCCC1=O{solv}{x=0.212000}|ClCCCCCCCl{solv}{x=0.788000}>,CN1CCCC1=O,ClCCCCCCCl,openff-2.1.0,3,0.0704364496912433,0.0519202416471516,-0.13,0.002
24078,3288,dens_1483670447992291960,978,Density,<Substance CN1CCCC1=O{solv}{x=0.201600}|ClCCCCCCCl{solv}{x=0.798400}>,CN1CCCC1=O,ClCCCCCCCl,openff-2.1.0,3,1.0571080937696582,0.0002176129785858,1.0584000000000005,0.00055
24079,3289,dens_1896555095774116819,979,Density,<Substance CN1CCCC1=O{solv}{x=0.504900}|ClCCCCCCCl{solv}{x=0.495100}>,CN1CCCC1=O,ClCCCCCCCl,openff-2.1.0,3,1.0404994184585914,0.0002583263446974,1.0490000000000002,0.00035
24080,3290,dhmix_2039443272323887912,980,EnthalpyOfMixing,<Substance CN1CCCC1=O{solv}{x=0.797000}|ClCCCCCCCl{solv}{x=0.203000}>,CN1CCCC1=O,ClCCCCCCCl,openff-2.1.0,3,0.167499388647073,0.0479661048026797,-0.123,0.002
24081,3291,dhmix_729169544598225866,981,EnthalpyOfMixing,<Substance CN(C)C=O{solv}{x=0.203000}|ClCCCCCCCl{solv}{x=0.797000}>,CN(C)C=O,ClCCCCCCCl,openff-2.1.0,3,0.4312496124386342,0.0407146829551043,0.195,0.0025
24082,3292,dhmix_1359105787212172230,982,EnthalpyOfMixing,<Substance CN(C)C=O{solv}{x=0.796000}|ClCCCCCCCl{solv}{x=0.204000}>,CN(C)C=O,ClCCCCCCCl,openff-2.1.0,3,0.4147369271381294,0.038940038265848,0.24,0.0025
24083,3293,dhmix_1534380829757525169,983,EnthalpyOfMixing,<Substance CN(C)C=O{solv}{x=0.498000}|ClCCCCCCCl{solv}{x=0.502000}>,CN(C)C=O,ClCCCCCCCl,openff-2.1.0,3,0.734449715148159,0.0416054809309886,0.34,0.0025
24084,3294,dens_1752369236407148840,984,Density,<Substance CN(C)C=O{solv}{x=0.503300}|ClCCCCCCCl{solv}{x=0.496700}>,CN(C)C=O,ClCCCCCCCl,openff-2.1.0,3,1.0113245319971491,0.0001745415538469,1.0190000000000003,0.00155
24085,3295,dens_2070195997725277466,985,Density,<Substance CN(C)C=O{solv}{x=0.703400}|ClCCCCCCCl{solv}{x=0.296600}>,CN(C)C=O,ClCCCCCCCl,openff-2.1.0,3,0.9805537679408642,0.000256403730033,0.9943000000000002,0.0017
24086,3296,dens_2171945276872385012,986,Density,<Substance CN(C)C=O{solv}{x=0.201300}|ClCCCCCCCl{solv}{x=0.798700}>,CN(C)C=O,ClCCCCCCCl,openff-2.1.0,3,1.0469984242413783,0.0002368425334352,1.0486000000000002,0.0014
24087,3297,dens_741100297092592576,987,Density,<Substance C1CCCCC1{solv}{x=0.265900}|C1CCOCC1{solv}{x=0.734100}>,C1CCCCC1,C1CCOCC1,openff-2.1.0,3,0.8396433435165216,0.0002300830397334,0.8470300000000002,0.000505
24088,3298,dens_1002639246322609242,988,Density,<Substance C1CCCCC1{solv}{x=0.762200}|C1CCOCC1{solv}{x=0.237800}>,C1CCCCC1,C1CCOCC1,openff-2.1.0,3,0.7815012513575239,0.0001788344361457,0.7952000000000002,0.000505
24089,3299,dhmix_1171155554844966705,989,EnthalpyOfMixing,<Substance C1CCCCC1{solv}{x=0.247100}|C1CCOCC1{solv}{x=0.752900}>,C1CCCCC1,C1CCOCC1,openff-2.1.0,3,0.5063997109012917,0.0463950978795198,0.3613,0.00395
24090,3300,dens_2142973677177666085,990,Density,<Substance C1CCCCC1{solv}{x=0.501800}|C1CCOCC1{solv}{x=0.498200}>,C1CCCCC1,C1CCOCC1,openff-2.1.0,3,0.810675536782973,0.0002330826520872,0.8211500000000002,0.000505
24091,3301,dhmix_2195791820105752985,991,EnthalpyOfMixing,<Substance C1CCCCC1{solv}{x=0.726600}|C1CCOCC1{solv}{x=0.273400}>,C1CCCCC1,C1CCOCC1,openff-2.1.0,3,0.6131329802127539,0.0464269994123797,0.4424,0.00485
24092,3302,dhmix_2296999979529762407,992,EnthalpyOfMixing,<Substance C1CCCCC1{solv}{x=0.499000}|C1CCOCC1{solv}{x=0.501000}>,C1CCCCC1,C1CCOCC1,openff-2.1.0,3,0.7634891275832558,0.044047523445699,0.526,0.0055
24093,3303,dhmix_744994939606384802,993,EnthalpyOfMixing,<Substance CO{solv}{x=0.300000}|O{solv}{x=0.700000}>,CO,O,openff-2.1.0,3,0.1136522000937176,0.0178518062399772,-0.85,0.005
24094,3304,dens_1085345433585028387,994,Density,<Substance CO{solv}{x=0.499700}|O{solv}{x=0.500300}>,CO,O,openff-2.1.0,3,0.84151288136565,0.0004876665008601,0.8816900000000003,0.000165
24095,3305,dhmix_1126710771921470495,995,EnthalpyOfMixing,<Substance CO{solv}{x=0.700000}|O{solv}{x=0.300000}>,CO,O,openff-2.1.0,3,0.050157985278759,0.0273299355435917,-0.583,0.0035
24096,3306,dens_1258832080354057572,996,Density,<Substance CO{solv}{x=0.300300}|O{solv}{x=0.699700}>,CO,O,openff-2.1.0,3,0.8871129616481055,0.0004969268859109,0.9252100000000004,0.000125
24097,3307,dens_1758371820245200558,997,Density,<Substance CO{solv}{x=0.760500}|O{solv}{x=0.239500}>,CO,O,openff-2.1.0,3,0.7986828589919349,0.0004694726545679,0.8289000000000002,0.0001
24098,3308,dhmix_1824296469249495553,998,EnthalpyOfMixing,<Substance CO{solv}{x=0.500000}|O{solv}{x=0.500000}>,CO,O,openff-2.1.0,3,0.1016127410034766,0.0232864105488724,-0.777,0.0045
24099,3309,dhmix_753952445434773754,999,EnthalpyOfMixing,<Substance CCCCCCCCCl{solv}{x=0.493000}|CN1CCCC1=O{solv}{x=0.507000}>,CCCCCCCCCl,CN1CCCC1=O,openff-2.1.0,3,1.194604406150546,0.0479826890002583,0.638,0.0035
24100,3310,dhmix_1273186684325800862,1000,EnthalpyOfMixing,<Substance CCCCCCCCCl{solv}{x=0.783000}|CN1CCCC1=O{solv}{x=0.217000}>,CCCCCCCCCl,CN1CCCC1=O,openff-2.1.0,3,0.722532226616849,0.0533921239603297,0.371,0.003
24101,3311,dhmix_1457789704046029008,1001,EnthalpyOfMixing,<Substance CCCCCCCCCl{solv}{x=0.202000}|CN1CCCC1=O{solv}{x=0.798000}>,CCCCCCCCCl,CN1CCCC1=O,openff-2.1.0,3,0.8262358336369076,0.0481737435676067,0.5,0.0035
24102,3312,dens_1965529278608066299,1002,Density,<Substance CCCCCCCCCl{solv}{x=0.299500}|CN1CCCC1=O{solv}{x=0.700500}>,CCCCCCCCCl,CN1CCCC1=O,openff-2.1.0,3,0.9454341901527662,0.0001305045703801,0.9598000000000002,0.00025
24103,3313,dens_2167805246575708222,1003,Density,<Substance CCCCCCCCCl{solv}{x=0.798600}|CN1CCCC1=O{solv}{x=0.201400}>,CCCCCCCCCl,CN1CCCC1=O,openff-2.1.0,3,0.8845767171993848,0.0001976833612509,0.8888000000000001,0.00055
24104,3314,dens_2177162670107081086,1004,Density,<Substance CCCCCCCCCl{solv}{x=0.497900}|CN1CCCC1=O{solv}{x=0.502100}>,CCCCCCCCCl,CN1CCCC1=O,openff-2.1.0,3,0.917208845161553,0.0001974015689187,0.9269000000000002,0.00035
24105,3315,dhmix_756380521637559100,1005,EnthalpyOfMixing,<Substance C1COCCO1{solv}{x=0.500000}|O=C1CCCCC1{solv}{x=0.500000}>,C1COCCO1,O=C1CCCCC1,openff-2.1.0,3,0.1379306036373719,0.0412749588877805,0.28584,0.00154
24106,3316,dens_1139761443535371798,1006,Density,<Substance C1COCCO1{solv}{x=0.459400}|O=C1CCCCC1{solv}{x=0.540600}>,C1COCCO1,O=C1CCCCC1,openff-2.1.0,3,0.965519504568152,0.0002190923184823,0.9762000000000004,0.00025
24107,3317,dhmix_1367833850972054360,1007,EnthalpyOfMixing,<Substance C1COCCO1{solv}{x=0.750000}|O=C1CCCCC1{solv}{x=0.250000}>,C1COCCO1,O=C1CCCCC1,openff-2.1.0,3,0.1108913029201943,0.0430036414811009,0.23662,0.001355
24108,3318,dhmix_1533665710565492443,1008,EnthalpyOfMixing,<Substance C1COCCO1{solv}{x=0.250000}|O=C1CCCCC1{solv}{x=0.750000}>,C1COCCO1,O=C1CCCCC1,openff-2.1.0,3,0.06770616584528,0.0419250058772037,0.20076,0.00121
24109,3319,dens_1556646832168598904,1009,Density,<Substance C1COCCO1{solv}{x=0.797800}|O=C1CCCCC1{solv}{x=0.202200}>,C1COCCO1,O=C1CCCCC1,openff-2.1.0,3,1.0082869095958662,0.0001993264830776,1.0062000000000002,0.00025
24110,3320,dens_1806066395455679216,1010,Density,<Substance C1COCCO1{solv}{x=0.272000}|O=C1CCCCC1{solv}{x=0.728000}>,C1COCCO1,O=C1CCCCC1,openff-2.1.0,3,0.9465137169607232,0.000235622725654,0.9614000000000004,0.00025
24111,3321,dhmix_781473821930081125,1011,EnthalpyOfMixing,<Substance CCOc1ccccc1{solv}{x=0.765100}|OCc1ccccc1{solv}{x=0.234900}>,CCOc1ccccc1,OCc1ccccc1,openff-2.1.0,3,0.8606343167392012,0.0498837551916037,1.083,0.0116
24112,3322,dhmix_966435122735090568,1012,EnthalpyOfMixing,<Substance CCOc1ccccc1{solv}{x=0.063600}|OCc1ccccc1{solv}{x=0.936400}>,CCOc1ccccc1,OCc1ccccc1,openff-2.1.0,3,0.1975549688586255,0.0576148646448797,0.1901,0.00225
24113,3323,dens_1184318999137642715,1013,Density,<Substance CCOc1ccccc1{solv}{x=0.064200}|OCc1ccccc1{solv}{x=0.935800}>,CCOc1ccccc1,OCc1ccccc1,openff-2.1.0,3,1.0244961827302574,0.0001907395424781,1.02761,0.00011
24114,3324,dhmix_1518701992890040137,1014,EnthalpyOfMixing,<Substance CCOc1ccccc1{solv}{x=0.549900}|OCc1ccccc1{solv}{x=0.450100}>,CCOc1ccccc1,OCc1ccccc1,openff-2.1.0,3,1.0218511744835157,0.0452587699886201,1.0561,0.01135
24115,3325,dens_1575045736805268459,1015,Density,<Substance CCOc1ccccc1{solv}{x=0.459800}|OCc1ccccc1{solv}{x=0.540200}>,CCOc1ccccc1,OCc1ccccc1,openff-2.1.0,3,0.9882755967102916,0.0001699595966494,0.9925100000000002,0.00016
24116,3326,dens_2214650701288997434,1016,Density,<Substance CCOc1ccccc1{solv}{x=0.757200}|OCc1ccccc1{solv}{x=0.242800}>,CCOc1ccccc1,OCc1ccccc1,openff-2.1.0,3,0.9643123617557352,0.0002024381799485,0.9686500000000002,0.000215
24117,3327,dens_800807749587668066,1017,Density,<Substance C1CCOCC1{solv}{x=0.733600}|c1ccncc1{solv}{x=0.266400}>,C1CCOCC1,c1ccncc1,openff-2.1.0,3,0.8902744317948449,0.0002513036480269,0.8933350000000002,0.000358
24118,3328,dhmix_836757145941804043,1018,EnthalpyOfMixing,<Substance C1CCOCC1{solv}{x=0.291500}|c1ccncc1{solv}{x=0.708500}>,C1CCOCC1,c1ccncc1,openff-2.1.0,3,0.1077670174077383,0.0390963436697089,0.0898,0.00095
24119,3329,dhmix_1003039131395935786,1019,EnthalpyOfMixing,<Substance C1CCOCC1{solv}{x=0.536300}|c1ccncc1{solv}{x=0.463700}>,C1CCOCC1,c1ccncc1,openff-2.1.0,3,0.0804931504947674,0.0409511987236846,0.1573,0.0013
24120,3330,dens_1859030547600172702,1020,Density,<Substance C1CCOCC1{solv}{x=0.241500}|c1ccncc1{solv}{x=0.758500}>,C1CCOCC1,c1ccncc1,openff-2.1.0,3,0.9528755127054894,0.000197617930902,0.9525650000000004,0.000212
24121,3331,dhmix_2191254706131659314,1021,EnthalpyOfMixing,<Substance C1CCOCC1{solv}{x=0.734400}|c1ccncc1{solv}{x=0.265600}>,C1CCOCC1,c1ccncc1,openff-2.1.0,3,0.1501755805054045,0.0428014216296685,0.1564,0.0013
24122,3332,dens_2239470871208865925,1022,Density,<Substance C1CCOCC1{solv}{x=0.536400}|c1ccncc1{solv}{x=0.463600}>,C1CCOCC1,c1ccncc1,openff-2.1.0,3,0.9100589250705684,0.0002722954351256,0.9124250000000002,0.0002965
24123,3333,dens_801655585640229277,1023,Density,<Substance C1CCOCC1{solv}{x=0.777600}|CCCC(C)=O{solv}{x=0.222400}>,C1CCOCC1,CCCC(C)=O,openff-2.1.0,3,0.8525416499966377,0.0001766994364911,0.8602600000000002,0.000225
24124,3334,dhmix_1175081460677389458,1024,EnthalpyOfMixing,<Substance C1CCOCC1{solv}{x=0.250000}|CCCC(C)=O{solv}{x=0.750000}>,C1CCOCC1,CCCC(C)=O,openff-2.1.0,3,0.1528039725514567,0.0377303388402454,0.06014,0.00063
24125,3335,dens_1481139606755572767,1025,Density,<Substance C1CCOCC1{solv}{x=0.236100}|CCCC(C)=O{solv}{x=0.763900}>,C1CCOCC1,CCCC(C)=O,openff-2.1.0,3,0.8027146976971826,0.000222506769075,0.8183900000000002,0.000215
24126,3336,dhmix_1531586108535895092,1026,EnthalpyOfMixing,<Substance C1CCOCC1{solv}{x=0.750000}|CCCC(C)=O{solv}{x=0.250000}>,C1CCOCC1,CCCC(C)=O,openff-2.1.0,3,0.1756524915920039,0.0419979348109915,0.08245,0.000715
24127,3337,dhmix_2074691820693967219,1027,EnthalpyOfMixing,<Substance C1CCOCC1{solv}{x=0.500000}|CCCC(C)=O{solv}{x=0.500000}>,C1CCOCC1,CCCC(C)=O,openff-2.1.0,3,0.2189776323247869,0.0423611837508382,0.09128,0.000745
24128,3338,dens_2180187104403779312,1028,Density,<Substance C1CCOCC1{solv}{x=0.504600}|CCCC(C)=O{solv}{x=0.495400}>,C1CCOCC1,CCCC(C)=O,openff-2.1.0,3,0.826618310772999,0.0002227484999086,0.8386000000000002,0.00022
24129,3339,dhmix_814516627068967115,1029,EnthalpyOfMixing,<Substance CCCOC=O{solv}{x=0.230800}|ClCCCCl{solv}{x=0.769200}>,CCCOC=O,ClCCCCl,openff-2.1.0,3,0.2684230900704634,0.0396607991627951,-0.054,0.001
24130,3340,dens_853749747181024442,1030,Density,<Substance CCCOC=O{solv}{x=0.525500}|ClCCCCl{solv}{x=0.474500}>,CCCOC=O,ClCCCCl,openff-2.1.0,3,1.0399801230062462,0.000296883465562,1.0302400000000005,0.00176
24131,3341,dhmix_1623640482466530427,1031,EnthalpyOfMixing,<Substance CCCOC=O{solv}{x=0.750900}|ClCCCCl{solv}{x=0.249100}>,CCCOC=O,ClCCCCl,openff-2.1.0,3,0.1310822606177737,0.0403098990668321,-0.088,0.001
24132,3342,dens_1998603470347754754,1032,Density,<Substance CCCOC=O{solv}{x=0.233600}|ClCCCCl{solv}{x=0.766400}>,CCCOC=O,ClCCCCl,openff-2.1.0,3,1.1107554183183397,0.0003028870571513,1.1122200000000002,0.00274
24133,3343,dhmix_2003217087101692001,1033,EnthalpyOfMixing,<Substance CCCOC=O{solv}{x=0.514500}|ClCCCCl{solv}{x=0.485500}>,CCCOC=O,ClCCCCl,openff-2.1.0,3,0.1820584294222449,0.0357008029247341,-0.114,0.0015
24134,3344,dens_2020761603812222512,1034,Density,<Substance CCCOC=O{solv}{x=0.763600}|ClCCCCl{solv}{x=0.236400}>,CCCOC=O,ClCCCCl,openff-2.1.0,3,0.981308603348382,0.0002819555607653,0.9644500000000004,0.00119
24135,3345,dens_828893303895070246,1035,Density,<Substance C1CCCCC1{solv}{x=0.249800}|CCCCCCCC{solv}{x=0.750200}>,C1CCCCC1,CCCCCCCC,openff-2.1.0,3,0.7028097398591592,0.0001457471240708,0.7110900000000002,0.000605
24136,3346,dhmix_1288938247372010686,1036,EnthalpyOfMixing,<Substance C1CCCCC1{solv}{x=0.751300}|CCCCCCCC{solv}{x=0.248700}>,C1CCCCC1,CCCCCCCC,openff-2.1.0,3,0.24479788709057,0.0460376728095879,0.23,0.005
24137,3347,dens_1398337515687242649,1037,Density,<Substance C1CCCCC1{solv}{x=0.477700}|CCCCCCCC{solv}{x=0.522300}>,C1CCCCC1,CCCCCCCC,openff-2.1.0,3,0.7143292969349556,0.0002116849638598,0.7250300000000002,0.000585
24138,3348,dhmix_1429498464152515756,1038,EnthalpyOfMixing,<Substance C1CCCCC1{solv}{x=0.532400}|CCCCCCCC{solv}{x=0.467600}>,C1CCCCC1,CCCCCCCC,openff-2.1.0,3,0.2711506270587449,0.0477450479345169,0.258,0.005
24139,3349,dens_2267960821195706299,1039,Density,<Substance C1CCCCC1{solv}{x=0.796100}|CCCCCCCC{solv}{x=0.203900}>,C1CCCCC1,CCCCCCCC,openff-2.1.0,3,0.7375058335712797,0.0001915858470344,0.7509700000000002,0.00055
24140,3350,dhmix_2289023418386220795,1040,EnthalpyOfMixing,<Substance C1CCCCC1{solv}{x=0.274400}|CCCCCCCC{solv}{x=0.725600}>,C1CCCCC1,CCCCCCCC,openff-2.1.0,3,0.1476652125001578,0.0449881226923735,0.18,0.005
24141,3351,dens_848374876759596361,1041,Density,<Substance CC(C)OC(C)C{solv}{x=0.284600}|CCCCCl{solv}{x=0.715400}>,CC(C)OC(C)C,CCCCCl,openff-2.1.0,3,0.8233208088784952,0.0003131537163611,0.8263210000000002,0.000365
24142,3352,dens_917492506874956672,1042,Density,<Substance CC(C)OC(C)C{solv}{x=0.808200}|CCCCCl{solv}{x=0.191800}>,CC(C)OC(C)C,CCCCCl,openff-2.1.0,3,0.7610497584164848,0.0002430751452871,0.7440910000000002,0.000448
24143,3353,dhmix_1107367594793013993,1043,EnthalpyOfMixing,<Substance CC(C)OC(C)C{solv}{x=0.272700}|CCCCCl{solv}{x=0.727300}>,CC(C)OC(C)C,CCCCCl,openff-2.1.0,3,-0.1475353597621875,0.0393242994617547,-0.0785,0.001
24144,3354,dhmix_1310204607958463222,1044,EnthalpyOfMixing,<Substance CC(C)OC(C)C{solv}{x=0.454700}|CCCCCl{solv}{x=0.545300}>,CC(C)OC(C)C,CCCCCl,openff-2.1.0,3,-0.244466327608805,0.0425425232764556,-0.0954,0.0012
24145,3355,dhmix_1605157292498138629,1045,EnthalpyOfMixing,<Substance CC(C)OC(C)C{solv}{x=0.727400}|CCCCCl{solv}{x=0.272600}>,CC(C)OC(C)C,CCCCCl,openff-2.1.0,3,-0.1325996283720769,0.043672117998159,-0.0732,0.00095
24146,3356,dens_1927916489732771888,1046,Density,<Substance CC(C)OC(C)C{solv}{x=0.484000}|CCCCCl{solv}{x=0.516000}>,CC(C)OC(C)C,CCCCCl,openff-2.1.0,3,0.7977301627499482,0.0002856549692575,0.7925060000000002,0.0004005
24147,3357,dens_860008765681738590,1047,Density,<Substance CN(CCO)CCO{solv}{x=0.231260}|c1ccncc1{solv}{x=0.768740}>,CN(CCO)CCO,c1ccncc1,openff-2.1.0,3,1.0003500418589348,0.0002044449917844,0.9906030000000002,0.0001015
24148,3358,dens_1253280811379348869,1048,Density,<Substance CN(CCO)CCO{solv}{x=0.670000}|c1ccncc1{solv}{x=0.330000}>,CN(CCO)CCO,c1ccncc1,openff-2.1.0,3,1.0290755399466958,0.0003668868721656,1.0161020000000005,0.000102
24149,3359,dhmix_1381513140604048573,1049,EnthalpyOfMixing,<Substance CN(CCO)CCO{solv}{x=0.473760}|c1ccncc1{solv}{x=0.526240}>,CN(CCO)CCO,c1ccncc1,openff-2.1.0,3,0.4590762621512709,0.0476117219217542,-0.093,0.001
24150,3360,dens_1460709448836415360,1050,Density,<Substance CN(CCO)CCO{solv}{x=0.473530}|c1ccncc1{solv}{x=0.526470}>,CN(CCO)CCO,c1ccncc1,openff-2.1.0,3,1.0183055602449609,0.000282226505217,1.0044450000000005,0.0001015
24151,3361,dhmix_2085036308089359597,1051,EnthalpyOfMixing,<Substance CN(CCO)CCO{solv}{x=0.230610}|c1ccncc1{solv}{x=0.769390}>,CN(CCO)CCO,c1ccncc1,openff-2.1.0,3,0.1324088241418515,0.0418845177424767,-0.032,0.001
24152,3362,dhmix_2287943921901918379,1052,EnthalpyOfMixing,<Substance CN(CCO)CCO{solv}{x=0.669580}|c1ccncc1{solv}{x=0.330420}>,CN(CCO)CCO,c1ccncc1,openff-2.1.0,3,0.0174845589366157,0.0456103670062252,-0.12,0.0015
24153,3363,dens_929806754028972955,1053,Density,<Substance CCCC(=O)OC{solv}{x=0.695800}|COC(C)=O{solv}{x=0.304200}>,CCCC(=O)OC,COC(C)=O,openff-2.1.0,3,0.9052955056704198,0.0002298762148118,0.8997600000000002,0.000505
24154,3364,dhmix_1093843275803987368,1054,EnthalpyOfMixing,<Substance CCCC(=O)OC{solv}{x=0.482200}|COC(C)=O{solv}{x=0.517800}>,CCCC(=O)OC,COC(C)=O,openff-2.1.0,3,0.0786193703763658,0.0366115046444787,0.151,0.002
24155,3365,dens_1187818937240241755,1055,Density,<Substance CCCC(=O)OC{solv}{x=0.253600}|COC(C)=O{solv}{x=0.746400}>,CCCC(=O)OC,COC(C)=O,openff-2.1.0,3,0.9243076696061884,0.0002860032123721,0.9147400000000002,0.000505
24156,3366,dens_1462283017082249050,1056,Density,<Substance CCCC(=O)OC{solv}{x=0.545600}|COC(C)=O{solv}{x=0.454400}>,CCCC(=O)OC,COC(C)=O,openff-2.1.0,3,0.9108774184137328,0.0002477188508047,0.9041900000000004,0.000505
24157,3367,dhmix_1514470349370367756,1057,EnthalpyOfMixing,<Substance CCCC(=O)OC{solv}{x=0.226000}|COC(C)=O{solv}{x=0.774000}>,CCCC(=O)OC,COC(C)=O,openff-2.1.0,3,0.0269838094460723,0.0340631510668521,0.102,0.0015
24158,3368,dhmix_1615966506855005599,1058,EnthalpyOfMixing,<Substance CCCC(=O)OC{solv}{x=0.695800}|COC(C)=O{solv}{x=0.304200}>,CCCC(=O)OC,COC(C)=O,openff-2.1.0,3,0.0729712337627912,0.0380438676732887,0.122,0.0015
24159,3369,dens_931039395662625393,1059,Density,<Substance BrCCBr{solv}{x=0.510700}|CCOC=O{solv}{x=0.489300}>,BrCCBr,CCOC=O,openff-2.1.0,3,1.5883182115433414,0.0005080741088489,1.5742900000000004,0.00125
24160,3370,dhmix_1379448524788285045,1060,EnthalpyOfMixing,<Substance BrCCBr{solv}{x=0.503000}|CCOC=O{solv}{x=0.497000}>,BrCCBr,CCOC=O,openff-2.1.0,3,0.2655903628047511,0.0310004768317218,0.404,0.0054
24161,3371,dhmix_1589211680683586133,1061,EnthalpyOfMixing,<Substance BrCCBr{solv}{x=0.247500}|CCOC=O{solv}{x=0.752500}>,BrCCBr,CCOC=O,openff-2.1.0,3,0.0643208148167673,0.0359049995532949,0.2492,0.0035
24162,3372,dens_1816072583621776909,1062,Density,<Substance BrCCBr{solv}{x=0.282500}|CCOC=O{solv}{x=0.717500}>,BrCCBr,CCOC=O,openff-2.1.0,3,1.3124864544652115,0.000414630424217,1.2851500000000005,0.00131
24163,3373,dens_1857279480363338972,1063,Density,<Substance BrCCBr{solv}{x=0.750600}|CCOC=O{solv}{x=0.249400}>,BrCCBr,CCOC=O,openff-2.1.0,3,1.8588900387323009,0.0005906998595569,1.8698300000000003,0.000995
24164,3374,dhmix_2225135654541562913,1064,EnthalpyOfMixing,<Substance BrCCBr{solv}{x=0.734600}|CCOC=O{solv}{x=0.265400}>,BrCCBr,CCOC=O,openff-2.1.0,3,0.1871482183478612,0.0332728544252832,0.3604,0.00485
24165,3375,dhmix_933824509566848172,1065,EnthalpyOfMixing,<Substance C1COCO1{solv}{x=0.350000}|CCCC(C)=O{solv}{x=0.650000}>,C1COCO1,CCCC(C)=O,openff-2.1.0,3,0.2339161861594192,0.0391474634480297,0.17755,0.001095
24166,3376,dens_1326756646981901590,1066,Density,<Substance C1COCO1{solv}{x=0.717400}|CCCC(C)=O{solv}{x=0.282600}>,C1COCO1,CCCC(C)=O,openff-2.1.0,3,0.9800548607958391,0.000277486931923,0.9625500000000002,0.000245
24167,3377,dhmix_1386053902220878259,1067,EnthalpyOfMixing,<Substance C1COCO1{solv}{x=0.500000}|CCCC(C)=O{solv}{x=0.500000}>,C1COCO1,CCCC(C)=O,openff-2.1.0,3,0.310575207583156,0.0349304916180183,0.21077,0.00122
24168,3378,dens_1490997112604690080,1068,Density,<Substance C1COCO1{solv}{x=0.349900}|CCCC(C)=O{solv}{x=0.650100}>,C1COCO1,CCCC(C)=O,openff-2.1.0,3,0.8647114884015886,0.0002558780175735,0.8687200000000003,0.00022
24169,3379,dens_1979377813631413053,1069,Density,<Substance C1COCO1{solv}{x=0.516900}|CCCC(C)=O{solv}{x=0.483100}>,C1COCO1,CCCC(C)=O,openff-2.1.0,3,0.913050271136936,0.0002460548323667,0.9078200000000004,0.00023
24170,3380,dhmix_2113009728753201792,1070,EnthalpyOfMixing,<Substance C1COCO1{solv}{x=0.750000}|CCCC(C)=O{solv}{x=0.250000}>,C1COCO1,CCCC(C)=O,openff-2.1.0,3,0.3559486433446466,0.037954609776012,0.17046,0.00107
24171,3381,dhmix_962524540250306235,1071,EnthalpyOfMixing,<Substance Cc1ccccc1N{solv}{x=0.268100}|c1ccncc1{solv}{x=0.731900}>,Cc1ccccc1N,c1ccncc1,openff-2.1.0,3,-1.5012752505696485,0.0392109114557646,-0.8915,0.0182
24172,3382,dhmix_1000930562998604270,1072,EnthalpyOfMixing,<Substance Cc1ccccc1N{solv}{x=0.773500}|c1ccncc1{solv}{x=0.226500}>,Cc1ccccc1N,c1ccncc1,openff-2.1.0,3,-1.0848912989508577,0.052211648410771,-0.7828,0.016
24173,3383,dens_1203111494553524663,1073,Density,<Substance Cc1ccccc1N{solv}{x=0.483700}|c1ccncc1{solv}{x=0.516300}>,Cc1ccccc1N,c1ccncc1,openff-2.1.0,3,1.0071402006242165,0.0002025406369313,0.9912370000000004,0.000117
24174,3384,dens_1316174752280431242,1074,Density,<Substance Cc1ccccc1N{solv}{x=0.237400}|c1ccncc1{solv}{x=0.762600}>,Cc1ccccc1N,c1ccncc1,openff-2.1.0,3,0.9964672645104796,0.0002003904383162,0.9863750000000002,0.000118
24175,3385,dhmix_1371524052813651708,1075,EnthalpyOfMixing,<Substance Cc1ccccc1N{solv}{x=0.482600}|c1ccncc1{solv}{x=0.517400}>,Cc1ccccc1N,c1ccncc1,openff-2.1.0,3,-1.8990516527049337,0.0417772704599019,-1.0329,0.02105
24176,3386,dens_2188924364196997512,1076,Density,<Substance Cc1ccccc1N{solv}{x=0.767800}|c1ccncc1{solv}{x=0.232200}>,Cc1ccccc1N,c1ccncc1,openff-2.1.0,3,1.0148876035494223,0.0002597099324536,0.9936220000000002,0.000117
24177,3387,dens_964556344607822867,1077,Density,<Substance CCCCCCCCC{solv}{x=0.696300}|COC(C)(C)C{solv}{x=0.303700}>,CCCCCCCCC,COC(C)(C)C,openff-2.1.0,3,0.7155072748155015,0.0002096137802387,0.7173600000000002,0.000295
24178,3388,dhmix_1091489740441728210,1078,EnthalpyOfMixing,<Substance CCCCCCCCC{solv}{x=0.260100}|COC(C)(C)C{solv}{x=0.739900}>,CCCCCCCCC,COC(C)(C)C,openff-2.1.0,3,0.539939896239872,0.0429327495580376,0.371,0.0075
24179,3389,dens_1264105858192356202,1079,Density,<Substance CCCCCCCCC{solv}{x=0.499200}|COC(C)(C)C{solv}{x=0.500800}>,CCCCCCCCC,COC(C)(C)C,openff-2.1.0,3,0.7219391029013357,0.0001955351373568,0.7207300000000002,0.00029
24180,3390,dhmix_1760873631242020891,1080,EnthalpyOfMixing,<Substance CCCCCCCCC{solv}{x=0.759600}|COC(C)(C)C{solv}{x=0.240400}>,CCCCCCCCC,COC(C)(C)C,openff-2.1.0,3,0.4952099500791007,0.0526458361318634,0.345,0.007
24181,3391,dens_2012579877169955729,1081,Density,<Substance CCCCCCCCC{solv}{x=0.199500}|COC(C)(C)C{solv}{x=0.800500}>,CCCCCCCCC,COC(C)(C)C,openff-2.1.0,3,0.7355161172563761,0.00025050231747,0.7281100000000001,0.000285
24182,3392,dhmix_2200368758776542578,1082,EnthalpyOfMixing,<Substance CCCCCCCCC{solv}{x=0.513300}|COC(C)(C)C{solv}{x=0.486700}>,CCCCCCCCC,COC(C)(C)C,openff-2.1.0,3,0.7100739089670185,0.0480070425742438,0.486,0.0095
24183,3393,dhmix_972091313059406932,1083,EnthalpyOfMixing,<Substance CCCNCCC{solv}{x=0.248200}|CN(C)C=O{solv}{x=0.751800}>,CCCNCCC,CN(C)C=O,openff-2.1.0,3,0.1261386554130439,0.041413424438072,0.613,0.0195
24184,3394,dhmix_1037416167092316519,1084,EnthalpyOfMixing,<Substance CCCNCCC{solv}{x=0.499500}|CN(C)C=O{solv}{x=0.500500}>,CCCNCCC,CN(C)C=O,openff-2.1.0,3,0.1084815561365246,0.0386583497115881,0.748,0.0225
24185,3395,dhmix_1525975551610336413,1085,EnthalpyOfMixing,<Substance CCCNCCC{solv}{x=0.749600}|CN(C)C=O{solv}{x=0.250400}>,CCCNCCC,CN(C)C=O,openff-2.1.0,3,0.0984850939713481,0.0537958066951872,0.529,0.017
24186,3396,dens_1610465641813938660,1086,Density,<Substance CCCNCCC{solv}{x=0.745900}|CN(C)C=O{solv}{x=0.254100}>,CCCNCCC,CN(C)C=O,openff-2.1.0,3,0.7700840417945959,0.0001809725293342,0.7687320000000002,0.0009355
24187,3397,dens_2129043605695010641,1087,Density,<Substance CCCNCCC{solv}{x=0.503400}|CN(C)C=O{solv}{x=0.496600}>,CCCNCCC,CN(C)C=O,openff-2.1.0,3,0.8075377167291907,0.0002408194730194,0.8108000000000002,0.0009885
24188,3398,dens_2129124855081233158,1088,Density,<Substance CCCNCCC{solv}{x=0.252300}|CN(C)C=O{solv}{x=0.747700}>,CCCNCCC,CN(C)C=O,openff-2.1.0,3,0.856373987875067,0.0002390433435606,0.8674480000000002,0.0010625
24189,3399,dhmix_1022139531284796266,1089,EnthalpyOfMixing,<Substance CCCO{solv}{x=0.730200}|O=Cc1ccccc1{solv}{x=0.269800}>,CCCO,O=Cc1ccccc1,openff-2.1.0,3,1.128034874366925,0.0412840573179199,1.3784,0.00585
24190,3400,dens_1530410585842005416,1090,Density,<Substance CCCO{solv}{x=0.802500}|O=Cc1ccccc1{solv}{x=0.197500}>,CCCO,O=Cc1ccccc1,openff-2.1.0,3,0.8620129462341096,0.0002716828546371,0.8676000000000003,0.0054
24191,3401,dens_1586325098516354010,1091,Density,<Substance CCCO{solv}{x=0.500300}|O=Cc1ccccc1{solv}{x=0.499700}>,CCCO,O=Cc1ccccc1,openff-2.1.0,3,0.9394329160727668,0.0002506678715759,0.9470000000000002,0.0035
24192,3402,dhmix_1860362391399300385,1092,EnthalpyOfMixing,<Substance CCCO{solv}{x=0.237400}|O=Cc1ccccc1{solv}{x=0.762600}>,CCCO,O=Cc1ccccc1,openff-2.1.0,3,0.8743655109401942,0.0399040108691256,1.2579,0.0055
24193,3403,dens_2022804020725863961,1093,Density,<Substance CCCO{solv}{x=0.192900}|O=Cc1ccccc1{solv}{x=0.807100}>,CCCO,O=Cc1ccccc1,openff-2.1.0,3,1.0015066035265474,0.0002268408356998,1.0128,0.00265
24194,3404,dhmix_2114980631721668598,1094,EnthalpyOfMixing,<Substance CCCO{solv}{x=0.517800}|O=Cc1ccccc1{solv}{x=0.482200}>,CCCO,O=Cc1ccccc1,openff-2.1.0,3,1.3064347001641463,0.0394906587445704,1.6361,0.00675
24195,3405,dens_1061385011202038988,1095,Density,<Substance CC(C)O{solv}{x=0.495900}|CCCCOCCO{solv}{x=0.504100}>,CC(C)O,CCCCOCCO,openff-2.1.0,3,0.8635294314268607,0.0002001156131377,0.8550000000000002,5.450000000000001e-05
24196,3406,dens_1314274960992474794,1096,Density,<Substance CC(C)O{solv}{x=0.292200}|CCCCOCCO{solv}{x=0.707800}>,CC(C)O,CCCCOCCO,openff-2.1.0,3,0.8792861697959011,0.0002035851986166,0.8743700000000002,4.600000000000001e-05
24197,3407,dens_1729117108592325655,1097,Density,<Substance CC(C)O{solv}{x=0.743300}|CCCCOCCO{solv}{x=0.256700}>,CC(C)O,CCCCOCCO,openff-2.1.0,3,0.8401158568785202,0.0002257446509511,0.8247900000000001,5.600000000000001e-05
24198,3408,dens_1112128096721834081,1098,Density,<Substance CNCCO{solv}{x=0.800900}|O{solv}{x=0.199100}>,CNCCO,O,openff-2.1.0,3,0.9677872487189058,0.0004305264962625,0.9466300000000002,0.00032
24199,3409,dens_1381694863030749046,1099,Density,<Substance CNCCO{solv}{x=0.198700}|O{solv}{x=0.801300}>,CNCCO,O,openff-2.1.0,3,0.9836724492724206,0.0002779719492439,0.9960300000000002,0.00016
24200,3410,dhmix_1383192140212198237,1100,EnthalpyOfMixing,<Substance CNCCO{solv}{x=0.798800}|O{solv}{x=0.201200}>,CNCCO,O,openff-2.1.0,3,-1.1376635372369606,0.0457676083806198,-1.219,0.025
24201,3411,dens_1615304038745182966,1101,Density,<Substance CNCCO{solv}{x=0.504100}|O{solv}{x=0.495900}>,CNCCO,O,openff-2.1.0,3,0.9761186463824206,0.0003183856250354,0.9688100000000002,0.000235
24202,3412,dhmix_1902240048183935170,1102,EnthalpyOfMixing,<Substance CNCCO{solv}{x=0.501700}|O{solv}{x=0.498300}>,CNCCO,O,openff-2.1.0,3,-1.4182095231863912,0.0465568121501045,-2.508,0.051
24203,3413,dhmix_2185888808838690563,1103,EnthalpyOfMixing,<Substance CNCCO{solv}{x=0.199200}|O{solv}{x=0.800800}>,CNCCO,O,openff-2.1.0,3,-0.9651225297041002,0.0249212486329521,-2.243,0.0455
24204,3414,dens_1155626281932782094,1104,Density,<Substance CCC(C)=O{solv}{x=0.292200}|CN1CCCC1=O{solv}{x=0.707800}>,CCC(C)=O,CN1CCCC1=O,openff-2.1.0,3,0.9378420294026364,0.0002267476124754,0.9591400000000002,0.00262
24205,3415,dens_1354588388489384902,1105,Density,<Substance CCC(C)=O{solv}{x=0.779300}|CN1CCCC1=O{solv}{x=0.220700}>,CCC(C)=O,CN1CCCC1=O,openff-2.1.0,3,0.827169423068494,0.0002388544731899,0.8467600000000002,0.002595
24206,3416,dhmix_1468142552678388689,1106,EnthalpyOfMixing,<Substance CCC(C)=O{solv}{x=0.484100}|CN1CCCC1=O{solv}{x=0.515900}>,CCC(C)=O,CN1CCCC1=O,openff-2.1.0,3,0.1700634742703641,0.029210106205625,-0.1675,0.00415
24207,3417,dhmix_1545004468946955771,1107,EnthalpyOfMixing,<Substance CCC(C)=O{solv}{x=0.246100}|CN1CCCC1=O{solv}{x=0.753900}>,CCC(C)=O,CN1CCCC1=O,openff-2.1.0,3,0.1005430087611962,0.0442729317612553,-0.0999,0.0031
24208,3418,dhmix_1746826813990258300,1108,EnthalpyOfMixing,<Substance CCC(C)=O{solv}{x=0.732400}|CN1CCCC1=O{solv}{x=0.267600}>,CCC(C)=O,CN1CCCC1=O,openff-2.1.0,3,0.0994182385819435,0.040206122516614,-0.0861,0.0029
24209,3419,dens_2035401379156582518,1109,Density,<Substance CCC(C)=O{solv}{x=0.479500}|CN1CCCC1=O{solv}{x=0.520500}>,CCC(C)=O,CN1CCCC1=O,openff-2.1.0,3,0.8970714507649888,0.0002211408740785,0.9166100000000004,0.00261
24210,3420,dens_1159403686634788877,1110,Density,<Substance C1CCOCC1{solv}{x=0.253600}|Cc1ccncc1{solv}{x=0.746400}>,C1CCOCC1,Cc1ccncc1,openff-2.1.0,3,0.9303432835143676,0.0002203910167845,0.9329390000000002,0.0002125
24211,3421,dhmix_1427533760370073434,1111,EnthalpyOfMixing,<Substance C1CCOCC1{solv}{x=0.241600}|Cc1ccncc1{solv}{x=0.758400}>,C1CCOCC1,Cc1ccncc1,openff-2.1.0,3,0.0705671237992042,0.0412332109296345,0.0975,0.001
24212,3422,dens_1586440979425114987,1112,Density,<Substance C1CCOCC1{solv}{x=0.491300}|Cc1ccncc1{solv}{x=0.508700}>,C1CCOCC1,Cc1ccncc1,openff-2.1.0,3,0.9129326420757964,0.0002434367115458,0.9162950000000002,0.0002825
24213,3423,dhmix_1681679230288000235,1113,EnthalpyOfMixing,<Substance C1CCOCC1{solv}{x=0.483400}|Cc1ccncc1{solv}{x=0.516600}>,C1CCOCC1,Cc1ccncc1,openff-2.1.0,3,0.0881240037989705,0.0418573823352308,0.1741,0.00135
24214,3424,dhmix_1854625047398559527,1114,EnthalpyOfMixing,<Substance C1CCOCC1{solv}{x=0.826200}|Cc1ccncc1{solv}{x=0.173800}>,C1CCOCC1,Cc1ccncc1,openff-2.1.0,3,0.0194855928597021,0.0373965167710259,0.0948,0.001
24215,3425,dens_1998279082934343093,1115,Density,<Substance C1CCOCC1{solv}{x=0.826300}|Cc1ccncc1{solv}{x=0.173700}>,C1CCOCC1,Cc1ccncc1,openff-2.1.0,3,0.8778881969545896,0.0002726205495166,0.8827950000000002,0.000387
24216,3426,dens_1226224986443053492,1116,Density,<Substance CCOc1ccccc1{solv}{x=0.482600}|OCCc1ccccc1{solv}{x=0.517400}>,CCOc1ccccc1,OCCc1ccccc1,openff-2.1.0,3,0.9763151332090844,0.0001867401183358,0.9803700000000002,0.00026
24217,3427,dens_1288457717872177367,1117,Density,<Substance CCOc1ccccc1{solv}{x=0.304100}|OCCc1ccccc1{solv}{x=0.695900}>,CCOc1ccccc1,OCCc1ccccc1,openff-2.1.0,3,0.9872463019460403,0.0002245243075069,0.9909900000000004,0.00026
24218,3428,dhmix_1400067757990485972,1118,EnthalpyOfMixing,<Substance CCOc1ccccc1{solv}{x=0.738800}|OCCc1ccccc1{solv}{x=0.261200}>,CCOc1ccccc1,OCCc1ccccc1,openff-2.1.0,3,0.8659796936903774,0.0546705061960316,1.1427,0.01225
24219,3429,dens_1419265414647987466,1119,Density,<Substance CCOc1ccccc1{solv}{x=0.792900}|OCCc1ccccc1{solv}{x=0.207100}>,CCOc1ccccc1,OCCc1ccccc1,openff-2.1.0,3,0.9586304338492834,0.0001959610555704,0.9624400000000004,0.00026
24220,3430,dhmix_1985234108792038812,1120,EnthalpyOfMixing,<Substance CCOc1ccccc1{solv}{x=0.485200}|OCCc1ccccc1{solv}{x=0.514800}>,CCOc1ccccc1,OCCc1ccccc1,openff-2.1.0,3,1.0061005775962428,0.0481325484159442,1.0249,0.011
24221,3431,dhmix_2203675640711482674,1121,EnthalpyOfMixing,<Substance CCOc1ccccc1{solv}{x=0.239100}|OCCc1ccccc1{solv}{x=0.760900}>,CCOc1ccccc1,OCCc1ccccc1,openff-2.1.0,3,0.7747686723654823,0.0462084855666221,0.6669,0.0072
24222,3432,dens_1247048173376376516,1122,Density,<Substance CCCCC(=O)OC{solv}{x=0.349300}|COC=O{solv}{x=0.650700}>,CCCCC(=O)OC,COC=O,openff-2.1.0,3,0.9394709610159594,0.0002747212502866,0.9198400000000002,0.000115
24223,3433,dens_1283923442255956417,1123,Density,<Substance CCCCC(=O)OC{solv}{x=0.500000}|COC=O{solv}{x=0.500000}>,CCCCC(=O)OC,COC=O,openff-2.1.0,3,0.9222318296755608,0.0002342077295359,0.90817,0.00012
24224,3434,dhmix_1491739683552461043,1124,EnthalpyOfMixing,<Substance CCCCC(=O)OC{solv}{x=0.348600}|COC=O{solv}{x=0.651400}>,CCCCC(=O)OC,COC=O,openff-2.1.0,3,0.363648158396801,0.0372615104652963,0.422,0.0045
24225,3435,dhmix_1747049492522889097,1125,EnthalpyOfMixing,<Substance CCCCC(=O)OC{solv}{x=0.523200}|COC=O{solv}{x=0.476800}>,CCCCC(=O)OC,COC=O,openff-2.1.0,3,0.2933332717731876,0.0378110622230324,0.409,0.0045
24226,3436,dhmix_1990853348078771210,1126,EnthalpyOfMixing,<Substance CCCCC(=O)OC{solv}{x=0.796800}|COC=O{solv}{x=0.203200}>,CCCCC(=O)OC,COC=O,openff-2.1.0,3,0.1264288743230786,0.047540678326897,0.219,0.0025
24227,3437,dens_2269601061883384185,1127,Density,<Substance CCCCC(=O)OC{solv}{x=0.725800}|COC=O{solv}{x=0.274200}>,CCCCC(=O)OC,COC=O,openff-2.1.0,3,0.9039738010076458,0.0002122789963704,0.8955000000000002,0.000135
24228,3438,dens_1266839724964377205,1128,Density,<Substance Cn1ccnc1{solv}{x=0.779500}|O{solv}{x=0.220500}>,Cn1ccnc1,O,openff-2.1.0,3,1.024174869230465,0.0002331181766719,1.0360000000000005,0.00015
24229,3439,dens_1634862053132906887,1129,Density,<Substance Cn1ccnc1{solv}{x=0.498200}|O{solv}{x=0.501800}>,Cn1ccnc1,O,openff-2.1.0,3,1.0217823807432709,0.0003310837925668,1.0416,0.00015
24230,3440,dens_1681126092995837883,1130,Density,<Substance Cn1ccnc1{solv}{x=0.216700}|O{solv}{x=0.783300}>,Cn1ccnc1,O,openff-2.1.0,3,1.0057706174487937,0.0003763097957095,1.0301000000000002,0.0001
24231,3441,dhmix_1311251505653939236,1131,EnthalpyOfMixing,<Substance CC(=O)CC(C)=O{solv}{x=0.598500}|O{solv}{x=0.401500}>,CC(=O)CC(C)=O,O,openff-2.1.0,3,0.3946201142702819,0.0346441648821009,0.4905,0.00555
24232,3442,dhmix_1367092272310773702,1132,EnthalpyOfMixing,<Substance CC(=O)CC(C)=O{solv}{x=0.749200}|O{solv}{x=0.250800}>,CC(=O)CC(C)=O,O,openff-2.1.0,3,0.5606520354401425,0.0406626479401832,0.6211,0.00695
24233,3443,dhmix_2033109088651196860,1133,EnthalpyOfMixing,<Substance CC(=O)CC(C)=O{solv}{x=0.200400}|O{solv}{x=0.799600}>,CC(=O)CC(C)=O,O,openff-2.1.0,3,-0.0077513540359746,0.0251410997659668,0.1562,0.0021
24234,3444,dens_1319073694995976411,1134,Density,<Substance CC(C)CO{solv}{x=0.762200}|OC1=NCCC1{solv}{x=0.237800}>,CC(C)CO,OC1=NCCC1,openff-2.1.0,3,0.8683666651337623,0.0002189491564196,0.8623100000000001,0.000205
24235,3445,dhmix_1817161401911066523,1135,EnthalpyOfMixing,<Substance CC(C)CO{solv}{x=0.754900}|OC1=NCCC1{solv}{x=0.245100}>,CC(C)CO,OC1=NCCC1,openff-2.1.0,3,1.1747326168049543,0.0381788510194407,0.2989,0.0033
24236,3446,dens_1852757585830259815,1136,Density,<Substance CC(C)CO{solv}{x=0.287400}|OC1=NCCC1{solv}{x=0.712600}>,CC(C)CO,OC1=NCCC1,openff-2.1.0,3,0.9894340343674564,0.0002249111945407,1.0078300000000002,0.000155
24237,3447,dhmix_2057245570503088562,1137,EnthalpyOfMixing,<Substance CC(C)CO{solv}{x=0.259800}|OC1=NCCC1{solv}{x=0.740200}>,CC(C)CO,OC1=NCCC1,openff-2.1.0,3,1.027048012515209,0.0367383452569036,0.1798,0.00205
24238,3448,dens_2175875616459255266,1138,Density,<Substance CC(C)CO{solv}{x=0.489400}|OC1=NCCC1{solv}{x=0.510600}>,CC(C)CO,OC1=NCCC1,openff-2.1.0,3,0.9360190565657308,0.0002499973326028,0.9431100000000002,0.00017
24239,3449,dhmix_2273039716774959551,1139,EnthalpyOfMixing,<Substance CC(C)CO{solv}{x=0.497800}|OC1=NCCC1{solv}{x=0.502200}>,CC(C)CO,OC1=NCCC1,openff-2.1.0,3,1.441300782200866,0.0376273497802951,0.2775,0.0031
24240,3450,dens_1400897934227212514,1140,Density,<Substance CC(C)CC(C)(C)C{solv}{x=0.541100}|COC(C)=O{solv}{x=0.458900}>,CC(C)CC(C)(C)C,COC(C)=O,openff-2.1.0,3,0.7709549327144699,0.0002204738242561,0.7495700000000002,0.000505
24241,3451,dhmix_1534218615961922445,1141,EnthalpyOfMixing,<Substance CC(C)CC(C)(C)C{solv}{x=0.256000}|COC(C)=O{solv}{x=0.744000}>,CC(C)CC(C)(C)C,COC(C)=O,openff-2.1.0,3,1.672584404670005,0.0393559306766322,1.385,0.015
24242,3452,dhmix_1663557420681143866,1142,EnthalpyOfMixing,<Substance CC(C)CC(C)(C)C{solv}{x=0.540600}|COC(C)=O{solv}{x=0.459400}>,CC(C)CC(C)(C)C,COC(C)=O,openff-2.1.0,3,1.9288791665976248,0.0480419509484905,1.759,0.019
24243,3453,dens_1833608859418637606,1143,Density,<Substance CC(C)CC(C)(C)C{solv}{x=0.736400}|COC(C)=O{solv}{x=0.263600}>,CC(C)CC(C)(C)C,COC(C)=O,openff-2.1.0,3,0.7386705119270458,0.0002160264716333,0.7171000000000002,0.00015
24244,3454,dhmix_1913788848230724771,1144,EnthalpyOfMixing,<Substance CC(C)CC(C)(C)C{solv}{x=0.783300}|COC(C)=O{solv}{x=0.216700}>,CC(C)CC(C)(C)C,COC(C)=O,openff-2.1.0,3,1.5129968969488772,0.0539689408441846,1.149,0.0125
24245,3455,dens_2018568384717712900,1145,Density,<Substance CC(C)CC(C)(C)C{solv}{x=0.238900}|COC(C)=O{solv}{x=0.761100}>,CC(C)CC(C)(C)C,COC(C)=O,openff-2.1.0,3,0.8445314945561199,0.0002597918985658,0.8248000000000002,0.0001
24246,3456,dens_1465225466328543955,1146,Density,<Substance Cc1cccnc1{solv}{x=0.225000}|O{solv}{x=0.775000}>,Cc1cccnc1,O,openff-2.1.0,3,0.963156902513408,0.0003234325987136,0.9921000000000002,0.0003
24247,3457,dens_1644445312716340330,1147,Density,<Substance Cc1cccnc1{solv}{x=0.500000}|O{solv}{x=0.500000}>,Cc1cccnc1,O,openff-2.1.0,3,0.9562179120858404,0.0003016768062802,0.9797000000000002,0.0003
24248,3458,dens_2262998332454406432,1148,Density,<Substance Cc1cccnc1{solv}{x=0.700000}|O{solv}{x=0.300000}>,Cc1cccnc1,O,openff-2.1.0,3,0.9529589488797484,0.0002435112129176,0.9690000000000002,0.0003
24249,3459,dens_1601780542508306264,1149,Density,<Substance CC(=O)N(C)C{solv}{x=0.771800}|CCOC(C)=O{solv}{x=0.228200}>,CC(=O)N(C)C,CCOC(C)=O,openff-2.1.0,3,0.9005219371260789,0.0002194447566208,0.9286200000000002,0.000185
24250,3460,dens_2126546638582188774,1150,Density,<Substance CC(=O)N(C)C{solv}{x=0.464600}|CCOC(C)=O{solv}{x=0.535400}>,CC(=O)N(C)C,CCOC(C)=O,openff-2.1.0,3,0.9035336742888131,0.0002385282331745,0.9166300000000002,0.00022
24251,3461,dens_2159432384130350508,1151,Density,<Substance CC(=O)N(C)C{solv}{x=0.233100}|CCOC(C)=O{solv}{x=0.766900}>,CC(=O)N(C)C,CCOC(C)=O,openff-2.1.0,3,0.9049444639997978,0.0002359190707667,0.9064300000000002,0.000245
24252,3462,dens_1713891284028890335,1152,Density,<Substance CC(=O)O{solv}{x=0.798900}|CCOC(C)=O{solv}{x=0.201100}>,CC(=O)O,CCOC(C)=O,openff-2.1.0,3,1.0280297167280927,0.000298066084311,0.9996600000000002,0.000225
24253,3463,dens_1856345418041920174,1153,Density,<Substance CC(=O)O{solv}{x=0.500700}|CCOC(C)=O{solv}{x=0.499300}>,CC(=O)O,CCOC(C)=O,openff-2.1.0,3,0.971472471267054,0.000251938720451,0.9514000000000002,0.00018
24254,3464,dens_2035334988982485653,1154,Density,<Substance CC(=O)O{solv}{x=0.294400}|CCOC(C)=O{solv}{x=0.705600}>,CC(=O)O,CCOC(C)=O,openff-2.1.0,3,0.9406159263316368,0.0002966650809058,0.9255000000000002,0.00016
24255,0,dhmix_592425981731704,0,EnthalpyOfMixing,<Substance C1CCCCC1{solv}{x=0.100300}|Cc1ccccc1{solv}{x=0.899700}>,C1CCCCC1,Cc1ccccc1,openff-2.2.1-ashgc,1,0.2309127206386136,0.0494516599484528,0.2015,0.0015
24256,1,dens_191923210986624643,1,Density,<Substance C1CCCCC1{solv}{x=0.697700}|Cc1ccccc1{solv}{x=0.302300}>,C1CCCCC1,Cc1ccccc1,openff-2.2.1-ashgc,1,0.7581295316467245,0.0002644392670231,0.7818000000000002,0.00041
24257,2,dens_699555827256664507,2,Density,<Substance C1CCCCC1{solv}{x=0.100000}|Cc1ccccc1{solv}{x=0.900000}>,C1CCCCC1,Cc1ccccc1,openff-2.2.1-ashgc,1,0.8175622588411503,0.0003053446120657,0.8378000000000001,0.00025
24258,3,dhmix_997331474504366167,3,EnthalpyOfMixing,<Substance C1CCCCC1{solv}{x=0.697900}|Cc1ccccc1{solv}{x=0.302100}>,C1CCCCC1,Cc1ccccc1,openff-2.2.1-ashgc,1,0.6760666671722788,0.0455307889528082,0.5221,0.0034
24259,4,dhmix_1586684551148150215,4,EnthalpyOfMixing,<Substance C1CCCCC1{solv}{x=0.397600}|Cc1ccccc1{solv}{x=0.602400}>,C1CCCCC1,Cc1ccccc1,openff-2.2.1-ashgc,1,0.7810600854444232,0.0405417360336184,0.5887,0.0038
24260,5,dens_1809100412119556796,5,Density,<Substance C1CCCCC1{solv}{x=0.397500}|Cc1ccccc1{solv}{x=0.602500}>,C1CCCCC1,Cc1ccccc1,openff-2.2.1-ashgc,1,0.8020334009063242,0.0002664518030758,0.8228000000000002,0.0002
24261,6,dhmix_1261378482688431,6,EnthalpyOfMixing,<Substance CCC(C)=O{solv}{x=0.510600}|Nc1ccccc1{solv}{x=0.489400}>,CCC(C)=O,Nc1ccccc1,openff-2.2.1-ashgc,1,-0.6602864624154989,0.0363329089217421,-1.173,0.0125
24262,7,dhmix_157258283975731553,7,EnthalpyOfMixing,<Substance CCC(C)=O{solv}{x=0.901800}|Nc1ccccc1{solv}{x=0.098200}>,CCC(C)=O,Nc1ccccc1,openff-2.2.1-ashgc,1,-0.3230376838250173,0.0390626165748805,-0.469,0.005
24263,8,dens_610648476268376520,8,Density,<Substance CCC(C)=O{solv}{x=0.502600}|Nc1ccccc1{solv}{x=0.497400}>,CCC(C)=O,Nc1ccccc1,openff-2.2.1-ashgc,1,0.9190994338718756,0.0001528120466773,0.9213850000000002,5.650000000000002e-05
24264,9,dens_1388487494953421117,9,Density,<Substance CCC(C)=O{solv}{x=0.901900}|Nc1ccccc1{solv}{x=0.098100}>,CCC(C)=O,Nc1ccccc1,openff-2.2.1-ashgc,1,0.8023129274210735,0.000247990493759,0.8265540000000001,7.200000000000002e-05
24265,10,dhmix_1389656513678923263,10,EnthalpyOfMixing,<Substance CCC(C)=O{solv}{x=0.209900}|Nc1ccccc1{solv}{x=0.790100}>,CCC(C)=O,Nc1ccccc1,openff-2.2.1-ashgc,1,-0.1040513290988656,0.0423086509409053,-0.648,0.007
24266,11,dens_2115628806769415578,11,Density,<Substance CCC(C)=O{solv}{x=0.256300}|Nc1ccccc1{solv}{x=0.743700}>,CCC(C)=O,Nc1ccccc1,openff-2.2.1-ashgc,1,0.9893947139088304,0.0002401645108974,0.9712300000000004,4.900000000000001e-05
24267,12,dens_1379242187515209,12,Density,<Substance CC#N{solv}{x=0.795200}|CCCCOCCCC{solv}{x=0.204800}>,CC#N,CCCCOCCCC,openff-2.2.1-ashgc,1,0.7697410464542704,0.0002516109180974,0.7708800000000002,0.000245
24268,13,dhmix_575991096898484441,13,EnthalpyOfMixing,<Substance CC#N{solv}{x=0.488600}|CCCCOCCCC{solv}{x=0.511400}>,CC#N,CCCCOCCCC,openff-2.2.1-ashgc,1,0.7425326059774235,0.0395018569992312,1.26543,0.00796
24269,14,dhmix_1182924089945476872,14,EnthalpyOfMixing,<Substance CC#N{solv}{x=0.241600}|CCCCOCCCC{solv}{x=0.758400}>,CC#N,CCCCOCCCC,openff-2.2.1-ashgc,1,0.3963095001451648,0.0558753591757054,0.94593,0.00601
24270,15,dhmix_1244492966201685063,15,EnthalpyOfMixing,<Substance CC#N{solv}{x=0.795200}|CCCCOCCCC{solv}{x=0.204800}>,CC#N,CCCCOCCCC,openff-2.2.1-ashgc,1,0.4891043498880396,0.0361904153112561,0.94289,0.005995
24271,16,dens_2044032309137951705,16,Density,<Substance CC#N{solv}{x=0.245500}|CCCCOCCCC{solv}{x=0.754500}>,CC#N,CCCCOCCCC,openff-2.2.1-ashgc,1,0.759170826116193,0.0001994944339841,0.7653000000000001,0.00028
24272,17,dens_2211436825174998797,17,Density,<Substance CC#N{solv}{x=0.509800}|CCCCOCCCC{solv}{x=0.490200}>,CC#N,CCCCOCCCC,openff-2.2.1-ashgc,1,0.7634096793352513,0.0002226036592879,0.7671500000000001,0.00026
24273,18,dens_1820034175228694,18,Density,<Substance C1CCCCC1{solv}{x=0.540900}|CN1CCCC1=O{solv}{x=0.459100}>,C1CCCCC1,CN1CCCC1=O,openff-2.2.1-ashgc,1,0.850651494499106,0.0002319910147258,0.8757100000000002,0.000335
24274,19,dhmix_1335365307191460458,19,EnthalpyOfMixing,<Substance C1CCCCC1{solv}{x=0.751800}|CN1CCCC1=O{solv}{x=0.248200}>,C1CCCCC1,CN1CCCC1=O,openff-2.2.1-ashgc,1,1.471920085052588,0.048426812391952,1.1998,0.01285
24275,20,dens_1375048033230012198,20,Density,<Substance C1CCCCC1{solv}{x=0.733200}|CN1CCCC1=O{solv}{x=0.266800}>,C1CCCCC1,CN1CCCC1=O,openff-2.2.1-ashgc,1,0.8041375864347929,0.0002578000337912,0.8287300000000002,0.0004
24276,21,dhmix_1563298635135474599,21,EnthalpyOfMixing,<Substance C1CCCCC1{solv}{x=0.278900}|CN1CCCC1=O{solv}{x=0.721100}>,C1CCCCC1,CN1CCCC1=O,openff-2.2.1-ashgc,1,1.613665522792779,0.0444245120669374,1.2061,0.0129
24277,22,dens_1606235786379262481,22,Density,<Substance C1CCCCC1{solv}{x=0.227500}|CN1CCCC1=O{solv}{x=0.772500}>,C1CCCCC1,CN1CCCC1=O,openff-2.2.1-ashgc,1,0.9313141854810396,0.0001718086110849,0.9583800000000002,0.000245
24278,23,dhmix_1683219349338278021,23,EnthalpyOfMixing,<Substance C1CCCCC1{solv}{x=0.473400}|CN1CCCC1=O{solv}{x=0.526600}>,C1CCCCC1,CN1CCCC1=O,openff-2.2.1-ashgc,1,1.816874379339552,0.0448516094716277,1.4691,0.0157
24279,24,dens_4438302718372985,24,Density,<Substance BrCCCCBr{solv}{x=0.717000}|COC=O{solv}{x=0.283000}>,BrCCCCBr,COC=O,openff-2.2.1-ashgc,1,1.628194743099585,0.0005222399114687,1.6702600000000003,0.00259
24280,25,dhmix_369816950910078034,25,EnthalpyOfMixing,<Substance BrCCCCBr{solv}{x=0.778200}|COC=O{solv}{x=0.221800}>,BrCCCCBr,COC=O,openff-2.2.1-ashgc,1,0.7602403078197852,0.0408985799070907,0.6355,0.0057
24281,26,dens_460757700461114532,26,Density,<Substance BrCCCCBr{solv}{x=0.495800}|COC=O{solv}{x=0.504200}>,BrCCCCBr,COC=O,openff-2.2.1-ashgc,1,1.4963523079909893,0.000476026010531,1.5176800000000004,0.001885
24282,27,dhmix_1496821399278454353,27,EnthalpyOfMixing,<Substance BrCCCCBr{solv}{x=0.265400}|COC=O{solv}{x=0.734600}>,BrCCCCBr,COC=O,openff-2.2.1-ashgc,1,1.0248858115259996,0.034416261114347,0.8185,0.00715
24283,28,dens_1750413656870357630,28,Density,<Substance BrCCCCBr{solv}{x=0.225800}|COC=O{solv}{x=0.774200}>,BrCCCCBr,COC=O,openff-2.2.1-ashgc,1,1.272156272706716,0.0002829741287162,1.2671300000000003,0.00104
24284,29,dhmix_1802862930607761431,29,EnthalpyOfMixing,<Substance BrCCCCBr{solv}{x=0.482000}|COC=O{solv}{x=0.518000}>,BrCCCCBr,COC=O,openff-2.2.1-ashgc,1,1.1501232574387998,0.0342000683846389,1.0243,0.0087
24285,30,dhmix_8447570649359775,30,EnthalpyOfMixing,<Substance OCCO{solv}{x=0.481700}|OCc1ccccc1{solv}{x=0.518300}>,OCCO,OCc1ccccc1,openff-2.2.1-ashgc,1,0.3042173764008993,0.0440487320812548,0.201,0.00465
24286,31,dens_824372741354282107,31,Density,<Substance OCCO{solv}{x=0.505700}|OCc1ccccc1{solv}{x=0.494300}>,OCCO,OCc1ccccc1,openff-2.2.1-ashgc,1,1.0539008507522245,0.0002518187869236,1.0579000000000005,0.00027
24287,32,dens_1105173553343721111,32,Density,<Substance OCCO{solv}{x=0.737100}|OCc1ccccc1{solv}{x=0.262900}>,OCCO,OCc1ccccc1,openff-2.2.1-ashgc,1,1.0755669539369703,0.0002847147645206,1.0753200000000005,0.000275
24288,33,dhmix_1362282802315816638,33,EnthalpyOfMixing,<Substance OCCO{solv}{x=0.736100}|OCc1ccccc1{solv}{x=0.263900}>,OCCO,OCc1ccccc1,openff-2.2.1-ashgc,1,0.0038573358676927,0.0452856816089216,0.1383,0.0037
24289,34,dhmix_1666683879028583081,34,EnthalpyOfMixing,<Substance OCCO{solv}{x=0.236500}|OCc1ccccc1{solv}{x=0.763500}>,OCCO,OCc1ccccc1,openff-2.2.1-ashgc,1,0.0241946152529166,0.041318344471579,0.209,0.0048
24290,35,dens_1698159396404241323,35,Density,<Substance OCCO{solv}{x=0.262200}|OCc1ccccc1{solv}{x=0.737800}>,OCCO,OCc1ccccc1,openff-2.2.1-ashgc,1,1.0373967992926076,0.0002491628637061,1.0442900000000002,0.000265
24291,36,dens_8507121971977381,36,Density,<Substance CCOC(C)(C)C{solv}{x=0.505000}|Cc1ccccc1{solv}{x=0.495000}>,CCOC(C)(C)C,Cc1ccccc1,openff-2.2.1-ashgc,1,0.7931662325693284,0.0002293312770188,0.7937390000000002,0.000467
24292,37,dens_499290591626962121,37,Density,<Substance CCOC(C)(C)C{solv}{x=0.217000}|Cc1ccccc1{solv}{x=0.783000}>,CCOC(C)(C)C,Cc1ccccc1,openff-2.2.1-ashgc,1,0.8224796581875126,0.0002286352745055,0.8314450000000002,0.000411
24293,38,dhmix_820491025608256793,38,EnthalpyOfMixing,<Substance CCOC(C)(C)C{solv}{x=0.501900}|Cc1ccccc1{solv}{x=0.498100}>,CCOC(C)(C)C,Cc1ccccc1,openff-2.2.1-ashgc,1,-0.1558242535097207,0.0433005140143291,-0.046,0.00055
24294,39,dhmix_1374163681483564129,39,EnthalpyOfMixing,<Substance CCOC(C)(C)C{solv}{x=0.248900}|Cc1ccccc1{solv}{x=0.751100}>,CCOC(C)(C)C,Cc1ccccc1,openff-2.2.1-ashgc,1,-0.2381913992809075,0.0381740061851086,-0.0324,0.0005
24295,40,dens_1904998692863983733,40,Density,<Substance CCOC(C)(C)C{solv}{x=0.701000}|Cc1ccccc1{solv}{x=0.299000}>,CCOC(C)(C)C,Cc1ccccc1,openff-2.2.1-ashgc,1,0.7745169676919784,0.0002139918458706,0.7696300000000001,0.000503
24296,41,dhmix_1982853461678580310,41,EnthalpyOfMixing,<Substance CCOC(C)(C)C{solv}{x=0.749500}|Cc1ccccc1{solv}{x=0.250500}>,CCOC(C)(C)C,Cc1ccccc1,openff-2.2.1-ashgc,1,-0.152095028196129,0.0445222957868281,-0.0348,0.0005
24297,42,dhmix_13624411991961099,42,EnthalpyOfMixing,<Substance C1CCOCC1{solv}{x=0.237900}|Cc1ccccc1N{solv}{x=0.762100}>,C1CCOCC1,Cc1ccccc1N,openff-2.2.1-ashgc,1,-0.0123593913670241,0.0411045195433065,-0.3658,0.004
24298,43,dhmix_510299013171775812,43,EnthalpyOfMixing,<Substance C1CCOCC1{solv}{x=0.741000}|Cc1ccccc1N{solv}{x=0.259000}>,C1CCOCC1,Cc1ccccc1N,openff-2.2.1-ashgc,1,-0.1787057659665336,0.0462707444560391,-0.4892,0.0053
24299,44,dhmix_1337006691942958969,44,EnthalpyOfMixing,<Substance C1CCOCC1{solv}{x=0.490100}|Cc1ccccc1N{solv}{x=0.509900}>,C1CCOCC1,Cc1ccccc1N,openff-2.2.1-ashgc,1,-0.1986410476742506,0.0473308058942133,-0.5715,0.0062
24300,45,dens_1448062547628404156,45,Density,<Substance C1CCOCC1{solv}{x=0.727900}|Cc1ccccc1N{solv}{x=0.272100}>,C1CCOCC1,Cc1ccccc1N,openff-2.2.1-ashgc,1,0.9096647627327212,0.0002386972195742,0.91866,0.000285
24301,46,dens_2171966897328079405,46,Density,<Substance C1CCOCC1{solv}{x=0.498600}|Cc1ccccc1N{solv}{x=0.501400}>,C1CCOCC1,Cc1ccccc1N,openff-2.2.1-ashgc,1,0.9446488216709364,0.0002677862286079,0.9459860000000002,0.0002275
24302,47,dens_2201621104799327758,47,Density,<Substance C1CCOCC1{solv}{x=0.229700}|Cc1ccccc1N{solv}{x=0.770300}>,C1CCOCC1,Cc1ccccc1N,openff-2.2.1-ashgc,1,0.982841366517356,0.0001855556755818,0.9734540000000002,0.000164
24303,48,dens_15008167137789802,48,Density,<Substance CCCCCl{solv}{x=0.299200}|CN(C)C=O{solv}{x=0.700800}>,CCCCCl,CN(C)C=O,openff-2.2.1-ashgc,1,0.8972176397691254,0.0002751285369084,0.9218000000000002,0.0002
24304,49,dens_550868133232739009,49,Density,<Substance CCCCCl{solv}{x=0.701200}|CN(C)C=O{solv}{x=0.298800}>,CCCCCl,CN(C)C=O,openff-2.2.1-ashgc,1,0.8732072174010441,0.0002986687686609,0.8963000000000002,0.0002
24305,50,dhmix_1315230298567753558,50,EnthalpyOfMixing,<Substance CCCCCl{solv}{x=0.793000}|CN(C)C=O{solv}{x=0.207000}>,CCCCCl,CN(C)C=O,openff-2.2.1-ashgc,1,0.7055026472339563,0.0443323255172463,0.404,0.003
24306,51,dhmix_1929975181819720491,51,EnthalpyOfMixing,<Substance CCCCCl{solv}{x=0.493000}|CN(C)C=O{solv}{x=0.507000}>,CCCCCl,CN(C)C=O,openff-2.2.1-ashgc,1,0.9847242763993124,0.0373966619614013,0.571,0.003
24307,52,dhmix_1976787548784045784,52,EnthalpyOfMixing,<Substance CCCCCl{solv}{x=0.295000}|CN(C)C=O{solv}{x=0.705000}>,CCCCCl,CN(C)C=O,openff-2.2.1-ashgc,1,0.7742373932630429,0.0347682285094158,0.467,0.003
24308,53,dens_2008819185276371643,53,Density,<Substance CCCCCl{solv}{x=0.499000}|CN(C)C=O{solv}{x=0.501000}>,CCCCCl,CN(C)C=O,openff-2.2.1-ashgc,1,0.8855188613102768,0.0002899790904756,0.9086000000000002,0.0002
24309,54,dens_16755306936326197,54,Density,<Substance Cc1ccccc1N{solv}{x=0.255700}|Cc1ccccn1{solv}{x=0.744300}>,Cc1ccccc1N,Cc1ccccn1,openff-2.2.1-ashgc,1,0.9624691979855248,0.0002147667835234,0.9597930000000002,0.000307
24310,55,dens_238666738854407136,55,Density,<Substance Cc1ccccc1N{solv}{x=0.514600}|Cc1ccccn1{solv}{x=0.485400}>,Cc1ccccc1N,Cc1ccccn1,openff-2.2.1-ashgc,1,0.9818728870933798,0.0001867474500112,0.9748990000000002,0.0002315
24311,56,dhmix_1909144841681931250,56,EnthalpyOfMixing,<Substance Cc1ccccc1N{solv}{x=0.488200}|Cc1ccccn1{solv}{x=0.511800}>,Cc1ccccc1N,Cc1ccccn1,openff-2.2.1-ashgc,1,-1.7554826776772146,0.0409883799399172,-1.4976,0.0305
24312,57,dens_1945534954282706534,57,Density,<Substance Cc1ccccc1N{solv}{x=0.757100}|Cc1ccccn1{solv}{x=0.242900}>,Cc1ccccc1N,Cc1ccccn1,openff-2.2.1-ashgc,1,0.9976939717724485,0.0001964098468663,0.9854410000000002,0.000169
24313,58,dhmix_2038606904928978856,58,EnthalpyOfMixing,<Substance Cc1ccccc1N{solv}{x=0.782100}|Cc1ccccn1{solv}{x=0.217900}>,Cc1ccccc1N,Cc1ccccn1,openff-2.2.1-ashgc,1,-0.9129831572000456,0.0485809334157556,-0.8656,0.01775
24314,59,dhmix_2125558080831870503,59,EnthalpyOfMixing,<Substance Cc1ccccc1N{solv}{x=0.273600}|Cc1ccccn1{solv}{x=0.726400}>,Cc1ccccc1N,Cc1ccccn1,openff-2.2.1-ashgc,1,-1.6532090784213551,0.0385527878055245,-1.2462,0.0254
24315,60,dens_19028061622240549,60,Density,<Substance CN(C)CCO{solv}{x=0.296200}|CO{solv}{x=0.703800}>,CN(C)CCO,CO,openff-2.2.1-ashgc,1,0.8353720556608739,0.0003321339230606,0.8506500000000001,0.00014
24316,61,dens_186649390549115907,61,Density,<Substance CN(C)CCO{solv}{x=0.502000}|CO{solv}{x=0.498000}>,CN(C)CCO,CO,openff-2.2.1-ashgc,1,0.860864110773269,0.0001924213567923,0.8684000000000002,0.000155
24317,62,dhmix_1453612193040378117,62,EnthalpyOfMixing,<Substance CN(C)CCO{solv}{x=0.497200}|CO{solv}{x=0.502800}>,CN(C)CCO,CO,openff-2.2.1-ashgc,1,-1.6022043667024377,0.0346835034428543,-0.8673,0.00935
24318,63,dens_1978392691277508278,63,Density,<Substance CN(C)CCO{solv}{x=0.707500}|CO{solv}{x=0.292500}>,CN(C)CCO,CO,openff-2.2.1-ashgc,1,0.8767385979859013,0.0002185825604554,0.8766100000000002,0.00017
24319,64,dhmix_2113387918969192804,64,EnthalpyOfMixing,<Substance CN(C)CCO{solv}{x=0.247900}|CO{solv}{x=0.752100}>,CN(C)CCO,CO,openff-2.2.1-ashgc,1,-1.3292186178090404,0.0305639175056385,-0.8057,0.0087
24320,65,dhmix_2220842061395014218,65,EnthalpyOfMixing,<Substance CN(C)CCO{solv}{x=0.750600}|CO{solv}{x=0.249400}>,CN(C)CCO,CO,openff-2.2.1-ashgc,1,-1.0157894050199443,0.0442801635889885,-0.5322,0.00585
24321,66,dhmix_21994921667950318,66,EnthalpyOfMixing,<Substance C=CCCCC{solv}{x=0.500100}|CCCO{solv}{x=0.499900}>,C=CCCCC,CCCO,openff-2.2.1-ashgc,1,0.7086782416053978,0.0449510290230553,0.595,0.0055
24322,67,dens_62854823056490751,67,Density,<Substance C=CCCCC{solv}{x=0.150300}|CCCO{solv}{x=0.849700}>,C=CCCCC,CCCO,openff-2.2.1-ashgc,1,0.7584107378826299,0.0002394594411675,0.7704980000000002,0.0001845
24323,68,dens_294296714501123310,68,Density,<Substance C=CCCCC{solv}{x=0.499100}|CCCO{solv}{x=0.500900}>,C=CCCCC,CCCO,openff-2.2.1-ashgc,1,0.6979899546049242,0.0002914553003302,0.7176450000000002,0.0002145
24324,69,dhmix_829065315899278784,69,EnthalpyOfMixing,<Substance C=CCCCC{solv}{x=0.750000}|CCCO{solv}{x=0.250000}>,C=CCCCC,CCCO,openff-2.2.1-ashgc,1,0.8172398416202356,0.042790525740404,0.682,0.006
24325,70,dens_2024397702416079279,70,Density,<Substance C=CCCCC{solv}{x=0.745600}|CCCO{solv}{x=0.254400}>,C=CCCCC,CCCO,openff-2.2.1-ashgc,1,0.6673169096344687,0.0002585931457763,0.6899770000000002,0.0002305
24326,71,dhmix_2167083041249157622,71,EnthalpyOfMixing,<Substance C=CCCCC{solv}{x=0.150100}|CCCO{solv}{x=0.849900}>,C=CCCCC,CCCO,openff-2.2.1-ashgc,1,0.4036662113950306,0.0357920604058646,0.192,0.005
24327,72,dhmix_22428169890990447,72,EnthalpyOfMixing,<Substance CC1(C)C(=O)[C@]2(C)CC[C@H]1C2{solv}{x=0.286000}|CCO{solv}{x=0.714000}>,CC1(C)C(=O)[C@]2(C)CC[C@H]1C2,CCO,openff-2.2.1-ashgc,1,0.559943729132371,0.0414414945470894,0.876,0.0265
24328,73,dhmix_57626661746168078,73,EnthalpyOfMixing,<Substance CC1(C)C(=O)[C@]2(C)CC[C@H]1C2{solv}{x=0.701000}|CCO{solv}{x=0.299000}>,CC1(C)C(=O)[C@]2(C)CC[C@H]1C2,CCO,openff-2.2.1-ashgc,1,0.6659615669041443,0.0537932658044296,1.0,0.0305
24329,74,dhmix_287041928444283276,74,EnthalpyOfMixing,<Substance CC1(C)C(=O)[C@]2(C)CC[C@H]1C2{solv}{x=0.488000}|CCO{solv}{x=0.512000}>,CC1(C)C(=O)[C@]2(C)CC[C@H]1C2,CCO,openff-2.2.1-ashgc,1,0.8119722594310019,0.0437588077281246,1.109,0.0335
24330,75,dens_618487453946854895,75,Density,<Substance CC1(C)C(=O)[C@]2(C)CC[C@H]1C2{solv}{x=0.501200}|CCO{solv}{x=0.498800}>,CC1(C)C(=O)[C@]2(C)CC[C@H]1C2,CCO,openff-2.2.1-ashgc,1,0.9051037928918996,0.0002071290550506,0.9005900000000002,5.5000000000000016e-05
24331,76,dens_1408969463542558504,76,Density,<Substance CC1(C)C(=O)[C@]2(C)CC[C@H]1C2{solv}{x=0.789700}|CCO{solv}{x=0.210300}>,CC1(C)C(=O)[C@]2(C)CC[C@H]1C2,CCO,openff-2.2.1-ashgc,1,0.933743708601739,0.0002078819389885,0.9274800000000002,6.0000000000000015e-05
24332,77,dens_2053919413592536040,77,Density,<Substance CC1(C)C(=O)[C@]2(C)CC[C@H]1C2{solv}{x=0.200200}|CCO{solv}{x=0.799800}>,CC1(C)C(=O)[C@]2(C)CC[C@H]1C2,CCO,openff-2.2.1-ashgc,1,0.8512565280387683,0.0002826163764623,0.8499000000000002,6.500000000000002e-05
24333,78,dhmix_24700325920498635,78,EnthalpyOfMixing,<Substance CCC(C)(C)O{solv}{x=0.799400}|CCOC(C)(C)CC{solv}{x=0.200600}>,CCC(C)(C)O,CCOC(C)(C)CC,openff-2.2.1-ashgc,1,0.5665470384395519,0.0413120716622299,0.448,0.0073
24334,79,dhmix_252628078473967793,79,EnthalpyOfMixing,<Substance CCC(C)(C)O{solv}{x=0.299700}|CCOC(C)(C)CC{solv}{x=0.700300}>,CCC(C)(C)O,CCOC(C)(C)CC,openff-2.2.1-ashgc,1,0.9731970074831652,0.0535220950636445,0.9727,0.0132
24335,80,dens_281609537293621351,80,Density,<Substance CCC(C)(C)O{solv}{x=0.799400}|CCOC(C)(C)CC{solv}{x=0.200600}>,CCC(C)(C)O,CCOC(C)(C)CC,openff-2.2.1-ashgc,1,0.8026779973383987,0.0001868182452187,0.7932000000000002,0.00025
24336,81,dhmix_980734994193955874,81,EnthalpyOfMixing,<Substance CCC(C)(C)O{solv}{x=0.498700}|CCOC(C)(C)CC{solv}{x=0.501300}>,CCC(C)(C)O,CCOC(C)(C)CC,openff-2.2.1-ashgc,1,1.1588741015022848,0.050467397831059,0.8937,0.01225
24337,82,dens_1165049856972872340,82,Density,<Substance CCC(C)(C)O{solv}{x=0.498700}|CCOC(C)(C)CC{solv}{x=0.501300}>,CCC(C)(C)O,CCOC(C)(C)CC,openff-2.2.1-ashgc,1,0.7846030356158864,0.0002384230217848,0.7789000000000001,0.0002
24338,83,dens_2297026976830009992,83,Density,<Substance CCC(C)(C)O{solv}{x=0.299700}|CCOC(C)(C)CC{solv}{x=0.700300}>,CCC(C)(C)O,CCOC(C)(C)CC,openff-2.2.1-ashgc,1,0.7739223567944665,0.0001556421451519,0.7709000000000001,0.0002
24339,84,dens_25810987980199799,84,Density,<Substance CCCCCC{solv}{x=0.158800}|Cc1ccccc1{solv}{x=0.841200}>,CCCCCC,Cc1ccccc1,openff-2.2.1-ashgc,1,0.8063518251201885,0.0002450929022688,0.8226300000000002,0.000335
24340,85,dens_574637447996217594,85,Density,<Substance CCCCCC{solv}{x=0.501100}|Cc1ccccc1{solv}{x=0.498900}>,CCCCCC,Cc1ccccc1,openff-2.2.1-ashgc,1,0.7314962108545027,0.0002354703096489,0.7484400000000002,0.00015
24341,86,dhmix_1373657903424456878,86,EnthalpyOfMixing,<Substance CCCCCC{solv}{x=0.158600}|Cc1ccccc1{solv}{x=0.841400}>,CCCCCC,Cc1ccccc1,openff-2.2.1-ashgc,1,0.3633099322444622,0.0460415814326761,0.3163,0.0043
24342,87,dhmix_1383995974797334848,87,EnthalpyOfMixing,<Substance CCCCCC{solv}{x=0.472300}|Cc1ccccc1{solv}{x=0.527700}>,CCCCCC,Cc1ccccc1,openff-2.2.1-ashgc,1,0.6995449964950922,0.037387919357011,0.5467,0.00715
24343,88,dhmix_1412344026798360911,88,EnthalpyOfMixing,<Substance CCCCCC{solv}{x=0.748400}|Cc1ccccc1{solv}{x=0.251600}>,CCCCCC,Cc1ccccc1,openff-2.2.1-ashgc,1,0.5169524478487233,0.0451558204376593,0.393,0.00525
24344,89,dens_2241575426887298365,89,Density,<Substance CCCCCC{solv}{x=0.733800}|Cc1ccccc1{solv}{x=0.266200}>,CCCCCC,Cc1ccccc1,openff-2.2.1-ashgc,1,0.6860045117921021,0.0002393841551288,0.7020900000000002,0.000305
24345,90,dens_27241401908451167,90,Density,<Substance CN(C)C=O{solv}{x=0.503500}|Cc1ccccc1Cl{solv}{x=0.496500}>,CN(C)C=O,Cc1ccccc1Cl,openff-2.2.1-ashgc,1,1.0076671105926738,0.0002558216831595,1.0247000000000004,0.0005
24346,91,dhmix_674882857451857086,91,EnthalpyOfMixing,<Substance CN(C)C=O{solv}{x=0.511800}|Cc1ccccc1Cl{solv}{x=0.488200}>,CN(C)C=O,Cc1ccccc1Cl,openff-2.2.1-ashgc,1,0.2281005592617475,0.0316869940782402,0.545,0.006
24347,92,dens_818042132181297482,92,Density,<Substance CN(C)C=O{solv}{x=0.751200}|Cc1ccccc1Cl{solv}{x=0.248800}>,CN(C)C=O,Cc1ccccc1Cl,openff-2.2.1-ashgc,1,0.9668365747502372,0.0002403731364194,0.9898800000000002,0.0005
24348,93,dens_861365281257265917,93,Density,<Substance CN(C)C=O{solv}{x=0.273700}|Cc1ccccc1Cl{solv}{x=0.726300}>,CN(C)C=O,Cc1ccccc1Cl,openff-2.2.1-ashgc,1,1.0275380985121656,0.0002725299485828,1.0415000000000003,0.0005
24349,94,dhmix_1670364528496870559,94,EnthalpyOfMixing,<Substance CN(C)C=O{solv}{x=0.767900}|Cc1ccccc1Cl{solv}{x=0.232100}>,CN(C)C=O,Cc1ccccc1Cl,openff-2.2.1-ashgc,1,0.1235209161765666,0.0381206197722525,0.436,0.005
24350,95,dhmix_1992689527814967541,95,EnthalpyOfMixing,<Substance CN(C)C=O{solv}{x=0.274300}|Cc1ccccc1Cl{solv}{x=0.725700}>,CN(C)C=O,Cc1ccccc1Cl,openff-2.2.1-ashgc,1,0.195824345663226,0.0419590596111165,0.373,0.004
24351,96,dens_29213618499921464,96,Density,<Substance C1CCOCC1{solv}{x=0.254000}|O=C1CCCCCC1{solv}{x=0.746000}>,C1CCOCC1,O=C1CCCCCC1,openff-2.2.1-ashgc,1,0.9089992725026268,0.0001786106033145,0.9355100000000002,0.00051
24352,97,dens_468319504030932569,97,Density,<Substance C1CCOCC1{solv}{x=0.498600}|O=C1CCCCCC1{solv}{x=0.501400}>,C1CCOCC1,O=C1CCCCCC1,openff-2.2.1-ashgc,1,0.8962861337339191,0.0001805767029359,0.9211200000000004,0.00051
24353,98,dens_1174890511154571939,98,Density,<Substance C1CCOCC1{solv}{x=0.768600}|O=C1CCCCCC1{solv}{x=0.231400}>,C1CCOCC1,O=C1CCCCCC1,openff-2.2.1-ashgc,1,0.8804305174756062,0.0002089231335009,0.9012200000000002,0.000505
24354,99,dens_30084818585402677,99,Density,<Substance CC(=O)N(C)C{solv}{x=0.700600}|ClCCCCCCCl{solv}{x=0.299400}>,CC(=O)N(C)C,ClCCCCCCCl,openff-2.2.1-ashgc,1,0.9585932932117472,0.0002258278076276,0.9853000000000002,0.00175
24355,100,dhmix_384619296407103076,100,EnthalpyOfMixing,<Substance CC(=O)N(C)C{solv}{x=0.504000}|ClCCCCCCCl{solv}{x=0.496000}>,CC(=O)N(C)C,ClCCCCCCCl,openff-2.2.1-ashgc,1,0.3501078102775494,0.0425700484503457,0.09,0.002
24356,101,dens_539464371986972328,101,Density,<Substance CC(=O)N(C)C{solv}{x=0.494300}|ClCCCCCCCl{solv}{x=0.505700}>,CC(=O)N(C)C,ClCCCCCCCl,openff-2.2.1-ashgc,1,0.992934226623618,0.0002136862226117,1.0123000000000002,0.0016
24357,102,dhmix_1114659247517686326,102,EnthalpyOfMixing,<Substance CC(=O)N(C)C{solv}{x=0.798000}|ClCCCCCCCl{solv}{x=0.202000}>,CC(=O)N(C)C,ClCCCCCCCl,openff-2.2.1-ashgc,1,0.1022047270204371,0.0439207937931679,0.067,0.002
24358,103,dhmix_1410583096030633514,103,EnthalpyOfMixing,<Substance CC(=O)N(C)C{solv}{x=0.212000}|ClCCCCCCCl{solv}{x=0.788000}>,CC(=O)N(C)C,ClCCCCCCCl,openff-2.2.1-ashgc,1,0.1653769629893133,0.044065105260888,0.04,0.002
24359,104,dens_2244909992725638206,104,Density,<Substance CC(=O)N(C)C{solv}{x=0.300200}|ClCCCCCCCl{solv}{x=0.699800}>,CC(=O)N(C)C,ClCCCCCCCl,openff-2.2.1-ashgc,1,1.0199018015974572,0.0002515599707349,1.0345000000000002,0.0015
24360,105,dhmix_35301006695188726,105,EnthalpyOfMixing,<Substance CCOC(=O)C(C)C{solv}{x=0.289000}|CO{solv}{x=0.711000}>,CCOC(=O)C(C)C,CO,openff-2.2.1-ashgc,1,0.2327204498460418,0.0320356174507957,0.488,0.0035
24361,106,dens_508877804306927207,106,Density,<Substance CCOC(=O)C(C)C{solv}{x=0.499000}|CO{solv}{x=0.501000}>,CCOC(=O)C(C)C,CO,openff-2.2.1-ashgc,1,0.8399537512245591,0.0002739526834339,0.8414100000000002,0.00011
24362,107,dens_1201422771202741625,107,Density,<Substance CCOC(=O)C(C)C{solv}{x=0.199600}|CO{solv}{x=0.800400}>,CCOC(=O)C(C)C,CO,openff-2.2.1-ashgc,1,0.8050846876318906,0.0003580852024482,0.8173600000000002,0.000115
24363,108,dhmix_1951183536432642425,108,EnthalpyOfMixing,<Substance CCOC(=O)C(C)C{solv}{x=0.480000}|CO{solv}{x=0.520000}>,CCOC(=O)C(C)C,CO,openff-2.2.1-ashgc,1,0.3587526029700498,0.0349733507006299,0.671,0.0045
24364,109,dens_1998368384671748308,109,Density,<Substance CCOC(=O)C(C)C{solv}{x=0.703000}|CO{solv}{x=0.297000}>,CCOC(=O)C(C)C,CO,openff-2.2.1-ashgc,1,0.853634090335745,0.0002447946397782,0.8501200000000002,0.00011
24365,110,dhmix_2200604492347455092,110,EnthalpyOfMixing,<Substance CCOC(=O)C(C)C{solv}{x=0.771000}|CO{solv}{x=0.229000}>,CCOC(=O)C(C)C,CO,openff-2.2.1-ashgc,1,0.2794802939605603,0.0500184194831599,0.632,0.0045
24366,111,dhmix_39159150320919359,111,EnthalpyOfMixing,<Substance CCO{solv}{x=0.799700}|Cc1cccc(O)c1{solv}{x=0.200300}>,CCO,Cc1cccc(O)c1,openff-2.2.1-ashgc,1,-0.7289239220205772,0.0339397945630256,-0.79199,0.011965
24367,112,dens_410843938837220593,112,Density,<Substance CCO{solv}{x=0.263700}|Cc1cccc(O)c1{solv}{x=0.736300}>,CCO,Cc1cccc(O)c1,openff-2.2.1-ashgc,1,0.9863798184270932,0.0002331679679741,0.9852300000000004,0.0006
24368,113,dhmix_1115402835538407874,113,EnthalpyOfMixing,<Substance CCO{solv}{x=0.212500}|Cc1cccc(O)c1{solv}{x=0.787500}>,CCO,Cc1cccc(O)c1,openff-2.2.1-ashgc,1,-0.5703170902491337,0.0433673721546328,-0.68742,0.01275
24369,114,dens_1359111234216199895,114,Density,<Substance CCO{solv}{x=0.472400}|Cc1cccc(O)c1{solv}{x=0.527600}>,CCO,Cc1cccc(O)c1,openff-2.2.1-ashgc,1,0.9493035293397956,0.0002528313254136,0.9446300000000002,0.0006
24370,115,dens_1590314985481219627,115,Density,<Substance CCO{solv}{x=0.781700}|Cc1cccc(O)c1{solv}{x=0.218300}>,CCO,Cc1cccc(O)c1,openff-2.2.1-ashgc,1,0.8680429478538335,0.0002760921766602,0.8631500000000002,0.000605
24371,116,dhmix_1871939727966182523,116,EnthalpyOfMixing,<Substance CCO{solv}{x=0.413900}|Cc1cccc(O)c1{solv}{x=0.586100}>,CCO,Cc1cccc(O)c1,openff-2.2.1-ashgc,1,-1.063070204166003,0.0373513179222579,-1.14624,0.00985
24372,117,dens_42678158079716854,117,Density,<Substance CN1CCCC1=O{solv}{x=0.937492}|c1ccccc1{solv}{x=0.062508}>,CN1CCCC1=O,c1ccccc1,openff-2.2.1-ashgc,1,0.9912232282808834,0.0002071953755358,1.0204500000000003,3.500000000000001e-05
24373,118,dens_252520620125458637,118,Density,<Substance CN1CCCC1=O{solv}{x=0.513500}|c1ccccc1{solv}{x=0.486500}>,CN1CCCC1=O,c1ccccc1,openff-2.2.1-ashgc,1,0.9454824429235712,0.0002168356468505,0.9684700000000004,0.00018
24374,119,dhmix_524477957640851666,119,EnthalpyOfMixing,<Substance CN1CCCC1=O{solv}{x=0.235600}|c1ccccc1{solv}{x=0.764400}>,CN1CCCC1=O,c1ccccc1,openff-2.2.1-ashgc,1,-0.1261446859513455,0.0398358677782269,-0.3684,0.00405
24375,120,dhmix_1475629358723962160,120,EnthalpyOfMixing,<Substance CN1CCCC1=O{solv}{x=0.546700}|c1ccccc1{solv}{x=0.453300}>,CN1CCCC1=O,c1ccccc1,openff-2.2.1-ashgc,1,-0.1325230808019597,0.043381629937718,-0.4943,0.00535
24376,121,dens_2041306780823594960,121,Density,<Substance CN1CCCC1=O{solv}{x=0.252400}|c1ccccc1{solv}{x=0.747600}>,CN1CCCC1=O,c1ccccc1,openff-2.2.1-ashgc,1,0.8971361488090287,0.0003196305398525,0.9163300000000004,0.00029
24377,122,dhmix_2156508970935294660,122,EnthalpyOfMixing,<Substance CN1CCCC1=O{solv}{x=0.741100}|c1ccccc1{solv}{x=0.258900}>,CN1CCCC1=O,c1ccccc1,openff-2.2.1-ashgc,1,-0.1405634589783417,0.0398929299274843,-0.3841,0.0042
24378,123,dhmix_44217680865702366,123,EnthalpyOfMixing,<Substance CC(=O)c1ccccc1{solv}{x=0.200100}|CC(C)O{solv}{x=0.799900}>,CC(=O)c1ccccc1,CC(C)O,openff-2.2.1-ashgc,1,0.8261717583368346,0.0377389588507725,1.1352,0.0124
24379,124,dens_91454082453656404,124,Density,<Substance CC(=O)c1ccccc1{solv}{x=0.756100}|CC(C)O{solv}{x=0.243900}>,CC(=O)c1ccccc1,CC(C)O,openff-2.2.1-ashgc,1,0.9684841021599476,0.0001846139642831,0.9823500000000004,0.000175
24380,125,dens_152869924254680766,125,Density,<Substance CC(=O)c1ccccc1{solv}{x=0.251700}|CC(C)O{solv}{x=0.748300}>,CC(=O)c1ccccc1,CC(C)O,openff-2.2.1-ashgc,1,0.8691098839397451,0.000257927187287,0.8654400000000002,0.000245
24381,126,dhmix_1214494501247401592,126,EnthalpyOfMixing,<Substance CC(=O)c1ccccc1{solv}{x=0.499600}|CC(C)O{solv}{x=0.500400}>,CC(=O)c1ccccc1,CC(C)O,openff-2.2.1-ashgc,1,1.1891089537472157,0.0402705228887295,1.5703,0.0169
24382,127,dhmix_1482394504883204224,127,EnthalpyOfMixing,<Substance CC(=O)c1ccccc1{solv}{x=0.700600}|CC(C)O{solv}{x=0.299400}>,CC(=O)c1ccccc1,CC(C)O,openff-2.2.1-ashgc,1,1.0217637352822209,0.0434827531553345,1.3758,0.01485
24383,128,dens_1804860114822214449,128,Density,<Substance CC(=O)c1ccccc1{solv}{x=0.534500}|CC(C)O{solv}{x=0.465500}>,CC(=O)c1ccccc1,CC(C)O,openff-2.2.1-ashgc,1,0.9303242420335934,0.0002522166644662,0.9375600000000002,0.0002
24384,129,dhmix_47323681380989568,129,EnthalpyOfMixing,<Substance CCCCCCCCCl{solv}{x=0.498000}|CN(C)C=O{solv}{x=0.502000}>,CCCCCCCCCl,CN(C)C=O,openff-2.2.1-ashgc,1,1.3216616069596938,0.045535993035904,1.087,0.0045
24385,130,dhmix_620291288515939248,130,EnthalpyOfMixing,<Substance CCCCCCCCCl{solv}{x=0.790000}|CN(C)C=O{solv}{x=0.210000}>,CCCCCCCCCl,CN(C)C=O,openff-2.2.1-ashgc,1,1.036555887040464,0.0562125167624742,0.68,0.0045
24386,131,dens_1830564734879843336,131,Density,<Substance CCCCCCCCCl{solv}{x=0.733100}|CN(C)C=O{solv}{x=0.266900}>,CCCCCCCCCl,CN(C)C=O,openff-2.2.1-ashgc,1,0.8662264448850003,0.0001674557099528,0.8779000000000002,0.00045
24387,132,dens_1865569264533219410,132,Density,<Substance CCCCCCCCCl{solv}{x=0.500800}|CN(C)C=O{solv}{x=0.499200}>,CCCCCCCCCl,CN(C)C=O,openff-2.2.1-ashgc,1,0.8751054680703648,0.0002061343720181,0.8897000000000003,0.0004
24388,133,dens_1893252821735673677,133,Density,<Substance CCCCCCCCCl{solv}{x=0.199800}|CN(C)C=O{solv}{x=0.800200}>,CCCCCCCCCl,CN(C)C=O,openff-2.2.1-ashgc,1,0.8941977984940418,0.0002221107475763,0.9149000000000002,0.0003
24389,134,dhmix_2175249209874409534,134,EnthalpyOfMixing,<Substance CCCCCCCCCl{solv}{x=0.205000}|CN(C)C=O{solv}{x=0.795000}>,CCCCCCCCCl,CN(C)C=O,openff-2.2.1-ashgc,1,1.0325174169200937,0.0378744705568012,0.79,0.0045
24390,135,dens_47347406470845261,135,Density,<Substance BrCCCBr{solv}{x=0.748600}|COC=O{solv}{x=0.251400}>,BrCCCBr,COC=O,openff-2.2.1-ashgc,1,1.74725029087706,0.0004965369219765,1.7969200000000003,0.00306
24391,136,dens_398260729245374704,136,Density,<Substance BrCCCBr{solv}{x=0.472200}|COC=O{solv}{x=0.527800}>,BrCCCBr,COC=O,openff-2.2.1-ashgc,1,1.5389591209925604,0.0005470167855678,1.5585100000000005,0.001985
24392,137,dhmix_1440467239786579925,137,EnthalpyOfMixing,<Substance BrCCCBr{solv}{x=0.735400}|COC=O{solv}{x=0.264600}>,BrCCCBr,COC=O,openff-2.2.1-ashgc,1,0.7357088310912019,0.0310426618390656,0.7435,0.00655
24393,138,dens_1812113401512645360,138,Density,<Substance BrCCCBr{solv}{x=0.204700}|COC=O{solv}{x=0.795300}>,BrCCCBr,COC=O,openff-2.2.1-ashgc,1,1.2721472002697083,0.0004242154224723,1.2611800000000004,0.001025
24394,139,dhmix_2252268161220427112,139,EnthalpyOfMixing,<Substance BrCCCBr{solv}{x=0.485300}|COC=O{solv}{x=0.514700}>,BrCCCBr,COC=O,openff-2.2.1-ashgc,1,0.8876158657460387,0.034185149128197,0.9249,0.00795
24395,140,dhmix_2289960806584862127,140,EnthalpyOfMixing,<Substance BrCCCBr{solv}{x=0.239500}|COC=O{solv}{x=0.760500}>,BrCCCBr,COC=O,openff-2.2.1-ashgc,1,0.7490129732815882,0.0364826698791027,0.6669,0.00595
24396,141,dens_52148744845178727,141,Density,<Substance CC(=O)CC(C)C{solv}{x=0.700900}|CCC(C)(C)O{solv}{x=0.299100}>,CC(=O)CC(C)C,CCC(C)(C)O,openff-2.2.1-ashgc,1,0.7958059987811751,0.0002175459983455,0.7968700000000002,0.00018
24397,142,dhmix_202225007451030020,142,EnthalpyOfMixing,<Substance CC(=O)CC(C)C{solv}{x=0.201700}|CCC(C)(C)O{solv}{x=0.798300}>,CC(=O)CC(C)C,CCC(C)(C)O,openff-2.2.1-ashgc,1,0.2771448625742589,0.0654014359789848,0.8181,0.01135
24398,143,dens_938275493819605051,143,Density,<Substance CC(=O)CC(C)C{solv}{x=0.500800}|CCC(C)(C)O{solv}{x=0.499200}>,CC(=O)CC(C)C,CCC(C)(C)O,openff-2.2.1-ashgc,1,0.8016856951625543,0.0002329042948177,0.7987300000000002,0.00018
24399,144,dhmix_998794233701009996,144,EnthalpyOfMixing,<Substance CC(=O)CC(C)C{solv}{x=0.500800}|CCC(C)(C)O{solv}{x=0.499200}>,CC(=O)CC(C)C,CCC(C)(C)O,openff-2.2.1-ashgc,1,0.5482858621006752,0.0536821284791143,1.3674,0.0185
24400,145,dhmix_1565593158104493647,145,EnthalpyOfMixing,<Substance CC(=O)CC(C)C{solv}{x=0.700900}|CCC(C)(C)O{solv}{x=0.299100}>,CC(=O)CC(C)C,CCC(C)(C)O,openff-2.2.1-ashgc,1,0.5131540712983096,0.0429959587323242,1.2068,0.0164
24401,146,dens_2097057526665137697,146,Density,<Substance CC(=O)CC(C)C{solv}{x=0.201700}|CCC(C)(C)O{solv}{x=0.798300}>,CC(=O)CC(C)C,CCC(C)(C)O,openff-2.2.1-ashgc,1,0.8125439380508139,0.0002475939189111,0.8030000000000002,0.00019
24402,147,dens_60145312697659458,147,Density,<Substance OC1=NCCC1{solv}{x=0.231200}|c1ccncc1{solv}{x=0.768800}>,OC1=NCCC1,c1ccncc1,openff-2.2.1-ashgc,1,0.9976504861245544,0.0002418841608927,1.0106200000000003,0.00051
24403,148,dhmix_281987656487279026,148,EnthalpyOfMixing,<Substance OC1=NCCC1{solv}{x=0.525600}|c1ccncc1{solv}{x=0.474400}>,OC1=NCCC1,c1ccncc1,openff-2.2.1-ashgc,1,0.1094945442727777,0.0354338630470318,0.2031,0.0508
24404,149,dens_617740093035429712,149,Density,<Substance OC1=NCCC1{solv}{x=0.831200}|c1ccncc1{solv}{x=0.168800}>,OC1=NCCC1,c1ccncc1,openff-2.2.1-ashgc,1,1.0504654274050114,0.0002479376141129,1.0872000000000004,0.00052
24405,150,dhmix_658699797311871042,150,EnthalpyOfMixing,<Substance OC1=NCCC1{solv}{x=0.261500}|c1ccncc1{solv}{x=0.738500}>,OC1=NCCC1,c1ccncc1,openff-2.2.1-ashgc,1,0.1197154251278718,0.0383897613206369,0.165,0.04125
24406,151,dhmix_774470106511868908,151,EnthalpyOfMixing,<Substance OC1=NCCC1{solv}{x=0.831100}|c1ccncc1{solv}{x=0.168900}>,OC1=NCCC1,c1ccncc1,openff-2.2.1-ashgc,1,0.0706885227889699,0.0413133686328245,0.0972,0.0243
24407,152,dens_1837977312272564303,152,Density,<Substance OC1=NCCC1{solv}{x=0.475200}|c1ccncc1{solv}{x=0.524800}>,OC1=NCCC1,c1ccncc1,openff-2.2.1-ashgc,1,1.0208958082209263,0.0001949972743606,1.0431300000000003,0.000515
24408,153,dens_64870336397637683,153,Density,<Substance NCCCO{solv}{x=0.489642}|O{solv}{x=0.510358}>,NCCCO,O,openff-2.2.1-ashgc,1,1.0262934749325774,0.0004796795678761,1.0059000000000002,0.00155
24409,154,dens_70371380055449550,154,Density,<Substance NCCCO{solv}{x=0.708044}|O{solv}{x=0.291956}>,NCCCO,O,openff-2.2.1-ashgc,1,1.0273575040600187,0.0003477279185783,0.9975000000000004,0.0018
24410,155,dhmix_150384853762728924,155,EnthalpyOfMixing,<Substance NCCCO{solv}{x=0.751500}|O{solv}{x=0.248500}>,NCCCO,O,openff-2.2.1-ashgc,1,-0.5142207952490665,0.0369383264848204,-1.531,0.031
24411,156,dens_847209819230970781,156,Density,<Substance NCCCO{solv}{x=0.272809}|O{solv}{x=0.727191}>,NCCCO,O,openff-2.2.1-ashgc,1,1.017221273161908,0.0003295855456859,1.0118000000000005,0.0014
24412,157,dhmix_1448036989335532298,157,EnthalpyOfMixing,<Substance NCCCO{solv}{x=0.298200}|O{solv}{x=0.701800}>,NCCCO,O,openff-2.2.1-ashgc,1,-0.513727436232756,0.0235153968843335,-2.501,0.051
24413,158,dhmix_1551692974855642379,158,EnthalpyOfMixing,<Substance NCCCO{solv}{x=0.498900}|O{solv}{x=0.501100}>,NCCCO,O,openff-2.2.1-ashgc,1,-0.4103436427489555,0.0384791102392044,-2.462,0.05
24414,159,dhmix_65921650414250861,159,EnthalpyOfMixing,<Substance CCOC(=O)CC(C)=O{solv}{x=0.499500}|CCO{solv}{x=0.500500}>,CCO,CCOC(=O)CC(C)=O,openff-2.2.1-ashgc,1,1.4675795866741908,0.04126071786445,1.7079,0.0183
24415,160,dhmix_546962203716710778,160,EnthalpyOfMixing,<Substance CCOC(=O)CC(C)=O{solv}{x=0.299400}|CCO{solv}{x=0.700600}>,CCO,CCOC(=O)CC(C)=O,openff-2.2.1-ashgc,1,1.4065093942727884,0.0378401277454098,1.4925,0.01605
24416,161,dens_989479368116300355,161,Density,<Substance CCOC(=O)CC(C)=O{solv}{x=0.500000}|CCO{solv}{x=0.500000}>,CCO,CCOC(=O)CC(C)=O,openff-2.2.1-ashgc,1,0.949515683234943,0.0002112340975448,0.9484700000000004,0.000155
24417,162,dens_1726065156375824332,162,Density,<Substance CCOC(=O)CC(C)=O{solv}{x=0.250000}|CCO{solv}{x=0.750000}>,CCO,CCOC(=O)CC(C)=O,openff-2.2.1-ashgc,1,0.8859856330513997,0.0002776203713389,0.8856300000000003,0.00017
24418,163,dens_1736679431098209973,163,Density,<Substance CCOC(=O)CC(C)=O{solv}{x=0.750000}|CCO{solv}{x=0.250000}>,CCO,CCOC(=O)CC(C)=O,openff-2.2.1-ashgc,1,0.9921601395814852,0.0002109672344785,0.9917100000000004,0.00017
24419,164,dhmix_2221487218644783272,164,EnthalpyOfMixing,<Substance CCOC(=O)CC(C)=O{solv}{x=0.700800}|CCO{solv}{x=0.299200}>,CCO,CCOC(=O)CC(C)=O,openff-2.2.1-ashgc,1,1.2083321161844935,0.0454182298637815,1.478,0.0159
24420,165,dhmix_68947190908856741,165,EnthalpyOfMixing,<Substance C1COCCO1{solv}{x=0.250000}|O=C1CCCC1{solv}{x=0.750000}>,C1COCCO1,O=C1CCCC1,openff-2.2.1-ashgc,1,-0.1059941396160866,0.0409458287904205,0.04589,0.00057
24421,166,dens_225413782402822877,166,Density,<Substance C1COCCO1{solv}{x=0.777800}|O=C1CCCC1{solv}{x=0.222200}>,C1COCCO1,O=C1CCCC1,openff-2.2.1-ashgc,1,0.999457310417862,0.0002188113703621,1.0081000000000002,0.000255
24422,167,dhmix_415496698649060745,167,EnthalpyOfMixing,<Substance C1COCCO1{solv}{x=0.500000}|O=C1CCCC1{solv}{x=0.500000}>,C1COCCO1,O=C1CCCC1,openff-2.2.1-ashgc,1,-0.0135405131210433,0.0379081765565065,0.07457,0.00068
24423,168,dens_803440153424346423,168,Density,<Substance C1COCCO1{solv}{x=0.506300}|O=C1CCCC1{solv}{x=0.493700}>,C1COCCO1,O=C1CCCC1,openff-2.2.1-ashgc,1,0.9676985122501784,0.0002242374772379,0.9849200000000002,0.00025
24424,169,dens_1553194080174872005,169,Density,<Substance C1COCCO1{solv}{x=0.243600}|O=C1CCCC1{solv}{x=0.756400}>,C1COCCO1,O=C1CCCC1,openff-2.2.1-ashgc,1,0.9379313868644482,0.0002237966833483,0.9633500000000004,0.000245
24425,170,dhmix_1852349497898107924,170,EnthalpyOfMixing,<Substance C1COCCO1{solv}{x=0.750000}|O=C1CCCC1{solv}{x=0.250000}>,C1COCCO1,O=C1CCCC1,openff-2.2.1-ashgc,1,-0.0265290400271567,0.0432361920241829,0.07097,0.000665
24426,171,dhmix_71170350241685196,171,EnthalpyOfMixing,<Substance COC(C)(C)C{solv}{x=0.749000}|ClC(Cl)Cl{solv}{x=0.251000}>,COC(C)(C)C,ClC(Cl)Cl,openff-2.2.1-ashgc,1,-0.8757089952569146,0.0433997934193604,-1.9,0.077
24427,172,dens_554111049740737271,172,Density,<Substance COC(C)(C)C{solv}{x=0.454000}|ClC(Cl)Cl{solv}{x=0.546000}>,COC(C)(C)C,ClC(Cl)Cl,openff-2.2.1-ashgc,1,1.1161484227777003,0.0003935613408963,1.0838000000000003,0.00015
24428,173,dhmix_1691495556773848750,173,EnthalpyOfMixing,<Substance COC(C)(C)C{solv}{x=0.484000}|ClC(Cl)Cl{solv}{x=0.516000}>,COC(C)(C)C,ClC(Cl)Cl,openff-2.2.1-ashgc,1,-1.3093323932406342,0.0370465374372718,-2.1,0.0845
24429,174,dens_1874337336846858625,174,Density,<Substance COC(C)(C)C{solv}{x=0.276000}|ClC(Cl)Cl{solv}{x=0.724000}>,COC(C)(C)C,ClC(Cl)Cl,openff-2.2.1-ashgc,1,1.2755326551186144,0.0004880457301709,1.2259000000000004,0.0002
24430,175,dens_2136498248834183810,175,Density,<Substance COC(C)(C)C{solv}{x=0.728600}|ClC(Cl)Cl{solv}{x=0.271400}>,COC(C)(C)C,ClC(Cl)Cl,openff-2.2.1-ashgc,1,0.9105213974735804,0.0002185597792706,0.8956000000000003,0.00015
24431,176,dhmix_2232264038422377060,176,EnthalpyOfMixing,<Substance COC(C)(C)C{solv}{x=0.220000}|ClC(Cl)Cl{solv}{x=0.780000}>,COC(C)(C)C,ClC(Cl)Cl,openff-2.2.1-ashgc,1,-0.9061778188172838,0.0280073350051233,-1.5,0.0605
24432,177,dhmix_73322629991074290,177,EnthalpyOfMixing,<Substance CCC(C)=O{solv}{x=0.212400}|CCN(CC)CC{solv}{x=0.787600}>,CCC(C)=O,CCN(CC)CC,openff-2.2.1-ashgc,1,0.3660915836142635,0.0479287081462998,0.57,0.006
24433,178,dens_317201778138256714,178,Density,<Substance CCC(C)=O{solv}{x=0.261000}|CCN(CC)CC{solv}{x=0.739000}>,CCC(C)=O,CCN(CC)CC,openff-2.2.1-ashgc,1,0.73090430315905,0.0002404434020185,0.7361510000000001,0.000106
24434,179,dens_544322850735592196,179,Density,<Substance CCC(C)=O{solv}{x=0.510600}|CCN(CC)CC{solv}{x=0.489400}>,CCC(C)=O,CCN(CC)CC,openff-2.2.1-ashgc,1,0.7417117019218858,0.0002318637636243,0.7527560000000002,0.0001045
24435,180,dhmix_690665189446107141,180,EnthalpyOfMixing,<Substance CCC(C)=O{solv}{x=0.496700}|CCN(CC)CC{solv}{x=0.503300}>,CCC(C)=O,CCN(CC)CC,openff-2.2.1-ashgc,1,0.441462187695258,0.0414440015210665,0.746,0.008
24436,181,dhmix_935249702283890201,181,EnthalpyOfMixing,<Substance CCC(C)=O{solv}{x=0.789300}|CCN(CC)CC{solv}{x=0.210700}>,CCC(C)=O,CCN(CC)CC,openff-2.2.1-ashgc,1,0.334520121798624,0.04007447814807,0.455,0.005
24437,182,dens_1635002920322954883,182,Density,<Substance CCC(C)=O{solv}{x=0.760400}|CCN(CC)CC{solv}{x=0.239600}>,CCC(C)=O,CCN(CC)CC,openff-2.2.1-ashgc,1,0.7558089783458726,0.0002404583896952,0.7738830000000002,9.900000000000003e-05
24438,183,dhmix_76833325524040726,183,EnthalpyOfMixing,<Substance C1CCCCC1{solv}{x=0.260600}|c1ccccc1{solv}{x=0.739400}>,C1CCCCC1,c1ccccc1,openff-2.2.1-ashgc,1,0.846759604386321,0.0399705411435873,0.6282,0.00695
24439,184,dens_330305790736126156,184,Density,<Substance C1CCCCC1{solv}{x=0.499600}|c1ccccc1{solv}{x=0.500400}>,C1CCCCC1,c1ccccc1,openff-2.2.1-ashgc,1,0.7919058538649342,0.0002577249520374,0.8136000000000002,0.0002
24440,185,dhmix_460305358266375837,185,EnthalpyOfMixing,<Substance C1CCCCC1{solv}{x=0.766800}|c1ccccc1{solv}{x=0.233200}>,C1CCCCC1,c1ccccc1,openff-2.2.1-ashgc,1,0.8408113210323904,0.0452881179882096,0.5517,0.00725
24441,186,dens_1579941980285561951,186,Density,<Substance C1CCCCC1{solv}{x=0.249800}|c1ccccc1{solv}{x=0.750200}>,C1CCCCC1,c1ccccc1,openff-2.2.1-ashgc,1,0.8217805699774584,0.0002573368910455,0.8405780000000002,7.05e-05
24442,187,dhmix_1824194485055356086,187,EnthalpyOfMixing,<Substance C1CCCCC1{solv}{x=0.501200}|c1ccccc1{solv}{x=0.498800}>,C1CCCCC1,c1ccccc1,openff-2.2.1-ashgc,1,1.0057712110057793,0.040662447571053,0.7893,0.00655
24443,188,dens_1871885279620492514,188,Density,<Substance C1CCCCC1{solv}{x=0.732300}|c1ccccc1{solv}{x=0.267700}>,C1CCCCC1,c1ccccc1,openff-2.2.1-ashgc,1,0.7700585344842308,0.000253182599205,0.7929200000000002,7.450000000000001e-05
24444,189,dens_78518696584109468,189,Density,<Substance CN(CCO)CCO{solv}{x=0.743000}|O{solv}{x=0.257000}>,CN(CCO)CCO,O,openff-2.2.1-ashgc,1,1.04197578420587,0.0004481652284277,1.0405100000000005,0.000286
24445,190,dens_169053214615075062,190,Density,<Substance CN(CCO)CCO{solv}{x=0.257100}|O{solv}{x=0.742900}>,CN(CCO)CCO,O,openff-2.2.1-ashgc,1,1.033561702694875,0.0002923075898075,1.0522550000000004,0.000221
24446,191,dhmix_750283179383190388,191,EnthalpyOfMixing,<Substance CN(CCO)CCO{solv}{x=0.741100}|O{solv}{x=0.258900}>,CN(CCO)CCO,O,openff-2.2.1-ashgc,1,-1.174714742351142,0.0624643632937599,-1.154,0.0125
24447,192,dhmix_1537351248216247854,192,EnthalpyOfMixing,<Substance CN(CCO)CCO{solv}{x=0.259300}|O{solv}{x=0.740700}>,CN(CCO)CCO,O,openff-2.2.1-ashgc,1,-0.913165612813323,0.030525421502109,-2.271,0.046
24448,193,dens_1700904374078825036,193,Density,<Substance CN(CCO)CCO{solv}{x=0.484900}|O{solv}{x=0.515100}>,CN(CCO)CCO,O,openff-2.2.1-ashgc,1,1.0386871558432973,0.000508979864649,1.048636,0.0002475
24449,194,dhmix_1761290393567900831,194,EnthalpyOfMixing,<Substance CN(CCO)CCO{solv}{x=0.494100}|O{solv}{x=0.505900}>,CN(CCO)CCO,O,openff-2.2.1-ashgc,1,-1.4123384798978833,0.0379729336384542,-2.072,0.042
24450,195,dhmix_81883535492439507,195,EnthalpyOfMixing,<Substance C1COCO1{solv}{x=0.200000}|O=C1CCCC1{solv}{x=0.800000}>,C1COCO1,O=C1CCCC1,openff-2.2.1-ashgc,1,-0.013162743609115,0.0395948394021906,-0.00853,0.000425
24451,196,dens_192935635984964537,196,Density,<Substance C1COCO1{solv}{x=0.509000}|O=C1CCCC1{solv}{x=0.491000}>,C1COCO1,O=C1CCCC1,openff-2.2.1-ashgc,1,0.9894862124199364,0.0002493962487465,0.9954700000000004,0.000255
24452,197,dhmix_309530351940031317,197,EnthalpyOfMixing,<Substance C1COCO1{solv}{x=0.700000}|O=C1CCCC1{solv}{x=0.300000}>,C1COCO1,O=C1CCCC1,openff-2.2.1-ashgc,1,-0.0491384522750664,0.0373216713299075,-0.02292,0.00048
24453,198,dhmix_1480225642523009634,198,EnthalpyOfMixing,<Substance C1COCO1{solv}{x=0.500000}|O=C1CCCC1{solv}{x=0.500000}>,C1COCO1,O=C1CCCC1,openff-2.2.1-ashgc,1,-0.119201332347572,0.0381241350245498,-0.02181,0.000475
24454,199,dens_1663189314624242951,199,Density,<Substance C1COCO1{solv}{x=0.225100}|O=C1CCCC1{solv}{x=0.774900}>,C1COCO1,O=C1CCCC1,openff-2.2.1-ashgc,1,0.942893733991996,0.0002334130470732,0.9652800000000002,0.000245
24455,200,dens_1684591254659727640,200,Density,<Substance C1COCO1{solv}{x=0.789100}|O=C1CCCC1{solv}{x=0.210900}>,C1COCO1,O=C1CCCC1,openff-2.2.1-ashgc,1,1.0429735362429908,0.0002887302749703,1.02957,0.00026
24456,201,dens_82854054922011802,201,Density,<Substance c1cc[nH]c1{solv}{x=0.542600}|c1ccncc1{solv}{x=0.457400}>,c1cc[nH]c1,c1ccncc1,openff-2.2.1-ashgc,1,0.976584215851517,0.0002820015638516,0.9706400000000002,5.5000000000000016e-05
24457,202,dens_332042143272324658,202,Density,<Substance c1cc[nH]c1{solv}{x=0.755400}|c1ccncc1{solv}{x=0.244600}>,c1cc[nH]c1,c1ccncc1,openff-2.2.1-ashgc,1,0.977464813796686,0.0002723103946269,0.9676900000000004,5.5000000000000016e-05
24458,203,dhmix_582184351339863568,203,EnthalpyOfMixing,<Substance c1cc[nH]c1{solv}{x=0.760200}|c1ccncc1{solv}{x=0.239800}>,c1cc[nH]c1,c1ccncc1,openff-2.2.1-ashgc,1,-0.0330084376005928,0.0386166665524354,-1.6452,0.01075
24459,204,dhmix_809205277185290719,204,EnthalpyOfMixing,<Substance c1cc[nH]c1{solv}{x=0.509500}|c1ccncc1{solv}{x=0.490500}>,c1cc[nH]c1,c1ccncc1,openff-2.2.1-ashgc,1,-0.0071143648163674,0.0330011353613076,-2.649,0.01645
24460,205,dens_1187941919350264461,205,Density,<Substance c1cc[nH]c1{solv}{x=0.227300}|c1ccncc1{solv}{x=0.772700}>,c1cc[nH]c1,c1ccncc1,openff-2.2.1-ashgc,1,0.9753434698779496,0.0002379541462029,0.9755600000000002,5.5000000000000016e-05
24461,206,dhmix_2302696180464118683,206,EnthalpyOfMixing,<Substance c1cc[nH]c1{solv}{x=0.239500}|c1ccncc1{solv}{x=0.760500}>,c1cc[nH]c1,c1ccncc1,openff-2.2.1-ashgc,1,-0.079548790920322,0.0383314493823706,-1.7662,0.01145
24462,207,dhmix_84488753175979819,207,EnthalpyOfMixing,<Substance C1CCOCC1{solv}{x=0.500000}|CCO{solv}{x=0.500000}>,C1CCOCC1,CCO,openff-2.2.1-ashgc,1,0.9256396252361548,0.0312943596846014,0.8491,0.00794
24463,208,dens_904236164857914889,208,Density,<Substance C1CCOCC1{solv}{x=0.701000}|CCO{solv}{x=0.299000}>,C1CCOCC1,CCO,openff-2.2.1-ashgc,1,0.8472130270651681,0.0002483093599667,0.8595400000000002,8.500000000000002e-05
24464,209,dhmix_923986751684807715,209,EnthalpyOfMixing,<Substance C1CCOCC1{solv}{x=0.750000}|CCO{solv}{x=0.250000}>,C1CCOCC1,CCO,openff-2.2.1-ashgc,1,0.9184880695122928,0.0427943066386623,0.75364,0.007115
24465,210,dhmix_927648698725704337,210,EnthalpyOfMixing,<Substance C1CCOCC1{solv}{x=0.250000}|CCO{solv}{x=0.750000}>,C1CCOCC1,CCO,openff-2.2.1-ashgc,1,0.6282172805546207,0.034892943506399,0.57017,0.00553
24466,211,dens_1095414448718823860,211,Density,<Substance C1CCOCC1{solv}{x=0.504000}|CCO{solv}{x=0.496000}>,C1CCOCC1,CCO,openff-2.2.1-ashgc,1,0.8341189979063282,0.0002768875592294,0.8440100000000001,0.0001
24467,212,dens_1309012152943788187,212,Density,<Substance C1CCOCC1{solv}{x=0.284000}|CCO{solv}{x=0.716000}>,C1CCOCC1,CCO,openff-2.2.1-ashgc,1,0.8160537676545527,0.0002936048531268,0.8227400000000002,0.00012
24468,213,dens_88489471162801298,213,Density,<Substance CC(C)=O{solv}{x=0.248400}|Nc1ccccc1{solv}{x=0.751600}>,CC(C)=O,Nc1ccccc1,openff-2.2.1-ashgc,1,1.0030794359487034,0.0002306157858264,0.9768950000000002,0.0001055
24469,214,dens_892449093930393176,214,Density,<Substance CC(C)=O{solv}{x=0.411400}|Nc1ccccc1{solv}{x=0.588600}>,CC(C)=O,Nc1ccccc1,openff-2.2.1-ashgc,1,0.960113913855952,0.0002809981686373,0.9457730000000002,0.0001285
24470,215,dens_1087594007698023193,215,Density,<Substance CC(C)=O{solv}{x=0.699300}|Nc1ccccc1{solv}{x=0.300700}>,CC(C)=O,Nc1ccccc1,openff-2.2.1-ashgc,1,0.8751658762811751,0.000273041347378,0.8786430000000003,0.000178
24471,216,dhmix_1461699545612032563,216,EnthalpyOfMixing,<Substance CC(C)=O{solv}{x=0.214500}|Nc1ccccc1{solv}{x=0.785500}>,CC(C)=O,Nc1ccccc1,openff-2.2.1-ashgc,1,-0.1468327419023722,0.0392935601353459,-0.746,0.008
24472,217,dhmix_1577476208805542019,217,EnthalpyOfMixing,<Substance CC(C)=O{solv}{x=0.699100}|Nc1ccccc1{solv}{x=0.300900}>,CC(C)=O,Nc1ccccc1,openff-2.2.1-ashgc,1,-0.9657325686825686,0.0372991079576299,-1.076,0.0115
24473,218,dhmix_2267661763264899390,218,EnthalpyOfMixing,<Substance CC(C)=O{solv}{x=0.410700}|Nc1ccccc1{solv}{x=0.589300}>,CC(C)=O,Nc1ccccc1,openff-2.2.1-ashgc,1,-0.5183832304998077,0.037285287551939,-1.165,0.0125
24474,219,dhmix_90851537891129625,219,EnthalpyOfMixing,<Substance C1CCOCC1{solv}{x=0.268300}|Cc1ccccn1{solv}{x=0.731700}>,C1CCOCC1,Cc1ccccn1,openff-2.2.1-ashgc,1,0.0705090234872471,0.0414162133051982,0.1057,0.00105
24475,220,dhmix_975790739707505549,220,EnthalpyOfMixing,<Substance C1CCOCC1{solv}{x=0.482200}|Cc1ccccn1{solv}{x=0.517800}>,C1CCOCC1,Cc1ccccn1,openff-2.2.1-ashgc,1,0.0892397814085791,0.0433666988182722,0.1728,0.00135
24476,221,dens_981500521813591443,221,Density,<Substance C1CCOCC1{solv}{x=0.491600}|Cc1ccccn1{solv}{x=0.508400}>,C1CCOCC1,Cc1ccccn1,openff-2.2.1-ashgc,1,0.9023128267674676,0.0002319481029017,0.910915,0.000475
24477,222,dens_1237050172671894703,222,Density,<Substance C1CCOCC1{solv}{x=0.237300}|Cc1ccccn1{solv}{x=0.762700}>,C1CCOCC1,Cc1ccccn1,openff-2.2.1-ashgc,1,0.9210050595426608,0.000215168780306,0.9261620000000004,0.0004855
24478,223,dhmix_1841520238596708010,223,EnthalpyOfMixing,<Substance C1CCOCC1{solv}{x=0.821600}|Cc1ccccn1{solv}{x=0.178400}>,C1CCOCC1,Cc1ccccn1,openff-2.2.1-ashgc,1,0.1284086288398214,0.0435088539942656,0.1352,0.0012
24479,224,dens_1852422594896475094,224,Density,<Substance C1CCOCC1{solv}{x=0.821900}|Cc1ccccn1{solv}{x=0.178100}>,C1CCOCC1,Cc1ccccn1,openff-2.2.1-ashgc,1,0.867865848270538,0.0002974858940636,0.8802920000000002,0.000454
24480,225,dhmix_93676522673462266,225,EnthalpyOfMixing,<Substance CC(=O)N(C)C{solv}{x=0.702000}|ClCCCl{solv}{x=0.298000}>,CC(=O)N(C)C,ClCCCl,openff-2.2.1-ashgc,1,-0.3499372425488474,0.0403131191527815,-0.706,0.004
24481,226,dens_466640151895915379,226,Density,<Substance CC(=O)N(C)C{solv}{x=0.499900}|ClCCCl{solv}{x=0.500100}>,CC(=O)N(C)C,ClCCCl,openff-2.2.1-ashgc,1,1.0459861355390276,0.0002087121881725,1.0774000000000004,0.00325
24482,227,dhmix_504891727488256514,227,EnthalpyOfMixing,<Substance CC(=O)N(C)C{solv}{x=0.202000}|ClCCCl{solv}{x=0.798000}>,CC(=O)N(C)C,ClCCCl,openff-2.2.1-ashgc,1,-0.3679686345460169,0.0351657327362258,-0.586,0.004
24483,228,dens_1432716574300574119,228,Density,<Substance CC(=O)N(C)C{solv}{x=0.298800}|ClCCCl{solv}{x=0.701200}>,CC(=O)N(C)C,ClCCCl,openff-2.2.1-ashgc,1,1.11168096638847,0.0003758556544062,1.1413000000000002,0.00345
24484,229,dens_1909242265481868478,229,Density,<Substance CC(=O)N(C)C{solv}{x=0.700800}|ClCCCl{solv}{x=0.299200}>,CC(=O)N(C)C,ClCCCl,openff-2.2.1-ashgc,1,0.983798284826728,0.0002572262584506,1.0181000000000002,0.00305
24485,230,dhmix_2201663021806040380,230,EnthalpyOfMixing,<Substance CC(=O)N(C)C{solv}{x=0.500000}|ClCCCl{solv}{x=0.500000}>,CC(=O)N(C)C,ClCCCl,openff-2.2.1-ashgc,1,-0.5367225533968574,0.0350002286804768,-0.885,0.004
24486,231,dhmix_101847702994296892,231,EnthalpyOfMixing,<Substance CCCCCCCl{solv}{x=0.790000}|CN1CCCC1=O{solv}{x=0.210000}>,CCCCCCCl,CN1CCCC1=O,openff-2.2.1-ashgc,1,0.657921639102355,0.046712147120338,0.232,0.0025
24487,232,dhmix_275814181113182192,232,EnthalpyOfMixing,<Substance CCCCCCCl{solv}{x=0.497000}|CN1CCCC1=O{solv}{x=0.503000}>,CCCCCCCl,CN1CCCC1=O,openff-2.2.1-ashgc,1,1.0755648370214743,0.043975201616514,0.416,0.0025
24488,233,dens_441375838683668512,233,Density,<Substance CCCCCCCl{solv}{x=0.499300}|CN1CCCC1=O{solv}{x=0.500700}>,CCCCCCCl,CN1CCCC1=O,openff-2.2.1-ashgc,1,0.9215237619029186,0.0002507849225044,0.9389000000000002,0.0002
24489,234,dhmix_840847840731542643,234,EnthalpyOfMixing,<Substance CCCCCCCl{solv}{x=0.203000}|CN1CCCC1=O{solv}{x=0.797000}>,CCCCCCCl,CN1CCCC1=O,openff-2.2.1-ashgc,1,0.746013641220749,0.0414197178648021,0.319,0.0025
24490,235,dens_1314691253679633833,235,Density,<Substance CCCCCCCl{solv}{x=0.298400}|CN1CCCC1=O{solv}{x=0.701600}>,CCCCCCCl,CN1CCCC1=O,openff-2.2.1-ashgc,1,0.9505778225648764,0.0002196570677551,0.9715000000000004,0.0002
24491,236,dens_1366683244756558841,236,Density,<Substance CCCCCCCl{solv}{x=0.801200}|CN1CCCC1=O{solv}{x=0.198800}>,CCCCCCCl,CN1CCCC1=O,openff-2.2.1-ashgc,1,0.8829380401875436,0.0002354600850606,0.8970000000000002,0.0003
24492,237,dhmix_107460606439569535,237,EnthalpyOfMixing,<Substance C1COCCO1{solv}{x=0.572500}|O=C1CCCCCC1{solv}{x=0.427500}>,C1COCCO1,O=C1CCCCCC1,openff-2.2.1-ashgc,1,0.2420329615322458,0.0435683571926394,0.1032,0.00125
24493,238,dens_229535957420918177,238,Density,<Substance C1COCCO1{solv}{x=0.748900}|O=C1CCCCCC1{solv}{x=0.251100}>,C1COCCO1,O=C1CCCCCC1,openff-2.2.1-ashgc,1,0.99000957987046,0.000174817273198,0.9994100000000002,0.00051
24494,239,dhmix_1101001475632451077,239,EnthalpyOfMixing,<Substance C1COCCO1{solv}{x=0.225200}|O=C1CCCCCC1{solv}{x=0.774800}>,C1COCCO1,O=C1CCCCCC1,openff-2.2.1-ashgc,1,0.1108519583069238,0.0487712051596508,0.0783,0.001
24495,240,dens_1711999737319704820,240,Density,<Substance C1COCCO1{solv}{x=0.572300}|O=C1CCCCCC1{solv}{x=0.427700}>,C1COCCO1,O=C1CCCCCC1,openff-2.2.1-ashgc,1,0.9593601176878684,0.0001877818038287,0.9737000000000002,0.00051
24496,241,dens_1973863157285112004,241,Density,<Substance C1COCCO1{solv}{x=0.255500}|O=C1CCCCCC1{solv}{x=0.744500}>,C1COCCO1,O=C1CCCCCC1,openff-2.2.1-ashgc,1,0.9389752924069484,0.0001783280769518,0.9616800000000002,0.000515
24497,242,dhmix_2239035738396328121,242,EnthalpyOfMixing,<Substance C1COCCO1{solv}{x=0.771600}|O=C1CCCCCC1{solv}{x=0.228400}>,C1COCCO1,O=C1CCCCCC1,openff-2.2.1-ashgc,1,0.2011526463844717,0.0466356481333498,0.0694,0.0009
24498,243,dhmix_110368175234083214,243,EnthalpyOfMixing,<Substance CC#N{solv}{x=0.201600}|CCOC(C)(C)CC{solv}{x=0.798400}>,CC#N,CCOC(C)(C)CC,openff-2.2.1-ashgc,1,0.3464414540988088,0.048285613208388,0.6411,0.0087
24499,244,dhmix_565046024644834395,244,EnthalpyOfMixing,<Substance CC#N{solv}{x=0.700400}|CCOC(C)(C)CC{solv}{x=0.299600}>,CC#N,CCOC(C)(C)CC,openff-2.2.1-ashgc,1,0.2812894942070456,0.0330447437469298,0.8397,0.0113
24500,245,dens_865362803305469370,245,Density,<Substance CC#N{solv}{x=0.502400}|CCOC(C)(C)CC{solv}{x=0.497600}>,CC#N,CCOC(C)(C)CC,openff-2.2.1-ashgc,1,0.7676099732096248,0.000249603432424,0.7675000000000002,0.00035
24501,246,dhmix_1131176031733024874,246,EnthalpyOfMixing,<Substance CC#N{solv}{x=0.502400}|CCOC(C)(C)CC{solv}{x=0.497600}>,CC#N,CCOC(C)(C)CC,openff-2.2.1-ashgc,1,0.3522058076803525,0.0369087615583656,0.9514,0.01285
24502,247,dens_1305751749890499162,247,Density,<Substance CC#N{solv}{x=0.201600}|CCOC(C)(C)CC{solv}{x=0.798400}>,CC#N,CCOC(C)(C)CC,openff-2.2.1-ashgc,1,0.7633597332025756,0.0002091660028736,0.7635000000000002,0.00025
24503,248,dens_1928701304100922381,248,Density,<Substance CC#N{solv}{x=0.700400}|CCOC(C)(C)CC{solv}{x=0.299600}>,CC#N,CCOC(C)(C)CC,openff-2.2.1-ashgc,1,0.7710100627548827,0.0002433146598971,0.7707000000000003,0.0005
24504,249,dhmix_112729391186229967,249,EnthalpyOfMixing,<Substance CCC(C)=O{solv}{x=0.509000}|CNc1ccccc1{solv}{x=0.491000}>,CCC(C)=O,CNc1ccccc1,openff-2.2.1-ashgc,1,-0.5169120251870716,0.0408835214690721,-0.816,0.009
24505,250,dens_414028029115294252,250,Density,<Substance CCC(C)=O{solv}{x=0.746300}|CNc1ccccc1{solv}{x=0.253700}>,CCC(C)=O,CNc1ccccc1,openff-2.2.1-ashgc,1,0.8381229844487886,0.0002455743271727,0.8582020000000002,0.000102
24506,251,dens_559789475978651659,251,Density,<Substance CCC(C)=O{solv}{x=0.495000}|CNc1ccccc1{solv}{x=0.505000}>,CCC(C)=O,CNc1ccccc1,openff-2.2.1-ashgc,1,0.8958602537308828,0.0002083443058014,0.9066940000000002,0.000164
24507,252,dhmix_1637459312398636454,252,EnthalpyOfMixing,<Substance CCC(C)=O{solv}{x=0.228300}|CNc1ccccc1{solv}{x=0.771700}>,CCC(C)=O,CNc1ccccc1,openff-2.2.1-ashgc,1,-0.2878938076382127,0.0471075315332816,-0.54,0.006
24508,253,dhmix_1933605864237207151,253,EnthalpyOfMixing,<Substance CCC(C)=O{solv}{x=0.705500}|CNc1ccccc1{solv}{x=0.294500}>,CCC(C)=O,CNc1ccccc1,openff-2.2.1-ashgc,1,-0.525066288757075,0.0396738128416919,-0.672,0.0075
24509,254,dens_2039660657679820411,254,Density,<Substance CCC(C)=O{solv}{x=0.258900}|CNc1ccccc1{solv}{x=0.741100}>,CCC(C)=O,CNc1ccccc1,openff-2.2.1-ashgc,1,0.9435682825006404,0.0002059915161602,0.9456330000000004,0.000259
24510,255,dhmix_112832411362526364,255,EnthalpyOfMixing,<Substance C=CCCCC{solv}{x=0.250000}|CCCCO{solv}{x=0.750000}>,C=CCCCC,CCCCO,openff-2.2.1-ashgc,1,0.4906806850807044,0.0442091900477843,0.2829,0.00333
24511,256,dhmix_385937725855980509,256,EnthalpyOfMixing,<Substance C=CCCCC{solv}{x=0.749900}|CCCCO{solv}{x=0.250100}>,C=CCCCC,CCCCO,openff-2.2.1-ashgc,1,0.76510152154205,0.0410857734316606,0.63978,0.00696
24512,257,dens_417191245012747241,257,Density,<Substance C=CCCCC{solv}{x=0.501800}|CCCCO{solv}{x=0.498200}>,C=CCCCC,CCCCO,openff-2.2.1-ashgc,1,0.7144958643403807,0.0002330590042677,0.7340000000000002,0.00035
24513,258,dens_1053849773924337242,258,Density,<Substance C=CCCCC{solv}{x=0.100100}|CCCCO{solv}{x=0.899900}>,C=CCCCC,CCCCO,openff-2.2.1-ashgc,1,0.7843489831479572,0.000224423051967,0.7924000000000002,0.00035
24514,259,dhmix_1436053809694490847,259,EnthalpyOfMixing,<Substance C=CCCCC{solv}{x=0.500300}|CCCCO{solv}{x=0.499700}>,C=CCCCC,CCCCO,openff-2.2.1-ashgc,1,0.6390753369057762,0.0405845733425922,0.56098,0.00616
24515,260,dens_1967827958045932694,260,Density,<Substance C=CCCCC{solv}{x=0.900000}|CCCCO{solv}{x=0.100000}>,C=CCCCC,CCCCO,openff-2.2.1-ashgc,1,0.6600600282082479,0.0002576423026323,0.6818000000000001,0.00035
24516,261,dhmix_113202719214912577,261,EnthalpyOfMixing,<Substance CCN(CC)CCO{solv}{x=0.700300}|O{solv}{x=0.299700}>,CCN(CC)CCO,O,openff-2.2.1-ashgc,1,-1.6093484256533517,0.0417204289697447,-1.75,0.019
24517,262,dhmix_450200897960931857,262,EnthalpyOfMixing,<Substance CCN(CC)CCO{solv}{x=0.500200}|O{solv}{x=0.499800}>,CCN(CC)CCO,O,openff-2.2.1-ashgc,1,-1.6710588613658004,0.0401728134898969,-2.504,0.027
24518,263,dens_727880187774296815,263,Density,<Substance CCN(CC)CCO{solv}{x=0.799700}|O{solv}{x=0.200300}>,CCN(CC)CCO,O,openff-2.2.1-ashgc,1,0.8791848626139586,0.0002497518813701,0.8996000000000003,0.005
24519,264,dens_943193748522476096,264,Density,<Substance CCN(CC)CCO{solv}{x=0.499700}|O{solv}{x=0.500300}>,CCN(CC)CCO,O,openff-2.2.1-ashgc,1,0.8961681424406386,0.0003088269475534,0.9222000000000002,0.005
24520,265,dhmix_1628408668678458098,265,EnthalpyOfMixing,<Substance CCN(CC)CCO{solv}{x=0.200800}|O{solv}{x=0.799200}>,CCN(CC)CCO,O,openff-2.2.1-ashgc,1,-1.064493401317831,0.0301001261690458,-2.185,0.0235
24521,266,dens_1679974305630699360,266,Density,<Substance CCN(CC)CCO{solv}{x=0.193290}|O{solv}{x=0.806710}>,CCN(CC)CCO,O,openff-2.2.1-ashgc,1,0.9195555299957022,0.0003482764390715,0.9615690000000002,0.000144
24522,267,dens_114257363738318755,267,Density,<Substance C1CCCCC1{solv}{x=0.754300}|CCCCCC{solv}{x=0.245700}>,C1CCCCC1,CCCCCC,openff-2.2.1-ashgc,1,0.7192130875531977,0.0002299082605761,0.7392000000000002,0.00065
24523,268,dens_528453314861364780,268,Density,<Substance C1CCCCC1{solv}{x=0.234300}|CCCCCC{solv}{x=0.765700}>,C1CCCCC1,CCCCCC,openff-2.2.1-ashgc,1,0.662098121107859,0.0002303754932653,0.6838300000000002,0.001655
24524,269,dens_547437695672624422,269,Density,<Substance C1CCCCC1{solv}{x=0.479300}|CCCCCC{solv}{x=0.520700}>,C1CCCCC1,CCCCCC,openff-2.2.1-ashgc,1,0.6875920063060543,0.0001913311424377,0.7105500000000001,0.001555
24525,270,dhmix_728030976573858762,270,EnthalpyOfMixing,<Substance C1CCCCC1{solv}{x=0.483200}|CCCCCC{solv}{x=0.516800}>,C1CCCCC1,CCCCCC,openff-2.2.1-ashgc,1,0.2051267480333933,0.0405711347641708,0.2144,0.00155
24526,271,dhmix_1406519609852245638,271,EnthalpyOfMixing,<Substance C1CCCCC1{solv}{x=0.219000}|CCCCCC{solv}{x=0.781000}>,C1CCCCC1,CCCCCC,openff-2.2.1-ashgc,1,0.1107377816546915,0.0407772399303458,0.1264,0.00105
24527,272,dhmix_1819992223413741006,272,EnthalpyOfMixing,<Substance C1CCCCC1{solv}{x=0.725500}|CCCCCC{solv}{x=0.274500}>,C1CCCCC1,CCCCCC,openff-2.2.1-ashgc,1,0.220794790913942,0.0443689553701326,0.199,0.00145
24528,273,dhmix_114464856611254095,273,EnthalpyOfMixing,<Substance COc1ccccc1{solv}{x=0.739800}|OCc1ccccc1{solv}{x=0.260200}>,COc1ccccc1,OCc1ccccc1,openff-2.2.1-ashgc,1,0.8251375496377094,0.0493320516021174,1.0539,0.0113
24529,274,dens_844721400884986444,274,Density,<Substance COc1ccccc1{solv}{x=0.288300}|OCc1ccccc1{solv}{x=0.711700}>,COc1ccccc1,OCc1ccccc1,openff-2.2.1-ashgc,1,1.0068225557762116,0.0001780259202473,1.0180000000000002,0.000135
24530,275,dens_1208569209782779179,275,Density,<Substance COc1ccccc1{solv}{x=0.491100}|OCc1ccccc1{solv}{x=0.508900}>,COc1ccccc1,OCc1ccccc1,openff-2.2.1-ashgc,1,0.9947228388217808,0.0002057252904182,1.0069400000000004,0.000165
24531,276,dhmix_1342325728364187329,276,EnthalpyOfMixing,<Substance COc1ccccc1{solv}{x=0.240100}|OCc1ccccc1{solv}{x=0.759900}>,COc1ccccc1,OCc1ccccc1,openff-2.2.1-ashgc,1,0.535780902522383,0.0447205942946421,0.6199,0.0067
24532,277,dhmix_1596550872819493971,277,EnthalpyOfMixing,<Substance COc1ccccc1{solv}{x=0.486600}|OCc1ccccc1{solv}{x=0.513400}>,COc1ccccc1,OCc1ccccc1,openff-2.2.1-ashgc,1,0.8301384982625066,0.0431133674631808,0.9688,0.0104
24533,278,dens_1833270112854727934,278,Density,<Substance COc1ccccc1{solv}{x=0.774500}|OCc1ccccc1{solv}{x=0.225500}>,COc1ccccc1,OCc1ccccc1,openff-2.2.1-ashgc,1,0.9766380060598436,0.0002086291260368,0.9915900000000004,0.000215
24534,279,dens_114725786693793907,279,Density,<Substance CC(=O)O{solv}{x=0.703100}|CCO{solv}{x=0.296900}>,CC(=O)O,CCO,openff-2.2.1-ashgc,1,0.988964662656332,0.0003314290078429,0.97355,0.00021
24535,280,dens_883421079927261907,280,Density,<Substance CC(=O)O{solv}{x=0.496100}|CCO{solv}{x=0.503900}>,CC(=O)O,CCO,openff-2.2.1-ashgc,1,0.9294003643216392,0.000325091813955,0.9199600000000002,0.0002
24536,281,dens_1042567278853913615,281,Density,<Substance CC(=O)O{solv}{x=0.297100}|CCO{solv}{x=0.702900}>,CC(=O)O,CCO,openff-2.2.1-ashgc,1,0.870895211470962,0.0002883733471,0.8668600000000002,0.000195
24537,282,dhmix_129373600931207498,282,EnthalpyOfMixing,<Substance NCCNCCN{solv}{x=0.702000}|O{solv}{x=0.298000}>,NCCNCCN,O,openff-2.2.1-ashgc,1,-2.792600824156665,0.046473612058457,-3.393,0.036
24538,283,dhmix_313570094367316478,283,EnthalpyOfMixing,<Substance NCCNCCN{solv}{x=0.241600}|O{solv}{x=0.758400}>,NCCNCCN,O,openff-2.2.1-ashgc,1,-3.9555479076028455,0.0372312281014113,-6.523,0.0695
24539,284,dens_548243159356184104,284,Density,<Substance NCCNCCN{solv}{x=0.244900}|O{solv}{x=0.755100}>,NCCNCCN,O,openff-2.2.1-ashgc,1,1.0595937899333467,0.000465270421565,1.0275000000000003,0.0005
24540,285,dens_913992897582667960,285,Density,<Substance NCCNCCN{solv}{x=0.497400}|O{solv}{x=0.502600}>,NCCNCCN,O,openff-2.2.1-ashgc,1,1.067675808911757,0.0002443194967354,0.9928000000000002,0.0005
24541,286,dhmix_1565087976771168604,286,EnthalpyOfMixing,<Substance NCCNCCN{solv}{x=0.501000}|O{solv}{x=0.499000}>,NCCNCCN,O,openff-2.2.1-ashgc,1,-4.111568342912889,0.0419223150346357,-5.417,0.0575
24542,287,dens_1812124220217686569,287,Density,<Substance NCCNCCN{solv}{x=0.698800}|O{solv}{x=0.301200}>,NCCNCCN,O,openff-2.2.1-ashgc,1,1.0619979659941623,0.0002661689698071,0.9718000000000002,0.0005
24543,288,dhmix_135176730945124637,288,EnthalpyOfMixing,<Substance CCCCNCCCC{solv}{x=0.751800}|CN(C)C=O{solv}{x=0.248200}>,CCCCNCCCC,CN(C)C=O,openff-2.2.1-ashgc,1,0.3109271643015177,0.0477466277626787,0.782,0.025
24544,289,dens_586298674852090193,289,Density,<Substance CCCCNCCCC{solv}{x=0.726600}|CN(C)C=O{solv}{x=0.273400}>,CCCCNCCCC,CN(C)C=O,openff-2.2.1-ashgc,1,0.7794463100313084,0.0002004396708446,0.7828350000000002,0.0009465
24545,290,dens_711718403070096827,290,Density,<Substance CCCCNCCCC{solv}{x=0.263900}|CN(C)C=O{solv}{x=0.736100}>,CCCCNCCCC,CN(C)C=O,openff-2.2.1-ashgc,1,0.847245127421985,0.0002325316170345,0.8609240000000001,0.001053
24546,291,dhmix_1537913365058000269,291,EnthalpyOfMixing,<Substance CCCCNCCCC{solv}{x=0.249400}|CN(C)C=O{solv}{x=0.750600}>,CCCCNCCCC,CN(C)C=O,openff-2.2.1-ashgc,1,0.4155373202140353,0.0459752079866314,0.921,0.029
24547,292,dhmix_1965420976556284821,292,EnthalpyOfMixing,<Substance CCCCNCCCC{solv}{x=0.501800}|CN(C)C=O{solv}{x=0.498200}>,CCCCNCCCC,CN(C)C=O,openff-2.2.1-ashgc,1,0.4494996957596555,0.0462599231174511,1.113,0.0335
24548,293,dens_2298192241038151497,293,Density,<Substance CCCCNCCCC{solv}{x=0.492800}|CN(C)C=O{solv}{x=0.507200}>,CCCCNCCCC,CN(C)C=O,openff-2.2.1-ashgc,1,0.8093765420449625,0.0001956032255127,0.8153440000000003,0.0009895
24549,294,dens_145031449158698048,294,Density,<Substance CN(C)C=O{solv}{x=0.498800}|ClCCCl{solv}{x=0.501200}>,CN(C)C=O,ClCCCl,openff-2.2.1-ashgc,1,1.070809080135153,0.0003568535601737,1.0957000000000003,0.00305
24550,295,dens_511894799968528211,295,Density,<Substance CN(C)C=O{solv}{x=0.197800}|ClCCCl{solv}{x=0.802200}>,CN(C)C=O,ClCCCl,openff-2.2.1-ashgc,1,1.1565439690788462,0.0004372105220564,1.1862000000000004,0.003
24551,296,dhmix_693792312882226719,296,EnthalpyOfMixing,<Substance CN(C)C=O{solv}{x=0.498000}|ClCCCl{solv}{x=0.502000}>,CN(C)C=O,ClCCCl,openff-2.2.1-ashgc,1,-0.0035171629811614,0.0319329232254155,-0.663,0.0035
24552,297,dhmix_1364024895663592301,297,EnthalpyOfMixing,<Substance CN(C)C=O{solv}{x=0.299000}|ClCCCl{solv}{x=0.701000}>,CN(C)C=O,ClCCCl,openff-2.2.1-ashgc,1,0.0006538595653218,0.0323335954733206,-0.575,0.0035
24553,298,dens_1874616475661316520,298,Density,<Substance CN(C)C=O{solv}{x=0.705400}|ClCCCl{solv}{x=0.294600}>,CN(C)C=O,ClCCCl,openff-2.2.1-ashgc,1,1.009204328444667,0.0002812339428514,1.0336,0.003
24554,299,dhmix_1965344541223753593,299,EnthalpyOfMixing,<Substance CN(C)C=O{solv}{x=0.702000}|ClCCCl{solv}{x=0.298000}>,CN(C)C=O,ClCCCl,openff-2.2.1-ashgc,1,-0.0663857024993177,0.0364839906209199,-0.531,0.003
24555,300,dens_145117083439077204,300,Density,<Substance CN1CCCC1=O{solv}{x=0.700300}|ClCCCCCl{solv}{x=0.299700}>,CN1CCCC1=O,ClCCCCCl,openff-2.2.1-ashgc,1,1.039690550550218,0.0002276106377427,1.0627000000000002,0.0005
24556,301,dens_872271192908107773,301,Density,<Substance CN1CCCC1=O{solv}{x=0.203400}|ClCCCCCl{solv}{x=0.796600}>,CN1CCCC1=O,ClCCCCCl,openff-2.2.1-ashgc,1,1.0948258651388634,0.0002617501536351,1.1142000000000003,0.00125
24557,302,dhmix_958757583081250655,302,EnthalpyOfMixing,<Substance CN1CCCC1=O{solv}{x=0.703000}|ClCCCCCl{solv}{x=0.297000}>,CN1CCCC1=O,ClCCCCCl,openff-2.2.1-ashgc,1,0.1740296382489923,0.0435506802872827,-0.583,0.0035
24558,303,dens_1187888029800539390,303,Density,<Substance CN1CCCC1=O{solv}{x=0.502500}|ClCCCCCl{solv}{x=0.497500}>,CN1CCCC1=O,ClCCCCCl,openff-2.2.1-ashgc,1,1.063303131125952,0.0002620736572494,1.0840000000000003,0.00075
24559,304,dhmix_1448185356234442909,304,EnthalpyOfMixing,<Substance CN1CCCC1=O{solv}{x=0.210000}|ClCCCCCl{solv}{x=0.790000}>,CN1CCCC1=O,ClCCCCCl,openff-2.2.1-ashgc,1,0.1396329122988149,0.044163969817229,-0.406,0.003
24560,305,dhmix_1623586299486793214,305,EnthalpyOfMixing,<Substance CN1CCCC1=O{solv}{x=0.505000}|ClCCCCCl{solv}{x=0.495000}>,CN1CCCC1=O,ClCCCCCl,openff-2.2.1-ashgc,1,0.152564335110128,0.0304570684766934,-0.678,0.0035
24561,306,dens_151421667269785380,306,Density,<Substance OCCOCCO{solv}{x=0.228500}|OCc1ccccc1{solv}{x=0.771500}>,OCCOCCO,OCc1ccccc1,openff-2.2.1-ashgc,1,1.0443789349329915,0.000240769733103,1.0497600000000002,0.000265
24562,307,dens_207017358130726789,307,Density,<Substance OCCOCCO{solv}{x=0.531200}|OCc1ccccc1{solv}{x=0.468800}>,OCCOCCO,OCc1ccccc1,openff-2.2.1-ashgc,1,1.0705197928070291,0.0002675815517666,1.07136,0.00027
24563,308,dhmix_638869206909151198,308,EnthalpyOfMixing,<Substance OCCOCCO{solv}{x=0.765800}|OCc1ccccc1{solv}{x=0.234200}>,OCCOCCO,OCc1ccccc1,openff-2.2.1-ashgc,1,-0.254872527670301,0.0497724787098197,-0.3712,0.0073
24564,309,dhmix_884415658126351430,309,EnthalpyOfMixing,<Substance OCCOCCO{solv}{x=0.266500}|OCc1ccccc1{solv}{x=0.733500}>,OCCOCCO,OCc1ccccc1,openff-2.2.1-ashgc,1,-0.1882431143567657,0.0443673734294529,-0.4216,0.0081
24565,310,dhmix_925385148369690502,310,EnthalpyOfMixing,<Substance OCCOCCO{solv}{x=0.521600}|OCc1ccccc1{solv}{x=0.478400}>,OCCOCCO,OCc1ccccc1,openff-2.2.1-ashgc,1,-0.2784114655401595,0.0537720653086864,-0.4574,0.00865
24566,311,dens_1617133138157859384,311,Density,<Substance OCCOCCO{solv}{x=0.727700}|OCc1ccccc1{solv}{x=0.272300}>,OCCOCCO,OCc1ccccc1,openff-2.2.1-ashgc,1,1.0858083115002188,0.0002434094014438,1.0857000000000003,0.000275
24567,312,dens_155791527624482863,312,Density,<Substance CC(C)CO{solv}{x=0.279300}|CCCCBr{solv}{x=0.720700}>,CC(C)CO,CCCCBr,openff-2.2.1-ashgc,1,1.10069366403083,0.0003964761522182,1.1339800000000002,0.000305
24568,313,dhmix_549211977118470640,313,EnthalpyOfMixing,<Substance CC(C)CO{solv}{x=0.293800}|CCCCBr{solv}{x=0.706200}>,CC(C)CO,CCCCBr,openff-2.2.1-ashgc,1,1.1570758271068442,0.0423788207467997,1.248,0.0135
24569,314,dens_692500675577783691,314,Density,<Substance CC(C)CO{solv}{x=0.793700}|CCCCBr{solv}{x=0.206300}>,CC(C)CO,CCCCBr,openff-2.2.1-ashgc,1,0.8907451420792697,0.0002797380318394,0.8962800000000002,0.00021
24570,315,dens_841415441417626311,315,Density,<Substance CC(C)CO{solv}{x=0.498900}|CCCCBr{solv}{x=0.501100}>,CC(C)CO,CCCCBr,openff-2.2.1-ashgc,1,1.0161573350711588,0.0003648509459811,1.0366800000000005,0.000225
24571,316,dhmix_1400807466047438160,316,EnthalpyOfMixing,<Substance CC(C)CO{solv}{x=0.499000}|CCCCBr{solv}{x=0.501000}>,CC(C)CO,CCCCBr,openff-2.2.1-ashgc,1,1.1969139921398266,0.0344978125301421,1.207,0.013
24572,317,dhmix_1959880980464917582,317,EnthalpyOfMixing,<Substance CC(C)CO{solv}{x=0.702100}|CCCCBr{solv}{x=0.297900}>,CC(C)CO,CCCCBr,openff-2.2.1-ashgc,1,0.9948332907022674,0.0454577506851061,0.891,0.0095
24573,318,dhmix_155924436295918663,318,EnthalpyOfMixing,<Substance OCCCO{solv}{x=0.501300}|O{solv}{x=0.498700}>,O,OCCCO,openff-2.2.1-ashgc,1,0.5021051888558645,0.0361452902928182,-0.992,0.0125
24574,319,dens_867859901093068556,319,Density,<Substance OCCCO{solv}{x=0.743700}|O{solv}{x=0.256300}>,O,OCCCO,openff-2.2.1-ashgc,1,1.0500790046897088,0.0003467509899679,1.0503800000000003,0.00023
24575,320,dhmix_2191722776959064631,320,EnthalpyOfMixing,<Substance OCCCO{solv}{x=0.743000}|O{solv}{x=0.257000}>,O,OCCCO,openff-2.2.1-ashgc,1,0.022169551498699,0.040072038678057,-0.633,0.008
24576,321,dhmix_2210594516320705991,321,EnthalpyOfMixing,<Substance OCCCO{solv}{x=0.208700}|O{solv}{x=0.791300}>,O,OCCCO,openff-2.2.1-ashgc,1,0.4300372857065682,0.0238934833402405,-0.924,0.012
24577,322,dens_2211391404402371237,322,Density,<Substance OCCCO{solv}{x=0.244700}|O{solv}{x=0.755300}>,O,OCCCO,openff-2.2.1-ashgc,1,1.0241951544467078,0.0003813486174149,1.0381600000000004,0.00019
24578,323,dens_2211609476735134421,323,Density,<Substance OCCCO{solv}{x=0.500000}|O{solv}{x=0.500000}>,O,OCCCO,openff-2.2.1-ashgc,1,1.043004116646873,0.0004380209619444,1.0492100000000002,0.000215
24579,324,dhmix_156929898609376763,324,EnthalpyOfMixing,<Substance CN(C)CCCO{solv}{x=0.800100}|O{solv}{x=0.199900}>,CN(C)CCCO,O,openff-2.2.1-ashgc,1,-0.9647954769156256,0.047640504269926,-1.26,0.0135
24580,325,dhmix_786210276753247951,325,EnthalpyOfMixing,<Substance CN(C)CCCO{solv}{x=0.199800}|O{solv}{x=0.800200}>,CN(C)CCCO,O,openff-2.2.1-ashgc,1,-0.7674952807407927,0.023652144329482,-2.514,0.027
24581,326,dens_971674883336993154,326,Density,<Substance CN(C)CCCO{solv}{x=0.289504}|O{solv}{x=0.710496}>,CN(C)CCCO,O,openff-2.2.1-ashgc,1,0.9325670890323006,0.0003179507194479,0.9443,0.00285
24582,327,dhmix_1330584538745399524,327,EnthalpyOfMixing,<Substance CN(C)CCCO{solv}{x=0.501900}|O{solv}{x=0.498100}>,CN(C)CCCO,O,openff-2.2.1-ashgc,1,-1.4459239166006572,0.0478431041753287,-2.706,0.029
24583,328,dens_1781759734173902013,328,Density,<Substance CN(C)CCCO{solv}{x=0.501300}|O{solv}{x=0.498700}>,CN(C)CCCO,O,openff-2.2.1-ashgc,1,0.918827942635766,0.000311639577519,0.9170700000000004,8.000000000000002e-05
24584,329,dens_2299157616447228221,329,Density,<Substance CN(C)CCCO{solv}{x=0.800600}|O{solv}{x=0.199400}>,CN(C)CCCO,O,openff-2.2.1-ashgc,1,0.9051777682221454,0.0003338229589117,0.8915100000000002,9.500000000000002e-05
24585,330,dhmix_157983773008192768,330,EnthalpyOfMixing,<Substance BrCCCBr{solv}{x=0.743200}|CCCCOC(=O)CCC{solv}{x=0.256800}>,BrCCCBr,CCCCOC(=O)CCC,openff-2.2.1-ashgc,1,-0.3509131676575094,0.0437993374584934,0.032,0.0005
24586,331,dens_720277045338028885,331,Density,<Substance BrCCCBr{solv}{x=0.748700}|CCCCOC(=O)CCC{solv}{x=0.251300}>,BrCCCBr,CCCCOC(=O)CCC,openff-2.2.1-ashgc,1,1.5394111148081475,0.0003732054876413,1.5786600000000004,0.00038
24587,332,dens_933248802608751708,332,Density,<Substance BrCCCBr{solv}{x=0.529700}|CCCCOC(=O)CCC{solv}{x=0.470300}>,BrCCCBr,CCCCOC(=O)CCC,openff-2.2.1-ashgc,1,1.2931024421150643,0.0002157195483582,1.3159400000000003,0.000255
24588,333,dens_1048925802213854204,333,Density,<Substance BrCCCBr{solv}{x=0.259100}|CCCCOC(=O)CCC{solv}{x=0.740900}>,BrCCCBr,CCCCOC(=O)CCC,openff-2.2.1-ashgc,1,1.046848800755051,0.000255718634594,1.0598600000000002,0.000145
24589,334,dhmix_1090642624443832057,334,EnthalpyOfMixing,<Substance BrCCCBr{solv}{x=0.241200}|CCCCOC(=O)CCC{solv}{x=0.758800}>,BrCCCBr,CCCCOC(=O)CCC,openff-2.2.1-ashgc,1,-0.3488121950786791,0.0549809179385894,-0.094,0.001
24590,335,dhmix_1649688325270115073,335,EnthalpyOfMixing,<Substance BrCCCBr{solv}{x=0.466700}|CCCCOC(=O)CCC{solv}{x=0.533300}>,BrCCCBr,CCCCOC(=O)CCC,openff-2.2.1-ashgc,1,-0.555608673643178,0.0440442866553177,-0.091,0.001
24591,336,dhmix_158101159957898775,336,EnthalpyOfMixing,<Substance CCCCCl{solv}{x=0.490000}|CN1CCCC1=O{solv}{x=0.510000}>,CCCCCl,CN1CCCC1=O,openff-2.2.1-ashgc,1,0.7489565854397284,0.041607896679639,0.152,0.002
24592,337,dhmix_586880142396707079,337,EnthalpyOfMixing,<Substance CCCCCl{solv}{x=0.294000}|CN1CCCC1=O{solv}{x=0.706000}>,CCCCCl,CN1CCCC1=O,openff-2.2.1-ashgc,1,0.5804523547282976,0.043399643083602,0.145,0.002
24593,338,dens_897975104490051322,338,Density,<Substance CCCCCl{solv}{x=0.296100}|CN1CCCC1=O{solv}{x=0.703900}>,CCCCCl,CN1CCCC1=O,openff-2.2.1-ashgc,1,0.9620657449349044,0.0002168471866942,0.9862000000000004,0.0001
24594,339,dens_1393365907116297965,339,Density,<Substance CCCCCl{solv}{x=0.702600}|CN1CCCC1=O{solv}{x=0.297400}>,CCCCCl,CN1CCCC1=O,openff-2.2.1-ashgc,1,0.9046244474646052,0.0001776081738842,0.9268000000000002,0.0001
24595,340,dhmix_1769887717174104485,340,EnthalpyOfMixing,<Substance CCCCCl{solv}{x=0.787000}|CN1CCCC1=O{solv}{x=0.213000}>,CCCCCl,CN1CCCC1=O,openff-2.2.1-ashgc,1,0.4683286603515952,0.040947512163146,0.081,0.002
24596,341,dens_2070183543451797213,341,Density,<Substance CCCCCl{solv}{x=0.494800}|CN1CCCC1=O{solv}{x=0.505200}>,CCCCCl,CN1CCCC1=O,openff-2.2.1-ashgc,1,0.9348242860199968,0.0002675972794026,0.9575000000000002,0.0001
24597,342,dens_164369774990422412,342,Density,<Substance CC(C)O{solv}{x=0.764900}|CCOC=O{solv}{x=0.235100}>,CC(C)O,CCOC=O,openff-2.2.1-ashgc,1,0.8272804329166425,0.0002785740065663,0.8088000000000002,0.00035
24598,343,dens_200561035496770448,343,Density,<Substance CC(C)O{solv}{x=0.265100}|CCOC=O{solv}{x=0.734900}>,CC(C)O,CCOC=O,openff-2.2.1-ashgc,1,0.8979597851780299,0.0003093920930777,0.8710000000000002,0.0003
24599,344,dens_1124622586228643363,344,Density,<Substance CC(C)O{solv}{x=0.441300}|CCOC=O{solv}{x=0.558700}>,CC(C)O,CCOC=O,openff-2.2.1-ashgc,1,0.8724566507609969,0.0002788803860549,0.8482000000000003,0.00035
24600,345,dens_166030075147825025,345,Density,<Substance Clc1ccccc1{solv}{x=0.467900}|c1ccccc1{solv}{x=0.532100}>,Clc1ccccc1,c1ccccc1,openff-2.2.1-ashgc,1,0.9775063445482516,0.0002858324792016,0.9877000000000002,0.00025
24601,346,dens_796537469137871297,346,Density,<Substance Clc1ccccc1{solv}{x=0.735800}|c1ccccc1{solv}{x=0.264200}>,Clc1ccccc1,c1ccccc1,openff-2.2.1-ashgc,1,1.0398602714926075,0.0002380342810776,1.0465000000000002,0.0002
24602,347,dhmix_1485547099225054006,347,EnthalpyOfMixing,<Substance Clc1ccccc1{solv}{x=0.777700}|c1ccccc1{solv}{x=0.222300}>,Clc1ccccc1,c1ccccc1,openff-2.2.1-ashgc,1,-0.0371506892474826,0.0406600234733343,-0.0036,0.0004
24603,348,dhmix_1808283008183194060,348,EnthalpyOfMixing,<Substance Clc1ccccc1{solv}{x=0.225800}|c1ccccc1{solv}{x=0.774200}>,Clc1ccccc1,c1ccccc1,openff-2.2.1-ashgc,1,-0.0140056856600878,0.0399893201065523,-0.0046,0.0004
24604,349,dhmix_2008892820486470381,349,EnthalpyOfMixing,<Substance Clc1ccccc1{solv}{x=0.466600}|c1ccccc1{solv}{x=0.533400}>,Clc1ccccc1,c1ccccc1,openff-2.2.1-ashgc,1,0.0075699202013623,0.0385190408438369,-0.0057,0.0004
24605,350,dens_2142546524113318099,350,Density,<Substance Clc1ccccc1{solv}{x=0.293100}|c1ccccc1{solv}{x=0.706900}>,Clc1ccccc1,c1ccccc1,openff-2.2.1-ashgc,1,0.9344399239225674,0.0003205718111405,0.9468000000000002,0.00025
24606,351,dhmix_166527628917371560,351,EnthalpyOfMixing,<Substance CCCCCC(C)=O{solv}{x=0.500700}|CCCNCCC{solv}{x=0.499300}>,CCCCCC(C)=O,CCCNCCC,openff-2.2.1-ashgc,1,-0.0964164777890204,0.0411460012447029,0.162,0.002
24607,352,dhmix_181797488552739205,352,EnthalpyOfMixing,<Substance CCCCCC(C)=O{solv}{x=0.213200}|CCCNCCC{solv}{x=0.786800}>,CCCCCC(C)=O,CCCNCCC,openff-2.2.1-ashgc,1,-0.016778742394834,0.054420678817668,0.137,0.0015
24608,353,dens_286521458049436805,353,Density,<Substance CCCCCC(C)=O{solv}{x=0.542700}|CCCNCCC{solv}{x=0.457300}>,CCCCCC(C)=O,CCCNCCC,openff-2.2.1-ashgc,1,0.7677625665981699,0.0002264215316807,0.7766620000000002,0.0001215
24609,354,dens_740930494074770103,354,Density,<Substance CCCCCC(C)=O{solv}{x=0.252600}|CCCNCCC{solv}{x=0.747400}>,CCCCCC(C)=O,CCCNCCC,openff-2.2.1-ashgc,1,0.7493441935993621,0.0001975747237465,0.7540050000000001,0.0001215
24610,355,dhmix_1180133264815330249,355,EnthalpyOfMixing,<Substance CCCCCC(C)=O{solv}{x=0.788000}|CCCNCCC{solv}{x=0.212000}>,CCCCCC(C)=O,CCCNCCC,openff-2.2.1-ashgc,1,-0.0171617770818457,0.0385486424723179,0.088,0.001
24611,356,dens_1237727796782189302,356,Density,<Substance CCCCCC(C)=O{solv}{x=0.741800}|CCCNCCC{solv}{x=0.258200}>,CCCCCC(C)=O,CCCNCCC,openff-2.2.1-ashgc,1,0.7801156279335574,0.0002062673058753,0.7918920000000003,0.00012
24612,357,dens_168376639142843665,357,Density,<Substance BrCCBr{solv}{x=0.084500}|CCOC(=O)CC{solv}{x=0.915500}>,BrCCBr,CCOC(=O)CC,openff-2.2.1-ashgc,1,0.9632478267110764,0.0002639105738363,0.9671200000000002,0.001185
24613,358,dhmix_897092526028522426,358,EnthalpyOfMixing,<Substance BrCCBr{solv}{x=0.753700}|CCOC(=O)CC{solv}{x=0.246300}>,BrCCBr,CCOC(=O)CC,openff-2.2.1-ashgc,1,-0.332157415871869,0.0353114297757605,0.0052,0.0008
24614,359,dhmix_1078383344298013541,359,EnthalpyOfMixing,<Substance BrCCBr{solv}{x=0.084100}|CCOC(=O)CC{solv}{x=0.915900}>,BrCCBr,CCOC(=O)CC,openff-2.2.1-ashgc,1,-0.0412814456990098,0.054199107327028,-0.0683,0.0014
24615,360,dhmix_1103515663691342839,360,EnthalpyOfMixing,<Substance BrCCBr{solv}{x=0.514000}|CCOC(=O)CC{solv}{x=0.486000}>,BrCCBr,CCOC(=O)CC,openff-2.2.1-ashgc,1,-0.4849742226312994,0.0358441633963067,-0.1259,0.00205
24616,361,dens_1193015082780501702,361,Density,<Substance BrCCBr{solv}{x=0.484400}|CCOC(=O)CC{solv}{x=0.515600}>,BrCCBr,CCOC(=O)CC,openff-2.2.1-ashgc,1,1.3951780241620284,0.0002952985330657,1.4136000000000002,0.001165
24617,362,dens_1660732943693703463,362,Density,<Substance BrCCBr{solv}{x=0.714800}|CCOC(=O)CC{solv}{x=0.285200}>,BrCCBr,CCOC(=O)CC,openff-2.2.1-ashgc,1,1.6867576160932816,0.0005516280562615,1.7205300000000003,0.000985
24618,363,dens_172622055198885625,363,Density,<Substance CCCCOCCO{solv}{x=0.499500}|c1ccccc1{solv}{x=0.500500}>,CCCCOCCO,c1ccccc1,openff-2.2.1-ashgc,1,0.8741606573328937,0.0002724829731257,0.8864700000000002,0.000795
24619,364,dens_615182082919776992,364,Density,<Substance CCCCOCCO{solv}{x=0.753500}|c1ccccc1{solv}{x=0.246500}>,CCCCOCCO,c1ccccc1,openff-2.2.1-ashgc,1,0.8815299694360523,0.0001909882211983,0.8924600000000003,0.00077
24620,365,dens_1014762781474427089,365,Density,<Substance CCCCOCCO{solv}{x=0.248800}|c1ccccc1{solv}{x=0.751200}>,CCCCOCCO,c1ccccc1,openff-2.2.1-ashgc,1,0.8654818258839324,0.0002234584261537,0.8790000000000002,0.00083
24621,366,dhmix_1209838039340638454,366,EnthalpyOfMixing,<Substance CCCCOCCO{solv}{x=0.729700}|c1ccccc1{solv}{x=0.270300}>,CCCCOCCO,c1ccccc1,openff-2.2.1-ashgc,1,0.3449022924267808,0.0510639042764506,0.3037,0.00335
24622,367,dhmix_1416395432810708431,367,EnthalpyOfMixing,<Substance CCCCOCCO{solv}{x=0.266500}|c1ccccc1{solv}{x=0.733500}>,CCCCOCCO,c1ccccc1,openff-2.2.1-ashgc,1,0.5245001033641188,0.0404392155838679,0.6895,0.00745
24623,368,dhmix_1775479338186698605,368,EnthalpyOfMixing,<Substance CCCCOCCO{solv}{x=0.503000}|c1ccccc1{solv}{x=0.497000}>,CCCCOCCO,c1ccccc1,openff-2.2.1-ashgc,1,0.4740025447907925,0.0384308527163574,0.5563,0.00605
24624,369,dens_173950346939686352,369,Density,<Substance CCOC(=O)CC(=O)OCC{solv}{x=0.797800}|CO{solv}{x=0.202200}>,CCOC(=O)CC(=O)OCC,CO,openff-2.2.1-ashgc,1,1.041376503640126,0.000201840040643,1.0336070000000002,0.0001155
24625,370,dhmix_796570713446660029,370,EnthalpyOfMixing,<Substance CCOC(=O)CC(=O)OCC{solv}{x=0.745300}|CO{solv}{x=0.254700}>,CCOC(=O)CC(=O)OCC,CO,openff-2.2.1-ashgc,1,0.808605535442382,0.0523329847405662,1.184,0.013
24626,371,dhmix_1053189657313504079,371,EnthalpyOfMixing,<Substance CCOC(=O)CC(=O)OCC{solv}{x=0.499300}|CO{solv}{x=0.500700}>,CCOC(=O)CC(=O)OCC,CO,openff-2.2.1-ashgc,1,1.0547947641233009,0.042853773782619,1.426,0.0155
24627,372,dens_1109796780897697143,372,Density,<Substance CCOC(=O)CC(=O)OCC{solv}{x=0.500400}|CO{solv}{x=0.499600}>,CCOC(=O)CC(=O)OCC,CO,openff-2.2.1-ashgc,1,1.0003658681671788,0.0002323611294114,0.9962350000000002,9.150000000000002e-05
24628,373,dens_1145191816882985532,373,Density,<Substance CCOC(=O)CC(=O)OCC{solv}{x=0.250100}|CO{solv}{x=0.749900}>,CCOC(=O)CC(=O)OCC,CO,openff-2.2.1-ashgc,1,0.9320688307355796,0.0002771433643815,0.9355040000000002,0.0001385
24629,374,dhmix_1394433819711651760,374,EnthalpyOfMixing,<Substance CCOC(=O)CC(=O)OCC{solv}{x=0.251500}|CO{solv}{x=0.748500}>,CCOC(=O)CC(=O)OCC,CO,openff-2.2.1-ashgc,1,0.9626253428362972,0.0343534891596831,1.083,0.0115
24630,375,dhmix_176700813960387714,375,EnthalpyOfMixing,<Substance CC(=O)N(C)C{solv}{x=0.211000}|ClCCCCCl{solv}{x=0.789000}>,CC(=O)N(C)C,ClCCCCCl,openff-2.2.1-ashgc,1,0.1292185014597322,0.0435198096405146,-0.188,0.0025
24631,376,dhmix_422276068008732896,376,EnthalpyOfMixing,<Substance CC(=O)N(C)C{solv}{x=0.506000}|ClCCCCCl{solv}{x=0.494000}>,CC(=O)N(C)C,ClCCCCCl,openff-2.2.1-ashgc,1,0.199751795116331,0.0353884788822123,-0.314,0.0025
24632,377,dhmix_591740475541975327,377,EnthalpyOfMixing,<Substance CC(=O)N(C)C{solv}{x=0.705000}|ClCCCCCl{solv}{x=0.295000}>,CC(=O)N(C)C,ClCCCCCl,openff-2.2.1-ashgc,1,0.1743878691230005,0.0383036988039424,-0.281,0.0025
24633,378,dens_600718364672681210,378,Density,<Substance CC(=O)N(C)C{solv}{x=0.200100}|ClCCCCCl{solv}{x=0.799900}>,CC(=O)N(C)C,ClCCCCCl,openff-2.2.1-ashgc,1,1.074786362665802,0.0002900646434307,1.0978,0.0023
24634,379,dens_833309518494254389,379,Density,<Substance CC(=O)N(C)C{solv}{x=0.698700}|ClCCCCCl{solv}{x=0.301300}>,CC(=O)N(C)C,ClCCCCCl,openff-2.2.1-ashgc,1,0.9700931922308343,0.0001710422701474,1.0011000000000003,0.0023
24635,380,dens_1473570029953486090,380,Density,<Substance CC(=O)N(C)C{solv}{x=0.500900}|ClCCCCCl{solv}{x=0.499100}>,CC(=O)N(C)C,ClCCCCCl,openff-2.2.1-ashgc,1,1.0137557245749635,0.0002659838656693,1.0407000000000004,0.00225
24636,381,dens_176740025668330569,381,Density,<Substance C1CCCCC1{solv}{x=0.499400}|C1COCCO1{solv}{x=0.500600}>,C1CCCCC1,C1COCCO1,openff-2.2.1-ashgc,1,0.8661036516764341,0.0002196585428553,0.8769800000000002,8.500000000000002e-05
24637,382,dens_476825312331327209,382,Density,<Substance C1CCCCC1{solv}{x=0.297200}|C1COCCO1{solv}{x=0.702800}>,C1CCCCC1,C1COCCO1,openff-2.2.1-ashgc,1,0.925430248559455,0.00021430597403,0.9312200000000004,7.000000000000002e-05
24638,383,dens_985438980823024302,383,Density,<Substance C1CCCCC1{solv}{x=0.699700}|C1COCCO1{solv}{x=0.300300}>,C1CCCCC1,C1COCCO1,openff-2.2.1-ashgc,1,0.8152317624424011,0.000227652550157,0.8305800000000002,0.0001
24639,384,dhmix_1624213860575299641,384,EnthalpyOfMixing,<Substance C1CCCCC1{solv}{x=0.492800}|C1COCCO1{solv}{x=0.507200}>,C1CCCCC1,C1COCCO1,openff-2.2.1-ashgc,1,1.9153468461857417,0.0407241575344144,1.588,0.008
24640,385,dhmix_1900199136965747019,385,EnthalpyOfMixing,<Substance C1CCCCC1{solv}{x=0.239400}|C1COCCO1{solv}{x=0.760600}>,C1CCCCC1,C1COCCO1,openff-2.2.1-ashgc,1,1.3806888791185088,0.0423338816853144,1.124,0.007
24641,386,dhmix_2022274493214392184,386,EnthalpyOfMixing,<Substance C1CCCCC1{solv}{x=0.744200}|C1COCCO1{solv}{x=0.255800}>,C1CCCCC1,C1COCCO1,openff-2.2.1-ashgc,1,1.6493214620730754,0.0454563595861205,1.262,0.007
24642,387,dhmix_182795551078530810,387,EnthalpyOfMixing,<Substance C1COCCO1{solv}{x=0.491200}|Cc1ccccc1Cl{solv}{x=0.508800}>,C1COCCO1,Cc1ccccc1Cl,openff-2.2.1-ashgc,1,0.3121201975253029,0.04455331876887,0.356,0.002
24643,388,dens_242592003865933955,388,Density,<Substance C1COCCO1{solv}{x=0.835700}|Cc1ccccc1Cl{solv}{x=0.164300}>,C1COCCO1,Cc1ccccc1Cl,openff-2.2.1-ashgc,1,1.0244526051147715,0.0002300940379048,1.0256,0.0005
24644,389,dens_810150133181620718,389,Density,<Substance C1COCCO1{solv}{x=0.513600}|Cc1ccccc1Cl{solv}{x=0.486400}>,C1COCCO1,Cc1ccccc1Cl,openff-2.2.1-ashgc,1,1.0501998183142722,0.0001785934444491,1.0536,0.0005
24645,390,dhmix_1949119093643648586,390,EnthalpyOfMixing,<Substance C1COCCO1{solv}{x=0.246200}|Cc1ccccc1Cl{solv}{x=0.753800}>,C1COCCO1,Cc1ccccc1Cl,openff-2.2.1-ashgc,1,0.2592479750023386,0.04365433592823,0.206,0.001
24646,391,dens_2161584607380261748,391,Density,<Substance C1COCCO1{solv}{x=0.226300}|Cc1ccccc1Cl{solv}{x=0.773700}>,C1COCCO1,Cc1ccccc1Cl,openff-2.2.1-ashgc,1,1.0604607834233069,0.0002400766062192,1.0674000000000003,0.0005
24647,392,dhmix_2190589845176325501,392,EnthalpyOfMixing,<Substance C1COCCO1{solv}{x=0.835700}|Cc1ccccc1Cl{solv}{x=0.164300}>,C1COCCO1,Cc1ccccc1Cl,openff-2.2.1-ashgc,1,0.1195587321105904,0.0443787859661224,0.244,0.0015
24648,393,dens_194492664772262961,393,Density,<Substance CCCOC=O{solv}{x=0.479500}|ClCCCl{solv}{x=0.520500}>,CCCOC=O,ClCCCl,openff-2.2.1-ashgc,1,1.0563203800658478,0.0003468183353016,1.0603100000000003,0.00196
24649,394,dhmix_438833720470542962,394,EnthalpyOfMixing,<Substance CCCOC=O{solv}{x=0.738500}|ClCCCl{solv}{x=0.261500}>,CCCOC=O,ClCCCl,openff-2.2.1-ashgc,1,-0.0290650262738942,0.0376041112801589,-0.205,0.0025
24650,395,dens_598528978367940263,395,Density,<Substance CCCOC=O{solv}{x=0.254300}|ClCCCl{solv}{x=0.745700}>,CCCOC=O,ClCCCl,openff-2.2.1-ashgc,1,1.125431123831135,0.0003855202926932,1.1418800000000005,0.002835
24651,396,dens_822197650497048256,396,Density,<Substance CCCOC=O{solv}{x=0.728100}|ClCCCl{solv}{x=0.271900}>,CCCOC=O,ClCCCl,openff-2.2.1-ashgc,1,0.9858908977588328,0.0002869319626657,0.9794600000000002,0.001275
24652,397,dhmix_1971772628311560569,397,EnthalpyOfMixing,<Substance CCCOC=O{solv}{x=0.503500}|ClCCCl{solv}{x=0.496500}>,CCCOC=O,ClCCCl,openff-2.2.1-ashgc,1,0.1273414004368191,0.0370721772403312,-0.254,0.003
24653,398,dhmix_2087301877194561078,398,EnthalpyOfMixing,<Substance CCCOC=O{solv}{x=0.273300}|ClCCCl{solv}{x=0.726700}>,CCCOC=O,ClCCCl,openff-2.2.1-ashgc,1,0.0682762235562499,0.0331138036809539,-0.154,0.002
24654,399,dens_196547737404430199,399,Density,<Substance CCC(C)(C)O{solv}{x=0.258400}|CCO{solv}{x=0.741600}>,CCC(C)(C)O,CCO,openff-2.2.1-ashgc,1,0.7995226901788961,0.0002976436508661,0.7933000000000001,0.0005
24655,400,dens_476512869308734578,400,Density,<Substance CCC(C)(C)O{solv}{x=0.549500}|CCO{solv}{x=0.450500}>,CCC(C)(C)O,CCO,openff-2.2.1-ashgc,1,0.811009271498893,0.0002382876993374,0.8018000000000002,0.0005
24656,401,dens_822446541953482206,401,Density,<Substance CCC(C)(C)O{solv}{x=0.676500}|CCO{solv}{x=0.323500}>,CCC(C)(C)O,CCO,openff-2.2.1-ashgc,1,0.8154642358539073,0.0002893640614279,0.8048000000000002,0.0005
24657,402,dhmix_935690434592096067,402,EnthalpyOfMixing,<Substance CCC(C)(C)O{solv}{x=0.460700}|CCO{solv}{x=0.539300}>,CCC(C)(C)O,CCO,openff-2.2.1-ashgc,1,-0.8263820160104283,0.0375119728063268,-0.95,0.00405
24658,403,dhmix_1167190373485301023,403,EnthalpyOfMixing,<Substance CCC(C)(C)O{solv}{x=0.730600}|CCO{solv}{x=0.269400}>,CCC(C)(C)O,CCO,openff-2.2.1-ashgc,1,-0.700037871699119,0.0466671683131992,-0.7709,0.00335
24659,404,dhmix_1275914601266938667,404,EnthalpyOfMixing,<Substance CCC(C)(C)O{solv}{x=0.280700}|CCO{solv}{x=0.719300}>,CCC(C)(C)O,CCO,openff-2.2.1-ashgc,1,-0.5560818374365932,0.0377452951410197,-0.7056,0.0031
24660,405,dens_196896428021674416,405,Density,<Substance OCCCCO{solv}{x=0.250400}|O{solv}{x=0.749600}>,O,OCCCCO,openff-2.2.1-ashgc,1,1.0045515024302625,0.0003444728344297,1.0206500000000005,0.000165
24661,406,dhmix_204758826312645465,406,EnthalpyOfMixing,<Substance OCCCCO{solv}{x=0.498600}|O{solv}{x=0.501400}>,O,OCCCCO,openff-2.2.1-ashgc,1,0.5543489194730054,0.0349089796992121,-0.882,0.011
24662,407,dens_523660418548538159,407,Density,<Substance OCCCCO{solv}{x=0.502000}|O{solv}{x=0.498000}>,O,OCCCCO,openff-2.2.1-ashgc,1,1.0129876951427803,0.000430950006178,1.0207100000000002,0.000175
24663,408,dhmix_1424462945700338266,408,EnthalpyOfMixing,<Substance OCCCCO{solv}{x=0.794700}|O{solv}{x=0.205300}>,O,OCCCCO,openff-2.2.1-ashgc,1,0.1575226149681091,0.0434257272177185,-0.513,0.007
24664,409,dhmix_2166372532060643622,409,EnthalpyOfMixing,<Substance OCCCCO{solv}{x=0.265800}|O{solv}{x=0.734200}>,O,OCCCCO,openff-2.2.1-ashgc,1,0.5840466252513394,0.0278394338102783,-0.896,0.0115
24665,410,dens_2215793475715067258,410,Density,<Substance OCCCCO{solv}{x=0.752800}|O{solv}{x=0.247200}>,O,OCCCCO,openff-2.2.1-ashgc,1,1.0134977647969463,0.0003403190071219,1.0165900000000003,0.00018
24666,411,dhmix_199788824133179829,411,EnthalpyOfMixing,<Substance CNc1ccccc1{solv}{x=0.497300}|Cc1ccccc1{solv}{x=0.502700}>,CNc1ccccc1,Cc1ccccc1,openff-2.2.1-ashgc,1,0.9718388934047156,0.0408606553854095,0.497,0.0055
24667,412,dens_515118724178190757,412,Density,<Substance CNc1ccccc1{solv}{x=0.740700}|Cc1ccccc1{solv}{x=0.259300}>,CNc1ccccc1,Cc1ccccc1,openff-2.2.1-ashgc,1,0.9533908265208104,0.0002011964939331,0.9531280000000004,0.0002595
24668,413,dens_730775902780400634,413,Density,<Substance CNc1ccccc1{solv}{x=0.245200}|Cc1ccccc1{solv}{x=0.754800}>,CNc1ccccc1,Cc1ccccc1,openff-2.2.1-ashgc,1,0.8811336624301732,0.0002366709124264,0.8935250000000002,0.000118
24669,414,dhmix_1213795502778853356,414,EnthalpyOfMixing,<Substance CNc1ccccc1{solv}{x=0.295200}|Cc1ccccc1{solv}{x=0.704800}>,CNc1ccccc1,Cc1ccccc1,openff-2.2.1-ashgc,1,0.7484312065177292,0.0433537056296426,0.459,0.005
24670,415,dhmix_1321810550349826496,415,EnthalpyOfMixing,<Substance CNc1ccccc1{solv}{x=0.789200}|Cc1ccccc1{solv}{x=0.210800}>,CNc1ccccc1,Cc1ccccc1,openff-2.2.1-ashgc,1,0.4381321589169857,0.0462680850667117,0.287,0.003
24671,416,dens_2156484405108449314,416,Density,<Substance CNc1ccccc1{solv}{x=0.490000}|Cc1ccccc1{solv}{x=0.510000}>,CNc1ccccc1,Cc1ccccc1,openff-2.2.1-ashgc,1,0.9171252648925456,0.0002273009775867,0.9235800000000004,0.000164
24672,417,dens_199829369486957606,417,Density,<Substance CC#N{solv}{x=0.200300}|c1ccccc1{solv}{x=0.799700}>,CC#N,c1ccccc1,openff-2.2.1-ashgc,1,0.8489386983490228,0.0002990866336202,0.8623400000000002,7.000000000000002e-05
24673,418,dhmix_217315956534335620,418,EnthalpyOfMixing,<Substance CC#N{solv}{x=0.771500}|c1ccccc1{solv}{x=0.228500}>,CC#N,c1ccccc1,openff-2.2.1-ashgc,1,0.0155008367324711,0.0304810948272496,0.3988,0.00815
24674,419,dhmix_730497723685339496,419,EnthalpyOfMixing,<Substance CC#N{solv}{x=0.219600}|c1ccccc1{solv}{x=0.780400}>,CC#N,c1ccccc1,openff-2.2.1-ashgc,1,-0.1488500602407541,0.035060150641754,0.2399,0.00495
24675,420,dhmix_1038591828122641798,420,EnthalpyOfMixing,<Substance CC#N{solv}{x=0.529500}|c1ccccc1{solv}{x=0.470500}>,CC#N,c1ccccc1,openff-2.2.1-ashgc,1,-0.0866532035882929,0.0324017096854074,0.4415,0.00905
24676,421,dens_1457706963514561052,421,Density,<Substance CC#N{solv}{x=0.500100}|c1ccccc1{solv}{x=0.499900}>,CC#N,c1ccccc1,openff-2.2.1-ashgc,1,0.8287859580327075,0.0002776234028591,0.8384600000000002,7.500000000000002e-05
24677,422,dens_2111393000623474162,422,Density,<Substance CC#N{solv}{x=0.700200}|c1ccccc1{solv}{x=0.299800}>,CC#N,c1ccccc1,openff-2.2.1-ashgc,1,0.8111299293966975,0.000282104407036,0.8174500000000002,7.500000000000002e-05
24678,423,dens_201591193434833206,423,Density,<Substance CC(C)CC(C)(C)C{solv}{x=0.082400}|CCO{solv}{x=0.917600}>,CC(C)CC(C)(C)C,CCO,openff-2.2.1-ashgc,1,0.7604105794065247,0.00032051979335,0.7605800000000003,0.000125
24679,424,dhmix_371477530823830451,424,EnthalpyOfMixing,<Substance CC(C)CC(C)(C)C{solv}{x=0.761700}|CCO{solv}{x=0.238300}>,CC(C)CC(C)(C)C,CCO,openff-2.2.1-ashgc,1,0.7528179604425986,0.041383982517006,0.634022,0.006851
24680,425,dhmix_1127868571780691876,425,EnthalpyOfMixing,<Substance CC(C)CC(C)(C)C{solv}{x=0.515800}|CCO{solv}{x=0.484200}>,CC(C)CC(C)(C)C,CCO,openff-2.2.1-ashgc,1,0.909768271791549,0.0408647430099862,0.638973,0.006903
24681,426,dens_1250915879314267304,426,Density,<Substance CC(C)CC(C)(C)C{solv}{x=0.493740}|CCO{solv}{x=0.506260}>,CC(C)CC(C)(C)C,CCO,openff-2.2.1-ashgc,1,0.7207787033876759,0.0002540698889407,0.7110500000000001,7.500000000000002e-05
24682,427,dens_1473791133383705310,427,Density,<Substance CC(C)CC(C)(C)C{solv}{x=0.735960}|CCO{solv}{x=0.264040}>,CC(C)CC(C)(C)C,CCO,openff-2.2.1-ashgc,1,0.7099515791118461,0.0002163548487603,0.6967900000000001,7.500000000000002e-05
24683,428,dhmix_1870637719976274804,428,EnthalpyOfMixing,<Substance CC(C)CC(C)(C)C{solv}{x=0.081500}|CCO{solv}{x=0.918500}>,CC(C)CC(C)(C)C,CCO,openff-2.2.1-ashgc,1,0.3288225169847116,0.0367246159794649,0.197762,0.0022405
24684,429,dens_202472488934755108,429,Density,<Substance CCC#N{solv}{x=0.301800}|CCOC(C)(C)C{solv}{x=0.698200}>,CCC#N,CCOC(C)(C)C,openff-2.2.1-ashgc,1,0.7549963682193391,0.0002384281197699,0.7455000000000002,0.0002
24685,430,dens_266175665931869051,430,Density,<Substance CCC#N{solv}{x=0.701400}|CCOC(C)(C)C{solv}{x=0.298600}>,CCC#N,CCOC(C)(C)C,openff-2.2.1-ashgc,1,0.7656634963509167,0.0002236593931381,0.7617000000000003,0.00035
24686,431,dhmix_801664072836508009,431,EnthalpyOfMixing,<Substance CCC#N{solv}{x=0.301800}|CCOC(C)(C)C{solv}{x=0.698200}>,CCC#N,CCOC(C)(C)C,openff-2.2.1-ashgc,1,0.1745573694521205,0.041512123843866,0.4557,0.0062
24687,432,dhmix_1220778152018571786,432,EnthalpyOfMixing,<Substance CCC#N{solv}{x=0.501400}|CCOC(C)(C)C{solv}{x=0.498600}>,CCC#N,CCOC(C)(C)C,openff-2.2.1-ashgc,1,0.1051500511687137,0.0322359863611184,0.5053,0.00685
24688,433,dhmix_1838699488178562925,433,EnthalpyOfMixing,<Substance CCC#N{solv}{x=0.701400}|CCOC(C)(C)C{solv}{x=0.298600}>,CCC#N,CCOC(C)(C)C,openff-2.2.1-ashgc,1,0.1079111951311961,0.0369894141746608,0.4078,0.0056
24689,434,dens_1870081876609026392,434,Density,<Substance CCC#N{solv}{x=0.501400}|CCOC(C)(C)C{solv}{x=0.498600}>,CCC#N,CCOC(C)(C)C,openff-2.2.1-ashgc,1,0.7603493435487567,0.0002332485520078,0.7532000000000002,0.0003
24690,435,dens_205210513551931414,435,Density,<Substance CCCC#N{solv}{x=0.200000}|c1ccccc1{solv}{x=0.800000}>,CCCC#N,c1ccccc1,openff-2.2.1-ashgc,1,0.8427596852664774,0.0002679741285851,0.8576940000000002,5.400000000000001e-05
24691,436,dens_841576887891022329,436,Density,<Substance CCCC#N{solv}{x=0.500000}|c1ccccc1{solv}{x=0.500000}>,CCCC#N,c1ccccc1,openff-2.2.1-ashgc,1,0.82037806388193,0.0002598958992592,0.8318550000000002,5.8000000000000014e-05
24692,437,dhmix_901910638840590393,437,EnthalpyOfMixing,<Substance CCCC#N{solv}{x=0.503700}|c1ccccc1{solv}{x=0.496300}>,CCCC#N,c1ccccc1,openff-2.2.1-ashgc,1,-0.1381140790644863,0.0387775080501764,-0.0659,0.00145
24693,438,dhmix_1123099162248680479,438,EnthalpyOfMixing,<Substance CCCC#N{solv}{x=0.752800}|c1ccccc1{solv}{x=0.247200}>,CCCC#N,c1ccccc1,openff-2.2.1-ashgc,1,-0.0924635531950457,0.0379725578315391,-0.0312,0.0008
24694,439,dhmix_1318990508180847616,439,EnthalpyOfMixing,<Substance CCCC#N{solv}{x=0.252800}|c1ccccc1{solv}{x=0.747200}>,CCCC#N,c1ccccc1,openff-2.2.1-ashgc,1,-0.083891874631611,0.0395307037329039,-0.0571,0.00125
24695,440,dens_1950627772023797339,440,Density,<Substance CCCC#N{solv}{x=0.700000}|c1ccccc1{solv}{x=0.300000}>,CCCC#N,c1ccccc1,openff-2.2.1-ashgc,1,0.8052552476307662,0.0002524184031875,0.8138540000000002,6.100000000000001e-05
24696,441,dhmix_207411229673186667,441,EnthalpyOfMixing,<Substance CC(C)(C)Cl{solv}{x=0.774700}|CC(C)OC(C)C{solv}{x=0.225300}>,CC(C)(C)Cl,CC(C)OC(C)C,openff-2.2.1-ashgc,1,-0.0593058153519692,0.040432299156919,0.0035,0.0004
24697,442,dhmix_263164663491745943,442,EnthalpyOfMixing,<Substance CC(C)(C)Cl{solv}{x=0.551200}|CC(C)OC(C)C{solv}{x=0.448800}>,CC(C)(C)Cl,CC(C)OC(C)C,openff-2.2.1-ashgc,1,-0.1311006207581826,0.0416325745090687,0.0071,0.0004
24698,443,dens_1527979990628499053,443,Density,<Substance CC(C)(C)Cl{solv}{x=0.514800}|CC(C)OC(C)C{solv}{x=0.485200}>,CC(C)(C)Cl,CC(C)OC(C)C,openff-2.2.1-ashgc,1,0.7888201255770184,0.0002968022831646,0.7723510000000002,0.00042
24699,444,dens_1616242241384486673,444,Density,<Substance CC(C)(C)Cl{solv}{x=0.715200}|CC(C)OC(C)C{solv}{x=0.284800}>,CC(C)(C)Cl,CC(C)OC(C)C,openff-2.2.1-ashgc,1,0.8138991680166083,0.0002989181683135,0.7971450000000002,0.0003945
24700,445,dens_2075469437997722238,445,Density,<Substance CC(C)(C)Cl{solv}{x=0.199100}|CC(C)OC(C)C{solv}{x=0.800900}>,CC(C)(C)Cl,CC(C)OC(C)C,openff-2.2.1-ashgc,1,0.753079615763922,0.0002159202557683,0.7376660000000003,0.0004545
24701,446,dhmix_2101531043492089277,446,EnthalpyOfMixing,<Substance CC(C)(C)Cl{solv}{x=0.219200}|CC(C)OC(C)C{solv}{x=0.780800}>,CC(C)(C)Cl,CC(C)OC(C)C,openff-2.2.1-ashgc,1,-0.1368203840572803,0.0417817142784471,0.007,0.0004
24702,447,dens_210389881425986721,447,Density,<Substance C1COCO1{solv}{x=0.785000}|CCCCCC(C)=O{solv}{x=0.215000}>,C1COCO1,CCCCCC(C)=O,openff-2.2.1-ashgc,1,0.9834757142950864,0.0002705370505676,0.9696500000000002,0.0003
24703,448,dhmix_503329310014436107,448,EnthalpyOfMixing,<Substance C1COCO1{solv}{x=0.750000}|CCCCCC(C)=O{solv}{x=0.250000}>,C1COCO1,CCCCCC(C)=O,openff-2.2.1-ashgc,1,0.4846648408285716,0.0355778822221457,0.37402,0.001955
24704,449,dens_824084186033535550,449,Density,<Substance C1COCO1{solv}{x=0.507100}|CCCCCC(C)=O{solv}{x=0.492900}>,C1COCO1,CCCCCC(C)=O,openff-2.2.1-ashgc,1,0.8930101610254915,0.0002351847857162,0.8936300000000003,0.00034
24705,450,dens_839548343309182157,450,Density,<Substance C1COCO1{solv}{x=0.244000}|CCCCCC(C)=O{solv}{x=0.756000}>,C1COCO1,CCCCCC(C)=O,openff-2.2.1-ashgc,1,0.8351403625119767,0.0002009973157746,0.8445200000000002,0.00038
24706,451,dhmix_1519451899562488304,451,EnthalpyOfMixing,<Substance C1COCO1{solv}{x=0.250000}|CCCCCC(C)=O{solv}{x=0.750000}>,C1COCO1,CCCCCC(C)=O,openff-2.2.1-ashgc,1,0.3502459916465952,0.0495009598113381,0.2754,0.00155
24707,452,dhmix_1874814461447958752,452,EnthalpyOfMixing,<Substance C1COCO1{solv}{x=0.500000}|CCCCCC(C)=O{solv}{x=0.500000}>,C1COCO1,CCCCCC(C)=O,openff-2.2.1-ashgc,1,0.4970523883379059,0.039786879429735,0.43148,0.00217
24708,453,dhmix_219236717194413479,453,EnthalpyOfMixing,<Substance CCOc1ccccc1{solv}{x=0.762500}|OCCCc1ccccc1{solv}{x=0.237500}>,CCOc1ccccc1,OCCCc1ccccc1,openff-2.2.1-ashgc,1,0.8376885471170539,0.0479673053645536,1.1164,0.01195
24709,454,dens_391027492102555874,454,Density,<Substance CCOc1ccccc1{solv}{x=0.515000}|OCCCc1ccccc1{solv}{x=0.485000}>,CCOc1ccccc1,OCCCc1ccccc1,openff-2.2.1-ashgc,1,0.9596708235065272,0.0001595266663506,0.9715100000000002,0.00026
24710,455,dens_603450583692592837,455,Density,<Substance CCOc1ccccc1{solv}{x=0.707400}|OCCCc1ccccc1{solv}{x=0.292600}>,CCOc1ccccc1,OCCCc1ccccc1,openff-2.2.1-ashgc,1,0.9518909869994884,0.0001642830142558,0.9634300000000002,0.00026
24711,456,dhmix_1297428070131435744,456,EnthalpyOfMixing,<Substance CCOc1ccccc1{solv}{x=0.516900}|OCCCc1ccccc1{solv}{x=0.483100}>,CCOc1ccccc1,OCCCc1ccccc1,openff-2.2.1-ashgc,1,1.029935745009027,0.0446748448708931,0.989,0.0106
24712,457,dens_1659818614169719187,457,Density,<Substance CCOc1ccccc1{solv}{x=0.216400}|OCCCc1ccccc1{solv}{x=0.783600}>,CCOc1ccccc1,OCCCc1ccccc1,openff-2.2.1-ashgc,1,0.970346622058026,0.0001785344022547,0.9832000000000004,0.00026
24713,458,dhmix_2058966624473104004,458,EnthalpyOfMixing,<Substance CCOc1ccccc1{solv}{x=0.262900}|OCCCc1ccccc1{solv}{x=0.737100}>,CCOc1ccccc1,OCCCc1ccccc1,openff-2.2.1-ashgc,1,0.7073514836306316,0.0542853108809604,0.7,0.00755
24714,459,dhmix_224977805525763267,459,EnthalpyOfMixing,<Substance OCCO{solv}{x=0.519300}|O{solv}{x=0.480700}>,O,OCCO,openff-2.2.1-ashgc,1,0.084206479923047,0.0329216520959156,-0.64,0.0035
24715,460,dhmix_454389511592218960,460,EnthalpyOfMixing,<Substance OCCO{solv}{x=0.790900}|O{solv}{x=0.209100}>,O,OCCO,openff-2.2.1-ashgc,1,-0.010741079036503,0.0347833021892983,-0.347,0.0025
24716,461,dens_624011570206871166,461,Density,<Substance OCCO{solv}{x=0.500560}|O{solv}{x=0.499440}>,O,OCCO,openff-2.2.1-ashgc,1,1.0870761688953834,0.0002831810280127,1.0923200000000002,0.0005
24717,462,dhmix_997365299263661959,462,EnthalpyOfMixing,<Substance OCCO{solv}{x=0.205100}|O{solv}{x=0.794900}>,O,OCCO,openff-2.2.1-ashgc,1,0.1572436236920076,0.0239256304941283,-0.681,0.004
24718,463,dens_1521229282261002740,463,Density,<Substance OCCO{solv}{x=0.299010}|O{solv}{x=0.700990}>,O,OCCO,openff-2.2.1-ashgc,1,1.0621752108752691,0.0003762390186738,1.0735400000000002,0.0005
24719,464,dens_2015496231826454735,464,Density,<Substance OCCO{solv}{x=0.706260}|O{solv}{x=0.293740}>,O,OCCO,openff-2.2.1-ashgc,1,1.1025977242916942,0.0003518385726372,1.1022400000000003,0.0005
24720,465,dhmix_230261418136264651,465,EnthalpyOfMixing,<Substance CCCCOC(C)=O{solv}{x=0.700700}|CCOC(C)=O{solv}{x=0.299300}>,CCCCOC(C)=O,CCOC(C)=O,openff-2.2.1-ashgc,1,0.0027963241179769,0.0448370163051268,0.0594,0.001
24721,466,dhmix_287092636460772443,466,EnthalpyOfMixing,<Substance CCCCOC(C)=O{solv}{x=0.501800}|CCOC(C)=O{solv}{x=0.498200}>,CCCCOC(C)=O,CCOC(C)=O,openff-2.2.1-ashgc,1,0.062959046093681,0.0429788743135086,0.076,0.0012
24722,467,dens_436289636626232396,467,Density,<Substance CCCCOC(C)=O{solv}{x=0.501800}|CCOC(C)=O{solv}{x=0.498200}>,CCCCOC(C)=O,CCOC(C)=O,openff-2.2.1-ashgc,1,0.8876797924660904,0.0001521902134749,0.8829000000000002,0.0002
24723,468,dens_1739528506032569134,468,Density,<Substance CCCCOC(C)=O{solv}{x=0.201200}|CCOC(C)=O{solv}{x=0.798800}>,CCCCOC(C)=O,CCOC(C)=O,openff-2.2.1-ashgc,1,0.8961061584438215,0.0002651603836457,0.8889000000000001,0.0002
24724,469,dhmix_1951544232160779982,469,EnthalpyOfMixing,<Substance CCCCOC(C)=O{solv}{x=0.201200}|CCOC(C)=O{solv}{x=0.798800}>,CCCCOC(C)=O,CCOC(C)=O,openff-2.2.1-ashgc,1,-0.0015018283854644,0.0427642226818032,0.0524,0.0009
24725,470,dens_2199004103648094822,470,Density,<Substance CCCCOC(C)=O{solv}{x=0.700700}|CCOC(C)=O{solv}{x=0.299300}>,CCCCOC(C)=O,CCOC(C)=O,openff-2.2.1-ashgc,1,0.8834937907296498,0.0002382272841605,0.8797000000000003,0.0002
24726,471,dens_230610561971140401,471,Density,<Substance CN(C)CCO{solv}{x=0.507700}|O{solv}{x=0.492300}>,CN(C)CCO,O,openff-2.2.1-ashgc,1,0.9173262890093496,0.0003153743445254,0.9237220000000002,0.000504
24727,472,dens_531222131704065782,472,Density,<Substance CN(C)CCO{solv}{x=0.765200}|O{solv}{x=0.234800}>,CN(C)CCO,O,openff-2.2.1-ashgc,1,0.902028517574721,0.0002671042321088,0.8989030000000002,0.0005805
24728,473,dhmix_569544738684419327,473,EnthalpyOfMixing,<Substance CN(C)CCO{solv}{x=0.536500}|O{solv}{x=0.463500}>,CN(C)CCO,O,openff-2.2.1-ashgc,1,-2.396364764467954,0.0370739512375645,-2.575,0.0525
24729,474,dens_1319192913326669904,474,Density,<Substance CN(C)CCO{solv}{x=0.264330}|O{solv}{x=0.735670}>,CN(C)CCO,O,openff-2.2.1-ashgc,1,0.9375165252836658,0.0002274806335073,0.9590000000000002,0.0029
24730,475,dhmix_1669606825693628140,475,EnthalpyOfMixing,<Substance CN(C)CCO{solv}{x=0.205200}|O{solv}{x=0.794800}>,CN(C)CCO,O,openff-2.2.1-ashgc,1,-1.6222602246748716,0.0262978443377428,-2.587,0.0525
24731,476,dhmix_1723343163215510297,476,EnthalpyOfMixing,<Substance CN(C)CCO{solv}{x=0.799600}|O{solv}{x=0.200400}>,CN(C)CCO,O,openff-2.2.1-ashgc,1,-1.4726534737010155,0.0399735999441123,-1.247,0.0255
24732,477,dens_233554406241639981,477,Density,<Substance CC(C)CC(C)(C)C{solv}{x=0.200000}|CCCCOCCCC{solv}{x=0.800000}>,CC(C)CC(C)(C)C,CCCCOCCCC,openff-2.2.1-ashgc,1,0.7459924480593007,0.0001719616122699,0.7497500000000001,0.00017
24733,478,dhmix_465541682585001245,478,EnthalpyOfMixing,<Substance CC(C)CC(C)(C)C{solv}{x=0.200400}|CCCCOCCCC{solv}{x=0.799600}>,CC(C)CC(C)(C)C,CCCCOCCCC,openff-2.2.1-ashgc,1,0.1928716136308139,0.0515786784801593,0.07397,0.00099
24734,479,dhmix_1505777056782392294,479,EnthalpyOfMixing,<Substance CC(C)CC(C)(C)C{solv}{x=0.400400}|CCCCOCCCC{solv}{x=0.599600}>,CC(C)CC(C)(C)C,CCCCOCCCC,openff-2.2.1-ashgc,1,0.2279963203394572,0.0496312146978426,0.11538,0.001385
24735,480,dhmix_1595104467389948583,480,EnthalpyOfMixing,<Substance CC(C)CC(C)(C)C{solv}{x=0.700500}|CCCCOCCCC{solv}{x=0.299500}>,CC(C)CC(C)(C)C,CCCCOCCCC,openff-2.2.1-ashgc,1,0.2922137004411809,0.052011131775556,0.10948,0.00133
24736,481,dens_1672861274914038509,481,Density,<Substance CC(C)CC(C)(C)C{solv}{x=0.399700}|CCCCOCCCC{solv}{x=0.600300}>,CC(C)CC(C)(C)C,CCCCOCCCC,openff-2.2.1-ashgc,1,0.7350859885149816,0.0001876762107627,0.7348100000000001,0.000175
24737,482,dens_1954694146948787176,482,Density,<Substance CC(C)CC(C)(C)C{solv}{x=0.700000}|CCCCOCCCC{solv}{x=0.300000}>,CC(C)CC(C)(C)C,CCCCOCCCC,openff-2.2.1-ashgc,1,0.7193452263067427,0.0001877471685871,0.7117300000000002,0.000185
24738,483,dens_234746850701826990,483,Density,<Substance CC#N{solv}{x=0.700000}|CCCCCO{solv}{x=0.300000}>,CC#N,CCCCCO,openff-2.2.1-ashgc,1,0.7922396529351701,0.0002613408349162,0.7924200000000001,0.000165
24739,484,dens_1261543146081029601,484,Density,<Substance CC#N{solv}{x=0.500300}|CCCCCO{solv}{x=0.499700}>,CC#N,CCCCCO,openff-2.2.1-ashgc,1,0.7991199767534487,0.0002346682134026,0.7996400000000001,0.000185
24740,485,dens_1462197010819319813,485,Density,<Substance CC#N{solv}{x=0.203100}|CCCCCO{solv}{x=0.796900}>,CC#N,CCCCCO,openff-2.2.1-ashgc,1,0.8061388094253588,0.0001911036363698,0.8090600000000001,0.00022
24741,486,dhmix_1595997756227951615,486,EnthalpyOfMixing,<Substance CC#N{solv}{x=0.235500}|CCCCCO{solv}{x=0.764500}>,CC#N,CCCCCO,openff-2.2.1-ashgc,1,1.5049547316677732,0.0399707851722189,1.451,0.006
24742,487,dhmix_1745037615762894827,487,EnthalpyOfMixing,<Substance CC#N{solv}{x=0.516700}|CCCCCO{solv}{x=0.483300}>,CC#N,CCCCCO,openff-2.2.1-ashgc,1,2.0577265143747354,0.0353216698788669,2.017,0.008
24743,488,dhmix_2294048253872291609,488,EnthalpyOfMixing,<Substance CC#N{solv}{x=0.771100}|CCCCCO{solv}{x=0.228900}>,CC#N,CCCCCO,openff-2.2.1-ashgc,1,1.6336919633722695,0.0288472844460301,1.656,0.007
24744,489,dens_237912652331354824,489,Density,<Substance C1COCCO1{solv}{x=0.512200}|CCCC(C)=O{solv}{x=0.487800}>,C1COCCO1,CCCC(C)=O,openff-2.2.1-ashgc,1,0.8926660981324465,0.0002145189709943,0.90478,0.00023
24745,490,dhmix_951401191616771155,490,EnthalpyOfMixing,<Substance C1COCCO1{solv}{x=0.750000}|CCCC(C)=O{solv}{x=0.250000}>,C1COCCO1,CCCC(C)=O,openff-2.2.1-ashgc,1,0.2638706796886794,0.0419913749655953,0.23761,0.00135
24746,491,dens_1815088975543208186,491,Density,<Substance C1COCCO1{solv}{x=0.225400}|CCCC(C)=O{solv}{x=0.774600}>,C1COCCO1,CCCC(C)=O,openff-2.2.1-ashgc,1,0.8261918380723736,0.0002312402388846,0.8442800000000001,0.00022
24747,492,dens_2079717107234551519,492,Density,<Substance C1COCCO1{solv}{x=0.782300}|CCCC(C)=O{solv}{x=0.217700}>,C1COCCO1,CCCC(C)=O,openff-2.2.1-ashgc,1,0.9628372201993148,0.0002431316619581,0.9692000000000004,0.000245
24748,493,dhmix_2166059870593139530,493,EnthalpyOfMixing,<Substance C1COCCO1{solv}{x=0.500000}|CCCC(C)=O{solv}{x=0.500000}>,C1COCCO1,CCCC(C)=O,openff-2.2.1-ashgc,1,0.2729257764168906,0.0419989821215974,0.26523,0.001455
24749,494,dhmix_2196150660196365471,494,EnthalpyOfMixing,<Substance C1COCCO1{solv}{x=0.250000}|CCCC(C)=O{solv}{x=0.750000}>,C1COCCO1,CCCC(C)=O,openff-2.2.1-ashgc,1,0.2376807501168016,0.0399851068910098,0.1704,0.001085
24750,495,dhmix_243334109655928306,495,EnthalpyOfMixing,<Substance C1CCOCC1{solv}{x=0.783200}|c1ccccc1{solv}{x=0.216800}>,C1CCOCC1,c1ccccc1,openff-2.2.1-ashgc,1,-0.0838569041419532,0.0417645183086722,-0.1399,0.00165
24751,496,dens_257753427541292519,496,Density,<Substance C1CCOCC1{solv}{x=0.479400}|c1ccccc1{solv}{x=0.520600}>,C1CCOCC1,c1ccccc1,openff-2.2.1-ashgc,1,0.8630809707357152,0.0002615241976765,0.8778700000000003,0.000505
24752,497,dhmix_604341867718608333,497,EnthalpyOfMixing,<Substance C1CCOCC1{solv}{x=0.242500}|c1ccccc1{solv}{x=0.757500}>,C1CCOCC1,c1ccccc1,openff-2.2.1-ashgc,1,-0.0338700512713927,0.039261059393523,-0.1608,0.00185
24753,498,dens_791001710124267373,498,Density,<Substance C1CCOCC1{solv}{x=0.223900}|c1ccccc1{solv}{x=0.776100}>,C1CCOCC1,c1ccccc1,openff-2.2.1-ashgc,1,0.8609060908742177,0.0002645951978039,0.8761000000000002,0.0005
24754,499,dens_1402061243325720407,499,Density,<Substance C1CCOCC1{solv}{x=0.743200}|c1ccccc1{solv}{x=0.256800}>,C1CCOCC1,c1ccccc1,openff-2.2.1-ashgc,1,0.8640569871275308,0.0002215670626985,0.8789500000000002,0.000505
24755,500,dhmix_1407142629314355761,500,EnthalpyOfMixing,<Substance C1CCOCC1{solv}{x=0.498200}|c1ccccc1{solv}{x=0.501800}>,C1CCOCC1,c1ccccc1,openff-2.2.1-ashgc,1,-0.0750727581360877,0.0407748208821749,-0.2365,0.00265
24756,501,dhmix_266800455813556356,501,EnthalpyOfMixing,<Substance CO{solv}{x=0.727200}|OCc1ccccc1{solv}{x=0.272800}>,CO,OCc1ccccc1,openff-2.2.1-ashgc,1,-0.0665804159957268,0.0313181075831546,-0.0792,0.001
24757,502,dhmix_949671607207910651,502,EnthalpyOfMixing,<Substance CO{solv}{x=0.500500}|OCc1ccccc1{solv}{x=0.499500}>,CO,OCc1ccccc1,openff-2.2.1-ashgc,1,-0.0810614024266342,0.0377051584924009,-0.1408,0.00165
24758,503,dhmix_1388744759732522219,503,EnthalpyOfMixing,<Substance CO{solv}{x=0.200200}|OCc1ccccc1{solv}{x=0.799800}>,CO,OCc1ccccc1,openff-2.2.1-ashgc,1,-0.2026847033059908,0.0407611191252442,-0.1081,0.0013
24759,504,dens_270046772857960816,504,Density,<Substance C1CCOCC1{solv}{x=0.732100}|Cc1ccccc1{solv}{x=0.267900}>,C1CCOCC1,Cc1ccccc1,openff-2.2.1-ashgc,1,0.8599787441899531,0.0002287114812533,0.8754100000000001,0.000505
24760,505,dens_324774743687652276,505,Density,<Substance C1CCOCC1{solv}{x=0.238700}|Cc1ccccc1{solv}{x=0.761300}>,C1CCOCC1,Cc1ccccc1,openff-2.2.1-ashgc,1,0.8497211270503781,0.0002256092293106,0.8669900000000003,0.000505
24761,506,dhmix_390107187187002597,506,EnthalpyOfMixing,<Substance C1CCOCC1{solv}{x=0.531900}|Cc1ccccc1{solv}{x=0.468100}>,C1CCOCC1,Cc1ccccc1,openff-2.2.1-ashgc,1,-0.0835778073489876,0.0378374063534689,-0.2225,0.0025
24762,507,dhmix_1070320975529400325,507,EnthalpyOfMixing,<Substance C1CCOCC1{solv}{x=0.280600}|Cc1ccccc1{solv}{x=0.719400}>,C1CCOCC1,Cc1ccccc1,openff-2.2.1-ashgc,1,-0.0512826016496461,0.0485268640232465,-0.1687,0.00195
24763,508,dens_1397318239527979287,508,Density,<Substance C1CCOCC1{solv}{x=0.491500}|Cc1ccccc1{solv}{x=0.508500}>,C1CCOCC1,Cc1ccccc1,openff-2.2.1-ashgc,1,0.8553603261047749,0.0002331959439186,0.8715100000000002,0.000505
24764,509,dhmix_1508130989501940613,509,EnthalpyOfMixing,<Substance C1CCOCC1{solv}{x=0.741300}|Cc1ccccc1{solv}{x=0.258700}>,C1CCOCC1,Cc1ccccc1,openff-2.2.1-ashgc,1,-0.0934453053327502,0.0433050044694031,-0.1629,0.0019
24765,510,dhmix_271732469428717581,510,EnthalpyOfMixing,<Substance COc1ccccc1{solv}{x=0.237400}|OCCCc1ccccc1{solv}{x=0.762600}>,COc1ccccc1,OCCCc1ccccc1,openff-2.2.1-ashgc,1,0.5721766380879814,0.056620263231605,0.6076,0.0066
24766,511,dhmix_1174392275991455181,511,EnthalpyOfMixing,<Substance COc1ccccc1{solv}{x=0.554700}|OCCCc1ccccc1{solv}{x=0.445300}>,COc1ccccc1,OCCCc1ccccc1,openff-2.2.1-ashgc,1,0.978970031700257,0.0483592685679363,1.0293,0.01105
24767,512,dhmix_1179341622676685107,512,EnthalpyOfMixing,<Substance COc1ccccc1{solv}{x=0.713600}|OCCCc1ccccc1{solv}{x=0.286400}>,COc1ccccc1,OCCCc1ccccc1,openff-2.2.1-ashgc,1,0.9329378882218364,0.0501158952482617,1.1088,0.0119
24768,513,dens_1468428612899754720,513,Density,<Substance COc1ccccc1{solv}{x=0.747700}|OCCCc1ccccc1{solv}{x=0.252300}>,COc1ccccc1,OCCCc1ccccc1,openff-2.2.1-ashgc,1,0.9675148742708508,0.0002103933176887,0.9827800000000002,0.00026
24769,514,dens_1534619098234859574,514,Density,<Substance COc1ccccc1{solv}{x=0.555100}|OCCCc1ccccc1{solv}{x=0.444900}>,COc1ccccc1,OCCCc1ccccc1,openff-2.2.1-ashgc,1,0.9704394286495392,0.0002322037161855,0.9852700000000002,0.00026
24770,515,dens_2298154173340539222,515,Density,<Substance COc1ccccc1{solv}{x=0.263600}|OCCCc1ccccc1{solv}{x=0.736400}>,COc1ccccc1,OCCCc1ccccc1,openff-2.2.1-ashgc,1,0.9749961767165626,0.0002612683778336,0.9885500000000002,0.00026
24771,516,dens_274848672468745759,516,Density,<Substance CCCCOC(C)=O{solv}{x=0.293400}|c1ccccc1{solv}{x=0.706600}>,CCCCOC(C)=O,c1ccccc1,openff-2.2.1-ashgc,1,0.8656536505159561,0.000237013151533,0.8736600000000002,0.00021
24772,517,dens_493354132810710227,517,Density,<Substance CCCCOC(C)=O{solv}{x=0.710500}|c1ccccc1{solv}{x=0.289500}>,CCCCOC(C)=O,c1ccccc1,openff-2.2.1-ashgc,1,0.8728338366418248,0.0002270812063247,0.8751500000000002,0.000335
24773,518,dhmix_754807126845437364,518,EnthalpyOfMixing,<Substance CCCCOC(C)=O{solv}{x=0.495800}|c1ccccc1{solv}{x=0.504200}>,CCCCOC(C)=O,c1ccccc1,openff-2.2.1-ashgc,1,-0.1274328969033291,0.0430479816374506,-0.0245,0.001
24774,519,dens_834118541551127044,519,Density,<Substance CCCCOC(C)=O{solv}{x=0.504400}|c1ccccc1{solv}{x=0.495600}>,CCCCOC(C)=O,c1ccccc1,openff-2.2.1-ashgc,1,0.8698840244824222,0.0002212301746558,0.8744300000000002,0.000265
24775,520,dhmix_1349932525480083284,520,EnthalpyOfMixing,<Substance CCCCOC(C)=O{solv}{x=0.252300}|c1ccccc1{solv}{x=0.747700}>,CCCCOC(C)=O,c1ccccc1,openff-2.2.1-ashgc,1,-0.1434807346230684,0.0409750706549524,-0.014,0.0009
24776,521,dhmix_1597992980658352112,521,EnthalpyOfMixing,<Substance CCCCOC(C)=O{solv}{x=0.771400}|c1ccccc1{solv}{x=0.228600}>,CCCCOC(C)=O,c1ccccc1,openff-2.2.1-ashgc,1,-0.0499609092854687,0.0504710293493643,-0.0245,0.001
24777,522,dens_275501958869207518,522,Density,<Substance C1CCOCC1{solv}{x=0.226300}|Cc1ccccc1Cl{solv}{x=0.773700}>,C1CCOCC1,Cc1ccccc1Cl,openff-2.2.1-ashgc,1,1.0292182034880322,0.0002033911261513,1.0396,0.0005
24778,523,dhmix_818597523255588519,523,EnthalpyOfMixing,<Substance C1CCOCC1{solv}{x=0.753300}|Cc1ccccc1Cl{solv}{x=0.246700}>,C1CCOCC1,Cc1ccccc1Cl,openff-2.2.1-ashgc,1,-0.2198033200156004,0.0442552548418194,-0.154,0.001
24779,524,dhmix_849121557716978550,524,EnthalpyOfMixing,<Substance C1CCOCC1{solv}{x=0.517500}|Cc1ccccc1Cl{solv}{x=0.482500}>,C1CCOCC1,Cc1ccccc1Cl,openff-2.2.1-ashgc,1,-0.3330496707383759,0.040668741955624,-0.22,0.0015
24780,525,dens_946978292781731327,525,Density,<Substance C1CCOCC1{solv}{x=0.478400}|Cc1ccccc1Cl{solv}{x=0.521600}>,C1CCOCC1,Cc1ccccc1Cl,openff-2.2.1-ashgc,1,0.9808714212164452,0.0002717732756753,0.9931600000000002,0.00051
24781,526,dhmix_997266220336132741,526,EnthalpyOfMixing,<Substance C1CCOCC1{solv}{x=0.263200}|Cc1ccccc1Cl{solv}{x=0.736800}>,C1CCOCC1,Cc1ccccc1Cl,openff-2.2.1-ashgc,1,-0.2179688085629152,0.0424844616022371,-0.175,0.001
24782,527,dens_1191185394819541532,527,Density,<Substance C1CCOCC1{solv}{x=0.765800}|Cc1ccccc1Cl{solv}{x=0.234200}>,C1CCOCC1,Cc1ccccc1Cl,openff-2.2.1-ashgc,1,0.9209159795026248,0.0002358875989531,0.9336500000000002,0.000505
24783,528,dhmix_278334692660393021,528,EnthalpyOfMixing,<Substance CCCCCCC{solv}{x=0.205900}|CNc1ccccc1{solv}{x=0.794100}>,CCCCCCC,CNc1ccccc1,openff-2.2.1-ashgc,1,1.4844666466418914,0.0459935457298369,1.126,0.012
24784,529,dens_480658478095207102,529,Density,<Substance CCCCCCC{solv}{x=0.740500}|CNc1ccccc1{solv}{x=0.259500}>,CCCCCCC,CNc1ccccc1,openff-2.2.1-ashgc,1,0.7308188460833219,0.0002034629564043,0.7424910000000001,0.00014
24785,530,dhmix_898293423987680187,530,EnthalpyOfMixing,<Substance CCCCCCC{solv}{x=0.501700}|CNc1ccccc1{solv}{x=0.498300}>,CCCCCCC,CNc1ccccc1,openff-2.2.1-ashgc,1,2.267285229972927,0.0496943613005145,1.676,0.018
24786,531,dens_1509968737377061562,531,Density,<Substance CCCCCCC{solv}{x=0.250900}|CNc1ccccc1{solv}{x=0.749100}>,CCCCCCC,CNc1ccccc1,openff-2.2.1-ashgc,1,0.8864691009987297,0.0002240370037612,0.8897150000000003,0.0002615
24787,532,dhmix_1680546488782143957,532,EnthalpyOfMixing,<Substance CCCCCCC{solv}{x=0.703200}|CNc1ccccc1{solv}{x=0.296800}>,CCCCCCC,CNc1ccccc1,openff-2.2.1-ashgc,1,1.9027206811273345,0.0517132306604346,1.539,0.0165
24788,533,dens_2074014246120135820,533,Density,<Substance CCCCCCC{solv}{x=0.497000}|CNc1ccccc1{solv}{x=0.503000}>,CCCCCCC,CNc1ccccc1,openff-2.2.1-ashgc,1,0.8026781386018198,0.000150106120028,0.8106920000000002,0.0001785
24789,534,dens_296890921001565391,534,Density,<Substance CCCCN{solv}{x=0.755200}|CN(C)C=O{solv}{x=0.244800}>,CCCCN,CN(C)C=O,openff-2.2.1-ashgc,1,0.7904033311861022,0.0001714031210231,0.7762150000000002,0.000949
24790,535,dens_380536870617309130,535,Density,<Substance CCCCN{solv}{x=0.242800}|CN(C)C=O{solv}{x=0.757200}>,CCCCN,CN(C)C=O,openff-2.2.1-ashgc,1,0.8730676307849229,0.0002391799427123,0.8845160000000002,0.0010795
24791,536,dhmix_493117160214491795,536,EnthalpyOfMixing,<Substance CCCCN{solv}{x=0.244100}|CN(C)C=O{solv}{x=0.755900}>,CCCCN,CN(C)C=O,openff-2.2.1-ashgc,1,0.2474295088634548,0.0384142301267144,0.245,0.008
24792,537,dhmix_789225002934078019,537,EnthalpyOfMixing,<Substance CCCCN{solv}{x=0.750200}|CN(C)C=O{solv}{x=0.249800}>,CCCCN,CN(C)C=O,openff-2.2.1-ashgc,1,0.302502628111398,0.0442446044075093,0.32,0.01
24793,538,dhmix_941321571782058819,538,EnthalpyOfMixing,<Substance CCCCN{solv}{x=0.499200}|CN(C)C=O{solv}{x=0.500800}>,CCCCN,CN(C)C=O,openff-2.2.1-ashgc,1,0.4064931660154371,0.0476510442817182,0.384,0.0115
24794,539,dens_2179361372918836941,539,Density,<Substance CCCCN{solv}{x=0.497200}|CN(C)C=O{solv}{x=0.502800}>,CCCCN,CN(C)C=O,openff-2.2.1-ashgc,1,0.8308689944723053,0.0001632262239776,0.8277360000000001,0.001011
24795,540,dens_300257448272323407,540,Density,<Substance CC(C)O{solv}{x=0.745200}|NCCN{solv}{x=0.254800}>,CC(C)O,NCCN,openff-2.2.1-ashgc,1,0.8432842843746071,0.000254643327876,0.8163970000000003,0.0002325
24796,541,dens_924750366683277351,541,Density,<Substance CC(C)O{solv}{x=0.203100}|NCCN{solv}{x=0.796900}>,CC(C)O,NCCN,openff-2.2.1-ashgc,1,0.9673074977835452,0.0002593950831775,0.8736620000000003,0.0002225
24797,542,dens_2284409308160572308,542,Density,<Substance CC(C)O{solv}{x=0.489100}|NCCN{solv}{x=0.510900}>,CC(C)O,NCCN,openff-2.2.1-ashgc,1,0.8982087096279663,0.0002527531855692,0.8449250000000001,0.0002245
24798,543,dens_305501840068636812,543,Density,<Substance CC(C)=O{solv}{x=0.750000}|CCO{solv}{x=0.250000}>,CC(C)=O,CCO,openff-2.2.1-ashgc,1,0.7688619310768334,0.0003062863475226,0.7859000000000002,0.000115
24799,544,dens_472577738907297293,544,Density,<Substance CC(C)=O{solv}{x=0.250000}|CCO{solv}{x=0.750000}>,CC(C)=O,CCO,openff-2.2.1-ashgc,1,0.7782734403203392,0.0003365132325643,0.7861600000000002,0.000115
24800,545,dens_2271083741716457850,545,Density,<Substance CC(C)=O{solv}{x=0.499900}|CCO{solv}{x=0.500100}>,CC(C)=O,CCO,openff-2.2.1-ashgc,1,0.7723398025597412,0.0003190972037669,0.7861900000000003,0.000115
24801,546,dens_307445163336341047,546,Density,<Substance CN1CCCC1=O{solv}{x=0.703700}|ClCCCl{solv}{x=0.296300}>,CN1CCCC1=O,ClCCCl,openff-2.2.1-ashgc,1,1.0604102743452173,0.0002672829239179,1.0851000000000002,0.0002
24802,547,dhmix_453866769634566853,547,EnthalpyOfMixing,<Substance CN1CCCC1=O{solv}{x=0.253100}|ClCCCl{solv}{x=0.746900}>,CN1CCCC1=O,ClCCCl,openff-2.2.1-ashgc,1,-0.4922276030641974,0.0333101353004293,-0.8118,0.01525
24803,548,dhmix_536206650470008584,548,EnthalpyOfMixing,<Substance CN1CCCC1=O{solv}{x=0.500000}|ClCCCl{solv}{x=0.500000}>,CN1CCCC1=O,ClCCCl,openff-2.2.1-ashgc,1,-0.5536012045560312,0.0380306211030481,-1.264,0.0055
24804,549,dens_1046625605566999080,549,Density,<Substance CN1CCCC1=O{solv}{x=0.202500}|ClCCCl{solv}{x=0.797500}>,CN1CCCC1=O,ClCCCl,openff-2.2.1-ashgc,1,1.1699813117937787,0.0003670428909219,1.1953000000000005,0.00025
24805,550,dhmix_1620571823529677157,550,EnthalpyOfMixing,<Substance CN1CCCC1=O{solv}{x=0.736700}|ClCCCl{solv}{x=0.263300}>,CN1CCCC1=O,ClCCCl,openff-2.2.1-ashgc,1,-0.359656757433056,0.041745473850975,-0.8587,0.01605
24806,551,dens_2059567022041766694,551,Density,<Substance CN1CCCC1=O{solv}{x=0.497500}|ClCCCl{solv}{x=0.502500}>,CN1CCCC1=O,ClCCCl,openff-2.2.1-ashgc,1,1.1057898293101207,0.0003149610165376,1.1283000000000003,0.0002
24807,552,dens_313234519309892479,552,Density,<Substance CC(=O)N(C)C{solv}{x=0.293800}|CCCCCCCCCl{solv}{x=0.706200}>,CC(=O)N(C)C,CCCCCCCCCl,openff-2.2.1-ashgc,1,0.8658797758013775,0.0002236828150101,0.8796000000000003,0.00045
24808,553,dhmix_444785917463403590,553,EnthalpyOfMixing,<Substance CC(=O)N(C)C{solv}{x=0.703000}|CCCCCCCCCl{solv}{x=0.297000}>,CC(=O)N(C)C,CCCCCCCCCl,openff-2.2.1-ashgc,1,0.8712659670027492,0.0463907753410166,0.751,0.004
24809,554,dhmix_705168937124106402,554,EnthalpyOfMixing,<Substance CC(=O)N(C)C{solv}{x=0.215000}|CCCCCCCCCl{solv}{x=0.785000}>,CC(=O)N(C)C,CCCCCCCCCl,openff-2.2.1-ashgc,1,0.8366735548286641,0.0526687371765466,0.519,0.0035
24810,555,dens_1549584991651515376,555,Density,<Substance CC(=O)N(C)C{solv}{x=0.502200}|CCCCCCCCCl{solv}{x=0.497800}>,CC(=O)N(C)C,CCCCCCCCCl,openff-2.2.1-ashgc,1,0.8716590577920882,0.0001514063086705,0.8902000000000002,0.0004
24811,556,dhmix_1732161251827083272,556,EnthalpyOfMixing,<Substance CC(=O)N(C)C{solv}{x=0.508000}|CCCCCCCCCl{solv}{x=0.492000}>,CC(=O)N(C)C,CCCCCCCCCl,openff-2.2.1-ashgc,1,0.9919423449864552,0.0458912411557546,0.829,0.004
24812,557,dens_2189889607118243828,557,Density,<Substance CC(=O)N(C)C{solv}{x=0.700500}|CCCCCCCCCl{solv}{x=0.299500}>,CC(=O)N(C)C,CCCCCCCCCl,openff-2.2.1-ashgc,1,0.8796025583816041,0.0002267229571201,0.9041000000000002,0.00035
24813,558,dens_314482396827660717,558,Density,<Substance BrCCBr{solv}{x=0.753700}|COC(C)=O{solv}{x=0.246300}>,BrCCBr,COC(C)=O,openff-2.2.1-ashgc,1,1.8323429870440893,0.0005809573122729,1.8774400000000004,0.003355
24814,559,dens_344993892965738820,559,Density,<Substance BrCCBr{solv}{x=0.275200}|COC(C)=O{solv}{x=0.724800}>,BrCCBr,COC(C)=O,openff-2.2.1-ashgc,1,1.277099736325508,0.00046375210027,1.2862400000000005,0.001125
24815,560,dhmix_545996968666061076,560,EnthalpyOfMixing,<Substance BrCCBr{solv}{x=0.720900}|COC(C)=O{solv}{x=0.279100}>,BrCCBr,COC(C)=O,openff-2.2.1-ashgc,1,-0.1485547414370742,0.0324398932062795,0.2594,0.0028
24816,561,dens_714044009336077786,561,Density,<Substance BrCCBr{solv}{x=0.512100}|COC(C)=O{solv}{x=0.487900}>,BrCCBr,COC(C)=O,openff-2.2.1-ashgc,1,1.5597607850846475,0.0005363628831827,1.5834900000000005,0.0021
24817,562,dhmix_1222511035002547253,562,EnthalpyOfMixing,<Substance BrCCBr{solv}{x=0.485500}|COC(C)=O{solv}{x=0.514500}>,BrCCBr,COC(C)=O,openff-2.2.1-ashgc,1,-0.0317774742935519,0.0330500378338218,0.2577,0.00275
24818,563,dhmix_1418101673429653456,563,EnthalpyOfMixing,<Substance BrCCBr{solv}{x=0.250800}|COC(C)=O{solv}{x=0.749200}>,BrCCBr,COC(C)=O,openff-2.2.1-ashgc,1,-0.1237984185916332,0.0381556225287782,0.1202,0.0017
24819,564,dens_314934747194338330,564,Density,<Substance CC(C)CCl{solv}{x=0.513700}|CC(C)OC(C)C{solv}{x=0.486300}>,CC(C)CCl,CC(C)OC(C)C,openff-2.2.1-ashgc,1,0.7908408791212498,0.0002711992401222,0.7878250000000002,0.000405
24820,565,dhmix_355399496844187096,565,EnthalpyOfMixing,<Substance CC(C)CCl{solv}{x=0.545300}|CC(C)OC(C)C{solv}{x=0.454700}>,CC(C)CCl,CC(C)OC(C)C,openff-2.2.1-ashgc,1,-0.1249243535477688,0.0385483922205273,-0.0957,0.0012
24821,566,dens_688062365117407068,566,Density,<Substance CC(C)CCl{solv}{x=0.805900}|CC(C)OC(C)C{solv}{x=0.194100}>,CC(C)CCl,CC(C)OC(C)C,openff-2.2.1-ashgc,1,0.8293670893061232,0.0002218840777306,0.8355300000000002,0.0003555
24822,567,dhmix_1411881046585885461,567,EnthalpyOfMixing,<Substance CC(C)CCl{solv}{x=0.090700}|CC(C)OC(C)C{solv}{x=0.909300}>,CC(C)CCl,CC(C)OC(C)C,openff-2.2.1-ashgc,1,-0.0113006838422364,0.0513613636734208,-0.0302,0.00055
24823,568,dens_1762455266351712367,568,Density,<Substance CC(C)CCl{solv}{x=0.091000}|CC(C)OC(C)C{solv}{x=0.909000}>,CC(C)CCl,CC(C)OC(C)C,openff-2.2.1-ashgc,1,0.7421466549449061,0.0002407319050614,0.7293950000000001,0.000464
24824,569,dhmix_2302865667781063708,569,EnthalpyOfMixing,<Substance CC(C)CCl{solv}{x=0.727000}|CC(C)OC(C)C{solv}{x=0.273000}>,CC(C)CCl,CC(C)OC(C)C,openff-2.2.1-ashgc,1,-0.1107034997070499,0.0418757733549617,-0.0791,0.001
24825,570,dens_321327254341950207,570,Density,<Substance C1COCCO1{solv}{x=0.780300}|CCCCCC(C)=O{solv}{x=0.219700}>,C1COCCO1,CCCCCC(C)=O,openff-2.2.1-ashgc,1,0.9525331176299088,0.0002253243224881,0.9576500000000002,0.0003
24826,571,dens_377701756930918353,571,Density,<Substance C1COCCO1{solv}{x=0.500600}|CCCCCC(C)=O{solv}{x=0.499400}>,C1COCCO1,CCCCCC(C)=O,openff-2.2.1-ashgc,1,0.8826545767005928,0.0002082645332305,0.8916700000000002,0.000345
24827,572,dhmix_600625644134907580,572,EnthalpyOfMixing,<Substance C1COCCO1{solv}{x=0.500000}|CCCCCC(C)=O{solv}{x=0.500000}>,C1COCCO1,CCCCCC(C)=O,openff-2.2.1-ashgc,1,0.6086930139223767,0.0425066646638444,0.4509,0.002255
24828,573,dens_1451069448215305244,573,Density,<Substance C1COCCO1{solv}{x=0.220300}|CCCCCC(C)=O{solv}{x=0.779700}>,C1COCCO1,CCCCCC(C)=O,openff-2.2.1-ashgc,1,0.8292368046733646,0.0002102250914144,0.8420800000000003,0.000385
24829,574,dhmix_2028813035406256788,574,EnthalpyOfMixing,<Substance C1COCCO1{solv}{x=0.750000}|CCCCCC(C)=O{solv}{x=0.250000}>,C1COCCO1,CCCCCC(C)=O,openff-2.2.1-ashgc,1,0.4615378818304947,0.0432321477623749,0.4064,0.00209
24830,575,dhmix_2222211577832383320,575,EnthalpyOfMixing,<Substance C1COCCO1{solv}{x=0.250000}|CCCCCC(C)=O{solv}{x=0.750000}>,C1COCCO1,CCCCCC(C)=O,openff-2.2.1-ashgc,1,0.3074691351678353,0.0484356917492315,0.2911,0.00164
24831,576,dhmix_325212618372456630,576,EnthalpyOfMixing,<Substance CCCCCCC{solv}{x=0.500000}|c1ccccc1{solv}{x=0.500000}>,CCCCCCC,c1ccccc1,openff-2.2.1-ashgc,1,1.1308008453577827,0.0351853222229756,0.9235,0.0051
24832,577,dhmix_409350268177199962,577,EnthalpyOfMixing,<Substance CCCCCCC{solv}{x=0.751900}|c1ccccc1{solv}{x=0.248100}>,CCCCCCC,c1ccccc1,openff-2.2.1-ashgc,1,0.8741041378082315,0.0488410742885969,0.6047,0.0035
24833,578,dens_1685942387769177799,578,Density,<Substance CCCCCCC{solv}{x=0.913667}|c1ccccc1{solv}{x=0.086333}>,CCCCCCC,c1ccccc1,openff-2.2.1-ashgc,1,0.6764245071716468,0.0001959205798755,0.6892400000000002,0.000805
24834,579,dens_2148382258223830900,579,Density,<Substance CCCCCCC{solv}{x=0.273700}|c1ccccc1{solv}{x=0.726300}>,CCCCCCC,c1ccccc1,openff-2.2.1-ashgc,1,0.768428551677826,0.0002953434155261,0.7855000000000002,0.00015
24835,580,dens_2219829254239605828,580,Density,<Substance CCCCCCC{solv}{x=0.492200}|c1ccccc1{solv}{x=0.507800}>,CCCCCCC,c1ccccc1,openff-2.2.1-ashgc,1,0.7246283574354395,0.0002426279268524,0.7409000000000001,0.00015
24836,581,dhmix_2296565820723783732,581,EnthalpyOfMixing,<Substance CCCCCCC{solv}{x=0.242400}|c1ccccc1{solv}{x=0.757600}>,CCCCCCC,c1ccccc1,openff-2.2.1-ashgc,1,0.9832371688513746,0.0417545029779971,0.7775,0.0044
24837,582,dens_326446104630354701,582,Density,<Substance BrCCBr{solv}{x=0.728600}|CCC(=O)OC{solv}{x=0.271400}>,BrCCBr,CCC(=O)OC,openff-2.2.1-ashgc,1,1.7523295360797797,0.0004702665492022,1.7949900000000003,0.00303
24838,583,dens_886315086380393150,583,Density,<Substance BrCCBr{solv}{x=0.494400}|CCC(=O)OC{solv}{x=0.505600}>,BrCCBr,CCC(=O)OC,openff-2.2.1-ashgc,1,1.4671412598507714,0.000480898029207,1.4941800000000005,0.001825
24839,584,dhmix_1410129135672303476,584,EnthalpyOfMixing,<Substance BrCCBr{solv}{x=0.491400}|CCC(=O)OC{solv}{x=0.508600}>,BrCCBr,CCC(=O)OC,openff-2.2.1-ashgc,1,-0.2169274674367667,0.0362377351985773,0.0195,0.00185
24840,585,dhmix_1551714230583118668,585,EnthalpyOfMixing,<Substance BrCCBr{solv}{x=0.755400}|CCC(=O)OC{solv}{x=0.244600}>,BrCCBr,CCC(=O)OC,openff-2.2.1-ashgc,1,-0.1022112680797828,0.0313177182633653,0.09,0.00295
24841,586,dhmix_1596310059176209101,586,EnthalpyOfMixing,<Substance BrCCBr{solv}{x=0.214800}|CCC(=O)OC{solv}{x=0.785200}>,BrCCBr,CCC(=O)OC,openff-2.2.1-ashgc,1,-0.2598068611846358,0.0401738737598935,-0.0281,0.002
24842,587,dens_1860027304017736150,587,Density,<Substance BrCCBr{solv}{x=0.257000}|CCC(=O)OC{solv}{x=0.743000}>,BrCCBr,CCC(=O)OC,openff-2.2.1-ashgc,1,1.1899802638055208,0.0003664523575952,1.2059400000000002,0.000915
24843,588,dhmix_334328961632702336,588,EnthalpyOfMixing,<Substance Cc1ccccc1N{solv}{x=0.492600}|Cc1cccnc1{solv}{x=0.507400}>,Cc1ccccc1N,Cc1cccnc1,openff-2.2.1-ashgc,1,-1.61418037040246,0.0436526613523012,-1.4091,0.0287
24844,589,dhmix_382843935535082222,589,EnthalpyOfMixing,<Substance Cc1ccccc1N{solv}{x=0.232300}|Cc1cccnc1{solv}{x=0.767700}>,Cc1ccccc1N,Cc1cccnc1,openff-2.2.1-ashgc,1,-1.268691391934885,0.0462105791508094,-1.1196,0.02285
24845,590,dens_890019852111400701,590,Density,<Substance Cc1ccccc1N{solv}{x=0.533600}|Cc1cccnc1{solv}{x=0.466400}>,Cc1ccccc1N,Cc1cccnc1,openff-2.2.1-ashgc,1,0.983404186304298,0.0002499617537171,0.9795770000000004,0.0001185
24846,591,dens_1033313642915027277,591,Density,<Substance Cc1ccccc1N{solv}{x=0.737200}|Cc1cccnc1{solv}{x=0.262800}>,Cc1ccccc1N,Cc1cccnc1,openff-2.2.1-ashgc,1,0.9969748870557829,0.0002071144486742,0.9867010000000004,0.000118
24847,592,dhmix_1057104304179164775,592,EnthalpyOfMixing,<Substance Cc1ccccc1N{solv}{x=0.778900}|Cc1cccnc1{solv}{x=0.221100}>,Cc1ccccc1N,Cc1cccnc1,openff-2.2.1-ashgc,1,-0.9791276779817012,0.0487272144227829,-0.8735,0.01785
24848,593,dens_1445313714023685702,593,Density,<Substance Cc1ccccc1N{solv}{x=0.246700}|Cc1cccnc1{solv}{x=0.753300}>,Cc1ccccc1N,Cc1cccnc1,openff-2.2.1-ashgc,1,0.9616241051044808,0.0002057894028417,0.9668750000000004,0.00012
24849,594,dens_335631113096608920,594,Density,<Substance CCC(C)=O{solv}{x=0.501800}|CCCCNCCCC{solv}{x=0.498200}>,CCC(C)=O,CCCCNCCCC,openff-2.2.1-ashgc,1,0.7605165618539147,0.0002166991091779,0.7693960000000002,9.950000000000003e-05
24850,595,dhmix_551451232292287572,595,EnthalpyOfMixing,<Substance CCC(C)=O{solv}{x=0.215400}|CCCCNCCCC{solv}{x=0.784600}>,CCC(C)=O,CCCCNCCCC,openff-2.2.1-ashgc,1,0.1166792386016766,0.0537115838222087,0.417,0.0045
24851,596,dens_800787154192710377,596,Density,<Substance CCC(C)=O{solv}{x=0.260300}|CCCCNCCCC{solv}{x=0.739700}>,CCC(C)=O,CCCCNCCCC,openff-2.2.1-ashgc,1,0.7573133809568984,0.0001790656502172,0.7614750000000002,0.0001005
24852,597,dhmix_1210431916849512476,597,EnthalpyOfMixing,<Substance CCC(C)=O{solv}{x=0.504400}|CCCCNCCCC{solv}{x=0.495600}>,CCC(C)=O,CCCCNCCCC,openff-2.2.1-ashgc,1,0.216617595459482,0.0471414504192283,0.619,0.0065
24853,598,dhmix_1503682496766473076,598,EnthalpyOfMixing,<Substance CCC(C)=O{solv}{x=0.792200}|CCCCNCCCC{solv}{x=0.207800}>,CCC(C)=O,CCCCNCCCC,openff-2.2.1-ashgc,1,0.1939517115424358,0.0405265285539419,0.425,0.0045
24854,599,dens_2232561341275312196,599,Density,<Substance CCC(C)=O{solv}{x=0.747300}|CCCCNCCCC{solv}{x=0.252700}>,CCC(C)=O,CCCCNCCCC,openff-2.2.1-ashgc,1,0.7654748290741791,0.0001649684751646,0.7810500000000001,9.750000000000004e-05
24855,600,dhmix_335934546122425398,600,EnthalpyOfMixing,<Substance C1CCOCC1{solv}{x=0.550000}|O=C1CCCC1{solv}{x=0.450000}>,C1CCOCC1,O=C1CCCC1,openff-2.2.1-ashgc,1,0.0694739821915462,0.0405176483137329,0.15813,0.001
24856,601,dhmix_337659115721770978,601,EnthalpyOfMixing,<Substance C1CCOCC1{solv}{x=0.250000}|O=C1CCCC1{solv}{x=0.750000}>,C1CCOCC1,O=C1CCCC1,openff-2.2.1-ashgc,1,0.0461372904390557,0.038451845676727,0.11325,0.00084
24857,602,dens_579415285212890284,602,Density,<Substance C1CCOCC1{solv}{x=0.708000}|O=C1CCCC1{solv}{x=0.292000}>,C1CCOCC1,O=C1CCCC1,openff-2.2.1-ashgc,1,0.8784623061788626,0.0002660125806783,0.8972200000000002,0.00023
24858,603,dens_788777315764582180,603,Density,<Substance C1CCOCC1{solv}{x=0.549800}|O=C1CCCC1{solv}{x=0.450200}>,C1CCOCC1,O=C1CCCC1,openff-2.2.1-ashgc,1,0.8859049393390959,0.0002336428848453,0.9073000000000002,0.000235
24859,604,dens_1539654406736576807,604,Density,<Substance C1CCOCC1{solv}{x=0.235400}|O=C1CCCC1{solv}{x=0.764600}>,C1CCOCC1,O=C1CCCC1,openff-2.2.1-ashgc,1,0.9001293442398328,0.0002227921686224,0.9281000000000004,0.00024
24860,605,dhmix_1706969020375394315,605,EnthalpyOfMixing,<Substance C1CCOCC1{solv}{x=0.750000}|O=C1CCCC1{solv}{x=0.250000}>,C1CCOCC1,O=C1CCCC1,openff-2.2.1-ashgc,1,0.067213328898795,0.0413574234055777,0.12811,0.000895
24861,606,dens_337077748334497354,606,Density,<Substance CN1CCCCC1{solv}{x=0.245200}|O{solv}{x=0.754800}>,CN1CCCCC1,O,openff-2.2.1-ashgc,1,0.8843843345162575,0.0003586914391731,0.9038110000000004,9.700000000000004e-05
24862,607,dens_1619467922469494964,607,Density,<Substance CN1CCCCC1{solv}{x=0.790700}|O{solv}{x=0.209300}>,CN1CCCCC1,O,openff-2.2.1-ashgc,1,0.8345613398308446,0.0001967606809556,0.8260470000000002,0.000108
24863,608,dens_1725290505257505407,608,Density,<Substance CN1CCCCC1{solv}{x=0.505000}|O{solv}{x=0.495000}>,CN1CCCCC1,O,openff-2.2.1-ashgc,1,0.8536361382658245,0.0002113102281397,0.8581580000000002,9.450000000000002e-05
24864,609,dhmix_344305070199657817,609,EnthalpyOfMixing,<Substance CC(C)CC(C)(C)C{solv}{x=0.200300}|CCCO{solv}{x=0.799700}>,CC(C)CC(C)(C)C,CCCO,openff-2.2.1-ashgc,1,0.6311911553306047,0.0418377113610744,0.308,0.0055
24865,610,dens_1020839744665732433,610,Density,<Substance CC(C)CC(C)(C)C{solv}{x=0.200100}|CCCO{solv}{x=0.799900}>,CC(C)CC(C)(C)C,CCCO,openff-2.2.1-ashgc,1,0.758905234177322,0.0002420202202885,0.7589500000000002,0.00029
24866,611,dens_1348847431810734601,611,Density,<Substance CC(C)CC(C)(C)C{solv}{x=0.700000}|CCCO{solv}{x=0.300000}>,CC(C)CC(C)(C)C,CCCO,openff-2.2.1-ashgc,1,0.7154581998210249,0.0002272105413988,0.7046500000000001,0.00028
24867,612,dhmix_1376194238727172922,612,EnthalpyOfMixing,<Substance CC(C)CC(C)(C)C{solv}{x=0.499800}|CCCO{solv}{x=0.500200}>,CC(C)CC(C)(C)C,CCCO,openff-2.2.1-ashgc,1,0.8539357792536748,0.0460017840854401,0.6025,0.0027
24868,613,dhmix_1868873434415785592,613,EnthalpyOfMixing,<Substance CC(C)CC(C)(C)C{solv}{x=0.699900}|CCCO{solv}{x=0.300100}>,CC(C)CC(C)(C)C,CCCO,openff-2.2.1-ashgc,1,0.9533740724709644,0.0460544676328978,0.6544,0.0029
24869,614,dens_1870552320710773195,614,Density,<Substance CC(C)CC(C)(C)C{solv}{x=0.500000}|CCCO{solv}{x=0.500000}>,CC(C)CC(C)(C)C,CCCO,openff-2.2.1-ashgc,1,0.7285755882978596,0.0002270082555853,0.7214400000000002,0.00028
24870,615,dens_344701479262570906,615,Density,<Substance C1CCOCC1{solv}{x=0.246100}|Cc1cccnc1{solv}{x=0.753900}>,C1CCOCC1,Cc1cccnc1,openff-2.2.1-ashgc,1,0.92104570092075,0.0002378053758378,0.9348570000000002,0.0004915
24871,616,dhmix_772935681699310364,616,EnthalpyOfMixing,<Substance C1CCOCC1{solv}{x=0.480300}|Cc1cccnc1{solv}{x=0.519700}>,C1CCOCC1,Cc1cccnc1,openff-2.2.1-ashgc,1,0.0848751112602101,0.045655260813108,0.1271,0.00115
24872,617,dens_1179184695460672925,617,Density,<Substance C1CCOCC1{solv}{x=0.756800}|Cc1cccnc1{solv}{x=0.243200}>,C1CCOCC1,Cc1cccnc1,openff-2.2.1-ashgc,1,0.884568699384151,0.0002447259694476,0.8976640000000002,0.0004655
24873,618,dens_1273033541520518804,618,Density,<Substance C1CCOCC1{solv}{x=0.482700}|Cc1cccnc1{solv}{x=0.517300}>,C1CCOCC1,Cc1cccnc1,openff-2.2.1-ashgc,1,0.9046100151333892,0.000193913015464,0.9179640000000002,0.00048
24874,619,dhmix_1594947441282636711,619,EnthalpyOfMixing,<Substance C1CCOCC1{solv}{x=0.735500}|Cc1cccnc1{solv}{x=0.264500}>,C1CCOCC1,Cc1cccnc1,openff-2.2.1-ashgc,1,0.0055476881497753,0.0443054611647445,0.0924,0.00095
24875,620,dhmix_2075643137470349800,620,EnthalpyOfMixing,<Substance C1CCOCC1{solv}{x=0.273200}|Cc1cccnc1{solv}{x=0.726800}>,C1CCOCC1,Cc1cccnc1,openff-2.2.1-ashgc,1,0.0971872955354271,0.0417940186196968,0.1036,0.001
24876,621,dhmix_346841872844739570,621,EnthalpyOfMixing,<Substance CC#N{solv}{x=0.700700}|CCOC(C)(C)C{solv}{x=0.299300}>,CC#N,CCOC(C)(C)C,openff-2.2.1-ashgc,1,0.2384644219037426,0.0306903663281729,0.6176,0.0084
24877,622,dhmix_840136828933604757,622,EnthalpyOfMixing,<Substance CC#N{solv}{x=0.199000}|CCOC(C)(C)C{solv}{x=0.801000}>,CC#N,CCOC(C)(C)C,openff-2.2.1-ashgc,1,0.2111080103038745,0.042929293225715,0.4418,0.006
24878,623,dhmix_1934525864391020215,623,EnthalpyOfMixing,<Substance CC#N{solv}{x=0.501600}|CCOC(C)(C)C{solv}{x=0.498400}>,CC#N,CCOC(C)(C)C,openff-2.2.1-ashgc,1,0.2079291573091337,0.0394673136581044,0.7098,0.00965
24879,624,dens_1954735606040559695,624,Density,<Substance CC#N{solv}{x=0.700700}|CCOC(C)(C)C{solv}{x=0.299300}>,CC#N,CCOC(C)(C)C,openff-2.2.1-ashgc,1,0.7659220356683445,0.0002759232029714,0.7595000000000002,0.00045
24880,625,dens_2173310521496796694,625,Density,<Substance CC#N{solv}{x=0.501600}|CCOC(C)(C)C{solv}{x=0.498400}>,CC#N,CCOC(C)(C)C,openff-2.2.1-ashgc,1,0.7600429879711473,0.0002314614474999,0.7510000000000002,0.00035
24881,626,dens_2235331649530959984,626,Density,<Substance CC#N{solv}{x=0.199000}|CCOC(C)(C)C{solv}{x=0.801000}>,CC#N,CCOC(C)(C)C,openff-2.2.1-ashgc,1,0.7517444668616482,0.000220053776222,0.7408000000000001,0.00015
24882,627,dhmix_355078149157572999,627,EnthalpyOfMixing,<Substance OCCOCCO{solv}{x=0.790600}|O{solv}{x=0.209400}>,O,OCCOCCO,openff-2.2.1-ashgc,1,-0.0688396982783388,0.0577755818512194,-0.521,0.003
24883,628,dhmix_514261244195159379,628,EnthalpyOfMixing,<Substance OCCOCCO{solv}{x=0.300400}|O{solv}{x=0.699600}>,O,OCCOCCO,openff-2.2.1-ashgc,1,-0.3031673835276507,0.0361492445310468,-1.245,0.0065
24884,629,dhmix_1512634639127890343,629,EnthalpyOfMixing,<Substance OCCOCCO{solv}{x=0.501000}|O{solv}{x=0.499000}>,O,OCCOCCO,openff-2.2.1-ashgc,1,-0.3073085168859748,0.0328448079360382,-1.149,0.0065
24885,630,dens_1532732041743097130,630,Density,<Substance OCCOCCO{solv}{x=0.500600}|O{solv}{x=0.499400}>,O,OCCOCCO,openff-2.2.1-ashgc,1,1.102630179564605,0.0002866723259612,1.1070700000000002,0.00026
24886,631,dens_1948924545926470959,631,Density,<Substance OCCOCCO{solv}{x=0.700300}|O{solv}{x=0.299700}>,O,OCCOCCO,openff-2.2.1-ashgc,1,1.1108697976584527,0.0006102247667661,1.1111900000000003,0.000285
24887,632,dens_2114974877291939954,632,Density,<Substance OCCOCCO{solv}{x=0.301000}|O{solv}{x=0.699000}>,O,OCCOCCO,openff-2.2.1-ashgc,1,1.0842668678407,0.0003587237603844,1.0958900000000005,0.000305
24888,633,dhmix_355690558520209737,633,EnthalpyOfMixing,<Substance CC(C)CC(C)(C)C{solv}{x=0.774800}|CC(C)OC(C)C{solv}{x=0.225200}>,CC(C)CC(C)(C)C,CC(C)OC(C)C,openff-2.2.1-ashgc,1,0.2964049235937978,0.0554358881350508,0.132161,0.001556
24889,634,dens_706481868145479619,634,Density,<Substance CC(C)CC(C)(C)C{solv}{x=0.250000}|CC(C)OC(C)C{solv}{x=0.750000}>,CC(C)CC(C)(C)C,CC(C)OC(C)C,openff-2.2.1-ashgc,1,0.7229655944366291,0.0002029465206025,0.7090800000000002,0.000155
24890,635,dens_960755156711549154,635,Density,<Substance CC(C)CC(C)(C)C{solv}{x=0.750000}|CC(C)OC(C)C{solv}{x=0.250000}>,CC(C)CC(C)(C)C,CC(C)OC(C)C,openff-2.2.1-ashgc,1,0.7082391298476902,0.0002015519269154,0.6937500000000002,0.000155
24891,636,dens_1165117582450092341,636,Density,<Substance CC(C)CC(C)(C)C{solv}{x=0.500900}|CC(C)OC(C)C{solv}{x=0.499100}>,CC(C)CC(C)(C)C,CC(C)OC(C)C,openff-2.2.1-ashgc,1,0.7153689202349424,0.0002139436768891,0.7005900000000002,0.000105
24892,637,dhmix_1819714300540494359,637,EnthalpyOfMixing,<Substance CC(C)CC(C)(C)C{solv}{x=0.512500}|CC(C)OC(C)C{solv}{x=0.487500}>,CC(C)CC(C)(C)C,CC(C)OC(C)C,openff-2.2.1-ashgc,1,0.4328463244271177,0.0499445719588943,0.197047,0.002233
24893,638,dhmix_2031984064821599856,638,EnthalpyOfMixing,<Substance CC(C)CC(C)(C)C{solv}{x=0.269300}|CC(C)OC(C)C{solv}{x=0.730700}>,CC(C)CC(C)(C)C,CC(C)OC(C)C,openff-2.2.1-ashgc,1,0.3053315420749669,0.0482036926690914,0.158983,0.0018345
24894,639,dens_357198687829738077,639,Density,<Substance C1CCOCC1{solv}{x=0.223500}|CCCCCC(C)=O{solv}{x=0.776500}>,C1CCOCC1,CCCCCC(C)=O,openff-2.2.1-ashgc,1,0.807027793152664,0.0001993300263804,0.8221200000000002,0.000375
24895,640,dens_1074719884132299485,640,Density,<Substance C1CCOCC1{solv}{x=0.516600}|CCCCCC(C)=O{solv}{x=0.483400}>,C1CCOCC1,CCCCCC(C)=O,openff-2.2.1-ashgc,1,0.824809762479958,0.0002161024162974,0.8396100000000002,0.00032
24896,641,dens_1427208283653313137,641,Density,<Substance C1CCOCC1{solv}{x=0.710100}|CCCCCC(C)=O{solv}{x=0.289900}>,C1CCOCC1,CCCCCC(C)=O,openff-2.2.1-ashgc,1,0.8386962216680245,0.0002178811280414,0.8534200000000002,0.000285
24897,642,dhmix_1485904869507380555,642,EnthalpyOfMixing,<Substance C1CCOCC1{solv}{x=0.500000}|CCCCCC(C)=O{solv}{x=0.500000}>,C1CCOCC1,CCCCCC(C)=O,openff-2.2.1-ashgc,1,0.1950808868512581,0.0439718641562872,0.05773,0.000615
24898,643,dhmix_1931504734279468677,643,EnthalpyOfMixing,<Substance C1CCOCC1{solv}{x=0.250000}|CCCCCC(C)=O{solv}{x=0.750000}>,C1CCOCC1,CCCCCC(C)=O,openff-2.2.1-ashgc,1,0.0251473637013006,0.0534537266663371,0.03429,0.00053
24899,644,dhmix_2296263041755700053,644,EnthalpyOfMixing,<Substance C1CCOCC1{solv}{x=0.750000}|CCCCCC(C)=O{solv}{x=0.250000}>,C1CCOCC1,CCCCCC(C)=O,openff-2.2.1-ashgc,1,0.0758074045384162,0.0454448165715688,0.05587,0.00061
24900,645,dhmix_357499987240135169,645,EnthalpyOfMixing,<Substance CCCCC{solv}{x=0.772700}|CCCCOC=O{solv}{x=0.227300}>,CCCCC,CCCCOC=O,openff-2.2.1-ashgc,1,1.037146420801804,0.0442946222213493,0.87,0.004
24901,646,dens_435201289177646286,646,Density,<Substance CCCCC{solv}{x=0.504200}|CCCCOC=O{solv}{x=0.495800}>,CCCCC,CCCCOC=O,openff-2.2.1-ashgc,1,0.7493923190870456,0.0002565613758903,0.7523000000000001,0.00024
24902,647,dens_635752291929824010,647,Density,<Substance CCCCC{solv}{x=0.699000}|CCCCOC=O{solv}{x=0.301000}>,CCCCC,CCCCOC=O,openff-2.2.1-ashgc,1,0.6914098173798514,0.0002716518679388,0.6994600000000002,0.00018
24903,648,dhmix_869493303716364153,648,EnthalpyOfMixing,<Substance CCCCC{solv}{x=0.490500}|CCCCOC=O{solv}{x=0.509500}>,CCCCC,CCCCOC=O,openff-2.2.1-ashgc,1,1.2333873548057568,0.041235707235098,0.959,0.004
24904,649,dhmix_1188548276416925178,649,EnthalpyOfMixing,<Substance CCCCC{solv}{x=0.246000}|CCCCOC=O{solv}{x=0.754000}>,CCCCC,CCCCOC=O,openff-2.2.1-ashgc,1,0.8203073971316286,0.0429814485603228,0.632,0.003
24905,650,dens_1944800378076074966,650,Density,<Substance CCCCC{solv}{x=0.247100}|CCCCOC=O{solv}{x=0.752900}>,CCCCC,CCCCOC=O,openff-2.2.1-ashgc,1,0.8263806130235269,0.0002343748761672,0.8221800000000001,0.000375
24906,651,dhmix_357740737126275220,651,EnthalpyOfMixing,<Substance CC(=O)N(C)C{solv}{x=0.212000}|CCCCCl{solv}{x=0.788000}>,CC(=O)N(C)C,CCCCCl,openff-2.2.1-ashgc,1,0.4321782888589069,0.0405694687242591,0.244,0.0025
24907,652,dens_563556088097831353,652,Density,<Substance CC(=O)N(C)C{solv}{x=0.499000}|CCCCCl{solv}{x=0.501000}>,CC(=O)N(C)C,CCCCCl,openff-2.2.1-ashgc,1,0.8797080709118924,0.0002637511980357,0.9081000000000002,0.0002
24908,653,dens_1083232356130752567,653,Density,<Substance CC(=O)N(C)C{solv}{x=0.799700}|CCCCCl{solv}{x=0.200300}>,CC(=O)N(C)C,CCCCCl,openff-2.2.1-ashgc,1,0.8910694149958484,0.000266558260105,0.9247000000000004,0.0002
24909,654,dhmix_1487887746912587509,654,EnthalpyOfMixing,<Substance CC(=O)N(C)C{solv}{x=0.708000}|CCCCCl{solv}{x=0.292000}>,CC(=O)N(C)C,CCCCCl,openff-2.2.1-ashgc,1,0.4048585334657861,0.0463200640736285,0.305,0.0025
24910,655,dens_1662749398344255132,655,Density,<Substance CC(=O)N(C)C{solv}{x=0.210500}|CCCCCl{solv}{x=0.789500}>,CC(=O)N(C)C,CCCCCl,openff-2.2.1-ashgc,1,0.8668039200998011,0.0002991156283313,0.8918000000000001,0.0002
24911,656,dhmix_2085343422065298965,656,EnthalpyOfMixing,<Substance CC(=O)N(C)C{solv}{x=0.511000}|CCCCCl{solv}{x=0.489000}>,CC(=O)N(C)C,CCCCCl,openff-2.2.1-ashgc,1,0.6354597108615003,0.0384051713944948,0.363,0.0025
24912,657,dhmix_359626193748497849,657,EnthalpyOfMixing,<Substance C1CCOCC1{solv}{x=0.750000}|O=C1CCCCC1{solv}{x=0.250000}>,C1CCOCC1,O=C1CCCCC1,openff-2.2.1-ashgc,1,0.0100811846380324,0.0422037189807476,0.07698,0.00069
24913,658,dhmix_709905971434026360,658,EnthalpyOfMixing,<Substance C1CCOCC1{solv}{x=0.250000}|O=C1CCCCC1{solv}{x=0.750000}>,C1CCOCC1,O=C1CCCCC1,openff-2.2.1-ashgc,1,0.0305529094240455,0.0449913693592436,0.05827,0.00062
24914,659,dens_996263306280392228,659,Density,<Substance C1CCOCC1{solv}{x=0.500900}|O=C1CCCCC1{solv}{x=0.499100}>,C1CCOCC1,O=C1CCCCC1,openff-2.2.1-ashgc,1,0.8917143783694844,0.0002163928946393,0.9160300000000002,0.000505
24915,660,dens_1296485655493191092,660,Density,<Substance C1CCOCC1{solv}{x=0.247100}|O=C1CCCCC1{solv}{x=0.752900}>,C1CCOCC1,O=C1CCCCC1,openff-2.2.1-ashgc,1,0.9039497733180594,0.0001749055993754,0.9305900000000004,0.000505
24916,661,dhmix_1617652800437548554,661,EnthalpyOfMixing,<Substance C1CCOCC1{solv}{x=0.500000}|O=C1CCCCC1{solv}{x=0.500000}>,C1CCOCC1,O=C1CCCCC1,openff-2.2.1-ashgc,1,0.0629131357694561,0.0418286699088139,0.08658,0.000725
24917,662,dens_2134919398794801459,662,Density,<Substance C1CCOCC1{solv}{x=0.738900}|O=C1CCCCC1{solv}{x=0.261100}>,C1CCOCC1,O=C1CCCCC1,openff-2.2.1-ashgc,1,0.8798985230879173,0.0002014118276192,0.9000800000000002,0.000505
24918,663,dens_371429494256072686,663,Density,<Substance COC=O{solv}{x=0.513800}|ClCCCCl{solv}{x=0.486200}>,COC=O,ClCCCCl,openff-2.2.1-ashgc,1,1.0878289516446975,0.0003459126502314,1.08831,0.00025
24919,664,dens_416463243686186519,664,Density,<Substance COC=O{solv}{x=0.738400}|ClCCCCl{solv}{x=0.261600}>,COC=O,ClCCCCl,openff-2.2.1-ashgc,1,1.0489302115029044,0.000260532670551,1.03754,0.0002
24920,665,dhmix_573570621261992547,665,EnthalpyOfMixing,<Substance COC=O{solv}{x=0.767400}|ClCCCCl{solv}{x=0.232600}>,COC=O,ClCCCCl,openff-2.2.1-ashgc,1,0.6303834041951717,0.0241825162182757,0.2841,0.0015
24921,666,dens_1665007650151393058,666,Density,<Substance COC=O{solv}{x=0.244000}|ClCCCCl{solv}{x=0.756000}>,COC=O,ClCCCCl,openff-2.2.1-ashgc,1,1.125878267577911,0.0003867924052904,1.1395000000000002,0.0003
24922,667,dhmix_2050640017895200777,667,EnthalpyOfMixing,<Substance COC=O{solv}{x=0.502400}|ClCCCCl{solv}{x=0.497600}>,COC=O,ClCCCCl,openff-2.2.1-ashgc,1,0.8034272048161242,0.0331550476531105,0.3503,0.00175
24923,668,dhmix_2121310957223924646,668,EnthalpyOfMixing,<Substance COC=O{solv}{x=0.202400}|ClCCCCl{solv}{x=0.797600}>,COC=O,ClCCCCl,openff-2.2.1-ashgc,1,0.4786929541820583,0.0361589797021383,0.2064,0.0012
24924,669,dens_380799246642881225,669,Density,<Substance Cc1ccncc1{solv}{x=0.500000}|O{solv}{x=0.500000}>,Cc1ccncc1,O,openff-2.2.1-ashgc,1,0.9467879732255472,0.0002844926252091,0.9704000000000004,0.0005
24925,670,dens_1024460369591354985,670,Density,<Substance Cc1ccncc1{solv}{x=0.225000}|O{solv}{x=0.775000}>,Cc1ccncc1,O,openff-2.2.1-ashgc,1,0.9552938365437512,0.000422463395359,0.9848000000000002,0.0004
24926,671,dens_1867704914487230306,671,Density,<Substance Cc1ccncc1{solv}{x=0.750000}|O{solv}{x=0.250000}>,Cc1ccncc1,O,openff-2.2.1-ashgc,1,0.9445432405180908,0.000257569429139,0.9614000000000004,0.0004
24927,672,dhmix_396839331496923568,672,EnthalpyOfMixing,<Substance CCCOC(=O)CC{solv}{x=0.237600}|ClCCCl{solv}{x=0.762400}>,CCCOC(=O)CC,ClCCCl,openff-2.2.1-ashgc,1,-0.3012173112016079,0.0363626917063308,-0.317,0.0035
24928,673,dens_1025242301432619836,673,Density,<Substance CCCOC(=O)CC{solv}{x=0.518800}|ClCCCl{solv}{x=0.481200}>,CCCOC(=O)CC,ClCCCl,openff-2.2.1-ashgc,1,0.9953148354005806,0.0003061961320274,1.0064000000000002,0.000905
24929,674,dens_1654149510571748883,674,Density,<Substance CCCOC(=O)CC{solv}{x=0.731600}|ClCCCl{solv}{x=0.268400}>,CCCOC(=O)CC,ClCCCl,openff-2.2.1-ashgc,1,0.9333955439733728,0.0002657181478443,0.9416300000000002,0.00041
24930,675,dens_1804016971158746429,675,Density,<Substance CCCOC(=O)CC{solv}{x=0.243700}|ClCCCl{solv}{x=0.756300}>,CCCOC(=O)CC,ClCCCl,openff-2.2.1-ashgc,1,1.0940680005178745,0.0003796120270041,1.11431,0.002155
24931,676,dhmix_1840109043188951916,676,EnthalpyOfMixing,<Substance CCCOC(=O)CC{solv}{x=0.517700}|ClCCCl{solv}{x=0.482300}>,CCCOC(=O)CC,ClCCCl,openff-2.2.1-ashgc,1,-0.3531950430528923,0.0391207217715267,-0.557,0.006
24932,677,dhmix_1924188358781329171,677,EnthalpyOfMixing,<Substance CCCOC(=O)CC{solv}{x=0.787400}|ClCCCl{solv}{x=0.212600}>,CCCOC(=O)CC,ClCCCl,openff-2.2.1-ashgc,1,-0.2545215853891527,0.0478026000446568,-0.357,0.004
24933,678,dhmix_408170436877433675,678,EnthalpyOfMixing,<Substance CCCCC{solv}{x=0.229800}|CCOC=O{solv}{x=0.770200}>,CCCCC,CCOC=O,openff-2.2.1-ashgc,1,1.1793138977000623,0.0333901437340788,1.016,0.0045
24934,679,dens_1159257310358090227,679,Density,<Substance CCCCC{solv}{x=0.748000}|CCOC=O{solv}{x=0.252000}>,CCCCC,CCOC=O,openff-2.2.1-ashgc,1,0.6621746897606201,0.0002659130470214,0.6707000000000002,0.000165
24935,680,dhmix_1897634982824334825,680,EnthalpyOfMixing,<Substance CCCCC{solv}{x=0.500100}|CCOC=O{solv}{x=0.499900}>,CCCCC,CCOC=O,openff-2.2.1-ashgc,1,1.557003377540795,0.0416676104753413,1.354,0.0055
24936,681,dens_1931965346092446599,681,Density,<Substance CCCCC{solv}{x=0.504000}|CCOC=O{solv}{x=0.496000}>,CCCCC,CCOC=O,openff-2.2.1-ashgc,1,0.7347836671142787,0.0002675581895633,0.7333000000000002,0.00024
24937,682,dens_2086304425324215507,682,Density,<Substance CCCCC{solv}{x=0.298000}|CCOC=O{solv}{x=0.702000}>,CCCCC,CCOC=O,openff-2.2.1-ashgc,1,0.808309375707191,0.00027762175354,0.7971000000000003,0.000345
24938,683,dhmix_2117998354372981576,683,EnthalpyOfMixing,<Substance CCCCC{solv}{x=0.777900}|CCOC=O{solv}{x=0.222100}>,CCCCC,CCOC=O,openff-2.2.1-ashgc,1,1.440004858461407,0.0413088930483752,1.051,0.0045
24939,684,dens_415189671276159712,684,Density,<Substance NCCO{solv}{x=0.785350}|c1ccncc1{solv}{x=0.214650}>,NCCO,c1ccncc1,openff-2.2.1-ashgc,1,1.0423058374796303,0.0002498914058824,1.002592,0.000101
24940,685,dhmix_607563797490786343,685,EnthalpyOfMixing,<Substance NCCO{solv}{x=0.559360}|c1ccncc1{solv}{x=0.440640}>,NCCO,c1ccncc1,openff-2.2.1-ashgc,1,0.7597428330437808,0.0456171887719705,0.824,0.0035
24941,686,dhmix_783614050589043390,686,EnthalpyOfMixing,<Substance NCCO{solv}{x=0.248120}|c1ccncc1{solv}{x=0.751880}>,NCCO,c1ccncc1,openff-2.2.1-ashgc,1,0.8665057570681987,0.0408245431499513,0.779,0.0035
24942,687,dens_907288549206652702,687,Density,<Substance NCCO{solv}{x=0.558640}|c1ccncc1{solv}{x=0.441360}>,NCCO,c1ccncc1,openff-2.2.1-ashgc,1,1.0185023049402555,0.0002286584700258,0.9936870000000002,0.0001015
24943,688,dhmix_1092036220949585875,688,EnthalpyOfMixing,<Substance NCCO{solv}{x=0.746780}|c1ccncc1{solv}{x=0.253220}>,NCCO,c1ccncc1,openff-2.2.1-ashgc,1,0.6115084716467294,0.0359627875157445,0.612,0.003
24944,689,dens_2278246591298089898,689,Density,<Substance NCCO{solv}{x=0.210010}|c1ccncc1{solv}{x=0.789990}>,NCCO,c1ccncc1,openff-2.2.1-ashgc,1,0.9884878778711876,0.0002571143848925,0.9825660000000004,0.0001015
24945,690,dens_419188249264987147,690,Density,<Substance CCCCC(=O)OCC{solv}{x=0.492100}|CCOC(C)=O{solv}{x=0.507900}>,CCCCC(=O)OCC,CCOC(C)=O,openff-2.2.1-ashgc,1,0.8816493400019418,0.0002328918993442,0.8787300000000002,0.00012
24946,691,dens_667714041205021070,691,Density,<Substance CCCCC(=O)OCC{solv}{x=0.304700}|CCOC(C)=O{solv}{x=0.695300}>,CCCCC(=O)OCC,CCOC(C)=O,openff-2.2.1-ashgc,1,0.8885621575369508,0.000223332167829,0.8836400000000002,0.00012
24947,692,dhmix_1137774316856842141,692,EnthalpyOfMixing,<Substance CCCCC(=O)OCC{solv}{x=0.737600}|CCOC(C)=O{solv}{x=0.262400}>,CCCCC(=O)OCC,CCOC(C)=O,openff-2.2.1-ashgc,1,0.0414121869406534,0.0505871315525646,0.114,0.0015
24948,693,dhmix_1322441082145072072,693,EnthalpyOfMixing,<Substance CCCCC(=O)OCC{solv}{x=0.279900}|CCOC(C)=O{solv}{x=0.720100}>,CCCCC(=O)OCC,CCOC(C)=O,openff-2.2.1-ashgc,1,0.0421975971260124,0.0416150666266584,0.139,0.0015
24949,694,dens_1682638395920841051,694,Density,<Substance CCCCC(=O)OCC{solv}{x=0.752600}|CCOC(C)=O{solv}{x=0.247400}>,CCCCC(=O)OCC,CCOC(C)=O,openff-2.2.1-ashgc,1,0.8736174294818315,0.0002129595854381,0.8732900000000001,0.00012
24950,695,dhmix_2161842751879945948,695,EnthalpyOfMixing,<Substance CCCCC(=O)OCC{solv}{x=0.519800}|CCOC(C)=O{solv}{x=0.480200}>,CCCCC(=O)OCC,CCOC(C)=O,openff-2.2.1-ashgc,1,0.1142829025710714,0.0443902055768811,0.154,0.002
24951,696,dhmix_419593950323214290,696,EnthalpyOfMixing,<Substance CCCCCC(C)=O{solv}{x=0.780400}|CCN(CC)CC{solv}{x=0.219600}>,CCCCCC(C)=O,CCN(CC)CC,openff-2.2.1-ashgc,1,0.1215625374121316,0.0459979966846468,0.216,0.0025
24952,697,dens_651921010645567431,697,Density,<Substance CCCCCC(C)=O{solv}{x=0.259800}|CCN(CC)CC{solv}{x=0.740200}>,CCCCCC(C)=O,CCN(CC)CC,openff-2.2.1-ashgc,1,0.7416019068577571,0.0001965281459816,0.7465820000000002,8.950000000000002e-05
24953,698,dens_995831511901627711,698,Density,<Substance CCCCCC(C)=O{solv}{x=0.748400}|CCN(CC)CC{solv}{x=0.251600}>,CCCCCC(C)=O,CCN(CC)CC,openff-2.2.1-ashgc,1,0.7784380955636214,0.0001865068360979,0.7899410000000002,0.0001055
24954,699,dhmix_1001984601109558110,699,EnthalpyOfMixing,<Substance CCCCCC(C)=O{solv}{x=0.492000}|CCN(CC)CC{solv}{x=0.508000}>,CCCCCC(C)=O,CCN(CC)CC,openff-2.2.1-ashgc,1,0.1085796853951635,0.0503095054110426,0.419,0.0045
24955,700,dens_1887829851815986883,700,Density,<Substance CCCCCC(C)=O{solv}{x=0.503200}|CCN(CC)CC{solv}{x=0.496800}>,CCCCCC(C)=O,CCN(CC)CC,openff-2.2.1-ashgc,1,0.7604427412088391,0.0001827349622923,0.7684760000000002,9.800000000000002e-05
24956,701,dhmix_2085744568401562111,701,EnthalpyOfMixing,<Substance CCCCCC(C)=O{solv}{x=0.293900}|CCN(CC)CC{solv}{x=0.706100}>,CCCCCC(C)=O,CCN(CC)CC,openff-2.2.1-ashgc,1,0.2352050327702741,0.0368233272243864,0.412,0.0045
24957,702,dens_436049638479549968,702,Density,<Substance COC=O{solv}{x=0.472500}|ClCCCl{solv}{x=0.527500}>,COC=O,ClCCCl,openff-2.2.1-ashgc,1,1.1235299194553494,0.0003813308570632,1.1269600000000004,0.000285
24958,703,dens_627145458965592302,703,Density,<Substance COC=O{solv}{x=0.753000}|ClCCCl{solv}{x=0.247000}>,COC=O,ClCCCl,openff-2.2.1-ashgc,1,1.0591921723424005,0.0004160493574556,1.0461600000000004,0.000205
24959,704,dhmix_731680623269260416,704,EnthalpyOfMixing,<Substance COC=O{solv}{x=0.250800}|ClCCCl{solv}{x=0.749200}>,COC=O,ClCCCl,openff-2.2.1-ashgc,1,0.4435769389585005,0.0305386966589707,0.0793,0.0007
24960,705,dens_1488543630772933598,705,Density,<Substance COC=O{solv}{x=0.279500}|ClCCCl{solv}{x=0.720500}>,COC=O,ClCCCl,openff-2.2.1-ashgc,1,1.161832323117878,0.00051182004787,1.1777100000000005,0.00034
24961,706,dhmix_2170321998768851974,706,EnthalpyOfMixing,<Substance COC=O{solv}{x=0.732200}|ClCCCl{solv}{x=0.267800}>,COC=O,ClCCCl,openff-2.2.1-ashgc,1,0.4405320783786144,0.0311634328754405,0.0733,0.00065
24962,707,dhmix_2249001225536869896,707,EnthalpyOfMixing,<Substance COC=O{solv}{x=0.487400}|ClCCCl{solv}{x=0.512600}>,COC=O,ClCCCl,openff-2.2.1-ashgc,1,0.4759574265250048,0.0302449432529403,0.1028,0.0008
24963,708,dhmix_442816374747487477,708,EnthalpyOfMixing,<Substance NCCCNCCCN{solv}{x=0.801500}|O{solv}{x=0.198500}>,NCCCNCCCN,O,openff-2.2.1-ashgc,1,-1.6017254043794202,0.0696239603934465,-2.233,0.024
24964,709,dhmix_1795382205757805615,709,EnthalpyOfMixing,<Substance NCCCNCCCN{solv}{x=0.300500}|O{solv}{x=0.699500}>,NCCCNCCCN,O,openff-2.2.1-ashgc,1,-4.454628393112074,0.0637107812145692,-6.588,0.07
24965,710,dhmix_1814950732748396893,710,EnthalpyOfMixing,<Substance NCCCNCCCN{solv}{x=0.499800}|O{solv}{x=0.500200}>,NCCCNCCCN,O,openff-2.2.1-ashgc,1,-3.751684359414974,0.0522793006957804,-5.544,0.059
24966,711,dhmix_446869196417408130,711,EnthalpyOfMixing,<Substance NCCNCCO{solv}{x=0.770000}|O{solv}{x=0.230000}>,NCCNCCO,O,openff-2.2.1-ashgc,1,-1.7474544757726136,0.0420452270890958,-1.711,0.035
24967,712,dhmix_673839467313503071,712,EnthalpyOfMixing,<Substance NCCNCCO{solv}{x=0.069900}|O{solv}{x=0.930100}>,NCCNCCO,O,openff-2.2.1-ashgc,1,-0.6228480467327415,0.0217388099412675,-1.713,0.035
24968,713,dens_688094438561771555,713,Density,<Substance NCCNCCO{solv}{x=0.799700}|O{solv}{x=0.200300}>,NCCNCCO,O,openff-2.2.1-ashgc,1,1.0828963682644854,0.0002043668291756,1.0318300000000002,0.00024
24969,714,dhmix_1682883323293489147,714,EnthalpyOfMixing,<Substance NCCNCCO{solv}{x=0.400100}|O{solv}{x=0.599900}>,NCCNCCO,O,openff-2.2.1-ashgc,1,-2.063773109806114,0.0354707329983735,-4.15,0.0845
24970,715,dens_2045176885611624977,715,Density,<Substance NCCNCCO{solv}{x=0.070000}|O{solv}{x=0.930000}>,NCCNCCO,O,openff-2.2.1-ashgc,1,1.0204050925908488,0.0004172739409764,1.0222800000000003,0.000125
24971,716,dens_2280714043292214506,716,Density,<Substance NCCNCCO{solv}{x=0.399700}|O{solv}{x=0.600300}>,NCCNCCO,O,openff-2.2.1-ashgc,1,1.0626337776387835,0.0004626174106352,1.0370100000000002,0.00017
24972,717,dens_448105363780466270,717,Density,<Substance CCCCCCCl{solv}{x=0.498300}|CN(C)C=O{solv}{x=0.501700}>,CCCCCCCl,CN(C)C=O,openff-2.2.1-ashgc,1,0.879966441325366,0.0002532304127856,0.8974000000000002,0.0003
24973,718,dens_1134260732394863277,718,Density,<Substance CCCCCCCl{solv}{x=0.729300}|CN(C)C=O{solv}{x=0.270700}>,CCCCCCCl,CN(C)C=O,openff-2.2.1-ashgc,1,0.8688157418164415,0.0002230631902378,0.8844000000000002,0.0003
24974,719,dhmix_1150917243327149472,719,EnthalpyOfMixing,<Substance CCCCCCCl{solv}{x=0.500000}|CN(C)C=O{solv}{x=0.500000}>,CCCCCCCl,CN(C)C=O,openff-2.2.1-ashgc,1,1.188726654724988,0.0352344006912523,0.847,0.004
24975,720,dhmix_1166656674614639609,720,EnthalpyOfMixing,<Substance CCCCCCCl{solv}{x=0.204000}|CN(C)C=O{solv}{x=0.796000}>,CCCCCCCl,CN(C)C=O,openff-2.2.1-ashgc,1,0.845327174751695,0.0411337081388797,0.583,0.004
24976,721,dhmix_1262474968830454367,721,EnthalpyOfMixing,<Substance CCCCCCCl{solv}{x=0.795000}|CN(C)C=O{solv}{x=0.205000}>,CCCCCCCl,CN(C)C=O,openff-2.2.1-ashgc,1,0.8207852421820832,0.0499060154137611,0.542,0.0035
24977,722,dens_1862934255267356180,722,Density,<Substance CCCCCCCl{solv}{x=0.200700}|CN(C)C=O{solv}{x=0.799300}>,CCCCCCCl,CN(C)C=O,openff-2.2.1-ashgc,1,0.8988294368563874,0.000243758586122,0.9218000000000002,0.00025
24978,723,dhmix_457000181442392641,723,EnthalpyOfMixing,<Substance CCOCCO{solv}{x=0.241100}|c1ccccc1{solv}{x=0.758900}>,CCOCCO,c1ccccc1,openff-2.2.1-ashgc,1,0.5606239088303511,0.0448221021035668,0.6303,0.00815
24979,724,dhmix_501726034520661035,724,EnthalpyOfMixing,<Substance CCOCCO{solv}{x=0.733600}|c1ccccc1{solv}{x=0.266400}>,CCOCCO,c1ccccc1,openff-2.2.1-ashgc,1,0.343007789170727,0.0449535999108784,0.2326,0.0033
24980,725,dens_577983044895299238,725,Density,<Substance CCOCCO{solv}{x=0.251800}|c1ccccc1{solv}{x=0.748200}>,CCOCCO,c1ccccc1,openff-2.2.1-ashgc,1,0.8726720089009687,0.0002844429055362,0.8849000000000002,0.00081
24981,726,dens_1506946378386070831,726,Density,<Substance CCOCCO{solv}{x=0.750800}|c1ccccc1{solv}{x=0.249200}>,CCOCCO,c1ccccc1,openff-2.2.1-ashgc,1,0.9050952123163694,0.0002329490538521,0.9134500000000004,0.000685
24982,727,dhmix_1801594081157333975,727,EnthalpyOfMixing,<Substance CCOCCO{solv}{x=0.478600}|c1ccccc1{solv}{x=0.521400}>,CCOCCO,c1ccccc1,openff-2.2.1-ashgc,1,0.5508299121861171,0.0339753375509091,0.4912,0.00645
24983,728,dens_2128846755225827916,728,Density,<Substance CCOCCO{solv}{x=0.504800}|c1ccccc1{solv}{x=0.495200}>,CCOCCO,c1ccccc1,openff-2.2.1-ashgc,1,0.8887611158979519,0.0002596941693062,0.8995700000000003,0.000745
24984,729,dhmix_466383569529620932,729,EnthalpyOfMixing,<Substance CC(=O)N(C)C{solv}{x=0.505000}|CCCCCCCl{solv}{x=0.495000}>,CC(=O)N(C)C,CCCCCCCl,openff-2.2.1-ashgc,1,0.8706797532195836,0.0421721955881364,0.61,0.003
24985,730,dhmix_493694362228351572,730,EnthalpyOfMixing,<Substance CC(=O)N(C)C{solv}{x=0.798000}|CCCCCCCl{solv}{x=0.202000}>,CC(=O)N(C)C,CCCCCCCl,openff-2.2.1-ashgc,1,0.5905236440677797,0.0402909548008752,0.425,0.003
24986,731,dhmix_626564461179097700,731,EnthalpyOfMixing,<Substance CC(=O)N(C)C{solv}{x=0.211000}|CCCCCCCl{solv}{x=0.789000}>,CC(=O)N(C)C,CCCCCCCl,openff-2.2.1-ashgc,1,0.6934135454408334,0.0467222948359336,0.38,0.003
24987,732,dens_1720641323575133011,732,Density,<Substance CC(=O)N(C)C{solv}{x=0.200300}|CCCCCCCl{solv}{x=0.799700}>,CC(=O)N(C)C,CCCCCCCl,openff-2.2.1-ashgc,1,0.8654770290577583,0.0002266313776124,0.8816000000000003,0.00025
24988,733,dens_1817345990638851984,733,Density,<Substance CC(=O)N(C)C{solv}{x=0.503000}|CCCCCCCl{solv}{x=0.497000}>,CC(=O)N(C)C,CCCCCCCl,openff-2.2.1-ashgc,1,0.875752133024063,0.0002238327548357,0.8975000000000002,0.00025
24989,734,dens_1885054129776339889,734,Density,<Substance CC(=O)N(C)C{solv}{x=0.699200}|CCCCCCCl{solv}{x=0.300800}>,CC(=O)N(C)C,CCCCCCCl,openff-2.2.1-ashgc,1,0.8834409371562574,0.0002351365074352,0.9104000000000002,0.0002
24990,735,dens_468507243072548580,735,Density,<Substance CCC#N{solv}{x=0.701200}|CCOC(C)(C)CC{solv}{x=0.298800}>,CCC#N,CCOC(C)(C)CC,openff-2.2.1-ashgc,1,0.7704758557039598,0.0002407615884867,0.7715000000000002,0.0004
24991,736,dhmix_553135124490085656,736,EnthalpyOfMixing,<Substance CCC#N{solv}{x=0.502500}|CCOC(C)(C)CC{solv}{x=0.497500}>,CCC#N,CCOC(C)(C)CC,openff-2.2.1-ashgc,1,0.2544681578295353,0.0416825353071118,0.7023,0.00955
24992,737,dens_762108332272225600,737,Density,<Substance CCC#N{solv}{x=0.502500}|CCOC(C)(C)CC{solv}{x=0.497500}>,CCC#N,CCOC(C)(C)CC,openff-2.2.1-ashgc,1,0.7673846820163632,0.0001980859919893,0.7683000000000001,0.00035
24993,738,dens_967634241844220739,738,Density,<Substance CCC#N{solv}{x=0.200900}|CCOC(C)(C)CC{solv}{x=0.799100}>,CCC#N,CCOC(C)(C)CC,openff-2.2.1-ashgc,1,0.7633103370457431,0.0002097462808645,0.7638000000000001,0.00025
24994,739,dhmix_1961082112686431376,739,EnthalpyOfMixing,<Substance CCC#N{solv}{x=0.200900}|CCOC(C)(C)CC{solv}{x=0.799100}>,CCC#N,CCOC(C)(C)CC,openff-2.2.1-ashgc,1,0.1591621376073888,0.0494543451741067,0.502,0.00685
24995,740,dhmix_2005765786246998093,740,EnthalpyOfMixing,<Substance CCC#N{solv}{x=0.701200}|CCOC(C)(C)CC{solv}{x=0.298800}>,CCC#N,CCOC(C)(C)CC,openff-2.2.1-ashgc,1,0.1959426492046461,0.0368684597020938,0.5863,0.008
24996,741,dhmix_471514663464011364,741,EnthalpyOfMixing,<Substance C1CCOCC1{solv}{x=0.722000}|CCCCCO{solv}{x=0.278000}>,C1CCOCC1,CCCCCO,openff-2.2.1-ashgc,1,1.041149518465886,0.0456728894869693,0.8628,0.00745
24997,742,dens_910343796235321484,742,Density,<Substance C1CCOCC1{solv}{x=0.298700}|CCCCCO{solv}{x=0.701300}>,C1CCOCC1,CCCCCO,openff-2.2.1-ashgc,1,0.8215600880773272,0.0002441636390953,0.8293300000000002,0.00034
24998,743,dens_1812069868432416079,743,Density,<Substance C1CCOCC1{solv}{x=0.800000}|CCCCCO{solv}{x=0.200000}>,C1CCOCC1,CCCCCO,openff-2.2.1-ashgc,1,0.8515157697348182,0.0001967322378199,0.8635900000000002,0.000315
24999,744,dhmix_1936206883965149188,744,EnthalpyOfMixing,<Substance C1CCOCC1{solv}{x=0.526000}|CCCCCO{solv}{x=0.474000}>,C1CCOCC1,CCCCCO,openff-2.2.1-ashgc,1,1.0213249919422864,0.036047975417046,0.97,0.00615
25000,745,dhmix_1992318015190346725,745,EnthalpyOfMixing,<Substance C1CCOCC1{solv}{x=0.217000}|CCCCCO{solv}{x=0.783000}>,C1CCOCC1,CCCCCO,openff-2.2.1-ashgc,1,0.6671878222858822,0.0422579599229288,0.6006,0.00455
25001,746,dens_2204330198012032768,746,Density,<Substance C1CCOCC1{solv}{x=0.499400}|CCCCCO{solv}{x=0.500600}>,C1CCOCC1,CCCCCO,openff-2.2.1-ashgc,1,0.8327038701180464,0.0001644710998227,0.8425400000000002,0.00033
25002,747,dhmix_472822428299818953,747,EnthalpyOfMixing,<Substance CC(C)CC(C)(C)C{solv}{x=0.700500}|CCCCO{solv}{x=0.299500}>,CC(C)CC(C)(C)C,CCCCO,openff-2.2.1-ashgc,1,0.8144831920743485,0.0488901748816058,0.6228,0.0028
25003,748,dhmix_628387028768654403,748,EnthalpyOfMixing,<Substance CC(C)CC(C)(C)C{solv}{x=0.499900}|CCCCO{solv}{x=0.500100}>,CC(C)CC(C)(C)C,CCCCO,openff-2.2.1-ashgc,1,0.8218310828695365,0.0523588179572295,0.5938,0.0027
25004,749,dens_631668933678639865,749,Density,<Substance CC(C)CC(C)(C)C{solv}{x=0.200000}|CCCCO{solv}{x=0.800000}>,CC(C)CC(C)(C)C,CCCCO,openff-2.2.1-ashgc,1,0.7686866093633336,0.0002275100521794,0.7696800000000001,0.000295
25005,750,dens_1394470087977586253,750,Density,<Substance CC(C)CC(C)(C)C{solv}{x=0.500000}|CCCCO{solv}{x=0.500000}>,CC(C)CC(C)(C)C,CCCCO,openff-2.2.1-ashgc,1,0.7358999958448116,0.0002291622848699,0.7294000000000002,0.000285
25006,751,dens_1809610870413503056,751,Density,<Substance CC(C)CC(C)(C)C{solv}{x=0.699900}|CCCCO{solv}{x=0.300100}>,CC(C)CC(C)(C)C,CCCCO,openff-2.2.1-ashgc,1,0.720150103114567,0.0002098839482923,0.7097700000000001,0.000285
25007,752,dhmix_2302589146189152767,752,EnthalpyOfMixing,<Substance CC(C)CC(C)(C)C{solv}{x=0.200200}|CCCCO{solv}{x=0.799800}>,CC(C)CC(C)(C)C,CCCCO,openff-2.2.1-ashgc,1,0.3287968593226225,0.0434581640710743,0.27646,0.003235
25008,753,dens_486902622078179007,753,Density,<Substance COC=O{solv}{x=0.494600}|CO{solv}{x=0.505400}>,CO,COC=O,openff-2.2.1-ashgc,1,0.9009089760418652,0.0003598016463733,0.8956100000000002,7.500000000000002e-05
25009,754,dens_750646162221180186,754,Density,<Substance COC=O{solv}{x=0.083300}|CO{solv}{x=0.916700}>,CO,COC=O,openff-2.2.1-ashgc,1,0.7909663378960247,0.0004511858934978,0.8088000000000002,9.000000000000002e-05
25010,755,dhmix_1113631207235753369,755,EnthalpyOfMixing,<Substance COC=O{solv}{x=0.717800}|CO{solv}{x=0.282200}>,CO,COC=O,openff-2.2.1-ashgc,1,0.6265500643150743,0.0321628772221795,1.105,0.012
25011,756,dhmix_2143911117683117531,756,EnthalpyOfMixing,<Substance COC=O{solv}{x=0.512700}|CO{solv}{x=0.487300}>,CO,COC=O,openff-2.2.1-ashgc,1,0.719029893934227,0.0248349178095922,1.179,0.0125
25012,757,dens_2148324189014877510,757,Density,<Substance COC=O{solv}{x=0.727100}|CO{solv}{x=0.272900}>,CO,COC=O,openff-2.2.1-ashgc,1,0.9471600677530976,0.0002992323815972,0.9321000000000004,8.000000000000002e-05
25013,758,dhmix_2205254965267695203,758,EnthalpyOfMixing,<Substance COC=O{solv}{x=0.083300}|CO{solv}{x=0.916700}>,CO,COC=O,openff-2.2.1-ashgc,1,0.2657300862367915,0.0262484612582575,0.311,0.0035
25014,759,dhmix_497300242003673148,759,EnthalpyOfMixing,<Substance BrCCBr{solv}{x=0.284100}|CCCCOC(=O)CCC{solv}{x=0.715900}>,BrCCBr,CCCCOC(=O)CCC,openff-2.2.1-ashgc,1,-0.7184138327192571,0.0503471571626288,-0.054,0.001
25015,760,dhmix_712261179736749495,760,EnthalpyOfMixing,<Substance BrCCBr{solv}{x=0.515300}|CCCCOC(=O)CCC{solv}{x=0.484700}>,BrCCBr,CCCCOC(=O)CCC,openff-2.2.1-ashgc,1,-0.8408264588176095,0.0460090940455044,-0.027,0.0005
25016,761,dens_846614854165535724,761,Density,<Substance BrCCBr{solv}{x=0.212900}|CCCCOC(=O)CCC{solv}{x=0.787100}>,BrCCBr,CCCCOC(=O)CCC,openff-2.2.1-ashgc,1,1.0155992874497044,0.0001765286252402,1.0245500000000003,0.00013
25017,762,dens_1085110183353279404,762,Density,<Substance BrCCBr{solv}{x=0.730000}|CCCCOC(=O)CCC{solv}{x=0.270000}>,BrCCBr,CCCCOC(=O)CCC,openff-2.2.1-ashgc,1,1.593829287661051,0.0004660412872576,1.6231500000000003,0.000405
25018,763,dhmix_2153957437015117204,763,EnthalpyOfMixing,<Substance BrCCBr{solv}{x=0.763900}|CCCCOC(=O)CCC{solv}{x=0.236100}>,BrCCBr,CCCCOC(=O)CCC,openff-2.2.1-ashgc,1,-0.51561546433636,0.0361416769131511,0.051,0.001
25019,764,dens_2242615301342819560,764,Density,<Substance BrCCBr{solv}{x=0.449300}|CCCCOC(=O)CCC{solv}{x=0.550700}>,BrCCBr,CCCCOC(=O)CCC,openff-2.2.1-ashgc,1,1.2375834892250324,0.0002957558650316,1.2506100000000002,0.000225
25020,765,dens_501060706627477242,765,Density,<Substance OC1=NCCC1{solv}{x=0.500000}|O{solv}{x=0.500000}>,O,OC1=NCCC1,openff-2.2.1-ashgc,1,1.053519707033708,0.0003354360678239,1.0977070000000004,0.0005555
25021,766,dens_929065521104254808,766,Density,<Substance OC1=NCCC1{solv}{x=0.744800}|O{solv}{x=0.255200}>,O,OC1=NCCC1,openff-2.2.1-ashgc,1,1.0621074477870018,0.0002898118688424,1.1044310000000004,0.000577
25022,767,dhmix_1128968771311392860,767,EnthalpyOfMixing,<Substance OC1=NCCC1{solv}{x=0.769300}|O{solv}{x=0.230700}>,O,OC1=NCCC1,openff-2.2.1-ashgc,1,0.8104518494347275,0.0393293224082244,-0.678,0.1695
25023,768,dens_1192491633684345401,768,Density,<Substance OC1=NCCC1{solv}{x=0.246800}|O{solv}{x=0.753200}>,O,OC1=NCCC1,openff-2.2.1-ashgc,1,1.0340273575409504,0.000382390030102,1.077068,0.0004905
25024,769,dhmix_1775375132531538271,769,EnthalpyOfMixing,<Substance OC1=NCCC1{solv}{x=0.478300}|O{solv}{x=0.521700}>,O,OC1=NCCC1,openff-2.2.1-ashgc,1,0.8391762623607661,0.0295062277085957,-0.8384,0.20965
25025,770,dhmix_1895825007089845103,770,EnthalpyOfMixing,<Substance OC1=NCCC1{solv}{x=0.231900}|O{solv}{x=0.768100}>,O,OC1=NCCC1,openff-2.2.1-ashgc,1,0.6702088019036765,0.0251683049896623,-0.5238,0.13095
25026,771,dens_502738970558558534,771,Density,<Substance BrCCBr{solv}{x=0.749000}|COC=O{solv}{x=0.251000}>,BrCCBr,COC=O,openff-2.2.1-ashgc,1,1.888572483494215,0.0006043295474809,1.9319600000000008,0.003535
25027,772,dhmix_523129341332875255,772,EnthalpyOfMixing,<Substance BrCCBr{solv}{x=0.059500}|COC=O{solv}{x=0.940500}>,BrCCBr,COC=O,openff-2.2.1-ashgc,1,0.100303002168987,0.0347673862218681,0.1715,0.00215
25028,773,dens_528986974844153101,773,Density,<Substance BrCCBr{solv}{x=0.059800}|COC=O{solv}{x=0.940200}>,BrCCBr,COC=O,openff-2.2.1-ashgc,1,1.0872547405175157,0.0003857431845163,1.06428,0.00056
25029,774,dhmix_1521152703631810888,774,EnthalpyOfMixing,<Substance BrCCBr{solv}{x=0.757400}|COC=O{solv}{x=0.242600}>,BrCCBr,COC=O,openff-2.2.1-ashgc,1,0.4771904568350464,0.030901899333619,0.653,0.00585
25030,775,dhmix_1685647138770344206,775,EnthalpyOfMixing,<Substance BrCCBr{solv}{x=0.528100}|COC=O{solv}{x=0.471900}>,BrCCBr,COC=O,openff-2.2.1-ashgc,1,0.5164745530994832,0.0312925824083219,0.8123,0.00705
25031,776,dens_1945150067923572864,776,Density,<Substance BrCCBr{solv}{x=0.501500}|COC=O{solv}{x=0.498500}>,BrCCBr,COC=O,openff-2.2.1-ashgc,1,1.6501711257470044,0.0006267672579983,1.6620300000000003,0.00232
25032,777,dens_511283508189056955,777,Density,<Substance CCO{solv}{x=0.291400}|CN(C)CCO{solv}{x=0.708600}>,CCO,CN(C)CCO,openff-2.2.1-ashgc,1,0.8717091835215305,0.0002287367858022,0.8710100000000002,0.000165
25033,778,dhmix_1055456388735168345,778,EnthalpyOfMixing,<Substance CCO{solv}{x=0.508400}|CN(C)CCO{solv}{x=0.491600}>,CCO,CN(C)CCO,openff-2.2.1-ashgc,1,-0.8798912593862269,0.0406443026648275,-0.4044,0.0044
25034,779,dens_1119930253414624267,779,Density,<Substance CCO{solv}{x=0.699500}|CN(C)CCO{solv}{x=0.300500}>,CCO,CN(C)CCO,openff-2.2.1-ashgc,1,0.8328078226621201,0.0002893137979858,0.8345000000000002,0.000135
25035,780,dhmix_1132835222292135012,780,EnthalpyOfMixing,<Substance CCO{solv}{x=0.268600}|CN(C)CCO{solv}{x=0.731400}>,CCO,CN(C)CCO,openff-2.2.1-ashgc,1,-0.6012267849696116,0.0443151340259842,-0.2783,0.0031
25036,781,dens_1964926738263319597,781,Density,<Substance CCO{solv}{x=0.494900}|CN(C)CCO{solv}{x=0.505100}>,CCO,CN(C)CCO,openff-2.2.1-ashgc,1,0.8544812564697714,0.000278647057716,0.8566200000000002,0.00015
25037,782,dhmix_2011138895468245368,782,EnthalpyOfMixing,<Substance CCO{solv}{x=0.733500}|CN(C)CCO{solv}{x=0.266500}>,CCO,CN(C)CCO,openff-2.2.1-ashgc,1,-0.7388993016215366,0.0373048357515547,-0.3657,0.004
25038,783,dhmix_517287783481256565,783,EnthalpyOfMixing,<Substance CN(C)C=O{solv}{x=0.701000}|ClCCCCCl{solv}{x=0.299000}>,CN(C)C=O,ClCCCCCl,openff-2.2.1-ashgc,1,0.4825638976636384,0.0366440099141324,-0.052,0.002
25039,784,dens_765057686797526715,784,Density,<Substance CN(C)C=O{solv}{x=0.794300}|ClCCCCCl{solv}{x=0.205700}>,CN(C)C=O,ClCCCCCl,openff-2.2.1-ashgc,1,0.968940053152404,0.0002565717234532,0.9934000000000002,0.00245
25040,785,dens_1092490027864410415,785,Density,<Substance CN(C)C=O{solv}{x=0.502200}|ClCCCCCl{solv}{x=0.497800}>,CN(C)C=O,ClCCCCCl,openff-2.2.1-ashgc,1,1.03095639214552,0.0002952764245502,1.0524000000000004,0.0022
25041,786,dens_1571926938169630329,786,Density,<Substance CN(C)C=O{solv}{x=0.299400}|ClCCCCCl{solv}{x=0.700600}>,CN(C)C=O,ClCCCCCl,openff-2.2.1-ashgc,1,1.0665621573354316,0.0002624720037761,1.0879000000000003,0.0021
25042,787,dhmix_1989422051580285053,787,EnthalpyOfMixing,<Substance CN(C)C=O{solv}{x=0.501000}|ClCCCCCl{solv}{x=0.499000}>,CN(C)C=O,ClCCCCCl,openff-2.2.1-ashgc,1,0.5694169689074542,0.036763971233044,-0.056,0.002
25043,788,dhmix_2190775305913174779,788,EnthalpyOfMixing,<Substance CN(C)C=O{solv}{x=0.204000}|ClCCCCCl{solv}{x=0.796000}>,CN(C)C=O,ClCCCCCl,openff-2.2.1-ashgc,1,0.4425062083893536,0.0380731445129705,-0.039,0.002
25044,789,dens_518199256039095036,789,Density,<Substance CCCCO{solv}{x=0.496400}|NCCN{solv}{x=0.503600}>,CCCCO,NCCN,openff-2.2.1-ashgc,1,0.8857186548987688,0.0002352264028507,0.8519430000000002,0.000219
25045,790,dens_866492593379488722,790,Density,<Substance CCCCO{solv}{x=0.739800}|NCCN{solv}{x=0.260200}>,CCCCO,NCCN,openff-2.2.1-ashgc,1,0.8396677222909901,0.0002271917305884,0.8325090000000002,0.000221
25046,791,dens_2064365769538781360,791,Density,<Substance CCCCO{solv}{x=0.291900}|NCCN{solv}{x=0.708100}>,CCCCO,NCCN,openff-2.2.1-ashgc,1,0.9328292995550912,0.0002566225879637,0.8676960000000002,0.0002205
25047,792,dens_520201021244222151,792,Density,<Substance O=C1CCCO1{solv}{x=0.300000}|O{solv}{x=0.700000}>,O,O=C1CCCO1,openff-2.2.1-ashgc,1,1.05470494492083,0.0003788988480775,1.0886000000000002,0.0001
25048,793,dens_2198925124601089428,793,Density,<Substance O=C1CCCO1{solv}{x=0.500000}|O{solv}{x=0.500000}>,O,O=C1CCCO1,openff-2.2.1-ashgc,1,1.0742350393813491,0.0003097909336235,1.1059000000000003,0.0001
25049,794,dens_2272207838075726438,794,Density,<Substance O=C1CCCO1{solv}{x=0.800000}|O{solv}{x=0.200000}>,O,O=C1CCCO1,openff-2.2.1-ashgc,1,1.090832169757526,0.0002829675284735,1.1182000000000003,0.0001
25050,795,dhmix_524376395520217080,795,EnthalpyOfMixing,<Substance CC(C)CC(C)(C)C{solv}{x=0.440700}|CCCC(=O)OC{solv}{x=0.559300}>,CC(C)CC(C)(C)C,CCCC(=O)OC,openff-2.2.1-ashgc,1,1.4855988403520684,0.0510589339969388,1.053,0.0115
25051,796,dens_581090592491592243,796,Density,<Substance CC(C)CC(C)(C)C{solv}{x=0.298100}|CCCC(=O)OC{solv}{x=0.701900}>,CC(C)CC(C)(C)C,CCCC(=O)OC,openff-2.2.1-ashgc,1,0.8144658143943538,0.0001984578191905,0.8119000000000002,0.000505
25052,797,dens_1497434747823371430,797,Density,<Substance CC(C)CC(C)(C)C{solv}{x=0.724300}|CCCC(=O)OC{solv}{x=0.275700}>,CC(C)CC(C)(C)C,CCCC(=O)OC,openff-2.2.1-ashgc,1,0.7388774193474169,0.000196494444192,0.7279000000000001,0.000505
25053,798,dhmix_1614087501371550297,798,EnthalpyOfMixing,<Substance CC(C)CC(C)(C)C{solv}{x=0.762900}|CCCC(=O)OC{solv}{x=0.237100}>,CC(C)CC(C)(C)C,CCCC(=O)OC,openff-2.2.1-ashgc,1,1.2160891920425598,0.0549111137043199,0.789,0.0085
25054,799,dens_1842979547629422953,799,Density,<Substance CC(C)CC(C)(C)C{solv}{x=0.441000}|CCCC(=O)OC{solv}{x=0.559000}>,CC(C)CC(C)(C)C,CCCC(=O)OC,openff-2.2.1-ashgc,1,0.7859992380496075,0.0002144861020631,0.7803000000000001,0.000505
25055,800,dhmix_2246911102339588209,800,EnthalpyOfMixing,<Substance CC(C)CC(C)(C)C{solv}{x=0.298200}|CCCC(=O)OC{solv}{x=0.701800}>,CC(C)CC(C)(C)C,CCCC(=O)OC,openff-2.2.1-ashgc,1,1.2714790885500449,0.0428011069754134,0.884,0.0095
25056,801,dhmix_536798507677319129,801,EnthalpyOfMixing,<Substance C1COCO1{solv}{x=0.267900}|Cc1ccccc1Cl{solv}{x=0.732100}>,C1COCO1,Cc1ccccc1Cl,openff-2.2.1-ashgc,1,0.2781598683063606,0.0454193547990296,0.272,0.0015
25057,802,dens_559535483529614058,802,Density,<Substance C1COCO1{solv}{x=0.726600}|Cc1ccccc1Cl{solv}{x=0.273400}>,C1COCO1,Cc1ccccc1Cl,openff-2.2.1-ashgc,1,1.0838392823568543,0.0002875457286393,1.0652000000000004,0.0005
25058,803,dens_731520844601672570,803,Density,<Substance C1COCO1{solv}{x=0.268500}|Cc1ccccc1Cl{solv}{x=0.731500}>,C1COCO1,Cc1ccccc1Cl,openff-2.2.1-ashgc,1,1.0621473371243468,0.000279221527003,1.0630000000000002,0.0005
25059,804,dens_839907656840905053,804,Density,<Substance C1COCO1{solv}{x=0.516900}|Cc1ccccc1Cl{solv}{x=0.483100}>,C1COCO1,Cc1ccccc1Cl,openff-2.2.1-ashgc,1,1.078395366680562,0.0002939639294096,1.0694000000000004,0.0005
25060,805,dhmix_1308085019204784636,805,EnthalpyOfMixing,<Substance C1COCO1{solv}{x=0.500900}|Cc1ccccc1Cl{solv}{x=0.499100}>,C1COCO1,Cc1ccccc1Cl,openff-2.2.1-ashgc,1,0.4287505138736236,0.0387038607286943,0.393,0.002
25061,806,dhmix_1924685013370154802,806,EnthalpyOfMixing,<Substance C1COCO1{solv}{x=0.760400}|Cc1ccccc1Cl{solv}{x=0.239600}>,C1COCO1,Cc1ccccc1Cl,openff-2.2.1-ashgc,1,0.3260804309088598,0.0334543901621562,0.313,0.0015
25062,807,dhmix_549919019055097043,807,EnthalpyOfMixing,<Substance C1CCCCC1{solv}{x=0.799100}|CC(C)O{solv}{x=0.200900}>,C1CCCCC1,CC(C)O,openff-2.2.1-ashgc,1,0.8409829158300823,0.0469448150046728,0.702,0.017
25063,808,dhmix_1101575580592240663,808,EnthalpyOfMixing,<Substance C1CCCCC1{solv}{x=0.199500}|CC(C)O{solv}{x=0.800500}>,C1CCCCC1,CC(C)O,openff-2.2.1-ashgc,1,0.3998890021075709,0.0358610590103247,0.438,0.011
25064,809,dhmix_1262965345724899699,809,EnthalpyOfMixing,<Substance C1CCCCC1{solv}{x=0.498400}|CC(C)O{solv}{x=0.501600}>,C1CCCCC1,CC(C)O,openff-2.2.1-ashgc,1,0.9061381317640738,0.0423847697073239,0.801,0.0195
25065,810,dens_1431184569437551541,810,Density,<Substance C1CCCCC1{solv}{x=0.705800}|CC(C)O{solv}{x=0.294200}>,C1CCCCC1,CC(C)O,openff-2.2.1-ashgc,1,0.7566803134015919,0.0002435030554311,0.7711100000000002,0.000245
25066,811,dens_2097249982689376165,811,Density,<Substance C1CCCCC1{solv}{x=0.200000}|CC(C)O{solv}{x=0.800000}>,C1CCCCC1,CC(C)O,openff-2.2.1-ashgc,1,0.7796425178223336,0.00022965072378,0.7761000000000002,0.0003
25067,812,dens_2130071224188444793,812,Density,<Substance C1CCCCC1{solv}{x=0.503900}|CC(C)O{solv}{x=0.496100}>,C1CCCCC1,CC(C)O,openff-2.2.1-ashgc,1,0.763404284484367,0.0002261000601725,0.7719000000000001,0.0003
25068,813,dens_562489367284385084,813,Density,<Substance CCCCC(=O)OC{solv}{x=0.251100}|COC(C)=O{solv}{x=0.748900}>,CCCCC(=O)OC,COC(C)=O,openff-2.2.1-ashgc,1,0.9101748192892484,0.0002635973802741,0.9105300000000002,0.000505
25069,814,dhmix_814771684244180933,814,EnthalpyOfMixing,<Substance CCCCC(=O)OC{solv}{x=0.733900}|COC(C)=O{solv}{x=0.266100}>,CCCCC(=O)OC,COC(C)=O,openff-2.2.1-ashgc,1,0.1875796385545817,0.0456122451938964,0.178,0.002
25070,815,dhmix_915202362324204655,815,EnthalpyOfMixing,<Substance CCCCC(=O)OC{solv}{x=0.505500}|COC(C)=O{solv}{x=0.494500}>,CCCCC(=O)OC,COC(C)=O,openff-2.2.1-ashgc,1,0.1752263915821572,0.0337262969146951,0.238,0.0025
25071,816,dhmix_935892165648195197,816,EnthalpyOfMixing,<Substance CCCCC(=O)OC{solv}{x=0.234700}|COC(C)=O{solv}{x=0.765300}>,CCCCC(=O)OC,COC(C)=O,openff-2.2.1-ashgc,1,0.0896497585379947,0.0401322162678242,0.173,0.002
25072,817,dens_961692445804333991,817,Density,<Substance CCCCC(=O)OC{solv}{x=0.738300}|COC(C)=O{solv}{x=0.261700}>,CCCCC(=O)OC,COC(C)=O,openff-2.2.1-ashgc,1,0.8882627318155298,0.0002077482081039,0.8914700000000002,0.000505
25073,818,dens_1493380961688632529,818,Density,<Substance CCCCC(=O)OC{solv}{x=0.493500}|COC(C)=O{solv}{x=0.506500}>,CCCCC(=O)OC,COC(C)=O,openff-2.2.1-ashgc,1,0.8982905425800236,0.0001891815890916,0.8996200000000002,0.000505
25074,819,dhmix_563342363018905515,819,EnthalpyOfMixing,<Substance CCOC(=O)CC(C)=O{solv}{x=0.751400}|O{solv}{x=0.248600}>,CCOC(=O)CC(C)=O,O,openff-2.2.1-ashgc,1,0.7746600108751807,0.0499180999678903,1.128,0.012
25075,820,dhmix_1385095028103136291,820,EnthalpyOfMixing,<Substance CCOC(=O)CC(C)=O{solv}{x=0.449100}|O{solv}{x=0.550900}>,CCOC(=O)CC(C)=O,O,openff-2.2.1-ashgc,1,0.7066916163423684,0.0353545028438813,0.684,0.0075
25076,821,dhmix_1609967394780907654,821,EnthalpyOfMixing,<Substance CCOC(=O)CC(C)=O{solv}{x=0.299400}|O{solv}{x=0.700600}>,CCOC(=O)CC(C)=O,O,openff-2.2.1-ashgc,1,0.5629295198123572,0.030650650140656,0.428,0.005
25077,822,dhmix_566259260175961973,822,EnthalpyOfMixing,<Substance CCCCO{solv}{x=0.144700}|OC1=NCCC1{solv}{x=0.855300}>,CCCCO,OC1=NCCC1,openff-2.2.1-ashgc,1,0.6728795244136876,0.0414649926114062,0.0949,0.0012
25078,823,dens_1146983614802652988,823,Density,<Substance CCCCO{solv}{x=0.500400}|OC1=NCCC1{solv}{x=0.499600}>,CCCCO,OC1=NCCC1,openff-2.2.1-ashgc,1,0.9261776241127616,0.0002216538073548,0.94503,0.00015
25079,824,dhmix_1601732489230179724,824,EnthalpyOfMixing,<Substance CCCCO{solv}{x=0.497800}|OC1=NCCC1{solv}{x=0.502200}>,CCCCO,OC1=NCCC1,openff-2.2.1-ashgc,1,1.397120514549819,0.0375795194252793,0.2326,0.0026
25080,825,dhmix_1661138478850718837,825,EnthalpyOfMixing,<Substance CCCCO{solv}{x=0.754800}|OC1=NCCC1{solv}{x=0.245200}>,CCCCO,OC1=NCCC1,openff-2.2.1-ashgc,1,1.2429145681065283,0.0350871605047809,0.2356,0.00265
25081,826,dens_1878955695276199878,826,Density,<Substance CCCCO{solv}{x=0.144600}|OC1=NCCC1{solv}{x=0.855400}>,CCCCO,OC1=NCCC1,openff-2.2.1-ashgc,1,1.02415199469036,0.0002104360300175,1.0575900000000005,0.000205
25082,827,dens_2101998760005952263,827,Density,<Substance CCCCO{solv}{x=0.755500}|OC1=NCCC1{solv}{x=0.244500}>,CCCCO,OC1=NCCC1,openff-2.2.1-ashgc,1,0.8598770499561744,0.0002287897823139,0.8711500000000002,0.000185
25083,828,dhmix_569012254773025696,828,EnthalpyOfMixing,<Substance CC(C)(C)O{solv}{x=0.505700}|OC1=NCCC1{solv}{x=0.494300}>,CC(C)(C)O,OC1=NCCC1,openff-2.2.1-ashgc,1,2.0512732362456916,0.0392303349660847,0.4323,0.0047
25084,829,dens_992979807705536615,829,Density,<Substance CC(C)(C)O{solv}{x=0.751100}|OC1=NCCC1{solv}{x=0.248900}>,CC(C)(C)O,OC1=NCCC1,openff-2.2.1-ashgc,1,0.8689083688047426,0.0002667642774603,0.8505700000000003,0.000215
25085,830,dens_1020722913861580636,830,Density,<Substance CC(C)(C)O{solv}{x=0.499700}|OC1=NCCC1{solv}{x=0.500300}>,CC(C)(C)O,OC1=NCCC1,openff-2.2.1-ashgc,1,0.931028057514626,0.0002412745072471,0.9282800000000002,0.00018
25086,831,dhmix_1408261346335628114,831,EnthalpyOfMixing,<Substance CC(C)(C)O{solv}{x=0.744900}|OC1=NCCC1{solv}{x=0.255100}>,CC(C)(C)O,OC1=NCCC1,openff-2.2.1-ashgc,1,1.561681352551112,0.04288347483345,0.3774,0.00415
25087,832,dhmix_1466823939183874689,832,EnthalpyOfMixing,<Substance CC(C)(C)O{solv}{x=0.257800}|OC1=NCCC1{solv}{x=0.742200}>,CC(C)(C)O,OC1=NCCC1,openff-2.2.1-ashgc,1,1.1878588089668938,0.037456012400329,0.2874,0.0032
25088,833,dens_1768273433543243004,833,Density,<Substance CC(C)(C)O{solv}{x=0.276400}|OC1=NCCC1{solv}{x=0.723600}>,CC(C)(C)O,OC1=NCCC1,openff-2.2.1-ashgc,1,0.9902064754921056,0.0003621370544567,1.0036300000000002,0.000155
25089,834,dens_571827819113574480,834,Density,<Substance CC(C)OC(C)C{solv}{x=0.700400}|Cc1ccccc1{solv}{x=0.299600}>,CC(C)OC(C)C,Cc1ccccc1,openff-2.2.1-ashgc,1,0.7632471173164281,0.0002411057125265,0.7573100000000001,0.000155
25090,835,dhmix_686402805609192969,835,EnthalpyOfMixing,<Substance CC(C)OC(C)C{solv}{x=0.228000}|Cc1ccccc1{solv}{x=0.772000}>,CC(C)OC(C)C,Cc1ccccc1,openff-2.2.1-ashgc,1,-0.2440313997922913,0.043280641446112,0.0593,0.00515
25091,836,dhmix_1045652173440309018,836,EnthalpyOfMixing,<Substance CC(C)OC(C)C{solv}{x=0.752000}|Cc1ccccc1{solv}{x=0.248000}>,CC(C)OC(C)C,Cc1ccccc1,openff-2.2.1-ashgc,1,-0.0995539803909082,0.0409221100012936,-0.0091,0.00505
25092,837,dhmix_1690461453403165745,837,EnthalpyOfMixing,<Substance CC(C)OC(C)C{solv}{x=0.455000}|Cc1ccccc1{solv}{x=0.545000}>,CC(C)OC(C)C,Cc1ccccc1,openff-2.2.1-ashgc,1,-0.198824720072281,0.0422026118271766,0.0323,0.0051
25093,838,dens_2086775654110573795,838,Density,<Substance CC(C)OC(C)C{solv}{x=0.200400}|Cc1ccccc1{solv}{x=0.799600}>,CC(C)OC(C)C,Cc1ccccc1,openff-2.2.1-ashgc,1,0.8201111910372431,0.0002222124245231,0.8299700000000002,0.00014
25094,839,dens_2167043968237201720,839,Density,<Substance CC(C)OC(C)C{solv}{x=0.500300}|Cc1ccccc1{solv}{x=0.499700}>,CC(C)OC(C)C,Cc1ccccc1,openff-2.2.1-ashgc,1,0.7849326207113098,0.0002435780550555,0.7849200000000002,0.000155
25095,840,dhmix_578047845607378963,840,EnthalpyOfMixing,<Substance CN1CCCC1=O{solv}{x=0.635900}|c1ccncc1{solv}{x=0.364100}>,CN1CCCC1=O,c1ccncc1,openff-2.2.1-ashgc,1,-0.3145786149535969,0.0413420862563594,-0.4013,0.10035
25096,841,dhmix_625120262301063359,841,EnthalpyOfMixing,<Substance CN1CCCC1=O{solv}{x=0.231200}|c1ccncc1{solv}{x=0.768800}>,CN1CCCC1=O,c1ccncc1,openff-2.2.1-ashgc,1,-0.2549622674873717,0.0404590367423635,-0.3157,0.07895
25097,842,dens_1059919274311274879,842,Density,<Substance CN1CCCC1=O{solv}{x=0.521500}|c1ccncc1{solv}{x=0.478500}>,CN1CCCC1=O,c1ccncc1,openff-2.2.1-ashgc,1,0.9901921775899852,0.0002254280189454,1.0158200000000004,0.00051
25098,843,dens_1445187430653020908,843,Density,<Substance CN1CCCC1=O{solv}{x=0.234800}|c1ccncc1{solv}{x=0.765200}>,CN1CCCC1=O,c1ccncc1,openff-2.2.1-ashgc,1,0.9834690259765074,0.0002463735266518,0.9983500000000004,0.00051
25099,844,dhmix_1933003504821603087,844,EnthalpyOfMixing,<Substance CN1CCCC1=O{solv}{x=0.499500}|c1ccncc1{solv}{x=0.500500}>,CN1CCCC1=O,c1ccncc1,openff-2.2.1-ashgc,1,-0.3901881091488137,0.0294320607329079,-0.4356,0.1089
25100,845,dens_2199047009222847682,845,Density,<Substance CN1CCCC1=O{solv}{x=0.636400}|c1ccncc1{solv}{x=0.363600}>,CN1CCCC1=O,c1ccncc1,openff-2.2.1-ashgc,1,0.9925736014473936,0.0002219027847301,1.0207400000000002,0.00051
25101,846,dens_586351122522837789,846,Density,<Substance c1cc[nH]c1{solv}{x=0.820700}|c1ccccc1{solv}{x=0.179300}>,c1cc[nH]c1,c1ccccc1,openff-2.2.1-ashgc,1,0.9537819327455112,0.0002780540241095,0.9503300000000002,0.000195
25102,847,dhmix_1101447260293284221,847,EnthalpyOfMixing,<Substance c1cc[nH]c1{solv}{x=0.494000}|c1ccccc1{solv}{x=0.506000}>,c1cc[nH]c1,c1ccccc1,openff-2.2.1-ashgc,1,0.5818042500487337,0.0343316026321285,0.609,0.00395
25103,848,dens_1366042600317618213,848,Density,<Substance c1cc[nH]c1{solv}{x=0.503000}|c1ccccc1{solv}{x=0.497000}>,c1cc[nH]c1,c1ccccc1,openff-2.2.1-ashgc,1,0.9126947801589572,0.000246621177981,0.9220400000000002,0.00019
25104,849,dens_2042223650153961549,849,Density,<Substance c1cc[nH]c1{solv}{x=0.314200}|c1ccccc1{solv}{x=0.685800}>,c1cc[nH]c1,c1ccccc1,openff-2.2.1-ashgc,1,0.8906892972583407,0.0003071204412269,0.9043500000000002,0.000195
25105,850,dhmix_2080652523589171296,850,EnthalpyOfMixing,<Substance c1cc[nH]c1{solv}{x=0.820800}|c1ccccc1{solv}{x=0.179200}>,c1cc[nH]c1,c1ccccc1,openff-2.2.1-ashgc,1,0.289459960834165,0.0396234590524757,0.3441,0.00245
25106,851,dhmix_2101365800313583195,851,EnthalpyOfMixing,<Substance c1cc[nH]c1{solv}{x=0.314000}|c1ccccc1{solv}{x=0.686000}>,c1cc[nH]c1,c1ccccc1,openff-2.2.1-ashgc,1,0.6216320622088887,0.0376682714314532,0.5893,0.00385
25107,852,dens_592296207180530796,852,Density,<Substance C1CCNCC1{solv}{x=0.250000}|O{solv}{x=0.750000}>,C1CCNCC1,O,openff-2.2.1-ashgc,1,0.9074774122309012,0.0003828375038188,0.9379600000000002,0.000185
25108,853,dhmix_598563182385523239,853,EnthalpyOfMixing,<Substance C1CCNCC1{solv}{x=0.750000}|O{solv}{x=0.250000}>,C1CCNCC1,O,openff-2.2.1-ashgc,1,-0.8302796536659471,0.042325976790169,-1.4628,0.02995
25109,854,dens_1144696340343060729,854,Density,<Substance C1CCNCC1{solv}{x=0.500000}|O{solv}{x=0.500000}>,C1CCNCC1,O,openff-2.2.1-ashgc,1,0.8822920844833213,0.0002527766071359,0.90329,0.000235
25110,855,dens_1551117370864361960,855,Density,<Substance C1CCNCC1{solv}{x=0.750000}|O{solv}{x=0.250000}>,C1CCNCC1,O,openff-2.2.1-ashgc,1,0.869079827517675,0.0002740689661934,0.8771300000000002,0.000285
25111,856,dhmix_2023343497633678069,856,EnthalpyOfMixing,<Substance C1CCNCC1{solv}{x=0.500000}|O{solv}{x=0.500000}>,C1CCNCC1,O,openff-2.2.1-ashgc,1,-1.107822006893418,0.0330922703647378,-2.1379,0.04355
25112,857,dhmix_2169709193905404129,857,EnthalpyOfMixing,<Substance C1CCNCC1{solv}{x=0.250000}|O{solv}{x=0.750000}>,C1CCNCC1,O,openff-2.2.1-ashgc,1,-0.7883504933155194,0.0211827042702707,-1.9642,0.04065
25113,858,dhmix_597694390671293228,858,EnthalpyOfMixing,<Substance C1CCCCC1{solv}{x=0.495000}|c1cc[nH]c1{solv}{x=0.505000}>,C1CCCCC1,c1cc[nH]c1,openff-2.2.1-ashgc,1,1.529115250304244,0.0390207147006197,1.4275,0.00895
25114,859,dens_1402964712081643759,859,Density,<Substance C1CCCCC1{solv}{x=0.281700}|c1cc[nH]c1{solv}{x=0.718300}>,C1CCCCC1,c1cc[nH]c1,openff-2.2.1-ashgc,1,0.8860460179031652,0.0002766298603934,0.9082800000000002,0.00023
25115,860,dens_1463337814181203578,860,Density,<Substance C1CCCCC1{solv}{x=0.925100}|c1cc[nH]c1{solv}{x=0.074900}>,C1CCCCC1,c1cc[nH]c1,openff-2.2.1-ashgc,1,0.7599597213707509,0.000192850720588,0.7860300000000001,0.00026
25116,861,dens_1586039458655447443,861,Density,<Substance C1CCCCC1{solv}{x=0.494200}|c1cc[nH]c1{solv}{x=0.505800}>,C1CCCCC1,c1cc[nH]c1,openff-2.2.1-ashgc,1,0.8336691587462964,0.0002352611941016,0.8661300000000002,0.000235
25117,862,dhmix_1650717903260721901,862,EnthalpyOfMixing,<Substance C1CCCCC1{solv}{x=0.924800}|c1cc[nH]c1{solv}{x=0.075200}>,C1CCCCC1,c1cc[nH]c1,openff-2.2.1-ashgc,1,0.7363522582212596,0.0483355645547057,0.7315,0.00535
25118,863,dhmix_1709124910710738018,863,EnthalpyOfMixing,<Substance C1CCCCC1{solv}{x=0.281800}|c1cc[nH]c1{solv}{x=0.718200}>,C1CCCCC1,c1cc[nH]c1,openff-2.2.1-ashgc,1,1.420973744804115,0.0378774120332594,1.245,0.00795
25119,864,dhmix_602003453564252918,864,EnthalpyOfMixing,<Substance COc1ccccc1{solv}{x=0.767000}|OCCc1ccccc1{solv}{x=0.233000}>,COc1ccccc1,OCCc1ccccc1,openff-2.2.1-ashgc,1,0.8890159491269074,0.0439461257785535,1.1154,0.01195
25120,865,dhmix_831666159864093343,865,EnthalpyOfMixing,<Substance COc1ccccc1{solv}{x=0.267800}|OCCc1ccccc1{solv}{x=0.732200}>,COc1ccccc1,OCCc1ccccc1,openff-2.2.1-ashgc,1,0.6472107118152053,0.0409094724420094,0.688,0.00745
25121,866,dhmix_1415130215717622630,866,EnthalpyOfMixing,<Substance COc1ccccc1{solv}{x=0.523200}|OCCc1ccccc1{solv}{x=0.476800}>,COc1ccccc1,OCCc1ccccc1,openff-2.2.1-ashgc,1,0.859479714103415,0.0524239799410973,1.0457,0.0112
25122,867,dens_2018050376435813399,867,Density,<Substance COc1ccccc1{solv}{x=0.767300}|OCCc1ccccc1{solv}{x=0.232700}>,COc1ccccc1,OCCc1ccccc1,openff-2.2.1-ashgc,1,0.9712222755890916,0.0002043239528195,0.9869000000000002,0.00026
25123,868,dens_2083067547090229321,868,Density,<Substance COc1ccccc1{solv}{x=0.524500}|OCCc1ccccc1{solv}{x=0.475500}>,COc1ccccc1,OCCc1ccccc1,openff-2.2.1-ashgc,1,0.9799551464312104,0.0001894252933051,0.9943600000000002,0.00026
25124,869,dens_2108796896152795987,869,Density,<Substance COc1ccccc1{solv}{x=0.212100}|OCCc1ccccc1{solv}{x=0.787900}>,COc1ccccc1,OCCc1ccccc1,openff-2.2.1-ashgc,1,0.9912027452915424,0.000157907533778,1.0032600000000005,0.00026
25125,870,dhmix_607389561715885318,870,EnthalpyOfMixing,<Substance CC(C)O{solv}{x=0.750600}|CCOC(=O)CC(=O)OCC{solv}{x=0.249400}>,CC(C)O,CCOC(=O)CC(=O)OCC,openff-2.2.1-ashgc,1,1.883595300147988,0.040019036020093,1.955,0.021
25126,871,dhmix_970997719035766241,871,EnthalpyOfMixing,<Substance CC(C)O{solv}{x=0.249200}|CCOC(=O)CC(=O)OCC{solv}{x=0.750800}>,CC(C)O,CCOC(=O)CC(=O)OCC,openff-2.2.1-ashgc,1,1.4330671545789642,0.0448244075271956,1.804,0.0195
25127,872,dens_1055220895195342210,872,Density,<Substance CC(C)O{solv}{x=0.700000}|CCOC(=O)CC(=O)OCC{solv}{x=0.300000}>,CC(C)O,CCOC(=O)CC(=O)OCC,openff-2.2.1-ashgc,1,0.9162250969521086,0.0002175532677912,0.9013080000000002,0.000163
25128,873,dens_1059428282849222105,873,Density,<Substance CC(C)O{solv}{x=0.500100}|CCOC(=O)CC(=O)OCC{solv}{x=0.499900}>,CC(C)O,CCOC(=O)CC(=O)OCC,openff-2.2.1-ashgc,1,0.9704353364528348,0.0002247024481194,0.9563730000000004,0.0001215
25129,874,dhmix_2225069850502215858,874,EnthalpyOfMixing,<Substance CC(C)O{solv}{x=0.499700}|CCOC(=O)CC(=O)OCC{solv}{x=0.500300}>,CC(C)O,CCOC(=O)CC(=O)OCC,openff-2.2.1-ashgc,1,2.08009934887437,0.0393293973603808,2.369,0.0255
25130,875,dens_2227064517025896927,875,Density,<Substance CC(C)O{solv}{x=0.200000}|CCOC(=O)CC(=O)OCC{solv}{x=0.800000}>,CC(C)O,CCOC(=O)CC(=O)OCC,openff-2.2.1-ashgc,1,1.029666513577682,0.0002664439554082,1.0176930000000002,0.000103
25131,876,dhmix_614525131410782877,876,EnthalpyOfMixing,<Substance CCCCCC(C)=O{solv}{x=0.491300}|CCCCNCCCC{solv}{x=0.508700}>,CCCCCC(C)=O,CCCCNCCCC,openff-2.2.1-ashgc,1,-0.0698096713054354,0.0521052119263622,0.278,0.003
25132,877,dhmix_1051001364116056564,877,EnthalpyOfMixing,<Substance CCCCCC(C)=O{solv}{x=0.781100}|CCCCNCCCC{solv}{x=0.218900}>,CCCCCC(C)=O,CCCCNCCCC,openff-2.2.1-ashgc,1,0.0096616056014298,0.0506622194396922,0.164,0.002
25133,878,dens_1087422962538109584,878,Density,<Substance CCCCCC(C)=O{solv}{x=0.449900}|CCCCNCCCC{solv}{x=0.550100}>,CCCCCC(C)=O,CCCCNCCCC,openff-2.2.1-ashgc,1,0.7719408416128575,0.0001929177726253,0.7778490000000002,9.250000000000004e-05
25134,879,dens_1830187222448876426,879,Density,<Substance CCCCCC(C)=O{solv}{x=0.209700}|CCCCNCCCC{solv}{x=0.790300}>,CCCCCC(C)=O,CCCCNCCCC,openff-2.2.1-ashgc,1,0.7626523969839101,0.0001877195395389,0.7655110000000002,8.400000000000002e-05
25135,880,dens_2113849591242853193,880,Density,<Substance CCCCCC(C)=O{solv}{x=0.750900}|CCCCNCCCC{solv}{x=0.249100}>,CCCCCC(C)=O,CCCCNCCCC,openff-2.2.1-ashgc,1,0.7847372492099429,0.0001840722539288,0.7951660000000003,0.000105
25136,881,dhmix_2131918011494960609,881,EnthalpyOfMixing,<Substance CCCCCC(C)=O{solv}{x=0.294700}|CCCCNCCCC{solv}{x=0.705300}>,CCCCCC(C)=O,CCCCNCCCC,openff-2.2.1-ashgc,1,-0.0152422759738044,0.0437731481676951,0.256,0.003
25137,882,dhmix_618866445574413387,882,EnthalpyOfMixing,<Substance C1CCOCC1{solv}{x=0.442500}|Cc1ccccc1C{solv}{x=0.557500}>,C1CCOCC1,Cc1ccccc1C,openff-2.2.1-ashgc,1,-0.0621550426821357,0.0345979693642846,-0.0342,0.0006
25138,883,dens_643927890193937545,883,Density,<Substance C1CCOCC1{solv}{x=0.518700}|Cc1ccccc1C{solv}{x=0.481300}>,C1CCOCC1,Cc1ccccc1C,openff-2.2.1-ashgc,1,0.8574513392968838,0.0002339492746853,0.8779900000000003,0.0005
25139,884,dhmix_1129414916141538177,884,EnthalpyOfMixing,<Substance C1CCOCC1{solv}{x=0.744300}|Cc1ccccc1C{solv}{x=0.255700}>,C1CCOCC1,Cc1ccccc1C,openff-2.2.1-ashgc,1,-0.0094897547527352,0.0420489819201721,0.0421,0.00065
25140,885,dens_1429468909820653032,885,Density,<Substance C1CCOCC1{solv}{x=0.231800}|Cc1ccccc1C{solv}{x=0.768200}>,C1CCOCC1,Cc1ccccc1C,openff-2.2.1-ashgc,1,0.8537753528015175,0.0002201723258548,0.8770400000000002,0.0005
25141,886,dens_1442497603142913792,886,Density,<Substance C1CCOCC1{solv}{x=0.772900}|Cc1ccccc1C{solv}{x=0.227100}>,C1CCOCC1,Cc1ccccc1C,openff-2.2.1-ashgc,1,0.8617471407002689,0.0001699472707118,0.8787800000000002,0.000505
25142,887,dhmix_2268256048157488415,887,EnthalpyOfMixing,<Substance C1CCOCC1{solv}{x=0.245400}|Cc1ccccc1C{solv}{x=0.754600}>,C1CCOCC1,Cc1ccccc1C,openff-2.2.1-ashgc,1,-0.0644664640795298,0.0426088969641919,-0.0613,0.00085
25143,888,dens_626398848152359169,888,Density,<Substance C1COCCN1{solv}{x=0.498000}|O{solv}{x=0.502000}>,C1COCCN1,O,openff-2.2.1-ashgc,1,1.0390741259960914,0.0003260235946218,1.0255000000000003,0.00255
25144,889,dhmix_773913810754342365,889,EnthalpyOfMixing,<Substance C1COCCN1{solv}{x=0.714900}|O{solv}{x=0.285100}>,C1COCCN1,O,openff-2.2.1-ashgc,1,-1.7695312369672251,0.0339500058802538,-1.753,0.019
25145,890,dhmix_1012297674499495059,890,EnthalpyOfMixing,<Substance C1COCCN1{solv}{x=0.201000}|O{solv}{x=0.799000}>,C1COCCN1,O,openff-2.2.1-ashgc,1,-1.3032687941261525,0.0230452804470646,-2.758,0.0295
25146,891,dens_1167008264969667349,891,Density,<Substance C1COCCN1{solv}{x=0.793000}|O{solv}{x=0.207000}>,C1COCCN1,O,openff-2.2.1-ashgc,1,1.0427472990162825,0.0003450040271343,1.0057000000000005,0.00245
25147,892,dhmix_1871930573512426354,892,EnthalpyOfMixing,<Substance C1COCCN1{solv}{x=0.491100}|O{solv}{x=0.508900}>,C1COCCN1,O,openff-2.2.1-ashgc,1,-2.1663601967958357,0.043555767903072,-3.131,0.0335
25148,893,dens_2014911999593579414,893,Density,<Substance C1COCCN1{solv}{x=0.298000}|O{solv}{x=0.702000}>,C1COCCN1,O,openff-2.2.1-ashgc,1,1.0296094699294367,0.0003507064574988,1.0309000000000004,0.00255
25149,894,dens_627753907231278660,894,Density,<Substance CCC(C)=O{solv}{x=0.753100}|CCCNCCC{solv}{x=0.246900}>,CCC(C)=O,CCCNCCC,openff-2.2.1-ashgc,1,0.7594963968532159,0.0002332327147113,0.7771510000000001,0.000109
25150,895,dens_674236159588910357,895,Density,<Substance CCC(C)=O{solv}{x=0.244600}|CCCNCCC{solv}{x=0.755400}>,CCC(C)=O,CCCNCCC,openff-2.2.1-ashgc,1,0.7389396797299307,0.0002095654277119,0.7446230000000003,0.0001405
25151,896,dhmix_749228177959685874,896,EnthalpyOfMixing,<Substance CCC(C)=O{solv}{x=0.235300}|CCCNCCC{solv}{x=0.764700}>,CCC(C)=O,CCCNCCC,openff-2.2.1-ashgc,1,0.0819593972934242,0.0459582057465386,0.299,0.0035
25152,897,dhmix_1706960823617656563,897,EnthalpyOfMixing,<Substance CCC(C)=O{solv}{x=0.698400}|CCCNCCC{solv}{x=0.301600}>,CCC(C)=O,CCCNCCC,openff-2.2.1-ashgc,1,-0.0017667139020218,0.0446223008962971,0.334,0.0035
25153,898,dhmix_2102794241345605516,898,EnthalpyOfMixing,<Substance CCC(C)=O{solv}{x=0.505000}|CCCNCCC{solv}{x=0.495000}>,CCC(C)=O,CCCNCCC,openff-2.2.1-ashgc,1,0.0545961011076343,0.0450209582162826,0.397,0.0045
25154,899,dens_2224864308887622456,899,Density,<Substance CCC(C)=O{solv}{x=0.500600}|CCCNCCC{solv}{x=0.499400}>,CCC(C)=O,CCCNCCC,openff-2.2.1-ashgc,1,0.7486178721588159,0.0002405189733111,0.7590400000000002,0.000125
25155,900,dhmix_628329103086906726,900,EnthalpyOfMixing,<Substance CC1CCCCC1{solv}{x=0.250400}|CCCO{solv}{x=0.749600}>,CC1CCCCC1,CCCO,openff-2.2.1-ashgc,1,0.5005389317898263,0.0425324578132362,0.321,0.0055
25156,901,dhmix_989207392771680315,901,EnthalpyOfMixing,<Substance CC1CCCCC1{solv}{x=0.750500}|CCCO{solv}{x=0.249500}>,CC1CCCCC1,CCCO,openff-2.2.1-ashgc,1,0.6177166203107163,0.0499022568613391,0.574,0.0055
25157,902,dens_1351260115393741606,902,Density,<Substance CC1CCCCC1{solv}{x=0.503100}|CCCO{solv}{x=0.496900}>,CC1CCCCC1,CCCO,openff-2.2.1-ashgc,1,0.7661527954283591,0.0002417411164463,0.7785600000000001,0.0039
25158,903,dens_1376195506089851480,903,Density,<Substance CC1CCCCC1{solv}{x=0.202700}|CCCO{solv}{x=0.797300}>,CC1CCCCC1,CCCO,openff-2.2.1-ashgc,1,0.779685818040921,0.0002661481993941,0.7942000000000002,0.00398
25159,904,dens_1501229836503112732,904,Density,<Substance CC1CCCCC1{solv}{x=0.799000}|CCCO{solv}{x=0.201000}>,CC1CCCCC1,CCCO,openff-2.2.1-ashgc,1,0.7586988424253518,0.0002248095233869,0.7688300000000002,0.003855
25160,905,dhmix_2109805019413953371,905,EnthalpyOfMixing,<Substance CC1CCCCC1{solv}{x=0.500400}|CCCO{solv}{x=0.499600}>,CC1CCCCC1,CCCO,openff-2.2.1-ashgc,1,0.8266347172563684,0.0354178501908237,0.533,0.0055
25161,906,dhmix_634764080264908666,906,EnthalpyOfMixing,<Substance OCCN1CCOCC1{solv}{x=0.498900}|O{solv}{x=0.501100}>,O,OCCN1CCOCC1,openff-2.2.1-ashgc,1,-2.50075242626572,0.033195072142614,-2.2633,0.02415
25162,907,dens_707792343667224312,907,Density,<Substance OCCN1CCOCC1{solv}{x=0.246600}|O{solv}{x=0.753400}>,O,OCCN1CCOCC1,openff-2.2.1-ashgc,1,1.0671599906626352,0.0005236964606906,1.0838100000000002,0.00154
25163,908,dhmix_1064373607860850902,908,EnthalpyOfMixing,<Substance OCCN1CCOCC1{solv}{x=0.694900}|O{solv}{x=0.305100}>,O,OCCN1CCOCC1,openff-2.2.1-ashgc,1,-2.533641206338501,0.0423835123176691,-1.7936,0.01915
25164,909,dhmix_1846281306963870091,909,EnthalpyOfMixing,<Substance OCCN1CCOCC1{solv}{x=0.300200}|O{solv}{x=0.699800}>,O,OCCN1CCOCC1,openff-2.2.1-ashgc,1,-1.8580532268471688,0.0501829444113679,-2.426,0.026
25165,910,dens_2238932092645470826,910,Density,<Substance OCCN1CCOCC1{solv}{x=0.743900}|O{solv}{x=0.256100}>,O,OCCN1CCOCC1,openff-2.2.1-ashgc,1,1.0845822941388774,0.0001645942399284,1.08031,0.001565
25166,911,dens_2269173599223764079,911,Density,<Substance OCCN1CCOCC1{solv}{x=0.485200}|O{solv}{x=0.514800}>,O,OCCN1CCOCC1,openff-2.2.1-ashgc,1,1.079431543587445,0.0003862542739243,1.0866900000000004,0.00159
25167,912,dhmix_636778454546345333,912,EnthalpyOfMixing,<Substance C1CCCCC1{solv}{x=0.506300}|CNc1ccccc1{solv}{x=0.493700}>,C1CCCCC1,CNc1ccccc1,openff-2.2.1-ashgc,1,2.2310142348000284,0.0467677139952456,1.628,0.0175
25168,913,dens_1209163492396921559,913,Density,<Substance C1CCCCC1{solv}{x=0.247000}|CNc1ccccc1{solv}{x=0.753000}>,C1CCCCC1,CNc1ccccc1,openff-2.2.1-ashgc,1,0.924091620178206,0.0002909765220783,0.9289450000000002,0.000272
25169,914,dens_1438140901521078017,914,Density,<Substance C1CCCCC1{solv}{x=0.494500}|CNc1ccccc1{solv}{x=0.505500}>,C1CCCCC1,CNc1ccccc1,openff-2.2.1-ashgc,1,0.8637336090073365,0.0002230407263034,0.8759620000000002,0.0001835
25170,915,dens_1482697199055102595,915,Density,<Substance C1CCCCC1{solv}{x=0.746400}|CNc1ccccc1{solv}{x=0.253600}>,C1CCCCC1,CNc1ccccc1,openff-2.2.1-ashgc,1,0.8039295175041028,0.0002143270782502,0.8233530000000001,0.000138
25171,916,dhmix_1832297119731463766,916,EnthalpyOfMixing,<Substance C1CCCCC1{solv}{x=0.204700}|CNc1ccccc1{solv}{x=0.795300}>,C1CCCCC1,CNc1ccccc1,openff-2.2.1-ashgc,1,1.694034366633062,0.0407164164966082,0.972,0.0105
25172,917,dhmix_1889368397403208807,917,EnthalpyOfMixing,<Substance C1CCCCC1{solv}{x=0.706600}|CNc1ccccc1{solv}{x=0.293400}>,C1CCCCC1,CNc1ccccc1,openff-2.2.1-ashgc,1,1.9615961711446912,0.0427328355133755,1.521,0.0165
25173,918,dhmix_637657437173907469,918,EnthalpyOfMixing,<Substance CC(C)=O{solv}{x=0.709700}|CNc1ccccc1{solv}{x=0.290300}>,CC(C)=O,CNc1ccccc1,openff-2.2.1-ashgc,1,-0.5887404430829513,0.0331817054983133,-0.525,0.0055
25174,919,dhmix_817594693007274900,919,EnthalpyOfMixing,<Substance CC(C)=O{solv}{x=0.231600}|CNc1ccccc1{solv}{x=0.768400}>,CC(C)=O,CNc1ccccc1,openff-2.2.1-ashgc,1,-0.6698593736047807,0.0492836823759292,-0.5,0.0055
25175,920,dens_830664987854613197,920,Density,<Substance CC(C)=O{solv}{x=0.250300}|CNc1ccccc1{solv}{x=0.749700}>,CC(C)=O,CNc1ccccc1,openff-2.2.1-ashgc,1,0.9527838788553578,0.0001763506707227,0.9502900000000002,0.0003395
25176,921,dhmix_1052042310023734389,921,EnthalpyOfMixing,<Substance CC(C)=O{solv}{x=0.508600}|CNc1ccccc1{solv}{x=0.491400}>,CC(C)=O,CNc1ccccc1,openff-2.2.1-ashgc,1,-0.7464550622163664,0.0401972625876788,-0.672,0.0075
25177,922,dens_1302333367899693905,922,Density,<Substance CC(C)=O{solv}{x=0.750600}|CNc1ccccc1{solv}{x=0.249400}>,CC(C)=O,CNc1ccccc1,openff-2.2.1-ashgc,1,0.8447902668990648,0.0002488458634642,0.8565010000000002,0.000231
25178,923,dens_1582643029733708616,923,Density,<Substance CC(C)=O{solv}{x=0.494800}|CNc1ccccc1{solv}{x=0.505200}>,CC(C)=O,CNc1ccccc1,openff-2.2.1-ashgc,1,0.9064428601886622,0.0002428686556486,0.9107940000000002,0.000263
25179,924,dens_650566412384126439,924,Density,<Substance CC(C)CC(C)(C)C{solv}{x=0.158800}|CCCCC(=O)OC{solv}{x=0.841200}>,CC(C)CC(C)(C)C,CCCCC(=O)OC,openff-2.2.1-ashgc,1,0.8456625604573709,0.0002160099961416,0.8463800000000002,0.000505
25180,925,dhmix_986100941633296124,925,EnthalpyOfMixing,<Substance CC(C)CC(C)(C)C{solv}{x=0.481800}|CCCCC(=O)OC{solv}{x=0.518200}>,CC(C)CC(C)(C)C,CCCCC(=O)OC,openff-2.2.1-ashgc,1,1.3155533705282352,0.04507260908404,0.866,0.0095
25181,926,dens_1095352626338523806,926,Density,<Substance CC(C)CC(C)(C)C{solv}{x=0.742500}|CCCCC(=O)OC{solv}{x=0.257500}>,CC(C)CC(C)(C)C,CCCCC(=O)OC,openff-2.2.1-ashgc,1,0.7396696004165851,0.0001808344697424,0.7289800000000002,0.000505
25182,927,dens_1260001645299629257,927,Density,<Substance CC(C)CC(C)(C)C{solv}{x=0.498400}|CCCCC(=O)OC{solv}{x=0.501600}>,CC(C)CC(C)(C)C,CCCCC(=O)OC,openff-2.2.1-ashgc,1,0.7803248397648282,0.0002099276882819,0.7738400000000002,0.000505
25183,928,dhmix_1505455794590867712,928,EnthalpyOfMixing,<Substance CC(C)CC(C)(C)C{solv}{x=0.158900}|CCCCC(=O)OC{solv}{x=0.841100}>,CC(C)CC(C)(C)C,CCCCC(=O)OC,openff-2.2.1-ashgc,1,0.6380960925590884,0.0492368450851789,0.438,0.005
25184,929,dhmix_1888614200283593194,929,EnthalpyOfMixing,<Substance CC(C)CC(C)(C)C{solv}{x=0.781300}|CCCCC(=O)OC{solv}{x=0.218700}>,CC(C)CC(C)(C)C,CCCCC(=O)OC,openff-2.2.1-ashgc,1,1.1131399448623398,0.04365586074132,0.658,0.007
25185,930,dhmix_657900975986635712,930,EnthalpyOfMixing,<Substance Cc1ccccc1N{solv}{x=0.782700}|Cc1ccncc1{solv}{x=0.217300}>,Cc1ccccc1N,Cc1ccncc1,openff-2.2.1-ashgc,1,-0.9598166952310336,0.0438452834309326,-0.8885,0.0182
25186,931,dhmix_727678512066874384,931,EnthalpyOfMixing,<Substance Cc1ccccc1N{solv}{x=0.478300}|Cc1ccncc1{solv}{x=0.521700}>,Cc1ccccc1N,Cc1ccncc1,openff-2.2.1-ashgc,1,-1.7007002460900935,0.0433512259267127,-1.4295,0.0291
25187,932,dhmix_860941552641107708,932,EnthalpyOfMixing,<Substance Cc1ccccc1N{solv}{x=0.271500}|Cc1ccncc1{solv}{x=0.728500}>,Cc1ccccc1N,Cc1ccncc1,openff-2.2.1-ashgc,1,-1.3588935226038783,0.0406063701395695,-1.1791,0.02405
25188,933,dens_1148106102021344214,933,Density,<Substance Cc1ccccc1N{solv}{x=0.265500}|Cc1ccncc1{solv}{x=0.734500}>,Cc1ccccc1N,Cc1ccncc1,openff-2.2.1-ashgc,1,0.9648372921149088,0.0002303607388061,0.9662520000000002,0.00012
25189,934,dens_1294189007890656769,934,Density,<Substance Cc1ccccc1N{solv}{x=0.486300}|Cc1ccncc1{solv}{x=0.513700}>,Cc1ccccc1N,Cc1ccncc1,openff-2.2.1-ashgc,1,0.9803302679955423,0.0002008539780342,0.9765780000000002,0.000119
25190,935,dens_1461384477504239974,935,Density,<Substance Cc1ccccc1N{solv}{x=0.767400}|Cc1ccncc1{solv}{x=0.232600}>,Cc1ccccc1N,Cc1ccncc1,openff-2.2.1-ashgc,1,0.9982133305921916,0.0002355117306601,0.9868740000000004,0.000118
25191,936,dens_671712471159959715,936,Density,<Substance CCCCCCN{solv}{x=0.294400}|CN(C)C=O{solv}{x=0.705600}>,CCCCCCN,CN(C)C=O,openff-2.2.1-ashgc,1,0.8607174211202768,0.0002392766402365,0.8676880000000002,0.001057
25192,937,dhmix_791979567859859400,937,EnthalpyOfMixing,<Substance CCCCCCN{solv}{x=0.747800}|CN(C)C=O{solv}{x=0.252200}>,CCCCCCN,CN(C)C=O,openff-2.2.1-ashgc,1,0.5823224553601705,0.04247307793957,0.461,0.015
25193,938,dens_812907294215791908,938,Density,<Substance CCCCCCN{solv}{x=0.450000}|CN(C)C=O{solv}{x=0.550000}>,CCCCCCN,CN(C)C=O,openff-2.2.1-ashgc,1,0.8374263911677674,0.0001929892469437,0.8367510000000001,0.001016
25194,939,dhmix_1553880519684715156,939,EnthalpyOfMixing,<Substance CCCCCCN{solv}{x=0.249700}|CN(C)C=O{solv}{x=0.750300}>,CCCCCCN,CN(C)C=O,openff-2.2.1-ashgc,1,0.4274199710816617,0.0403241562144016,0.51,0.0165
25195,940,dens_1658157305664412923,940,Density,<Substance CCCCCCN{solv}{x=0.745200}|CN(C)C=O{solv}{x=0.254800}>,CCCCCCN,CN(C)C=O,openff-2.2.1-ashgc,1,0.8019602468026891,0.0001675949352381,0.7905460000000002,0.0009575
25196,941,dhmix_2271922176351407084,941,EnthalpyOfMixing,<Substance CCCCCCN{solv}{x=0.499700}|CN(C)C=O{solv}{x=0.500300}>,CCCCCCN,CN(C)C=O,openff-2.2.1-ashgc,1,0.5595287945501752,0.0355833336635605,0.661,0.02
25197,942,dhmix_676105854791415053,942,EnthalpyOfMixing,<Substance C=C(C)[C@H]1CC=C(C)CC1{solv}{x=0.540000}|CCCCCO{solv}{x=0.460000}>,C=C(C)[C@H]1CC=C(C)CC1,CCCCCO,openff-2.2.1-ashgc,1,1.0805782410130007,0.0530395231080857,0.858,0.0345
25198,943,dhmix_865539540276734208,943,EnthalpyOfMixing,<Substance C=C(C)[C@H]1CC=C(C)CC1{solv}{x=0.766000}|CCCCCO{solv}{x=0.234000}>,C=C(C)[C@H]1CC=C(C)CC1,CCCCCO,openff-2.2.1-ashgc,1,1.1185273902751476,0.0505356567705333,0.782,0.0315
25199,944,dens_1544700949225348296,944,Density,<Substance C=C(C)[C@H]1CC=C(C)CC1{solv}{x=0.263500}|CCCCCO{solv}{x=0.736500}>,C=C(C)[C@H]1CC=C(C)CC1,CCCCCO,openff-2.2.1-ashgc,1,0.8129266038256028,0.0001596801557175,0.8238000000000002,0.0002
25200,945,dens_1638649899512334435,945,Density,<Substance C=C(C)[C@H]1CC=C(C)CC1{solv}{x=0.543500}|CCCCCO{solv}{x=0.456500}>,C=C(C)[C@H]1CC=C(C)CC1,CCCCCO,openff-2.2.1-ashgc,1,0.8148406833753458,0.0002027070658509,0.8312000000000003,0.0003
25201,946,dens_2014432371647189246,946,Density,<Substance C=C(C)[C@H]1CC=C(C)CC1{solv}{x=0.725200}|CCCCCO{solv}{x=0.274800}>,C=C(C)[C@H]1CC=C(C)CC1,CCCCCO,openff-2.2.1-ashgc,1,0.8167805605833993,0.0001578276036762,0.8354000000000001,0.00035
25202,947,dhmix_2293008983270202716,947,EnthalpyOfMixing,<Substance C=C(C)[C@H]1CC=C(C)CC1{solv}{x=0.272000}|CCCCCO{solv}{x=0.728000}>,C=C(C)[C@H]1CC=C(C)CC1,CCCCCO,openff-2.2.1-ashgc,1,0.7108788610932066,0.0491968917549846,0.532,0.0215
25203,948,dens_680086766431069719,948,Density,<Substance CN1CCNCC1{solv}{x=0.209100}|O{solv}{x=0.790900}>,CN1CCNCC1,O,openff-2.2.1-ashgc,1,0.9916691185682912,0.0004330245564467,1.0013300000000005,4.000000000000001e-05
25204,949,dhmix_979415629850644100,949,EnthalpyOfMixing,<Substance CN1CCNCC1{solv}{x=0.199800}|O{solv}{x=0.800200}>,CN1CCNCC1,O,openff-2.2.1-ashgc,1,-3.7609758234884936,0.0275685147037138,-4.495,0.048
25205,950,dhmix_1386641258873877278,950,EnthalpyOfMixing,<Substance CN1CCNCC1{solv}{x=0.792600}|O{solv}{x=0.207400}>,CN1CCNCC1,O,openff-2.2.1-ashgc,1,-1.155382472328256,0.0406073745535591,-1.753,0.019
25206,951,dhmix_1572121970391530461,951,EnthalpyOfMixing,<Substance CN1CCNCC1{solv}{x=0.550000}|O{solv}{x=0.450000}>,CN1CCNCC1,O,openff-2.2.1-ashgc,1,-3.1668513428209906,0.0378912296822715,-3.547,0.038
25207,952,dens_1756096179620961699,952,Density,<Substance CN1CCNCC1{solv}{x=0.510900}|O{solv}{x=0.489100}>,CN1CCNCC1,O,openff-2.2.1-ashgc,1,0.9684193998750568,0.0004606127461737,0.9464100000000002,7.000000000000002e-05
25208,953,dens_1892970147583328629,953,Density,<Substance CN1CCNCC1{solv}{x=0.706500}|O{solv}{x=0.293500}>,CN1CCNCC1,O,openff-2.2.1-ashgc,1,0.9552951729042786,0.0002920887806015,0.9223100000000002,8.500000000000002e-05
25209,954,dhmix_681274412655414068,954,EnthalpyOfMixing,<Substance CCCOC(=O)CC{solv}{x=0.739400}|Cc1ccccc1{solv}{x=0.260600}>,CCCOC(=O)CC,Cc1ccccc1,openff-2.2.1-ashgc,1,-0.2209771846791994,0.0461726555849021,-0.1135,0.0033
25210,955,dhmix_720914323963600437,955,EnthalpyOfMixing,<Substance CCCOC(=O)CC{solv}{x=0.238900}|Cc1ccccc1{solv}{x=0.761100}>,CCCOC(=O)CC,Cc1ccccc1,openff-2.2.1-ashgc,1,-0.2687241332655503,0.0451530999633816,-0.1404,0.0037
25211,956,dens_1397630560016316656,956,Density,<Substance CCCOC(=O)CC{solv}{x=0.274700}|Cc1ccccc1{solv}{x=0.725300}>,CCCOC(=O)CC,Cc1ccccc1,openff-2.2.1-ashgc,1,0.854659291382063,0.0002212066492067,0.8675700000000003,0.00018
25212,957,dhmix_1646061995263935606,957,EnthalpyOfMixing,<Substance CCCOC(=O)CC{solv}{x=0.548600}|Cc1ccccc1{solv}{x=0.451400}>,CCCOC(=O)CC,Cc1ccccc1,openff-2.2.1-ashgc,1,-0.3036412233221028,0.0477877309235379,-0.1583,0.004
25213,958,dens_1792064777238352129,958,Density,<Substance CCCOC(=O)CC{solv}{x=0.490700}|Cc1ccccc1{solv}{x=0.509300}>,CCCOC(=O)CC,Cc1ccccc1,openff-2.2.1-ashgc,1,0.8603275187725615,0.0002287364750628,0.8707300000000002,0.00019
25214,959,dens_1826904081955826008,959,Density,<Substance CCCOC(=O)CC{solv}{x=0.734600}|Cc1ccccc1{solv}{x=0.265400}>,CCCOC(=O)CC,Cc1ccccc1,openff-2.2.1-ashgc,1,0.8653263769688639,0.0002263259507998,0.8734100000000001,0.00021
25215,960,dens_685747331874801159,960,Density,<Substance CN1CCOCC1{solv}{x=0.498300}|O{solv}{x=0.501700}>,CN1CCOCC1,O,openff-2.2.1-ashgc,1,0.9721484726757194,0.0003164908741885,0.9627600000000002,0.00084
25216,961,dens_1087644349445114282,961,Density,<Substance CN1CCOCC1{solv}{x=0.253800}|O{solv}{x=0.746200}>,CN1CCOCC1,O,openff-2.2.1-ashgc,1,0.9803965837998206,0.0003510117413371,0.9918800000000002,0.00059
25217,962,dens_1374975991061431070,962,Density,<Substance CN1CCOCC1{solv}{x=0.758700}|O{solv}{x=0.241300}>,CN1CCOCC1,O,openff-2.2.1-ashgc,1,0.9577945439264448,0.0002822937303977,0.9345300000000002,0.00112
25218,963,dhmix_686592400130667234,963,EnthalpyOfMixing,<Substance BrCCCBr{solv}{x=0.231300}|COC(C)=O{solv}{x=0.768700}>,BrCCCBr,COC(C)=O,openff-2.2.1-ashgc,1,0.1357438248082232,0.0360752683635355,0.2115,0.0024
25219,964,dhmix_691866222529030049,964,EnthalpyOfMixing,<Substance BrCCCBr{solv}{x=0.504200}|COC(C)=O{solv}{x=0.495800}>,BrCCCBr,COC(C)=O,openff-2.2.1-ashgc,1,0.2296140209884019,0.035551841870405,0.3912,0.0038
25220,965,dens_1032175440351342196,965,Density,<Substance BrCCCBr{solv}{x=0.243500}|COC(C)=O{solv}{x=0.756500}>,BrCCCBr,COC(C)=O,openff-2.2.1-ashgc,1,1.21714882220165,0.000352614590314,1.2277600000000002,0.00096
25221,966,dens_1180265274183315765,966,Density,<Substance BrCCCBr{solv}{x=0.713800}|COC(C)=O{solv}{x=0.286200}>,BrCCCBr,COC(C)=O,openff-2.2.1-ashgc,1,1.6706424207684727,0.000405591705574,1.7174300000000005,0.002745
25222,967,dhmix_1380172638999588939,967,EnthalpyOfMixing,<Substance BrCCCBr{solv}{x=0.759400}|COC(C)=O{solv}{x=0.240600}>,BrCCCBr,COC(C)=O,openff-2.2.1-ashgc,1,0.2032943537741722,0.0377455965317336,0.313,0.0032
25223,968,dens_1697077234757321859,968,Density,<Substance BrCCCBr{solv}{x=0.525600}|COC(C)=O{solv}{x=0.474400}>,BrCCCBr,COC(C)=O,openff-2.2.1-ashgc,1,1.5027484340869222,0.0004229078684624,1.5338800000000006,0.001965
25224,969,dens_693154680723850561,969,Density,<Substance CN1CCCC1=O{solv}{x=0.756400}|Cc1ccccc1{solv}{x=0.243600}>,CN1CCCC1=O,Cc1ccccc1,openff-2.2.1-ashgc,1,0.9586542809020798,0.0002155954452349,0.9854500000000004,0.00034
25225,970,dhmix_1759507684169085916,970,EnthalpyOfMixing,<Substance CN1CCCC1=O{solv}{x=0.741800}|Cc1ccccc1{solv}{x=0.258200}>,CN1CCCC1=O,Cc1ccccc1,openff-2.2.1-ashgc,1,-0.0943889344334394,0.0451494491296944,-0.2141,0.0024
25226,971,dens_1796497685752507694,971,Density,<Substance CN1CCCC1=O{solv}{x=0.481500}|Cc1ccccc1{solv}{x=0.518500}>,CN1CCCC1=O,Cc1ccccc1,openff-2.2.1-ashgc,1,0.9176130765902404,0.000252919349868,0.9415400000000002,0.00028
25227,972,dhmix_1857599089574133884,972,EnthalpyOfMixing,<Substance CN1CCCC1=O{solv}{x=0.223100}|Cc1ccccc1{solv}{x=0.776900}>,CN1CCCC1=O,Cc1ccccc1,openff-2.2.1-ashgc,1,-0.0755331671157506,0.0471141037459763,-0.1889,0.00215
25228,973,dens_1886489466266398819,973,Density,<Substance CN1CCCC1=O{solv}{x=0.221600}|Cc1ccccc1{solv}{x=0.778400}>,CN1CCCC1=O,Cc1ccccc1,openff-2.2.1-ashgc,1,0.8867488689851518,0.0002348921294026,0.9061600000000002,0.00076
25229,974,dhmix_2238554893157725289,974,EnthalpyOfMixing,<Substance CN1CCCC1=O{solv}{x=0.482100}|Cc1ccccc1{solv}{x=0.517900}>,CN1CCCC1=O,Cc1ccccc1,openff-2.2.1-ashgc,1,-0.0991151522681192,0.0448361661922109,-0.2985,0.0033
25230,975,dens_717951284355382404,975,Density,<Substance CN1CCCC1=O{solv}{x=0.702300}|ClCCCCCCCl{solv}{x=0.297700}>,CN1CCCC1=O,ClCCCCCCCl,openff-2.2.1-ashgc,1,1.0221957636042165,0.0001945342684028,1.0416,0.0003
25231,976,dhmix_859697969059379656,976,EnthalpyOfMixing,<Substance CN1CCCC1=O{solv}{x=0.503000}|ClCCCCCCCl{solv}{x=0.497000}>,CN1CCCC1=O,ClCCCCCCCl,openff-2.2.1-ashgc,1,0.2750555545080217,0.0357865843988249,-0.2,0.0025
25232,977,dhmix_916885053388204545,977,EnthalpyOfMixing,<Substance CN1CCCC1=O{solv}{x=0.212000}|ClCCCCCCCl{solv}{x=0.788000}>,CN1CCCC1=O,ClCCCCCCCl,openff-2.2.1-ashgc,1,0.1774805886948343,0.0375728308420342,-0.13,0.002
25233,978,dens_1483670447992291960,978,Density,<Substance CN1CCCC1=O{solv}{x=0.201600}|ClCCCCCCCl{solv}{x=0.798400}>,CN1CCCC1=O,ClCCCCCCCl,openff-2.2.1-ashgc,1,1.0484959473084596,0.0002284551009922,1.0584000000000005,0.00055
25234,979,dens_1896555095774116819,979,Density,<Substance CN1CCCC1=O{solv}{x=0.504900}|ClCCCCCCCl{solv}{x=0.495100}>,CN1CCCC1=O,ClCCCCCCCl,openff-2.2.1-ashgc,1,1.033361662984047,0.0002619496193699,1.0490000000000002,0.00035
25235,980,dhmix_2039443272323887912,980,EnthalpyOfMixing,<Substance CN1CCCC1=O{solv}{x=0.797000}|ClCCCCCCCl{solv}{x=0.203000}>,CN1CCCC1=O,ClCCCCCCCl,openff-2.2.1-ashgc,1,0.2732855398013321,0.0439150622072619,-0.123,0.002
25236,981,dhmix_729169544598225866,981,EnthalpyOfMixing,<Substance CN(C)C=O{solv}{x=0.203000}|ClCCCCCCCl{solv}{x=0.797000}>,CN(C)C=O,ClCCCCCCCl,openff-2.2.1-ashgc,1,0.5545058459282046,0.047862345870041,0.195,0.0025
25237,982,dhmix_1359105787212172230,982,EnthalpyOfMixing,<Substance CN(C)C=O{solv}{x=0.796000}|ClCCCCCCCl{solv}{x=0.204000}>,CN(C)C=O,ClCCCCCCCl,openff-2.2.1-ashgc,1,0.3685627183144646,0.0406380562853318,0.24,0.0025
25238,983,dhmix_1534380829757525169,983,EnthalpyOfMixing,<Substance CN(C)C=O{solv}{x=0.498000}|ClCCCCCCCl{solv}{x=0.502000}>,CN(C)C=O,ClCCCCCCCl,openff-2.2.1-ashgc,1,0.7119933078887328,0.0325576454542854,0.34,0.0025
25239,984,dens_1752369236407148840,984,Density,<Substance CN(C)C=O{solv}{x=0.503300}|ClCCCCCCCl{solv}{x=0.496700}>,CN(C)C=O,ClCCCCCCCl,openff-2.2.1-ashgc,1,1.0039898552866764,0.0002311888042257,1.0190000000000003,0.00155
25240,985,dens_2070195997725277466,985,Density,<Substance CN(C)C=O{solv}{x=0.703400}|ClCCCCCCCl{solv}{x=0.296600}>,CN(C)C=O,ClCCCCCCCl,openff-2.2.1-ashgc,1,0.975026279982954,0.0002551349694996,0.9943000000000002,0.0017
25241,986,dens_2171945276872385012,986,Density,<Substance CN(C)C=O{solv}{x=0.201300}|ClCCCCCCCl{solv}{x=0.798700}>,CN(C)C=O,ClCCCCCCCl,openff-2.2.1-ashgc,1,1.0376153770645469,0.0002280664854289,1.0486000000000002,0.0014
25242,987,dens_741100297092592576,987,Density,<Substance C1CCCCC1{solv}{x=0.265900}|C1CCOCC1{solv}{x=0.734100}>,C1CCCCC1,C1CCOCC1,openff-2.2.1-ashgc,1,0.8308171000726104,0.0002587074028752,0.8470300000000002,0.000505
25243,988,dens_1002639246322609242,988,Density,<Substance C1CCCCC1{solv}{x=0.762200}|C1CCOCC1{solv}{x=0.237800}>,C1CCCCC1,C1CCOCC1,openff-2.2.1-ashgc,1,0.7741619661020299,0.0001950671313953,0.7952000000000002,0.000505
25244,989,dhmix_1171155554844966705,989,EnthalpyOfMixing,<Substance C1CCCCC1{solv}{x=0.247100}|C1CCOCC1{solv}{x=0.752900}>,C1CCCCC1,C1CCOCC1,openff-2.2.1-ashgc,1,0.5475184106512501,0.0430016968450372,0.3613,0.00395
25245,990,dens_2142973677177666085,990,Density,<Substance C1CCCCC1{solv}{x=0.501800}|C1CCOCC1{solv}{x=0.498200}>,C1CCCCC1,C1CCOCC1,openff-2.2.1-ashgc,1,0.8023230758833185,0.0002237902974846,0.8211500000000002,0.000505
25246,991,dhmix_2195791820105752985,991,EnthalpyOfMixing,<Substance C1CCCCC1{solv}{x=0.726600}|C1CCOCC1{solv}{x=0.273400}>,C1CCCCC1,C1CCOCC1,openff-2.2.1-ashgc,1,0.5566410593858393,0.0480101539296126,0.4424,0.00485
25247,992,dhmix_2296999979529762407,992,EnthalpyOfMixing,<Substance C1CCCCC1{solv}{x=0.499000}|C1CCOCC1{solv}{x=0.501000}>,C1CCCCC1,C1CCOCC1,openff-2.2.1-ashgc,1,0.6513304704400724,0.0309338080274383,0.526,0.0055
25248,993,dhmix_744994939606384802,993,EnthalpyOfMixing,<Substance CO{solv}{x=0.300000}|O{solv}{x=0.700000}>,CO,O,openff-2.2.1-ashgc,1,0.1113230270789458,0.0209156259429359,-0.85,0.005
25249,994,dens_1085345433585028387,994,Density,<Substance CO{solv}{x=0.499700}|O{solv}{x=0.500300}>,CO,O,openff-2.2.1-ashgc,1,0.837998798010977,0.0004792642159155,0.8816900000000003,0.000165
25250,995,dhmix_1126710771921470495,995,EnthalpyOfMixing,<Substance CO{solv}{x=0.700000}|O{solv}{x=0.300000}>,CO,O,openff-2.2.1-ashgc,1,0.0265303481664616,0.0237487682557361,-0.583,0.0035
25251,996,dens_1258832080354057572,996,Density,<Substance CO{solv}{x=0.300300}|O{solv}{x=0.699700}>,CO,O,openff-2.2.1-ashgc,1,0.8850701868384995,0.0005499802488801,0.9252100000000004,0.000125
25252,997,dens_1758371820245200558,997,Density,<Substance CO{solv}{x=0.760500}|O{solv}{x=0.239500}>,CO,O,openff-2.2.1-ashgc,1,0.7943708205992902,0.0004216605402593,0.8289000000000002,0.0001
25253,998,dhmix_1824296469249495553,998,EnthalpyOfMixing,<Substance CO{solv}{x=0.500000}|O{solv}{x=0.500000}>,CO,O,openff-2.2.1-ashgc,1,0.1437170835745611,0.0227536509691904,-0.777,0.0045
25254,999,dhmix_753952445434773754,999,EnthalpyOfMixing,<Substance CCCCCCCCCl{solv}{x=0.493000}|CN1CCCC1=O{solv}{x=0.507000}>,CCCCCCCCCl,CN1CCCC1=O,openff-2.2.1-ashgc,1,1.1884092792942909,0.0498441354854085,0.638,0.0035
25255,1000,dhmix_1273186684325800862,1000,EnthalpyOfMixing,<Substance CCCCCCCCCl{solv}{x=0.783000}|CN1CCCC1=O{solv}{x=0.217000}>,CCCCCCCCCl,CN1CCCC1=O,openff-2.2.1-ashgc,1,0.922537190170317,0.0560788528825248,0.371,0.003
25256,1001,dhmix_1457789704046029008,1001,EnthalpyOfMixing,<Substance CCCCCCCCCl{solv}{x=0.202000}|CN1CCCC1=O{solv}{x=0.798000}>,CCCCCCCCCl,CN1CCCC1=O,openff-2.2.1-ashgc,1,0.8624579258257867,0.0461726393440696,0.5,0.0035
25257,1002,dens_1965529278608066299,1002,Density,<Substance CCCCCCCCCl{solv}{x=0.299500}|CN1CCCC1=O{solv}{x=0.700500}>,CCCCCCCCCl,CN1CCCC1=O,openff-2.2.1-ashgc,1,0.9410431196081092,0.0001551789229799,0.9598000000000002,0.00025
25258,1003,dens_2167805246575708222,1003,Density,<Substance CCCCCCCCCl{solv}{x=0.798600}|CN1CCCC1=O{solv}{x=0.201400}>,CCCCCCCCCl,CN1CCCC1=O,openff-2.2.1-ashgc,1,0.8781595710111465,0.0001742770840246,0.8888000000000001,0.00055
25259,1004,dens_2177162670107081086,1004,Density,<Substance CCCCCCCCCl{solv}{x=0.497900}|CN1CCCC1=O{solv}{x=0.502100}>,CCCCCCCCCl,CN1CCCC1=O,openff-2.2.1-ashgc,1,0.9115422779817324,0.0002021360412862,0.9269000000000002,0.00035
25260,1005,dhmix_756380521637559100,1005,EnthalpyOfMixing,<Substance C1COCCO1{solv}{x=0.500000}|O=C1CCCCC1{solv}{x=0.500000}>,C1COCCO1,O=C1CCCCC1,openff-2.2.1-ashgc,1,0.1087491435922771,0.0438336358086646,0.28584,0.00154
25261,1006,dens_1139761443535371798,1006,Density,<Substance C1COCCO1{solv}{x=0.459400}|O=C1CCCCC1{solv}{x=0.540600}>,C1COCCO1,O=C1CCCCC1,openff-2.2.1-ashgc,1,0.9579978686862964,0.0002238401126992,0.9762000000000004,0.00025
25262,1007,dhmix_1367833850972054360,1007,EnthalpyOfMixing,<Substance C1COCCO1{solv}{x=0.750000}|O=C1CCCCC1{solv}{x=0.250000}>,C1COCCO1,O=C1CCCCC1,openff-2.2.1-ashgc,1,0.2123699083889647,0.0420478531469496,0.23662,0.001355
25263,1008,dhmix_1533665710565492443,1008,EnthalpyOfMixing,<Substance C1COCCO1{solv}{x=0.250000}|O=C1CCCCC1{solv}{x=0.750000}>,C1COCCO1,O=C1CCCCC1,openff-2.2.1-ashgc,1,0.1072493282174491,0.045710911321611,0.20076,0.00121
25264,1009,dens_1556646832168598904,1009,Density,<Substance C1COCCO1{solv}{x=0.797800}|O=C1CCCCC1{solv}{x=0.202200}>,C1COCCO1,O=C1CCCCC1,openff-2.2.1-ashgc,1,0.998163193992867,0.0002450158398203,1.0062000000000002,0.00025
25265,1010,dens_1806066395455679216,1010,Density,<Substance C1COCCO1{solv}{x=0.272000}|O=C1CCCCC1{solv}{x=0.728000}>,C1COCCO1,O=C1CCCCC1,openff-2.2.1-ashgc,1,0.9389652737641117,0.0002500197813383,0.9614000000000004,0.00025
25266,1011,dhmix_781473821930081125,1011,EnthalpyOfMixing,<Substance CCOc1ccccc1{solv}{x=0.765100}|OCc1ccccc1{solv}{x=0.234900}>,CCOc1ccccc1,OCc1ccccc1,openff-2.2.1-ashgc,1,0.8359119323258426,0.0436991167733007,1.083,0.0116
25267,1012,dhmix_966435122735090568,1012,EnthalpyOfMixing,<Substance CCOc1ccccc1{solv}{x=0.063600}|OCc1ccccc1{solv}{x=0.936400}>,CCOc1ccccc1,OCc1ccccc1,openff-2.2.1-ashgc,1,0.1873617250652444,0.0479214832918732,0.1901,0.00225
25268,1013,dens_1184318999137642715,1013,Density,<Substance CCOc1ccccc1{solv}{x=0.064200}|OCc1ccccc1{solv}{x=0.935800}>,CCOc1ccccc1,OCc1ccccc1,openff-2.2.1-ashgc,1,1.0188756898739906,0.0001959430632692,1.02761,0.00011
25269,1014,dhmix_1518701992890040137,1014,EnthalpyOfMixing,<Substance CCOc1ccccc1{solv}{x=0.549900}|OCc1ccccc1{solv}{x=0.450100}>,CCOc1ccccc1,OCc1ccccc1,openff-2.2.1-ashgc,1,0.8323657272727516,0.0498053275547758,1.0561,0.01135
25270,1015,dens_1575045736805268459,1015,Density,<Substance CCOc1ccccc1{solv}{x=0.459800}|OCc1ccccc1{solv}{x=0.540200}>,CCOc1ccccc1,OCc1ccccc1,openff-2.2.1-ashgc,1,0.9815276506439872,0.0002093379509319,0.9925100000000002,0.00016
25271,1016,dens_2214650701288997434,1016,Density,<Substance CCOc1ccccc1{solv}{x=0.757200}|OCc1ccccc1{solv}{x=0.242800}>,CCOc1ccccc1,OCc1ccccc1,openff-2.2.1-ashgc,1,0.9580022134960464,0.0002274816501136,0.9686500000000002,0.000215
25272,1017,dens_800807749587668066,1017,Density,<Substance C1CCOCC1{solv}{x=0.733600}|c1ccncc1{solv}{x=0.266400}>,C1CCOCC1,c1ccncc1,openff-2.2.1-ashgc,1,0.880807495370696,0.0002551067383977,0.8933350000000002,0.000358
25273,1018,dhmix_836757145941804043,1018,EnthalpyOfMixing,<Substance C1CCOCC1{solv}{x=0.291500}|c1ccncc1{solv}{x=0.708500}>,C1CCOCC1,c1ccncc1,openff-2.2.1-ashgc,1,0.0981391056165952,0.0395261341841723,0.0898,0.00095
25274,1019,dhmix_1003039131395935786,1019,EnthalpyOfMixing,<Substance C1CCOCC1{solv}{x=0.536300}|c1ccncc1{solv}{x=0.463700}>,C1CCOCC1,c1ccncc1,openff-2.2.1-ashgc,1,0.0989457184682116,0.0398845867495275,0.1573,0.0013
25275,1020,dens_1859030547600172702,1020,Density,<Substance C1CCOCC1{solv}{x=0.241500}|c1ccncc1{solv}{x=0.758500}>,C1CCOCC1,c1ccncc1,openff-2.2.1-ashgc,1,0.9449643387686965,0.0002513953260945,0.9525650000000004,0.000212
25276,1021,dhmix_2191254706131659314,1021,EnthalpyOfMixing,<Substance C1CCOCC1{solv}{x=0.734400}|c1ccncc1{solv}{x=0.265600}>,C1CCOCC1,c1ccncc1,openff-2.2.1-ashgc,1,0.1539682542308824,0.0358036468091183,0.1564,0.0013
25277,1022,dens_2239470871208865925,1022,Density,<Substance C1CCOCC1{solv}{x=0.536400}|c1ccncc1{solv}{x=0.463600}>,C1CCOCC1,c1ccncc1,openff-2.2.1-ashgc,1,0.9017252067285934,0.0002825184345066,0.9124250000000002,0.0002965
25278,1023,dens_801655585640229277,1023,Density,<Substance C1CCOCC1{solv}{x=0.777600}|CCCC(C)=O{solv}{x=0.222400}>,C1CCOCC1,CCCC(C)=O,openff-2.2.1-ashgc,1,0.8447490619552871,0.0002591153519965,0.8602600000000002,0.000225
25279,1024,dhmix_1175081460677389458,1024,EnthalpyOfMixing,<Substance C1CCOCC1{solv}{x=0.250000}|CCCC(C)=O{solv}{x=0.750000}>,C1CCOCC1,CCCC(C)=O,openff-2.2.1-ashgc,1,0.112173755120235,0.0415087404686595,0.06014,0.00063
25280,1025,dens_1481139606755572767,1025,Density,<Substance C1CCOCC1{solv}{x=0.236100}|CCCC(C)=O{solv}{x=0.763900}>,C1CCOCC1,CCCC(C)=O,openff-2.2.1-ashgc,1,0.7975958568233559,0.0002329478217721,0.8183900000000002,0.000215
25281,1026,dhmix_1531586108535895092,1026,EnthalpyOfMixing,<Substance C1CCOCC1{solv}{x=0.750000}|CCCC(C)=O{solv}{x=0.250000}>,C1CCOCC1,CCCC(C)=O,openff-2.2.1-ashgc,1,0.1422751683244456,0.0439149703424767,0.08245,0.000715
25282,1027,dhmix_2074691820693967219,1027,EnthalpyOfMixing,<Substance C1CCOCC1{solv}{x=0.500000}|CCCC(C)=O{solv}{x=0.500000}>,C1CCOCC1,CCCC(C)=O,openff-2.2.1-ashgc,1,0.2075810751601636,0.0386485251961169,0.09128,0.000745
25283,1028,dens_2180187104403779312,1028,Density,<Substance C1CCOCC1{solv}{x=0.504600}|CCCC(C)=O{solv}{x=0.495400}>,C1CCOCC1,CCCC(C)=O,openff-2.2.1-ashgc,1,0.8197458110529813,0.0002546044910454,0.8386000000000002,0.00022
25284,1029,dhmix_814516627068967115,1029,EnthalpyOfMixing,<Substance CCCOC=O{solv}{x=0.230800}|ClCCCCl{solv}{x=0.769200}>,CCCOC=O,ClCCCCl,openff-2.2.1-ashgc,1,0.3904247109101604,0.041992776166462,-0.054,0.001
25285,1030,dens_853749747181024442,1030,Density,<Substance CCCOC=O{solv}{x=0.525500}|ClCCCCl{solv}{x=0.474500}>,CCCOC=O,ClCCCCl,openff-2.2.1-ashgc,1,1.0278263657185045,0.0002942249065992,1.0302400000000005,0.00176
25286,1031,dhmix_1623640482466530427,1031,EnthalpyOfMixing,<Substance CCCOC=O{solv}{x=0.750900}|ClCCCCl{solv}{x=0.249100}>,CCCOC=O,ClCCCCl,openff-2.2.1-ashgc,1,0.1820507160841273,0.0401343614388174,-0.088,0.001
25287,1032,dens_1998603470347754754,1032,Density,<Substance CCCOC=O{solv}{x=0.233600}|ClCCCCl{solv}{x=0.766400}>,CCCOC=O,ClCCCCl,openff-2.2.1-ashgc,1,1.0987501850210115,0.0003627963635024,1.1122200000000002,0.00274
25288,1033,dhmix_2003217087101692001,1033,EnthalpyOfMixing,<Substance CCCOC=O{solv}{x=0.514500}|ClCCCCl{solv}{x=0.485500}>,CCCOC=O,ClCCCCl,openff-2.2.1-ashgc,1,0.2425935346386545,0.0400958189355165,-0.114,0.0015
25289,1034,dens_2020761603812222512,1034,Density,<Substance CCCOC=O{solv}{x=0.763600}|ClCCCCl{solv}{x=0.236400}>,CCCOC=O,ClCCCCl,openff-2.2.1-ashgc,1,0.96932208499161,0.0002910849500798,0.9644500000000004,0.00119
25290,1035,dens_828893303895070246,1035,Density,<Substance C1CCCCC1{solv}{x=0.249800}|CCCCCCCC{solv}{x=0.750200}>,C1CCCCC1,CCCCCCCC,openff-2.2.1-ashgc,1,0.6985939147844703,0.0002044814093558,0.7110900000000002,0.000605
25291,1036,dhmix_1288938247372010686,1036,EnthalpyOfMixing,<Substance C1CCCCC1{solv}{x=0.751300}|CCCCCCCC{solv}{x=0.248700}>,C1CCCCC1,CCCCCCCC,openff-2.2.1-ashgc,1,0.215390241729267,0.0505643836335711,0.23,0.005
25292,1037,dens_1398337515687242649,1037,Density,<Substance C1CCCCC1{solv}{x=0.477700}|CCCCCCCC{solv}{x=0.522300}>,C1CCCCC1,CCCCCCCC,openff-2.2.1-ashgc,1,0.7101290216565213,0.0001742202984081,0.7250300000000002,0.000585
25293,1038,dhmix_1429498464152515756,1038,EnthalpyOfMixing,<Substance C1CCCCC1{solv}{x=0.532400}|CCCCCCCC{solv}{x=0.467600}>,C1CCCCC1,CCCCCCCC,openff-2.2.1-ashgc,1,0.3026387144331579,0.0377553758434295,0.258,0.005
25294,1039,dens_2267960821195706299,1039,Density,<Substance C1CCCCC1{solv}{x=0.796100}|CCCCCCCC{solv}{x=0.203900}>,C1CCCCC1,CCCCCCCC,openff-2.2.1-ashgc,1,0.7314702621543685,0.0002380647545261,0.7509700000000002,0.00055
25295,1040,dhmix_2289023418386220795,1040,EnthalpyOfMixing,<Substance C1CCCCC1{solv}{x=0.274400}|CCCCCCCC{solv}{x=0.725600}>,C1CCCCC1,CCCCCCCC,openff-2.2.1-ashgc,1,0.088734783782769,0.0500802230882695,0.18,0.005
25296,1041,dens_848374876759596361,1041,Density,<Substance CC(C)OC(C)C{solv}{x=0.284600}|CCCCCl{solv}{x=0.715400}>,CC(C)OC(C)C,CCCCCl,openff-2.2.1-ashgc,1,0.814391221533895,0.0003003525392792,0.8263210000000002,0.000365
25297,1042,dens_917492506874956672,1042,Density,<Substance CC(C)OC(C)C{solv}{x=0.808200}|CCCCCl{solv}{x=0.191800}>,CC(C)OC(C)C,CCCCCl,openff-2.2.1-ashgc,1,0.7528969455856376,0.0002653603997655,0.7440910000000002,0.000448
25298,1043,dhmix_1107367594793013993,1043,EnthalpyOfMixing,<Substance CC(C)OC(C)C{solv}{x=0.272700}|CCCCCl{solv}{x=0.727300}>,CC(C)OC(C)C,CCCCCl,openff-2.2.1-ashgc,1,-0.1163250031065459,0.0393140936064526,-0.0785,0.001
25299,1044,dhmix_1310204607958463222,1044,EnthalpyOfMixing,<Substance CC(C)OC(C)C{solv}{x=0.454700}|CCCCCl{solv}{x=0.545300}>,CC(C)OC(C)C,CCCCCl,openff-2.2.1-ashgc,1,-0.1927026021784073,0.03515234631407,-0.0954,0.0012
25300,1045,dhmix_1605157292498138629,1045,EnthalpyOfMixing,<Substance CC(C)OC(C)C{solv}{x=0.727400}|CCCCCl{solv}{x=0.272600}>,CC(C)OC(C)C,CCCCCl,openff-2.2.1-ashgc,1,-0.124750603917505,0.0465253987503894,-0.0732,0.00095
25301,1046,dens_1927916489732771888,1046,Density,<Substance CC(C)OC(C)C{solv}{x=0.484000}|CCCCCl{solv}{x=0.516000}>,CC(C)OC(C)C,CCCCCl,openff-2.2.1-ashgc,1,0.7901829519984334,0.0002642592690603,0.7925060000000002,0.0004005
25302,1047,dens_860008765681738590,1047,Density,<Substance CN(CCO)CCO{solv}{x=0.231260}|c1ccncc1{solv}{x=0.768740}>,CN(CCO)CCO,c1ccncc1,openff-2.2.1-ashgc,1,0.9928296060482312,0.0002338532018273,0.9906030000000002,0.0001015
25303,1048,dens_1253280811379348869,1048,Density,<Substance CN(CCO)CCO{solv}{x=0.670000}|c1ccncc1{solv}{x=0.330000}>,CN(CCO)CCO,c1ccncc1,openff-2.2.1-ashgc,1,1.0239728117603206,0.0003022727149083,1.0161020000000005,0.000102
25304,1049,dhmix_1381513140604048573,1049,EnthalpyOfMixing,<Substance CN(CCO)CCO{solv}{x=0.473760}|c1ccncc1{solv}{x=0.526240}>,CN(CCO)CCO,c1ccncc1,openff-2.2.1-ashgc,1,0.0871845285688124,0.0480850955012328,-0.093,0.001
25305,1050,dens_1460709448836415360,1050,Density,<Substance CN(CCO)CCO{solv}{x=0.473530}|c1ccncc1{solv}{x=0.526470}>,CN(CCO)CCO,c1ccncc1,openff-2.2.1-ashgc,1,1.0115818951643814,0.000260461647673,1.0044450000000005,0.0001015
25306,1051,dhmix_2085036308089359597,1051,EnthalpyOfMixing,<Substance CN(CCO)CCO{solv}{x=0.230610}|c1ccncc1{solv}{x=0.769390}>,CN(CCO)CCO,c1ccncc1,openff-2.2.1-ashgc,1,0.3088862791538602,0.0399849692573384,-0.032,0.001
25307,1052,dhmix_2287943921901918379,1052,EnthalpyOfMixing,<Substance CN(CCO)CCO{solv}{x=0.669580}|c1ccncc1{solv}{x=0.330420}>,CN(CCO)CCO,c1ccncc1,openff-2.2.1-ashgc,1,-0.0798346330976329,0.0514598679288779,-0.12,0.0015
25308,1053,dens_929806754028972955,1053,Density,<Substance CCCC(=O)OC{solv}{x=0.695800}|COC(C)=O{solv}{x=0.304200}>,CCCC(=O)OC,COC(C)=O,openff-2.2.1-ashgc,1,0.8959308042831118,0.0002449557702292,0.8997600000000002,0.000505
25309,1054,dhmix_1093843275803987368,1054,EnthalpyOfMixing,<Substance CCCC(=O)OC{solv}{x=0.482200}|COC(C)=O{solv}{x=0.517800}>,CCCC(=O)OC,COC(C)=O,openff-2.2.1-ashgc,1,0.1007799066834138,0.0354164228494119,0.151,0.002
25310,1055,dens_1187818937240241755,1055,Density,<Substance CCCC(=O)OC{solv}{x=0.253600}|COC(C)=O{solv}{x=0.746400}>,CCCC(=O)OC,COC(C)=O,openff-2.2.1-ashgc,1,0.9137239878359696,0.0002576220749554,0.9147400000000002,0.000505
25311,1056,dens_1462283017082249050,1056,Density,<Substance CCCC(=O)OC{solv}{x=0.545600}|COC(C)=O{solv}{x=0.454400}>,CCCC(=O)OC,COC(C)=O,openff-2.2.1-ashgc,1,0.9018642287396624,0.0002691931517059,0.9041900000000004,0.000505
25312,1057,dhmix_1514470349370367756,1057,EnthalpyOfMixing,<Substance CCCC(=O)OC{solv}{x=0.226000}|COC(C)=O{solv}{x=0.774000}>,CCCC(=O)OC,COC(C)=O,openff-2.2.1-ashgc,1,0.0736470409329754,0.0345653506808203,0.102,0.0015
25313,1058,dhmix_1615966506855005599,1058,EnthalpyOfMixing,<Substance CCCC(=O)OC{solv}{x=0.695800}|COC(C)=O{solv}{x=0.304200}>,CCCC(=O)OC,COC(C)=O,openff-2.2.1-ashgc,1,-0.0587334992904011,0.0357545091451505,0.122,0.0015
25314,1059,dens_931039395662625393,1059,Density,<Substance BrCCBr{solv}{x=0.510700}|CCOC=O{solv}{x=0.489300}>,BrCCBr,CCOC=O,openff-2.2.1-ashgc,1,1.5658558263915607,0.0004740665564956,1.5742900000000004,0.00125
25315,1060,dhmix_1379448524788285045,1060,EnthalpyOfMixing,<Substance BrCCBr{solv}{x=0.503000}|CCOC=O{solv}{x=0.497000}>,BrCCBr,CCOC=O,openff-2.2.1-ashgc,1,0.2711796189021331,0.0338575630829244,0.404,0.0054
25316,1061,dhmix_1589211680683586133,1061,EnthalpyOfMixing,<Substance BrCCBr{solv}{x=0.247500}|CCOC=O{solv}{x=0.752500}>,BrCCBr,CCOC=O,openff-2.2.1-ashgc,1,0.0668193203667675,0.0321611914308107,0.2492,0.0035
25317,1062,dens_1816072583621776909,1062,Density,<Substance BrCCBr{solv}{x=0.282500}|CCOC=O{solv}{x=0.717500}>,BrCCBr,CCOC=O,openff-2.2.1-ashgc,1,1.2966310717061915,0.0004042308267397,1.2851500000000005,0.00131
25318,1063,dens_1857279480363338972,1063,Density,<Substance BrCCBr{solv}{x=0.750600}|CCOC=O{solv}{x=0.249400}>,BrCCBr,CCOC=O,openff-2.2.1-ashgc,1,1.8329001742425397,0.0005926293523865,1.8698300000000003,0.000995
25319,1064,dhmix_2225135654541562913,1064,EnthalpyOfMixing,<Substance BrCCBr{solv}{x=0.734600}|CCOC=O{solv}{x=0.265400}>,BrCCBr,CCOC=O,openff-2.2.1-ashgc,1,0.1876130014155439,0.0323235480797076,0.3604,0.00485
25320,1065,dhmix_933824509566848172,1065,EnthalpyOfMixing,<Substance C1COCO1{solv}{x=0.350000}|CCCC(C)=O{solv}{x=0.650000}>,C1COCO1,CCCC(C)=O,openff-2.2.1-ashgc,1,0.3334016027266315,0.0394852434411949,0.17755,0.001095
25321,1066,dens_1326756646981901590,1066,Density,<Substance C1COCO1{solv}{x=0.717400}|CCCC(C)=O{solv}{x=0.282600}>,C1COCO1,CCCC(C)=O,openff-2.2.1-ashgc,1,0.9721035324484508,0.0002789638469787,0.9625500000000002,0.000245
25322,1067,dhmix_1386053902220878259,1067,EnthalpyOfMixing,<Substance C1COCO1{solv}{x=0.500000}|CCCC(C)=O{solv}{x=0.500000}>,C1COCO1,CCCC(C)=O,openff-2.2.1-ashgc,1,0.3907505986921293,0.0380816798978971,0.21077,0.00122
25323,1068,dens_1490997112604690080,1068,Density,<Substance C1COCO1{solv}{x=0.349900}|CCCC(C)=O{solv}{x=0.650100}>,C1COCO1,CCCC(C)=O,openff-2.2.1-ashgc,1,0.8590876001744664,0.0002024674714261,0.8687200000000003,0.00022
25324,1069,dens_1979377813631413053,1069,Density,<Substance C1COCO1{solv}{x=0.516900}|CCCC(C)=O{solv}{x=0.483100}>,C1COCO1,CCCC(C)=O,openff-2.2.1-ashgc,1,0.9061151158586416,0.0002582936806197,0.9078200000000004,0.00023
25325,1070,dhmix_2113009728753201792,1070,EnthalpyOfMixing,<Substance C1COCO1{solv}{x=0.750000}|CCCC(C)=O{solv}{x=0.250000}>,C1COCO1,CCCC(C)=O,openff-2.2.1-ashgc,1,0.3482953422263151,0.0346028327339708,0.17046,0.00107
25326,1071,dhmix_962524540250306235,1071,EnthalpyOfMixing,<Substance Cc1ccccc1N{solv}{x=0.268100}|c1ccncc1{solv}{x=0.731900}>,Cc1ccccc1N,c1ccncc1,openff-2.2.1-ashgc,1,-1.488681514247535,0.0362266177130862,-0.8915,0.0182
25327,1072,dhmix_1000930562998604270,1072,EnthalpyOfMixing,<Substance Cc1ccccc1N{solv}{x=0.773500}|c1ccncc1{solv}{x=0.226500}>,Cc1ccccc1N,c1ccncc1,openff-2.2.1-ashgc,1,-1.122589734327395,0.0416801566505105,-0.7828,0.016
25328,1073,dens_1203111494553524663,1073,Density,<Substance Cc1ccccc1N{solv}{x=0.483700}|c1ccncc1{solv}{x=0.516300}>,Cc1ccccc1N,c1ccncc1,openff-2.2.1-ashgc,1,1.0007227995599302,0.0002307254378837,0.9912370000000004,0.000117
25329,1074,dens_1316174752280431242,1074,Density,<Substance Cc1ccccc1N{solv}{x=0.237400}|c1ccncc1{solv}{x=0.762600}>,Cc1ccccc1N,c1ccncc1,openff-2.2.1-ashgc,1,0.9899688701040168,0.0002272008752017,0.9863750000000002,0.000118
25330,1075,dhmix_1371524052813651708,1075,EnthalpyOfMixing,<Substance Cc1ccccc1N{solv}{x=0.482600}|c1ccncc1{solv}{x=0.517400}>,Cc1ccccc1N,c1ccncc1,openff-2.2.1-ashgc,1,-1.8550498245051512,0.0420353268910475,-1.0329,0.02105
25331,1076,dens_2188924364196997512,1076,Density,<Substance Cc1ccccc1N{solv}{x=0.767800}|c1ccncc1{solv}{x=0.232200}>,Cc1ccccc1N,c1ccncc1,openff-2.2.1-ashgc,1,1.0080159572011076,0.0003113853773693,0.9936220000000002,0.000117
25332,1077,dens_964556344607822867,1077,Density,<Substance CCCCCCCCC{solv}{x=0.696300}|COC(C)(C)C{solv}{x=0.303700}>,CCCCCCCCC,COC(C)(C)C,openff-2.2.1-ashgc,1,0.710557032140956,0.0001808644640304,0.7173600000000002,0.000295
25333,1078,dhmix_1091489740441728210,1078,EnthalpyOfMixing,<Substance CCCCCCCCC{solv}{x=0.260100}|COC(C)(C)C{solv}{x=0.739900}>,CCCCCCCCC,COC(C)(C)C,openff-2.2.1-ashgc,1,0.4679019944619256,0.048346210580463,0.371,0.0075
25334,1079,dens_1264105858192356202,1079,Density,<Substance CCCCCCCCC{solv}{x=0.499200}|COC(C)(C)C{solv}{x=0.500800}>,CCCCCCCCC,COC(C)(C)C,openff-2.2.1-ashgc,1,0.7160814824482217,0.000153620388573,0.7207300000000002,0.00029
25335,1080,dhmix_1760873631242020891,1080,EnthalpyOfMixing,<Substance CCCCCCCCC{solv}{x=0.759600}|COC(C)(C)C{solv}{x=0.240400}>,CCCCCCCCC,COC(C)(C)C,openff-2.2.1-ashgc,1,0.3782752969696616,0.0481589834889167,0.345,0.007
25336,1081,dens_2012579877169955729,1081,Density,<Substance CCCCCCCCC{solv}{x=0.199500}|COC(C)(C)C{solv}{x=0.800500}>,CCCCCCCCC,COC(C)(C)C,openff-2.2.1-ashgc,1,0.7288819650667365,0.0002035889142316,0.7281100000000001,0.000285
25337,1082,dhmix_2200368758776542578,1082,EnthalpyOfMixing,<Substance CCCCCCCCC{solv}{x=0.513300}|COC(C)(C)C{solv}{x=0.486700}>,CCCCCCCCC,COC(C)(C)C,openff-2.2.1-ashgc,1,0.591344502309525,0.0503731064067127,0.486,0.0095
25338,1083,dhmix_972091313059406932,1083,EnthalpyOfMixing,<Substance CCCNCCC{solv}{x=0.248200}|CN(C)C=O{solv}{x=0.751800}>,CCCNCCC,CN(C)C=O,openff-2.2.1-ashgc,1,0.2420360135143866,0.0409442508258877,0.613,0.0195
25339,1084,dhmix_1037416167092316519,1084,EnthalpyOfMixing,<Substance CCCNCCC{solv}{x=0.499500}|CN(C)C=O{solv}{x=0.500500}>,CCCNCCC,CN(C)C=O,openff-2.2.1-ashgc,1,0.2176459707729705,0.0405288721017046,0.748,0.0225
25340,1085,dhmix_1525975551610336413,1085,EnthalpyOfMixing,<Substance CCCNCCC{solv}{x=0.749600}|CN(C)C=O{solv}{x=0.250400}>,CCCNCCC,CN(C)C=O,openff-2.2.1-ashgc,1,0.062178972348633,0.047899527634405,0.529,0.017
25341,1086,dens_1610465641813938660,1086,Density,<Substance CCCNCCC{solv}{x=0.745900}|CN(C)C=O{solv}{x=0.254100}>,CCCNCCC,CN(C)C=O,openff-2.2.1-ashgc,1,0.7638938059507011,0.0002151108797371,0.7687320000000002,0.0009355
25342,1087,dens_2129043605695010641,1087,Density,<Substance CCCNCCC{solv}{x=0.503400}|CN(C)C=O{solv}{x=0.496600}>,CCCNCCC,CN(C)C=O,openff-2.2.1-ashgc,1,0.8026466427590081,0.0002223496079163,0.8108000000000002,0.0009885
25343,1088,dens_2129124855081233158,1088,Density,<Substance CCCNCCC{solv}{x=0.252300}|CN(C)C=O{solv}{x=0.747700}>,CCCNCCC,CN(C)C=O,openff-2.2.1-ashgc,1,0.8519384035290514,0.0002197888204745,0.8674480000000002,0.0010625
25344,1089,dhmix_1022139531284796266,1089,EnthalpyOfMixing,<Substance CCCO{solv}{x=0.730200}|O=Cc1ccccc1{solv}{x=0.269800}>,CCCO,O=Cc1ccccc1,openff-2.2.1-ashgc,1,1.115425540252808,0.0425440352449975,1.3784,0.00585
25345,1090,dens_1530410585842005416,1090,Density,<Substance CCCO{solv}{x=0.802500}|O=Cc1ccccc1{solv}{x=0.197500}>,CCCO,O=Cc1ccccc1,openff-2.2.1-ashgc,1,0.8550710840102909,0.0002611607088933,0.8676000000000003,0.0054
25346,1091,dens_1586325098516354010,1091,Density,<Substance CCCO{solv}{x=0.500300}|O=Cc1ccccc1{solv}{x=0.499700}>,CCCO,O=Cc1ccccc1,openff-2.2.1-ashgc,1,0.9336046218744716,0.0002316608126671,0.9470000000000002,0.0035
25347,1092,dhmix_1860362391399300385,1092,EnthalpyOfMixing,<Substance CCCO{solv}{x=0.237400}|O=Cc1ccccc1{solv}{x=0.762600}>,CCCO,O=Cc1ccccc1,openff-2.2.1-ashgc,1,0.840218693560999,0.042371085443745,1.2579,0.0055
25348,1093,dens_2022804020725863961,1093,Density,<Substance CCCO{solv}{x=0.192900}|O=Cc1ccccc1{solv}{x=0.807100}>,CCCO,O=Cc1ccccc1,openff-2.2.1-ashgc,1,0.9958336981047572,0.0001523779301377,1.0128,0.00265
25349,1094,dhmix_2114980631721668598,1094,EnthalpyOfMixing,<Substance CCCO{solv}{x=0.517800}|O=Cc1ccccc1{solv}{x=0.482200}>,CCCO,O=Cc1ccccc1,openff-2.2.1-ashgc,1,1.191052651465128,0.0395808646878377,1.6361,0.00675
25350,1095,dens_1061385011202038988,1095,Density,<Substance CC(C)O{solv}{x=0.495900}|CCCCOCCO{solv}{x=0.504100}>,CC(C)O,CCCCOCCO,openff-2.2.1-ashgc,1,0.8541893332670952,0.000197474033876,0.8550000000000002,5.450000000000001e-05
25351,1096,dens_1314274960992474794,1096,Density,<Substance CC(C)O{solv}{x=0.292200}|CCCCOCCO{solv}{x=0.707800}>,CC(C)O,CCCCOCCO,openff-2.2.1-ashgc,1,0.8691193802202075,0.0002146054132003,0.8743700000000002,4.600000000000001e-05
25352,1097,dens_1729117108592325655,1097,Density,<Substance CC(C)O{solv}{x=0.743300}|CCCCOCCO{solv}{x=0.256700}>,CC(C)O,CCCCOCCO,openff-2.2.1-ashgc,1,0.8296784294455626,0.0002194895171535,0.8247900000000001,5.600000000000001e-05
25353,1098,dens_1112128096721834081,1098,Density,<Substance CNCCO{solv}{x=0.800900}|O{solv}{x=0.199100}>,CNCCO,O,openff-2.2.1-ashgc,1,0.9582749517460658,0.0002560524860284,0.9466300000000002,0.00032
25354,1099,dens_1381694863030749046,1099,Density,<Substance CNCCO{solv}{x=0.198700}|O{solv}{x=0.801300}>,CNCCO,O,openff-2.2.1-ashgc,1,0.9785268065480408,0.0004021441477811,0.9960300000000002,0.00016
25355,1100,dhmix_1383192140212198237,1100,EnthalpyOfMixing,<Substance CNCCO{solv}{x=0.798800}|O{solv}{x=0.201200}>,CNCCO,O,openff-2.2.1-ashgc,1,-1.1287048062686011,0.0411696348140841,-1.219,0.025
25356,1101,dens_1615304038745182966,1101,Density,<Substance CNCCO{solv}{x=0.504100}|O{solv}{x=0.495900}>,CNCCO,O,openff-2.2.1-ashgc,1,0.9689528530264796,0.0003231824199689,0.9688100000000002,0.000235
25357,1102,dhmix_1902240048183935170,1102,EnthalpyOfMixing,<Substance CNCCO{solv}{x=0.501700}|O{solv}{x=0.498300}>,CNCCO,O,openff-2.2.1-ashgc,1,-1.6796622316385523,0.0476010242127548,-2.508,0.051
25358,1103,dhmix_2185888808838690563,1103,EnthalpyOfMixing,<Substance CNCCO{solv}{x=0.199200}|O{solv}{x=0.800800}>,CNCCO,O,openff-2.2.1-ashgc,1,-1.0164280103642946,0.0232368086528866,-2.243,0.0455
25359,1104,dens_1155626281932782094,1104,Density,<Substance CCC(C)=O{solv}{x=0.292200}|CN1CCCC1=O{solv}{x=0.707800}>,CCC(C)=O,CN1CCCC1=O,openff-2.2.1-ashgc,1,0.9350367735059036,0.0001628711439019,0.9591400000000002,0.00262
25360,1105,dens_1354588388489384902,1105,Density,<Substance CCC(C)=O{solv}{x=0.779300}|CN1CCCC1=O{solv}{x=0.220700}>,CCC(C)=O,CN1CCCC1=O,openff-2.2.1-ashgc,1,0.8234834433673365,0.0001721541706383,0.8467600000000002,0.002595
25361,1106,dhmix_1468142552678388689,1106,EnthalpyOfMixing,<Substance CCC(C)=O{solv}{x=0.484100}|CN1CCCC1=O{solv}{x=0.515900}>,CCC(C)=O,CN1CCCC1=O,openff-2.2.1-ashgc,1,0.1241035921091846,0.04357750125829,-0.1675,0.00415
25362,1107,dhmix_1545004468946955771,1107,EnthalpyOfMixing,<Substance CCC(C)=O{solv}{x=0.246100}|CN1CCCC1=O{solv}{x=0.753900}>,CCC(C)=O,CN1CCCC1=O,openff-2.2.1-ashgc,1,0.0364547081739488,0.0389776111716542,-0.0999,0.0031
25363,1108,dhmix_1746826813990258300,1108,EnthalpyOfMixing,<Substance CCC(C)=O{solv}{x=0.732400}|CN1CCCC1=O{solv}{x=0.267600}>,CCC(C)=O,CN1CCCC1=O,openff-2.2.1-ashgc,1,0.1355291752151588,0.043371381909254,-0.0861,0.0029
25364,1109,dens_2035401379156582518,1109,Density,<Substance CCC(C)=O{solv}{x=0.479500}|CN1CCCC1=O{solv}{x=0.520500}>,CCC(C)=O,CN1CCCC1=O,openff-2.2.1-ashgc,1,0.8940598242708463,0.0002093443179961,0.9166100000000004,0.00261
25365,1110,dens_1159403686634788877,1110,Density,<Substance C1CCOCC1{solv}{x=0.253600}|Cc1ccncc1{solv}{x=0.746400}>,C1CCOCC1,Cc1ccncc1,openff-2.2.1-ashgc,1,0.9221200561588904,0.0002367831150881,0.9329390000000002,0.0002125
25366,1111,dhmix_1427533760370073434,1111,EnthalpyOfMixing,<Substance C1CCOCC1{solv}{x=0.241600}|Cc1ccncc1{solv}{x=0.758400}>,C1CCOCC1,Cc1ccncc1,openff-2.2.1-ashgc,1,0.1235610061924141,0.0431802912623664,0.0975,0.001
25367,1112,dens_1586440979425114987,1112,Density,<Substance C1CCOCC1{solv}{x=0.491300}|Cc1ccncc1{solv}{x=0.508700}>,C1CCOCC1,Cc1ccncc1,openff-2.2.1-ashgc,1,0.904267966996968,0.000224773991667,0.9162950000000002,0.0002825
25368,1113,dhmix_1681679230288000235,1113,EnthalpyOfMixing,<Substance C1CCOCC1{solv}{x=0.483400}|Cc1ccncc1{solv}{x=0.516600}>,C1CCOCC1,Cc1ccncc1,openff-2.2.1-ashgc,1,0.1606346154958862,0.0403668020716119,0.1741,0.00135
25369,1114,dhmix_1854625047398559527,1114,EnthalpyOfMixing,<Substance C1CCOCC1{solv}{x=0.826200}|Cc1ccncc1{solv}{x=0.173800}>,C1CCOCC1,Cc1ccncc1,openff-2.2.1-ashgc,1,0.1363332580373324,0.0454389862748952,0.0948,0.001
25370,1115,dens_1998279082934343093,1115,Density,<Substance C1CCOCC1{solv}{x=0.826300}|Cc1ccncc1{solv}{x=0.173700}>,C1CCOCC1,Cc1ccncc1,openff-2.2.1-ashgc,1,0.8685158575263299,0.0002194958476385,0.8827950000000002,0.000387
25371,1116,dens_1226224986443053492,1116,Density,<Substance CCOc1ccccc1{solv}{x=0.482600}|OCCc1ccccc1{solv}{x=0.517400}>,CCOc1ccccc1,OCCc1ccccc1,openff-2.2.1-ashgc,1,0.9688510441807452,0.0001734193971675,0.9803700000000002,0.00026
25372,1117,dens_1288457717872177367,1117,Density,<Substance CCOc1ccccc1{solv}{x=0.304100}|OCCc1ccccc1{solv}{x=0.695900}>,CCOc1ccccc1,OCCc1ccccc1,openff-2.2.1-ashgc,1,0.9788735868796165,0.0002040490415956,0.9909900000000004,0.00026
25373,1118,dhmix_1400067757990485972,1118,EnthalpyOfMixing,<Substance CCOc1ccccc1{solv}{x=0.738800}|OCCc1ccccc1{solv}{x=0.261200}>,CCOc1ccccc1,OCCc1ccccc1,openff-2.2.1-ashgc,1,1.0468235636007108,0.0499048682360155,1.1427,0.01225
25374,1119,dens_1419265414647987466,1119,Density,<Substance CCOc1ccccc1{solv}{x=0.792900}|OCCc1ccccc1{solv}{x=0.207100}>,CCOc1ccccc1,OCCc1ccccc1,openff-2.2.1-ashgc,1,0.9513503739972126,0.0001989386195521,0.9624400000000004,0.00026
25375,1120,dhmix_1985234108792038812,1120,EnthalpyOfMixing,<Substance CCOc1ccccc1{solv}{x=0.485200}|OCCc1ccccc1{solv}{x=0.514800}>,CCOc1ccccc1,OCCc1ccccc1,openff-2.2.1-ashgc,1,0.9600027049061596,0.0454654988244721,1.0249,0.011
25376,1121,dhmix_2203675640711482674,1121,EnthalpyOfMixing,<Substance CCOc1ccccc1{solv}{x=0.239100}|OCCc1ccccc1{solv}{x=0.760900}>,CCOc1ccccc1,OCCc1ccccc1,openff-2.2.1-ashgc,1,0.6538889520705311,0.0450982505088993,0.6669,0.0072
25377,1122,dens_1247048173376376516,1122,Density,<Substance CCCCC(=O)OC{solv}{x=0.349300}|COC=O{solv}{x=0.650700}>,CCCCC(=O)OC,COC=O,openff-2.2.1-ashgc,1,0.9300927833774694,0.0002695395102272,0.9198400000000002,0.000115
25378,1123,dens_1283923442255956417,1123,Density,<Substance CCCCC(=O)OC{solv}{x=0.500000}|COC=O{solv}{x=0.500000}>,CCCCC(=O)OC,COC=O,openff-2.2.1-ashgc,1,0.9141365322441766,0.0002444097585442,0.90817,0.00012
25379,1124,dhmix_1491739683552461043,1124,EnthalpyOfMixing,<Substance CCCCC(=O)OC{solv}{x=0.348600}|COC=O{solv}{x=0.651400}>,CCCCC(=O)OC,COC=O,openff-2.2.1-ashgc,1,0.3372915706513275,0.0384789505128318,0.422,0.0045
25380,1125,dhmix_1747049492522889097,1125,EnthalpyOfMixing,<Substance CCCCC(=O)OC{solv}{x=0.523200}|COC=O{solv}{x=0.476800}>,CCCCC(=O)OC,COC=O,openff-2.2.1-ashgc,1,0.3464222680502633,0.0333495937705508,0.409,0.0045
25381,1126,dhmix_1990853348078771210,1126,EnthalpyOfMixing,<Substance CCCCC(=O)OC{solv}{x=0.796800}|COC=O{solv}{x=0.203200}>,CCCCC(=O)OC,COC=O,openff-2.2.1-ashgc,1,0.2095318645788353,0.0413689192703363,0.219,0.0025
25382,1127,dens_2269601061883384185,1127,Density,<Substance CCCCC(=O)OC{solv}{x=0.725800}|COC=O{solv}{x=0.274200}>,CCCCC(=O)OC,COC=O,openff-2.2.1-ashgc,1,0.8952163852249733,0.0002251863031605,0.8955000000000002,0.000135
25383,1128,dens_1266839724964377205,1128,Density,<Substance Cn1ccnc1{solv}{x=0.779500}|O{solv}{x=0.220500}>,Cn1ccnc1,O,openff-2.2.1-ashgc,1,1.019600898111151,0.0002709753048726,1.0360000000000005,0.00015
25384,1129,dens_1634862053132906887,1129,Density,<Substance Cn1ccnc1{solv}{x=0.498200}|O{solv}{x=0.501800}>,Cn1ccnc1,O,openff-2.2.1-ashgc,1,1.017365970453364,0.0002831046816306,1.0416,0.00015
25385,1130,dens_1681126092995837883,1130,Density,<Substance Cn1ccnc1{solv}{x=0.216700}|O{solv}{x=0.783300}>,Cn1ccnc1,O,openff-2.2.1-ashgc,1,1.003596678013883,0.000399620673776,1.0301000000000002,0.0001
25386,1131,dhmix_1311251505653939236,1131,EnthalpyOfMixing,<Substance CC(=O)CC(C)=O{solv}{x=0.598500}|O{solv}{x=0.401500}>,CC(=O)CC(C)=O,O,openff-2.2.1-ashgc,1,0.1934988249725506,0.0348699214348116,0.4905,0.00555
25387,1132,dhmix_1367092272310773702,1132,EnthalpyOfMixing,<Substance CC(=O)CC(C)=O{solv}{x=0.749200}|O{solv}{x=0.250800}>,CC(=O)CC(C)=O,O,openff-2.2.1-ashgc,1,0.3646183764919612,0.0381544108794063,0.6211,0.00695
25388,1133,dhmix_2033109088651196860,1133,EnthalpyOfMixing,<Substance CC(=O)CC(C)=O{solv}{x=0.200400}|O{solv}{x=0.799600}>,CC(=O)CC(C)=O,O,openff-2.2.1-ashgc,1,-0.2163706114388759,0.0264403819215957,0.1562,0.0021
25389,1134,dens_1319073694995976411,1134,Density,<Substance CC(C)CO{solv}{x=0.762200}|OC1=NCCC1{solv}{x=0.237800}>,CC(C)CO,OC1=NCCC1,openff-2.2.1-ashgc,1,0.861399687716866,0.0002016339614635,0.8623100000000001,0.000205
25390,1135,dhmix_1817161401911066523,1135,EnthalpyOfMixing,<Substance CC(C)CO{solv}{x=0.754900}|OC1=NCCC1{solv}{x=0.245100}>,CC(C)CO,OC1=NCCC1,openff-2.2.1-ashgc,1,1.248661257693788,0.0481030237751533,0.2989,0.0033
25391,1136,dens_1852757585830259815,1136,Density,<Substance CC(C)CO{solv}{x=0.287400}|OC1=NCCC1{solv}{x=0.712600}>,CC(C)CO,OC1=NCCC1,openff-2.2.1-ashgc,1,0.9855794201531602,0.0002501919350008,1.0078300000000002,0.000155
25392,1137,dhmix_2057245570503088562,1137,EnthalpyOfMixing,<Substance CC(C)CO{solv}{x=0.259800}|OC1=NCCC1{solv}{x=0.740200}>,CC(C)CO,OC1=NCCC1,openff-2.2.1-ashgc,1,0.9985534721845966,0.0455637131348131,0.1798,0.00205
25393,1138,dens_2175875616459255266,1138,Density,<Substance CC(C)CO{solv}{x=0.489400}|OC1=NCCC1{solv}{x=0.510600}>,CC(C)CO,OC1=NCCC1,openff-2.2.1-ashgc,1,0.9312705655446908,0.0002514737636617,0.9431100000000002,0.00017
25394,1139,dhmix_2273039716774959551,1139,EnthalpyOfMixing,<Substance CC(C)CO{solv}{x=0.497800}|OC1=NCCC1{solv}{x=0.502200}>,CC(C)CO,OC1=NCCC1,openff-2.2.1-ashgc,1,1.4516081654218596,0.0381870517682585,0.2775,0.0031
25395,1140,dens_1400897934227212514,1140,Density,<Substance CC(C)CC(C)(C)C{solv}{x=0.541100}|COC(C)=O{solv}{x=0.458900}>,CC(C)CC(C)(C)C,COC(C)=O,openff-2.2.1-ashgc,1,0.7635924676005362,0.0002371248058257,0.7495700000000002,0.000505
25396,1141,dhmix_1534218615961922445,1141,EnthalpyOfMixing,<Substance CC(C)CC(C)(C)C{solv}{x=0.256000}|COC(C)=O{solv}{x=0.744000}>,CC(C)CC(C)(C)C,COC(C)=O,openff-2.2.1-ashgc,1,1.5573817922255992,0.0391108568373935,1.385,0.015
25397,1142,dhmix_1663557420681143866,1142,EnthalpyOfMixing,<Substance CC(C)CC(C)(C)C{solv}{x=0.540600}|COC(C)=O{solv}{x=0.459400}>,CC(C)CC(C)(C)C,COC(C)=O,openff-2.2.1-ashgc,1,1.9649883439912372,0.0459150580091781,1.759,0.019
25398,1143,dens_1833608859418637606,1143,Density,<Substance CC(C)CC(C)(C)C{solv}{x=0.736400}|COC(C)=O{solv}{x=0.263600}>,CC(C)CC(C)(C)C,COC(C)=O,openff-2.2.1-ashgc,1,0.7321538888198311,0.0001917266386741,0.7171000000000002,0.00015
25399,1144,dhmix_1913788848230724771,1144,EnthalpyOfMixing,<Substance CC(C)CC(C)(C)C{solv}{x=0.783300}|COC(C)=O{solv}{x=0.216700}>,CC(C)CC(C)(C)C,COC(C)=O,openff-2.2.1-ashgc,1,1.441425574181224,0.0545104600993192,1.149,0.0125
25400,1145,dens_2018568384717712900,1145,Density,<Substance CC(C)CC(C)(C)C{solv}{x=0.238900}|COC(C)=O{solv}{x=0.761100}>,CC(C)CC(C)(C)C,COC(C)=O,openff-2.2.1-ashgc,1,0.8351725893037405,0.0002526094769367,0.8248000000000002,0.0001
25401,1146,dens_1465225466328543955,1146,Density,<Substance Cc1cccnc1{solv}{x=0.225000}|O{solv}{x=0.775000}>,Cc1cccnc1,O,openff-2.2.1-ashgc,1,0.9597178075710694,0.0003901548157067,0.9921000000000002,0.0003
25402,1147,dens_1644445312716340330,1147,Density,<Substance Cc1cccnc1{solv}{x=0.500000}|O{solv}{x=0.500000}>,Cc1cccnc1,O,openff-2.2.1-ashgc,1,0.9503191786484028,0.0003031400251813,0.9797000000000002,0.0003
25403,1148,dens_2262998332454406432,1148,Density,<Substance Cc1cccnc1{solv}{x=0.700000}|O{solv}{x=0.300000}>,Cc1cccnc1,O,openff-2.2.1-ashgc,1,0.9469231606104628,0.0002610911970842,0.9690000000000002,0.0003
25404,1149,dens_1601780542508306264,1149,Density,<Substance CC(=O)N(C)C{solv}{x=0.771800}|CCOC(C)=O{solv}{x=0.228200}>,CC(=O)N(C)C,CCOC(C)=O,openff-2.2.1-ashgc,1,0.899149058356432,0.0002143775819103,0.9286200000000002,0.000185
25405,1150,dens_2126546638582188774,1150,Density,<Substance CC(=O)N(C)C{solv}{x=0.464600}|CCOC(C)=O{solv}{x=0.535400}>,CC(=O)N(C)C,CCOC(C)=O,openff-2.2.1-ashgc,1,0.9010492893231072,0.0002456403825563,0.9166300000000002,0.00022
25406,1151,dens_2159432384130350508,1151,Density,<Substance CC(=O)N(C)C{solv}{x=0.233100}|CCOC(C)=O{solv}{x=0.766900}>,CC(=O)N(C)C,CCOC(C)=O,openff-2.2.1-ashgc,1,0.9019010238737136,0.0002397122626339,0.9064300000000002,0.000245
25407,1152,dens_1713891284028890335,1152,Density,<Substance CC(=O)O{solv}{x=0.798900}|CCOC(C)=O{solv}{x=0.201100}>,CC(=O)O,CCOC(C)=O,openff-2.2.1-ashgc,1,1.0237744618900222,0.0002990339322997,0.9996600000000002,0.000225
25408,1153,dens_1856345418041920174,1153,Density,<Substance CC(=O)O{solv}{x=0.500700}|CCOC(C)=O{solv}{x=0.499300}>,CC(=O)O,CCOC(C)=O,openff-2.2.1-ashgc,1,0.9676302156563018,0.0002626633310276,0.9514000000000002,0.00018
25409,1154,dens_2035334988982485653,1154,Density,<Substance CC(=O)O{solv}{x=0.294400}|CCOC(C)=O{solv}{x=0.705600}>,CC(=O)O,CCOC(C)=O,openff-2.2.1-ashgc,1,0.9374241972783544,0.0002575685341248,0.9255000000000002,0.00016
25410,1155,dhmix_592425981731704,0,EnthalpyOfMixing,<Substance C1CCCCC1{solv}{x=0.100300}|Cc1ccccc1{solv}{x=0.899700}>,C1CCCCC1,Cc1ccccc1,openff-2.2.1-ashgc,2,0.1676472214909381,0.0475492184046902,0.2015,0.0015
25411,1156,dens_191923210986624643,1,Density,<Substance C1CCCCC1{solv}{x=0.697700}|Cc1ccccc1{solv}{x=0.302300}>,C1CCCCC1,Cc1ccccc1,openff-2.2.1-ashgc,2,0.7578088620780704,0.0002230119381958,0.7818000000000002,0.00041
25412,1157,dens_699555827256664507,2,Density,<Substance C1CCCCC1{solv}{x=0.100000}|Cc1ccccc1{solv}{x=0.900000}>,C1CCCCC1,Cc1ccccc1,openff-2.2.1-ashgc,2,0.8177264398032126,0.0002386634398591,0.8378000000000001,0.00025
25413,1158,dhmix_997331474504366167,3,EnthalpyOfMixing,<Substance C1CCCCC1{solv}{x=0.697900}|Cc1ccccc1{solv}{x=0.302100}>,C1CCCCC1,Cc1ccccc1,openff-2.2.1-ashgc,2,0.7625656719796297,0.045558832065706,0.5221,0.0034
25414,1159,dhmix_1586684551148150215,4,EnthalpyOfMixing,<Substance C1CCCCC1{solv}{x=0.397600}|Cc1ccccc1{solv}{x=0.602400}>,C1CCCCC1,Cc1ccccc1,openff-2.2.1-ashgc,2,0.8339215416646653,0.0345859045772469,0.5887,0.0038
25415,1160,dens_1809100412119556796,5,Density,<Substance C1CCCCC1{solv}{x=0.397500}|Cc1ccccc1{solv}{x=0.602500}>,C1CCCCC1,Cc1ccccc1,openff-2.2.1-ashgc,2,0.8016829084295171,0.0002258861827318,0.8228000000000002,0.0002
25416,1161,dhmix_1261378482688431,6,EnthalpyOfMixing,<Substance CCC(C)=O{solv}{x=0.510600}|Nc1ccccc1{solv}{x=0.489400}>,CCC(C)=O,Nc1ccccc1,openff-2.2.1-ashgc,2,-0.5922748363367418,0.0410075406230046,-1.173,0.0125
25417,1162,dhmix_157258283975731553,7,EnthalpyOfMixing,<Substance CCC(C)=O{solv}{x=0.901800}|Nc1ccccc1{solv}{x=0.098200}>,CCC(C)=O,Nc1ccccc1,openff-2.2.1-ashgc,2,-0.5135055759980922,0.0379222188776567,-0.469,0.005
25418,1163,dens_610648476268376520,8,Density,<Substance CCC(C)=O{solv}{x=0.502600}|Nc1ccccc1{solv}{x=0.497400}>,CCC(C)=O,Nc1ccccc1,openff-2.2.1-ashgc,2,0.9194719498930924,0.0001951373782973,0.9213850000000002,5.650000000000002e-05
25419,1164,dens_1388487494953421117,9,Density,<Substance CCC(C)=O{solv}{x=0.901900}|Nc1ccccc1{solv}{x=0.098100}>,CCC(C)=O,Nc1ccccc1,openff-2.2.1-ashgc,2,0.8021515182304324,0.0002724109537137,0.8265540000000001,7.200000000000002e-05
25420,1165,dhmix_1389656513678923263,10,EnthalpyOfMixing,<Substance CCC(C)=O{solv}{x=0.209900}|Nc1ccccc1{solv}{x=0.790100}>,CCC(C)=O,Nc1ccccc1,openff-2.2.1-ashgc,2,0.0043606556672202,0.0390623740752639,-0.648,0.007
25421,1166,dens_2115628806769415578,11,Density,<Substance CCC(C)=O{solv}{x=0.256300}|Nc1ccccc1{solv}{x=0.743700}>,CCC(C)=O,Nc1ccccc1,openff-2.2.1-ashgc,2,0.989834281364799,0.0002514430281892,0.9712300000000004,4.900000000000001e-05
25422,1167,dens_1379242187515209,12,Density,<Substance CC#N{solv}{x=0.795200}|CCCCOCCCC{solv}{x=0.204800}>,CC#N,CCCCOCCCC,openff-2.2.1-ashgc,2,0.7694394634346483,0.000280328086379,0.7708800000000002,0.000245
25423,1168,dhmix_575991096898484441,13,EnthalpyOfMixing,<Substance CC#N{solv}{x=0.488600}|CCCCOCCCC{solv}{x=0.511400}>,CC#N,CCCCOCCCC,openff-2.2.1-ashgc,2,0.7304756538018609,0.0425416478133654,1.26543,0.00796
25424,1169,dhmix_1182924089945476872,14,EnthalpyOfMixing,<Substance CC#N{solv}{x=0.241600}|CCCCOCCCC{solv}{x=0.758400}>,CC#N,CCCCOCCCC,openff-2.2.1-ashgc,2,0.5075760421980817,0.0518749996964292,0.94593,0.00601
25425,1170,dhmix_1244492966201685063,15,EnthalpyOfMixing,<Substance CC#N{solv}{x=0.795200}|CCCCOCCCC{solv}{x=0.204800}>,CC#N,CCCCOCCCC,openff-2.2.1-ashgc,2,0.4915474832634077,0.032875257862577,0.94289,0.005995
25426,1171,dens_2044032309137951705,16,Density,<Substance CC#N{solv}{x=0.245500}|CCCCOCCCC{solv}{x=0.754500}>,CC#N,CCCCOCCCC,openff-2.2.1-ashgc,2,0.7592774728147885,0.0002109451538653,0.7653000000000001,0.00028
25427,1172,dens_2211436825174998797,17,Density,<Substance CC#N{solv}{x=0.509800}|CCCCOCCCC{solv}{x=0.490200}>,CC#N,CCCCOCCCC,openff-2.2.1-ashgc,2,0.7632353849237787,0.0001554200499802,0.7671500000000001,0.00026
25428,1173,dens_1820034175228694,18,Density,<Substance C1CCCCC1{solv}{x=0.540900}|CN1CCCC1=O{solv}{x=0.459100}>,C1CCCCC1,CN1CCCC1=O,openff-2.2.1-ashgc,2,0.8509064544555529,0.0002417412676013,0.8757100000000002,0.000335
25429,1174,dhmix_1335365307191460458,19,EnthalpyOfMixing,<Substance C1CCCCC1{solv}{x=0.751800}|CN1CCCC1=O{solv}{x=0.248200}>,C1CCCCC1,CN1CCCC1=O,openff-2.2.1-ashgc,2,1.4337220659189711,0.0450126092034447,1.1998,0.01285
25430,1175,dens_1375048033230012198,20,Density,<Substance C1CCCCC1{solv}{x=0.733200}|CN1CCCC1=O{solv}{x=0.266800}>,C1CCCCC1,CN1CCCC1=O,openff-2.2.1-ashgc,2,0.804870345003334,0.0002004357966877,0.8287300000000002,0.0004
25431,1176,dhmix_1563298635135474599,21,EnthalpyOfMixing,<Substance C1CCCCC1{solv}{x=0.278900}|CN1CCCC1=O{solv}{x=0.721100}>,C1CCCCC1,CN1CCCC1=O,openff-2.2.1-ashgc,2,1.601462183480237,0.0474859909277863,1.2061,0.0129
25432,1177,dens_1606235786379262481,22,Density,<Substance C1CCCCC1{solv}{x=0.227500}|CN1CCCC1=O{solv}{x=0.772500}>,C1CCCCC1,CN1CCCC1=O,openff-2.2.1-ashgc,2,0.9310043944526212,0.0001682684611891,0.9583800000000002,0.000245
25433,1178,dhmix_1683219349338278021,23,EnthalpyOfMixing,<Substance C1CCCCC1{solv}{x=0.473400}|CN1CCCC1=O{solv}{x=0.526600}>,C1CCCCC1,CN1CCCC1=O,openff-2.2.1-ashgc,2,1.843408681204366,0.0408519997164,1.4691,0.0157
25434,1179,dens_4438302718372985,24,Density,<Substance BrCCCCBr{solv}{x=0.717000}|COC=O{solv}{x=0.283000}>,BrCCCCBr,COC=O,openff-2.2.1-ashgc,2,1.62887983521196,0.0004507571066505,1.6702600000000003,0.00259
25435,1180,dhmix_369816950910078034,25,EnthalpyOfMixing,<Substance BrCCCCBr{solv}{x=0.778200}|COC=O{solv}{x=0.221800}>,BrCCCCBr,COC=O,openff-2.2.1-ashgc,2,0.7938785719329218,0.0439765038736457,0.6355,0.0057
25436,1181,dens_460757700461114532,26,Density,<Substance BrCCCCBr{solv}{x=0.495800}|COC=O{solv}{x=0.504200}>,BrCCCCBr,COC=O,openff-2.2.1-ashgc,2,1.4959183522659978,0.0004628486196754,1.5176800000000004,0.001885
25437,1182,dhmix_1496821399278454353,27,EnthalpyOfMixing,<Substance BrCCCCBr{solv}{x=0.265400}|COC=O{solv}{x=0.734600}>,BrCCCCBr,COC=O,openff-2.2.1-ashgc,2,0.9939987723621488,0.0317808331230486,0.8185,0.00715
25438,1183,dens_1750413656870357630,28,Density,<Substance BrCCCCBr{solv}{x=0.225800}|COC=O{solv}{x=0.774200}>,BrCCCCBr,COC=O,openff-2.2.1-ashgc,2,1.2720061751545786,0.0003691787015235,1.2671300000000003,0.00104
25439,1184,dhmix_1802862930607761431,29,EnthalpyOfMixing,<Substance BrCCCCBr{solv}{x=0.482000}|COC=O{solv}{x=0.518000}>,BrCCCCBr,COC=O,openff-2.2.1-ashgc,2,1.1793534720632834,0.0352413737960099,1.0243,0.0087
25440,1185,dhmix_8447570649359775,30,EnthalpyOfMixing,<Substance OCCO{solv}{x=0.481700}|OCc1ccccc1{solv}{x=0.518300}>,OCCO,OCc1ccccc1,openff-2.2.1-ashgc,2,0.3117999388163071,0.034080393539502,0.201,0.00465
25441,1186,dens_824372741354282107,31,Density,<Substance OCCO{solv}{x=0.505700}|OCc1ccccc1{solv}{x=0.494300}>,OCCO,OCc1ccccc1,openff-2.2.1-ashgc,2,1.0540649715210344,0.0002664995557676,1.0579000000000005,0.00027
25442,1187,dens_1105173553343721111,32,Density,<Substance OCCO{solv}{x=0.737100}|OCc1ccccc1{solv}{x=0.262900}>,OCCO,OCc1ccccc1,openff-2.2.1-ashgc,2,1.0758027785687652,0.0003314968208378,1.0753200000000005,0.000275
25443,1188,dhmix_1362282802315816638,33,EnthalpyOfMixing,<Substance OCCO{solv}{x=0.736100}|OCc1ccccc1{solv}{x=0.263900}>,OCCO,OCc1ccccc1,openff-2.2.1-ashgc,2,0.1225241533126109,0.0409736421591534,0.1383,0.0037
25444,1189,dhmix_1666683879028583081,34,EnthalpyOfMixing,<Substance OCCO{solv}{x=0.236500}|OCc1ccccc1{solv}{x=0.763500}>,OCCO,OCc1ccccc1,openff-2.2.1-ashgc,2,0.2797369457154346,0.0447140274090663,0.209,0.0048
25445,1190,dens_1698159396404241323,35,Density,<Substance OCCO{solv}{x=0.262200}|OCc1ccccc1{solv}{x=0.737800}>,OCCO,OCc1ccccc1,openff-2.2.1-ashgc,2,1.0381373916330234,0.0002386024117643,1.0442900000000002,0.000265
25446,1191,dens_8507121971977381,36,Density,<Substance CCOC(C)(C)C{solv}{x=0.505000}|Cc1ccccc1{solv}{x=0.495000}>,CCOC(C)(C)C,Cc1ccccc1,openff-2.2.1-ashgc,2,0.7931544707435485,0.0002650282945982,0.7937390000000002,0.000467
25447,1192,dens_499290591626962121,37,Density,<Substance CCOC(C)(C)C{solv}{x=0.217000}|Cc1ccccc1{solv}{x=0.783000}>,CCOC(C)(C)C,Cc1ccccc1,openff-2.2.1-ashgc,2,0.8217149061327735,0.0002660353476699,0.8314450000000002,0.000411
25448,1193,dhmix_820491025608256793,38,EnthalpyOfMixing,<Substance CCOC(C)(C)C{solv}{x=0.501900}|Cc1ccccc1{solv}{x=0.498100}>,CCOC(C)(C)C,Cc1ccccc1,openff-2.2.1-ashgc,2,-0.2092959745587634,0.0447757491523583,-0.046,0.00055
25449,1194,dhmix_1374163681483564129,39,EnthalpyOfMixing,<Substance CCOC(C)(C)C{solv}{x=0.248900}|Cc1ccccc1{solv}{x=0.751100}>,CCOC(C)(C)C,Cc1ccccc1,openff-2.2.1-ashgc,2,-0.2041805227538589,0.0438845895145911,-0.0324,0.0005
25450,1195,dens_1904998692863983733,40,Density,<Substance CCOC(C)(C)C{solv}{x=0.701000}|Cc1ccccc1{solv}{x=0.299000}>,CCOC(C)(C)C,Cc1ccccc1,openff-2.2.1-ashgc,2,0.774537277298278,0.0001617954271244,0.7696300000000001,0.000503
25451,1196,dhmix_1982853461678580310,41,EnthalpyOfMixing,<Substance CCOC(C)(C)C{solv}{x=0.749500}|Cc1ccccc1{solv}{x=0.250500}>,CCOC(C)(C)C,Cc1ccccc1,openff-2.2.1-ashgc,2,-0.1111411062765128,0.0468583425542488,-0.0348,0.0005
25452,1197,dhmix_13624411991961099,42,EnthalpyOfMixing,<Substance C1CCOCC1{solv}{x=0.237900}|Cc1ccccc1N{solv}{x=0.762100}>,C1CCOCC1,Cc1ccccc1N,openff-2.2.1-ashgc,2,0.0031001630704192,0.0505792833959599,-0.3658,0.004
25453,1198,dhmix_510299013171775812,43,EnthalpyOfMixing,<Substance C1CCOCC1{solv}{x=0.741000}|Cc1ccccc1N{solv}{x=0.259000}>,C1CCOCC1,Cc1ccccc1N,openff-2.2.1-ashgc,2,-0.1470412303790524,0.0364244317639573,-0.4892,0.0053
25454,1199,dhmix_1337006691942958969,44,EnthalpyOfMixing,<Substance C1CCOCC1{solv}{x=0.490100}|Cc1ccccc1N{solv}{x=0.509900}>,C1CCOCC1,Cc1ccccc1N,openff-2.2.1-ashgc,2,-0.1028569432711954,0.0461293118827812,-0.5715,0.0062
25455,1200,dens_1448062547628404156,45,Density,<Substance C1CCOCC1{solv}{x=0.727900}|Cc1ccccc1N{solv}{x=0.272100}>,C1CCOCC1,Cc1ccccc1N,openff-2.2.1-ashgc,2,0.9100699939783102,0.0002221384396136,0.91866,0.000285
25456,1201,dens_2171966897328079405,46,Density,<Substance C1CCOCC1{solv}{x=0.498600}|Cc1ccccc1N{solv}{x=0.501400}>,C1CCOCC1,Cc1ccccc1N,openff-2.2.1-ashgc,2,0.944611572336976,0.0002563603188801,0.9459860000000002,0.0002275
25457,1202,dens_2201621104799327758,47,Density,<Substance C1CCOCC1{solv}{x=0.229700}|Cc1ccccc1N{solv}{x=0.770300}>,C1CCOCC1,Cc1ccccc1N,openff-2.2.1-ashgc,2,0.982515670653355,0.0003002704679067,0.9734540000000002,0.000164
25458,1203,dens_15008167137789802,48,Density,<Substance CCCCCl{solv}{x=0.299200}|CN(C)C=O{solv}{x=0.700800}>,CCCCCl,CN(C)C=O,openff-2.2.1-ashgc,2,0.8975518770305861,0.0002850296894258,0.9218000000000002,0.0002
25459,1204,dens_550868133232739009,49,Density,<Substance CCCCCl{solv}{x=0.701200}|CN(C)C=O{solv}{x=0.298800}>,CCCCCl,CN(C)C=O,openff-2.2.1-ashgc,2,0.8731381679134322,0.0003245117779435,0.8963000000000002,0.0002
25460,1205,dhmix_1315230298567753558,50,EnthalpyOfMixing,<Substance CCCCCl{solv}{x=0.793000}|CN(C)C=O{solv}{x=0.207000}>,CCCCCl,CN(C)C=O,openff-2.2.1-ashgc,2,0.6148261541516433,0.0420963077405194,0.404,0.003
25461,1206,dhmix_1929975181819720491,51,EnthalpyOfMixing,<Substance CCCCCl{solv}{x=0.493000}|CN(C)C=O{solv}{x=0.507000}>,CCCCCl,CN(C)C=O,openff-2.2.1-ashgc,2,0.898056615336408,0.0394115951957935,0.571,0.003
25462,1207,dhmix_1976787548784045784,52,EnthalpyOfMixing,<Substance CCCCCl{solv}{x=0.295000}|CN(C)C=O{solv}{x=0.705000}>,CCCCCl,CN(C)C=O,openff-2.2.1-ashgc,2,0.7870862064975128,0.0390150054904777,0.467,0.003
25463,1208,dens_2008819185276371643,53,Density,<Substance CCCCCl{solv}{x=0.499000}|CN(C)C=O{solv}{x=0.501000}>,CCCCCl,CN(C)C=O,openff-2.2.1-ashgc,2,0.8853013737799533,0.0002786163227179,0.9086000000000002,0.0002
25464,1209,dens_16755306936326197,54,Density,<Substance Cc1ccccc1N{solv}{x=0.255700}|Cc1ccccn1{solv}{x=0.744300}>,Cc1ccccc1N,Cc1ccccn1,openff-2.2.1-ashgc,2,0.962302585945108,0.0002217585961528,0.9597930000000002,0.000307
25465,1210,dens_238666738854407136,55,Density,<Substance Cc1ccccc1N{solv}{x=0.514600}|Cc1ccccn1{solv}{x=0.485400}>,Cc1ccccc1N,Cc1ccccn1,openff-2.2.1-ashgc,2,0.9828577576480548,0.0001896117905187,0.9748990000000002,0.0002315
25466,1211,dhmix_1909144841681931250,56,EnthalpyOfMixing,<Substance Cc1ccccc1N{solv}{x=0.488200}|Cc1ccccn1{solv}{x=0.511800}>,Cc1ccccc1N,Cc1ccccn1,openff-2.2.1-ashgc,2,-1.7050425647694,0.0427658704295953,-1.4976,0.0305
25467,1212,dens_1945534954282706534,57,Density,<Substance Cc1ccccc1N{solv}{x=0.757100}|Cc1ccccn1{solv}{x=0.242900}>,Cc1ccccc1N,Cc1ccccn1,openff-2.2.1-ashgc,2,0.9980879428527116,0.0003002724353353,0.9854410000000002,0.000169
25468,1213,dhmix_2038606904928978856,58,EnthalpyOfMixing,<Substance Cc1ccccc1N{solv}{x=0.782100}|Cc1ccccn1{solv}{x=0.217900}>,Cc1ccccc1N,Cc1ccccn1,openff-2.2.1-ashgc,2,-0.9960854883555968,0.0507739689201163,-0.8656,0.01775
25469,1214,dhmix_2125558080831870503,59,EnthalpyOfMixing,<Substance Cc1ccccc1N{solv}{x=0.273600}|Cc1ccccn1{solv}{x=0.726400}>,Cc1ccccc1N,Cc1ccccn1,openff-2.2.1-ashgc,2,-1.5300869261727712,0.0428105787264211,-1.2462,0.0254
25470,1215,dens_19028061622240549,60,Density,<Substance CN(C)CCO{solv}{x=0.296200}|CO{solv}{x=0.703800}>,CN(C)CCO,CO,openff-2.2.1-ashgc,2,0.8356328200653123,0.0003492626228864,0.8506500000000001,0.00014
25471,1216,dens_186649390549115907,61,Density,<Substance CN(C)CCO{solv}{x=0.502000}|CO{solv}{x=0.498000}>,CN(C)CCO,CO,openff-2.2.1-ashgc,2,0.861521511801696,0.0002789205925154,0.8684000000000002,0.000155
25472,1217,dhmix_1453612193040378117,62,EnthalpyOfMixing,<Substance CN(C)CCO{solv}{x=0.497200}|CO{solv}{x=0.502800}>,CN(C)CCO,CO,openff-2.2.1-ashgc,2,-1.7003289296363704,0.0324214550687488,-0.8673,0.00935
25473,1218,dens_1978392691277508278,63,Density,<Substance CN(C)CCO{solv}{x=0.707500}|CO{solv}{x=0.292500}>,CN(C)CCO,CO,openff-2.2.1-ashgc,2,0.8766155499209725,0.0002555890064045,0.8766100000000002,0.00017
25474,1219,dhmix_2113387918969192804,64,EnthalpyOfMixing,<Substance CN(C)CCO{solv}{x=0.247900}|CO{solv}{x=0.752100}>,CN(C)CCO,CO,openff-2.2.1-ashgc,2,-1.4157125440831066,0.0315392762291849,-0.8057,0.0087
25475,1220,dhmix_2220842061395014218,65,EnthalpyOfMixing,<Substance CN(C)CCO{solv}{x=0.750600}|CO{solv}{x=0.249400}>,CN(C)CCO,CO,openff-2.2.1-ashgc,2,-1.025002723169692,0.0459137965152516,-0.5322,0.00585
25476,1221,dhmix_21994921667950318,66,EnthalpyOfMixing,<Substance C=CCCCC{solv}{x=0.500100}|CCCO{solv}{x=0.499900}>,C=CCCCC,CCCO,openff-2.2.1-ashgc,2,0.7726450912063427,0.0361377581808708,0.595,0.0055
25477,1222,dens_62854823056490751,67,Density,<Substance C=CCCCC{solv}{x=0.150300}|CCCO{solv}{x=0.849700}>,C=CCCCC,CCCO,openff-2.2.1-ashgc,2,0.7581973510524442,0.000259166472878,0.7704980000000002,0.0001845
25478,1223,dens_294296714501123310,68,Density,<Substance C=CCCCC{solv}{x=0.499100}|CCCO{solv}{x=0.500900}>,C=CCCCC,CCCO,openff-2.2.1-ashgc,2,0.6979685794625309,0.0002827431792233,0.7176450000000002,0.0002145
25479,1224,dhmix_829065315899278784,69,EnthalpyOfMixing,<Substance C=CCCCC{solv}{x=0.750000}|CCCO{solv}{x=0.250000}>,C=CCCCC,CCCO,openff-2.2.1-ashgc,2,0.7977151405681582,0.0439559486484862,0.682,0.006
25480,1225,dens_2024397702416079279,70,Density,<Substance C=CCCCC{solv}{x=0.745600}|CCCO{solv}{x=0.254400}>,C=CCCCC,CCCO,openff-2.2.1-ashgc,2,0.6666243902999526,0.0002603580052074,0.6899770000000002,0.0002305
25481,1226,dhmix_2167083041249157622,71,EnthalpyOfMixing,<Substance C=CCCCC{solv}{x=0.150100}|CCCO{solv}{x=0.849900}>,C=CCCCC,CCCO,openff-2.2.1-ashgc,2,0.366653468042454,0.0430846543027618,0.192,0.005
25482,1227,dhmix_22428169890990447,72,EnthalpyOfMixing,<Substance CC1(C)C(=O)[C@]2(C)CC[C@H]1C2{solv}{x=0.286000}|CCO{solv}{x=0.714000}>,CC1(C)C(=O)[C@]2(C)CC[C@H]1C2,CCO,openff-2.2.1-ashgc,2,0.6025606418690472,0.0374974854958002,0.876,0.0265
25483,1228,dhmix_57626661746168078,73,EnthalpyOfMixing,<Substance CC1(C)C(=O)[C@]2(C)CC[C@H]1C2{solv}{x=0.701000}|CCO{solv}{x=0.299000}>,CC1(C)C(=O)[C@]2(C)CC[C@H]1C2,CCO,openff-2.2.1-ashgc,2,0.7329150495265822,0.0463463015812197,1.0,0.0305
25484,1229,dhmix_287041928444283276,74,EnthalpyOfMixing,<Substance CC1(C)C(=O)[C@]2(C)CC[C@H]1C2{solv}{x=0.488000}|CCO{solv}{x=0.512000}>,CC1(C)C(=O)[C@]2(C)CC[C@H]1C2,CCO,openff-2.2.1-ashgc,2,0.6395202365425519,0.0409525868188513,1.109,0.0335
25485,1230,dens_618487453946854895,75,Density,<Substance CC1(C)C(=O)[C@]2(C)CC[C@H]1C2{solv}{x=0.501200}|CCO{solv}{x=0.498800}>,CC1(C)C(=O)[C@]2(C)CC[C@H]1C2,CCO,openff-2.2.1-ashgc,2,0.9044414449822876,0.0002315463021886,0.9005900000000002,5.5000000000000016e-05
25486,1231,dens_1408969463542558504,76,Density,<Substance CC1(C)C(=O)[C@]2(C)CC[C@H]1C2{solv}{x=0.789700}|CCO{solv}{x=0.210300}>,CC1(C)C(=O)[C@]2(C)CC[C@H]1C2,CCO,openff-2.2.1-ashgc,2,0.9334185339167246,0.0001914964151699,0.9274800000000002,6.0000000000000015e-05
25487,1232,dens_2053919413592536040,77,Density,<Substance CC1(C)C(=O)[C@]2(C)CC[C@H]1C2{solv}{x=0.200200}|CCO{solv}{x=0.799800}>,CC1(C)C(=O)[C@]2(C)CC[C@H]1C2,CCO,openff-2.2.1-ashgc,2,0.8513381165072311,0.0002636904487606,0.8499000000000002,6.500000000000002e-05
25488,1233,dhmix_24700325920498635,78,EnthalpyOfMixing,<Substance CCC(C)(C)O{solv}{x=0.799400}|CCOC(C)(C)CC{solv}{x=0.200600}>,CCC(C)(C)O,CCOC(C)(C)CC,openff-2.2.1-ashgc,2,0.7864749300686018,0.0419078207482561,0.448,0.0073
25489,1234,dhmix_252628078473967793,79,EnthalpyOfMixing,<Substance CCC(C)(C)O{solv}{x=0.299700}|CCOC(C)(C)CC{solv}{x=0.700300}>,CCC(C)(C)O,CCOC(C)(C)CC,openff-2.2.1-ashgc,2,0.9707619496252065,0.0473475537022478,0.9727,0.0132
25490,1235,dens_281609537293621351,80,Density,<Substance CCC(C)(C)O{solv}{x=0.799400}|CCOC(C)(C)CC{solv}{x=0.200600}>,CCC(C)(C)O,CCOC(C)(C)CC,openff-2.2.1-ashgc,2,0.8029001297903338,0.0002760432896879,0.7932000000000002,0.00025
25491,1236,dhmix_980734994193955874,81,EnthalpyOfMixing,<Substance CCC(C)(C)O{solv}{x=0.498700}|CCOC(C)(C)CC{solv}{x=0.501300}>,CCC(C)(C)O,CCOC(C)(C)CC,openff-2.2.1-ashgc,2,0.9261856832868532,0.0438887999353008,0.8937,0.01225
25492,1237,dens_1165049856972872340,82,Density,<Substance CCC(C)(C)O{solv}{x=0.498700}|CCOC(C)(C)CC{solv}{x=0.501300}>,CCC(C)(C)O,CCOC(C)(C)CC,openff-2.2.1-ashgc,2,0.7837122727068125,0.0002020507189692,0.7789000000000001,0.0002
25493,1238,dens_2297026976830009992,83,Density,<Substance CCC(C)(C)O{solv}{x=0.299700}|CCOC(C)(C)CC{solv}{x=0.700300}>,CCC(C)(C)O,CCOC(C)(C)CC,openff-2.2.1-ashgc,2,0.7741824787025399,0.0002086797224187,0.7709000000000001,0.0002
25494,1239,dens_25810987980199799,84,Density,<Substance CCCCCC{solv}{x=0.158800}|Cc1ccccc1{solv}{x=0.841200}>,CCCCCC,Cc1ccccc1,openff-2.2.1-ashgc,2,0.806002021418605,0.0002295173425794,0.8226300000000002,0.000335
25495,1240,dens_574637447996217594,85,Density,<Substance CCCCCC{solv}{x=0.501100}|Cc1ccccc1{solv}{x=0.498900}>,CCCCCC,Cc1ccccc1,openff-2.2.1-ashgc,2,0.7314910647871817,0.0002304452137118,0.7484400000000002,0.00015
25496,1241,dhmix_1373657903424456878,86,EnthalpyOfMixing,<Substance CCCCCC{solv}{x=0.158600}|Cc1ccccc1{solv}{x=0.841400}>,CCCCCC,Cc1ccccc1,openff-2.2.1-ashgc,2,0.4096614959943565,0.0423650146847031,0.3163,0.0043
25497,1242,dhmix_1383995974797334848,87,EnthalpyOfMixing,<Substance CCCCCC{solv}{x=0.472300}|Cc1ccccc1{solv}{x=0.527700}>,CCCCCC,Cc1ccccc1,openff-2.2.1-ashgc,2,0.7712937559274025,0.0423764395087203,0.5467,0.00715
25498,1243,dhmix_1412344026798360911,88,EnthalpyOfMixing,<Substance CCCCCC{solv}{x=0.748400}|Cc1ccccc1{solv}{x=0.251600}>,CCCCCC,Cc1ccccc1,openff-2.2.1-ashgc,2,0.5729872574329278,0.0427385695745407,0.393,0.00525
25499,1244,dens_2241575426887298365,89,Density,<Substance CCCCCC{solv}{x=0.733800}|Cc1ccccc1{solv}{x=0.266200}>,CCCCCC,Cc1ccccc1,openff-2.2.1-ashgc,2,0.6858147583271192,0.0002584998123483,0.7020900000000002,0.000305
25500,1245,dens_27241401908451167,90,Density,<Substance CN(C)C=O{solv}{x=0.503500}|Cc1ccccc1Cl{solv}{x=0.496500}>,CN(C)C=O,Cc1ccccc1Cl,openff-2.2.1-ashgc,2,1.0082116516832271,0.0002527440291085,1.0247000000000004,0.0005
25501,1246,dhmix_674882857451857086,91,EnthalpyOfMixing,<Substance CN(C)C=O{solv}{x=0.511800}|Cc1ccccc1Cl{solv}{x=0.488200}>,CN(C)C=O,Cc1ccccc1Cl,openff-2.2.1-ashgc,2,0.1798131980964115,0.0409022166203595,0.545,0.006
25502,1247,dens_818042132181297482,92,Density,<Substance CN(C)C=O{solv}{x=0.751200}|Cc1ccccc1Cl{solv}{x=0.248800}>,CN(C)C=O,Cc1ccccc1Cl,openff-2.2.1-ashgc,2,0.9675130045384552,0.0002605670629685,0.9898800000000002,0.0005
25503,1248,dens_861365281257265917,93,Density,<Substance CN(C)C=O{solv}{x=0.273700}|Cc1ccccc1Cl{solv}{x=0.726300}>,CN(C)C=O,Cc1ccccc1Cl,openff-2.2.1-ashgc,2,1.0273231687681803,0.0002595396732187,1.0415000000000003,0.0005
25504,1249,dhmix_1670364528496870559,94,EnthalpyOfMixing,<Substance CN(C)C=O{solv}{x=0.767900}|Cc1ccccc1Cl{solv}{x=0.232100}>,CN(C)C=O,Cc1ccccc1Cl,openff-2.2.1-ashgc,2,0.1213448732680646,0.0361849830165647,0.436,0.005
25505,1250,dhmix_1992689527814967541,95,EnthalpyOfMixing,<Substance CN(C)C=O{solv}{x=0.274300}|Cc1ccccc1Cl{solv}{x=0.725700}>,CN(C)C=O,Cc1ccccc1Cl,openff-2.2.1-ashgc,2,0.1439208321061542,0.0382660201475883,0.373,0.004
25506,1251,dens_29213618499921464,96,Density,<Substance C1CCOCC1{solv}{x=0.254000}|O=C1CCCCCC1{solv}{x=0.746000}>,C1CCOCC1,O=C1CCCCCC1,openff-2.2.1-ashgc,2,0.9085118481697496,0.0001948931904488,0.9355100000000002,0.00051
25507,1252,dens_468319504030932569,97,Density,<Substance C1CCOCC1{solv}{x=0.498600}|O=C1CCCCCC1{solv}{x=0.501400}>,C1CCOCC1,O=C1CCCCCC1,openff-2.2.1-ashgc,2,0.8964181681304246,0.0001682375931617,0.9211200000000004,0.00051
25508,1253,dens_1174890511154571939,98,Density,<Substance C1CCOCC1{solv}{x=0.768600}|O=C1CCCCCC1{solv}{x=0.231400}>,C1CCOCC1,O=C1CCCCCC1,openff-2.2.1-ashgc,2,0.8812312519872397,0.000201574791348,0.9012200000000002,0.000505
25509,1254,dens_30084818585402677,99,Density,<Substance CC(=O)N(C)C{solv}{x=0.700600}|ClCCCCCCCl{solv}{x=0.299400}>,CC(=O)N(C)C,ClCCCCCCCl,openff-2.2.1-ashgc,2,0.9587619878283076,0.0002167675262713,0.9853000000000002,0.00175
25510,1255,dhmix_384619296407103076,100,EnthalpyOfMixing,<Substance CC(=O)N(C)C{solv}{x=0.504000}|ClCCCCCCCl{solv}{x=0.496000}>,CC(=O)N(C)C,ClCCCCCCCl,openff-2.2.1-ashgc,2,0.2282188562307752,0.0435061468165539,0.09,0.002
25511,1256,dens_539464371986972328,101,Density,<Substance CC(=O)N(C)C{solv}{x=0.494300}|ClCCCCCCCl{solv}{x=0.505700}>,CC(=O)N(C)C,ClCCCCCCCl,openff-2.2.1-ashgc,2,0.9924560265049344,0.0002426028384713,1.0123000000000002,0.0016
25512,1257,dhmix_1114659247517686326,102,EnthalpyOfMixing,<Substance CC(=O)N(C)C{solv}{x=0.798000}|ClCCCCCCCl{solv}{x=0.202000}>,CC(=O)N(C)C,ClCCCCCCCl,openff-2.2.1-ashgc,2,0.2229379249167244,0.0445393195107229,0.067,0.002
25513,1258,dhmix_1410583096030633514,103,EnthalpyOfMixing,<Substance CC(=O)N(C)C{solv}{x=0.212000}|ClCCCCCCCl{solv}{x=0.788000}>,CC(=O)N(C)C,ClCCCCCCCl,openff-2.2.1-ashgc,2,0.1777368677887238,0.0513351633142021,0.04,0.002
25514,1259,dens_2244909992725638206,104,Density,<Substance CC(=O)N(C)C{solv}{x=0.300200}|ClCCCCCCCl{solv}{x=0.699800}>,CC(=O)N(C)C,ClCCCCCCCl,openff-2.2.1-ashgc,2,1.0200433484422229,0.0001668794696333,1.0345000000000002,0.0015
25515,1260,dhmix_35301006695188726,105,EnthalpyOfMixing,<Substance CCOC(=O)C(C)C{solv}{x=0.289000}|CO{solv}{x=0.711000}>,CCOC(=O)C(C)C,CO,openff-2.2.1-ashgc,2,0.2222650941550803,0.030981067583037,0.488,0.0035
25516,1261,dens_508877804306927207,106,Density,<Substance CCOC(=O)C(C)C{solv}{x=0.499000}|CO{solv}{x=0.501000}>,CCOC(=O)C(C)C,CO,openff-2.2.1-ashgc,2,0.8397525488361964,0.0002871858375069,0.8414100000000002,0.00011
25517,1262,dens_1201422771202741625,107,Density,<Substance CCOC(=O)C(C)C{solv}{x=0.199600}|CO{solv}{x=0.800400}>,CCOC(=O)C(C)C,CO,openff-2.2.1-ashgc,2,0.8054352236159704,0.0003610854905199,0.8173600000000002,0.000115
25518,1263,dhmix_1951183536432642425,108,EnthalpyOfMixing,<Substance CCOC(=O)C(C)C{solv}{x=0.480000}|CO{solv}{x=0.520000}>,CCOC(=O)C(C)C,CO,openff-2.2.1-ashgc,2,0.394502998242757,0.039520880666013,0.671,0.0045
25519,1264,dens_1998368384671748308,109,Density,<Substance CCOC(=O)C(C)C{solv}{x=0.703000}|CO{solv}{x=0.297000}>,CCOC(=O)C(C)C,CO,openff-2.2.1-ashgc,2,0.8532264168075673,0.0002629234467793,0.8501200000000002,0.00011
25520,1265,dhmix_2200604492347455092,110,EnthalpyOfMixing,<Substance CCOC(=O)C(C)C{solv}{x=0.771000}|CO{solv}{x=0.229000}>,CCOC(=O)C(C)C,CO,openff-2.2.1-ashgc,2,0.3533397624350129,0.0465006398920825,0.632,0.0045
25521,1266,dhmix_39159150320919359,111,EnthalpyOfMixing,<Substance CCO{solv}{x=0.799700}|Cc1cccc(O)c1{solv}{x=0.200300}>,CCO,Cc1cccc(O)c1,openff-2.2.1-ashgc,2,-0.7054876304339928,0.0344196699320353,-0.79199,0.011965
25522,1267,dens_410843938837220593,112,Density,<Substance CCO{solv}{x=0.263700}|Cc1cccc(O)c1{solv}{x=0.736300}>,CCO,Cc1cccc(O)c1,openff-2.2.1-ashgc,2,0.9868372260526244,0.0002297487335512,0.9852300000000004,0.0006
25523,1268,dhmix_1115402835538407874,113,EnthalpyOfMixing,<Substance CCO{solv}{x=0.212500}|Cc1cccc(O)c1{solv}{x=0.787500}>,CCO,Cc1cccc(O)c1,openff-2.2.1-ashgc,2,-0.7128569257137016,0.0409386821061424,-0.68742,0.01275
25524,1269,dens_1359111234216199895,114,Density,<Substance CCO{solv}{x=0.472400}|Cc1cccc(O)c1{solv}{x=0.527600}>,CCO,Cc1cccc(O)c1,openff-2.2.1-ashgc,2,0.9492288214406056,0.0001712883263093,0.9446300000000002,0.0006
25525,1270,dens_1590314985481219627,115,Density,<Substance CCO{solv}{x=0.781700}|Cc1cccc(O)c1{solv}{x=0.218300}>,CCO,Cc1cccc(O)c1,openff-2.2.1-ashgc,2,0.8680795057434686,0.0003027102657859,0.8631500000000002,0.000605
25526,1271,dhmix_1871939727966182523,116,EnthalpyOfMixing,<Substance CCO{solv}{x=0.413900}|Cc1cccc(O)c1{solv}{x=0.586100}>,CCO,Cc1cccc(O)c1,openff-2.2.1-ashgc,2,-1.039936604529661,0.0414349589416057,-1.14624,0.00985
25527,1272,dens_42678158079716854,117,Density,<Substance CN1CCCC1=O{solv}{x=0.937492}|c1ccccc1{solv}{x=0.062508}>,CN1CCCC1=O,c1ccccc1,openff-2.2.1-ashgc,2,0.9910309278164464,0.0001696888009822,1.0204500000000003,3.500000000000001e-05
25528,1273,dens_252520620125458637,118,Density,<Substance CN1CCCC1=O{solv}{x=0.513500}|c1ccccc1{solv}{x=0.486500}>,CN1CCCC1=O,c1ccccc1,openff-2.2.1-ashgc,2,0.9454996419945448,0.0001845305379719,0.9684700000000004,0.00018
25529,1274,dhmix_524477957640851666,119,EnthalpyOfMixing,<Substance CN1CCCC1=O{solv}{x=0.235600}|c1ccccc1{solv}{x=0.764400}>,CN1CCCC1=O,c1ccccc1,openff-2.2.1-ashgc,2,-0.1897297373705839,0.0339058861737663,-0.3684,0.00405
25530,1275,dhmix_1475629358723962160,120,EnthalpyOfMixing,<Substance CN1CCCC1=O{solv}{x=0.546700}|c1ccccc1{solv}{x=0.453300}>,CN1CCCC1=O,c1ccccc1,openff-2.2.1-ashgc,2,-0.1917363637010041,0.0322064479107695,-0.4943,0.00535
25531,1276,dens_2041306780823594960,121,Density,<Substance CN1CCCC1=O{solv}{x=0.252400}|c1ccccc1{solv}{x=0.747600}>,CN1CCCC1=O,c1ccccc1,openff-2.2.1-ashgc,2,0.8969029596806105,0.0001746063994521,0.9163300000000004,0.00029
25532,1277,dhmix_2156508970935294660,122,EnthalpyOfMixing,<Substance CN1CCCC1=O{solv}{x=0.741100}|c1ccccc1{solv}{x=0.258900}>,CN1CCCC1=O,c1ccccc1,openff-2.2.1-ashgc,2,-0.0426096135015292,0.0460532188581147,-0.3841,0.0042
25533,1278,dhmix_44217680865702366,123,EnthalpyOfMixing,<Substance CC(=O)c1ccccc1{solv}{x=0.200100}|CC(C)O{solv}{x=0.799900}>,CC(=O)c1ccccc1,CC(C)O,openff-2.2.1-ashgc,2,0.8960501112676922,0.0372920055037003,1.1352,0.0124
25534,1279,dens_91454082453656404,124,Density,<Substance CC(=O)c1ccccc1{solv}{x=0.756100}|CC(C)O{solv}{x=0.243900}>,CC(=O)c1ccccc1,CC(C)O,openff-2.2.1-ashgc,2,0.9688915041641548,0.0001365571913073,0.9823500000000004,0.000175
25535,1280,dens_152869924254680766,125,Density,<Substance CC(=O)c1ccccc1{solv}{x=0.251700}|CC(C)O{solv}{x=0.748300}>,CC(=O)c1ccccc1,CC(C)O,openff-2.2.1-ashgc,2,0.8694073103464867,0.0001948286662529,0.8654400000000002,0.000245
25536,1281,dhmix_1214494501247401592,126,EnthalpyOfMixing,<Substance CC(=O)c1ccccc1{solv}{x=0.499600}|CC(C)O{solv}{x=0.500400}>,CC(=O)c1ccccc1,CC(C)O,openff-2.2.1-ashgc,2,1.1489241450955134,0.0417688428173129,1.5703,0.0169
25537,1282,dhmix_1482394504883204224,127,EnthalpyOfMixing,<Substance CC(=O)c1ccccc1{solv}{x=0.700600}|CC(C)O{solv}{x=0.299400}>,CC(=O)c1ccccc1,CC(C)O,openff-2.2.1-ashgc,2,0.9370590737300262,0.0420769097383288,1.3758,0.01485
25538,1283,dens_1804860114822214449,128,Density,<Substance CC(=O)c1ccccc1{solv}{x=0.534500}|CC(C)O{solv}{x=0.465500}>,CC(=O)c1ccccc1,CC(C)O,openff-2.2.1-ashgc,2,0.9314112989566522,0.0002316903566929,0.9375600000000002,0.0002
25539,1284,dhmix_47323681380989568,129,EnthalpyOfMixing,<Substance CCCCCCCCCl{solv}{x=0.498000}|CN(C)C=O{solv}{x=0.502000}>,CCCCCCCCCl,CN(C)C=O,openff-2.2.1-ashgc,2,1.4150809604646923,0.0473611504428168,1.087,0.0045
25540,1285,dhmix_620291288515939248,130,EnthalpyOfMixing,<Substance CCCCCCCCCl{solv}{x=0.790000}|CN(C)C=O{solv}{x=0.210000}>,CCCCCCCCCl,CN(C)C=O,openff-2.2.1-ashgc,2,0.9633614860398864,0.0489048018078198,0.68,0.0045
25541,1286,dens_1830564734879843336,131,Density,<Substance CCCCCCCCCl{solv}{x=0.733100}|CN(C)C=O{solv}{x=0.266900}>,CCCCCCCCCl,CN(C)C=O,openff-2.2.1-ashgc,2,0.8662505412989001,0.0002007707805524,0.8779000000000002,0.00045
25542,1287,dens_1865569264533219410,132,Density,<Substance CCCCCCCCCl{solv}{x=0.500800}|CN(C)C=O{solv}{x=0.499200}>,CCCCCCCCCl,CN(C)C=O,openff-2.2.1-ashgc,2,0.8752205291726137,0.0001550796020758,0.8897000000000003,0.0004
25543,1288,dens_1893252821735673677,133,Density,<Substance CCCCCCCCCl{solv}{x=0.199800}|CN(C)C=O{solv}{x=0.800200}>,CCCCCCCCCl,CN(C)C=O,openff-2.2.1-ashgc,2,0.8942133836331057,0.0002522985680982,0.9149000000000002,0.0003
25544,1289,dhmix_2175249209874409534,134,EnthalpyOfMixing,<Substance CCCCCCCCCl{solv}{x=0.205000}|CN(C)C=O{solv}{x=0.795000}>,CCCCCCCCCl,CN(C)C=O,openff-2.2.1-ashgc,2,1.003823541370629,0.0428381238898934,0.79,0.0045
25545,1290,dens_47347406470845261,135,Density,<Substance BrCCCBr{solv}{x=0.748600}|COC=O{solv}{x=0.251400}>,BrCCCBr,COC=O,openff-2.2.1-ashgc,2,1.746731434365318,0.0004992841498398,1.7969200000000003,0.00306
25546,1291,dens_398260729245374704,136,Density,<Substance BrCCCBr{solv}{x=0.472200}|COC=O{solv}{x=0.527800}>,BrCCCBr,COC=O,openff-2.2.1-ashgc,2,1.539005778932892,0.0004986012826992,1.5585100000000005,0.001985
25547,1292,dhmix_1440467239786579925,137,EnthalpyOfMixing,<Substance BrCCCBr{solv}{x=0.735400}|COC=O{solv}{x=0.264600}>,BrCCCBr,COC=O,openff-2.2.1-ashgc,2,0.7396985716250413,0.0364225706691846,0.7435,0.00655
25548,1293,dens_1812113401512645360,138,Density,<Substance BrCCCBr{solv}{x=0.204700}|COC=O{solv}{x=0.795300}>,BrCCCBr,COC=O,openff-2.2.1-ashgc,2,1.2714137230180544,0.0004122355654428,1.2611800000000004,0.001025
25549,1294,dhmix_2252268161220427112,139,EnthalpyOfMixing,<Substance BrCCCBr{solv}{x=0.485300}|COC=O{solv}{x=0.514700}>,BrCCCBr,COC=O,openff-2.2.1-ashgc,2,0.9516796237303228,0.0322737982241439,0.9249,0.00795
25550,1295,dhmix_2289960806584862127,140,EnthalpyOfMixing,<Substance BrCCCBr{solv}{x=0.239500}|COC=O{solv}{x=0.760500}>,BrCCCBr,COC=O,openff-2.2.1-ashgc,2,0.7724931196218447,0.0343209092731287,0.6669,0.00595
25551,1296,dens_52148744845178727,141,Density,<Substance CC(=O)CC(C)C{solv}{x=0.700900}|CCC(C)(C)O{solv}{x=0.299100}>,CC(=O)CC(C)C,CCC(C)(C)O,openff-2.2.1-ashgc,2,0.7959649106393664,0.0002171279627231,0.7968700000000002,0.00018
25552,1297,dhmix_202225007451030020,142,EnthalpyOfMixing,<Substance CC(=O)CC(C)C{solv}{x=0.201700}|CCC(C)(C)O{solv}{x=0.798300}>,CC(=O)CC(C)C,CCC(C)(C)O,openff-2.2.1-ashgc,2,0.0037297301150323,0.0467474470326128,0.8181,0.01135
25553,1298,dens_938275493819605051,143,Density,<Substance CC(=O)CC(C)C{solv}{x=0.500800}|CCC(C)(C)O{solv}{x=0.499200}>,CC(=O)CC(C)C,CCC(C)(C)O,openff-2.2.1-ashgc,2,0.8014214612466615,0.0002100848324397,0.7987300000000002,0.00018
25554,1299,dhmix_998794233701009996,144,EnthalpyOfMixing,<Substance CC(=O)CC(C)C{solv}{x=0.500800}|CCC(C)(C)O{solv}{x=0.499200}>,CC(=O)CC(C)C,CCC(C)(C)O,openff-2.2.1-ashgc,2,0.4276549025626757,0.0458807118570842,1.3674,0.0185
25555,1300,dhmix_1565593158104493647,145,EnthalpyOfMixing,<Substance CC(=O)CC(C)C{solv}{x=0.700900}|CCC(C)(C)O{solv}{x=0.299100}>,CC(=O)CC(C)C,CCC(C)(C)O,openff-2.2.1-ashgc,2,0.5420554314889738,0.0466058174048007,1.2068,0.0164
25556,1301,dens_2097057526665137697,146,Density,<Substance CC(=O)CC(C)C{solv}{x=0.201700}|CCC(C)(C)O{solv}{x=0.798300}>,CC(=O)CC(C)C,CCC(C)(C)O,openff-2.2.1-ashgc,2,0.8122779889548314,0.000257768397174,0.8030000000000002,0.00019
25557,1302,dens_60145312697659458,147,Density,<Substance OC1=NCCC1{solv}{x=0.231200}|c1ccncc1{solv}{x=0.768800}>,OC1=NCCC1,c1ccncc1,openff-2.2.1-ashgc,2,0.9983846537180628,0.0002304671889164,1.0106200000000003,0.00051
25558,1303,dhmix_281987656487279026,148,EnthalpyOfMixing,<Substance OC1=NCCC1{solv}{x=0.525600}|c1ccncc1{solv}{x=0.474400}>,OC1=NCCC1,c1ccncc1,openff-2.2.1-ashgc,2,0.0722563061173815,0.0380346511639868,0.2031,0.0508
25559,1304,dens_617740093035429712,149,Density,<Substance OC1=NCCC1{solv}{x=0.831200}|c1ccncc1{solv}{x=0.168800}>,OC1=NCCC1,c1ccncc1,openff-2.2.1-ashgc,2,1.051237541264984,0.0002761321460353,1.0872000000000004,0.00052
25560,1305,dhmix_658699797311871042,150,EnthalpyOfMixing,<Substance OC1=NCCC1{solv}{x=0.261500}|c1ccncc1{solv}{x=0.738500}>,OC1=NCCC1,c1ccncc1,openff-2.2.1-ashgc,2,0.1608763649528342,0.0357799341400053,0.165,0.04125
25561,1306,dhmix_774470106511868908,151,EnthalpyOfMixing,<Substance OC1=NCCC1{solv}{x=0.831100}|c1ccncc1{solv}{x=0.168900}>,OC1=NCCC1,c1ccncc1,openff-2.2.1-ashgc,2,0.1033244843804084,0.040237124680179,0.0972,0.0243
25562,1307,dens_1837977312272564303,152,Density,<Substance OC1=NCCC1{solv}{x=0.475200}|c1ccncc1{solv}{x=0.524800}>,OC1=NCCC1,c1ccncc1,openff-2.2.1-ashgc,2,1.0210393819548809,0.0002605634266275,1.0431300000000003,0.000515
25563,1308,dens_64870336397637683,153,Density,<Substance NCCCO{solv}{x=0.489642}|O{solv}{x=0.510358}>,NCCCO,O,openff-2.2.1-ashgc,2,1.02518949973313,0.0003330640743293,1.0059000000000002,0.00155
25564,1309,dens_70371380055449550,154,Density,<Substance NCCCO{solv}{x=0.708044}|O{solv}{x=0.291956}>,NCCCO,O,openff-2.2.1-ashgc,2,1.028613507114612,0.0003776765014745,0.9975000000000004,0.0018
25565,1310,dhmix_150384853762728924,155,EnthalpyOfMixing,<Substance NCCCO{solv}{x=0.751500}|O{solv}{x=0.248500}>,NCCCO,O,openff-2.2.1-ashgc,2,-0.4715538933121017,0.0393195200805105,-1.531,0.031
25566,1311,dens_847209819230970781,156,Density,<Substance NCCCO{solv}{x=0.272809}|O{solv}{x=0.727191}>,NCCCO,O,openff-2.2.1-ashgc,2,1.017682624658664,0.0003790969948908,1.0118000000000005,0.0014
25567,1312,dhmix_1448036989335532298,157,EnthalpyOfMixing,<Substance NCCCO{solv}{x=0.298200}|O{solv}{x=0.701800}>,NCCCO,O,openff-2.2.1-ashgc,2,-0.4561830027681957,0.0233142945540862,-2.501,0.051
25568,1313,dhmix_1551692974855642379,158,EnthalpyOfMixing,<Substance NCCCO{solv}{x=0.498900}|O{solv}{x=0.501100}>,NCCCO,O,openff-2.2.1-ashgc,2,-0.691644016068885,0.0363940087929095,-2.462,0.05
25569,1314,dhmix_65921650414250861,159,EnthalpyOfMixing,<Substance CCOC(=O)CC(C)=O{solv}{x=0.499500}|CCO{solv}{x=0.500500}>,CCO,CCOC(=O)CC(C)=O,openff-2.2.1-ashgc,2,1.434918635722454,0.0434090874397715,1.7079,0.0183
25570,1315,dhmix_546962203716710778,160,EnthalpyOfMixing,<Substance CCOC(=O)CC(C)=O{solv}{x=0.299400}|CCO{solv}{x=0.700600}>,CCO,CCOC(=O)CC(C)=O,openff-2.2.1-ashgc,2,1.3002717521365668,0.0387946460370563,1.4925,0.01605
25571,1316,dens_989479368116300355,161,Density,<Substance CCOC(=O)CC(C)=O{solv}{x=0.500000}|CCO{solv}{x=0.500000}>,CCO,CCOC(=O)CC(C)=O,openff-2.2.1-ashgc,2,0.9495001307964694,0.0001726681485143,0.9484700000000004,0.000155
25572,1317,dens_1726065156375824332,162,Density,<Substance CCOC(=O)CC(C)=O{solv}{x=0.250000}|CCO{solv}{x=0.750000}>,CCO,CCOC(=O)CC(C)=O,openff-2.2.1-ashgc,2,0.8865840427970966,0.0002661407941063,0.8856300000000003,0.00017
25573,1318,dens_1736679431098209973,163,Density,<Substance CCOC(=O)CC(C)=O{solv}{x=0.750000}|CCO{solv}{x=0.250000}>,CCO,CCOC(=O)CC(C)=O,openff-2.2.1-ashgc,2,0.9921932812092088,0.0001715669144053,0.9917100000000004,0.00017
25574,1319,dhmix_2221487218644783272,164,EnthalpyOfMixing,<Substance CCOC(=O)CC(C)=O{solv}{x=0.700800}|CCO{solv}{x=0.299200}>,CCO,CCOC(=O)CC(C)=O,openff-2.2.1-ashgc,2,1.09748219068382,0.0361611382834317,1.478,0.0159
25575,1320,dhmix_68947190908856741,165,EnthalpyOfMixing,<Substance C1COCCO1{solv}{x=0.250000}|O=C1CCCC1{solv}{x=0.750000}>,C1COCCO1,O=C1CCCC1,openff-2.2.1-ashgc,2,-0.0373158118377361,0.0307662657481083,0.04589,0.00057
25576,1321,dens_225413782402822877,166,Density,<Substance C1COCCO1{solv}{x=0.777800}|O=C1CCCC1{solv}{x=0.222200}>,C1COCCO1,O=C1CCCC1,openff-2.2.1-ashgc,2,0.9987128725249946,0.0002491150056324,1.0081000000000002,0.000255
25577,1322,dhmix_415496698649060745,167,EnthalpyOfMixing,<Substance C1COCCO1{solv}{x=0.500000}|O=C1CCCC1{solv}{x=0.500000}>,C1COCCO1,O=C1CCCC1,openff-2.2.1-ashgc,2,-0.0569540496014298,0.0378065858538657,0.07457,0.00068
25578,1323,dens_803440153424346423,168,Density,<Substance C1COCCO1{solv}{x=0.506300}|O=C1CCCC1{solv}{x=0.493700}>,C1COCCO1,O=C1CCCC1,openff-2.2.1-ashgc,2,0.9671560934045216,0.0002509891099825,0.9849200000000002,0.00025
25579,1324,dens_1553194080174872005,169,Density,<Substance C1COCCO1{solv}{x=0.243600}|O=C1CCCC1{solv}{x=0.756400}>,C1COCCO1,O=C1CCCC1,openff-2.2.1-ashgc,2,0.938032926456593,0.000230939744133,0.9633500000000004,0.000245
25580,1325,dhmix_1852349497898107924,170,EnthalpyOfMixing,<Substance C1COCCO1{solv}{x=0.750000}|O=C1CCCC1{solv}{x=0.250000}>,C1COCCO1,O=C1CCCC1,openff-2.2.1-ashgc,2,0.0404955489567981,0.0319494819212901,0.07097,0.000665
25581,1326,dhmix_71170350241685196,171,EnthalpyOfMixing,<Substance COC(C)(C)C{solv}{x=0.749000}|ClC(Cl)Cl{solv}{x=0.251000}>,COC(C)(C)C,ClC(Cl)Cl,openff-2.2.1-ashgc,2,-0.9036868115460556,0.0404056563665822,-1.9,0.077
25582,1327,dens_554111049740737271,172,Density,<Substance COC(C)(C)C{solv}{x=0.454000}|ClC(Cl)Cl{solv}{x=0.546000}>,COC(C)(C)C,ClC(Cl)Cl,openff-2.2.1-ashgc,2,1.1161362531538026,0.0003916949390699,1.0838000000000003,0.00015
25583,1328,dhmix_1691495556773848750,173,EnthalpyOfMixing,<Substance COC(C)(C)C{solv}{x=0.484000}|ClC(Cl)Cl{solv}{x=0.516000}>,COC(C)(C)C,ClC(Cl)Cl,openff-2.2.1-ashgc,2,-1.3322940773302498,0.0367381689067966,-2.1,0.0845
25584,1329,dens_1874337336846858625,174,Density,<Substance COC(C)(C)C{solv}{x=0.276000}|ClC(Cl)Cl{solv}{x=0.724000}>,COC(C)(C)C,ClC(Cl)Cl,openff-2.2.1-ashgc,2,1.2736764041888573,0.0004264345858407,1.2259000000000004,0.0002
25585,1330,dens_2136498248834183810,175,Density,<Substance COC(C)(C)C{solv}{x=0.728600}|ClC(Cl)Cl{solv}{x=0.271400}>,COC(C)(C)C,ClC(Cl)Cl,openff-2.2.1-ashgc,2,0.9102567975099618,0.000313016387838,0.8956000000000003,0.00015
25586,1331,dhmix_2232264038422377060,176,EnthalpyOfMixing,<Substance COC(C)(C)C{solv}{x=0.220000}|ClC(Cl)Cl{solv}{x=0.780000}>,COC(C)(C)C,ClC(Cl)Cl,openff-2.2.1-ashgc,2,-0.966067119077989,0.0301738056726107,-1.5,0.0605
25587,1332,dhmix_73322629991074290,177,EnthalpyOfMixing,<Substance CCC(C)=O{solv}{x=0.212400}|CCN(CC)CC{solv}{x=0.787600}>,CCC(C)=O,CCN(CC)CC,openff-2.2.1-ashgc,2,0.3436875390490783,0.0486578334277701,0.57,0.006
25588,1333,dens_317201778138256714,178,Density,<Substance CCC(C)=O{solv}{x=0.261000}|CCN(CC)CC{solv}{x=0.739000}>,CCC(C)=O,CCN(CC)CC,openff-2.2.1-ashgc,2,0.7304588031296967,0.0001371151181592,0.7361510000000001,0.000106
25589,1334,dens_544322850735592196,179,Density,<Substance CCC(C)=O{solv}{x=0.510600}|CCN(CC)CC{solv}{x=0.489400}>,CCC(C)=O,CCN(CC)CC,openff-2.2.1-ashgc,2,0.742627736944565,0.0002608152713602,0.7527560000000002,0.0001045
25590,1335,dhmix_690665189446107141,180,EnthalpyOfMixing,<Substance CCC(C)=O{solv}{x=0.496700}|CCN(CC)CC{solv}{x=0.503300}>,CCC(C)=O,CCN(CC)CC,openff-2.2.1-ashgc,2,0.4417762972231855,0.0393814687682902,0.746,0.008
25591,1336,dhmix_935249702283890201,181,EnthalpyOfMixing,<Substance CCC(C)=O{solv}{x=0.789300}|CCN(CC)CC{solv}{x=0.210700}>,CCC(C)=O,CCN(CC)CC,openff-2.2.1-ashgc,2,0.2402812721531084,0.0413231599747883,0.455,0.005
25592,1337,dens_1635002920322954883,182,Density,<Substance CCC(C)=O{solv}{x=0.760400}|CCN(CC)CC{solv}{x=0.239600}>,CCC(C)=O,CCN(CC)CC,openff-2.2.1-ashgc,2,0.7560361834944941,0.0001727999230504,0.7738830000000002,9.900000000000003e-05
25593,1338,dhmix_76833325524040726,183,EnthalpyOfMixing,<Substance C1CCCCC1{solv}{x=0.260600}|c1ccccc1{solv}{x=0.739400}>,C1CCCCC1,c1ccccc1,openff-2.2.1-ashgc,2,0.7876106509301763,0.0415663927908439,0.6282,0.00695
25594,1339,dens_330305790736126156,184,Density,<Substance C1CCCCC1{solv}{x=0.499600}|c1ccccc1{solv}{x=0.500400}>,C1CCCCC1,c1ccccc1,openff-2.2.1-ashgc,2,0.792167981212845,0.0002760171105827,0.8136000000000002,0.0002
25595,1340,dhmix_460305358266375837,185,EnthalpyOfMixing,<Substance C1CCCCC1{solv}{x=0.766800}|c1ccccc1{solv}{x=0.233200}>,C1CCCCC1,c1ccccc1,openff-2.2.1-ashgc,2,0.7114891849418257,0.0391907812739576,0.5517,0.00725
25596,1341,dens_1579941980285561951,186,Density,<Substance C1CCCCC1{solv}{x=0.249800}|c1ccccc1{solv}{x=0.750200}>,C1CCCCC1,c1ccccc1,openff-2.2.1-ashgc,2,0.8212290510870516,0.000275832431306,0.8405780000000002,7.05e-05
25597,1342,dhmix_1824194485055356086,187,EnthalpyOfMixing,<Substance C1CCCCC1{solv}{x=0.501200}|c1ccccc1{solv}{x=0.498800}>,C1CCCCC1,c1ccccc1,openff-2.2.1-ashgc,2,1.0715452224641382,0.0404884645708291,0.7893,0.00655
25598,1343,dens_1871885279620492514,188,Density,<Substance C1CCCCC1{solv}{x=0.732300}|c1ccccc1{solv}{x=0.267700}>,C1CCCCC1,c1ccccc1,openff-2.2.1-ashgc,2,0.770149405990949,0.0002677894477112,0.7929200000000002,7.450000000000001e-05
25599,1344,dens_78518696584109468,189,Density,<Substance CN(CCO)CCO{solv}{x=0.743000}|O{solv}{x=0.257000}>,CN(CCO)CCO,O,openff-2.2.1-ashgc,2,1.0406749483240207,0.0003339892374027,1.0405100000000005,0.000286
25600,1345,dens_169053214615075062,190,Density,<Substance CN(CCO)CCO{solv}{x=0.257100}|O{solv}{x=0.742900}>,CN(CCO)CCO,O,openff-2.2.1-ashgc,2,1.0336930343239843,0.0003066430782414,1.0522550000000004,0.000221
25601,1346,dhmix_750283179383190388,191,EnthalpyOfMixing,<Substance CN(CCO)CCO{solv}{x=0.741100}|O{solv}{x=0.258900}>,CN(CCO)CCO,O,openff-2.2.1-ashgc,2,-0.7983723934484033,0.0481635280270565,-1.154,0.0125
25602,1347,dhmix_1537351248216247854,192,EnthalpyOfMixing,<Substance CN(CCO)CCO{solv}{x=0.259300}|O{solv}{x=0.740700}>,CN(CCO)CCO,O,openff-2.2.1-ashgc,2,-0.957522888835733,0.0298697776412304,-2.271,0.046
25603,1348,dens_1700904374078825036,193,Density,<Substance CN(CCO)CCO{solv}{x=0.484900}|O{solv}{x=0.515100}>,CN(CCO)CCO,O,openff-2.2.1-ashgc,2,1.0399890819862525,0.0002833948728443,1.048636,0.0002475
25604,1349,dhmix_1761290393567900831,194,EnthalpyOfMixing,<Substance CN(CCO)CCO{solv}{x=0.494100}|O{solv}{x=0.505900}>,CN(CCO)CCO,O,openff-2.2.1-ashgc,2,-1.217424859962421,0.0620146344837203,-2.072,0.042
25605,1350,dhmix_81883535492439507,195,EnthalpyOfMixing,<Substance C1COCO1{solv}{x=0.200000}|O=C1CCCC1{solv}{x=0.800000}>,C1COCO1,O=C1CCCC1,openff-2.2.1-ashgc,2,-0.0613127664364867,0.0431445161007713,-0.00853,0.000425
25606,1351,dens_192935635984964537,196,Density,<Substance C1COCO1{solv}{x=0.509000}|O=C1CCCC1{solv}{x=0.491000}>,C1COCO1,O=C1CCCC1,openff-2.2.1-ashgc,2,0.989715751689847,0.0002660082628205,0.9954700000000004,0.000255
25607,1352,dhmix_309530351940031317,197,EnthalpyOfMixing,<Substance C1COCO1{solv}{x=0.700000}|O=C1CCCC1{solv}{x=0.300000}>,C1COCO1,O=C1CCCC1,openff-2.2.1-ashgc,2,-0.0819613859322956,0.0345505898123915,-0.02292,0.00048
25608,1353,dhmix_1480225642523009634,198,EnthalpyOfMixing,<Substance C1COCO1{solv}{x=0.500000}|O=C1CCCC1{solv}{x=0.500000}>,C1COCO1,O=C1CCCC1,openff-2.2.1-ashgc,2,-0.0910777663983424,0.0386458299543929,-0.02181,0.000475
25609,1354,dens_1663189314624242951,199,Density,<Substance C1COCO1{solv}{x=0.225100}|O=C1CCCC1{solv}{x=0.774900}>,C1COCO1,O=C1CCCC1,openff-2.2.1-ashgc,2,0.9435585567140112,0.0002539808840283,0.9652800000000002,0.000245
25610,1355,dens_1684591254659727640,200,Density,<Substance C1COCO1{solv}{x=0.789100}|O=C1CCCC1{solv}{x=0.210900}>,C1COCO1,O=C1CCCC1,openff-2.2.1-ashgc,2,1.0428139192041,0.0002675480756448,1.02957,0.00026
25611,1356,dens_82854054922011802,201,Density,<Substance c1cc[nH]c1{solv}{x=0.542600}|c1ccncc1{solv}{x=0.457400}>,c1cc[nH]c1,c1ccncc1,openff-2.2.1-ashgc,2,0.976471510679114,0.0002465641776671,0.9706400000000002,5.5000000000000016e-05
25612,1357,dens_332042143272324658,202,Density,<Substance c1cc[nH]c1{solv}{x=0.755400}|c1ccncc1{solv}{x=0.244600}>,c1cc[nH]c1,c1ccncc1,openff-2.2.1-ashgc,2,0.9782387003952704,0.0002701530345087,0.9676900000000004,5.5000000000000016e-05
25613,1358,dhmix_582184351339863568,203,EnthalpyOfMixing,<Substance c1cc[nH]c1{solv}{x=0.760200}|c1ccncc1{solv}{x=0.239800}>,c1cc[nH]c1,c1ccncc1,openff-2.2.1-ashgc,2,0.0992038480712764,0.0374529245350731,-1.6452,0.01075
25614,1359,dhmix_809205277185290719,204,EnthalpyOfMixing,<Substance c1cc[nH]c1{solv}{x=0.509500}|c1ccncc1{solv}{x=0.490500}>,c1cc[nH]c1,c1ccncc1,openff-2.2.1-ashgc,2,-0.0147372927756939,0.0336265500024582,-2.649,0.01645
25615,1360,dens_1187941919350264461,205,Density,<Substance c1cc[nH]c1{solv}{x=0.227300}|c1ccncc1{solv}{x=0.772700}>,c1cc[nH]c1,c1ccncc1,openff-2.2.1-ashgc,2,0.9753297573176783,0.0002433360212185,0.9755600000000002,5.5000000000000016e-05
25616,1361,dhmix_2302696180464118683,206,EnthalpyOfMixing,<Substance c1cc[nH]c1{solv}{x=0.239500}|c1ccncc1{solv}{x=0.760500}>,c1cc[nH]c1,c1ccncc1,openff-2.2.1-ashgc,2,-0.0141866939616797,0.0350217256885734,-1.7662,0.01145
25617,1362,dhmix_84488753175979819,207,EnthalpyOfMixing,<Substance C1CCOCC1{solv}{x=0.500000}|CCO{solv}{x=0.500000}>,C1CCOCC1,CCO,openff-2.2.1-ashgc,2,1.0080925600847903,0.0295024599283786,0.8491,0.00794
25618,1363,dens_904236164857914889,208,Density,<Substance C1CCOCC1{solv}{x=0.701000}|CCO{solv}{x=0.299000}>,C1CCOCC1,CCO,openff-2.2.1-ashgc,2,0.8476148619815336,0.0002511929563174,0.8595400000000002,8.500000000000002e-05
25619,1364,dhmix_923986751684807715,209,EnthalpyOfMixing,<Substance C1CCOCC1{solv}{x=0.750000}|CCO{solv}{x=0.250000}>,C1CCOCC1,CCO,openff-2.2.1-ashgc,2,0.8846282973385371,0.0410247898359628,0.75364,0.007115
25620,1365,dhmix_927648698725704337,210,EnthalpyOfMixing,<Substance C1CCOCC1{solv}{x=0.250000}|CCO{solv}{x=0.750000}>,C1CCOCC1,CCO,openff-2.2.1-ashgc,2,0.7021821042724881,0.0357519394151975,0.57017,0.00553
25621,1366,dens_1095414448718823860,211,Density,<Substance C1CCOCC1{solv}{x=0.504000}|CCO{solv}{x=0.496000}>,C1CCOCC1,CCO,openff-2.2.1-ashgc,2,0.8342277505809995,0.0002944736943909,0.8440100000000001,0.0001
25622,1367,dens_1309012152943788187,212,Density,<Substance C1CCOCC1{solv}{x=0.284000}|CCO{solv}{x=0.716000}>,C1CCOCC1,CCO,openff-2.2.1-ashgc,2,0.8154640207674296,0.0003239340127682,0.8227400000000002,0.00012
25623,1368,dens_88489471162801298,213,Density,<Substance CC(C)=O{solv}{x=0.248400}|Nc1ccccc1{solv}{x=0.751600}>,CC(C)=O,Nc1ccccc1,openff-2.2.1-ashgc,2,1.0026927424818166,0.000283788211433,0.9768950000000002,0.0001055
25624,1369,dens_892449093930393176,214,Density,<Substance CC(C)=O{solv}{x=0.411400}|Nc1ccccc1{solv}{x=0.588600}>,CC(C)=O,Nc1ccccc1,openff-2.2.1-ashgc,2,0.9596513257359915,0.000201847439242,0.9457730000000002,0.0001285
25625,1370,dens_1087594007698023193,215,Density,<Substance CC(C)=O{solv}{x=0.699300}|Nc1ccccc1{solv}{x=0.300700}>,CC(C)=O,Nc1ccccc1,openff-2.2.1-ashgc,2,0.8748649515196772,0.0002684969248791,0.8786430000000003,0.000178
25626,1371,dhmix_1461699545612032563,216,EnthalpyOfMixing,<Substance CC(C)=O{solv}{x=0.214500}|Nc1ccccc1{solv}{x=0.785500}>,CC(C)=O,Nc1ccccc1,openff-2.2.1-ashgc,2,-0.317590541454706,0.0357622343796016,-0.746,0.008
25627,1372,dhmix_1577476208805542019,217,EnthalpyOfMixing,<Substance CC(C)=O{solv}{x=0.699100}|Nc1ccccc1{solv}{x=0.300900}>,CC(C)=O,Nc1ccccc1,openff-2.2.1-ashgc,2,-0.8252420742169946,0.0340438085832606,-1.076,0.0115
25628,1373,dhmix_2267661763264899390,218,EnthalpyOfMixing,<Substance CC(C)=O{solv}{x=0.410700}|Nc1ccccc1{solv}{x=0.589300}>,CC(C)=O,Nc1ccccc1,openff-2.2.1-ashgc,2,-0.6418978871691934,0.0391997796788403,-1.165,0.0125
25629,1374,dhmix_90851537891129625,219,EnthalpyOfMixing,<Substance C1CCOCC1{solv}{x=0.268300}|Cc1ccccn1{solv}{x=0.731700}>,C1CCOCC1,Cc1ccccn1,openff-2.2.1-ashgc,2,0.0956921814409668,0.0454421256276741,0.1057,0.00105
25630,1375,dhmix_975790739707505549,220,EnthalpyOfMixing,<Substance C1CCOCC1{solv}{x=0.482200}|Cc1ccccn1{solv}{x=0.517800}>,C1CCOCC1,Cc1ccccn1,openff-2.2.1-ashgc,2,0.0832622859214001,0.0395185260025718,0.1728,0.00135
25631,1376,dens_981500521813591443,221,Density,<Substance C1CCOCC1{solv}{x=0.491600}|Cc1ccccn1{solv}{x=0.508400}>,C1CCOCC1,Cc1ccccn1,openff-2.2.1-ashgc,2,0.9022912416239846,0.0002162827706677,0.910915,0.000475
25632,1377,dens_1237050172671894703,222,Density,<Substance C1CCOCC1{solv}{x=0.237300}|Cc1ccccn1{solv}{x=0.762700}>,C1CCOCC1,Cc1ccccn1,openff-2.2.1-ashgc,2,0.92090447933521,0.000246392075244,0.9261620000000004,0.0004855
25633,1378,dhmix_1841520238596708010,223,EnthalpyOfMixing,<Substance C1CCOCC1{solv}{x=0.821600}|Cc1ccccn1{solv}{x=0.178400}>,C1CCOCC1,Cc1ccccn1,openff-2.2.1-ashgc,2,0.0714348712753434,0.0436246891871264,0.1352,0.0012
25634,1379,dens_1852422594896475094,224,Density,<Substance C1CCOCC1{solv}{x=0.821900}|Cc1ccccn1{solv}{x=0.178100}>,C1CCOCC1,Cc1ccccn1,openff-2.2.1-ashgc,2,0.8682074541310042,0.0002643907838311,0.8802920000000002,0.000454
25635,1380,dhmix_93676522673462266,225,EnthalpyOfMixing,<Substance CC(=O)N(C)C{solv}{x=0.702000}|ClCCCl{solv}{x=0.298000}>,CC(=O)N(C)C,ClCCCl,openff-2.2.1-ashgc,2,-0.458455617238779,0.0394089896499257,-0.706,0.004
25636,1381,dens_466640151895915379,226,Density,<Substance CC(=O)N(C)C{solv}{x=0.499900}|ClCCCl{solv}{x=0.500100}>,CC(=O)N(C)C,ClCCCl,openff-2.2.1-ashgc,2,1.0462890742964033,0.0003099253851004,1.0774000000000004,0.00325
25637,1382,dhmix_504891727488256514,227,EnthalpyOfMixing,<Substance CC(=O)N(C)C{solv}{x=0.202000}|ClCCCl{solv}{x=0.798000}>,CC(=O)N(C)C,ClCCCl,openff-2.2.1-ashgc,2,-0.3689910280524842,0.0343498837905936,-0.586,0.004
25638,1383,dens_1432716574300574119,228,Density,<Substance CC(=O)N(C)C{solv}{x=0.298800}|ClCCCl{solv}{x=0.701200}>,CC(=O)N(C)C,ClCCCl,openff-2.2.1-ashgc,2,1.1106921308088769,0.0003574448439446,1.1413000000000002,0.00345
25639,1384,dens_1909242265481868478,229,Density,<Substance CC(=O)N(C)C{solv}{x=0.700800}|ClCCCl{solv}{x=0.299200}>,CC(=O)N(C)C,ClCCCl,openff-2.2.1-ashgc,2,0.9840373725515223,0.0002656868679676,1.0181000000000002,0.00305
25640,1385,dhmix_2201663021806040380,230,EnthalpyOfMixing,<Substance CC(=O)N(C)C{solv}{x=0.500000}|ClCCCl{solv}{x=0.500000}>,CC(=O)N(C)C,ClCCCl,openff-2.2.1-ashgc,2,-0.5688572226828126,0.0369521501096186,-0.885,0.004
25641,1386,dhmix_101847702994296892,231,EnthalpyOfMixing,<Substance CCCCCCCl{solv}{x=0.790000}|CN1CCCC1=O{solv}{x=0.210000}>,CCCCCCCl,CN1CCCC1=O,openff-2.2.1-ashgc,2,0.6920465667597,0.0466842965094147,0.232,0.0025
25642,1387,dhmix_275814181113182192,232,EnthalpyOfMixing,<Substance CCCCCCCl{solv}{x=0.497000}|CN1CCCC1=O{solv}{x=0.503000}>,CCCCCCCl,CN1CCCC1=O,openff-2.2.1-ashgc,2,1.0170103221533608,0.041446601382302,0.416,0.0025
25643,1388,dens_441375838683668512,233,Density,<Substance CCCCCCCl{solv}{x=0.499300}|CN1CCCC1=O{solv}{x=0.500700}>,CCCCCCCl,CN1CCCC1=O,openff-2.2.1-ashgc,2,0.9218915153306476,0.0002192748717009,0.9389000000000002,0.0002
25644,1389,dhmix_840847840731542643,234,EnthalpyOfMixing,<Substance CCCCCCCl{solv}{x=0.203000}|CN1CCCC1=O{solv}{x=0.797000}>,CCCCCCCl,CN1CCCC1=O,openff-2.2.1-ashgc,2,0.671343484133871,0.0459233746798933,0.319,0.0025
25645,1390,dens_1314691253679633833,235,Density,<Substance CCCCCCCl{solv}{x=0.298400}|CN1CCCC1=O{solv}{x=0.701600}>,CCCCCCCl,CN1CCCC1=O,openff-2.2.1-ashgc,2,0.9500292368454116,0.0002275977247425,0.9715000000000004,0.0002
25646,1391,dens_1366683244756558841,236,Density,<Substance CCCCCCCl{solv}{x=0.801200}|CN1CCCC1=O{solv}{x=0.198800}>,CCCCCCCl,CN1CCCC1=O,openff-2.2.1-ashgc,2,0.8831863270597563,0.0001812201940352,0.8970000000000002,0.0003
25647,1392,dhmix_107460606439569535,237,EnthalpyOfMixing,<Substance C1COCCO1{solv}{x=0.572500}|O=C1CCCCCC1{solv}{x=0.427500}>,C1COCCO1,O=C1CCCCCC1,openff-2.2.1-ashgc,2,0.2341358106183264,0.0464333283101832,0.1032,0.00125
25648,1393,dens_229535957420918177,238,Density,<Substance C1COCCO1{solv}{x=0.748900}|O=C1CCCCCC1{solv}{x=0.251100}>,C1COCCO1,O=C1CCCCCC1,openff-2.2.1-ashgc,2,0.9903312827406898,0.0002039991500369,0.9994100000000002,0.00051
25649,1394,dhmix_1101001475632451077,239,EnthalpyOfMixing,<Substance C1COCCO1{solv}{x=0.225200}|O=C1CCCCCC1{solv}{x=0.774800}>,C1COCCO1,O=C1CCCCCC1,openff-2.2.1-ashgc,2,0.1392622589769274,0.0490654107252721,0.0783,0.001
25650,1395,dens_1711999737319704820,240,Density,<Substance C1COCCO1{solv}{x=0.572300}|O=C1CCCCCC1{solv}{x=0.427700}>,C1COCCO1,O=C1CCCCCC1,openff-2.2.1-ashgc,2,0.9590427646713892,0.0002142673381763,0.9737000000000002,0.00051
25651,1396,dens_1973863157285112004,241,Density,<Substance C1COCCO1{solv}{x=0.255500}|O=C1CCCCCC1{solv}{x=0.744500}>,C1COCCO1,O=C1CCCCCC1,openff-2.2.1-ashgc,2,0.9393321859288728,0.0001586385248828,0.9616800000000002,0.000515
25652,1397,dhmix_2239035738396328121,242,EnthalpyOfMixing,<Substance C1COCCO1{solv}{x=0.771600}|O=C1CCCCCC1{solv}{x=0.228400}>,C1COCCO1,O=C1CCCCCC1,openff-2.2.1-ashgc,2,0.1797292766776053,0.045748276415697,0.0694,0.0009
25653,1398,dhmix_110368175234083214,243,EnthalpyOfMixing,<Substance CC#N{solv}{x=0.201600}|CCOC(C)(C)CC{solv}{x=0.798400}>,CC#N,CCOC(C)(C)CC,openff-2.2.1-ashgc,2,0.2842347712407758,0.0499301321558061,0.6411,0.0087
25654,1399,dhmix_565046024644834395,244,EnthalpyOfMixing,<Substance CC#N{solv}{x=0.700400}|CCOC(C)(C)CC{solv}{x=0.299600}>,CC#N,CCOC(C)(C)CC,openff-2.2.1-ashgc,2,0.4084820790478827,0.0351253984596791,0.8397,0.0113
25655,1400,dens_865362803305469370,245,Density,<Substance CC#N{solv}{x=0.502400}|CCOC(C)(C)CC{solv}{x=0.497600}>,CC#N,CCOC(C)(C)CC,openff-2.2.1-ashgc,2,0.7672544677683751,0.0002333806776189,0.7675000000000002,0.00035
25656,1401,dhmix_1131176031733024874,246,EnthalpyOfMixing,<Substance CC#N{solv}{x=0.502400}|CCOC(C)(C)CC{solv}{x=0.497600}>,CC#N,CCOC(C)(C)CC,openff-2.2.1-ashgc,2,0.3789330095893213,0.0395877518419845,0.9514,0.01285
25657,1402,dens_1305751749890499162,247,Density,<Substance CC#N{solv}{x=0.201600}|CCOC(C)(C)CC{solv}{x=0.798400}>,CC#N,CCOC(C)(C)CC,openff-2.2.1-ashgc,2,0.7632345108994723,0.0001700289241902,0.7635000000000002,0.00025
25658,1403,dens_1928701304100922381,248,Density,<Substance CC#N{solv}{x=0.700400}|CCOC(C)(C)CC{solv}{x=0.299600}>,CC#N,CCOC(C)(C)CC,openff-2.2.1-ashgc,2,0.7708108639564927,0.0001698278592042,0.7707000000000003,0.0005
25659,1404,dhmix_112729391186229967,249,EnthalpyOfMixing,<Substance CCC(C)=O{solv}{x=0.509000}|CNc1ccccc1{solv}{x=0.491000}>,CCC(C)=O,CNc1ccccc1,openff-2.2.1-ashgc,2,-0.4727498453063852,0.0478770275346714,-0.816,0.009
25660,1405,dens_414028029115294252,250,Density,<Substance CCC(C)=O{solv}{x=0.746300}|CNc1ccccc1{solv}{x=0.253700}>,CCC(C)=O,CNc1ccccc1,openff-2.2.1-ashgc,2,0.838480395967923,0.0002427580246126,0.8582020000000002,0.000102
25661,1406,dens_559789475978651659,251,Density,<Substance CCC(C)=O{solv}{x=0.495000}|CNc1ccccc1{solv}{x=0.505000}>,CCC(C)=O,CNc1ccccc1,openff-2.2.1-ashgc,2,0.8953610288386074,0.0002140385324443,0.9066940000000002,0.000164
25662,1407,dhmix_1637459312398636454,252,EnthalpyOfMixing,<Substance CCC(C)=O{solv}{x=0.228300}|CNc1ccccc1{solv}{x=0.771700}>,CCC(C)=O,CNc1ccccc1,openff-2.2.1-ashgc,2,-0.3084333552525855,0.0392547212484847,-0.54,0.006
25663,1408,dhmix_1933605864237207151,253,EnthalpyOfMixing,<Substance CCC(C)=O{solv}{x=0.705500}|CNc1ccccc1{solv}{x=0.294500}>,CCC(C)=O,CNc1ccccc1,openff-2.2.1-ashgc,2,-0.5660357135682497,0.0395208776712673,-0.672,0.0075
25664,1409,dens_2039660657679820411,254,Density,<Substance CCC(C)=O{solv}{x=0.258900}|CNc1ccccc1{solv}{x=0.741100}>,CCC(C)=O,CNc1ccccc1,openff-2.2.1-ashgc,2,0.9437193897616584,0.0002028602002108,0.9456330000000004,0.000259
25665,1410,dhmix_112832411362526364,255,EnthalpyOfMixing,<Substance C=CCCCC{solv}{x=0.250000}|CCCCO{solv}{x=0.750000}>,C=CCCCC,CCCCO,openff-2.2.1-ashgc,2,0.489345570534283,0.042073458751896,0.2829,0.00333
25666,1411,dhmix_385937725855980509,256,EnthalpyOfMixing,<Substance C=CCCCC{solv}{x=0.749900}|CCCCO{solv}{x=0.250100}>,C=CCCCC,CCCCO,openff-2.2.1-ashgc,2,0.8107804505700358,0.0420658288215658,0.63978,0.00696
25667,1412,dens_417191245012747241,257,Density,<Substance C=CCCCC{solv}{x=0.501800}|CCCCO{solv}{x=0.498200}>,C=CCCCC,CCCCO,openff-2.2.1-ashgc,2,0.7143199824704314,0.0002352694898415,0.7340000000000002,0.00035
25668,1413,dens_1053849773924337242,258,Density,<Substance C=CCCCC{solv}{x=0.100100}|CCCCO{solv}{x=0.899900}>,C=CCCCC,CCCCO,openff-2.2.1-ashgc,2,0.7842089262450785,0.0002379497922464,0.7924000000000002,0.00035
25669,1414,dhmix_1436053809694490847,259,EnthalpyOfMixing,<Substance C=CCCCC{solv}{x=0.500300}|CCCCO{solv}{x=0.499700}>,C=CCCCC,CCCCO,openff-2.2.1-ashgc,2,0.7155821399927476,0.0422232132877898,0.56098,0.00616
25670,1415,dens_1967827958045932694,260,Density,<Substance C=CCCCC{solv}{x=0.900000}|CCCCO{solv}{x=0.100000}>,C=CCCCC,CCCCO,openff-2.2.1-ashgc,2,0.659372600187858,0.0002503421939656,0.6818000000000001,0.00035
25671,1416,dhmix_113202719214912577,261,EnthalpyOfMixing,<Substance CCN(CC)CCO{solv}{x=0.700300}|O{solv}{x=0.299700}>,CCN(CC)CCO,O,openff-2.2.1-ashgc,2,-1.6857222098614102,0.0394865696669965,-1.75,0.019
25672,1417,dhmix_450200897960931857,262,EnthalpyOfMixing,<Substance CCN(CC)CCO{solv}{x=0.500200}|O{solv}{x=0.499800}>,CCN(CC)CCO,O,openff-2.2.1-ashgc,2,-1.9291803462233403,0.0348619696122453,-2.504,0.027
25673,1418,dens_727880187774296815,263,Density,<Substance CCN(CC)CCO{solv}{x=0.799700}|O{solv}{x=0.200300}>,CCN(CC)CCO,O,openff-2.2.1-ashgc,2,0.8790325249112692,0.0003114775762077,0.8996000000000003,0.005
25674,1419,dens_943193748522476096,264,Density,<Substance CCN(CC)CCO{solv}{x=0.499700}|O{solv}{x=0.500300}>,CCN(CC)CCO,O,openff-2.2.1-ashgc,2,0.8960775728250221,0.0002686098349431,0.9222000000000002,0.005
25675,1420,dhmix_1628408668678458098,265,EnthalpyOfMixing,<Substance CCN(CC)CCO{solv}{x=0.200800}|O{solv}{x=0.799200}>,CCN(CC)CCO,O,openff-2.2.1-ashgc,2,-0.9663301798083064,0.0307740474634796,-2.185,0.0235
25676,1421,dens_1679974305630699360,266,Density,<Substance CCN(CC)CCO{solv}{x=0.193290}|O{solv}{x=0.806710}>,CCN(CC)CCO,O,openff-2.2.1-ashgc,2,0.9205011537232834,0.0003861238041253,0.9615690000000002,0.000144
25677,1422,dens_114257363738318755,267,Density,<Substance C1CCCCC1{solv}{x=0.754300}|CCCCCC{solv}{x=0.245700}>,C1CCCCC1,CCCCCC,openff-2.2.1-ashgc,2,0.7187933471361619,0.0002375014665056,0.7392000000000002,0.00065
25678,1423,dens_528453314861364780,268,Density,<Substance C1CCCCC1{solv}{x=0.234300}|CCCCCC{solv}{x=0.765700}>,C1CCCCC1,CCCCCC,openff-2.2.1-ashgc,2,0.6621865641419041,0.0002363539457347,0.6838300000000002,0.001655
25679,1424,dens_547437695672624422,269,Density,<Substance C1CCCCC1{solv}{x=0.479300}|CCCCCC{solv}{x=0.520700}>,C1CCCCC1,CCCCCC,openff-2.2.1-ashgc,2,0.6873668565419138,0.0002295593453428,0.7105500000000001,0.001555
25680,1425,dhmix_728030976573858762,270,EnthalpyOfMixing,<Substance C1CCCCC1{solv}{x=0.483200}|CCCCCC{solv}{x=0.516800}>,C1CCCCC1,CCCCCC,openff-2.2.1-ashgc,2,0.2652283748801807,0.0455894348492997,0.2144,0.00155
25681,1426,dhmix_1406519609852245638,271,EnthalpyOfMixing,<Substance C1CCCCC1{solv}{x=0.219000}|CCCCCC{solv}{x=0.781000}>,C1CCCCC1,CCCCCC,openff-2.2.1-ashgc,2,0.1283322954515569,0.0466238840732045,0.1264,0.00105
25682,1427,dhmix_1819992223413741006,272,EnthalpyOfMixing,<Substance C1CCCCC1{solv}{x=0.725500}|CCCCCC{solv}{x=0.274500}>,C1CCCCC1,CCCCCC,openff-2.2.1-ashgc,2,0.1939993837659983,0.0462515464767915,0.199,0.00145
25683,1428,dhmix_114464856611254095,273,EnthalpyOfMixing,<Substance COc1ccccc1{solv}{x=0.739800}|OCc1ccccc1{solv}{x=0.260200}>,COc1ccccc1,OCc1ccccc1,openff-2.2.1-ashgc,2,0.914622003740746,0.0445759883312339,1.0539,0.0113
25684,1429,dens_844721400884986444,274,Density,<Substance COc1ccccc1{solv}{x=0.288300}|OCc1ccccc1{solv}{x=0.711700}>,COc1ccccc1,OCc1ccccc1,openff-2.2.1-ashgc,2,1.0068083456930974,0.0001995553184571,1.0180000000000002,0.000135
25685,1430,dens_1208569209782779179,275,Density,<Substance COc1ccccc1{solv}{x=0.491100}|OCc1ccccc1{solv}{x=0.508900}>,COc1ccccc1,OCc1ccccc1,openff-2.2.1-ashgc,2,0.9941664441343578,0.000240490425198,1.0069400000000004,0.000165
25686,1431,dhmix_1342325728364187329,276,EnthalpyOfMixing,<Substance COc1ccccc1{solv}{x=0.240100}|OCc1ccccc1{solv}{x=0.759900}>,COc1ccccc1,OCc1ccccc1,openff-2.2.1-ashgc,2,0.4696471769145702,0.0479410746991051,0.6199,0.0067
25687,1432,dhmix_1596550872819493971,277,EnthalpyOfMixing,<Substance COc1ccccc1{solv}{x=0.486600}|OCc1ccccc1{solv}{x=0.513400}>,COc1ccccc1,OCc1ccccc1,openff-2.2.1-ashgc,2,0.8571433817618086,0.0482730656234162,0.9688,0.0104
25688,1433,dens_1833270112854727934,278,Density,<Substance COc1ccccc1{solv}{x=0.774500}|OCc1ccccc1{solv}{x=0.225500}>,COc1ccccc1,OCc1ccccc1,openff-2.2.1-ashgc,2,0.97674284487892,0.0002347670761017,0.9915900000000004,0.000215
25689,1434,dens_114725786693793907,279,Density,<Substance CC(=O)O{solv}{x=0.703100}|CCO{solv}{x=0.296900}>,CC(=O)O,CCO,openff-2.2.1-ashgc,2,0.989125590478242,0.0003459785230044,0.97355,0.00021
25690,1435,dens_883421079927261907,280,Density,<Substance CC(=O)O{solv}{x=0.496100}|CCO{solv}{x=0.503900}>,CC(=O)O,CCO,openff-2.2.1-ashgc,2,0.9288826632706796,0.0003252325429018,0.9199600000000002,0.0002
25691,1436,dens_1042567278853913615,281,Density,<Substance CC(=O)O{solv}{x=0.297100}|CCO{solv}{x=0.702900}>,CC(=O)O,CCO,openff-2.2.1-ashgc,2,0.8718075173886205,0.0003243986113881,0.8668600000000002,0.000195
25692,1437,dhmix_129373600931207498,282,EnthalpyOfMixing,<Substance NCCNCCN{solv}{x=0.702000}|O{solv}{x=0.298000}>,NCCNCCN,O,openff-2.2.1-ashgc,2,-2.63205898439071,0.0384993030408306,-3.393,0.036
25693,1438,dhmix_313570094367316478,283,EnthalpyOfMixing,<Substance NCCNCCN{solv}{x=0.241600}|O{solv}{x=0.758400}>,NCCNCCN,O,openff-2.2.1-ashgc,2,-3.763626141618865,0.0269512531792526,-6.523,0.0695
25694,1439,dens_548243159356184104,284,Density,<Substance NCCNCCN{solv}{x=0.244900}|O{solv}{x=0.755100}>,NCCNCCN,O,openff-2.2.1-ashgc,2,1.0588610797577158,0.0004197358358358,1.0275000000000003,0.0005
25695,1440,dens_913992897582667960,285,Density,<Substance NCCNCCN{solv}{x=0.497400}|O{solv}{x=0.502600}>,NCCNCCN,O,openff-2.2.1-ashgc,2,1.0635404344052537,0.0002309256648576,0.9928000000000002,0.0005
25696,1441,dhmix_1565087976771168604,286,EnthalpyOfMixing,<Substance NCCNCCN{solv}{x=0.501000}|O{solv}{x=0.499000}>,NCCNCCN,O,openff-2.2.1-ashgc,2,-4.31981932848592,0.0393551540131928,-5.417,0.0575
25697,1442,dens_1812124220217686569,287,Density,<Substance NCCNCCN{solv}{x=0.698800}|O{solv}{x=0.301200}>,NCCNCCN,O,openff-2.2.1-ashgc,2,1.0602353900902957,0.0001704862342331,0.9718000000000002,0.0005
25698,1443,dhmix_135176730945124637,288,EnthalpyOfMixing,<Substance CCCCNCCCC{solv}{x=0.751800}|CN(C)C=O{solv}{x=0.248200}>,CCCCNCCCC,CN(C)C=O,openff-2.2.1-ashgc,2,0.1835596706564217,0.0574687845447388,0.782,0.025
25699,1444,dens_586298674852090193,289,Density,<Substance CCCCNCCCC{solv}{x=0.726600}|CN(C)C=O{solv}{x=0.273400}>,CCCCNCCCC,CN(C)C=O,openff-2.2.1-ashgc,2,0.7798528333187118,0.0001581589783118,0.7828350000000002,0.0009465
25700,1445,dens_711718403070096827,290,Density,<Substance CCCCNCCCC{solv}{x=0.263900}|CN(C)C=O{solv}{x=0.736100}>,CCCCNCCCC,CN(C)C=O,openff-2.2.1-ashgc,2,0.8476942695682634,0.0002290028169475,0.8609240000000001,0.001053
25701,1446,dhmix_1537913365058000269,291,EnthalpyOfMixing,<Substance CCCCNCCCC{solv}{x=0.249400}|CN(C)C=O{solv}{x=0.750600}>,CCCCNCCCC,CN(C)C=O,openff-2.2.1-ashgc,2,0.390556582997128,0.0442904534942555,0.921,0.029
25702,1447,dhmix_1965420976556284821,292,EnthalpyOfMixing,<Substance CCCCNCCCC{solv}{x=0.501800}|CN(C)C=O{solv}{x=0.498200}>,CCCCNCCCC,CN(C)C=O,openff-2.2.1-ashgc,2,0.4438644515570331,0.0381981218417588,1.113,0.0335
25703,1448,dens_2298192241038151497,293,Density,<Substance CCCCNCCCC{solv}{x=0.492800}|CN(C)C=O{solv}{x=0.507200}>,CCCCNCCCC,CN(C)C=O,openff-2.2.1-ashgc,2,0.8087712311012181,0.0001924936100179,0.8153440000000003,0.0009895
25704,1449,dens_145031449158698048,294,Density,<Substance CN(C)C=O{solv}{x=0.498800}|ClCCCl{solv}{x=0.501200}>,CN(C)C=O,ClCCCl,openff-2.2.1-ashgc,2,1.0710427841726051,0.000333089499867,1.0957000000000003,0.00305
25705,1450,dens_511894799968528211,295,Density,<Substance CN(C)C=O{solv}{x=0.197800}|ClCCCl{solv}{x=0.802200}>,CN(C)C=O,ClCCCl,openff-2.2.1-ashgc,2,1.1571639848892488,0.0004264798379016,1.1862000000000004,0.003
25706,1451,dhmix_693792312882226719,296,EnthalpyOfMixing,<Substance CN(C)C=O{solv}{x=0.498000}|ClCCCl{solv}{x=0.502000}>,CN(C)C=O,ClCCCl,openff-2.2.1-ashgc,2,-0.0254390527585535,0.0335755416935768,-0.663,0.0035
25707,1452,dhmix_1364024895663592301,297,EnthalpyOfMixing,<Substance CN(C)C=O{solv}{x=0.299000}|ClCCCl{solv}{x=0.701000}>,CN(C)C=O,ClCCCl,openff-2.2.1-ashgc,2,-0.0268931794990798,0.0232978240594208,-0.575,0.0035
25708,1453,dens_1874616475661316520,298,Density,<Substance CN(C)C=O{solv}{x=0.705400}|ClCCCl{solv}{x=0.294600}>,CN(C)C=O,ClCCCl,openff-2.2.1-ashgc,2,1.0084232168734897,0.0003006046455046,1.0336,0.003
25709,1454,dhmix_1965344541223753593,299,EnthalpyOfMixing,<Substance CN(C)C=O{solv}{x=0.702000}|ClCCCl{solv}{x=0.298000}>,CN(C)C=O,ClCCCl,openff-2.2.1-ashgc,2,-0.0174675487662199,0.0333933724832401,-0.531,0.003
25710,1455,dens_145117083439077204,300,Density,<Substance CN1CCCC1=O{solv}{x=0.700300}|ClCCCCCl{solv}{x=0.299700}>,CN1CCCC1=O,ClCCCCCl,openff-2.2.1-ashgc,2,1.039541396520211,0.0001533255786387,1.0627000000000002,0.0005
25711,1456,dens_872271192908107773,301,Density,<Substance CN1CCCC1=O{solv}{x=0.203400}|ClCCCCCl{solv}{x=0.796600}>,CN1CCCC1=O,ClCCCCCl,openff-2.2.1-ashgc,2,1.094784952632529,0.0003088656137108,1.1142000000000003,0.00125
25712,1457,dhmix_958757583081250655,302,EnthalpyOfMixing,<Substance CN1CCCC1=O{solv}{x=0.703000}|ClCCCCCl{solv}{x=0.297000}>,CN1CCCC1=O,ClCCCCCl,openff-2.2.1-ashgc,2,0.1348304815400389,0.0444867062866119,-0.583,0.0035
25713,1458,dens_1187888029800539390,303,Density,<Substance CN1CCCC1=O{solv}{x=0.502500}|ClCCCCCl{solv}{x=0.497500}>,CN1CCCC1=O,ClCCCCCl,openff-2.2.1-ashgc,2,1.0636360027469385,0.0002594443152044,1.0840000000000003,0.00075
25714,1459,dhmix_1448185356234442909,304,EnthalpyOfMixing,<Substance CN1CCCC1=O{solv}{x=0.210000}|ClCCCCCl{solv}{x=0.790000}>,CN1CCCC1=O,ClCCCCCl,openff-2.2.1-ashgc,2,0.0790655984089667,0.0456280321164262,-0.406,0.003
25715,1460,dhmix_1623586299486793214,305,EnthalpyOfMixing,<Substance CN1CCCC1=O{solv}{x=0.505000}|ClCCCCCl{solv}{x=0.495000}>,CN1CCCC1=O,ClCCCCCl,openff-2.2.1-ashgc,2,0.2496629580753051,0.0407865995391753,-0.678,0.0035
25716,1461,dens_151421667269785380,306,Density,<Substance OCCOCCO{solv}{x=0.228500}|OCc1ccccc1{solv}{x=0.771500}>,OCCOCCO,OCc1ccccc1,openff-2.2.1-ashgc,2,1.044104858340736,0.0002596335582144,1.0497600000000002,0.000265
25717,1462,dens_207017358130726789,307,Density,<Substance OCCOCCO{solv}{x=0.531200}|OCc1ccccc1{solv}{x=0.468800}>,OCCOCCO,OCc1ccccc1,openff-2.2.1-ashgc,2,1.0696102253617952,0.0002203802909368,1.07136,0.00027
25718,1463,dhmix_638869206909151198,308,EnthalpyOfMixing,<Substance OCCOCCO{solv}{x=0.765800}|OCc1ccccc1{solv}{x=0.234200}>,OCCOCCO,OCc1ccccc1,openff-2.2.1-ashgc,2,-0.3727431932105247,0.0519074484949105,-0.3712,0.0073
25719,1464,dhmix_884415658126351430,309,EnthalpyOfMixing,<Substance OCCOCCO{solv}{x=0.266500}|OCc1ccccc1{solv}{x=0.733500}>,OCCOCCO,OCc1ccccc1,openff-2.2.1-ashgc,2,-0.4164899244403699,0.0446746049798638,-0.4216,0.0081
25720,1465,dhmix_925385148369690502,310,EnthalpyOfMixing,<Substance OCCOCCO{solv}{x=0.521600}|OCc1ccccc1{solv}{x=0.478400}>,OCCOCCO,OCc1ccccc1,openff-2.2.1-ashgc,2,-0.4466617240972255,0.0759396177620541,-0.4574,0.00865
25721,1466,dens_1617133138157859384,311,Density,<Substance OCCOCCO{solv}{x=0.727700}|OCc1ccccc1{solv}{x=0.272300}>,OCCOCCO,OCc1ccccc1,openff-2.2.1-ashgc,2,1.0858468022289622,0.000266782817846,1.0857000000000003,0.000275
25722,1467,dens_155791527624482863,312,Density,<Substance CC(C)CO{solv}{x=0.279300}|CCCCBr{solv}{x=0.720700}>,CC(C)CO,CCCCBr,openff-2.2.1-ashgc,2,1.1001401481115904,0.000403826551502,1.1339800000000002,0.000305
25723,1468,dhmix_549211977118470640,313,EnthalpyOfMixing,<Substance CC(C)CO{solv}{x=0.293800}|CCCCBr{solv}{x=0.706200}>,CC(C)CO,CCCCBr,openff-2.2.1-ashgc,2,1.1900617469316117,0.0401921935387577,1.248,0.0135
25724,1469,dens_692500675577783691,314,Density,<Substance CC(C)CO{solv}{x=0.793700}|CCCCBr{solv}{x=0.206300}>,CC(C)CO,CCCCBr,openff-2.2.1-ashgc,2,0.8903934023047981,0.0002897816445447,0.8962800000000002,0.00021
25725,1470,dens_841415441417626311,315,Density,<Substance CC(C)CO{solv}{x=0.498900}|CCCCBr{solv}{x=0.501100}>,CC(C)CO,CCCCBr,openff-2.2.1-ashgc,2,1.015536759613337,0.000323833735019,1.0366800000000005,0.000225
25726,1471,dhmix_1400807466047438160,316,EnthalpyOfMixing,<Substance CC(C)CO{solv}{x=0.499000}|CCCCBr{solv}{x=0.501000}>,CC(C)CO,CCCCBr,openff-2.2.1-ashgc,2,1.16516093201966,0.0386138816199283,1.207,0.013
25727,1472,dhmix_1959880980464917582,317,EnthalpyOfMixing,<Substance CC(C)CO{solv}{x=0.702100}|CCCCBr{solv}{x=0.297900}>,CC(C)CO,CCCCBr,openff-2.2.1-ashgc,2,0.8789001533535696,0.0328017358217448,0.891,0.0095
25728,1473,dhmix_155924436295918663,318,EnthalpyOfMixing,<Substance OCCCO{solv}{x=0.501300}|O{solv}{x=0.498700}>,O,OCCCO,openff-2.2.1-ashgc,2,0.4111874445138603,0.0305331494908341,-0.992,0.0125
25729,1474,dens_867859901093068556,319,Density,<Substance OCCCO{solv}{x=0.743700}|O{solv}{x=0.256300}>,O,OCCCO,openff-2.2.1-ashgc,2,1.0503135991457482,0.0003517153175098,1.0503800000000003,0.00023
25730,1475,dhmix_2191722776959064631,320,EnthalpyOfMixing,<Substance OCCCO{solv}{x=0.743000}|O{solv}{x=0.257000}>,O,OCCCO,openff-2.2.1-ashgc,2,0.1526517795420332,0.0521828934013943,-0.633,0.008
25731,1476,dhmix_2210594516320705991,321,EnthalpyOfMixing,<Substance OCCCO{solv}{x=0.208700}|O{solv}{x=0.791300}>,O,OCCCO,openff-2.2.1-ashgc,2,0.4366648853730233,0.0227772278343546,-0.924,0.012
25732,1477,dens_2211391404402371237,322,Density,<Substance OCCCO{solv}{x=0.244700}|O{solv}{x=0.755300}>,O,OCCCO,openff-2.2.1-ashgc,2,1.02508834949753,0.0003731783189584,1.0381600000000004,0.00019
25733,1478,dens_2211609476735134421,323,Density,<Substance OCCCO{solv}{x=0.500000}|O{solv}{x=0.500000}>,O,OCCCO,openff-2.2.1-ashgc,2,1.0429084899382146,0.0003372318696703,1.0492100000000002,0.000215
25734,1479,dhmix_156929898609376763,324,EnthalpyOfMixing,<Substance CN(C)CCCO{solv}{x=0.800100}|O{solv}{x=0.199900}>,CN(C)CCCO,O,openff-2.2.1-ashgc,2,-1.089013763098535,0.0516609270679902,-1.26,0.0135
25735,1480,dhmix_786210276753247951,325,EnthalpyOfMixing,<Substance CN(C)CCCO{solv}{x=0.199800}|O{solv}{x=0.800200}>,CN(C)CCCO,O,openff-2.2.1-ashgc,2,-0.8495428873018049,0.0243203834104111,-2.514,0.027
25736,1481,dens_971674883336993154,326,Density,<Substance CN(C)CCCO{solv}{x=0.289504}|O{solv}{x=0.710496}>,CN(C)CCCO,O,openff-2.2.1-ashgc,2,0.9320196250672452,0.0004857619211627,0.9443,0.00285
25737,1482,dhmix_1330584538745399524,327,EnthalpyOfMixing,<Substance CN(C)CCCO{solv}{x=0.501900}|O{solv}{x=0.498100}>,CN(C)CCCO,O,openff-2.2.1-ashgc,2,-1.6403180120766638,0.0315957302403781,-2.706,0.029
25738,1483,dens_1781759734173902013,328,Density,<Substance CN(C)CCCO{solv}{x=0.501300}|O{solv}{x=0.498700}>,CN(C)CCCO,O,openff-2.2.1-ashgc,2,0.9206753384588314,0.0003367950836584,0.9170700000000004,8.000000000000002e-05
25739,1484,dens_2299157616447228221,329,Density,<Substance CN(C)CCCO{solv}{x=0.800600}|O{solv}{x=0.199400}>,CN(C)CCCO,O,openff-2.2.1-ashgc,2,0.9057265101601796,0.0004150745518177,0.8915100000000002,9.500000000000002e-05
25740,1485,dhmix_157983773008192768,330,EnthalpyOfMixing,<Substance BrCCCBr{solv}{x=0.743200}|CCCCOC(=O)CCC{solv}{x=0.256800}>,BrCCCBr,CCCCOC(=O)CCC,openff-2.2.1-ashgc,2,-0.430988849011868,0.0380394295904155,0.032,0.0005
25741,1486,dens_720277045338028885,331,Density,<Substance BrCCCBr{solv}{x=0.748700}|CCCCOC(=O)CCC{solv}{x=0.251300}>,BrCCCBr,CCCCOC(=O)CCC,openff-2.2.1-ashgc,2,1.5401263315817897,0.0003792247274724,1.5786600000000004,0.00038
25742,1487,dens_933248802608751708,332,Density,<Substance BrCCCBr{solv}{x=0.529700}|CCCCOC(=O)CCC{solv}{x=0.470300}>,BrCCCBr,CCCCOC(=O)CCC,openff-2.2.1-ashgc,2,1.2935367325058191,0.0003222872336128,1.3159400000000003,0.000255
25743,1488,dens_1048925802213854204,333,Density,<Substance BrCCCBr{solv}{x=0.259100}|CCCCOC(=O)CCC{solv}{x=0.740900}>,BrCCCBr,CCCCOC(=O)CCC,openff-2.2.1-ashgc,2,1.0470845143527352,0.0002325957156943,1.0598600000000002,0.000145
25744,1489,dhmix_1090642624443832057,334,EnthalpyOfMixing,<Substance BrCCCBr{solv}{x=0.241200}|CCCCOC(=O)CCC{solv}{x=0.758800}>,BrCCCBr,CCCCOC(=O)CCC,openff-2.2.1-ashgc,2,-0.3702693047218872,0.0566012114044864,-0.094,0.001
25745,1490,dhmix_1649688325270115073,335,EnthalpyOfMixing,<Substance BrCCCBr{solv}{x=0.466700}|CCCCOC(=O)CCC{solv}{x=0.533300}>,BrCCCBr,CCCCOC(=O)CCC,openff-2.2.1-ashgc,2,-0.4757753474508703,0.0474883409017087,-0.091,0.001
25746,1491,dhmix_158101159957898775,336,EnthalpyOfMixing,<Substance CCCCCl{solv}{x=0.490000}|CN1CCCC1=O{solv}{x=0.510000}>,CCCCCl,CN1CCCC1=O,openff-2.2.1-ashgc,2,0.8605584404435618,0.0417020606531952,0.152,0.002
25747,1492,dhmix_586880142396707079,337,EnthalpyOfMixing,<Substance CCCCCl{solv}{x=0.294000}|CN1CCCC1=O{solv}{x=0.706000}>,CCCCCl,CN1CCCC1=O,openff-2.2.1-ashgc,2,0.5629184125545876,0.0444689097782274,0.145,0.002
25748,1493,dens_897975104490051322,338,Density,<Substance CCCCCl{solv}{x=0.296100}|CN1CCCC1=O{solv}{x=0.703900}>,CCCCCl,CN1CCCC1=O,openff-2.2.1-ashgc,2,0.961754997576836,0.0002207380405294,0.9862000000000004,0.0001
25749,1494,dens_1393365907116297965,339,Density,<Substance CCCCCl{solv}{x=0.702600}|CN1CCCC1=O{solv}{x=0.297400}>,CCCCCl,CN1CCCC1=O,openff-2.2.1-ashgc,2,0.9043673062843351,0.0002647208770918,0.9268000000000002,0.0001
25750,1495,dhmix_1769887717174104485,340,EnthalpyOfMixing,<Substance CCCCCl{solv}{x=0.787000}|CN1CCCC1=O{solv}{x=0.213000}>,CCCCCl,CN1CCCC1=O,openff-2.2.1-ashgc,2,0.5761995240560225,0.0412399524261825,0.081,0.002
25751,1496,dens_2070183543451797213,341,Density,<Substance CCCCCl{solv}{x=0.494800}|CN1CCCC1=O{solv}{x=0.505200}>,CCCCCl,CN1CCCC1=O,openff-2.2.1-ashgc,2,0.9351637022927394,0.0002627391539539,0.9575000000000002,0.0001
25752,1497,dens_164369774990422412,342,Density,<Substance CC(C)O{solv}{x=0.764900}|CCOC=O{solv}{x=0.235100}>,CC(C)O,CCOC=O,openff-2.2.1-ashgc,2,0.8267328319730155,0.000279274976594,0.8088000000000002,0.00035
25753,1498,dens_200561035496770448,343,Density,<Substance CC(C)O{solv}{x=0.265100}|CCOC=O{solv}{x=0.734900}>,CC(C)O,CCOC=O,openff-2.2.1-ashgc,2,0.8975965124743992,0.0003210646424526,0.8710000000000002,0.0003
25754,1499,dens_1124622586228643363,344,Density,<Substance CC(C)O{solv}{x=0.441300}|CCOC=O{solv}{x=0.558700}>,CC(C)O,CCOC=O,openff-2.2.1-ashgc,2,0.8720755199296489,0.0002943331840569,0.8482000000000003,0.00035
25755,1500,dens_166030075147825025,345,Density,<Substance Clc1ccccc1{solv}{x=0.467900}|c1ccccc1{solv}{x=0.532100}>,Clc1ccccc1,c1ccccc1,openff-2.2.1-ashgc,2,0.9780185082486754,0.0002018775244339,0.9877000000000002,0.00025
25756,1501,dens_796537469137871297,346,Density,<Substance Clc1ccccc1{solv}{x=0.735800}|c1ccccc1{solv}{x=0.264200}>,Clc1ccccc1,c1ccccc1,openff-2.2.1-ashgc,2,1.0402741371305848,0.0002775328296895,1.0465000000000002,0.0002
25757,1502,dhmix_1485547099225054006,347,EnthalpyOfMixing,<Substance Clc1ccccc1{solv}{x=0.777700}|c1ccccc1{solv}{x=0.222300}>,Clc1ccccc1,c1ccccc1,openff-2.2.1-ashgc,2,-0.0089810679646333,0.0390518358115866,-0.0036,0.0004
25758,1503,dhmix_1808283008183194060,348,EnthalpyOfMixing,<Substance Clc1ccccc1{solv}{x=0.225800}|c1ccccc1{solv}{x=0.774200}>,Clc1ccccc1,c1ccccc1,openff-2.2.1-ashgc,2,0.0109344024395809,0.0393696601102954,-0.0046,0.0004
25759,1504,dhmix_2008892820486470381,349,EnthalpyOfMixing,<Substance Clc1ccccc1{solv}{x=0.466600}|c1ccccc1{solv}{x=0.533400}>,Clc1ccccc1,c1ccccc1,openff-2.2.1-ashgc,2,-0.0519521461942744,0.0377457999567083,-0.0057,0.0004
25760,1505,dens_2142546524113318099,350,Density,<Substance Clc1ccccc1{solv}{x=0.293100}|c1ccccc1{solv}{x=0.706900}>,Clc1ccccc1,c1ccccc1,openff-2.2.1-ashgc,2,0.9342540414608056,0.0002539628630332,0.9468000000000002,0.00025
25761,1506,dhmix_166527628917371560,351,EnthalpyOfMixing,<Substance CCCCCC(C)=O{solv}{x=0.500700}|CCCNCCC{solv}{x=0.499300}>,CCCCCC(C)=O,CCCNCCC,openff-2.2.1-ashgc,2,-0.1589978502846634,0.0465433728689617,0.162,0.002
25762,1507,dhmix_181797488552739205,352,EnthalpyOfMixing,<Substance CCCCCC(C)=O{solv}{x=0.213200}|CCCNCCC{solv}{x=0.786800}>,CCCCCC(C)=O,CCCNCCC,openff-2.2.1-ashgc,2,-0.0892655295973838,0.0414706176142621,0.137,0.0015
25763,1508,dens_286521458049436805,353,Density,<Substance CCCCCC(C)=O{solv}{x=0.542700}|CCCNCCC{solv}{x=0.457300}>,CCCCCC(C)=O,CCCNCCC,openff-2.2.1-ashgc,2,0.7678945544095004,0.0001884815652532,0.7766620000000002,0.0001215
25764,1509,dens_740930494074770103,354,Density,<Substance CCCCCC(C)=O{solv}{x=0.252600}|CCCNCCC{solv}{x=0.747400}>,CCCCCC(C)=O,CCCNCCC,openff-2.2.1-ashgc,2,0.7488214816613127,0.0001389873598664,0.7540050000000001,0.0001215
25765,1510,dhmix_1180133264815330249,355,EnthalpyOfMixing,<Substance CCCCCC(C)=O{solv}{x=0.788000}|CCCNCCC{solv}{x=0.212000}>,CCCCCC(C)=O,CCCNCCC,openff-2.2.1-ashgc,2,-0.1364065239601473,0.052076593140421,0.088,0.001
25766,1511,dens_1237727796782189302,356,Density,<Substance CCCCCC(C)=O{solv}{x=0.741800}|CCCNCCC{solv}{x=0.258200}>,CCCCCC(C)=O,CCCNCCC,openff-2.2.1-ashgc,2,0.7801708218504779,0.0001514927463251,0.7918920000000003,0.00012
25767,1512,dens_168376639142843665,357,Density,<Substance BrCCBr{solv}{x=0.084500}|CCOC(=O)CC{solv}{x=0.915500}>,BrCCBr,CCOC(=O)CC,openff-2.2.1-ashgc,2,0.9633786574943908,0.0002856695992251,0.9671200000000002,0.001185
25768,1513,dhmix_897092526028522426,358,EnthalpyOfMixing,<Substance BrCCBr{solv}{x=0.753700}|CCOC(=O)CC{solv}{x=0.246300}>,BrCCBr,CCOC(=O)CC,openff-2.2.1-ashgc,2,-0.2294150824350271,0.0374472008093919,0.0052,0.0008
25769,1514,dhmix_1078383344298013541,359,EnthalpyOfMixing,<Substance BrCCBr{solv}{x=0.084100}|CCOC(=O)CC{solv}{x=0.915900}>,BrCCBr,CCOC(=O)CC,openff-2.2.1-ashgc,2,-0.1760762223285708,0.0380840320141486,-0.0683,0.0014
25770,1515,dhmix_1103515663691342839,360,EnthalpyOfMixing,<Substance BrCCBr{solv}{x=0.514000}|CCOC(=O)CC{solv}{x=0.486000}>,BrCCBr,CCOC(=O)CC,openff-2.2.1-ashgc,2,-0.3910906753484369,0.0302654873432348,-0.1259,0.00205
25771,1516,dens_1193015082780501702,361,Density,<Substance BrCCBr{solv}{x=0.484400}|CCOC(=O)CC{solv}{x=0.515600}>,BrCCBr,CCOC(=O)CC,openff-2.2.1-ashgc,2,1.3955765283008734,0.0003995027333872,1.4136000000000002,0.001165
25772,1517,dens_1660732943693703463,362,Density,<Substance BrCCBr{solv}{x=0.714800}|CCOC(=O)CC{solv}{x=0.285200}>,BrCCBr,CCOC(=O)CC,openff-2.2.1-ashgc,2,1.685447806387271,0.0005298133541939,1.7205300000000003,0.000985
25773,1518,dens_172622055198885625,363,Density,<Substance CCCCOCCO{solv}{x=0.499500}|c1ccccc1{solv}{x=0.500500}>,CCCCOCCO,c1ccccc1,openff-2.2.1-ashgc,2,0.8746395767185818,0.0002086585056855,0.8864700000000002,0.000795
25774,1519,dens_615182082919776992,364,Density,<Substance CCCCOCCO{solv}{x=0.753500}|c1ccccc1{solv}{x=0.246500}>,CCCCOCCO,c1ccccc1,openff-2.2.1-ashgc,2,0.8813300426668305,0.0001689848854251,0.8924600000000003,0.00077
25775,1520,dens_1014762781474427089,365,Density,<Substance CCCCOCCO{solv}{x=0.248800}|c1ccccc1{solv}{x=0.751200}>,CCCCOCCO,c1ccccc1,openff-2.2.1-ashgc,2,0.8662743712869498,0.0002418136032581,0.8790000000000002,0.00083
25776,1521,dhmix_1209838039340638454,366,EnthalpyOfMixing,<Substance CCCCOCCO{solv}{x=0.729700}|c1ccccc1{solv}{x=0.270300}>,CCCCOCCO,c1ccccc1,openff-2.2.1-ashgc,2,0.230702228086173,0.0522137341469439,0.3037,0.00335
25777,1522,dhmix_1416395432810708431,367,EnthalpyOfMixing,<Substance CCCCOCCO{solv}{x=0.266500}|c1ccccc1{solv}{x=0.733500}>,CCCCOCCO,c1ccccc1,openff-2.2.1-ashgc,2,0.5583320942180734,0.0434785449268908,0.6895,0.00745
25778,1523,dhmix_1775479338186698605,368,EnthalpyOfMixing,<Substance CCCCOCCO{solv}{x=0.503000}|c1ccccc1{solv}{x=0.497000}>,CCCCOCCO,c1ccccc1,openff-2.2.1-ashgc,2,0.550082289090895,0.0546445944711626,0.5563,0.00605
25779,1524,dens_173950346939686352,369,Density,<Substance CCOC(=O)CC(=O)OCC{solv}{x=0.797800}|CO{solv}{x=0.202200}>,CCOC(=O)CC(=O)OCC,CO,openff-2.2.1-ashgc,2,1.0418510816883635,0.0002272974057529,1.0336070000000002,0.0001155
25780,1525,dhmix_796570713446660029,370,EnthalpyOfMixing,<Substance CCOC(=O)CC(=O)OCC{solv}{x=0.745300}|CO{solv}{x=0.254700}>,CCOC(=O)CC(=O)OCC,CO,openff-2.2.1-ashgc,2,0.8471889681457014,0.0486966227723968,1.184,0.013
25781,1526,dhmix_1053189657313504079,371,EnthalpyOfMixing,<Substance CCOC(=O)CC(=O)OCC{solv}{x=0.499300}|CO{solv}{x=0.500700}>,CCOC(=O)CC(=O)OCC,CO,openff-2.2.1-ashgc,2,1.2217658597601255,0.0336524762735053,1.426,0.0155
25782,1527,dens_1109796780897697143,372,Density,<Substance CCOC(=O)CC(=O)OCC{solv}{x=0.500400}|CO{solv}{x=0.499600}>,CCOC(=O)CC(=O)OCC,CO,openff-2.2.1-ashgc,2,1.0001101611336616,0.0002373659608933,0.9962350000000002,9.150000000000002e-05
25783,1528,dens_1145191816882985532,373,Density,<Substance CCOC(=O)CC(=O)OCC{solv}{x=0.250100}|CO{solv}{x=0.749900}>,CCOC(=O)CC(=O)OCC,CO,openff-2.2.1-ashgc,2,0.9320043810923488,0.0003465447553962,0.9355040000000002,0.0001385
25784,1529,dhmix_1394433819711651760,374,EnthalpyOfMixing,<Substance CCOC(=O)CC(=O)OCC{solv}{x=0.251500}|CO{solv}{x=0.748500}>,CCOC(=O)CC(=O)OCC,CO,openff-2.2.1-ashgc,2,0.9775840872075108,0.0356628751090189,1.083,0.0115
25785,1530,dhmix_176700813960387714,375,EnthalpyOfMixing,<Substance CC(=O)N(C)C{solv}{x=0.211000}|ClCCCCCl{solv}{x=0.789000}>,CC(=O)N(C)C,ClCCCCCl,openff-2.2.1-ashgc,2,0.1272434308580159,0.0404390904734313,-0.188,0.0025
25786,1531,dhmix_422276068008732896,376,EnthalpyOfMixing,<Substance CC(=O)N(C)C{solv}{x=0.506000}|ClCCCCCl{solv}{x=0.494000}>,CC(=O)N(C)C,ClCCCCCl,openff-2.2.1-ashgc,2,0.1187198037404293,0.0409498062091379,-0.314,0.0025
25787,1532,dhmix_591740475541975327,377,EnthalpyOfMixing,<Substance CC(=O)N(C)C{solv}{x=0.705000}|ClCCCCCl{solv}{x=0.295000}>,CC(=O)N(C)C,ClCCCCCl,openff-2.2.1-ashgc,2,0.1823224549541962,0.0425212496641234,-0.281,0.0025
25788,1533,dens_600718364672681210,378,Density,<Substance CC(=O)N(C)C{solv}{x=0.200100}|ClCCCCCl{solv}{x=0.799900}>,CC(=O)N(C)C,ClCCCCCl,openff-2.2.1-ashgc,2,1.0750176582135569,0.0003081097902261,1.0978,0.0023
25789,1534,dens_833309518494254389,379,Density,<Substance CC(=O)N(C)C{solv}{x=0.698700}|ClCCCCCl{solv}{x=0.301300}>,CC(=O)N(C)C,ClCCCCCl,openff-2.2.1-ashgc,2,0.9702065879446026,0.0002626648221299,1.0011000000000003,0.0023
25790,1535,dens_1473570029953486090,380,Density,<Substance CC(=O)N(C)C{solv}{x=0.500900}|ClCCCCCl{solv}{x=0.499100}>,CC(=O)N(C)C,ClCCCCCl,openff-2.2.1-ashgc,2,1.0138902038259323,0.0002711896130295,1.0407000000000004,0.00225
25791,1536,dens_176740025668330569,381,Density,<Substance C1CCCCC1{solv}{x=0.499400}|C1COCCO1{solv}{x=0.500600}>,C1CCCCC1,C1COCCO1,openff-2.2.1-ashgc,2,0.8666700230611337,0.000238013302195,0.8769800000000002,8.500000000000002e-05
25792,1537,dens_476825312331327209,382,Density,<Substance C1CCCCC1{solv}{x=0.297200}|C1COCCO1{solv}{x=0.702800}>,C1CCCCC1,C1COCCO1,openff-2.2.1-ashgc,2,0.9252283834846668,0.0002469904377531,0.9312200000000004,7.000000000000002e-05
25793,1538,dens_985438980823024302,383,Density,<Substance C1CCCCC1{solv}{x=0.699700}|C1COCCO1{solv}{x=0.300300}>,C1CCCCC1,C1COCCO1,openff-2.2.1-ashgc,2,0.8144870188242526,0.0002354575805319,0.8305800000000002,0.0001
25794,1539,dhmix_1624213860575299641,384,EnthalpyOfMixing,<Substance C1CCCCC1{solv}{x=0.492800}|C1COCCO1{solv}{x=0.507200}>,C1CCCCC1,C1COCCO1,openff-2.2.1-ashgc,2,1.964339162917469,0.0436973504520452,1.588,0.008
25795,1540,dhmix_1900199136965747019,385,EnthalpyOfMixing,<Substance C1CCCCC1{solv}{x=0.239400}|C1COCCO1{solv}{x=0.760600}>,C1CCCCC1,C1COCCO1,openff-2.2.1-ashgc,2,1.4069115032660733,0.0431256290410658,1.124,0.007
25796,1541,dhmix_2022274493214392184,386,EnthalpyOfMixing,<Substance C1CCCCC1{solv}{x=0.744200}|C1COCCO1{solv}{x=0.255800}>,C1CCCCC1,C1COCCO1,openff-2.2.1-ashgc,2,1.553257139328295,0.0465810231322789,1.262,0.007
25797,1542,dhmix_182795551078530810,387,EnthalpyOfMixing,<Substance C1COCCO1{solv}{x=0.491200}|Cc1ccccc1Cl{solv}{x=0.508800}>,C1COCCO1,Cc1ccccc1Cl,openff-2.2.1-ashgc,2,0.3409387041359508,0.0400434344757685,0.356,0.002
25798,1543,dens_242592003865933955,388,Density,<Substance C1COCCO1{solv}{x=0.835700}|Cc1ccccc1Cl{solv}{x=0.164300}>,C1COCCO1,Cc1ccccc1Cl,openff-2.2.1-ashgc,2,1.024342850994856,0.0002592741527152,1.0256,0.0005
25799,1544,dens_810150133181620718,389,Density,<Substance C1COCCO1{solv}{x=0.513600}|Cc1ccccc1Cl{solv}{x=0.486400}>,C1COCCO1,Cc1ccccc1Cl,openff-2.2.1-ashgc,2,1.050091140698075,0.0002612044266696,1.0536,0.0005
25800,1545,dhmix_1949119093643648586,390,EnthalpyOfMixing,<Substance C1COCCO1{solv}{x=0.246200}|Cc1ccccc1Cl{solv}{x=0.753800}>,C1COCCO1,Cc1ccccc1Cl,openff-2.2.1-ashgc,2,0.1246619655425433,0.0364975313081381,0.206,0.001
25801,1546,dens_2161584607380261748,391,Density,<Substance C1COCCO1{solv}{x=0.226300}|Cc1ccccc1Cl{solv}{x=0.773700}>,C1COCCO1,Cc1ccccc1Cl,openff-2.2.1-ashgc,2,1.0609180048057958,0.0001900023680537,1.0674000000000003,0.0005
25802,1547,dhmix_2190589845176325501,392,EnthalpyOfMixing,<Substance C1COCCO1{solv}{x=0.835700}|Cc1ccccc1Cl{solv}{x=0.164300}>,C1COCCO1,Cc1ccccc1Cl,openff-2.2.1-ashgc,2,0.2196382359643678,0.0466414964635378,0.244,0.0015
25803,1548,dens_194492664772262961,393,Density,<Substance CCCOC=O{solv}{x=0.479500}|ClCCCl{solv}{x=0.520500}>,CCCOC=O,ClCCCl,openff-2.2.1-ashgc,2,1.0570968819336897,0.0003459034293103,1.0603100000000003,0.00196
25804,1549,dhmix_438833720470542962,394,EnthalpyOfMixing,<Substance CCCOC=O{solv}{x=0.738500}|ClCCCl{solv}{x=0.261500}>,CCCOC=O,ClCCCl,openff-2.2.1-ashgc,2,0.0206199587461348,0.0406331605322589,-0.205,0.0025
25805,1550,dens_598528978367940263,395,Density,<Substance CCCOC=O{solv}{x=0.254300}|ClCCCl{solv}{x=0.745700}>,CCCOC=O,ClCCCl,openff-2.2.1-ashgc,2,1.1258938534855727,0.00041785137553,1.1418800000000005,0.002835
25806,1551,dens_822197650497048256,396,Density,<Substance CCCOC=O{solv}{x=0.728100}|ClCCCl{solv}{x=0.271900}>,CCCOC=O,ClCCCl,openff-2.2.1-ashgc,2,0.9849703577247538,0.000330219612948,0.9794600000000002,0.001275
25807,1552,dhmix_1971772628311560569,397,EnthalpyOfMixing,<Substance CCCOC=O{solv}{x=0.503500}|ClCCCl{solv}{x=0.496500}>,CCCOC=O,ClCCCl,openff-2.2.1-ashgc,2,0.0290565797813471,0.035273355754268,-0.254,0.003
25808,1553,dhmix_2087301877194561078,398,EnthalpyOfMixing,<Substance CCCOC=O{solv}{x=0.273300}|ClCCCl{solv}{x=0.726700}>,CCCOC=O,ClCCCl,openff-2.2.1-ashgc,2,0.1617712261786543,0.0326908191163474,-0.154,0.002
25809,1554,dens_196547737404430199,399,Density,<Substance CCC(C)(C)O{solv}{x=0.258400}|CCO{solv}{x=0.741600}>,CCC(C)(C)O,CCO,openff-2.2.1-ashgc,2,0.7989729896051838,0.0002455788719569,0.7933000000000001,0.0005
25810,1555,dens_476512869308734578,400,Density,<Substance CCC(C)(C)O{solv}{x=0.549500}|CCO{solv}{x=0.450500}>,CCC(C)(C)O,CCO,openff-2.2.1-ashgc,2,0.8114970997066931,0.000230190677551,0.8018000000000002,0.0005
25811,1556,dens_822446541953482206,401,Density,<Substance CCC(C)(C)O{solv}{x=0.676500}|CCO{solv}{x=0.323500}>,CCC(C)(C)O,CCO,openff-2.2.1-ashgc,2,0.8150106867005188,0.0002407089253807,0.8048000000000002,0.0005
25812,1557,dhmix_935690434592096067,402,EnthalpyOfMixing,<Substance CCC(C)(C)O{solv}{x=0.460700}|CCO{solv}{x=0.539300}>,CCC(C)(C)O,CCO,openff-2.2.1-ashgc,2,-0.8619565287998521,0.032738055815913,-0.95,0.00405
25813,1558,dhmix_1167190373485301023,403,EnthalpyOfMixing,<Substance CCC(C)(C)O{solv}{x=0.730600}|CCO{solv}{x=0.269400}>,CCC(C)(C)O,CCO,openff-2.2.1-ashgc,2,-0.9154231639429404,0.0475053907010928,-0.7709,0.00335
25814,1559,dhmix_1275914601266938667,404,EnthalpyOfMixing,<Substance CCC(C)(C)O{solv}{x=0.280700}|CCO{solv}{x=0.719300}>,CCC(C)(C)O,CCO,openff-2.2.1-ashgc,2,-0.4900947295322875,0.0327797368366007,-0.7056,0.0031
25815,1560,dens_196896428021674416,405,Density,<Substance OCCCCO{solv}{x=0.250400}|O{solv}{x=0.749600}>,O,OCCCCO,openff-2.2.1-ashgc,2,1.0049367520979808,0.0003522720094764,1.0206500000000005,0.000165
25816,1561,dhmix_204758826312645465,406,EnthalpyOfMixing,<Substance OCCCCO{solv}{x=0.498600}|O{solv}{x=0.501400}>,O,OCCCCO,openff-2.2.1-ashgc,2,0.7824847311158312,0.0382619537515312,-0.882,0.011
25817,1562,dens_523660418548538159,407,Density,<Substance OCCCCO{solv}{x=0.502000}|O{solv}{x=0.498000}>,O,OCCCCO,openff-2.2.1-ashgc,2,1.0131654928314953,0.0004763319274802,1.0207100000000002,0.000175
25818,1563,dhmix_1424462945700338266,408,EnthalpyOfMixing,<Substance OCCCCO{solv}{x=0.794700}|O{solv}{x=0.205300}>,O,OCCCCO,openff-2.2.1-ashgc,2,0.3244833411621636,0.0403166526831779,-0.513,0.007
25819,1564,dhmix_2166372532060643622,409,EnthalpyOfMixing,<Substance OCCCCO{solv}{x=0.265800}|O{solv}{x=0.734200}>,O,OCCCCO,openff-2.2.1-ashgc,2,0.784907331535603,0.0278259306992054,-0.896,0.0115
25820,1565,dens_2215793475715067258,410,Density,<Substance OCCCCO{solv}{x=0.752800}|O{solv}{x=0.247200}>,O,OCCCCO,openff-2.2.1-ashgc,2,1.0167004271817486,0.0003005086377425,1.0165900000000003,0.00018
25821,1566,dhmix_199788824133179829,411,EnthalpyOfMixing,<Substance CNc1ccccc1{solv}{x=0.497300}|Cc1ccccc1{solv}{x=0.502700}>,CNc1ccccc1,Cc1ccccc1,openff-2.2.1-ashgc,2,0.7876897711911113,0.0426178341365546,0.497,0.0055
25822,1567,dens_515118724178190757,412,Density,<Substance CNc1ccccc1{solv}{x=0.740700}|Cc1ccccc1{solv}{x=0.259300}>,CNc1ccccc1,Cc1ccccc1,openff-2.2.1-ashgc,2,0.953077989781717,0.0002063093714984,0.9531280000000004,0.0002595
25823,1568,dens_730775902780400634,413,Density,<Substance CNc1ccccc1{solv}{x=0.245200}|Cc1ccccc1{solv}{x=0.754800}>,CNc1ccccc1,Cc1ccccc1,openff-2.2.1-ashgc,2,0.8806269677130621,0.0002400978783729,0.8935250000000002,0.000118
25824,1569,dhmix_1213795502778853356,414,EnthalpyOfMixing,<Substance CNc1ccccc1{solv}{x=0.295200}|Cc1ccccc1{solv}{x=0.704800}>,CNc1ccccc1,Cc1ccccc1,openff-2.2.1-ashgc,2,0.929992463265755,0.0446284271859109,0.459,0.005
25825,1570,dhmix_1321810550349826496,415,EnthalpyOfMixing,<Substance CNc1ccccc1{solv}{x=0.789200}|Cc1ccccc1{solv}{x=0.210800}>,CNc1ccccc1,Cc1ccccc1,openff-2.2.1-ashgc,2,0.416301809952234,0.0432327553691385,0.287,0.003
25826,1571,dens_2156484405108449314,416,Density,<Substance CNc1ccccc1{solv}{x=0.490000}|Cc1ccccc1{solv}{x=0.510000}>,CNc1ccccc1,Cc1ccccc1,openff-2.2.1-ashgc,2,0.9167064296153375,0.0002269685237992,0.9235800000000004,0.000164
25827,1572,dens_199829369486957606,417,Density,<Substance CC#N{solv}{x=0.200300}|c1ccccc1{solv}{x=0.799700}>,CC#N,c1ccccc1,openff-2.2.1-ashgc,2,0.8485298885923501,0.0002529226536995,0.8623400000000002,7.000000000000002e-05
25828,1573,dhmix_217315956534335620,418,EnthalpyOfMixing,<Substance CC#N{solv}{x=0.771500}|c1ccccc1{solv}{x=0.228500}>,CC#N,c1ccccc1,openff-2.2.1-ashgc,2,0.0389352571717118,0.0285998708236276,0.3988,0.00815
25829,1574,dhmix_730497723685339496,419,EnthalpyOfMixing,<Substance CC#N{solv}{x=0.219600}|c1ccccc1{solv}{x=0.780400}>,CC#N,c1ccccc1,openff-2.2.1-ashgc,2,-0.0318680072351895,0.0346922375048799,0.2399,0.00495
25830,1575,dhmix_1038591828122641798,420,EnthalpyOfMixing,<Substance CC#N{solv}{x=0.529500}|c1ccccc1{solv}{x=0.470500}>,CC#N,c1ccccc1,openff-2.2.1-ashgc,2,-0.0085481134118694,0.0315948064166593,0.4415,0.00905
25831,1576,dens_1457706963514561052,421,Density,<Substance CC#N{solv}{x=0.500100}|c1ccccc1{solv}{x=0.499900}>,CC#N,c1ccccc1,openff-2.2.1-ashgc,2,0.8291756652297149,0.0002674368998459,0.8384600000000002,7.500000000000002e-05
25832,1577,dens_2111393000623474162,422,Density,<Substance CC#N{solv}{x=0.700200}|c1ccccc1{solv}{x=0.299800}>,CC#N,c1ccccc1,openff-2.2.1-ashgc,2,0.8115188735785157,0.0003030159502713,0.8174500000000002,7.500000000000002e-05
25833,1578,dens_201591193434833206,423,Density,<Substance CC(C)CC(C)(C)C{solv}{x=0.082400}|CCO{solv}{x=0.917600}>,CC(C)CC(C)(C)C,CCO,openff-2.2.1-ashgc,2,0.7601142770109308,0.0003240041208265,0.7605800000000003,0.000125
25834,1579,dhmix_371477530823830451,424,EnthalpyOfMixing,<Substance CC(C)CC(C)(C)C{solv}{x=0.761700}|CCO{solv}{x=0.238300}>,CC(C)CC(C)(C)C,CCO,openff-2.2.1-ashgc,2,0.7354033536376079,0.048020765524936,0.634022,0.006851
25835,1580,dhmix_1127868571780691876,425,EnthalpyOfMixing,<Substance CC(C)CC(C)(C)C{solv}{x=0.515800}|CCO{solv}{x=0.484200}>,CC(C)CC(C)(C)C,CCO,openff-2.2.1-ashgc,2,0.9008758011252525,0.0408982430120191,0.638973,0.006903
25836,1581,dens_1250915879314267304,426,Density,<Substance CC(C)CC(C)(C)C{solv}{x=0.493740}|CCO{solv}{x=0.506260}>,CC(C)CC(C)(C)C,CCO,openff-2.2.1-ashgc,2,0.7207607342970842,0.000268323474332,0.7110500000000001,7.500000000000002e-05
25837,1582,dens_1473791133383705310,427,Density,<Substance CC(C)CC(C)(C)C{solv}{x=0.735960}|CCO{solv}{x=0.264040}>,CC(C)CC(C)(C)C,CCO,openff-2.2.1-ashgc,2,0.7094931385941942,0.0002162554246024,0.6967900000000001,7.500000000000002e-05
25838,1583,dhmix_1870637719976274804,428,EnthalpyOfMixing,<Substance CC(C)CC(C)(C)C{solv}{x=0.081500}|CCO{solv}{x=0.918500}>,CC(C)CC(C)(C)C,CCO,openff-2.2.1-ashgc,2,0.3621628624217337,0.0389576928627821,0.197762,0.0022405
25839,1584,dens_202472488934755108,429,Density,<Substance CCC#N{solv}{x=0.301800}|CCOC(C)(C)C{solv}{x=0.698200}>,CCC#N,CCOC(C)(C)C,openff-2.2.1-ashgc,2,0.7553492232008517,0.0002272963397129,0.7455000000000002,0.0002
25840,1585,dens_266175665931869051,430,Density,<Substance CCC#N{solv}{x=0.701400}|CCOC(C)(C)C{solv}{x=0.298600}>,CCC#N,CCOC(C)(C)C,openff-2.2.1-ashgc,2,0.7659292469531672,0.0002387128996934,0.7617000000000003,0.00035
25841,1586,dhmix_801664072836508009,431,EnthalpyOfMixing,<Substance CCC#N{solv}{x=0.301800}|CCOC(C)(C)C{solv}{x=0.698200}>,CCC#N,CCOC(C)(C)C,openff-2.2.1-ashgc,2,0.1032393872291237,0.0449030086068836,0.4557,0.0062
25842,1587,dhmix_1220778152018571786,432,EnthalpyOfMixing,<Substance CCC#N{solv}{x=0.501400}|CCOC(C)(C)C{solv}{x=0.498600}>,CCC#N,CCOC(C)(C)C,openff-2.2.1-ashgc,2,0.0924047831329524,0.0384646574850186,0.5053,0.00685
25843,1588,dhmix_1838699488178562925,433,EnthalpyOfMixing,<Substance CCC#N{solv}{x=0.701400}|CCOC(C)(C)C{solv}{x=0.298600}>,CCC#N,CCOC(C)(C)C,openff-2.2.1-ashgc,2,0.1513121894419651,0.0354596384008332,0.4078,0.0056
25844,1589,dens_1870081876609026392,434,Density,<Substance CCC#N{solv}{x=0.501400}|CCOC(C)(C)C{solv}{x=0.498600}>,CCC#N,CCOC(C)(C)C,openff-2.2.1-ashgc,2,0.7599495662489585,0.0002277747590705,0.7532000000000002,0.0003
25845,1590,dens_205210513551931414,435,Density,<Substance CCCC#N{solv}{x=0.200000}|c1ccccc1{solv}{x=0.800000}>,CCCC#N,c1ccccc1,openff-2.2.1-ashgc,2,0.8435964634324716,0.0002340707070894,0.8576940000000002,5.400000000000001e-05
25846,1591,dens_841576887891022329,436,Density,<Substance CCCC#N{solv}{x=0.500000}|c1ccccc1{solv}{x=0.500000}>,CCCC#N,c1ccccc1,openff-2.2.1-ashgc,2,0.820126639358119,0.0002783133804456,0.8318550000000002,5.8000000000000014e-05
25847,1592,dhmix_901910638840590393,437,EnthalpyOfMixing,<Substance CCCC#N{solv}{x=0.503700}|c1ccccc1{solv}{x=0.496300}>,CCCC#N,c1ccccc1,openff-2.2.1-ashgc,2,-0.0509660576677646,0.0359206405643815,-0.0659,0.00145
25848,1593,dhmix_1123099162248680479,438,EnthalpyOfMixing,<Substance CCCC#N{solv}{x=0.752800}|c1ccccc1{solv}{x=0.247200}>,CCCC#N,c1ccccc1,openff-2.2.1-ashgc,2,-0.0723717592791359,0.0379652427915268,-0.0312,0.0008
25849,1594,dhmix_1318990508180847616,439,EnthalpyOfMixing,<Substance CCCC#N{solv}{x=0.252800}|c1ccccc1{solv}{x=0.747200}>,CCCC#N,c1ccccc1,openff-2.2.1-ashgc,2,-0.098565490520059,0.0389860267034867,-0.0571,0.00125
25850,1595,dens_1950627772023797339,440,Density,<Substance CCCC#N{solv}{x=0.700000}|c1ccccc1{solv}{x=0.300000}>,CCCC#N,c1ccccc1,openff-2.2.1-ashgc,2,0.8054548675874565,0.0002308091925518,0.8138540000000002,6.100000000000001e-05
25851,1596,dhmix_207411229673186667,441,EnthalpyOfMixing,<Substance CC(C)(C)Cl{solv}{x=0.774700}|CC(C)OC(C)C{solv}{x=0.225300}>,CC(C)(C)Cl,CC(C)OC(C)C,openff-2.2.1-ashgc,2,-0.0877619271045944,0.0417595697076313,0.0035,0.0004
25852,1597,dhmix_263164663491745943,442,EnthalpyOfMixing,<Substance CC(C)(C)Cl{solv}{x=0.551200}|CC(C)OC(C)C{solv}{x=0.448800}>,CC(C)(C)Cl,CC(C)OC(C)C,openff-2.2.1-ashgc,2,-0.1083373964125655,0.0421026634563397,0.0071,0.0004
25853,1598,dens_1527979990628499053,443,Density,<Substance CC(C)(C)Cl{solv}{x=0.514800}|CC(C)OC(C)C{solv}{x=0.485200}>,CC(C)(C)Cl,CC(C)OC(C)C,openff-2.2.1-ashgc,2,0.788477853012756,0.0002912077442757,0.7723510000000002,0.00042
25854,1599,dens_1616242241384486673,444,Density,<Substance CC(C)(C)Cl{solv}{x=0.715200}|CC(C)OC(C)C{solv}{x=0.284800}>,CC(C)(C)Cl,CC(C)OC(C)C,openff-2.2.1-ashgc,2,0.813627729795981,0.0002392992818167,0.7971450000000002,0.0003945
25855,1600,dens_2075469437997722238,445,Density,<Substance CC(C)(C)Cl{solv}{x=0.199100}|CC(C)OC(C)C{solv}{x=0.800900}>,CC(C)(C)Cl,CC(C)OC(C)C,openff-2.2.1-ashgc,2,0.7532432699339572,0.0002469370458466,0.7376660000000003,0.0004545
25856,1601,dhmix_2101531043492089277,446,EnthalpyOfMixing,<Substance CC(C)(C)Cl{solv}{x=0.219200}|CC(C)OC(C)C{solv}{x=0.780800}>,CC(C)(C)Cl,CC(C)OC(C)C,openff-2.2.1-ashgc,2,-0.1012389562567435,0.0464036259493243,0.007,0.0004
25857,1602,dens_210389881425986721,447,Density,<Substance C1COCO1{solv}{x=0.785000}|CCCCCC(C)=O{solv}{x=0.215000}>,C1COCO1,CCCCCC(C)=O,openff-2.2.1-ashgc,2,0.9835040809672716,0.0002366585791114,0.9696500000000002,0.0003
25858,1603,dhmix_503329310014436107,448,EnthalpyOfMixing,<Substance C1COCO1{solv}{x=0.750000}|CCCCCC(C)=O{solv}{x=0.250000}>,C1COCO1,CCCCCC(C)=O,openff-2.2.1-ashgc,2,0.4843111196575336,0.0385748339473406,0.37402,0.001955
25859,1604,dens_824084186033535550,449,Density,<Substance C1COCO1{solv}{x=0.507100}|CCCCCC(C)=O{solv}{x=0.492900}>,C1COCO1,CCCCCC(C)=O,openff-2.2.1-ashgc,2,0.8926682010976325,0.0002281188682573,0.8936300000000003,0.00034
25860,1605,dens_839548343309182157,450,Density,<Substance C1COCO1{solv}{x=0.244000}|CCCCCC(C)=O{solv}{x=0.756000}>,C1COCO1,CCCCCC(C)=O,openff-2.2.1-ashgc,2,0.8352855159870275,0.0001846053850595,0.8445200000000002,0.00038
25861,1606,dhmix_1519451899562488304,451,EnthalpyOfMixing,<Substance C1COCO1{solv}{x=0.250000}|CCCCCC(C)=O{solv}{x=0.750000}>,C1COCO1,CCCCCC(C)=O,openff-2.2.1-ashgc,2,0.2659035877588138,0.0461610058637445,0.2754,0.00155
25862,1607,dhmix_1874814461447958752,452,EnthalpyOfMixing,<Substance C1COCO1{solv}{x=0.500000}|CCCCCC(C)=O{solv}{x=0.500000}>,C1COCO1,CCCCCC(C)=O,openff-2.2.1-ashgc,2,0.6271834542876178,0.0405073941616417,0.43148,0.00217
25863,1608,dhmix_219236717194413479,453,EnthalpyOfMixing,<Substance CCOc1ccccc1{solv}{x=0.762500}|OCCCc1ccccc1{solv}{x=0.237500}>,CCOc1ccccc1,OCCCc1ccccc1,openff-2.2.1-ashgc,2,0.8670489499733236,0.0462492863978034,1.1164,0.01195
25864,1609,dens_391027492102555874,454,Density,<Substance CCOc1ccccc1{solv}{x=0.515000}|OCCCc1ccccc1{solv}{x=0.485000}>,CCOc1ccccc1,OCCCc1ccccc1,openff-2.2.1-ashgc,2,0.9594743384537866,0.0002195123751484,0.9715100000000002,0.00026
25865,1610,dens_603450583692592837,455,Density,<Substance CCOc1ccccc1{solv}{x=0.707400}|OCCCc1ccccc1{solv}{x=0.292600}>,CCOc1ccccc1,OCCCc1ccccc1,openff-2.2.1-ashgc,2,0.9519508277904596,0.0001777262559199,0.9634300000000002,0.00026
25866,1611,dhmix_1297428070131435744,456,EnthalpyOfMixing,<Substance CCOc1ccccc1{solv}{x=0.516900}|OCCCc1ccccc1{solv}{x=0.483100}>,CCOc1ccccc1,OCCCc1ccccc1,openff-2.2.1-ashgc,2,0.990089507210982,0.0520565370243539,0.989,0.0106
25867,1612,dens_1659818614169719187,457,Density,<Substance CCOc1ccccc1{solv}{x=0.216400}|OCCCc1ccccc1{solv}{x=0.783600}>,CCOc1ccccc1,OCCCc1ccccc1,openff-2.2.1-ashgc,2,0.9705264311098132,0.0001873546416322,0.9832000000000004,0.00026
25868,1613,dhmix_2058966624473104004,458,EnthalpyOfMixing,<Substance CCOc1ccccc1{solv}{x=0.262900}|OCCCc1ccccc1{solv}{x=0.737100}>,CCOc1ccccc1,OCCCc1ccccc1,openff-2.2.1-ashgc,2,0.740777414072511,0.0691297672800995,0.7,0.00755
25869,1614,dhmix_224977805525763267,459,EnthalpyOfMixing,<Substance OCCO{solv}{x=0.519300}|O{solv}{x=0.480700}>,O,OCCO,openff-2.2.1-ashgc,2,0.0796464476256728,0.0273403413739891,-0.64,0.0035
25870,1615,dhmix_454389511592218960,460,EnthalpyOfMixing,<Substance OCCO{solv}{x=0.790900}|O{solv}{x=0.209100}>,O,OCCO,openff-2.2.1-ashgc,2,-0.0111156934221234,0.0382068145045424,-0.347,0.0025
25871,1616,dens_624011570206871166,461,Density,<Substance OCCO{solv}{x=0.500560}|O{solv}{x=0.499440}>,O,OCCO,openff-2.2.1-ashgc,2,1.0872762536653655,0.000335525523682,1.0923200000000002,0.0005
25872,1617,dhmix_997365299263661959,462,EnthalpyOfMixing,<Substance OCCO{solv}{x=0.205100}|O{solv}{x=0.794900}>,O,OCCO,openff-2.2.1-ashgc,2,0.172398441063855,0.0252441925974408,-0.681,0.004
25873,1618,dens_1521229282261002740,463,Density,<Substance OCCO{solv}{x=0.299010}|O{solv}{x=0.700990}>,O,OCCO,openff-2.2.1-ashgc,2,1.0621776975972954,0.0003988598596902,1.0735400000000002,0.0005
25874,1619,dens_2015496231826454735,464,Density,<Substance OCCO{solv}{x=0.706260}|O{solv}{x=0.293740}>,O,OCCO,openff-2.2.1-ashgc,2,1.1024487314029503,0.0003403733911987,1.1022400000000003,0.0005
25875,1620,dhmix_230261418136264651,465,EnthalpyOfMixing,<Substance CCCCOC(C)=O{solv}{x=0.700700}|CCOC(C)=O{solv}{x=0.299300}>,CCCCOC(C)=O,CCOC(C)=O,openff-2.2.1-ashgc,2,0.0067763409650822,0.0471039878078887,0.0594,0.001
25876,1621,dhmix_287092636460772443,466,EnthalpyOfMixing,<Substance CCCCOC(C)=O{solv}{x=0.501800}|CCOC(C)=O{solv}{x=0.498200}>,CCCCOC(C)=O,CCOC(C)=O,openff-2.2.1-ashgc,2,0.0709930074329463,0.042218947994922,0.076,0.0012
25877,1622,dens_436289636626232396,467,Density,<Substance CCCCOC(C)=O{solv}{x=0.501800}|CCOC(C)=O{solv}{x=0.498200}>,CCCCOC(C)=O,CCOC(C)=O,openff-2.2.1-ashgc,2,0.8874003054554578,0.0001927798524204,0.8829000000000002,0.0002
25878,1623,dens_1739528506032569134,468,Density,<Substance CCCCOC(C)=O{solv}{x=0.201200}|CCOC(C)=O{solv}{x=0.798800}>,CCCCOC(C)=O,CCOC(C)=O,openff-2.2.1-ashgc,2,0.8962044819505525,0.0002460957379928,0.8889000000000001,0.0002
25879,1624,dhmix_1951544232160779982,469,EnthalpyOfMixing,<Substance CCCCOC(C)=O{solv}{x=0.201200}|CCOC(C)=O{solv}{x=0.798800}>,CCCCOC(C)=O,CCOC(C)=O,openff-2.2.1-ashgc,2,-0.0624462303295842,0.0424373832726539,0.0524,0.0009
25880,1625,dens_2199004103648094822,470,Density,<Substance CCCCOC(C)=O{solv}{x=0.700700}|CCOC(C)=O{solv}{x=0.299300}>,CCCCOC(C)=O,CCOC(C)=O,openff-2.2.1-ashgc,2,0.8827541894025421,0.0002172137107862,0.8797000000000003,0.0002
25881,1626,dens_230610561971140401,471,Density,<Substance CN(C)CCO{solv}{x=0.507700}|O{solv}{x=0.492300}>,CN(C)CCO,O,openff-2.2.1-ashgc,2,0.9170088344392756,0.0002994102475225,0.9237220000000002,0.000504
25882,1627,dens_531222131704065782,472,Density,<Substance CN(C)CCO{solv}{x=0.765200}|O{solv}{x=0.234800}>,CN(C)CCO,O,openff-2.2.1-ashgc,2,0.900974710502951,0.0003217939241711,0.8989030000000002,0.0005805
25883,1628,dhmix_569544738684419327,473,EnthalpyOfMixing,<Substance CN(C)CCO{solv}{x=0.536500}|O{solv}{x=0.463500}>,CN(C)CCO,O,openff-2.2.1-ashgc,2,-2.4034188450061436,0.034274662903104,-2.575,0.0525
25884,1629,dens_1319192913326669904,474,Density,<Substance CN(C)CCO{solv}{x=0.264330}|O{solv}{x=0.735670}>,CN(C)CCO,O,openff-2.2.1-ashgc,2,0.9382253979236798,0.0003046341809741,0.9590000000000002,0.0029
25885,1630,dhmix_1669606825693628140,475,EnthalpyOfMixing,<Substance CN(C)CCO{solv}{x=0.205200}|O{solv}{x=0.794800}>,CN(C)CCO,O,openff-2.2.1-ashgc,2,-1.6036431308504069,0.0271936376194798,-2.587,0.0525
25886,1631,dhmix_1723343163215510297,476,EnthalpyOfMixing,<Substance CN(C)CCO{solv}{x=0.799600}|O{solv}{x=0.200400}>,CN(C)CCO,O,openff-2.2.1-ashgc,2,-1.3080679330671927,0.0352300115009728,-1.247,0.0255
25887,1632,dens_233554406241639981,477,Density,<Substance CC(C)CC(C)(C)C{solv}{x=0.200000}|CCCCOCCCC{solv}{x=0.800000}>,CC(C)CC(C)(C)C,CCCCOCCCC,openff-2.2.1-ashgc,2,0.7458909829787499,0.0001855358248823,0.7497500000000001,0.00017
25888,1633,dhmix_465541682585001245,478,EnthalpyOfMixing,<Substance CC(C)CC(C)(C)C{solv}{x=0.200400}|CCCCOCCCC{solv}{x=0.799600}>,CC(C)CC(C)(C)C,CCCCOCCCC,openff-2.2.1-ashgc,2,0.1676965139828325,0.0536816572983153,0.07397,0.00099
25889,1634,dhmix_1505777056782392294,479,EnthalpyOfMixing,<Substance CC(C)CC(C)(C)C{solv}{x=0.400400}|CCCCOCCCC{solv}{x=0.599600}>,CC(C)CC(C)(C)C,CCCCOCCCC,openff-2.2.1-ashgc,2,0.3294164981020913,0.0479623797444089,0.11538,0.001385
25890,1635,dhmix_1595104467389948583,480,EnthalpyOfMixing,<Substance CC(C)CC(C)(C)C{solv}{x=0.700500}|CCCCOCCCC{solv}{x=0.299500}>,CC(C)CC(C)(C)C,CCCCOCCCC,openff-2.2.1-ashgc,2,0.2875181664754791,0.0515054564401555,0.10948,0.00133
25891,1636,dens_1672861274914038509,481,Density,<Substance CC(C)CC(C)(C)C{solv}{x=0.399700}|CCCCOCCCC{solv}{x=0.600300}>,CC(C)CC(C)(C)C,CCCCOCCCC,openff-2.2.1-ashgc,2,0.7351992672635878,0.0001895070689758,0.7348100000000001,0.000175
25892,1637,dens_1954694146948787176,482,Density,<Substance CC(C)CC(C)(C)C{solv}{x=0.700000}|CCCCOCCCC{solv}{x=0.300000}>,CC(C)CC(C)(C)C,CCCCOCCCC,openff-2.2.1-ashgc,2,0.7191062162797067,0.0002061487070993,0.7117300000000002,0.000185
25893,1638,dens_234746850701826990,483,Density,<Substance CC#N{solv}{x=0.700000}|CCCCCO{solv}{x=0.300000}>,CC#N,CCCCCO,openff-2.2.1-ashgc,2,0.7935442070414119,0.0002418361612788,0.7924200000000001,0.000165
25894,1639,dens_1261543146081029601,484,Density,<Substance CC#N{solv}{x=0.500300}|CCCCCO{solv}{x=0.499700}>,CC#N,CCCCCO,openff-2.2.1-ashgc,2,0.7992301614565347,0.0002245941967958,0.7996400000000001,0.000185
25895,1640,dens_1462197010819319813,485,Density,<Substance CC#N{solv}{x=0.203100}|CCCCCO{solv}{x=0.796900}>,CC#N,CCCCCO,openff-2.2.1-ashgc,2,0.806144897053438,0.0002293034248366,0.8090600000000001,0.00022
25896,1641,dhmix_1595997756227951615,486,EnthalpyOfMixing,<Substance CC#N{solv}{x=0.235500}|CCCCCO{solv}{x=0.764500}>,CC#N,CCCCCO,openff-2.2.1-ashgc,2,1.4774794088514014,0.0451526455601653,1.451,0.006
25897,1642,dhmix_1745037615762894827,487,EnthalpyOfMixing,<Substance CC#N{solv}{x=0.516700}|CCCCCO{solv}{x=0.483300}>,CC#N,CCCCCO,openff-2.2.1-ashgc,2,2.058815565176829,0.0318134957716102,2.017,0.008
25898,1643,dhmix_2294048253872291609,488,EnthalpyOfMixing,<Substance CC#N{solv}{x=0.771100}|CCCCCO{solv}{x=0.228900}>,CC#N,CCCCCO,openff-2.2.1-ashgc,2,1.6033282395089632,0.0293402749028278,1.656,0.007
25899,1644,dens_237912652331354824,489,Density,<Substance C1COCCO1{solv}{x=0.512200}|CCCC(C)=O{solv}{x=0.487800}>,C1COCCO1,CCCC(C)=O,openff-2.2.1-ashgc,2,0.8921253895937171,0.0002632720699949,0.90478,0.00023
25900,1645,dhmix_951401191616771155,490,EnthalpyOfMixing,<Substance C1COCCO1{solv}{x=0.750000}|CCCC(C)=O{solv}{x=0.250000}>,C1COCCO1,CCCC(C)=O,openff-2.2.1-ashgc,2,0.3383270424921107,0.0440246776224768,0.23761,0.00135
25901,1646,dens_1815088975543208186,491,Density,<Substance C1COCCO1{solv}{x=0.225400}|CCCC(C)=O{solv}{x=0.774600}>,C1COCCO1,CCCC(C)=O,openff-2.2.1-ashgc,2,0.8257810403446907,0.0002047043950029,0.8442800000000001,0.00022
25902,1647,dens_2079717107234551519,492,Density,<Substance C1COCCO1{solv}{x=0.782300}|CCCC(C)=O{solv}{x=0.217700}>,C1COCCO1,CCCC(C)=O,openff-2.2.1-ashgc,2,0.9621948332440134,0.0002483823070183,0.9692000000000004,0.000245
25903,1648,dhmix_2166059870593139530,493,EnthalpyOfMixing,<Substance C1COCCO1{solv}{x=0.500000}|CCCC(C)=O{solv}{x=0.500000}>,C1COCCO1,CCCC(C)=O,openff-2.2.1-ashgc,2,0.2661566899949079,0.032466890176612,0.26523,0.001455
25904,1649,dhmix_2196150660196365471,494,EnthalpyOfMixing,<Substance C1COCCO1{solv}{x=0.250000}|CCCC(C)=O{solv}{x=0.750000}>,C1COCCO1,CCCC(C)=O,openff-2.2.1-ashgc,2,0.2796550992857689,0.0400203610400345,0.1704,0.001085
25905,1650,dhmix_243334109655928306,495,EnthalpyOfMixing,<Substance C1CCOCC1{solv}{x=0.783200}|c1ccccc1{solv}{x=0.216800}>,C1CCOCC1,c1ccccc1,openff-2.2.1-ashgc,2,-0.0523261144425077,0.0404650088601194,-0.1399,0.00165
25906,1651,dens_257753427541292519,496,Density,<Substance C1CCOCC1{solv}{x=0.479400}|c1ccccc1{solv}{x=0.520600}>,C1CCOCC1,c1ccccc1,openff-2.2.1-ashgc,2,0.8626827027578754,0.0002622886425724,0.8778700000000003,0.000505
25907,1652,dhmix_604341867718608333,497,EnthalpyOfMixing,<Substance C1CCOCC1{solv}{x=0.242500}|c1ccccc1{solv}{x=0.757500}>,C1CCOCC1,c1ccccc1,openff-2.2.1-ashgc,2,-0.0367120567492662,0.044072687993511,-0.1608,0.00185
25908,1653,dens_791001710124267373,498,Density,<Substance C1CCOCC1{solv}{x=0.223900}|c1ccccc1{solv}{x=0.776100}>,C1CCOCC1,c1ccccc1,openff-2.2.1-ashgc,2,0.8605889031038889,0.0002816877628559,0.8761000000000002,0.0005
25909,1654,dens_1402061243325720407,499,Density,<Substance C1CCOCC1{solv}{x=0.743200}|c1ccccc1{solv}{x=0.256800}>,C1CCOCC1,c1ccccc1,openff-2.2.1-ashgc,2,0.8645118576741168,0.0002519749834103,0.8789500000000002,0.000505
25910,1655,dhmix_1407142629314355761,500,EnthalpyOfMixing,<Substance C1CCOCC1{solv}{x=0.498200}|c1ccccc1{solv}{x=0.501800}>,C1CCOCC1,c1ccccc1,openff-2.2.1-ashgc,2,-0.0540811868280144,0.0373444785072879,-0.2365,0.00265
25911,1656,dhmix_266800455813556356,501,EnthalpyOfMixing,<Substance CO{solv}{x=0.727200}|OCc1ccccc1{solv}{x=0.272800}>,CO,OCc1ccccc1,openff-2.2.1-ashgc,2,-0.0368739192434155,0.0312830056621754,-0.0792,0.001
25912,1657,dhmix_949671607207910651,502,EnthalpyOfMixing,<Substance CO{solv}{x=0.500500}|OCc1ccccc1{solv}{x=0.499500}>,CO,OCc1ccccc1,openff-2.2.1-ashgc,2,-0.0899768868939219,0.033376829111272,-0.1408,0.00165
25913,1658,dhmix_1388744759732522219,503,EnthalpyOfMixing,<Substance CO{solv}{x=0.200200}|OCc1ccccc1{solv}{x=0.799800}>,CO,OCc1ccccc1,openff-2.2.1-ashgc,2,-0.0906791517155412,0.0373912297711235,-0.1081,0.0013
25914,1659,dens_270046772857960816,504,Density,<Substance C1CCOCC1{solv}{x=0.732100}|Cc1ccccc1{solv}{x=0.267900}>,C1CCOCC1,Cc1ccccc1,openff-2.2.1-ashgc,2,0.8599519243553625,0.0002507046347791,0.8754100000000001,0.000505
25915,1660,dens_324774743687652276,505,Density,<Substance C1CCOCC1{solv}{x=0.238700}|Cc1ccccc1{solv}{x=0.761300}>,C1CCOCC1,Cc1ccccc1,openff-2.2.1-ashgc,2,0.8499069849960058,0.0002337835267202,0.8669900000000003,0.000505
25916,1661,dhmix_390107187187002597,506,EnthalpyOfMixing,<Substance C1CCOCC1{solv}{x=0.531900}|Cc1ccccc1{solv}{x=0.468100}>,C1CCOCC1,Cc1ccccc1,openff-2.2.1-ashgc,2,-0.0735359627685312,0.040000671973273,-0.2225,0.0025
25917,1662,dhmix_1070320975529400325,507,EnthalpyOfMixing,<Substance C1CCOCC1{solv}{x=0.280600}|Cc1ccccc1{solv}{x=0.719400}>,C1CCOCC1,Cc1ccccc1,openff-2.2.1-ashgc,2,-0.1218789384629843,0.0406540083222763,-0.1687,0.00195
25918,1663,dens_1397318239527979287,508,Density,<Substance C1CCOCC1{solv}{x=0.491500}|Cc1ccccc1{solv}{x=0.508500}>,C1CCOCC1,Cc1ccccc1,openff-2.2.1-ashgc,2,0.8551807159858279,0.0002246072428958,0.8715100000000002,0.000505
25919,1664,dhmix_1508130989501940613,509,EnthalpyOfMixing,<Substance C1CCOCC1{solv}{x=0.741300}|Cc1ccccc1{solv}{x=0.258700}>,C1CCOCC1,Cc1ccccc1,openff-2.2.1-ashgc,2,-0.0612754566212743,0.0417622578487611,-0.1629,0.0019
25920,1665,dhmix_271732469428717581,510,EnthalpyOfMixing,<Substance COc1ccccc1{solv}{x=0.237400}|OCCCc1ccccc1{solv}{x=0.762600}>,COc1ccccc1,OCCCc1ccccc1,openff-2.2.1-ashgc,2,0.546650847153586,0.0626465153658384,0.6076,0.0066
25921,1666,dhmix_1174392275991455181,511,EnthalpyOfMixing,<Substance COc1ccccc1{solv}{x=0.554700}|OCCCc1ccccc1{solv}{x=0.445300}>,COc1ccccc1,OCCCc1ccccc1,openff-2.2.1-ashgc,2,0.747060704205829,0.0455541274140877,1.0293,0.01105
25922,1667,dhmix_1179341622676685107,512,EnthalpyOfMixing,<Substance COc1ccccc1{solv}{x=0.713600}|OCCCc1ccccc1{solv}{x=0.286400}>,COc1ccccc1,OCCCc1ccccc1,openff-2.2.1-ashgc,2,0.9605612351935946,0.0458455846902752,1.1088,0.0119
25923,1668,dens_1468428612899754720,513,Density,<Substance COc1ccccc1{solv}{x=0.747700}|OCCCc1ccccc1{solv}{x=0.252300}>,COc1ccccc1,OCCCc1ccccc1,openff-2.2.1-ashgc,2,0.9674670393023038,0.0001678375416409,0.9827800000000002,0.00026
25924,1669,dens_1534619098234859574,514,Density,<Substance COc1ccccc1{solv}{x=0.555100}|OCCCc1ccccc1{solv}{x=0.444900}>,COc1ccccc1,OCCCc1ccccc1,openff-2.2.1-ashgc,2,0.970427474603316,0.0002346119027705,0.9852700000000002,0.00026
25925,1670,dens_2298154173340539222,515,Density,<Substance COc1ccccc1{solv}{x=0.263600}|OCCCc1ccccc1{solv}{x=0.736400}>,COc1ccccc1,OCCCc1ccccc1,openff-2.2.1-ashgc,2,0.974840810840863,0.0001810782764627,0.9885500000000002,0.00026
25926,1671,dens_274848672468745759,516,Density,<Substance CCCCOC(C)=O{solv}{x=0.293400}|c1ccccc1{solv}{x=0.706600}>,CCCCOC(C)=O,c1ccccc1,openff-2.2.1-ashgc,2,0.8654795020355184,0.0002474466749692,0.8736600000000002,0.00021
25927,1672,dens_493354132810710227,517,Density,<Substance CCCCOC(C)=O{solv}{x=0.710500}|c1ccccc1{solv}{x=0.289500}>,CCCCOC(C)=O,c1ccccc1,openff-2.2.1-ashgc,2,0.8730475141662289,0.0002562158178481,0.8751500000000002,0.000335
25928,1673,dhmix_754807126845437364,518,EnthalpyOfMixing,<Substance CCCCOC(C)=O{solv}{x=0.495800}|c1ccccc1{solv}{x=0.504200}>,CCCCOC(C)=O,c1ccccc1,openff-2.2.1-ashgc,2,-0.2205646417510038,0.0442683149443661,-0.0245,0.001
25929,1674,dens_834118541551127044,519,Density,<Substance CCCCOC(C)=O{solv}{x=0.504400}|c1ccccc1{solv}{x=0.495600}>,CCCCOC(C)=O,c1ccccc1,openff-2.2.1-ashgc,2,0.8700441544456766,0.0001646403310367,0.8744300000000002,0.000265
25930,1675,dhmix_1349932525480083284,520,EnthalpyOfMixing,<Substance CCCCOC(C)=O{solv}{x=0.252300}|c1ccccc1{solv}{x=0.747700}>,CCCCOC(C)=O,c1ccccc1,openff-2.2.1-ashgc,2,-0.1118070569899316,0.0405099342471062,-0.014,0.0009
25931,1676,dhmix_1597992980658352112,521,EnthalpyOfMixing,<Substance CCCCOC(C)=O{solv}{x=0.771400}|c1ccccc1{solv}{x=0.228600}>,CCCCOC(C)=O,c1ccccc1,openff-2.2.1-ashgc,2,-0.1690930080922372,0.0520476436970716,-0.0245,0.001
25932,1677,dens_275501958869207518,522,Density,<Substance C1CCOCC1{solv}{x=0.226300}|Cc1ccccc1Cl{solv}{x=0.773700}>,C1CCOCC1,Cc1ccccc1Cl,openff-2.2.1-ashgc,2,1.0293217923998068,0.0002234334956191,1.0396,0.0005
25933,1678,dhmix_818597523255588519,523,EnthalpyOfMixing,<Substance C1CCOCC1{solv}{x=0.753300}|Cc1ccccc1Cl{solv}{x=0.246700}>,C1CCOCC1,Cc1ccccc1Cl,openff-2.2.1-ashgc,2,-0.2534466862096423,0.0419654200077867,-0.154,0.001
25934,1679,dhmix_849121557716978550,524,EnthalpyOfMixing,<Substance C1CCOCC1{solv}{x=0.517500}|Cc1ccccc1Cl{solv}{x=0.482500}>,C1CCOCC1,Cc1ccccc1Cl,openff-2.2.1-ashgc,2,-0.2822075200920295,0.0396933167607817,-0.22,0.0015
25935,1680,dens_946978292781731327,525,Density,<Substance C1CCOCC1{solv}{x=0.478400}|Cc1ccccc1Cl{solv}{x=0.521600}>,C1CCOCC1,Cc1ccccc1Cl,openff-2.2.1-ashgc,2,0.9818533567593292,0.0002489615874608,0.9931600000000002,0.00051
25936,1681,dhmix_997266220336132741,526,EnthalpyOfMixing,<Substance C1CCOCC1{solv}{x=0.263200}|Cc1ccccc1Cl{solv}{x=0.736800}>,C1CCOCC1,Cc1ccccc1Cl,openff-2.2.1-ashgc,2,-0.1675111062574075,0.0403799214814389,-0.175,0.001
25937,1682,dens_1191185394819541532,527,Density,<Substance C1CCOCC1{solv}{x=0.765800}|Cc1ccccc1Cl{solv}{x=0.234200}>,C1CCOCC1,Cc1ccccc1Cl,openff-2.2.1-ashgc,2,0.9208198672149916,0.0002448422497794,0.9336500000000002,0.000505
25938,1683,dhmix_278334692660393021,528,EnthalpyOfMixing,<Substance CCCCCCC{solv}{x=0.205900}|CNc1ccccc1{solv}{x=0.794100}>,CCCCCCC,CNc1ccccc1,openff-2.2.1-ashgc,2,1.556965097212384,0.0603523857970109,1.126,0.012
25939,1684,dens_480658478095207102,529,Density,<Substance CCCCCCC{solv}{x=0.740500}|CNc1ccccc1{solv}{x=0.259500}>,CCCCCCC,CNc1ccccc1,openff-2.2.1-ashgc,2,0.7308044155972236,0.0002161082886181,0.7424910000000001,0.00014
25940,1685,dhmix_898293423987680187,530,EnthalpyOfMixing,<Substance CCCCCCC{solv}{x=0.501700}|CNc1ccccc1{solv}{x=0.498300}>,CCCCCCC,CNc1ccccc1,openff-2.2.1-ashgc,2,1.9438186907558048,0.0528769074264715,1.676,0.018
25941,1686,dens_1509968737377061562,531,Density,<Substance CCCCCCC{solv}{x=0.250900}|CNc1ccccc1{solv}{x=0.749100}>,CCCCCCC,CNc1ccccc1,openff-2.2.1-ashgc,2,0.8874591074939253,0.0001995303853491,0.8897150000000003,0.0002615
25942,1687,dhmix_1680546488782143957,532,EnthalpyOfMixing,<Substance CCCCCCC{solv}{x=0.703200}|CNc1ccccc1{solv}{x=0.296800}>,CCCCCCC,CNc1ccccc1,openff-2.2.1-ashgc,2,1.922278392339564,0.0508397424880067,1.539,0.0165
25943,1688,dens_2074014246120135820,533,Density,<Substance CCCCCCC{solv}{x=0.497000}|CNc1ccccc1{solv}{x=0.503000}>,CCCCCCC,CNc1ccccc1,openff-2.2.1-ashgc,2,0.8027183712971672,0.000210344454918,0.8106920000000002,0.0001785
25944,1689,dens_296890921001565391,534,Density,<Substance CCCCN{solv}{x=0.755200}|CN(C)C=O{solv}{x=0.244800}>,CCCCN,CN(C)C=O,openff-2.2.1-ashgc,2,0.7903587349888703,0.000221549971595,0.7762150000000002,0.000949
25945,1690,dens_380536870617309130,535,Density,<Substance CCCCN{solv}{x=0.242800}|CN(C)C=O{solv}{x=0.757200}>,CCCCN,CN(C)C=O,openff-2.2.1-ashgc,2,0.8727270023068997,0.0002298088140129,0.8845160000000002,0.0010795
25946,1691,dhmix_493117160214491795,536,EnthalpyOfMixing,<Substance CCCCN{solv}{x=0.244100}|CN(C)C=O{solv}{x=0.755900}>,CCCCN,CN(C)C=O,openff-2.2.1-ashgc,2,0.2473558757771314,0.0375700828611885,0.245,0.008
25947,1692,dhmix_789225002934078019,537,EnthalpyOfMixing,<Substance CCCCN{solv}{x=0.750200}|CN(C)C=O{solv}{x=0.249800}>,CCCCN,CN(C)C=O,openff-2.2.1-ashgc,2,0.3210187332593577,0.0363177496731572,0.32,0.01
25948,1693,dhmix_941321571782058819,538,EnthalpyOfMixing,<Substance CCCCN{solv}{x=0.499200}|CN(C)C=O{solv}{x=0.500800}>,CCCCN,CN(C)C=O,openff-2.2.1-ashgc,2,0.4161993494833353,0.0358613199619757,0.384,0.0115
25949,1694,dens_2179361372918836941,539,Density,<Substance CCCCN{solv}{x=0.497200}|CN(C)C=O{solv}{x=0.502800}>,CCCCN,CN(C)C=O,openff-2.2.1-ashgc,2,0.830848639229731,0.000236657097341,0.8277360000000001,0.001011
25950,1695,dens_300257448272323407,540,Density,<Substance CC(C)O{solv}{x=0.745200}|NCCN{solv}{x=0.254800}>,CC(C)O,NCCN,openff-2.2.1-ashgc,2,0.8435068707032548,0.0002250051291622,0.8163970000000003,0.0002325
25951,1696,dens_924750366683277351,541,Density,<Substance CC(C)O{solv}{x=0.203100}|NCCN{solv}{x=0.796900}>,CC(C)O,NCCN,openff-2.2.1-ashgc,2,0.9669400655945256,0.0002704983291874,0.8736620000000003,0.0002225
25952,1697,dens_2284409308160572308,542,Density,<Substance CC(C)O{solv}{x=0.489100}|NCCN{solv}{x=0.510900}>,CC(C)O,NCCN,openff-2.2.1-ashgc,2,0.8977325652906216,0.0002763729038617,0.8449250000000001,0.0002245
25953,1698,dens_305501840068636812,543,Density,<Substance CC(C)=O{solv}{x=0.750000}|CCO{solv}{x=0.250000}>,CC(C)=O,CCO,openff-2.2.1-ashgc,2,0.7683333368875074,0.0003213096216107,0.7859000000000002,0.000115
25954,1699,dens_472577738907297293,544,Density,<Substance CC(C)=O{solv}{x=0.250000}|CCO{solv}{x=0.750000}>,CC(C)=O,CCO,openff-2.2.1-ashgc,2,0.777070764401332,0.0002734075612765,0.7861600000000002,0.000115
25955,1700,dens_2271083741716457850,545,Density,<Substance CC(C)=O{solv}{x=0.499900}|CCO{solv}{x=0.500100}>,CC(C)=O,CCO,openff-2.2.1-ashgc,2,0.7722358954848322,0.0003036807666106,0.7861900000000003,0.000115
25956,1701,dens_307445163336341047,546,Density,<Substance CN1CCCC1=O{solv}{x=0.703700}|ClCCCl{solv}{x=0.296300}>,CN1CCCC1=O,ClCCCl,openff-2.2.1-ashgc,2,1.060730305043306,0.0002460666577589,1.0851000000000002,0.0002
25957,1702,dhmix_453866769634566853,547,EnthalpyOfMixing,<Substance CN1CCCC1=O{solv}{x=0.253100}|ClCCCl{solv}{x=0.746900}>,CN1CCCC1=O,ClCCCl,openff-2.2.1-ashgc,2,-0.4550227511231028,0.0333205279364202,-0.8118,0.01525
25958,1703,dhmix_536206650470008584,548,EnthalpyOfMixing,<Substance CN1CCCC1=O{solv}{x=0.500000}|ClCCCl{solv}{x=0.500000}>,CN1CCCC1=O,ClCCCl,openff-2.2.1-ashgc,2,-0.5429540871403677,0.0353823991585949,-1.264,0.0055
25959,1704,dens_1046625605566999080,549,Density,<Substance CN1CCCC1=O{solv}{x=0.202500}|ClCCCl{solv}{x=0.797500}>,CN1CCCC1=O,ClCCCl,openff-2.2.1-ashgc,2,1.1704215668297395,0.0003664608931794,1.1953000000000005,0.00025
25960,1705,dhmix_1620571823529677157,550,EnthalpyOfMixing,<Substance CN1CCCC1=O{solv}{x=0.736700}|ClCCCl{solv}{x=0.263300}>,CN1CCCC1=O,ClCCCl,openff-2.2.1-ashgc,2,-0.3232057364823557,0.0430019490326598,-0.8587,0.01605
25961,1706,dens_2059567022041766694,551,Density,<Substance CN1CCCC1=O{solv}{x=0.497500}|ClCCCl{solv}{x=0.502500}>,CN1CCCC1=O,ClCCCl,openff-2.2.1-ashgc,2,1.10645421047423,0.0003138887893401,1.1283000000000003,0.0002
25962,1707,dens_313234519309892479,552,Density,<Substance CC(=O)N(C)C{solv}{x=0.293800}|CCCCCCCCCl{solv}{x=0.706200}>,CC(=O)N(C)C,CCCCCCCCCl,openff-2.2.1-ashgc,2,0.8660863831055904,0.0001988259501006,0.8796000000000003,0.00045
25963,1708,dhmix_444785917463403590,553,EnthalpyOfMixing,<Substance CC(=O)N(C)C{solv}{x=0.703000}|CCCCCCCCCl{solv}{x=0.297000}>,CC(=O)N(C)C,CCCCCCCCCl,openff-2.2.1-ashgc,2,0.827346209122652,0.0449107595958462,0.751,0.004
25964,1709,dhmix_705168937124106402,554,EnthalpyOfMixing,<Substance CC(=O)N(C)C{solv}{x=0.215000}|CCCCCCCCCl{solv}{x=0.785000}>,CC(=O)N(C)C,CCCCCCCCCl,openff-2.2.1-ashgc,2,0.618160809094249,0.0515902982993916,0.519,0.0035
25965,1710,dens_1549584991651515376,555,Density,<Substance CC(=O)N(C)C{solv}{x=0.502200}|CCCCCCCCCl{solv}{x=0.497800}>,CC(=O)N(C)C,CCCCCCCCCl,openff-2.2.1-ashgc,2,0.8715254371868605,0.0002130378958903,0.8902000000000002,0.0004
25966,1711,dhmix_1732161251827083272,556,EnthalpyOfMixing,<Substance CC(=O)N(C)C{solv}{x=0.508000}|CCCCCCCCCl{solv}{x=0.492000}>,CC(=O)N(C)C,CCCCCCCCCl,openff-2.2.1-ashgc,2,0.9846447134798808,0.0449087065777131,0.829,0.004
25967,1712,dens_2189889607118243828,557,Density,<Substance CC(=O)N(C)C{solv}{x=0.700500}|CCCCCCCCCl{solv}{x=0.299500}>,CC(=O)N(C)C,CCCCCCCCCl,openff-2.2.1-ashgc,2,0.8794095637107187,0.0002138117900949,0.9041000000000002,0.00035
25968,1713,dens_314482396827660717,558,Density,<Substance BrCCBr{solv}{x=0.753700}|COC(C)=O{solv}{x=0.246300}>,BrCCBr,COC(C)=O,openff-2.2.1-ashgc,2,1.8327763568872528,0.0006451343794071,1.8774400000000004,0.003355
25969,1714,dens_344993892965738820,559,Density,<Substance BrCCBr{solv}{x=0.275200}|COC(C)=O{solv}{x=0.724800}>,BrCCBr,COC(C)=O,openff-2.2.1-ashgc,2,1.275198115687292,0.0003845518859268,1.2862400000000005,0.001125
25970,1715,dhmix_545996968666061076,560,EnthalpyOfMixing,<Substance BrCCBr{solv}{x=0.720900}|COC(C)=O{solv}{x=0.279100}>,BrCCBr,COC(C)=O,openff-2.2.1-ashgc,2,-0.1476974895530651,0.0310033427686061,0.2594,0.0028
25971,1716,dens_714044009336077786,561,Density,<Substance BrCCBr{solv}{x=0.512100}|COC(C)=O{solv}{x=0.487900}>,BrCCBr,COC(C)=O,openff-2.2.1-ashgc,2,1.5597489782695488,0.0005463552536943,1.5834900000000005,0.0021
25972,1717,dhmix_1222511035002547253,562,EnthalpyOfMixing,<Substance BrCCBr{solv}{x=0.485500}|COC(C)=O{solv}{x=0.514500}>,BrCCBr,COC(C)=O,openff-2.2.1-ashgc,2,-0.1345255648522858,0.0328229510996686,0.2577,0.00275
25973,1718,dhmix_1418101673429653456,563,EnthalpyOfMixing,<Substance BrCCBr{solv}{x=0.250800}|COC(C)=O{solv}{x=0.749200}>,BrCCBr,COC(C)=O,openff-2.2.1-ashgc,2,-0.0328116293901459,0.0330915902089877,0.1202,0.0017
25974,1719,dens_314934747194338330,564,Density,<Substance CC(C)CCl{solv}{x=0.513700}|CC(C)OC(C)C{solv}{x=0.486300}>,CC(C)CCl,CC(C)OC(C)C,openff-2.2.1-ashgc,2,0.7902182935444166,0.0002815616887104,0.7878250000000002,0.000405
25975,1720,dhmix_355399496844187096,565,EnthalpyOfMixing,<Substance CC(C)CCl{solv}{x=0.545300}|CC(C)OC(C)C{solv}{x=0.454700}>,CC(C)CCl,CC(C)OC(C)C,openff-2.2.1-ashgc,2,-0.1297164855428576,0.0411797380851252,-0.0957,0.0012
25976,1721,dens_688062365117407068,566,Density,<Substance CC(C)CCl{solv}{x=0.805900}|CC(C)OC(C)C{solv}{x=0.194100}>,CC(C)CCl,CC(C)OC(C)C,openff-2.2.1-ashgc,2,0.829138887261476,0.0002832384742541,0.8355300000000002,0.0003555
25977,1722,dhmix_1411881046585885461,567,EnthalpyOfMixing,<Substance CC(C)CCl{solv}{x=0.090700}|CC(C)OC(C)C{solv}{x=0.909300}>,CC(C)CCl,CC(C)OC(C)C,openff-2.2.1-ashgc,2,-0.0970476464086615,0.0450904176415966,-0.0302,0.00055
25978,1723,dens_1762455266351712367,568,Density,<Substance CC(C)CCl{solv}{x=0.091000}|CC(C)OC(C)C{solv}{x=0.909000}>,CC(C)CCl,CC(C)OC(C)C,openff-2.2.1-ashgc,2,0.7426542797812974,0.0002456116741902,0.7293950000000001,0.000464
25979,1724,dhmix_2302865667781063708,569,EnthalpyOfMixing,<Substance CC(C)CCl{solv}{x=0.727000}|CC(C)OC(C)C{solv}{x=0.273000}>,CC(C)CCl,CC(C)OC(C)C,openff-2.2.1-ashgc,2,-0.1416614014064379,0.0402257577405318,-0.0791,0.001
25980,1725,dens_321327254341950207,570,Density,<Substance C1COCCO1{solv}{x=0.780300}|CCCCCC(C)=O{solv}{x=0.219700}>,C1COCCO1,CCCCCC(C)=O,openff-2.2.1-ashgc,2,0.9518423682432876,0.0002458148655788,0.9576500000000002,0.0003
25981,1726,dens_377701756930918353,571,Density,<Substance C1COCCO1{solv}{x=0.500600}|CCCCCC(C)=O{solv}{x=0.499400}>,C1COCCO1,CCCCCC(C)=O,openff-2.2.1-ashgc,2,0.8827211835085015,0.0002049685869777,0.8916700000000002,0.000345
25982,1727,dhmix_600625644134907580,572,EnthalpyOfMixing,<Substance C1COCCO1{solv}{x=0.500000}|CCCCCC(C)=O{solv}{x=0.500000}>,C1COCCO1,CCCCCC(C)=O,openff-2.2.1-ashgc,2,0.5250069176666727,0.0408398076747747,0.4509,0.002255
25983,1728,dens_1451069448215305244,573,Density,<Substance C1COCCO1{solv}{x=0.220300}|CCCCCC(C)=O{solv}{x=0.779700}>,C1COCCO1,CCCCCC(C)=O,openff-2.2.1-ashgc,2,0.8294152262696405,0.0002105955428592,0.8420800000000003,0.000385
25984,1729,dhmix_2028813035406256788,574,EnthalpyOfMixing,<Substance C1COCCO1{solv}{x=0.750000}|CCCCCC(C)=O{solv}{x=0.250000}>,C1COCCO1,CCCCCC(C)=O,openff-2.2.1-ashgc,2,0.5154594326488962,0.04089065232583,0.4064,0.00209
25985,1730,dhmix_2222211577832383320,575,EnthalpyOfMixing,<Substance C1COCCO1{solv}{x=0.250000}|CCCCCC(C)=O{solv}{x=0.750000}>,C1COCCO1,CCCCCC(C)=O,openff-2.2.1-ashgc,2,0.3778631958181933,0.0451936088846516,0.2911,0.00164
25986,1731,dhmix_325212618372456630,576,EnthalpyOfMixing,<Substance CCCCCCC{solv}{x=0.500000}|c1ccccc1{solv}{x=0.500000}>,CCCCCCC,c1ccccc1,openff-2.2.1-ashgc,2,1.097513554821873,0.039682509445044,0.9235,0.0051
25987,1732,dhmix_409350268177199962,577,EnthalpyOfMixing,<Substance CCCCCCC{solv}{x=0.751900}|c1ccccc1{solv}{x=0.248100}>,CCCCCCC,c1ccccc1,openff-2.2.1-ashgc,2,0.7865569760323439,0.0490582050065427,0.6047,0.0035
25988,1733,dens_1685942387769177799,578,Density,<Substance CCCCCCC{solv}{x=0.913667}|c1ccccc1{solv}{x=0.086333}>,CCCCCCC,c1ccccc1,openff-2.2.1-ashgc,2,0.6764945413841582,0.000225427433049,0.6892400000000002,0.000805
25989,1734,dens_2148382258223830900,579,Density,<Substance CCCCCCC{solv}{x=0.273700}|c1ccccc1{solv}{x=0.726300}>,CCCCCCC,c1ccccc1,openff-2.2.1-ashgc,2,0.7683626466896601,0.0002837435799106,0.7855000000000002,0.00015
25990,1735,dens_2219829254239605828,580,Density,<Substance CCCCCCC{solv}{x=0.492200}|c1ccccc1{solv}{x=0.507800}>,CCCCCCC,c1ccccc1,openff-2.2.1-ashgc,2,0.7250200010337177,0.0002771178388587,0.7409000000000001,0.00015
25991,1736,dhmix_2296565820723783732,581,EnthalpyOfMixing,<Substance CCCCCCC{solv}{x=0.242400}|c1ccccc1{solv}{x=0.757600}>,CCCCCCC,c1ccccc1,openff-2.2.1-ashgc,2,1.0250920479725636,0.042544182963377,0.7775,0.0044
25992,1737,dens_326446104630354701,582,Density,<Substance BrCCBr{solv}{x=0.728600}|CCC(=O)OC{solv}{x=0.271400}>,BrCCBr,CCC(=O)OC,openff-2.2.1-ashgc,2,1.7525832434367523,0.0005382755831676,1.7949900000000003,0.00303
25993,1738,dens_886315086380393150,583,Density,<Substance BrCCBr{solv}{x=0.494400}|CCC(=O)OC{solv}{x=0.505600}>,BrCCBr,CCC(=O)OC,openff-2.2.1-ashgc,2,1.4666813286019866,0.0004720042000104,1.4941800000000005,0.001825
25994,1739,dhmix_1410129135672303476,584,EnthalpyOfMixing,<Substance BrCCBr{solv}{x=0.491400}|CCC(=O)OC{solv}{x=0.508600}>,BrCCBr,CCC(=O)OC,openff-2.2.1-ashgc,2,-0.2574236220137056,0.0361326209005035,0.0195,0.00185
25995,1740,dhmix_1551714230583118668,585,EnthalpyOfMixing,<Substance BrCCBr{solv}{x=0.755400}|CCC(=O)OC{solv}{x=0.244600}>,BrCCBr,CCC(=O)OC,openff-2.2.1-ashgc,2,-0.2290244217921397,0.0326903907928342,0.09,0.00295
25996,1741,dhmix_1596310059176209101,586,EnthalpyOfMixing,<Substance BrCCBr{solv}{x=0.214800}|CCC(=O)OC{solv}{x=0.785200}>,BrCCBr,CCC(=O)OC,openff-2.2.1-ashgc,2,-0.3185750445662663,0.0355892731646785,-0.0281,0.002
25997,1742,dens_1860027304017736150,587,Density,<Substance BrCCBr{solv}{x=0.257000}|CCC(=O)OC{solv}{x=0.743000}>,BrCCBr,CCC(=O)OC,openff-2.2.1-ashgc,2,1.1900009715942617,0.0003242330977166,1.2059400000000002,0.000915
25998,1743,dhmix_334328961632702336,588,EnthalpyOfMixing,<Substance Cc1ccccc1N{solv}{x=0.492600}|Cc1cccnc1{solv}{x=0.507400}>,Cc1ccccc1N,Cc1cccnc1,openff-2.2.1-ashgc,2,-1.5951684361733731,0.030554375883464,-1.4091,0.0287
25999,1744,dhmix_382843935535082222,589,EnthalpyOfMixing,<Substance Cc1ccccc1N{solv}{x=0.232300}|Cc1cccnc1{solv}{x=0.767700}>,Cc1ccccc1N,Cc1cccnc1,openff-2.2.1-ashgc,2,-1.3062361097059014,0.0436447017517851,-1.1196,0.02285
26000,1745,dens_890019852111400701,590,Density,<Substance Cc1ccccc1N{solv}{x=0.533600}|Cc1cccnc1{solv}{x=0.466400}>,Cc1ccccc1N,Cc1cccnc1,openff-2.2.1-ashgc,2,0.9833659093972348,0.000216394044518,0.9795770000000004,0.0001185
26001,1746,dens_1033313642915027277,591,Density,<Substance Cc1ccccc1N{solv}{x=0.737200}|Cc1cccnc1{solv}{x=0.262800}>,Cc1ccccc1N,Cc1cccnc1,openff-2.2.1-ashgc,2,0.996773881033902,0.000244577241778,0.9867010000000004,0.000118
26002,1747,dhmix_1057104304179164775,592,EnthalpyOfMixing,<Substance Cc1ccccc1N{solv}{x=0.778900}|Cc1cccnc1{solv}{x=0.221100}>,Cc1ccccc1N,Cc1cccnc1,openff-2.2.1-ashgc,2,-1.0405745756077351,0.0413753520658228,-0.8735,0.01785
26003,1748,dens_1445313714023685702,593,Density,<Substance Cc1ccccc1N{solv}{x=0.246700}|Cc1cccnc1{solv}{x=0.753300}>,Cc1ccccc1N,Cc1cccnc1,openff-2.2.1-ashgc,2,0.9616060000227948,0.0001994435142658,0.9668750000000004,0.00012
26004,1749,dens_335631113096608920,594,Density,<Substance CCC(C)=O{solv}{x=0.501800}|CCCCNCCCC{solv}{x=0.498200}>,CCC(C)=O,CCCCNCCCC,openff-2.2.1-ashgc,2,0.7607733799297621,0.000158333314083,0.7693960000000002,9.950000000000003e-05
26005,1750,dhmix_551451232292287572,595,EnthalpyOfMixing,<Substance CCC(C)=O{solv}{x=0.215400}|CCCCNCCCC{solv}{x=0.784600}>,CCC(C)=O,CCCCNCCCC,openff-2.2.1-ashgc,2,0.0429077413062373,0.0585175541344466,0.417,0.0045
26006,1751,dens_800787154192710377,596,Density,<Substance CCC(C)=O{solv}{x=0.260300}|CCCCNCCCC{solv}{x=0.739700}>,CCC(C)=O,CCCCNCCCC,openff-2.2.1-ashgc,2,0.7572215638032154,0.0001922283295201,0.7614750000000002,0.0001005
26007,1752,dhmix_1210431916849512476,597,EnthalpyOfMixing,<Substance CCC(C)=O{solv}{x=0.504400}|CCCCNCCCC{solv}{x=0.495600}>,CCC(C)=O,CCCCNCCCC,openff-2.2.1-ashgc,2,0.2535490013972321,0.0446366702143537,0.619,0.0065
26008,1753,dhmix_1503682496766473076,598,EnthalpyOfMixing,<Substance CCC(C)=O{solv}{x=0.792200}|CCCCNCCCC{solv}{x=0.207800}>,CCC(C)=O,CCCCNCCCC,openff-2.2.1-ashgc,2,0.1376006493609445,0.0408012917572087,0.425,0.0045
26009,1754,dens_2232561341275312196,599,Density,<Substance CCC(C)=O{solv}{x=0.747300}|CCCCNCCCC{solv}{x=0.252700}>,CCC(C)=O,CCCCNCCCC,openff-2.2.1-ashgc,2,0.76546307204229,0.0002187671083894,0.7810500000000001,9.750000000000004e-05
26010,1755,dhmix_335934546122425398,600,EnthalpyOfMixing,<Substance C1CCOCC1{solv}{x=0.550000}|O=C1CCCC1{solv}{x=0.450000}>,C1CCOCC1,O=C1CCCC1,openff-2.2.1-ashgc,2,0.084761101370951,0.0432227246056721,0.15813,0.001
26011,1756,dhmix_337659115721770978,601,EnthalpyOfMixing,<Substance C1CCOCC1{solv}{x=0.250000}|O=C1CCCC1{solv}{x=0.750000}>,C1CCOCC1,O=C1CCCC1,openff-2.2.1-ashgc,2,0.0360337412766398,0.0367893818808079,0.11325,0.00084
26012,1757,dens_579415285212890284,602,Density,<Substance C1CCOCC1{solv}{x=0.708000}|O=C1CCCC1{solv}{x=0.292000}>,C1CCOCC1,O=C1CCCC1,openff-2.2.1-ashgc,2,0.8783690890282159,0.0001960201248538,0.8972200000000002,0.00023
26013,1758,dens_788777315764582180,603,Density,<Substance C1CCOCC1{solv}{x=0.549800}|O=C1CCCC1{solv}{x=0.450200}>,C1CCOCC1,O=C1CCCC1,openff-2.2.1-ashgc,2,0.8855320168157559,0.0002311898188748,0.9073000000000002,0.000235
26014,1759,dens_1539654406736576807,604,Density,<Substance C1CCOCC1{solv}{x=0.235400}|O=C1CCCC1{solv}{x=0.764600}>,C1CCOCC1,O=C1CCCC1,openff-2.2.1-ashgc,2,0.900160379336298,0.0002493216970716,0.9281000000000004,0.00024
26015,1760,dhmix_1706969020375394315,605,EnthalpyOfMixing,<Substance C1CCOCC1{solv}{x=0.750000}|O=C1CCCC1{solv}{x=0.250000}>,C1CCOCC1,O=C1CCCC1,openff-2.2.1-ashgc,2,-0.0157455225523648,0.039179915896767,0.12811,0.000895
26016,1761,dens_337077748334497354,606,Density,<Substance CN1CCCCC1{solv}{x=0.245200}|O{solv}{x=0.754800}>,CN1CCCCC1,O,openff-2.2.1-ashgc,2,0.8861167602582783,0.0003499095651809,0.9038110000000004,9.700000000000004e-05
26017,1762,dens_1619467922469494964,607,Density,<Substance CN1CCCCC1{solv}{x=0.790700}|O{solv}{x=0.209300}>,CN1CCCCC1,O,openff-2.2.1-ashgc,2,0.8347798334936812,0.0002412489536919,0.8260470000000002,0.000108
26018,1763,dens_1725290505257505407,608,Density,<Substance CN1CCCCC1{solv}{x=0.505000}|O{solv}{x=0.495000}>,CN1CCCCC1,O,openff-2.2.1-ashgc,2,0.8538066227240133,0.0002579084329904,0.8581580000000002,9.450000000000002e-05
26019,1764,dhmix_344305070199657817,609,EnthalpyOfMixing,<Substance CC(C)CC(C)(C)C{solv}{x=0.200300}|CCCO{solv}{x=0.799700}>,CC(C)CC(C)(C)C,CCCO,openff-2.2.1-ashgc,2,0.4156233074899447,0.0416175872794788,0.308,0.0055
26020,1765,dens_1020839744665732433,610,Density,<Substance CC(C)CC(C)(C)C{solv}{x=0.200100}|CCCO{solv}{x=0.799900}>,CC(C)CC(C)(C)C,CCCO,openff-2.2.1-ashgc,2,0.7587050526977079,0.0002736161308469,0.7589500000000002,0.00029
26021,1766,dens_1348847431810734601,611,Density,<Substance CC(C)CC(C)(C)C{solv}{x=0.700000}|CCCO{solv}{x=0.300000}>,CC(C)CC(C)(C)C,CCCO,openff-2.2.1-ashgc,2,0.7159770847191053,0.0002087595111945,0.7046500000000001,0.00028
26022,1767,dhmix_1376194238727172922,612,EnthalpyOfMixing,<Substance CC(C)CC(C)(C)C{solv}{x=0.499800}|CCCO{solv}{x=0.500200}>,CC(C)CC(C)(C)C,CCCO,openff-2.2.1-ashgc,2,0.9312971625320614,0.0427947404038599,0.6025,0.0027
26023,1768,dhmix_1868873434415785592,613,EnthalpyOfMixing,<Substance CC(C)CC(C)(C)C{solv}{x=0.699900}|CCCO{solv}{x=0.300100}>,CC(C)CC(C)(C)C,CCCO,openff-2.2.1-ashgc,2,0.8589922033604296,0.0478824143702881,0.6544,0.0029
26024,1769,dens_1870552320710773195,614,Density,<Substance CC(C)CC(C)(C)C{solv}{x=0.500000}|CCCO{solv}{x=0.500000}>,CC(C)CC(C)(C)C,CCCO,openff-2.2.1-ashgc,2,0.7286723515351267,0.0002412213228293,0.7214400000000002,0.00028
26025,1770,dens_344701479262570906,615,Density,<Substance C1CCOCC1{solv}{x=0.246100}|Cc1cccnc1{solv}{x=0.753900}>,C1CCOCC1,Cc1cccnc1,openff-2.2.1-ashgc,2,0.9216302332502904,0.0002139415905093,0.9348570000000002,0.0004915
26026,1771,dhmix_772935681699310364,616,EnthalpyOfMixing,<Substance C1CCOCC1{solv}{x=0.480300}|Cc1cccnc1{solv}{x=0.519700}>,C1CCOCC1,Cc1cccnc1,openff-2.2.1-ashgc,2,0.0515267861620927,0.0390646446004742,0.1271,0.00115
26027,1772,dens_1179184695460672925,617,Density,<Substance C1CCOCC1{solv}{x=0.756800}|Cc1cccnc1{solv}{x=0.243200}>,C1CCOCC1,Cc1cccnc1,openff-2.2.1-ashgc,2,0.8840799582995578,0.0002122023065192,0.8976640000000002,0.0004655
26028,1773,dens_1273033541520518804,618,Density,<Substance C1CCOCC1{solv}{x=0.482700}|Cc1cccnc1{solv}{x=0.517300}>,C1CCOCC1,Cc1cccnc1,openff-2.2.1-ashgc,2,0.90397808700766,0.0002293311825909,0.9179640000000002,0.00048
26029,1774,dhmix_1594947441282636711,619,EnthalpyOfMixing,<Substance C1CCOCC1{solv}{x=0.735500}|Cc1cccnc1{solv}{x=0.264500}>,C1CCOCC1,Cc1cccnc1,openff-2.2.1-ashgc,2,-0.0317101876897396,0.043507884454177,0.0924,0.00095
26030,1775,dhmix_2075643137470349800,620,EnthalpyOfMixing,<Substance C1CCOCC1{solv}{x=0.273200}|Cc1cccnc1{solv}{x=0.726800}>,C1CCOCC1,Cc1cccnc1,openff-2.2.1-ashgc,2,0.1082001924970015,0.0357142330650785,0.1036,0.001
26031,1776,dhmix_346841872844739570,621,EnthalpyOfMixing,<Substance CC#N{solv}{x=0.700700}|CCOC(C)(C)C{solv}{x=0.299300}>,CC#N,CCOC(C)(C)C,openff-2.2.1-ashgc,2,0.2089820584606325,0.0342140044704986,0.6176,0.0084
26032,1777,dhmix_840136828933604757,622,EnthalpyOfMixing,<Substance CC#N{solv}{x=0.199000}|CCOC(C)(C)C{solv}{x=0.801000}>,CC#N,CCOC(C)(C)C,openff-2.2.1-ashgc,2,0.1146002598098263,0.0449724448707839,0.4418,0.006
26033,1778,dhmix_1934525864391020215,623,EnthalpyOfMixing,<Substance CC#N{solv}{x=0.501600}|CCOC(C)(C)C{solv}{x=0.498400}>,CC#N,CCOC(C)(C)C,openff-2.2.1-ashgc,2,0.1741084071991032,0.0358425228342505,0.7098,0.00965
26034,1779,dens_1954735606040559695,624,Density,<Substance CC#N{solv}{x=0.700700}|CCOC(C)(C)C{solv}{x=0.299300}>,CC#N,CCOC(C)(C)C,openff-2.2.1-ashgc,2,0.7653184310689316,0.0002581209853762,0.7595000000000002,0.00045
26035,1780,dens_2173310521496796694,625,Density,<Substance CC#N{solv}{x=0.501600}|CCOC(C)(C)C{solv}{x=0.498400}>,CC#N,CCOC(C)(C)C,openff-2.2.1-ashgc,2,0.760091189907504,0.0002418996607761,0.7510000000000002,0.00035
26036,1781,dens_2235331649530959984,626,Density,<Substance CC#N{solv}{x=0.199000}|CCOC(C)(C)C{solv}{x=0.801000}>,CC#N,CCOC(C)(C)C,openff-2.2.1-ashgc,2,0.7520955185165087,0.0002297196352648,0.7408000000000001,0.00015
26037,1782,dhmix_355078149157572999,627,EnthalpyOfMixing,<Substance OCCOCCO{solv}{x=0.790600}|O{solv}{x=0.209400}>,O,OCCOCCO,openff-2.2.1-ashgc,2,-0.177743181611774,0.0542200188703784,-0.521,0.003
26038,1783,dhmix_514261244195159379,628,EnthalpyOfMixing,<Substance OCCOCCO{solv}{x=0.300400}|O{solv}{x=0.699600}>,O,OCCOCCO,openff-2.2.1-ashgc,2,-0.2725161735074586,0.0296141042345595,-1.245,0.0065
26039,1784,dhmix_1512634639127890343,629,EnthalpyOfMixing,<Substance OCCOCCO{solv}{x=0.501000}|O{solv}{x=0.499000}>,O,OCCOCCO,openff-2.2.1-ashgc,2,-0.3100438235701119,0.0361751294074088,-1.149,0.0065
26040,1785,dens_1532732041743097130,630,Density,<Substance OCCOCCO{solv}{x=0.500600}|O{solv}{x=0.499400}>,O,OCCOCCO,openff-2.2.1-ashgc,2,1.1030269808728574,0.0003311277645009,1.1070700000000002,0.00026
26041,1786,dens_1948924545926470959,631,Density,<Substance OCCOCCO{solv}{x=0.700300}|O{solv}{x=0.299700}>,O,OCCOCCO,openff-2.2.1-ashgc,2,1.11401963713937,0.0002831624235066,1.1111900000000003,0.000285
26042,1787,dens_2114974877291939954,632,Density,<Substance OCCOCCO{solv}{x=0.301000}|O{solv}{x=0.699000}>,O,OCCOCCO,openff-2.2.1-ashgc,2,1.084937137028427,0.0002791513831781,1.0958900000000005,0.000305
26043,1788,dhmix_355690558520209737,633,EnthalpyOfMixing,<Substance CC(C)CC(C)(C)C{solv}{x=0.774800}|CC(C)OC(C)C{solv}{x=0.225200}>,CC(C)CC(C)(C)C,CC(C)OC(C)C,openff-2.2.1-ashgc,2,0.3000495126538141,0.0417639771960004,0.132161,0.001556
26044,1789,dens_706481868145479619,634,Density,<Substance CC(C)CC(C)(C)C{solv}{x=0.250000}|CC(C)OC(C)C{solv}{x=0.750000}>,CC(C)CC(C)(C)C,CC(C)OC(C)C,openff-2.2.1-ashgc,2,0.7233031533231297,0.0002482391658052,0.7090800000000002,0.000155
26045,1790,dens_960755156711549154,635,Density,<Substance CC(C)CC(C)(C)C{solv}{x=0.750000}|CC(C)OC(C)C{solv}{x=0.250000}>,CC(C)CC(C)(C)C,CC(C)OC(C)C,openff-2.2.1-ashgc,2,0.7085202306302414,0.0002361906926785,0.6937500000000002,0.000155
26046,1791,dens_1165117582450092341,636,Density,<Substance CC(C)CC(C)(C)C{solv}{x=0.500900}|CC(C)OC(C)C{solv}{x=0.499100}>,CC(C)CC(C)(C)C,CC(C)OC(C)C,openff-2.2.1-ashgc,2,0.7149593246235673,0.0002015694994054,0.7005900000000002,0.000105
26047,1792,dhmix_1819714300540494359,637,EnthalpyOfMixing,<Substance CC(C)CC(C)(C)C{solv}{x=0.512500}|CC(C)OC(C)C{solv}{x=0.487500}>,CC(C)CC(C)(C)C,CC(C)OC(C)C,openff-2.2.1-ashgc,2,0.5201487926192243,0.0471446060260906,0.197047,0.002233
26048,1793,dhmix_2031984064821599856,638,EnthalpyOfMixing,<Substance CC(C)CC(C)(C)C{solv}{x=0.269300}|CC(C)OC(C)C{solv}{x=0.730700}>,CC(C)CC(C)(C)C,CC(C)OC(C)C,openff-2.2.1-ashgc,2,0.3875691013007838,0.0508988628771551,0.158983,0.0018345
26049,1794,dens_357198687829738077,639,Density,<Substance C1CCOCC1{solv}{x=0.223500}|CCCCCC(C)=O{solv}{x=0.776500}>,C1CCOCC1,CCCCCC(C)=O,openff-2.2.1-ashgc,2,0.8067896544958935,0.0002015533249556,0.8221200000000002,0.000375
26050,1795,dens_1074719884132299485,640,Density,<Substance C1CCOCC1{solv}{x=0.516600}|CCCCCC(C)=O{solv}{x=0.483400}>,C1CCOCC1,CCCCCC(C)=O,openff-2.2.1-ashgc,2,0.8246316186539194,0.0001486409224235,0.8396100000000002,0.00032
26051,1796,dens_1427208283653313137,641,Density,<Substance C1CCOCC1{solv}{x=0.710100}|CCCCCC(C)=O{solv}{x=0.289900}>,C1CCOCC1,CCCCCC(C)=O,openff-2.2.1-ashgc,2,0.8386347700023103,0.0002227908691126,0.8534200000000002,0.000285
26052,1797,dhmix_1485904869507380555,642,EnthalpyOfMixing,<Substance C1CCOCC1{solv}{x=0.500000}|CCCCCC(C)=O{solv}{x=0.500000}>,C1CCOCC1,CCCCCC(C)=O,openff-2.2.1-ashgc,2,0.1717395171737052,0.0350744180003848,0.05773,0.000615
26053,1798,dhmix_1931504734279468677,643,EnthalpyOfMixing,<Substance C1CCOCC1{solv}{x=0.250000}|CCCCCC(C)=O{solv}{x=0.750000}>,C1CCOCC1,CCCCCC(C)=O,openff-2.2.1-ashgc,2,0.1286180338483475,0.0483960683434867,0.03429,0.00053
26054,1799,dhmix_2296263041755700053,644,EnthalpyOfMixing,<Substance C1CCOCC1{solv}{x=0.750000}|CCCCCC(C)=O{solv}{x=0.250000}>,C1CCOCC1,CCCCCC(C)=O,openff-2.2.1-ashgc,2,0.0903457256826456,0.0432821700487289,0.05587,0.00061
26055,1800,dhmix_357499987240135169,645,EnthalpyOfMixing,<Substance CCCCC{solv}{x=0.772700}|CCCCOC=O{solv}{x=0.227300}>,CCCCC,CCCCOC=O,openff-2.2.1-ashgc,2,1.2117454508819208,0.0439749515255067,0.87,0.004
26056,1801,dens_435201289177646286,646,Density,<Substance CCCCC{solv}{x=0.504200}|CCCCOC=O{solv}{x=0.495800}>,CCCCC,CCCCOC=O,openff-2.2.1-ashgc,2,0.7493398090174688,0.0002620293143816,0.7523000000000001,0.00024
26057,1802,dens_635752291929824010,647,Density,<Substance CCCCC{solv}{x=0.699000}|CCCCOC=O{solv}{x=0.301000}>,CCCCC,CCCCOC=O,openff-2.2.1-ashgc,2,0.6914462932074655,0.0002603707993018,0.6994600000000002,0.00018
26058,1803,dhmix_869493303716364153,648,EnthalpyOfMixing,<Substance CCCCC{solv}{x=0.490500}|CCCCOC=O{solv}{x=0.509500}>,CCCCC,CCCCOC=O,openff-2.2.1-ashgc,2,1.2181396821014658,0.0425728192998662,0.959,0.004
26059,1804,dhmix_1188548276416925178,649,EnthalpyOfMixing,<Substance CCCCC{solv}{x=0.246000}|CCCCOC=O{solv}{x=0.754000}>,CCCCC,CCCCOC=O,openff-2.2.1-ashgc,2,0.7731000481638475,0.0467907992780536,0.632,0.003
26060,1805,dens_1944800378076074966,650,Density,<Substance CCCCC{solv}{x=0.247100}|CCCCOC=O{solv}{x=0.752900}>,CCCCC,CCCCOC=O,openff-2.2.1-ashgc,2,0.8260047578609835,0.0002264685819194,0.8221800000000001,0.000375
26061,1806,dhmix_357740737126275220,651,EnthalpyOfMixing,<Substance CC(=O)N(C)C{solv}{x=0.212000}|CCCCCl{solv}{x=0.788000}>,CC(=O)N(C)C,CCCCCl,openff-2.2.1-ashgc,2,0.4887409827859628,0.0412875526388674,0.244,0.0025
26062,1807,dens_563556088097831353,652,Density,<Substance CC(=O)N(C)C{solv}{x=0.499000}|CCCCCl{solv}{x=0.501000}>,CC(=O)N(C)C,CCCCCl,openff-2.2.1-ashgc,2,0.8797016548315447,0.0002640941221801,0.9081000000000002,0.0002
26063,1808,dens_1083232356130752567,653,Density,<Substance CC(=O)N(C)C{solv}{x=0.799700}|CCCCCl{solv}{x=0.200300}>,CC(=O)N(C)C,CCCCCl,openff-2.2.1-ashgc,2,0.8910303329753194,0.0002458922164933,0.9247000000000004,0.0002
26064,1809,dhmix_1487887746912587509,654,EnthalpyOfMixing,<Substance CC(=O)N(C)C{solv}{x=0.708000}|CCCCCl{solv}{x=0.292000}>,CC(=O)N(C)C,CCCCCl,openff-2.2.1-ashgc,2,0.4909626661755784,0.0332762773576104,0.305,0.0025
26065,1810,dens_1662749398344255132,655,Density,<Substance CC(=O)N(C)C{solv}{x=0.210500}|CCCCCl{solv}{x=0.789500}>,CC(=O)N(C)C,CCCCCl,openff-2.2.1-ashgc,2,0.8658680922614252,0.0002790711485961,0.8918000000000001,0.0002
26066,1811,dhmix_2085343422065298965,656,EnthalpyOfMixing,<Substance CC(=O)N(C)C{solv}{x=0.511000}|CCCCCl{solv}{x=0.489000}>,CC(=O)N(C)C,CCCCCl,openff-2.2.1-ashgc,2,0.6545026126123368,0.0382596823883993,0.363,0.0025
26067,1812,dhmix_359626193748497849,657,EnthalpyOfMixing,<Substance C1CCOCC1{solv}{x=0.750000}|O=C1CCCCC1{solv}{x=0.250000}>,C1CCOCC1,O=C1CCCCC1,openff-2.2.1-ashgc,2,0.1294680579933071,0.0400752892339796,0.07698,0.00069
26068,1813,dhmix_709905971434026360,658,EnthalpyOfMixing,<Substance C1CCOCC1{solv}{x=0.250000}|O=C1CCCCC1{solv}{x=0.750000}>,C1CCOCC1,O=C1CCCCC1,openff-2.2.1-ashgc,2,0.0663798831408968,0.0457959465183392,0.05827,0.00062
26069,1814,dens_996263306280392228,659,Density,<Substance C1CCOCC1{solv}{x=0.500900}|O=C1CCCCC1{solv}{x=0.499100}>,C1CCOCC1,O=C1CCCCC1,openff-2.2.1-ashgc,2,0.8919715720614209,0.0001980191571638,0.9160300000000002,0.000505
26070,1815,dens_1296485655493191092,660,Density,<Substance C1CCOCC1{solv}{x=0.247100}|O=C1CCCCC1{solv}{x=0.752900}>,C1CCOCC1,O=C1CCCCC1,openff-2.2.1-ashgc,2,0.9037898622319174,0.0002434625890825,0.9305900000000004,0.000505
26071,1816,dhmix_1617652800437548554,661,EnthalpyOfMixing,<Substance C1CCOCC1{solv}{x=0.500000}|O=C1CCCCC1{solv}{x=0.500000}>,C1CCOCC1,O=C1CCCCC1,openff-2.2.1-ashgc,2,0.0812742898584346,0.0424622600703352,0.08658,0.000725
26072,1817,dens_2134919398794801459,662,Density,<Substance C1CCOCC1{solv}{x=0.738900}|O=C1CCCCC1{solv}{x=0.261100}>,C1CCOCC1,O=C1CCCCC1,openff-2.2.1-ashgc,2,0.8801515085506946,0.0001964178868384,0.9000800000000002,0.000505
26073,1818,dens_371429494256072686,663,Density,<Substance COC=O{solv}{x=0.513800}|ClCCCCl{solv}{x=0.486200}>,COC=O,ClCCCCl,openff-2.2.1-ashgc,2,1.0878285505767258,0.0003764105392267,1.08831,0.00025
26074,1819,dens_416463243686186519,664,Density,<Substance COC=O{solv}{x=0.738400}|ClCCCCl{solv}{x=0.261600}>,COC=O,ClCCCCl,openff-2.2.1-ashgc,2,1.0496672332488677,0.0003743214831834,1.03754,0.0002
26075,1820,dhmix_573570621261992547,665,EnthalpyOfMixing,<Substance COC=O{solv}{x=0.767400}|ClCCCCl{solv}{x=0.232600}>,COC=O,ClCCCCl,openff-2.2.1-ashgc,2,0.6864122642278057,0.0326367710721266,0.2841,0.0015
26076,1821,dens_1665007650151393058,666,Density,<Substance COC=O{solv}{x=0.244000}|ClCCCCl{solv}{x=0.756000}>,COC=O,ClCCCCl,openff-2.2.1-ashgc,2,1.1245341059734708,0.0003972410678109,1.1395000000000002,0.0003
26077,1822,dhmix_2050640017895200777,667,EnthalpyOfMixing,<Substance COC=O{solv}{x=0.502400}|ClCCCCl{solv}{x=0.497600}>,COC=O,ClCCCCl,openff-2.2.1-ashgc,2,0.8576773287461048,0.0337849805589055,0.3503,0.00175
26078,1823,dhmix_2121310957223924646,668,EnthalpyOfMixing,<Substance COC=O{solv}{x=0.202400}|ClCCCCl{solv}{x=0.797600}>,COC=O,ClCCCCl,openff-2.2.1-ashgc,2,0.6174932362210122,0.0371756937847398,0.2064,0.0012
26079,1824,dens_380799246642881225,669,Density,<Substance Cc1ccncc1{solv}{x=0.500000}|O{solv}{x=0.500000}>,Cc1ccncc1,O,openff-2.2.1-ashgc,2,0.9469037121197836,0.0003089117395123,0.9704000000000004,0.0005
26080,1825,dens_1024460369591354985,670,Density,<Substance Cc1ccncc1{solv}{x=0.225000}|O{solv}{x=0.775000}>,Cc1ccncc1,O,openff-2.2.1-ashgc,2,0.9552221664603878,0.00042033370091,0.9848000000000002,0.0004
26081,1826,dens_1867704914487230306,671,Density,<Substance Cc1ccncc1{solv}{x=0.750000}|O{solv}{x=0.250000}>,Cc1ccncc1,O,openff-2.2.1-ashgc,2,0.9435976068103344,0.0001821769380776,0.9614000000000004,0.0004
26082,1827,dhmix_396839331496923568,672,EnthalpyOfMixing,<Substance CCCOC(=O)CC{solv}{x=0.237600}|ClCCCl{solv}{x=0.762400}>,CCCOC(=O)CC,ClCCCl,openff-2.2.1-ashgc,2,-0.3338090653477259,0.0351414993518174,-0.317,0.0035
26083,1828,dens_1025242301432619836,673,Density,<Substance CCCOC(=O)CC{solv}{x=0.518800}|ClCCCl{solv}{x=0.481200}>,CCCOC(=O)CC,ClCCCl,openff-2.2.1-ashgc,2,0.9947064475401952,0.0002821598635741,1.0064000000000002,0.000905
26084,1829,dens_1654149510571748883,674,Density,<Substance CCCOC(=O)CC{solv}{x=0.731600}|ClCCCl{solv}{x=0.268400}>,CCCOC(=O)CC,ClCCCl,openff-2.2.1-ashgc,2,0.9328931840452812,0.0002515233655818,0.9416300000000002,0.00041
26085,1830,dens_1804016971158746429,675,Density,<Substance CCCOC(=O)CC{solv}{x=0.243700}|ClCCCl{solv}{x=0.756300}>,CCCOC(=O)CC,ClCCCl,openff-2.2.1-ashgc,2,1.0944684078287366,0.0003832517049806,1.11431,0.002155
26086,1831,dhmix_1840109043188951916,676,EnthalpyOfMixing,<Substance CCCOC(=O)CC{solv}{x=0.517700}|ClCCCl{solv}{x=0.482300}>,CCCOC(=O)CC,ClCCCl,openff-2.2.1-ashgc,2,-0.348985766475856,0.0411012216814171,-0.557,0.006
26087,1832,dhmix_1924188358781329171,677,EnthalpyOfMixing,<Substance CCCOC(=O)CC{solv}{x=0.787400}|ClCCCl{solv}{x=0.212600}>,CCCOC(=O)CC,ClCCCl,openff-2.2.1-ashgc,2,-0.1721558284846196,0.0447671542611838,-0.357,0.004
26088,1833,dhmix_408170436877433675,678,EnthalpyOfMixing,<Substance CCCCC{solv}{x=0.229800}|CCOC=O{solv}{x=0.770200}>,CCCCC,CCOC=O,openff-2.2.1-ashgc,2,1.1999512234389442,0.0406597669007899,1.016,0.0045
26089,1834,dens_1159257310358090227,679,Density,<Substance CCCCC{solv}{x=0.748000}|CCOC=O{solv}{x=0.252000}>,CCCCC,CCOC=O,openff-2.2.1-ashgc,2,0.6625398952375485,0.0002719541781264,0.6707000000000002,0.000165
26090,1835,dhmix_1897634982824334825,680,EnthalpyOfMixing,<Substance CCCCC{solv}{x=0.500100}|CCOC=O{solv}{x=0.499900}>,CCCCC,CCOC=O,openff-2.2.1-ashgc,2,1.8495434760646248,0.0407742027461092,1.354,0.0055
26091,1836,dens_1931965346092446599,681,Density,<Substance CCCCC{solv}{x=0.504000}|CCOC=O{solv}{x=0.496000}>,CCCCC,CCOC=O,openff-2.2.1-ashgc,2,0.7349569775642676,0.0002038059362947,0.7333000000000002,0.00024
26092,1837,dens_2086304425324215507,682,Density,<Substance CCCCC{solv}{x=0.298000}|CCOC=O{solv}{x=0.702000}>,CCCCC,CCOC=O,openff-2.2.1-ashgc,2,0.8082409284677589,0.0002749777336057,0.7971000000000003,0.000345
26093,1838,dhmix_2117998354372981576,683,EnthalpyOfMixing,<Substance CCCCC{solv}{x=0.777900}|CCOC=O{solv}{x=0.222100}>,CCCCC,CCOC=O,openff-2.2.1-ashgc,2,1.449258266419406,0.0373094766405691,1.051,0.0045
26094,1839,dens_415189671276159712,684,Density,<Substance NCCO{solv}{x=0.785350}|c1ccncc1{solv}{x=0.214650}>,NCCO,c1ccncc1,openff-2.2.1-ashgc,2,1.041572711353207,0.0002805781378774,1.002592,0.000101
26095,1840,dhmix_607563797490786343,685,EnthalpyOfMixing,<Substance NCCO{solv}{x=0.559360}|c1ccncc1{solv}{x=0.440640}>,NCCO,c1ccncc1,openff-2.2.1-ashgc,2,0.7562953596862698,0.0355046700367324,0.824,0.0035
26096,1841,dhmix_783614050589043390,686,EnthalpyOfMixing,<Substance NCCO{solv}{x=0.248120}|c1ccncc1{solv}{x=0.751880}>,NCCO,c1ccncc1,openff-2.2.1-ashgc,2,0.9359661469650652,0.0396586167400244,0.779,0.0035
26097,1842,dens_907288549206652702,687,Density,<Substance NCCO{solv}{x=0.558640}|c1ccncc1{solv}{x=0.441360}>,NCCO,c1ccncc1,openff-2.2.1-ashgc,2,1.0186356720291885,0.0002155287842427,0.9936870000000002,0.0001015
26098,1843,dhmix_1092036220949585875,688,EnthalpyOfMixing,<Substance NCCO{solv}{x=0.746780}|c1ccncc1{solv}{x=0.253220}>,NCCO,c1ccncc1,openff-2.2.1-ashgc,2,0.4270910842569577,0.0417209033442433,0.612,0.003
26099,1844,dens_2278246591298089898,689,Density,<Substance NCCO{solv}{x=0.210010}|c1ccncc1{solv}{x=0.789990}>,NCCO,c1ccncc1,openff-2.2.1-ashgc,2,0.9880429264529398,0.0002423436907748,0.9825660000000004,0.0001015
26100,1845,dens_419188249264987147,690,Density,<Substance CCCCC(=O)OCC{solv}{x=0.492100}|CCOC(C)=O{solv}{x=0.507900}>,CCCCC(=O)OCC,CCOC(C)=O,openff-2.2.1-ashgc,2,0.8818330172828299,0.0002028979058978,0.8787300000000002,0.00012
26101,1846,dens_667714041205021070,691,Density,<Substance CCCCC(=O)OCC{solv}{x=0.304700}|CCOC(C)=O{solv}{x=0.695300}>,CCCCC(=O)OCC,CCOC(C)=O,openff-2.2.1-ashgc,2,0.8886304808554887,0.0002172781521969,0.8836400000000002,0.00012
26102,1847,dhmix_1137774316856842141,692,EnthalpyOfMixing,<Substance CCCCC(=O)OCC{solv}{x=0.737600}|CCOC(C)=O{solv}{x=0.262400}>,CCCCC(=O)OCC,CCOC(C)=O,openff-2.2.1-ashgc,2,0.0204079009223017,0.0540328852416462,0.114,0.0015
26103,1848,dhmix_1322441082145072072,693,EnthalpyOfMixing,<Substance CCCCC(=O)OCC{solv}{x=0.279900}|CCOC(C)=O{solv}{x=0.720100}>,CCCCC(=O)OCC,CCOC(C)=O,openff-2.2.1-ashgc,2,0.1157164800603425,0.0406926021603121,0.139,0.0015
26104,1849,dens_1682638395920841051,694,Density,<Substance CCCCC(=O)OCC{solv}{x=0.752600}|CCOC(C)=O{solv}{x=0.247400}>,CCCCC(=O)OCC,CCOC(C)=O,openff-2.2.1-ashgc,2,0.873853693081412,0.0002133921071395,0.8732900000000001,0.00012
26105,1850,dhmix_2161842751879945948,695,EnthalpyOfMixing,<Substance CCCCC(=O)OCC{solv}{x=0.519800}|CCOC(C)=O{solv}{x=0.480200}>,CCCCC(=O)OCC,CCOC(C)=O,openff-2.2.1-ashgc,2,0.1655124141234711,0.0383413552718464,0.154,0.002
26106,1851,dhmix_419593950323214290,696,EnthalpyOfMixing,<Substance CCCCCC(C)=O{solv}{x=0.780400}|CCN(CC)CC{solv}{x=0.219600}>,CCCCCC(C)=O,CCN(CC)CC,openff-2.2.1-ashgc,2,0.1421524075503555,0.0503369130934416,0.216,0.0025
26107,1852,dens_651921010645567431,697,Density,<Substance CCCCCC(C)=O{solv}{x=0.259800}|CCN(CC)CC{solv}{x=0.740200}>,CCCCCC(C)=O,CCN(CC)CC,openff-2.2.1-ashgc,2,0.7423341358310921,0.0001919114235656,0.7465820000000002,8.950000000000002e-05
26108,1853,dens_995831511901627711,698,Density,<Substance CCCCCC(C)=O{solv}{x=0.748400}|CCN(CC)CC{solv}{x=0.251600}>,CCCCCC(C)=O,CCN(CC)CC,openff-2.2.1-ashgc,2,0.7780263021138007,0.000191531275775,0.7899410000000002,0.0001055
26109,1854,dhmix_1001984601109558110,699,EnthalpyOfMixing,<Substance CCCCCC(C)=O{solv}{x=0.492000}|CCN(CC)CC{solv}{x=0.508000}>,CCCCCC(C)=O,CCN(CC)CC,openff-2.2.1-ashgc,2,0.3801567442549398,0.045314674706463,0.419,0.0045
26110,1855,dens_1887829851815986883,700,Density,<Substance CCCCCC(C)=O{solv}{x=0.503200}|CCN(CC)CC{solv}{x=0.496800}>,CCCCCC(C)=O,CCN(CC)CC,openff-2.2.1-ashgc,2,0.7606433737419863,0.0001990704970454,0.7684760000000002,9.800000000000002e-05
26111,1856,dhmix_2085744568401562111,701,EnthalpyOfMixing,<Substance CCCCCC(C)=O{solv}{x=0.293900}|CCN(CC)CC{solv}{x=0.706100}>,CCCCCC(C)=O,CCN(CC)CC,openff-2.2.1-ashgc,2,0.2100312214812163,0.0476558449831743,0.412,0.0045
26112,1857,dens_436049638479549968,702,Density,<Substance COC=O{solv}{x=0.472500}|ClCCCl{solv}{x=0.527500}>,COC=O,ClCCCl,openff-2.2.1-ashgc,2,1.1247099474249531,0.0003864584993382,1.1269600000000004,0.000285
26113,1858,dens_627145458965592302,703,Density,<Substance COC=O{solv}{x=0.753000}|ClCCCl{solv}{x=0.247000}>,COC=O,ClCCCl,openff-2.2.1-ashgc,2,1.0605307931762835,0.0002651182237923,1.0461600000000004,0.000205
26114,1859,dhmix_731680623269260416,704,EnthalpyOfMixing,<Substance COC=O{solv}{x=0.250800}|ClCCCl{solv}{x=0.749200}>,COC=O,ClCCCl,openff-2.2.1-ashgc,2,0.4609626107184699,0.0332132511079484,0.0793,0.0007
26115,1860,dens_1488543630772933598,705,Density,<Substance COC=O{solv}{x=0.279500}|ClCCCl{solv}{x=0.720500}>,COC=O,ClCCCl,openff-2.2.1-ashgc,2,1.160648909064624,0.0004364347117341,1.1777100000000005,0.00034
26116,1861,dhmix_2170321998768851974,706,EnthalpyOfMixing,<Substance COC=O{solv}{x=0.732200}|ClCCCl{solv}{x=0.267800}>,COC=O,ClCCCl,openff-2.2.1-ashgc,2,0.4741909538404418,0.0292243613905131,0.0733,0.00065
26117,1862,dhmix_2249001225536869896,707,EnthalpyOfMixing,<Substance COC=O{solv}{x=0.487400}|ClCCCl{solv}{x=0.512600}>,COC=O,ClCCCl,openff-2.2.1-ashgc,2,0.5609458569040502,0.0320027918278111,0.1028,0.0008
26118,1863,dhmix_442816374747487477,708,EnthalpyOfMixing,<Substance NCCCNCCCN{solv}{x=0.801500}|O{solv}{x=0.198500}>,NCCCNCCCN,O,openff-2.2.1-ashgc,2,-1.8964017434236744,0.0582507193478365,-2.233,0.024
26119,1864,dhmix_1795382205757805615,709,EnthalpyOfMixing,<Substance NCCCNCCCN{solv}{x=0.300500}|O{solv}{x=0.699500}>,NCCCNCCCN,O,openff-2.2.1-ashgc,2,-4.469646924250323,0.0410851087354657,-6.588,0.07
26120,1865,dhmix_1814950732748396893,710,EnthalpyOfMixing,<Substance NCCCNCCCN{solv}{x=0.499800}|O{solv}{x=0.500200}>,NCCCNCCCN,O,openff-2.2.1-ashgc,2,-4.2638727023690794,0.0770429213850247,-5.544,0.059
26121,1866,dhmix_446869196417408130,711,EnthalpyOfMixing,<Substance NCCNCCO{solv}{x=0.770000}|O{solv}{x=0.230000}>,NCCNCCO,O,openff-2.2.1-ashgc,2,-1.525797057188086,0.0427211958347589,-1.711,0.035
26122,1867,dhmix_673839467313503071,712,EnthalpyOfMixing,<Substance NCCNCCO{solv}{x=0.069900}|O{solv}{x=0.930100}>,NCCNCCO,O,openff-2.2.1-ashgc,2,-0.6816093148061739,0.0232351124292524,-1.713,0.035
26123,1868,dens_688094438561771555,713,Density,<Substance NCCNCCO{solv}{x=0.799700}|O{solv}{x=0.200300}>,NCCNCCO,O,openff-2.2.1-ashgc,2,1.0804448870445789,0.0002392782056127,1.0318300000000002,0.00024
26124,1869,dhmix_1682883323293489147,714,EnthalpyOfMixing,<Substance NCCNCCO{solv}{x=0.400100}|O{solv}{x=0.599900}>,NCCNCCO,O,openff-2.2.1-ashgc,2,-2.088210732922086,0.032092983211255,-4.15,0.0845
26125,1870,dens_2045176885611624977,715,Density,<Substance NCCNCCO{solv}{x=0.070000}|O{solv}{x=0.930000}>,NCCNCCO,O,openff-2.2.1-ashgc,2,1.020011832318694,0.0004735472379895,1.0222800000000003,0.000125
26126,1871,dens_2280714043292214506,716,Density,<Substance NCCNCCO{solv}{x=0.399700}|O{solv}{x=0.600300}>,NCCNCCO,O,openff-2.2.1-ashgc,2,1.057710582779728,0.000613228763348,1.0370100000000002,0.00017
26127,1872,dens_448105363780466270,717,Density,<Substance CCCCCCCl{solv}{x=0.498300}|CN(C)C=O{solv}{x=0.501700}>,CCCCCCCl,CN(C)C=O,openff-2.2.1-ashgc,2,0.8798200419133922,0.000226571966445,0.8974000000000002,0.0003
26128,1873,dens_1134260732394863277,718,Density,<Substance CCCCCCCl{solv}{x=0.729300}|CN(C)C=O{solv}{x=0.270700}>,CCCCCCCl,CN(C)C=O,openff-2.2.1-ashgc,2,0.8688497105956683,0.0002626003587492,0.8844000000000002,0.0003
26129,1874,dhmix_1150917243327149472,719,EnthalpyOfMixing,<Substance CCCCCCCl{solv}{x=0.500000}|CN(C)C=O{solv}{x=0.500000}>,CCCCCCCl,CN(C)C=O,openff-2.2.1-ashgc,2,1.1433120045075071,0.039417959693743,0.847,0.004
26130,1875,dhmix_1166656674614639609,720,EnthalpyOfMixing,<Substance CCCCCCCl{solv}{x=0.204000}|CN(C)C=O{solv}{x=0.796000}>,CCCCCCCl,CN(C)C=O,openff-2.2.1-ashgc,2,0.8069028273082779,0.0389413860397907,0.583,0.004
26131,1876,dhmix_1262474968830454367,721,EnthalpyOfMixing,<Substance CCCCCCCl{solv}{x=0.795000}|CN(C)C=O{solv}{x=0.205000}>,CCCCCCCl,CN(C)C=O,openff-2.2.1-ashgc,2,0.9715506722631204,0.0453396051564907,0.542,0.0035
26132,1877,dens_1862934255267356180,722,Density,<Substance CCCCCCCl{solv}{x=0.200700}|CN(C)C=O{solv}{x=0.799300}>,CCCCCCCl,CN(C)C=O,openff-2.2.1-ashgc,2,0.8984566520641135,0.0002110824127526,0.9218000000000002,0.00025
26133,1878,dhmix_457000181442392641,723,EnthalpyOfMixing,<Substance CCOCCO{solv}{x=0.241100}|c1ccccc1{solv}{x=0.758900}>,CCOCCO,c1ccccc1,openff-2.2.1-ashgc,2,0.657870943409975,0.0408778958841106,0.6303,0.00815
26134,1879,dhmix_501726034520661035,724,EnthalpyOfMixing,<Substance CCOCCO{solv}{x=0.733600}|c1ccccc1{solv}{x=0.266400}>,CCOCCO,c1ccccc1,openff-2.2.1-ashgc,2,0.2869947335975098,0.0463019681697433,0.2326,0.0033
26135,1880,dens_577983044895299238,725,Density,<Substance CCOCCO{solv}{x=0.251800}|c1ccccc1{solv}{x=0.748200}>,CCOCCO,c1ccccc1,openff-2.2.1-ashgc,2,0.8723330176495625,0.000274078792714,0.8849000000000002,0.00081
26136,1881,dens_1506946378386070831,726,Density,<Substance CCOCCO{solv}{x=0.750800}|c1ccccc1{solv}{x=0.249200}>,CCOCCO,c1ccccc1,openff-2.2.1-ashgc,2,0.9044328116707696,0.0002207703244945,0.9134500000000004,0.000685
26137,1882,dhmix_1801594081157333975,727,EnthalpyOfMixing,<Substance CCOCCO{solv}{x=0.478600}|c1ccccc1{solv}{x=0.521400}>,CCOCCO,c1ccccc1,openff-2.2.1-ashgc,2,0.5767170957941801,0.0458523667925825,0.4912,0.00645
26138,1883,dens_2128846755225827916,728,Density,<Substance CCOCCO{solv}{x=0.504800}|c1ccccc1{solv}{x=0.495200}>,CCOCCO,c1ccccc1,openff-2.2.1-ashgc,2,0.8891936755557848,0.0002432546376316,0.8995700000000003,0.000745
26139,1884,dhmix_466383569529620932,729,EnthalpyOfMixing,<Substance CC(=O)N(C)C{solv}{x=0.505000}|CCCCCCCl{solv}{x=0.495000}>,CC(=O)N(C)C,CCCCCCCl,openff-2.2.1-ashgc,2,0.8676548440254024,0.04112255684712,0.61,0.003
26140,1885,dhmix_493694362228351572,730,EnthalpyOfMixing,<Substance CC(=O)N(C)C{solv}{x=0.798000}|CCCCCCCl{solv}{x=0.202000}>,CC(=O)N(C)C,CCCCCCCl,openff-2.2.1-ashgc,2,0.5492919560299683,0.0355277147833757,0.425,0.003
26141,1886,dhmix_626564461179097700,731,EnthalpyOfMixing,<Substance CC(=O)N(C)C{solv}{x=0.211000}|CCCCCCCl{solv}{x=0.789000}>,CC(=O)N(C)C,CCCCCCCl,openff-2.2.1-ashgc,2,0.5890167196901359,0.0478074780564068,0.38,0.003
26142,1887,dens_1720641323575133011,732,Density,<Substance CC(=O)N(C)C{solv}{x=0.200300}|CCCCCCCl{solv}{x=0.799700}>,CC(=O)N(C)C,CCCCCCCl,openff-2.2.1-ashgc,2,0.8654593402680072,0.0002143806025889,0.8816000000000003,0.00025
26143,1888,dens_1817345990638851984,733,Density,<Substance CC(=O)N(C)C{solv}{x=0.503000}|CCCCCCCl{solv}{x=0.497000}>,CC(=O)N(C)C,CCCCCCCl,openff-2.2.1-ashgc,2,0.8758566006055611,0.0002165694987193,0.8975000000000002,0.00025
26144,1889,dens_1885054129776339889,734,Density,<Substance CC(=O)N(C)C{solv}{x=0.699200}|CCCCCCCl{solv}{x=0.300800}>,CC(=O)N(C)C,CCCCCCCl,openff-2.2.1-ashgc,2,0.8830216837256037,0.0002400755980225,0.9104000000000002,0.0002
26145,1890,dens_468507243072548580,735,Density,<Substance CCC#N{solv}{x=0.701200}|CCOC(C)(C)CC{solv}{x=0.298800}>,CCC#N,CCOC(C)(C)CC,openff-2.2.1-ashgc,2,0.7707377149893325,0.0002239929355614,0.7715000000000002,0.0004
26146,1891,dhmix_553135124490085656,736,EnthalpyOfMixing,<Substance CCC#N{solv}{x=0.502500}|CCOC(C)(C)CC{solv}{x=0.497500}>,CCC#N,CCOC(C)(C)CC,openff-2.2.1-ashgc,2,0.2299696483253797,0.0411468916016436,0.7023,0.00955
26147,1892,dens_762108332272225600,737,Density,<Substance CCC#N{solv}{x=0.502500}|CCOC(C)(C)CC{solv}{x=0.497500}>,CCC#N,CCOC(C)(C)CC,openff-2.2.1-ashgc,2,0.7676184056185938,0.0002061024797632,0.7683000000000001,0.00035
26148,1893,dens_967634241844220739,738,Density,<Substance CCC#N{solv}{x=0.200900}|CCOC(C)(C)CC{solv}{x=0.799100}>,CCC#N,CCOC(C)(C)CC,openff-2.2.1-ashgc,2,0.7628308379689127,0.000216186681167,0.7638000000000001,0.00025
26149,1894,dhmix_1961082112686431376,739,EnthalpyOfMixing,<Substance CCC#N{solv}{x=0.200900}|CCOC(C)(C)CC{solv}{x=0.799100}>,CCC#N,CCOC(C)(C)CC,openff-2.2.1-ashgc,2,0.2100270268324564,0.0489161152575468,0.502,0.00685
26150,1895,dhmix_2005765786246998093,740,EnthalpyOfMixing,<Substance CCC#N{solv}{x=0.701200}|CCOC(C)(C)CC{solv}{x=0.298800}>,CCC#N,CCOC(C)(C)CC,openff-2.2.1-ashgc,2,0.2143689346269539,0.038873378844506,0.5863,0.008
26151,1896,dhmix_471514663464011364,741,EnthalpyOfMixing,<Substance C1CCOCC1{solv}{x=0.722000}|CCCCCO{solv}{x=0.278000}>,C1CCOCC1,CCCCCO,openff-2.2.1-ashgc,2,1.0222947127053317,0.0443537003583305,0.8628,0.00745
26152,1897,dens_910343796235321484,742,Density,<Substance C1CCOCC1{solv}{x=0.298700}|CCCCCO{solv}{x=0.701300}>,C1CCOCC1,CCCCCO,openff-2.2.1-ashgc,2,0.8216675563467775,0.0001987086170372,0.8293300000000002,0.00034
26153,1898,dens_1812069868432416079,743,Density,<Substance C1CCOCC1{solv}{x=0.800000}|CCCCCO{solv}{x=0.200000}>,C1CCOCC1,CCCCCO,openff-2.2.1-ashgc,2,0.8508383708158864,0.0002184199735504,0.8635900000000002,0.000315
26154,1899,dhmix_1936206883965149188,744,EnthalpyOfMixing,<Substance C1CCOCC1{solv}{x=0.526000}|CCCCCO{solv}{x=0.474000}>,C1CCOCC1,CCCCCO,openff-2.2.1-ashgc,2,1.1424395023744154,0.0414377652545313,0.97,0.00615
26155,1900,dhmix_1992318015190346725,745,EnthalpyOfMixing,<Substance C1CCOCC1{solv}{x=0.217000}|CCCCCO{solv}{x=0.783000}>,C1CCOCC1,CCCCCO,openff-2.2.1-ashgc,2,0.769613291248767,0.0442287664985817,0.6006,0.00455
26156,1901,dens_2204330198012032768,746,Density,<Substance C1CCOCC1{solv}{x=0.499400}|CCCCCO{solv}{x=0.500600}>,C1CCOCC1,CCCCCO,openff-2.2.1-ashgc,2,0.8326188181168366,0.0002362162995204,0.8425400000000002,0.00033
26157,1902,dhmix_472822428299818953,747,EnthalpyOfMixing,<Substance CC(C)CC(C)(C)C{solv}{x=0.700500}|CCCCO{solv}{x=0.299500}>,CC(C)CC(C)(C)C,CCCCO,openff-2.2.1-ashgc,2,0.8847537640956489,0.050669157017031,0.6228,0.0028
26158,1903,dhmix_628387028768654403,748,EnthalpyOfMixing,<Substance CC(C)CC(C)(C)C{solv}{x=0.499900}|CCCCO{solv}{x=0.500100}>,CC(C)CC(C)(C)C,CCCCO,openff-2.2.1-ashgc,2,0.8858105031760317,0.0478455187366204,0.5938,0.0027
26159,1904,dens_631668933678639865,749,Density,<Substance CC(C)CC(C)(C)C{solv}{x=0.200000}|CCCCO{solv}{x=0.800000}>,CC(C)CC(C)(C)C,CCCCO,openff-2.2.1-ashgc,2,0.7687765624456585,0.0001826519582643,0.7696800000000001,0.000295
26160,1905,dens_1394470087977586253,750,Density,<Substance CC(C)CC(C)(C)C{solv}{x=0.500000}|CCCCO{solv}{x=0.500000}>,CC(C)CC(C)(C)C,CCCCO,openff-2.2.1-ashgc,2,0.736309629220295,0.0002043473207186,0.7294000000000002,0.000285
26161,1906,dens_1809610870413503056,751,Density,<Substance CC(C)CC(C)(C)C{solv}{x=0.699900}|CCCCO{solv}{x=0.300100}>,CC(C)CC(C)(C)C,CCCCO,openff-2.2.1-ashgc,2,0.7202104476529758,0.0001801293258501,0.7097700000000001,0.000285
26162,1907,dhmix_2302589146189152767,752,EnthalpyOfMixing,<Substance CC(C)CC(C)(C)C{solv}{x=0.200200}|CCCCO{solv}{x=0.799800}>,CC(C)CC(C)(C)C,CCCCO,openff-2.2.1-ashgc,2,0.4836347904064055,0.0407407135967123,0.27646,0.003235
26163,1908,dens_486902622078179007,753,Density,<Substance COC=O{solv}{x=0.494600}|CO{solv}{x=0.505400}>,CO,COC=O,openff-2.2.1-ashgc,2,0.9008419342198236,0.0004004804727253,0.8956100000000002,7.500000000000002e-05
26164,1909,dens_750646162221180186,754,Density,<Substance COC=O{solv}{x=0.083300}|CO{solv}{x=0.916700}>,CO,COC=O,openff-2.2.1-ashgc,2,0.7897624661830396,0.0003745657505234,0.8088000000000002,9.000000000000002e-05
26165,1910,dhmix_1113631207235753369,755,EnthalpyOfMixing,<Substance COC=O{solv}{x=0.717800}|CO{solv}{x=0.282200}>,CO,COC=O,openff-2.2.1-ashgc,2,0.5496334713247274,0.032753395569992,1.105,0.012
26166,1911,dhmix_2143911117683117531,756,EnthalpyOfMixing,<Substance COC=O{solv}{x=0.512700}|CO{solv}{x=0.487300}>,CO,COC=O,openff-2.2.1-ashgc,2,0.685745220906659,0.027175720381517,1.179,0.0125
26167,1912,dens_2148324189014877510,757,Density,<Substance COC=O{solv}{x=0.727100}|CO{solv}{x=0.272900}>,CO,COC=O,openff-2.2.1-ashgc,2,0.9465018496386848,0.0003587755870216,0.9321000000000004,8.000000000000002e-05
26168,1913,dhmix_2205254965267695203,758,EnthalpyOfMixing,<Substance COC=O{solv}{x=0.083300}|CO{solv}{x=0.916700}>,CO,COC=O,openff-2.2.1-ashgc,2,0.2433366192211501,0.0318328800662912,0.311,0.0035
26169,1914,dhmix_497300242003673148,759,EnthalpyOfMixing,<Substance BrCCBr{solv}{x=0.284100}|CCCCOC(=O)CCC{solv}{x=0.715900}>,BrCCBr,CCCCOC(=O)CCC,openff-2.2.1-ashgc,2,-0.6097328344247686,0.0526186131515137,-0.054,0.001
26170,1915,dhmix_712261179736749495,760,EnthalpyOfMixing,<Substance BrCCBr{solv}{x=0.515300}|CCCCOC(=O)CCC{solv}{x=0.484700}>,BrCCBr,CCCCOC(=O)CCC,openff-2.2.1-ashgc,2,-0.737218142142261,0.0417183949672211,-0.027,0.0005
26171,1916,dens_846614854165535724,761,Density,<Substance BrCCBr{solv}{x=0.212900}|CCCCOC(=O)CCC{solv}{x=0.787100}>,BrCCBr,CCCCOC(=O)CCC,openff-2.2.1-ashgc,2,1.01536498090673,0.0002434531529101,1.0245500000000003,0.00013
26172,1917,dens_1085110183353279404,762,Density,<Substance BrCCBr{solv}{x=0.730000}|CCCCOC(=O)CCC{solv}{x=0.270000}>,BrCCBr,CCCCOC(=O)CCC,openff-2.2.1-ashgc,2,1.5949526774975935,0.0005018672866208,1.6231500000000003,0.000405
26173,1918,dhmix_2153957437015117204,763,EnthalpyOfMixing,<Substance BrCCBr{solv}{x=0.763900}|CCCCOC(=O)CCC{solv}{x=0.236100}>,BrCCBr,CCCCOC(=O)CCC,openff-2.2.1-ashgc,2,-0.4897778757222966,0.0355049238107425,0.051,0.001
26174,1919,dens_2242615301342819560,764,Density,<Substance BrCCBr{solv}{x=0.449300}|CCCCOC(=O)CCC{solv}{x=0.550700}>,BrCCBr,CCCCOC(=O)CCC,openff-2.2.1-ashgc,2,1.237315512882608,0.0002200255058211,1.2506100000000002,0.000225
26175,1920,dens_501060706627477242,765,Density,<Substance OC1=NCCC1{solv}{x=0.500000}|O{solv}{x=0.500000}>,O,OC1=NCCC1,openff-2.2.1-ashgc,2,1.0529385329524317,0.0002777579767977,1.0977070000000004,0.0005555
26176,1921,dens_929065521104254808,766,Density,<Substance OC1=NCCC1{solv}{x=0.744800}|O{solv}{x=0.255200}>,O,OC1=NCCC1,openff-2.2.1-ashgc,2,1.061129679174189,0.0002866718213141,1.1044310000000004,0.000577
26177,1922,dhmix_1128968771311392860,767,EnthalpyOfMixing,<Substance OC1=NCCC1{solv}{x=0.769300}|O{solv}{x=0.230700}>,O,OC1=NCCC1,openff-2.2.1-ashgc,2,0.8339940217416313,0.0391837988880697,-0.678,0.1695
26178,1923,dens_1192491633684345401,768,Density,<Substance OC1=NCCC1{solv}{x=0.246800}|O{solv}{x=0.753200}>,O,OC1=NCCC1,openff-2.2.1-ashgc,2,1.0351747967268978,0.0004205565226955,1.077068,0.0004905
26179,1924,dhmix_1775375132531538271,769,EnthalpyOfMixing,<Substance OC1=NCCC1{solv}{x=0.478300}|O{solv}{x=0.521700}>,O,OC1=NCCC1,openff-2.2.1-ashgc,2,0.8688697535837946,0.0300832230983038,-0.8384,0.20965
26180,1925,dhmix_1895825007089845103,770,EnthalpyOfMixing,<Substance OC1=NCCC1{solv}{x=0.231900}|O{solv}{x=0.768100}>,O,OC1=NCCC1,openff-2.2.1-ashgc,2,0.6438538965778449,0.0268005576854115,-0.5238,0.13095
26181,1926,dens_502738970558558534,771,Density,<Substance BrCCBr{solv}{x=0.749000}|COC=O{solv}{x=0.251000}>,BrCCBr,COC=O,openff-2.2.1-ashgc,2,1.8872931085067652,0.0006149239494807,1.9319600000000008,0.003535
26182,1927,dhmix_523129341332875255,772,EnthalpyOfMixing,<Substance BrCCBr{solv}{x=0.059500}|COC=O{solv}{x=0.940500}>,BrCCBr,COC=O,openff-2.2.1-ashgc,2,0.1496797867292199,0.0356598604139817,0.1715,0.00215
26183,1928,dens_528986974844153101,773,Density,<Substance BrCCBr{solv}{x=0.059800}|COC=O{solv}{x=0.940200}>,BrCCBr,COC=O,openff-2.2.1-ashgc,2,1.0874164682621488,0.000356383488692,1.06428,0.00056
26184,1929,dhmix_1521152703631810888,774,EnthalpyOfMixing,<Substance BrCCBr{solv}{x=0.757400}|COC=O{solv}{x=0.242600}>,BrCCBr,COC=O,openff-2.2.1-ashgc,2,0.3230435064659875,0.0338026275035967,0.653,0.00585
26185,1930,dhmix_1685647138770344206,775,EnthalpyOfMixing,<Substance BrCCBr{solv}{x=0.528100}|COC=O{solv}{x=0.471900}>,BrCCBr,COC=O,openff-2.2.1-ashgc,2,0.5421823680938811,0.0247514680949953,0.8123,0.00705
26186,1931,dens_1945150067923572864,776,Density,<Substance BrCCBr{solv}{x=0.501500}|COC=O{solv}{x=0.498500}>,BrCCBr,COC=O,openff-2.2.1-ashgc,2,1.64914607488396,0.0005705738980811,1.6620300000000003,0.00232
26187,1932,dens_511283508189056955,777,Density,<Substance CCO{solv}{x=0.291400}|CN(C)CCO{solv}{x=0.708600}>,CCO,CN(C)CCO,openff-2.2.1-ashgc,2,0.8716008650716406,0.0002082417012054,0.8710100000000002,0.000165
26188,1933,dhmix_1055456388735168345,778,EnthalpyOfMixing,<Substance CCO{solv}{x=0.508400}|CN(C)CCO{solv}{x=0.491600}>,CCO,CN(C)CCO,openff-2.2.1-ashgc,2,-0.871518907996645,0.0395658347731891,-0.4044,0.0044
26189,1934,dens_1119930253414624267,779,Density,<Substance CCO{solv}{x=0.699500}|CN(C)CCO{solv}{x=0.300500}>,CCO,CN(C)CCO,openff-2.2.1-ashgc,2,0.8328317846981751,0.0002635756806504,0.8345000000000002,0.000135
26190,1935,dhmix_1132835222292135012,780,EnthalpyOfMixing,<Substance CCO{solv}{x=0.268600}|CN(C)CCO{solv}{x=0.731400}>,CCO,CN(C)CCO,openff-2.2.1-ashgc,2,-0.6056853207529542,0.0451857487258642,-0.2783,0.0031
26191,1936,dens_1964926738263319597,781,Density,<Substance CCO{solv}{x=0.494900}|CN(C)CCO{solv}{x=0.505100}>,CCO,CN(C)CCO,openff-2.2.1-ashgc,2,0.8558550906250874,0.0002063270875832,0.8566200000000002,0.00015
26192,1937,dhmix_2011138895468245368,782,EnthalpyOfMixing,<Substance CCO{solv}{x=0.733500}|CN(C)CCO{solv}{x=0.266500}>,CCO,CN(C)CCO,openff-2.2.1-ashgc,2,-0.7318278952097756,0.0379952990508326,-0.3657,0.004
26193,1938,dhmix_517287783481256565,783,EnthalpyOfMixing,<Substance CN(C)C=O{solv}{x=0.701000}|ClCCCCCl{solv}{x=0.299000}>,CN(C)C=O,ClCCCCCl,openff-2.2.1-ashgc,2,0.5232328080475241,0.0359866376866563,-0.052,0.002
26194,1939,dens_765057686797526715,784,Density,<Substance CN(C)C=O{solv}{x=0.794300}|ClCCCCCl{solv}{x=0.205700}>,CN(C)C=O,ClCCCCCl,openff-2.2.1-ashgc,2,0.9684185408204904,0.000285868203964,0.9934000000000002,0.00245
26195,1940,dens_1092490027864410415,785,Density,<Substance CN(C)C=O{solv}{x=0.502200}|ClCCCCCl{solv}{x=0.497800}>,CN(C)C=O,ClCCCCCl,openff-2.2.1-ashgc,2,1.030809919451316,0.0002833271991745,1.0524000000000004,0.0022
26196,1941,dens_1571926938169630329,786,Density,<Substance CN(C)C=O{solv}{x=0.299400}|ClCCCCCl{solv}{x=0.700600}>,CN(C)C=O,ClCCCCCl,openff-2.2.1-ashgc,2,1.0671055602541142,0.0003045965496726,1.0879000000000003,0.0021
26197,1942,dhmix_1989422051580285053,787,EnthalpyOfMixing,<Substance CN(C)C=O{solv}{x=0.501000}|ClCCCCCl{solv}{x=0.499000}>,CN(C)C=O,ClCCCCCl,openff-2.2.1-ashgc,2,0.7256943159438336,0.0368684256238737,-0.056,0.002
26198,1943,dhmix_2190775305913174779,788,EnthalpyOfMixing,<Substance CN(C)C=O{solv}{x=0.204000}|ClCCCCCl{solv}{x=0.796000}>,CN(C)C=O,ClCCCCCl,openff-2.2.1-ashgc,2,0.3621687044676989,0.0445786492141491,-0.039,0.002
26199,1944,dens_518199256039095036,789,Density,<Substance CCCCO{solv}{x=0.496400}|NCCN{solv}{x=0.503600}>,CCCCO,NCCN,openff-2.2.1-ashgc,2,0.8854373848944266,0.0002355004158137,0.8519430000000002,0.000219
26200,1945,dens_866492593379488722,790,Density,<Substance CCCCO{solv}{x=0.739800}|NCCN{solv}{x=0.260200}>,CCCCO,NCCN,openff-2.2.1-ashgc,2,0.8394602201991368,0.0002158722785071,0.8325090000000002,0.000221
26201,1946,dens_2064365769538781360,791,Density,<Substance CCCCO{solv}{x=0.291900}|NCCN{solv}{x=0.708100}>,CCCCO,NCCN,openff-2.2.1-ashgc,2,0.9340692792738704,0.000292599790702,0.8676960000000002,0.0002205
26202,1947,dens_520201021244222151,792,Density,<Substance O=C1CCCO1{solv}{x=0.300000}|O{solv}{x=0.700000}>,O,O=C1CCCO1,openff-2.2.1-ashgc,2,1.054107446152274,0.0003789442666158,1.0886000000000002,0.0001
26203,1948,dens_2198925124601089428,793,Density,<Substance O=C1CCCO1{solv}{x=0.500000}|O{solv}{x=0.500000}>,O,O=C1CCCO1,openff-2.2.1-ashgc,2,1.0738102234543254,0.0003214800551947,1.1059000000000003,0.0001
26204,1949,dens_2272207838075726438,794,Density,<Substance O=C1CCCO1{solv}{x=0.800000}|O{solv}{x=0.200000}>,O,O=C1CCCO1,openff-2.2.1-ashgc,2,1.0905315862181932,0.0001878051512311,1.1182000000000003,0.0001
26205,1950,dhmix_524376395520217080,795,EnthalpyOfMixing,<Substance CC(C)CC(C)(C)C{solv}{x=0.440700}|CCCC(=O)OC{solv}{x=0.559300}>,CC(C)CC(C)(C)C,CCCC(=O)OC,openff-2.2.1-ashgc,2,1.500674308804932,0.0458823274480317,1.053,0.0115
26206,1951,dens_581090592491592243,796,Density,<Substance CC(C)CC(C)(C)C{solv}{x=0.298100}|CCCC(=O)OC{solv}{x=0.701900}>,CC(C)CC(C)(C)C,CCCC(=O)OC,openff-2.2.1-ashgc,2,0.8148907219322992,0.000218176930922,0.8119000000000002,0.000505
26207,1952,dens_1497434747823371430,797,Density,<Substance CC(C)CC(C)(C)C{solv}{x=0.724300}|CCCC(=O)OC{solv}{x=0.275700}>,CC(C)CC(C)(C)C,CCCC(=O)OC,openff-2.2.1-ashgc,2,0.7391912883391593,0.000194870329576,0.7279000000000001,0.000505
26208,1953,dhmix_1614087501371550297,798,EnthalpyOfMixing,<Substance CC(C)CC(C)(C)C{solv}{x=0.762900}|CCCC(=O)OC{solv}{x=0.237100}>,CC(C)CC(C)(C)C,CCCC(=O)OC,openff-2.2.1-ashgc,2,1.2415733184547122,0.0539919978984062,0.789,0.0085
26209,1954,dens_1842979547629422953,799,Density,<Substance CC(C)CC(C)(C)C{solv}{x=0.441000}|CCCC(=O)OC{solv}{x=0.559000}>,CC(C)CC(C)(C)C,CCCC(=O)OC,openff-2.2.1-ashgc,2,0.7860989892510643,0.000157745466216,0.7803000000000001,0.000505
26210,1955,dhmix_2246911102339588209,800,EnthalpyOfMixing,<Substance CC(C)CC(C)(C)C{solv}{x=0.298200}|CCCC(=O)OC{solv}{x=0.701800}>,CC(C)CC(C)(C)C,CCCC(=O)OC,openff-2.2.1-ashgc,2,1.2589011723309227,0.0441805936407525,0.884,0.0095
26211,1956,dhmix_536798507677319129,801,EnthalpyOfMixing,<Substance C1COCO1{solv}{x=0.267900}|Cc1ccccc1Cl{solv}{x=0.732100}>,C1COCO1,Cc1ccccc1Cl,openff-2.2.1-ashgc,2,0.3126660152812803,0.043130224164265,0.272,0.0015
26212,1957,dens_559535483529614058,802,Density,<Substance C1COCO1{solv}{x=0.726600}|Cc1ccccc1Cl{solv}{x=0.273400}>,C1COCO1,Cc1ccccc1Cl,openff-2.2.1-ashgc,2,1.0832808128307307,0.0002794214006786,1.0652000000000004,0.0005
26213,1958,dens_731520844601672570,803,Density,<Substance C1COCO1{solv}{x=0.268500}|Cc1ccccc1Cl{solv}{x=0.731500}>,C1COCO1,Cc1ccccc1Cl,openff-2.2.1-ashgc,2,1.0620785569214533,0.0002379622382052,1.0630000000000002,0.0005
26214,1959,dens_839907656840905053,804,Density,<Substance C1COCO1{solv}{x=0.516900}|Cc1ccccc1Cl{solv}{x=0.483100}>,C1COCO1,Cc1ccccc1Cl,openff-2.2.1-ashgc,2,1.0786677089300147,0.0002577400726437,1.0694000000000004,0.0005
26215,1960,dhmix_1308085019204784636,805,EnthalpyOfMixing,<Substance C1COCO1{solv}{x=0.500900}|Cc1ccccc1Cl{solv}{x=0.499100}>,C1COCO1,Cc1ccccc1Cl,openff-2.2.1-ashgc,2,0.3845644662957284,0.038710167982049,0.393,0.002
26216,1961,dhmix_1924685013370154802,806,EnthalpyOfMixing,<Substance C1COCO1{solv}{x=0.760400}|Cc1ccccc1Cl{solv}{x=0.239600}>,C1COCO1,Cc1ccccc1Cl,openff-2.2.1-ashgc,2,0.2742859267545157,0.0378059501082123,0.313,0.0015
26217,1962,dhmix_549919019055097043,807,EnthalpyOfMixing,<Substance C1CCCCC1{solv}{x=0.799100}|CC(C)O{solv}{x=0.200900}>,C1CCCCC1,CC(C)O,openff-2.2.1-ashgc,2,0.8143746246483801,0.0427711229535017,0.702,0.017
26218,1963,dhmix_1101575580592240663,808,EnthalpyOfMixing,<Substance C1CCCCC1{solv}{x=0.199500}|CC(C)O{solv}{x=0.800500}>,C1CCCCC1,CC(C)O,openff-2.2.1-ashgc,2,0.456811926133625,0.0379807872393368,0.438,0.011
26219,1964,dhmix_1262965345724899699,809,EnthalpyOfMixing,<Substance C1CCCCC1{solv}{x=0.498400}|CC(C)O{solv}{x=0.501600}>,C1CCCCC1,CC(C)O,openff-2.2.1-ashgc,2,1.0192865236310595,0.0358542111109836,0.801,0.0195
26220,1965,dens_1431184569437551541,810,Density,<Substance C1CCCCC1{solv}{x=0.705800}|CC(C)O{solv}{x=0.294200}>,C1CCCCC1,CC(C)O,openff-2.2.1-ashgc,2,0.7558443998416684,0.000228710375289,0.7711100000000002,0.000245
26221,1966,dens_2097249982689376165,811,Density,<Substance C1CCCCC1{solv}{x=0.200000}|CC(C)O{solv}{x=0.800000}>,C1CCCCC1,CC(C)O,openff-2.2.1-ashgc,2,0.779952130139963,0.0002124802843852,0.7761000000000002,0.0003
26222,1967,dens_2130071224188444793,812,Density,<Substance C1CCCCC1{solv}{x=0.503900}|CC(C)O{solv}{x=0.496100}>,C1CCCCC1,CC(C)O,openff-2.2.1-ashgc,2,0.7631104429080188,0.0002462599328905,0.7719000000000001,0.0003
26223,1968,dens_562489367284385084,813,Density,<Substance CCCCC(=O)OC{solv}{x=0.251100}|COC(C)=O{solv}{x=0.748900}>,CCCCC(=O)OC,COC(C)=O,openff-2.2.1-ashgc,2,0.9106143503941662,0.0002793755213516,0.9105300000000002,0.000505
26224,1969,dhmix_814771684244180933,814,EnthalpyOfMixing,<Substance CCCCC(=O)OC{solv}{x=0.733900}|COC(C)=O{solv}{x=0.266100}>,CCCCC(=O)OC,COC(C)=O,openff-2.2.1-ashgc,2,-0.0087184993826658,0.0422914109546394,0.178,0.002
26225,1970,dhmix_915202362324204655,815,EnthalpyOfMixing,<Substance CCCCC(=O)OC{solv}{x=0.505500}|COC(C)=O{solv}{x=0.494500}>,CCCCC(=O)OC,COC(C)=O,openff-2.2.1-ashgc,2,0.1881111959274228,0.0412128648886129,0.238,0.0025
26226,1971,dhmix_935892165648195197,816,EnthalpyOfMixing,<Substance CCCCC(=O)OC{solv}{x=0.234700}|COC(C)=O{solv}{x=0.765300}>,CCCCC(=O)OC,COC(C)=O,openff-2.2.1-ashgc,2,0.1246294364259483,0.0383796074480799,0.173,0.002
26227,1972,dens_961692445804333991,817,Density,<Substance CCCCC(=O)OC{solv}{x=0.738300}|COC(C)=O{solv}{x=0.261700}>,CCCCC(=O)OC,COC(C)=O,openff-2.2.1-ashgc,2,0.8883927208713702,0.0002229612584531,0.8914700000000002,0.000505
26228,1973,dens_1493380961688632529,818,Density,<Substance CCCCC(=O)OC{solv}{x=0.493500}|COC(C)=O{solv}{x=0.506500}>,CCCCC(=O)OC,COC(C)=O,openff-2.2.1-ashgc,2,0.8982517891844772,0.0002405315126248,0.8996200000000002,0.000505
26229,1974,dhmix_563342363018905515,819,EnthalpyOfMixing,<Substance CCOC(=O)CC(C)=O{solv}{x=0.751400}|O{solv}{x=0.248600}>,CCOC(=O)CC(C)=O,O,openff-2.2.1-ashgc,2,0.7714410467989694,0.0405558975064977,1.128,0.012
26230,1975,dhmix_1385095028103136291,820,EnthalpyOfMixing,<Substance CCOC(=O)CC(C)=O{solv}{x=0.449100}|O{solv}{x=0.550900}>,CCOC(=O)CC(C)=O,O,openff-2.2.1-ashgc,2,0.6768052407781795,0.037954545718583,0.684,0.0075
26231,1976,dhmix_1609967394780907654,821,EnthalpyOfMixing,<Substance CCOC(=O)CC(C)=O{solv}{x=0.299400}|O{solv}{x=0.700600}>,CCOC(=O)CC(C)=O,O,openff-2.2.1-ashgc,2,0.5024686737525599,0.0309866100702357,0.428,0.005
26232,1977,dhmix_566259260175961973,822,EnthalpyOfMixing,<Substance CCCCO{solv}{x=0.144700}|OC1=NCCC1{solv}{x=0.855300}>,CCCCO,OC1=NCCC1,openff-2.2.1-ashgc,2,0.6877323662704242,0.0379757928101808,0.0949,0.0012
26233,1978,dens_1146983614802652988,823,Density,<Substance CCCCO{solv}{x=0.500400}|OC1=NCCC1{solv}{x=0.499600}>,CCCCO,OC1=NCCC1,openff-2.2.1-ashgc,2,0.9265252657558756,0.0002314151042546,0.94503,0.00015
26234,1979,dhmix_1601732489230179724,824,EnthalpyOfMixing,<Substance CCCCO{solv}{x=0.497800}|OC1=NCCC1{solv}{x=0.502200}>,CCCCO,OC1=NCCC1,openff-2.2.1-ashgc,2,1.4003552138001891,0.0362546597991025,0.2326,0.0026
26235,1980,dhmix_1661138478850718837,825,EnthalpyOfMixing,<Substance CCCCO{solv}{x=0.754800}|OC1=NCCC1{solv}{x=0.245200}>,CCCCO,OC1=NCCC1,openff-2.2.1-ashgc,2,1.0600294481323638,0.0443008058500913,0.2356,0.00265
26236,1981,dens_1878955695276199878,826,Density,<Substance CCCCO{solv}{x=0.144600}|OC1=NCCC1{solv}{x=0.855400}>,CCCCO,OC1=NCCC1,openff-2.2.1-ashgc,2,1.023852347335806,0.000275327650583,1.0575900000000005,0.000205
26237,1982,dens_2101998760005952263,827,Density,<Substance CCCCO{solv}{x=0.755500}|OC1=NCCC1{solv}{x=0.244500}>,CCCCO,OC1=NCCC1,openff-2.2.1-ashgc,2,0.8601172564296556,0.0002462431286802,0.8711500000000002,0.000185
26238,1983,dhmix_569012254773025696,828,EnthalpyOfMixing,<Substance CC(C)(C)O{solv}{x=0.505700}|OC1=NCCC1{solv}{x=0.494300}>,CC(C)(C)O,OC1=NCCC1,openff-2.2.1-ashgc,2,1.7831381872838534,0.0364328606350774,0.4323,0.0047
26239,1984,dens_992979807705536615,829,Density,<Substance CC(C)(C)O{solv}{x=0.751100}|OC1=NCCC1{solv}{x=0.248900}>,CC(C)(C)O,OC1=NCCC1,openff-2.2.1-ashgc,2,0.8686646572190834,0.0003053492960928,0.8505700000000003,0.000215
26240,1985,dens_1020722913861580636,830,Density,<Substance CC(C)(C)O{solv}{x=0.499700}|OC1=NCCC1{solv}{x=0.500300}>,CC(C)(C)O,OC1=NCCC1,openff-2.2.1-ashgc,2,0.9316188363307928,0.0002664042039837,0.9282800000000002,0.00018
26241,1986,dhmix_1408261346335628114,831,EnthalpyOfMixing,<Substance CC(C)(C)O{solv}{x=0.744900}|OC1=NCCC1{solv}{x=0.255100}>,CC(C)(C)O,OC1=NCCC1,openff-2.2.1-ashgc,2,1.5299523514573394,0.0474639774888824,0.3774,0.00415
26242,1987,dhmix_1466823939183874689,832,EnthalpyOfMixing,<Substance CC(C)(C)O{solv}{x=0.257800}|OC1=NCCC1{solv}{x=0.742200}>,CC(C)(C)O,OC1=NCCC1,openff-2.2.1-ashgc,2,1.0646216677178444,0.0395993265210527,0.2874,0.0032
26243,1988,dens_1768273433543243004,833,Density,<Substance CC(C)(C)O{solv}{x=0.276400}|OC1=NCCC1{solv}{x=0.723600}>,CC(C)(C)O,OC1=NCCC1,openff-2.2.1-ashgc,2,0.9897762929191898,0.0002596682078179,1.0036300000000002,0.000155
26244,1989,dens_571827819113574480,834,Density,<Substance CC(C)OC(C)C{solv}{x=0.700400}|Cc1ccccc1{solv}{x=0.299600}>,CC(C)OC(C)C,Cc1ccccc1,openff-2.2.1-ashgc,2,0.7634222897614259,0.0002726348414345,0.7573100000000001,0.000155
26245,1990,dhmix_686402805609192969,835,EnthalpyOfMixing,<Substance CC(C)OC(C)C{solv}{x=0.228000}|Cc1ccccc1{solv}{x=0.772000}>,CC(C)OC(C)C,Cc1ccccc1,openff-2.2.1-ashgc,2,-0.2308982280783169,0.0372470157706921,0.0593,0.00515
26246,1991,dhmix_1045652173440309018,836,EnthalpyOfMixing,<Substance CC(C)OC(C)C{solv}{x=0.752000}|Cc1ccccc1{solv}{x=0.248000}>,CC(C)OC(C)C,Cc1ccccc1,openff-2.2.1-ashgc,2,-0.0669695630153768,0.0411455142221414,-0.0091,0.00505
26247,1992,dhmix_1690461453403165745,837,EnthalpyOfMixing,<Substance CC(C)OC(C)C{solv}{x=0.455000}|Cc1ccccc1{solv}{x=0.545000}>,CC(C)OC(C)C,Cc1ccccc1,openff-2.2.1-ashgc,2,-0.1041075952247325,0.0433347921979416,0.0323,0.0051
26248,1993,dens_2086775654110573795,838,Density,<Substance CC(C)OC(C)C{solv}{x=0.200400}|Cc1ccccc1{solv}{x=0.799600}>,CC(C)OC(C)C,Cc1ccccc1,openff-2.2.1-ashgc,2,0.8193007890396887,0.0002344862960598,0.8299700000000002,0.00014
26249,1994,dens_2167043968237201720,839,Density,<Substance CC(C)OC(C)C{solv}{x=0.500300}|Cc1ccccc1{solv}{x=0.499700}>,CC(C)OC(C)C,Cc1ccccc1,openff-2.2.1-ashgc,2,0.7851498898448339,0.0002189227459445,0.7849200000000002,0.000155
26250,1995,dhmix_578047845607378963,840,EnthalpyOfMixing,<Substance CN1CCCC1=O{solv}{x=0.635900}|c1ccncc1{solv}{x=0.364100}>,CN1CCCC1=O,c1ccncc1,openff-2.2.1-ashgc,2,-0.2946954253435947,0.040596976595498,-0.4013,0.10035
26251,1996,dhmix_625120262301063359,841,EnthalpyOfMixing,<Substance CN1CCCC1=O{solv}{x=0.231200}|c1ccncc1{solv}{x=0.768800}>,CN1CCCC1=O,c1ccncc1,openff-2.2.1-ashgc,2,-0.2655875236911384,0.0397900672059738,-0.3157,0.07895
26252,1997,dens_1059919274311274879,842,Density,<Substance CN1CCCC1=O{solv}{x=0.521500}|c1ccncc1{solv}{x=0.478500}>,CN1CCCC1=O,c1ccncc1,openff-2.2.1-ashgc,2,0.99001457260583,0.0002232573674805,1.0158200000000004,0.00051
26253,1998,dens_1445187430653020908,843,Density,<Substance CN1CCCC1=O{solv}{x=0.234800}|c1ccncc1{solv}{x=0.765200}>,CN1CCCC1=O,c1ccncc1,openff-2.2.1-ashgc,2,0.9829186030820244,0.0002510905745243,0.9983500000000004,0.00051
26254,1999,dhmix_1933003504821603087,844,EnthalpyOfMixing,<Substance CN1CCCC1=O{solv}{x=0.499500}|c1ccncc1{solv}{x=0.500500}>,CN1CCCC1=O,c1ccncc1,openff-2.2.1-ashgc,2,-0.3880951737911662,0.0345079027229174,-0.4356,0.1089
26255,2000,dens_2199047009222847682,845,Density,<Substance CN1CCCC1=O{solv}{x=0.636400}|c1ccncc1{solv}{x=0.363600}>,CN1CCCC1=O,c1ccncc1,openff-2.2.1-ashgc,2,0.992707185275092,0.0002321939189789,1.0207400000000002,0.00051
26256,2001,dens_586351122522837789,846,Density,<Substance c1cc[nH]c1{solv}{x=0.820700}|c1ccccc1{solv}{x=0.179300}>,c1cc[nH]c1,c1ccccc1,openff-2.2.1-ashgc,2,0.9541909746177396,0.0002147355583645,0.9503300000000002,0.000195
26257,2002,dhmix_1101447260293284221,847,EnthalpyOfMixing,<Substance c1cc[nH]c1{solv}{x=0.494000}|c1ccccc1{solv}{x=0.506000}>,c1cc[nH]c1,c1ccccc1,openff-2.2.1-ashgc,2,0.5047561605449147,0.0366344216484131,0.609,0.00395
26258,2003,dens_1366042600317618213,848,Density,<Substance c1cc[nH]c1{solv}{x=0.503000}|c1ccccc1{solv}{x=0.497000}>,c1cc[nH]c1,c1ccccc1,openff-2.2.1-ashgc,2,0.9127022679025668,0.0003036394811686,0.9220400000000002,0.00019
26259,2004,dens_2042223650153961549,849,Density,<Substance c1cc[nH]c1{solv}{x=0.314200}|c1ccccc1{solv}{x=0.685800}>,c1cc[nH]c1,c1ccccc1,openff-2.2.1-ashgc,2,0.8903880455266296,0.0002781220091285,0.9043500000000002,0.000195
26260,2005,dhmix_2080652523589171296,850,EnthalpyOfMixing,<Substance c1cc[nH]c1{solv}{x=0.820800}|c1ccccc1{solv}{x=0.179200}>,c1cc[nH]c1,c1ccccc1,openff-2.2.1-ashgc,2,0.2519525237056825,0.0353948742333704,0.3441,0.00245
26261,2006,dhmix_2101365800313583195,851,EnthalpyOfMixing,<Substance c1cc[nH]c1{solv}{x=0.314000}|c1ccccc1{solv}{x=0.686000}>,c1cc[nH]c1,c1ccccc1,openff-2.2.1-ashgc,2,0.5794537827521538,0.0326527646997117,0.5893,0.00385
26262,2007,dens_592296207180530796,852,Density,<Substance C1CCNCC1{solv}{x=0.250000}|O{solv}{x=0.750000}>,C1CCNCC1,O,openff-2.2.1-ashgc,2,0.9077055231859305,0.0003432218607041,0.9379600000000002,0.000185
26263,2008,dhmix_598563182385523239,853,EnthalpyOfMixing,<Substance C1CCNCC1{solv}{x=0.750000}|O{solv}{x=0.250000}>,C1CCNCC1,O,openff-2.2.1-ashgc,2,-0.7441185240044987,0.0385394566597325,-1.4628,0.02995
26264,2009,dens_1144696340343060729,854,Density,<Substance C1CCNCC1{solv}{x=0.500000}|O{solv}{x=0.500000}>,C1CCNCC1,O,openff-2.2.1-ashgc,2,0.8823891728072842,0.0002999636475373,0.90329,0.000235
26265,2010,dens_1551117370864361960,855,Density,<Substance C1CCNCC1{solv}{x=0.750000}|O{solv}{x=0.250000}>,C1CCNCC1,O,openff-2.2.1-ashgc,2,0.8693006558036819,0.0002192944551244,0.8771300000000002,0.000285
26266,2011,dhmix_2023343497633678069,856,EnthalpyOfMixing,<Substance C1CCNCC1{solv}{x=0.500000}|O{solv}{x=0.500000}>,C1CCNCC1,O,openff-2.2.1-ashgc,2,-1.1469366607770723,0.0313883610338492,-2.1379,0.04355
26267,2012,dhmix_2169709193905404129,857,EnthalpyOfMixing,<Substance C1CCNCC1{solv}{x=0.250000}|O{solv}{x=0.750000}>,C1CCNCC1,O,openff-2.2.1-ashgc,2,-0.8145357344765394,0.0254835053256391,-1.9642,0.04065
26268,2013,dhmix_597694390671293228,858,EnthalpyOfMixing,<Substance C1CCCCC1{solv}{x=0.495000}|c1cc[nH]c1{solv}{x=0.505000}>,C1CCCCC1,c1cc[nH]c1,openff-2.2.1-ashgc,2,1.5650928263024824,0.0386271967457969,1.4275,0.00895
26269,2014,dens_1402964712081643759,859,Density,<Substance C1CCCCC1{solv}{x=0.281700}|c1cc[nH]c1{solv}{x=0.718300}>,C1CCCCC1,c1cc[nH]c1,openff-2.2.1-ashgc,2,0.8860487412750071,0.0002676262775833,0.9082800000000002,0.00023
26270,2015,dens_1463337814181203578,860,Density,<Substance C1CCCCC1{solv}{x=0.925100}|c1cc[nH]c1{solv}{x=0.074900}>,C1CCCCC1,c1cc[nH]c1,openff-2.2.1-ashgc,2,0.7594484756689547,0.0002281889800437,0.7860300000000001,0.00026
26271,2016,dens_1586039458655447443,861,Density,<Substance C1CCCCC1{solv}{x=0.494200}|c1cc[nH]c1{solv}{x=0.505800}>,C1CCCCC1,c1cc[nH]c1,openff-2.2.1-ashgc,2,0.8341832555348506,0.0002633029809008,0.8661300000000002,0.000235
26272,2017,dhmix_1650717903260721901,862,EnthalpyOfMixing,<Substance C1CCCCC1{solv}{x=0.924800}|c1cc[nH]c1{solv}{x=0.075200}>,C1CCCCC1,c1cc[nH]c1,openff-2.2.1-ashgc,2,0.6303656191696376,0.0485630973269964,0.7315,0.00535
26273,2018,dhmix_1709124910710738018,863,EnthalpyOfMixing,<Substance C1CCCCC1{solv}{x=0.281800}|c1cc[nH]c1{solv}{x=0.718200}>,C1CCCCC1,c1cc[nH]c1,openff-2.2.1-ashgc,2,1.2796388217805656,0.0301977632576821,1.245,0.00795
26274,2019,dhmix_602003453564252918,864,EnthalpyOfMixing,<Substance COc1ccccc1{solv}{x=0.767000}|OCCc1ccccc1{solv}{x=0.233000}>,COc1ccccc1,OCCc1ccccc1,openff-2.2.1-ashgc,2,0.8042376910377982,0.0498710675677728,1.1154,0.01195
26275,2020,dhmix_831666159864093343,865,EnthalpyOfMixing,<Substance COc1ccccc1{solv}{x=0.267800}|OCCc1ccccc1{solv}{x=0.732200}>,COc1ccccc1,OCCc1ccccc1,openff-2.2.1-ashgc,2,0.3323467673264986,0.0573217702187443,0.688,0.00745
26276,2021,dhmix_1415130215717622630,866,EnthalpyOfMixing,<Substance COc1ccccc1{solv}{x=0.523200}|OCCc1ccccc1{solv}{x=0.476800}>,COc1ccccc1,OCCc1ccccc1,openff-2.2.1-ashgc,2,0.9032779550339498,0.0458177100699833,1.0457,0.0112
26277,2022,dens_2018050376435813399,867,Density,<Substance COc1ccccc1{solv}{x=0.767300}|OCCc1ccccc1{solv}{x=0.232700}>,COc1ccccc1,OCCc1ccccc1,openff-2.2.1-ashgc,2,0.971527268515702,0.0001633670229798,0.9869000000000002,0.00026
26278,2023,dens_2083067547090229321,868,Density,<Substance COc1ccccc1{solv}{x=0.524500}|OCCc1ccccc1{solv}{x=0.475500}>,COc1ccccc1,OCCc1ccccc1,openff-2.2.1-ashgc,2,0.9799043770088548,0.0002107611453624,0.9943600000000002,0.00026
26279,2024,dens_2108796896152795987,869,Density,<Substance COc1ccccc1{solv}{x=0.212100}|OCCc1ccccc1{solv}{x=0.787900}>,COc1ccccc1,OCCc1ccccc1,openff-2.2.1-ashgc,2,0.9905465740783016,0.0002380553115534,1.0032600000000005,0.00026
26280,2025,dhmix_607389561715885318,870,EnthalpyOfMixing,<Substance CC(C)O{solv}{x=0.750600}|CCOC(=O)CC(=O)OCC{solv}{x=0.249400}>,CC(C)O,CCOC(=O)CC(=O)OCC,openff-2.2.1-ashgc,2,1.8495745796766556,0.0400288641272747,1.955,0.021
26281,2026,dhmix_970997719035766241,871,EnthalpyOfMixing,<Substance CC(C)O{solv}{x=0.249200}|CCOC(=O)CC(=O)OCC{solv}{x=0.750800}>,CC(C)O,CCOC(=O)CC(=O)OCC,openff-2.2.1-ashgc,2,1.2646065929167207,0.0478734062546695,1.804,0.0195
26282,2027,dens_1055220895195342210,872,Density,<Substance CC(C)O{solv}{x=0.700000}|CCOC(=O)CC(=O)OCC{solv}{x=0.300000}>,CC(C)O,CCOC(=O)CC(=O)OCC,openff-2.2.1-ashgc,2,0.9163317845711876,0.0002092015811902,0.9013080000000002,0.000163
26283,2028,dens_1059428282849222105,873,Density,<Substance CC(C)O{solv}{x=0.500100}|CCOC(=O)CC(=O)OCC{solv}{x=0.499900}>,CC(C)O,CCOC(=O)CC(=O)OCC,openff-2.2.1-ashgc,2,0.9701719910374044,0.0002007551153511,0.9563730000000004,0.0001215
26284,2029,dhmix_2225069850502215858,874,EnthalpyOfMixing,<Substance CC(C)O{solv}{x=0.499700}|CCOC(=O)CC(=O)OCC{solv}{x=0.500300}>,CC(C)O,CCOC(=O)CC(=O)OCC,openff-2.2.1-ashgc,2,1.9650743145640777,0.0432472186244224,2.369,0.0255
26285,2030,dens_2227064517025896927,875,Density,<Substance CC(C)O{solv}{x=0.200000}|CCOC(=O)CC(=O)OCC{solv}{x=0.800000}>,CC(C)O,CCOC(=O)CC(=O)OCC,openff-2.2.1-ashgc,2,1.0298268404914563,0.0001788534771285,1.0176930000000002,0.000103
26286,2031,dhmix_614525131410782877,876,EnthalpyOfMixing,<Substance CCCCCC(C)=O{solv}{x=0.491300}|CCCCNCCCC{solv}{x=0.508700}>,CCCCCC(C)=O,CCCCNCCCC,openff-2.2.1-ashgc,2,0.0330888129494582,0.0520424688401735,0.278,0.003
26287,2032,dhmix_1051001364116056564,877,EnthalpyOfMixing,<Substance CCCCCC(C)=O{solv}{x=0.781100}|CCCCNCCCC{solv}{x=0.218900}>,CCCCCC(C)=O,CCCCNCCCC,openff-2.2.1-ashgc,2,-0.1022028407806701,0.0507084207348739,0.164,0.002
26288,2033,dens_1087422962538109584,878,Density,<Substance CCCCCC(C)=O{solv}{x=0.449900}|CCCCNCCCC{solv}{x=0.550100}>,CCCCCC(C)=O,CCCCNCCCC,openff-2.2.1-ashgc,2,0.7717978661294669,0.0001564016177852,0.7778490000000002,9.250000000000004e-05
26289,2034,dens_1830187222448876426,879,Density,<Substance CCCCCC(C)=O{solv}{x=0.209700}|CCCCNCCCC{solv}{x=0.790300}>,CCCCCC(C)=O,CCCCNCCCC,openff-2.2.1-ashgc,2,0.7624604661879286,0.0001629561464894,0.7655110000000002,8.400000000000002e-05
26290,2035,dens_2113849591242853193,880,Density,<Substance CCCCCC(C)=O{solv}{x=0.750900}|CCCCNCCCC{solv}{x=0.249100}>,CCCCCC(C)=O,CCCCNCCCC,openff-2.2.1-ashgc,2,0.7846239630322563,0.0001823722235926,0.7951660000000003,0.000105
26291,2036,dhmix_2131918011494960609,881,EnthalpyOfMixing,<Substance CCCCCC(C)=O{solv}{x=0.294700}|CCCCNCCCC{solv}{x=0.705300}>,CCCCCC(C)=O,CCCCNCCCC,openff-2.2.1-ashgc,2,0.0286741888474466,0.055947213113256,0.256,0.003
26292,2037,dhmix_618866445574413387,882,EnthalpyOfMixing,<Substance C1CCOCC1{solv}{x=0.442500}|Cc1ccccc1C{solv}{x=0.557500}>,C1CCOCC1,Cc1ccccc1C,openff-2.2.1-ashgc,2,-0.0586658894104061,0.0336068712762724,-0.0342,0.0006
26293,2038,dens_643927890193937545,883,Density,<Substance C1CCOCC1{solv}{x=0.518700}|Cc1ccccc1C{solv}{x=0.481300}>,C1CCOCC1,Cc1ccccc1C,openff-2.2.1-ashgc,2,0.8569613800607745,0.0002164894331395,0.8779900000000003,0.0005
26294,2039,dhmix_1129414916141538177,884,EnthalpyOfMixing,<Substance C1CCOCC1{solv}{x=0.744300}|Cc1ccccc1C{solv}{x=0.255700}>,C1CCOCC1,Cc1ccccc1C,openff-2.2.1-ashgc,2,-0.1122333363693712,0.0449409950340085,0.0421,0.00065
26295,2040,dens_1429468909820653032,885,Density,<Substance C1CCOCC1{solv}{x=0.231800}|Cc1ccccc1C{solv}{x=0.768200}>,C1CCOCC1,Cc1ccccc1C,openff-2.2.1-ashgc,2,0.853884416606127,0.0002357844958762,0.8770400000000002,0.0005
26296,2041,dens_1442497603142913792,886,Density,<Substance C1CCOCC1{solv}{x=0.772900}|Cc1ccccc1C{solv}{x=0.227100}>,C1CCOCC1,Cc1ccccc1C,openff-2.2.1-ashgc,2,0.8615616405964093,0.0002289209987215,0.8787800000000002,0.000505
26297,2042,dhmix_2268256048157488415,887,EnthalpyOfMixing,<Substance C1CCOCC1{solv}{x=0.245400}|Cc1ccccc1C{solv}{x=0.754600}>,C1CCOCC1,Cc1ccccc1C,openff-2.2.1-ashgc,2,-0.1156272877673103,0.0430037275032314,-0.0613,0.00085
26298,2043,dens_626398848152359169,888,Density,<Substance C1COCCN1{solv}{x=0.498000}|O{solv}{x=0.502000}>,C1COCCN1,O,openff-2.2.1-ashgc,2,1.0378188337997227,0.0004879883425782,1.0255000000000003,0.00255
26299,2044,dhmix_773913810754342365,889,EnthalpyOfMixing,<Substance C1COCCN1{solv}{x=0.714900}|O{solv}{x=0.285100}>,C1COCCN1,O,openff-2.2.1-ashgc,2,-1.885929905491679,0.0372874712201442,-1.753,0.019
26300,2045,dhmix_1012297674499495059,890,EnthalpyOfMixing,<Substance C1COCCN1{solv}{x=0.201000}|O{solv}{x=0.799000}>,C1COCCN1,O,openff-2.2.1-ashgc,2,-1.344787335754564,0.0247605917546441,-2.758,0.0295
26301,2046,dens_1167008264969667349,891,Density,<Substance C1COCCN1{solv}{x=0.793000}|O{solv}{x=0.207000}>,C1COCCN1,O,openff-2.2.1-ashgc,2,1.0381927396484572,0.0003827849159571,1.0057000000000005,0.00245
26302,2047,dhmix_1871930573512426354,892,EnthalpyOfMixing,<Substance C1COCCN1{solv}{x=0.491100}|O{solv}{x=0.508900}>,C1COCCN1,O,openff-2.2.1-ashgc,2,-2.214278317614017,0.034925615822467,-3.131,0.0335
26303,2048,dens_2014911999593579414,893,Density,<Substance C1COCCN1{solv}{x=0.298000}|O{solv}{x=0.702000}>,C1COCCN1,O,openff-2.2.1-ashgc,2,1.0301349087103968,0.0003558946290959,1.0309000000000004,0.00255
26304,2049,dens_627753907231278660,894,Density,<Substance CCC(C)=O{solv}{x=0.753100}|CCCNCCC{solv}{x=0.246900}>,CCC(C)=O,CCCNCCC,openff-2.2.1-ashgc,2,0.759376546058482,0.0002162687292826,0.7771510000000001,0.000109
26305,2050,dens_674236159588910357,895,Density,<Substance CCC(C)=O{solv}{x=0.244600}|CCCNCCC{solv}{x=0.755400}>,CCC(C)=O,CCCNCCC,openff-2.2.1-ashgc,2,0.7388635261160392,0.0002166154977896,0.7446230000000003,0.0001405
26306,2051,dhmix_749228177959685874,896,EnthalpyOfMixing,<Substance CCC(C)=O{solv}{x=0.235300}|CCCNCCC{solv}{x=0.764700}>,CCC(C)=O,CCCNCCC,openff-2.2.1-ashgc,2,0.0884112857898955,0.049836976151287,0.299,0.0035
26307,2052,dhmix_1706960823617656563,897,EnthalpyOfMixing,<Substance CCC(C)=O{solv}{x=0.698400}|CCCNCCC{solv}{x=0.301600}>,CCC(C)=O,CCCNCCC,openff-2.2.1-ashgc,2,0.0910070947850663,0.0420074912540569,0.334,0.0035
26308,2053,dhmix_2102794241345605516,898,EnthalpyOfMixing,<Substance CCC(C)=O{solv}{x=0.505000}|CCCNCCC{solv}{x=0.495000}>,CCC(C)=O,CCCNCCC,openff-2.2.1-ashgc,2,0.0670282760507348,0.0433810716534102,0.397,0.0045
26309,2054,dens_2224864308887622456,899,Density,<Substance CCC(C)=O{solv}{x=0.500600}|CCCNCCC{solv}{x=0.499400}>,CCC(C)=O,CCCNCCC,openff-2.2.1-ashgc,2,0.7480296846941807,0.0002394955030092,0.7590400000000002,0.000125
26310,2055,dhmix_628329103086906726,900,EnthalpyOfMixing,<Substance CC1CCCCC1{solv}{x=0.250400}|CCCO{solv}{x=0.749600}>,CC1CCCCC1,CCCO,openff-2.2.1-ashgc,2,0.4933055993035893,0.0388002846199899,0.321,0.0055
26311,2056,dhmix_989207392771680315,901,EnthalpyOfMixing,<Substance CC1CCCCC1{solv}{x=0.750500}|CCCO{solv}{x=0.249500}>,CC1CCCCC1,CCCO,openff-2.2.1-ashgc,2,0.7298151306033276,0.0453153567490446,0.574,0.0055
26312,2057,dens_1351260115393741606,902,Density,<Substance CC1CCCCC1{solv}{x=0.503100}|CCCO{solv}{x=0.496900}>,CC1CCCCC1,CCCO,openff-2.2.1-ashgc,2,0.7666235658548601,0.0002483980874272,0.7785600000000001,0.0039
26313,2058,dens_1376195506089851480,903,Density,<Substance CC1CCCCC1{solv}{x=0.202700}|CCCO{solv}{x=0.797300}>,CC1CCCCC1,CCCO,openff-2.2.1-ashgc,2,0.7799245432255204,0.0002462739167779,0.7942000000000002,0.00398
26314,2059,dens_1501229836503112732,904,Density,<Substance CC1CCCCC1{solv}{x=0.799000}|CCCO{solv}{x=0.201000}>,CC1CCCCC1,CCCO,openff-2.2.1-ashgc,2,0.7580237090032165,0.0002096378946393,0.7688300000000002,0.003855
26315,2060,dhmix_2109805019413953371,905,EnthalpyOfMixing,<Substance CC1CCCCC1{solv}{x=0.500400}|CCCO{solv}{x=0.499600}>,CC1CCCCC1,CCCO,openff-2.2.1-ashgc,2,0.7822138980596662,0.0427777782544977,0.533,0.0055
26316,2061,dhmix_634764080264908666,906,EnthalpyOfMixing,<Substance OCCN1CCOCC1{solv}{x=0.498900}|O{solv}{x=0.501100}>,O,OCCN1CCOCC1,openff-2.2.1-ashgc,2,-2.5017186206842723,0.0328757272613436,-2.2633,0.02415
26317,2062,dens_707792343667224312,907,Density,<Substance OCCN1CCOCC1{solv}{x=0.246600}|O{solv}{x=0.753400}>,O,OCCN1CCOCC1,openff-2.2.1-ashgc,2,1.0659854000770606,0.0004926545744673,1.0838100000000002,0.00154
26318,2063,dhmix_1064373607860850902,908,EnthalpyOfMixing,<Substance OCCN1CCOCC1{solv}{x=0.694900}|O{solv}{x=0.305100}>,O,OCCN1CCOCC1,openff-2.2.1-ashgc,2,-2.6759436962551604,0.0478784094291378,-1.7936,0.01915
26319,2064,dhmix_1846281306963870091,909,EnthalpyOfMixing,<Substance OCCN1CCOCC1{solv}{x=0.300200}|O{solv}{x=0.699800}>,O,OCCN1CCOCC1,openff-2.2.1-ashgc,2,-1.9060359118621408,0.0378820851124361,-2.426,0.026
26320,2065,dens_2238932092645470826,910,Density,<Substance OCCN1CCOCC1{solv}{x=0.743900}|O{solv}{x=0.256100}>,O,OCCN1CCOCC1,openff-2.2.1-ashgc,2,1.0826308493336976,0.0002129821427383,1.08031,0.001565
26321,2066,dens_2269173599223764079,911,Density,<Substance OCCN1CCOCC1{solv}{x=0.485200}|O{solv}{x=0.514800}>,O,OCCN1CCOCC1,openff-2.2.1-ashgc,2,1.0804079437563026,0.0004133343885496,1.0866900000000004,0.00159
26322,2067,dhmix_636778454546345333,912,EnthalpyOfMixing,<Substance C1CCCCC1{solv}{x=0.506300}|CNc1ccccc1{solv}{x=0.493700}>,C1CCCCC1,CNc1ccccc1,openff-2.2.1-ashgc,2,2.2882175609508337,0.0432657541158496,1.628,0.0175
26323,2068,dens_1209163492396921559,913,Density,<Substance C1CCCCC1{solv}{x=0.247000}|CNc1ccccc1{solv}{x=0.753000}>,C1CCCCC1,CNc1ccccc1,openff-2.2.1-ashgc,2,0.9246471691183012,0.0002158441058561,0.9289450000000002,0.000272
26324,2069,dens_1438140901521078017,914,Density,<Substance C1CCCCC1{solv}{x=0.494500}|CNc1ccccc1{solv}{x=0.505500}>,C1CCCCC1,CNc1ccccc1,openff-2.2.1-ashgc,2,0.863263505956225,0.0003134192696626,0.8759620000000002,0.0001835
26325,2070,dens_1482697199055102595,915,Density,<Substance C1CCCCC1{solv}{x=0.746400}|CNc1ccccc1{solv}{x=0.253600}>,C1CCCCC1,CNc1ccccc1,openff-2.2.1-ashgc,2,0.8046154363325434,0.0002219000408273,0.8233530000000001,0.000138
26326,2071,dhmix_1832297119731463766,916,EnthalpyOfMixing,<Substance C1CCCCC1{solv}{x=0.204700}|CNc1ccccc1{solv}{x=0.795300}>,C1CCCCC1,CNc1ccccc1,openff-2.2.1-ashgc,2,1.8141113495880103,0.0542112302661755,0.972,0.0105
26327,2072,dhmix_1889368397403208807,917,EnthalpyOfMixing,<Substance C1CCCCC1{solv}{x=0.706600}|CNc1ccccc1{solv}{x=0.293400}>,C1CCCCC1,CNc1ccccc1,openff-2.2.1-ashgc,2,2.0015622632968473,0.043790763367128,1.521,0.0165
26328,2073,dhmix_637657437173907469,918,EnthalpyOfMixing,<Substance CC(C)=O{solv}{x=0.709700}|CNc1ccccc1{solv}{x=0.290300}>,CC(C)=O,CNc1ccccc1,openff-2.2.1-ashgc,2,-0.5454319797970619,0.037445195686794,-0.525,0.0055
26329,2074,dhmix_817594693007274900,919,EnthalpyOfMixing,<Substance CC(C)=O{solv}{x=0.231600}|CNc1ccccc1{solv}{x=0.768400}>,CC(C)=O,CNc1ccccc1,openff-2.2.1-ashgc,2,-0.6061771067912316,0.0423930512740232,-0.5,0.0055
26330,2075,dens_830664987854613197,920,Density,<Substance CC(C)=O{solv}{x=0.250300}|CNc1ccccc1{solv}{x=0.749700}>,CC(C)=O,CNc1ccccc1,openff-2.2.1-ashgc,2,0.9529247659399136,0.000212298881199,0.9502900000000002,0.0003395
26331,2076,dhmix_1052042310023734389,921,EnthalpyOfMixing,<Substance CC(C)=O{solv}{x=0.508600}|CNc1ccccc1{solv}{x=0.491400}>,CC(C)=O,CNc1ccccc1,openff-2.2.1-ashgc,2,-0.7369984219603989,0.0406998463020917,-0.672,0.0075
26332,2077,dens_1302333367899693905,922,Density,<Substance CC(C)=O{solv}{x=0.750600}|CNc1ccccc1{solv}{x=0.249400}>,CC(C)=O,CNc1ccccc1,openff-2.2.1-ashgc,2,0.8443890577839174,0.0002650296593165,0.8565010000000002,0.000231
26333,2078,dens_1582643029733708616,923,Density,<Substance CC(C)=O{solv}{x=0.494800}|CNc1ccccc1{solv}{x=0.505200}>,CC(C)=O,CNc1ccccc1,openff-2.2.1-ashgc,2,0.9069246596798032,0.0002116077857348,0.9107940000000002,0.000263
26334,2079,dens_650566412384126439,924,Density,<Substance CC(C)CC(C)(C)C{solv}{x=0.158800}|CCCCC(=O)OC{solv}{x=0.841200}>,CC(C)CC(C)(C)C,CCCCC(=O)OC,openff-2.2.1-ashgc,2,0.8457949725423194,0.000197907352952,0.8463800000000002,0.000505
26335,2080,dhmix_986100941633296124,925,EnthalpyOfMixing,<Substance CC(C)CC(C)(C)C{solv}{x=0.481800}|CCCCC(=O)OC{solv}{x=0.518200}>,CC(C)CC(C)(C)C,CCCCC(=O)OC,openff-2.2.1-ashgc,2,1.2673329701094502,0.0475954657740767,0.866,0.0095
26336,2081,dens_1095352626338523806,926,Density,<Substance CC(C)CC(C)(C)C{solv}{x=0.742500}|CCCCC(=O)OC{solv}{x=0.257500}>,CC(C)CC(C)(C)C,CCCCC(=O)OC,openff-2.2.1-ashgc,2,0.7397460938288247,0.0001365829329393,0.7289800000000002,0.000505
26337,2082,dens_1260001645299629257,927,Density,<Substance CC(C)CC(C)(C)C{solv}{x=0.498400}|CCCCC(=O)OC{solv}{x=0.501600}>,CC(C)CC(C)(C)C,CCCCC(=O)OC,openff-2.2.1-ashgc,2,0.7804036780527116,0.0002016830012558,0.7738400000000002,0.000505
26338,2083,dhmix_1505455794590867712,928,EnthalpyOfMixing,<Substance CC(C)CC(C)(C)C{solv}{x=0.158900}|CCCCC(=O)OC{solv}{x=0.841100}>,CC(C)CC(C)(C)C,CCCCC(=O)OC,openff-2.2.1-ashgc,2,0.6836953872690543,0.0421575486671411,0.438,0.005
26339,2084,dhmix_1888614200283593194,929,EnthalpyOfMixing,<Substance CC(C)CC(C)(C)C{solv}{x=0.781300}|CCCCC(=O)OC{solv}{x=0.218700}>,CC(C)CC(C)(C)C,CCCCC(=O)OC,openff-2.2.1-ashgc,2,1.0692786441039033,0.0561729470403388,0.658,0.007
26340,2085,dhmix_657900975986635712,930,EnthalpyOfMixing,<Substance Cc1ccccc1N{solv}{x=0.782700}|Cc1ccncc1{solv}{x=0.217300}>,Cc1ccccc1N,Cc1ccncc1,openff-2.2.1-ashgc,2,-0.930360522202939,0.050676008657782,-0.8885,0.0182
26341,2086,dhmix_727678512066874384,931,EnthalpyOfMixing,<Substance Cc1ccccc1N{solv}{x=0.478300}|Cc1ccncc1{solv}{x=0.521700}>,Cc1ccccc1N,Cc1ccncc1,openff-2.2.1-ashgc,2,-1.6266167310863295,0.0428627994434235,-1.4295,0.0291
26342,2087,dhmix_860941552641107708,932,EnthalpyOfMixing,<Substance Cc1ccccc1N{solv}{x=0.271500}|Cc1ccncc1{solv}{x=0.728500}>,Cc1ccccc1N,Cc1ccncc1,openff-2.2.1-ashgc,2,-1.380895537522299,0.0448273318062995,-1.1791,0.02405
26343,2088,dens_1148106102021344214,933,Density,<Substance Cc1ccccc1N{solv}{x=0.265500}|Cc1ccncc1{solv}{x=0.734500}>,Cc1ccccc1N,Cc1ccncc1,openff-2.2.1-ashgc,2,0.964663009578692,0.0002218451553291,0.9662520000000002,0.00012
26344,2089,dens_1294189007890656769,934,Density,<Substance Cc1ccccc1N{solv}{x=0.486300}|Cc1ccncc1{solv}{x=0.513700}>,Cc1ccccc1N,Cc1ccncc1,openff-2.2.1-ashgc,2,0.9803753365988732,0.0001914530190591,0.9765780000000002,0.000119
26345,2090,dens_1461384477504239974,935,Density,<Substance Cc1ccccc1N{solv}{x=0.767400}|Cc1ccncc1{solv}{x=0.232600}>,Cc1ccccc1N,Cc1ccncc1,openff-2.2.1-ashgc,2,0.9981904840889416,0.0002572019734957,0.9868740000000004,0.000118
26346,2091,dens_671712471159959715,936,Density,<Substance CCCCCCN{solv}{x=0.294400}|CN(C)C=O{solv}{x=0.705600}>,CCCCCCN,CN(C)C=O,openff-2.2.1-ashgc,2,0.860667287546647,0.0002069877349435,0.8676880000000002,0.001057
26347,2092,dhmix_791979567859859400,937,EnthalpyOfMixing,<Substance CCCCCCN{solv}{x=0.747800}|CN(C)C=O{solv}{x=0.252200}>,CCCCCCN,CN(C)C=O,openff-2.2.1-ashgc,2,0.4963168127371915,0.0416561230819309,0.461,0.015
26348,2093,dens_812907294215791908,938,Density,<Substance CCCCCCN{solv}{x=0.450000}|CN(C)C=O{solv}{x=0.550000}>,CCCCCCN,CN(C)C=O,openff-2.2.1-ashgc,2,0.8379083472560434,0.0002394018507741,0.8367510000000001,0.001016
26349,2094,dhmix_1553880519684715156,939,EnthalpyOfMixing,<Substance CCCCCCN{solv}{x=0.249700}|CN(C)C=O{solv}{x=0.750300}>,CCCCCCN,CN(C)C=O,openff-2.2.1-ashgc,2,0.5065186039438885,0.037353311250463,0.51,0.0165
26350,2095,dens_1658157305664412923,940,Density,<Substance CCCCCCN{solv}{x=0.745200}|CN(C)C=O{solv}{x=0.254800}>,CCCCCCN,CN(C)C=O,openff-2.2.1-ashgc,2,0.8022933891183985,0.000194108413109,0.7905460000000002,0.0009575
26351,2096,dhmix_2271922176351407084,941,EnthalpyOfMixing,<Substance CCCCCCN{solv}{x=0.499700}|CN(C)C=O{solv}{x=0.500300}>,CCCCCCN,CN(C)C=O,openff-2.2.1-ashgc,2,0.6704707681676751,0.0403962947611875,0.661,0.02
26352,2097,dhmix_676105854791415053,942,EnthalpyOfMixing,<Substance C=C(C)[C@H]1CC=C(C)CC1{solv}{x=0.540000}|CCCCCO{solv}{x=0.460000}>,C=C(C)[C@H]1CC=C(C)CC1,CCCCCO,openff-2.2.1-ashgc,2,0.9476776237128774,0.0513885321613773,0.858,0.0345
26353,2098,dhmix_865539540276734208,943,EnthalpyOfMixing,<Substance C=C(C)[C@H]1CC=C(C)CC1{solv}{x=0.766000}|CCCCCO{solv}{x=0.234000}>,C=C(C)[C@H]1CC=C(C)CC1,CCCCCO,openff-2.2.1-ashgc,2,1.1074952580320172,0.0502701657351468,0.782,0.0315
26354,2099,dens_1544700949225348296,944,Density,<Substance C=C(C)[C@H]1CC=C(C)CC1{solv}{x=0.263500}|CCCCCO{solv}{x=0.736500}>,C=C(C)[C@H]1CC=C(C)CC1,CCCCCO,openff-2.2.1-ashgc,2,0.813240996402034,0.0001848210316756,0.8238000000000002,0.0002
26355,2100,dens_1638649899512334435,945,Density,<Substance C=C(C)[C@H]1CC=C(C)CC1{solv}{x=0.543500}|CCCCCO{solv}{x=0.456500}>,C=C(C)[C@H]1CC=C(C)CC1,CCCCCO,openff-2.2.1-ashgc,2,0.814946824995462,0.0002262752706793,0.8312000000000003,0.0003
26356,2101,dens_2014432371647189246,946,Density,<Substance C=C(C)[C@H]1CC=C(C)CC1{solv}{x=0.725200}|CCCCCO{solv}{x=0.274800}>,C=C(C)[C@H]1CC=C(C)CC1,CCCCCO,openff-2.2.1-ashgc,2,0.8168504904084418,0.000139425716179,0.8354000000000001,0.00035
26357,2102,dhmix_2293008983270202716,947,EnthalpyOfMixing,<Substance C=C(C)[C@H]1CC=C(C)CC1{solv}{x=0.272000}|CCCCCO{solv}{x=0.728000}>,C=C(C)[C@H]1CC=C(C)CC1,CCCCCO,openff-2.2.1-ashgc,2,0.7245849033300971,0.0435239374223656,0.532,0.0215
26358,2103,dens_680086766431069719,948,Density,<Substance CN1CCNCC1{solv}{x=0.209100}|O{solv}{x=0.790900}>,CN1CCNCC1,O,openff-2.2.1-ashgc,2,0.9906014886914288,0.0003499016187135,1.0013300000000005,4.000000000000001e-05
26359,2104,dhmix_979415629850644100,949,EnthalpyOfMixing,<Substance CN1CCNCC1{solv}{x=0.199800}|O{solv}{x=0.800200}>,CN1CCNCC1,O,openff-2.2.1-ashgc,2,-3.76944927208266,0.0283267556587204,-4.495,0.048
26360,2105,dhmix_1386641258873877278,950,EnthalpyOfMixing,<Substance CN1CCNCC1{solv}{x=0.792600}|O{solv}{x=0.207400}>,CN1CCNCC1,O,openff-2.2.1-ashgc,2,-1.4665318338205964,0.0482372430921288,-1.753,0.019
26361,2106,dhmix_1572121970391530461,951,EnthalpyOfMixing,<Substance CN1CCNCC1{solv}{x=0.550000}|O{solv}{x=0.450000}>,CN1CCNCC1,O,openff-2.2.1-ashgc,2,-3.0930147166153006,0.0353776981107545,-3.547,0.038
26362,2107,dens_1756096179620961699,952,Density,<Substance CN1CCNCC1{solv}{x=0.510900}|O{solv}{x=0.489100}>,CN1CCNCC1,O,openff-2.2.1-ashgc,2,0.9673549583791524,0.0004266007230062,0.9464100000000002,7.000000000000002e-05
26363,2108,dens_1892970147583328629,953,Density,<Substance CN1CCNCC1{solv}{x=0.706500}|O{solv}{x=0.293500}>,CN1CCNCC1,O,openff-2.2.1-ashgc,2,0.9546801997801476,0.0002021132303634,0.9223100000000002,8.500000000000002e-05
26364,2109,dhmix_681274412655414068,954,EnthalpyOfMixing,<Substance CCCOC(=O)CC{solv}{x=0.739400}|Cc1ccccc1{solv}{x=0.260600}>,CCCOC(=O)CC,Cc1ccccc1,openff-2.2.1-ashgc,2,-0.2899825581748558,0.0410794018678405,-0.1135,0.0033
26365,2110,dhmix_720914323963600437,955,EnthalpyOfMixing,<Substance CCCOC(=O)CC{solv}{x=0.238900}|Cc1ccccc1{solv}{x=0.761100}>,CCCOC(=O)CC,Cc1ccccc1,openff-2.2.1-ashgc,2,-0.3110986320697719,0.0414526485976544,-0.1404,0.0037
26366,2111,dens_1397630560016316656,956,Density,<Substance CCCOC(=O)CC{solv}{x=0.274700}|Cc1ccccc1{solv}{x=0.725300}>,CCCOC(=O)CC,Cc1ccccc1,openff-2.2.1-ashgc,2,0.8548672101041774,0.000227880748682,0.8675700000000003,0.00018
26367,2112,dhmix_1646061995263935606,957,EnthalpyOfMixing,<Substance CCCOC(=O)CC{solv}{x=0.548600}|Cc1ccccc1{solv}{x=0.451400}>,CCCOC(=O)CC,Cc1ccccc1,openff-2.2.1-ashgc,2,-0.272306711352364,0.0423913230934726,-0.1583,0.004
26368,2113,dens_1792064777238352129,958,Density,<Substance CCCOC(=O)CC{solv}{x=0.490700}|Cc1ccccc1{solv}{x=0.509300}>,CCCOC(=O)CC,Cc1ccccc1,openff-2.2.1-ashgc,2,0.8603328328450099,0.0002322882897242,0.8707300000000002,0.00019
26369,2114,dens_1826904081955826008,959,Density,<Substance CCCOC(=O)CC{solv}{x=0.734600}|Cc1ccccc1{solv}{x=0.265400}>,CCCOC(=O)CC,Cc1ccccc1,openff-2.2.1-ashgc,2,0.8652806848809973,0.0002080406155655,0.8734100000000001,0.00021
26370,2115,dens_685747331874801159,960,Density,<Substance CN1CCOCC1{solv}{x=0.498300}|O{solv}{x=0.501700}>,CN1CCOCC1,O,openff-2.2.1-ashgc,2,0.9711539009015956,0.0002960892902666,0.9627600000000002,0.00084
26371,2116,dens_1087644349445114282,961,Density,<Substance CN1CCOCC1{solv}{x=0.253800}|O{solv}{x=0.746200}>,CN1CCOCC1,O,openff-2.2.1-ashgc,2,0.9808211803336117,0.0003196828830496,0.9918800000000002,0.00059
26372,2117,dens_1374975991061431070,962,Density,<Substance CN1CCOCC1{solv}{x=0.758700}|O{solv}{x=0.241300}>,CN1CCOCC1,O,openff-2.2.1-ashgc,2,0.9573847654762052,0.0002373253006776,0.9345300000000002,0.00112
26373,2118,dhmix_686592400130667234,963,EnthalpyOfMixing,<Substance BrCCCBr{solv}{x=0.231300}|COC(C)=O{solv}{x=0.768700}>,BrCCCBr,COC(C)=O,openff-2.2.1-ashgc,2,0.1922764268621222,0.0359376358882716,0.2115,0.0024
26374,2119,dhmix_691866222529030049,964,EnthalpyOfMixing,<Substance BrCCCBr{solv}{x=0.504200}|COC(C)=O{solv}{x=0.495800}>,BrCCCBr,COC(C)=O,openff-2.2.1-ashgc,2,0.355173315751264,0.0342042003473107,0.3912,0.0038
26375,2120,dens_1032175440351342196,965,Density,<Substance BrCCCBr{solv}{x=0.243500}|COC(C)=O{solv}{x=0.756500}>,BrCCCBr,COC(C)=O,openff-2.2.1-ashgc,2,1.216268526917223,0.0003883133074518,1.2277600000000002,0.00096
26376,2121,dens_1180265274183315765,966,Density,<Substance BrCCCBr{solv}{x=0.713800}|COC(C)=O{solv}{x=0.286200}>,BrCCCBr,COC(C)=O,openff-2.2.1-ashgc,2,1.6704938553847255,0.0005288280544502,1.7174300000000005,0.002745
26377,2122,dhmix_1380172638999588939,967,EnthalpyOfMixing,<Substance BrCCCBr{solv}{x=0.759400}|COC(C)=O{solv}{x=0.240600}>,BrCCCBr,COC(C)=O,openff-2.2.1-ashgc,2,0.0960936687356444,0.0354546058946457,0.313,0.0032
26378,2123,dens_1697077234757321859,968,Density,<Substance BrCCCBr{solv}{x=0.525600}|COC(C)=O{solv}{x=0.474400}>,BrCCCBr,COC(C)=O,openff-2.2.1-ashgc,2,1.5035260436535487,0.0004774256274275,1.5338800000000006,0.001965
26379,2124,dens_693154680723850561,969,Density,<Substance CN1CCCC1=O{solv}{x=0.756400}|Cc1ccccc1{solv}{x=0.243600}>,CN1CCCC1=O,Cc1ccccc1,openff-2.2.1-ashgc,2,0.9587020843421064,0.0001624276715461,0.9854500000000004,0.00034
26380,2125,dhmix_1759507684169085916,970,EnthalpyOfMixing,<Substance CN1CCCC1=O{solv}{x=0.741800}|Cc1ccccc1{solv}{x=0.258200}>,CN1CCCC1=O,Cc1ccccc1,openff-2.2.1-ashgc,2,-0.0362322171568045,0.0460886693975725,-0.2141,0.0024
26381,2126,dens_1796497685752507694,971,Density,<Substance CN1CCCC1=O{solv}{x=0.481500}|Cc1ccccc1{solv}{x=0.518500}>,CN1CCCC1=O,Cc1ccccc1,openff-2.2.1-ashgc,2,0.9179548440652292,0.0002421783891625,0.9415400000000002,0.00028
26382,2127,dhmix_1857599089574133884,972,EnthalpyOfMixing,<Substance CN1CCCC1=O{solv}{x=0.223100}|Cc1ccccc1{solv}{x=0.776900}>,CN1CCCC1=O,Cc1ccccc1,openff-2.2.1-ashgc,2,-0.0551512853145723,0.0403137653194514,-0.1889,0.00215
26383,2128,dens_1886489466266398819,973,Density,<Substance CN1CCCC1=O{solv}{x=0.221600}|Cc1ccccc1{solv}{x=0.778400}>,CN1CCCC1=O,Cc1ccccc1,openff-2.2.1-ashgc,2,0.8868213670048036,0.0002602327143131,0.9061600000000002,0.00076
26384,2129,dhmix_2238554893157725289,974,EnthalpyOfMixing,<Substance CN1CCCC1=O{solv}{x=0.482100}|Cc1ccccc1{solv}{x=0.517900}>,CN1CCCC1=O,Cc1ccccc1,openff-2.2.1-ashgc,2,-0.026694613847404,0.0414349409709751,-0.2985,0.0033
26385,2130,dens_717951284355382404,975,Density,<Substance CN1CCCC1=O{solv}{x=0.702300}|ClCCCCCCCl{solv}{x=0.297700}>,CN1CCCC1=O,ClCCCCCCCl,openff-2.2.1-ashgc,2,1.0220156014085948,0.0001882114968613,1.0416,0.0003
26386,2131,dhmix_859697969059379656,976,EnthalpyOfMixing,<Substance CN1CCCC1=O{solv}{x=0.503000}|ClCCCCCCCl{solv}{x=0.497000}>,CN1CCCC1=O,ClCCCCCCCl,openff-2.2.1-ashgc,2,0.3752360240933114,0.0488478044772316,-0.2,0.0025
26387,2132,dhmix_916885053388204545,977,EnthalpyOfMixing,<Substance CN1CCCC1=O{solv}{x=0.212000}|ClCCCCCCCl{solv}{x=0.788000}>,CN1CCCC1=O,ClCCCCCCCl,openff-2.2.1-ashgc,2,0.1861814195198121,0.0498244422953367,-0.13,0.002
26388,2133,dens_1483670447992291960,978,Density,<Substance CN1CCCC1=O{solv}{x=0.201600}|ClCCCCCCCl{solv}{x=0.798400}>,CN1CCCC1=O,ClCCCCCCCl,openff-2.2.1-ashgc,2,1.0485137230966592,0.0002165194615204,1.0584000000000005,0.00055
26389,2134,dens_1896555095774116819,979,Density,<Substance CN1CCCC1=O{solv}{x=0.504900}|ClCCCCCCCl{solv}{x=0.495100}>,CN1CCCC1=O,ClCCCCCCCl,openff-2.2.1-ashgc,2,1.0339566095231103,0.0002407420446639,1.0490000000000002,0.00035
26390,2135,dhmix_2039443272323887912,980,EnthalpyOfMixing,<Substance CN1CCCC1=O{solv}{x=0.797000}|ClCCCCCCCl{solv}{x=0.203000}>,CN1CCCC1=O,ClCCCCCCCl,openff-2.2.1-ashgc,2,0.2484338228029514,0.0416123199289445,-0.123,0.002
26391,2136,dhmix_729169544598225866,981,EnthalpyOfMixing,<Substance CN(C)C=O{solv}{x=0.203000}|ClCCCCCCCl{solv}{x=0.797000}>,CN(C)C=O,ClCCCCCCCl,openff-2.2.1-ashgc,2,0.3157365615598735,0.0478868242300764,0.195,0.0025
26392,2137,dhmix_1359105787212172230,982,EnthalpyOfMixing,<Substance CN(C)C=O{solv}{x=0.796000}|ClCCCCCCCl{solv}{x=0.204000}>,CN(C)C=O,ClCCCCCCCl,openff-2.2.1-ashgc,2,0.5412047071646029,0.0424918994009774,0.24,0.0025
26393,2138,dhmix_1534380829757525169,983,EnthalpyOfMixing,<Substance CN(C)C=O{solv}{x=0.498000}|ClCCCCCCCl{solv}{x=0.502000}>,CN(C)C=O,ClCCCCCCCl,openff-2.2.1-ashgc,2,0.6172916933027466,0.0428618851424405,0.34,0.0025
26394,2139,dens_1752369236407148840,984,Density,<Substance CN(C)C=O{solv}{x=0.503300}|ClCCCCCCCl{solv}{x=0.496700}>,CN(C)C=O,ClCCCCCCCl,openff-2.2.1-ashgc,2,1.004011996236683,0.0002061786486217,1.0190000000000003,0.00155
26395,2140,dens_2070195997725277466,985,Density,<Substance CN(C)C=O{solv}{x=0.703400}|ClCCCCCCCl{solv}{x=0.296600}>,CN(C)C=O,ClCCCCCCCl,openff-2.2.1-ashgc,2,0.9750039807989443,0.0002792537882061,0.9943000000000002,0.0017
26396,2141,dens_2171945276872385012,986,Density,<Substance CN(C)C=O{solv}{x=0.201300}|ClCCCCCCCl{solv}{x=0.798700}>,CN(C)C=O,ClCCCCCCCl,openff-2.2.1-ashgc,2,1.0373554524691095,0.0002381420777593,1.0486000000000002,0.0014
26397,2142,dens_741100297092592576,987,Density,<Substance C1CCCCC1{solv}{x=0.265900}|C1CCOCC1{solv}{x=0.734100}>,C1CCCCC1,C1CCOCC1,openff-2.2.1-ashgc,2,0.8312986462381695,0.0002838167480365,0.8470300000000002,0.000505
26398,2143,dens_1002639246322609242,988,Density,<Substance C1CCCCC1{solv}{x=0.762200}|C1CCOCC1{solv}{x=0.237800}>,C1CCCCC1,C1CCOCC1,openff-2.2.1-ashgc,2,0.7741229600838713,0.0001711423507247,0.7952000000000002,0.000505
26399,2144,dhmix_1171155554844966705,989,EnthalpyOfMixing,<Substance C1CCCCC1{solv}{x=0.247100}|C1CCOCC1{solv}{x=0.752900}>,C1CCCCC1,C1CCOCC1,openff-2.2.1-ashgc,2,0.4969589189397254,0.0439606860100046,0.3613,0.00395
26400,2145,dens_2142973677177666085,990,Density,<Substance C1CCCCC1{solv}{x=0.501800}|C1CCOCC1{solv}{x=0.498200}>,C1CCCCC1,C1CCOCC1,openff-2.2.1-ashgc,2,0.8024271422336783,0.0002521505523722,0.8211500000000002,0.000505
26401,2146,dhmix_2195791820105752985,991,EnthalpyOfMixing,<Substance C1CCCCC1{solv}{x=0.726600}|C1CCOCC1{solv}{x=0.273400}>,C1CCCCC1,C1CCOCC1,openff-2.2.1-ashgc,2,0.551910010411433,0.0438524069638451,0.4424,0.00485
26402,2147,dhmix_2296999979529762407,992,EnthalpyOfMixing,<Substance C1CCCCC1{solv}{x=0.499000}|C1CCOCC1{solv}{x=0.501000}>,C1CCCCC1,C1CCOCC1,openff-2.2.1-ashgc,2,0.6954698480857644,0.0430014040185848,0.526,0.0055
26403,2148,dhmix_744994939606384802,993,EnthalpyOfMixing,<Substance CO{solv}{x=0.300000}|O{solv}{x=0.700000}>,CO,O,openff-2.2.1-ashgc,2,0.1170464325536038,0.021256120430183,-0.85,0.005
26404,2149,dens_1085345433585028387,994,Density,<Substance CO{solv}{x=0.499700}|O{solv}{x=0.500300}>,CO,O,openff-2.2.1-ashgc,2,0.8384204586363457,0.0004958298724242,0.8816900000000003,0.000165
26405,2150,dhmix_1126710771921470495,995,EnthalpyOfMixing,<Substance CO{solv}{x=0.700000}|O{solv}{x=0.300000}>,CO,O,openff-2.2.1-ashgc,2,0.0853942409013699,0.0268670624076481,-0.583,0.0035
26406,2151,dens_1258832080354057572,996,Density,<Substance CO{solv}{x=0.300300}|O{solv}{x=0.699700}>,CO,O,openff-2.2.1-ashgc,2,0.8847608381814587,0.0004929662576353,0.9252100000000004,0.000125
26407,2152,dens_1758371820245200558,997,Density,<Substance CO{solv}{x=0.760500}|O{solv}{x=0.239500}>,CO,O,openff-2.2.1-ashgc,2,0.7938854683532247,0.000476252894776,0.8289000000000002,0.0001
26408,2153,dhmix_1824296469249495553,998,EnthalpyOfMixing,<Substance CO{solv}{x=0.500000}|O{solv}{x=0.500000}>,CO,O,openff-2.2.1-ashgc,2,0.126430587328068,0.0242792645170675,-0.777,0.0045
26409,2154,dhmix_753952445434773754,999,EnthalpyOfMixing,<Substance CCCCCCCCCl{solv}{x=0.493000}|CN1CCCC1=O{solv}{x=0.507000}>,CCCCCCCCCl,CN1CCCC1=O,openff-2.2.1-ashgc,2,1.1777729490718656,0.0417544104330582,0.638,0.0035
26410,2155,dhmix_1273186684325800862,1000,EnthalpyOfMixing,<Substance CCCCCCCCCl{solv}{x=0.783000}|CN1CCCC1=O{solv}{x=0.217000}>,CCCCCCCCCl,CN1CCCC1=O,openff-2.2.1-ashgc,2,0.8963464564768913,0.0560163047445516,0.371,0.003
26411,2156,dhmix_1457789704046029008,1001,EnthalpyOfMixing,<Substance CCCCCCCCCl{solv}{x=0.202000}|CN1CCCC1=O{solv}{x=0.798000}>,CCCCCCCCCl,CN1CCCC1=O,openff-2.2.1-ashgc,2,0.888260564173251,0.0454947333387695,0.5,0.0035
26412,2157,dens_1965529278608066299,1002,Density,<Substance CCCCCCCCCl{solv}{x=0.299500}|CN1CCCC1=O{solv}{x=0.700500}>,CCCCCCCCCl,CN1CCCC1=O,openff-2.2.1-ashgc,2,0.9410153735352316,0.0002019521158896,0.9598000000000002,0.00025
26413,2158,dens_2167805246575708222,1003,Density,<Substance CCCCCCCCCl{solv}{x=0.798600}|CN1CCCC1=O{solv}{x=0.201400}>,CCCCCCCCCl,CN1CCCC1=O,openff-2.2.1-ashgc,2,0.8780971708341855,0.0001789754176206,0.8888000000000001,0.00055
26414,2159,dens_2177162670107081086,1004,Density,<Substance CCCCCCCCCl{solv}{x=0.497900}|CN1CCCC1=O{solv}{x=0.502100}>,CCCCCCCCCl,CN1CCCC1=O,openff-2.2.1-ashgc,2,0.912085050254218,0.0002162328132979,0.9269000000000002,0.00035
26415,2160,dhmix_756380521637559100,1005,EnthalpyOfMixing,<Substance C1COCCO1{solv}{x=0.500000}|O=C1CCCCC1{solv}{x=0.500000}>,C1COCCO1,O=C1CCCCC1,openff-2.2.1-ashgc,2,0.1195267257731842,0.0420498522866773,0.28584,0.00154
26416,2161,dens_1139761443535371798,1006,Density,<Substance C1COCCO1{solv}{x=0.459400}|O=C1CCCCC1{solv}{x=0.540600}>,C1COCCO1,O=C1CCCCC1,openff-2.2.1-ashgc,2,0.9582184019392448,0.0002398771115499,0.9762000000000004,0.00025
26417,2162,dhmix_1367833850972054360,1007,EnthalpyOfMixing,<Substance C1COCCO1{solv}{x=0.750000}|O=C1CCCCC1{solv}{x=0.250000}>,C1COCCO1,O=C1CCCCC1,openff-2.2.1-ashgc,2,0.1066445286566448,0.0383144186645936,0.23662,0.001355
26418,2163,dhmix_1533665710565492443,1008,EnthalpyOfMixing,<Substance C1COCCO1{solv}{x=0.250000}|O=C1CCCCC1{solv}{x=0.750000}>,C1COCCO1,O=C1CCCCC1,openff-2.2.1-ashgc,2,0.0136013727259509,0.0464205842668088,0.20076,0.00121
26419,2164,dens_1556646832168598904,1009,Density,<Substance C1COCCO1{solv}{x=0.797800}|O=C1CCCCC1{solv}{x=0.202200}>,C1COCCO1,O=C1CCCCC1,openff-2.2.1-ashgc,2,0.9983653232094504,0.0002336389464495,1.0062000000000002,0.00025
26420,2165,dens_1806066395455679216,1010,Density,<Substance C1COCCO1{solv}{x=0.272000}|O=C1CCCCC1{solv}{x=0.728000}>,C1COCCO1,O=C1CCCCC1,openff-2.2.1-ashgc,2,0.9392287240316548,0.0002020001417023,0.9614000000000004,0.00025
26421,2166,dhmix_781473821930081125,1011,EnthalpyOfMixing,<Substance CCOc1ccccc1{solv}{x=0.765100}|OCc1ccccc1{solv}{x=0.234900}>,CCOc1ccccc1,OCc1ccccc1,openff-2.2.1-ashgc,2,0.7782984275287532,0.0426284143641382,1.083,0.0116
26422,2167,dhmix_966435122735090568,1012,EnthalpyOfMixing,<Substance CCOc1ccccc1{solv}{x=0.063600}|OCc1ccccc1{solv}{x=0.936400}>,CCOc1ccccc1,OCc1ccccc1,openff-2.2.1-ashgc,2,0.1751394663262502,0.0466098118494302,0.1901,0.00225
26423,2168,dens_1184318999137642715,1013,Density,<Substance CCOc1ccccc1{solv}{x=0.064200}|OCc1ccccc1{solv}{x=0.935800}>,CCOc1ccccc1,OCc1ccccc1,openff-2.2.1-ashgc,2,1.018994070165508,0.0002244926475713,1.02761,0.00011
26424,2169,dhmix_1518701992890040137,1014,EnthalpyOfMixing,<Substance CCOc1ccccc1{solv}{x=0.549900}|OCc1ccccc1{solv}{x=0.450100}>,CCOc1ccccc1,OCc1ccccc1,openff-2.2.1-ashgc,2,0.9972872817646348,0.0519416150866849,1.0561,0.01135
26425,2170,dens_1575045736805268459,1015,Density,<Substance CCOc1ccccc1{solv}{x=0.459800}|OCc1ccccc1{solv}{x=0.540200}>,CCOc1ccccc1,OCc1ccccc1,openff-2.2.1-ashgc,2,0.9822049694039624,0.0002296802404533,0.9925100000000002,0.00016
26426,2171,dens_2214650701288997434,1016,Density,<Substance CCOc1ccccc1{solv}{x=0.757200}|OCc1ccccc1{solv}{x=0.242800}>,CCOc1ccccc1,OCc1ccccc1,openff-2.2.1-ashgc,2,0.9581767273005118,0.0001909665986403,0.9686500000000002,0.000215
26427,2172,dens_800807749587668066,1017,Density,<Substance C1CCOCC1{solv}{x=0.733600}|c1ccncc1{solv}{x=0.266400}>,C1CCOCC1,c1ccncc1,openff-2.2.1-ashgc,2,0.8805685403940086,0.0002408660344788,0.8933350000000002,0.000358
26428,2173,dhmix_836757145941804043,1018,EnthalpyOfMixing,<Substance C1CCOCC1{solv}{x=0.291500}|c1ccncc1{solv}{x=0.708500}>,C1CCOCC1,c1ccncc1,openff-2.2.1-ashgc,2,0.1338160010583253,0.0375356017969568,0.0898,0.00095
26429,2174,dhmix_1003039131395935786,1019,EnthalpyOfMixing,<Substance C1CCOCC1{solv}{x=0.536300}|c1ccncc1{solv}{x=0.463700}>,C1CCOCC1,c1ccncc1,openff-2.2.1-ashgc,2,0.1076714513354666,0.0429059905731579,0.1573,0.0013
26430,2175,dens_1859030547600172702,1020,Density,<Substance C1CCOCC1{solv}{x=0.241500}|c1ccncc1{solv}{x=0.758500}>,C1CCOCC1,c1ccncc1,openff-2.2.1-ashgc,2,0.9457777458952288,0.0002504791139963,0.9525650000000004,0.000212
26431,2176,dhmix_2191254706131659314,1021,EnthalpyOfMixing,<Substance C1CCOCC1{solv}{x=0.734400}|c1ccncc1{solv}{x=0.265600}>,C1CCOCC1,c1ccncc1,openff-2.2.1-ashgc,2,0.0225817278409437,0.0441263607901056,0.1564,0.0013
26432,2177,dens_2239470871208865925,1022,Density,<Substance C1CCOCC1{solv}{x=0.536400}|c1ccncc1{solv}{x=0.463600}>,C1CCOCC1,c1ccncc1,openff-2.2.1-ashgc,2,0.9018017413792452,0.0002652410335185,0.9124250000000002,0.0002965
26433,2178,dens_801655585640229277,1023,Density,<Substance C1CCOCC1{solv}{x=0.777600}|CCCC(C)=O{solv}{x=0.222400}>,C1CCOCC1,CCCC(C)=O,openff-2.2.1-ashgc,2,0.8443203214479165,0.0002273534723044,0.8602600000000002,0.000225
26434,2179,dhmix_1175081460677389458,1024,EnthalpyOfMixing,<Substance C1CCOCC1{solv}{x=0.250000}|CCCC(C)=O{solv}{x=0.750000}>,C1CCOCC1,CCCC(C)=O,openff-2.2.1-ashgc,2,0.0683897628116767,0.0452400931468707,0.06014,0.00063
26435,2180,dens_1481139606755572767,1025,Density,<Substance C1CCOCC1{solv}{x=0.236100}|CCCC(C)=O{solv}{x=0.763900}>,C1CCOCC1,CCCC(C)=O,openff-2.2.1-ashgc,2,0.7973472337125972,0.0002408224108759,0.8183900000000002,0.000215
26436,2181,dhmix_1531586108535895092,1026,EnthalpyOfMixing,<Substance C1CCOCC1{solv}{x=0.750000}|CCCC(C)=O{solv}{x=0.250000}>,C1CCOCC1,CCCC(C)=O,openff-2.2.1-ashgc,2,0.1696583411116137,0.0429074631904255,0.08245,0.000715
26437,2182,dhmix_2074691820693967219,1027,EnthalpyOfMixing,<Substance C1CCOCC1{solv}{x=0.500000}|CCCC(C)=O{solv}{x=0.500000}>,C1CCOCC1,CCCC(C)=O,openff-2.2.1-ashgc,2,0.1872882552842369,0.0414002723777693,0.09128,0.000745
26438,2183,dens_2180187104403779312,1028,Density,<Substance C1CCOCC1{solv}{x=0.504600}|CCCC(C)=O{solv}{x=0.495400}>,C1CCOCC1,CCCC(C)=O,openff-2.2.1-ashgc,2,0.820010900958115,0.0002371329246351,0.8386000000000002,0.00022
26439,2184,dhmix_814516627068967115,1029,EnthalpyOfMixing,<Substance CCCOC=O{solv}{x=0.230800}|ClCCCCl{solv}{x=0.769200}>,CCCOC=O,ClCCCCl,openff-2.2.1-ashgc,2,0.1654219083682164,0.0375024860454755,-0.054,0.001
26440,2185,dens_853749747181024442,1030,Density,<Substance CCCOC=O{solv}{x=0.525500}|ClCCCCl{solv}{x=0.474500}>,CCCOC=O,ClCCCCl,openff-2.2.1-ashgc,2,1.0281694656105027,0.0002959960262652,1.0302400000000005,0.00176
26441,2186,dhmix_1623640482466530427,1031,EnthalpyOfMixing,<Substance CCCOC=O{solv}{x=0.750900}|ClCCCCl{solv}{x=0.249100}>,CCCOC=O,ClCCCCl,openff-2.2.1-ashgc,2,0.2609811887051734,0.0397204847794904,-0.088,0.001
26442,2187,dens_1998603470347754754,1032,Density,<Substance CCCOC=O{solv}{x=0.233600}|ClCCCCl{solv}{x=0.766400}>,CCCOC=O,ClCCCCl,openff-2.2.1-ashgc,2,1.0981834586357655,0.0003642258747876,1.1122200000000002,0.00274
26443,2188,dhmix_2003217087101692001,1033,EnthalpyOfMixing,<Substance CCCOC=O{solv}{x=0.514500}|ClCCCCl{solv}{x=0.485500}>,CCCOC=O,ClCCCCl,openff-2.2.1-ashgc,2,0.2941152799987101,0.0300181014356004,-0.114,0.0015
26444,2189,dens_2020761603812222512,1034,Density,<Substance CCCOC=O{solv}{x=0.763600}|ClCCCCl{solv}{x=0.236400}>,CCCOC=O,ClCCCCl,openff-2.2.1-ashgc,2,0.9699763088099808,0.0002937625834473,0.9644500000000004,0.00119
26445,2190,dens_828893303895070246,1035,Density,<Substance C1CCCCC1{solv}{x=0.249800}|CCCCCCCC{solv}{x=0.750200}>,C1CCCCC1,CCCCCCCC,openff-2.2.1-ashgc,2,0.6984903014928673,0.0001907902806061,0.7110900000000002,0.000605
26446,2191,dhmix_1288938247372010686,1036,EnthalpyOfMixing,<Substance C1CCCCC1{solv}{x=0.751300}|CCCCCCCC{solv}{x=0.248700}>,C1CCCCC1,CCCCCCCC,openff-2.2.1-ashgc,2,0.1906228372699274,0.0456288903469246,0.23,0.005
26447,2192,dens_1398337515687242649,1037,Density,<Substance C1CCCCC1{solv}{x=0.477700}|CCCCCCCC{solv}{x=0.522300}>,C1CCCCC1,CCCCCCCC,openff-2.2.1-ashgc,2,0.7094334730681878,0.0001928640857502,0.7250300000000002,0.000585
26448,2193,dhmix_1429498464152515756,1038,EnthalpyOfMixing,<Substance C1CCCCC1{solv}{x=0.532400}|CCCCCCCC{solv}{x=0.467600}>,C1CCCCC1,CCCCCCCC,openff-2.2.1-ashgc,2,0.2995469046546901,0.0457401549631247,0.258,0.005
26449,2194,dens_2267960821195706299,1039,Density,<Substance C1CCCCC1{solv}{x=0.796100}|CCCCCCCC{solv}{x=0.203900}>,C1CCCCC1,CCCCCCCC,openff-2.2.1-ashgc,2,0.7315772025764882,0.000216423424147,0.7509700000000002,0.00055
26450,2195,dhmix_2289023418386220795,1040,EnthalpyOfMixing,<Substance C1CCCCC1{solv}{x=0.274400}|CCCCCCCC{solv}{x=0.725600}>,C1CCCCC1,CCCCCCCC,openff-2.2.1-ashgc,2,0.0986343579141362,0.053853804303166,0.18,0.005
26451,2196,dens_848374876759596361,1041,Density,<Substance CC(C)OC(C)C{solv}{x=0.284600}|CCCCCl{solv}{x=0.715400}>,CC(C)OC(C)C,CCCCCl,openff-2.2.1-ashgc,2,0.8144908307917424,0.0002978943096188,0.8263210000000002,0.000365
26452,2197,dens_917492506874956672,1042,Density,<Substance CC(C)OC(C)C{solv}{x=0.808200}|CCCCCl{solv}{x=0.191800}>,CC(C)OC(C)C,CCCCCl,openff-2.2.1-ashgc,2,0.753287695668962,0.0002214804440486,0.7440910000000002,0.000448
26453,2198,dhmix_1107367594793013993,1043,EnthalpyOfMixing,<Substance CC(C)OC(C)C{solv}{x=0.272700}|CCCCCl{solv}{x=0.727300}>,CC(C)OC(C)C,CCCCCl,openff-2.2.1-ashgc,2,-0.2014044897246236,0.0410448990010885,-0.0785,0.001
26454,2199,dhmix_1310204607958463222,1044,EnthalpyOfMixing,<Substance CC(C)OC(C)C{solv}{x=0.454700}|CCCCCl{solv}{x=0.545300}>,CC(C)OC(C)C,CCCCCl,openff-2.2.1-ashgc,2,-0.2047197542158585,0.0461856226072384,-0.0954,0.0012
26455,2200,dhmix_1605157292498138629,1045,EnthalpyOfMixing,<Substance CC(C)OC(C)C{solv}{x=0.727400}|CCCCCl{solv}{x=0.272600}>,CC(C)OC(C)C,CCCCCl,openff-2.2.1-ashgc,2,-0.1798597983362242,0.0467581397960405,-0.0732,0.00095
26456,2201,dens_1927916489732771888,1046,Density,<Substance CC(C)OC(C)C{solv}{x=0.484000}|CCCCCl{solv}{x=0.516000}>,CC(C)OC(C)C,CCCCCl,openff-2.2.1-ashgc,2,0.7896103602087308,0.0002497571542875,0.7925060000000002,0.0004005
26457,2202,dens_860008765681738590,1047,Density,<Substance CN(CCO)CCO{solv}{x=0.231260}|c1ccncc1{solv}{x=0.768740}>,CN(CCO)CCO,c1ccncc1,openff-2.2.1-ashgc,2,0.9936840288377252,0.0002176857986345,0.9906030000000002,0.0001015
26458,2203,dens_1253280811379348869,1048,Density,<Substance CN(CCO)CCO{solv}{x=0.670000}|c1ccncc1{solv}{x=0.330000}>,CN(CCO)CCO,c1ccncc1,openff-2.2.1-ashgc,2,1.0229329126432165,0.0004393665322346,1.0161020000000005,0.000102
26459,2204,dhmix_1381513140604048573,1049,EnthalpyOfMixing,<Substance CN(CCO)CCO{solv}{x=0.473760}|c1ccncc1{solv}{x=0.526240}>,CN(CCO)CCO,c1ccncc1,openff-2.2.1-ashgc,2,0.1971414392551906,0.0479154696555122,-0.093,0.001
26460,2205,dens_1460709448836415360,1050,Density,<Substance CN(CCO)CCO{solv}{x=0.473530}|c1ccncc1{solv}{x=0.526470}>,CN(CCO)CCO,c1ccncc1,openff-2.2.1-ashgc,2,1.0115128457392015,0.0002190542237131,1.0044450000000005,0.0001015
26461,2206,dhmix_2085036308089359597,1051,EnthalpyOfMixing,<Substance CN(CCO)CCO{solv}{x=0.230610}|c1ccncc1{solv}{x=0.769390}>,CN(CCO)CCO,c1ccncc1,openff-2.2.1-ashgc,2,0.3351684323389747,0.0396827351640003,-0.032,0.001
26462,2207,dhmix_2287943921901918379,1052,EnthalpyOfMixing,<Substance CN(CCO)CCO{solv}{x=0.669580}|c1ccncc1{solv}{x=0.330420}>,CN(CCO)CCO,c1ccncc1,openff-2.2.1-ashgc,2,-0.0481858022445038,0.0520822466959122,-0.12,0.0015
26463,2208,dens_929806754028972955,1053,Density,<Substance CCCC(=O)OC{solv}{x=0.695800}|COC(C)=O{solv}{x=0.304200}>,CCCC(=O)OC,COC(C)=O,openff-2.2.1-ashgc,2,0.8965305179206059,0.000232001185766,0.8997600000000002,0.000505
26464,2209,dhmix_1093843275803987368,1054,EnthalpyOfMixing,<Substance CCCC(=O)OC{solv}{x=0.482200}|COC(C)=O{solv}{x=0.517800}>,CCCC(=O)OC,COC(C)=O,openff-2.2.1-ashgc,2,0.035132747606795,0.0396089601224946,0.151,0.002
26465,2210,dens_1187818937240241755,1055,Density,<Substance CCCC(=O)OC{solv}{x=0.253600}|COC(C)=O{solv}{x=0.746400}>,CCCC(=O)OC,COC(C)=O,openff-2.2.1-ashgc,2,0.9142255060632752,0.0002512338119434,0.9147400000000002,0.000505
26466,2211,dens_1462283017082249050,1056,Density,<Substance CCCC(=O)OC{solv}{x=0.545600}|COC(C)=O{solv}{x=0.454400}>,CCCC(=O)OC,COC(C)=O,openff-2.2.1-ashgc,2,0.9021116802976116,0.0001755581419752,0.9041900000000004,0.000505
26467,2212,dhmix_1514470349370367756,1057,EnthalpyOfMixing,<Substance CCCC(=O)OC{solv}{x=0.226000}|COC(C)=O{solv}{x=0.774000}>,CCCC(=O)OC,COC(C)=O,openff-2.2.1-ashgc,2,0.0189517933374787,0.0362428958425554,0.102,0.0015
26468,2213,dhmix_1615966506855005599,1058,EnthalpyOfMixing,<Substance CCCC(=O)OC{solv}{x=0.695800}|COC(C)=O{solv}{x=0.304200}>,CCCC(=O)OC,COC(C)=O,openff-2.2.1-ashgc,2,-0.0296725396658494,0.042886159383194,0.122,0.0015
26469,2214,dens_931039395662625393,1059,Density,<Substance BrCCBr{solv}{x=0.510700}|CCOC=O{solv}{x=0.489300}>,BrCCBr,CCOC=O,openff-2.2.1-ashgc,2,1.5655819795763477,0.000485100908301,1.5742900000000004,0.00125
26470,2215,dhmix_1379448524788285045,1060,EnthalpyOfMixing,<Substance BrCCBr{solv}{x=0.503000}|CCOC=O{solv}{x=0.497000}>,BrCCBr,CCOC=O,openff-2.2.1-ashgc,2,0.1673220244197697,0.034563582104063,0.404,0.0054
26471,2216,dhmix_1589211680683586133,1061,EnthalpyOfMixing,<Substance BrCCBr{solv}{x=0.247500}|CCOC=O{solv}{x=0.752500}>,BrCCBr,CCOC=O,openff-2.2.1-ashgc,2,0.103938402642826,0.0330101635034963,0.2492,0.0035
26472,2217,dens_1816072583621776909,1062,Density,<Substance BrCCBr{solv}{x=0.282500}|CCOC=O{solv}{x=0.717500}>,BrCCBr,CCOC=O,openff-2.2.1-ashgc,2,1.2959191725585235,0.0004209709695249,1.2851500000000005,0.00131
26473,2218,dens_1857279480363338972,1063,Density,<Substance BrCCBr{solv}{x=0.750600}|CCOC=O{solv}{x=0.249400}>,BrCCBr,CCOC=O,openff-2.2.1-ashgc,2,1.8347593538348308,0.0006046844973802,1.8698300000000003,0.000995
26474,2219,dhmix_2225135654541562913,1064,EnthalpyOfMixing,<Substance BrCCBr{solv}{x=0.734600}|CCOC=O{solv}{x=0.265400}>,BrCCBr,CCOC=O,openff-2.2.1-ashgc,2,0.1217961529131379,0.0268752811189514,0.3604,0.00485
26475,2220,dhmix_933824509566848172,1065,EnthalpyOfMixing,<Substance C1COCO1{solv}{x=0.350000}|CCCC(C)=O{solv}{x=0.650000}>,C1COCO1,CCCC(C)=O,openff-2.2.1-ashgc,2,0.3240805936998612,0.043738236991993,0.17755,0.001095
26476,2221,dens_1326756646981901590,1066,Density,<Substance C1COCO1{solv}{x=0.717400}|CCCC(C)=O{solv}{x=0.282600}>,C1COCO1,CCCC(C)=O,openff-2.2.1-ashgc,2,0.9720891811064006,0.0002580996797488,0.9625500000000002,0.000245
26477,2222,dhmix_1386053902220878259,1067,EnthalpyOfMixing,<Substance C1COCO1{solv}{x=0.500000}|CCCC(C)=O{solv}{x=0.500000}>,C1COCO1,CCCC(C)=O,openff-2.2.1-ashgc,2,0.3203142211382683,0.039549826166804,0.21077,0.00122
26478,2223,dens_1490997112604690080,1068,Density,<Substance C1COCO1{solv}{x=0.349900}|CCCC(C)=O{solv}{x=0.650100}>,C1COCO1,CCCC(C)=O,openff-2.2.1-ashgc,2,0.859187369384994,0.0002530545713387,0.8687200000000003,0.00022
26479,2224,dens_1979377813631413053,1069,Density,<Substance C1COCO1{solv}{x=0.516900}|CCCC(C)=O{solv}{x=0.483100}>,C1COCO1,CCCC(C)=O,openff-2.2.1-ashgc,2,0.906114933199602,0.0002564820461871,0.9078200000000004,0.00023
26480,2225,dhmix_2113009728753201792,1070,EnthalpyOfMixing,<Substance C1COCO1{solv}{x=0.750000}|CCCC(C)=O{solv}{x=0.250000}>,C1COCO1,CCCC(C)=O,openff-2.2.1-ashgc,2,0.3730599788074187,0.0370141154592055,0.17046,0.00107
26481,2226,dhmix_962524540250306235,1071,EnthalpyOfMixing,<Substance Cc1ccccc1N{solv}{x=0.268100}|c1ccncc1{solv}{x=0.731900}>,Cc1ccccc1N,c1ccncc1,openff-2.2.1-ashgc,2,-1.5728716120204496,0.039187193916509,-0.8915,0.0182
26482,2227,dhmix_1000930562998604270,1072,EnthalpyOfMixing,<Substance Cc1ccccc1N{solv}{x=0.773500}|c1ccncc1{solv}{x=0.226500}>,Cc1ccccc1N,c1ccncc1,openff-2.2.1-ashgc,2,-1.0276183158055368,0.0475158039966364,-0.7828,0.016
26483,2228,dens_1203111494553524663,1073,Density,<Substance Cc1ccccc1N{solv}{x=0.483700}|c1ccncc1{solv}{x=0.516300}>,Cc1ccccc1N,c1ccncc1,openff-2.2.1-ashgc,2,1.000901698044397,0.0001982443208591,0.9912370000000004,0.000117
26484,2229,dens_1316174752280431242,1074,Density,<Substance Cc1ccccc1N{solv}{x=0.237400}|c1ccncc1{solv}{x=0.762600}>,Cc1ccccc1N,c1ccncc1,openff-2.2.1-ashgc,2,0.989704818922006,0.0001588462153618,0.9863750000000002,0.000118
26485,2230,dhmix_1371524052813651708,1075,EnthalpyOfMixing,<Substance Cc1ccccc1N{solv}{x=0.482600}|c1ccncc1{solv}{x=0.517400}>,Cc1ccccc1N,c1ccncc1,openff-2.2.1-ashgc,2,-1.8424956595074349,0.0406778372047522,-1.0329,0.02105
26486,2231,dens_2188924364196997512,1076,Density,<Substance Cc1ccccc1N{solv}{x=0.767800}|c1ccncc1{solv}{x=0.232200}>,Cc1ccccc1N,c1ccncc1,openff-2.2.1-ashgc,2,1.008477518190393,0.0002805794950016,0.9936220000000002,0.000117
26487,2232,dens_964556344607822867,1077,Density,<Substance CCCCCCCCC{solv}{x=0.696300}|COC(C)(C)C{solv}{x=0.303700}>,CCCCCCCCC,COC(C)(C)C,openff-2.2.1-ashgc,2,0.7104719748569784,0.0002046559391491,0.7173600000000002,0.000295
26488,2233,dhmix_1091489740441728210,1078,EnthalpyOfMixing,<Substance CCCCCCCCC{solv}{x=0.260100}|COC(C)(C)C{solv}{x=0.739900}>,CCCCCCCCC,COC(C)(C)C,openff-2.2.1-ashgc,2,0.5536345698027674,0.0483398839998863,0.371,0.0075
26489,2234,dens_1264105858192356202,1079,Density,<Substance CCCCCCCCC{solv}{x=0.499200}|COC(C)(C)C{solv}{x=0.500800}>,CCCCCCCCC,COC(C)(C)C,openff-2.2.1-ashgc,2,0.7160670450645107,0.0002058444362948,0.7207300000000002,0.00029
26490,2235,dhmix_1760873631242020891,1080,EnthalpyOfMixing,<Substance CCCCCCCCC{solv}{x=0.759600}|COC(C)(C)C{solv}{x=0.240400}>,CCCCCCCCC,COC(C)(C)C,openff-2.2.1-ashgc,2,0.4441155824157192,0.0545307421662748,0.345,0.007
26491,2236,dens_2012579877169955729,1081,Density,<Substance CCCCCCCCC{solv}{x=0.199500}|COC(C)(C)C{solv}{x=0.800500}>,CCCCCCCCC,COC(C)(C)C,openff-2.2.1-ashgc,2,0.7286924807930616,0.0001707945588347,0.7281100000000001,0.000285
26492,2237,dhmix_2200368758776542578,1082,EnthalpyOfMixing,<Substance CCCCCCCCC{solv}{x=0.513300}|COC(C)(C)C{solv}{x=0.486700}>,CCCCCCCCC,COC(C)(C)C,openff-2.2.1-ashgc,2,0.5983754694547798,0.0486672841467332,0.486,0.0095
26493,2238,dhmix_972091313059406932,1083,EnthalpyOfMixing,<Substance CCCNCCC{solv}{x=0.248200}|CN(C)C=O{solv}{x=0.751800}>,CCCNCCC,CN(C)C=O,openff-2.2.1-ashgc,2,0.1137506707026645,0.0423323249031372,0.613,0.0195
26494,2239,dhmix_1037416167092316519,1084,EnthalpyOfMixing,<Substance CCCNCCC{solv}{x=0.499500}|CN(C)C=O{solv}{x=0.500500}>,CCCNCCC,CN(C)C=O,openff-2.2.1-ashgc,2,0.1439934837559988,0.0421228553667233,0.748,0.0225
26495,2240,dhmix_1525975551610336413,1085,EnthalpyOfMixing,<Substance CCCNCCC{solv}{x=0.749600}|CN(C)C=O{solv}{x=0.250400}>,CCCNCCC,CN(C)C=O,openff-2.2.1-ashgc,2,0.0706212434152959,0.0462321472496291,0.529,0.017
26496,2241,dens_1610465641813938660,1086,Density,<Substance CCCNCCC{solv}{x=0.745900}|CN(C)C=O{solv}{x=0.254100}>,CCCNCCC,CN(C)C=O,openff-2.2.1-ashgc,2,0.7642665393927359,0.0002291676716246,0.7687320000000002,0.0009355
26497,2242,dens_2129043605695010641,1087,Density,<Substance CCCNCCC{solv}{x=0.503400}|CN(C)C=O{solv}{x=0.496600}>,CCCNCCC,CN(C)C=O,openff-2.2.1-ashgc,2,0.8025538161027139,0.0001715064960436,0.8108000000000002,0.0009885
26498,2243,dens_2129124855081233158,1088,Density,<Substance CCCNCCC{solv}{x=0.252300}|CN(C)C=O{solv}{x=0.747700}>,CCCNCCC,CN(C)C=O,openff-2.2.1-ashgc,2,0.8524549913319204,0.0002155168746804,0.8674480000000002,0.0010625
26499,2244,dhmix_1022139531284796266,1089,EnthalpyOfMixing,<Substance CCCO{solv}{x=0.730200}|O=Cc1ccccc1{solv}{x=0.269800}>,CCCO,O=Cc1ccccc1,openff-2.2.1-ashgc,2,1.103332836035655,0.0413023421296194,1.3784,0.00585
26500,2245,dens_1530410585842005416,1090,Density,<Substance CCCO{solv}{x=0.802500}|O=Cc1ccccc1{solv}{x=0.197500}>,CCCO,O=Cc1ccccc1,openff-2.2.1-ashgc,2,0.8550620370827908,0.0002702942429156,0.8676000000000003,0.0054
26501,2246,dens_1586325098516354010,1091,Density,<Substance CCCO{solv}{x=0.500300}|O=Cc1ccccc1{solv}{x=0.499700}>,CCCO,O=Cc1ccccc1,openff-2.2.1-ashgc,2,0.932987491874271,0.0002327429301252,0.9470000000000002,0.0035
26502,2247,dhmix_1860362391399300385,1092,EnthalpyOfMixing,<Substance CCCO{solv}{x=0.237400}|O=Cc1ccccc1{solv}{x=0.762600}>,CCCO,O=Cc1ccccc1,openff-2.2.1-ashgc,2,0.7775975217294615,0.0384017988807388,1.2579,0.0055
26503,2248,dens_2022804020725863961,1093,Density,<Substance CCCO{solv}{x=0.192900}|O=Cc1ccccc1{solv}{x=0.807100}>,CCCO,O=Cc1ccccc1,openff-2.2.1-ashgc,2,0.995730011551116,0.0001970624878841,1.0128,0.00265
26504,2249,dhmix_2114980631721668598,1094,EnthalpyOfMixing,<Substance CCCO{solv}{x=0.517800}|O=Cc1ccccc1{solv}{x=0.482200}>,CCCO,O=Cc1ccccc1,openff-2.2.1-ashgc,2,1.220632307577702,0.0372886058407774,1.6361,0.00675
26505,2250,dens_1061385011202038988,1095,Density,<Substance CC(C)O{solv}{x=0.495900}|CCCCOCCO{solv}{x=0.504100}>,CC(C)O,CCCCOCCO,openff-2.2.1-ashgc,2,0.8539870730922753,0.0002361775959485,0.8550000000000002,5.450000000000001e-05
26506,2251,dens_1314274960992474794,1096,Density,<Substance CC(C)O{solv}{x=0.292200}|CCCCOCCO{solv}{x=0.707800}>,CC(C)O,CCCCOCCO,openff-2.2.1-ashgc,2,0.8691643227637732,0.0001831918719577,0.8743700000000002,4.600000000000001e-05
26507,2252,dens_1729117108592325655,1097,Density,<Substance CC(C)O{solv}{x=0.743300}|CCCCOCCO{solv}{x=0.256700}>,CC(C)O,CCCCOCCO,openff-2.2.1-ashgc,2,0.8296918455043537,0.0002483703172889,0.8247900000000001,5.600000000000001e-05
26508,2253,dens_1112128096721834081,1098,Density,<Substance CNCCO{solv}{x=0.800900}|O{solv}{x=0.199100}>,CNCCO,O,openff-2.2.1-ashgc,2,0.9597824566011696,0.0002359979068864,0.9466300000000002,0.00032
26509,2254,dens_1381694863030749046,1099,Density,<Substance CNCCO{solv}{x=0.198700}|O{solv}{x=0.801300}>,CNCCO,O,openff-2.2.1-ashgc,2,0.9786627212310148,0.000425600313524,0.9960300000000002,0.00016
26510,2255,dhmix_1383192140212198237,1100,EnthalpyOfMixing,<Substance CNCCO{solv}{x=0.798800}|O{solv}{x=0.201200}>,CNCCO,O,openff-2.2.1-ashgc,2,-0.897647803810969,0.033941608628233,-1.219,0.025
26511,2256,dens_1615304038745182966,1101,Density,<Substance CNCCO{solv}{x=0.504100}|O{solv}{x=0.495900}>,CNCCO,O,openff-2.2.1-ashgc,2,0.9691302853629348,0.0002659872738479,0.9688100000000002,0.000235
26512,2257,dhmix_1902240048183935170,1102,EnthalpyOfMixing,<Substance CNCCO{solv}{x=0.501700}|O{solv}{x=0.498300}>,CNCCO,O,openff-2.2.1-ashgc,2,-1.6579324418249186,0.0398361961056505,-2.508,0.051
26513,2258,dhmix_2185888808838690563,1103,EnthalpyOfMixing,<Substance CNCCO{solv}{x=0.199200}|O{solv}{x=0.800800}>,CNCCO,O,openff-2.2.1-ashgc,2,-0.9574626868927664,0.0246114591617144,-2.243,0.0455
26514,2259,dens_1155626281932782094,1104,Density,<Substance CCC(C)=O{solv}{x=0.292200}|CN1CCCC1=O{solv}{x=0.707800}>,CCC(C)=O,CN1CCCC1=O,openff-2.2.1-ashgc,2,0.9354116479909652,0.0002303081547891,0.9591400000000002,0.00262
26515,2260,dens_1354588388489384902,1105,Density,<Substance CCC(C)=O{solv}{x=0.779300}|CN1CCCC1=O{solv}{x=0.220700}>,CCC(C)=O,CN1CCCC1=O,openff-2.2.1-ashgc,2,0.8244174739792401,0.0002688607630237,0.8467600000000002,0.002595
26516,2261,dhmix_1468142552678388689,1106,EnthalpyOfMixing,<Substance CCC(C)=O{solv}{x=0.484100}|CN1CCCC1=O{solv}{x=0.515900}>,CCC(C)=O,CN1CCCC1=O,openff-2.2.1-ashgc,2,0.1030099499365517,0.0367089822259027,-0.1675,0.00415
26517,2262,dhmix_1545004468946955771,1107,EnthalpyOfMixing,<Substance CCC(C)=O{solv}{x=0.246100}|CN1CCCC1=O{solv}{x=0.753900}>,CCC(C)=O,CN1CCCC1=O,openff-2.2.1-ashgc,2,0.0958042243559909,0.040801958338043,-0.0999,0.0031
26518,2263,dhmix_1746826813990258300,1108,EnthalpyOfMixing,<Substance CCC(C)=O{solv}{x=0.732400}|CN1CCCC1=O{solv}{x=0.267600}>,CCC(C)=O,CN1CCCC1=O,openff-2.2.1-ashgc,2,0.0703822708599686,0.0380380952458256,-0.0861,0.0029
26519,2264,dens_2035401379156582518,1109,Density,<Substance CCC(C)=O{solv}{x=0.479500}|CN1CCCC1=O{solv}{x=0.520500}>,CCC(C)=O,CN1CCCC1=O,openff-2.2.1-ashgc,2,0.8942524125411295,0.0002682759745343,0.9166100000000004,0.00261
26520,2265,dens_1159403686634788877,1110,Density,<Substance C1CCOCC1{solv}{x=0.253600}|Cc1ccncc1{solv}{x=0.746400}>,C1CCOCC1,Cc1ccncc1,openff-2.2.1-ashgc,2,0.9224516388468436,0.0002154352244533,0.9329390000000002,0.0002125
26521,2266,dhmix_1427533760370073434,1111,EnthalpyOfMixing,<Substance C1CCOCC1{solv}{x=0.241600}|Cc1ccncc1{solv}{x=0.758400}>,C1CCOCC1,Cc1ccncc1,openff-2.2.1-ashgc,2,0.0909739634533508,0.0431499973525445,0.0975,0.001
26522,2267,dens_1586440979425114987,1112,Density,<Substance C1CCOCC1{solv}{x=0.491300}|Cc1ccncc1{solv}{x=0.508700}>,C1CCOCC1,Cc1ccncc1,openff-2.2.1-ashgc,2,0.9042152067739349,0.0002427507478807,0.9162950000000002,0.0002825
26523,2268,dhmix_1681679230288000235,1113,EnthalpyOfMixing,<Substance C1CCOCC1{solv}{x=0.483400}|Cc1ccncc1{solv}{x=0.516600}>,C1CCOCC1,Cc1ccncc1,openff-2.2.1-ashgc,2,0.1140079207627797,0.0390943754873071,0.1741,0.00135
26524,2269,dhmix_1854625047398559527,1114,EnthalpyOfMixing,<Substance C1CCOCC1{solv}{x=0.826200}|Cc1ccncc1{solv}{x=0.173800}>,C1CCOCC1,Cc1ccncc1,openff-2.2.1-ashgc,2,0.0443112710439166,0.0459002184666347,0.0948,0.001
26525,2270,dens_1998279082934343093,1115,Density,<Substance C1CCOCC1{solv}{x=0.826300}|Cc1ccncc1{solv}{x=0.173700}>,C1CCOCC1,Cc1ccncc1,openff-2.2.1-ashgc,2,0.8689310796033385,0.0002114607200474,0.8827950000000002,0.000387
26526,2271,dens_1226224986443053492,1116,Density,<Substance CCOc1ccccc1{solv}{x=0.482600}|OCCc1ccccc1{solv}{x=0.517400}>,CCOc1ccccc1,OCCc1ccccc1,openff-2.2.1-ashgc,2,0.9685816429549788,0.0001987921292422,0.9803700000000002,0.00026
26527,2272,dens_1288457717872177367,1117,Density,<Substance CCOc1ccccc1{solv}{x=0.304100}|OCCc1ccccc1{solv}{x=0.695900}>,CCOc1ccccc1,OCCc1ccccc1,openff-2.2.1-ashgc,2,0.9794810970311428,0.0002353807296401,0.9909900000000004,0.00026
26528,2273,dhmix_1400067757990485972,1118,EnthalpyOfMixing,<Substance CCOc1ccccc1{solv}{x=0.738800}|OCCc1ccccc1{solv}{x=0.261200}>,CCOc1ccccc1,OCCc1ccccc1,openff-2.2.1-ashgc,2,1.0566127567625043,0.0521125100760038,1.1427,0.01225
26529,2274,dens_1419265414647987466,1119,Density,<Substance CCOc1ccccc1{solv}{x=0.792900}|OCCc1ccccc1{solv}{x=0.207100}>,CCOc1ccccc1,OCCc1ccccc1,openff-2.2.1-ashgc,2,0.9508924182113728,0.0001636715563785,0.9624400000000004,0.00026
26530,2275,dhmix_1985234108792038812,1120,EnthalpyOfMixing,<Substance CCOc1ccccc1{solv}{x=0.485200}|OCCc1ccccc1{solv}{x=0.514800}>,CCOc1ccccc1,OCCc1ccccc1,openff-2.2.1-ashgc,2,0.9080400651645704,0.0550513293721242,1.0249,0.011
26531,2276,dhmix_2203675640711482674,1121,EnthalpyOfMixing,<Substance CCOc1ccccc1{solv}{x=0.239100}|OCCc1ccccc1{solv}{x=0.760900}>,CCOc1ccccc1,OCCc1ccccc1,openff-2.2.1-ashgc,2,0.6450532000922777,0.0565726113027983,0.6669,0.0072
26532,2277,dens_1247048173376376516,1122,Density,<Substance CCCCC(=O)OC{solv}{x=0.349300}|COC=O{solv}{x=0.650700}>,CCCCC(=O)OC,COC=O,openff-2.2.1-ashgc,2,0.9293531063963766,0.0002538159751535,0.9198400000000002,0.000115
26533,2278,dens_1283923442255956417,1123,Density,<Substance CCCCC(=O)OC{solv}{x=0.500000}|COC=O{solv}{x=0.500000}>,CCCCC(=O)OC,COC=O,openff-2.2.1-ashgc,2,0.913492134514862,0.0002568206503591,0.90817,0.00012
26534,2279,dhmix_1491739683552461043,1124,EnthalpyOfMixing,<Substance CCCCC(=O)OC{solv}{x=0.348600}|COC=O{solv}{x=0.651400}>,CCCCC(=O)OC,COC=O,openff-2.2.1-ashgc,2,0.3384423237041636,0.0383847015454083,0.422,0.0045
26535,2280,dhmix_1747049492522889097,1125,EnthalpyOfMixing,<Substance CCCCC(=O)OC{solv}{x=0.523200}|COC=O{solv}{x=0.476800}>,CCCCC(=O)OC,COC=O,openff-2.2.1-ashgc,2,0.3669477439852162,0.0432846661388995,0.409,0.0045
26536,2281,dhmix_1990853348078771210,1126,EnthalpyOfMixing,<Substance CCCCC(=O)OC{solv}{x=0.796800}|COC=O{solv}{x=0.203200}>,CCCCC(=O)OC,COC=O,openff-2.2.1-ashgc,2,0.1789704731375678,0.0445190133969111,0.219,0.0025
26537,2282,dens_2269601061883384185,1127,Density,<Substance CCCCC(=O)OC{solv}{x=0.725800}|COC=O{solv}{x=0.274200}>,CCCCC(=O)OC,COC=O,openff-2.2.1-ashgc,2,0.8951822409616464,0.000228798370274,0.8955000000000002,0.000135
26538,2283,dens_1266839724964377205,1128,Density,<Substance Cn1ccnc1{solv}{x=0.779500}|O{solv}{x=0.220500}>,Cn1ccnc1,O,openff-2.2.1-ashgc,2,1.0199042871426764,0.0002543623990401,1.0360000000000005,0.00015
26539,2284,dens_1634862053132906887,1129,Density,<Substance Cn1ccnc1{solv}{x=0.498200}|O{solv}{x=0.501800}>,Cn1ccnc1,O,openff-2.2.1-ashgc,2,1.0178632408549877,0.0002982800733124,1.0416,0.00015
26540,2285,dens_1681126092995837883,1130,Density,<Substance Cn1ccnc1{solv}{x=0.216700}|O{solv}{x=0.783300}>,Cn1ccnc1,O,openff-2.2.1-ashgc,2,1.0036044961284558,0.0003857653983137,1.0301000000000002,0.0001
26541,2286,dhmix_1311251505653939236,1131,EnthalpyOfMixing,<Substance CC(=O)CC(C)=O{solv}{x=0.598500}|O{solv}{x=0.401500}>,CC(=O)CC(C)=O,O,openff-2.2.1-ashgc,2,0.2360231501083944,0.0364864115562402,0.4905,0.00555
26542,2287,dhmix_1367092272310773702,1132,EnthalpyOfMixing,<Substance CC(=O)CC(C)=O{solv}{x=0.749200}|O{solv}{x=0.250800}>,CC(=O)CC(C)=O,O,openff-2.2.1-ashgc,2,0.434494891539515,0.0393145570359941,0.6211,0.00695
26543,2288,dhmix_2033109088651196860,1133,EnthalpyOfMixing,<Substance CC(=O)CC(C)=O{solv}{x=0.200400}|O{solv}{x=0.799600}>,CC(=O)CC(C)=O,O,openff-2.2.1-ashgc,2,-0.1587388745231663,0.0241013386633096,0.1562,0.0021
26544,2289,dens_1319073694995976411,1134,Density,<Substance CC(C)CO{solv}{x=0.762200}|OC1=NCCC1{solv}{x=0.237800}>,CC(C)CO,OC1=NCCC1,openff-2.2.1-ashgc,2,0.8609554854755036,0.000219542719511,0.8623100000000001,0.000205
26545,2290,dhmix_1817161401911066523,1135,EnthalpyOfMixing,<Substance CC(C)CO{solv}{x=0.754900}|OC1=NCCC1{solv}{x=0.245100}>,CC(C)CO,OC1=NCCC1,openff-2.2.1-ashgc,2,1.2120949626010906,0.0467365986686149,0.2989,0.0033
26546,2291,dens_1852757585830259815,1136,Density,<Substance CC(C)CO{solv}{x=0.287400}|OC1=NCCC1{solv}{x=0.712600}>,CC(C)CO,OC1=NCCC1,openff-2.2.1-ashgc,2,0.9855109540894942,0.000282823793164,1.0078300000000002,0.000155
26547,2292,dhmix_2057245570503088562,1137,EnthalpyOfMixing,<Substance CC(C)CO{solv}{x=0.259800}|OC1=NCCC1{solv}{x=0.740200}>,CC(C)CO,OC1=NCCC1,openff-2.2.1-ashgc,2,1.07484149225985,0.0433898697026117,0.1798,0.00205
26548,2293,dens_2175875616459255266,1138,Density,<Substance CC(C)CO{solv}{x=0.489400}|OC1=NCCC1{solv}{x=0.510600}>,CC(C)CO,OC1=NCCC1,openff-2.2.1-ashgc,2,0.931354406942942,0.0002857457587919,0.9431100000000002,0.00017
26549,2294,dhmix_2273039716774959551,1139,EnthalpyOfMixing,<Substance CC(C)CO{solv}{x=0.497800}|OC1=NCCC1{solv}{x=0.502200}>,CC(C)CO,OC1=NCCC1,openff-2.2.1-ashgc,2,1.548924848020576,0.041127024822354,0.2775,0.0031
26550,2295,dens_1400897934227212514,1140,Density,<Substance CC(C)CC(C)(C)C{solv}{x=0.541100}|COC(C)=O{solv}{x=0.458900}>,CC(C)CC(C)(C)C,COC(C)=O,openff-2.2.1-ashgc,2,0.7629894706241256,0.0002136991241179,0.7495700000000002,0.000505
26551,2296,dhmix_1534218615961922445,1141,EnthalpyOfMixing,<Substance CC(C)CC(C)(C)C{solv}{x=0.256000}|COC(C)=O{solv}{x=0.744000}>,CC(C)CC(C)(C)C,COC(C)=O,openff-2.2.1-ashgc,2,1.6001619373245743,0.0399959139339923,1.385,0.015
26552,2297,dhmix_1663557420681143866,1142,EnthalpyOfMixing,<Substance CC(C)CC(C)(C)C{solv}{x=0.540600}|COC(C)=O{solv}{x=0.459400}>,CC(C)CC(C)(C)C,COC(C)=O,openff-2.2.1-ashgc,2,1.9238028553243325,0.0458718618138277,1.759,0.019
26553,2298,dens_1833608859418637606,1143,Density,<Substance CC(C)CC(C)(C)C{solv}{x=0.736400}|COC(C)=O{solv}{x=0.263600}>,CC(C)CC(C)(C)C,COC(C)=O,openff-2.2.1-ashgc,2,0.7324333026014204,0.0002017236486542,0.7171000000000002,0.00015
26554,2299,dhmix_1913788848230724771,1144,EnthalpyOfMixing,<Substance CC(C)CC(C)(C)C{solv}{x=0.783300}|COC(C)=O{solv}{x=0.216700}>,CC(C)CC(C)(C)C,COC(C)=O,openff-2.2.1-ashgc,2,1.5225097802234018,0.0430372535581491,1.149,0.0125
26555,2300,dens_2018568384717712900,1145,Density,<Substance CC(C)CC(C)(C)C{solv}{x=0.238900}|COC(C)=O{solv}{x=0.761100}>,CC(C)CC(C)(C)C,COC(C)=O,openff-2.2.1-ashgc,2,0.8348385782614955,0.0002626566243115,0.8248000000000002,0.0001
26556,2301,dens_1465225466328543955,1146,Density,<Substance Cc1cccnc1{solv}{x=0.225000}|O{solv}{x=0.775000}>,Cc1cccnc1,O,openff-2.2.1-ashgc,2,0.959340639685877,0.0003942486452654,0.9921000000000002,0.0003
26557,2302,dens_1644445312716340330,1147,Density,<Substance Cc1cccnc1{solv}{x=0.500000}|O{solv}{x=0.500000}>,Cc1cccnc1,O,openff-2.2.1-ashgc,2,0.9501565955424668,0.0002210566675626,0.9797000000000002,0.0003
26558,2303,dens_2262998332454406432,1148,Density,<Substance Cc1cccnc1{solv}{x=0.700000}|O{solv}{x=0.300000}>,Cc1cccnc1,O,openff-2.2.1-ashgc,2,0.9477713560381338,0.0002605251088972,0.9690000000000002,0.0003
26559,2304,dens_1601780542508306264,1149,Density,<Substance CC(=O)N(C)C{solv}{x=0.771800}|CCOC(C)=O{solv}{x=0.228200}>,CC(=O)N(C)C,CCOC(C)=O,openff-2.2.1-ashgc,2,0.898767839817235,0.0001936465819972,0.9286200000000002,0.000185
26560,2305,dens_2126546638582188774,1150,Density,<Substance CC(=O)N(C)C{solv}{x=0.464600}|CCOC(C)=O{solv}{x=0.535400}>,CC(=O)N(C)C,CCOC(C)=O,openff-2.2.1-ashgc,2,0.9003044941995018,0.0002363065189874,0.9166300000000002,0.00022
26561,2306,dens_2159432384130350508,1151,Density,<Substance CC(=O)N(C)C{solv}{x=0.233100}|CCOC(C)=O{solv}{x=0.766900}>,CC(=O)N(C)C,CCOC(C)=O,openff-2.2.1-ashgc,2,0.901835431770113,0.0002555022997124,0.9064300000000002,0.000245
26562,2307,dens_1713891284028890335,1152,Density,<Substance CC(=O)O{solv}{x=0.798900}|CCOC(C)=O{solv}{x=0.201100}>,CC(=O)O,CCOC(C)=O,openff-2.2.1-ashgc,2,1.023684256654006,0.0003155878442537,0.9996600000000002,0.000225
26563,2308,dens_1856345418041920174,1153,Density,<Substance CC(=O)O{solv}{x=0.500700}|CCOC(C)=O{solv}{x=0.499300}>,CC(=O)O,CCOC(C)=O,openff-2.2.1-ashgc,2,0.9683341584312982,0.0002947188888014,0.9514000000000002,0.00018
26564,2309,dens_2035334988982485653,1154,Density,<Substance CC(=O)O{solv}{x=0.294400}|CCOC(C)=O{solv}{x=0.705600}>,CC(=O)O,CCOC(C)=O,openff-2.2.1-ashgc,2,0.937078308555501,0.000291850982827,0.9255000000000002,0.00016
26565,2310,dhmix_592425981731704,0,EnthalpyOfMixing,<Substance C1CCCCC1{solv}{x=0.100300}|Cc1ccccc1{solv}{x=0.899700}>,C1CCCCC1,Cc1ccccc1,openff-2.2.1-ashgc,3,0.3162399534981972,0.0461800649838744,0.2015,0.0015
26566,2311,dens_191923210986624643,1,Density,<Substance C1CCCCC1{solv}{x=0.697700}|Cc1ccccc1{solv}{x=0.302300}>,C1CCCCC1,Cc1ccccc1,openff-2.2.1-ashgc,3,0.7575273037611027,0.0001768635469439,0.7818000000000002,0.00041
26567,2312,dens_699555827256664507,2,Density,<Substance C1CCCCC1{solv}{x=0.100000}|Cc1ccccc1{solv}{x=0.900000}>,C1CCCCC1,Cc1ccccc1,openff-2.2.1-ashgc,3,0.8175836211752592,0.0002609195192897,0.8378000000000001,0.00025
26568,2313,dhmix_997331474504366167,3,EnthalpyOfMixing,<Substance C1CCCCC1{solv}{x=0.697900}|Cc1ccccc1{solv}{x=0.302100}>,C1CCCCC1,Cc1ccccc1,openff-2.2.1-ashgc,3,0.7635650222546104,0.0521669021768189,0.5221,0.0034
26569,2314,dhmix_1586684551148150215,4,EnthalpyOfMixing,<Substance C1CCCCC1{solv}{x=0.397600}|Cc1ccccc1{solv}{x=0.602400}>,C1CCCCC1,Cc1ccccc1,openff-2.2.1-ashgc,3,0.7516590126801219,0.0424575065724608,0.5887,0.0038
26570,2315,dens_1809100412119556796,5,Density,<Substance C1CCCCC1{solv}{x=0.397500}|Cc1ccccc1{solv}{x=0.602500}>,C1CCCCC1,Cc1ccccc1,openff-2.2.1-ashgc,3,0.801416397795241,0.0002434784323739,0.8228000000000002,0.0002
26571,2316,dhmix_1261378482688431,6,EnthalpyOfMixing,<Substance CCC(C)=O{solv}{x=0.510600}|Nc1ccccc1{solv}{x=0.489400}>,CCC(C)=O,Nc1ccccc1,openff-2.2.1-ashgc,3,-0.5241074307404787,0.0399499305292936,-1.173,0.0125
26572,2317,dhmix_157258283975731553,7,EnthalpyOfMixing,<Substance CCC(C)=O{solv}{x=0.901800}|Nc1ccccc1{solv}{x=0.098200}>,CCC(C)=O,Nc1ccccc1,openff-2.2.1-ashgc,3,-0.3817893172439106,0.0294339082317598,-0.469,0.005
26573,2318,dens_610648476268376520,8,Density,<Substance CCC(C)=O{solv}{x=0.502600}|Nc1ccccc1{solv}{x=0.497400}>,CCC(C)=O,Nc1ccccc1,openff-2.2.1-ashgc,3,0.9193635924431246,0.0001983996193442,0.9213850000000002,5.650000000000002e-05
26574,2319,dens_1388487494953421117,9,Density,<Substance CCC(C)=O{solv}{x=0.901900}|Nc1ccccc1{solv}{x=0.098100}>,CCC(C)=O,Nc1ccccc1,openff-2.2.1-ashgc,3,0.8024435126977248,0.0001978928160619,0.8265540000000001,7.200000000000002e-05
26575,2320,dhmix_1389656513678923263,10,EnthalpyOfMixing,<Substance CCC(C)=O{solv}{x=0.209900}|Nc1ccccc1{solv}{x=0.790100}>,CCC(C)=O,Nc1ccccc1,openff-2.2.1-ashgc,3,0.0910382840832468,0.0585807199152507,-0.648,0.007
26576,2321,dens_2115628806769415578,11,Density,<Substance CCC(C)=O{solv}{x=0.256300}|Nc1ccccc1{solv}{x=0.743700}>,CCC(C)=O,Nc1ccccc1,openff-2.2.1-ashgc,3,0.9901770398710612,0.0002564811894987,0.9712300000000004,4.900000000000001e-05
26577,2322,dens_1379242187515209,12,Density,<Substance CC#N{solv}{x=0.795200}|CCCCOCCCC{solv}{x=0.204800}>,CC#N,CCCCOCCCC,openff-2.2.1-ashgc,3,0.7688046079890911,0.0002372354790934,0.7708800000000002,0.000245
26578,2323,dhmix_575991096898484441,13,EnthalpyOfMixing,<Substance CC#N{solv}{x=0.488600}|CCCCOCCCC{solv}{x=0.511400}>,CC#N,CCCCOCCCC,openff-2.2.1-ashgc,3,0.6017298814821856,0.043994987614207,1.26543,0.00796
26579,2324,dhmix_1182924089945476872,14,EnthalpyOfMixing,<Substance CC#N{solv}{x=0.241600}|CCCCOCCCC{solv}{x=0.758400}>,CC#N,CCCCOCCCC,openff-2.2.1-ashgc,3,0.5795598763108103,0.0501008766197876,0.94593,0.00601
26580,2325,dhmix_1244492966201685063,15,EnthalpyOfMixing,<Substance CC#N{solv}{x=0.795200}|CCCCOCCCC{solv}{x=0.204800}>,CC#N,CCCCOCCCC,openff-2.2.1-ashgc,3,0.4239409218270913,0.0322731907127028,0.94289,0.005995
26581,2326,dens_2044032309137951705,16,Density,<Substance CC#N{solv}{x=0.245500}|CCCCOCCCC{solv}{x=0.754500}>,CC#N,CCCCOCCCC,openff-2.2.1-ashgc,3,0.7593353785641791,0.0002098243738418,0.7653000000000001,0.00028
26582,2327,dens_2211436825174998797,17,Density,<Substance CC#N{solv}{x=0.509800}|CCCCOCCCC{solv}{x=0.490200}>,CC#N,CCCCOCCCC,openff-2.2.1-ashgc,3,0.7635158967307973,0.0002300751544565,0.7671500000000001,0.00026
26583,2328,dens_1820034175228694,18,Density,<Substance C1CCCCC1{solv}{x=0.540900}|CN1CCCC1=O{solv}{x=0.459100}>,C1CCCCC1,CN1CCCC1=O,openff-2.2.1-ashgc,3,0.8506938574060913,0.0002178422213283,0.8757100000000002,0.000335
26584,2329,dhmix_1335365307191460458,19,EnthalpyOfMixing,<Substance C1CCCCC1{solv}{x=0.751800}|CN1CCCC1=O{solv}{x=0.248200}>,C1CCCCC1,CN1CCCC1=O,openff-2.2.1-ashgc,3,1.4823343581415998,0.0465914254711615,1.1998,0.01285
26585,2330,dens_1375048033230012198,20,Density,<Substance C1CCCCC1{solv}{x=0.733200}|CN1CCCC1=O{solv}{x=0.266800}>,C1CCCCC1,CN1CCCC1=O,openff-2.2.1-ashgc,3,0.8046383634373703,0.0002354607033613,0.8287300000000002,0.0004
26586,2331,dhmix_1563298635135474599,21,EnthalpyOfMixing,<Substance C1CCCCC1{solv}{x=0.278900}|CN1CCCC1=O{solv}{x=0.721100}>,C1CCCCC1,CN1CCCC1=O,openff-2.2.1-ashgc,3,1.5078853008531323,0.0460066386719711,1.2061,0.0129
26587,2332,dens_1606235786379262481,22,Density,<Substance C1CCCCC1{solv}{x=0.227500}|CN1CCCC1=O{solv}{x=0.772500}>,C1CCCCC1,CN1CCCC1=O,openff-2.2.1-ashgc,3,0.9314025646365294,0.0002225683405992,0.9583800000000002,0.000245
26588,2333,dhmix_1683219349338278021,23,EnthalpyOfMixing,<Substance C1CCCCC1{solv}{x=0.473400}|CN1CCCC1=O{solv}{x=0.526600}>,C1CCCCC1,CN1CCCC1=O,openff-2.2.1-ashgc,3,1.6977883191947782,0.0421415870886033,1.4691,0.0157
26589,2334,dens_4438302718372985,24,Density,<Substance BrCCCCBr{solv}{x=0.717000}|COC=O{solv}{x=0.283000}>,BrCCCCBr,COC=O,openff-2.2.1-ashgc,3,1.6289361786384733,0.0004634185205269,1.6702600000000003,0.00259
26590,2335,dhmix_369816950910078034,25,EnthalpyOfMixing,<Substance BrCCCCBr{solv}{x=0.778200}|COC=O{solv}{x=0.221800}>,BrCCCCBr,COC=O,openff-2.2.1-ashgc,3,0.7429379092847839,0.0423605814192778,0.6355,0.0057
26591,2336,dens_460757700461114532,26,Density,<Substance BrCCCCBr{solv}{x=0.495800}|COC=O{solv}{x=0.504200}>,BrCCCCBr,COC=O,openff-2.2.1-ashgc,3,1.4965512406289163,0.0004387088699871,1.5176800000000004,0.001885
26592,2337,dhmix_1496821399278454353,27,EnthalpyOfMixing,<Substance BrCCCCBr{solv}{x=0.265400}|COC=O{solv}{x=0.734600}>,BrCCCCBr,COC=O,openff-2.2.1-ashgc,3,0.8969276792334302,0.0276790010429147,0.8185,0.00715
26593,2338,dens_1750413656870357630,28,Density,<Substance BrCCCCBr{solv}{x=0.225800}|COC=O{solv}{x=0.774200}>,BrCCCCBr,COC=O,openff-2.2.1-ashgc,3,1.2726724444417312,0.0003799350494501,1.2671300000000003,0.00104
26594,2339,dhmix_1802862930607761431,29,EnthalpyOfMixing,<Substance BrCCCCBr{solv}{x=0.482000}|COC=O{solv}{x=0.518000}>,BrCCCCBr,COC=O,openff-2.2.1-ashgc,3,1.2220245140804913,0.0344099173299626,1.0243,0.0087
26595,2340,dhmix_8447570649359775,30,EnthalpyOfMixing,<Substance OCCO{solv}{x=0.481700}|OCc1ccccc1{solv}{x=0.518300}>,OCCO,OCc1ccccc1,openff-2.2.1-ashgc,3,0.1916509849614058,0.0410831263247718,0.201,0.00465
26596,2341,dens_824372741354282107,31,Density,<Substance OCCO{solv}{x=0.505700}|OCc1ccccc1{solv}{x=0.494300}>,OCCO,OCc1ccccc1,openff-2.2.1-ashgc,3,1.0540105146047916,0.0002598600619637,1.0579000000000005,0.00027
26597,2342,dens_1105173553343721111,32,Density,<Substance OCCO{solv}{x=0.737100}|OCc1ccccc1{solv}{x=0.262900}>,OCCO,OCc1ccccc1,openff-2.2.1-ashgc,3,1.0751782585722045,0.000323548405979,1.0753200000000005,0.000275
26598,2343,dhmix_1362282802315816638,33,EnthalpyOfMixing,<Substance OCCO{solv}{x=0.736100}|OCc1ccccc1{solv}{x=0.263900}>,OCCO,OCc1ccccc1,openff-2.2.1-ashgc,3,0.1213174707994255,0.041877257098369,0.1383,0.0037
26599,2344,dhmix_1666683879028583081,34,EnthalpyOfMixing,<Substance OCCO{solv}{x=0.236500}|OCc1ccccc1{solv}{x=0.763500}>,OCCO,OCc1ccccc1,openff-2.2.1-ashgc,3,0.0890946161844823,0.044769094487729,0.209,0.0048
26600,2345,dens_1698159396404241323,35,Density,<Substance OCCO{solv}{x=0.262200}|OCc1ccccc1{solv}{x=0.737800}>,OCCO,OCc1ccccc1,openff-2.2.1-ashgc,3,1.0381843537377775,0.0002066355386439,1.0442900000000002,0.000265
26601,2346,dens_8507121971977381,36,Density,<Substance CCOC(C)(C)C{solv}{x=0.505000}|Cc1ccccc1{solv}{x=0.495000}>,CCOC(C)(C)C,Cc1ccccc1,openff-2.2.1-ashgc,3,0.7928999260844152,0.0002326361911218,0.7937390000000002,0.000467
26602,2347,dens_499290591626962121,37,Density,<Substance CCOC(C)(C)C{solv}{x=0.217000}|Cc1ccccc1{solv}{x=0.783000}>,CCOC(C)(C)C,Cc1ccccc1,openff-2.2.1-ashgc,3,0.8221234447585735,0.0002240588976604,0.8314450000000002,0.000411
26603,2348,dhmix_820491025608256793,38,EnthalpyOfMixing,<Substance CCOC(C)(C)C{solv}{x=0.501900}|Cc1ccccc1{solv}{x=0.498100}>,CCOC(C)(C)C,Cc1ccccc1,openff-2.2.1-ashgc,3,-0.2896066101407868,0.0451550407776468,-0.046,0.00055
26604,2349,dhmix_1374163681483564129,39,EnthalpyOfMixing,<Substance CCOC(C)(C)C{solv}{x=0.248900}|Cc1ccccc1{solv}{x=0.751100}>,CCOC(C)(C)C,Cc1ccccc1,openff-2.2.1-ashgc,3,-0.2121049198481515,0.0431382199187188,-0.0324,0.0005
26605,2350,dens_1904998692863983733,40,Density,<Substance CCOC(C)(C)C{solv}{x=0.701000}|Cc1ccccc1{solv}{x=0.299000}>,CCOC(C)(C)C,Cc1ccccc1,openff-2.2.1-ashgc,3,0.7743619671606575,0.0002074930991169,0.7696300000000001,0.000503
26606,2351,dhmix_1982853461678580310,41,EnthalpyOfMixing,<Substance CCOC(C)(C)C{solv}{x=0.749500}|Cc1ccccc1{solv}{x=0.250500}>,CCOC(C)(C)C,Cc1ccccc1,openff-2.2.1-ashgc,3,-0.1563809972029375,0.0385501351808326,-0.0348,0.0005
26607,2352,dhmix_13624411991961099,42,EnthalpyOfMixing,<Substance C1CCOCC1{solv}{x=0.237900}|Cc1ccccc1N{solv}{x=0.762100}>,C1CCOCC1,Cc1ccccc1N,openff-2.2.1-ashgc,3,-0.1073275103798474,0.0360953866806367,-0.3658,0.004
26608,2353,dhmix_510299013171775812,43,EnthalpyOfMixing,<Substance C1CCOCC1{solv}{x=0.741000}|Cc1ccccc1N{solv}{x=0.259000}>,C1CCOCC1,Cc1ccccc1N,openff-2.2.1-ashgc,3,-0.1229410029560256,0.047777616808349,-0.4892,0.0053
26609,2354,dhmix_1337006691942958969,44,EnthalpyOfMixing,<Substance C1CCOCC1{solv}{x=0.490100}|Cc1ccccc1N{solv}{x=0.509900}>,C1CCOCC1,Cc1ccccc1N,openff-2.2.1-ashgc,3,-0.1973755566030135,0.0418732595370016,-0.5715,0.0062
26610,2355,dens_1448062547628404156,45,Density,<Substance C1CCOCC1{solv}{x=0.727900}|Cc1ccccc1N{solv}{x=0.272100}>,C1CCOCC1,Cc1ccccc1N,openff-2.2.1-ashgc,3,0.9107939322565992,0.0002361040454378,0.91866,0.000285
26611,2356,dens_2171966897328079405,46,Density,<Substance C1CCOCC1{solv}{x=0.498600}|Cc1ccccc1N{solv}{x=0.501400}>,C1CCOCC1,Cc1ccccc1N,openff-2.2.1-ashgc,3,0.9443652668200908,0.0003296433269687,0.9459860000000002,0.0002275
26612,2357,dens_2201621104799327758,47,Density,<Substance C1CCOCC1{solv}{x=0.229700}|Cc1ccccc1N{solv}{x=0.770300}>,C1CCOCC1,Cc1ccccc1N,openff-2.2.1-ashgc,3,0.9822245010638888,0.0002131883882188,0.9734540000000002,0.000164
26613,2358,dens_15008167137789802,48,Density,<Substance CCCCCl{solv}{x=0.299200}|CN(C)C=O{solv}{x=0.700800}>,CCCCCl,CN(C)C=O,openff-2.2.1-ashgc,3,0.8974357987219664,0.0002911068321824,0.9218000000000002,0.0002
26614,2359,dens_550868133232739009,49,Density,<Substance CCCCCl{solv}{x=0.701200}|CN(C)C=O{solv}{x=0.298800}>,CCCCCl,CN(C)C=O,openff-2.2.1-ashgc,3,0.8728095220618809,0.000315120289079,0.8963000000000002,0.0002
26615,2360,dhmix_1315230298567753558,50,EnthalpyOfMixing,<Substance CCCCCl{solv}{x=0.793000}|CN(C)C=O{solv}{x=0.207000}>,CCCCCl,CN(C)C=O,openff-2.2.1-ashgc,3,0.6612749227629351,0.0405062279678504,0.404,0.003
26616,2361,dhmix_1929975181819720491,51,EnthalpyOfMixing,<Substance CCCCCl{solv}{x=0.493000}|CN(C)C=O{solv}{x=0.507000}>,CCCCCl,CN(C)C=O,openff-2.2.1-ashgc,3,0.9189703385724144,0.0365577795195941,0.571,0.003
26617,2362,dhmix_1976787548784045784,52,EnthalpyOfMixing,<Substance CCCCCl{solv}{x=0.295000}|CN(C)C=O{solv}{x=0.705000}>,CCCCCl,CN(C)C=O,openff-2.2.1-ashgc,3,0.7096086119284024,0.0378145528848761,0.467,0.003
26618,2363,dens_2008819185276371643,53,Density,<Substance CCCCCl{solv}{x=0.499000}|CN(C)C=O{solv}{x=0.501000}>,CCCCCl,CN(C)C=O,openff-2.2.1-ashgc,3,0.8849904465671762,0.0002895681728155,0.9086000000000002,0.0002
26619,2364,dens_16755306936326197,54,Density,<Substance Cc1ccccc1N{solv}{x=0.255700}|Cc1ccccn1{solv}{x=0.744300}>,Cc1ccccc1N,Cc1ccccn1,openff-2.2.1-ashgc,3,0.962165295609668,0.0001996091269395,0.9597930000000002,0.000307
26620,2365,dens_238666738854407136,55,Density,<Substance Cc1ccccc1N{solv}{x=0.514600}|Cc1ccccn1{solv}{x=0.485400}>,Cc1ccccc1N,Cc1ccccn1,openff-2.2.1-ashgc,3,0.98188538645207,0.0002483830884804,0.9748990000000002,0.0002315
26621,2366,dhmix_1909144841681931250,56,EnthalpyOfMixing,<Substance Cc1ccccc1N{solv}{x=0.488200}|Cc1ccccn1{solv}{x=0.511800}>,Cc1ccccc1N,Cc1ccccn1,openff-2.2.1-ashgc,3,-1.796188706658306,0.0406255223276546,-1.4976,0.0305
26622,2367,dens_1945534954282706534,57,Density,<Substance Cc1ccccc1N{solv}{x=0.757100}|Cc1ccccn1{solv}{x=0.242900}>,Cc1ccccc1N,Cc1ccccn1,openff-2.2.1-ashgc,3,0.997691499435338,0.0002313781376635,0.9854410000000002,0.000169
26623,2368,dhmix_2038606904928978856,58,EnthalpyOfMixing,<Substance Cc1ccccc1N{solv}{x=0.782100}|Cc1ccccn1{solv}{x=0.217900}>,Cc1ccccc1N,Cc1ccccn1,openff-2.2.1-ashgc,3,-1.1136592836582864,0.0516344069492957,-0.8656,0.01775
26624,2369,dhmix_2125558080831870503,59,EnthalpyOfMixing,<Substance Cc1ccccc1N{solv}{x=0.273600}|Cc1ccccn1{solv}{x=0.726400}>,Cc1ccccc1N,Cc1ccccn1,openff-2.2.1-ashgc,3,-1.5556036767067596,0.0489571358439849,-1.2462,0.0254
26625,2370,dens_19028061622240549,60,Density,<Substance CN(C)CCO{solv}{x=0.296200}|CO{solv}{x=0.703800}>,CN(C)CCO,CO,openff-2.2.1-ashgc,3,0.8357175981433062,0.0003253093060718,0.8506500000000001,0.00014
26626,2371,dens_186649390549115907,61,Density,<Substance CN(C)CCO{solv}{x=0.502000}|CO{solv}{x=0.498000}>,CN(C)CCO,CO,openff-2.2.1-ashgc,3,0.8615560031328838,0.0002585805870449,0.8684000000000002,0.000155
26627,2372,dhmix_1453612193040378117,62,EnthalpyOfMixing,<Substance CN(C)CCO{solv}{x=0.497200}|CO{solv}{x=0.502800}>,CN(C)CCO,CO,openff-2.2.1-ashgc,3,-1.624572529305965,0.030009764227016,-0.8673,0.00935
26628,2373,dens_1978392691277508278,63,Density,<Substance CN(C)CCO{solv}{x=0.707500}|CO{solv}{x=0.292500}>,CN(C)CCO,CO,openff-2.2.1-ashgc,3,0.8761474810083125,0.000290330240601,0.8766100000000002,0.00017
26629,2374,dhmix_2113387918969192804,64,EnthalpyOfMixing,<Substance CN(C)CCO{solv}{x=0.247900}|CO{solv}{x=0.752100}>,CN(C)CCO,CO,openff-2.2.1-ashgc,3,-1.396907758411558,0.0304456312689674,-0.8057,0.0087
26630,2375,dhmix_2220842061395014218,65,EnthalpyOfMixing,<Substance CN(C)CCO{solv}{x=0.750600}|CO{solv}{x=0.249400}>,CN(C)CCO,CO,openff-2.2.1-ashgc,3,-1.1925787018774372,0.0455629071299043,-0.5322,0.00585
26631,2376,dhmix_21994921667950318,66,EnthalpyOfMixing,<Substance C=CCCCC{solv}{x=0.500100}|CCCO{solv}{x=0.499900}>,C=CCCCC,CCCO,openff-2.2.1-ashgc,3,0.7769751867512369,0.0416868850190824,0.595,0.0055
26632,2377,dens_62854823056490751,67,Density,<Substance C=CCCCC{solv}{x=0.150300}|CCCO{solv}{x=0.849700}>,C=CCCCC,CCCO,openff-2.2.1-ashgc,3,0.7587537868037079,0.0002884013593666,0.7704980000000002,0.0001845
26633,2378,dens_294296714501123310,68,Density,<Substance C=CCCCC{solv}{x=0.499100}|CCCO{solv}{x=0.500900}>,C=CCCCC,CCCO,openff-2.2.1-ashgc,3,0.6981748400974429,0.0002665942870278,0.7176450000000002,0.0002145
26634,2379,dhmix_829065315899278784,69,EnthalpyOfMixing,<Substance C=CCCCC{solv}{x=0.750000}|CCCO{solv}{x=0.250000}>,C=CCCCC,CCCO,openff-2.2.1-ashgc,3,0.9139386535861148,0.0432405313497996,0.682,0.006
26635,2380,dens_2024397702416079279,70,Density,<Substance C=CCCCC{solv}{x=0.745600}|CCCO{solv}{x=0.254400}>,C=CCCCC,CCCO,openff-2.2.1-ashgc,3,0.6663836729527823,0.0002726023676611,0.6899770000000002,0.0002305
26636,2381,dhmix_2167083041249157622,71,EnthalpyOfMixing,<Substance C=CCCCC{solv}{x=0.150100}|CCCO{solv}{x=0.849900}>,C=CCCCC,CCCO,openff-2.2.1-ashgc,3,0.2940810444422794,0.0372506369212679,0.192,0.005
26637,2382,dhmix_22428169890990447,72,EnthalpyOfMixing,<Substance CC1(C)C(=O)[C@]2(C)CC[C@H]1C2{solv}{x=0.286000}|CCO{solv}{x=0.714000}>,CC1(C)C(=O)[C@]2(C)CC[C@H]1C2,CCO,openff-2.2.1-ashgc,3,0.4911299135885087,0.0407511976100608,0.876,0.0265
26638,2383,dhmix_57626661746168078,73,EnthalpyOfMixing,<Substance CC1(C)C(=O)[C@]2(C)CC[C@H]1C2{solv}{x=0.701000}|CCO{solv}{x=0.299000}>,CC1(C)C(=O)[C@]2(C)CC[C@H]1C2,CCO,openff-2.2.1-ashgc,3,0.6131892490100483,0.0515165131360784,1.0,0.0305
26639,2384,dhmix_287041928444283276,74,EnthalpyOfMixing,<Substance CC1(C)C(=O)[C@]2(C)CC[C@H]1C2{solv}{x=0.488000}|CCO{solv}{x=0.512000}>,CC1(C)C(=O)[C@]2(C)CC[C@H]1C2,CCO,openff-2.2.1-ashgc,3,0.7433529381184485,0.0416693391768427,1.109,0.0335
26640,2385,dens_618487453946854895,75,Density,<Substance CC1(C)C(=O)[C@]2(C)CC[C@H]1C2{solv}{x=0.501200}|CCO{solv}{x=0.498800}>,CC1(C)C(=O)[C@]2(C)CC[C@H]1C2,CCO,openff-2.2.1-ashgc,3,0.9045970046188804,0.0002597756158616,0.9005900000000002,5.5000000000000016e-05
26641,2386,dens_1408969463542558504,76,Density,<Substance CC1(C)C(=O)[C@]2(C)CC[C@H]1C2{solv}{x=0.789700}|CCO{solv}{x=0.210300}>,CC1(C)C(=O)[C@]2(C)CC[C@H]1C2,CCO,openff-2.2.1-ashgc,3,0.9339835379028936,0.0002288004692824,0.9274800000000002,6.0000000000000015e-05
26642,2387,dens_2053919413592536040,77,Density,<Substance CC1(C)C(=O)[C@]2(C)CC[C@H]1C2{solv}{x=0.200200}|CCO{solv}{x=0.799800}>,CC1(C)C(=O)[C@]2(C)CC[C@H]1C2,CCO,openff-2.2.1-ashgc,3,0.8508690523789026,0.000272155254298,0.8499000000000002,6.500000000000002e-05
26643,2388,dhmix_24700325920498635,78,EnthalpyOfMixing,<Substance CCC(C)(C)O{solv}{x=0.799400}|CCOC(C)(C)CC{solv}{x=0.200600}>,CCC(C)(C)O,CCOC(C)(C)CC,openff-2.2.1-ashgc,3,0.6331387035637874,0.0543597009757126,0.448,0.0073
26644,2389,dhmix_252628078473967793,79,EnthalpyOfMixing,<Substance CCC(C)(C)O{solv}{x=0.299700}|CCOC(C)(C)CC{solv}{x=0.700300}>,CCC(C)(C)O,CCOC(C)(C)CC,openff-2.2.1-ashgc,3,0.843640601536535,0.0501719910359175,0.9727,0.0132
26645,2390,dens_281609537293621351,80,Density,<Substance CCC(C)(C)O{solv}{x=0.799400}|CCOC(C)(C)CC{solv}{x=0.200600}>,CCC(C)(C)O,CCOC(C)(C)CC,openff-2.2.1-ashgc,3,0.8019180671212232,0.0003779084308702,0.7932000000000002,0.00025
26646,2391,dhmix_980734994193955874,81,EnthalpyOfMixing,<Substance CCC(C)(C)O{solv}{x=0.498700}|CCOC(C)(C)CC{solv}{x=0.501300}>,CCC(C)(C)O,CCOC(C)(C)CC,openff-2.2.1-ashgc,3,0.9597236051214963,0.0392151494062925,0.8937,0.01225
26647,2392,dens_1165049856972872340,82,Density,<Substance CCC(C)(C)O{solv}{x=0.498700}|CCOC(C)(C)CC{solv}{x=0.501300}>,CCC(C)(C)O,CCOC(C)(C)CC,openff-2.2.1-ashgc,3,0.7835624381992538,0.0002103674399563,0.7789000000000001,0.0002
26648,2393,dens_2297026976830009992,83,Density,<Substance CCC(C)(C)O{solv}{x=0.299700}|CCOC(C)(C)CC{solv}{x=0.700300}>,CCC(C)(C)O,CCOC(C)(C)CC,openff-2.2.1-ashgc,3,0.7736248221169391,0.0001555327545908,0.7709000000000001,0.0002
26649,2394,dens_25810987980199799,84,Density,<Substance CCCCCC{solv}{x=0.158800}|Cc1ccccc1{solv}{x=0.841200}>,CCCCCC,Cc1ccccc1,openff-2.2.1-ashgc,3,0.8058531157406926,0.0002447921082319,0.8226300000000002,0.000335
26650,2395,dens_574637447996217594,85,Density,<Substance CCCCCC{solv}{x=0.501100}|Cc1ccccc1{solv}{x=0.498900}>,CCCCCC,Cc1ccccc1,openff-2.2.1-ashgc,3,0.7315401212149601,0.0002566137975062,0.7484400000000002,0.00015
26651,2396,dhmix_1373657903424456878,86,EnthalpyOfMixing,<Substance CCCCCC{solv}{x=0.158600}|Cc1ccccc1{solv}{x=0.841400}>,CCCCCC,Cc1ccccc1,openff-2.2.1-ashgc,3,0.326919033026698,0.0411710744355988,0.3163,0.0043
26652,2397,dhmix_1383995974797334848,87,EnthalpyOfMixing,<Substance CCCCCC{solv}{x=0.472300}|Cc1ccccc1{solv}{x=0.527700}>,CCCCCC,Cc1ccccc1,openff-2.2.1-ashgc,3,0.7632851475898974,0.0428729818890592,0.5467,0.00715
26653,2398,dhmix_1412344026798360911,88,EnthalpyOfMixing,<Substance CCCCCC{solv}{x=0.748400}|Cc1ccccc1{solv}{x=0.251600}>,CCCCCC,Cc1ccccc1,openff-2.2.1-ashgc,3,0.4694413746346981,0.0428233294627194,0.393,0.00525
26654,2399,dens_2241575426887298365,89,Density,<Substance CCCCCC{solv}{x=0.733800}|Cc1ccccc1{solv}{x=0.266200}>,CCCCCC,Cc1ccccc1,openff-2.2.1-ashgc,3,0.6862605011796673,0.0001735749612102,0.7020900000000002,0.000305
26655,2400,dens_27241401908451167,90,Density,<Substance CN(C)C=O{solv}{x=0.503500}|Cc1ccccc1Cl{solv}{x=0.496500}>,CN(C)C=O,Cc1ccccc1Cl,openff-2.2.1-ashgc,3,1.0076234186447754,0.000280547017095,1.0247000000000004,0.0005
26656,2401,dhmix_674882857451857086,91,EnthalpyOfMixing,<Substance CN(C)C=O{solv}{x=0.511800}|Cc1ccccc1Cl{solv}{x=0.488200}>,CN(C)C=O,Cc1ccccc1Cl,openff-2.2.1-ashgc,3,0.20789876573469,0.0430560117393915,0.545,0.006
26657,2402,dens_818042132181297482,92,Density,<Substance CN(C)C=O{solv}{x=0.751200}|Cc1ccccc1Cl{solv}{x=0.248800}>,CN(C)C=O,Cc1ccccc1Cl,openff-2.2.1-ashgc,3,0.967622670050791,0.0002735789208342,0.9898800000000002,0.0005
26658,2403,dens_861365281257265917,93,Density,<Substance CN(C)C=O{solv}{x=0.273700}|Cc1ccccc1Cl{solv}{x=0.726300}>,CN(C)C=O,Cc1ccccc1Cl,openff-2.2.1-ashgc,3,1.027216401599284,0.0002879298304056,1.0415000000000003,0.0005
26659,2404,dhmix_1670364528496870559,94,EnthalpyOfMixing,<Substance CN(C)C=O{solv}{x=0.767900}|Cc1ccccc1Cl{solv}{x=0.232100}>,CN(C)C=O,Cc1ccccc1Cl,openff-2.2.1-ashgc,3,0.1695668899381175,0.0424660395377816,0.436,0.005
26660,2405,dhmix_1992689527814967541,95,EnthalpyOfMixing,<Substance CN(C)C=O{solv}{x=0.274300}|Cc1ccccc1Cl{solv}{x=0.725700}>,CN(C)C=O,Cc1ccccc1Cl,openff-2.2.1-ashgc,3,0.1267379347385713,0.04870568845388,0.373,0.004
26661,2406,dens_29213618499921464,96,Density,<Substance C1CCOCC1{solv}{x=0.254000}|O=C1CCCCCC1{solv}{x=0.746000}>,C1CCOCC1,O=C1CCCCCC1,openff-2.2.1-ashgc,3,0.9086348616377982,0.0001664737478597,0.9355100000000002,0.00051
26662,2407,dens_468319504030932569,97,Density,<Substance C1CCOCC1{solv}{x=0.498600}|O=C1CCCCCC1{solv}{x=0.501400}>,C1CCOCC1,O=C1CCCCCC1,openff-2.2.1-ashgc,3,0.8962357035484482,0.0001815884743447,0.9211200000000004,0.00051
26663,2408,dens_1174890511154571939,98,Density,<Substance C1CCOCC1{solv}{x=0.768600}|O=C1CCCCCC1{solv}{x=0.231400}>,C1CCOCC1,O=C1CCCCCC1,openff-2.2.1-ashgc,3,0.8810685394633898,0.0001487035635961,0.9012200000000002,0.000505
26664,2409,dens_30084818585402677,99,Density,<Substance CC(=O)N(C)C{solv}{x=0.700600}|ClCCCCCCCl{solv}{x=0.299400}>,CC(=O)N(C)C,ClCCCCCCCl,openff-2.2.1-ashgc,3,0.958427301338385,0.0002207560526678,0.9853000000000002,0.00175
26665,2410,dhmix_384619296407103076,100,EnthalpyOfMixing,<Substance CC(=O)N(C)C{solv}{x=0.504000}|ClCCCCCCCl{solv}{x=0.496000}>,CC(=O)N(C)C,ClCCCCCCCl,openff-2.2.1-ashgc,3,0.2124200839836802,0.0422036980226598,0.09,0.002
26666,2411,dens_539464371986972328,101,Density,<Substance CC(=O)N(C)C{solv}{x=0.494300}|ClCCCCCCCl{solv}{x=0.505700}>,CC(=O)N(C)C,ClCCCCCCCl,openff-2.2.1-ashgc,3,0.9926635946114714,0.0002125011483764,1.0123000000000002,0.0016
26667,2412,dhmix_1114659247517686326,102,EnthalpyOfMixing,<Substance CC(=O)N(C)C{solv}{x=0.798000}|ClCCCCCCCl{solv}{x=0.202000}>,CC(=O)N(C)C,ClCCCCCCCl,openff-2.2.1-ashgc,3,0.1431228615543851,0.0457110481176423,0.067,0.002
26668,2413,dhmix_1410583096030633514,103,EnthalpyOfMixing,<Substance CC(=O)N(C)C{solv}{x=0.212000}|ClCCCCCCCl{solv}{x=0.788000}>,CC(=O)N(C)C,ClCCCCCCCl,openff-2.2.1-ashgc,3,0.1509191317047395,0.0523883202205203,0.04,0.002
26669,2414,dens_2244909992725638206,104,Density,<Substance CC(=O)N(C)C{solv}{x=0.300200}|ClCCCCCCCl{solv}{x=0.699800}>,CC(=O)N(C)C,ClCCCCCCCl,openff-2.2.1-ashgc,3,1.02030159447764,0.000235761836327,1.0345000000000002,0.0015
26670,2415,dhmix_35301006695188726,105,EnthalpyOfMixing,<Substance CCOC(=O)C(C)C{solv}{x=0.289000}|CO{solv}{x=0.711000}>,CCOC(=O)C(C)C,CO,openff-2.2.1-ashgc,3,0.3010605155159283,0.0329486303692669,0.488,0.0035
26671,2416,dens_508877804306927207,106,Density,<Substance CCOC(=O)C(C)C{solv}{x=0.499000}|CO{solv}{x=0.501000}>,CCOC(=O)C(C)C,CO,openff-2.2.1-ashgc,3,0.8401120210569382,0.0002857803918258,0.8414100000000002,0.00011
26672,2417,dens_1201422771202741625,107,Density,<Substance CCOC(=O)C(C)C{solv}{x=0.199600}|CO{solv}{x=0.800400}>,CCOC(=O)C(C)C,CO,openff-2.2.1-ashgc,3,0.8053860983444711,0.0003493367085563,0.8173600000000002,0.000115
26673,2418,dhmix_1951183536432642425,108,EnthalpyOfMixing,<Substance CCOC(=O)C(C)C{solv}{x=0.480000}|CO{solv}{x=0.520000}>,CCOC(=O)C(C)C,CO,openff-2.2.1-ashgc,3,0.3567511314140645,0.0363646795910925,0.671,0.0045
26674,2419,dens_1998368384671748308,109,Density,<Substance CCOC(=O)C(C)C{solv}{x=0.703000}|CO{solv}{x=0.297000}>,CCOC(=O)C(C)C,CO,openff-2.2.1-ashgc,3,0.8529168580475097,0.0002414972316679,0.8501200000000002,0.00011
26675,2420,dhmix_2200604492347455092,110,EnthalpyOfMixing,<Substance CCOC(=O)C(C)C{solv}{x=0.771000}|CO{solv}{x=0.229000}>,CCOC(=O)C(C)C,CO,openff-2.2.1-ashgc,3,0.3330971721545666,0.0476308517958712,0.632,0.0045
26676,2421,dhmix_39159150320919359,111,EnthalpyOfMixing,<Substance CCO{solv}{x=0.799700}|Cc1cccc(O)c1{solv}{x=0.200300}>,CCO,Cc1cccc(O)c1,openff-2.2.1-ashgc,3,-0.7389809336493283,0.0333291219527422,-0.79199,0.011965
26677,2422,dens_410843938837220593,112,Density,<Substance CCO{solv}{x=0.263700}|Cc1cccc(O)c1{solv}{x=0.736300}>,CCO,Cc1cccc(O)c1,openff-2.2.1-ashgc,3,0.9865330884834368,0.0002525967336802,0.9852300000000004,0.0006
26678,2423,dhmix_1115402835538407874,113,EnthalpyOfMixing,<Substance CCO{solv}{x=0.212500}|Cc1cccc(O)c1{solv}{x=0.787500}>,CCO,Cc1cccc(O)c1,openff-2.2.1-ashgc,3,-0.8295204616387153,0.0453267309830026,-0.68742,0.01275
26679,2424,dens_1359111234216199895,114,Density,<Substance CCO{solv}{x=0.472400}|Cc1cccc(O)c1{solv}{x=0.527600}>,CCO,Cc1cccc(O)c1,openff-2.2.1-ashgc,3,0.9492273678238294,0.0002406833054859,0.9446300000000002,0.0006
26680,2425,dens_1590314985481219627,115,Density,<Substance CCO{solv}{x=0.781700}|Cc1cccc(O)c1{solv}{x=0.218300}>,CCO,Cc1cccc(O)c1,openff-2.2.1-ashgc,3,0.8680120229727706,0.0002834198314433,0.8631500000000002,0.000605
26681,2426,dhmix_1871939727966182523,116,EnthalpyOfMixing,<Substance CCO{solv}{x=0.413900}|Cc1cccc(O)c1{solv}{x=0.586100}>,CCO,Cc1cccc(O)c1,openff-2.2.1-ashgc,3,-1.1030542502034777,0.03227106983447,-1.14624,0.00985
26682,2427,dens_42678158079716854,117,Density,<Substance CN1CCCC1=O{solv}{x=0.937492}|c1ccccc1{solv}{x=0.062508}>,CN1CCCC1=O,c1ccccc1,openff-2.2.1-ashgc,3,0.990868286636026,0.0001597788059069,1.0204500000000003,3.500000000000001e-05
26683,2428,dens_252520620125458637,118,Density,<Substance CN1CCCC1=O{solv}{x=0.513500}|c1ccccc1{solv}{x=0.486500}>,CN1CCCC1=O,c1ccccc1,openff-2.2.1-ashgc,3,0.945027778534672,0.0002510215231711,0.9684700000000004,0.00018
26684,2429,dhmix_524477957640851666,119,EnthalpyOfMixing,<Substance CN1CCCC1=O{solv}{x=0.235600}|c1ccccc1{solv}{x=0.764400}>,CN1CCCC1=O,c1ccccc1,openff-2.2.1-ashgc,3,-0.2400477569128085,0.0414690544416623,-0.3684,0.00405
26685,2430,dhmix_1475629358723962160,120,EnthalpyOfMixing,<Substance CN1CCCC1=O{solv}{x=0.546700}|c1ccccc1{solv}{x=0.453300}>,CN1CCCC1=O,c1ccccc1,openff-2.2.1-ashgc,3,-0.1865739533848653,0.0402943303658695,-0.4943,0.00535
26686,2431,dens_2041306780823594960,121,Density,<Substance CN1CCCC1=O{solv}{x=0.252400}|c1ccccc1{solv}{x=0.747600}>,CN1CCCC1=O,c1ccccc1,openff-2.2.1-ashgc,3,0.8967535792244727,0.0002700643685128,0.9163300000000004,0.00029
26687,2432,dhmix_2156508970935294660,122,EnthalpyOfMixing,<Substance CN1CCCC1=O{solv}{x=0.741100}|c1ccccc1{solv}{x=0.258900}>,CN1CCCC1=O,c1ccccc1,openff-2.2.1-ashgc,3,-0.0690669051614953,0.0444084611868339,-0.3841,0.0042
26688,2433,dhmix_44217680865702366,123,EnthalpyOfMixing,<Substance CC(=O)c1ccccc1{solv}{x=0.200100}|CC(C)O{solv}{x=0.799900}>,CC(=O)c1ccccc1,CC(C)O,openff-2.2.1-ashgc,3,0.8142679743459094,0.0408449453115937,1.1352,0.0124
26689,2434,dens_91454082453656404,124,Density,<Substance CC(=O)c1ccccc1{solv}{x=0.756100}|CC(C)O{solv}{x=0.243900}>,CC(=O)c1ccccc1,CC(C)O,openff-2.2.1-ashgc,3,0.9685973133351228,0.0001818044557719,0.9823500000000004,0.000175
26690,2435,dens_152869924254680766,125,Density,<Substance CC(=O)c1ccccc1{solv}{x=0.251700}|CC(C)O{solv}{x=0.748300}>,CC(=O)c1ccccc1,CC(C)O,openff-2.2.1-ashgc,3,0.8695385366101669,0.0002590874841733,0.8654400000000002,0.000245
26691,2436,dhmix_1214494501247401592,126,EnthalpyOfMixing,<Substance CC(=O)c1ccccc1{solv}{x=0.499600}|CC(C)O{solv}{x=0.500400}>,CC(=O)c1ccccc1,CC(C)O,openff-2.2.1-ashgc,3,1.1769853413244782,0.0405328799456599,1.5703,0.0169
26692,2437,dhmix_1482394504883204224,127,EnthalpyOfMixing,<Substance CC(=O)c1ccccc1{solv}{x=0.700600}|CC(C)O{solv}{x=0.299400}>,CC(=O)c1ccccc1,CC(C)O,openff-2.2.1-ashgc,3,0.9227591053071365,0.0435010650967025,1.3758,0.01485
26693,2438,dens_1804860114822214449,128,Density,<Substance CC(=O)c1ccccc1{solv}{x=0.534500}|CC(C)O{solv}{x=0.465500}>,CC(=O)c1ccccc1,CC(C)O,openff-2.2.1-ashgc,3,0.931184669123165,0.0002241297818441,0.9375600000000002,0.0002
26694,2439,dhmix_47323681380989568,129,EnthalpyOfMixing,<Substance CCCCCCCCCl{solv}{x=0.498000}|CN(C)C=O{solv}{x=0.502000}>,CCCCCCCCCl,CN(C)C=O,openff-2.2.1-ashgc,3,1.3777703170539723,0.0427994972773875,1.087,0.0045
26695,2440,dhmix_620291288515939248,130,EnthalpyOfMixing,<Substance CCCCCCCCCl{solv}{x=0.790000}|CN(C)C=O{solv}{x=0.210000}>,CCCCCCCCCl,CN(C)C=O,openff-2.2.1-ashgc,3,0.8513358390020471,0.0515777397579193,0.68,0.0045
26696,2441,dens_1830564734879843336,131,Density,<Substance CCCCCCCCCl{solv}{x=0.733100}|CN(C)C=O{solv}{x=0.266900}>,CCCCCCCCCl,CN(C)C=O,openff-2.2.1-ashgc,3,0.8658161756271889,0.0001915006579665,0.8779000000000002,0.00045
26697,2442,dens_1865569264533219410,132,Density,<Substance CCCCCCCCCl{solv}{x=0.500800}|CN(C)C=O{solv}{x=0.499200}>,CCCCCCCCCl,CN(C)C=O,openff-2.2.1-ashgc,3,0.8757271726237297,0.0002209238646033,0.8897000000000003,0.0004
26698,2443,dens_1893252821735673677,133,Density,<Substance CCCCCCCCCl{solv}{x=0.199800}|CN(C)C=O{solv}{x=0.800200}>,CCCCCCCCCl,CN(C)C=O,openff-2.2.1-ashgc,3,0.8945037009061437,0.0002274025847366,0.9149000000000002,0.0003
26699,2444,dhmix_2175249209874409534,134,EnthalpyOfMixing,<Substance CCCCCCCCCl{solv}{x=0.205000}|CN(C)C=O{solv}{x=0.795000}>,CCCCCCCCCl,CN(C)C=O,openff-2.2.1-ashgc,3,1.0088847186524177,0.0410333774580285,0.79,0.0045
26700,2445,dens_47347406470845261,135,Density,<Substance BrCCCBr{solv}{x=0.748600}|COC=O{solv}{x=0.251400}>,BrCCCBr,COC=O,openff-2.2.1-ashgc,3,1.7463821400762194,0.0005507500241293,1.7969200000000003,0.00306
26701,2446,dens_398260729245374704,136,Density,<Substance BrCCCBr{solv}{x=0.472200}|COC=O{solv}{x=0.527800}>,BrCCCBr,COC=O,openff-2.2.1-ashgc,3,1.5392377645092052,0.0004506086121382,1.5585100000000005,0.001985
26702,2447,dhmix_1440467239786579925,137,EnthalpyOfMixing,<Substance BrCCCBr{solv}{x=0.735400}|COC=O{solv}{x=0.264600}>,BrCCCBr,COC=O,openff-2.2.1-ashgc,3,0.7907974160869848,0.0342439475004938,0.7435,0.00655
26703,2448,dens_1812113401512645360,138,Density,<Substance BrCCCBr{solv}{x=0.204700}|COC=O{solv}{x=0.795300}>,BrCCCBr,COC=O,openff-2.2.1-ashgc,3,1.270708845215074,0.0004379964973222,1.2611800000000004,0.001025
26704,2449,dhmix_2252268161220427112,139,EnthalpyOfMixing,<Substance BrCCCBr{solv}{x=0.485300}|COC=O{solv}{x=0.514700}>,BrCCCBr,COC=O,openff-2.2.1-ashgc,3,0.9191601917982624,0.0341082936878591,0.9249,0.00795
26705,2450,dhmix_2289960806584862127,140,EnthalpyOfMixing,<Substance BrCCCBr{solv}{x=0.239500}|COC=O{solv}{x=0.760500}>,BrCCCBr,COC=O,openff-2.2.1-ashgc,3,0.7665754166528034,0.0323491050478564,0.6669,0.00595
26706,2451,dens_52148744845178727,141,Density,<Substance CC(=O)CC(C)C{solv}{x=0.700900}|CCC(C)(C)O{solv}{x=0.299100}>,CC(=O)CC(C)C,CCC(C)(C)O,openff-2.2.1-ashgc,3,0.7959237829596966,0.0002055690268293,0.7968700000000002,0.00018
26707,2452,dhmix_202225007451030020,142,EnthalpyOfMixing,<Substance CC(=O)CC(C)C{solv}{x=0.201700}|CCC(C)(C)O{solv}{x=0.798300}>,CC(=O)CC(C)C,CCC(C)(C)O,openff-2.2.1-ashgc,3,0.3049554390853624,0.0421759771902709,0.8181,0.01135
26708,2453,dens_938275493819605051,143,Density,<Substance CC(=O)CC(C)C{solv}{x=0.500800}|CCC(C)(C)O{solv}{x=0.499200}>,CC(=O)CC(C)C,CCC(C)(C)O,openff-2.2.1-ashgc,3,0.8011669661556309,0.0002082297886214,0.7987300000000002,0.00018
26709,2454,dhmix_998794233701009996,144,EnthalpyOfMixing,<Substance CC(=O)CC(C)C{solv}{x=0.500800}|CCC(C)(C)O{solv}{x=0.499200}>,CC(=O)CC(C)C,CCC(C)(C)O,openff-2.2.1-ashgc,3,0.5160012237606484,0.0450591881639978,1.3674,0.0185
26710,2455,dhmix_1565593158104493647,145,EnthalpyOfMixing,<Substance CC(=O)CC(C)C{solv}{x=0.700900}|CCC(C)(C)O{solv}{x=0.299100}>,CC(=O)CC(C)C,CCC(C)(C)O,openff-2.2.1-ashgc,3,0.4877229944882977,0.0467644282895315,1.2068,0.0164
26711,2456,dens_2097057526665137697,146,Density,<Substance CC(=O)CC(C)C{solv}{x=0.201700}|CCC(C)(C)O{solv}{x=0.798300}>,CC(=O)CC(C)C,CCC(C)(C)O,openff-2.2.1-ashgc,3,0.811792784362394,0.0002494949693734,0.8030000000000002,0.00019
26712,2457,dens_60145312697659458,147,Density,<Substance OC1=NCCC1{solv}{x=0.231200}|c1ccncc1{solv}{x=0.768800}>,OC1=NCCC1,c1ccncc1,openff-2.2.1-ashgc,3,0.9976759010699926,0.0002357186462411,1.0106200000000003,0.00051
26713,2458,dhmix_281987656487279026,148,EnthalpyOfMixing,<Substance OC1=NCCC1{solv}{x=0.525600}|c1ccncc1{solv}{x=0.474400}>,OC1=NCCC1,c1ccncc1,openff-2.2.1-ashgc,3,0.0511583741006518,0.0329547827419881,0.2031,0.0508
26714,2459,dens_617740093035429712,149,Density,<Substance OC1=NCCC1{solv}{x=0.831200}|c1ccncc1{solv}{x=0.168800}>,OC1=NCCC1,c1ccncc1,openff-2.2.1-ashgc,3,1.0499656473840917,0.0002512696860674,1.0872000000000004,0.00052
26715,2460,dhmix_658699797311871042,150,EnthalpyOfMixing,<Substance OC1=NCCC1{solv}{x=0.261500}|c1ccncc1{solv}{x=0.738500}>,OC1=NCCC1,c1ccncc1,openff-2.2.1-ashgc,3,0.1317633387766719,0.03733110967574,0.165,0.04125
26716,2461,dhmix_774470106511868908,151,EnthalpyOfMixing,<Substance OC1=NCCC1{solv}{x=0.831100}|c1ccncc1{solv}{x=0.168900}>,OC1=NCCC1,c1ccncc1,openff-2.2.1-ashgc,3,0.1617776863402298,0.0444319756408378,0.0972,0.0243
26717,2462,dens_1837977312272564303,152,Density,<Substance OC1=NCCC1{solv}{x=0.475200}|c1ccncc1{solv}{x=0.524800}>,OC1=NCCC1,c1ccncc1,openff-2.2.1-ashgc,3,1.0207804858452676,0.0001846133742657,1.0431300000000003,0.000515
26718,2463,dens_64870336397637683,153,Density,<Substance NCCCO{solv}{x=0.489642}|O{solv}{x=0.510358}>,NCCCO,O,openff-2.2.1-ashgc,3,1.0264764167304308,0.0003561895878299,1.0059000000000002,0.00155
26719,2464,dens_70371380055449550,154,Density,<Substance NCCCO{solv}{x=0.708044}|O{solv}{x=0.291956}>,NCCCO,O,openff-2.2.1-ashgc,3,1.0252167781444064,0.0007905345729521,0.9975000000000004,0.0018
26720,2465,dhmix_150384853762728924,155,EnthalpyOfMixing,<Substance NCCCO{solv}{x=0.751500}|O{solv}{x=0.248500}>,NCCCO,O,openff-2.2.1-ashgc,3,-0.5748043972256873,0.0723465998176091,-1.531,0.031
26721,2466,dens_847209819230970781,156,Density,<Substance NCCCO{solv}{x=0.272809}|O{solv}{x=0.727191}>,NCCCO,O,openff-2.2.1-ashgc,3,1.0164799772018107,0.0003135960176877,1.0118000000000005,0.0014
26722,2467,dhmix_1448036989335532298,157,EnthalpyOfMixing,<Substance NCCCO{solv}{x=0.298200}|O{solv}{x=0.701800}>,NCCCO,O,openff-2.2.1-ashgc,3,-0.4321855236696521,0.0314044584898867,-2.501,0.051
26723,2468,dhmix_1551692974855642379,158,EnthalpyOfMixing,<Substance NCCCO{solv}{x=0.498900}|O{solv}{x=0.501100}>,NCCCO,O,openff-2.2.1-ashgc,3,-0.784074135802296,0.047234167495201,-2.462,0.05
26724,2469,dhmix_65921650414250861,159,EnthalpyOfMixing,<Substance CCOC(=O)CC(C)=O{solv}{x=0.499500}|CCO{solv}{x=0.500500}>,CCO,CCOC(=O)CC(C)=O,openff-2.2.1-ashgc,3,1.4515078580401737,0.0426292092836346,1.7079,0.0183
26725,2470,dhmix_546962203716710778,160,EnthalpyOfMixing,<Substance CCOC(=O)CC(C)=O{solv}{x=0.299400}|CCO{solv}{x=0.700600}>,CCO,CCOC(=O)CC(C)=O,openff-2.2.1-ashgc,3,1.3049244061845826,0.0355493068600549,1.4925,0.01605
26726,2471,dens_989479368116300355,161,Density,<Substance CCOC(=O)CC(C)=O{solv}{x=0.500000}|CCO{solv}{x=0.500000}>,CCO,CCOC(=O)CC(C)=O,openff-2.2.1-ashgc,3,0.9493323249593436,0.0002438349582073,0.9484700000000004,0.000155
26727,2472,dens_1726065156375824332,162,Density,<Substance CCOC(=O)CC(C)=O{solv}{x=0.250000}|CCO{solv}{x=0.750000}>,CCO,CCOC(=O)CC(C)=O,openff-2.2.1-ashgc,3,0.8868903681126796,0.0002845993808884,0.8856300000000003,0.00017
26728,2473,dens_1736679431098209973,163,Density,<Substance CCOC(=O)CC(C)=O{solv}{x=0.750000}|CCO{solv}{x=0.250000}>,CCO,CCOC(=O)CC(C)=O,openff-2.2.1-ashgc,3,0.9922815841950002,0.0001961430712245,0.9917100000000004,0.00017
26729,2474,dhmix_2221487218644783272,164,EnthalpyOfMixing,<Substance CCOC(=O)CC(C)=O{solv}{x=0.700800}|CCO{solv}{x=0.299200}>,CCO,CCOC(=O)CC(C)=O,openff-2.2.1-ashgc,3,1.1243043570150633,0.0431905666648412,1.478,0.0159
26730,2475,dhmix_68947190908856741,165,EnthalpyOfMixing,<Substance C1COCCO1{solv}{x=0.250000}|O=C1CCCC1{solv}{x=0.750000}>,C1COCCO1,O=C1CCCC1,openff-2.2.1-ashgc,3,-0.0078871499510455,0.0407863964966632,0.04589,0.00057
26731,2476,dens_225413782402822877,166,Density,<Substance C1COCCO1{solv}{x=0.777800}|O=C1CCCC1{solv}{x=0.222200}>,C1COCCO1,O=C1CCCC1,openff-2.2.1-ashgc,3,0.9993963070742472,0.0002303468431798,1.0081000000000002,0.000255
26732,2477,dhmix_415496698649060745,167,EnthalpyOfMixing,<Substance C1COCCO1{solv}{x=0.500000}|O=C1CCCC1{solv}{x=0.500000}>,C1COCCO1,O=C1CCCC1,openff-2.2.1-ashgc,3,0.0296962028042031,0.0418512586424961,0.07457,0.00068
26733,2478,dens_803440153424346423,168,Density,<Substance C1COCCO1{solv}{x=0.506300}|O=C1CCCC1{solv}{x=0.493700}>,C1COCCO1,O=C1CCCC1,openff-2.2.1-ashgc,3,0.9672294329292104,0.0002084344941516,0.9849200000000002,0.00025
26734,2479,dens_1553194080174872005,169,Density,<Substance C1COCCO1{solv}{x=0.243600}|O=C1CCCC1{solv}{x=0.756400}>,C1COCCO1,O=C1CCCC1,openff-2.2.1-ashgc,3,0.9381868216078512,0.0002334651521428,0.9633500000000004,0.000245
26735,2480,dhmix_1852349497898107924,170,EnthalpyOfMixing,<Substance C1COCCO1{solv}{x=0.750000}|O=C1CCCC1{solv}{x=0.250000}>,C1COCCO1,O=C1CCCC1,openff-2.2.1-ashgc,3,0.027548386320177,0.0391973225835272,0.07097,0.000665
26736,2481,dhmix_71170350241685196,171,EnthalpyOfMixing,<Substance COC(C)(C)C{solv}{x=0.749000}|ClC(Cl)Cl{solv}{x=0.251000}>,COC(C)(C)C,ClC(Cl)Cl,openff-2.2.1-ashgc,3,-0.8189333765327689,0.0446731490950173,-1.9,0.077
26737,2482,dens_554111049740737271,172,Density,<Substance COC(C)(C)C{solv}{x=0.454000}|ClC(Cl)Cl{solv}{x=0.546000}>,COC(C)(C)C,ClC(Cl)Cl,openff-2.2.1-ashgc,3,1.1158901271212294,0.0003696427520826,1.0838000000000003,0.00015
26738,2483,dhmix_1691495556773848750,173,EnthalpyOfMixing,<Substance COC(C)(C)C{solv}{x=0.484000}|ClC(Cl)Cl{solv}{x=0.516000}>,COC(C)(C)C,ClC(Cl)Cl,openff-2.2.1-ashgc,3,-1.3195402005999242,0.0353623056461683,-2.1,0.0845
26739,2484,dens_1874337336846858625,174,Density,<Substance COC(C)(C)C{solv}{x=0.276000}|ClC(Cl)Cl{solv}{x=0.724000}>,COC(C)(C)C,ClC(Cl)Cl,openff-2.2.1-ashgc,3,1.274767745733776,0.0004347171206247,1.2259000000000004,0.0002
26740,2485,dens_2136498248834183810,175,Density,<Substance COC(C)(C)C{solv}{x=0.728600}|ClC(Cl)Cl{solv}{x=0.271400}>,COC(C)(C)C,ClC(Cl)Cl,openff-2.2.1-ashgc,3,0.9106873630475576,0.0003382790840336,0.8956000000000003,0.00015
26741,2486,dhmix_2232264038422377060,176,EnthalpyOfMixing,<Substance COC(C)(C)C{solv}{x=0.220000}|ClC(Cl)Cl{solv}{x=0.780000}>,COC(C)(C)C,ClC(Cl)Cl,openff-2.2.1-ashgc,3,-0.9571716263315632,0.0336257423379434,-1.5,0.0605
26742,2487,dhmix_73322629991074290,177,EnthalpyOfMixing,<Substance CCC(C)=O{solv}{x=0.212400}|CCN(CC)CC{solv}{x=0.787600}>,CCC(C)=O,CCN(CC)CC,openff-2.2.1-ashgc,3,0.4247419496981734,0.053932707354919,0.57,0.006
26743,2488,dens_317201778138256714,178,Density,<Substance CCC(C)=O{solv}{x=0.261000}|CCN(CC)CC{solv}{x=0.739000}>,CCC(C)=O,CCN(CC)CC,openff-2.2.1-ashgc,3,0.730914594039588,0.0002437236672724,0.7361510000000001,0.000106
26744,2489,dens_544322850735592196,179,Density,<Substance CCC(C)=O{solv}{x=0.510600}|CCN(CC)CC{solv}{x=0.489400}>,CCC(C)=O,CCN(CC)CC,openff-2.2.1-ashgc,3,0.7424049300934772,0.0002338393363819,0.7527560000000002,0.0001045
26745,2490,dhmix_690665189446107141,180,EnthalpyOfMixing,<Substance CCC(C)=O{solv}{x=0.496700}|CCN(CC)CC{solv}{x=0.503300}>,CCC(C)=O,CCN(CC)CC,openff-2.2.1-ashgc,3,0.3704800783345163,0.0423860298722245,0.746,0.008
26746,2491,dhmix_935249702283890201,181,EnthalpyOfMixing,<Substance CCC(C)=O{solv}{x=0.789300}|CCN(CC)CC{solv}{x=0.210700}>,CCC(C)=O,CCN(CC)CC,openff-2.2.1-ashgc,3,0.3120664606180412,0.0402423461112648,0.455,0.005
26747,2492,dens_1635002920322954883,182,Density,<Substance CCC(C)=O{solv}{x=0.760400}|CCN(CC)CC{solv}{x=0.239600}>,CCC(C)=O,CCN(CC)CC,openff-2.2.1-ashgc,3,0.7558511718187954,0.0002402920160086,0.7738830000000002,9.900000000000003e-05
26748,2493,dhmix_76833325524040726,183,EnthalpyOfMixing,<Substance C1CCCCC1{solv}{x=0.260600}|c1ccccc1{solv}{x=0.739400}>,C1CCCCC1,c1ccccc1,openff-2.2.1-ashgc,3,0.7422423499277215,0.039908393990524,0.6282,0.00695
26749,2494,dens_330305790736126156,184,Density,<Substance C1CCCCC1{solv}{x=0.499600}|c1ccccc1{solv}{x=0.500400}>,C1CCCCC1,c1ccccc1,openff-2.2.1-ashgc,3,0.7921066647132751,0.0002497105553634,0.8136000000000002,0.0002
26750,2495,dhmix_460305358266375837,185,EnthalpyOfMixing,<Substance C1CCCCC1{solv}{x=0.766800}|c1ccccc1{solv}{x=0.233200}>,C1CCCCC1,c1ccccc1,openff-2.2.1-ashgc,3,0.7877477871824539,0.0445689321819611,0.5517,0.00725
26751,2496,dens_1579941980285561951,186,Density,<Substance C1CCCCC1{solv}{x=0.249800}|c1ccccc1{solv}{x=0.750200}>,C1CCCCC1,c1ccccc1,openff-2.2.1-ashgc,3,0.8217561795913698,0.0002842277242672,0.8405780000000002,7.05e-05
26752,2497,dhmix_1824194485055356086,187,EnthalpyOfMixing,<Substance C1CCCCC1{solv}{x=0.501200}|c1ccccc1{solv}{x=0.498800}>,C1CCCCC1,c1ccccc1,openff-2.2.1-ashgc,3,1.0360483894970258,0.042724575529202,0.7893,0.00655
26753,2498,dens_1871885279620492514,188,Density,<Substance C1CCCCC1{solv}{x=0.732300}|c1ccccc1{solv}{x=0.267700}>,C1CCCCC1,c1ccccc1,openff-2.2.1-ashgc,3,0.7705750897913702,0.0002472568901843,0.7929200000000002,7.450000000000001e-05
26754,2499,dens_78518696584109468,189,Density,<Substance CN(CCO)CCO{solv}{x=0.743000}|O{solv}{x=0.257000}>,CN(CCO)CCO,O,openff-2.2.1-ashgc,3,1.041123195278508,0.0002917670932429,1.0405100000000005,0.000286
26755,2500,dens_169053214615075062,190,Density,<Substance CN(CCO)CCO{solv}{x=0.257100}|O{solv}{x=0.742900}>,CN(CCO)CCO,O,openff-2.2.1-ashgc,3,1.034620014904574,0.0003691164904141,1.0522550000000004,0.000221
26756,2501,dhmix_750283179383190388,191,EnthalpyOfMixing,<Substance CN(CCO)CCO{solv}{x=0.741100}|O{solv}{x=0.258900}>,CN(CCO)CCO,O,openff-2.2.1-ashgc,3,-0.8360579711437879,0.0716597937681411,-1.154,0.0125
26757,2502,dhmix_1537351248216247854,192,EnthalpyOfMixing,<Substance CN(CCO)CCO{solv}{x=0.259300}|O{solv}{x=0.740700}>,CN(CCO)CCO,O,openff-2.2.1-ashgc,3,-0.9603409233492108,0.0295593571066492,-2.271,0.046
26758,2503,dens_1700904374078825036,193,Density,<Substance CN(CCO)CCO{solv}{x=0.484900}|O{solv}{x=0.515100}>,CN(CCO)CCO,O,openff-2.2.1-ashgc,3,1.0392741532123897,0.0004245073640048,1.048636,0.0002475
26759,2504,dhmix_1761290393567900831,194,EnthalpyOfMixing,<Substance CN(CCO)CCO{solv}{x=0.494100}|O{solv}{x=0.505900}>,CN(CCO)CCO,O,openff-2.2.1-ashgc,3,-1.3425032698618224,0.0819952317698558,-2.072,0.042
26760,2505,dhmix_81883535492439507,195,EnthalpyOfMixing,<Substance C1COCO1{solv}{x=0.200000}|O=C1CCCC1{solv}{x=0.800000}>,C1COCO1,O=C1CCCC1,openff-2.2.1-ashgc,3,-0.0347674775424025,0.0369451295708975,-0.00853,0.000425
26761,2506,dens_192935635984964537,196,Density,<Substance C1COCO1{solv}{x=0.509000}|O=C1CCCC1{solv}{x=0.491000}>,C1COCO1,O=C1CCCC1,openff-2.2.1-ashgc,3,0.989541363857547,0.0002606568803287,0.9954700000000004,0.000255
26762,2507,dhmix_309530351940031317,197,EnthalpyOfMixing,<Substance C1COCO1{solv}{x=0.700000}|O=C1CCCC1{solv}{x=0.300000}>,C1COCO1,O=C1CCCC1,openff-2.2.1-ashgc,3,-0.0622456735227814,0.0316710524726328,-0.02292,0.00048
26763,2508,dhmix_1480225642523009634,198,EnthalpyOfMixing,<Substance C1COCO1{solv}{x=0.500000}|O=C1CCCC1{solv}{x=0.500000}>,C1COCO1,O=C1CCCC1,openff-2.2.1-ashgc,3,-0.119234989733286,0.036132817402631,-0.02181,0.000475
26764,2509,dens_1663189314624242951,199,Density,<Substance C1COCO1{solv}{x=0.225100}|O=C1CCCC1{solv}{x=0.774900}>,C1COCO1,O=C1CCCC1,openff-2.2.1-ashgc,3,0.9436046268462056,0.0002416660834162,0.9652800000000002,0.000245
26765,2510,dens_1684591254659727640,200,Density,<Substance C1COCO1{solv}{x=0.789100}|O=C1CCCC1{solv}{x=0.210900}>,C1COCO1,O=C1CCCC1,openff-2.2.1-ashgc,3,1.043380074077682,0.000198333386764,1.02957,0.00026
26766,2511,dens_82854054922011802,201,Density,<Substance c1cc[nH]c1{solv}{x=0.542600}|c1ccncc1{solv}{x=0.457400}>,c1cc[nH]c1,c1ccncc1,openff-2.2.1-ashgc,3,0.9766431171606615,0.0002837848334771,0.9706400000000002,5.5000000000000016e-05
26767,2512,dens_332042143272324658,202,Density,<Substance c1cc[nH]c1{solv}{x=0.755400}|c1ccncc1{solv}{x=0.244600}>,c1cc[nH]c1,c1ccncc1,openff-2.2.1-ashgc,3,0.97771241568624,0.0003036692689138,0.9676900000000004,5.5000000000000016e-05
26768,2513,dhmix_582184351339863568,203,EnthalpyOfMixing,<Substance c1cc[nH]c1{solv}{x=0.760200}|c1ccncc1{solv}{x=0.239800}>,c1cc[nH]c1,c1ccncc1,openff-2.2.1-ashgc,3,-0.0047765628677609,0.0340337520335127,-1.6452,0.01075
26769,2514,dhmix_809205277185290719,204,EnthalpyOfMixing,<Substance c1cc[nH]c1{solv}{x=0.509500}|c1ccncc1{solv}{x=0.490500}>,c1cc[nH]c1,c1ccncc1,openff-2.2.1-ashgc,3,-0.0112394935277295,0.0384405400431216,-2.649,0.01645
26770,2515,dens_1187941919350264461,205,Density,<Substance c1cc[nH]c1{solv}{x=0.227300}|c1ccncc1{solv}{x=0.772700}>,c1cc[nH]c1,c1ccncc1,openff-2.2.1-ashgc,3,0.9744377792789856,0.0002779493929279,0.9755600000000002,5.5000000000000016e-05
26771,2516,dhmix_2302696180464118683,206,EnthalpyOfMixing,<Substance c1cc[nH]c1{solv}{x=0.239500}|c1ccncc1{solv}{x=0.760500}>,c1cc[nH]c1,c1ccncc1,openff-2.2.1-ashgc,3,-0.100463643187652,0.03366679161111,-1.7662,0.01145
26772,2517,dhmix_84488753175979819,207,EnthalpyOfMixing,<Substance C1CCOCC1{solv}{x=0.500000}|CCO{solv}{x=0.500000}>,C1CCOCC1,CCO,openff-2.2.1-ashgc,3,0.94902650065794,0.0387259709031384,0.8491,0.00794
26773,2518,dens_904236164857914889,208,Density,<Substance C1CCOCC1{solv}{x=0.701000}|CCO{solv}{x=0.299000}>,C1CCOCC1,CCO,openff-2.2.1-ashgc,3,0.8473359309177804,0.000280911614459,0.8595400000000002,8.500000000000002e-05
26774,2519,dhmix_923986751684807715,209,EnthalpyOfMixing,<Substance C1CCOCC1{solv}{x=0.750000}|CCO{solv}{x=0.250000}>,C1CCOCC1,CCO,openff-2.2.1-ashgc,3,0.8295207856780991,0.0316454058071847,0.75364,0.007115
26775,2520,dhmix_927648698725704337,210,EnthalpyOfMixing,<Substance C1CCOCC1{solv}{x=0.250000}|CCO{solv}{x=0.750000}>,C1CCOCC1,CCO,openff-2.2.1-ashgc,3,0.6165479925617152,0.0343806073051703,0.57017,0.00553
26776,2521,dens_1095414448718823860,211,Density,<Substance C1CCOCC1{solv}{x=0.504000}|CCO{solv}{x=0.496000}>,C1CCOCC1,CCO,openff-2.2.1-ashgc,3,0.8334234937544526,0.0002604891557832,0.8440100000000001,0.0001
26777,2522,dens_1309012152943788187,212,Density,<Substance C1CCOCC1{solv}{x=0.284000}|CCO{solv}{x=0.716000}>,C1CCOCC1,CCO,openff-2.2.1-ashgc,3,0.8155230174749419,0.0003146906192909,0.8227400000000002,0.00012
26778,2523,dens_88489471162801298,213,Density,<Substance CC(C)=O{solv}{x=0.248400}|Nc1ccccc1{solv}{x=0.751600}>,CC(C)=O,Nc1ccccc1,openff-2.2.1-ashgc,3,1.0029072195972852,0.0002357083292323,0.9768950000000002,0.0001055
26779,2524,dens_892449093930393176,214,Density,<Substance CC(C)=O{solv}{x=0.411400}|Nc1ccccc1{solv}{x=0.588600}>,CC(C)=O,Nc1ccccc1,openff-2.2.1-ashgc,3,0.95982301364848,0.0002436604500515,0.9457730000000002,0.0001285
26780,2525,dens_1087594007698023193,215,Density,<Substance CC(C)=O{solv}{x=0.699300}|Nc1ccccc1{solv}{x=0.300700}>,CC(C)=O,Nc1ccccc1,openff-2.2.1-ashgc,3,0.8743575908952098,0.00027758368017,0.8786430000000003,0.000178
26781,2526,dhmix_1461699545612032563,216,EnthalpyOfMixing,<Substance CC(C)=O{solv}{x=0.214500}|Nc1ccccc1{solv}{x=0.785500}>,CC(C)=O,Nc1ccccc1,openff-2.2.1-ashgc,3,-0.2111085222386748,0.040951044125262,-0.746,0.008
26782,2527,dhmix_1577476208805542019,217,EnthalpyOfMixing,<Substance CC(C)=O{solv}{x=0.699100}|Nc1ccccc1{solv}{x=0.300900}>,CC(C)=O,Nc1ccccc1,openff-2.2.1-ashgc,3,-0.8714931844585223,0.036501195963857,-1.076,0.0115
26783,2528,dhmix_2267661763264899390,218,EnthalpyOfMixing,<Substance CC(C)=O{solv}{x=0.410700}|Nc1ccccc1{solv}{x=0.589300}>,CC(C)=O,Nc1ccccc1,openff-2.2.1-ashgc,3,-0.6961838862546443,0.03623014080736,-1.165,0.0125
26784,2529,dhmix_90851537891129625,219,EnthalpyOfMixing,<Substance C1CCOCC1{solv}{x=0.268300}|Cc1ccccn1{solv}{x=0.731700}>,C1CCOCC1,Cc1ccccn1,openff-2.2.1-ashgc,3,0.0720843018669619,0.0431005864338111,0.1057,0.00105
26785,2530,dhmix_975790739707505549,220,EnthalpyOfMixing,<Substance C1CCOCC1{solv}{x=0.482200}|Cc1ccccn1{solv}{x=0.517800}>,C1CCOCC1,Cc1ccccn1,openff-2.2.1-ashgc,3,0.0613559083921555,0.0334757676691094,0.1728,0.00135
26786,2531,dens_981500521813591443,221,Density,<Substance C1CCOCC1{solv}{x=0.491600}|Cc1ccccn1{solv}{x=0.508400}>,C1CCOCC1,Cc1ccccn1,openff-2.2.1-ashgc,3,0.9023955749108316,0.0001529533575228,0.910915,0.000475
26787,2532,dens_1237050172671894703,222,Density,<Substance C1CCOCC1{solv}{x=0.237300}|Cc1ccccn1{solv}{x=0.762700}>,C1CCOCC1,Cc1ccccn1,openff-2.2.1-ashgc,3,0.9211786566146284,0.00022655941636,0.9261620000000004,0.0004855
26788,2533,dhmix_1841520238596708010,223,EnthalpyOfMixing,<Substance C1CCOCC1{solv}{x=0.821600}|Cc1ccccn1{solv}{x=0.178400}>,C1CCOCC1,Cc1ccccn1,openff-2.2.1-ashgc,3,0.088446324975699,0.0476876693932571,0.1352,0.0012
26789,2534,dens_1852422594896475094,224,Density,<Substance C1CCOCC1{solv}{x=0.821900}|Cc1ccccn1{solv}{x=0.178100}>,C1CCOCC1,Cc1ccccn1,openff-2.2.1-ashgc,3,0.8684518766469107,0.0002778857674843,0.8802920000000002,0.000454
26790,2535,dhmix_93676522673462266,225,EnthalpyOfMixing,<Substance CC(=O)N(C)C{solv}{x=0.702000}|ClCCCl{solv}{x=0.298000}>,CC(=O)N(C)C,ClCCCl,openff-2.2.1-ashgc,3,-0.3679705152507115,0.0373298415563408,-0.706,0.004
26791,2536,dens_466640151895915379,226,Density,<Substance CC(=O)N(C)C{solv}{x=0.499900}|ClCCCl{solv}{x=0.500100}>,CC(=O)N(C)C,ClCCCl,openff-2.2.1-ashgc,3,1.0462689074432874,0.000301736572232,1.0774000000000004,0.00325
26792,2537,dhmix_504891727488256514,227,EnthalpyOfMixing,<Substance CC(=O)N(C)C{solv}{x=0.202000}|ClCCCl{solv}{x=0.798000}>,CC(=O)N(C)C,ClCCCl,openff-2.2.1-ashgc,3,-0.304013220009887,0.0336476957353852,-0.586,0.004
26793,2538,dens_1432716574300574119,228,Density,<Substance CC(=O)N(C)C{solv}{x=0.298800}|ClCCCl{solv}{x=0.701200}>,CC(=O)N(C)C,ClCCCl,openff-2.2.1-ashgc,3,1.111736018616332,0.0002930264411986,1.1413000000000002,0.00345
26794,2539,dens_1909242265481868478,229,Density,<Substance CC(=O)N(C)C{solv}{x=0.700800}|ClCCCl{solv}{x=0.299200}>,CC(=O)N(C)C,ClCCCl,openff-2.2.1-ashgc,3,0.9836580550558798,0.0002772761852405,1.0181000000000002,0.00305
26795,2540,dhmix_2201663021806040380,230,EnthalpyOfMixing,<Substance CC(=O)N(C)C{solv}{x=0.500000}|ClCCCl{solv}{x=0.500000}>,CC(=O)N(C)C,ClCCCl,openff-2.2.1-ashgc,3,-0.5320143285210306,0.0354979412529544,-0.885,0.004
26796,2541,dhmix_101847702994296892,231,EnthalpyOfMixing,<Substance CCCCCCCl{solv}{x=0.790000}|CN1CCCC1=O{solv}{x=0.210000}>,CCCCCCCl,CN1CCCC1=O,openff-2.2.1-ashgc,3,0.6029754298492946,0.0404182763671629,0.232,0.0025
26797,2542,dhmix_275814181113182192,232,EnthalpyOfMixing,<Substance CCCCCCCl{solv}{x=0.497000}|CN1CCCC1=O{solv}{x=0.503000}>,CCCCCCCl,CN1CCCC1=O,openff-2.2.1-ashgc,3,0.9413835632188992,0.0333375995838115,0.416,0.0025
26798,2543,dens_441375838683668512,233,Density,<Substance CCCCCCCl{solv}{x=0.499300}|CN1CCCC1=O{solv}{x=0.500700}>,CCCCCCCl,CN1CCCC1=O,openff-2.2.1-ashgc,3,0.921435377249299,0.0002181358540463,0.9389000000000002,0.0002
26799,2544,dhmix_840847840731542643,234,EnthalpyOfMixing,<Substance CCCCCCCl{solv}{x=0.203000}|CN1CCCC1=O{solv}{x=0.797000}>,CCCCCCCl,CN1CCCC1=O,openff-2.2.1-ashgc,3,0.6150441897112202,0.0420342761427167,0.319,0.0025
26800,2545,dens_1314691253679633833,235,Density,<Substance CCCCCCCl{solv}{x=0.298400}|CN1CCCC1=O{solv}{x=0.701600}>,CCCCCCCl,CN1CCCC1=O,openff-2.2.1-ashgc,3,0.9503538339421754,0.0002172433405811,0.9715000000000004,0.0002
26801,2546,dens_1366683244756558841,236,Density,<Substance CCCCCCCl{solv}{x=0.801200}|CN1CCCC1=O{solv}{x=0.198800}>,CCCCCCCl,CN1CCCC1=O,openff-2.2.1-ashgc,3,0.8830734013429979,0.0001675010412472,0.8970000000000002,0.0003
26802,2547,dhmix_107460606439569535,237,EnthalpyOfMixing,<Substance C1COCCO1{solv}{x=0.572500}|O=C1CCCCCC1{solv}{x=0.427500}>,C1COCCO1,O=C1CCCCCC1,openff-2.2.1-ashgc,3,0.273782260756505,0.0390552168841459,0.1032,0.00125
26803,2548,dens_229535957420918177,238,Density,<Substance C1COCCO1{solv}{x=0.748900}|O=C1CCCCCC1{solv}{x=0.251100}>,C1COCCO1,O=C1CCCCCC1,openff-2.2.1-ashgc,3,0.9899070640801332,0.0002099601888351,0.9994100000000002,0.00051
26804,2549,dhmix_1101001475632451077,239,EnthalpyOfMixing,<Substance C1COCCO1{solv}{x=0.225200}|O=C1CCCCCC1{solv}{x=0.774800}>,C1COCCO1,O=C1CCCCCC1,openff-2.2.1-ashgc,3,0.1344668749901387,0.0496268811609592,0.0783,0.001
26805,2550,dens_1711999737319704820,240,Density,<Substance C1COCCO1{solv}{x=0.572300}|O=C1CCCCCC1{solv}{x=0.427700}>,C1COCCO1,O=C1CCCCCC1,openff-2.2.1-ashgc,3,0.9591720565633054,0.0001946380721031,0.9737000000000002,0.00051
26806,2551,dens_1973863157285112004,241,Density,<Substance C1COCCO1{solv}{x=0.255500}|O=C1CCCCCC1{solv}{x=0.744500}>,C1COCCO1,O=C1CCCCCC1,openff-2.2.1-ashgc,3,0.9387630510055044,0.0001791515216024,0.9616800000000002,0.000515
26807,2552,dhmix_2239035738396328121,242,EnthalpyOfMixing,<Substance C1COCCO1{solv}{x=0.771600}|O=C1CCCCCC1{solv}{x=0.228400}>,C1COCCO1,O=C1CCCCCC1,openff-2.2.1-ashgc,3,0.2295859568897214,0.0354068084009348,0.0694,0.0009
26808,2553,dhmix_110368175234083214,243,EnthalpyOfMixing,<Substance CC#N{solv}{x=0.201600}|CCOC(C)(C)CC{solv}{x=0.798400}>,CC#N,CCOC(C)(C)CC,openff-2.2.1-ashgc,3,0.2082270448886731,0.0433043733050186,0.6411,0.0087
26809,2554,dhmix_565046024644834395,244,EnthalpyOfMixing,<Substance CC#N{solv}{x=0.700400}|CCOC(C)(C)CC{solv}{x=0.299600}>,CC#N,CCOC(C)(C)CC,openff-2.2.1-ashgc,3,0.3971564581158696,0.0349270067234634,0.8397,0.0113
26810,2555,dens_865362803305469370,245,Density,<Substance CC#N{solv}{x=0.502400}|CCOC(C)(C)CC{solv}{x=0.497600}>,CC#N,CCOC(C)(C)CC,openff-2.2.1-ashgc,3,0.767553459170867,0.0002526455900482,0.7675000000000002,0.00035
26811,2556,dhmix_1131176031733024874,246,EnthalpyOfMixing,<Substance CC#N{solv}{x=0.502400}|CCOC(C)(C)CC{solv}{x=0.497600}>,CC#N,CCOC(C)(C)CC,openff-2.2.1-ashgc,3,0.4566763730546448,0.0383413747285863,0.9514,0.01285
26812,2557,dens_1305751749890499162,247,Density,<Substance CC#N{solv}{x=0.201600}|CCOC(C)(C)CC{solv}{x=0.798400}>,CC#N,CCOC(C)(C)CC,openff-2.2.1-ashgc,3,0.763016527477667,0.0002286135545145,0.7635000000000002,0.00025
26813,2558,dens_1928701304100922381,248,Density,<Substance CC#N{solv}{x=0.700400}|CCOC(C)(C)CC{solv}{x=0.299600}>,CC#N,CCOC(C)(C)CC,openff-2.2.1-ashgc,3,0.7708420128812852,0.000268617542449,0.7707000000000003,0.0005
26814,2559,dhmix_112729391186229967,249,EnthalpyOfMixing,<Substance CCC(C)=O{solv}{x=0.509000}|CNc1ccccc1{solv}{x=0.491000}>,CCC(C)=O,CNc1ccccc1,openff-2.2.1-ashgc,3,-0.6342432894787962,0.0387511415797312,-0.816,0.009
26815,2560,dens_414028029115294252,250,Density,<Substance CCC(C)=O{solv}{x=0.746300}|CNc1ccccc1{solv}{x=0.253700}>,CCC(C)=O,CNc1ccccc1,openff-2.2.1-ashgc,3,0.8381388533338838,0.0002599853056093,0.8582020000000002,0.000102
26816,2561,dens_559789475978651659,251,Density,<Substance CCC(C)=O{solv}{x=0.495000}|CNc1ccccc1{solv}{x=0.505000}>,CCC(C)=O,CNc1ccccc1,openff-2.2.1-ashgc,3,0.8952022910325066,0.0002229547090953,0.9066940000000002,0.000164
26817,2562,dhmix_1637459312398636454,252,EnthalpyOfMixing,<Substance CCC(C)=O{solv}{x=0.228300}|CNc1ccccc1{solv}{x=0.771700}>,CCC(C)=O,CNc1ccccc1,openff-2.2.1-ashgc,3,-0.2966149339873372,0.0502974055922072,-0.54,0.006
26818,2563,dhmix_1933605864237207151,253,EnthalpyOfMixing,<Substance CCC(C)=O{solv}{x=0.705500}|CNc1ccccc1{solv}{x=0.294500}>,CCC(C)=O,CNc1ccccc1,openff-2.2.1-ashgc,3,-0.4218200586203746,0.0447906145161404,-0.672,0.0075
26819,2564,dens_2039660657679820411,254,Density,<Substance CCC(C)=O{solv}{x=0.258900}|CNc1ccccc1{solv}{x=0.741100}>,CCC(C)=O,CNc1ccccc1,openff-2.2.1-ashgc,3,0.9435431778301744,0.0002709748427962,0.9456330000000004,0.000259
26820,2565,dhmix_112832411362526364,255,EnthalpyOfMixing,<Substance C=CCCCC{solv}{x=0.250000}|CCCCO{solv}{x=0.750000}>,C=CCCCC,CCCCO,openff-2.2.1-ashgc,3,0.5278659003570496,0.0453190442751047,0.2829,0.00333
26821,2566,dhmix_385937725855980509,256,EnthalpyOfMixing,<Substance C=CCCCC{solv}{x=0.749900}|CCCCO{solv}{x=0.250100}>,C=CCCCC,CCCCO,openff-2.2.1-ashgc,3,0.957680537918165,0.0476269659983566,0.63978,0.00696
26822,2567,dens_417191245012747241,257,Density,<Substance C=CCCCC{solv}{x=0.501800}|CCCCO{solv}{x=0.498200}>,C=CCCCC,CCCCO,openff-2.2.1-ashgc,3,0.714418840469791,0.0002491741567758,0.7340000000000002,0.00035
26823,2568,dens_1053849773924337242,258,Density,<Substance C=CCCCC{solv}{x=0.100100}|CCCCO{solv}{x=0.899900}>,C=CCCCC,CCCCO,openff-2.2.1-ashgc,3,0.7841345522480839,0.0002349194829653,0.7924000000000002,0.00035
26824,2569,dhmix_1436053809694490847,259,EnthalpyOfMixing,<Substance C=CCCCC{solv}{x=0.500300}|CCCCO{solv}{x=0.499700}>,C=CCCCC,CCCCO,openff-2.2.1-ashgc,3,0.6404818957966256,0.0456421687960034,0.56098,0.00616
26825,2570,dens_1967827958045932694,260,Density,<Substance C=CCCCC{solv}{x=0.900000}|CCCCO{solv}{x=0.100000}>,C=CCCCC,CCCCO,openff-2.2.1-ashgc,3,0.6593994904505405,0.0002523229341016,0.6818000000000001,0.00035
26826,2571,dhmix_113202719214912577,261,EnthalpyOfMixing,<Substance CCN(CC)CCO{solv}{x=0.700300}|O{solv}{x=0.299700}>,CCN(CC)CCO,O,openff-2.2.1-ashgc,3,-1.6315649735409463,0.0474394182145712,-1.75,0.019
26827,2572,dhmix_450200897960931857,262,EnthalpyOfMixing,<Substance CCN(CC)CCO{solv}{x=0.500200}|O{solv}{x=0.499800}>,CCN(CC)CCO,O,openff-2.2.1-ashgc,3,-1.722137571037706,0.0408090395761353,-2.504,0.027
26828,2573,dens_727880187774296815,263,Density,<Substance CCN(CC)CCO{solv}{x=0.799700}|O{solv}{x=0.200300}>,CCN(CC)CCO,O,openff-2.2.1-ashgc,3,0.8801683330499026,0.0002815860937794,0.8996000000000003,0.005
26829,2574,dens_943193748522476096,264,Density,<Substance CCN(CC)CCO{solv}{x=0.499700}|O{solv}{x=0.500300}>,CCN(CC)CCO,O,openff-2.2.1-ashgc,3,0.8955645347623764,0.0003459962277946,0.9222000000000002,0.005
26830,2575,dhmix_1628408668678458098,265,EnthalpyOfMixing,<Substance CCN(CC)CCO{solv}{x=0.200800}|O{solv}{x=0.799200}>,CCN(CC)CCO,O,openff-2.2.1-ashgc,3,-0.974448946109358,0.0342187667682615,-2.185,0.0235
26831,2576,dens_1679974305630699360,266,Density,<Substance CCN(CC)CCO{solv}{x=0.193290}|O{solv}{x=0.806710}>,CCN(CC)CCO,O,openff-2.2.1-ashgc,3,0.919854424129589,0.0003324000392232,0.9615690000000002,0.000144
26832,2577,dens_114257363738318755,267,Density,<Substance C1CCCCC1{solv}{x=0.754300}|CCCCCC{solv}{x=0.245700}>,C1CCCCC1,CCCCCC,openff-2.2.1-ashgc,3,0.7189791110770302,0.0002706902679574,0.7392000000000002,0.00065
26833,2578,dens_528453314861364780,268,Density,<Substance C1CCCCC1{solv}{x=0.234300}|CCCCCC{solv}{x=0.765700}>,C1CCCCC1,CCCCCC,openff-2.2.1-ashgc,3,0.6619986932280205,0.0002513810603004,0.6838300000000002,0.001655
26834,2579,dens_547437695672624422,269,Density,<Substance C1CCCCC1{solv}{x=0.479300}|CCCCCC{solv}{x=0.520700}>,C1CCCCC1,CCCCCC,openff-2.2.1-ashgc,3,0.6874977143317269,0.0002285633355383,0.7105500000000001,0.001555
26835,2580,dhmix_728030976573858762,270,EnthalpyOfMixing,<Substance C1CCCCC1{solv}{x=0.483200}|CCCCCC{solv}{x=0.516800}>,C1CCCCC1,CCCCCC,openff-2.2.1-ashgc,3,0.3492620003077178,0.0458776077742233,0.2144,0.00155
26836,2581,dhmix_1406519609852245638,271,EnthalpyOfMixing,<Substance C1CCCCC1{solv}{x=0.219000}|CCCCCC{solv}{x=0.781000}>,C1CCCCC1,CCCCCC,openff-2.2.1-ashgc,3,0.1333599064388408,0.0363761096288418,0.1264,0.00105
26837,2582,dhmix_1819992223413741006,272,EnthalpyOfMixing,<Substance C1CCCCC1{solv}{x=0.725500}|CCCCCC{solv}{x=0.274500}>,C1CCCCC1,CCCCCC,openff-2.2.1-ashgc,3,0.237877426218759,0.0475220216124324,0.199,0.00145
26838,2583,dhmix_114464856611254095,273,EnthalpyOfMixing,<Substance COc1ccccc1{solv}{x=0.739800}|OCc1ccccc1{solv}{x=0.260200}>,COc1ccccc1,OCc1ccccc1,openff-2.2.1-ashgc,3,0.8054914053148181,0.0472790343028966,1.0539,0.0113
26839,2584,dens_844721400884986444,274,Density,<Substance COc1ccccc1{solv}{x=0.288300}|OCc1ccccc1{solv}{x=0.711700}>,COc1ccccc1,OCc1ccccc1,openff-2.2.1-ashgc,3,1.0068886739832112,0.0001999100996988,1.0180000000000002,0.000135
26840,2585,dens_1208569209782779179,275,Density,<Substance COc1ccccc1{solv}{x=0.491100}|OCc1ccccc1{solv}{x=0.508900}>,COc1ccccc1,OCc1ccccc1,openff-2.2.1-ashgc,3,0.9941899963713352,0.0001521860706398,1.0069400000000004,0.000165
26841,2586,dhmix_1342325728364187329,276,EnthalpyOfMixing,<Substance COc1ccccc1{solv}{x=0.240100}|OCc1ccccc1{solv}{x=0.759900}>,COc1ccccc1,OCc1ccccc1,openff-2.2.1-ashgc,3,0.5713004886366804,0.0446161827597758,0.6199,0.0067
26842,2587,dhmix_1596550872819493971,277,EnthalpyOfMixing,<Substance COc1ccccc1{solv}{x=0.486600}|OCc1ccccc1{solv}{x=0.513400}>,COc1ccccc1,OCc1ccccc1,openff-2.2.1-ashgc,3,0.8320414805366667,0.0340195977300378,0.9688,0.0104
26843,2588,dens_1833270112854727934,278,Density,<Substance COc1ccccc1{solv}{x=0.774500}|OCc1ccccc1{solv}{x=0.225500}>,COc1ccccc1,OCc1ccccc1,openff-2.2.1-ashgc,3,0.9762330816885396,0.0002510820540562,0.9915900000000004,0.000215
26844,2589,dens_114725786693793907,279,Density,<Substance CC(=O)O{solv}{x=0.703100}|CCO{solv}{x=0.296900}>,CC(=O)O,CCO,openff-2.2.1-ashgc,3,0.9883776347533028,0.0002793242498953,0.97355,0.00021
26845,2590,dens_883421079927261907,280,Density,<Substance CC(=O)O{solv}{x=0.496100}|CCO{solv}{x=0.503900}>,CC(=O)O,CCO,openff-2.2.1-ashgc,3,0.9294473685353088,0.0002088735669387,0.9199600000000002,0.0002
26846,2591,dens_1042567278853913615,281,Density,<Substance CC(=O)O{solv}{x=0.297100}|CCO{solv}{x=0.702900}>,CC(=O)O,CCO,openff-2.2.1-ashgc,3,0.8710922366593369,0.0003365753315779,0.8668600000000002,0.000195
26847,2592,dhmix_129373600931207498,282,EnthalpyOfMixing,<Substance NCCNCCN{solv}{x=0.702000}|O{solv}{x=0.298000}>,NCCNCCN,O,openff-2.2.1-ashgc,3,-2.074398723032175,0.0424212033943718,-3.393,0.036
26848,2593,dhmix_313570094367316478,283,EnthalpyOfMixing,<Substance NCCNCCN{solv}{x=0.241600}|O{solv}{x=0.758400}>,NCCNCCN,O,openff-2.2.1-ashgc,3,-3.9179659498984982,0.0340908275285829,-6.523,0.0695
26849,2594,dens_548243159356184104,284,Density,<Substance NCCNCCN{solv}{x=0.244900}|O{solv}{x=0.755100}>,NCCNCCN,O,openff-2.2.1-ashgc,3,1.0600816095198309,0.0004349352788503,1.0275000000000003,0.0005
26850,2595,dens_913992897582667960,285,Density,<Substance NCCNCCN{solv}{x=0.497400}|O{solv}{x=0.502600}>,NCCNCCN,O,openff-2.2.1-ashgc,3,1.0650588272371433,0.0002509069876975,0.9928000000000002,0.0005
26851,2596,dhmix_1565087976771168604,286,EnthalpyOfMixing,<Substance NCCNCCN{solv}{x=0.501000}|O{solv}{x=0.499000}>,NCCNCCN,O,openff-2.2.1-ashgc,3,-3.909824113368345,0.0324533942549264,-5.417,0.0575
26852,2597,dens_1812124220217686569,287,Density,<Substance NCCNCCN{solv}{x=0.698800}|O{solv}{x=0.301200}>,NCCNCCN,O,openff-2.2.1-ashgc,3,1.0612036177059612,0.0001670696275662,0.9718000000000002,0.0005
26853,2598,dhmix_135176730945124637,288,EnthalpyOfMixing,<Substance CCCCNCCCC{solv}{x=0.751800}|CN(C)C=O{solv}{x=0.248200}>,CCCCNCCCC,CN(C)C=O,openff-2.2.1-ashgc,3,0.189495528566951,0.0484199088050109,0.782,0.025
26854,2599,dens_586298674852090193,289,Density,<Substance CCCCNCCCC{solv}{x=0.726600}|CN(C)C=O{solv}{x=0.273400}>,CCCCNCCCC,CN(C)C=O,openff-2.2.1-ashgc,3,0.7797267137443512,0.0001867264197167,0.7828350000000002,0.0009465
26855,2600,dens_711718403070096827,290,Density,<Substance CCCCNCCCC{solv}{x=0.263900}|CN(C)C=O{solv}{x=0.736100}>,CCCCNCCCC,CN(C)C=O,openff-2.2.1-ashgc,3,0.8480820947631034,0.0002005263284605,0.8609240000000001,0.001053
26856,2601,dhmix_1537913365058000269,291,EnthalpyOfMixing,<Substance CCCCNCCCC{solv}{x=0.249400}|CN(C)C=O{solv}{x=0.750600}>,CCCCNCCCC,CN(C)C=O,openff-2.2.1-ashgc,3,0.3649866357029552,0.0449333569021277,0.921,0.029
26857,2602,dhmix_1965420976556284821,292,EnthalpyOfMixing,<Substance CCCCNCCCC{solv}{x=0.501800}|CN(C)C=O{solv}{x=0.498200}>,CCCCNCCCC,CN(C)C=O,openff-2.2.1-ashgc,3,0.4631618920338809,0.0402565988173805,1.113,0.0335
26858,2603,dens_2298192241038151497,293,Density,<Substance CCCCNCCCC{solv}{x=0.492800}|CN(C)C=O{solv}{x=0.507200}>,CCCCNCCCC,CN(C)C=O,openff-2.2.1-ashgc,3,0.808824301724896,0.000201787533408,0.8153440000000003,0.0009895
26859,2604,dens_145031449158698048,294,Density,<Substance CN(C)C=O{solv}{x=0.498800}|ClCCCl{solv}{x=0.501200}>,CN(C)C=O,ClCCCl,openff-2.2.1-ashgc,3,1.0714098911935908,0.0003745379863879,1.0957000000000003,0.00305
26860,2605,dens_511894799968528211,295,Density,<Substance CN(C)C=O{solv}{x=0.197800}|ClCCCl{solv}{x=0.802200}>,CN(C)C=O,ClCCCl,openff-2.2.1-ashgc,3,1.1565931160256135,0.0003696813836726,1.1862000000000004,0.003
26861,2606,dhmix_693792312882226719,296,EnthalpyOfMixing,<Substance CN(C)C=O{solv}{x=0.498000}|ClCCCl{solv}{x=0.502000}>,CN(C)C=O,ClCCCl,openff-2.2.1-ashgc,3,-0.0242885572357955,0.0328091239101952,-0.663,0.0035
26862,2607,dhmix_1364024895663592301,297,EnthalpyOfMixing,<Substance CN(C)C=O{solv}{x=0.299000}|ClCCCl{solv}{x=0.701000}>,CN(C)C=O,ClCCCl,openff-2.2.1-ashgc,3,-0.0202074489866568,0.029259105395251,-0.575,0.0035
26863,2608,dens_1874616475661316520,298,Density,<Substance CN(C)C=O{solv}{x=0.705400}|ClCCCl{solv}{x=0.294600}>,CN(C)C=O,ClCCCl,openff-2.2.1-ashgc,3,1.0086185258099394,0.000315441225287,1.0336,0.003
26864,2609,dhmix_1965344541223753593,299,EnthalpyOfMixing,<Substance CN(C)C=O{solv}{x=0.702000}|ClCCCl{solv}{x=0.298000}>,CN(C)C=O,ClCCCl,openff-2.2.1-ashgc,3,-0.123037107966482,0.0348564203444346,-0.531,0.003
26865,2610,dens_145117083439077204,300,Density,<Substance CN1CCCC1=O{solv}{x=0.700300}|ClCCCCCl{solv}{x=0.299700}>,CN1CCCC1=O,ClCCCCCl,openff-2.2.1-ashgc,3,1.039208744979872,0.0002358578223689,1.0627000000000002,0.0005
26866,2611,dens_872271192908107773,301,Density,<Substance CN1CCCC1=O{solv}{x=0.203400}|ClCCCCCl{solv}{x=0.796600}>,CN1CCCC1=O,ClCCCCCl,openff-2.2.1-ashgc,3,1.094456975923335,0.0002744963043997,1.1142000000000003,0.00125
26867,2612,dhmix_958757583081250655,302,EnthalpyOfMixing,<Substance CN1CCCC1=O{solv}{x=0.703000}|ClCCCCCl{solv}{x=0.297000}>,CN1CCCC1=O,ClCCCCCl,openff-2.2.1-ashgc,3,0.200859467052755,0.0414167754064787,-0.583,0.0035
26868,2613,dens_1187888029800539390,303,Density,<Substance CN1CCCC1=O{solv}{x=0.502500}|ClCCCCCl{solv}{x=0.497500}>,CN1CCCC1=O,ClCCCCCl,openff-2.2.1-ashgc,3,1.0631177393065323,0.0002422142553526,1.0840000000000003,0.00075
26869,2614,dhmix_1448185356234442909,304,EnthalpyOfMixing,<Substance CN1CCCC1=O{solv}{x=0.210000}|ClCCCCCl{solv}{x=0.790000}>,CN1CCCC1=O,ClCCCCCl,openff-2.2.1-ashgc,3,0.0846627986219061,0.0394713641035238,-0.406,0.003
26870,2615,dhmix_1623586299486793214,305,EnthalpyOfMixing,<Substance CN1CCCC1=O{solv}{x=0.505000}|ClCCCCCl{solv}{x=0.495000}>,CN1CCCC1=O,ClCCCCCl,openff-2.2.1-ashgc,3,0.3414892076161848,0.0435031305961185,-0.678,0.0035
26871,2616,dens_151421667269785380,306,Density,<Substance OCCOCCO{solv}{x=0.228500}|OCc1ccccc1{solv}{x=0.771500}>,OCCOCCO,OCc1ccccc1,openff-2.2.1-ashgc,3,1.0449543866624418,0.0002805194790447,1.0497600000000002,0.000265
26872,2617,dens_207017358130726789,307,Density,<Substance OCCOCCO{solv}{x=0.531200}|OCc1ccccc1{solv}{x=0.468800}>,OCCOCCO,OCc1ccccc1,openff-2.2.1-ashgc,3,1.0690596052326349,0.0002168064440461,1.07136,0.00027
26873,2618,dhmix_638869206909151198,308,EnthalpyOfMixing,<Substance OCCOCCO{solv}{x=0.765800}|OCc1ccccc1{solv}{x=0.234200}>,OCCOCCO,OCc1ccccc1,openff-2.2.1-ashgc,3,-0.4297516356745774,0.0461384760549931,-0.3712,0.0073
26874,2619,dhmix_884415658126351430,309,EnthalpyOfMixing,<Substance OCCOCCO{solv}{x=0.266500}|OCc1ccccc1{solv}{x=0.733500}>,OCCOCCO,OCc1ccccc1,openff-2.2.1-ashgc,3,-0.3485892800232761,0.0564188001869927,-0.4216,0.0081
26875,2620,dhmix_925385148369690502,310,EnthalpyOfMixing,<Substance OCCOCCO{solv}{x=0.521600}|OCc1ccccc1{solv}{x=0.478400}>,OCCOCCO,OCc1ccccc1,openff-2.2.1-ashgc,3,-0.4985425061478992,0.0519693982676436,-0.4574,0.00865
26876,2621,dens_1617133138157859384,311,Density,<Substance OCCOCCO{solv}{x=0.727700}|OCc1ccccc1{solv}{x=0.272300}>,OCCOCCO,OCc1ccccc1,openff-2.2.1-ashgc,3,1.085776370463114,0.0003201611295848,1.0857000000000003,0.000275
26877,2622,dens_155791527624482863,312,Density,<Substance CC(C)CO{solv}{x=0.279300}|CCCCBr{solv}{x=0.720700}>,CC(C)CO,CCCCBr,openff-2.2.1-ashgc,3,1.1001883939233013,0.0004176331467675,1.1339800000000002,0.000305
26878,2623,dhmix_549211977118470640,313,EnthalpyOfMixing,<Substance CC(C)CO{solv}{x=0.293800}|CCCCBr{solv}{x=0.706200}>,CC(C)CO,CCCCBr,openff-2.2.1-ashgc,3,1.1601534924437615,0.043027741593132,1.248,0.0135
26879,2624,dens_692500675577783691,314,Density,<Substance CC(C)CO{solv}{x=0.793700}|CCCCBr{solv}{x=0.206300}>,CC(C)CO,CCCCBr,openff-2.2.1-ashgc,3,0.8910856139667286,0.0002178154053242,0.8962800000000002,0.00021
26880,2625,dens_841415441417626311,315,Density,<Substance CC(C)CO{solv}{x=0.498900}|CCCCBr{solv}{x=0.501100}>,CC(C)CO,CCCCBr,openff-2.2.1-ashgc,3,1.0159023118968205,0.0002415504502691,1.0366800000000005,0.000225
26881,2626,dhmix_1400807466047438160,316,EnthalpyOfMixing,<Substance CC(C)CO{solv}{x=0.499000}|CCCCBr{solv}{x=0.501000}>,CC(C)CO,CCCCBr,openff-2.2.1-ashgc,3,1.138204626498947,0.0374475127333535,1.207,0.013
26882,2627,dhmix_1959880980464917582,317,EnthalpyOfMixing,<Substance CC(C)CO{solv}{x=0.702100}|CCCCBr{solv}{x=0.297900}>,CC(C)CO,CCCCBr,openff-2.2.1-ashgc,3,0.9048712111244156,0.0362313018888,0.891,0.0095
26883,2628,dhmix_155924436295918663,318,EnthalpyOfMixing,<Substance OCCCO{solv}{x=0.501300}|O{solv}{x=0.498700}>,O,OCCCO,openff-2.2.1-ashgc,3,0.5023298088055057,0.0403283468262541,-0.992,0.0125
26884,2629,dens_867859901093068556,319,Density,<Substance OCCCO{solv}{x=0.743700}|O{solv}{x=0.256300}>,O,OCCCO,openff-2.2.1-ashgc,3,1.0508553548727833,0.0003536129207818,1.0503800000000003,0.00023
26885,2630,dhmix_2191722776959064631,320,EnthalpyOfMixing,<Substance OCCCO{solv}{x=0.743000}|O{solv}{x=0.257000}>,O,OCCCO,openff-2.2.1-ashgc,3,0.1149896324008388,0.0384853494095266,-0.633,0.008
26886,2631,dhmix_2210594516320705991,321,EnthalpyOfMixing,<Substance OCCCO{solv}{x=0.208700}|O{solv}{x=0.791300}>,O,OCCCO,openff-2.2.1-ashgc,3,0.4482054908785002,0.024390422348442,-0.924,0.012
26887,2632,dens_2211391404402371237,322,Density,<Substance OCCCO{solv}{x=0.244700}|O{solv}{x=0.755300}>,O,OCCCO,openff-2.2.1-ashgc,3,1.0237787497189408,0.00032373491518,1.0381600000000004,0.00019
26888,2633,dens_2211609476735134421,323,Density,<Substance OCCCO{solv}{x=0.500000}|O{solv}{x=0.500000}>,O,OCCCO,openff-2.2.1-ashgc,3,1.0420454183312344,0.0003064395675753,1.0492100000000002,0.000215
26889,2634,dhmix_156929898609376763,324,EnthalpyOfMixing,<Substance CN(C)CCCO{solv}{x=0.800100}|O{solv}{x=0.199900}>,CN(C)CCCO,O,openff-2.2.1-ashgc,3,-0.8774182065744895,0.0455557563440192,-1.26,0.0135
26890,2635,dhmix_786210276753247951,325,EnthalpyOfMixing,<Substance CN(C)CCCO{solv}{x=0.199800}|O{solv}{x=0.800200}>,CN(C)CCCO,O,openff-2.2.1-ashgc,3,-0.8493517866672278,0.0248526284645074,-2.514,0.027
26891,2636,dens_971674883336993154,326,Density,<Substance CN(C)CCCO{solv}{x=0.289504}|O{solv}{x=0.710496}>,CN(C)CCCO,O,openff-2.2.1-ashgc,3,0.9319953990016412,0.0003455344462467,0.9443,0.00285
26892,2637,dhmix_1330584538745399524,327,EnthalpyOfMixing,<Substance CN(C)CCCO{solv}{x=0.501900}|O{solv}{x=0.498100}>,CN(C)CCCO,O,openff-2.2.1-ashgc,3,-1.5630885753397743,0.0340404753531606,-2.706,0.029
26893,2638,dens_1781759734173902013,328,Density,<Substance CN(C)CCCO{solv}{x=0.501300}|O{solv}{x=0.498700}>,CN(C)CCCO,O,openff-2.2.1-ashgc,3,0.9176151541953738,0.0003573823311264,0.9170700000000004,8.000000000000002e-05
26894,2639,dens_2299157616447228221,329,Density,<Substance CN(C)CCCO{solv}{x=0.800600}|O{solv}{x=0.199400}>,CN(C)CCCO,O,openff-2.2.1-ashgc,3,0.9043229001137127,0.000446755676891,0.8915100000000002,9.500000000000002e-05
26895,2640,dhmix_157983773008192768,330,EnthalpyOfMixing,<Substance BrCCCBr{solv}{x=0.743200}|CCCCOC(=O)CCC{solv}{x=0.256800}>,BrCCCBr,CCCCOC(=O)CCC,openff-2.2.1-ashgc,3,-0.4184845849700522,0.0431541359105305,0.032,0.0005
26896,2641,dens_720277045338028885,331,Density,<Substance BrCCCBr{solv}{x=0.748700}|CCCCOC(=O)CCC{solv}{x=0.251300}>,BrCCCBr,CCCCOC(=O)CCC,openff-2.2.1-ashgc,3,1.5397987809120242,0.0003713441550033,1.5786600000000004,0.00038
26897,2642,dens_933248802608751708,332,Density,<Substance BrCCCBr{solv}{x=0.529700}|CCCCOC(=O)CCC{solv}{x=0.470300}>,BrCCCBr,CCCCOC(=O)CCC,openff-2.2.1-ashgc,3,1.292933514496297,0.000341486984507,1.3159400000000003,0.000255
26898,2643,dens_1048925802213854204,333,Density,<Substance BrCCCBr{solv}{x=0.259100}|CCCCOC(=O)CCC{solv}{x=0.740900}>,BrCCCBr,CCCCOC(=O)CCC,openff-2.2.1-ashgc,3,1.0472598366013657,0.0002109590782248,1.0598600000000002,0.000145
26899,2644,dhmix_1090642624443832057,334,EnthalpyOfMixing,<Substance BrCCCBr{solv}{x=0.241200}|CCCCOC(=O)CCC{solv}{x=0.758800}>,BrCCCBr,CCCCOC(=O)CCC,openff-2.2.1-ashgc,3,-0.335467559953841,0.0520146007370717,-0.094,0.001
26900,2645,dhmix_1649688325270115073,335,EnthalpyOfMixing,<Substance BrCCCBr{solv}{x=0.466700}|CCCCOC(=O)CCC{solv}{x=0.533300}>,BrCCCBr,CCCCOC(=O)CCC,openff-2.2.1-ashgc,3,-0.5361797489753144,0.0480004672550193,-0.091,0.001
26901,2646,dhmix_158101159957898775,336,EnthalpyOfMixing,<Substance CCCCCl{solv}{x=0.490000}|CN1CCCC1=O{solv}{x=0.510000}>,CCCCCl,CN1CCCC1=O,openff-2.2.1-ashgc,3,0.7340976354468935,0.0410692862545331,0.152,0.002
26902,2647,dhmix_586880142396707079,337,EnthalpyOfMixing,<Substance CCCCCl{solv}{x=0.294000}|CN1CCCC1=O{solv}{x=0.706000}>,CCCCCl,CN1CCCC1=O,openff-2.2.1-ashgc,3,0.5784570098658222,0.0367487718986584,0.145,0.002
26903,2648,dens_897975104490051322,338,Density,<Substance CCCCCl{solv}{x=0.296100}|CN1CCCC1=O{solv}{x=0.703900}>,CCCCCl,CN1CCCC1=O,openff-2.2.1-ashgc,3,0.9621930321224984,0.0002213604163641,0.9862000000000004,0.0001
26904,2649,dens_1393365907116297965,339,Density,<Substance CCCCCl{solv}{x=0.702600}|CN1CCCC1=O{solv}{x=0.297400}>,CCCCCl,CN1CCCC1=O,openff-2.2.1-ashgc,3,0.904733018128106,0.000284034072594,0.9268000000000002,0.0001
26905,2650,dhmix_1769887717174104485,340,EnthalpyOfMixing,<Substance CCCCCl{solv}{x=0.787000}|CN1CCCC1=O{solv}{x=0.213000}>,CCCCCl,CN1CCCC1=O,openff-2.2.1-ashgc,3,0.4460271129643161,0.0439794519026439,0.081,0.002
26906,2651,dens_2070183543451797213,341,Density,<Substance CCCCCl{solv}{x=0.494800}|CN1CCCC1=O{solv}{x=0.505200}>,CCCCCl,CN1CCCC1=O,openff-2.2.1-ashgc,3,0.9348795693589586,0.0002468174858685,0.9575000000000002,0.0001
26907,2652,dens_164369774990422412,342,Density,<Substance CC(C)O{solv}{x=0.764900}|CCOC=O{solv}{x=0.235100}>,CC(C)O,CCOC=O,openff-2.2.1-ashgc,3,0.8271936139173033,0.0002706871128441,0.8088000000000002,0.00035
26908,2653,dens_200561035496770448,343,Density,<Substance CC(C)O{solv}{x=0.265100}|CCOC=O{solv}{x=0.734900}>,CC(C)O,CCOC=O,openff-2.2.1-ashgc,3,0.8984421575999354,0.000266843253651,0.8710000000000002,0.0003
26909,2654,dens_1124622586228643363,344,Density,<Substance CC(C)O{solv}{x=0.441300}|CCOC=O{solv}{x=0.558700}>,CC(C)O,CCOC=O,openff-2.2.1-ashgc,3,0.8722019753745359,0.000309596161766,0.8482000000000003,0.00035
26910,2655,dens_166030075147825025,345,Density,<Substance Clc1ccccc1{solv}{x=0.467900}|c1ccccc1{solv}{x=0.532100}>,Clc1ccccc1,c1ccccc1,openff-2.2.1-ashgc,3,0.977227654405354,0.0002986620206497,0.9877000000000002,0.00025
26911,2656,dens_796537469137871297,346,Density,<Substance Clc1ccccc1{solv}{x=0.735800}|c1ccccc1{solv}{x=0.264200}>,Clc1ccccc1,c1ccccc1,openff-2.2.1-ashgc,3,1.039906245360081,0.0003333921307018,1.0465000000000002,0.0002
26912,2657,dhmix_1485547099225054006,347,EnthalpyOfMixing,<Substance Clc1ccccc1{solv}{x=0.777700}|c1ccccc1{solv}{x=0.222300}>,Clc1ccccc1,c1ccccc1,openff-2.2.1-ashgc,3,-0.0009059980208476,0.0389875425224129,-0.0036,0.0004
26913,2658,dhmix_1808283008183194060,348,EnthalpyOfMixing,<Substance Clc1ccccc1{solv}{x=0.225800}|c1ccccc1{solv}{x=0.774200}>,Clc1ccccc1,c1ccccc1,openff-2.2.1-ashgc,3,-0.0771094208659235,0.0426654183605572,-0.0046,0.0004
26914,2659,dhmix_2008892820486470381,349,EnthalpyOfMixing,<Substance Clc1ccccc1{solv}{x=0.466600}|c1ccccc1{solv}{x=0.533400}>,Clc1ccccc1,c1ccccc1,openff-2.2.1-ashgc,3,-0.0652886400589523,0.0373966732413168,-0.0057,0.0004
26915,2660,dens_2142546524113318099,350,Density,<Substance Clc1ccccc1{solv}{x=0.293100}|c1ccccc1{solv}{x=0.706900}>,Clc1ccccc1,c1ccccc1,openff-2.2.1-ashgc,3,0.9341489882226606,0.0002632183678596,0.9468000000000002,0.00025
26916,2661,dhmix_166527628917371560,351,EnthalpyOfMixing,<Substance CCCCCC(C)=O{solv}{x=0.500700}|CCCNCCC{solv}{x=0.499300}>,CCCCCC(C)=O,CCCNCCC,openff-2.2.1-ashgc,3,-0.1681578835240316,0.0507633490520236,0.162,0.002
26917,2662,dhmix_181797488552739205,352,EnthalpyOfMixing,<Substance CCCCCC(C)=O{solv}{x=0.213200}|CCCNCCC{solv}{x=0.786800}>,CCCCCC(C)=O,CCCNCCC,openff-2.2.1-ashgc,3,-0.0016561204965057,0.0463383301020354,0.137,0.0015
26918,2663,dens_286521458049436805,353,Density,<Substance CCCCCC(C)=O{solv}{x=0.542700}|CCCNCCC{solv}{x=0.457300}>,CCCCCC(C)=O,CCCNCCC,openff-2.2.1-ashgc,3,0.768420294741982,0.0002024188803036,0.7766620000000002,0.0001215
26919,2664,dens_740930494074770103,354,Density,<Substance CCCCCC(C)=O{solv}{x=0.252600}|CCCNCCC{solv}{x=0.747400}>,CCCCCC(C)=O,CCCNCCC,openff-2.2.1-ashgc,3,0.7488381024949503,0.0001371451643534,0.7540050000000001,0.0001215
26920,2665,dhmix_1180133264815330249,355,EnthalpyOfMixing,<Substance CCCCCC(C)=O{solv}{x=0.788000}|CCCNCCC{solv}{x=0.212000}>,CCCCCC(C)=O,CCCNCCC,openff-2.2.1-ashgc,3,-0.1179278496236264,0.0511572288459891,0.088,0.001
26921,2666,dens_1237727796782189302,356,Density,<Substance CCCCCC(C)=O{solv}{x=0.741800}|CCCNCCC{solv}{x=0.258200}>,CCCCCC(C)=O,CCCNCCC,openff-2.2.1-ashgc,3,0.7804997676172073,0.0001908094704202,0.7918920000000003,0.00012
26922,2667,dens_168376639142843665,357,Density,<Substance BrCCBr{solv}{x=0.084500}|CCOC(=O)CC{solv}{x=0.915500}>,BrCCBr,CCOC(=O)CC,openff-2.2.1-ashgc,3,0.9641493822612622,0.0002556240904456,0.9671200000000002,0.001185
26923,2668,dhmix_897092526028522426,358,EnthalpyOfMixing,<Substance BrCCBr{solv}{x=0.753700}|CCOC(=O)CC{solv}{x=0.246300}>,BrCCBr,CCOC(=O)CC,openff-2.2.1-ashgc,3,-0.2562249191397665,0.0309174233056993,0.0052,0.0008
26924,2669,dhmix_1078383344298013541,359,EnthalpyOfMixing,<Substance BrCCBr{solv}{x=0.084100}|CCOC(=O)CC{solv}{x=0.915900}>,BrCCBr,CCOC(=O)CC,openff-2.2.1-ashgc,3,-0.1331328574024572,0.0479944732293722,-0.0683,0.0014
26925,2670,dhmix_1103515663691342839,360,EnthalpyOfMixing,<Substance BrCCBr{solv}{x=0.514000}|CCOC(=O)CC{solv}{x=0.486000}>,BrCCBr,CCOC(=O)CC,openff-2.2.1-ashgc,3,-0.4267609014883327,0.0377216758417735,-0.1259,0.00205
26926,2671,dens_1193015082780501702,361,Density,<Substance BrCCBr{solv}{x=0.484400}|CCOC(=O)CC{solv}{x=0.515600}>,BrCCBr,CCOC(=O)CC,openff-2.2.1-ashgc,3,1.3952823474771607,0.0003996656766586,1.4136000000000002,0.001165
26927,2672,dens_1660732943693703463,362,Density,<Substance BrCCBr{solv}{x=0.714800}|CCOC(=O)CC{solv}{x=0.285200}>,BrCCBr,CCOC(=O)CC,openff-2.2.1-ashgc,3,1.6870239015598736,0.000603023908535,1.7205300000000003,0.000985
26928,2673,dens_172622055198885625,363,Density,<Substance CCCCOCCO{solv}{x=0.499500}|c1ccccc1{solv}{x=0.500500}>,CCCCOCCO,c1ccccc1,openff-2.2.1-ashgc,3,0.8740744631986311,0.0002424575876196,0.8864700000000002,0.000795
26929,2674,dens_615182082919776992,364,Density,<Substance CCCCOCCO{solv}{x=0.753500}|c1ccccc1{solv}{x=0.246500}>,CCCCOCCO,c1ccccc1,openff-2.2.1-ashgc,3,0.8810755328619762,0.0001700827857383,0.8924600000000003,0.00077
26930,2675,dens_1014762781474427089,365,Density,<Substance CCCCOCCO{solv}{x=0.248800}|c1ccccc1{solv}{x=0.751200}>,CCCCOCCO,c1ccccc1,openff-2.2.1-ashgc,3,0.8663583065162415,0.0002486428623727,0.8790000000000002,0.00083
26931,2676,dhmix_1209838039340638454,366,EnthalpyOfMixing,<Substance CCCCOCCO{solv}{x=0.729700}|c1ccccc1{solv}{x=0.270300}>,CCCCOCCO,c1ccccc1,openff-2.2.1-ashgc,3,0.4361805404027308,0.0483847720113802,0.3037,0.00335
26932,2677,dhmix_1416395432810708431,367,EnthalpyOfMixing,<Substance CCCCOCCO{solv}{x=0.266500}|c1ccccc1{solv}{x=0.733500}>,CCCCOCCO,c1ccccc1,openff-2.2.1-ashgc,3,0.600699261464257,0.0454182276102195,0.6895,0.00745
26933,2678,dhmix_1775479338186698605,368,EnthalpyOfMixing,<Substance CCCCOCCO{solv}{x=0.503000}|c1ccccc1{solv}{x=0.497000}>,CCCCOCCO,c1ccccc1,openff-2.2.1-ashgc,3,0.4848789708785403,0.0499173838688293,0.5563,0.00605
26934,2679,dens_173950346939686352,369,Density,<Substance CCOC(=O)CC(=O)OCC{solv}{x=0.797800}|CO{solv}{x=0.202200}>,CCOC(=O)CC(=O)OCC,CO,openff-2.2.1-ashgc,3,1.041419445490617,0.0002408988378391,1.0336070000000002,0.0001155
26935,2680,dhmix_796570713446660029,370,EnthalpyOfMixing,<Substance CCOC(=O)CC(=O)OCC{solv}{x=0.745300}|CO{solv}{x=0.254700}>,CCOC(=O)CC(=O)OCC,CO,openff-2.2.1-ashgc,3,0.8888686622366606,0.0488551923210883,1.184,0.013
26936,2681,dhmix_1053189657313504079,371,EnthalpyOfMixing,<Substance CCOC(=O)CC(=O)OCC{solv}{x=0.499300}|CO{solv}{x=0.500700}>,CCOC(=O)CC(=O)OCC,CO,openff-2.2.1-ashgc,3,1.1790937683477123,0.036696398120493,1.426,0.0155
26937,2682,dens_1109796780897697143,372,Density,<Substance CCOC(=O)CC(=O)OCC{solv}{x=0.500400}|CO{solv}{x=0.499600}>,CCOC(=O)CC(=O)OCC,CO,openff-2.2.1-ashgc,3,0.99941761506501,0.0002177693298232,0.9962350000000002,9.150000000000002e-05
26938,2683,dens_1145191816882985532,373,Density,<Substance CCOC(=O)CC(=O)OCC{solv}{x=0.250100}|CO{solv}{x=0.749900}>,CCOC(=O)CC(=O)OCC,CO,openff-2.2.1-ashgc,3,0.9320924242757826,0.0002916376845737,0.9355040000000002,0.0001385
26939,2684,dhmix_1394433819711651760,374,EnthalpyOfMixing,<Substance CCOC(=O)CC(=O)OCC{solv}{x=0.251500}|CO{solv}{x=0.748500}>,CCOC(=O)CC(=O)OCC,CO,openff-2.2.1-ashgc,3,1.0188998581509097,0.0337286068318444,1.083,0.0115
26940,2685,dhmix_176700813960387714,375,EnthalpyOfMixing,<Substance CC(=O)N(C)C{solv}{x=0.211000}|ClCCCCCl{solv}{x=0.789000}>,CC(=O)N(C)C,ClCCCCCl,openff-2.2.1-ashgc,3,0.1527550130756907,0.0409063240836975,-0.188,0.0025
26941,2686,dhmix_422276068008732896,376,EnthalpyOfMixing,<Substance CC(=O)N(C)C{solv}{x=0.506000}|ClCCCCCl{solv}{x=0.494000}>,CC(=O)N(C)C,ClCCCCCl,openff-2.2.1-ashgc,3,0.1615437664526524,0.0400448313079644,-0.314,0.0025
26942,2687,dhmix_591740475541975327,377,EnthalpyOfMixing,<Substance CC(=O)N(C)C{solv}{x=0.705000}|ClCCCCCl{solv}{x=0.295000}>,CC(=O)N(C)C,ClCCCCCl,openff-2.2.1-ashgc,3,0.1725598689629528,0.039770888912149,-0.281,0.0025
26943,2688,dens_600718364672681210,378,Density,<Substance CC(=O)N(C)C{solv}{x=0.200100}|ClCCCCCl{solv}{x=0.799900}>,CC(=O)N(C)C,ClCCCCCl,openff-2.2.1-ashgc,3,1.0751501007885342,0.0003364435392075,1.0978,0.0023
26944,2689,dens_833309518494254389,379,Density,<Substance CC(=O)N(C)C{solv}{x=0.698700}|ClCCCCCl{solv}{x=0.301300}>,CC(=O)N(C)C,ClCCCCCl,openff-2.2.1-ashgc,3,0.9699706516002204,0.0002498813861214,1.0011000000000003,0.0023
26945,2690,dens_1473570029953486090,380,Density,<Substance CC(=O)N(C)C{solv}{x=0.500900}|ClCCCCCl{solv}{x=0.499100}>,CC(=O)N(C)C,ClCCCCCl,openff-2.2.1-ashgc,3,1.0141131792309184,0.000275821191859,1.0407000000000004,0.00225
26946,2691,dens_176740025668330569,381,Density,<Substance C1CCCCC1{solv}{x=0.499400}|C1COCCO1{solv}{x=0.500600}>,C1CCCCC1,C1COCCO1,openff-2.2.1-ashgc,3,0.8665098484152718,0.000221458150659,0.8769800000000002,8.500000000000002e-05
26947,2692,dens_476825312331327209,382,Density,<Substance C1CCCCC1{solv}{x=0.297200}|C1COCCO1{solv}{x=0.702800}>,C1CCCCC1,C1COCCO1,openff-2.2.1-ashgc,3,0.925323184085374,0.0002562915287274,0.9312200000000004,7.000000000000002e-05
26948,2693,dens_985438980823024302,383,Density,<Substance C1CCCCC1{solv}{x=0.699700}|C1COCCO1{solv}{x=0.300300}>,C1CCCCC1,C1COCCO1,openff-2.2.1-ashgc,3,0.8146252904513195,0.000225867639626,0.8305800000000002,0.0001
26949,2694,dhmix_1624213860575299641,384,EnthalpyOfMixing,<Substance C1CCCCC1{solv}{x=0.492800}|C1COCCO1{solv}{x=0.507200}>,C1CCCCC1,C1COCCO1,openff-2.2.1-ashgc,3,1.9851822291565355,0.032486073915802,1.588,0.008
26950,2695,dhmix_1900199136965747019,385,EnthalpyOfMixing,<Substance C1CCCCC1{solv}{x=0.239400}|C1COCCO1{solv}{x=0.760600}>,C1CCCCC1,C1COCCO1,openff-2.2.1-ashgc,3,1.421810778480889,0.0425429865048904,1.124,0.007
26951,2696,dhmix_2022274493214392184,386,EnthalpyOfMixing,<Substance C1CCCCC1{solv}{x=0.744200}|C1COCCO1{solv}{x=0.255800}>,C1CCCCC1,C1COCCO1,openff-2.2.1-ashgc,3,1.564457905586579,0.0429548671376974,1.262,0.007
26952,2697,dhmix_182795551078530810,387,EnthalpyOfMixing,<Substance C1COCCO1{solv}{x=0.491200}|Cc1ccccc1Cl{solv}{x=0.508800}>,C1COCCO1,Cc1ccccc1Cl,openff-2.2.1-ashgc,3,0.4081392578859351,0.0429857324703827,0.356,0.002
26953,2698,dens_242592003865933955,388,Density,<Substance C1COCCO1{solv}{x=0.835700}|Cc1ccccc1Cl{solv}{x=0.164300}>,C1COCCO1,Cc1ccccc1Cl,openff-2.2.1-ashgc,3,1.0244525956130437,0.0002496996813072,1.0256,0.0005
26954,2699,dens_810150133181620718,389,Density,<Substance C1COCCO1{solv}{x=0.513600}|Cc1ccccc1Cl{solv}{x=0.486400}>,C1COCCO1,Cc1ccccc1Cl,openff-2.2.1-ashgc,3,1.0504814285355055,0.0002004534137697,1.0536,0.0005
26955,2700,dhmix_1949119093643648586,390,EnthalpyOfMixing,<Substance C1COCCO1{solv}{x=0.246200}|Cc1ccccc1Cl{solv}{x=0.753800}>,C1COCCO1,Cc1ccccc1Cl,openff-2.2.1-ashgc,3,0.2396783132206081,0.047990645898878,0.206,0.001
26956,2701,dens_2161584607380261748,391,Density,<Substance C1COCCO1{solv}{x=0.226300}|Cc1ccccc1Cl{solv}{x=0.773700}>,C1COCCO1,Cc1ccccc1Cl,openff-2.2.1-ashgc,3,1.060690871406975,0.0002908929061191,1.0674000000000003,0.0005
26957,2702,dhmix_2190589845176325501,392,EnthalpyOfMixing,<Substance C1COCCO1{solv}{x=0.835700}|Cc1ccccc1Cl{solv}{x=0.164300}>,C1COCCO1,Cc1ccccc1Cl,openff-2.2.1-ashgc,3,0.1302080582373861,0.042698044717385,0.244,0.0015
26958,2703,dens_194492664772262961,393,Density,<Substance CCCOC=O{solv}{x=0.479500}|ClCCCl{solv}{x=0.520500}>,CCCOC=O,ClCCCl,openff-2.2.1-ashgc,3,1.0572592769385618,0.0003041457175741,1.0603100000000003,0.00196
26959,2704,dhmix_438833720470542962,394,EnthalpyOfMixing,<Substance CCCOC=O{solv}{x=0.738500}|ClCCCl{solv}{x=0.261500}>,CCCOC=O,ClCCCl,openff-2.2.1-ashgc,3,0.0073838095827483,0.040444988185349,-0.205,0.0025
26960,2705,dens_598528978367940263,395,Density,<Substance CCCOC=O{solv}{x=0.254300}|ClCCCl{solv}{x=0.745700}>,CCCOC=O,ClCCCl,openff-2.2.1-ashgc,3,1.1253811613087268,0.0004330635873835,1.1418800000000005,0.002835
26961,2706,dens_822197650497048256,396,Density,<Substance CCCOC=O{solv}{x=0.728100}|ClCCCl{solv}{x=0.271900}>,CCCOC=O,ClCCCl,openff-2.2.1-ashgc,3,0.985181915259557,0.0002626383355378,0.9794600000000002,0.001275
26962,2707,dhmix_1971772628311560569,397,EnthalpyOfMixing,<Substance CCCOC=O{solv}{x=0.503500}|ClCCCl{solv}{x=0.496500}>,CCCOC=O,ClCCCl,openff-2.2.1-ashgc,3,0.1073762472208699,0.0345493041187247,-0.254,0.003
26963,2708,dhmix_2087301877194561078,398,EnthalpyOfMixing,<Substance CCCOC=O{solv}{x=0.273300}|ClCCCl{solv}{x=0.726700}>,CCCOC=O,ClCCCl,openff-2.2.1-ashgc,3,0.0603527769017624,0.0349403362714353,-0.154,0.002
26964,2709,dens_196547737404430199,399,Density,<Substance CCC(C)(C)O{solv}{x=0.258400}|CCO{solv}{x=0.741600}>,CCC(C)(C)O,CCO,openff-2.2.1-ashgc,3,0.7998286267150401,0.0003136331125197,0.7933000000000001,0.0005
26965,2710,dens_476512869308734578,400,Density,<Substance CCC(C)(C)O{solv}{x=0.549500}|CCO{solv}{x=0.450500}>,CCC(C)(C)O,CCO,openff-2.2.1-ashgc,3,0.8114977247097779,0.000390817805605,0.8018000000000002,0.0005
26966,2711,dens_822446541953482206,401,Density,<Substance CCC(C)(C)O{solv}{x=0.676500}|CCO{solv}{x=0.323500}>,CCC(C)(C)O,CCO,openff-2.2.1-ashgc,3,0.8155001513865252,0.0002854830094088,0.8048000000000002,0.0005
26967,2712,dhmix_935690434592096067,402,EnthalpyOfMixing,<Substance CCC(C)(C)O{solv}{x=0.460700}|CCO{solv}{x=0.539300}>,CCC(C)(C)O,CCO,openff-2.2.1-ashgc,3,-0.7599249915401698,0.0409517202994872,-0.95,0.00405
26968,2713,dhmix_1167190373485301023,403,EnthalpyOfMixing,<Substance CCC(C)(C)O{solv}{x=0.730600}|CCO{solv}{x=0.269400}>,CCC(C)(C)O,CCO,openff-2.2.1-ashgc,3,-0.67403798592856,0.0468750312297238,-0.7709,0.00335
26969,2714,dhmix_1275914601266938667,404,EnthalpyOfMixing,<Substance CCC(C)(C)O{solv}{x=0.280700}|CCO{solv}{x=0.719300}>,CCC(C)(C)O,CCO,openff-2.2.1-ashgc,3,-0.5955303528206586,0.0329999025169808,-0.7056,0.0031
26970,2715,dens_196896428021674416,405,Density,<Substance OCCCCO{solv}{x=0.250400}|O{solv}{x=0.749600}>,O,OCCCCO,openff-2.2.1-ashgc,3,1.003497014996655,0.0003298859657459,1.0206500000000005,0.000165
26971,2716,dhmix_204758826312645465,406,EnthalpyOfMixing,<Substance OCCCCO{solv}{x=0.498600}|O{solv}{x=0.501400}>,O,OCCCCO,openff-2.2.1-ashgc,3,0.6509975394552896,0.0387161058661492,-0.882,0.011
26972,2717,dens_523660418548538159,407,Density,<Substance OCCCCO{solv}{x=0.502000}|O{solv}{x=0.498000}>,O,OCCCCO,openff-2.2.1-ashgc,3,1.0125874556841843,0.0003368973738408,1.0207100000000002,0.000175
26973,2718,dhmix_1424462945700338266,408,EnthalpyOfMixing,<Substance OCCCCO{solv}{x=0.794700}|O{solv}{x=0.205300}>,O,OCCCCO,openff-2.2.1-ashgc,3,0.3244451360350997,0.0489468076182845,-0.513,0.007
26974,2719,dhmix_2166372532060643622,409,EnthalpyOfMixing,<Substance OCCCCO{solv}{x=0.265800}|O{solv}{x=0.734200}>,O,OCCCCO,openff-2.2.1-ashgc,3,0.6613843658502461,0.0275224468358683,-0.896,0.0115
26975,2720,dens_2215793475715067258,410,Density,<Substance OCCCCO{solv}{x=0.752800}|O{solv}{x=0.247200}>,O,OCCCCO,openff-2.2.1-ashgc,3,1.015586607809298,0.0003294511298521,1.0165900000000003,0.00018
26976,2721,dhmix_199788824133179829,411,EnthalpyOfMixing,<Substance CNc1ccccc1{solv}{x=0.497300}|Cc1ccccc1{solv}{x=0.502700}>,CNc1ccccc1,Cc1ccccc1,openff-2.2.1-ashgc,3,0.8421133576687083,0.0417006826752099,0.497,0.0055
26977,2722,dens_515118724178190757,412,Density,<Substance CNc1ccccc1{solv}{x=0.740700}|Cc1ccccc1{solv}{x=0.259300}>,CNc1ccccc1,Cc1ccccc1,openff-2.2.1-ashgc,3,0.9525502281875754,0.0002089355706264,0.9531280000000004,0.0002595
26978,2723,dens_730775902780400634,413,Density,<Substance CNc1ccccc1{solv}{x=0.245200}|Cc1ccccc1{solv}{x=0.754800}>,CNc1ccccc1,Cc1ccccc1,openff-2.2.1-ashgc,3,0.8808528538363637,0.0002369640905963,0.8935250000000002,0.000118
26979,2724,dhmix_1213795502778853356,414,EnthalpyOfMixing,<Substance CNc1ccccc1{solv}{x=0.295200}|Cc1ccccc1{solv}{x=0.704800}>,CNc1ccccc1,Cc1ccccc1,openff-2.2.1-ashgc,3,0.7895582202131948,0.0460568925701,0.459,0.005
26980,2725,dhmix_1321810550349826496,415,EnthalpyOfMixing,<Substance CNc1ccccc1{solv}{x=0.789200}|Cc1ccccc1{solv}{x=0.210800}>,CNc1ccccc1,Cc1ccccc1,openff-2.2.1-ashgc,3,0.5399486976586694,0.0634781835902422,0.287,0.003
26981,2726,dens_2156484405108449314,416,Density,<Substance CNc1ccccc1{solv}{x=0.490000}|Cc1ccccc1{solv}{x=0.510000}>,CNc1ccccc1,Cc1ccccc1,openff-2.2.1-ashgc,3,0.9165960273573794,0.0001856400350888,0.9235800000000004,0.000164
26982,2727,dens_199829369486957606,417,Density,<Substance CC#N{solv}{x=0.200300}|c1ccccc1{solv}{x=0.799700}>,CC#N,c1ccccc1,openff-2.2.1-ashgc,3,0.849054801674024,0.0002690438041214,0.8623400000000002,7.000000000000002e-05
26983,2728,dhmix_217315956534335620,418,EnthalpyOfMixing,<Substance CC#N{solv}{x=0.771500}|c1ccccc1{solv}{x=0.228500}>,CC#N,c1ccccc1,openff-2.2.1-ashgc,3,-0.0443420685248963,0.0317050120795027,0.3988,0.00815
26984,2729,dhmix_730497723685339496,419,EnthalpyOfMixing,<Substance CC#N{solv}{x=0.219600}|c1ccccc1{solv}{x=0.780400}>,CC#N,c1ccccc1,openff-2.2.1-ashgc,3,-3.614954088249078e-05,0.0365169380373251,0.2399,0.00495
26985,2730,dhmix_1038591828122641798,420,EnthalpyOfMixing,<Substance CC#N{solv}{x=0.529500}|c1ccccc1{solv}{x=0.470500}>,CC#N,c1ccccc1,openff-2.2.1-ashgc,3,-0.008928143721512,0.0274541393251743,0.4415,0.00905
26986,2731,dens_1457706963514561052,421,Density,<Substance CC#N{solv}{x=0.500100}|c1ccccc1{solv}{x=0.499900}>,CC#N,c1ccccc1,openff-2.2.1-ashgc,3,0.8294196032437978,0.000276381650045,0.8384600000000002,7.500000000000002e-05
26987,2732,dens_2111393000623474162,422,Density,<Substance CC#N{solv}{x=0.700200}|c1ccccc1{solv}{x=0.299800}>,CC#N,c1ccccc1,openff-2.2.1-ashgc,3,0.8114217465536849,0.0002988268157914,0.8174500000000002,7.500000000000002e-05
26988,2733,dens_201591193434833206,423,Density,<Substance CC(C)CC(C)(C)C{solv}{x=0.082400}|CCO{solv}{x=0.917600}>,CC(C)CC(C)(C)C,CCO,openff-2.2.1-ashgc,3,0.7604476283880517,0.000224692431593,0.7605800000000003,0.000125
26989,2734,dhmix_371477530823830451,424,EnthalpyOfMixing,<Substance CC(C)CC(C)(C)C{solv}{x=0.761700}|CCO{solv}{x=0.238300}>,CC(C)CC(C)(C)C,CCO,openff-2.2.1-ashgc,3,0.9348536849275604,0.0511571776913422,0.634022,0.006851
26990,2735,dhmix_1127868571780691876,425,EnthalpyOfMixing,<Substance CC(C)CC(C)(C)C{solv}{x=0.515800}|CCO{solv}{x=0.484200}>,CC(C)CC(C)(C)C,CCO,openff-2.2.1-ashgc,3,0.984613632074172,0.0421666857131549,0.638973,0.006903
26991,2736,dens_1250915879314267304,426,Density,<Substance CC(C)CC(C)(C)C{solv}{x=0.493740}|CCO{solv}{x=0.506260}>,CC(C)CC(C)(C)C,CCO,openff-2.2.1-ashgc,3,0.7209882760004793,0.0001900228103519,0.7110500000000001,7.500000000000002e-05
26992,2737,dens_1473791133383705310,427,Density,<Substance CC(C)CC(C)(C)C{solv}{x=0.735960}|CCO{solv}{x=0.264040}>,CC(C)CC(C)(C)C,CCO,openff-2.2.1-ashgc,3,0.7095704108143199,0.0002216165792947,0.6967900000000001,7.500000000000002e-05
26993,2738,dhmix_1870637719976274804,428,EnthalpyOfMixing,<Substance CC(C)CC(C)(C)C{solv}{x=0.081500}|CCO{solv}{x=0.918500}>,CC(C)CC(C)(C)C,CCO,openff-2.2.1-ashgc,3,0.2946130572775729,0.0370855978804119,0.197762,0.0022405
26994,2739,dens_202472488934755108,429,Density,<Substance CCC#N{solv}{x=0.301800}|CCOC(C)(C)C{solv}{x=0.698200}>,CCC#N,CCOC(C)(C)C,openff-2.2.1-ashgc,3,0.7547040143618327,0.0002217285890545,0.7455000000000002,0.0002
26995,2740,dens_266175665931869051,430,Density,<Substance CCC#N{solv}{x=0.701400}|CCOC(C)(C)C{solv}{x=0.298600}>,CCC#N,CCOC(C)(C)C,openff-2.2.1-ashgc,3,0.7661378947139663,0.0002367320923109,0.7617000000000003,0.00035
26996,2741,dhmix_801664072836508009,431,EnthalpyOfMixing,<Substance CCC#N{solv}{x=0.301800}|CCOC(C)(C)C{solv}{x=0.698200}>,CCC#N,CCOC(C)(C)C,openff-2.2.1-ashgc,3,0.097840958774551,0.0465833077617172,0.4557,0.0062
26997,2742,dhmix_1220778152018571786,432,EnthalpyOfMixing,<Substance CCC#N{solv}{x=0.501400}|CCOC(C)(C)C{solv}{x=0.498600}>,CCC#N,CCOC(C)(C)C,openff-2.2.1-ashgc,3,0.1067435533756544,0.037991570835565,0.5053,0.00685
26998,2743,dhmix_1838699488178562925,433,EnthalpyOfMixing,<Substance CCC#N{solv}{x=0.701400}|CCOC(C)(C)C{solv}{x=0.298600}>,CCC#N,CCOC(C)(C)C,openff-2.2.1-ashgc,3,0.0705340818281214,0.0363355433463338,0.4078,0.0056
26999,2744,dens_1870081876609026392,434,Density,<Substance CCC#N{solv}{x=0.501400}|CCOC(C)(C)C{solv}{x=0.498600}>,CCC#N,CCOC(C)(C)C,openff-2.2.1-ashgc,3,0.7599365272590053,0.0002209498916155,0.7532000000000002,0.0003
27000,2745,dens_205210513551931414,435,Density,<Substance CCCC#N{solv}{x=0.200000}|c1ccccc1{solv}{x=0.800000}>,CCCC#N,c1ccccc1,openff-2.2.1-ashgc,3,0.8435194112077534,0.0002833563101042,0.8576940000000002,5.400000000000001e-05
27001,2746,dens_841576887891022329,436,Density,<Substance CCCC#N{solv}{x=0.500000}|c1ccccc1{solv}{x=0.500000}>,CCCC#N,c1ccccc1,openff-2.2.1-ashgc,3,0.8207730104138306,0.0002393426932983,0.8318550000000002,5.8000000000000014e-05
27002,2747,dhmix_901910638840590393,437,EnthalpyOfMixing,<Substance CCCC#N{solv}{x=0.503700}|c1ccccc1{solv}{x=0.496300}>,CCCC#N,c1ccccc1,openff-2.2.1-ashgc,3,-0.1356269817924911,0.0363859124805049,-0.0659,0.00145
27003,2748,dhmix_1123099162248680479,438,EnthalpyOfMixing,<Substance CCCC#N{solv}{x=0.752800}|c1ccccc1{solv}{x=0.247200}>,CCCC#N,c1ccccc1,openff-2.2.1-ashgc,3,-0.0315847931891752,0.0368416426523556,-0.0312,0.0008
27004,2749,dhmix_1318990508180847616,439,EnthalpyOfMixing,<Substance CCCC#N{solv}{x=0.252800}|c1ccccc1{solv}{x=0.747200}>,CCCC#N,c1ccccc1,openff-2.2.1-ashgc,3,-0.1315989416917631,0.039655292642214,-0.0571,0.00125
27005,2750,dens_1950627772023797339,440,Density,<Substance CCCC#N{solv}{x=0.700000}|c1ccccc1{solv}{x=0.300000}>,CCCC#N,c1ccccc1,openff-2.2.1-ashgc,3,0.8048173302023633,0.000252051249973,0.8138540000000002,6.100000000000001e-05
27006,2751,dhmix_207411229673186667,441,EnthalpyOfMixing,<Substance CC(C)(C)Cl{solv}{x=0.774700}|CC(C)OC(C)C{solv}{x=0.225300}>,CC(C)(C)Cl,CC(C)OC(C)C,openff-2.2.1-ashgc,3,-0.0454916037782453,0.039093684749267,0.0035,0.0004
27007,2752,dhmix_263164663491745943,442,EnthalpyOfMixing,<Substance CC(C)(C)Cl{solv}{x=0.551200}|CC(C)OC(C)C{solv}{x=0.448800}>,CC(C)(C)Cl,CC(C)OC(C)C,openff-2.2.1-ashgc,3,-0.145735924576897,0.042834088768846,0.0071,0.0004
27008,2753,dens_1527979990628499053,443,Density,<Substance CC(C)(C)Cl{solv}{x=0.514800}|CC(C)OC(C)C{solv}{x=0.485200}>,CC(C)(C)Cl,CC(C)OC(C)C,openff-2.2.1-ashgc,3,0.7893318237571564,0.0002565214994592,0.7723510000000002,0.00042
27009,2754,dens_1616242241384486673,444,Density,<Substance CC(C)(C)Cl{solv}{x=0.715200}|CC(C)OC(C)C{solv}{x=0.284800}>,CC(C)(C)Cl,CC(C)OC(C)C,openff-2.2.1-ashgc,3,0.8133342099288665,0.0002773344751222,0.7971450000000002,0.0003945
27010,2755,dens_2075469437997722238,445,Density,<Substance CC(C)(C)Cl{solv}{x=0.199100}|CC(C)OC(C)C{solv}{x=0.800900}>,CC(C)(C)Cl,CC(C)OC(C)C,openff-2.2.1-ashgc,3,0.7534527210069607,0.0002238546874247,0.7376660000000003,0.0004545
27011,2756,dhmix_2101531043492089277,446,EnthalpyOfMixing,<Substance CC(C)(C)Cl{solv}{x=0.219200}|CC(C)OC(C)C{solv}{x=0.780800}>,CC(C)(C)Cl,CC(C)OC(C)C,openff-2.2.1-ashgc,3,-0.0079428624162574,0.040839662478946,0.007,0.0004
27012,2757,dens_210389881425986721,447,Density,<Substance C1COCO1{solv}{x=0.785000}|CCCCCC(C)=O{solv}{x=0.215000}>,C1COCO1,CCCCCC(C)=O,openff-2.2.1-ashgc,3,0.9830193041651774,0.0002629451870944,0.9696500000000002,0.0003
27013,2758,dhmix_503329310014436107,448,EnthalpyOfMixing,<Substance C1COCO1{solv}{x=0.750000}|CCCCCC(C)=O{solv}{x=0.250000}>,C1COCO1,CCCCCC(C)=O,openff-2.2.1-ashgc,3,0.5231127120097909,0.0381760669205224,0.37402,0.001955
27014,2759,dens_824084186033535550,449,Density,<Substance C1COCO1{solv}{x=0.507100}|CCCCCC(C)=O{solv}{x=0.492900}>,C1COCO1,CCCCCC(C)=O,openff-2.2.1-ashgc,3,0.8928649984173063,0.0002227027931603,0.8936300000000003,0.00034
27015,2760,dens_839548343309182157,450,Density,<Substance C1COCO1{solv}{x=0.244000}|CCCCCC(C)=O{solv}{x=0.756000}>,C1COCO1,CCCCCC(C)=O,openff-2.2.1-ashgc,3,0.8351636781436842,0.0001373235676063,0.8445200000000002,0.00038
27016,2761,dhmix_1519451899562488304,451,EnthalpyOfMixing,<Substance C1COCO1{solv}{x=0.250000}|CCCCCC(C)=O{solv}{x=0.750000}>,C1COCO1,CCCCCC(C)=O,openff-2.2.1-ashgc,3,0.3808081018800493,0.0438458588567137,0.2754,0.00155
27017,2762,dhmix_1874814461447958752,452,EnthalpyOfMixing,<Substance C1COCO1{solv}{x=0.500000}|CCCCCC(C)=O{solv}{x=0.500000}>,C1COCO1,CCCCCC(C)=O,openff-2.2.1-ashgc,3,0.5239632636404536,0.0429188787780451,0.43148,0.00217
27018,2763,dhmix_219236717194413479,453,EnthalpyOfMixing,<Substance CCOc1ccccc1{solv}{x=0.762500}|OCCCc1ccccc1{solv}{x=0.237500}>,CCOc1ccccc1,OCCCc1ccccc1,openff-2.2.1-ashgc,3,0.9978073220149212,0.0574638873763919,1.1164,0.01195
27019,2764,dens_391027492102555874,454,Density,<Substance CCOc1ccccc1{solv}{x=0.515000}|OCCCc1ccccc1{solv}{x=0.485000}>,CCOc1ccccc1,OCCCc1ccccc1,openff-2.2.1-ashgc,3,0.9587997697336552,0.0002085042139293,0.9715100000000002,0.00026
27020,2765,dens_603450583692592837,455,Density,<Substance CCOc1ccccc1{solv}{x=0.707400}|OCCCc1ccccc1{solv}{x=0.292600}>,CCOc1ccccc1,OCCCc1ccccc1,openff-2.2.1-ashgc,3,0.9520912948378232,0.0002064210026244,0.9634300000000002,0.00026
27021,2766,dhmix_1297428070131435744,456,EnthalpyOfMixing,<Substance CCOc1ccccc1{solv}{x=0.516900}|OCCCc1ccccc1{solv}{x=0.483100}>,CCOc1ccccc1,OCCCc1ccccc1,openff-2.2.1-ashgc,3,0.760209847212181,0.0420473579736479,0.989,0.0106
27022,2767,dens_1659818614169719187,457,Density,<Substance CCOc1ccccc1{solv}{x=0.216400}|OCCCc1ccccc1{solv}{x=0.783600}>,CCOc1ccccc1,OCCCc1ccccc1,openff-2.2.1-ashgc,3,0.9705700938401792,0.0002145746881678,0.9832000000000004,0.00026
27023,2768,dhmix_2058966624473104004,458,EnthalpyOfMixing,<Substance CCOc1ccccc1{solv}{x=0.262900}|OCCCc1ccccc1{solv}{x=0.737100}>,CCOc1ccccc1,OCCCc1ccccc1,openff-2.2.1-ashgc,3,0.4805086642037111,0.0627458104233117,0.7,0.00755
27024,2769,dhmix_224977805525763267,459,EnthalpyOfMixing,<Substance OCCO{solv}{x=0.519300}|O{solv}{x=0.480700}>,O,OCCO,openff-2.2.1-ashgc,3,0.1005569658477263,0.0351051285407814,-0.64,0.0035
27025,2770,dhmix_454389511592218960,460,EnthalpyOfMixing,<Substance OCCO{solv}{x=0.790900}|O{solv}{x=0.209100}>,O,OCCO,openff-2.2.1-ashgc,3,0.053181929682136,0.0382055295976595,-0.347,0.0025
27026,2771,dens_624011570206871166,461,Density,<Substance OCCO{solv}{x=0.500560}|O{solv}{x=0.499440}>,O,OCCO,openff-2.2.1-ashgc,3,1.0872321804589653,0.0002245298454023,1.0923200000000002,0.0005
27027,2772,dhmix_997365299263661959,462,EnthalpyOfMixing,<Substance OCCO{solv}{x=0.205100}|O{solv}{x=0.794900}>,O,OCCO,openff-2.2.1-ashgc,3,0.1810624655180106,0.026381835840986,-0.681,0.004
27028,2773,dens_1521229282261002740,463,Density,<Substance OCCO{solv}{x=0.299010}|O{solv}{x=0.700990}>,O,OCCO,openff-2.2.1-ashgc,3,1.0618732761739944,0.0003901700697477,1.0735400000000002,0.0005
27029,2774,dens_2015496231826454735,464,Density,<Substance OCCO{solv}{x=0.706260}|O{solv}{x=0.293740}>,O,OCCO,openff-2.2.1-ashgc,3,1.1032903830046052,0.0003113558343572,1.1022400000000003,0.0005
27030,2775,dhmix_230261418136264651,465,EnthalpyOfMixing,<Substance CCCCOC(C)=O{solv}{x=0.700700}|CCOC(C)=O{solv}{x=0.299300}>,CCCCOC(C)=O,CCOC(C)=O,openff-2.2.1-ashgc,3,0.084518635056991,0.0466430756338947,0.0594,0.001
27031,2776,dhmix_287092636460772443,466,EnthalpyOfMixing,<Substance CCCCOC(C)=O{solv}{x=0.501800}|CCOC(C)=O{solv}{x=0.498200}>,CCCCOC(C)=O,CCOC(C)=O,openff-2.2.1-ashgc,3,-0.0070579117260578,0.0450438669142656,0.076,0.0012
27032,2777,dens_436289636626232396,467,Density,<Substance CCCCOC(C)=O{solv}{x=0.501800}|CCOC(C)=O{solv}{x=0.498200}>,CCCCOC(C)=O,CCOC(C)=O,openff-2.2.1-ashgc,3,0.8877519536177476,0.0002190973701239,0.8829000000000002,0.0002
27033,2778,dens_1739528506032569134,468,Density,<Substance CCCCOC(C)=O{solv}{x=0.201200}|CCOC(C)=O{solv}{x=0.798800}>,CCCCOC(C)=O,CCOC(C)=O,openff-2.2.1-ashgc,3,0.8958587947719995,0.0002415572505563,0.8889000000000001,0.0002
27034,2779,dhmix_1951544232160779982,469,EnthalpyOfMixing,<Substance CCCCOC(C)=O{solv}{x=0.201200}|CCOC(C)=O{solv}{x=0.798800}>,CCCCOC(C)=O,CCOC(C)=O,openff-2.2.1-ashgc,3,0.0037340738544529,0.0427899063146627,0.0524,0.0009
27035,2780,dens_2199004103648094822,470,Density,<Substance CCCCOC(C)=O{solv}{x=0.700700}|CCOC(C)=O{solv}{x=0.299300}>,CCCCOC(C)=O,CCOC(C)=O,openff-2.2.1-ashgc,3,0.8831408805389576,0.000205128800234,0.8797000000000003,0.0002
27036,2781,dens_230610561971140401,471,Density,<Substance CN(C)CCO{solv}{x=0.507700}|O{solv}{x=0.492300}>,CN(C)CCO,O,openff-2.2.1-ashgc,3,0.91700570721687,0.0002876360466628,0.9237220000000002,0.000504
27037,2782,dens_531222131704065782,472,Density,<Substance CN(C)CCO{solv}{x=0.765200}|O{solv}{x=0.234800}>,CN(C)CCO,O,openff-2.2.1-ashgc,3,0.9014042894331166,0.0002226055901946,0.8989030000000002,0.0005805
27038,2783,dhmix_569544738684419327,473,EnthalpyOfMixing,<Substance CN(C)CCO{solv}{x=0.536500}|O{solv}{x=0.463500}>,CN(C)CCO,O,openff-2.2.1-ashgc,3,-2.4097408552617097,0.0356380672553268,-2.575,0.0525
27039,2784,dens_1319192913326669904,474,Density,<Substance CN(C)CCO{solv}{x=0.264330}|O{solv}{x=0.735670}>,CN(C)CCO,O,openff-2.2.1-ashgc,3,0.9365095010305312,0.0003523481001743,0.9590000000000002,0.0029
27040,2785,dhmix_1669606825693628140,475,EnthalpyOfMixing,<Substance CN(C)CCO{solv}{x=0.205200}|O{solv}{x=0.794800}>,CN(C)CCO,O,openff-2.2.1-ashgc,3,-1.6292855299012392,0.0261182287764045,-2.587,0.0525
27041,2786,dhmix_1723343163215510297,476,EnthalpyOfMixing,<Substance CN(C)CCO{solv}{x=0.799600}|O{solv}{x=0.200400}>,CN(C)CCO,O,openff-2.2.1-ashgc,3,-1.523423455746865,0.043047348110337,-1.247,0.0255
27042,2787,dens_233554406241639981,477,Density,<Substance CC(C)CC(C)(C)C{solv}{x=0.200000}|CCCCOCCCC{solv}{x=0.800000}>,CC(C)CC(C)(C)C,CCCCOCCCC,openff-2.2.1-ashgc,3,0.7458528040481565,0.0001796590753114,0.7497500000000001,0.00017
27043,2788,dhmix_465541682585001245,478,EnthalpyOfMixing,<Substance CC(C)CC(C)(C)C{solv}{x=0.200400}|CCCCOCCCC{solv}{x=0.799600}>,CC(C)CC(C)(C)C,CCCCOCCCC,openff-2.2.1-ashgc,3,0.2396368978058376,0.0446928198343101,0.07397,0.00099
27044,2789,dhmix_1505777056782392294,479,EnthalpyOfMixing,<Substance CC(C)CC(C)(C)C{solv}{x=0.400400}|CCCCOCCCC{solv}{x=0.599600}>,CC(C)CC(C)(C)C,CCCCOCCCC,openff-2.2.1-ashgc,3,0.3512369648088338,0.0516596974649996,0.11538,0.001385
27045,2790,dhmix_1595104467389948583,480,EnthalpyOfMixing,<Substance CC(C)CC(C)(C)C{solv}{x=0.700500}|CCCCOCCCC{solv}{x=0.299500}>,CC(C)CC(C)(C)C,CCCCOCCCC,openff-2.2.1-ashgc,3,0.3130867870969496,0.0505092997533264,0.10948,0.00133
27046,2791,dens_1672861274914038509,481,Density,<Substance CC(C)CC(C)(C)C{solv}{x=0.399700}|CCCCOCCCC{solv}{x=0.600300}>,CC(C)CC(C)(C)C,CCCCOCCCC,openff-2.2.1-ashgc,3,0.7353722906230785,0.0001842182757621,0.7348100000000001,0.000175
27047,2792,dens_1954694146948787176,482,Density,<Substance CC(C)CC(C)(C)C{solv}{x=0.700000}|CCCCOCCCC{solv}{x=0.300000}>,CC(C)CC(C)(C)C,CCCCOCCCC,openff-2.2.1-ashgc,3,0.7191800633999402,0.0001499627492912,0.7117300000000002,0.000185
27048,2793,dens_234746850701826990,483,Density,<Substance CC#N{solv}{x=0.700000}|CCCCCO{solv}{x=0.300000}>,CC#N,CCCCCO,openff-2.2.1-ashgc,3,0.7931885148378277,0.0002490773705808,0.7924200000000001,0.000165
27049,2794,dens_1261543146081029601,484,Density,<Substance CC#N{solv}{x=0.500300}|CCCCCO{solv}{x=0.499700}>,CC#N,CCCCCO,openff-2.2.1-ashgc,3,0.7993413133957084,0.0002406918686194,0.7996400000000001,0.000185
27050,2795,dens_1462197010819319813,485,Density,<Substance CC#N{solv}{x=0.203100}|CCCCCO{solv}{x=0.796900}>,CC#N,CCCCCO,openff-2.2.1-ashgc,3,0.8064511540387473,0.0002201490983138,0.8090600000000001,0.00022
27051,2796,dhmix_1595997756227951615,486,EnthalpyOfMixing,<Substance CC#N{solv}{x=0.235500}|CCCCCO{solv}{x=0.764500}>,CC#N,CCCCCO,openff-2.2.1-ashgc,3,1.4946285687822822,0.0460690124768252,1.451,0.006
27052,2797,dhmix_1745037615762894827,487,EnthalpyOfMixing,<Substance CC#N{solv}{x=0.516700}|CCCCCO{solv}{x=0.483300}>,CC#N,CCCCCO,openff-2.2.1-ashgc,3,1.984828771135195,0.0392411306745869,2.017,0.008
27053,2798,dhmix_2294048253872291609,488,EnthalpyOfMixing,<Substance CC#N{solv}{x=0.771100}|CCCCCO{solv}{x=0.228900}>,CC#N,CCCCCO,openff-2.2.1-ashgc,3,1.6341299121536608,0.0307958347316024,1.656,0.007
27054,2799,dens_237912652331354824,489,Density,<Substance C1COCCO1{solv}{x=0.512200}|CCCC(C)=O{solv}{x=0.487800}>,C1COCCO1,CCCC(C)=O,openff-2.2.1-ashgc,3,0.8924204390902212,0.000238805381082,0.90478,0.00023
27055,2800,dhmix_951401191616771155,490,EnthalpyOfMixing,<Substance C1COCCO1{solv}{x=0.750000}|CCCC(C)=O{solv}{x=0.250000}>,C1COCCO1,CCCC(C)=O,openff-2.2.1-ashgc,3,0.2697729343706925,0.0436998262524496,0.23761,0.00135
27056,2801,dens_1815088975543208186,491,Density,<Substance C1COCCO1{solv}{x=0.225400}|CCCC(C)=O{solv}{x=0.774600}>,C1COCCO1,CCCC(C)=O,openff-2.2.1-ashgc,3,0.8261729645373,0.0002692696875442,0.8442800000000001,0.00022
27057,2802,dens_2079717107234551519,492,Density,<Substance C1COCCO1{solv}{x=0.782300}|CCCC(C)=O{solv}{x=0.217700}>,C1COCCO1,CCCC(C)=O,openff-2.2.1-ashgc,3,0.9623073696678996,0.0002311220878442,0.9692000000000004,0.000245
27058,2803,dhmix_2166059870593139530,493,EnthalpyOfMixing,<Substance C1COCCO1{solv}{x=0.500000}|CCCC(C)=O{solv}{x=0.500000}>,C1COCCO1,CCCC(C)=O,openff-2.2.1-ashgc,3,0.3197058012025522,0.0396740789984853,0.26523,0.001455
27059,2804,dhmix_2196150660196365471,494,EnthalpyOfMixing,<Substance C1COCCO1{solv}{x=0.250000}|CCCC(C)=O{solv}{x=0.750000}>,C1COCCO1,CCCC(C)=O,openff-2.2.1-ashgc,3,0.1552872723695131,0.0449184752908176,0.1704,0.001085
27060,2805,dhmix_243334109655928306,495,EnthalpyOfMixing,<Substance C1CCOCC1{solv}{x=0.783200}|c1ccccc1{solv}{x=0.216800}>,C1CCOCC1,c1ccccc1,openff-2.2.1-ashgc,3,-0.0246617008998981,0.0436099544175478,-0.1399,0.00165
27061,2806,dens_257753427541292519,496,Density,<Substance C1CCOCC1{solv}{x=0.479400}|c1ccccc1{solv}{x=0.520600}>,C1CCOCC1,c1ccccc1,openff-2.2.1-ashgc,3,0.8624037336113208,0.0002677644384684,0.8778700000000003,0.000505
27062,2807,dhmix_604341867718608333,497,EnthalpyOfMixing,<Substance C1CCOCC1{solv}{x=0.242500}|c1ccccc1{solv}{x=0.757500}>,C1CCOCC1,c1ccccc1,openff-2.2.1-ashgc,3,-0.0285626678627011,0.0411868485190299,-0.1608,0.00185
27063,2808,dens_791001710124267373,498,Density,<Substance C1CCOCC1{solv}{x=0.223900}|c1ccccc1{solv}{x=0.776100}>,C1CCOCC1,c1ccccc1,openff-2.2.1-ashgc,3,0.8603539943519407,0.0001818256508675,0.8761000000000002,0.0005
27064,2809,dens_1402061243325720407,499,Density,<Substance C1CCOCC1{solv}{x=0.743200}|c1ccccc1{solv}{x=0.256800}>,C1CCOCC1,c1ccccc1,openff-2.2.1-ashgc,3,0.8647238108286067,0.0001757393507685,0.8789500000000002,0.000505
27065,2810,dhmix_1407142629314355761,500,EnthalpyOfMixing,<Substance C1CCOCC1{solv}{x=0.498200}|c1ccccc1{solv}{x=0.501800}>,C1CCOCC1,c1ccccc1,openff-2.2.1-ashgc,3,-0.0090801655186254,0.0366555972092483,-0.2365,0.00265
27066,2811,dhmix_266800455813556356,501,EnthalpyOfMixing,<Substance CO{solv}{x=0.727200}|OCc1ccccc1{solv}{x=0.272800}>,CO,OCc1ccccc1,openff-2.2.1-ashgc,3,-0.0800172182181917,0.0324792055802517,-0.0792,0.001
27067,2812,dhmix_949671607207910651,502,EnthalpyOfMixing,<Substance CO{solv}{x=0.500500}|OCc1ccccc1{solv}{x=0.499500}>,CO,OCc1ccccc1,openff-2.2.1-ashgc,3,-0.0923953097263208,0.0363360798518121,-0.1408,0.00165
27068,2813,dhmix_1388744759732522219,503,EnthalpyOfMixing,<Substance CO{solv}{x=0.200200}|OCc1ccccc1{solv}{x=0.799800}>,CO,OCc1ccccc1,openff-2.2.1-ashgc,3,-0.1437563120193559,0.0382202716785213,-0.1081,0.0013
27069,2814,dens_270046772857960816,504,Density,<Substance C1CCOCC1{solv}{x=0.732100}|Cc1ccccc1{solv}{x=0.267900}>,C1CCOCC1,Cc1ccccc1,openff-2.2.1-ashgc,3,0.8606321729658349,0.0002382634788693,0.8754100000000001,0.000505
27070,2815,dens_324774743687652276,505,Density,<Substance C1CCOCC1{solv}{x=0.238700}|Cc1ccccc1{solv}{x=0.761300}>,C1CCOCC1,Cc1ccccc1,openff-2.2.1-ashgc,3,0.8496486693288604,0.0002358941996612,0.8669900000000003,0.000505
27071,2816,dhmix_390107187187002597,506,EnthalpyOfMixing,<Substance C1CCOCC1{solv}{x=0.531900}|Cc1ccccc1{solv}{x=0.468100}>,C1CCOCC1,Cc1ccccc1,openff-2.2.1-ashgc,3,-0.0865924558123936,0.0392941240709282,-0.2225,0.0025
27072,2817,dhmix_1070320975529400325,507,EnthalpyOfMixing,<Substance C1CCOCC1{solv}{x=0.280600}|Cc1ccccc1{solv}{x=0.719400}>,C1CCOCC1,Cc1ccccc1,openff-2.2.1-ashgc,3,-0.0597707773106321,0.0437172406675847,-0.1687,0.00195
27073,2818,dens_1397318239527979287,508,Density,<Substance C1CCOCC1{solv}{x=0.491500}|Cc1ccccc1{solv}{x=0.508500}>,C1CCOCC1,Cc1ccccc1,openff-2.2.1-ashgc,3,0.8548882636148156,0.0002472916008356,0.8715100000000002,0.000505
27074,2819,dhmix_1508130989501940613,509,EnthalpyOfMixing,<Substance C1CCOCC1{solv}{x=0.741300}|Cc1ccccc1{solv}{x=0.258700}>,C1CCOCC1,Cc1ccccc1,openff-2.2.1-ashgc,3,-0.0798161500145226,0.0423315174326819,-0.1629,0.0019
27075,2820,dhmix_271732469428717581,510,EnthalpyOfMixing,<Substance COc1ccccc1{solv}{x=0.237400}|OCCCc1ccccc1{solv}{x=0.762600}>,COc1ccccc1,OCCCc1ccccc1,openff-2.2.1-ashgc,3,0.5335703454693999,0.0540178937920988,0.6076,0.0066
27076,2821,dhmix_1174392275991455181,511,EnthalpyOfMixing,<Substance COc1ccccc1{solv}{x=0.554700}|OCCCc1ccccc1{solv}{x=0.445300}>,COc1ccccc1,OCCCc1ccccc1,openff-2.2.1-ashgc,3,1.0103411598193262,0.0412887607330516,1.0293,0.01105
27077,2822,dhmix_1179341622676685107,512,EnthalpyOfMixing,<Substance COc1ccccc1{solv}{x=0.713600}|OCCCc1ccccc1{solv}{x=0.286400}>,COc1ccccc1,OCCCc1ccccc1,openff-2.2.1-ashgc,3,1.0507731658284882,0.0472488092513211,1.1088,0.0119
27078,2823,dens_1468428612899754720,513,Density,<Substance COc1ccccc1{solv}{x=0.747700}|OCCCc1ccccc1{solv}{x=0.252300}>,COc1ccccc1,OCCCc1ccccc1,openff-2.2.1-ashgc,3,0.9672906469666795,0.0002326625036752,0.9827800000000002,0.00026
27079,2824,dens_1534619098234859574,514,Density,<Substance COc1ccccc1{solv}{x=0.555100}|OCCCc1ccccc1{solv}{x=0.444900}>,COc1ccccc1,OCCCc1ccccc1,openff-2.2.1-ashgc,3,0.970659138351824,0.0002081439240117,0.9852700000000002,0.00026
27080,2825,dens_2298154173340539222,515,Density,<Substance COc1ccccc1{solv}{x=0.263600}|OCCCc1ccccc1{solv}{x=0.736400}>,COc1ccccc1,OCCCc1ccccc1,openff-2.2.1-ashgc,3,0.9747949415488812,0.0002036180853962,0.9885500000000002,0.00026
27081,2826,dens_274848672468745759,516,Density,<Substance CCCCOC(C)=O{solv}{x=0.293400}|c1ccccc1{solv}{x=0.706600}>,CCCCOC(C)=O,c1ccccc1,openff-2.2.1-ashgc,3,0.8652580784064511,0.000248142685301,0.8736600000000002,0.00021
27082,2827,dens_493354132810710227,517,Density,<Substance CCCCOC(C)=O{solv}{x=0.710500}|c1ccccc1{solv}{x=0.289500}>,CCCCOC(C)=O,c1ccccc1,openff-2.2.1-ashgc,3,0.8733236084875691,0.0002151287401207,0.8751500000000002,0.000335
27083,2828,dhmix_754807126845437364,518,EnthalpyOfMixing,<Substance CCCCOC(C)=O{solv}{x=0.495800}|c1ccccc1{solv}{x=0.504200}>,CCCCOC(C)=O,c1ccccc1,openff-2.2.1-ashgc,3,-0.2330369935069107,0.0434480386743809,-0.0245,0.001
27084,2829,dens_834118541551127044,519,Density,<Substance CCCCOC(C)=O{solv}{x=0.504400}|c1ccccc1{solv}{x=0.495600}>,CCCCOC(C)=O,c1ccccc1,openff-2.2.1-ashgc,3,0.8696257286486747,0.0002446929348207,0.8744300000000002,0.000265
27085,2830,dhmix_1349932525480083284,520,EnthalpyOfMixing,<Substance CCCCOC(C)=O{solv}{x=0.252300}|c1ccccc1{solv}{x=0.747700}>,CCCCOC(C)=O,c1ccccc1,openff-2.2.1-ashgc,3,-0.139431361394628,0.0433507569958548,-0.014,0.0009
27086,2831,dhmix_1597992980658352112,521,EnthalpyOfMixing,<Substance CCCCOC(C)=O{solv}{x=0.771400}|c1ccccc1{solv}{x=0.228600}>,CCCCOC(C)=O,c1ccccc1,openff-2.2.1-ashgc,3,-0.0807948163718572,0.0417993132053913,-0.0245,0.001
27087,2832,dens_275501958869207518,522,Density,<Substance C1CCOCC1{solv}{x=0.226300}|Cc1ccccc1Cl{solv}{x=0.773700}>,C1CCOCC1,Cc1ccccc1Cl,openff-2.2.1-ashgc,3,1.029325275472952,0.0002543801155519,1.0396,0.0005
27088,2833,dhmix_818597523255588519,523,EnthalpyOfMixing,<Substance C1CCOCC1{solv}{x=0.753300}|Cc1ccccc1Cl{solv}{x=0.246700}>,C1CCOCC1,Cc1ccccc1Cl,openff-2.2.1-ashgc,3,-0.2623229808076956,0.045177166200025,-0.154,0.001
27089,2834,dhmix_849121557716978550,524,EnthalpyOfMixing,<Substance C1CCOCC1{solv}{x=0.517500}|Cc1ccccc1Cl{solv}{x=0.482500}>,C1CCOCC1,Cc1ccccc1Cl,openff-2.2.1-ashgc,3,-0.3281629780058068,0.0451386261070014,-0.22,0.0015
27090,2835,dens_946978292781731327,525,Density,<Substance C1CCOCC1{solv}{x=0.478400}|Cc1ccccc1Cl{solv}{x=0.521600}>,C1CCOCC1,Cc1ccccc1Cl,openff-2.2.1-ashgc,3,0.9812909877527916,0.0002238344004221,0.9931600000000002,0.00051
27091,2836,dhmix_997266220336132741,526,EnthalpyOfMixing,<Substance C1CCOCC1{solv}{x=0.263200}|Cc1ccccc1Cl{solv}{x=0.736800}>,C1CCOCC1,Cc1ccccc1Cl,openff-2.2.1-ashgc,3,-0.2504446026725873,0.041797935264615,-0.175,0.001
27092,2837,dens_1191185394819541532,527,Density,<Substance C1CCOCC1{solv}{x=0.765800}|Cc1ccccc1Cl{solv}{x=0.234200}>,C1CCOCC1,Cc1ccccc1Cl,openff-2.2.1-ashgc,3,0.9215417170899192,0.0002549053292294,0.9336500000000002,0.000505
27093,2838,dhmix_278334692660393021,528,EnthalpyOfMixing,<Substance CCCCCCC{solv}{x=0.205900}|CNc1ccccc1{solv}{x=0.794100}>,CCCCCCC,CNc1ccccc1,openff-2.2.1-ashgc,3,1.6249152705430276,0.0512509690789288,1.126,0.012
27094,2839,dens_480658478095207102,529,Density,<Substance CCCCCCC{solv}{x=0.740500}|CNc1ccccc1{solv}{x=0.259500}>,CCCCCCC,CNc1ccccc1,openff-2.2.1-ashgc,3,0.73074130623107,0.0002067871320775,0.7424910000000001,0.00014
27095,2840,dhmix_898293423987680187,530,EnthalpyOfMixing,<Substance CCCCCCC{solv}{x=0.501700}|CNc1ccccc1{solv}{x=0.498300}>,CCCCCCC,CNc1ccccc1,openff-2.2.1-ashgc,3,2.1578328482839595,0.0471681567043726,1.676,0.018
27096,2841,dens_1509968737377061562,531,Density,<Substance CCCCCCC{solv}{x=0.250900}|CNc1ccccc1{solv}{x=0.749100}>,CCCCCCC,CNc1ccccc1,openff-2.2.1-ashgc,3,0.8875599425850932,0.0002046028205478,0.8897150000000003,0.0002615
27097,2842,dhmix_1680546488782143957,532,EnthalpyOfMixing,<Substance CCCCCCC{solv}{x=0.703200}|CNc1ccccc1{solv}{x=0.296800}>,CCCCCCC,CNc1ccccc1,openff-2.2.1-ashgc,3,1.968767833234864,0.048038180205819,1.539,0.0165
27098,2843,dens_2074014246120135820,533,Density,<Substance CCCCCCC{solv}{x=0.497000}|CNc1ccccc1{solv}{x=0.503000}>,CCCCCCC,CNc1ccccc1,openff-2.2.1-ashgc,3,0.802172563002232,0.0002037789238508,0.8106920000000002,0.0001785
27099,2844,dens_296890921001565391,534,Density,<Substance CCCCN{solv}{x=0.755200}|CN(C)C=O{solv}{x=0.244800}>,CCCCN,CN(C)C=O,openff-2.2.1-ashgc,3,0.7907107899153921,0.0002303450294626,0.7762150000000002,0.000949
27100,2845,dens_380536870617309130,535,Density,<Substance CCCCN{solv}{x=0.242800}|CN(C)C=O{solv}{x=0.757200}>,CCCCN,CN(C)C=O,openff-2.2.1-ashgc,3,0.8728374360717152,0.0002230671159607,0.8845160000000002,0.0010795
27101,2846,dhmix_493117160214491795,536,EnthalpyOfMixing,<Substance CCCCN{solv}{x=0.244100}|CN(C)C=O{solv}{x=0.755900}>,CCCCN,CN(C)C=O,openff-2.2.1-ashgc,3,0.1975195582891018,0.0396078569546846,0.245,0.008
27102,2847,dhmix_789225002934078019,537,EnthalpyOfMixing,<Substance CCCCN{solv}{x=0.750200}|CN(C)C=O{solv}{x=0.249800}>,CCCCN,CN(C)C=O,openff-2.2.1-ashgc,3,0.34074864198125,0.0430055425373189,0.32,0.01
27103,2848,dhmix_941321571782058819,538,EnthalpyOfMixing,<Substance CCCCN{solv}{x=0.499200}|CN(C)C=O{solv}{x=0.500800}>,CCCCN,CN(C)C=O,openff-2.2.1-ashgc,3,0.4980157562327179,0.0434408239412177,0.384,0.0115
27104,2849,dens_2179361372918836941,539,Density,<Substance CCCCN{solv}{x=0.497200}|CN(C)C=O{solv}{x=0.502800}>,CCCCN,CN(C)C=O,openff-2.2.1-ashgc,3,0.8307452695026772,0.0002564857625705,0.8277360000000001,0.001011
27105,2850,dens_300257448272323407,540,Density,<Substance CC(C)O{solv}{x=0.745200}|NCCN{solv}{x=0.254800}>,CC(C)O,NCCN,openff-2.2.1-ashgc,3,0.8428332579331165,0.0003054371219704,0.8163970000000003,0.0002325
27106,2851,dens_924750366683277351,541,Density,<Substance CC(C)O{solv}{x=0.203100}|NCCN{solv}{x=0.796900}>,CC(C)O,NCCN,openff-2.2.1-ashgc,3,0.96715825309968,0.0002921081541129,0.8736620000000003,0.0002225
27107,2852,dens_2284409308160572308,542,Density,<Substance CC(C)O{solv}{x=0.489100}|NCCN{solv}{x=0.510900}>,CC(C)O,NCCN,openff-2.2.1-ashgc,3,0.8975430899519451,0.0002387681776017,0.8449250000000001,0.0002245
27108,2853,dens_305501840068636812,543,Density,<Substance CC(C)=O{solv}{x=0.750000}|CCO{solv}{x=0.250000}>,CC(C)=O,CCO,openff-2.2.1-ashgc,3,0.7680704867695306,0.0003228721642286,0.7859000000000002,0.000115
27109,2854,dens_472577738907297293,544,Density,<Substance CC(C)=O{solv}{x=0.250000}|CCO{solv}{x=0.750000}>,CC(C)=O,CCO,openff-2.2.1-ashgc,3,0.7772658518735179,0.0003324164850774,0.7861600000000002,0.000115
27110,2855,dens_2271083741716457850,545,Density,<Substance CC(C)=O{solv}{x=0.499900}|CCO{solv}{x=0.500100}>,CC(C)=O,CCO,openff-2.2.1-ashgc,3,0.7715803629804256,0.0003081608628541,0.7861900000000003,0.000115
27111,2856,dens_307445163336341047,546,Density,<Substance CN1CCCC1=O{solv}{x=0.703700}|ClCCCl{solv}{x=0.296300}>,CN1CCCC1=O,ClCCCl,openff-2.2.1-ashgc,3,1.0604377517715955,0.0002113133825907,1.0851000000000002,0.0002
27112,2857,dhmix_453866769634566853,547,EnthalpyOfMixing,<Substance CN1CCCC1=O{solv}{x=0.253100}|ClCCCl{solv}{x=0.746900}>,CN1CCCC1=O,ClCCCl,openff-2.2.1-ashgc,3,-0.4467960076697146,0.0343171787770635,-0.8118,0.01525
27113,2858,dhmix_536206650470008584,548,EnthalpyOfMixing,<Substance CN1CCCC1=O{solv}{x=0.500000}|ClCCCl{solv}{x=0.500000}>,CN1CCCC1=O,ClCCCl,openff-2.2.1-ashgc,3,-0.4816274185391229,0.0363361586535302,-1.264,0.0055
27114,2859,dens_1046625605566999080,549,Density,<Substance CN1CCCC1=O{solv}{x=0.202500}|ClCCCl{solv}{x=0.797500}>,CN1CCCC1=O,ClCCCl,openff-2.2.1-ashgc,3,1.1706300598285502,0.0004059311545231,1.1953000000000005,0.00025
27115,2860,dhmix_1620571823529677157,550,EnthalpyOfMixing,<Substance CN1CCCC1=O{solv}{x=0.736700}|ClCCCl{solv}{x=0.263300}>,CN1CCCC1=O,ClCCCl,openff-2.2.1-ashgc,3,-0.3639748391059481,0.0428622292472304,-0.8587,0.01605
27116,2861,dens_2059567022041766694,551,Density,<Substance CN1CCCC1=O{solv}{x=0.497500}|ClCCCl{solv}{x=0.502500}>,CN1CCCC1=O,ClCCCl,openff-2.2.1-ashgc,3,1.1056114333120584,0.0003192116597067,1.1283000000000003,0.0002
27117,2862,dens_313234519309892479,552,Density,<Substance CC(=O)N(C)C{solv}{x=0.293800}|CCCCCCCCCl{solv}{x=0.706200}>,CC(=O)N(C)C,CCCCCCCCCl,openff-2.2.1-ashgc,3,0.8658965972859596,0.0002091654930135,0.8796000000000003,0.00045
27118,2863,dhmix_444785917463403590,553,EnthalpyOfMixing,<Substance CC(=O)N(C)C{solv}{x=0.703000}|CCCCCCCCCl{solv}{x=0.297000}>,CC(=O)N(C)C,CCCCCCCCCl,openff-2.2.1-ashgc,3,0.9568406706315143,0.0450767175462276,0.751,0.004
27119,2864,dhmix_705168937124106402,554,EnthalpyOfMixing,<Substance CC(=O)N(C)C{solv}{x=0.215000}|CCCCCCCCCl{solv}{x=0.785000}>,CC(=O)N(C)C,CCCCCCCCCl,openff-2.2.1-ashgc,3,0.6559738259786627,0.049291848237466,0.519,0.0035
27120,2865,dens_1549584991651515376,555,Density,<Substance CC(=O)N(C)C{solv}{x=0.502200}|CCCCCCCCCl{solv}{x=0.497800}>,CC(=O)N(C)C,CCCCCCCCCl,openff-2.2.1-ashgc,3,0.8718173181056145,0.0002170177621893,0.8902000000000002,0.0004
27121,2866,dhmix_1732161251827083272,556,EnthalpyOfMixing,<Substance CC(=O)N(C)C{solv}{x=0.508000}|CCCCCCCCCl{solv}{x=0.492000}>,CC(=O)N(C)C,CCCCCCCCCl,openff-2.2.1-ashgc,3,1.040037718332158,0.0369614022804594,0.829,0.004
27122,2867,dens_2189889607118243828,557,Density,<Substance CC(=O)N(C)C{solv}{x=0.700500}|CCCCCCCCCl{solv}{x=0.299500}>,CC(=O)N(C)C,CCCCCCCCCl,openff-2.2.1-ashgc,3,0.8794859356484434,0.0002094749533977,0.9041000000000002,0.00035
27123,2868,dens_314482396827660717,558,Density,<Substance BrCCBr{solv}{x=0.753700}|COC(C)=O{solv}{x=0.246300}>,BrCCBr,COC(C)=O,openff-2.2.1-ashgc,3,1.8319360093599384,0.0006171054811176,1.8774400000000004,0.003355
27124,2869,dens_344993892965738820,559,Density,<Substance BrCCBr{solv}{x=0.275200}|COC(C)=O{solv}{x=0.724800}>,BrCCBr,COC(C)=O,openff-2.2.1-ashgc,3,1.276590005255505,0.0004033186484366,1.2862400000000005,0.001125
27125,2870,dhmix_545996968666061076,560,EnthalpyOfMixing,<Substance BrCCBr{solv}{x=0.720900}|COC(C)=O{solv}{x=0.279100}>,BrCCBr,COC(C)=O,openff-2.2.1-ashgc,3,-0.0357482774960318,0.033433512984156,0.2594,0.0028
27126,2871,dens_714044009336077786,561,Density,<Substance BrCCBr{solv}{x=0.512100}|COC(C)=O{solv}{x=0.487900}>,BrCCBr,COC(C)=O,openff-2.2.1-ashgc,3,1.5587898692209023,0.0005480793506182,1.5834900000000005,0.0021
27127,2872,dhmix_1222511035002547253,562,EnthalpyOfMixing,<Substance BrCCBr{solv}{x=0.485500}|COC(C)=O{solv}{x=0.514500}>,BrCCBr,COC(C)=O,openff-2.2.1-ashgc,3,-0.0616388470389139,0.036880162695343,0.2577,0.00275
27128,2873,dhmix_1418101673429653456,563,EnthalpyOfMixing,<Substance BrCCBr{solv}{x=0.250800}|COC(C)=O{solv}{x=0.749200}>,BrCCBr,COC(C)=O,openff-2.2.1-ashgc,3,-0.0259342571211362,0.0365093714117223,0.1202,0.0017
27129,2874,dens_314934747194338330,564,Density,<Substance CC(C)CCl{solv}{x=0.513700}|CC(C)OC(C)C{solv}{x=0.486300}>,CC(C)CCl,CC(C)OC(C)C,openff-2.2.1-ashgc,3,0.7907176906002502,0.0002770982419569,0.7878250000000002,0.000405
27130,2875,dhmix_355399496844187096,565,EnthalpyOfMixing,<Substance CC(C)CCl{solv}{x=0.545300}|CC(C)OC(C)C{solv}{x=0.454700}>,CC(C)CCl,CC(C)OC(C)C,openff-2.2.1-ashgc,3,-0.2163650608444314,0.0422152996975718,-0.0957,0.0012
27131,2876,dens_688062365117407068,566,Density,<Substance CC(C)CCl{solv}{x=0.805900}|CC(C)OC(C)C{solv}{x=0.194100}>,CC(C)CCl,CC(C)OC(C)C,openff-2.2.1-ashgc,3,0.8293692366007603,0.0002780407335618,0.8355300000000002,0.0003555
27132,2877,dhmix_1411881046585885461,567,EnthalpyOfMixing,<Substance CC(C)CCl{solv}{x=0.090700}|CC(C)OC(C)C{solv}{x=0.909300}>,CC(C)CCl,CC(C)OC(C)C,openff-2.2.1-ashgc,3,-0.1130328207623492,0.0408425526352272,-0.0302,0.00055
27133,2878,dens_1762455266351712367,568,Density,<Substance CC(C)CCl{solv}{x=0.091000}|CC(C)OC(C)C{solv}{x=0.909000}>,CC(C)CCl,CC(C)OC(C)C,openff-2.2.1-ashgc,3,0.742418884382584,0.0001587594594803,0.7293950000000001,0.000464
27134,2879,dhmix_2302865667781063708,569,EnthalpyOfMixing,<Substance CC(C)CCl{solv}{x=0.727000}|CC(C)OC(C)C{solv}{x=0.273000}>,CC(C)CCl,CC(C)OC(C)C,openff-2.2.1-ashgc,3,-0.133661842843189,0.0389812204739522,-0.0791,0.001
27135,2880,dens_321327254341950207,570,Density,<Substance C1COCCO1{solv}{x=0.780300}|CCCCCC(C)=O{solv}{x=0.219700}>,C1COCCO1,CCCCCC(C)=O,openff-2.2.1-ashgc,3,0.9521647623509336,0.000212192974999,0.9576500000000002,0.0003
27136,2881,dens_377701756930918353,571,Density,<Substance C1COCCO1{solv}{x=0.500600}|CCCCCC(C)=O{solv}{x=0.499400}>,C1COCCO1,CCCCCC(C)=O,openff-2.2.1-ashgc,3,0.882348613723349,0.0001723374586411,0.8916700000000002,0.000345
27137,2882,dhmix_600625644134907580,572,EnthalpyOfMixing,<Substance C1COCCO1{solv}{x=0.500000}|CCCCCC(C)=O{solv}{x=0.500000}>,C1COCCO1,CCCCCC(C)=O,openff-2.2.1-ashgc,3,0.4980833591468467,0.0449362566349153,0.4509,0.002255
27138,2883,dens_1451069448215305244,573,Density,<Substance C1COCCO1{solv}{x=0.220300}|CCCCCC(C)=O{solv}{x=0.779700}>,C1COCCO1,CCCCCC(C)=O,openff-2.2.1-ashgc,3,0.8292276448414752,0.0002033527143175,0.8420800000000003,0.000385
27139,2884,dhmix_2028813035406256788,574,EnthalpyOfMixing,<Substance C1COCCO1{solv}{x=0.750000}|CCCCCC(C)=O{solv}{x=0.250000}>,C1COCCO1,CCCCCC(C)=O,openff-2.2.1-ashgc,3,0.4254179005430103,0.0410456680271447,0.4064,0.00209
27140,2885,dhmix_2222211577832383320,575,EnthalpyOfMixing,<Substance C1COCCO1{solv}{x=0.250000}|CCCCCC(C)=O{solv}{x=0.750000}>,C1COCCO1,CCCCCC(C)=O,openff-2.2.1-ashgc,3,0.3496888059411418,0.0499890851477327,0.2911,0.00164
27141,2886,dhmix_325212618372456630,576,EnthalpyOfMixing,<Substance CCCCCCC{solv}{x=0.500000}|c1ccccc1{solv}{x=0.500000}>,CCCCCCC,c1ccccc1,openff-2.2.1-ashgc,3,1.2067153413364906,0.0435798516679204,0.9235,0.0051
27142,2887,dhmix_409350268177199962,577,EnthalpyOfMixing,<Substance CCCCCCC{solv}{x=0.751900}|c1ccccc1{solv}{x=0.248100}>,CCCCCCC,c1ccccc1,openff-2.2.1-ashgc,3,0.686634363307391,0.0525317386090526,0.6047,0.0035
27143,2888,dens_1685942387769177799,578,Density,<Substance CCCCCCC{solv}{x=0.913667}|c1ccccc1{solv}{x=0.086333}>,CCCCCCC,c1ccccc1,openff-2.2.1-ashgc,3,0.6767569867857258,0.000203846248149,0.6892400000000002,0.000805
27144,2889,dens_2148382258223830900,579,Density,<Substance CCCCCCC{solv}{x=0.273700}|c1ccccc1{solv}{x=0.726300}>,CCCCCCC,c1ccccc1,openff-2.2.1-ashgc,3,0.7688631474662184,0.0002616148230253,0.7855000000000002,0.00015
27145,2890,dens_2219829254239605828,580,Density,<Substance CCCCCCC{solv}{x=0.492200}|c1ccccc1{solv}{x=0.507800}>,CCCCCCC,c1ccccc1,openff-2.2.1-ashgc,3,0.7249674156133807,0.0002393511673574,0.7409000000000001,0.00015
27146,2891,dhmix_2296565820723783732,581,EnthalpyOfMixing,<Substance CCCCCCC{solv}{x=0.242400}|c1ccccc1{solv}{x=0.757600}>,CCCCCCC,c1ccccc1,openff-2.2.1-ashgc,3,1.036767410557914,0.0424157750908557,0.7775,0.0044
27147,2892,dens_326446104630354701,582,Density,<Substance BrCCBr{solv}{x=0.728600}|CCC(=O)OC{solv}{x=0.271400}>,BrCCBr,CCC(=O)OC,openff-2.2.1-ashgc,3,1.7509844279191054,0.0006276112095213,1.7949900000000003,0.00303
27148,2893,dens_886315086380393150,583,Density,<Substance BrCCBr{solv}{x=0.494400}|CCC(=O)OC{solv}{x=0.505600}>,BrCCBr,CCC(=O)OC,openff-2.2.1-ashgc,3,1.466376759687368,0.0004784212527805,1.4941800000000005,0.001825
27149,2894,dhmix_1410129135672303476,584,EnthalpyOfMixing,<Substance BrCCBr{solv}{x=0.491400}|CCC(=O)OC{solv}{x=0.508600}>,BrCCBr,CCC(=O)OC,openff-2.2.1-ashgc,3,-0.2636172376572094,0.0326254974369338,0.0195,0.00185
27150,2895,dhmix_1551714230583118668,585,EnthalpyOfMixing,<Substance BrCCBr{solv}{x=0.755400}|CCC(=O)OC{solv}{x=0.244600}>,BrCCBr,CCC(=O)OC,openff-2.2.1-ashgc,3,-0.2531327636929568,0.0339596171426547,0.09,0.00295
27151,2896,dhmix_1596310059176209101,586,EnthalpyOfMixing,<Substance BrCCBr{solv}{x=0.214800}|CCC(=O)OC{solv}{x=0.785200}>,BrCCBr,CCC(=O)OC,openff-2.2.1-ashgc,3,-0.2590893386403747,0.0381640914946108,-0.0281,0.002
27152,2897,dens_1860027304017736150,587,Density,<Substance BrCCBr{solv}{x=0.257000}|CCC(=O)OC{solv}{x=0.743000}>,BrCCBr,CCC(=O)OC,openff-2.2.1-ashgc,3,1.1895837478299165,0.0003436631217323,1.2059400000000002,0.000915
27153,2898,dhmix_334328961632702336,588,EnthalpyOfMixing,<Substance Cc1ccccc1N{solv}{x=0.492600}|Cc1cccnc1{solv}{x=0.507400}>,Cc1ccccc1N,Cc1cccnc1,openff-2.2.1-ashgc,3,-1.5270682588635114,0.047582356234182,-1.4091,0.0287
27154,2899,dhmix_382843935535082222,589,EnthalpyOfMixing,<Substance Cc1ccccc1N{solv}{x=0.232300}|Cc1cccnc1{solv}{x=0.767700}>,Cc1ccccc1N,Cc1cccnc1,openff-2.2.1-ashgc,3,-1.291246208380162,0.043239636686188,-1.1196,0.02285
27155,2900,dens_890019852111400701,590,Density,<Substance Cc1ccccc1N{solv}{x=0.533600}|Cc1cccnc1{solv}{x=0.466400}>,Cc1ccccc1N,Cc1cccnc1,openff-2.2.1-ashgc,3,0.983385395344227,0.0002652356047213,0.9795770000000004,0.0001185
27156,2901,dens_1033313642915027277,591,Density,<Substance Cc1ccccc1N{solv}{x=0.737200}|Cc1cccnc1{solv}{x=0.262800}>,Cc1ccccc1N,Cc1cccnc1,openff-2.2.1-ashgc,3,0.9973037879007294,0.0002434799929624,0.9867010000000004,0.000118
27157,2902,dhmix_1057104304179164775,592,EnthalpyOfMixing,<Substance Cc1ccccc1N{solv}{x=0.778900}|Cc1cccnc1{solv}{x=0.221100}>,Cc1ccccc1N,Cc1cccnc1,openff-2.2.1-ashgc,3,-0.9484069893566804,0.047973476411472,-0.8735,0.01785
27158,2903,dens_1445313714023685702,593,Density,<Substance Cc1ccccc1N{solv}{x=0.246700}|Cc1cccnc1{solv}{x=0.753300}>,Cc1ccccc1N,Cc1cccnc1,openff-2.2.1-ashgc,3,0.9618668597505128,0.0002088880808342,0.9668750000000004,0.00012
27159,2904,dens_335631113096608920,594,Density,<Substance CCC(C)=O{solv}{x=0.501800}|CCCCNCCCC{solv}{x=0.498200}>,CCC(C)=O,CCCCNCCCC,openff-2.2.1-ashgc,3,0.7607674483185366,0.0002014658737779,0.7693960000000002,9.950000000000003e-05
27160,2905,dhmix_551451232292287572,595,EnthalpyOfMixing,<Substance CCC(C)=O{solv}{x=0.215400}|CCCCNCCCC{solv}{x=0.784600}>,CCC(C)=O,CCCCNCCCC,openff-2.2.1-ashgc,3,0.1617113105100855,0.049968131838208,0.417,0.0045
27161,2906,dens_800787154192710377,596,Density,<Substance CCC(C)=O{solv}{x=0.260300}|CCCCNCCCC{solv}{x=0.739700}>,CCC(C)=O,CCCCNCCCC,openff-2.2.1-ashgc,3,0.7575694071735044,0.0001771470415601,0.7614750000000002,0.0001005
27162,2907,dhmix_1210431916849512476,597,EnthalpyOfMixing,<Substance CCC(C)=O{solv}{x=0.504400}|CCCCNCCCC{solv}{x=0.495600}>,CCC(C)=O,CCCCNCCCC,openff-2.2.1-ashgc,3,0.2266953699357117,0.0460427265442041,0.619,0.0065
27163,2908,dhmix_1503682496766473076,598,EnthalpyOfMixing,<Substance CCC(C)=O{solv}{x=0.792200}|CCCCNCCCC{solv}{x=0.207800}>,CCC(C)=O,CCCCNCCCC,openff-2.2.1-ashgc,3,0.2021909300913478,0.035238490779566,0.425,0.0045
27164,2909,dens_2232561341275312196,599,Density,<Substance CCC(C)=O{solv}{x=0.747300}|CCCCNCCCC{solv}{x=0.252700}>,CCC(C)=O,CCCCNCCCC,openff-2.2.1-ashgc,3,0.7652469789153168,0.0002084383131101,0.7810500000000001,9.750000000000004e-05
27165,2910,dhmix_335934546122425398,600,EnthalpyOfMixing,<Substance C1CCOCC1{solv}{x=0.550000}|O=C1CCCC1{solv}{x=0.450000}>,C1CCOCC1,O=C1CCCC1,openff-2.2.1-ashgc,3,0.116656144226745,0.0426669571609358,0.15813,0.001
27166,2911,dhmix_337659115721770978,601,EnthalpyOfMixing,<Substance C1CCOCC1{solv}{x=0.250000}|O=C1CCCC1{solv}{x=0.750000}>,C1CCOCC1,O=C1CCCC1,openff-2.2.1-ashgc,3,0.0361346773450961,0.0378055858617073,0.11325,0.00084
27167,2912,dens_579415285212890284,602,Density,<Substance C1CCOCC1{solv}{x=0.708000}|O=C1CCCC1{solv}{x=0.292000}>,C1CCOCC1,O=C1CCCC1,openff-2.2.1-ashgc,3,0.8785068931121789,0.0002368340058109,0.8972200000000002,0.00023
27168,2913,dens_788777315764582180,603,Density,<Substance C1CCOCC1{solv}{x=0.549800}|O=C1CCCC1{solv}{x=0.450200}>,C1CCOCC1,O=C1CCCC1,openff-2.2.1-ashgc,3,0.8856607439346601,0.0002366588732139,0.9073000000000002,0.000235
27169,2914,dens_1539654406736576807,604,Density,<Substance C1CCOCC1{solv}{x=0.235400}|O=C1CCCC1{solv}{x=0.764600}>,C1CCOCC1,O=C1CCCC1,openff-2.2.1-ashgc,3,0.9003292198849525,0.0001904524981279,0.9281000000000004,0.00024
27170,2915,dhmix_1706969020375394315,605,EnthalpyOfMixing,<Substance C1CCOCC1{solv}{x=0.750000}|O=C1CCCC1{solv}{x=0.250000}>,C1CCOCC1,O=C1CCCC1,openff-2.2.1-ashgc,3,0.0826083018243295,0.0369506123438724,0.12811,0.000895
27171,2916,dens_337077748334497354,606,Density,<Substance CN1CCCCC1{solv}{x=0.245200}|O{solv}{x=0.754800}>,CN1CCCCC1,O,openff-2.2.1-ashgc,3,0.8854900246682011,0.0003716098551623,0.9038110000000004,9.700000000000004e-05
27172,2917,dens_1619467922469494964,607,Density,<Substance CN1CCCCC1{solv}{x=0.790700}|O{solv}{x=0.209300}>,CN1CCCCC1,O,openff-2.2.1-ashgc,3,0.8341131482681095,0.0002061360503376,0.8260470000000002,0.000108
27173,2918,dens_1725290505257505407,608,Density,<Substance CN1CCCCC1{solv}{x=0.505000}|O{solv}{x=0.495000}>,CN1CCCCC1,O,openff-2.2.1-ashgc,3,0.8536605123377234,0.0002742213379191,0.8581580000000002,9.450000000000002e-05
27174,2919,dhmix_344305070199657817,609,EnthalpyOfMixing,<Substance CC(C)CC(C)(C)C{solv}{x=0.200300}|CCCO{solv}{x=0.799700}>,CC(C)CC(C)(C)C,CCCO,openff-2.2.1-ashgc,3,0.4381173468011496,0.0418965604431068,0.308,0.0055
27175,2920,dens_1020839744665732433,610,Density,<Substance CC(C)CC(C)(C)C{solv}{x=0.200100}|CCCO{solv}{x=0.799900}>,CC(C)CC(C)(C)C,CCCO,openff-2.2.1-ashgc,3,0.7594421328449962,0.0002788906022633,0.7589500000000002,0.00029
27176,2921,dens_1348847431810734601,611,Density,<Substance CC(C)CC(C)(C)C{solv}{x=0.700000}|CCCO{solv}{x=0.300000}>,CC(C)CC(C)(C)C,CCCO,openff-2.2.1-ashgc,3,0.7158737486430818,0.0001991184769388,0.7046500000000001,0.00028
27177,2922,dhmix_1376194238727172922,612,EnthalpyOfMixing,<Substance CC(C)CC(C)(C)C{solv}{x=0.499800}|CCCO{solv}{x=0.500200}>,CC(C)CC(C)(C)C,CCCO,openff-2.2.1-ashgc,3,0.7851236063700213,0.0442693463379977,0.6025,0.0027
27178,2923,dhmix_1868873434415785592,613,EnthalpyOfMixing,<Substance CC(C)CC(C)(C)C{solv}{x=0.699900}|CCCO{solv}{x=0.300100}>,CC(C)CC(C)(C)C,CCCO,openff-2.2.1-ashgc,3,0.8552856320623761,0.0476584672713814,0.6544,0.0029
27179,2924,dens_1870552320710773195,614,Density,<Substance CC(C)CC(C)(C)C{solv}{x=0.500000}|CCCO{solv}{x=0.500000}>,CC(C)CC(C)(C)C,CCCO,openff-2.2.1-ashgc,3,0.7290802926894469,0.0002254579611049,0.7214400000000002,0.00028
27180,2925,dens_344701479262570906,615,Density,<Substance C1CCOCC1{solv}{x=0.246100}|Cc1cccnc1{solv}{x=0.753900}>,C1CCOCC1,Cc1cccnc1,openff-2.2.1-ashgc,3,0.920677673763246,0.000237580699356,0.9348570000000002,0.0004915
27181,2926,dhmix_772935681699310364,616,EnthalpyOfMixing,<Substance C1CCOCC1{solv}{x=0.480300}|Cc1cccnc1{solv}{x=0.519700}>,C1CCOCC1,Cc1cccnc1,openff-2.2.1-ashgc,3,0.1070756432858459,0.0397641460988977,0.1271,0.00115
27182,2927,dens_1179184695460672925,617,Density,<Substance C1CCOCC1{solv}{x=0.756800}|Cc1cccnc1{solv}{x=0.243200}>,C1CCOCC1,Cc1cccnc1,openff-2.2.1-ashgc,3,0.8840110974607428,0.0002151519942977,0.8976640000000002,0.0004655
27183,2928,dens_1273033541520518804,618,Density,<Substance C1CCOCC1{solv}{x=0.482700}|Cc1cccnc1{solv}{x=0.517300}>,C1CCOCC1,Cc1cccnc1,openff-2.2.1-ashgc,3,0.903901708349777,0.0002241462810405,0.9179640000000002,0.00048
27184,2929,dhmix_1594947441282636711,619,EnthalpyOfMixing,<Substance C1CCOCC1{solv}{x=0.735500}|Cc1cccnc1{solv}{x=0.264500}>,C1CCOCC1,Cc1cccnc1,openff-2.2.1-ashgc,3,0.0728591296283767,0.0433724532562351,0.0924,0.00095
27185,2930,dhmix_2075643137470349800,620,EnthalpyOfMixing,<Substance C1CCOCC1{solv}{x=0.273200}|Cc1cccnc1{solv}{x=0.726800}>,C1CCOCC1,Cc1cccnc1,openff-2.2.1-ashgc,3,0.0393876254047924,0.0418718267272604,0.1036,0.001
27186,2931,dhmix_346841872844739570,621,EnthalpyOfMixing,<Substance CC#N{solv}{x=0.700700}|CCOC(C)(C)C{solv}{x=0.299300}>,CC#N,CCOC(C)(C)C,openff-2.2.1-ashgc,3,0.2260028887269349,0.027353587739148,0.6176,0.0084
27187,2932,dhmix_840136828933604757,622,EnthalpyOfMixing,<Substance CC#N{solv}{x=0.199000}|CCOC(C)(C)C{solv}{x=0.801000}>,CC#N,CCOC(C)(C)C,openff-2.2.1-ashgc,3,0.0445604658470095,0.0487830558559541,0.4418,0.006
27188,2933,dhmix_1934525864391020215,623,EnthalpyOfMixing,<Substance CC#N{solv}{x=0.501600}|CCOC(C)(C)C{solv}{x=0.498400}>,CC#N,CCOC(C)(C)C,openff-2.2.1-ashgc,3,0.2747835998036565,0.0292941191855628,0.7098,0.00965
27189,2934,dens_1954735606040559695,624,Density,<Substance CC#N{solv}{x=0.700700}|CCOC(C)(C)C{solv}{x=0.299300}>,CC#N,CCOC(C)(C)C,openff-2.2.1-ashgc,3,0.7656043250367046,0.0002773916467136,0.7595000000000002,0.00045
27190,2935,dens_2173310521496796694,625,Density,<Substance CC#N{solv}{x=0.501600}|CCOC(C)(C)C{solv}{x=0.498400}>,CC#N,CCOC(C)(C)C,openff-2.2.1-ashgc,3,0.7601630600898475,0.000259059173548,0.7510000000000002,0.00035
27191,2936,dens_2235331649530959984,626,Density,<Substance CC#N{solv}{x=0.199000}|CCOC(C)(C)C{solv}{x=0.801000}>,CC#N,CCOC(C)(C)C,openff-2.2.1-ashgc,3,0.7521793768189942,0.0002358777368555,0.7408000000000001,0.00015
27192,2937,dhmix_355078149157572999,627,EnthalpyOfMixing,<Substance OCCOCCO{solv}{x=0.790600}|O{solv}{x=0.209400}>,O,OCCOCCO,openff-2.2.1-ashgc,3,-0.1052238184020808,0.0561222548087018,-0.521,0.003
27193,2938,dhmix_514261244195159379,628,EnthalpyOfMixing,<Substance OCCOCCO{solv}{x=0.300400}|O{solv}{x=0.699600}>,O,OCCOCCO,openff-2.2.1-ashgc,3,-0.3196325520149941,0.0289536759327989,-1.245,0.0065
27194,2939,dhmix_1512634639127890343,629,EnthalpyOfMixing,<Substance OCCOCCO{solv}{x=0.501000}|O{solv}{x=0.499000}>,O,OCCOCCO,openff-2.2.1-ashgc,3,-0.1413917992200666,0.0459951890212887,-1.149,0.0065
27195,2940,dens_1532732041743097130,630,Density,<Substance OCCOCCO{solv}{x=0.500600}|O{solv}{x=0.499400}>,O,OCCOCCO,openff-2.2.1-ashgc,3,1.1028577847367396,0.0004947313806474,1.1070700000000002,0.00026
27196,2941,dens_1948924545926470959,631,Density,<Substance OCCOCCO{solv}{x=0.700300}|O{solv}{x=0.299700}>,O,OCCOCCO,openff-2.2.1-ashgc,3,1.1123170282798711,0.0002992385393762,1.1111900000000003,0.000285
27197,2942,dens_2114974877291939954,632,Density,<Substance OCCOCCO{solv}{x=0.301000}|O{solv}{x=0.699000}>,O,OCCOCCO,openff-2.2.1-ashgc,3,1.0857402776341791,0.0003268105750224,1.0958900000000005,0.000305
27198,2943,dhmix_355690558520209737,633,EnthalpyOfMixing,<Substance CC(C)CC(C)(C)C{solv}{x=0.774800}|CC(C)OC(C)C{solv}{x=0.225200}>,CC(C)CC(C)(C)C,CC(C)OC(C)C,openff-2.2.1-ashgc,3,0.3522776735991897,0.049571684183858,0.132161,0.001556
27199,2944,dens_706481868145479619,634,Density,<Substance CC(C)CC(C)(C)C{solv}{x=0.250000}|CC(C)OC(C)C{solv}{x=0.750000}>,CC(C)CC(C)(C)C,CC(C)OC(C)C,openff-2.2.1-ashgc,3,0.7233793729478946,0.0002260433653864,0.7090800000000002,0.000155
27200,2945,dens_960755156711549154,635,Density,<Substance CC(C)CC(C)(C)C{solv}{x=0.750000}|CC(C)OC(C)C{solv}{x=0.250000}>,CC(C)CC(C)(C)C,CC(C)OC(C)C,openff-2.2.1-ashgc,3,0.708540030223428,0.0001990856021073,0.6937500000000002,0.000155
27201,2946,dens_1165117582450092341,636,Density,<Substance CC(C)CC(C)(C)C{solv}{x=0.500900}|CC(C)OC(C)C{solv}{x=0.499100}>,CC(C)CC(C)(C)C,CC(C)OC(C)C,openff-2.2.1-ashgc,3,0.7148429360418784,0.0002221364760727,0.7005900000000002,0.000105
27202,2947,dhmix_1819714300540494359,637,EnthalpyOfMixing,<Substance CC(C)CC(C)(C)C{solv}{x=0.512500}|CC(C)OC(C)C{solv}{x=0.487500}>,CC(C)CC(C)(C)C,CC(C)OC(C)C,openff-2.2.1-ashgc,3,0.4603515146548602,0.0477420895583422,0.197047,0.002233
27203,2948,dhmix_2031984064821599856,638,EnthalpyOfMixing,<Substance CC(C)CC(C)(C)C{solv}{x=0.269300}|CC(C)OC(C)C{solv}{x=0.730700}>,CC(C)CC(C)(C)C,CC(C)OC(C)C,openff-2.2.1-ashgc,3,0.2838343750817103,0.0446603932809428,0.158983,0.0018345
27204,2949,dens_357198687829738077,639,Density,<Substance C1CCOCC1{solv}{x=0.223500}|CCCCCC(C)=O{solv}{x=0.776500}>,C1CCOCC1,CCCCCC(C)=O,openff-2.2.1-ashgc,3,0.806658455572868,0.0001883975161769,0.8221200000000002,0.000375
27205,2950,dens_1074719884132299485,640,Density,<Substance C1CCOCC1{solv}{x=0.516600}|CCCCCC(C)=O{solv}{x=0.483400}>,C1CCOCC1,CCCCCC(C)=O,openff-2.2.1-ashgc,3,0.8250768042842738,0.0002093423604233,0.8396100000000002,0.00032
27206,2951,dens_1427208283653313137,641,Density,<Substance C1CCOCC1{solv}{x=0.710100}|CCCCCC(C)=O{solv}{x=0.289900}>,C1CCOCC1,CCCCCC(C)=O,openff-2.2.1-ashgc,3,0.8387552226791402,0.0002214340410276,0.8534200000000002,0.000285
27207,2952,dhmix_1485904869507380555,642,EnthalpyOfMixing,<Substance C1CCOCC1{solv}{x=0.500000}|CCCCCC(C)=O{solv}{x=0.500000}>,C1CCOCC1,CCCCCC(C)=O,openff-2.2.1-ashgc,3,0.1482604363375514,0.0421683061254448,0.05773,0.000615
27208,2953,dhmix_1931504734279468677,643,EnthalpyOfMixing,<Substance C1CCOCC1{solv}{x=0.250000}|CCCCCC(C)=O{solv}{x=0.750000}>,C1CCOCC1,CCCCCC(C)=O,openff-2.2.1-ashgc,3,0.0826854144753141,0.0502637373158009,0.03429,0.00053
27209,2954,dhmix_2296263041755700053,644,EnthalpyOfMixing,<Substance C1CCOCC1{solv}{x=0.750000}|CCCCCC(C)=O{solv}{x=0.250000}>,C1CCOCC1,CCCCCC(C)=O,openff-2.2.1-ashgc,3,0.0580196318357408,0.0466990106938745,0.05587,0.00061
27210,2955,dhmix_357499987240135169,645,EnthalpyOfMixing,<Substance CCCCC{solv}{x=0.772700}|CCCCOC=O{solv}{x=0.227300}>,CCCCC,CCCCOC=O,openff-2.2.1-ashgc,3,1.0785348524599527,0.0451706698310293,0.87,0.004
27211,2956,dens_435201289177646286,646,Density,<Substance CCCCC{solv}{x=0.504200}|CCCCOC=O{solv}{x=0.495800}>,CCCCC,CCCCOC=O,openff-2.2.1-ashgc,3,0.7496487463490183,0.0002157706842949,0.7523000000000001,0.00024
27212,2957,dens_635752291929824010,647,Density,<Substance CCCCC{solv}{x=0.699000}|CCCCOC=O{solv}{x=0.301000}>,CCCCC,CCCCOC=O,openff-2.2.1-ashgc,3,0.6912080625062151,0.0002751113373293,0.6994600000000002,0.00018
27213,2958,dhmix_869493303716364153,648,EnthalpyOfMixing,<Substance CCCCC{solv}{x=0.490500}|CCCCOC=O{solv}{x=0.509500}>,CCCCC,CCCCOC=O,openff-2.2.1-ashgc,3,1.166747625563275,0.0409542077211905,0.959,0.004
27214,2959,dhmix_1188548276416925178,649,EnthalpyOfMixing,<Substance CCCCC{solv}{x=0.246000}|CCCCOC=O{solv}{x=0.754000}>,CCCCC,CCCCOC=O,openff-2.2.1-ashgc,3,0.9446690815510266,0.039909491629494,0.632,0.003
27215,2960,dens_1944800378076074966,650,Density,<Substance CCCCC{solv}{x=0.247100}|CCCCOC=O{solv}{x=0.752900}>,CCCCC,CCCCOC=O,openff-2.2.1-ashgc,3,0.8261132838325107,0.0001549852061276,0.8221800000000001,0.000375
27216,2961,dhmix_357740737126275220,651,EnthalpyOfMixing,<Substance CC(=O)N(C)C{solv}{x=0.212000}|CCCCCl{solv}{x=0.788000}>,CC(=O)N(C)C,CCCCCl,openff-2.2.1-ashgc,3,0.4016826675655665,0.0405428436166358,0.244,0.0025
27217,2962,dens_563556088097831353,652,Density,<Substance CC(=O)N(C)C{solv}{x=0.499000}|CCCCCl{solv}{x=0.501000}>,CC(=O)N(C)C,CCCCCl,openff-2.2.1-ashgc,3,0.8797379201522991,0.0001993555616448,0.9081000000000002,0.0002
27218,2963,dens_1083232356130752567,653,Density,<Substance CC(=O)N(C)C{solv}{x=0.799700}|CCCCCl{solv}{x=0.200300}>,CC(=O)N(C)C,CCCCCl,openff-2.2.1-ashgc,3,0.8909282915227673,0.0002263379704167,0.9247000000000004,0.0002
27219,2964,dhmix_1487887746912587509,654,EnthalpyOfMixing,<Substance CC(=O)N(C)C{solv}{x=0.708000}|CCCCCl{solv}{x=0.292000}>,CC(=O)N(C)C,CCCCCl,openff-2.2.1-ashgc,3,0.5577688771859144,0.0408345767158897,0.305,0.0025
27220,2965,dens_1662749398344255132,655,Density,<Substance CC(=O)N(C)C{solv}{x=0.210500}|CCCCCl{solv}{x=0.789500}>,CC(=O)N(C)C,CCCCCl,openff-2.2.1-ashgc,3,0.8666707850644102,0.0003012481197319,0.8918000000000001,0.0002
27221,2966,dhmix_2085343422065298965,656,EnthalpyOfMixing,<Substance CC(=O)N(C)C{solv}{x=0.511000}|CCCCCl{solv}{x=0.489000}>,CC(=O)N(C)C,CCCCCl,openff-2.2.1-ashgc,3,0.6098737356293995,0.0409014932740821,0.363,0.0025
27222,2967,dhmix_359626193748497849,657,EnthalpyOfMixing,<Substance C1CCOCC1{solv}{x=0.750000}|O=C1CCCCC1{solv}{x=0.250000}>,C1CCOCC1,O=C1CCCCC1,openff-2.2.1-ashgc,3,0.0557088366043601,0.0445646480929978,0.07698,0.00069
27223,2968,dhmix_709905971434026360,658,EnthalpyOfMixing,<Substance C1CCOCC1{solv}{x=0.250000}|O=C1CCCCC1{solv}{x=0.750000}>,C1CCOCC1,O=C1CCCCC1,openff-2.2.1-ashgc,3,-0.0421279604626505,0.0420247246834209,0.05827,0.00062
27224,2969,dens_996263306280392228,659,Density,<Substance C1CCOCC1{solv}{x=0.500900}|O=C1CCCCC1{solv}{x=0.499100}>,C1CCOCC1,O=C1CCCCC1,openff-2.2.1-ashgc,3,0.8920939278860358,0.0001928805339377,0.9160300000000002,0.000505
27225,2970,dens_1296485655493191092,660,Density,<Substance C1CCOCC1{solv}{x=0.247100}|O=C1CCCCC1{solv}{x=0.752900}>,C1CCOCC1,O=C1CCCCC1,openff-2.2.1-ashgc,3,0.90411802249851,0.0001809521261794,0.9305900000000004,0.000505
27226,2971,dhmix_1617652800437548554,661,EnthalpyOfMixing,<Substance C1CCOCC1{solv}{x=0.500000}|O=C1CCCCC1{solv}{x=0.500000}>,C1CCOCC1,O=C1CCCCC1,openff-2.2.1-ashgc,3,-0.0550371169188252,0.0331408332452946,0.08658,0.000725
27227,2972,dens_2134919398794801459,662,Density,<Substance C1CCOCC1{solv}{x=0.738900}|O=C1CCCCC1{solv}{x=0.261100}>,C1CCOCC1,O=C1CCCCC1,openff-2.2.1-ashgc,3,0.8798669507578935,0.0002376816867747,0.9000800000000002,0.000505
27228,2973,dens_371429494256072686,663,Density,<Substance COC=O{solv}{x=0.513800}|ClCCCCl{solv}{x=0.486200}>,COC=O,ClCCCCl,openff-2.2.1-ashgc,3,1.0873068191640278,0.0003300426557628,1.08831,0.00025
27229,2974,dens_416463243686186519,664,Density,<Substance COC=O{solv}{x=0.738400}|ClCCCCl{solv}{x=0.261600}>,COC=O,ClCCCCl,openff-2.2.1-ashgc,3,1.0497807981669462,0.0003434373082104,1.03754,0.0002
27230,2975,dhmix_573570621261992547,665,EnthalpyOfMixing,<Substance COC=O{solv}{x=0.767400}|ClCCCCl{solv}{x=0.232600}>,COC=O,ClCCCCl,openff-2.2.1-ashgc,3,0.5216915955808199,0.0338724720887338,0.2841,0.0015
27231,2976,dens_1665007650151393058,666,Density,<Substance COC=O{solv}{x=0.244000}|ClCCCCl{solv}{x=0.756000}>,COC=O,ClCCCCl,openff-2.2.1-ashgc,3,1.125701147681535,0.0003408708947845,1.1395000000000002,0.0003
27232,2977,dhmix_2050640017895200777,667,EnthalpyOfMixing,<Substance COC=O{solv}{x=0.502400}|ClCCCCl{solv}{x=0.497600}>,COC=O,ClCCCCl,openff-2.2.1-ashgc,3,0.7968870751302202,0.0291666868508929,0.3503,0.00175
27233,2978,dhmix_2121310957223924646,668,EnthalpyOfMixing,<Substance COC=O{solv}{x=0.202400}|ClCCCCl{solv}{x=0.797600}>,COC=O,ClCCCCl,openff-2.2.1-ashgc,3,0.5127082682210649,0.0317320568066727,0.2064,0.0012
27234,2979,dens_380799246642881225,669,Density,<Substance Cc1ccncc1{solv}{x=0.500000}|O{solv}{x=0.500000}>,Cc1ccncc1,O,openff-2.2.1-ashgc,3,0.947153543251648,0.0003137837253467,0.9704000000000004,0.0005
27235,2980,dens_1024460369591354985,670,Density,<Substance Cc1ccncc1{solv}{x=0.225000}|O{solv}{x=0.775000}>,Cc1ccncc1,O,openff-2.2.1-ashgc,3,0.955495606285218,0.0004133417786213,0.9848000000000002,0.0004
27236,2981,dens_1867704914487230306,671,Density,<Substance Cc1ccncc1{solv}{x=0.750000}|O{solv}{x=0.250000}>,Cc1ccncc1,O,openff-2.2.1-ashgc,3,0.9439957437681578,0.0001677188013186,0.9614000000000004,0.0004
27237,2982,dhmix_396839331496923568,672,EnthalpyOfMixing,<Substance CCCOC(=O)CC{solv}{x=0.237600}|ClCCCl{solv}{x=0.762400}>,CCCOC(=O)CC,ClCCCl,openff-2.2.1-ashgc,3,-0.302049358359536,0.0353075085321119,-0.317,0.0035
27238,2983,dens_1025242301432619836,673,Density,<Substance CCCOC(=O)CC{solv}{x=0.518800}|ClCCCl{solv}{x=0.481200}>,CCCOC(=O)CC,ClCCCl,openff-2.2.1-ashgc,3,0.9947713123386522,0.0002671932679507,1.0064000000000002,0.000905
27239,2984,dens_1654149510571748883,674,Density,<Substance CCCOC(=O)CC{solv}{x=0.731600}|ClCCCl{solv}{x=0.268400}>,CCCOC(=O)CC,ClCCCl,openff-2.2.1-ashgc,3,0.933436503189186,0.0002345153141936,0.9416300000000002,0.00041
27240,2985,dens_1804016971158746429,675,Density,<Substance CCCOC(=O)CC{solv}{x=0.243700}|ClCCCl{solv}{x=0.756300}>,CCCOC(=O)CC,ClCCCl,openff-2.2.1-ashgc,3,1.0937478426557297,0.0003845628912137,1.11431,0.002155
27241,2986,dhmix_1840109043188951916,676,EnthalpyOfMixing,<Substance CCCOC(=O)CC{solv}{x=0.517700}|ClCCCl{solv}{x=0.482300}>,CCCOC(=O)CC,ClCCCl,openff-2.2.1-ashgc,3,-0.4427192674347324,0.0342194263515066,-0.557,0.006
27242,2987,dhmix_1924188358781329171,677,EnthalpyOfMixing,<Substance CCCOC(=O)CC{solv}{x=0.787400}|ClCCCl{solv}{x=0.212600}>,CCCOC(=O)CC,ClCCCl,openff-2.2.1-ashgc,3,-0.2514758491856028,0.0449294918041694,-0.357,0.004
27243,2988,dhmix_408170436877433675,678,EnthalpyOfMixing,<Substance CCCCC{solv}{x=0.229800}|CCOC=O{solv}{x=0.770200}>,CCCCC,CCOC=O,openff-2.2.1-ashgc,3,1.219046400956401,0.0425072610172149,1.016,0.0045
27244,2989,dens_1159257310358090227,679,Density,<Substance CCCCC{solv}{x=0.748000}|CCOC=O{solv}{x=0.252000}>,CCCCC,CCOC=O,openff-2.2.1-ashgc,3,0.6619875131856413,0.0002820109576942,0.6707000000000002,0.000165
27245,2990,dhmix_1897634982824334825,680,EnthalpyOfMixing,<Substance CCCCC{solv}{x=0.500100}|CCOC=O{solv}{x=0.499900}>,CCCCC,CCOC=O,openff-2.2.1-ashgc,3,1.7878578408247066,0.0399765770968255,1.354,0.0055
27246,2991,dens_1931965346092446599,681,Density,<Substance CCCCC{solv}{x=0.504000}|CCOC=O{solv}{x=0.496000}>,CCCCC,CCOC=O,openff-2.2.1-ashgc,3,0.734754603308354,0.0002785193000295,0.7333000000000002,0.00024
27247,2992,dens_2086304425324215507,682,Density,<Substance CCCCC{solv}{x=0.298000}|CCOC=O{solv}{x=0.702000}>,CCCCC,CCOC=O,openff-2.2.1-ashgc,3,0.8087776016920375,0.000262483073876,0.7971000000000003,0.000345
27248,2993,dhmix_2117998354372981576,683,EnthalpyOfMixing,<Substance CCCCC{solv}{x=0.777900}|CCOC=O{solv}{x=0.222100}>,CCCCC,CCOC=O,openff-2.2.1-ashgc,3,1.4799132085836106,0.0434325021453336,1.051,0.0045
27249,2994,dens_415189671276159712,684,Density,<Substance NCCO{solv}{x=0.785350}|c1ccncc1{solv}{x=0.214650}>,NCCO,c1ccncc1,openff-2.2.1-ashgc,3,1.0409984781803698,0.0003086072747586,1.002592,0.000101
27250,2995,dhmix_607563797490786343,685,EnthalpyOfMixing,<Substance NCCO{solv}{x=0.559360}|c1ccncc1{solv}{x=0.440640}>,NCCO,c1ccncc1,openff-2.2.1-ashgc,3,0.8404514949743103,0.0350478683165359,0.824,0.0035
27251,2996,dhmix_783614050589043390,686,EnthalpyOfMixing,<Substance NCCO{solv}{x=0.248120}|c1ccncc1{solv}{x=0.751880}>,NCCO,c1ccncc1,openff-2.2.1-ashgc,3,0.836642287264912,0.0360792789045676,0.779,0.0035
27252,2997,dens_907288549206652702,687,Density,<Substance NCCO{solv}{x=0.558640}|c1ccncc1{solv}{x=0.441360}>,NCCO,c1ccncc1,openff-2.2.1-ashgc,3,1.018457639063051,0.0002196313839485,0.9936870000000002,0.0001015
27253,2998,dhmix_1092036220949585875,688,EnthalpyOfMixing,<Substance NCCO{solv}{x=0.746780}|c1ccncc1{solv}{x=0.253220}>,NCCO,c1ccncc1,openff-2.2.1-ashgc,3,0.5319306312898959,0.0352636721280844,0.612,0.003
27254,2999,dens_2278246591298089898,689,Density,<Substance NCCO{solv}{x=0.210010}|c1ccncc1{solv}{x=0.789990}>,NCCO,c1ccncc1,openff-2.2.1-ashgc,3,0.9879497699490972,0.0002574596599899,0.9825660000000004,0.0001015
27255,3000,dens_419188249264987147,690,Density,<Substance CCCCC(=O)OCC{solv}{x=0.492100}|CCOC(C)=O{solv}{x=0.507900}>,CCCCC(=O)OCC,CCOC(C)=O,openff-2.2.1-ashgc,3,0.8814967266820507,0.0002452365960195,0.8787300000000002,0.00012
27256,3001,dens_667714041205021070,691,Density,<Substance CCCCC(=O)OCC{solv}{x=0.304700}|CCOC(C)=O{solv}{x=0.695300}>,CCCCC(=O)OCC,CCOC(C)=O,openff-2.2.1-ashgc,3,0.8886442961696691,0.0002037736840393,0.8836400000000002,0.00012
27257,3002,dhmix_1137774316856842141,692,EnthalpyOfMixing,<Substance CCCCC(=O)OCC{solv}{x=0.737600}|CCOC(C)=O{solv}{x=0.262400}>,CCCCC(=O)OCC,CCOC(C)=O,openff-2.2.1-ashgc,3,0.1172844860925304,0.0457841822672702,0.114,0.0015
27258,3003,dhmix_1322441082145072072,693,EnthalpyOfMixing,<Substance CCCCC(=O)OCC{solv}{x=0.279900}|CCOC(C)=O{solv}{x=0.720100}>,CCCCC(=O)OCC,CCOC(C)=O,openff-2.2.1-ashgc,3,0.1190741360320046,0.0357394952975658,0.139,0.0015
27259,3004,dens_1682638395920841051,694,Density,<Substance CCCCC(=O)OCC{solv}{x=0.752600}|CCOC(C)=O{solv}{x=0.247400}>,CCCCC(=O)OCC,CCOC(C)=O,openff-2.2.1-ashgc,3,0.8737930084904878,0.0001808844438667,0.8732900000000001,0.00012
27260,3005,dhmix_2161842751879945948,695,EnthalpyOfMixing,<Substance CCCCC(=O)OCC{solv}{x=0.519800}|CCOC(C)=O{solv}{x=0.480200}>,CCCCC(=O)OCC,CCOC(C)=O,openff-2.2.1-ashgc,3,0.0087489601557511,0.0468025241315329,0.154,0.002
27261,3006,dhmix_419593950323214290,696,EnthalpyOfMixing,<Substance CCCCCC(C)=O{solv}{x=0.780400}|CCN(CC)CC{solv}{x=0.219600}>,CCCCCC(C)=O,CCN(CC)CC,openff-2.2.1-ashgc,3,0.0532250460548269,0.0494654988542137,0.216,0.0025
27262,3007,dens_651921010645567431,697,Density,<Substance CCCCCC(C)=O{solv}{x=0.259800}|CCN(CC)CC{solv}{x=0.740200}>,CCCCCC(C)=O,CCN(CC)CC,openff-2.2.1-ashgc,3,0.7419932526427261,0.0001739432399527,0.7465820000000002,8.950000000000002e-05
27263,3008,dens_995831511901627711,698,Density,<Substance CCCCCC(C)=O{solv}{x=0.748400}|CCN(CC)CC{solv}{x=0.251600}>,CCCCCC(C)=O,CCN(CC)CC,openff-2.2.1-ashgc,3,0.7783378602544351,0.000195841912834,0.7899410000000002,0.0001055
27264,3009,dhmix_1001984601109558110,699,EnthalpyOfMixing,<Substance CCCCCC(C)=O{solv}{x=0.492000}|CCN(CC)CC{solv}{x=0.508000}>,CCCCCC(C)=O,CCN(CC)CC,openff-2.2.1-ashgc,3,0.1428331002310798,0.048511896389606,0.419,0.0045
27265,3010,dens_1887829851815986883,700,Density,<Substance CCCCCC(C)=O{solv}{x=0.503200}|CCN(CC)CC{solv}{x=0.496800}>,CCCCCC(C)=O,CCN(CC)CC,openff-2.2.1-ashgc,3,0.7601089662287982,0.0001851342517537,0.7684760000000002,9.800000000000002e-05
27266,3011,dhmix_2085744568401562111,701,EnthalpyOfMixing,<Substance CCCCCC(C)=O{solv}{x=0.293900}|CCN(CC)CC{solv}{x=0.706100}>,CCCCCC(C)=O,CCN(CC)CC,openff-2.2.1-ashgc,3,0.1904866704822083,0.0474708025108171,0.412,0.0045
27267,3012,dens_436049638479549968,702,Density,<Substance COC=O{solv}{x=0.472500}|ClCCCl{solv}{x=0.527500}>,COC=O,ClCCCl,openff-2.2.1-ashgc,3,1.1232455644586328,0.0003802746785744,1.1269600000000004,0.000285
27268,3013,dens_627145458965592302,703,Density,<Substance COC=O{solv}{x=0.753000}|ClCCCl{solv}{x=0.247000}>,COC=O,ClCCCl,openff-2.2.1-ashgc,3,1.0598892558101556,0.0003934223523392,1.0461600000000004,0.000205
27269,3014,dhmix_731680623269260416,704,EnthalpyOfMixing,<Substance COC=O{solv}{x=0.250800}|ClCCCl{solv}{x=0.749200}>,COC=O,ClCCCl,openff-2.2.1-ashgc,3,0.4307704428545129,0.0296210528052999,0.0793,0.0007
27270,3015,dens_1488543630772933598,705,Density,<Substance COC=O{solv}{x=0.279500}|ClCCCl{solv}{x=0.720500}>,COC=O,ClCCCl,openff-2.2.1-ashgc,3,1.1617093481871574,0.0004315237381603,1.1777100000000005,0.00034
27271,3016,dhmix_2170321998768851974,706,EnthalpyOfMixing,<Substance COC=O{solv}{x=0.732200}|ClCCCl{solv}{x=0.267800}>,COC=O,ClCCCl,openff-2.2.1-ashgc,3,0.4538821950482221,0.0311346294481715,0.0733,0.00065
27272,3017,dhmix_2249001225536869896,707,EnthalpyOfMixing,<Substance COC=O{solv}{x=0.487400}|ClCCCl{solv}{x=0.512600}>,COC=O,ClCCCl,openff-2.2.1-ashgc,3,0.5793278270669227,0.0295072611925973,0.1028,0.0008
27273,3018,dhmix_442816374747487477,708,EnthalpyOfMixing,<Substance NCCCNCCCN{solv}{x=0.801500}|O{solv}{x=0.198500}>,NCCCNCCCN,O,openff-2.2.1-ashgc,3,-1.8159258869942991,0.061764140504744,-2.233,0.024
27274,3019,dhmix_1795382205757805615,709,EnthalpyOfMixing,<Substance NCCCNCCCN{solv}{x=0.300500}|O{solv}{x=0.699500}>,NCCCNCCCN,O,openff-2.2.1-ashgc,3,-4.613851027727506,0.0465187147597646,-6.588,0.07
27275,3020,dhmix_1814950732748396893,710,EnthalpyOfMixing,<Substance NCCCNCCCN{solv}{x=0.499800}|O{solv}{x=0.500200}>,NCCCNCCCN,O,openff-2.2.1-ashgc,3,-3.916722957600852,0.0562571103322502,-5.544,0.059
27276,3021,dhmix_446869196417408130,711,EnthalpyOfMixing,<Substance NCCNCCO{solv}{x=0.770000}|O{solv}{x=0.230000}>,NCCNCCO,O,openff-2.2.1-ashgc,3,-1.8178805552698096,0.0448104959731666,-1.711,0.035
27277,3022,dhmix_673839467313503071,712,EnthalpyOfMixing,<Substance NCCNCCO{solv}{x=0.069900}|O{solv}{x=0.930100}>,NCCNCCO,O,openff-2.2.1-ashgc,3,-0.672847211684509,0.0230335238902336,-1.713,0.035
27278,3023,dens_688094438561771555,713,Density,<Substance NCCNCCO{solv}{x=0.799700}|O{solv}{x=0.200300}>,NCCNCCO,O,openff-2.2.1-ashgc,3,1.0827508518796096,0.0001782582513681,1.0318300000000002,0.00024
27279,3024,dhmix_1682883323293489147,714,EnthalpyOfMixing,<Substance NCCNCCO{solv}{x=0.400100}|O{solv}{x=0.599900}>,NCCNCCO,O,openff-2.2.1-ashgc,3,-2.305145908569756,0.0390012345893744,-4.15,0.0845
27280,3025,dens_2045176885611624977,715,Density,<Substance NCCNCCO{solv}{x=0.070000}|O{solv}{x=0.930000}>,NCCNCCO,O,openff-2.2.1-ashgc,3,1.0204502120083505,0.0004881652075188,1.0222800000000003,0.000125
27281,3026,dens_2280714043292214506,716,Density,<Substance NCCNCCO{solv}{x=0.399700}|O{solv}{x=0.600300}>,NCCNCCO,O,openff-2.2.1-ashgc,3,1.0613850649897183,0.0004293335283972,1.0370100000000002,0.00017
27282,3027,dens_448105363780466270,717,Density,<Substance CCCCCCCl{solv}{x=0.498300}|CN(C)C=O{solv}{x=0.501700}>,CCCCCCCl,CN(C)C=O,openff-2.2.1-ashgc,3,0.8798235761205397,0.0002355981859245,0.8974000000000002,0.0003
27283,3028,dens_1134260732394863277,718,Density,<Substance CCCCCCCl{solv}{x=0.729300}|CN(C)C=O{solv}{x=0.270700}>,CCCCCCCl,CN(C)C=O,openff-2.2.1-ashgc,3,0.8692708121204625,0.0002674880672269,0.8844000000000002,0.0003
27284,3029,dhmix_1150917243327149472,719,EnthalpyOfMixing,<Substance CCCCCCCl{solv}{x=0.500000}|CN(C)C=O{solv}{x=0.500000}>,CCCCCCCl,CN(C)C=O,openff-2.2.1-ashgc,3,1.0763864598661854,0.0386541470767844,0.847,0.004
27285,3030,dhmix_1166656674614639609,720,EnthalpyOfMixing,<Substance CCCCCCCl{solv}{x=0.204000}|CN(C)C=O{solv}{x=0.796000}>,CCCCCCCl,CN(C)C=O,openff-2.2.1-ashgc,3,0.8609232449026862,0.0418520146340357,0.583,0.004
27286,3031,dhmix_1262474968830454367,721,EnthalpyOfMixing,<Substance CCCCCCCl{solv}{x=0.795000}|CN(C)C=O{solv}{x=0.205000}>,CCCCCCCl,CN(C)C=O,openff-2.2.1-ashgc,3,0.8279180416286351,0.0463018393798649,0.542,0.0035
27287,3032,dens_1862934255267356180,722,Density,<Substance CCCCCCCl{solv}{x=0.200700}|CN(C)C=O{solv}{x=0.799300}>,CCCCCCCl,CN(C)C=O,openff-2.2.1-ashgc,3,0.8982157307615877,0.0002716027711073,0.9218000000000002,0.00025
27288,3033,dhmix_457000181442392641,723,EnthalpyOfMixing,<Substance CCOCCO{solv}{x=0.241100}|c1ccccc1{solv}{x=0.758900}>,CCOCCO,c1ccccc1,openff-2.2.1-ashgc,3,0.6525402004045731,0.0419085169506561,0.6303,0.00815
27289,3034,dhmix_501726034520661035,724,EnthalpyOfMixing,<Substance CCOCCO{solv}{x=0.733600}|c1ccccc1{solv}{x=0.266400}>,CCOCCO,c1ccccc1,openff-2.2.1-ashgc,3,0.2655350648565928,0.050980699873438,0.2326,0.0033
27290,3035,dens_577983044895299238,725,Density,<Substance CCOCCO{solv}{x=0.251800}|c1ccccc1{solv}{x=0.748200}>,CCOCCO,c1ccccc1,openff-2.2.1-ashgc,3,0.8729895310828895,0.0002492369692252,0.8849000000000002,0.00081
27291,3036,dens_1506946378386070831,726,Density,<Substance CCOCCO{solv}{x=0.750800}|c1ccccc1{solv}{x=0.249200}>,CCOCCO,c1ccccc1,openff-2.2.1-ashgc,3,0.9035673350344716,0.0002501877758545,0.9134500000000004,0.000685
27292,3037,dhmix_1801594081157333975,727,EnthalpyOfMixing,<Substance CCOCCO{solv}{x=0.478600}|c1ccccc1{solv}{x=0.521400}>,CCOCCO,c1ccccc1,openff-2.2.1-ashgc,3,0.5104391799426509,0.0391905697796032,0.4912,0.00645
27293,3038,dens_2128846755225827916,728,Density,<Substance CCOCCO{solv}{x=0.504800}|c1ccccc1{solv}{x=0.495200}>,CCOCCO,c1ccccc1,openff-2.2.1-ashgc,3,0.8890398596878235,0.0002149746728902,0.8995700000000003,0.000745
27294,3039,dhmix_466383569529620932,729,EnthalpyOfMixing,<Substance CC(=O)N(C)C{solv}{x=0.505000}|CCCCCCCl{solv}{x=0.495000}>,CC(=O)N(C)C,CCCCCCCl,openff-2.2.1-ashgc,3,0.8257461957901597,0.0431866156788359,0.61,0.003
27295,3040,dhmix_493694362228351572,730,EnthalpyOfMixing,<Substance CC(=O)N(C)C{solv}{x=0.798000}|CCCCCCCl{solv}{x=0.202000}>,CC(=O)N(C)C,CCCCCCCl,openff-2.2.1-ashgc,3,0.567391557658592,0.0445139848293726,0.425,0.003
27296,3041,dhmix_626564461179097700,731,EnthalpyOfMixing,<Substance CC(=O)N(C)C{solv}{x=0.211000}|CCCCCCCl{solv}{x=0.789000}>,CC(=O)N(C)C,CCCCCCCl,openff-2.2.1-ashgc,3,0.642176350709164,0.0475261016150385,0.38,0.003
27297,3042,dens_1720641323575133011,732,Density,<Substance CC(=O)N(C)C{solv}{x=0.200300}|CCCCCCCl{solv}{x=0.799700}>,CC(=O)N(C)C,CCCCCCCl,openff-2.2.1-ashgc,3,0.8654461633837834,0.0002252205489785,0.8816000000000003,0.00025
27298,3043,dens_1817345990638851984,733,Density,<Substance CC(=O)N(C)C{solv}{x=0.503000}|CCCCCCCl{solv}{x=0.497000}>,CC(=O)N(C)C,CCCCCCCl,openff-2.2.1-ashgc,3,0.8753348730908649,0.0002502051167694,0.8975000000000002,0.00025
27299,3044,dens_1885054129776339889,734,Density,<Substance CC(=O)N(C)C{solv}{x=0.699200}|CCCCCCCl{solv}{x=0.300800}>,CC(=O)N(C)C,CCCCCCCl,openff-2.2.1-ashgc,3,0.8834739101381608,0.0002204889807573,0.9104000000000002,0.0002
27300,3045,dens_468507243072548580,735,Density,<Substance CCC#N{solv}{x=0.701200}|CCOC(C)(C)CC{solv}{x=0.298800}>,CCC#N,CCOC(C)(C)CC,openff-2.2.1-ashgc,3,0.7703182510550556,0.0002670229489598,0.7715000000000002,0.0004
27301,3046,dhmix_553135124490085656,736,EnthalpyOfMixing,<Substance CCC#N{solv}{x=0.502500}|CCOC(C)(C)CC{solv}{x=0.497500}>,CCC#N,CCOC(C)(C)CC,openff-2.2.1-ashgc,3,0.3078577906554542,0.0426634018225661,0.7023,0.00955
27302,3047,dens_762108332272225600,737,Density,<Substance CCC#N{solv}{x=0.502500}|CCOC(C)(C)CC{solv}{x=0.497500}>,CCC#N,CCOC(C)(C)CC,openff-2.2.1-ashgc,3,0.7672287669975693,0.0002132703915534,0.7683000000000001,0.00035
27303,3048,dens_967634241844220739,738,Density,<Substance CCC#N{solv}{x=0.200900}|CCOC(C)(C)CC{solv}{x=0.799100}>,CCC#N,CCOC(C)(C)CC,openff-2.2.1-ashgc,3,0.7630288281575534,0.0002088757474079,0.7638000000000001,0.00025
27304,3049,dhmix_1961082112686431376,739,EnthalpyOfMixing,<Substance CCC#N{solv}{x=0.200900}|CCOC(C)(C)CC{solv}{x=0.799100}>,CCC#N,CCOC(C)(C)CC,openff-2.2.1-ashgc,3,0.1362614420159928,0.052486999429936,0.502,0.00685
27305,3050,dhmix_2005765786246998093,740,EnthalpyOfMixing,<Substance CCC#N{solv}{x=0.701200}|CCOC(C)(C)CC{solv}{x=0.298800}>,CCC#N,CCOC(C)(C)CC,openff-2.2.1-ashgc,3,0.2092908645201028,0.0406164267026769,0.5863,0.008
27306,3051,dhmix_471514663464011364,741,EnthalpyOfMixing,<Substance C1CCOCC1{solv}{x=0.722000}|CCCCCO{solv}{x=0.278000}>,C1CCOCC1,CCCCCO,openff-2.2.1-ashgc,3,1.0161566836201104,0.0364042311404786,0.8628,0.00745
27307,3052,dens_910343796235321484,742,Density,<Substance C1CCOCC1{solv}{x=0.298700}|CCCCCO{solv}{x=0.701300}>,C1CCOCC1,CCCCCO,openff-2.2.1-ashgc,3,0.821362505898972,0.0002394458276369,0.8293300000000002,0.00034
27308,3053,dens_1812069868432416079,743,Density,<Substance C1CCOCC1{solv}{x=0.800000}|CCCCCO{solv}{x=0.200000}>,C1CCOCC1,CCCCCO,openff-2.2.1-ashgc,3,0.851542402283814,0.0001779336472961,0.8635900000000002,0.000315
27309,3054,dhmix_1936206883965149188,744,EnthalpyOfMixing,<Substance C1CCOCC1{solv}{x=0.526000}|CCCCCO{solv}{x=0.474000}>,C1CCOCC1,CCCCCO,openff-2.2.1-ashgc,3,1.1950508015017505,0.0439233980559849,0.97,0.00615
27310,3055,dhmix_1992318015190346725,745,EnthalpyOfMixing,<Substance C1CCOCC1{solv}{x=0.217000}|CCCCCO{solv}{x=0.783000}>,C1CCOCC1,CCCCCO,openff-2.2.1-ashgc,3,0.6650246825600306,0.0453882474290493,0.6006,0.00455
27311,3056,dens_2204330198012032768,746,Density,<Substance C1CCOCC1{solv}{x=0.499400}|CCCCCO{solv}{x=0.500600}>,C1CCOCC1,CCCCCO,openff-2.2.1-ashgc,3,0.8324866953176276,0.0001989027338952,0.8425400000000002,0.00033
27312,3057,dhmix_472822428299818953,747,EnthalpyOfMixing,<Substance CC(C)CC(C)(C)C{solv}{x=0.700500}|CCCCO{solv}{x=0.299500}>,CC(C)CC(C)(C)C,CCCCO,openff-2.2.1-ashgc,3,0.8880781001524838,0.0522240955040896,0.6228,0.0028
27313,3058,dhmix_628387028768654403,748,EnthalpyOfMixing,<Substance CC(C)CC(C)(C)C{solv}{x=0.499900}|CCCCO{solv}{x=0.500100}>,CC(C)CC(C)(C)C,CCCCO,openff-2.2.1-ashgc,3,0.8825079452501541,0.0454776868034117,0.5938,0.0027
27314,3059,dens_631668933678639865,749,Density,<Substance CC(C)CC(C)(C)C{solv}{x=0.200000}|CCCCO{solv}{x=0.800000}>,CC(C)CC(C)(C)C,CCCCO,openff-2.2.1-ashgc,3,0.7684910720299426,0.0002255649973092,0.7696800000000001,0.000295
27315,3060,dens_1394470087977586253,750,Density,<Substance CC(C)CC(C)(C)C{solv}{x=0.500000}|CCCCO{solv}{x=0.500000}>,CC(C)CC(C)(C)C,CCCCO,openff-2.2.1-ashgc,3,0.735998755877825,0.0001837910425358,0.7294000000000002,0.000285
27316,3061,dens_1809610870413503056,751,Density,<Substance CC(C)CC(C)(C)C{solv}{x=0.699900}|CCCCO{solv}{x=0.300100}>,CC(C)CC(C)(C)C,CCCCO,openff-2.2.1-ashgc,3,0.7201769281709214,0.0001858486028627,0.7097700000000001,0.000285
27317,3062,dhmix_2302589146189152767,752,EnthalpyOfMixing,<Substance CC(C)CC(C)(C)C{solv}{x=0.200200}|CCCCO{solv}{x=0.799800}>,CC(C)CC(C)(C)C,CCCCO,openff-2.2.1-ashgc,3,0.4494106083372884,0.0493491236589369,0.27646,0.003235
27318,3063,dens_486902622078179007,753,Density,<Substance COC=O{solv}{x=0.494600}|CO{solv}{x=0.505400}>,CO,COC=O,openff-2.2.1-ashgc,3,0.9006166386620248,0.0003501715975567,0.8956100000000002,7.500000000000002e-05
27319,3064,dens_750646162221180186,754,Density,<Substance COC=O{solv}{x=0.083300}|CO{solv}{x=0.916700}>,CO,COC=O,openff-2.2.1-ashgc,3,0.7897517276714074,0.0003183386912256,0.8088000000000002,9.000000000000002e-05
27320,3065,dhmix_1113631207235753369,755,EnthalpyOfMixing,<Substance COC=O{solv}{x=0.717800}|CO{solv}{x=0.282200}>,CO,COC=O,openff-2.2.1-ashgc,3,0.5979986857070558,0.0298109094085431,1.105,0.012
27321,3066,dhmix_2143911117683117531,756,EnthalpyOfMixing,<Substance COC=O{solv}{x=0.512700}|CO{solv}{x=0.487300}>,CO,COC=O,openff-2.2.1-ashgc,3,0.7254790328276601,0.0291440643609033,1.179,0.0125
27322,3067,dens_2148324189014877510,757,Density,<Substance COC=O{solv}{x=0.727100}|CO{solv}{x=0.272900}>,CO,COC=O,openff-2.2.1-ashgc,3,0.9472072117069829,0.0003470205999613,0.9321000000000004,8.000000000000002e-05
27323,3068,dhmix_2205254965267695203,758,EnthalpyOfMixing,<Substance COC=O{solv}{x=0.083300}|CO{solv}{x=0.916700}>,CO,COC=O,openff-2.2.1-ashgc,3,0.2847869089463604,0.0287162172982591,0.311,0.0035
27324,3069,dhmix_497300242003673148,759,EnthalpyOfMixing,<Substance BrCCBr{solv}{x=0.284100}|CCCCOC(=O)CCC{solv}{x=0.715900}>,BrCCBr,CCCCOC(=O)CCC,openff-2.2.1-ashgc,3,-0.5314277134619729,0.0514915593960517,-0.054,0.001
27325,3070,dhmix_712261179736749495,760,EnthalpyOfMixing,<Substance BrCCBr{solv}{x=0.515300}|CCCCOC(=O)CCC{solv}{x=0.484700}>,BrCCBr,CCCCOC(=O)CCC,openff-2.2.1-ashgc,3,-0.8011846471940558,0.0410351703886699,-0.027,0.0005
27326,3071,dens_846614854165535724,761,Density,<Substance BrCCBr{solv}{x=0.212900}|CCCCOC(=O)CCC{solv}{x=0.787100}>,BrCCBr,CCCCOC(=O)CCC,openff-2.2.1-ashgc,3,1.015423148374763,0.0002072375930986,1.0245500000000003,0.00013
27327,3072,dens_1085110183353279404,762,Density,<Substance BrCCBr{solv}{x=0.730000}|CCCCOC(=O)CCC{solv}{x=0.270000}>,BrCCBr,CCCCOC(=O)CCC,openff-2.2.1-ashgc,3,1.594829102163585,0.0004412988734701,1.6231500000000003,0.000405
27328,3073,dhmix_2153957437015117204,763,EnthalpyOfMixing,<Substance BrCCBr{solv}{x=0.763900}|CCCCOC(=O)CCC{solv}{x=0.236100}>,BrCCBr,CCCCOC(=O)CCC,openff-2.2.1-ashgc,3,-0.5573522202376573,0.033992148444573,0.051,0.001
27329,3074,dens_2242615301342819560,764,Density,<Substance BrCCBr{solv}{x=0.449300}|CCCCOC(=O)CCC{solv}{x=0.550700}>,BrCCBr,CCCCOC(=O)CCC,openff-2.2.1-ashgc,3,1.2371059853046888,0.0002266391957508,1.2506100000000002,0.000225
27330,3075,dens_501060706627477242,765,Density,<Substance OC1=NCCC1{solv}{x=0.500000}|O{solv}{x=0.500000}>,O,OC1=NCCC1,openff-2.2.1-ashgc,3,1.0526793141855555,0.0002437248486216,1.0977070000000004,0.0005555
27331,3076,dens_929065521104254808,766,Density,<Substance OC1=NCCC1{solv}{x=0.744800}|O{solv}{x=0.255200}>,O,OC1=NCCC1,openff-2.2.1-ashgc,3,1.0620302670262205,0.0003534992988593,1.1044310000000004,0.000577
27332,3077,dhmix_1128968771311392860,767,EnthalpyOfMixing,<Substance OC1=NCCC1{solv}{x=0.769300}|O{solv}{x=0.230700}>,O,OC1=NCCC1,openff-2.2.1-ashgc,3,0.6952131650816256,0.040299636593921,-0.678,0.1695
27333,3078,dens_1192491633684345401,768,Density,<Substance OC1=NCCC1{solv}{x=0.246800}|O{solv}{x=0.753200}>,O,OC1=NCCC1,openff-2.2.1-ashgc,3,1.0345987921918418,0.0003954238085713,1.077068,0.0004905
27334,3079,dhmix_1775375132531538271,769,EnthalpyOfMixing,<Substance OC1=NCCC1{solv}{x=0.478300}|O{solv}{x=0.521700}>,O,OC1=NCCC1,openff-2.2.1-ashgc,3,0.8014842666217419,0.0308774904282366,-0.8384,0.20965
27335,3080,dhmix_1895825007089845103,770,EnthalpyOfMixing,<Substance OC1=NCCC1{solv}{x=0.231900}|O{solv}{x=0.768100}>,O,OC1=NCCC1,openff-2.2.1-ashgc,3,0.6279994615792717,0.0256339359355645,-0.5238,0.13095
27336,3081,dens_502738970558558534,771,Density,<Substance BrCCBr{solv}{x=0.749000}|COC=O{solv}{x=0.251000}>,BrCCBr,COC=O,openff-2.2.1-ashgc,3,1.8889422798499609,0.0006276394258633,1.9319600000000008,0.003535
27337,3082,dhmix_523129341332875255,772,EnthalpyOfMixing,<Substance BrCCBr{solv}{x=0.059500}|COC=O{solv}{x=0.940500}>,BrCCBr,COC=O,openff-2.2.1-ashgc,3,0.2129571115245285,0.0338751662396678,0.1715,0.00215
27338,3083,dens_528986974844153101,773,Density,<Substance BrCCBr{solv}{x=0.059800}|COC=O{solv}{x=0.940200}>,BrCCBr,COC=O,openff-2.2.1-ashgc,3,1.087834449192265,0.0003618971602403,1.06428,0.00056
27339,3084,dhmix_1521152703631810888,774,EnthalpyOfMixing,<Substance BrCCBr{solv}{x=0.757400}|COC=O{solv}{x=0.242600}>,BrCCBr,COC=O,openff-2.2.1-ashgc,3,0.4432353545189063,0.0326091456157594,0.653,0.00585
27340,3085,dhmix_1685647138770344206,775,EnthalpyOfMixing,<Substance BrCCBr{solv}{x=0.528100}|COC=O{solv}{x=0.471900}>,BrCCBr,COC=O,openff-2.2.1-ashgc,3,0.6014757916600448,0.0292175352168835,0.8123,0.00705
27341,3086,dens_1945150067923572864,776,Density,<Substance BrCCBr{solv}{x=0.501500}|COC=O{solv}{x=0.498500}>,BrCCBr,COC=O,openff-2.2.1-ashgc,3,1.649277792765221,0.000568878753877,1.6620300000000003,0.00232
27342,3087,dens_511283508189056955,777,Density,<Substance CCO{solv}{x=0.291400}|CN(C)CCO{solv}{x=0.708600}>,CCO,CN(C)CCO,openff-2.2.1-ashgc,3,0.8715248927480752,0.000165170357786,0.8710100000000002,0.000165
27343,3088,dhmix_1055456388735168345,778,EnthalpyOfMixing,<Substance CCO{solv}{x=0.508400}|CN(C)CCO{solv}{x=0.491600}>,CCO,CN(C)CCO,openff-2.2.1-ashgc,3,-0.9301379220321876,0.0283477145181041,-0.4044,0.0044
27344,3089,dens_1119930253414624267,779,Density,<Substance CCO{solv}{x=0.699500}|CN(C)CCO{solv}{x=0.300500}>,CCO,CN(C)CCO,openff-2.2.1-ashgc,3,0.8324949867921525,0.0002801369029355,0.8345000000000002,0.000135
27345,3090,dhmix_1132835222292135012,780,EnthalpyOfMixing,<Substance CCO{solv}{x=0.268600}|CN(C)CCO{solv}{x=0.731400}>,CCO,CN(C)CCO,openff-2.2.1-ashgc,3,-0.6483586574694442,0.0377220850025479,-0.2783,0.0031
27346,3091,dens_1964926738263319597,781,Density,<Substance CCO{solv}{x=0.494900}|CN(C)CCO{solv}{x=0.505100}>,CCO,CN(C)CCO,openff-2.2.1-ashgc,3,0.8546453095290298,0.000268890510214,0.8566200000000002,0.00015
27347,3092,dhmix_2011138895468245368,782,EnthalpyOfMixing,<Substance CCO{solv}{x=0.733500}|CN(C)CCO{solv}{x=0.266500}>,CCO,CN(C)CCO,openff-2.2.1-ashgc,3,-0.7848515175049755,0.0348141041418319,-0.3657,0.004
27348,3093,dhmix_517287783481256565,783,EnthalpyOfMixing,<Substance CN(C)C=O{solv}{x=0.701000}|ClCCCCCl{solv}{x=0.299000}>,CN(C)C=O,ClCCCCCl,openff-2.2.1-ashgc,3,0.451599576983277,0.0373088216112191,-0.052,0.002
27349,3094,dens_765057686797526715,784,Density,<Substance CN(C)C=O{solv}{x=0.794300}|ClCCCCCl{solv}{x=0.205700}>,CN(C)C=O,ClCCCCCl,openff-2.2.1-ashgc,3,0.9691258867461772,0.0002763172136277,0.9934000000000002,0.00245
27350,3095,dens_1092490027864410415,785,Density,<Substance CN(C)C=O{solv}{x=0.502200}|ClCCCCCl{solv}{x=0.497800}>,CN(C)C=O,ClCCCCCl,openff-2.2.1-ashgc,3,1.031218225788408,0.000279055418442,1.0524000000000004,0.0022
27351,3096,dens_1571926938169630329,786,Density,<Substance CN(C)C=O{solv}{x=0.299400}|ClCCCCCl{solv}{x=0.700600}>,CN(C)C=O,ClCCCCCl,openff-2.2.1-ashgc,3,1.0674590919579403,0.0002993728273562,1.0879000000000003,0.0021
27352,3097,dhmix_1989422051580285053,787,EnthalpyOfMixing,<Substance CN(C)C=O{solv}{x=0.501000}|ClCCCCCl{solv}{x=0.499000}>,CN(C)C=O,ClCCCCCl,openff-2.2.1-ashgc,3,0.5995144719531993,0.0380398713295697,-0.056,0.002
27353,3098,dhmix_2190775305913174779,788,EnthalpyOfMixing,<Substance CN(C)C=O{solv}{x=0.204000}|ClCCCCCl{solv}{x=0.796000}>,CN(C)C=O,ClCCCCCl,openff-2.2.1-ashgc,3,0.3782688184300866,0.0433788415104777,-0.039,0.002
27354,3099,dens_518199256039095036,789,Density,<Substance CCCCO{solv}{x=0.496400}|NCCN{solv}{x=0.503600}>,CCCCO,NCCN,openff-2.2.1-ashgc,3,0.8856737406622694,0.0002148188148191,0.8519430000000002,0.000219
27355,3100,dens_866492593379488722,790,Density,<Substance CCCCO{solv}{x=0.739800}|NCCN{solv}{x=0.260200}>,CCCCO,NCCN,openff-2.2.1-ashgc,3,0.8392768296713145,0.0002624189572299,0.8325090000000002,0.000221
27356,3101,dens_2064365769538781360,791,Density,<Substance CCCCO{solv}{x=0.291900}|NCCN{solv}{x=0.708100}>,CCCCO,NCCN,openff-2.2.1-ashgc,3,0.93342791096885,0.000253885281084,0.8676960000000002,0.0002205
27357,3102,dens_520201021244222151,792,Density,<Substance O=C1CCCO1{solv}{x=0.300000}|O{solv}{x=0.700000}>,O,O=C1CCCO1,openff-2.2.1-ashgc,3,1.0529429433008768,0.000396076200106,1.0886000000000002,0.0001
27358,3103,dens_2198925124601089428,793,Density,<Substance O=C1CCCO1{solv}{x=0.500000}|O{solv}{x=0.500000}>,O,O=C1CCCO1,openff-2.2.1-ashgc,3,1.0741643451498943,0.0002894906184649,1.1059000000000003,0.0001
27359,3104,dens_2272207838075726438,794,Density,<Substance O=C1CCCO1{solv}{x=0.800000}|O{solv}{x=0.200000}>,O,O=C1CCCO1,openff-2.2.1-ashgc,3,1.090119175426993,0.000263643210738,1.1182000000000003,0.0001
27360,3105,dhmix_524376395520217080,795,EnthalpyOfMixing,<Substance CC(C)CC(C)(C)C{solv}{x=0.440700}|CCCC(=O)OC{solv}{x=0.559300}>,CC(C)CC(C)(C)C,CCCC(=O)OC,openff-2.2.1-ashgc,3,1.480598578355,0.0430137913919243,1.053,0.0115
27361,3106,dens_581090592491592243,796,Density,<Substance CC(C)CC(C)(C)C{solv}{x=0.298100}|CCCC(=O)OC{solv}{x=0.701900}>,CC(C)CC(C)(C)C,CCCC(=O)OC,openff-2.2.1-ashgc,3,0.8144002619047237,0.0002553748667979,0.8119000000000002,0.000505
27362,3107,dens_1497434747823371430,797,Density,<Substance CC(C)CC(C)(C)C{solv}{x=0.724300}|CCCC(=O)OC{solv}{x=0.275700}>,CC(C)CC(C)(C)C,CCCC(=O)OC,openff-2.2.1-ashgc,3,0.7392749129709781,0.0002068319427784,0.7279000000000001,0.000505
27363,3108,dhmix_1614087501371550297,798,EnthalpyOfMixing,<Substance CC(C)CC(C)(C)C{solv}{x=0.762900}|CCCC(=O)OC{solv}{x=0.237100}>,CC(C)CC(C)(C)C,CCCC(=O)OC,openff-2.2.1-ashgc,3,1.2264853174702497,0.040270361398955,0.789,0.0085
27364,3109,dens_1842979547629422953,799,Density,<Substance CC(C)CC(C)(C)C{solv}{x=0.441000}|CCCC(=O)OC{solv}{x=0.559000}>,CC(C)CC(C)(C)C,CCCC(=O)OC,openff-2.2.1-ashgc,3,0.7860958296869013,0.0001936053636161,0.7803000000000001,0.000505
27365,3110,dhmix_2246911102339588209,800,EnthalpyOfMixing,<Substance CC(C)CC(C)(C)C{solv}{x=0.298200}|CCCC(=O)OC{solv}{x=0.701800}>,CC(C)CC(C)(C)C,CCCC(=O)OC,openff-2.2.1-ashgc,3,1.3367744289996608,0.0437280535025812,0.884,0.0095
27366,3111,dhmix_536798507677319129,801,EnthalpyOfMixing,<Substance C1COCO1{solv}{x=0.267900}|Cc1ccccc1Cl{solv}{x=0.732100}>,C1COCO1,Cc1ccccc1Cl,openff-2.2.1-ashgc,3,0.3022126828371796,0.0397296432371889,0.272,0.0015
27367,3112,dens_559535483529614058,802,Density,<Substance C1COCO1{solv}{x=0.726600}|Cc1ccccc1Cl{solv}{x=0.273400}>,C1COCO1,Cc1ccccc1Cl,openff-2.2.1-ashgc,3,1.083308289450419,0.0002170907761853,1.0652000000000004,0.0005
27368,3113,dens_731520844601672570,803,Density,<Substance C1COCO1{solv}{x=0.268500}|Cc1ccccc1Cl{solv}{x=0.731500}>,C1COCO1,Cc1ccccc1Cl,openff-2.2.1-ashgc,3,1.0615998690855613,0.0002573154239306,1.0630000000000002,0.0005
27369,3114,dens_839907656840905053,804,Density,<Substance C1COCO1{solv}{x=0.516900}|Cc1ccccc1Cl{solv}{x=0.483100}>,C1COCO1,Cc1ccccc1Cl,openff-2.2.1-ashgc,3,1.0783196600171203,0.0002544182988594,1.0694000000000004,0.0005
27370,3115,dhmix_1308085019204784636,805,EnthalpyOfMixing,<Substance C1COCO1{solv}{x=0.500900}|Cc1ccccc1Cl{solv}{x=0.499100}>,C1COCO1,Cc1ccccc1Cl,openff-2.2.1-ashgc,3,0.4594188542993151,0.0389388732931456,0.393,0.002
27371,3116,dhmix_1924685013370154802,806,EnthalpyOfMixing,<Substance C1COCO1{solv}{x=0.760400}|Cc1ccccc1Cl{solv}{x=0.239600}>,C1COCO1,Cc1ccccc1Cl,openff-2.2.1-ashgc,3,0.3574213573035507,0.0388304387695776,0.313,0.0015
27372,3117,dhmix_549919019055097043,807,EnthalpyOfMixing,<Substance C1CCCCC1{solv}{x=0.799100}|CC(C)O{solv}{x=0.200900}>,C1CCCCC1,CC(C)O,openff-2.2.1-ashgc,3,0.8430738982866757,0.0440736989479401,0.702,0.017
27373,3118,dhmix_1101575580592240663,808,EnthalpyOfMixing,<Substance C1CCCCC1{solv}{x=0.199500}|CC(C)O{solv}{x=0.800500}>,C1CCCCC1,CC(C)O,openff-2.2.1-ashgc,3,0.5357513850455584,0.043081543687807,0.438,0.011
27374,3119,dhmix_1262965345724899699,809,EnthalpyOfMixing,<Substance C1CCCCC1{solv}{x=0.498400}|CC(C)O{solv}{x=0.501600}>,C1CCCCC1,CC(C)O,openff-2.2.1-ashgc,3,0.855194867184558,0.0369838448773554,0.801,0.0195
27375,3120,dens_1431184569437551541,810,Density,<Substance C1CCCCC1{solv}{x=0.705800}|CC(C)O{solv}{x=0.294200}>,C1CCCCC1,CC(C)O,openff-2.2.1-ashgc,3,0.7559273475818808,0.0002112064829137,0.7711100000000002,0.000245
27376,3121,dens_2097249982689376165,811,Density,<Substance C1CCCCC1{solv}{x=0.200000}|CC(C)O{solv}{x=0.800000}>,C1CCCCC1,CC(C)O,openff-2.2.1-ashgc,3,0.7800904291046528,0.0002293145757856,0.7761000000000002,0.0003
27377,3122,dens_2130071224188444793,812,Density,<Substance C1CCCCC1{solv}{x=0.503900}|CC(C)O{solv}{x=0.496100}>,C1CCCCC1,CC(C)O,openff-2.2.1-ashgc,3,0.764097048967819,0.000295253758402,0.7719000000000001,0.0003
27378,3123,dens_562489367284385084,813,Density,<Substance CCCCC(=O)OC{solv}{x=0.251100}|COC(C)=O{solv}{x=0.748900}>,CCCCC(=O)OC,COC(C)=O,openff-2.2.1-ashgc,3,0.9098167144197838,0.0002677784878967,0.9105300000000002,0.000505
27379,3124,dhmix_814771684244180933,814,EnthalpyOfMixing,<Substance CCCCC(=O)OC{solv}{x=0.733900}|COC(C)=O{solv}{x=0.266100}>,CCCCC(=O)OC,COC(C)=O,openff-2.2.1-ashgc,3,0.0722074403985728,0.0465732787262099,0.178,0.002
27380,3125,dhmix_915202362324204655,815,EnthalpyOfMixing,<Substance CCCCC(=O)OC{solv}{x=0.505500}|COC(C)=O{solv}{x=0.494500}>,CCCCC(=O)OC,COC(C)=O,openff-2.2.1-ashgc,3,0.0830440649346186,0.0417179241692887,0.238,0.0025
27381,3126,dhmix_935892165648195197,816,EnthalpyOfMixing,<Substance CCCCC(=O)OC{solv}{x=0.234700}|COC(C)=O{solv}{x=0.765300}>,CCCCC(=O)OC,COC(C)=O,openff-2.2.1-ashgc,3,0.0878345594792548,0.0374636264714017,0.173,0.002
27382,3127,dens_961692445804333991,817,Density,<Substance CCCCC(=O)OC{solv}{x=0.738300}|COC(C)=O{solv}{x=0.261700}>,CCCCC(=O)OC,COC(C)=O,openff-2.2.1-ashgc,3,0.8884089099188681,0.0002386495148603,0.8914700000000002,0.000505
27383,3128,dens_1493380961688632529,818,Density,<Substance CCCCC(=O)OC{solv}{x=0.493500}|COC(C)=O{solv}{x=0.506500}>,CCCCC(=O)OC,COC(C)=O,openff-2.2.1-ashgc,3,0.8984114977839966,0.0002277695791097,0.8996200000000002,0.000505
27384,3129,dhmix_563342363018905515,819,EnthalpyOfMixing,<Substance CCOC(=O)CC(C)=O{solv}{x=0.751400}|O{solv}{x=0.248600}>,CCOC(=O)CC(C)=O,O,openff-2.2.1-ashgc,3,0.7706769815498546,0.0473354386700842,1.128,0.012
27385,3130,dhmix_1385095028103136291,820,EnthalpyOfMixing,<Substance CCOC(=O)CC(C)=O{solv}{x=0.449100}|O{solv}{x=0.550900}>,CCOC(=O)CC(C)=O,O,openff-2.2.1-ashgc,3,0.7034571410903538,0.0293214645592953,0.684,0.0075
27386,3131,dhmix_1609967394780907654,821,EnthalpyOfMixing,<Substance CCOC(=O)CC(C)=O{solv}{x=0.299400}|O{solv}{x=0.700600}>,CCOC(=O)CC(C)=O,O,openff-2.2.1-ashgc,3,0.54026126048511,0.0292705356379636,0.428,0.005
27387,3132,dhmix_566259260175961973,822,EnthalpyOfMixing,<Substance CCCCO{solv}{x=0.144700}|OC1=NCCC1{solv}{x=0.855300}>,CCCCO,OC1=NCCC1,openff-2.2.1-ashgc,3,0.5804526248200261,0.0412609653541697,0.0949,0.0012
27388,3133,dens_1146983614802652988,823,Density,<Substance CCCCO{solv}{x=0.500400}|OC1=NCCC1{solv}{x=0.499600}>,CCCCO,OC1=NCCC1,openff-2.2.1-ashgc,3,0.9266294495803976,0.0002178804062031,0.94503,0.00015
27389,3134,dhmix_1601732489230179724,824,EnthalpyOfMixing,<Substance CCCCO{solv}{x=0.497800}|OC1=NCCC1{solv}{x=0.502200}>,CCCCO,OC1=NCCC1,openff-2.2.1-ashgc,3,1.4644570388182174,0.0412374898421996,0.2326,0.0026
27390,3135,dhmix_1661138478850718837,825,EnthalpyOfMixing,<Substance CCCCO{solv}{x=0.754800}|OC1=NCCC1{solv}{x=0.245200}>,CCCCO,OC1=NCCC1,openff-2.2.1-ashgc,3,1.2754319771170175,0.0431676058454415,0.2356,0.00265
27391,3136,dens_1878955695276199878,826,Density,<Substance CCCCO{solv}{x=0.144600}|OC1=NCCC1{solv}{x=0.855400}>,CCCCO,OC1=NCCC1,openff-2.2.1-ashgc,3,1.0240507735458624,0.000282712845568,1.0575900000000005,0.000205
27392,3137,dens_2101998760005952263,827,Density,<Substance CCCCO{solv}{x=0.755500}|OC1=NCCC1{solv}{x=0.244500}>,CCCCO,OC1=NCCC1,openff-2.2.1-ashgc,3,0.8604794263764276,0.0002304782029182,0.8711500000000002,0.000185
27393,3138,dhmix_569012254773025696,828,EnthalpyOfMixing,<Substance CC(C)(C)O{solv}{x=0.505700}|OC1=NCCC1{solv}{x=0.494300}>,CC(C)(C)O,OC1=NCCC1,openff-2.2.1-ashgc,3,1.8446749210415871,0.03484645623967,0.4323,0.0047
27394,3139,dens_992979807705536615,829,Density,<Substance CC(C)(C)O{solv}{x=0.751100}|OC1=NCCC1{solv}{x=0.248900}>,CC(C)(C)O,OC1=NCCC1,openff-2.2.1-ashgc,3,0.8690238671108125,0.0004087749905229,0.8505700000000003,0.000215
27395,3140,dens_1020722913861580636,830,Density,<Substance CC(C)(C)O{solv}{x=0.499700}|OC1=NCCC1{solv}{x=0.500300}>,CC(C)(C)O,OC1=NCCC1,openff-2.2.1-ashgc,3,0.930188594737944,0.0002122727047493,0.9282800000000002,0.00018
27396,3141,dhmix_1408261346335628114,831,EnthalpyOfMixing,<Substance CC(C)(C)O{solv}{x=0.744900}|OC1=NCCC1{solv}{x=0.255100}>,CC(C)(C)O,OC1=NCCC1,openff-2.2.1-ashgc,3,1.845716741851298,0.0552051856339332,0.3774,0.00415
27397,3142,dhmix_1466823939183874689,832,EnthalpyOfMixing,<Substance CC(C)(C)O{solv}{x=0.257800}|OC1=NCCC1{solv}{x=0.742200}>,CC(C)(C)O,OC1=NCCC1,openff-2.2.1-ashgc,3,1.110716799942793,0.0337743695205568,0.2874,0.0032
27398,3143,dens_1768273433543243004,833,Density,<Substance CC(C)(C)O{solv}{x=0.276400}|OC1=NCCC1{solv}{x=0.723600}>,CC(C)(C)O,OC1=NCCC1,openff-2.2.1-ashgc,3,0.989495758749214,0.0002373632026112,1.0036300000000002,0.000155
27399,3144,dens_571827819113574480,834,Density,<Substance CC(C)OC(C)C{solv}{x=0.700400}|Cc1ccccc1{solv}{x=0.299600}>,CC(C)OC(C)C,Cc1ccccc1,openff-2.2.1-ashgc,3,0.7637844072041559,0.0001695040888217,0.7573100000000001,0.000155
27400,3145,dhmix_686402805609192969,835,EnthalpyOfMixing,<Substance CC(C)OC(C)C{solv}{x=0.228000}|Cc1ccccc1{solv}{x=0.772000}>,CC(C)OC(C)C,Cc1ccccc1,openff-2.2.1-ashgc,3,-0.2009345013324335,0.0416097283573195,0.0593,0.00515
27401,3146,dhmix_1045652173440309018,836,EnthalpyOfMixing,<Substance CC(C)OC(C)C{solv}{x=0.752000}|Cc1ccccc1{solv}{x=0.248000}>,CC(C)OC(C)C,Cc1ccccc1,openff-2.2.1-ashgc,3,-0.0656312838983623,0.0501017678222753,-0.0091,0.00505
27402,3147,dhmix_1690461453403165745,837,EnthalpyOfMixing,<Substance CC(C)OC(C)C{solv}{x=0.455000}|Cc1ccccc1{solv}{x=0.545000}>,CC(C)OC(C)C,Cc1ccccc1,openff-2.2.1-ashgc,3,-0.1511182640518384,0.0453809675621829,0.0323,0.0051
27403,3148,dens_2086775654110573795,838,Density,<Substance CC(C)OC(C)C{solv}{x=0.200400}|Cc1ccccc1{solv}{x=0.799600}>,CC(C)OC(C)C,Cc1ccccc1,openff-2.2.1-ashgc,3,0.8199508472699728,0.0002776274982986,0.8299700000000002,0.00014
27404,3149,dens_2167043968237201720,839,Density,<Substance CC(C)OC(C)C{solv}{x=0.500300}|Cc1ccccc1{solv}{x=0.499700}>,CC(C)OC(C)C,Cc1ccccc1,openff-2.2.1-ashgc,3,0.7850664001244627,0.0002235945416621,0.7849200000000002,0.000155
27405,3150,dhmix_578047845607378963,840,EnthalpyOfMixing,<Substance CN1CCCC1=O{solv}{x=0.635900}|c1ccncc1{solv}{x=0.364100}>,CN1CCCC1=O,c1ccncc1,openff-2.2.1-ashgc,3,-0.2967740327976271,0.0402924259259561,-0.4013,0.10035
27406,3151,dhmix_625120262301063359,841,EnthalpyOfMixing,<Substance CN1CCCC1=O{solv}{x=0.231200}|c1ccncc1{solv}{x=0.768800}>,CN1CCCC1=O,c1ccncc1,openff-2.2.1-ashgc,3,-0.2878224462490131,0.0387189592881881,-0.3157,0.07895
27407,3152,dens_1059919274311274879,842,Density,<Substance CN1CCCC1=O{solv}{x=0.521500}|c1ccncc1{solv}{x=0.478500}>,CN1CCCC1=O,c1ccncc1,openff-2.2.1-ashgc,3,0.9905021128078788,0.0001727704240054,1.0158200000000004,0.00051
27408,3153,dens_1445187430653020908,843,Density,<Substance CN1CCCC1=O{solv}{x=0.234800}|c1ccncc1{solv}{x=0.765200}>,CN1CCCC1=O,c1ccncc1,openff-2.2.1-ashgc,3,0.9830537750498938,0.0001874305563299,0.9983500000000004,0.00051
27409,3154,dhmix_1933003504821603087,844,EnthalpyOfMixing,<Substance CN1CCCC1=O{solv}{x=0.499500}|c1ccncc1{solv}{x=0.500500}>,CN1CCCC1=O,c1ccncc1,openff-2.2.1-ashgc,3,-0.3676607452303289,0.0410675511909698,-0.4356,0.1089
27410,3155,dens_2199047009222847682,845,Density,<Substance CN1CCCC1=O{solv}{x=0.636400}|c1ccncc1{solv}{x=0.363600}>,CN1CCCC1=O,c1ccncc1,openff-2.2.1-ashgc,3,0.9925519598144356,0.0002240035699048,1.0207400000000002,0.00051
27411,3156,dens_586351122522837789,846,Density,<Substance c1cc[nH]c1{solv}{x=0.820700}|c1ccccc1{solv}{x=0.179300}>,c1cc[nH]c1,c1ccccc1,openff-2.2.1-ashgc,3,0.9539691866777806,0.0003059698047031,0.9503300000000002,0.000195
27412,3157,dhmix_1101447260293284221,847,EnthalpyOfMixing,<Substance c1cc[nH]c1{solv}{x=0.494000}|c1ccccc1{solv}{x=0.506000}>,c1cc[nH]c1,c1ccccc1,openff-2.2.1-ashgc,3,0.589774715265456,0.0357682824639838,0.609,0.00395
27413,3158,dens_1366042600317618213,848,Density,<Substance c1cc[nH]c1{solv}{x=0.503000}|c1ccccc1{solv}{x=0.497000}>,c1cc[nH]c1,c1ccccc1,openff-2.2.1-ashgc,3,0.911842100685294,0.0002740512267594,0.9220400000000002,0.00019
27414,3159,dens_2042223650153961549,849,Density,<Substance c1cc[nH]c1{solv}{x=0.314200}|c1ccccc1{solv}{x=0.685800}>,c1cc[nH]c1,c1ccccc1,openff-2.2.1-ashgc,3,0.8905749685504968,0.0002704228495712,0.9043500000000002,0.000195
27415,3160,dhmix_2080652523589171296,850,EnthalpyOfMixing,<Substance c1cc[nH]c1{solv}{x=0.820800}|c1ccccc1{solv}{x=0.179200}>,c1cc[nH]c1,c1ccccc1,openff-2.2.1-ashgc,3,0.3242748308111913,0.0371689779450387,0.3441,0.00245
27416,3161,dhmix_2101365800313583195,851,EnthalpyOfMixing,<Substance c1cc[nH]c1{solv}{x=0.314000}|c1ccccc1{solv}{x=0.686000}>,c1cc[nH]c1,c1ccccc1,openff-2.2.1-ashgc,3,0.52793165182986,0.0368993202172468,0.5893,0.00385
27417,3162,dens_592296207180530796,852,Density,<Substance C1CCNCC1{solv}{x=0.250000}|O{solv}{x=0.750000}>,C1CCNCC1,O,openff-2.2.1-ashgc,3,0.9074306419568104,0.0003546816075564,0.9379600000000002,0.000185
27418,3163,dhmix_598563182385523239,853,EnthalpyOfMixing,<Substance C1CCNCC1{solv}{x=0.750000}|O{solv}{x=0.250000}>,C1CCNCC1,O,openff-2.2.1-ashgc,3,-0.7650792755783726,0.0350203533870624,-1.4628,0.02995
27419,3164,dens_1144696340343060729,854,Density,<Substance C1CCNCC1{solv}{x=0.500000}|O{solv}{x=0.500000}>,C1CCNCC1,O,openff-2.2.1-ashgc,3,0.8825489133611877,0.0003484179545742,0.90329,0.000235
27420,3165,dens_1551117370864361960,855,Density,<Substance C1CCNCC1{solv}{x=0.750000}|O{solv}{x=0.250000}>,C1CCNCC1,O,openff-2.2.1-ashgc,3,0.8693367397156869,0.0002903905772929,0.8771300000000002,0.000285
27421,3166,dhmix_2023343497633678069,856,EnthalpyOfMixing,<Substance C1CCNCC1{solv}{x=0.500000}|O{solv}{x=0.500000}>,C1CCNCC1,O,openff-2.2.1-ashgc,3,-1.0999419207155832,0.0337492808561208,-2.1379,0.04355
27422,3167,dhmix_2169709193905404129,857,EnthalpyOfMixing,<Substance C1CCNCC1{solv}{x=0.250000}|O{solv}{x=0.750000}>,C1CCNCC1,O,openff-2.2.1-ashgc,3,-0.8583702712542127,0.0290403974173689,-1.9642,0.04065
27423,3168,dhmix_597694390671293228,858,EnthalpyOfMixing,<Substance C1CCCCC1{solv}{x=0.495000}|c1cc[nH]c1{solv}{x=0.505000}>,C1CCCCC1,c1cc[nH]c1,openff-2.2.1-ashgc,3,1.5878780781291582,0.037250361541462,1.4275,0.00895
27424,3169,dens_1402964712081643759,859,Density,<Substance C1CCCCC1{solv}{x=0.281700}|c1cc[nH]c1{solv}{x=0.718300}>,C1CCCCC1,c1cc[nH]c1,openff-2.2.1-ashgc,3,0.8851670937562451,0.0002664557224643,0.9082800000000002,0.00023
27425,3170,dens_1463337814181203578,860,Density,<Substance C1CCCCC1{solv}{x=0.925100}|c1cc[nH]c1{solv}{x=0.074900}>,C1CCCCC1,c1cc[nH]c1,openff-2.2.1-ashgc,3,0.7598462524765812,0.0002492829266332,0.7860300000000001,0.00026
27426,3171,dens_1586039458655447443,861,Density,<Substance C1CCCCC1{solv}{x=0.494200}|c1cc[nH]c1{solv}{x=0.505800}>,C1CCCCC1,c1cc[nH]c1,openff-2.2.1-ashgc,3,0.8345964202258968,0.0002668095454557,0.8661300000000002,0.000235
27427,3172,dhmix_1650717903260721901,862,EnthalpyOfMixing,<Substance C1CCCCC1{solv}{x=0.924800}|c1cc[nH]c1{solv}{x=0.075200}>,C1CCCCC1,c1cc[nH]c1,openff-2.2.1-ashgc,3,0.648320307039171,0.0458807450584873,0.7315,0.00535
27428,3173,dhmix_1709124910710738018,863,EnthalpyOfMixing,<Substance C1CCCCC1{solv}{x=0.281800}|c1cc[nH]c1{solv}{x=0.718200}>,C1CCCCC1,c1cc[nH]c1,openff-2.2.1-ashgc,3,1.369271918414093,0.0407358001950668,1.245,0.00795
27429,3174,dhmix_602003453564252918,864,EnthalpyOfMixing,<Substance COc1ccccc1{solv}{x=0.767000}|OCCc1ccccc1{solv}{x=0.233000}>,COc1ccccc1,OCCc1ccccc1,openff-2.2.1-ashgc,3,0.7522094098374694,0.0467145264829093,1.1154,0.01195
27430,3175,dhmix_831666159864093343,865,EnthalpyOfMixing,<Substance COc1ccccc1{solv}{x=0.267800}|OCCc1ccccc1{solv}{x=0.732200}>,COc1ccccc1,OCCc1ccccc1,openff-2.2.1-ashgc,3,0.613590915603595,0.0505313183155211,0.688,0.00745
27431,3176,dhmix_1415130215717622630,866,EnthalpyOfMixing,<Substance COc1ccccc1{solv}{x=0.523200}|OCCc1ccccc1{solv}{x=0.476800}>,COc1ccccc1,OCCc1ccccc1,openff-2.2.1-ashgc,3,0.8950530828810628,0.0463894159370646,1.0457,0.0112
27432,3177,dens_2018050376435813399,867,Density,<Substance COc1ccccc1{solv}{x=0.767300}|OCCc1ccccc1{solv}{x=0.232700}>,COc1ccccc1,OCCc1ccccc1,openff-2.2.1-ashgc,3,0.9719005356399788,0.0001758611662464,0.9869000000000002,0.00026
27433,3178,dens_2083067547090229321,868,Density,<Substance COc1ccccc1{solv}{x=0.524500}|OCCc1ccccc1{solv}{x=0.475500}>,COc1ccccc1,OCCc1ccccc1,openff-2.2.1-ashgc,3,0.9797472887175704,0.0002258857134099,0.9943600000000002,0.00026
27434,3179,dens_2108796896152795987,869,Density,<Substance COc1ccccc1{solv}{x=0.212100}|OCCc1ccccc1{solv}{x=0.787900}>,COc1ccccc1,OCCc1ccccc1,openff-2.2.1-ashgc,3,0.9906099924038309,0.0001873984309285,1.0032600000000005,0.00026
27435,3180,dhmix_607389561715885318,870,EnthalpyOfMixing,<Substance CC(C)O{solv}{x=0.750600}|CCOC(=O)CC(=O)OCC{solv}{x=0.249400}>,CC(C)O,CCOC(=O)CC(=O)OCC,openff-2.2.1-ashgc,3,1.8432408521927923,0.0419577669137208,1.955,0.021
27436,3181,dhmix_970997719035766241,871,EnthalpyOfMixing,<Substance CC(C)O{solv}{x=0.249200}|CCOC(=O)CC(=O)OCC{solv}{x=0.750800}>,CC(C)O,CCOC(=O)CC(=O)OCC,openff-2.2.1-ashgc,3,1.4377906468098445,0.0476202089434534,1.804,0.0195
27437,3182,dens_1055220895195342210,872,Density,<Substance CC(C)O{solv}{x=0.700000}|CCOC(=O)CC(=O)OCC{solv}{x=0.300000}>,CC(C)O,CCOC(=O)CC(=O)OCC,openff-2.2.1-ashgc,3,0.9161357897845904,0.0002036955224201,0.9013080000000002,0.000163
27438,3183,dens_1059428282849222105,873,Density,<Substance CC(C)O{solv}{x=0.500100}|CCOC(=O)CC(=O)OCC{solv}{x=0.499900}>,CC(C)O,CCOC(=O)CC(=O)OCC,openff-2.2.1-ashgc,3,0.9709301324728,0.0001971627492542,0.9563730000000004,0.0001215
27439,3184,dhmix_2225069850502215858,874,EnthalpyOfMixing,<Substance CC(C)O{solv}{x=0.499700}|CCOC(=O)CC(=O)OCC{solv}{x=0.500300}>,CC(C)O,CCOC(=O)CC(=O)OCC,openff-2.2.1-ashgc,3,2.0239144922782657,0.0454218119746141,2.369,0.0255
27440,3185,dens_2227064517025896927,875,Density,<Substance CC(C)O{solv}{x=0.200000}|CCOC(=O)CC(=O)OCC{solv}{x=0.800000}>,CC(C)O,CCOC(=O)CC(=O)OCC,openff-2.2.1-ashgc,3,1.0300570795396036,0.0001774132966903,1.0176930000000002,0.000103
27441,3186,dhmix_614525131410782877,876,EnthalpyOfMixing,<Substance CCCCCC(C)=O{solv}{x=0.491300}|CCCCNCCCC{solv}{x=0.508700}>,CCCCCC(C)=O,CCCCNCCCC,openff-2.2.1-ashgc,3,0.0409997481251878,0.051383958556753,0.278,0.003
27442,3187,dhmix_1051001364116056564,877,EnthalpyOfMixing,<Substance CCCCCC(C)=O{solv}{x=0.781100}|CCCCNCCCC{solv}{x=0.218900}>,CCCCCC(C)=O,CCCCNCCCC,openff-2.2.1-ashgc,3,-0.1220273121199113,0.0470063888535223,0.164,0.002
27443,3188,dens_1087422962538109584,878,Density,<Substance CCCCCC(C)=O{solv}{x=0.449900}|CCCCNCCCC{solv}{x=0.550100}>,CCCCCC(C)=O,CCCCNCCCC,openff-2.2.1-ashgc,3,0.7719659610524263,0.0001279942886155,0.7778490000000002,9.250000000000004e-05
27444,3189,dens_1830187222448876426,879,Density,<Substance CCCCCC(C)=O{solv}{x=0.209700}|CCCCNCCCC{solv}{x=0.790300}>,CCCCCC(C)=O,CCCCNCCCC,openff-2.2.1-ashgc,3,0.7627713868234244,0.0001752736720578,0.7655110000000002,8.400000000000002e-05
27445,3190,dens_2113849591242853193,880,Density,<Substance CCCCCC(C)=O{solv}{x=0.750900}|CCCCNCCCC{solv}{x=0.249100}>,CCCCCC(C)=O,CCCCNCCCC,openff-2.2.1-ashgc,3,0.784662217081718,0.0002058625124391,0.7951660000000003,0.000105
27446,3191,dhmix_2131918011494960609,881,EnthalpyOfMixing,<Substance CCCCCC(C)=O{solv}{x=0.294700}|CCCCNCCCC{solv}{x=0.705300}>,CCCCCC(C)=O,CCCCNCCCC,openff-2.2.1-ashgc,3,-0.029595928641612,0.0563052726194484,0.256,0.003
27447,3192,dhmix_618866445574413387,882,EnthalpyOfMixing,<Substance C1CCOCC1{solv}{x=0.442500}|Cc1ccccc1C{solv}{x=0.557500}>,C1CCOCC1,Cc1ccccc1C,openff-2.2.1-ashgc,3,0.0140977656303817,0.0432897937955404,-0.0342,0.0006
27448,3193,dens_643927890193937545,883,Density,<Substance C1CCOCC1{solv}{x=0.518700}|Cc1ccccc1C{solv}{x=0.481300}>,C1CCOCC1,Cc1ccccc1C,openff-2.2.1-ashgc,3,0.8569489500140178,0.0002657108277974,0.8779900000000003,0.0005
27449,3194,dhmix_1129414916141538177,884,EnthalpyOfMixing,<Substance C1CCOCC1{solv}{x=0.744300}|Cc1ccccc1C{solv}{x=0.255700}>,C1CCOCC1,Cc1ccccc1C,openff-2.2.1-ashgc,3,0.0135386539338497,0.0435862028598815,0.0421,0.00065
27450,3195,dens_1429468909820653032,885,Density,<Substance C1CCOCC1{solv}{x=0.231800}|Cc1ccccc1C{solv}{x=0.768200}>,C1CCOCC1,Cc1ccccc1C,openff-2.2.1-ashgc,3,0.8534664541482426,0.000197232803608,0.8770400000000002,0.0005
27451,3196,dens_1442497603142913792,886,Density,<Substance C1CCOCC1{solv}{x=0.772900}|Cc1ccccc1C{solv}{x=0.227100}>,C1CCOCC1,Cc1ccccc1C,openff-2.2.1-ashgc,3,0.8615931468884253,0.0002116368865476,0.8787800000000002,0.000505
27452,3197,dhmix_2268256048157488415,887,EnthalpyOfMixing,<Substance C1CCOCC1{solv}{x=0.245400}|Cc1ccccc1C{solv}{x=0.754600}>,C1CCOCC1,Cc1ccccc1C,openff-2.2.1-ashgc,3,-0.125944887213464,0.0446849964969113,-0.0613,0.00085
27453,3198,dens_626398848152359169,888,Density,<Substance C1COCCN1{solv}{x=0.498000}|O{solv}{x=0.502000}>,C1COCCN1,O,openff-2.2.1-ashgc,3,1.0389105806200774,0.0003188296483669,1.0255000000000003,0.00255
27454,3199,dhmix_773913810754342365,889,EnthalpyOfMixing,<Substance C1COCCN1{solv}{x=0.714900}|O{solv}{x=0.285100}>,C1COCCN1,O,openff-2.2.1-ashgc,3,-1.7997425916130396,0.046714586767357,-1.753,0.019
27455,3200,dhmix_1012297674499495059,890,EnthalpyOfMixing,<Substance C1COCCN1{solv}{x=0.201000}|O{solv}{x=0.799000}>,C1COCCN1,O,openff-2.2.1-ashgc,3,-1.3058632055015664,0.0211398378785134,-2.758,0.0295
27456,3201,dens_1167008264969667349,891,Density,<Substance C1COCCN1{solv}{x=0.793000}|O{solv}{x=0.207000}>,C1COCCN1,O,openff-2.2.1-ashgc,3,1.0380147459921245,0.0004607455286299,1.0057000000000005,0.00245
27457,3202,dhmix_1871930573512426354,892,EnthalpyOfMixing,<Substance C1COCCN1{solv}{x=0.491100}|O{solv}{x=0.508900}>,C1COCCN1,O,openff-2.2.1-ashgc,3,-2.437648232560548,0.0298160804541657,-3.131,0.0335
27458,3203,dens_2014911999593579414,893,Density,<Substance C1COCCN1{solv}{x=0.298000}|O{solv}{x=0.702000}>,C1COCCN1,O,openff-2.2.1-ashgc,3,1.0304317706693464,0.0003570753464628,1.0309000000000004,0.00255
27459,3204,dens_627753907231278660,894,Density,<Substance CCC(C)=O{solv}{x=0.753100}|CCCNCCC{solv}{x=0.246900}>,CCC(C)=O,CCCNCCC,openff-2.2.1-ashgc,3,0.7593237773278696,0.0001661687243687,0.7771510000000001,0.000109
27460,3205,dens_674236159588910357,895,Density,<Substance CCC(C)=O{solv}{x=0.244600}|CCCNCCC{solv}{x=0.755400}>,CCC(C)=O,CCCNCCC,openff-2.2.1-ashgc,3,0.7385323224551027,0.0001518473753978,0.7446230000000003,0.0001405
27461,3206,dhmix_749228177959685874,896,EnthalpyOfMixing,<Substance CCC(C)=O{solv}{x=0.235300}|CCCNCCC{solv}{x=0.764700}>,CCC(C)=O,CCCNCCC,openff-2.2.1-ashgc,3,0.0571411447105489,0.0509520977653279,0.299,0.0035
27462,3207,dhmix_1706960823617656563,897,EnthalpyOfMixing,<Substance CCC(C)=O{solv}{x=0.698400}|CCCNCCC{solv}{x=0.301600}>,CCC(C)=O,CCCNCCC,openff-2.2.1-ashgc,3,0.041812554131507,0.0426958701019246,0.334,0.0035
27463,3208,dhmix_2102794241345605516,898,EnthalpyOfMixing,<Substance CCC(C)=O{solv}{x=0.505000}|CCCNCCC{solv}{x=0.495000}>,CCC(C)=O,CCCNCCC,openff-2.2.1-ashgc,3,0.1215888998652374,0.044327505081914,0.397,0.0045
27464,3209,dens_2224864308887622456,899,Density,<Substance CCC(C)=O{solv}{x=0.500600}|CCCNCCC{solv}{x=0.499400}>,CCC(C)=O,CCCNCCC,openff-2.2.1-ashgc,3,0.748139068792244,0.0002437592457488,0.7590400000000002,0.000125
27465,3210,dhmix_628329103086906726,900,EnthalpyOfMixing,<Substance CC1CCCCC1{solv}{x=0.250400}|CCCO{solv}{x=0.749600}>,CC1CCCCC1,CCCO,openff-2.2.1-ashgc,3,0.4546474819015742,0.0355321133504845,0.321,0.0055
27466,3211,dhmix_989207392771680315,901,EnthalpyOfMixing,<Substance CC1CCCCC1{solv}{x=0.750500}|CCCO{solv}{x=0.249500}>,CC1CCCCC1,CCCO,openff-2.2.1-ashgc,3,0.8148053915059847,0.0447023337852805,0.574,0.0055
27467,3212,dens_1351260115393741606,902,Density,<Substance CC1CCCCC1{solv}{x=0.503100}|CCCO{solv}{x=0.496900}>,CC1CCCCC1,CCCO,openff-2.2.1-ashgc,3,0.7671895613556473,0.0002408326091851,0.7785600000000001,0.0039
27468,3213,dens_1376195506089851480,903,Density,<Substance CC1CCCCC1{solv}{x=0.202700}|CCCO{solv}{x=0.797300}>,CC1CCCCC1,CCCO,openff-2.2.1-ashgc,3,0.7793843920735347,0.0002459485326742,0.7942000000000002,0.00398
27469,3214,dens_1501229836503112732,904,Density,<Substance CC1CCCCC1{solv}{x=0.799000}|CCCO{solv}{x=0.201000}>,CC1CCCCC1,CCCO,openff-2.2.1-ashgc,3,0.7586084000120809,0.0002245844289795,0.7688300000000002,0.003855
27470,3215,dhmix_2109805019413953371,905,EnthalpyOfMixing,<Substance CC1CCCCC1{solv}{x=0.500400}|CCCO{solv}{x=0.499600}>,CC1CCCCC1,CCCO,openff-2.2.1-ashgc,3,0.7755530978388379,0.0403981357790453,0.533,0.0055
27471,3216,dhmix_634764080264908666,906,EnthalpyOfMixing,<Substance OCCN1CCOCC1{solv}{x=0.498900}|O{solv}{x=0.501100}>,O,OCCN1CCOCC1,openff-2.2.1-ashgc,3,-2.8061218785654205,0.0353364833694382,-2.2633,0.02415
27472,3217,dens_707792343667224312,907,Density,<Substance OCCN1CCOCC1{solv}{x=0.246600}|O{solv}{x=0.753400}>,O,OCCN1CCOCC1,openff-2.2.1-ashgc,3,1.0667563431950038,0.000769388332929,1.0838100000000002,0.00154
27473,3218,dhmix_1064373607860850902,908,EnthalpyOfMixing,<Substance OCCN1CCOCC1{solv}{x=0.694900}|O{solv}{x=0.305100}>,O,OCCN1CCOCC1,openff-2.2.1-ashgc,3,-2.4457229970922754,0.0487631934157225,-1.7936,0.01915
27474,3219,dhmix_1846281306963870091,909,EnthalpyOfMixing,<Substance OCCN1CCOCC1{solv}{x=0.300200}|O{solv}{x=0.699800}>,O,OCCN1CCOCC1,openff-2.2.1-ashgc,3,-1.9859739145700033,0.0243258615865674,-2.426,0.026
27475,3220,dens_2238932092645470826,910,Density,<Substance OCCN1CCOCC1{solv}{x=0.743900}|O{solv}{x=0.256100}>,O,OCCN1CCOCC1,openff-2.2.1-ashgc,3,1.0831923288357446,0.0001669613801974,1.08031,0.001565
27476,3221,dens_2269173599223764079,911,Density,<Substance OCCN1CCOCC1{solv}{x=0.485200}|O{solv}{x=0.514800}>,O,OCCN1CCOCC1,openff-2.2.1-ashgc,3,1.0790102414395433,0.0006006673159624,1.0866900000000004,0.00159
27477,3222,dhmix_636778454546345333,912,EnthalpyOfMixing,<Substance C1CCCCC1{solv}{x=0.506300}|CNc1ccccc1{solv}{x=0.493700}>,C1CCCCC1,CNc1ccccc1,openff-2.2.1-ashgc,3,2.2528555818284346,0.0455635219453895,1.628,0.0175
27478,3223,dens_1209163492396921559,913,Density,<Substance C1CCCCC1{solv}{x=0.247000}|CNc1ccccc1{solv}{x=0.753000}>,C1CCCCC1,CNc1ccccc1,openff-2.2.1-ashgc,3,0.9244568517520202,0.0002078316130249,0.9289450000000002,0.000272
27479,3224,dens_1438140901521078017,914,Density,<Substance C1CCCCC1{solv}{x=0.494500}|CNc1ccccc1{solv}{x=0.505500}>,C1CCCCC1,CNc1ccccc1,openff-2.2.1-ashgc,3,0.8631737972115414,0.0001912771473808,0.8759620000000002,0.0001835
27480,3225,dens_1482697199055102595,915,Density,<Substance C1CCCCC1{solv}{x=0.746400}|CNc1ccccc1{solv}{x=0.253600}>,C1CCCCC1,CNc1ccccc1,openff-2.2.1-ashgc,3,0.8040926980836609,0.000234852788891,0.8233530000000001,0.000138
27481,3226,dhmix_1832297119731463766,916,EnthalpyOfMixing,<Substance C1CCCCC1{solv}{x=0.204700}|CNc1ccccc1{solv}{x=0.795300}>,C1CCCCC1,CNc1ccccc1,openff-2.2.1-ashgc,3,1.6555078597560922,0.0478429884401608,0.972,0.0105
27482,3227,dhmix_1889368397403208807,917,EnthalpyOfMixing,<Substance C1CCCCC1{solv}{x=0.706600}|CNc1ccccc1{solv}{x=0.293400}>,C1CCCCC1,CNc1ccccc1,openff-2.2.1-ashgc,3,1.7928924668750454,0.0451632432341198,1.521,0.0165
27483,3228,dhmix_637657437173907469,918,EnthalpyOfMixing,<Substance CC(C)=O{solv}{x=0.709700}|CNc1ccccc1{solv}{x=0.290300}>,CC(C)=O,CNc1ccccc1,openff-2.2.1-ashgc,3,-0.6206823555762035,0.0291334047386234,-0.525,0.0055
27484,3229,dhmix_817594693007274900,919,EnthalpyOfMixing,<Substance CC(C)=O{solv}{x=0.231600}|CNc1ccccc1{solv}{x=0.768400}>,CC(C)=O,CNc1ccccc1,openff-2.2.1-ashgc,3,-0.6736799712782338,0.043988430219405,-0.5,0.0055
27485,3230,dens_830664987854613197,920,Density,<Substance CC(C)=O{solv}{x=0.250300}|CNc1ccccc1{solv}{x=0.749700}>,CC(C)=O,CNc1ccccc1,openff-2.2.1-ashgc,3,0.9522748687000064,0.0001919142619897,0.9502900000000002,0.0003395
27486,3231,dhmix_1052042310023734389,921,EnthalpyOfMixing,<Substance CC(C)=O{solv}{x=0.508600}|CNc1ccccc1{solv}{x=0.491400}>,CC(C)=O,CNc1ccccc1,openff-2.2.1-ashgc,3,-0.782784708475182,0.0357534886172229,-0.672,0.0075
27487,3232,dens_1302333367899693905,922,Density,<Substance CC(C)=O{solv}{x=0.750600}|CNc1ccccc1{solv}{x=0.249400}>,CC(C)=O,CNc1ccccc1,openff-2.2.1-ashgc,3,0.8448336529467602,0.0002496179908411,0.8565010000000002,0.000231
27488,3233,dens_1582643029733708616,923,Density,<Substance CC(C)=O{solv}{x=0.494800}|CNc1ccccc1{solv}{x=0.505200}>,CC(C)=O,CNc1ccccc1,openff-2.2.1-ashgc,3,0.9067547042389312,0.0002482704162974,0.9107940000000002,0.000263
27489,3234,dens_650566412384126439,924,Density,<Substance CC(C)CC(C)(C)C{solv}{x=0.158800}|CCCCC(=O)OC{solv}{x=0.841200}>,CC(C)CC(C)(C)C,CCCCC(=O)OC,openff-2.2.1-ashgc,3,0.8453918334895728,0.0001568036024008,0.8463800000000002,0.000505
27490,3235,dhmix_986100941633296124,925,EnthalpyOfMixing,<Substance CC(C)CC(C)(C)C{solv}{x=0.481800}|CCCCC(=O)OC{solv}{x=0.518200}>,CC(C)CC(C)(C)C,CCCCC(=O)OC,openff-2.2.1-ashgc,3,1.3824533789121602,0.0537581914473154,0.866,0.0095
27491,3236,dens_1095352626338523806,926,Density,<Substance CC(C)CC(C)(C)C{solv}{x=0.742500}|CCCCC(=O)OC{solv}{x=0.257500}>,CC(C)CC(C)(C)C,CCCCC(=O)OC,openff-2.2.1-ashgc,3,0.7397576299995836,0.0001441745450515,0.7289800000000002,0.000505
27492,3237,dens_1260001645299629257,927,Density,<Substance CC(C)CC(C)(C)C{solv}{x=0.498400}|CCCCC(=O)OC{solv}{x=0.501600}>,CC(C)CC(C)(C)C,CCCCC(=O)OC,openff-2.2.1-ashgc,3,0.7801881029491762,0.0001192785505207,0.7738400000000002,0.000505
27493,3238,dhmix_1505455794590867712,928,EnthalpyOfMixing,<Substance CC(C)CC(C)(C)C{solv}{x=0.158900}|CCCCC(=O)OC{solv}{x=0.841100}>,CC(C)CC(C)(C)C,CCCCC(=O)OC,openff-2.2.1-ashgc,3,0.6646335848106375,0.0502818672183209,0.438,0.005
27494,3239,dhmix_1888614200283593194,929,EnthalpyOfMixing,<Substance CC(C)CC(C)(C)C{solv}{x=0.781300}|CCCCC(=O)OC{solv}{x=0.218700}>,CC(C)CC(C)(C)C,CCCCC(=O)OC,openff-2.2.1-ashgc,3,1.0942956835161226,0.0549831786261206,0.658,0.007
27495,3240,dhmix_657900975986635712,930,EnthalpyOfMixing,<Substance Cc1ccccc1N{solv}{x=0.782700}|Cc1ccncc1{solv}{x=0.217300}>,Cc1ccccc1N,Cc1ccncc1,openff-2.2.1-ashgc,3,-0.959012103629412,0.0469352222841261,-0.8885,0.0182
27496,3241,dhmix_727678512066874384,931,EnthalpyOfMixing,<Substance Cc1ccccc1N{solv}{x=0.478300}|Cc1ccncc1{solv}{x=0.521700}>,Cc1ccccc1N,Cc1ccncc1,openff-2.2.1-ashgc,3,-1.646521427938879,0.0461374405851044,-1.4295,0.0291
27497,3242,dhmix_860941552641107708,932,EnthalpyOfMixing,<Substance Cc1ccccc1N{solv}{x=0.271500}|Cc1ccncc1{solv}{x=0.728500}>,Cc1ccccc1N,Cc1ccncc1,openff-2.2.1-ashgc,3,-1.3352935898860068,0.0406399741566336,-1.1791,0.02405
27498,3243,dens_1148106102021344214,933,Density,<Substance Cc1ccccc1N{solv}{x=0.265500}|Cc1ccncc1{solv}{x=0.734500}>,Cc1ccccc1N,Cc1ccncc1,openff-2.2.1-ashgc,3,0.9642181203400976,0.0001677413863351,0.9662520000000002,0.00012
27499,3244,dens_1294189007890656769,934,Density,<Substance Cc1ccccc1N{solv}{x=0.486300}|Cc1ccncc1{solv}{x=0.513700}>,Cc1ccccc1N,Cc1ccncc1,openff-2.2.1-ashgc,3,0.980912764854903,0.0001820798855316,0.9765780000000002,0.000119
27500,3245,dens_1461384477504239974,935,Density,<Substance Cc1ccccc1N{solv}{x=0.767400}|Cc1ccncc1{solv}{x=0.232600}>,Cc1ccccc1N,Cc1ccncc1,openff-2.2.1-ashgc,3,0.9999084119683652,0.0003102664139712,0.9868740000000004,0.000118
27501,3246,dens_671712471159959715,936,Density,<Substance CCCCCCN{solv}{x=0.294400}|CN(C)C=O{solv}{x=0.705600}>,CCCCCCN,CN(C)C=O,openff-2.2.1-ashgc,3,0.860650884696637,0.0001579519044621,0.8676880000000002,0.001057
27502,3247,dhmix_791979567859859400,937,EnthalpyOfMixing,<Substance CCCCCCN{solv}{x=0.747800}|CN(C)C=O{solv}{x=0.252200}>,CCCCCCN,CN(C)C=O,openff-2.2.1-ashgc,3,0.4226487964842818,0.0518575856380234,0.461,0.015
27503,3248,dens_812907294215791908,938,Density,<Substance CCCCCCN{solv}{x=0.450000}|CN(C)C=O{solv}{x=0.550000}>,CCCCCCN,CN(C)C=O,openff-2.2.1-ashgc,3,0.8373259831408122,0.0002278445993991,0.8367510000000001,0.001016
27504,3249,dhmix_1553880519684715156,939,EnthalpyOfMixing,<Substance CCCCCCN{solv}{x=0.249700}|CN(C)C=O{solv}{x=0.750300}>,CCCCCCN,CN(C)C=O,openff-2.2.1-ashgc,3,0.5436750950828042,0.0380494143053812,0.51,0.0165
27505,3250,dens_1658157305664412923,940,Density,<Substance CCCCCCN{solv}{x=0.745200}|CN(C)C=O{solv}{x=0.254800}>,CCCCCCN,CN(C)C=O,openff-2.2.1-ashgc,3,0.802335236222598,0.0001933314024505,0.7905460000000002,0.0009575
27506,3251,dhmix_2271922176351407084,941,EnthalpyOfMixing,<Substance CCCCCCN{solv}{x=0.499700}|CN(C)C=O{solv}{x=0.500300}>,CCCCCCN,CN(C)C=O,openff-2.2.1-ashgc,3,0.551618408370615,0.038766781140208,0.661,0.02
27507,3252,dhmix_676105854791415053,942,EnthalpyOfMixing,<Substance C=C(C)[C@H]1CC=C(C)CC1{solv}{x=0.540000}|CCCCCO{solv}{x=0.460000}>,C=C(C)[C@H]1CC=C(C)CC1,CCCCCO,openff-2.2.1-ashgc,3,1.1181339191540047,0.0500790691763591,0.858,0.0345
27508,3253,dhmix_865539540276734208,943,EnthalpyOfMixing,<Substance C=C(C)[C@H]1CC=C(C)CC1{solv}{x=0.766000}|CCCCCO{solv}{x=0.234000}>,C=C(C)[C@H]1CC=C(C)CC1,CCCCCO,openff-2.2.1-ashgc,3,1.081491479605063,0.056397383724406,0.782,0.0315
27509,3254,dens_1544700949225348296,944,Density,<Substance C=C(C)[C@H]1CC=C(C)CC1{solv}{x=0.263500}|CCCCCO{solv}{x=0.736500}>,C=C(C)[C@H]1CC=C(C)CC1,CCCCCO,openff-2.2.1-ashgc,3,0.8132142199398655,0.0001707438026303,0.8238000000000002,0.0002
27510,3255,dens_1638649899512334435,945,Density,<Substance C=C(C)[C@H]1CC=C(C)CC1{solv}{x=0.543500}|CCCCCO{solv}{x=0.456500}>,C=C(C)[C@H]1CC=C(C)CC1,CCCCCO,openff-2.2.1-ashgc,3,0.8150613504892515,0.0001843825002735,0.8312000000000003,0.0003
27511,3256,dens_2014432371647189246,946,Density,<Substance C=C(C)[C@H]1CC=C(C)CC1{solv}{x=0.725200}|CCCCCO{solv}{x=0.274800}>,C=C(C)[C@H]1CC=C(C)CC1,CCCCCO,openff-2.2.1-ashgc,3,0.8170590737858391,0.0001959597092054,0.8354000000000001,0.00035
27512,3257,dhmix_2293008983270202716,947,EnthalpyOfMixing,<Substance C=C(C)[C@H]1CC=C(C)CC1{solv}{x=0.272000}|CCCCCO{solv}{x=0.728000}>,C=C(C)[C@H]1CC=C(C)CC1,CCCCCO,openff-2.2.1-ashgc,3,0.7533954255520854,0.0517590676124687,0.532,0.0215
27513,3258,dens_680086766431069719,948,Density,<Substance CN1CCNCC1{solv}{x=0.209100}|O{solv}{x=0.790900}>,CN1CCNCC1,O,openff-2.2.1-ashgc,3,0.9910838139225928,0.0003655112807875,1.0013300000000005,4.000000000000001e-05
27514,3259,dhmix_979415629850644100,949,EnthalpyOfMixing,<Substance CN1CCNCC1{solv}{x=0.199800}|O{solv}{x=0.800200}>,CN1CCNCC1,O,openff-2.2.1-ashgc,3,-3.803816394874886,0.0275706900220287,-4.495,0.048
27515,3260,dhmix_1386641258873877278,950,EnthalpyOfMixing,<Substance CN1CCNCC1{solv}{x=0.792600}|O{solv}{x=0.207400}>,CN1CCNCC1,O,openff-2.2.1-ashgc,3,-1.4490006031843166,0.0417325584246654,-1.753,0.019
27516,3261,dhmix_1572121970391530461,951,EnthalpyOfMixing,<Substance CN1CCNCC1{solv}{x=0.550000}|O{solv}{x=0.450000}>,CN1CCNCC1,O,openff-2.2.1-ashgc,3,-3.18879761069283,0.0358868639982645,-3.547,0.038
27517,3262,dens_1756096179620961699,952,Density,<Substance CN1CCNCC1{solv}{x=0.510900}|O{solv}{x=0.489100}>,CN1CCNCC1,O,openff-2.2.1-ashgc,3,0.967289662655078,0.0003411049565302,0.9464100000000002,7.000000000000002e-05
27518,3263,dens_1892970147583328629,953,Density,<Substance CN1CCNCC1{solv}{x=0.706500}|O{solv}{x=0.293500}>,CN1CCNCC1,O,openff-2.2.1-ashgc,3,0.95445272976984,0.0003536275880994,0.9223100000000002,8.500000000000002e-05
27519,3264,dhmix_681274412655414068,954,EnthalpyOfMixing,<Substance CCCOC(=O)CC{solv}{x=0.739400}|Cc1ccccc1{solv}{x=0.260600}>,CCCOC(=O)CC,Cc1ccccc1,openff-2.2.1-ashgc,3,-0.220674968459825,0.04696195977191,-0.1135,0.0033
27520,3265,dhmix_720914323963600437,955,EnthalpyOfMixing,<Substance CCCOC(=O)CC{solv}{x=0.238900}|Cc1ccccc1{solv}{x=0.761100}>,CCCOC(=O)CC,Cc1ccccc1,openff-2.2.1-ashgc,3,-0.2558015841679619,0.0449385611285243,-0.1404,0.0037
27521,3266,dens_1397630560016316656,956,Density,<Substance CCCOC(=O)CC{solv}{x=0.274700}|Cc1ccccc1{solv}{x=0.725300}>,CCCOC(=O)CC,Cc1ccccc1,openff-2.2.1-ashgc,3,0.8549305769901016,0.0002608950760902,0.8675700000000003,0.00018
27522,3267,dhmix_1646061995263935606,957,EnthalpyOfMixing,<Substance CCCOC(=O)CC{solv}{x=0.548600}|Cc1ccccc1{solv}{x=0.451400}>,CCCOC(=O)CC,Cc1ccccc1,openff-2.2.1-ashgc,3,-0.2145771977974391,0.0456477685062337,-0.1583,0.004
27523,3268,dens_1792064777238352129,958,Density,<Substance CCCOC(=O)CC{solv}{x=0.490700}|Cc1ccccc1{solv}{x=0.509300}>,CCCOC(=O)CC,Cc1ccccc1,openff-2.2.1-ashgc,3,0.8605117468469862,0.0002177973576838,0.8707300000000002,0.00019
27524,3269,dens_1826904081955826008,959,Density,<Substance CCCOC(=O)CC{solv}{x=0.734600}|Cc1ccccc1{solv}{x=0.265400}>,CCCOC(=O)CC,Cc1ccccc1,openff-2.2.1-ashgc,3,0.8653073036026272,0.0002157038930383,0.8734100000000001,0.00021
27525,3270,dens_685747331874801159,960,Density,<Substance CN1CCOCC1{solv}{x=0.498300}|O{solv}{x=0.501700}>,CN1CCOCC1,O,openff-2.2.1-ashgc,3,0.9713783156802652,0.0003199730481101,0.9627600000000002,0.00084
27526,3271,dens_1087644349445114282,961,Density,<Substance CN1CCOCC1{solv}{x=0.253800}|O{solv}{x=0.746200}>,CN1CCOCC1,O,openff-2.2.1-ashgc,3,0.9805655475167926,0.0003502114787391,0.9918800000000002,0.00059
27527,3272,dens_1374975991061431070,962,Density,<Substance CN1CCOCC1{solv}{x=0.758700}|O{solv}{x=0.241300}>,CN1CCOCC1,O,openff-2.2.1-ashgc,3,0.9574420016136812,0.0002082744660854,0.9345300000000002,0.00112
27528,3273,dhmix_686592400130667234,963,EnthalpyOfMixing,<Substance BrCCCBr{solv}{x=0.231300}|COC(C)=O{solv}{x=0.768700}>,BrCCCBr,COC(C)=O,openff-2.2.1-ashgc,3,0.237057210454985,0.0346013441791279,0.2115,0.0024
27529,3274,dhmix_691866222529030049,964,EnthalpyOfMixing,<Substance BrCCCBr{solv}{x=0.504200}|COC(C)=O{solv}{x=0.495800}>,BrCCCBr,COC(C)=O,openff-2.2.1-ashgc,3,0.3341031910398797,0.0338895272594484,0.3912,0.0038
27530,3275,dens_1032175440351342196,965,Density,<Substance BrCCCBr{solv}{x=0.243500}|COC(C)=O{solv}{x=0.756500}>,BrCCCBr,COC(C)=O,openff-2.2.1-ashgc,3,1.2162974673785103,0.0004063832603596,1.2277600000000002,0.00096
27531,3276,dens_1180265274183315765,966,Density,<Substance BrCCCBr{solv}{x=0.713800}|COC(C)=O{solv}{x=0.286200}>,BrCCCBr,COC(C)=O,openff-2.2.1-ashgc,3,1.670434297444769,0.0005209004489013,1.7174300000000005,0.002745
27532,3277,dhmix_1380172638999588939,967,EnthalpyOfMixing,<Substance BrCCCBr{solv}{x=0.759400}|COC(C)=O{solv}{x=0.240600}>,BrCCCBr,COC(C)=O,openff-2.2.1-ashgc,3,0.2098863169352061,0.0369252231575445,0.313,0.0032
27533,3278,dens_1697077234757321859,968,Density,<Substance BrCCCBr{solv}{x=0.525600}|COC(C)=O{solv}{x=0.474400}>,BrCCCBr,COC(C)=O,openff-2.2.1-ashgc,3,1.5033346264300964,0.0004355517171611,1.5338800000000006,0.001965
27534,3279,dens_693154680723850561,969,Density,<Substance CN1CCCC1=O{solv}{x=0.756400}|Cc1ccccc1{solv}{x=0.243600}>,CN1CCCC1=O,Cc1ccccc1,openff-2.2.1-ashgc,3,0.9590052103287872,0.0002254720270359,0.9854500000000004,0.00034
27535,3280,dhmix_1759507684169085916,970,EnthalpyOfMixing,<Substance CN1CCCC1=O{solv}{x=0.741800}|Cc1ccccc1{solv}{x=0.258200}>,CN1CCCC1=O,Cc1ccccc1,openff-2.2.1-ashgc,3,-0.0134393026813945,0.036873724737824,-0.2141,0.0024
27536,3281,dens_1796497685752507694,971,Density,<Substance CN1CCCC1=O{solv}{x=0.481500}|Cc1ccccc1{solv}{x=0.518500}>,CN1CCCC1=O,Cc1ccccc1,openff-2.2.1-ashgc,3,0.9179047742395752,0.0002286824019706,0.9415400000000002,0.00028
27537,3282,dhmix_1857599089574133884,972,EnthalpyOfMixing,<Substance CN1CCCC1=O{solv}{x=0.223100}|Cc1ccccc1{solv}{x=0.776900}>,CN1CCCC1=O,Cc1ccccc1,openff-2.2.1-ashgc,3,-0.1090602543849286,0.0352943866796101,-0.1889,0.00215
27538,3283,dens_1886489466266398819,973,Density,<Substance CN1CCCC1=O{solv}{x=0.221600}|Cc1ccccc1{solv}{x=0.778400}>,CN1CCCC1=O,Cc1ccccc1,openff-2.2.1-ashgc,3,0.8866087690058412,0.0002518925942644,0.9061600000000002,0.00076
27539,3284,dhmix_2238554893157725289,974,EnthalpyOfMixing,<Substance CN1CCCC1=O{solv}{x=0.482100}|Cc1ccccc1{solv}{x=0.517900}>,CN1CCCC1=O,Cc1ccccc1,openff-2.2.1-ashgc,3,-0.0659557952289517,0.0431537118162473,-0.2985,0.0033
27540,3285,dens_717951284355382404,975,Density,<Substance CN1CCCC1=O{solv}{x=0.702300}|ClCCCCCCCl{solv}{x=0.297700}>,CN1CCCC1=O,ClCCCCCCCl,openff-2.2.1-ashgc,3,1.0221483932704538,0.0001952880640486,1.0416,0.0003
27541,3286,dhmix_859697969059379656,976,EnthalpyOfMixing,<Substance CN1CCCC1=O{solv}{x=0.503000}|ClCCCCCCCl{solv}{x=0.497000}>,CN1CCCC1=O,ClCCCCCCCl,openff-2.2.1-ashgc,3,0.3234458207433022,0.0439049927539714,-0.2,0.0025
27542,3287,dhmix_916885053388204545,977,EnthalpyOfMixing,<Substance CN1CCCC1=O{solv}{x=0.212000}|ClCCCCCCCl{solv}{x=0.788000}>,CN1CCCC1=O,ClCCCCCCCl,openff-2.2.1-ashgc,3,0.2750485060495435,0.0499036783129102,-0.13,0.002
27543,3288,dens_1483670447992291960,978,Density,<Substance CN1CCCC1=O{solv}{x=0.201600}|ClCCCCCCCl{solv}{x=0.798400}>,CN1CCCC1=O,ClCCCCCCCl,openff-2.2.1-ashgc,3,1.048448132352462,0.0002440357788379,1.0584000000000005,0.00055
27544,3289,dens_1896555095774116819,979,Density,<Substance CN1CCCC1=O{solv}{x=0.504900}|ClCCCCCCCl{solv}{x=0.495100}>,CN1CCCC1=O,ClCCCCCCCl,openff-2.2.1-ashgc,3,1.0337417625068952,0.00021873216287,1.0490000000000002,0.00035
27545,3290,dhmix_2039443272323887912,980,EnthalpyOfMixing,<Substance CN1CCCC1=O{solv}{x=0.797000}|ClCCCCCCCl{solv}{x=0.203000}>,CN1CCCC1=O,ClCCCCCCCl,openff-2.2.1-ashgc,3,0.20827140289623,0.045000072818389,-0.123,0.002
27546,3291,dhmix_729169544598225866,981,EnthalpyOfMixing,<Substance CN(C)C=O{solv}{x=0.203000}|ClCCCCCCCl{solv}{x=0.797000}>,CN(C)C=O,ClCCCCCCCl,openff-2.2.1-ashgc,3,0.2771984672096721,0.0480231160193811,0.195,0.0025
27547,3292,dhmix_1359105787212172230,982,EnthalpyOfMixing,<Substance CN(C)C=O{solv}{x=0.796000}|ClCCCCCCCl{solv}{x=0.204000}>,CN(C)C=O,ClCCCCCCCl,openff-2.2.1-ashgc,3,0.4971723788889761,0.0388952345992401,0.24,0.0025
27548,3293,dhmix_1534380829757525169,983,EnthalpyOfMixing,<Substance CN(C)C=O{solv}{x=0.498000}|ClCCCCCCCl{solv}{x=0.502000}>,CN(C)C=O,ClCCCCCCCl,openff-2.2.1-ashgc,3,0.707013846354485,0.0347246260388842,0.34,0.0025
27549,3294,dens_1752369236407148840,984,Density,<Substance CN(C)C=O{solv}{x=0.503300}|ClCCCCCCCl{solv}{x=0.496700}>,CN(C)C=O,ClCCCCCCCl,openff-2.2.1-ashgc,3,1.0041529827814413,0.0001674488730955,1.0190000000000003,0.00155
27550,3295,dens_2070195997725277466,985,Density,<Substance CN(C)C=O{solv}{x=0.703400}|ClCCCCCCCl{solv}{x=0.296600}>,CN(C)C=O,ClCCCCCCCl,openff-2.2.1-ashgc,3,0.9753687779502056,0.0002473073122964,0.9943000000000002,0.0017
27551,3296,dens_2171945276872385012,986,Density,<Substance CN(C)C=O{solv}{x=0.201300}|ClCCCCCCCl{solv}{x=0.798700}>,CN(C)C=O,ClCCCCCCCl,openff-2.2.1-ashgc,3,1.037486085404017,0.0002247892880677,1.0486000000000002,0.0014
27552,3297,dens_741100297092592576,987,Density,<Substance C1CCCCC1{solv}{x=0.265900}|C1CCOCC1{solv}{x=0.734100}>,C1CCCCC1,C1CCOCC1,openff-2.2.1-ashgc,3,0.8307774079779843,0.0001571657125151,0.8470300000000002,0.000505
27553,3298,dens_1002639246322609242,988,Density,<Substance C1CCCCC1{solv}{x=0.762200}|C1CCOCC1{solv}{x=0.237800}>,C1CCCCC1,C1CCOCC1,openff-2.2.1-ashgc,3,0.7745013305503442,0.0002452590114324,0.7952000000000002,0.000505
27554,3299,dhmix_1171155554844966705,989,EnthalpyOfMixing,<Substance C1CCCCC1{solv}{x=0.247100}|C1CCOCC1{solv}{x=0.752900}>,C1CCCCC1,C1CCOCC1,openff-2.2.1-ashgc,3,0.4020546449482651,0.0420156667074205,0.3613,0.00395
27555,3300,dens_2142973677177666085,990,Density,<Substance C1CCCCC1{solv}{x=0.501800}|C1CCOCC1{solv}{x=0.498200}>,C1CCCCC1,C1CCOCC1,openff-2.2.1-ashgc,3,0.8022690755142263,0.0001838602438974,0.8211500000000002,0.000505
27556,3301,dhmix_2195791820105752985,991,EnthalpyOfMixing,<Substance C1CCCCC1{solv}{x=0.726600}|C1CCOCC1{solv}{x=0.273400}>,C1CCCCC1,C1CCOCC1,openff-2.2.1-ashgc,3,0.5428164491468266,0.0381917849204151,0.4424,0.00485
27557,3302,dhmix_2296999979529762407,992,EnthalpyOfMixing,<Substance C1CCCCC1{solv}{x=0.499000}|C1CCOCC1{solv}{x=0.501000}>,C1CCCCC1,C1CCOCC1,openff-2.2.1-ashgc,3,0.6667428214201436,0.0409888024993015,0.526,0.0055
27558,3303,dhmix_744994939606384802,993,EnthalpyOfMixing,<Substance CO{solv}{x=0.300000}|O{solv}{x=0.700000}>,CO,O,openff-2.2.1-ashgc,3,0.0884469668157272,0.0178123412268303,-0.85,0.005
27559,3304,dens_1085345433585028387,994,Density,<Substance CO{solv}{x=0.499700}|O{solv}{x=0.500300}>,CO,O,openff-2.2.1-ashgc,3,0.8382923269313237,0.0004771781470687,0.8816900000000003,0.000165
27560,3305,dhmix_1126710771921470495,995,EnthalpyOfMixing,<Substance CO{solv}{x=0.700000}|O{solv}{x=0.300000}>,CO,O,openff-2.2.1-ashgc,3,0.0460510371256468,0.0261178370432951,-0.583,0.0035
27561,3306,dens_1258832080354057572,996,Density,<Substance CO{solv}{x=0.300300}|O{solv}{x=0.699700}>,CO,O,openff-2.2.1-ashgc,3,0.8845133856683104,0.0003431943853778,0.9252100000000004,0.000125
27562,3307,dens_1758371820245200558,997,Density,<Substance CO{solv}{x=0.760500}|O{solv}{x=0.239500}>,CO,O,openff-2.2.1-ashgc,3,0.7940037501152417,0.0004767269634903,0.8289000000000002,0.0001
27563,3308,dhmix_1824296469249495553,998,EnthalpyOfMixing,<Substance CO{solv}{x=0.500000}|O{solv}{x=0.500000}>,CO,O,openff-2.2.1-ashgc,3,0.1188785940096455,0.0233830787935984,-0.777,0.0045
27564,3309,dhmix_753952445434773754,999,EnthalpyOfMixing,<Substance CCCCCCCCCl{solv}{x=0.493000}|CN1CCCC1=O{solv}{x=0.507000}>,CCCCCCCCCl,CN1CCCC1=O,openff-2.2.1-ashgc,3,1.2730753842553495,0.0470046615002628,0.638,0.0035
27565,3310,dhmix_1273186684325800862,1000,EnthalpyOfMixing,<Substance CCCCCCCCCl{solv}{x=0.783000}|CN1CCCC1=O{solv}{x=0.217000}>,CCCCCCCCCl,CN1CCCC1=O,openff-2.2.1-ashgc,3,0.8602578098088003,0.0507915586927644,0.371,0.003
27566,3311,dhmix_1457789704046029008,1001,EnthalpyOfMixing,<Substance CCCCCCCCCl{solv}{x=0.202000}|CN1CCCC1=O{solv}{x=0.798000}>,CCCCCCCCCl,CN1CCCC1=O,openff-2.2.1-ashgc,3,0.8933908216137993,0.0451345473327999,0.5,0.0035
27567,3312,dens_1965529278608066299,1002,Density,<Substance CCCCCCCCCl{solv}{x=0.299500}|CN1CCCC1=O{solv}{x=0.700500}>,CCCCCCCCCl,CN1CCCC1=O,openff-2.2.1-ashgc,3,0.9410180418819464,0.0001506396221767,0.9598000000000002,0.00025
27568,3313,dens_2167805246575708222,1003,Density,<Substance CCCCCCCCCl{solv}{x=0.798600}|CN1CCCC1=O{solv}{x=0.201400}>,CCCCCCCCCl,CN1CCCC1=O,openff-2.2.1-ashgc,3,0.8780175006655034,0.0001382721738199,0.8888000000000001,0.00055
27569,3314,dens_2177162670107081086,1004,Density,<Substance CCCCCCCCCl{solv}{x=0.497900}|CN1CCCC1=O{solv}{x=0.502100}>,CCCCCCCCCl,CN1CCCC1=O,openff-2.2.1-ashgc,3,0.911958793466946,0.0001567635975071,0.9269000000000002,0.00035
27570,3315,dhmix_756380521637559100,1005,EnthalpyOfMixing,<Substance C1COCCO1{solv}{x=0.500000}|O=C1CCCCC1{solv}{x=0.500000}>,C1COCCO1,O=C1CCCCC1,openff-2.2.1-ashgc,3,0.2744551079679809,0.038129245581363,0.28584,0.00154
27571,3316,dens_1139761443535371798,1006,Density,<Substance C1COCCO1{solv}{x=0.459400}|O=C1CCCCC1{solv}{x=0.540600}>,C1COCCO1,O=C1CCCCC1,openff-2.2.1-ashgc,3,0.9576224401115644,0.0001970747933459,0.9762000000000004,0.00025
27572,3317,dhmix_1367833850972054360,1007,EnthalpyOfMixing,<Substance C1COCCO1{solv}{x=0.750000}|O=C1CCCCC1{solv}{x=0.250000}>,C1COCCO1,O=C1CCCCC1,openff-2.2.1-ashgc,3,0.150269889214357,0.0389696843189612,0.23662,0.001355
27573,3318,dhmix_1533665710565492443,1008,EnthalpyOfMixing,<Substance C1COCCO1{solv}{x=0.250000}|O=C1CCCCC1{solv}{x=0.750000}>,C1COCCO1,O=C1CCCCC1,openff-2.2.1-ashgc,3,0.2051902213632601,0.0425226807365641,0.20076,0.00121
27574,3319,dens_1556646832168598904,1009,Density,<Substance C1COCCO1{solv}{x=0.797800}|O=C1CCCCC1{solv}{x=0.202200}>,C1COCCO1,O=C1CCCCC1,openff-2.2.1-ashgc,3,0.997519055097029,0.0002244466930329,1.0062000000000002,0.00025
27575,3320,dens_1806066395455679216,1010,Density,<Substance C1COCCO1{solv}{x=0.272000}|O=C1CCCCC1{solv}{x=0.728000}>,C1COCCO1,O=C1CCCCC1,openff-2.2.1-ashgc,3,0.939426305111326,0.0002382168972977,0.9614000000000004,0.00025
27576,3321,dhmix_781473821930081125,1011,EnthalpyOfMixing,<Substance CCOc1ccccc1{solv}{x=0.765100}|OCc1ccccc1{solv}{x=0.234900}>,CCOc1ccccc1,OCc1ccccc1,openff-2.2.1-ashgc,3,0.7710436021661664,0.0511367786134661,1.083,0.0116
27577,3322,dhmix_966435122735090568,1012,EnthalpyOfMixing,<Substance CCOc1ccccc1{solv}{x=0.063600}|OCc1ccccc1{solv}{x=0.936400}>,CCOc1ccccc1,OCc1ccccc1,openff-2.2.1-ashgc,3,0.2103845463384814,0.0481172835747083,0.1901,0.00225
27578,3323,dens_1184318999137642715,1013,Density,<Substance CCOc1ccccc1{solv}{x=0.064200}|OCc1ccccc1{solv}{x=0.935800}>,CCOc1ccccc1,OCc1ccccc1,openff-2.2.1-ashgc,3,1.0193823351430606,0.0001989511261086,1.02761,0.00011
27579,3324,dhmix_1518701992890040137,1014,EnthalpyOfMixing,<Substance CCOc1ccccc1{solv}{x=0.549900}|OCc1ccccc1{solv}{x=0.450100}>,CCOc1ccccc1,OCc1ccccc1,openff-2.2.1-ashgc,3,1.0403589869646694,0.0477385981172365,1.0561,0.01135
27580,3325,dens_1575045736805268459,1015,Density,<Substance CCOc1ccccc1{solv}{x=0.459800}|OCc1ccccc1{solv}{x=0.540200}>,CCOc1ccccc1,OCc1ccccc1,openff-2.2.1-ashgc,3,0.9821001489474486,0.0002156361844645,0.9925100000000002,0.00016
27581,3326,dens_2214650701288997434,1016,Density,<Substance CCOc1ccccc1{solv}{x=0.757200}|OCc1ccccc1{solv}{x=0.242800}>,CCOc1ccccc1,OCc1ccccc1,openff-2.2.1-ashgc,3,0.957664790678025,0.0001737617038308,0.9686500000000002,0.000215
27582,3327,dens_800807749587668066,1017,Density,<Substance C1CCOCC1{solv}{x=0.733600}|c1ccncc1{solv}{x=0.266400}>,C1CCOCC1,c1ccncc1,openff-2.2.1-ashgc,3,0.8809514955864642,0.0002637892232905,0.8933350000000002,0.000358
27583,3328,dhmix_836757145941804043,1018,EnthalpyOfMixing,<Substance C1CCOCC1{solv}{x=0.291500}|c1ccncc1{solv}{x=0.708500}>,C1CCOCC1,c1ccncc1,openff-2.2.1-ashgc,3,0.0276597469606194,0.0343927436592086,0.0898,0.00095
27584,3329,dhmix_1003039131395935786,1019,EnthalpyOfMixing,<Substance C1CCOCC1{solv}{x=0.536300}|c1ccncc1{solv}{x=0.463700}>,C1CCOCC1,c1ccncc1,openff-2.2.1-ashgc,3,0.1450619779464048,0.0320413283609861,0.1573,0.0013
27585,3330,dens_1859030547600172702,1020,Density,<Substance C1CCOCC1{solv}{x=0.241500}|c1ccncc1{solv}{x=0.758500}>,C1CCOCC1,c1ccncc1,openff-2.2.1-ashgc,3,0.9447901806961696,0.0002645691717871,0.9525650000000004,0.000212
27586,3331,dhmix_2191254706131659314,1021,EnthalpyOfMixing,<Substance C1CCOCC1{solv}{x=0.734400}|c1ccncc1{solv}{x=0.265600}>,C1CCOCC1,c1ccncc1,openff-2.2.1-ashgc,3,0.2503466774237139,0.0423662068280034,0.1564,0.0013
27587,3332,dens_2239470871208865925,1022,Density,<Substance C1CCOCC1{solv}{x=0.536400}|c1ccncc1{solv}{x=0.463600}>,C1CCOCC1,c1ccncc1,openff-2.2.1-ashgc,3,0.9010226496544758,0.0002836063649538,0.9124250000000002,0.0002965
27588,3333,dens_801655585640229277,1023,Density,<Substance C1CCOCC1{solv}{x=0.777600}|CCCC(C)=O{solv}{x=0.222400}>,C1CCOCC1,CCCC(C)=O,openff-2.2.1-ashgc,3,0.8440091133780512,0.0002193798612866,0.8602600000000002,0.000225
27589,3334,dhmix_1175081460677389458,1024,EnthalpyOfMixing,<Substance C1CCOCC1{solv}{x=0.250000}|CCCC(C)=O{solv}{x=0.750000}>,C1CCOCC1,CCCC(C)=O,openff-2.2.1-ashgc,3,0.0277095628126957,0.0461267380030709,0.06014,0.00063
27590,3335,dens_1481139606755572767,1025,Density,<Substance C1CCOCC1{solv}{x=0.236100}|CCCC(C)=O{solv}{x=0.763900}>,C1CCOCC1,CCCC(C)=O,openff-2.2.1-ashgc,3,0.7979023332547854,0.0002220407699195,0.8183900000000002,0.000215
27591,3336,dhmix_1531586108535895092,1026,EnthalpyOfMixing,<Substance C1CCOCC1{solv}{x=0.750000}|CCCC(C)=O{solv}{x=0.250000}>,C1CCOCC1,CCCC(C)=O,openff-2.2.1-ashgc,3,0.2040969722855763,0.0424773445863016,0.08245,0.000715
27592,3337,dhmix_2074691820693967219,1027,EnthalpyOfMixing,<Substance C1CCOCC1{solv}{x=0.500000}|CCCC(C)=O{solv}{x=0.500000}>,C1CCOCC1,CCCC(C)=O,openff-2.2.1-ashgc,3,0.1974408407641164,0.0393576806727946,0.09128,0.000745
27593,3338,dens_2180187104403779312,1028,Density,<Substance C1CCOCC1{solv}{x=0.504600}|CCCC(C)=O{solv}{x=0.495400}>,C1CCOCC1,CCCC(C)=O,openff-2.2.1-ashgc,3,0.8202882325275104,0.0002173351188101,0.8386000000000002,0.00022
27594,3339,dhmix_814516627068967115,1029,EnthalpyOfMixing,<Substance CCCOC=O{solv}{x=0.230800}|ClCCCCl{solv}{x=0.769200}>,CCCOC=O,ClCCCCl,openff-2.2.1-ashgc,3,0.2298151609569529,0.0383300921349971,-0.054,0.001
27595,3340,dens_853749747181024442,1030,Density,<Substance CCCOC=O{solv}{x=0.525500}|ClCCCCl{solv}{x=0.474500}>,CCCOC=O,ClCCCCl,openff-2.2.1-ashgc,3,1.028247723602946,0.0003414894678147,1.0302400000000005,0.00176
27596,3341,dhmix_1623640482466530427,1031,EnthalpyOfMixing,<Substance CCCOC=O{solv}{x=0.750900}|ClCCCCl{solv}{x=0.249100}>,CCCOC=O,ClCCCCl,openff-2.2.1-ashgc,3,0.1542642230172788,0.0391177481996177,-0.088,0.001
27597,3342,dens_1998603470347754754,1032,Density,<Substance CCCOC=O{solv}{x=0.233600}|ClCCCCl{solv}{x=0.766400}>,CCCOC=O,ClCCCCl,openff-2.2.1-ashgc,3,1.0991518208283906,0.0003463340659906,1.1122200000000002,0.00274
27598,3343,dhmix_2003217087101692001,1033,EnthalpyOfMixing,<Substance CCCOC=O{solv}{x=0.514500}|ClCCCCl{solv}{x=0.485500}>,CCCOC=O,ClCCCCl,openff-2.2.1-ashgc,3,0.3096325814670209,0.0394129601653449,-0.114,0.0015
27599,3344,dens_2020761603812222512,1034,Density,<Substance CCCOC=O{solv}{x=0.763600}|ClCCCCl{solv}{x=0.236400}>,CCCOC=O,ClCCCCl,openff-2.2.1-ashgc,3,0.9694418513114827,0.0002856560016874,0.9644500000000004,0.00119
27600,3345,dens_828893303895070246,1035,Density,<Substance C1CCCCC1{solv}{x=0.249800}|CCCCCCCC{solv}{x=0.750200}>,C1CCCCC1,CCCCCCCC,openff-2.2.1-ashgc,3,0.6984154657758508,0.0002045537347186,0.7110900000000002,0.000605
27601,3346,dhmix_1288938247372010686,1036,EnthalpyOfMixing,<Substance C1CCCCC1{solv}{x=0.751300}|CCCCCCCC{solv}{x=0.248700}>,C1CCCCC1,CCCCCCCC,openff-2.2.1-ashgc,3,0.2750693581580918,0.0403457587797869,0.23,0.005
27602,3347,dens_1398337515687242649,1037,Density,<Substance C1CCCCC1{solv}{x=0.477700}|CCCCCCCC{solv}{x=0.522300}>,C1CCCCC1,CCCCCCCC,openff-2.2.1-ashgc,3,0.7103286117898824,0.0002153223398202,0.7250300000000002,0.000585
27603,3348,dhmix_1429498464152515756,1038,EnthalpyOfMixing,<Substance C1CCCCC1{solv}{x=0.532400}|CCCCCCCC{solv}{x=0.467600}>,C1CCCCC1,CCCCCCCC,openff-2.2.1-ashgc,3,0.2684736484663403,0.0498765593134926,0.258,0.005
27604,3349,dens_2267960821195706299,1039,Density,<Substance C1CCCCC1{solv}{x=0.796100}|CCCCCCCC{solv}{x=0.203900}>,C1CCCCC1,CCCCCCCC,openff-2.2.1-ashgc,3,0.7317710673550923,0.0002370006583043,0.7509700000000002,0.00055
27605,3350,dhmix_2289023418386220795,1040,EnthalpyOfMixing,<Substance C1CCCCC1{solv}{x=0.274400}|CCCCCCCC{solv}{x=0.725600}>,C1CCCCC1,CCCCCCCC,openff-2.2.1-ashgc,3,0.1519279898640491,0.0446759827773365,0.18,0.005
27606,3351,dens_848374876759596361,1041,Density,<Substance CC(C)OC(C)C{solv}{x=0.284600}|CCCCCl{solv}{x=0.715400}>,CC(C)OC(C)C,CCCCCl,openff-2.2.1-ashgc,3,0.8152427408043127,0.0002932320404866,0.8263210000000002,0.000365
27607,3352,dens_917492506874956672,1042,Density,<Substance CC(C)OC(C)C{solv}{x=0.808200}|CCCCCl{solv}{x=0.191800}>,CC(C)OC(C)C,CCCCCl,openff-2.2.1-ashgc,3,0.7529135049771426,0.0002680659057644,0.7440910000000002,0.000448
27608,3353,dhmix_1107367594793013993,1043,EnthalpyOfMixing,<Substance CC(C)OC(C)C{solv}{x=0.272700}|CCCCCl{solv}{x=0.727300}>,CC(C)OC(C)C,CCCCCl,openff-2.2.1-ashgc,3,-0.168418175043385,0.0389240270535192,-0.0785,0.001
27609,3354,dhmix_1310204607958463222,1044,EnthalpyOfMixing,<Substance CC(C)OC(C)C{solv}{x=0.454700}|CCCCCl{solv}{x=0.545300}>,CC(C)OC(C)C,CCCCCl,openff-2.2.1-ashgc,3,-0.2280209025347588,0.0407971047472603,-0.0954,0.0012
27610,3355,dhmix_1605157292498138629,1045,EnthalpyOfMixing,<Substance CC(C)OC(C)C{solv}{x=0.727400}|CCCCCl{solv}{x=0.272600}>,CC(C)OC(C)C,CCCCCl,openff-2.2.1-ashgc,3,-0.2098166725256405,0.0471315092062943,-0.0732,0.00095
27611,3356,dens_1927916489732771888,1046,Density,<Substance CC(C)OC(C)C{solv}{x=0.484000}|CCCCCl{solv}{x=0.516000}>,CC(C)OC(C)C,CCCCCl,openff-2.2.1-ashgc,3,0.7894184095286466,0.0002813899769568,0.7925060000000002,0.0004005
27612,3357,dens_860008765681738590,1047,Density,<Substance CN(CCO)CCO{solv}{x=0.231260}|c1ccncc1{solv}{x=0.768740}>,CN(CCO)CCO,c1ccncc1,openff-2.2.1-ashgc,3,0.9937356184659324,0.0001995758400352,0.9906030000000002,0.0001015
27613,3358,dens_1253280811379348869,1048,Density,<Substance CN(CCO)CCO{solv}{x=0.670000}|c1ccncc1{solv}{x=0.330000}>,CN(CCO)CCO,c1ccncc1,openff-2.2.1-ashgc,3,1.0233083934785614,0.0003610936674732,1.0161020000000005,0.000102
27614,3359,dhmix_1381513140604048573,1049,EnthalpyOfMixing,<Substance CN(CCO)CCO{solv}{x=0.473760}|c1ccncc1{solv}{x=0.526240}>,CN(CCO)CCO,c1ccncc1,openff-2.2.1-ashgc,3,0.1604218269842903,0.0531139085110312,-0.093,0.001
27615,3360,dens_1460709448836415360,1050,Density,<Substance CN(CCO)CCO{solv}{x=0.473530}|c1ccncc1{solv}{x=0.526470}>,CN(CCO)CCO,c1ccncc1,openff-2.2.1-ashgc,3,1.012348447742068,0.0002290179038823,1.0044450000000005,0.0001015
27616,3361,dhmix_2085036308089359597,1051,EnthalpyOfMixing,<Substance CN(CCO)CCO{solv}{x=0.230610}|c1ccncc1{solv}{x=0.769390}>,CN(CCO)CCO,c1ccncc1,openff-2.2.1-ashgc,3,0.3684858870552183,0.0401792743976737,-0.032,0.001
27617,3362,dhmix_2287943921901918379,1052,EnthalpyOfMixing,<Substance CN(CCO)CCO{solv}{x=0.669580}|c1ccncc1{solv}{x=0.330420}>,CN(CCO)CCO,c1ccncc1,openff-2.2.1-ashgc,3,0.2591752640184097,0.0437392630737182,-0.12,0.0015
27618,3363,dens_929806754028972955,1053,Density,<Substance CCCC(=O)OC{solv}{x=0.695800}|COC(C)=O{solv}{x=0.304200}>,CCCC(=O)OC,COC(C)=O,openff-2.2.1-ashgc,3,0.8961373125552554,0.0002515463902476,0.8997600000000002,0.000505
27619,3364,dhmix_1093843275803987368,1054,EnthalpyOfMixing,<Substance CCCC(=O)OC{solv}{x=0.482200}|COC(C)=O{solv}{x=0.517800}>,CCCC(=O)OC,COC(C)=O,openff-2.2.1-ashgc,3,0.0323719421951267,0.0402479065870919,0.151,0.002
27620,3365,dens_1187818937240241755,1055,Density,<Substance CCCC(=O)OC{solv}{x=0.253600}|COC(C)=O{solv}{x=0.746400}>,CCCC(=O)OC,COC(C)=O,openff-2.2.1-ashgc,3,0.914388997934378,0.0002743176037617,0.9147400000000002,0.000505
27621,3366,dens_1462283017082249050,1056,Density,<Substance CCCC(=O)OC{solv}{x=0.545600}|COC(C)=O{solv}{x=0.454400}>,CCCC(=O)OC,COC(C)=O,openff-2.2.1-ashgc,3,0.9021677193664296,0.0002483435019963,0.9041900000000004,0.000505
27622,3367,dhmix_1514470349370367756,1057,EnthalpyOfMixing,<Substance CCCC(=O)OC{solv}{x=0.226000}|COC(C)=O{solv}{x=0.774000}>,CCCC(=O)OC,COC(C)=O,openff-2.2.1-ashgc,3,0.0564025948544042,0.0350814654779178,0.102,0.0015
27623,3368,dhmix_1615966506855005599,1058,EnthalpyOfMixing,<Substance CCCC(=O)OC{solv}{x=0.695800}|COC(C)=O{solv}{x=0.304200}>,CCCC(=O)OC,COC(C)=O,openff-2.2.1-ashgc,3,0.0993059021751854,0.0354596818239952,0.122,0.0015
27624,3369,dens_931039395662625393,1059,Density,<Substance BrCCBr{solv}{x=0.510700}|CCOC=O{solv}{x=0.489300}>,BrCCBr,CCOC=O,openff-2.2.1-ashgc,3,1.5665924405037903,0.0004870317409424,1.5742900000000004,0.00125
27625,3370,dhmix_1379448524788285045,1060,EnthalpyOfMixing,<Substance BrCCBr{solv}{x=0.503000}|CCOC=O{solv}{x=0.497000}>,BrCCBr,CCOC=O,openff-2.2.1-ashgc,3,0.3363758516033535,0.0315151095103035,0.404,0.0054
27626,3371,dhmix_1589211680683586133,1061,EnthalpyOfMixing,<Substance BrCCBr{solv}{x=0.247500}|CCOC=O{solv}{x=0.752500}>,BrCCBr,CCOC=O,openff-2.2.1-ashgc,3,0.133598873531695,0.0365274903792518,0.2492,0.0035
27627,3372,dens_1816072583621776909,1062,Density,<Substance BrCCBr{solv}{x=0.282500}|CCOC=O{solv}{x=0.717500}>,BrCCBr,CCOC=O,openff-2.2.1-ashgc,3,1.2959930076708883,0.0004145884578985,1.2851500000000005,0.00131
27628,3373,dens_1857279480363338972,1063,Density,<Substance BrCCBr{solv}{x=0.750600}|CCOC=O{solv}{x=0.249400}>,BrCCBr,CCOC=O,openff-2.2.1-ashgc,3,1.8337281933226304,0.0006101215789155,1.8698300000000003,0.000995
27629,3374,dhmix_2225135654541562913,1064,EnthalpyOfMixing,<Substance BrCCBr{solv}{x=0.734600}|CCOC=O{solv}{x=0.265400}>,BrCCBr,CCOC=O,openff-2.2.1-ashgc,3,0.1734883144282495,0.0331238265751796,0.3604,0.00485
27630,3375,dhmix_933824509566848172,1065,EnthalpyOfMixing,<Substance C1COCO1{solv}{x=0.350000}|CCCC(C)=O{solv}{x=0.650000}>,C1COCO1,CCCC(C)=O,openff-2.2.1-ashgc,3,0.2468328671845476,0.0375569118999581,0.17755,0.001095
27631,3376,dens_1326756646981901590,1066,Density,<Substance C1COCO1{solv}{x=0.717400}|CCCC(C)=O{solv}{x=0.282600}>,C1COCO1,CCCC(C)=O,openff-2.2.1-ashgc,3,0.9717202669002613,0.0002206629111122,0.9625500000000002,0.000245
27632,3377,dhmix_1386053902220878259,1067,EnthalpyOfMixing,<Substance C1COCO1{solv}{x=0.500000}|CCCC(C)=O{solv}{x=0.500000}>,C1COCO1,CCCC(C)=O,openff-2.2.1-ashgc,3,0.2964532398939141,0.031503094111295,0.21077,0.00122
27633,3378,dens_1490997112604690080,1068,Density,<Substance C1COCO1{solv}{x=0.349900}|CCCC(C)=O{solv}{x=0.650100}>,C1COCO1,CCCC(C)=O,openff-2.2.1-ashgc,3,0.859052254770565,0.0002834947215724,0.8687200000000003,0.00022
27634,3379,dens_1979377813631413053,1069,Density,<Substance C1COCO1{solv}{x=0.516900}|CCCC(C)=O{solv}{x=0.483100}>,C1COCO1,CCCC(C)=O,openff-2.2.1-ashgc,3,0.9063237374815062,0.0002577871782005,0.9078200000000004,0.00023
27635,3380,dhmix_2113009728753201792,1070,EnthalpyOfMixing,<Substance C1COCO1{solv}{x=0.750000}|CCCC(C)=O{solv}{x=0.250000}>,C1COCO1,CCCC(C)=O,openff-2.2.1-ashgc,3,0.2943720603065003,0.0291276615880891,0.17046,0.00107
27636,3381,dhmix_962524540250306235,1071,EnthalpyOfMixing,<Substance Cc1ccccc1N{solv}{x=0.268100}|c1ccncc1{solv}{x=0.731900}>,Cc1ccccc1N,c1ccncc1,openff-2.2.1-ashgc,3,-1.466136351780893,0.0408913954612258,-0.8915,0.0182
27637,3382,dhmix_1000930562998604270,1072,EnthalpyOfMixing,<Substance Cc1ccccc1N{solv}{x=0.773500}|c1ccncc1{solv}{x=0.226500}>,Cc1ccccc1N,c1ccncc1,openff-2.2.1-ashgc,3,-1.1290976638452754,0.0439652701177428,-0.7828,0.016
27638,3383,dens_1203111494553524663,1073,Density,<Substance Cc1ccccc1N{solv}{x=0.483700}|c1ccncc1{solv}{x=0.516300}>,Cc1ccccc1N,c1ccncc1,openff-2.2.1-ashgc,3,1.0008260143535612,0.0002354580247976,0.9912370000000004,0.000117
27639,3384,dens_1316174752280431242,1074,Density,<Substance Cc1ccccc1N{solv}{x=0.237400}|c1ccncc1{solv}{x=0.762600}>,Cc1ccccc1N,c1ccncc1,openff-2.2.1-ashgc,3,0.9900580207042264,0.0002123254075969,0.9863750000000002,0.000118
27640,3385,dhmix_1371524052813651708,1075,EnthalpyOfMixing,<Substance Cc1ccccc1N{solv}{x=0.482600}|c1ccncc1{solv}{x=0.517400}>,Cc1ccccc1N,c1ccncc1,openff-2.2.1-ashgc,3,-1.86864071116063,0.041724920136508,-1.0329,0.02105
27641,3386,dens_2188924364196997512,1076,Density,<Substance Cc1ccccc1N{solv}{x=0.767800}|c1ccncc1{solv}{x=0.232200}>,Cc1ccccc1N,c1ccncc1,openff-2.2.1-ashgc,3,1.0083926744098863,0.0003557957620698,0.9936220000000002,0.000117
27642,3387,dens_964556344607822867,1077,Density,<Substance CCCCCCCCC{solv}{x=0.696300}|COC(C)(C)C{solv}{x=0.303700}>,CCCCCCCCC,COC(C)(C)C,openff-2.2.1-ashgc,3,0.7110190959565393,0.0001698773336855,0.7173600000000002,0.000295
27643,3388,dhmix_1091489740441728210,1078,EnthalpyOfMixing,<Substance CCCCCCCCC{solv}{x=0.260100}|COC(C)(C)C{solv}{x=0.739900}>,CCCCCCCCC,COC(C)(C)C,openff-2.2.1-ashgc,3,0.4851001178804779,0.0436070895190269,0.371,0.0075
27644,3389,dens_1264105858192356202,1079,Density,<Substance CCCCCCCCC{solv}{x=0.499200}|COC(C)(C)C{solv}{x=0.500800}>,CCCCCCCCC,COC(C)(C)C,openff-2.2.1-ashgc,3,0.7165563590190359,0.0002187848723856,0.7207300000000002,0.00029
27645,3390,dhmix_1760873631242020891,1080,EnthalpyOfMixing,<Substance CCCCCCCCC{solv}{x=0.759600}|COC(C)(C)C{solv}{x=0.240400}>,CCCCCCCCC,COC(C)(C)C,openff-2.2.1-ashgc,3,0.3864235641171945,0.045117773341952,0.345,0.007
27646,3391,dens_2012579877169955729,1081,Density,<Substance CCCCCCCCC{solv}{x=0.199500}|COC(C)(C)C{solv}{x=0.800500}>,CCCCCCCCC,COC(C)(C)C,openff-2.2.1-ashgc,3,0.7282986934576337,0.0002229152827753,0.7281100000000001,0.000285
27647,3392,dhmix_2200368758776542578,1082,EnthalpyOfMixing,<Substance CCCCCCCCC{solv}{x=0.513300}|COC(C)(C)C{solv}{x=0.486700}>,CCCCCCCCC,COC(C)(C)C,openff-2.2.1-ashgc,3,0.5259464094960009,0.0475418099293836,0.486,0.0095
27648,3393,dhmix_972091313059406932,1083,EnthalpyOfMixing,<Substance CCCNCCC{solv}{x=0.248200}|CN(C)C=O{solv}{x=0.751800}>,CCCNCCC,CN(C)C=O,openff-2.2.1-ashgc,3,0.1549174225343037,0.0368348675422976,0.613,0.0195
27649,3394,dhmix_1037416167092316519,1084,EnthalpyOfMixing,<Substance CCCNCCC{solv}{x=0.499500}|CN(C)C=O{solv}{x=0.500500}>,CCCNCCC,CN(C)C=O,openff-2.2.1-ashgc,3,0.1670240742094932,0.0462695777263449,0.748,0.0225
27650,3395,dhmix_1525975551610336413,1085,EnthalpyOfMixing,<Substance CCCNCCC{solv}{x=0.749600}|CN(C)C=O{solv}{x=0.250400}>,CCCNCCC,CN(C)C=O,openff-2.2.1-ashgc,3,0.1435857092175538,0.0386373688548748,0.529,0.017
27651,3396,dens_1610465641813938660,1086,Density,<Substance CCCNCCC{solv}{x=0.745900}|CN(C)C=O{solv}{x=0.254100}>,CCCNCCC,CN(C)C=O,openff-2.2.1-ashgc,3,0.7640842722014723,0.0002387607778526,0.7687320000000002,0.0009355
27652,3397,dens_2129043605695010641,1087,Density,<Substance CCCNCCC{solv}{x=0.503400}|CN(C)C=O{solv}{x=0.496600}>,CCCNCCC,CN(C)C=O,openff-2.2.1-ashgc,3,0.8026633883868803,0.0002470867327779,0.8108000000000002,0.0009885
27653,3398,dens_2129124855081233158,1088,Density,<Substance CCCNCCC{solv}{x=0.252300}|CN(C)C=O{solv}{x=0.747700}>,CCCNCCC,CN(C)C=O,openff-2.2.1-ashgc,3,0.8525622458305475,0.0002287344175308,0.8674480000000002,0.0010625
27654,3399,dhmix_1022139531284796266,1089,EnthalpyOfMixing,<Substance CCCO{solv}{x=0.730200}|O=Cc1ccccc1{solv}{x=0.269800}>,CCCO,O=Cc1ccccc1,openff-2.2.1-ashgc,3,1.0273009417916017,0.0402372296432967,1.3784,0.00585
27655,3400,dens_1530410585842005416,1090,Density,<Substance CCCO{solv}{x=0.802500}|O=Cc1ccccc1{solv}{x=0.197500}>,CCCO,O=Cc1ccccc1,openff-2.2.1-ashgc,3,0.8550312794021856,0.000284934163314,0.8676000000000003,0.0054
27656,3401,dens_1586325098516354010,1091,Density,<Substance CCCO{solv}{x=0.500300}|O=Cc1ccccc1{solv}{x=0.499700}>,CCCO,O=Cc1ccccc1,openff-2.2.1-ashgc,3,0.9326022902210716,0.0002188895163823,0.9470000000000002,0.0035
27657,3402,dhmix_1860362391399300385,1092,EnthalpyOfMixing,<Substance CCCO{solv}{x=0.237400}|O=Cc1ccccc1{solv}{x=0.762600}>,CCCO,O=Cc1ccccc1,openff-2.2.1-ashgc,3,0.8486391440241619,0.0424049692437239,1.2579,0.0055
27658,3403,dens_2022804020725863961,1093,Density,<Substance CCCO{solv}{x=0.192900}|O=Cc1ccccc1{solv}{x=0.807100}>,CCCO,O=Cc1ccccc1,openff-2.2.1-ashgc,3,0.9960716314542064,0.0002331525536157,1.0128,0.00265
27659,3404,dhmix_2114980631721668598,1094,EnthalpyOfMixing,<Substance CCCO{solv}{x=0.517800}|O=Cc1ccccc1{solv}{x=0.482200}>,CCCO,O=Cc1ccccc1,openff-2.2.1-ashgc,3,1.2116467063115903,0.0388016696670111,1.6361,0.00675
27660,3405,dens_1061385011202038988,1095,Density,<Substance CC(C)O{solv}{x=0.495900}|CCCCOCCO{solv}{x=0.504100}>,CC(C)O,CCCCOCCO,openff-2.2.1-ashgc,3,0.854204662900894,0.0002091252396464,0.8550000000000002,5.450000000000001e-05
27661,3406,dens_1314274960992474794,1096,Density,<Substance CC(C)O{solv}{x=0.292200}|CCCCOCCO{solv}{x=0.707800}>,CC(C)O,CCCCOCCO,openff-2.2.1-ashgc,3,0.869435224148993,0.0001894057830361,0.8743700000000002,4.600000000000001e-05
27662,3407,dens_1729117108592325655,1097,Density,<Substance CC(C)O{solv}{x=0.743300}|CCCCOCCO{solv}{x=0.256700}>,CC(C)O,CCCCOCCO,openff-2.2.1-ashgc,3,0.8297638793853803,0.0002430423447468,0.8247900000000001,5.600000000000001e-05
27663,3408,dens_1112128096721834081,1098,Density,<Substance CNCCO{solv}{x=0.800900}|O{solv}{x=0.199100}>,CNCCO,O,openff-2.2.1-ashgc,3,0.9584974493066146,0.0003161476969816,0.9466300000000002,0.00032
27664,3409,dens_1381694863030749046,1099,Density,<Substance CNCCO{solv}{x=0.198700}|O{solv}{x=0.801300}>,CNCCO,O,openff-2.2.1-ashgc,3,0.978542007855664,0.000400080404849,0.9960300000000002,0.00016
27665,3410,dhmix_1383192140212198237,1100,EnthalpyOfMixing,<Substance CNCCO{solv}{x=0.798800}|O{solv}{x=0.201200}>,CNCCO,O,openff-2.2.1-ashgc,3,-1.206531128261986,0.0393905427087341,-1.219,0.025
27666,3411,dens_1615304038745182966,1101,Density,<Substance CNCCO{solv}{x=0.504100}|O{solv}{x=0.495900}>,CNCCO,O,openff-2.2.1-ashgc,3,0.9690945586668313,0.0002625167706081,0.9688100000000002,0.000235
27667,3412,dhmix_1902240048183935170,1102,EnthalpyOfMixing,<Substance CNCCO{solv}{x=0.501700}|O{solv}{x=0.498300}>,CNCCO,O,openff-2.2.1-ashgc,3,-1.6396463768942056,0.0426521463793164,-2.508,0.051
27668,3413,dhmix_2185888808838690563,1103,EnthalpyOfMixing,<Substance CNCCO{solv}{x=0.199200}|O{solv}{x=0.800800}>,CNCCO,O,openff-2.2.1-ashgc,3,-1.0037451573981429,0.0237230327150822,-2.243,0.0455
27669,3414,dens_1155626281932782094,1104,Density,<Substance CCC(C)=O{solv}{x=0.292200}|CN1CCCC1=O{solv}{x=0.707800}>,CCC(C)=O,CN1CCCC1=O,openff-2.2.1-ashgc,3,0.9352159307232178,0.0002301760518655,0.9591400000000002,0.00262
27670,3415,dens_1354588388489384902,1105,Density,<Substance CCC(C)=O{solv}{x=0.779300}|CN1CCCC1=O{solv}{x=0.220700}>,CCC(C)=O,CN1CCCC1=O,openff-2.2.1-ashgc,3,0.8240729919695241,0.0002372496713865,0.8467600000000002,0.002595
27671,3416,dhmix_1468142552678388689,1106,EnthalpyOfMixing,<Substance CCC(C)=O{solv}{x=0.484100}|CN1CCCC1=O{solv}{x=0.515900}>,CCC(C)=O,CN1CCCC1=O,openff-2.2.1-ashgc,3,0.0632717489647944,0.04350533043151,-0.1675,0.00415
27672,3417,dhmix_1545004468946955771,1107,EnthalpyOfMixing,<Substance CCC(C)=O{solv}{x=0.246100}|CN1CCCC1=O{solv}{x=0.753900}>,CCC(C)=O,CN1CCCC1=O,openff-2.2.1-ashgc,3,0.1291324235445152,0.0447608325748355,-0.0999,0.0031
27673,3418,dhmix_1746826813990258300,1108,EnthalpyOfMixing,<Substance CCC(C)=O{solv}{x=0.732400}|CN1CCCC1=O{solv}{x=0.267600}>,CCC(C)=O,CN1CCCC1=O,openff-2.2.1-ashgc,3,0.1559998184167286,0.0397360689235164,-0.0861,0.0029
27674,3419,dens_2035401379156582518,1109,Density,<Substance CCC(C)=O{solv}{x=0.479500}|CN1CCCC1=O{solv}{x=0.520500}>,CCC(C)=O,CN1CCCC1=O,openff-2.2.1-ashgc,3,0.8947029443801806,0.0002317246083765,0.9166100000000004,0.00261
27675,3420,dens_1159403686634788877,1110,Density,<Substance C1CCOCC1{solv}{x=0.253600}|Cc1ccncc1{solv}{x=0.746400}>,C1CCOCC1,Cc1ccncc1,openff-2.2.1-ashgc,3,0.9230221740129472,0.0001903344122626,0.9329390000000002,0.0002125
27676,3421,dhmix_1427533760370073434,1111,EnthalpyOfMixing,<Substance C1CCOCC1{solv}{x=0.241600}|Cc1ccncc1{solv}{x=0.758400}>,C1CCOCC1,Cc1ccncc1,openff-2.2.1-ashgc,3,0.0090376189920284,0.0400286196220549,0.0975,0.001
27677,3422,dens_1586440979425114987,1112,Density,<Substance C1CCOCC1{solv}{x=0.491300}|Cc1ccncc1{solv}{x=0.508700}>,C1CCOCC1,Cc1ccncc1,openff-2.2.1-ashgc,3,0.9042214326872556,0.0002414085183332,0.9162950000000002,0.0002825
27678,3423,dhmix_1681679230288000235,1113,EnthalpyOfMixing,<Substance C1CCOCC1{solv}{x=0.483400}|Cc1ccncc1{solv}{x=0.516600}>,C1CCOCC1,Cc1ccncc1,openff-2.2.1-ashgc,3,0.1102461767963207,0.0415403684678946,0.1741,0.00135
27679,3424,dhmix_1854625047398559527,1114,EnthalpyOfMixing,<Substance C1CCOCC1{solv}{x=0.826200}|Cc1ccncc1{solv}{x=0.173800}>,C1CCOCC1,Cc1ccncc1,openff-2.2.1-ashgc,3,0.0310020807955666,0.04572969445076,0.0948,0.001
27680,3425,dens_1998279082934343093,1115,Density,<Substance C1CCOCC1{solv}{x=0.826300}|Cc1ccncc1{solv}{x=0.173700}>,C1CCOCC1,Cc1ccncc1,openff-2.2.1-ashgc,3,0.8689756093598867,0.0002608343674007,0.8827950000000002,0.000387
27681,3426,dens_1226224986443053492,1116,Density,<Substance CCOc1ccccc1{solv}{x=0.482600}|OCCc1ccccc1{solv}{x=0.517400}>,CCOc1ccccc1,OCCc1ccccc1,openff-2.2.1-ashgc,3,0.9687089123483366,0.0001844806081827,0.9803700000000002,0.00026
27682,3427,dens_1288457717872177367,1117,Density,<Substance CCOc1ccccc1{solv}{x=0.304100}|OCCc1ccccc1{solv}{x=0.695900}>,CCOc1ccccc1,OCCc1ccccc1,openff-2.2.1-ashgc,3,0.9796125332571636,0.0001871614285927,0.9909900000000004,0.00026
27683,3428,dhmix_1400067757990485972,1118,EnthalpyOfMixing,<Substance CCOc1ccccc1{solv}{x=0.738800}|OCCc1ccccc1{solv}{x=0.261200}>,CCOc1ccccc1,OCCc1ccccc1,openff-2.2.1-ashgc,3,0.98149162834126,0.0555233227290886,1.1427,0.01225
27684,3429,dens_1419265414647987466,1119,Density,<Substance CCOc1ccccc1{solv}{x=0.792900}|OCCc1ccccc1{solv}{x=0.207100}>,CCOc1ccccc1,OCCc1ccccc1,openff-2.2.1-ashgc,3,0.9513877572819875,0.000187942365776,0.9624400000000004,0.00026
27685,3430,dhmix_1985234108792038812,1120,EnthalpyOfMixing,<Substance CCOc1ccccc1{solv}{x=0.485200}|OCCc1ccccc1{solv}{x=0.514800}>,CCOc1ccccc1,OCCc1ccccc1,openff-2.2.1-ashgc,3,0.8239348976428431,0.0483026825214795,1.0249,0.011
27686,3431,dhmix_2203675640711482674,1121,EnthalpyOfMixing,<Substance CCOc1ccccc1{solv}{x=0.239100}|OCCc1ccccc1{solv}{x=0.760900}>,CCOc1ccccc1,OCCc1ccccc1,openff-2.2.1-ashgc,3,0.505618150248111,0.0464990798710876,0.6669,0.0072
27687,3432,dens_1247048173376376516,1122,Density,<Substance CCCCC(=O)OC{solv}{x=0.349300}|COC=O{solv}{x=0.650700}>,CCCCC(=O)OC,COC=O,openff-2.2.1-ashgc,3,0.9299252822938394,0.0002906135114739,0.9198400000000002,0.000115
27688,3433,dens_1283923442255956417,1123,Density,<Substance CCCCC(=O)OC{solv}{x=0.500000}|COC=O{solv}{x=0.500000}>,CCCCC(=O)OC,COC=O,openff-2.2.1-ashgc,3,0.9141250362200862,0.0002543884831085,0.90817,0.00012
27689,3434,dhmix_1491739683552461043,1124,EnthalpyOfMixing,<Substance CCCCC(=O)OC{solv}{x=0.348600}|COC=O{solv}{x=0.651400}>,CCCCC(=O)OC,COC=O,openff-2.2.1-ashgc,3,0.324029055941299,0.0360356682511315,0.422,0.0045
27690,3435,dhmix_1747049492522889097,1125,EnthalpyOfMixing,<Substance CCCCC(=O)OC{solv}{x=0.523200}|COC=O{solv}{x=0.476800}>,CCCCC(=O)OC,COC=O,openff-2.2.1-ashgc,3,0.2864848974638132,0.0407869830929721,0.409,0.0045
27691,3436,dhmix_1990853348078771210,1126,EnthalpyOfMixing,<Substance CCCCC(=O)OC{solv}{x=0.796800}|COC=O{solv}{x=0.203200}>,CCCCC(=O)OC,COC=O,openff-2.2.1-ashgc,3,0.1365217361633952,0.0499980866066408,0.219,0.0025
27692,3437,dens_2269601061883384185,1127,Density,<Substance CCCCC(=O)OC{solv}{x=0.725800}|COC=O{solv}{x=0.274200}>,CCCCC(=O)OC,COC=O,openff-2.2.1-ashgc,3,0.895563984825765,0.0002257404583507,0.8955000000000002,0.000135
27693,3438,dens_1266839724964377205,1128,Density,<Substance Cn1ccnc1{solv}{x=0.779500}|O{solv}{x=0.220500}>,Cn1ccnc1,O,openff-2.2.1-ashgc,3,1.020382572610092,0.000285813185226,1.0360000000000005,0.00015
27694,3439,dens_1634862053132906887,1129,Density,<Substance Cn1ccnc1{solv}{x=0.498200}|O{solv}{x=0.501800}>,Cn1ccnc1,O,openff-2.2.1-ashgc,3,1.0168344088647443,0.0003281877509286,1.0416,0.00015
27695,3440,dens_1681126092995837883,1130,Density,<Substance Cn1ccnc1{solv}{x=0.216700}|O{solv}{x=0.783300}>,Cn1ccnc1,O,openff-2.2.1-ashgc,3,1.003984826597371,0.0004383844275826,1.0301000000000002,0.0001
27696,3441,dhmix_1311251505653939236,1131,EnthalpyOfMixing,<Substance CC(=O)CC(C)=O{solv}{x=0.598500}|O{solv}{x=0.401500}>,CC(=O)CC(C)=O,O,openff-2.2.1-ashgc,3,0.2126480026227,0.036086327564819,0.4905,0.00555
27697,3442,dhmix_1367092272310773702,1132,EnthalpyOfMixing,<Substance CC(=O)CC(C)=O{solv}{x=0.749200}|O{solv}{x=0.250800}>,CC(=O)CC(C)=O,O,openff-2.2.1-ashgc,3,0.4007062439920901,0.039164977182853,0.6211,0.00695
27698,3443,dhmix_2033109088651196860,1133,EnthalpyOfMixing,<Substance CC(=O)CC(C)=O{solv}{x=0.200400}|O{solv}{x=0.799600}>,CC(=O)CC(C)=O,O,openff-2.2.1-ashgc,3,-0.2079715159095201,0.0263748461924559,0.1562,0.0021
27699,3444,dens_1319073694995976411,1134,Density,<Substance CC(C)CO{solv}{x=0.762200}|OC1=NCCC1{solv}{x=0.237800}>,CC(C)CO,OC1=NCCC1,openff-2.2.1-ashgc,3,0.8613637840426253,0.0002118119702667,0.8623100000000001,0.000205
27700,3445,dhmix_1817161401911066523,1135,EnthalpyOfMixing,<Substance CC(C)CO{solv}{x=0.754900}|OC1=NCCC1{solv}{x=0.245100}>,CC(C)CO,OC1=NCCC1,openff-2.2.1-ashgc,3,1.1847041416789277,0.0424373001107858,0.2989,0.0033
27701,3446,dens_1852757585830259815,1136,Density,<Substance CC(C)CO{solv}{x=0.287400}|OC1=NCCC1{solv}{x=0.712600}>,CC(C)CO,OC1=NCCC1,openff-2.2.1-ashgc,3,0.9843624279393256,0.0002527139548011,1.0078300000000002,0.000155
27702,3447,dhmix_2057245570503088562,1137,EnthalpyOfMixing,<Substance CC(C)CO{solv}{x=0.259800}|OC1=NCCC1{solv}{x=0.740200}>,CC(C)CO,OC1=NCCC1,openff-2.2.1-ashgc,3,1.150541171366342,0.0431413311913733,0.1798,0.00205
27703,3448,dens_2175875616459255266,1138,Density,<Substance CC(C)CO{solv}{x=0.489400}|OC1=NCCC1{solv}{x=0.510600}>,CC(C)CO,OC1=NCCC1,openff-2.2.1-ashgc,3,0.931158156805033,0.0002156625317194,0.9431100000000002,0.00017
27704,3449,dhmix_2273039716774959551,1139,EnthalpyOfMixing,<Substance CC(C)CO{solv}{x=0.497800}|OC1=NCCC1{solv}{x=0.502200}>,CC(C)CO,OC1=NCCC1,openff-2.2.1-ashgc,3,1.3730197074133417,0.0420938287467691,0.2775,0.0031
27705,3450,dens_1400897934227212514,1140,Density,<Substance CC(C)CC(C)(C)C{solv}{x=0.541100}|COC(C)=O{solv}{x=0.458900}>,CC(C)CC(C)(C)C,COC(C)=O,openff-2.2.1-ashgc,3,0.7633529921702109,0.0002195525402966,0.7495700000000002,0.000505
27706,3451,dhmix_1534218615961922445,1141,EnthalpyOfMixing,<Substance CC(C)CC(C)(C)C{solv}{x=0.256000}|COC(C)=O{solv}{x=0.744000}>,CC(C)CC(C)(C)C,COC(C)=O,openff-2.2.1-ashgc,3,1.562353003676832,0.0394898461041596,1.385,0.015
27707,3452,dhmix_1663557420681143866,1142,EnthalpyOfMixing,<Substance CC(C)CC(C)(C)C{solv}{x=0.540600}|COC(C)=O{solv}{x=0.459400}>,CC(C)CC(C)(C)C,COC(C)=O,openff-2.2.1-ashgc,3,2.022830146624898,0.044101107211869,1.759,0.019
27708,3453,dens_1833608859418637606,1143,Density,<Substance CC(C)CC(C)(C)C{solv}{x=0.736400}|COC(C)=O{solv}{x=0.263600}>,CC(C)CC(C)(C)C,COC(C)=O,openff-2.2.1-ashgc,3,0.7326633012193468,0.0001857242047392,0.7171000000000002,0.00015
27709,3454,dhmix_1913788848230724771,1144,EnthalpyOfMixing,<Substance CC(C)CC(C)(C)C{solv}{x=0.783300}|COC(C)=O{solv}{x=0.216700}>,CC(C)CC(C)(C)C,COC(C)=O,openff-2.2.1-ashgc,3,1.536320917679916,0.0505546023457043,1.149,0.0125
27710,3455,dens_2018568384717712900,1145,Density,<Substance CC(C)CC(C)(C)C{solv}{x=0.238900}|COC(C)=O{solv}{x=0.761100}>,CC(C)CC(C)(C)C,COC(C)=O,openff-2.2.1-ashgc,3,0.8352005412379575,0.0002187553734349,0.8248000000000002,0.0001
27711,3456,dens_1465225466328543955,1146,Density,<Substance Cc1cccnc1{solv}{x=0.225000}|O{solv}{x=0.775000}>,Cc1cccnc1,O,openff-2.2.1-ashgc,3,0.958947375165043,0.0003928200741141,0.9921000000000002,0.0003
27712,3457,dens_1644445312716340330,1147,Density,<Substance Cc1cccnc1{solv}{x=0.500000}|O{solv}{x=0.500000}>,Cc1cccnc1,O,openff-2.2.1-ashgc,3,0.9503435932332844,0.0002567161457586,0.9797000000000002,0.0003
27713,3458,dens_2262998332454406432,1148,Density,<Substance Cc1cccnc1{solv}{x=0.700000}|O{solv}{x=0.300000}>,Cc1cccnc1,O,openff-2.2.1-ashgc,3,0.947225745618228,0.0002442136645947,0.9690000000000002,0.0003
27714,3459,dens_1601780542508306264,1149,Density,<Substance CC(=O)N(C)C{solv}{x=0.771800}|CCOC(C)=O{solv}{x=0.228200}>,CC(=O)N(C)C,CCOC(C)=O,openff-2.2.1-ashgc,3,0.8986409594465962,0.0002367620270642,0.9286200000000002,0.000185
27715,3460,dens_2126546638582188774,1150,Density,<Substance CC(=O)N(C)C{solv}{x=0.464600}|CCOC(C)=O{solv}{x=0.535400}>,CC(=O)N(C)C,CCOC(C)=O,openff-2.2.1-ashgc,3,0.9008195241315652,0.0002448312896981,0.9166300000000002,0.00022
27716,3461,dens_2159432384130350508,1151,Density,<Substance CC(=O)N(C)C{solv}{x=0.233100}|CCOC(C)=O{solv}{x=0.766900}>,CC(=O)N(C)C,CCOC(C)=O,openff-2.2.1-ashgc,3,0.9023966207973442,0.0002284791217468,0.9064300000000002,0.000245
27717,3462,dens_1713891284028890335,1152,Density,<Substance CC(=O)O{solv}{x=0.798900}|CCOC(C)=O{solv}{x=0.201100}>,CC(=O)O,CCOC(C)=O,openff-2.2.1-ashgc,3,1.0238036373295225,0.0002867773256344,0.9996600000000002,0.000225
27718,3463,dens_1856345418041920174,1153,Density,<Substance CC(=O)O{solv}{x=0.500700}|CCOC(C)=O{solv}{x=0.499300}>,CC(=O)O,CCOC(C)=O,openff-2.2.1-ashgc,3,0.9672141130444398,0.0003033018004101,0.9514000000000002,0.00018
27719,3464,dens_2035334988982485653,1154,Density,<Substance CC(=O)O{solv}{x=0.294400}|CCOC(C)=O{solv}{x=0.705600}>,CC(=O)O,CCOC(C)=O,openff-2.2.1-ashgc,3,0.9378274447782948,0.0002778807388478,0.9255000000000002,0.00016
27720,0,dhmix_592425981731704,0,EnthalpyOfMixing,<Substance C1CCCCC1{solv}{x=0.100300}|Cc1ccccc1{solv}{x=0.899700}>,C1CCCCC1,Cc1ccccc1,openff-2.2.1,1,0.2686625643816569,0.0403695392650164,0.2015,0.0015
27721,1,dens_191923210986624643,1,Density,<Substance C1CCCCC1{solv}{x=0.697700}|Cc1ccccc1{solv}{x=0.302300}>,C1CCCCC1,Cc1ccccc1,openff-2.2.1,1,0.7576989097073578,0.0002615224733519,0.7818000000000002,0.00041
27722,2,dens_699555827256664507,2,Density,<Substance C1CCCCC1{solv}{x=0.100000}|Cc1ccccc1{solv}{x=0.900000}>,C1CCCCC1,Cc1ccccc1,openff-2.2.1,1,0.8171829590504875,0.0002508542640138,0.8378000000000001,0.00025
27723,3,dhmix_997331474504366167,3,EnthalpyOfMixing,<Substance C1CCCCC1{solv}{x=0.697900}|Cc1ccccc1{solv}{x=0.302100}>,C1CCCCC1,Cc1ccccc1,openff-2.2.1,1,0.7156123870381776,0.0481139182136958,0.5221,0.0034
27724,4,dhmix_1586684551148150215,4,EnthalpyOfMixing,<Substance C1CCCCC1{solv}{x=0.397600}|Cc1ccccc1{solv}{x=0.602400}>,C1CCCCC1,Cc1ccccc1,openff-2.2.1,1,0.8124021276152718,0.0420935048483184,0.5887,0.0038
27725,5,dens_1809100412119556796,5,Density,<Substance C1CCCCC1{solv}{x=0.397500}|Cc1ccccc1{solv}{x=0.602500}>,C1CCCCC1,Cc1ccccc1,openff-2.2.1,1,0.8012231719208153,0.0001845918078521,0.8228000000000002,0.0002
27726,6,dhmix_1261378482688431,6,EnthalpyOfMixing,<Substance CCC(C)=O{solv}{x=0.510600}|Nc1ccccc1{solv}{x=0.489400}>,CCC(C)=O,Nc1ccccc1,openff-2.2.1,1,-0.6385045929579007,0.0395641135049077,-1.173,0.0125
27727,7,dhmix_157258283975731553,7,EnthalpyOfMixing,<Substance CCC(C)=O{solv}{x=0.901800}|Nc1ccccc1{solv}{x=0.098200}>,CCC(C)=O,Nc1ccccc1,openff-2.2.1,1,-0.4628984058060865,0.0403356692916914,-0.469,0.005
27728,8,dens_610648476268376520,8,Density,<Substance CCC(C)=O{solv}{x=0.502600}|Nc1ccccc1{solv}{x=0.497400}>,CCC(C)=O,Nc1ccccc1,openff-2.2.1,1,0.9199703619390512,0.0002100100576217,0.9213850000000002,5.650000000000002e-05
27729,9,dens_1388487494953421117,9,Density,<Substance CCC(C)=O{solv}{x=0.901900}|Nc1ccccc1{solv}{x=0.098100}>,CCC(C)=O,Nc1ccccc1,openff-2.2.1,1,0.8029907042234672,0.0002845777011535,0.8265540000000001,7.200000000000002e-05
27730,10,dhmix_1389656513678923263,10,EnthalpyOfMixing,<Substance CCC(C)=O{solv}{x=0.209900}|Nc1ccccc1{solv}{x=0.790100}>,CCC(C)=O,Nc1ccccc1,openff-2.2.1,1,-0.3006612965437796,0.0408654691672516,-0.648,0.007
27731,11,dens_2115628806769415578,11,Density,<Substance CCC(C)=O{solv}{x=0.256300}|Nc1ccccc1{solv}{x=0.743700}>,CCC(C)=O,Nc1ccccc1,openff-2.2.1,1,0.9899277309347516,0.0003203370134727,0.9712300000000004,4.900000000000001e-05
27732,12,dens_1379242187515209,12,Density,<Substance CC#N{solv}{x=0.795200}|CCCCOCCCC{solv}{x=0.204800}>,CC#N,CCCCOCCCC,openff-2.2.1,1,0.7691624741533386,0.0002589794034892,0.7708800000000002,0.000245
27733,13,dhmix_575991096898484441,13,EnthalpyOfMixing,<Substance CC#N{solv}{x=0.488600}|CCCCOCCCC{solv}{x=0.511400}>,CC#N,CCCCOCCCC,openff-2.2.1,1,0.649519973377906,0.0434815776130343,1.26543,0.00796
27734,14,dhmix_1182924089945476872,14,EnthalpyOfMixing,<Substance CC#N{solv}{x=0.241600}|CCCCOCCCC{solv}{x=0.758400}>,CC#N,CCCCOCCCC,openff-2.2.1,1,0.5319500485473583,0.0533296471636868,0.94593,0.00601
27735,15,dhmix_1244492966201685063,15,EnthalpyOfMixing,<Substance CC#N{solv}{x=0.795200}|CCCCOCCCC{solv}{x=0.204800}>,CC#N,CCCCOCCCC,openff-2.2.1,1,0.5193116491267544,0.0324661412016589,0.94289,0.005995
27736,16,dens_2044032309137951705,16,Density,<Substance CC#N{solv}{x=0.245500}|CCCCOCCCC{solv}{x=0.754500}>,CC#N,CCCCOCCCC,openff-2.2.1,1,0.7594452533172203,0.0002147711089418,0.7653000000000001,0.00028
27737,17,dens_2211436825174998797,17,Density,<Substance CC#N{solv}{x=0.509800}|CCCCOCCCC{solv}{x=0.490200}>,CC#N,CCCCOCCCC,openff-2.2.1,1,0.7635418972925799,0.0002077906047993,0.7671500000000001,0.00026
27738,18,dens_1820034175228694,18,Density,<Substance C1CCCCC1{solv}{x=0.540900}|CN1CCCC1=O{solv}{x=0.459100}>,C1CCCCC1,CN1CCCC1=O,openff-2.2.1,1,0.8512438457189,0.0001900124756003,0.8757100000000002,0.000335
27739,19,dhmix_1335365307191460458,19,EnthalpyOfMixing,<Substance C1CCCCC1{solv}{x=0.751800}|CN1CCCC1=O{solv}{x=0.248200}>,C1CCCCC1,CN1CCCC1=O,openff-2.2.1,1,1.4610501334956325,0.0442628380268706,1.1998,0.01285
27740,20,dens_1375048033230012198,20,Density,<Substance C1CCCCC1{solv}{x=0.733200}|CN1CCCC1=O{solv}{x=0.266800}>,C1CCCCC1,CN1CCCC1=O,openff-2.2.1,1,0.8048691042292332,0.0001947437380888,0.8287300000000002,0.0004
27741,21,dhmix_1563298635135474599,21,EnthalpyOfMixing,<Substance C1CCCCC1{solv}{x=0.278900}|CN1CCCC1=O{solv}{x=0.721100}>,C1CCCCC1,CN1CCCC1=O,openff-2.2.1,1,1.6223563888317043,0.0450564565520819,1.2061,0.0129
27742,22,dens_1606235786379262481,22,Density,<Substance C1CCCCC1{solv}{x=0.227500}|CN1CCCC1=O{solv}{x=0.772500}>,C1CCCCC1,CN1CCCC1=O,openff-2.2.1,1,0.9315254138577264,0.0001461199136361,0.9583800000000002,0.000245
27743,23,dhmix_1683219349338278021,23,EnthalpyOfMixing,<Substance C1CCCCC1{solv}{x=0.473400}|CN1CCCC1=O{solv}{x=0.526600}>,C1CCCCC1,CN1CCCC1=O,openff-2.2.1,1,1.6102883578029576,0.0462405767970951,1.4691,0.0157
27744,24,dens_4438302718372985,24,Density,<Substance BrCCCCBr{solv}{x=0.717000}|COC=O{solv}{x=0.283000}>,BrCCCCBr,COC=O,openff-2.2.1,1,1.6332706542005615,0.0004510925848974,1.6702600000000003,0.00259
27745,25,dhmix_369816950910078034,25,EnthalpyOfMixing,<Substance BrCCCCBr{solv}{x=0.778200}|COC=O{solv}{x=0.221800}>,BrCCCCBr,COC=O,openff-2.2.1,1,0.7176354294744272,0.0384392881266629,0.6355,0.0057
27746,26,dens_460757700461114532,26,Density,<Substance BrCCCCBr{solv}{x=0.495800}|COC=O{solv}{x=0.504200}>,BrCCCCBr,COC=O,openff-2.2.1,1,1.4997228904074982,0.0004372729615147,1.5176800000000004,0.001885
27747,27,dhmix_1496821399278454353,27,EnthalpyOfMixing,<Substance BrCCCCBr{solv}{x=0.265400}|COC=O{solv}{x=0.734600}>,BrCCCCBr,COC=O,openff-2.2.1,1,0.9432396298630116,0.0332822663717745,0.8185,0.00715
27748,28,dens_1750413656870357630,28,Density,<Substance BrCCCCBr{solv}{x=0.225800}|COC=O{solv}{x=0.774200}>,BrCCCCBr,COC=O,openff-2.2.1,1,1.2734425420204911,0.0003915681739178,1.2671300000000003,0.00104
27749,29,dhmix_1802862930607761431,29,EnthalpyOfMixing,<Substance BrCCCCBr{solv}{x=0.482000}|COC=O{solv}{x=0.518000}>,BrCCCCBr,COC=O,openff-2.2.1,1,1.2094078338196717,0.0341163905609565,1.0243,0.0087
27750,30,dhmix_8447570649359775,30,EnthalpyOfMixing,<Substance OCCO{solv}{x=0.481700}|OCc1ccccc1{solv}{x=0.518300}>,OCCO,OCc1ccccc1,openff-2.2.1,1,0.2148532358677854,0.0473414239299953,0.201,0.00465
27751,31,dens_824372741354282107,31,Density,<Substance OCCO{solv}{x=0.505700}|OCc1ccccc1{solv}{x=0.494300}>,OCCO,OCc1ccccc1,openff-2.2.1,1,1.0525241391522078,0.0002451135004104,1.0579000000000005,0.00027
27752,32,dens_1105173553343721111,32,Density,<Substance OCCO{solv}{x=0.737100}|OCc1ccccc1{solv}{x=0.262900}>,OCCO,OCc1ccccc1,openff-2.2.1,1,1.0747478290052066,0.000306274797083,1.0753200000000005,0.000275
27753,33,dhmix_1362282802315816638,33,EnthalpyOfMixing,<Substance OCCO{solv}{x=0.736100}|OCc1ccccc1{solv}{x=0.263900}>,OCCO,OCc1ccccc1,openff-2.2.1,1,0.2542799123982888,0.0429467652231331,0.1383,0.0037
27754,34,dhmix_1666683879028583081,34,EnthalpyOfMixing,<Substance OCCO{solv}{x=0.236500}|OCc1ccccc1{solv}{x=0.763500}>,OCCO,OCc1ccccc1,openff-2.2.1,1,0.1755439462282808,0.0448402214018819,0.209,0.0048
27755,35,dens_1698159396404241323,35,Density,<Substance OCCO{solv}{x=0.262200}|OCc1ccccc1{solv}{x=0.737800}>,OCCO,OCc1ccccc1,openff-2.2.1,1,1.0362099551434538,0.0002490600314447,1.0442900000000002,0.000265
27756,36,dens_8507121971977381,36,Density,<Substance CCOC(C)(C)C{solv}{x=0.505000}|Cc1ccccc1{solv}{x=0.495000}>,CCOC(C)(C)C,Cc1ccccc1,openff-2.2.1,1,0.7919215859097307,0.0002271017199827,0.7937390000000002,0.000467
27757,37,dens_499290591626962121,37,Density,<Substance CCOC(C)(C)C{solv}{x=0.217000}|Cc1ccccc1{solv}{x=0.783000}>,CCOC(C)(C)C,Cc1ccccc1,openff-2.2.1,1,0.8211574635289711,0.0002247948222233,0.8314450000000002,0.000411
27758,38,dhmix_820491025608256793,38,EnthalpyOfMixing,<Substance CCOC(C)(C)C{solv}{x=0.501900}|Cc1ccccc1{solv}{x=0.498100}>,CCOC(C)(C)C,Cc1ccccc1,openff-2.2.1,1,-0.271915758474897,0.0351782225497717,-0.046,0.00055
27759,39,dhmix_1374163681483564129,39,EnthalpyOfMixing,<Substance CCOC(C)(C)C{solv}{x=0.248900}|Cc1ccccc1{solv}{x=0.751100}>,CCOC(C)(C)C,Cc1ccccc1,openff-2.2.1,1,-0.1645537479671261,0.0405966356763214,-0.0324,0.0005
27760,40,dens_1904998692863983733,40,Density,<Substance CCOC(C)(C)C{solv}{x=0.701000}|Cc1ccccc1{solv}{x=0.299000}>,CCOC(C)(C)C,Cc1ccccc1,openff-2.2.1,1,0.7737739650975316,0.0002341445179014,0.7696300000000001,0.000503
27761,41,dhmix_1982853461678580310,41,EnthalpyOfMixing,<Substance CCOC(C)(C)C{solv}{x=0.749500}|Cc1ccccc1{solv}{x=0.250500}>,CCOC(C)(C)C,Cc1ccccc1,openff-2.2.1,1,-0.1472942665768073,0.036503291442725,-0.0348,0.0005
27762,42,dhmix_13624411991961099,42,EnthalpyOfMixing,<Substance C1CCOCC1{solv}{x=0.237900}|Cc1ccccc1N{solv}{x=0.762100}>,C1CCOCC1,Cc1ccccc1N,openff-2.2.1,1,-0.2532570743944351,0.0487155393524193,-0.3658,0.004
27763,43,dhmix_510299013171775812,43,EnthalpyOfMixing,<Substance C1CCOCC1{solv}{x=0.741000}|Cc1ccccc1N{solv}{x=0.259000}>,C1CCOCC1,Cc1ccccc1N,openff-2.2.1,1,-0.3033912811847443,0.0475872710077564,-0.4892,0.0053
27764,44,dhmix_1337006691942958969,44,EnthalpyOfMixing,<Substance C1CCOCC1{solv}{x=0.490100}|Cc1ccccc1N{solv}{x=0.509900}>,C1CCOCC1,Cc1ccccc1N,openff-2.2.1,1,-0.3455958559729168,0.0425971521203558,-0.5715,0.0062
27765,45,dens_1448062547628404156,45,Density,<Substance C1CCOCC1{solv}{x=0.727900}|Cc1ccccc1N{solv}{x=0.272100}>,C1CCOCC1,Cc1ccccc1N,openff-2.2.1,1,0.9107667480219253,0.0002502330100738,0.91866,0.000285
27766,46,dens_2171966897328079405,46,Density,<Substance C1CCOCC1{solv}{x=0.498600}|Cc1ccccc1N{solv}{x=0.501400}>,C1CCOCC1,Cc1ccccc1N,openff-2.2.1,1,0.9449536614351124,0.0002551968389268,0.9459860000000002,0.0002275
27767,47,dens_2201621104799327758,47,Density,<Substance C1CCOCC1{solv}{x=0.229700}|Cc1ccccc1N{solv}{x=0.770300}>,C1CCOCC1,Cc1ccccc1N,openff-2.2.1,1,0.982666331628094,0.0003114998977976,0.9734540000000002,0.000164
27768,48,dens_15008167137789802,48,Density,<Substance CCCCCl{solv}{x=0.299200}|CN(C)C=O{solv}{x=0.700800}>,CCCCCl,CN(C)C=O,openff-2.2.1,1,0.9002898694662915,0.0001893901285111,0.9218000000000002,0.0002
27769,49,dens_550868133232739009,49,Density,<Substance CCCCCl{solv}{x=0.701200}|CN(C)C=O{solv}{x=0.298800}>,CCCCCl,CN(C)C=O,openff-2.2.1,1,0.8752589497479982,0.0002902289652653,0.8963000000000002,0.0002
27770,50,dhmix_1315230298567753558,50,EnthalpyOfMixing,<Substance CCCCCl{solv}{x=0.793000}|CN(C)C=O{solv}{x=0.207000}>,CCCCCl,CN(C)C=O,openff-2.2.1,1,0.5732301494832441,0.0455267630420848,0.404,0.003
27771,51,dhmix_1929975181819720491,51,EnthalpyOfMixing,<Substance CCCCCl{solv}{x=0.493000}|CN(C)C=O{solv}{x=0.507000}>,CCCCCl,CN(C)C=O,openff-2.2.1,1,0.8841008574320384,0.0378877477167519,0.571,0.003
27772,52,dhmix_1976787548784045784,52,EnthalpyOfMixing,<Substance CCCCCl{solv}{x=0.295000}|CN(C)C=O{solv}{x=0.705000}>,CCCCCl,CN(C)C=O,openff-2.2.1,1,0.7748399289105237,0.0365146080417522,0.467,0.003
27773,53,dens_2008819185276371643,53,Density,<Substance CCCCCl{solv}{x=0.499000}|CN(C)C=O{solv}{x=0.501000}>,CCCCCl,CN(C)C=O,openff-2.2.1,1,0.8885936913030309,0.0002806232373784,0.9086000000000002,0.0002
27774,54,dens_16755306936326197,54,Density,<Substance Cc1ccccc1N{solv}{x=0.255700}|Cc1ccccn1{solv}{x=0.744300}>,Cc1ccccc1N,Cc1ccccn1,openff-2.2.1,1,0.9623254305355666,0.0002145250581216,0.9597930000000002,0.000307
27775,55,dens_238666738854407136,55,Density,<Substance Cc1ccccc1N{solv}{x=0.514600}|Cc1ccccn1{solv}{x=0.485400}>,Cc1ccccc1N,Cc1ccccn1,openff-2.2.1,1,0.982380135906845,0.0002437294232853,0.9748990000000002,0.0002315
27776,56,dhmix_1909144841681931250,56,EnthalpyOfMixing,<Substance Cc1ccccc1N{solv}{x=0.488200}|Cc1ccccn1{solv}{x=0.511800}>,Cc1ccccc1N,Cc1ccccn1,openff-2.2.1,1,-1.7117953452901205,0.0419981352441525,-1.4976,0.0305
27777,57,dens_1945534954282706534,57,Density,<Substance Cc1ccccc1N{solv}{x=0.757100}|Cc1ccccn1{solv}{x=0.242900}>,Cc1ccccc1N,Cc1ccccn1,openff-2.2.1,1,0.9977679141206764,0.0001785036901867,0.9854410000000002,0.000169
27778,58,dhmix_2038606904928978856,58,EnthalpyOfMixing,<Substance Cc1ccccc1N{solv}{x=0.782100}|Cc1ccccn1{solv}{x=0.217900}>,Cc1ccccc1N,Cc1ccccn1,openff-2.2.1,1,-0.897523331417176,0.054386675491602,-0.8656,0.01775
27779,59,dhmix_2125558080831870503,59,EnthalpyOfMixing,<Substance Cc1ccccc1N{solv}{x=0.273600}|Cc1ccccn1{solv}{x=0.726400}>,Cc1ccccc1N,Cc1ccccn1,openff-2.2.1,1,-1.6154316598342646,0.0442844801541042,-1.2462,0.0254
27780,60,dens_19028061622240549,60,Density,<Substance CN(C)CCO{solv}{x=0.296200}|CO{solv}{x=0.703800}>,CN(C)CCO,CO,openff-2.2.1,1,0.8348269388335046,0.0003334306284306,0.8506500000000001,0.00014
27781,61,dens_186649390549115907,61,Density,<Substance CN(C)CCO{solv}{x=0.502000}|CO{solv}{x=0.498000}>,CN(C)CCO,CO,openff-2.2.1,1,0.8596915591569951,0.0002635493080134,0.8684000000000002,0.000155
27782,62,dhmix_1453612193040378117,62,EnthalpyOfMixing,<Substance CN(C)CCO{solv}{x=0.497200}|CO{solv}{x=0.502800}>,CN(C)CCO,CO,openff-2.2.1,1,-1.3350411391050443,0.0395759134879394,-0.8673,0.00935
27783,63,dens_1978392691277508278,63,Density,<Substance CN(C)CCO{solv}{x=0.707500}|CO{solv}{x=0.292500}>,CN(C)CCO,CO,openff-2.2.1,1,0.8747504859966792,0.0002643916830164,0.8766100000000002,0.00017
27784,64,dhmix_2113387918969192804,64,EnthalpyOfMixing,<Substance CN(C)CCO{solv}{x=0.247900}|CO{solv}{x=0.752100}>,CN(C)CCO,CO,openff-2.2.1,1,-1.0948848016677388,0.0290371259560876,-0.8057,0.0087
27785,65,dhmix_2220842061395014218,65,EnthalpyOfMixing,<Substance CN(C)CCO{solv}{x=0.750600}|CO{solv}{x=0.249400}>,CN(C)CCO,CO,openff-2.2.1,1,-0.8871272854666756,0.0326884394879103,-0.5322,0.00585
27786,66,dhmix_21994921667950318,66,EnthalpyOfMixing,<Substance C=CCCCC{solv}{x=0.500100}|CCCO{solv}{x=0.499900}>,C=CCCCC,CCCO,openff-2.2.1,1,0.8784626577292372,0.0438179358850748,0.595,0.0055
27787,67,dens_62854823056490751,67,Density,<Substance C=CCCCC{solv}{x=0.150300}|CCCO{solv}{x=0.849700}>,C=CCCCC,CCCO,openff-2.2.1,1,0.7594509833968655,0.0002881009306821,0.7704980000000002,0.0001845
27788,68,dens_294296714501123310,68,Density,<Substance C=CCCCC{solv}{x=0.499100}|CCCO{solv}{x=0.500900}>,C=CCCCC,CCCO,openff-2.2.1,1,0.6983667721836393,0.0002713164690591,0.7176450000000002,0.0002145
27789,69,dhmix_829065315899278784,69,EnthalpyOfMixing,<Substance C=CCCCC{solv}{x=0.750000}|CCCO{solv}{x=0.250000}>,C=CCCCC,CCCO,openff-2.2.1,1,0.8215649698539096,0.048564418032797,0.682,0.006
27790,70,dens_2024397702416079279,70,Density,<Substance C=CCCCC{solv}{x=0.745600}|CCCO{solv}{x=0.254400}>,C=CCCCC,CCCO,openff-2.2.1,1,0.6673368748497883,0.0002779468554344,0.6899770000000002,0.0002305
27791,71,dhmix_2167083041249157622,71,EnthalpyOfMixing,<Substance C=CCCCC{solv}{x=0.150100}|CCCO{solv}{x=0.849900}>,C=CCCCC,CCCO,openff-2.2.1,1,0.2314247375975036,0.0348834019499801,0.192,0.005
27792,72,dhmix_22428169890990447,72,EnthalpyOfMixing,<Substance CC1(C)C(=O)[C@]2(C)CC[C@H]1C2{solv}{x=0.286000}|CCO{solv}{x=0.714000}>,CC1(C)C(=O)[C@]2(C)CC[C@H]1C2,CCO,openff-2.2.1,1,0.5987941508176675,0.0387210179230818,0.876,0.0265
27793,73,dhmix_57626661746168078,73,EnthalpyOfMixing,<Substance CC1(C)C(=O)[C@]2(C)CC[C@H]1C2{solv}{x=0.701000}|CCO{solv}{x=0.299000}>,CC1(C)C(=O)[C@]2(C)CC[C@H]1C2,CCO,openff-2.2.1,1,0.6655726553150316,0.0469487237169351,1.0,0.0305
27794,74,dhmix_287041928444283276,74,EnthalpyOfMixing,<Substance CC1(C)C(=O)[C@]2(C)CC[C@H]1C2{solv}{x=0.488000}|CCO{solv}{x=0.512000}>,CC1(C)C(=O)[C@]2(C)CC[C@H]1C2,CCO,openff-2.2.1,1,0.7748335181028096,0.0421092562562334,1.109,0.0335
27795,75,dens_618487453946854895,75,Density,<Substance CC1(C)C(=O)[C@]2(C)CC[C@H]1C2{solv}{x=0.501200}|CCO{solv}{x=0.498800}>,CC1(C)C(=O)[C@]2(C)CC[C@H]1C2,CCO,openff-2.2.1,1,0.9044419655912328,0.000212828246426,0.9005900000000002,5.5000000000000016e-05
27796,76,dens_1408969463542558504,76,Density,<Substance CC1(C)C(=O)[C@]2(C)CC[C@H]1C2{solv}{x=0.789700}|CCO{solv}{x=0.210300}>,CC1(C)C(=O)[C@]2(C)CC[C@H]1C2,CCO,openff-2.2.1,1,0.9338021531830571,0.0001899071392244,0.9274800000000002,6.0000000000000015e-05
27797,77,dens_2053919413592536040,77,Density,<Substance CC1(C)C(=O)[C@]2(C)CC[C@H]1C2{solv}{x=0.200200}|CCO{solv}{x=0.799800}>,CC1(C)C(=O)[C@]2(C)CC[C@H]1C2,CCO,openff-2.2.1,1,0.8518004190251658,0.0002803589959247,0.8499000000000002,6.500000000000002e-05
27798,78,dhmix_24700325920498635,78,EnthalpyOfMixing,<Substance CCC(C)(C)O{solv}{x=0.799400}|CCOC(C)(C)CC{solv}{x=0.200600}>,CCC(C)(C)O,CCOC(C)(C)CC,openff-2.2.1,1,0.6376030444669496,0.0502998222243997,0.448,0.0073
27799,79,dhmix_252628078473967793,79,EnthalpyOfMixing,<Substance CCC(C)(C)O{solv}{x=0.299700}|CCOC(C)(C)CC{solv}{x=0.700300}>,CCC(C)(C)O,CCOC(C)(C)CC,openff-2.2.1,1,1.0735146693628153,0.0537460673246903,0.9727,0.0132
27800,80,dens_281609537293621351,80,Density,<Substance CCC(C)(C)O{solv}{x=0.799400}|CCOC(C)(C)CC{solv}{x=0.200600}>,CCC(C)(C)O,CCOC(C)(C)CC,openff-2.2.1,1,0.8019936682968735,0.0002279076873582,0.7932000000000002,0.00025
27801,81,dhmix_980734994193955874,81,EnthalpyOfMixing,<Substance CCC(C)(C)O{solv}{x=0.498700}|CCOC(C)(C)CC{solv}{x=0.501300}>,CCC(C)(C)O,CCOC(C)(C)CC,openff-2.2.1,1,0.8870154525890683,0.0458501718689772,0.8937,0.01225
27802,82,dens_1165049856972872340,82,Density,<Substance CCC(C)(C)O{solv}{x=0.498700}|CCOC(C)(C)CC{solv}{x=0.501300}>,CCC(C)(C)O,CCOC(C)(C)CC,openff-2.2.1,1,0.7830513855619684,0.000221732795059,0.7789000000000001,0.0002
27803,83,dens_2297026976830009992,83,Density,<Substance CCC(C)(C)O{solv}{x=0.299700}|CCOC(C)(C)CC{solv}{x=0.700300}>,CCC(C)(C)O,CCOC(C)(C)CC,openff-2.2.1,1,0.7733199439562016,0.0001817096128154,0.7709000000000001,0.0002
27804,84,dens_25810987980199799,84,Density,<Substance CCCCCC{solv}{x=0.158800}|Cc1ccccc1{solv}{x=0.841200}>,CCCCCC,Cc1ccccc1,openff-2.2.1,1,0.8055870972654563,0.0002600004046799,0.8226300000000002,0.000335
27805,85,dens_574637447996217594,85,Density,<Substance CCCCCC{solv}{x=0.501100}|Cc1ccccc1{solv}{x=0.498900}>,CCCCCC,Cc1ccccc1,openff-2.2.1,1,0.7315258356752036,0.0002369229751921,0.7484400000000002,0.00015
27806,86,dhmix_1373657903424456878,86,EnthalpyOfMixing,<Substance CCCCCC{solv}{x=0.158600}|Cc1ccccc1{solv}{x=0.841400}>,CCCCCC,Cc1ccccc1,openff-2.2.1,1,0.378087930792617,0.0411363908636924,0.3163,0.0043
27807,87,dhmix_1383995974797334848,87,EnthalpyOfMixing,<Substance CCCCCC{solv}{x=0.472300}|Cc1ccccc1{solv}{x=0.527700}>,CCCCCC,Cc1ccccc1,openff-2.2.1,1,0.6174984658089926,0.0425308684783175,0.5467,0.00715
27808,88,dhmix_1412344026798360911,88,EnthalpyOfMixing,<Substance CCCCCC{solv}{x=0.748400}|Cc1ccccc1{solv}{x=0.251600}>,CCCCCC,Cc1ccccc1,openff-2.2.1,1,0.4990375955425037,0.0396657961168499,0.393,0.00525
27809,89,dens_2241575426887298365,89,Density,<Substance CCCCCC{solv}{x=0.733800}|Cc1ccccc1{solv}{x=0.266200}>,CCCCCC,Cc1ccccc1,openff-2.2.1,1,0.6861068930122177,0.0002265888869335,0.7020900000000002,0.000305
27810,90,dens_27241401908451167,90,Density,<Substance CN(C)C=O{solv}{x=0.503500}|Cc1ccccc1Cl{solv}{x=0.496500}>,CN(C)C=O,Cc1ccccc1Cl,openff-2.2.1,1,1.008909496780714,0.00027892650152,1.0247000000000004,0.0005
27811,91,dhmix_674882857451857086,91,EnthalpyOfMixing,<Substance CN(C)C=O{solv}{x=0.511800}|Cc1ccccc1Cl{solv}{x=0.488200}>,CN(C)C=O,Cc1ccccc1Cl,openff-2.2.1,1,0.297797029638069,0.0396242096339768,0.545,0.006
27812,92,dens_818042132181297482,92,Density,<Substance CN(C)C=O{solv}{x=0.751200}|Cc1ccccc1Cl{solv}{x=0.248800}>,CN(C)C=O,Cc1ccccc1Cl,openff-2.2.1,1,0.968738221437928,0.0002321068575384,0.9898800000000002,0.0005
27813,93,dens_861365281257265917,93,Density,<Substance CN(C)C=O{solv}{x=0.273700}|Cc1ccccc1Cl{solv}{x=0.726300}>,CN(C)C=O,Cc1ccccc1Cl,openff-2.2.1,1,1.0292218451519808,0.000277309753726,1.0415000000000003,0.0005
27814,94,dhmix_1670364528496870559,94,EnthalpyOfMixing,<Substance CN(C)C=O{solv}{x=0.767900}|Cc1ccccc1Cl{solv}{x=0.232100}>,CN(C)C=O,Cc1ccccc1Cl,openff-2.2.1,1,0.1831255650771766,0.0307309085995427,0.436,0.005
27815,95,dhmix_1992689527814967541,95,EnthalpyOfMixing,<Substance CN(C)C=O{solv}{x=0.274300}|Cc1ccccc1Cl{solv}{x=0.725700}>,CN(C)C=O,Cc1ccccc1Cl,openff-2.2.1,1,0.2790059985063564,0.0427523118706191,0.373,0.004
27816,96,dens_29213618499921464,96,Density,<Substance C1CCOCC1{solv}{x=0.254000}|O=C1CCCCCC1{solv}{x=0.746000}>,C1CCOCC1,O=C1CCCCCC1,openff-2.2.1,1,0.9098361097965464,0.0002135713772096,0.9355100000000002,0.00051
27817,97,dens_468319504030932569,97,Density,<Substance C1CCOCC1{solv}{x=0.498600}|O=C1CCCCCC1{solv}{x=0.501400}>,C1CCOCC1,O=C1CCCCCC1,openff-2.2.1,1,0.8972393236232213,0.0001955368291257,0.9211200000000004,0.00051
27818,98,dens_1174890511154571939,98,Density,<Substance C1CCOCC1{solv}{x=0.768600}|O=C1CCCCCC1{solv}{x=0.231400}>,C1CCOCC1,O=C1CCCCCC1,openff-2.2.1,1,0.881879507799252,0.000214131653132,0.9012200000000002,0.000505
27819,99,dens_30084818585402677,99,Density,<Substance CC(=O)N(C)C{solv}{x=0.700600}|ClCCCCCCCl{solv}{x=0.299400}>,CC(=O)N(C)C,ClCCCCCCCl,openff-2.2.1,1,0.9595456780208552,0.0002158156354908,0.9853000000000002,0.00175
27820,100,dhmix_384619296407103076,100,EnthalpyOfMixing,<Substance CC(=O)N(C)C{solv}{x=0.504000}|ClCCCCCCCl{solv}{x=0.496000}>,CC(=O)N(C)C,ClCCCCCCCl,openff-2.2.1,1,0.2061861025969165,0.0469156919912983,0.09,0.002
27821,101,dens_539464371986972328,101,Density,<Substance CC(=O)N(C)C{solv}{x=0.494300}|ClCCCCCCCl{solv}{x=0.505700}>,CC(=O)N(C)C,ClCCCCCCCl,openff-2.2.1,1,0.9942363810335448,0.0001954818868336,1.0123000000000002,0.0016
27822,102,dhmix_1114659247517686326,102,EnthalpyOfMixing,<Substance CC(=O)N(C)C{solv}{x=0.798000}|ClCCCCCCCl{solv}{x=0.202000}>,CC(=O)N(C)C,ClCCCCCCCl,openff-2.2.1,1,0.1545786783684679,0.0458739540754137,0.067,0.002
27823,103,dhmix_1410583096030633514,103,EnthalpyOfMixing,<Substance CC(=O)N(C)C{solv}{x=0.212000}|ClCCCCCCCl{solv}{x=0.788000}>,CC(=O)N(C)C,ClCCCCCCCl,openff-2.2.1,1,0.1529169717783673,0.0417789220673889,0.04,0.002
27824,104,dens_2244909992725638206,104,Density,<Substance CC(=O)N(C)C{solv}{x=0.300200}|ClCCCCCCCl{solv}{x=0.699800}>,CC(=O)N(C)C,ClCCCCCCCl,openff-2.2.1,1,1.0222222684472306,0.0002502327334551,1.0345000000000002,0.0015
27825,105,dhmix_35301006695188726,105,EnthalpyOfMixing,<Substance CCOC(=O)C(C)C{solv}{x=0.289000}|CO{solv}{x=0.711000}>,CCOC(=O)C(C)C,CO,openff-2.2.1,1,0.5758549017197083,0.0340587743384084,0.488,0.0035
27826,106,dens_508877804306927207,106,Density,<Substance CCOC(=O)C(C)C{solv}{x=0.499000}|CO{solv}{x=0.501000}>,CCOC(=O)C(C)C,CO,openff-2.2.1,1,0.8379103142808909,0.0002920767919835,0.8414100000000002,0.00011
27827,107,dens_1201422771202741625,107,Density,<Substance CCOC(=O)C(C)C{solv}{x=0.199600}|CO{solv}{x=0.800400}>,CCOC(=O)C(C)C,CO,openff-2.2.1,1,0.8037591795704377,0.0003776996021067,0.8173600000000002,0.000115
27828,108,dhmix_1951183536432642425,108,EnthalpyOfMixing,<Substance CCOC(=O)C(C)C{solv}{x=0.480000}|CO{solv}{x=0.520000}>,CCOC(=O)C(C)C,CO,openff-2.2.1,1,0.6859035391496988,0.0379948109882198,0.671,0.0045
27829,109,dens_1998368384671748308,109,Density,<Substance CCOC(=O)C(C)C{solv}{x=0.703000}|CO{solv}{x=0.297000}>,CCOC(=O)C(C)C,CO,openff-2.2.1,1,0.851315297699031,0.0002452446865423,0.8501200000000002,0.00011
27830,110,dhmix_2200604492347455092,110,EnthalpyOfMixing,<Substance CCOC(=O)C(C)C{solv}{x=0.771000}|CO{solv}{x=0.229000}>,CCOC(=O)C(C)C,CO,openff-2.2.1,1,0.4656660091840763,0.0491727823061885,0.632,0.0045
27831,111,dhmix_39159150320919359,111,EnthalpyOfMixing,<Substance CCO{solv}{x=0.799700}|Cc1cccc(O)c1{solv}{x=0.200300}>,CCO,Cc1cccc(O)c1,openff-2.2.1,1,-0.5902184790194003,0.0343073542884161,-0.79199,0.011965
27832,112,dens_410843938837220593,112,Density,<Substance CCO{solv}{x=0.263700}|Cc1cccc(O)c1{solv}{x=0.736300}>,CCO,Cc1cccc(O)c1,openff-2.2.1,1,0.9887807915002006,0.0002714554405623,0.9852300000000004,0.0006
27833,113,dhmix_1115402835538407874,113,EnthalpyOfMixing,<Substance CCO{solv}{x=0.212500}|Cc1cccc(O)c1{solv}{x=0.787500}>,CCO,Cc1cccc(O)c1,openff-2.2.1,1,-0.5998808341325415,0.0522418233013504,-0.68742,0.01275
27834,114,dens_1359111234216199895,114,Density,<Substance CCO{solv}{x=0.472400}|Cc1cccc(O)c1{solv}{x=0.527600}>,CCO,Cc1cccc(O)c1,openff-2.2.1,1,0.9502592463005766,0.0002168023544856,0.9446300000000002,0.0006
27835,115,dens_1590314985481219627,115,Density,<Substance CCO{solv}{x=0.781700}|Cc1cccc(O)c1{solv}{x=0.218300}>,CCO,Cc1cccc(O)c1,openff-2.2.1,1,0.8687409304363085,0.00028141065921,0.8631500000000002,0.000605
27836,116,dhmix_1871939727966182523,116,EnthalpyOfMixing,<Substance CCO{solv}{x=0.413900}|Cc1cccc(O)c1{solv}{x=0.586100}>,CCO,Cc1cccc(O)c1,openff-2.2.1,1,-0.7859503394566438,0.0468363950693684,-1.14624,0.00985
27837,117,dens_42678158079716854,117,Density,<Substance CN1CCCC1=O{solv}{x=0.937492}|c1ccccc1{solv}{x=0.062508}>,CN1CCCC1=O,c1ccccc1,openff-2.2.1,1,0.9919351685257292,0.0001965815305709,1.0204500000000003,3.500000000000001e-05
27838,118,dens_252520620125458637,118,Density,<Substance CN1CCCC1=O{solv}{x=0.513500}|c1ccccc1{solv}{x=0.486500}>,CN1CCCC1=O,c1ccccc1,openff-2.2.1,1,0.9447942944976212,0.0002094213853396,0.9684700000000004,0.00018
27839,119,dhmix_524477957640851666,119,EnthalpyOfMixing,<Substance CN1CCCC1=O{solv}{x=0.235600}|c1ccccc1{solv}{x=0.764400}>,CN1CCCC1=O,c1ccccc1,openff-2.2.1,1,-0.2078279669243556,0.0338242079770152,-0.3684,0.00405
27840,120,dhmix_1475629358723962160,120,EnthalpyOfMixing,<Substance CN1CCCC1=O{solv}{x=0.546700}|c1ccccc1{solv}{x=0.453300}>,CN1CCCC1=O,c1ccccc1,openff-2.2.1,1,-0.0513756179743865,0.0402282206826526,-0.4943,0.00535
27841,121,dens_2041306780823594960,121,Density,<Substance CN1CCCC1=O{solv}{x=0.252400}|c1ccccc1{solv}{x=0.747600}>,CN1CCCC1=O,c1ccccc1,openff-2.2.1,1,0.8955380944230132,0.0003007257655897,0.9163300000000004,0.00029
27842,122,dhmix_2156508970935294660,122,EnthalpyOfMixing,<Substance CN1CCCC1=O{solv}{x=0.741100}|c1ccccc1{solv}{x=0.258900}>,CN1CCCC1=O,c1ccccc1,openff-2.2.1,1,-0.1045867762147381,0.0474492486142688,-0.3841,0.0042
27843,123,dhmix_44217680865702366,123,EnthalpyOfMixing,<Substance CC(=O)c1ccccc1{solv}{x=0.200100}|CC(C)O{solv}{x=0.799900}>,CC(=O)c1ccccc1,CC(C)O,openff-2.2.1,1,0.951093032202528,0.0366441045247152,1.1352,0.0124
27844,124,dens_91454082453656404,124,Density,<Substance CC(=O)c1ccccc1{solv}{x=0.756100}|CC(C)O{solv}{x=0.243900}>,CC(=O)c1ccccc1,CC(C)O,openff-2.2.1,1,0.9699099545892428,0.0002288523376118,0.9823500000000004,0.000175
27845,125,dens_152869924254680766,125,Density,<Substance CC(=O)c1ccccc1{solv}{x=0.251700}|CC(C)O{solv}{x=0.748300}>,CC(=O)c1ccccc1,CC(C)O,openff-2.2.1,1,0.8721316422273109,0.0002280343108691,0.8654400000000002,0.000245
27846,126,dhmix_1214494501247401592,126,EnthalpyOfMixing,<Substance CC(=O)c1ccccc1{solv}{x=0.499600}|CC(C)O{solv}{x=0.500400}>,CC(=O)c1ccccc1,CC(C)O,openff-2.2.1,1,1.184165329518315,0.0399345456370214,1.5703,0.0169
27847,127,dhmix_1482394504883204224,127,EnthalpyOfMixing,<Substance CC(=O)c1ccccc1{solv}{x=0.700600}|CC(C)O{solv}{x=0.299400}>,CC(=O)c1ccccc1,CC(C)O,openff-2.2.1,1,0.8893860231851889,0.0435673920224638,1.3758,0.01485
27848,128,dens_1804860114822214449,128,Density,<Substance CC(=O)c1ccccc1{solv}{x=0.534500}|CC(C)O{solv}{x=0.465500}>,CC(=O)c1ccccc1,CC(C)O,openff-2.2.1,1,0.9326476583152236,0.0002277852733945,0.9375600000000002,0.0002
27849,129,dhmix_47323681380989568,129,EnthalpyOfMixing,<Substance CCCCCCCCCl{solv}{x=0.498000}|CN(C)C=O{solv}{x=0.502000}>,CCCCCCCCCl,CN(C)C=O,openff-2.2.1,1,1.30197741102792,0.0450632322353987,1.087,0.0045
27850,130,dhmix_620291288515939248,130,EnthalpyOfMixing,<Substance CCCCCCCCCl{solv}{x=0.790000}|CN(C)C=O{solv}{x=0.210000}>,CCCCCCCCCl,CN(C)C=O,openff-2.2.1,1,1.0107078094526685,0.0537693317916496,0.68,0.0045
27851,131,dens_1830564734879843336,131,Density,<Substance CCCCCCCCCl{solv}{x=0.733100}|CN(C)C=O{solv}{x=0.266900}>,CCCCCCCCCl,CN(C)C=O,openff-2.2.1,1,0.8674351529840105,0.0002118863186916,0.8779000000000002,0.00045
27852,132,dens_1865569264533219410,132,Density,<Substance CCCCCCCCCl{solv}{x=0.500800}|CN(C)C=O{solv}{x=0.499200}>,CCCCCCCCCl,CN(C)C=O,openff-2.2.1,1,0.8767336997000427,0.0002153395514844,0.8897000000000003,0.0004
27853,133,dens_1893252821735673677,133,Density,<Substance CCCCCCCCCl{solv}{x=0.199800}|CN(C)C=O{solv}{x=0.800200}>,CCCCCCCCCl,CN(C)C=O,openff-2.2.1,1,0.8963601743791038,0.0002083128685741,0.9149000000000002,0.0003
27854,134,dhmix_2175249209874409534,134,EnthalpyOfMixing,<Substance CCCCCCCCCl{solv}{x=0.205000}|CN(C)C=O{solv}{x=0.795000}>,CCCCCCCCCl,CN(C)C=O,openff-2.2.1,1,0.9497054631845714,0.0383871237377912,0.79,0.0045
27855,135,dens_47347406470845261,135,Density,<Substance BrCCCBr{solv}{x=0.748600}|COC=O{solv}{x=0.251400}>,BrCCCBr,COC=O,openff-2.2.1,1,1.746005899325651,0.0006213636919515,1.7969200000000003,0.00306
27856,136,dens_398260729245374704,136,Density,<Substance BrCCCBr{solv}{x=0.472200}|COC=O{solv}{x=0.527800}>,BrCCCBr,COC=O,openff-2.2.1,1,1.5379213458097734,0.0004449414549398,1.5585100000000005,0.001985
27857,137,dhmix_1440467239786579925,137,EnthalpyOfMixing,<Substance BrCCCBr{solv}{x=0.735400}|COC=O{solv}{x=0.264600}>,BrCCCBr,COC=O,openff-2.2.1,1,0.8028371212524767,0.0309032388881476,0.7435,0.00655
27858,138,dens_1812113401512645360,138,Density,<Substance BrCCCBr{solv}{x=0.204700}|COC=O{solv}{x=0.795300}>,BrCCCBr,COC=O,openff-2.2.1,1,1.2707921327971723,0.000449796924489,1.2611800000000004,0.001025
27859,139,dhmix_2252268161220427112,139,EnthalpyOfMixing,<Substance BrCCCBr{solv}{x=0.485300}|COC=O{solv}{x=0.514700}>,BrCCCBr,COC=O,openff-2.2.1,1,1.0263755767751768,0.0350167537974411,0.9249,0.00795
27860,140,dhmix_2289960806584862127,140,EnthalpyOfMixing,<Substance BrCCCBr{solv}{x=0.239500}|COC=O{solv}{x=0.760500}>,BrCCCBr,COC=O,openff-2.2.1,1,0.660333581561404,0.0335209321128235,0.6669,0.00595
27861,141,dens_52148744845178727,141,Density,<Substance CC(=O)CC(C)C{solv}{x=0.700900}|CCC(C)(C)O{solv}{x=0.299100}>,CC(=O)CC(C)C,CCC(C)(C)O,openff-2.2.1,1,0.7960207961051414,0.0002294300447471,0.7968700000000002,0.00018
27862,142,dhmix_202225007451030020,142,EnthalpyOfMixing,<Substance CC(=O)CC(C)C{solv}{x=0.201700}|CCC(C)(C)O{solv}{x=0.798300}>,CC(=O)CC(C)C,CCC(C)(C)O,openff-2.2.1,1,-0.1603490581856439,0.0479976851588902,0.8181,0.01135
27863,143,dens_938275493819605051,143,Density,<Substance CC(=O)CC(C)C{solv}{x=0.500800}|CCC(C)(C)O{solv}{x=0.499200}>,CC(=O)CC(C)C,CCC(C)(C)O,openff-2.2.1,1,0.8013490501785863,0.0002035784811846,0.7987300000000002,0.00018
27864,144,dhmix_998794233701009996,144,EnthalpyOfMixing,<Substance CC(=O)CC(C)C{solv}{x=0.500800}|CCC(C)(C)O{solv}{x=0.499200}>,CC(=O)CC(C)C,CCC(C)(C)O,openff-2.2.1,1,0.3549257883301386,0.0486177400213273,1.3674,0.0185
27865,145,dhmix_1565593158104493647,145,EnthalpyOfMixing,<Substance CC(=O)CC(C)C{solv}{x=0.700900}|CCC(C)(C)O{solv}{x=0.299100}>,CC(=O)CC(C)C,CCC(C)(C)O,openff-2.2.1,1,0.43326598302923,0.0470184172013395,1.2068,0.0164
27866,146,dens_2097057526665137697,146,Density,<Substance CC(=O)CC(C)C{solv}{x=0.201700}|CCC(C)(C)O{solv}{x=0.798300}>,CC(=O)CC(C)C,CCC(C)(C)O,openff-2.2.1,1,0.8112986915813435,0.0002036976447734,0.8030000000000002,0.00019
27867,147,dens_60145312697659458,147,Density,<Substance OC1=NCCC1{solv}{x=0.231200}|c1ccncc1{solv}{x=0.768800}>,OC1=NCCC1,c1ccncc1,openff-2.2.1,1,0.998399357613441,0.0002452295773409,1.0106200000000003,0.00051
27868,148,dhmix_281987656487279026,148,EnthalpyOfMixing,<Substance OC1=NCCC1{solv}{x=0.525600}|c1ccncc1{solv}{x=0.474400}>,OC1=NCCC1,c1ccncc1,openff-2.2.1,1,-0.2185155271760948,0.0391722341698052,0.2031,0.0508
27869,149,dens_617740093035429712,149,Density,<Substance OC1=NCCC1{solv}{x=0.831200}|c1ccncc1{solv}{x=0.168800}>,OC1=NCCC1,c1ccncc1,openff-2.2.1,1,1.0476653121308732,0.0002186569819903,1.0872000000000004,0.00052
27870,150,dhmix_658699797311871042,150,EnthalpyOfMixing,<Substance OC1=NCCC1{solv}{x=0.261500}|c1ccncc1{solv}{x=0.738500}>,OC1=NCCC1,c1ccncc1,openff-2.2.1,1,-0.2338869394907874,0.0375253306547571,0.165,0.04125
27871,151,dhmix_774470106511868908,151,EnthalpyOfMixing,<Substance OC1=NCCC1{solv}{x=0.831100}|c1ccncc1{solv}{x=0.168900}>,OC1=NCCC1,c1ccncc1,openff-2.2.1,1,-0.2221647672431856,0.0394775971178911,0.0972,0.0243
27872,152,dens_1837977312272564303,152,Density,<Substance OC1=NCCC1{solv}{x=0.475200}|c1ccncc1{solv}{x=0.524800}>,OC1=NCCC1,c1ccncc1,openff-2.2.1,1,1.0204738509244635,0.0001677999747537,1.0431300000000003,0.000515
27873,153,dens_64870336397637683,153,Density,<Substance NCCCO{solv}{x=0.489642}|O{solv}{x=0.510358}>,NCCCO,O,openff-2.2.1,1,1.0242919341018168,0.0004119099800818,1.0059000000000002,0.00155
27874,154,dens_70371380055449550,154,Density,<Substance NCCCO{solv}{x=0.708044}|O{solv}{x=0.291956}>,NCCCO,O,openff-2.2.1,1,1.028304774185722,0.0003666544635922,0.9975000000000004,0.0018
27875,155,dhmix_150384853762728924,155,EnthalpyOfMixing,<Substance NCCCO{solv}{x=0.751500}|O{solv}{x=0.248500}>,NCCCO,O,openff-2.2.1,1,0.0519947614682045,0.0579115935436121,-1.531,0.031
27876,156,dens_847209819230970781,156,Density,<Substance NCCCO{solv}{x=0.272809}|O{solv}{x=0.727191}>,NCCCO,O,openff-2.2.1,1,1.0169500535569302,0.0003147783342809,1.0118000000000005,0.0014
27877,157,dhmix_1448036989335532298,157,EnthalpyOfMixing,<Substance NCCCO{solv}{x=0.298200}|O{solv}{x=0.701800}>,NCCCO,O,openff-2.2.1,1,-0.5915814936788557,0.0311181369889719,-2.501,0.051
27878,158,dhmix_1551692974855642379,158,EnthalpyOfMixing,<Substance NCCCO{solv}{x=0.498900}|O{solv}{x=0.501100}>,NCCCO,O,openff-2.2.1,1,-0.8792520113634446,0.0375607486365804,-2.462,0.05
27879,159,dhmix_65921650414250861,159,EnthalpyOfMixing,<Substance CCOC(=O)CC(C)=O{solv}{x=0.499500}|CCO{solv}{x=0.500500}>,CCO,CCOC(=O)CC(C)=O,openff-2.2.1,1,1.4535984094578112,0.0420813134593127,1.7079,0.0183
27880,160,dhmix_546962203716710778,160,EnthalpyOfMixing,<Substance CCOC(=O)CC(C)=O{solv}{x=0.299400}|CCO{solv}{x=0.700600}>,CCO,CCOC(=O)CC(C)=O,openff-2.2.1,1,1.275804107419333,0.0371125717277067,1.4925,0.01605
27881,161,dens_989479368116300355,161,Density,<Substance CCOC(=O)CC(C)=O{solv}{x=0.500000}|CCO{solv}{x=0.500000}>,CCO,CCOC(=O)CC(C)=O,openff-2.2.1,1,0.9503496389335068,0.0002326349068056,0.9484700000000004,0.000155
27882,162,dens_1726065156375824332,162,Density,<Substance CCOC(=O)CC(C)=O{solv}{x=0.250000}|CCO{solv}{x=0.750000}>,CCO,CCOC(=O)CC(C)=O,openff-2.2.1,1,0.8867519396800079,0.0002679392392998,0.8856300000000003,0.00017
27883,163,dens_1736679431098209973,163,Density,<Substance CCOC(=O)CC(C)=O{solv}{x=0.750000}|CCO{solv}{x=0.250000}>,CCO,CCOC(=O)CC(C)=O,openff-2.2.1,1,0.9936837393439636,0.0001729091374758,0.9917100000000004,0.00017
27884,164,dhmix_2221487218644783272,164,EnthalpyOfMixing,<Substance CCOC(=O)CC(C)=O{solv}{x=0.700800}|CCO{solv}{x=0.299200}>,CCO,CCOC(=O)CC(C)=O,openff-2.2.1,1,0.9728759913747638,0.0418133318042146,1.478,0.0159
27885,165,dhmix_68947190908856741,165,EnthalpyOfMixing,<Substance C1COCCO1{solv}{x=0.250000}|O=C1CCCC1{solv}{x=0.750000}>,C1COCCO1,O=C1CCCC1,openff-2.2.1,1,-0.1008333778785797,0.0452146808109355,0.04589,0.00057
27886,166,dens_225413782402822877,166,Density,<Substance C1COCCO1{solv}{x=0.777800}|O=C1CCCC1{solv}{x=0.222200}>,C1COCCO1,O=C1CCCC1,openff-2.2.1,1,1.0002013018282452,0.0002634237194283,1.0081000000000002,0.000255
27887,167,dhmix_415496698649060745,167,EnthalpyOfMixing,<Substance C1COCCO1{solv}{x=0.500000}|O=C1CCCC1{solv}{x=0.500000}>,C1COCCO1,O=C1CCCC1,openff-2.2.1,1,-0.0042895235968245,0.0370903908510315,0.07457,0.00068
27888,168,dens_803440153424346423,168,Density,<Substance C1COCCO1{solv}{x=0.506300}|O=C1CCCC1{solv}{x=0.493700}>,C1COCCO1,O=C1CCCC1,openff-2.2.1,1,0.9675553083868758,0.0002152326951693,0.9849200000000002,0.00025
27889,169,dens_1553194080174872005,169,Density,<Substance C1COCCO1{solv}{x=0.243600}|O=C1CCCC1{solv}{x=0.756400}>,C1COCCO1,O=C1CCCC1,openff-2.2.1,1,0.9382201265207548,0.0002225426758768,0.9633500000000004,0.000245
27890,170,dhmix_1852349497898107924,170,EnthalpyOfMixing,<Substance C1COCCO1{solv}{x=0.750000}|O=C1CCCC1{solv}{x=0.250000}>,C1COCCO1,O=C1CCCC1,openff-2.2.1,1,0.0359130232699129,0.0422368265519257,0.07097,0.000665
27891,171,dhmix_71170350241685196,171,EnthalpyOfMixing,<Substance COC(C)(C)C{solv}{x=0.749000}|ClC(Cl)Cl{solv}{x=0.251000}>,COC(C)(C)C,ClC(Cl)Cl,openff-2.2.1,1,-1.2095906756261383,0.0462799541884322,-1.9,0.077
27892,172,dens_554111049740737271,172,Density,<Substance COC(C)(C)C{solv}{x=0.454000}|ClC(Cl)Cl{solv}{x=0.546000}>,COC(C)(C)C,ClC(Cl)Cl,openff-2.2.1,1,1.1208907815682825,0.0003786975955222,1.0838000000000003,0.00015
27893,173,dhmix_1691495556773848750,173,EnthalpyOfMixing,<Substance COC(C)(C)C{solv}{x=0.484000}|ClC(Cl)Cl{solv}{x=0.516000}>,COC(C)(C)C,ClC(Cl)Cl,openff-2.2.1,1,-1.7359273959592445,0.0287471453662915,-2.1,0.0845
27894,174,dens_1874337336846858625,174,Density,<Substance COC(C)(C)C{solv}{x=0.276000}|ClC(Cl)Cl{solv}{x=0.724000}>,COC(C)(C)C,ClC(Cl)Cl,openff-2.2.1,1,1.2801330733551268,0.0004562904878522,1.2259000000000004,0.0002
27895,175,dens_2136498248834183810,175,Density,<Substance COC(C)(C)C{solv}{x=0.728600}|ClC(Cl)Cl{solv}{x=0.271400}>,COC(C)(C)C,ClC(Cl)Cl,openff-2.2.1,1,0.912989212873342,0.0002861076535702,0.8956000000000003,0.00015
27896,176,dhmix_2232264038422377060,176,EnthalpyOfMixing,<Substance COC(C)(C)C{solv}{x=0.220000}|ClC(Cl)Cl{solv}{x=0.780000}>,COC(C)(C)C,ClC(Cl)Cl,openff-2.2.1,1,-1.1584069971474449,0.0309745988656713,-1.5,0.0605
27897,177,dhmix_73322629991074290,177,EnthalpyOfMixing,<Substance CCC(C)=O{solv}{x=0.212400}|CCN(CC)CC{solv}{x=0.787600}>,CCC(C)=O,CCN(CC)CC,openff-2.2.1,1,0.4406857146987306,0.0439516938336482,0.57,0.006
27898,178,dens_317201778138256714,178,Density,<Substance CCC(C)=O{solv}{x=0.261000}|CCN(CC)CC{solv}{x=0.739000}>,CCC(C)=O,CCN(CC)CC,openff-2.2.1,1,0.7305254683724302,0.0002060226549924,0.7361510000000001,0.000106
27899,179,dens_544322850735592196,179,Density,<Substance CCC(C)=O{solv}{x=0.510600}|CCN(CC)CC{solv}{x=0.489400}>,CCC(C)=O,CCN(CC)CC,openff-2.2.1,1,0.742087438132128,0.0001700917714963,0.7527560000000002,0.0001045
27900,180,dhmix_690665189446107141,180,EnthalpyOfMixing,<Substance CCC(C)=O{solv}{x=0.496700}|CCN(CC)CC{solv}{x=0.503300}>,CCC(C)=O,CCN(CC)CC,openff-2.2.1,1,0.4425607019577384,0.0429930287637154,0.746,0.008
27901,181,dhmix_935249702283890201,181,EnthalpyOfMixing,<Substance CCC(C)=O{solv}{x=0.789300}|CCN(CC)CC{solv}{x=0.210700}>,CCC(C)=O,CCN(CC)CC,openff-2.2.1,1,0.3722413102899011,0.0432591340598896,0.455,0.005
27902,182,dens_1635002920322954883,182,Density,<Substance CCC(C)=O{solv}{x=0.760400}|CCN(CC)CC{solv}{x=0.239600}>,CCC(C)=O,CCN(CC)CC,openff-2.2.1,1,0.7561475020661831,0.0002464277249772,0.7738830000000002,9.900000000000003e-05
27903,183,dhmix_76833325524040726,183,EnthalpyOfMixing,<Substance C1CCCCC1{solv}{x=0.260600}|c1ccccc1{solv}{x=0.739400}>,C1CCCCC1,c1ccccc1,openff-2.2.1,1,0.7202884662134892,0.0399689017844061,0.6282,0.00695
27904,184,dens_330305790736126156,184,Density,<Substance C1CCCCC1{solv}{x=0.499600}|c1ccccc1{solv}{x=0.500400}>,C1CCCCC1,c1ccccc1,openff-2.2.1,1,0.7912062925090804,0.0002676250678975,0.8136000000000002,0.0002
27905,185,dhmix_460305358266375837,185,EnthalpyOfMixing,<Substance C1CCCCC1{solv}{x=0.766800}|c1ccccc1{solv}{x=0.233200}>,C1CCCCC1,c1ccccc1,openff-2.2.1,1,0.6554874705235534,0.0460070219132464,0.5517,0.00725
27906,186,dens_1579941980285561951,186,Density,<Substance C1CCCCC1{solv}{x=0.249800}|c1ccccc1{solv}{x=0.750200}>,C1CCCCC1,c1ccccc1,openff-2.2.1,1,0.8202423036122288,0.0002795392045623,0.8405780000000002,7.05e-05
27907,187,dhmix_1824194485055356086,187,EnthalpyOfMixing,<Substance C1CCCCC1{solv}{x=0.501200}|c1ccccc1{solv}{x=0.498800}>,C1CCCCC1,c1ccccc1,openff-2.2.1,1,1.018059151787483,0.039572140794216,0.7893,0.00655
27908,188,dens_1871885279620492514,188,Density,<Substance C1CCCCC1{solv}{x=0.732300}|c1ccccc1{solv}{x=0.267700}>,C1CCCCC1,c1ccccc1,openff-2.2.1,1,0.7702894123025219,0.0002462972792855,0.7929200000000002,7.450000000000001e-05
27909,189,dens_78518696584109468,189,Density,<Substance CN(CCO)CCO{solv}{x=0.743000}|O{solv}{x=0.257000}>,CN(CCO)CCO,O,openff-2.2.1,1,1.0385045854671988,1e-05,1.0405100000000005,0.000286
27910,190,dens_169053214615075062,190,Density,<Substance CN(CCO)CCO{solv}{x=0.257100}|O{solv}{x=0.742900}>,CN(CCO)CCO,O,openff-2.2.1,1,1.0312234000405014,1e-05,1.0522550000000004,0.000221
27911,191,dhmix_750283179383190388,191,EnthalpyOfMixing,<Substance CN(CCO)CCO{solv}{x=0.741100}|O{solv}{x=0.258900}>,CN(CCO)CCO,O,openff-2.2.1,1,-0.8809243078840723,1.2712836032923576e-05,-1.154,0.0125
27912,192,dhmix_1537351248216247854,192,EnthalpyOfMixing,<Substance CN(CCO)CCO{solv}{x=0.259300}|O{solv}{x=0.740700}>,CN(CCO)CCO,O,openff-2.2.1,1,-0.8222489156451651,1.2712836032923576e-05,-2.271,0.046
27913,193,dens_1700904374078825036,193,Density,<Substance CN(CCO)CCO{solv}{x=0.484900}|O{solv}{x=0.515100}>,CN(CCO)CCO,O,openff-2.2.1,1,1.039097572474995,1e-05,1.048636,0.0002475
27914,194,dhmix_1761290393567900831,194,EnthalpyOfMixing,<Substance CN(CCO)CCO{solv}{x=0.494100}|O{solv}{x=0.505900}>,CN(CCO)CCO,O,openff-2.2.1,1,-1.2201107533413733,1.2247742649157844e-05,-2.072,0.042
27915,195,dhmix_81883535492439507,195,EnthalpyOfMixing,<Substance C1COCO1{solv}{x=0.200000}|O=C1CCCC1{solv}{x=0.800000}>,C1COCO1,O=C1CCCC1,openff-2.2.1,1,-0.0982612898039576,0.0423531159305064,-0.00853,0.000425
27916,196,dens_192935635984964537,196,Density,<Substance C1COCO1{solv}{x=0.509000}|O=C1CCCC1{solv}{x=0.491000}>,C1COCO1,O=C1CCCC1,openff-2.2.1,1,0.99014454934407,0.000252902306522,0.9954700000000004,0.000255
27917,197,dhmix_309530351940031317,197,EnthalpyOfMixing,<Substance C1COCO1{solv}{x=0.700000}|O=C1CCCC1{solv}{x=0.300000}>,C1COCO1,O=C1CCCC1,openff-2.2.1,1,-0.0607338823342402,0.0343586483523952,-0.02292,0.00048
27918,198,dhmix_1480225642523009634,198,EnthalpyOfMixing,<Substance C1COCO1{solv}{x=0.500000}|O=C1CCCC1{solv}{x=0.500000}>,C1COCO1,O=C1CCCC1,openff-2.2.1,1,-0.0382633468134443,0.0379789167150715,-0.02181,0.000475
27919,199,dens_1663189314624242951,199,Density,<Substance C1COCO1{solv}{x=0.225100}|O=C1CCCC1{solv}{x=0.774900}>,C1COCO1,O=C1CCCC1,openff-2.2.1,1,0.9431569903467252,0.0002880368011751,0.9652800000000002,0.000245
27920,200,dens_1684591254659727640,200,Density,<Substance C1COCO1{solv}{x=0.789100}|O=C1CCCC1{solv}{x=0.210900}>,C1COCO1,O=C1CCCC1,openff-2.2.1,1,1.044680024325456,0.0003062875999532,1.02957,0.00026
27921,201,dens_82854054922011802,201,Density,<Substance c1cc[nH]c1{solv}{x=0.542600}|c1ccncc1{solv}{x=0.457400}>,c1cc[nH]c1,c1ccncc1,openff-2.2.1,1,0.9762346312978072,0.0002082481494128,0.9706400000000002,5.5000000000000016e-05
27922,202,dens_332042143272324658,202,Density,<Substance c1cc[nH]c1{solv}{x=0.755400}|c1ccncc1{solv}{x=0.244600}>,c1cc[nH]c1,c1ccncc1,openff-2.2.1,1,0.9774448354331572,0.0002985163857867,0.9676900000000004,5.5000000000000016e-05
27923,203,dhmix_582184351339863568,203,EnthalpyOfMixing,<Substance c1cc[nH]c1{solv}{x=0.760200}|c1ccncc1{solv}{x=0.239800}>,c1cc[nH]c1,c1ccncc1,openff-2.2.1,1,-0.0148683036969092,0.0302652900788265,-1.6452,0.01075
27924,204,dhmix_809205277185290719,204,EnthalpyOfMixing,<Substance c1cc[nH]c1{solv}{x=0.509500}|c1ccncc1{solv}{x=0.490500}>,c1cc[nH]c1,c1ccncc1,openff-2.2.1,1,-0.1197633218923366,0.0374327593297897,-2.649,0.01645
27925,205,dens_1187941919350264461,205,Density,<Substance c1cc[nH]c1{solv}{x=0.227300}|c1ccncc1{solv}{x=0.772700}>,c1cc[nH]c1,c1ccncc1,openff-2.2.1,1,0.9761556982857842,0.0002579443119301,0.9755600000000002,5.5000000000000016e-05
27926,206,dhmix_2302696180464118683,206,EnthalpyOfMixing,<Substance c1cc[nH]c1{solv}{x=0.239500}|c1ccncc1{solv}{x=0.760500}>,c1cc[nH]c1,c1ccncc1,openff-2.2.1,1,-0.1446392078129292,0.0390436847736599,-1.7662,0.01145
27927,207,dhmix_84488753175979819,207,EnthalpyOfMixing,<Substance C1CCOCC1{solv}{x=0.500000}|CCO{solv}{x=0.500000}>,C1CCOCC1,CCO,openff-2.2.1,1,0.9199266592658332,0.0366200580913842,0.8491,0.00794
27928,208,dens_904236164857914889,208,Density,<Substance C1CCOCC1{solv}{x=0.701000}|CCO{solv}{x=0.299000}>,C1CCOCC1,CCO,openff-2.2.1,1,0.848314553594508,0.0002407385616703,0.8595400000000002,8.500000000000002e-05
27929,209,dhmix_923986751684807715,209,EnthalpyOfMixing,<Substance C1CCOCC1{solv}{x=0.750000}|CCO{solv}{x=0.250000}>,C1CCOCC1,CCO,openff-2.2.1,1,0.8086578696932989,0.0432200249801141,0.75364,0.007115
27930,210,dhmix_927648698725704337,210,EnthalpyOfMixing,<Substance C1CCOCC1{solv}{x=0.250000}|CCO{solv}{x=0.750000}>,C1CCOCC1,CCO,openff-2.2.1,1,0.7278593515353684,0.0354531806412538,0.57017,0.00553
27931,211,dens_1095414448718823860,211,Density,<Substance C1CCOCC1{solv}{x=0.504000}|CCO{solv}{x=0.496000}>,C1CCOCC1,CCO,openff-2.2.1,1,0.8349471097972201,0.0002733485141624,0.8440100000000001,0.0001
27932,212,dens_1309012152943788187,212,Density,<Substance C1CCOCC1{solv}{x=0.284000}|CCO{solv}{x=0.716000}>,C1CCOCC1,CCO,openff-2.2.1,1,0.8157193741067442,0.0002926270927384,0.8227400000000002,0.00012
27933,213,dens_88489471162801298,213,Density,<Substance CC(C)=O{solv}{x=0.248400}|Nc1ccccc1{solv}{x=0.751600}>,CC(C)=O,Nc1ccccc1,openff-2.2.1,1,1.004814499364551,0.0002227425005012,0.9768950000000002,0.0001055
27934,214,dens_892449093930393176,214,Density,<Substance CC(C)=O{solv}{x=0.411400}|Nc1ccccc1{solv}{x=0.588600}>,CC(C)=O,Nc1ccccc1,openff-2.2.1,1,0.9616723767433596,0.0002291624279004,0.9457730000000002,0.0001285
27935,215,dens_1087594007698023193,215,Density,<Substance CC(C)=O{solv}{x=0.699300}|Nc1ccccc1{solv}{x=0.300700}>,CC(C)=O,Nc1ccccc1,openff-2.2.1,1,0.8761918930897719,0.0002597164053901,0.8786430000000003,0.000178
27936,216,dhmix_1461699545612032563,216,EnthalpyOfMixing,<Substance CC(C)=O{solv}{x=0.214500}|Nc1ccccc1{solv}{x=0.785500}>,CC(C)=O,Nc1ccccc1,openff-2.2.1,1,-0.5306763682971791,0.0356238034262282,-0.746,0.008
27937,217,dhmix_1577476208805542019,217,EnthalpyOfMixing,<Substance CC(C)=O{solv}{x=0.699100}|Nc1ccccc1{solv}{x=0.300900}>,CC(C)=O,Nc1ccccc1,openff-2.2.1,1,-0.9976388704179512,0.0379031002735568,-1.076,0.0115
27938,218,dhmix_2267661763264899390,218,EnthalpyOfMixing,<Substance CC(C)=O{solv}{x=0.410700}|Nc1ccccc1{solv}{x=0.589300}>,CC(C)=O,Nc1ccccc1,openff-2.2.1,1,-0.961429198794164,0.0343978102226572,-1.165,0.0125
27939,219,dhmix_90851537891129625,219,EnthalpyOfMixing,<Substance C1CCOCC1{solv}{x=0.268300}|Cc1ccccn1{solv}{x=0.731700}>,C1CCOCC1,Cc1ccccn1,openff-2.2.1,1,0.0446378143551413,0.0462434625937095,0.1057,0.00105
27940,220,dhmix_975790739707505549,220,EnthalpyOfMixing,<Substance C1CCOCC1{solv}{x=0.482200}|Cc1ccccn1{solv}{x=0.517800}>,C1CCOCC1,Cc1ccccn1,openff-2.2.1,1,0.0577676656843662,0.0395828590739412,0.1728,0.00135
27941,221,dens_981500521813591443,221,Density,<Substance C1CCOCC1{solv}{x=0.491600}|Cc1ccccn1{solv}{x=0.508400}>,C1CCOCC1,Cc1ccccn1,openff-2.2.1,1,0.9032401802115791,0.0002351524562301,0.910915,0.000475
27942,222,dens_1237050172671894703,222,Density,<Substance C1CCOCC1{solv}{x=0.237300}|Cc1ccccn1{solv}{x=0.762700}>,C1CCOCC1,Cc1ccccn1,openff-2.2.1,1,0.9214877310263432,0.0002424488316419,0.9261620000000004,0.0004855
27943,223,dhmix_1841520238596708010,223,EnthalpyOfMixing,<Substance C1CCOCC1{solv}{x=0.821600}|Cc1ccccn1{solv}{x=0.178400}>,C1CCOCC1,Cc1ccccn1,openff-2.2.1,1,0.1041618743160626,0.0480228735095336,0.1352,0.0012
27944,224,dens_1852422594896475094,224,Density,<Substance C1CCOCC1{solv}{x=0.821900}|Cc1ccccn1{solv}{x=0.178100}>,C1CCOCC1,Cc1ccccn1,openff-2.2.1,1,0.8692352059807257,0.000248145136945,0.8802920000000002,0.000454
27945,225,dhmix_93676522673462266,225,EnthalpyOfMixing,<Substance CC(=O)N(C)C{solv}{x=0.702000}|ClCCCl{solv}{x=0.298000}>,CC(=O)N(C)C,ClCCCl,openff-2.2.1,1,-0.5052164686741296,0.0410997990738432,-0.706,0.004
27946,226,dens_466640151895915379,226,Density,<Substance CC(=O)N(C)C{solv}{x=0.499900}|ClCCCl{solv}{x=0.500100}>,CC(=O)N(C)C,ClCCCl,openff-2.2.1,1,1.048900806472004,0.0003432287788771,1.0774000000000004,0.00325
27947,227,dhmix_504891727488256514,227,EnthalpyOfMixing,<Substance CC(=O)N(C)C{solv}{x=0.202000}|ClCCCl{solv}{x=0.798000}>,CC(=O)N(C)C,ClCCCl,openff-2.2.1,1,-0.4147923068493995,0.0314721414763458,-0.586,0.004
27948,228,dens_1432716574300574119,228,Density,<Substance CC(=O)N(C)C{solv}{x=0.298800}|ClCCCl{solv}{x=0.701200}>,CC(=O)N(C)C,ClCCCl,openff-2.2.1,1,1.1134447731178465,0.0003839862380215,1.1413000000000002,0.00345
27949,229,dens_1909242265481868478,229,Density,<Substance CC(=O)N(C)C{solv}{x=0.700800}|ClCCCl{solv}{x=0.299200}>,CC(=O)N(C)C,ClCCCl,openff-2.2.1,1,0.985774476914813,0.0002954824202272,1.0181000000000002,0.00305
27950,230,dhmix_2201663021806040380,230,EnthalpyOfMixing,<Substance CC(=O)N(C)C{solv}{x=0.500000}|ClCCCl{solv}{x=0.500000}>,CC(=O)N(C)C,ClCCCl,openff-2.2.1,1,-0.5557409189685456,0.0342219208200377,-0.885,0.004
27951,231,dhmix_101847702994296892,231,EnthalpyOfMixing,<Substance CCCCCCCl{solv}{x=0.790000}|CN1CCCC1=O{solv}{x=0.210000}>,CCCCCCCl,CN1CCCC1=O,openff-2.2.1,1,0.7433372500341164,0.0471347650703758,0.232,0.0025
27952,232,dhmix_275814181113182192,232,EnthalpyOfMixing,<Substance CCCCCCCl{solv}{x=0.497000}|CN1CCCC1=O{solv}{x=0.503000}>,CCCCCCCl,CN1CCCC1=O,openff-2.2.1,1,0.935321563494128,0.0426561517720128,0.416,0.0025
27953,233,dens_441375838683668512,233,Density,<Substance CCCCCCCl{solv}{x=0.499300}|CN1CCCC1=O{solv}{x=0.500700}>,CCCCCCCl,CN1CCCC1=O,openff-2.2.1,1,0.9229509053584264,0.0001854004122932,0.9389000000000002,0.0002
27954,234,dhmix_840847840731542643,234,EnthalpyOfMixing,<Substance CCCCCCCl{solv}{x=0.203000}|CN1CCCC1=O{solv}{x=0.797000}>,CCCCCCCl,CN1CCCC1=O,openff-2.2.1,1,0.6544178494671371,0.0467957412687723,0.319,0.0025
27955,235,dens_1314691253679633833,235,Density,<Substance CCCCCCCl{solv}{x=0.298400}|CN1CCCC1=O{solv}{x=0.701600}>,CCCCCCCl,CN1CCCC1=O,openff-2.2.1,1,0.9514621351707048,0.0002304649132468,0.9715000000000004,0.0002
27956,236,dens_1366683244756558841,236,Density,<Substance CCCCCCCl{solv}{x=0.801200}|CN1CCCC1=O{solv}{x=0.198800}>,CCCCCCCl,CN1CCCC1=O,openff-2.2.1,1,0.8837601717936419,0.0002155245179486,0.8970000000000002,0.0003
27957,237,dhmix_107460606439569535,237,EnthalpyOfMixing,<Substance C1COCCO1{solv}{x=0.572500}|O=C1CCCCCC1{solv}{x=0.427500}>,C1COCCO1,O=C1CCCCCC1,openff-2.2.1,1,0.2678957374485406,0.0451282549253041,0.1032,0.00125
27958,238,dens_229535957420918177,238,Density,<Substance C1COCCO1{solv}{x=0.748900}|O=C1CCCCCC1{solv}{x=0.251100}>,C1COCCO1,O=C1CCCCCC1,openff-2.2.1,1,0.9913803224195537,0.0001585222325872,0.9994100000000002,0.00051
27959,239,dhmix_1101001475632451077,239,EnthalpyOfMixing,<Substance C1COCCO1{solv}{x=0.225200}|O=C1CCCCCC1{solv}{x=0.774800}>,C1COCCO1,O=C1CCCCCC1,openff-2.2.1,1,0.1898225529702415,0.0418801003721757,0.0783,0.001
27960,240,dens_1711999737319704820,240,Density,<Substance C1COCCO1{solv}{x=0.572300}|O=C1CCCCCC1{solv}{x=0.427700}>,C1COCCO1,O=C1CCCCCC1,openff-2.2.1,1,0.9601803426735748,0.000164111331451,0.9737000000000002,0.00051
27961,241,dens_1973863157285112004,241,Density,<Substance C1COCCO1{solv}{x=0.255500}|O=C1CCCCCC1{solv}{x=0.744500}>,C1COCCO1,O=C1CCCCCC1,openff-2.2.1,1,0.9401725984477688,0.0002095739232943,0.9616800000000002,0.000515
27962,242,dhmix_2239035738396328121,242,EnthalpyOfMixing,<Substance C1COCCO1{solv}{x=0.771600}|O=C1CCCCCC1{solv}{x=0.228400}>,C1COCCO1,O=C1CCCCCC1,openff-2.2.1,1,0.2068685895616511,0.0415273220768935,0.0694,0.0009
27963,243,dhmix_110368175234083214,243,EnthalpyOfMixing,<Substance CC#N{solv}{x=0.201600}|CCOC(C)(C)CC{solv}{x=0.798400}>,CC#N,CCOC(C)(C)CC,openff-2.2.1,1,0.2999175239056271,0.0403832488511809,0.6411,0.0087
27964,244,dhmix_565046024644834395,244,EnthalpyOfMixing,<Substance CC#N{solv}{x=0.700400}|CCOC(C)(C)CC{solv}{x=0.299600}>,CC#N,CCOC(C)(C)CC,openff-2.2.1,1,0.3558982455415855,0.0347373250596171,0.8397,0.0113
27965,245,dens_865362803305469370,245,Density,<Substance CC#N{solv}{x=0.502400}|CCOC(C)(C)CC{solv}{x=0.497600}>,CC#N,CCOC(C)(C)CC,openff-2.2.1,1,0.767318319210252,0.0002320866239698,0.7675000000000002,0.00035
27966,246,dhmix_1131176031733024874,246,EnthalpyOfMixing,<Substance CC#N{solv}{x=0.502400}|CCOC(C)(C)CC{solv}{x=0.497600}>,CC#N,CCOC(C)(C)CC,openff-2.2.1,1,0.4660456471978342,0.0400160664669292,0.9514,0.01285
27967,247,dens_1305751749890499162,247,Density,<Substance CC#N{solv}{x=0.201600}|CCOC(C)(C)CC{solv}{x=0.798400}>,CC#N,CCOC(C)(C)CC,openff-2.2.1,1,0.7627896508071205,0.0002200341081078,0.7635000000000002,0.00025
27968,248,dens_1928701304100922381,248,Density,<Substance CC#N{solv}{x=0.700400}|CCOC(C)(C)CC{solv}{x=0.299600}>,CC#N,CCOC(C)(C)CC,openff-2.2.1,1,0.7713307089249971,0.0002405279338397,0.7707000000000003,0.0005
27969,249,dhmix_112729391186229967,249,EnthalpyOfMixing,<Substance CCC(C)=O{solv}{x=0.509000}|CNc1ccccc1{solv}{x=0.491000}>,CCC(C)=O,CNc1ccccc1,openff-2.2.1,1,-0.6381079071888118,0.0413122503887809,-0.816,0.009
27970,250,dens_414028029115294252,250,Density,<Substance CCC(C)=O{solv}{x=0.746300}|CNc1ccccc1{solv}{x=0.253700}>,CCC(C)=O,CNc1ccccc1,openff-2.2.1,1,0.8381713416340045,0.000267065231092,0.8582020000000002,0.000102
27971,251,dens_559789475978651659,251,Density,<Substance CCC(C)=O{solv}{x=0.495000}|CNc1ccccc1{solv}{x=0.505000}>,CCC(C)=O,CNc1ccccc1,openff-2.2.1,1,0.8942836615138513,0.0002324102700201,0.9066940000000002,0.000164
27972,252,dhmix_1637459312398636454,252,EnthalpyOfMixing,<Substance CCC(C)=O{solv}{x=0.228300}|CNc1ccccc1{solv}{x=0.771700}>,CCC(C)=O,CNc1ccccc1,openff-2.2.1,1,-0.4166353986576574,0.048100074697571,-0.54,0.006
27973,253,dhmix_1933605864237207151,253,EnthalpyOfMixing,<Substance CCC(C)=O{solv}{x=0.705500}|CNc1ccccc1{solv}{x=0.294500}>,CCC(C)=O,CNc1ccccc1,openff-2.2.1,1,-0.5618488069704355,0.0364706821502311,-0.672,0.0075
27974,254,dens_2039660657679820411,254,Density,<Substance CCC(C)=O{solv}{x=0.258900}|CNc1ccccc1{solv}{x=0.741100}>,CCC(C)=O,CNc1ccccc1,openff-2.2.1,1,0.941447926001126,0.0002064792129758,0.9456330000000004,0.000259
27975,255,dhmix_112832411362526364,255,EnthalpyOfMixing,<Substance C=CCCCC{solv}{x=0.250000}|CCCCO{solv}{x=0.750000}>,C=CCCCC,CCCCO,openff-2.2.1,1,0.3251555892293893,0.0469275714896621,0.2829,0.00333
27976,256,dhmix_385937725855980509,256,EnthalpyOfMixing,<Substance C=CCCCC{solv}{x=0.749900}|CCCCO{solv}{x=0.250100}>,C=CCCCC,CCCCO,openff-2.2.1,1,0.8290761498780199,0.0431947571850742,0.63978,0.00696
27977,257,dens_417191245012747241,257,Density,<Substance C=CCCCC{solv}{x=0.501800}|CCCCO{solv}{x=0.498200}>,C=CCCCC,CCCCO,openff-2.2.1,1,0.7143311503381997,0.0002684249259627,0.7340000000000002,0.00035
27978,258,dens_1053849773924337242,258,Density,<Substance C=CCCCC{solv}{x=0.100100}|CCCCO{solv}{x=0.899900}>,C=CCCCC,CCCCO,openff-2.2.1,1,0.7848253729063713,0.0001859357755074,0.7924000000000002,0.00035
27979,259,dhmix_1436053809694490847,259,EnthalpyOfMixing,<Substance C=CCCCC{solv}{x=0.500300}|CCCCO{solv}{x=0.499700}>,C=CCCCC,CCCCO,openff-2.2.1,1,0.8256813350528489,0.038835850222451,0.56098,0.00616
27980,260,dens_1967827958045932694,260,Density,<Substance C=CCCCC{solv}{x=0.900000}|CCCCO{solv}{x=0.100000}>,C=CCCCC,CCCCO,openff-2.2.1,1,0.659856004539995,0.0002634107357253,0.6818000000000001,0.00035
27981,261,dhmix_113202719214912577,261,EnthalpyOfMixing,<Substance CCN(CC)CCO{solv}{x=0.700300}|O{solv}{x=0.299700}>,CCN(CC)CCO,O,openff-2.2.1,1,-1.604740443906337,0.0434890643859022,-1.75,0.019
27982,262,dhmix_450200897960931857,262,EnthalpyOfMixing,<Substance CCN(CC)CCO{solv}{x=0.500200}|O{solv}{x=0.499800}>,CCN(CC)CCO,O,openff-2.2.1,1,-1.784975819750251,0.057216810222112,-2.504,0.027
27983,263,dens_727880187774296815,263,Density,<Substance CCN(CC)CCO{solv}{x=0.799700}|O{solv}{x=0.200300}>,CCN(CC)CCO,O,openff-2.2.1,1,0.8793327648864109,0.0001819761601735,0.8996000000000003,0.005
27984,264,dens_943193748522476096,264,Density,<Substance CCN(CC)CCO{solv}{x=0.499700}|O{solv}{x=0.500300}>,CCN(CC)CCO,O,openff-2.2.1,1,0.8979707662738495,0.0002247767810627,0.9222000000000002,0.005
27985,265,dhmix_1628408668678458098,265,EnthalpyOfMixing,<Substance CCN(CC)CCO{solv}{x=0.200800}|O{solv}{x=0.799200}>,CCN(CC)CCO,O,openff-2.2.1,1,-1.2318623300639695,0.0257944349468556,-2.185,0.0235
27986,266,dens_1679974305630699360,266,Density,<Substance CCN(CC)CCO{solv}{x=0.193290}|O{solv}{x=0.806710}>,CCN(CC)CCO,O,openff-2.2.1,1,0.9213514362608386,0.0003150138999521,0.9615690000000002,0.000144
27987,267,dens_114257363738318755,267,Density,<Substance C1CCCCC1{solv}{x=0.754300}|CCCCCC{solv}{x=0.245700}>,C1CCCCC1,CCCCCC,openff-2.2.1,1,0.7196731711539613,0.0002027821960158,0.7392000000000002,0.00065
27988,268,dens_528453314861364780,268,Density,<Substance C1CCCCC1{solv}{x=0.234300}|CCCCCC{solv}{x=0.765700}>,C1CCCCC1,CCCCCC,openff-2.2.1,1,0.6618884216161072,0.0002354936166377,0.6838300000000002,0.001655
27989,269,dens_547437695672624422,269,Density,<Substance C1CCCCC1{solv}{x=0.479300}|CCCCCC{solv}{x=0.520700}>,C1CCCCC1,CCCCCC,openff-2.2.1,1,0.6875253650065504,0.0002048831599182,0.7105500000000001,0.001555
27990,270,dhmix_728030976573858762,270,EnthalpyOfMixing,<Substance C1CCCCC1{solv}{x=0.483200}|CCCCCC{solv}{x=0.516800}>,C1CCCCC1,CCCCCC,openff-2.2.1,1,0.2963555240675219,0.0422516489592502,0.2144,0.00155
27991,271,dhmix_1406519609852245638,271,EnthalpyOfMixing,<Substance C1CCCCC1{solv}{x=0.219000}|CCCCCC{solv}{x=0.781000}>,C1CCCCC1,CCCCCC,openff-2.2.1,1,0.1368218214192182,0.0424474954027427,0.1264,0.00105
27992,272,dhmix_1819992223413741006,272,EnthalpyOfMixing,<Substance C1CCCCC1{solv}{x=0.725500}|CCCCCC{solv}{x=0.274500}>,C1CCCCC1,CCCCCC,openff-2.2.1,1,0.2553385331843856,0.043002288637197,0.199,0.00145
27993,273,dhmix_114464856611254095,273,EnthalpyOfMixing,<Substance COc1ccccc1{solv}{x=0.739800}|OCc1ccccc1{solv}{x=0.260200}>,COc1ccccc1,OCc1ccccc1,openff-2.2.1,1,0.891565295740925,0.0466026510634153,1.0539,0.0113
27994,274,dens_844721400884986444,274,Density,<Substance COc1ccccc1{solv}{x=0.288300}|OCc1ccccc1{solv}{x=0.711700}>,COc1ccccc1,OCc1ccccc1,openff-2.2.1,1,1.0050647362918206,0.0002090860975571,1.0180000000000002,0.000135
27995,275,dens_1208569209782779179,275,Density,<Substance COc1ccccc1{solv}{x=0.491100}|OCc1ccccc1{solv}{x=0.508900}>,COc1ccccc1,OCc1ccccc1,openff-2.2.1,1,0.9930564095260556,0.0002165889690091,1.0069400000000004,0.000165
27996,276,dhmix_1342325728364187329,276,EnthalpyOfMixing,<Substance COc1ccccc1{solv}{x=0.240100}|OCc1ccccc1{solv}{x=0.759900}>,COc1ccccc1,OCc1ccccc1,openff-2.2.1,1,0.5254677386311144,0.0349872354817237,0.6199,0.0067
27997,277,dhmix_1596550872819493971,277,EnthalpyOfMixing,<Substance COc1ccccc1{solv}{x=0.486600}|OCc1ccccc1{solv}{x=0.513400}>,COc1ccccc1,OCc1ccccc1,openff-2.2.1,1,0.9332686775353664,0.0448011987370883,0.9688,0.0104
27998,278,dens_1833270112854727934,278,Density,<Substance COc1ccccc1{solv}{x=0.774500}|OCc1ccccc1{solv}{x=0.225500}>,COc1ccccc1,OCc1ccccc1,openff-2.2.1,1,0.9766193976281646,0.000229645342231,0.9915900000000004,0.000215
27999,279,dens_114725786693793907,279,Density,<Substance CC(=O)O{solv}{x=0.703100}|CCO{solv}{x=0.296900}>,CC(=O)O,CCO,openff-2.2.1,1,0.9911333222436398,0.0003136843592341,0.97355,0.00021
28000,280,dens_883421079927261907,280,Density,<Substance CC(=O)O{solv}{x=0.496100}|CCO{solv}{x=0.503900}>,CC(=O)O,CCO,openff-2.2.1,1,0.9305576912119518,0.0003527556343108,0.9199600000000002,0.0002
28001,281,dens_1042567278853913615,281,Density,<Substance CC(=O)O{solv}{x=0.297100}|CCO{solv}{x=0.702900}>,CC(=O)O,CCO,openff-2.2.1,1,0.8720528614104981,0.0003039489054047,0.8668600000000002,0.000195
28002,282,dhmix_129373600931207498,282,EnthalpyOfMixing,<Substance NCCNCCN{solv}{x=0.702000}|O{solv}{x=0.298000}>,NCCNCCN,O,openff-2.2.1,1,-2.779432658928613,1.2576199743960814e-05,-3.393,0.036
28003,283,dhmix_313570094367316478,283,EnthalpyOfMixing,<Substance NCCNCCN{solv}{x=0.241600}|O{solv}{x=0.758400}>,NCCNCCN,O,openff-2.2.1,1,-4.250382175558347,1.2779389656787214e-05,-6.523,0.0695
28004,284,dens_548243159356184104,284,Density,<Substance NCCNCCN{solv}{x=0.244900}|O{solv}{x=0.755100}>,NCCNCCN,O,openff-2.2.1,1,1.0625206858637768,1e-05,1.0275000000000003,0.0005
28005,285,dens_913992897582667960,285,Density,<Substance NCCNCCN{solv}{x=0.497400}|O{solv}{x=0.502600}>,NCCNCCN,O,openff-2.2.1,1,1.068418798314963,1e-05,0.9928000000000002,0.0005
28006,286,dhmix_1565087976771168604,286,EnthalpyOfMixing,<Substance NCCNCCN{solv}{x=0.501000}|O{solv}{x=0.499000}>,NCCNCCN,O,openff-2.2.1,1,-4.385015818551395,1.224745687887898e-05,-5.417,0.0575
28007,287,dens_1812124220217686569,287,Density,<Substance NCCNCCN{solv}{x=0.698800}|O{solv}{x=0.301200}>,NCCNCCN,O,openff-2.2.1,1,1.06099747332544,1e-05,0.9718000000000002,0.0005
28008,288,dhmix_135176730945124637,288,EnthalpyOfMixing,<Substance CCCCNCCCC{solv}{x=0.751800}|CN(C)C=O{solv}{x=0.248200}>,CCCCNCCCC,CN(C)C=O,openff-2.2.1,1,0.3263702893064533,0.0429143038001979,0.782,0.025
28009,289,dens_586298674852090193,289,Density,<Substance CCCCNCCCC{solv}{x=0.726600}|CN(C)C=O{solv}{x=0.273400}>,CCCCNCCCC,CN(C)C=O,openff-2.2.1,1,0.7795856502664867,0.0001650620977539,0.7828350000000002,0.0009465
28010,290,dens_711718403070096827,290,Density,<Substance CCCCNCCCC{solv}{x=0.263900}|CN(C)C=O{solv}{x=0.736100}>,CCCCNCCCC,CN(C)C=O,openff-2.2.1,1,0.8484416104404764,0.0002281640292979,0.8609240000000001,0.001053
28011,291,dhmix_1537913365058000269,291,EnthalpyOfMixing,<Substance CCCCNCCCC{solv}{x=0.249400}|CN(C)C=O{solv}{x=0.750600}>,CCCCNCCCC,CN(C)C=O,openff-2.2.1,1,0.5032976622589445,0.040940323503912,0.921,0.029
28012,292,dhmix_1965420976556284821,292,EnthalpyOfMixing,<Substance CCCCNCCCC{solv}{x=0.501800}|CN(C)C=O{solv}{x=0.498200}>,CCCCNCCCC,CN(C)C=O,openff-2.2.1,1,0.4245556817938194,0.0406682044630499,1.113,0.0335
28013,293,dens_2298192241038151497,293,Density,<Substance CCCCNCCCC{solv}{x=0.492800}|CN(C)C=O{solv}{x=0.507200}>,CCCCNCCCC,CN(C)C=O,openff-2.2.1,1,0.8090315149143333,0.0001887612968746,0.8153440000000003,0.0009895
28014,294,dens_145031449158698048,294,Density,<Substance CN(C)C=O{solv}{x=0.498800}|ClCCCl{solv}{x=0.501200}>,CN(C)C=O,ClCCCl,openff-2.2.1,1,1.0745351504254546,0.0002409846405299,1.0957000000000003,0.00305
28015,295,dens_511894799968528211,295,Density,<Substance CN(C)C=O{solv}{x=0.197800}|ClCCCl{solv}{x=0.802200}>,CN(C)C=O,ClCCCl,openff-2.2.1,1,1.1605149722967214,0.0004054812520314,1.1862000000000004,0.003
28016,296,dhmix_693792312882226719,296,EnthalpyOfMixing,<Substance CN(C)C=O{solv}{x=0.498000}|ClCCCl{solv}{x=0.502000}>,CN(C)C=O,ClCCCl,openff-2.2.1,1,-0.0702671372094094,0.0315508634247957,-0.663,0.0035
28017,297,dhmix_1364024895663592301,297,EnthalpyOfMixing,<Substance CN(C)C=O{solv}{x=0.299000}|ClCCCl{solv}{x=0.701000}>,CN(C)C=O,ClCCCl,openff-2.2.1,1,-0.0452616272358277,0.0280703950319418,-0.575,0.0035
28018,298,dens_1874616475661316520,298,Density,<Substance CN(C)C=O{solv}{x=0.705400}|ClCCCl{solv}{x=0.294600}>,CN(C)C=O,ClCCCl,openff-2.2.1,1,1.011347118881511,0.0003050580365258,1.0336,0.003
28019,299,dhmix_1965344541223753593,299,EnthalpyOfMixing,<Substance CN(C)C=O{solv}{x=0.702000}|ClCCCl{solv}{x=0.298000}>,CN(C)C=O,ClCCCl,openff-2.2.1,1,-0.0331344749356361,0.033464831881244,-0.531,0.003
28020,300,dens_145117083439077204,300,Density,<Substance CN1CCCC1=O{solv}{x=0.700300}|ClCCCCCl{solv}{x=0.299700}>,CN1CCCC1=O,ClCCCCCl,openff-2.2.1,1,1.0410746614600852,0.0002394287718896,1.0627000000000002,0.0005
28021,301,dens_872271192908107773,301,Density,<Substance CN1CCCC1=O{solv}{x=0.203400}|ClCCCCCl{solv}{x=0.796600}>,CN1CCCC1=O,ClCCCCCl,openff-2.2.1,1,1.0986277599520506,0.0002564684966756,1.1142000000000003,0.00125
28022,302,dhmix_958757583081250655,302,EnthalpyOfMixing,<Substance CN1CCCC1=O{solv}{x=0.703000}|ClCCCCCl{solv}{x=0.297000}>,CN1CCCC1=O,ClCCCCCl,openff-2.2.1,1,0.1198181235895141,0.0356214596205529,-0.583,0.0035
28023,303,dens_1187888029800539390,303,Density,<Substance CN1CCCC1=O{solv}{x=0.502500}|ClCCCCCl{solv}{x=0.497500}>,CN1CCCC1=O,ClCCCCCl,openff-2.2.1,1,1.0659115444726766,0.0001966922380127,1.0840000000000003,0.00075
28024,304,dhmix_1448185356234442909,304,EnthalpyOfMixing,<Substance CN1CCCC1=O{solv}{x=0.210000}|ClCCCCCl{solv}{x=0.790000}>,CN1CCCC1=O,ClCCCCCl,openff-2.2.1,1,0.052437976956611,0.040043588504452,-0.406,0.003
28025,305,dhmix_1623586299486793214,305,EnthalpyOfMixing,<Substance CN1CCCC1=O{solv}{x=0.505000}|ClCCCCCl{solv}{x=0.495000}>,CN1CCCC1=O,ClCCCCCl,openff-2.2.1,1,0.1692477567052748,0.0410094013529038,-0.678,0.0035
28026,306,dens_151421667269785380,306,Density,<Substance OCCOCCO{solv}{x=0.228500}|OCc1ccccc1{solv}{x=0.771500}>,OCCOCCO,OCc1ccccc1,openff-2.2.1,1,1.0421623381793403,0.0001988108222452,1.0497600000000002,0.000265
28027,307,dens_207017358130726789,307,Density,<Substance OCCOCCO{solv}{x=0.531200}|OCc1ccccc1{solv}{x=0.468800}>,OCCOCCO,OCc1ccccc1,openff-2.2.1,1,1.068391735308795,0.0002939995884746,1.07136,0.00027
28028,308,dhmix_638869206909151198,308,EnthalpyOfMixing,<Substance OCCOCCO{solv}{x=0.765800}|OCc1ccccc1{solv}{x=0.234200}>,OCCOCCO,OCc1ccccc1,openff-2.2.1,1,-0.5636161535497024,0.0490537900805732,-0.3712,0.0073
28029,309,dhmix_884415658126351430,309,EnthalpyOfMixing,<Substance OCCOCCO{solv}{x=0.266500}|OCc1ccccc1{solv}{x=0.733500}>,OCCOCCO,OCc1ccccc1,openff-2.2.1,1,-0.3681699172980615,0.042758867866584,-0.4216,0.0081
28030,310,dhmix_925385148369690502,310,EnthalpyOfMixing,<Substance OCCOCCO{solv}{x=0.521600}|OCc1ccccc1{solv}{x=0.478400}>,OCCOCCO,OCc1ccccc1,openff-2.2.1,1,-0.4721268461687771,0.0428794202286787,-0.4574,0.00865
28031,311,dens_1617133138157859384,311,Density,<Substance OCCOCCO{solv}{x=0.727700}|OCc1ccccc1{solv}{x=0.272300}>,OCCOCCO,OCc1ccccc1,openff-2.2.1,1,1.084705049230723,0.000248781134159,1.0857000000000003,0.000275
28032,312,dens_155791527624482863,312,Density,<Substance CC(C)CO{solv}{x=0.279300}|CCCCBr{solv}{x=0.720700}>,CC(C)CO,CCCCBr,openff-2.2.1,1,1.1029174006582076,0.0003195976175127,1.1339800000000002,0.000305
28033,313,dhmix_549211977118470640,313,EnthalpyOfMixing,<Substance CC(C)CO{solv}{x=0.293800}|CCCCBr{solv}{x=0.706200}>,CC(C)CO,CCCCBr,openff-2.2.1,1,1.3162393737558276,0.0417455697424676,1.248,0.0135
28034,314,dens_692500675577783691,314,Density,<Substance CC(C)CO{solv}{x=0.793700}|CCCCBr{solv}{x=0.206300}>,CC(C)CO,CCCCBr,openff-2.2.1,1,0.8926612109882469,0.0003076132162151,0.8962800000000002,0.00021
28035,315,dens_841415441417626311,315,Density,<Substance CC(C)CO{solv}{x=0.498900}|CCCCBr{solv}{x=0.501100}>,CC(C)CO,CCCCBr,openff-2.2.1,1,1.0175804612428585,0.000341785467961,1.0366800000000005,0.000225
28036,316,dhmix_1400807466047438160,316,EnthalpyOfMixing,<Substance CC(C)CO{solv}{x=0.499000}|CCCCBr{solv}{x=0.501000}>,CC(C)CO,CCCCBr,openff-2.2.1,1,1.0963847792248202,0.0330987348255391,1.207,0.013
28037,317,dhmix_1959880980464917582,317,EnthalpyOfMixing,<Substance CC(C)CO{solv}{x=0.702100}|CCCCBr{solv}{x=0.297900}>,CC(C)CO,CCCCBr,openff-2.2.1,1,0.9426095037035012,0.0400595215521958,0.891,0.0095
28038,318,dhmix_155924436295918663,318,EnthalpyOfMixing,<Substance OCCCO{solv}{x=0.501300}|O{solv}{x=0.498700}>,O,OCCCO,openff-2.2.1,1,0.3259122615307994,0.0313087931397431,-0.992,0.0125
28039,319,dens_867859901093068556,319,Density,<Substance OCCCO{solv}{x=0.743700}|O{solv}{x=0.256300}>,O,OCCCO,openff-2.2.1,1,1.0509124064596176,1e-05,1.0503800000000003,0.00023
28040,320,dhmix_2191722776959064631,320,EnthalpyOfMixing,<Substance OCCCO{solv}{x=0.743000}|O{solv}{x=0.257000}>,O,OCCCO,openff-2.2.1,1,0.3592019934646018,0.0386336785057499,-0.633,0.008
28041,321,dhmix_2210594516320705991,321,EnthalpyOfMixing,<Substance OCCCO{solv}{x=0.208700}|O{solv}{x=0.791300}>,O,OCCCO,openff-2.2.1,1,0.3792242654001256,0.026406662893193,-0.924,0.012
28042,322,dens_2211391404402371237,322,Density,<Substance OCCCO{solv}{x=0.244700}|O{solv}{x=0.755300}>,O,OCCCO,openff-2.2.1,1,1.023314420321489,1e-05,1.0381600000000004,0.00019
28043,323,dens_2211609476735134421,323,Density,<Substance OCCCO{solv}{x=0.500000}|O{solv}{x=0.500000}>,O,OCCCO,openff-2.2.1,1,1.040683550028182,1e-05,1.0492100000000002,0.000215
28044,324,dhmix_156929898609376763,324,EnthalpyOfMixing,<Substance CN(C)CCCO{solv}{x=0.800100}|O{solv}{x=0.199900}>,CN(C)CCCO,O,openff-2.2.1,1,-0.9664154242498312,0.045396344914916,-1.26,0.0135
28045,325,dhmix_786210276753247951,325,EnthalpyOfMixing,<Substance CN(C)CCCO{solv}{x=0.199800}|O{solv}{x=0.800200}>,CN(C)CCCO,O,openff-2.2.1,1,-0.7867970616400122,0.0265280695417296,-2.514,0.027
28046,326,dens_971674883336993154,326,Density,<Substance CN(C)CCCO{solv}{x=0.289504}|O{solv}{x=0.710496}>,CN(C)CCCO,O,openff-2.2.1,1,0.9291117854297384,0.0003845229584498,0.9443,0.00285
28047,327,dhmix_1330584538745399524,327,EnthalpyOfMixing,<Substance CN(C)CCCO{solv}{x=0.501900}|O{solv}{x=0.498100}>,CN(C)CCCO,O,openff-2.2.1,1,-1.255766849211149,0.0351601304711539,-2.706,0.029
28048,328,dens_1781759734173902013,328,Density,<Substance CN(C)CCCO{solv}{x=0.501300}|O{solv}{x=0.498700}>,CN(C)CCCO,O,openff-2.2.1,1,0.9169377680865188,0.0002942481099349,0.9170700000000004,8.000000000000002e-05
28049,329,dens_2299157616447228221,329,Density,<Substance CN(C)CCCO{solv}{x=0.800600}|O{solv}{x=0.199400}>,CN(C)CCCO,O,openff-2.2.1,1,0.9021128618407368,0.0002579583022183,0.8915100000000002,9.500000000000002e-05
28050,330,dhmix_157983773008192768,330,EnthalpyOfMixing,<Substance BrCCCBr{solv}{x=0.743200}|CCCCOC(=O)CCC{solv}{x=0.256800}>,BrCCCBr,CCCCOC(=O)CCC,openff-2.2.1,1,-0.3759309536957431,1.2720448105314533e-05,0.032,0.0005
28051,331,dens_720277045338028885,331,Density,<Substance BrCCCBr{solv}{x=0.748700}|CCCCOC(=O)CCC{solv}{x=0.251300}>,BrCCCBr,CCCCOC(=O)CCC,openff-2.2.1,1,1.5392889958020393,1e-05,1.5786600000000004,0.00038
28052,332,dens_933248802608751708,332,Density,<Substance BrCCCBr{solv}{x=0.529700}|CCCCOC(=O)CCC{solv}{x=0.470300}>,BrCCCBr,CCCCOC(=O)CCC,openff-2.2.1,1,1.292701013140518,1e-05,1.3159400000000003,0.000255
28053,333,dens_1048925802213854204,333,Density,<Substance BrCCCBr{solv}{x=0.259100}|CCCCOC(=O)CCC{solv}{x=0.740900}>,BrCCCBr,CCCCOC(=O)CCC,openff-2.2.1,1,1.0465110801642463,1e-05,1.0598600000000002,0.000145
28054,334,dhmix_1090642624443832057,334,EnthalpyOfMixing,<Substance BrCCCBr{solv}{x=0.241200}|CCCCOC(=O)CCC{solv}{x=0.758800}>,BrCCCBr,CCCCOC(=O)CCC,openff-2.2.1,1,-0.3901653086683936,1.2783434593253882e-05,-0.094,0.001
28055,335,dhmix_1649688325270115073,335,EnthalpyOfMixing,<Substance BrCCCBr{solv}{x=0.466700}|CCCCOC(=O)CCC{solv}{x=0.533300}>,BrCCCBr,CCCCOC(=O)CCC,openff-2.2.1,1,-0.4296369134123949,1.2256337136355218e-05,-0.091,0.001
28056,336,dhmix_158101159957898775,336,EnthalpyOfMixing,<Substance CCCCCl{solv}{x=0.490000}|CN1CCCC1=O{solv}{x=0.510000}>,CCCCCl,CN1CCCC1=O,openff-2.2.1,1,0.7001595110913144,0.0415735293960857,0.152,0.002
28057,337,dhmix_586880142396707079,337,EnthalpyOfMixing,<Substance CCCCCl{solv}{x=0.294000}|CN1CCCC1=O{solv}{x=0.706000}>,CCCCCl,CN1CCCC1=O,openff-2.2.1,1,0.5927814606379265,0.0436545969408696,0.145,0.002
28058,338,dens_897975104490051322,338,Density,<Substance CCCCCl{solv}{x=0.296100}|CN1CCCC1=O{solv}{x=0.703900}>,CCCCCl,CN1CCCC1=O,openff-2.2.1,1,0.9636792788465118,0.0002027770937755,0.9862000000000004,0.0001
28059,339,dens_1393365907116297965,339,Density,<Substance CCCCCl{solv}{x=0.702600}|CN1CCCC1=O{solv}{x=0.297400}>,CCCCCl,CN1CCCC1=O,openff-2.2.1,1,0.9064393176411414,0.000287345963513,0.9268000000000002,0.0001
28060,340,dhmix_1769887717174104485,340,EnthalpyOfMixing,<Substance CCCCCl{solv}{x=0.787000}|CN1CCCC1=O{solv}{x=0.213000}>,CCCCCl,CN1CCCC1=O,openff-2.2.1,1,0.5748312840204193,0.0403645301804161,0.081,0.002
28061,341,dens_2070183543451797213,341,Density,<Substance CCCCCl{solv}{x=0.494800}|CN1CCCC1=O{solv}{x=0.505200}>,CCCCCl,CN1CCCC1=O,openff-2.2.1,1,0.9362993659992552,0.0002492693924876,0.9575000000000002,0.0001
28062,342,dens_164369774990422412,342,Density,<Substance CC(C)O{solv}{x=0.764900}|CCOC=O{solv}{x=0.235100}>,CC(C)O,CCOC=O,openff-2.2.1,1,0.82967661180626,1e-05,0.8088000000000002,0.00035
28063,343,dens_200561035496770448,343,Density,<Substance CC(C)O{solv}{x=0.265100}|CCOC=O{solv}{x=0.734900}>,CC(C)O,CCOC=O,openff-2.2.1,1,0.9001498073331397,1e-05,0.8710000000000002,0.0003
28064,344,dens_1124622586228643363,344,Density,<Substance CC(C)O{solv}{x=0.441300}|CCOC=O{solv}{x=0.558700}>,CC(C)O,CCOC=O,openff-2.2.1,1,0.8752656566804807,1e-05,0.8482000000000003,0.00035
28065,345,dens_166030075147825025,345,Density,<Substance Clc1ccccc1{solv}{x=0.467900}|c1ccccc1{solv}{x=0.532100}>,Clc1ccccc1,c1ccccc1,openff-2.2.1,1,0.9767301064972258,0.0002740729661534,0.9877000000000002,0.00025
28066,346,dens_796537469137871297,346,Density,<Substance Clc1ccccc1{solv}{x=0.735800}|c1ccccc1{solv}{x=0.264200}>,Clc1ccccc1,c1ccccc1,openff-2.2.1,1,1.0395663542940032,0.0002957063098912,1.0465000000000002,0.0002
28067,347,dhmix_1485547099225054006,347,EnthalpyOfMixing,<Substance Clc1ccccc1{solv}{x=0.777700}|c1ccccc1{solv}{x=0.222300}>,Clc1ccccc1,c1ccccc1,openff-2.2.1,1,-0.024679802200346,0.0409750191542481,-0.0036,0.0004
28068,348,dhmix_1808283008183194060,348,EnthalpyOfMixing,<Substance Clc1ccccc1{solv}{x=0.225800}|c1ccccc1{solv}{x=0.774200}>,Clc1ccccc1,c1ccccc1,openff-2.2.1,1,-0.0414317086988447,0.0386250991189372,-0.0046,0.0004
28069,349,dhmix_2008892820486470381,349,EnthalpyOfMixing,<Substance Clc1ccccc1{solv}{x=0.466600}|c1ccccc1{solv}{x=0.533400}>,Clc1ccccc1,c1ccccc1,openff-2.2.1,1,-0.0048720916362938,0.0372634851068396,-0.0057,0.0004
28070,350,dens_2142546524113318099,350,Density,<Substance Clc1ccccc1{solv}{x=0.293100}|c1ccccc1{solv}{x=0.706900}>,Clc1ccccc1,c1ccccc1,openff-2.2.1,1,0.9325615599543992,0.0002762811652121,0.9468000000000002,0.00025
28071,351,dhmix_166527628917371560,351,EnthalpyOfMixing,<Substance CCCCCC(C)=O{solv}{x=0.500700}|CCCNCCC{solv}{x=0.499300}>,CCCCCC(C)=O,CCCNCCC,openff-2.2.1,1,-0.0935655735949083,0.0463167933057944,0.162,0.002
28072,352,dhmix_181797488552739205,352,EnthalpyOfMixing,<Substance CCCCCC(C)=O{solv}{x=0.213200}|CCCNCCC{solv}{x=0.786800}>,CCCCCC(C)=O,CCCNCCC,openff-2.2.1,1,-0.0629521418953515,0.0481295117618977,0.137,0.0015
28073,353,dens_286521458049436805,353,Density,<Substance CCCCCC(C)=O{solv}{x=0.542700}|CCCNCCC{solv}{x=0.457300}>,CCCCCC(C)=O,CCCNCCC,openff-2.2.1,1,0.7670446959696499,0.0001942590844113,0.7766620000000002,0.0001215
28074,354,dens_740930494074770103,354,Density,<Substance CCCCCC(C)=O{solv}{x=0.252600}|CCCNCCC{solv}{x=0.747400}>,CCCCCC(C)=O,CCCNCCC,openff-2.2.1,1,0.748026573877598,0.0002158529192664,0.7540050000000001,0.0001215
28075,355,dhmix_1180133264815330249,355,EnthalpyOfMixing,<Substance CCCCCC(C)=O{solv}{x=0.788000}|CCCNCCC{solv}{x=0.212000}>,CCCCCC(C)=O,CCCNCCC,openff-2.2.1,1,-0.0755416289194315,0.0518789743795542,0.088,0.001
28076,356,dens_1237727796782189302,356,Density,<Substance CCCCCC(C)=O{solv}{x=0.741800}|CCCNCCC{solv}{x=0.258200}>,CCCCCC(C)=O,CCCNCCC,openff-2.2.1,1,0.779492513824587,0.000188028853602,0.7918920000000003,0.00012
28077,357,dens_168376639142843665,357,Density,<Substance BrCCBr{solv}{x=0.084500}|CCOC(=O)CC{solv}{x=0.915500}>,BrCCBr,CCOC(=O)CC,openff-2.2.1,1,0.9624406427781208,0.0002227345751545,0.9671200000000002,0.001185
28078,358,dhmix_897092526028522426,358,EnthalpyOfMixing,<Substance BrCCBr{solv}{x=0.753700}|CCOC(=O)CC{solv}{x=0.246300}>,BrCCBr,CCOC(=O)CC,openff-2.2.1,1,-0.393294433128851,0.0347513721279259,0.0052,0.0008
28079,359,dhmix_1078383344298013541,359,EnthalpyOfMixing,<Substance BrCCBr{solv}{x=0.084100}|CCOC(=O)CC{solv}{x=0.915900}>,BrCCBr,CCOC(=O)CC,openff-2.2.1,1,-0.0804230962417418,0.0519977704856814,-0.0683,0.0014
28080,360,dhmix_1103515663691342839,360,EnthalpyOfMixing,<Substance BrCCBr{solv}{x=0.514000}|CCOC(=O)CC{solv}{x=0.486000}>,BrCCBr,CCOC(=O)CC,openff-2.2.1,1,-0.3814197877854859,0.0397269214607034,-0.1259,0.00205
28081,361,dens_1193015082780501702,361,Density,<Substance BrCCBr{solv}{x=0.484400}|CCOC(=O)CC{solv}{x=0.515600}>,BrCCBr,CCOC(=O)CC,openff-2.2.1,1,1.3962979128952668,0.000423272007574,1.4136000000000002,0.001165
28082,362,dens_1660732943693703463,362,Density,<Substance BrCCBr{solv}{x=0.714800}|CCOC(=O)CC{solv}{x=0.285200}>,BrCCBr,CCOC(=O)CC,openff-2.2.1,1,1.6909758203334182,0.0003865581677353,1.7205300000000003,0.000985
28083,363,dens_172622055198885625,363,Density,<Substance CCCCOCCO{solv}{x=0.499500}|c1ccccc1{solv}{x=0.500500}>,CCCCOCCO,c1ccccc1,openff-2.2.1,1,0.8749421364735833,0.0002148992223041,0.8864700000000002,0.000795
28084,364,dens_615182082919776992,364,Density,<Substance CCCCOCCO{solv}{x=0.753500}|c1ccccc1{solv}{x=0.246500}>,CCCCOCCO,c1ccccc1,openff-2.2.1,1,0.8832714453561821,0.0002452080114992,0.8924600000000003,0.00077
28085,365,dens_1014762781474427089,365,Density,<Substance CCCCOCCO{solv}{x=0.248800}|c1ccccc1{solv}{x=0.751200}>,CCCCOCCO,c1ccccc1,openff-2.2.1,1,0.8655053209956032,0.0002759783230513,0.8790000000000002,0.00083
28086,366,dhmix_1209838039340638454,366,EnthalpyOfMixing,<Substance CCCCOCCO{solv}{x=0.729700}|c1ccccc1{solv}{x=0.270300}>,CCCCOCCO,c1ccccc1,openff-2.2.1,1,0.3515779246748423,0.0524217996988163,0.3037,0.00335
28087,367,dhmix_1416395432810708431,367,EnthalpyOfMixing,<Substance CCCCOCCO{solv}{x=0.266500}|c1ccccc1{solv}{x=0.733500}>,CCCCOCCO,c1ccccc1,openff-2.2.1,1,0.6210763995058244,0.0424333149581143,0.6895,0.00745
28088,368,dhmix_1775479338186698605,368,EnthalpyOfMixing,<Substance CCCCOCCO{solv}{x=0.503000}|c1ccccc1{solv}{x=0.497000}>,CCCCOCCO,c1ccccc1,openff-2.2.1,1,0.5200762174728766,0.0454440820152471,0.5563,0.00605
28089,369,dens_173950346939686352,369,Density,<Substance CCOC(=O)CC(=O)OCC{solv}{x=0.797800}|CO{solv}{x=0.202200}>,CCOC(=O)CC(=O)OCC,CO,openff-2.2.1,1,1.0417894545351216,0.0001905759378947,1.0336070000000002,0.0001155
28090,370,dhmix_796570713446660029,370,EnthalpyOfMixing,<Substance CCOC(=O)CC(=O)OCC{solv}{x=0.745300}|CO{solv}{x=0.254700}>,CCOC(=O)CC(=O)OCC,CO,openff-2.2.1,1,0.8189422129357524,0.0506898390950703,1.184,0.013
28091,371,dhmix_1053189657313504079,371,EnthalpyOfMixing,<Substance CCOC(=O)CC(=O)OCC{solv}{x=0.499300}|CO{solv}{x=0.500700}>,CCOC(=O)CC(=O)OCC,CO,openff-2.2.1,1,1.076219782256004,0.0427487229866752,1.426,0.0155
28092,372,dens_1109796780897697143,372,Density,<Substance CCOC(=O)CC(=O)OCC{solv}{x=0.500400}|CO{solv}{x=0.499600}>,CCOC(=O)CC(=O)OCC,CO,openff-2.2.1,1,1.000612911696824,0.0002110802109882,0.9962350000000002,9.150000000000002e-05
28093,373,dens_1145191816882985532,373,Density,<Substance CCOC(=O)CC(=O)OCC{solv}{x=0.250100}|CO{solv}{x=0.749900}>,CCOC(=O)CC(=O)OCC,CO,openff-2.2.1,1,0.9320963222383094,0.0002818100530753,0.9355040000000002,0.0001385
28094,374,dhmix_1394433819711651760,374,EnthalpyOfMixing,<Substance CCOC(=O)CC(=O)OCC{solv}{x=0.251500}|CO{solv}{x=0.748500}>,CCOC(=O)CC(=O)OCC,CO,openff-2.2.1,1,1.0205462797524945,0.0337274309300668,1.083,0.0115
28095,375,dhmix_176700813960387714,375,EnthalpyOfMixing,<Substance CC(=O)N(C)C{solv}{x=0.211000}|ClCCCCCl{solv}{x=0.789000}>,CC(=O)N(C)C,ClCCCCCl,openff-2.2.1,1,0.0633479222185187,0.0406597764912401,-0.188,0.0025
28096,376,dhmix_422276068008732896,376,EnthalpyOfMixing,<Substance CC(=O)N(C)C{solv}{x=0.506000}|ClCCCCCl{solv}{x=0.494000}>,CC(=O)N(C)C,ClCCCCCl,openff-2.2.1,1,0.0092830816878191,0.0379424896433946,-0.314,0.0025
28097,377,dhmix_591740475541975327,377,EnthalpyOfMixing,<Substance CC(=O)N(C)C{solv}{x=0.705000}|ClCCCCCl{solv}{x=0.295000}>,CC(=O)N(C)C,ClCCCCCl,openff-2.2.1,1,-0.0320918149170461,0.0400025884830445,-0.281,0.0025
28098,378,dens_600718364672681210,378,Density,<Substance CC(=O)N(C)C{solv}{x=0.200100}|ClCCCCCl{solv}{x=0.799900}>,CC(=O)N(C)C,ClCCCCCl,openff-2.2.1,1,1.0786624488943362,0.0003099339268962,1.0978,0.0023
28099,379,dens_833309518494254389,379,Density,<Substance CC(=O)N(C)C{solv}{x=0.698700}|ClCCCCCl{solv}{x=0.301300}>,CC(=O)N(C)C,ClCCCCCl,openff-2.2.1,1,0.9713748391653872,0.0002286156389928,1.0011000000000003,0.0023
28100,380,dens_1473570029953486090,380,Density,<Substance CC(=O)N(C)C{solv}{x=0.500900}|ClCCCCCl{solv}{x=0.499100}>,CC(=O)N(C)C,ClCCCCCl,openff-2.2.1,1,1.0166973173388023,0.0002544318567966,1.0407000000000004,0.00225
28101,381,dens_176740025668330569,381,Density,<Substance C1CCCCC1{solv}{x=0.499400}|C1COCCO1{solv}{x=0.500600}>,C1CCCCC1,C1COCCO1,openff-2.2.1,1,0.8668306819972722,0.0002140035151924,0.8769800000000002,8.500000000000002e-05
28102,382,dens_476825312331327209,382,Density,<Substance C1CCCCC1{solv}{x=0.297200}|C1COCCO1{solv}{x=0.702800}>,C1CCCCC1,C1COCCO1,openff-2.2.1,1,0.9258327030365008,0.0002572107467834,0.9312200000000004,7.000000000000002e-05
28103,383,dens_985438980823024302,383,Density,<Substance C1CCCCC1{solv}{x=0.699700}|C1COCCO1{solv}{x=0.300300}>,C1CCCCC1,C1COCCO1,openff-2.2.1,1,0.8147505873703498,0.0002464382223954,0.8305800000000002,0.0001
28104,384,dhmix_1624213860575299641,384,EnthalpyOfMixing,<Substance C1CCCCC1{solv}{x=0.492800}|C1COCCO1{solv}{x=0.507200}>,C1CCCCC1,C1COCCO1,openff-2.2.1,1,1.958216522618855,0.041047089366126,1.588,0.008
28105,385,dhmix_1900199136965747019,385,EnthalpyOfMixing,<Substance C1CCCCC1{solv}{x=0.239400}|C1COCCO1{solv}{x=0.760600}>,C1CCCCC1,C1COCCO1,openff-2.2.1,1,1.405503260377941,0.0346832999116702,1.124,0.007
28106,386,dhmix_2022274493214392184,386,EnthalpyOfMixing,<Substance C1CCCCC1{solv}{x=0.744200}|C1COCCO1{solv}{x=0.255800}>,C1CCCCC1,C1COCCO1,openff-2.2.1,1,1.6891608647435703,0.0457438297915087,1.262,0.007
28107,387,dhmix_182795551078530810,387,EnthalpyOfMixing,<Substance C1COCCO1{solv}{x=0.491200}|Cc1ccccc1Cl{solv}{x=0.508800}>,C1COCCO1,Cc1ccccc1Cl,openff-2.2.1,1,0.2975707807613332,0.0413149537775644,0.356,0.002
28108,388,dens_242592003865933955,388,Density,<Substance C1COCCO1{solv}{x=0.835700}|Cc1ccccc1Cl{solv}{x=0.164300}>,C1COCCO1,Cc1ccccc1Cl,openff-2.2.1,1,1.0254606863800646,0.0002592877852089,1.0256,0.0005
28109,389,dens_810150133181620718,389,Density,<Substance C1COCCO1{solv}{x=0.513600}|Cc1ccccc1Cl{solv}{x=0.486400}>,C1COCCO1,Cc1ccccc1Cl,openff-2.2.1,1,1.0514046063121425,0.0002443057530179,1.0536,0.0005
28110,390,dhmix_1949119093643648586,390,EnthalpyOfMixing,<Substance C1COCCO1{solv}{x=0.246200}|Cc1ccccc1Cl{solv}{x=0.753800}>,C1COCCO1,Cc1ccccc1Cl,openff-2.2.1,1,0.2418675576779918,0.0406623004255795,0.206,0.001
28111,391,dens_2161584607380261748,391,Density,<Substance C1COCCO1{solv}{x=0.226300}|Cc1ccccc1Cl{solv}{x=0.773700}>,C1COCCO1,Cc1ccccc1Cl,openff-2.2.1,1,1.0618367752030904,0.0002192945816222,1.0674000000000003,0.0005
28112,392,dhmix_2190589845176325501,392,EnthalpyOfMixing,<Substance C1COCCO1{solv}{x=0.835700}|Cc1ccccc1Cl{solv}{x=0.164300}>,C1COCCO1,Cc1ccccc1Cl,openff-2.2.1,1,0.2123583859845581,0.0475423414817808,0.244,0.0015
28113,393,dens_194492664772262961,393,Density,<Substance CCCOC=O{solv}{x=0.479500}|ClCCCl{solv}{x=0.520500}>,CCCOC=O,ClCCCl,openff-2.2.1,1,1.0602663738156843,0.0003253148487844,1.0603100000000003,0.00196
28114,394,dhmix_438833720470542962,394,EnthalpyOfMixing,<Substance CCCOC=O{solv}{x=0.738500}|ClCCCl{solv}{x=0.261500}>,CCCOC=O,ClCCCl,openff-2.2.1,1,0.0275935176072117,0.0343710888004751,-0.205,0.0025
28115,395,dens_598528978367940263,395,Density,<Substance CCCOC=O{solv}{x=0.254300}|ClCCCl{solv}{x=0.745700}>,CCCOC=O,ClCCCl,openff-2.2.1,1,1.1294572465018646,0.0003911467451617,1.1418800000000005,0.002835
28116,396,dens_822197650497048256,396,Density,<Substance CCCOC=O{solv}{x=0.728100}|ClCCCl{solv}{x=0.271900}>,CCCOC=O,ClCCCl,openff-2.2.1,1,0.98872510533296,0.000250205583338,0.9794600000000002,0.001275
28117,397,dhmix_1971772628311560569,397,EnthalpyOfMixing,<Substance CCCOC=O{solv}{x=0.503500}|ClCCCl{solv}{x=0.496500}>,CCCOC=O,ClCCCl,openff-2.2.1,1,0.0063635257007561,0.0367653074477684,-0.254,0.003
28118,398,dhmix_2087301877194561078,398,EnthalpyOfMixing,<Substance CCCOC=O{solv}{x=0.273300}|ClCCCl{solv}{x=0.726700}>,CCCOC=O,ClCCCl,openff-2.2.1,1,0.0737278302550166,0.0320985008327013,-0.154,0.002
28119,399,dens_196547737404430199,399,Density,<Substance CCC(C)(C)O{solv}{x=0.258400}|CCO{solv}{x=0.741600}>,CCC(C)(C)O,CCO,openff-2.2.1,1,0.7990552752252873,0.0002258066661543,0.7933000000000001,0.0005
28120,400,dens_476512869308734578,400,Density,<Substance CCC(C)(C)O{solv}{x=0.549500}|CCO{solv}{x=0.450500}>,CCC(C)(C)O,CCO,openff-2.2.1,1,0.8108262693242712,0.0002708321088958,0.8018000000000002,0.0005
28121,401,dens_822446541953482206,401,Density,<Substance CCC(C)(C)O{solv}{x=0.676500}|CCO{solv}{x=0.323500}>,CCC(C)(C)O,CCO,openff-2.2.1,1,0.8136402340483865,0.0002527111803721,0.8048000000000002,0.0005
28122,402,dhmix_935690434592096067,402,EnthalpyOfMixing,<Substance CCC(C)(C)O{solv}{x=0.460700}|CCO{solv}{x=0.539300}>,CCC(C)(C)O,CCO,openff-2.2.1,1,-0.7419215867283881,0.0438353087322531,-0.95,0.00405
28123,403,dhmix_1167190373485301023,403,EnthalpyOfMixing,<Substance CCC(C)(C)O{solv}{x=0.730600}|CCO{solv}{x=0.269400}>,CCC(C)(C)O,CCO,openff-2.2.1,1,-0.8959956149674174,0.056707568127734,-0.7709,0.00335
28124,404,dhmix_1275914601266938667,404,EnthalpyOfMixing,<Substance CCC(C)(C)O{solv}{x=0.280700}|CCO{solv}{x=0.719300}>,CCC(C)(C)O,CCO,openff-2.2.1,1,-0.5081276882171264,0.0333250516012236,-0.7056,0.0031
28125,405,dens_196896428021674416,405,Density,<Substance OCCCCO{solv}{x=0.250400}|O{solv}{x=0.749600}>,O,OCCCCO,openff-2.2.1,1,1.0052909677500637,1e-05,1.0206500000000005,0.000165
28126,406,dhmix_204758826312645465,406,EnthalpyOfMixing,<Substance OCCCCO{solv}{x=0.498600}|O{solv}{x=0.501400}>,O,OCCCCO,openff-2.2.1,1,0.5448139670519483,0.0354435982750469,-0.882,0.011
28127,407,dens_523660418548538159,407,Density,<Substance OCCCCO{solv}{x=0.502000}|O{solv}{x=0.498000}>,O,OCCCCO,openff-2.2.1,1,1.013125549627195,1e-05,1.0207100000000002,0.000175
28128,408,dhmix_1424462945700338266,408,EnthalpyOfMixing,<Substance OCCCCO{solv}{x=0.794700}|O{solv}{x=0.205300}>,O,OCCCCO,openff-2.2.1,1,0.2519443598726738,0.0433005057434272,-0.513,0.007
28129,409,dhmix_2166372532060643622,409,EnthalpyOfMixing,<Substance OCCCCO{solv}{x=0.265800}|O{solv}{x=0.734200}>,O,OCCCCO,openff-2.2.1,1,0.4702746355238396,0.0304900279178002,-0.896,0.0115
28130,410,dens_2215793475715067258,410,Density,<Substance OCCCCO{solv}{x=0.752800}|O{solv}{x=0.247200}>,O,OCCCCO,openff-2.2.1,1,1.0182754907429008,1e-05,1.0165900000000003,0.00018
28131,411,dhmix_199788824133179829,411,EnthalpyOfMixing,<Substance CNc1ccccc1{solv}{x=0.497300}|Cc1ccccc1{solv}{x=0.502700}>,CNc1ccccc1,Cc1ccccc1,openff-2.2.1,1,0.897504244838828,0.0460507856056357,0.497,0.0055
28132,412,dens_515118724178190757,412,Density,<Substance CNc1ccccc1{solv}{x=0.740700}|Cc1ccccc1{solv}{x=0.259300}>,CNc1ccccc1,Cc1ccccc1,openff-2.2.1,1,0.9510771740676252,0.0001627839178363,0.9531280000000004,0.0002595
28133,413,dens_730775902780400634,413,Density,<Substance CNc1ccccc1{solv}{x=0.245200}|Cc1ccccc1{solv}{x=0.754800}>,CNc1ccccc1,Cc1ccccc1,openff-2.2.1,1,0.8799709181703257,0.0002366436572244,0.8935250000000002,0.000118
28134,414,dhmix_1213795502778853356,414,EnthalpyOfMixing,<Substance CNc1ccccc1{solv}{x=0.295200}|Cc1ccccc1{solv}{x=0.704800}>,CNc1ccccc1,Cc1ccccc1,openff-2.2.1,1,0.8723216627791572,0.0452552910206596,0.459,0.005
28135,415,dhmix_1321810550349826496,415,EnthalpyOfMixing,<Substance CNc1ccccc1{solv}{x=0.789200}|Cc1ccccc1{solv}{x=0.210800}>,CNc1ccccc1,Cc1ccccc1,openff-2.2.1,1,0.4759950239405235,0.0434709452961787,0.287,0.003
28136,416,dens_2156484405108449314,416,Density,<Substance CNc1ccccc1{solv}{x=0.490000}|Cc1ccccc1{solv}{x=0.510000}>,CNc1ccccc1,Cc1ccccc1,openff-2.2.1,1,0.915241211775873,0.0002396424772924,0.9235800000000004,0.000164
28137,417,dens_199829369486957606,417,Density,<Substance CC#N{solv}{x=0.200300}|c1ccccc1{solv}{x=0.799700}>,CC#N,c1ccccc1,openff-2.2.1,1,0.8469079352535595,0.000270509555747,0.8623400000000002,7.000000000000002e-05
28138,418,dhmix_217315956534335620,418,EnthalpyOfMixing,<Substance CC#N{solv}{x=0.771500}|c1ccccc1{solv}{x=0.228500}>,CC#N,c1ccccc1,openff-2.2.1,1,0.0049782706738863,0.029201298926686,0.3988,0.00815
28139,419,dhmix_730497723685339496,419,EnthalpyOfMixing,<Substance CC#N{solv}{x=0.219600}|c1ccccc1{solv}{x=0.780400}>,CC#N,c1ccccc1,openff-2.2.1,1,-0.0042527553747362,0.0382613003385251,0.2399,0.00495
28140,420,dhmix_1038591828122641798,420,EnthalpyOfMixing,<Substance CC#N{solv}{x=0.529500}|c1ccccc1{solv}{x=0.470500}>,CC#N,c1ccccc1,openff-2.2.1,1,0.0096587718830516,0.0338883125444716,0.4415,0.00905
28141,421,dens_1457706963514561052,421,Density,<Substance CC#N{solv}{x=0.500100}|c1ccccc1{solv}{x=0.499900}>,CC#N,c1ccccc1,openff-2.2.1,1,0.8281155986211735,0.0002994831862477,0.8384600000000002,7.500000000000002e-05
28142,422,dens_2111393000623474162,422,Density,<Substance CC#N{solv}{x=0.700200}|c1ccccc1{solv}{x=0.299800}>,CC#N,c1ccccc1,openff-2.2.1,1,0.8106907515931355,0.0002918069325177,0.8174500000000002,7.500000000000002e-05
28143,423,dens_201591193434833206,423,Density,<Substance CC(C)CC(C)(C)C{solv}{x=0.082400}|CCO{solv}{x=0.917600}>,CC(C)CC(C)(C)C,CCO,openff-2.2.1,1,0.7600443622635242,0.0002959508166719,0.7605800000000003,0.000125
28144,424,dhmix_371477530823830451,424,EnthalpyOfMixing,<Substance CC(C)CC(C)(C)C{solv}{x=0.761700}|CCO{solv}{x=0.238300}>,CC(C)CC(C)(C)C,CCO,openff-2.2.1,1,0.7233425451795483,0.0479628083254192,0.634022,0.006851
28145,425,dhmix_1127868571780691876,425,EnthalpyOfMixing,<Substance CC(C)CC(C)(C)C{solv}{x=0.515800}|CCO{solv}{x=0.484200}>,CC(C)CC(C)(C)C,CCO,openff-2.2.1,1,0.912112854827754,0.0448941225248676,0.638973,0.006903
28146,426,dens_1250915879314267304,426,Density,<Substance CC(C)CC(C)(C)C{solv}{x=0.493740}|CCO{solv}{x=0.506260}>,CC(C)CC(C)(C)C,CCO,openff-2.2.1,1,0.7207538939037915,0.0002592417765826,0.7110500000000001,7.500000000000002e-05
28147,427,dens_1473791133383705310,427,Density,<Substance CC(C)CC(C)(C)C{solv}{x=0.735960}|CCO{solv}{x=0.264040}>,CC(C)CC(C)(C)C,CCO,openff-2.2.1,1,0.7097986077298067,0.0001947692104152,0.6967900000000001,7.500000000000002e-05
28148,428,dhmix_1870637719976274804,428,EnthalpyOfMixing,<Substance CC(C)CC(C)(C)C{solv}{x=0.081500}|CCO{solv}{x=0.918500}>,CC(C)CC(C)(C)C,CCO,openff-2.2.1,1,0.3415509960380998,0.0345910059508218,0.197762,0.0022405
28149,429,dens_202472488934755108,429,Density,<Substance CCC#N{solv}{x=0.301800}|CCOC(C)(C)C{solv}{x=0.698200}>,CCC#N,CCOC(C)(C)C,openff-2.2.1,1,0.7552742243988211,0.0002378505362336,0.7455000000000002,0.0002
28150,430,dens_266175665931869051,430,Density,<Substance CCC#N{solv}{x=0.701400}|CCOC(C)(C)C{solv}{x=0.298600}>,CCC#N,CCOC(C)(C)C,openff-2.2.1,1,0.7671815615820852,0.0002365217355066,0.7617000000000003,0.00035
28151,431,dhmix_801664072836508009,431,EnthalpyOfMixing,<Substance CCC#N{solv}{x=0.301800}|CCOC(C)(C)C{solv}{x=0.698200}>,CCC#N,CCOC(C)(C)C,openff-2.2.1,1,0.1875307032316939,0.0442540796985855,0.4557,0.0062
28152,432,dhmix_1220778152018571786,432,EnthalpyOfMixing,<Substance CCC#N{solv}{x=0.501400}|CCOC(C)(C)C{solv}{x=0.498600}>,CCC#N,CCOC(C)(C)C,openff-2.2.1,1,0.1991083014434984,0.0383852931695415,0.5053,0.00685
28153,433,dhmix_1838699488178562925,433,EnthalpyOfMixing,<Substance CCC#N{solv}{x=0.701400}|CCOC(C)(C)C{solv}{x=0.298600}>,CCC#N,CCOC(C)(C)C,openff-2.2.1,1,0.2289864167018702,0.0397616199790951,0.4078,0.0056
28154,434,dens_1870081876609026392,434,Density,<Substance CCC#N{solv}{x=0.501400}|CCOC(C)(C)C{solv}{x=0.498600}>,CCC#N,CCOC(C)(C)C,openff-2.2.1,1,0.7609358438245133,0.000231827808889,0.7532000000000002,0.0003
28155,435,dens_205210513551931414,435,Density,<Substance CCCC#N{solv}{x=0.200000}|c1ccccc1{solv}{x=0.800000}>,CCCC#N,c1ccccc1,openff-2.2.1,1,0.8414287499202311,0.0002967157479269,0.8576940000000002,5.400000000000001e-05
28156,436,dens_841576887891022329,436,Density,<Substance CCCC#N{solv}{x=0.500000}|c1ccccc1{solv}{x=0.500000}>,CCCC#N,c1ccccc1,openff-2.2.1,1,0.8203726243122283,0.0002263216745331,0.8318550000000002,5.8000000000000014e-05
28157,437,dhmix_901910638840590393,437,EnthalpyOfMixing,<Substance CCCC#N{solv}{x=0.503700}|c1ccccc1{solv}{x=0.496300}>,CCCC#N,c1ccccc1,openff-2.2.1,1,-0.046394897556766,0.0343773064984668,-0.0659,0.00145
28158,438,dhmix_1123099162248680479,438,EnthalpyOfMixing,<Substance CCCC#N{solv}{x=0.752800}|c1ccccc1{solv}{x=0.247200}>,CCCC#N,c1ccccc1,openff-2.2.1,1,-0.0186838550901953,0.037452717042296,-0.0312,0.0008
28159,439,dhmix_1318990508180847616,439,EnthalpyOfMixing,<Substance CCCC#N{solv}{x=0.252800}|c1ccccc1{solv}{x=0.747200}>,CCCC#N,c1ccccc1,openff-2.2.1,1,-0.1005586552902286,0.0296966655195394,-0.0571,0.00125
28160,440,dens_1950627772023797339,440,Density,<Substance CCCC#N{solv}{x=0.700000}|c1ccccc1{solv}{x=0.300000}>,CCCC#N,c1ccccc1,openff-2.2.1,1,0.8058542577568086,0.000260309123929,0.8138540000000002,6.100000000000001e-05
28161,441,dhmix_207411229673186667,441,EnthalpyOfMixing,<Substance CC(C)(C)Cl{solv}{x=0.774700}|CC(C)OC(C)C{solv}{x=0.225300}>,CC(C)(C)Cl,CC(C)OC(C)C,openff-2.2.1,1,-0.0314035731843063,0.0381456497159607,0.0035,0.0004
28162,442,dhmix_263164663491745943,442,EnthalpyOfMixing,<Substance CC(C)(C)Cl{solv}{x=0.551200}|CC(C)OC(C)C{solv}{x=0.448800}>,CC(C)(C)Cl,CC(C)OC(C)C,openff-2.2.1,1,0.0425063836743788,0.0437636531237514,0.0071,0.0004
28163,443,dens_1527979990628499053,443,Density,<Substance CC(C)(C)Cl{solv}{x=0.514800}|CC(C)OC(C)C{solv}{x=0.485200}>,CC(C)(C)Cl,CC(C)OC(C)C,openff-2.2.1,1,0.7889159182331323,0.0003044054192203,0.7723510000000002,0.00042
28164,444,dens_1616242241384486673,444,Density,<Substance CC(C)(C)Cl{solv}{x=0.715200}|CC(C)OC(C)C{solv}{x=0.284800}>,CC(C)(C)Cl,CC(C)OC(C)C,openff-2.2.1,1,0.8148128821894903,0.0002959943381084,0.7971450000000002,0.0003945
28165,445,dens_2075469437997722238,445,Density,<Substance CC(C)(C)Cl{solv}{x=0.199100}|CC(C)OC(C)C{solv}{x=0.800900}>,CC(C)(C)Cl,CC(C)OC(C)C,openff-2.2.1,1,0.7526013973649996,0.0002581925643656,0.7376660000000003,0.0004545
28166,446,dhmix_2101531043492089277,446,EnthalpyOfMixing,<Substance CC(C)(C)Cl{solv}{x=0.219200}|CC(C)OC(C)C{solv}{x=0.780800}>,CC(C)(C)Cl,CC(C)OC(C)C,openff-2.2.1,1,-0.0481774669620236,0.0406654307184434,0.007,0.0004
28167,447,dens_210389881425986721,447,Density,<Substance C1COCO1{solv}{x=0.785000}|CCCCCC(C)=O{solv}{x=0.215000}>,C1COCO1,CCCCCC(C)=O,openff-2.2.1,1,0.9844050779938676,0.0002154883558841,0.9696500000000002,0.0003
28168,448,dhmix_503329310014436107,448,EnthalpyOfMixing,<Substance C1COCO1{solv}{x=0.750000}|CCCCCC(C)=O{solv}{x=0.250000}>,C1COCO1,CCCCCC(C)=O,openff-2.2.1,1,0.5709213861965452,0.0394314345112895,0.37402,0.001955
28169,449,dens_824084186033535550,449,Density,<Substance C1COCO1{solv}{x=0.507100}|CCCCCC(C)=O{solv}{x=0.492900}>,C1COCO1,CCCCCC(C)=O,openff-2.2.1,1,0.8930502459595997,0.0002155643641187,0.8936300000000003,0.00034
28170,450,dens_839548343309182157,450,Density,<Substance C1COCO1{solv}{x=0.244000}|CCCCCC(C)=O{solv}{x=0.756000}>,C1COCO1,CCCCCC(C)=O,openff-2.2.1,1,0.83475526127461,0.000192055225312,0.8445200000000002,0.00038
28171,451,dhmix_1519451899562488304,451,EnthalpyOfMixing,<Substance C1COCO1{solv}{x=0.250000}|CCCCCC(C)=O{solv}{x=0.750000}>,C1COCO1,CCCCCC(C)=O,openff-2.2.1,1,0.4160816579772159,0.046306885693244,0.2754,0.00155
28172,452,dhmix_1874814461447958752,452,EnthalpyOfMixing,<Substance C1COCO1{solv}{x=0.500000}|CCCCCC(C)=O{solv}{x=0.500000}>,C1COCO1,CCCCCC(C)=O,openff-2.2.1,1,0.5700477696554884,0.0382839720227709,0.43148,0.00217
28173,453,dhmix_219236717194413479,453,EnthalpyOfMixing,<Substance CCOc1ccccc1{solv}{x=0.762500}|OCCCc1ccccc1{solv}{x=0.237500}>,CCOc1ccccc1,OCCCc1ccccc1,openff-2.2.1,1,0.8476551443272768,0.0549283940653284,1.1164,0.01195
28174,454,dens_391027492102555874,454,Density,<Substance CCOc1ccccc1{solv}{x=0.515000}|OCCCc1ccccc1{solv}{x=0.485000}>,CCOc1ccccc1,OCCCc1ccccc1,openff-2.2.1,1,0.9596330217190954,0.000178360911637,0.9715100000000002,0.00026
28175,455,dens_603450583692592837,455,Density,<Substance CCOc1ccccc1{solv}{x=0.707400}|OCCCc1ccccc1{solv}{x=0.292600}>,CCOc1ccccc1,OCCCc1ccccc1,openff-2.2.1,1,0.952177861547636,0.000201339825086,0.9634300000000002,0.00026
28176,456,dhmix_1297428070131435744,456,EnthalpyOfMixing,<Substance CCOc1ccccc1{solv}{x=0.516900}|OCCCc1ccccc1{solv}{x=0.483100}>,CCOc1ccccc1,OCCCc1ccccc1,openff-2.2.1,1,1.018808055064255,0.047371018405631,0.989,0.0106
28177,457,dens_1659818614169719187,457,Density,<Substance CCOc1ccccc1{solv}{x=0.216400}|OCCCc1ccccc1{solv}{x=0.783600}>,CCOc1ccccc1,OCCCc1ccccc1,openff-2.2.1,1,0.9708359120883856,0.0001632490002267,0.9832000000000004,0.00026
28178,458,dhmix_2058966624473104004,458,EnthalpyOfMixing,<Substance CCOc1ccccc1{solv}{x=0.262900}|OCCCc1ccccc1{solv}{x=0.737100}>,CCOc1ccccc1,OCCCc1ccccc1,openff-2.2.1,1,0.6226947617306848,0.0533843010641078,0.7,0.00755
28179,459,dhmix_224977805525763267,459,EnthalpyOfMixing,<Substance OCCO{solv}{x=0.519300}|O{solv}{x=0.480700}>,O,OCCO,openff-2.2.1,1,0.0935073063782105,0.0224355039896899,-0.64,0.0035
28180,460,dhmix_454389511592218960,460,EnthalpyOfMixing,<Substance OCCO{solv}{x=0.790900}|O{solv}{x=0.209100}>,O,OCCO,openff-2.2.1,1,-0.0673472421612508,0.0349612928956062,-0.347,0.0025
28181,461,dens_624011570206871166,461,Density,<Substance OCCO{solv}{x=0.500560}|O{solv}{x=0.499440}>,O,OCCO,openff-2.2.1,1,1.087649089131006,0.0003404711613498,1.0923200000000002,0.0005
28182,462,dhmix_997365299263661959,462,EnthalpyOfMixing,<Substance OCCO{solv}{x=0.205100}|O{solv}{x=0.794900}>,O,OCCO,openff-2.2.1,1,0.1906819035326421,0.0234057471044965,-0.681,0.004
28183,463,dens_1521229282261002740,463,Density,<Substance OCCO{solv}{x=0.299010}|O{solv}{x=0.700990}>,O,OCCO,openff-2.2.1,1,1.062335430944023,1e-05,1.0735400000000002,0.0005
28184,464,dens_2015496231826454735,464,Density,<Substance OCCO{solv}{x=0.706260}|O{solv}{x=0.293740}>,O,OCCO,openff-2.2.1,1,1.104210591245192,0.0003251264501294,1.1022400000000003,0.0005
28185,465,dhmix_230261418136264651,465,EnthalpyOfMixing,<Substance CCCCOC(C)=O{solv}{x=0.700700}|CCOC(C)=O{solv}{x=0.299300}>,CCCCOC(C)=O,CCOC(C)=O,openff-2.2.1,1,-0.0122777339070516,0.0470213761627387,0.0594,0.001
28186,466,dhmix_287092636460772443,466,EnthalpyOfMixing,<Substance CCCCOC(C)=O{solv}{x=0.501800}|CCOC(C)=O{solv}{x=0.498200}>,CCCCOC(C)=O,CCOC(C)=O,openff-2.2.1,1,0.0057581614970771,0.0442551098729634,0.076,0.0012
28187,467,dens_436289636626232396,467,Density,<Substance CCCCOC(C)=O{solv}{x=0.501800}|CCOC(C)=O{solv}{x=0.498200}>,CCCCOC(C)=O,CCOC(C)=O,openff-2.2.1,1,0.8861187417789204,0.0002161975612213,0.8829000000000002,0.0002
28188,468,dens_1739528506032569134,468,Density,<Substance CCCCOC(C)=O{solv}{x=0.201200}|CCOC(C)=O{solv}{x=0.798800}>,CCCCOC(C)=O,CCOC(C)=O,openff-2.2.1,1,0.8929746561491337,0.0002566221547231,0.8889000000000001,0.0002
28189,469,dhmix_1951544232160779982,469,EnthalpyOfMixing,<Substance CCCCOC(C)=O{solv}{x=0.201200}|CCOC(C)=O{solv}{x=0.798800}>,CCCCOC(C)=O,CCOC(C)=O,openff-2.2.1,1,0.014877985323622,0.0419205385192927,0.0524,0.0009
28190,470,dens_2199004103648094822,470,Density,<Substance CCCCOC(C)=O{solv}{x=0.700700}|CCOC(C)=O{solv}{x=0.299300}>,CCCCOC(C)=O,CCOC(C)=O,openff-2.2.1,1,0.8819790271699082,0.0002036152737426,0.8797000000000003,0.0002
28191,471,dens_230610561971140401,471,Density,<Substance CN(C)CCO{solv}{x=0.507700}|O{solv}{x=0.492300}>,CN(C)CCO,O,openff-2.2.1,1,0.9152558113946868,0.0002692451805993,0.9237220000000002,0.000504
28192,472,dens_531222131704065782,472,Density,<Substance CN(C)CCO{solv}{x=0.765200}|O{solv}{x=0.234800}>,CN(C)CCO,O,openff-2.2.1,1,0.8996688774320812,0.00030410791002,0.8989030000000002,0.0005805
28193,473,dhmix_569544738684419327,473,EnthalpyOfMixing,<Substance CN(C)CCO{solv}{x=0.536500}|O{solv}{x=0.463500}>,CN(C)CCO,O,openff-2.2.1,1,-2.098978285881159,0.0367310744514275,-2.575,0.0525
28194,474,dens_1319192913326669904,474,Density,<Substance CN(C)CCO{solv}{x=0.264330}|O{solv}{x=0.735670}>,CN(C)CCO,O,openff-2.2.1,1,0.9353777032238396,0.000341576716297,0.9590000000000002,0.0029
28195,475,dhmix_1669606825693628140,475,EnthalpyOfMixing,<Substance CN(C)CCO{solv}{x=0.205200}|O{solv}{x=0.794800}>,CN(C)CCO,O,openff-2.2.1,1,-1.4476071293370427,0.0268534620619075,-2.587,0.0525
28196,476,dhmix_1723343163215510297,476,EnthalpyOfMixing,<Substance CN(C)CCO{solv}{x=0.799600}|O{solv}{x=0.200400}>,CN(C)CCO,O,openff-2.2.1,1,-1.1394022410004254,0.0431121849641,-1.247,0.0255
28197,477,dens_233554406241639981,477,Density,<Substance CC(C)CC(C)(C)C{solv}{x=0.200000}|CCCCOCCCC{solv}{x=0.800000}>,CC(C)CC(C)(C)C,CCCCOCCCC,openff-2.2.1,1,0.7458346554654783,0.0001939711867807,0.7497500000000001,0.00017
28198,478,dhmix_465541682585001245,478,EnthalpyOfMixing,<Substance CC(C)CC(C)(C)C{solv}{x=0.200400}|CCCCOCCCC{solv}{x=0.799600}>,CC(C)CC(C)(C)C,CCCCOCCCC,openff-2.2.1,1,0.1547616385649632,0.0560580385657658,0.07397,0.00099
28199,479,dhmix_1505777056782392294,479,EnthalpyOfMixing,<Substance CC(C)CC(C)(C)C{solv}{x=0.400400}|CCCCOCCCC{solv}{x=0.599600}>,CC(C)CC(C)(C)C,CCCCOCCCC,openff-2.2.1,1,0.2447142501403334,0.0525696030701459,0.11538,0.001385
28200,480,dhmix_1595104467389948583,480,EnthalpyOfMixing,<Substance CC(C)CC(C)(C)C{solv}{x=0.700500}|CCCCOCCCC{solv}{x=0.299500}>,CC(C)CC(C)(C)C,CCCCOCCCC,openff-2.2.1,1,0.3469531517601751,0.0473002333095976,0.10948,0.00133
28201,481,dens_1672861274914038509,481,Density,<Substance CC(C)CC(C)(C)C{solv}{x=0.399700}|CCCCOCCCC{solv}{x=0.600300}>,CC(C)CC(C)(C)C,CCCCOCCCC,openff-2.2.1,1,0.7344447500085685,0.0001841663551673,0.7348100000000001,0.000175
28202,482,dens_1954694146948787176,482,Density,<Substance CC(C)CC(C)(C)C{solv}{x=0.700000}|CCCCOCCCC{solv}{x=0.300000}>,CC(C)CC(C)(C)C,CCCCOCCCC,openff-2.2.1,1,0.7189422064876629,0.0001698437524767,0.7117300000000002,0.000185
28203,483,dens_234746850701826990,483,Density,<Substance CC#N{solv}{x=0.700000}|CCCCCO{solv}{x=0.300000}>,CC#N,CCCCCO,openff-2.2.1,1,0.7929108889543158,0.0002158682536912,0.7924200000000001,0.000165
28204,484,dens_1261543146081029601,484,Density,<Substance CC#N{solv}{x=0.500300}|CCCCCO{solv}{x=0.499700}>,CC#N,CCCCCO,openff-2.2.1,1,0.7996496309866001,0.0002384781673196,0.7996400000000001,0.000185
28205,485,dens_1462197010819319813,485,Density,<Substance CC#N{solv}{x=0.203100}|CCCCCO{solv}{x=0.796900}>,CC#N,CCCCCO,openff-2.2.1,1,0.8069412611061973,0.0001969352640403,0.8090600000000001,0.00022
28206,486,dhmix_1595997756227951615,486,EnthalpyOfMixing,<Substance CC#N{solv}{x=0.235500}|CCCCCO{solv}{x=0.764500}>,CC#N,CCCCCO,openff-2.2.1,1,1.4156004333187084,0.0471542002397551,1.451,0.006
28207,487,dhmix_1745037615762894827,487,EnthalpyOfMixing,<Substance CC#N{solv}{x=0.516700}|CCCCCO{solv}{x=0.483300}>,CC#N,CCCCCO,openff-2.2.1,1,1.9420900360375943,0.0396900774944181,2.017,0.008
28208,488,dhmix_2294048253872291609,488,EnthalpyOfMixing,<Substance CC#N{solv}{x=0.771100}|CCCCCO{solv}{x=0.228900}>,CC#N,CCCCCO,openff-2.2.1,1,1.564084247889456,0.0320605492386864,1.656,0.007
28209,489,dens_237912652331354824,489,Density,<Substance C1COCCO1{solv}{x=0.512200}|CCCC(C)=O{solv}{x=0.487800}>,C1COCCO1,CCCC(C)=O,openff-2.2.1,1,0.8931958392679473,0.0002470254802727,0.90478,0.00023
28210,490,dhmix_951401191616771155,490,EnthalpyOfMixing,<Substance C1COCCO1{solv}{x=0.750000}|CCCC(C)=O{solv}{x=0.250000}>,C1COCCO1,CCCC(C)=O,openff-2.2.1,1,0.2698898232316367,0.0424971348009815,0.23761,0.00135
28211,491,dens_1815088975543208186,491,Density,<Substance C1COCCO1{solv}{x=0.225400}|CCCC(C)=O{solv}{x=0.774600}>,C1COCCO1,CCCC(C)=O,openff-2.2.1,1,0.8260134319220525,0.0002462417635354,0.8442800000000001,0.00022
28212,492,dens_2079717107234551519,492,Density,<Substance C1COCCO1{solv}{x=0.782300}|CCCC(C)=O{solv}{x=0.217700}>,C1COCCO1,CCCC(C)=O,openff-2.2.1,1,0.9638865538360204,0.0002526366707952,0.9692000000000004,0.000245
28213,493,dhmix_2166059870593139530,493,EnthalpyOfMixing,<Substance C1COCCO1{solv}{x=0.500000}|CCCC(C)=O{solv}{x=0.500000}>,C1COCCO1,CCCC(C)=O,openff-2.2.1,1,0.3056248201571137,0.0411084726585692,0.26523,0.001455
28214,494,dhmix_2196150660196365471,494,EnthalpyOfMixing,<Substance C1COCCO1{solv}{x=0.250000}|CCCC(C)=O{solv}{x=0.750000}>,C1COCCO1,CCCC(C)=O,openff-2.2.1,1,0.2492477652417477,0.0357122749514764,0.1704,0.001085
28215,495,dhmix_243334109655928306,495,EnthalpyOfMixing,<Substance C1CCOCC1{solv}{x=0.783200}|c1ccccc1{solv}{x=0.216800}>,C1CCOCC1,c1ccccc1,openff-2.2.1,1,-0.0993190009925797,0.0454603425248968,-0.1399,0.00165
28216,496,dens_257753427541292519,496,Density,<Substance C1CCOCC1{solv}{x=0.479400}|c1ccccc1{solv}{x=0.520600}>,C1CCOCC1,c1ccccc1,openff-2.2.1,1,0.8624413096333837,0.0002326374405215,0.8778700000000003,0.000505
28217,497,dhmix_604341867718608333,497,EnthalpyOfMixing,<Substance C1CCOCC1{solv}{x=0.242500}|c1ccccc1{solv}{x=0.757500}>,C1CCOCC1,c1ccccc1,openff-2.2.1,1,-0.0236377836599501,0.0398311456882906,-0.1608,0.00185
28218,498,dens_791001710124267373,498,Density,<Substance C1CCOCC1{solv}{x=0.223900}|c1ccccc1{solv}{x=0.776100}>,C1CCOCC1,c1ccccc1,openff-2.2.1,1,0.8591765962726444,0.0002656280816235,0.8761000000000002,0.0005
28219,499,dens_1402061243325720407,499,Density,<Substance C1CCOCC1{solv}{x=0.743200}|c1ccccc1{solv}{x=0.256800}>,C1CCOCC1,c1ccccc1,openff-2.2.1,1,0.8649225606642323,0.0002367013096818,0.8789500000000002,0.000505
28220,500,dhmix_1407142629314355761,500,EnthalpyOfMixing,<Substance C1CCOCC1{solv}{x=0.498200}|c1ccccc1{solv}{x=0.501800}>,C1CCOCC1,c1ccccc1,openff-2.2.1,1,-0.1318699393356865,0.0419660682941577,-0.2365,0.00265
28221,501,dhmix_266800455813556356,501,EnthalpyOfMixing,<Substance CO{solv}{x=0.727200}|OCc1ccccc1{solv}{x=0.272800}>,CO,OCc1ccccc1,openff-2.2.1,1,-0.1035270469513705,0.0296690627004431,-0.0792,0.001
28222,502,dhmix_949671607207910651,502,EnthalpyOfMixing,<Substance CO{solv}{x=0.500500}|OCc1ccccc1{solv}{x=0.499500}>,CO,OCc1ccccc1,openff-2.2.1,1,-0.1285659383008237,0.0367700486026946,-0.1408,0.00165
28223,503,dhmix_1388744759732522219,503,EnthalpyOfMixing,<Substance CO{solv}{x=0.200200}|OCc1ccccc1{solv}{x=0.799800}>,CO,OCc1ccccc1,openff-2.2.1,1,-0.0330453546011142,0.0461582595849525,-0.1081,0.0013
28224,504,dens_270046772857960816,504,Density,<Substance C1CCOCC1{solv}{x=0.732100}|Cc1ccccc1{solv}{x=0.267900}>,C1CCOCC1,Cc1ccccc1,openff-2.2.1,1,0.860788871400758,0.0002307225160445,0.8754100000000001,0.000505
28225,505,dens_324774743687652276,505,Density,<Substance C1CCOCC1{solv}{x=0.238700}|Cc1ccccc1{solv}{x=0.761300}>,C1CCOCC1,Cc1ccccc1,openff-2.2.1,1,0.8492956735255586,0.000297698933807,0.8669900000000003,0.000505
28226,506,dhmix_390107187187002597,506,EnthalpyOfMixing,<Substance C1CCOCC1{solv}{x=0.531900}|Cc1ccccc1{solv}{x=0.468100}>,C1CCOCC1,Cc1ccccc1,openff-2.2.1,1,-0.1272692471036265,0.0336784808726393,-0.2225,0.0025
28227,507,dhmix_1070320975529400325,507,EnthalpyOfMixing,<Substance C1CCOCC1{solv}{x=0.280600}|Cc1ccccc1{solv}{x=0.719400}>,C1CCOCC1,Cc1ccccc1,openff-2.2.1,1,-0.113557920588633,0.0420470389474715,-0.1687,0.00195
28228,508,dens_1397318239527979287,508,Density,<Substance C1CCOCC1{solv}{x=0.491500}|Cc1ccccc1{solv}{x=0.508500}>,C1CCOCC1,Cc1ccccc1,openff-2.2.1,1,0.8554196728476672,0.0002406772206613,0.8715100000000002,0.000505
28229,509,dhmix_1508130989501940613,509,EnthalpyOfMixing,<Substance C1CCOCC1{solv}{x=0.741300}|Cc1ccccc1{solv}{x=0.258700}>,C1CCOCC1,Cc1ccccc1,openff-2.2.1,1,-0.0176714853267583,0.0420090040989469,-0.1629,0.0019
28230,510,dhmix_271732469428717581,510,EnthalpyOfMixing,<Substance COc1ccccc1{solv}{x=0.237400}|OCCCc1ccccc1{solv}{x=0.762600}>,COc1ccccc1,OCCCc1ccccc1,openff-2.2.1,1,0.6352531453176624,0.0536713875772884,0.6076,0.0066
28231,511,dhmix_1174392275991455181,511,EnthalpyOfMixing,<Substance COc1ccccc1{solv}{x=0.554700}|OCCCc1ccccc1{solv}{x=0.445300}>,COc1ccccc1,OCCCc1ccccc1,openff-2.2.1,1,0.9555262902832452,0.0483427626939782,1.0293,0.01105
28232,512,dhmix_1179341622676685107,512,EnthalpyOfMixing,<Substance COc1ccccc1{solv}{x=0.713600}|OCCCc1ccccc1{solv}{x=0.286400}>,COc1ccccc1,OCCCc1ccccc1,openff-2.2.1,1,1.0541882395206912,0.0463054378740401,1.1088,0.0119
28233,513,dens_1468428612899754720,513,Density,<Substance COc1ccccc1{solv}{x=0.747700}|OCCCc1ccccc1{solv}{x=0.252300}>,COc1ccccc1,OCCCc1ccccc1,openff-2.2.1,1,0.9678678876309844,0.0001854079057627,0.9827800000000002,0.00026
28234,514,dens_1534619098234859574,514,Density,<Substance COc1ccccc1{solv}{x=0.555100}|OCCCc1ccccc1{solv}{x=0.444900}>,COc1ccccc1,OCCCc1ccccc1,openff-2.2.1,1,0.970633137937472,0.0001542844050922,0.9852700000000002,0.00026
28235,515,dens_2298154173340539222,515,Density,<Substance COc1ccccc1{solv}{x=0.263600}|OCCCc1ccccc1{solv}{x=0.736400}>,COc1ccccc1,OCCCc1ccccc1,openff-2.2.1,1,0.975520543809454,0.0002994482309904,0.9885500000000002,0.00026
28236,516,dens_274848672468745759,516,Density,<Substance CCCCOC(C)=O{solv}{x=0.293400}|c1ccccc1{solv}{x=0.706600}>,CCCCOC(C)=O,c1ccccc1,openff-2.2.1,1,0.864277790981424,0.0002578435084692,0.8736600000000002,0.00021
28237,517,dens_493354132810710227,517,Density,<Substance CCCCOC(C)=O{solv}{x=0.710500}|c1ccccc1{solv}{x=0.289500}>,CCCCOC(C)=O,c1ccccc1,openff-2.2.1,1,0.8727508798095278,0.0001464228540645,0.8751500000000002,0.000335
28238,518,dhmix_754807126845437364,518,EnthalpyOfMixing,<Substance CCCCOC(C)=O{solv}{x=0.495800}|c1ccccc1{solv}{x=0.504200}>,CCCCOC(C)=O,c1ccccc1,openff-2.2.1,1,-0.1292428180379126,0.0432329329667797,-0.0245,0.001
28239,519,dens_834118541551127044,519,Density,<Substance CCCCOC(C)=O{solv}{x=0.504400}|c1ccccc1{solv}{x=0.495600}>,CCCCOC(C)=O,c1ccccc1,openff-2.2.1,1,0.8688370687665629,0.0002479242411842,0.8744300000000002,0.000265
28240,520,dhmix_1349932525480083284,520,EnthalpyOfMixing,<Substance CCCCOC(C)=O{solv}{x=0.252300}|c1ccccc1{solv}{x=0.747700}>,CCCCOC(C)=O,c1ccccc1,openff-2.2.1,1,-0.1676984925860765,0.0377595361842573,-0.014,0.0009
28241,521,dhmix_1597992980658352112,521,EnthalpyOfMixing,<Substance CCCCOC(C)=O{solv}{x=0.771400}|c1ccccc1{solv}{x=0.228600}>,CCCCOC(C)=O,c1ccccc1,openff-2.2.1,1,-0.1323881382921055,0.0490895165542479,-0.0245,0.001
28242,522,dens_275501958869207518,522,Density,<Substance C1CCOCC1{solv}{x=0.226300}|Cc1ccccc1Cl{solv}{x=0.773700}>,C1CCOCC1,Cc1ccccc1Cl,openff-2.2.1,1,1.0295346519058517,0.0002567223262962,1.0396,0.0005
28243,523,dhmix_818597523255588519,523,EnthalpyOfMixing,<Substance C1CCOCC1{solv}{x=0.753300}|Cc1ccccc1Cl{solv}{x=0.246700}>,C1CCOCC1,Cc1ccccc1Cl,openff-2.2.1,1,-0.2602388396860817,0.0447819280002595,-0.154,0.001
28244,524,dhmix_849121557716978550,524,EnthalpyOfMixing,<Substance C1CCOCC1{solv}{x=0.517500}|Cc1ccccc1Cl{solv}{x=0.482500}>,C1CCOCC1,Cc1ccccc1Cl,openff-2.2.1,1,-0.3382218741690366,0.0420061633428834,-0.22,0.0015
28245,525,dens_946978292781731327,525,Density,<Substance C1CCOCC1{solv}{x=0.478400}|Cc1ccccc1Cl{solv}{x=0.521600}>,C1CCOCC1,Cc1ccccc1Cl,openff-2.2.1,1,0.9825437869845952,0.0002598912389842,0.9931600000000002,0.00051
28246,526,dhmix_997266220336132741,526,EnthalpyOfMixing,<Substance C1CCOCC1{solv}{x=0.263200}|Cc1ccccc1Cl{solv}{x=0.736800}>,C1CCOCC1,Cc1ccccc1Cl,openff-2.2.1,1,-0.1585130529705338,0.0465336952832744,-0.175,0.001
28247,527,dens_1191185394819541532,527,Density,<Substance C1CCOCC1{solv}{x=0.765800}|Cc1ccccc1Cl{solv}{x=0.234200}>,C1CCOCC1,Cc1ccccc1Cl,openff-2.2.1,1,0.921917153952413,0.0001719895717591,0.9336500000000002,0.000505
28248,528,dhmix_278334692660393021,528,EnthalpyOfMixing,<Substance CCCCCCC{solv}{x=0.205900}|CNc1ccccc1{solv}{x=0.794100}>,CCCCCCC,CNc1ccccc1,openff-2.2.1,1,1.4835008988949596,0.0493642631908243,1.126,0.012
28249,529,dens_480658478095207102,529,Density,<Substance CCCCCCC{solv}{x=0.740500}|CNc1ccccc1{solv}{x=0.259500}>,CCCCCCC,CNc1ccccc1,openff-2.2.1,1,0.730375662280765,0.0002048207057621,0.7424910000000001,0.00014
28250,530,dhmix_898293423987680187,530,EnthalpyOfMixing,<Substance CCCCCCC{solv}{x=0.501700}|CNc1ccccc1{solv}{x=0.498300}>,CCCCCCC,CNc1ccccc1,openff-2.2.1,1,2.05802897237713,0.0489406991611178,1.676,0.018
28251,531,dens_1509968737377061562,531,Density,<Substance CCCCCCC{solv}{x=0.250900}|CNc1ccccc1{solv}{x=0.749100}>,CCCCCCC,CNc1ccccc1,openff-2.2.1,1,0.8861503872014284,0.0002044966598556,0.8897150000000003,0.0002615
28252,532,dhmix_1680546488782143957,532,EnthalpyOfMixing,<Substance CCCCCCC{solv}{x=0.703200}|CNc1ccccc1{solv}{x=0.296800}>,CCCCCCC,CNc1ccccc1,openff-2.2.1,1,1.930304078207868,0.0448613246230135,1.539,0.0165
28253,533,dens_2074014246120135820,533,Density,<Substance CCCCCCC{solv}{x=0.497000}|CNc1ccccc1{solv}{x=0.503000}>,CCCCCCC,CNc1ccccc1,openff-2.2.1,1,0.8021139273348565,0.0002082200259996,0.8106920000000002,0.0001785
28254,534,dens_296890921001565391,534,Density,<Substance CCCCN{solv}{x=0.755200}|CN(C)C=O{solv}{x=0.244800}>,CCCCN,CN(C)C=O,openff-2.2.1,1,0.7871518575222869,0.0002410896459811,0.7762150000000002,0.000949
28255,535,dens_380536870617309130,535,Density,<Substance CCCCN{solv}{x=0.242800}|CN(C)C=O{solv}{x=0.757200}>,CCCCN,CN(C)C=O,openff-2.2.1,1,0.8736650302126148,0.0002588832261334,0.8845160000000002,0.0010795
28256,536,dhmix_493117160214491795,536,EnthalpyOfMixing,<Substance CCCCN{solv}{x=0.244100}|CN(C)C=O{solv}{x=0.755900}>,CCCCN,CN(C)C=O,openff-2.2.1,1,0.022383073607429,0.0380495312028184,0.245,0.008
28257,537,dhmix_789225002934078019,537,EnthalpyOfMixing,<Substance CCCCN{solv}{x=0.750200}|CN(C)C=O{solv}{x=0.249800}>,CCCCN,CN(C)C=O,openff-2.2.1,1,0.1709700366676898,0.0359125443587129,0.32,0.01
28258,538,dhmix_941321571782058819,538,EnthalpyOfMixing,<Substance CCCCN{solv}{x=0.499200}|CN(C)C=O{solv}{x=0.500800}>,CCCCN,CN(C)C=O,openff-2.2.1,1,0.2018560426617881,0.0412194381220976,0.384,0.0115
28259,539,dens_2179361372918836941,539,Density,<Substance CCCCN{solv}{x=0.497200}|CN(C)C=O{solv}{x=0.502800}>,CCCCN,CN(C)C=O,openff-2.2.1,1,0.8293299054712597,0.0002408386090136,0.8277360000000001,0.001011
28260,540,dens_300257448272323407,540,Density,<Substance CC(C)O{solv}{x=0.745200}|NCCN{solv}{x=0.254800}>,CC(C)O,NCCN,openff-2.2.1,1,0.8463168467568917,0.0002673454918621,0.8163970000000003,0.0002325
28261,541,dens_924750366683277351,541,Density,<Substance CC(C)O{solv}{x=0.203100}|NCCN{solv}{x=0.796900}>,CC(C)O,NCCN,openff-2.2.1,1,0.9709740482733468,0.0003281410197282,0.8736620000000003,0.0002225
28262,542,dens_2284409308160572308,542,Density,<Substance CC(C)O{solv}{x=0.489100}|NCCN{solv}{x=0.510900}>,CC(C)O,NCCN,openff-2.2.1,1,0.9018138510591936,0.0002345620799561,0.8449250000000001,0.0002245
28263,543,dens_305501840068636812,543,Density,<Substance CC(C)=O{solv}{x=0.750000}|CCO{solv}{x=0.250000}>,CC(C)=O,CCO,openff-2.2.1,1,0.7703819891791291,1e-05,0.7859000000000002,0.000115
28264,544,dens_472577738907297293,544,Density,<Substance CC(C)=O{solv}{x=0.250000}|CCO{solv}{x=0.750000}>,CC(C)=O,CCO,openff-2.2.1,1,0.7772279097513517,1e-05,0.7861600000000002,0.000115
28265,545,dens_2271083741716457850,545,Density,<Substance CC(C)=O{solv}{x=0.499900}|CCO{solv}{x=0.500100}>,CC(C)=O,CCO,openff-2.2.1,1,0.7729395675448923,1e-05,0.7861900000000003,0.000115
28266,546,dens_307445163336341047,546,Density,<Substance CN1CCCC1=O{solv}{x=0.703700}|ClCCCl{solv}{x=0.296300}>,CN1CCCC1=O,ClCCCl,openff-2.2.1,1,1.0615005890312768,0.0001788913683635,1.0851000000000002,0.0002
28267,547,dhmix_453866769634566853,547,EnthalpyOfMixing,<Substance CN1CCCC1=O{solv}{x=0.253100}|ClCCCl{solv}{x=0.746900}>,CN1CCCC1=O,ClCCCl,openff-2.2.1,1,-0.4943803933564865,0.0338524659542203,-0.8118,0.01525
28268,548,dhmix_536206650470008584,548,EnthalpyOfMixing,<Substance CN1CCCC1=O{solv}{x=0.500000}|ClCCCl{solv}{x=0.500000}>,CN1CCCC1=O,ClCCCl,openff-2.2.1,1,-0.5981903079287463,0.0373443164087262,-1.264,0.0055
28269,549,dens_1046625605566999080,549,Density,<Substance CN1CCCC1=O{solv}{x=0.202500}|ClCCCl{solv}{x=0.797500}>,CN1CCCC1=O,ClCCCl,openff-2.2.1,1,1.1731970447251403,0.0003742226193125,1.1953000000000005,0.00025
28270,550,dhmix_1620571823529677157,550,EnthalpyOfMixing,<Substance CN1CCCC1=O{solv}{x=0.736700}|ClCCCl{solv}{x=0.263300}>,CN1CCCC1=O,ClCCCl,openff-2.2.1,1,-0.4579285992291382,0.0388946761982988,-0.8587,0.01605
28271,551,dens_2059567022041766694,551,Density,<Substance CN1CCCC1=O{solv}{x=0.497500}|ClCCCl{solv}{x=0.502500}>,CN1CCCC1=O,ClCCCl,openff-2.2.1,1,1.1082779779374283,0.0003163724528157,1.1283000000000003,0.0002
28272,552,dens_313234519309892479,552,Density,<Substance CC(=O)N(C)C{solv}{x=0.293800}|CCCCCCCCCl{solv}{x=0.706200}>,CC(=O)N(C)C,CCCCCCCCCl,openff-2.2.1,1,0.8670685768027888,0.0002016452173781,0.8796000000000003,0.00045
28273,553,dhmix_444785917463403590,553,EnthalpyOfMixing,<Substance CC(=O)N(C)C{solv}{x=0.703000}|CCCCCCCCCl{solv}{x=0.297000}>,CC(=O)N(C)C,CCCCCCCCCl,openff-2.2.1,1,0.8307730309001471,0.0422321990816344,0.751,0.004
28274,554,dhmix_705168937124106402,554,EnthalpyOfMixing,<Substance CC(=O)N(C)C{solv}{x=0.215000}|CCCCCCCCCl{solv}{x=0.785000}>,CC(=O)N(C)C,CCCCCCCCCl,openff-2.2.1,1,0.6742299001968917,0.0547992166940284,0.519,0.0035
28275,555,dens_1549584991651515376,555,Density,<Substance CC(=O)N(C)C{solv}{x=0.502200}|CCCCCCCCCl{solv}{x=0.497800}>,CC(=O)N(C)C,CCCCCCCCCl,openff-2.2.1,1,0.8729453122384395,0.0001862593486284,0.8902000000000002,0.0004
28276,556,dhmix_1732161251827083272,556,EnthalpyOfMixing,<Substance CC(=O)N(C)C{solv}{x=0.508000}|CCCCCCCCCl{solv}{x=0.492000}>,CC(=O)N(C)C,CCCCCCCCCl,openff-2.2.1,1,0.8434558680305884,0.0491746915724986,0.829,0.004
28277,557,dens_2189889607118243828,557,Density,<Substance CC(=O)N(C)C{solv}{x=0.700500}|CCCCCCCCCl{solv}{x=0.299500}>,CC(=O)N(C)C,CCCCCCCCCl,openff-2.2.1,1,0.8802355194392301,0.0002253261092746,0.9041000000000002,0.00035
28278,558,dens_314482396827660717,558,Density,<Substance BrCCBr{solv}{x=0.753700}|COC(C)=O{solv}{x=0.246300}>,BrCCBr,COC(C)=O,openff-2.2.1,1,1.84225048675479,0.0006186914143635,1.8774400000000004,0.003355
28279,559,dens_344993892965738820,559,Density,<Substance BrCCBr{solv}{x=0.275200}|COC(C)=O{solv}{x=0.724800}>,BrCCBr,COC(C)=O,openff-2.2.1,1,1.2811215838175036,0.0002923296530207,1.2862400000000005,0.001125
28280,560,dhmix_545996968666061076,560,EnthalpyOfMixing,<Substance BrCCBr{solv}{x=0.720900}|COC(C)=O{solv}{x=0.279100}>,BrCCBr,COC(C)=O,openff-2.2.1,1,-0.0916040685970314,0.0325797636750394,0.2594,0.0028
28281,561,dens_714044009336077786,561,Density,<Substance BrCCBr{solv}{x=0.512100}|COC(C)=O{solv}{x=0.487900}>,BrCCBr,COC(C)=O,openff-2.2.1,1,1.5673471088280715,0.0004784920989795,1.5834900000000005,0.0021
28282,562,dhmix_1222511035002547253,562,EnthalpyOfMixing,<Substance BrCCBr{solv}{x=0.485500}|COC(C)=O{solv}{x=0.514500}>,BrCCBr,COC(C)=O,openff-2.2.1,1,-0.0801025726784985,0.0315113534200105,0.2577,0.00275
28283,563,dhmix_1418101673429653456,563,EnthalpyOfMixing,<Substance BrCCBr{solv}{x=0.250800}|COC(C)=O{solv}{x=0.749200}>,BrCCBr,COC(C)=O,openff-2.2.1,1,-0.0553102923768165,0.0387270256608465,0.1202,0.0017
28284,564,dens_314934747194338330,564,Density,<Substance CC(C)CCl{solv}{x=0.513700}|CC(C)OC(C)C{solv}{x=0.486300}>,CC(C)CCl,CC(C)OC(C)C,openff-2.2.1,1,0.7908781444219424,0.0002671144412717,0.7878250000000002,0.000405
28285,565,dhmix_355399496844187096,565,EnthalpyOfMixing,<Substance CC(C)CCl{solv}{x=0.545300}|CC(C)OC(C)C{solv}{x=0.454700}>,CC(C)CCl,CC(C)OC(C)C,openff-2.2.1,1,-0.2083665247224857,0.0442770430822628,-0.0957,0.0012
28286,566,dens_688062365117407068,566,Density,<Substance CC(C)CCl{solv}{x=0.805900}|CC(C)OC(C)C{solv}{x=0.194100}>,CC(C)CCl,CC(C)OC(C)C,openff-2.2.1,1,0.8319600299566366,0.0003061888211281,0.8355300000000002,0.0003555
28287,567,dhmix_1411881046585885461,567,EnthalpyOfMixing,<Substance CC(C)CCl{solv}{x=0.090700}|CC(C)OC(C)C{solv}{x=0.909300}>,CC(C)CCl,CC(C)OC(C)C,openff-2.2.1,1,-0.0958421852787267,0.0481959739431465,-0.0302,0.00055
28288,568,dens_1762455266351712367,568,Density,<Substance CC(C)CCl{solv}{x=0.091000}|CC(C)OC(C)C{solv}{x=0.909000}>,CC(C)CCl,CC(C)OC(C)C,openff-2.2.1,1,0.7415740605865708,0.0002473489693303,0.7293950000000001,0.000464
28289,569,dhmix_2302865667781063708,569,EnthalpyOfMixing,<Substance CC(C)CCl{solv}{x=0.727000}|CC(C)OC(C)C{solv}{x=0.273000}>,CC(C)CCl,CC(C)OC(C)C,openff-2.2.1,1,-0.2128673055716774,0.0376738430988468,-0.0791,0.001
28290,570,dens_321327254341950207,570,Density,<Substance C1COCCO1{solv}{x=0.780300}|CCCCCC(C)=O{solv}{x=0.219700}>,C1COCCO1,CCCCCC(C)=O,openff-2.2.1,1,0.9530197220995528,0.0002146655609213,0.9576500000000002,0.0003
28291,571,dens_377701756930918353,571,Density,<Substance C1COCCO1{solv}{x=0.500600}|CCCCCC(C)=O{solv}{x=0.499400}>,C1COCCO1,CCCCCC(C)=O,openff-2.2.1,1,0.8826116471024218,0.0002143831034592,0.8916700000000002,0.000345
28292,572,dhmix_600625644134907580,572,EnthalpyOfMixing,<Substance C1COCCO1{solv}{x=0.500000}|CCCCCC(C)=O{solv}{x=0.500000}>,C1COCCO1,CCCCCC(C)=O,openff-2.2.1,1,0.4518253087494628,0.0437785459759672,0.4509,0.002255
28293,573,dens_1451069448215305244,573,Density,<Substance C1COCCO1{solv}{x=0.220300}|CCCCCC(C)=O{solv}{x=0.779700}>,C1COCCO1,CCCCCC(C)=O,openff-2.2.1,1,0.8287066855926096,0.0001768321768571,0.8420800000000003,0.000385
28294,574,dhmix_2028813035406256788,574,EnthalpyOfMixing,<Substance C1COCCO1{solv}{x=0.750000}|CCCCCC(C)=O{solv}{x=0.250000}>,C1COCCO1,CCCCCC(C)=O,openff-2.2.1,1,0.4689949995150471,0.0402162476470328,0.4064,0.00209
28295,575,dhmix_2222211577832383320,575,EnthalpyOfMixing,<Substance C1COCCO1{solv}{x=0.250000}|CCCCCC(C)=O{solv}{x=0.750000}>,C1COCCO1,CCCCCC(C)=O,openff-2.2.1,1,0.3120888918092959,0.0488498387231176,0.2911,0.00164
28296,576,dhmix_325212618372456630,576,EnthalpyOfMixing,<Substance CCCCCCC{solv}{x=0.500000}|c1ccccc1{solv}{x=0.500000}>,CCCCCCC,c1ccccc1,openff-2.2.1,1,1.092197136238639,0.0436487428830081,0.9235,0.0051
28297,577,dhmix_409350268177199962,577,EnthalpyOfMixing,<Substance CCCCCCC{solv}{x=0.751900}|c1ccccc1{solv}{x=0.248100}>,CCCCCCC,c1ccccc1,openff-2.2.1,1,0.831490615887688,0.0428281986316821,0.6047,0.0035
28298,578,dens_1685942387769177799,578,Density,<Substance CCCCCCC{solv}{x=0.913667}|c1ccccc1{solv}{x=0.086333}>,CCCCCCC,c1ccccc1,openff-2.2.1,1,0.676215001799054,0.0002209997315448,0.6892400000000002,0.000805
28299,579,dens_2148382258223830900,579,Density,<Substance CCCCCCC{solv}{x=0.273700}|c1ccccc1{solv}{x=0.726300}>,CCCCCCC,c1ccccc1,openff-2.2.1,1,0.7674882636076306,0.0002712975123367,0.7855000000000002,0.00015
28300,580,dens_2219829254239605828,580,Density,<Substance CCCCCCC{solv}{x=0.492200}|c1ccccc1{solv}{x=0.507800}>,CCCCCCC,c1ccccc1,openff-2.2.1,1,0.7247065391838384,0.0002369125356038,0.7409000000000001,0.00015
28301,581,dhmix_2296565820723783732,581,EnthalpyOfMixing,<Substance CCCCCCC{solv}{x=0.242400}|c1ccccc1{solv}{x=0.757600}>,CCCCCCC,c1ccccc1,openff-2.2.1,1,0.9482862032426028,0.0374008434768063,0.7775,0.0044
28302,582,dens_326446104630354701,582,Density,<Substance BrCCBr{solv}{x=0.728600}|CCC(=O)OC{solv}{x=0.271400}>,BrCCBr,CCC(=O)OC,openff-2.2.1,1,1.7606895854764109,0.0005027840989949,1.7949900000000003,0.00303
28303,583,dens_886315086380393150,583,Density,<Substance BrCCBr{solv}{x=0.494400}|CCC(=O)OC{solv}{x=0.505600}>,BrCCBr,CCC(=O)OC,openff-2.2.1,1,1.4724171037840037,0.0003778064337264,1.4941800000000005,0.001825
28304,584,dhmix_1410129135672303476,584,EnthalpyOfMixing,<Substance BrCCBr{solv}{x=0.491400}|CCC(=O)OC{solv}{x=0.508600}>,BrCCBr,CCC(=O)OC,openff-2.2.1,1,-0.4355970105564655,0.0344501401252096,0.0195,0.00185
28305,585,dhmix_1551714230583118668,585,EnthalpyOfMixing,<Substance BrCCBr{solv}{x=0.755400}|CCC(=O)OC{solv}{x=0.244600}>,BrCCBr,CCC(=O)OC,openff-2.2.1,1,-0.2539992844102627,0.0319777242157796,0.09,0.00295
28306,586,dhmix_1596310059176209101,586,EnthalpyOfMixing,<Substance BrCCBr{solv}{x=0.214800}|CCC(=O)OC{solv}{x=0.785200}>,BrCCBr,CCC(=O)OC,openff-2.2.1,1,-0.2617394847188484,0.0383303166503548,-0.0281,0.002
28307,587,dens_1860027304017736150,587,Density,<Substance BrCCBr{solv}{x=0.257000}|CCC(=O)OC{solv}{x=0.743000}>,BrCCBr,CCC(=O)OC,openff-2.2.1,1,1.1928011820171274,0.0002200753437296,1.2059400000000002,0.000915
28308,588,dhmix_334328961632702336,588,EnthalpyOfMixing,<Substance Cc1ccccc1N{solv}{x=0.492600}|Cc1cccnc1{solv}{x=0.507400}>,Cc1ccccc1N,Cc1cccnc1,openff-2.2.1,1,-1.672001017793513,0.0383148335141484,-1.4091,0.0287
28309,589,dhmix_382843935535082222,589,EnthalpyOfMixing,<Substance Cc1ccccc1N{solv}{x=0.232300}|Cc1cccnc1{solv}{x=0.767700}>,Cc1ccccc1N,Cc1cccnc1,openff-2.2.1,1,-1.2672079855277776,0.0432173603024518,-1.1196,0.02285
28310,590,dens_890019852111400701,590,Density,<Substance Cc1ccccc1N{solv}{x=0.533600}|Cc1cccnc1{solv}{x=0.466400}>,Cc1ccccc1N,Cc1cccnc1,openff-2.2.1,1,0.9842667178500591,0.0002034942418136,0.9795770000000004,0.0001185
28311,591,dens_1033313642915027277,591,Density,<Substance Cc1ccccc1N{solv}{x=0.737200}|Cc1cccnc1{solv}{x=0.262800}>,Cc1ccccc1N,Cc1cccnc1,openff-2.2.1,1,0.9976023839571944,0.000306883738147,0.9867010000000004,0.000118
28312,592,dhmix_1057104304179164775,592,EnthalpyOfMixing,<Substance Cc1ccccc1N{solv}{x=0.778900}|Cc1cccnc1{solv}{x=0.221100}>,Cc1ccccc1N,Cc1cccnc1,openff-2.2.1,1,-1.123149012742381,0.0494981301551795,-0.8735,0.01785
28313,593,dens_1445313714023685702,593,Density,<Substance Cc1ccccc1N{solv}{x=0.246700}|Cc1cccnc1{solv}{x=0.753300}>,Cc1ccccc1N,Cc1cccnc1,openff-2.2.1,1,0.9623436674667726,0.0001881472955548,0.9668750000000004,0.00012
28314,594,dens_335631113096608920,594,Density,<Substance CCC(C)=O{solv}{x=0.501800}|CCCCNCCCC{solv}{x=0.498200}>,CCC(C)=O,CCCCNCCCC,openff-2.2.1,1,0.7603365770624362,0.000202230287605,0.7693960000000002,9.950000000000003e-05
28315,595,dhmix_551451232292287572,595,EnthalpyOfMixing,<Substance CCC(C)=O{solv}{x=0.215400}|CCCCNCCCC{solv}{x=0.784600}>,CCC(C)=O,CCCCNCCCC,openff-2.2.1,1,0.1656150623846457,0.0536843344804776,0.417,0.0045
28316,596,dens_800787154192710377,596,Density,<Substance CCC(C)=O{solv}{x=0.260300}|CCCCNCCCC{solv}{x=0.739700}>,CCC(C)=O,CCCCNCCCC,openff-2.2.1,1,0.7568823516127653,0.0002061701179365,0.7614750000000002,0.0001005
28317,597,dhmix_1210431916849512476,597,EnthalpyOfMixing,<Substance CCC(C)=O{solv}{x=0.504400}|CCCCNCCCC{solv}{x=0.495600}>,CCC(C)=O,CCCCNCCCC,openff-2.2.1,1,0.1964407180398026,0.0475727425934913,0.619,0.0065
28318,598,dhmix_1503682496766473076,598,EnthalpyOfMixing,<Substance CCC(C)=O{solv}{x=0.792200}|CCCCNCCCC{solv}{x=0.207800}>,CCC(C)=O,CCCCNCCCC,openff-2.2.1,1,0.1607223860896063,0.0433236751473068,0.425,0.0045
28319,599,dens_2232561341275312196,599,Density,<Substance CCC(C)=O{solv}{x=0.747300}|CCCCNCCCC{solv}{x=0.252700}>,CCC(C)=O,CCCCNCCCC,openff-2.2.1,1,0.7657532858367779,0.0002591444909797,0.7810500000000001,9.750000000000004e-05
28320,600,dhmix_335934546122425398,600,EnthalpyOfMixing,<Substance C1CCOCC1{solv}{x=0.550000}|O=C1CCCC1{solv}{x=0.450000}>,C1CCOCC1,O=C1CCCC1,openff-2.2.1,1,0.0301939768514571,0.039649864870218,0.15813,0.001
28321,601,dhmix_337659115721770978,601,EnthalpyOfMixing,<Substance C1CCOCC1{solv}{x=0.250000}|O=C1CCCC1{solv}{x=0.750000}>,C1CCOCC1,O=C1CCCC1,openff-2.2.1,1,0.0460509096336636,0.0432128914556913,0.11325,0.00084
28322,602,dens_579415285212890284,602,Density,<Substance C1CCOCC1{solv}{x=0.708000}|O=C1CCCC1{solv}{x=0.292000}>,C1CCOCC1,O=C1CCCC1,openff-2.2.1,1,0.8795104697605197,0.000241977402099,0.8972200000000002,0.00023
28323,603,dens_788777315764582180,603,Density,<Substance C1CCOCC1{solv}{x=0.549800}|O=C1CCCC1{solv}{x=0.450200}>,C1CCOCC1,O=C1CCCC1,openff-2.2.1,1,0.8862752629143189,0.0002323928755285,0.9073000000000002,0.000235
28324,604,dens_1539654406736576807,604,Density,<Substance C1CCOCC1{solv}{x=0.235400}|O=C1CCCC1{solv}{x=0.764600}>,C1CCOCC1,O=C1CCCC1,openff-2.2.1,1,0.9004779468460452,0.0002329811395004,0.9281000000000004,0.00024
28325,605,dhmix_1706969020375394315,605,EnthalpyOfMixing,<Substance C1CCOCC1{solv}{x=0.750000}|O=C1CCCC1{solv}{x=0.250000}>,C1CCOCC1,O=C1CCCC1,openff-2.2.1,1,0.1243679956993517,0.0384088362511769,0.12811,0.000895
28326,606,dens_337077748334497354,606,Density,<Substance CN1CCCCC1{solv}{x=0.245200}|O{solv}{x=0.754800}>,CN1CCCCC1,O,openff-2.2.1,1,0.883795243647922,0.0003465738860088,0.9038110000000004,9.700000000000004e-05
28327,607,dens_1619467922469494964,607,Density,<Substance CN1CCCCC1{solv}{x=0.790700}|O{solv}{x=0.209300}>,CN1CCCCC1,O,openff-2.2.1,1,0.8329316519681756,0.0002595705853617,0.8260470000000002,0.000108
28328,608,dens_1725290505257505407,608,Density,<Substance CN1CCCCC1{solv}{x=0.505000}|O{solv}{x=0.495000}>,CN1CCCCC1,O,openff-2.2.1,1,0.852836595331846,0.0002889480452645,0.8581580000000002,9.450000000000002e-05
28329,609,dhmix_344305070199657817,609,EnthalpyOfMixing,<Substance CC(C)CC(C)(C)C{solv}{x=0.200300}|CCCO{solv}{x=0.799700}>,CC(C)CC(C)(C)C,CCCO,openff-2.2.1,1,0.4596429925755032,0.0403627061569363,0.308,0.0055
28330,610,dens_1020839744665732433,610,Density,<Substance CC(C)CC(C)(C)C{solv}{x=0.200100}|CCCO{solv}{x=0.799900}>,CC(C)CC(C)(C)C,CCCO,openff-2.2.1,1,0.7592002444409606,0.0002484651826742,0.7589500000000002,0.00029
28331,611,dens_1348847431810734601,611,Density,<Substance CC(C)CC(C)(C)C{solv}{x=0.700000}|CCCO{solv}{x=0.300000}>,CC(C)CC(C)(C)C,CCCO,openff-2.2.1,1,0.7161664096014415,0.000219971362638,0.7046500000000001,0.00028
28332,612,dhmix_1376194238727172922,612,EnthalpyOfMixing,<Substance CC(C)CC(C)(C)C{solv}{x=0.499800}|CCCO{solv}{x=0.500200}>,CC(C)CC(C)(C)C,CCCO,openff-2.2.1,1,0.9017223693600585,0.0350930861900477,0.6025,0.0027
28333,613,dhmix_1868873434415785592,613,EnthalpyOfMixing,<Substance CC(C)CC(C)(C)C{solv}{x=0.699900}|CCCO{solv}{x=0.300100}>,CC(C)CC(C)(C)C,CCCO,openff-2.2.1,1,0.8730533440505326,0.0503710136001816,0.6544,0.0029
28334,614,dens_1870552320710773195,614,Density,<Substance CC(C)CC(C)(C)C{solv}{x=0.500000}|CCCO{solv}{x=0.500000}>,CC(C)CC(C)(C)C,CCCO,openff-2.2.1,1,0.7287747440299149,0.0002140530022509,0.7214400000000002,0.00028
28335,615,dens_344701479262570906,615,Density,<Substance C1CCOCC1{solv}{x=0.246100}|Cc1cccnc1{solv}{x=0.753900}>,C1CCOCC1,Cc1cccnc1,openff-2.2.1,1,0.922277137673129,0.0002299143734514,0.9348570000000002,0.0004915
28336,616,dhmix_772935681699310364,616,EnthalpyOfMixing,<Substance C1CCOCC1{solv}{x=0.480300}|Cc1cccnc1{solv}{x=0.519700}>,C1CCOCC1,Cc1cccnc1,openff-2.2.1,1,0.0886377419821684,0.0422607947598577,0.1271,0.00115
28337,617,dens_1179184695460672925,617,Density,<Substance C1CCOCC1{solv}{x=0.756800}|Cc1cccnc1{solv}{x=0.243200}>,C1CCOCC1,Cc1cccnc1,openff-2.2.1,1,0.8846664651744274,0.000251489205972,0.8976640000000002,0.0004655
28338,618,dens_1273033541520518804,618,Density,<Substance C1CCOCC1{solv}{x=0.482700}|Cc1cccnc1{solv}{x=0.517300}>,C1CCOCC1,Cc1cccnc1,openff-2.2.1,1,0.905006291567097,0.0002421047239272,0.9179640000000002,0.00048
28339,619,dhmix_1594947441282636711,619,EnthalpyOfMixing,<Substance C1CCOCC1{solv}{x=0.735500}|Cc1cccnc1{solv}{x=0.264500}>,C1CCOCC1,Cc1cccnc1,openff-2.2.1,1,0.0034941095603926,0.0380627267969595,0.0924,0.00095
28340,620,dhmix_2075643137470349800,620,EnthalpyOfMixing,<Substance C1CCOCC1{solv}{x=0.273200}|Cc1cccnc1{solv}{x=0.726800}>,C1CCOCC1,Cc1cccnc1,openff-2.2.1,1,0.0412886700738965,0.041533286111537,0.1036,0.001
28341,621,dhmix_346841872844739570,621,EnthalpyOfMixing,<Substance CC#N{solv}{x=0.700700}|CCOC(C)(C)C{solv}{x=0.299300}>,CC#N,CCOC(C)(C)C,openff-2.2.1,1,0.1875206889722029,0.0326693945511142,0.6176,0.0084
28342,622,dhmix_840136828933604757,622,EnthalpyOfMixing,<Substance CC#N{solv}{x=0.199000}|CCOC(C)(C)C{solv}{x=0.801000}>,CC#N,CCOC(C)(C)C,openff-2.2.1,1,0.2239040240173473,0.046252034753678,0.4418,0.006
28343,623,dhmix_1934525864391020215,623,EnthalpyOfMixing,<Substance CC#N{solv}{x=0.501600}|CCOC(C)(C)C{solv}{x=0.498400}>,CC#N,CCOC(C)(C)C,openff-2.2.1,1,0.2773348540434556,0.0373631469666361,0.7098,0.00965
28344,624,dens_1954735606040559695,624,Density,<Substance CC#N{solv}{x=0.700700}|CCOC(C)(C)C{solv}{x=0.299300}>,CC#N,CCOC(C)(C)C,openff-2.2.1,1,0.7656720675456008,0.0002719410319308,0.7595000000000002,0.00045
28345,625,dens_2173310521496796694,625,Density,<Substance CC#N{solv}{x=0.501600}|CCOC(C)(C)C{solv}{x=0.498400}>,CC#N,CCOC(C)(C)C,openff-2.2.1,1,0.759791546328939,0.0002828632050393,0.7510000000000002,0.00035
28346,626,dens_2235331649530959984,626,Density,<Substance CC#N{solv}{x=0.199000}|CCOC(C)(C)C{solv}{x=0.801000}>,CC#N,CCOC(C)(C)C,openff-2.2.1,1,0.75184580827619,0.000225335330386,0.7408000000000001,0.00015
28347,627,dhmix_355078149157572999,627,EnthalpyOfMixing,<Substance OCCOCCO{solv}{x=0.790600}|O{solv}{x=0.209400}>,O,OCCOCCO,openff-2.2.1,1,-0.3505342197608598,0.0473013027013389,-0.521,0.003
28348,628,dhmix_514261244195159379,628,EnthalpyOfMixing,<Substance OCCOCCO{solv}{x=0.300400}|O{solv}{x=0.699600}>,O,OCCOCCO,openff-2.2.1,1,-0.3404180728339376,0.0228819114752931,-1.245,0.0065
28349,629,dhmix_1512634639127890343,629,EnthalpyOfMixing,<Substance OCCOCCO{solv}{x=0.501000}|O{solv}{x=0.499000}>,O,OCCOCCO,openff-2.2.1,1,-0.2968589660542235,0.0455375804205203,-1.149,0.0065
28350,630,dens_1532732041743097130,630,Density,<Substance OCCOCCO{solv}{x=0.500600}|O{solv}{x=0.499400}>,O,OCCOCCO,openff-2.2.1,1,1.1035065421960524,0.0002524802230087,1.1070700000000002,0.00026
28351,631,dens_1948924545926470959,631,Density,<Substance OCCOCCO{solv}{x=0.700300}|O{solv}{x=0.299700}>,O,OCCOCCO,openff-2.2.1,1,1.111815789299614,0.0002916058065142,1.1111900000000003,0.000285
28352,632,dens_2114974877291939954,632,Density,<Substance OCCOCCO{solv}{x=0.301000}|O{solv}{x=0.699000}>,O,OCCOCCO,openff-2.2.1,1,1.0846245618717438,0.0003231248035099,1.0958900000000005,0.000305
28353,633,dhmix_355690558520209737,633,EnthalpyOfMixing,<Substance CC(C)CC(C)(C)C{solv}{x=0.774800}|CC(C)OC(C)C{solv}{x=0.225200}>,CC(C)CC(C)(C)C,CC(C)OC(C)C,openff-2.2.1,1,0.3398024739688168,0.0521739187203253,0.132161,0.001556
28354,634,dens_706481868145479619,634,Density,<Substance CC(C)CC(C)(C)C{solv}{x=0.250000}|CC(C)OC(C)C{solv}{x=0.750000}>,CC(C)CC(C)(C)C,CC(C)OC(C)C,openff-2.2.1,1,0.722726014893046,0.000203892484316,0.7090800000000002,0.000155
28355,635,dens_960755156711549154,635,Density,<Substance CC(C)CC(C)(C)C{solv}{x=0.750000}|CC(C)OC(C)C{solv}{x=0.250000}>,CC(C)CC(C)(C)C,CC(C)OC(C)C,openff-2.2.1,1,0.7088311138988934,0.0001962183602959,0.6937500000000002,0.000155
28356,636,dens_1165117582450092341,636,Density,<Substance CC(C)CC(C)(C)C{solv}{x=0.500900}|CC(C)OC(C)C{solv}{x=0.499100}>,CC(C)CC(C)(C)C,CC(C)OC(C)C,openff-2.2.1,1,0.7147276982741448,0.0001975867828005,0.7005900000000002,0.000105
28357,637,dhmix_1819714300540494359,637,EnthalpyOfMixing,<Substance CC(C)CC(C)(C)C{solv}{x=0.512500}|CC(C)OC(C)C{solv}{x=0.487500}>,CC(C)CC(C)(C)C,CC(C)OC(C)C,openff-2.2.1,1,0.4993105085701188,0.0507059652019562,0.197047,0.002233
28358,638,dhmix_2031984064821599856,638,EnthalpyOfMixing,<Substance CC(C)CC(C)(C)C{solv}{x=0.269300}|CC(C)OC(C)C{solv}{x=0.730700}>,CC(C)CC(C)(C)C,CC(C)OC(C)C,openff-2.2.1,1,0.2650386978277481,0.050424506390047,0.158983,0.0018345
28359,639,dens_357198687829738077,639,Density,<Substance C1CCOCC1{solv}{x=0.223500}|CCCCCC(C)=O{solv}{x=0.776500}>,C1CCOCC1,CCCCCC(C)=O,openff-2.2.1,1,0.8057866343233224,0.000185977068351,0.8221200000000002,0.000375
28360,640,dens_1074719884132299485,640,Density,<Substance C1CCOCC1{solv}{x=0.516600}|CCCCCC(C)=O{solv}{x=0.483400}>,C1CCOCC1,CCCCCC(C)=O,openff-2.2.1,1,0.8243980801481958,0.0002249164701587,0.8396100000000002,0.00032
28361,641,dens_1427208283653313137,641,Density,<Substance C1CCOCC1{solv}{x=0.710100}|CCCCCC(C)=O{solv}{x=0.289900}>,C1CCOCC1,CCCCCC(C)=O,openff-2.2.1,1,0.8390507557431386,0.0002258914888087,0.8534200000000002,0.000285
28362,642,dhmix_1485904869507380555,642,EnthalpyOfMixing,<Substance C1CCOCC1{solv}{x=0.500000}|CCCCCC(C)=O{solv}{x=0.500000}>,C1CCOCC1,CCCCCC(C)=O,openff-2.2.1,1,0.1190018376410009,0.046303044112706,0.05773,0.000615
28363,643,dhmix_1931504734279468677,643,EnthalpyOfMixing,<Substance C1CCOCC1{solv}{x=0.250000}|CCCCCC(C)=O{solv}{x=0.750000}>,C1CCOCC1,CCCCCC(C)=O,openff-2.2.1,1,0.0779760443003638,0.0541122021865537,0.03429,0.00053
28364,644,dhmix_2296263041755700053,644,EnthalpyOfMixing,<Substance C1CCOCC1{solv}{x=0.750000}|CCCCCC(C)=O{solv}{x=0.250000}>,C1CCOCC1,CCCCCC(C)=O,openff-2.2.1,1,0.1548992418368797,0.0427611502878836,0.05587,0.00061
28365,645,dhmix_357499987240135169,645,EnthalpyOfMixing,<Substance CCCCC{solv}{x=0.772700}|CCCCOC=O{solv}{x=0.227300}>,CCCCC,CCCCOC=O,openff-2.2.1,1,1.1138837407482214,0.0419682174894408,0.87,0.004
28366,646,dens_435201289177646286,646,Density,<Substance CCCCC{solv}{x=0.504200}|CCCCOC=O{solv}{x=0.495800}>,CCCCC,CCCCOC=O,openff-2.2.1,1,0.7496929781429995,0.0002580738667951,0.7523000000000001,0.00024
28367,647,dens_635752291929824010,647,Density,<Substance CCCCC{solv}{x=0.699000}|CCCCOC=O{solv}{x=0.301000}>,CCCCC,CCCCOC=O,openff-2.2.1,1,0.6914492235255638,0.0002312481979079,0.6994600000000002,0.00018
28368,648,dhmix_869493303716364153,648,EnthalpyOfMixing,<Substance CCCCC{solv}{x=0.490500}|CCCCOC=O{solv}{x=0.509500}>,CCCCC,CCCCOC=O,openff-2.2.1,1,1.2571185323641174,0.0404645582722486,0.959,0.004
28369,649,dhmix_1188548276416925178,649,EnthalpyOfMixing,<Substance CCCCC{solv}{x=0.246000}|CCCCOC=O{solv}{x=0.754000}>,CCCCC,CCCCOC=O,openff-2.2.1,1,0.8175279726808924,0.0430785907014907,0.632,0.003
28370,650,dens_1944800378076074966,650,Density,<Substance CCCCC{solv}{x=0.247100}|CCCCOC=O{solv}{x=0.752900}>,CCCCC,CCCCOC=O,openff-2.2.1,1,0.8273058277162328,0.0001826309845041,0.8221800000000001,0.000375
28371,651,dhmix_357740737126275220,651,EnthalpyOfMixing,<Substance CC(=O)N(C)C{solv}{x=0.212000}|CCCCCl{solv}{x=0.788000}>,CC(=O)N(C)C,CCCCCl,openff-2.2.1,1,0.4473379955249825,0.0422615934960063,0.244,0.0025
28372,652,dens_563556088097831353,652,Density,<Substance CC(=O)N(C)C{solv}{x=0.499000}|CCCCCl{solv}{x=0.501000}>,CC(=O)N(C)C,CCCCCl,openff-2.2.1,1,0.8812943587162554,0.0002680525637618,0.9081000000000002,0.0002
28373,653,dens_1083232356130752567,653,Density,<Substance CC(=O)N(C)C{solv}{x=0.799700}|CCCCCl{solv}{x=0.200300}>,CC(=O)N(C)C,CCCCCl,openff-2.2.1,1,0.8922099138342005,0.0002352582048748,0.9247000000000004,0.0002
28374,654,dhmix_1487887746912587509,654,EnthalpyOfMixing,<Substance CC(=O)N(C)C{solv}{x=0.708000}|CCCCCl{solv}{x=0.292000}>,CC(=O)N(C)C,CCCCCl,openff-2.2.1,1,0.5082373263454087,0.0416320353388219,0.305,0.0025
28375,655,dens_1662749398344255132,655,Density,<Substance CC(=O)N(C)C{solv}{x=0.210500}|CCCCCl{solv}{x=0.789500}>,CC(=O)N(C)C,CCCCCl,openff-2.2.1,1,0.8691762091060554,0.0002882463011106,0.8918000000000001,0.0002
28376,656,dhmix_2085343422065298965,656,EnthalpyOfMixing,<Substance CC(=O)N(C)C{solv}{x=0.511000}|CCCCCl{solv}{x=0.489000}>,CC(=O)N(C)C,CCCCCl,openff-2.2.1,1,0.4665812345949085,0.039559884674793,0.363,0.0025
28377,657,dhmix_359626193748497849,657,EnthalpyOfMixing,<Substance C1CCOCC1{solv}{x=0.750000}|O=C1CCCCC1{solv}{x=0.250000}>,C1CCOCC1,O=C1CCCCC1,openff-2.2.1,1,0.0272317012277127,0.0410856833196589,0.07698,0.00069
28378,658,dhmix_709905971434026360,658,EnthalpyOfMixing,<Substance C1CCOCC1{solv}{x=0.250000}|O=C1CCCCC1{solv}{x=0.750000}>,C1CCOCC1,O=C1CCCCC1,openff-2.2.1,1,0.103478261555594,0.0390778472410813,0.05827,0.00062
28379,659,dens_996263306280392228,659,Density,<Substance C1CCOCC1{solv}{x=0.500900}|O=C1CCCCC1{solv}{x=0.499100}>,C1CCOCC1,O=C1CCCCC1,openff-2.2.1,1,0.8923224084317839,0.0002251262152646,0.9160300000000002,0.000505
28380,660,dens_1296485655493191092,660,Density,<Substance C1CCOCC1{solv}{x=0.247100}|O=C1CCCCC1{solv}{x=0.752900}>,C1CCOCC1,O=C1CCCCC1,openff-2.2.1,1,0.904533616752935,0.0002144015821745,0.9305900000000004,0.000505
28381,661,dhmix_1617652800437548554,661,EnthalpyOfMixing,<Substance C1CCOCC1{solv}{x=0.500000}|O=C1CCCCC1{solv}{x=0.500000}>,C1CCOCC1,O=C1CCCCC1,openff-2.2.1,1,0.0863888910638337,0.0342924593887127,0.08658,0.000725
28382,662,dens_2134919398794801459,662,Density,<Substance C1CCOCC1{solv}{x=0.738900}|O=C1CCCCC1{solv}{x=0.261100}>,C1CCOCC1,O=C1CCCCC1,openff-2.2.1,1,0.8804957906421143,0.0001778912232893,0.9000800000000002,0.000505
28383,663,dens_371429494256072686,663,Density,<Substance COC=O{solv}{x=0.513800}|ClCCCCl{solv}{x=0.486200}>,COC=O,ClCCCCl,openff-2.2.1,1,1.0889550955289828,0.0003273520757497,1.08831,0.00025
28384,664,dens_416463243686186519,664,Density,<Substance COC=O{solv}{x=0.738400}|ClCCCCl{solv}{x=0.261600}>,COC=O,ClCCCCl,openff-2.2.1,1,1.0504367282335758,0.0003552464641103,1.03754,0.0002
28385,665,dhmix_573570621261992547,665,EnthalpyOfMixing,<Substance COC=O{solv}{x=0.767400}|ClCCCCl{solv}{x=0.232600}>,COC=O,ClCCCCl,openff-2.2.1,1,0.6400217569941411,0.0324933866538318,0.2841,0.0015
28386,666,dens_1665007650151393058,666,Density,<Substance COC=O{solv}{x=0.244000}|ClCCCCl{solv}{x=0.756000}>,COC=O,ClCCCCl,openff-2.2.1,1,1.1279903043441215,0.0003407663472529,1.1395000000000002,0.0003
28387,667,dhmix_2050640017895200777,667,EnthalpyOfMixing,<Substance COC=O{solv}{x=0.502400}|ClCCCCl{solv}{x=0.497600}>,COC=O,ClCCCCl,openff-2.2.1,1,0.860507985265464,0.0358929576806425,0.3503,0.00175
28388,668,dhmix_2121310957223924646,668,EnthalpyOfMixing,<Substance COC=O{solv}{x=0.202400}|ClCCCCl{solv}{x=0.797600}>,COC=O,ClCCCCl,openff-2.2.1,1,0.5663408535347365,0.0358849594028297,0.2064,0.0012
28389,669,dens_380799246642881225,669,Density,<Substance Cc1ccncc1{solv}{x=0.500000}|O{solv}{x=0.500000}>,Cc1ccncc1,O,openff-2.2.1,1,0.9479474495604324,0.0003218527045889,0.9704000000000004,0.0005
28390,670,dens_1024460369591354985,670,Density,<Substance Cc1ccncc1{solv}{x=0.225000}|O{solv}{x=0.775000}>,Cc1ccncc1,O,openff-2.2.1,1,0.9569612181051672,0.0002950281430998,0.9848000000000002,0.0004
28391,671,dens_1867704914487230306,671,Density,<Substance Cc1ccncc1{solv}{x=0.750000}|O{solv}{x=0.250000}>,Cc1ccncc1,O,openff-2.2.1,1,0.9458420585324412,0.0002642238250035,0.9614000000000004,0.0004
28392,672,dhmix_396839331496923568,672,EnthalpyOfMixing,<Substance CCCOC(=O)CC{solv}{x=0.237600}|ClCCCl{solv}{x=0.762400}>,CCCOC(=O)CC,ClCCCl,openff-2.2.1,1,-0.4276530783223506,1.279565551271212e-05,-0.317,0.0035
28393,673,dens_1025242301432619836,673,Density,<Substance CCCOC(=O)CC{solv}{x=0.518800}|ClCCCl{solv}{x=0.481200}>,CCCOC(=O)CC,ClCCCl,openff-2.2.1,1,0.997041783492846,1e-05,1.0064000000000002,0.000905
28394,674,dens_1654149510571748883,674,Density,<Substance CCCOC(=O)CC{solv}{x=0.731600}|ClCCCl{solv}{x=0.268400}>,CCCOC(=O)CC,ClCCCl,openff-2.2.1,1,0.9353515316016504,1e-05,0.9416300000000002,0.00041
28395,675,dens_1804016971158746429,675,Density,<Substance CCCOC(=O)CC{solv}{x=0.243700}|ClCCCl{solv}{x=0.756300}>,CCCOC(=O)CC,ClCCCl,openff-2.2.1,1,1.097090053036018,1e-05,1.11431,0.002155
28396,676,dhmix_1840109043188951916,676,EnthalpyOfMixing,<Substance CCCOC(=O)CC{solv}{x=0.517700}|ClCCCl{solv}{x=0.482300}>,CCCOC(=O)CC,ClCCCl,openff-2.2.1,1,-0.4911931174375894,1.225009387719131e-05,-0.557,0.006
28397,677,dhmix_1924188358781329171,677,EnthalpyOfMixing,<Substance CCCOC(=O)CC{solv}{x=0.787400}|ClCCCl{solv}{x=0.212600}>,CCCOC(=O)CC,ClCCCl,openff-2.2.1,1,-0.2963973890148352,1.2902472631243985e-05,-0.357,0.004
28398,678,dhmix_408170436877433675,678,EnthalpyOfMixing,<Substance CCCCC{solv}{x=0.229800}|CCOC=O{solv}{x=0.770200}>,CCCCC,CCOC=O,openff-2.2.1,1,1.2282789550446829,0.0401540567004881,1.016,0.0045
28399,679,dens_1159257310358090227,679,Density,<Substance CCCCC{solv}{x=0.748000}|CCOC=O{solv}{x=0.252000}>,CCCCC,CCOC=O,openff-2.2.1,1,0.6628011851643002,0.0002755126253325,0.6707000000000002,0.000165
28400,680,dhmix_1897634982824334825,680,EnthalpyOfMixing,<Substance CCCCC{solv}{x=0.500100}|CCOC=O{solv}{x=0.499900}>,CCCCC,CCOC=O,openff-2.2.1,1,1.6912771895061027,0.0389940398207798,1.354,0.0055
28401,681,dens_1931965346092446599,681,Density,<Substance CCCCC{solv}{x=0.504000}|CCOC=O{solv}{x=0.496000}>,CCCCC,CCOC=O,openff-2.2.1,1,0.7360444633811677,0.0002794898778148,0.7333000000000002,0.00024
28402,682,dens_2086304425324215507,682,Density,<Substance CCCCC{solv}{x=0.298000}|CCOC=O{solv}{x=0.702000}>,CCCCC,CCOC=O,openff-2.2.1,1,0.8094539295859092,0.000259588351814,0.7971000000000003,0.000345
28403,683,dhmix_2117998354372981576,683,EnthalpyOfMixing,<Substance CCCCC{solv}{x=0.777900}|CCOC=O{solv}{x=0.222100}>,CCCCC,CCOC=O,openff-2.2.1,1,1.4833235316713171,0.0429812636439785,1.051,0.0045
28404,684,dens_415189671276159712,684,Density,<Substance NCCO{solv}{x=0.785350}|c1ccncc1{solv}{x=0.214650}>,NCCO,c1ccncc1,openff-2.2.1,1,1.0459844934273284,0.0004733255291174,1.002592,0.000101
28405,685,dhmix_607563797490786343,685,EnthalpyOfMixing,<Substance NCCO{solv}{x=0.559360}|c1ccncc1{solv}{x=0.440640}>,NCCO,c1ccncc1,openff-2.2.1,1,0.8138021584168733,0.0369428587377605,0.824,0.0035
28406,686,dhmix_783614050589043390,686,EnthalpyOfMixing,<Substance NCCO{solv}{x=0.248120}|c1ccncc1{solv}{x=0.751880}>,NCCO,c1ccncc1,openff-2.2.1,1,0.8340826377923355,0.0372770977972013,0.779,0.0035
28407,687,dens_907288549206652702,687,Density,<Substance NCCO{solv}{x=0.558640}|c1ccncc1{solv}{x=0.441360}>,NCCO,c1ccncc1,openff-2.2.1,1,1.0203348253420337,0.0002221598826384,0.9936870000000002,0.0001015
28408,688,dhmix_1092036220949585875,688,EnthalpyOfMixing,<Substance NCCO{solv}{x=0.746780}|c1ccncc1{solv}{x=0.253220}>,NCCO,c1ccncc1,openff-2.2.1,1,0.4832343460043162,0.044901869954514,0.612,0.003
28409,689,dens_2278246591298089898,689,Density,<Substance NCCO{solv}{x=0.210010}|c1ccncc1{solv}{x=0.789990}>,NCCO,c1ccncc1,openff-2.2.1,1,0.9900767098364968,0.0002908204690963,0.9825660000000004,0.0001015
28410,690,dens_419188249264987147,690,Density,<Substance CCCCC(=O)OCC{solv}{x=0.492100}|CCOC(C)=O{solv}{x=0.507900}>,CCCCC(=O)OCC,CCOC(C)=O,openff-2.2.1,1,0.8802452365215935,0.0002148690514311,0.8787300000000002,0.00012
28411,691,dens_667714041205021070,691,Density,<Substance CCCCC(=O)OCC{solv}{x=0.304700}|CCOC(C)=O{solv}{x=0.695300}>,CCCCC(=O)OCC,CCOC(C)=O,openff-2.2.1,1,0.8860336669567908,0.000223946091761,0.8836400000000002,0.00012
28412,692,dhmix_1137774316856842141,692,EnthalpyOfMixing,<Substance CCCCC(=O)OCC{solv}{x=0.737600}|CCOC(C)=O{solv}{x=0.262400}>,CCCCC(=O)OCC,CCOC(C)=O,openff-2.2.1,1,-0.0008181793351411,0.0496136753051899,0.114,0.0015
28413,693,dhmix_1322441082145072072,693,EnthalpyOfMixing,<Substance CCCCC(=O)OCC{solv}{x=0.279900}|CCOC(C)=O{solv}{x=0.720100}>,CCCCC(=O)OCC,CCOC(C)=O,openff-2.2.1,1,-0.0064962284140008,0.0366829540247298,0.139,0.0015
28414,694,dens_1682638395920841051,694,Density,<Substance CCCCC(=O)OCC{solv}{x=0.752600}|CCOC(C)=O{solv}{x=0.247400}>,CCCCC(=O)OCC,CCOC(C)=O,openff-2.2.1,1,0.8737054696191283,0.0002022242474847,0.8732900000000001,0.00012
28415,695,dhmix_2161842751879945948,695,EnthalpyOfMixing,<Substance CCCCC(=O)OCC{solv}{x=0.519800}|CCOC(C)=O{solv}{x=0.480200}>,CCCCC(=O)OCC,CCOC(C)=O,openff-2.2.1,1,0.0271054380158251,0.0370231845530875,0.154,0.002
28416,696,dhmix_419593950323214290,696,EnthalpyOfMixing,<Substance CCCCCC(C)=O{solv}{x=0.780400}|CCN(CC)CC{solv}{x=0.219600}>,CCCCCC(C)=O,CCN(CC)CC,openff-2.2.1,1,0.1072675971894909,0.051733096472021,0.216,0.0025
28417,697,dens_651921010645567431,697,Density,<Substance CCCCCC(C)=O{solv}{x=0.259800}|CCN(CC)CC{solv}{x=0.740200}>,CCCCCC(C)=O,CCN(CC)CC,openff-2.2.1,1,0.7417242041167913,0.0002125204395573,0.7465820000000002,8.950000000000002e-05
28418,698,dens_995831511901627711,698,Density,<Substance CCCCCC(C)=O{solv}{x=0.748400}|CCN(CC)CC{solv}{x=0.251600}>,CCCCCC(C)=O,CCN(CC)CC,openff-2.2.1,1,0.777458115622332,0.0001975036802697,0.7899410000000002,0.0001055
28419,699,dhmix_1001984601109558110,699,EnthalpyOfMixing,<Substance CCCCCC(C)=O{solv}{x=0.492000}|CCN(CC)CC{solv}{x=0.508000}>,CCCCCC(C)=O,CCN(CC)CC,openff-2.2.1,1,0.173804506560451,0.0490758469301533,0.419,0.0045
28420,700,dens_1887829851815986883,700,Density,<Substance CCCCCC(C)=O{solv}{x=0.503200}|CCN(CC)CC{solv}{x=0.496800}>,CCCCCC(C)=O,CCN(CC)CC,openff-2.2.1,1,0.759434835225331,0.0001308482448924,0.7684760000000002,9.800000000000002e-05
28421,701,dhmix_2085744568401562111,701,EnthalpyOfMixing,<Substance CCCCCC(C)=O{solv}{x=0.293900}|CCN(CC)CC{solv}{x=0.706100}>,CCCCCC(C)=O,CCN(CC)CC,openff-2.2.1,1,0.2502615143278532,0.0415789900730978,0.412,0.0045
28422,702,dens_436049638479549968,702,Density,<Substance COC=O{solv}{x=0.472500}|ClCCCl{solv}{x=0.527500}>,COC=O,ClCCCl,openff-2.2.1,1,1.1265739570446327,0.0004038953092826,1.1269600000000004,0.000285
28423,703,dens_627145458965592302,703,Density,<Substance COC=O{solv}{x=0.753000}|ClCCCl{solv}{x=0.247000}>,COC=O,ClCCCl,openff-2.2.1,1,1.0617957207445323,0.0003607627065037,1.0461600000000004,0.000205
28424,704,dhmix_731680623269260416,704,EnthalpyOfMixing,<Substance COC=O{solv}{x=0.250800}|ClCCCl{solv}{x=0.749200}>,COC=O,ClCCCl,openff-2.2.1,1,0.4706514107750816,0.0336407849052958,0.0793,0.0007
28425,705,dens_1488543630772933598,705,Density,<Substance COC=O{solv}{x=0.279500}|ClCCCl{solv}{x=0.720500}>,COC=O,ClCCCl,openff-2.2.1,1,1.165623025431075,0.0003810565665589,1.1777100000000005,0.00034
28426,706,dhmix_2170321998768851974,706,EnthalpyOfMixing,<Substance COC=O{solv}{x=0.732200}|ClCCCl{solv}{x=0.267800}>,COC=O,ClCCCl,openff-2.2.1,1,0.3819951792979363,0.0337761929136173,0.0733,0.00065
28427,707,dhmix_2249001225536869896,707,EnthalpyOfMixing,<Substance COC=O{solv}{x=0.487400}|ClCCCl{solv}{x=0.512600}>,COC=O,ClCCCl,openff-2.2.1,1,0.494497563289956,0.0307759104517617,0.1028,0.0008
28428,708,dhmix_442816374747487477,708,EnthalpyOfMixing,<Substance NCCCNCCCN{solv}{x=0.801500}|O{solv}{x=0.198500}>,NCCCNCCCN,O,openff-2.2.1,1,-1.7337609411423474,1.2969844467616518e-05,-2.233,0.024
28429,709,dhmix_1795382205757805615,709,EnthalpyOfMixing,<Substance NCCCNCCCN{solv}{x=0.300500}|O{solv}{x=0.699500}>,NCCCNCCCN,O,openff-2.2.1,1,-4.762814190976858,1.2568850146772776e-05,-6.588,0.07
28430,710,dhmix_1814950732748396893,710,EnthalpyOfMixing,<Substance NCCCNCCCN{solv}{x=0.499800}|O{solv}{x=0.500200}>,NCCCNCCCN,O,openff-2.2.1,1,-3.836481425466884,1.2247448713915892e-05,-5.544,0.059
28431,711,dhmix_446869196417408130,711,EnthalpyOfMixing,<Substance NCCNCCO{solv}{x=0.770000}|O{solv}{x=0.230000}>,NCCNCCO,O,openff-2.2.1,1,-2.108031364771165,1.282887368399892e-05,-1.711,0.035
28432,712,dhmix_673839467313503071,712,EnthalpyOfMixing,<Substance NCCNCCO{solv}{x=0.069900}|O{solv}{x=0.930100}>,NCCNCCO,O,openff-2.2.1,1,-0.6673944818795263,1.3674063039199432e-05,-1.713,0.035
28433,713,dens_688094438561771555,713,Density,<Substance NCCNCCO{solv}{x=0.799700}|O{solv}{x=0.200300}>,NCCNCCO,O,openff-2.2.1,1,1.0800421678727867,1e-05,1.0318300000000002,0.00024
28434,714,dhmix_1682883323293489147,714,EnthalpyOfMixing,<Substance NCCNCCO{solv}{x=0.400100}|O{solv}{x=0.599900}>,NCCNCCO,O,openff-2.2.1,1,-2.521407147380863,1.2328828005937951e-05,-4.15,0.0845
28435,715,dens_2045176885611624977,715,Density,<Substance NCCNCCO{solv}{x=0.070000}|O{solv}{x=0.930000}>,NCCNCCO,O,openff-2.2.1,1,1.021477303835373,1e-05,1.0222800000000003,0.000125
28436,716,dens_2280714043292214506,716,Density,<Substance NCCNCCO{solv}{x=0.399700}|O{solv}{x=0.600300}>,NCCNCCO,O,openff-2.2.1,1,1.0632264252041326,1e-05,1.0370100000000002,0.00017
28437,717,dens_448105363780466270,717,Density,<Substance CCCCCCCl{solv}{x=0.498300}|CN(C)C=O{solv}{x=0.501700}>,CCCCCCCl,CN(C)C=O,openff-2.2.1,1,0.8815099767002926,0.0002538836947719,0.8974000000000002,0.0003
28438,718,dens_1134260732394863277,718,Density,<Substance CCCCCCCl{solv}{x=0.729300}|CN(C)C=O{solv}{x=0.270700}>,CCCCCCCl,CN(C)C=O,openff-2.2.1,1,0.8705266363657922,0.0002548786733284,0.8844000000000002,0.0003
28439,719,dhmix_1150917243327149472,719,EnthalpyOfMixing,<Substance CCCCCCCl{solv}{x=0.500000}|CN(C)C=O{solv}{x=0.500000}>,CCCCCCCl,CN(C)C=O,openff-2.2.1,1,1.2133503363611735,0.0429255809153141,0.847,0.004
28440,720,dhmix_1166656674614639609,720,EnthalpyOfMixing,<Substance CCCCCCCl{solv}{x=0.204000}|CN(C)C=O{solv}{x=0.796000}>,CCCCCCCl,CN(C)C=O,openff-2.2.1,1,0.8242450542438959,0.0397769866043976,0.583,0.004
28441,721,dhmix_1262474968830454367,721,EnthalpyOfMixing,<Substance CCCCCCCl{solv}{x=0.795000}|CN(C)C=O{solv}{x=0.205000}>,CCCCCCCl,CN(C)C=O,openff-2.2.1,1,0.7674539028727594,0.0462766145050549,0.542,0.0035
28442,722,dens_1862934255267356180,722,Density,<Substance CCCCCCCl{solv}{x=0.200700}|CN(C)C=O{solv}{x=0.799300}>,CCCCCCCl,CN(C)C=O,openff-2.2.1,1,0.9006096416312822,0.0002441703001974,0.9218000000000002,0.00025
28443,723,dhmix_457000181442392641,723,EnthalpyOfMixing,<Substance CCOCCO{solv}{x=0.241100}|c1ccccc1{solv}{x=0.758900}>,CCOCCO,c1ccccc1,openff-2.2.1,1,0.5490675156791127,0.0403527244548437,0.6303,0.00815
28444,724,dhmix_501726034520661035,724,EnthalpyOfMixing,<Substance CCOCCO{solv}{x=0.733600}|c1ccccc1{solv}{x=0.266400}>,CCOCCO,c1ccccc1,openff-2.2.1,1,0.3796919370500262,0.0459291368693253,0.2326,0.0033
28445,725,dens_577983044895299238,725,Density,<Substance CCOCCO{solv}{x=0.251800}|c1ccccc1{solv}{x=0.748200}>,CCOCCO,c1ccccc1,openff-2.2.1,1,0.8720942295949041,0.0002690682547913,0.8849000000000002,0.00081
28446,726,dens_1506946378386070831,726,Density,<Substance CCOCCO{solv}{x=0.750800}|c1ccccc1{solv}{x=0.249200}>,CCOCCO,c1ccccc1,openff-2.2.1,1,0.9067628351103832,0.0002641113824255,0.9134500000000004,0.000685
28447,727,dhmix_1801594081157333975,727,EnthalpyOfMixing,<Substance CCOCCO{solv}{x=0.478600}|c1ccccc1{solv}{x=0.521400}>,CCOCCO,c1ccccc1,openff-2.2.1,1,0.5800117932733428,0.0408976089074267,0.4912,0.00645
28448,728,dens_2128846755225827916,728,Density,<Substance CCOCCO{solv}{x=0.504800}|c1ccccc1{solv}{x=0.495200}>,CCOCCO,c1ccccc1,openff-2.2.1,1,0.8894816112567886,0.0002690871643317,0.8995700000000003,0.000745
28449,729,dhmix_466383569529620932,729,EnthalpyOfMixing,<Substance CC(=O)N(C)C{solv}{x=0.505000}|CCCCCCCl{solv}{x=0.495000}>,CC(=O)N(C)C,CCCCCCCl,openff-2.2.1,1,0.8065501503365269,0.0455446621218097,0.61,0.003
28450,730,dhmix_493694362228351572,730,EnthalpyOfMixing,<Substance CC(=O)N(C)C{solv}{x=0.798000}|CCCCCCCl{solv}{x=0.202000}>,CC(=O)N(C)C,CCCCCCCl,openff-2.2.1,1,0.58355741037421,0.0416504420530957,0.425,0.003
28451,731,dhmix_626564461179097700,731,EnthalpyOfMixing,<Substance CC(=O)N(C)C{solv}{x=0.211000}|CCCCCCCl{solv}{x=0.789000}>,CC(=O)N(C)C,CCCCCCCl,openff-2.2.1,1,0.5425345286850387,0.0503558094874969,0.38,0.003
28452,732,dens_1720641323575133011,732,Density,<Substance CC(=O)N(C)C{solv}{x=0.200300}|CCCCCCCl{solv}{x=0.799700}>,CC(=O)N(C)C,CCCCCCCl,openff-2.2.1,1,0.8668521734842684,0.0001997747903081,0.8816000000000003,0.00025
28453,733,dens_1817345990638851984,733,Density,<Substance CC(=O)N(C)C{solv}{x=0.503000}|CCCCCCCl{solv}{x=0.497000}>,CC(=O)N(C)C,CCCCCCCl,openff-2.2.1,1,0.8765990005664605,0.0002237465069278,0.8975000000000002,0.00025
28454,734,dens_1885054129776339889,734,Density,<Substance CC(=O)N(C)C{solv}{x=0.699200}|CCCCCCCl{solv}{x=0.300800}>,CC(=O)N(C)C,CCCCCCCl,openff-2.2.1,1,0.8839167851320613,0.000217169728763,0.9104000000000002,0.0002
28455,735,dens_468507243072548580,735,Density,<Substance CCC#N{solv}{x=0.701200}|CCOC(C)(C)CC{solv}{x=0.298800}>,CCC#N,CCOC(C)(C)CC,openff-2.2.1,1,0.7717351006402696,0.0002431717588953,0.7715000000000002,0.0004
28456,736,dhmix_553135124490085656,736,EnthalpyOfMixing,<Substance CCC#N{solv}{x=0.502500}|CCOC(C)(C)CC{solv}{x=0.497500}>,CCC#N,CCOC(C)(C)CC,openff-2.2.1,1,0.3035057045641736,0.0438537211763752,0.7023,0.00955
28457,737,dens_762108332272225600,737,Density,<Substance CCC#N{solv}{x=0.502500}|CCOC(C)(C)CC{solv}{x=0.497500}>,CCC#N,CCOC(C)(C)CC,openff-2.2.1,1,0.7684236105930177,0.0002364977612876,0.7683000000000001,0.00035
28458,738,dens_967634241844220739,738,Density,<Substance CCC#N{solv}{x=0.200900}|CCOC(C)(C)CC{solv}{x=0.799100}>,CCC#N,CCOC(C)(C)CC,openff-2.2.1,1,0.7629362139150399,0.0002332398251785,0.7638000000000001,0.00025
28459,739,dhmix_1961082112686431376,739,EnthalpyOfMixing,<Substance CCC#N{solv}{x=0.200900}|CCOC(C)(C)CC{solv}{x=0.799100}>,CCC#N,CCOC(C)(C)CC,openff-2.2.1,1,0.2312150688481722,0.049303273086698,0.502,0.00685
28460,740,dhmix_2005765786246998093,740,EnthalpyOfMixing,<Substance CCC#N{solv}{x=0.701200}|CCOC(C)(C)CC{solv}{x=0.298800}>,CCC#N,CCOC(C)(C)CC,openff-2.2.1,1,0.2654503511975861,0.0388060088991347,0.5863,0.008
28461,741,dhmix_471514663464011364,741,EnthalpyOfMixing,<Substance C1CCOCC1{solv}{x=0.722000}|CCCCCO{solv}{x=0.278000}>,C1CCOCC1,CCCCCO,openff-2.2.1,1,0.9750899526285082,0.0424979796223028,0.8628,0.00745
28462,742,dens_910343796235321484,742,Density,<Substance C1CCOCC1{solv}{x=0.298700}|CCCCCO{solv}{x=0.701300}>,C1CCOCC1,CCCCCO,openff-2.2.1,1,0.8219560175664349,0.0001910136903769,0.8293300000000002,0.00034
28463,743,dens_1812069868432416079,743,Density,<Substance C1CCOCC1{solv}{x=0.800000}|CCCCCO{solv}{x=0.200000}>,C1CCOCC1,CCCCCO,openff-2.2.1,1,0.8517863088636216,0.0002216743431665,0.8635900000000002,0.000315
28464,744,dhmix_1936206883965149188,744,EnthalpyOfMixing,<Substance C1CCOCC1{solv}{x=0.526000}|CCCCCO{solv}{x=0.474000}>,C1CCOCC1,CCCCCO,openff-2.2.1,1,1.2184667747379765,0.0469365829957126,0.97,0.00615
28465,745,dhmix_1992318015190346725,745,EnthalpyOfMixing,<Substance C1CCOCC1{solv}{x=0.217000}|CCCCCO{solv}{x=0.783000}>,C1CCOCC1,CCCCCO,openff-2.2.1,1,0.6603187973769025,0.0446306339851115,0.6006,0.00455
28466,746,dens_2204330198012032768,746,Density,<Substance C1CCOCC1{solv}{x=0.499400}|CCCCCO{solv}{x=0.500600}>,C1CCOCC1,CCCCCO,openff-2.2.1,1,0.8322538833940026,0.0002627685643728,0.8425400000000002,0.00033
28467,747,dhmix_472822428299818953,747,EnthalpyOfMixing,<Substance CC(C)CC(C)(C)C{solv}{x=0.700500}|CCCCO{solv}{x=0.299500}>,CC(C)CC(C)(C)C,CCCCO,openff-2.2.1,1,0.9028140003593136,1.257203858776891e-05,0.6228,0.0028
28468,748,dhmix_628387028768654403,748,EnthalpyOfMixing,<Substance CC(C)CC(C)(C)C{solv}{x=0.499900}|CCCCO{solv}{x=0.500100}>,CC(C)CC(C)(C)C,CCCCO,openff-2.2.1,1,0.7744517542042502,1.2247448713915892e-05,0.5938,0.0027
28469,749,dens_631668933678639865,749,Density,<Substance CC(C)CC(C)(C)C{solv}{x=0.200000}|CCCCO{solv}{x=0.800000}>,CC(C)CC(C)(C)C,CCCCO,openff-2.2.1,1,0.7689011765851836,1e-05,0.7696800000000001,0.000295
28470,750,dens_1394470087977586253,750,Density,<Substance CC(C)CC(C)(C)C{solv}{x=0.500000}|CCCCO{solv}{x=0.500000}>,CC(C)CC(C)(C)C,CCCCO,openff-2.2.1,1,0.7357292284831222,1e-05,0.7294000000000002,0.000285
28471,751,dens_1809610870413503056,751,Density,<Substance CC(C)CC(C)(C)C{solv}{x=0.699900}|CCCCO{solv}{x=0.300100}>,CC(C)CC(C)(C)C,CCCCO,openff-2.2.1,1,0.7205489053255266,1e-05,0.7097700000000001,0.000285
28472,752,dhmix_2302589146189152767,752,EnthalpyOfMixing,<Substance CC(C)CC(C)(C)C{solv}{x=0.200200}|CCCCO{solv}{x=0.799800}>,CC(C)CC(C)(C)C,CCCCO,openff-2.2.1,1,0.5743705501519969,1.2961481396815724e-05,0.27646,0.003235
28473,753,dens_486902622078179007,753,Density,<Substance COC=O{solv}{x=0.494600}|CO{solv}{x=0.505400}>,CO,COC=O,openff-2.2.1,1,0.9012244078753758,0.0004032252341371,0.8956100000000002,7.500000000000002e-05
28474,754,dens_750646162221180186,754,Density,<Substance COC=O{solv}{x=0.083300}|CO{solv}{x=0.916700}>,CO,COC=O,openff-2.2.1,1,0.7901169075080564,0.0004245013227876,0.8088000000000002,9.000000000000002e-05
28475,755,dhmix_1113631207235753369,755,EnthalpyOfMixing,<Substance COC=O{solv}{x=0.717800}|CO{solv}{x=0.282200}>,CO,COC=O,openff-2.2.1,1,0.6491267234155609,0.0316895388626028,1.105,0.012
28476,756,dhmix_2143911117683117531,756,EnthalpyOfMixing,<Substance COC=O{solv}{x=0.512700}|CO{solv}{x=0.487300}>,CO,COC=O,openff-2.2.1,1,0.8548955992890397,0.0281515831426264,1.179,0.0125
28477,757,dens_2148324189014877510,757,Density,<Substance COC=O{solv}{x=0.727100}|CO{solv}{x=0.272900}>,CO,COC=O,openff-2.2.1,1,0.9471042716544392,0.0003281737939231,0.9321000000000004,8.000000000000002e-05
28478,758,dhmix_2205254965267695203,758,EnthalpyOfMixing,<Substance COC=O{solv}{x=0.083300}|CO{solv}{x=0.916700}>,CO,COC=O,openff-2.2.1,1,0.272050735055533,0.029630663209589,0.311,0.0035
28479,759,dhmix_497300242003673148,759,EnthalpyOfMixing,<Substance BrCCBr{solv}{x=0.284100}|CCCCOC(=O)CCC{solv}{x=0.715900}>,BrCCBr,CCCCOC(=O)CCC,openff-2.2.1,1,-0.6071287450404128,0.0525306295664546,-0.054,0.001
28480,760,dhmix_712261179736749495,760,EnthalpyOfMixing,<Substance BrCCBr{solv}{x=0.515300}|CCCCOC(=O)CCC{solv}{x=0.484700}>,BrCCBr,CCCCOC(=O)CCC,openff-2.2.1,1,-0.7146994121366887,0.0429584758401612,-0.027,0.0005
28481,761,dens_846614854165535724,761,Density,<Substance BrCCBr{solv}{x=0.212900}|CCCCOC(=O)CCC{solv}{x=0.787100}>,BrCCBr,CCCCOC(=O)CCC,openff-2.2.1,1,1.0158385756972668,0.000200311454929,1.0245500000000003,0.00013
28482,762,dens_1085110183353279404,762,Density,<Substance BrCCBr{solv}{x=0.730000}|CCCCOC(=O)CCC{solv}{x=0.270000}>,BrCCBr,CCCCOC(=O)CCC,openff-2.2.1,1,1.5989645918460973,0.0004377051901756,1.6231500000000003,0.000405
28483,763,dhmix_2153957437015117204,763,EnthalpyOfMixing,<Substance BrCCBr{solv}{x=0.763900}|CCCCOC(=O)CCC{solv}{x=0.236100}>,BrCCBr,CCCCOC(=O)CCC,openff-2.2.1,1,-0.5165342257253904,0.0360484022745846,0.051,0.001
28484,764,dens_2242615301342819560,764,Density,<Substance BrCCBr{solv}{x=0.449300}|CCCCOC(=O)CCC{solv}{x=0.550700}>,BrCCBr,CCCCOC(=O)CCC,openff-2.2.1,1,1.2386474224676791,0.0002568933559134,1.2506100000000002,0.000225
28485,765,dens_501060706627477242,765,Density,<Substance OC1=NCCC1{solv}{x=0.500000}|O{solv}{x=0.500000}>,O,OC1=NCCC1,openff-2.2.1,1,1.0480216763255945,0.0003149884981141,1.0977070000000004,0.0005555
28486,766,dens_929065521104254808,766,Density,<Substance OC1=NCCC1{solv}{x=0.744800}|O{solv}{x=0.255200}>,O,OC1=NCCC1,openff-2.2.1,1,1.056405101809155,0.0002919421178403,1.1044310000000004,0.000577
28487,767,dhmix_1128968771311392860,767,EnthalpyOfMixing,<Substance OC1=NCCC1{solv}{x=0.769300}|O{solv}{x=0.230700}>,O,OC1=NCCC1,openff-2.2.1,1,0.8471823885005989,0.0341824331102473,-0.678,0.1695
28488,768,dens_1192491633684345401,768,Density,<Substance OC1=NCCC1{solv}{x=0.246800}|O{solv}{x=0.753200}>,O,OC1=NCCC1,openff-2.2.1,1,1.030717840035307,0.0004438633865295,1.077068,0.0004905
28489,769,dhmix_1775375132531538271,769,EnthalpyOfMixing,<Substance OC1=NCCC1{solv}{x=0.478300}|O{solv}{x=0.521700}>,O,OC1=NCCC1,openff-2.2.1,1,0.8701038157800838,0.0257846936957574,-0.8384,0.20965
28490,770,dhmix_1895825007089845103,770,EnthalpyOfMixing,<Substance OC1=NCCC1{solv}{x=0.231900}|O{solv}{x=0.768100}>,O,OC1=NCCC1,openff-2.2.1,1,0.6927641354914087,0.0254501374365845,-0.5238,0.13095
28491,771,dens_502738970558558534,771,Density,<Substance BrCCBr{solv}{x=0.749000}|COC=O{solv}{x=0.251000}>,BrCCBr,COC=O,openff-2.2.1,1,1.8989027017681128,0.0006750887912806,1.9319600000000008,0.003535
28492,772,dhmix_523129341332875255,772,EnthalpyOfMixing,<Substance BrCCBr{solv}{x=0.059500}|COC=O{solv}{x=0.940500}>,BrCCBr,COC=O,openff-2.2.1,1,0.0894293745958705,0.0316298585036327,0.1715,0.00215
28493,773,dens_528986974844153101,773,Density,<Substance BrCCBr{solv}{x=0.059800}|COC=O{solv}{x=0.940200}>,BrCCBr,COC=O,openff-2.2.1,1,1.0882103449039815,0.00036308344398,1.06428,0.00056
28494,774,dhmix_1521152703631810888,774,EnthalpyOfMixing,<Substance BrCCBr{solv}{x=0.757400}|COC=O{solv}{x=0.242600}>,BrCCBr,COC=O,openff-2.2.1,1,0.4784416389406161,0.0317485350012265,0.653,0.00585
28495,775,dhmix_1685647138770344206,775,EnthalpyOfMixing,<Substance BrCCBr{solv}{x=0.528100}|COC=O{solv}{x=0.471900}>,BrCCBr,COC=O,openff-2.2.1,1,0.4842507457465306,0.0289951408030936,0.8123,0.00705
28496,776,dens_1945150067923572864,776,Density,<Substance BrCCBr{solv}{x=0.501500}|COC=O{solv}{x=0.498500}>,BrCCBr,COC=O,openff-2.2.1,1,1.6563771820601674,0.0005329884874358,1.6620300000000003,0.00232
28497,777,dens_511283508189056955,777,Density,<Substance CCO{solv}{x=0.291400}|CN(C)CCO{solv}{x=0.708600}>,CCO,CN(C)CCO,openff-2.2.1,1,0.871095688880735,0.0002316561849273,0.8710100000000002,0.000165
28498,778,dhmix_1055456388735168345,778,EnthalpyOfMixing,<Substance CCO{solv}{x=0.508400}|CN(C)CCO{solv}{x=0.491600}>,CCO,CN(C)CCO,openff-2.2.1,1,-0.6549137621777987,0.0335708912698148,-0.4044,0.0044
28499,779,dens_1119930253414624267,779,Density,<Substance CCO{solv}{x=0.699500}|CN(C)CCO{solv}{x=0.300500}>,CCO,CN(C)CCO,openff-2.2.1,1,0.8315453733657722,0.0002493444240198,0.8345000000000002,0.000135
28500,780,dhmix_1132835222292135012,780,EnthalpyOfMixing,<Substance CCO{solv}{x=0.268600}|CN(C)CCO{solv}{x=0.731400}>,CCO,CN(C)CCO,openff-2.2.1,1,-0.4752683625200546,0.0424148961167952,-0.2783,0.0031
28501,781,dens_1964926738263319597,781,Density,<Substance CCO{solv}{x=0.494900}|CN(C)CCO{solv}{x=0.505100}>,CCO,CN(C)CCO,openff-2.2.1,1,0.854299400895721,0.0002737048604152,0.8566200000000002,0.00015
28502,782,dhmix_2011138895468245368,782,EnthalpyOfMixing,<Substance CCO{solv}{x=0.733500}|CN(C)CCO{solv}{x=0.266500}>,CCO,CN(C)CCO,openff-2.2.1,1,-0.6322508165596759,0.0362636682087727,-0.3657,0.004
28503,783,dhmix_517287783481256565,783,EnthalpyOfMixing,<Substance CN(C)C=O{solv}{x=0.701000}|ClCCCCCl{solv}{x=0.299000}>,CN(C)C=O,ClCCCCCl,openff-2.2.1,1,0.3601745215865151,0.0369145307380345,-0.052,0.002
28504,784,dens_765057686797526715,784,Density,<Substance CN(C)C=O{solv}{x=0.794300}|ClCCCCCl{solv}{x=0.205700}>,CN(C)C=O,ClCCCCCl,openff-2.2.1,1,0.9723679810343088,0.0002490478839449,0.9934000000000002,0.00245
28505,785,dens_1092490027864410415,785,Density,<Substance CN(C)C=O{solv}{x=0.502200}|ClCCCCCl{solv}{x=0.497800}>,CN(C)C=O,ClCCCCCl,openff-2.2.1,1,1.0345644803268144,0.0002698184870392,1.0524000000000004,0.0022
28506,786,dens_1571926938169630329,786,Density,<Substance CN(C)C=O{solv}{x=0.299400}|ClCCCCCl{solv}{x=0.700600}>,CN(C)C=O,ClCCCCCl,openff-2.2.1,1,1.0707489827519876,0.000296449374868,1.0879000000000003,0.0021
28507,787,dhmix_1989422051580285053,787,EnthalpyOfMixing,<Substance CN(C)C=O{solv}{x=0.501000}|ClCCCCCl{solv}{x=0.499000}>,CN(C)C=O,ClCCCCCl,openff-2.2.1,1,0.5416708577086524,0.0378275498115353,-0.056,0.002
28508,788,dhmix_2190775305913174779,788,EnthalpyOfMixing,<Substance CN(C)C=O{solv}{x=0.204000}|ClCCCCCl{solv}{x=0.796000}>,CN(C)C=O,ClCCCCCl,openff-2.2.1,1,0.3428400997457714,0.043019054767146,-0.039,0.002
28509,789,dens_518199256039095036,789,Density,<Substance CCCCO{solv}{x=0.496400}|NCCN{solv}{x=0.503600}>,CCCCO,NCCN,openff-2.2.1,1,0.889716996492472,1e-05,0.8519430000000002,0.000219
28510,790,dens_866492593379488722,790,Density,<Substance CCCCO{solv}{x=0.739800}|NCCN{solv}{x=0.260200}>,CCCCO,NCCN,openff-2.2.1,1,0.8406139133471648,1e-05,0.8325090000000002,0.000221
28511,791,dens_2064365769538781360,791,Density,<Substance CCCCO{solv}{x=0.291900}|NCCN{solv}{x=0.708100}>,CCCCO,NCCN,openff-2.2.1,1,0.9364631388015718,1e-05,0.8676960000000002,0.0002205
28512,792,dens_520201021244222151,792,Density,<Substance O=C1CCCO1{solv}{x=0.300000}|O{solv}{x=0.700000}>,O,O=C1CCCO1,openff-2.2.1,1,1.0535413015762018,0.0003598689973969,1.0886000000000002,0.0001
28513,793,dens_2198925124601089428,793,Density,<Substance O=C1CCCO1{solv}{x=0.500000}|O{solv}{x=0.500000}>,O,O=C1CCCO1,openff-2.2.1,1,1.073162659726711,0.0003185493447617,1.1059000000000003,0.0001
28514,794,dens_2272207838075726438,794,Density,<Substance O=C1CCCO1{solv}{x=0.800000}|O{solv}{x=0.200000}>,O,O=C1CCCO1,openff-2.2.1,1,1.090545273630129,0.0002440910867293,1.1182000000000003,0.0001
28515,795,dhmix_524376395520217080,795,EnthalpyOfMixing,<Substance CC(C)CC(C)(C)C{solv}{x=0.440700}|CCCC(=O)OC{solv}{x=0.559300}>,CC(C)CC(C)(C)C,CCCC(=O)OC,openff-2.2.1,1,1.4928184521873504,0.0485382825290499,1.053,0.0115
28516,796,dens_581090592491592243,796,Density,<Substance CC(C)CC(C)(C)C{solv}{x=0.298100}|CCCC(=O)OC{solv}{x=0.701900}>,CC(C)CC(C)(C)C,CCCC(=O)OC,openff-2.2.1,1,0.8146524484398135,0.0002055128153745,0.8119000000000002,0.000505
28517,797,dens_1497434747823371430,797,Density,<Substance CC(C)CC(C)(C)C{solv}{x=0.724300}|CCCC(=O)OC{solv}{x=0.275700}>,CC(C)CC(C)(C)C,CCCC(=O)OC,openff-2.2.1,1,0.7391075985043882,0.0002282750649474,0.7279000000000001,0.000505
28518,798,dhmix_1614087501371550297,798,EnthalpyOfMixing,<Substance CC(C)CC(C)(C)C{solv}{x=0.762900}|CCCC(=O)OC{solv}{x=0.237100}>,CC(C)CC(C)(C)C,CCCC(=O)OC,openff-2.2.1,1,1.3294982546249372,0.0515047232281226,0.789,0.0085
28519,799,dens_1842979547629422953,799,Density,<Substance CC(C)CC(C)(C)C{solv}{x=0.441000}|CCCC(=O)OC{solv}{x=0.559000}>,CC(C)CC(C)(C)C,CCCC(=O)OC,openff-2.2.1,1,0.7866943406024282,0.0001925046199977,0.7803000000000001,0.000505
28520,800,dhmix_2246911102339588209,800,EnthalpyOfMixing,<Substance CC(C)CC(C)(C)C{solv}{x=0.298200}|CCCC(=O)OC{solv}{x=0.701800}>,CC(C)CC(C)(C)C,CCCC(=O)OC,openff-2.2.1,1,1.1884032145733483,0.0442698111026821,0.884,0.0095
28521,801,dhmix_536798507677319129,801,EnthalpyOfMixing,<Substance C1COCO1{solv}{x=0.267900}|Cc1ccccc1Cl{solv}{x=0.732100}>,C1COCO1,Cc1ccccc1Cl,openff-2.2.1,1,0.3322879518277375,0.0396165347084487,0.272,0.0015
28522,802,dens_559535483529614058,802,Density,<Substance C1COCO1{solv}{x=0.726600}|Cc1ccccc1Cl{solv}{x=0.273400}>,C1COCO1,Cc1ccccc1Cl,openff-2.2.1,1,1.0852965666358187,0.0003165530825358,1.0652000000000004,0.0005
28523,803,dens_731520844601672570,803,Density,<Substance C1COCO1{solv}{x=0.268500}|Cc1ccccc1Cl{solv}{x=0.731500}>,C1COCO1,Cc1ccccc1Cl,openff-2.2.1,1,1.0629774127213003,0.0001880637318524,1.0630000000000002,0.0005
28524,804,dens_839907656840905053,804,Density,<Substance C1COCO1{solv}{x=0.516900}|Cc1ccccc1Cl{solv}{x=0.483100}>,C1COCO1,Cc1ccccc1Cl,openff-2.2.1,1,1.08001725147301,0.0002848472305949,1.0694000000000004,0.0005
28525,805,dhmix_1308085019204784636,805,EnthalpyOfMixing,<Substance C1COCO1{solv}{x=0.500900}|Cc1ccccc1Cl{solv}{x=0.499100}>,C1COCO1,Cc1ccccc1Cl,openff-2.2.1,1,0.3532205332650449,0.04171623030742,0.393,0.002
28526,806,dhmix_1924685013370154802,806,EnthalpyOfMixing,<Substance C1COCO1{solv}{x=0.760400}|Cc1ccccc1Cl{solv}{x=0.239600}>,C1COCO1,Cc1ccccc1Cl,openff-2.2.1,1,0.3047380807207247,0.0359949208212441,0.313,0.0015
28527,807,dhmix_549919019055097043,807,EnthalpyOfMixing,<Substance C1CCCCC1{solv}{x=0.799100}|CC(C)O{solv}{x=0.200900}>,C1CCCCC1,CC(C)O,openff-2.2.1,1,0.8318352844569148,0.0438671137263998,0.702,0.017
28528,808,dhmix_1101575580592240663,808,EnthalpyOfMixing,<Substance C1CCCCC1{solv}{x=0.199500}|CC(C)O{solv}{x=0.800500}>,C1CCCCC1,CC(C)O,openff-2.2.1,1,0.5547948513466512,0.0405300451037235,0.438,0.011
28529,809,dhmix_1262965345724899699,809,EnthalpyOfMixing,<Substance C1CCCCC1{solv}{x=0.498400}|CC(C)O{solv}{x=0.501600}>,C1CCCCC1,CC(C)O,openff-2.2.1,1,0.8070683183076142,0.0377069331211174,0.801,0.0195
28530,810,dens_1431184569437551541,810,Density,<Substance C1CCCCC1{solv}{x=0.705800}|CC(C)O{solv}{x=0.294200}>,C1CCCCC1,CC(C)O,openff-2.2.1,1,0.7566433460419035,0.0002560618783124,0.7711100000000002,0.000245
28531,811,dens_2097249982689376165,811,Density,<Substance C1CCCCC1{solv}{x=0.200000}|CC(C)O{solv}{x=0.800000}>,C1CCCCC1,CC(C)O,openff-2.2.1,1,0.7813215283171725,0.0002324681359457,0.7761000000000002,0.0003
28532,812,dens_2130071224188444793,812,Density,<Substance C1CCCCC1{solv}{x=0.503900}|CC(C)O{solv}{x=0.496100}>,C1CCCCC1,CC(C)O,openff-2.2.1,1,0.7646002275128403,0.0002653585287626,0.7719000000000001,0.0003
28533,813,dens_562489367284385084,813,Density,<Substance CCCCC(=O)OC{solv}{x=0.251100}|COC(C)=O{solv}{x=0.748900}>,CCCCC(=O)OC,COC(C)=O,openff-2.2.1,1,0.912394865906176,0.0002637926349214,0.9105300000000002,0.000505
28534,814,dhmix_814771684244180933,814,EnthalpyOfMixing,<Substance CCCCC(=O)OC{solv}{x=0.733900}|COC(C)=O{solv}{x=0.266100}>,CCCCC(=O)OC,COC(C)=O,openff-2.2.1,1,0.1344969573893895,0.0466618471563825,0.178,0.002
28535,815,dhmix_915202362324204655,815,EnthalpyOfMixing,<Substance CCCCC(=O)OC{solv}{x=0.505500}|COC(C)=O{solv}{x=0.494500}>,CCCCC(=O)OC,COC(C)=O,openff-2.2.1,1,0.1406177117495026,0.0415537591575107,0.238,0.0025
28536,816,dhmix_935892165648195197,816,EnthalpyOfMixing,<Substance CCCCC(=O)OC{solv}{x=0.234700}|COC(C)=O{solv}{x=0.765300}>,CCCCC(=O)OC,COC(C)=O,openff-2.2.1,1,0.1127862326437494,0.0397301954583402,0.173,0.002
28537,817,dens_961692445804333991,817,Density,<Substance CCCCC(=O)OC{solv}{x=0.738300}|COC(C)=O{solv}{x=0.261700}>,CCCCC(=O)OC,COC(C)=O,openff-2.2.1,1,0.8892007787842268,0.0002004817618293,0.8914700000000002,0.000505
28538,818,dens_1493380961688632529,818,Density,<Substance CCCCC(=O)OC{solv}{x=0.493500}|COC(C)=O{solv}{x=0.506500}>,CCCCC(=O)OC,COC(C)=O,openff-2.2.1,1,0.8993110145901437,0.0002283032396354,0.8996200000000002,0.000505
28539,819,dhmix_563342363018905515,819,EnthalpyOfMixing,<Substance CCOC(=O)CC(C)=O{solv}{x=0.751400}|O{solv}{x=0.248600}>,CCOC(=O)CC(C)=O,O,openff-2.2.1,1,0.6503900850969728,0.0376559438761758,1.128,0.012
28540,820,dhmix_1385095028103136291,820,EnthalpyOfMixing,<Substance CCOC(=O)CC(C)=O{solv}{x=0.449100}|O{solv}{x=0.550900}>,CCOC(=O)CC(C)=O,O,openff-2.2.1,1,0.5624721179856351,0.0359991800374277,0.684,0.0075
28541,821,dhmix_1609967394780907654,821,EnthalpyOfMixing,<Substance CCOC(=O)CC(C)=O{solv}{x=0.299400}|O{solv}{x=0.700600}>,CCOC(=O)CC(C)=O,O,openff-2.2.1,1,0.4829545331502771,0.0237212872339597,0.428,0.005
28542,822,dhmix_566259260175961973,822,EnthalpyOfMixing,<Substance CCCCO{solv}{x=0.144700}|OC1=NCCC1{solv}{x=0.855300}>,CCCCO,OC1=NCCC1,openff-2.2.1,1,0.4163047601336842,0.0389798307924667,0.0949,0.0012
28543,823,dens_1146983614802652988,823,Density,<Substance CCCCO{solv}{x=0.500400}|OC1=NCCC1{solv}{x=0.499600}>,CCCCO,OC1=NCCC1,openff-2.2.1,1,0.924843434423436,0.0002233275586549,0.94503,0.00015
28544,824,dhmix_1601732489230179724,824,EnthalpyOfMixing,<Substance CCCCO{solv}{x=0.497800}|OC1=NCCC1{solv}{x=0.502200}>,CCCCO,OC1=NCCC1,openff-2.2.1,1,1.163098331984184,0.0389093656187434,0.2326,0.0026
28545,825,dhmix_1661138478850718837,825,EnthalpyOfMixing,<Substance CCCCO{solv}{x=0.754800}|OC1=NCCC1{solv}{x=0.245200}>,CCCCO,OC1=NCCC1,openff-2.2.1,1,1.012223542247508,0.0448475713280092,0.2356,0.00265
28546,826,dens_1878955695276199878,826,Density,<Substance CCCCO{solv}{x=0.144600}|OC1=NCCC1{solv}{x=0.855400}>,CCCCO,OC1=NCCC1,openff-2.2.1,1,1.0199861824538892,0.0002162766269509,1.0575900000000005,0.000205
28547,827,dens_2101998760005952263,827,Density,<Substance CCCCO{solv}{x=0.755500}|OC1=NCCC1{solv}{x=0.244500}>,CCCCO,OC1=NCCC1,openff-2.2.1,1,0.8598727903254854,0.000197322726334,0.8711500000000002,0.000185
28548,828,dhmix_569012254773025696,828,EnthalpyOfMixing,<Substance CC(C)(C)O{solv}{x=0.505700}|OC1=NCCC1{solv}{x=0.494300}>,CC(C)(C)O,OC1=NCCC1,openff-2.2.1,1,1.522684256226313,0.0471276323822236,0.4323,0.0047
28549,829,dens_992979807705536615,829,Density,<Substance CC(C)(C)O{solv}{x=0.751100}|OC1=NCCC1{solv}{x=0.248900}>,CC(C)(C)O,OC1=NCCC1,openff-2.2.1,1,0.8672567187524965,0.0003293206979364,0.8505700000000003,0.000215
28550,830,dens_1020722913861580636,830,Density,<Substance CC(C)(C)O{solv}{x=0.499700}|OC1=NCCC1{solv}{x=0.500300}>,CC(C)(C)O,OC1=NCCC1,openff-2.2.1,1,0.928332648174236,0.0002565278515042,0.9282800000000002,0.00018
28551,831,dhmix_1408261346335628114,831,EnthalpyOfMixing,<Substance CC(C)(C)O{solv}{x=0.744900}|OC1=NCCC1{solv}{x=0.255100}>,CC(C)(C)O,OC1=NCCC1,openff-2.2.1,1,1.4164625147342775,0.0454984297775219,0.3774,0.00415
28552,832,dhmix_1466823939183874689,832,EnthalpyOfMixing,<Substance CC(C)(C)O{solv}{x=0.257800}|OC1=NCCC1{solv}{x=0.742200}>,CC(C)(C)O,OC1=NCCC1,openff-2.2.1,1,0.769164736610449,0.0330131998602877,0.2874,0.0032
28553,833,dens_1768273433543243004,833,Density,<Substance CC(C)(C)O{solv}{x=0.276400}|OC1=NCCC1{solv}{x=0.723600}>,CC(C)(C)O,OC1=NCCC1,openff-2.2.1,1,0.9866804216296174,0.0002109255662632,1.0036300000000002,0.000155
28554,834,dens_571827819113574480,834,Density,<Substance CC(C)OC(C)C{solv}{x=0.700400}|Cc1ccccc1{solv}{x=0.299600}>,CC(C)OC(C)C,Cc1ccccc1,openff-2.2.1,1,0.7620815878476763,0.0002389858650986,0.7573100000000001,0.000155
28555,835,dhmix_686402805609192969,835,EnthalpyOfMixing,<Substance CC(C)OC(C)C{solv}{x=0.228000}|Cc1ccccc1{solv}{x=0.772000}>,CC(C)OC(C)C,Cc1ccccc1,openff-2.2.1,1,-0.184594988880427,0.0451406764244831,0.0593,0.00515
28556,836,dhmix_1045652173440309018,836,EnthalpyOfMixing,<Substance CC(C)OC(C)C{solv}{x=0.752000}|Cc1ccccc1{solv}{x=0.248000}>,CC(C)OC(C)C,Cc1ccccc1,openff-2.2.1,1,-0.0336099005929995,0.0475204197110514,-0.0091,0.00505
28557,837,dhmix_1690461453403165745,837,EnthalpyOfMixing,<Substance CC(C)OC(C)C{solv}{x=0.455000}|Cc1ccccc1{solv}{x=0.545000}>,CC(C)OC(C)C,Cc1ccccc1,openff-2.2.1,1,-0.1511009552282658,0.0437628594873105,0.0323,0.0051
28558,838,dens_2086775654110573795,838,Density,<Substance CC(C)OC(C)C{solv}{x=0.200400}|Cc1ccccc1{solv}{x=0.799600}>,CC(C)OC(C)C,Cc1ccccc1,openff-2.2.1,1,0.8193905268708442,0.0002281027504723,0.8299700000000002,0.00014
28559,839,dens_2167043968237201720,839,Density,<Substance CC(C)OC(C)C{solv}{x=0.500300}|Cc1ccccc1{solv}{x=0.499700}>,CC(C)OC(C)C,Cc1ccccc1,openff-2.2.1,1,0.7840080383559795,0.0002268925671604,0.7849200000000002,0.000155
28560,840,dhmix_578047845607378963,840,EnthalpyOfMixing,<Substance CN1CCCC1=O{solv}{x=0.635900}|c1ccncc1{solv}{x=0.364100}>,CN1CCCC1=O,c1ccncc1,openff-2.2.1,1,-0.3950413183606144,0.039518776678541,-0.4013,0.10035
28561,841,dhmix_625120262301063359,841,EnthalpyOfMixing,<Substance CN1CCCC1=O{solv}{x=0.231200}|c1ccncc1{solv}{x=0.768800}>,CN1CCCC1=O,c1ccncc1,openff-2.2.1,1,-0.2317761161621039,0.0390704720182704,-0.3157,0.07895
28562,842,dens_1059919274311274879,842,Density,<Substance CN1CCCC1=O{solv}{x=0.521500}|c1ccncc1{solv}{x=0.478500}>,CN1CCCC1=O,c1ccncc1,openff-2.2.1,1,0.9910327262225148,0.0001535736522174,1.0158200000000004,0.00051
28563,843,dens_1445187430653020908,843,Density,<Substance CN1CCCC1=O{solv}{x=0.234800}|c1ccncc1{solv}{x=0.765200}>,CN1CCCC1=O,c1ccncc1,openff-2.2.1,1,0.9840985385840454,0.0001757998758593,0.9983500000000004,0.00051
28564,844,dhmix_1933003504821603087,844,EnthalpyOfMixing,<Substance CN1CCCC1=O{solv}{x=0.499500}|c1ccncc1{solv}{x=0.500500}>,CN1CCCC1=O,c1ccncc1,openff-2.2.1,1,-0.37860152152441,0.0367912772451006,-0.4356,0.1089
28565,845,dens_2199047009222847682,845,Density,<Substance CN1CCCC1=O{solv}{x=0.636400}|c1ccncc1{solv}{x=0.363600}>,CN1CCCC1=O,c1ccncc1,openff-2.2.1,1,0.993100745781746,0.0002401786701708,1.0207400000000002,0.00051
28566,846,dens_586351122522837789,846,Density,<Substance c1cc[nH]c1{solv}{x=0.820700}|c1ccccc1{solv}{x=0.179300}>,c1cc[nH]c1,c1ccccc1,openff-2.2.1,1,0.9527667645862736,0.0002828779700956,0.9503300000000002,0.000195
28567,847,dhmix_1101447260293284221,847,EnthalpyOfMixing,<Substance c1cc[nH]c1{solv}{x=0.494000}|c1ccccc1{solv}{x=0.506000}>,c1cc[nH]c1,c1ccccc1,openff-2.2.1,1,0.6088021672626951,0.0333912805467699,0.609,0.00395
28568,848,dens_1366042600317618213,848,Density,<Substance c1cc[nH]c1{solv}{x=0.503000}|c1ccccc1{solv}{x=0.497000}>,c1cc[nH]c1,c1ccccc1,openff-2.2.1,1,0.910218141155262,0.0002595578960359,0.9220400000000002,0.00019
28569,849,dens_2042223650153961549,849,Density,<Substance c1cc[nH]c1{solv}{x=0.314200}|c1ccccc1{solv}{x=0.685800}>,c1cc[nH]c1,c1ccccc1,openff-2.2.1,1,0.8881858699356905,0.0002476144809407,0.9043500000000002,0.000195
28570,850,dhmix_2080652523589171296,850,EnthalpyOfMixing,<Substance c1cc[nH]c1{solv}{x=0.820800}|c1ccccc1{solv}{x=0.179200}>,c1cc[nH]c1,c1ccccc1,openff-2.2.1,1,0.2926204692524976,0.0380841310061532,0.3441,0.00245
28571,851,dhmix_2101365800313583195,851,EnthalpyOfMixing,<Substance c1cc[nH]c1{solv}{x=0.314000}|c1ccccc1{solv}{x=0.686000}>,c1cc[nH]c1,c1ccccc1,openff-2.2.1,1,0.5433207665222852,0.0369459849300515,0.5893,0.00385
28572,852,dens_592296207180530796,852,Density,<Substance C1CCNCC1{solv}{x=0.250000}|O{solv}{x=0.750000}>,C1CCNCC1,O,openff-2.2.1,1,0.906960451873658,0.0002670502386066,0.9379600000000002,0.000185
28573,853,dhmix_598563182385523239,853,EnthalpyOfMixing,<Substance C1CCNCC1{solv}{x=0.750000}|O{solv}{x=0.250000}>,C1CCNCC1,O,openff-2.2.1,1,-0.8395685362991188,0.0416716719124364,-1.4628,0.02995
28574,854,dens_1144696340343060729,854,Density,<Substance C1CCNCC1{solv}{x=0.500000}|O{solv}{x=0.500000}>,C1CCNCC1,O,openff-2.2.1,1,0.8833369402636685,0.0003217342390897,0.90329,0.000235
28575,855,dens_1551117370864361960,855,Density,<Substance C1CCNCC1{solv}{x=0.750000}|O{solv}{x=0.250000}>,C1CCNCC1,O,openff-2.2.1,1,0.8691610126401331,0.000247702023347,0.8771300000000002,0.000285
28576,856,dhmix_2023343497633678069,856,EnthalpyOfMixing,<Substance C1CCNCC1{solv}{x=0.500000}|O{solv}{x=0.500000}>,C1CCNCC1,O,openff-2.2.1,1,-1.1359796315360988,0.0289680661157618,-2.1379,0.04355
28577,857,dhmix_2169709193905404129,857,EnthalpyOfMixing,<Substance C1CCNCC1{solv}{x=0.250000}|O{solv}{x=0.750000}>,C1CCNCC1,O,openff-2.2.1,1,-0.759457249145683,0.0222101878718674,-1.9642,0.04065
28578,858,dhmix_597694390671293228,858,EnthalpyOfMixing,<Substance C1CCCCC1{solv}{x=0.495000}|c1cc[nH]c1{solv}{x=0.505000}>,C1CCCCC1,c1cc[nH]c1,openff-2.2.1,1,1.597694576011257,0.0374932257143749,1.4275,0.00895
28579,859,dens_1402964712081643759,859,Density,<Substance C1CCCCC1{solv}{x=0.281700}|c1cc[nH]c1{solv}{x=0.718300}>,C1CCCCC1,c1cc[nH]c1,openff-2.2.1,1,0.8848390598563419,0.0002357313475437,0.9082800000000002,0.00023
28580,860,dens_1463337814181203578,860,Density,<Substance C1CCCCC1{solv}{x=0.925100}|c1cc[nH]c1{solv}{x=0.074900}>,C1CCCCC1,c1cc[nH]c1,openff-2.2.1,1,0.7602525857217761,0.0001970351676404,0.7860300000000001,0.00026
28581,861,dens_1586039458655447443,861,Density,<Substance C1CCCCC1{solv}{x=0.494200}|c1cc[nH]c1{solv}{x=0.505800}>,C1CCCCC1,c1cc[nH]c1,openff-2.2.1,1,0.8333455800098096,0.0002430266802093,0.8661300000000002,0.000235
28582,862,dhmix_1650717903260721901,862,EnthalpyOfMixing,<Substance C1CCCCC1{solv}{x=0.924800}|c1cc[nH]c1{solv}{x=0.075200}>,C1CCCCC1,c1cc[nH]c1,openff-2.2.1,1,0.8033031662817507,0.0464441158878859,0.7315,0.00535
28583,863,dhmix_1709124910710738018,863,EnthalpyOfMixing,<Substance C1CCCCC1{solv}{x=0.281800}|c1cc[nH]c1{solv}{x=0.718200}>,C1CCCCC1,c1cc[nH]c1,openff-2.2.1,1,1.3194453204423695,0.0413741500651493,1.245,0.00795
28584,864,dhmix_602003453564252918,864,EnthalpyOfMixing,<Substance COc1ccccc1{solv}{x=0.767000}|OCCc1ccccc1{solv}{x=0.233000}>,COc1ccccc1,OCCc1ccccc1,openff-2.2.1,1,0.8227719103470434,0.0470051048519983,1.1154,0.01195
28585,865,dhmix_831666159864093343,865,EnthalpyOfMixing,<Substance COc1ccccc1{solv}{x=0.267800}|OCCc1ccccc1{solv}{x=0.732200}>,COc1ccccc1,OCCc1ccccc1,openff-2.2.1,1,0.5053866409880214,0.041857619602434,0.688,0.00745
28586,866,dhmix_1415130215717622630,866,EnthalpyOfMixing,<Substance COc1ccccc1{solv}{x=0.523200}|OCCc1ccccc1{solv}{x=0.476800}>,COc1ccccc1,OCCc1ccccc1,openff-2.2.1,1,0.7855333384583432,0.0453800532168161,1.0457,0.0112
28587,867,dens_2018050376435813399,867,Density,<Substance COc1ccccc1{solv}{x=0.767300}|OCCc1ccccc1{solv}{x=0.232700}>,COc1ccccc1,OCCc1ccccc1,openff-2.2.1,1,0.9722024133746606,0.0002275594598186,0.9869000000000002,0.00026
28588,868,dens_2083067547090229321,868,Density,<Substance COc1ccccc1{solv}{x=0.524500}|OCCc1ccccc1{solv}{x=0.475500}>,COc1ccccc1,OCCc1ccccc1,openff-2.2.1,1,0.9805627634340294,0.0001878133171207,0.9943600000000002,0.00026
28589,869,dens_2108796896152795987,869,Density,<Substance COc1ccccc1{solv}{x=0.212100}|OCCc1ccccc1{solv}{x=0.787900}>,COc1ccccc1,OCCc1ccccc1,openff-2.2.1,1,0.9911079580326968,0.0002087165466794,1.0032600000000005,0.00026
28590,870,dhmix_607389561715885318,870,EnthalpyOfMixing,<Substance CC(C)O{solv}{x=0.750600}|CCOC(=O)CC(=O)OCC{solv}{x=0.249400}>,CC(C)O,CCOC(=O)CC(=O)OCC,openff-2.2.1,1,1.7686918657920785,0.0411121187239485,1.955,0.021
28591,871,dhmix_970997719035766241,871,EnthalpyOfMixing,<Substance CC(C)O{solv}{x=0.249200}|CCOC(=O)CC(=O)OCC{solv}{x=0.750800}>,CC(C)O,CCOC(=O)CC(=O)OCC,openff-2.2.1,1,1.55771179586921,0.0501756110968541,1.804,0.0195
28592,872,dens_1055220895195342210,872,Density,<Substance CC(C)O{solv}{x=0.700000}|CCOC(=O)CC(=O)OCC{solv}{x=0.300000}>,CC(C)O,CCOC(=O)CC(=O)OCC,openff-2.2.1,1,0.918830644784712,0.0002312040925997,0.9013080000000002,0.000163
28593,873,dens_1059428282849222105,873,Density,<Substance CC(C)O{solv}{x=0.500100}|CCOC(=O)CC(=O)OCC{solv}{x=0.499900}>,CC(C)O,CCOC(=O)CC(=O)OCC,openff-2.2.1,1,0.9721417726842576,0.0001817017591664,0.9563730000000004,0.0001215
28594,874,dhmix_2225069850502215858,874,EnthalpyOfMixing,<Substance CC(C)O{solv}{x=0.499700}|CCOC(=O)CC(=O)OCC{solv}{x=0.500300}>,CC(C)O,CCOC(=O)CC(=O)OCC,openff-2.2.1,1,2.165673080407288,0.0442314880079202,2.369,0.0255
28595,875,dens_2227064517025896927,875,Density,<Substance CC(C)O{solv}{x=0.200000}|CCOC(=O)CC(=O)OCC{solv}{x=0.800000}>,CC(C)O,CCOC(=O)CC(=O)OCC,openff-2.2.1,1,1.030514031595977,0.0001920241483381,1.0176930000000002,0.000103
28596,876,dhmix_614525131410782877,876,EnthalpyOfMixing,<Substance CCCCCC(C)=O{solv}{x=0.491300}|CCCCNCCCC{solv}{x=0.508700}>,CCCCCC(C)=O,CCCCNCCCC,openff-2.2.1,1,0.0403414089911251,0.0502677646864237,0.278,0.003
28597,877,dhmix_1051001364116056564,877,EnthalpyOfMixing,<Substance CCCCCC(C)=O{solv}{x=0.781100}|CCCCNCCCC{solv}{x=0.218900}>,CCCCCC(C)=O,CCCCNCCCC,openff-2.2.1,1,0.0111236542593928,0.0407330288527832,0.164,0.002
28598,878,dens_1087422962538109584,878,Density,<Substance CCCCCC(C)=O{solv}{x=0.449900}|CCCCNCCCC{solv}{x=0.550100}>,CCCCCC(C)=O,CCCCNCCCC,openff-2.2.1,1,0.7713396860994317,0.0001919435558159,0.7778490000000002,9.250000000000004e-05
28599,879,dens_1830187222448876426,879,Density,<Substance CCCCCC(C)=O{solv}{x=0.209700}|CCCCNCCCC{solv}{x=0.790300}>,CCCCCC(C)=O,CCCCNCCCC,openff-2.2.1,1,0.7616300409506502,0.000162997527955,0.7655110000000002,8.400000000000002e-05
28600,880,dens_2113849591242853193,880,Density,<Substance CCCCCC(C)=O{solv}{x=0.750900}|CCCCNCCCC{solv}{x=0.249100}>,CCCCCC(C)=O,CCCCNCCCC,openff-2.2.1,1,0.7833302821618454,0.0001686958594531,0.7951660000000003,0.000105
28601,881,dhmix_2131918011494960609,881,EnthalpyOfMixing,<Substance CCCCCC(C)=O{solv}{x=0.294700}|CCCCNCCCC{solv}{x=0.705300}>,CCCCCC(C)=O,CCCCNCCCC,openff-2.2.1,1,-0.0103318141927246,1.2585904814513736e-05,0.256,0.003
28602,882,dhmix_618866445574413387,882,EnthalpyOfMixing,<Substance C1CCOCC1{solv}{x=0.442500}|Cc1ccccc1C{solv}{x=0.557500}>,C1CCOCC1,Cc1ccccc1C,openff-2.2.1,1,-0.0409925372200774,0.0399901140111514,-0.0342,0.0006
28603,883,dens_643927890193937545,883,Density,<Substance C1CCOCC1{solv}{x=0.518700}|Cc1ccccc1C{solv}{x=0.481300}>,C1CCOCC1,Cc1ccccc1C,openff-2.2.1,1,0.8577796400975268,0.0002257659032527,0.8779900000000003,0.0005
28604,884,dhmix_1129414916141538177,884,EnthalpyOfMixing,<Substance C1CCOCC1{solv}{x=0.744300}|Cc1ccccc1C{solv}{x=0.255700}>,C1CCOCC1,Cc1ccccc1C,openff-2.2.1,1,0.0142970883557609,0.0467720573182981,0.0421,0.00065
28605,885,dens_1429468909820653032,885,Density,<Substance C1CCOCC1{solv}{x=0.231800}|Cc1ccccc1C{solv}{x=0.768200}>,C1CCOCC1,Cc1ccccc1C,openff-2.2.1,1,0.8540791020341897,0.0002168647709819,0.8770400000000002,0.0005
28606,886,dens_1442497603142913792,886,Density,<Substance C1CCOCC1{solv}{x=0.772900}|Cc1ccccc1C{solv}{x=0.227100}>,C1CCOCC1,Cc1ccccc1C,openff-2.2.1,1,0.8622196521705167,0.0002405084455201,0.8787800000000002,0.000505
28607,887,dhmix_2268256048157488415,887,EnthalpyOfMixing,<Substance C1CCOCC1{solv}{x=0.245400}|Cc1ccccc1C{solv}{x=0.754600}>,C1CCOCC1,Cc1ccccc1C,openff-2.2.1,1,-0.0187753672723971,0.0450691503032211,-0.0613,0.00085
28608,888,dens_626398848152359169,888,Density,<Substance C1COCCN1{solv}{x=0.498000}|O{solv}{x=0.502000}>,C1COCCN1,O,openff-2.2.1,1,1.0348273809135122,0.0002767914521619,1.0255000000000003,0.00255
28609,889,dhmix_773913810754342365,889,EnthalpyOfMixing,<Substance C1COCCN1{solv}{x=0.714900}|O{solv}{x=0.285100}>,C1COCCN1,O,openff-2.2.1,1,-1.5113173011592664,0.0413612307792663,-1.753,0.019
28610,890,dhmix_1012297674499495059,890,EnthalpyOfMixing,<Substance C1COCCN1{solv}{x=0.201000}|O{solv}{x=0.799000}>,C1COCCN1,O,openff-2.2.1,1,-1.2602852608241657,0.0247190121398698,-2.758,0.0295
28611,891,dens_1167008264969667349,891,Density,<Substance C1COCCN1{solv}{x=0.793000}|O{solv}{x=0.207000}>,C1COCCN1,O,openff-2.2.1,1,1.0354267249179263,0.0003454192897646,1.0057000000000005,0.00245
28612,892,dhmix_1871930573512426354,892,EnthalpyOfMixing,<Substance C1COCCN1{solv}{x=0.491100}|O{solv}{x=0.508900}>,C1COCCN1,O,openff-2.2.1,1,-2.108584976423458,0.0327478165982297,-3.131,0.0335
28613,893,dens_2014911999593579414,893,Density,<Substance C1COCCN1{solv}{x=0.298000}|O{solv}{x=0.702000}>,C1COCCN1,O,openff-2.2.1,1,1.0267449999086298,0.0003367456105105,1.0309000000000004,0.00255
28614,894,dens_627753907231278660,894,Density,<Substance CCC(C)=O{solv}{x=0.753100}|CCCNCCC{solv}{x=0.246900}>,CCC(C)=O,CCCNCCC,openff-2.2.1,1,0.7594616863672002,0.0002357806341342,0.7771510000000001,0.000109
28615,895,dens_674236159588910357,895,Density,<Substance CCC(C)=O{solv}{x=0.244600}|CCCNCCC{solv}{x=0.755400}>,CCC(C)=O,CCCNCCC,openff-2.2.1,1,0.7382142560790272,0.0002442156210319,0.7446230000000003,0.0001405
28616,896,dhmix_749228177959685874,896,EnthalpyOfMixing,<Substance CCC(C)=O{solv}{x=0.235300}|CCCNCCC{solv}{x=0.764700}>,CCC(C)=O,CCCNCCC,openff-2.2.1,1,0.094991026401324,0.0476492290540441,0.299,0.0035
28617,897,dhmix_1706960823617656563,897,EnthalpyOfMixing,<Substance CCC(C)=O{solv}{x=0.698400}|CCCNCCC{solv}{x=0.301600}>,CCC(C)=O,CCCNCCC,openff-2.2.1,1,0.0301849668474183,0.0428610893919771,0.334,0.0035
28618,898,dhmix_2102794241345605516,898,EnthalpyOfMixing,<Substance CCC(C)=O{solv}{x=0.505000}|CCCNCCC{solv}{x=0.495000}>,CCC(C)=O,CCCNCCC,openff-2.2.1,1,0.0962361684836281,0.0477162638371311,0.397,0.0045
28619,899,dens_2224864308887622456,899,Density,<Substance CCC(C)=O{solv}{x=0.500600}|CCCNCCC{solv}{x=0.499400}>,CCC(C)=O,CCCNCCC,openff-2.2.1,1,0.74788155880041,0.0002183174035967,0.7590400000000002,0.000125
28620,900,dhmix_628329103086906726,900,EnthalpyOfMixing,<Substance CC1CCCCC1{solv}{x=0.250400}|CCCO{solv}{x=0.749600}>,CC1CCCCC1,CCCO,openff-2.2.1,1,0.4731435888589104,0.0357457819048162,0.321,0.0055
28621,901,dhmix_989207392771680315,901,EnthalpyOfMixing,<Substance CC1CCCCC1{solv}{x=0.750500}|CCCO{solv}{x=0.249500}>,CC1CCCCC1,CCCO,openff-2.2.1,1,0.7149834333089302,0.0476204300620084,0.574,0.0055
28622,902,dens_1351260115393741606,902,Density,<Substance CC1CCCCC1{solv}{x=0.503100}|CCCO{solv}{x=0.496900}>,CC1CCCCC1,CCCO,openff-2.2.1,1,0.7666828615861786,0.0002081663150703,0.7785600000000001,0.0039
28623,903,dens_1376195506089851480,903,Density,<Substance CC1CCCCC1{solv}{x=0.202700}|CCCO{solv}{x=0.797300}>,CC1CCCCC1,CCCO,openff-2.2.1,1,0.7805166780785262,0.0002872991814482,0.7942000000000002,0.00398
28624,904,dens_1501229836503112732,904,Density,<Substance CC1CCCCC1{solv}{x=0.799000}|CCCO{solv}{x=0.201000}>,CC1CCCCC1,CCCO,openff-2.2.1,1,0.7584389484393314,0.0002405591191427,0.7688300000000002,0.003855
28625,905,dhmix_2109805019413953371,905,EnthalpyOfMixing,<Substance CC1CCCCC1{solv}{x=0.500400}|CCCO{solv}{x=0.499600}>,CC1CCCCC1,CCCO,openff-2.2.1,1,0.8042458609486545,0.0401540984662162,0.533,0.0055
28626,906,dhmix_634764080264908666,906,EnthalpyOfMixing,<Substance OCCN1CCOCC1{solv}{x=0.498900}|O{solv}{x=0.501100}>,O,OCCN1CCOCC1,openff-2.2.1,1,-2.8734582882772486,1.224745687887898e-05,-2.2633,0.02415
28627,907,dens_707792343667224312,907,Density,<Substance OCCN1CCOCC1{solv}{x=0.246600}|O{solv}{x=0.753400}>,O,OCCN1CCOCC1,openff-2.2.1,1,1.0668422058682658,1e-05,1.0838100000000002,0.00154
28628,908,dhmix_1064373607860850902,908,EnthalpyOfMixing,<Substance OCCN1CCOCC1{solv}{x=0.694900}|O{solv}{x=0.305100}>,O,OCCN1CCOCC1,openff-2.2.1,1,-2.5334757779810957,1.2554083001159425e-05,-1.7936,0.01915
28629,909,dhmix_1846281306963870091,909,EnthalpyOfMixing,<Substance OCCN1CCOCC1{solv}{x=0.300200}|O{solv}{x=0.699800}>,O,OCCN1CCOCC1,openff-2.2.1,1,-2.0244381541360923,1.2569805089976535e-05,-2.426,0.026
28630,910,dens_2238932092645470826,910,Density,<Substance OCCN1CCOCC1{solv}{x=0.743900}|O{solv}{x=0.256100}>,O,OCCN1CCOCC1,openff-2.2.1,1,1.082832979462523,1e-05,1.08031,0.001565
28631,911,dens_2269173599223764079,911,Density,<Substance OCCN1CCOCC1{solv}{x=0.485200}|O{solv}{x=0.514800}>,O,OCCN1CCOCC1,openff-2.2.1,1,1.0844132592901,1e-05,1.0866900000000004,0.00159
28632,912,dhmix_636778454546345333,912,EnthalpyOfMixing,<Substance C1CCCCC1{solv}{x=0.506300}|CNc1ccccc1{solv}{x=0.493700}>,C1CCCCC1,CNc1ccccc1,openff-2.2.1,1,2.152515209007518,0.037510850642649,1.628,0.0175
28633,913,dens_1209163492396921559,913,Density,<Substance C1CCCCC1{solv}{x=0.247000}|CNc1ccccc1{solv}{x=0.753000}>,C1CCCCC1,CNc1ccccc1,openff-2.2.1,1,0.9231580252903536,0.0002232810659373,0.9289450000000002,0.000272
28634,914,dens_1438140901521078017,914,Density,<Substance C1CCCCC1{solv}{x=0.494500}|CNc1ccccc1{solv}{x=0.505500}>,C1CCCCC1,CNc1ccccc1,openff-2.2.1,1,0.8625911806896553,0.0002119037938439,0.8759620000000002,0.0001835
28635,915,dens_1482697199055102595,915,Density,<Substance C1CCCCC1{solv}{x=0.746400}|CNc1ccccc1{solv}{x=0.253600}>,C1CCCCC1,CNc1ccccc1,openff-2.2.1,1,0.8038755927694529,0.0002453325342809,0.8233530000000001,0.000138
28636,916,dhmix_1832297119731463766,916,EnthalpyOfMixing,<Substance C1CCCCC1{solv}{x=0.204700}|CNc1ccccc1{solv}{x=0.795300}>,C1CCCCC1,CNc1ccccc1,openff-2.2.1,1,1.5805495295162508,0.0444747683569919,0.972,0.0105
28637,917,dhmix_1889368397403208807,917,EnthalpyOfMixing,<Substance C1CCCCC1{solv}{x=0.706600}|CNc1ccccc1{solv}{x=0.293400}>,C1CCCCC1,CNc1ccccc1,openff-2.2.1,1,1.7176277878881336,0.0421449035640674,1.521,0.0165
28638,918,dhmix_637657437173907469,918,EnthalpyOfMixing,<Substance CC(C)=O{solv}{x=0.709700}|CNc1ccccc1{solv}{x=0.290300}>,CC(C)=O,CNc1ccccc1,openff-2.2.1,1,-0.6987119428373703,0.0370889368286359,-0.525,0.0055
28639,919,dhmix_817594693007274900,919,EnthalpyOfMixing,<Substance CC(C)=O{solv}{x=0.231600}|CNc1ccccc1{solv}{x=0.768400}>,CC(C)=O,CNc1ccccc1,openff-2.2.1,1,-0.639755455045111,0.0425611973732597,-0.5,0.0055
28640,920,dens_830664987854613197,920,Density,<Substance CC(C)=O{solv}{x=0.250300}|CNc1ccccc1{solv}{x=0.749700}>,CC(C)=O,CNc1ccccc1,openff-2.2.1,1,0.9510311364009764,0.0001737346148632,0.9502900000000002,0.0003395
28641,921,dhmix_1052042310023734389,921,EnthalpyOfMixing,<Substance CC(C)=O{solv}{x=0.508600}|CNc1ccccc1{solv}{x=0.491400}>,CC(C)=O,CNc1ccccc1,openff-2.2.1,1,-0.8892942782404205,0.0353351349572626,-0.672,0.0075
28642,922,dens_1302333367899693905,922,Density,<Substance CC(C)=O{solv}{x=0.750600}|CNc1ccccc1{solv}{x=0.249400}>,CC(C)=O,CNc1ccccc1,openff-2.2.1,1,0.8454264484954097,0.0002519838081186,0.8565010000000002,0.000231
28643,923,dens_1582643029733708616,923,Density,<Substance CC(C)=O{solv}{x=0.494800}|CNc1ccccc1{solv}{x=0.505200}>,CC(C)=O,CNc1ccccc1,openff-2.2.1,1,0.905846997189698,0.0002373473027197,0.9107940000000002,0.000263
28644,924,dens_650566412384126439,924,Density,<Substance CC(C)CC(C)(C)C{solv}{x=0.158800}|CCCCC(=O)OC{solv}{x=0.841200}>,CC(C)CC(C)(C)C,CCCCC(=O)OC,openff-2.2.1,1,0.8458980609705238,0.0001872488452625,0.8463800000000002,0.000505
28645,925,dhmix_986100941633296124,925,EnthalpyOfMixing,<Substance CC(C)CC(C)(C)C{solv}{x=0.481800}|CCCCC(=O)OC{solv}{x=0.518200}>,CC(C)CC(C)(C)C,CCCCC(=O)OC,openff-2.2.1,1,1.4032898857739011,0.0497811524152013,0.866,0.0095
28646,926,dens_1095352626338523806,926,Density,<Substance CC(C)CC(C)(C)C{solv}{x=0.742500}|CCCCC(=O)OC{solv}{x=0.257500}>,CC(C)CC(C)(C)C,CCCCC(=O)OC,openff-2.2.1,1,0.7403932997756063,0.0001974655341978,0.7289800000000002,0.000505
28647,927,dens_1260001645299629257,927,Density,<Substance CC(C)CC(C)(C)C{solv}{x=0.498400}|CCCCC(=O)OC{solv}{x=0.501600}>,CC(C)CC(C)(C)C,CCCCC(=O)OC,openff-2.2.1,1,0.7801478719084058,0.00021601794453,0.7738400000000002,0.000505
28648,928,dhmix_1505455794590867712,928,EnthalpyOfMixing,<Substance CC(C)CC(C)(C)C{solv}{x=0.158900}|CCCCC(=O)OC{solv}{x=0.841100}>,CC(C)CC(C)(C)C,CCCCC(=O)OC,openff-2.2.1,1,0.6805828220283843,0.0512183095426958,0.438,0.005
28649,929,dhmix_1888614200283593194,929,EnthalpyOfMixing,<Substance CC(C)CC(C)(C)C{solv}{x=0.781300}|CCCCC(=O)OC{solv}{x=0.218700}>,CC(C)CC(C)(C)C,CCCCC(=O)OC,openff-2.2.1,1,1.1304257945436262,0.0462736995829289,0.658,0.007
28650,930,dhmix_657900975986635712,930,EnthalpyOfMixing,<Substance Cc1ccccc1N{solv}{x=0.782700}|Cc1ccncc1{solv}{x=0.217300}>,Cc1ccccc1N,Cc1ccncc1,openff-2.2.1,1,-0.9783915619978956,0.0497040112324275,-0.8885,0.0182
28651,931,dhmix_727678512066874384,931,EnthalpyOfMixing,<Substance Cc1ccccc1N{solv}{x=0.478300}|Cc1ccncc1{solv}{x=0.521700}>,Cc1ccccc1N,Cc1ccncc1,openff-2.2.1,1,-1.889566330609348,0.0403294328698797,-1.4295,0.0291
28652,932,dhmix_860941552641107708,932,EnthalpyOfMixing,<Substance Cc1ccccc1N{solv}{x=0.271500}|Cc1ccncc1{solv}{x=0.728500}>,Cc1ccccc1N,Cc1ccncc1,openff-2.2.1,1,-1.5263392790797925,0.0437228313082789,-1.1791,0.02405
28653,933,dens_1148106102021344214,933,Density,<Substance Cc1ccccc1N{solv}{x=0.265500}|Cc1ccncc1{solv}{x=0.734500}>,Cc1ccccc1N,Cc1ccncc1,openff-2.2.1,1,0.9657546554523924,0.0001872626780314,0.9662520000000002,0.00012
28654,934,dens_1294189007890656769,934,Density,<Substance Cc1ccccc1N{solv}{x=0.486300}|Cc1ccncc1{solv}{x=0.513700}>,Cc1ccccc1N,Cc1ccncc1,openff-2.2.1,1,0.981273243063697,0.0001795324272899,0.9765780000000002,0.000119
28655,935,dens_1461384477504239974,935,Density,<Substance Cc1ccccc1N{solv}{x=0.767400}|Cc1ccncc1{solv}{x=0.232600}>,Cc1ccccc1N,Cc1ccncc1,openff-2.2.1,1,0.9992121511492914,0.0002001607360376,0.9868740000000004,0.000118
28656,936,dens_671712471159959715,936,Density,<Substance CCCCCCN{solv}{x=0.294400}|CN(C)C=O{solv}{x=0.705600}>,CCCCCCN,CN(C)C=O,openff-2.2.1,1,0.8613608710796105,0.0002183216052892,0.8676880000000002,0.001057
28657,937,dhmix_791979567859859400,937,EnthalpyOfMixing,<Substance CCCCCCN{solv}{x=0.747800}|CN(C)C=O{solv}{x=0.252200}>,CCCCCCN,CN(C)C=O,openff-2.2.1,1,0.2164755190274689,0.0462926350866754,0.461,0.015
28658,938,dens_812907294215791908,938,Density,<Substance CCCCCCN{solv}{x=0.450000}|CN(C)C=O{solv}{x=0.550000}>,CCCCCCN,CN(C)C=O,openff-2.2.1,1,0.8365781725434397,0.0002087289491936,0.8367510000000001,0.001016
28659,939,dhmix_1553880519684715156,939,EnthalpyOfMixing,<Substance CCCCCCN{solv}{x=0.249700}|CN(C)C=O{solv}{x=0.750300}>,CCCCCCN,CN(C)C=O,openff-2.2.1,1,0.3242727223722852,0.0390165277681932,0.51,0.0165
28660,940,dens_1658157305664412923,940,Density,<Substance CCCCCCN{solv}{x=0.745200}|CN(C)C=O{solv}{x=0.254800}>,CCCCCCN,CN(C)C=O,openff-2.2.1,1,0.7995002220741387,0.0001799905429251,0.7905460000000002,0.0009575
28661,941,dhmix_2271922176351407084,941,EnthalpyOfMixing,<Substance CCCCCCN{solv}{x=0.499700}|CN(C)C=O{solv}{x=0.500300}>,CCCCCCN,CN(C)C=O,openff-2.2.1,1,0.3156868851233696,0.0417125158455225,0.661,0.02
28662,942,dhmix_676105854791415053,942,EnthalpyOfMixing,<Substance C=C(C)[C@H]1CC=C(C)CC1{solv}{x=0.540000}|CCCCCO{solv}{x=0.460000}>,C=C(C)[C@H]1CC=C(C)CC1,CCCCCO,openff-2.2.1,1,0.8640048591343401,0.0568248664267039,0.858,0.0345
28663,943,dhmix_865539540276734208,943,EnthalpyOfMixing,<Substance C=C(C)[C@H]1CC=C(C)CC1{solv}{x=0.766000}|CCCCCO{solv}{x=0.234000}>,C=C(C)[C@H]1CC=C(C)CC1,CCCCCO,openff-2.2.1,1,1.0989770060391209,0.0476796803751278,0.782,0.0315
28664,944,dens_1544700949225348296,944,Density,<Substance C=C(C)[C@H]1CC=C(C)CC1{solv}{x=0.263500}|CCCCCO{solv}{x=0.736500}>,C=C(C)[C@H]1CC=C(C)CC1,CCCCCO,openff-2.2.1,1,0.8126825090648873,0.0001774105342882,0.8238000000000002,0.0002
28665,945,dens_1638649899512334435,945,Density,<Substance C=C(C)[C@H]1CC=C(C)CC1{solv}{x=0.543500}|CCCCCO{solv}{x=0.456500}>,C=C(C)[C@H]1CC=C(C)CC1,CCCCCO,openff-2.2.1,1,0.8154932421995281,0.0001967102082103,0.8312000000000003,0.0003
28666,946,dens_2014432371647189246,946,Density,<Substance C=C(C)[C@H]1CC=C(C)CC1{solv}{x=0.725200}|CCCCCO{solv}{x=0.274800}>,C=C(C)[C@H]1CC=C(C)CC1,CCCCCO,openff-2.2.1,1,0.8173072546249364,0.0001674773401863,0.8354000000000001,0.00035
28667,947,dhmix_2293008983270202716,947,EnthalpyOfMixing,<Substance C=C(C)[C@H]1CC=C(C)CC1{solv}{x=0.272000}|CCCCCO{solv}{x=0.728000}>,C=C(C)[C@H]1CC=C(C)CC1,CCCCCO,openff-2.2.1,1,0.7800921824995157,0.0460860662605706,0.532,0.0215
28668,948,dens_680086766431069719,948,Density,<Substance CN1CCNCC1{solv}{x=0.209100}|O{solv}{x=0.790900}>,CN1CCNCC1,O,openff-2.2.1,1,0.9904339644896212,0.000288380574703,1.0013300000000005,4.000000000000001e-05
28669,949,dhmix_979415629850644100,949,EnthalpyOfMixing,<Substance CN1CCNCC1{solv}{x=0.199800}|O{solv}{x=0.800200}>,CN1CCNCC1,O,openff-2.2.1,1,-3.5223743427502257,0.0264293632360244,-4.495,0.048
28670,950,dhmix_1386641258873877278,950,EnthalpyOfMixing,<Substance CN1CCNCC1{solv}{x=0.792600}|O{solv}{x=0.207400}>,CN1CCNCC1,O,openff-2.2.1,1,-1.1671254908571598,0.0470940370565432,-1.753,0.019
28671,951,dhmix_1572121970391530461,951,EnthalpyOfMixing,<Substance CN1CCNCC1{solv}{x=0.550000}|O{solv}{x=0.450000}>,CN1CCNCC1,O,openff-2.2.1,1,-2.675327013361624,0.0438030179533558,-3.547,0.038
28672,952,dens_1756096179620961699,952,Density,<Substance CN1CCNCC1{solv}{x=0.510900}|O{solv}{x=0.489100}>,CN1CCNCC1,O,openff-2.2.1,1,0.9677052148254268,0.0002802855046452,0.9464100000000002,7.000000000000002e-05
28673,953,dens_1892970147583328629,953,Density,<Substance CN1CCNCC1{solv}{x=0.706500}|O{solv}{x=0.293500}>,CN1CCNCC1,O,openff-2.2.1,1,0.9552998185464272,0.0003247702785769,0.9223100000000002,8.500000000000002e-05
28674,954,dhmix_681274412655414068,954,EnthalpyOfMixing,<Substance CCCOC(=O)CC{solv}{x=0.739400}|Cc1ccccc1{solv}{x=0.260600}>,CCCOC(=O)CC,Cc1ccccc1,openff-2.2.1,1,-0.3171890038740841,0.0481279880067316,-0.1135,0.0033
28675,955,dhmix_720914323963600437,955,EnthalpyOfMixing,<Substance CCCOC(=O)CC{solv}{x=0.238900}|Cc1ccccc1{solv}{x=0.761100}>,CCCOC(=O)CC,Cc1ccccc1,openff-2.2.1,1,-0.2423061320988253,0.0447813995660567,-0.1404,0.0037
28676,956,dens_1397630560016316656,956,Density,<Substance CCCOC(=O)CC{solv}{x=0.274700}|Cc1ccccc1{solv}{x=0.725300}>,CCCOC(=O)CC,Cc1ccccc1,openff-2.2.1,1,0.8549694517946305,0.0002788574079873,0.8675700000000003,0.00018
28677,957,dhmix_1646061995263935606,957,EnthalpyOfMixing,<Substance CCCOC(=O)CC{solv}{x=0.548600}|Cc1ccccc1{solv}{x=0.451400}>,CCCOC(=O)CC,Cc1ccccc1,openff-2.2.1,1,-0.3302677556773403,0.0440307234303579,-0.1583,0.004
28678,958,dens_1792064777238352129,958,Density,<Substance CCCOC(=O)CC{solv}{x=0.490700}|Cc1ccccc1{solv}{x=0.509300}>,CCCOC(=O)CC,Cc1ccccc1,openff-2.2.1,1,0.8612624458987587,0.0002237268821171,0.8707300000000002,0.00019
28679,959,dens_1826904081955826008,959,Density,<Substance CCCOC(=O)CC{solv}{x=0.734600}|Cc1ccccc1{solv}{x=0.265400}>,CCCOC(=O)CC,Cc1ccccc1,openff-2.2.1,1,0.8667848151870927,0.0002235576355994,0.8734100000000001,0.00021
28680,960,dens_685747331874801159,960,Density,<Substance CN1CCOCC1{solv}{x=0.498300}|O{solv}{x=0.501700}>,CN1CCOCC1,O,openff-2.2.1,1,0.9691600025089308,0.0002998079062977,0.9627600000000002,0.00084
28681,961,dens_1087644349445114282,961,Density,<Substance CN1CCOCC1{solv}{x=0.253800}|O{solv}{x=0.746200}>,CN1CCOCC1,O,openff-2.2.1,1,0.9787882567722876,0.0003175770199548,0.9918800000000002,0.00059
28682,962,dens_1374975991061431070,962,Density,<Substance CN1CCOCC1{solv}{x=0.758700}|O{solv}{x=0.241300}>,CN1CCOCC1,O,openff-2.2.1,1,0.9560518717326748,0.0002278276819542,0.9345300000000002,0.00112
28683,963,dhmix_686592400130667234,963,EnthalpyOfMixing,<Substance BrCCCBr{solv}{x=0.231300}|COC(C)=O{solv}{x=0.768700}>,BrCCCBr,COC(C)=O,openff-2.2.1,1,0.2917241690686012,0.0306055681399605,0.2115,0.0024
28684,964,dhmix_691866222529030049,964,EnthalpyOfMixing,<Substance BrCCCBr{solv}{x=0.504200}|COC(C)=O{solv}{x=0.495800}>,BrCCCBr,COC(C)=O,openff-2.2.1,1,0.3725280265773865,0.0294187347574822,0.3912,0.0038
28685,965,dens_1032175440351342196,965,Density,<Substance BrCCCBr{solv}{x=0.243500}|COC(C)=O{solv}{x=0.756500}>,BrCCCBr,COC(C)=O,openff-2.2.1,1,1.219214135520694,0.0003328831886053,1.2277600000000002,0.00096
28686,966,dens_1180265274183315765,966,Density,<Substance BrCCCBr{solv}{x=0.713800}|COC(C)=O{solv}{x=0.286200}>,BrCCCBr,COC(C)=O,openff-2.2.1,1,1.671586436027669,0.0005141790976734,1.7174300000000005,0.002745
28687,967,dhmix_1380172638999588939,967,EnthalpyOfMixing,<Substance BrCCCBr{solv}{x=0.759400}|COC(C)=O{solv}{x=0.240600}>,BrCCCBr,COC(C)=O,openff-2.2.1,1,0.2938144963024811,0.0372267994447154,0.313,0.0032
28688,968,dens_1697077234757321859,968,Density,<Substance BrCCCBr{solv}{x=0.525600}|COC(C)=O{solv}{x=0.474400}>,BrCCCBr,COC(C)=O,openff-2.2.1,1,1.5052277917118693,0.0004467259481751,1.5338800000000006,0.001965
28689,969,dens_693154680723850561,969,Density,<Substance CN1CCCC1=O{solv}{x=0.756400}|Cc1ccccc1{solv}{x=0.243600}>,CN1CCCC1=O,Cc1ccccc1,openff-2.2.1,1,0.9595216119325254,0.0002071402141795,0.9854500000000004,0.00034
28690,970,dhmix_1759507684169085916,970,EnthalpyOfMixing,<Substance CN1CCCC1=O{solv}{x=0.741800}|Cc1ccccc1{solv}{x=0.258200}>,CN1CCCC1=O,Cc1ccccc1,openff-2.2.1,1,-0.0144374182367528,0.0410602571358842,-0.2141,0.0024
28691,971,dens_1796497685752507694,971,Density,<Substance CN1CCCC1=O{solv}{x=0.481500}|Cc1ccccc1{solv}{x=0.518500}>,CN1CCCC1=O,Cc1ccccc1,openff-2.2.1,1,0.918072372983403,0.0002418295389739,0.9415400000000002,0.00028
28692,972,dhmix_1857599089574133884,972,EnthalpyOfMixing,<Substance CN1CCCC1=O{solv}{x=0.223100}|Cc1ccccc1{solv}{x=0.776900}>,CN1CCCC1=O,Cc1ccccc1,openff-2.2.1,1,-0.0072388992781498,0.0429693211013137,-0.1889,0.00215
28693,973,dens_1886489466266398819,973,Density,<Substance CN1CCCC1=O{solv}{x=0.221600}|Cc1ccccc1{solv}{x=0.778400}>,CN1CCCC1=O,Cc1ccccc1,openff-2.2.1,1,0.8864458395360981,0.0002249563442765,0.9061600000000002,0.00076
28694,974,dhmix_2238554893157725289,974,EnthalpyOfMixing,<Substance CN1CCCC1=O{solv}{x=0.482100}|Cc1ccccc1{solv}{x=0.517900}>,CN1CCCC1=O,Cc1ccccc1,openff-2.2.1,1,0.0175314628166916,0.0413553171778421,-0.2985,0.0033
28695,975,dens_717951284355382404,975,Density,<Substance CN1CCCC1=O{solv}{x=0.702300}|ClCCCCCCCl{solv}{x=0.297700}>,CN1CCCC1=O,ClCCCCCCCl,openff-2.2.1,1,1.023509586476674,0.0002183626624584,1.0416,0.0003
28696,976,dhmix_859697969059379656,976,EnthalpyOfMixing,<Substance CN1CCCC1=O{solv}{x=0.503000}|ClCCCCCCCl{solv}{x=0.497000}>,CN1CCCC1=O,ClCCCCCCCl,openff-2.2.1,1,0.2485528685764109,0.0453442611433641,-0.2,0.0025
28697,977,dhmix_916885053388204545,977,EnthalpyOfMixing,<Substance CN1CCCC1=O{solv}{x=0.212000}|ClCCCCCCCl{solv}{x=0.788000}>,CN1CCCC1=O,ClCCCCCCCl,openff-2.2.1,1,0.1795718055038264,0.0488429353710514,-0.13,0.002
28698,978,dens_1483670447992291960,978,Density,<Substance CN1CCCC1=O{solv}{x=0.201600}|ClCCCCCCCl{solv}{x=0.798400}>,CN1CCCC1=O,ClCCCCCCCl,openff-2.2.1,1,1.0509618816678346,0.0002084540041241,1.0584000000000005,0.00055
28699,979,dens_1896555095774116819,979,Density,<Substance CN1CCCC1=O{solv}{x=0.504900}|ClCCCCCCCl{solv}{x=0.495100}>,CN1CCCC1=O,ClCCCCCCCl,openff-2.2.1,1,1.0359825062180847,0.0002322400934826,1.0490000000000002,0.00035
28700,980,dhmix_2039443272323887912,980,EnthalpyOfMixing,<Substance CN1CCCC1=O{solv}{x=0.797000}|ClCCCCCCCl{solv}{x=0.203000}>,CN1CCCC1=O,ClCCCCCCCl,openff-2.2.1,1,0.1922922324050517,0.0437928485025505,-0.123,0.002
28701,981,dhmix_729169544598225866,981,EnthalpyOfMixing,<Substance CN(C)C=O{solv}{x=0.203000}|ClCCCCCCCl{solv}{x=0.797000}>,CN(C)C=O,ClCCCCCCCl,openff-2.2.1,1,0.4949122073963536,0.0510498484591839,0.195,0.0025
28702,982,dhmix_1359105787212172230,982,EnthalpyOfMixing,<Substance CN(C)C=O{solv}{x=0.796000}|ClCCCCCCCl{solv}{x=0.204000}>,CN(C)C=O,ClCCCCCCCl,openff-2.2.1,1,0.5694243000373262,0.0393027221909571,0.24,0.0025
28703,983,dhmix_1534380829757525169,983,EnthalpyOfMixing,<Substance CN(C)C=O{solv}{x=0.498000}|ClCCCCCCCl{solv}{x=0.502000}>,CN(C)C=O,ClCCCCCCCl,openff-2.2.1,1,0.7437339929995801,0.0402757135129874,0.34,0.0025
28704,984,dens_1752369236407148840,984,Density,<Substance CN(C)C=O{solv}{x=0.503300}|ClCCCCCCCl{solv}{x=0.496700}>,CN(C)C=O,ClCCCCCCCl,openff-2.2.1,1,1.0069261323039729,0.0002362976865046,1.0190000000000003,0.00155
28705,985,dens_2070195997725277466,985,Density,<Substance CN(C)C=O{solv}{x=0.703400}|ClCCCCCCCl{solv}{x=0.296600}>,CN(C)C=O,ClCCCCCCCl,openff-2.2.1,1,0.9783748748475604,0.0002802089478167,0.9943000000000002,0.0017
28706,986,dens_2171945276872385012,986,Density,<Substance CN(C)C=O{solv}{x=0.201300}|ClCCCCCCCl{solv}{x=0.798700}>,CN(C)C=O,ClCCCCCCCl,openff-2.2.1,1,1.0404498563115303,0.0002064664437454,1.0486000000000002,0.0014
28707,987,dens_741100297092592576,987,Density,<Substance C1CCCCC1{solv}{x=0.265900}|C1CCOCC1{solv}{x=0.734100}>,C1CCCCC1,C1CCOCC1,openff-2.2.1,1,0.83119600775152,0.0002338029806215,0.8470300000000002,0.000505
28708,988,dens_1002639246322609242,988,Density,<Substance C1CCCCC1{solv}{x=0.762200}|C1CCOCC1{solv}{x=0.237800}>,C1CCCCC1,C1CCOCC1,openff-2.2.1,1,0.7743938749828091,0.0002285944610997,0.7952000000000002,0.000505
28709,989,dhmix_1171155554844966705,989,EnthalpyOfMixing,<Substance C1CCCCC1{solv}{x=0.247100}|C1CCOCC1{solv}{x=0.752900}>,C1CCCCC1,C1CCOCC1,openff-2.2.1,1,0.5731531937138357,0.0477319298721393,0.3613,0.00395
28710,990,dens_2142973677177666085,990,Density,<Substance C1CCCCC1{solv}{x=0.501800}|C1CCOCC1{solv}{x=0.498200}>,C1CCCCC1,C1CCOCC1,openff-2.2.1,1,0.8030457402865212,0.00024733651833,0.8211500000000002,0.000505
28711,991,dhmix_2195791820105752985,991,EnthalpyOfMixing,<Substance C1CCCCC1{solv}{x=0.726600}|C1CCOCC1{solv}{x=0.273400}>,C1CCCCC1,C1CCOCC1,openff-2.2.1,1,0.743675327007665,0.0519127729551065,0.4424,0.00485
28712,992,dhmix_2296999979529762407,992,EnthalpyOfMixing,<Substance C1CCCCC1{solv}{x=0.499000}|C1CCOCC1{solv}{x=0.501000}>,C1CCCCC1,C1CCOCC1,openff-2.2.1,1,0.7469456362432965,0.0424336225669202,0.526,0.0055
28713,993,dhmix_744994939606384802,993,EnthalpyOfMixing,<Substance CO{solv}{x=0.300000}|O{solv}{x=0.700000}>,CO,O,openff-2.2.1,1,0.113517475134337,1.2569805089976535e-05,-0.85,0.005
28714,994,dens_1085345433585028387,994,Density,<Substance CO{solv}{x=0.499700}|O{solv}{x=0.500300}>,CO,O,openff-2.2.1,1,0.8386006380804696,0.0005004003162544,0.8816900000000003,0.000165
28715,995,dhmix_1126710771921470495,995,EnthalpyOfMixing,<Substance CO{solv}{x=0.700000}|O{solv}{x=0.300000}>,CO,O,openff-2.2.1,1,0.0375529430508394,1.2569805089976535e-05,-0.583,0.0035
28716,996,dens_1258832080354057572,996,Density,<Substance CO{solv}{x=0.300300}|O{solv}{x=0.699700}>,CO,O,openff-2.2.1,1,0.8838135871312761,1e-05,0.9252100000000004,0.000125
28717,997,dens_1758371820245200558,997,Density,<Substance CO{solv}{x=0.760500}|O{solv}{x=0.239500}>,CO,O,openff-2.2.1,1,0.7950252344353878,0.0004704141177944,0.8289000000000002,0.0001
28718,998,dhmix_1824296469249495553,998,EnthalpyOfMixing,<Substance CO{solv}{x=0.500000}|O{solv}{x=0.500000}>,CO,O,openff-2.2.1,1,0.0932547265444583,1.2247448713915892e-05,-0.777,0.0045
28719,999,dhmix_753952445434773754,999,EnthalpyOfMixing,<Substance CCCCCCCCCl{solv}{x=0.493000}|CN1CCCC1=O{solv}{x=0.507000}>,CCCCCCCCCl,CN1CCCC1=O,openff-2.2.1,1,1.279753097471357,0.0469747891838826,0.638,0.0035
28720,1000,dhmix_1273186684325800862,1000,EnthalpyOfMixing,<Substance CCCCCCCCCl{solv}{x=0.783000}|CN1CCCC1=O{solv}{x=0.217000}>,CCCCCCCCCl,CN1CCCC1=O,openff-2.2.1,1,0.8481339085001878,0.0557349380915315,0.371,0.003
28721,1001,dhmix_1457789704046029008,1001,EnthalpyOfMixing,<Substance CCCCCCCCCl{solv}{x=0.202000}|CN1CCCC1=O{solv}{x=0.798000}>,CCCCCCCCCl,CN1CCCC1=O,openff-2.2.1,1,0.821225657549121,0.0444924658376655,0.5,0.0035
28722,1002,dens_1965529278608066299,1002,Density,<Substance CCCCCCCCCl{solv}{x=0.299500}|CN1CCCC1=O{solv}{x=0.700500}>,CCCCCCCCCl,CN1CCCC1=O,openff-2.2.1,1,0.9417473596161878,0.000176594000007,0.9598000000000002,0.00025
28723,1003,dens_2167805246575708222,1003,Density,<Substance CCCCCCCCCl{solv}{x=0.798600}|CN1CCCC1=O{solv}{x=0.201400}>,CCCCCCCCCl,CN1CCCC1=O,openff-2.2.1,1,0.8786726863326466,0.000191722212403,0.8888000000000001,0.00055
28724,1004,dens_2177162670107081086,1004,Density,<Substance CCCCCCCCCl{solv}{x=0.497900}|CN1CCCC1=O{solv}{x=0.502100}>,CCCCCCCCCl,CN1CCCC1=O,openff-2.2.1,1,0.9129239069464689,0.0002147208421702,0.9269000000000002,0.00035
28725,1005,dhmix_756380521637559100,1005,EnthalpyOfMixing,<Substance C1COCCO1{solv}{x=0.500000}|O=C1CCCCC1{solv}{x=0.500000}>,C1COCCO1,O=C1CCCCC1,openff-2.2.1,1,0.1908559170036738,0.0415291681864663,0.28584,0.00154
28726,1006,dens_1139761443535371798,1006,Density,<Substance C1COCCO1{solv}{x=0.459400}|O=C1CCCCC1{solv}{x=0.540600}>,C1COCCO1,O=C1CCCCC1,openff-2.2.1,1,0.9591415694240804,0.0002275458877044,0.9762000000000004,0.00025
28727,1007,dhmix_1367833850972054360,1007,EnthalpyOfMixing,<Substance C1COCCO1{solv}{x=0.750000}|O=C1CCCCC1{solv}{x=0.250000}>,C1COCCO1,O=C1CCCCC1,openff-2.2.1,1,0.2151880811335047,0.0381246809785425,0.23662,0.001355
28728,1008,dhmix_1533665710565492443,1008,EnthalpyOfMixing,<Substance C1COCCO1{solv}{x=0.250000}|O=C1CCCCC1{solv}{x=0.750000}>,C1COCCO1,O=C1CCCCC1,openff-2.2.1,1,0.1072384024722978,0.041058252137673,0.20076,0.00121
28729,1009,dens_1556646832168598904,1009,Density,<Substance C1COCCO1{solv}{x=0.797800}|O=C1CCCCC1{solv}{x=0.202200}>,C1COCCO1,O=C1CCCCC1,openff-2.2.1,1,0.9990890943908896,0.0002293921832764,1.0062000000000002,0.00025
28730,1010,dens_1806066395455679216,1010,Density,<Substance C1COCCO1{solv}{x=0.272000}|O=C1CCCCC1{solv}{x=0.728000}>,C1COCCO1,O=C1CCCCC1,openff-2.2.1,1,0.939412154647849,0.0002156321170577,0.9614000000000004,0.00025
28731,1011,dhmix_781473821930081125,1011,EnthalpyOfMixing,<Substance CCOc1ccccc1{solv}{x=0.765100}|OCc1ccccc1{solv}{x=0.234900}>,CCOc1ccccc1,OCc1ccccc1,openff-2.2.1,1,0.7649266777006432,0.0516764113254546,1.083,0.0116
28732,1012,dhmix_966435122735090568,1012,EnthalpyOfMixing,<Substance CCOc1ccccc1{solv}{x=0.063600}|OCc1ccccc1{solv}{x=0.936400}>,CCOc1ccccc1,OCc1ccccc1,openff-2.2.1,1,0.2272450497780624,0.0513151034705743,0.1901,0.00225
28733,1013,dens_1184318999137642715,1013,Density,<Substance CCOc1ccccc1{solv}{x=0.064200}|OCc1ccccc1{solv}{x=0.935800}>,CCOc1ccccc1,OCc1ccccc1,openff-2.2.1,1,1.0167806207367582,0.0001984762957886,1.02761,0.00011
28734,1014,dhmix_1518701992890040137,1014,EnthalpyOfMixing,<Substance CCOc1ccccc1{solv}{x=0.549900}|OCc1ccccc1{solv}{x=0.450100}>,CCOc1ccccc1,OCc1ccccc1,openff-2.2.1,1,0.8504863329040759,0.0450872998382335,1.0561,0.01135
28735,1015,dens_1575045736805268459,1015,Density,<Substance CCOc1ccccc1{solv}{x=0.459800}|OCc1ccccc1{solv}{x=0.540200}>,CCOc1ccccc1,OCc1ccccc1,openff-2.2.1,1,0.9808989208695575,0.0002232746090757,0.9925100000000002,0.00016
28736,1016,dens_2214650701288997434,1016,Density,<Substance CCOc1ccccc1{solv}{x=0.757200}|OCc1ccccc1{solv}{x=0.242800}>,CCOc1ccccc1,OCc1ccccc1,openff-2.2.1,1,0.9580643378772544,0.0002173729929663,0.9686500000000002,0.000215
28737,1017,dens_800807749587668066,1017,Density,<Substance C1CCOCC1{solv}{x=0.733600}|c1ccncc1{solv}{x=0.266400}>,C1CCOCC1,c1ccncc1,openff-2.2.1,1,0.8826541879578088,0.0002569217065272,0.8933350000000002,0.000358
28738,1018,dhmix_836757145941804043,1018,EnthalpyOfMixing,<Substance C1CCOCC1{solv}{x=0.291500}|c1ccncc1{solv}{x=0.708500}>,C1CCOCC1,c1ccncc1,openff-2.2.1,1,0.0755336656086971,0.0360265768597673,0.0898,0.00095
28739,1019,dhmix_1003039131395935786,1019,EnthalpyOfMixing,<Substance C1CCOCC1{solv}{x=0.536300}|c1ccncc1{solv}{x=0.463700}>,C1CCOCC1,c1ccncc1,openff-2.2.1,1,0.120556443259975,0.0407068775811623,0.1573,0.0013
28740,1020,dens_1859030547600172702,1020,Density,<Substance C1CCOCC1{solv}{x=0.241500}|c1ccncc1{solv}{x=0.758500}>,C1CCOCC1,c1ccncc1,openff-2.2.1,1,0.9472565933822608,0.0002867574596612,0.9525650000000004,0.000212
28741,1021,dhmix_2191254706131659314,1021,EnthalpyOfMixing,<Substance C1CCOCC1{solv}{x=0.734400}|c1ccncc1{solv}{x=0.265600}>,C1CCOCC1,c1ccncc1,openff-2.2.1,1,0.0349466361992654,0.0451168947189832,0.1564,0.0013
28742,1022,dens_2239470871208865925,1022,Density,<Substance C1CCOCC1{solv}{x=0.536400}|c1ccncc1{solv}{x=0.463600}>,C1CCOCC1,c1ccncc1,openff-2.2.1,1,0.9022715722859777,0.0002086861174518,0.9124250000000002,0.0002965
28743,1023,dens_801655585640229277,1023,Density,<Substance C1CCOCC1{solv}{x=0.777600}|CCCC(C)=O{solv}{x=0.222400}>,C1CCOCC1,CCCC(C)=O,openff-2.2.1,1,0.8455896473248762,0.0002295391328687,0.8602600000000002,0.000225
28744,1024,dhmix_1175081460677389458,1024,EnthalpyOfMixing,<Substance C1CCOCC1{solv}{x=0.250000}|CCCC(C)=O{solv}{x=0.750000}>,C1CCOCC1,CCCC(C)=O,openff-2.2.1,1,0.1607381653428454,0.0433389469175497,0.06014,0.00063
28745,1025,dens_1481139606755572767,1025,Density,<Substance C1CCOCC1{solv}{x=0.236100}|CCCC(C)=O{solv}{x=0.763900}>,C1CCOCC1,CCCC(C)=O,openff-2.2.1,1,0.7980375985802878,0.0002386204245041,0.8183900000000002,0.000215
28746,1026,dhmix_1531586108535895092,1026,EnthalpyOfMixing,<Substance C1CCOCC1{solv}{x=0.750000}|CCCC(C)=O{solv}{x=0.250000}>,C1CCOCC1,CCCC(C)=O,openff-2.2.1,1,0.1625766646497908,0.0438862103190114,0.08245,0.000715
28747,1027,dhmix_2074691820693967219,1027,EnthalpyOfMixing,<Substance C1CCOCC1{solv}{x=0.500000}|CCCC(C)=O{solv}{x=0.500000}>,C1CCOCC1,CCCC(C)=O,openff-2.2.1,1,0.1172997022744652,0.0416849280146195,0.09128,0.000745
28748,1028,dens_2180187104403779312,1028,Density,<Substance C1CCOCC1{solv}{x=0.504600}|CCCC(C)=O{solv}{x=0.495400}>,C1CCOCC1,CCCC(C)=O,openff-2.2.1,1,0.8208607061147771,0.0002162828644569,0.8386000000000002,0.00022
28749,1029,dhmix_814516627068967115,1029,EnthalpyOfMixing,<Substance CCCOC=O{solv}{x=0.230800}|ClCCCCl{solv}{x=0.769200}>,CCCOC=O,ClCCCCl,openff-2.2.1,1,0.2905420136315371,1.2824671535754826e-05,-0.054,0.001
28750,1030,dens_853749747181024442,1030,Density,<Substance CCCOC=O{solv}{x=0.525500}|ClCCCCl{solv}{x=0.474500}>,CCCOC=O,ClCCCCl,openff-2.2.1,1,1.0306224821336496,1e-05,1.0302400000000005,0.00176
28751,1031,dhmix_1623640482466530427,1031,EnthalpyOfMixing,<Substance CCCOC=O{solv}{x=0.750900}|ClCCCCl{solv}{x=0.249100}>,CCCOC=O,ClCCCCl,openff-2.2.1,1,0.232547108978931,1.2751478345666436e-05,-0.088,0.001
28752,1032,dens_1998603470347754754,1032,Density,<Substance CCCOC=O{solv}{x=0.233600}|ClCCCCl{solv}{x=0.766400}>,CCCOC=O,ClCCCCl,openff-2.2.1,1,1.1012746106689175,1e-05,1.1122200000000002,0.00274
28753,1033,dhmix_2003217087101692001,1033,EnthalpyOfMixing,<Substance CCCOC=O{solv}{x=0.514500}|ClCCCCl{solv}{x=0.485500}>,CCCOC=O,ClCCCCl,openff-2.2.1,1,0.4109913588719394,1.2249168715725914e-05,-0.114,0.0015
28754,1034,dens_2020761603812222512,1034,Density,<Substance CCCOC=O{solv}{x=0.763600}|ClCCCCl{solv}{x=0.236400}>,CCCOC=O,ClCCCCl,openff-2.2.1,1,0.9718796133800568,1e-05,0.9644500000000004,0.00119
28755,1035,dens_828893303895070246,1035,Density,<Substance C1CCCCC1{solv}{x=0.249800}|CCCCCCCC{solv}{x=0.750200}>,C1CCCCC1,CCCCCCCC,openff-2.2.1,1,0.698183987757238,0.0001839853650507,0.7110900000000002,0.000605
28756,1036,dhmix_1288938247372010686,1036,EnthalpyOfMixing,<Substance C1CCCCC1{solv}{x=0.751300}|CCCCCCCC{solv}{x=0.248700}>,C1CCCCC1,CCCCCCCC,openff-2.2.1,1,0.2551765592244521,0.0486200273200087,0.23,0.005
28757,1037,dens_1398337515687242649,1037,Density,<Substance C1CCCCC1{solv}{x=0.477700}|CCCCCCCC{solv}{x=0.522300}>,C1CCCCC1,CCCCCCCC,openff-2.2.1,1,0.7097664217426152,0.0002156790217746,0.7250300000000002,0.000585
28758,1038,dhmix_1429498464152515756,1038,EnthalpyOfMixing,<Substance C1CCCCC1{solv}{x=0.532400}|CCCCCCCC{solv}{x=0.467600}>,C1CCCCC1,CCCCCCCC,openff-2.2.1,1,0.2601512619413313,0.0470333280724454,0.258,0.005
28759,1039,dens_2267960821195706299,1039,Density,<Substance C1CCCCC1{solv}{x=0.796100}|CCCCCCCC{solv}{x=0.203900}>,C1CCCCC1,CCCCCCCC,openff-2.2.1,1,0.7319373122951686,0.0002491971068506,0.7509700000000002,0.00055
28760,1040,dhmix_2289023418386220795,1040,EnthalpyOfMixing,<Substance C1CCCCC1{solv}{x=0.274400}|CCCCCCCC{solv}{x=0.725600}>,C1CCCCC1,CCCCCCCC,openff-2.2.1,1,0.1319275642146635,0.0518519368335158,0.18,0.005
28761,1041,dens_848374876759596361,1041,Density,<Substance CC(C)OC(C)C{solv}{x=0.284600}|CCCCCl{solv}{x=0.715400}>,CC(C)OC(C)C,CCCCCl,openff-2.2.1,1,0.815765881162463,0.0002796359383767,0.8263210000000002,0.000365
28762,1042,dens_917492506874956672,1042,Density,<Substance CC(C)OC(C)C{solv}{x=0.808200}|CCCCCl{solv}{x=0.191800}>,CC(C)OC(C)C,CCCCCl,openff-2.2.1,1,0.7522153479448181,0.0002423034950022,0.7440910000000002,0.000448
28763,1043,dhmix_1107367594793013993,1043,EnthalpyOfMixing,<Substance CC(C)OC(C)C{solv}{x=0.272700}|CCCCCl{solv}{x=0.727300}>,CC(C)OC(C)C,CCCCCl,openff-2.2.1,1,-0.2095320564721845,0.039656834572059,-0.0785,0.001
28764,1044,dhmix_1310204607958463222,1044,EnthalpyOfMixing,<Substance CC(C)OC(C)C{solv}{x=0.454700}|CCCCCl{solv}{x=0.545300}>,CC(C)OC(C)C,CCCCCl,openff-2.2.1,1,-0.1623006680650647,0.0421907628511994,-0.0954,0.0012
28765,1045,dhmix_1605157292498138629,1045,EnthalpyOfMixing,<Substance CC(C)OC(C)C{solv}{x=0.727400}|CCCCCl{solv}{x=0.272600}>,CC(C)OC(C)C,CCCCCl,openff-2.2.1,1,-0.1137001519666398,0.0457418467420942,-0.0732,0.00095
28766,1046,dens_1927916489732771888,1046,Density,<Substance CC(C)OC(C)C{solv}{x=0.484000}|CCCCCl{solv}{x=0.516000}>,CC(C)OC(C)C,CCCCCl,openff-2.2.1,1,0.790036826976705,0.0002658403377537,0.7925060000000002,0.0004005
28767,1047,dens_860008765681738590,1047,Density,<Substance CN(CCO)CCO{solv}{x=0.231260}|c1ccncc1{solv}{x=0.768740}>,CN(CCO)CCO,c1ccncc1,openff-2.2.1,1,0.9933188794684864,1e-05,0.9906030000000002,0.0001015
28768,1048,dens_1253280811379348869,1048,Density,<Substance CN(CCO)CCO{solv}{x=0.670000}|c1ccncc1{solv}{x=0.330000}>,CN(CCO)CCO,c1ccncc1,openff-2.2.1,1,1.022143632211078,1e-05,1.0161020000000005,0.000102
28769,1049,dhmix_1381513140604048573,1049,EnthalpyOfMixing,<Substance CN(CCO)CCO{solv}{x=0.473760}|c1ccncc1{solv}{x=0.526240}>,CN(CCO)CCO,c1ccncc1,openff-2.2.1,1,0.2604550695781,1.2252966987632015e-05,-0.093,0.001
28770,1050,dens_1460709448836415360,1050,Density,<Substance CN(CCO)CCO{solv}{x=0.473530}|c1ccncc1{solv}{x=0.526470}>,CN(CCO)CCO,c1ccncc1,openff-2.2.1,1,1.0099987714777887,1e-05,1.0044450000000005,0.0001015
28771,1051,dhmix_2085036308089359597,1051,EnthalpyOfMixing,<Substance CN(CCO)CCO{solv}{x=0.230610}|c1ccncc1{solv}{x=0.769390}>,CN(CCO)CCO,c1ccncc1,openff-2.2.1,1,0.1179710040393793,1.2824671535754826e-05,-0.032,0.001
28772,1052,dhmix_2287943921901918379,1052,EnthalpyOfMixing,<Substance CN(CCO)CCO{solv}{x=0.669580}|c1ccncc1{solv}{x=0.330420}>,CN(CCO)CCO,c1ccncc1,openff-2.2.1,1,0.0435357933406521,1.2481185841096992e-05,-0.12,0.0015
28773,1053,dens_929806754028972955,1053,Density,<Substance CCCC(=O)OC{solv}{x=0.695800}|COC(C)=O{solv}{x=0.304200}>,CCCC(=O)OC,COC(C)=O,openff-2.2.1,1,0.8967552803608707,0.0002246653482621,0.8997600000000002,0.000505
28774,1054,dhmix_1093843275803987368,1054,EnthalpyOfMixing,<Substance CCCC(=O)OC{solv}{x=0.482200}|COC(C)=O{solv}{x=0.517800}>,CCCC(=O)OC,COC(C)=O,openff-2.2.1,1,0.110409112757484,0.0414664996704772,0.151,0.002
28775,1055,dens_1187818937240241755,1055,Density,<Substance CCCC(=O)OC{solv}{x=0.253600}|COC(C)=O{solv}{x=0.746400}>,CCCC(=O)OC,COC(C)=O,openff-2.2.1,1,0.916290452282615,0.0002570782761227,0.9147400000000002,0.000505
28776,1056,dens_1462283017082249050,1056,Density,<Substance CCCC(=O)OC{solv}{x=0.545600}|COC(C)=O{solv}{x=0.454400}>,CCCC(=O)OC,COC(C)=O,openff-2.2.1,1,0.9027700648989568,0.000254926630971,0.9041900000000004,0.000505
28777,1057,dhmix_1514470349370367756,1057,EnthalpyOfMixing,<Substance CCCC(=O)OC{solv}{x=0.226000}|COC(C)=O{solv}{x=0.774000}>,CCCC(=O)OC,COC(C)=O,openff-2.2.1,1,0.0476816581843309,0.0381902198993794,0.102,0.0015
28778,1058,dhmix_1615966506855005599,1058,EnthalpyOfMixing,<Substance CCCC(=O)OC{solv}{x=0.695800}|COC(C)=O{solv}{x=0.304200}>,CCCC(=O)OC,COC(C)=O,openff-2.2.1,1,0.0580172887613965,0.0452693185833811,0.122,0.0015
28779,1059,dens_931039395662625393,1059,Density,<Substance BrCCBr{solv}{x=0.510700}|CCOC=O{solv}{x=0.489300}>,BrCCBr,CCOC=O,openff-2.2.1,1,1.572291636824236,0.0005107515521099,1.5742900000000004,0.00125
28780,1060,dhmix_1379448524788285045,1060,EnthalpyOfMixing,<Substance BrCCBr{solv}{x=0.503000}|CCOC=O{solv}{x=0.497000}>,BrCCBr,CCOC=O,openff-2.2.1,1,0.1377677500931682,0.0357954430965756,0.404,0.0054
28781,1061,dhmix_1589211680683586133,1061,EnthalpyOfMixing,<Substance BrCCBr{solv}{x=0.247500}|CCOC=O{solv}{x=0.752500}>,BrCCBr,CCOC=O,openff-2.2.1,1,0.1181319982954693,0.0316176219261014,0.2492,0.0035
28782,1062,dens_1816072583621776909,1062,Density,<Substance BrCCBr{solv}{x=0.282500}|CCOC=O{solv}{x=0.717500}>,BrCCBr,CCOC=O,openff-2.2.1,1,1.2994454530197903,0.0003988579086905,1.2851500000000005,0.00131
28783,1063,dens_1857279480363338972,1063,Density,<Substance BrCCBr{solv}{x=0.750600}|CCOC=O{solv}{x=0.249400}>,BrCCBr,CCOC=O,openff-2.2.1,1,1.842535387036004,0.0006516335381423,1.8698300000000003,0.000995
28784,1064,dhmix_2225135654541562913,1064,EnthalpyOfMixing,<Substance BrCCBr{solv}{x=0.734600}|CCOC=O{solv}{x=0.265400}>,BrCCBr,CCOC=O,openff-2.2.1,1,0.1121668498928976,0.0340359334537329,0.3604,0.00485
28785,1065,dhmix_933824509566848172,1065,EnthalpyOfMixing,<Substance C1COCO1{solv}{x=0.350000}|CCCC(C)=O{solv}{x=0.650000}>,C1COCO1,CCCC(C)=O,openff-2.2.1,1,0.2943069984472153,0.0423149990468931,0.17755,0.001095
28786,1066,dens_1326756646981901590,1066,Density,<Substance C1COCO1{solv}{x=0.717400}|CCCC(C)=O{solv}{x=0.282600}>,C1COCO1,CCCC(C)=O,openff-2.2.1,1,0.9735300322639512,0.0002755762189738,0.9625500000000002,0.000245
28787,1067,dhmix_1386053902220878259,1067,EnthalpyOfMixing,<Substance C1COCO1{solv}{x=0.500000}|CCCC(C)=O{solv}{x=0.500000}>,C1COCO1,CCCC(C)=O,openff-2.2.1,1,0.3297094150925304,0.0367120233159531,0.21077,0.00122
28788,1068,dens_1490997112604690080,1068,Density,<Substance C1COCO1{solv}{x=0.349900}|CCCC(C)=O{solv}{x=0.650100}>,C1COCO1,CCCC(C)=O,openff-2.2.1,1,0.8594646826800274,0.0002297170924572,0.8687200000000003,0.00022
28789,1069,dens_1979377813631413053,1069,Density,<Substance C1COCO1{solv}{x=0.516900}|CCCC(C)=O{solv}{x=0.483100}>,C1COCO1,CCCC(C)=O,openff-2.2.1,1,0.9067092886711322,0.0002281518008274,0.9078200000000004,0.00023
28790,1070,dhmix_2113009728753201792,1070,EnthalpyOfMixing,<Substance C1COCO1{solv}{x=0.750000}|CCCC(C)=O{solv}{x=0.250000}>,C1COCO1,CCCC(C)=O,openff-2.2.1,1,0.3567907396681491,0.0359390164513293,0.17046,0.00107
28791,1071,dhmix_962524540250306235,1071,EnthalpyOfMixing,<Substance Cc1ccccc1N{solv}{x=0.268100}|c1ccncc1{solv}{x=0.731900}>,Cc1ccccc1N,c1ccncc1,openff-2.2.1,1,-1.5418349230492543,0.0371742573157903,-0.8915,0.0182
28792,1072,dhmix_1000930562998604270,1072,EnthalpyOfMixing,<Substance Cc1ccccc1N{solv}{x=0.773500}|c1ccncc1{solv}{x=0.226500}>,Cc1ccccc1N,c1ccncc1,openff-2.2.1,1,-1.1294664309569915,0.0505751108561421,-0.7828,0.016
28793,1073,dens_1203111494553524663,1073,Density,<Substance Cc1ccccc1N{solv}{x=0.483700}|c1ccncc1{solv}{x=0.516300}>,Cc1ccccc1N,c1ccncc1,openff-2.2.1,1,1.0010167786134567,0.0002243666307208,0.9912370000000004,0.000117
28794,1074,dens_1316174752280431242,1074,Density,<Substance Cc1ccccc1N{solv}{x=0.237400}|c1ccncc1{solv}{x=0.762600}>,Cc1ccccc1N,c1ccncc1,openff-2.2.1,1,0.9911257625674028,0.0002628987368659,0.9863750000000002,0.000118
28795,1075,dhmix_1371524052813651708,1075,EnthalpyOfMixing,<Substance Cc1ccccc1N{solv}{x=0.482600}|c1ccncc1{solv}{x=0.517400}>,Cc1ccccc1N,c1ccncc1,openff-2.2.1,1,-1.938640016035972,0.0483220319976039,-1.0329,0.02105
28796,1076,dens_2188924364196997512,1076,Density,<Substance Cc1ccccc1N{solv}{x=0.767800}|c1ccncc1{solv}{x=0.232200}>,Cc1ccccc1N,c1ccncc1,openff-2.2.1,1,1.0077788598548676,0.0003089707200216,0.9936220000000002,0.000117
28797,1077,dens_964556344607822867,1077,Density,<Substance CCCCCCCCC{solv}{x=0.696300}|COC(C)(C)C{solv}{x=0.303700}>,CCCCCCCCC,COC(C)(C)C,openff-2.2.1,1,0.7099610998918124,0.000194252051002,0.7173600000000002,0.000295
28798,1078,dhmix_1091489740441728210,1078,EnthalpyOfMixing,<Substance CCCCCCCCC{solv}{x=0.260100}|COC(C)(C)C{solv}{x=0.739900}>,CCCCCCCCC,COC(C)(C)C,openff-2.2.1,1,0.545309116435007,0.0445233816812775,0.371,0.0075
28799,1079,dens_1264105858192356202,1079,Density,<Substance CCCCCCCCC{solv}{x=0.499200}|COC(C)(C)C{solv}{x=0.500800}>,CCCCCCCCC,COC(C)(C)C,openff-2.2.1,1,0.7159870772619062,0.0001487984215994,0.7207300000000002,0.00029
28800,1080,dhmix_1760873631242020891,1080,EnthalpyOfMixing,<Substance CCCCCCCCC{solv}{x=0.759600}|COC(C)(C)C{solv}{x=0.240400}>,CCCCCCCCC,COC(C)(C)C,openff-2.2.1,1,0.406621040720438,0.0601263903892729,0.345,0.007
28801,1081,dens_2012579877169955729,1081,Density,<Substance CCCCCCCCC{solv}{x=0.199500}|COC(C)(C)C{solv}{x=0.800500}>,CCCCCCCCC,COC(C)(C)C,openff-2.2.1,1,0.7284520599260645,0.0002181101948154,0.7281100000000001,0.000285
28802,1082,dhmix_2200368758776542578,1082,EnthalpyOfMixing,<Substance CCCCCCCCC{solv}{x=0.513300}|COC(C)(C)C{solv}{x=0.486700}>,CCCCCCCCC,COC(C)(C)C,openff-2.2.1,1,0.6726615429956553,0.0460687224232017,0.486,0.0095
28803,1083,dhmix_972091313059406932,1083,EnthalpyOfMixing,<Substance CCCNCCC{solv}{x=0.248200}|CN(C)C=O{solv}{x=0.751800}>,CCCNCCC,CN(C)C=O,openff-2.2.1,1,0.1120571984247362,0.0456483369469358,0.613,0.0195
28804,1084,dhmix_1037416167092316519,1084,EnthalpyOfMixing,<Substance CCCNCCC{solv}{x=0.499500}|CN(C)C=O{solv}{x=0.500500}>,CCCNCCC,CN(C)C=O,openff-2.2.1,1,0.1517978880050208,0.0425124774316785,0.748,0.0225
28805,1085,dhmix_1525975551610336413,1085,EnthalpyOfMixing,<Substance CCCNCCC{solv}{x=0.749600}|CN(C)C=O{solv}{x=0.250400}>,CCCNCCC,CN(C)C=O,openff-2.2.1,1,0.1778316892411595,0.0493329695245325,0.529,0.017
28806,1086,dens_1610465641813938660,1086,Density,<Substance CCCNCCC{solv}{x=0.745900}|CN(C)C=O{solv}{x=0.254100}>,CCCNCCC,CN(C)C=O,openff-2.2.1,1,0.7640237194138083,0.0001959019511595,0.7687320000000002,0.0009355
28807,1087,dens_2129043605695010641,1087,Density,<Substance CCCNCCC{solv}{x=0.503400}|CN(C)C=O{solv}{x=0.496600}>,CCCNCCC,CN(C)C=O,openff-2.2.1,1,0.8030400933745451,0.0002119038904878,0.8108000000000002,0.0009885
28808,1088,dens_2129124855081233158,1088,Density,<Substance CCCNCCC{solv}{x=0.252300}|CN(C)C=O{solv}{x=0.747700}>,CCCNCCC,CN(C)C=O,openff-2.2.1,1,0.8534362009158845,0.0002312565789172,0.8674480000000002,0.0010625
28809,1089,dhmix_1022139531284796266,1089,EnthalpyOfMixing,<Substance CCCO{solv}{x=0.730200}|O=Cc1ccccc1{solv}{x=0.269800}>,CCCO,O=Cc1ccccc1,openff-2.2.1,1,1.0567163249173177,0.0401746118283398,1.3784,0.00585
28810,1090,dens_1530410585842005416,1090,Density,<Substance CCCO{solv}{x=0.802500}|O=Cc1ccccc1{solv}{x=0.197500}>,CCCO,O=Cc1ccccc1,openff-2.2.1,1,0.85612768746972,0.0002578743399654,0.8676000000000003,0.0054
28811,1091,dens_1586325098516354010,1091,Density,<Substance CCCO{solv}{x=0.500300}|O=Cc1ccccc1{solv}{x=0.499700}>,CCCO,O=Cc1ccccc1,openff-2.2.1,1,0.933016671160617,0.0002101795072361,0.9470000000000002,0.0035
28812,1092,dhmix_1860362391399300385,1092,EnthalpyOfMixing,<Substance CCCO{solv}{x=0.237400}|O=Cc1ccccc1{solv}{x=0.762600}>,CCCO,O=Cc1ccccc1,openff-2.2.1,1,0.8952373171324126,0.0439428694601553,1.2579,0.0055
28813,1093,dens_2022804020725863961,1093,Density,<Substance CCCO{solv}{x=0.192900}|O=Cc1ccccc1{solv}{x=0.807100}>,CCCO,O=Cc1ccccc1,openff-2.2.1,1,0.9949242618746036,0.0002292998823158,1.0128,0.00265
28814,1094,dhmix_2114980631721668598,1094,EnthalpyOfMixing,<Substance CCCO{solv}{x=0.517800}|O=Cc1ccccc1{solv}{x=0.482200}>,CCCO,O=Cc1ccccc1,openff-2.2.1,1,1.4025614976881189,0.0397131656563278,1.6361,0.00675
28815,1095,dens_1061385011202038988,1095,Density,<Substance CC(C)O{solv}{x=0.495900}|CCCCOCCO{solv}{x=0.504100}>,CC(C)O,CCCCOCCO,openff-2.2.1,1,0.8568831727256816,1e-05,0.8550000000000002,5.450000000000001e-05
28816,1096,dens_1314274960992474794,1096,Density,<Substance CC(C)O{solv}{x=0.292200}|CCCCOCCO{solv}{x=0.707800}>,CC(C)O,CCCCOCCO,openff-2.2.1,1,0.8719752051915446,1e-05,0.8743700000000002,4.600000000000001e-05
28817,1097,dens_1729117108592325655,1097,Density,<Substance CC(C)O{solv}{x=0.743300}|CCCCOCCO{solv}{x=0.256700}>,CC(C)O,CCCCOCCO,openff-2.2.1,1,0.832514491662861,1e-05,0.8247900000000001,5.600000000000001e-05
28818,1098,dens_1112128096721834081,1098,Density,<Substance CNCCO{solv}{x=0.800900}|O{solv}{x=0.199100}>,CNCCO,O,openff-2.2.1,1,0.9597980900293542,0.0004478064904878,0.9466300000000002,0.00032
28819,1099,dens_1381694863030749046,1099,Density,<Substance CNCCO{solv}{x=0.198700}|O{solv}{x=0.801300}>,CNCCO,O,openff-2.2.1,1,0.9801175991614032,0.0003882130160478,0.9960300000000002,0.00016
28820,1100,dhmix_1383192140212198237,1100,EnthalpyOfMixing,<Substance CNCCO{solv}{x=0.798800}|O{solv}{x=0.201200}>,CNCCO,O,openff-2.2.1,1,-0.8489226049199488,0.04178039768406,-1.219,0.025
28821,1101,dens_1615304038745182966,1101,Density,<Substance CNCCO{solv}{x=0.504100}|O{solv}{x=0.495900}>,CNCCO,O,openff-2.2.1,1,0.9699375040424169,0.0003542707657041,0.9688100000000002,0.000235
28822,1102,dhmix_1902240048183935170,1102,EnthalpyOfMixing,<Substance CNCCO{solv}{x=0.501700}|O{solv}{x=0.498300}>,CNCCO,O,openff-2.2.1,1,-1.874335427492717,0.0539803840056978,-2.508,0.051
28823,1103,dhmix_2185888808838690563,1103,EnthalpyOfMixing,<Substance CNCCO{solv}{x=0.199200}|O{solv}{x=0.800800}>,CNCCO,O,openff-2.2.1,1,-1.0760526262184849,0.0235474326238969,-2.243,0.0455
28824,1104,dens_1155626281932782094,1104,Density,<Substance CCC(C)=O{solv}{x=0.292200}|CN1CCCC1=O{solv}{x=0.707800}>,CCC(C)=O,CN1CCCC1=O,openff-2.2.1,1,0.9359492104127834,0.0001580211962226,0.9591400000000002,0.00262
28825,1105,dens_1354588388489384902,1105,Density,<Substance CCC(C)=O{solv}{x=0.779300}|CN1CCCC1=O{solv}{x=0.220700}>,CCC(C)=O,CN1CCCC1=O,openff-2.2.1,1,0.8242863389867682,0.0002624980945797,0.8467600000000002,0.002595
28826,1106,dhmix_1468142552678388689,1106,EnthalpyOfMixing,<Substance CCC(C)=O{solv}{x=0.484100}|CN1CCCC1=O{solv}{x=0.515900}>,CCC(C)=O,CN1CCCC1=O,openff-2.2.1,1,0.0473946182151072,0.0397619395155331,-0.1675,0.00415
28827,1107,dhmix_1545004468946955771,1107,EnthalpyOfMixing,<Substance CCC(C)=O{solv}{x=0.246100}|CN1CCCC1=O{solv}{x=0.753900}>,CCC(C)=O,CN1CCCC1=O,openff-2.2.1,1,0.0838755826035555,0.0433258839044916,-0.0999,0.0031
28828,1108,dhmix_1746826813990258300,1108,EnthalpyOfMixing,<Substance CCC(C)=O{solv}{x=0.732400}|CN1CCCC1=O{solv}{x=0.267600}>,CCC(C)=O,CN1CCCC1=O,openff-2.2.1,1,0.1516470343807876,0.0397828218946827,-0.0861,0.0029
28829,1109,dens_2035401379156582518,1109,Density,<Substance CCC(C)=O{solv}{x=0.479500}|CN1CCCC1=O{solv}{x=0.520500}>,CCC(C)=O,CN1CCCC1=O,openff-2.2.1,1,0.8948710768548483,0.0002489243652938,0.9166100000000004,0.00261
28830,1110,dens_1159403686634788877,1110,Density,<Substance C1CCOCC1{solv}{x=0.253600}|Cc1ccncc1{solv}{x=0.746400}>,C1CCOCC1,Cc1ccncc1,openff-2.2.1,1,0.923279691331314,0.0002132378849845,0.9329390000000002,0.0002125
28831,1111,dhmix_1427533760370073434,1111,EnthalpyOfMixing,<Substance C1CCOCC1{solv}{x=0.241600}|Cc1ccncc1{solv}{x=0.758400}>,C1CCOCC1,Cc1ccncc1,openff-2.2.1,1,0.0254908013603163,0.0416620871940926,0.0975,0.001
28832,1112,dens_1586440979425114987,1112,Density,<Substance C1CCOCC1{solv}{x=0.491300}|Cc1ccncc1{solv}{x=0.508700}>,C1CCOCC1,Cc1ccncc1,openff-2.2.1,1,0.9054919937510238,0.0002270215642014,0.9162950000000002,0.0002825
28833,1113,dhmix_1681679230288000235,1113,EnthalpyOfMixing,<Substance C1CCOCC1{solv}{x=0.483400}|Cc1ccncc1{solv}{x=0.516600}>,C1CCOCC1,Cc1ccncc1,openff-2.2.1,1,0.020024598201811,0.0440327260513463,0.1741,0.00135
28834,1114,dhmix_1854625047398559527,1114,EnthalpyOfMixing,<Substance C1CCOCC1{solv}{x=0.826200}|Cc1ccncc1{solv}{x=0.173800}>,C1CCOCC1,Cc1ccncc1,openff-2.2.1,1,0.1224869172183247,0.0448649705804119,0.0948,0.001
28835,1115,dens_1998279082934343093,1115,Density,<Substance C1CCOCC1{solv}{x=0.826300}|Cc1ccncc1{solv}{x=0.173700}>,C1CCOCC1,Cc1ccncc1,openff-2.2.1,1,0.8698675509807051,0.0002480885387214,0.8827950000000002,0.000387
28836,1116,dens_1226224986443053492,1116,Density,<Substance CCOc1ccccc1{solv}{x=0.482600}|OCCc1ccccc1{solv}{x=0.517400}>,CCOc1ccccc1,OCCc1ccccc1,openff-2.2.1,1,0.9687672855818196,0.0001932071884578,0.9803700000000002,0.00026
28837,1117,dens_1288457717872177367,1117,Density,<Substance CCOc1ccccc1{solv}{x=0.304100}|OCCc1ccccc1{solv}{x=0.695900}>,CCOc1ccccc1,OCCc1ccccc1,openff-2.2.1,1,0.9796817148631786,0.0002296816391025,0.9909900000000004,0.00026
28838,1118,dhmix_1400067757990485972,1118,EnthalpyOfMixing,<Substance CCOc1ccccc1{solv}{x=0.738800}|OCCc1ccccc1{solv}{x=0.261200}>,CCOc1ccccc1,OCCc1ccccc1,openff-2.2.1,1,0.8053385442404988,0.0458434553432738,1.1427,0.01225
28839,1119,dens_1419265414647987466,1119,Density,<Substance CCOc1ccccc1{solv}{x=0.792900}|OCCc1ccccc1{solv}{x=0.207100}>,CCOc1ccccc1,OCCc1ccccc1,openff-2.2.1,1,0.9516775796722986,0.0001758635146992,0.9624400000000004,0.00026
28840,1120,dhmix_1985234108792038812,1120,EnthalpyOfMixing,<Substance CCOc1ccccc1{solv}{x=0.485200}|OCCc1ccccc1{solv}{x=0.514800}>,CCOc1ccccc1,OCCc1ccccc1,openff-2.2.1,1,0.9999342016536588,0.0449520240115225,1.0249,0.011
28841,1121,dhmix_2203675640711482674,1121,EnthalpyOfMixing,<Substance CCOc1ccccc1{solv}{x=0.239100}|OCCc1ccccc1{solv}{x=0.760900}>,CCOc1ccccc1,OCCc1ccccc1,openff-2.2.1,1,0.594735229853697,0.045240140826871,0.6669,0.0072
28842,1122,dens_1247048173376376516,1122,Density,<Substance CCCCC(=O)OC{solv}{x=0.349300}|COC=O{solv}{x=0.650700}>,CCCCC(=O)OC,COC=O,openff-2.2.1,1,0.9301393881156356,0.0002717087784704,0.9198400000000002,0.000115
28843,1123,dens_1283923442255956417,1123,Density,<Substance CCCCC(=O)OC{solv}{x=0.500000}|COC=O{solv}{x=0.500000}>,CCCCC(=O)OC,COC=O,openff-2.2.1,1,0.914689789570404,0.0002198887887943,0.90817,0.00012
28844,1124,dhmix_1491739683552461043,1124,EnthalpyOfMixing,<Substance CCCCC(=O)OC{solv}{x=0.348600}|COC=O{solv}{x=0.651400}>,CCCCC(=O)OC,COC=O,openff-2.2.1,1,0.3257045982562454,0.0343753308307569,0.422,0.0045
28845,1125,dhmix_1747049492522889097,1125,EnthalpyOfMixing,<Substance CCCCC(=O)OC{solv}{x=0.523200}|COC=O{solv}{x=0.476800}>,CCCCC(=O)OC,COC=O,openff-2.2.1,1,0.4128224252238297,0.0414509913155988,0.409,0.0045
28846,1126,dhmix_1990853348078771210,1126,EnthalpyOfMixing,<Substance CCCCC(=O)OC{solv}{x=0.796800}|COC=O{solv}{x=0.203200}>,CCCCC(=O)OC,COC=O,openff-2.2.1,1,0.2057518021173408,0.0465188614050666,0.219,0.0025
28847,1127,dens_2269601061883384185,1127,Density,<Substance CCCCC(=O)OC{solv}{x=0.725800}|COC=O{solv}{x=0.274200}>,CCCCC(=O)OC,COC=O,openff-2.2.1,1,0.8963711729077032,0.0002134789811936,0.8955000000000002,0.000135
28848,1128,dens_1266839724964377205,1128,Density,<Substance Cn1ccnc1{solv}{x=0.779500}|O{solv}{x=0.220500}>,Cn1ccnc1,O,openff-2.2.1,1,1.0204213906529689,0.0002556437489978,1.0360000000000005,0.00015
28849,1129,dens_1634862053132906887,1129,Density,<Substance Cn1ccnc1{solv}{x=0.498200}|O{solv}{x=0.501800}>,Cn1ccnc1,O,openff-2.2.1,1,1.018845208678368,0.0003028652908423,1.0416,0.00015
28850,1130,dens_1681126092995837883,1130,Density,<Substance Cn1ccnc1{solv}{x=0.216700}|O{solv}{x=0.783300}>,Cn1ccnc1,O,openff-2.2.1,1,1.0039587152262868,0.0002689186507821,1.0301000000000002,0.0001
28851,1131,dhmix_1311251505653939236,1131,EnthalpyOfMixing,<Substance CC(=O)CC(C)=O{solv}{x=0.598500}|O{solv}{x=0.401500}>,CC(=O)CC(C)=O,O,openff-2.2.1,1,0.4362730082066264,0.0410898015289368,0.4905,0.00555
28852,1132,dhmix_1367092272310773702,1132,EnthalpyOfMixing,<Substance CC(=O)CC(C)=O{solv}{x=0.749200}|O{solv}{x=0.250800}>,CC(=O)CC(C)=O,O,openff-2.2.1,1,0.4696150011686768,0.0385445008496429,0.6211,0.00695
28853,1133,dhmix_2033109088651196860,1133,EnthalpyOfMixing,<Substance CC(=O)CC(C)=O{solv}{x=0.200400}|O{solv}{x=0.799600}>,CC(=O)CC(C)=O,O,openff-2.2.1,1,0.049126491207204,0.026892268066256,0.1562,0.0021
28854,1134,dens_1319073694995976411,1134,Density,<Substance CC(C)CO{solv}{x=0.762200}|OC1=NCCC1{solv}{x=0.237800}>,CC(C)CO,OC1=NCCC1,openff-2.2.1,1,0.8616297166201239,0.0002239545527231,0.8623100000000001,0.000205
28855,1135,dhmix_1817161401911066523,1135,EnthalpyOfMixing,<Substance CC(C)CO{solv}{x=0.754900}|OC1=NCCC1{solv}{x=0.245100}>,CC(C)CO,OC1=NCCC1,openff-2.2.1,1,1.1364305266229966,0.0402785739417856,0.2989,0.0033
28856,1136,dens_1852757585830259815,1136,Density,<Substance CC(C)CO{solv}{x=0.287400}|OC1=NCCC1{solv}{x=0.712600}>,CC(C)CO,OC1=NCCC1,openff-2.2.1,1,0.982443177577199,0.0002486238772723,1.0078300000000002,0.000155
28857,1137,dhmix_2057245570503088562,1137,EnthalpyOfMixing,<Substance CC(C)CO{solv}{x=0.259800}|OC1=NCCC1{solv}{x=0.740200}>,CC(C)CO,OC1=NCCC1,openff-2.2.1,1,0.8037770772014312,0.0380403811749534,0.1798,0.00205
28858,1138,dens_2175875616459255266,1138,Density,<Substance CC(C)CO{solv}{x=0.489400}|OC1=NCCC1{solv}{x=0.510600}>,CC(C)CO,OC1=NCCC1,openff-2.2.1,1,0.9296667630247444,0.0001929023180887,0.9431100000000002,0.00017
28859,1139,dhmix_2273039716774959551,1139,EnthalpyOfMixing,<Substance CC(C)CO{solv}{x=0.497800}|OC1=NCCC1{solv}{x=0.502200}>,CC(C)CO,OC1=NCCC1,openff-2.2.1,1,1.2859967789913682,0.040414689413598,0.2775,0.0031
28860,1140,dens_1400897934227212514,1140,Density,<Substance CC(C)CC(C)(C)C{solv}{x=0.541100}|COC(C)=O{solv}{x=0.458900}>,CC(C)CC(C)(C)C,COC(C)=O,openff-2.2.1,1,0.7642911125465895,0.0002155294436691,0.7495700000000002,0.000505
28861,1141,dhmix_1534218615961922445,1141,EnthalpyOfMixing,<Substance CC(C)CC(C)(C)C{solv}{x=0.256000}|COC(C)=O{solv}{x=0.744000}>,CC(C)CC(C)(C)C,COC(C)=O,openff-2.2.1,1,1.688611321741062,0.0402065172432826,1.385,0.015
28862,1142,dhmix_1663557420681143866,1142,EnthalpyOfMixing,<Substance CC(C)CC(C)(C)C{solv}{x=0.540600}|COC(C)=O{solv}{x=0.459400}>,CC(C)CC(C)(C)C,COC(C)=O,openff-2.2.1,1,1.9645066294588247,0.0462467865356149,1.759,0.019
28863,1143,dens_1833608859418637606,1143,Density,<Substance CC(C)CC(C)(C)C{solv}{x=0.736400}|COC(C)=O{solv}{x=0.263600}>,CC(C)CC(C)(C)C,COC(C)=O,openff-2.2.1,1,0.7328018745523726,0.0002479031461015,0.7171000000000002,0.00015
28864,1144,dhmix_1913788848230724771,1144,EnthalpyOfMixing,<Substance CC(C)CC(C)(C)C{solv}{x=0.783300}|COC(C)=O{solv}{x=0.216700}>,CC(C)CC(C)(C)C,COC(C)=O,openff-2.2.1,1,1.6198793179301705,0.0467275945173331,1.149,0.0125
28865,1145,dens_2018568384717712900,1145,Density,<Substance CC(C)CC(C)(C)C{solv}{x=0.238900}|COC(C)=O{solv}{x=0.761100}>,CC(C)CC(C)(C)C,COC(C)=O,openff-2.2.1,1,0.8369934615667077,0.0002453473197354,0.8248000000000002,0.0001
28866,1146,dens_1465225466328543955,1146,Density,<Substance Cc1cccnc1{solv}{x=0.225000}|O{solv}{x=0.775000}>,Cc1cccnc1,O,openff-2.2.1,1,0.9597223823717363,0.0003677406423143,0.9921000000000002,0.0003
28867,1147,dens_1644445312716340330,1147,Density,<Substance Cc1cccnc1{solv}{x=0.500000}|O{solv}{x=0.500000}>,Cc1cccnc1,O,openff-2.2.1,1,0.951740939724468,0.0002980864663368,0.9797000000000002,0.0003
28868,1148,dens_2262998332454406432,1148,Density,<Substance Cc1cccnc1{solv}{x=0.700000}|O{solv}{x=0.300000}>,Cc1cccnc1,O,openff-2.2.1,1,0.9482713854641084,0.0002735311410739,0.9690000000000002,0.0003
28869,1149,dens_1601780542508306264,1149,Density,<Substance CC(=O)N(C)C{solv}{x=0.771800}|CCOC(C)=O{solv}{x=0.228200}>,CC(=O)N(C)C,CCOC(C)=O,openff-2.2.1,1,0.8982962129026107,0.00021536131691,0.9286200000000002,0.000185
28870,1150,dens_2126546638582188774,1150,Density,<Substance CC(=O)N(C)C{solv}{x=0.464600}|CCOC(C)=O{solv}{x=0.535400}>,CC(=O)N(C)C,CCOC(C)=O,openff-2.2.1,1,0.8991657632183023,0.0001794071582086,0.9166300000000002,0.00022
28871,1151,dens_2159432384130350508,1151,Density,<Substance CC(=O)N(C)C{solv}{x=0.233100}|CCOC(C)=O{solv}{x=0.766900}>,CC(=O)N(C)C,CCOC(C)=O,openff-2.2.1,1,0.8991655228046849,0.0002366000655985,0.9064300000000002,0.000245
28872,1152,dens_1713891284028890335,1152,Density,<Substance CC(=O)O{solv}{x=0.798900}|CCOC(C)=O{solv}{x=0.201100}>,CC(=O)O,CCOC(C)=O,openff-2.2.1,1,1.0242479231472184,0.0002611731044655,0.9996600000000002,0.000225
28873,1153,dens_1856345418041920174,1153,Density,<Substance CC(=O)O{solv}{x=0.500700}|CCOC(C)=O{solv}{x=0.499300}>,CC(=O)O,CCOC(C)=O,openff-2.2.1,1,0.9655432442060732,0.0002706940312798,0.9514000000000002,0.00018
28874,1154,dens_2035334988982485653,1154,Density,<Substance CC(=O)O{solv}{x=0.294400}|CCOC(C)=O{solv}{x=0.705600}>,CC(=O)O,CCOC(C)=O,openff-2.2.1,1,0.934295185904092,0.0002682819737491,0.9255000000000002,0.00016
28875,1155,dhmix_592425981731704,0,EnthalpyOfMixing,<Substance C1CCCCC1{solv}{x=0.100300}|Cc1ccccc1{solv}{x=0.899700}>,C1CCCCC1,Cc1ccccc1,openff-2.2.1,2,0.2644205072203363,0.0427794651093894,0.2015,0.0015
28876,1156,dens_191923210986624643,1,Density,<Substance C1CCCCC1{solv}{x=0.697700}|Cc1ccccc1{solv}{x=0.302300}>,C1CCCCC1,Cc1ccccc1,openff-2.2.1,2,0.7579379515332508,0.000251080210881,0.7818000000000002,0.00041
28877,1157,dens_699555827256664507,2,Density,<Substance C1CCCCC1{solv}{x=0.100000}|Cc1ccccc1{solv}{x=0.900000}>,C1CCCCC1,Cc1ccccc1,openff-2.2.1,2,0.8174367966632371,0.000274056557811,0.8378000000000001,0.00025
28878,1158,dhmix_997331474504366167,3,EnthalpyOfMixing,<Substance C1CCCCC1{solv}{x=0.697900}|Cc1ccccc1{solv}{x=0.302100}>,C1CCCCC1,Cc1ccccc1,openff-2.2.1,2,0.7291554304997732,0.0465171150822735,0.5221,0.0034
28879,1159,dhmix_1586684551148150215,4,EnthalpyOfMixing,<Substance C1CCCCC1{solv}{x=0.397600}|Cc1ccccc1{solv}{x=0.602400}>,C1CCCCC1,Cc1ccccc1,openff-2.2.1,2,0.8206059628284521,0.0438596878500093,0.5887,0.0038
28880,1160,dens_1809100412119556796,5,Density,<Substance C1CCCCC1{solv}{x=0.397500}|Cc1ccccc1{solv}{x=0.602500}>,C1CCCCC1,Cc1ccccc1,openff-2.2.1,2,0.8017944949253376,0.0002427245433675,0.8228000000000002,0.0002
28881,1161,dhmix_1261378482688431,6,EnthalpyOfMixing,<Substance CCC(C)=O{solv}{x=0.510600}|Nc1ccccc1{solv}{x=0.489400}>,CCC(C)=O,Nc1ccccc1,openff-2.2.1,2,-0.5629394357872073,0.0385151245025524,-1.173,0.0125
28882,1162,dhmix_157258283975731553,7,EnthalpyOfMixing,<Substance CCC(C)=O{solv}{x=0.901800}|Nc1ccccc1{solv}{x=0.098200}>,CCC(C)=O,Nc1ccccc1,openff-2.2.1,2,-0.4491064528558208,0.0445112204692102,-0.469,0.005
28883,1163,dens_610648476268376520,8,Density,<Substance CCC(C)=O{solv}{x=0.502600}|Nc1ccccc1{solv}{x=0.497400}>,CCC(C)=O,Nc1ccccc1,openff-2.2.1,2,0.9198973064704464,0.0002656632732141,0.9213850000000002,5.650000000000002e-05
28884,1164,dens_1388487494953421117,9,Density,<Substance CCC(C)=O{solv}{x=0.901900}|Nc1ccccc1{solv}{x=0.098100}>,CCC(C)=O,Nc1ccccc1,openff-2.2.1,2,0.8030649177987927,0.0002791333503762,0.8265540000000001,7.200000000000002e-05
28885,1165,dhmix_1389656513678923263,10,EnthalpyOfMixing,<Substance CCC(C)=O{solv}{x=0.209900}|Nc1ccccc1{solv}{x=0.790100}>,CCC(C)=O,Nc1ccccc1,openff-2.2.1,2,-0.158622028526679,0.0527392487142505,-0.648,0.007
28886,1166,dens_2115628806769415578,11,Density,<Substance CCC(C)=O{solv}{x=0.256300}|Nc1ccccc1{solv}{x=0.743700}>,CCC(C)=O,Nc1ccccc1,openff-2.2.1,2,0.9902764144258112,0.0002344226686094,0.9712300000000004,4.900000000000001e-05
28887,1167,dens_1379242187515209,12,Density,<Substance CC#N{solv}{x=0.795200}|CCCCOCCCC{solv}{x=0.204800}>,CC#N,CCCCOCCCC,openff-2.2.1,2,0.7690360834014386,0.0002516379684524,0.7708800000000002,0.000245
28888,1168,dhmix_575991096898484441,13,EnthalpyOfMixing,<Substance CC#N{solv}{x=0.488600}|CCCCOCCCC{solv}{x=0.511400}>,CC#N,CCCCOCCCC,openff-2.2.1,2,0.6584331860486827,0.0414462403618428,1.26543,0.00796
28889,1169,dhmix_1182924089945476872,14,EnthalpyOfMixing,<Substance CC#N{solv}{x=0.241600}|CCCCOCCCC{solv}{x=0.758400}>,CC#N,CCCCOCCCC,openff-2.2.1,2,0.4424045068650741,0.0435123748385174,0.94593,0.00601
28890,1170,dhmix_1244492966201685063,15,EnthalpyOfMixing,<Substance CC#N{solv}{x=0.795200}|CCCCOCCCC{solv}{x=0.204800}>,CC#N,CCCCOCCCC,openff-2.2.1,2,0.5126706352637111,0.0312868316569334,0.94289,0.005995
28891,1171,dens_2044032309137951705,16,Density,<Substance CC#N{solv}{x=0.245500}|CCCCOCCCC{solv}{x=0.754500}>,CC#N,CCCCOCCCC,openff-2.2.1,2,0.7593520930727519,0.0001820634149081,0.7653000000000001,0.00028
28892,1172,dens_2211436825174998797,17,Density,<Substance CC#N{solv}{x=0.509800}|CCCCOCCCC{solv}{x=0.490200}>,CC#N,CCCCOCCCC,openff-2.2.1,2,0.7632411316321921,0.0002326355072129,0.7671500000000001,0.00026
28893,1173,dens_1820034175228694,18,Density,<Substance C1CCCCC1{solv}{x=0.540900}|CN1CCCC1=O{solv}{x=0.459100}>,C1CCCCC1,CN1CCCC1=O,openff-2.2.1,2,0.8512939975867349,0.0002346888129467,0.8757100000000002,0.000335
28894,1174,dhmix_1335365307191460458,19,EnthalpyOfMixing,<Substance C1CCCCC1{solv}{x=0.751800}|CN1CCCC1=O{solv}{x=0.248200}>,C1CCCCC1,CN1CCCC1=O,openff-2.2.1,2,1.3114065371504324,0.0422083017020808,1.1998,0.01285
28895,1175,dens_1375048033230012198,20,Density,<Substance C1CCCCC1{solv}{x=0.733200}|CN1CCCC1=O{solv}{x=0.266800}>,C1CCCCC1,CN1CCCC1=O,openff-2.2.1,2,0.8049584894151778,0.0002367405060907,0.8287300000000002,0.0004
28896,1176,dhmix_1563298635135474599,21,EnthalpyOfMixing,<Substance C1CCCCC1{solv}{x=0.278900}|CN1CCCC1=O{solv}{x=0.721100}>,C1CCCCC1,CN1CCCC1=O,openff-2.2.1,2,1.5503547071218122,0.0422727304428639,1.2061,0.0129
28897,1177,dens_1606235786379262481,22,Density,<Substance C1CCCCC1{solv}{x=0.227500}|CN1CCCC1=O{solv}{x=0.772500}>,C1CCCCC1,CN1CCCC1=O,openff-2.2.1,2,0.9315922519618473,0.000182255357502,0.9583800000000002,0.000245
28898,1178,dhmix_1683219349338278021,23,EnthalpyOfMixing,<Substance C1CCCCC1{solv}{x=0.473400}|CN1CCCC1=O{solv}{x=0.526600}>,C1CCCCC1,CN1CCCC1=O,openff-2.2.1,2,1.8514096556243016,0.0432967222908511,1.4691,0.0157
28899,1179,dens_4438302718372985,24,Density,<Substance BrCCCCBr{solv}{x=0.717000}|COC=O{solv}{x=0.283000}>,BrCCCCBr,COC=O,openff-2.2.1,2,1.6330550080369848,0.0004707534527832,1.6702600000000003,0.00259
28900,1180,dhmix_369816950910078034,25,EnthalpyOfMixing,<Substance BrCCCCBr{solv}{x=0.778200}|COC=O{solv}{x=0.221800}>,BrCCCCBr,COC=O,openff-2.2.1,2,0.6591009013176219,0.0430629323290674,0.6355,0.0057
28901,1181,dens_460757700461114532,26,Density,<Substance BrCCCCBr{solv}{x=0.495800}|COC=O{solv}{x=0.504200}>,BrCCCCBr,COC=O,openff-2.2.1,2,1.4985063772992395,0.0004464969432137,1.5176800000000004,0.001885
28902,1182,dhmix_1496821399278454353,27,EnthalpyOfMixing,<Substance BrCCCCBr{solv}{x=0.265400}|COC=O{solv}{x=0.734600}>,BrCCCCBr,COC=O,openff-2.2.1,2,0.9527992085513296,0.033026323298876,0.8185,0.00715
28903,1183,dens_1750413656870357630,28,Density,<Substance BrCCCCBr{solv}{x=0.225800}|COC=O{solv}{x=0.774200}>,BrCCCCBr,COC=O,openff-2.2.1,2,1.274575572942679,0.0004241813452652,1.2671300000000003,0.00104
28904,1184,dhmix_1802862930607761431,29,EnthalpyOfMixing,<Substance BrCCCCBr{solv}{x=0.482000}|COC=O{solv}{x=0.518000}>,BrCCCCBr,COC=O,openff-2.2.1,2,1.109286471643859,0.0343264978701983,1.0243,0.0087
28905,1185,dhmix_8447570649359775,30,EnthalpyOfMixing,<Substance OCCO{solv}{x=0.481700}|OCc1ccccc1{solv}{x=0.518300}>,OCCO,OCc1ccccc1,openff-2.2.1,2,0.2078590987604087,0.0439884129495663,0.201,0.00465
28906,1186,dens_824372741354282107,31,Density,<Substance OCCO{solv}{x=0.505700}|OCc1ccccc1{solv}{x=0.494300}>,OCCO,OCc1ccccc1,openff-2.2.1,2,1.0529829168567268,0.0001945080425848,1.0579000000000005,0.00027
28907,1187,dens_1105173553343721111,32,Density,<Substance OCCO{solv}{x=0.737100}|OCc1ccccc1{solv}{x=0.262900}>,OCCO,OCc1ccccc1,openff-2.2.1,2,1.0753267706438163,0.0003133208778651,1.0753200000000005,0.000275
28908,1188,dhmix_1362282802315816638,33,EnthalpyOfMixing,<Substance OCCO{solv}{x=0.736100}|OCc1ccccc1{solv}{x=0.263900}>,OCCO,OCc1ccccc1,openff-2.2.1,2,0.2700536063598875,0.0417719130562085,0.1383,0.0037
28909,1189,dhmix_1666683879028583081,34,EnthalpyOfMixing,<Substance OCCO{solv}{x=0.236500}|OCc1ccccc1{solv}{x=0.763500}>,OCCO,OCc1ccccc1,openff-2.2.1,2,0.1043804179189535,0.0446494636121089,0.209,0.0048
28910,1190,dens_1698159396404241323,35,Density,<Substance OCCO{solv}{x=0.262200}|OCc1ccccc1{solv}{x=0.737800}>,OCCO,OCc1ccccc1,openff-2.2.1,2,1.0363625191872596,0.0002183970417788,1.0442900000000002,0.000265
28911,1191,dens_8507121971977381,36,Density,<Substance CCOC(C)(C)C{solv}{x=0.505000}|Cc1ccccc1{solv}{x=0.495000}>,CCOC(C)(C)C,Cc1ccccc1,openff-2.2.1,2,0.792466596763638,0.0002386657103085,0.7937390000000002,0.000467
28912,1192,dens_499290591626962121,37,Density,<Substance CCOC(C)(C)C{solv}{x=0.217000}|Cc1ccccc1{solv}{x=0.783000}>,CCOC(C)(C)C,Cc1ccccc1,openff-2.2.1,2,0.8210913829209898,0.000246825255482,0.8314450000000002,0.000411
28913,1193,dhmix_820491025608256793,38,EnthalpyOfMixing,<Substance CCOC(C)(C)C{solv}{x=0.501900}|Cc1ccccc1{solv}{x=0.498100}>,CCOC(C)(C)C,Cc1ccccc1,openff-2.2.1,2,-0.1598671910593125,0.0350740130247099,-0.046,0.00055
28914,1194,dhmix_1374163681483564129,39,EnthalpyOfMixing,<Substance CCOC(C)(C)C{solv}{x=0.248900}|Cc1ccccc1{solv}{x=0.751100}>,CCOC(C)(C)C,Cc1ccccc1,openff-2.2.1,2,-0.108805452078819,0.0427670956669931,-0.0324,0.0005
28915,1195,dens_1904998692863983733,40,Density,<Substance CCOC(C)(C)C{solv}{x=0.701000}|Cc1ccccc1{solv}{x=0.299000}>,CCOC(C)(C)C,Cc1ccccc1,openff-2.2.1,2,0.7736417152531372,0.0002309370742659,0.7696300000000001,0.000503
28916,1196,dhmix_1982853461678580310,41,EnthalpyOfMixing,<Substance CCOC(C)(C)C{solv}{x=0.749500}|Cc1ccccc1{solv}{x=0.250500}>,CCOC(C)(C)C,Cc1ccccc1,openff-2.2.1,2,-0.1134422199475366,0.0434270368099528,-0.0348,0.0005
28917,1197,dhmix_13624411991961099,42,EnthalpyOfMixing,<Substance C1CCOCC1{solv}{x=0.237900}|Cc1ccccc1N{solv}{x=0.762100}>,C1CCOCC1,Cc1ccccc1N,openff-2.2.1,2,-0.2681219022652721,0.0419461368167877,-0.3658,0.004
28918,1198,dhmix_510299013171775812,43,EnthalpyOfMixing,<Substance C1CCOCC1{solv}{x=0.741000}|Cc1ccccc1N{solv}{x=0.259000}>,C1CCOCC1,Cc1ccccc1N,openff-2.2.1,2,-0.3074408149360579,0.0461796161803026,-0.4892,0.0053
28919,1199,dhmix_1337006691942958969,44,EnthalpyOfMixing,<Substance C1CCOCC1{solv}{x=0.490100}|Cc1ccccc1N{solv}{x=0.509900}>,C1CCOCC1,Cc1ccccc1N,openff-2.2.1,2,-0.406272417083013,0.0385906451156407,-0.5715,0.0062
28920,1200,dens_1448062547628404156,45,Density,<Substance C1CCOCC1{solv}{x=0.727900}|Cc1ccccc1N{solv}{x=0.272100}>,C1CCOCC1,Cc1ccccc1N,openff-2.2.1,2,0.9109386826943784,0.0002377991770881,0.91866,0.000285
28921,1201,dens_2171966897328079405,46,Density,<Substance C1CCOCC1{solv}{x=0.498600}|Cc1ccccc1N{solv}{x=0.501400}>,C1CCOCC1,Cc1ccccc1N,openff-2.2.1,2,0.9444809518848164,0.0002526115835832,0.9459860000000002,0.0002275
28922,1202,dens_2201621104799327758,47,Density,<Substance C1CCOCC1{solv}{x=0.229700}|Cc1ccccc1N{solv}{x=0.770300}>,C1CCOCC1,Cc1ccccc1N,openff-2.2.1,2,0.982398655412016,0.0003326377885272,0.9734540000000002,0.000164
28923,1203,dens_15008167137789802,48,Density,<Substance CCCCCl{solv}{x=0.299200}|CN(C)C=O{solv}{x=0.700800}>,CCCCCl,CN(C)C=O,openff-2.2.1,2,0.900283502197533,0.0001845289079801,0.9218000000000002,0.0002
28924,1204,dens_550868133232739009,49,Density,<Substance CCCCCl{solv}{x=0.701200}|CN(C)C=O{solv}{x=0.298800}>,CCCCCl,CN(C)C=O,openff-2.2.1,2,0.8754984963990422,0.0002919779200731,0.8963000000000002,0.0002
28925,1205,dhmix_1315230298567753558,50,EnthalpyOfMixing,<Substance CCCCCl{solv}{x=0.793000}|CN(C)C=O{solv}{x=0.207000}>,CCCCCl,CN(C)C=O,openff-2.2.1,2,0.6641578100515346,0.0381055627842509,0.404,0.003
28926,1206,dhmix_1929975181819720491,51,EnthalpyOfMixing,<Substance CCCCCl{solv}{x=0.493000}|CN(C)C=O{solv}{x=0.507000}>,CCCCCl,CN(C)C=O,openff-2.2.1,2,0.8726823402293178,0.039311728477422,0.571,0.003
28927,1207,dhmix_1976787548784045784,52,EnthalpyOfMixing,<Substance CCCCCl{solv}{x=0.295000}|CN(C)C=O{solv}{x=0.705000}>,CCCCCl,CN(C)C=O,openff-2.2.1,2,0.7320141272336542,0.0386386442375645,0.467,0.003
28928,1208,dens_2008819185276371643,53,Density,<Substance CCCCCl{solv}{x=0.499000}|CN(C)C=O{solv}{x=0.501000}>,CCCCCl,CN(C)C=O,openff-2.2.1,2,0.8878321405433286,0.0002766472431158,0.9086000000000002,0.0002
28929,1209,dens_16755306936326197,54,Density,<Substance Cc1ccccc1N{solv}{x=0.255700}|Cc1ccccn1{solv}{x=0.744300}>,Cc1ccccc1N,Cc1ccccn1,openff-2.2.1,2,0.962146856646789,0.000189766916833,0.9597930000000002,0.000307
28930,1210,dens_238666738854407136,55,Density,<Substance Cc1ccccc1N{solv}{x=0.514600}|Cc1ccccn1{solv}{x=0.485400}>,Cc1ccccc1N,Cc1ccccn1,openff-2.2.1,2,0.9826599928663864,0.0002251576863738,0.9748990000000002,0.0002315
28931,1211,dhmix_1909144841681931250,56,EnthalpyOfMixing,<Substance Cc1ccccc1N{solv}{x=0.488200}|Cc1ccccn1{solv}{x=0.511800}>,Cc1ccccc1N,Cc1ccccn1,openff-2.2.1,2,-1.7607029786719934,0.0424722180546486,-1.4976,0.0305
28932,1212,dens_1945534954282706534,57,Density,<Substance Cc1ccccc1N{solv}{x=0.757100}|Cc1ccccn1{solv}{x=0.242900}>,Cc1ccccc1N,Cc1ccccn1,openff-2.2.1,2,0.998241224631088,0.0002725656141655,0.9854410000000002,0.000169
28933,1213,dhmix_2038606904928978856,58,EnthalpyOfMixing,<Substance Cc1ccccc1N{solv}{x=0.782100}|Cc1ccccn1{solv}{x=0.217900}>,Cc1ccccc1N,Cc1ccccn1,openff-2.2.1,2,-1.0108333580131514,0.0364613991177994,-0.8656,0.01775
28934,1214,dhmix_2125558080831870503,59,EnthalpyOfMixing,<Substance Cc1ccccc1N{solv}{x=0.273600}|Cc1ccccn1{solv}{x=0.726400}>,Cc1ccccc1N,Cc1ccccn1,openff-2.2.1,2,-1.5945453140097,0.0429637491163504,-1.2462,0.0254
28935,1215,dens_19028061622240549,60,Density,<Substance CN(C)CCO{solv}{x=0.296200}|CO{solv}{x=0.703800}>,CN(C)CCO,CO,openff-2.2.1,2,0.8349351752325347,0.0003264297388536,0.8506500000000001,0.00014
28936,1216,dens_186649390549115907,61,Density,<Substance CN(C)CCO{solv}{x=0.502000}|CO{solv}{x=0.498000}>,CN(C)CCO,CO,openff-2.2.1,2,0.859493979754646,0.0002847767916954,0.8684000000000002,0.000155
28937,1217,dhmix_1453612193040378117,62,EnthalpyOfMixing,<Substance CN(C)CCO{solv}{x=0.497200}|CO{solv}{x=0.502800}>,CN(C)CCO,CO,openff-2.2.1,2,-1.3404428967449462,0.029566852876718,-0.8673,0.00935
28938,1218,dens_1978392691277508278,63,Density,<Substance CN(C)CCO{solv}{x=0.707500}|CO{solv}{x=0.292500}>,CN(C)CCO,CO,openff-2.2.1,2,0.8751711026809096,0.0002120578375723,0.8766100000000002,0.00017
28939,1219,dhmix_2113387918969192804,64,EnthalpyOfMixing,<Substance CN(C)CCO{solv}{x=0.247900}|CO{solv}{x=0.752100}>,CN(C)CCO,CO,openff-2.2.1,2,-1.1933394111632794,0.0329266700869726,-0.8057,0.0087
28940,1220,dhmix_2220842061395014218,65,EnthalpyOfMixing,<Substance CN(C)CCO{solv}{x=0.750600}|CO{solv}{x=0.249400}>,CN(C)CCO,CO,openff-2.2.1,2,-0.8179133185433187,0.0420732746357088,-0.5322,0.00585
28941,1221,dhmix_21994921667950318,66,EnthalpyOfMixing,<Substance C=CCCCC{solv}{x=0.500100}|CCCO{solv}{x=0.499900}>,C=CCCCC,CCCO,openff-2.2.1,2,0.8366264895012279,0.0458969165487476,0.595,0.0055
28942,1222,dens_62854823056490751,67,Density,<Substance C=CCCCC{solv}{x=0.150300}|CCCO{solv}{x=0.849700}>,C=CCCCC,CCCO,openff-2.2.1,2,0.758540618440828,0.0002638591006415,0.7704980000000002,0.0001845
28943,1223,dens_294296714501123310,68,Density,<Substance C=CCCCC{solv}{x=0.499100}|CCCO{solv}{x=0.500900}>,C=CCCCC,CCCO,openff-2.2.1,2,0.6982693462271811,0.0002443917608888,0.7176450000000002,0.0002145
28944,1224,dhmix_829065315899278784,69,EnthalpyOfMixing,<Substance C=CCCCC{solv}{x=0.750000}|CCCO{solv}{x=0.250000}>,C=CCCCC,CCCO,openff-2.2.1,2,0.86957812979891,0.0458989124361199,0.682,0.006
28945,1225,dens_2024397702416079279,70,Density,<Substance C=CCCCC{solv}{x=0.745600}|CCCO{solv}{x=0.254400}>,C=CCCCC,CCCO,openff-2.2.1,2,0.6672009837872067,0.0001854199149065,0.6899770000000002,0.0002305
28946,1226,dhmix_2167083041249157622,71,EnthalpyOfMixing,<Substance C=CCCCC{solv}{x=0.150100}|CCCO{solv}{x=0.849900}>,C=CCCCC,CCCO,openff-2.2.1,2,0.3467674949700416,0.0374067463816919,0.192,0.005
28947,1227,dhmix_22428169890990447,72,EnthalpyOfMixing,<Substance CC1(C)C(=O)[C@]2(C)CC[C@H]1C2{solv}{x=0.286000}|CCO{solv}{x=0.714000}>,CC1(C)C(=O)[C@]2(C)CC[C@H]1C2,CCO,openff-2.2.1,2,0.6102696280145778,0.0357515624690607,0.876,0.0265
28948,1228,dhmix_57626661746168078,73,EnthalpyOfMixing,<Substance CC1(C)C(=O)[C@]2(C)CC[C@H]1C2{solv}{x=0.701000}|CCO{solv}{x=0.299000}>,CC1(C)C(=O)[C@]2(C)CC[C@H]1C2,CCO,openff-2.2.1,2,0.6598131633391517,0.047107773653501,1.0,0.0305
28949,1229,dhmix_287041928444283276,74,EnthalpyOfMixing,<Substance CC1(C)C(=O)[C@]2(C)CC[C@H]1C2{solv}{x=0.488000}|CCO{solv}{x=0.512000}>,CC1(C)C(=O)[C@]2(C)CC[C@H]1C2,CCO,openff-2.2.1,2,0.7946110998497602,0.0459130236220143,1.109,0.0335
28950,1230,dens_618487453946854895,75,Density,<Substance CC1(C)C(=O)[C@]2(C)CC[C@H]1C2{solv}{x=0.501200}|CCO{solv}{x=0.498800}>,CC1(C)C(=O)[C@]2(C)CC[C@H]1C2,CCO,openff-2.2.1,2,0.9047064550144156,0.0002422125302007,0.9005900000000002,5.5000000000000016e-05
28951,1231,dens_1408969463542558504,76,Density,<Substance CC1(C)C(=O)[C@]2(C)CC[C@H]1C2{solv}{x=0.789700}|CCO{solv}{x=0.210300}>,CC1(C)C(=O)[C@]2(C)CC[C@H]1C2,CCO,openff-2.2.1,2,0.933737034772835,0.0002632198336942,0.9274800000000002,6.0000000000000015e-05
28952,1232,dens_2053919413592536040,77,Density,<Substance CC1(C)C(=O)[C@]2(C)CC[C@H]1C2{solv}{x=0.200200}|CCO{solv}{x=0.799800}>,CC1(C)C(=O)[C@]2(C)CC[C@H]1C2,CCO,openff-2.2.1,2,0.8515128404165279,0.0002369800544846,0.8499000000000002,6.500000000000002e-05
28953,1233,dhmix_24700325920498635,78,EnthalpyOfMixing,<Substance CCC(C)(C)O{solv}{x=0.799400}|CCOC(C)(C)CC{solv}{x=0.200600}>,CCC(C)(C)O,CCOC(C)(C)CC,openff-2.2.1,2,0.672977525903768,0.0441067584702309,0.448,0.0073
28954,1234,dhmix_252628078473967793,79,EnthalpyOfMixing,<Substance CCC(C)(C)O{solv}{x=0.299700}|CCOC(C)(C)CC{solv}{x=0.700300}>,CCC(C)(C)O,CCOC(C)(C)CC,openff-2.2.1,2,0.95816244673518,0.0500724989167087,0.9727,0.0132
28955,1235,dens_281609537293621351,80,Density,<Substance CCC(C)(C)O{solv}{x=0.799400}|CCOC(C)(C)CC{solv}{x=0.200600}>,CCC(C)(C)O,CCOC(C)(C)CC,openff-2.2.1,2,0.8022933761776202,0.0002416502723669,0.7932000000000002,0.00025
28956,1236,dhmix_980734994193955874,81,EnthalpyOfMixing,<Substance CCC(C)(C)O{solv}{x=0.498700}|CCOC(C)(C)CC{solv}{x=0.501300}>,CCC(C)(C)O,CCOC(C)(C)CC,openff-2.2.1,2,1.0049754954606485,0.0476944720945096,0.8937,0.01225
28957,1237,dens_1165049856972872340,82,Density,<Substance CCC(C)(C)O{solv}{x=0.498700}|CCOC(C)(C)CC{solv}{x=0.501300}>,CCC(C)(C)O,CCOC(C)(C)CC,openff-2.2.1,2,0.7830029075923933,0.0002030075720759,0.7789000000000001,0.0002
28958,1238,dens_2297026976830009992,83,Density,<Substance CCC(C)(C)O{solv}{x=0.299700}|CCOC(C)(C)CC{solv}{x=0.700300}>,CCC(C)(C)O,CCOC(C)(C)CC,openff-2.2.1,2,0.7728869995111984,0.0001464515748221,0.7709000000000001,0.0002
28959,1239,dens_25810987980199799,84,Density,<Substance CCCCCC{solv}{x=0.158800}|Cc1ccccc1{solv}{x=0.841200}>,CCCCCC,Cc1ccccc1,openff-2.2.1,2,0.8054012895867996,0.0002569269026526,0.8226300000000002,0.000335
28960,1240,dens_574637447996217594,85,Density,<Substance CCCCCC{solv}{x=0.501100}|Cc1ccccc1{solv}{x=0.498900}>,CCCCCC,Cc1ccccc1,openff-2.2.1,2,0.7307996308152294,0.0002355704353036,0.7484400000000002,0.00015
28961,1241,dhmix_1373657903424456878,86,EnthalpyOfMixing,<Substance CCCCCC{solv}{x=0.158600}|Cc1ccccc1{solv}{x=0.841400}>,CCCCCC,Cc1ccccc1,openff-2.2.1,2,0.3468781732086796,0.0367656801485092,0.3163,0.0043
28962,1242,dhmix_1383995974797334848,87,EnthalpyOfMixing,<Substance CCCCCC{solv}{x=0.472300}|Cc1ccccc1{solv}{x=0.527700}>,CCCCCC,Cc1ccccc1,openff-2.2.1,2,0.7464237831297282,0.0417460917248451,0.5467,0.00715
28963,1243,dhmix_1412344026798360911,88,EnthalpyOfMixing,<Substance CCCCCC{solv}{x=0.748400}|Cc1ccccc1{solv}{x=0.251600}>,CCCCCC,Cc1ccccc1,openff-2.2.1,2,0.3911406613188717,0.0401413862438149,0.393,0.00525
28964,1244,dens_2241575426887298365,89,Density,<Substance CCCCCC{solv}{x=0.733800}|Cc1ccccc1{solv}{x=0.266200}>,CCCCCC,Cc1ccccc1,openff-2.2.1,2,0.6862657626830503,0.0002360330283271,0.7020900000000002,0.000305
28965,1245,dens_27241401908451167,90,Density,<Substance CN(C)C=O{solv}{x=0.503500}|Cc1ccccc1Cl{solv}{x=0.496500}>,CN(C)C=O,Cc1ccccc1Cl,openff-2.2.1,2,1.0090468466073708,0.000265575684674,1.0247000000000004,0.0005
28966,1246,dhmix_674882857451857086,91,EnthalpyOfMixing,<Substance CN(C)C=O{solv}{x=0.511800}|Cc1ccccc1Cl{solv}{x=0.488200}>,CN(C)C=O,Cc1ccccc1Cl,openff-2.2.1,2,0.2574400627933002,0.0406542290959973,0.545,0.006
28967,1247,dens_818042132181297482,92,Density,<Substance CN(C)C=O{solv}{x=0.751200}|Cc1ccccc1Cl{solv}{x=0.248800}>,CN(C)C=O,Cc1ccccc1Cl,openff-2.2.1,2,0.9697929553676916,0.0002791808282113,0.9898800000000002,0.0005
28968,1248,dens_861365281257265917,93,Density,<Substance CN(C)C=O{solv}{x=0.273700}|Cc1ccccc1Cl{solv}{x=0.726300}>,CN(C)C=O,Cc1ccccc1Cl,openff-2.2.1,2,1.028320576057518,0.0002638717567742,1.0415000000000003,0.0005
28969,1249,dhmix_1670364528496870559,94,EnthalpyOfMixing,<Substance CN(C)C=O{solv}{x=0.767900}|Cc1ccccc1Cl{solv}{x=0.232100}>,CN(C)C=O,Cc1ccccc1Cl,openff-2.2.1,2,0.2210090840873491,0.039832005210263,0.436,0.005
28970,1250,dhmix_1992689527814967541,95,EnthalpyOfMixing,<Substance CN(C)C=O{solv}{x=0.274300}|Cc1ccccc1Cl{solv}{x=0.725700}>,CN(C)C=O,Cc1ccccc1Cl,openff-2.2.1,2,0.2611284783353582,0.0325080832287742,0.373,0.004
28971,1251,dens_29213618499921464,96,Density,<Substance C1CCOCC1{solv}{x=0.254000}|O=C1CCCCCC1{solv}{x=0.746000}>,C1CCOCC1,O=C1CCCCCC1,openff-2.2.1,2,0.9099181890778272,0.0001885725532353,0.9355100000000002,0.00051
28972,1252,dens_468319504030932569,97,Density,<Substance C1CCOCC1{solv}{x=0.498600}|O=C1CCCCCC1{solv}{x=0.501400}>,C1CCOCC1,O=C1CCCCCC1,openff-2.2.1,2,0.8970126316634915,0.0002108151115679,0.9211200000000004,0.00051
28973,1253,dens_1174890511154571939,98,Density,<Substance C1CCOCC1{solv}{x=0.768600}|O=C1CCCCCC1{solv}{x=0.231400}>,C1CCOCC1,O=C1CCCCCC1,openff-2.2.1,2,0.8822855976618101,0.0002090657942935,0.9012200000000002,0.000505
28974,1254,dens_30084818585402677,99,Density,<Substance CC(=O)N(C)C{solv}{x=0.700600}|ClCCCCCCCl{solv}{x=0.299400}>,CC(=O)N(C)C,ClCCCCCCCl,openff-2.2.1,2,0.9601393453856468,0.000210394231293,0.9853000000000002,0.00175
28975,1255,dhmix_384619296407103076,100,EnthalpyOfMixing,<Substance CC(=O)N(C)C{solv}{x=0.504000}|ClCCCCCCCl{solv}{x=0.496000}>,CC(=O)N(C)C,ClCCCCCCCl,openff-2.2.1,2,0.16356931036443,0.0442436801681446,0.09,0.002
28976,1256,dens_539464371986972328,101,Density,<Substance CC(=O)N(C)C{solv}{x=0.494300}|ClCCCCCCCl{solv}{x=0.505700}>,CC(=O)N(C)C,ClCCCCCCCl,openff-2.2.1,2,0.99458636018403,0.0002062305935652,1.0123000000000002,0.0016
28977,1257,dhmix_1114659247517686326,102,EnthalpyOfMixing,<Substance CC(=O)N(C)C{solv}{x=0.798000}|ClCCCCCCCl{solv}{x=0.202000}>,CC(=O)N(C)C,ClCCCCCCCl,openff-2.2.1,2,0.1908677065476602,0.0488618832867969,0.067,0.002
28978,1258,dhmix_1410583096030633514,103,EnthalpyOfMixing,<Substance CC(=O)N(C)C{solv}{x=0.212000}|ClCCCCCCCl{solv}{x=0.788000}>,CC(=O)N(C)C,ClCCCCCCCl,openff-2.2.1,2,0.1700398337875981,0.0462683466858625,0.04,0.002
28979,1259,dens_2244909992725638206,104,Density,<Substance CC(=O)N(C)C{solv}{x=0.300200}|ClCCCCCCCl{solv}{x=0.699800}>,CC(=O)N(C)C,ClCCCCCCCl,openff-2.2.1,2,1.0221345866100868,0.0002542407442315,1.0345000000000002,0.0015
28980,1260,dhmix_35301006695188726,105,EnthalpyOfMixing,<Substance CCOC(=O)C(C)C{solv}{x=0.289000}|CO{solv}{x=0.711000}>,CCOC(=O)C(C)C,CO,openff-2.2.1,2,0.6113598064365426,0.0345314464556353,0.488,0.0035
28981,1261,dens_508877804306927207,106,Density,<Substance CCOC(=O)C(C)C{solv}{x=0.499000}|CO{solv}{x=0.501000}>,CCOC(=O)C(C)C,CO,openff-2.2.1,2,0.8378298043061944,0.0002736114027598,0.8414100000000002,0.00011
28982,1262,dens_1201422771202741625,107,Density,<Substance CCOC(=O)C(C)C{solv}{x=0.199600}|CO{solv}{x=0.800400}>,CCOC(=O)C(C)C,CO,openff-2.2.1,2,0.8039378541202802,0.0003359203966671,0.8173600000000002,0.000115
28983,1263,dhmix_1951183536432642425,108,EnthalpyOfMixing,<Substance CCOC(=O)C(C)C{solv}{x=0.480000}|CO{solv}{x=0.520000}>,CCOC(=O)C(C)C,CO,openff-2.2.1,2,0.750778398565636,0.037676769503557,0.671,0.0045
28984,1264,dens_1998368384671748308,109,Density,<Substance CCOC(=O)C(C)C{solv}{x=0.703000}|CO{solv}{x=0.297000}>,CCOC(=O)C(C)C,CO,openff-2.2.1,2,0.8513614497126305,0.0002538071468987,0.8501200000000002,0.00011
28985,1265,dhmix_2200604492347455092,110,EnthalpyOfMixing,<Substance CCOC(=O)C(C)C{solv}{x=0.771000}|CO{solv}{x=0.229000}>,CCOC(=O)C(C)C,CO,openff-2.2.1,2,0.5363402572213118,0.0461328107543863,0.632,0.0045
28986,1266,dhmix_39159150320919359,111,EnthalpyOfMixing,<Substance CCO{solv}{x=0.799700}|Cc1cccc(O)c1{solv}{x=0.200300}>,CCO,Cc1cccc(O)c1,openff-2.2.1,2,-0.6107938583370149,0.0358975527454831,-0.79199,0.011965
28987,1267,dens_410843938837220593,112,Density,<Substance CCO{solv}{x=0.263700}|Cc1cccc(O)c1{solv}{x=0.736300}>,CCO,Cc1cccc(O)c1,openff-2.2.1,2,0.989097657003502,0.0004377282318688,0.9852300000000004,0.0006
28988,1268,dhmix_1115402835538407874,113,EnthalpyOfMixing,<Substance CCO{solv}{x=0.212500}|Cc1cccc(O)c1{solv}{x=0.787500}>,CCO,Cc1cccc(O)c1,openff-2.2.1,2,-0.5649790718221794,0.0422107459098335,-0.68742,0.01275
28989,1269,dens_1359111234216199895,114,Density,<Substance CCO{solv}{x=0.472400}|Cc1cccc(O)c1{solv}{x=0.527600}>,CCO,Cc1cccc(O)c1,openff-2.2.1,2,0.9515691793745262,0.0002288044498631,0.9446300000000002,0.0006
28990,1270,dens_1590314985481219627,115,Density,<Substance CCO{solv}{x=0.781700}|Cc1cccc(O)c1{solv}{x=0.218300}>,CCO,Cc1cccc(O)c1,openff-2.2.1,2,0.8689148249303488,0.0002854391300955,0.8631500000000002,0.000605
28991,1271,dhmix_1871939727966182523,116,EnthalpyOfMixing,<Substance CCO{solv}{x=0.413900}|Cc1cccc(O)c1{solv}{x=0.586100}>,CCO,Cc1cccc(O)c1,openff-2.2.1,2,-0.6900250312562477,0.0425187437658317,-1.14624,0.00985
28992,1272,dens_42678158079716854,117,Density,<Substance CN1CCCC1=O{solv}{x=0.937492}|c1ccccc1{solv}{x=0.062508}>,CN1CCCC1=O,c1ccccc1,openff-2.2.1,2,0.9915705136919204,0.0002082446951941,1.0204500000000003,3.500000000000001e-05
28993,1273,dens_252520620125458637,118,Density,<Substance CN1CCCC1=O{solv}{x=0.513500}|c1ccccc1{solv}{x=0.486500}>,CN1CCCC1=O,c1ccccc1,openff-2.2.1,2,0.9449416329930884,0.0001644477666564,0.9684700000000004,0.00018
28994,1274,dhmix_524477957640851666,119,EnthalpyOfMixing,<Substance CN1CCCC1=O{solv}{x=0.235600}|c1ccccc1{solv}{x=0.764400}>,CN1CCCC1=O,c1ccccc1,openff-2.2.1,2,-0.1653285528207959,0.0421288762187046,-0.3684,0.00405
28995,1275,dhmix_1475629358723962160,120,EnthalpyOfMixing,<Substance CN1CCCC1=O{solv}{x=0.546700}|c1ccccc1{solv}{x=0.453300}>,CN1CCCC1=O,c1ccccc1,openff-2.2.1,2,-0.0995035231084884,0.0431932877929147,-0.4943,0.00535
28996,1276,dens_2041306780823594960,121,Density,<Substance CN1CCCC1=O{solv}{x=0.252400}|c1ccccc1{solv}{x=0.747600}>,CN1CCCC1=O,c1ccccc1,openff-2.2.1,2,0.8956863379026977,0.0001890855590877,0.9163300000000004,0.00029
28997,1277,dhmix_2156508970935294660,122,EnthalpyOfMixing,<Substance CN1CCCC1=O{solv}{x=0.741100}|c1ccccc1{solv}{x=0.258900}>,CN1CCCC1=O,c1ccccc1,openff-2.2.1,2,-0.1134969126859246,0.0423844882557145,-0.3841,0.0042
28998,1278,dhmix_44217680865702366,123,EnthalpyOfMixing,<Substance CC(=O)c1ccccc1{solv}{x=0.200100}|CC(C)O{solv}{x=0.799900}>,CC(=O)c1ccccc1,CC(C)O,openff-2.2.1,2,0.8598726969797845,0.0432696466994673,1.1352,0.0124
28999,1279,dens_91454082453656404,124,Density,<Substance CC(=O)c1ccccc1{solv}{x=0.756100}|CC(C)O{solv}{x=0.243900}>,CC(=O)c1ccccc1,CC(C)O,openff-2.2.1,2,0.9704284959826434,0.0001928281244929,0.9823500000000004,0.000175
29000,1280,dens_152869924254680766,125,Density,<Substance CC(=O)c1ccccc1{solv}{x=0.251700}|CC(C)O{solv}{x=0.748300}>,CC(=O)c1ccccc1,CC(C)O,openff-2.2.1,2,0.8718237070373653,0.0002568709200861,0.8654400000000002,0.000245
29001,1281,dhmix_1214494501247401592,126,EnthalpyOfMixing,<Substance CC(=O)c1ccccc1{solv}{x=0.499600}|CC(C)O{solv}{x=0.500400}>,CC(=O)c1ccccc1,CC(C)O,openff-2.2.1,2,1.2273055474809595,0.0397320040834226,1.5703,0.0169
29002,1282,dhmix_1482394504883204224,127,EnthalpyOfMixing,<Substance CC(=O)c1ccccc1{solv}{x=0.700600}|CC(C)O{solv}{x=0.299400}>,CC(=O)c1ccccc1,CC(C)O,openff-2.2.1,2,1.0923792561382086,0.0418692879840471,1.3758,0.01485
29003,1283,dens_1804860114822214449,128,Density,<Substance CC(=O)c1ccccc1{solv}{x=0.534500}|CC(C)O{solv}{x=0.465500}>,CC(=O)c1ccccc1,CC(C)O,openff-2.2.1,2,0.9325202728363878,0.0002227824628948,0.9375600000000002,0.0002
29004,1284,dhmix_47323681380989568,129,EnthalpyOfMixing,<Substance CCCCCCCCCl{solv}{x=0.498000}|CN(C)C=O{solv}{x=0.502000}>,CCCCCCCCCl,CN(C)C=O,openff-2.2.1,2,1.3035985751472197,0.0451969038667009,1.087,0.0045
29005,1285,dhmix_620291288515939248,130,EnthalpyOfMixing,<Substance CCCCCCCCCl{solv}{x=0.790000}|CN(C)C=O{solv}{x=0.210000}>,CCCCCCCCCl,CN(C)C=O,openff-2.2.1,2,1.0394771758174528,0.0512784392098934,0.68,0.0045
29006,1286,dens_1830564734879843336,131,Density,<Substance CCCCCCCCCl{solv}{x=0.733100}|CN(C)C=O{solv}{x=0.266900}>,CCCCCCCCCl,CN(C)C=O,openff-2.2.1,2,0.8672963942989521,0.0001858030611503,0.8779000000000002,0.00045
29007,1287,dens_1865569264533219410,132,Density,<Substance CCCCCCCCCl{solv}{x=0.500800}|CN(C)C=O{solv}{x=0.499200}>,CCCCCCCCCl,CN(C)C=O,openff-2.2.1,2,0.8771699513938025,0.0002057625864818,0.8897000000000003,0.0004
29008,1288,dens_1893252821735673677,133,Density,<Substance CCCCCCCCCl{solv}{x=0.199800}|CN(C)C=O{solv}{x=0.800200}>,CCCCCCCCCl,CN(C)C=O,openff-2.2.1,2,0.8962732786341747,0.0002290960540875,0.9149000000000002,0.0003
29009,1289,dhmix_2175249209874409534,134,EnthalpyOfMixing,<Substance CCCCCCCCCl{solv}{x=0.205000}|CN(C)C=O{solv}{x=0.795000}>,CCCCCCCCCl,CN(C)C=O,openff-2.2.1,2,0.9716583848892952,0.033677996808793,0.79,0.0045
29010,1290,dens_47347406470845261,135,Density,<Substance BrCCCBr{solv}{x=0.748600}|COC=O{solv}{x=0.251400}>,BrCCCBr,COC=O,openff-2.2.1,2,1.745534979240561,0.0005659689817443,1.7969200000000003,0.00306
29011,1291,dens_398260729245374704,136,Density,<Substance BrCCCBr{solv}{x=0.472200}|COC=O{solv}{x=0.527800}>,BrCCCBr,COC=O,openff-2.2.1,2,1.5388908791197429,0.0004452592350939,1.5585100000000005,0.001985
29012,1292,dhmix_1440467239786579925,137,EnthalpyOfMixing,<Substance BrCCCBr{solv}{x=0.735400}|COC=O{solv}{x=0.264600}>,BrCCCBr,COC=O,openff-2.2.1,2,0.7423139735868638,0.0362271809697009,0.7435,0.00655
29013,1293,dens_1812113401512645360,138,Density,<Substance BrCCCBr{solv}{x=0.204700}|COC=O{solv}{x=0.795300}>,BrCCCBr,COC=O,openff-2.2.1,2,1.271006043485139,0.000408230662342,1.2611800000000004,0.001025
29014,1294,dhmix_2252268161220427112,139,EnthalpyOfMixing,<Substance BrCCCBr{solv}{x=0.485300}|COC=O{solv}{x=0.514700}>,BrCCCBr,COC=O,openff-2.2.1,2,0.932565774517986,0.0321127698855837,0.9249,0.00795
29015,1295,dhmix_2289960806584862127,140,EnthalpyOfMixing,<Substance BrCCCBr{solv}{x=0.239500}|COC=O{solv}{x=0.760500}>,BrCCCBr,COC=O,openff-2.2.1,2,0.7207020305317284,0.0324032469610419,0.6669,0.00595
29016,1296,dens_52148744845178727,141,Density,<Substance CC(=O)CC(C)C{solv}{x=0.700900}|CCC(C)(C)O{solv}{x=0.299100}>,CC(=O)CC(C)C,CCC(C)(C)O,openff-2.2.1,2,0.7958673501036517,0.0001908412214518,0.7968700000000002,0.00018
29017,1297,dhmix_202225007451030020,142,EnthalpyOfMixing,<Substance CC(=O)CC(C)C{solv}{x=0.201700}|CCC(C)(C)O{solv}{x=0.798300}>,CC(=O)CC(C)C,CCC(C)(C)O,openff-2.2.1,2,0.0330064278578881,0.0491846946834306,0.8181,0.01135
29018,1298,dens_938275493819605051,143,Density,<Substance CC(=O)CC(C)C{solv}{x=0.500800}|CCC(C)(C)O{solv}{x=0.499200}>,CC(=O)CC(C)C,CCC(C)(C)O,openff-2.2.1,2,0.8014464660069865,0.0002111929142869,0.7987300000000002,0.00018
29019,1299,dhmix_998794233701009996,144,EnthalpyOfMixing,<Substance CC(=O)CC(C)C{solv}{x=0.500800}|CCC(C)(C)O{solv}{x=0.499200}>,CC(=O)CC(C)C,CCC(C)(C)O,openff-2.2.1,2,0.5510893618893231,0.0441675218133913,1.3674,0.0185
29020,1300,dhmix_1565593158104493647,145,EnthalpyOfMixing,<Substance CC(=O)CC(C)C{solv}{x=0.700900}|CCC(C)(C)O{solv}{x=0.299100}>,CC(=O)CC(C)C,CCC(C)(C)O,openff-2.2.1,2,0.4255092961499507,0.0445647363714145,1.2068,0.0164
29021,1301,dens_2097057526665137697,146,Density,<Substance CC(=O)CC(C)C{solv}{x=0.201700}|CCC(C)(C)O{solv}{x=0.798300}>,CC(=O)CC(C)C,CCC(C)(C)O,openff-2.2.1,2,0.8113111723299045,0.0002786394490733,0.8030000000000002,0.00019
29022,1302,dens_60145312697659458,147,Density,<Substance OC1=NCCC1{solv}{x=0.231200}|c1ccncc1{solv}{x=0.768800}>,OC1=NCCC1,c1ccncc1,openff-2.2.1,2,0.9987784966888904,0.0002977709708806,1.0106200000000003,0.00051
29023,1303,dhmix_281987656487279026,148,EnthalpyOfMixing,<Substance OC1=NCCC1{solv}{x=0.525600}|c1ccncc1{solv}{x=0.474400}>,OC1=NCCC1,c1ccncc1,openff-2.2.1,2,-0.2620767502423007,0.0387564994817114,0.2031,0.0508
29024,1304,dens_617740093035429712,149,Density,<Substance OC1=NCCC1{solv}{x=0.831200}|c1ccncc1{solv}{x=0.168800}>,OC1=NCCC1,c1ccncc1,openff-2.2.1,2,1.0481504386235156,0.0002308970480539,1.0872000000000004,0.00052
29025,1305,dhmix_658699797311871042,150,EnthalpyOfMixing,<Substance OC1=NCCC1{solv}{x=0.261500}|c1ccncc1{solv}{x=0.738500}>,OC1=NCCC1,c1ccncc1,openff-2.2.1,2,-0.1895419347370577,0.0380617080881659,0.165,0.04125
29026,1306,dhmix_774470106511868908,151,EnthalpyOfMixing,<Substance OC1=NCCC1{solv}{x=0.831100}|c1ccncc1{solv}{x=0.168900}>,OC1=NCCC1,c1ccncc1,openff-2.2.1,2,-0.2284363227971084,0.041825409768485,0.0972,0.0243
29027,1307,dens_1837977312272564303,152,Density,<Substance OC1=NCCC1{solv}{x=0.475200}|c1ccncc1{solv}{x=0.524800}>,OC1=NCCC1,c1ccncc1,openff-2.2.1,2,1.020242631948129,0.0002297991174552,1.0431300000000003,0.000515
29028,1308,dens_64870336397637683,153,Density,<Substance NCCCO{solv}{x=0.489642}|O{solv}{x=0.510358}>,NCCCO,O,openff-2.2.1,2,1.0241667747584784,0.0002835317599432,1.0059000000000002,0.00155
29029,1309,dens_70371380055449550,154,Density,<Substance NCCCO{solv}{x=0.708044}|O{solv}{x=0.291956}>,NCCCO,O,openff-2.2.1,2,1.0258135369672698,0.0003784750741874,0.9975000000000004,0.0018
29030,1310,dhmix_150384853762728924,155,EnthalpyOfMixing,<Substance NCCCO{solv}{x=0.751500}|O{solv}{x=0.248500}>,NCCCO,O,openff-2.2.1,2,-0.6111792241782936,0.0625491949488627,-1.531,0.031
29031,1311,dens_847209819230970781,156,Density,<Substance NCCCO{solv}{x=0.272809}|O{solv}{x=0.727191}>,NCCCO,O,openff-2.2.1,2,1.0167619806980466,0.0003582841718774,1.0118000000000005,0.0014
29032,1312,dhmix_1448036989335532298,157,EnthalpyOfMixing,<Substance NCCCO{solv}{x=0.298200}|O{solv}{x=0.701800}>,NCCCO,O,openff-2.2.1,2,-0.5458067736090193,0.0274294664939898,-2.501,0.051
29033,1313,dhmix_1551692974855642379,158,EnthalpyOfMixing,<Substance NCCCO{solv}{x=0.498900}|O{solv}{x=0.501100}>,NCCCO,O,openff-2.2.1,2,-0.6811786754206359,0.0392905329955267,-2.462,0.05
29034,1314,dhmix_65921650414250861,159,EnthalpyOfMixing,<Substance CCOC(=O)CC(C)=O{solv}{x=0.499500}|CCO{solv}{x=0.500500}>,CCO,CCOC(=O)CC(C)=O,openff-2.2.1,2,1.3390704682590808,0.0401385362584311,1.7079,0.0183
29035,1315,dhmix_546962203716710778,160,EnthalpyOfMixing,<Substance CCOC(=O)CC(C)=O{solv}{x=0.299400}|CCO{solv}{x=0.700600}>,CCO,CCOC(=O)CC(C)=O,openff-2.2.1,2,1.2508878313690277,0.0381814812686231,1.4925,0.01605
29036,1316,dens_989479368116300355,161,Density,<Substance CCOC(=O)CC(C)=O{solv}{x=0.500000}|CCO{solv}{x=0.500000}>,CCO,CCOC(=O)CC(C)=O,openff-2.2.1,2,0.9505602310376916,0.000162774178449,0.9484700000000004,0.000155
29037,1317,dens_1726065156375824332,162,Density,<Substance CCOC(=O)CC(C)=O{solv}{x=0.250000}|CCO{solv}{x=0.750000}>,CCO,CCOC(=O)CC(C)=O,openff-2.2.1,2,0.8867639343920237,0.0002926909924436,0.8856300000000003,0.00017
29038,1318,dens_1736679431098209973,163,Density,<Substance CCOC(=O)CC(C)=O{solv}{x=0.750000}|CCO{solv}{x=0.250000}>,CCO,CCOC(=O)CC(C)=O,openff-2.2.1,2,0.9938873085931652,0.000221442667633,0.9917100000000004,0.00017
29039,1319,dhmix_2221487218644783272,164,EnthalpyOfMixing,<Substance CCOC(=O)CC(C)=O{solv}{x=0.700800}|CCO{solv}{x=0.299200}>,CCO,CCOC(=O)CC(C)=O,openff-2.2.1,2,1.111521898104371,0.0427157927190732,1.478,0.0159
29040,1320,dhmix_68947190908856741,165,EnthalpyOfMixing,<Substance C1COCCO1{solv}{x=0.250000}|O=C1CCCC1{solv}{x=0.750000}>,C1COCCO1,O=C1CCCC1,openff-2.2.1,2,0.0045322165403547,0.0426458148955036,0.04589,0.00057
29041,1321,dens_225413782402822877,166,Density,<Substance C1COCCO1{solv}{x=0.777800}|O=C1CCCC1{solv}{x=0.222200}>,C1COCCO1,O=C1CCCC1,openff-2.2.1,2,1.00008236856314,0.0002596284704911,1.0081000000000002,0.000255
29042,1322,dhmix_415496698649060745,167,EnthalpyOfMixing,<Substance C1COCCO1{solv}{x=0.500000}|O=C1CCCC1{solv}{x=0.500000}>,C1COCCO1,O=C1CCCC1,openff-2.2.1,2,-0.0408411711529907,0.0379459582696818,0.07457,0.00068
29043,1323,dens_803440153424346423,168,Density,<Substance C1COCCO1{solv}{x=0.506300}|O=C1CCCC1{solv}{x=0.493700}>,C1COCCO1,O=C1CCCC1,openff-2.2.1,2,0.9678968675120702,0.0002239927666153,0.9849200000000002,0.00025
29044,1324,dens_1553194080174872005,169,Density,<Substance C1COCCO1{solv}{x=0.243600}|O=C1CCCC1{solv}{x=0.756400}>,C1COCCO1,O=C1CCCC1,openff-2.2.1,2,0.9379990448787088,0.0002377317833503,0.9633500000000004,0.000245
29045,1325,dhmix_1852349497898107924,170,EnthalpyOfMixing,<Substance C1COCCO1{solv}{x=0.750000}|O=C1CCCC1{solv}{x=0.250000}>,C1COCCO1,O=C1CCCC1,openff-2.2.1,2,-0.0026970392177361,0.0421643203788948,0.07097,0.000665
29046,1326,dhmix_71170350241685196,171,EnthalpyOfMixing,<Substance COC(C)(C)C{solv}{x=0.749000}|ClC(Cl)Cl{solv}{x=0.251000}>,COC(C)(C)C,ClC(Cl)Cl,openff-2.2.1,2,-1.138373248236462,0.0385766335174001,-1.9,0.077
29047,1327,dens_554111049740737271,172,Density,<Substance COC(C)(C)C{solv}{x=0.454000}|ClC(Cl)Cl{solv}{x=0.546000}>,COC(C)(C)C,ClC(Cl)Cl,openff-2.2.1,2,1.119913257624748,0.0002851865765121,1.0838000000000003,0.00015
29048,1328,dhmix_1691495556773848750,173,EnthalpyOfMixing,<Substance COC(C)(C)C{solv}{x=0.484000}|ClC(Cl)Cl{solv}{x=0.516000}>,COC(C)(C)C,ClC(Cl)Cl,openff-2.2.1,2,-1.7393782084291305,0.0262146295776109,-2.1,0.0845
29049,1329,dens_1874337336846858625,174,Density,<Substance COC(C)(C)C{solv}{x=0.276000}|ClC(Cl)Cl{solv}{x=0.724000}>,COC(C)(C)C,ClC(Cl)Cl,openff-2.2.1,2,1.2805576600233757,0.0004549761976526,1.2259000000000004,0.0002
29050,1330,dens_2136498248834183810,175,Density,<Substance COC(C)(C)C{solv}{x=0.728600}|ClC(Cl)Cl{solv}{x=0.271400}>,COC(C)(C)C,ClC(Cl)Cl,openff-2.2.1,2,0.91257372269462,0.0002772756510168,0.8956000000000003,0.00015
29051,1331,dhmix_2232264038422377060,176,EnthalpyOfMixing,<Substance COC(C)(C)C{solv}{x=0.220000}|ClC(Cl)Cl{solv}{x=0.780000}>,COC(C)(C)C,ClC(Cl)Cl,openff-2.2.1,2,-1.2126752033632808,0.0309101054339354,-1.5,0.0605
29052,1332,dhmix_73322629991074290,177,EnthalpyOfMixing,<Substance CCC(C)=O{solv}{x=0.212400}|CCN(CC)CC{solv}{x=0.787600}>,CCC(C)=O,CCN(CC)CC,openff-2.2.1,2,0.3106775803762005,0.0496239174265906,0.57,0.006
29053,1333,dens_317201778138256714,178,Density,<Substance CCC(C)=O{solv}{x=0.261000}|CCN(CC)CC{solv}{x=0.739000}>,CCC(C)=O,CCN(CC)CC,openff-2.2.1,2,0.7305032492919321,0.0002162595114058,0.7361510000000001,0.000106
29054,1334,dens_544322850735592196,179,Density,<Substance CCC(C)=O{solv}{x=0.510600}|CCN(CC)CC{solv}{x=0.489400}>,CCC(C)=O,CCN(CC)CC,openff-2.2.1,2,0.7418310996604754,0.0002263868143329,0.7527560000000002,0.0001045
29055,1335,dhmix_690665189446107141,180,EnthalpyOfMixing,<Substance CCC(C)=O{solv}{x=0.496700}|CCN(CC)CC{solv}{x=0.503300}>,CCC(C)=O,CCN(CC)CC,openff-2.2.1,2,0.4223030913571151,0.0429713381297897,0.746,0.008
29056,1336,dhmix_935249702283890201,181,EnthalpyOfMixing,<Substance CCC(C)=O{solv}{x=0.789300}|CCN(CC)CC{solv}{x=0.210700}>,CCC(C)=O,CCN(CC)CC,openff-2.2.1,2,0.2466357355094501,0.0423832014451295,0.455,0.005
29057,1337,dens_1635002920322954883,182,Density,<Substance CCC(C)=O{solv}{x=0.760400}|CCN(CC)CC{solv}{x=0.239600}>,CCC(C)=O,CCN(CC)CC,openff-2.2.1,2,0.7557720569630838,0.0002622027249863,0.7738830000000002,9.900000000000003e-05
29058,1338,dhmix_76833325524040726,183,EnthalpyOfMixing,<Substance C1CCCCC1{solv}{x=0.260600}|c1ccccc1{solv}{x=0.739400}>,C1CCCCC1,c1ccccc1,openff-2.2.1,2,0.7674889608106952,0.0347860160543625,0.6282,0.00695
29059,1339,dens_330305790736126156,184,Density,<Substance C1CCCCC1{solv}{x=0.499600}|c1ccccc1{solv}{x=0.500400}>,C1CCCCC1,c1ccccc1,openff-2.2.1,2,0.7909571147952826,0.0002649370552893,0.8136000000000002,0.0002
29060,1340,dhmix_460305358266375837,185,EnthalpyOfMixing,<Substance C1CCCCC1{solv}{x=0.766800}|c1ccccc1{solv}{x=0.233200}>,C1CCCCC1,c1ccccc1,openff-2.2.1,2,0.6663513891354285,0.0447762544310135,0.5517,0.00725
29061,1341,dens_1579941980285561951,186,Density,<Substance C1CCCCC1{solv}{x=0.249800}|c1ccccc1{solv}{x=0.750200}>,C1CCCCC1,c1ccccc1,openff-2.2.1,2,0.8206772642346167,0.0002596146099123,0.8405780000000002,7.05e-05
29062,1342,dhmix_1824194485055356086,187,EnthalpyOfMixing,<Substance C1CCCCC1{solv}{x=0.501200}|c1ccccc1{solv}{x=0.498800}>,C1CCCCC1,c1ccccc1,openff-2.2.1,2,0.970710819893526,0.03070127989679,0.7893,0.00655
29063,1343,dens_1871885279620492514,188,Density,<Substance C1CCCCC1{solv}{x=0.732300}|c1ccccc1{solv}{x=0.267700}>,C1CCCCC1,c1ccccc1,openff-2.2.1,2,0.77034740965531,0.0001694603365408,0.7929200000000002,7.450000000000001e-05
29064,1344,dens_78518696584109468,189,Density,<Substance CN(CCO)CCO{solv}{x=0.743000}|O{solv}{x=0.257000}>,CN(CCO)CCO,O,openff-2.2.1,2,1.0372366039450394,1e-05,1.0405100000000005,0.000286
29065,1345,dens_169053214615075062,190,Density,<Substance CN(CCO)CCO{solv}{x=0.257100}|O{solv}{x=0.742900}>,CN(CCO)CCO,O,openff-2.2.1,2,1.0314634411038974,1e-05,1.0522550000000004,0.000221
29066,1346,dhmix_750283179383190388,191,EnthalpyOfMixing,<Substance CN(CCO)CCO{solv}{x=0.741100}|O{solv}{x=0.258900}>,CN(CCO)CCO,O,openff-2.2.1,2,-0.2588424909511957,1.2712836032923576e-05,-1.154,0.0125
29067,1347,dhmix_1537351248216247854,192,EnthalpyOfMixing,<Substance CN(CCO)CCO{solv}{x=0.259300}|O{solv}{x=0.740700}>,CN(CCO)CCO,O,openff-2.2.1,2,-0.8418106852936553,1.2712836032923576e-05,-2.271,0.046
29068,1348,dens_1700904374078825036,193,Density,<Substance CN(CCO)CCO{solv}{x=0.484900}|O{solv}{x=0.515100}>,CN(CCO)CCO,O,openff-2.2.1,2,1.037070642328266,1e-05,1.048636,0.0002475
29069,1349,dhmix_1761290393567900831,194,EnthalpyOfMixing,<Substance CN(CCO)CCO{solv}{x=0.494100}|O{solv}{x=0.505900}>,CN(CCO)CCO,O,openff-2.2.1,2,-1.0116887602176092,1.2247742649157844e-05,-2.072,0.042
29070,1350,dhmix_81883535492439507,195,EnthalpyOfMixing,<Substance C1COCO1{solv}{x=0.200000}|O=C1CCCC1{solv}{x=0.800000}>,C1COCO1,O=C1CCCC1,openff-2.2.1,2,-0.0095447487015434,0.0376429110656101,-0.00853,0.000425
29071,1351,dens_192935635984964537,196,Density,<Substance C1COCO1{solv}{x=0.509000}|O=C1CCCC1{solv}{x=0.491000}>,C1COCO1,O=C1CCCC1,openff-2.2.1,2,0.990233649378995,0.0002502356675109,0.9954700000000004,0.000255
29072,1352,dhmix_309530351940031317,197,EnthalpyOfMixing,<Substance C1COCO1{solv}{x=0.700000}|O=C1CCCC1{solv}{x=0.300000}>,C1COCO1,O=C1CCCC1,openff-2.2.1,2,0.0018041827173647,0.0324643042350263,-0.02292,0.00048
29073,1353,dhmix_1480225642523009634,198,EnthalpyOfMixing,<Substance C1COCO1{solv}{x=0.500000}|O=C1CCCC1{solv}{x=0.500000}>,C1COCO1,O=C1CCCC1,openff-2.2.1,2,-0.0468429439441635,0.0389278341211951,-0.02181,0.000475
29074,1354,dens_1663189314624242951,199,Density,<Substance C1COCO1{solv}{x=0.225100}|O=C1CCCC1{solv}{x=0.774900}>,C1COCO1,O=C1CCCC1,openff-2.2.1,2,0.9437714759149732,0.0002442979431256,0.9652800000000002,0.000245
29075,1355,dens_1684591254659727640,200,Density,<Substance C1COCO1{solv}{x=0.789100}|O=C1CCCC1{solv}{x=0.210900}>,C1COCO1,O=C1CCCC1,openff-2.2.1,2,1.0451078007535584,0.0002657624557542,1.02957,0.00026
29076,1356,dens_82854054922011802,201,Density,<Substance c1cc[nH]c1{solv}{x=0.542600}|c1ccncc1{solv}{x=0.457400}>,c1cc[nH]c1,c1ccncc1,openff-2.2.1,2,0.976765376012924,0.0002566096840341,0.9706400000000002,5.5000000000000016e-05
29077,1357,dens_332042143272324658,202,Density,<Substance c1cc[nH]c1{solv}{x=0.755400}|c1ccncc1{solv}{x=0.244600}>,c1cc[nH]c1,c1ccncc1,openff-2.2.1,2,0.9773013263463012,0.0002815829388303,0.9676900000000004,5.5000000000000016e-05
29078,1358,dhmix_582184351339863568,203,EnthalpyOfMixing,<Substance c1cc[nH]c1{solv}{x=0.760200}|c1ccncc1{solv}{x=0.239800}>,c1cc[nH]c1,c1ccncc1,openff-2.2.1,2,0.0068826467637066,0.0358930503364908,-1.6452,0.01075
29079,1359,dhmix_809205277185290719,204,EnthalpyOfMixing,<Substance c1cc[nH]c1{solv}{x=0.509500}|c1ccncc1{solv}{x=0.490500}>,c1cc[nH]c1,c1ccncc1,openff-2.2.1,2,-0.1345493546504186,0.0348191959963431,-2.649,0.01645
29080,1360,dens_1187941919350264461,205,Density,<Substance c1cc[nH]c1{solv}{x=0.227300}|c1ccncc1{solv}{x=0.772700}>,c1cc[nH]c1,c1ccncc1,openff-2.2.1,2,0.9759785929196044,0.000294851372198,0.9755600000000002,5.5000000000000016e-05
29081,1361,dhmix_2302696180464118683,206,EnthalpyOfMixing,<Substance c1cc[nH]c1{solv}{x=0.239500}|c1ccncc1{solv}{x=0.760500}>,c1cc[nH]c1,c1ccncc1,openff-2.2.1,2,-0.1578781403829641,0.0373084359233201,-1.7662,0.01145
29082,1362,dhmix_84488753175979819,207,EnthalpyOfMixing,<Substance C1CCOCC1{solv}{x=0.500000}|CCO{solv}{x=0.500000}>,C1CCOCC1,CCO,openff-2.2.1,2,0.920641054448037,0.0351308608741413,0.8491,0.00794
29083,1363,dens_904236164857914889,208,Density,<Substance C1CCOCC1{solv}{x=0.701000}|CCO{solv}{x=0.299000}>,C1CCOCC1,CCO,openff-2.2.1,2,0.8487101437867275,0.000216447434796,0.8595400000000002,8.500000000000002e-05
29084,1364,dhmix_923986751684807715,209,EnthalpyOfMixing,<Substance C1CCOCC1{solv}{x=0.750000}|CCO{solv}{x=0.250000}>,C1CCOCC1,CCO,openff-2.2.1,2,0.8588173752905206,0.0419312370225939,0.75364,0.007115
29085,1365,dhmix_927648698725704337,210,EnthalpyOfMixing,<Substance C1CCOCC1{solv}{x=0.250000}|CCO{solv}{x=0.750000}>,C1CCOCC1,CCO,openff-2.2.1,2,0.6230225260563689,0.0293292675900814,0.57017,0.00553
29086,1366,dens_1095414448718823860,211,Density,<Substance C1CCOCC1{solv}{x=0.504000}|CCO{solv}{x=0.496000}>,C1CCOCC1,CCO,openff-2.2.1,2,0.8344452871042211,0.0003111607873648,0.8440100000000001,0.0001
29087,1367,dens_1309012152943788187,212,Density,<Substance C1CCOCC1{solv}{x=0.284000}|CCO{solv}{x=0.716000}>,C1CCOCC1,CCO,openff-2.2.1,2,0.8161067647408202,0.000291322972916,0.8227400000000002,0.00012
29088,1368,dens_88489471162801298,213,Density,<Substance CC(C)=O{solv}{x=0.248400}|Nc1ccccc1{solv}{x=0.751600}>,CC(C)=O,Nc1ccccc1,openff-2.2.1,2,1.0055035745167509,0.0002784317466855,0.9768950000000002,0.0001055
29089,1369,dens_892449093930393176,214,Density,<Substance CC(C)=O{solv}{x=0.411400}|Nc1ccccc1{solv}{x=0.588600}>,CC(C)=O,Nc1ccccc1,openff-2.2.1,2,0.9617261780362052,0.0002647281692086,0.9457730000000002,0.0001285
29090,1370,dens_1087594007698023193,215,Density,<Substance CC(C)=O{solv}{x=0.699300}|Nc1ccccc1{solv}{x=0.300700}>,CC(C)=O,Nc1ccccc1,openff-2.2.1,2,0.8766045245785384,0.0001619983252525,0.8786430000000003,0.000178
29091,1371,dhmix_1461699545612032563,216,EnthalpyOfMixing,<Substance CC(C)=O{solv}{x=0.214500}|Nc1ccccc1{solv}{x=0.785500}>,CC(C)=O,Nc1ccccc1,openff-2.2.1,2,-0.4824905976253859,0.0328510981594762,-0.746,0.008
29092,1372,dhmix_1577476208805542019,217,EnthalpyOfMixing,<Substance CC(C)=O{solv}{x=0.699100}|Nc1ccccc1{solv}{x=0.300900}>,CC(C)=O,Nc1ccccc1,openff-2.2.1,2,-1.0457078860347906,0.0391549943398187,-1.076,0.0115
29093,1373,dhmix_2267661763264899390,218,EnthalpyOfMixing,<Substance CC(C)=O{solv}{x=0.410700}|Nc1ccccc1{solv}{x=0.589300}>,CC(C)=O,Nc1ccccc1,openff-2.2.1,2,-0.6922073969775369,0.036227721474438,-1.165,0.0125
29094,1374,dhmix_90851537891129625,219,EnthalpyOfMixing,<Substance C1CCOCC1{solv}{x=0.268300}|Cc1ccccn1{solv}{x=0.731700}>,C1CCOCC1,Cc1ccccn1,openff-2.2.1,2,0.072353384350567,0.0343333642303749,0.1057,0.00105
29095,1375,dhmix_975790739707505549,220,EnthalpyOfMixing,<Substance C1CCOCC1{solv}{x=0.482200}|Cc1ccccn1{solv}{x=0.517800}>,C1CCOCC1,Cc1ccccn1,openff-2.2.1,2,0.0416873927849742,0.0437763137664618,0.1728,0.00135
29096,1376,dens_981500521813591443,221,Density,<Substance C1CCOCC1{solv}{x=0.491600}|Cc1ccccn1{solv}{x=0.508400}>,C1CCOCC1,Cc1ccccn1,openff-2.2.1,2,0.9034027084594034,0.0002307794516848,0.910915,0.000475
29097,1377,dens_1237050172671894703,222,Density,<Substance C1CCOCC1{solv}{x=0.237300}|Cc1ccccn1{solv}{x=0.762700}>,C1CCOCC1,Cc1ccccn1,openff-2.2.1,2,0.9212293240277,0.0001941434802562,0.9261620000000004,0.0004855
29098,1378,dhmix_1841520238596708010,223,EnthalpyOfMixing,<Substance C1CCOCC1{solv}{x=0.821600}|Cc1ccccn1{solv}{x=0.178400}>,C1CCOCC1,Cc1ccccn1,openff-2.2.1,2,0.0699380746372924,0.0429442415143008,0.1352,0.0012
29099,1379,dens_1852422594896475094,224,Density,<Substance C1CCOCC1{solv}{x=0.821900}|Cc1ccccn1{solv}{x=0.178100}>,C1CCOCC1,Cc1ccccn1,openff-2.2.1,2,0.8692209412490035,0.0001828090819935,0.8802920000000002,0.000454
29100,1380,dhmix_93676522673462266,225,EnthalpyOfMixing,<Substance CC(=O)N(C)C{solv}{x=0.702000}|ClCCCl{solv}{x=0.298000}>,CC(=O)N(C)C,ClCCCl,openff-2.2.1,2,-0.5466223808705699,0.0371384988073935,-0.706,0.004
29101,1381,dens_466640151895915379,226,Density,<Substance CC(=O)N(C)C{solv}{x=0.499900}|ClCCCl{solv}{x=0.500100}>,CC(=O)N(C)C,ClCCCl,openff-2.2.1,2,1.0481953431829725,0.0003091577895329,1.0774000000000004,0.00325
29102,1382,dhmix_504891727488256514,227,EnthalpyOfMixing,<Substance CC(=O)N(C)C{solv}{x=0.202000}|ClCCCl{solv}{x=0.798000}>,CC(=O)N(C)C,ClCCCl,openff-2.2.1,2,-0.4760695676476878,0.0334025642664874,-0.586,0.004
29103,1383,dens_1432716574300574119,228,Density,<Substance CC(=O)N(C)C{solv}{x=0.298800}|ClCCCl{solv}{x=0.701200}>,CC(=O)N(C)C,ClCCCl,openff-2.2.1,2,1.1139645944422218,0.0003729145241303,1.1413000000000002,0.00345
29104,1384,dens_1909242265481868478,229,Density,<Substance CC(=O)N(C)C{solv}{x=0.700800}|ClCCCl{solv}{x=0.299200}>,CC(=O)N(C)C,ClCCCl,openff-2.2.1,2,0.985367793163316,0.0002421015521705,1.0181000000000002,0.00305
29105,1385,dhmix_2201663021806040380,230,EnthalpyOfMixing,<Substance CC(=O)N(C)C{solv}{x=0.500000}|ClCCCl{solv}{x=0.500000}>,CC(=O)N(C)C,ClCCCl,openff-2.2.1,2,-0.5920864324082218,0.0330039602560584,-0.885,0.004
29106,1386,dhmix_101847702994296892,231,EnthalpyOfMixing,<Substance CCCCCCCl{solv}{x=0.790000}|CN1CCCC1=O{solv}{x=0.210000}>,CCCCCCCl,CN1CCCC1=O,openff-2.2.1,2,0.6249782687205965,0.0527249761332087,0.232,0.0025
29107,1387,dhmix_275814181113182192,232,EnthalpyOfMixing,<Substance CCCCCCCl{solv}{x=0.497000}|CN1CCCC1=O{solv}{x=0.503000}>,CCCCCCCl,CN1CCCC1=O,openff-2.2.1,2,0.9709131080579,0.0409692065365209,0.416,0.0025
29108,1388,dens_441375838683668512,233,Density,<Substance CCCCCCCl{solv}{x=0.499300}|CN1CCCC1=O{solv}{x=0.500700}>,CCCCCCCl,CN1CCCC1=O,openff-2.2.1,2,0.9227641895210292,0.0002490030924835,0.9389000000000002,0.0002
29109,1389,dhmix_840847840731542643,234,EnthalpyOfMixing,<Substance CCCCCCCl{solv}{x=0.203000}|CN1CCCC1=O{solv}{x=0.797000}>,CCCCCCCl,CN1CCCC1=O,openff-2.2.1,2,0.694274034163648,0.0454994405134512,0.319,0.0025
29110,1390,dens_1314691253679633833,235,Density,<Substance CCCCCCCl{solv}{x=0.298400}|CN1CCCC1=O{solv}{x=0.701600}>,CCCCCCCl,CN1CCCC1=O,openff-2.2.1,2,0.9514212243801812,0.0002212690849498,0.9715000000000004,0.0002
29111,1391,dens_1366683244756558841,236,Density,<Substance CCCCCCCl{solv}{x=0.801200}|CN1CCCC1=O{solv}{x=0.198800}>,CCCCCCCl,CN1CCCC1=O,openff-2.2.1,2,0.8841229860556793,0.0002423063645552,0.8970000000000002,0.0003
29112,1392,dhmix_107460606439569535,237,EnthalpyOfMixing,<Substance C1COCCO1{solv}{x=0.572500}|O=C1CCCCCC1{solv}{x=0.427500}>,C1COCCO1,O=C1CCCCCC1,openff-2.2.1,2,0.309008889225737,0.0442040517327464,0.1032,0.00125
29113,1393,dens_229535957420918177,238,Density,<Substance C1COCCO1{solv}{x=0.748900}|O=C1CCCCCC1{solv}{x=0.251100}>,C1COCCO1,O=C1CCCCCC1,openff-2.2.1,2,0.9910933925362116,0.0001996801967273,0.9994100000000002,0.00051
29114,1394,dhmix_1101001475632451077,239,EnthalpyOfMixing,<Substance C1COCCO1{solv}{x=0.225200}|O=C1CCCCCC1{solv}{x=0.774800}>,C1COCCO1,O=C1CCCCCC1,openff-2.2.1,2,-0.0328696236433927,0.0514387316588057,0.0783,0.001
29115,1395,dens_1711999737319704820,240,Density,<Substance C1COCCO1{solv}{x=0.572300}|O=C1CCCCCC1{solv}{x=0.427700}>,C1COCCO1,O=C1CCCCCC1,openff-2.2.1,2,0.9605578062463082,0.0002052861978545,0.9737000000000002,0.00051
29116,1396,dens_1973863157285112004,241,Density,<Substance C1COCCO1{solv}{x=0.255500}|O=C1CCCCCC1{solv}{x=0.744500}>,C1COCCO1,O=C1CCCCCC1,openff-2.2.1,2,0.9403522975570288,0.0001763447013602,0.9616800000000002,0.000515
29117,1397,dhmix_2239035738396328121,242,EnthalpyOfMixing,<Substance C1COCCO1{solv}{x=0.771600}|O=C1CCCCCC1{solv}{x=0.228400}>,C1COCCO1,O=C1CCCCCC1,openff-2.2.1,2,0.2101286986507915,0.0424115646260583,0.0694,0.0009
29118,1398,dhmix_110368175234083214,243,EnthalpyOfMixing,<Substance CC#N{solv}{x=0.201600}|CCOC(C)(C)CC{solv}{x=0.798400}>,CC#N,CCOC(C)(C)CC,openff-2.2.1,2,0.2622178634841035,0.0520488611463477,0.6411,0.0087
29119,1399,dhmix_565046024644834395,244,EnthalpyOfMixing,<Substance CC#N{solv}{x=0.700400}|CCOC(C)(C)CC{solv}{x=0.299600}>,CC#N,CCOC(C)(C)CC,openff-2.2.1,2,0.3902845755775899,0.0345495244399684,0.8397,0.0113
29120,1400,dens_865362803305469370,245,Density,<Substance CC#N{solv}{x=0.502400}|CCOC(C)(C)CC{solv}{x=0.497600}>,CC#N,CCOC(C)(C)CC,openff-2.2.1,2,0.7679462333759387,0.0002222397120989,0.7675000000000002,0.00035
29121,1401,dhmix_1131176031733024874,246,EnthalpyOfMixing,<Substance CC#N{solv}{x=0.502400}|CCOC(C)(C)CC{solv}{x=0.497600}>,CC#N,CCOC(C)(C)CC,openff-2.2.1,2,0.4199199207047002,0.040790167992561,0.9514,0.01285
29122,1402,dens_1305751749890499162,247,Density,<Substance CC#N{solv}{x=0.201600}|CCOC(C)(C)CC{solv}{x=0.798400}>,CC#N,CCOC(C)(C)CC,openff-2.2.1,2,0.7629815924848186,0.0002215945146918,0.7635000000000002,0.00025
29123,1403,dens_1928701304100922381,248,Density,<Substance CC#N{solv}{x=0.700400}|CCOC(C)(C)CC{solv}{x=0.299600}>,CC#N,CCOC(C)(C)CC,openff-2.2.1,2,0.7711361529531227,0.0002396462436882,0.7707000000000003,0.0005
29124,1404,dhmix_112729391186229967,249,EnthalpyOfMixing,<Substance CCC(C)=O{solv}{x=0.509000}|CNc1ccccc1{solv}{x=0.491000}>,CCC(C)=O,CNc1ccccc1,openff-2.2.1,2,-0.6883913302541309,0.0391628365139529,-0.816,0.009
29125,1405,dens_414028029115294252,250,Density,<Substance CCC(C)=O{solv}{x=0.746300}|CNc1ccccc1{solv}{x=0.253700}>,CCC(C)=O,CNc1ccccc1,openff-2.2.1,2,0.8373851050852369,0.0002193766137462,0.8582020000000002,0.000102
29126,1406,dens_559789475978651659,251,Density,<Substance CCC(C)=O{solv}{x=0.495000}|CNc1ccccc1{solv}{x=0.505000}>,CCC(C)=O,CNc1ccccc1,openff-2.2.1,2,0.8947900037295936,0.0002216899495704,0.9066940000000002,0.000164
29127,1407,dhmix_1637459312398636454,252,EnthalpyOfMixing,<Substance CCC(C)=O{solv}{x=0.228300}|CNc1ccccc1{solv}{x=0.771700}>,CCC(C)=O,CNc1ccccc1,openff-2.2.1,2,-0.4975996039592711,0.0513640608833547,-0.54,0.006
29128,1408,dhmix_1933605864237207151,253,EnthalpyOfMixing,<Substance CCC(C)=O{solv}{x=0.705500}|CNc1ccccc1{solv}{x=0.294500}>,CCC(C)=O,CNc1ccccc1,openff-2.2.1,2,-0.5233347832904691,0.0414539613463975,-0.672,0.0075
29129,1409,dens_2039660657679820411,254,Density,<Substance CCC(C)=O{solv}{x=0.258900}|CNc1ccccc1{solv}{x=0.741100}>,CCC(C)=O,CNc1ccccc1,openff-2.2.1,2,0.941901736500695,0.0001610971081772,0.9456330000000004,0.000259
29130,1410,dhmix_112832411362526364,255,EnthalpyOfMixing,<Substance C=CCCCC{solv}{x=0.250000}|CCCCO{solv}{x=0.750000}>,C=CCCCC,CCCCO,openff-2.2.1,2,0.4936086353710252,0.0388430611823423,0.2829,0.00333
29131,1411,dhmix_385937725855980509,256,EnthalpyOfMixing,<Substance C=CCCCC{solv}{x=0.749900}|CCCCO{solv}{x=0.250100}>,C=CCCCC,CCCCO,openff-2.2.1,2,0.8124549524907536,0.0459976425693824,0.63978,0.00696
29132,1412,dens_417191245012747241,257,Density,<Substance C=CCCCC{solv}{x=0.501800}|CCCCO{solv}{x=0.498200}>,C=CCCCC,CCCCO,openff-2.2.1,2,0.7146182709885929,0.0002602603933961,0.7340000000000002,0.00035
29133,1413,dens_1053849773924337242,258,Density,<Substance C=CCCCC{solv}{x=0.100100}|CCCCO{solv}{x=0.899900}>,C=CCCCC,CCCCO,openff-2.2.1,2,0.7845591274250666,0.0002493584945064,0.7924000000000002,0.00035
29134,1414,dhmix_1436053809694490847,259,EnthalpyOfMixing,<Substance C=CCCCC{solv}{x=0.500300}|CCCCO{solv}{x=0.499700}>,C=CCCCC,CCCCO,openff-2.2.1,2,0.6615282364114705,0.0452212351868453,0.56098,0.00616
29135,1415,dens_1967827958045932694,260,Density,<Substance C=CCCCC{solv}{x=0.900000}|CCCCO{solv}{x=0.100000}>,C=CCCCC,CCCCO,openff-2.2.1,2,0.6599346828879675,0.000224230637062,0.6818000000000001,0.00035
29136,1416,dhmix_113202719214912577,261,EnthalpyOfMixing,<Substance CCN(CC)CCO{solv}{x=0.700300}|O{solv}{x=0.299700}>,CCN(CC)CCO,O,openff-2.2.1,2,-1.640800648964884,0.0514942033346592,-1.75,0.019
29137,1417,dhmix_450200897960931857,262,EnthalpyOfMixing,<Substance CCN(CC)CCO{solv}{x=0.500200}|O{solv}{x=0.499800}>,CCN(CC)CCO,O,openff-2.2.1,2,-1.6710921961145715,0.0498767883502653,-2.504,0.027
29138,1418,dens_727880187774296815,263,Density,<Substance CCN(CC)CCO{solv}{x=0.799700}|O{solv}{x=0.200300}>,CCN(CC)CCO,O,openff-2.2.1,2,0.8804641875803998,0.0001976469436165,0.8996000000000003,0.005
29139,1419,dens_943193748522476096,264,Density,<Substance CCN(CC)CCO{solv}{x=0.499700}|O{solv}{x=0.500300}>,CCN(CC)CCO,O,openff-2.2.1,2,0.8962499288938626,0.0002264723026829,0.9222000000000002,0.005
29140,1420,dhmix_1628408668678458098,265,EnthalpyOfMixing,<Substance CCN(CC)CCO{solv}{x=0.200800}|O{solv}{x=0.799200}>,CCN(CC)CCO,O,openff-2.2.1,2,-1.05427157679365,0.0299172931960094,-2.185,0.0235
29141,1421,dens_1679974305630699360,266,Density,<Substance CCN(CC)CCO{solv}{x=0.193290}|O{solv}{x=0.806710}>,CCN(CC)CCO,O,openff-2.2.1,2,0.919072756689457,0.0002720556456203,0.9615690000000002,0.000144
29142,1422,dens_114257363738318755,267,Density,<Substance C1CCCCC1{solv}{x=0.754300}|CCCCCC{solv}{x=0.245700}>,C1CCCCC1,CCCCCC,openff-2.2.1,2,0.7186422869679281,0.0002480875653423,0.7392000000000002,0.00065
29143,1423,dens_528453314861364780,268,Density,<Substance C1CCCCC1{solv}{x=0.234300}|CCCCCC{solv}{x=0.765700}>,C1CCCCC1,CCCCCC,openff-2.2.1,2,0.6625329420582421,0.0002476766871877,0.6838300000000002,0.001655
29144,1424,dens_547437695672624422,269,Density,<Substance C1CCCCC1{solv}{x=0.479300}|CCCCCC{solv}{x=0.520700}>,C1CCCCC1,CCCCCC,openff-2.2.1,2,0.6874765335151125,0.0001960199570899,0.7105500000000001,0.001555
29145,1425,dhmix_728030976573858762,270,EnthalpyOfMixing,<Substance C1CCCCC1{solv}{x=0.483200}|CCCCCC{solv}{x=0.516800}>,C1CCCCC1,CCCCCC,openff-2.2.1,2,0.2481156830660751,0.0433225806745159,0.2144,0.00155
29146,1426,dhmix_1406519609852245638,271,EnthalpyOfMixing,<Substance C1CCCCC1{solv}{x=0.219000}|CCCCCC{solv}{x=0.781000}>,C1CCCCC1,CCCCCC,openff-2.2.1,2,0.1494292612603374,0.0454653579010544,0.1264,0.00105
29147,1427,dhmix_1819992223413741006,272,EnthalpyOfMixing,<Substance C1CCCCC1{solv}{x=0.725500}|CCCCCC{solv}{x=0.274500}>,C1CCCCC1,CCCCCC,openff-2.2.1,2,0.2618003698048738,0.047673165197403,0.199,0.00145
29148,1428,dhmix_114464856611254095,273,EnthalpyOfMixing,<Substance COc1ccccc1{solv}{x=0.739800}|OCc1ccccc1{solv}{x=0.260200}>,COc1ccccc1,OCc1ccccc1,openff-2.2.1,2,0.9165109084514356,0.0459597051299153,1.0539,0.0113
29149,1429,dens_844721400884986444,274,Density,<Substance COc1ccccc1{solv}{x=0.288300}|OCc1ccccc1{solv}{x=0.711700}>,COc1ccccc1,OCc1ccccc1,openff-2.2.1,2,1.0052426073860918,0.0001851424318012,1.0180000000000002,0.000135
29150,1430,dens_1208569209782779179,275,Density,<Substance COc1ccccc1{solv}{x=0.491100}|OCc1ccccc1{solv}{x=0.508900}>,COc1ccccc1,OCc1ccccc1,openff-2.2.1,2,0.993112854028604,0.000179692352801,1.0069400000000004,0.000165
29151,1431,dhmix_1342325728364187329,276,EnthalpyOfMixing,<Substance COc1ccccc1{solv}{x=0.240100}|OCc1ccccc1{solv}{x=0.759900}>,COc1ccccc1,OCc1ccccc1,openff-2.2.1,2,0.5708709334058355,0.0468307462823098,0.6199,0.0067
29152,1432,dhmix_1596550872819493971,277,EnthalpyOfMixing,<Substance COc1ccccc1{solv}{x=0.486600}|OCc1ccccc1{solv}{x=0.513400}>,COc1ccccc1,OCc1ccccc1,openff-2.2.1,2,0.9048921660251424,0.0463375599120776,0.9688,0.0104
29153,1433,dens_1833270112854727934,278,Density,<Substance COc1ccccc1{solv}{x=0.774500}|OCc1ccccc1{solv}{x=0.225500}>,COc1ccccc1,OCc1ccccc1,openff-2.2.1,2,0.9761342609742828,0.0002481052989602,0.9915900000000004,0.000215
29154,1434,dens_114725786693793907,279,Density,<Substance CC(=O)O{solv}{x=0.703100}|CCO{solv}{x=0.296900}>,CC(=O)O,CCO,openff-2.2.1,2,0.99127496691664,0.0003277572233759,0.97355,0.00021
29155,1435,dens_883421079927261907,280,Density,<Substance CC(=O)O{solv}{x=0.496100}|CCO{solv}{x=0.503900}>,CC(=O)O,CCO,openff-2.2.1,2,0.9304845374049204,0.0003126322035117,0.9199600000000002,0.0002
29156,1436,dens_1042567278853913615,281,Density,<Substance CC(=O)O{solv}{x=0.297100}|CCO{solv}{x=0.702900}>,CC(=O)O,CCO,openff-2.2.1,2,0.8715360232751916,0.000352576270867,0.8668600000000002,0.000195
29157,1437,dhmix_129373600931207498,282,EnthalpyOfMixing,<Substance NCCNCCN{solv}{x=0.702000}|O{solv}{x=0.298000}>,NCCNCCN,O,openff-2.2.1,2,-2.752658426861018,1.2576199743960814e-05,-3.393,0.036
29158,1438,dhmix_313570094367316478,283,EnthalpyOfMixing,<Substance NCCNCCN{solv}{x=0.241600}|O{solv}{x=0.758400}>,NCCNCCN,O,openff-2.2.1,2,-4.279060154787228,1.2779389656787214e-05,-6.523,0.0695
29159,1439,dens_548243159356184104,284,Density,<Substance NCCNCCN{solv}{x=0.244900}|O{solv}{x=0.755100}>,NCCNCCN,O,openff-2.2.1,2,1.0619625003483646,1e-05,1.0275000000000003,0.0005
29160,1440,dens_913992897582667960,285,Density,<Substance NCCNCCN{solv}{x=0.497400}|O{solv}{x=0.502600}>,NCCNCCN,O,openff-2.2.1,2,1.0699910878532062,1e-05,0.9928000000000002,0.0005
29161,1441,dhmix_1565087976771168604,286,EnthalpyOfMixing,<Substance NCCNCCN{solv}{x=0.501000}|O{solv}{x=0.499000}>,NCCNCCN,O,openff-2.2.1,2,-4.727200040306272,1.224745687887898e-05,-5.417,0.0575
29162,1442,dens_1812124220217686569,287,Density,<Substance NCCNCCN{solv}{x=0.698800}|O{solv}{x=0.301200}>,NCCNCCN,O,openff-2.2.1,2,1.0628777259773317,1e-05,0.9718000000000002,0.0005
29163,1443,dhmix_135176730945124637,288,EnthalpyOfMixing,<Substance CCCCNCCCC{solv}{x=0.751800}|CN(C)C=O{solv}{x=0.248200}>,CCCCNCCCC,CN(C)C=O,openff-2.2.1,2,0.3338889711126853,0.0556087934356836,0.782,0.025
29164,1444,dens_586298674852090193,289,Density,<Substance CCCCNCCCC{solv}{x=0.726600}|CN(C)C=O{solv}{x=0.273400}>,CCCCNCCCC,CN(C)C=O,openff-2.2.1,2,0.7796637827948122,0.000165817116403,0.7828350000000002,0.0009465
29165,1445,dens_711718403070096827,290,Density,<Substance CCCCNCCCC{solv}{x=0.263900}|CN(C)C=O{solv}{x=0.736100}>,CCCCNCCCC,CN(C)C=O,openff-2.2.1,2,0.8489993726543366,0.0002168996453534,0.8609240000000001,0.001053
29166,1446,dhmix_1537913365058000269,291,EnthalpyOfMixing,<Substance CCCCNCCCC{solv}{x=0.249400}|CN(C)C=O{solv}{x=0.750600}>,CCCCNCCCC,CN(C)C=O,openff-2.2.1,2,0.3242141884937908,0.0413468601099371,0.921,0.029
29167,1447,dhmix_1965420976556284821,292,EnthalpyOfMixing,<Substance CCCCNCCCC{solv}{x=0.501800}|CN(C)C=O{solv}{x=0.498200}>,CCCCNCCCC,CN(C)C=O,openff-2.2.1,2,0.4425006527955304,0.0427374370897937,1.113,0.0335
29168,1448,dens_2298192241038151497,293,Density,<Substance CCCCNCCCC{solv}{x=0.492800}|CN(C)C=O{solv}{x=0.507200}>,CCCCNCCCC,CN(C)C=O,openff-2.2.1,2,0.8088213704932701,0.0001854328125126,0.8153440000000003,0.0009895
29169,1449,dens_145031449158698048,294,Density,<Substance CN(C)C=O{solv}{x=0.498800}|ClCCCl{solv}{x=0.501200}>,CN(C)C=O,ClCCCl,openff-2.2.1,2,1.0739650896777655,0.0003487528501658,1.0957000000000003,0.00305
29170,1450,dens_511894799968528211,295,Density,<Substance CN(C)C=O{solv}{x=0.197800}|ClCCCl{solv}{x=0.802200}>,CN(C)C=O,ClCCCl,openff-2.2.1,2,1.1603329790357866,0.0003715391159709,1.1862000000000004,0.003
29171,1451,dhmix_693792312882226719,296,EnthalpyOfMixing,<Substance CN(C)C=O{solv}{x=0.498000}|ClCCCl{solv}{x=0.502000}>,CN(C)C=O,ClCCCl,openff-2.2.1,2,-0.0687879482676834,0.0307757000240944,-0.663,0.0035
29172,1452,dhmix_1364024895663592301,297,EnthalpyOfMixing,<Substance CN(C)C=O{solv}{x=0.299000}|ClCCCl{solv}{x=0.701000}>,CN(C)C=O,ClCCCl,openff-2.2.1,2,-0.0511939986813381,0.030609853234362,-0.575,0.0035
29173,1453,dens_1874616475661316520,298,Density,<Substance CN(C)C=O{solv}{x=0.705400}|ClCCCl{solv}{x=0.294600}>,CN(C)C=O,ClCCCl,openff-2.2.1,2,1.0119216288095534,0.000292102874734,1.0336,0.003
29174,1454,dhmix_1965344541223753593,299,EnthalpyOfMixing,<Substance CN(C)C=O{solv}{x=0.702000}|ClCCCl{solv}{x=0.298000}>,CN(C)C=O,ClCCCl,openff-2.2.1,2,-0.0146108278480383,0.0360304952624645,-0.531,0.003
29175,1455,dens_145117083439077204,300,Density,<Substance CN1CCCC1=O{solv}{x=0.700300}|ClCCCCCl{solv}{x=0.299700}>,CN1CCCC1=O,ClCCCCCl,openff-2.2.1,2,1.0413073756731488,0.0002337283211311,1.0627000000000002,0.0005
29176,1456,dens_872271192908107773,301,Density,<Substance CN1CCCC1=O{solv}{x=0.203400}|ClCCCCCl{solv}{x=0.796600}>,CN1CCCC1=O,ClCCCCCl,openff-2.2.1,2,1.0983395204857862,0.0003085266983183,1.1142000000000003,0.00125
29177,1457,dhmix_958757583081250655,302,EnthalpyOfMixing,<Substance CN1CCCC1=O{solv}{x=0.703000}|ClCCCCCl{solv}{x=0.297000}>,CN1CCCC1=O,ClCCCCCl,openff-2.2.1,2,0.1170636235432915,0.0370980449931506,-0.583,0.0035
29178,1458,dens_1187888029800539390,303,Density,<Substance CN1CCCC1=O{solv}{x=0.502500}|ClCCCCCl{solv}{x=0.497500}>,CN1CCCC1=O,ClCCCCCl,openff-2.2.1,2,1.0654486697303154,0.0002245467943946,1.0840000000000003,0.00075
29179,1459,dhmix_1448185356234442909,304,EnthalpyOfMixing,<Substance CN1CCCC1=O{solv}{x=0.210000}|ClCCCCCl{solv}{x=0.790000}>,CN1CCCC1=O,ClCCCCCl,openff-2.2.1,2,-0.0136846209770666,0.0382140191399557,-0.406,0.003
29180,1460,dhmix_1623586299486793214,305,EnthalpyOfMixing,<Substance CN1CCCC1=O{solv}{x=0.505000}|ClCCCCCl{solv}{x=0.495000}>,CN1CCCC1=O,ClCCCCCl,openff-2.2.1,2,0.2378884550311042,0.0350853686808253,-0.678,0.0035
29181,1461,dens_151421667269785380,306,Density,<Substance OCCOCCO{solv}{x=0.228500}|OCc1ccccc1{solv}{x=0.771500}>,OCCOCCO,OCc1ccccc1,openff-2.2.1,2,1.0423318195100717,0.0002140582276297,1.0497600000000002,0.000265
29182,1462,dens_207017358130726789,307,Density,<Substance OCCOCCO{solv}{x=0.531200}|OCc1ccccc1{solv}{x=0.468800}>,OCCOCCO,OCc1ccccc1,openff-2.2.1,2,1.0675752174394135,0.0002237298670528,1.07136,0.00027
29183,1463,dhmix_638869206909151198,308,EnthalpyOfMixing,<Substance OCCOCCO{solv}{x=0.765800}|OCc1ccccc1{solv}{x=0.234200}>,OCCOCCO,OCc1ccccc1,openff-2.2.1,2,-0.5645460768207755,0.0693463545357061,-0.3712,0.0073
29184,1464,dhmix_884415658126351430,309,EnthalpyOfMixing,<Substance OCCOCCO{solv}{x=0.266500}|OCc1ccccc1{solv}{x=0.733500}>,OCCOCCO,OCc1ccccc1,openff-2.2.1,2,-0.4352321967450763,0.056828957182375,-0.4216,0.0081
29185,1465,dhmix_925385148369690502,310,EnthalpyOfMixing,<Substance OCCOCCO{solv}{x=0.521600}|OCc1ccccc1{solv}{x=0.478400}>,OCCOCCO,OCc1ccccc1,openff-2.2.1,2,-0.4320505971920312,0.0445773232442625,-0.4574,0.00865
29186,1466,dens_1617133138157859384,311,Density,<Substance OCCOCCO{solv}{x=0.727700}|OCc1ccccc1{solv}{x=0.272300}>,OCCOCCO,OCc1ccccc1,openff-2.2.1,2,1.085324719611586,0.0002112056137752,1.0857000000000003,0.000275
29187,1467,dens_155791527624482863,312,Density,<Substance CC(C)CO{solv}{x=0.279300}|CCCCBr{solv}{x=0.720700}>,CC(C)CO,CCCCBr,openff-2.2.1,2,1.1019485817207928,0.0004147807894367,1.1339800000000002,0.000305
29188,1468,dhmix_549211977118470640,313,EnthalpyOfMixing,<Substance CC(C)CO{solv}{x=0.293800}|CCCCBr{solv}{x=0.706200}>,CC(C)CO,CCCCBr,openff-2.2.1,2,1.175853279700604,0.0420198497573396,1.248,0.0135
29189,1469,dens_692500675577783691,314,Density,<Substance CC(C)CO{solv}{x=0.793700}|CCCCBr{solv}{x=0.206300}>,CC(C)CO,CCCCBr,openff-2.2.1,2,0.8921519120461991,0.0003269896333282,0.8962800000000002,0.00021
29190,1470,dens_841415441417626311,315,Density,<Substance CC(C)CO{solv}{x=0.498900}|CCCCBr{solv}{x=0.501100}>,CC(C)CO,CCCCBr,openff-2.2.1,2,1.0175968117100094,0.0003614839950325,1.0366800000000005,0.000225
29191,1471,dhmix_1400807466047438160,316,EnthalpyOfMixing,<Substance CC(C)CO{solv}{x=0.499000}|CCCCBr{solv}{x=0.501000}>,CC(C)CO,CCCCBr,openff-2.2.1,2,1.1728933446617091,0.0346628175657128,1.207,0.013
29192,1472,dhmix_1959880980464917582,317,EnthalpyOfMixing,<Substance CC(C)CO{solv}{x=0.702100}|CCCCBr{solv}{x=0.297900}>,CC(C)CO,CCCCBr,openff-2.2.1,2,0.7570243696303791,0.0390411360746714,0.891,0.0095
29193,1473,dhmix_155924436295918663,318,EnthalpyOfMixing,<Substance OCCCO{solv}{x=0.501300}|O{solv}{x=0.498700}>,O,OCCCO,openff-2.2.1,2,0.5430737824018905,0.0320193798168847,-0.992,0.0125
29194,1474,dens_867859901093068556,319,Density,<Substance OCCCO{solv}{x=0.743700}|O{solv}{x=0.256300}>,O,OCCCO,openff-2.2.1,2,1.0505845815069963,1e-05,1.0503800000000003,0.00023
29195,1475,dhmix_2191722776959064631,320,EnthalpyOfMixing,<Substance OCCCO{solv}{x=0.743000}|O{solv}{x=0.257000}>,O,OCCCO,openff-2.2.1,2,0.0369936352468265,0.0407649030218942,-0.633,0.008
29196,1476,dhmix_2210594516320705991,321,EnthalpyOfMixing,<Substance OCCCO{solv}{x=0.208700}|O{solv}{x=0.791300}>,O,OCCCO,openff-2.2.1,2,0.4478810968728801,0.0203796857997932,-0.924,0.012
29197,1477,dens_2211391404402371237,322,Density,<Substance OCCCO{solv}{x=0.244700}|O{solv}{x=0.755300}>,O,OCCCO,openff-2.2.1,2,1.0233019645709684,1e-05,1.0381600000000004,0.00019
29198,1478,dens_2211609476735134421,323,Density,<Substance OCCCO{solv}{x=0.500000}|O{solv}{x=0.500000}>,O,OCCCO,openff-2.2.1,2,1.0411917322200284,1e-05,1.0492100000000002,0.000215
29199,1479,dhmix_156929898609376763,324,EnthalpyOfMixing,<Substance CN(C)CCCO{solv}{x=0.800100}|O{solv}{x=0.199900}>,CN(C)CCCO,O,openff-2.2.1,2,-0.6955944661433691,0.0556996943511287,-1.26,0.0135
29200,1480,dhmix_786210276753247951,325,EnthalpyOfMixing,<Substance CN(C)CCCO{solv}{x=0.199800}|O{solv}{x=0.800200}>,CN(C)CCCO,O,openff-2.2.1,2,-0.7160883117542003,0.0286974004040139,-2.514,0.027
29201,1481,dens_971674883336993154,326,Density,<Substance CN(C)CCCO{solv}{x=0.289504}|O{solv}{x=0.710496}>,CN(C)CCCO,O,openff-2.2.1,2,0.9282833067523638,0.0002668653249235,0.9443,0.00285
29202,1482,dhmix_1330584538745399524,327,EnthalpyOfMixing,<Substance CN(C)CCCO{solv}{x=0.501900}|O{solv}{x=0.498100}>,CN(C)CCCO,O,openff-2.2.1,2,-1.265665443198138,0.0456689248374057,-2.706,0.029
29203,1483,dens_1781759734173902013,328,Density,<Substance CN(C)CCCO{solv}{x=0.501300}|O{solv}{x=0.498700}>,CN(C)CCCO,O,openff-2.2.1,2,0.9165042066436698,0.0003781787965163,0.9170700000000004,8.000000000000002e-05
29204,1484,dens_2299157616447228221,329,Density,<Substance CN(C)CCCO{solv}{x=0.800600}|O{solv}{x=0.199400}>,CN(C)CCCO,O,openff-2.2.1,2,0.9004061239436928,0.0003312228708356,0.8915100000000002,9.500000000000002e-05
29205,1485,dhmix_157983773008192768,330,EnthalpyOfMixing,<Substance BrCCCBr{solv}{x=0.743200}|CCCCOC(=O)CCC{solv}{x=0.256800}>,BrCCCBr,CCCCOC(=O)CCC,openff-2.2.1,2,-0.3557723082125008,1.2720448105314533e-05,0.032,0.0005
29206,1486,dens_720277045338028885,331,Density,<Substance BrCCCBr{solv}{x=0.748700}|CCCCOC(=O)CCC{solv}{x=0.251300}>,BrCCCBr,CCCCOC(=O)CCC,openff-2.2.1,2,1.5387155028783586,1e-05,1.5786600000000004,0.00038
29207,1487,dens_933248802608751708,332,Density,<Substance BrCCCBr{solv}{x=0.529700}|CCCCOC(=O)CCC{solv}{x=0.470300}>,BrCCCBr,CCCCOC(=O)CCC,openff-2.2.1,2,1.2928779856309396,1e-05,1.3159400000000003,0.000255
29208,1488,dens_1048925802213854204,333,Density,<Substance BrCCCBr{solv}{x=0.259100}|CCCCOC(=O)CCC{solv}{x=0.740900}>,BrCCCBr,CCCCOC(=O)CCC,openff-2.2.1,2,1.047228262282086,1e-05,1.0598600000000002,0.000145
29209,1489,dhmix_1090642624443832057,334,EnthalpyOfMixing,<Substance BrCCCBr{solv}{x=0.241200}|CCCCOC(=O)CCC{solv}{x=0.758800}>,BrCCCBr,CCCCOC(=O)CCC,openff-2.2.1,2,-0.476365313235533,1.2783434593253882e-05,-0.094,0.001
29210,1490,dhmix_1649688325270115073,335,EnthalpyOfMixing,<Substance BrCCCBr{solv}{x=0.466700}|CCCCOC(=O)CCC{solv}{x=0.533300}>,BrCCCBr,CCCCOC(=O)CCC,openff-2.2.1,2,-0.4449902699264711,1.2256337136355218e-05,-0.091,0.001
29211,1491,dhmix_158101159957898775,336,EnthalpyOfMixing,<Substance CCCCCl{solv}{x=0.490000}|CN1CCCC1=O{solv}{x=0.510000}>,CCCCCl,CN1CCCC1=O,openff-2.2.1,2,0.6740404506668085,0.0400984502535829,0.152,0.002
29212,1492,dhmix_586880142396707079,337,EnthalpyOfMixing,<Substance CCCCCl{solv}{x=0.294000}|CN1CCCC1=O{solv}{x=0.706000}>,CCCCCl,CN1CCCC1=O,openff-2.2.1,2,0.6370984565931685,0.0435763345534112,0.145,0.002
29213,1493,dens_897975104490051322,338,Density,<Substance CCCCCl{solv}{x=0.296100}|CN1CCCC1=O{solv}{x=0.703900}>,CCCCCl,CN1CCCC1=O,openff-2.2.1,2,0.962916439552401,0.0002559767708679,0.9862000000000004,0.0001
29214,1494,dens_1393365907116297965,339,Density,<Substance CCCCCl{solv}{x=0.702600}|CN1CCCC1=O{solv}{x=0.297400}>,CCCCCl,CN1CCCC1=O,openff-2.2.1,2,0.9067384371565338,0.0002808456728843,0.9268000000000002,0.0001
29215,1495,dhmix_1769887717174104485,340,EnthalpyOfMixing,<Substance CCCCCl{solv}{x=0.787000}|CN1CCCC1=O{solv}{x=0.213000}>,CCCCCl,CN1CCCC1=O,openff-2.2.1,2,0.4550656979213983,0.0398978684776925,0.081,0.002
29216,1496,dens_2070183543451797213,341,Density,<Substance CCCCCl{solv}{x=0.494800}|CN1CCCC1=O{solv}{x=0.505200}>,CCCCCl,CN1CCCC1=O,openff-2.2.1,2,0.936439497845958,0.0001873099004176,0.9575000000000002,0.0001
29217,1497,dens_164369774990422412,342,Density,<Substance CC(C)O{solv}{x=0.764900}|CCOC=O{solv}{x=0.235100}>,CC(C)O,CCOC=O,openff-2.2.1,2,0.8290394002288505,1e-05,0.8088000000000002,0.00035
29218,1498,dens_200561035496770448,343,Density,<Substance CC(C)O{solv}{x=0.265100}|CCOC=O{solv}{x=0.734900}>,CC(C)O,CCOC=O,openff-2.2.1,2,0.9001524772622429,1e-05,0.8710000000000002,0.0003
29219,1499,dens_1124622586228643363,344,Density,<Substance CC(C)O{solv}{x=0.441300}|CCOC=O{solv}{x=0.558700}>,CC(C)O,CCOC=O,openff-2.2.1,2,0.8746385321580467,1e-05,0.8482000000000003,0.00035
29220,1500,dens_166030075147825025,345,Density,<Substance Clc1ccccc1{solv}{x=0.467900}|c1ccccc1{solv}{x=0.532100}>,Clc1ccccc1,c1ccccc1,openff-2.2.1,2,0.976667768201362,0.0003201770984607,0.9877000000000002,0.00025
29221,1501,dens_796537469137871297,346,Density,<Substance Clc1ccccc1{solv}{x=0.735800}|c1ccccc1{solv}{x=0.264200}>,Clc1ccccc1,c1ccccc1,openff-2.2.1,2,1.0399142661828231,0.0002726352553397,1.0465000000000002,0.0002
29222,1502,dhmix_1485547099225054006,347,EnthalpyOfMixing,<Substance Clc1ccccc1{solv}{x=0.777700}|c1ccccc1{solv}{x=0.222300}>,Clc1ccccc1,c1ccccc1,openff-2.2.1,2,0.003004672789828,0.0396493773564378,-0.0036,0.0004
29223,1503,dhmix_1808283008183194060,348,EnthalpyOfMixing,<Substance Clc1ccccc1{solv}{x=0.225800}|c1ccccc1{solv}{x=0.774200}>,Clc1ccccc1,c1ccccc1,openff-2.2.1,2,-0.067238830444495,0.0406876998428621,-0.0046,0.0004
29224,1504,dhmix_2008892820486470381,349,EnthalpyOfMixing,<Substance Clc1ccccc1{solv}{x=0.466600}|c1ccccc1{solv}{x=0.533400}>,Clc1ccccc1,c1ccccc1,openff-2.2.1,2,-0.0442471422927752,0.0391186809254117,-0.0057,0.0004
29225,1505,dens_2142546524113318099,350,Density,<Substance Clc1ccccc1{solv}{x=0.293100}|c1ccccc1{solv}{x=0.706900}>,Clc1ccccc1,c1ccccc1,openff-2.2.1,2,0.9333133560933926,0.0002767372083478,0.9468000000000002,0.00025
29226,1506,dhmix_166527628917371560,351,EnthalpyOfMixing,<Substance CCCCCC(C)=O{solv}{x=0.500700}|CCCNCCC{solv}{x=0.499300}>,CCCCCC(C)=O,CCCNCCC,openff-2.2.1,2,-0.0808986839728049,0.0483982752709203,0.162,0.002
29227,1507,dhmix_181797488552739205,352,EnthalpyOfMixing,<Substance CCCCCC(C)=O{solv}{x=0.213200}|CCCNCCC{solv}{x=0.786800}>,CCCCCC(C)=O,CCCNCCC,openff-2.2.1,2,-0.0892925049658543,0.050492695594192,0.137,0.0015
29228,1508,dens_286521458049436805,353,Density,<Substance CCCCCC(C)=O{solv}{x=0.542700}|CCCNCCC{solv}{x=0.457300}>,CCCCCC(C)=O,CCCNCCC,openff-2.2.1,2,0.7667525906366923,0.0001723284424739,0.7766620000000002,0.0001215
29229,1509,dens_740930494074770103,354,Density,<Substance CCCCCC(C)=O{solv}{x=0.252600}|CCCNCCC{solv}{x=0.747400}>,CCCCCC(C)=O,CCCNCCC,openff-2.2.1,2,0.7478080808241996,0.0002156848663453,0.7540050000000001,0.0001215
29230,1510,dhmix_1180133264815330249,355,EnthalpyOfMixing,<Substance CCCCCC(C)=O{solv}{x=0.788000}|CCCNCCC{solv}{x=0.212000}>,CCCCCC(C)=O,CCCNCCC,openff-2.2.1,2,-0.0363283235007756,0.0517013428858297,0.088,0.001
29231,1511,dens_1237727796782189302,356,Density,<Substance CCCCCC(C)=O{solv}{x=0.741800}|CCCNCCC{solv}{x=0.258200}>,CCCCCC(C)=O,CCCNCCC,openff-2.2.1,2,0.7792228129632974,0.0001849784201285,0.7918920000000003,0.00012
29232,1512,dens_168376639142843665,357,Density,<Substance BrCCBr{solv}{x=0.084500}|CCOC(=O)CC{solv}{x=0.915500}>,BrCCBr,CCOC(=O)CC,openff-2.2.1,2,0.9624997395123778,0.0002712494697789,0.9671200000000002,0.001185
29233,1513,dhmix_897092526028522426,358,EnthalpyOfMixing,<Substance BrCCBr{solv}{x=0.753700}|CCOC(=O)CC{solv}{x=0.246300}>,BrCCBr,CCOC(=O)CC,openff-2.2.1,2,-0.4030992607749191,0.0361815260352625,0.0052,0.0008
29234,1514,dhmix_1078383344298013541,359,EnthalpyOfMixing,<Substance BrCCBr{solv}{x=0.084100}|CCOC(=O)CC{solv}{x=0.915900}>,BrCCBr,CCOC(=O)CC,openff-2.2.1,2,-0.1458742268929933,0.0432294423221446,-0.0683,0.0014
29235,1515,dhmix_1103515663691342839,360,EnthalpyOfMixing,<Substance BrCCBr{solv}{x=0.514000}|CCOC(=O)CC{solv}{x=0.486000}>,BrCCBr,CCOC(=O)CC,openff-2.2.1,2,-0.485496447736951,0.0402739727226584,-0.1259,0.00205
29236,1516,dens_1193015082780501702,361,Density,<Substance BrCCBr{solv}{x=0.484400}|CCOC(=O)CC{solv}{x=0.515600}>,BrCCBr,CCOC(=O)CC,openff-2.2.1,2,1.3969657961719706,0.0003951236101265,1.4136000000000002,0.001165
29237,1517,dens_1660732943693703463,362,Density,<Substance BrCCBr{solv}{x=0.714800}|CCOC(=O)CC{solv}{x=0.285200}>,BrCCBr,CCOC(=O)CC,openff-2.2.1,2,1.6916956644984995,0.0004708815128236,1.7205300000000003,0.000985
29238,1518,dens_172622055198885625,363,Density,<Substance CCCCOCCO{solv}{x=0.499500}|c1ccccc1{solv}{x=0.500500}>,CCCCOCCO,c1ccccc1,openff-2.2.1,2,0.8751900883339793,0.0002079343102842,0.8864700000000002,0.000795
29239,1519,dens_615182082919776992,364,Density,<Substance CCCCOCCO{solv}{x=0.753500}|c1ccccc1{solv}{x=0.246500}>,CCCCOCCO,c1ccccc1,openff-2.2.1,2,0.8830472522279577,0.0002292358548426,0.8924600000000003,0.00077
29240,1520,dens_1014762781474427089,365,Density,<Substance CCCCOCCO{solv}{x=0.248800}|c1ccccc1{solv}{x=0.751200}>,CCCCOCCO,c1ccccc1,openff-2.2.1,2,0.8658991765831708,0.0002799309958291,0.8790000000000002,0.00083
29241,1521,dhmix_1209838039340638454,366,EnthalpyOfMixing,<Substance CCCCOCCO{solv}{x=0.729700}|c1ccccc1{solv}{x=0.270300}>,CCCCOCCO,c1ccccc1,openff-2.2.1,2,0.3135851833740446,0.041244930557553,0.3037,0.00335
29242,1522,dhmix_1416395432810708431,367,EnthalpyOfMixing,<Substance CCCCOCCO{solv}{x=0.266500}|c1ccccc1{solv}{x=0.733500}>,CCCCOCCO,c1ccccc1,openff-2.2.1,2,0.5846337741111824,0.0389699397161639,0.6895,0.00745
29243,1523,dhmix_1775479338186698605,368,EnthalpyOfMixing,<Substance CCCCOCCO{solv}{x=0.503000}|c1ccccc1{solv}{x=0.497000}>,CCCCOCCO,c1ccccc1,openff-2.2.1,2,0.3973000246496099,0.0453660244530692,0.5563,0.00605
29244,1524,dens_173950346939686352,369,Density,<Substance CCOC(=O)CC(=O)OCC{solv}{x=0.797800}|CO{solv}{x=0.202200}>,CCOC(=O)CC(=O)OCC,CO,openff-2.2.1,2,1.0423128965213877,0.0002107732050847,1.0336070000000002,0.0001155
29245,1525,dhmix_796570713446660029,370,EnthalpyOfMixing,<Substance CCOC(=O)CC(=O)OCC{solv}{x=0.745300}|CO{solv}{x=0.254700}>,CCOC(=O)CC(=O)OCC,CO,openff-2.2.1,2,0.7300189307001972,0.0481172841901484,1.184,0.013
29246,1526,dhmix_1053189657313504079,371,EnthalpyOfMixing,<Substance CCOC(=O)CC(=O)OCC{solv}{x=0.499300}|CO{solv}{x=0.500700}>,CCOC(=O)CC(=O)OCC,CO,openff-2.2.1,2,1.1245191542606676,0.0423380555839285,1.426,0.0155
29247,1527,dens_1109796780897697143,372,Density,<Substance CCOC(=O)CC(=O)OCC{solv}{x=0.500400}|CO{solv}{x=0.499600}>,CCOC(=O)CC(=O)OCC,CO,openff-2.2.1,2,1.0008508840774193,0.0002071616994825,0.9962350000000002,9.150000000000002e-05
29248,1528,dens_1145191816882985532,373,Density,<Substance CCOC(=O)CC(=O)OCC{solv}{x=0.250100}|CO{solv}{x=0.749900}>,CCOC(=O)CC(=O)OCC,CO,openff-2.2.1,2,0.9322982089475572,0.0003059667917073,0.9355040000000002,0.0001385
29249,1529,dhmix_1394433819711651760,374,EnthalpyOfMixing,<Substance CCOC(=O)CC(=O)OCC{solv}{x=0.251500}|CO{solv}{x=0.748500}>,CCOC(=O)CC(=O)OCC,CO,openff-2.2.1,2,0.9535799279810676,0.0343060241416651,1.083,0.0115
29250,1530,dhmix_176700813960387714,375,EnthalpyOfMixing,<Substance CC(=O)N(C)C{solv}{x=0.211000}|ClCCCCCl{solv}{x=0.789000}>,CC(=O)N(C)C,ClCCCCCl,openff-2.2.1,2,0.0369964182159492,0.0418128994739884,-0.188,0.0025
29251,1531,dhmix_422276068008732896,376,EnthalpyOfMixing,<Substance CC(=O)N(C)C{solv}{x=0.506000}|ClCCCCCl{solv}{x=0.494000}>,CC(=O)N(C)C,ClCCCCCl,openff-2.2.1,2,0.089404465856095,0.0438933901207699,-0.314,0.0025
29252,1532,dhmix_591740475541975327,377,EnthalpyOfMixing,<Substance CC(=O)N(C)C{solv}{x=0.705000}|ClCCCCCl{solv}{x=0.295000}>,CC(=O)N(C)C,ClCCCCCl,openff-2.2.1,2,0.1099047885342763,0.0406250547856564,-0.281,0.0025
29253,1533,dens_600718364672681210,378,Density,<Substance CC(=O)N(C)C{solv}{x=0.200100}|ClCCCCCl{solv}{x=0.799900}>,CC(=O)N(C)C,ClCCCCCl,openff-2.2.1,2,1.07872568911416,0.0002912014618437,1.0978,0.0023
29254,1534,dens_833309518494254389,379,Density,<Substance CC(=O)N(C)C{solv}{x=0.698700}|ClCCCCCl{solv}{x=0.301300}>,CC(=O)N(C)C,ClCCCCCl,openff-2.2.1,2,0.9715946747550276,0.0002377752796429,1.0011000000000003,0.0023
29255,1535,dens_1473570029953486090,380,Density,<Substance CC(=O)N(C)C{solv}{x=0.500900}|ClCCCCCl{solv}{x=0.499100}>,CC(=O)N(C)C,ClCCCCCl,openff-2.2.1,2,1.016232496847283,0.0002935838812285,1.0407000000000004,0.00225
29256,1536,dens_176740025668330569,381,Density,<Substance C1CCCCC1{solv}{x=0.499400}|C1COCCO1{solv}{x=0.500600}>,C1CCCCC1,C1COCCO1,openff-2.2.1,2,0.866902423453116,0.000177038709885,0.8769800000000002,8.500000000000002e-05
29257,1537,dens_476825312331327209,382,Density,<Substance C1CCCCC1{solv}{x=0.297200}|C1COCCO1{solv}{x=0.702800}>,C1CCCCC1,C1COCCO1,openff-2.2.1,2,0.9257529813096176,0.0002031380646717,0.9312200000000004,7.000000000000002e-05
29258,1538,dens_985438980823024302,383,Density,<Substance C1CCCCC1{solv}{x=0.699700}|C1COCCO1{solv}{x=0.300300}>,C1CCCCC1,C1COCCO1,openff-2.2.1,2,0.8147906588947555,0.0002650421530624,0.8305800000000002,0.0001
29259,1539,dhmix_1624213860575299641,384,EnthalpyOfMixing,<Substance C1CCCCC1{solv}{x=0.492800}|C1COCCO1{solv}{x=0.507200}>,C1CCCCC1,C1COCCO1,openff-2.2.1,2,2.007295151177871,0.0393401141762412,1.588,0.008
29260,1540,dhmix_1900199136965747019,385,EnthalpyOfMixing,<Substance C1CCCCC1{solv}{x=0.239400}|C1COCCO1{solv}{x=0.760600}>,C1CCCCC1,C1COCCO1,openff-2.2.1,2,1.3548614641222798,0.0456991228654307,1.124,0.007
29261,1541,dhmix_2022274493214392184,386,EnthalpyOfMixing,<Substance C1CCCCC1{solv}{x=0.744200}|C1COCCO1{solv}{x=0.255800}>,C1CCCCC1,C1COCCO1,openff-2.2.1,2,1.631897410019377,0.0431421434645785,1.262,0.007
29262,1542,dhmix_182795551078530810,387,EnthalpyOfMixing,<Substance C1COCCO1{solv}{x=0.491200}|Cc1ccccc1Cl{solv}{x=0.508800}>,C1COCCO1,Cc1ccccc1Cl,openff-2.2.1,2,0.3336006845500066,0.0423818696309265,0.356,0.002
29263,1543,dens_242592003865933955,388,Density,<Substance C1COCCO1{solv}{x=0.835700}|Cc1ccccc1Cl{solv}{x=0.164300}>,C1COCCO1,Cc1ccccc1Cl,openff-2.2.1,2,1.0257507992154642,0.0001862452401792,1.0256,0.0005
29264,1544,dens_810150133181620718,389,Density,<Substance C1COCCO1{solv}{x=0.513600}|Cc1ccccc1Cl{solv}{x=0.486400}>,C1COCCO1,Cc1ccccc1Cl,openff-2.2.1,2,1.0513084150201644,0.0002178460951112,1.0536,0.0005
29265,1545,dhmix_1949119093643648586,390,EnthalpyOfMixing,<Substance C1COCCO1{solv}{x=0.246200}|Cc1ccccc1Cl{solv}{x=0.753800}>,C1COCCO1,Cc1ccccc1Cl,openff-2.2.1,2,0.1920681833345838,0.0427979609539393,0.206,0.001
29266,1546,dens_2161584607380261748,391,Density,<Substance C1COCCO1{solv}{x=0.226300}|Cc1ccccc1Cl{solv}{x=0.773700}>,C1COCCO1,Cc1ccccc1Cl,openff-2.2.1,2,1.061833761910139,0.0002204405771146,1.0674000000000003,0.0005
29267,1547,dhmix_2190589845176325501,392,EnthalpyOfMixing,<Substance C1COCCO1{solv}{x=0.835700}|Cc1ccccc1Cl{solv}{x=0.164300}>,C1COCCO1,Cc1ccccc1Cl,openff-2.2.1,2,0.1668449124722144,0.0440586686896939,0.244,0.0015
29268,1548,dens_194492664772262961,393,Density,<Substance CCCOC=O{solv}{x=0.479500}|ClCCCl{solv}{x=0.520500}>,CCCOC=O,ClCCCl,openff-2.2.1,2,1.0600976693433335,0.0003327067948953,1.0603100000000003,0.00196
29269,1549,dhmix_438833720470542962,394,EnthalpyOfMixing,<Substance CCCOC=O{solv}{x=0.738500}|ClCCCl{solv}{x=0.261500}>,CCCOC=O,ClCCCl,openff-2.2.1,2,-0.0354977694931619,0.0408195988142035,-0.205,0.0025
29270,1550,dens_598528978367940263,395,Density,<Substance CCCOC=O{solv}{x=0.254300}|ClCCCl{solv}{x=0.745700}>,CCCOC=O,ClCCCl,openff-2.2.1,2,1.1288510810475714,0.0003566745571279,1.1418800000000005,0.002835
29271,1551,dens_822197650497048256,396,Density,<Substance CCCOC=O{solv}{x=0.728100}|ClCCCl{solv}{x=0.271900}>,CCCOC=O,ClCCCl,openff-2.2.1,2,0.9876975904813714,0.0002743677976579,0.9794600000000002,0.001275
29272,1552,dhmix_1971772628311560569,397,EnthalpyOfMixing,<Substance CCCOC=O{solv}{x=0.503500}|ClCCCl{solv}{x=0.496500}>,CCCOC=O,ClCCCl,openff-2.2.1,2,0.1428386051935355,0.0331838226995719,-0.254,0.003
29273,1553,dhmix_2087301877194561078,398,EnthalpyOfMixing,<Substance CCCOC=O{solv}{x=0.273300}|ClCCCl{solv}{x=0.726700}>,CCCOC=O,ClCCCl,openff-2.2.1,2,0.0718852417046775,0.0343775495961103,-0.154,0.002
29274,1554,dens_196547737404430199,399,Density,<Substance CCC(C)(C)O{solv}{x=0.258400}|CCO{solv}{x=0.741600}>,CCC(C)(C)O,CCO,openff-2.2.1,2,0.7986738224733574,0.0002318560304771,0.7933000000000001,0.0005
29275,1555,dens_476512869308734578,400,Density,<Substance CCC(C)(C)O{solv}{x=0.549500}|CCO{solv}{x=0.450500}>,CCC(C)(C)O,CCO,openff-2.2.1,2,0.8113317109392554,0.0002630732706828,0.8018000000000002,0.0005
29276,1556,dens_822446541953482206,401,Density,<Substance CCC(C)(C)O{solv}{x=0.676500}|CCO{solv}{x=0.323500}>,CCC(C)(C)O,CCO,openff-2.2.1,2,0.8143119589139969,0.0002993047374852,0.8048000000000002,0.0005
29277,1557,dhmix_935690434592096067,402,EnthalpyOfMixing,<Substance CCC(C)(C)O{solv}{x=0.460700}|CCO{solv}{x=0.539300}>,CCC(C)(C)O,CCO,openff-2.2.1,2,-0.8635434001191933,0.0386272662582528,-0.95,0.00405
29278,1558,dhmix_1167190373485301023,403,EnthalpyOfMixing,<Substance CCC(C)(C)O{solv}{x=0.730600}|CCO{solv}{x=0.269400}>,CCC(C)(C)O,CCO,openff-2.2.1,2,-0.8284162607739016,0.0407557926166527,-0.7709,0.00335
29279,1559,dhmix_1275914601266938667,404,EnthalpyOfMixing,<Substance CCC(C)(C)O{solv}{x=0.280700}|CCO{solv}{x=0.719300}>,CCC(C)(C)O,CCO,openff-2.2.1,2,-0.5690144812868789,0.0370814387928642,-0.7056,0.0031
29280,1560,dens_196896428021674416,405,Density,<Substance OCCCCO{solv}{x=0.250400}|O{solv}{x=0.749600}>,O,OCCCCO,openff-2.2.1,2,1.0045108243023155,1e-05,1.0206500000000005,0.000165
29281,1561,dhmix_204758826312645465,406,EnthalpyOfMixing,<Substance OCCCCO{solv}{x=0.498600}|O{solv}{x=0.501400}>,O,OCCCCO,openff-2.2.1,2,0.3606525161130864,0.0448571512394675,-0.882,0.011
29282,1562,dens_523660418548538159,407,Density,<Substance OCCCCO{solv}{x=0.502000}|O{solv}{x=0.498000}>,O,OCCCCO,openff-2.2.1,2,1.0132842935090929,1e-05,1.0207100000000002,0.000175
29283,1563,dhmix_1424462945700338266,408,EnthalpyOfMixing,<Substance OCCCCO{solv}{x=0.794700}|O{solv}{x=0.205300}>,O,OCCCCO,openff-2.2.1,2,0.583461225842715,0.0594272673265274,-0.513,0.007
29284,1564,dhmix_2166372532060643622,409,EnthalpyOfMixing,<Substance OCCCCO{solv}{x=0.265800}|O{solv}{x=0.734200}>,O,OCCCCO,openff-2.2.1,2,0.6376666419009176,0.0286635421744906,-0.896,0.0115
29285,1565,dens_2215793475715067258,410,Density,<Substance OCCCCO{solv}{x=0.752800}|O{solv}{x=0.247200}>,O,OCCCCO,openff-2.2.1,2,1.016435100454615,1e-05,1.0165900000000003,0.00018
29286,1566,dhmix_199788824133179829,411,EnthalpyOfMixing,<Substance CNc1ccccc1{solv}{x=0.497300}|Cc1ccccc1{solv}{x=0.502700}>,CNc1ccccc1,Cc1ccccc1,openff-2.2.1,2,0.7795523692607347,0.0376047037730051,0.497,0.0055
29287,1567,dens_515118724178190757,412,Density,<Substance CNc1ccccc1{solv}{x=0.740700}|Cc1ccccc1{solv}{x=0.259300}>,CNc1ccccc1,Cc1ccccc1,openff-2.2.1,2,0.950977567125644,0.0001862451927329,0.9531280000000004,0.0002595
29288,1568,dens_730775902780400634,413,Density,<Substance CNc1ccccc1{solv}{x=0.245200}|Cc1ccccc1{solv}{x=0.754800}>,CNc1ccccc1,Cc1ccccc1,openff-2.2.1,2,0.8803775769164225,0.0002164196957584,0.8935250000000002,0.000118
29289,1569,dhmix_1213795502778853356,414,EnthalpyOfMixing,<Substance CNc1ccccc1{solv}{x=0.295200}|Cc1ccccc1{solv}{x=0.704800}>,CNc1ccccc1,Cc1ccccc1,openff-2.2.1,2,0.8848824804532143,0.0412390060046392,0.459,0.005
29290,1570,dhmix_1321810550349826496,415,EnthalpyOfMixing,<Substance CNc1ccccc1{solv}{x=0.789200}|Cc1ccccc1{solv}{x=0.210800}>,CNc1ccccc1,Cc1ccccc1,openff-2.2.1,2,0.5393878349854404,0.0492091401801288,0.287,0.003
29291,1571,dens_2156484405108449314,416,Density,<Substance CNc1ccccc1{solv}{x=0.490000}|Cc1ccccc1{solv}{x=0.510000}>,CNc1ccccc1,Cc1ccccc1,openff-2.2.1,2,0.915259869316042,0.0002212547325562,0.9235800000000004,0.000164
29292,1572,dens_199829369486957606,417,Density,<Substance CC#N{solv}{x=0.200300}|c1ccccc1{solv}{x=0.799700}>,CC#N,c1ccccc1,openff-2.2.1,2,0.8465995381714713,0.0002865067988905,0.8623400000000002,7.000000000000002e-05
29293,1573,dhmix_217315956534335620,418,EnthalpyOfMixing,<Substance CC#N{solv}{x=0.771500}|c1ccccc1{solv}{x=0.228500}>,CC#N,c1ccccc1,openff-2.2.1,2,0.0062238433790362,0.0320748269412195,0.3988,0.00815
29294,1574,dhmix_730497723685339496,419,EnthalpyOfMixing,<Substance CC#N{solv}{x=0.219600}|c1ccccc1{solv}{x=0.780400}>,CC#N,c1ccccc1,openff-2.2.1,2,-0.0321096303607362,0.036995742944143,0.2399,0.00495
29295,1575,dhmix_1038591828122641798,420,EnthalpyOfMixing,<Substance CC#N{solv}{x=0.529500}|c1ccccc1{solv}{x=0.470500}>,CC#N,c1ccccc1,openff-2.2.1,2,-0.0275479835962908,0.0306486675351115,0.4415,0.00905
29296,1576,dens_1457706963514561052,421,Density,<Substance CC#N{solv}{x=0.500100}|c1ccccc1{solv}{x=0.499900}>,CC#N,c1ccccc1,openff-2.2.1,2,0.8280228361403265,0.0002608122364502,0.8384600000000002,7.500000000000002e-05
29297,1577,dens_2111393000623474162,422,Density,<Substance CC#N{solv}{x=0.700200}|c1ccccc1{solv}{x=0.299800}>,CC#N,c1ccccc1,openff-2.2.1,2,0.8105879084179448,0.000292963670809,0.8174500000000002,7.500000000000002e-05
29298,1578,dens_201591193434833206,423,Density,<Substance CC(C)CC(C)(C)C{solv}{x=0.082400}|CCO{solv}{x=0.917600}>,CC(C)CC(C)(C)C,CCO,openff-2.2.1,2,0.7593475538274451,0.0003096503039101,0.7605800000000003,0.000125
29299,1579,dhmix_371477530823830451,424,EnthalpyOfMixing,<Substance CC(C)CC(C)(C)C{solv}{x=0.761700}|CCO{solv}{x=0.238300}>,CC(C)CC(C)(C)C,CCO,openff-2.2.1,2,0.8357149936174437,0.0534066989086245,0.634022,0.006851
29300,1580,dhmix_1127868571780691876,425,EnthalpyOfMixing,<Substance CC(C)CC(C)(C)C{solv}{x=0.515800}|CCO{solv}{x=0.484200}>,CC(C)CC(C)(C)C,CCO,openff-2.2.1,2,0.8679083097604092,0.0416979506399481,0.638973,0.006903
29301,1581,dens_1250915879314267304,426,Density,<Substance CC(C)CC(C)(C)C{solv}{x=0.493740}|CCO{solv}{x=0.506260}>,CC(C)CC(C)(C)C,CCO,openff-2.2.1,2,0.7208678012055282,0.0002446799649976,0.7110500000000001,7.500000000000002e-05
29302,1582,dens_1473791133383705310,427,Density,<Substance CC(C)CC(C)(C)C{solv}{x=0.735960}|CCO{solv}{x=0.264040}>,CC(C)CC(C)(C)C,CCO,openff-2.2.1,2,0.7095705722897401,0.0002137463653973,0.6967900000000001,7.500000000000002e-05
29303,1583,dhmix_1870637719976274804,428,EnthalpyOfMixing,<Substance CC(C)CC(C)(C)C{solv}{x=0.081500}|CCO{solv}{x=0.918500}>,CC(C)CC(C)(C)C,CCO,openff-2.2.1,2,0.355826440285373,0.0367841076649964,0.197762,0.0022405
29304,1584,dens_202472488934755108,429,Density,<Substance CCC#N{solv}{x=0.301800}|CCOC(C)(C)C{solv}{x=0.698200}>,CCC#N,CCOC(C)(C)C,openff-2.2.1,2,0.7555586811138034,0.0002432746188371,0.7455000000000002,0.0002
29305,1585,dens_266175665931869051,430,Density,<Substance CCC#N{solv}{x=0.701400}|CCOC(C)(C)C{solv}{x=0.298600}>,CCC#N,CCOC(C)(C)C,openff-2.2.1,2,0.7673096599760497,0.0002677068811914,0.7617000000000003,0.00035
29306,1586,dhmix_801664072836508009,431,EnthalpyOfMixing,<Substance CCC#N{solv}{x=0.301800}|CCOC(C)(C)C{solv}{x=0.698200}>,CCC#N,CCOC(C)(C)C,openff-2.2.1,2,0.1178318872844705,0.0435517152826861,0.4557,0.0062
29307,1587,dhmix_1220778152018571786,432,EnthalpyOfMixing,<Substance CCC#N{solv}{x=0.501400}|CCOC(C)(C)C{solv}{x=0.498600}>,CCC#N,CCOC(C)(C)C,openff-2.2.1,2,0.2399560240367151,0.0397325202665263,0.5053,0.00685
29308,1588,dhmix_1838699488178562925,433,EnthalpyOfMixing,<Substance CCC#N{solv}{x=0.701400}|CCOC(C)(C)C{solv}{x=0.298600}>,CCC#N,CCOC(C)(C)C,openff-2.2.1,2,0.2021956603961623,0.037416456840505,0.4078,0.0056
29309,1589,dens_1870081876609026392,434,Density,<Substance CCC#N{solv}{x=0.501400}|CCOC(C)(C)C{solv}{x=0.498600}>,CCC#N,CCOC(C)(C)C,openff-2.2.1,2,0.7606123146303974,0.0002427138423496,0.7532000000000002,0.0003
29310,1590,dens_205210513551931414,435,Density,<Substance CCCC#N{solv}{x=0.200000}|c1ccccc1{solv}{x=0.800000}>,CCCC#N,c1ccccc1,openff-2.2.1,2,0.8418051688452703,0.0002818614106803,0.8576940000000002,5.400000000000001e-05
29311,1591,dens_841576887891022329,436,Density,<Substance CCCC#N{solv}{x=0.500000}|c1ccccc1{solv}{x=0.500000}>,CCCC#N,c1ccccc1,openff-2.2.1,2,0.8201267811203079,0.0002661851901744,0.8318550000000002,5.8000000000000014e-05
29312,1592,dhmix_901910638840590393,437,EnthalpyOfMixing,<Substance CCCC#N{solv}{x=0.503700}|c1ccccc1{solv}{x=0.496300}>,CCCC#N,c1ccccc1,openff-2.2.1,2,-0.1094794283334579,0.0341617979069513,-0.0659,0.00145
29313,1593,dhmix_1123099162248680479,438,EnthalpyOfMixing,<Substance CCCC#N{solv}{x=0.752800}|c1ccccc1{solv}{x=0.247200}>,CCCC#N,c1ccccc1,openff-2.2.1,2,-0.0326385303709741,0.0365596706467373,-0.0312,0.0008
29314,1594,dhmix_1318990508180847616,439,EnthalpyOfMixing,<Substance CCCC#N{solv}{x=0.252800}|c1ccccc1{solv}{x=0.747200}>,CCCC#N,c1ccccc1,openff-2.2.1,2,-0.0789178588588583,0.0370492799498183,-0.0571,0.00125
29315,1595,dens_1950627772023797339,440,Density,<Substance CCCC#N{solv}{x=0.700000}|c1ccccc1{solv}{x=0.300000}>,CCCC#N,c1ccccc1,openff-2.2.1,2,0.8061859779095824,0.0002398821920135,0.8138540000000002,6.100000000000001e-05
29316,1596,dhmix_207411229673186667,441,EnthalpyOfMixing,<Substance CC(C)(C)Cl{solv}{x=0.774700}|CC(C)OC(C)C{solv}{x=0.225300}>,CC(C)(C)Cl,CC(C)OC(C)C,openff-2.2.1,2,-0.0346335826357915,0.0395584745655095,0.0035,0.0004
29317,1597,dhmix_263164663491745943,442,EnthalpyOfMixing,<Substance CC(C)(C)Cl{solv}{x=0.551200}|CC(C)OC(C)C{solv}{x=0.448800}>,CC(C)(C)Cl,CC(C)OC(C)C,openff-2.2.1,2,-0.0960287417291922,0.0406847905393642,0.0071,0.0004
29318,1598,dens_1527979990628499053,443,Density,<Substance CC(C)(C)Cl{solv}{x=0.514800}|CC(C)OC(C)C{solv}{x=0.485200}>,CC(C)(C)Cl,CC(C)OC(C)C,openff-2.2.1,2,0.7891560696195941,0.0002978372998098,0.7723510000000002,0.00042
29319,1599,dens_1616242241384486673,444,Density,<Substance CC(C)(C)Cl{solv}{x=0.715200}|CC(C)OC(C)C{solv}{x=0.284800}>,CC(C)(C)Cl,CC(C)OC(C)C,openff-2.2.1,2,0.814684510854183,0.0002805501652304,0.7971450000000002,0.0003945
29320,1600,dens_2075469437997722238,445,Density,<Substance CC(C)(C)Cl{solv}{x=0.199100}|CC(C)OC(C)C{solv}{x=0.800900}>,CC(C)(C)Cl,CC(C)OC(C)C,openff-2.2.1,2,0.7522145934148075,0.0002268651151833,0.7376660000000003,0.0004545
29321,1601,dhmix_2101531043492089277,446,EnthalpyOfMixing,<Substance CC(C)(C)Cl{solv}{x=0.219200}|CC(C)OC(C)C{solv}{x=0.780800}>,CC(C)(C)Cl,CC(C)OC(C)C,openff-2.2.1,2,-0.109700226903513,0.046930374557565,0.007,0.0004
29322,1602,dens_210389881425986721,447,Density,<Substance C1COCO1{solv}{x=0.785000}|CCCCCC(C)=O{solv}{x=0.215000}>,C1COCO1,CCCCCC(C)=O,openff-2.2.1,2,0.984288165709494,0.0002488381789198,0.9696500000000002,0.0003
29323,1603,dhmix_503329310014436107,448,EnthalpyOfMixing,<Substance C1COCO1{solv}{x=0.750000}|CCCCCC(C)=O{solv}{x=0.250000}>,C1COCO1,CCCCCC(C)=O,openff-2.2.1,2,0.5249791466605274,0.0383096789522881,0.37402,0.001955
29324,1604,dens_824084186033535550,449,Density,<Substance C1COCO1{solv}{x=0.507100}|CCCCCC(C)=O{solv}{x=0.492900}>,C1COCO1,CCCCCC(C)=O,openff-2.2.1,2,0.892760783215063,0.0002126261312969,0.8936300000000003,0.00034
29325,1605,dens_839548343309182157,450,Density,<Substance C1COCO1{solv}{x=0.244000}|CCCCCC(C)=O{solv}{x=0.756000}>,C1COCO1,CCCCCC(C)=O,openff-2.2.1,2,0.8347228455260616,0.0002179461749081,0.8445200000000002,0.00038
29326,1606,dhmix_1519451899562488304,451,EnthalpyOfMixing,<Substance C1COCO1{solv}{x=0.250000}|CCCCCC(C)=O{solv}{x=0.750000}>,C1COCO1,CCCCCC(C)=O,openff-2.2.1,2,0.3894511451655305,0.0451864210563362,0.2754,0.00155
29327,1607,dhmix_1874814461447958752,452,EnthalpyOfMixing,<Substance C1COCO1{solv}{x=0.500000}|CCCCCC(C)=O{solv}{x=0.500000}>,C1COCO1,CCCCCC(C)=O,openff-2.2.1,2,0.5233523532966089,0.0428204048179197,0.43148,0.00217
29328,1608,dhmix_219236717194413479,453,EnthalpyOfMixing,<Substance CCOc1ccccc1{solv}{x=0.762500}|OCCCc1ccccc1{solv}{x=0.237500}>,CCOc1ccccc1,OCCCc1ccccc1,openff-2.2.1,2,0.9757222894929924,0.050858320063676,1.1164,0.01195
29329,1609,dens_391027492102555874,454,Density,<Substance CCOc1ccccc1{solv}{x=0.515000}|OCCCc1ccccc1{solv}{x=0.485000}>,CCOc1ccccc1,OCCCc1ccccc1,openff-2.2.1,2,0.9597272331018792,0.000178144426188,0.9715100000000002,0.00026
29330,1610,dens_603450583692592837,455,Density,<Substance CCOc1ccccc1{solv}{x=0.707400}|OCCCc1ccccc1{solv}{x=0.292600}>,CCOc1ccccc1,OCCCc1ccccc1,openff-2.2.1,2,0.9521256587161216,0.0001831589843171,0.9634300000000002,0.00026
29331,1611,dhmix_1297428070131435744,456,EnthalpyOfMixing,<Substance CCOc1ccccc1{solv}{x=0.516900}|OCCCc1ccccc1{solv}{x=0.483100}>,CCOc1ccccc1,OCCCc1ccccc1,openff-2.2.1,2,0.930497565492402,0.0550950371349494,0.989,0.0106
29332,1612,dens_1659818614169719187,457,Density,<Substance CCOc1ccccc1{solv}{x=0.216400}|OCCCc1ccccc1{solv}{x=0.783600}>,CCOc1ccccc1,OCCCc1ccccc1,openff-2.2.1,2,0.9706701079190592,0.0002669334500062,0.9832000000000004,0.00026
29333,1613,dhmix_2058966624473104004,458,EnthalpyOfMixing,<Substance CCOc1ccccc1{solv}{x=0.262900}|OCCCc1ccccc1{solv}{x=0.737100}>,CCOc1ccccc1,OCCCc1ccccc1,openff-2.2.1,2,0.562640378524975,0.0544026345206123,0.7,0.00755
29334,1614,dhmix_224977805525763267,459,EnthalpyOfMixing,<Substance OCCO{solv}{x=0.519300}|O{solv}{x=0.480700}>,O,OCCO,openff-2.2.1,2,0.1207934159557773,0.0287544644455355,-0.64,0.0035
29335,1615,dhmix_454389511592218960,460,EnthalpyOfMixing,<Substance OCCO{solv}{x=0.790900}|O{solv}{x=0.209100}>,O,OCCO,openff-2.2.1,2,-0.0367463259725155,0.0530712274822589,-0.347,0.0025
29336,1616,dens_624011570206871166,461,Density,<Substance OCCO{solv}{x=0.500560}|O{solv}{x=0.499440}>,O,OCCO,openff-2.2.1,2,1.0869356018606326,0.0003615160214155,1.0923200000000002,0.0005
29337,1617,dhmix_997365299263661959,462,EnthalpyOfMixing,<Substance OCCO{solv}{x=0.205100}|O{solv}{x=0.794900}>,O,OCCO,openff-2.2.1,2,0.2424555433500863,0.0261081671636006,-0.681,0.004
29338,1618,dens_1521229282261002740,463,Density,<Substance OCCO{solv}{x=0.299010}|O{solv}{x=0.700990}>,O,OCCO,openff-2.2.1,2,1.0635019874629632,1e-05,1.0735400000000002,0.0005
29339,1619,dens_2015496231826454735,464,Density,<Substance OCCO{solv}{x=0.706260}|O{solv}{x=0.293740}>,O,OCCO,openff-2.2.1,2,1.1046510449288702,0.0003322619916192,1.1022400000000003,0.0005
29340,1620,dhmix_230261418136264651,465,EnthalpyOfMixing,<Substance CCCCOC(C)=O{solv}{x=0.700700}|CCOC(C)=O{solv}{x=0.299300}>,CCCCOC(C)=O,CCOC(C)=O,openff-2.2.1,2,0.1206348870606781,0.04657561330111,0.0594,0.001
29341,1621,dhmix_287092636460772443,466,EnthalpyOfMixing,<Substance CCCCOC(C)=O{solv}{x=0.501800}|CCOC(C)=O{solv}{x=0.498200}>,CCCCOC(C)=O,CCOC(C)=O,openff-2.2.1,2,0.0295407328778338,0.0408773244480856,0.076,0.0012
29342,1622,dens_436289636626232396,467,Density,<Substance CCCCOC(C)=O{solv}{x=0.501800}|CCOC(C)=O{solv}{x=0.498200}>,CCCCOC(C)=O,CCOC(C)=O,openff-2.2.1,2,0.8862840558111391,0.0002022205298451,0.8829000000000002,0.0002
29343,1623,dens_1739528506032569134,468,Density,<Substance CCCCOC(C)=O{solv}{x=0.201200}|CCOC(C)=O{solv}{x=0.798800}>,CCCCOC(C)=O,CCOC(C)=O,openff-2.2.1,2,0.8929416625842517,0.0002456125501927,0.8889000000000001,0.0002
29344,1624,dhmix_1951544232160779982,469,EnthalpyOfMixing,<Substance CCCCOC(C)=O{solv}{x=0.201200}|CCOC(C)=O{solv}{x=0.798800}>,CCCCOC(C)=O,CCOC(C)=O,openff-2.2.1,2,0.0275265067345742,0.0392746243540013,0.0524,0.0009
29345,1625,dens_2199004103648094822,470,Density,<Substance CCCCOC(C)=O{solv}{x=0.700700}|CCOC(C)=O{solv}{x=0.299300}>,CCCCOC(C)=O,CCOC(C)=O,openff-2.2.1,2,0.8823968752574465,0.0002149598324388,0.8797000000000003,0.0002
29346,1626,dens_230610561971140401,471,Density,<Substance CN(C)CCO{solv}{x=0.507700}|O{solv}{x=0.492300}>,CN(C)CCO,O,openff-2.2.1,2,0.9156365046242924,0.0003261660308076,0.9237220000000002,0.000504
29347,1627,dens_531222131704065782,472,Density,<Substance CN(C)CCO{solv}{x=0.765200}|O{solv}{x=0.234800}>,CN(C)CCO,O,openff-2.2.1,2,0.898868003668162,0.0002218923085573,0.8989030000000002,0.0005805
29348,1628,dhmix_569544738684419327,473,EnthalpyOfMixing,<Substance CN(C)CCO{solv}{x=0.536500}|O{solv}{x=0.463500}>,CN(C)CCO,O,openff-2.2.1,2,-2.1939003613228465,0.0359309000761281,-2.575,0.0525
29349,1629,dens_1319192913326669904,474,Density,<Substance CN(C)CCO{solv}{x=0.264330}|O{solv}{x=0.735670}>,CN(C)CCO,O,openff-2.2.1,2,0.9358770092690484,0.0002705363007558,0.9590000000000002,0.0029
29350,1630,dhmix_1669606825693628140,475,EnthalpyOfMixing,<Substance CN(C)CCO{solv}{x=0.205200}|O{solv}{x=0.794800}>,CN(C)CCO,O,openff-2.2.1,2,-1.481829075457685,0.0240570925791296,-2.587,0.0525
29351,1631,dhmix_1723343163215510297,476,EnthalpyOfMixing,<Substance CN(C)CCO{solv}{x=0.799600}|O{solv}{x=0.200400}>,CN(C)CCO,O,openff-2.2.1,2,-1.298077804226935,0.0429651181425926,-1.247,0.0255
29352,1632,dens_233554406241639981,477,Density,<Substance CC(C)CC(C)(C)C{solv}{x=0.200000}|CCCCOCCCC{solv}{x=0.800000}>,CC(C)CC(C)(C)C,CCCCOCCCC,openff-2.2.1,2,0.7456183228829698,0.0001385388212848,0.7497500000000001,0.00017
29353,1633,dhmix_465541682585001245,478,EnthalpyOfMixing,<Substance CC(C)CC(C)(C)C{solv}{x=0.200400}|CCCCOCCCC{solv}{x=0.799600}>,CC(C)CC(C)(C)C,CCCCOCCCC,openff-2.2.1,2,0.1621817870549478,0.0548512091076987,0.07397,0.00099
29354,1634,dhmix_1505777056782392294,479,EnthalpyOfMixing,<Substance CC(C)CC(C)(C)C{solv}{x=0.400400}|CCCCOCCCC{solv}{x=0.599600}>,CC(C)CC(C)(C)C,CCCCOCCCC,openff-2.2.1,2,0.294109662154085,0.0471750957477941,0.11538,0.001385
29355,1635,dhmix_1595104467389948583,480,EnthalpyOfMixing,<Substance CC(C)CC(C)(C)C{solv}{x=0.700500}|CCCCOCCCC{solv}{x=0.299500}>,CC(C)CC(C)(C)C,CCCCOCCCC,openff-2.2.1,2,0.209570543720531,0.0565404593778637,0.10948,0.00133
29356,1636,dens_1672861274914038509,481,Density,<Substance CC(C)CC(C)(C)C{solv}{x=0.399700}|CCCCOCCCC{solv}{x=0.600300}>,CC(C)CC(C)(C)C,CCCCOCCCC,openff-2.2.1,2,0.7347445071027011,0.0001872939359835,0.7348100000000001,0.000175
29357,1637,dens_1954694146948787176,482,Density,<Substance CC(C)CC(C)(C)C{solv}{x=0.700000}|CCCCOCCCC{solv}{x=0.300000}>,CC(C)CC(C)(C)C,CCCCOCCCC,openff-2.2.1,2,0.7193294703273982,0.000203661802921,0.7117300000000002,0.000185
29358,1638,dens_234746850701826990,483,Density,<Substance CC#N{solv}{x=0.700000}|CCCCCO{solv}{x=0.300000}>,CC#N,CCCCCO,openff-2.2.1,2,0.7934226089329529,0.0002435851040608,0.7924200000000001,0.000165
29359,1639,dens_1261543146081029601,484,Density,<Substance CC#N{solv}{x=0.500300}|CCCCCO{solv}{x=0.499700}>,CC#N,CCCCCO,openff-2.2.1,2,0.7993786316563073,0.0002588666192869,0.7996400000000001,0.000185
29360,1640,dens_1462197010819319813,485,Density,<Substance CC#N{solv}{x=0.203100}|CCCCCO{solv}{x=0.796900}>,CC#N,CCCCCO,openff-2.2.1,2,0.8067826865993701,0.0002188350168635,0.8090600000000001,0.00022
29361,1641,dhmix_1595997756227951615,486,EnthalpyOfMixing,<Substance CC#N{solv}{x=0.235500}|CCCCCO{solv}{x=0.764500}>,CC#N,CCCCCO,openff-2.2.1,2,1.3889901081433749,0.0453578228234578,1.451,0.006
29362,1642,dhmix_1745037615762894827,487,EnthalpyOfMixing,<Substance CC#N{solv}{x=0.516700}|CCCCCO{solv}{x=0.483300}>,CC#N,CCCCCO,openff-2.2.1,2,1.9721161199569437,0.0361543147307819,2.017,0.008
29363,1643,dhmix_2294048253872291609,488,EnthalpyOfMixing,<Substance CC#N{solv}{x=0.771100}|CCCCCO{solv}{x=0.228900}>,CC#N,CCCCCO,openff-2.2.1,2,1.5422729517520626,0.0317374760633261,1.656,0.007
29364,1644,dens_237912652331354824,489,Density,<Substance C1COCCO1{solv}{x=0.512200}|CCCC(C)=O{solv}{x=0.487800}>,C1COCCO1,CCCC(C)=O,openff-2.2.1,2,0.8928635815555873,0.0002397207457159,0.90478,0.00023
29365,1645,dhmix_951401191616771155,490,EnthalpyOfMixing,<Substance C1COCCO1{solv}{x=0.750000}|CCCC(C)=O{solv}{x=0.250000}>,C1COCCO1,CCCC(C)=O,openff-2.2.1,2,0.2921701172298299,0.0416713497228101,0.23761,0.00135
29366,1646,dens_1815088975543208186,491,Density,<Substance C1COCCO1{solv}{x=0.225400}|CCCC(C)=O{solv}{x=0.774600}>,C1COCCO1,CCCC(C)=O,openff-2.2.1,2,0.8267323812233749,0.0002451677803935,0.8442800000000001,0.00022
29367,1647,dens_2079717107234551519,492,Density,<Substance C1COCCO1{solv}{x=0.782300}|CCCC(C)=O{solv}{x=0.217700}>,C1COCCO1,CCCC(C)=O,openff-2.2.1,2,0.9631888542865108,0.000205891666978,0.9692000000000004,0.000245
29368,1648,dhmix_2166059870593139530,493,EnthalpyOfMixing,<Substance C1COCCO1{solv}{x=0.500000}|CCCC(C)=O{solv}{x=0.500000}>,C1COCCO1,CCCC(C)=O,openff-2.2.1,2,0.2393434893067336,0.0398873305509164,0.26523,0.001455
29369,1649,dhmix_2196150660196365471,494,EnthalpyOfMixing,<Substance C1COCCO1{solv}{x=0.250000}|CCCC(C)=O{solv}{x=0.750000}>,C1COCCO1,CCCC(C)=O,openff-2.2.1,2,0.2190858905347781,0.0417248111014859,0.1704,0.001085
29370,1650,dhmix_243334109655928306,495,EnthalpyOfMixing,<Substance C1CCOCC1{solv}{x=0.783200}|c1ccccc1{solv}{x=0.216800}>,C1CCOCC1,c1ccccc1,openff-2.2.1,2,-0.0643144438439122,0.0448182588360079,-0.1399,0.00165
29371,1651,dens_257753427541292519,496,Density,<Substance C1CCOCC1{solv}{x=0.479400}|c1ccccc1{solv}{x=0.520600}>,C1CCOCC1,c1ccccc1,openff-2.2.1,2,0.8623581854328044,0.0002436014369652,0.8778700000000003,0.000505
29372,1652,dhmix_604341867718608333,497,EnthalpyOfMixing,<Substance C1CCOCC1{solv}{x=0.242500}|c1ccccc1{solv}{x=0.757500}>,C1CCOCC1,c1ccccc1,openff-2.2.1,2,-0.0928954523685803,0.0391946008000825,-0.1608,0.00185
29373,1653,dens_791001710124267373,498,Density,<Substance C1CCOCC1{solv}{x=0.223900}|c1ccccc1{solv}{x=0.776100}>,C1CCOCC1,c1ccccc1,openff-2.2.1,2,0.85936657036181,0.0002667083882745,0.8761000000000002,0.0005
29374,1654,dens_1402061243325720407,499,Density,<Substance C1CCOCC1{solv}{x=0.743200}|c1ccccc1{solv}{x=0.256800}>,C1CCOCC1,c1ccccc1,openff-2.2.1,2,0.8649204523555878,0.0002504765262023,0.8789500000000002,0.000505
29375,1655,dhmix_1407142629314355761,500,EnthalpyOfMixing,<Substance C1CCOCC1{solv}{x=0.498200}|c1ccccc1{solv}{x=0.501800}>,C1CCOCC1,c1ccccc1,openff-2.2.1,2,-0.0285702937383831,0.0408357390596775,-0.2365,0.00265
29376,1656,dhmix_266800455813556356,501,EnthalpyOfMixing,<Substance CO{solv}{x=0.727200}|OCc1ccccc1{solv}{x=0.272800}>,CO,OCc1ccccc1,openff-2.2.1,2,-0.0613219403025944,0.0331793979140647,-0.0792,0.001
29377,1657,dhmix_949671607207910651,502,EnthalpyOfMixing,<Substance CO{solv}{x=0.500500}|OCc1ccccc1{solv}{x=0.499500}>,CO,OCc1ccccc1,openff-2.2.1,2,-0.1320075777231153,0.0286683005331946,-0.1408,0.00165
29378,1658,dhmix_1388744759732522219,503,EnthalpyOfMixing,<Substance CO{solv}{x=0.200200}|OCc1ccccc1{solv}{x=0.799800}>,CO,OCc1ccccc1,openff-2.2.1,2,-0.164769967182039,0.0454689850589554,-0.1081,0.0013
29379,1659,dens_270046772857960816,504,Density,<Substance C1CCOCC1{solv}{x=0.732100}|Cc1ccccc1{solv}{x=0.267900}>,C1CCOCC1,Cc1ccccc1,openff-2.2.1,2,0.8604503114332508,0.00023866289371,0.8754100000000001,0.000505
29380,1660,dens_324774743687652276,505,Density,<Substance C1CCOCC1{solv}{x=0.238700}|Cc1ccccc1{solv}{x=0.761300}>,C1CCOCC1,Cc1ccccc1,openff-2.2.1,2,0.8504814004878437,0.000242928813011,0.8669900000000003,0.000505
29381,1661,dhmix_390107187187002597,506,EnthalpyOfMixing,<Substance C1CCOCC1{solv}{x=0.531900}|Cc1ccccc1{solv}{x=0.468100}>,C1CCOCC1,Cc1ccccc1,openff-2.2.1,2,-0.0907350927902825,0.0419846001639001,-0.2225,0.0025
29382,1662,dhmix_1070320975529400325,507,EnthalpyOfMixing,<Substance C1CCOCC1{solv}{x=0.280600}|Cc1ccccc1{solv}{x=0.719400}>,C1CCOCC1,Cc1ccccc1,openff-2.2.1,2,-0.1352185651771833,0.0432586907001194,-0.1687,0.00195
29383,1663,dens_1397318239527979287,508,Density,<Substance C1CCOCC1{solv}{x=0.491500}|Cc1ccccc1{solv}{x=0.508500}>,C1CCOCC1,Cc1ccccc1,openff-2.2.1,2,0.8558294841665247,0.0002210057766325,0.8715100000000002,0.000505
29384,1664,dhmix_1508130989501940613,509,EnthalpyOfMixing,<Substance C1CCOCC1{solv}{x=0.741300}|Cc1ccccc1{solv}{x=0.258700}>,C1CCOCC1,Cc1ccccc1,openff-2.2.1,2,-0.0298771041588992,0.0429853753341719,-0.1629,0.0019
29385,1665,dhmix_271732469428717581,510,EnthalpyOfMixing,<Substance COc1ccccc1{solv}{x=0.237400}|OCCCc1ccccc1{solv}{x=0.762600}>,COc1ccccc1,OCCCc1ccccc1,openff-2.2.1,2,0.5443265872828533,0.0493277401243136,0.6076,0.0066
29386,1666,dhmix_1174392275991455181,511,EnthalpyOfMixing,<Substance COc1ccccc1{solv}{x=0.554700}|OCCCc1ccccc1{solv}{x=0.445300}>,COc1ccccc1,OCCCc1ccccc1,openff-2.2.1,2,0.9159564927957646,0.0513630157346126,1.0293,0.01105
29387,1667,dhmix_1179341622676685107,512,EnthalpyOfMixing,<Substance COc1ccccc1{solv}{x=0.713600}|OCCCc1ccccc1{solv}{x=0.286400}>,COc1ccccc1,OCCCc1ccccc1,openff-2.2.1,2,0.8999889245421215,0.0389056970094599,1.1088,0.0119
29388,1668,dens_1468428612899754720,513,Density,<Substance COc1ccccc1{solv}{x=0.747700}|OCCCc1ccccc1{solv}{x=0.252300}>,COc1ccccc1,OCCCc1ccccc1,openff-2.2.1,2,0.9680216836446268,0.0001887700635604,0.9827800000000002,0.00026
29389,1669,dens_1534619098234859574,514,Density,<Substance COc1ccccc1{solv}{x=0.555100}|OCCCc1ccccc1{solv}{x=0.444900}>,COc1ccccc1,OCCCc1ccccc1,openff-2.2.1,2,0.9705068319938344,0.0001787487763526,0.9852700000000002,0.00026
29390,1670,dens_2298154173340539222,515,Density,<Substance COc1ccccc1{solv}{x=0.263600}|OCCCc1ccccc1{solv}{x=0.736400}>,COc1ccccc1,OCCCc1ccccc1,openff-2.2.1,2,0.9757523244830824,0.0001968261732739,0.9885500000000002,0.00026
29391,1671,dens_274848672468745759,516,Density,<Substance CCCCOC(C)=O{solv}{x=0.293400}|c1ccccc1{solv}{x=0.706600}>,CCCCOC(C)=O,c1ccccc1,openff-2.2.1,2,0.8641714033239608,0.000220174742099,0.8736600000000002,0.00021
29392,1672,dens_493354132810710227,517,Density,<Substance CCCCOC(C)=O{solv}{x=0.710500}|c1ccccc1{solv}{x=0.289500}>,CCCCOC(C)=O,c1ccccc1,openff-2.2.1,2,0.8730061410282723,0.0002123897837535,0.8751500000000002,0.000335
29393,1673,dhmix_754807126845437364,518,EnthalpyOfMixing,<Substance CCCCOC(C)=O{solv}{x=0.495800}|c1ccccc1{solv}{x=0.504200}>,CCCCOC(C)=O,c1ccccc1,openff-2.2.1,2,-0.1369428280076974,0.0446607785792204,-0.0245,0.001
29394,1674,dens_834118541551127044,519,Density,<Substance CCCCOC(C)=O{solv}{x=0.504400}|c1ccccc1{solv}{x=0.495600}>,CCCCOC(C)=O,c1ccccc1,openff-2.2.1,2,0.8691382148914294,0.0002618610778696,0.8744300000000002,0.000265
29395,1675,dhmix_1349932525480083284,520,EnthalpyOfMixing,<Substance CCCCOC(C)=O{solv}{x=0.252300}|c1ccccc1{solv}{x=0.747700}>,CCCCOC(C)=O,c1ccccc1,openff-2.2.1,2,-0.1336933460937359,0.0419908403956604,-0.014,0.0009
29396,1676,dhmix_1597992980658352112,521,EnthalpyOfMixing,<Substance CCCCOC(C)=O{solv}{x=0.771400}|c1ccccc1{solv}{x=0.228600}>,CCCCOC(C)=O,c1ccccc1,openff-2.2.1,2,-0.1305792264195879,0.0523253364574035,-0.0245,0.001
29397,1677,dens_275501958869207518,522,Density,<Substance C1CCOCC1{solv}{x=0.226300}|Cc1ccccc1Cl{solv}{x=0.773700}>,C1CCOCC1,Cc1ccccc1Cl,openff-2.2.1,2,1.0296852484570145,0.0002533612221257,1.0396,0.0005
29398,1678,dhmix_818597523255588519,523,EnthalpyOfMixing,<Substance C1CCOCC1{solv}{x=0.753300}|Cc1ccccc1Cl{solv}{x=0.246700}>,C1CCOCC1,Cc1ccccc1Cl,openff-2.2.1,2,-0.2645591923501484,0.049575474412662,-0.154,0.001
29399,1679,dhmix_849121557716978550,524,EnthalpyOfMixing,<Substance C1CCOCC1{solv}{x=0.517500}|Cc1ccccc1Cl{solv}{x=0.482500}>,C1CCOCC1,Cc1ccccc1Cl,openff-2.2.1,2,-0.3545657058939468,0.032635916389994,-0.22,0.0015
29400,1680,dens_946978292781731327,525,Density,<Substance C1CCOCC1{solv}{x=0.478400}|Cc1ccccc1Cl{solv}{x=0.521600}>,C1CCOCC1,Cc1ccccc1Cl,openff-2.2.1,2,0.9823969002877,0.0001960557985697,0.9931600000000002,0.00051
29401,1681,dhmix_997266220336132741,526,EnthalpyOfMixing,<Substance C1CCOCC1{solv}{x=0.263200}|Cc1ccccc1Cl{solv}{x=0.736800}>,C1CCOCC1,Cc1ccccc1Cl,openff-2.2.1,2,-0.2207304406699393,0.0451063944418587,-0.175,0.001
29402,1682,dens_1191185394819541532,527,Density,<Substance C1CCOCC1{solv}{x=0.765800}|Cc1ccccc1Cl{solv}{x=0.234200}>,C1CCOCC1,Cc1ccccc1Cl,openff-2.2.1,2,0.92183213279326,0.0002631512793385,0.9336500000000002,0.000505
29403,1683,dhmix_278334692660393021,528,EnthalpyOfMixing,<Substance CCCCCCC{solv}{x=0.205900}|CNc1ccccc1{solv}{x=0.794100}>,CCCCCCC,CNc1ccccc1,openff-2.2.1,2,1.5731387695845669,0.0508733983277843,1.126,0.012
29404,1684,dens_480658478095207102,529,Density,<Substance CCCCCCC{solv}{x=0.740500}|CNc1ccccc1{solv}{x=0.259500}>,CCCCCCC,CNc1ccccc1,openff-2.2.1,2,0.7309469468176943,0.0002392961807466,0.7424910000000001,0.00014
29405,1685,dhmix_898293423987680187,530,EnthalpyOfMixing,<Substance CCCCCCC{solv}{x=0.501700}|CNc1ccccc1{solv}{x=0.498300}>,CCCCCCC,CNc1ccccc1,openff-2.2.1,2,2.10110327925851,0.0515595681908265,1.676,0.018
29406,1686,dens_1509968737377061562,531,Density,<Substance CCCCCCC{solv}{x=0.250900}|CNc1ccccc1{solv}{x=0.749100}>,CCCCCCC,CNc1ccccc1,openff-2.2.1,2,0.8858286859947877,0.0002337319094639,0.8897150000000003,0.0002615
29407,1687,dhmix_1680546488782143957,532,EnthalpyOfMixing,<Substance CCCCCCC{solv}{x=0.703200}|CNc1ccccc1{solv}{x=0.296800}>,CCCCCCC,CNc1ccccc1,openff-2.2.1,2,2.031785995681574,0.0553836049029256,1.539,0.0165
29408,1688,dens_2074014246120135820,533,Density,<Substance CCCCCCC{solv}{x=0.497000}|CNc1ccccc1{solv}{x=0.503000}>,CCCCCCC,CNc1ccccc1,openff-2.2.1,2,0.8019138466408542,0.0002360657067059,0.8106920000000002,0.0001785
29409,1689,dens_296890921001565391,534,Density,<Substance CCCCN{solv}{x=0.755200}|CN(C)C=O{solv}{x=0.244800}>,CCCCN,CN(C)C=O,openff-2.2.1,2,0.7870053676200559,0.0002445655179476,0.7762150000000002,0.000949
29410,1690,dens_380536870617309130,535,Density,<Substance CCCCN{solv}{x=0.242800}|CN(C)C=O{solv}{x=0.757200}>,CCCCN,CN(C)C=O,openff-2.2.1,2,0.874111388434105,0.0002198833824045,0.8845160000000002,0.0010795
29411,1691,dhmix_493117160214491795,536,EnthalpyOfMixing,<Substance CCCCN{solv}{x=0.244100}|CN(C)C=O{solv}{x=0.755900}>,CCCCN,CN(C)C=O,openff-2.2.1,2,0.055454642592835,0.0371913211789737,0.245,0.008
29412,1692,dhmix_789225002934078019,537,EnthalpyOfMixing,<Substance CCCCN{solv}{x=0.750200}|CN(C)C=O{solv}{x=0.249800}>,CCCCN,CN(C)C=O,openff-2.2.1,2,0.0969517767880319,0.0437890831133118,0.32,0.01
29413,1693,dhmix_941321571782058819,538,EnthalpyOfMixing,<Substance CCCCN{solv}{x=0.499200}|CN(C)C=O{solv}{x=0.500800}>,CCCCN,CN(C)C=O,openff-2.2.1,2,0.2404044986919373,0.0394659331139346,0.384,0.0115
29414,1694,dens_2179361372918836941,539,Density,<Substance CCCCN{solv}{x=0.497200}|CN(C)C=O{solv}{x=0.502800}>,CCCCN,CN(C)C=O,openff-2.2.1,2,0.8294122265945105,0.0002237121523678,0.8277360000000001,0.001011
29415,1695,dens_300257448272323407,540,Density,<Substance CC(C)O{solv}{x=0.745200}|NCCN{solv}{x=0.254800}>,CC(C)O,NCCN,openff-2.2.1,2,0.8459938586624202,0.0002537195038967,0.8163970000000003,0.0002325
29416,1696,dens_924750366683277351,541,Density,<Substance CC(C)O{solv}{x=0.203100}|NCCN{solv}{x=0.796900}>,CC(C)O,NCCN,openff-2.2.1,2,0.9713353748446664,0.0002852712982664,0.8736620000000003,0.0002225
29417,1697,dens_2284409308160572308,542,Density,<Substance CC(C)O{solv}{x=0.489100}|NCCN{solv}{x=0.510900}>,CC(C)O,NCCN,openff-2.2.1,2,0.9010914113600502,0.0003290768733729,0.8449250000000001,0.0002245
29418,1698,dens_305501840068636812,543,Density,<Substance CC(C)=O{solv}{x=0.750000}|CCO{solv}{x=0.250000}>,CC(C)=O,CCO,openff-2.2.1,2,0.7704066162319118,1e-05,0.7859000000000002,0.000115
29419,1699,dens_472577738907297293,544,Density,<Substance CC(C)=O{solv}{x=0.250000}|CCO{solv}{x=0.750000}>,CC(C)=O,CCO,openff-2.2.1,2,0.777895658869678,1e-05,0.7861600000000002,0.000115
29420,1700,dens_2271083741716457850,545,Density,<Substance CC(C)=O{solv}{x=0.499900}|CCO{solv}{x=0.500100}>,CC(C)=O,CCO,openff-2.2.1,2,0.7729375798863951,1e-05,0.7861900000000003,0.000115
29421,1701,dens_307445163336341047,546,Density,<Substance CN1CCCC1=O{solv}{x=0.703700}|ClCCCl{solv}{x=0.296300}>,CN1CCCC1=O,ClCCCl,openff-2.2.1,2,1.0619786231857602,0.0002455708377212,1.0851000000000002,0.0002
29422,1702,dhmix_453866769634566853,547,EnthalpyOfMixing,<Substance CN1CCCC1=O{solv}{x=0.253100}|ClCCCl{solv}{x=0.746900}>,CN1CCCC1=O,ClCCCl,openff-2.2.1,2,-0.5334991336816906,0.0334991427592426,-0.8118,0.01525
29423,1703,dhmix_536206650470008584,548,EnthalpyOfMixing,<Substance CN1CCCC1=O{solv}{x=0.500000}|ClCCCl{solv}{x=0.500000}>,CN1CCCC1=O,ClCCCl,openff-2.2.1,2,-0.5701888961866324,0.03717234436277,-1.264,0.0055
29424,1704,dens_1046625605566999080,549,Density,<Substance CN1CCCC1=O{solv}{x=0.202500}|ClCCCl{solv}{x=0.797500}>,CN1CCCC1=O,ClCCCl,openff-2.2.1,2,1.1732350421333702,0.0004313637754849,1.1953000000000005,0.00025
29425,1705,dhmix_1620571823529677157,550,EnthalpyOfMixing,<Substance CN1CCCC1=O{solv}{x=0.736700}|ClCCCl{solv}{x=0.263300}>,CN1CCCC1=O,ClCCCl,openff-2.2.1,2,-0.4301538846543131,0.0416396752588705,-0.8587,0.01605
29426,1706,dens_2059567022041766694,551,Density,<Substance CN1CCCC1=O{solv}{x=0.497500}|ClCCCl{solv}{x=0.502500}>,CN1CCCC1=O,ClCCCl,openff-2.2.1,2,1.1094874550809983,0.0002941943000771,1.1283000000000003,0.0002
29427,1707,dens_313234519309892479,552,Density,<Substance CC(=O)N(C)C{solv}{x=0.293800}|CCCCCCCCCl{solv}{x=0.706200}>,CC(=O)N(C)C,CCCCCCCCCl,openff-2.2.1,2,0.866931403273621,0.0001840235016323,0.8796000000000003,0.00045
29428,1708,dhmix_444785917463403590,553,EnthalpyOfMixing,<Substance CC(=O)N(C)C{solv}{x=0.703000}|CCCCCCCCCl{solv}{x=0.297000}>,CC(=O)N(C)C,CCCCCCCCCl,openff-2.2.1,2,0.8677846967479539,0.0450178809047357,0.751,0.004
29429,1709,dhmix_705168937124106402,554,EnthalpyOfMixing,<Substance CC(=O)N(C)C{solv}{x=0.215000}|CCCCCCCCCl{solv}{x=0.785000}>,CC(=O)N(C)C,CCCCCCCCCl,openff-2.2.1,2,0.7420847112380358,0.0568646275532174,0.519,0.0035
29430,1710,dens_1549584991651515376,555,Density,<Substance CC(=O)N(C)C{solv}{x=0.502200}|CCCCCCCCCl{solv}{x=0.497800}>,CC(=O)N(C)C,CCCCCCCCCl,openff-2.2.1,2,0.872537944685286,0.0001492588338797,0.8902000000000002,0.0004
29431,1711,dhmix_1732161251827083272,556,EnthalpyOfMixing,<Substance CC(=O)N(C)C{solv}{x=0.508000}|CCCCCCCCCl{solv}{x=0.492000}>,CC(=O)N(C)C,CCCCCCCCCl,openff-2.2.1,2,0.9640818585645548,0.0433631687833472,0.829,0.004
29432,1712,dens_2189889607118243828,557,Density,<Substance CC(=O)N(C)C{solv}{x=0.700500}|CCCCCCCCCl{solv}{x=0.299500}>,CC(=O)N(C)C,CCCCCCCCCl,openff-2.2.1,2,0.8805463892490233,0.0001552340738687,0.9041000000000002,0.00035
29433,1713,dens_314482396827660717,558,Density,<Substance BrCCBr{solv}{x=0.753700}|COC(C)=O{solv}{x=0.246300}>,BrCCBr,COC(C)=O,openff-2.2.1,2,1.842411817259188,0.0005889693243001,1.8774400000000004,0.003355
29434,1714,dens_344993892965738820,559,Density,<Substance BrCCBr{solv}{x=0.275200}|COC(C)=O{solv}{x=0.724800}>,BrCCBr,COC(C)=O,openff-2.2.1,2,1.2818103161113692,0.0003847332292496,1.2862400000000005,0.001125
29435,1715,dhmix_545996968666061076,560,EnthalpyOfMixing,<Substance BrCCBr{solv}{x=0.720900}|COC(C)=O{solv}{x=0.279100}>,BrCCBr,COC(C)=O,openff-2.2.1,2,-0.1635890244706654,0.0265237517665753,0.2594,0.0028
29436,1716,dens_714044009336077786,561,Density,<Substance BrCCBr{solv}{x=0.512100}|COC(C)=O{solv}{x=0.487900}>,BrCCBr,COC(C)=O,openff-2.2.1,2,1.5657790432217176,0.0005216961384307,1.5834900000000005,0.0021
29437,1717,dhmix_1222511035002547253,562,EnthalpyOfMixing,<Substance BrCCBr{solv}{x=0.485500}|COC(C)=O{solv}{x=0.514500}>,BrCCBr,COC(C)=O,openff-2.2.1,2,-0.0603647599181549,0.032668674026926,0.2577,0.00275
29438,1718,dhmix_1418101673429653456,563,EnthalpyOfMixing,<Substance BrCCBr{solv}{x=0.250800}|COC(C)=O{solv}{x=0.749200}>,BrCCBr,COC(C)=O,openff-2.2.1,2,-0.0343338652719467,0.035353566776923,0.1202,0.0017
29439,1719,dens_314934747194338330,564,Density,<Substance CC(C)CCl{solv}{x=0.513700}|CC(C)OC(C)C{solv}{x=0.486300}>,CC(C)CCl,CC(C)OC(C)C,openff-2.2.1,2,0.7910599113006964,0.0002729526694823,0.7878250000000002,0.000405
29440,1720,dhmix_355399496844187096,565,EnthalpyOfMixing,<Substance CC(C)CCl{solv}{x=0.545300}|CC(C)OC(C)C{solv}{x=0.454700}>,CC(C)CCl,CC(C)OC(C)C,openff-2.2.1,2,-0.1101862488198222,0.0306803990318148,-0.0957,0.0012
29441,1721,dens_688062365117407068,566,Density,<Substance CC(C)CCl{solv}{x=0.805900}|CC(C)OC(C)C{solv}{x=0.194100}>,CC(C)CCl,CC(C)OC(C)C,openff-2.2.1,2,0.8310568747540223,0.0003015390088731,0.8355300000000002,0.0003555
29442,1722,dhmix_1411881046585885461,567,EnthalpyOfMixing,<Substance CC(C)CCl{solv}{x=0.090700}|CC(C)OC(C)C{solv}{x=0.909300}>,CC(C)CCl,CC(C)OC(C)C,openff-2.2.1,2,-0.1606131448425003,0.0419607204649003,-0.0302,0.00055
29443,1723,dens_1762455266351712367,568,Density,<Substance CC(C)CCl{solv}{x=0.091000}|CC(C)OC(C)C{solv}{x=0.909000}>,CC(C)CCl,CC(C)OC(C)C,openff-2.2.1,2,0.7416146518167297,0.0002488186612715,0.7293950000000001,0.000464
29444,1724,dhmix_2302865667781063708,569,EnthalpyOfMixing,<Substance CC(C)CCl{solv}{x=0.727000}|CC(C)OC(C)C{solv}{x=0.273000}>,CC(C)CCl,CC(C)OC(C)C,openff-2.2.1,2,-0.1478121724844427,0.0428744940812624,-0.0791,0.001
29445,1725,dens_321327254341950207,570,Density,<Substance C1COCCO1{solv}{x=0.780300}|CCCCCC(C)=O{solv}{x=0.219700}>,C1COCCO1,CCCCCC(C)=O,openff-2.2.1,2,0.953326511795392,0.0002409629670104,0.9576500000000002,0.0003
29446,1726,dens_377701756930918353,571,Density,<Substance C1COCCO1{solv}{x=0.500600}|CCCCCC(C)=O{solv}{x=0.499400}>,C1COCCO1,CCCCCC(C)=O,openff-2.2.1,2,0.8822819085753086,0.0001983870655092,0.8916700000000002,0.000345
29447,1727,dhmix_600625644134907580,572,EnthalpyOfMixing,<Substance C1COCCO1{solv}{x=0.500000}|CCCCCC(C)=O{solv}{x=0.500000}>,C1COCCO1,CCCCCC(C)=O,openff-2.2.1,2,0.5603088156381375,0.0408570826298579,0.4509,0.002255
29448,1728,dens_1451069448215305244,573,Density,<Substance C1COCCO1{solv}{x=0.220300}|CCCCCC(C)=O{solv}{x=0.779700}>,C1COCCO1,CCCCCC(C)=O,openff-2.2.1,2,0.8282834859816928,0.0001862545184629,0.8420800000000003,0.000385
29449,1729,dhmix_2028813035406256788,574,EnthalpyOfMixing,<Substance C1COCCO1{solv}{x=0.750000}|CCCCCC(C)=O{solv}{x=0.250000}>,C1COCCO1,CCCCCC(C)=O,openff-2.2.1,2,0.4988529549819418,0.042313514495792,0.4064,0.00209
29450,1730,dhmix_2222211577832383320,575,EnthalpyOfMixing,<Substance C1COCCO1{solv}{x=0.250000}|CCCCCC(C)=O{solv}{x=0.750000}>,C1COCCO1,CCCCCC(C)=O,openff-2.2.1,2,0.2745854604350768,0.0483264179728483,0.2911,0.00164
29451,1731,dhmix_325212618372456630,576,EnthalpyOfMixing,<Substance CCCCCCC{solv}{x=0.500000}|c1ccccc1{solv}{x=0.500000}>,CCCCCCC,c1ccccc1,openff-2.2.1,2,1.1002281145806592,0.0473979969711468,0.9235,0.0051
29452,1732,dhmix_409350268177199962,577,EnthalpyOfMixing,<Substance CCCCCCC{solv}{x=0.751900}|c1ccccc1{solv}{x=0.248100}>,CCCCCCC,c1ccccc1,openff-2.2.1,2,0.7297726565102636,0.0488653504061537,0.6047,0.0035
29453,1733,dens_1685942387769177799,578,Density,<Substance CCCCCCC{solv}{x=0.913667}|c1ccccc1{solv}{x=0.086333}>,CCCCCCC,c1ccccc1,openff-2.2.1,2,0.6766045201493482,0.0001958454716596,0.6892400000000002,0.000805
29454,1734,dens_2148382258223830900,579,Density,<Substance CCCCCCC{solv}{x=0.273700}|c1ccccc1{solv}{x=0.726300}>,CCCCCCC,c1ccccc1,openff-2.2.1,2,0.7674083228074524,0.0003000639806526,0.7855000000000002,0.00015
29455,1735,dens_2219829254239605828,580,Density,<Substance CCCCCCC{solv}{x=0.492200}|c1ccccc1{solv}{x=0.507800}>,CCCCCCC,c1ccccc1,openff-2.2.1,2,0.7241401130548324,0.0002826357678874,0.7409000000000001,0.00015
29456,1736,dhmix_2296565820723783732,581,EnthalpyOfMixing,<Substance CCCCCCC{solv}{x=0.242400}|c1ccccc1{solv}{x=0.757600}>,CCCCCCC,c1ccccc1,openff-2.2.1,2,0.9314819406941552,0.0427051142320439,0.7775,0.0044
29457,1737,dens_326446104630354701,582,Density,<Substance BrCCBr{solv}{x=0.728600}|CCC(=O)OC{solv}{x=0.271400}>,BrCCBr,CCC(=O)OC,openff-2.2.1,2,1.7605552787375247,0.000532388045508,1.7949900000000003,0.00303
29458,1738,dens_886315086380393150,583,Density,<Substance BrCCBr{solv}{x=0.494400}|CCC(=O)OC{solv}{x=0.505600}>,BrCCBr,CCC(=O)OC,openff-2.2.1,2,1.4722652386013555,0.0004245802671623,1.4941800000000005,0.001825
29459,1739,dhmix_1410129135672303476,584,EnthalpyOfMixing,<Substance BrCCBr{solv}{x=0.491400}|CCC(=O)OC{solv}{x=0.508600}>,BrCCBr,CCC(=O)OC,openff-2.2.1,2,-0.3543193548181689,0.0360237934584656,0.0195,0.00185
29460,1740,dhmix_1551714230583118668,585,EnthalpyOfMixing,<Substance BrCCBr{solv}{x=0.755400}|CCC(=O)OC{solv}{x=0.244600}>,BrCCBr,CCC(=O)OC,openff-2.2.1,2,-0.2614983889616855,0.0343859697537301,0.09,0.00295
29461,1741,dhmix_1596310059176209101,586,EnthalpyOfMixing,<Substance BrCCBr{solv}{x=0.214800}|CCC(=O)OC{solv}{x=0.785200}>,BrCCBr,CCC(=O)OC,openff-2.2.1,2,-0.282388774347123,0.0416308885837024,-0.0281,0.002
29462,1742,dens_1860027304017736150,587,Density,<Substance BrCCBr{solv}{x=0.257000}|CCC(=O)OC{solv}{x=0.743000}>,BrCCBr,CCC(=O)OC,openff-2.2.1,2,1.1932778584622294,0.0003538726248274,1.2059400000000002,0.000915
29463,1743,dhmix_334328961632702336,588,EnthalpyOfMixing,<Substance Cc1ccccc1N{solv}{x=0.492600}|Cc1cccnc1{solv}{x=0.507400}>,Cc1ccccc1N,Cc1cccnc1,openff-2.2.1,2,-1.527852797452295,0.0406522066337065,-1.4091,0.0287
29464,1744,dhmix_382843935535082222,589,EnthalpyOfMixing,<Substance Cc1ccccc1N{solv}{x=0.232300}|Cc1cccnc1{solv}{x=0.767700}>,Cc1ccccc1N,Cc1cccnc1,openff-2.2.1,2,-1.354249846528765,0.0430952619956362,-1.1196,0.02285
29465,1745,dens_890019852111400701,590,Density,<Substance Cc1ccccc1N{solv}{x=0.533600}|Cc1cccnc1{solv}{x=0.466400}>,Cc1ccccc1N,Cc1cccnc1,openff-2.2.1,2,0.9836580048568584,0.0002677552452967,0.9795770000000004,0.0001185
29466,1746,dens_1033313642915027277,591,Density,<Substance Cc1ccccc1N{solv}{x=0.737200}|Cc1cccnc1{solv}{x=0.262800}>,Cc1ccccc1N,Cc1cccnc1,openff-2.2.1,2,0.9969263423164328,0.0002198464579972,0.9867010000000004,0.000118
29467,1747,dhmix_1057104304179164775,592,EnthalpyOfMixing,<Substance Cc1ccccc1N{solv}{x=0.778900}|Cc1cccnc1{solv}{x=0.221100}>,Cc1ccccc1N,Cc1cccnc1,openff-2.2.1,2,-1.001406724530714,0.0469006388148482,-0.8735,0.01785
29468,1748,dens_1445313714023685702,593,Density,<Substance Cc1ccccc1N{solv}{x=0.246700}|Cc1cccnc1{solv}{x=0.753300}>,Cc1ccccc1N,Cc1cccnc1,openff-2.2.1,2,0.9627471032583628,0.0002247203408732,0.9668750000000004,0.00012
29469,1749,dens_335631113096608920,594,Density,<Substance CCC(C)=O{solv}{x=0.501800}|CCCCNCCCC{solv}{x=0.498200}>,CCC(C)=O,CCCCNCCCC,openff-2.2.1,2,0.760663534716979,0.0002086584151203,0.7693960000000002,9.950000000000003e-05
29470,1750,dhmix_551451232292287572,595,EnthalpyOfMixing,<Substance CCC(C)=O{solv}{x=0.215400}|CCCCNCCCC{solv}{x=0.784600}>,CCC(C)=O,CCCCNCCCC,openff-2.2.1,2,0.1016672223588557,0.0539926744005515,0.417,0.0045
29471,1751,dens_800787154192710377,596,Density,<Substance CCC(C)=O{solv}{x=0.260300}|CCCCNCCCC{solv}{x=0.739700}>,CCC(C)=O,CCCCNCCCC,openff-2.2.1,2,0.7571625845590165,0.0001980559783248,0.7614750000000002,0.0001005
29472,1752,dhmix_1210431916849512476,597,EnthalpyOfMixing,<Substance CCC(C)=O{solv}{x=0.504400}|CCCCNCCCC{solv}{x=0.495600}>,CCC(C)=O,CCCCNCCCC,openff-2.2.1,2,0.3265082880731924,0.0377795786971433,0.619,0.0065
29473,1753,dhmix_1503682496766473076,598,EnthalpyOfMixing,<Substance CCC(C)=O{solv}{x=0.792200}|CCCCNCCCC{solv}{x=0.207800}>,CCC(C)=O,CCCCNCCCC,openff-2.2.1,2,0.2260912352951471,0.0433745812766516,0.425,0.0045
29474,1754,dens_2232561341275312196,599,Density,<Substance CCC(C)=O{solv}{x=0.747300}|CCCCNCCCC{solv}{x=0.252700}>,CCC(C)=O,CCCCNCCCC,openff-2.2.1,2,0.7649467141391746,0.0002517759588578,0.7810500000000001,9.750000000000004e-05
29475,1755,dhmix_335934546122425398,600,EnthalpyOfMixing,<Substance C1CCOCC1{solv}{x=0.550000}|O=C1CCCC1{solv}{x=0.450000}>,C1CCOCC1,O=C1CCCC1,openff-2.2.1,2,0.1141617284265734,0.0434509808797171,0.15813,0.001
29476,1756,dhmix_337659115721770978,601,EnthalpyOfMixing,<Substance C1CCOCC1{solv}{x=0.250000}|O=C1CCCC1{solv}{x=0.750000}>,C1CCOCC1,O=C1CCCC1,openff-2.2.1,2,0.007166560952541,0.0433819930111015,0.11325,0.00084
29477,1757,dens_579415285212890284,602,Density,<Substance C1CCOCC1{solv}{x=0.708000}|O=C1CCCC1{solv}{x=0.292000}>,C1CCOCC1,O=C1CCCC1,openff-2.2.1,2,0.8790354310034308,0.000235632718514,0.8972200000000002,0.00023
29478,1758,dens_788777315764582180,603,Density,<Substance C1CCOCC1{solv}{x=0.549800}|O=C1CCCC1{solv}{x=0.450200}>,C1CCOCC1,O=C1CCCC1,openff-2.2.1,2,0.8863940033067036,0.0002261653061537,0.9073000000000002,0.000235
29479,1759,dens_1539654406736576807,604,Density,<Substance C1CCOCC1{solv}{x=0.235400}|O=C1CCCC1{solv}{x=0.764600}>,C1CCOCC1,O=C1CCCC1,openff-2.2.1,2,0.8997384713217408,0.0002381871060354,0.9281000000000004,0.00024
29480,1760,dhmix_1706969020375394315,605,EnthalpyOfMixing,<Substance C1CCOCC1{solv}{x=0.750000}|O=C1CCCC1{solv}{x=0.250000}>,C1CCOCC1,O=C1CCCC1,openff-2.2.1,2,0.0773809500366411,0.0457049840496522,0.12811,0.000895
29481,1761,dens_337077748334497354,606,Density,<Substance CN1CCCCC1{solv}{x=0.245200}|O{solv}{x=0.754800}>,CN1CCCCC1,O,openff-2.2.1,2,0.8840537136120564,0.0003428338213617,0.9038110000000004,9.700000000000004e-05
29482,1762,dens_1619467922469494964,607,Density,<Substance CN1CCCCC1{solv}{x=0.790700}|O{solv}{x=0.209300}>,CN1CCCCC1,O,openff-2.2.1,2,0.8329288489949674,0.0002408024575293,0.8260470000000002,0.000108
29483,1763,dens_1725290505257505407,608,Density,<Substance CN1CCCCC1{solv}{x=0.505000}|O{solv}{x=0.495000}>,CN1CCCCC1,O,openff-2.2.1,2,0.852271209145927,0.0002445706046497,0.8581580000000002,9.450000000000002e-05
29484,1764,dhmix_344305070199657817,609,EnthalpyOfMixing,<Substance CC(C)CC(C)(C)C{solv}{x=0.200300}|CCCO{solv}{x=0.799700}>,CC(C)CC(C)(C)C,CCCO,openff-2.2.1,2,0.568354193577818,0.0375831171910938,0.308,0.0055
29485,1765,dens_1020839744665732433,610,Density,<Substance CC(C)CC(C)(C)C{solv}{x=0.200100}|CCCO{solv}{x=0.799900}>,CC(C)CC(C)(C)C,CCCO,openff-2.2.1,2,0.7596365717906364,0.0002002405657096,0.7589500000000002,0.00029
29486,1766,dens_1348847431810734601,611,Density,<Substance CC(C)CC(C)(C)C{solv}{x=0.700000}|CCCO{solv}{x=0.300000}>,CC(C)CC(C)(C)C,CCCO,openff-2.2.1,2,0.7157341851098098,0.0002116139619065,0.7046500000000001,0.00028
29487,1767,dhmix_1376194238727172922,612,EnthalpyOfMixing,<Substance CC(C)CC(C)(C)C{solv}{x=0.499800}|CCCO{solv}{x=0.500200}>,CC(C)CC(C)(C)C,CCCO,openff-2.2.1,2,0.9273317169264176,0.03839953710576,0.6025,0.0027
29488,1768,dhmix_1868873434415785592,613,EnthalpyOfMixing,<Substance CC(C)CC(C)(C)C{solv}{x=0.699900}|CCCO{solv}{x=0.300100}>,CC(C)CC(C)(C)C,CCCO,openff-2.2.1,2,0.8594461938055105,0.0497289887945104,0.6544,0.0029
29489,1769,dens_1870552320710773195,614,Density,<Substance CC(C)CC(C)(C)C{solv}{x=0.500000}|CCCO{solv}{x=0.500000}>,CC(C)CC(C)(C)C,CCCO,openff-2.2.1,2,0.7289759424092374,0.0002272095496983,0.7214400000000002,0.00028
29490,1770,dens_344701479262570906,615,Density,<Substance C1CCOCC1{solv}{x=0.246100}|Cc1cccnc1{solv}{x=0.753900}>,C1CCOCC1,Cc1cccnc1,openff-2.2.1,2,0.921882067090672,0.0002570197349726,0.9348570000000002,0.0004915
29491,1771,dhmix_772935681699310364,616,EnthalpyOfMixing,<Substance C1CCOCC1{solv}{x=0.480300}|Cc1cccnc1{solv}{x=0.519700}>,C1CCOCC1,Cc1cccnc1,openff-2.2.1,2,-0.0422478557250514,0.0420365737764056,0.1271,0.00115
29492,1772,dens_1179184695460672925,617,Density,<Substance C1CCOCC1{solv}{x=0.756800}|Cc1cccnc1{solv}{x=0.243200}>,C1CCOCC1,Cc1cccnc1,openff-2.2.1,2,0.8850789083058256,0.0002367449117992,0.8976640000000002,0.0004655
29493,1773,dens_1273033541520518804,618,Density,<Substance C1CCOCC1{solv}{x=0.482700}|Cc1cccnc1{solv}{x=0.517300}>,C1CCOCC1,Cc1cccnc1,openff-2.2.1,2,0.904828464463776,0.0002157763430444,0.9179640000000002,0.00048
29494,1774,dhmix_1594947441282636711,619,EnthalpyOfMixing,<Substance C1CCOCC1{solv}{x=0.735500}|Cc1cccnc1{solv}{x=0.264500}>,C1CCOCC1,Cc1cccnc1,openff-2.2.1,2,-0.0015112612109575,0.0408488898752862,0.0924,0.00095
29495,1775,dhmix_2075643137470349800,620,EnthalpyOfMixing,<Substance C1CCOCC1{solv}{x=0.273200}|Cc1cccnc1{solv}{x=0.726800}>,C1CCOCC1,Cc1cccnc1,openff-2.2.1,2,-0.006050112025413,0.0435212379866275,0.1036,0.001
29496,1776,dhmix_346841872844739570,621,EnthalpyOfMixing,<Substance CC#N{solv}{x=0.700700}|CCOC(C)(C)C{solv}{x=0.299300}>,CC#N,CCOC(C)(C)C,openff-2.2.1,2,0.2609041245303256,0.0249530712303858,0.6176,0.0084
29497,1777,dhmix_840136828933604757,622,EnthalpyOfMixing,<Substance CC#N{solv}{x=0.199000}|CCOC(C)(C)C{solv}{x=0.801000}>,CC#N,CCOC(C)(C)C,openff-2.2.1,2,0.0455228161957528,0.0500280344277688,0.4418,0.006
29498,1778,dhmix_1934525864391020215,623,EnthalpyOfMixing,<Substance CC#N{solv}{x=0.501600}|CCOC(C)(C)C{solv}{x=0.498400}>,CC#N,CCOC(C)(C)C,openff-2.2.1,2,0.2547560213598198,0.0287448740311054,0.7098,0.00965
29499,1779,dens_1954735606040559695,624,Density,<Substance CC#N{solv}{x=0.700700}|CCOC(C)(C)C{solv}{x=0.299300}>,CC#N,CCOC(C)(C)C,openff-2.2.1,2,0.7659662500695996,0.0002620096615133,0.7595000000000002,0.00045
29500,1780,dens_2173310521496796694,625,Density,<Substance CC#N{solv}{x=0.501600}|CCOC(C)(C)C{solv}{x=0.498400}>,CC#N,CCOC(C)(C)C,openff-2.2.1,2,0.7599004306454267,0.000260683236519,0.7510000000000002,0.00035
29501,1781,dens_2235331649530959984,626,Density,<Substance CC#N{solv}{x=0.199000}|CCOC(C)(C)C{solv}{x=0.801000}>,CC#N,CCOC(C)(C)C,openff-2.2.1,2,0.7513781003472464,0.0002477894828367,0.7408000000000001,0.00015
29502,1782,dhmix_355078149157572999,627,EnthalpyOfMixing,<Substance OCCOCCO{solv}{x=0.790600}|O{solv}{x=0.209400}>,O,OCCOCCO,openff-2.2.1,2,-0.5871229546362429,0.052547661897629,-0.521,0.003
29503,1783,dhmix_514261244195159379,628,EnthalpyOfMixing,<Substance OCCOCCO{solv}{x=0.300400}|O{solv}{x=0.699600}>,O,OCCOCCO,openff-2.2.1,2,-0.2171889103656834,0.0285636392722877,-1.245,0.0065
29504,1784,dhmix_1512634639127890343,629,EnthalpyOfMixing,<Substance OCCOCCO{solv}{x=0.501000}|O{solv}{x=0.499000}>,O,OCCOCCO,openff-2.2.1,2,-0.2563553294246574,0.0452974362247444,-1.149,0.0065
29505,1785,dens_1532732041743097130,630,Density,<Substance OCCOCCO{solv}{x=0.500600}|O{solv}{x=0.499400}>,O,OCCOCCO,openff-2.2.1,2,1.1024984673837583,0.0003996547236251,1.1070700000000002,0.00026
29506,1786,dens_1948924545926470959,631,Density,<Substance OCCOCCO{solv}{x=0.700300}|O{solv}{x=0.299700}>,O,OCCOCCO,openff-2.2.1,2,1.1122146774845456,0.000370724362204,1.1111900000000003,0.000285
29507,1787,dens_2114974877291939954,632,Density,<Substance OCCOCCO{solv}{x=0.301000}|O{solv}{x=0.699000}>,O,OCCOCCO,openff-2.2.1,2,1.0850182807961617,0.0003354799552774,1.0958900000000005,0.000305
29508,1788,dhmix_355690558520209737,633,EnthalpyOfMixing,<Substance CC(C)CC(C)(C)C{solv}{x=0.774800}|CC(C)OC(C)C{solv}{x=0.225200}>,CC(C)CC(C)(C)C,CC(C)OC(C)C,openff-2.2.1,2,0.283343302580846,0.0530913880099357,0.132161,0.001556
29509,1789,dens_706481868145479619,634,Density,<Substance CC(C)CC(C)(C)C{solv}{x=0.250000}|CC(C)OC(C)C{solv}{x=0.750000}>,CC(C)CC(C)(C)C,CC(C)OC(C)C,openff-2.2.1,2,0.7226994583038888,0.0002364300894001,0.7090800000000002,0.000155
29510,1790,dens_960755156711549154,635,Density,<Substance CC(C)CC(C)(C)C{solv}{x=0.750000}|CC(C)OC(C)C{solv}{x=0.250000}>,CC(C)CC(C)(C)C,CC(C)OC(C)C,openff-2.2.1,2,0.7082687418673477,0.0002068797970189,0.6937500000000002,0.000155
29511,1791,dens_1165117582450092341,636,Density,<Substance CC(C)CC(C)(C)C{solv}{x=0.500900}|CC(C)OC(C)C{solv}{x=0.499100}>,CC(C)CC(C)(C)C,CC(C)OC(C)C,openff-2.2.1,2,0.7147144822395555,0.0001428496657897,0.7005900000000002,0.000105
29512,1792,dhmix_1819714300540494359,637,EnthalpyOfMixing,<Substance CC(C)CC(C)(C)C{solv}{x=0.512500}|CC(C)OC(C)C{solv}{x=0.487500}>,CC(C)CC(C)(C)C,CC(C)OC(C)C,openff-2.2.1,2,0.3523751712260434,0.0394676857404791,0.197047,0.002233
29513,1793,dhmix_2031984064821599856,638,EnthalpyOfMixing,<Substance CC(C)CC(C)(C)C{solv}{x=0.269300}|CC(C)OC(C)C{solv}{x=0.730700}>,CC(C)CC(C)(C)C,CC(C)OC(C)C,openff-2.2.1,2,0.3721207887451925,0.0528929354555278,0.158983,0.0018345
29514,1794,dens_357198687829738077,639,Density,<Substance C1CCOCC1{solv}{x=0.223500}|CCCCCC(C)=O{solv}{x=0.776500}>,C1CCOCC1,CCCCCC(C)=O,openff-2.2.1,2,0.8061748751033752,0.0001749033049709,0.8221200000000002,0.000375
29515,1795,dens_1074719884132299485,640,Density,<Substance C1CCOCC1{solv}{x=0.516600}|CCCCCC(C)=O{solv}{x=0.483400}>,C1CCOCC1,CCCCCC(C)=O,openff-2.2.1,2,0.8250382497096624,0.000236328255761,0.8396100000000002,0.00032
29516,1796,dens_1427208283653313137,641,Density,<Substance C1CCOCC1{solv}{x=0.710100}|CCCCCC(C)=O{solv}{x=0.289900}>,C1CCOCC1,CCCCCC(C)=O,openff-2.2.1,2,0.8390537458495071,0.000219067116548,0.8534200000000002,0.000285
29517,1797,dhmix_1485904869507380555,642,EnthalpyOfMixing,<Substance C1CCOCC1{solv}{x=0.500000}|CCCCCC(C)=O{solv}{x=0.500000}>,C1CCOCC1,CCCCCC(C)=O,openff-2.2.1,2,0.140849107074402,0.048201829225391,0.05773,0.000615
29518,1798,dhmix_1931504734279468677,643,EnthalpyOfMixing,<Substance C1CCOCC1{solv}{x=0.250000}|CCCCCC(C)=O{solv}{x=0.750000}>,C1CCOCC1,CCCCCC(C)=O,openff-2.2.1,2,0.2416398886288888,0.0493401111285429,0.03429,0.00053
29519,1799,dhmix_2296263041755700053,644,EnthalpyOfMixing,<Substance C1CCOCC1{solv}{x=0.750000}|CCCCCC(C)=O{solv}{x=0.250000}>,C1CCOCC1,CCCCCC(C)=O,openff-2.2.1,2,0.1085497263483077,0.0462721731353498,0.05587,0.00061
29520,1800,dhmix_357499987240135169,645,EnthalpyOfMixing,<Substance CCCCC{solv}{x=0.772700}|CCCCOC=O{solv}{x=0.227300}>,CCCCC,CCCCOC=O,openff-2.2.1,2,0.9756372496158718,0.0417407462041266,0.87,0.004
29521,1801,dens_435201289177646286,646,Density,<Substance CCCCC{solv}{x=0.504200}|CCCCOC=O{solv}{x=0.495800}>,CCCCC,CCCCOC=O,openff-2.2.1,2,0.7503131914531951,0.0002462242023152,0.7523000000000001,0.00024
29522,1802,dens_635752291929824010,647,Density,<Substance CCCCC{solv}{x=0.699000}|CCCCOC=O{solv}{x=0.301000}>,CCCCC,CCCCOC=O,openff-2.2.1,2,0.6916681781567298,0.0002650849738387,0.6994600000000002,0.00018
29523,1803,dhmix_869493303716364153,648,EnthalpyOfMixing,<Substance CCCCC{solv}{x=0.490500}|CCCCOC=O{solv}{x=0.509500}>,CCCCC,CCCCOC=O,openff-2.2.1,2,1.2297503304771311,0.0410439114938719,0.959,0.004
29524,1804,dhmix_1188548276416925178,649,EnthalpyOfMixing,<Substance CCCCC{solv}{x=0.246000}|CCCCOC=O{solv}{x=0.754000}>,CCCCC,CCCCOC=O,openff-2.2.1,2,0.9169056325207876,0.0457539674671593,0.632,0.003
29525,1805,dens_1944800378076074966,650,Density,<Substance CCCCC{solv}{x=0.247100}|CCCCOC=O{solv}{x=0.752900}>,CCCCC,CCCCOC=O,openff-2.2.1,2,0.8273425982868028,0.0002170201372441,0.8221800000000001,0.000375
29526,1806,dhmix_357740737126275220,651,EnthalpyOfMixing,<Substance CC(=O)N(C)C{solv}{x=0.212000}|CCCCCl{solv}{x=0.788000}>,CC(=O)N(C)C,CCCCCl,openff-2.2.1,2,0.4247921177615126,0.0432243842393767,0.244,0.0025
29527,1807,dens_563556088097831353,652,Density,<Substance CC(=O)N(C)C{solv}{x=0.499000}|CCCCCl{solv}{x=0.501000}>,CC(=O)N(C)C,CCCCCl,openff-2.2.1,2,0.8819143404858919,0.0002690732141581,0.9081000000000002,0.0002
29528,1808,dens_1083232356130752567,653,Density,<Substance CC(=O)N(C)C{solv}{x=0.799700}|CCCCCl{solv}{x=0.200300}>,CC(=O)N(C)C,CCCCCl,openff-2.2.1,2,0.8917380645101876,0.0002357784232804,0.9247000000000004,0.0002
29529,1809,dhmix_1487887746912587509,654,EnthalpyOfMixing,<Substance CC(=O)N(C)C{solv}{x=0.708000}|CCCCCl{solv}{x=0.292000}>,CC(=O)N(C)C,CCCCCl,openff-2.2.1,2,0.4106187279875719,0.0404961461027569,0.305,0.0025
29530,1810,dens_1662749398344255132,655,Density,<Substance CC(=O)N(C)C{solv}{x=0.210500}|CCCCCl{solv}{x=0.789500}>,CC(=O)N(C)C,CCCCCl,openff-2.2.1,2,0.8694389963455647,0.0002902585777678,0.8918000000000001,0.0002
29531,1811,dhmix_2085343422065298965,656,EnthalpyOfMixing,<Substance CC(=O)N(C)C{solv}{x=0.511000}|CCCCCl{solv}{x=0.489000}>,CC(=O)N(C)C,CCCCCl,openff-2.2.1,2,0.5656985898750442,0.0408352549846213,0.363,0.0025
29532,1812,dhmix_359626193748497849,657,EnthalpyOfMixing,<Substance C1CCOCC1{solv}{x=0.750000}|O=C1CCCCC1{solv}{x=0.250000}>,C1CCOCC1,O=C1CCCCC1,openff-2.2.1,2,0.0199472000274951,0.040346000404769,0.07698,0.00069
29533,1813,dhmix_709905971434026360,658,EnthalpyOfMixing,<Substance C1CCOCC1{solv}{x=0.250000}|O=C1CCCCC1{solv}{x=0.750000}>,C1CCOCC1,O=C1CCCCC1,openff-2.2.1,2,0.0332507063127991,0.046629629231771,0.05827,0.00062
29534,1814,dens_996263306280392228,659,Density,<Substance C1CCOCC1{solv}{x=0.500900}|O=C1CCCCC1{solv}{x=0.499100}>,C1CCOCC1,O=C1CCCCC1,openff-2.2.1,2,0.8921533992441855,0.0002132468128266,0.9160300000000002,0.000505
29535,1815,dens_1296485655493191092,660,Density,<Substance C1CCOCC1{solv}{x=0.247100}|O=C1CCCCC1{solv}{x=0.752900}>,C1CCOCC1,O=C1CCCCC1,openff-2.2.1,2,0.9036748803735928,0.0002025145455973,0.9305900000000004,0.000505
29536,1816,dhmix_1617652800437548554,661,EnthalpyOfMixing,<Substance C1CCOCC1{solv}{x=0.500000}|O=C1CCCCC1{solv}{x=0.500000}>,C1CCOCC1,O=C1CCCCC1,openff-2.2.1,2,0.0812847823650102,0.0335871417355138,0.08658,0.000725
29537,1817,dens_2134919398794801459,662,Density,<Substance C1CCOCC1{solv}{x=0.738900}|O=C1CCCCC1{solv}{x=0.261100}>,C1CCOCC1,O=C1CCCCC1,openff-2.2.1,2,0.880310584668534,0.0001894910885313,0.9000800000000002,0.000505
29538,1818,dens_371429494256072686,663,Density,<Substance COC=O{solv}{x=0.513800}|ClCCCCl{solv}{x=0.486200}>,COC=O,ClCCCCl,openff-2.2.1,2,1.088845267579004,0.0004058046669417,1.08831,0.00025
29539,1819,dens_416463243686186519,664,Density,<Substance COC=O{solv}{x=0.738400}|ClCCCCl{solv}{x=0.261600}>,COC=O,ClCCCCl,openff-2.2.1,2,1.051427980655726,0.000323364702062,1.03754,0.0002
29540,1820,dhmix_573570621261992547,665,EnthalpyOfMixing,<Substance COC=O{solv}{x=0.767400}|ClCCCCl{solv}{x=0.232600}>,COC=O,ClCCCCl,openff-2.2.1,2,0.6045578341635052,0.0333553906379542,0.2841,0.0015
29541,1821,dens_1665007650151393058,666,Density,<Substance COC=O{solv}{x=0.244000}|ClCCCCl{solv}{x=0.756000}>,COC=O,ClCCCCl,openff-2.2.1,2,1.1277138046251192,0.0003605806566599,1.1395000000000002,0.0003
29542,1822,dhmix_2050640017895200777,667,EnthalpyOfMixing,<Substance COC=O{solv}{x=0.502400}|ClCCCCl{solv}{x=0.497600}>,COC=O,ClCCCCl,openff-2.2.1,2,0.8474827321000085,0.0309348796730056,0.3503,0.00175
29543,1823,dhmix_2121310957223924646,668,EnthalpyOfMixing,<Substance COC=O{solv}{x=0.202400}|ClCCCCl{solv}{x=0.797600}>,COC=O,ClCCCCl,openff-2.2.1,2,0.5716453130268562,0.032553630923862,0.2064,0.0012
29544,1824,dens_380799246642881225,669,Density,<Substance Cc1ccncc1{solv}{x=0.500000}|O{solv}{x=0.500000}>,Cc1ccncc1,O,openff-2.2.1,2,0.9491986813523564,0.0003299931153678,0.9704000000000004,0.0005
29545,1825,dens_1024460369591354985,670,Density,<Substance Cc1ccncc1{solv}{x=0.225000}|O{solv}{x=0.775000}>,Cc1ccncc1,O,openff-2.2.1,2,0.956988540190855,0.0003899863224872,0.9848000000000002,0.0004
29546,1826,dens_1867704914487230306,671,Density,<Substance Cc1ccncc1{solv}{x=0.750000}|O{solv}{x=0.250000}>,Cc1ccncc1,O,openff-2.2.1,2,0.9455656270617856,0.0002377532445262,0.9614000000000004,0.0004
29547,1827,dhmix_396839331496923568,672,EnthalpyOfMixing,<Substance CCCOC(=O)CC{solv}{x=0.237600}|ClCCCl{solv}{x=0.762400}>,CCCOC(=O)CC,ClCCCl,openff-2.2.1,2,-0.2969437799481191,1.279565551271212e-05,-0.317,0.0035
29548,1828,dens_1025242301432619836,673,Density,<Substance CCCOC(=O)CC{solv}{x=0.518800}|ClCCCl{solv}{x=0.481200}>,CCCOC(=O)CC,ClCCCl,openff-2.2.1,2,0.997458267909737,1e-05,1.0064000000000002,0.000905
29549,1829,dens_1654149510571748883,674,Density,<Substance CCCOC(=O)CC{solv}{x=0.731600}|ClCCCl{solv}{x=0.268400}>,CCCOC(=O)CC,ClCCCl,openff-2.2.1,2,0.93551561712706,1e-05,0.9416300000000002,0.00041
29550,1830,dens_1804016971158746429,675,Density,<Substance CCCOC(=O)CC{solv}{x=0.243700}|ClCCCl{solv}{x=0.756300}>,CCCOC(=O)CC,ClCCCl,openff-2.2.1,2,1.098824357777516,1e-05,1.11431,0.002155
29551,1831,dhmix_1840109043188951916,676,EnthalpyOfMixing,<Substance CCCOC(=O)CC{solv}{x=0.517700}|ClCCCl{solv}{x=0.482300}>,CCCOC(=O)CC,ClCCCl,openff-2.2.1,2,-0.397184980761363,1.225009387719131e-05,-0.557,0.006
29552,1832,dhmix_1924188358781329171,677,EnthalpyOfMixing,<Substance CCCOC(=O)CC{solv}{x=0.787400}|ClCCCl{solv}{x=0.212600}>,CCCOC(=O)CC,ClCCCl,openff-2.2.1,2,-0.2562001039815058,1.2902472631243985e-05,-0.357,0.004
29553,1833,dhmix_408170436877433675,678,EnthalpyOfMixing,<Substance CCCCC{solv}{x=0.229800}|CCOC=O{solv}{x=0.770200}>,CCCCC,CCOC=O,openff-2.2.1,2,1.1915953877044458,0.0379670798242326,1.016,0.0045
29554,1834,dens_1159257310358090227,679,Density,<Substance CCCCC{solv}{x=0.748000}|CCOC=O{solv}{x=0.252000}>,CCCCC,CCOC=O,openff-2.2.1,2,0.6630696941387761,0.000256789107687,0.6707000000000002,0.000165
29555,1835,dhmix_1897634982824334825,680,EnthalpyOfMixing,<Substance CCCCC{solv}{x=0.500100}|CCOC=O{solv}{x=0.499900}>,CCCCC,CCOC=O,openff-2.2.1,2,1.7028011981836642,0.0406278281140133,1.354,0.0055
29556,1836,dens_1931965346092446599,681,Density,<Substance CCCCC{solv}{x=0.504000}|CCOC=O{solv}{x=0.496000}>,CCCCC,CCOC=O,openff-2.2.1,2,0.7351849252717126,0.0002732503306513,0.7333000000000002,0.00024
29557,1837,dens_2086304425324215507,682,Density,<Substance CCCCC{solv}{x=0.298000}|CCOC=O{solv}{x=0.702000}>,CCCCC,CCOC=O,openff-2.2.1,2,0.8090643712977554,0.0002596533932654,0.7971000000000003,0.000345
29558,1838,dhmix_2117998354372981576,683,EnthalpyOfMixing,<Substance CCCCC{solv}{x=0.777900}|CCOC=O{solv}{x=0.222100}>,CCCCC,CCOC=O,openff-2.2.1,2,1.4590842099944297,0.0478603661869181,1.051,0.0045
29559,1839,dens_415189671276159712,684,Density,<Substance NCCO{solv}{x=0.785350}|c1ccncc1{solv}{x=0.214650}>,NCCO,c1ccncc1,openff-2.2.1,2,1.0452871395472283,0.0003122586943066,1.002592,0.000101
29560,1840,dhmix_607563797490786343,685,EnthalpyOfMixing,<Substance NCCO{solv}{x=0.559360}|c1ccncc1{solv}{x=0.440640}>,NCCO,c1ccncc1,openff-2.2.1,2,0.7178613452637599,0.0364850649894614,0.824,0.0035
29561,1841,dhmix_783614050589043390,686,EnthalpyOfMixing,<Substance NCCO{solv}{x=0.248120}|c1ccncc1{solv}{x=0.751880}>,NCCO,c1ccncc1,openff-2.2.1,2,0.7700652507169148,0.035055402948606,0.779,0.0035
29562,1842,dens_907288549206652702,687,Density,<Substance NCCO{solv}{x=0.558640}|c1ccncc1{solv}{x=0.441360}>,NCCO,c1ccncc1,openff-2.2.1,2,1.0208223397689205,0.000311485368595,0.9936870000000002,0.0001015
29563,1843,dhmix_1092036220949585875,688,EnthalpyOfMixing,<Substance NCCO{solv}{x=0.746780}|c1ccncc1{solv}{x=0.253220}>,NCCO,c1ccncc1,openff-2.2.1,2,0.4431551489100656,0.0483860699351324,0.612,0.003
29564,1844,dens_2278246591298089898,689,Density,<Substance NCCO{solv}{x=0.210010}|c1ccncc1{solv}{x=0.789990}>,NCCO,c1ccncc1,openff-2.2.1,2,0.9900356235976462,0.0003004417409073,0.9825660000000004,0.0001015
29565,1845,dens_419188249264987147,690,Density,<Substance CCCCC(=O)OCC{solv}{x=0.492100}|CCOC(C)=O{solv}{x=0.507900}>,CCCCC(=O)OCC,CCOC(C)=O,openff-2.2.1,2,0.8805262272488903,0.0002143752346231,0.8787300000000002,0.00012
29566,1846,dens_667714041205021070,691,Density,<Substance CCCCC(=O)OCC{solv}{x=0.304700}|CCOC(C)=O{solv}{x=0.695300}>,CCCCC(=O)OCC,CCOC(C)=O,openff-2.2.1,2,0.886295156547623,0.0002265101112007,0.8836400000000002,0.00012
29567,1847,dhmix_1137774316856842141,692,EnthalpyOfMixing,<Substance CCCCC(=O)OCC{solv}{x=0.737600}|CCOC(C)=O{solv}{x=0.262400}>,CCCCC(=O)OCC,CCOC(C)=O,openff-2.2.1,2,0.0114388876301347,0.0521882127414982,0.114,0.0015
29568,1848,dhmix_1322441082145072072,693,EnthalpyOfMixing,<Substance CCCCC(=O)OCC{solv}{x=0.279900}|CCOC(C)=O{solv}{x=0.720100}>,CCCCC(=O)OCC,CCOC(C)=O,openff-2.2.1,2,0.0582640880697837,0.0408470905052142,0.139,0.0015
29569,1849,dens_1682638395920841051,694,Density,<Substance CCCCC(=O)OCC{solv}{x=0.752600}|CCOC(C)=O{solv}{x=0.247400}>,CCCCC(=O)OCC,CCOC(C)=O,openff-2.2.1,2,0.8732271790328323,0.0002198725211322,0.8732900000000001,0.00012
29570,1850,dhmix_2161842751879945948,695,EnthalpyOfMixing,<Substance CCCCC(=O)OCC{solv}{x=0.519800}|CCOC(C)=O{solv}{x=0.480200}>,CCCCC(=O)OCC,CCOC(C)=O,openff-2.2.1,2,0.032399135918828,0.0442766495034865,0.154,0.002
29571,1851,dhmix_419593950323214290,696,EnthalpyOfMixing,<Substance CCCCCC(C)=O{solv}{x=0.780400}|CCN(CC)CC{solv}{x=0.219600}>,CCCCCC(C)=O,CCN(CC)CC,openff-2.2.1,2,0.088078374397952,0.0515644314335219,0.216,0.0025
29572,1852,dens_651921010645567431,697,Density,<Substance CCCCCC(C)=O{solv}{x=0.259800}|CCN(CC)CC{solv}{x=0.740200}>,CCCCCC(C)=O,CCN(CC)CC,openff-2.2.1,2,0.7416622145388414,0.0002193960714937,0.7465820000000002,8.950000000000002e-05
29573,1853,dens_995831511901627711,698,Density,<Substance CCCCCC(C)=O{solv}{x=0.748400}|CCN(CC)CC{solv}{x=0.251600}>,CCCCCC(C)=O,CCN(CC)CC,openff-2.2.1,2,0.7772968581884775,0.0001833239565561,0.7899410000000002,0.0001055
29574,1854,dhmix_1001984601109558110,699,EnthalpyOfMixing,<Substance CCCCCC(C)=O{solv}{x=0.492000}|CCN(CC)CC{solv}{x=0.508000}>,CCCCCC(C)=O,CCN(CC)CC,openff-2.2.1,2,0.1821527402497693,0.0387459515252775,0.419,0.0045
29575,1855,dens_1887829851815986883,700,Density,<Substance CCCCCC(C)=O{solv}{x=0.503200}|CCN(CC)CC{solv}{x=0.496800}>,CCCCCC(C)=O,CCN(CC)CC,openff-2.2.1,2,0.7599941250532954,0.0001894144612865,0.7684760000000002,9.800000000000002e-05
29576,1856,dhmix_2085744568401562111,701,EnthalpyOfMixing,<Substance CCCCCC(C)=O{solv}{x=0.293900}|CCN(CC)CC{solv}{x=0.706100}>,CCCCCC(C)=O,CCN(CC)CC,openff-2.2.1,2,0.1945918523521115,0.0432251080328634,0.412,0.0045
29577,1857,dens_436049638479549968,702,Density,<Substance COC=O{solv}{x=0.472500}|ClCCCl{solv}{x=0.527500}>,COC=O,ClCCCl,openff-2.2.1,2,1.127049969622749,0.0004353578356355,1.1269600000000004,0.000285
29578,1858,dens_627145458965592302,703,Density,<Substance COC=O{solv}{x=0.753000}|ClCCCl{solv}{x=0.247000}>,COC=O,ClCCCl,openff-2.2.1,2,1.0617328496193912,0.0003536320873213,1.0461600000000004,0.000205
29579,1859,dhmix_731680623269260416,704,EnthalpyOfMixing,<Substance COC=O{solv}{x=0.250800}|ClCCCl{solv}{x=0.749200}>,COC=O,ClCCCl,openff-2.2.1,2,0.4241034885392771,0.0307332446390891,0.0793,0.0007
29580,1860,dens_1488543630772933598,705,Density,<Substance COC=O{solv}{x=0.279500}|ClCCCl{solv}{x=0.720500}>,COC=O,ClCCCl,openff-2.2.1,2,1.1636114959302608,0.0004469517872637,1.1777100000000005,0.00034
29581,1861,dhmix_2170321998768851974,706,EnthalpyOfMixing,<Substance COC=O{solv}{x=0.732200}|ClCCCl{solv}{x=0.267800}>,COC=O,ClCCCl,openff-2.2.1,2,0.4357718117676743,0.0306956835042582,0.0733,0.00065
29582,1862,dhmix_2249001225536869896,707,EnthalpyOfMixing,<Substance COC=O{solv}{x=0.487400}|ClCCCl{solv}{x=0.512600}>,COC=O,ClCCCl,openff-2.2.1,2,0.5611346028224968,0.030184460179793,0.1028,0.0008
29583,1863,dhmix_442816374747487477,708,EnthalpyOfMixing,<Substance NCCCNCCCN{solv}{x=0.801500}|O{solv}{x=0.198500}>,NCCCNCCCN,O,openff-2.2.1,2,-1.9674520600631933,1.2969844467616518e-05,-2.233,0.024
29584,1864,dhmix_1795382205757805615,709,EnthalpyOfMixing,<Substance NCCCNCCCN{solv}{x=0.300500}|O{solv}{x=0.699500}>,NCCCNCCCN,O,openff-2.2.1,2,-4.690267955307643,1.2568850146772776e-05,-6.588,0.07
29585,1865,dhmix_1814950732748396893,710,EnthalpyOfMixing,<Substance NCCCNCCCN{solv}{x=0.499800}|O{solv}{x=0.500200}>,NCCCNCCCN,O,openff-2.2.1,2,-4.43014865100252,1.2247448713915892e-05,-5.544,0.059
29586,1866,dhmix_446869196417408130,711,EnthalpyOfMixing,<Substance NCCNCCO{solv}{x=0.770000}|O{solv}{x=0.230000}>,NCCNCCO,O,openff-2.2.1,2,-1.717135980482297,1.282887368399892e-05,-1.711,0.035
29587,1867,dhmix_673839467313503071,712,EnthalpyOfMixing,<Substance NCCNCCO{solv}{x=0.069900}|O{solv}{x=0.930100}>,NCCNCCO,O,openff-2.2.1,2,-0.7079219937135441,1.3674063039199432e-05,-1.713,0.035
29588,1868,dens_688094438561771555,713,Density,<Substance NCCNCCO{solv}{x=0.799700}|O{solv}{x=0.200300}>,NCCNCCO,O,openff-2.2.1,2,1.0819137451364405,1e-05,1.0318300000000002,0.00024
29589,1869,dhmix_1682883323293489147,714,EnthalpyOfMixing,<Substance NCCNCCO{solv}{x=0.400100}|O{solv}{x=0.599900}>,NCCNCCO,O,openff-2.2.1,2,-2.32201882143265,1.2328828005937951e-05,-4.15,0.0845
29590,1870,dens_2045176885611624977,715,Density,<Substance NCCNCCO{solv}{x=0.070000}|O{solv}{x=0.930000}>,NCCNCCO,O,openff-2.2.1,2,1.0205212843798486,1e-05,1.0222800000000003,0.000125
29591,1871,dens_2280714043292214506,716,Density,<Substance NCCNCCO{solv}{x=0.399700}|O{solv}{x=0.600300}>,NCCNCCO,O,openff-2.2.1,2,1.066746543340994,1e-05,1.0370100000000002,0.00017
29592,1872,dens_448105363780466270,717,Density,<Substance CCCCCCCl{solv}{x=0.498300}|CN(C)C=O{solv}{x=0.501700}>,CCCCCCCl,CN(C)C=O,openff-2.2.1,2,0.8821059736632479,0.0002496387131152,0.8974000000000002,0.0003
29593,1873,dens_1134260732394863277,718,Density,<Substance CCCCCCCl{solv}{x=0.729300}|CN(C)C=O{solv}{x=0.270700}>,CCCCCCCl,CN(C)C=O,openff-2.2.1,2,0.8704273612834641,0.0002731352248154,0.8844000000000002,0.0003
29594,1874,dhmix_1150917243327149472,719,EnthalpyOfMixing,<Substance CCCCCCCl{solv}{x=0.500000}|CN(C)C=O{solv}{x=0.500000}>,CCCCCCCl,CN(C)C=O,openff-2.2.1,2,1.1769963973184616,0.0384093129786152,0.847,0.004
29595,1875,dhmix_1166656674614639609,720,EnthalpyOfMixing,<Substance CCCCCCCl{solv}{x=0.204000}|CN(C)C=O{solv}{x=0.796000}>,CCCCCCCl,CN(C)C=O,openff-2.2.1,2,0.8009751334204864,0.0406186708401755,0.583,0.004
29596,1876,dhmix_1262474968830454367,721,EnthalpyOfMixing,<Substance CCCCCCCl{solv}{x=0.795000}|CN(C)C=O{solv}{x=0.205000}>,CCCCCCCl,CN(C)C=O,openff-2.2.1,2,0.7992839618574834,0.0380204329651173,0.542,0.0035
29597,1877,dens_1862934255267356180,722,Density,<Substance CCCCCCCl{solv}{x=0.200700}|CN(C)C=O{solv}{x=0.799300}>,CCCCCCCl,CN(C)C=O,openff-2.2.1,2,0.9014290286558272,0.0002363198089902,0.9218000000000002,0.00025
29598,1878,dhmix_457000181442392641,723,EnthalpyOfMixing,<Substance CCOCCO{solv}{x=0.241100}|c1ccccc1{solv}{x=0.758900}>,CCOCCO,c1ccccc1,openff-2.2.1,2,0.7094942810356031,0.0402512566374855,0.6303,0.00815
29599,1879,dhmix_501726034520661035,724,EnthalpyOfMixing,<Substance CCOCCO{solv}{x=0.733600}|c1ccccc1{solv}{x=0.266400}>,CCOCCO,c1ccccc1,openff-2.2.1,2,0.297641532719112,0.0478903300190949,0.2326,0.0033
29600,1880,dens_577983044895299238,725,Density,<Substance CCOCCO{solv}{x=0.251800}|c1ccccc1{solv}{x=0.748200}>,CCOCCO,c1ccccc1,openff-2.2.1,2,0.8722510435207065,0.0002928271756429,0.8849000000000002,0.00081
29601,1881,dens_1506946378386070831,726,Density,<Substance CCOCCO{solv}{x=0.750800}|c1ccccc1{solv}{x=0.249200}>,CCOCCO,c1ccccc1,openff-2.2.1,2,0.9067349987529172,0.0002640046071635,0.9134500000000004,0.000685
29602,1882,dhmix_1801594081157333975,727,EnthalpyOfMixing,<Substance CCOCCO{solv}{x=0.478600}|c1ccccc1{solv}{x=0.521400}>,CCOCCO,c1ccccc1,openff-2.2.1,2,0.566684648664264,0.039329863108688,0.4912,0.00645
29603,1883,dens_2128846755225827916,728,Density,<Substance CCOCCO{solv}{x=0.504800}|c1ccccc1{solv}{x=0.495200}>,CCOCCO,c1ccccc1,openff-2.2.1,2,0.889945501110684,0.0001864587217693,0.8995700000000003,0.000745
29604,1884,dhmix_466383569529620932,729,EnthalpyOfMixing,<Substance CC(=O)N(C)C{solv}{x=0.505000}|CCCCCCCl{solv}{x=0.495000}>,CC(=O)N(C)C,CCCCCCCl,openff-2.2.1,2,0.8706020792855611,0.0448981987402226,0.61,0.003
29605,1885,dhmix_493694362228351572,730,EnthalpyOfMixing,<Substance CC(=O)N(C)C{solv}{x=0.798000}|CCCCCCCl{solv}{x=0.202000}>,CC(=O)N(C)C,CCCCCCCl,openff-2.2.1,2,0.5353973227332709,0.0420504868127589,0.425,0.003
29606,1886,dhmix_626564461179097700,731,EnthalpyOfMixing,<Substance CC(=O)N(C)C{solv}{x=0.211000}|CCCCCCCl{solv}{x=0.789000}>,CC(=O)N(C)C,CCCCCCCl,openff-2.2.1,2,0.5292433814637434,0.0512422907077601,0.38,0.003
29607,1887,dens_1720641323575133011,732,Density,<Substance CC(=O)N(C)C{solv}{x=0.200300}|CCCCCCCl{solv}{x=0.799700}>,CC(=O)N(C)C,CCCCCCCl,openff-2.2.1,2,0.8665053024409671,0.0002461895897839,0.8816000000000003,0.00025
29608,1888,dens_1817345990638851984,733,Density,<Substance CC(=O)N(C)C{solv}{x=0.503000}|CCCCCCCl{solv}{x=0.497000}>,CC(=O)N(C)C,CCCCCCCl,openff-2.2.1,2,0.8764849534467293,0.000232656605156,0.8975000000000002,0.00025
29609,1889,dens_1885054129776339889,734,Density,<Substance CC(=O)N(C)C{solv}{x=0.699200}|CCCCCCCl{solv}{x=0.300800}>,CC(=O)N(C)C,CCCCCCCl,openff-2.2.1,2,0.8839207784133097,0.000225147807866,0.9104000000000002,0.0002
29610,1890,dens_468507243072548580,735,Density,<Substance CCC#N{solv}{x=0.701200}|CCOC(C)(C)CC{solv}{x=0.298800}>,CCC#N,CCOC(C)(C)CC,openff-2.2.1,2,0.7716941140743735,0.0002142653512074,0.7715000000000002,0.0004
29611,1891,dhmix_553135124490085656,736,EnthalpyOfMixing,<Substance CCC#N{solv}{x=0.502500}|CCOC(C)(C)CC{solv}{x=0.497500}>,CCC#N,CCOC(C)(C)CC,openff-2.2.1,2,0.2806726493986176,0.0416791524111787,0.7023,0.00955
29612,1892,dens_762108332272225600,737,Density,<Substance CCC#N{solv}{x=0.502500}|CCOC(C)(C)CC{solv}{x=0.497500}>,CCC#N,CCOC(C)(C)CC,openff-2.2.1,2,0.7683147384609167,0.0002512403914704,0.7683000000000001,0.00035
29613,1893,dens_967634241844220739,738,Density,<Substance CCC#N{solv}{x=0.200900}|CCOC(C)(C)CC{solv}{x=0.799100}>,CCC#N,CCOC(C)(C)CC,openff-2.2.1,2,0.7634535083847764,0.0002336454347873,0.7638000000000001,0.00025
29614,1894,dhmix_1961082112686431376,739,EnthalpyOfMixing,<Substance CCC#N{solv}{x=0.200900}|CCOC(C)(C)CC{solv}{x=0.799100}>,CCC#N,CCOC(C)(C)CC,openff-2.2.1,2,0.1967785763802751,0.0450248465361034,0.502,0.00685
29615,1895,dhmix_2005765786246998093,740,EnthalpyOfMixing,<Substance CCC#N{solv}{x=0.701200}|CCOC(C)(C)CC{solv}{x=0.298800}>,CCC#N,CCOC(C)(C)CC,openff-2.2.1,2,0.2828221660154852,0.03645790458588,0.5863,0.008
29616,1896,dhmix_471514663464011364,741,EnthalpyOfMixing,<Substance C1CCOCC1{solv}{x=0.722000}|CCCCCO{solv}{x=0.278000}>,C1CCOCC1,CCCCCO,openff-2.2.1,2,0.9766670342637696,0.0428628193303775,0.8628,0.00745
29617,1897,dens_910343796235321484,742,Density,<Substance C1CCOCC1{solv}{x=0.298700}|CCCCCO{solv}{x=0.701300}>,C1CCOCC1,CCCCCO,openff-2.2.1,2,0.8215832387880397,0.0002158453689633,0.8293300000000002,0.00034
29618,1898,dens_1812069868432416079,743,Density,<Substance C1CCOCC1{solv}{x=0.800000}|CCCCCO{solv}{x=0.200000}>,C1CCOCC1,CCCCCO,openff-2.2.1,2,0.8522171306043275,0.0002617658623326,0.8635900000000002,0.000315
29619,1899,dhmix_1936206883965149188,744,EnthalpyOfMixing,<Substance C1CCOCC1{solv}{x=0.526000}|CCCCCO{solv}{x=0.474000}>,C1CCOCC1,CCCCCO,openff-2.2.1,2,1.069736216586236,0.043137000585486,0.97,0.00615
29620,1900,dhmix_1992318015190346725,745,EnthalpyOfMixing,<Substance C1CCOCC1{solv}{x=0.217000}|CCCCCO{solv}{x=0.783000}>,C1CCOCC1,CCCCCO,openff-2.2.1,2,0.8252017701402963,0.0430850987852163,0.6006,0.00455
29621,1901,dens_2204330198012032768,746,Density,<Substance C1CCOCC1{solv}{x=0.499400}|CCCCCO{solv}{x=0.500600}>,C1CCOCC1,CCCCCO,openff-2.2.1,2,0.8329085169400436,0.0002259596788685,0.8425400000000002,0.00033
29622,1902,dhmix_472822428299818953,747,EnthalpyOfMixing,<Substance CC(C)CC(C)(C)C{solv}{x=0.700500}|CCCCO{solv}{x=0.299500}>,CC(C)CC(C)(C)C,CCCCO,openff-2.2.1,2,0.8900852794690621,1.257203858776891e-05,0.6228,0.0028
29623,1903,dhmix_628387028768654403,748,EnthalpyOfMixing,<Substance CC(C)CC(C)(C)C{solv}{x=0.499900}|CCCCO{solv}{x=0.500100}>,CC(C)CC(C)(C)C,CCCCO,openff-2.2.1,2,0.8965974753564581,1.2247448713915892e-05,0.5938,0.0027
29624,1904,dens_631668933678639865,749,Density,<Substance CC(C)CC(C)(C)C{solv}{x=0.200000}|CCCCO{solv}{x=0.800000}>,CC(C)CC(C)(C)C,CCCCO,openff-2.2.1,2,0.7687425208285712,1e-05,0.7696800000000001,0.000295
29625,1905,dens_1394470087977586253,750,Density,<Substance CC(C)CC(C)(C)C{solv}{x=0.500000}|CCCCO{solv}{x=0.500000}>,CC(C)CC(C)(C)C,CCCCO,openff-2.2.1,2,0.7360398402230187,1e-05,0.7294000000000002,0.000285
29626,1906,dens_1809610870413503056,751,Density,<Substance CC(C)CC(C)(C)C{solv}{x=0.699900}|CCCCO{solv}{x=0.300100}>,CC(C)CC(C)(C)C,CCCCO,openff-2.2.1,2,0.7201749380475078,1e-05,0.7097700000000001,0.000285
29627,1907,dhmix_2302589146189152767,752,EnthalpyOfMixing,<Substance CC(C)CC(C)(C)C{solv}{x=0.200200}|CCCCO{solv}{x=0.799800}>,CC(C)CC(C)(C)C,CCCCO,openff-2.2.1,2,0.4364967380916766,1.2961481396815724e-05,0.27646,0.003235
29628,1908,dens_486902622078179007,753,Density,<Substance COC=O{solv}{x=0.494600}|CO{solv}{x=0.505400}>,CO,COC=O,openff-2.2.1,2,0.9003011353233009,0.0003446368738652,0.8956100000000002,7.500000000000002e-05
29629,1909,dens_750646162221180186,754,Density,<Substance COC=O{solv}{x=0.083300}|CO{solv}{x=0.916700}>,CO,COC=O,openff-2.2.1,2,0.7899497845307683,0.0004111746391513,0.8088000000000002,9.000000000000002e-05
29630,1910,dhmix_1113631207235753369,755,EnthalpyOfMixing,<Substance COC=O{solv}{x=0.717800}|CO{solv}{x=0.282200}>,CO,COC=O,openff-2.2.1,2,0.6310801271386735,0.029544509071537,1.105,0.012
29631,1911,dhmix_2143911117683117531,756,EnthalpyOfMixing,<Substance COC=O{solv}{x=0.512700}|CO{solv}{x=0.487300}>,CO,COC=O,openff-2.2.1,2,0.8764292368472741,0.0268201817216811,1.179,0.0125
29632,1912,dens_2148324189014877510,757,Density,<Substance COC=O{solv}{x=0.727100}|CO{solv}{x=0.272900}>,CO,COC=O,openff-2.2.1,2,0.9473463133123744,0.000233774289861,0.9321000000000004,8.000000000000002e-05
29633,1913,dhmix_2205254965267695203,758,EnthalpyOfMixing,<Substance COC=O{solv}{x=0.083300}|CO{solv}{x=0.916700}>,CO,COC=O,openff-2.2.1,2,0.2098871142090494,0.0298482381660927,0.311,0.0035
29634,1914,dhmix_497300242003673148,759,EnthalpyOfMixing,<Substance BrCCBr{solv}{x=0.284100}|CCCCOC(=O)CCC{solv}{x=0.715900}>,BrCCBr,CCCCOC(=O)CCC,openff-2.2.1,2,-0.5887939296242237,0.0467999793931531,-0.054,0.001
29635,1915,dhmix_712261179736749495,760,EnthalpyOfMixing,<Substance BrCCBr{solv}{x=0.515300}|CCCCOC(=O)CCC{solv}{x=0.484700}>,BrCCBr,CCCCOC(=O)CCC,openff-2.2.1,2,-0.6261510126723806,0.0447416803461748,-0.027,0.0005
29636,1916,dens_846614854165535724,761,Density,<Substance BrCCBr{solv}{x=0.212900}|CCCCOC(=O)CCC{solv}{x=0.787100}>,BrCCBr,CCCCOC(=O)CCC,openff-2.2.1,2,1.016303083740841,0.0002341178342015,1.0245500000000003,0.00013
29637,1917,dens_1085110183353279404,762,Density,<Substance BrCCBr{solv}{x=0.730000}|CCCCOC(=O)CCC{solv}{x=0.270000}>,BrCCBr,CCCCOC(=O)CCC,openff-2.2.1,2,1.599508513980189,0.0004224648533262,1.6231500000000003,0.000405
29638,1918,dhmix_2153957437015117204,763,EnthalpyOfMixing,<Substance BrCCBr{solv}{x=0.763900}|CCCCOC(=O)CCC{solv}{x=0.236100}>,BrCCBr,CCCCOC(=O)CCC,openff-2.2.1,2,-0.5736511729423448,0.0385689935655461,0.051,0.001
29639,1919,dens_2242615301342819560,764,Density,<Substance BrCCBr{solv}{x=0.449300}|CCCCOC(=O)CCC{solv}{x=0.550700}>,BrCCBr,CCCCOC(=O)CCC,openff-2.2.1,2,1.2387258806180097,0.0003104260015457,1.2506100000000002,0.000225
29640,1920,dens_501060706627477242,765,Density,<Substance OC1=NCCC1{solv}{x=0.500000}|O{solv}{x=0.500000}>,O,OC1=NCCC1,openff-2.2.1,2,1.0477111468692804,0.0003925244987728,1.0977070000000004,0.0005555
29641,1921,dens_929065521104254808,766,Density,<Substance OC1=NCCC1{solv}{x=0.744800}|O{solv}{x=0.255200}>,O,OC1=NCCC1,openff-2.2.1,2,1.0564702922873492,0.0003016199565455,1.1044310000000004,0.000577
29642,1922,dhmix_1128968771311392860,767,EnthalpyOfMixing,<Substance OC1=NCCC1{solv}{x=0.769300}|O{solv}{x=0.230700}>,O,OC1=NCCC1,openff-2.2.1,2,0.9060205360494537,0.0396592148524201,-0.678,0.1695
29643,1923,dens_1192491633684345401,768,Density,<Substance OC1=NCCC1{solv}{x=0.246800}|O{solv}{x=0.753200}>,O,OC1=NCCC1,openff-2.2.1,2,1.0292487755097766,0.0003528854214028,1.077068,0.0004905
29644,1924,dhmix_1775375132531538271,769,EnthalpyOfMixing,<Substance OC1=NCCC1{solv}{x=0.478300}|O{solv}{x=0.521700}>,O,OC1=NCCC1,openff-2.2.1,2,0.8521420663711297,0.0272412447335305,-0.8384,0.20965
29645,1925,dhmix_1895825007089845103,770,EnthalpyOfMixing,<Substance OC1=NCCC1{solv}{x=0.231900}|O{solv}{x=0.768100}>,O,OC1=NCCC1,openff-2.2.1,2,0.6733046947990147,0.0252070502582257,-0.5238,0.13095
29646,1926,dens_502738970558558534,771,Density,<Substance BrCCBr{solv}{x=0.749000}|COC=O{solv}{x=0.251000}>,BrCCBr,COC=O,openff-2.2.1,2,1.898083617574628,0.000626660354153,1.9319600000000008,0.003535
29647,1927,dhmix_523129341332875255,772,EnthalpyOfMixing,<Substance BrCCBr{solv}{x=0.059500}|COC=O{solv}{x=0.940500}>,BrCCBr,COC=O,openff-2.2.1,2,0.1976354845575723,0.0358301121212808,0.1715,0.00215
29648,1928,dens_528986974844153101,773,Density,<Substance BrCCBr{solv}{x=0.059800}|COC=O{solv}{x=0.940200}>,BrCCBr,COC=O,openff-2.2.1,2,1.0878147764142234,0.0002721845428002,1.06428,0.00056
29649,1929,dhmix_1521152703631810888,774,EnthalpyOfMixing,<Substance BrCCBr{solv}{x=0.757400}|COC=O{solv}{x=0.242600}>,BrCCBr,COC=O,openff-2.2.1,2,0.2602228459548037,0.033367885471058,0.653,0.00585
29650,1930,dhmix_1685647138770344206,775,EnthalpyOfMixing,<Substance BrCCBr{solv}{x=0.528100}|COC=O{solv}{x=0.471900}>,BrCCBr,COC=O,openff-2.2.1,2,0.4705973247008401,0.0293947458528124,0.8123,0.00705
29651,1931,dens_1945150067923572864,776,Density,<Substance BrCCBr{solv}{x=0.501500}|COC=O{solv}{x=0.498500}>,BrCCBr,COC=O,openff-2.2.1,2,1.6572067374028778,0.0005177562299714,1.6620300000000003,0.00232
29652,1932,dens_511283508189056955,777,Density,<Substance CCO{solv}{x=0.291400}|CN(C)CCO{solv}{x=0.708600}>,CCO,CN(C)CCO,openff-2.2.1,2,0.8704737943978382,0.0002213109811196,0.8710100000000002,0.000165
29653,1933,dhmix_1055456388735168345,778,EnthalpyOfMixing,<Substance CCO{solv}{x=0.508400}|CN(C)CCO{solv}{x=0.491600}>,CCO,CN(C)CCO,openff-2.2.1,2,-0.7114525247747423,0.0376801845117672,-0.4044,0.0044
29654,1934,dens_1119930253414624267,779,Density,<Substance CCO{solv}{x=0.699500}|CN(C)CCO{solv}{x=0.300500}>,CCO,CN(C)CCO,openff-2.2.1,2,0.8316131198997033,0.000199864506145,0.8345000000000002,0.000135
29655,1935,dhmix_1132835222292135012,780,EnthalpyOfMixing,<Substance CCO{solv}{x=0.268600}|CN(C)CCO{solv}{x=0.731400}>,CCO,CN(C)CCO,openff-2.2.1,2,-0.4492809917200731,0.0466334193454821,-0.2783,0.0031
29656,1936,dens_1964926738263319597,781,Density,<Substance CCO{solv}{x=0.494900}|CN(C)CCO{solv}{x=0.505100}>,CCO,CN(C)CCO,openff-2.2.1,2,0.854246202278359,0.0002205830285034,0.8566200000000002,0.00015
29657,1937,dhmix_2011138895468245368,782,EnthalpyOfMixing,<Substance CCO{solv}{x=0.733500}|CN(C)CCO{solv}{x=0.266500}>,CCO,CN(C)CCO,openff-2.2.1,2,-0.6041008882006835,0.0350593956720777,-0.3657,0.004
29658,1938,dhmix_517287783481256565,783,EnthalpyOfMixing,<Substance CN(C)C=O{solv}{x=0.701000}|ClCCCCCl{solv}{x=0.299000}>,CN(C)C=O,ClCCCCCl,openff-2.2.1,2,0.4256111886845701,0.0364775576671931,-0.052,0.002
29659,1939,dens_765057686797526715,784,Density,<Substance CN(C)C=O{solv}{x=0.794300}|ClCCCCCl{solv}{x=0.205700}>,CN(C)C=O,ClCCCCCl,openff-2.2.1,2,0.972071447727936,0.0002766801572496,0.9934000000000002,0.00245
29660,1940,dens_1092490027864410415,785,Density,<Substance CN(C)C=O{solv}{x=0.502200}|ClCCCCCl{solv}{x=0.497800}>,CN(C)C=O,ClCCCCCl,openff-2.2.1,2,1.0348812635649898,0.0002615582989968,1.0524000000000004,0.0022
29661,1941,dens_1571926938169630329,786,Density,<Substance CN(C)C=O{solv}{x=0.299400}|ClCCCCCl{solv}{x=0.700600}>,CN(C)C=O,ClCCCCCl,openff-2.2.1,2,1.0709369860339568,0.0003437001667243,1.0879000000000003,0.0021
29662,1942,dhmix_1989422051580285053,787,EnthalpyOfMixing,<Substance CN(C)C=O{solv}{x=0.501000}|ClCCCCCl{solv}{x=0.499000}>,CN(C)C=O,ClCCCCCl,openff-2.2.1,2,0.5613016091049303,0.0347730357918183,-0.056,0.002
29663,1943,dhmix_2190775305913174779,788,EnthalpyOfMixing,<Substance CN(C)C=O{solv}{x=0.204000}|ClCCCCCl{solv}{x=0.796000}>,CN(C)C=O,ClCCCCCl,openff-2.2.1,2,0.3274486965391432,0.0433079337294476,-0.039,0.002
29664,1944,dens_518199256039095036,789,Density,<Substance CCCCO{solv}{x=0.496400}|NCCN{solv}{x=0.503600}>,CCCCO,NCCN,openff-2.2.1,2,0.8879462303448625,1e-05,0.8519430000000002,0.000219
29665,1945,dens_866492593379488722,790,Density,<Substance CCCCO{solv}{x=0.739800}|NCCN{solv}{x=0.260200}>,CCCCO,NCCN,openff-2.2.1,2,0.8409945771823348,1e-05,0.8325090000000002,0.000221
29666,1946,dens_2064365769538781360,791,Density,<Substance CCCCO{solv}{x=0.291900}|NCCN{solv}{x=0.708100}>,CCCCO,NCCN,openff-2.2.1,2,0.9366010491030328,1e-05,0.8676960000000002,0.0002205
29667,1947,dens_520201021244222151,792,Density,<Substance O=C1CCCO1{solv}{x=0.300000}|O{solv}{x=0.700000}>,O,O=C1CCCO1,openff-2.2.1,2,1.0540166129470163,0.0003654519747892,1.0886000000000002,0.0001
29668,1948,dens_2198925124601089428,793,Density,<Substance O=C1CCCO1{solv}{x=0.500000}|O{solv}{x=0.500000}>,O,O=C1CCCO1,openff-2.2.1,2,1.0736327336004323,0.0003060096037267,1.1059000000000003,0.0001
29669,1949,dens_2272207838075726438,794,Density,<Substance O=C1CCCO1{solv}{x=0.800000}|O{solv}{x=0.200000}>,O,O=C1CCCO1,openff-2.2.1,2,1.0895704563622617,0.0002455359451368,1.1182000000000003,0.0001
29670,1950,dhmix_524376395520217080,795,EnthalpyOfMixing,<Substance CC(C)CC(C)(C)C{solv}{x=0.440700}|CCCC(=O)OC{solv}{x=0.559300}>,CC(C)CC(C)(C)C,CCCC(=O)OC,openff-2.2.1,2,1.5390606775663258,0.0470780999465313,1.053,0.0115
29671,1951,dens_581090592491592243,796,Density,<Substance CC(C)CC(C)(C)C{solv}{x=0.298100}|CCCC(=O)OC{solv}{x=0.701900}>,CC(C)CC(C)(C)C,CCCC(=O)OC,openff-2.2.1,2,0.8146915814909168,0.0002412839589062,0.8119000000000002,0.000505
29672,1952,dens_1497434747823371430,797,Density,<Substance CC(C)CC(C)(C)C{solv}{x=0.724300}|CCCC(=O)OC{solv}{x=0.275700}>,CC(C)CC(C)(C)C,CCCC(=O)OC,openff-2.2.1,2,0.7389933139149644,0.000195960704492,0.7279000000000001,0.000505
29673,1953,dhmix_1614087501371550297,798,EnthalpyOfMixing,<Substance CC(C)CC(C)(C)C{solv}{x=0.762900}|CCCC(=O)OC{solv}{x=0.237100}>,CC(C)CC(C)(C)C,CCCC(=O)OC,openff-2.2.1,2,1.322312240401757,0.0401963319054122,0.789,0.0085
29674,1954,dens_1842979547629422953,799,Density,<Substance CC(C)CC(C)(C)C{solv}{x=0.441000}|CCCC(=O)OC{solv}{x=0.559000}>,CC(C)CC(C)(C)C,CCCC(=O)OC,openff-2.2.1,2,0.7857992649434038,0.0002123748820718,0.7803000000000001,0.000505
29675,1955,dhmix_2246911102339588209,800,EnthalpyOfMixing,<Substance CC(C)CC(C)(C)C{solv}{x=0.298200}|CCCC(=O)OC{solv}{x=0.701800}>,CC(C)CC(C)(C)C,CCCC(=O)OC,openff-2.2.1,2,1.2578213339328954,0.0463158132360883,0.884,0.0095
29676,1956,dhmix_536798507677319129,801,EnthalpyOfMixing,<Substance C1COCO1{solv}{x=0.267900}|Cc1ccccc1Cl{solv}{x=0.732100}>,C1COCO1,Cc1ccccc1Cl,openff-2.2.1,2,0.3098568148167828,0.0408461835150784,0.272,0.0015
29677,1957,dens_559535483529614058,802,Density,<Substance C1COCO1{solv}{x=0.726600}|Cc1ccccc1Cl{solv}{x=0.273400}>,C1COCO1,Cc1ccccc1Cl,openff-2.2.1,2,1.0844078798326948,0.0002827923229093,1.0652000000000004,0.0005
29678,1958,dens_731520844601672570,803,Density,<Substance C1COCO1{solv}{x=0.268500}|Cc1ccccc1Cl{solv}{x=0.731500}>,C1COCO1,Cc1ccccc1Cl,openff-2.2.1,2,1.062986903795578,0.0002511301127959,1.0630000000000002,0.0005
29679,1959,dens_839907656840905053,804,Density,<Substance C1COCO1{solv}{x=0.516900}|Cc1ccccc1Cl{solv}{x=0.483100}>,C1COCO1,Cc1ccccc1Cl,openff-2.2.1,2,1.0797467361751802,0.0002952980564103,1.0694000000000004,0.0005
29680,1960,dhmix_1308085019204784636,805,EnthalpyOfMixing,<Substance C1COCO1{solv}{x=0.500900}|Cc1ccccc1Cl{solv}{x=0.499100}>,C1COCO1,Cc1ccccc1Cl,openff-2.2.1,2,0.3484315416232135,0.0397575298638059,0.393,0.002
29681,1961,dhmix_1924685013370154802,806,EnthalpyOfMixing,<Substance C1COCO1{solv}{x=0.760400}|Cc1ccccc1Cl{solv}{x=0.239600}>,C1COCO1,Cc1ccccc1Cl,openff-2.2.1,2,0.3620982071650047,0.0429601720503895,0.313,0.0015
29682,1962,dhmix_549919019055097043,807,EnthalpyOfMixing,<Substance C1CCCCC1{solv}{x=0.799100}|CC(C)O{solv}{x=0.200900}>,C1CCCCC1,CC(C)O,openff-2.2.1,2,0.6865302635163317,0.0388239665520365,0.702,0.017
29683,1963,dhmix_1101575580592240663,808,EnthalpyOfMixing,<Substance C1CCCCC1{solv}{x=0.199500}|CC(C)O{solv}{x=0.800500}>,C1CCCCC1,CC(C)O,openff-2.2.1,2,0.437005245667958,0.0425684724890532,0.438,0.011
29684,1964,dhmix_1262965345724899699,809,EnthalpyOfMixing,<Substance C1CCCCC1{solv}{x=0.498400}|CC(C)O{solv}{x=0.501600}>,C1CCCCC1,CC(C)O,openff-2.2.1,2,0.8465227326064095,0.0392979143436757,0.801,0.0195
29685,1965,dens_1431184569437551541,810,Density,<Substance C1CCCCC1{solv}{x=0.705800}|CC(C)O{solv}{x=0.294200}>,C1CCCCC1,CC(C)O,openff-2.2.1,2,0.7567269719769235,0.0002217133554401,0.7711100000000002,0.000245
29686,1966,dens_2097249982689376165,811,Density,<Substance C1CCCCC1{solv}{x=0.200000}|CC(C)O{solv}{x=0.800000}>,C1CCCCC1,CC(C)O,openff-2.2.1,2,0.7813707734379721,0.0002684676379118,0.7761000000000002,0.0003
29687,1967,dens_2130071224188444793,812,Density,<Substance C1CCCCC1{solv}{x=0.503900}|CC(C)O{solv}{x=0.496100}>,C1CCCCC1,CC(C)O,openff-2.2.1,2,0.7648643015191156,0.0002470162522036,0.7719000000000001,0.0003
29688,1968,dens_562489367284385084,813,Density,<Substance CCCCC(=O)OC{solv}{x=0.251100}|COC(C)=O{solv}{x=0.748900}>,CCCCC(=O)OC,COC(C)=O,openff-2.2.1,2,0.9126291971061594,0.0002541578769226,0.9105300000000002,0.000505
29689,1969,dhmix_814771684244180933,814,EnthalpyOfMixing,<Substance CCCCC(=O)OC{solv}{x=0.733900}|COC(C)=O{solv}{x=0.266100}>,CCCCC(=O)OC,COC(C)=O,openff-2.2.1,2,0.17838008362692,0.0462601223982322,0.178,0.002
29690,1970,dhmix_915202362324204655,815,EnthalpyOfMixing,<Substance CCCCC(=O)OC{solv}{x=0.505500}|COC(C)=O{solv}{x=0.494500}>,CCCCC(=O)OC,COC(C)=O,openff-2.2.1,2,0.124712825407542,0.0405027567499188,0.238,0.0025
29691,1971,dhmix_935892165648195197,816,EnthalpyOfMixing,<Substance CCCCC(=O)OC{solv}{x=0.234700}|COC(C)=O{solv}{x=0.765300}>,CCCCC(=O)OC,COC(C)=O,openff-2.2.1,2,0.0896695938768274,0.0365183796894396,0.173,0.002
29692,1972,dens_961692445804333991,817,Density,<Substance CCCCC(=O)OC{solv}{x=0.738300}|COC(C)=O{solv}{x=0.261700}>,CCCCC(=O)OC,COC(C)=O,openff-2.2.1,2,0.8893491466247905,0.0002436651026624,0.8914700000000002,0.000505
29693,1973,dens_1493380961688632529,818,Density,<Substance CCCCC(=O)OC{solv}{x=0.493500}|COC(C)=O{solv}{x=0.506500}>,CCCCC(=O)OC,COC(C)=O,openff-2.2.1,2,0.8993981305241189,0.0002629031986621,0.8996200000000002,0.000505
29694,1974,dhmix_563342363018905515,819,EnthalpyOfMixing,<Substance CCOC(=O)CC(C)=O{solv}{x=0.751400}|O{solv}{x=0.248600}>,CCOC(=O)CC(C)=O,O,openff-2.2.1,2,0.6171928012759054,0.0479529179986706,1.128,0.012
29695,1975,dhmix_1385095028103136291,820,EnthalpyOfMixing,<Substance CCOC(=O)CC(C)=O{solv}{x=0.449100}|O{solv}{x=0.550900}>,CCOC(=O)CC(C)=O,O,openff-2.2.1,2,0.5919733940025367,0.0336068852922468,0.684,0.0075
29696,1976,dhmix_1609967394780907654,821,EnthalpyOfMixing,<Substance CCOC(=O)CC(C)=O{solv}{x=0.299400}|O{solv}{x=0.700600}>,CCOC(=O)CC(C)=O,O,openff-2.2.1,2,0.4596710670962096,0.0333852766892756,0.428,0.005
29697,1977,dhmix_566259260175961973,822,EnthalpyOfMixing,<Substance CCCCO{solv}{x=0.144700}|OC1=NCCC1{solv}{x=0.855300}>,CCCCO,OC1=NCCC1,openff-2.2.1,2,0.5074082248999616,0.0389909545334609,0.0949,0.0012
29698,1978,dens_1146983614802652988,823,Density,<Substance CCCCO{solv}{x=0.500400}|OC1=NCCC1{solv}{x=0.499600}>,CCCCO,OC1=NCCC1,openff-2.2.1,2,0.9249135533425428,0.0002342114398478,0.94503,0.00015
29699,1979,dhmix_1601732489230179724,824,EnthalpyOfMixing,<Substance CCCCO{solv}{x=0.497800}|OC1=NCCC1{solv}{x=0.502200}>,CCCCO,OC1=NCCC1,openff-2.2.1,2,1.3177519742812684,0.0369929270608959,0.2326,0.0026
29700,1980,dhmix_1661138478850718837,825,EnthalpyOfMixing,<Substance CCCCO{solv}{x=0.754800}|OC1=NCCC1{solv}{x=0.245200}>,CCCCO,OC1=NCCC1,openff-2.2.1,2,1.0442057836117211,0.0430380308368997,0.2356,0.00265
29701,1981,dens_1878955695276199878,826,Density,<Substance CCCCO{solv}{x=0.144600}|OC1=NCCC1{solv}{x=0.855400}>,CCCCO,OC1=NCCC1,openff-2.2.1,2,1.0199959918725483,0.0002197664080381,1.0575900000000005,0.000205
29702,1982,dens_2101998760005952263,827,Density,<Substance CCCCO{solv}{x=0.755500}|OC1=NCCC1{solv}{x=0.244500}>,CCCCO,OC1=NCCC1,openff-2.2.1,2,0.8601472485605962,0.0002013729823604,0.8711500000000002,0.000185
29703,1983,dhmix_569012254773025696,828,EnthalpyOfMixing,<Substance CC(C)(C)O{solv}{x=0.505700}|OC1=NCCC1{solv}{x=0.494300}>,CC(C)(C)O,OC1=NCCC1,openff-2.2.1,2,1.5412691467836197,0.0391485502698298,0.4323,0.0047
29704,1984,dens_992979807705536615,829,Density,<Substance CC(C)(C)O{solv}{x=0.751100}|OC1=NCCC1{solv}{x=0.248900}>,CC(C)(C)O,OC1=NCCC1,openff-2.2.1,2,0.867817545225113,0.0002614799342693,0.8505700000000003,0.000215
29705,1985,dens_1020722913861580636,830,Density,<Substance CC(C)(C)O{solv}{x=0.499700}|OC1=NCCC1{solv}{x=0.500300}>,CC(C)(C)O,OC1=NCCC1,openff-2.2.1,2,0.9278267980255273,0.0002136142076923,0.9282800000000002,0.00018
29706,1986,dhmix_1408261346335628114,831,EnthalpyOfMixing,<Substance CC(C)(C)O{solv}{x=0.744900}|OC1=NCCC1{solv}{x=0.255100}>,CC(C)(C)O,OC1=NCCC1,openff-2.2.1,2,1.3950272658735443,0.0452118109475007,0.3774,0.00415
29707,1987,dhmix_1466823939183874689,832,EnthalpyOfMixing,<Substance CC(C)(C)O{solv}{x=0.257800}|OC1=NCCC1{solv}{x=0.742200}>,CC(C)(C)O,OC1=NCCC1,openff-2.2.1,2,0.6525618735518179,0.0563953141622819,0.2874,0.0032
29708,1988,dens_1768273433543243004,833,Density,<Substance CC(C)(C)O{solv}{x=0.276400}|OC1=NCCC1{solv}{x=0.723600}>,CC(C)(C)O,OC1=NCCC1,openff-2.2.1,2,0.9864793294273186,0.0002572661078239,1.0036300000000002,0.000155
29709,1989,dens_571827819113574480,834,Density,<Substance CC(C)OC(C)C{solv}{x=0.700400}|Cc1ccccc1{solv}{x=0.299600}>,CC(C)OC(C)C,Cc1ccccc1,openff-2.2.1,2,0.7622161015943418,0.0002307583893201,0.7573100000000001,0.000155
29710,1990,dhmix_686402805609192969,835,EnthalpyOfMixing,<Substance CC(C)OC(C)C{solv}{x=0.228000}|Cc1ccccc1{solv}{x=0.772000}>,CC(C)OC(C)C,Cc1ccccc1,openff-2.2.1,2,-0.1295518980113854,0.0428994020961627,0.0593,0.00515
29711,1991,dhmix_1045652173440309018,836,EnthalpyOfMixing,<Substance CC(C)OC(C)C{solv}{x=0.752000}|Cc1ccccc1{solv}{x=0.248000}>,CC(C)OC(C)C,Cc1ccccc1,openff-2.2.1,2,-0.1409877944022994,0.0462680892145048,-0.0091,0.00505
29712,1992,dhmix_1690461453403165745,837,EnthalpyOfMixing,<Substance CC(C)OC(C)C{solv}{x=0.455000}|Cc1ccccc1{solv}{x=0.545000}>,CC(C)OC(C)C,Cc1ccccc1,openff-2.2.1,2,-0.2010059288940269,0.0309615674267674,0.0323,0.0051
29713,1993,dens_2086775654110573795,838,Density,<Substance CC(C)OC(C)C{solv}{x=0.200400}|Cc1ccccc1{solv}{x=0.799600}>,CC(C)OC(C)C,Cc1ccccc1,openff-2.2.1,2,0.81938503351817,0.000242074603821,0.8299700000000002,0.00014
29714,1994,dens_2167043968237201720,839,Density,<Substance CC(C)OC(C)C{solv}{x=0.500300}|Cc1ccccc1{solv}{x=0.499700}>,CC(C)OC(C)C,Cc1ccccc1,openff-2.2.1,2,0.7837556857887094,0.0002325576731343,0.7849200000000002,0.000155
29715,1995,dhmix_578047845607378963,840,EnthalpyOfMixing,<Substance CN1CCCC1=O{solv}{x=0.635900}|c1ccncc1{solv}{x=0.364100}>,CN1CCCC1=O,c1ccncc1,openff-2.2.1,2,-0.3446183776735518,0.0414724502344134,-0.4013,0.10035
29716,1996,dhmix_625120262301063359,841,EnthalpyOfMixing,<Substance CN1CCCC1=O{solv}{x=0.231200}|c1ccncc1{solv}{x=0.768800}>,CN1CCCC1=O,c1ccncc1,openff-2.2.1,2,-0.2377352597965512,0.0385600546126582,-0.3157,0.07895
29717,1997,dens_1059919274311274879,842,Density,<Substance CN1CCCC1=O{solv}{x=0.521500}|c1ccncc1{solv}{x=0.478500}>,CN1CCCC1=O,c1ccncc1,openff-2.2.1,2,0.9908510635890472,0.0002183177048591,1.0158200000000004,0.00051
29718,1998,dens_1445187430653020908,843,Density,<Substance CN1CCCC1=O{solv}{x=0.234800}|c1ccncc1{solv}{x=0.765200}>,CN1CCCC1=O,c1ccncc1,openff-2.2.1,2,0.9835128886516884,0.0002529692572534,0.9983500000000004,0.00051
29719,1999,dhmix_1933003504821603087,844,EnthalpyOfMixing,<Substance CN1CCCC1=O{solv}{x=0.499500}|c1ccncc1{solv}{x=0.500500}>,CN1CCCC1=O,c1ccncc1,openff-2.2.1,2,-0.4223490482588063,0.0366491755753992,-0.4356,0.1089
29720,2000,dens_2199047009222847682,845,Density,<Substance CN1CCCC1=O{solv}{x=0.636400}|c1ccncc1{solv}{x=0.363600}>,CN1CCCC1=O,c1ccncc1,openff-2.2.1,2,0.9930278097569653,0.0002434848676424,1.0207400000000002,0.00051
29721,2001,dens_586351122522837789,846,Density,<Substance c1cc[nH]c1{solv}{x=0.820700}|c1ccccc1{solv}{x=0.179300}>,c1cc[nH]c1,c1ccccc1,openff-2.2.1,2,0.952475223467468,0.0002066380923984,0.9503300000000002,0.000195
29722,2002,dhmix_1101447260293284221,847,EnthalpyOfMixing,<Substance c1cc[nH]c1{solv}{x=0.494000}|c1ccccc1{solv}{x=0.506000}>,c1cc[nH]c1,c1ccccc1,openff-2.2.1,2,0.6544556712767431,0.0367397497133687,0.609,0.00395
29723,2003,dens_1366042600317618213,848,Density,<Substance c1cc[nH]c1{solv}{x=0.503000}|c1ccccc1{solv}{x=0.497000}>,c1cc[nH]c1,c1ccccc1,openff-2.2.1,2,0.9101446678565726,0.0002766905231438,0.9220400000000002,0.00019
29724,2004,dens_2042223650153961549,849,Density,<Substance c1cc[nH]c1{solv}{x=0.314200}|c1ccccc1{solv}{x=0.685800}>,c1cc[nH]c1,c1ccccc1,openff-2.2.1,2,0.8883610183870199,0.00033392985243,0.9043500000000002,0.000195
29725,2005,dhmix_2080652523589171296,850,EnthalpyOfMixing,<Substance c1cc[nH]c1{solv}{x=0.820800}|c1ccccc1{solv}{x=0.179200}>,c1cc[nH]c1,c1ccccc1,openff-2.2.1,2,0.3597628101842787,0.0357446388805061,0.3441,0.00245
29726,2006,dhmix_2101365800313583195,851,EnthalpyOfMixing,<Substance c1cc[nH]c1{solv}{x=0.314000}|c1ccccc1{solv}{x=0.686000}>,c1cc[nH]c1,c1ccccc1,openff-2.2.1,2,0.6401999255967539,0.0332084198529332,0.5893,0.00385
29727,2007,dens_592296207180530796,852,Density,<Substance C1CCNCC1{solv}{x=0.250000}|O{solv}{x=0.750000}>,C1CCNCC1,O,openff-2.2.1,2,0.9076426140394576,0.0003830661787503,0.9379600000000002,0.000185
29728,2008,dhmix_598563182385523239,853,EnthalpyOfMixing,<Substance C1CCNCC1{solv}{x=0.750000}|O{solv}{x=0.250000}>,C1CCNCC1,O,openff-2.2.1,2,-0.7368030147155125,0.0394044107982056,-1.4628,0.02995
29729,2009,dens_1144696340343060729,854,Density,<Substance C1CCNCC1{solv}{x=0.500000}|O{solv}{x=0.500000}>,C1CCNCC1,O,openff-2.2.1,2,0.882964952332679,0.0002950174334645,0.90329,0.000235
29730,2010,dens_1551117370864361960,855,Density,<Substance C1CCNCC1{solv}{x=0.750000}|O{solv}{x=0.250000}>,C1CCNCC1,O,openff-2.2.1,2,0.8699280059351086,0.0002685382129014,0.8771300000000002,0.000285
29731,2011,dhmix_2023343497633678069,856,EnthalpyOfMixing,<Substance C1CCNCC1{solv}{x=0.500000}|O{solv}{x=0.500000}>,C1CCNCC1,O,openff-2.2.1,2,-1.0292897242770778,0.0335655692346267,-2.1379,0.04355
29732,2012,dhmix_2169709193905404129,857,EnthalpyOfMixing,<Substance C1CCNCC1{solv}{x=0.250000}|O{solv}{x=0.750000}>,C1CCNCC1,O,openff-2.2.1,2,-0.6629860583933436,0.026855793915634,-1.9642,0.04065
29733,2013,dhmix_597694390671293228,858,EnthalpyOfMixing,<Substance C1CCCCC1{solv}{x=0.495000}|c1cc[nH]c1{solv}{x=0.505000}>,C1CCCCC1,c1cc[nH]c1,openff-2.2.1,2,1.5561709998200826,0.0365713410749922,1.4275,0.00895
29734,2014,dens_1402964712081643759,859,Density,<Substance C1CCCCC1{solv}{x=0.281700}|c1cc[nH]c1{solv}{x=0.718300}>,C1CCCCC1,c1cc[nH]c1,openff-2.2.1,2,0.8848338435036996,0.0002300160619415,0.9082800000000002,0.00023
29735,2015,dens_1463337814181203578,860,Density,<Substance C1CCCCC1{solv}{x=0.925100}|c1cc[nH]c1{solv}{x=0.074900}>,C1CCCCC1,c1cc[nH]c1,openff-2.2.1,2,0.7598807032623941,0.0002229910054409,0.7860300000000001,0.00026
29736,2016,dens_1586039458655447443,861,Density,<Substance C1CCCCC1{solv}{x=0.494200}|c1cc[nH]c1{solv}{x=0.505800}>,C1CCCCC1,c1cc[nH]c1,openff-2.2.1,2,0.8338963921632158,0.0002900680163085,0.8661300000000002,0.000235
29737,2017,dhmix_1650717903260721901,862,EnthalpyOfMixing,<Substance C1CCCCC1{solv}{x=0.924800}|c1cc[nH]c1{solv}{x=0.075200}>,C1CCCCC1,c1cc[nH]c1,openff-2.2.1,2,0.6940207214232288,0.0489911875756922,0.7315,0.00535
29738,2018,dhmix_1709124910710738018,863,EnthalpyOfMixing,<Substance C1CCCCC1{solv}{x=0.281800}|c1cc[nH]c1{solv}{x=0.718200}>,C1CCCCC1,c1cc[nH]c1,openff-2.2.1,2,1.3591768288251205,0.0355909671287948,1.245,0.00795
29739,2019,dhmix_602003453564252918,864,EnthalpyOfMixing,<Substance COc1ccccc1{solv}{x=0.767000}|OCCc1ccccc1{solv}{x=0.233000}>,COc1ccccc1,OCCc1ccccc1,openff-2.2.1,2,0.8855333789195043,0.0464734469074551,1.1154,0.01195
29740,2020,dhmix_831666159864093343,865,EnthalpyOfMixing,<Substance COc1ccccc1{solv}{x=0.267800}|OCCc1ccccc1{solv}{x=0.732200}>,COc1ccccc1,OCCc1ccccc1,openff-2.2.1,2,0.708099252010399,0.0537685002038833,0.688,0.00745
29741,2021,dhmix_1415130215717622630,866,EnthalpyOfMixing,<Substance COc1ccccc1{solv}{x=0.523200}|OCCc1ccccc1{solv}{x=0.476800}>,COc1ccccc1,OCCc1ccccc1,openff-2.2.1,2,0.7917441334722994,0.0451170100373145,1.0457,0.0112
29742,2022,dens_2018050376435813399,867,Density,<Substance COc1ccccc1{solv}{x=0.767300}|OCCc1ccccc1{solv}{x=0.232700}>,COc1ccccc1,OCCc1ccccc1,openff-2.2.1,2,0.9720720841415535,0.0002295252871579,0.9869000000000002,0.00026
29743,2023,dens_2083067547090229321,868,Density,<Substance COc1ccccc1{solv}{x=0.524500}|OCCc1ccccc1{solv}{x=0.475500}>,COc1ccccc1,OCCc1ccccc1,openff-2.2.1,2,0.9802738854267432,0.0001796292794558,0.9943600000000002,0.00026
29744,2024,dens_2108796896152795987,869,Density,<Substance COc1ccccc1{solv}{x=0.212100}|OCCc1ccccc1{solv}{x=0.787900}>,COc1ccccc1,OCCc1ccccc1,openff-2.2.1,2,0.9911633198883562,0.0001945705781907,1.0032600000000005,0.00026
29745,2025,dhmix_607389561715885318,870,EnthalpyOfMixing,<Substance CC(C)O{solv}{x=0.750600}|CCOC(=O)CC(=O)OCC{solv}{x=0.249400}>,CC(C)O,CCOC(=O)CC(=O)OCC,openff-2.2.1,2,1.818098834661967,0.0391220774039953,1.955,0.021
29746,2026,dhmix_970997719035766241,871,EnthalpyOfMixing,<Substance CC(C)O{solv}{x=0.249200}|CCOC(=O)CC(=O)OCC{solv}{x=0.750800}>,CC(C)O,CCOC(=O)CC(=O)OCC,openff-2.2.1,2,1.3844895033291778,0.0436814171210832,1.804,0.0195
29747,2027,dens_1055220895195342210,872,Density,<Substance CC(C)O{solv}{x=0.700000}|CCOC(=O)CC(=O)OCC{solv}{x=0.300000}>,CC(C)O,CCOC(=O)CC(=O)OCC,openff-2.2.1,2,0.9182411616397976,0.0002237897742023,0.9013080000000002,0.000163
29748,2028,dens_1059428282849222105,873,Density,<Substance CC(C)O{solv}{x=0.500100}|CCOC(=O)CC(=O)OCC{solv}{x=0.499900}>,CC(C)O,CCOC(=O)CC(=O)OCC,openff-2.2.1,2,0.9721973092155758,0.0002011231528877,0.9563730000000004,0.0001215
29749,2029,dhmix_2225069850502215858,874,EnthalpyOfMixing,<Substance CC(C)O{solv}{x=0.499700}|CCOC(=O)CC(=O)OCC{solv}{x=0.500300}>,CC(C)O,CCOC(=O)CC(=O)OCC,openff-2.2.1,2,2.0990328015818704,0.0473429723284509,2.369,0.0255
29750,2030,dens_2227064517025896927,875,Density,<Substance CC(C)O{solv}{x=0.200000}|CCOC(=O)CC(=O)OCC{solv}{x=0.800000}>,CC(C)O,CCOC(=O)CC(=O)OCC,openff-2.2.1,2,1.0310893423478615,0.0002899208053206,1.0176930000000002,0.000103
29751,2031,dhmix_614525131410782877,876,EnthalpyOfMixing,<Substance CCCCCC(C)=O{solv}{x=0.491300}|CCCCNCCCC{solv}{x=0.508700}>,CCCCCC(C)=O,CCCCNCCCC,openff-2.2.1,2,0.0855968043921109,0.0444665696478439,0.278,0.003
29752,2032,dhmix_1051001364116056564,877,EnthalpyOfMixing,<Substance CCCCCC(C)=O{solv}{x=0.781100}|CCCCNCCCC{solv}{x=0.218900}>,CCCCCC(C)=O,CCCCNCCCC,openff-2.2.1,2,0.027839485123458,0.0566819865439644,0.164,0.002
29753,2033,dens_1087422962538109584,878,Density,<Substance CCCCCC(C)=O{solv}{x=0.449900}|CCCCNCCCC{solv}{x=0.550100}>,CCCCCC(C)=O,CCCCNCCCC,openff-2.2.1,2,0.7708897136093863,0.000187855823425,0.7778490000000002,9.250000000000004e-05
29754,2034,dens_1830187222448876426,879,Density,<Substance CCCCCC(C)=O{solv}{x=0.209700}|CCCCNCCCC{solv}{x=0.790300}>,CCCCCC(C)=O,CCCCNCCCC,openff-2.2.1,2,0.7624109069044682,0.0001774270412182,0.7655110000000002,8.400000000000002e-05
29755,2035,dens_2113849591242853193,880,Density,<Substance CCCCCC(C)=O{solv}{x=0.750900}|CCCCNCCCC{solv}{x=0.249100}>,CCCCCC(C)=O,CCCCNCCCC,openff-2.2.1,2,0.7836256534153888,0.0001884514026531,0.7951660000000003,0.000105
29756,2036,dhmix_2131918011494960609,881,EnthalpyOfMixing,<Substance CCCCCC(C)=O{solv}{x=0.294700}|CCCCNCCCC{solv}{x=0.705300}>,CCCCCC(C)=O,CCCCNCCCC,openff-2.2.1,2,-0.0814048654941643,1.2585904814513736e-05,0.256,0.003
29757,2037,dhmix_618866445574413387,882,EnthalpyOfMixing,<Substance C1CCOCC1{solv}{x=0.442500}|Cc1ccccc1C{solv}{x=0.557500}>,C1CCOCC1,Cc1ccccc1C,openff-2.2.1,2,-0.070226795573447,0.0411885877685767,-0.0342,0.0006
29758,2038,dens_643927890193937545,883,Density,<Substance C1CCOCC1{solv}{x=0.518700}|Cc1ccccc1C{solv}{x=0.481300}>,C1CCOCC1,Cc1ccccc1C,openff-2.2.1,2,0.8582306243936351,0.0002315384843047,0.8779900000000003,0.0005
29759,2039,dhmix_1129414916141538177,884,EnthalpyOfMixing,<Substance C1CCOCC1{solv}{x=0.744300}|Cc1ccccc1C{solv}{x=0.255700}>,C1CCOCC1,Cc1ccccc1C,openff-2.2.1,2,-0.0498251319125984,0.0419195930685691,0.0421,0.00065
29760,2040,dens_1429468909820653032,885,Density,<Substance C1CCOCC1{solv}{x=0.231800}|Cc1ccccc1C{solv}{x=0.768200}>,C1CCOCC1,Cc1ccccc1C,openff-2.2.1,2,0.854227585660998,0.0002239330187112,0.8770400000000002,0.0005
29761,2041,dens_1442497603142913792,886,Density,<Substance C1CCOCC1{solv}{x=0.772900}|Cc1ccccc1C{solv}{x=0.227100}>,C1CCOCC1,Cc1ccccc1C,openff-2.2.1,2,0.8616003966429716,0.0001749251377102,0.8787800000000002,0.000505
29762,2042,dhmix_2268256048157488415,887,EnthalpyOfMixing,<Substance C1CCOCC1{solv}{x=0.245400}|Cc1ccccc1C{solv}{x=0.754600}>,C1CCOCC1,Cc1ccccc1C,openff-2.2.1,2,0.0016789294017769,0.0418030582910185,-0.0613,0.00085
29763,2043,dens_626398848152359169,888,Density,<Substance C1COCCN1{solv}{x=0.498000}|O{solv}{x=0.502000}>,C1COCCN1,O,openff-2.2.1,2,1.0348171188825637,0.0003338122673163,1.0255000000000003,0.00255
29764,2044,dhmix_773913810754342365,889,EnthalpyOfMixing,<Substance C1COCCN1{solv}{x=0.714900}|O{solv}{x=0.285100}>,C1COCCN1,O,openff-2.2.1,2,-1.6502266273547974,0.0429867720590221,-1.753,0.019
29765,2045,dhmix_1012297674499495059,890,EnthalpyOfMixing,<Substance C1COCCN1{solv}{x=0.201000}|O{solv}{x=0.799000}>,C1COCCN1,O,openff-2.2.1,2,-1.250455051304364,0.0253501474707743,-2.758,0.0295
29766,2046,dens_1167008264969667349,891,Density,<Substance C1COCCN1{solv}{x=0.793000}|O{solv}{x=0.207000}>,C1COCCN1,O,openff-2.2.1,2,1.036069372753026,0.0002923466552503,1.0057000000000005,0.00245
29767,2047,dhmix_1871930573512426354,892,EnthalpyOfMixing,<Substance C1COCCN1{solv}{x=0.491100}|O{solv}{x=0.508900}>,C1COCCN1,O,openff-2.2.1,2,-1.9948735715034616,0.0293050134350932,-3.131,0.0335
29768,2048,dens_2014911999593579414,893,Density,<Substance C1COCCN1{solv}{x=0.298000}|O{solv}{x=0.702000}>,C1COCCN1,O,openff-2.2.1,2,1.0264340620010846,0.000267811983752,1.0309000000000004,0.00255
29769,2049,dens_627753907231278660,894,Density,<Substance CCC(C)=O{solv}{x=0.753100}|CCCNCCC{solv}{x=0.246900}>,CCC(C)=O,CCCNCCC,openff-2.2.1,2,0.7591094847794748,0.0002276242014357,0.7771510000000001,0.000109
29770,2050,dens_674236159588910357,895,Density,<Substance CCC(C)=O{solv}{x=0.244600}|CCCNCCC{solv}{x=0.755400}>,CCC(C)=O,CCCNCCC,openff-2.2.1,2,0.7380101548243456,0.0002215371667417,0.7446230000000003,0.0001405
29771,2051,dhmix_749228177959685874,896,EnthalpyOfMixing,<Substance CCC(C)=O{solv}{x=0.235300}|CCCNCCC{solv}{x=0.764700}>,CCC(C)=O,CCCNCCC,openff-2.2.1,2,0.0677798362941928,0.0479258612090637,0.299,0.0035
29772,2052,dhmix_1706960823617656563,897,EnthalpyOfMixing,<Substance CCC(C)=O{solv}{x=0.698400}|CCCNCCC{solv}{x=0.301600}>,CCC(C)=O,CCCNCCC,openff-2.2.1,2,0.0865343506368923,0.0413348782477813,0.334,0.0035
29773,2053,dhmix_2102794241345605516,898,EnthalpyOfMixing,<Substance CCC(C)=O{solv}{x=0.505000}|CCCNCCC{solv}{x=0.495000}>,CCC(C)=O,CCCNCCC,openff-2.2.1,2,0.0408028428411952,0.0453061970385614,0.397,0.0045
29774,2054,dens_2224864308887622456,899,Density,<Substance CCC(C)=O{solv}{x=0.500600}|CCCNCCC{solv}{x=0.499400}>,CCC(C)=O,CCCNCCC,openff-2.2.1,2,0.7472067871105307,0.0002416395440081,0.7590400000000002,0.000125
29775,2055,dhmix_628329103086906726,900,EnthalpyOfMixing,<Substance CC1CCCCC1{solv}{x=0.250400}|CCCO{solv}{x=0.749600}>,CC1CCCCC1,CCCO,openff-2.2.1,2,0.5364333138004511,0.0412974409645127,0.321,0.0055
29776,2056,dhmix_989207392771680315,901,EnthalpyOfMixing,<Substance CC1CCCCC1{solv}{x=0.750500}|CCCO{solv}{x=0.249500}>,CC1CCCCC1,CCCO,openff-2.2.1,2,0.8105166366181038,0.0473967759388247,0.574,0.0055
29777,2057,dens_1351260115393741606,902,Density,<Substance CC1CCCCC1{solv}{x=0.503100}|CCCO{solv}{x=0.496900}>,CC1CCCCC1,CCCO,openff-2.2.1,2,0.7666804462623161,0.0002257567931728,0.7785600000000001,0.0039
29778,2058,dens_1376195506089851480,903,Density,<Substance CC1CCCCC1{solv}{x=0.202700}|CCCO{solv}{x=0.797300}>,CC1CCCCC1,CCCO,openff-2.2.1,2,0.7803395379076533,0.0003018620844323,0.7942000000000002,0.00398
29779,2059,dens_1501229836503112732,904,Density,<Substance CC1CCCCC1{solv}{x=0.799000}|CCCO{solv}{x=0.201000}>,CC1CCCCC1,CCCO,openff-2.2.1,2,0.7587427375224676,0.0002361235437812,0.7688300000000002,0.003855
29780,2060,dhmix_2109805019413953371,905,EnthalpyOfMixing,<Substance CC1CCCCC1{solv}{x=0.500400}|CCCO{solv}{x=0.499600}>,CC1CCCCC1,CCCO,openff-2.2.1,2,0.8337000996896222,0.0438937202791309,0.533,0.0055
29781,2061,dhmix_634764080264908666,906,EnthalpyOfMixing,<Substance OCCN1CCOCC1{solv}{x=0.498900}|O{solv}{x=0.501100}>,O,OCCN1CCOCC1,openff-2.2.1,2,-2.600122175716649,1.224745687887898e-05,-2.2633,0.02415
29782,2062,dens_707792343667224312,907,Density,<Substance OCCN1CCOCC1{solv}{x=0.246600}|O{solv}{x=0.753400}>,O,OCCN1CCOCC1,openff-2.2.1,2,1.0675105225386126,1e-05,1.0838100000000002,0.00154
29783,2063,dhmix_1064373607860850902,908,EnthalpyOfMixing,<Substance OCCN1CCOCC1{solv}{x=0.694900}|O{solv}{x=0.305100}>,O,OCCN1CCOCC1,openff-2.2.1,2,-2.300929830161863,1.2554083001159425e-05,-1.7936,0.01915
29784,2064,dhmix_1846281306963870091,909,EnthalpyOfMixing,<Substance OCCN1CCOCC1{solv}{x=0.300200}|O{solv}{x=0.699800}>,O,OCCN1CCOCC1,openff-2.2.1,2,-2.120733801428756,1.2569805089976535e-05,-2.426,0.026
29785,2065,dens_2238932092645470826,910,Density,<Substance OCCN1CCOCC1{solv}{x=0.743900}|O{solv}{x=0.256100}>,O,OCCN1CCOCC1,openff-2.2.1,2,1.0800571465725604,1e-05,1.08031,0.001565
29786,2066,dens_2269173599223764079,911,Density,<Substance OCCN1CCOCC1{solv}{x=0.485200}|O{solv}{x=0.514800}>,O,OCCN1CCOCC1,openff-2.2.1,2,1.081799990906519,1e-05,1.0866900000000004,0.00159
29787,2067,dhmix_636778454546345333,912,EnthalpyOfMixing,<Substance C1CCCCC1{solv}{x=0.506300}|CNc1ccccc1{solv}{x=0.493700}>,C1CCCCC1,CNc1ccccc1,openff-2.2.1,2,2.3536917570244213,0.0379251968615185,1.628,0.0175
29788,2068,dens_1209163492396921559,913,Density,<Substance C1CCCCC1{solv}{x=0.247000}|CNc1ccccc1{solv}{x=0.753000}>,C1CCCCC1,CNc1ccccc1,openff-2.2.1,2,0.9224482950235146,0.0002322634379374,0.9289450000000002,0.000272
29789,2069,dens_1438140901521078017,914,Density,<Substance C1CCCCC1{solv}{x=0.494500}|CNc1ccccc1{solv}{x=0.505500}>,C1CCCCC1,CNc1ccccc1,openff-2.2.1,2,0.862818400042988,0.0002375082565901,0.8759620000000002,0.0001835
29790,2070,dens_1482697199055102595,915,Density,<Substance C1CCCCC1{solv}{x=0.746400}|CNc1ccccc1{solv}{x=0.253600}>,C1CCCCC1,CNc1ccccc1,openff-2.2.1,2,0.8039514873028831,0.0002325494975523,0.8233530000000001,0.000138
29791,2071,dhmix_1832297119731463766,916,EnthalpyOfMixing,<Substance C1CCCCC1{solv}{x=0.204700}|CNc1ccccc1{solv}{x=0.795300}>,C1CCCCC1,CNc1ccccc1,openff-2.2.1,2,1.573490777305956,0.0519036152602698,0.972,0.0105
29792,2072,dhmix_1889368397403208807,917,EnthalpyOfMixing,<Substance C1CCCCC1{solv}{x=0.706600}|CNc1ccccc1{solv}{x=0.293400}>,C1CCCCC1,CNc1ccccc1,openff-2.2.1,2,1.8321225635338576,0.0427211232607689,1.521,0.0165
29793,2073,dhmix_637657437173907469,918,EnthalpyOfMixing,<Substance CC(C)=O{solv}{x=0.709700}|CNc1ccccc1{solv}{x=0.290300}>,CC(C)=O,CNc1ccccc1,openff-2.2.1,2,-0.7159833543679923,0.035770500035141,-0.525,0.0055
29794,2074,dhmix_817594693007274900,919,EnthalpyOfMixing,<Substance CC(C)=O{solv}{x=0.231600}|CNc1ccccc1{solv}{x=0.768400}>,CC(C)=O,CNc1ccccc1,openff-2.2.1,2,-0.5815771992125689,0.043791201219677,-0.5,0.0055
29795,2075,dens_830664987854613197,920,Density,<Substance CC(C)=O{solv}{x=0.250300}|CNc1ccccc1{solv}{x=0.749700}>,CC(C)=O,CNc1ccccc1,openff-2.2.1,2,0.9509170970927504,0.000217977035416,0.9502900000000002,0.0003395
29796,2076,dhmix_1052042310023734389,921,EnthalpyOfMixing,<Substance CC(C)=O{solv}{x=0.508600}|CNc1ccccc1{solv}{x=0.491400}>,CC(C)=O,CNc1ccccc1,openff-2.2.1,2,-0.9064927822878736,0.0390813731153401,-0.672,0.0075
29797,2077,dens_1302333367899693905,922,Density,<Substance CC(C)=O{solv}{x=0.750600}|CNc1ccccc1{solv}{x=0.249400}>,CC(C)=O,CNc1ccccc1,openff-2.2.1,2,0.8451728551222087,0.0003071194411105,0.8565010000000002,0.000231
29798,2078,dens_1582643029733708616,923,Density,<Substance CC(C)=O{solv}{x=0.494800}|CNc1ccccc1{solv}{x=0.505200}>,CC(C)=O,CNc1ccccc1,openff-2.2.1,2,0.9060686913914808,0.0002379917171235,0.9107940000000002,0.000263
29799,2079,dens_650566412384126439,924,Density,<Substance CC(C)CC(C)(C)C{solv}{x=0.158800}|CCCCC(=O)OC{solv}{x=0.841200}>,CC(C)CC(C)(C)C,CCCCC(=O)OC,openff-2.2.1,2,0.8461137599819973,0.0001514126109486,0.8463800000000002,0.000505
29800,2080,dhmix_986100941633296124,925,EnthalpyOfMixing,<Substance CC(C)CC(C)(C)C{solv}{x=0.481800}|CCCCC(=O)OC{solv}{x=0.518200}>,CC(C)CC(C)(C)C,CCCCC(=O)OC,openff-2.2.1,2,1.3384886519930037,0.0394240541130341,0.866,0.0095
29801,2081,dens_1095352626338523806,926,Density,<Substance CC(C)CC(C)(C)C{solv}{x=0.742500}|CCCCC(=O)OC{solv}{x=0.257500}>,CC(C)CC(C)(C)C,CCCCC(=O)OC,openff-2.2.1,2,0.7396941056240741,0.0001915431224859,0.7289800000000002,0.000505
29802,2082,dens_1260001645299629257,927,Density,<Substance CC(C)CC(C)(C)C{solv}{x=0.498400}|CCCCC(=O)OC{solv}{x=0.501600}>,CC(C)CC(C)(C)C,CCCCC(=O)OC,openff-2.2.1,2,0.7802708911847202,0.0002112206195218,0.7738400000000002,0.000505
29803,2083,dhmix_1505455794590867712,928,EnthalpyOfMixing,<Substance CC(C)CC(C)(C)C{solv}{x=0.158900}|CCCCC(=O)OC{solv}{x=0.841100}>,CC(C)CC(C)(C)C,CCCCC(=O)OC,openff-2.2.1,2,0.710148596619625,0.0536962222116383,0.438,0.005
29804,2084,dhmix_1888614200283593194,929,EnthalpyOfMixing,<Substance CC(C)CC(C)(C)C{solv}{x=0.781300}|CCCCC(=O)OC{solv}{x=0.218700}>,CC(C)CC(C)(C)C,CCCCC(=O)OC,openff-2.2.1,2,1.125379416095882,0.0504888030879895,0.658,0.007
29805,2085,dhmix_657900975986635712,930,EnthalpyOfMixing,<Substance Cc1ccccc1N{solv}{x=0.782700}|Cc1ccncc1{solv}{x=0.217300}>,Cc1ccccc1N,Cc1ccncc1,openff-2.2.1,2,-1.0302780393223614,0.0514982600186423,-0.8885,0.0182
29806,2086,dhmix_727678512066874384,931,EnthalpyOfMixing,<Substance Cc1ccccc1N{solv}{x=0.478300}|Cc1ccncc1{solv}{x=0.521700}>,Cc1ccccc1N,Cc1ccncc1,openff-2.2.1,2,-1.7283516873683382,0.0420233599234047,-1.4295,0.0291
29807,2087,dhmix_860941552641107708,932,EnthalpyOfMixing,<Substance Cc1ccccc1N{solv}{x=0.271500}|Cc1ccncc1{solv}{x=0.728500}>,Cc1ccccc1N,Cc1ccncc1,openff-2.2.1,2,-1.4862449617025035,0.0429792610673639,-1.1791,0.02405
29808,2088,dens_1148106102021344214,933,Density,<Substance Cc1ccccc1N{solv}{x=0.265500}|Cc1ccncc1{solv}{x=0.734500}>,Cc1ccccc1N,Cc1ccncc1,openff-2.2.1,2,0.9655795640032672,0.0001992129813416,0.9662520000000002,0.00012
29809,2089,dens_1294189007890656769,934,Density,<Substance Cc1ccccc1N{solv}{x=0.486300}|Cc1ccncc1{solv}{x=0.513700}>,Cc1ccccc1N,Cc1ccncc1,openff-2.2.1,2,0.9815951391769784,0.0001790189321874,0.9765780000000002,0.000119
29810,2090,dens_1461384477504239974,935,Density,<Substance Cc1ccccc1N{solv}{x=0.767400}|Cc1ccncc1{solv}{x=0.232600}>,Cc1ccccc1N,Cc1ccncc1,openff-2.2.1,2,0.9980284967677358,0.0002516203527355,0.9868740000000004,0.000118
29811,2091,dens_671712471159959715,936,Density,<Substance CCCCCCN{solv}{x=0.294400}|CN(C)C=O{solv}{x=0.705600}>,CCCCCCN,CN(C)C=O,openff-2.2.1,2,0.8608315530967462,0.0002231418007399,0.8676880000000002,0.001057
29812,2092,dhmix_791979567859859400,937,EnthalpyOfMixing,<Substance CCCCCCN{solv}{x=0.747800}|CN(C)C=O{solv}{x=0.252200}>,CCCCCCN,CN(C)C=O,openff-2.2.1,2,0.3372602930507753,0.047171182059705,0.461,0.015
29813,2093,dens_812907294215791908,938,Density,<Substance CCCCCCN{solv}{x=0.450000}|CN(C)C=O{solv}{x=0.550000}>,CCCCCCN,CN(C)C=O,openff-2.2.1,2,0.8366798280110718,0.0002174413899805,0.8367510000000001,0.001016
29814,2094,dhmix_1553880519684715156,939,EnthalpyOfMixing,<Substance CCCCCCN{solv}{x=0.249700}|CN(C)C=O{solv}{x=0.750300}>,CCCCCCN,CN(C)C=O,openff-2.2.1,2,0.3537446338318588,0.0435600724027288,0.51,0.0165
29815,2095,dens_1658157305664412923,940,Density,<Substance CCCCCCN{solv}{x=0.745200}|CN(C)C=O{solv}{x=0.254800}>,CCCCCCN,CN(C)C=O,openff-2.2.1,2,0.799236033416262,0.0001799368695889,0.7905460000000002,0.0009575
29816,2096,dhmix_2271922176351407084,941,EnthalpyOfMixing,<Substance CCCCCCN{solv}{x=0.499700}|CN(C)C=O{solv}{x=0.500300}>,CCCCCCN,CN(C)C=O,openff-2.2.1,2,0.3880649935229456,0.0453953004840936,0.661,0.02
29817,2097,dhmix_676105854791415053,942,EnthalpyOfMixing,<Substance C=C(C)[C@H]1CC=C(C)CC1{solv}{x=0.540000}|CCCCCO{solv}{x=0.460000}>,C=C(C)[C@H]1CC=C(C)CC1,CCCCCO,openff-2.2.1,2,1.0848409800414205,0.0400059468173936,0.858,0.0345
29818,2098,dhmix_865539540276734208,943,EnthalpyOfMixing,<Substance C=C(C)[C@H]1CC=C(C)CC1{solv}{x=0.766000}|CCCCCO{solv}{x=0.234000}>,C=C(C)[C@H]1CC=C(C)CC1,CCCCCO,openff-2.2.1,2,1.2462695651333462,0.0520823942189447,0.782,0.0315
29819,2099,dens_1544700949225348296,944,Density,<Substance C=C(C)[C@H]1CC=C(C)CC1{solv}{x=0.263500}|CCCCCO{solv}{x=0.736500}>,C=C(C)[C@H]1CC=C(C)CC1,CCCCCO,openff-2.2.1,2,0.813060122225955,0.0002043913655632,0.8238000000000002,0.0002
29820,2100,dens_1638649899512334435,945,Density,<Substance C=C(C)[C@H]1CC=C(C)CC1{solv}{x=0.543500}|CCCCCO{solv}{x=0.456500}>,C=C(C)[C@H]1CC=C(C)CC1,CCCCCO,openff-2.2.1,2,0.8151585018795061,0.0001459663255354,0.8312000000000003,0.0003
29821,2101,dens_2014432371647189246,946,Density,<Substance C=C(C)[C@H]1CC=C(C)CC1{solv}{x=0.725200}|CCCCCO{solv}{x=0.274800}>,C=C(C)[C@H]1CC=C(C)CC1,CCCCCO,openff-2.2.1,2,0.8168783349878597,0.0001541252247618,0.8354000000000001,0.00035
29822,2102,dhmix_2293008983270202716,947,EnthalpyOfMixing,<Substance C=C(C)[C@H]1CC=C(C)CC1{solv}{x=0.272000}|CCCCCO{solv}{x=0.728000}>,C=C(C)[C@H]1CC=C(C)CC1,CCCCCO,openff-2.2.1,2,0.6426152603494728,0.0551561016317775,0.532,0.0215
29823,2103,dens_680086766431069719,948,Density,<Substance CN1CCNCC1{solv}{x=0.209100}|O{solv}{x=0.790900}>,CN1CCNCC1,O,openff-2.2.1,2,0.9914397446001436,0.0004209487969506,1.0013300000000005,4.000000000000001e-05
29824,2104,dhmix_979415629850644100,949,EnthalpyOfMixing,<Substance CN1CCNCC1{solv}{x=0.199800}|O{solv}{x=0.800200}>,CN1CCNCC1,O,openff-2.2.1,2,-3.520712662848414,0.0289898356107697,-4.495,0.048
29825,2105,dhmix_1386641258873877278,950,EnthalpyOfMixing,<Substance CN1CCNCC1{solv}{x=0.792600}|O{solv}{x=0.207400}>,CN1CCNCC1,O,openff-2.2.1,2,-1.5914613298868971,0.0407982563571351,-1.753,0.019
29826,2106,dhmix_1572121970391530461,951,EnthalpyOfMixing,<Substance CN1CCNCC1{solv}{x=0.550000}|O{solv}{x=0.450000}>,CN1CCNCC1,O,openff-2.2.1,2,-2.7112695707336343,0.0251910100199038,-3.547,0.038
29827,2107,dens_1756096179620961699,952,Density,<Substance CN1CCNCC1{solv}{x=0.510900}|O{solv}{x=0.489100}>,CN1CCNCC1,O,openff-2.2.1,2,0.9649997654983298,0.0003821827174543,0.9464100000000002,7.000000000000002e-05
29828,2108,dens_1892970147583328629,953,Density,<Substance CN1CCNCC1{solv}{x=0.706500}|O{solv}{x=0.293500}>,CN1CCNCC1,O,openff-2.2.1,2,0.953417430489724,0.0004493556613594,0.9223100000000002,8.500000000000002e-05
29829,2109,dhmix_681274412655414068,954,EnthalpyOfMixing,<Substance CCCOC(=O)CC{solv}{x=0.739400}|Cc1ccccc1{solv}{x=0.260600}>,CCCOC(=O)CC,Cc1ccccc1,openff-2.2.1,2,-0.2009721243358413,0.0392485337043349,-0.1135,0.0033
29830,2110,dhmix_720914323963600437,955,EnthalpyOfMixing,<Substance CCCOC(=O)CC{solv}{x=0.238900}|Cc1ccccc1{solv}{x=0.761100}>,CCCOC(=O)CC,Cc1ccccc1,openff-2.2.1,2,-0.2676240026588061,0.0432797429323146,-0.1404,0.0037
29831,2111,dens_1397630560016316656,956,Density,<Substance CCCOC(=O)CC{solv}{x=0.274700}|Cc1ccccc1{solv}{x=0.725300}>,CCCOC(=O)CC,Cc1ccccc1,openff-2.2.1,2,0.8548310572356104,0.0002191382427601,0.8675700000000003,0.00018
29832,2112,dhmix_1646061995263935606,957,EnthalpyOfMixing,<Substance CCCOC(=O)CC{solv}{x=0.548600}|Cc1ccccc1{solv}{x=0.451400}>,CCCOC(=O)CC,Cc1ccccc1,openff-2.2.1,2,-0.2505292295134822,0.0451983624237594,-0.1583,0.004
29833,2113,dens_1792064777238352129,958,Density,<Substance CCCOC(=O)CC{solv}{x=0.490700}|Cc1ccccc1{solv}{x=0.509300}>,CCCOC(=O)CC,Cc1ccccc1,openff-2.2.1,2,0.8608591845948793,0.0002106689400601,0.8707300000000002,0.00019
29834,2114,dens_1826904081955826008,959,Density,<Substance CCCOC(=O)CC{solv}{x=0.734600}|Cc1ccccc1{solv}{x=0.265400}>,CCCOC(=O)CC,Cc1ccccc1,openff-2.2.1,2,0.8662509855381718,0.0002117637353671,0.8734100000000001,0.00021
29835,2115,dens_685747331874801159,960,Density,<Substance CN1CCOCC1{solv}{x=0.498300}|O{solv}{x=0.501700}>,CN1CCOCC1,O,openff-2.2.1,2,0.9683502843841716,0.0003221871805605,0.9627600000000002,0.00084
29836,2116,dens_1087644349445114282,961,Density,<Substance CN1CCOCC1{solv}{x=0.253800}|O{solv}{x=0.746200}>,CN1CCOCC1,O,openff-2.2.1,2,0.9794490801660256,0.0002742038335883,0.9918800000000002,0.00059
29837,2117,dens_1374975991061431070,962,Density,<Substance CN1CCOCC1{solv}{x=0.758700}|O{solv}{x=0.241300}>,CN1CCOCC1,O,openff-2.2.1,2,0.9563161196111776,0.0003180180453626,0.9345300000000002,0.00112
29838,2118,dhmix_686592400130667234,963,EnthalpyOfMixing,<Substance BrCCCBr{solv}{x=0.231300}|COC(C)=O{solv}{x=0.768700}>,BrCCCBr,COC(C)=O,openff-2.2.1,2,0.284276106906546,0.0315560452000272,0.2115,0.0024
29839,2119,dhmix_691866222529030049,964,EnthalpyOfMixing,<Substance BrCCCBr{solv}{x=0.504200}|COC(C)=O{solv}{x=0.495800}>,BrCCCBr,COC(C)=O,openff-2.2.1,2,0.3464647015005244,0.0338860623559946,0.3912,0.0038
29840,2120,dens_1032175440351342196,965,Density,<Substance BrCCCBr{solv}{x=0.243500}|COC(C)=O{solv}{x=0.756500}>,BrCCCBr,COC(C)=O,openff-2.2.1,2,1.2194699725096378,0.0002571210685068,1.2277600000000002,0.00096
29841,2121,dens_1180265274183315765,966,Density,<Substance BrCCCBr{solv}{x=0.713800}|COC(C)=O{solv}{x=0.286200}>,BrCCCBr,COC(C)=O,openff-2.2.1,2,1.6697949700997694,0.000542092649559,1.7174300000000005,0.002745
29842,2122,dhmix_1380172638999588939,967,EnthalpyOfMixing,<Substance BrCCCBr{solv}{x=0.759400}|COC(C)=O{solv}{x=0.240600}>,BrCCCBr,COC(C)=O,openff-2.2.1,2,0.2132445549123005,0.0336537792553186,0.313,0.0032
29843,2123,dens_1697077234757321859,968,Density,<Substance BrCCCBr{solv}{x=0.525600}|COC(C)=O{solv}{x=0.474400}>,BrCCCBr,COC(C)=O,openff-2.2.1,2,1.5045822743212531,0.0004599259345261,1.5338800000000006,0.001965
29844,2124,dens_693154680723850561,969,Density,<Substance CN1CCCC1=O{solv}{x=0.756400}|Cc1ccccc1{solv}{x=0.243600}>,CN1CCCC1=O,Cc1ccccc1,openff-2.2.1,2,0.9589321292513696,0.0002210498649338,0.9854500000000004,0.00034
29845,2125,dhmix_1759507684169085916,970,EnthalpyOfMixing,<Substance CN1CCCC1=O{solv}{x=0.741800}|Cc1ccccc1{solv}{x=0.258200}>,CN1CCCC1=O,Cc1ccccc1,openff-2.2.1,2,-0.0644989079699058,0.038269564644783,-0.2141,0.0024
29846,2126,dens_1796497685752507694,971,Density,<Substance CN1CCCC1=O{solv}{x=0.481500}|Cc1ccccc1{solv}{x=0.518500}>,CN1CCCC1=O,Cc1ccccc1,openff-2.2.1,2,0.9179074345890051,0.0002468434489687,0.9415400000000002,0.00028
29847,2127,dhmix_1857599089574133884,972,EnthalpyOfMixing,<Substance CN1CCCC1=O{solv}{x=0.223100}|Cc1ccccc1{solv}{x=0.776900}>,CN1CCCC1=O,Cc1ccccc1,openff-2.2.1,2,-0.0236029995398396,0.0428406157941795,-0.1889,0.00215
29848,2128,dens_1886489466266398819,973,Density,<Substance CN1CCCC1=O{solv}{x=0.221600}|Cc1ccccc1{solv}{x=0.778400}>,CN1CCCC1=O,Cc1ccccc1,openff-2.2.1,2,0.8867596030996086,0.0002163261667481,0.9061600000000002,0.00076
29849,2129,dhmix_2238554893157725289,974,EnthalpyOfMixing,<Substance CN1CCCC1=O{solv}{x=0.482100}|Cc1ccccc1{solv}{x=0.517900}>,CN1CCCC1=O,Cc1ccccc1,openff-2.2.1,2,-0.0531451134741161,0.0416584416056432,-0.2985,0.0033
29850,2130,dens_717951284355382404,975,Density,<Substance CN1CCCC1=O{solv}{x=0.702300}|ClCCCCCCCl{solv}{x=0.297700}>,CN1CCCC1=O,ClCCCCCCCl,openff-2.2.1,2,1.0230510207543873,0.0001938962037263,1.0416,0.0003
29851,2131,dhmix_859697969059379656,976,EnthalpyOfMixing,<Substance CN1CCCC1=O{solv}{x=0.503000}|ClCCCCCCCl{solv}{x=0.497000}>,CN1CCCC1=O,ClCCCCCCCl,openff-2.2.1,2,0.2965607371698198,0.0438326906879333,-0.2,0.0025
29852,2132,dhmix_916885053388204545,977,EnthalpyOfMixing,<Substance CN1CCCC1=O{solv}{x=0.212000}|ClCCCCCCCl{solv}{x=0.788000}>,CN1CCCC1=O,ClCCCCCCCl,openff-2.2.1,2,0.2424557453217204,0.0463964873527719,-0.13,0.002
29853,2133,dens_1483670447992291960,978,Density,<Substance CN1CCCC1=O{solv}{x=0.201600}|ClCCCCCCCl{solv}{x=0.798400}>,CN1CCCC1=O,ClCCCCCCCl,openff-2.2.1,2,1.0504233776262792,0.0002271876672047,1.0584000000000005,0.00055
29854,2134,dens_1896555095774116819,979,Density,<Substance CN1CCCC1=O{solv}{x=0.504900}|ClCCCCCCCl{solv}{x=0.495100}>,CN1CCCC1=O,ClCCCCCCCl,openff-2.2.1,2,1.0352092761763143,0.0001626418605666,1.0490000000000002,0.00035
29855,2135,dhmix_2039443272323887912,980,EnthalpyOfMixing,<Substance CN1CCCC1=O{solv}{x=0.797000}|ClCCCCCCCl{solv}{x=0.203000}>,CN1CCCC1=O,ClCCCCCCCl,openff-2.2.1,2,0.1501820785556518,0.0461071178663256,-0.123,0.002
29856,2136,dhmix_729169544598225866,981,EnthalpyOfMixing,<Substance CN(C)C=O{solv}{x=0.203000}|ClCCCCCCCl{solv}{x=0.797000}>,CN(C)C=O,ClCCCCCCCl,openff-2.2.1,2,0.5655373229870975,0.0409885650131103,0.195,0.0025
29857,2137,dhmix_1359105787212172230,982,EnthalpyOfMixing,<Substance CN(C)C=O{solv}{x=0.796000}|ClCCCCCCCl{solv}{x=0.204000}>,CN(C)C=O,ClCCCCCCCl,openff-2.2.1,2,0.4420477545347907,0.0428445664797408,0.24,0.0025
29858,2138,dhmix_1534380829757525169,983,EnthalpyOfMixing,<Substance CN(C)C=O{solv}{x=0.498000}|ClCCCCCCCl{solv}{x=0.502000}>,CN(C)C=O,ClCCCCCCCl,openff-2.2.1,2,0.7017487247393888,0.0434892761095206,0.34,0.0025
29859,2139,dens_1752369236407148840,984,Density,<Substance CN(C)C=O{solv}{x=0.503300}|ClCCCCCCCl{solv}{x=0.496700}>,CN(C)C=O,ClCCCCCCCl,openff-2.2.1,2,1.0066488759309975,0.0002469419738633,1.0190000000000003,0.00155
29860,2140,dens_2070195997725277466,985,Density,<Substance CN(C)C=O{solv}{x=0.703400}|ClCCCCCCCl{solv}{x=0.296600}>,CN(C)C=O,ClCCCCCCCl,openff-2.2.1,2,0.978171848676472,0.0002405414631913,0.9943000000000002,0.0017
29861,2141,dens_2171945276872385012,986,Density,<Substance CN(C)C=O{solv}{x=0.201300}|ClCCCCCCCl{solv}{x=0.798700}>,CN(C)C=O,ClCCCCCCCl,openff-2.2.1,2,1.040231307827614,0.0002438267464556,1.0486000000000002,0.0014
29862,2142,dens_741100297092592576,987,Density,<Substance C1CCCCC1{solv}{x=0.265900}|C1CCOCC1{solv}{x=0.734100}>,C1CCCCC1,C1CCOCC1,openff-2.2.1,2,0.8313169696371893,0.0002464699657834,0.8470300000000002,0.000505
29863,2143,dens_1002639246322609242,988,Density,<Substance C1CCCCC1{solv}{x=0.762200}|C1CCOCC1{solv}{x=0.237800}>,C1CCCCC1,C1CCOCC1,openff-2.2.1,2,0.7742085695948997,0.000190288817755,0.7952000000000002,0.000505
29864,2144,dhmix_1171155554844966705,989,EnthalpyOfMixing,<Substance C1CCCCC1{solv}{x=0.247100}|C1CCOCC1{solv}{x=0.752900}>,C1CCCCC1,C1CCOCC1,openff-2.2.1,2,0.5107791621570357,0.04283548617595,0.3613,0.00395
29865,2145,dens_2142973677177666085,990,Density,<Substance C1CCCCC1{solv}{x=0.501800}|C1CCOCC1{solv}{x=0.498200}>,C1CCCCC1,C1CCOCC1,openff-2.2.1,2,0.8025059691868538,0.0002228148173685,0.8211500000000002,0.000505
29866,2146,dhmix_2195791820105752985,991,EnthalpyOfMixing,<Substance C1CCCCC1{solv}{x=0.726600}|C1CCOCC1{solv}{x=0.273400}>,C1CCCCC1,C1CCOCC1,openff-2.2.1,2,0.5048037556168481,0.0471305550195064,0.4424,0.00485
29867,2147,dhmix_2296999979529762407,992,EnthalpyOfMixing,<Substance C1CCCCC1{solv}{x=0.499000}|C1CCOCC1{solv}{x=0.501000}>,C1CCCCC1,C1CCOCC1,openff-2.2.1,2,0.6800339474743282,0.042563295431203,0.526,0.0055
29868,2148,dhmix_744994939606384802,993,EnthalpyOfMixing,<Substance CO{solv}{x=0.300000}|O{solv}{x=0.700000}>,CO,O,openff-2.2.1,2,0.0870317700464298,1.2569805089976535e-05,-0.85,0.005
29869,2149,dens_1085345433585028387,994,Density,<Substance CO{solv}{x=0.499700}|O{solv}{x=0.500300}>,CO,O,openff-2.2.1,2,0.8381119340155925,0.0004735764911339,0.8816900000000003,0.000165
29870,2150,dhmix_1126710771921470495,995,EnthalpyOfMixing,<Substance CO{solv}{x=0.700000}|O{solv}{x=0.300000}>,CO,O,openff-2.2.1,2,0.069156097807451,1.2569805089976535e-05,-0.583,0.0035
29871,2151,dens_1258832080354057572,996,Density,<Substance CO{solv}{x=0.300300}|O{solv}{x=0.699700}>,CO,O,openff-2.2.1,2,0.8845254795824017,1e-05,0.9252100000000004,0.000125
29872,2152,dens_1758371820245200558,997,Density,<Substance CO{solv}{x=0.760500}|O{solv}{x=0.239500}>,CO,O,openff-2.2.1,2,0.7940101968217691,0.0003339147451953,0.8289000000000002,0.0001
29873,2153,dhmix_1824296469249495553,998,EnthalpyOfMixing,<Substance CO{solv}{x=0.500000}|O{solv}{x=0.500000}>,CO,O,openff-2.2.1,2,0.1256879820858039,1.2247448713915892e-05,-0.777,0.0045
29874,2154,dhmix_753952445434773754,999,EnthalpyOfMixing,<Substance CCCCCCCCCl{solv}{x=0.493000}|CN1CCCC1=O{solv}{x=0.507000}>,CCCCCCCCCl,CN1CCCC1=O,openff-2.2.1,2,1.0873681151080774,0.0435443961977623,0.638,0.0035
29875,2155,dhmix_1273186684325800862,1000,EnthalpyOfMixing,<Substance CCCCCCCCCl{solv}{x=0.783000}|CN1CCCC1=O{solv}{x=0.217000}>,CCCCCCCCCl,CN1CCCC1=O,openff-2.2.1,2,0.6951081033763273,0.0600068182965831,0.371,0.003
29876,2156,dhmix_1457789704046029008,1001,EnthalpyOfMixing,<Substance CCCCCCCCCl{solv}{x=0.202000}|CN1CCCC1=O{solv}{x=0.798000}>,CCCCCCCCCl,CN1CCCC1=O,openff-2.2.1,2,0.8170446388975421,0.045790861752741,0.5,0.0035
29877,2157,dens_1965529278608066299,1002,Density,<Substance CCCCCCCCCl{solv}{x=0.299500}|CN1CCCC1=O{solv}{x=0.700500}>,CCCCCCCCCl,CN1CCCC1=O,openff-2.2.1,2,0.9415950764326388,0.0002074800794023,0.9598000000000002,0.00025
29878,2158,dens_2167805246575708222,1003,Density,<Substance CCCCCCCCCl{solv}{x=0.798600}|CN1CCCC1=O{solv}{x=0.201400}>,CCCCCCCCCl,CN1CCCC1=O,openff-2.2.1,2,0.8791418898314295,0.0001606500114454,0.8888000000000001,0.00055
29879,2159,dens_2177162670107081086,1004,Density,<Substance CCCCCCCCCl{solv}{x=0.497900}|CN1CCCC1=O{solv}{x=0.502100}>,CCCCCCCCCl,CN1CCCC1=O,openff-2.2.1,2,0.9134649156211574,0.0002129223799581,0.9269000000000002,0.00035
29880,2160,dhmix_756380521637559100,1005,EnthalpyOfMixing,<Substance C1COCCO1{solv}{x=0.500000}|O=C1CCCCC1{solv}{x=0.500000}>,C1COCCO1,O=C1CCCCC1,openff-2.2.1,2,0.1723381800269265,0.0394245986359993,0.28584,0.00154
29881,2161,dens_1139761443535371798,1006,Density,<Substance C1COCCO1{solv}{x=0.459400}|O=C1CCCCC1{solv}{x=0.540600}>,C1COCCO1,O=C1CCCCC1,openff-2.2.1,2,0.9579117717802056,0.0002096806814177,0.9762000000000004,0.00025
29882,2162,dhmix_1367833850972054360,1007,EnthalpyOfMixing,<Substance C1COCCO1{solv}{x=0.750000}|O=C1CCCCC1{solv}{x=0.250000}>,C1COCCO1,O=C1CCCCC1,openff-2.2.1,2,0.1557074351720473,0.0394150627266504,0.23662,0.001355
29883,2163,dhmix_1533665710565492443,1008,EnthalpyOfMixing,<Substance C1COCCO1{solv}{x=0.250000}|O=C1CCCCC1{solv}{x=0.750000}>,C1COCCO1,O=C1CCCCC1,openff-2.2.1,2,0.1044929183832437,0.0411452479464535,0.20076,0.00121
29884,2164,dens_1556646832168598904,1009,Density,<Substance C1COCCO1{solv}{x=0.797800}|O=C1CCCCC1{solv}{x=0.202200}>,C1COCCO1,O=C1CCCCC1,openff-2.2.1,2,0.9994054937437176,0.0002164540257666,1.0062000000000002,0.00025
29885,2165,dens_1806066395455679216,1010,Density,<Substance C1COCCO1{solv}{x=0.272000}|O=C1CCCCC1{solv}{x=0.728000}>,C1COCCO1,O=C1CCCCC1,openff-2.2.1,2,0.93938676886859,0.0002136846055308,0.9614000000000004,0.00025
29886,2166,dhmix_781473821930081125,1011,EnthalpyOfMixing,<Substance CCOc1ccccc1{solv}{x=0.765100}|OCc1ccccc1{solv}{x=0.234900}>,CCOc1ccccc1,OCc1ccccc1,openff-2.2.1,2,0.7814915133228268,0.0523182843330327,1.083,0.0116
29887,2167,dhmix_966435122735090568,1012,EnthalpyOfMixing,<Substance CCOc1ccccc1{solv}{x=0.063600}|OCc1ccccc1{solv}{x=0.936400}>,CCOc1ccccc1,OCc1ccccc1,openff-2.2.1,2,0.1955269983141292,0.0509075558939676,0.1901,0.00225
29888,2168,dens_1184318999137642715,1013,Density,<Substance CCOc1ccccc1{solv}{x=0.064200}|OCc1ccccc1{solv}{x=0.935800}>,CCOc1ccccc1,OCc1ccccc1,openff-2.2.1,2,1.0171683783695895,0.00021638910085,1.02761,0.00011
29889,2169,dhmix_1518701992890040137,1014,EnthalpyOfMixing,<Substance CCOc1ccccc1{solv}{x=0.549900}|OCc1ccccc1{solv}{x=0.450100}>,CCOc1ccccc1,OCc1ccccc1,openff-2.2.1,2,0.8461235761975843,0.0428732530965799,1.0561,0.01135
29890,2170,dens_1575045736805268459,1015,Density,<Substance CCOc1ccccc1{solv}{x=0.459800}|OCc1ccccc1{solv}{x=0.540200}>,CCOc1ccccc1,OCc1ccccc1,openff-2.2.1,2,0.980866566860204,0.0002062170925561,0.9925100000000002,0.00016
29891,2171,dens_2214650701288997434,1016,Density,<Substance CCOc1ccccc1{solv}{x=0.757200}|OCc1ccccc1{solv}{x=0.242800}>,CCOc1ccccc1,OCc1ccccc1,openff-2.2.1,2,0.9582820009546968,0.0002123868720133,0.9686500000000002,0.000215
29892,2172,dens_800807749587668066,1017,Density,<Substance C1CCOCC1{solv}{x=0.733600}|c1ccncc1{solv}{x=0.266400}>,C1CCOCC1,c1ccncc1,openff-2.2.1,2,0.8820455111666502,0.0002846183541557,0.8933350000000002,0.000358
29893,2173,dhmix_836757145941804043,1018,EnthalpyOfMixing,<Substance C1CCOCC1{solv}{x=0.291500}|c1ccncc1{solv}{x=0.708500}>,C1CCOCC1,c1ccncc1,openff-2.2.1,2,-0.0351972842716445,0.0377575287552904,0.0898,0.00095
29894,2174,dhmix_1003039131395935786,1019,EnthalpyOfMixing,<Substance C1CCOCC1{solv}{x=0.536300}|c1ccncc1{solv}{x=0.463700}>,C1CCOCC1,c1ccncc1,openff-2.2.1,2,0.0846011498310304,0.038711650220226,0.1573,0.0013
29895,2175,dens_1859030547600172702,1020,Density,<Substance C1CCOCC1{solv}{x=0.241500}|c1ccncc1{solv}{x=0.758500}>,C1CCOCC1,c1ccncc1,openff-2.2.1,2,0.9468340361652108,0.0002640681594483,0.9525650000000004,0.000212
29896,2176,dhmix_2191254706131659314,1021,EnthalpyOfMixing,<Substance C1CCOCC1{solv}{x=0.734400}|c1ccncc1{solv}{x=0.265600}>,C1CCOCC1,c1ccncc1,openff-2.2.1,2,0.1167551392302002,0.0423760535403405,0.1564,0.0013
29897,2177,dens_2239470871208865925,1022,Density,<Substance C1CCOCC1{solv}{x=0.536400}|c1ccncc1{solv}{x=0.463600}>,C1CCOCC1,c1ccncc1,openff-2.2.1,2,0.9026317574854976,0.0002371953749051,0.9124250000000002,0.0002965
29898,2178,dens_801655585640229277,1023,Density,<Substance C1CCOCC1{solv}{x=0.777600}|CCCC(C)=O{solv}{x=0.222400}>,C1CCOCC1,CCCC(C)=O,openff-2.2.1,2,0.845133793210285,0.0002227339540019,0.8602600000000002,0.000225
29899,2179,dhmix_1175081460677389458,1024,EnthalpyOfMixing,<Substance C1CCOCC1{solv}{x=0.250000}|CCCC(C)=O{solv}{x=0.750000}>,C1CCOCC1,CCCC(C)=O,openff-2.2.1,2,0.1193422540833317,0.0435206843695595,0.06014,0.00063
29900,2180,dens_1481139606755572767,1025,Density,<Substance C1CCOCC1{solv}{x=0.236100}|CCCC(C)=O{solv}{x=0.763900}>,C1CCOCC1,CCCC(C)=O,openff-2.2.1,2,0.7971684841803669,0.0002377982368598,0.8183900000000002,0.000215
29901,2181,dhmix_1531586108535895092,1026,EnthalpyOfMixing,<Substance C1CCOCC1{solv}{x=0.750000}|CCCC(C)=O{solv}{x=0.250000}>,C1CCOCC1,CCCC(C)=O,openff-2.2.1,2,0.1477941895031875,0.0445401861557976,0.08245,0.000715
29902,2182,dhmix_2074691820693967219,1027,EnthalpyOfMixing,<Substance C1CCOCC1{solv}{x=0.500000}|CCCC(C)=O{solv}{x=0.500000}>,C1CCOCC1,CCCC(C)=O,openff-2.2.1,2,0.182663098848721,0.0446834269307453,0.09128,0.000745
29903,2183,dens_2180187104403779312,1028,Density,<Substance C1CCOCC1{solv}{x=0.504600}|CCCC(C)=O{solv}{x=0.495400}>,C1CCOCC1,CCCC(C)=O,openff-2.2.1,2,0.8202054641049201,0.0002430369157854,0.8386000000000002,0.00022
29904,2184,dhmix_814516627068967115,1029,EnthalpyOfMixing,<Substance CCCOC=O{solv}{x=0.230800}|ClCCCCl{solv}{x=0.769200}>,CCCOC=O,ClCCCCl,openff-2.2.1,2,0.1511857618022318,1.2824671535754826e-05,-0.054,0.001
29905,2185,dens_853749747181024442,1030,Density,<Substance CCCOC=O{solv}{x=0.525500}|ClCCCCl{solv}{x=0.474500}>,CCCOC=O,ClCCCCl,openff-2.2.1,2,1.0305435441245314,1e-05,1.0302400000000005,0.00176
29906,2186,dhmix_1623640482466530427,1031,EnthalpyOfMixing,<Substance CCCOC=O{solv}{x=0.750900}|ClCCCCl{solv}{x=0.249100}>,CCCOC=O,ClCCCCl,openff-2.2.1,2,0.1527210677079118,1.2751478345666436e-05,-0.088,0.001
29907,2187,dens_1998603470347754754,1032,Density,<Substance CCCOC=O{solv}{x=0.233600}|ClCCCCl{solv}{x=0.766400}>,CCCOC=O,ClCCCCl,openff-2.2.1,2,1.1011939519064518,1e-05,1.1122200000000002,0.00274
29908,2188,dhmix_2003217087101692001,1033,EnthalpyOfMixing,<Substance CCCOC=O{solv}{x=0.514500}|ClCCCCl{solv}{x=0.485500}>,CCCOC=O,ClCCCCl,openff-2.2.1,2,0.2151683097125065,1.2249168715725914e-05,-0.114,0.0015
29909,2189,dens_2020761603812222512,1034,Density,<Substance CCCOC=O{solv}{x=0.763600}|ClCCCCl{solv}{x=0.236400}>,CCCOC=O,ClCCCCl,openff-2.2.1,2,0.9718598276530236,1e-05,0.9644500000000004,0.00119
29910,2190,dens_828893303895070246,1035,Density,<Substance C1CCCCC1{solv}{x=0.249800}|CCCCCCCC{solv}{x=0.750200}>,C1CCCCC1,CCCCCCCC,openff-2.2.1,2,0.6983684484592865,0.0001641946931616,0.7110900000000002,0.000605
29911,2191,dhmix_1288938247372010686,1036,EnthalpyOfMixing,<Substance C1CCCCC1{solv}{x=0.751300}|CCCCCCCC{solv}{x=0.248700}>,C1CCCCC1,CCCCCCCC,openff-2.2.1,2,0.1980218116494256,0.0500951084211409,0.23,0.005
29912,2192,dens_1398337515687242649,1037,Density,<Substance C1CCCCC1{solv}{x=0.477700}|CCCCCCCC{solv}{x=0.522300}>,C1CCCCC1,CCCCCCCC,openff-2.2.1,2,0.7099258222054671,0.0002161469732425,0.7250300000000002,0.000585
29913,2193,dhmix_1429498464152515756,1038,EnthalpyOfMixing,<Substance C1CCCCC1{solv}{x=0.532400}|CCCCCCCC{solv}{x=0.467600}>,C1CCCCC1,CCCCCCCC,openff-2.2.1,2,0.1792594418227793,0.0474605231183338,0.258,0.005
29914,2194,dens_2267960821195706299,1039,Density,<Substance C1CCCCC1{solv}{x=0.796100}|CCCCCCCC{solv}{x=0.203900}>,C1CCCCC1,CCCCCCCC,openff-2.2.1,2,0.7317485025612736,0.0002271333944169,0.7509700000000002,0.00055
29915,2195,dhmix_2289023418386220795,1040,EnthalpyOfMixing,<Substance C1CCCCC1{solv}{x=0.274400}|CCCCCCCC{solv}{x=0.725600}>,C1CCCCC1,CCCCCCCC,openff-2.2.1,2,0.2778883836506622,0.0494347437079669,0.18,0.005
29916,2196,dens_848374876759596361,1041,Density,<Substance CC(C)OC(C)C{solv}{x=0.284600}|CCCCCl{solv}{x=0.715400}>,CC(C)OC(C)C,CCCCCl,openff-2.2.1,2,0.8163346016836087,0.0002774208665905,0.8263210000000002,0.000365
29917,2197,dens_917492506874956672,1042,Density,<Substance CC(C)OC(C)C{solv}{x=0.808200}|CCCCCl{solv}{x=0.191800}>,CC(C)OC(C)C,CCCCCl,openff-2.2.1,2,0.7522329955621395,0.0002534764170964,0.7440910000000002,0.000448
29918,2198,dhmix_1107367594793013993,1043,EnthalpyOfMixing,<Substance CC(C)OC(C)C{solv}{x=0.272700}|CCCCCl{solv}{x=0.727300}>,CC(C)OC(C)C,CCCCCl,openff-2.2.1,2,-0.2284960003272758,0.0420922621461017,-0.0785,0.001
29919,2199,dhmix_1310204607958463222,1044,EnthalpyOfMixing,<Substance CC(C)OC(C)C{solv}{x=0.454700}|CCCCCl{solv}{x=0.545300}>,CC(C)OC(C)C,CCCCCl,openff-2.2.1,2,-0.2292227955718502,0.0392795027319283,-0.0954,0.0012
29920,2200,dhmix_1605157292498138629,1045,EnthalpyOfMixing,<Substance CC(C)OC(C)C{solv}{x=0.727400}|CCCCCl{solv}{x=0.272600}>,CC(C)OC(C)C,CCCCCl,openff-2.2.1,2,-0.1309316949056835,0.0474776879601232,-0.0732,0.00095
29921,2201,dens_1927916489732771888,1046,Density,<Substance CC(C)OC(C)C{solv}{x=0.484000}|CCCCCl{solv}{x=0.516000}>,CC(C)OC(C)C,CCCCCl,openff-2.2.1,2,0.7896247486444878,0.0002723074870077,0.7925060000000002,0.0004005
29922,2202,dens_860008765681738590,1047,Density,<Substance CN(CCO)CCO{solv}{x=0.231260}|c1ccncc1{solv}{x=0.768740}>,CN(CCO)CCO,c1ccncc1,openff-2.2.1,2,0.9933591628785564,1e-05,0.9906030000000002,0.0001015
29923,2203,dens_1253280811379348869,1048,Density,<Substance CN(CCO)CCO{solv}{x=0.670000}|c1ccncc1{solv}{x=0.330000}>,CN(CCO)CCO,c1ccncc1,openff-2.2.1,2,1.0227441281129868,1e-05,1.0161020000000005,0.000102
29924,2204,dhmix_1381513140604048573,1049,EnthalpyOfMixing,<Substance CN(CCO)CCO{solv}{x=0.473760}|c1ccncc1{solv}{x=0.526240}>,CN(CCO)CCO,c1ccncc1,openff-2.2.1,2,0.088928204435362,1.2252966987632015e-05,-0.093,0.001
29925,2205,dens_1460709448836415360,1050,Density,<Substance CN(CCO)CCO{solv}{x=0.473530}|c1ccncc1{solv}{x=0.526470}>,CN(CCO)CCO,c1ccncc1,openff-2.2.1,2,1.0106548809452751,1e-05,1.0044450000000005,0.0001015
29926,2206,dhmix_2085036308089359597,1051,EnthalpyOfMixing,<Substance CN(CCO)CCO{solv}{x=0.230610}|c1ccncc1{solv}{x=0.769390}>,CN(CCO)CCO,c1ccncc1,openff-2.2.1,2,0.2418378408414128,1.2824671535754826e-05,-0.032,0.001
29927,2207,dhmix_2287943921901918379,1052,EnthalpyOfMixing,<Substance CN(CCO)CCO{solv}{x=0.669580}|c1ccncc1{solv}{x=0.330420}>,CN(CCO)CCO,c1ccncc1,openff-2.2.1,2,-0.1078132284911532,1.2481185841096992e-05,-0.12,0.0015
29928,2208,dens_929806754028972955,1053,Density,<Substance CCCC(=O)OC{solv}{x=0.695800}|COC(C)=O{solv}{x=0.304200}>,CCCC(=O)OC,COC(C)=O,openff-2.2.1,2,0.8973922792535441,0.0002384559553532,0.8997600000000002,0.000505
29929,2209,dhmix_1093843275803987368,1054,EnthalpyOfMixing,<Substance CCCC(=O)OC{solv}{x=0.482200}|COC(C)=O{solv}{x=0.517800}>,CCCC(=O)OC,COC(C)=O,openff-2.2.1,2,0.0423359138022831,0.0384716796345809,0.151,0.002
29930,2210,dens_1187818937240241755,1055,Density,<Substance CCCC(=O)OC{solv}{x=0.253600}|COC(C)=O{solv}{x=0.746400}>,CCCC(=O)OC,COC(C)=O,openff-2.2.1,2,0.916792433900345,0.0002522847650424,0.9147400000000002,0.000505
29931,2211,dens_1462283017082249050,1056,Density,<Substance CCCC(=O)OC{solv}{x=0.545600}|COC(C)=O{solv}{x=0.454400}>,CCCC(=O)OC,COC(C)=O,openff-2.2.1,2,0.9028474430246513,0.0002594356550069,0.9041900000000004,0.000505
29932,2212,dhmix_1514470349370367756,1057,EnthalpyOfMixing,<Substance CCCC(=O)OC{solv}{x=0.226000}|COC(C)=O{solv}{x=0.774000}>,CCCC(=O)OC,COC(C)=O,openff-2.2.1,2,0.0176308732310559,0.0370580794857557,0.102,0.0015
29933,2213,dhmix_1615966506855005599,1058,EnthalpyOfMixing,<Substance CCCC(=O)OC{solv}{x=0.695800}|COC(C)=O{solv}{x=0.304200}>,CCCC(=O)OC,COC(C)=O,openff-2.2.1,2,0.1219088963276746,0.0420283894143777,0.122,0.0015
29934,2214,dens_931039395662625393,1059,Density,<Substance BrCCBr{solv}{x=0.510700}|CCOC=O{solv}{x=0.489300}>,BrCCBr,CCOC=O,openff-2.2.1,2,1.573170985325682,0.0005351978880008,1.5742900000000004,0.00125
29935,2215,dhmix_1379448524788285045,1060,EnthalpyOfMixing,<Substance BrCCBr{solv}{x=0.503000}|CCOC=O{solv}{x=0.497000}>,BrCCBr,CCOC=O,openff-2.2.1,2,0.2348010745669331,0.0336806373694414,0.404,0.0054
29936,2216,dhmix_1589211680683586133,1061,EnthalpyOfMixing,<Substance BrCCBr{solv}{x=0.247500}|CCOC=O{solv}{x=0.752500}>,BrCCBr,CCOC=O,openff-2.2.1,2,0.0924776822632225,0.0305446685257114,0.2492,0.0035
29937,2217,dens_1816072583621776909,1062,Density,<Substance BrCCBr{solv}{x=0.282500}|CCOC=O{solv}{x=0.717500}>,BrCCBr,CCOC=O,openff-2.2.1,2,1.2983118241759897,0.0004355393405466,1.2851500000000005,0.00131
29938,2218,dens_1857279480363338972,1063,Density,<Substance BrCCBr{solv}{x=0.750600}|CCOC=O{solv}{x=0.249400}>,BrCCBr,CCOC=O,openff-2.2.1,2,1.8424503618349584,0.0006071564108783,1.8698300000000003,0.000995
29939,2219,dhmix_2225135654541562913,1064,EnthalpyOfMixing,<Substance BrCCBr{solv}{x=0.734600}|CCOC=O{solv}{x=0.265400}>,BrCCBr,CCOC=O,openff-2.2.1,2,0.2192009750302794,0.0346997094070989,0.3604,0.00485
29940,2220,dhmix_933824509566848172,1065,EnthalpyOfMixing,<Substance C1COCO1{solv}{x=0.350000}|CCCC(C)=O{solv}{x=0.650000}>,C1COCO1,CCCC(C)=O,openff-2.2.1,2,0.331695588336963,0.040647316198595,0.17755,0.001095
29941,2221,dens_1326756646981901590,1066,Density,<Substance C1COCO1{solv}{x=0.717400}|CCCC(C)=O{solv}{x=0.282600}>,C1COCO1,CCCC(C)=O,openff-2.2.1,2,0.973623191543496,0.0002720484659254,0.9625500000000002,0.000245
29942,2222,dhmix_1386053902220878259,1067,EnthalpyOfMixing,<Substance C1COCO1{solv}{x=0.500000}|CCCC(C)=O{solv}{x=0.500000}>,C1COCO1,CCCC(C)=O,openff-2.2.1,2,0.3743710420193338,0.0338384591481041,0.21077,0.00122
29943,2223,dens_1490997112604690080,1068,Density,<Substance C1COCO1{solv}{x=0.349900}|CCCC(C)=O{solv}{x=0.650100}>,C1COCO1,CCCC(C)=O,openff-2.2.1,2,0.8595706286248785,0.0002128543744769,0.8687200000000003,0.00022
29944,2224,dens_1979377813631413053,1069,Density,<Substance C1COCO1{solv}{x=0.516900}|CCCC(C)=O{solv}{x=0.483100}>,C1COCO1,CCCC(C)=O,openff-2.2.1,2,0.9068637852816436,0.0002592717583873,0.9078200000000004,0.00023
29945,2225,dhmix_2113009728753201792,1070,EnthalpyOfMixing,<Substance C1COCO1{solv}{x=0.750000}|CCCC(C)=O{solv}{x=0.250000}>,C1COCO1,CCCC(C)=O,openff-2.2.1,2,0.3660756595353689,0.0385497760038986,0.17046,0.00107
29946,2226,dhmix_962524540250306235,1071,EnthalpyOfMixing,<Substance Cc1ccccc1N{solv}{x=0.268100}|c1ccncc1{solv}{x=0.731900}>,Cc1ccccc1N,c1ccncc1,openff-2.2.1,2,-1.5660003096098336,0.0417750370387772,-0.8915,0.0182
29947,2227,dhmix_1000930562998604270,1072,EnthalpyOfMixing,<Substance Cc1ccccc1N{solv}{x=0.773500}|c1ccncc1{solv}{x=0.226500}>,Cc1ccccc1N,c1ccncc1,openff-2.2.1,2,-1.2268672086671302,0.045701618729404,-0.7828,0.016
29948,2228,dens_1203111494553524663,1073,Density,<Substance Cc1ccccc1N{solv}{x=0.483700}|c1ccncc1{solv}{x=0.516300}>,Cc1ccccc1N,c1ccncc1,openff-2.2.1,2,1.001340504979665,0.0002361584307321,0.9912370000000004,0.000117
29949,2229,dens_1316174752280431242,1074,Density,<Substance Cc1ccccc1N{solv}{x=0.237400}|c1ccncc1{solv}{x=0.762600}>,Cc1ccccc1N,c1ccncc1,openff-2.2.1,2,0.9911211208857872,0.0002481280051095,0.9863750000000002,0.000118
29950,2230,dhmix_1371524052813651708,1075,EnthalpyOfMixing,<Substance Cc1ccccc1N{solv}{x=0.482600}|c1ccncc1{solv}{x=0.517400}>,Cc1ccccc1N,c1ccncc1,openff-2.2.1,2,-1.8106186081786184,0.0411522111680411,-1.0329,0.02105
29951,2231,dens_2188924364196997512,1076,Density,<Substance Cc1ccccc1N{solv}{x=0.767800}|c1ccncc1{solv}{x=0.232200}>,Cc1ccccc1N,c1ccncc1,openff-2.2.1,2,1.0092955290359982,0.0002695110956178,0.9936220000000002,0.000117
29952,2232,dens_964556344607822867,1077,Density,<Substance CCCCCCCCC{solv}{x=0.696300}|COC(C)(C)C{solv}{x=0.303700}>,CCCCCCCCC,COC(C)(C)C,openff-2.2.1,2,0.7107362647624617,0.0001664055613149,0.7173600000000002,0.000295
29953,2233,dhmix_1091489740441728210,1078,EnthalpyOfMixing,<Substance CCCCCCCCC{solv}{x=0.260100}|COC(C)(C)C{solv}{x=0.739900}>,CCCCCCCCC,COC(C)(C)C,openff-2.2.1,2,0.475021441304591,0.0472752296124806,0.371,0.0075
29954,2234,dens_1264105858192356202,1079,Density,<Substance CCCCCCCCC{solv}{x=0.499200}|COC(C)(C)C{solv}{x=0.500800}>,CCCCCCCCC,COC(C)(C)C,openff-2.2.1,2,0.7161701056123266,0.0002055987651348,0.7207300000000002,0.00029
29955,2235,dhmix_1760873631242020891,1080,EnthalpyOfMixing,<Substance CCCCCCCCC{solv}{x=0.759600}|COC(C)(C)C{solv}{x=0.240400}>,CCCCCCCCC,COC(C)(C)C,openff-2.2.1,2,0.3949637466823503,0.0510786426044019,0.345,0.007
29956,2236,dens_2012579877169955729,1081,Density,<Substance CCCCCCCCC{solv}{x=0.199500}|COC(C)(C)C{solv}{x=0.800500}>,CCCCCCCCC,COC(C)(C)C,openff-2.2.1,2,0.7289132154908878,0.0002198565331666,0.7281100000000001,0.000285
29957,2237,dhmix_2200368758776542578,1082,EnthalpyOfMixing,<Substance CCCCCCCCC{solv}{x=0.513300}|COC(C)(C)C{solv}{x=0.486700}>,CCCCCCCCC,COC(C)(C)C,openff-2.2.1,2,0.6561873602456672,0.0486064312863624,0.486,0.0095
29958,2238,dhmix_972091313059406932,1083,EnthalpyOfMixing,<Substance CCCNCCC{solv}{x=0.248200}|CN(C)C=O{solv}{x=0.751800}>,CCCNCCC,CN(C)C=O,openff-2.2.1,2,0.1633677910055624,0.0394487302775411,0.613,0.0195
29959,2239,dhmix_1037416167092316519,1084,EnthalpyOfMixing,<Substance CCCNCCC{solv}{x=0.499500}|CN(C)C=O{solv}{x=0.500500}>,CCCNCCC,CN(C)C=O,openff-2.2.1,2,0.1467554740252481,0.0428266293958729,0.748,0.0225
29960,2240,dhmix_1525975551610336413,1085,EnthalpyOfMixing,<Substance CCCNCCC{solv}{x=0.749600}|CN(C)C=O{solv}{x=0.250400}>,CCCNCCC,CN(C)C=O,openff-2.2.1,2,0.1655634763200169,0.0431113919794311,0.529,0.017
29961,2241,dens_1610465641813938660,1086,Density,<Substance CCCNCCC{solv}{x=0.745900}|CN(C)C=O{solv}{x=0.254100}>,CCCNCCC,CN(C)C=O,openff-2.2.1,2,0.7645066586559952,0.0002179006736663,0.7687320000000002,0.0009355
29962,2242,dens_2129043605695010641,1087,Density,<Substance CCCNCCC{solv}{x=0.503400}|CN(C)C=O{solv}{x=0.496600}>,CCCNCCC,CN(C)C=O,openff-2.2.1,2,0.8029427309610625,0.0002450320529063,0.8108000000000002,0.0009885
29963,2243,dens_2129124855081233158,1088,Density,<Substance CCCNCCC{solv}{x=0.252300}|CN(C)C=O{solv}{x=0.747700}>,CCCNCCC,CN(C)C=O,openff-2.2.1,2,0.8539989737472621,0.0002724563515106,0.8674480000000002,0.0010625
29964,2244,dhmix_1022139531284796266,1089,EnthalpyOfMixing,<Substance CCCO{solv}{x=0.730200}|O=Cc1ccccc1{solv}{x=0.269800}>,CCCO,O=Cc1ccccc1,openff-2.2.1,2,0.9947187200237124,0.0410068812124003,1.3784,0.00585
29965,2245,dens_1530410585842005416,1090,Density,<Substance CCCO{solv}{x=0.802500}|O=Cc1ccccc1{solv}{x=0.197500}>,CCCO,O=Cc1ccccc1,openff-2.2.1,2,0.8557149974007963,0.0002436754522807,0.8676000000000003,0.0054
29966,2246,dens_1586325098516354010,1091,Density,<Substance CCCO{solv}{x=0.500300}|O=Cc1ccccc1{solv}{x=0.499700}>,CCCO,O=Cc1ccccc1,openff-2.2.1,2,0.9331137800101492,0.0002148982561027,0.9470000000000002,0.0035
29967,2247,dhmix_1860362391399300385,1092,EnthalpyOfMixing,<Substance CCCO{solv}{x=0.237400}|O=Cc1ccccc1{solv}{x=0.762600}>,CCCO,O=Cc1ccccc1,openff-2.2.1,2,0.927793200964132,0.0385050271875666,1.2579,0.0055
29968,2248,dens_2022804020725863961,1093,Density,<Substance CCCO{solv}{x=0.192900}|O=Cc1ccccc1{solv}{x=0.807100}>,CCCO,O=Cc1ccccc1,openff-2.2.1,2,0.99567275867999,0.0001731210847046,1.0128,0.00265
29969,2249,dhmix_2114980631721668598,1094,EnthalpyOfMixing,<Substance CCCO{solv}{x=0.517800}|O=Cc1ccccc1{solv}{x=0.482200}>,CCCO,O=Cc1ccccc1,openff-2.2.1,2,1.2922303978242198,0.0391452362224369,1.6361,0.00675
29970,2250,dens_1061385011202038988,1095,Density,<Substance CC(C)O{solv}{x=0.495900}|CCCCOCCO{solv}{x=0.504100}>,CC(C)O,CCCCOCCO,openff-2.2.1,2,0.856921639858671,1e-05,0.8550000000000002,5.450000000000001e-05
29971,2251,dens_1314274960992474794,1096,Density,<Substance CC(C)O{solv}{x=0.292200}|CCCCOCCO{solv}{x=0.707800}>,CC(C)O,CCCCOCCO,openff-2.2.1,2,0.8720396714067172,1e-05,0.8743700000000002,4.600000000000001e-05
29972,2252,dens_1729117108592325655,1097,Density,<Substance CC(C)O{solv}{x=0.743300}|CCCCOCCO{solv}{x=0.256700}>,CC(C)O,CCCCOCCO,openff-2.2.1,2,0.8329349154624807,1e-05,0.8247900000000001,5.600000000000001e-05
29973,2253,dens_1112128096721834081,1098,Density,<Substance CNCCO{solv}{x=0.800900}|O{solv}{x=0.199100}>,CNCCO,O,openff-2.2.1,2,0.9599511553648676,0.0003141301130588,0.9466300000000002,0.00032
29974,2254,dens_1381694863030749046,1099,Density,<Substance CNCCO{solv}{x=0.198700}|O{solv}{x=0.801300}>,CNCCO,O,openff-2.2.1,2,0.9792477071832576,0.0003949299686734,0.9960300000000002,0.00016
29975,2255,dhmix_1383192140212198237,1100,EnthalpyOfMixing,<Substance CNCCO{solv}{x=0.798800}|O{solv}{x=0.201200}>,CNCCO,O,openff-2.2.1,2,-1.0234299080009777,0.039993078067174,-1.219,0.025
29976,2256,dens_1615304038745182966,1101,Density,<Substance CNCCO{solv}{x=0.504100}|O{solv}{x=0.495900}>,CNCCO,O,openff-2.2.1,2,0.9707961032087384,0.0004390766577818,0.9688100000000002,0.000235
29977,2257,dhmix_1902240048183935170,1102,EnthalpyOfMixing,<Substance CNCCO{solv}{x=0.501700}|O{solv}{x=0.498300}>,CNCCO,O,openff-2.2.1,2,-1.812423478601204,0.0341431271395232,-2.508,0.051
29978,2258,dhmix_2185888808838690563,1103,EnthalpyOfMixing,<Substance CNCCO{solv}{x=0.199200}|O{solv}{x=0.800800}>,CNCCO,O,openff-2.2.1,2,-1.0549558914704873,0.0286350210294321,-2.243,0.0455
29979,2259,dens_1155626281932782094,1104,Density,<Substance CCC(C)=O{solv}{x=0.292200}|CN1CCCC1=O{solv}{x=0.707800}>,CCC(C)=O,CN1CCCC1=O,openff-2.2.1,2,0.9363722699863124,0.0002036910007667,0.9591400000000002,0.00262
29980,2260,dens_1354588388489384902,1105,Density,<Substance CCC(C)=O{solv}{x=0.779300}|CN1CCCC1=O{solv}{x=0.220700}>,CCC(C)=O,CN1CCCC1=O,openff-2.2.1,2,0.8240547780475315,0.000258753459842,0.8467600000000002,0.002595
29981,2261,dhmix_1468142552678388689,1106,EnthalpyOfMixing,<Substance CCC(C)=O{solv}{x=0.484100}|CN1CCCC1=O{solv}{x=0.515900}>,CCC(C)=O,CN1CCCC1=O,openff-2.2.1,2,0.1250481940209322,0.0409039035828447,-0.1675,0.00415
29982,2262,dhmix_1545004468946955771,1107,EnthalpyOfMixing,<Substance CCC(C)=O{solv}{x=0.246100}|CN1CCCC1=O{solv}{x=0.753900}>,CCC(C)=O,CN1CCCC1=O,openff-2.2.1,2,0.1189596200613074,0.0431587313876112,-0.0999,0.0031
29983,2263,dhmix_1746826813990258300,1108,EnthalpyOfMixing,<Substance CCC(C)=O{solv}{x=0.732400}|CN1CCCC1=O{solv}{x=0.267600}>,CCC(C)=O,CN1CCCC1=O,openff-2.2.1,2,0.0714817363812425,0.037726557581055,-0.0861,0.0029
29984,2264,dens_2035401379156582518,1109,Density,<Substance CCC(C)=O{solv}{x=0.479500}|CN1CCCC1=O{solv}{x=0.520500}>,CCC(C)=O,CN1CCCC1=O,openff-2.2.1,2,0.8949994564869423,0.0002224376445227,0.9166100000000004,0.00261
29985,2265,dens_1159403686634788877,1110,Density,<Substance C1CCOCC1{solv}{x=0.253600}|Cc1ccncc1{solv}{x=0.746400}>,C1CCOCC1,Cc1ccncc1,openff-2.2.1,2,0.9238230872942124,0.0002256602000838,0.9329390000000002,0.0002125
29986,2266,dhmix_1427533760370073434,1111,EnthalpyOfMixing,<Substance C1CCOCC1{solv}{x=0.241600}|Cc1ccncc1{solv}{x=0.758400}>,C1CCOCC1,Cc1ccncc1,openff-2.2.1,2,-1.1816977742995505e-05,0.0277513442318092,0.0975,0.001
29987,2267,dens_1586440979425114987,1112,Density,<Substance C1CCOCC1{solv}{x=0.491300}|Cc1ccncc1{solv}{x=0.508700}>,C1CCOCC1,Cc1ccncc1,openff-2.2.1,2,0.9056497259526172,0.0001957733675541,0.9162950000000002,0.0002825
29988,2268,dhmix_1681679230288000235,1113,EnthalpyOfMixing,<Substance C1CCOCC1{solv}{x=0.483400}|Cc1ccncc1{solv}{x=0.516600}>,C1CCOCC1,Cc1ccncc1,openff-2.2.1,2,0.0382908048679961,0.0389059206604089,0.1741,0.00135
29989,2269,dhmix_1854625047398559527,1114,EnthalpyOfMixing,<Substance C1CCOCC1{solv}{x=0.826200}|Cc1ccncc1{solv}{x=0.173800}>,C1CCOCC1,Cc1ccncc1,openff-2.2.1,2,0.0020105409510975,0.043962931475644,0.0948,0.001
29990,2270,dens_1998279082934343093,1115,Density,<Substance C1CCOCC1{solv}{x=0.826300}|Cc1ccncc1{solv}{x=0.173700}>,C1CCOCC1,Cc1ccncc1,openff-2.2.1,2,0.8703163311842411,0.0002454985271493,0.8827950000000002,0.000387
29991,2271,dens_1226224986443053492,1116,Density,<Substance CCOc1ccccc1{solv}{x=0.482600}|OCCc1ccccc1{solv}{x=0.517400}>,CCOc1ccccc1,OCCc1ccccc1,openff-2.2.1,2,0.9687261912023876,0.0001895107846123,0.9803700000000002,0.00026
29992,2272,dens_1288457717872177367,1117,Density,<Substance CCOc1ccccc1{solv}{x=0.304100}|OCCc1ccccc1{solv}{x=0.695900}>,CCOc1ccccc1,OCCc1ccccc1,openff-2.2.1,2,0.9795864951112544,0.0001909626672754,0.9909900000000004,0.00026
29993,2273,dhmix_1400067757990485972,1118,EnthalpyOfMixing,<Substance CCOc1ccccc1{solv}{x=0.738800}|OCCc1ccccc1{solv}{x=0.261200}>,CCOc1ccccc1,OCCc1ccccc1,openff-2.2.1,2,0.84137891430575,0.0399788503358544,1.1427,0.01225
29994,2274,dens_1419265414647987466,1119,Density,<Substance CCOc1ccccc1{solv}{x=0.792900}|OCCc1ccccc1{solv}{x=0.207100}>,CCOc1ccccc1,OCCc1ccccc1,openff-2.2.1,2,0.952016713828282,0.0001808045170244,0.9624400000000004,0.00026
29995,2275,dhmix_1985234108792038812,1120,EnthalpyOfMixing,<Substance CCOc1ccccc1{solv}{x=0.485200}|OCCc1ccccc1{solv}{x=0.514800}>,CCOc1ccccc1,OCCc1ccccc1,openff-2.2.1,2,1.0672707469339713,0.0472883590714133,1.0249,0.011
29996,2276,dhmix_2203675640711482674,1121,EnthalpyOfMixing,<Substance CCOc1ccccc1{solv}{x=0.239100}|OCCc1ccccc1{solv}{x=0.760900}>,CCOc1ccccc1,OCCc1ccccc1,openff-2.2.1,2,0.4558190927409953,0.0532522593143614,0.6669,0.0072
29997,2277,dens_1247048173376376516,1122,Density,<Substance CCCCC(=O)OC{solv}{x=0.349300}|COC=O{solv}{x=0.650700}>,CCCCC(=O)OC,COC=O,openff-2.2.1,2,0.9301375375124344,0.0002707553092806,0.9198400000000002,0.000115
29998,2278,dens_1283923442255956417,1123,Density,<Substance CCCCC(=O)OC{solv}{x=0.500000}|COC=O{solv}{x=0.500000}>,CCCCC(=O)OC,COC=O,openff-2.2.1,2,0.9142866590306922,0.0002736568415358,0.90817,0.00012
29999,2279,dhmix_1491739683552461043,1124,EnthalpyOfMixing,<Substance CCCCC(=O)OC{solv}{x=0.348600}|COC=O{solv}{x=0.651400}>,CCCCC(=O)OC,COC=O,openff-2.2.1,2,0.37499186360641,0.0357767707771236,0.422,0.0045
30000,2280,dhmix_1747049492522889097,1125,EnthalpyOfMixing,<Substance CCCCC(=O)OC{solv}{x=0.523200}|COC=O{solv}{x=0.476800}>,CCCCC(=O)OC,COC=O,openff-2.2.1,2,0.3158025007443452,0.0407483111897083,0.409,0.0045
30001,2281,dhmix_1990853348078771210,1126,EnthalpyOfMixing,<Substance CCCCC(=O)OC{solv}{x=0.796800}|COC=O{solv}{x=0.203200}>,CCCCC(=O)OC,COC=O,openff-2.2.1,2,0.2048994283619158,0.0459894251295821,0.219,0.0025
30002,2282,dens_2269601061883384185,1127,Density,<Substance CCCCC(=O)OC{solv}{x=0.725800}|COC=O{solv}{x=0.274200}>,CCCCC(=O)OC,COC=O,openff-2.2.1,2,0.896238990288893,0.0002254100360486,0.8955000000000002,0.000135
30003,2283,dens_1266839724964377205,1128,Density,<Substance Cn1ccnc1{solv}{x=0.779500}|O{solv}{x=0.220500}>,Cn1ccnc1,O,openff-2.2.1,2,1.0208421009732849,0.0002500135541223,1.0360000000000005,0.00015
30004,2284,dens_1634862053132906887,1129,Density,<Substance Cn1ccnc1{solv}{x=0.498200}|O{solv}{x=0.501800}>,Cn1ccnc1,O,openff-2.2.1,2,1.018202303441447,0.0002450010258347,1.0416,0.00015
30005,2285,dens_1681126092995837883,1130,Density,<Substance Cn1ccnc1{solv}{x=0.216700}|O{solv}{x=0.783300}>,Cn1ccnc1,O,openff-2.2.1,2,1.004074438988566,0.0004072673091984,1.0301000000000002,0.0001
30006,2286,dhmix_1311251505653939236,1131,EnthalpyOfMixing,<Substance CC(=O)CC(C)=O{solv}{x=0.598500}|O{solv}{x=0.401500}>,CC(=O)CC(C)=O,O,openff-2.2.1,2,0.392198663624498,0.0344632480127603,0.4905,0.00555
30007,2287,dhmix_1367092272310773702,1132,EnthalpyOfMixing,<Substance CC(=O)CC(C)=O{solv}{x=0.749200}|O{solv}{x=0.250800}>,CC(=O)CC(C)=O,O,openff-2.2.1,2,0.4681049359919598,0.0442795599711647,0.6211,0.00695
30008,2288,dhmix_2033109088651196860,1133,EnthalpyOfMixing,<Substance CC(=O)CC(C)=O{solv}{x=0.200400}|O{solv}{x=0.799600}>,CC(=O)CC(C)=O,O,openff-2.2.1,2,0.0231927113897256,0.0241294387043585,0.1562,0.0021
30009,2289,dens_1319073694995976411,1134,Density,<Substance CC(C)CO{solv}{x=0.762200}|OC1=NCCC1{solv}{x=0.237800}>,CC(C)CO,OC1=NCCC1,openff-2.2.1,2,0.8619641042514364,0.0001950829233986,0.8623100000000001,0.000205
30010,2290,dhmix_1817161401911066523,1135,EnthalpyOfMixing,<Substance CC(C)CO{solv}{x=0.754900}|OC1=NCCC1{solv}{x=0.245100}>,CC(C)CO,OC1=NCCC1,openff-2.2.1,2,1.0565560187402667,0.042077308145426,0.2989,0.0033
30011,2291,dens_1852757585830259815,1136,Density,<Substance CC(C)CO{solv}{x=0.287400}|OC1=NCCC1{solv}{x=0.712600}>,CC(C)CO,OC1=NCCC1,openff-2.2.1,2,0.9827451707373352,0.0002399207917193,1.0078300000000002,0.000155
30012,2292,dhmix_2057245570503088562,1137,EnthalpyOfMixing,<Substance CC(C)CO{solv}{x=0.259800}|OC1=NCCC1{solv}{x=0.740200}>,CC(C)CO,OC1=NCCC1,openff-2.2.1,2,0.9203118073632056,0.0325982344112156,0.1798,0.00205
30013,2293,dens_2175875616459255266,1138,Density,<Substance CC(C)CO{solv}{x=0.489400}|OC1=NCCC1{solv}{x=0.510600}>,CC(C)CO,OC1=NCCC1,openff-2.2.1,2,0.9299631437884572,0.0002277876446269,0.9431100000000002,0.00017
30014,2294,dhmix_2273039716774959551,1139,EnthalpyOfMixing,<Substance CC(C)CO{solv}{x=0.497800}|OC1=NCCC1{solv}{x=0.502200}>,CC(C)CO,OC1=NCCC1,openff-2.2.1,2,1.387959983679707,0.0386503308301404,0.2775,0.0031
30015,2295,dens_1400897934227212514,1140,Density,<Substance CC(C)CC(C)(C)C{solv}{x=0.541100}|COC(C)=O{solv}{x=0.458900}>,CC(C)CC(C)(C)C,COC(C)=O,openff-2.2.1,2,0.7645991741481962,0.0002331844445752,0.7495700000000002,0.000505
30016,2296,dhmix_1534218615961922445,1141,EnthalpyOfMixing,<Substance CC(C)CC(C)(C)C{solv}{x=0.256000}|COC(C)=O{solv}{x=0.744000}>,CC(C)CC(C)(C)C,COC(C)=O,openff-2.2.1,2,1.6069801811901687,0.039609677618305,1.385,0.015
30017,2297,dhmix_1663557420681143866,1142,EnthalpyOfMixing,<Substance CC(C)CC(C)(C)C{solv}{x=0.540600}|COC(C)=O{solv}{x=0.459400}>,CC(C)CC(C)(C)C,COC(C)=O,openff-2.2.1,2,2.126019678765317,0.0420055567702739,1.759,0.019
30018,2298,dens_1833608859418637606,1143,Density,<Substance CC(C)CC(C)(C)C{solv}{x=0.736400}|COC(C)=O{solv}{x=0.263600}>,CC(C)CC(C)(C)C,COC(C)=O,openff-2.2.1,2,0.732810842681853,0.0001995041277781,0.7171000000000002,0.00015
30019,2299,dhmix_1913788848230724771,1144,EnthalpyOfMixing,<Substance CC(C)CC(C)(C)C{solv}{x=0.783300}|COC(C)=O{solv}{x=0.216700}>,CC(C)CC(C)(C)C,COC(C)=O,openff-2.2.1,2,1.5757931414594424,0.0438624142894575,1.149,0.0125
30020,2300,dens_2018568384717712900,1145,Density,<Substance CC(C)CC(C)(C)C{solv}{x=0.238900}|COC(C)=O{solv}{x=0.761100}>,CC(C)CC(C)(C)C,COC(C)=O,openff-2.2.1,2,0.837069642404812,0.0002606483481222,0.8248000000000002,0.0001
30021,2301,dens_1465225466328543955,1146,Density,<Substance Cc1cccnc1{solv}{x=0.225000}|O{solv}{x=0.775000}>,Cc1cccnc1,O,openff-2.2.1,2,0.9595796739291076,0.0003425098548673,0.9921000000000002,0.0003
30022,2302,dens_1644445312716340330,1147,Density,<Substance Cc1cccnc1{solv}{x=0.500000}|O{solv}{x=0.500000}>,Cc1cccnc1,O,openff-2.2.1,2,0.9515274569402996,0.00031734696277,0.9797000000000002,0.0003
30023,2303,dens_2262998332454406432,1148,Density,<Substance Cc1cccnc1{solv}{x=0.700000}|O{solv}{x=0.300000}>,Cc1cccnc1,O,openff-2.2.1,2,0.948152013786178,0.0002765042601402,0.9690000000000002,0.0003
30024,2304,dens_1601780542508306264,1149,Density,<Substance CC(=O)N(C)C{solv}{x=0.771800}|CCOC(C)=O{solv}{x=0.228200}>,CC(=O)N(C)C,CCOC(C)=O,openff-2.2.1,2,0.8985040673472637,0.0002308971564491,0.9286200000000002,0.000185
30025,2305,dens_2126546638582188774,1150,Density,<Substance CC(=O)N(C)C{solv}{x=0.464600}|CCOC(C)=O{solv}{x=0.535400}>,CC(=O)N(C)C,CCOC(C)=O,openff-2.2.1,2,0.8991493121357476,0.0002425516921644,0.9166300000000002,0.00022
30026,2306,dens_2159432384130350508,1151,Density,<Substance CC(=O)N(C)C{solv}{x=0.233100}|CCOC(C)=O{solv}{x=0.766900}>,CC(=O)N(C)C,CCOC(C)=O,openff-2.2.1,2,0.8993823782839026,0.0002336888065812,0.9064300000000002,0.000245
30027,2307,dens_1713891284028890335,1152,Density,<Substance CC(=O)O{solv}{x=0.798900}|CCOC(C)=O{solv}{x=0.201100}>,CC(=O)O,CCOC(C)=O,openff-2.2.1,2,1.0241419116585362,0.0003009261225283,0.9996600000000002,0.000225
30028,2308,dens_1856345418041920174,1153,Density,<Substance CC(=O)O{solv}{x=0.500700}|CCOC(C)=O{solv}{x=0.499300}>,CC(=O)O,CCOC(C)=O,openff-2.2.1,2,0.9652919458565656,0.0002924094807225,0.9514000000000002,0.00018
30029,2309,dens_2035334988982485653,1154,Density,<Substance CC(=O)O{solv}{x=0.294400}|CCOC(C)=O{solv}{x=0.705600}>,CC(=O)O,CCOC(C)=O,openff-2.2.1,2,0.9339971395923652,0.0002202181656341,0.9255000000000002,0.00016
30030,2310,dhmix_592425981731704,0,EnthalpyOfMixing,<Substance C1CCCCC1{solv}{x=0.100300}|Cc1ccccc1{solv}{x=0.899700}>,C1CCCCC1,Cc1ccccc1,openff-2.2.1,3,0.2241830347999354,0.0498552777796156,0.2015,0.0015
30031,2311,dens_191923210986624643,1,Density,<Substance C1CCCCC1{solv}{x=0.697700}|Cc1ccccc1{solv}{x=0.302300}>,C1CCCCC1,Cc1ccccc1,openff-2.2.1,3,0.7575143279074665,0.0001903697322242,0.7818000000000002,0.00041
30032,2312,dens_699555827256664507,2,Density,<Substance C1CCCCC1{solv}{x=0.100000}|Cc1ccccc1{solv}{x=0.900000}>,C1CCCCC1,Cc1ccccc1,openff-2.2.1,3,0.817269403565365,0.0002628594644735,0.8378000000000001,0.00025
30033,2313,dhmix_997331474504366167,3,EnthalpyOfMixing,<Substance C1CCCCC1{solv}{x=0.697900}|Cc1ccccc1{solv}{x=0.302100}>,C1CCCCC1,Cc1ccccc1,openff-2.2.1,3,0.6932068036649497,0.0452253881048612,0.5221,0.0034
30034,2314,dhmix_1586684551148150215,4,EnthalpyOfMixing,<Substance C1CCCCC1{solv}{x=0.397600}|Cc1ccccc1{solv}{x=0.602400}>,C1CCCCC1,Cc1ccccc1,openff-2.2.1,3,0.7751401140533147,0.0428699237317558,0.5887,0.0038
30035,2315,dens_1809100412119556796,5,Density,<Substance C1CCCCC1{solv}{x=0.397500}|Cc1ccccc1{solv}{x=0.602500}>,C1CCCCC1,Cc1ccccc1,openff-2.2.1,3,0.8015913523356775,0.0002386298569251,0.8228000000000002,0.0002
30036,2316,dhmix_1261378482688431,6,EnthalpyOfMixing,<Substance CCC(C)=O{solv}{x=0.510600}|Nc1ccccc1{solv}{x=0.489400}>,CCC(C)=O,Nc1ccccc1,openff-2.2.1,3,-0.5780563736798925,0.0328042556613459,-1.173,0.0125
30037,2317,dhmix_157258283975731553,7,EnthalpyOfMixing,<Substance CCC(C)=O{solv}{x=0.901800}|Nc1ccccc1{solv}{x=0.098200}>,CCC(C)=O,Nc1ccccc1,openff-2.2.1,3,-0.5209778324614209,0.0414614865267276,-0.469,0.005
30038,2318,dens_610648476268376520,8,Density,<Substance CCC(C)=O{solv}{x=0.502600}|Nc1ccccc1{solv}{x=0.497400}>,CCC(C)=O,Nc1ccccc1,openff-2.2.1,3,0.92029425136534,0.0002221991371227,0.9213850000000002,5.650000000000002e-05
30039,2319,dens_1388487494953421117,9,Density,<Substance CCC(C)=O{solv}{x=0.901900}|Nc1ccccc1{solv}{x=0.098100}>,CCC(C)=O,Nc1ccccc1,openff-2.2.1,3,0.8024582600649027,0.0002672199062012,0.8265540000000001,7.200000000000002e-05
30040,2320,dhmix_1389656513678923263,10,EnthalpyOfMixing,<Substance CCC(C)=O{solv}{x=0.209900}|Nc1ccccc1{solv}{x=0.790100}>,CCC(C)=O,Nc1ccccc1,openff-2.2.1,3,-0.0449717827546152,0.0391850521855335,-0.648,0.007
30041,2321,dens_2115628806769415578,11,Density,<Substance CCC(C)=O{solv}{x=0.256300}|Nc1ccccc1{solv}{x=0.743700}>,CCC(C)=O,Nc1ccccc1,openff-2.2.1,3,0.991329048049446,0.0002506346268028,0.9712300000000004,4.900000000000001e-05
30042,2322,dens_1379242187515209,12,Density,<Substance CC#N{solv}{x=0.795200}|CCCCOCCCC{solv}{x=0.204800}>,CC#N,CCCCOCCCC,openff-2.2.1,3,0.7699024212250204,0.0002585320855794,0.7708800000000002,0.000245
30043,2323,dhmix_575991096898484441,13,EnthalpyOfMixing,<Substance CC#N{solv}{x=0.488600}|CCCCOCCCC{solv}{x=0.511400}>,CC#N,CCCCOCCCC,openff-2.2.1,3,0.5470657033360027,0.0397220902635578,1.26543,0.00796
30044,2324,dhmix_1182924089945476872,14,EnthalpyOfMixing,<Substance CC#N{solv}{x=0.241600}|CCCCOCCCC{solv}{x=0.758400}>,CC#N,CCCCOCCCC,openff-2.2.1,3,0.4783083217238868,0.0534826954631435,0.94593,0.00601
30045,2325,dhmix_1244492966201685063,15,EnthalpyOfMixing,<Substance CC#N{solv}{x=0.795200}|CCCCOCCCC{solv}{x=0.204800}>,CC#N,CCCCOCCCC,openff-2.2.1,3,0.5177151691500661,0.039751933085282,0.94289,0.005995
30046,2326,dens_2044032309137951705,16,Density,<Substance CC#N{solv}{x=0.245500}|CCCCOCCCC{solv}{x=0.754500}>,CC#N,CCCCOCCCC,openff-2.2.1,3,0.7594305882882272,0.0001906517091661,0.7653000000000001,0.00028
30047,2327,dens_2211436825174998797,17,Density,<Substance CC#N{solv}{x=0.509800}|CCCCOCCCC{solv}{x=0.490200}>,CC#N,CCCCOCCCC,openff-2.2.1,3,0.7631253910798439,0.0002316235093493,0.7671500000000001,0.00026
30048,2328,dens_1820034175228694,18,Density,<Substance C1CCCCC1{solv}{x=0.540900}|CN1CCCC1=O{solv}{x=0.459100}>,C1CCCCC1,CN1CCCC1=O,openff-2.2.1,3,0.8518657656382785,0.0002490371147021,0.8757100000000002,0.000335
30049,2329,dhmix_1335365307191460458,19,EnthalpyOfMixing,<Substance C1CCCCC1{solv}{x=0.751800}|CN1CCCC1=O{solv}{x=0.248200}>,C1CCCCC1,CN1CCCC1=O,openff-2.2.1,3,1.3798620050106225,0.0457659003737382,1.1998,0.01285
30050,2330,dens_1375048033230012198,20,Density,<Substance C1CCCCC1{solv}{x=0.733200}|CN1CCCC1=O{solv}{x=0.266800}>,C1CCCCC1,CN1CCCC1=O,openff-2.2.1,3,0.804683825470161,0.0002242005899899,0.8287300000000002,0.0004
30051,2331,dhmix_1563298635135474599,21,EnthalpyOfMixing,<Substance C1CCCCC1{solv}{x=0.278900}|CN1CCCC1=O{solv}{x=0.721100}>,C1CCCCC1,CN1CCCC1=O,openff-2.2.1,3,1.5343047030961898,0.0415494279872137,1.2061,0.0129
30052,2332,dens_1606235786379262481,22,Density,<Substance C1CCCCC1{solv}{x=0.227500}|CN1CCCC1=O{solv}{x=0.772500}>,C1CCCCC1,CN1CCCC1=O,openff-2.2.1,3,0.9321010325530396,0.0002182475964983,0.9583800000000002,0.000245
30053,2333,dhmix_1683219349338278021,23,EnthalpyOfMixing,<Substance C1CCCCC1{solv}{x=0.473400}|CN1CCCC1=O{solv}{x=0.526600}>,C1CCCCC1,CN1CCCC1=O,openff-2.2.1,3,1.8177194957771337,0.0432505570576626,1.4691,0.0157
30054,2334,dens_4438302718372985,24,Density,<Substance BrCCCCBr{solv}{x=0.717000}|COC=O{solv}{x=0.283000}>,BrCCCCBr,COC=O,openff-2.2.1,3,1.633430197145047,0.0004380892163754,1.6702600000000003,0.00259
30055,2335,dhmix_369816950910078034,25,EnthalpyOfMixing,<Substance BrCCCCBr{solv}{x=0.778200}|COC=O{solv}{x=0.221800}>,BrCCCCBr,COC=O,openff-2.2.1,3,0.8709159553886607,0.0381148774023844,0.6355,0.0057
30056,2336,dens_460757700461114532,26,Density,<Substance BrCCCCBr{solv}{x=0.495800}|COC=O{solv}{x=0.504200}>,BrCCCCBr,COC=O,openff-2.2.1,3,1.499432393154842,0.000402862384533,1.5176800000000004,0.001885
30057,2337,dhmix_1496821399278454353,27,EnthalpyOfMixing,<Substance BrCCCCBr{solv}{x=0.265400}|COC=O{solv}{x=0.734600}>,BrCCCCBr,COC=O,openff-2.2.1,3,0.9670542488026292,0.0335087994398134,0.8185,0.00715
30058,2338,dens_1750413656870357630,28,Density,<Substance BrCCCCBr{solv}{x=0.225800}|COC=O{solv}{x=0.774200}>,BrCCCCBr,COC=O,openff-2.2.1,3,1.2739572031965125,0.0003778490049479,1.2671300000000003,0.00104
30059,2339,dhmix_1802862930607761431,29,EnthalpyOfMixing,<Substance BrCCCCBr{solv}{x=0.482000}|COC=O{solv}{x=0.518000}>,BrCCCCBr,COC=O,openff-2.2.1,3,1.106094937977879,0.0344202113093925,1.0243,0.0087
30060,2340,dhmix_8447570649359775,30,EnthalpyOfMixing,<Substance OCCO{solv}{x=0.481700}|OCc1ccccc1{solv}{x=0.518300}>,OCCO,OCc1ccccc1,openff-2.2.1,3,0.1767365293709772,0.0499070401809045,0.201,0.00465
30061,2341,dens_824372741354282107,31,Density,<Substance OCCO{solv}{x=0.505700}|OCc1ccccc1{solv}{x=0.494300}>,OCCO,OCc1ccccc1,openff-2.2.1,3,1.0526575445014452,0.0002770064546029,1.0579000000000005,0.00027
30062,2342,dens_1105173553343721111,32,Density,<Substance OCCO{solv}{x=0.737100}|OCc1ccccc1{solv}{x=0.262900}>,OCCO,OCc1ccccc1,openff-2.2.1,3,1.0751359971543772,0.0002815238061193,1.0753200000000005,0.000275
30063,2343,dhmix_1362282802315816638,33,EnthalpyOfMixing,<Substance OCCO{solv}{x=0.736100}|OCc1ccccc1{solv}{x=0.263900}>,OCCO,OCc1ccccc1,openff-2.2.1,3,0.2127211527889088,0.0443294420270572,0.1383,0.0037
30064,2344,dhmix_1666683879028583081,34,EnthalpyOfMixing,<Substance OCCO{solv}{x=0.236500}|OCc1ccccc1{solv}{x=0.763500}>,OCCO,OCc1ccccc1,openff-2.2.1,3,0.1513480673312557,0.0411587029246582,0.209,0.0048
30065,2345,dens_1698159396404241323,35,Density,<Substance OCCO{solv}{x=0.262200}|OCc1ccccc1{solv}{x=0.737800}>,OCCO,OCc1ccccc1,openff-2.2.1,3,1.0356473317928243,0.0002189895508708,1.0442900000000002,0.000265
30066,2346,dens_8507121971977381,36,Density,<Substance CCOC(C)(C)C{solv}{x=0.505000}|Cc1ccccc1{solv}{x=0.495000}>,CCOC(C)(C)C,Cc1ccccc1,openff-2.2.1,3,0.7928141483736264,0.0002339444608476,0.7937390000000002,0.000467
30067,2347,dens_499290591626962121,37,Density,<Substance CCOC(C)(C)C{solv}{x=0.217000}|Cc1ccccc1{solv}{x=0.783000}>,CCOC(C)(C)C,Cc1ccccc1,openff-2.2.1,3,0.8211542642397491,0.0002439218321553,0.8314450000000002,0.000411
30068,2348,dhmix_820491025608256793,38,EnthalpyOfMixing,<Substance CCOC(C)(C)C{solv}{x=0.501900}|Cc1ccccc1{solv}{x=0.498100}>,CCOC(C)(C)C,Cc1ccccc1,openff-2.2.1,3,-0.1931358803674712,0.0358811587256756,-0.046,0.00055
30069,2349,dhmix_1374163681483564129,39,EnthalpyOfMixing,<Substance CCOC(C)(C)C{solv}{x=0.248900}|Cc1ccccc1{solv}{x=0.751100}>,CCOC(C)(C)C,Cc1ccccc1,openff-2.2.1,3,-0.1411197059196922,0.0371515727834369,-0.0324,0.0005
30070,2350,dens_1904998692863983733,40,Density,<Substance CCOC(C)(C)C{solv}{x=0.701000}|Cc1ccccc1{solv}{x=0.299000}>,CCOC(C)(C)C,Cc1ccccc1,openff-2.2.1,3,0.7735120329277249,0.0002502190837682,0.7696300000000001,0.000503
30071,2351,dhmix_1982853461678580310,41,EnthalpyOfMixing,<Substance CCOC(C)(C)C{solv}{x=0.749500}|Cc1ccccc1{solv}{x=0.250500}>,CCOC(C)(C)C,Cc1ccccc1,openff-2.2.1,3,-0.1016015216869092,0.0480651868937628,-0.0348,0.0005
30072,2352,dhmix_13624411991961099,42,EnthalpyOfMixing,<Substance C1CCOCC1{solv}{x=0.237900}|Cc1ccccc1N{solv}{x=0.762100}>,C1CCOCC1,Cc1ccccc1N,openff-2.2.1,3,-0.2786955919127623,0.0458671336340766,-0.3658,0.004
30073,2353,dhmix_510299013171775812,43,EnthalpyOfMixing,<Substance C1CCOCC1{solv}{x=0.741000}|Cc1ccccc1N{solv}{x=0.259000}>,C1CCOCC1,Cc1ccccc1N,openff-2.2.1,3,-0.256919170794859,0.0446476719709418,-0.4892,0.0053
30074,2354,dhmix_1337006691942958969,44,EnthalpyOfMixing,<Substance C1CCOCC1{solv}{x=0.490100}|Cc1ccccc1N{solv}{x=0.509900}>,C1CCOCC1,Cc1ccccc1N,openff-2.2.1,3,-0.3513122146323439,0.0438104334906241,-0.5715,0.0062
30075,2355,dens_1448062547628404156,45,Density,<Substance C1CCOCC1{solv}{x=0.727900}|Cc1ccccc1N{solv}{x=0.272100}>,C1CCOCC1,Cc1ccccc1N,openff-2.2.1,3,0.9112922770656102,0.0002411425630188,0.91866,0.000285
30076,2356,dens_2171966897328079405,46,Density,<Substance C1CCOCC1{solv}{x=0.498600}|Cc1ccccc1N{solv}{x=0.501400}>,C1CCOCC1,Cc1ccccc1N,openff-2.2.1,3,0.945216212603574,0.0003740778418668,0.9459860000000002,0.0002275
30077,2357,dens_2201621104799327758,47,Density,<Substance C1CCOCC1{solv}{x=0.229700}|Cc1ccccc1N{solv}{x=0.770300}>,C1CCOCC1,Cc1ccccc1N,openff-2.2.1,3,0.9827336886489292,0.0002212251423421,0.9734540000000002,0.000164
30078,2358,dens_15008167137789802,48,Density,<Substance CCCCCl{solv}{x=0.299200}|CN(C)C=O{solv}{x=0.700800}>,CCCCCl,CN(C)C=O,openff-2.2.1,3,0.9004110924033023,0.0002682177677568,0.9218000000000002,0.0002
30079,2359,dens_550868133232739009,49,Density,<Substance CCCCCl{solv}{x=0.701200}|CN(C)C=O{solv}{x=0.298800}>,CCCCCl,CN(C)C=O,openff-2.2.1,3,0.8750510173089611,0.0003186610405529,0.8963000000000002,0.0002
30080,2360,dhmix_1315230298567753558,50,EnthalpyOfMixing,<Substance CCCCCl{solv}{x=0.793000}|CN(C)C=O{solv}{x=0.207000}>,CCCCCl,CN(C)C=O,openff-2.2.1,3,0.7008927361442545,0.0417715063466678,0.404,0.003
30081,2361,dhmix_1929975181819720491,51,EnthalpyOfMixing,<Substance CCCCCl{solv}{x=0.493000}|CN(C)C=O{solv}{x=0.507000}>,CCCCCl,CN(C)C=O,openff-2.2.1,3,0.864973474999239,0.0376289173808092,0.571,0.003
30082,2362,dhmix_1976787548784045784,52,EnthalpyOfMixing,<Substance CCCCCl{solv}{x=0.295000}|CN(C)C=O{solv}{x=0.705000}>,CCCCCl,CN(C)C=O,openff-2.2.1,3,0.7781367850555867,0.0369025896294631,0.467,0.003
30083,2363,dens_2008819185276371643,53,Density,<Substance CCCCCl{solv}{x=0.499000}|CN(C)C=O{solv}{x=0.501000}>,CCCCCl,CN(C)C=O,openff-2.2.1,3,0.8877786808988298,0.0002952312437568,0.9086000000000002,0.0002
30084,2364,dens_16755306936326197,54,Density,<Substance Cc1ccccc1N{solv}{x=0.255700}|Cc1ccccn1{solv}{x=0.744300}>,Cc1ccccc1N,Cc1ccccn1,openff-2.2.1,3,0.9620462058921204,0.0001917251695393,0.9597930000000002,0.000307
30085,2365,dens_238666738854407136,55,Density,<Substance Cc1ccccc1N{solv}{x=0.514600}|Cc1ccccn1{solv}{x=0.485400}>,Cc1ccccc1N,Cc1ccccn1,openff-2.2.1,3,0.9822766099634508,0.0002101581182138,0.9748990000000002,0.0002315
30086,2366,dhmix_1909144841681931250,56,EnthalpyOfMixing,<Substance Cc1ccccc1N{solv}{x=0.488200}|Cc1ccccn1{solv}{x=0.511800}>,Cc1ccccc1N,Cc1ccccn1,openff-2.2.1,3,-1.80878004319338,0.0477526993824103,-1.4976,0.0305
30087,2367,dens_1945534954282706534,57,Density,<Substance Cc1ccccc1N{solv}{x=0.757100}|Cc1ccccn1{solv}{x=0.242900}>,Cc1ccccc1N,Cc1ccccn1,openff-2.2.1,3,0.9981009855560536,0.0002229670011208,0.9854410000000002,0.000169
30088,2368,dhmix_2038606904928978856,58,EnthalpyOfMixing,<Substance Cc1ccccc1N{solv}{x=0.782100}|Cc1ccccn1{solv}{x=0.217900}>,Cc1ccccc1N,Cc1ccccn1,openff-2.2.1,3,-1.006137283848254,0.0426669397086412,-0.8656,0.01775
30089,2369,dhmix_2125558080831870503,59,EnthalpyOfMixing,<Substance Cc1ccccc1N{solv}{x=0.273600}|Cc1ccccn1{solv}{x=0.726400}>,Cc1ccccc1N,Cc1ccccn1,openff-2.2.1,3,-1.4446365695347154,0.0434004340499522,-1.2462,0.0254
30090,2370,dens_19028061622240549,60,Density,<Substance CN(C)CCO{solv}{x=0.296200}|CO{solv}{x=0.703800}>,CN(C)CCO,CO,openff-2.2.1,3,0.8356503701201046,0.000339353424671,0.8506500000000001,0.00014
30091,2371,dens_186649390549115907,61,Density,<Substance CN(C)CCO{solv}{x=0.502000}|CO{solv}{x=0.498000}>,CN(C)CCO,CO,openff-2.2.1,3,0.8596741829276662,0.000246239982192,0.8684000000000002,0.000155
30092,2372,dhmix_1453612193040378117,62,EnthalpyOfMixing,<Substance CN(C)CCO{solv}{x=0.497200}|CO{solv}{x=0.502800}>,CN(C)CCO,CO,openff-2.2.1,3,-1.4582486422117569,0.0320197257767579,-0.8673,0.00935
30093,2373,dens_1978392691277508278,63,Density,<Substance CN(C)CCO{solv}{x=0.707500}|CO{solv}{x=0.292500}>,CN(C)CCO,CO,openff-2.2.1,3,0.8745860850006079,0.0002046578547518,0.8766100000000002,0.00017
30094,2374,dhmix_2113387918969192804,64,EnthalpyOfMixing,<Substance CN(C)CCO{solv}{x=0.247900}|CO{solv}{x=0.752100}>,CN(C)CCO,CO,openff-2.2.1,3,-1.1718362066571473,0.0309294187530713,-0.8057,0.0087
30095,2375,dhmix_2220842061395014218,65,EnthalpyOfMixing,<Substance CN(C)CCO{solv}{x=0.750600}|CO{solv}{x=0.249400}>,CN(C)CCO,CO,openff-2.2.1,3,-0.8508053536197338,0.0395441960025813,-0.5322,0.00585
30096,2376,dhmix_21994921667950318,66,EnthalpyOfMixing,<Substance C=CCCCC{solv}{x=0.500100}|CCCO{solv}{x=0.499900}>,C=CCCCC,CCCO,openff-2.2.1,3,0.8535633790200734,0.0409659581061938,0.595,0.0055
30097,2377,dens_62854823056490751,67,Density,<Substance C=CCCCC{solv}{x=0.150300}|CCCO{solv}{x=0.849700}>,C=CCCCC,CCCO,openff-2.2.1,3,0.7586082280588317,0.0002315077117343,0.7704980000000002,0.0001845
30098,2378,dens_294296714501123310,68,Density,<Substance C=CCCCC{solv}{x=0.499100}|CCCO{solv}{x=0.500900}>,C=CCCCC,CCCO,openff-2.2.1,3,0.6984398553858744,0.0002731340547463,0.7176450000000002,0.0002145
30099,2379,dhmix_829065315899278784,69,EnthalpyOfMixing,<Substance C=CCCCC{solv}{x=0.750000}|CCCO{solv}{x=0.250000}>,C=CCCCC,CCCO,openff-2.2.1,3,0.8403603594679225,0.0387998857507517,0.682,0.006
30100,2380,dens_2024397702416079279,70,Density,<Substance C=CCCCC{solv}{x=0.745600}|CCCO{solv}{x=0.254400}>,C=CCCCC,CCCO,openff-2.2.1,3,0.6666958592581824,0.0002681363321723,0.6899770000000002,0.0002305
30101,2381,dhmix_2167083041249157622,71,EnthalpyOfMixing,<Substance C=CCCCC{solv}{x=0.150100}|CCCO{solv}{x=0.849900}>,C=CCCCC,CCCO,openff-2.2.1,3,0.303033470903074,0.0349811505273364,0.192,0.005
30102,2382,dhmix_22428169890990447,72,EnthalpyOfMixing,<Substance CC1(C)C(=O)[C@]2(C)CC[C@H]1C2{solv}{x=0.286000}|CCO{solv}{x=0.714000}>,CC1(C)C(=O)[C@]2(C)CC[C@H]1C2,CCO,openff-2.2.1,3,0.5866755516057651,0.0358831607989101,0.876,0.0265
30103,2383,dhmix_57626661746168078,73,EnthalpyOfMixing,<Substance CC1(C)C(=O)[C@]2(C)CC[C@H]1C2{solv}{x=0.701000}|CCO{solv}{x=0.299000}>,CC1(C)C(=O)[C@]2(C)CC[C@H]1C2,CCO,openff-2.2.1,3,0.6907129215001362,0.0474875541930106,1.0,0.0305
30104,2384,dhmix_287041928444283276,74,EnthalpyOfMixing,<Substance CC1(C)C(=O)[C@]2(C)CC[C@H]1C2{solv}{x=0.488000}|CCO{solv}{x=0.512000}>,CC1(C)C(=O)[C@]2(C)CC[C@H]1C2,CCO,openff-2.2.1,3,0.7692056145894242,0.0450758657987543,1.109,0.0335
30105,2385,dens_618487453946854895,75,Density,<Substance CC1(C)C(=O)[C@]2(C)CC[C@H]1C2{solv}{x=0.501200}|CCO{solv}{x=0.498800}>,CC1(C)C(=O)[C@]2(C)CC[C@H]1C2,CCO,openff-2.2.1,3,0.9047364302511952,0.0002256797797823,0.9005900000000002,5.5000000000000016e-05
30106,2386,dens_1408969463542558504,76,Density,<Substance CC1(C)C(=O)[C@]2(C)CC[C@H]1C2{solv}{x=0.789700}|CCO{solv}{x=0.210300}>,CC1(C)C(=O)[C@]2(C)CC[C@H]1C2,CCO,openff-2.2.1,3,0.9339090471241144,0.0002050736097695,0.9274800000000002,6.0000000000000015e-05
30107,2387,dens_2053919413592536040,77,Density,<Substance CC1(C)C(=O)[C@]2(C)CC[C@H]1C2{solv}{x=0.200200}|CCO{solv}{x=0.799800}>,CC1(C)C(=O)[C@]2(C)CC[C@H]1C2,CCO,openff-2.2.1,3,0.8516688932733842,0.0002589721128776,0.8499000000000002,6.500000000000002e-05
30108,2388,dhmix_24700325920498635,78,EnthalpyOfMixing,<Substance CCC(C)(C)O{solv}{x=0.799400}|CCOC(C)(C)CC{solv}{x=0.200600}>,CCC(C)(C)O,CCOC(C)(C)CC,openff-2.2.1,3,0.9554480873346592,0.049226791443901,0.448,0.0073
30109,2389,dhmix_252628078473967793,79,EnthalpyOfMixing,<Substance CCC(C)(C)O{solv}{x=0.299700}|CCOC(C)(C)CC{solv}{x=0.700300}>,CCC(C)(C)O,CCOC(C)(C)CC,openff-2.2.1,3,1.0517219188947848,0.0489565744831154,0.9727,0.0132
30110,2390,dens_281609537293621351,80,Density,<Substance CCC(C)(C)O{solv}{x=0.799400}|CCOC(C)(C)CC{solv}{x=0.200600}>,CCC(C)(C)O,CCOC(C)(C)CC,openff-2.2.1,3,0.8018127174535928,0.0002333793024123,0.7932000000000002,0.00025
30111,2391,dhmix_980734994193955874,81,EnthalpyOfMixing,<Substance CCC(C)(C)O{solv}{x=0.498700}|CCOC(C)(C)CC{solv}{x=0.501300}>,CCC(C)(C)O,CCOC(C)(C)CC,openff-2.2.1,3,1.2278053359002072,0.0467906948457062,0.8937,0.01225
30112,2392,dens_1165049856972872340,82,Density,<Substance CCC(C)(C)O{solv}{x=0.498700}|CCOC(C)(C)CC{solv}{x=0.501300}>,CCC(C)(C)O,CCOC(C)(C)CC,openff-2.2.1,3,0.7831825920322341,0.0001830216420219,0.7789000000000001,0.0002
30113,2393,dens_2297026976830009992,83,Density,<Substance CCC(C)(C)O{solv}{x=0.299700}|CCOC(C)(C)CC{solv}{x=0.700300}>,CCC(C)(C)O,CCOC(C)(C)CC,openff-2.2.1,3,0.7733006668408027,0.0002008706096524,0.7709000000000001,0.0002
30114,2394,dens_25810987980199799,84,Density,<Substance CCCCCC{solv}{x=0.158800}|Cc1ccccc1{solv}{x=0.841200}>,CCCCCC,Cc1ccccc1,openff-2.2.1,3,0.8057799392699979,0.0002254550475807,0.8226300000000002,0.000335
30115,2395,dens_574637447996217594,85,Density,<Substance CCCCCC{solv}{x=0.501100}|Cc1ccccc1{solv}{x=0.498900}>,CCCCCC,Cc1ccccc1,openff-2.2.1,3,0.7311354945248764,0.0002497541163727,0.7484400000000002,0.00015
30116,2396,dhmix_1373657903424456878,86,EnthalpyOfMixing,<Substance CCCCCC{solv}{x=0.158600}|Cc1ccccc1{solv}{x=0.841400}>,CCCCCC,Cc1ccccc1,openff-2.2.1,3,0.3543107655777504,0.0359691755275975,0.3163,0.0043
30117,2397,dhmix_1383995974797334848,87,EnthalpyOfMixing,<Substance CCCCCC{solv}{x=0.472300}|Cc1ccccc1{solv}{x=0.527700}>,CCCCCC,Cc1ccccc1,openff-2.2.1,3,0.696360078109052,0.0450028697217355,0.5467,0.00715
30118,2398,dhmix_1412344026798360911,88,EnthalpyOfMixing,<Substance CCCCCC{solv}{x=0.748400}|Cc1ccccc1{solv}{x=0.251600}>,CCCCCC,Cc1ccccc1,openff-2.2.1,3,0.4756424636906615,0.0457188374500959,0.393,0.00525
30119,2399,dens_2241575426887298365,89,Density,<Substance CCCCCC{solv}{x=0.733800}|Cc1ccccc1{solv}{x=0.266200}>,CCCCCC,Cc1ccccc1,openff-2.2.1,3,0.6862491834474258,0.000216660948808,0.7020900000000002,0.000305
30120,2400,dens_27241401908451167,90,Density,<Substance CN(C)C=O{solv}{x=0.503500}|Cc1ccccc1Cl{solv}{x=0.496500}>,CN(C)C=O,Cc1ccccc1Cl,openff-2.2.1,3,1.0093844830524674,0.0002527380021706,1.0247000000000004,0.0005
30121,2401,dhmix_674882857451857086,91,EnthalpyOfMixing,<Substance CN(C)C=O{solv}{x=0.511800}|Cc1ccccc1Cl{solv}{x=0.488200}>,CN(C)C=O,Cc1ccccc1Cl,openff-2.2.1,3,0.1634824878968785,0.0400933967326791,0.545,0.006
30122,2402,dens_818042132181297482,92,Density,<Substance CN(C)C=O{solv}{x=0.751200}|Cc1ccccc1Cl{solv}{x=0.248800}>,CN(C)C=O,Cc1ccccc1Cl,openff-2.2.1,3,0.9691976987853508,0.0002249577579207,0.9898800000000002,0.0005
30123,2403,dens_861365281257265917,93,Density,<Substance CN(C)C=O{solv}{x=0.273700}|Cc1ccccc1Cl{solv}{x=0.726300}>,CN(C)C=O,Cc1ccccc1Cl,openff-2.2.1,3,1.028416482993188,0.000301130794526,1.0415000000000003,0.0005
30124,2404,dhmix_1670364528496870559,94,EnthalpyOfMixing,<Substance CN(C)C=O{solv}{x=0.767900}|Cc1ccccc1Cl{solv}{x=0.232100}>,CN(C)C=O,Cc1ccccc1Cl,openff-2.2.1,3,0.1927562845863093,0.0397805716297658,0.436,0.005
30125,2405,dhmix_1992689527814967541,95,EnthalpyOfMixing,<Substance CN(C)C=O{solv}{x=0.274300}|Cc1ccccc1Cl{solv}{x=0.725700}>,CN(C)C=O,Cc1ccccc1Cl,openff-2.2.1,3,0.2466074872192649,0.0452417102816069,0.373,0.004
30126,2406,dens_29213618499921464,96,Density,<Substance C1CCOCC1{solv}{x=0.254000}|O=C1CCCCCC1{solv}{x=0.746000}>,C1CCOCC1,O=C1CCCCCC1,openff-2.2.1,3,0.9097335882505924,0.0001516493667475,0.9355100000000002,0.00051
30127,2407,dens_468319504030932569,97,Density,<Substance C1CCOCC1{solv}{x=0.498600}|O=C1CCCCCC1{solv}{x=0.501400}>,C1CCOCC1,O=C1CCCCCC1,openff-2.2.1,3,0.8969187432684808,0.0001764758042478,0.9211200000000004,0.00051
30128,2408,dens_1174890511154571939,98,Density,<Substance C1CCOCC1{solv}{x=0.768600}|O=C1CCCCCC1{solv}{x=0.231400}>,C1CCOCC1,O=C1CCCCCC1,openff-2.2.1,3,0.8819802421102587,0.0002617186193095,0.9012200000000002,0.000505
30129,2409,dens_30084818585402677,99,Density,<Substance CC(=O)N(C)C{solv}{x=0.700600}|ClCCCCCCCl{solv}{x=0.299400}>,CC(=O)N(C)C,ClCCCCCCCl,openff-2.2.1,3,0.9596404411693,0.0002502271099822,0.9853000000000002,0.00175
30130,2410,dhmix_384619296407103076,100,EnthalpyOfMixing,<Substance CC(=O)N(C)C{solv}{x=0.504000}|ClCCCCCCCl{solv}{x=0.496000}>,CC(=O)N(C)C,ClCCCCCCCl,openff-2.2.1,3,0.2285573466689854,0.042407772427305,0.09,0.002
30131,2411,dens_539464371986972328,101,Density,<Substance CC(=O)N(C)C{solv}{x=0.494300}|ClCCCCCCCl{solv}{x=0.505700}>,CC(=O)N(C)C,ClCCCCCCCl,openff-2.2.1,3,0.994519047506743,0.0002114008067799,1.0123000000000002,0.0016
30132,2412,dhmix_1114659247517686326,102,EnthalpyOfMixing,<Substance CC(=O)N(C)C{solv}{x=0.798000}|ClCCCCCCCl{solv}{x=0.202000}>,CC(=O)N(C)C,ClCCCCCCCl,openff-2.2.1,3,0.1219228477544067,0.0411027149587893,0.067,0.002
30133,2413,dhmix_1410583096030633514,103,EnthalpyOfMixing,<Substance CC(=O)N(C)C{solv}{x=0.212000}|ClCCCCCCCl{solv}{x=0.788000}>,CC(=O)N(C)C,ClCCCCCCCl,openff-2.2.1,3,0.0024142954876111,0.0494741417644562,0.04,0.002
30134,2414,dens_2244909992725638206,104,Density,<Substance CC(=O)N(C)C{solv}{x=0.300200}|ClCCCCCCCl{solv}{x=0.699800}>,CC(=O)N(C)C,ClCCCCCCCl,openff-2.2.1,3,1.0220219768987144,0.000242985120066,1.0345000000000002,0.0015
30135,2415,dhmix_35301006695188726,105,EnthalpyOfMixing,<Substance CCOC(=O)C(C)C{solv}{x=0.289000}|CO{solv}{x=0.711000}>,CCOC(=O)C(C)C,CO,openff-2.2.1,3,0.5127886047442836,0.0326910864770448,0.488,0.0035
30136,2416,dens_508877804306927207,106,Density,<Substance CCOC(=O)C(C)C{solv}{x=0.499000}|CO{solv}{x=0.501000}>,CCOC(=O)C(C)C,CO,openff-2.2.1,3,0.8376504565639521,0.0002572911400976,0.8414100000000002,0.00011
30137,2417,dens_1201422771202741625,107,Density,<Substance CCOC(=O)C(C)C{solv}{x=0.199600}|CO{solv}{x=0.800400}>,CCOC(=O)C(C)C,CO,openff-2.2.1,3,0.8041621334453996,0.0003454642803835,0.8173600000000002,0.000115
30138,2418,dhmix_1951183536432642425,108,EnthalpyOfMixing,<Substance CCOC(=O)C(C)C{solv}{x=0.480000}|CO{solv}{x=0.520000}>,CCOC(=O)C(C)C,CO,openff-2.2.1,3,0.7005743567520142,0.0353845975721255,0.671,0.0045
30139,2419,dens_1998368384671748308,109,Density,<Substance CCOC(=O)C(C)C{solv}{x=0.703000}|CO{solv}{x=0.297000}>,CCOC(=O)C(C)C,CO,openff-2.2.1,3,0.8506128149481734,0.0002826118186744,0.8501200000000002,0.00011
30140,2420,dhmix_2200604492347455092,110,EnthalpyOfMixing,<Substance CCOC(=O)C(C)C{solv}{x=0.771000}|CO{solv}{x=0.229000}>,CCOC(=O)C(C)C,CO,openff-2.2.1,3,0.523025814661807,0.0470168847506594,0.632,0.0045
30141,2421,dhmix_39159150320919359,111,EnthalpyOfMixing,<Substance CCO{solv}{x=0.799700}|Cc1cccc(O)c1{solv}{x=0.200300}>,CCO,Cc1cccc(O)c1,openff-2.2.1,3,-0.5841144427812353,0.0367434986324612,-0.79199,0.011965
30142,2422,dens_410843938837220593,112,Density,<Substance CCO{solv}{x=0.263700}|Cc1cccc(O)c1{solv}{x=0.736300}>,CCO,Cc1cccc(O)c1,openff-2.2.1,3,0.9891382176726886,0.00028636314662,0.9852300000000004,0.0006
30143,2423,dhmix_1115402835538407874,113,EnthalpyOfMixing,<Substance CCO{solv}{x=0.212500}|Cc1cccc(O)c1{solv}{x=0.787500}>,CCO,Cc1cccc(O)c1,openff-2.2.1,3,-0.6574547110916029,0.0466225200479547,-0.68742,0.01275
30144,2424,dens_1359111234216199895,114,Density,<Substance CCO{solv}{x=0.472400}|Cc1cccc(O)c1{solv}{x=0.527600}>,CCO,Cc1cccc(O)c1,openff-2.2.1,3,0.9510395772556692,0.0002239405866961,0.9446300000000002,0.0006
30145,2425,dens_1590314985481219627,115,Density,<Substance CCO{solv}{x=0.781700}|Cc1cccc(O)c1{solv}{x=0.218300}>,CCO,Cc1cccc(O)c1,openff-2.2.1,3,0.8686341682045035,0.0002625924088697,0.8631500000000002,0.000605
30146,2426,dhmix_1871939727966182523,116,EnthalpyOfMixing,<Substance CCO{solv}{x=0.413900}|Cc1cccc(O)c1{solv}{x=0.586100}>,CCO,Cc1cccc(O)c1,openff-2.2.1,3,-0.7629699696740424,0.0359289316405612,-1.14624,0.00985
30147,2427,dens_42678158079716854,117,Density,<Substance CN1CCCC1=O{solv}{x=0.937492}|c1ccccc1{solv}{x=0.062508}>,CN1CCCC1=O,c1ccccc1,openff-2.2.1,3,0.9914055953847448,0.0001863523559432,1.0204500000000003,3.500000000000001e-05
30148,2428,dens_252520620125458637,118,Density,<Substance CN1CCCC1=O{solv}{x=0.513500}|c1ccccc1{solv}{x=0.486500}>,CN1CCCC1=O,c1ccccc1,openff-2.2.1,3,0.9448786151585338,0.0001765438652585,0.9684700000000004,0.00018
30149,2429,dhmix_524477957640851666,119,EnthalpyOfMixing,<Substance CN1CCCC1=O{solv}{x=0.235600}|c1ccccc1{solv}{x=0.764400}>,CN1CCCC1=O,c1ccccc1,openff-2.2.1,3,-0.1747774234292052,0.0426244929675666,-0.3684,0.00405
30150,2430,dhmix_1475629358723962160,120,EnthalpyOfMixing,<Substance CN1CCCC1=O{solv}{x=0.546700}|c1ccccc1{solv}{x=0.453300}>,CN1CCCC1=O,c1ccccc1,openff-2.2.1,3,-0.1264855830750164,0.0400052640061173,-0.4943,0.00535
30151,2431,dens_2041306780823594960,121,Density,<Substance CN1CCCC1=O{solv}{x=0.252400}|c1ccccc1{solv}{x=0.747600}>,CN1CCCC1=O,c1ccccc1,openff-2.2.1,3,0.8952821041622283,0.0002745645452838,0.9163300000000004,0.00029
30152,2432,dhmix_2156508970935294660,122,EnthalpyOfMixing,<Substance CN1CCCC1=O{solv}{x=0.741100}|c1ccccc1{solv}{x=0.258900}>,CN1CCCC1=O,c1ccccc1,openff-2.2.1,3,-0.1157131654721688,0.0467235288550361,-0.3841,0.0042
30153,2433,dhmix_44217680865702366,123,EnthalpyOfMixing,<Substance CC(=O)c1ccccc1{solv}{x=0.200100}|CC(C)O{solv}{x=0.799900}>,CC(=O)c1ccccc1,CC(C)O,openff-2.2.1,3,0.991405347557016,0.0374203125842898,1.1352,0.0124
30154,2434,dens_91454082453656404,124,Density,<Substance CC(=O)c1ccccc1{solv}{x=0.756100}|CC(C)O{solv}{x=0.243900}>,CC(=O)c1ccccc1,CC(C)O,openff-2.2.1,3,0.9701080158963166,0.0001741873201621,0.9823500000000004,0.000175
30155,2435,dens_152869924254680766,125,Density,<Substance CC(=O)c1ccccc1{solv}{x=0.251700}|CC(C)O{solv}{x=0.748300}>,CC(=O)c1ccccc1,CC(C)O,openff-2.2.1,3,0.8716789869081703,0.0002188524290739,0.8654400000000002,0.000245
30156,2436,dhmix_1214494501247401592,126,EnthalpyOfMixing,<Substance CC(=O)c1ccccc1{solv}{x=0.499600}|CC(C)O{solv}{x=0.500400}>,CC(=O)c1ccccc1,CC(C)O,openff-2.2.1,3,1.2565819829690028,0.0400042279217153,1.5703,0.0169
30157,2437,dhmix_1482394504883204224,127,EnthalpyOfMixing,<Substance CC(=O)c1ccccc1{solv}{x=0.700600}|CC(C)O{solv}{x=0.299400}>,CC(=O)c1ccccc1,CC(C)O,openff-2.2.1,3,1.1124402470285943,0.0403878814799148,1.3758,0.01485
30158,2438,dens_1804860114822214449,128,Density,<Substance CC(=O)c1ccccc1{solv}{x=0.534500}|CC(C)O{solv}{x=0.465500}>,CC(=O)c1ccccc1,CC(C)O,openff-2.2.1,3,0.9329395096832852,0.0002104063461549,0.9375600000000002,0.0002
30159,2439,dhmix_47323681380989568,129,EnthalpyOfMixing,<Substance CCCCCCCCCl{solv}{x=0.498000}|CN(C)C=O{solv}{x=0.502000}>,CCCCCCCCCl,CN(C)C=O,openff-2.2.1,3,1.233481613894881,0.0481307255211477,1.087,0.0045
30160,2440,dhmix_620291288515939248,130,EnthalpyOfMixing,<Substance CCCCCCCCCl{solv}{x=0.790000}|CN(C)C=O{solv}{x=0.210000}>,CCCCCCCCCl,CN(C)C=O,openff-2.2.1,3,0.9578718066502176,0.0512253198638137,0.68,0.0045
30161,2441,dens_1830564734879843336,131,Density,<Substance CCCCCCCCCl{solv}{x=0.733100}|CN(C)C=O{solv}{x=0.266900}>,CCCCCCCCCl,CN(C)C=O,openff-2.2.1,3,0.8672983577181905,0.0002321317269125,0.8779000000000002,0.00045
30162,2442,dens_1865569264533219410,132,Density,<Substance CCCCCCCCCl{solv}{x=0.500800}|CN(C)C=O{solv}{x=0.499200}>,CCCCCCCCCl,CN(C)C=O,openff-2.2.1,3,0.8770387638097176,0.0002159271951916,0.8897000000000003,0.0004
30163,2443,dens_1893252821735673677,133,Density,<Substance CCCCCCCCCl{solv}{x=0.199800}|CN(C)C=O{solv}{x=0.800200}>,CCCCCCCCCl,CN(C)C=O,openff-2.2.1,3,0.8961956961729338,0.0002442124647071,0.9149000000000002,0.0003
30164,2444,dhmix_2175249209874409534,134,EnthalpyOfMixing,<Substance CCCCCCCCCl{solv}{x=0.205000}|CN(C)C=O{solv}{x=0.795000}>,CCCCCCCCCl,CN(C)C=O,openff-2.2.1,3,0.9101021614727928,0.0388045339058308,0.79,0.0045
30165,2445,dens_47347406470845261,135,Density,<Substance BrCCCBr{solv}{x=0.748600}|COC=O{solv}{x=0.251400}>,BrCCCBr,COC=O,openff-2.2.1,3,1.745794578229256,0.0005256051829243,1.7969200000000003,0.00306
30166,2446,dens_398260729245374704,136,Density,<Substance BrCCCBr{solv}{x=0.472200}|COC=O{solv}{x=0.527800}>,BrCCCBr,COC=O,openff-2.2.1,3,1.5387731555738893,0.0003440134084878,1.5585100000000005,0.001985
30167,2447,dhmix_1440467239786579925,137,EnthalpyOfMixing,<Substance BrCCCBr{solv}{x=0.735400}|COC=O{solv}{x=0.264600}>,BrCCCBr,COC=O,openff-2.2.1,3,0.7851293689459773,0.0319755567868912,0.7435,0.00655
30168,2448,dens_1812113401512645360,138,Density,<Substance BrCCCBr{solv}{x=0.204700}|COC=O{solv}{x=0.795300}>,BrCCCBr,COC=O,openff-2.2.1,3,1.271267330537235,0.000379352911315,1.2611800000000004,0.001025
30169,2449,dhmix_2252268161220427112,139,EnthalpyOfMixing,<Substance BrCCCBr{solv}{x=0.485300}|COC=O{solv}{x=0.514700}>,BrCCCBr,COC=O,openff-2.2.1,3,1.0559903033591134,0.032897238927277,0.9249,0.00795
30170,2450,dhmix_2289960806584862127,140,EnthalpyOfMixing,<Substance BrCCCBr{solv}{x=0.239500}|COC=O{solv}{x=0.760500}>,BrCCCBr,COC=O,openff-2.2.1,3,0.7091211326769971,0.0347922571429102,0.6669,0.00595
30171,2451,dens_52148744845178727,141,Density,<Substance CC(=O)CC(C)C{solv}{x=0.700900}|CCC(C)(C)O{solv}{x=0.299100}>,CC(=O)CC(C)C,CCC(C)(C)O,openff-2.2.1,3,0.7961731563535058,0.0001854653873875,0.7968700000000002,0.00018
30172,2452,dhmix_202225007451030020,142,EnthalpyOfMixing,<Substance CC(=O)CC(C)C{solv}{x=0.201700}|CCC(C)(C)O{solv}{x=0.798300}>,CC(=O)CC(C)C,CCC(C)(C)O,openff-2.2.1,3,0.0917651308487652,0.0438786295705019,0.8181,0.01135
30173,2453,dens_938275493819605051,143,Density,<Substance CC(=O)CC(C)C{solv}{x=0.500800}|CCC(C)(C)O{solv}{x=0.499200}>,CC(=O)CC(C)C,CCC(C)(C)O,openff-2.2.1,3,0.8015325694767945,0.0001942736568424,0.7987300000000002,0.00018
30174,2454,dhmix_998794233701009996,144,EnthalpyOfMixing,<Substance CC(=O)CC(C)C{solv}{x=0.500800}|CCC(C)(C)O{solv}{x=0.499200}>,CC(=O)CC(C)C,CCC(C)(C)O,openff-2.2.1,3,0.4660519424865637,0.0541738112779644,1.3674,0.0185
30175,2455,dhmix_1565593158104493647,145,EnthalpyOfMixing,<Substance CC(=O)CC(C)C{solv}{x=0.700900}|CCC(C)(C)O{solv}{x=0.299100}>,CC(=O)CC(C)C,CCC(C)(C)O,openff-2.2.1,3,0.3670759621704018,0.0482043818444815,1.2068,0.0164
30176,2456,dens_2097057526665137697,146,Density,<Substance CC(=O)CC(C)C{solv}{x=0.201700}|CCC(C)(C)O{solv}{x=0.798300}>,CC(=O)CC(C)C,CCC(C)(C)O,openff-2.2.1,3,0.8117725634727053,0.0002130012906551,0.8030000000000002,0.00019
30177,2457,dens_60145312697659458,147,Density,<Substance OC1=NCCC1{solv}{x=0.231200}|c1ccncc1{solv}{x=0.768800}>,OC1=NCCC1,c1ccncc1,openff-2.2.1,3,0.9984518546105648,0.0002756421765004,1.0106200000000003,0.00051
30178,2458,dhmix_281987656487279026,148,EnthalpyOfMixing,<Substance OC1=NCCC1{solv}{x=0.525600}|c1ccncc1{solv}{x=0.474400}>,OC1=NCCC1,c1ccncc1,openff-2.2.1,3,-0.2963380129880022,0.0389647293913773,0.2031,0.0508
30179,2459,dens_617740093035429712,149,Density,<Substance OC1=NCCC1{solv}{x=0.831200}|c1ccncc1{solv}{x=0.168800}>,OC1=NCCC1,c1ccncc1,openff-2.2.1,3,1.0477110059515236,0.0002871821365263,1.0872000000000004,0.00052
30180,2460,dhmix_658699797311871042,150,EnthalpyOfMixing,<Substance OC1=NCCC1{solv}{x=0.261500}|c1ccncc1{solv}{x=0.738500}>,OC1=NCCC1,c1ccncc1,openff-2.2.1,3,-0.2241354542243741,0.0385558480184653,0.165,0.04125
30181,2461,dhmix_774470106511868908,151,EnthalpyOfMixing,<Substance OC1=NCCC1{solv}{x=0.831100}|c1ccncc1{solv}{x=0.168900}>,OC1=NCCC1,c1ccncc1,openff-2.2.1,3,-0.2117590207202511,0.0398435567514667,0.0972,0.0243
30182,2462,dens_1837977312272564303,152,Density,<Substance OC1=NCCC1{solv}{x=0.475200}|c1ccncc1{solv}{x=0.524800}>,OC1=NCCC1,c1ccncc1,openff-2.2.1,3,1.0194628687225709,0.0002703760213708,1.0431300000000003,0.000515
30183,2463,dens_64870336397637683,153,Density,<Substance NCCCO{solv}{x=0.489642}|O{solv}{x=0.510358}>,NCCCO,O,openff-2.2.1,3,1.0258405881725703,0.0003062690015238,1.0059000000000002,0.00155
30184,2464,dens_70371380055449550,154,Density,<Substance NCCCO{solv}{x=0.708044}|O{solv}{x=0.291956}>,NCCCO,O,openff-2.2.1,3,1.0257543790410009,0.000353648319923,0.9975000000000004,0.0018
30185,2465,dhmix_150384853762728924,155,EnthalpyOfMixing,<Substance NCCCO{solv}{x=0.751500}|O{solv}{x=0.248500}>,NCCCO,O,openff-2.2.1,3,-0.6481778937824387,0.0362130922685376,-1.531,0.031
30186,2466,dens_847209819230970781,156,Density,<Substance NCCCO{solv}{x=0.272809}|O{solv}{x=0.727191}>,NCCCO,O,openff-2.2.1,3,1.0169598540766662,0.0003552706167989,1.0118000000000005,0.0014
30187,2467,dhmix_1448036989335532298,157,EnthalpyOfMixing,<Substance NCCCO{solv}{x=0.298200}|O{solv}{x=0.701800}>,NCCCO,O,openff-2.2.1,3,-0.4436085070856315,0.0269703109187057,-2.501,0.051
30188,2468,dhmix_1551692974855642379,158,EnthalpyOfMixing,<Substance NCCCO{solv}{x=0.498900}|O{solv}{x=0.501100}>,NCCCO,O,openff-2.2.1,3,-0.8262537546447106,0.0323087006423286,-2.462,0.05
30189,2469,dhmix_65921650414250861,159,EnthalpyOfMixing,<Substance CCOC(=O)CC(C)=O{solv}{x=0.499500}|CCO{solv}{x=0.500500}>,CCO,CCOC(=O)CC(C)=O,openff-2.2.1,3,1.480462079378583,0.0427215967633387,1.7079,0.0183
30190,2470,dhmix_546962203716710778,160,EnthalpyOfMixing,<Substance CCOC(=O)CC(C)=O{solv}{x=0.299400}|CCO{solv}{x=0.700600}>,CCO,CCOC(=O)CC(C)=O,openff-2.2.1,3,1.2760415388883215,0.0366493667535474,1.4925,0.01605
30191,2471,dens_989479368116300355,161,Density,<Substance CCOC(=O)CC(C)=O{solv}{x=0.500000}|CCO{solv}{x=0.500000}>,CCO,CCOC(=O)CC(C)=O,openff-2.2.1,3,0.9506020633826326,0.0002256936035135,0.9484700000000004,0.000155
30192,2472,dens_1726065156375824332,162,Density,<Substance CCOC(=O)CC(C)=O{solv}{x=0.250000}|CCO{solv}{x=0.750000}>,CCO,CCOC(=O)CC(C)=O,openff-2.2.1,3,0.8871837380011218,0.0002503223323876,0.8856300000000003,0.00017
30193,2473,dens_1736679431098209973,163,Density,<Substance CCOC(=O)CC(C)=O{solv}{x=0.750000}|CCO{solv}{x=0.250000}>,CCO,CCOC(=O)CC(C)=O,openff-2.2.1,3,0.9935017974295288,0.0001715424524246,0.9917100000000004,0.00017
30194,2474,dhmix_2221487218644783272,164,EnthalpyOfMixing,<Substance CCOC(=O)CC(C)=O{solv}{x=0.700800}|CCO{solv}{x=0.299200}>,CCO,CCOC(=O)CC(C)=O,openff-2.2.1,3,1.0916685364189505,0.0487290494002997,1.478,0.0159
30195,2475,dhmix_68947190908856741,165,EnthalpyOfMixing,<Substance C1COCCO1{solv}{x=0.250000}|O=C1CCCC1{solv}{x=0.750000}>,C1COCCO1,O=C1CCCC1,openff-2.2.1,3,-0.0182031668762192,0.0322665196670123,0.04589,0.00057
30196,2476,dens_225413782402822877,166,Density,<Substance C1COCCO1{solv}{x=0.777800}|O=C1CCCC1{solv}{x=0.222200}>,C1COCCO1,O=C1CCCC1,openff-2.2.1,3,0.999797436113362,0.0002282811020471,1.0081000000000002,0.000255
30197,2477,dhmix_415496698649060745,167,EnthalpyOfMixing,<Substance C1COCCO1{solv}{x=0.500000}|O=C1CCCC1{solv}{x=0.500000}>,C1COCCO1,O=C1CCCC1,openff-2.2.1,3,0.0297263568586743,0.0378117181683233,0.07457,0.00068
30198,2478,dens_803440153424346423,168,Density,<Substance C1COCCO1{solv}{x=0.506300}|O=C1CCCC1{solv}{x=0.493700}>,C1COCCO1,O=C1CCCC1,openff-2.2.1,3,0.9679057352327765,0.0002075434254098,0.9849200000000002,0.00025
30199,2479,dens_1553194080174872005,169,Density,<Substance C1COCCO1{solv}{x=0.243600}|O=C1CCCC1{solv}{x=0.756400}>,C1COCCO1,O=C1CCCC1,openff-2.2.1,3,0.937680940535986,0.0001666764723417,0.9633500000000004,0.000245
30200,2480,dhmix_1852349497898107924,170,EnthalpyOfMixing,<Substance C1COCCO1{solv}{x=0.750000}|O=C1CCCC1{solv}{x=0.250000}>,C1COCCO1,O=C1CCCC1,openff-2.2.1,3,0.0336135510630981,0.0402732782078179,0.07097,0.000665
30201,2481,dhmix_71170350241685196,171,EnthalpyOfMixing,<Substance COC(C)(C)C{solv}{x=0.749000}|ClC(Cl)Cl{solv}{x=0.251000}>,COC(C)(C)C,ClC(Cl)Cl,openff-2.2.1,3,-1.2186087894672362,0.0388000382641133,-1.9,0.077
30202,2482,dens_554111049740737271,172,Density,<Substance COC(C)(C)C{solv}{x=0.454000}|ClC(Cl)Cl{solv}{x=0.546000}>,COC(C)(C)C,ClC(Cl)Cl,openff-2.2.1,3,1.1200289430353816,0.0003691516990694,1.0838000000000003,0.00015
30203,2483,dhmix_1691495556773848750,173,EnthalpyOfMixing,<Substance COC(C)(C)C{solv}{x=0.484000}|ClC(Cl)Cl{solv}{x=0.516000}>,COC(C)(C)C,ClC(Cl)Cl,openff-2.2.1,3,-1.7303728321979506,0.0319077833071159,-2.1,0.0845
30204,2484,dens_1874337336846858625,174,Density,<Substance COC(C)(C)C{solv}{x=0.276000}|ClC(Cl)Cl{solv}{x=0.724000}>,COC(C)(C)C,ClC(Cl)Cl,openff-2.2.1,3,1.280605672865046,0.0004485358011764,1.2259000000000004,0.0002
30205,2485,dens_2136498248834183810,175,Density,<Substance COC(C)(C)C{solv}{x=0.728600}|ClC(Cl)Cl{solv}{x=0.271400}>,COC(C)(C)C,ClC(Cl)Cl,openff-2.2.1,3,0.9126271982389044,0.0002855878662299,0.8956000000000003,0.00015
30206,2486,dhmix_2232264038422377060,176,EnthalpyOfMixing,<Substance COC(C)(C)C{solv}{x=0.220000}|ClC(Cl)Cl{solv}{x=0.780000}>,COC(C)(C)C,ClC(Cl)Cl,openff-2.2.1,3,-1.172724780021877,0.0303444621502824,-1.5,0.0605
30207,2487,dhmix_73322629991074290,177,EnthalpyOfMixing,<Substance CCC(C)=O{solv}{x=0.212400}|CCN(CC)CC{solv}{x=0.787600}>,CCC(C)=O,CCN(CC)CC,openff-2.2.1,3,0.3184476334420125,0.0488612755159635,0.57,0.006
30208,2488,dens_317201778138256714,178,Density,<Substance CCC(C)=O{solv}{x=0.261000}|CCN(CC)CC{solv}{x=0.739000}>,CCC(C)=O,CCN(CC)CC,openff-2.2.1,3,0.7310208397235476,0.0002006461504178,0.7361510000000001,0.000106
30209,2489,dens_544322850735592196,179,Density,<Substance CCC(C)=O{solv}{x=0.510600}|CCN(CC)CC{solv}{x=0.489400}>,CCC(C)=O,CCN(CC)CC,openff-2.2.1,3,0.7415721321559419,0.0002317613484239,0.7527560000000002,0.0001045
30210,2490,dhmix_690665189446107141,180,EnthalpyOfMixing,<Substance CCC(C)=O{solv}{x=0.496700}|CCN(CC)CC{solv}{x=0.503300}>,CCC(C)=O,CCN(CC)CC,openff-2.2.1,3,0.3943547410596224,0.0482699821856981,0.746,0.008
30211,2491,dhmix_935249702283890201,181,EnthalpyOfMixing,<Substance CCC(C)=O{solv}{x=0.789300}|CCN(CC)CC{solv}{x=0.210700}>,CCC(C)=O,CCN(CC)CC,openff-2.2.1,3,0.2114396438903547,0.0412021244668629,0.455,0.005
30212,2492,dens_1635002920322954883,182,Density,<Substance CCC(C)=O{solv}{x=0.760400}|CCN(CC)CC{solv}{x=0.239600}>,CCC(C)=O,CCN(CC)CC,openff-2.2.1,3,0.755790525008613,0.0002586811306667,0.7738830000000002,9.900000000000003e-05
30213,2493,dhmix_76833325524040726,183,EnthalpyOfMixing,<Substance C1CCCCC1{solv}{x=0.260600}|c1ccccc1{solv}{x=0.739400}>,C1CCCCC1,c1ccccc1,openff-2.2.1,3,0.745997343105472,0.0429472647020363,0.6282,0.00695
30214,2494,dens_330305790736126156,184,Density,<Substance C1CCCCC1{solv}{x=0.499600}|c1ccccc1{solv}{x=0.500400}>,C1CCCCC1,c1ccccc1,openff-2.2.1,3,0.7913036170062262,0.0002456354558614,0.8136000000000002,0.0002
30215,2495,dhmix_460305358266375837,185,EnthalpyOfMixing,<Substance C1CCCCC1{solv}{x=0.766800}|c1ccccc1{solv}{x=0.233200}>,C1CCCCC1,c1ccccc1,openff-2.2.1,3,0.6793579207985232,0.0421543915153069,0.5517,0.00725
30216,2496,dens_1579941980285561951,186,Density,<Substance C1CCCCC1{solv}{x=0.249800}|c1ccccc1{solv}{x=0.750200}>,C1CCCCC1,c1ccccc1,openff-2.2.1,3,0.8199658112774303,0.0002562667459503,0.8405780000000002,7.05e-05
30217,2497,dhmix_1824194485055356086,187,EnthalpyOfMixing,<Substance C1CCCCC1{solv}{x=0.501200}|c1ccccc1{solv}{x=0.498800}>,C1CCCCC1,c1ccccc1,openff-2.2.1,3,0.9863285557904646,0.0379076190754212,0.7893,0.00655
30218,2498,dens_1871885279620492514,188,Density,<Substance C1CCCCC1{solv}{x=0.732300}|c1ccccc1{solv}{x=0.267700}>,C1CCCCC1,c1ccccc1,openff-2.2.1,3,0.7701608013263141,0.0001843298284806,0.7929200000000002,7.450000000000001e-05
30219,2499,dens_78518696584109468,189,Density,<Substance CN(CCO)CCO{solv}{x=0.743000}|O{solv}{x=0.257000}>,CN(CCO)CCO,O,openff-2.2.1,3,1.036669290019246,1e-05,1.0405100000000005,0.000286
30220,2500,dens_169053214615075062,190,Density,<Substance CN(CCO)CCO{solv}{x=0.257100}|O{solv}{x=0.742900}>,CN(CCO)CCO,O,openff-2.2.1,3,1.03159724625665,1e-05,1.0522550000000004,0.000221
30221,2501,dhmix_750283179383190388,191,EnthalpyOfMixing,<Substance CN(CCO)CCO{solv}{x=0.741100}|O{solv}{x=0.258900}>,CN(CCO)CCO,O,openff-2.2.1,3,-0.574331463949477,1.2712836032923576e-05,-1.154,0.0125
30222,2502,dhmix_1537351248216247854,192,EnthalpyOfMixing,<Substance CN(CCO)CCO{solv}{x=0.259300}|O{solv}{x=0.740700}>,CN(CCO)CCO,O,openff-2.2.1,3,-0.941086586520111,1.2712836032923576e-05,-2.271,0.046
30223,2503,dens_1700904374078825036,193,Density,<Substance CN(CCO)CCO{solv}{x=0.484900}|O{solv}{x=0.515100}>,CN(CCO)CCO,O,openff-2.2.1,3,1.0371935551718223,1e-05,1.048636,0.0002475
30224,2504,dhmix_1761290393567900831,194,EnthalpyOfMixing,<Substance CN(CCO)CCO{solv}{x=0.494100}|O{solv}{x=0.505900}>,CN(CCO)CCO,O,openff-2.2.1,3,-1.0841858218812774,1.2247742649157844e-05,-2.072,0.042
30225,2505,dhmix_81883535492439507,195,EnthalpyOfMixing,<Substance C1COCO1{solv}{x=0.200000}|O=C1CCCC1{solv}{x=0.800000}>,C1COCO1,O=C1CCCC1,openff-2.2.1,3,-0.0693904980102289,0.0415982302145174,-0.00853,0.000425
30226,2506,dens_192935635984964537,196,Density,<Substance C1COCO1{solv}{x=0.509000}|O=C1CCCC1{solv}{x=0.491000}>,C1COCO1,O=C1CCCC1,openff-2.2.1,3,0.9903593103624748,0.0002798250958487,0.9954700000000004,0.000255
30227,2507,dhmix_309530351940031317,197,EnthalpyOfMixing,<Substance C1COCO1{solv}{x=0.700000}|O=C1CCCC1{solv}{x=0.300000}>,C1COCO1,O=C1CCCC1,openff-2.2.1,3,-0.0230038706562325,0.034502921570444,-0.02292,0.00048
30228,2508,dhmix_1480225642523009634,198,EnthalpyOfMixing,<Substance C1COCO1{solv}{x=0.500000}|O=C1CCCC1{solv}{x=0.500000}>,C1COCO1,O=C1CCCC1,openff-2.2.1,3,-0.0429319233726559,0.0393494730897052,-0.02181,0.000475
30229,2509,dens_1663189314624242951,199,Density,<Substance C1COCO1{solv}{x=0.225100}|O=C1CCCC1{solv}{x=0.774900}>,C1COCO1,O=C1CCCC1,openff-2.2.1,3,0.9436177418556176,0.0002635536682944,0.9652800000000002,0.000245
30230,2510,dens_1684591254659727640,200,Density,<Substance C1COCO1{solv}{x=0.789100}|O=C1CCCC1{solv}{x=0.210900}>,C1COCO1,O=C1CCCC1,openff-2.2.1,3,1.0450706368546976,0.000266344087619,1.02957,0.00026
30231,2511,dens_82854054922011802,201,Density,<Substance c1cc[nH]c1{solv}{x=0.542600}|c1ccncc1{solv}{x=0.457400}>,c1cc[nH]c1,c1ccncc1,openff-2.2.1,3,0.9767784132607004,0.0003100821484412,0.9706400000000002,5.5000000000000016e-05
30232,2512,dens_332042143272324658,202,Density,<Substance c1cc[nH]c1{solv}{x=0.755400}|c1ccncc1{solv}{x=0.244600}>,c1cc[nH]c1,c1ccncc1,openff-2.2.1,3,0.9769663611107092,0.0002321423710517,0.9676900000000004,5.5000000000000016e-05
30233,2513,dhmix_582184351339863568,203,EnthalpyOfMixing,<Substance c1cc[nH]c1{solv}{x=0.760200}|c1ccncc1{solv}{x=0.239800}>,c1cc[nH]c1,c1ccncc1,openff-2.2.1,3,-0.0159781450747296,0.0367709312682106,-1.6452,0.01075
30234,2514,dhmix_809205277185290719,204,EnthalpyOfMixing,<Substance c1cc[nH]c1{solv}{x=0.509500}|c1ccncc1{solv}{x=0.490500}>,c1cc[nH]c1,c1ccncc1,openff-2.2.1,3,-0.1036889888936571,0.0386818652881825,-2.649,0.01645
30235,2515,dens_1187941919350264461,205,Density,<Substance c1cc[nH]c1{solv}{x=0.227300}|c1ccncc1{solv}{x=0.772700}>,c1cc[nH]c1,c1ccncc1,openff-2.2.1,3,0.975893140910188,0.0002933522639314,0.9755600000000002,5.5000000000000016e-05
30236,2516,dhmix_2302696180464118683,206,EnthalpyOfMixing,<Substance c1cc[nH]c1{solv}{x=0.239500}|c1ccncc1{solv}{x=0.760500}>,c1cc[nH]c1,c1ccncc1,openff-2.2.1,3,-0.1292898392180301,0.0390163078074045,-1.7662,0.01145
30237,2517,dhmix_84488753175979819,207,EnthalpyOfMixing,<Substance C1CCOCC1{solv}{x=0.500000}|CCO{solv}{x=0.500000}>,C1CCOCC1,CCO,openff-2.2.1,3,0.9617808905240892,0.0364973107634167,0.8491,0.00794
30238,2518,dens_904236164857914889,208,Density,<Substance C1CCOCC1{solv}{x=0.701000}|CCO{solv}{x=0.299000}>,C1CCOCC1,CCO,openff-2.2.1,3,0.8485794857436946,0.0002766646023645,0.8595400000000002,8.500000000000002e-05
30239,2519,dhmix_923986751684807715,209,EnthalpyOfMixing,<Substance C1CCOCC1{solv}{x=0.750000}|CCO{solv}{x=0.250000}>,C1CCOCC1,CCO,openff-2.2.1,3,0.8770269553452366,0.0398014791162017,0.75364,0.007115
30240,2520,dhmix_927648698725704337,210,EnthalpyOfMixing,<Substance C1CCOCC1{solv}{x=0.250000}|CCO{solv}{x=0.750000}>,C1CCOCC1,CCO,openff-2.2.1,3,0.5783462740567185,0.0360062167745989,0.57017,0.00553
30241,2521,dens_1095414448718823860,211,Density,<Substance C1CCOCC1{solv}{x=0.504000}|CCO{solv}{x=0.496000}>,C1CCOCC1,CCO,openff-2.2.1,3,0.8348667402652958,0.0002319306270981,0.8440100000000001,0.0001
30242,2522,dens_1309012152943788187,212,Density,<Substance C1CCOCC1{solv}{x=0.284000}|CCO{solv}{x=0.716000}>,C1CCOCC1,CCO,openff-2.2.1,3,0.8167013975974642,0.000301876494006,0.8227400000000002,0.00012
30243,2523,dens_88489471162801298,213,Density,<Substance CC(C)=O{solv}{x=0.248400}|Nc1ccccc1{solv}{x=0.751600}>,CC(C)=O,Nc1ccccc1,openff-2.2.1,3,1.0040846979731974,0.0003485049265058,0.9768950000000002,0.0001055
30244,2524,dens_892449093930393176,214,Density,<Substance CC(C)=O{solv}{x=0.411400}|Nc1ccccc1{solv}{x=0.588600}>,CC(C)=O,Nc1ccccc1,openff-2.2.1,3,0.9611243136961064,0.0002248609658052,0.9457730000000002,0.0001285
30245,2525,dens_1087594007698023193,215,Density,<Substance CC(C)=O{solv}{x=0.699300}|Nc1ccccc1{solv}{x=0.300700}>,CC(C)=O,Nc1ccccc1,openff-2.2.1,3,0.876795232546535,0.0002634221380931,0.8786430000000003,0.000178
30246,2526,dhmix_1461699545612032563,216,EnthalpyOfMixing,<Substance CC(C)=O{solv}{x=0.214500}|Nc1ccccc1{solv}{x=0.785500}>,CC(C)=O,Nc1ccccc1,openff-2.2.1,3,-0.3431525417345398,0.0440841699872981,-0.746,0.008
30247,2527,dhmix_1577476208805542019,217,EnthalpyOfMixing,<Substance CC(C)=O{solv}{x=0.699100}|Nc1ccccc1{solv}{x=0.300900}>,CC(C)=O,Nc1ccccc1,openff-2.2.1,3,-0.9776592501192028,0.0364498571367314,-1.076,0.0115
30248,2528,dhmix_2267661763264899390,218,EnthalpyOfMixing,<Substance CC(C)=O{solv}{x=0.410700}|Nc1ccccc1{solv}{x=0.589300}>,CC(C)=O,Nc1ccccc1,openff-2.2.1,3,-0.8031615533460439,0.0371274664879016,-1.165,0.0125
30249,2529,dhmix_90851537891129625,219,EnthalpyOfMixing,<Substance C1CCOCC1{solv}{x=0.268300}|Cc1ccccn1{solv}{x=0.731700}>,C1CCOCC1,Cc1ccccn1,openff-2.2.1,3,0.0144348225525412,0.0425090314012073,0.1057,0.00105
30250,2530,dhmix_975790739707505549,220,EnthalpyOfMixing,<Substance C1CCOCC1{solv}{x=0.482200}|Cc1ccccn1{solv}{x=0.517800}>,C1CCOCC1,Cc1ccccn1,openff-2.2.1,3,0.0328865272920917,0.042390853859302,0.1728,0.00135
30251,2531,dens_981500521813591443,221,Density,<Substance C1CCOCC1{solv}{x=0.491600}|Cc1ccccn1{solv}{x=0.508400}>,C1CCOCC1,Cc1ccccn1,openff-2.2.1,3,0.9031623924043348,0.0002500313829269,0.910915,0.000475
30252,2532,dens_1237050172671894703,222,Density,<Substance C1CCOCC1{solv}{x=0.237300}|Cc1ccccn1{solv}{x=0.762700}>,C1CCOCC1,Cc1ccccn1,openff-2.2.1,3,0.9214793570332116,0.0002299876029374,0.9261620000000004,0.0004855
30253,2533,dhmix_1841520238596708010,223,EnthalpyOfMixing,<Substance C1CCOCC1{solv}{x=0.821600}|Cc1ccccn1{solv}{x=0.178400}>,C1CCOCC1,Cc1ccccn1,openff-2.2.1,3,0.0716298224923193,0.0433688154150768,0.1352,0.0012
30254,2534,dens_1852422594896475094,224,Density,<Substance C1CCOCC1{solv}{x=0.821900}|Cc1ccccn1{solv}{x=0.178100}>,C1CCOCC1,Cc1ccccn1,openff-2.2.1,3,0.8693945173367004,0.0002471812765027,0.8802920000000002,0.000454
30255,2535,dhmix_93676522673462266,225,EnthalpyOfMixing,<Substance CC(=O)N(C)C{solv}{x=0.702000}|ClCCCl{solv}{x=0.298000}>,CC(=O)N(C)C,ClCCCl,openff-2.2.1,3,-0.54095505049946,0.0384614579274305,-0.706,0.004
30256,2536,dens_466640151895915379,226,Density,<Substance CC(=O)N(C)C{solv}{x=0.499900}|ClCCCl{solv}{x=0.500100}>,CC(=O)N(C)C,ClCCCl,openff-2.2.1,3,1.0481142211857832,0.0003134069854123,1.0774000000000004,0.00325
30257,2537,dhmix_504891727488256514,227,EnthalpyOfMixing,<Substance CC(=O)N(C)C{solv}{x=0.202000}|ClCCCl{solv}{x=0.798000}>,CC(=O)N(C)C,ClCCCl,openff-2.2.1,3,-0.4072006762830682,0.0315768672441269,-0.586,0.004
30258,2538,dens_1432716574300574119,228,Density,<Substance CC(=O)N(C)C{solv}{x=0.298800}|ClCCCl{solv}{x=0.701200}>,CC(=O)N(C)C,ClCCCl,openff-2.2.1,3,1.1144903579197658,0.0003764532414789,1.1413000000000002,0.00345
30259,2539,dens_1909242265481868478,229,Density,<Substance CC(=O)N(C)C{solv}{x=0.700800}|ClCCCl{solv}{x=0.299200}>,CC(=O)N(C)C,ClCCCl,openff-2.2.1,3,0.9851399731303452,0.0002768281022651,1.0181000000000002,0.00305
30260,2540,dhmix_2201663021806040380,230,EnthalpyOfMixing,<Substance CC(=O)N(C)C{solv}{x=0.500000}|ClCCCl{solv}{x=0.500000}>,CC(=O)N(C)C,ClCCCl,openff-2.2.1,3,-0.5857416658083152,0.0338017566070654,-0.885,0.004
30261,2541,dhmix_101847702994296892,231,EnthalpyOfMixing,<Substance CCCCCCCl{solv}{x=0.790000}|CN1CCCC1=O{solv}{x=0.210000}>,CCCCCCCl,CN1CCCC1=O,openff-2.2.1,3,0.6958210563235525,0.0516600513211204,0.232,0.0025
30262,2542,dhmix_275814181113182192,232,EnthalpyOfMixing,<Substance CCCCCCCl{solv}{x=0.497000}|CN1CCCC1=O{solv}{x=0.503000}>,CCCCCCCl,CN1CCCC1=O,openff-2.2.1,3,0.9019685959053448,0.0435122128226156,0.416,0.0025
30263,2543,dens_441375838683668512,233,Density,<Substance CCCCCCCl{solv}{x=0.499300}|CN1CCCC1=O{solv}{x=0.500700}>,CCCCCCCl,CN1CCCC1=O,openff-2.2.1,3,0.9227748515657468,0.000216057966131,0.9389000000000002,0.0002
30264,2544,dhmix_840847840731542643,234,EnthalpyOfMixing,<Substance CCCCCCCl{solv}{x=0.203000}|CN1CCCC1=O{solv}{x=0.797000}>,CCCCCCCl,CN1CCCC1=O,openff-2.2.1,3,0.6648561622641722,0.0446734055862679,0.319,0.0025
30265,2545,dens_1314691253679633833,235,Density,<Substance CCCCCCCl{solv}{x=0.298400}|CN1CCCC1=O{solv}{x=0.701600}>,CCCCCCCl,CN1CCCC1=O,openff-2.2.1,3,0.951662507319842,0.0001922961104883,0.9715000000000004,0.0002
30266,2546,dens_1366683244756558841,236,Density,<Substance CCCCCCCl{solv}{x=0.801200}|CN1CCCC1=O{solv}{x=0.198800}>,CCCCCCCl,CN1CCCC1=O,openff-2.2.1,3,0.8839039108536753,0.0002379803090508,0.8970000000000002,0.0003
30267,2547,dhmix_107460606439569535,237,EnthalpyOfMixing,<Substance C1COCCO1{solv}{x=0.572500}|O=C1CCCCCC1{solv}{x=0.427500}>,C1COCCO1,O=C1CCCCCC1,openff-2.2.1,3,0.1005601649689253,0.0437941083208215,0.1032,0.00125
30268,2548,dens_229535957420918177,238,Density,<Substance C1COCCO1{solv}{x=0.748900}|O=C1CCCCCC1{solv}{x=0.251100}>,C1COCCO1,O=C1CCCCCC1,openff-2.2.1,3,0.9911790711159864,0.0002235231840461,0.9994100000000002,0.00051
30269,2549,dhmix_1101001475632451077,239,EnthalpyOfMixing,<Substance C1COCCO1{solv}{x=0.225200}|O=C1CCCCCC1{solv}{x=0.774800}>,C1COCCO1,O=C1CCCCCC1,openff-2.2.1,3,0.0872526385637684,0.0506289876943447,0.0783,0.001
30270,2550,dens_1711999737319704820,240,Density,<Substance C1COCCO1{solv}{x=0.572300}|O=C1CCCCCC1{solv}{x=0.427700}>,C1COCCO1,O=C1CCCCCC1,openff-2.2.1,3,0.9604657377887376,0.0002108796193168,0.9737000000000002,0.00051
30271,2551,dens_1973863157285112004,241,Density,<Substance C1COCCO1{solv}{x=0.255500}|O=C1CCCCCC1{solv}{x=0.744500}>,C1COCCO1,O=C1CCCCCC1,openff-2.2.1,3,0.9402161515393956,0.0001812721531155,0.9616800000000002,0.000515
30272,2552,dhmix_2239035738396328121,242,EnthalpyOfMixing,<Substance C1COCCO1{solv}{x=0.771600}|O=C1CCCCCC1{solv}{x=0.228400}>,C1COCCO1,O=C1CCCCCC1,openff-2.2.1,3,0.1495079330762507,0.0470909329837064,0.0694,0.0009
30273,2553,dhmix_110368175234083214,243,EnthalpyOfMixing,<Substance CC#N{solv}{x=0.201600}|CCOC(C)(C)CC{solv}{x=0.798400}>,CC#N,CCOC(C)(C)CC,openff-2.2.1,3,0.2861565274363684,0.0491924246599144,0.6411,0.0087
30274,2554,dhmix_565046024644834395,244,EnthalpyOfMixing,<Substance CC#N{solv}{x=0.700400}|CCOC(C)(C)CC{solv}{x=0.299600}>,CC#N,CCOC(C)(C)CC,openff-2.2.1,3,0.379981429076354,0.0343547154838361,0.8397,0.0113
30275,2555,dens_865362803305469370,245,Density,<Substance CC#N{solv}{x=0.502400}|CCOC(C)(C)CC{solv}{x=0.497600}>,CC#N,CCOC(C)(C)CC,openff-2.2.1,3,0.7677571963170746,0.0002585416575695,0.7675000000000002,0.00035
30276,2556,dhmix_1131176031733024874,246,EnthalpyOfMixing,<Substance CC#N{solv}{x=0.502400}|CCOC(C)(C)CC{solv}{x=0.497600}>,CC#N,CCOC(C)(C)CC,openff-2.2.1,3,0.4135269049753205,0.042110385702095,0.9514,0.01285
30277,2557,dens_1305751749890499162,247,Density,<Substance CC#N{solv}{x=0.201600}|CCOC(C)(C)CC{solv}{x=0.798400}>,CC#N,CCOC(C)(C)CC,openff-2.2.1,3,0.7633559985135069,0.0002175957873754,0.7635000000000002,0.00025
30278,2558,dens_1928701304100922381,248,Density,<Substance CC#N{solv}{x=0.700400}|CCOC(C)(C)CC{solv}{x=0.299600}>,CC#N,CCOC(C)(C)CC,openff-2.2.1,3,0.7703528021788696,0.0002670658807305,0.7707000000000003,0.0005
30279,2559,dhmix_112729391186229967,249,EnthalpyOfMixing,<Substance CCC(C)=O{solv}{x=0.509000}|CNc1ccccc1{solv}{x=0.491000}>,CCC(C)=O,CNc1ccccc1,openff-2.2.1,3,-0.7098703858499942,0.040821432680251,-0.816,0.009
30280,2560,dens_414028029115294252,250,Density,<Substance CCC(C)=O{solv}{x=0.746300}|CNc1ccccc1{solv}{x=0.253700}>,CCC(C)=O,CNc1ccccc1,openff-2.2.1,3,0.8373923769417309,0.0002617053219219,0.8582020000000002,0.000102
30281,2561,dens_559789475978651659,251,Density,<Substance CCC(C)=O{solv}{x=0.495000}|CNc1ccccc1{solv}{x=0.505000}>,CCC(C)=O,CNc1ccccc1,openff-2.2.1,3,0.8945678614403396,0.0002012759274143,0.9066940000000002,0.000164
30282,2562,dhmix_1637459312398636454,252,EnthalpyOfMixing,<Substance CCC(C)=O{solv}{x=0.228300}|CNc1ccccc1{solv}{x=0.771700}>,CCC(C)=O,CNc1ccccc1,openff-2.2.1,3,-0.4454546847232432,0.045316306039272,-0.54,0.006
30283,2563,dhmix_1933605864237207151,253,EnthalpyOfMixing,<Substance CCC(C)=O{solv}{x=0.705500}|CNc1ccccc1{solv}{x=0.294500}>,CCC(C)=O,CNc1ccccc1,openff-2.2.1,3,-0.5444854613522223,0.0388737370451019,-0.672,0.0075
30284,2564,dens_2039660657679820411,254,Density,<Substance CCC(C)=O{solv}{x=0.258900}|CNc1ccccc1{solv}{x=0.741100}>,CCC(C)=O,CNc1ccccc1,openff-2.2.1,3,0.9419987941520144,0.0002185364207975,0.9456330000000004,0.000259
30285,2565,dhmix_112832411362526364,255,EnthalpyOfMixing,<Substance C=CCCCC{solv}{x=0.250000}|CCCCO{solv}{x=0.750000}>,C=CCCCC,CCCCO,openff-2.2.1,3,0.3965220654538797,0.0417183070516224,0.2829,0.00333
30286,2566,dhmix_385937725855980509,256,EnthalpyOfMixing,<Substance C=CCCCC{solv}{x=0.749900}|CCCCO{solv}{x=0.250100}>,C=CCCCC,CCCCO,openff-2.2.1,3,0.8452372520169718,0.0398297002144929,0.63978,0.00696
30287,2567,dens_417191245012747241,257,Density,<Substance C=CCCCC{solv}{x=0.501800}|CCCCO{solv}{x=0.498200}>,C=CCCCC,CCCCO,openff-2.2.1,3,0.714404739460613,0.0002006059086193,0.7340000000000002,0.00035
30288,2568,dens_1053849773924337242,258,Density,<Substance C=CCCCC{solv}{x=0.100100}|CCCCO{solv}{x=0.899900}>,C=CCCCC,CCCCO,openff-2.2.1,3,0.7847233113068407,0.0002604134454182,0.7924000000000002,0.00035
30289,2569,dhmix_1436053809694490847,259,EnthalpyOfMixing,<Substance C=CCCCC{solv}{x=0.500300}|CCCCO{solv}{x=0.499700}>,C=CCCCC,CCCCO,openff-2.2.1,3,0.8194791667224877,0.0467375631645569,0.56098,0.00616
30290,2570,dens_1967827958045932694,260,Density,<Substance C=CCCCC{solv}{x=0.900000}|CCCCO{solv}{x=0.100000}>,C=CCCCC,CCCCO,openff-2.2.1,3,0.6598185952903064,0.0002341561298146,0.6818000000000001,0.00035
30291,2571,dhmix_113202719214912577,261,EnthalpyOfMixing,<Substance CCN(CC)CCO{solv}{x=0.700300}|O{solv}{x=0.299700}>,CCN(CC)CCO,O,openff-2.2.1,3,-1.8077938582080293,0.0557229169556102,-1.75,0.019
30292,2572,dhmix_450200897960931857,262,EnthalpyOfMixing,<Substance CCN(CC)CCO{solv}{x=0.500200}|O{solv}{x=0.499800}>,CCN(CC)CCO,O,openff-2.2.1,3,-1.917965128142875,0.049286338558694,-2.504,0.027
30293,2573,dens_727880187774296815,263,Density,<Substance CCN(CC)CCO{solv}{x=0.799700}|O{solv}{x=0.200300}>,CCN(CC)CCO,O,openff-2.2.1,3,0.8792501024622019,0.0002316354366237,0.8996000000000003,0.005
30294,2574,dens_943193748522476096,264,Density,<Substance CCN(CC)CCO{solv}{x=0.499700}|O{solv}{x=0.500300}>,CCN(CC)CCO,O,openff-2.2.1,3,0.8956945172260946,0.0002312330171603,0.9222000000000002,0.005
30295,2575,dhmix_1628408668678458098,265,EnthalpyOfMixing,<Substance CCN(CC)CCO{solv}{x=0.200800}|O{solv}{x=0.799200}>,CCN(CC)CCO,O,openff-2.2.1,3,-1.0245630688894476,0.0277670511211017,-2.185,0.0235
30296,2576,dens_1679974305630699360,266,Density,<Substance CCN(CC)CCO{solv}{x=0.193290}|O{solv}{x=0.806710}>,CCN(CC)CCO,O,openff-2.2.1,3,0.9207493193627232,0.0003091636182005,0.9615690000000002,0.000144
30297,2577,dens_114257363738318755,267,Density,<Substance C1CCCCC1{solv}{x=0.754300}|CCCCCC{solv}{x=0.245700}>,C1CCCCC1,CCCCCC,openff-2.2.1,3,0.7192617195427368,0.0001977395765306,0.7392000000000002,0.00065
30298,2578,dens_528453314861364780,268,Density,<Substance C1CCCCC1{solv}{x=0.234300}|CCCCCC{solv}{x=0.765700}>,C1CCCCC1,CCCCCC,openff-2.2.1,3,0.6626479716796159,0.0002292143861585,0.6838300000000002,0.001655
30299,2579,dens_547437695672624422,269,Density,<Substance C1CCCCC1{solv}{x=0.479300}|CCCCCC{solv}{x=0.520700}>,C1CCCCC1,CCCCCC,openff-2.2.1,3,0.6877600480293081,0.0001709565459551,0.7105500000000001,0.001555
30300,2580,dhmix_728030976573858762,270,EnthalpyOfMixing,<Substance C1CCCCC1{solv}{x=0.483200}|CCCCCC{solv}{x=0.516800}>,C1CCCCC1,CCCCCC,openff-2.2.1,3,0.241037339705727,0.0367942478349344,0.2144,0.00155
30301,2581,dhmix_1406519609852245638,271,EnthalpyOfMixing,<Substance C1CCCCC1{solv}{x=0.219000}|CCCCCC{solv}{x=0.781000}>,C1CCCCC1,CCCCCC,openff-2.2.1,3,0.215342707893356,0.0439349459010302,0.1264,0.00105
30302,2582,dhmix_1819992223413741006,272,EnthalpyOfMixing,<Substance C1CCCCC1{solv}{x=0.725500}|CCCCCC{solv}{x=0.274500}>,C1CCCCC1,CCCCCC,openff-2.2.1,3,0.1933307866957818,0.0350755025091012,0.199,0.00145
30303,2583,dhmix_114464856611254095,273,EnthalpyOfMixing,<Substance COc1ccccc1{solv}{x=0.739800}|OCc1ccccc1{solv}{x=0.260200}>,COc1ccccc1,OCc1ccccc1,openff-2.2.1,3,0.8516510064045661,0.0434109895122607,1.0539,0.0113
30304,2584,dens_844721400884986444,274,Density,<Substance COc1ccccc1{solv}{x=0.288300}|OCc1ccccc1{solv}{x=0.711700}>,COc1ccccc1,OCc1ccccc1,openff-2.2.1,3,1.0051317459606697,0.0002365932596962,1.0180000000000002,0.000135
30305,2585,dens_1208569209782779179,275,Density,<Substance COc1ccccc1{solv}{x=0.491100}|OCc1ccccc1{solv}{x=0.508900}>,COc1ccccc1,OCc1ccccc1,openff-2.2.1,3,0.9930450237856914,0.0002063553600157,1.0069400000000004,0.000165
30306,2586,dhmix_1342325728364187329,276,EnthalpyOfMixing,<Substance COc1ccccc1{solv}{x=0.240100}|OCc1ccccc1{solv}{x=0.759900}>,COc1ccccc1,OCc1ccccc1,openff-2.2.1,3,0.5317964252131802,0.049561692899399,0.6199,0.0067
30307,2587,dhmix_1596550872819493971,277,EnthalpyOfMixing,<Substance COc1ccccc1{solv}{x=0.486600}|OCc1ccccc1{solv}{x=0.513400}>,COc1ccccc1,OCc1ccccc1,openff-2.2.1,3,0.8686088823654003,0.0431663489797094,0.9688,0.0104
30308,2588,dens_1833270112854727934,278,Density,<Substance COc1ccccc1{solv}{x=0.774500}|OCc1ccccc1{solv}{x=0.225500}>,COc1ccccc1,OCc1ccccc1,openff-2.2.1,3,0.97622238806377,0.0002086779320574,0.9915900000000004,0.000215
30309,2589,dens_114725786693793907,279,Density,<Substance CC(=O)O{solv}{x=0.703100}|CCO{solv}{x=0.296900}>,CC(=O)O,CCO,openff-2.2.1,3,0.9914247373773846,0.0002994506882812,0.97355,0.00021
30310,2590,dens_883421079927261907,280,Density,<Substance CC(=O)O{solv}{x=0.496100}|CCO{solv}{x=0.503900}>,CC(=O)O,CCO,openff-2.2.1,3,0.9306522908202748,0.000344215974058,0.9199600000000002,0.0002
30311,2591,dens_1042567278853913615,281,Density,<Substance CC(=O)O{solv}{x=0.297100}|CCO{solv}{x=0.702900}>,CC(=O)O,CCO,openff-2.2.1,3,0.8719135735346681,0.0003209145695385,0.8668600000000002,0.000195
30312,2592,dhmix_129373600931207498,282,EnthalpyOfMixing,<Substance NCCNCCN{solv}{x=0.702000}|O{solv}{x=0.298000}>,NCCNCCN,O,openff-2.2.1,3,-2.696902147035644,1.2576199743960814e-05,-3.393,0.036
30313,2593,dhmix_313570094367316478,283,EnthalpyOfMixing,<Substance NCCNCCN{solv}{x=0.241600}|O{solv}{x=0.758400}>,NCCNCCN,O,openff-2.2.1,3,-4.2990076158837915,1.2779389656787214e-05,-6.523,0.0695
30314,2594,dens_548243159356184104,284,Density,<Substance NCCNCCN{solv}{x=0.244900}|O{solv}{x=0.755100}>,NCCNCCN,O,openff-2.2.1,3,1.0638131944666405,1e-05,1.0275000000000003,0.0005
30315,2595,dens_913992897582667960,285,Density,<Substance NCCNCCN{solv}{x=0.497400}|O{solv}{x=0.502600}>,NCCNCCN,O,openff-2.2.1,3,1.066760640479124,1e-05,0.9928000000000002,0.0005
30316,2596,dhmix_1565087976771168604,286,EnthalpyOfMixing,<Substance NCCNCCN{solv}{x=0.501000}|O{solv}{x=0.499000}>,NCCNCCN,O,openff-2.2.1,3,-4.262232375470305,1.224745687887898e-05,-5.417,0.0575
30317,2597,dens_1812124220217686569,287,Density,<Substance NCCNCCN{solv}{x=0.698800}|O{solv}{x=0.301200}>,NCCNCCN,O,openff-2.2.1,3,1.0607882668906012,1e-05,0.9718000000000002,0.0005
30318,2598,dhmix_135176730945124637,288,EnthalpyOfMixing,<Substance CCCCNCCCC{solv}{x=0.751800}|CN(C)C=O{solv}{x=0.248200}>,CCCCNCCCC,CN(C)C=O,openff-2.2.1,3,0.3619406629627093,0.045439309003314,0.782,0.025
30319,2599,dens_586298674852090193,289,Density,<Substance CCCCNCCCC{solv}{x=0.726600}|CN(C)C=O{solv}{x=0.273400}>,CCCCNCCCC,CN(C)C=O,openff-2.2.1,3,0.7796728382916331,0.0001697625131305,0.7828350000000002,0.0009465
30320,2600,dens_711718403070096827,290,Density,<Substance CCCCNCCCC{solv}{x=0.263900}|CN(C)C=O{solv}{x=0.736100}>,CCCCNCCCC,CN(C)C=O,openff-2.2.1,3,0.8491468135934197,0.0001855828461123,0.8609240000000001,0.001053
30321,2601,dhmix_1537913365058000269,291,EnthalpyOfMixing,<Substance CCCCNCCCC{solv}{x=0.249400}|CN(C)C=O{solv}{x=0.750600}>,CCCCNCCCC,CN(C)C=O,openff-2.2.1,3,0.3692107460449989,0.0348132229629398,0.921,0.029
30322,2602,dhmix_1965420976556284821,292,EnthalpyOfMixing,<Substance CCCCNCCCC{solv}{x=0.501800}|CN(C)C=O{solv}{x=0.498200}>,CCCCNCCCC,CN(C)C=O,openff-2.2.1,3,0.4469965475634012,0.0403528482213848,1.113,0.0335
30323,2603,dens_2298192241038151497,293,Density,<Substance CCCCNCCCC{solv}{x=0.492800}|CN(C)C=O{solv}{x=0.507200}>,CCCCNCCCC,CN(C)C=O,openff-2.2.1,3,0.8091465221773613,0.0001524947361624,0.8153440000000003,0.0009895
30324,2604,dens_145031449158698048,294,Density,<Substance CN(C)C=O{solv}{x=0.498800}|ClCCCl{solv}{x=0.501200}>,CN(C)C=O,ClCCCl,openff-2.2.1,3,1.0740444254638712,0.000369276780476,1.0957000000000003,0.00305
30325,2605,dens_511894799968528211,295,Density,<Substance CN(C)C=O{solv}{x=0.197800}|ClCCCl{solv}{x=0.802200}>,CN(C)C=O,ClCCCl,openff-2.2.1,3,1.1604076896167552,0.0004062652107038,1.1862000000000004,0.003
30326,2606,dhmix_693792312882226719,296,EnthalpyOfMixing,<Substance CN(C)C=O{solv}{x=0.498000}|ClCCCl{solv}{x=0.502000}>,CN(C)C=O,ClCCCl,openff-2.2.1,3,-0.0296536259599839,0.0281461282940531,-0.663,0.0035
30327,2607,dhmix_1364024895663592301,297,EnthalpyOfMixing,<Substance CN(C)C=O{solv}{x=0.299000}|ClCCCl{solv}{x=0.701000}>,CN(C)C=O,ClCCCl,openff-2.2.1,3,-0.0339863867931669,0.0315109303436517,-0.575,0.0035
30328,2608,dens_1874616475661316520,298,Density,<Substance CN(C)C=O{solv}{x=0.705400}|ClCCCl{solv}{x=0.294600}>,CN(C)C=O,ClCCCl,openff-2.2.1,3,1.0114235056513698,0.0003193093832771,1.0336,0.003
30329,2609,dhmix_1965344541223753593,299,EnthalpyOfMixing,<Substance CN(C)C=O{solv}{x=0.702000}|ClCCCl{solv}{x=0.298000}>,CN(C)C=O,ClCCCl,openff-2.2.1,3,-0.0340480828711236,0.0370125650719509,-0.531,0.003
30330,2610,dens_145117083439077204,300,Density,<Substance CN1CCCC1=O{solv}{x=0.700300}|ClCCCCCl{solv}{x=0.299700}>,CN1CCCC1=O,ClCCCCCl,openff-2.2.1,3,1.0416271271808637,0.0002128074794575,1.0627000000000002,0.0005
30331,2611,dens_872271192908107773,301,Density,<Substance CN1CCCC1=O{solv}{x=0.203400}|ClCCCCCl{solv}{x=0.796600}>,CN1CCCC1=O,ClCCCCCl,openff-2.2.1,3,1.0979569136214893,0.0002144184529573,1.1142000000000003,0.00125
30332,2612,dhmix_958757583081250655,302,EnthalpyOfMixing,<Substance CN1CCCC1=O{solv}{x=0.703000}|ClCCCCCl{solv}{x=0.297000}>,CN1CCCC1=O,ClCCCCCl,openff-2.2.1,3,0.0753329878312598,0.0415121127673161,-0.583,0.0035
30333,2613,dens_1187888029800539390,303,Density,<Substance CN1CCCC1=O{solv}{x=0.502500}|ClCCCCCl{solv}{x=0.497500}>,CN1CCCC1=O,ClCCCCCl,openff-2.2.1,3,1.0656521502293936,0.0002610563836098,1.0840000000000003,0.00075
30334,2614,dhmix_1448185356234442909,304,EnthalpyOfMixing,<Substance CN1CCCC1=O{solv}{x=0.210000}|ClCCCCCl{solv}{x=0.790000}>,CN1CCCC1=O,ClCCCCCl,openff-2.2.1,3,0.1000976596005074,0.0399396901532775,-0.406,0.003
30335,2615,dhmix_1623586299486793214,305,EnthalpyOfMixing,<Substance CN1CCCC1=O{solv}{x=0.505000}|ClCCCCCl{solv}{x=0.495000}>,CN1CCCC1=O,ClCCCCCl,openff-2.2.1,3,0.2049977277238568,0.0440960921425025,-0.678,0.0035
30336,2616,dens_151421667269785380,306,Density,<Substance OCCOCCO{solv}{x=0.228500}|OCc1ccccc1{solv}{x=0.771500}>,OCCOCCO,OCc1ccccc1,openff-2.2.1,3,1.042176630033261,0.0001683248679552,1.0497600000000002,0.000265
30337,2617,dens_207017358130726789,307,Density,<Substance OCCOCCO{solv}{x=0.531200}|OCc1ccccc1{solv}{x=0.468800}>,OCCOCCO,OCc1ccccc1,openff-2.2.1,3,1.0683223842295633,0.0002618262779084,1.07136,0.00027
30338,2618,dhmix_638869206909151198,308,EnthalpyOfMixing,<Substance OCCOCCO{solv}{x=0.765800}|OCc1ccccc1{solv}{x=0.234200}>,OCCOCCO,OCc1ccccc1,openff-2.2.1,3,-0.5254294063312415,0.0885840457609945,-0.3712,0.0073
30339,2619,dhmix_884415658126351430,309,EnthalpyOfMixing,<Substance OCCOCCO{solv}{x=0.266500}|OCc1ccccc1{solv}{x=0.733500}>,OCCOCCO,OCc1ccccc1,openff-2.2.1,3,-0.3271701322883018,0.0379563846294726,-0.4216,0.0081
30340,2620,dhmix_925385148369690502,310,EnthalpyOfMixing,<Substance OCCOCCO{solv}{x=0.521600}|OCc1ccccc1{solv}{x=0.478400}>,OCCOCCO,OCc1ccccc1,openff-2.2.1,3,-0.5640563029660939,0.0425263034085962,-0.4574,0.00865
30341,2621,dens_1617133138157859384,311,Density,<Substance OCCOCCO{solv}{x=0.727700}|OCc1ccccc1{solv}{x=0.272300}>,OCCOCCO,OCc1ccccc1,openff-2.2.1,3,1.0851657615593722,0.0003147043348168,1.0857000000000003,0.000275
30342,2622,dens_155791527624482863,312,Density,<Substance CC(C)CO{solv}{x=0.279300}|CCCCBr{solv}{x=0.720700}>,CC(C)CO,CCCCBr,openff-2.2.1,3,1.1028375683528684,0.0004303073872583,1.1339800000000002,0.000305
30343,2623,dhmix_549211977118470640,313,EnthalpyOfMixing,<Substance CC(C)CO{solv}{x=0.293800}|CCCCBr{solv}{x=0.706200}>,CC(C)CO,CCCCBr,openff-2.2.1,3,1.155018905230456,0.0411267430855531,1.248,0.0135
30344,2624,dens_692500675577783691,314,Density,<Substance CC(C)CO{solv}{x=0.793700}|CCCCBr{solv}{x=0.206300}>,CC(C)CO,CCCCBr,openff-2.2.1,3,0.8919783953950395,0.0003252908512151,0.8962800000000002,0.00021
30345,2625,dens_841415441417626311,315,Density,<Substance CC(C)CO{solv}{x=0.498900}|CCCCBr{solv}{x=0.501100}>,CC(C)CO,CCCCBr,openff-2.2.1,3,1.0186437336701577,0.0003484875452899,1.0366800000000005,0.000225
30346,2626,dhmix_1400807466047438160,316,EnthalpyOfMixing,<Substance CC(C)CO{solv}{x=0.499000}|CCCCBr{solv}{x=0.501000}>,CC(C)CO,CCCCBr,openff-2.2.1,3,1.1590636121445286,0.0366203237288507,1.207,0.013
30347,2627,dhmix_1959880980464917582,317,EnthalpyOfMixing,<Substance CC(C)CO{solv}{x=0.702100}|CCCCBr{solv}{x=0.297900}>,CC(C)CO,CCCCBr,openff-2.2.1,3,0.7213377491316919,0.0496325258566942,0.891,0.0095
30348,2628,dhmix_155924436295918663,318,EnthalpyOfMixing,<Substance OCCCO{solv}{x=0.501300}|O{solv}{x=0.498700}>,O,OCCCO,openff-2.2.1,3,0.4222344479870656,0.0348192653250101,-0.992,0.0125
30349,2629,dens_867859901093068556,319,Density,<Substance OCCCO{solv}{x=0.743700}|O{solv}{x=0.256300}>,O,OCCCO,openff-2.2.1,3,1.0500872928860172,1e-05,1.0503800000000003,0.00023
30350,2630,dhmix_2191722776959064631,320,EnthalpyOfMixing,<Substance OCCCO{solv}{x=0.743000}|O{solv}{x=0.257000}>,O,OCCCO,openff-2.2.1,3,0.3907591515897941,0.0445398514469705,-0.633,0.008
30351,2631,dhmix_2210594516320705991,321,EnthalpyOfMixing,<Substance OCCCO{solv}{x=0.208700}|O{solv}{x=0.791300}>,O,OCCCO,openff-2.2.1,3,0.3688831011327238,0.0245999055705628,-0.924,0.012
30352,2632,dens_2211391404402371237,322,Density,<Substance OCCCO{solv}{x=0.244700}|O{solv}{x=0.755300}>,O,OCCCO,openff-2.2.1,3,1.0237145733871558,1e-05,1.0381600000000004,0.00019
30353,2633,dens_2211609476735134421,323,Density,<Substance OCCCO{solv}{x=0.500000}|O{solv}{x=0.500000}>,O,OCCCO,openff-2.2.1,3,1.0408423683296872,1e-05,1.0492100000000002,0.000215
30354,2634,dhmix_156929898609376763,324,EnthalpyOfMixing,<Substance CN(C)CCCO{solv}{x=0.800100}|O{solv}{x=0.199900}>,CN(C)CCCO,O,openff-2.2.1,3,-0.857796955154015,0.0465241789345903,-1.26,0.0135
30355,2635,dhmix_786210276753247951,325,EnthalpyOfMixing,<Substance CN(C)CCCO{solv}{x=0.199800}|O{solv}{x=0.800200}>,CN(C)CCCO,O,openff-2.2.1,3,-0.7237632401481751,0.0298373961088452,-2.514,0.027
30356,2636,dens_971674883336993154,326,Density,<Substance CN(C)CCCO{solv}{x=0.289504}|O{solv}{x=0.710496}>,CN(C)CCCO,O,openff-2.2.1,3,0.9280522121592266,0.0003028157096206,0.9443,0.00285
30357,2637,dhmix_1330584538745399524,327,EnthalpyOfMixing,<Substance CN(C)CCCO{solv}{x=0.501900}|O{solv}{x=0.498100}>,CN(C)CCCO,O,openff-2.2.1,3,-1.259830451353288,0.0319630411478588,-2.706,0.029
30358,2638,dens_1781759734173902013,328,Density,<Substance CN(C)CCCO{solv}{x=0.501300}|O{solv}{x=0.498700}>,CN(C)CCCO,O,openff-2.2.1,3,0.9140458299323778,0.0002977923199827,0.9170700000000004,8.000000000000002e-05
30359,2639,dens_2299157616447228221,329,Density,<Substance CN(C)CCCO{solv}{x=0.800600}|O{solv}{x=0.199400}>,CN(C)CCCO,O,openff-2.2.1,3,0.9023285365479088,0.000354747846354,0.8915100000000002,9.500000000000002e-05
30360,2640,dhmix_157983773008192768,330,EnthalpyOfMixing,<Substance BrCCCBr{solv}{x=0.743200}|CCCCOC(=O)CCC{solv}{x=0.256800}>,BrCCCBr,CCCCOC(=O)CCC,openff-2.2.1,3,-0.3650532919826545,1.2720448105314533e-05,0.032,0.0005
30361,2641,dens_720277045338028885,331,Density,<Substance BrCCCBr{solv}{x=0.748700}|CCCCOC(=O)CCC{solv}{x=0.251300}>,BrCCCBr,CCCCOC(=O)CCC,openff-2.2.1,3,1.539048472041605,1e-05,1.5786600000000004,0.00038
30362,2642,dens_933248802608751708,332,Density,<Substance BrCCCBr{solv}{x=0.529700}|CCCCOC(=O)CCC{solv}{x=0.470300}>,BrCCCBr,CCCCOC(=O)CCC,openff-2.2.1,3,1.2929004056348046,1e-05,1.3159400000000003,0.000255
30363,2643,dens_1048925802213854204,333,Density,<Substance BrCCCBr{solv}{x=0.259100}|CCCCOC(=O)CCC{solv}{x=0.740900}>,BrCCCBr,CCCCOC(=O)CCC,openff-2.2.1,3,1.0473840401534695,1e-05,1.0598600000000002,0.000145
30364,2644,dhmix_1090642624443832057,334,EnthalpyOfMixing,<Substance BrCCCBr{solv}{x=0.241200}|CCCCOC(=O)CCC{solv}{x=0.758800}>,BrCCCBr,CCCCOC(=O)CCC,openff-2.2.1,3,-0.4316137680044107,1.2783434593253882e-05,-0.094,0.001
30365,2645,dhmix_1649688325270115073,335,EnthalpyOfMixing,<Substance BrCCCBr{solv}{x=0.466700}|CCCCOC(=O)CCC{solv}{x=0.533300}>,BrCCCBr,CCCCOC(=O)CCC,openff-2.2.1,3,-0.576559422592311,1.2256337136355218e-05,-0.091,0.001
30366,2646,dhmix_158101159957898775,336,EnthalpyOfMixing,<Substance CCCCCl{solv}{x=0.490000}|CN1CCCC1=O{solv}{x=0.510000}>,CCCCCl,CN1CCCC1=O,openff-2.2.1,3,0.7101305783589069,0.0379838752874563,0.152,0.002
30367,2647,dhmix_586880142396707079,337,EnthalpyOfMixing,<Substance CCCCCl{solv}{x=0.294000}|CN1CCCC1=O{solv}{x=0.706000}>,CCCCCl,CN1CCCC1=O,openff-2.2.1,3,0.5451894495641554,0.0460080186881768,0.145,0.002
30368,2648,dens_897975104490051322,338,Density,<Substance CCCCCl{solv}{x=0.296100}|CN1CCCC1=O{solv}{x=0.703900}>,CCCCCl,CN1CCCC1=O,openff-2.2.1,3,0.963843043687255,0.000232361185327,0.9862000000000004,0.0001
30369,2649,dens_1393365907116297965,339,Density,<Substance CCCCCl{solv}{x=0.702600}|CN1CCCC1=O{solv}{x=0.297400}>,CCCCCl,CN1CCCC1=O,openff-2.2.1,3,0.9067982892683236,0.0002699585920171,0.9268000000000002,0.0001
30370,2650,dhmix_1769887717174104485,340,EnthalpyOfMixing,<Substance CCCCCl{solv}{x=0.787000}|CN1CCCC1=O{solv}{x=0.213000}>,CCCCCl,CN1CCCC1=O,openff-2.2.1,3,0.4135225225366028,0.0404599951100202,0.081,0.002
30371,2651,dens_2070183543451797213,341,Density,<Substance CCCCCl{solv}{x=0.494800}|CN1CCCC1=O{solv}{x=0.505200}>,CCCCCl,CN1CCCC1=O,openff-2.2.1,3,0.9372541757617966,0.0002455132097898,0.9575000000000002,0.0001
30372,2652,dens_164369774990422412,342,Density,<Substance CC(C)O{solv}{x=0.764900}|CCOC=O{solv}{x=0.235100}>,CC(C)O,CCOC=O,openff-2.2.1,3,0.8295789164021544,1e-05,0.8088000000000002,0.00035
30373,2653,dens_200561035496770448,343,Density,<Substance CC(C)O{solv}{x=0.265100}|CCOC=O{solv}{x=0.734900}>,CC(C)O,CCOC=O,openff-2.2.1,3,0.9007038740218609,1e-05,0.8710000000000002,0.0003
30374,2654,dens_1124622586228643363,344,Density,<Substance CC(C)O{solv}{x=0.441300}|CCOC=O{solv}{x=0.558700}>,CC(C)O,CCOC=O,openff-2.2.1,3,0.8748895718107256,1e-05,0.8482000000000003,0.00035
30375,2655,dens_166030075147825025,345,Density,<Substance Clc1ccccc1{solv}{x=0.467900}|c1ccccc1{solv}{x=0.532100}>,Clc1ccccc1,c1ccccc1,openff-2.2.1,3,0.9764857404746564,0.0002735447671848,0.9877000000000002,0.00025
30376,2656,dens_796537469137871297,346,Density,<Substance Clc1ccccc1{solv}{x=0.735800}|c1ccccc1{solv}{x=0.264200}>,Clc1ccccc1,c1ccccc1,openff-2.2.1,3,1.0389224372898178,0.0003188755871244,1.0465000000000002,0.0002
30377,2657,dhmix_1485547099225054006,347,EnthalpyOfMixing,<Substance Clc1ccccc1{solv}{x=0.777700}|c1ccccc1{solv}{x=0.222300}>,Clc1ccccc1,c1ccccc1,openff-2.2.1,3,-0.0354337315138906,0.039758424628643,-0.0036,0.0004
30378,2658,dhmix_1808283008183194060,348,EnthalpyOfMixing,<Substance Clc1ccccc1{solv}{x=0.225800}|c1ccccc1{solv}{x=0.774200}>,Clc1ccccc1,c1ccccc1,openff-2.2.1,3,-0.0133549817390346,0.0326560758674563,-0.0046,0.0004
30379,2659,dhmix_2008892820486470381,349,EnthalpyOfMixing,<Substance Clc1ccccc1{solv}{x=0.466600}|c1ccccc1{solv}{x=0.533400}>,Clc1ccccc1,c1ccccc1,openff-2.2.1,3,-0.0022493695618024,0.03784037007749,-0.0057,0.0004
30380,2660,dens_2142546524113318099,350,Density,<Substance Clc1ccccc1{solv}{x=0.293100}|c1ccccc1{solv}{x=0.706900}>,Clc1ccccc1,c1ccccc1,openff-2.2.1,3,0.932949633559842,0.000307453314838,0.9468000000000002,0.00025
30381,2661,dhmix_166527628917371560,351,EnthalpyOfMixing,<Substance CCCCCC(C)=O{solv}{x=0.500700}|CCCNCCC{solv}{x=0.499300}>,CCCCCC(C)=O,CCCNCCC,openff-2.2.1,3,-0.1765752521057066,0.0526012039975543,0.162,0.002
30382,2662,dhmix_181797488552739205,352,EnthalpyOfMixing,<Substance CCCCCC(C)=O{solv}{x=0.213200}|CCCNCCC{solv}{x=0.786800}>,CCCCCC(C)=O,CCCNCCC,openff-2.2.1,3,-0.1083799514871231,0.0523181598346244,0.137,0.0015
30383,2663,dens_286521458049436805,353,Density,<Substance CCCCCC(C)=O{solv}{x=0.542700}|CCCNCCC{solv}{x=0.457300}>,CCCCCC(C)=O,CCCNCCC,openff-2.2.1,3,0.767284980006723,0.0002050535253757,0.7766620000000002,0.0001215
30384,2664,dens_740930494074770103,354,Density,<Substance CCCCCC(C)=O{solv}{x=0.252600}|CCCNCCC{solv}{x=0.747400}>,CCCCCC(C)=O,CCCNCCC,openff-2.2.1,3,0.74791604990132,0.0001998123889142,0.7540050000000001,0.0001215
30385,2665,dhmix_1180133264815330249,355,EnthalpyOfMixing,<Substance CCCCCC(C)=O{solv}{x=0.788000}|CCCNCCC{solv}{x=0.212000}>,CCCCCC(C)=O,CCCNCCC,openff-2.2.1,3,-0.0534503560739239,0.0418813508259239,0.088,0.001
30386,2666,dens_1237727796782189302,356,Density,<Substance CCCCCC(C)=O{solv}{x=0.741800}|CCCNCCC{solv}{x=0.258200}>,CCCCCC(C)=O,CCCNCCC,openff-2.2.1,3,0.7797307708015703,0.0001870633568812,0.7918920000000003,0.00012
30387,2667,dens_168376639142843665,357,Density,<Substance BrCCBr{solv}{x=0.084500}|CCOC(=O)CC{solv}{x=0.915500}>,BrCCBr,CCOC(=O)CC,openff-2.2.1,3,0.962517711072155,0.0002320068219284,0.9671200000000002,0.001185
30388,2668,dhmix_897092526028522426,358,EnthalpyOfMixing,<Substance BrCCBr{solv}{x=0.753700}|CCOC(=O)CC{solv}{x=0.246300}>,BrCCBr,CCOC(=O)CC,openff-2.2.1,3,-0.3090594709541658,0.0348888709380586,0.0052,0.0008
30389,2669,dhmix_1078383344298013541,359,EnthalpyOfMixing,<Substance BrCCBr{solv}{x=0.084100}|CCOC(=O)CC{solv}{x=0.915900}>,BrCCBr,CCOC(=O)CC,openff-2.2.1,3,-0.1843976800809814,0.0476595567428615,-0.0683,0.0014
30390,2670,dhmix_1103515663691342839,360,EnthalpyOfMixing,<Substance BrCCBr{solv}{x=0.514000}|CCOC(=O)CC{solv}{x=0.486000}>,BrCCBr,CCOC(=O)CC,openff-2.2.1,3,-0.5010010492433725,0.0355888069349086,-0.1259,0.00205
30391,2671,dens_1193015082780501702,361,Density,<Substance BrCCBr{solv}{x=0.484400}|CCOC(=O)CC{solv}{x=0.515600}>,BrCCBr,CCOC(=O)CC,openff-2.2.1,3,1.397237385434747,0.0003679248494948,1.4136000000000002,0.001165
30392,2672,dens_1660732943693703463,362,Density,<Substance BrCCBr{solv}{x=0.714800}|CCOC(=O)CC{solv}{x=0.285200}>,BrCCBr,CCOC(=O)CC,openff-2.2.1,3,1.6910740866900709,0.0005195303069269,1.7205300000000003,0.000985
30393,2673,dens_172622055198885625,363,Density,<Substance CCCCOCCO{solv}{x=0.499500}|c1ccccc1{solv}{x=0.500500}>,CCCCOCCO,c1ccccc1,openff-2.2.1,3,0.8750920625569285,0.0002479092385121,0.8864700000000002,0.000795
30394,2674,dens_615182082919776992,364,Density,<Substance CCCCOCCO{solv}{x=0.753500}|c1ccccc1{solv}{x=0.246500}>,CCCCOCCO,c1ccccc1,openff-2.2.1,3,0.8831118178459112,0.0002197741213552,0.8924600000000003,0.00077
30395,2675,dens_1014762781474427089,365,Density,<Substance CCCCOCCO{solv}{x=0.248800}|c1ccccc1{solv}{x=0.751200}>,CCCCOCCO,c1ccccc1,openff-2.2.1,3,0.8657945234309495,0.0002391929075783,0.8790000000000002,0.00083
30396,2676,dhmix_1209838039340638454,366,EnthalpyOfMixing,<Substance CCCCOCCO{solv}{x=0.729700}|c1ccccc1{solv}{x=0.270300}>,CCCCOCCO,c1ccccc1,openff-2.2.1,3,0.2000436014498205,0.0513047051883418,0.3037,0.00335
30397,2677,dhmix_1416395432810708431,367,EnthalpyOfMixing,<Substance CCCCOCCO{solv}{x=0.266500}|c1ccccc1{solv}{x=0.733500}>,CCCCOCCO,c1ccccc1,openff-2.2.1,3,0.48341169701078,0.0445656440534865,0.6895,0.00745
30398,2678,dhmix_1775479338186698605,368,EnthalpyOfMixing,<Substance CCCCOCCO{solv}{x=0.503000}|c1ccccc1{solv}{x=0.497000}>,CCCCOCCO,c1ccccc1,openff-2.2.1,3,0.3901541103039108,0.0459447758435457,0.5563,0.00605
30399,2679,dens_173950346939686352,369,Density,<Substance CCOC(=O)CC(=O)OCC{solv}{x=0.797800}|CO{solv}{x=0.202200}>,CCOC(=O)CC(=O)OCC,CO,openff-2.2.1,3,1.0423709109938086,0.0002331559520682,1.0336070000000002,0.0001155
30400,2680,dhmix_796570713446660029,370,EnthalpyOfMixing,<Substance CCOC(=O)CC(=O)OCC{solv}{x=0.745300}|CO{solv}{x=0.254700}>,CCOC(=O)CC(=O)OCC,CO,openff-2.2.1,3,0.7527214458238802,0.048949476391185,1.184,0.013
30401,2681,dhmix_1053189657313504079,371,EnthalpyOfMixing,<Substance CCOC(=O)CC(=O)OCC{solv}{x=0.499300}|CO{solv}{x=0.500700}>,CCOC(=O)CC(=O)OCC,CO,openff-2.2.1,3,1.0661292870545651,0.038655440199187,1.426,0.0155
30402,2682,dens_1109796780897697143,372,Density,<Substance CCOC(=O)CC(=O)OCC{solv}{x=0.500400}|CO{solv}{x=0.499600}>,CCOC(=O)CC(=O)OCC,CO,openff-2.2.1,3,1.000510347972943,0.0002361282548856,0.9962350000000002,9.150000000000002e-05
30403,2683,dens_1145191816882985532,373,Density,<Substance CCOC(=O)CC(=O)OCC{solv}{x=0.250100}|CO{solv}{x=0.749900}>,CCOC(=O)CC(=O)OCC,CO,openff-2.2.1,3,0.9319285162732616,0.0002925837239904,0.9355040000000002,0.0001385
30404,2684,dhmix_1394433819711651760,374,EnthalpyOfMixing,<Substance CCOC(=O)CC(=O)OCC{solv}{x=0.251500}|CO{solv}{x=0.748500}>,CCOC(=O)CC(=O)OCC,CO,openff-2.2.1,3,0.8675002773780562,0.0343383147266428,1.083,0.0115
30405,2685,dhmix_176700813960387714,375,EnthalpyOfMixing,<Substance CC(=O)N(C)C{solv}{x=0.211000}|ClCCCCCl{solv}{x=0.789000}>,CC(=O)N(C)C,ClCCCCCl,openff-2.2.1,3,0.0865840752897497,0.0388215685574171,-0.188,0.0025
30406,2686,dhmix_422276068008732896,376,EnthalpyOfMixing,<Substance CC(=O)N(C)C{solv}{x=0.506000}|ClCCCCCl{solv}{x=0.494000}>,CC(=O)N(C)C,ClCCCCCl,openff-2.2.1,3,0.1077635566809256,0.0408353276328768,-0.314,0.0025
30407,2687,dhmix_591740475541975327,377,EnthalpyOfMixing,<Substance CC(=O)N(C)C{solv}{x=0.705000}|ClCCCCCl{solv}{x=0.295000}>,CC(=O)N(C)C,ClCCCCCl,openff-2.2.1,3,0.0964205123810719,0.0396326510420153,-0.281,0.0025
30408,2688,dens_600718364672681210,378,Density,<Substance CC(=O)N(C)C{solv}{x=0.200100}|ClCCCCCl{solv}{x=0.799900}>,CC(=O)N(C)C,ClCCCCCl,openff-2.2.1,3,1.0788517373984974,0.0002733405631091,1.0978,0.0023
30409,2689,dens_833309518494254389,379,Density,<Substance CC(=O)N(C)C{solv}{x=0.698700}|ClCCCCCl{solv}{x=0.301300}>,CC(=O)N(C)C,ClCCCCCl,openff-2.2.1,3,0.9708474981285358,0.0002468486260648,1.0011000000000003,0.0023
30410,2690,dens_1473570029953486090,380,Density,<Substance CC(=O)N(C)C{solv}{x=0.500900}|ClCCCCCl{solv}{x=0.499100}>,CC(=O)N(C)C,ClCCCCCl,openff-2.2.1,3,1.0163141484145215,0.0002761196381497,1.0407000000000004,0.00225
30411,2691,dens_176740025668330569,381,Density,<Substance C1CCCCC1{solv}{x=0.499400}|C1COCCO1{solv}{x=0.500600}>,C1CCCCC1,C1COCCO1,openff-2.2.1,3,0.8675585846437563,0.0002241362343521,0.8769800000000002,8.500000000000002e-05
30412,2692,dens_476825312331327209,382,Density,<Substance C1CCCCC1{solv}{x=0.297200}|C1COCCO1{solv}{x=0.702800}>,C1CCCCC1,C1COCCO1,openff-2.2.1,3,0.925445492525088,0.0002406109139933,0.9312200000000004,7.000000000000002e-05
30413,2693,dens_985438980823024302,383,Density,<Substance C1CCCCC1{solv}{x=0.699700}|C1COCCO1{solv}{x=0.300300}>,C1CCCCC1,C1COCCO1,openff-2.2.1,3,0.8148642708031898,0.0002112220814945,0.8305800000000002,0.0001
30414,2694,dhmix_1624213860575299641,384,EnthalpyOfMixing,<Substance C1CCCCC1{solv}{x=0.492800}|C1COCCO1{solv}{x=0.507200}>,C1CCCCC1,C1COCCO1,openff-2.2.1,3,1.9498945246092347,0.0426761740154515,1.588,0.008
30415,2695,dhmix_1900199136965747019,385,EnthalpyOfMixing,<Substance C1CCCCC1{solv}{x=0.239400}|C1COCCO1{solv}{x=0.760600}>,C1CCCCC1,C1COCCO1,openff-2.2.1,3,1.4287140978232316,0.0447325710894182,1.124,0.007
30416,2696,dhmix_2022274493214392184,386,EnthalpyOfMixing,<Substance C1CCCCC1{solv}{x=0.744200}|C1COCCO1{solv}{x=0.255800}>,C1CCCCC1,C1COCCO1,openff-2.2.1,3,1.642865357618433,0.0393180416556024,1.262,0.007
30417,2697,dhmix_182795551078530810,387,EnthalpyOfMixing,<Substance C1COCCO1{solv}{x=0.491200}|Cc1ccccc1Cl{solv}{x=0.508800}>,C1COCCO1,Cc1ccccc1Cl,openff-2.2.1,3,0.3723971592634001,0.0328986783690185,0.356,0.002
30418,2698,dens_242592003865933955,388,Density,<Substance C1COCCO1{solv}{x=0.835700}|Cc1ccccc1Cl{solv}{x=0.164300}>,C1COCCO1,Cc1ccccc1Cl,openff-2.2.1,3,1.0254216005541048,0.0002965170485831,1.0256,0.0005
30419,2699,dens_810150133181620718,389,Density,<Substance C1COCCO1{solv}{x=0.513600}|Cc1ccccc1Cl{solv}{x=0.486400}>,C1COCCO1,Cc1ccccc1Cl,openff-2.2.1,3,1.0514229487923936,0.0002897299428966,1.0536,0.0005
30420,2700,dhmix_1949119093643648586,390,EnthalpyOfMixing,<Substance C1COCCO1{solv}{x=0.246200}|Cc1ccccc1Cl{solv}{x=0.753800}>,C1COCCO1,Cc1ccccc1Cl,openff-2.2.1,3,0.2791783565501617,0.0423448321979438,0.206,0.001
30421,2701,dens_2161584607380261748,391,Density,<Substance C1COCCO1{solv}{x=0.226300}|Cc1ccccc1Cl{solv}{x=0.773700}>,C1COCCO1,Cc1ccccc1Cl,openff-2.2.1,3,1.0610455080276788,0.0002647335533343,1.0674000000000003,0.0005
30422,2702,dhmix_2190589845176325501,392,EnthalpyOfMixing,<Substance C1COCCO1{solv}{x=0.835700}|Cc1ccccc1Cl{solv}{x=0.164300}>,C1COCCO1,Cc1ccccc1Cl,openff-2.2.1,3,0.1958351843138501,0.0451059919244246,0.244,0.0015
30423,2703,dens_194492664772262961,393,Density,<Substance CCCOC=O{solv}{x=0.479500}|ClCCCl{solv}{x=0.520500}>,CCCOC=O,ClCCCl,openff-2.2.1,3,1.0603264901458638,0.0003662238456377,1.0603100000000003,0.00196
30424,2704,dhmix_438833720470542962,394,EnthalpyOfMixing,<Substance CCCOC=O{solv}{x=0.738500}|ClCCCl{solv}{x=0.261500}>,CCCOC=O,ClCCCl,openff-2.2.1,3,0.0947775288561061,0.0410341012149795,-0.205,0.0025
30425,2705,dens_598528978367940263,395,Density,<Substance CCCOC=O{solv}{x=0.254300}|ClCCCl{solv}{x=0.745700}>,CCCOC=O,ClCCCl,openff-2.2.1,3,1.1295879328047371,0.0004584659659175,1.1418800000000005,0.002835
30426,2706,dens_822197650497048256,396,Density,<Substance CCCOC=O{solv}{x=0.728100}|ClCCCl{solv}{x=0.271900}>,CCCOC=O,ClCCCl,openff-2.2.1,3,0.9883349971819908,0.0003081159121916,0.9794600000000002,0.001275
30427,2707,dhmix_1971772628311560569,397,EnthalpyOfMixing,<Substance CCCOC=O{solv}{x=0.503500}|ClCCCl{solv}{x=0.496500}>,CCCOC=O,ClCCCl,openff-2.2.1,3,0.0220948814426691,0.034771665529853,-0.254,0.003
30428,2708,dhmix_2087301877194561078,398,EnthalpyOfMixing,<Substance CCCOC=O{solv}{x=0.273300}|ClCCCl{solv}{x=0.726700}>,CCCOC=O,ClCCCl,openff-2.2.1,3,0.0898091360574859,0.0338663364534142,-0.154,0.002
30429,2709,dens_196547737404430199,399,Density,<Substance CCC(C)(C)O{solv}{x=0.258400}|CCO{solv}{x=0.741600}>,CCC(C)(C)O,CCO,openff-2.2.1,3,0.7989861045073821,0.0002923719792506,0.7933000000000001,0.0005
30430,2710,dens_476512869308734578,400,Density,<Substance CCC(C)(C)O{solv}{x=0.549500}|CCO{solv}{x=0.450500}>,CCC(C)(C)O,CCO,openff-2.2.1,3,0.8108774733335318,0.0002313582474563,0.8018000000000002,0.0005
30431,2711,dens_822446541953482206,401,Density,<Substance CCC(C)(C)O{solv}{x=0.676500}|CCO{solv}{x=0.323500}>,CCC(C)(C)O,CCO,openff-2.2.1,3,0.8142002764186226,0.0002707708790299,0.8048000000000002,0.0005
30432,2712,dhmix_935690434592096067,402,EnthalpyOfMixing,<Substance CCC(C)(C)O{solv}{x=0.460700}|CCO{solv}{x=0.539300}>,CCC(C)(C)O,CCO,openff-2.2.1,3,-0.6420822717632177,0.0423966583189442,-0.95,0.00405
30433,2713,dhmix_1167190373485301023,403,EnthalpyOfMixing,<Substance CCC(C)(C)O{solv}{x=0.730600}|CCO{solv}{x=0.269400}>,CCC(C)(C)O,CCO,openff-2.2.1,3,-0.8327707732529861,0.0579378247800478,-0.7709,0.00335
30434,2714,dhmix_1275914601266938667,404,EnthalpyOfMixing,<Substance CCC(C)(C)O{solv}{x=0.280700}|CCO{solv}{x=0.719300}>,CCC(C)(C)O,CCO,openff-2.2.1,3,-0.5993694318903029,0.0375823147065546,-0.7056,0.0031
30435,2715,dens_196896428021674416,405,Density,<Substance OCCCCO{solv}{x=0.250400}|O{solv}{x=0.749600}>,O,OCCCCO,openff-2.2.1,3,1.0045920923536795,1e-05,1.0206500000000005,0.000165
30436,2716,dhmix_204758826312645465,406,EnthalpyOfMixing,<Substance OCCCCO{solv}{x=0.498600}|O{solv}{x=0.501400}>,O,OCCCCO,openff-2.2.1,3,0.5770815266475093,0.037517083196466,-0.882,0.011
30437,2717,dens_523660418548538159,407,Density,<Substance OCCCCO{solv}{x=0.502000}|O{solv}{x=0.498000}>,O,OCCCCO,openff-2.2.1,3,1.0127194065973073,1e-05,1.0207100000000002,0.000175
30438,2718,dhmix_1424462945700338266,408,EnthalpyOfMixing,<Substance OCCCCO{solv}{x=0.794700}|O{solv}{x=0.205300}>,O,OCCCCO,openff-2.2.1,3,0.6384368591872231,0.0621078233695102,-0.513,0.007
30439,2719,dhmix_2166372532060643622,409,EnthalpyOfMixing,<Substance OCCCCO{solv}{x=0.265800}|O{solv}{x=0.734200}>,O,OCCCCO,openff-2.2.1,3,0.5988655527519882,0.0321839049945366,-0.896,0.0115
30440,2720,dens_2215793475715067258,410,Density,<Substance OCCCCO{solv}{x=0.752800}|O{solv}{x=0.247200}>,O,OCCCCO,openff-2.2.1,3,1.016711054517103,1e-05,1.0165900000000003,0.00018
30441,2721,dhmix_199788824133179829,411,EnthalpyOfMixing,<Substance CNc1ccccc1{solv}{x=0.497300}|Cc1ccccc1{solv}{x=0.502700}>,CNc1ccccc1,Cc1ccccc1,openff-2.2.1,3,0.9442841495729156,0.040067955099878,0.497,0.0055
30442,2722,dens_515118724178190757,412,Density,<Substance CNc1ccccc1{solv}{x=0.740700}|Cc1ccccc1{solv}{x=0.259300}>,CNc1ccccc1,Cc1ccccc1,openff-2.2.1,3,0.9510399250350466,0.0002057185404455,0.9531280000000004,0.0002595
30443,2723,dens_730775902780400634,413,Density,<Substance CNc1ccccc1{solv}{x=0.245200}|Cc1ccccc1{solv}{x=0.754800}>,CNc1ccccc1,Cc1ccccc1,openff-2.2.1,3,0.8799755342555424,0.0002164269312545,0.8935250000000002,0.000118
30444,2724,dhmix_1213795502778853356,414,EnthalpyOfMixing,<Substance CNc1ccccc1{solv}{x=0.295200}|Cc1ccccc1{solv}{x=0.704800}>,CNc1ccccc1,Cc1ccccc1,openff-2.2.1,3,0.770136967866911,0.0409508008136056,0.459,0.005
30445,2725,dhmix_1321810550349826496,415,EnthalpyOfMixing,<Substance CNc1ccccc1{solv}{x=0.789200}|Cc1ccccc1{solv}{x=0.210800}>,CNc1ccccc1,Cc1ccccc1,openff-2.2.1,3,0.7533645890040184,0.0528550444350513,0.287,0.003
30446,2726,dens_2156484405108449314,416,Density,<Substance CNc1ccccc1{solv}{x=0.490000}|Cc1ccccc1{solv}{x=0.510000}>,CNc1ccccc1,Cc1ccccc1,openff-2.2.1,3,0.9158608896845832,0.0002087734463088,0.9235800000000004,0.000164
30447,2727,dens_199829369486957606,417,Density,<Substance CC#N{solv}{x=0.200300}|c1ccccc1{solv}{x=0.799700}>,CC#N,c1ccccc1,openff-2.2.1,3,0.8467834748182577,0.0002844157942645,0.8623400000000002,7.000000000000002e-05
30448,2728,dhmix_217315956534335620,418,EnthalpyOfMixing,<Substance CC#N{solv}{x=0.771500}|c1ccccc1{solv}{x=0.228500}>,CC#N,c1ccccc1,openff-2.2.1,3,0.0484730363238661,0.021443468056183,0.3988,0.00815
30449,2729,dhmix_730497723685339496,419,EnthalpyOfMixing,<Substance CC#N{solv}{x=0.219600}|c1ccccc1{solv}{x=0.780400}>,CC#N,c1ccccc1,openff-2.2.1,3,0.0467084372160258,0.039700562649067,0.2399,0.00495
30450,2730,dhmix_1038591828122641798,420,EnthalpyOfMixing,<Substance CC#N{solv}{x=0.529500}|c1ccccc1{solv}{x=0.470500}>,CC#N,c1ccccc1,openff-2.2.1,3,-0.0318866704345914,0.0298481700647594,0.4415,0.00905
30451,2731,dens_1457706963514561052,421,Density,<Substance CC#N{solv}{x=0.500100}|c1ccccc1{solv}{x=0.499900}>,CC#N,c1ccccc1,openff-2.2.1,3,0.8281348763809625,0.0002458043641615,0.8384600000000002,7.500000000000002e-05
30452,2732,dens_2111393000623474162,422,Density,<Substance CC#N{solv}{x=0.700200}|c1ccccc1{solv}{x=0.299800}>,CC#N,c1ccccc1,openff-2.2.1,3,0.810407555313084,0.0002994151669081,0.8174500000000002,7.500000000000002e-05
30453,2733,dens_201591193434833206,423,Density,<Substance CC(C)CC(C)(C)C{solv}{x=0.082400}|CCO{solv}{x=0.917600}>,CC(C)CC(C)(C)C,CCO,openff-2.2.1,3,0.7598869707154503,0.0003631081241573,0.7605800000000003,0.000125
30454,2734,dhmix_371477530823830451,424,EnthalpyOfMixing,<Substance CC(C)CC(C)(C)C{solv}{x=0.761700}|CCO{solv}{x=0.238300}>,CC(C)CC(C)(C)C,CCO,openff-2.2.1,3,0.9509344951927404,0.0477740156699047,0.634022,0.006851
30455,2735,dhmix_1127868571780691876,425,EnthalpyOfMixing,<Substance CC(C)CC(C)(C)C{solv}{x=0.515800}|CCO{solv}{x=0.484200}>,CC(C)CC(C)(C)C,CCO,openff-2.2.1,3,0.9220048232591438,0.0444196777774562,0.638973,0.006903
30456,2736,dens_1250915879314267304,426,Density,<Substance CC(C)CC(C)(C)C{solv}{x=0.493740}|CCO{solv}{x=0.506260}>,CC(C)CC(C)(C)C,CCO,openff-2.2.1,3,0.7208222397529905,0.0002425766827284,0.7110500000000001,7.500000000000002e-05
30457,2737,dens_1473791133383705310,427,Density,<Substance CC(C)CC(C)(C)C{solv}{x=0.735960}|CCO{solv}{x=0.264040}>,CC(C)CC(C)(C)C,CCO,openff-2.2.1,3,0.7096863814165512,0.000158216734872,0.6967900000000001,7.500000000000002e-05
30458,2738,dhmix_1870637719976274804,428,EnthalpyOfMixing,<Substance CC(C)CC(C)(C)C{solv}{x=0.081500}|CCO{solv}{x=0.918500}>,CC(C)CC(C)(C)C,CCO,openff-2.2.1,3,0.40100974532346,0.0380154496617023,0.197762,0.0022405
30459,2739,dens_202472488934755108,429,Density,<Substance CCC#N{solv}{x=0.301800}|CCOC(C)(C)C{solv}{x=0.698200}>,CCC#N,CCOC(C)(C)C,openff-2.2.1,3,0.7554935889349628,0.0002134962838677,0.7455000000000002,0.0002
30460,2740,dens_266175665931869051,430,Density,<Substance CCC#N{solv}{x=0.701400}|CCOC(C)(C)C{solv}{x=0.298600}>,CCC#N,CCOC(C)(C)C,openff-2.2.1,3,0.7667702082521983,0.0002394429762448,0.7617000000000003,0.00035
30461,2741,dhmix_801664072836508009,431,EnthalpyOfMixing,<Substance CCC#N{solv}{x=0.301800}|CCOC(C)(C)C{solv}{x=0.698200}>,CCC#N,CCOC(C)(C)C,openff-2.2.1,3,0.1259365322483141,0.0373155757399716,0.4557,0.0062
30462,2742,dhmix_1220778152018571786,432,EnthalpyOfMixing,<Substance CCC#N{solv}{x=0.501400}|CCOC(C)(C)C{solv}{x=0.498600}>,CCC#N,CCOC(C)(C)C,openff-2.2.1,3,0.1189927263021566,0.0365663344070486,0.5053,0.00685
30463,2743,dhmix_1838699488178562925,433,EnthalpyOfMixing,<Substance CCC#N{solv}{x=0.701400}|CCOC(C)(C)C{solv}{x=0.298600}>,CCC#N,CCOC(C)(C)C,openff-2.2.1,3,0.1480090882850202,0.0382008453858583,0.4078,0.0056
30464,2744,dens_1870081876609026392,434,Density,<Substance CCC#N{solv}{x=0.501400}|CCOC(C)(C)C{solv}{x=0.498600}>,CCC#N,CCOC(C)(C)C,openff-2.2.1,3,0.7609241061348313,0.0002485791501649,0.7532000000000002,0.0003
30465,2745,dens_205210513551931414,435,Density,<Substance CCCC#N{solv}{x=0.200000}|c1ccccc1{solv}{x=0.800000}>,CCCC#N,c1ccccc1,openff-2.2.1,3,0.8415549676015932,0.0002519016466722,0.8576940000000002,5.400000000000001e-05
30466,2746,dens_841576887891022329,436,Density,<Substance CCCC#N{solv}{x=0.500000}|c1ccccc1{solv}{x=0.500000}>,CCCC#N,c1ccccc1,openff-2.2.1,3,0.820238234357971,0.0002619034752907,0.8318550000000002,5.8000000000000014e-05
30467,2747,dhmix_901910638840590393,437,EnthalpyOfMixing,<Substance CCCC#N{solv}{x=0.503700}|c1ccccc1{solv}{x=0.496300}>,CCCC#N,c1ccccc1,openff-2.2.1,3,-0.0963182038578125,0.0342518914995355,-0.0659,0.00145
30468,2748,dhmix_1123099162248680479,438,EnthalpyOfMixing,<Substance CCCC#N{solv}{x=0.752800}|c1ccccc1{solv}{x=0.247200}>,CCCC#N,c1ccccc1,openff-2.2.1,3,-0.0209025995314888,0.0343684067783109,-0.0312,0.0008
30469,2749,dhmix_1318990508180847616,439,EnthalpyOfMixing,<Substance CCCC#N{solv}{x=0.252800}|c1ccccc1{solv}{x=0.747200}>,CCCC#N,c1ccccc1,openff-2.2.1,3,-0.1082421612912369,0.0384912101971798,-0.0571,0.00125
30470,2750,dens_1950627772023797339,440,Density,<Substance CCCC#N{solv}{x=0.700000}|c1ccccc1{solv}{x=0.300000}>,CCCC#N,c1ccccc1,openff-2.2.1,3,0.8058581491211761,0.0002376449046182,0.8138540000000002,6.100000000000001e-05
30471,2751,dhmix_207411229673186667,441,EnthalpyOfMixing,<Substance CC(C)(C)Cl{solv}{x=0.774700}|CC(C)OC(C)C{solv}{x=0.225300}>,CC(C)(C)Cl,CC(C)OC(C)C,openff-2.2.1,3,-0.066745636284871,0.0430914231148219,0.0035,0.0004
30472,2752,dhmix_263164663491745943,442,EnthalpyOfMixing,<Substance CC(C)(C)Cl{solv}{x=0.551200}|CC(C)OC(C)C{solv}{x=0.448800}>,CC(C)(C)Cl,CC(C)OC(C)C,openff-2.2.1,3,-0.0574739944873243,0.0418972777205008,0.0071,0.0004
30473,2753,dens_1527979990628499053,443,Density,<Substance CC(C)(C)Cl{solv}{x=0.514800}|CC(C)OC(C)C{solv}{x=0.485200}>,CC(C)(C)Cl,CC(C)OC(C)C,openff-2.2.1,3,0.7888102334859836,0.0002761560294941,0.7723510000000002,0.00042
30474,2754,dens_1616242241384486673,444,Density,<Substance CC(C)(C)Cl{solv}{x=0.715200}|CC(C)OC(C)C{solv}{x=0.284800}>,CC(C)(C)Cl,CC(C)OC(C)C,openff-2.2.1,3,0.8147746787822387,0.0002372083937981,0.7971450000000002,0.0003945
30475,2755,dens_2075469437997722238,445,Density,<Substance CC(C)(C)Cl{solv}{x=0.199100}|CC(C)OC(C)C{solv}{x=0.800900}>,CC(C)(C)Cl,CC(C)OC(C)C,openff-2.2.1,3,0.7527561909269382,0.0002626265147852,0.7376660000000003,0.0004545
30476,2756,dhmix_2101531043492089277,446,EnthalpyOfMixing,<Substance CC(C)(C)Cl{solv}{x=0.219200}|CC(C)OC(C)C{solv}{x=0.780800}>,CC(C)(C)Cl,CC(C)OC(C)C,openff-2.2.1,3,0.0182916234513683,0.0502548997647798,0.007,0.0004
30477,2757,dens_210389881425986721,447,Density,<Substance C1COCO1{solv}{x=0.785000}|CCCCCC(C)=O{solv}{x=0.215000}>,C1COCO1,CCCCCC(C)=O,openff-2.2.1,3,0.9846894372616048,0.0002608238577841,0.9696500000000002,0.0003
30478,2758,dhmix_503329310014436107,448,EnthalpyOfMixing,<Substance C1COCO1{solv}{x=0.750000}|CCCCCC(C)=O{solv}{x=0.250000}>,C1COCO1,CCCCCC(C)=O,openff-2.2.1,3,0.4732151826457311,0.0380449307757972,0.37402,0.001955
30479,2759,dens_824084186033535550,449,Density,<Substance C1COCO1{solv}{x=0.507100}|CCCCCC(C)=O{solv}{x=0.492900}>,C1COCO1,CCCCCC(C)=O,openff-2.2.1,3,0.8931303789358167,0.0002309228798711,0.8936300000000003,0.00034
30480,2760,dens_839548343309182157,450,Density,<Substance C1COCO1{solv}{x=0.244000}|CCCCCC(C)=O{solv}{x=0.756000}>,C1COCO1,CCCCCC(C)=O,openff-2.2.1,3,0.8343774885577309,0.0001839763290009,0.8445200000000002,0.00038
30481,2761,dhmix_1519451899562488304,451,EnthalpyOfMixing,<Substance C1COCO1{solv}{x=0.250000}|CCCCCC(C)=O{solv}{x=0.750000}>,C1COCO1,CCCCCC(C)=O,openff-2.2.1,3,0.3818764023334537,0.049760978998033,0.2754,0.00155
30482,2762,dhmix_1874814461447958752,452,EnthalpyOfMixing,<Substance C1COCO1{solv}{x=0.500000}|CCCCCC(C)=O{solv}{x=0.500000}>,C1COCO1,CCCCCC(C)=O,openff-2.2.1,3,0.5400490033498428,0.0427523729288188,0.43148,0.00217
30483,2763,dhmix_219236717194413479,453,EnthalpyOfMixing,<Substance CCOc1ccccc1{solv}{x=0.762500}|OCCCc1ccccc1{solv}{x=0.237500}>,CCOc1ccccc1,OCCCc1ccccc1,openff-2.2.1,3,0.9472453952601114,0.0466055298930085,1.1164,0.01195
30484,2764,dens_391027492102555874,454,Density,<Substance CCOc1ccccc1{solv}{x=0.515000}|OCCCc1ccccc1{solv}{x=0.485000}>,CCOc1ccccc1,OCCCc1ccccc1,openff-2.2.1,3,0.959217223840499,0.0002326463377893,0.9715100000000002,0.00026
30485,2765,dens_603450583692592837,455,Density,<Substance CCOc1ccccc1{solv}{x=0.707400}|OCCCc1ccccc1{solv}{x=0.292600}>,CCOc1ccccc1,OCCCc1ccccc1,openff-2.2.1,3,0.9522816749847386,0.0001701791824841,0.9634300000000002,0.00026
30486,2766,dhmix_1297428070131435744,456,EnthalpyOfMixing,<Substance CCOc1ccccc1{solv}{x=0.516900}|OCCCc1ccccc1{solv}{x=0.483100}>,CCOc1ccccc1,OCCCc1ccccc1,openff-2.2.1,3,1.08706346880588,0.0514788046193898,0.989,0.0106
30487,2767,dens_1659818614169719187,457,Density,<Substance CCOc1ccccc1{solv}{x=0.216400}|OCCCc1ccccc1{solv}{x=0.783600}>,CCOc1ccccc1,OCCCc1ccccc1,openff-2.2.1,3,0.9711517469309549,0.0002147722672544,0.9832000000000004,0.00026
30488,2768,dhmix_2058966624473104004,458,EnthalpyOfMixing,<Substance CCOc1ccccc1{solv}{x=0.262900}|OCCCc1ccccc1{solv}{x=0.737100}>,CCOc1ccccc1,OCCCc1ccccc1,openff-2.2.1,3,0.6215488914719884,0.0521733504914569,0.7,0.00755
30489,2769,dhmix_224977805525763267,459,EnthalpyOfMixing,<Substance OCCO{solv}{x=0.519300}|O{solv}{x=0.480700}>,O,OCCO,openff-2.2.1,3,0.0625663209123139,0.0351971316385392,-0.64,0.0035
30490,2770,dhmix_454389511592218960,460,EnthalpyOfMixing,<Substance OCCO{solv}{x=0.790900}|O{solv}{x=0.209100}>,O,OCCO,openff-2.2.1,3,0.1035282529350176,0.0405890678005797,-0.347,0.0025
30491,2771,dens_624011570206871166,461,Density,<Substance OCCO{solv}{x=0.500560}|O{solv}{x=0.499440}>,O,OCCO,openff-2.2.1,3,1.0879686971972575,0.0003839601473594,1.0923200000000002,0.0005
30492,2772,dhmix_997365299263661959,462,EnthalpyOfMixing,<Substance OCCO{solv}{x=0.205100}|O{solv}{x=0.794900}>,O,OCCO,openff-2.2.1,3,0.1816715466696798,0.0241853383417197,-0.681,0.004
30493,2773,dens_1521229282261002740,463,Density,<Substance OCCO{solv}{x=0.299010}|O{solv}{x=0.700990}>,O,OCCO,openff-2.2.1,3,1.0626026682479663,1e-05,1.0735400000000002,0.0005
30494,2774,dens_2015496231826454735,464,Density,<Substance OCCO{solv}{x=0.706260}|O{solv}{x=0.293740}>,O,OCCO,openff-2.2.1,3,1.1044629158592436,0.0002297849385547,1.1022400000000003,0.0005
30495,2775,dhmix_230261418136264651,465,EnthalpyOfMixing,<Substance CCCCOC(C)=O{solv}{x=0.700700}|CCOC(C)=O{solv}{x=0.299300}>,CCCCOC(C)=O,CCOC(C)=O,openff-2.2.1,3,-0.0570616553539622,0.0447004054619843,0.0594,0.001
30496,2776,dhmix_287092636460772443,466,EnthalpyOfMixing,<Substance CCCCOC(C)=O{solv}{x=0.501800}|CCOC(C)=O{solv}{x=0.498200}>,CCCCOC(C)=O,CCOC(C)=O,openff-2.2.1,3,0.0667582424387092,0.0461171240260801,0.076,0.0012
30497,2777,dens_436289636626232396,467,Density,<Substance CCCCOC(C)=O{solv}{x=0.501800}|CCOC(C)=O{solv}{x=0.498200}>,CCCCOC(C)=O,CCOC(C)=O,openff-2.2.1,3,0.8859025141449599,0.000213484802604,0.8829000000000002,0.0002
30498,2778,dens_1739528506032569134,468,Density,<Substance CCCCOC(C)=O{solv}{x=0.201200}|CCOC(C)=O{solv}{x=0.798800}>,CCCCOC(C)=O,CCOC(C)=O,openff-2.2.1,3,0.8929512097429625,0.0002366435174251,0.8889000000000001,0.0002
30499,2779,dhmix_1951544232160779982,469,EnthalpyOfMixing,<Substance CCCCOC(C)=O{solv}{x=0.201200}|CCOC(C)=O{solv}{x=0.798800}>,CCCCOC(C)=O,CCOC(C)=O,openff-2.2.1,3,0.0980223354243605,0.0367718349574523,0.0524,0.0009
30500,2780,dens_2199004103648094822,470,Density,<Substance CCCCOC(C)=O{solv}{x=0.700700}|CCOC(C)=O{solv}{x=0.299300}>,CCCCOC(C)=O,CCOC(C)=O,openff-2.2.1,3,0.8823135544210804,0.000198733827675,0.8797000000000003,0.0002
30501,2781,dens_230610561971140401,471,Density,<Substance CN(C)CCO{solv}{x=0.507700}|O{solv}{x=0.492300}>,CN(C)CCO,O,openff-2.2.1,3,0.9153539061095608,0.0002264096888836,0.9237220000000002,0.000504
30502,2782,dens_531222131704065782,472,Density,<Substance CN(C)CCO{solv}{x=0.765200}|O{solv}{x=0.234800}>,CN(C)CCO,O,openff-2.2.1,3,0.8992721017923965,0.0002901597317593,0.8989030000000002,0.0005805
30503,2783,dhmix_569544738684419327,473,EnthalpyOfMixing,<Substance CN(C)CCO{solv}{x=0.536500}|O{solv}{x=0.463500}>,CN(C)CCO,O,openff-2.2.1,3,-2.124437767841691,0.0343849613622087,-2.575,0.0525
30504,2784,dens_1319192913326669904,474,Density,<Substance CN(C)CCO{solv}{x=0.264330}|O{solv}{x=0.735670}>,CN(C)CCO,O,openff-2.2.1,3,0.9354658480075478,0.0003687894984243,0.9590000000000002,0.0029
30505,2785,dhmix_1669606825693628140,475,EnthalpyOfMixing,<Substance CN(C)CCO{solv}{x=0.205200}|O{solv}{x=0.794800}>,CN(C)CCO,O,openff-2.2.1,3,-1.54892476743731,0.0241176619744665,-2.587,0.0525
30506,2786,dhmix_1723343163215510297,476,EnthalpyOfMixing,<Substance CN(C)CCO{solv}{x=0.799600}|O{solv}{x=0.200400}>,CN(C)CCO,O,openff-2.2.1,3,-1.144459083389762,0.0431361414163812,-1.247,0.0255
30507,2787,dens_233554406241639981,477,Density,<Substance CC(C)CC(C)(C)C{solv}{x=0.200000}|CCCCOCCCC{solv}{x=0.800000}>,CC(C)CC(C)(C)C,CCCCOCCCC,openff-2.2.1,3,0.7460949028417264,0.0001574732995654,0.7497500000000001,0.00017
30508,2788,dhmix_465541682585001245,478,EnthalpyOfMixing,<Substance CC(C)CC(C)(C)C{solv}{x=0.200400}|CCCCOCCCC{solv}{x=0.799600}>,CC(C)CC(C)(C)C,CCCCOCCCC,openff-2.2.1,3,0.2150885468372507,0.0497460048528763,0.07397,0.00099
30509,2789,dhmix_1505777056782392294,479,EnthalpyOfMixing,<Substance CC(C)CC(C)(C)C{solv}{x=0.400400}|CCCCOCCCC{solv}{x=0.599600}>,CC(C)CC(C)(C)C,CCCCOCCCC,openff-2.2.1,3,0.1678924354194464,0.0546901934576509,0.11538,0.001385
30510,2790,dhmix_1595104467389948583,480,EnthalpyOfMixing,<Substance CC(C)CC(C)(C)C{solv}{x=0.700500}|CCCCOCCCC{solv}{x=0.299500}>,CC(C)CC(C)(C)C,CCCCOCCCC,openff-2.2.1,3,0.3514121983915572,0.054830381192056,0.10948,0.00133
30511,2791,dens_1672861274914038509,481,Density,<Substance CC(C)CC(C)(C)C{solv}{x=0.399700}|CCCCOCCCC{solv}{x=0.600300}>,CC(C)CC(C)(C)C,CCCCOCCCC,openff-2.2.1,3,0.7350105081672865,0.0001903166211741,0.7348100000000001,0.000175
30512,2792,dens_1954694146948787176,482,Density,<Substance CC(C)CC(C)(C)C{solv}{x=0.700000}|CCCCOCCCC{solv}{x=0.300000}>,CC(C)CC(C)(C)C,CCCCOCCCC,openff-2.2.1,3,0.7193411231395124,0.0001813183894115,0.7117300000000002,0.000185
30513,2793,dens_234746850701826990,483,Density,<Substance CC#N{solv}{x=0.700000}|CCCCCO{solv}{x=0.300000}>,CC#N,CCCCCO,openff-2.2.1,3,0.7933048510655677,0.0002553479762727,0.7924200000000001,0.000165
30514,2794,dens_1261543146081029601,484,Density,<Substance CC#N{solv}{x=0.500300}|CCCCCO{solv}{x=0.499700}>,CC#N,CCCCCO,openff-2.2.1,3,0.7998386615876373,0.0002446016906466,0.7996400000000001,0.000185
30515,2795,dens_1462197010819319813,485,Density,<Substance CC#N{solv}{x=0.203100}|CCCCCO{solv}{x=0.796900}>,CC#N,CCCCCO,openff-2.2.1,3,0.8068700206170839,0.0002215291179413,0.8090600000000001,0.00022
30516,2796,dhmix_1595997756227951615,486,EnthalpyOfMixing,<Substance CC#N{solv}{x=0.235500}|CCCCCO{solv}{x=0.764500}>,CC#N,CCCCCO,openff-2.2.1,3,1.44948009321606,0.0370215227390253,1.451,0.006
30517,2797,dhmix_1745037615762894827,487,EnthalpyOfMixing,<Substance CC#N{solv}{x=0.516700}|CCCCCO{solv}{x=0.483300}>,CC#N,CCCCCO,openff-2.2.1,3,2.000593678603515,0.0335929268853287,2.017,0.008
30518,2798,dhmix_2294048253872291609,488,EnthalpyOfMixing,<Substance CC#N{solv}{x=0.771100}|CCCCCO{solv}{x=0.228900}>,CC#N,CCCCCO,openff-2.2.1,3,1.5613208238026814,0.0303737031251192,1.656,0.007
30519,2799,dens_237912652331354824,489,Density,<Substance C1COCCO1{solv}{x=0.512200}|CCCC(C)=O{solv}{x=0.487800}>,C1COCCO1,CCCC(C)=O,openff-2.2.1,3,0.8930789829229694,0.0002208079457874,0.90478,0.00023
30520,2800,dhmix_951401191616771155,490,EnthalpyOfMixing,<Substance C1COCCO1{solv}{x=0.750000}|CCCC(C)=O{solv}{x=0.250000}>,C1COCCO1,CCCC(C)=O,openff-2.2.1,3,0.2642310438607325,0.0370776878402812,0.23761,0.00135
30521,2801,dens_1815088975543208186,491,Density,<Substance C1COCCO1{solv}{x=0.225400}|CCCC(C)=O{solv}{x=0.774600}>,C1COCCO1,CCCC(C)=O,openff-2.2.1,3,0.8267225862478865,0.0002492864483939,0.8442800000000001,0.00022
30522,2802,dens_2079717107234551519,492,Density,<Substance C1COCCO1{solv}{x=0.782300}|CCCC(C)=O{solv}{x=0.217700}>,C1COCCO1,CCCC(C)=O,openff-2.2.1,3,0.9639455621644684,0.0001898377389641,0.9692000000000004,0.000245
30523,2803,dhmix_2166059870593139530,493,EnthalpyOfMixing,<Substance C1COCCO1{solv}{x=0.500000}|CCCC(C)=O{solv}{x=0.500000}>,C1COCCO1,CCCC(C)=O,openff-2.2.1,3,0.2620822305193542,0.0367393544254288,0.26523,0.001455
30524,2804,dhmix_2196150660196365471,494,EnthalpyOfMixing,<Substance C1COCCO1{solv}{x=0.250000}|CCCC(C)=O{solv}{x=0.750000}>,C1COCCO1,CCCC(C)=O,openff-2.2.1,3,0.1010999538221568,0.0429956591841502,0.1704,0.001085
30525,2805,dhmix_243334109655928306,495,EnthalpyOfMixing,<Substance C1CCOCC1{solv}{x=0.783200}|c1ccccc1{solv}{x=0.216800}>,C1CCOCC1,c1ccccc1,openff-2.2.1,3,-0.0435473629899405,0.043895103350204,-0.1399,0.00165
30526,2806,dens_257753427541292519,496,Density,<Substance C1CCOCC1{solv}{x=0.479400}|c1ccccc1{solv}{x=0.520600}>,C1CCOCC1,c1ccccc1,openff-2.2.1,3,0.861748750265468,0.0003066593704726,0.8778700000000003,0.000505
30527,2807,dhmix_604341867718608333,497,EnthalpyOfMixing,<Substance C1CCOCC1{solv}{x=0.242500}|c1ccccc1{solv}{x=0.757500}>,C1CCOCC1,c1ccccc1,openff-2.2.1,3,-0.0746576646133263,0.0418535532391139,-0.1608,0.00185
30528,2808,dens_791001710124267373,498,Density,<Substance C1CCOCC1{solv}{x=0.223900}|c1ccccc1{solv}{x=0.776100}>,C1CCOCC1,c1ccccc1,openff-2.2.1,3,0.8592143882820193,0.0002606245983142,0.8761000000000002,0.0005
30529,2809,dens_1402061243325720407,499,Density,<Substance C1CCOCC1{solv}{x=0.743200}|c1ccccc1{solv}{x=0.256800}>,C1CCOCC1,c1ccccc1,openff-2.2.1,3,0.8647615611388505,0.0002345988981102,0.8789500000000002,0.000505
30530,2810,dhmix_1407142629314355761,500,EnthalpyOfMixing,<Substance C1CCOCC1{solv}{x=0.498200}|c1ccccc1{solv}{x=0.501800}>,C1CCOCC1,c1ccccc1,openff-2.2.1,3,-0.1069011339200187,0.0340705743412715,-0.2365,0.00265
30531,2811,dhmix_266800455813556356,501,EnthalpyOfMixing,<Substance CO{solv}{x=0.727200}|OCc1ccccc1{solv}{x=0.272800}>,CO,OCc1ccccc1,openff-2.2.1,3,-0.0593374718368231,0.0315604746326056,-0.0792,0.001
30532,2812,dhmix_949671607207910651,502,EnthalpyOfMixing,<Substance CO{solv}{x=0.500500}|OCc1ccccc1{solv}{x=0.499500}>,CO,OCc1ccccc1,openff-2.2.1,3,-0.1935417931287872,0.0316856902716868,-0.1408,0.00165
30533,2813,dhmix_1388744759732522219,503,EnthalpyOfMixing,<Substance CO{solv}{x=0.200200}|OCc1ccccc1{solv}{x=0.799800}>,CO,OCc1ccccc1,openff-2.2.1,3,-0.0980489536666979,0.0347755795902613,-0.1081,0.0013
30534,2814,dens_270046772857960816,504,Density,<Substance C1CCOCC1{solv}{x=0.732100}|Cc1ccccc1{solv}{x=0.267900}>,C1CCOCC1,Cc1ccccc1,openff-2.2.1,3,0.8611877352306737,0.0001727379767442,0.8754100000000001,0.000505
30535,2815,dens_324774743687652276,505,Density,<Substance C1CCOCC1{solv}{x=0.238700}|Cc1ccccc1{solv}{x=0.761300}>,C1CCOCC1,Cc1ccccc1,openff-2.2.1,3,0.850362690408714,0.0002637958462622,0.8669900000000003,0.000505
30536,2816,dhmix_390107187187002597,506,EnthalpyOfMixing,<Substance C1CCOCC1{solv}{x=0.531900}|Cc1ccccc1{solv}{x=0.468100}>,C1CCOCC1,Cc1ccccc1,openff-2.2.1,3,-0.1198646090612385,0.0424862679354589,-0.2225,0.0025
30537,2817,dhmix_1070320975529400325,507,EnthalpyOfMixing,<Substance C1CCOCC1{solv}{x=0.280600}|Cc1ccccc1{solv}{x=0.719400}>,C1CCOCC1,Cc1ccccc1,openff-2.2.1,3,-0.1626343035609636,0.0403503657517837,-0.1687,0.00195
30538,2818,dens_1397318239527979287,508,Density,<Substance C1CCOCC1{solv}{x=0.491500}|Cc1ccccc1{solv}{x=0.508500}>,C1CCOCC1,Cc1ccccc1,openff-2.2.1,3,0.8558712649780912,0.0002418353381508,0.8715100000000002,0.000505
30539,2819,dhmix_1508130989501940613,509,EnthalpyOfMixing,<Substance C1CCOCC1{solv}{x=0.741300}|Cc1ccccc1{solv}{x=0.258700}>,C1CCOCC1,Cc1ccccc1,openff-2.2.1,3,-0.0296758806951089,0.0435195734133353,-0.1629,0.0019
30540,2820,dhmix_271732469428717581,510,EnthalpyOfMixing,<Substance COc1ccccc1{solv}{x=0.237400}|OCCCc1ccccc1{solv}{x=0.762600}>,COc1ccccc1,OCCCc1ccccc1,openff-2.2.1,3,0.6038928332724396,0.0549955226584472,0.6076,0.0066
30541,2821,dhmix_1174392275991455181,511,EnthalpyOfMixing,<Substance COc1ccccc1{solv}{x=0.554700}|OCCCc1ccccc1{solv}{x=0.445300}>,COc1ccccc1,OCCCc1ccccc1,openff-2.2.1,3,1.0895646073226857,0.0459527439626736,1.0293,0.01105
30542,2822,dhmix_1179341622676685107,512,EnthalpyOfMixing,<Substance COc1ccccc1{solv}{x=0.713600}|OCCCc1ccccc1{solv}{x=0.286400}>,COc1ccccc1,OCCCc1ccccc1,openff-2.2.1,3,0.8909176839725248,0.0529722954087537,1.1088,0.0119
30543,2823,dens_1468428612899754720,513,Density,<Substance COc1ccccc1{solv}{x=0.747700}|OCCCc1ccccc1{solv}{x=0.252300}>,COc1ccccc1,OCCCc1ccccc1,openff-2.2.1,3,0.9678392038804516,0.000218540360828,0.9827800000000002,0.00026
30544,2824,dens_1534619098234859574,514,Density,<Substance COc1ccccc1{solv}{x=0.555100}|OCCCc1ccccc1{solv}{x=0.444900}>,COc1ccccc1,OCCCc1ccccc1,openff-2.2.1,3,0.9704726547898228,0.0001924583961192,0.9852700000000002,0.00026
30545,2825,dens_2298154173340539222,515,Density,<Substance COc1ccccc1{solv}{x=0.263600}|OCCCc1ccccc1{solv}{x=0.736400}>,COc1ccccc1,OCCCc1ccccc1,openff-2.2.1,3,0.9750962788894836,0.0002030254400512,0.9885500000000002,0.00026
30546,2826,dens_274848672468745759,516,Density,<Substance CCCCOC(C)=O{solv}{x=0.293400}|c1ccccc1{solv}{x=0.706600}>,CCCCOC(C)=O,c1ccccc1,openff-2.2.1,3,0.8639304349303268,0.0001878752417989,0.8736600000000002,0.00021
30547,2827,dens_493354132810710227,517,Density,<Substance CCCCOC(C)=O{solv}{x=0.710500}|c1ccccc1{solv}{x=0.289500}>,CCCCOC(C)=O,c1ccccc1,openff-2.2.1,3,0.8725038015441184,0.0002220036717275,0.8751500000000002,0.000335
30548,2828,dhmix_754807126845437364,518,EnthalpyOfMixing,<Substance CCCCOC(C)=O{solv}{x=0.495800}|c1ccccc1{solv}{x=0.504200}>,CCCCOC(C)=O,c1ccccc1,openff-2.2.1,3,-0.1587968845094707,0.0421780460389063,-0.0245,0.001
30549,2829,dens_834118541551127044,519,Density,<Substance CCCCOC(C)=O{solv}{x=0.504400}|c1ccccc1{solv}{x=0.495600}>,CCCCOC(C)=O,c1ccccc1,openff-2.2.1,3,0.8690715589787781,0.0002285254778233,0.8744300000000002,0.000265
30550,2830,dhmix_1349932525480083284,520,EnthalpyOfMixing,<Substance CCCCOC(C)=O{solv}{x=0.252300}|c1ccccc1{solv}{x=0.747700}>,CCCCOC(C)=O,c1ccccc1,openff-2.2.1,3,-0.1109653656603057,0.0423674315328575,-0.014,0.0009
30551,2831,dhmix_1597992980658352112,521,EnthalpyOfMixing,<Substance CCCCOC(C)=O{solv}{x=0.771400}|c1ccccc1{solv}{x=0.228600}>,CCCCOC(C)=O,c1ccccc1,openff-2.2.1,3,-0.1406211811562929,0.0500726581044999,-0.0245,0.001
30552,2832,dens_275501958869207518,522,Density,<Substance C1CCOCC1{solv}{x=0.226300}|Cc1ccccc1Cl{solv}{x=0.773700}>,C1CCOCC1,Cc1ccccc1Cl,openff-2.2.1,3,1.0295247786240602,0.0002494686003813,1.0396,0.0005
30553,2833,dhmix_818597523255588519,523,EnthalpyOfMixing,<Substance C1CCOCC1{solv}{x=0.753300}|Cc1ccccc1Cl{solv}{x=0.246700}>,C1CCOCC1,Cc1ccccc1Cl,openff-2.2.1,3,-0.1894408846386284,0.0453016125516396,-0.154,0.001
30554,2834,dhmix_849121557716978550,524,EnthalpyOfMixing,<Substance C1CCOCC1{solv}{x=0.517500}|Cc1ccccc1Cl{solv}{x=0.482500}>,C1CCOCC1,Cc1ccccc1Cl,openff-2.2.1,3,-0.3599181447464161,0.0412893989469992,-0.22,0.0015
30555,2835,dens_946978292781731327,525,Density,<Substance C1CCOCC1{solv}{x=0.478400}|Cc1ccccc1Cl{solv}{x=0.521600}>,C1CCOCC1,Cc1ccccc1Cl,openff-2.2.1,3,0.9821096307630598,0.0002550332805683,0.9931600000000002,0.00051
30556,2836,dhmix_997266220336132741,526,EnthalpyOfMixing,<Substance C1CCOCC1{solv}{x=0.263200}|Cc1ccccc1Cl{solv}{x=0.736800}>,C1CCOCC1,Cc1ccccc1Cl,openff-2.2.1,3,-0.1678246144776523,0.0424572261621222,-0.175,0.001
30557,2837,dens_1191185394819541532,527,Density,<Substance C1CCOCC1{solv}{x=0.765800}|Cc1ccccc1Cl{solv}{x=0.234200}>,C1CCOCC1,Cc1ccccc1Cl,openff-2.2.1,3,0.9213164447632396,0.000240778919831,0.9336500000000002,0.000505
30558,2838,dhmix_278334692660393021,528,EnthalpyOfMixing,<Substance CCCCCCC{solv}{x=0.205900}|CNc1ccccc1{solv}{x=0.794100}>,CCCCCCC,CNc1ccccc1,openff-2.2.1,3,1.4965511364571924,0.0469632251570191,1.126,0.012
30559,2839,dens_480658478095207102,529,Density,<Substance CCCCCCC{solv}{x=0.740500}|CNc1ccccc1{solv}{x=0.259500}>,CCCCCCC,CNc1ccccc1,openff-2.2.1,3,0.7303997436645737,0.0002409749430057,0.7424910000000001,0.00014
30560,2840,dhmix_898293423987680187,530,EnthalpyOfMixing,<Substance CCCCCCC{solv}{x=0.501700}|CNc1ccccc1{solv}{x=0.498300}>,CCCCCCC,CNc1ccccc1,openff-2.2.1,3,2.161803827854257,0.0455629592923256,1.676,0.018
30561,2841,dens_1509968737377061562,531,Density,<Substance CCCCCCC{solv}{x=0.250900}|CNc1ccccc1{solv}{x=0.749100}>,CCCCCCC,CNc1ccccc1,openff-2.2.1,3,0.8857157368501118,0.0002057488246055,0.8897150000000003,0.0002615
30562,2842,dhmix_1680546488782143957,532,EnthalpyOfMixing,<Substance CCCCCCC{solv}{x=0.703200}|CNc1ccccc1{solv}{x=0.296800}>,CCCCCCC,CNc1ccccc1,openff-2.2.1,3,2.0060158499895664,0.0489969010139658,1.539,0.0165
30563,2843,dens_2074014246120135820,533,Density,<Substance CCCCCCC{solv}{x=0.497000}|CNc1ccccc1{solv}{x=0.503000}>,CCCCCCC,CNc1ccccc1,openff-2.2.1,3,0.8017340356366967,0.0001993391941748,0.8106920000000002,0.0001785
30564,2844,dens_296890921001565391,534,Density,<Substance CCCCN{solv}{x=0.755200}|CN(C)C=O{solv}{x=0.244800}>,CCCCN,CN(C)C=O,openff-2.2.1,3,0.787082784073066,0.0002122354285583,0.7762150000000002,0.000949
30565,2845,dens_380536870617309130,535,Density,<Substance CCCCN{solv}{x=0.242800}|CN(C)C=O{solv}{x=0.757200}>,CCCCN,CN(C)C=O,openff-2.2.1,3,0.8740494391173238,0.0002683572568833,0.8845160000000002,0.0010795
30566,2846,dhmix_493117160214491795,536,EnthalpyOfMixing,<Substance CCCCN{solv}{x=0.244100}|CN(C)C=O{solv}{x=0.755900}>,CCCCN,CN(C)C=O,openff-2.2.1,3,-0.0044193962401237,0.0370483332452826,0.245,0.008
30567,2847,dhmix_789225002934078019,537,EnthalpyOfMixing,<Substance CCCCN{solv}{x=0.750200}|CN(C)C=O{solv}{x=0.249800}>,CCCCN,CN(C)C=O,openff-2.2.1,3,0.16654352745023,0.0465085695024193,0.32,0.01
30568,2848,dhmix_941321571782058819,538,EnthalpyOfMixing,<Substance CCCCN{solv}{x=0.499200}|CN(C)C=O{solv}{x=0.500800}>,CCCCN,CN(C)C=O,openff-2.2.1,3,0.1877443874591975,0.0407899255270586,0.384,0.0115
30569,2849,dens_2179361372918836941,539,Density,<Substance CCCCN{solv}{x=0.497200}|CN(C)C=O{solv}{x=0.502800}>,CCCCN,CN(C)C=O,openff-2.2.1,3,0.829754836136285,0.0002270864147244,0.8277360000000001,0.001011
30570,2850,dens_300257448272323407,540,Density,<Substance CC(C)O{solv}{x=0.745200}|NCCN{solv}{x=0.254800}>,CC(C)O,NCCN,openff-2.2.1,3,0.8467381486040556,0.0002779928970286,0.8163970000000003,0.0002325
30571,2851,dens_924750366683277351,541,Density,<Substance CC(C)O{solv}{x=0.203100}|NCCN{solv}{x=0.796900}>,CC(C)O,NCCN,openff-2.2.1,3,0.9707926999866744,0.0003519819447706,0.8736620000000003,0.0002225
30572,2852,dens_2284409308160572308,542,Density,<Substance CC(C)O{solv}{x=0.489100}|NCCN{solv}{x=0.510900}>,CC(C)O,NCCN,openff-2.2.1,3,0.9015611147872146,0.0003186015633285,0.8449250000000001,0.0002245
30573,2853,dens_305501840068636812,543,Density,<Substance CC(C)=O{solv}{x=0.750000}|CCO{solv}{x=0.250000}>,CC(C)=O,CCO,openff-2.2.1,3,0.7702580705225233,1e-05,0.7859000000000002,0.000115
30574,2854,dens_472577738907297293,544,Density,<Substance CC(C)=O{solv}{x=0.250000}|CCO{solv}{x=0.750000}>,CC(C)=O,CCO,openff-2.2.1,3,0.7773276812171896,1e-05,0.7861600000000002,0.000115
30575,2855,dens_2271083741716457850,545,Density,<Substance CC(C)=O{solv}{x=0.499900}|CCO{solv}{x=0.500100}>,CC(C)=O,CCO,openff-2.2.1,3,0.772872678507759,1e-05,0.7861900000000003,0.000115
30576,2856,dens_307445163336341047,546,Density,<Substance CN1CCCC1=O{solv}{x=0.703700}|ClCCCl{solv}{x=0.296300}>,CN1CCCC1=O,ClCCCl,openff-2.2.1,3,1.0621373210796174,0.0002551743103674,1.0851000000000002,0.0002
30577,2857,dhmix_453866769634566853,547,EnthalpyOfMixing,<Substance CN1CCCC1=O{solv}{x=0.253100}|ClCCCl{solv}{x=0.746900}>,CN1CCCC1=O,ClCCCl,openff-2.2.1,3,-0.5016808939848154,0.0359877735303303,-0.8118,0.01525
30578,2858,dhmix_536206650470008584,548,EnthalpyOfMixing,<Substance CN1CCCC1=O{solv}{x=0.500000}|ClCCCl{solv}{x=0.500000}>,CN1CCCC1=O,ClCCCl,openff-2.2.1,3,-0.6553445378112492,0.0363517738896031,-1.264,0.0055
30579,2859,dens_1046625605566999080,549,Density,<Substance CN1CCCC1=O{solv}{x=0.202500}|ClCCCl{solv}{x=0.797500}>,CN1CCCC1=O,ClCCCl,openff-2.2.1,3,1.1736187568160852,0.0002415708417642,1.1953000000000005,0.00025
30580,2860,dhmix_1620571823529677157,550,EnthalpyOfMixing,<Substance CN1CCCC1=O{solv}{x=0.736700}|ClCCCl{solv}{x=0.263300}>,CN1CCCC1=O,ClCCCl,openff-2.2.1,3,-0.4724795062244347,0.0430836182981223,-0.8587,0.01605
30581,2861,dens_2059567022041766694,551,Density,<Substance CN1CCCC1=O{solv}{x=0.497500}|ClCCCl{solv}{x=0.502500}>,CN1CCCC1=O,ClCCCl,openff-2.2.1,3,1.1085849852392038,0.000321213202025,1.1283000000000003,0.0002
30582,2862,dens_313234519309892479,552,Density,<Substance CC(=O)N(C)C{solv}{x=0.293800}|CCCCCCCCCl{solv}{x=0.706200}>,CC(=O)N(C)C,CCCCCCCCCl,openff-2.2.1,3,0.8665378999855912,0.0002061234450744,0.8796000000000003,0.00045
30583,2863,dhmix_444785917463403590,553,EnthalpyOfMixing,<Substance CC(=O)N(C)C{solv}{x=0.703000}|CCCCCCCCCl{solv}{x=0.297000}>,CC(=O)N(C)C,CCCCCCCCCl,openff-2.2.1,3,0.8636926816560546,0.045428659536631,0.751,0.004
30584,2864,dhmix_705168937124106402,554,EnthalpyOfMixing,<Substance CC(=O)N(C)C{solv}{x=0.215000}|CCCCCCCCCl{solv}{x=0.785000}>,CC(=O)N(C)C,CCCCCCCCCl,openff-2.2.1,3,0.7165965601793687,0.0368174301395997,0.519,0.0035
30585,2865,dens_1549584991651515376,555,Density,<Substance CC(=O)N(C)C{solv}{x=0.502200}|CCCCCCCCCl{solv}{x=0.497800}>,CC(=O)N(C)C,CCCCCCCCCl,openff-2.2.1,3,0.872545047466092,0.0001963705528929,0.8902000000000002,0.0004
30586,2866,dhmix_1732161251827083272,556,EnthalpyOfMixing,<Substance CC(=O)N(C)C{solv}{x=0.508000}|CCCCCCCCCl{solv}{x=0.492000}>,CC(=O)N(C)C,CCCCCCCCCl,openff-2.2.1,3,0.8993740146519258,0.0432425761384556,0.829,0.004
30587,2867,dens_2189889607118243828,557,Density,<Substance CC(=O)N(C)C{solv}{x=0.700500}|CCCCCCCCCl{solv}{x=0.299500}>,CC(=O)N(C)C,CCCCCCCCCl,openff-2.2.1,3,0.8803496316396865,0.0002114278210995,0.9041000000000002,0.00035
30588,2868,dens_314482396827660717,558,Density,<Substance BrCCBr{solv}{x=0.753700}|COC(C)=O{solv}{x=0.246300}>,BrCCBr,COC(C)=O,openff-2.2.1,3,1.8418853166707616,0.0006483816454765,1.8774400000000004,0.003355
30589,2869,dens_344993892965738820,559,Density,<Substance BrCCBr{solv}{x=0.275200}|COC(C)=O{solv}{x=0.724800}>,BrCCBr,COC(C)=O,openff-2.2.1,3,1.2815806388206397,0.0003783080136269,1.2862400000000005,0.001125
30590,2870,dhmix_545996968666061076,560,EnthalpyOfMixing,<Substance BrCCBr{solv}{x=0.720900}|COC(C)=O{solv}{x=0.279100}>,BrCCBr,COC(C)=O,openff-2.2.1,3,-0.0650157457695215,0.0334328890776586,0.2594,0.0028
30591,2871,dens_714044009336077786,561,Density,<Substance BrCCBr{solv}{x=0.512100}|COC(C)=O{solv}{x=0.487900}>,BrCCBr,COC(C)=O,openff-2.2.1,3,1.5656758137865137,0.0005161284133822,1.5834900000000005,0.0021
30592,2872,dhmix_1222511035002547253,562,EnthalpyOfMixing,<Substance BrCCBr{solv}{x=0.485500}|COC(C)=O{solv}{x=0.514500}>,BrCCBr,COC(C)=O,openff-2.2.1,3,-0.0382191050987223,0.0341780711691212,0.2577,0.00275
30593,2873,dhmix_1418101673429653456,563,EnthalpyOfMixing,<Substance BrCCBr{solv}{x=0.250800}|COC(C)=O{solv}{x=0.749200}>,BrCCBr,COC(C)=O,openff-2.2.1,3,-0.1028850893158193,0.0362056229443481,0.1202,0.0017
30594,2874,dens_314934747194338330,564,Density,<Substance CC(C)CCl{solv}{x=0.513700}|CC(C)OC(C)C{solv}{x=0.486300}>,CC(C)CCl,CC(C)OC(C)C,openff-2.2.1,3,0.7908600110224415,0.0002656999915221,0.7878250000000002,0.000405
30595,2875,dhmix_355399496844187096,565,EnthalpyOfMixing,<Substance CC(C)CCl{solv}{x=0.545300}|CC(C)OC(C)C{solv}{x=0.454700}>,CC(C)CCl,CC(C)OC(C)C,openff-2.2.1,3,-0.1688272272762816,0.0392754012147244,-0.0957,0.0012
30596,2876,dens_688062365117407068,566,Density,<Substance CC(C)CCl{solv}{x=0.805900}|CC(C)OC(C)C{solv}{x=0.194100}>,CC(C)CCl,CC(C)OC(C)C,openff-2.2.1,3,0.8308891090514507,0.000301394001537,0.8355300000000002,0.0003555
30597,2877,dhmix_1411881046585885461,567,EnthalpyOfMixing,<Substance CC(C)CCl{solv}{x=0.090700}|CC(C)OC(C)C{solv}{x=0.909300}>,CC(C)CCl,CC(C)OC(C)C,openff-2.2.1,3,-0.0822519748536763,0.0504655227201891,-0.0302,0.00055
30598,2878,dens_1762455266351712367,568,Density,<Substance CC(C)CCl{solv}{x=0.091000}|CC(C)OC(C)C{solv}{x=0.909000}>,CC(C)CCl,CC(C)OC(C)C,openff-2.2.1,3,0.7413997621071898,0.0002341033023872,0.7293950000000001,0.000464
30599,2879,dhmix_2302865667781063708,569,EnthalpyOfMixing,<Substance CC(C)CCl{solv}{x=0.727000}|CC(C)OC(C)C{solv}{x=0.273000}>,CC(C)CCl,CC(C)OC(C)C,openff-2.2.1,3,-0.0767437161569617,0.0441621479834425,-0.0791,0.001
30600,2880,dens_321327254341950207,570,Density,<Substance C1COCCO1{solv}{x=0.780300}|CCCCCC(C)=O{solv}{x=0.219700}>,C1COCCO1,CCCCCC(C)=O,openff-2.2.1,3,0.9525025664531324,0.0002233244718564,0.9576500000000002,0.0003
30601,2881,dens_377701756930918353,571,Density,<Substance C1COCCO1{solv}{x=0.500600}|CCCCCC(C)=O{solv}{x=0.499400}>,C1COCCO1,CCCCCC(C)=O,openff-2.2.1,3,0.8823901683617471,0.000217221771294,0.8916700000000002,0.000345
30602,2882,dhmix_600625644134907580,572,EnthalpyOfMixing,<Substance C1COCCO1{solv}{x=0.500000}|CCCCCC(C)=O{solv}{x=0.500000}>,C1COCCO1,CCCCCC(C)=O,openff-2.2.1,3,0.5769610970691588,0.0478969718625869,0.4509,0.002255
30603,2883,dens_1451069448215305244,573,Density,<Substance C1COCCO1{solv}{x=0.220300}|CCCCCC(C)=O{solv}{x=0.779700}>,C1COCCO1,CCCCCC(C)=O,openff-2.2.1,3,0.8281616201075103,0.0001831155519978,0.8420800000000003,0.000385
30604,2884,dhmix_2028813035406256788,574,EnthalpyOfMixing,<Substance C1COCCO1{solv}{x=0.750000}|CCCCCC(C)=O{solv}{x=0.250000}>,C1COCCO1,CCCCCC(C)=O,openff-2.2.1,3,0.4309152257849433,0.0480328621555827,0.4064,0.00209
30605,2885,dhmix_2222211577832383320,575,EnthalpyOfMixing,<Substance C1COCCO1{solv}{x=0.250000}|CCCCCC(C)=O{solv}{x=0.750000}>,C1COCCO1,CCCCCC(C)=O,openff-2.2.1,3,0.384851152620925,0.0402974661472151,0.2911,0.00164
30606,2886,dhmix_325212618372456630,576,EnthalpyOfMixing,<Substance CCCCCCC{solv}{x=0.500000}|c1ccccc1{solv}{x=0.500000}>,CCCCCCC,c1ccccc1,openff-2.2.1,3,1.013521029438181,0.0414389489017052,0.9235,0.0051
30607,2887,dhmix_409350268177199962,577,EnthalpyOfMixing,<Substance CCCCCCC{solv}{x=0.751900}|c1ccccc1{solv}{x=0.248100}>,CCCCCCC,c1ccccc1,openff-2.2.1,3,0.7074417419297276,0.0488357403768266,0.6047,0.0035
30608,2888,dens_1685942387769177799,578,Density,<Substance CCCCCCC{solv}{x=0.913667}|c1ccccc1{solv}{x=0.086333}>,CCCCCCC,c1ccccc1,openff-2.2.1,3,0.676105913166325,0.0002043508474453,0.6892400000000002,0.000805
30609,2889,dens_2148382258223830900,579,Density,<Substance CCCCCCC{solv}{x=0.273700}|c1ccccc1{solv}{x=0.726300}>,CCCCCCC,c1ccccc1,openff-2.2.1,3,0.76763761489641,0.0002504563023504,0.7855000000000002,0.00015
30610,2890,dens_2219829254239605828,580,Density,<Substance CCCCCCC{solv}{x=0.492200}|c1ccccc1{solv}{x=0.507800}>,CCCCCCC,c1ccccc1,openff-2.2.1,3,0.7240648161844546,0.000249303190371,0.7409000000000001,0.00015
30611,2891,dhmix_2296565820723783732,581,EnthalpyOfMixing,<Substance CCCCCCC{solv}{x=0.242400}|c1ccccc1{solv}{x=0.757600}>,CCCCCCC,c1ccccc1,openff-2.2.1,3,0.8342537561755421,0.039549347628104,0.7775,0.0044
30612,2892,dens_326446104630354701,582,Density,<Substance BrCCBr{solv}{x=0.728600}|CCC(=O)OC{solv}{x=0.271400}>,BrCCBr,CCC(=O)OC,openff-2.2.1,3,1.7608866872609965,0.0005416868823581,1.7949900000000003,0.00303
30613,2893,dens_886315086380393150,583,Density,<Substance BrCCBr{solv}{x=0.494400}|CCC(=O)OC{solv}{x=0.505600}>,BrCCBr,CCC(=O)OC,openff-2.2.1,3,1.4724233923409136,0.0004457759417259,1.4941800000000005,0.001825
30614,2894,dhmix_1410129135672303476,584,EnthalpyOfMixing,<Substance BrCCBr{solv}{x=0.491400}|CCC(=O)OC{solv}{x=0.508600}>,BrCCBr,CCC(=O)OC,openff-2.2.1,3,-0.2605196818830215,0.0335796411353259,0.0195,0.00185
30615,2895,dhmix_1551714230583118668,585,EnthalpyOfMixing,<Substance BrCCBr{solv}{x=0.755400}|CCC(=O)OC{solv}{x=0.244600}>,BrCCBr,CCC(=O)OC,openff-2.2.1,3,-0.3527423863859216,0.0320994112677651,0.09,0.00295
30616,2896,dhmix_1596310059176209101,586,EnthalpyOfMixing,<Substance BrCCBr{solv}{x=0.214800}|CCC(=O)OC{solv}{x=0.785200}>,BrCCBr,CCC(=O)OC,openff-2.2.1,3,-0.3349562303911113,0.0414025932450408,-0.0281,0.002
30617,2897,dens_1860027304017736150,587,Density,<Substance BrCCBr{solv}{x=0.257000}|CCC(=O)OC{solv}{x=0.743000}>,BrCCBr,CCC(=O)OC,openff-2.2.1,3,1.1930732486084883,0.0003586211549527,1.2059400000000002,0.000915
30618,2898,dhmix_334328961632702336,588,EnthalpyOfMixing,<Substance Cc1ccccc1N{solv}{x=0.492600}|Cc1cccnc1{solv}{x=0.507400}>,Cc1ccccc1N,Cc1cccnc1,openff-2.2.1,3,-1.730160373244865,0.0398555022644031,-1.4091,0.0287
30619,2899,dhmix_382843935535082222,589,EnthalpyOfMixing,<Substance Cc1ccccc1N{solv}{x=0.232300}|Cc1cccnc1{solv}{x=0.767700}>,Cc1ccccc1N,Cc1cccnc1,openff-2.2.1,3,-1.258511905104312,0.0460849300016786,-1.1196,0.02285
30620,2900,dens_890019852111400701,590,Density,<Substance Cc1ccccc1N{solv}{x=0.533600}|Cc1cccnc1{solv}{x=0.466400}>,Cc1ccccc1N,Cc1cccnc1,openff-2.2.1,3,0.9839219614758442,0.0002412175594139,0.9795770000000004,0.0001185
30621,2901,dens_1033313642915027277,591,Density,<Substance Cc1ccccc1N{solv}{x=0.737200}|Cc1cccnc1{solv}{x=0.262800}>,Cc1ccccc1N,Cc1cccnc1,openff-2.2.1,3,0.9971130111504672,0.0002954502312349,0.9867010000000004,0.000118
30622,2902,dhmix_1057104304179164775,592,EnthalpyOfMixing,<Substance Cc1ccccc1N{solv}{x=0.778900}|Cc1cccnc1{solv}{x=0.221100}>,Cc1ccccc1N,Cc1cccnc1,openff-2.2.1,3,-1.119790337011473,0.0586782447150185,-0.8735,0.01785
30623,2903,dens_1445313714023685702,593,Density,<Substance Cc1ccccc1N{solv}{x=0.246700}|Cc1cccnc1{solv}{x=0.753300}>,Cc1ccccc1N,Cc1cccnc1,openff-2.2.1,3,0.962698128507442,0.0002127314239069,0.9668750000000004,0.00012
30624,2904,dens_335631113096608920,594,Density,<Substance CCC(C)=O{solv}{x=0.501800}|CCCCNCCCC{solv}{x=0.498200}>,CCC(C)=O,CCCCNCCCC,openff-2.2.1,3,0.7606852901597246,0.0002094986176575,0.7693960000000002,9.950000000000003e-05
30625,2905,dhmix_551451232292287572,595,EnthalpyOfMixing,<Substance CCC(C)=O{solv}{x=0.215400}|CCCCNCCCC{solv}{x=0.784600}>,CCC(C)=O,CCCCNCCCC,openff-2.2.1,3,0.2190642901644537,0.0565180717124452,0.417,0.0045
30626,2906,dens_800787154192710377,596,Density,<Substance CCC(C)=O{solv}{x=0.260300}|CCCCNCCCC{solv}{x=0.739700}>,CCC(C)=O,CCCCNCCCC,openff-2.2.1,3,0.7567220081634943,0.0001894623560476,0.7614750000000002,0.0001005
30627,2907,dhmix_1210431916849512476,597,EnthalpyOfMixing,<Substance CCC(C)=O{solv}{x=0.504400}|CCCCNCCCC{solv}{x=0.495600}>,CCC(C)=O,CCCCNCCCC,openff-2.2.1,3,0.2736418031695962,0.0474936419580668,0.619,0.0065
30628,2908,dhmix_1503682496766473076,598,EnthalpyOfMixing,<Substance CCC(C)=O{solv}{x=0.792200}|CCCCNCCCC{solv}{x=0.207800}>,CCC(C)=O,CCCCNCCCC,openff-2.2.1,3,0.1378298854566502,0.0468547431341662,0.425,0.0045
30629,2909,dens_2232561341275312196,599,Density,<Substance CCC(C)=O{solv}{x=0.747300}|CCCCNCCCC{solv}{x=0.252700}>,CCC(C)=O,CCCCNCCCC,openff-2.2.1,3,0.7650975799201974,0.0002473557679135,0.7810500000000001,9.750000000000004e-05
30630,2910,dhmix_335934546122425398,600,EnthalpyOfMixing,<Substance C1CCOCC1{solv}{x=0.550000}|O=C1CCCC1{solv}{x=0.450000}>,C1CCOCC1,O=C1CCCC1,openff-2.2.1,3,0.0133731351848425,0.0423441936560749,0.15813,0.001
30631,2911,dhmix_337659115721770978,601,EnthalpyOfMixing,<Substance C1CCOCC1{solv}{x=0.250000}|O=C1CCCC1{solv}{x=0.750000}>,C1CCOCC1,O=C1CCCC1,openff-2.2.1,3,0.0185560051193363,0.0396760920970368,0.11325,0.00084
30632,2912,dens_579415285212890284,602,Density,<Substance C1CCOCC1{solv}{x=0.708000}|O=C1CCCC1{solv}{x=0.292000}>,C1CCOCC1,O=C1CCCC1,openff-2.2.1,3,0.8794065099190567,0.0002324066560535,0.8972200000000002,0.00023
30633,2913,dens_788777315764582180,603,Density,<Substance C1CCOCC1{solv}{x=0.549800}|O=C1CCCC1{solv}{x=0.450200}>,C1CCOCC1,O=C1CCCC1,openff-2.2.1,3,0.8864966990763934,0.000275169982396,0.9073000000000002,0.000235
30634,2914,dens_1539654406736576807,604,Density,<Substance C1CCOCC1{solv}{x=0.235400}|O=C1CCCC1{solv}{x=0.764600}>,C1CCOCC1,O=C1CCCC1,openff-2.2.1,3,0.9008502908138836,0.00031506156874,0.9281000000000004,0.00024
30635,2915,dhmix_1706969020375394315,605,EnthalpyOfMixing,<Substance C1CCOCC1{solv}{x=0.750000}|O=C1CCCC1{solv}{x=0.250000}>,C1CCOCC1,O=C1CCCC1,openff-2.2.1,3,-0.0340712060631531,0.0418778275821839,0.12811,0.000895
30636,2916,dens_337077748334497354,606,Density,<Substance CN1CCCCC1{solv}{x=0.245200}|O{solv}{x=0.754800}>,CN1CCCCC1,O,openff-2.2.1,3,0.882970594878715,0.0002956710816192,0.9038110000000004,9.700000000000004e-05
30637,2917,dens_1619467922469494964,607,Density,<Substance CN1CCCCC1{solv}{x=0.790700}|O{solv}{x=0.209300}>,CN1CCCCC1,O,openff-2.2.1,3,0.833601697748792,0.0001917129025894,0.8260470000000002,0.000108
30638,2918,dens_1725290505257505407,608,Density,<Substance CN1CCCCC1{solv}{x=0.505000}|O{solv}{x=0.495000}>,CN1CCCCC1,O,openff-2.2.1,3,0.8531205323245752,0.0002335881996254,0.8581580000000002,9.450000000000002e-05
30639,2919,dhmix_344305070199657817,609,EnthalpyOfMixing,<Substance CC(C)CC(C)(C)C{solv}{x=0.200300}|CCCO{solv}{x=0.799700}>,CC(C)CC(C)(C)C,CCCO,openff-2.2.1,3,0.5040772695130187,0.0412341930233865,0.308,0.0055
30640,2920,dens_1020839744665732433,610,Density,<Substance CC(C)CC(C)(C)C{solv}{x=0.200100}|CCCO{solv}{x=0.799900}>,CC(C)CC(C)(C)C,CCCO,openff-2.2.1,3,0.7599666054384346,0.0002385667389335,0.7589500000000002,0.00029
30641,2921,dens_1348847431810734601,611,Density,<Substance CC(C)CC(C)(C)C{solv}{x=0.700000}|CCCO{solv}{x=0.300000}>,CC(C)CC(C)(C)C,CCCO,openff-2.2.1,3,0.7153453726562845,0.0002136692743427,0.7046500000000001,0.00028
30642,2922,dhmix_1376194238727172922,612,EnthalpyOfMixing,<Substance CC(C)CC(C)(C)C{solv}{x=0.499800}|CCCO{solv}{x=0.500200}>,CC(C)CC(C)(C)C,CCCO,openff-2.2.1,3,0.9687855306081304,0.0443004676885731,0.6025,0.0027
30643,2923,dhmix_1868873434415785592,613,EnthalpyOfMixing,<Substance CC(C)CC(C)(C)C{solv}{x=0.699900}|CCCO{solv}{x=0.300100}>,CC(C)CC(C)(C)C,CCCO,openff-2.2.1,3,0.8703540179851643,0.0502353022397773,0.6544,0.0029
30644,2924,dens_1870552320710773195,614,Density,<Substance CC(C)CC(C)(C)C{solv}{x=0.500000}|CCCO{solv}{x=0.500000}>,CC(C)CC(C)(C)C,CCCO,openff-2.2.1,3,0.7290878866378405,0.0001658423804402,0.7214400000000002,0.00028
30645,2925,dens_344701479262570906,615,Density,<Substance C1CCOCC1{solv}{x=0.246100}|Cc1cccnc1{solv}{x=0.753900}>,C1CCOCC1,Cc1cccnc1,openff-2.2.1,3,0.9220592899742374,0.0002554393943574,0.9348570000000002,0.0004915
30646,2926,dhmix_772935681699310364,616,EnthalpyOfMixing,<Substance C1CCOCC1{solv}{x=0.480300}|Cc1cccnc1{solv}{x=0.519700}>,C1CCOCC1,Cc1cccnc1,openff-2.2.1,3,0.0166427349374274,0.0418887429302791,0.1271,0.00115
30647,2927,dens_1179184695460672925,617,Density,<Substance C1CCOCC1{solv}{x=0.756800}|Cc1cccnc1{solv}{x=0.243200}>,C1CCOCC1,Cc1cccnc1,openff-2.2.1,3,0.8847404432277045,0.0002252015353416,0.8976640000000002,0.0004655
30648,2928,dens_1273033541520518804,618,Density,<Substance C1CCOCC1{solv}{x=0.482700}|Cc1cccnc1{solv}{x=0.517300}>,C1CCOCC1,Cc1cccnc1,openff-2.2.1,3,0.9051518351712324,0.0002338269262773,0.9179640000000002,0.00048
30649,2929,dhmix_1594947441282636711,619,EnthalpyOfMixing,<Substance C1CCOCC1{solv}{x=0.735500}|Cc1cccnc1{solv}{x=0.264500}>,C1CCOCC1,Cc1cccnc1,openff-2.2.1,3,0.0308915352029757,0.0367298099466808,0.0924,0.00095
30650,2930,dhmix_2075643137470349800,620,EnthalpyOfMixing,<Substance C1CCOCC1{solv}{x=0.273200}|Cc1cccnc1{solv}{x=0.726800}>,C1CCOCC1,Cc1cccnc1,openff-2.2.1,3,0.0485581125361349,0.0480208022463272,0.1036,0.001
30651,2931,dhmix_346841872844739570,621,EnthalpyOfMixing,<Substance CC#N{solv}{x=0.700700}|CCOC(C)(C)C{solv}{x=0.299300}>,CC#N,CCOC(C)(C)C,openff-2.2.1,3,0.2381883685377896,0.0332982802060487,0.6176,0.0084
30652,2932,dhmix_840136828933604757,622,EnthalpyOfMixing,<Substance CC#N{solv}{x=0.199000}|CCOC(C)(C)C{solv}{x=0.801000}>,CC#N,CCOC(C)(C)C,openff-2.2.1,3,0.0909790370323904,0.0481956245549863,0.4418,0.006
30653,2933,dhmix_1934525864391020215,623,EnthalpyOfMixing,<Substance CC#N{solv}{x=0.501600}|CCOC(C)(C)C{solv}{x=0.498400}>,CC#N,CCOC(C)(C)C,openff-2.2.1,3,0.2557171471924673,0.0386098443441764,0.7098,0.00965
30654,2934,dens_1954735606040559695,624,Density,<Substance CC#N{solv}{x=0.700700}|CCOC(C)(C)C{solv}{x=0.299300}>,CC#N,CCOC(C)(C)C,openff-2.2.1,3,0.7650980784409065,0.0002438239070872,0.7595000000000002,0.00045
30655,2935,dens_2173310521496796694,625,Density,<Substance CC#N{solv}{x=0.501600}|CCOC(C)(C)C{solv}{x=0.498400}>,CC#N,CCOC(C)(C)C,openff-2.2.1,3,0.7592537853268909,0.0002397474750614,0.7510000000000002,0.00035
30656,2936,dens_2235331649530959984,626,Density,<Substance CC#N{solv}{x=0.199000}|CCOC(C)(C)C{solv}{x=0.801000}>,CC#N,CCOC(C)(C)C,openff-2.2.1,3,0.751801439781648,0.0002354787027446,0.7408000000000001,0.00015
30657,2937,dhmix_355078149157572999,627,EnthalpyOfMixing,<Substance OCCOCCO{solv}{x=0.790600}|O{solv}{x=0.209400}>,O,OCCOCCO,openff-2.2.1,3,-0.4123721299830265,0.0581220078967493,-0.521,0.003
30658,2938,dhmix_514261244195159379,628,EnthalpyOfMixing,<Substance OCCOCCO{solv}{x=0.300400}|O{solv}{x=0.699600}>,O,OCCOCCO,openff-2.2.1,3,-0.3419186504418032,0.0300182352377456,-1.245,0.0065
30659,2939,dhmix_1512634639127890343,629,EnthalpyOfMixing,<Substance OCCOCCO{solv}{x=0.501000}|O{solv}{x=0.499000}>,O,OCCOCCO,openff-2.2.1,3,-0.1792159800216453,0.0378332074883712,-1.149,0.0065
30660,2940,dens_1532732041743097130,630,Density,<Substance OCCOCCO{solv}{x=0.500600}|O{solv}{x=0.499400}>,O,OCCOCCO,openff-2.2.1,3,1.1038643734343958,0.0002752440994898,1.1070700000000002,0.00026
30661,2941,dens_1948924545926470959,631,Density,<Substance OCCOCCO{solv}{x=0.700300}|O{solv}{x=0.299700}>,O,OCCOCCO,openff-2.2.1,3,1.1102819688684369,0.0003251385089115,1.1111900000000003,0.000285
30662,2942,dens_2114974877291939954,632,Density,<Substance OCCOCCO{solv}{x=0.301000}|O{solv}{x=0.699000}>,O,OCCOCCO,openff-2.2.1,3,1.0851360762744875,0.0003075921045912,1.0958900000000005,0.000305
30663,2943,dhmix_355690558520209737,633,EnthalpyOfMixing,<Substance CC(C)CC(C)(C)C{solv}{x=0.774800}|CC(C)OC(C)C{solv}{x=0.225200}>,CC(C)CC(C)(C)C,CC(C)OC(C)C,openff-2.2.1,3,0.3430044141914976,0.0487501459461159,0.132161,0.001556
30664,2944,dens_706481868145479619,634,Density,<Substance CC(C)CC(C)(C)C{solv}{x=0.250000}|CC(C)OC(C)C{solv}{x=0.750000}>,CC(C)CC(C)(C)C,CC(C)OC(C)C,openff-2.2.1,3,0.7222113102184159,0.0001740299660837,0.7090800000000002,0.000155
30665,2945,dens_960755156711549154,635,Density,<Substance CC(C)CC(C)(C)C{solv}{x=0.750000}|CC(C)OC(C)C{solv}{x=0.250000}>,CC(C)CC(C)(C)C,CC(C)OC(C)C,openff-2.2.1,3,0.7084095514400143,0.0002144603885852,0.6937500000000002,0.000155
30666,2946,dens_1165117582450092341,636,Density,<Substance CC(C)CC(C)(C)C{solv}{x=0.500900}|CC(C)OC(C)C{solv}{x=0.499100}>,CC(C)CC(C)(C)C,CC(C)OC(C)C,openff-2.2.1,3,0.7150061150038735,0.0001861955689096,0.7005900000000002,0.000105
30667,2947,dhmix_1819714300540494359,637,EnthalpyOfMixing,<Substance CC(C)CC(C)(C)C{solv}{x=0.512500}|CC(C)OC(C)C{solv}{x=0.487500}>,CC(C)CC(C)(C)C,CC(C)OC(C)C,openff-2.2.1,3,0.443932245713512,0.0468300964114109,0.197047,0.002233
30668,2948,dhmix_2031984064821599856,638,EnthalpyOfMixing,<Substance CC(C)CC(C)(C)C{solv}{x=0.269300}|CC(C)OC(C)C{solv}{x=0.730700}>,CC(C)CC(C)(C)C,CC(C)OC(C)C,openff-2.2.1,3,0.2711916082173644,0.047217312093404,0.158983,0.0018345
30669,2949,dens_357198687829738077,639,Density,<Substance C1CCOCC1{solv}{x=0.223500}|CCCCCC(C)=O{solv}{x=0.776500}>,C1CCOCC1,CCCCCC(C)=O,openff-2.2.1,3,0.8060782033729245,0.0001964263796991,0.8221200000000002,0.000375
30670,2950,dens_1074719884132299485,640,Density,<Substance C1CCOCC1{solv}{x=0.516600}|CCCCCC(C)=O{solv}{x=0.483400}>,C1CCOCC1,CCCCCC(C)=O,openff-2.2.1,3,0.824653486428407,0.0002014043029997,0.8396100000000002,0.00032
30671,2951,dens_1427208283653313137,641,Density,<Substance C1CCOCC1{solv}{x=0.710100}|CCCCCC(C)=O{solv}{x=0.289900}>,C1CCOCC1,CCCCCC(C)=O,openff-2.2.1,3,0.8387265681289657,0.0002485287676088,0.8534200000000002,0.000285
30672,2952,dhmix_1485904869507380555,642,EnthalpyOfMixing,<Substance C1CCOCC1{solv}{x=0.500000}|CCCCCC(C)=O{solv}{x=0.500000}>,C1CCOCC1,CCCCCC(C)=O,openff-2.2.1,3,0.1625320857458589,0.0444911360402746,0.05773,0.000615
30673,2953,dhmix_1931504734279468677,643,EnthalpyOfMixing,<Substance C1CCOCC1{solv}{x=0.250000}|CCCCCC(C)=O{solv}{x=0.750000}>,C1CCOCC1,CCCCCC(C)=O,openff-2.2.1,3,0.0762522867224646,0.0543952157410822,0.03429,0.00053
30674,2954,dhmix_2296263041755700053,644,EnthalpyOfMixing,<Substance C1CCOCC1{solv}{x=0.750000}|CCCCCC(C)=O{solv}{x=0.250000}>,C1CCOCC1,CCCCCC(C)=O,openff-2.2.1,3,0.14740070749977,0.0366190189394713,0.05587,0.00061
30675,2955,dhmix_357499987240135169,645,EnthalpyOfMixing,<Substance CCCCC{solv}{x=0.772700}|CCCCOC=O{solv}{x=0.227300}>,CCCCC,CCCCOC=O,openff-2.2.1,3,1.1743827982173372,0.0453116017071084,0.87,0.004
30676,2956,dens_435201289177646286,646,Density,<Substance CCCCC{solv}{x=0.504200}|CCCCOC=O{solv}{x=0.495800}>,CCCCC,CCCCOC=O,openff-2.2.1,3,0.7500541677408535,0.0002493435663607,0.7523000000000001,0.00024
30677,2957,dens_635752291929824010,647,Density,<Substance CCCCC{solv}{x=0.699000}|CCCCOC=O{solv}{x=0.301000}>,CCCCC,CCCCOC=O,openff-2.2.1,3,0.6916732478373174,0.0002578743600051,0.6994600000000002,0.00018
30678,2958,dhmix_869493303716364153,648,EnthalpyOfMixing,<Substance CCCCC{solv}{x=0.490500}|CCCCOC=O{solv}{x=0.509500}>,CCCCC,CCCCOC=O,openff-2.2.1,3,1.240563477007356,0.0458256996545047,0.959,0.004
30679,2959,dhmix_1188548276416925178,649,EnthalpyOfMixing,<Substance CCCCC{solv}{x=0.246000}|CCCCOC=O{solv}{x=0.754000}>,CCCCC,CCCCOC=O,openff-2.2.1,3,0.8653946442818636,0.0465945359562633,0.632,0.003
30680,2960,dens_1944800378076074966,650,Density,<Substance CCCCC{solv}{x=0.247100}|CCCCOC=O{solv}{x=0.752900}>,CCCCC,CCCCOC=O,openff-2.2.1,3,0.8274753587880986,0.0002104141808687,0.8221800000000001,0.000375
30681,2961,dhmix_357740737126275220,651,EnthalpyOfMixing,<Substance CC(=O)N(C)C{solv}{x=0.212000}|CCCCCl{solv}{x=0.788000}>,CC(=O)N(C)C,CCCCCl,openff-2.2.1,3,0.3422078923145832,0.0359614876338687,0.244,0.0025
30682,2962,dens_563556088097831353,652,Density,<Substance CC(=O)N(C)C{solv}{x=0.499000}|CCCCCl{solv}{x=0.501000}>,CC(=O)N(C)C,CCCCCl,openff-2.2.1,3,0.8811497771528983,0.0002670610973515,0.9081000000000002,0.0002
30683,2963,dens_1083232356130752567,653,Density,<Substance CC(=O)N(C)C{solv}{x=0.799700}|CCCCCl{solv}{x=0.200300}>,CC(=O)N(C)C,CCCCCl,openff-2.2.1,3,0.89222624935192,0.0002400627587228,0.9247000000000004,0.0002
30684,2964,dhmix_1487887746912587509,654,EnthalpyOfMixing,<Substance CC(=O)N(C)C{solv}{x=0.708000}|CCCCCl{solv}{x=0.292000}>,CC(=O)N(C)C,CCCCCl,openff-2.2.1,3,0.4718812895948652,0.0398130076434933,0.305,0.0025
30685,2965,dens_1662749398344255132,655,Density,<Substance CC(=O)N(C)C{solv}{x=0.210500}|CCCCCl{solv}{x=0.789500}>,CC(=O)N(C)C,CCCCCl,openff-2.2.1,3,0.8686991374284443,0.0003211138539901,0.8918000000000001,0.0002
30686,2966,dhmix_2085343422065298965,656,EnthalpyOfMixing,<Substance CC(=O)N(C)C{solv}{x=0.511000}|CCCCCl{solv}{x=0.489000}>,CC(=O)N(C)C,CCCCCl,openff-2.2.1,3,0.5229704888088484,0.0372873045321845,0.363,0.0025
30687,2967,dhmix_359626193748497849,657,EnthalpyOfMixing,<Substance C1CCOCC1{solv}{x=0.750000}|O=C1CCCCC1{solv}{x=0.250000}>,C1CCOCC1,O=C1CCCCC1,openff-2.2.1,3,0.0189968116490817,0.0461057050913615,0.07698,0.00069
30688,2968,dhmix_709905971434026360,658,EnthalpyOfMixing,<Substance C1CCOCC1{solv}{x=0.250000}|O=C1CCCCC1{solv}{x=0.750000}>,C1CCOCC1,O=C1CCCCC1,openff-2.2.1,3,0.033945074356076,0.0429045768364868,0.05827,0.00062
30689,2969,dens_996263306280392228,659,Density,<Substance C1CCOCC1{solv}{x=0.500900}|O=C1CCCCC1{solv}{x=0.499100}>,C1CCOCC1,O=C1CCCCC1,openff-2.2.1,3,0.8922820604743051,0.0001952612583617,0.9160300000000002,0.000505
30690,2970,dens_1296485655493191092,660,Density,<Substance C1CCOCC1{solv}{x=0.247100}|O=C1CCCCC1{solv}{x=0.752900}>,C1CCOCC1,O=C1CCCCC1,openff-2.2.1,3,0.9040452667420013,0.0002098050966761,0.9305900000000004,0.000505
30691,2971,dhmix_1617652800437548554,661,EnthalpyOfMixing,<Substance C1CCOCC1{solv}{x=0.500000}|O=C1CCCCC1{solv}{x=0.500000}>,C1CCOCC1,O=C1CCCCC1,openff-2.2.1,3,0.0315235802877822,0.041172113782053,0.08658,0.000725
30692,2972,dens_2134919398794801459,662,Density,<Substance C1CCOCC1{solv}{x=0.738900}|O=C1CCCCC1{solv}{x=0.261100}>,C1CCOCC1,O=C1CCCCC1,openff-2.2.1,3,0.8803129232272278,0.0001959891141228,0.9000800000000002,0.000505
30693,2973,dens_371429494256072686,663,Density,<Substance COC=O{solv}{x=0.513800}|ClCCCCl{solv}{x=0.486200}>,COC=O,ClCCCCl,openff-2.2.1,3,1.0892433899330003,0.0002664272346573,1.08831,0.00025
30694,2974,dens_416463243686186519,664,Density,<Substance COC=O{solv}{x=0.738400}|ClCCCCl{solv}{x=0.261600}>,COC=O,ClCCCCl,openff-2.2.1,3,1.0505902738187411,0.0003642203028899,1.03754,0.0002
30695,2975,dhmix_573570621261992547,665,EnthalpyOfMixing,<Substance COC=O{solv}{x=0.767400}|ClCCCCl{solv}{x=0.232600}>,COC=O,ClCCCCl,openff-2.2.1,3,0.6125671477892505,0.0293699785265853,0.2841,0.0015
30696,2976,dens_1665007650151393058,666,Density,<Substance COC=O{solv}{x=0.244000}|ClCCCCl{solv}{x=0.756000}>,COC=O,ClCCCCl,openff-2.2.1,3,1.1276731043989756,0.0003603563106373,1.1395000000000002,0.0003
30697,2977,dhmix_2050640017895200777,667,EnthalpyOfMixing,<Substance COC=O{solv}{x=0.502400}|ClCCCCl{solv}{x=0.497600}>,COC=O,ClCCCCl,openff-2.2.1,3,0.803716353839361,0.0339620913605021,0.3503,0.00175
30698,2978,dhmix_2121310957223924646,668,EnthalpyOfMixing,<Substance COC=O{solv}{x=0.202400}|ClCCCCl{solv}{x=0.797600}>,COC=O,ClCCCCl,openff-2.2.1,3,0.5002434244029743,0.0383139948618055,0.2064,0.0012
30699,2979,dens_380799246642881225,669,Density,<Substance Cc1ccncc1{solv}{x=0.500000}|O{solv}{x=0.500000}>,Cc1ccncc1,O,openff-2.2.1,3,0.9488358492781306,0.0003321345743817,0.9704000000000004,0.0005
30700,2980,dens_1024460369591354985,670,Density,<Substance Cc1ccncc1{solv}{x=0.225000}|O{solv}{x=0.775000}>,Cc1ccncc1,O,openff-2.2.1,3,0.957191682338372,0.00037357592485,0.9848000000000002,0.0004
30701,2981,dens_1867704914487230306,671,Density,<Substance Cc1ccncc1{solv}{x=0.750000}|O{solv}{x=0.250000}>,Cc1ccncc1,O,openff-2.2.1,3,0.9454899854574622,0.0002604473674676,0.9614000000000004,0.0004
30702,2982,dhmix_396839331496923568,672,EnthalpyOfMixing,<Substance CCCOC(=O)CC{solv}{x=0.237600}|ClCCCl{solv}{x=0.762400}>,CCCOC(=O)CC,ClCCCl,openff-2.2.1,3,-0.33087859748208,1.279565551271212e-05,-0.317,0.0035
30703,2983,dens_1025242301432619836,673,Density,<Substance CCCOC(=O)CC{solv}{x=0.518800}|ClCCCl{solv}{x=0.481200}>,CCCOC(=O)CC,ClCCCl,openff-2.2.1,3,0.99687386951796,1e-05,1.0064000000000002,0.000905
30704,2984,dens_1654149510571748883,674,Density,<Substance CCCOC(=O)CC{solv}{x=0.731600}|ClCCCl{solv}{x=0.268400}>,CCCOC(=O)CC,ClCCCl,openff-2.2.1,3,0.9350919898534016,1e-05,0.9416300000000002,0.00041
30705,2985,dens_1804016971158746429,675,Density,<Substance CCCOC(=O)CC{solv}{x=0.243700}|ClCCCl{solv}{x=0.756300}>,CCCOC(=O)CC,ClCCCl,openff-2.2.1,3,1.0977060789308857,1e-05,1.11431,0.002155
30706,2986,dhmix_1840109043188951916,676,EnthalpyOfMixing,<Substance CCCOC(=O)CC{solv}{x=0.517700}|ClCCCl{solv}{x=0.482300}>,CCCOC(=O)CC,ClCCCl,openff-2.2.1,3,-0.4348328436677313,1.225009387719131e-05,-0.557,0.006
30707,2987,dhmix_1924188358781329171,677,EnthalpyOfMixing,<Substance CCCOC(=O)CC{solv}{x=0.787400}|ClCCCl{solv}{x=0.212600}>,CCCOC(=O)CC,ClCCCl,openff-2.2.1,3,-0.2800467598138532,1.2902472631243985e-05,-0.357,0.004
30708,2988,dhmix_408170436877433675,678,EnthalpyOfMixing,<Substance CCCCC{solv}{x=0.229800}|CCOC=O{solv}{x=0.770200}>,CCCCC,CCOC=O,openff-2.2.1,3,1.1673711763610015,0.0372396581422913,1.016,0.0045
30709,2989,dens_1159257310358090227,679,Density,<Substance CCCCC{solv}{x=0.748000}|CCOC=O{solv}{x=0.252000}>,CCCCC,CCOC=O,openff-2.2.1,3,0.6625807080815969,0.000287734054989,0.6707000000000002,0.000165
30710,2990,dhmix_1897634982824334825,680,EnthalpyOfMixing,<Substance CCCCC{solv}{x=0.500100}|CCOC=O{solv}{x=0.499900}>,CCCCC,CCOC=O,openff-2.2.1,3,1.6384775288442055,0.0383503417857702,1.354,0.0055
30711,2991,dens_1931965346092446599,681,Density,<Substance CCCCC{solv}{x=0.504000}|CCOC=O{solv}{x=0.496000}>,CCCCC,CCOC=O,openff-2.2.1,3,0.7357901418979541,0.0002865057374598,0.7333000000000002,0.00024
30712,2992,dens_2086304425324215507,682,Density,<Substance CCCCC{solv}{x=0.298000}|CCOC=O{solv}{x=0.702000}>,CCCCC,CCOC=O,openff-2.2.1,3,0.8099099078947632,0.0002630372199334,0.7971000000000003,0.000345
30713,2993,dhmix_2117998354372981576,683,EnthalpyOfMixing,<Substance CCCCC{solv}{x=0.777900}|CCOC=O{solv}{x=0.222100}>,CCCCC,CCOC=O,openff-2.2.1,3,1.395309037486726,0.0415297813166413,1.051,0.0045
30714,2994,dens_415189671276159712,684,Density,<Substance NCCO{solv}{x=0.785350}|c1ccncc1{solv}{x=0.214650}>,NCCO,c1ccncc1,openff-2.2.1,3,1.0449460272815092,0.000419483617572,1.002592,0.000101
30715,2995,dhmix_607563797490786343,685,EnthalpyOfMixing,<Substance NCCO{solv}{x=0.559360}|c1ccncc1{solv}{x=0.440640}>,NCCO,c1ccncc1,openff-2.2.1,3,0.7921129376452853,0.0368155932012987,0.824,0.0035
30716,2996,dhmix_783614050589043390,686,EnthalpyOfMixing,<Substance NCCO{solv}{x=0.248120}|c1ccncc1{solv}{x=0.751880}>,NCCO,c1ccncc1,openff-2.2.1,3,0.7524625858965167,0.0388593344953347,0.779,0.0035
30717,2997,dens_907288549206652702,687,Density,<Substance NCCO{solv}{x=0.558640}|c1ccncc1{solv}{x=0.441360}>,NCCO,c1ccncc1,openff-2.2.1,3,1.0210579683694347,0.0002562688939631,0.9936870000000002,0.0001015
30718,2998,dhmix_1092036220949585875,688,EnthalpyOfMixing,<Substance NCCO{solv}{x=0.746780}|c1ccncc1{solv}{x=0.253220}>,NCCO,c1ccncc1,openff-2.2.1,3,0.575931158857081,0.061253765293122,0.612,0.003
30719,2999,dens_2278246591298089898,689,Density,<Substance NCCO{solv}{x=0.210010}|c1ccncc1{solv}{x=0.789990}>,NCCO,c1ccncc1,openff-2.2.1,3,0.989686420525121,0.0002585480021717,0.9825660000000004,0.0001015
30720,3000,dens_419188249264987147,690,Density,<Substance CCCCC(=O)OCC{solv}{x=0.492100}|CCOC(C)=O{solv}{x=0.507900}>,CCCCC(=O)OCC,CCOC(C)=O,openff-2.2.1,3,0.8803195659217237,0.0001967095690606,0.8787300000000002,0.00012
30721,3001,dens_667714041205021070,691,Density,<Substance CCCCC(=O)OCC{solv}{x=0.304700}|CCOC(C)=O{solv}{x=0.695300}>,CCCCC(=O)OCC,CCOC(C)=O,openff-2.2.1,3,0.8865552757783148,0.0002569807731799,0.8836400000000002,0.00012
30722,3002,dhmix_1137774316856842141,692,EnthalpyOfMixing,<Substance CCCCC(=O)OCC{solv}{x=0.737600}|CCOC(C)=O{solv}{x=0.262400}>,CCCCC(=O)OCC,CCOC(C)=O,openff-2.2.1,3,0.1222808901480636,0.0514847684799408,0.114,0.0015
30723,3003,dhmix_1322441082145072072,693,EnthalpyOfMixing,<Substance CCCCC(=O)OCC{solv}{x=0.279900}|CCOC(C)=O{solv}{x=0.720100}>,CCCCC(=O)OCC,CCOC(C)=O,openff-2.2.1,3,0.0045455382052352,0.0428534580670893,0.139,0.0015
30724,3004,dens_1682638395920841051,694,Density,<Substance CCCCC(=O)OCC{solv}{x=0.752600}|CCOC(C)=O{solv}{x=0.247400}>,CCCCC(=O)OCC,CCOC(C)=O,openff-2.2.1,3,0.8731821880783015,0.0001944990357518,0.8732900000000001,0.00012
30725,3005,dhmix_2161842751879945948,695,EnthalpyOfMixing,<Substance CCCCC(=O)OCC{solv}{x=0.519800}|CCOC(C)=O{solv}{x=0.480200}>,CCCCC(=O)OCC,CCOC(C)=O,openff-2.2.1,3,0.1063147461365083,0.0450259552745772,0.154,0.002
30726,3006,dhmix_419593950323214290,696,EnthalpyOfMixing,<Substance CCCCCC(C)=O{solv}{x=0.780400}|CCN(CC)CC{solv}{x=0.219600}>,CCCCCC(C)=O,CCN(CC)CC,openff-2.2.1,3,0.0492704379449193,0.0524798509285883,0.216,0.0025
30727,3007,dens_651921010645567431,697,Density,<Substance CCCCCC(C)=O{solv}{x=0.259800}|CCN(CC)CC{solv}{x=0.740200}>,CCCCCC(C)=O,CCN(CC)CC,openff-2.2.1,3,0.7414867107624937,0.0002014213950167,0.7465820000000002,8.950000000000002e-05
30728,3008,dens_995831511901627711,698,Density,<Substance CCCCCC(C)=O{solv}{x=0.748400}|CCN(CC)CC{solv}{x=0.251600}>,CCCCCC(C)=O,CCN(CC)CC,openff-2.2.1,3,0.7774213944664975,0.0001954013523397,0.7899410000000002,0.0001055
30729,3009,dhmix_1001984601109558110,699,EnthalpyOfMixing,<Substance CCCCCC(C)=O{solv}{x=0.492000}|CCN(CC)CC{solv}{x=0.508000}>,CCCCCC(C)=O,CCN(CC)CC,openff-2.2.1,3,0.2133576941887369,0.0444731713809846,0.419,0.0045
30730,3010,dens_1887829851815986883,700,Density,<Substance CCCCCC(C)=O{solv}{x=0.503200}|CCN(CC)CC{solv}{x=0.496800}>,CCCCCC(C)=O,CCN(CC)CC,openff-2.2.1,3,0.7597256245564161,0.0002064473933715,0.7684760000000002,9.800000000000002e-05
30731,3011,dhmix_2085744568401562111,701,EnthalpyOfMixing,<Substance CCCCCC(C)=O{solv}{x=0.293900}|CCN(CC)CC{solv}{x=0.706100}>,CCCCCC(C)=O,CCN(CC)CC,openff-2.2.1,3,0.2346042174347573,0.0505081990276869,0.412,0.0045
30732,3012,dens_436049638479549968,702,Density,<Substance COC=O{solv}{x=0.472500}|ClCCCl{solv}{x=0.527500}>,COC=O,ClCCCl,openff-2.2.1,3,1.1269704359099342,0.0004380127466094,1.1269600000000004,0.000285
30733,3013,dens_627145458965592302,703,Density,<Substance COC=O{solv}{x=0.753000}|ClCCCl{solv}{x=0.247000}>,COC=O,ClCCCl,openff-2.2.1,3,1.0613805088047168,0.0003453909529021,1.0461600000000004,0.000205
30734,3014,dhmix_731680623269260416,704,EnthalpyOfMixing,<Substance COC=O{solv}{x=0.250800}|ClCCCl{solv}{x=0.749200}>,COC=O,ClCCCl,openff-2.2.1,3,0.4535357911150353,0.0311526000664379,0.0793,0.0007
30735,3015,dens_1488543630772933598,705,Density,<Substance COC=O{solv}{x=0.279500}|ClCCCl{solv}{x=0.720500}>,COC=O,ClCCCl,openff-2.2.1,3,1.1642061549024083,0.000464843154438,1.1777100000000005,0.00034
30736,3016,dhmix_2170321998768851974,706,EnthalpyOfMixing,<Substance COC=O{solv}{x=0.732200}|ClCCCl{solv}{x=0.267800}>,COC=O,ClCCCl,openff-2.2.1,3,0.3955668706696325,0.0325611093655046,0.0733,0.00065
30737,3017,dhmix_2249001225536869896,707,EnthalpyOfMixing,<Substance COC=O{solv}{x=0.487400}|ClCCCl{solv}{x=0.512600}>,COC=O,ClCCCl,openff-2.2.1,3,0.4880689523143129,0.0295082888009806,0.1028,0.0008
30738,3018,dhmix_442816374747487477,708,EnthalpyOfMixing,<Substance NCCCNCCCN{solv}{x=0.801500}|O{solv}{x=0.198500}>,NCCCNCCCN,O,openff-2.2.1,3,-1.5386586655153986,1.2969844467616518e-05,-2.233,0.024
30739,3019,dhmix_1795382205757805615,709,EnthalpyOfMixing,<Substance NCCCNCCCN{solv}{x=0.300500}|O{solv}{x=0.699500}>,NCCCNCCCN,O,openff-2.2.1,3,-4.605625060461197,1.2568850146772776e-05,-6.588,0.07
30740,3020,dhmix_1814950732748396893,710,EnthalpyOfMixing,<Substance NCCCNCCCN{solv}{x=0.499800}|O{solv}{x=0.500200}>,NCCCNCCCN,O,openff-2.2.1,3,-4.20544762803639,1.2247448713915892e-05,-5.544,0.059
30741,3021,dhmix_446869196417408130,711,EnthalpyOfMixing,<Substance NCCNCCO{solv}{x=0.770000}|O{solv}{x=0.230000}>,NCCNCCO,O,openff-2.2.1,3,-1.7449620886344377,1.282887368399892e-05,-1.711,0.035
30742,3022,dhmix_673839467313503071,712,EnthalpyOfMixing,<Substance NCCNCCO{solv}{x=0.069900}|O{solv}{x=0.930100}>,NCCNCCO,O,openff-2.2.1,3,-0.7002889895611304,1.3674063039199432e-05,-1.713,0.035
30743,3023,dens_688094438561771555,713,Density,<Substance NCCNCCO{solv}{x=0.799700}|O{solv}{x=0.200300}>,NCCNCCO,O,openff-2.2.1,3,1.0809202579796364,1e-05,1.0318300000000002,0.00024
30744,3024,dhmix_1682883323293489147,714,EnthalpyOfMixing,<Substance NCCNCCO{solv}{x=0.400100}|O{solv}{x=0.599900}>,NCCNCCO,O,openff-2.2.1,3,-2.415580051139635,1.2328828005937951e-05,-4.15,0.0845
30745,3025,dens_2045176885611624977,715,Density,<Substance NCCNCCO{solv}{x=0.070000}|O{solv}{x=0.930000}>,NCCNCCO,O,openff-2.2.1,3,1.0210620398238914,1e-05,1.0222800000000003,0.000125
30746,3026,dens_2280714043292214506,716,Density,<Substance NCCNCCO{solv}{x=0.399700}|O{solv}{x=0.600300}>,NCCNCCO,O,openff-2.2.1,3,1.066439766942048,1e-05,1.0370100000000002,0.00017
30747,3027,dens_448105363780466270,717,Density,<Substance CCCCCCCl{solv}{x=0.498300}|CN(C)C=O{solv}{x=0.501700}>,CCCCCCCl,CN(C)C=O,openff-2.2.1,3,0.8820065699021856,0.0002505814867985,0.8974000000000002,0.0003
30748,3028,dens_1134260732394863277,718,Density,<Substance CCCCCCCl{solv}{x=0.729300}|CN(C)C=O{solv}{x=0.270700}>,CCCCCCCl,CN(C)C=O,openff-2.2.1,3,0.8707447462732388,0.0002405453404373,0.8844000000000002,0.0003
30749,3029,dhmix_1150917243327149472,719,EnthalpyOfMixing,<Substance CCCCCCCl{solv}{x=0.500000}|CN(C)C=O{solv}{x=0.500000}>,CCCCCCCl,CN(C)C=O,openff-2.2.1,3,1.1487700898921105,0.0414229987931488,0.847,0.004
30750,3030,dhmix_1166656674614639609,720,EnthalpyOfMixing,<Substance CCCCCCCl{solv}{x=0.204000}|CN(C)C=O{solv}{x=0.796000}>,CCCCCCCl,CN(C)C=O,openff-2.2.1,3,0.8099322688227204,0.0392867771467358,0.583,0.004
30751,3031,dhmix_1262474968830454367,721,EnthalpyOfMixing,<Substance CCCCCCCl{solv}{x=0.795000}|CN(C)C=O{solv}{x=0.205000}>,CCCCCCCl,CN(C)C=O,openff-2.2.1,3,0.8283776640664229,0.0465310836200335,0.542,0.0035
30752,3032,dens_1862934255267356180,722,Density,<Substance CCCCCCCl{solv}{x=0.200700}|CN(C)C=O{solv}{x=0.799300}>,CCCCCCCl,CN(C)C=O,openff-2.2.1,3,0.9011081560123484,0.0001786621247585,0.9218000000000002,0.00025
30753,3033,dhmix_457000181442392641,723,EnthalpyOfMixing,<Substance CCOCCO{solv}{x=0.241100}|c1ccccc1{solv}{x=0.758900}>,CCOCCO,c1ccccc1,openff-2.2.1,3,0.5669109837931927,0.0432985167554787,0.6303,0.00815
30754,3034,dhmix_501726034520661035,724,EnthalpyOfMixing,<Substance CCOCCO{solv}{x=0.733600}|c1ccccc1{solv}{x=0.266400}>,CCOCCO,c1ccccc1,openff-2.2.1,3,0.3677695091310795,0.0459416882601467,0.2326,0.0033
30755,3035,dens_577983044895299238,725,Density,<Substance CCOCCO{solv}{x=0.251800}|c1ccccc1{solv}{x=0.748200}>,CCOCCO,c1ccccc1,openff-2.2.1,3,0.8717618666975604,0.0003109015987197,0.8849000000000002,0.00081
30756,3036,dens_1506946378386070831,726,Density,<Substance CCOCCO{solv}{x=0.750800}|c1ccccc1{solv}{x=0.249200}>,CCOCCO,c1ccccc1,openff-2.2.1,3,0.9069662263764816,0.0001813280452041,0.9134500000000004,0.000685
30757,3037,dhmix_1801594081157333975,727,EnthalpyOfMixing,<Substance CCOCCO{solv}{x=0.478600}|c1ccccc1{solv}{x=0.521400}>,CCOCCO,c1ccccc1,openff-2.2.1,3,0.518560723244633,0.0469704541145059,0.4912,0.00645
30758,3038,dens_2128846755225827916,728,Density,<Substance CCOCCO{solv}{x=0.504800}|c1ccccc1{solv}{x=0.495200}>,CCOCCO,c1ccccc1,openff-2.2.1,3,0.8897469351127768,0.0002346023963499,0.8995700000000003,0.000745
30759,3039,dhmix_466383569529620932,729,EnthalpyOfMixing,<Substance CC(=O)N(C)C{solv}{x=0.505000}|CCCCCCCl{solv}{x=0.495000}>,CC(=O)N(C)C,CCCCCCCl,openff-2.2.1,3,0.8047774875548157,0.04578047176082,0.61,0.003
30760,3040,dhmix_493694362228351572,730,EnthalpyOfMixing,<Substance CC(=O)N(C)C{solv}{x=0.798000}|CCCCCCCl{solv}{x=0.202000}>,CC(=O)N(C)C,CCCCCCCl,openff-2.2.1,3,0.5790726589715298,0.0418759713719002,0.425,0.003
30761,3041,dhmix_626564461179097700,731,EnthalpyOfMixing,<Substance CC(=O)N(C)C{solv}{x=0.211000}|CCCCCCCl{solv}{x=0.789000}>,CC(=O)N(C)C,CCCCCCCl,openff-2.2.1,3,0.5864436525175165,0.0417086890153528,0.38,0.003
30762,3042,dens_1720641323575133011,732,Density,<Substance CC(=O)N(C)C{solv}{x=0.200300}|CCCCCCCl{solv}{x=0.799700}>,CC(=O)N(C)C,CCCCCCCl,openff-2.2.1,3,0.866693848498047,0.0002288047920894,0.8816000000000003,0.00025
30763,3043,dens_1817345990638851984,733,Density,<Substance CC(=O)N(C)C{solv}{x=0.503000}|CCCCCCCl{solv}{x=0.497000}>,CC(=O)N(C)C,CCCCCCCl,openff-2.2.1,3,0.8767371676430895,0.0002343892478336,0.8975000000000002,0.00025
30764,3044,dens_1885054129776339889,734,Density,<Substance CC(=O)N(C)C{solv}{x=0.699200}|CCCCCCCl{solv}{x=0.300800}>,CC(=O)N(C)C,CCCCCCCl,openff-2.2.1,3,0.8844602011855204,0.0002339381154811,0.9104000000000002,0.0002
30765,3045,dens_468507243072548580,735,Density,<Substance CCC#N{solv}{x=0.701200}|CCOC(C)(C)CC{solv}{x=0.298800}>,CCC#N,CCOC(C)(C)CC,openff-2.2.1,3,0.771718269485019,0.0002761381813844,0.7715000000000002,0.0004
30766,3046,dhmix_553135124490085656,736,EnthalpyOfMixing,<Substance CCC#N{solv}{x=0.502500}|CCOC(C)(C)CC{solv}{x=0.497500}>,CCC#N,CCOC(C)(C)CC,openff-2.2.1,3,0.263890008539505,0.0415029451184823,0.7023,0.00955
30767,3047,dens_762108332272225600,737,Density,<Substance CCC#N{solv}{x=0.502500}|CCOC(C)(C)CC{solv}{x=0.497500}>,CCC#N,CCOC(C)(C)CC,openff-2.2.1,3,0.7684477306120482,0.0002444966208776,0.7683000000000001,0.00035
30768,3048,dens_967634241844220739,738,Density,<Substance CCC#N{solv}{x=0.200900}|CCOC(C)(C)CC{solv}{x=0.799100}>,CCC#N,CCOC(C)(C)CC,openff-2.2.1,3,0.7632792650759902,0.0002153641837617,0.7638000000000001,0.00025
30769,3049,dhmix_1961082112686431376,739,EnthalpyOfMixing,<Substance CCC#N{solv}{x=0.200900}|CCOC(C)(C)CC{solv}{x=0.799100}>,CCC#N,CCOC(C)(C)CC,openff-2.2.1,3,0.1253602081659011,0.0505819015517551,0.502,0.00685
30770,3050,dhmix_2005765786246998093,740,EnthalpyOfMixing,<Substance CCC#N{solv}{x=0.701200}|CCOC(C)(C)CC{solv}{x=0.298800}>,CCC#N,CCOC(C)(C)CC,openff-2.2.1,3,0.2951073541481257,0.036650285594334,0.5863,0.008
30771,3051,dhmix_471514663464011364,741,EnthalpyOfMixing,<Substance C1CCOCC1{solv}{x=0.722000}|CCCCCO{solv}{x=0.278000}>,C1CCOCC1,CCCCCO,openff-2.2.1,3,0.9823563118760889,0.0398967921069878,0.8628,0.00745
30772,3052,dens_910343796235321484,742,Density,<Substance C1CCOCC1{solv}{x=0.298700}|CCCCCO{solv}{x=0.701300}>,C1CCOCC1,CCCCCO,openff-2.2.1,3,0.8219738124362682,0.0002328118821293,0.8293300000000002,0.00034
30773,3053,dens_1812069868432416079,743,Density,<Substance C1CCOCC1{solv}{x=0.800000}|CCCCCO{solv}{x=0.200000}>,C1CCOCC1,CCCCCO,openff-2.2.1,3,0.8520479726431178,0.0002190022307696,0.8635900000000002,0.000315
30774,3054,dhmix_1936206883965149188,744,EnthalpyOfMixing,<Substance C1CCOCC1{solv}{x=0.526000}|CCCCCO{solv}{x=0.474000}>,C1CCOCC1,CCCCCO,openff-2.2.1,3,1.2315634571214955,0.0396379797823733,0.97,0.00615
30775,3055,dhmix_1992318015190346725,745,EnthalpyOfMixing,<Substance C1CCOCC1{solv}{x=0.217000}|CCCCCO{solv}{x=0.783000}>,C1CCOCC1,CCCCCO,openff-2.2.1,3,0.5544727522710815,0.0428142924574151,0.6006,0.00455
30776,3056,dens_2204330198012032768,746,Density,<Substance C1CCOCC1{solv}{x=0.499400}|CCCCCO{solv}{x=0.500600}>,C1CCOCC1,CCCCCO,openff-2.2.1,3,0.8329374515601027,0.0002537216518116,0.8425400000000002,0.00033
30777,3057,dhmix_472822428299818953,747,EnthalpyOfMixing,<Substance CC(C)CC(C)(C)C{solv}{x=0.700500}|CCCCO{solv}{x=0.299500}>,CC(C)CC(C)(C)C,CCCCO,openff-2.2.1,3,0.821966756303425,1.257203858776891e-05,0.6228,0.0028
30778,3058,dhmix_628387028768654403,748,EnthalpyOfMixing,<Substance CC(C)CC(C)(C)C{solv}{x=0.499900}|CCCCO{solv}{x=0.500100}>,CC(C)CC(C)(C)C,CCCCO,openff-2.2.1,3,0.8135588151145186,1.2247448713915892e-05,0.5938,0.0027
30779,3059,dens_631668933678639865,749,Density,<Substance CC(C)CC(C)(C)C{solv}{x=0.200000}|CCCCO{solv}{x=0.800000}>,CC(C)CC(C)(C)C,CCCCO,openff-2.2.1,3,0.7687902071699687,1e-05,0.7696800000000001,0.000295
30780,3060,dens_1394470087977586253,750,Density,<Substance CC(C)CC(C)(C)C{solv}{x=0.500000}|CCCCO{solv}{x=0.500000}>,CC(C)CC(C)(C)C,CCCCO,openff-2.2.1,3,0.7360606272483797,1e-05,0.7294000000000002,0.000285
30781,3061,dens_1809610870413503056,751,Density,<Substance CC(C)CC(C)(C)C{solv}{x=0.699900}|CCCCO{solv}{x=0.300100}>,CC(C)CC(C)(C)C,CCCCO,openff-2.2.1,3,0.7200655925454742,1e-05,0.7097700000000001,0.000285
30782,3062,dhmix_2302589146189152767,752,EnthalpyOfMixing,<Substance CC(C)CC(C)(C)C{solv}{x=0.200200}|CCCCO{solv}{x=0.799800}>,CC(C)CC(C)(C)C,CCCCO,openff-2.2.1,3,0.3971552234457789,1.2961481396815724e-05,0.27646,0.003235
30783,3063,dens_486902622078179007,753,Density,<Substance COC=O{solv}{x=0.494600}|CO{solv}{x=0.505400}>,CO,COC=O,openff-2.2.1,3,0.9001632378166705,0.0003519660454931,0.8956100000000002,7.500000000000002e-05
30784,3064,dens_750646162221180186,754,Density,<Substance COC=O{solv}{x=0.083300}|CO{solv}{x=0.916700}>,CO,COC=O,openff-2.2.1,3,0.7899855535803275,0.00038653198161,0.8088000000000002,9.000000000000002e-05
30785,3065,dhmix_1113631207235753369,755,EnthalpyOfMixing,<Substance COC=O{solv}{x=0.717800}|CO{solv}{x=0.282200}>,CO,COC=O,openff-2.2.1,3,0.708163065904907,0.0297725842296368,1.105,0.012
30786,3066,dhmix_2143911117683117531,756,EnthalpyOfMixing,<Substance COC=O{solv}{x=0.512700}|CO{solv}{x=0.487300}>,CO,COC=O,openff-2.2.1,3,0.8479010826162119,0.0227422651464156,1.179,0.0125
30787,3067,dens_2148324189014877510,757,Density,<Substance COC=O{solv}{x=0.727100}|CO{solv}{x=0.272900}>,CO,COC=O,openff-2.2.1,3,0.9470719083114086,0.0003356552392352,0.9321000000000004,8.000000000000002e-05
30788,3068,dhmix_2205254965267695203,758,EnthalpyOfMixing,<Substance COC=O{solv}{x=0.083300}|CO{solv}{x=0.916700}>,CO,COC=O,openff-2.2.1,3,0.2808800717532858,0.0267103044907566,0.311,0.0035
30789,3069,dhmix_497300242003673148,759,EnthalpyOfMixing,<Substance BrCCBr{solv}{x=0.284100}|CCCCOC(=O)CCC{solv}{x=0.715900}>,BrCCBr,CCCCOC(=O)CCC,openff-2.2.1,3,-0.4945621177670247,0.0446090533078809,-0.054,0.001
30790,3070,dhmix_712261179736749495,760,EnthalpyOfMixing,<Substance BrCCBr{solv}{x=0.515300}|CCCCOC(=O)CCC{solv}{x=0.484700}>,BrCCBr,CCCCOC(=O)CCC,openff-2.2.1,3,-0.7277410709652514,0.0374129042198476,-0.027,0.0005
30791,3071,dens_846614854165535724,761,Density,<Substance BrCCBr{solv}{x=0.212900}|CCCCOC(=O)CCC{solv}{x=0.787100}>,BrCCBr,CCCCOC(=O)CCC,openff-2.2.1,3,1.015973853592573,0.0002391351499752,1.0245500000000003,0.00013
30792,3072,dens_1085110183353279404,762,Density,<Substance BrCCBr{solv}{x=0.730000}|CCCCOC(=O)CCC{solv}{x=0.270000}>,BrCCBr,CCCCOC(=O)CCC,openff-2.2.1,3,1.5995337137372312,0.0003138818395832,1.6231500000000003,0.000405
30793,3073,dhmix_2153957437015117204,763,EnthalpyOfMixing,<Substance BrCCBr{solv}{x=0.763900}|CCCCOC(=O)CCC{solv}{x=0.236100}>,BrCCBr,CCCCOC(=O)CCC,openff-2.2.1,3,-0.4780108313058271,0.0370424225012159,0.051,0.001
30794,3074,dens_2242615301342819560,764,Density,<Substance BrCCBr{solv}{x=0.449300}|CCCCOC(=O)CCC{solv}{x=0.550700}>,BrCCBr,CCCCOC(=O)CCC,openff-2.2.1,3,1.2387906698688558,0.0003025132724396,1.2506100000000002,0.000225
30795,3075,dens_501060706627477242,765,Density,<Substance OC1=NCCC1{solv}{x=0.500000}|O{solv}{x=0.500000}>,O,OC1=NCCC1,openff-2.2.1,3,1.0482238775041597,0.000220938944408,1.0977070000000004,0.0005555
30796,3076,dens_929065521104254808,766,Density,<Substance OC1=NCCC1{solv}{x=0.744800}|O{solv}{x=0.255200}>,O,OC1=NCCC1,openff-2.2.1,3,1.0565853824851426,0.0002935750530194,1.1044310000000004,0.000577
30797,3077,dhmix_1128968771311392860,767,EnthalpyOfMixing,<Substance OC1=NCCC1{solv}{x=0.769300}|O{solv}{x=0.230700}>,O,OC1=NCCC1,openff-2.2.1,3,0.7647697496360593,0.0392745950126646,-0.678,0.1695
30798,3078,dens_1192491633684345401,768,Density,<Substance OC1=NCCC1{solv}{x=0.246800}|O{solv}{x=0.753200}>,O,OC1=NCCC1,openff-2.2.1,3,1.0302626090766405,0.0003964260691889,1.077068,0.0004905
30799,3079,dhmix_1775375132531538271,769,EnthalpyOfMixing,<Substance OC1=NCCC1{solv}{x=0.478300}|O{solv}{x=0.521700}>,O,OC1=NCCC1,openff-2.2.1,3,0.807930949762607,0.0242928859526836,-0.8384,0.20965
30800,3080,dhmix_1895825007089845103,770,EnthalpyOfMixing,<Substance OC1=NCCC1{solv}{x=0.231900}|O{solv}{x=0.768100}>,O,OC1=NCCC1,openff-2.2.1,3,0.6757226370369551,0.0219315928022299,-0.5238,0.13095
30801,3081,dens_502738970558558534,771,Density,<Substance BrCCBr{solv}{x=0.749000}|COC=O{solv}{x=0.251000}>,BrCCBr,COC=O,openff-2.2.1,3,1.8974564234844733,0.0007143123356155,1.9319600000000008,0.003535
30802,3082,dhmix_523129341332875255,772,EnthalpyOfMixing,<Substance BrCCBr{solv}{x=0.059500}|COC=O{solv}{x=0.940500}>,BrCCBr,COC=O,openff-2.2.1,3,0.0628945150765425,0.0279410243343463,0.1715,0.00215
30803,3083,dens_528986974844153101,773,Density,<Substance BrCCBr{solv}{x=0.059800}|COC=O{solv}{x=0.940200}>,BrCCBr,COC=O,openff-2.2.1,3,1.0883721556944566,0.0003056331985798,1.06428,0.00056
30804,3084,dhmix_1521152703631810888,774,EnthalpyOfMixing,<Substance BrCCBr{solv}{x=0.757400}|COC=O{solv}{x=0.242600}>,BrCCBr,COC=O,openff-2.2.1,3,0.3449467034567046,0.0293382860125992,0.653,0.00585
30805,3085,dhmix_1685647138770344206,775,EnthalpyOfMixing,<Substance BrCCBr{solv}{x=0.528100}|COC=O{solv}{x=0.471900}>,BrCCBr,COC=O,openff-2.2.1,3,0.583569532596437,0.0316335082351178,0.8123,0.00705
30806,3086,dens_1945150067923572864,776,Density,<Substance BrCCBr{solv}{x=0.501500}|COC=O{solv}{x=0.498500}>,BrCCBr,COC=O,openff-2.2.1,3,1.6562732362894923,0.0003969496625652,1.6620300000000003,0.00232
30807,3087,dens_511283508189056955,777,Density,<Substance CCO{solv}{x=0.291400}|CN(C)CCO{solv}{x=0.708600}>,CCO,CN(C)CCO,openff-2.2.1,3,0.8707803554159677,0.0002675410593651,0.8710100000000002,0.000165
30808,3088,dhmix_1055456388735168345,778,EnthalpyOfMixing,<Substance CCO{solv}{x=0.508400}|CN(C)CCO{solv}{x=0.491600}>,CCO,CN(C)CCO,openff-2.2.1,3,-0.779971704498891,0.0368920568951265,-0.4044,0.0044
30809,3089,dens_1119930253414624267,779,Density,<Substance CCO{solv}{x=0.699500}|CN(C)CCO{solv}{x=0.300500}>,CCO,CN(C)CCO,openff-2.2.1,3,0.8313663441620425,0.0002861827622219,0.8345000000000002,0.000135
30810,3090,dhmix_1132835222292135012,780,EnthalpyOfMixing,<Substance CCO{solv}{x=0.268600}|CN(C)CCO{solv}{x=0.731400}>,CCO,CN(C)CCO,openff-2.2.1,3,-0.5026528275886193,0.0412172260616471,-0.2783,0.0031
30811,3091,dens_1964926738263319597,781,Density,<Substance CCO{solv}{x=0.494900}|CN(C)CCO{solv}{x=0.505100}>,CCO,CN(C)CCO,openff-2.2.1,3,0.8541199280804727,0.0001746820249937,0.8566200000000002,0.00015
30812,3092,dhmix_2011138895468245368,782,EnthalpyOfMixing,<Substance CCO{solv}{x=0.733500}|CN(C)CCO{solv}{x=0.266500}>,CCO,CN(C)CCO,openff-2.2.1,3,-0.5749552336516359,0.0352537788111275,-0.3657,0.004
30813,3093,dhmix_517287783481256565,783,EnthalpyOfMixing,<Substance CN(C)C=O{solv}{x=0.701000}|ClCCCCCl{solv}{x=0.299000}>,CN(C)C=O,ClCCCCCl,openff-2.2.1,3,0.4738069575638306,0.0411150655100835,-0.052,0.002
30814,3094,dens_765057686797526715,784,Density,<Substance CN(C)C=O{solv}{x=0.794300}|ClCCCCCl{solv}{x=0.205700}>,CN(C)C=O,ClCCCCCl,openff-2.2.1,3,0.9721471078778332,0.0002750585569031,0.9934000000000002,0.00245
30815,3095,dens_1092490027864410415,785,Density,<Substance CN(C)C=O{solv}{x=0.502200}|ClCCCCCl{solv}{x=0.497800}>,CN(C)C=O,ClCCCCCl,openff-2.2.1,3,1.0343881521372855,0.0002990125505297,1.0524000000000004,0.0022
30816,3096,dens_1571926938169630329,786,Density,<Substance CN(C)C=O{solv}{x=0.299400}|ClCCCCCl{solv}{x=0.700600}>,CN(C)C=O,ClCCCCCl,openff-2.2.1,3,1.070731525788116,0.0003102628488937,1.0879000000000003,0.0021
30817,3097,dhmix_1989422051580285053,787,EnthalpyOfMixing,<Substance CN(C)C=O{solv}{x=0.501000}|ClCCCCCl{solv}{x=0.499000}>,CN(C)C=O,ClCCCCCl,openff-2.2.1,3,0.5891200135519767,0.0375067397179004,-0.056,0.002
30818,3098,dhmix_2190775305913174779,788,EnthalpyOfMixing,<Substance CN(C)C=O{solv}{x=0.204000}|ClCCCCCl{solv}{x=0.796000}>,CN(C)C=O,ClCCCCCl,openff-2.2.1,3,0.3786049392305131,0.040537526621663,-0.039,0.002
30819,3099,dens_518199256039095036,789,Density,<Substance CCCCO{solv}{x=0.496400}|NCCN{solv}{x=0.503600}>,CCCCO,NCCN,openff-2.2.1,3,0.8895155101340521,1e-05,0.8519430000000002,0.000219
30820,3100,dens_866492593379488722,790,Density,<Substance CCCCO{solv}{x=0.739800}|NCCN{solv}{x=0.260200}>,CCCCO,NCCN,openff-2.2.1,3,0.8399900695076726,1e-05,0.8325090000000002,0.000221
30821,3101,dens_2064365769538781360,791,Density,<Substance CCCCO{solv}{x=0.291900}|NCCN{solv}{x=0.708100}>,CCCCO,NCCN,openff-2.2.1,3,0.9371523946393864,1e-05,0.8676960000000002,0.0002205
30822,3102,dens_520201021244222151,792,Density,<Substance O=C1CCCO1{solv}{x=0.300000}|O{solv}{x=0.700000}>,O,O=C1CCCO1,openff-2.2.1,3,1.0532934765566362,0.0004133329914854,1.0886000000000002,0.0001
30823,3103,dens_2198925124601089428,793,Density,<Substance O=C1CCCO1{solv}{x=0.500000}|O{solv}{x=0.500000}>,O,O=C1CCCO1,openff-2.2.1,3,1.074088083803892,0.0003272672615772,1.1059000000000003,0.0001
30824,3104,dens_2272207838075726438,794,Density,<Substance O=C1CCCO1{solv}{x=0.800000}|O{solv}{x=0.200000}>,O,O=C1CCCO1,openff-2.2.1,3,1.0899426714441964,0.0002006160041951,1.1182000000000003,0.0001
30825,3105,dhmix_524376395520217080,795,EnthalpyOfMixing,<Substance CC(C)CC(C)(C)C{solv}{x=0.440700}|CCCC(=O)OC{solv}{x=0.559300}>,CC(C)CC(C)(C)C,CCCC(=O)OC,openff-2.2.1,3,1.5109535388321973,0.0385540936849729,1.053,0.0115
30826,3106,dens_581090592491592243,796,Density,<Substance CC(C)CC(C)(C)C{solv}{x=0.298100}|CCCC(=O)OC{solv}{x=0.701900}>,CC(C)CC(C)(C)C,CCCC(=O)OC,openff-2.2.1,3,0.814937676431867,0.0002218310336384,0.8119000000000002,0.000505
30827,3107,dens_1497434747823371430,797,Density,<Substance CC(C)CC(C)(C)C{solv}{x=0.724300}|CCCC(=O)OC{solv}{x=0.275700}>,CC(C)CC(C)(C)C,CCCC(=O)OC,openff-2.2.1,3,0.7390939903575653,0.0002094159471332,0.7279000000000001,0.000505
30828,3108,dhmix_1614087501371550297,798,EnthalpyOfMixing,<Substance CC(C)CC(C)(C)C{solv}{x=0.762900}|CCCC(=O)OC{solv}{x=0.237100}>,CC(C)CC(C)(C)C,CCCC(=O)OC,openff-2.2.1,3,1.3066836196193776,0.0566794602125901,0.789,0.0085
30829,3109,dens_1842979547629422953,799,Density,<Substance CC(C)CC(C)(C)C{solv}{x=0.441000}|CCCC(=O)OC{solv}{x=0.559000}>,CC(C)CC(C)(C)C,CCCC(=O)OC,openff-2.2.1,3,0.786139337105133,0.0002229784369743,0.7803000000000001,0.000505
30830,3110,dhmix_2246911102339588209,800,EnthalpyOfMixing,<Substance CC(C)CC(C)(C)C{solv}{x=0.298200}|CCCC(=O)OC{solv}{x=0.701800}>,CC(C)CC(C)(C)C,CCCC(=O)OC,openff-2.2.1,3,1.3303743631007023,0.0434017700156743,0.884,0.0095
30831,3111,dhmix_536798507677319129,801,EnthalpyOfMixing,<Substance C1COCO1{solv}{x=0.267900}|Cc1ccccc1Cl{solv}{x=0.732100}>,C1COCO1,Cc1ccccc1Cl,openff-2.2.1,3,0.3334166428775234,0.0391053351550587,0.272,0.0015
30832,3112,dens_559535483529614058,802,Density,<Substance C1COCO1{solv}{x=0.726600}|Cc1ccccc1Cl{solv}{x=0.273400}>,C1COCO1,Cc1ccccc1Cl,openff-2.2.1,3,1.0852306347540406,0.0002939596558866,1.0652000000000004,0.0005
30833,3113,dens_731520844601672570,803,Density,<Substance C1COCO1{solv}{x=0.268500}|Cc1ccccc1Cl{solv}{x=0.731500}>,C1COCO1,Cc1ccccc1Cl,openff-2.2.1,3,1.0628051612787246,0.0002547071283649,1.0630000000000002,0.0005
30834,3114,dens_839907656840905053,804,Density,<Substance C1COCO1{solv}{x=0.516900}|Cc1ccccc1Cl{solv}{x=0.483100}>,C1COCO1,Cc1ccccc1Cl,openff-2.2.1,3,1.0795347363280057,0.0002483381171304,1.0694000000000004,0.0005
30835,3115,dhmix_1308085019204784636,805,EnthalpyOfMixing,<Substance C1COCO1{solv}{x=0.500900}|Cc1ccccc1Cl{solv}{x=0.499100}>,C1COCO1,Cc1ccccc1Cl,openff-2.2.1,3,0.5174237426981279,0.0319450444696019,0.393,0.002
30836,3116,dhmix_1924685013370154802,806,EnthalpyOfMixing,<Substance C1COCO1{solv}{x=0.760400}|Cc1ccccc1Cl{solv}{x=0.239600}>,C1COCO1,Cc1ccccc1Cl,openff-2.2.1,3,0.3183481094341687,0.0357170012274332,0.313,0.0015
30837,3117,dhmix_549919019055097043,807,EnthalpyOfMixing,<Substance C1CCCCC1{solv}{x=0.799100}|CC(C)O{solv}{x=0.200900}>,C1CCCCC1,CC(C)O,openff-2.2.1,3,0.8194984750536349,0.0425432978424646,0.702,0.017
30838,3118,dhmix_1101575580592240663,808,EnthalpyOfMixing,<Substance C1CCCCC1{solv}{x=0.199500}|CC(C)O{solv}{x=0.800500}>,C1CCCCC1,CC(C)O,openff-2.2.1,3,0.5673900863946981,0.0373731888040124,0.438,0.011
30839,3119,dhmix_1262965345724899699,809,EnthalpyOfMixing,<Substance C1CCCCC1{solv}{x=0.498400}|CC(C)O{solv}{x=0.501600}>,C1CCCCC1,CC(C)O,openff-2.2.1,3,0.8954947209562434,0.0396892251171209,0.801,0.0195
30840,3120,dens_1431184569437551541,810,Density,<Substance C1CCCCC1{solv}{x=0.705800}|CC(C)O{solv}{x=0.294200}>,C1CCCCC1,CC(C)O,openff-2.2.1,3,0.7568462329780644,0.0002365968628161,0.7711100000000002,0.000245
30841,3121,dens_2097249982689376165,811,Density,<Substance C1CCCCC1{solv}{x=0.200000}|CC(C)O{solv}{x=0.800000}>,C1CCCCC1,CC(C)O,openff-2.2.1,3,0.7818187611550068,0.0002612753938462,0.7761000000000002,0.0003
30842,3122,dens_2130071224188444793,812,Density,<Substance C1CCCCC1{solv}{x=0.503900}|CC(C)O{solv}{x=0.496100}>,C1CCCCC1,CC(C)O,openff-2.2.1,3,0.7640914336092408,0.0002665328627196,0.7719000000000001,0.0003
30843,3123,dens_562489367284385084,813,Density,<Substance CCCCC(=O)OC{solv}{x=0.251100}|COC(C)=O{solv}{x=0.748900}>,CCCCC(=O)OC,COC(C)=O,openff-2.2.1,3,0.91272242746807,0.0002607255182732,0.9105300000000002,0.000505
30844,3124,dhmix_814771684244180933,814,EnthalpyOfMixing,<Substance CCCCC(=O)OC{solv}{x=0.733900}|COC(C)=O{solv}{x=0.266100}>,CCCCC(=O)OC,COC(C)=O,openff-2.2.1,3,0.1296422601316214,0.0467364260386765,0.178,0.002
30845,3125,dhmix_915202362324204655,815,EnthalpyOfMixing,<Substance CCCCC(=O)OC{solv}{x=0.505500}|COC(C)=O{solv}{x=0.494500}>,CCCCC(=O)OC,COC(C)=O,openff-2.2.1,3,0.1188935175503722,0.0379045596852624,0.238,0.0025
30846,3126,dhmix_935892165648195197,816,EnthalpyOfMixing,<Substance CCCCC(=O)OC{solv}{x=0.234700}|COC(C)=O{solv}{x=0.765300}>,CCCCC(=O)OC,COC(C)=O,openff-2.2.1,3,0.1175894976150502,0.0316299915652751,0.173,0.002
30847,3127,dens_961692445804333991,817,Density,<Substance CCCCC(=O)OC{solv}{x=0.738300}|COC(C)=O{solv}{x=0.261700}>,CCCCC(=O)OC,COC(C)=O,openff-2.2.1,3,0.8899480224600982,0.0001953833850542,0.8914700000000002,0.000505
30848,3128,dens_1493380961688632529,818,Density,<Substance CCCCC(=O)OC{solv}{x=0.493500}|COC(C)=O{solv}{x=0.506500}>,CCCCC(=O)OC,COC(C)=O,openff-2.2.1,3,0.899404656070498,0.0002557378224729,0.8996200000000002,0.000505
30849,3129,dhmix_563342363018905515,819,EnthalpyOfMixing,<Substance CCOC(=O)CC(C)=O{solv}{x=0.751400}|O{solv}{x=0.248600}>,CCOC(=O)CC(C)=O,O,openff-2.2.1,3,0.6042255925352435,0.0406684700567624,1.128,0.012
30850,3130,dhmix_1385095028103136291,820,EnthalpyOfMixing,<Substance CCOC(=O)CC(C)=O{solv}{x=0.449100}|O{solv}{x=0.550900}>,CCOC(=O)CC(C)=O,O,openff-2.2.1,3,0.6085593835602197,0.037573991587196,0.684,0.0075
30851,3131,dhmix_1609967394780907654,821,EnthalpyOfMixing,<Substance CCOC(=O)CC(C)=O{solv}{x=0.299400}|O{solv}{x=0.700600}>,CCOC(=O)CC(C)=O,O,openff-2.2.1,3,0.4998826505360227,0.0292854575909576,0.428,0.005
30852,3132,dhmix_566259260175961973,822,EnthalpyOfMixing,<Substance CCCCO{solv}{x=0.144700}|OC1=NCCC1{solv}{x=0.855300}>,CCCCO,OC1=NCCC1,openff-2.2.1,3,0.5411296721940602,0.0412268624504526,0.0949,0.0012
30853,3133,dens_1146983614802652988,823,Density,<Substance CCCCO{solv}{x=0.500400}|OC1=NCCC1{solv}{x=0.499600}>,CCCCO,OC1=NCCC1,openff-2.2.1,3,0.9251604139460888,0.000240326403172,0.94503,0.00015
30854,3134,dhmix_1601732489230179724,824,EnthalpyOfMixing,<Substance CCCCO{solv}{x=0.497800}|OC1=NCCC1{solv}{x=0.502200}>,CCCCO,OC1=NCCC1,openff-2.2.1,3,1.2631933063237,0.0398498695064553,0.2326,0.0026
30855,3135,dhmix_1661138478850718837,825,EnthalpyOfMixing,<Substance CCCCO{solv}{x=0.754800}|OC1=NCCC1{solv}{x=0.245200}>,CCCCO,OC1=NCCC1,openff-2.2.1,3,0.9977155142235272,0.039442167126004,0.2356,0.00265
30856,3136,dens_1878955695276199878,826,Density,<Substance CCCCO{solv}{x=0.144600}|OC1=NCCC1{solv}{x=0.855400}>,CCCCO,OC1=NCCC1,openff-2.2.1,3,1.0198343782741324,0.0002709721880974,1.0575900000000005,0.000205
30857,3137,dens_2101998760005952263,827,Density,<Substance CCCCO{solv}{x=0.755500}|OC1=NCCC1{solv}{x=0.244500}>,CCCCO,OC1=NCCC1,openff-2.2.1,3,0.8596822176498073,0.0002467989954804,0.8711500000000002,0.000185
30858,3138,dhmix_569012254773025696,828,EnthalpyOfMixing,<Substance CC(C)(C)O{solv}{x=0.505700}|OC1=NCCC1{solv}{x=0.494300}>,CC(C)(C)O,OC1=NCCC1,openff-2.2.1,3,1.4187874059548309,0.0411399983846277,0.4323,0.0047
30859,3139,dens_992979807705536615,829,Density,<Substance CC(C)(C)O{solv}{x=0.751100}|OC1=NCCC1{solv}{x=0.248900}>,CC(C)(C)O,OC1=NCCC1,openff-2.2.1,3,0.8668098903464997,0.0003899489746581,0.8505700000000003,0.000215
30860,3140,dens_1020722913861580636,830,Density,<Substance CC(C)(C)O{solv}{x=0.499700}|OC1=NCCC1{solv}{x=0.500300}>,CC(C)(C)O,OC1=NCCC1,openff-2.2.1,3,0.9281662609616856,0.0002158542209072,0.9282800000000002,0.00018
30861,3141,dhmix_1408261346335628114,831,EnthalpyOfMixing,<Substance CC(C)(C)O{solv}{x=0.744900}|OC1=NCCC1{solv}{x=0.255100}>,CC(C)(C)O,OC1=NCCC1,openff-2.2.1,3,1.1257392673411175,0.0486837440482669,0.3774,0.00415
30862,3142,dhmix_1466823939183874689,832,EnthalpyOfMixing,<Substance CC(C)(C)O{solv}{x=0.257800}|OC1=NCCC1{solv}{x=0.742200}>,CC(C)(C)O,OC1=NCCC1,openff-2.2.1,3,0.767795059198221,0.0434923164914818,0.2874,0.0032
30863,3143,dens_1768273433543243004,833,Density,<Substance CC(C)(C)O{solv}{x=0.276400}|OC1=NCCC1{solv}{x=0.723600}>,CC(C)(C)O,OC1=NCCC1,openff-2.2.1,3,0.9864229014247028,0.0002955262160814,1.0036300000000002,0.000155
30864,3144,dens_571827819113574480,834,Density,<Substance CC(C)OC(C)C{solv}{x=0.700400}|Cc1ccccc1{solv}{x=0.299600}>,CC(C)OC(C)C,Cc1ccccc1,openff-2.2.1,3,0.7621753228512226,0.0002408043568601,0.7573100000000001,0.000155
30865,3145,dhmix_686402805609192969,835,EnthalpyOfMixing,<Substance CC(C)OC(C)C{solv}{x=0.228000}|Cc1ccccc1{solv}{x=0.772000}>,CC(C)OC(C)C,Cc1ccccc1,openff-2.2.1,3,-0.0640648764826039,0.0439938711755816,0.0593,0.00515
30866,3146,dhmix_1045652173440309018,836,EnthalpyOfMixing,<Substance CC(C)OC(C)C{solv}{x=0.752000}|Cc1ccccc1{solv}{x=0.248000}>,CC(C)OC(C)C,Cc1ccccc1,openff-2.2.1,3,-0.0476844964774301,0.0411140040022388,-0.0091,0.00505
30867,3147,dhmix_1690461453403165745,837,EnthalpyOfMixing,<Substance CC(C)OC(C)C{solv}{x=0.455000}|Cc1ccccc1{solv}{x=0.545000}>,CC(C)OC(C)C,Cc1ccccc1,openff-2.2.1,3,-0.233446917548207,0.0324489345326692,0.0323,0.0051
30868,3148,dens_2086775654110573795,838,Density,<Substance CC(C)OC(C)C{solv}{x=0.200400}|Cc1ccccc1{solv}{x=0.799600}>,CC(C)OC(C)C,Cc1ccccc1,openff-2.2.1,3,0.8190998091025652,0.0002413921937394,0.8299700000000002,0.00014
30869,3149,dens_2167043968237201720,839,Density,<Substance CC(C)OC(C)C{solv}{x=0.500300}|Cc1ccccc1{solv}{x=0.499700}>,CC(C)OC(C)C,Cc1ccccc1,openff-2.2.1,3,0.7840826080896484,0.000157334412825,0.7849200000000002,0.000155
30870,3150,dhmix_578047845607378963,840,EnthalpyOfMixing,<Substance CN1CCCC1=O{solv}{x=0.635900}|c1ccncc1{solv}{x=0.364100}>,CN1CCCC1=O,c1ccncc1,openff-2.2.1,3,-0.3650215025026386,0.040139575020321,-0.4013,0.10035
30871,3151,dhmix_625120262301063359,841,EnthalpyOfMixing,<Substance CN1CCCC1=O{solv}{x=0.231200}|c1ccncc1{solv}{x=0.768800}>,CN1CCCC1=O,c1ccncc1,openff-2.2.1,3,-0.3067470554649461,0.0397075106460778,-0.3157,0.07895
30872,3152,dens_1059919274311274879,842,Density,<Substance CN1CCCC1=O{solv}{x=0.521500}|c1ccncc1{solv}{x=0.478500}>,CN1CCCC1=O,c1ccncc1,openff-2.2.1,3,0.991181377915807,0.0002301548528905,1.0158200000000004,0.00051
30873,3153,dens_1445187430653020908,843,Density,<Substance CN1CCCC1=O{solv}{x=0.234800}|c1ccncc1{solv}{x=0.765200}>,CN1CCCC1=O,c1ccncc1,openff-2.2.1,3,0.983721605757886,0.0002498297282115,0.9983500000000004,0.00051
30874,3154,dhmix_1933003504821603087,844,EnthalpyOfMixing,<Substance CN1CCCC1=O{solv}{x=0.499500}|c1ccncc1{solv}{x=0.500500}>,CN1CCCC1=O,c1ccncc1,openff-2.2.1,3,-0.3993161355555905,0.0368946369877113,-0.4356,0.1089
30875,3155,dens_2199047009222847682,845,Density,<Substance CN1CCCC1=O{solv}{x=0.636400}|c1ccncc1{solv}{x=0.363600}>,CN1CCCC1=O,c1ccncc1,openff-2.2.1,3,0.993153440562043,0.0001779521284005,1.0207400000000002,0.00051
30876,3156,dens_586351122522837789,846,Density,<Substance c1cc[nH]c1{solv}{x=0.820700}|c1ccccc1{solv}{x=0.179300}>,c1cc[nH]c1,c1ccccc1,openff-2.2.1,3,0.9520471461698656,0.0003079135368532,0.9503300000000002,0.000195
30877,3157,dhmix_1101447260293284221,847,EnthalpyOfMixing,<Substance c1cc[nH]c1{solv}{x=0.494000}|c1ccccc1{solv}{x=0.506000}>,c1cc[nH]c1,c1ccccc1,openff-2.2.1,3,0.7135653436450795,0.0353897691121785,0.609,0.00395
30878,3158,dens_1366042600317618213,848,Density,<Substance c1cc[nH]c1{solv}{x=0.503000}|c1ccccc1{solv}{x=0.497000}>,c1cc[nH]c1,c1ccccc1,openff-2.2.1,3,0.9101321952615966,0.000275417901603,0.9220400000000002,0.00019
30879,3159,dens_2042223650153961549,849,Density,<Substance c1cc[nH]c1{solv}{x=0.314200}|c1ccccc1{solv}{x=0.685800}>,c1cc[nH]c1,c1ccccc1,openff-2.2.1,3,0.8882700519788134,0.0003016411689351,0.9043500000000002,0.000195
30880,3160,dhmix_2080652523589171296,850,EnthalpyOfMixing,<Substance c1cc[nH]c1{solv}{x=0.820800}|c1ccccc1{solv}{x=0.179200}>,c1cc[nH]c1,c1ccccc1,openff-2.2.1,3,0.3378062737622826,0.0367205080387106,0.3441,0.00245
30881,3161,dhmix_2101365800313583195,851,EnthalpyOfMixing,<Substance c1cc[nH]c1{solv}{x=0.314000}|c1ccccc1{solv}{x=0.686000}>,c1cc[nH]c1,c1ccccc1,openff-2.2.1,3,0.5354207333791479,0.0373748831734236,0.5893,0.00385
30882,3162,dens_592296207180530796,852,Density,<Substance C1CCNCC1{solv}{x=0.250000}|O{solv}{x=0.750000}>,C1CCNCC1,O,openff-2.2.1,3,0.9068472081137412,0.0002937276257595,0.9379600000000002,0.000185
30883,3163,dhmix_598563182385523239,853,EnthalpyOfMixing,<Substance C1CCNCC1{solv}{x=0.750000}|O{solv}{x=0.250000}>,C1CCNCC1,O,openff-2.2.1,3,-0.80139708114244,0.0455058177412096,-1.4628,0.02995
30884,3164,dens_1144696340343060729,854,Density,<Substance C1CCNCC1{solv}{x=0.500000}|O{solv}{x=0.500000}>,C1CCNCC1,O,openff-2.2.1,3,0.883179426504451,0.0002388508392896,0.90329,0.000235
30885,3165,dens_1551117370864361960,855,Density,<Substance C1CCNCC1{solv}{x=0.750000}|O{solv}{x=0.250000}>,C1CCNCC1,O,openff-2.2.1,3,0.8692450309501625,0.000294129534776,0.8771300000000002,0.000285
30886,3166,dhmix_2023343497633678069,856,EnthalpyOfMixing,<Substance C1CCNCC1{solv}{x=0.500000}|O{solv}{x=0.500000}>,C1CCNCC1,O,openff-2.2.1,3,-1.1223971790098126,0.0304885563445112,-2.1379,0.04355
30887,3167,dhmix_2169709193905404129,857,EnthalpyOfMixing,<Substance C1CCNCC1{solv}{x=0.250000}|O{solv}{x=0.750000}>,C1CCNCC1,O,openff-2.2.1,3,-0.7825067059016444,0.0260666873104602,-1.9642,0.04065
30888,3168,dhmix_597694390671293228,858,EnthalpyOfMixing,<Substance C1CCCCC1{solv}{x=0.495000}|c1cc[nH]c1{solv}{x=0.505000}>,C1CCCCC1,c1cc[nH]c1,openff-2.2.1,3,1.592356853556936,0.0402622520271466,1.4275,0.00895
30889,3169,dens_1402964712081643759,859,Density,<Substance C1CCCCC1{solv}{x=0.281700}|c1cc[nH]c1{solv}{x=0.718300}>,C1CCCCC1,c1cc[nH]c1,openff-2.2.1,3,0.8850139572851466,0.0002439354022193,0.9082800000000002,0.00023
30890,3170,dens_1463337814181203578,860,Density,<Substance C1CCCCC1{solv}{x=0.925100}|c1cc[nH]c1{solv}{x=0.074900}>,C1CCCCC1,c1cc[nH]c1,openff-2.2.1,3,0.7595346483250771,0.0002392006710374,0.7860300000000001,0.00026
30891,3171,dens_1586039458655447443,861,Density,<Substance C1CCCCC1{solv}{x=0.494200}|c1cc[nH]c1{solv}{x=0.505800}>,C1CCCCC1,c1cc[nH]c1,openff-2.2.1,3,0.8324096967239983,0.0003016694736812,0.8661300000000002,0.000235
30892,3172,dhmix_1650717903260721901,862,EnthalpyOfMixing,<Substance C1CCCCC1{solv}{x=0.924800}|c1cc[nH]c1{solv}{x=0.075200}>,C1CCCCC1,c1cc[nH]c1,openff-2.2.1,3,0.7862232382824459,0.0459746154977773,0.7315,0.00535
30893,3173,dhmix_1709124910710738018,863,EnthalpyOfMixing,<Substance C1CCCCC1{solv}{x=0.281800}|c1cc[nH]c1{solv}{x=0.718200}>,C1CCCCC1,c1cc[nH]c1,openff-2.2.1,3,1.3708252253706448,0.0372553654853219,1.245,0.00795
30894,3174,dhmix_602003453564252918,864,EnthalpyOfMixing,<Substance COc1ccccc1{solv}{x=0.767000}|OCCc1ccccc1{solv}{x=0.233000}>,COc1ccccc1,OCCc1ccccc1,openff-2.2.1,3,0.8128528097062073,0.0506825170460077,1.1154,0.01195
30895,3175,dhmix_831666159864093343,865,EnthalpyOfMixing,<Substance COc1ccccc1{solv}{x=0.267800}|OCCc1ccccc1{solv}{x=0.732200}>,COc1ccccc1,OCCc1ccccc1,openff-2.2.1,3,0.6874434456358784,0.052891793501867,0.688,0.00745
30896,3176,dhmix_1415130215717622630,866,EnthalpyOfMixing,<Substance COc1ccccc1{solv}{x=0.523200}|OCCc1ccccc1{solv}{x=0.476800}>,COc1ccccc1,OCCc1ccccc1,openff-2.2.1,3,0.95042583664209,0.0489034449721916,1.0457,0.0112
30897,3177,dens_2018050376435813399,867,Density,<Substance COc1ccccc1{solv}{x=0.767300}|OCCc1ccccc1{solv}{x=0.232700}>,COc1ccccc1,OCCc1ccccc1,openff-2.2.1,3,0.971992546602895,0.000213052266276,0.9869000000000002,0.00026
30898,3178,dens_2083067547090229321,868,Density,<Substance COc1ccccc1{solv}{x=0.524500}|OCCc1ccccc1{solv}{x=0.475500}>,COc1ccccc1,OCCc1ccccc1,openff-2.2.1,3,0.9805876341382416,0.0002379277762721,0.9943600000000002,0.00026
30899,3179,dens_2108796896152795987,869,Density,<Substance COc1ccccc1{solv}{x=0.212100}|OCCc1ccccc1{solv}{x=0.787900}>,COc1ccccc1,OCCc1ccccc1,openff-2.2.1,3,0.9913324028585052,0.0001815144861659,1.0032600000000005,0.00026
30900,3180,dhmix_607389561715885318,870,EnthalpyOfMixing,<Substance CC(C)O{solv}{x=0.750600}|CCOC(=O)CC(=O)OCC{solv}{x=0.249400}>,CC(C)O,CCOC(=O)CC(=O)OCC,openff-2.2.1,3,1.8474557717793516,0.0417012518829955,1.955,0.021
30901,3181,dhmix_970997719035766241,871,EnthalpyOfMixing,<Substance CC(C)O{solv}{x=0.249200}|CCOC(=O)CC(=O)OCC{solv}{x=0.750800}>,CC(C)O,CCOC(=O)CC(=O)OCC,openff-2.2.1,3,1.4569964899500292,0.0512381693999389,1.804,0.0195
30902,3182,dens_1055220895195342210,872,Density,<Substance CC(C)O{solv}{x=0.700000}|CCOC(=O)CC(=O)OCC{solv}{x=0.300000}>,CC(C)O,CCOC(=O)CC(=O)OCC,openff-2.2.1,3,0.9183229956895774,0.0001937722072868,0.9013080000000002,0.000163
30903,3183,dens_1059428282849222105,873,Density,<Substance CC(C)O{solv}{x=0.500100}|CCOC(=O)CC(=O)OCC{solv}{x=0.499900}>,CC(C)O,CCOC(=O)CC(=O)OCC,openff-2.2.1,3,0.9723566410454924,0.0002025566101909,0.9563730000000004,0.0001215
30904,3184,dhmix_2225069850502215858,874,EnthalpyOfMixing,<Substance CC(C)O{solv}{x=0.499700}|CCOC(=O)CC(=O)OCC{solv}{x=0.500300}>,CC(C)O,CCOC(=O)CC(=O)OCC,openff-2.2.1,3,2.1770360447943062,0.0412432034701151,2.369,0.0255
30905,3185,dens_2227064517025896927,875,Density,<Substance CC(C)O{solv}{x=0.200000}|CCOC(=O)CC(=O)OCC{solv}{x=0.800000}>,CC(C)O,CCOC(=O)CC(=O)OCC,openff-2.2.1,3,1.030448180336592,0.0002210558180489,1.0176930000000002,0.000103
30906,3186,dhmix_614525131410782877,876,EnthalpyOfMixing,<Substance CCCCCC(C)=O{solv}{x=0.491300}|CCCCNCCCC{solv}{x=0.508700}>,CCCCCC(C)=O,CCCCNCCCC,openff-2.2.1,3,0.1529040933138503,0.0575020055904793,0.278,0.003
30907,3187,dhmix_1051001364116056564,877,EnthalpyOfMixing,<Substance CCCCCC(C)=O{solv}{x=0.781100}|CCCCNCCCC{solv}{x=0.218900}>,CCCCCC(C)=O,CCCCNCCCC,openff-2.2.1,3,0.0203876161464791,0.0518765733790624,0.164,0.002
30908,3188,dens_1087422962538109584,878,Density,<Substance CCCCCC(C)=O{solv}{x=0.449900}|CCCCNCCCC{solv}{x=0.550100}>,CCCCCC(C)=O,CCCCNCCCC,openff-2.2.1,3,0.7714780508005568,0.0001257738625497,0.7778490000000002,9.250000000000004e-05
30909,3189,dens_1830187222448876426,879,Density,<Substance CCCCCC(C)=O{solv}{x=0.209700}|CCCCNCCCC{solv}{x=0.790300}>,CCCCCC(C)=O,CCCCNCCCC,openff-2.2.1,3,0.7615750636211485,0.000175865114047,0.7655110000000002,8.400000000000002e-05
30910,3190,dens_2113849591242853193,880,Density,<Substance CCCCCC(C)=O{solv}{x=0.750900}|CCCCNCCCC{solv}{x=0.249100}>,CCCCCC(C)=O,CCCCNCCCC,openff-2.2.1,3,0.783270611281439,0.0001946333565,0.7951660000000003,0.000105
30911,3191,dhmix_2131918011494960609,881,EnthalpyOfMixing,<Substance CCCCCC(C)=O{solv}{x=0.294700}|CCCCNCCCC{solv}{x=0.705300}>,CCCCCC(C)=O,CCCCNCCCC,openff-2.2.1,3,0.0600278520237083,1.2585904814513736e-05,0.256,0.003
30912,3192,dhmix_618866445574413387,882,EnthalpyOfMixing,<Substance C1CCOCC1{solv}{x=0.442500}|Cc1ccccc1C{solv}{x=0.557500}>,C1CCOCC1,Cc1ccccc1C,openff-2.2.1,3,0.0401746363644832,0.0442386532425548,-0.0342,0.0006
30913,3193,dens_643927890193937545,883,Density,<Substance C1CCOCC1{solv}{x=0.518700}|Cc1ccccc1C{solv}{x=0.481300}>,C1CCOCC1,Cc1ccccc1C,openff-2.2.1,3,0.8575992318339271,0.0002419890021149,0.8779900000000003,0.0005
30914,3194,dhmix_1129414916141538177,884,EnthalpyOfMixing,<Substance C1CCOCC1{solv}{x=0.744300}|Cc1ccccc1C{solv}{x=0.255700}>,C1CCOCC1,Cc1ccccc1C,openff-2.2.1,3,0.0764537739857189,0.0437528687164444,0.0421,0.00065
30915,3195,dens_1429468909820653032,885,Density,<Substance C1CCOCC1{solv}{x=0.231800}|Cc1ccccc1C{solv}{x=0.768200}>,C1CCOCC1,Cc1ccccc1C,openff-2.2.1,3,0.8542761358274205,0.0002125624289981,0.8770400000000002,0.0005
30916,3196,dens_1442497603142913792,886,Density,<Substance C1CCOCC1{solv}{x=0.772900}|Cc1ccccc1C{solv}{x=0.227100}>,C1CCOCC1,Cc1ccccc1C,openff-2.2.1,3,0.862205449366277,0.0002216013965157,0.8787800000000002,0.000505
30917,3197,dhmix_2268256048157488415,887,EnthalpyOfMixing,<Substance C1CCOCC1{solv}{x=0.245400}|Cc1ccccc1C{solv}{x=0.754600}>,C1CCOCC1,Cc1ccccc1C,openff-2.2.1,3,-0.0286718451235543,0.044379769984511,-0.0613,0.00085
30918,3198,dens_626398848152359169,888,Density,<Substance C1COCCN1{solv}{x=0.498000}|O{solv}{x=0.502000}>,C1COCCN1,O,openff-2.2.1,3,1.0346915601878013,0.000314296978004,1.0255000000000003,0.00255
30919,3199,dhmix_773913810754342365,889,EnthalpyOfMixing,<Substance C1COCCN1{solv}{x=0.714900}|O{solv}{x=0.285100}>,C1COCCN1,O,openff-2.2.1,3,-1.490755340899213,0.0566363895510213,-1.753,0.019
30920,3200,dhmix_1012297674499495059,890,EnthalpyOfMixing,<Substance C1COCCN1{solv}{x=0.201000}|O{solv}{x=0.799000}>,C1COCCN1,O,openff-2.2.1,3,-1.1858951011697112,0.0273482928945432,-2.758,0.0295
30921,3201,dens_1167008264969667349,891,Density,<Substance C1COCCN1{solv}{x=0.793000}|O{solv}{x=0.207000}>,C1COCCN1,O,openff-2.2.1,3,1.0352870868064683,0.0002908985096558,1.0057000000000005,0.00245
30922,3202,dhmix_1871930573512426354,892,EnthalpyOfMixing,<Substance C1COCCN1{solv}{x=0.491100}|O{solv}{x=0.508900}>,C1COCCN1,O,openff-2.2.1,3,-2.0317093884991237,0.0365354717054338,-3.131,0.0335
30923,3203,dens_2014911999593579414,893,Density,<Substance C1COCCN1{solv}{x=0.298000}|O{solv}{x=0.702000}>,C1COCCN1,O,openff-2.2.1,3,1.0279444941553908,0.0002911137656197,1.0309000000000004,0.00255
30924,3204,dens_627753907231278660,894,Density,<Substance CCC(C)=O{solv}{x=0.753100}|CCCNCCC{solv}{x=0.246900}>,CCC(C)=O,CCCNCCC,openff-2.2.1,3,0.7591390502727928,0.0002466676370717,0.7771510000000001,0.000109
30925,3205,dens_674236159588910357,895,Density,<Substance CCC(C)=O{solv}{x=0.244600}|CCCNCCC{solv}{x=0.755400}>,CCC(C)=O,CCCNCCC,openff-2.2.1,3,0.7380252016424936,0.0002274700650748,0.7446230000000003,0.0001405
30926,3206,dhmix_749228177959685874,896,EnthalpyOfMixing,<Substance CCC(C)=O{solv}{x=0.235300}|CCCNCCC{solv}{x=0.764700}>,CCC(C)=O,CCCNCCC,openff-2.2.1,3,0.0962305172972648,0.0542305997048921,0.299,0.0035
30927,3207,dhmix_1706960823617656563,897,EnthalpyOfMixing,<Substance CCC(C)=O{solv}{x=0.698400}|CCCNCCC{solv}{x=0.301600}>,CCC(C)=O,CCCNCCC,openff-2.2.1,3,0.0757230235852759,0.0426617131814573,0.334,0.0035
30928,3208,dhmix_2102794241345605516,898,EnthalpyOfMixing,<Substance CCC(C)=O{solv}{x=0.505000}|CCCNCCC{solv}{x=0.495000}>,CCC(C)=O,CCCNCCC,openff-2.2.1,3,0.0927020821682163,0.0471835321747961,0.397,0.0045
30929,3209,dens_2224864308887622456,899,Density,<Substance CCC(C)=O{solv}{x=0.500600}|CCCNCCC{solv}{x=0.499400}>,CCC(C)=O,CCCNCCC,openff-2.2.1,3,0.7478737589831786,0.0001997204826785,0.7590400000000002,0.000125
30930,3210,dhmix_628329103086906726,900,EnthalpyOfMixing,<Substance CC1CCCCC1{solv}{x=0.250400}|CCCO{solv}{x=0.749600}>,CC1CCCCC1,CCCO,openff-2.2.1,3,0.4636129307357635,0.0315503786715632,0.321,0.0055
30931,3211,dhmix_989207392771680315,901,EnthalpyOfMixing,<Substance CC1CCCCC1{solv}{x=0.750500}|CCCO{solv}{x=0.249500}>,CC1CCCCC1,CCCO,openff-2.2.1,3,0.7903129169881993,0.0487863317210657,0.574,0.0055
30932,3212,dens_1351260115393741606,902,Density,<Substance CC1CCCCC1{solv}{x=0.503100}|CCCO{solv}{x=0.496900}>,CC1CCCCC1,CCCO,openff-2.2.1,3,0.766831873361125,0.0002379482472521,0.7785600000000001,0.0039
30933,3213,dens_1376195506089851480,903,Density,<Substance CC1CCCCC1{solv}{x=0.202700}|CCCO{solv}{x=0.797300}>,CC1CCCCC1,CCCO,openff-2.2.1,3,0.7802603206408735,0.0002869911608204,0.7942000000000002,0.00398
30934,3214,dens_1501229836503112732,904,Density,<Substance CC1CCCCC1{solv}{x=0.799000}|CCCO{solv}{x=0.201000}>,CC1CCCCC1,CCCO,openff-2.2.1,3,0.7588946728244637,0.0002133324079519,0.7688300000000002,0.003855
30935,3215,dhmix_2109805019413953371,905,EnthalpyOfMixing,<Substance CC1CCCCC1{solv}{x=0.500400}|CCCO{solv}{x=0.499600}>,CC1CCCCC1,CCCO,openff-2.2.1,3,0.7378426222952896,0.0404112320332736,0.533,0.0055
30936,3216,dhmix_634764080264908666,906,EnthalpyOfMixing,<Substance OCCN1CCOCC1{solv}{x=0.498900}|O{solv}{x=0.501100}>,O,OCCN1CCOCC1,openff-2.2.1,3,-2.4377881754409145,1.224745687887898e-05,-2.2633,0.02415
30937,3217,dens_707792343667224312,907,Density,<Substance OCCN1CCOCC1{solv}{x=0.246600}|O{solv}{x=0.753400}>,O,OCCN1CCOCC1,openff-2.2.1,3,1.0675014072600415,1e-05,1.0838100000000002,0.00154
30938,3218,dhmix_1064373607860850902,908,EnthalpyOfMixing,<Substance OCCN1CCOCC1{solv}{x=0.694900}|O{solv}{x=0.305100}>,O,OCCN1CCOCC1,openff-2.2.1,3,-2.1352280539587696,1.2554083001159425e-05,-1.7936,0.01915
30939,3219,dhmix_1846281306963870091,909,EnthalpyOfMixing,<Substance OCCN1CCOCC1{solv}{x=0.300200}|O{solv}{x=0.699800}>,O,OCCN1CCOCC1,openff-2.2.1,3,-1.9090624890597423,1.2569805089976535e-05,-2.426,0.026
30940,3220,dens_2238932092645470826,910,Density,<Substance OCCN1CCOCC1{solv}{x=0.743900}|O{solv}{x=0.256100}>,O,OCCN1CCOCC1,openff-2.2.1,3,1.0844266186919072,1e-05,1.08031,0.001565
30941,3221,dens_2269173599223764079,911,Density,<Substance OCCN1CCOCC1{solv}{x=0.485200}|O{solv}{x=0.514800}>,O,OCCN1CCOCC1,openff-2.2.1,3,1.0792539703523247,1e-05,1.0866900000000004,0.00159
30942,3222,dhmix_636778454546345333,912,EnthalpyOfMixing,<Substance C1CCCCC1{solv}{x=0.506300}|CNc1ccccc1{solv}{x=0.493700}>,C1CCCCC1,CNc1ccccc1,openff-2.2.1,3,2.2159988555863066,0.0457899201882808,1.628,0.0175
30943,3223,dens_1209163492396921559,913,Density,<Substance C1CCCCC1{solv}{x=0.247000}|CNc1ccccc1{solv}{x=0.753000}>,C1CCCCC1,CNc1ccccc1,openff-2.2.1,3,0.9232479729162753,0.0002315685500008,0.9289450000000002,0.000272
30944,3224,dens_1438140901521078017,914,Density,<Substance C1CCCCC1{solv}{x=0.494500}|CNc1ccccc1{solv}{x=0.505500}>,C1CCCCC1,CNc1ccccc1,openff-2.2.1,3,0.8630728858251523,0.0002385787489755,0.8759620000000002,0.0001835
30945,3225,dens_1482697199055102595,915,Density,<Substance C1CCCCC1{solv}{x=0.746400}|CNc1ccccc1{solv}{x=0.253600}>,C1CCCCC1,CNc1ccccc1,openff-2.2.1,3,0.8045787055581909,0.0001553156441934,0.8233530000000001,0.000138
30946,3226,dhmix_1832297119731463766,916,EnthalpyOfMixing,<Substance C1CCCCC1{solv}{x=0.204700}|CNc1ccccc1{solv}{x=0.795300}>,C1CCCCC1,CNc1ccccc1,openff-2.2.1,3,1.3867548384823325,0.0562354112217124,0.972,0.0105
30947,3227,dhmix_1889368397403208807,917,EnthalpyOfMixing,<Substance C1CCCCC1{solv}{x=0.706600}|CNc1ccccc1{solv}{x=0.293400}>,C1CCCCC1,CNc1ccccc1,openff-2.2.1,3,1.8717244603777912,0.0434522633235931,1.521,0.0165
30948,3228,dhmix_637657437173907469,918,EnthalpyOfMixing,<Substance CC(C)=O{solv}{x=0.709700}|CNc1ccccc1{solv}{x=0.290300}>,CC(C)=O,CNc1ccccc1,openff-2.2.1,3,-0.7538503569641648,0.0405117809955143,-0.525,0.0055
30949,3229,dhmix_817594693007274900,919,EnthalpyOfMixing,<Substance CC(C)=O{solv}{x=0.231600}|CNc1ccccc1{solv}{x=0.768400}>,CC(C)=O,CNc1ccccc1,openff-2.2.1,3,-0.6238044004121286,0.0414456763786733,-0.5,0.0055
30950,3230,dens_830664987854613197,920,Density,<Substance CC(C)=O{solv}{x=0.250300}|CNc1ccccc1{solv}{x=0.749700}>,CC(C)=O,CNc1ccccc1,openff-2.2.1,3,0.9508838180967368,0.0001915970448838,0.9502900000000002,0.0003395
30951,3231,dhmix_1052042310023734389,921,EnthalpyOfMixing,<Substance CC(C)=O{solv}{x=0.508600}|CNc1ccccc1{solv}{x=0.491400}>,CC(C)=O,CNc1ccccc1,openff-2.2.1,3,-0.8327765448770492,0.0394030638509093,-0.672,0.0075
30952,3232,dens_1302333367899693905,922,Density,<Substance CC(C)=O{solv}{x=0.750600}|CNc1ccccc1{solv}{x=0.249400}>,CC(C)=O,CNc1ccccc1,openff-2.2.1,3,0.8452536884129963,0.0002505174241468,0.8565010000000002,0.000231
30953,3233,dens_1582643029733708616,923,Density,<Substance CC(C)=O{solv}{x=0.494800}|CNc1ccccc1{solv}{x=0.505200}>,CC(C)=O,CNc1ccccc1,openff-2.2.1,3,0.90645363525637,0.0002383189160412,0.9107940000000002,0.000263
30954,3234,dens_650566412384126439,924,Density,<Substance CC(C)CC(C)(C)C{solv}{x=0.158800}|CCCCC(=O)OC{solv}{x=0.841200}>,CC(C)CC(C)(C)C,CCCCC(=O)OC,openff-2.2.1,3,0.8459284704497139,0.0001535063604417,0.8463800000000002,0.000505
30955,3235,dhmix_986100941633296124,925,EnthalpyOfMixing,<Substance CC(C)CC(C)(C)C{solv}{x=0.481800}|CCCCC(=O)OC{solv}{x=0.518200}>,CC(C)CC(C)(C)C,CCCCC(=O)OC,openff-2.2.1,3,1.3771542736528772,0.0484247033063836,0.866,0.0095
30956,3236,dens_1095352626338523806,926,Density,<Substance CC(C)CC(C)(C)C{solv}{x=0.742500}|CCCCC(=O)OC{solv}{x=0.257500}>,CC(C)CC(C)(C)C,CCCCC(=O)OC,openff-2.2.1,3,0.739423596486067,0.000192946336901,0.7289800000000002,0.000505
30957,3237,dens_1260001645299629257,927,Density,<Substance CC(C)CC(C)(C)C{solv}{x=0.498400}|CCCCC(=O)OC{solv}{x=0.501600}>,CC(C)CC(C)(C)C,CCCCC(=O)OC,openff-2.2.1,3,0.7804819360781542,0.0002023371696569,0.7738400000000002,0.000505
30958,3238,dhmix_1505455794590867712,928,EnthalpyOfMixing,<Substance CC(C)CC(C)(C)C{solv}{x=0.158900}|CCCCC(=O)OC{solv}{x=0.841100}>,CC(C)CC(C)(C)C,CCCCC(=O)OC,openff-2.2.1,3,0.6054534978339987,0.0527684203265027,0.438,0.005
30959,3239,dhmix_1888614200283593194,929,EnthalpyOfMixing,<Substance CC(C)CC(C)(C)C{solv}{x=0.781300}|CCCCC(=O)OC{solv}{x=0.218700}>,CC(C)CC(C)(C)C,CCCCC(=O)OC,openff-2.2.1,3,1.1213526489549963,0.0434062200153626,0.658,0.007
30960,3240,dhmix_657900975986635712,930,EnthalpyOfMixing,<Substance Cc1ccccc1N{solv}{x=0.782700}|Cc1ccncc1{solv}{x=0.217300}>,Cc1ccccc1N,Cc1ccncc1,openff-2.2.1,3,-0.8697799915232167,0.0464401103760954,-0.8885,0.0182
30961,3241,dhmix_727678512066874384,931,EnthalpyOfMixing,<Substance Cc1ccccc1N{solv}{x=0.478300}|Cc1ccncc1{solv}{x=0.521700}>,Cc1ccccc1N,Cc1ccncc1,openff-2.2.1,3,-1.8523183942680037,0.0371283053635247,-1.4295,0.0291
30962,3242,dhmix_860941552641107708,932,EnthalpyOfMixing,<Substance Cc1ccccc1N{solv}{x=0.271500}|Cc1ccncc1{solv}{x=0.728500}>,Cc1ccccc1N,Cc1ccncc1,openff-2.2.1,3,-1.549741427692659,0.0406833161508457,-1.1791,0.02405
30963,3243,dens_1148106102021344214,933,Density,<Substance Cc1ccccc1N{solv}{x=0.265500}|Cc1ccncc1{solv}{x=0.734500}>,Cc1ccccc1N,Cc1ccncc1,openff-2.2.1,3,0.9656642344638696,0.0002207249831822,0.9662520000000002,0.00012
30964,3244,dens_1294189007890656769,934,Density,<Substance Cc1ccccc1N{solv}{x=0.486300}|Cc1ccncc1{solv}{x=0.513700}>,Cc1ccccc1N,Cc1ccncc1,openff-2.2.1,3,0.9817221665300884,0.0002109646779975,0.9765780000000002,0.000119
30965,3245,dens_1461384477504239974,935,Density,<Substance Cc1ccccc1N{solv}{x=0.767400}|Cc1ccncc1{solv}{x=0.232600}>,Cc1ccccc1N,Cc1ccncc1,openff-2.2.1,3,0.998652883439222,0.000240174649029,0.9868740000000004,0.000118
30966,3246,dens_671712471159959715,936,Density,<Substance CCCCCCN{solv}{x=0.294400}|CN(C)C=O{solv}{x=0.705600}>,CCCCCCN,CN(C)C=O,openff-2.2.1,3,0.8608638935686458,0.0002218791477921,0.8676880000000002,0.001057
30967,3247,dhmix_791979567859859400,937,EnthalpyOfMixing,<Substance CCCCCCN{solv}{x=0.747800}|CN(C)C=O{solv}{x=0.252200}>,CCCCCCN,CN(C)C=O,openff-2.2.1,3,0.2266956395797734,0.0481801636798635,0.461,0.015
30968,3248,dens_812907294215791908,938,Density,<Substance CCCCCCN{solv}{x=0.450000}|CN(C)C=O{solv}{x=0.550000}>,CCCCCCN,CN(C)C=O,openff-2.2.1,3,0.8367304264279115,0.000177431283554,0.8367510000000001,0.001016
30969,3249,dhmix_1553880519684715156,939,EnthalpyOfMixing,<Substance CCCCCCN{solv}{x=0.249700}|CN(C)C=O{solv}{x=0.750300}>,CCCCCCN,CN(C)C=O,openff-2.2.1,3,0.2302352620823242,0.0326466074107605,0.51,0.0165
30970,3250,dens_1658157305664412923,940,Density,<Substance CCCCCCN{solv}{x=0.745200}|CN(C)C=O{solv}{x=0.254800}>,CCCCCCN,CN(C)C=O,openff-2.2.1,3,0.7993726766097783,0.00018645234636,0.7905460000000002,0.0009575
30971,3251,dhmix_2271922176351407084,941,EnthalpyOfMixing,<Substance CCCCCCN{solv}{x=0.499700}|CN(C)C=O{solv}{x=0.500300}>,CCCCCCN,CN(C)C=O,openff-2.2.1,3,0.4614115088332511,0.0449279123052931,0.661,0.02
30972,3252,dhmix_676105854791415053,942,EnthalpyOfMixing,<Substance C=C(C)[C@H]1CC=C(C)CC1{solv}{x=0.540000}|CCCCCO{solv}{x=0.460000}>,C=C(C)[C@H]1CC=C(C)CC1,CCCCCO,openff-2.2.1,3,1.0680849066169031,0.0594476114032181,0.858,0.0345
30973,3253,dhmix_865539540276734208,943,EnthalpyOfMixing,<Substance C=C(C)[C@H]1CC=C(C)CC1{solv}{x=0.766000}|CCCCCO{solv}{x=0.234000}>,C=C(C)[C@H]1CC=C(C)CC1,CCCCCO,openff-2.2.1,3,0.9699676119765286,0.0561160836779584,0.782,0.0315
30974,3254,dens_1544700949225348296,944,Density,<Substance C=C(C)[C@H]1CC=C(C)CC1{solv}{x=0.263500}|CCCCCO{solv}{x=0.736500}>,C=C(C)[C@H]1CC=C(C)CC1,CCCCCO,openff-2.2.1,3,0.8128812998154871,0.0001828414594201,0.8238000000000002,0.0002
30975,3255,dens_1638649899512334435,945,Density,<Substance C=C(C)[C@H]1CC=C(C)CC1{solv}{x=0.543500}|CCCCCO{solv}{x=0.456500}>,C=C(C)[C@H]1CC=C(C)CC1,CCCCCO,openff-2.2.1,3,0.8152490794661029,0.0001947143376844,0.8312000000000003,0.0003
30976,3256,dens_2014432371647189246,946,Density,<Substance C=C(C)[C@H]1CC=C(C)CC1{solv}{x=0.725200}|CCCCCO{solv}{x=0.274800}>,C=C(C)[C@H]1CC=C(C)CC1,CCCCCO,openff-2.2.1,3,0.8165501046980749,0.0001993402461747,0.8354000000000001,0.00035
30977,3257,dhmix_2293008983270202716,947,EnthalpyOfMixing,<Substance C=C(C)[C@H]1CC=C(C)CC1{solv}{x=0.272000}|CCCCCO{solv}{x=0.728000}>,C=C(C)[C@H]1CC=C(C)CC1,CCCCCO,openff-2.2.1,3,0.6258930586004681,0.0482374777199009,0.532,0.0215
30978,3258,dens_680086766431069719,948,Density,<Substance CN1CCNCC1{solv}{x=0.209100}|O{solv}{x=0.790900}>,CN1CCNCC1,O,openff-2.2.1,3,0.9913735848320876,0.0003561157807925,1.0013300000000005,4.000000000000001e-05
30979,3259,dhmix_979415629850644100,949,EnthalpyOfMixing,<Substance CN1CCNCC1{solv}{x=0.199800}|O{solv}{x=0.800200}>,CN1CCNCC1,O,openff-2.2.1,3,-3.362650426857293,0.0291827583025422,-4.495,0.048
30980,3260,dhmix_1386641258873877278,950,EnthalpyOfMixing,<Substance CN1CCNCC1{solv}{x=0.792600}|O{solv}{x=0.207400}>,CN1CCNCC1,O,openff-2.2.1,3,-1.5029693162979072,0.0581919314820979,-1.753,0.019
30981,3261,dhmix_1572121970391530461,951,EnthalpyOfMixing,<Substance CN1CCNCC1{solv}{x=0.550000}|O{solv}{x=0.450000}>,CN1CCNCC1,O,openff-2.2.1,3,-2.674345039450685,0.0622791993137671,-3.547,0.038
30982,3262,dens_1756096179620961699,952,Density,<Substance CN1CCNCC1{solv}{x=0.510900}|O{solv}{x=0.489100}>,CN1CCNCC1,O,openff-2.2.1,3,0.9661379281650946,0.0002257606407145,0.9464100000000002,7.000000000000002e-05
30983,3263,dens_1892970147583328629,953,Density,<Substance CN1CCNCC1{solv}{x=0.706500}|O{solv}{x=0.293500}>,CN1CCNCC1,O,openff-2.2.1,3,0.9548238910505562,0.0005300659066259,0.9223100000000002,8.500000000000002e-05
30984,3264,dhmix_681274412655414068,954,EnthalpyOfMixing,<Substance CCCOC(=O)CC{solv}{x=0.739400}|Cc1ccccc1{solv}{x=0.260600}>,CCCOC(=O)CC,Cc1ccccc1,openff-2.2.1,3,-0.2071734209461624,0.0473485743811352,-0.1135,0.0033
30985,3265,dhmix_720914323963600437,955,EnthalpyOfMixing,<Substance CCCOC(=O)CC{solv}{x=0.238900}|Cc1ccccc1{solv}{x=0.761100}>,CCCOC(=O)CC,Cc1ccccc1,openff-2.2.1,3,-0.332331210146144,0.0435274878082102,-0.1404,0.0037
30986,3266,dens_1397630560016316656,956,Density,<Substance CCCOC(=O)CC{solv}{x=0.274700}|Cc1ccccc1{solv}{x=0.725300}>,CCCOC(=O)CC,Cc1ccccc1,openff-2.2.1,3,0.8550723655828876,0.0002363001915603,0.8675700000000003,0.00018
30987,3267,dhmix_1646061995263935606,957,EnthalpyOfMixing,<Substance CCCOC(=O)CC{solv}{x=0.548600}|Cc1ccccc1{solv}{x=0.451400}>,CCCOC(=O)CC,Cc1ccccc1,openff-2.2.1,3,-0.2711442921502751,0.0409647984134288,-0.1583,0.004
30988,3268,dens_1792064777238352129,958,Density,<Substance CCCOC(=O)CC{solv}{x=0.490700}|Cc1ccccc1{solv}{x=0.509300}>,CCCOC(=O)CC,Cc1ccccc1,openff-2.2.1,3,0.8609127281191332,0.0002126864639065,0.8707300000000002,0.00019
30989,3269,dens_1826904081955826008,959,Density,<Substance CCCOC(=O)CC{solv}{x=0.734600}|Cc1ccccc1{solv}{x=0.265400}>,CCCOC(=O)CC,Cc1ccccc1,openff-2.2.1,3,0.8664818890428577,0.0002146232752069,0.8734100000000001,0.00021
30990,3270,dens_685747331874801159,960,Density,<Substance CN1CCOCC1{solv}{x=0.498300}|O{solv}{x=0.501700}>,CN1CCOCC1,O,openff-2.2.1,3,0.9681603742045192,0.0003830329614423,0.9627600000000002,0.00084
30991,3271,dens_1087644349445114282,961,Density,<Substance CN1CCOCC1{solv}{x=0.253800}|O{solv}{x=0.746200}>,CN1CCOCC1,O,openff-2.2.1,3,0.9792217982647552,0.0003229818412812,0.9918800000000002,0.00059
30992,3272,dens_1374975991061431070,962,Density,<Substance CN1CCOCC1{solv}{x=0.758700}|O{solv}{x=0.241300}>,CN1CCOCC1,O,openff-2.2.1,3,0.956022258831676,0.0002442690723717,0.9345300000000002,0.00112
30993,3273,dhmix_686592400130667234,963,EnthalpyOfMixing,<Substance BrCCCBr{solv}{x=0.231300}|COC(C)=O{solv}{x=0.768700}>,BrCCCBr,COC(C)=O,openff-2.2.1,3,0.2412233737359557,0.0374003364269421,0.2115,0.0024
30994,3274,dhmix_691866222529030049,964,EnthalpyOfMixing,<Substance BrCCCBr{solv}{x=0.504200}|COC(C)=O{solv}{x=0.495800}>,BrCCCBr,COC(C)=O,openff-2.2.1,3,0.3330461836008496,0.0327790993897116,0.3912,0.0038
30995,3275,dens_1032175440351342196,965,Density,<Substance BrCCCBr{solv}{x=0.243500}|COC(C)=O{solv}{x=0.756500}>,BrCCCBr,COC(C)=O,openff-2.2.1,3,1.219308513560204,0.0003975933727551,1.2277600000000002,0.00096
30996,3276,dens_1180265274183315765,966,Density,<Substance BrCCCBr{solv}{x=0.713800}|COC(C)=O{solv}{x=0.286200}>,BrCCCBr,COC(C)=O,openff-2.2.1,3,1.6713998113769386,0.0004486389279535,1.7174300000000005,0.002745
30997,3277,dhmix_1380172638999588939,967,EnthalpyOfMixing,<Substance BrCCCBr{solv}{x=0.759400}|COC(C)=O{solv}{x=0.240600}>,BrCCCBr,COC(C)=O,openff-2.2.1,3,0.182702722702702,0.0362904996861754,0.313,0.0032
30998,3278,dens_1697077234757321859,968,Density,<Substance BrCCCBr{solv}{x=0.525600}|COC(C)=O{solv}{x=0.474400}>,BrCCCBr,COC(C)=O,openff-2.2.1,3,1.5049708850500734,0.0004420392974156,1.5338800000000006,0.001965
30999,3279,dens_693154680723850561,969,Density,<Substance CN1CCCC1=O{solv}{x=0.756400}|Cc1ccccc1{solv}{x=0.243600}>,CN1CCCC1=O,Cc1ccccc1,openff-2.2.1,3,0.95927998172291,0.0001859968987714,0.9854500000000004,0.00034
31000,3280,dhmix_1759507684169085916,970,EnthalpyOfMixing,<Substance CN1CCCC1=O{solv}{x=0.741800}|Cc1ccccc1{solv}{x=0.258200}>,CN1CCCC1=O,Cc1ccccc1,openff-2.2.1,3,0.014391892970309,0.0461107526130445,-0.2141,0.0024
31001,3281,dens_1796497685752507694,971,Density,<Substance CN1CCCC1=O{solv}{x=0.481500}|Cc1ccccc1{solv}{x=0.518500}>,CN1CCCC1=O,Cc1ccccc1,openff-2.2.1,3,0.9180269618989948,0.0002155230661874,0.9415400000000002,0.00028
31002,3282,dhmix_1857599089574133884,972,EnthalpyOfMixing,<Substance CN1CCCC1=O{solv}{x=0.223100}|Cc1ccccc1{solv}{x=0.776900}>,CN1CCCC1=O,Cc1ccccc1,openff-2.2.1,3,-0.0878283718852017,0.0413517277858246,-0.1889,0.00215
31003,3283,dens_1886489466266398819,973,Density,<Substance CN1CCCC1=O{solv}{x=0.221600}|Cc1ccccc1{solv}{x=0.778400}>,CN1CCCC1=O,Cc1ccccc1,openff-2.2.1,3,0.8867832333263392,0.0002229655981949,0.9061600000000002,0.00076
31004,3284,dhmix_2238554893157725289,974,EnthalpyOfMixing,<Substance CN1CCCC1=O{solv}{x=0.482100}|Cc1ccccc1{solv}{x=0.517900}>,CN1CCCC1=O,Cc1ccccc1,openff-2.2.1,3,-0.0322188944424084,0.0417244830316276,-0.2985,0.0033
31005,3285,dens_717951284355382404,975,Density,<Substance CN1CCCC1=O{solv}{x=0.702300}|ClCCCCCCCl{solv}{x=0.297700}>,CN1CCCC1=O,ClCCCCCCCl,openff-2.2.1,3,1.0234067828395663,0.0002650277203623,1.0416,0.0003
31006,3286,dhmix_859697969059379656,976,EnthalpyOfMixing,<Substance CN1CCCC1=O{solv}{x=0.503000}|ClCCCCCCCl{solv}{x=0.497000}>,CN1CCCC1=O,ClCCCCCCCl,openff-2.2.1,3,0.2901251269640923,0.044206107842594,-0.2,0.0025
31007,3287,dhmix_916885053388204545,977,EnthalpyOfMixing,<Substance CN1CCCC1=O{solv}{x=0.212000}|ClCCCCCCCl{solv}{x=0.788000}>,CN1CCCC1=O,ClCCCCCCCl,openff-2.2.1,3,0.0355259868059505,0.0492948256647109,-0.13,0.002
31008,3288,dens_1483670447992291960,978,Density,<Substance CN1CCCC1=O{solv}{x=0.201600}|ClCCCCCCCl{solv}{x=0.798400}>,CN1CCCC1=O,ClCCCCCCCl,openff-2.2.1,3,1.0506582603824643,0.0001944958358609,1.0584000000000005,0.00055
31009,3289,dens_1896555095774116819,979,Density,<Substance CN1CCCC1=O{solv}{x=0.504900}|ClCCCCCCCl{solv}{x=0.495100}>,CN1CCCC1=O,ClCCCCCCCl,openff-2.2.1,3,1.0358622770100046,0.0002473569581236,1.0490000000000002,0.00035
31010,3290,dhmix_2039443272323887912,980,EnthalpyOfMixing,<Substance CN1CCCC1=O{solv}{x=0.797000}|ClCCCCCCCl{solv}{x=0.203000}>,CN1CCCC1=O,ClCCCCCCCl,openff-2.2.1,3,0.201181379687533,0.0428607170434709,-0.123,0.002
31011,3291,dhmix_729169544598225866,981,EnthalpyOfMixing,<Substance CN(C)C=O{solv}{x=0.203000}|ClCCCCCCCl{solv}{x=0.797000}>,CN(C)C=O,ClCCCCCCCl,openff-2.2.1,3,0.5246087220710081,0.0456080015359526,0.195,0.0025
31012,3292,dhmix_1359105787212172230,982,EnthalpyOfMixing,<Substance CN(C)C=O{solv}{x=0.796000}|ClCCCCCCCl{solv}{x=0.204000}>,CN(C)C=O,ClCCCCCCCl,openff-2.2.1,3,0.5165531676355073,0.035198837338791,0.24,0.0025
31013,3293,dhmix_1534380829757525169,983,EnthalpyOfMixing,<Substance CN(C)C=O{solv}{x=0.498000}|ClCCCCCCCl{solv}{x=0.502000}>,CN(C)C=O,ClCCCCCCCl,openff-2.2.1,3,0.7827017353321679,0.0416578571675319,0.34,0.0025
31014,3294,dens_1752369236407148840,984,Density,<Substance CN(C)C=O{solv}{x=0.503300}|ClCCCCCCCl{solv}{x=0.496700}>,CN(C)C=O,ClCCCCCCCl,openff-2.2.1,3,1.0069643838936655,0.0001771077391116,1.0190000000000003,0.00155
31015,3295,dens_2070195997725277466,985,Density,<Substance CN(C)C=O{solv}{x=0.703400}|ClCCCCCCCl{solv}{x=0.296600}>,CN(C)C=O,ClCCCCCCCl,openff-2.2.1,3,0.9783964631595844,0.0002526448373925,0.9943000000000002,0.0017
31016,3296,dens_2171945276872385012,986,Density,<Substance CN(C)C=O{solv}{x=0.201300}|ClCCCCCCCl{solv}{x=0.798700}>,CN(C)C=O,ClCCCCCCCl,openff-2.2.1,3,1.0403764147894872,0.0002477213738642,1.0486000000000002,0.0014
31017,3297,dens_741100297092592576,987,Density,<Substance C1CCCCC1{solv}{x=0.265900}|C1CCOCC1{solv}{x=0.734100}>,C1CCCCC1,C1CCOCC1,openff-2.2.1,3,0.83180616417428,0.0002458381115468,0.8470300000000002,0.000505
31018,3298,dens_1002639246322609242,988,Density,<Substance C1CCCCC1{solv}{x=0.762200}|C1CCOCC1{solv}{x=0.237800}>,C1CCCCC1,C1CCOCC1,openff-2.2.1,3,0.7746709429864644,0.0002415632626331,0.7952000000000002,0.000505
31019,3299,dhmix_1171155554844966705,989,EnthalpyOfMixing,<Substance C1CCCCC1{solv}{x=0.247100}|C1CCOCC1{solv}{x=0.752900}>,C1CCCCC1,C1CCOCC1,openff-2.2.1,3,0.4454278032029464,0.0359480453211968,0.3613,0.00395
31020,3300,dens_2142973677177666085,990,Density,<Substance C1CCCCC1{solv}{x=0.501800}|C1CCOCC1{solv}{x=0.498200}>,C1CCCCC1,C1CCOCC1,openff-2.2.1,3,0.8023726806193514,0.0002550239175953,0.8211500000000002,0.000505
31021,3301,dhmix_2195791820105752985,991,EnthalpyOfMixing,<Substance C1CCCCC1{solv}{x=0.726600}|C1CCOCC1{solv}{x=0.273400}>,C1CCCCC1,C1CCOCC1,openff-2.2.1,3,0.6039394138550023,0.044921685699379,0.4424,0.00485
31022,3302,dhmix_2296999979529762407,992,EnthalpyOfMixing,<Substance C1CCCCC1{solv}{x=0.499000}|C1CCOCC1{solv}{x=0.501000}>,C1CCCCC1,C1CCOCC1,openff-2.2.1,3,0.7037037190170423,0.0454426893900056,0.526,0.0055
31023,3303,dhmix_744994939606384802,993,EnthalpyOfMixing,<Substance CO{solv}{x=0.300000}|O{solv}{x=0.700000}>,CO,O,openff-2.2.1,3,0.0784590849831765,1.2569805089976535e-05,-0.85,0.005
31024,3304,dens_1085345433585028387,994,Density,<Substance CO{solv}{x=0.499700}|O{solv}{x=0.500300}>,CO,O,openff-2.2.1,3,0.8384364773781301,0.000440440236724,0.8816900000000003,0.000165
31025,3305,dhmix_1126710771921470495,995,EnthalpyOfMixing,<Substance CO{solv}{x=0.700000}|O{solv}{x=0.300000}>,CO,O,openff-2.2.1,3,0.0408227001226726,1.2569805089976535e-05,-0.583,0.0035
31026,3306,dens_1258832080354057572,996,Density,<Substance CO{solv}{x=0.300300}|O{solv}{x=0.699700}>,CO,O,openff-2.2.1,3,0.8846875672982353,1e-05,0.9252100000000004,0.000125
31027,3307,dens_1758371820245200558,997,Density,<Substance CO{solv}{x=0.760500}|O{solv}{x=0.239500}>,CO,O,openff-2.2.1,3,0.7933866234458201,0.0004643092952509,0.8289000000000002,0.0001
31028,3308,dhmix_1824296469249495553,998,EnthalpyOfMixing,<Substance CO{solv}{x=0.500000}|O{solv}{x=0.500000}>,CO,O,openff-2.2.1,3,0.1536758364733419,1.2247448713915892e-05,-0.777,0.0045
31029,3309,dhmix_753952445434773754,999,EnthalpyOfMixing,<Substance CCCCCCCCCl{solv}{x=0.493000}|CN1CCCC1=O{solv}{x=0.507000}>,CCCCCCCCCl,CN1CCCC1=O,openff-2.2.1,3,1.1668138216158184,0.0417824076288357,0.638,0.0035
31030,3310,dhmix_1273186684325800862,1000,EnthalpyOfMixing,<Substance CCCCCCCCCl{solv}{x=0.783000}|CN1CCCC1=O{solv}{x=0.217000}>,CCCCCCCCCl,CN1CCCC1=O,openff-2.2.1,3,0.738473336228509,0.0506184507419738,0.371,0.003
31031,3311,dhmix_1457789704046029008,1001,EnthalpyOfMixing,<Substance CCCCCCCCCl{solv}{x=0.202000}|CN1CCCC1=O{solv}{x=0.798000}>,CCCCCCCCCl,CN1CCCC1=O,openff-2.2.1,3,0.8806695024136957,0.0456925691558336,0.5,0.0035
31032,3312,dens_1965529278608066299,1002,Density,<Substance CCCCCCCCCl{solv}{x=0.299500}|CN1CCCC1=O{solv}{x=0.700500}>,CCCCCCCCCl,CN1CCCC1=O,openff-2.2.1,3,0.9417493272809117,0.0001708552617695,0.9598000000000002,0.00025
31033,3313,dens_2167805246575708222,1003,Density,<Substance CCCCCCCCCl{solv}{x=0.798600}|CN1CCCC1=O{solv}{x=0.201400}>,CCCCCCCCCl,CN1CCCC1=O,openff-2.2.1,3,0.8785168971075956,0.0002145722664886,0.8888000000000001,0.00055
31034,3314,dens_2177162670107081086,1004,Density,<Substance CCCCCCCCCl{solv}{x=0.497900}|CN1CCCC1=O{solv}{x=0.502100}>,CCCCCCCCCl,CN1CCCC1=O,openff-2.2.1,3,0.9128849048865384,0.0002002174170204,0.9269000000000002,0.00035
31035,3315,dhmix_756380521637559100,1005,EnthalpyOfMixing,<Substance C1COCCO1{solv}{x=0.500000}|O=C1CCCCC1{solv}{x=0.500000}>,C1COCCO1,O=C1CCCCC1,openff-2.2.1,3,0.1882582811920343,0.0441432651116801,0.28584,0.00154
31036,3316,dens_1139761443535371798,1006,Density,<Substance C1COCCO1{solv}{x=0.459400}|O=C1CCCCC1{solv}{x=0.540600}>,C1COCCO1,O=C1CCCCC1,openff-2.2.1,3,0.95858742531312,0.0001551827260992,0.9762000000000004,0.00025
31037,3317,dhmix_1367833850972054360,1007,EnthalpyOfMixing,<Substance C1COCCO1{solv}{x=0.750000}|O=C1CCCCC1{solv}{x=0.250000}>,C1COCCO1,O=C1CCCCC1,openff-2.2.1,3,0.2032336281784097,0.0368921448970745,0.23662,0.001355
31038,3318,dhmix_1533665710565492443,1008,EnthalpyOfMixing,<Substance C1COCCO1{solv}{x=0.250000}|O=C1CCCCC1{solv}{x=0.750000}>,C1COCCO1,O=C1CCCCC1,openff-2.2.1,3,0.1051079630923936,0.0447544876187696,0.20076,0.00121
31039,3319,dens_1556646832168598904,1009,Density,<Substance C1COCCO1{solv}{x=0.797800}|O=C1CCCCC1{solv}{x=0.202200}>,C1COCCO1,O=C1CCCCC1,openff-2.2.1,3,0.9988266415504778,0.0002494931375272,1.0062000000000002,0.00025
31040,3320,dens_1806066395455679216,1010,Density,<Substance C1COCCO1{solv}{x=0.272000}|O=C1CCCCC1{solv}{x=0.728000}>,C1COCCO1,O=C1CCCCC1,openff-2.2.1,3,0.9392594592582882,0.0001859049168058,0.9614000000000004,0.00025
31041,3321,dhmix_781473821930081125,1011,EnthalpyOfMixing,<Substance CCOc1ccccc1{solv}{x=0.765100}|OCc1ccccc1{solv}{x=0.234900}>,CCOc1ccccc1,OCc1ccccc1,openff-2.2.1,3,0.8076257084405754,0.0475293033925669,1.083,0.0116
31042,3322,dhmix_966435122735090568,1012,EnthalpyOfMixing,<Substance CCOc1ccccc1{solv}{x=0.063600}|OCc1ccccc1{solv}{x=0.936400}>,CCOc1ccccc1,OCc1ccccc1,openff-2.2.1,3,0.0540683968465316,0.0495282376529348,0.1901,0.00225
31043,3323,dens_1184318999137642715,1013,Density,<Substance CCOc1ccccc1{solv}{x=0.064200}|OCc1ccccc1{solv}{x=0.935800}>,CCOc1ccccc1,OCc1ccccc1,openff-2.2.1,3,1.017491176501336,0.0002169568988158,1.02761,0.00011
31044,3324,dhmix_1518701992890040137,1014,EnthalpyOfMixing,<Substance CCOc1ccccc1{solv}{x=0.549900}|OCc1ccccc1{solv}{x=0.450100}>,CCOc1ccccc1,OCc1ccccc1,openff-2.2.1,3,0.951558240573533,0.0493730838528079,1.0561,0.01135
31045,3325,dens_1575045736805268459,1015,Density,<Substance CCOc1ccccc1{solv}{x=0.459800}|OCc1ccccc1{solv}{x=0.540200}>,CCOc1ccccc1,OCc1ccccc1,openff-2.2.1,3,0.9812154720015732,0.0002032523523128,0.9925100000000002,0.00016
31046,3326,dens_2214650701288997434,1016,Density,<Substance CCOc1ccccc1{solv}{x=0.757200}|OCc1ccccc1{solv}{x=0.242800}>,CCOc1ccccc1,OCc1ccccc1,openff-2.2.1,3,0.9577503774963833,0.0001538472298389,0.9686500000000002,0.000215
31047,3327,dens_800807749587668066,1017,Density,<Substance C1CCOCC1{solv}{x=0.733600}|c1ccncc1{solv}{x=0.266400}>,C1CCOCC1,c1ccncc1,openff-2.2.1,3,0.8823177715957587,0.0002589879494667,0.8933350000000002,0.000358
31048,3328,dhmix_836757145941804043,1018,EnthalpyOfMixing,<Substance C1CCOCC1{solv}{x=0.291500}|c1ccncc1{solv}{x=0.708500}>,C1CCOCC1,c1ccncc1,openff-2.2.1,3,0.186805496140078,0.0364193767650431,0.0898,0.00095
31049,3329,dhmix_1003039131395935786,1019,EnthalpyOfMixing,<Substance C1CCOCC1{solv}{x=0.536300}|c1ccncc1{solv}{x=0.463700}>,C1CCOCC1,c1ccncc1,openff-2.2.1,3,0.0588493117033586,0.0417397915221051,0.1573,0.0013
31050,3330,dens_1859030547600172702,1020,Density,<Substance C1CCOCC1{solv}{x=0.241500}|c1ccncc1{solv}{x=0.758500}>,C1CCOCC1,c1ccncc1,openff-2.2.1,3,0.9474840657903396,0.0002879963632259,0.9525650000000004,0.000212
31051,3331,dhmix_2191254706131659314,1021,EnthalpyOfMixing,<Substance C1CCOCC1{solv}{x=0.734400}|c1ccncc1{solv}{x=0.265600}>,C1CCOCC1,c1ccncc1,openff-2.2.1,3,0.0562806527054462,0.0413658501168894,0.1564,0.0013
31052,3332,dens_2239470871208865925,1022,Density,<Substance C1CCOCC1{solv}{x=0.536400}|c1ccncc1{solv}{x=0.463600}>,C1CCOCC1,c1ccncc1,openff-2.2.1,3,0.9028220293575344,0.0002474566211355,0.9124250000000002,0.0002965
31053,3333,dens_801655585640229277,1023,Density,<Substance C1CCOCC1{solv}{x=0.777600}|CCCC(C)=O{solv}{x=0.222400}>,C1CCOCC1,CCCC(C)=O,openff-2.2.1,3,0.8449176607214083,0.0002465287277969,0.8602600000000002,0.000225
31054,3334,dhmix_1175081460677389458,1024,EnthalpyOfMixing,<Substance C1CCOCC1{solv}{x=0.250000}|CCCC(C)=O{solv}{x=0.750000}>,C1CCOCC1,CCCC(C)=O,openff-2.2.1,3,0.0989919526139182,0.0368733247235846,0.06014,0.00063
31055,3335,dens_1481139606755572767,1025,Density,<Substance C1CCOCC1{solv}{x=0.236100}|CCCC(C)=O{solv}{x=0.763900}>,C1CCOCC1,CCCC(C)=O,openff-2.2.1,3,0.7976829680771091,0.0002183932180924,0.8183900000000002,0.000215
31056,3336,dhmix_1531586108535895092,1026,EnthalpyOfMixing,<Substance C1CCOCC1{solv}{x=0.750000}|CCCC(C)=O{solv}{x=0.250000}>,C1CCOCC1,CCCC(C)=O,openff-2.2.1,3,0.1213531520739508,0.0445405189543201,0.08245,0.000715
31057,3337,dhmix_2074691820693967219,1027,EnthalpyOfMixing,<Substance C1CCOCC1{solv}{x=0.500000}|CCCC(C)=O{solv}{x=0.500000}>,C1CCOCC1,CCCC(C)=O,openff-2.2.1,3,0.1810688849332322,0.0419546375718416,0.09128,0.000745
31058,3338,dens_2180187104403779312,1028,Density,<Substance C1CCOCC1{solv}{x=0.504600}|CCCC(C)=O{solv}{x=0.495400}>,C1CCOCC1,CCCC(C)=O,openff-2.2.1,3,0.8203937055336854,0.0002112822532791,0.8386000000000002,0.00022
31059,3339,dhmix_814516627068967115,1029,EnthalpyOfMixing,<Substance CCCOC=O{solv}{x=0.230800}|ClCCCCl{solv}{x=0.769200}>,CCCOC=O,ClCCCCl,openff-2.2.1,3,0.3228573189437469,1.2824671535754826e-05,-0.054,0.001
31060,3340,dens_853749747181024442,1030,Density,<Substance CCCOC=O{solv}{x=0.525500}|ClCCCCl{solv}{x=0.474500}>,CCCOC=O,ClCCCCl,openff-2.2.1,3,1.030430452974787,1e-05,1.0302400000000005,0.00176
31061,3341,dhmix_1623640482466530427,1031,EnthalpyOfMixing,<Substance CCCOC=O{solv}{x=0.750900}|ClCCCCl{solv}{x=0.249100}>,CCCOC=O,ClCCCCl,openff-2.2.1,3,0.1802605506265209,1.2751478345666436e-05,-0.088,0.001
31062,3342,dens_1998603470347754754,1032,Density,<Substance CCCOC=O{solv}{x=0.233600}|ClCCCCl{solv}{x=0.766400}>,CCCOC=O,ClCCCCl,openff-2.2.1,3,1.1017617701329463,1e-05,1.1122200000000002,0.00274
31063,3343,dhmix_2003217087101692001,1033,EnthalpyOfMixing,<Substance CCCOC=O{solv}{x=0.514500}|ClCCCCl{solv}{x=0.485500}>,CCCOC=O,ClCCCCl,openff-2.2.1,3,0.2654608525072532,1.2249168715725914e-05,-0.114,0.0015
31064,3344,dens_2020761603812222512,1034,Density,<Substance CCCOC=O{solv}{x=0.763600}|ClCCCCl{solv}{x=0.236400}>,CCCOC=O,ClCCCCl,openff-2.2.1,3,0.9725166645132702,1e-05,0.9644500000000004,0.00119
31065,3345,dens_828893303895070246,1035,Density,<Substance C1CCCCC1{solv}{x=0.249800}|CCCCCCCC{solv}{x=0.750200}>,C1CCCCC1,CCCCCCCC,openff-2.2.1,3,0.6979366914737408,0.0001712640037182,0.7110900000000002,0.000605
31066,3346,dhmix_1288938247372010686,1036,EnthalpyOfMixing,<Substance C1CCCCC1{solv}{x=0.751300}|CCCCCCCC{solv}{x=0.248700}>,C1CCCCC1,CCCCCCCC,openff-2.2.1,3,0.2395216217175289,0.0461690789646276,0.23,0.005
31067,3347,dens_1398337515687242649,1037,Density,<Substance C1CCCCC1{solv}{x=0.477700}|CCCCCCCC{solv}{x=0.522300}>,C1CCCCC1,CCCCCCCC,openff-2.2.1,3,0.7101795149165913,0.0001973482483774,0.7250300000000002,0.000585
31068,3348,dhmix_1429498464152515756,1038,EnthalpyOfMixing,<Substance C1CCCCC1{solv}{x=0.532400}|CCCCCCCC{solv}{x=0.467600}>,C1CCCCC1,CCCCCCCC,openff-2.2.1,3,0.2055799107332347,0.0473398201341568,0.258,0.005
31069,3349,dens_2267960821195706299,1039,Density,<Substance C1CCCCC1{solv}{x=0.796100}|CCCCCCCC{solv}{x=0.203900}>,C1CCCCC1,CCCCCCCC,openff-2.2.1,3,0.7314023558649099,0.0002087413402684,0.7509700000000002,0.00055
31070,3350,dhmix_2289023418386220795,1040,EnthalpyOfMixing,<Substance C1CCCCC1{solv}{x=0.274400}|CCCCCCCC{solv}{x=0.725600}>,C1CCCCC1,CCCCCCCC,openff-2.2.1,3,0.1456550709293367,0.0542707903905694,0.18,0.005
31071,3351,dens_848374876759596361,1041,Density,<Substance CC(C)OC(C)C{solv}{x=0.284600}|CCCCCl{solv}{x=0.715400}>,CC(C)OC(C)C,CCCCCl,openff-2.2.1,3,0.8154464477840313,0.0003166562026177,0.8263210000000002,0.000365
31072,3352,dens_917492506874956672,1042,Density,<Substance CC(C)OC(C)C{solv}{x=0.808200}|CCCCCl{solv}{x=0.191800}>,CC(C)OC(C)C,CCCCCl,openff-2.2.1,3,0.7524809705463233,0.0002429003804846,0.7440910000000002,0.000448
31073,3353,dhmix_1107367594793013993,1043,EnthalpyOfMixing,<Substance CC(C)OC(C)C{solv}{x=0.272700}|CCCCCl{solv}{x=0.727300}>,CC(C)OC(C)C,CCCCCl,openff-2.2.1,3,-0.171844582733101,0.0348049986476423,-0.0785,0.001
31074,3354,dhmix_1310204607958463222,1044,EnthalpyOfMixing,<Substance CC(C)OC(C)C{solv}{x=0.454700}|CCCCCl{solv}{x=0.545300}>,CC(C)OC(C)C,CCCCCl,openff-2.2.1,3,-0.1858700280876561,0.0408073809033406,-0.0954,0.0012
31075,3355,dhmix_1605157292498138629,1045,EnthalpyOfMixing,<Substance CC(C)OC(C)C{solv}{x=0.727400}|CCCCCl{solv}{x=0.272600}>,CC(C)OC(C)C,CCCCCl,openff-2.2.1,3,-0.1353944689635184,0.0454428051343316,-0.0732,0.00095
31076,3356,dens_1927916489732771888,1046,Density,<Substance CC(C)OC(C)C{solv}{x=0.484000}|CCCCCl{solv}{x=0.516000}>,CC(C)OC(C)C,CCCCCl,openff-2.2.1,3,0.7899563960097623,0.0002812656484104,0.7925060000000002,0.0004005
31077,3357,dens_860008765681738590,1047,Density,<Substance CN(CCO)CCO{solv}{x=0.231260}|c1ccncc1{solv}{x=0.768740}>,CN(CCO)CCO,c1ccncc1,openff-2.2.1,3,0.9931108577527236,1e-05,0.9906030000000002,0.0001015
31078,3358,dens_1253280811379348869,1048,Density,<Substance CN(CCO)CCO{solv}{x=0.670000}|c1ccncc1{solv}{x=0.330000}>,CN(CCO)CCO,c1ccncc1,openff-2.2.1,3,1.0217223867039875,1e-05,1.0161020000000005,0.000102
31079,3359,dhmix_1381513140604048573,1049,EnthalpyOfMixing,<Substance CN(CCO)CCO{solv}{x=0.473760}|c1ccncc1{solv}{x=0.526240}>,CN(CCO)CCO,c1ccncc1,openff-2.2.1,3,0.2518237882978837,1.2252966987632015e-05,-0.093,0.001
31080,3360,dens_1460709448836415360,1050,Density,<Substance CN(CCO)CCO{solv}{x=0.473530}|c1ccncc1{solv}{x=0.526470}>,CN(CCO)CCO,c1ccncc1,openff-2.2.1,3,1.0107457743636814,1e-05,1.0044450000000005,0.0001015
31081,3361,dhmix_2085036308089359597,1051,EnthalpyOfMixing,<Substance CN(CCO)CCO{solv}{x=0.230610}|c1ccncc1{solv}{x=0.769390}>,CN(CCO)CCO,c1ccncc1,openff-2.2.1,3,0.2194479241294296,1.2824671535754826e-05,-0.032,0.001
31082,3362,dhmix_2287943921901918379,1052,EnthalpyOfMixing,<Substance CN(CCO)CCO{solv}{x=0.669580}|c1ccncc1{solv}{x=0.330420}>,CN(CCO)CCO,c1ccncc1,openff-2.2.1,3,0.2602692720959823,1.2481185841096992e-05,-0.12,0.0015
31083,3363,dens_929806754028972955,1053,Density,<Substance CCCC(=O)OC{solv}{x=0.695800}|COC(C)=O{solv}{x=0.304200}>,CCCC(=O)OC,COC(C)=O,openff-2.2.1,3,0.8968810938657771,0.0002357335900564,0.8997600000000002,0.000505
31084,3364,dhmix_1093843275803987368,1054,EnthalpyOfMixing,<Substance CCCC(=O)OC{solv}{x=0.482200}|COC(C)=O{solv}{x=0.517800}>,CCCC(=O)OC,COC(C)=O,openff-2.2.1,3,0.0467024499155002,0.0409786918363385,0.151,0.002
31085,3365,dens_1187818937240241755,1055,Density,<Substance CCCC(=O)OC{solv}{x=0.253600}|COC(C)=O{solv}{x=0.746400}>,CCCC(=O)OC,COC(C)=O,openff-2.2.1,3,0.9164299379825754,0.0002637056641726,0.9147400000000002,0.000505
31086,3366,dens_1462283017082249050,1056,Density,<Substance CCCC(=O)OC{solv}{x=0.545600}|COC(C)=O{solv}{x=0.454400}>,CCCC(=O)OC,COC(C)=O,openff-2.2.1,3,0.9028506073490272,0.0002627334927192,0.9041900000000004,0.000505
31087,3367,dhmix_1514470349370367756,1057,EnthalpyOfMixing,<Substance CCCC(=O)OC{solv}{x=0.226000}|COC(C)=O{solv}{x=0.774000}>,CCCC(=O)OC,COC(C)=O,openff-2.2.1,3,0.0930828321730317,0.0394189951328383,0.102,0.0015
31088,3368,dhmix_1615966506855005599,1058,EnthalpyOfMixing,<Substance CCCC(=O)OC{solv}{x=0.695800}|COC(C)=O{solv}{x=0.304200}>,CCCC(=O)OC,COC(C)=O,openff-2.2.1,3,0.0973820666231475,0.0374843099937131,0.122,0.0015
31089,3369,dens_931039395662625393,1059,Density,<Substance BrCCBr{solv}{x=0.510700}|CCOC=O{solv}{x=0.489300}>,BrCCBr,CCOC=O,openff-2.2.1,3,1.572725625960833,0.0005225110469245,1.5742900000000004,0.00125
31090,3370,dhmix_1379448524788285045,1060,EnthalpyOfMixing,<Substance BrCCBr{solv}{x=0.503000}|CCOC=O{solv}{x=0.497000}>,BrCCBr,CCOC=O,openff-2.2.1,3,0.1949477037670277,0.0319236679682052,0.404,0.0054
31091,3371,dhmix_1589211680683586133,1061,EnthalpyOfMixing,<Substance BrCCBr{solv}{x=0.247500}|CCOC=O{solv}{x=0.752500}>,BrCCBr,CCOC=O,openff-2.2.1,3,0.089957226495505,0.0388279999152658,0.2492,0.0035
31092,3372,dens_1816072583621776909,1062,Density,<Substance BrCCBr{solv}{x=0.282500}|CCOC=O{solv}{x=0.717500}>,BrCCBr,CCOC=O,openff-2.2.1,3,1.2986142647545638,0.0004045486625611,1.2851500000000005,0.00131
31093,3373,dens_1857279480363338972,1063,Density,<Substance BrCCBr{solv}{x=0.750600}|CCOC=O{solv}{x=0.249400}>,BrCCBr,CCOC=O,openff-2.2.1,3,1.8423720054130184,0.0006565240389304,1.8698300000000003,0.000995
31094,3374,dhmix_2225135654541562913,1064,EnthalpyOfMixing,<Substance BrCCBr{solv}{x=0.734600}|CCOC=O{solv}{x=0.265400}>,BrCCBr,CCOC=O,openff-2.2.1,3,0.1189581656748615,0.0337629929120417,0.3604,0.00485
31095,3375,dhmix_933824509566848172,1065,EnthalpyOfMixing,<Substance C1COCO1{solv}{x=0.350000}|CCCC(C)=O{solv}{x=0.650000}>,C1COCO1,CCCC(C)=O,openff-2.2.1,3,0.2641264296967307,0.0418963970846175,0.17755,0.001095
31096,3376,dens_1326756646981901590,1066,Density,<Substance C1COCO1{solv}{x=0.717400}|CCCC(C)=O{solv}{x=0.282600}>,C1COCO1,CCCC(C)=O,openff-2.2.1,3,0.9732745878791744,0.0002757216222327,0.9625500000000002,0.000245
31097,3377,dhmix_1386053902220878259,1067,EnthalpyOfMixing,<Substance C1COCO1{solv}{x=0.500000}|CCCC(C)=O{solv}{x=0.500000}>,C1COCO1,CCCC(C)=O,openff-2.2.1,3,0.3587725200611373,0.0390697142419397,0.21077,0.00122
31098,3378,dens_1490997112604690080,1068,Density,<Substance C1COCO1{solv}{x=0.349900}|CCCC(C)=O{solv}{x=0.650100}>,C1COCO1,CCCC(C)=O,openff-2.2.1,3,0.8598415586578532,0.000240711271583,0.8687200000000003,0.00022
31099,3379,dens_1979377813631413053,1069,Density,<Substance C1COCO1{solv}{x=0.516900}|CCCC(C)=O{solv}{x=0.483100}>,C1COCO1,CCCC(C)=O,openff-2.2.1,3,0.9066221679641284,0.0002388198396757,0.9078200000000004,0.00023
31100,3380,dhmix_2113009728753201792,1070,EnthalpyOfMixing,<Substance C1COCO1{solv}{x=0.750000}|CCCC(C)=O{solv}{x=0.250000}>,C1COCO1,CCCC(C)=O,openff-2.2.1,3,0.3028157346542954,0.0352312686600657,0.17046,0.00107
31101,3381,dhmix_962524540250306235,1071,EnthalpyOfMixing,<Substance Cc1ccccc1N{solv}{x=0.268100}|c1ccncc1{solv}{x=0.731900}>,Cc1ccccc1N,c1ccncc1,openff-2.2.1,3,-1.5777118942980517,0.0411995174178696,-0.8915,0.0182
31102,3382,dhmix_1000930562998604270,1072,EnthalpyOfMixing,<Substance Cc1ccccc1N{solv}{x=0.773500}|c1ccncc1{solv}{x=0.226500}>,Cc1ccccc1N,c1ccncc1,openff-2.2.1,3,-1.238304601755129,0.0464543099791508,-0.7828,0.016
31103,3383,dens_1203111494553524663,1073,Density,<Substance Cc1ccccc1N{solv}{x=0.483700}|c1ccncc1{solv}{x=0.516300}>,Cc1ccccc1N,c1ccncc1,openff-2.2.1,3,1.0016658926124682,0.0001913143243826,0.9912370000000004,0.000117
31104,3384,dens_1316174752280431242,1074,Density,<Substance Cc1ccccc1N{solv}{x=0.237400}|c1ccncc1{solv}{x=0.762600}>,Cc1ccccc1N,c1ccncc1,openff-2.2.1,3,0.9902676272519776,0.0002216885473542,0.9863750000000002,0.000118
31105,3385,dhmix_1371524052813651708,1075,EnthalpyOfMixing,<Substance Cc1ccccc1N{solv}{x=0.482600}|c1ccncc1{solv}{x=0.517400}>,Cc1ccccc1N,c1ccncc1,openff-2.2.1,3,-1.897529216649971,0.0338487619102561,-1.0329,0.02105
31106,3386,dens_2188924364196997512,1076,Density,<Substance Cc1ccccc1N{solv}{x=0.767800}|c1ccncc1{solv}{x=0.232200}>,Cc1ccccc1N,c1ccncc1,openff-2.2.1,3,1.0087726147755962,0.0002386364199596,0.9936220000000002,0.000117
31107,3387,dens_964556344607822867,1077,Density,<Substance CCCCCCCCC{solv}{x=0.696300}|COC(C)(C)C{solv}{x=0.303700}>,CCCCCCCCC,COC(C)(C)C,openff-2.2.1,3,0.7106603519065227,0.0001897506683612,0.7173600000000002,0.000295
31108,3388,dhmix_1091489740441728210,1078,EnthalpyOfMixing,<Substance CCCCCCCCC{solv}{x=0.260100}|COC(C)(C)C{solv}{x=0.739900}>,CCCCCCCCC,COC(C)(C)C,openff-2.2.1,3,0.4814835466679312,0.0441930157374441,0.371,0.0075
31109,3389,dens_1264105858192356202,1079,Density,<Substance CCCCCCCCC{solv}{x=0.499200}|COC(C)(C)C{solv}{x=0.500800}>,CCCCCCCCC,COC(C)(C)C,openff-2.2.1,3,0.716002851854622,0.0002133912330211,0.7207300000000002,0.00029
31110,3390,dhmix_1760873631242020891,1080,EnthalpyOfMixing,<Substance CCCCCCCCC{solv}{x=0.759600}|COC(C)(C)C{solv}{x=0.240400}>,CCCCCCCCC,COC(C)(C)C,openff-2.2.1,3,0.3986669712451203,0.0473429999160631,0.345,0.007
31111,3391,dens_2012579877169955729,1081,Density,<Substance CCCCCCCCC{solv}{x=0.199500}|COC(C)(C)C{solv}{x=0.800500}>,CCCCCCCCC,COC(C)(C)C,openff-2.2.1,3,0.7288197604508743,0.0002359435908676,0.7281100000000001,0.000285
31112,3392,dhmix_2200368758776542578,1082,EnthalpyOfMixing,<Substance CCCCCCCCC{solv}{x=0.513300}|COC(C)(C)C{solv}{x=0.486700}>,CCCCCCCCC,COC(C)(C)C,openff-2.2.1,3,0.6488274747847811,0.0400742513171212,0.486,0.0095
31113,3393,dhmix_972091313059406932,1083,EnthalpyOfMixing,<Substance CCCNCCC{solv}{x=0.248200}|CN(C)C=O{solv}{x=0.751800}>,CCCNCCC,CN(C)C=O,openff-2.2.1,3,0.1771689878037108,0.0424392769655079,0.613,0.0195
31114,3394,dhmix_1037416167092316519,1084,EnthalpyOfMixing,<Substance CCCNCCC{solv}{x=0.499500}|CN(C)C=O{solv}{x=0.500500}>,CCCNCCC,CN(C)C=O,openff-2.2.1,3,0.1522021596709777,0.043155945420455,0.748,0.0225
31115,3395,dhmix_1525975551610336413,1085,EnthalpyOfMixing,<Substance CCCNCCC{solv}{x=0.749600}|CN(C)C=O{solv}{x=0.250400}>,CCCNCCC,CN(C)C=O,openff-2.2.1,3,0.1675988462449993,0.0440672013018967,0.529,0.017
31116,3396,dens_1610465641813938660,1086,Density,<Substance CCCNCCC{solv}{x=0.745900}|CN(C)C=O{solv}{x=0.254100}>,CCCNCCC,CN(C)C=O,openff-2.2.1,3,0.7639832500037345,0.0001823509604885,0.7687320000000002,0.0009355
31117,3397,dens_2129043605695010641,1087,Density,<Substance CCCNCCC{solv}{x=0.503400}|CN(C)C=O{solv}{x=0.496600}>,CCCNCCC,CN(C)C=O,openff-2.2.1,3,0.8031526605449795,0.0002340877495536,0.8108000000000002,0.0009885
31118,3398,dens_2129124855081233158,1088,Density,<Substance CCCNCCC{solv}{x=0.252300}|CN(C)C=O{solv}{x=0.747700}>,CCCNCCC,CN(C)C=O,openff-2.2.1,3,0.8537937110234108,0.0002417820218929,0.8674480000000002,0.0010625
31119,3399,dhmix_1022139531284796266,1089,EnthalpyOfMixing,<Substance CCCO{solv}{x=0.730200}|O=Cc1ccccc1{solv}{x=0.269800}>,CCCO,O=Cc1ccccc1,openff-2.2.1,3,1.0071560927524672,0.0395077632600778,1.3784,0.00585
31120,3400,dens_1530410585842005416,1090,Density,<Substance CCCO{solv}{x=0.802500}|O=Cc1ccccc1{solv}{x=0.197500}>,CCCO,O=Cc1ccccc1,openff-2.2.1,3,0.8555766420557528,0.00028281025784,0.8676000000000003,0.0054
31121,3401,dens_1586325098516354010,1091,Density,<Substance CCCO{solv}{x=0.500300}|O=Cc1ccccc1{solv}{x=0.499700}>,CCCO,O=Cc1ccccc1,openff-2.2.1,3,0.9335594186241458,0.0002583592271204,0.9470000000000002,0.0035
31122,3402,dhmix_1860362391399300385,1092,EnthalpyOfMixing,<Substance CCCO{solv}{x=0.237400}|O=Cc1ccccc1{solv}{x=0.762600}>,CCCO,O=Cc1ccccc1,openff-2.2.1,3,0.959106303115476,0.0420091496043205,1.2579,0.0055
31123,3403,dens_2022804020725863961,1093,Density,<Substance CCCO{solv}{x=0.192900}|O=Cc1ccccc1{solv}{x=0.807100}>,CCCO,O=Cc1ccccc1,openff-2.2.1,3,0.9955462245554748,0.0002085910301981,1.0128,0.00265
31124,3404,dhmix_2114980631721668598,1094,EnthalpyOfMixing,<Substance CCCO{solv}{x=0.517800}|O=Cc1ccccc1{solv}{x=0.482200}>,CCCO,O=Cc1ccccc1,openff-2.2.1,3,1.2526654506034376,0.0380840881964368,1.6361,0.00675
31125,3405,dens_1061385011202038988,1095,Density,<Substance CC(C)O{solv}{x=0.495900}|CCCCOCCO{solv}{x=0.504100}>,CC(C)O,CCCCOCCO,openff-2.2.1,3,0.8564176197959334,1e-05,0.8550000000000002,5.450000000000001e-05
31126,3406,dens_1314274960992474794,1096,Density,<Substance CC(C)O{solv}{x=0.292200}|CCCCOCCO{solv}{x=0.707800}>,CC(C)O,CCCCOCCO,openff-2.2.1,3,0.8720248896296736,1e-05,0.8743700000000002,4.600000000000001e-05
31127,3407,dens_1729117108592325655,1097,Density,<Substance CC(C)O{solv}{x=0.743300}|CCCCOCCO{solv}{x=0.256700}>,CC(C)O,CCCCOCCO,openff-2.2.1,3,0.8329070392610193,1e-05,0.8247900000000001,5.600000000000001e-05
31128,3408,dens_1112128096721834081,1098,Density,<Substance CNCCO{solv}{x=0.800900}|O{solv}{x=0.199100}>,CNCCO,O,openff-2.2.1,3,0.9593095224600326,0.0003235089111274,0.9466300000000002,0.00032
31129,3409,dens_1381694863030749046,1099,Density,<Substance CNCCO{solv}{x=0.198700}|O{solv}{x=0.801300}>,CNCCO,O,openff-2.2.1,3,0.9797617021160318,0.0004174060764571,0.9960300000000002,0.00016
31130,3410,dhmix_1383192140212198237,1100,EnthalpyOfMixing,<Substance CNCCO{solv}{x=0.798800}|O{solv}{x=0.201200}>,CNCCO,O,openff-2.2.1,3,-1.1867573058047045,0.0487746574253919,-1.219,0.025
31131,3411,dens_1615304038745182966,1101,Density,<Substance CNCCO{solv}{x=0.504100}|O{solv}{x=0.495900}>,CNCCO,O,openff-2.2.1,3,0.9712018333682808,0.0003878535890122,0.9688100000000002,0.000235
31132,3412,dhmix_1902240048183935170,1102,EnthalpyOfMixing,<Substance CNCCO{solv}{x=0.501700}|O{solv}{x=0.498300}>,CNCCO,O,openff-2.2.1,3,-1.7999199979769926,0.0399844741877175,-2.508,0.051
31133,3413,dhmix_2185888808838690563,1103,EnthalpyOfMixing,<Substance CNCCO{solv}{x=0.199200}|O{solv}{x=0.800800}>,CNCCO,O,openff-2.2.1,3,-1.0115119207665249,0.0241747114872559,-2.243,0.0455
31134,3414,dens_1155626281932782094,1104,Density,<Substance CCC(C)=O{solv}{x=0.292200}|CN1CCCC1=O{solv}{x=0.707800}>,CCC(C)=O,CN1CCCC1=O,openff-2.2.1,3,0.9357115292398068,0.0002401242042842,0.9591400000000002,0.00262
31135,3415,dens_1354588388489384902,1105,Density,<Substance CCC(C)=O{solv}{x=0.779300}|CN1CCCC1=O{solv}{x=0.220700}>,CCC(C)=O,CN1CCCC1=O,openff-2.2.1,3,0.8241142190889644,0.000217604525967,0.8467600000000002,0.002595
31136,3416,dhmix_1468142552678388689,1106,EnthalpyOfMixing,<Substance CCC(C)=O{solv}{x=0.484100}|CN1CCCC1=O{solv}{x=0.515900}>,CCC(C)=O,CN1CCCC1=O,openff-2.2.1,3,0.1395900621914361,0.0382347271441841,-0.1675,0.00415
31137,3417,dhmix_1545004468946955771,1107,EnthalpyOfMixing,<Substance CCC(C)=O{solv}{x=0.246100}|CN1CCCC1=O{solv}{x=0.753900}>,CCC(C)=O,CN1CCCC1=O,openff-2.2.1,3,0.0574961292191211,0.0425154662816392,-0.0999,0.0031
31138,3418,dhmix_1746826813990258300,1108,EnthalpyOfMixing,<Substance CCC(C)=O{solv}{x=0.732400}|CN1CCCC1=O{solv}{x=0.267600}>,CCC(C)=O,CN1CCCC1=O,openff-2.2.1,3,0.1384969220453795,0.0382312713452744,-0.0861,0.0029
31139,3419,dens_2035401379156582518,1109,Density,<Substance CCC(C)=O{solv}{x=0.479500}|CN1CCCC1=O{solv}{x=0.520500}>,CCC(C)=O,CN1CCCC1=O,openff-2.2.1,3,0.8948315260103337,0.0002370953940946,0.9166100000000004,0.00261
31140,3420,dens_1159403686634788877,1110,Density,<Substance C1CCOCC1{solv}{x=0.253600}|Cc1ccncc1{solv}{x=0.746400}>,C1CCOCC1,Cc1ccncc1,openff-2.2.1,3,0.9234234357478484,0.0002375157078646,0.9329390000000002,0.0002125
31141,3421,dhmix_1427533760370073434,1111,EnthalpyOfMixing,<Substance C1CCOCC1{solv}{x=0.241600}|Cc1ccncc1{solv}{x=0.758400}>,C1CCOCC1,Cc1ccncc1,openff-2.2.1,3,0.0090903752447282,0.035419890631331,0.0975,0.001
31142,3422,dens_1586440979425114987,1112,Density,<Substance C1CCOCC1{solv}{x=0.491300}|Cc1ccncc1{solv}{x=0.508700}>,C1CCOCC1,Cc1ccncc1,openff-2.2.1,3,0.9055202012715946,0.0002575018882804,0.9162950000000002,0.0002825
31143,3423,dhmix_1681679230288000235,1113,EnthalpyOfMixing,<Substance C1CCOCC1{solv}{x=0.483400}|Cc1ccncc1{solv}{x=0.516600}>,C1CCOCC1,Cc1ccncc1,openff-2.2.1,3,0.1016810539386172,0.0380527476244084,0.1741,0.00135
31144,3424,dhmix_1854625047398559527,1114,EnthalpyOfMixing,<Substance C1CCOCC1{solv}{x=0.826200}|Cc1ccncc1{solv}{x=0.173800}>,C1CCOCC1,Cc1ccncc1,openff-2.2.1,3,0.0189987718155393,0.0411932204996258,0.0948,0.001
31145,3425,dens_1998279082934343093,1115,Density,<Substance C1CCOCC1{solv}{x=0.826300}|Cc1ccncc1{solv}{x=0.173700}>,C1CCOCC1,Cc1ccncc1,openff-2.2.1,3,0.8693294623243083,0.0002094969229583,0.8827950000000002,0.000387
31146,3426,dens_1226224986443053492,1116,Density,<Substance CCOc1ccccc1{solv}{x=0.482600}|OCCc1ccccc1{solv}{x=0.517400}>,CCOc1ccccc1,OCCc1ccccc1,openff-2.2.1,3,0.9693595519491736,0.0002361213828371,0.9803700000000002,0.00026
31147,3427,dens_1288457717872177367,1117,Density,<Substance CCOc1ccccc1{solv}{x=0.304100}|OCCc1ccccc1{solv}{x=0.695900}>,CCOc1ccccc1,OCCc1ccccc1,openff-2.2.1,3,0.9794294871854184,0.0001760493651616,0.9909900000000004,0.00026
31148,3428,dhmix_1400067757990485972,1118,EnthalpyOfMixing,<Substance CCOc1ccccc1{solv}{x=0.738800}|OCCc1ccccc1{solv}{x=0.261200}>,CCOc1ccccc1,OCCc1ccccc1,openff-2.2.1,3,0.7999525091910016,0.0538844435993644,1.1427,0.01225
31149,3429,dens_1419265414647987466,1119,Density,<Substance CCOc1ccccc1{solv}{x=0.792900}|OCCc1ccccc1{solv}{x=0.207100}>,CCOc1ccccc1,OCCc1ccccc1,openff-2.2.1,3,0.9521447826825932,0.0002175074057385,0.9624400000000004,0.00026
31150,3430,dhmix_1985234108792038812,1120,EnthalpyOfMixing,<Substance CCOc1ccccc1{solv}{x=0.485200}|OCCc1ccccc1{solv}{x=0.514800}>,CCOc1ccccc1,OCCc1ccccc1,openff-2.2.1,3,0.885992522988829,0.0557557303348117,1.0249,0.011
31151,3431,dhmix_2203675640711482674,1121,EnthalpyOfMixing,<Substance CCOc1ccccc1{solv}{x=0.239100}|OCCc1ccccc1{solv}{x=0.760900}>,CCOc1ccccc1,OCCc1ccccc1,openff-2.2.1,3,0.5016849027974644,0.0689197938977027,0.6669,0.0072
31152,3432,dens_1247048173376376516,1122,Density,<Substance CCCCC(=O)OC{solv}{x=0.349300}|COC=O{solv}{x=0.650700}>,CCCCC(=O)OC,COC=O,openff-2.2.1,3,0.9305577260738016,0.0002936634993167,0.9198400000000002,0.000115
31153,3433,dens_1283923442255956417,1123,Density,<Substance CCCCC(=O)OC{solv}{x=0.500000}|COC=O{solv}{x=0.500000}>,CCCCC(=O)OC,COC=O,openff-2.2.1,3,0.9144049207518364,0.0002385297636811,0.90817,0.00012
31154,3434,dhmix_1491739683552461043,1124,EnthalpyOfMixing,<Substance CCCCC(=O)OC{solv}{x=0.348600}|COC=O{solv}{x=0.651400}>,CCCCC(=O)OC,COC=O,openff-2.2.1,3,0.3543657195249494,0.0344795380637908,0.422,0.0045
31155,3435,dhmix_1747049492522889097,1125,EnthalpyOfMixing,<Substance CCCCC(=O)OC{solv}{x=0.523200}|COC=O{solv}{x=0.476800}>,CCCCC(=O)OC,COC=O,openff-2.2.1,3,0.252810507360568,0.0388244015131038,0.409,0.0045
31156,3436,dhmix_1990853348078771210,1126,EnthalpyOfMixing,<Substance CCCCC(=O)OC{solv}{x=0.796800}|COC=O{solv}{x=0.203200}>,CCCCC(=O)OC,COC=O,openff-2.2.1,3,0.1891889644897624,0.0439819096587463,0.219,0.0025
31157,3437,dens_2269601061883384185,1127,Density,<Substance CCCCC(=O)OC{solv}{x=0.725800}|COC=O{solv}{x=0.274200}>,CCCCC(=O)OC,COC=O,openff-2.2.1,3,0.8962649576496355,0.0002065148596388,0.8955000000000002,0.000135
31158,3438,dens_1266839724964377205,1128,Density,<Substance Cn1ccnc1{solv}{x=0.779500}|O{solv}{x=0.220500}>,Cn1ccnc1,O,openff-2.2.1,3,1.020892994058623,0.0002478660336985,1.0360000000000005,0.00015
31159,3439,dens_1634862053132906887,1129,Density,<Substance Cn1ccnc1{solv}{x=0.498200}|O{solv}{x=0.501800}>,Cn1ccnc1,O,openff-2.2.1,3,1.0187124250442872,0.0002936238872119,1.0416,0.00015
31160,3440,dens_1681126092995837883,1130,Density,<Substance Cn1ccnc1{solv}{x=0.216700}|O{solv}{x=0.783300}>,Cn1ccnc1,O,openff-2.2.1,3,1.003841141865633,0.0003912690757932,1.0301000000000002,0.0001
31161,3441,dhmix_1311251505653939236,1131,EnthalpyOfMixing,<Substance CC(=O)CC(C)=O{solv}{x=0.598500}|O{solv}{x=0.401500}>,CC(=O)CC(C)=O,O,openff-2.2.1,3,0.4194203829362948,0.0372768162054671,0.4905,0.00555
31162,3442,dhmix_1367092272310773702,1132,EnthalpyOfMixing,<Substance CC(=O)CC(C)=O{solv}{x=0.749200}|O{solv}{x=0.250800}>,CC(=O)CC(C)=O,O,openff-2.2.1,3,0.5413702577762365,0.0375048432788,0.6211,0.00695
31163,3443,dhmix_2033109088651196860,1133,EnthalpyOfMixing,<Substance CC(=O)CC(C)=O{solv}{x=0.200400}|O{solv}{x=0.799600}>,CC(=O)CC(C)=O,O,openff-2.2.1,3,0.0142551269205881,0.0271044534453411,0.1562,0.0021
31164,3444,dens_1319073694995976411,1134,Density,<Substance CC(C)CO{solv}{x=0.762200}|OC1=NCCC1{solv}{x=0.237800}>,CC(C)CO,OC1=NCCC1,openff-2.2.1,3,0.8615384473300566,0.0001889989365663,0.8623100000000001,0.000205
31165,3445,dhmix_1817161401911066523,1135,EnthalpyOfMixing,<Substance CC(C)CO{solv}{x=0.754900}|OC1=NCCC1{solv}{x=0.245100}>,CC(C)CO,OC1=NCCC1,openff-2.2.1,3,1.0288049632221998,0.0440006193406623,0.2989,0.0033
31166,3446,dens_1852757585830259815,1136,Density,<Substance CC(C)CO{solv}{x=0.287400}|OC1=NCCC1{solv}{x=0.712600}>,CC(C)CO,OC1=NCCC1,openff-2.2.1,3,0.9822005622279206,0.0002149737328155,1.0078300000000002,0.000155
31167,3447,dhmix_2057245570503088562,1137,EnthalpyOfMixing,<Substance CC(C)CO{solv}{x=0.259800}|OC1=NCCC1{solv}{x=0.740200}>,CC(C)CO,OC1=NCCC1,openff-2.2.1,3,0.8699372670429,0.0461902129637481,0.1798,0.00205
31168,3448,dens_2175875616459255266,1138,Density,<Substance CC(C)CO{solv}{x=0.489400}|OC1=NCCC1{solv}{x=0.510600}>,CC(C)CO,OC1=NCCC1,openff-2.2.1,3,0.9293137617376706,0.0002499871532118,0.9431100000000002,0.00017
31169,3449,dhmix_2273039716774959551,1139,EnthalpyOfMixing,<Substance CC(C)CO{solv}{x=0.497800}|OC1=NCCC1{solv}{x=0.502200}>,CC(C)CO,OC1=NCCC1,openff-2.2.1,3,1.301507583555548,0.0394108130993936,0.2775,0.0031
31170,3450,dens_1400897934227212514,1140,Density,<Substance CC(C)CC(C)(C)C{solv}{x=0.541100}|COC(C)=O{solv}{x=0.458900}>,CC(C)CC(C)(C)C,COC(C)=O,openff-2.2.1,3,0.764340984815794,0.0002162078838364,0.7495700000000002,0.000505
31171,3451,dhmix_1534218615961922445,1141,EnthalpyOfMixing,<Substance CC(C)CC(C)(C)C{solv}{x=0.256000}|COC(C)=O{solv}{x=0.744000}>,CC(C)CC(C)(C)C,COC(C)=O,openff-2.2.1,3,1.654198618443088,0.0396011984016555,1.385,0.015
31172,3452,dhmix_1663557420681143866,1142,EnthalpyOfMixing,<Substance CC(C)CC(C)(C)C{solv}{x=0.540600}|COC(C)=O{solv}{x=0.459400}>,CC(C)CC(C)(C)C,COC(C)=O,openff-2.2.1,3,2.1039998805356532,0.0445408124495724,1.759,0.019
31173,3453,dens_1833608859418637606,1143,Density,<Substance CC(C)CC(C)(C)C{solv}{x=0.736400}|COC(C)=O{solv}{x=0.263600}>,CC(C)CC(C)(C)C,COC(C)=O,openff-2.2.1,3,0.7323358281107814,0.0001742836340097,0.7171000000000002,0.00015
31174,3454,dhmix_1913788848230724771,1144,EnthalpyOfMixing,<Substance CC(C)CC(C)(C)C{solv}{x=0.783300}|COC(C)=O{solv}{x=0.216700}>,CC(C)CC(C)(C)C,COC(C)=O,openff-2.2.1,3,1.7154242980476369,0.0526871038372376,1.149,0.0125
31175,3455,dens_2018568384717712900,1145,Density,<Substance CC(C)CC(C)(C)C{solv}{x=0.238900}|COC(C)=O{solv}{x=0.761100}>,CC(C)CC(C)(C)C,COC(C)=O,openff-2.2.1,3,0.8371695781112835,0.0002220265616528,0.8248000000000002,0.0001
31176,3456,dens_1465225466328543955,1146,Density,<Substance Cc1cccnc1{solv}{x=0.225000}|O{solv}{x=0.775000}>,Cc1cccnc1,O,openff-2.2.1,3,0.9588676240221192,0.0004088685198862,0.9921000000000002,0.0003
31177,3457,dens_1644445312716340330,1147,Density,<Substance Cc1cccnc1{solv}{x=0.500000}|O{solv}{x=0.500000}>,Cc1cccnc1,O,openff-2.2.1,3,0.9511312154992406,0.0002991780694893,0.9797000000000002,0.0003
31178,3458,dens_2262998332454406432,1148,Density,<Substance Cc1cccnc1{solv}{x=0.700000}|O{solv}{x=0.300000}>,Cc1cccnc1,O,openff-2.2.1,3,0.9481052308981602,0.0002395970780514,0.9690000000000002,0.0003
31179,3459,dens_1601780542508306264,1149,Density,<Substance CC(=O)N(C)C{solv}{x=0.771800}|CCOC(C)=O{solv}{x=0.228200}>,CC(=O)N(C)C,CCOC(C)=O,openff-2.2.1,3,0.8984706165676518,0.0002375472802763,0.9286200000000002,0.000185
31180,3460,dens_2126546638582188774,1150,Density,<Substance CC(=O)N(C)C{solv}{x=0.464600}|CCOC(C)=O{solv}{x=0.535400}>,CC(=O)N(C)C,CCOC(C)=O,openff-2.2.1,3,0.8990797100626462,0.0002308336045948,0.9166300000000002,0.00022
31181,3461,dens_2159432384130350508,1151,Density,<Substance CC(=O)N(C)C{solv}{x=0.233100}|CCOC(C)=O{solv}{x=0.766900}>,CC(=O)N(C)C,CCOC(C)=O,openff-2.2.1,3,0.8986887285705452,0.0002470713133844,0.9064300000000002,0.000245
31182,3462,dens_1713891284028890335,1152,Density,<Substance CC(=O)O{solv}{x=0.798900}|CCOC(C)=O{solv}{x=0.201100}>,CC(=O)O,CCOC(C)=O,openff-2.2.1,3,1.0246488052397051,0.0003001287035939,0.9996600000000002,0.000225
31183,3463,dens_1856345418041920174,1153,Density,<Substance CC(=O)O{solv}{x=0.500700}|CCOC(C)=O{solv}{x=0.499300}>,CC(=O)O,CCOC(C)=O,openff-2.2.1,3,0.9656997024048452,0.0002628242635669,0.9514000000000002,0.00018
31184,3464,dens_2035334988982485653,1154,Density,<Substance CC(=O)O{solv}{x=0.294400}|CCOC(C)=O{solv}{x=0.705600}>,CC(=O)O,CCOC(C)=O,openff-2.2.1,3,0.9344956626452874,0.0002340965590944,0.9255000000000002,0.00016
31185,0,dhmix_592425981731704,0,EnthalpyOfMixing,<Substance C1CCCCC1{solv}{x=0.100300}|Cc1ccccc1{solv}{x=0.899700}>,C1CCCCC1,Cc1ccccc1,openff-2.3.0rc1,1,0.3188913229342773,0.0429122874193865,0.2015,0.0015
31186,1,dens_191923210986624643,1,Density,<Substance C1CCCCC1{solv}{x=0.697700}|Cc1ccccc1{solv}{x=0.302300}>,C1CCCCC1,Cc1ccccc1,openff-2.3.0rc1,1,0.7676019153792787,0.0002716513844375,0.7818000000000002,0.00041
31187,2,dens_699555827256664507,2,Density,<Substance C1CCCCC1{solv}{x=0.100000}|Cc1ccccc1{solv}{x=0.900000}>,C1CCCCC1,Cc1ccccc1,openff-2.3.0rc1,1,0.8347932307220979,0.000239366459029,0.8378000000000001,0.00025
31188,3,dhmix_997331474504366167,3,EnthalpyOfMixing,<Substance C1CCCCC1{solv}{x=0.697900}|Cc1ccccc1{solv}{x=0.302100}>,C1CCCCC1,Cc1ccccc1,openff-2.3.0rc1,1,0.6157084302973317,0.0472452171945373,0.5221,0.0034
31189,4,dhmix_1586684551148150215,4,EnthalpyOfMixing,<Substance C1CCCCC1{solv}{x=0.397600}|Cc1ccccc1{solv}{x=0.602400}>,C1CCCCC1,Cc1ccccc1,openff-2.3.0rc1,1,0.7620829794253154,0.0416878896031168,0.5887,0.0038
31190,5,dens_1809100412119556796,5,Density,<Substance C1CCCCC1{solv}{x=0.397500}|Cc1ccccc1{solv}{x=0.602500}>,C1CCCCC1,Cc1ccccc1,openff-2.3.0rc1,1,0.8146678328611536,0.0001947532826399,0.8228000000000002,0.0002
31191,6,dhmix_1261378482688431,6,EnthalpyOfMixing,<Substance CCC(C)=O{solv}{x=0.510600}|Nc1ccccc1{solv}{x=0.489400}>,CCC(C)=O,Nc1ccccc1,openff-2.3.0rc1,1,-0.3441342860180754,0.0407209837824288,-1.173,0.0125
31192,7,dhmix_157258283975731553,7,EnthalpyOfMixing,<Substance CCC(C)=O{solv}{x=0.901800}|Nc1ccccc1{solv}{x=0.098200}>,CCC(C)=O,Nc1ccccc1,openff-2.3.0rc1,1,-0.3523442065236253,0.0407642506519753,-0.469,0.005
31193,8,dens_610648476268376520,8,Density,<Substance CCC(C)=O{solv}{x=0.502600}|Nc1ccccc1{solv}{x=0.497400}>,CCC(C)=O,Nc1ccccc1,openff-2.3.0rc1,1,0.9230244415717784,0.0001518001353579,0.9213850000000002,5.650000000000002e-05
31194,9,dens_1388487494953421117,9,Density,<Substance CCC(C)=O{solv}{x=0.901900}|Nc1ccccc1{solv}{x=0.098100}>,CCC(C)=O,Nc1ccccc1,openff-2.3.0rc1,1,0.8079557633109563,0.0002484505787117,0.8265540000000001,7.200000000000002e-05
31195,10,dhmix_1389656513678923263,10,EnthalpyOfMixing,<Substance CCC(C)=O{solv}{x=0.209900}|Nc1ccccc1{solv}{x=0.790100}>,CCC(C)=O,Nc1ccccc1,openff-2.3.0rc1,1,-0.0881952943049029,0.0410877897590471,-0.648,0.007
31196,11,dens_2115628806769415578,11,Density,<Substance CCC(C)=O{solv}{x=0.256300}|Nc1ccccc1{solv}{x=0.743700}>,CCC(C)=O,Nc1ccccc1,openff-2.3.0rc1,1,0.9913319253362844,0.0002398928867201,0.9712300000000004,4.900000000000001e-05
31197,12,dens_1379242187515209,12,Density,<Substance CC#N{solv}{x=0.795200}|CCCCOCCCC{solv}{x=0.204800}>,CC#N,CCCCOCCCC,openff-2.3.0rc1,1,0.7653803450638229,0.0002466172149722,0.7708800000000002,0.000245
31198,13,dhmix_575991096898484441,13,EnthalpyOfMixing,<Substance CC#N{solv}{x=0.488600}|CCCCOCCCC{solv}{x=0.511400}>,CC#N,CCCCOCCCC,openff-2.3.0rc1,1,0.6939234329037518,0.039795246766407,1.26543,0.00796
31199,14,dhmix_1182924089945476872,14,EnthalpyOfMixing,<Substance CC#N{solv}{x=0.241600}|CCCCOCCCC{solv}{x=0.758400}>,CC#N,CCCCOCCCC,openff-2.3.0rc1,1,0.5951269157222612,0.0508295613589875,0.94593,0.00601
31200,15,dhmix_1244492966201685063,15,EnthalpyOfMixing,<Substance CC#N{solv}{x=0.795200}|CCCCOCCCC{solv}{x=0.204800}>,CC#N,CCCCOCCCC,openff-2.3.0rc1,1,0.4449170866982215,0.0311488222617584,0.94289,0.005995
31201,16,dens_2044032309137951705,16,Density,<Substance CC#N{solv}{x=0.245500}|CCCCOCCCC{solv}{x=0.754500}>,CC#N,CCCCOCCCC,openff-2.3.0rc1,1,0.7618982144956135,0.0002024362494318,0.7653000000000001,0.00028
31202,17,dens_2211436825174998797,17,Density,<Substance CC#N{solv}{x=0.509800}|CCCCOCCCC{solv}{x=0.490200}>,CC#N,CCCCOCCCC,openff-2.3.0rc1,1,0.7636145875828396,0.0002198778457984,0.7671500000000001,0.00026
31203,18,dens_1820034175228694,18,Density,<Substance C1CCCCC1{solv}{x=0.540900}|CN1CCCC1=O{solv}{x=0.459100}>,C1CCCCC1,CN1CCCC1=O,openff-2.3.0rc1,1,0.8558279789210915,0.0002511206652979,0.8757100000000002,0.000335
31204,19,dhmix_1335365307191460458,19,EnthalpyOfMixing,<Substance C1CCCCC1{solv}{x=0.751800}|CN1CCCC1=O{solv}{x=0.248200}>,C1CCCCC1,CN1CCCC1=O,openff-2.3.0rc1,1,1.536885089114833,0.0441657406563952,1.1998,0.01285
31205,20,dens_1375048033230012198,20,Density,<Substance C1CCCCC1{solv}{x=0.733200}|CN1CCCC1=O{solv}{x=0.266800}>,C1CCCCC1,CN1CCCC1=O,openff-2.3.0rc1,1,0.8094423750383486,0.0002290350179466,0.8287300000000002,0.0004
31206,21,dhmix_1563298635135474599,21,EnthalpyOfMixing,<Substance C1CCCCC1{solv}{x=0.278900}|CN1CCCC1=O{solv}{x=0.721100}>,C1CCCCC1,CN1CCCC1=O,openff-2.3.0rc1,1,1.5222042753126883,0.037425557096905,1.2061,0.0129
31207,22,dens_1606235786379262481,22,Density,<Substance C1CCCCC1{solv}{x=0.227500}|CN1CCCC1=O{solv}{x=0.772500}>,C1CCCCC1,CN1CCCC1=O,openff-2.3.0rc1,1,0.9363318834235054,0.000198017203799,0.9583800000000002,0.000245
31208,23,dhmix_1683219349338278021,23,EnthalpyOfMixing,<Substance C1CCCCC1{solv}{x=0.473400}|CN1CCCC1=O{solv}{x=0.526600}>,C1CCCCC1,CN1CCCC1=O,openff-2.3.0rc1,1,1.868678328803561,0.043576874785719,1.4691,0.0157
31209,24,dens_4438302718372985,24,Density,<Substance BrCCCCBr{solv}{x=0.717000}|COC=O{solv}{x=0.283000}>,BrCCCCBr,COC=O,openff-2.3.0rc1,1,1.649347014135969,0.0004934212095687,1.6702600000000003,0.00259
31210,25,dhmix_369816950910078034,25,EnthalpyOfMixing,<Substance BrCCCCBr{solv}{x=0.778200}|COC=O{solv}{x=0.221800}>,BrCCCCBr,COC=O,openff-2.3.0rc1,1,0.6618791756458791,0.0398918407596224,0.6355,0.0057
31211,26,dens_460757700461114532,26,Density,<Substance BrCCCCBr{solv}{x=0.495800}|COC=O{solv}{x=0.504200}>,BrCCCCBr,COC=O,openff-2.3.0rc1,1,1.508298050421418,0.0004351251017707,1.5176800000000004,0.001885
31212,27,dhmix_1496821399278454353,27,EnthalpyOfMixing,<Substance BrCCCCBr{solv}{x=0.265400}|COC=O{solv}{x=0.734600}>,BrCCCCBr,COC=O,openff-2.3.0rc1,1,0.9116053019543172,0.0349689145834258,0.8185,0.00715
31213,28,dens_1750413656870357630,28,Density,<Substance BrCCCCBr{solv}{x=0.225800}|COC=O{solv}{x=0.774200}>,BrCCCCBr,COC=O,openff-2.3.0rc1,1,1.2726188966964391,0.0004233521818879,1.2671300000000003,0.00104
31214,29,dhmix_1802862930607761431,29,EnthalpyOfMixing,<Substance BrCCCCBr{solv}{x=0.482000}|COC=O{solv}{x=0.518000}>,BrCCCCBr,COC=O,openff-2.3.0rc1,1,1.0718077909571413,0.0364875592704136,1.0243,0.0087
31215,30,dhmix_8447570649359775,30,EnthalpyOfMixing,<Substance OCCO{solv}{x=0.481700}|OCc1ccccc1{solv}{x=0.518300}>,OCCO,OCc1ccccc1,openff-2.3.0rc1,1,0.37566779502189,0.0419719573684944,0.201,0.00465
31216,31,dens_824372741354282107,31,Density,<Substance OCCO{solv}{x=0.505700}|OCc1ccccc1{solv}{x=0.494300}>,OCCO,OCc1ccccc1,openff-2.3.0rc1,1,1.0682376353238023,0.0002530536521897,1.0579000000000005,0.00027
31217,32,dens_1105173553343721111,32,Density,<Substance OCCO{solv}{x=0.737100}|OCc1ccccc1{solv}{x=0.262900}>,OCCO,OCc1ccccc1,openff-2.3.0rc1,1,1.0904234579255616,0.0002873161056265,1.0753200000000005,0.000275
31218,33,dhmix_1362282802315816638,33,EnthalpyOfMixing,<Substance OCCO{solv}{x=0.736100}|OCc1ccccc1{solv}{x=0.263900}>,OCCO,OCc1ccccc1,openff-2.3.0rc1,1,0.1393697612982265,0.0381679995221596,0.1383,0.0037
31219,34,dhmix_1666683879028583081,34,EnthalpyOfMixing,<Substance OCCO{solv}{x=0.236500}|OCc1ccccc1{solv}{x=0.763500}>,OCCO,OCc1ccccc1,openff-2.3.0rc1,1,0.3410935658738623,0.0380967375047284,0.209,0.0048
31220,35,dens_1698159396404241323,35,Density,<Substance OCCO{solv}{x=0.262200}|OCc1ccccc1{solv}{x=0.737800}>,OCCO,OCc1ccccc1,openff-2.3.0rc1,1,1.0520661565868787,0.0002286117267768,1.0442900000000002,0.000265
31221,36,dens_8507121971977381,36,Density,<Substance CCOC(C)(C)C{solv}{x=0.505000}|Cc1ccccc1{solv}{x=0.495000}>,CCOC(C)(C)C,Cc1ccccc1,openff-2.3.0rc1,1,0.8030793099273615,0.0002430941194349,0.7937390000000002,0.000467
31222,37,dens_499290591626962121,37,Density,<Substance CCOC(C)(C)C{solv}{x=0.217000}|Cc1ccccc1{solv}{x=0.783000}>,CCOC(C)(C)C,Cc1ccccc1,openff-2.3.0rc1,1,0.8360095729628954,0.0002384867208049,0.8314450000000002,0.000411
31223,38,dhmix_820491025608256793,38,EnthalpyOfMixing,<Substance CCOC(C)(C)C{solv}{x=0.501900}|Cc1ccccc1{solv}{x=0.498100}>,CCOC(C)(C)C,Cc1ccccc1,openff-2.3.0rc1,1,-0.2724779585503469,0.0418801372544346,-0.046,0.00055
31224,39,dhmix_1374163681483564129,39,EnthalpyOfMixing,<Substance CCOC(C)(C)C{solv}{x=0.248900}|Cc1ccccc1{solv}{x=0.751100}>,CCOC(C)(C)C,Cc1ccccc1,openff-2.3.0rc1,1,-0.1455244402848023,0.0394193652537276,-0.0324,0.0005
31225,40,dens_1904998692863983733,40,Density,<Substance CCOC(C)(C)C{solv}{x=0.701000}|Cc1ccccc1{solv}{x=0.299000}>,CCOC(C)(C)C,Cc1ccccc1,openff-2.3.0rc1,1,0.7820725735559088,0.0002227364856789,0.7696300000000001,0.000503
31226,41,dhmix_1982853461678580310,41,EnthalpyOfMixing,<Substance CCOC(C)(C)C{solv}{x=0.749500}|Cc1ccccc1{solv}{x=0.250500}>,CCOC(C)(C)C,Cc1ccccc1,openff-2.3.0rc1,1,-0.1601933171977947,0.0506562036557802,-0.0348,0.0005
31227,42,dhmix_13624411991961099,42,EnthalpyOfMixing,<Substance C1CCOCC1{solv}{x=0.237900}|Cc1ccccc1N{solv}{x=0.762100}>,C1CCOCC1,Cc1ccccc1N,openff-2.3.0rc1,1,0.0656657902264763,0.0489441395123331,-0.3658,0.004
31228,43,dhmix_510299013171775812,43,EnthalpyOfMixing,<Substance C1CCOCC1{solv}{x=0.741000}|Cc1ccccc1N{solv}{x=0.259000}>,C1CCOCC1,Cc1ccccc1N,openff-2.3.0rc1,1,-0.0659890541902115,0.0439192199210259,-0.4892,0.0053
31229,44,dhmix_1337006691942958969,44,EnthalpyOfMixing,<Substance C1CCOCC1{solv}{x=0.490100}|Cc1ccccc1N{solv}{x=0.509900}>,C1CCOCC1,Cc1ccccc1N,openff-2.3.0rc1,1,-0.1069188182021356,0.0439545548173092,-0.5715,0.0062
31230,45,dens_1448062547628404156,45,Density,<Substance C1CCOCC1{solv}{x=0.727900}|Cc1ccccc1N{solv}{x=0.272100}>,C1CCOCC1,Cc1ccccc1N,openff-2.3.0rc1,1,0.9161240244207024,0.0001964998074418,0.91866,0.000285
31231,46,dens_2171966897328079405,46,Density,<Substance C1CCOCC1{solv}{x=0.498600}|Cc1ccccc1N{solv}{x=0.501400}>,C1CCOCC1,Cc1ccccc1N,openff-2.3.0rc1,1,0.9502153299461572,0.000190657290337,0.9459860000000002,0.0002275
31232,47,dens_2201621104799327758,47,Density,<Substance C1CCOCC1{solv}{x=0.229700}|Cc1ccccc1N{solv}{x=0.770300}>,C1CCOCC1,Cc1ccccc1N,openff-2.3.0rc1,1,0.9866033978181398,0.0002762819795069,0.9734540000000002,0.000164
31233,48,dens_15008167137789802,48,Density,<Substance CCCCCl{solv}{x=0.299200}|CN(C)C=O{solv}{x=0.700800}>,CCCCCl,CN(C)C=O,openff-2.3.0rc1,1,0.899031247656467,0.000258303680951,0.9218000000000002,0.0002
31234,49,dens_550868133232739009,49,Density,<Substance CCCCCl{solv}{x=0.701200}|CN(C)C=O{solv}{x=0.298800}>,CCCCCl,CN(C)C=O,openff-2.3.0rc1,1,0.8740222537267179,0.0002869790309852,0.8963000000000002,0.0002
31235,50,dhmix_1315230298567753558,50,EnthalpyOfMixing,<Substance CCCCCl{solv}{x=0.793000}|CN(C)C=O{solv}{x=0.207000}>,CCCCCl,CN(C)C=O,openff-2.3.0rc1,1,0.8123077649387653,0.0406735205404717,0.404,0.003
31236,51,dhmix_1929975181819720491,51,EnthalpyOfMixing,<Substance CCCCCl{solv}{x=0.493000}|CN(C)C=O{solv}{x=0.507000}>,CCCCCl,CN(C)C=O,openff-2.3.0rc1,1,1.0192112634624024,0.0377008152933608,0.571,0.003
31237,52,dhmix_1976787548784045784,52,EnthalpyOfMixing,<Substance CCCCCl{solv}{x=0.295000}|CN(C)C=O{solv}{x=0.705000}>,CCCCCl,CN(C)C=O,openff-2.3.0rc1,1,0.8347436939619826,0.0376409038717864,0.467,0.003
31238,53,dens_2008819185276371643,53,Density,<Substance CCCCCl{solv}{x=0.499000}|CN(C)C=O{solv}{x=0.501000}>,CCCCCl,CN(C)C=O,openff-2.3.0rc1,1,0.8867696674188837,0.0001913206271527,0.9086000000000002,0.0002
31239,54,dens_16755306936326197,54,Density,<Substance Cc1ccccc1N{solv}{x=0.255700}|Cc1ccccn1{solv}{x=0.744300}>,Cc1ccccc1N,Cc1ccccn1,openff-2.3.0rc1,1,0.967464449875996,0.0001951401811657,0.9597930000000002,0.000307
31240,55,dens_238666738854407136,55,Density,<Substance Cc1ccccc1N{solv}{x=0.514600}|Cc1ccccn1{solv}{x=0.485400}>,Cc1ccccc1N,Cc1ccccn1,openff-2.3.0rc1,1,0.9862811740423184,0.0001783677578799,0.9748990000000002,0.0002315
31241,56,dhmix_1909144841681931250,56,EnthalpyOfMixing,<Substance Cc1ccccc1N{solv}{x=0.488200}|Cc1ccccn1{solv}{x=0.511800}>,Cc1ccccc1N,Cc1ccccn1,openff-2.3.0rc1,1,-1.4170676327278002,0.0447296850502978,-1.4976,0.0305
31242,57,dens_1945534954282706534,57,Density,<Substance Cc1ccccc1N{solv}{x=0.757100}|Cc1ccccn1{solv}{x=0.242900}>,Cc1ccccc1N,Cc1ccccn1,openff-2.3.0rc1,1,1.001720036815808,0.0002552122794837,0.9854410000000002,0.000169
31243,58,dhmix_2038606904928978856,58,EnthalpyOfMixing,<Substance Cc1ccccc1N{solv}{x=0.782100}|Cc1ccccn1{solv}{x=0.217900}>,Cc1ccccc1N,Cc1ccccn1,openff-2.3.0rc1,1,-0.8286517002598117,0.0417838037259066,-0.8656,0.01775
31244,59,dhmix_2125558080831870503,59,EnthalpyOfMixing,<Substance Cc1ccccc1N{solv}{x=0.273600}|Cc1ccccn1{solv}{x=0.726400}>,Cc1ccccc1N,Cc1ccccn1,openff-2.3.0rc1,1,-1.4041317120884216,0.0420888369089535,-1.2462,0.0254
31245,60,dens_19028061622240549,60,Density,<Substance CN(C)CCO{solv}{x=0.296200}|CO{solv}{x=0.703800}>,CN(C)CCO,CO,openff-2.3.0rc1,1,0.8515879221683796,0.000291603425543,0.8506500000000001,0.00014
31246,61,dens_186649390549115907,61,Density,<Substance CN(C)CCO{solv}{x=0.502000}|CO{solv}{x=0.498000}>,CN(C)CCO,CO,openff-2.3.0rc1,1,0.8786259415045938,0.0002438924563806,0.8684000000000002,0.000155
31247,62,dhmix_1453612193040378117,62,EnthalpyOfMixing,<Substance CN(C)CCO{solv}{x=0.497200}|CO{solv}{x=0.502800}>,CN(C)CCO,CO,openff-2.3.0rc1,1,-1.196124700767612,0.0287454207719307,-0.8673,0.00935
31248,63,dens_1978392691277508278,63,Density,<Substance CN(C)CCO{solv}{x=0.707500}|CO{solv}{x=0.292500}>,CN(C)CCO,CO,openff-2.3.0rc1,1,0.8946282791463471,0.0002002195488944,0.8766100000000002,0.00017
31249,64,dhmix_2113387918969192804,64,EnthalpyOfMixing,<Substance CN(C)CCO{solv}{x=0.247900}|CO{solv}{x=0.752100}>,CN(C)CCO,CO,openff-2.3.0rc1,1,-0.9069421797285884,0.0311178280220797,-0.8057,0.0087
31250,65,dhmix_2220842061395014218,65,EnthalpyOfMixing,<Substance CN(C)CCO{solv}{x=0.750600}|CO{solv}{x=0.249400}>,CN(C)CCO,CO,openff-2.3.0rc1,1,-0.5974413284062052,0.0522805651248031,-0.5322,0.00585
31251,66,dhmix_21994921667950318,66,EnthalpyOfMixing,<Substance C=CCCCC{solv}{x=0.500100}|CCCO{solv}{x=0.499900}>,C=CCCCC,CCCO,openff-2.3.0rc1,1,0.6039266690689473,0.0390706897038283,0.595,0.0055
31252,67,dens_62854823056490751,67,Density,<Substance C=CCCCC{solv}{x=0.150300}|CCCO{solv}{x=0.849700}>,C=CCCCC,CCCO,openff-2.3.0rc1,1,0.7649177711131612,0.0002415131996589,0.7704980000000002,0.0001845
31253,68,dens_294296714501123310,68,Density,<Substance C=CCCCC{solv}{x=0.499100}|CCCO{solv}{x=0.500900}>,C=CCCCC,CCCO,openff-2.3.0rc1,1,0.7061132724625768,0.0002772458417881,0.7176450000000002,0.0002145
31254,69,dhmix_829065315899278784,69,EnthalpyOfMixing,<Substance C=CCCCC{solv}{x=0.750000}|CCCO{solv}{x=0.250000}>,C=CCCCC,CCCO,openff-2.3.0rc1,1,0.5957000790948825,0.0430130736053732,0.682,0.006
31255,70,dens_2024397702416079279,70,Density,<Substance C=CCCCC{solv}{x=0.745600}|CCCO{solv}{x=0.254400}>,C=CCCCC,CCCO,openff-2.3.0rc1,1,0.6763317209222569,0.0002328811868062,0.6899770000000002,0.0002305
31256,71,dhmix_2167083041249157622,71,EnthalpyOfMixing,<Substance C=CCCCC{solv}{x=0.150100}|CCCO{solv}{x=0.849900}>,C=CCCCC,CCCO,openff-2.3.0rc1,1,0.1883688102998952,0.0356783887636956,0.192,0.005
31257,72,dhmix_22428169890990447,72,EnthalpyOfMixing,<Substance CC1(C)C(=O)[C@]2(C)CC[C@H]1C2{solv}{x=0.286000}|CCO{solv}{x=0.714000}>,CC1(C)C(=O)[C@]2(C)CC[C@H]1C2,CCO,openff-2.3.0rc1,1,0.9271994041340008,0.0417827475038627,0.876,0.0265
31258,73,dhmix_57626661746168078,73,EnthalpyOfMixing,<Substance CC1(C)C(=O)[C@]2(C)CC[C@H]1C2{solv}{x=0.701000}|CCO{solv}{x=0.299000}>,CC1(C)C(=O)[C@]2(C)CC[C@H]1C2,CCO,openff-2.3.0rc1,1,0.8560875159083707,0.052990801276852,1.0,0.0305
31259,74,dhmix_287041928444283276,74,EnthalpyOfMixing,<Substance CC1(C)C(=O)[C@]2(C)CC[C@H]1C2{solv}{x=0.488000}|CCO{solv}{x=0.512000}>,CC1(C)C(=O)[C@]2(C)CC[C@H]1C2,CCO,openff-2.3.0rc1,1,0.890570412154517,0.0428487361368274,1.109,0.0335
31260,75,dens_618487453946854895,75,Density,<Substance CC1(C)C(=O)[C@]2(C)CC[C@H]1C2{solv}{x=0.501200}|CCO{solv}{x=0.498800}>,CC1(C)C(=O)[C@]2(C)CC[C@H]1C2,CCO,openff-2.3.0rc1,1,0.9087040493896642,0.0002095877440141,0.9005900000000002,5.5000000000000016e-05
31261,76,dens_1408969463542558504,76,Density,<Substance CC1(C)C(=O)[C@]2(C)CC[C@H]1C2{solv}{x=0.789700}|CCO{solv}{x=0.210300}>,CC1(C)C(=O)[C@]2(C)CC[C@H]1C2,CCO,openff-2.3.0rc1,1,0.9371222865510228,0.0002295036392413,0.9274800000000002,6.0000000000000015e-05
31262,77,dens_2053919413592536040,77,Density,<Substance CC1(C)C(=O)[C@]2(C)CC[C@H]1C2{solv}{x=0.200200}|CCO{solv}{x=0.799800}>,CC1(C)C(=O)[C@]2(C)CC[C@H]1C2,CCO,openff-2.3.0rc1,1,0.856800982360064,0.0001926102649557,0.8499000000000002,6.500000000000002e-05
31263,78,dhmix_24700325920498635,78,EnthalpyOfMixing,<Substance CCC(C)(C)O{solv}{x=0.799400}|CCOC(C)(C)CC{solv}{x=0.200600}>,CCC(C)(C)O,CCOC(C)(C)CC,openff-2.3.0rc1,1,0.8054258871754083,0.0686634384049929,0.448,0.0073
31264,79,dhmix_252628078473967793,79,EnthalpyOfMixing,<Substance CCC(C)(C)O{solv}{x=0.299700}|CCOC(C)(C)CC{solv}{x=0.700300}>,CCC(C)(C)O,CCOC(C)(C)CC,openff-2.3.0rc1,1,0.9623917308360744,0.0411345410356282,0.9727,0.0132
31265,80,dens_281609537293621351,80,Density,<Substance CCC(C)(C)O{solv}{x=0.799400}|CCOC(C)(C)CC{solv}{x=0.200600}>,CCC(C)(C)O,CCOC(C)(C)CC,openff-2.3.0rc1,1,0.8071642871302738,0.0003183681675861,0.7932000000000002,0.00025
31266,81,dhmix_980734994193955874,81,EnthalpyOfMixing,<Substance CCC(C)(C)O{solv}{x=0.498700}|CCOC(C)(C)CC{solv}{x=0.501300}>,CCC(C)(C)O,CCOC(C)(C)CC,openff-2.3.0rc1,1,0.9755008958885014,0.0484917516781362,0.8937,0.01225
31267,82,dens_1165049856972872340,82,Density,<Substance CCC(C)(C)O{solv}{x=0.498700}|CCOC(C)(C)CC{solv}{x=0.501300}>,CCC(C)(C)O,CCOC(C)(C)CC,openff-2.3.0rc1,1,0.7876247880666766,0.0001897166425171,0.7789000000000001,0.0002
31268,83,dens_2297026976830009992,83,Density,<Substance CCC(C)(C)O{solv}{x=0.299700}|CCOC(C)(C)CC{solv}{x=0.700300}>,CCC(C)(C)O,CCOC(C)(C)CC,openff-2.3.0rc1,1,0.7769554967581389,0.0002168342517701,0.7709000000000001,0.0002
31269,84,dens_25810987980199799,84,Density,<Substance CCCCCC{solv}{x=0.158800}|Cc1ccccc1{solv}{x=0.841200}>,CCCCCC,Cc1ccccc1,openff-2.3.0rc1,1,0.8208875702169285,0.0002066684994489,0.8226300000000002,0.000335
31270,85,dens_574637447996217594,85,Density,<Substance CCCCCC{solv}{x=0.501100}|Cc1ccccc1{solv}{x=0.498900}>,CCCCCC,Cc1ccccc1,openff-2.3.0rc1,1,0.7417125116344933,0.0001686923409335,0.7484400000000002,0.00015
31271,86,dhmix_1373657903424456878,86,EnthalpyOfMixing,<Substance CCCCCC{solv}{x=0.158600}|Cc1ccccc1{solv}{x=0.841400}>,CCCCCC,Cc1ccccc1,openff-2.3.0rc1,1,0.451340479752929,0.0458994631979127,0.3163,0.0043
31272,87,dhmix_1383995974797334848,87,EnthalpyOfMixing,<Substance CCCCCC{solv}{x=0.472300}|Cc1ccccc1{solv}{x=0.527700}>,CCCCCC,Cc1ccccc1,openff-2.3.0rc1,1,0.6874750716478246,0.0376996765903166,0.5467,0.00715
31273,88,dhmix_1412344026798360911,88,EnthalpyOfMixing,<Substance CCCCCC{solv}{x=0.748400}|Cc1ccccc1{solv}{x=0.251600}>,CCCCCC,Cc1ccccc1,openff-2.3.0rc1,1,0.5189122566948186,0.0363502127365689,0.393,0.00525
31274,89,dens_2241575426887298365,89,Density,<Substance CCCCCC{solv}{x=0.733800}|Cc1ccccc1{solv}{x=0.266200}>,CCCCCC,Cc1ccccc1,openff-2.3.0rc1,1,0.6930736405543881,0.0002287930584123,0.7020900000000002,0.000305
31275,90,dens_27241401908451167,90,Density,<Substance CN(C)C=O{solv}{x=0.503500}|Cc1ccccc1Cl{solv}{x=0.496500}>,CN(C)C=O,Cc1ccccc1Cl,openff-2.3.0rc1,1,1.015879564194775,0.0002250037186183,1.0247000000000004,0.0005
31276,91,dhmix_674882857451857086,91,EnthalpyOfMixing,<Substance CN(C)C=O{solv}{x=0.511800}|Cc1ccccc1Cl{solv}{x=0.488200}>,CN(C)C=O,Cc1ccccc1Cl,openff-2.3.0rc1,1,0.2602209093300871,0.0407595556407558,0.545,0.006
31277,92,dens_818042132181297482,92,Density,<Substance CN(C)C=O{solv}{x=0.751200}|Cc1ccccc1Cl{solv}{x=0.248800}>,CN(C)C=O,Cc1ccccc1Cl,openff-2.3.0rc1,1,0.971305451402223,0.0002517270330208,0.9898800000000002,0.0005
31278,93,dens_861365281257265917,93,Density,<Substance CN(C)C=O{solv}{x=0.273700}|Cc1ccccc1Cl{solv}{x=0.726300}>,CN(C)C=O,Cc1ccccc1Cl,openff-2.3.0rc1,1,1.0391945563280518,0.0002543679788154,1.0415000000000003,0.0005
31279,94,dhmix_1670364528496870559,94,EnthalpyOfMixing,<Substance CN(C)C=O{solv}{x=0.767900}|Cc1ccccc1Cl{solv}{x=0.232100}>,CN(C)C=O,Cc1ccccc1Cl,openff-2.3.0rc1,1,0.1149541131294427,0.0400699914871217,0.436,0.005
31280,95,dhmix_1992689527814967541,95,EnthalpyOfMixing,<Substance CN(C)C=O{solv}{x=0.274300}|Cc1ccccc1Cl{solv}{x=0.725700}>,CN(C)C=O,Cc1ccccc1Cl,openff-2.3.0rc1,1,0.1880359714182446,0.0419856185064167,0.373,0.004
31281,96,dens_29213618499921464,96,Density,<Substance C1CCOCC1{solv}{x=0.254000}|O=C1CCCCCC1{solv}{x=0.746000}>,C1CCOCC1,O=C1CCCCCC1,openff-2.3.0rc1,1,0.912239988927477,0.0002477597567898,0.9355100000000002,0.00051
31282,97,dens_468319504030932569,97,Density,<Substance C1CCOCC1{solv}{x=0.498600}|O=C1CCCCCC1{solv}{x=0.501400}>,C1CCOCC1,O=C1CCCCCC1,openff-2.3.0rc1,1,0.9014733104486244,0.0002306369805823,0.9211200000000004,0.00051
31283,98,dens_1174890511154571939,98,Density,<Substance C1CCOCC1{solv}{x=0.768600}|O=C1CCCCCC1{solv}{x=0.231400}>,C1CCOCC1,O=C1CCCCCC1,openff-2.3.0rc1,1,0.8870585126726745,0.000234768217562,0.9012200000000002,0.000505
31284,99,dens_30084818585402677,99,Density,<Substance CC(=O)N(C)C{solv}{x=0.700600}|ClCCCCCCCl{solv}{x=0.299400}>,CC(=O)N(C)C,ClCCCCCCCl,openff-2.3.0rc1,1,0.961641752598228,0.0002233511216554,0.9853000000000002,0.00175
31285,100,dhmix_384619296407103076,100,EnthalpyOfMixing,<Substance CC(=O)N(C)C{solv}{x=0.504000}|ClCCCCCCCl{solv}{x=0.496000}>,CC(=O)N(C)C,ClCCCCCCCl,openff-2.3.0rc1,1,0.3407913304869154,0.0406918128378544,0.09,0.002
31286,101,dens_539464371986972328,101,Density,<Substance CC(=O)N(C)C{solv}{x=0.494300}|ClCCCCCCCl{solv}{x=0.505700}>,CC(=O)N(C)C,ClCCCCCCCl,openff-2.3.0rc1,1,0.9935919555131012,0.0002550801996354,1.0123000000000002,0.0016
31287,102,dhmix_1114659247517686326,102,EnthalpyOfMixing,<Substance CC(=O)N(C)C{solv}{x=0.798000}|ClCCCCCCCl{solv}{x=0.202000}>,CC(=O)N(C)C,ClCCCCCCCl,openff-2.3.0rc1,1,0.2805356355813124,0.0408935282385484,0.067,0.002
31288,103,dhmix_1410583096030633514,103,EnthalpyOfMixing,<Substance CC(=O)N(C)C{solv}{x=0.212000}|ClCCCCCCCl{solv}{x=0.788000}>,CC(=O)N(C)C,ClCCCCCCCl,openff-2.3.0rc1,1,0.0910893145709934,0.0480716936932791,0.04,0.002
31289,104,dens_2244909992725638206,104,Density,<Substance CC(=O)N(C)C{solv}{x=0.300200}|ClCCCCCCCl{solv}{x=0.699800}>,CC(=O)N(C)C,ClCCCCCCCl,openff-2.3.0rc1,1,1.0202091333081702,0.0002497253184686,1.0345000000000002,0.0015
31290,105,dhmix_35301006695188726,105,EnthalpyOfMixing,<Substance CCOC(=O)C(C)C{solv}{x=0.289000}|CO{solv}{x=0.711000}>,CCOC(=O)C(C)C,CO,openff-2.3.0rc1,1,0.4348364683125325,0.0331074951499522,0.488,0.0035
31291,106,dens_508877804306927207,106,Density,<Substance CCOC(=O)C(C)C{solv}{x=0.499000}|CO{solv}{x=0.501000}>,CCOC(=O)C(C)C,CO,openff-2.3.0rc1,1,0.8448442523289323,0.0003114188145918,0.8414100000000002,0.00011
31292,107,dens_1201422771202741625,107,Density,<Substance CCOC(=O)C(C)C{solv}{x=0.199600}|CO{solv}{x=0.800400}>,CCOC(=O)C(C)C,CO,openff-2.3.0rc1,1,0.8131878152494271,0.0003623433640837,0.8173600000000002,0.000115
31293,108,dhmix_1951183536432642425,108,EnthalpyOfMixing,<Substance CCOC(=O)C(C)C{solv}{x=0.480000}|CO{solv}{x=0.520000}>,CCOC(=O)C(C)C,CO,openff-2.3.0rc1,1,0.5382725022755892,0.0374310706523083,0.671,0.0045
31294,109,dens_1998368384671748308,109,Density,<Substance CCOC(=O)C(C)C{solv}{x=0.703000}|CO{solv}{x=0.297000}>,CCOC(=O)C(C)C,CO,openff-2.3.0rc1,1,0.8570397511498863,0.0002401874446601,0.8501200000000002,0.00011
31295,110,dhmix_2200604492347455092,110,EnthalpyOfMixing,<Substance CCOC(=O)C(C)C{solv}{x=0.771000}|CO{solv}{x=0.229000}>,CCOC(=O)C(C)C,CO,openff-2.3.0rc1,1,0.550458324349016,0.0457096217922595,0.632,0.0045
31296,111,dhmix_39159150320919359,111,EnthalpyOfMixing,<Substance CCO{solv}{x=0.799700}|Cc1cccc(O)c1{solv}{x=0.200300}>,CCO,Cc1cccc(O)c1,openff-2.3.0rc1,1,-0.6462417059044423,0.0372352143111005,-0.79199,0.011965
31297,112,dens_410843938837220593,112,Density,<Substance CCO{solv}{x=0.263700}|Cc1cccc(O)c1{solv}{x=0.736300}>,CCO,Cc1cccc(O)c1,openff-2.3.0rc1,1,0.9994268115076512,0.0001902497325327,0.9852300000000004,0.0006
31298,113,dhmix_1115402835538407874,113,EnthalpyOfMixing,<Substance CCO{solv}{x=0.212500}|Cc1cccc(O)c1{solv}{x=0.787500}>,CCO,Cc1cccc(O)c1,openff-2.3.0rc1,1,-0.8497237530352564,0.0599943687170411,-0.68742,0.01275
31299,114,dens_1359111234216199895,114,Density,<Substance CCO{solv}{x=0.472400}|Cc1cccc(O)c1{solv}{x=0.527600}>,CCO,Cc1cccc(O)c1,openff-2.3.0rc1,1,0.9615684895279356,0.0002184331691056,0.9446300000000002,0.0006
31300,115,dens_1590314985481219627,115,Density,<Substance CCO{solv}{x=0.781700}|Cc1cccc(O)c1{solv}{x=0.218300}>,CCO,Cc1cccc(O)c1,openff-2.3.0rc1,1,0.8793558604447655,0.0002661854533953,0.8631500000000002,0.000605
31301,116,dhmix_1871939727966182523,116,EnthalpyOfMixing,<Substance CCO{solv}{x=0.413900}|Cc1cccc(O)c1{solv}{x=0.586100}>,CCO,Cc1cccc(O)c1,openff-2.3.0rc1,1,-0.8883517004854227,0.0381548243383597,-1.14624,0.00985
31302,117,dens_42678158079716854,117,Density,<Substance CN1CCCC1=O{solv}{x=0.937492}|c1ccccc1{solv}{x=0.062508}>,CN1CCCC1=O,c1ccccc1,openff-2.3.0rc1,1,0.9962038755033796,0.0001635598657217,1.0204500000000003,3.500000000000001e-05
31303,118,dens_252520620125458637,118,Density,<Substance CN1CCCC1=O{solv}{x=0.513500}|c1ccccc1{solv}{x=0.486500}>,CN1CCCC1=O,c1ccccc1,openff-2.3.0rc1,1,0.9542765126480878,0.0002022869880019,0.9684700000000004,0.00018
31304,119,dhmix_524477957640851666,119,EnthalpyOfMixing,<Substance CN1CCCC1=O{solv}{x=0.235600}|c1ccccc1{solv}{x=0.764400}>,CN1CCCC1=O,c1ccccc1,openff-2.3.0rc1,1,-0.1446315372295146,0.0388925837128234,-0.3684,0.00405
31305,120,dhmix_1475629358723962160,120,EnthalpyOfMixing,<Substance CN1CCCC1=O{solv}{x=0.546700}|c1ccccc1{solv}{x=0.453300}>,CN1CCCC1=O,c1ccccc1,openff-2.3.0rc1,1,-0.1163068749997151,0.0426523794657527,-0.4943,0.00535
31306,121,dens_2041306780823594960,121,Density,<Substance CN1CCCC1=O{solv}{x=0.252400}|c1ccccc1{solv}{x=0.747600}>,CN1CCCC1=O,c1ccccc1,openff-2.3.0rc1,1,0.9109638110541962,0.0001393443354368,0.9163300000000004,0.00029
31307,122,dhmix_2156508970935294660,122,EnthalpyOfMixing,<Substance CN1CCCC1=O{solv}{x=0.741100}|c1ccccc1{solv}{x=0.258900}>,CN1CCCC1=O,c1ccccc1,openff-2.3.0rc1,1,-0.029676334990718,0.0336081763556769,-0.3841,0.0042
31308,123,dhmix_44217680865702366,123,EnthalpyOfMixing,<Substance CC(=O)c1ccccc1{solv}{x=0.200100}|CC(C)O{solv}{x=0.799900}>,CC(=O)c1ccccc1,CC(C)O,openff-2.3.0rc1,1,1.0908809054119517,0.0400696003863739,1.1352,0.0124
31309,124,dens_91454082453656404,124,Density,<Substance CC(=O)c1ccccc1{solv}{x=0.756100}|CC(C)O{solv}{x=0.243900}>,CC(=O)c1ccccc1,CC(C)O,openff-2.3.0rc1,1,0.9759151593906592,0.0001892272559649,0.9823500000000004,0.000175
31310,125,dens_152869924254680766,125,Density,<Substance CC(=O)c1ccccc1{solv}{x=0.251700}|CC(C)O{solv}{x=0.748300}>,CC(=O)c1ccccc1,CC(C)O,openff-2.3.0rc1,1,0.8781940747430508,0.0002403501945156,0.8654400000000002,0.000245
31311,126,dhmix_1214494501247401592,126,EnthalpyOfMixing,<Substance CC(=O)c1ccccc1{solv}{x=0.499600}|CC(C)O{solv}{x=0.500400}>,CC(=O)c1ccccc1,CC(C)O,openff-2.3.0rc1,1,1.3639787193087258,0.0380252906231492,1.5703,0.0169
31312,127,dhmix_1482394504883204224,127,EnthalpyOfMixing,<Substance CC(=O)c1ccccc1{solv}{x=0.700600}|CC(C)O{solv}{x=0.299400}>,CC(=O)c1ccccc1,CC(C)O,openff-2.3.0rc1,1,1.2188947783225077,0.0428559585374147,1.3758,0.01485
31313,128,dens_1804860114822214449,128,Density,<Substance CC(=O)c1ccccc1{solv}{x=0.534500}|CC(C)O{solv}{x=0.465500}>,CC(=O)c1ccccc1,CC(C)O,openff-2.3.0rc1,1,0.9394517120116632,0.0001643315029848,0.9375600000000002,0.0002
31314,129,dhmix_47323681380989568,129,EnthalpyOfMixing,<Substance CCCCCCCCCl{solv}{x=0.498000}|CN(C)C=O{solv}{x=0.502000}>,CCCCCCCCCl,CN(C)C=O,openff-2.3.0rc1,1,1.3463686282925664,0.0416149444426637,1.087,0.0045
31315,130,dhmix_620291288515939248,130,EnthalpyOfMixing,<Substance CCCCCCCCCl{solv}{x=0.790000}|CN(C)C=O{solv}{x=0.210000}>,CCCCCCCCCl,CN(C)C=O,openff-2.3.0rc1,1,1.1104438187507526,0.0517125525417544,0.68,0.0045
31316,131,dens_1830564734879843336,131,Density,<Substance CCCCCCCCCl{solv}{x=0.733100}|CN(C)C=O{solv}{x=0.266900}>,CCCCCCCCCl,CN(C)C=O,openff-2.3.0rc1,1,0.8666000391289248,0.0002189760879526,0.8779000000000002,0.00045
31317,132,dens_1865569264533219410,132,Density,<Substance CCCCCCCCCl{solv}{x=0.500800}|CN(C)C=O{solv}{x=0.499200}>,CCCCCCCCCl,CN(C)C=O,openff-2.3.0rc1,1,0.8755868192641745,0.000235962682705,0.8897000000000003,0.0004
31318,133,dens_1893252821735673677,133,Density,<Substance CCCCCCCCCl{solv}{x=0.199800}|CN(C)C=O{solv}{x=0.800200}>,CCCCCCCCCl,CN(C)C=O,openff-2.3.0rc1,1,0.8955098689663734,0.0002109349251044,0.9149000000000002,0.0003
31319,134,dhmix_2175249209874409534,134,EnthalpyOfMixing,<Substance CCCCCCCCCl{solv}{x=0.205000}|CN(C)C=O{solv}{x=0.795000}>,CCCCCCCCCl,CN(C)C=O,openff-2.3.0rc1,1,1.0009062487542053,0.0418266799434486,0.79,0.0045
31320,135,dens_47347406470845261,135,Density,<Substance BrCCCBr{solv}{x=0.748600}|COC=O{solv}{x=0.251400}>,BrCCCBr,COC=O,openff-2.3.0rc1,1,1.7707019171110416,0.0005809245195086,1.7969200000000003,0.00306
31321,136,dens_398260729245374704,136,Density,<Substance BrCCCBr{solv}{x=0.472200}|COC=O{solv}{x=0.527800}>,BrCCCBr,COC=O,openff-2.3.0rc1,1,1.551545394486198,0.0004947672810435,1.5585100000000005,0.001985
31322,137,dhmix_1440467239786579925,137,EnthalpyOfMixing,<Substance BrCCCBr{solv}{x=0.735400}|COC=O{solv}{x=0.264600}>,BrCCCBr,COC=O,openff-2.3.0rc1,1,0.6956357662987216,0.0360477878374984,0.7435,0.00655
31323,138,dens_1812113401512645360,138,Density,<Substance BrCCCBr{solv}{x=0.204700}|COC=O{solv}{x=0.795300}>,BrCCCBr,COC=O,openff-2.3.0rc1,1,1.2704981726996294,0.0004335754485545,1.2611800000000004,0.001025
31324,139,dhmix_2252268161220427112,139,EnthalpyOfMixing,<Substance BrCCCBr{solv}{x=0.485300}|COC=O{solv}{x=0.514700}>,BrCCCBr,COC=O,openff-2.3.0rc1,1,0.8948258243292351,0.0304264199138257,0.9249,0.00795
31325,140,dhmix_2289960806584862127,140,EnthalpyOfMixing,<Substance BrCCCBr{solv}{x=0.239500}|COC=O{solv}{x=0.760500}>,BrCCCBr,COC=O,openff-2.3.0rc1,1,0.7805387133641499,0.0341234546353112,0.6669,0.00595
31326,141,dens_52148744845178727,141,Density,<Substance CC(=O)CC(C)C{solv}{x=0.700900}|CCC(C)(C)O{solv}{x=0.299100}>,CC(=O)CC(C)C,CCC(C)(C)O,openff-2.3.0rc1,1,0.8003929186707438,0.0002170853843693,0.7968700000000002,0.00018
31327,142,dhmix_202225007451030020,142,EnthalpyOfMixing,<Substance CC(=O)CC(C)C{solv}{x=0.201700}|CCC(C)(C)O{solv}{x=0.798300}>,CC(=O)CC(C)C,CCC(C)(C)O,openff-2.3.0rc1,1,0.3184461653774171,0.046310121360999,0.8181,0.01135
31328,143,dens_938275493819605051,143,Density,<Substance CC(=O)CC(C)C{solv}{x=0.500800}|CCC(C)(C)O{solv}{x=0.499200}>,CC(=O)CC(C)C,CCC(C)(C)O,openff-2.3.0rc1,1,0.806048528292134,0.0001903894260351,0.7987300000000002,0.00018
31329,144,dhmix_998794233701009996,144,EnthalpyOfMixing,<Substance CC(=O)CC(C)C{solv}{x=0.500800}|CCC(C)(C)O{solv}{x=0.499200}>,CC(=O)CC(C)C,CCC(C)(C)O,openff-2.3.0rc1,1,0.7672701653690481,0.0502942180152642,1.3674,0.0185
31330,145,dhmix_1565593158104493647,145,EnthalpyOfMixing,<Substance CC(=O)CC(C)C{solv}{x=0.700900}|CCC(C)(C)O{solv}{x=0.299100}>,CC(=O)CC(C)C,CCC(C)(C)O,openff-2.3.0rc1,1,0.7238121877112125,0.0492437809531389,1.2068,0.0164
31331,146,dens_2097057526665137697,146,Density,<Substance CC(=O)CC(C)C{solv}{x=0.201700}|CCC(C)(C)O{solv}{x=0.798300}>,CC(=O)CC(C)C,CCC(C)(C)O,openff-2.3.0rc1,1,0.8163786995408396,0.000194702578548,0.8030000000000002,0.00019
31332,147,dens_60145312697659458,147,Density,<Substance OC1=NCCC1{solv}{x=0.231200}|c1ccncc1{solv}{x=0.768800}>,OC1=NCCC1,c1ccncc1,openff-2.3.0rc1,1,1.0036635273660863,0.0002371807371429,1.0106200000000003,0.00051
31333,148,dhmix_281987656487279026,148,EnthalpyOfMixing,<Substance OC1=NCCC1{solv}{x=0.525600}|c1ccncc1{solv}{x=0.474400}>,OC1=NCCC1,c1ccncc1,openff-2.3.0rc1,1,0.0764511913163659,0.0371627491566968,0.2031,0.0508
31334,149,dens_617740093035429712,149,Density,<Substance OC1=NCCC1{solv}{x=0.831200}|c1ccncc1{solv}{x=0.168800}>,OC1=NCCC1,c1ccncc1,openff-2.3.0rc1,1,1.059153569625762,0.000249602513423,1.0872000000000004,0.00052
31335,150,dhmix_658699797311871042,150,EnthalpyOfMixing,<Substance OC1=NCCC1{solv}{x=0.261500}|c1ccncc1{solv}{x=0.738500}>,OC1=NCCC1,c1ccncc1,openff-2.3.0rc1,1,0.1638694845209727,0.0403391498615232,0.165,0.04125
31336,151,dhmix_774470106511868908,151,EnthalpyOfMixing,<Substance OC1=NCCC1{solv}{x=0.831100}|c1ccncc1{solv}{x=0.168900}>,OC1=NCCC1,c1ccncc1,openff-2.3.0rc1,1,0.0653513379149899,0.0445765058025101,0.0972,0.0243
31337,152,dens_1837977312272564303,152,Density,<Substance OC1=NCCC1{solv}{x=0.475200}|c1ccncc1{solv}{x=0.524800}>,OC1=NCCC1,c1ccncc1,openff-2.3.0rc1,1,1.0274654269756798,0.0002136683967264,1.0431300000000003,0.000515
31338,153,dens_64870336397637683,153,Density,<Substance NCCCO{solv}{x=0.489642}|O{solv}{x=0.510358}>,NCCCO,O,openff-2.3.0rc1,1,1.0197338182176685,0.0003096934284903,1.0059000000000002,0.00155
31339,154,dens_70371380055449550,154,Density,<Substance NCCCO{solv}{x=0.708044}|O{solv}{x=0.291956}>,NCCCO,O,openff-2.3.0rc1,1,1.0228381569462388,0.0004112842206518,0.9975000000000004,0.0018
31340,155,dhmix_150384853762728924,155,EnthalpyOfMixing,<Substance NCCCO{solv}{x=0.751500}|O{solv}{x=0.248500}>,NCCCO,O,openff-2.3.0rc1,1,-0.0496981130427158,0.0494056207172292,-1.531,0.031
31341,156,dens_847209819230970781,156,Density,<Substance NCCCO{solv}{x=0.272809}|O{solv}{x=0.727191}>,NCCCO,O,openff-2.3.0rc1,1,1.0124144959284065,0.0004044255274965,1.0118000000000005,0.0014
31342,157,dhmix_1448036989335532298,157,EnthalpyOfMixing,<Substance NCCCO{solv}{x=0.298200}|O{solv}{x=0.701800}>,NCCCO,O,openff-2.3.0rc1,1,-0.4553971897351054,0.0261617653377805,-2.501,0.051
31343,158,dhmix_1551692974855642379,158,EnthalpyOfMixing,<Substance NCCCO{solv}{x=0.498900}|O{solv}{x=0.501100}>,NCCCO,O,openff-2.3.0rc1,1,-0.6660763872459512,0.0333055020268496,-2.462,0.05
31344,159,dhmix_65921650414250861,159,EnthalpyOfMixing,<Substance CCOC(=O)CC(C)=O{solv}{x=0.499500}|CCO{solv}{x=0.500500}>,CCO,CCOC(=O)CC(C)=O,openff-2.3.0rc1,1,1.6355644946554833,0.0385964590823046,1.7079,0.0183
31345,160,dhmix_546962203716710778,160,EnthalpyOfMixing,<Substance CCOC(=O)CC(C)=O{solv}{x=0.299400}|CCO{solv}{x=0.700600}>,CCO,CCOC(=O)CC(C)=O,openff-2.3.0rc1,1,1.527811736650463,0.039528005649648,1.4925,0.01605
31346,161,dens_989479368116300355,161,Density,<Substance CCOC(=O)CC(C)=O{solv}{x=0.500000}|CCO{solv}{x=0.500000}>,CCO,CCOC(=O)CC(C)=O,openff-2.3.0rc1,1,0.9528583715842404,0.0002398375758731,0.9484700000000004,0.000155
31347,162,dens_1726065156375824332,162,Density,<Substance CCOC(=O)CC(C)=O{solv}{x=0.250000}|CCO{solv}{x=0.750000}>,CCO,CCOC(=O)CC(C)=O,openff-2.3.0rc1,1,0.8919249517701939,0.0002876651674186,0.8856300000000003,0.00017
31348,163,dens_1736679431098209973,163,Density,<Substance CCOC(=O)CC(C)=O{solv}{x=0.750000}|CCO{solv}{x=0.250000}>,CCO,CCOC(=O)CC(C)=O,openff-2.3.0rc1,1,0.9940432847649372,0.0002035075632604,0.9917100000000004,0.00017
31349,164,dhmix_2221487218644783272,164,EnthalpyOfMixing,<Substance CCOC(=O)CC(C)=O{solv}{x=0.700800}|CCO{solv}{x=0.299200}>,CCO,CCOC(=O)CC(C)=O,openff-2.3.0rc1,1,1.3305737014001977,0.0451510599195422,1.478,0.0159
31350,165,dhmix_68947190908856741,165,EnthalpyOfMixing,<Substance C1COCCO1{solv}{x=0.250000}|O=C1CCCC1{solv}{x=0.750000}>,C1COCCO1,O=C1CCCC1,openff-2.3.0rc1,1,-0.1179835063997387,0.0375232587272497,0.04589,0.00057
31351,166,dens_225413782402822877,166,Density,<Substance C1COCCO1{solv}{x=0.777800}|O=C1CCCC1{solv}{x=0.222200}>,C1COCCO1,O=C1CCCC1,openff-2.3.0rc1,1,1.0062759705295063,0.0001980033477483,1.0081000000000002,0.000255
31352,167,dhmix_415496698649060745,167,EnthalpyOfMixing,<Substance C1COCCO1{solv}{x=0.500000}|O=C1CCCC1{solv}{x=0.500000}>,C1COCCO1,O=C1CCCC1,openff-2.3.0rc1,1,-0.0618494329295629,0.0381865906848722,0.07457,0.00068
31353,168,dens_803440153424346423,168,Density,<Substance C1COCCO1{solv}{x=0.506300}|O=C1CCCC1{solv}{x=0.493700}>,C1COCCO1,O=C1CCCC1,openff-2.3.0rc1,1,0.9734126078795474,0.0002211617655029,0.9849200000000002,0.00025
31354,169,dens_1553194080174872005,169,Density,<Substance C1COCCO1{solv}{x=0.243600}|O=C1CCCC1{solv}{x=0.756400}>,C1COCCO1,O=C1CCCC1,openff-2.3.0rc1,1,0.9429715349806757,0.0002570459905174,0.9633500000000004,0.000245
31355,170,dhmix_1852349497898107924,170,EnthalpyOfMixing,<Substance C1COCCO1{solv}{x=0.750000}|O=C1CCCC1{solv}{x=0.250000}>,C1COCCO1,O=C1CCCC1,openff-2.3.0rc1,1,0.0005853046833266,0.0385485974460071,0.07097,0.000665
31356,171,dhmix_71170350241685196,171,EnthalpyOfMixing,<Substance COC(C)(C)C{solv}{x=0.749000}|ClC(Cl)Cl{solv}{x=0.251000}>,COC(C)(C)C,ClC(Cl)Cl,openff-2.3.0rc1,1,-0.8872752407402693,0.0341263491625826,-1.9,0.077
31357,172,dens_554111049740737271,172,Density,<Substance COC(C)(C)C{solv}{x=0.454000}|ClC(Cl)Cl{solv}{x=0.546000}>,COC(C)(C)C,ClC(Cl)Cl,openff-2.3.0rc1,1,1.117413357160962,0.0004156446569735,1.0838000000000003,0.00015
31358,173,dhmix_1691495556773848750,173,EnthalpyOfMixing,<Substance COC(C)(C)C{solv}{x=0.484000}|ClC(Cl)Cl{solv}{x=0.516000}>,COC(C)(C)C,ClC(Cl)Cl,openff-2.3.0rc1,1,-1.3005171638148312,0.0351621094494663,-2.1,0.0845
31359,174,dens_1874337336846858625,174,Density,<Substance COC(C)(C)C{solv}{x=0.276000}|ClC(Cl)Cl{solv}{x=0.724000}>,COC(C)(C)C,ClC(Cl)Cl,openff-2.3.0rc1,1,1.275104782255096,0.0004584642244428,1.2259000000000004,0.0002
31360,175,dens_2136498248834183810,175,Density,<Substance COC(C)(C)C{solv}{x=0.728600}|ClC(Cl)Cl{solv}{x=0.271400}>,COC(C)(C)C,ClC(Cl)Cl,openff-2.3.0rc1,1,0.9139374052186672,0.0002984927721264,0.8956000000000003,0.00015
31361,176,dhmix_2232264038422377060,176,EnthalpyOfMixing,<Substance COC(C)(C)C{solv}{x=0.220000}|ClC(Cl)Cl{solv}{x=0.780000}>,COC(C)(C)C,ClC(Cl)Cl,openff-2.3.0rc1,1,-0.8895752434433604,0.0303972509062682,-1.5,0.0605
31362,177,dhmix_73322629991074290,177,EnthalpyOfMixing,<Substance CCC(C)=O{solv}{x=0.212400}|CCN(CC)CC{solv}{x=0.787600}>,CCC(C)=O,CCN(CC)CC,openff-2.3.0rc1,1,0.2976283567056015,0.0495593733961962,0.57,0.006
31363,178,dens_317201778138256714,178,Density,<Substance CCC(C)=O{solv}{x=0.261000}|CCN(CC)CC{solv}{x=0.739000}>,CCC(C)=O,CCN(CC)CC,openff-2.3.0rc1,1,0.7411038879839349,0.000234752071243,0.7361510000000001,0.000106
31364,179,dens_544322850735592196,179,Density,<Substance CCC(C)=O{solv}{x=0.510600}|CCN(CC)CC{solv}{x=0.489400}>,CCC(C)=O,CCN(CC)CC,openff-2.3.0rc1,1,0.7511096766713173,0.000232746320779,0.7527560000000002,0.0001045
31365,180,dhmix_690665189446107141,180,EnthalpyOfMixing,<Substance CCC(C)=O{solv}{x=0.496700}|CCN(CC)CC{solv}{x=0.503300}>,CCC(C)=O,CCN(CC)CC,openff-2.3.0rc1,1,0.3556290278139471,0.0389245430246537,0.746,0.008
31366,181,dhmix_935249702283890201,181,EnthalpyOfMixing,<Substance CCC(C)=O{solv}{x=0.789300}|CCN(CC)CC{solv}{x=0.210700}>,CCC(C)=O,CCN(CC)CC,openff-2.3.0rc1,1,0.2979699409073948,0.0423528792969553,0.455,0.005
31367,182,dens_1635002920322954883,182,Density,<Substance CCC(C)=O{solv}{x=0.760400}|CCN(CC)CC{solv}{x=0.239600}>,CCC(C)=O,CCN(CC)CC,openff-2.3.0rc1,1,0.7631265615844053,0.000242785104743,0.7738830000000002,9.900000000000003e-05
31368,183,dhmix_76833325524040726,183,EnthalpyOfMixing,<Substance C1CCCCC1{solv}{x=0.260600}|c1ccccc1{solv}{x=0.739400}>,C1CCCCC1,c1ccccc1,openff-2.3.0rc1,1,0.7989703707253568,0.043014411906262,0.6282,0.00695
31369,184,dens_330305790736126156,184,Density,<Substance C1CCCCC1{solv}{x=0.499600}|c1ccccc1{solv}{x=0.500400}>,C1CCCCC1,c1ccccc1,openff-2.3.0rc1,1,0.80493692754745,0.0002488016523627,0.8136000000000002,0.0002
31370,185,dhmix_460305358266375837,185,EnthalpyOfMixing,<Substance C1CCCCC1{solv}{x=0.766800}|c1ccccc1{solv}{x=0.233200}>,C1CCCCC1,c1ccccc1,openff-2.3.0rc1,1,0.7036866054635453,0.0451460834243999,0.5517,0.00725
31371,186,dens_1579941980285561951,186,Density,<Substance C1CCCCC1{solv}{x=0.249800}|c1ccccc1{solv}{x=0.750200}>,C1CCCCC1,c1ccccc1,openff-2.3.0rc1,1,0.8388934169590272,0.0002783301631955,0.8405780000000002,7.05e-05
31372,187,dhmix_1824194485055356086,187,EnthalpyOfMixing,<Substance C1CCCCC1{solv}{x=0.501200}|c1ccccc1{solv}{x=0.498800}>,C1CCCCC1,c1ccccc1,openff-2.3.0rc1,1,1.0212285440489808,0.0424819060234789,0.7893,0.00655
31373,188,dens_1871885279620492514,188,Density,<Substance C1CCCCC1{solv}{x=0.732300}|c1ccccc1{solv}{x=0.267700}>,C1CCCCC1,c1ccccc1,openff-2.3.0rc1,1,0.7792458984585239,0.0002293130077051,0.7929200000000002,7.450000000000001e-05
31374,189,dens_78518696584109468,189,Density,<Substance CN(CCO)CCO{solv}{x=0.743000}|O{solv}{x=0.257000}>,CN(CCO)CCO,O,openff-2.3.0rc1,1,1.0552931531858951,0.0003973821167922,1.0405100000000005,0.000286
31375,190,dens_169053214615075062,190,Density,<Substance CN(CCO)CCO{solv}{x=0.257100}|O{solv}{x=0.742900}>,CN(CCO)CCO,O,openff-2.3.0rc1,1,1.0459126153343568,0.0002661956967128,1.0522550000000004,0.000221
31376,191,dhmix_750283179383190388,191,EnthalpyOfMixing,<Substance CN(CCO)CCO{solv}{x=0.741100}|O{solv}{x=0.258900}>,CN(CCO)CCO,O,openff-2.3.0rc1,1,-0.7002613627696519,0.0662688726027384,-1.154,0.0125
31377,192,dhmix_1537351248216247854,192,EnthalpyOfMixing,<Substance CN(CCO)CCO{solv}{x=0.259300}|O{solv}{x=0.740700}>,CN(CCO)CCO,O,openff-2.3.0rc1,1,-0.8407401687859632,0.0295166430923655,-2.271,0.046
31378,193,dens_1700904374078825036,193,Density,<Substance CN(CCO)CCO{solv}{x=0.484900}|O{solv}{x=0.515100}>,CN(CCO)CCO,O,openff-2.3.0rc1,1,1.056050769101551,0.0004446780613183,1.048636,0.0002475
31379,194,dhmix_1761290393567900831,194,EnthalpyOfMixing,<Substance CN(CCO)CCO{solv}{x=0.494100}|O{solv}{x=0.505900}>,CN(CCO)CCO,O,openff-2.3.0rc1,1,-1.1504288597914325,0.0469655304011087,-2.072,0.042
31380,195,dhmix_81883535492439507,195,EnthalpyOfMixing,<Substance C1COCO1{solv}{x=0.200000}|O=C1CCCC1{solv}{x=0.800000}>,C1COCO1,O=C1CCCC1,openff-2.3.0rc1,1,-0.0530727968085074,0.0376712176239119,-0.00853,0.000425
31381,196,dens_192935635984964537,196,Density,<Substance C1COCO1{solv}{x=0.509000}|O=C1CCCC1{solv}{x=0.491000}>,C1COCO1,O=C1CCCC1,openff-2.3.0rc1,1,0.9949821154840254,0.0002435262417552,0.9954700000000004,0.000255
31382,197,dhmix_309530351940031317,197,EnthalpyOfMixing,<Substance C1COCO1{solv}{x=0.700000}|O=C1CCCC1{solv}{x=0.300000}>,C1COCO1,O=C1CCCC1,openff-2.3.0rc1,1,-0.0178243995315341,0.0355800482285507,-0.02292,0.00048
31383,198,dhmix_1480225642523009634,198,EnthalpyOfMixing,<Substance C1COCO1{solv}{x=0.500000}|O=C1CCCC1{solv}{x=0.500000}>,C1COCO1,O=C1CCCC1,openff-2.3.0rc1,1,-0.0282974282176056,0.0315818412852927,-0.02181,0.000475
31384,199,dens_1663189314624242951,199,Density,<Substance C1COCO1{solv}{x=0.225100}|O=C1CCCC1{solv}{x=0.774900}>,C1COCO1,O=C1CCCC1,openff-2.3.0rc1,1,0.9478586279990346,0.0002314839791459,0.9652800000000002,0.000245
31385,200,dens_1684591254659727640,200,Density,<Substance C1COCO1{solv}{x=0.789100}|O=C1CCCC1{solv}{x=0.210900}>,C1COCO1,O=C1CCCC1,openff-2.3.0rc1,1,1.04865149887531,0.0002762785120166,1.02957,0.00026
31386,201,dens_82854054922011802,201,Density,<Substance c1cc[nH]c1{solv}{x=0.542600}|c1ccncc1{solv}{x=0.457400}>,c1cc[nH]c1,c1ccncc1,openff-2.3.0rc1,1,0.9794843991113652,0.0002917399008979,0.9706400000000002,5.5000000000000016e-05
31387,202,dens_332042143272324658,202,Density,<Substance c1cc[nH]c1{solv}{x=0.755400}|c1ccncc1{solv}{x=0.244600}>,c1cc[nH]c1,c1ccncc1,openff-2.3.0rc1,1,0.980457229258306,0.0002658826608536,0.9676900000000004,5.5000000000000016e-05
31388,203,dhmix_582184351339863568,203,EnthalpyOfMixing,<Substance c1cc[nH]c1{solv}{x=0.760200}|c1ccncc1{solv}{x=0.239800}>,c1cc[nH]c1,c1ccncc1,openff-2.3.0rc1,1,0.0941327005927057,0.0343885418279969,-1.6452,0.01075
31389,204,dhmix_809205277185290719,204,EnthalpyOfMixing,<Substance c1cc[nH]c1{solv}{x=0.509500}|c1ccncc1{solv}{x=0.490500}>,c1cc[nH]c1,c1ccncc1,openff-2.3.0rc1,1,-0.0191880703131346,0.0325566495824304,-2.649,0.01645
31390,205,dens_1187941919350264461,205,Density,<Substance c1cc[nH]c1{solv}{x=0.227300}|c1ccncc1{solv}{x=0.772700}>,c1cc[nH]c1,c1ccncc1,openff-2.3.0rc1,1,0.980124090843682,0.0002398547430165,0.9755600000000002,5.5000000000000016e-05
31391,206,dhmix_2302696180464118683,206,EnthalpyOfMixing,<Substance c1cc[nH]c1{solv}{x=0.239500}|c1ccncc1{solv}{x=0.760500}>,c1cc[nH]c1,c1ccncc1,openff-2.3.0rc1,1,-0.0792249573053158,0.038848380800486,-1.7662,0.01145
31392,207,dhmix_84488753175979819,207,EnthalpyOfMixing,<Substance C1CCOCC1{solv}{x=0.500000}|CCO{solv}{x=0.500000}>,C1CCOCC1,CCO,openff-2.3.0rc1,1,1.0069257626129833,0.0370021393477901,0.8491,0.00794
31393,208,dens_904236164857914889,208,Density,<Substance C1CCOCC1{solv}{x=0.701000}|CCO{solv}{x=0.299000}>,C1CCOCC1,CCO,openff-2.3.0rc1,1,0.8539671046103515,0.0002642267549751,0.8595400000000002,8.500000000000002e-05
31394,209,dhmix_923986751684807715,209,EnthalpyOfMixing,<Substance C1CCOCC1{solv}{x=0.750000}|CCO{solv}{x=0.250000}>,C1CCOCC1,CCO,openff-2.3.0rc1,1,0.9505382337930116,0.0419334011880567,0.75364,0.007115
31395,210,dhmix_927648698725704337,210,EnthalpyOfMixing,<Substance C1CCOCC1{solv}{x=0.250000}|CCO{solv}{x=0.750000}>,C1CCOCC1,CCO,openff-2.3.0rc1,1,0.6258063275880925,0.0356583367678589,0.57017,0.00553
31396,211,dens_1095414448718823860,211,Density,<Substance C1CCOCC1{solv}{x=0.504000}|CCO{solv}{x=0.496000}>,C1CCOCC1,CCO,openff-2.3.0rc1,1,0.8405414712058425,0.0002760631897407,0.8440100000000001,0.0001
31397,212,dens_1309012152943788187,212,Density,<Substance C1CCOCC1{solv}{x=0.284000}|CCO{solv}{x=0.716000}>,C1CCOCC1,CCO,openff-2.3.0rc1,1,0.8226192043146408,0.0002821106160882,0.8227400000000002,0.00012
31398,213,dens_88489471162801298,213,Density,<Substance CC(C)=O{solv}{x=0.248400}|Nc1ccccc1{solv}{x=0.751600}>,CC(C)=O,Nc1ccccc1,openff-2.3.0rc1,1,1.00434085790507,0.0002145231701761,0.9768950000000002,0.0001055
31399,214,dens_892449093930393176,214,Density,<Substance CC(C)=O{solv}{x=0.411400}|Nc1ccccc1{solv}{x=0.588600}>,CC(C)=O,Nc1ccccc1,openff-2.3.0rc1,1,0.9623830670817614,0.0002089733246857,0.9457730000000002,0.0001285
31400,215,dens_1087594007698023193,215,Density,<Substance CC(C)=O{solv}{x=0.699300}|Nc1ccccc1{solv}{x=0.300700}>,CC(C)=O,Nc1ccccc1,openff-2.3.0rc1,1,0.8797095274200464,0.000254664944016,0.8786430000000003,0.000178
31401,216,dhmix_1461699545612032563,216,EnthalpyOfMixing,<Substance CC(C)=O{solv}{x=0.214500}|Nc1ccccc1{solv}{x=0.785500}>,CC(C)=O,Nc1ccccc1,openff-2.3.0rc1,1,-0.1592793305753872,0.0503794514595706,-0.746,0.008
31402,217,dhmix_1577476208805542019,217,EnthalpyOfMixing,<Substance CC(C)=O{solv}{x=0.699100}|Nc1ccccc1{solv}{x=0.300900}>,CC(C)=O,Nc1ccccc1,openff-2.3.0rc1,1,-0.6412517461317009,0.0361291945661177,-1.076,0.0115
31403,218,dhmix_2267661763264899390,218,EnthalpyOfMixing,<Substance CC(C)=O{solv}{x=0.410700}|Nc1ccccc1{solv}{x=0.589300}>,CC(C)=O,Nc1ccccc1,openff-2.3.0rc1,1,-0.358212726980895,0.0292360498500841,-1.165,0.0125
31404,219,dhmix_90851537891129625,219,EnthalpyOfMixing,<Substance C1CCOCC1{solv}{x=0.268300}|Cc1ccccn1{solv}{x=0.731700}>,C1CCOCC1,Cc1ccccn1,openff-2.3.0rc1,1,0.0200597060888796,0.0465739106100717,0.1057,0.00105
31405,220,dhmix_975790739707505549,220,EnthalpyOfMixing,<Substance C1CCOCC1{solv}{x=0.482200}|Cc1ccccn1{solv}{x=0.517800}>,C1CCOCC1,Cc1ccccn1,openff-2.3.0rc1,1,0.144666024288956,0.0443181054593189,0.1728,0.00135
31406,221,dens_981500521813591443,221,Density,<Substance C1CCOCC1{solv}{x=0.491600}|Cc1ccccn1{solv}{x=0.508400}>,C1CCOCC1,Cc1ccccn1,openff-2.3.0rc1,1,0.9103085898749174,0.0002265154959059,0.910915,0.000475
31407,222,dens_1237050172671894703,222,Density,<Substance C1CCOCC1{solv}{x=0.237300}|Cc1ccccn1{solv}{x=0.762700}>,C1CCOCC1,Cc1ccccn1,openff-2.3.0rc1,1,0.9288708853629868,0.0002226712969297,0.9261620000000004,0.0004855
31408,223,dhmix_1841520238596708010,223,EnthalpyOfMixing,<Substance C1CCOCC1{solv}{x=0.821600}|Cc1ccccn1{solv}{x=0.178400}>,C1CCOCC1,Cc1ccccn1,openff-2.3.0rc1,1,0.0819259110300691,0.0426703781094815,0.1352,0.0012
31409,224,dens_1852422594896475094,224,Density,<Substance C1CCOCC1{solv}{x=0.821900}|Cc1ccccn1{solv}{x=0.178100}>,C1CCOCC1,Cc1ccccn1,openff-2.3.0rc1,1,0.8756416418402189,0.0002362933899977,0.8802920000000002,0.000454
31410,225,dhmix_93676522673462266,225,EnthalpyOfMixing,<Substance CC(=O)N(C)C{solv}{x=0.702000}|ClCCCl{solv}{x=0.298000}>,CC(=O)N(C)C,ClCCCl,openff-2.3.0rc1,1,-0.3421640517465452,0.0284534907408804,-0.706,0.004
31411,226,dens_466640151895915379,226,Density,<Substance CC(=O)N(C)C{solv}{x=0.499900}|ClCCCl{solv}{x=0.500100}>,CC(=O)N(C)C,ClCCCl,openff-2.3.0rc1,1,1.0512197169401394,0.0002671797223907,1.0774000000000004,0.00325
31412,227,dhmix_504891727488256514,227,EnthalpyOfMixing,<Substance CC(=O)N(C)C{solv}{x=0.202000}|ClCCCl{solv}{x=0.798000}>,CC(=O)N(C)C,ClCCCl,openff-2.3.0rc1,1,-0.3365327943387779,0.0331453937473432,-0.586,0.004
31413,228,dens_1432716574300574119,228,Density,<Substance CC(=O)N(C)C{solv}{x=0.298800}|ClCCCl{solv}{x=0.701200}>,CC(=O)N(C)C,ClCCCl,openff-2.3.0rc1,1,1.115135076035751,0.0003612284163539,1.1413000000000002,0.00345
31414,229,dens_1909242265481868478,229,Density,<Substance CC(=O)N(C)C{solv}{x=0.700800}|ClCCCl{solv}{x=0.299200}>,CC(=O)N(C)C,ClCCCl,openff-2.3.0rc1,1,0.9887236762698184,0.0002782121783751,1.0181000000000002,0.00305
31415,230,dhmix_2201663021806040380,230,EnthalpyOfMixing,<Substance CC(=O)N(C)C{solv}{x=0.500000}|ClCCCl{solv}{x=0.500000}>,CC(=O)N(C)C,ClCCCl,openff-2.3.0rc1,1,-0.4742791181923245,0.0338903206970064,-0.885,0.004
31416,231,dhmix_101847702994296892,231,EnthalpyOfMixing,<Substance CCCCCCCl{solv}{x=0.790000}|CN1CCCC1=O{solv}{x=0.210000}>,CCCCCCCl,CN1CCCC1=O,openff-2.3.0rc1,1,0.6732425747058244,0.0419976192115025,0.232,0.0025
31417,232,dhmix_275814181113182192,232,EnthalpyOfMixing,<Substance CCCCCCCl{solv}{x=0.497000}|CN1CCCC1=O{solv}{x=0.503000}>,CCCCCCCl,CN1CCCC1=O,openff-2.3.0rc1,1,1.0816799414194094,0.0440125871636965,0.416,0.0025
31418,233,dens_441375838683668512,233,Density,<Substance CCCCCCCl{solv}{x=0.499300}|CN1CCCC1=O{solv}{x=0.500700}>,CCCCCCCl,CN1CCCC1=O,openff-2.3.0rc1,1,0.9247514331582656,0.0002302471436306,0.9389000000000002,0.0002
31419,234,dhmix_840847840731542643,234,EnthalpyOfMixing,<Substance CCCCCCCl{solv}{x=0.203000}|CN1CCCC1=O{solv}{x=0.797000}>,CCCCCCCl,CN1CCCC1=O,openff-2.3.0rc1,1,0.779394640845382,0.0435279721594207,0.319,0.0025
31420,235,dens_1314691253679633833,235,Density,<Substance CCCCCCCl{solv}{x=0.298400}|CN1CCCC1=O{solv}{x=0.701600}>,CCCCCCCl,CN1CCCC1=O,openff-2.3.0rc1,1,0.95450295630213,0.0002198375177017,0.9715000000000004,0.0002
31421,236,dens_1366683244756558841,236,Density,<Substance CCCCCCCl{solv}{x=0.801200}|CN1CCCC1=O{solv}{x=0.198800}>,CCCCCCCl,CN1CCCC1=O,openff-2.3.0rc1,1,0.8845683781347878,0.0002357119921553,0.8970000000000002,0.0003
31422,237,dhmix_107460606439569535,237,EnthalpyOfMixing,<Substance C1COCCO1{solv}{x=0.572500}|O=C1CCCCCC1{solv}{x=0.427500}>,C1COCCO1,O=C1CCCCCC1,openff-2.3.0rc1,1,0.2645030057066577,0.0414518112470386,0.1032,0.00125
31423,238,dens_229535957420918177,238,Density,<Substance C1COCCO1{solv}{x=0.748900}|O=C1CCCCCC1{solv}{x=0.251100}>,C1COCCO1,O=C1CCCCCC1,openff-2.3.0rc1,1,0.9969717140854945,0.0001406906063605,0.9994100000000002,0.00051
31424,239,dhmix_1101001475632451077,239,EnthalpyOfMixing,<Substance C1COCCO1{solv}{x=0.225200}|O=C1CCCCCC1{solv}{x=0.774800}>,C1COCCO1,O=C1CCCCCC1,openff-2.3.0rc1,1,0.1730867898593118,0.0422388931998703,0.0783,0.001
31425,240,dens_1711999737319704820,240,Density,<Substance C1COCCO1{solv}{x=0.572300}|O=C1CCCCCC1{solv}{x=0.427700}>,C1COCCO1,O=C1CCCCCC1,openff-2.3.0rc1,1,0.9656822670779526,0.0002173670836668,0.9737000000000002,0.00051
31426,241,dens_1973863157285112004,241,Density,<Substance C1COCCO1{solv}{x=0.255500}|O=C1CCCCCC1{solv}{x=0.744500}>,C1COCCO1,O=C1CCCCCC1,openff-2.3.0rc1,1,0.9434496173778169,0.0001550090064002,0.9616800000000002,0.000515
31427,242,dhmix_2239035738396328121,242,EnthalpyOfMixing,<Substance C1COCCO1{solv}{x=0.771600}|O=C1CCCCCC1{solv}{x=0.228400}>,C1COCCO1,O=C1CCCCCC1,openff-2.3.0rc1,1,0.1988485407420341,0.040062159469584,0.0694,0.0009
31428,243,dhmix_110368175234083214,243,EnthalpyOfMixing,<Substance CC#N{solv}{x=0.201600}|CCOC(C)(C)CC{solv}{x=0.798400}>,CC#N,CCOC(C)(C)CC,openff-2.3.0rc1,1,0.218335103744252,0.0506187616494802,0.6411,0.0087
31429,244,dhmix_565046024644834395,244,EnthalpyOfMixing,<Substance CC#N{solv}{x=0.700400}|CCOC(C)(C)CC{solv}{x=0.299600}>,CC#N,CCOC(C)(C)CC,openff-2.3.0rc1,1,0.330730841061333,0.0294805553743198,0.8397,0.0113
31430,245,dens_865362803305469370,245,Density,<Substance CC#N{solv}{x=0.502400}|CCOC(C)(C)CC{solv}{x=0.497600}>,CC#N,CCOC(C)(C)CC,openff-2.3.0rc1,1,0.7679890626478777,0.0002308586589618,0.7675000000000002,0.00035
31431,246,dhmix_1131176031733024874,246,EnthalpyOfMixing,<Substance CC#N{solv}{x=0.502400}|CCOC(C)(C)CC{solv}{x=0.497600}>,CC#N,CCOC(C)(C)CC,openff-2.3.0rc1,1,0.4108253394940355,0.0400655241500939,0.9514,0.01285
31432,247,dens_1305751749890499162,247,Density,<Substance CC#N{solv}{x=0.201600}|CCOC(C)(C)CC{solv}{x=0.798400}>,CC#N,CCOC(C)(C)CC,openff-2.3.0rc1,1,0.7656766457301968,0.0002092287526931,0.7635000000000002,0.00025
31433,248,dens_1928701304100922381,248,Density,<Substance CC#N{solv}{x=0.700400}|CCOC(C)(C)CC{solv}{x=0.299600}>,CC#N,CCOC(C)(C)CC,openff-2.3.0rc1,1,0.768480826615777,0.0002605043604002,0.7707000000000003,0.0005
31434,249,dhmix_112729391186229967,249,EnthalpyOfMixing,<Substance CCC(C)=O{solv}{x=0.509000}|CNc1ccccc1{solv}{x=0.491000}>,CCC(C)=O,CNc1ccccc1,openff-2.3.0rc1,1,-0.4595771346766355,0.0444626189522464,-0.816,0.009
31435,250,dens_414028029115294252,250,Density,<Substance CCC(C)=O{solv}{x=0.746300}|CNc1ccccc1{solv}{x=0.253700}>,CCC(C)=O,CNc1ccccc1,openff-2.3.0rc1,1,0.8449818795949253,0.0002079611439711,0.8582020000000002,0.000102
31436,251,dens_559789475978651659,251,Density,<Substance CCC(C)=O{solv}{x=0.495000}|CNc1ccccc1{solv}{x=0.505000}>,CCC(C)=O,CNc1ccccc1,openff-2.3.0rc1,1,0.9021094892634,0.0001654323861733,0.9066940000000002,0.000164
31437,252,dhmix_1637459312398636454,252,EnthalpyOfMixing,<Substance CCC(C)=O{solv}{x=0.228300}|CNc1ccccc1{solv}{x=0.771700}>,CCC(C)=O,CNc1ccccc1,openff-2.3.0rc1,1,-0.2230569337407821,0.0431344848727938,-0.54,0.006
31438,253,dhmix_1933605864237207151,253,EnthalpyOfMixing,<Substance CCC(C)=O{solv}{x=0.705500}|CNc1ccccc1{solv}{x=0.294500}>,CCC(C)=O,CNc1ccccc1,openff-2.3.0rc1,1,-0.2754577746922839,0.0421730417917676,-0.672,0.0075
31439,254,dens_2039660657679820411,254,Density,<Substance CCC(C)=O{solv}{x=0.258900}|CNc1ccccc1{solv}{x=0.741100}>,CCC(C)=O,CNc1ccccc1,openff-2.3.0rc1,1,0.9501727616225054,0.0001895761382933,0.9456330000000004,0.000259
31440,255,dhmix_112832411362526364,255,EnthalpyOfMixing,<Substance C=CCCCC{solv}{x=0.250000}|CCCCO{solv}{x=0.750000}>,C=CCCCC,CCCCO,openff-2.3.0rc1,1,0.3637897385451794,0.0425755907903323,0.2829,0.00333
31441,256,dhmix_385937725855980509,256,EnthalpyOfMixing,<Substance C=CCCCC{solv}{x=0.749900}|CCCCO{solv}{x=0.250100}>,C=CCCCC,CCCCO,openff-2.3.0rc1,1,0.7615680129468956,0.0449577150203372,0.63978,0.00696
31442,257,dens_417191245012747241,257,Density,<Substance C=CCCCC{solv}{x=0.501800}|CCCCO{solv}{x=0.498200}>,C=CCCCC,CCCCO,openff-2.3.0rc1,1,0.7226395239149258,0.000232075967186,0.7340000000000002,0.00035
31443,258,dens_1053849773924337242,258,Density,<Substance C=CCCCC{solv}{x=0.100100}|CCCCO{solv}{x=0.899900}>,C=CCCCC,CCCCO,openff-2.3.0rc1,1,0.7894725082424299,0.0002410185725501,0.7924000000000002,0.00035
31444,259,dhmix_1436053809694490847,259,EnthalpyOfMixing,<Substance C=CCCCC{solv}{x=0.500300}|CCCCO{solv}{x=0.499700}>,C=CCCCC,CCCCO,openff-2.3.0rc1,1,0.6606168544607272,0.0412036187423689,0.56098,0.00616
31445,260,dens_1967827958045932694,260,Density,<Substance C=CCCCC{solv}{x=0.900000}|CCCCO{solv}{x=0.100000}>,C=CCCCC,CCCCO,openff-2.3.0rc1,1,0.6698065016716099,0.0002794587429179,0.6818000000000001,0.00035
31446,261,dhmix_113202719214912577,261,EnthalpyOfMixing,<Substance CCN(CC)CCO{solv}{x=0.700300}|O{solv}{x=0.299700}>,CCN(CC)CCO,O,openff-2.3.0rc1,1,-1.2667302788794643,0.0419978747491429,-1.75,0.019
31447,262,dhmix_450200897960931857,262,EnthalpyOfMixing,<Substance CCN(CC)CCO{solv}{x=0.500200}|O{solv}{x=0.499800}>,CCN(CC)CCO,O,openff-2.3.0rc1,1,-1.2953634143229067,0.043567280028259,-2.504,0.027
31448,263,dens_727880187774296815,263,Density,<Substance CCN(CC)CCO{solv}{x=0.799700}|O{solv}{x=0.200300}>,CCN(CC)CCO,O,openff-2.3.0rc1,1,0.8950167108386949,0.0002945786624572,0.8996000000000003,0.005
31449,264,dens_943193748522476096,264,Density,<Substance CCN(CC)CCO{solv}{x=0.499700}|O{solv}{x=0.500300}>,CCN(CC)CCO,O,openff-2.3.0rc1,1,0.9095466494801724,0.0003658034480739,0.9222000000000002,0.005
31450,265,dhmix_1628408668678458098,265,EnthalpyOfMixing,<Substance CCN(CC)CCO{solv}{x=0.200800}|O{solv}{x=0.799200}>,CCN(CC)CCO,O,openff-2.3.0rc1,1,-0.6408635807235905,0.0270768464789186,-2.185,0.0235
31451,266,dens_1679974305630699360,266,Density,<Substance CCN(CC)CCO{solv}{x=0.193290}|O{solv}{x=0.806710}>,CCN(CC)CCO,O,openff-2.3.0rc1,1,0.9293764409077266,0.0003664322223644,0.9615690000000002,0.000144
31452,267,dens_114257363738318755,267,Density,<Substance C1CCCCC1{solv}{x=0.754300}|CCCCCC{solv}{x=0.245700}>,C1CCCCC1,CCCCCC,openff-2.3.0rc1,1,0.7226272279658016,0.0002346912520469,0.7392000000000002,0.00065
31453,268,dens_528453314861364780,268,Density,<Substance C1CCCCC1{solv}{x=0.234300}|CCCCCC{solv}{x=0.765700}>,C1CCCCC1,CCCCCC,openff-2.3.0rc1,1,0.6650654608563491,0.0002253454598616,0.6838300000000002,0.001655
31454,269,dens_547437695672624422,269,Density,<Substance C1CCCCC1{solv}{x=0.479300}|CCCCCC{solv}{x=0.520700}>,C1CCCCC1,CCCCCC,openff-2.3.0rc1,1,0.6906028540286334,0.0002836206823486,0.7105500000000001,0.001555
31455,270,dhmix_728030976573858762,270,EnthalpyOfMixing,<Substance C1CCCCC1{solv}{x=0.483200}|CCCCCC{solv}{x=0.516800}>,C1CCCCC1,CCCCCC,openff-2.3.0rc1,1,0.2488760690214491,0.0432843639356068,0.2144,0.00155
31456,271,dhmix_1406519609852245638,271,EnthalpyOfMixing,<Substance C1CCCCC1{solv}{x=0.219000}|CCCCCC{solv}{x=0.781000}>,C1CCCCC1,CCCCCC,openff-2.3.0rc1,1,0.1600317317863471,0.0483849159576988,0.1264,0.00105
31457,272,dhmix_1819992223413741006,272,EnthalpyOfMixing,<Substance C1CCCCC1{solv}{x=0.725500}|CCCCCC{solv}{x=0.274500}>,C1CCCCC1,CCCCCC,openff-2.3.0rc1,1,0.2677408713597913,0.0448197691625979,0.199,0.00145
31458,273,dhmix_114464856611254095,273,EnthalpyOfMixing,<Substance COc1ccccc1{solv}{x=0.739800}|OCc1ccccc1{solv}{x=0.260200}>,COc1ccccc1,OCc1ccccc1,openff-2.3.0rc1,1,0.8123948337019797,0.0460209225488917,1.0539,0.0113
31459,274,dens_844721400884986444,274,Density,<Substance COc1ccccc1{solv}{x=0.288300}|OCc1ccccc1{solv}{x=0.711700}>,COc1ccccc1,OCc1ccccc1,openff-2.3.0rc1,1,1.0196453060682609,0.0001809418391175,1.0180000000000002,0.000135
31460,275,dens_1208569209782779179,275,Density,<Substance COc1ccccc1{solv}{x=0.491100}|OCc1ccccc1{solv}{x=0.508900}>,COc1ccccc1,OCc1ccccc1,openff-2.3.0rc1,1,1.0064908824338756,0.0001494195789537,1.0069400000000004,0.000165
31461,276,dhmix_1342325728364187329,276,EnthalpyOfMixing,<Substance COc1ccccc1{solv}{x=0.240100}|OCc1ccccc1{solv}{x=0.759900}>,COc1ccccc1,OCc1ccccc1,openff-2.3.0rc1,1,0.5283536255154644,0.0468614495821125,0.6199,0.0067
31462,277,dhmix_1596550872819493971,277,EnthalpyOfMixing,<Substance COc1ccccc1{solv}{x=0.486600}|OCc1ccccc1{solv}{x=0.513400}>,COc1ccccc1,OCc1ccccc1,openff-2.3.0rc1,1,0.8798543268810235,0.048247539846493,0.9688,0.0104
31463,278,dens_1833270112854727934,278,Density,<Substance COc1ccccc1{solv}{x=0.774500}|OCc1ccccc1{solv}{x=0.225500}>,COc1ccccc1,OCc1ccccc1,openff-2.3.0rc1,1,0.9885742135000072,0.0002157751981549,0.9915900000000004,0.000215
31464,279,dens_114725786693793907,279,Density,<Substance CC(=O)O{solv}{x=0.703100}|CCO{solv}{x=0.296900}>,CC(=O)O,CCO,openff-2.3.0rc1,1,0.9979257914843668,0.0003439503640496,0.97355,0.00021
31465,280,dens_883421079927261907,280,Density,<Substance CC(=O)O{solv}{x=0.496100}|CCO{solv}{x=0.503900}>,CC(=O)O,CCO,openff-2.3.0rc1,1,0.9381503228206686,0.0003156393293295,0.9199600000000002,0.0002
31466,281,dens_1042567278853913615,281,Density,<Substance CC(=O)O{solv}{x=0.297100}|CCO{solv}{x=0.702900}>,CC(=O)O,CCO,openff-2.3.0rc1,1,0.8797984152093361,0.0003341288789225,0.8668600000000002,0.000195
31467,282,dhmix_129373600931207498,282,EnthalpyOfMixing,<Substance NCCNCCN{solv}{x=0.702000}|O{solv}{x=0.298000}>,NCCNCCN,O,openff-2.3.0rc1,1,-2.034089544943015,0.0650303626594102,-3.393,0.036
31468,283,dhmix_313570094367316478,283,EnthalpyOfMixing,<Substance NCCNCCN{solv}{x=0.241600}|O{solv}{x=0.758400}>,NCCNCCN,O,openff-2.3.0rc1,1,-3.5250457659366248,0.0342149530406365,-6.523,0.0695
31469,284,dens_548243159356184104,284,Density,<Substance NCCNCCN{solv}{x=0.244900}|O{solv}{x=0.755100}>,NCCNCCN,O,openff-2.3.0rc1,1,1.0479219183980923,0.0004378749723275,1.0275000000000003,0.0005
31470,285,dens_913992897582667960,285,Density,<Substance NCCNCCN{solv}{x=0.497400}|O{solv}{x=0.502600}>,NCCNCCN,O,openff-2.3.0rc1,1,1.0494885826112867,0.0001791022687607,0.9928000000000002,0.0005
31471,286,dhmix_1565087976771168604,286,EnthalpyOfMixing,<Substance NCCNCCN{solv}{x=0.501000}|O{solv}{x=0.499000}>,NCCNCCN,O,openff-2.3.0rc1,1,-3.4419359668988676,0.0357435935978718,-5.417,0.0575
31472,287,dens_1812124220217686569,287,Density,<Substance NCCNCCN{solv}{x=0.698800}|O{solv}{x=0.301200}>,NCCNCCN,O,openff-2.3.0rc1,1,1.0477618297799836,0.0002151647653586,0.9718000000000002,0.0005
31473,288,dhmix_135176730945124637,288,EnthalpyOfMixing,<Substance CCCCNCCCC{solv}{x=0.751800}|CN(C)C=O{solv}{x=0.248200}>,CCCCNCCCC,CN(C)C=O,openff-2.3.0rc1,1,0.3736834665454012,0.0552026558052258,0.782,0.025
31474,289,dens_586298674852090193,289,Density,<Substance CCCCNCCCC{solv}{x=0.726600}|CN(C)C=O{solv}{x=0.273400}>,CCCCNCCCC,CN(C)C=O,openff-2.3.0rc1,1,0.7829548950792223,0.000212541786114,0.7828350000000002,0.0009465
31475,290,dens_711718403070096827,290,Density,<Substance CCCCNCCCC{solv}{x=0.263900}|CN(C)C=O{solv}{x=0.736100}>,CCCCNCCCC,CN(C)C=O,openff-2.3.0rc1,1,0.850432391580639,0.0002293895592686,0.8609240000000001,0.001053
31476,291,dhmix_1537913365058000269,291,EnthalpyOfMixing,<Substance CCCCNCCCC{solv}{x=0.249400}|CN(C)C=O{solv}{x=0.750600}>,CCCCNCCCC,CN(C)C=O,openff-2.3.0rc1,1,0.4490516325629414,0.0438286645349765,0.921,0.029
31477,292,dhmix_1965420976556284821,292,EnthalpyOfMixing,<Substance CCCCNCCCC{solv}{x=0.501800}|CN(C)C=O{solv}{x=0.498200}>,CCCCNCCCC,CN(C)C=O,openff-2.3.0rc1,1,0.4821825921068523,0.0451916556927116,1.113,0.0335
31478,293,dens_2298192241038151497,293,Density,<Substance CCCCNCCCC{solv}{x=0.492800}|CN(C)C=O{solv}{x=0.507200}>,CCCCNCCCC,CN(C)C=O,openff-2.3.0rc1,1,0.8117725451504229,0.0001973395158356,0.8153440000000003,0.0009895
31479,294,dens_145031449158698048,294,Density,<Substance CN(C)C=O{solv}{x=0.498800}|ClCCCl{solv}{x=0.501200}>,CN(C)C=O,ClCCCl,openff-2.3.0rc1,1,1.072763687027384,0.0003230052781096,1.0957000000000003,0.00305
31480,295,dens_511894799968528211,295,Density,<Substance CN(C)C=O{solv}{x=0.197800}|ClCCCl{solv}{x=0.802200}>,CN(C)C=O,ClCCCl,openff-2.3.0rc1,1,1.1596181591943766,0.0004199151733223,1.1862000000000004,0.003
31481,296,dhmix_693792312882226719,296,EnthalpyOfMixing,<Substance CN(C)C=O{solv}{x=0.498000}|ClCCCl{solv}{x=0.502000}>,CN(C)C=O,ClCCCl,openff-2.3.0rc1,1,-0.0416463621060358,0.0343413041401235,-0.663,0.0035
31482,297,dhmix_1364024895663592301,297,EnthalpyOfMixing,<Substance CN(C)C=O{solv}{x=0.299000}|ClCCCl{solv}{x=0.701000}>,CN(C)C=O,ClCCCl,openff-2.3.0rc1,1,-0.0376422954492383,0.0287902712580025,-0.575,0.0035
31483,298,dens_1874616475661316520,298,Density,<Substance CN(C)C=O{solv}{x=0.705400}|ClCCCl{solv}{x=0.294600}>,CN(C)C=O,ClCCCl,openff-2.3.0rc1,1,1.0103035387827035,0.0002932283163908,1.0336,0.003
31484,299,dhmix_1965344541223753593,299,EnthalpyOfMixing,<Substance CN(C)C=O{solv}{x=0.702000}|ClCCCl{solv}{x=0.298000}>,CN(C)C=O,ClCCCl,openff-2.3.0rc1,1,-0.022436759454564,0.0360038027287429,-0.531,0.003
31485,300,dens_145117083439077204,300,Density,<Substance CN1CCCC1=O{solv}{x=0.700300}|ClCCCCCl{solv}{x=0.299700}>,CN1CCCC1=O,ClCCCCCl,openff-2.3.0rc1,1,1.043472393455673,0.0002153785336213,1.0627000000000002,0.0005
31486,301,dens_872271192908107773,301,Density,<Substance CN1CCCC1=O{solv}{x=0.203400}|ClCCCCCl{solv}{x=0.796600}>,CN1CCCC1=O,ClCCCCCl,openff-2.3.0rc1,1,1.096839983935998,0.0002799309600899,1.1142000000000003,0.00125
31487,302,dhmix_958757583081250655,302,EnthalpyOfMixing,<Substance CN1CCCC1=O{solv}{x=0.703000}|ClCCCCCl{solv}{x=0.297000}>,CN1CCCC1=O,ClCCCCCl,openff-2.3.0rc1,1,0.092788888091313,0.0462222324113883,-0.583,0.0035
31488,303,dens_1187888029800539390,303,Density,<Substance CN1CCCC1=O{solv}{x=0.502500}|ClCCCCCl{solv}{x=0.497500}>,CN1CCCC1=O,ClCCCCCl,openff-2.3.0rc1,1,1.0667368632960823,0.000234373190022,1.0840000000000003,0.00075
31489,304,dhmix_1448185356234442909,304,EnthalpyOfMixing,<Substance CN1CCCC1=O{solv}{x=0.210000}|ClCCCCCl{solv}{x=0.790000}>,CN1CCCC1=O,ClCCCCCl,openff-2.3.0rc1,1,0.0976194316229452,0.0417867712083306,-0.406,0.003
31490,305,dhmix_1623586299486793214,305,EnthalpyOfMixing,<Substance CN1CCCC1=O{solv}{x=0.505000}|ClCCCCCl{solv}{x=0.495000}>,CN1CCCC1=O,ClCCCCCl,openff-2.3.0rc1,1,0.1020111343759921,0.0411886365723316,-0.678,0.0035
31491,306,dens_151421667269785380,306,Density,<Substance OCCOCCO{solv}{x=0.228500}|OCc1ccccc1{solv}{x=0.771500}>,OCCOCCO,OCc1ccccc1,openff-2.3.0rc1,1,1.0575281053454448,0.000228759860071,1.0497600000000002,0.000265
31492,307,dens_207017358130726789,307,Density,<Substance OCCOCCO{solv}{x=0.531200}|OCc1ccccc1{solv}{x=0.468800}>,OCCOCCO,OCc1ccccc1,openff-2.3.0rc1,1,1.0832727304426677,0.000240173275574,1.07136,0.00027
31493,308,dhmix_638869206909151198,308,EnthalpyOfMixing,<Substance OCCOCCO{solv}{x=0.765800}|OCc1ccccc1{solv}{x=0.234200}>,OCCOCCO,OCc1ccccc1,openff-2.3.0rc1,1,-0.2314216333723919,0.0586945108400287,-0.3712,0.0073
31494,309,dhmix_884415658126351430,309,EnthalpyOfMixing,<Substance OCCOCCO{solv}{x=0.266500}|OCc1ccccc1{solv}{x=0.733500}>,OCCOCCO,OCc1ccccc1,openff-2.3.0rc1,1,-0.3494800907540849,0.0546342344217494,-0.4216,0.0081
31495,310,dhmix_925385148369690502,310,EnthalpyOfMixing,<Substance OCCOCCO{solv}{x=0.521600}|OCc1ccccc1{solv}{x=0.478400}>,OCCOCCO,OCc1ccccc1,openff-2.3.0rc1,1,-0.4902146509899978,0.0523495173857757,-0.4574,0.00865
31496,311,dens_1617133138157859384,311,Density,<Substance OCCOCCO{solv}{x=0.727700}|OCc1ccccc1{solv}{x=0.272300}>,OCCOCCO,OCc1ccccc1,openff-2.3.0rc1,1,1.0999424706468766,0.000358545216153,1.0857000000000003,0.000275
31497,312,dens_155791527624482863,312,Density,<Substance CC(C)CO{solv}{x=0.279300}|CCCCBr{solv}{x=0.720700}>,CC(C)CO,CCCCBr,openff-2.3.0rc1,1,1.110856069668664,0.0004008923600119,1.1339800000000002,0.000305
31498,313,dhmix_549211977118470640,313,EnthalpyOfMixing,<Substance CC(C)CO{solv}{x=0.293800}|CCCCBr{solv}{x=0.706200}>,CC(C)CO,CCCCBr,openff-2.3.0rc1,1,1.091476257623711,0.0366044168658102,1.248,0.0135
31499,314,dens_692500675577783691,314,Density,<Substance CC(C)CO{solv}{x=0.793700}|CCCCBr{solv}{x=0.206300}>,CC(C)CO,CCCCBr,openff-2.3.0rc1,1,0.898735552439178,0.0002936433456853,0.8962800000000002,0.00021
31500,315,dens_841415441417626311,315,Density,<Substance CC(C)CO{solv}{x=0.498900}|CCCCBr{solv}{x=0.501100}>,CC(C)CO,CCCCBr,openff-2.3.0rc1,1,1.0250797279547252,0.0003693691102377,1.0366800000000005,0.000225
31501,316,dhmix_1400807466047438160,316,EnthalpyOfMixing,<Substance CC(C)CO{solv}{x=0.499000}|CCCCBr{solv}{x=0.501000}>,CC(C)CO,CCCCBr,openff-2.3.0rc1,1,1.0918225428627082,0.0369851280565248,1.207,0.013
31502,317,dhmix_1959880980464917582,317,EnthalpyOfMixing,<Substance CC(C)CO{solv}{x=0.702100}|CCCCBr{solv}{x=0.297900}>,CC(C)CO,CCCCBr,openff-2.3.0rc1,1,0.8001646741587933,0.0368912608184359,0.891,0.0095
31503,318,dhmix_155924436295918663,318,EnthalpyOfMixing,<Substance OCCCO{solv}{x=0.501300}|O{solv}{x=0.498700}>,O,OCCCO,openff-2.3.0rc1,1,0.2871713441911936,0.0403651483733094,-0.992,0.0125
31504,319,dens_867859901093068556,319,Density,<Substance OCCCO{solv}{x=0.743700}|O{solv}{x=0.256300}>,O,OCCCO,openff-2.3.0rc1,1,1.0632793536910812,0.0003391166453662,1.0503800000000003,0.00023
31505,320,dhmix_2191722776959064631,320,EnthalpyOfMixing,<Substance OCCCO{solv}{x=0.743000}|O{solv}{x=0.257000}>,O,OCCCO,openff-2.3.0rc1,1,0.1681401171118715,0.0704355994443168,-0.633,0.008
31506,321,dhmix_2210594516320705991,321,EnthalpyOfMixing,<Substance OCCCO{solv}{x=0.208700}|O{solv}{x=0.791300}>,O,OCCCO,openff-2.3.0rc1,1,0.5589926213106331,0.0191130654611183,-0.924,0.012
31507,322,dens_2211391404402371237,322,Density,<Substance OCCCO{solv}{x=0.244700}|O{solv}{x=0.755300}>,O,OCCCO,openff-2.3.0rc1,1,1.0303831211650802,0.0003188577410703,1.0381600000000004,0.00019
31508,323,dens_2211609476735134421,323,Density,<Substance OCCCO{solv}{x=0.500000}|O{solv}{x=0.500000}>,O,OCCCO,openff-2.3.0rc1,1,1.0524439821120382,0.0003555371722887,1.0492100000000002,0.000215
31509,324,dhmix_156929898609376763,324,EnthalpyOfMixing,<Substance CN(C)CCCO{solv}{x=0.800100}|O{solv}{x=0.199900}>,CN(C)CCCO,O,openff-2.3.0rc1,1,-1.0332498058995585,0.0573497858210712,-1.26,0.0135
31510,325,dhmix_786210276753247951,325,EnthalpyOfMixing,<Substance CN(C)CCCO{solv}{x=0.199800}|O{solv}{x=0.800200}>,CN(C)CCCO,O,openff-2.3.0rc1,1,-0.8294859552966045,0.0266328836983286,-2.514,0.027
31511,326,dens_971674883336993154,326,Density,<Substance CN(C)CCCO{solv}{x=0.289504}|O{solv}{x=0.710496}>,CN(C)CCCO,O,openff-2.3.0rc1,1,0.9413115613970208,0.0004241830715844,0.9443,0.00285
31512,327,dhmix_1330584538745399524,327,EnthalpyOfMixing,<Substance CN(C)CCCO{solv}{x=0.501900}|O{solv}{x=0.498100}>,CN(C)CCCO,O,openff-2.3.0rc1,1,-1.5284868193295438,0.0421798735956735,-2.706,0.029
31513,328,dens_1781759734173902013,328,Density,<Substance CN(C)CCCO{solv}{x=0.501300}|O{solv}{x=0.498700}>,CN(C)CCCO,O,openff-2.3.0rc1,1,0.9296523825682588,0.0003261314596037,0.9170700000000004,8.000000000000002e-05
31514,329,dens_2299157616447228221,329,Density,<Substance CN(C)CCCO{solv}{x=0.800600}|O{solv}{x=0.199400}>,CN(C)CCCO,O,openff-2.3.0rc1,1,0.9170406640452012,0.0002932269448046,0.8915100000000002,9.500000000000002e-05
31515,330,dhmix_157983773008192768,330,EnthalpyOfMixing,<Substance BrCCCBr{solv}{x=0.743200}|CCCCOC(=O)CCC{solv}{x=0.256800}>,BrCCCBr,CCCCOC(=O)CCC,openff-2.3.0rc1,1,-0.312152355143013,0.0275618607604954,0.032,0.0005
31516,331,dens_720277045338028885,331,Density,<Substance BrCCCBr{solv}{x=0.748700}|CCCCOC(=O)CCC{solv}{x=0.251300}>,BrCCCBr,CCCCOC(=O)CCC,openff-2.3.0rc1,1,1.5589265092991975,0.0003988396202277,1.5786600000000004,0.00038
31517,332,dens_933248802608751708,332,Density,<Substance BrCCCBr{solv}{x=0.529700}|CCCCOC(=O)CCC{solv}{x=0.470300}>,BrCCCBr,CCCCOC(=O)CCC,openff-2.3.0rc1,1,1.3044728471725893,0.0002990337269311,1.3159400000000003,0.000255
31518,333,dens_1048925802213854204,333,Density,<Substance BrCCCBr{solv}{x=0.259100}|CCCCOC(=O)CCC{solv}{x=0.740900}>,BrCCCBr,CCCCOC(=O)CCC,openff-2.3.0rc1,1,1.0532340292777744,0.0002339500361956,1.0598600000000002,0.000145
31519,334,dhmix_1090642624443832057,334,EnthalpyOfMixing,<Substance BrCCCBr{solv}{x=0.241200}|CCCCOC(=O)CCC{solv}{x=0.758800}>,BrCCCBr,CCCCOC(=O)CCC,openff-2.3.0rc1,1,-0.4094858566321164,0.0477673662831838,-0.094,0.001
31520,335,dhmix_1649688325270115073,335,EnthalpyOfMixing,<Substance BrCCCBr{solv}{x=0.466700}|CCCCOC(=O)CCC{solv}{x=0.533300}>,BrCCCBr,CCCCOC(=O)CCC,openff-2.3.0rc1,1,-0.4127052712804371,0.0457698599179352,-0.091,0.001
31521,336,dhmix_158101159957898775,336,EnthalpyOfMixing,<Substance CCCCCl{solv}{x=0.490000}|CN1CCCC1=O{solv}{x=0.510000}>,CCCCCl,CN1CCCC1=O,openff-2.3.0rc1,1,0.8490816094414484,0.0371098442100586,0.152,0.002
31522,337,dhmix_586880142396707079,337,EnthalpyOfMixing,<Substance CCCCCl{solv}{x=0.294000}|CN1CCCC1=O{solv}{x=0.706000}>,CCCCCl,CN1CCCC1=O,openff-2.3.0rc1,1,0.7309385007079321,0.045921960772046,0.145,0.002
31523,338,dens_897975104490051322,338,Density,<Substance CCCCCl{solv}{x=0.296100}|CN1CCCC1=O{solv}{x=0.703900}>,CCCCCl,CN1CCCC1=O,openff-2.3.0rc1,1,0.9662692130565556,0.0002196779866122,0.9862000000000004,0.0001
31524,339,dens_1393365907116297965,339,Density,<Substance CCCCCl{solv}{x=0.702600}|CN1CCCC1=O{solv}{x=0.297400}>,CCCCCl,CN1CCCC1=O,openff-2.3.0rc1,1,0.906513170096099,0.0002645664669018,0.9268000000000002,0.0001
31525,340,dhmix_1769887717174104485,340,EnthalpyOfMixing,<Substance CCCCCl{solv}{x=0.787000}|CN1CCCC1=O{solv}{x=0.213000}>,CCCCCl,CN1CCCC1=O,openff-2.3.0rc1,1,0.6268225010304533,0.0422227289405711,0.081,0.002
31526,341,dens_2070183543451797213,341,Density,<Substance CCCCCl{solv}{x=0.494800}|CN1CCCC1=O{solv}{x=0.505200}>,CCCCCl,CN1CCCC1=O,openff-2.3.0rc1,1,0.9383482773723962,0.0002658807488875,0.9575000000000002,0.0001
31527,342,dens_164369774990422412,342,Density,<Substance CC(C)O{solv}{x=0.764900}|CCOC=O{solv}{x=0.235100}>,CC(C)O,CCOC=O,openff-2.3.0rc1,1,0.8307887884292254,0.0002677055046499,0.8088000000000002,0.00035
31528,343,dens_200561035496770448,343,Density,<Substance CC(C)O{solv}{x=0.265100}|CCOC=O{solv}{x=0.734900}>,CC(C)O,CCOC=O,openff-2.3.0rc1,1,0.8966870477556708,0.000312192487715,0.8710000000000002,0.0003
31529,344,dens_1124622586228643363,344,Density,<Substance CC(C)O{solv}{x=0.441300}|CCOC=O{solv}{x=0.558700}>,CC(C)O,CCOC=O,openff-2.3.0rc1,1,0.8732020594306955,0.0003102332946623,0.8482000000000003,0.00035
31530,345,dens_166030075147825025,345,Density,<Substance Clc1ccccc1{solv}{x=0.467900}|c1ccccc1{solv}{x=0.532100}>,Clc1ccccc1,c1ccccc1,openff-2.3.0rc1,1,0.9959456347089696,0.0002638370459984,0.9877000000000002,0.00025
31531,346,dens_796537469137871297,346,Density,<Substance Clc1ccccc1{solv}{x=0.735800}|c1ccccc1{solv}{x=0.264200}>,Clc1ccccc1,c1ccccc1,openff-2.3.0rc1,1,1.0573581653159572,0.0002609753150991,1.0465000000000002,0.0002
31532,347,dhmix_1485547099225054006,347,EnthalpyOfMixing,<Substance Clc1ccccc1{solv}{x=0.777700}|c1ccccc1{solv}{x=0.222300}>,Clc1ccccc1,c1ccccc1,openff-2.3.0rc1,1,0.0121324220969185,0.0411281620670511,-0.0036,0.0004
31533,348,dhmix_1808283008183194060,348,EnthalpyOfMixing,<Substance Clc1ccccc1{solv}{x=0.225800}|c1ccccc1{solv}{x=0.774200}>,Clc1ccccc1,c1ccccc1,openff-2.3.0rc1,1,-0.0333428553741725,0.0402722721044186,-0.0046,0.0004
31534,349,dhmix_2008892820486470381,349,EnthalpyOfMixing,<Substance Clc1ccccc1{solv}{x=0.466600}|c1ccccc1{solv}{x=0.533400}>,Clc1ccccc1,c1ccccc1,openff-2.3.0rc1,1,-0.0238907594798689,0.0364636764507572,-0.0057,0.0004
31535,350,dens_2142546524113318099,350,Density,<Substance Clc1ccccc1{solv}{x=0.293100}|c1ccccc1{solv}{x=0.706900}>,Clc1ccccc1,c1ccccc1,openff-2.3.0rc1,1,0.9540850480127452,0.0002789227804636,0.9468000000000002,0.00025
31536,351,dhmix_166527628917371560,351,EnthalpyOfMixing,<Substance CCCCCC(C)=O{solv}{x=0.500700}|CCCNCCC{solv}{x=0.499300}>,CCCCCC(C)=O,CCCNCCC,openff-2.3.0rc1,1,-0.0730006232361262,0.0483138488249304,0.162,0.002
31537,352,dhmix_181797488552739205,352,EnthalpyOfMixing,<Substance CCCCCC(C)=O{solv}{x=0.213200}|CCCNCCC{solv}{x=0.786800}>,CCCCCC(C)=O,CCCNCCC,openff-2.3.0rc1,1,-0.040191325762322,0.0501201296420698,0.137,0.0015
31538,353,dens_286521458049436805,353,Density,<Substance CCCCCC(C)=O{solv}{x=0.542700}|CCCNCCC{solv}{x=0.457300}>,CCCCCC(C)=O,CCCNCCC,openff-2.3.0rc1,1,0.7723693089053948,0.0002210072504885,0.7766620000000002,0.0001215
31539,354,dens_740930494074770103,354,Density,<Substance CCCCCC(C)=O{solv}{x=0.252600}|CCCNCCC{solv}{x=0.747400}>,CCCCCC(C)=O,CCCNCCC,openff-2.3.0rc1,1,0.7534832706849784,0.000203914579283,0.7540050000000001,0.0001215
31540,355,dhmix_1180133264815330249,355,EnthalpyOfMixing,<Substance CCCCCC(C)=O{solv}{x=0.788000}|CCCNCCC{solv}{x=0.212000}>,CCCCCC(C)=O,CCCNCCC,openff-2.3.0rc1,1,-0.0458558822496826,0.0499773295323334,0.088,0.001
31541,356,dens_1237727796782189302,356,Density,<Substance CCCCCC(C)=O{solv}{x=0.741800}|CCCNCCC{solv}{x=0.258200}>,CCCCCC(C)=O,CCCNCCC,openff-2.3.0rc1,1,0.7842960493208241,0.000134072414147,0.7918920000000003,0.00012
31542,357,dens_168376639142843665,357,Density,<Substance BrCCBr{solv}{x=0.084500}|CCOC(=O)CC{solv}{x=0.915500}>,BrCCBr,CCOC(=O)CC,openff-2.3.0rc1,1,0.9661250618481422,0.0002346069698784,0.9671200000000002,0.001185
31543,358,dhmix_897092526028522426,358,EnthalpyOfMixing,<Substance BrCCBr{solv}{x=0.753700}|CCOC(=O)CC{solv}{x=0.246300}>,BrCCBr,CCOC(=O)CC,openff-2.3.0rc1,1,-0.0645176887171778,0.031707642152433,0.0052,0.0008
31544,359,dhmix_1078383344298013541,359,EnthalpyOfMixing,<Substance BrCCBr{solv}{x=0.084100}|CCOC(=O)CC{solv}{x=0.915900}>,BrCCBr,CCOC(=O)CC,openff-2.3.0rc1,1,-0.0971174602310886,0.0461727556155904,-0.0683,0.0014
31545,360,dhmix_1103515663691342839,360,EnthalpyOfMixing,<Substance BrCCBr{solv}{x=0.514000}|CCOC(=O)CC{solv}{x=0.486000}>,BrCCBr,CCOC(=O)CC,openff-2.3.0rc1,1,-0.2081995621870866,0.0345681714212483,-0.1259,0.00205
31546,361,dens_1193015082780501702,361,Density,<Substance BrCCBr{solv}{x=0.484400}|CCOC(=O)CC{solv}{x=0.515600}>,BrCCBr,CCOC(=O)CC,openff-2.3.0rc1,1,1.4018422146595422,0.0004504289514266,1.4136000000000002,0.001165
31547,362,dens_1660732943693703463,362,Density,<Substance BrCCBr{solv}{x=0.714800}|CCOC(=O)CC{solv}{x=0.285200}>,BrCCBr,CCOC(=O)CC,openff-2.3.0rc1,1,1.6982498447928098,0.0005351991725891,1.7205300000000003,0.000985
31548,363,dens_172622055198885625,363,Density,<Substance CCCCOCCO{solv}{x=0.499500}|c1ccccc1{solv}{x=0.500500}>,CCCCOCCO,c1ccccc1,openff-2.3.0rc1,1,0.8871330377742518,0.000196367242254,0.8864700000000002,0.000795
31549,364,dens_615182082919776992,364,Density,<Substance CCCCOCCO{solv}{x=0.753500}|c1ccccc1{solv}{x=0.246500}>,CCCCOCCO,c1ccccc1,openff-2.3.0rc1,1,0.8917595930195795,0.0001718772957593,0.8924600000000003,0.00077
31550,365,dens_1014762781474427089,365,Density,<Substance CCCCOCCO{solv}{x=0.248800}|c1ccccc1{solv}{x=0.751200}>,CCCCOCCO,c1ccccc1,openff-2.3.0rc1,1,0.8816681521594756,0.0002257392139558,0.8790000000000002,0.00083
31551,366,dhmix_1209838039340638454,366,EnthalpyOfMixing,<Substance CCCCOCCO{solv}{x=0.729700}|c1ccccc1{solv}{x=0.270300}>,CCCCOCCO,c1ccccc1,openff-2.3.0rc1,1,0.3533343466235124,0.0419116965795534,0.3037,0.00335
31552,367,dhmix_1416395432810708431,367,EnthalpyOfMixing,<Substance CCCCOCCO{solv}{x=0.266500}|c1ccccc1{solv}{x=0.733500}>,CCCCOCCO,c1ccccc1,openff-2.3.0rc1,1,0.605078602112954,0.03809151370329,0.6895,0.00745
31553,368,dhmix_1775479338186698605,368,EnthalpyOfMixing,<Substance CCCCOCCO{solv}{x=0.503000}|c1ccccc1{solv}{x=0.497000}>,CCCCOCCO,c1ccccc1,openff-2.3.0rc1,1,0.5958326919856489,0.0439602726580567,0.5563,0.00605
31554,369,dens_173950346939686352,369,Density,<Substance CCOC(=O)CC(=O)OCC{solv}{x=0.797800}|CO{solv}{x=0.202200}>,CCOC(=O)CC(=O)OCC,CO,openff-2.3.0rc1,1,1.041685483703556,0.000159070653916,1.0336070000000002,0.0001155
31555,370,dhmix_796570713446660029,370,EnthalpyOfMixing,<Substance CCOC(=O)CC(=O)OCC{solv}{x=0.745300}|CO{solv}{x=0.254700}>,CCOC(=O)CC(=O)OCC,CO,openff-2.3.0rc1,1,0.8224203635991785,0.0541909258747302,1.184,0.013
31556,371,dhmix_1053189657313504079,371,EnthalpyOfMixing,<Substance CCOC(=O)CC(=O)OCC{solv}{x=0.499300}|CO{solv}{x=0.500700}>,CCOC(=O)CC(=O)OCC,CO,openff-2.3.0rc1,1,1.34222969708442,0.030915917356803,1.426,0.0155
31557,372,dens_1109796780897697143,372,Density,<Substance CCOC(=O)CC(=O)OCC{solv}{x=0.500400}|CO{solv}{x=0.499600}>,CCOC(=O)CC(=O)OCC,CO,openff-2.3.0rc1,1,1.0021136872829328,0.0002152962284297,0.9962350000000002,9.150000000000002e-05
31558,373,dens_1145191816882985532,373,Density,<Substance CCOC(=O)CC(=O)OCC{solv}{x=0.250100}|CO{solv}{x=0.749900}>,CCOC(=O)CC(=O)OCC,CO,openff-2.3.0rc1,1,0.937601578089015,0.0002929949248307,0.9355040000000002,0.0001385
31559,374,dhmix_1394433819711651760,374,EnthalpyOfMixing,<Substance CCOC(=O)CC(=O)OCC{solv}{x=0.251500}|CO{solv}{x=0.748500}>,CCOC(=O)CC(=O)OCC,CO,openff-2.3.0rc1,1,1.1680306575273534,0.0352280297784128,1.083,0.0115
31560,375,dhmix_176700813960387714,375,EnthalpyOfMixing,<Substance CC(=O)N(C)C{solv}{x=0.211000}|ClCCCCCl{solv}{x=0.789000}>,CC(=O)N(C)C,ClCCCCCl,openff-2.3.0rc1,1,0.0899293050869189,0.0401579835913879,-0.188,0.0025
31561,376,dhmix_422276068008732896,376,EnthalpyOfMixing,<Substance CC(=O)N(C)C{solv}{x=0.506000}|ClCCCCCl{solv}{x=0.494000}>,CC(=O)N(C)C,ClCCCCCl,openff-2.3.0rc1,1,0.0956081896910134,0.0387116018261922,-0.314,0.0025
31562,377,dhmix_591740475541975327,377,EnthalpyOfMixing,<Substance CC(=O)N(C)C{solv}{x=0.705000}|ClCCCCCl{solv}{x=0.295000}>,CC(=O)N(C)C,ClCCCCCl,openff-2.3.0rc1,1,0.0380984059846269,0.042099781706786,-0.281,0.0025
31563,378,dens_600718364672681210,378,Density,<Substance CC(=O)N(C)C{solv}{x=0.200100}|ClCCCCCl{solv}{x=0.799900}>,CC(=O)N(C)C,ClCCCCCl,openff-2.3.0rc1,1,1.0771719339923884,0.0003060583747002,1.0978,0.0023
31564,379,dens_833309518494254389,379,Density,<Substance CC(=O)N(C)C{solv}{x=0.698700}|ClCCCCCl{solv}{x=0.301300}>,CC(=O)N(C)C,ClCCCCCl,openff-2.3.0rc1,1,0.9736403343037868,0.0002445812802357,1.0011000000000003,0.0023
31565,380,dens_1473570029953486090,380,Density,<Substance CC(=O)N(C)C{solv}{x=0.500900}|ClCCCCCl{solv}{x=0.499100}>,CC(=O)N(C)C,ClCCCCCl,openff-2.3.0rc1,1,1.0167673017420389,0.0002826585665277,1.0407000000000004,0.00225
31566,381,dens_176740025668330569,381,Density,<Substance C1CCCCC1{solv}{x=0.499400}|C1COCCO1{solv}{x=0.500600}>,C1CCCCC1,C1COCCO1,openff-2.3.0rc1,1,0.8724646286291066,0.0002604969610818,0.8769800000000002,8.500000000000002e-05
31567,382,dens_476825312331327209,382,Density,<Substance C1CCCCC1{solv}{x=0.297200}|C1COCCO1{solv}{x=0.702800}>,C1CCCCC1,C1COCCO1,openff-2.3.0rc1,1,0.9331195631965252,0.0002372260659125,0.9312200000000004,7.000000000000002e-05
31568,383,dens_985438980823024302,383,Density,<Substance C1CCCCC1{solv}{x=0.699700}|C1COCCO1{solv}{x=0.300300}>,C1CCCCC1,C1COCCO1,openff-2.3.0rc1,1,0.8208158192047587,0.000241779125521,0.8305800000000002,0.0001
31569,384,dhmix_1624213860575299641,384,EnthalpyOfMixing,<Substance C1CCCCC1{solv}{x=0.492800}|C1COCCO1{solv}{x=0.507200}>,C1CCCCC1,C1COCCO1,openff-2.3.0rc1,1,1.9211470224973368,0.0394726533689916,1.588,0.008
31570,385,dhmix_1900199136965747019,385,EnthalpyOfMixing,<Substance C1CCCCC1{solv}{x=0.239400}|C1COCCO1{solv}{x=0.760600}>,C1CCCCC1,C1COCCO1,openff-2.3.0rc1,1,1.3776763856221947,0.0346236999387638,1.124,0.007
31571,386,dhmix_2022274493214392184,386,EnthalpyOfMixing,<Substance C1CCCCC1{solv}{x=0.744200}|C1COCCO1{solv}{x=0.255800}>,C1CCCCC1,C1COCCO1,openff-2.3.0rc1,1,1.5456461021086056,0.0450808998371591,1.262,0.007
31572,387,dhmix_182795551078530810,387,EnthalpyOfMixing,<Substance C1COCCO1{solv}{x=0.491200}|Cc1ccccc1Cl{solv}{x=0.508800}>,C1COCCO1,Cc1ccccc1Cl,openff-2.3.0rc1,1,0.2547500898551931,0.0392819888684616,0.356,0.002
31573,388,dens_242592003865933955,388,Density,<Substance C1COCCO1{solv}{x=0.835700}|Cc1ccccc1Cl{solv}{x=0.164300}>,C1COCCO1,Cc1ccccc1Cl,openff-2.3.0rc1,1,1.034756326207793,0.0001838653704865,1.0256,0.0005
31574,389,dens_810150133181620718,389,Density,<Substance C1COCCO1{solv}{x=0.513600}|Cc1ccccc1Cl{solv}{x=0.486400}>,C1COCCO1,Cc1ccccc1Cl,openff-2.3.0rc1,1,1.062076774473958,0.000208826320648,1.0536,0.0005
31575,390,dhmix_1949119093643648586,390,EnthalpyOfMixing,<Substance C1COCCO1{solv}{x=0.246200}|Cc1ccccc1Cl{solv}{x=0.753800}>,C1COCCO1,Cc1ccccc1Cl,openff-2.3.0rc1,1,0.1864934731322165,0.0346198552988949,0.206,0.001
31576,391,dens_2161584607380261748,391,Density,<Substance C1COCCO1{solv}{x=0.226300}|Cc1ccccc1Cl{solv}{x=0.773700}>,C1COCCO1,Cc1ccccc1Cl,openff-2.3.0rc1,1,1.0741052604312729,0.0002351708302236,1.0674000000000003,0.0005
31577,392,dhmix_2190589845176325501,392,EnthalpyOfMixing,<Substance C1COCCO1{solv}{x=0.835700}|Cc1ccccc1Cl{solv}{x=0.164300}>,C1COCCO1,Cc1ccccc1Cl,openff-2.3.0rc1,1,0.1611908223000711,0.0439591091530142,0.244,0.0015
31578,393,dens_194492664772262961,393,Density,<Substance CCCOC=O{solv}{x=0.479500}|ClCCCl{solv}{x=0.520500}>,CCCOC=O,ClCCCl,openff-2.3.0rc1,1,1.055595055640476,0.0003294476359321,1.0603100000000003,0.00196
31579,394,dhmix_438833720470542962,394,EnthalpyOfMixing,<Substance CCCOC=O{solv}{x=0.738500}|ClCCCl{solv}{x=0.261500}>,CCCOC=O,ClCCCl,openff-2.3.0rc1,1,0.0037676419272649,0.0412166829058977,-0.205,0.0025
31580,395,dens_598528978367940263,395,Density,<Substance CCCOC=O{solv}{x=0.254300}|ClCCCl{solv}{x=0.745700}>,CCCOC=O,ClCCCl,openff-2.3.0rc1,1,1.1269496300050184,0.0004329241158615,1.1418800000000005,0.002835
31581,396,dens_822197650497048256,396,Density,<Substance CCCOC=O{solv}{x=0.728100}|ClCCCl{solv}{x=0.271900}>,CCCOC=O,ClCCCl,openff-2.3.0rc1,1,0.9831357705809826,0.0002988195361392,0.9794600000000002,0.001275
31582,397,dhmix_1971772628311560569,397,EnthalpyOfMixing,<Substance CCCOC=O{solv}{x=0.503500}|ClCCCl{solv}{x=0.496500}>,CCCOC=O,ClCCCl,openff-2.3.0rc1,1,0.0411161020257004,0.0357020204708881,-0.254,0.003
31583,398,dhmix_2087301877194561078,398,EnthalpyOfMixing,<Substance CCCOC=O{solv}{x=0.273300}|ClCCCl{solv}{x=0.726700}>,CCCOC=O,ClCCCl,openff-2.3.0rc1,1,0.1234149124488546,0.0353435245853996,-0.154,0.002
31584,399,dens_196547737404430199,399,Density,<Substance CCC(C)(C)O{solv}{x=0.258400}|CCO{solv}{x=0.741600}>,CCC(C)(C)O,CCO,openff-2.3.0rc1,1,0.8064919243283205,0.0002169210743272,0.7933000000000001,0.0005
31585,400,dens_476512869308734578,400,Density,<Substance CCC(C)(C)O{solv}{x=0.549500}|CCO{solv}{x=0.450500}>,CCC(C)(C)O,CCO,openff-2.3.0rc1,1,0.8180711803846403,0.0003327042159442,0.8018000000000002,0.0005
31586,401,dens_822446541953482206,401,Density,<Substance CCC(C)(C)O{solv}{x=0.676500}|CCO{solv}{x=0.323500}>,CCC(C)(C)O,CCO,openff-2.3.0rc1,1,0.8216568339337705,0.0002869016413303,0.8048000000000002,0.0005
31587,402,dhmix_935690434592096067,402,EnthalpyOfMixing,<Substance CCC(C)(C)O{solv}{x=0.460700}|CCO{solv}{x=0.539300}>,CCC(C)(C)O,CCO,openff-2.3.0rc1,1,-0.6454248429105744,0.0435964542181826,-0.95,0.00405
31588,403,dhmix_1167190373485301023,403,EnthalpyOfMixing,<Substance CCC(C)(C)O{solv}{x=0.730600}|CCO{solv}{x=0.269400}>,CCC(C)(C)O,CCO,openff-2.3.0rc1,1,-0.9701678928637554,0.0501421147112021,-0.7709,0.00335
31589,404,dhmix_1275914601266938667,404,EnthalpyOfMixing,<Substance CCC(C)(C)O{solv}{x=0.280700}|CCO{solv}{x=0.719300}>,CCC(C)(C)O,CCO,openff-2.3.0rc1,1,-0.6040954374268388,0.0363644964680103,-0.7056,0.0031
31590,405,dens_196896428021674416,405,Density,<Substance OCCCCO{solv}{x=0.250400}|O{solv}{x=0.749600}>,O,OCCCCO,openff-2.3.0rc1,1,1.0094474549014414,0.0002686872995324,1.0206500000000005,0.000165
31591,406,dhmix_204758826312645465,406,EnthalpyOfMixing,<Substance OCCCCO{solv}{x=0.498600}|O{solv}{x=0.501400}>,O,OCCCCO,openff-2.3.0rc1,1,0.5911849964224114,0.03790670568984,-0.882,0.011
31592,407,dens_523660418548538159,407,Density,<Substance OCCCCO{solv}{x=0.502000}|O{solv}{x=0.498000}>,O,OCCCCO,openff-2.3.0rc1,1,1.0196491141011734,0.0004202231964067,1.0207100000000002,0.000175
31593,408,dhmix_1424462945700338266,408,EnthalpyOfMixing,<Substance OCCCCO{solv}{x=0.794700}|O{solv}{x=0.205300}>,O,OCCCCO,openff-2.3.0rc1,1,-0.2315082222980944,0.0462982284843473,-0.513,0.007
31594,409,dhmix_2166372532060643622,409,EnthalpyOfMixing,<Substance OCCCCO{solv}{x=0.265800}|O{solv}{x=0.734200}>,O,OCCCCO,openff-2.3.0rc1,1,0.833064417498651,0.0330616685667048,-0.896,0.0115
31595,410,dens_2215793475715067258,410,Density,<Substance OCCCCO{solv}{x=0.752800}|O{solv}{x=0.247200}>,O,OCCCCO,openff-2.3.0rc1,1,1.0246098594029944,0.0003487832788644,1.0165900000000003,0.00018
31596,411,dhmix_199788824133179829,411,EnthalpyOfMixing,<Substance CNc1ccccc1{solv}{x=0.497300}|Cc1ccccc1{solv}{x=0.502700}>,CNc1ccccc1,Cc1ccccc1,openff-2.3.0rc1,1,0.790904334306596,0.0438876684354048,0.497,0.0055
31597,412,dens_515118724178190757,412,Density,<Substance CNc1ccccc1{solv}{x=0.740700}|Cc1ccccc1{solv}{x=0.259300}>,CNc1ccccc1,Cc1ccccc1,openff-2.3.0rc1,1,0.9615216412041532,0.0002122916351762,0.9531280000000004,0.0002595
31598,413,dens_730775902780400634,413,Density,<Substance CNc1ccccc1{solv}{x=0.245200}|Cc1ccccc1{solv}{x=0.754800}>,CNc1ccccc1,Cc1ccccc1,openff-2.3.0rc1,1,0.8946863719896634,0.0002230441615738,0.8935250000000002,0.000118
31599,414,dhmix_1213795502778853356,414,EnthalpyOfMixing,<Substance CNc1ccccc1{solv}{x=0.295200}|Cc1ccccc1{solv}{x=0.704800}>,CNc1ccccc1,Cc1ccccc1,openff-2.3.0rc1,1,0.7554408681990239,0.0431991399689635,0.459,0.005
31600,415,dhmix_1321810550349826496,415,EnthalpyOfMixing,<Substance CNc1ccccc1{solv}{x=0.789200}|Cc1ccccc1{solv}{x=0.210800}>,CNc1ccccc1,Cc1ccccc1,openff-2.3.0rc1,1,0.4256671970556382,0.0432689963167685,0.287,0.003
31601,416,dens_2156484405108449314,416,Density,<Substance CNc1ccccc1{solv}{x=0.490000}|Cc1ccccc1{solv}{x=0.510000}>,CNc1ccccc1,Cc1ccccc1,openff-2.3.0rc1,1,0.9270061790501344,0.0002056721834036,0.9235800000000004,0.000164
31602,417,dens_199829369486957606,417,Density,<Substance CC#N{solv}{x=0.200300}|c1ccccc1{solv}{x=0.799700}>,CC#N,c1ccccc1,openff-2.3.0rc1,1,0.863648672507012,0.0002602892590287,0.8623400000000002,7.000000000000002e-05
31603,418,dhmix_217315956534335620,418,EnthalpyOfMixing,<Substance CC#N{solv}{x=0.771500}|c1ccccc1{solv}{x=0.228500}>,CC#N,c1ccccc1,openff-2.3.0rc1,1,0.0374798713613788,0.0299618743312263,0.3988,0.00815
31604,419,dhmix_730497723685339496,419,EnthalpyOfMixing,<Substance CC#N{solv}{x=0.219600}|c1ccccc1{solv}{x=0.780400}>,CC#N,c1ccccc1,openff-2.3.0rc1,1,-0.0552391146426316,0.0378083298213271,0.2399,0.00495
31605,420,dhmix_1038591828122641798,420,EnthalpyOfMixing,<Substance CC#N{solv}{x=0.529500}|c1ccccc1{solv}{x=0.470500}>,CC#N,c1ccccc1,openff-2.3.0rc1,1,-0.0006615015899615,0.031393586665967,0.4415,0.00905
31606,421,dens_1457706963514561052,421,Density,<Substance CC#N{solv}{x=0.500100}|c1ccccc1{solv}{x=0.499900}>,CC#N,c1ccccc1,openff-2.3.0rc1,1,0.8353669763603723,0.0002106341607637,0.8384600000000002,7.500000000000002e-05
31607,422,dens_2111393000623474162,422,Density,<Substance CC#N{solv}{x=0.700200}|c1ccccc1{solv}{x=0.299800}>,CC#N,c1ccccc1,openff-2.3.0rc1,1,0.8121550396240972,0.0002642307238577,0.8174500000000002,7.500000000000002e-05
31608,423,dens_201591193434833206,423,Density,<Substance CC(C)CC(C)(C)C{solv}{x=0.082400}|CCO{solv}{x=0.917600}>,CC(C)CC(C)(C)C,CCO,openff-2.3.0rc1,1,0.7660562544248455,0.000252584152964,0.7605800000000003,0.000125
31609,424,dhmix_371477530823830451,424,EnthalpyOfMixing,<Substance CC(C)CC(C)(C)C{solv}{x=0.761700}|CCO{solv}{x=0.238300}>,CC(C)CC(C)(C)C,CCO,openff-2.3.0rc1,1,0.7818246801385698,0.0529815714300076,0.634022,0.006851
31610,425,dhmix_1127868571780691876,425,EnthalpyOfMixing,<Substance CC(C)CC(C)(C)C{solv}{x=0.515800}|CCO{solv}{x=0.484200}>,CC(C)CC(C)(C)C,CCO,openff-2.3.0rc1,1,0.7941138178321836,0.0390275107336423,0.638973,0.006903
31611,426,dens_1250915879314267304,426,Density,<Substance CC(C)CC(C)(C)C{solv}{x=0.493740}|CCO{solv}{x=0.506260}>,CC(C)CC(C)(C)C,CCO,openff-2.3.0rc1,1,0.723641789693258,0.0002366643084594,0.7110500000000001,7.500000000000002e-05
31612,427,dens_1473791133383705310,427,Density,<Substance CC(C)CC(C)(C)C{solv}{x=0.735960}|CCO{solv}{x=0.264040}>,CC(C)CC(C)(C)C,CCO,openff-2.3.0rc1,1,0.7108967909113821,0.0002314009038423,0.6967900000000001,7.500000000000002e-05
31613,428,dhmix_1870637719976274804,428,EnthalpyOfMixing,<Substance CC(C)CC(C)(C)C{solv}{x=0.081500}|CCO{solv}{x=0.918500}>,CC(C)CC(C)(C)C,CCO,openff-2.3.0rc1,1,0.2480909963400623,0.0381249210616928,0.197762,0.0022405
31614,429,dens_202472488934755108,429,Density,<Substance CCC#N{solv}{x=0.301800}|CCOC(C)(C)C{solv}{x=0.698200}>,CCC#N,CCOC(C)(C)C,openff-2.3.0rc1,1,0.7568657515655599,0.0002394740504858,0.7455000000000002,0.0002
31615,430,dens_266175665931869051,430,Density,<Substance CCC#N{solv}{x=0.701400}|CCOC(C)(C)C{solv}{x=0.298600}>,CCC#N,CCOC(C)(C)C,openff-2.3.0rc1,1,0.7633498030223671,0.0002468188454064,0.7617000000000003,0.00035
31616,431,dhmix_801664072836508009,431,EnthalpyOfMixing,<Substance CCC#N{solv}{x=0.301800}|CCOC(C)(C)C{solv}{x=0.698200}>,CCC#N,CCOC(C)(C)C,openff-2.3.0rc1,1,0.10650555135323,0.0379676168006795,0.4557,0.0062
31617,432,dhmix_1220778152018571786,432,EnthalpyOfMixing,<Substance CCC#N{solv}{x=0.501400}|CCOC(C)(C)C{solv}{x=0.498600}>,CCC#N,CCOC(C)(C)C,openff-2.3.0rc1,1,0.1075253230718473,0.0400397319502349,0.5053,0.00685
31618,433,dhmix_1838699488178562925,433,EnthalpyOfMixing,<Substance CCC#N{solv}{x=0.701400}|CCOC(C)(C)C{solv}{x=0.298600}>,CCC#N,CCOC(C)(C)C,openff-2.3.0rc1,1,0.1415846308050223,0.0386764216224189,0.4078,0.0056
31619,434,dens_1870081876609026392,434,Density,<Substance CCC#N{solv}{x=0.501400}|CCOC(C)(C)C{solv}{x=0.498600}>,CCC#N,CCOC(C)(C)C,openff-2.3.0rc1,1,0.7598915163171086,0.0002495303268382,0.7532000000000002,0.0003
31620,435,dens_205210513551931414,435,Density,<Substance CCCC#N{solv}{x=0.200000}|c1ccccc1{solv}{x=0.800000}>,CCCC#N,c1ccccc1,openff-2.3.0rc1,1,0.8572605401937333,0.0002467495784149,0.8576940000000002,5.400000000000001e-05
31621,436,dens_841576887891022329,436,Density,<Substance CCCC#N{solv}{x=0.500000}|c1ccccc1{solv}{x=0.500000}>,CCCC#N,c1ccccc1,openff-2.3.0rc1,1,0.8263370111420018,0.0002302632100315,0.8318550000000002,5.8000000000000014e-05
31622,437,dhmix_901910638840590393,437,EnthalpyOfMixing,<Substance CCCC#N{solv}{x=0.503700}|c1ccccc1{solv}{x=0.496300}>,CCCC#N,c1ccccc1,openff-2.3.0rc1,1,-0.0054724003734563,0.0364636865033096,-0.0659,0.00145
31623,438,dhmix_1123099162248680479,438,EnthalpyOfMixing,<Substance CCCC#N{solv}{x=0.752800}|c1ccccc1{solv}{x=0.247200}>,CCCC#N,c1ccccc1,openff-2.3.0rc1,1,-0.0883518546414521,0.0351730820703176,-0.0312,0.0008
31624,439,dhmix_1318990508180847616,439,EnthalpyOfMixing,<Substance CCCC#N{solv}{x=0.252800}|c1ccccc1{solv}{x=0.747200}>,CCCC#N,c1ccccc1,openff-2.3.0rc1,1,-0.0711153662092485,0.0370623513448788,-0.0571,0.00125
31625,440,dens_1950627772023797339,440,Density,<Substance CCCC#N{solv}{x=0.700000}|c1ccccc1{solv}{x=0.300000}>,CCCC#N,c1ccccc1,openff-2.3.0rc1,1,0.8068702860644562,0.000217653313036,0.8138540000000002,6.100000000000001e-05
31626,441,dhmix_207411229673186667,441,EnthalpyOfMixing,<Substance CC(C)(C)Cl{solv}{x=0.774700}|CC(C)OC(C)C{solv}{x=0.225300}>,CC(C)(C)Cl,CC(C)OC(C)C,openff-2.3.0rc1,1,-0.0163072120475007,0.0409797175752218,0.0035,0.0004
31627,442,dhmix_263164663491745943,442,EnthalpyOfMixing,<Substance CC(C)(C)Cl{solv}{x=0.551200}|CC(C)OC(C)C{solv}{x=0.448800}>,CC(C)(C)Cl,CC(C)OC(C)C,openff-2.3.0rc1,1,-0.0362211155714469,0.0344653106209233,0.0071,0.0004
31628,443,dens_1527979990628499053,443,Density,<Substance CC(C)(C)Cl{solv}{x=0.514800}|CC(C)OC(C)C{solv}{x=0.485200}>,CC(C)(C)Cl,CC(C)OC(C)C,openff-2.3.0rc1,1,0.7923934804138028,0.0002661960031787,0.7723510000000002,0.00042
31629,444,dens_1616242241384486673,444,Density,<Substance CC(C)(C)Cl{solv}{x=0.715200}|CC(C)OC(C)C{solv}{x=0.284800}>,CC(C)(C)Cl,CC(C)OC(C)C,openff-2.3.0rc1,1,0.817304672824549,0.0002160142114021,0.7971450000000002,0.0003945
31630,445,dens_2075469437997722238,445,Density,<Substance CC(C)(C)Cl{solv}{x=0.199100}|CC(C)OC(C)C{solv}{x=0.800900}>,CC(C)(C)Cl,CC(C)OC(C)C,openff-2.3.0rc1,1,0.7576534046240411,0.0002384485303144,0.7376660000000003,0.0004545
31631,446,dhmix_2101531043492089277,446,EnthalpyOfMixing,<Substance CC(C)(C)Cl{solv}{x=0.219200}|CC(C)OC(C)C{solv}{x=0.780800}>,CC(C)(C)Cl,CC(C)OC(C)C,openff-2.3.0rc1,1,-0.0513640460038899,0.0414957707935021,0.007,0.0004
31632,447,dens_210389881425986721,447,Density,<Substance C1COCO1{solv}{x=0.785000}|CCCCCC(C)=O{solv}{x=0.215000}>,C1COCO1,CCCCCC(C)=O,openff-2.3.0rc1,1,0.9887205474547284,0.0002939282982807,0.9696500000000002,0.0003
31633,448,dhmix_503329310014436107,448,EnthalpyOfMixing,<Substance C1COCO1{solv}{x=0.750000}|CCCCCC(C)=O{solv}{x=0.250000}>,C1COCO1,CCCCCC(C)=O,openff-2.3.0rc1,1,0.4844966905938221,0.0368632032395385,0.37402,0.001955
31634,449,dens_824084186033535550,449,Density,<Substance C1COCO1{solv}{x=0.507100}|CCCCCC(C)=O{solv}{x=0.492900}>,C1COCO1,CCCCCC(C)=O,openff-2.3.0rc1,1,0.8976618141404449,0.0001991404058843,0.8936300000000003,0.00034
31635,450,dens_839548343309182157,450,Density,<Substance C1COCO1{solv}{x=0.244000}|CCCCCC(C)=O{solv}{x=0.756000}>,C1COCO1,CCCCCC(C)=O,openff-2.3.0rc1,1,0.8387618097290679,0.0002059573727801,0.8445200000000002,0.00038
31636,451,dhmix_1519451899562488304,451,EnthalpyOfMixing,<Substance C1COCO1{solv}{x=0.250000}|CCCCCC(C)=O{solv}{x=0.750000}>,C1COCO1,CCCCCC(C)=O,openff-2.3.0rc1,1,0.2927999543025592,0.0474189796689071,0.2754,0.00155
31637,452,dhmix_1874814461447958752,452,EnthalpyOfMixing,<Substance C1COCO1{solv}{x=0.500000}|CCCCCC(C)=O{solv}{x=0.500000}>,C1COCO1,CCCCCC(C)=O,openff-2.3.0rc1,1,0.5521081959740002,0.0405410285171179,0.43148,0.00217
31638,453,dhmix_219236717194413479,453,EnthalpyOfMixing,<Substance CCOc1ccccc1{solv}{x=0.762500}|OCCCc1ccccc1{solv}{x=0.237500}>,CCOc1ccccc1,OCCCc1ccccc1,openff-2.3.0rc1,1,0.825033495366327,0.0491563520365324,1.1164,0.01195
31639,454,dens_391027492102555874,454,Density,<Substance CCOc1ccccc1{solv}{x=0.515000}|OCCCc1ccccc1{solv}{x=0.485000}>,CCOc1ccccc1,OCCCc1ccccc1,openff-2.3.0rc1,1,0.9711684083432828,0.0002014769721193,0.9715100000000002,0.00026
31640,455,dens_603450583692592837,455,Density,<Substance CCOc1ccccc1{solv}{x=0.707400}|OCCCc1ccccc1{solv}{x=0.292600}>,CCOc1ccccc1,OCCCc1ccccc1,openff-2.3.0rc1,1,0.9634228757239556,0.0001671907761226,0.9634300000000002,0.00026
31641,456,dhmix_1297428070131435744,456,EnthalpyOfMixing,<Substance CCOc1ccccc1{solv}{x=0.516900}|OCCCc1ccccc1{solv}{x=0.483100}>,CCOc1ccccc1,OCCCc1ccccc1,openff-2.3.0rc1,1,0.9772470558500572,0.0479406662764632,0.989,0.0106
31642,457,dens_1659818614169719187,457,Density,<Substance CCOc1ccccc1{solv}{x=0.216400}|OCCCc1ccccc1{solv}{x=0.783600}>,CCOc1ccccc1,OCCCc1ccccc1,openff-2.3.0rc1,1,0.980349535444254,0.0002153183799039,0.9832000000000004,0.00026
31643,458,dhmix_2058966624473104004,458,EnthalpyOfMixing,<Substance CCOc1ccccc1{solv}{x=0.262900}|OCCCc1ccccc1{solv}{x=0.737100}>,CCOc1ccccc1,OCCCc1ccccc1,openff-2.3.0rc1,1,0.432149091040074,0.0477633562756876,0.7,0.00755
31644,459,dhmix_224977805525763267,459,EnthalpyOfMixing,<Substance OCCO{solv}{x=0.519300}|O{solv}{x=0.480700}>,O,OCCO,openff-2.3.0rc1,1,0.1121388136851893,0.0296607591408636,-0.64,0.0035
31645,460,dhmix_454389511592218960,460,EnthalpyOfMixing,<Substance OCCO{solv}{x=0.790900}|O{solv}{x=0.209100}>,O,OCCO,openff-2.3.0rc1,1,0.066165363858861,0.0404339229406145,-0.347,0.0025
31646,461,dens_624011570206871166,461,Density,<Substance OCCO{solv}{x=0.500560}|O{solv}{x=0.499440}>,O,OCCO,openff-2.3.0rc1,1,1.1013055632087672,0.0003358650020626,1.0923200000000002,0.0005
31647,462,dhmix_997365299263661959,462,EnthalpyOfMixing,<Substance OCCO{solv}{x=0.205100}|O{solv}{x=0.794900}>,O,OCCO,openff-2.3.0rc1,1,0.1677448187989831,0.0231151587966752,-0.681,0.004
31648,463,dens_1521229282261002740,463,Density,<Substance OCCO{solv}{x=0.299010}|O{solv}{x=0.700990}>,O,OCCO,openff-2.3.0rc1,1,1.0738519343009942,0.0004093801487924,1.0735400000000002,0.0005
31649,464,dens_2015496231826454735,464,Density,<Substance OCCO{solv}{x=0.706260}|O{solv}{x=0.293740}>,O,OCCO,openff-2.3.0rc1,1,1.119064310721174,0.0003431018279863,1.1022400000000003,0.0005
31650,465,dhmix_230261418136264651,465,EnthalpyOfMixing,<Substance CCCCOC(C)=O{solv}{x=0.700700}|CCOC(C)=O{solv}{x=0.299300}>,CCCCOC(C)=O,CCOC(C)=O,openff-2.3.0rc1,1,0.0892969220633901,0.0491912332303713,0.0594,0.001
31651,466,dhmix_287092636460772443,466,EnthalpyOfMixing,<Substance CCCCOC(C)=O{solv}{x=0.501800}|CCOC(C)=O{solv}{x=0.498200}>,CCCCOC(C)=O,CCOC(C)=O,openff-2.3.0rc1,1,0.0247622742263828,0.0421989938910481,0.076,0.0012
31652,467,dens_436289636626232396,467,Density,<Substance CCCCOC(C)=O{solv}{x=0.501800}|CCOC(C)=O{solv}{x=0.498200}>,CCCCOC(C)=O,CCOC(C)=O,openff-2.3.0rc1,1,0.8899433234072979,0.0002136146513174,0.8829000000000002,0.0002
31653,468,dens_1739528506032569134,468,Density,<Substance CCCCOC(C)=O{solv}{x=0.201200}|CCOC(C)=O{solv}{x=0.798800}>,CCCCOC(C)=O,CCOC(C)=O,openff-2.3.0rc1,1,0.897834701430755,0.0002264263221082,0.8889000000000001,0.0002
31654,469,dhmix_1951544232160779982,469,EnthalpyOfMixing,<Substance CCCCOC(C)=O{solv}{x=0.201200}|CCOC(C)=O{solv}{x=0.798800}>,CCCCOC(C)=O,CCOC(C)=O,openff-2.3.0rc1,1,0.0930177659955262,0.0444188691902222,0.0524,0.0009
31655,470,dens_2199004103648094822,470,Density,<Substance CCCCOC(C)=O{solv}{x=0.700700}|CCOC(C)=O{solv}{x=0.299300}>,CCCCOC(C)=O,CCOC(C)=O,openff-2.3.0rc1,1,0.8855913459977865,0.0002073400834586,0.8797000000000003,0.0002
31656,471,dens_230610561971140401,471,Density,<Substance CN(C)CCO{solv}{x=0.507700}|O{solv}{x=0.492300}>,CN(C)CCO,O,openff-2.3.0rc1,1,0.9327051014174343,0.0002456674825509,0.9237220000000002,0.000504
31657,472,dens_531222131704065782,472,Density,<Substance CN(C)CCO{solv}{x=0.765200}|O{solv}{x=0.234800}>,CN(C)CCO,O,openff-2.3.0rc1,1,0.9184585167955132,0.0002209449095495,0.8989030000000002,0.0005805
31658,473,dhmix_569544738684419327,473,EnthalpyOfMixing,<Substance CN(C)CCO{solv}{x=0.536500}|O{solv}{x=0.463500}>,CN(C)CCO,O,openff-2.3.0rc1,1,-1.992767131229627,0.0493869672684752,-2.575,0.0525
31659,474,dens_1319192913326669904,474,Density,<Substance CN(C)CCO{solv}{x=0.264330}|O{solv}{x=0.735670}>,CN(C)CCO,O,openff-2.3.0rc1,1,0.9487399633636284,0.0002925332743405,0.9590000000000002,0.0029
31660,475,dhmix_1669606825693628140,475,EnthalpyOfMixing,<Substance CN(C)CCO{solv}{x=0.205200}|O{solv}{x=0.794800}>,CN(C)CCO,O,openff-2.3.0rc1,1,-1.3238665208014524,0.0251593247212558,-2.587,0.0525
31661,476,dhmix_1723343163215510297,476,EnthalpyOfMixing,<Substance CN(C)CCO{solv}{x=0.799600}|O{solv}{x=0.200400}>,CN(C)CCO,O,openff-2.3.0rc1,1,-1.1635391317171724,0.0428877460743797,-1.247,0.0255
31662,477,dens_233554406241639981,477,Density,<Substance CC(C)CC(C)(C)C{solv}{x=0.200000}|CCCCOCCCC{solv}{x=0.800000}>,CC(C)CC(C)(C)C,CCCCOCCCC,openff-2.3.0rc1,1,0.7494899412979573,0.0001714271604679,0.7497500000000001,0.00017
31663,478,dhmix_465541682585001245,478,EnthalpyOfMixing,<Substance CC(C)CC(C)(C)C{solv}{x=0.200400}|CCCCOCCCC{solv}{x=0.799600}>,CC(C)CC(C)(C)C,CCCCOCCCC,openff-2.3.0rc1,1,0.071401718707861,0.0566555153451737,0.07397,0.00099
31664,479,dhmix_1505777056782392294,479,EnthalpyOfMixing,<Substance CC(C)CC(C)(C)C{solv}{x=0.400400}|CCCCOCCCC{solv}{x=0.599600}>,CC(C)CC(C)(C)C,CCCCOCCCC,openff-2.3.0rc1,1,0.2586575767127499,0.0493756480190279,0.11538,0.001385
31665,480,dhmix_1595104467389948583,480,EnthalpyOfMixing,<Substance CC(C)CC(C)(C)C{solv}{x=0.700500}|CCCCOCCCC{solv}{x=0.299500}>,CC(C)CC(C)(C)C,CCCCOCCCC,openff-2.3.0rc1,1,0.3183398196112819,0.0443535893856792,0.10948,0.00133
31666,481,dens_1672861274914038509,481,Density,<Substance CC(C)CC(C)(C)C{solv}{x=0.399700}|CCCCOCCCC{solv}{x=0.600300}>,CC(C)CC(C)(C)C,CCCCOCCCC,openff-2.3.0rc1,1,0.7381517429651279,0.0001780406334226,0.7348100000000001,0.000175
31667,482,dens_1954694146948787176,482,Density,<Substance CC(C)CC(C)(C)C{solv}{x=0.700000}|CCCCOCCCC{solv}{x=0.300000}>,CC(C)CC(C)(C)C,CCCCOCCCC,openff-2.3.0rc1,1,0.7211824309609641,0.0002005300905478,0.7117300000000002,0.000185
31668,483,dens_234746850701826990,483,Density,<Substance CC#N{solv}{x=0.700000}|CCCCCO{solv}{x=0.300000}>,CC#N,CCCCCO,openff-2.3.0rc1,1,0.7899665973809442,0.0002628015841649,0.7924200000000001,0.000165
31669,484,dens_1261543146081029601,484,Density,<Substance CC#N{solv}{x=0.500300}|CCCCCO{solv}{x=0.499700}>,CC#N,CCCCCO,openff-2.3.0rc1,1,0.7986754816064031,0.0002186151941562,0.7996400000000001,0.000185
31670,485,dens_1462197010819319813,485,Density,<Substance CC#N{solv}{x=0.203100}|CCCCCO{solv}{x=0.796900}>,CC#N,CCCCCO,openff-2.3.0rc1,1,0.809443295484081,0.0001617595881754,0.8090600000000001,0.00022
31671,486,dhmix_1595997756227951615,486,EnthalpyOfMixing,<Substance CC#N{solv}{x=0.235500}|CCCCCO{solv}{x=0.764500}>,CC#N,CCCCCO,openff-2.3.0rc1,1,1.5113675481796278,0.0425414566227527,1.451,0.006
31672,487,dhmix_1745037615762894827,487,EnthalpyOfMixing,<Substance CC#N{solv}{x=0.516700}|CCCCCO{solv}{x=0.483300}>,CC#N,CCCCCO,openff-2.3.0rc1,1,1.9494888683076168,0.0365535061775302,2.017,0.008
31673,488,dhmix_2294048253872291609,488,EnthalpyOfMixing,<Substance CC#N{solv}{x=0.771100}|CCCCCO{solv}{x=0.228900}>,CC#N,CCCCCO,openff-2.3.0rc1,1,1.656183712641388,0.0294522834706226,1.656,0.007
31674,489,dens_237912652331354824,489,Density,<Substance C1COCCO1{solv}{x=0.512200}|CCCC(C)=O{solv}{x=0.487800}>,C1COCCO1,CCCC(C)=O,openff-2.3.0rc1,1,0.8988925293290466,0.0002121766353606,0.90478,0.00023
31675,490,dhmix_951401191616771155,490,EnthalpyOfMixing,<Substance C1COCCO1{solv}{x=0.750000}|CCCC(C)=O{solv}{x=0.250000}>,C1COCCO1,CCCC(C)=O,openff-2.3.0rc1,1,0.2806516491675666,0.0444946799228638,0.23761,0.00135
31676,491,dens_1815088975543208186,491,Density,<Substance C1COCCO1{solv}{x=0.225400}|CCCC(C)=O{solv}{x=0.774600}>,C1COCCO1,CCCC(C)=O,openff-2.3.0rc1,1,0.8317782843981718,0.0002430774687002,0.8442800000000001,0.00022
31677,492,dens_2079717107234551519,492,Density,<Substance C1COCCO1{solv}{x=0.782300}|CCCC(C)=O{solv}{x=0.217700}>,C1COCCO1,CCCC(C)=O,openff-2.3.0rc1,1,0.969791178936544,0.0002416753818348,0.9692000000000004,0.000245
31678,493,dhmix_2166059870593139530,493,EnthalpyOfMixing,<Substance C1COCCO1{solv}{x=0.500000}|CCCC(C)=O{solv}{x=0.500000}>,C1COCCO1,CCCC(C)=O,openff-2.3.0rc1,1,0.2984009386059369,0.0378546870789371,0.26523,0.001455
31679,494,dhmix_2196150660196365471,494,EnthalpyOfMixing,<Substance C1COCCO1{solv}{x=0.250000}|CCCC(C)=O{solv}{x=0.750000}>,C1COCCO1,CCCC(C)=O,openff-2.3.0rc1,1,0.1959933412476715,0.0414832054034127,0.1704,0.001085
31680,495,dhmix_243334109655928306,495,EnthalpyOfMixing,<Substance C1CCOCC1{solv}{x=0.783200}|c1ccccc1{solv}{x=0.216800}>,C1CCOCC1,c1ccccc1,openff-2.3.0rc1,1,-0.0302972202581202,0.0446511631674731,-0.1399,0.00165
31681,496,dens_257753427541292519,496,Density,<Substance C1CCOCC1{solv}{x=0.479400}|c1ccccc1{solv}{x=0.520600}>,C1CCOCC1,c1ccccc1,openff-2.3.0rc1,1,0.8759396830499857,0.0002370400019384,0.8778700000000003,0.000505
31682,497,dhmix_604341867718608333,497,EnthalpyOfMixing,<Substance C1CCOCC1{solv}{x=0.242500}|c1ccccc1{solv}{x=0.757500}>,C1CCOCC1,c1ccccc1,openff-2.3.0rc1,1,-0.0738243687472817,0.0385449703248479,-0.1608,0.00185
31683,498,dens_791001710124267373,498,Density,<Substance C1CCOCC1{solv}{x=0.223900}|c1ccccc1{solv}{x=0.776100}>,C1CCOCC1,c1ccccc1,openff-2.3.0rc1,1,0.8774425080001385,0.0001849388742808,0.8761000000000002,0.0005
31684,499,dens_1402061243325720407,499,Density,<Substance C1CCOCC1{solv}{x=0.743200}|c1ccccc1{solv}{x=0.256800}>,C1CCOCC1,c1ccccc1,openff-2.3.0rc1,1,0.8735299285147389,0.0002316064296062,0.8789500000000002,0.000505
31685,500,dhmix_1407142629314355761,500,EnthalpyOfMixing,<Substance C1CCOCC1{solv}{x=0.498200}|c1ccccc1{solv}{x=0.501800}>,C1CCOCC1,c1ccccc1,openff-2.3.0rc1,1,-0.1293976484257228,0.0364660824428905,-0.2365,0.00265
31686,501,dhmix_266800455813556356,501,EnthalpyOfMixing,<Substance CO{solv}{x=0.727200}|OCc1ccccc1{solv}{x=0.272800}>,CO,OCc1ccccc1,openff-2.3.0rc1,1,-0.0054917040272535,0.0294618387705671,-0.0792,0.001
31687,502,dhmix_949671607207910651,502,EnthalpyOfMixing,<Substance CO{solv}{x=0.500500}|OCc1ccccc1{solv}{x=0.499500}>,CO,OCc1ccccc1,openff-2.3.0rc1,1,-0.0782978255221138,0.0370334134020253,-0.1408,0.00165
31688,503,dhmix_1388744759732522219,503,EnthalpyOfMixing,<Substance CO{solv}{x=0.200200}|OCc1ccccc1{solv}{x=0.799800}>,CO,OCc1ccccc1,openff-2.3.0rc1,1,-0.2047834352316471,0.0480721696990058,-0.1081,0.0013
31689,504,dens_270046772857960816,504,Density,<Substance C1CCOCC1{solv}{x=0.732100}|Cc1ccccc1{solv}{x=0.267900}>,C1CCOCC1,Cc1ccccc1,openff-2.3.0rc1,1,0.8694076164082564,0.0002483393841244,0.8754100000000001,0.000505
31690,505,dens_324774743687652276,505,Density,<Substance C1CCOCC1{solv}{x=0.238700}|Cc1ccccc1{solv}{x=0.761300}>,C1CCOCC1,Cc1ccccc1,openff-2.3.0rc1,1,0.8648939900621618,0.0002414351141011,0.8669900000000003,0.000505
31691,506,dhmix_390107187187002597,506,EnthalpyOfMixing,<Substance C1CCOCC1{solv}{x=0.531900}|Cc1ccccc1{solv}{x=0.468100}>,C1CCOCC1,Cc1ccccc1,openff-2.3.0rc1,1,-0.1599256275374188,0.0425533559038067,-0.2225,0.0025
31692,507,dhmix_1070320975529400325,507,EnthalpyOfMixing,<Substance C1CCOCC1{solv}{x=0.280600}|Cc1ccccc1{solv}{x=0.719400}>,C1CCOCC1,Cc1ccccc1,openff-2.3.0rc1,1,-0.0718537196992343,0.0430054272191422,-0.1687,0.00195
31693,508,dens_1397318239527979287,508,Density,<Substance C1CCOCC1{solv}{x=0.491500}|Cc1ccccc1{solv}{x=0.508500}>,C1CCOCC1,Cc1ccccc1,openff-2.3.0rc1,1,0.8671474437278945,0.0002567014645529,0.8715100000000002,0.000505
31694,509,dhmix_1508130989501940613,509,EnthalpyOfMixing,<Substance C1CCOCC1{solv}{x=0.741300}|Cc1ccccc1{solv}{x=0.258700}>,C1CCOCC1,Cc1ccccc1,openff-2.3.0rc1,1,-0.0049166943323228,0.0421443917670812,-0.1629,0.0019
31695,510,dhmix_271732469428717581,510,EnthalpyOfMixing,<Substance COc1ccccc1{solv}{x=0.237400}|OCCCc1ccccc1{solv}{x=0.762600}>,COc1ccccc1,OCCCc1ccccc1,openff-2.3.0rc1,1,0.4222033700162342,0.0529042033201586,0.6076,0.0066
31696,511,dhmix_1174392275991455181,511,EnthalpyOfMixing,<Substance COc1ccccc1{solv}{x=0.554700}|OCCCc1ccccc1{solv}{x=0.445300}>,COc1ccccc1,OCCCc1ccccc1,openff-2.3.0rc1,1,0.9309563024247964,0.0542258998227107,1.0293,0.01105
31697,512,dhmix_1179341622676685107,512,EnthalpyOfMixing,<Substance COc1ccccc1{solv}{x=0.713600}|OCCCc1ccccc1{solv}{x=0.286400}>,COc1ccccc1,OCCCc1ccccc1,openff-2.3.0rc1,1,0.995278618228646,0.0533125298639353,1.1088,0.0119
31698,513,dens_1468428612899754720,513,Density,<Substance COc1ccccc1{solv}{x=0.747700}|OCCCc1ccccc1{solv}{x=0.252300}>,COc1ccccc1,OCCCc1ccccc1,openff-2.3.0rc1,1,0.979030135135014,0.0001973494836118,0.9827800000000002,0.00026
31699,514,dens_1534619098234859574,514,Density,<Substance COc1ccccc1{solv}{x=0.555100}|OCCCc1ccccc1{solv}{x=0.444900}>,COc1ccccc1,OCCCc1ccccc1,openff-2.3.0rc1,1,0.9821516803235918,0.0001730737683991,0.9852700000000002,0.00026
31700,515,dens_2298154173340539222,515,Density,<Substance COc1ccccc1{solv}{x=0.263600}|OCCCc1ccccc1{solv}{x=0.736400}>,COc1ccccc1,OCCCc1ccccc1,openff-2.3.0rc1,1,0.9858957602724244,0.0002186362646529,0.9885500000000002,0.00026
31701,516,dens_274848672468745759,516,Density,<Substance CCCCOC(C)=O{solv}{x=0.293400}|c1ccccc1{solv}{x=0.706600}>,CCCCOC(C)=O,c1ccccc1,openff-2.3.0rc1,1,0.8781511859936153,0.0002250171249129,0.8736600000000002,0.00021
31702,517,dens_493354132810710227,517,Density,<Substance CCCCOC(C)=O{solv}{x=0.710500}|c1ccccc1{solv}{x=0.289500}>,CCCCOC(C)=O,c1ccccc1,openff-2.3.0rc1,1,0.8788079202566328,0.0002123643016851,0.8751500000000002,0.000335
31703,518,dhmix_754807126845437364,518,EnthalpyOfMixing,<Substance CCCCOC(C)=O{solv}{x=0.495800}|c1ccccc1{solv}{x=0.504200}>,CCCCOC(C)=O,c1ccccc1,openff-2.3.0rc1,1,-0.0498895232399121,0.0455191374526646,-0.0245,0.001
31704,519,dens_834118541551127044,519,Density,<Substance CCCCOC(C)=O{solv}{x=0.504400}|c1ccccc1{solv}{x=0.495600}>,CCCCOC(C)=O,c1ccccc1,openff-2.3.0rc1,1,0.8784004127957171,0.0002395795701899,0.8744300000000002,0.000265
31705,520,dhmix_1349932525480083284,520,EnthalpyOfMixing,<Substance CCCCOC(C)=O{solv}{x=0.252300}|c1ccccc1{solv}{x=0.747700}>,CCCCOC(C)=O,c1ccccc1,openff-2.3.0rc1,1,-0.1038198469161102,0.0418040876553963,-0.014,0.0009
31706,521,dhmix_1597992980658352112,521,EnthalpyOfMixing,<Substance CCCCOC(C)=O{solv}{x=0.771400}|c1ccccc1{solv}{x=0.228600}>,CCCCOC(C)=O,c1ccccc1,openff-2.3.0rc1,1,0.036933275017299,0.0474319578106625,-0.0245,0.001
31707,522,dens_275501958869207518,522,Density,<Substance C1CCOCC1{solv}{x=0.226300}|Cc1ccccc1Cl{solv}{x=0.773700}>,C1CCOCC1,Cc1ccccc1Cl,openff-2.3.0rc1,1,1.0415271809672972,0.0002548968684614,1.0396,0.0005
31708,523,dhmix_818597523255588519,523,EnthalpyOfMixing,<Substance C1CCOCC1{solv}{x=0.753300}|Cc1ccccc1Cl{solv}{x=0.246700}>,C1CCOCC1,Cc1ccccc1Cl,openff-2.3.0rc1,1,-0.2222806080656312,0.0415665388082823,-0.154,0.001
31709,524,dhmix_849121557716978550,524,EnthalpyOfMixing,<Substance C1CCOCC1{solv}{x=0.517500}|Cc1ccccc1Cl{solv}{x=0.482500}>,C1CCOCC1,Cc1ccccc1Cl,openff-2.3.0rc1,1,-0.3234659081294637,0.0416578590794328,-0.22,0.0015
31710,525,dens_946978292781731327,525,Density,<Substance C1CCOCC1{solv}{x=0.478400}|Cc1ccccc1Cl{solv}{x=0.521600}>,C1CCOCC1,Cc1ccccc1Cl,openff-2.3.0rc1,1,0.9927254586452192,0.0002287369651754,0.9931600000000002,0.00051
31711,526,dhmix_997266220336132741,526,EnthalpyOfMixing,<Substance C1CCOCC1{solv}{x=0.263200}|Cc1ccccc1Cl{solv}{x=0.736800}>,C1CCOCC1,Cc1ccccc1Cl,openff-2.3.0rc1,1,-0.2038503632953592,0.0420091012952,-0.175,0.001
31712,527,dens_1191185394819541532,527,Density,<Substance C1CCOCC1{solv}{x=0.765800}|Cc1ccccc1Cl{solv}{x=0.234200}>,C1CCOCC1,Cc1ccccc1Cl,openff-2.3.0rc1,1,0.9296637048819374,0.0002298933506332,0.9336500000000002,0.000505
31713,528,dhmix_278334692660393021,528,EnthalpyOfMixing,<Substance CCCCCCC{solv}{x=0.205900}|CNc1ccccc1{solv}{x=0.794100}>,CCCCCCC,CNc1ccccc1,openff-2.3.0rc1,1,1.5457098230708368,0.0408364245579077,1.126,0.012
31714,529,dens_480658478095207102,529,Density,<Substance CCCCCCC{solv}{x=0.740500}|CNc1ccccc1{solv}{x=0.259500}>,CCCCCCC,CNc1ccccc1,openff-2.3.0rc1,1,0.7353402390778789,0.0002056072093958,0.7424910000000001,0.00014
31715,530,dhmix_898293423987680187,530,EnthalpyOfMixing,<Substance CCCCCCC{solv}{x=0.501700}|CNc1ccccc1{solv}{x=0.498300}>,CCCCCCC,CNc1ccccc1,openff-2.3.0rc1,1,2.269703282578874,0.0494817128282866,1.676,0.018
31716,531,dens_1509968737377061562,531,Density,<Substance CCCCCCC{solv}{x=0.250900}|CNc1ccccc1{solv}{x=0.749100}>,CCCCCCC,CNc1ccccc1,openff-2.3.0rc1,1,0.8937703560599564,0.0001620789865187,0.8897150000000003,0.0002615
31717,532,dhmix_1680546488782143957,532,EnthalpyOfMixing,<Substance CCCCCCC{solv}{x=0.703200}|CNc1ccccc1{solv}{x=0.296800}>,CCCCCCC,CNc1ccccc1,openff-2.3.0rc1,1,2.079210953307822,0.04833141954809,1.539,0.0165
31718,533,dens_2074014246120135820,533,Density,<Substance CCCCCCC{solv}{x=0.497000}|CNc1ccccc1{solv}{x=0.503000}>,CCCCCCC,CNc1ccccc1,openff-2.3.0rc1,1,0.8081365184890803,0.0001881278066459,0.8106920000000002,0.0001785
31719,534,dens_296890921001565391,534,Density,<Substance CCCCN{solv}{x=0.755200}|CN(C)C=O{solv}{x=0.244800}>,CCCCN,CN(C)C=O,openff-2.3.0rc1,1,0.7843701824809788,0.0002294213086222,0.7762150000000002,0.000949
31720,535,dens_380536870617309130,535,Density,<Substance CCCCN{solv}{x=0.242800}|CN(C)C=O{solv}{x=0.757200}>,CCCCN,CN(C)C=O,openff-2.3.0rc1,1,0.8719465319185499,0.0002483566663985,0.8845160000000002,0.0010795
31721,536,dhmix_493117160214491795,536,EnthalpyOfMixing,<Substance CCCCN{solv}{x=0.244100}|CN(C)C=O{solv}{x=0.755900}>,CCCCN,CN(C)C=O,openff-2.3.0rc1,1,0.090144569536001,0.0419869710740707,0.245,0.008
31722,537,dhmix_789225002934078019,537,EnthalpyOfMixing,<Substance CCCCN{solv}{x=0.750200}|CN(C)C=O{solv}{x=0.249800}>,CCCCN,CN(C)C=O,openff-2.3.0rc1,1,0.1222931203726673,0.0376483676483025,0.32,0.01
31723,538,dhmix_941321571782058819,538,EnthalpyOfMixing,<Substance CCCCN{solv}{x=0.499200}|CN(C)C=O{solv}{x=0.500800}>,CCCCN,CN(C)C=O,openff-2.3.0rc1,1,0.134837062217656,0.0327436083948938,0.384,0.0115
31724,539,dens_2179361372918836941,539,Density,<Substance CCCCN{solv}{x=0.497200}|CN(C)C=O{solv}{x=0.502800}>,CCCCN,CN(C)C=O,openff-2.3.0rc1,1,0.8276272026207872,0.0002711393130528,0.8277360000000001,0.001011
31725,540,dens_300257448272323407,540,Density,<Substance CC(C)O{solv}{x=0.745200}|NCCN{solv}{x=0.254800}>,CC(C)O,NCCN,openff-2.3.0rc1,1,0.8431541840148549,0.0002517276045953,0.8163970000000003,0.0002325
31726,541,dens_924750366683277351,541,Density,<Substance CC(C)O{solv}{x=0.203100}|NCCN{solv}{x=0.796900}>,CC(C)O,NCCN,openff-2.3.0rc1,1,0.9464345333868148,0.0002281066653478,0.8736620000000003,0.0002225
31727,542,dens_2284409308160572308,542,Density,<Substance CC(C)O{solv}{x=0.489100}|NCCN{solv}{x=0.510900}>,CC(C)O,NCCN,openff-2.3.0rc1,1,0.8893566395488922,0.0002603744690403,0.8449250000000001,0.0002245
31728,543,dens_305501840068636812,543,Density,<Substance CC(C)=O{solv}{x=0.750000}|CCO{solv}{x=0.250000}>,CC(C)=O,CCO,openff-2.3.0rc1,1,0.7745863516326283,0.0003255335212717,0.7859000000000002,0.000115
31729,544,dens_472577738907297293,544,Density,<Substance CC(C)=O{solv}{x=0.250000}|CCO{solv}{x=0.750000}>,CC(C)=O,CCO,openff-2.3.0rc1,1,0.7847125032353052,0.0003661313338611,0.7861600000000002,0.000115
31730,545,dens_2271083741716457850,545,Density,<Substance CC(C)=O{solv}{x=0.499900}|CCO{solv}{x=0.500100}>,CC(C)=O,CCO,openff-2.3.0rc1,1,0.778694983101161,0.0003461985513984,0.7861900000000003,0.000115
31731,546,dens_307445163336341047,546,Density,<Substance CN1CCCC1=O{solv}{x=0.703700}|ClCCCl{solv}{x=0.296300}>,CN1CCCC1=O,ClCCCl,openff-2.3.0rc1,1,1.06511167938919,0.0002233011455254,1.0851000000000002,0.0002
31732,547,dhmix_453866769634566853,547,EnthalpyOfMixing,<Substance CN1CCCC1=O{solv}{x=0.253100}|ClCCCl{solv}{x=0.746900}>,CN1CCCC1=O,ClCCCl,openff-2.3.0rc1,1,-0.3888105035713707,0.0339121386342026,-0.8118,0.01525
31733,548,dhmix_536206650470008584,548,EnthalpyOfMixing,<Substance CN1CCCC1=O{solv}{x=0.500000}|ClCCCl{solv}{x=0.500000}>,CN1CCCC1=O,ClCCCl,openff-2.3.0rc1,1,-0.5149549371467881,0.037375956230614,-1.264,0.0055
31734,549,dens_1046625605566999080,549,Density,<Substance CN1CCCC1=O{solv}{x=0.202500}|ClCCCl{solv}{x=0.797500}>,CN1CCCC1=O,ClCCCl,openff-2.3.0rc1,1,1.1730255457690175,0.0003849020095727,1.1953000000000005,0.00025
31735,550,dhmix_1620571823529677157,550,EnthalpyOfMixing,<Substance CN1CCCC1=O{solv}{x=0.736700}|ClCCCl{solv}{x=0.263300}>,CN1CCCC1=O,ClCCCl,openff-2.3.0rc1,1,-0.3385939409673497,0.0386734350314577,-0.8587,0.01605
31736,551,dens_2059567022041766694,551,Density,<Substance CN1CCCC1=O{solv}{x=0.497500}|ClCCCl{solv}{x=0.502500}>,CN1CCCC1=O,ClCCCl,openff-2.3.0rc1,1,1.110393174461211,0.000282043296327,1.1283000000000003,0.0002
31737,552,dens_313234519309892479,552,Density,<Substance CC(=O)N(C)C{solv}{x=0.293800}|CCCCCCCCCl{solv}{x=0.706200}>,CC(=O)N(C)C,CCCCCCCCCl,openff-2.3.0rc1,1,0.8669542744700295,0.0001851217236104,0.8796000000000003,0.00045
31738,553,dhmix_444785917463403590,553,EnthalpyOfMixing,<Substance CC(=O)N(C)C{solv}{x=0.703000}|CCCCCCCCCl{solv}{x=0.297000}>,CC(=O)N(C)C,CCCCCCCCCl,openff-2.3.0rc1,1,0.938734047444818,0.0422940725528867,0.751,0.004
31739,554,dhmix_705168937124106402,554,EnthalpyOfMixing,<Substance CC(=O)N(C)C{solv}{x=0.215000}|CCCCCCCCCl{solv}{x=0.785000}>,CC(=O)N(C)C,CCCCCCCCCl,openff-2.3.0rc1,1,0.6822276645239782,0.0462484643105449,0.519,0.0035
31740,555,dens_1549584991651515376,555,Density,<Substance CC(=O)N(C)C{solv}{x=0.502200}|CCCCCCCCCl{solv}{x=0.497800}>,CC(=O)N(C)C,CCCCCCCCCl,openff-2.3.0rc1,1,0.8742094297474403,0.0002099495160232,0.8902000000000002,0.0004
31741,556,dhmix_1732161251827083272,556,EnthalpyOfMixing,<Substance CC(=O)N(C)C{solv}{x=0.508000}|CCCCCCCCCl{solv}{x=0.492000}>,CC(=O)N(C)C,CCCCCCCCCl,openff-2.3.0rc1,1,1.1540083615226706,0.0474902803957573,0.829,0.004
31742,557,dens_2189889607118243828,557,Density,<Substance CC(=O)N(C)C{solv}{x=0.700500}|CCCCCCCCCl{solv}{x=0.299500}>,CC(=O)N(C)C,CCCCCCCCCl,openff-2.3.0rc1,1,0.8830758057828659,0.0001977157654334,0.9041000000000002,0.00035
31743,558,dens_314482396827660717,558,Density,<Substance BrCCBr{solv}{x=0.753700}|COC(C)=O{solv}{x=0.246300}>,BrCCBr,COC(C)=O,openff-2.3.0rc1,1,1.8458666157344636,0.0006781587209099,1.8774400000000004,0.003355
31744,559,dens_344993892965738820,559,Density,<Substance BrCCBr{solv}{x=0.275200}|COC(C)=O{solv}{x=0.724800}>,BrCCBr,COC(C)=O,openff-2.3.0rc1,1,1.2823565085726427,0.0004368335354618,1.2862400000000005,0.001125
31745,560,dhmix_545996968666061076,560,EnthalpyOfMixing,<Substance BrCCBr{solv}{x=0.720900}|COC(C)=O{solv}{x=0.279100}>,BrCCBr,COC(C)=O,openff-2.3.0rc1,1,0.0233739693777748,0.0357274327485562,0.2594,0.0028
31746,561,dens_714044009336077786,561,Density,<Substance BrCCBr{solv}{x=0.512100}|COC(C)=O{solv}{x=0.487900}>,BrCCBr,COC(C)=O,openff-2.3.0rc1,1,1.5690411176558272,0.0004796742113703,1.5834900000000005,0.0021
31747,562,dhmix_1222511035002547253,562,EnthalpyOfMixing,<Substance BrCCBr{solv}{x=0.485500}|COC(C)=O{solv}{x=0.514500}>,BrCCBr,COC(C)=O,openff-2.3.0rc1,1,0.1675276246854977,0.0299958926859117,0.2577,0.00275
31748,563,dhmix_1418101673429653456,563,EnthalpyOfMixing,<Substance BrCCBr{solv}{x=0.250800}|COC(C)=O{solv}{x=0.749200}>,BrCCBr,COC(C)=O,openff-2.3.0rc1,1,0.1298244197563534,0.0372276233102148,0.1202,0.0017
31749,564,dens_314934747194338330,564,Density,<Substance CC(C)CCl{solv}{x=0.513700}|CC(C)OC(C)C{solv}{x=0.486300}>,CC(C)CCl,CC(C)OC(C)C,openff-2.3.0rc1,1,0.7933133388125679,0.0001838061776044,0.7878250000000002,0.000405
31750,565,dhmix_355399496844187096,565,EnthalpyOfMixing,<Substance CC(C)CCl{solv}{x=0.545300}|CC(C)OC(C)C{solv}{x=0.454700}>,CC(C)CCl,CC(C)OC(C)C,openff-2.3.0rc1,1,-0.0484782929869496,0.0426016580797148,-0.0957,0.0012
31751,566,dens_688062365117407068,566,Density,<Substance CC(C)CCl{solv}{x=0.805900}|CC(C)OC(C)C{solv}{x=0.194100}>,CC(C)CCl,CC(C)OC(C)C,openff-2.3.0rc1,1,0.8314487244658061,0.0002787568059524,0.8355300000000002,0.0003555
31752,567,dhmix_1411881046585885461,567,EnthalpyOfMixing,<Substance CC(C)CCl{solv}{x=0.090700}|CC(C)OC(C)C{solv}{x=0.909300}>,CC(C)CCl,CC(C)OC(C)C,openff-2.3.0rc1,1,-0.122352491620461,0.0498016657308923,-0.0302,0.00055
31753,568,dens_1762455266351712367,568,Density,<Substance CC(C)CCl{solv}{x=0.091000}|CC(C)OC(C)C{solv}{x=0.909000}>,CC(C)CCl,CC(C)OC(C)C,openff-2.3.0rc1,1,0.7462143765916768,0.0002493958242179,0.7293950000000001,0.000464
31754,569,dhmix_2302865667781063708,569,EnthalpyOfMixing,<Substance CC(C)CCl{solv}{x=0.727000}|CC(C)OC(C)C{solv}{x=0.273000}>,CC(C)CCl,CC(C)OC(C)C,openff-2.3.0rc1,1,-0.1576684905945882,0.037080720417811,-0.0791,0.001
31755,570,dens_321327254341950207,570,Density,<Substance C1COCCO1{solv}{x=0.780300}|CCCCCC(C)=O{solv}{x=0.219700}>,C1COCCO1,CCCCCC(C)=O,openff-2.3.0rc1,1,0.9594649803767984,0.0002256151064517,0.9576500000000002,0.0003
31756,571,dens_377701756930918353,571,Density,<Substance C1COCCO1{solv}{x=0.500600}|CCCCCC(C)=O{solv}{x=0.499400}>,C1COCCO1,CCCCCC(C)=O,openff-2.3.0rc1,1,0.8870929473737895,0.0002093370754434,0.8916700000000002,0.000345
31757,572,dhmix_600625644134907580,572,EnthalpyOfMixing,<Substance C1COCCO1{solv}{x=0.500000}|CCCCCC(C)=O{solv}{x=0.500000}>,C1COCCO1,CCCCCC(C)=O,openff-2.3.0rc1,1,0.6278029816596842,0.0457459418621038,0.4509,0.002255
31758,573,dens_1451069448215305244,573,Density,<Substance C1COCCO1{solv}{x=0.220300}|CCCCCC(C)=O{solv}{x=0.779700}>,C1COCCO1,CCCCCC(C)=O,openff-2.3.0rc1,1,0.8331999956176623,0.0002016304132705,0.8420800000000003,0.000385
31759,574,dhmix_2028813035406256788,574,EnthalpyOfMixing,<Substance C1COCCO1{solv}{x=0.750000}|CCCCCC(C)=O{solv}{x=0.250000}>,C1COCCO1,CCCCCC(C)=O,openff-2.3.0rc1,1,0.40887456474114,0.0426632394895346,0.4064,0.00209
31760,575,dhmix_2222211577832383320,575,EnthalpyOfMixing,<Substance C1COCCO1{solv}{x=0.250000}|CCCCCC(C)=O{solv}{x=0.750000}>,C1COCCO1,CCCCCC(C)=O,openff-2.3.0rc1,1,0.271520308938534,0.0523816337716285,0.2911,0.00164
31761,576,dhmix_325212618372456630,576,EnthalpyOfMixing,<Substance CCCCCCC{solv}{x=0.500000}|c1ccccc1{solv}{x=0.500000}>,CCCCCCC,c1ccccc1,openff-2.3.0rc1,1,1.1929722692499638,0.0304116401824811,0.9235,0.0051
31762,577,dhmix_409350268177199962,577,EnthalpyOfMixing,<Substance CCCCCCC{solv}{x=0.751900}|c1ccccc1{solv}{x=0.248100}>,CCCCCCC,c1ccccc1,openff-2.3.0rc1,1,0.7568711021695265,0.0487455691576912,0.6047,0.0035
31763,578,dens_1685942387769177799,578,Density,<Substance CCCCCCC{solv}{x=0.913667}|c1ccccc1{solv}{x=0.086333}>,CCCCCCC,c1ccccc1,openff-2.3.0rc1,1,0.6797817210439397,0.0002304453521983,0.6892400000000002,0.000805
31764,579,dens_2148382258223830900,579,Density,<Substance CCCCCCC{solv}{x=0.273700}|c1ccccc1{solv}{x=0.726300}>,CCCCCCC,c1ccccc1,openff-2.3.0rc1,1,0.783862423818857,0.0002745591565834,0.7855000000000002,0.00015
31765,580,dens_2219829254239605828,580,Density,<Substance CCCCCCC{solv}{x=0.492200}|c1ccccc1{solv}{x=0.507800}>,CCCCCCC,c1ccccc1,openff-2.3.0rc1,1,0.735682366934356,0.0002428114509146,0.7409000000000001,0.00015
31766,581,dhmix_2296565820723783732,581,EnthalpyOfMixing,<Substance CCCCCCC{solv}{x=0.242400}|c1ccccc1{solv}{x=0.757600}>,CCCCCCC,c1ccccc1,openff-2.3.0rc1,1,0.9863640528049586,0.0382869936670565,0.7775,0.0044
31767,582,dens_326446104630354701,582,Density,<Substance BrCCBr{solv}{x=0.728600}|CCC(=O)OC{solv}{x=0.271400}>,BrCCBr,CCC(=O)OC,openff-2.3.0rc1,1,1.7658378252646223,0.0005691900122676,1.7949900000000003,0.00303
31768,583,dens_886315086380393150,583,Density,<Substance BrCCBr{solv}{x=0.494400}|CCC(=O)OC{solv}{x=0.505600}>,BrCCBr,CCC(=O)OC,openff-2.3.0rc1,1,1.4746841224278435,0.0005695455162484,1.4941800000000005,0.001825
31769,584,dhmix_1410129135672303476,584,EnthalpyOfMixing,<Substance BrCCBr{solv}{x=0.491400}|CCC(=O)OC{solv}{x=0.508600}>,BrCCBr,CCC(=O)OC,openff-2.3.0rc1,1,-0.0308437401461176,0.0348215969250593,0.0195,0.00185
31770,585,dhmix_1551714230583118668,585,EnthalpyOfMixing,<Substance BrCCBr{solv}{x=0.755400}|CCC(=O)OC{solv}{x=0.244600}>,BrCCBr,CCC(=O)OC,openff-2.3.0rc1,1,-0.0618055561271244,0.0268392290142972,0.09,0.00295
31771,586,dhmix_1596310059176209101,586,EnthalpyOfMixing,<Substance BrCCBr{solv}{x=0.214800}|CCC(=O)OC{solv}{x=0.785200}>,BrCCBr,CCC(=O)OC,openff-2.3.0rc1,1,-0.0753966498466645,0.0375869902893316,-0.0281,0.002
31772,587,dens_1860027304017736150,587,Density,<Substance BrCCBr{solv}{x=0.257000}|CCC(=O)OC{solv}{x=0.743000}>,BrCCBr,CCC(=O)OC,openff-2.3.0rc1,1,1.1945236162767976,0.00034597155396,1.2059400000000002,0.000915
31773,588,dhmix_334328961632702336,588,EnthalpyOfMixing,<Substance Cc1ccccc1N{solv}{x=0.492600}|Cc1cccnc1{solv}{x=0.507400}>,Cc1ccccc1N,Cc1cccnc1,openff-2.3.0rc1,1,-1.2424161498959696,0.0420664815167939,-1.4091,0.0287
31774,589,dhmix_382843935535082222,589,EnthalpyOfMixing,<Substance Cc1ccccc1N{solv}{x=0.232300}|Cc1cccnc1{solv}{x=0.767700}>,Cc1ccccc1N,Cc1cccnc1,openff-2.3.0rc1,1,-0.9958898483130804,0.0411193974963975,-1.1196,0.02285
31775,590,dens_890019852111400701,590,Density,<Substance Cc1ccccc1N{solv}{x=0.533600}|Cc1cccnc1{solv}{x=0.466400}>,Cc1ccccc1N,Cc1cccnc1,openff-2.3.0rc1,1,0.9875672631327648,0.0001804059101369,0.9795770000000004,0.0001185
31776,591,dens_1033313642915027277,591,Density,<Substance Cc1ccccc1N{solv}{x=0.737200}|Cc1cccnc1{solv}{x=0.262800}>,Cc1ccccc1N,Cc1cccnc1,openff-2.3.0rc1,1,1.0001524180222772,0.000413989173708,0.9867010000000004,0.000118
31777,592,dhmix_1057104304179164775,592,EnthalpyOfMixing,<Substance Cc1ccccc1N{solv}{x=0.778900}|Cc1cccnc1{solv}{x=0.221100}>,Cc1ccccc1N,Cc1cccnc1,openff-2.3.0rc1,1,-0.8426155705202287,0.0433139586559244,-0.8735,0.01785
31778,593,dens_1445313714023685702,593,Density,<Substance Cc1ccccc1N{solv}{x=0.246700}|Cc1cccnc1{solv}{x=0.753300}>,Cc1ccccc1N,Cc1cccnc1,openff-2.3.0rc1,1,0.966707237227253,0.0001805438833377,0.9668750000000004,0.00012
31779,594,dens_335631113096608920,594,Density,<Substance CCC(C)=O{solv}{x=0.501800}|CCCCNCCCC{solv}{x=0.498200}>,CCC(C)=O,CCCCNCCCC,openff-2.3.0rc1,1,0.765273612336003,0.0002020991497568,0.7693960000000002,9.950000000000003e-05
31780,595,dhmix_551451232292287572,595,EnthalpyOfMixing,<Substance CCC(C)=O{solv}{x=0.215400}|CCCCNCCCC{solv}{x=0.784600}>,CCC(C)=O,CCCCNCCCC,openff-2.3.0rc1,1,0.12374358061939,0.0541148469122942,0.417,0.0045
31781,596,dens_800787154192710377,596,Density,<Substance CCC(C)=O{solv}{x=0.260300}|CCCCNCCCC{solv}{x=0.739700}>,CCC(C)=O,CCCCNCCCC,openff-2.3.0rc1,1,0.7613788302042238,0.0001803152714655,0.7614750000000002,0.0001005
31782,597,dhmix_1210431916849512476,597,EnthalpyOfMixing,<Substance CCC(C)=O{solv}{x=0.504400}|CCCCNCCCC{solv}{x=0.495600}>,CCC(C)=O,CCCCNCCCC,openff-2.3.0rc1,1,0.2065405907616764,0.0412709353702687,0.619,0.0065
31783,598,dhmix_1503682496766473076,598,EnthalpyOfMixing,<Substance CCC(C)=O{solv}{x=0.792200}|CCCCNCCCC{solv}{x=0.207800}>,CCC(C)=O,CCCCNCCCC,openff-2.3.0rc1,1,0.1282140324441023,0.0397930563301948,0.425,0.0045
31784,599,dens_2232561341275312196,599,Density,<Substance CCC(C)=O{solv}{x=0.747300}|CCCCNCCCC{solv}{x=0.252700}>,CCC(C)=O,CCCCNCCCC,openff-2.3.0rc1,1,0.7701752237252126,0.0002278621858548,0.7810500000000001,9.750000000000004e-05
31785,600,dhmix_335934546122425398,600,EnthalpyOfMixing,<Substance C1CCOCC1{solv}{x=0.550000}|O=C1CCCC1{solv}{x=0.450000}>,C1CCOCC1,O=C1CCCC1,openff-2.3.0rc1,1,0.1128717951313689,0.0383251313707482,0.15813,0.001
31786,601,dhmix_337659115721770978,601,EnthalpyOfMixing,<Substance C1CCOCC1{solv}{x=0.250000}|O=C1CCCC1{solv}{x=0.750000}>,C1CCOCC1,O=C1CCCC1,openff-2.3.0rc1,1,0.091533136667266,0.0416615281575055,0.11325,0.00084
31787,602,dens_579415285212890284,602,Density,<Substance C1CCOCC1{solv}{x=0.708000}|O=C1CCCC1{solv}{x=0.292000}>,C1CCOCC1,O=C1CCCC1,openff-2.3.0rc1,1,0.8844990702532647,0.0001809648860447,0.8972200000000002,0.00023
31788,603,dens_788777315764582180,603,Density,<Substance C1CCOCC1{solv}{x=0.549800}|O=C1CCCC1{solv}{x=0.450200}>,C1CCOCC1,O=C1CCCC1,openff-2.3.0rc1,1,0.8910737104931618,0.0002508873162321,0.9073000000000002,0.000235
31789,604,dens_1539654406736576807,604,Density,<Substance C1CCOCC1{solv}{x=0.235400}|O=C1CCCC1{solv}{x=0.764600}>,C1CCOCC1,O=C1CCCC1,openff-2.3.0rc1,1,0.904676893902534,0.0002035164100376,0.9281000000000004,0.00024
31790,605,dhmix_1706969020375394315,605,EnthalpyOfMixing,<Substance C1CCOCC1{solv}{x=0.750000}|O=C1CCCC1{solv}{x=0.250000}>,C1CCOCC1,O=C1CCCC1,openff-2.3.0rc1,1,-0.0008509618243763,0.0421159659967083,0.12811,0.000895
31791,606,dens_337077748334497354,606,Density,<Substance CN1CCCCC1{solv}{x=0.245200}|O{solv}{x=0.754800}>,CN1CCCCC1,O,openff-2.3.0rc1,1,0.8927818586228646,0.0003400123059032,0.9038110000000004,9.700000000000004e-05
31792,607,dens_1619467922469494964,607,Density,<Substance CN1CCCCC1{solv}{x=0.790700}|O{solv}{x=0.209300}>,CN1CCCCC1,O,openff-2.3.0rc1,1,0.8449495859848507,0.0002245643954982,0.8260470000000002,0.000108
31793,608,dens_1725290505257505407,608,Density,<Substance CN1CCCCC1{solv}{x=0.505000}|O{solv}{x=0.495000}>,CN1CCCCC1,O,openff-2.3.0rc1,1,0.8631673006566799,0.0002676160148494,0.8581580000000002,9.450000000000002e-05
31794,609,dhmix_344305070199657817,609,EnthalpyOfMixing,<Substance CC(C)CC(C)(C)C{solv}{x=0.200300}|CCCO{solv}{x=0.799700}>,CC(C)CC(C)(C)C,CCCO,openff-2.3.0rc1,1,0.4647909055600081,0.0408578805689243,0.308,0.0055
31795,610,dens_1020839744665732433,610,Density,<Substance CC(C)CC(C)(C)C{solv}{x=0.200100}|CCCO{solv}{x=0.799900}>,CC(C)CC(C)(C)C,CCCO,openff-2.3.0rc1,1,0.7635435565745401,0.0002588050382846,0.7589500000000002,0.00029
31796,611,dens_1348847431810734601,611,Density,<Substance CC(C)CC(C)(C)C{solv}{x=0.700000}|CCCO{solv}{x=0.300000}>,CC(C)CC(C)(C)C,CCCO,openff-2.3.0rc1,1,0.7178010868399107,0.0002127137476119,0.7046500000000001,0.00028
31797,612,dhmix_1376194238727172922,612,EnthalpyOfMixing,<Substance CC(C)CC(C)(C)C{solv}{x=0.499800}|CCCO{solv}{x=0.500200}>,CC(C)CC(C)(C)C,CCCO,openff-2.3.0rc1,1,0.7209031588545969,0.0367725228902429,0.6025,0.0027
31798,613,dhmix_1868873434415785592,613,EnthalpyOfMixing,<Substance CC(C)CC(C)(C)C{solv}{x=0.699900}|CCCO{solv}{x=0.300100}>,CC(C)CC(C)(C)C,CCCO,openff-2.3.0rc1,1,0.7461348451108449,0.0376563736685831,0.6544,0.0029
31799,614,dens_1870552320710773195,614,Density,<Substance CC(C)CC(C)(C)C{solv}{x=0.500000}|CCCO{solv}{x=0.500000}>,CC(C)CC(C)(C)C,CCCO,openff-2.3.0rc1,1,0.7317940920900791,0.0002274463244235,0.7214400000000002,0.00028
31800,615,dens_344701479262570906,615,Density,<Substance C1CCOCC1{solv}{x=0.246100}|Cc1cccnc1{solv}{x=0.753900}>,C1CCOCC1,Cc1cccnc1,openff-2.3.0rc1,1,0.928133486820106,0.0002366565916125,0.9348570000000002,0.0004915
31801,616,dhmix_772935681699310364,616,EnthalpyOfMixing,<Substance C1CCOCC1{solv}{x=0.480300}|Cc1cccnc1{solv}{x=0.519700}>,C1CCOCC1,Cc1cccnc1,openff-2.3.0rc1,1,0.0325672177733551,0.0405185835318209,0.1271,0.00115
31802,617,dens_1179184695460672925,617,Density,<Substance C1CCOCC1{solv}{x=0.756800}|Cc1cccnc1{solv}{x=0.243200}>,C1CCOCC1,Cc1cccnc1,openff-2.3.0rc1,1,0.8908766746659194,0.0002378793714672,0.8976640000000002,0.0004655
31803,618,dens_1273033541520518804,618,Density,<Substance C1CCOCC1{solv}{x=0.482700}|Cc1cccnc1{solv}{x=0.517300}>,C1CCOCC1,Cc1cccnc1,openff-2.3.0rc1,1,0.9116819770558304,0.0001583745519452,0.9179640000000002,0.00048
31804,619,dhmix_1594947441282636711,619,EnthalpyOfMixing,<Substance C1CCOCC1{solv}{x=0.735500}|Cc1cccnc1{solv}{x=0.264500}>,C1CCOCC1,Cc1cccnc1,openff-2.3.0rc1,1,-0.0035741249887237,0.0421845024563592,0.0924,0.00095
31805,620,dhmix_2075643137470349800,620,EnthalpyOfMixing,<Substance C1CCOCC1{solv}{x=0.273200}|Cc1cccnc1{solv}{x=0.726800}>,C1CCOCC1,Cc1cccnc1,openff-2.3.0rc1,1,-0.0083751797452791,0.0350899789371134,0.1036,0.001
31806,621,dhmix_346841872844739570,621,EnthalpyOfMixing,<Substance CC#N{solv}{x=0.700700}|CCOC(C)(C)C{solv}{x=0.299300}>,CC#N,CCOC(C)(C)C,openff-2.3.0rc1,1,0.2178988684903853,0.0310020022947525,0.6176,0.0084
31807,622,dhmix_840136828933604757,622,EnthalpyOfMixing,<Substance CC#N{solv}{x=0.199000}|CCOC(C)(C)C{solv}{x=0.801000}>,CC#N,CCOC(C)(C)C,openff-2.3.0rc1,1,0.0704988451662238,0.0471461373659017,0.4418,0.006
31808,623,dhmix_1934525864391020215,623,EnthalpyOfMixing,<Substance CC#N{solv}{x=0.501600}|CCOC(C)(C)C{solv}{x=0.498400}>,CC#N,CCOC(C)(C)C,openff-2.3.0rc1,1,0.1868496150289994,0.030866759777056,0.7098,0.00965
31809,624,dens_1954735606040559695,624,Density,<Substance CC#N{solv}{x=0.700700}|CCOC(C)(C)C{solv}{x=0.299300}>,CC#N,CCOC(C)(C)C,openff-2.3.0rc1,1,0.7625306050442453,0.0002661840790718,0.7595000000000002,0.00045
31810,625,dens_2173310521496796694,625,Density,<Substance CC#N{solv}{x=0.501600}|CCOC(C)(C)C{solv}{x=0.498400}>,CC#N,CCOC(C)(C)C,openff-2.3.0rc1,1,0.7589589858456408,0.0002287964151754,0.7510000000000002,0.00035
31811,626,dens_2235331649530959984,626,Density,<Substance CC#N{solv}{x=0.199000}|CCOC(C)(C)C{solv}{x=0.801000}>,CC#N,CCOC(C)(C)C,openff-2.3.0rc1,1,0.7546309777633211,0.0002286651102832,0.7408000000000001,0.00015
31812,627,dhmix_355078149157572999,627,EnthalpyOfMixing,<Substance OCCOCCO{solv}{x=0.790600}|O{solv}{x=0.209400}>,O,OCCOCCO,openff-2.3.0rc1,1,-0.3602721072322339,0.0472373437819469,-0.521,0.003
31813,628,dhmix_514261244195159379,628,EnthalpyOfMixing,<Substance OCCOCCO{solv}{x=0.300400}|O{solv}{x=0.699600}>,O,OCCOCCO,openff-2.3.0rc1,1,-0.3648486014508201,0.0275606536745216,-1.245,0.0065
31814,629,dhmix_1512634639127890343,629,EnthalpyOfMixing,<Substance OCCOCCO{solv}{x=0.501000}|O{solv}{x=0.499000}>,O,OCCOCCO,openff-2.3.0rc1,1,-0.3853027976043464,0.045041247097773,-1.149,0.0065
31815,630,dens_1532732041743097130,630,Density,<Substance OCCOCCO{solv}{x=0.500600}|O{solv}{x=0.499400}>,O,OCCOCCO,openff-2.3.0rc1,1,1.1143946827694438,0.0002553809046173,1.1070700000000002,0.00026
31816,631,dens_1948924545926470959,631,Density,<Substance OCCOCCO{solv}{x=0.700300}|O{solv}{x=0.299700}>,O,OCCOCCO,openff-2.3.0rc1,1,1.125363805832657,0.0002046274498678,1.1111900000000003,0.000285
31817,632,dens_2114974877291939954,632,Density,<Substance OCCOCCO{solv}{x=0.301000}|O{solv}{x=0.699000}>,O,OCCOCCO,openff-2.3.0rc1,1,1.0945521126432471,0.0002763592859211,1.0958900000000005,0.000305
31818,633,dhmix_355690558520209737,633,EnthalpyOfMixing,<Substance CC(C)CC(C)(C)C{solv}{x=0.774800}|CC(C)OC(C)C{solv}{x=0.225200}>,CC(C)CC(C)(C)C,CC(C)OC(C)C,openff-2.3.0rc1,1,0.2748064897138533,0.0472494826906237,0.132161,0.001556
31819,634,dens_706481868145479619,634,Density,<Substance CC(C)CC(C)(C)C{solv}{x=0.250000}|CC(C)OC(C)C{solv}{x=0.750000}>,CC(C)CC(C)(C)C,CC(C)OC(C)C,openff-2.3.0rc1,1,0.7259442599974681,0.0002095280990358,0.7090800000000002,0.000155
31820,635,dens_960755156711549154,635,Density,<Substance CC(C)CC(C)(C)C{solv}{x=0.750000}|CC(C)OC(C)C{solv}{x=0.250000}>,CC(C)CC(C)(C)C,CC(C)OC(C)C,openff-2.3.0rc1,1,0.7099565274187287,0.0002055898221221,0.6937500000000002,0.000155
31821,636,dens_1165117582450092341,636,Density,<Substance CC(C)CC(C)(C)C{solv}{x=0.500900}|CC(C)OC(C)C{solv}{x=0.499100}>,CC(C)CC(C)(C)C,CC(C)OC(C)C,openff-2.3.0rc1,1,0.7173656943743763,0.0001945351513699,0.7005900000000002,0.000105
31822,637,dhmix_1819714300540494359,637,EnthalpyOfMixing,<Substance CC(C)CC(C)(C)C{solv}{x=0.512500}|CC(C)OC(C)C{solv}{x=0.487500}>,CC(C)CC(C)(C)C,CC(C)OC(C)C,openff-2.3.0rc1,1,0.4415627210896105,0.049468021896777,0.197047,0.002233
31823,638,dhmix_2031984064821599856,638,EnthalpyOfMixing,<Substance CC(C)CC(C)(C)C{solv}{x=0.269300}|CC(C)OC(C)C{solv}{x=0.730700}>,CC(C)CC(C)(C)C,CC(C)OC(C)C,openff-2.3.0rc1,1,0.272160411485487,0.0424607120501244,0.158983,0.0018345
31824,639,dens_357198687829738077,639,Density,<Substance C1CCOCC1{solv}{x=0.223500}|CCCCCC(C)=O{solv}{x=0.776500}>,C1CCOCC1,CCCCCC(C)=O,openff-2.3.0rc1,1,0.8105114712562455,0.000193453046073,0.8221200000000002,0.000375
31825,640,dens_1074719884132299485,640,Density,<Substance C1CCOCC1{solv}{x=0.516600}|CCCCCC(C)=O{solv}{x=0.483400}>,C1CCOCC1,CCCCCC(C)=O,openff-2.3.0rc1,1,0.8294944084107683,0.0002032569385031,0.8396100000000002,0.00032
31826,641,dens_1427208283653313137,641,Density,<Substance C1CCOCC1{solv}{x=0.710100}|CCCCCC(C)=O{solv}{x=0.289900}>,C1CCOCC1,CCCCCC(C)=O,openff-2.3.0rc1,1,0.8438433601062888,0.0002011832010432,0.8534200000000002,0.000285
31827,642,dhmix_1485904869507380555,642,EnthalpyOfMixing,<Substance C1CCOCC1{solv}{x=0.500000}|CCCCCC(C)=O{solv}{x=0.500000}>,C1CCOCC1,CCCCCC(C)=O,openff-2.3.0rc1,1,0.1200154188366724,0.044146619924696,0.05773,0.000615
31828,643,dhmix_1931504734279468677,643,EnthalpyOfMixing,<Substance C1CCOCC1{solv}{x=0.250000}|CCCCCC(C)=O{solv}{x=0.750000}>,C1CCOCC1,CCCCCC(C)=O,openff-2.3.0rc1,1,0.105669207294504,0.0461705970579069,0.03429,0.00053
31829,644,dhmix_2296263041755700053,644,EnthalpyOfMixing,<Substance C1CCOCC1{solv}{x=0.750000}|CCCCCC(C)=O{solv}{x=0.250000}>,C1CCOCC1,CCCCCC(C)=O,openff-2.3.0rc1,1,0.1044974128272713,0.0425415880162065,0.05587,0.00061
31830,645,dhmix_357499987240135169,645,EnthalpyOfMixing,<Substance CCCCC{solv}{x=0.772700}|CCCCOC=O{solv}{x=0.227300}>,CCCCC,CCCCOC=O,openff-2.3.0rc1,1,1.0419758570368458,0.0399980424632507,0.87,0.004
31831,646,dens_435201289177646286,646,Density,<Substance CCCCC{solv}{x=0.504200}|CCCCOC=O{solv}{x=0.495800}>,CCCCC,CCCCOC=O,openff-2.3.0rc1,1,0.7505211283658546,0.0002392558076385,0.7523000000000001,0.00024
31832,647,dens_635752291929824010,647,Density,<Substance CCCCC{solv}{x=0.699000}|CCCCOC=O{solv}{x=0.301000}>,CCCCC,CCCCOC=O,openff-2.3.0rc1,1,0.6937546870006869,0.0002492984095794,0.6994600000000002,0.00018
31833,648,dhmix_869493303716364153,648,EnthalpyOfMixing,<Substance CCCCC{solv}{x=0.490500}|CCCCOC=O{solv}{x=0.509500}>,CCCCC,CCCCOC=O,openff-2.3.0rc1,1,1.2361994322575356,0.0384208852883486,0.959,0.004
31834,649,dhmix_1188548276416925178,649,EnthalpyOfMixing,<Substance CCCCC{solv}{x=0.246000}|CCCCOC=O{solv}{x=0.754000}>,CCCCC,CCCCOC=O,openff-2.3.0rc1,1,0.8570909267698923,0.0487311219446176,0.632,0.003
31835,650,dens_1944800378076074966,650,Density,<Substance CCCCC{solv}{x=0.247100}|CCCCOC=O{solv}{x=0.752900}>,CCCCC,CCCCOC=O,openff-2.3.0rc1,1,0.8258824810529783,0.0002167844196862,0.8221800000000001,0.000375
31836,651,dhmix_357740737126275220,651,EnthalpyOfMixing,<Substance CC(=O)N(C)C{solv}{x=0.212000}|CCCCCl{solv}{x=0.788000}>,CC(=O)N(C)C,CCCCCl,openff-2.3.0rc1,1,0.4988284561428244,0.0412311521751086,0.244,0.0025
31837,652,dens_563556088097831353,652,Density,<Substance CC(=O)N(C)C{solv}{x=0.499000}|CCCCCl{solv}{x=0.501000}>,CC(=O)N(C)C,CCCCCl,openff-2.3.0rc1,1,0.8829082376079209,0.0002562181764721,0.9081000000000002,0.0002
31838,653,dens_1083232356130752567,653,Density,<Substance CC(=O)N(C)C{solv}{x=0.799700}|CCCCCl{solv}{x=0.200300}>,CC(=O)N(C)C,CCCCCl,openff-2.3.0rc1,1,0.8955419314712262,0.0002317536119313,0.9247000000000004,0.0002
31839,654,dhmix_1487887746912587509,654,EnthalpyOfMixing,<Substance CC(=O)N(C)C{solv}{x=0.708000}|CCCCCl{solv}{x=0.292000}>,CC(=O)N(C)C,CCCCCl,openff-2.3.0rc1,1,0.5628084190501035,0.0413483658144183,0.305,0.0025
31840,655,dens_1662749398344255132,655,Density,<Substance CC(=O)N(C)C{solv}{x=0.210500}|CCCCCl{solv}{x=0.789500}>,CC(=O)N(C)C,CCCCCl,openff-2.3.0rc1,1,0.8684491181034639,0.0002973185744103,0.8918000000000001,0.0002
31841,656,dhmix_2085343422065298965,656,EnthalpyOfMixing,<Substance CC(=O)N(C)C{solv}{x=0.511000}|CCCCCl{solv}{x=0.489000}>,CC(=O)N(C)C,CCCCCl,openff-2.3.0rc1,1,0.7116875210420126,0.0304964002417541,0.363,0.0025
31842,657,dhmix_359626193748497849,657,EnthalpyOfMixing,<Substance C1CCOCC1{solv}{x=0.750000}|O=C1CCCCC1{solv}{x=0.250000}>,C1CCOCC1,O=C1CCCCC1,openff-2.3.0rc1,1,0.0952008702408093,0.045431843459533,0.07698,0.00069
31843,658,dhmix_709905971434026360,658,EnthalpyOfMixing,<Substance C1CCOCC1{solv}{x=0.250000}|O=C1CCCCC1{solv}{x=0.750000}>,C1CCOCC1,O=C1CCCCC1,openff-2.3.0rc1,1,0.0937063480325264,0.0445320322897419,0.05827,0.00062
31844,659,dens_996263306280392228,659,Density,<Substance C1CCOCC1{solv}{x=0.500900}|O=C1CCCCC1{solv}{x=0.499100}>,C1CCOCC1,O=C1CCCCC1,openff-2.3.0rc1,1,0.8970380661660592,0.0001753004803677,0.9160300000000002,0.000505
31845,660,dens_1296485655493191092,660,Density,<Substance C1CCOCC1{solv}{x=0.247100}|O=C1CCCCC1{solv}{x=0.752900}>,C1CCOCC1,O=C1CCCCC1,openff-2.3.0rc1,1,0.907891928497446,0.0001599258051277,0.9305900000000004,0.000505
31846,661,dhmix_1617652800437548554,661,EnthalpyOfMixing,<Substance C1CCOCC1{solv}{x=0.500000}|O=C1CCCCC1{solv}{x=0.500000}>,C1CCOCC1,O=C1CCCCC1,openff-2.3.0rc1,1,0.0308947201166844,0.0438895543714532,0.08658,0.000725
31847,662,dens_2134919398794801459,662,Density,<Substance C1CCOCC1{solv}{x=0.738900}|O=C1CCCCC1{solv}{x=0.261100}>,C1CCOCC1,O=C1CCCCC1,openff-2.3.0rc1,1,0.8854065947946017,0.0001529697676797,0.9000800000000002,0.000505
31848,663,dens_371429494256072686,663,Density,<Substance COC=O{solv}{x=0.513800}|ClCCCCl{solv}{x=0.486200}>,COC=O,ClCCCCl,openff-2.3.0rc1,1,1.083338663184648,0.0003207091283171,1.08831,0.00025
31849,664,dens_416463243686186519,664,Density,<Substance COC=O{solv}{x=0.738400}|ClCCCCl{solv}{x=0.261600}>,COC=O,ClCCCCl,openff-2.3.0rc1,1,1.0428317088268528,0.0003725819785928,1.03754,0.0002
31850,665,dhmix_573570621261992547,665,EnthalpyOfMixing,<Substance COC=O{solv}{x=0.767400}|ClCCCCl{solv}{x=0.232600}>,COC=O,ClCCCCl,openff-2.3.0rc1,1,0.5754106697064043,0.0350271890761525,0.2841,0.0015
31851,666,dens_1665007650151393058,666,Density,<Substance COC=O{solv}{x=0.244000}|ClCCCCl{solv}{x=0.756000}>,COC=O,ClCCCCl,openff-2.3.0rc1,1,1.1235230710159576,0.0003523073291145,1.1395000000000002,0.0003
31852,667,dhmix_2050640017895200777,667,EnthalpyOfMixing,<Substance COC=O{solv}{x=0.502400}|ClCCCCl{solv}{x=0.497600}>,COC=O,ClCCCCl,openff-2.3.0rc1,1,0.7508615610981426,0.0271803222985733,0.3503,0.00175
31853,668,dhmix_2121310957223924646,668,EnthalpyOfMixing,<Substance COC=O{solv}{x=0.202400}|ClCCCCl{solv}{x=0.797600}>,COC=O,ClCCCCl,openff-2.3.0rc1,1,0.4704250053733894,0.0361831685949622,0.2064,0.0012
31854,669,dens_380799246642881225,669,Density,<Substance Cc1ccncc1{solv}{x=0.500000}|O{solv}{x=0.500000}>,Cc1ccncc1,O,openff-2.3.0rc1,1,0.9511885292270786,0.0002775125922618,0.9704000000000004,0.0005
31855,670,dens_1024460369591354985,670,Density,<Substance Cc1ccncc1{solv}{x=0.225000}|O{solv}{x=0.775000}>,Cc1ccncc1,O,openff-2.3.0rc1,1,0.9582838795238364,0.000350020070669,0.9848000000000002,0.0004
31856,671,dens_1867704914487230306,671,Density,<Substance Cc1ccncc1{solv}{x=0.750000}|O{solv}{x=0.250000}>,Cc1ccncc1,O,openff-2.3.0rc1,1,0.9487140679469044,0.000239747198241,0.9614000000000004,0.0004
31857,672,dhmix_396839331496923568,672,EnthalpyOfMixing,<Substance CCCOC(=O)CC{solv}{x=0.237600}|ClCCCl{solv}{x=0.762400}>,CCCOC(=O)CC,ClCCCl,openff-2.3.0rc1,1,-0.2530684504776239,0.0329762516803231,-0.317,0.0035
31858,673,dens_1025242301432619836,673,Density,<Substance CCCOC(=O)CC{solv}{x=0.518800}|ClCCCl{solv}{x=0.481200}>,CCCOC(=O)CC,ClCCCl,openff-2.3.0rc1,1,0.9970346513401712,0.0002024279308254,1.0064000000000002,0.000905
31859,674,dens_1654149510571748883,674,Density,<Substance CCCOC(=O)CC{solv}{x=0.731600}|ClCCCl{solv}{x=0.268400}>,CCCOC(=O)CC,ClCCCl,openff-2.3.0rc1,1,0.9347432127674906,0.0002422927628097,0.9416300000000002,0.00041
31860,675,dens_1804016971158746429,675,Density,<Substance CCCOC(=O)CC{solv}{x=0.243700}|ClCCCl{solv}{x=0.756300}>,CCCOC(=O)CC,ClCCCl,openff-2.3.0rc1,1,1.0956163836184232,0.000326220198386,1.11431,0.002155
31861,676,dhmix_1840109043188951916,676,EnthalpyOfMixing,<Substance CCCOC(=O)CC{solv}{x=0.517700}|ClCCCl{solv}{x=0.482300}>,CCCOC(=O)CC,ClCCCl,openff-2.3.0rc1,1,-0.4477642568863196,0.0369157931359023,-0.557,0.006
31862,677,dhmix_1924188358781329171,677,EnthalpyOfMixing,<Substance CCCOC(=O)CC{solv}{x=0.787400}|ClCCCl{solv}{x=0.212600}>,CCCOC(=O)CC,ClCCCl,openff-2.3.0rc1,1,-0.2295329173070293,0.0466390033913139,-0.357,0.004
31863,678,dhmix_408170436877433675,678,EnthalpyOfMixing,<Substance CCCCC{solv}{x=0.229800}|CCOC=O{solv}{x=0.770200}>,CCCCC,CCOC=O,openff-2.3.0rc1,1,1.131995862693266,0.0398274790779744,1.016,0.0045
31864,679,dens_1159257310358090227,679,Density,<Substance CCCCC{solv}{x=0.748000}|CCOC=O{solv}{x=0.252000}>,CCCCC,CCOC=O,openff-2.3.0rc1,1,0.664300009288357,0.0002470902164403,0.6707000000000002,0.000165
31865,680,dhmix_1897634982824334825,680,EnthalpyOfMixing,<Substance CCCCC{solv}{x=0.500100}|CCOC=O{solv}{x=0.499900}>,CCCCC,CCOC=O,openff-2.3.0rc1,1,1.6252609760508108,0.0364484255211734,1.354,0.0055
31866,681,dens_1931965346092446599,681,Density,<Substance CCCCC{solv}{x=0.504000}|CCOC=O{solv}{x=0.496000}>,CCCCC,CCOC=O,openff-2.3.0rc1,1,0.7358707940975499,0.0002986821494041,0.7333000000000002,0.00024
31867,682,dens_2086304425324215507,682,Density,<Substance CCCCC{solv}{x=0.298000}|CCOC=O{solv}{x=0.702000}>,CCCCC,CCOC=O,openff-2.3.0rc1,1,0.8078091252468367,0.0002995928672047,0.7971000000000003,0.000345
31868,683,dhmix_2117998354372981576,683,EnthalpyOfMixing,<Substance CCCCC{solv}{x=0.777900}|CCOC=O{solv}{x=0.222100}>,CCCCC,CCOC=O,openff-2.3.0rc1,1,1.4175151752933886,0.0406999451620217,1.051,0.0045
31869,684,dens_415189671276159712,684,Density,<Substance NCCO{solv}{x=0.785350}|c1ccncc1{solv}{x=0.214650}>,NCCO,c1ccncc1,openff-2.3.0rc1,1,1.0351764671269503,0.0002064300634568,1.002592,0.000101
31870,685,dhmix_607563797490786343,685,EnthalpyOfMixing,<Substance NCCO{solv}{x=0.559360}|c1ccncc1{solv}{x=0.440640}>,NCCO,c1ccncc1,openff-2.3.0rc1,1,1.064945256271777,0.0405931569742605,0.824,0.0035
31871,686,dhmix_783614050589043390,686,EnthalpyOfMixing,<Substance NCCO{solv}{x=0.248120}|c1ccncc1{solv}{x=0.751880}>,NCCO,c1ccncc1,openff-2.3.0rc1,1,0.8653246825755678,0.0350395284474243,0.779,0.0035
31872,687,dens_907288549206652702,687,Density,<Substance NCCO{solv}{x=0.558640}|c1ccncc1{solv}{x=0.441360}>,NCCO,c1ccncc1,openff-2.3.0rc1,1,1.015363382856851,0.0001766997678929,0.9936870000000002,0.0001015
31873,688,dhmix_1092036220949585875,688,EnthalpyOfMixing,<Substance NCCO{solv}{x=0.746780}|c1ccncc1{solv}{x=0.253220}>,NCCO,c1ccncc1,openff-2.3.0rc1,1,0.7323350455865452,0.0442763198695808,0.612,0.003
31874,689,dens_2278246591298089898,689,Density,<Substance NCCO{solv}{x=0.210010}|c1ccncc1{solv}{x=0.789990}>,NCCO,c1ccncc1,openff-2.3.0rc1,1,0.9903284213285324,0.0001704884807805,0.9825660000000004,0.0001015
31875,690,dens_419188249264987147,690,Density,<Substance CCCCC(=O)OCC{solv}{x=0.492100}|CCOC(C)=O{solv}{x=0.507900}>,CCCCC(=O)OCC,CCOC(C)=O,openff-2.3.0rc1,1,0.8831811681134367,0.0002079216086684,0.8787300000000002,0.00012
31876,691,dens_667714041205021070,691,Density,<Substance CCCCC(=O)OCC{solv}{x=0.304700}|CCOC(C)=O{solv}{x=0.695300}>,CCCCC(=O)OCC,CCOC(C)=O,openff-2.3.0rc1,1,0.8907054376850609,0.0001569543056332,0.8836400000000002,0.00012
31877,692,dhmix_1137774316856842141,692,EnthalpyOfMixing,<Substance CCCCC(=O)OCC{solv}{x=0.737600}|CCOC(C)=O{solv}{x=0.262400}>,CCCCC(=O)OCC,CCOC(C)=O,openff-2.3.0rc1,1,-0.0150067033940057,0.0512197699086331,0.114,0.0015
31878,693,dhmix_1322441082145072072,693,EnthalpyOfMixing,<Substance CCCCC(=O)OCC{solv}{x=0.279900}|CCOC(C)=O{solv}{x=0.720100}>,CCCCC(=O)OCC,CCOC(C)=O,openff-2.3.0rc1,1,0.0512351647820032,0.0423521614540521,0.139,0.0015
31879,694,dens_1682638395920841051,694,Density,<Substance CCCCC(=O)OCC{solv}{x=0.752600}|CCOC(C)=O{solv}{x=0.247400}>,CCCCC(=O)OCC,CCOC(C)=O,openff-2.3.0rc1,1,0.8757823434667169,0.0001955252677453,0.8732900000000001,0.00012
31880,695,dhmix_2161842751879945948,695,EnthalpyOfMixing,<Substance CCCCC(=O)OCC{solv}{x=0.519800}|CCOC(C)=O{solv}{x=0.480200}>,CCCCC(=O)OCC,CCOC(C)=O,openff-2.3.0rc1,1,0.1375896251897703,0.0475998871729863,0.154,0.002
31881,696,dhmix_419593950323214290,696,EnthalpyOfMixing,<Substance CCCCCC(C)=O{solv}{x=0.780400}|CCN(CC)CC{solv}{x=0.219600}>,CCCCCC(C)=O,CCN(CC)CC,openff-2.3.0rc1,1,0.1693807373015232,0.0508050264886862,0.216,0.0025
31882,697,dens_651921010645567431,697,Density,<Substance CCCCCC(C)=O{solv}{x=0.259800}|CCN(CC)CC{solv}{x=0.740200}>,CCCCCC(C)=O,CCN(CC)CC,openff-2.3.0rc1,1,0.7508043489206127,0.0001550964148846,0.7465820000000002,8.950000000000002e-05
31883,698,dens_995831511901627711,698,Density,<Substance CCCCCC(C)=O{solv}{x=0.748400}|CCN(CC)CC{solv}{x=0.251600}>,CCCCCC(C)=O,CCN(CC)CC,openff-2.3.0rc1,1,0.7837785568415381,0.0001911802078777,0.7899410000000002,0.0001055
31884,699,dhmix_1001984601109558110,699,EnthalpyOfMixing,<Substance CCCCCC(C)=O{solv}{x=0.492000}|CCN(CC)CC{solv}{x=0.508000}>,CCCCCC(C)=O,CCN(CC)CC,openff-2.3.0rc1,1,0.1088637727969938,0.0502973559198577,0.419,0.0045
31885,700,dens_1887829851815986883,700,Density,<Substance CCCCCC(C)=O{solv}{x=0.503200}|CCN(CC)CC{solv}{x=0.496800}>,CCCCCC(C)=O,CCN(CC)CC,openff-2.3.0rc1,1,0.7676793578782969,0.0001920344372222,0.7684760000000002,9.800000000000002e-05
31886,701,dhmix_2085744568401562111,701,EnthalpyOfMixing,<Substance CCCCCC(C)=O{solv}{x=0.293900}|CCN(CC)CC{solv}{x=0.706100}>,CCCCCC(C)=O,CCN(CC)CC,openff-2.3.0rc1,1,0.1507720019396998,0.0523153535084262,0.412,0.0045
31887,702,dens_436049638479549968,702,Density,<Substance COC=O{solv}{x=0.472500}|ClCCCl{solv}{x=0.527500}>,COC=O,ClCCCl,openff-2.3.0rc1,1,1.1218108881684483,0.0004120168876099,1.1269600000000004,0.000285
31888,703,dens_627145458965592302,703,Density,<Substance COC=O{solv}{x=0.753000}|ClCCCl{solv}{x=0.247000}>,COC=O,ClCCCl,openff-2.3.0rc1,1,1.0534011565041297,0.00034794935825,1.0461600000000004,0.000205
31889,704,dhmix_731680623269260416,704,EnthalpyOfMixing,<Substance COC=O{solv}{x=0.250800}|ClCCCl{solv}{x=0.749200}>,COC=O,ClCCCl,openff-2.3.0rc1,1,0.3597612484401935,0.0331621273379782,0.0793,0.0007
31890,705,dens_1488543630772933598,705,Density,<Substance COC=O{solv}{x=0.279500}|ClCCCl{solv}{x=0.720500}>,COC=O,ClCCCl,openff-2.3.0rc1,1,1.1606725513478358,0.0004710146830371,1.1777100000000005,0.00034
31891,706,dhmix_2170321998768851974,706,EnthalpyOfMixing,<Substance COC=O{solv}{x=0.732200}|ClCCCl{solv}{x=0.267800}>,COC=O,ClCCCl,openff-2.3.0rc1,1,0.4831076408652011,0.0304844804098557,0.0733,0.00065
31892,707,dhmix_2249001225536869896,707,EnthalpyOfMixing,<Substance COC=O{solv}{x=0.487400}|ClCCCl{solv}{x=0.512600}>,COC=O,ClCCCl,openff-2.3.0rc1,1,0.5059472416668971,0.0283632833276452,0.1028,0.0008
31893,708,dhmix_442816374747487477,708,EnthalpyOfMixing,<Substance NCCCNCCCN{solv}{x=0.801500}|O{solv}{x=0.198500}>,NCCCNCCCN,O,openff-2.3.0rc1,1,-0.9989761701529551,0.0858079721382025,-2.233,0.024
31894,709,dhmix_1795382205757805615,709,EnthalpyOfMixing,<Substance NCCCNCCCN{solv}{x=0.300500}|O{solv}{x=0.699500}>,NCCCNCCCN,O,openff-2.3.0rc1,1,-3.454775829234581,0.0406154847102898,-6.588,0.07
31895,710,dhmix_1814950732748396893,710,EnthalpyOfMixing,<Substance NCCCNCCCN{solv}{x=0.499800}|O{solv}{x=0.500200}>,NCCCNCCCN,O,openff-2.3.0rc1,1,-3.0785356907276995,0.0340338705336007,-5.544,0.059
31896,711,dhmix_446869196417408130,711,EnthalpyOfMixing,<Substance NCCNCCO{solv}{x=0.770000}|O{solv}{x=0.230000}>,NCCNCCO,O,openff-2.3.0rc1,1,-1.4447883087309634,0.0540132039327797,-1.711,0.035
31897,712,dhmix_673839467313503071,712,EnthalpyOfMixing,<Substance NCCNCCO{solv}{x=0.069900}|O{solv}{x=0.930100}>,NCCNCCO,O,openff-2.3.0rc1,1,-0.5824749313774866,0.0230440527152512,-1.713,0.035
31898,713,dens_688094438561771555,713,Density,<Substance NCCNCCO{solv}{x=0.799700}|O{solv}{x=0.200300}>,NCCNCCO,O,openff-2.3.0rc1,1,1.0738563337513247,0.0002805508800188,1.0318300000000002,0.00024
31899,714,dhmix_1682883323293489147,714,EnthalpyOfMixing,<Substance NCCNCCO{solv}{x=0.400100}|O{solv}{x=0.599900}>,NCCNCCO,O,openff-2.3.0rc1,1,-2.012035108866037,0.0331567806026231,-4.15,0.0845
31900,715,dens_2045176885611624977,715,Density,<Substance NCCNCCO{solv}{x=0.070000}|O{solv}{x=0.930000}>,NCCNCCO,O,openff-2.3.0rc1,1,1.019117935123566,0.0004027434867422,1.0222800000000003,0.000125
31901,716,dens_2280714043292214506,716,Density,<Substance NCCNCCO{solv}{x=0.399700}|O{solv}{x=0.600300}>,NCCNCCO,O,openff-2.3.0rc1,1,1.0585651195794228,0.0004097723556797,1.0370100000000002,0.00017
31902,717,dens_448105363780466270,717,Density,<Substance CCCCCCCl{solv}{x=0.498300}|CN(C)C=O{solv}{x=0.501700}>,CCCCCCCl,CN(C)C=O,openff-2.3.0rc1,1,0.8811422650857577,0.0002264718075304,0.8974000000000002,0.0003
31903,718,dens_1134260732394863277,718,Density,<Substance CCCCCCCl{solv}{x=0.729300}|CN(C)C=O{solv}{x=0.270700}>,CCCCCCCl,CN(C)C=O,openff-2.3.0rc1,1,0.8701909957249151,0.0002476469502353,0.8844000000000002,0.0003
31904,719,dhmix_1150917243327149472,719,EnthalpyOfMixing,<Substance CCCCCCCl{solv}{x=0.500000}|CN(C)C=O{solv}{x=0.500000}>,CCCCCCCl,CN(C)C=O,openff-2.3.0rc1,1,1.328489799785828,0.0396268541026397,0.847,0.004
31905,720,dhmix_1166656674614639609,720,EnthalpyOfMixing,<Substance CCCCCCCl{solv}{x=0.204000}|CN(C)C=O{solv}{x=0.796000}>,CCCCCCCl,CN(C)C=O,openff-2.3.0rc1,1,0.9359740895248194,0.0370633935328439,0.583,0.004
31906,721,dhmix_1262474968830454367,721,EnthalpyOfMixing,<Substance CCCCCCCl{solv}{x=0.795000}|CN(C)C=O{solv}{x=0.205000}>,CCCCCCCl,CN(C)C=O,openff-2.3.0rc1,1,0.9264830267137398,0.0430562431595821,0.542,0.0035
31907,722,dens_1862934255267356180,722,Density,<Substance CCCCCCCl{solv}{x=0.200700}|CN(C)C=O{solv}{x=0.799300}>,CCCCCCCl,CN(C)C=O,openff-2.3.0rc1,1,0.9005785773278896,0.0002411628524959,0.9218000000000002,0.00025
31908,723,dhmix_457000181442392641,723,EnthalpyOfMixing,<Substance CCOCCO{solv}{x=0.241100}|c1ccccc1{solv}{x=0.758900}>,CCOCCO,c1ccccc1,openff-2.3.0rc1,1,0.7350404545890967,0.0340287519779923,0.6303,0.00815
31909,724,dhmix_501726034520661035,724,EnthalpyOfMixing,<Substance CCOCCO{solv}{x=0.733600}|c1ccccc1{solv}{x=0.266400}>,CCOCCO,c1ccccc1,openff-2.3.0rc1,1,0.3437664394104018,0.0441133185008493,0.2326,0.0033
31910,725,dens_577983044895299238,725,Density,<Substance CCOCCO{solv}{x=0.251800}|c1ccccc1{solv}{x=0.748200}>,CCOCCO,c1ccccc1,openff-2.3.0rc1,1,0.8892693942998643,0.0001782697346569,0.8849000000000002,0.00081
31911,726,dens_1506946378386070831,726,Density,<Substance CCOCCO{solv}{x=0.750800}|c1ccccc1{solv}{x=0.249200}>,CCOCCO,c1ccccc1,openff-2.3.0rc1,1,0.9167283722678704,0.0002328881304767,0.9134500000000004,0.000685
31912,727,dhmix_1801594081157333975,727,EnthalpyOfMixing,<Substance CCOCCO{solv}{x=0.478600}|c1ccccc1{solv}{x=0.521400}>,CCOCCO,c1ccccc1,openff-2.3.0rc1,1,0.636711801735629,0.033881630956917,0.4912,0.00645
31913,728,dens_2128846755225827916,728,Density,<Substance CCOCCO{solv}{x=0.504800}|c1ccccc1{solv}{x=0.495200}>,CCOCCO,c1ccccc1,openff-2.3.0rc1,1,0.9033976016372032,0.0002544457081032,0.8995700000000003,0.000745
31914,729,dhmix_466383569529620932,729,EnthalpyOfMixing,<Substance CC(=O)N(C)C{solv}{x=0.505000}|CCCCCCCl{solv}{x=0.495000}>,CC(=O)N(C)C,CCCCCCCl,openff-2.3.0rc1,1,0.910413199149886,0.0414901161822081,0.61,0.003
31915,730,dhmix_493694362228351572,730,EnthalpyOfMixing,<Substance CC(=O)N(C)C{solv}{x=0.798000}|CCCCCCCl{solv}{x=0.202000}>,CC(=O)N(C)C,CCCCCCCl,openff-2.3.0rc1,1,0.4925740238758784,0.0421322154220514,0.425,0.003
31916,731,dhmix_626564461179097700,731,EnthalpyOfMixing,<Substance CC(=O)N(C)C{solv}{x=0.211000}|CCCCCCCl{solv}{x=0.789000}>,CC(=O)N(C)C,CCCCCCCl,openff-2.3.0rc1,1,0.6384611048735422,0.0413839804914086,0.38,0.003
31917,732,dens_1720641323575133011,732,Density,<Substance CC(=O)N(C)C{solv}{x=0.200300}|CCCCCCCl{solv}{x=0.799700}>,CC(=O)N(C)C,CCCCCCCl,openff-2.3.0rc1,1,0.8663932046851835,0.0002308662644626,0.8816000000000003,0.00025
31918,733,dens_1817345990638851984,733,Density,<Substance CC(=O)N(C)C{solv}{x=0.503000}|CCCCCCCl{solv}{x=0.497000}>,CC(=O)N(C)C,CCCCCCCl,openff-2.3.0rc1,1,0.8775596129026279,0.0002247405456232,0.8975000000000002,0.00025
31919,734,dens_1885054129776339889,734,Density,<Substance CC(=O)N(C)C{solv}{x=0.699200}|CCCCCCCl{solv}{x=0.300800}>,CC(=O)N(C)C,CCCCCCCl,openff-2.3.0rc1,1,0.886884907382774,0.0002158210202419,0.9104000000000002,0.0002
31920,735,dens_468507243072548580,735,Density,<Substance CCC#N{solv}{x=0.701200}|CCOC(C)(C)CC{solv}{x=0.298800}>,CCC#N,CCOC(C)(C)CC,openff-2.3.0rc1,1,0.7687928698308457,0.000247034331284,0.7715000000000002,0.0004
31921,736,dhmix_553135124490085656,736,EnthalpyOfMixing,<Substance CCC#N{solv}{x=0.502500}|CCOC(C)(C)CC{solv}{x=0.497500}>,CCC#N,CCOC(C)(C)CC,openff-2.3.0rc1,1,0.2364445702487145,0.0400947698229014,0.7023,0.00955
31922,737,dens_762108332272225600,737,Density,<Substance CCC#N{solv}{x=0.502500}|CCOC(C)(C)CC{solv}{x=0.497500}>,CCC#N,CCOC(C)(C)CC,openff-2.3.0rc1,1,0.7680470319599756,0.0002284730880652,0.7683000000000001,0.00035
31923,738,dens_967634241844220739,738,Density,<Substance CCC#N{solv}{x=0.200900}|CCOC(C)(C)CC{solv}{x=0.799100}>,CCC#N,CCOC(C)(C)CC,openff-2.3.0rc1,1,0.7658203310729033,0.000201044986822,0.7638000000000001,0.00025
31924,739,dhmix_1961082112686431376,739,EnthalpyOfMixing,<Substance CCC#N{solv}{x=0.200900}|CCOC(C)(C)CC{solv}{x=0.799100}>,CCC#N,CCOC(C)(C)CC,openff-2.3.0rc1,1,0.2196363847580968,0.0537277092258215,0.502,0.00685
31925,740,dhmix_2005765786246998093,740,EnthalpyOfMixing,<Substance CCC#N{solv}{x=0.701200}|CCOC(C)(C)CC{solv}{x=0.298800}>,CCC#N,CCOC(C)(C)CC,openff-2.3.0rc1,1,0.2031966256981192,0.0370586180141446,0.5863,0.008
31926,741,dhmix_471514663464011364,741,EnthalpyOfMixing,<Substance C1CCOCC1{solv}{x=0.722000}|CCCCCO{solv}{x=0.278000}>,C1CCOCC1,CCCCCO,openff-2.3.0rc1,1,1.235683997955988,0.0415205999075687,0.8628,0.00745
31927,742,dens_910343796235321484,742,Density,<Substance C1CCOCC1{solv}{x=0.298700}|CCCCCO{solv}{x=0.701300}>,C1CCOCC1,CCCCCO,openff-2.3.0rc1,1,0.8258005317860453,0.0002426957700245,0.8293300000000002,0.00034
31928,743,dens_1812069868432416079,743,Density,<Substance C1CCOCC1{solv}{x=0.800000}|CCCCCO{solv}{x=0.200000}>,C1CCOCC1,CCCCCO,openff-2.3.0rc1,1,0.856535369710411,0.0002270510238132,0.8635900000000002,0.000315
31929,744,dhmix_1936206883965149188,744,EnthalpyOfMixing,<Substance C1CCOCC1{solv}{x=0.526000}|CCCCCO{solv}{x=0.474000}>,C1CCOCC1,CCCCCO,openff-2.3.0rc1,1,1.326528430494449,0.0443741912226717,0.97,0.00615
31930,745,dhmix_1992318015190346725,745,EnthalpyOfMixing,<Substance C1CCOCC1{solv}{x=0.217000}|CCCCCO{solv}{x=0.783000}>,C1CCOCC1,CCCCCO,openff-2.3.0rc1,1,0.7892452635447569,0.0443635000845974,0.6006,0.00455
31931,746,dens_2204330198012032768,746,Density,<Substance C1CCOCC1{solv}{x=0.499400}|CCCCCO{solv}{x=0.500600}>,C1CCOCC1,CCCCCO,openff-2.3.0rc1,1,0.8376586788032415,0.0002622499809628,0.8425400000000002,0.00033
31932,747,dhmix_472822428299818953,747,EnthalpyOfMixing,<Substance CC(C)CC(C)(C)C{solv}{x=0.700500}|CCCCO{solv}{x=0.299500}>,CC(C)CC(C)(C)C,CCCCO,openff-2.3.0rc1,1,0.615995948951749,0.0388900943401332,0.6228,0.0028
31933,748,dhmix_628387028768654403,748,EnthalpyOfMixing,<Substance CC(C)CC(C)(C)C{solv}{x=0.499900}|CCCCO{solv}{x=0.500100}>,CC(C)CC(C)(C)C,CCCCO,openff-2.3.0rc1,1,0.6278183271992361,0.0468663740397469,0.5938,0.0027
31934,749,dens_631668933678639865,749,Density,<Substance CC(C)CC(C)(C)C{solv}{x=0.200000}|CCCCO{solv}{x=0.800000}>,CC(C)CC(C)(C)C,CCCCO,openff-2.3.0rc1,1,0.7728529765932234,0.0002398030054404,0.7696800000000001,0.000295
31935,750,dens_1394470087977586253,750,Density,<Substance CC(C)CC(C)(C)C{solv}{x=0.500000}|CCCCO{solv}{x=0.500000}>,CC(C)CC(C)(C)C,CCCCO,openff-2.3.0rc1,1,0.7387607152935565,0.000209259011348,0.7294000000000002,0.000285
31936,751,dens_1809610870413503056,751,Density,<Substance CC(C)CC(C)(C)C{solv}{x=0.699900}|CCCCO{solv}{x=0.300100}>,CC(C)CC(C)(C)C,CCCCO,openff-2.3.0rc1,1,0.7221120920966692,0.0001983509027703,0.7097700000000001,0.000285
31937,752,dhmix_2302589146189152767,752,EnthalpyOfMixing,<Substance CC(C)CC(C)(C)C{solv}{x=0.200200}|CCCCO{solv}{x=0.799800}>,CC(C)CC(C)(C)C,CCCCO,openff-2.3.0rc1,1,0.3367121247120153,0.0489433997813592,0.27646,0.003235
31938,753,dens_486902622078179007,753,Density,<Substance COC=O{solv}{x=0.494600}|CO{solv}{x=0.505400}>,CO,COC=O,openff-2.3.0rc1,1,0.9004440312604687,0.000365957472407,0.8956100000000002,7.500000000000002e-05
31939,754,dens_750646162221180186,754,Density,<Substance COC=O{solv}{x=0.083300}|CO{solv}{x=0.916700}>,CO,COC=O,openff-2.3.0rc1,1,0.7999096766508172,0.0004180105514353,0.8088000000000002,9.000000000000002e-05
31940,755,dhmix_1113631207235753369,755,EnthalpyOfMixing,<Substance COC=O{solv}{x=0.717800}|CO{solv}{x=0.282200}>,CO,COC=O,openff-2.3.0rc1,1,0.8180413163248493,0.0301551692938596,1.105,0.012
31941,756,dhmix_2143911117683117531,756,EnthalpyOfMixing,<Substance COC=O{solv}{x=0.512700}|CO{solv}{x=0.487300}>,CO,COC=O,openff-2.3.0rc1,1,1.0197467900407573,0.0303941305378853,1.179,0.0125
31942,757,dens_2148324189014877510,757,Density,<Substance COC=O{solv}{x=0.727100}|CO{solv}{x=0.272900}>,CO,COC=O,openff-2.3.0rc1,1,0.9427073675665312,0.0002492647734138,0.9321000000000004,8.000000000000002e-05
31943,758,dhmix_2205254965267695203,758,EnthalpyOfMixing,<Substance COC=O{solv}{x=0.083300}|CO{solv}{x=0.916700}>,CO,COC=O,openff-2.3.0rc1,1,0.3081255301684429,0.0281047534615604,0.311,0.0035
31944,759,dhmix_497300242003673148,759,EnthalpyOfMixing,<Substance BrCCBr{solv}{x=0.284100}|CCCCOC(=O)CCC{solv}{x=0.715900}>,BrCCBr,CCCCOC(=O)CCC,openff-2.3.0rc1,1,-0.4053644036389983,0.0508670873148848,-0.054,0.001
31945,760,dhmix_712261179736749495,760,EnthalpyOfMixing,<Substance BrCCBr{solv}{x=0.515300}|CCCCOC(=O)CCC{solv}{x=0.484700}>,BrCCBr,CCCCOC(=O)CCC,openff-2.3.0rc1,1,-0.6767775618485601,0.0436160663619159,-0.027,0.0005
31946,761,dens_846614854165535724,761,Density,<Substance BrCCBr{solv}{x=0.212900}|CCCCOC(=O)CCC{solv}{x=0.787100}>,BrCCBr,CCCCOC(=O)CCC,openff-2.3.0rc1,1,1.0189202023670685,0.0001994204365458,1.0245500000000003,0.00013
31947,762,dens_1085110183353279404,762,Density,<Substance BrCCBr{solv}{x=0.730000}|CCCCOC(=O)CCC{solv}{x=0.270000}>,BrCCBr,CCCCOC(=O)CCC,openff-2.3.0rc1,1,1.604214818308633,0.0005147689101227,1.6231500000000003,0.000405
31948,763,dhmix_2153957437015117204,763,EnthalpyOfMixing,<Substance BrCCBr{solv}{x=0.763900}|CCCCOC(=O)CCC{solv}{x=0.236100}>,BrCCBr,CCCCOC(=O)CCC,openff-2.3.0rc1,1,-0.3483400208669955,0.0368642534896704,0.051,0.001
31949,764,dens_2242615301342819560,764,Density,<Substance BrCCBr{solv}{x=0.449300}|CCCCOC(=O)CCC{solv}{x=0.550700}>,BrCCBr,CCCCOC(=O)CCC,openff-2.3.0rc1,1,1.2425706553109868,0.0003432059560926,1.2506100000000002,0.000225
31950,765,dens_501060706627477242,765,Density,<Substance OC1=NCCC1{solv}{x=0.500000}|O{solv}{x=0.500000}>,O,OC1=NCCC1,openff-2.3.0rc1,1,1.060565836223543,0.0002190099758127,1.0977070000000004,0.0005555
31951,766,dens_929065521104254808,766,Density,<Substance OC1=NCCC1{solv}{x=0.744800}|O{solv}{x=0.255200}>,O,OC1=NCCC1,openff-2.3.0rc1,1,1.0697368912510752,0.0002395732861068,1.1044310000000004,0.000577
31952,767,dhmix_1128968771311392860,767,EnthalpyOfMixing,<Substance OC1=NCCC1{solv}{x=0.769300}|O{solv}{x=0.230700}>,O,OC1=NCCC1,openff-2.3.0rc1,1,0.5074862733240337,0.0359925911735561,-0.678,0.1695
31953,768,dens_1192491633684345401,768,Density,<Substance OC1=NCCC1{solv}{x=0.246800}|O{solv}{x=0.753200}>,O,OC1=NCCC1,openff-2.3.0rc1,1,1.0394214039976668,0.0003808034762199,1.077068,0.0004905
31954,769,dhmix_1775375132531538271,769,EnthalpyOfMixing,<Substance OC1=NCCC1{solv}{x=0.478300}|O{solv}{x=0.521700}>,O,OC1=NCCC1,openff-2.3.0rc1,1,0.7922285069046069,0.0308440245140134,-0.8384,0.20965
31955,770,dhmix_1895825007089845103,770,EnthalpyOfMixing,<Substance OC1=NCCC1{solv}{x=0.231900}|O{solv}{x=0.768100}>,O,OC1=NCCC1,openff-2.3.0rc1,1,0.6531995410317961,0.0247266100738399,-0.5238,0.13095
31956,771,dens_502738970558558534,771,Density,<Substance BrCCBr{solv}{x=0.749000}|COC=O{solv}{x=0.251000}>,BrCCBr,COC=O,openff-2.3.0rc1,1,1.8993101406052797,0.0007279870398483,1.9319600000000008,0.003535
31957,772,dhmix_523129341332875255,772,EnthalpyOfMixing,<Substance BrCCBr{solv}{x=0.059500}|COC=O{solv}{x=0.940500}>,BrCCBr,COC=O,openff-2.3.0rc1,1,0.1714971156367077,0.036256921475533,0.1715,0.00215
31958,773,dens_528986974844153101,773,Density,<Substance BrCCBr{solv}{x=0.059800}|COC=O{solv}{x=0.940200}>,BrCCBr,COC=O,openff-2.3.0rc1,1,1.0789234285312754,0.0003597335075934,1.06428,0.00056
31959,774,dhmix_1521152703631810888,774,EnthalpyOfMixing,<Substance BrCCBr{solv}{x=0.757400}|COC=O{solv}{x=0.242600}>,BrCCBr,COC=O,openff-2.3.0rc1,1,0.5872944044921926,0.0292457727761663,0.653,0.00585
31960,775,dhmix_1685647138770344206,775,EnthalpyOfMixing,<Substance BrCCBr{solv}{x=0.528100}|COC=O{solv}{x=0.471900}>,BrCCBr,COC=O,openff-2.3.0rc1,1,0.732866665855882,0.0310502340980887,0.8123,0.00705
31961,776,dens_1945150067923572864,776,Density,<Substance BrCCBr{solv}{x=0.501500}|COC=O{solv}{x=0.498500}>,BrCCBr,COC=O,openff-2.3.0rc1,1,1.6535346711528605,0.0006065839113367,1.6620300000000003,0.00232
31962,777,dens_511283508189056955,777,Density,<Substance CCO{solv}{x=0.291400}|CN(C)CCO{solv}{x=0.708600}>,CCO,CN(C)CCO,openff-2.3.0rc1,1,0.888635728405523,0.0002023516141983,0.8710100000000002,0.000165
31963,778,dhmix_1055456388735168345,778,EnthalpyOfMixing,<Substance CCO{solv}{x=0.508400}|CN(C)CCO{solv}{x=0.491600}>,CCO,CN(C)CCO,openff-2.3.0rc1,1,-0.3698147962036699,0.0387285936119913,-0.4044,0.0044
31964,779,dens_1119930253414624267,779,Density,<Substance CCO{solv}{x=0.699500}|CN(C)CCO{solv}{x=0.300500}>,CCO,CN(C)CCO,openff-2.3.0rc1,1,0.8441116498501267,0.0002150688600012,0.8345000000000002,0.000135
31965,780,dhmix_1132835222292135012,780,EnthalpyOfMixing,<Substance CCO{solv}{x=0.268600}|CN(C)CCO{solv}{x=0.731400}>,CCO,CN(C)CCO,openff-2.3.0rc1,1,-0.3816290349298583,0.0438228316503719,-0.2783,0.0031
31966,781,dens_1964926738263319597,781,Density,<Substance CCO{solv}{x=0.494900}|CN(C)CCO{solv}{x=0.505100}>,CCO,CN(C)CCO,openff-2.3.0rc1,1,0.8691537804494641,0.0002400578815636,0.8566200000000002,0.00015
31967,782,dhmix_2011138895468245368,782,EnthalpyOfMixing,<Substance CCO{solv}{x=0.733500}|CN(C)CCO{solv}{x=0.266500}>,CCO,CN(C)CCO,openff-2.3.0rc1,1,-0.5056237352289017,0.0356349134414428,-0.3657,0.004
31968,783,dhmix_517287783481256565,783,EnthalpyOfMixing,<Substance CN(C)C=O{solv}{x=0.701000}|ClCCCCCl{solv}{x=0.299000}>,CN(C)C=O,ClCCCCCl,openff-2.3.0rc1,1,0.4577568990568679,0.0403586458913169,-0.052,0.002
31969,784,dens_765057686797526715,784,Density,<Substance CN(C)C=O{solv}{x=0.794300}|ClCCCCCl{solv}{x=0.205700}>,CN(C)C=O,ClCCCCCl,openff-2.3.0rc1,1,0.9699026474669672,0.0002605003356842,0.9934000000000002,0.00245
31970,785,dens_1092490027864410415,785,Density,<Substance CN(C)C=O{solv}{x=0.502200}|ClCCCCCl{solv}{x=0.497800}>,CN(C)C=O,ClCCCCCl,openff-2.3.0rc1,1,1.0318158300612317,0.0002206183651332,1.0524000000000004,0.0022
31971,786,dens_1571926938169630329,786,Density,<Substance CN(C)C=O{solv}{x=0.299400}|ClCCCCCl{solv}{x=0.700600}>,CN(C)C=O,ClCCCCCl,openff-2.3.0rc1,1,1.0685755260336165,0.0003120802437516,1.0879000000000003,0.0021
31972,787,dhmix_1989422051580285053,787,EnthalpyOfMixing,<Substance CN(C)C=O{solv}{x=0.501000}|ClCCCCCl{solv}{x=0.499000}>,CN(C)C=O,ClCCCCCl,openff-2.3.0rc1,1,0.4370486959561788,0.0348989558220846,-0.056,0.002
31973,788,dhmix_2190775305913174779,788,EnthalpyOfMixing,<Substance CN(C)C=O{solv}{x=0.204000}|ClCCCCCl{solv}{x=0.796000}>,CN(C)C=O,ClCCCCCl,openff-2.3.0rc1,1,0.335316592246869,0.0396488802299815,-0.039,0.002
31974,789,dens_518199256039095036,789,Density,<Substance CCCCO{solv}{x=0.496400}|NCCN{solv}{x=0.503600}>,CCCCO,NCCN,openff-2.3.0rc1,1,0.8783994519525572,0.0002893643501617,0.8519430000000002,0.000219
31975,790,dens_866492593379488722,790,Density,<Substance CCCCO{solv}{x=0.739800}|NCCN{solv}{x=0.260200}>,CCCCO,NCCN,openff-2.3.0rc1,1,0.8385738201454042,0.0002852257849525,0.8325090000000002,0.000221
31976,791,dens_2064365769538781360,791,Density,<Substance CCCCO{solv}{x=0.291900}|NCCN{solv}{x=0.708100}>,CCCCO,NCCN,openff-2.3.0rc1,1,0.9189539390624748,0.0001860542211133,0.8676960000000002,0.0002205
31977,792,dens_520201021244222151,792,Density,<Substance O=C1CCCO1{solv}{x=0.300000}|O{solv}{x=0.700000}>,O,O=C1CCCO1,openff-2.3.0rc1,1,1.0543168026042626,0.0003564788993292,1.0886000000000002,0.0001
31978,793,dens_2198925124601089428,793,Density,<Substance O=C1CCCO1{solv}{x=0.500000}|O{solv}{x=0.500000}>,O,O=C1CCCO1,openff-2.3.0rc1,1,1.073437165189275,0.0002986867445521,1.1059000000000003,0.0001
31979,794,dens_2272207838075726438,794,Density,<Substance O=C1CCCO1{solv}{x=0.800000}|O{solv}{x=0.200000}>,O,O=C1CCCO1,openff-2.3.0rc1,1,1.090602479277523,0.0002426431902408,1.1182000000000003,0.0001
31980,795,dhmix_524376395520217080,795,EnthalpyOfMixing,<Substance CC(C)CC(C)(C)C{solv}{x=0.440700}|CCCC(=O)OC{solv}{x=0.559300}>,CC(C)CC(C)(C)C,CCCC(=O)OC,openff-2.3.0rc1,1,1.5797063778023954,0.0481602582234102,1.053,0.0115
31981,796,dens_581090592491592243,796,Density,<Substance CC(C)CC(C)(C)C{solv}{x=0.298100}|CCCC(=O)OC{solv}{x=0.701900}>,CC(C)CC(C)(C)C,CCCC(=O)OC,openff-2.3.0rc1,1,0.8160749956685918,0.0001807047547431,0.8119000000000002,0.000505
31982,797,dens_1497434747823371430,797,Density,<Substance CC(C)CC(C)(C)C{solv}{x=0.724300}|CCCC(=O)OC{solv}{x=0.275700}>,CC(C)CC(C)(C)C,CCCC(=O)OC,openff-2.3.0rc1,1,0.7402809706868875,0.0001895757466392,0.7279000000000001,0.000505
31983,798,dhmix_1614087501371550297,798,EnthalpyOfMixing,<Substance CC(C)CC(C)(C)C{solv}{x=0.762900}|CCCC(=O)OC{solv}{x=0.237100}>,CC(C)CC(C)(C)C,CCCC(=O)OC,openff-2.3.0rc1,1,1.2517072278083248,0.0512734219593019,0.789,0.0085
31984,799,dens_1842979547629422953,799,Density,<Substance CC(C)CC(C)(C)C{solv}{x=0.441000}|CCCC(=O)OC{solv}{x=0.559000}>,CC(C)CC(C)(C)C,CCCC(=O)OC,openff-2.3.0rc1,1,0.7875758778439897,0.0001923287907007,0.7803000000000001,0.000505
31985,800,dhmix_2246911102339588209,800,EnthalpyOfMixing,<Substance CC(C)CC(C)(C)C{solv}{x=0.298200}|CCCC(=O)OC{solv}{x=0.701800}>,CC(C)CC(C)(C)C,CCCC(=O)OC,openff-2.3.0rc1,1,1.357987991932163,0.0394448254309446,0.884,0.0095
31986,801,dhmix_536798507677319129,801,EnthalpyOfMixing,<Substance C1COCO1{solv}{x=0.267900}|Cc1ccccc1Cl{solv}{x=0.732100}>,C1COCO1,Cc1ccccc1Cl,openff-2.3.0rc1,1,0.2243787082493185,0.0393325324033288,0.272,0.0015
31987,802,dens_559535483529614058,802,Density,<Substance C1COCO1{solv}{x=0.726600}|Cc1ccccc1Cl{solv}{x=0.273400}>,C1COCO1,Cc1ccccc1Cl,openff-2.3.0rc1,1,1.0928407648460552,0.0002507658274856,1.0652000000000004,0.0005
31988,803,dens_731520844601672570,803,Density,<Substance C1COCO1{solv}{x=0.268500}|Cc1ccccc1Cl{solv}{x=0.731500}>,C1COCO1,Cc1ccccc1Cl,openff-2.3.0rc1,1,1.0753702212462637,0.0002334670693393,1.0630000000000002,0.0005
31989,804,dens_839907656840905053,804,Density,<Substance C1COCO1{solv}{x=0.516900}|Cc1ccccc1Cl{solv}{x=0.483100}>,C1COCO1,Cc1ccccc1Cl,openff-2.3.0rc1,1,1.0901934977039436,0.0002282446217288,1.0694000000000004,0.0005
31990,805,dhmix_1308085019204784636,805,EnthalpyOfMixing,<Substance C1COCO1{solv}{x=0.500900}|Cc1ccccc1Cl{solv}{x=0.499100}>,C1COCO1,Cc1ccccc1Cl,openff-2.3.0rc1,1,0.3050599161097835,0.0353154643071458,0.393,0.002
31991,806,dhmix_1924685013370154802,806,EnthalpyOfMixing,<Substance C1COCO1{solv}{x=0.760400}|Cc1ccccc1Cl{solv}{x=0.239600}>,C1COCO1,Cc1ccccc1Cl,openff-2.3.0rc1,1,0.3077813401363727,0.0386643171602387,0.313,0.0015
31992,807,dhmix_549919019055097043,807,EnthalpyOfMixing,<Substance C1CCCCC1{solv}{x=0.799100}|CC(C)O{solv}{x=0.200900}>,C1CCCCC1,CC(C)O,openff-2.3.0rc1,1,0.8045910791133792,0.0455057420282594,0.702,0.017
31993,808,dhmix_1101575580592240663,808,EnthalpyOfMixing,<Substance C1CCCCC1{solv}{x=0.199500}|CC(C)O{solv}{x=0.800500}>,C1CCCCC1,CC(C)O,openff-2.3.0rc1,1,0.4653980811941027,0.0391856003364675,0.438,0.011
31994,809,dhmix_1262965345724899699,809,EnthalpyOfMixing,<Substance C1CCCCC1{solv}{x=0.498400}|CC(C)O{solv}{x=0.501600}>,C1CCCCC1,CC(C)O,openff-2.3.0rc1,1,0.6984366605927619,0.0409655533721974,0.801,0.0195
31995,810,dens_1431184569437551541,810,Density,<Substance C1CCCCC1{solv}{x=0.705800}|CC(C)O{solv}{x=0.294200}>,C1CCCCC1,CC(C)O,openff-2.3.0rc1,1,0.7607606917038903,0.0001992584657701,0.7711100000000002,0.000245
31996,811,dens_2097249982689376165,811,Density,<Substance C1CCCCC1{solv}{x=0.200000}|CC(C)O{solv}{x=0.800000}>,C1CCCCC1,CC(C)O,openff-2.3.0rc1,1,0.7859167094743729,0.000195703775862,0.7761000000000002,0.0003
31997,812,dens_2130071224188444793,812,Density,<Substance C1CCCCC1{solv}{x=0.503900}|CC(C)O{solv}{x=0.496100}>,C1CCCCC1,CC(C)O,openff-2.3.0rc1,1,0.7680742417725378,0.0002553942656754,0.7719000000000001,0.0003
31998,813,dens_562489367284385084,813,Density,<Substance CCCCC(=O)OC{solv}{x=0.251100}|COC(C)=O{solv}{x=0.748900}>,CCCCC(=O)OC,COC(C)=O,openff-2.3.0rc1,1,0.9123490407612465,0.0002295733601773,0.9105300000000002,0.000505
31999,814,dhmix_814771684244180933,814,EnthalpyOfMixing,<Substance CCCCC(=O)OC{solv}{x=0.733900}|COC(C)=O{solv}{x=0.266100}>,CCCCC(=O)OC,COC(C)=O,openff-2.3.0rc1,1,0.0683719814188905,0.0412172326019586,0.178,0.002
32000,815,dhmix_915202362324204655,815,EnthalpyOfMixing,<Substance CCCCC(=O)OC{solv}{x=0.505500}|COC(C)=O{solv}{x=0.494500}>,CCCCC(=O)OC,COC(C)=O,openff-2.3.0rc1,1,0.1078474868743235,0.0403511957621806,0.238,0.0025
32001,816,dhmix_935892165648195197,816,EnthalpyOfMixing,<Substance CCCCC(=O)OC{solv}{x=0.234700}|COC(C)=O{solv}{x=0.765300}>,CCCCC(=O)OC,COC(C)=O,openff-2.3.0rc1,1,0.0877686525245877,0.0388848527654877,0.173,0.002
32002,817,dens_961692445804333991,817,Density,<Substance CCCCC(=O)OC{solv}{x=0.738300}|COC(C)=O{solv}{x=0.261700}>,CCCCC(=O)OC,COC(C)=O,openff-2.3.0rc1,1,0.8901836937036991,0.000222923512933,0.8914700000000002,0.000505
32003,818,dens_1493380961688632529,818,Density,<Substance CCCCC(=O)OC{solv}{x=0.493500}|COC(C)=O{solv}{x=0.506500}>,CCCCC(=O)OC,COC(C)=O,openff-2.3.0rc1,1,0.8991142311601088,0.0002079036683619,0.8996200000000002,0.000505
32004,819,dhmix_563342363018905515,819,EnthalpyOfMixing,<Substance CCOC(=O)CC(C)=O{solv}{x=0.751400}|O{solv}{x=0.248600}>,CCOC(=O)CC(C)=O,O,openff-2.3.0rc1,1,0.9093871100017736,0.0464553939662286,1.128,0.012
32005,820,dhmix_1385095028103136291,820,EnthalpyOfMixing,<Substance CCOC(=O)CC(C)=O{solv}{x=0.449100}|O{solv}{x=0.550900}>,CCOC(=O)CC(C)=O,O,openff-2.3.0rc1,1,0.783670532173943,0.0333673274995969,0.684,0.0075
32006,821,dhmix_1609967394780907654,821,EnthalpyOfMixing,<Substance CCOC(=O)CC(C)=O{solv}{x=0.299400}|O{solv}{x=0.700600}>,CCOC(=O)CC(C)=O,O,openff-2.3.0rc1,1,0.6422253003942728,0.024215603311922,0.428,0.005
32007,822,dhmix_566259260175961973,822,EnthalpyOfMixing,<Substance CCCCO{solv}{x=0.144700}|OC1=NCCC1{solv}{x=0.855300}>,CCCCO,OC1=NCCC1,openff-2.3.0rc1,1,0.5856143989204128,0.0370186684669077,0.0949,0.0012
32008,823,dens_1146983614802652988,823,Density,<Substance CCCCO{solv}{x=0.500400}|OC1=NCCC1{solv}{x=0.499600}>,CCCCO,OC1=NCCC1,openff-2.3.0rc1,1,0.934230417670854,0.0002173188984471,0.94503,0.00015
32009,824,dhmix_1601732489230179724,824,EnthalpyOfMixing,<Substance CCCCO{solv}{x=0.497800}|OC1=NCCC1{solv}{x=0.502200}>,CCCCO,OC1=NCCC1,openff-2.3.0rc1,1,1.3726162317497952,0.042040277843593,0.2326,0.0026
32010,825,dhmix_1661138478850718837,825,EnthalpyOfMixing,<Substance CCCCO{solv}{x=0.754800}|OC1=NCCC1{solv}{x=0.245200}>,CCCCO,OC1=NCCC1,openff-2.3.0rc1,1,1.1482869659120118,0.0299899648634532,0.2356,0.00265
32011,826,dens_1878955695276199878,826,Density,<Substance CCCCO{solv}{x=0.144600}|OC1=NCCC1{solv}{x=0.855400}>,CCCCO,OC1=NCCC1,openff-2.3.0rc1,1,1.0316477052402215,0.0002767942855135,1.0575900000000005,0.000205
32012,827,dens_2101998760005952263,827,Density,<Substance CCCCO{solv}{x=0.755500}|OC1=NCCC1{solv}{x=0.244500}>,CCCCO,OC1=NCCC1,openff-2.3.0rc1,1,0.86647582639966,0.0001943457842783,0.8711500000000002,0.000185
32013,828,dhmix_569012254773025696,828,EnthalpyOfMixing,<Substance CC(C)(C)O{solv}{x=0.505700}|OC1=NCCC1{solv}{x=0.494300}>,CC(C)(C)O,OC1=NCCC1,openff-2.3.0rc1,1,1.9110611687150367,0.038246566925472,0.4323,0.0047
32014,829,dens_992979807705536615,829,Density,<Substance CC(C)(C)O{solv}{x=0.751100}|OC1=NCCC1{solv}{x=0.248900}>,CC(C)(C)O,OC1=NCCC1,openff-2.3.0rc1,1,0.8754740946219017,0.0003565146843346,0.8505700000000003,0.000215
32015,830,dens_1020722913861580636,830,Density,<Substance CC(C)(C)O{solv}{x=0.499700}|OC1=NCCC1{solv}{x=0.500300}>,CC(C)(C)O,OC1=NCCC1,openff-2.3.0rc1,1,0.93806488595748,0.0002199801924495,0.9282800000000002,0.00018
32016,831,dhmix_1408261346335628114,831,EnthalpyOfMixing,<Substance CC(C)(C)O{solv}{x=0.744900}|OC1=NCCC1{solv}{x=0.255100}>,CC(C)(C)O,OC1=NCCC1,openff-2.3.0rc1,1,1.6592887912948058,0.0433991943159308,0.3774,0.00415
32017,832,dhmix_1466823939183874689,832,EnthalpyOfMixing,<Substance CC(C)(C)O{solv}{x=0.257800}|OC1=NCCC1{solv}{x=0.742200}>,CC(C)(C)O,OC1=NCCC1,openff-2.3.0rc1,1,1.1088179077318756,0.0336146188519764,0.2874,0.0032
32018,833,dens_1768273433543243004,833,Density,<Substance CC(C)(C)O{solv}{x=0.276400}|OC1=NCCC1{solv}{x=0.723600}>,CC(C)(C)O,OC1=NCCC1,openff-2.3.0rc1,1,0.997779149961349,0.0004178272085638,1.0036300000000002,0.000155
32019,834,dens_571827819113574480,834,Density,<Substance CC(C)OC(C)C{solv}{x=0.700400}|Cc1ccccc1{solv}{x=0.299600}>,CC(C)OC(C)C,Cc1ccccc1,openff-2.3.0rc1,1,0.7713301793059297,0.0002149977835951,0.7573100000000001,0.000155
32020,835,dhmix_686402805609192969,835,EnthalpyOfMixing,<Substance CC(C)OC(C)C{solv}{x=0.228000}|Cc1ccccc1{solv}{x=0.772000}>,CC(C)OC(C)C,Cc1ccccc1,openff-2.3.0rc1,1,-0.1817773846031514,0.044130176079516,0.0593,0.00515
32021,836,dhmix_1045652173440309018,836,EnthalpyOfMixing,<Substance CC(C)OC(C)C{solv}{x=0.752000}|Cc1ccccc1{solv}{x=0.248000}>,CC(C)OC(C)C,Cc1ccccc1,openff-2.3.0rc1,1,-0.0927040995694383,0.044917639527057,-0.0091,0.00505
32022,837,dhmix_1690461453403165745,837,EnthalpyOfMixing,<Substance CC(C)OC(C)C{solv}{x=0.455000}|Cc1ccccc1{solv}{x=0.545000}>,CC(C)OC(C)C,Cc1ccccc1,openff-2.3.0rc1,1,-0.0860383255770926,0.0343304415307162,0.0323,0.0051
32023,838,dens_2086775654110573795,838,Density,<Substance CC(C)OC(C)C{solv}{x=0.200400}|Cc1ccccc1{solv}{x=0.799600}>,CC(C)OC(C)C,Cc1ccccc1,openff-2.3.0rc1,1,0.8339812053840518,0.0002278323477193,0.8299700000000002,0.00014
32024,839,dens_2167043968237201720,839,Density,<Substance CC(C)OC(C)C{solv}{x=0.500300}|Cc1ccccc1{solv}{x=0.499700}>,CC(C)OC(C)C,Cc1ccccc1,openff-2.3.0rc1,1,0.795134698541084,0.0002211850002703,0.7849200000000002,0.000155
32025,840,dhmix_578047845607378963,840,EnthalpyOfMixing,<Substance CN1CCCC1=O{solv}{x=0.635900}|c1ccncc1{solv}{x=0.364100}>,CN1CCCC1=O,c1ccncc1,openff-2.3.0rc1,1,-0.2922790968062259,0.0426303901926933,-0.4013,0.10035
32026,841,dhmix_625120262301063359,841,EnthalpyOfMixing,<Substance CN1CCCC1=O{solv}{x=0.231200}|c1ccncc1{solv}{x=0.768800}>,CN1CCCC1=O,c1ccncc1,openff-2.3.0rc1,1,-0.2630451173533377,0.0375408496602432,-0.3157,0.07895
32027,842,dens_1059919274311274879,842,Density,<Substance CN1CCCC1=O{solv}{x=0.521500}|c1ccncc1{solv}{x=0.478500}>,CN1CCCC1=O,c1ccncc1,openff-2.3.0rc1,1,0.994723765488719,0.0002191391082361,1.0158200000000004,0.00051
32028,843,dens_1445187430653020908,843,Density,<Substance CN1CCCC1=O{solv}{x=0.234800}|c1ccncc1{solv}{x=0.765200}>,CN1CCCC1=O,c1ccncc1,openff-2.3.0rc1,1,0.9878081511095618,0.0002438149882003,0.9983500000000004,0.00051
32029,844,dhmix_1933003504821603087,844,EnthalpyOfMixing,<Substance CN1CCCC1=O{solv}{x=0.499500}|c1ccncc1{solv}{x=0.500500}>,CN1CCCC1=O,c1ccncc1,openff-2.3.0rc1,1,-0.3049828959163514,0.0395599332755311,-0.4356,0.1089
32030,845,dens_2199047009222847682,845,Density,<Substance CN1CCCC1=O{solv}{x=0.636400}|c1ccncc1{solv}{x=0.363600}>,CN1CCCC1=O,c1ccncc1,openff-2.3.0rc1,1,0.9969571195118336,0.0002316340461655,1.0207400000000002,0.00051
32031,846,dens_586351122522837789,846,Density,<Substance c1cc[nH]c1{solv}{x=0.820700}|c1ccccc1{solv}{x=0.179300}>,c1cc[nH]c1,c1ccccc1,openff-2.3.0rc1,1,0.957611053045204,0.0002572893560117,0.9503300000000002,0.000195
32032,847,dhmix_1101447260293284221,847,EnthalpyOfMixing,<Substance c1cc[nH]c1{solv}{x=0.494000}|c1ccccc1{solv}{x=0.506000}>,c1cc[nH]c1,c1ccccc1,openff-2.3.0rc1,1,0.5812448064456817,0.0342795613926906,0.609,0.00395
32033,848,dens_1366042600317618213,848,Density,<Substance c1cc[nH]c1{solv}{x=0.503000}|c1ccccc1{solv}{x=0.497000}>,c1cc[nH]c1,c1ccccc1,openff-2.3.0rc1,1,0.9225218337614872,0.0002536402675153,0.9220400000000002,0.00019
32034,849,dens_2042223650153961549,849,Density,<Substance c1cc[nH]c1{solv}{x=0.314200}|c1ccccc1{solv}{x=0.685800}>,c1cc[nH]c1,c1ccccc1,openff-2.3.0rc1,1,0.904978725985866,0.0002439833371434,0.9043500000000002,0.000195
32035,850,dhmix_2080652523589171296,850,EnthalpyOfMixing,<Substance c1cc[nH]c1{solv}{x=0.820800}|c1ccccc1{solv}{x=0.179200}>,c1cc[nH]c1,c1ccccc1,openff-2.3.0rc1,1,0.2715833410664743,0.0383722490728843,0.3441,0.00245
32036,851,dhmix_2101365800313583195,851,EnthalpyOfMixing,<Substance c1cc[nH]c1{solv}{x=0.314000}|c1ccccc1{solv}{x=0.686000}>,c1cc[nH]c1,c1ccccc1,openff-2.3.0rc1,1,0.4603764216747308,0.0363014652003959,0.5893,0.00385
32037,852,dens_592296207180530796,852,Density,<Substance C1CCNCC1{solv}{x=0.250000}|O{solv}{x=0.750000}>,C1CCNCC1,O,openff-2.3.0rc1,1,0.9067548447830556,0.0003602169759218,0.9379600000000002,0.000185
32038,853,dhmix_598563182385523239,853,EnthalpyOfMixing,<Substance C1CCNCC1{solv}{x=0.750000}|O{solv}{x=0.250000}>,C1CCNCC1,O,openff-2.3.0rc1,1,-0.4459204608700204,0.0398414254017623,-1.4628,0.02995
32039,854,dens_1144696340343060729,854,Density,<Substance C1CCNCC1{solv}{x=0.500000}|O{solv}{x=0.500000}>,C1CCNCC1,O,openff-2.3.0rc1,1,0.8828161037449408,0.0002888381970054,0.90329,0.000235
32040,855,dens_1551117370864361960,855,Density,<Substance C1CCNCC1{solv}{x=0.750000}|O{solv}{x=0.250000}>,C1CCNCC1,O,openff-2.3.0rc1,1,0.8702665266773288,0.0002626902897395,0.8771300000000002,0.000285
32041,856,dhmix_2023343497633678069,856,EnthalpyOfMixing,<Substance C1CCNCC1{solv}{x=0.500000}|O{solv}{x=0.500000}>,C1CCNCC1,O,openff-2.3.0rc1,1,-0.6654306489481083,0.0346527302085091,-2.1379,0.04355
32042,857,dhmix_2169709193905404129,857,EnthalpyOfMixing,<Substance C1CCNCC1{solv}{x=0.250000}|O{solv}{x=0.750000}>,C1CCNCC1,O,openff-2.3.0rc1,1,-0.4873577010244165,0.0255845235808446,-1.9642,0.04065
32043,858,dhmix_597694390671293228,858,EnthalpyOfMixing,<Substance C1CCCCC1{solv}{x=0.495000}|c1cc[nH]c1{solv}{x=0.505000}>,C1CCCCC1,c1cc[nH]c1,openff-2.3.0rc1,1,1.4870067453361813,0.0372650174974492,1.4275,0.00895
32044,859,dens_1402964712081643759,859,Density,<Substance C1CCCCC1{solv}{x=0.281700}|c1cc[nH]c1{solv}{x=0.718300}>,C1CCCCC1,c1cc[nH]c1,openff-2.3.0rc1,1,0.8895130446947287,0.00026229622636,0.9082800000000002,0.00023
32045,860,dens_1463337814181203578,860,Density,<Substance C1CCCCC1{solv}{x=0.925100}|c1cc[nH]c1{solv}{x=0.074900}>,C1CCCCC1,c1cc[nH]c1,openff-2.3.0rc1,1,0.7635280754970915,0.000257578876439,0.7860300000000001,0.00026
32046,861,dens_1586039458655447443,861,Density,<Substance C1CCCCC1{solv}{x=0.494200}|c1cc[nH]c1{solv}{x=0.505800}>,C1CCCCC1,c1cc[nH]c1,openff-2.3.0rc1,1,0.8381414061057451,0.0001960957713686,0.8661300000000002,0.000235
32047,862,dhmix_1650717903260721901,862,EnthalpyOfMixing,<Substance C1CCCCC1{solv}{x=0.924800}|c1cc[nH]c1{solv}{x=0.075200}>,C1CCCCC1,c1cc[nH]c1,openff-2.3.0rc1,1,0.8277044016880382,0.0485091684617832,0.7315,0.00535
32048,863,dhmix_1709124910710738018,863,EnthalpyOfMixing,<Substance C1CCCCC1{solv}{x=0.281800}|c1cc[nH]c1{solv}{x=0.718200}>,C1CCCCC1,c1cc[nH]c1,openff-2.3.0rc1,1,1.3352033362218734,0.0387808371862296,1.245,0.00795
32049,864,dhmix_602003453564252918,864,EnthalpyOfMixing,<Substance COc1ccccc1{solv}{x=0.767000}|OCCc1ccccc1{solv}{x=0.233000}>,COc1ccccc1,OCCc1ccccc1,openff-2.3.0rc1,1,1.0017741228538952,0.0457340430983098,1.1154,0.01195
32050,865,dhmix_831666159864093343,865,EnthalpyOfMixing,<Substance COc1ccccc1{solv}{x=0.267800}|OCCc1ccccc1{solv}{x=0.732200}>,COc1ccccc1,OCCc1ccccc1,openff-2.3.0rc1,1,0.6352268590368055,0.0490054061541063,0.688,0.00745
32051,866,dhmix_1415130215717622630,866,EnthalpyOfMixing,<Substance COc1ccccc1{solv}{x=0.523200}|OCCc1ccccc1{solv}{x=0.476800}>,COc1ccccc1,OCCc1ccccc1,openff-2.3.0rc1,1,0.8731704170563646,0.0438582068065651,1.0457,0.0112
32052,867,dens_2018050376435813399,867,Density,<Substance COc1ccccc1{solv}{x=0.767300}|OCCc1ccccc1{solv}{x=0.232700}>,COc1ccccc1,OCCc1ccccc1,openff-2.3.0rc1,1,0.9840974442815288,0.0001891180588147,0.9869000000000002,0.00026
32053,868,dens_2083067547090229321,868,Density,<Substance COc1ccccc1{solv}{x=0.524500}|OCCc1ccccc1{solv}{x=0.475500}>,COc1ccccc1,OCCc1ccccc1,openff-2.3.0rc1,1,0.993049972120246,0.0002045986789263,0.9943600000000002,0.00026
32054,869,dens_2108796896152795987,869,Density,<Substance COc1ccccc1{solv}{x=0.212100}|OCCc1ccccc1{solv}{x=0.787900}>,COc1ccccc1,OCCc1ccccc1,openff-2.3.0rc1,1,1.0036646016556616,0.0001689338506174,1.0032600000000005,0.00026
32055,870,dhmix_607389561715885318,870,EnthalpyOfMixing,<Substance CC(C)O{solv}{x=0.750600}|CCOC(=O)CC(=O)OCC{solv}{x=0.249400}>,CC(C)O,CCOC(=O)CC(=O)OCC,openff-2.3.0rc1,1,1.9686331887768205,0.0435466265955758,1.955,0.021
32056,871,dhmix_970997719035766241,871,EnthalpyOfMixing,<Substance CC(C)O{solv}{x=0.249200}|CCOC(=O)CC(=O)OCC{solv}{x=0.750800}>,CC(C)O,CCOC(=O)CC(=O)OCC,openff-2.3.0rc1,1,1.6131368387895575,0.0413200446547752,1.804,0.0195
32057,872,dens_1055220895195342210,872,Density,<Substance CC(C)O{solv}{x=0.700000}|CCOC(=O)CC(=O)OCC{solv}{x=0.300000}>,CC(C)O,CCOC(=O)CC(=O)OCC,openff-2.3.0rc1,1,0.9205036953024672,0.0001995896087886,0.9013080000000002,0.000163
32058,873,dens_1059428282849222105,873,Density,<Substance CC(C)O{solv}{x=0.500100}|CCOC(=O)CC(=O)OCC{solv}{x=0.499900}>,CC(C)O,CCOC(=O)CC(=O)OCC,openff-2.3.0rc1,1,0.9732275529209596,0.0002077744798324,0.9563730000000004,0.0001215
32059,874,dhmix_2225069850502215858,874,EnthalpyOfMixing,<Substance CC(C)O{solv}{x=0.499700}|CCOC(=O)CC(=O)OCC{solv}{x=0.500300}>,CC(C)O,CCOC(=O)CC(=O)OCC,openff-2.3.0rc1,1,2.335561629444925,0.0418999713961137,2.369,0.0255
32060,875,dens_2227064517025896927,875,Density,<Substance CC(C)O{solv}{x=0.200000}|CCOC(=O)CC(=O)OCC{solv}{x=0.800000}>,CC(C)O,CCOC(=O)CC(=O)OCC,openff-2.3.0rc1,1,1.030339802189768,0.0001608384573208,1.0176930000000002,0.000103
32061,876,dhmix_614525131410782877,876,EnthalpyOfMixing,<Substance CCCCCC(C)=O{solv}{x=0.491300}|CCCCNCCCC{solv}{x=0.508700}>,CCCCCC(C)=O,CCCCNCCCC,openff-2.3.0rc1,1,-0.0284778345385063,0.0490887340558969,0.278,0.003
32062,877,dhmix_1051001364116056564,877,EnthalpyOfMixing,<Substance CCCCCC(C)=O{solv}{x=0.781100}|CCCCNCCCC{solv}{x=0.218900}>,CCCCCC(C)=O,CCCCNCCCC,openff-2.3.0rc1,1,-0.0012854139804048,0.0497295174032031,0.164,0.002
32063,878,dens_1087422962538109584,878,Density,<Substance CCCCCC(C)=O{solv}{x=0.449900}|CCCCNCCCC{solv}{x=0.550100}>,CCCCCC(C)=O,CCCCNCCCC,openff-2.3.0rc1,1,0.7758609969361514,0.0001489880082279,0.7778490000000002,9.250000000000004e-05
32064,879,dens_1830187222448876426,879,Density,<Substance CCCCCC(C)=O{solv}{x=0.209700}|CCCCNCCCC{solv}{x=0.790300}>,CCCCCC(C)=O,CCCCNCCCC,openff-2.3.0rc1,1,0.7672040175283185,0.0001909837081686,0.7655110000000002,8.400000000000002e-05
32065,880,dens_2113849591242853193,880,Density,<Substance CCCCCC(C)=O{solv}{x=0.750900}|CCCCNCCCC{solv}{x=0.249100}>,CCCCCC(C)=O,CCCCNCCCC,openff-2.3.0rc1,1,0.7879843395169817,0.0001908393071856,0.7951660000000003,0.000105
32066,881,dhmix_2131918011494960609,881,EnthalpyOfMixing,<Substance CCCCCC(C)=O{solv}{x=0.294700}|CCCCNCCCC{solv}{x=0.705300}>,CCCCCC(C)=O,CCCCNCCCC,openff-2.3.0rc1,1,-0.0841875810576482,0.0524369883942319,0.256,0.003
32067,882,dhmix_618866445574413387,882,EnthalpyOfMixing,<Substance C1CCOCC1{solv}{x=0.442500}|Cc1ccccc1C{solv}{x=0.557500}>,C1CCOCC1,Cc1ccccc1C,openff-2.3.0rc1,1,-0.0320679516800055,0.0463508841202821,-0.0342,0.0006
32068,883,dens_643927890193937545,883,Density,<Substance C1CCOCC1{solv}{x=0.518700}|Cc1ccccc1C{solv}{x=0.481300}>,C1CCOCC1,Cc1ccccc1C,openff-2.3.0rc1,1,0.868097432807714,0.0001822045252516,0.8779900000000003,0.0005
32069,884,dhmix_1129414916141538177,884,EnthalpyOfMixing,<Substance C1CCOCC1{solv}{x=0.744300}|Cc1ccccc1C{solv}{x=0.255700}>,C1CCOCC1,Cc1ccccc1C,openff-2.3.0rc1,1,-0.0081839735888991,0.0445008287752405,0.0421,0.00065
32070,885,dens_1429468909820653032,885,Density,<Substance C1CCOCC1{solv}{x=0.231800}|Cc1ccccc1C{solv}{x=0.768200}>,C1CCOCC1,Cc1ccccc1C,openff-2.3.0rc1,1,0.8665748359839446,0.0002328465754147,0.8770400000000002,0.0005
32071,886,dens_1442497603142913792,886,Density,<Substance C1CCOCC1{solv}{x=0.772900}|Cc1ccccc1C{solv}{x=0.227100}>,C1CCOCC1,Cc1ccccc1C,openff-2.3.0rc1,1,0.8699373820434462,0.0001885014425884,0.8787800000000002,0.000505
32072,887,dhmix_2268256048157488415,887,EnthalpyOfMixing,<Substance C1CCOCC1{solv}{x=0.245400}|Cc1ccccc1C{solv}{x=0.754600}>,C1CCOCC1,Cc1ccccc1C,openff-2.3.0rc1,1,-0.1042929620552115,0.0363184547782702,-0.0613,0.00085
32073,888,dens_626398848152359169,888,Density,<Substance C1COCCN1{solv}{x=0.498000}|O{solv}{x=0.502000}>,C1COCCN1,O,openff-2.3.0rc1,1,1.0371540355451865,0.0003960979006188,1.0255000000000003,0.00255
32074,889,dhmix_773913810754342365,889,EnthalpyOfMixing,<Substance C1COCCN1{solv}{x=0.714900}|O{solv}{x=0.285100}>,C1COCCN1,O,openff-2.3.0rc1,1,-1.4002479081592156,0.0427995627666574,-1.753,0.019
32075,890,dhmix_1012297674499495059,890,EnthalpyOfMixing,<Substance C1COCCN1{solv}{x=0.201000}|O{solv}{x=0.799000}>,C1COCCN1,O,openff-2.3.0rc1,1,-1.033498310441363,0.0244233158248328,-2.758,0.0295
32076,891,dens_1167008264969667349,891,Density,<Substance C1COCCN1{solv}{x=0.793000}|O{solv}{x=0.207000}>,C1COCCN1,O,openff-2.3.0rc1,1,1.037992986454869,0.0002078235215876,1.0057000000000005,0.00245
32077,892,dhmix_1871930573512426354,892,EnthalpyOfMixing,<Substance C1COCCN1{solv}{x=0.491100}|O{solv}{x=0.508900}>,C1COCCN1,O,openff-2.3.0rc1,1,-1.8447798018804775,0.0289840045563937,-3.131,0.0335
32078,893,dens_2014911999593579414,893,Density,<Substance C1COCCN1{solv}{x=0.298000}|O{solv}{x=0.702000}>,C1COCCN1,O,openff-2.3.0rc1,1,1.0284086112308024,0.0002789223161589,1.0309000000000004,0.00255
32079,894,dens_627753907231278660,894,Density,<Substance CCC(C)=O{solv}{x=0.753100}|CCCNCCC{solv}{x=0.246900}>,CCC(C)=O,CCCNCCC,openff-2.3.0rc1,1,0.7651625130520654,0.0002185411661255,0.7771510000000001,0.000109
32080,895,dens_674236159588910357,895,Density,<Substance CCC(C)=O{solv}{x=0.244600}|CCCNCCC{solv}{x=0.755400}>,CCC(C)=O,CCCNCCC,openff-2.3.0rc1,1,0.7439205409875868,0.0002005623886383,0.7446230000000003,0.0001405
32081,896,dhmix_749228177959685874,896,EnthalpyOfMixing,<Substance CCC(C)=O{solv}{x=0.235300}|CCCNCCC{solv}{x=0.764700}>,CCC(C)=O,CCCNCCC,openff-2.3.0rc1,1,0.0448659641906488,0.0481747128036226,0.299,0.0035
32082,897,dhmix_1706960823617656563,897,EnthalpyOfMixing,<Substance CCC(C)=O{solv}{x=0.698400}|CCCNCCC{solv}{x=0.301600}>,CCC(C)=O,CCCNCCC,openff-2.3.0rc1,1,-0.0027980928715614,0.0446766530963552,0.334,0.0035
32083,898,dhmix_2102794241345605516,898,EnthalpyOfMixing,<Substance CCC(C)=O{solv}{x=0.505000}|CCCNCCC{solv}{x=0.495000}>,CCC(C)=O,CCCNCCC,openff-2.3.0rc1,1,0.1397500314453736,0.0487917388392414,0.397,0.0045
32084,899,dens_2224864308887622456,899,Density,<Substance CCC(C)=O{solv}{x=0.500600}|CCCNCCC{solv}{x=0.499400}>,CCC(C)=O,CCCNCCC,openff-2.3.0rc1,1,0.7535174612447909,0.0001563832862785,0.7590400000000002,0.000125
32085,900,dhmix_628329103086906726,900,EnthalpyOfMixing,<Substance CC1CCCCC1{solv}{x=0.250400}|CCCO{solv}{x=0.749600}>,CC1CCCCC1,CCCO,openff-2.3.0rc1,1,0.3206418703290623,0.0381544245454577,0.321,0.0055
32086,901,dhmix_989207392771680315,901,EnthalpyOfMixing,<Substance CC1CCCCC1{solv}{x=0.750500}|CCCO{solv}{x=0.249500}>,CC1CCCCC1,CCCO,openff-2.3.0rc1,1,0.6176164681236287,0.0508323405090702,0.574,0.0055
32087,902,dens_1351260115393741606,902,Density,<Substance CC1CCCCC1{solv}{x=0.503100}|CCCO{solv}{x=0.496900}>,CC1CCCCC1,CCCO,openff-2.3.0rc1,1,0.7716193027455017,0.0001832116913248,0.7785600000000001,0.0039
32088,903,dens_1376195506089851480,903,Density,<Substance CC1CCCCC1{solv}{x=0.202700}|CCCO{solv}{x=0.797300}>,CC1CCCCC1,CCCO,openff-2.3.0rc1,1,0.7858390247204947,0.0002249732147382,0.7942000000000002,0.00398
32089,904,dens_1501229836503112732,904,Density,<Substance CC1CCCCC1{solv}{x=0.799000}|CCCO{solv}{x=0.201000}>,CC1CCCCC1,CCCO,openff-2.3.0rc1,1,0.7630856435932893,0.000193166212328,0.7688300000000002,0.003855
32090,905,dhmix_2109805019413953371,905,EnthalpyOfMixing,<Substance CC1CCCCC1{solv}{x=0.500400}|CCCO{solv}{x=0.499600}>,CC1CCCCC1,CCCO,openff-2.3.0rc1,1,0.672666568838423,0.04285471301348,0.533,0.0055
32091,906,dhmix_634764080264908666,906,EnthalpyOfMixing,<Substance OCCN1CCOCC1{solv}{x=0.498900}|O{solv}{x=0.501100}>,O,OCCN1CCOCC1,openff-2.3.0rc1,1,-2.131117031948861,0.0361928656326538,-2.2633,0.02415
32092,907,dens_707792343667224312,907,Density,<Substance OCCN1CCOCC1{solv}{x=0.246600}|O{solv}{x=0.753400}>,O,OCCN1CCOCC1,openff-2.3.0rc1,1,1.0732278211350124,0.0002814066292384,1.0838100000000002,0.00154
32093,908,dhmix_1064373607860850902,908,EnthalpyOfMixing,<Substance OCCN1CCOCC1{solv}{x=0.694900}|O{solv}{x=0.305100}>,O,OCCN1CCOCC1,openff-2.3.0rc1,1,-1.354504227254182,0.0509507119737105,-1.7936,0.01915
32094,909,dhmix_1846281306963870091,909,EnthalpyOfMixing,<Substance OCCN1CCOCC1{solv}{x=0.300200}|O{solv}{x=0.699800}>,O,OCCN1CCOCC1,openff-2.3.0rc1,1,-1.6457041442178308,0.0300178770653367,-2.426,0.026
32095,910,dens_2238932092645470826,910,Density,<Substance OCCN1CCOCC1{solv}{x=0.743900}|O{solv}{x=0.256100}>,O,OCCN1CCOCC1,openff-2.3.0rc1,1,1.094963539067665,0.0001800141680112,1.08031,0.001565
32096,911,dens_2269173599223764079,911,Density,<Substance OCCN1CCOCC1{solv}{x=0.485200}|O{solv}{x=0.514800}>,O,OCCN1CCOCC1,openff-2.3.0rc1,1,1.092191793490931,0.0002655524218395,1.0866900000000004,0.00159
32097,912,dhmix_636778454546345333,912,EnthalpyOfMixing,<Substance C1CCCCC1{solv}{x=0.506300}|CNc1ccccc1{solv}{x=0.493700}>,C1CCCCC1,CNc1ccccc1,openff-2.3.0rc1,1,2.177234089986243,0.0455170416503082,1.628,0.0175
32098,913,dens_1209163492396921559,913,Density,<Substance C1CCCCC1{solv}{x=0.247000}|CNc1ccccc1{solv}{x=0.753000}>,C1CCCCC1,CNc1ccccc1,openff-2.3.0rc1,1,0.9316284826993908,0.0002215024520588,0.9289450000000002,0.000272
32099,914,dens_1438140901521078017,914,Density,<Substance C1CCCCC1{solv}{x=0.494500}|CNc1ccccc1{solv}{x=0.505500}>,C1CCCCC1,CNc1ccccc1,openff-2.3.0rc1,1,0.8707570861221592,0.000191577438037,0.8759620000000002,0.0001835
32100,915,dens_1482697199055102595,915,Density,<Substance C1CCCCC1{solv}{x=0.746400}|CNc1ccccc1{solv}{x=0.253600}>,C1CCCCC1,CNc1ccccc1,openff-2.3.0rc1,1,0.810828132998687,0.0001923510870141,0.8233530000000001,0.000138
32101,916,dhmix_1832297119731463766,916,EnthalpyOfMixing,<Substance C1CCCCC1{solv}{x=0.204700}|CNc1ccccc1{solv}{x=0.795300}>,C1CCCCC1,CNc1ccccc1,openff-2.3.0rc1,1,1.5376241633197765,0.0438612476077433,0.972,0.0105
32102,917,dhmix_1889368397403208807,917,EnthalpyOfMixing,<Substance C1CCCCC1{solv}{x=0.706600}|CNc1ccccc1{solv}{x=0.293400}>,C1CCCCC1,CNc1ccccc1,openff-2.3.0rc1,1,2.019335811767178,0.0413583154408879,1.521,0.0165
32103,918,dhmix_637657437173907469,918,EnthalpyOfMixing,<Substance CC(C)=O{solv}{x=0.709700}|CNc1ccccc1{solv}{x=0.290300}>,CC(C)=O,CNc1ccccc1,openff-2.3.0rc1,1,-0.435980375951317,0.0345379311853382,-0.525,0.0055
32104,919,dhmix_817594693007274900,919,EnthalpyOfMixing,<Substance CC(C)=O{solv}{x=0.231600}|CNc1ccccc1{solv}{x=0.768400}>,CC(C)=O,CNc1ccccc1,openff-2.3.0rc1,1,-0.3996041122431659,0.0422335053852998,-0.5,0.0055
32105,920,dens_830664987854613197,920,Density,<Substance CC(C)=O{solv}{x=0.250300}|CNc1ccccc1{solv}{x=0.749700}>,CC(C)=O,CNc1ccccc1,openff-2.3.0rc1,1,0.958935738625054,0.0001784521943007,0.9502900000000002,0.0003395
32106,921,dhmix_1052042310023734389,921,EnthalpyOfMixing,<Substance CC(C)=O{solv}{x=0.508600}|CNc1ccccc1{solv}{x=0.491400}>,CC(C)=O,CNc1ccccc1,openff-2.3.0rc1,1,-0.6700297409955116,0.0362693549159796,-0.672,0.0075
32107,922,dens_1302333367899693905,922,Density,<Substance CC(C)=O{solv}{x=0.750600}|CNc1ccccc1{solv}{x=0.249400}>,CC(C)=O,CNc1ccccc1,openff-2.3.0rc1,1,0.852150957871139,0.0002494847074615,0.8565010000000002,0.000231
32108,923,dens_1582643029733708616,923,Density,<Substance CC(C)=O{solv}{x=0.494800}|CNc1ccccc1{solv}{x=0.505200}>,CC(C)=O,CNc1ccccc1,openff-2.3.0rc1,1,0.9132995464076008,0.0002221305049136,0.9107940000000002,0.000263
32109,924,dens_650566412384126439,924,Density,<Substance CC(C)CC(C)(C)C{solv}{x=0.158800}|CCCCC(=O)OC{solv}{x=0.841200}>,CC(C)CC(C)(C)C,CCCCC(=O)OC,openff-2.3.0rc1,1,0.8467814026443098,0.0002087624007704,0.8463800000000002,0.000505
32110,925,dhmix_986100941633296124,925,EnthalpyOfMixing,<Substance CC(C)CC(C)(C)C{solv}{x=0.481800}|CCCCC(=O)OC{solv}{x=0.518200}>,CC(C)CC(C)(C)C,CCCCC(=O)OC,openff-2.3.0rc1,1,1.3487374394884597,0.0473321345009697,0.866,0.0095
32111,926,dens_1095352626338523806,926,Density,<Substance CC(C)CC(C)(C)C{solv}{x=0.742500}|CCCCC(=O)OC{solv}{x=0.257500}>,CC(C)CC(C)(C)C,CCCCC(=O)OC,openff-2.3.0rc1,1,0.7411980586721242,0.0002154289908526,0.7289800000000002,0.000505
32112,927,dens_1260001645299629257,927,Density,<Substance CC(C)CC(C)(C)C{solv}{x=0.498400}|CCCCC(=O)OC{solv}{x=0.501600}>,CC(C)CC(C)(C)C,CCCCC(=O)OC,openff-2.3.0rc1,1,0.7818663052765039,0.0001919750534631,0.7738400000000002,0.000505
32113,928,dhmix_1505455794590867712,928,EnthalpyOfMixing,<Substance CC(C)CC(C)(C)C{solv}{x=0.158900}|CCCCC(=O)OC{solv}{x=0.841100}>,CC(C)CC(C)(C)C,CCCCC(=O)OC,openff-2.3.0rc1,1,0.698998296297539,0.0502971833270732,0.438,0.005
32114,929,dhmix_1888614200283593194,929,EnthalpyOfMixing,<Substance CC(C)CC(C)(C)C{solv}{x=0.781300}|CCCCC(=O)OC{solv}{x=0.218700}>,CC(C)CC(C)(C)C,CCCCC(=O)OC,openff-2.3.0rc1,1,1.064957041482785,0.0477116869643664,0.658,0.007
32115,930,dhmix_657900975986635712,930,EnthalpyOfMixing,<Substance Cc1ccccc1N{solv}{x=0.782700}|Cc1ccncc1{solv}{x=0.217300}>,Cc1ccccc1N,Cc1ccncc1,openff-2.3.0rc1,1,-0.7694737833698575,0.047267599474679,-0.8885,0.0182
32116,931,dhmix_727678512066874384,931,EnthalpyOfMixing,<Substance Cc1ccccc1N{solv}{x=0.478300}|Cc1ccncc1{solv}{x=0.521700}>,Cc1ccccc1N,Cc1ccncc1,openff-2.3.0rc1,1,-1.2868169741755295,0.0364101017383814,-1.4295,0.0291
32117,932,dhmix_860941552641107708,932,EnthalpyOfMixing,<Substance Cc1ccccc1N{solv}{x=0.271500}|Cc1ccncc1{solv}{x=0.728500}>,Cc1ccccc1N,Cc1ccncc1,openff-2.3.0rc1,1,-1.114874713862811,0.0436785299440883,-1.1791,0.02405
32118,933,dens_1148106102021344214,933,Density,<Substance Cc1ccccc1N{solv}{x=0.265500}|Cc1ccncc1{solv}{x=0.734500}>,Cc1ccccc1N,Cc1ccncc1,openff-2.3.0rc1,1,0.9688048453381628,0.0001942367367553,0.9662520000000002,0.00012
32119,934,dens_1294189007890656769,934,Density,<Substance Cc1ccccc1N{solv}{x=0.486300}|Cc1ccncc1{solv}{x=0.513700}>,Cc1ccccc1N,Cc1ccncc1,openff-2.3.0rc1,1,0.9846683824869052,0.0001781309735806,0.9765780000000002,0.000119
32120,935,dens_1461384477504239974,935,Density,<Substance Cc1ccccc1N{solv}{x=0.767400}|Cc1ccncc1{solv}{x=0.232600}>,Cc1ccccc1N,Cc1ccncc1,openff-2.3.0rc1,1,1.0019235664392954,0.0001796603860877,0.9868740000000004,0.000118
32121,936,dens_671712471159959715,936,Density,<Substance CCCCCCN{solv}{x=0.294400}|CN(C)C=O{solv}{x=0.705600}>,CCCCCCN,CN(C)C=O,openff-2.3.0rc1,1,0.8588155032798063,0.0002377936889994,0.8676880000000002,0.001057
32122,937,dhmix_791979567859859400,937,EnthalpyOfMixing,<Substance CCCCCCN{solv}{x=0.747800}|CN(C)C=O{solv}{x=0.252200}>,CCCCCCN,CN(C)C=O,openff-2.3.0rc1,1,0.3146758684323743,0.046740451839531,0.461,0.015
32123,938,dens_812907294215791908,938,Density,<Substance CCCCCCN{solv}{x=0.450000}|CN(C)C=O{solv}{x=0.550000}>,CCCCCCN,CN(C)C=O,openff-2.3.0rc1,1,0.8351638036023123,0.0002260630631057,0.8367510000000001,0.001016
32124,939,dhmix_1553880519684715156,939,EnthalpyOfMixing,<Substance CCCCCCN{solv}{x=0.249700}|CN(C)C=O{solv}{x=0.750300}>,CCCCCCN,CN(C)C=O,openff-2.3.0rc1,1,0.2521655042693993,0.0433846708621624,0.51,0.0165
32125,940,dens_1658157305664412923,940,Density,<Substance CCCCCCN{solv}{x=0.745200}|CN(C)C=O{solv}{x=0.254800}>,CCCCCCN,CN(C)C=O,openff-2.3.0rc1,1,0.7975378645287251,0.0002061299916361,0.7905460000000002,0.0009575
32126,941,dhmix_2271922176351407084,941,EnthalpyOfMixing,<Substance CCCCCCN{solv}{x=0.499700}|CN(C)C=O{solv}{x=0.500300}>,CCCCCCN,CN(C)C=O,openff-2.3.0rc1,1,0.4402855124570664,0.033986975841983,0.661,0.02
32127,942,dhmix_676105854791415053,942,EnthalpyOfMixing,<Substance C=C(C)[C@H]1CC=C(C)CC1{solv}{x=0.540000}|CCCCCO{solv}{x=0.460000}>,C=C(C)[C@H]1CC=C(C)CC1,CCCCCO,openff-2.3.0rc1,1,0.8958178727032475,0.0389636101900865,0.858,0.0345
32128,943,dhmix_865539540276734208,943,EnthalpyOfMixing,<Substance C=C(C)[C@H]1CC=C(C)CC1{solv}{x=0.766000}|CCCCCO{solv}{x=0.234000}>,C=C(C)[C@H]1CC=C(C)CC1,CCCCCO,openff-2.3.0rc1,1,0.8900601972949431,0.053067626032205,0.782,0.0315
32129,944,dens_1544700949225348296,944,Density,<Substance C=C(C)[C@H]1CC=C(C)CC1{solv}{x=0.263500}|CCCCCO{solv}{x=0.736500}>,C=C(C)[C@H]1CC=C(C)CC1,CCCCCO,openff-2.3.0rc1,1,0.8190317712650913,0.0001862331709901,0.8238000000000002,0.0002
32130,945,dens_1638649899512334435,945,Density,<Substance C=C(C)[C@H]1CC=C(C)CC1{solv}{x=0.543500}|CCCCCO{solv}{x=0.456500}>,C=C(C)[C@H]1CC=C(C)CC1,CCCCCO,openff-2.3.0rc1,1,0.8224329538846102,0.0001823374094456,0.8312000000000003,0.0003
32131,946,dens_2014432371647189246,946,Density,<Substance C=C(C)[C@H]1CC=C(C)CC1{solv}{x=0.725200}|CCCCCO{solv}{x=0.274800}>,C=C(C)[C@H]1CC=C(C)CC1,CCCCCO,openff-2.3.0rc1,1,0.8248803593914829,0.0001818220056166,0.8354000000000001,0.00035
32132,947,dhmix_2293008983270202716,947,EnthalpyOfMixing,<Substance C=C(C)[C@H]1CC=C(C)CC1{solv}{x=0.272000}|CCCCCO{solv}{x=0.728000}>,C=C(C)[C@H]1CC=C(C)CC1,CCCCCO,openff-2.3.0rc1,1,0.6755103319604672,0.0510612695263549,0.532,0.0215
32133,948,dens_680086766431069719,948,Density,<Substance CN1CCNCC1{solv}{x=0.209100}|O{solv}{x=0.790900}>,CN1CCNCC1,O,openff-2.3.0rc1,1,0.9933970989721452,0.0002990244549201,1.0013300000000005,4.000000000000001e-05
32134,949,dhmix_979415629850644100,949,EnthalpyOfMixing,<Substance CN1CCNCC1{solv}{x=0.199800}|O{solv}{x=0.800200}>,CN1CCNCC1,O,openff-2.3.0rc1,1,-3.4343394189188174,0.0209353355613027,-4.495,0.048
32135,950,dhmix_1386641258873877278,950,EnthalpyOfMixing,<Substance CN1CCNCC1{solv}{x=0.792600}|O{solv}{x=0.207400}>,CN1CCNCC1,O,openff-2.3.0rc1,1,-1.3955747889673376,0.0438354253228624,-1.753,0.019
32136,951,dhmix_1572121970391530461,951,EnthalpyOfMixing,<Substance CN1CCNCC1{solv}{x=0.550000}|O{solv}{x=0.450000}>,CN1CCNCC1,O,openff-2.3.0rc1,1,-2.8586529200620987,0.0364107274157745,-3.547,0.038
32137,952,dens_1756096179620961699,952,Density,<Substance CN1CCNCC1{solv}{x=0.510900}|O{solv}{x=0.489100}>,CN1CCNCC1,O,openff-2.3.0rc1,1,0.9719122865378442,0.0003421312530758,0.9464100000000002,7.000000000000002e-05
32138,953,dens_1892970147583328629,953,Density,<Substance CN1CCNCC1{solv}{x=0.706500}|O{solv}{x=0.293500}>,CN1CCNCC1,O,openff-2.3.0rc1,1,0.9613331716655984,0.000383837654747,0.9223100000000002,8.500000000000002e-05
32139,954,dhmix_681274412655414068,954,EnthalpyOfMixing,<Substance CCCOC(=O)CC{solv}{x=0.739400}|Cc1ccccc1{solv}{x=0.260600}>,CCCOC(=O)CC,Cc1ccccc1,openff-2.3.0rc1,1,-0.244283263597147,0.0481418573778392,-0.1135,0.0033
32140,955,dhmix_720914323963600437,955,EnthalpyOfMixing,<Substance CCCOC(=O)CC{solv}{x=0.238900}|Cc1ccccc1{solv}{x=0.761100}>,CCCOC(=O)CC,Cc1ccccc1,openff-2.3.0rc1,1,-0.2393361110893579,0.0450094457910412,-0.1404,0.0037
32141,956,dens_1397630560016316656,956,Density,<Substance CCCOC(=O)CC{solv}{x=0.274700}|Cc1ccccc1{solv}{x=0.725300}>,CCCOC(=O)CC,Cc1ccccc1,openff-2.3.0rc1,1,0.8666567901827649,0.0002242253941696,0.8675700000000003,0.00018
32142,957,dhmix_1646061995263935606,957,EnthalpyOfMixing,<Substance CCCOC(=O)CC{solv}{x=0.548600}|Cc1ccccc1{solv}{x=0.451400}>,CCCOC(=O)CC,Cc1ccccc1,openff-2.3.0rc1,1,-0.3440841078096852,0.0456272383433639,-0.1583,0.004
32143,958,dens_1792064777238352129,958,Density,<Substance CCCOC(=O)CC{solv}{x=0.490700}|Cc1ccccc1{solv}{x=0.509300}>,CCCOC(=O)CC,Cc1ccccc1,openff-2.3.0rc1,1,0.8688873878529768,0.0001445432880451,0.8707300000000002,0.00019
32144,959,dens_1826904081955826008,959,Density,<Substance CCCOC(=O)CC{solv}{x=0.734600}|Cc1ccccc1{solv}{x=0.265400}>,CCCOC(=O)CC,Cc1ccccc1,openff-2.3.0rc1,1,0.8701735674982238,0.0002227268677673,0.8734100000000001,0.00021
32145,960,dens_685747331874801159,960,Density,<Substance CN1CCOCC1{solv}{x=0.498300}|O{solv}{x=0.501700}>,CN1CCOCC1,O,openff-2.3.0rc1,1,0.9798531487732696,0.0002850902697355,0.9627600000000002,0.00084
32146,961,dens_1087644349445114282,961,Density,<Substance CN1CCOCC1{solv}{x=0.253800}|O{solv}{x=0.746200}>,CN1CCOCC1,O,openff-2.3.0rc1,1,0.9865671515223778,0.0003030975893779,0.9918800000000002,0.00059
32147,962,dens_1374975991061431070,962,Density,<Substance CN1CCOCC1{solv}{x=0.758700}|O{solv}{x=0.241300}>,CN1CCOCC1,O,openff-2.3.0rc1,1,0.968862228081202,0.0002339155709622,0.9345300000000002,0.00112
32148,963,dhmix_686592400130667234,963,EnthalpyOfMixing,<Substance BrCCCBr{solv}{x=0.231300}|COC(C)=O{solv}{x=0.768700}>,BrCCCBr,COC(C)=O,openff-2.3.0rc1,1,0.2142396284808398,0.038425091438864,0.2115,0.0024
32149,964,dhmix_691866222529030049,964,EnthalpyOfMixing,<Substance BrCCCBr{solv}{x=0.504200}|COC(C)=O{solv}{x=0.495800}>,BrCCCBr,COC(C)=O,openff-2.3.0rc1,1,0.2462602115209797,0.033782292051855,0.3912,0.0038
32150,965,dens_1032175440351342196,965,Density,<Substance BrCCCBr{solv}{x=0.243500}|COC(C)=O{solv}{x=0.756500}>,BrCCCBr,COC(C)=O,openff-2.3.0rc1,1,1.2252930504627384,0.0004156074005669,1.2277600000000002,0.00096
32151,966,dens_1180265274183315765,966,Density,<Substance BrCCCBr{solv}{x=0.713800}|COC(C)=O{solv}{x=0.286200}>,BrCCCBr,COC(C)=O,openff-2.3.0rc1,1,1.695141105203478,0.0005681249728918,1.7174300000000005,0.002745
32152,967,dhmix_1380172638999588939,967,EnthalpyOfMixing,<Substance BrCCCBr{solv}{x=0.759400}|COC(C)=O{solv}{x=0.240600}>,BrCCCBr,COC(C)=O,openff-2.3.0rc1,1,0.1623522658900125,0.0344625286676435,0.313,0.0032
32153,968,dens_1697077234757321859,968,Density,<Substance BrCCCBr{solv}{x=0.525600}|COC(C)=O{solv}{x=0.474400}>,BrCCCBr,COC(C)=O,openff-2.3.0rc1,1,1.5212849657460694,0.0004459475572777,1.5338800000000006,0.001965
32154,969,dens_693154680723850561,969,Density,<Substance CN1CCCC1=O{solv}{x=0.756400}|Cc1ccccc1{solv}{x=0.243600}>,CN1CCCC1=O,Cc1ccccc1,openff-2.3.0rc1,1,0.9655192966850747,0.0002190839937064,0.9854500000000004,0.00034
32155,970,dhmix_1759507684169085916,970,EnthalpyOfMixing,<Substance CN1CCCC1=O{solv}{x=0.741800}|Cc1ccccc1{solv}{x=0.258200}>,CN1CCCC1=O,Cc1ccccc1,openff-2.3.0rc1,1,-0.0832458311582513,0.0471891438490282,-0.2141,0.0024
32156,971,dens_1796497685752507694,971,Density,<Substance CN1CCCC1=O{solv}{x=0.481500}|Cc1ccccc1{solv}{x=0.518500}>,CN1CCCC1=O,Cc1ccccc1,openff-2.3.0rc1,1,0.9276300311260528,0.0002243704422783,0.9415400000000002,0.00028
32157,972,dhmix_1857599089574133884,972,EnthalpyOfMixing,<Substance CN1CCCC1=O{solv}{x=0.223100}|Cc1ccccc1{solv}{x=0.776900}>,CN1CCCC1=O,Cc1ccccc1,openff-2.3.0rc1,1,-0.0011948843021869,0.0438809415316817,-0.1889,0.00215
32158,973,dens_1886489466266398819,973,Density,<Substance CN1CCCC1=O{solv}{x=0.221600}|Cc1ccccc1{solv}{x=0.778400}>,CN1CCCC1=O,Cc1ccccc1,openff-2.3.0rc1,1,0.8997832824430949,0.0002398731533042,0.9061600000000002,0.00076
32159,974,dhmix_2238554893157725289,974,EnthalpyOfMixing,<Substance CN1CCCC1=O{solv}{x=0.482100}|Cc1ccccc1{solv}{x=0.517900}>,CN1CCCC1=O,Cc1ccccc1,openff-2.3.0rc1,1,-0.2024674116820293,0.0442529040132693,-0.2985,0.0033
32160,975,dens_717951284355382404,975,Density,<Substance CN1CCCC1=O{solv}{x=0.702300}|ClCCCCCCCl{solv}{x=0.297700}>,CN1CCCC1=O,ClCCCCCCCl,openff-2.3.0rc1,1,1.024417582992845,0.000221901035522,1.0416,0.0003
32161,976,dhmix_859697969059379656,976,EnthalpyOfMixing,<Substance CN1CCCC1=O{solv}{x=0.503000}|ClCCCCCCCl{solv}{x=0.497000}>,CN1CCCC1=O,ClCCCCCCCl,openff-2.3.0rc1,1,0.4776290615547864,0.0419176627369844,-0.2,0.0025
32162,977,dhmix_916885053388204545,977,EnthalpyOfMixing,<Substance CN1CCCC1=O{solv}{x=0.212000}|ClCCCCCCCl{solv}{x=0.788000}>,CN1CCCC1=O,ClCCCCCCCl,openff-2.3.0rc1,1,0.1469014865292877,0.0488124626415259,-0.13,0.002
32163,978,dens_1483670447992291960,978,Density,<Substance CN1CCCC1=O{solv}{x=0.201600}|ClCCCCCCCl{solv}{x=0.798400}>,CN1CCCC1=O,ClCCCCCCCl,openff-2.3.0rc1,1,1.0479627936481617,0.0002434042398203,1.0584000000000005,0.00055
32164,979,dens_1896555095774116819,979,Density,<Substance CN1CCCC1=O{solv}{x=0.504900}|ClCCCCCCCl{solv}{x=0.495100}>,CN1CCCC1=O,ClCCCCCCCl,openff-2.3.0rc1,1,1.0356181416395371,0.000178692397282,1.0490000000000002,0.00035
32165,980,dhmix_2039443272323887912,980,EnthalpyOfMixing,<Substance CN1CCCC1=O{solv}{x=0.797000}|ClCCCCCCCl{solv}{x=0.203000}>,CN1CCCC1=O,ClCCCCCCCl,openff-2.3.0rc1,1,0.3828958828080715,0.0478162341102109,-0.123,0.002
32166,981,dhmix_729169544598225866,981,EnthalpyOfMixing,<Substance CN(C)C=O{solv}{x=0.203000}|ClCCCCCCCl{solv}{x=0.797000}>,CN(C)C=O,ClCCCCCCCl,openff-2.3.0rc1,1,0.4591713833086572,0.0479828875176575,0.195,0.0025
32167,982,dhmix_1359105787212172230,982,EnthalpyOfMixing,<Substance CN(C)C=O{solv}{x=0.796000}|ClCCCCCCCl{solv}{x=0.204000}>,CN(C)C=O,ClCCCCCCCl,openff-2.3.0rc1,1,0.5356752089409724,0.0399409205572842,0.24,0.0025
32168,983,dhmix_1534380829757525169,983,EnthalpyOfMixing,<Substance CN(C)C=O{solv}{x=0.498000}|ClCCCCCCCl{solv}{x=0.502000}>,CN(C)C=O,ClCCCCCCCl,openff-2.3.0rc1,1,0.7480308816682566,0.0423957596911355,0.34,0.0025
32169,984,dens_1752369236407148840,984,Density,<Substance CN(C)C=O{solv}{x=0.503300}|ClCCCCCCCl{solv}{x=0.496700}>,CN(C)C=O,ClCCCCCCCl,openff-2.3.0rc1,1,1.0035868969583446,0.0002283767667066,1.0190000000000003,0.00155
32170,985,dens_2070195997725277466,985,Density,<Substance CN(C)C=O{solv}{x=0.703400}|ClCCCCCCCl{solv}{x=0.296600}>,CN(C)C=O,ClCCCCCCCl,openff-2.3.0rc1,1,0.975283924669679,0.0002605100490497,0.9943000000000002,0.0017
32171,986,dens_2171945276872385012,986,Density,<Substance CN(C)C=O{solv}{x=0.201300}|ClCCCCCCCl{solv}{x=0.798700}>,CN(C)C=O,ClCCCCCCCl,openff-2.3.0rc1,1,1.0366761581677644,0.0002134600176771,1.0486000000000002,0.0014
32172,987,dens_741100297092592576,987,Density,<Substance C1CCCCC1{solv}{x=0.265900}|C1CCOCC1{solv}{x=0.734100}>,C1CCCCC1,C1CCOCC1,openff-2.3.0rc1,1,0.8363103080732333,0.000223186150626,0.8470300000000002,0.000505
32173,988,dens_1002639246322609242,988,Density,<Substance C1CCCCC1{solv}{x=0.762200}|C1CCOCC1{solv}{x=0.237800}>,C1CCCCC1,C1CCOCC1,openff-2.3.0rc1,1,0.7790623011882798,0.0002274107010493,0.7952000000000002,0.000505
32174,989,dhmix_1171155554844966705,989,EnthalpyOfMixing,<Substance C1CCCCC1{solv}{x=0.247100}|C1CCOCC1{solv}{x=0.752900}>,C1CCCCC1,C1CCOCC1,openff-2.3.0rc1,1,0.3762359442454226,0.0469159233698037,0.3613,0.00395
32175,990,dens_2142973677177666085,990,Density,<Substance C1CCCCC1{solv}{x=0.501800}|C1CCOCC1{solv}{x=0.498200}>,C1CCCCC1,C1CCOCC1,openff-2.3.0rc1,1,0.8078444410549148,0.0002493616149976,0.8211500000000002,0.000505
32176,991,dhmix_2195791820105752985,991,EnthalpyOfMixing,<Substance C1CCCCC1{solv}{x=0.726600}|C1CCOCC1{solv}{x=0.273400}>,C1CCCCC1,C1CCOCC1,openff-2.3.0rc1,1,0.5762173274915767,0.0475328656636396,0.4424,0.00485
32177,992,dhmix_2296999979529762407,992,EnthalpyOfMixing,<Substance C1CCCCC1{solv}{x=0.499000}|C1CCOCC1{solv}{x=0.501000}>,C1CCCCC1,C1CCOCC1,openff-2.3.0rc1,1,0.5161870763000422,0.0425005020390703,0.526,0.0055
32178,993,dhmix_744994939606384802,993,EnthalpyOfMixing,<Substance CO{solv}{x=0.300000}|O{solv}{x=0.700000}>,CO,O,openff-2.3.0rc1,1,0.1157451390193848,0.0210063124343735,-0.85,0.005
32179,994,dens_1085345433585028387,994,Density,<Substance CO{solv}{x=0.499700}|O{solv}{x=0.500300}>,CO,O,openff-2.3.0rc1,1,0.8460724739308104,0.0004839543317985,0.8816900000000003,0.000165
32180,995,dhmix_1126710771921470495,995,EnthalpyOfMixing,<Substance CO{solv}{x=0.700000}|O{solv}{x=0.300000}>,CO,O,openff-2.3.0rc1,1,0.0452892733619374,0.0273526348758295,-0.583,0.0035
32181,996,dens_1258832080354057572,996,Density,<Substance CO{solv}{x=0.300300}|O{solv}{x=0.699700}>,CO,O,openff-2.3.0rc1,1,0.8910211351099251,0.0005345344265787,0.9252100000000004,0.000125
32182,997,dens_1758371820245200558,997,Density,<Substance CO{solv}{x=0.760500}|O{solv}{x=0.239500}>,CO,O,openff-2.3.0rc1,1,0.804421448285205,0.0004723523966288,0.8289000000000002,0.0001
32183,998,dhmix_1824296469249495553,998,EnthalpyOfMixing,<Substance CO{solv}{x=0.500000}|O{solv}{x=0.500000}>,CO,O,openff-2.3.0rc1,1,0.102525540889335,0.0229682980330005,-0.777,0.0045
32184,999,dhmix_753952445434773754,999,EnthalpyOfMixing,<Substance CCCCCCCCCl{solv}{x=0.493000}|CN1CCCC1=O{solv}{x=0.507000}>,CCCCCCCCCl,CN1CCCC1=O,openff-2.3.0rc1,1,1.3352817836051116,0.045141541496272,0.638,0.0035
32185,1000,dhmix_1273186684325800862,1000,EnthalpyOfMixing,<Substance CCCCCCCCCl{solv}{x=0.783000}|CN1CCCC1=O{solv}{x=0.217000}>,CCCCCCCCCl,CN1CCCC1=O,openff-2.3.0rc1,1,0.7933891364118608,0.0431849568061996,0.371,0.003
32186,1001,dhmix_1457789704046029008,1001,EnthalpyOfMixing,<Substance CCCCCCCCCl{solv}{x=0.202000}|CN1CCCC1=O{solv}{x=0.798000}>,CCCCCCCCCl,CN1CCCC1=O,openff-2.3.0rc1,1,0.8986815158179837,0.0454570229168155,0.5,0.0035
32187,1002,dens_1965529278608066299,1002,Density,<Substance CCCCCCCCCl{solv}{x=0.299500}|CN1CCCC1=O{solv}{x=0.700500}>,CCCCCCCCCl,CN1CCCC1=O,openff-2.3.0rc1,1,0.9442361214321832,0.0001600262270081,0.9598000000000002,0.00025
32188,1003,dens_2167805246575708222,1003,Density,<Substance CCCCCCCCCl{solv}{x=0.798600}|CN1CCCC1=O{solv}{x=0.201400}>,CCCCCCCCCl,CN1CCCC1=O,openff-2.3.0rc1,1,0.8789895576530465,0.0001953713436752,0.8888000000000001,0.00055
32189,1004,dens_2177162670107081086,1004,Density,<Substance CCCCCCCCCl{solv}{x=0.497900}|CN1CCCC1=O{solv}{x=0.502100}>,CCCCCCCCCl,CN1CCCC1=O,openff-2.3.0rc1,1,0.9145572432635758,0.0002243777476829,0.9269000000000002,0.00035
32190,1005,dhmix_756380521637559100,1005,EnthalpyOfMixing,<Substance C1COCCO1{solv}{x=0.500000}|O=C1CCCCC1{solv}{x=0.500000}>,C1COCCO1,O=C1CCCCC1,openff-2.3.0rc1,1,0.1656197170681537,0.0402730870980228,0.28584,0.00154
32191,1006,dens_1139761443535371798,1006,Density,<Substance C1COCCO1{solv}{x=0.459400}|O=C1CCCCC1{solv}{x=0.540600}>,C1COCCO1,O=C1CCCCC1,openff-2.3.0rc1,1,0.9637197408993454,0.0002385580873307,0.9762000000000004,0.00025
32192,1007,dhmix_1367833850972054360,1007,EnthalpyOfMixing,<Substance C1COCCO1{solv}{x=0.750000}|O=C1CCCCC1{solv}{x=0.250000}>,C1COCCO1,O=C1CCCCC1,openff-2.3.0rc1,1,0.1641880732179288,0.04342486417418,0.23662,0.001355
32193,1008,dhmix_1533665710565492443,1008,EnthalpyOfMixing,<Substance C1COCCO1{solv}{x=0.250000}|O=C1CCCCC1{solv}{x=0.750000}>,C1COCCO1,O=C1CCCCC1,openff-2.3.0rc1,1,0.1440026707380823,0.0430015862720455,0.20076,0.00121
32194,1009,dens_1556646832168598904,1009,Density,<Substance C1COCCO1{solv}{x=0.797800}|O=C1CCCCC1{solv}{x=0.202200}>,C1COCCO1,O=C1CCCCC1,openff-2.3.0rc1,1,1.0057868182950382,0.0001840244720546,1.0062000000000002,0.00025
32195,1010,dens_1806066395455679216,1010,Density,<Substance C1COCCO1{solv}{x=0.272000}|O=C1CCCCC1{solv}{x=0.728000}>,C1COCCO1,O=C1CCCCC1,openff-2.3.0rc1,1,0.9442518339523764,0.0001361965580674,0.9614000000000004,0.00025
32196,1011,dhmix_781473821930081125,1011,EnthalpyOfMixing,<Substance CCOc1ccccc1{solv}{x=0.765100}|OCc1ccccc1{solv}{x=0.234900}>,CCOc1ccccc1,OCc1ccccc1,openff-2.3.0rc1,1,0.8495733685201401,0.0508762775820492,1.083,0.0116
32197,1012,dhmix_966435122735090568,1012,EnthalpyOfMixing,<Substance CCOc1ccccc1{solv}{x=0.063600}|OCc1ccccc1{solv}{x=0.936400}>,CCOc1ccccc1,OCc1ccccc1,openff-2.3.0rc1,1,0.2658243627655778,0.0445900582386527,0.1901,0.00225
32198,1013,dens_1184318999137642715,1013,Density,<Substance CCOc1ccccc1{solv}{x=0.064200}|OCc1ccccc1{solv}{x=0.935800}>,CCOc1ccccc1,OCc1ccccc1,openff-2.3.0rc1,1,1.0327574597175235,0.0001993983636588,1.02761,0.00011
32199,1014,dhmix_1518701992890040137,1014,EnthalpyOfMixing,<Substance CCOc1ccccc1{solv}{x=0.549900}|OCc1ccccc1{solv}{x=0.450100}>,CCOc1ccccc1,OCc1ccccc1,openff-2.3.0rc1,1,1.061892130038359,0.052040716482296,1.0561,0.01135
32200,1015,dens_1575045736805268459,1015,Density,<Substance CCOc1ccccc1{solv}{x=0.459800}|OCc1ccccc1{solv}{x=0.540200}>,CCOc1ccccc1,OCc1ccccc1,openff-2.3.0rc1,1,0.9946290639608822,0.0001389225968158,0.9925100000000002,0.00016
32201,1016,dens_2214650701288997434,1016,Density,<Substance CCOc1ccccc1{solv}{x=0.757200}|OCc1ccccc1{solv}{x=0.242800}>,CCOc1ccccc1,OCc1ccccc1,openff-2.3.0rc1,1,0.9699592306993392,0.0001771587529823,0.9686500000000002,0.000215
32202,1017,dens_800807749587668066,1017,Density,<Substance C1CCOCC1{solv}{x=0.733600}|c1ccncc1{solv}{x=0.266400}>,C1CCOCC1,c1ccncc1,openff-2.3.0rc1,1,0.8884359284152521,0.0002662609471063,0.8933350000000002,0.000358
32203,1018,dhmix_836757145941804043,1018,EnthalpyOfMixing,<Substance C1CCOCC1{solv}{x=0.291500}|c1ccncc1{solv}{x=0.708500}>,C1CCOCC1,c1ccncc1,openff-2.3.0rc1,1,0.0177320470108606,0.0413040082146679,0.0898,0.00095
32204,1019,dhmix_1003039131395935786,1019,EnthalpyOfMixing,<Substance C1CCOCC1{solv}{x=0.536300}|c1ccncc1{solv}{x=0.463700}>,C1CCOCC1,c1ccncc1,openff-2.3.0rc1,1,0.1065586072908679,0.0361917838413057,0.1573,0.0013
32205,1020,dens_1859030547600172702,1020,Density,<Substance C1CCOCC1{solv}{x=0.241500}|c1ccncc1{solv}{x=0.758500}>,C1CCOCC1,c1ccncc1,openff-2.3.0rc1,1,0.9528336864391904,0.0001816447553593,0.9525650000000004,0.000212
32206,1021,dhmix_2191254706131659314,1021,EnthalpyOfMixing,<Substance C1CCOCC1{solv}{x=0.734400}|c1ccncc1{solv}{x=0.265600}>,C1CCOCC1,c1ccncc1,openff-2.3.0rc1,1,0.063292973573418,0.0453368172162843,0.1564,0.0013
32207,1022,dens_2239470871208865925,1022,Density,<Substance C1CCOCC1{solv}{x=0.536400}|c1ccncc1{solv}{x=0.463600}>,C1CCOCC1,c1ccncc1,openff-2.3.0rc1,1,0.9095660071507496,0.0002760227609126,0.9124250000000002,0.0002965
32208,1023,dens_801655585640229277,1023,Density,<Substance C1CCOCC1{solv}{x=0.777600}|CCCC(C)=O{solv}{x=0.222400}>,C1CCOCC1,CCCC(C)=O,openff-2.3.0rc1,1,0.8502412012892301,0.0002333434829159,0.8602600000000002,0.000225
32209,1024,dhmix_1175081460677389458,1024,EnthalpyOfMixing,<Substance C1CCOCC1{solv}{x=0.250000}|CCCC(C)=O{solv}{x=0.750000}>,C1CCOCC1,CCCC(C)=O,openff-2.3.0rc1,1,0.1639216021255123,0.0436365210563229,0.06014,0.00063
32210,1025,dens_1481139606755572767,1025,Density,<Substance C1CCOCC1{solv}{x=0.236100}|CCCC(C)=O{solv}{x=0.763900}>,C1CCOCC1,CCCC(C)=O,openff-2.3.0rc1,1,0.8028862994507701,0.0002048129453374,0.8183900000000002,0.000215
32211,1026,dhmix_1531586108535895092,1026,EnthalpyOfMixing,<Substance C1CCOCC1{solv}{x=0.750000}|CCCC(C)=O{solv}{x=0.250000}>,C1CCOCC1,CCCC(C)=O,openff-2.3.0rc1,1,0.2419229145746868,0.0418890165740631,0.08245,0.000715
32212,1027,dhmix_2074691820693967219,1027,EnthalpyOfMixing,<Substance C1CCOCC1{solv}{x=0.500000}|CCCC(C)=O{solv}{x=0.500000}>,C1CCOCC1,CCCC(C)=O,openff-2.3.0rc1,1,0.2307253479797069,0.0404593628062178,0.09128,0.000745
32213,1028,dens_2180187104403779312,1028,Density,<Substance C1CCOCC1{solv}{x=0.504600}|CCCC(C)=O{solv}{x=0.495400}>,C1CCOCC1,CCCC(C)=O,openff-2.3.0rc1,1,0.8253705246366864,0.000288438041353,0.8386000000000002,0.00022
32214,1029,dhmix_814516627068967115,1029,EnthalpyOfMixing,<Substance CCCOC=O{solv}{x=0.230800}|ClCCCCl{solv}{x=0.769200}>,CCCOC=O,ClCCCCl,openff-2.3.0rc1,1,0.1466083373718163,0.0340469575566491,-0.054,0.001
32215,1030,dens_853749747181024442,1030,Density,<Substance CCCOC=O{solv}{x=0.525500}|ClCCCCl{solv}{x=0.474500}>,CCCOC=O,ClCCCCl,openff-2.3.0rc1,1,1.0257485703020917,0.0002819508822011,1.0302400000000005,0.00176
32216,1031,dhmix_1623640482466530427,1031,EnthalpyOfMixing,<Substance CCCOC=O{solv}{x=0.750900}|ClCCCCl{solv}{x=0.249100}>,CCCOC=O,ClCCCCl,openff-2.3.0rc1,1,0.1429262214620124,0.0465073967651284,-0.088,0.001
32217,1032,dens_1998603470347754754,1032,Density,<Substance CCCOC=O{solv}{x=0.233600}|ClCCCCl{solv}{x=0.766400}>,CCCOC=O,ClCCCCl,openff-2.3.0rc1,1,1.0969458821476223,0.0003757932983942,1.1122200000000002,0.00274
32218,1033,dhmix_2003217087101692001,1033,EnthalpyOfMixing,<Substance CCCOC=O{solv}{x=0.514500}|ClCCCCl{solv}{x=0.485500}>,CCCOC=O,ClCCCCl,openff-2.3.0rc1,1,0.2388772735236735,0.0374436102820588,-0.114,0.0015
32219,1034,dens_2020761603812222512,1034,Density,<Substance CCCOC=O{solv}{x=0.763600}|ClCCCCl{solv}{x=0.236400}>,CCCOC=O,ClCCCCl,openff-2.3.0rc1,1,0.9672508579424932,0.000273386867407,0.9644500000000004,0.00119
32220,1035,dens_828893303895070246,1035,Density,<Substance C1CCCCC1{solv}{x=0.249800}|CCCCCCCC{solv}{x=0.750200}>,C1CCCCC1,CCCCCCCC,openff-2.3.0rc1,1,0.7007204700649257,0.000157184745477,0.7110900000000002,0.000605
32221,1036,dhmix_1288938247372010686,1036,EnthalpyOfMixing,<Substance C1CCCCC1{solv}{x=0.751300}|CCCCCCCC{solv}{x=0.248700}>,C1CCCCC1,CCCCCCCC,openff-2.3.0rc1,1,0.2278313116309789,0.0377322397443056,0.23,0.005
32222,1037,dens_1398337515687242649,1037,Density,<Substance C1CCCCC1{solv}{x=0.477700}|CCCCCCCC{solv}{x=0.522300}>,C1CCCCC1,CCCCCCCC,openff-2.3.0rc1,1,0.7129180557047916,0.000205944884973,0.7250300000000002,0.000585
32223,1038,dhmix_1429498464152515756,1038,EnthalpyOfMixing,<Substance C1CCCCC1{solv}{x=0.532400}|CCCCCCCC{solv}{x=0.467600}>,C1CCCCC1,CCCCCCCC,openff-2.3.0rc1,1,0.2551540996913104,0.0507066268042724,0.258,0.005
32224,1039,dens_2267960821195706299,1039,Density,<Substance C1CCCCC1{solv}{x=0.796100}|CCCCCCCC{solv}{x=0.203900}>,C1CCCCC1,CCCCCCCC,openff-2.3.0rc1,1,0.7354750423355539,0.0002175682792887,0.7509700000000002,0.00055
32225,1040,dhmix_2289023418386220795,1040,EnthalpyOfMixing,<Substance C1CCCCC1{solv}{x=0.274400}|CCCCCCCC{solv}{x=0.725600}>,C1CCCCC1,CCCCCCCC,openff-2.3.0rc1,1,0.1930466848603771,0.0555360679302491,0.18,0.005
32226,1041,dens_848374876759596361,1041,Density,<Substance CC(C)OC(C)C{solv}{x=0.284600}|CCCCCl{solv}{x=0.715400}>,CC(C)OC(C)C,CCCCCl,openff-2.3.0rc1,1,0.8159819183251722,0.000299544439452,0.8263210000000002,0.000365
32227,1042,dens_917492506874956672,1042,Density,<Substance CC(C)OC(C)C{solv}{x=0.808200}|CCCCCl{solv}{x=0.191800}>,CC(C)OC(C)C,CCCCCl,openff-2.3.0rc1,1,0.7555854117846211,0.0002452504503555,0.7440910000000002,0.000448
32228,1043,dhmix_1107367594793013993,1043,EnthalpyOfMixing,<Substance CC(C)OC(C)C{solv}{x=0.272700}|CCCCCl{solv}{x=0.727300}>,CC(C)OC(C)C,CCCCCl,openff-2.3.0rc1,1,-0.2236437320267157,0.0413846821588675,-0.0785,0.001
32229,1044,dhmix_1310204607958463222,1044,EnthalpyOfMixing,<Substance CC(C)OC(C)C{solv}{x=0.454700}|CCCCCl{solv}{x=0.545300}>,CC(C)OC(C)C,CCCCCl,openff-2.3.0rc1,1,-0.1085201107815336,0.0348134653286759,-0.0954,0.0012
32230,1045,dhmix_1605157292498138629,1045,EnthalpyOfMixing,<Substance CC(C)OC(C)C{solv}{x=0.727400}|CCCCCl{solv}{x=0.272600}>,CC(C)OC(C)C,CCCCCl,openff-2.3.0rc1,1,-0.0448186815923747,0.0422167860147586,-0.0732,0.00095
32231,1046,dens_1927916489732771888,1046,Density,<Substance CC(C)OC(C)C{solv}{x=0.484000}|CCCCCl{solv}{x=0.516000}>,CC(C)OC(C)C,CCCCCl,openff-2.3.0rc1,1,0.7919313879339631,0.00026294038035,0.7925060000000002,0.0004005
32232,1047,dens_860008765681738590,1047,Density,<Substance CN(CCO)CCO{solv}{x=0.231260}|c1ccncc1{solv}{x=0.768740}>,CN(CCO)CCO,c1ccncc1,openff-2.3.0rc1,1,1.0022548335214878,0.0002241446783048,0.9906030000000002,0.0001015
32233,1048,dens_1253280811379348869,1048,Density,<Substance CN(CCO)CCO{solv}{x=0.670000}|c1ccncc1{solv}{x=0.330000}>,CN(CCO)CCO,c1ccncc1,openff-2.3.0rc1,1,1.036689247705893,0.0003051456305844,1.0161020000000005,0.000102
32234,1049,dhmix_1381513140604048573,1049,EnthalpyOfMixing,<Substance CN(CCO)CCO{solv}{x=0.473760}|c1ccncc1{solv}{x=0.526240}>,CN(CCO)CCO,c1ccncc1,openff-2.3.0rc1,1,0.6375142834727541,0.0377452150782196,-0.093,0.001
32235,1050,dens_1460709448836415360,1050,Density,<Substance CN(CCO)CCO{solv}{x=0.473530}|c1ccncc1{solv}{x=0.526470}>,CN(CCO)CCO,c1ccncc1,openff-2.3.0rc1,1,1.0230199784744485,0.0002119005847021,1.0044450000000005,0.0001015
32236,1051,dhmix_2085036308089359597,1051,EnthalpyOfMixing,<Substance CN(CCO)CCO{solv}{x=0.230610}|c1ccncc1{solv}{x=0.769390}>,CN(CCO)CCO,c1ccncc1,openff-2.3.0rc1,1,0.5147281431353505,0.0370746270177576,-0.032,0.001
32237,1052,dhmix_2287943921901918379,1052,EnthalpyOfMixing,<Substance CN(CCO)CCO{solv}{x=0.669580}|c1ccncc1{solv}{x=0.330420}>,CN(CCO)CCO,c1ccncc1,openff-2.3.0rc1,1,0.1851277844403682,0.0437505681873405,-0.12,0.0015
32238,1053,dens_929806754028972955,1053,Density,<Substance CCCC(=O)OC{solv}{x=0.695800}|COC(C)=O{solv}{x=0.304200}>,CCCC(=O)OC,COC(C)=O,openff-2.3.0rc1,1,0.8979840146394096,0.0002347656912822,0.8997600000000002,0.000505
32239,1054,dhmix_1093843275803987368,1054,EnthalpyOfMixing,<Substance CCCC(=O)OC{solv}{x=0.482200}|COC(C)=O{solv}{x=0.517800}>,CCCC(=O)OC,COC(C)=O,openff-2.3.0rc1,1,0.0476880151117136,0.0433423041815647,0.151,0.002
32240,1055,dens_1187818937240241755,1055,Density,<Substance CCCC(=O)OC{solv}{x=0.253600}|COC(C)=O{solv}{x=0.746400}>,CCCC(=O)OC,COC(C)=O,openff-2.3.0rc1,1,0.9158558689418927,0.0002485996286324,0.9147400000000002,0.000505
32241,1056,dens_1462283017082249050,1056,Density,<Substance CCCC(=O)OC{solv}{x=0.545600}|COC(C)=O{solv}{x=0.454400}>,CCCC(=O)OC,COC(C)=O,openff-2.3.0rc1,1,0.9032553448797306,0.0002435098438529,0.9041900000000004,0.000505
32242,1057,dhmix_1514470349370367756,1057,EnthalpyOfMixing,<Substance CCCC(=O)OC{solv}{x=0.226000}|COC(C)=O{solv}{x=0.774000}>,CCCC(=O)OC,COC(C)=O,openff-2.3.0rc1,1,0.0320142936105511,0.0378920665258184,0.102,0.0015
32243,1058,dhmix_1615966506855005599,1058,EnthalpyOfMixing,<Substance CCCC(=O)OC{solv}{x=0.695800}|COC(C)=O{solv}{x=0.304200}>,CCCC(=O)OC,COC(C)=O,openff-2.3.0rc1,1,-0.0656081745743666,0.0469311261504851,0.122,0.0015
32244,1059,dens_931039395662625393,1059,Density,<Substance BrCCBr{solv}{x=0.510700}|CCOC=O{solv}{x=0.489300}>,BrCCBr,CCOC=O,openff-2.3.0rc1,1,1.5708633745413016,0.0006335308683212,1.5742900000000004,0.00125
32245,1060,dhmix_1379448524788285045,1060,EnthalpyOfMixing,<Substance BrCCBr{solv}{x=0.503000}|CCOC=O{solv}{x=0.497000}>,BrCCBr,CCOC=O,openff-2.3.0rc1,1,0.4229421350786744,0.0331851008068546,0.404,0.0054
32246,1061,dhmix_1589211680683586133,1061,EnthalpyOfMixing,<Substance BrCCBr{solv}{x=0.247500}|CCOC=O{solv}{x=0.752500}>,BrCCBr,CCOC=O,openff-2.3.0rc1,1,0.3213240733370979,0.0368549623117882,0.2492,0.0035
32247,1062,dens_1816072583621776909,1062,Density,<Substance BrCCBr{solv}{x=0.282500}|CCOC=O{solv}{x=0.717500}>,BrCCBr,CCOC=O,openff-2.3.0rc1,1,1.2966429341721215,0.0003803759841626,1.2851500000000005,0.00131
32248,1063,dens_1857279480363338972,1063,Density,<Substance BrCCBr{solv}{x=0.750600}|CCOC=O{solv}{x=0.249400}>,BrCCBr,CCOC=O,openff-2.3.0rc1,1,1.8435847393567169,0.000736850188587,1.8698300000000003,0.000995
32249,1064,dhmix_2225135654541562913,1064,EnthalpyOfMixing,<Substance BrCCBr{solv}{x=0.734600}|CCOC=O{solv}{x=0.265400}>,BrCCBr,CCOC=O,openff-2.3.0rc1,1,0.3739121786971093,0.0307394549096533,0.3604,0.00485
32250,1065,dhmix_933824509566848172,1065,EnthalpyOfMixing,<Substance C1COCO1{solv}{x=0.350000}|CCCC(C)=O{solv}{x=0.650000}>,C1COCO1,CCCC(C)=O,openff-2.3.0rc1,1,0.342910423374132,0.042774569722381,0.17755,0.001095
32251,1066,dens_1326756646981901590,1066,Density,<Substance C1COCO1{solv}{x=0.717400}|CCCC(C)=O{solv}{x=0.282600}>,C1COCO1,CCCC(C)=O,openff-2.3.0rc1,1,0.9778208952449174,0.0002519076180754,0.9625500000000002,0.000245
32252,1067,dhmix_1386053902220878259,1067,EnthalpyOfMixing,<Substance C1COCO1{solv}{x=0.500000}|CCCC(C)=O{solv}{x=0.500000}>,C1COCO1,CCCC(C)=O,openff-2.3.0rc1,1,0.3123430515421788,0.0396421968593959,0.21077,0.00122
32253,1068,dens_1490997112604690080,1068,Density,<Substance C1COCO1{solv}{x=0.349900}|CCCC(C)=O{solv}{x=0.650100}>,C1COCO1,CCCC(C)=O,openff-2.3.0rc1,1,0.864238896950034,0.0002335564481612,0.8687200000000003,0.00022
32254,1069,dens_1979377813631413053,1069,Density,<Substance C1COCO1{solv}{x=0.516900}|CCCC(C)=O{solv}{x=0.483100}>,C1COCO1,CCCC(C)=O,openff-2.3.0rc1,1,0.9117174571580008,0.0002408571910655,0.9078200000000004,0.00023
32255,1070,dhmix_2113009728753201792,1070,EnthalpyOfMixing,<Substance C1COCO1{solv}{x=0.750000}|CCCC(C)=O{solv}{x=0.250000}>,C1COCO1,CCCC(C)=O,openff-2.3.0rc1,1,0.3137504040884735,0.0381091039286631,0.17046,0.00107
32256,1071,dhmix_962524540250306235,1071,EnthalpyOfMixing,<Substance Cc1ccccc1N{solv}{x=0.268100}|c1ccncc1{solv}{x=0.731900}>,Cc1ccccc1N,c1ccncc1,openff-2.3.0rc1,1,-1.3329809785850806,0.0345108365299819,-0.8915,0.0182
32257,1072,dhmix_1000930562998604270,1072,EnthalpyOfMixing,<Substance Cc1ccccc1N{solv}{x=0.773500}|c1ccncc1{solv}{x=0.226500}>,Cc1ccccc1N,c1ccncc1,openff-2.3.0rc1,1,-0.7944175331088381,0.0467319261868467,-0.7828,0.016
32258,1073,dens_1203111494553524663,1073,Density,<Substance Cc1ccccc1N{solv}{x=0.483700}|c1ccncc1{solv}{x=0.516300}>,Cc1ccccc1N,c1ccncc1,openff-2.3.0rc1,1,1.0038685672784218,0.0001567769546793,0.9912370000000004,0.000117
32259,1074,dens_1316174752280431242,1074,Density,<Substance Cc1ccccc1N{solv}{x=0.237400}|c1ccncc1{solv}{x=0.762600}>,Cc1ccccc1N,c1ccncc1,openff-2.3.0rc1,1,0.9940298124614716,0.000249475862166,0.9863750000000002,0.000118
32260,1075,dhmix_1371524052813651708,1075,EnthalpyOfMixing,<Substance Cc1ccccc1N{solv}{x=0.482600}|c1ccncc1{solv}{x=0.517400}>,Cc1ccccc1N,c1ccncc1,openff-2.3.0rc1,1,-1.3785141655401354,0.0411292935397725,-1.0329,0.02105
32261,1076,dens_2188924364196997512,1076,Density,<Substance Cc1ccccc1N{solv}{x=0.767800}|c1ccncc1{solv}{x=0.232200}>,Cc1ccccc1N,c1ccncc1,openff-2.3.0rc1,1,1.0119601096227926,0.0002678929096933,0.9936220000000002,0.000117
32262,1077,dens_964556344607822867,1077,Density,<Substance CCCCCCCCC{solv}{x=0.696300}|COC(C)(C)C{solv}{x=0.303700}>,CCCCCCCCC,COC(C)(C)C,openff-2.3.0rc1,1,0.7128924166930914,0.0001688433552296,0.7173600000000002,0.000295
32263,1078,dhmix_1091489740441728210,1078,EnthalpyOfMixing,<Substance CCCCCCCCC{solv}{x=0.260100}|COC(C)(C)C{solv}{x=0.739900}>,CCCCCCCCC,COC(C)(C)C,openff-2.3.0rc1,1,0.5259217320006826,0.0375995002839118,0.371,0.0075
32264,1079,dens_1264105858192356202,1079,Density,<Substance CCCCCCCCC{solv}{x=0.499200}|COC(C)(C)C{solv}{x=0.500800}>,CCCCCCCCC,COC(C)(C)C,openff-2.3.0rc1,1,0.7192716445871082,0.0002146516220292,0.7207300000000002,0.00029
32265,1080,dhmix_1760873631242020891,1080,EnthalpyOfMixing,<Substance CCCCCCCCC{solv}{x=0.759600}|COC(C)(C)C{solv}{x=0.240400}>,CCCCCCCCC,COC(C)(C)C,openff-2.3.0rc1,1,0.3661578005011989,0.0392402532831105,0.345,0.007
32266,1081,dens_2012579877169955729,1081,Density,<Substance CCCCCCCCC{solv}{x=0.199500}|COC(C)(C)C{solv}{x=0.800500}>,CCCCCCCCC,COC(C)(C)C,openff-2.3.0rc1,1,0.7324529098074364,0.0002210990314251,0.7281100000000001,0.000285
32267,1082,dhmix_2200368758776542578,1082,EnthalpyOfMixing,<Substance CCCCCCCCC{solv}{x=0.513300}|COC(C)(C)C{solv}{x=0.486700}>,CCCCCCCCC,COC(C)(C)C,openff-2.3.0rc1,1,0.5841810918383175,0.0478125103673836,0.486,0.0095
32268,1083,dhmix_972091313059406932,1083,EnthalpyOfMixing,<Substance CCCNCCC{solv}{x=0.248200}|CN(C)C=O{solv}{x=0.751800}>,CCCNCCC,CN(C)C=O,openff-2.3.0rc1,1,0.2400645503307146,0.0390014673725796,0.613,0.0195
32269,1084,dhmix_1037416167092316519,1084,EnthalpyOfMixing,<Substance CCCNCCC{solv}{x=0.499500}|CN(C)C=O{solv}{x=0.500500}>,CCCNCCC,CN(C)C=O,openff-2.3.0rc1,1,0.2696421088827563,0.0396213660515687,0.748,0.0225
32270,1085,dhmix_1525975551610336413,1085,EnthalpyOfMixing,<Substance CCCNCCC{solv}{x=0.749600}|CN(C)C=O{solv}{x=0.250400}>,CCCNCCC,CN(C)C=O,openff-2.3.0rc1,1,0.2396711439534726,0.0494861690370839,0.529,0.017
32271,1086,dens_1610465641813938660,1086,Density,<Substance CCCNCCC{solv}{x=0.745900}|CN(C)C=O{solv}{x=0.254100}>,CCCNCCC,CN(C)C=O,openff-2.3.0rc1,1,0.7688422067375429,0.0002067666805464,0.7687320000000002,0.0009355
32272,1087,dens_2129043605695010641,1087,Density,<Substance CCCNCCC{solv}{x=0.503400}|CN(C)C=O{solv}{x=0.496600}>,CCCNCCC,CN(C)C=O,openff-2.3.0rc1,1,0.8061638096104119,0.000227211152327,0.8108000000000002,0.0009885
32273,1088,dens_2129124855081233158,1088,Density,<Substance CCCNCCC{solv}{x=0.252300}|CN(C)C=O{solv}{x=0.747700}>,CCCNCCC,CN(C)C=O,openff-2.3.0rc1,1,0.8549429381945738,0.0002118229405689,0.8674480000000002,0.0010625
32274,1089,dhmix_1022139531284796266,1089,EnthalpyOfMixing,<Substance CCCO{solv}{x=0.730200}|O=Cc1ccccc1{solv}{x=0.269800}>,CCCO,O=Cc1ccccc1,openff-2.3.0rc1,1,1.3442112446046082,0.0423424932719651,1.3784,0.00585
32275,1090,dens_1530410585842005416,1090,Density,<Substance CCCO{solv}{x=0.802500}|O=Cc1ccccc1{solv}{x=0.197500}>,CCCO,O=Cc1ccccc1,openff-2.3.0rc1,1,0.8620164553739581,0.0001900119856641,0.8676000000000003,0.0054
32276,1091,dens_1586325098516354010,1091,Density,<Substance CCCO{solv}{x=0.500300}|O=Cc1ccccc1{solv}{x=0.499700}>,CCCO,O=Cc1ccccc1,openff-2.3.0rc1,1,0.940251357201356,0.0002285027042845,0.9470000000000002,0.0035
32277,1092,dhmix_1860362391399300385,1092,EnthalpyOfMixing,<Substance CCCO{solv}{x=0.237400}|O=Cc1ccccc1{solv}{x=0.762600}>,CCCO,O=Cc1ccccc1,openff-2.3.0rc1,1,0.9654680184958836,0.03918288023208,1.2579,0.0055
32278,1093,dens_2022804020725863961,1093,Density,<Substance CCCO{solv}{x=0.192900}|O=Cc1ccccc1{solv}{x=0.807100}>,CCCO,O=Cc1ccccc1,openff-2.3.0rc1,1,1.0014711662207654,0.0001864926698181,1.0128,0.00265
32279,1094,dhmix_2114980631721668598,1094,EnthalpyOfMixing,<Substance CCCO{solv}{x=0.517800}|O=Cc1ccccc1{solv}{x=0.482200}>,CCCO,O=Cc1ccccc1,openff-2.3.0rc1,1,1.4948559268800992,0.0387162186188985,1.6361,0.00675
32280,1095,dens_1061385011202038988,1095,Density,<Substance CC(C)O{solv}{x=0.495900}|CCCCOCCO{solv}{x=0.504100}>,CC(C)O,CCCCOCCO,openff-2.3.0rc1,1,0.8621166518407308,0.0002258072570971,0.8550000000000002,5.450000000000001e-05
32281,1096,dens_1314274960992474794,1096,Density,<Substance CC(C)O{solv}{x=0.292200}|CCCCOCCO{solv}{x=0.707800}>,CC(C)O,CCCCOCCO,openff-2.3.0rc1,1,0.8782160947122349,0.0002076351767119,0.8743700000000002,4.600000000000001e-05
32282,1097,dens_1729117108592325655,1097,Density,<Substance CC(C)O{solv}{x=0.743300}|CCCCOCCO{solv}{x=0.256700}>,CC(C)O,CCCCOCCO,openff-2.3.0rc1,1,0.8379454103205165,0.0002160509495213,0.8247900000000001,5.600000000000001e-05
32283,1098,dens_1112128096721834081,1098,Density,<Substance CNCCO{solv}{x=0.800900}|O{solv}{x=0.199100}>,CNCCO,O,openff-2.3.0rc1,1,0.9638549487712976,0.0002740327797367,0.9466300000000002,0.00032
32284,1099,dens_1381694863030749046,1099,Density,<Substance CNCCO{solv}{x=0.198700}|O{solv}{x=0.801300}>,CNCCO,O,openff-2.3.0rc1,1,0.9820447219116004,0.0004338531015589,0.9960300000000002,0.00016
32285,1100,dhmix_1383192140212198237,1100,EnthalpyOfMixing,<Substance CNCCO{solv}{x=0.798800}|O{solv}{x=0.201200}>,CNCCO,O,openff-2.3.0rc1,1,-0.9576315955334708,0.040544645945324,-1.219,0.025
32286,1101,dens_1615304038745182966,1101,Density,<Substance CNCCO{solv}{x=0.504100}|O{solv}{x=0.495900}>,CNCCO,O,openff-2.3.0rc1,1,0.974527974564623,0.0004284505419012,0.9688100000000002,0.000235
32287,1102,dhmix_1902240048183935170,1102,EnthalpyOfMixing,<Substance CNCCO{solv}{x=0.501700}|O{solv}{x=0.498300}>,CNCCO,O,openff-2.3.0rc1,1,-1.696158650755514,0.0295840686999847,-2.508,0.051
32288,1103,dhmix_2185888808838690563,1103,EnthalpyOfMixing,<Substance CNCCO{solv}{x=0.199200}|O{solv}{x=0.800800}>,CNCCO,O,openff-2.3.0rc1,1,-0.9746865811477284,0.0230744480680572,-2.243,0.0455
32289,1104,dens_1155626281932782094,1104,Density,<Substance CCC(C)=O{solv}{x=0.292200}|CN1CCCC1=O{solv}{x=0.707800}>,CCC(C)=O,CN1CCCC1=O,openff-2.3.0rc1,1,0.939933927780634,0.0002013871220056,0.9591400000000002,0.00262
32290,1105,dens_1354588388489384902,1105,Density,<Substance CCC(C)=O{solv}{x=0.779300}|CN1CCCC1=O{solv}{x=0.220700}>,CCC(C)=O,CN1CCCC1=O,openff-2.3.0rc1,1,0.8296477072081792,0.0002648517272732,0.8467600000000002,0.002595
32291,1106,dhmix_1468142552678388689,1106,EnthalpyOfMixing,<Substance CCC(C)=O{solv}{x=0.484100}|CN1CCCC1=O{solv}{x=0.515900}>,CCC(C)=O,CN1CCCC1=O,openff-2.3.0rc1,1,0.1181950607112565,0.0383934890475443,-0.1675,0.00415
32292,1107,dhmix_1545004468946955771,1107,EnthalpyOfMixing,<Substance CCC(C)=O{solv}{x=0.246100}|CN1CCCC1=O{solv}{x=0.753900}>,CCC(C)=O,CN1CCCC1=O,openff-2.3.0rc1,1,0.1232313795986694,0.0348808606133187,-0.0999,0.0031
32293,1108,dhmix_1746826813990258300,1108,EnthalpyOfMixing,<Substance CCC(C)=O{solv}{x=0.732400}|CN1CCCC1=O{solv}{x=0.267600}>,CCC(C)=O,CN1CCCC1=O,openff-2.3.0rc1,1,0.1313510638629189,0.0332975065859897,-0.0861,0.0029
32294,1109,dens_2035401379156582518,1109,Density,<Substance CCC(C)=O{solv}{x=0.479500}|CN1CCCC1=O{solv}{x=0.520500}>,CCC(C)=O,CN1CCCC1=O,openff-2.3.0rc1,1,0.9000458295175995,0.0002584996924498,0.9166100000000004,0.00261
32295,1110,dens_1159403686634788877,1110,Density,<Substance C1CCOCC1{solv}{x=0.253600}|Cc1ccncc1{solv}{x=0.746400}>,C1CCOCC1,Cc1ccncc1,openff-2.3.0rc1,1,0.9297517662092064,0.0002171043879025,0.9329390000000002,0.0002125
32296,1111,dhmix_1427533760370073434,1111,EnthalpyOfMixing,<Substance C1CCOCC1{solv}{x=0.241600}|Cc1ccncc1{solv}{x=0.758400}>,C1CCOCC1,Cc1ccncc1,openff-2.3.0rc1,1,0.1281787980289053,0.0435225369511418,0.0975,0.001
32297,1112,dens_1586440979425114987,1112,Density,<Substance C1CCOCC1{solv}{x=0.491300}|Cc1ccncc1{solv}{x=0.508700}>,C1CCOCC1,Cc1ccncc1,openff-2.3.0rc1,1,0.911406597543752,0.0001865137931295,0.9162950000000002,0.0002825
32298,1113,dhmix_1681679230288000235,1113,EnthalpyOfMixing,<Substance C1CCOCC1{solv}{x=0.483400}|Cc1ccncc1{solv}{x=0.516600}>,C1CCOCC1,Cc1ccncc1,openff-2.3.0rc1,1,0.0845526595766603,0.0430558991166834,0.1741,0.00135
32299,1114,dhmix_1854625047398559527,1114,EnthalpyOfMixing,<Substance C1CCOCC1{solv}{x=0.826200}|Cc1ccncc1{solv}{x=0.173800}>,C1CCOCC1,Cc1ccncc1,openff-2.3.0rc1,1,0.0646845230741064,0.0389754236982102,0.0948,0.001
32300,1115,dens_1998279082934343093,1115,Density,<Substance C1CCOCC1{solv}{x=0.826300}|Cc1ccncc1{solv}{x=0.173700}>,C1CCOCC1,Cc1ccncc1,openff-2.3.0rc1,1,0.8753751871161135,0.0002305769477253,0.8827950000000002,0.000387
32301,1116,dens_1226224986443053492,1116,Density,<Substance CCOc1ccccc1{solv}{x=0.482600}|OCCc1ccccc1{solv}{x=0.517400}>,CCOc1ccccc1,OCCc1ccccc1,openff-2.3.0rc1,1,0.9814196389544538,0.0002152744979229,0.9803700000000002,0.00026
32302,1117,dens_1288457717872177367,1117,Density,<Substance CCOc1ccccc1{solv}{x=0.304100}|OCCc1ccccc1{solv}{x=0.695900}>,CCOc1ccccc1,OCCc1ccccc1,openff-2.3.0rc1,1,0.992016628669989,0.0001600400355742,0.9909900000000004,0.00026
32303,1118,dhmix_1400067757990485972,1118,EnthalpyOfMixing,<Substance CCOc1ccccc1{solv}{x=0.738800}|OCCc1ccccc1{solv}{x=0.261200}>,CCOc1ccccc1,OCCc1ccccc1,openff-2.3.0rc1,1,1.007151059254781,0.0550961217099198,1.1427,0.01225
32304,1119,dens_1419265414647987466,1119,Density,<Substance CCOc1ccccc1{solv}{x=0.792900}|OCCc1ccccc1{solv}{x=0.207100}>,CCOc1ccccc1,OCCc1ccccc1,openff-2.3.0rc1,1,0.9635905631051568,0.0001640989544439,0.9624400000000004,0.00026
32305,1120,dhmix_1985234108792038812,1120,EnthalpyOfMixing,<Substance CCOc1ccccc1{solv}{x=0.485200}|OCCc1ccccc1{solv}{x=0.514800}>,CCOc1ccccc1,OCCc1ccccc1,openff-2.3.0rc1,1,1.0024507076711728,0.0467491793817103,1.0249,0.011
32306,1121,dhmix_2203675640711482674,1121,EnthalpyOfMixing,<Substance CCOc1ccccc1{solv}{x=0.239100}|OCCc1ccccc1{solv}{x=0.760900}>,CCOc1ccccc1,OCCc1ccccc1,openff-2.3.0rc1,1,0.502077311442946,0.0506456718218549,0.6669,0.0072
32307,1122,dens_1247048173376376516,1122,Density,<Substance CCCCC(=O)OC{solv}{x=0.349300}|COC=O{solv}{x=0.650700}>,CCCCC(=O)OC,COC=O,openff-2.3.0rc1,1,0.927253946006332,0.0002615611341695,0.9198400000000002,0.000115
32308,1123,dens_1283923442255956417,1123,Density,<Substance CCCCC(=O)OC{solv}{x=0.500000}|COC=O{solv}{x=0.500000}>,CCCCC(=O)OC,COC=O,openff-2.3.0rc1,1,0.9125293604736378,0.0002345394521894,0.90817,0.00012
32309,1124,dhmix_1491739683552461043,1124,EnthalpyOfMixing,<Substance CCCCC(=O)OC{solv}{x=0.348600}|COC=O{solv}{x=0.651400}>,CCCCC(=O)OC,COC=O,openff-2.3.0rc1,1,0.2363512101724625,0.0385806657381122,0.422,0.0045
32310,1125,dhmix_1747049492522889097,1125,EnthalpyOfMixing,<Substance CCCCC(=O)OC{solv}{x=0.523200}|COC=O{solv}{x=0.476800}>,CCCCC(=O)OC,COC=O,openff-2.3.0rc1,1,0.3236209702261465,0.0389196652443327,0.409,0.0045
32311,1126,dhmix_1990853348078771210,1126,EnthalpyOfMixing,<Substance CCCCC(=O)OC{solv}{x=0.796800}|COC=O{solv}{x=0.203200}>,CCCCC(=O)OC,COC=O,openff-2.3.0rc1,1,0.1041936802202059,0.0420804496754982,0.219,0.0025
32312,1127,dens_2269601061883384185,1127,Density,<Substance CCCCC(=O)OC{solv}{x=0.725800}|COC=O{solv}{x=0.274200}>,CCCCC(=O)OC,COC=O,openff-2.3.0rc1,1,0.8961295495854799,0.0002297042027481,0.8955000000000002,0.000135
32313,1128,dens_1266839724964377205,1128,Density,<Substance Cn1ccnc1{solv}{x=0.779500}|O{solv}{x=0.220500}>,Cn1ccnc1,O,openff-2.3.0rc1,1,1.019874599237091,0.0001731827179405,1.0360000000000005,0.00015
32314,1129,dens_1634862053132906887,1129,Density,<Substance Cn1ccnc1{solv}{x=0.498200}|O{solv}{x=0.501800}>,Cn1ccnc1,O,openff-2.3.0rc1,1,1.015994918439482,0.0003012560011318,1.0416,0.00015
32315,1130,dens_1681126092995837883,1130,Density,<Substance Cn1ccnc1{solv}{x=0.216700}|O{solv}{x=0.783300}>,Cn1ccnc1,O,openff-2.3.0rc1,1,1.0017094107188986,0.0004468440162115,1.0301000000000002,0.0001
32316,1131,dhmix_1311251505653939236,1131,EnthalpyOfMixing,<Substance CC(=O)CC(C)=O{solv}{x=0.598500}|O{solv}{x=0.401500}>,CC(=O)CC(C)=O,O,openff-2.3.0rc1,1,0.4138805655082365,0.0345364055392747,0.4905,0.00555
32317,1132,dhmix_1367092272310773702,1132,EnthalpyOfMixing,<Substance CC(=O)CC(C)=O{solv}{x=0.749200}|O{solv}{x=0.250800}>,CC(=O)CC(C)=O,O,openff-2.3.0rc1,1,0.5575769689089327,0.0375669562144526,0.6211,0.00695
32318,1133,dhmix_2033109088651196860,1133,EnthalpyOfMixing,<Substance CC(=O)CC(C)=O{solv}{x=0.200400}|O{solv}{x=0.799600}>,CC(=O)CC(C)=O,O,openff-2.3.0rc1,1,0.0839729428312381,0.0275951625762996,0.1562,0.0021
32319,1134,dens_1319073694995976411,1134,Density,<Substance CC(C)CO{solv}{x=0.762200}|OC1=NCCC1{solv}{x=0.237800}>,CC(C)CO,OC1=NCCC1,openff-2.3.0rc1,1,0.8675043415648017,0.0002500377437564,0.8623100000000001,0.000205
32320,1135,dhmix_1817161401911066523,1135,EnthalpyOfMixing,<Substance CC(C)CO{solv}{x=0.754900}|OC1=NCCC1{solv}{x=0.245100}>,CC(C)CO,OC1=NCCC1,openff-2.3.0rc1,1,1.26275039369927,0.036099481237521,0.2989,0.0033
32321,1136,dens_1852757585830259815,1136,Density,<Substance CC(C)CO{solv}{x=0.287400}|OC1=NCCC1{solv}{x=0.712600}>,CC(C)CO,OC1=NCCC1,openff-2.3.0rc1,1,0.9935067633468786,0.0002515269185874,1.0078300000000002,0.000155
32322,1137,dhmix_2057245570503088562,1137,EnthalpyOfMixing,<Substance CC(C)CO{solv}{x=0.259800}|OC1=NCCC1{solv}{x=0.740200}>,CC(C)CO,OC1=NCCC1,openff-2.3.0rc1,1,1.109023439030537,0.0378299792917342,0.1798,0.00205
32323,1138,dens_2175875616459255266,1138,Density,<Substance CC(C)CO{solv}{x=0.489400}|OC1=NCCC1{solv}{x=0.510600}>,CC(C)CO,OC1=NCCC1,openff-2.3.0rc1,1,0.9389588994760598,0.0002537084701548,0.9431100000000002,0.00017
32324,1139,dhmix_2273039716774959551,1139,EnthalpyOfMixing,<Substance CC(C)CO{solv}{x=0.497800}|OC1=NCCC1{solv}{x=0.502200}>,CC(C)CO,OC1=NCCC1,openff-2.3.0rc1,1,1.3854182654835083,0.0403541974295473,0.2775,0.0031
32325,1140,dens_1400897934227212514,1140,Density,<Substance CC(C)CC(C)(C)C{solv}{x=0.541100}|COC(C)=O{solv}{x=0.458900}>,CC(C)CC(C)(C)C,COC(C)=O,openff-2.3.0rc1,1,0.7646830823320024,0.0002166857619827,0.7495700000000002,0.000505
32326,1141,dhmix_1534218615961922445,1141,EnthalpyOfMixing,<Substance CC(C)CC(C)(C)C{solv}{x=0.256000}|COC(C)=O{solv}{x=0.744000}>,CC(C)CC(C)(C)C,COC(C)=O,openff-2.3.0rc1,1,1.5997243152872116,0.041999102056358,1.385,0.015
32327,1142,dhmix_1663557420681143866,1142,EnthalpyOfMixing,<Substance CC(C)CC(C)(C)C{solv}{x=0.540600}|COC(C)=O{solv}{x=0.459400}>,CC(C)CC(C)(C)C,COC(C)=O,openff-2.3.0rc1,1,1.8932090794768897,0.0463814202080314,1.759,0.019
32328,1143,dens_1833608859418637606,1143,Density,<Substance CC(C)CC(C)(C)C{solv}{x=0.736400}|COC(C)=O{solv}{x=0.263600}>,CC(C)CC(C)(C)C,COC(C)=O,openff-2.3.0rc1,1,0.7335978506254615,0.0002134215752351,0.7171000000000002,0.00015
32329,1144,dhmix_1913788848230724771,1144,EnthalpyOfMixing,<Substance CC(C)CC(C)(C)C{solv}{x=0.783300}|COC(C)=O{solv}{x=0.216700}>,CC(C)CC(C)(C)C,COC(C)=O,openff-2.3.0rc1,1,1.4889801536456415,0.0496429002841039,1.149,0.0125
32330,1145,dens_2018568384717712900,1145,Density,<Substance CC(C)CC(C)(C)C{solv}{x=0.238900}|COC(C)=O{solv}{x=0.761100}>,CC(C)CC(C)(C)C,COC(C)=O,openff-2.3.0rc1,1,0.8368336547030572,0.0002303485390073,0.8248000000000002,0.0001
32331,1146,dens_1465225466328543955,1146,Density,<Substance Cc1cccnc1{solv}{x=0.225000}|O{solv}{x=0.775000}>,Cc1cccnc1,O,openff-2.3.0rc1,1,0.9616076490996722,0.0003636431286724,0.9921000000000002,0.0003
32332,1147,dens_1644445312716340330,1147,Density,<Substance Cc1cccnc1{solv}{x=0.500000}|O{solv}{x=0.500000}>,Cc1cccnc1,O,openff-2.3.0rc1,1,0.9538579849764516,0.000306113251791,0.9797000000000002,0.0003
32333,1148,dens_2262998332454406432,1148,Density,<Substance Cc1cccnc1{solv}{x=0.700000}|O{solv}{x=0.300000}>,Cc1cccnc1,O,openff-2.3.0rc1,1,0.9517498380167926,0.0002282809249045,0.9690000000000002,0.0003
32334,1149,dens_1601780542508306264,1149,Density,<Substance CC(=O)N(C)C{solv}{x=0.771800}|CCOC(C)=O{solv}{x=0.228200}>,CC(=O)N(C)C,CCOC(C)=O,openff-2.3.0rc1,1,0.9027379494369112,0.0001565644655646,0.9286200000000002,0.000185
32335,1150,dens_2126546638582188774,1150,Density,<Substance CC(=O)N(C)C{solv}{x=0.464600}|CCOC(C)=O{solv}{x=0.535400}>,CC(=O)N(C)C,CCOC(C)=O,openff-2.3.0rc1,1,0.9036986678344904,0.0002584429489445,0.9166300000000002,0.00022
32336,1151,dens_2159432384130350508,1151,Density,<Substance CC(=O)N(C)C{solv}{x=0.233100}|CCOC(C)=O{solv}{x=0.766900}>,CC(=O)N(C)C,CCOC(C)=O,openff-2.3.0rc1,1,0.9041721178043706,0.000233345135623,0.9064300000000002,0.000245
32337,1152,dens_1713891284028890335,1152,Density,<Substance CC(=O)O{solv}{x=0.798900}|CCOC(C)=O{solv}{x=0.201100}>,CC(=O)O,CCOC(C)=O,openff-2.3.0rc1,1,1.029967766447221,0.0003346450076171,0.9996600000000002,0.000225
32338,1153,dens_1856345418041920174,1153,Density,<Substance CC(=O)O{solv}{x=0.500700}|CCOC(C)=O{solv}{x=0.499300}>,CC(=O)O,CCOC(C)=O,openff-2.3.0rc1,1,0.9717430881689652,0.0002736302858486,0.9514000000000002,0.00018
32339,1154,dens_2035334988982485653,1154,Density,<Substance CC(=O)O{solv}{x=0.294400}|CCOC(C)=O{solv}{x=0.705600}>,CC(=O)O,CCOC(C)=O,openff-2.3.0rc1,1,0.9403397304059176,0.000252913037079,0.9255000000000002,0.00016
32340,1155,dhmix_592425981731704,0,EnthalpyOfMixing,<Substance C1CCCCC1{solv}{x=0.100300}|Cc1ccccc1{solv}{x=0.899700}>,C1CCCCC1,Cc1ccccc1,openff-2.3.0rc1,2,0.2634366095979175,0.0454238805507494,0.2015,0.0015
32341,1156,dens_191923210986624643,1,Density,<Substance C1CCCCC1{solv}{x=0.697700}|Cc1ccccc1{solv}{x=0.302300}>,C1CCCCC1,Cc1ccccc1,openff-2.3.0rc1,2,0.7676578386262883,0.0001805208950701,0.7818000000000002,0.00041
32342,1157,dens_699555827256664507,2,Density,<Substance C1CCCCC1{solv}{x=0.100000}|Cc1ccccc1{solv}{x=0.900000}>,C1CCCCC1,Cc1ccccc1,openff-2.3.0rc1,2,0.8341856268115269,0.0002323066181255,0.8378000000000001,0.00025
32343,1158,dhmix_997331474504366167,3,EnthalpyOfMixing,<Substance C1CCCCC1{solv}{x=0.697900}|Cc1ccccc1{solv}{x=0.302100}>,C1CCCCC1,Cc1ccccc1,openff-2.3.0rc1,2,0.748425391369679,0.0477751352782575,0.5221,0.0034
32344,1159,dhmix_1586684551148150215,4,EnthalpyOfMixing,<Substance C1CCCCC1{solv}{x=0.397600}|Cc1ccccc1{solv}{x=0.602400}>,C1CCCCC1,Cc1ccccc1,openff-2.3.0rc1,2,0.8094605904818764,0.0375684935180668,0.5887,0.0038
32345,1160,dens_1809100412119556796,5,Density,<Substance C1CCCCC1{solv}{x=0.397500}|Cc1ccccc1{solv}{x=0.602500}>,C1CCCCC1,Cc1ccccc1,openff-2.3.0rc1,2,0.8144047842774533,0.0002422272723387,0.8228000000000002,0.0002
32346,1161,dhmix_1261378482688431,6,EnthalpyOfMixing,<Substance CCC(C)=O{solv}{x=0.510600}|Nc1ccccc1{solv}{x=0.489400}>,CCC(C)=O,Nc1ccccc1,openff-2.3.0rc1,2,-0.2697361486251282,0.0383561866126724,-1.173,0.0125
32347,1162,dhmix_157258283975731553,7,EnthalpyOfMixing,<Substance CCC(C)=O{solv}{x=0.901800}|Nc1ccccc1{solv}{x=0.098200}>,CCC(C)=O,Nc1ccccc1,openff-2.3.0rc1,2,-0.2800906176716964,0.0336683753613184,-0.469,0.005
32348,1163,dens_610648476268376520,8,Density,<Substance CCC(C)=O{solv}{x=0.502600}|Nc1ccccc1{solv}{x=0.497400}>,CCC(C)=O,Nc1ccccc1,openff-2.3.0rc1,2,0.9228221545296416,0.0002405109514664,0.9213850000000002,5.650000000000002e-05
32349,1164,dens_1388487494953421117,9,Density,<Substance CCC(C)=O{solv}{x=0.901900}|Nc1ccccc1{solv}{x=0.098100}>,CCC(C)=O,Nc1ccccc1,openff-2.3.0rc1,2,0.808221596593761,0.0002371882214969,0.8265540000000001,7.200000000000002e-05
32350,1165,dhmix_1389656513678923263,10,EnthalpyOfMixing,<Substance CCC(C)=O{solv}{x=0.209900}|Nc1ccccc1{solv}{x=0.790100}>,CCC(C)=O,Nc1ccccc1,openff-2.3.0rc1,2,0.2325297196844786,0.0427545574623934,-0.648,0.007
32351,1166,dens_2115628806769415578,11,Density,<Substance CCC(C)=O{solv}{x=0.256300}|Nc1ccccc1{solv}{x=0.743700}>,CCC(C)=O,Nc1ccccc1,openff-2.3.0rc1,2,0.991196393322305,0.0002164621055194,0.9712300000000004,4.900000000000001e-05
32352,1167,dens_1379242187515209,12,Density,<Substance CC#N{solv}{x=0.795200}|CCCCOCCCC{solv}{x=0.204800}>,CC#N,CCCCOCCCC,openff-2.3.0rc1,2,0.7656565931079116,0.0002680128212405,0.7708800000000002,0.000245
32353,1168,dhmix_575991096898484441,13,EnthalpyOfMixing,<Substance CC#N{solv}{x=0.488600}|CCCCOCCCC{solv}{x=0.511400}>,CC#N,CCCCOCCCC,openff-2.3.0rc1,2,0.6948564286562942,0.0424538588562718,1.26543,0.00796
32354,1169,dhmix_1182924089945476872,14,EnthalpyOfMixing,<Substance CC#N{solv}{x=0.241600}|CCCCOCCCC{solv}{x=0.758400}>,CC#N,CCCCOCCCC,openff-2.3.0rc1,2,0.4337616603477556,0.0520329736436281,0.94593,0.00601
32355,1170,dhmix_1244492966201685063,15,EnthalpyOfMixing,<Substance CC#N{solv}{x=0.795200}|CCCCOCCCC{solv}{x=0.204800}>,CC#N,CCCCOCCCC,openff-2.3.0rc1,2,0.4425949676420098,0.0285333272932885,0.94289,0.005995
32356,1171,dens_2044032309137951705,16,Density,<Substance CC#N{solv}{x=0.245500}|CCCCOCCCC{solv}{x=0.754500}>,CC#N,CCCCOCCCC,openff-2.3.0rc1,2,0.761691690545576,0.0002293263138326,0.7653000000000001,0.00028
32357,1172,dens_2211436825174998797,17,Density,<Substance CC#N{solv}{x=0.509800}|CCCCOCCCC{solv}{x=0.490200}>,CC#N,CCCCOCCCC,openff-2.3.0rc1,2,0.7637547290060952,0.0002348080607757,0.7671500000000001,0.00026
32358,1173,dens_1820034175228694,18,Density,<Substance C1CCCCC1{solv}{x=0.540900}|CN1CCCC1=O{solv}{x=0.459100}>,C1CCCCC1,CN1CCCC1=O,openff-2.3.0rc1,2,0.8555286602993835,0.0002411966621605,0.8757100000000002,0.000335
32359,1174,dhmix_1335365307191460458,19,EnthalpyOfMixing,<Substance C1CCCCC1{solv}{x=0.751800}|CN1CCCC1=O{solv}{x=0.248200}>,C1CCCCC1,CN1CCCC1=O,openff-2.3.0rc1,2,1.384824511046645,0.0452387354199368,1.1998,0.01285
32360,1175,dens_1375048033230012198,20,Density,<Substance C1CCCCC1{solv}{x=0.733200}|CN1CCCC1=O{solv}{x=0.266800}>,C1CCCCC1,CN1CCCC1=O,openff-2.3.0rc1,2,0.8095783591326243,0.0002543018758091,0.8287300000000002,0.0004
32361,1176,dhmix_1563298635135474599,21,EnthalpyOfMixing,<Substance C1CCCCC1{solv}{x=0.278900}|CN1CCCC1=O{solv}{x=0.721100}>,C1CCCCC1,CN1CCCC1=O,openff-2.3.0rc1,2,1.6341328169069629,0.0368709605310204,1.2061,0.0129
32362,1177,dens_1606235786379262481,22,Density,<Substance C1CCCCC1{solv}{x=0.227500}|CN1CCCC1=O{solv}{x=0.772500}>,C1CCCCC1,CN1CCCC1=O,openff-2.3.0rc1,2,0.93635907960173,0.0002236712164187,0.9583800000000002,0.000245
32363,1178,dhmix_1683219349338278021,23,EnthalpyOfMixing,<Substance C1CCCCC1{solv}{x=0.473400}|CN1CCCC1=O{solv}{x=0.526600}>,C1CCCCC1,CN1CCCC1=O,openff-2.3.0rc1,2,1.8309598229507529,0.0416614357943472,1.4691,0.0157
32364,1179,dens_4438302718372985,24,Density,<Substance BrCCCCBr{solv}{x=0.717000}|COC=O{solv}{x=0.283000}>,BrCCCCBr,COC=O,openff-2.3.0rc1,2,1.6487284450774906,0.0004420546728451,1.6702600000000003,0.00259
32365,1180,dhmix_369816950910078034,25,EnthalpyOfMixing,<Substance BrCCCCBr{solv}{x=0.778200}|COC=O{solv}{x=0.221800}>,BrCCCCBr,COC=O,openff-2.3.0rc1,2,0.654879628724288,0.0350637044191129,0.6355,0.0057
32366,1181,dens_460757700461114532,26,Density,<Substance BrCCCCBr{solv}{x=0.495800}|COC=O{solv}{x=0.504200}>,BrCCCCBr,COC=O,openff-2.3.0rc1,2,1.508162362098503,0.000480599441795,1.5176800000000004,0.001885
32367,1182,dhmix_1496821399278454353,27,EnthalpyOfMixing,<Substance BrCCCCBr{solv}{x=0.265400}|COC=O{solv}{x=0.734600}>,BrCCCCBr,COC=O,openff-2.3.0rc1,2,0.8816717717188176,0.0338707516104933,0.8185,0.00715
32368,1183,dens_1750413656870357630,28,Density,<Substance BrCCCCBr{solv}{x=0.225800}|COC=O{solv}{x=0.774200}>,BrCCCCBr,COC=O,openff-2.3.0rc1,2,1.272839237753132,0.0003944766998493,1.2671300000000003,0.00104
32369,1184,dhmix_1802862930607761431,29,EnthalpyOfMixing,<Substance BrCCCCBr{solv}{x=0.482000}|COC=O{solv}{x=0.518000}>,BrCCCCBr,COC=O,openff-2.3.0rc1,2,1.07184109053933,0.0284640367925988,1.0243,0.0087
32370,1185,dhmix_8447570649359775,30,EnthalpyOfMixing,<Substance OCCO{solv}{x=0.481700}|OCc1ccccc1{solv}{x=0.518300}>,OCCO,OCc1ccccc1,openff-2.3.0rc1,2,0.3198279994715847,0.0400386008366972,0.201,0.00465
32371,1186,dens_824372741354282107,31,Density,<Substance OCCO{solv}{x=0.505700}|OCc1ccccc1{solv}{x=0.494300}>,OCCO,OCc1ccccc1,openff-2.3.0rc1,2,1.0686590324126524,0.0002684057046458,1.0579000000000005,0.00027
32372,1187,dens_1105173553343721111,32,Density,<Substance OCCO{solv}{x=0.737100}|OCc1ccccc1{solv}{x=0.262900}>,OCCO,OCc1ccccc1,openff-2.3.0rc1,2,1.0903138492518407,0.0002565505161016,1.0753200000000005,0.000275
32373,1188,dhmix_1362282802315816638,33,EnthalpyOfMixing,<Substance OCCO{solv}{x=0.736100}|OCc1ccccc1{solv}{x=0.263900}>,OCCO,OCc1ccccc1,openff-2.3.0rc1,2,0.2702592292086407,0.0358707802034634,0.1383,0.0037
32374,1189,dhmix_1666683879028583081,34,EnthalpyOfMixing,<Substance OCCO{solv}{x=0.236500}|OCc1ccccc1{solv}{x=0.763500}>,OCCO,OCc1ccccc1,openff-2.3.0rc1,2,0.0883476798445102,0.0456381399940185,0.209,0.0048
32375,1190,dens_1698159396404241323,35,Density,<Substance OCCO{solv}{x=0.262200}|OCc1ccccc1{solv}{x=0.737800}>,OCCO,OCc1ccccc1,openff-2.3.0rc1,2,1.0519896519358714,0.0002854307009157,1.0442900000000002,0.000265
32376,1191,dens_8507121971977381,36,Density,<Substance CCOC(C)(C)C{solv}{x=0.505000}|Cc1ccccc1{solv}{x=0.495000}>,CCOC(C)(C)C,Cc1ccccc1,openff-2.3.0rc1,2,0.8033094595602467,0.0002076707092233,0.7937390000000002,0.000467
32377,1192,dens_499290591626962121,37,Density,<Substance CCOC(C)(C)C{solv}{x=0.217000}|Cc1ccccc1{solv}{x=0.783000}>,CCOC(C)(C)C,Cc1ccccc1,openff-2.3.0rc1,2,0.8356348460512727,0.0002216917252431,0.8314450000000002,0.000411
32378,1193,dhmix_820491025608256793,38,EnthalpyOfMixing,<Substance CCOC(C)(C)C{solv}{x=0.501900}|Cc1ccccc1{solv}{x=0.498100}>,CCOC(C)(C)C,Cc1ccccc1,openff-2.3.0rc1,2,-0.302297348956543,0.0426234544128695,-0.046,0.00055
32379,1194,dhmix_1374163681483564129,39,EnthalpyOfMixing,<Substance CCOC(C)(C)C{solv}{x=0.248900}|Cc1ccccc1{solv}{x=0.751100}>,CCOC(C)(C)C,Cc1ccccc1,openff-2.3.0rc1,2,-0.1345888356066638,0.0429326165938806,-0.0324,0.0005
32380,1195,dens_1904998692863983733,40,Density,<Substance CCOC(C)(C)C{solv}{x=0.701000}|Cc1ccccc1{solv}{x=0.299000}>,CCOC(C)(C)C,Cc1ccccc1,openff-2.3.0rc1,2,0.7821959969079537,0.0002184248435164,0.7696300000000001,0.000503
32381,1196,dhmix_1982853461678580310,41,EnthalpyOfMixing,<Substance CCOC(C)(C)C{solv}{x=0.749500}|Cc1ccccc1{solv}{x=0.250500}>,CCOC(C)(C)C,Cc1ccccc1,openff-2.3.0rc1,2,-0.1243525173052475,0.0480237028018215,-0.0348,0.0005
32382,1197,dhmix_13624411991961099,42,EnthalpyOfMixing,<Substance C1CCOCC1{solv}{x=0.237900}|Cc1ccccc1N{solv}{x=0.762100}>,C1CCOCC1,Cc1ccccc1N,openff-2.3.0rc1,2,0.0098944610932334,0.0416674045267392,-0.3658,0.004
32383,1198,dhmix_510299013171775812,43,EnthalpyOfMixing,<Substance C1CCOCC1{solv}{x=0.741000}|Cc1ccccc1N{solv}{x=0.259000}>,C1CCOCC1,Cc1ccccc1N,openff-2.3.0rc1,2,-0.0144661076829777,0.0429487114233007,-0.4892,0.0053
32384,1199,dhmix_1337006691942958969,44,EnthalpyOfMixing,<Substance C1CCOCC1{solv}{x=0.490100}|Cc1ccccc1N{solv}{x=0.509900}>,C1CCOCC1,Cc1ccccc1N,openff-2.3.0rc1,2,0.0305103518196148,0.044708362934004,-0.5715,0.0062
32385,1200,dens_1448062547628404156,45,Density,<Substance C1CCOCC1{solv}{x=0.727900}|Cc1ccccc1N{solv}{x=0.272100}>,C1CCOCC1,Cc1ccccc1N,openff-2.3.0rc1,2,0.91697173105425,0.0002123266118748,0.91866,0.000285
32386,1201,dens_2171966897328079405,46,Density,<Substance C1CCOCC1{solv}{x=0.498600}|Cc1ccccc1N{solv}{x=0.501400}>,C1CCOCC1,Cc1ccccc1N,openff-2.3.0rc1,2,0.9499773616654154,0.0002293340462125,0.9459860000000002,0.0002275
32387,1202,dens_2201621104799327758,47,Density,<Substance C1CCOCC1{solv}{x=0.229700}|Cc1ccccc1N{solv}{x=0.770300}>,C1CCOCC1,Cc1ccccc1N,openff-2.3.0rc1,2,0.9866109588230518,0.0002685362814886,0.9734540000000002,0.000164
32388,1203,dens_15008167137789802,48,Density,<Substance CCCCCl{solv}{x=0.299200}|CN(C)C=O{solv}{x=0.700800}>,CCCCCl,CN(C)C=O,openff-2.3.0rc1,2,0.8987803029175374,0.0002810311450997,0.9218000000000002,0.0002
32389,1204,dens_550868133232739009,49,Density,<Substance CCCCCl{solv}{x=0.701200}|CN(C)C=O{solv}{x=0.298800}>,CCCCCl,CN(C)C=O,openff-2.3.0rc1,2,0.8739684119866308,0.0002879251363455,0.8963000000000002,0.0002
32390,1205,dhmix_1315230298567753558,50,EnthalpyOfMixing,<Substance CCCCCl{solv}{x=0.793000}|CN(C)C=O{solv}{x=0.207000}>,CCCCCl,CN(C)C=O,openff-2.3.0rc1,2,0.7738893097703112,0.0413678841784406,0.404,0.003
32391,1206,dhmix_1929975181819720491,51,EnthalpyOfMixing,<Substance CCCCCl{solv}{x=0.493000}|CN(C)C=O{solv}{x=0.507000}>,CCCCCl,CN(C)C=O,openff-2.3.0rc1,2,1.064518027895666,0.0366043785499413,0.571,0.003
32392,1207,dhmix_1976787548784045784,52,EnthalpyOfMixing,<Substance CCCCCl{solv}{x=0.295000}|CN(C)C=O{solv}{x=0.705000}>,CCCCCl,CN(C)C=O,openff-2.3.0rc1,2,0.8427775393127135,0.0381040529418142,0.467,0.003
32393,1208,dens_2008819185276371643,53,Density,<Substance CCCCCl{solv}{x=0.499000}|CN(C)C=O{solv}{x=0.501000}>,CCCCCl,CN(C)C=O,openff-2.3.0rc1,2,0.886844160517892,0.0002825165971194,0.9086000000000002,0.0002
32394,1209,dens_16755306936326197,54,Density,<Substance Cc1ccccc1N{solv}{x=0.255700}|Cc1ccccn1{solv}{x=0.744300}>,Cc1ccccc1N,Cc1ccccn1,openff-2.3.0rc1,2,0.9670764971605752,0.0002237226520607,0.9597930000000002,0.000307
32395,1210,dens_238666738854407136,55,Density,<Substance Cc1ccccc1N{solv}{x=0.514600}|Cc1ccccn1{solv}{x=0.485400}>,Cc1ccccc1N,Cc1ccccn1,openff-2.3.0rc1,2,0.9858799376,0.0002009587164719,0.9748990000000002,0.0002315
32396,1211,dhmix_1909144841681931250,56,EnthalpyOfMixing,<Substance Cc1ccccc1N{solv}{x=0.488200}|Cc1ccccn1{solv}{x=0.511800}>,Cc1ccccc1N,Cc1ccccn1,openff-2.3.0rc1,2,-1.4126061425124448,0.0406606576805887,-1.4976,0.0305
32397,1212,dens_1945534954282706534,57,Density,<Substance Cc1ccccc1N{solv}{x=0.757100}|Cc1ccccn1{solv}{x=0.242900}>,Cc1ccccc1N,Cc1ccccn1,openff-2.3.0rc1,2,1.0018361246521423,0.0002470438079644,0.9854410000000002,0.000169
32398,1213,dhmix_2038606904928978856,58,EnthalpyOfMixing,<Substance Cc1ccccc1N{solv}{x=0.782100}|Cc1ccccn1{solv}{x=0.217900}>,Cc1ccccc1N,Cc1ccccn1,openff-2.3.0rc1,2,-0.8430962537842035,0.0492191723686167,-0.8656,0.01775
32399,1214,dhmix_2125558080831870503,59,EnthalpyOfMixing,<Substance Cc1ccccc1N{solv}{x=0.273600}|Cc1ccccn1{solv}{x=0.726400}>,Cc1ccccc1N,Cc1ccccn1,openff-2.3.0rc1,2,-1.2676244375662336,0.0436250282589877,-1.2462,0.0254
32400,1215,dens_19028061622240549,60,Density,<Substance CN(C)CCO{solv}{x=0.296200}|CO{solv}{x=0.703800}>,CN(C)CCO,CO,openff-2.3.0rc1,2,0.8513263945981081,0.0003649695228153,0.8506500000000001,0.00014
32401,1216,dens_186649390549115907,61,Density,<Substance CN(C)CCO{solv}{x=0.502000}|CO{solv}{x=0.498000}>,CN(C)CCO,CO,openff-2.3.0rc1,2,0.8778014168234488,0.0002286115401061,0.8684000000000002,0.000155
32402,1217,dhmix_1453612193040378117,62,EnthalpyOfMixing,<Substance CN(C)CCO{solv}{x=0.497200}|CO{solv}{x=0.502800}>,CN(C)CCO,CO,openff-2.3.0rc1,2,-1.1095332493773356,0.0364666754075589,-0.8673,0.00935
32403,1218,dens_1978392691277508278,63,Density,<Substance CN(C)CCO{solv}{x=0.707500}|CO{solv}{x=0.292500}>,CN(C)CCO,CO,openff-2.3.0rc1,2,0.894024683112081,0.0002436608563364,0.8766100000000002,0.00017
32404,1219,dhmix_2113387918969192804,64,EnthalpyOfMixing,<Substance CN(C)CCO{solv}{x=0.247900}|CO{solv}{x=0.752100}>,CN(C)CCO,CO,openff-2.3.0rc1,2,-0.8586986239421535,0.0321589274752246,-0.8057,0.0087
32405,1220,dhmix_2220842061395014218,65,EnthalpyOfMixing,<Substance CN(C)CCO{solv}{x=0.750600}|CO{solv}{x=0.249400}>,CN(C)CCO,CO,openff-2.3.0rc1,2,-0.6929229170435036,0.0377467374941353,-0.5322,0.00585
32406,1221,dhmix_21994921667950318,66,EnthalpyOfMixing,<Substance C=CCCCC{solv}{x=0.500100}|CCCO{solv}{x=0.499900}>,C=CCCCC,CCCO,openff-2.3.0rc1,2,0.7424699478440715,0.0392298791826556,0.595,0.0055
32407,1222,dens_62854823056490751,67,Density,<Substance C=CCCCC{solv}{x=0.150300}|CCCO{solv}{x=0.849700}>,C=CCCCC,CCCO,openff-2.3.0rc1,2,0.7644317743916531,0.0002503704816611,0.7704980000000002,0.0001845
32408,1223,dens_294296714501123310,68,Density,<Substance C=CCCCC{solv}{x=0.499100}|CCCO{solv}{x=0.500900}>,C=CCCCC,CCCO,openff-2.3.0rc1,2,0.7066187883948493,0.0001799435311355,0.7176450000000002,0.0002145
32409,1224,dhmix_829065315899278784,69,EnthalpyOfMixing,<Substance C=CCCCC{solv}{x=0.750000}|CCCO{solv}{x=0.250000}>,C=CCCCC,CCCO,openff-2.3.0rc1,2,0.7104326397506782,0.0442636073603291,0.682,0.006
32410,1225,dens_2024397702416079279,70,Density,<Substance C=CCCCC{solv}{x=0.745600}|CCCO{solv}{x=0.254400}>,C=CCCCC,CCCO,openff-2.3.0rc1,2,0.6764993597518186,0.0001832124306824,0.6899770000000002,0.0002305
32411,1226,dhmix_2167083041249157622,71,EnthalpyOfMixing,<Substance C=CCCCC{solv}{x=0.150100}|CCCO{solv}{x=0.849900}>,C=CCCCC,CCCO,openff-2.3.0rc1,2,0.3384725584211807,0.0422028283902133,0.192,0.005
32412,1227,dhmix_22428169890990447,72,EnthalpyOfMixing,<Substance CC1(C)C(=O)[C@]2(C)CC[C@H]1C2{solv}{x=0.286000}|CCO{solv}{x=0.714000}>,CC1(C)C(=O)[C@]2(C)CC[C@H]1C2,CCO,openff-2.3.0rc1,2,0.8623567036274835,0.0393086740336684,0.876,0.0265
32413,1228,dhmix_57626661746168078,73,EnthalpyOfMixing,<Substance CC1(C)C(=O)[C@]2(C)CC[C@H]1C2{solv}{x=0.701000}|CCO{solv}{x=0.299000}>,CC1(C)C(=O)[C@]2(C)CC[C@H]1C2,CCO,openff-2.3.0rc1,2,0.8035208428400722,0.0516770394769577,1.0,0.0305
32414,1229,dhmix_287041928444283276,74,EnthalpyOfMixing,<Substance CC1(C)C(=O)[C@]2(C)CC[C@H]1C2{solv}{x=0.488000}|CCO{solv}{x=0.512000}>,CC1(C)C(=O)[C@]2(C)CC[C@H]1C2,CCO,openff-2.3.0rc1,2,0.9725197421716132,0.0429711872801736,1.109,0.0335
32415,1230,dens_618487453946854895,75,Density,<Substance CC1(C)C(=O)[C@]2(C)CC[C@H]1C2{solv}{x=0.501200}|CCO{solv}{x=0.498800}>,CC1(C)C(=O)[C@]2(C)CC[C@H]1C2,CCO,openff-2.3.0rc1,2,0.9082731041448584,0.0002112707490425,0.9005900000000002,5.5000000000000016e-05
32416,1231,dens_1408969463542558504,76,Density,<Substance CC1(C)C(=O)[C@]2(C)CC[C@H]1C2{solv}{x=0.789700}|CCO{solv}{x=0.210300}>,CC1(C)C(=O)[C@]2(C)CC[C@H]1C2,CCO,openff-2.3.0rc1,2,0.9369453142222486,0.0002352839673713,0.9274800000000002,6.0000000000000015e-05
32417,1232,dens_2053919413592536040,77,Density,<Substance CC1(C)C(=O)[C@]2(C)CC[C@H]1C2{solv}{x=0.200200}|CCO{solv}{x=0.799800}>,CC1(C)C(=O)[C@]2(C)CC[C@H]1C2,CCO,openff-2.3.0rc1,2,0.8572848987219147,0.0002346546732713,0.8499000000000002,6.500000000000002e-05
32418,1233,dhmix_24700325920498635,78,EnthalpyOfMixing,<Substance CCC(C)(C)O{solv}{x=0.799400}|CCOC(C)(C)CC{solv}{x=0.200600}>,CCC(C)(C)O,CCOC(C)(C)CC,openff-2.3.0rc1,2,0.8091256540637559,0.0493730898163042,0.448,0.0073
32419,1234,dhmix_252628078473967793,79,EnthalpyOfMixing,<Substance CCC(C)(C)O{solv}{x=0.299700}|CCOC(C)(C)CC{solv}{x=0.700300}>,CCC(C)(C)O,CCOC(C)(C)CC,openff-2.3.0rc1,2,1.0510803178806256,0.0447519917132254,0.9727,0.0132
32420,1235,dens_281609537293621351,80,Density,<Substance CCC(C)(C)O{solv}{x=0.799400}|CCOC(C)(C)CC{solv}{x=0.200600}>,CCC(C)(C)O,CCOC(C)(C)CC,openff-2.3.0rc1,2,0.8064881398694096,0.0002008929363979,0.7932000000000002,0.00025
32421,1236,dhmix_980734994193955874,81,EnthalpyOfMixing,<Substance CCC(C)(C)O{solv}{x=0.498700}|CCOC(C)(C)CC{solv}{x=0.501300}>,CCC(C)(C)O,CCOC(C)(C)CC,openff-2.3.0rc1,2,1.0397640518267082,0.0485746714472062,0.8937,0.01225
32422,1237,dens_1165049856972872340,82,Density,<Substance CCC(C)(C)O{solv}{x=0.498700}|CCOC(C)(C)CC{solv}{x=0.501300}>,CCC(C)(C)O,CCOC(C)(C)CC,openff-2.3.0rc1,2,0.7879138697997209,0.000226394191622,0.7789000000000001,0.0002
32423,1238,dens_2297026976830009992,83,Density,<Substance CCC(C)(C)O{solv}{x=0.299700}|CCOC(C)(C)CC{solv}{x=0.700300}>,CCC(C)(C)O,CCOC(C)(C)CC,openff-2.3.0rc1,2,0.7773914020097987,0.000205250178668,0.7709000000000001,0.0002
32424,1239,dens_25810987980199799,84,Density,<Substance CCCCCC{solv}{x=0.158800}|Cc1ccccc1{solv}{x=0.841200}>,CCCCCC,Cc1ccccc1,openff-2.3.0rc1,2,0.8209493864244054,0.0002225603242928,0.8226300000000002,0.000335
32425,1240,dens_574637447996217594,85,Density,<Substance CCCCCC{solv}{x=0.501100}|Cc1ccccc1{solv}{x=0.498900}>,CCCCCC,Cc1ccccc1,openff-2.3.0rc1,2,0.7412945063706178,0.0002513779605482,0.7484400000000002,0.00015
32426,1241,dhmix_1373657903424456878,86,EnthalpyOfMixing,<Substance CCCCCC{solv}{x=0.158600}|Cc1ccccc1{solv}{x=0.841400}>,CCCCCC,Cc1ccccc1,openff-2.3.0rc1,2,0.4120948335469592,0.042961122791618,0.3163,0.0043
32427,1242,dhmix_1383995974797334848,87,EnthalpyOfMixing,<Substance CCCCCC{solv}{x=0.472300}|Cc1ccccc1{solv}{x=0.527700}>,CCCCCC,Cc1ccccc1,openff-2.3.0rc1,2,0.762650035842455,0.0420210089420531,0.5467,0.00715
32428,1243,dhmix_1412344026798360911,88,EnthalpyOfMixing,<Substance CCCCCC{solv}{x=0.748400}|Cc1ccccc1{solv}{x=0.251600}>,CCCCCC,Cc1ccccc1,openff-2.3.0rc1,2,0.5390918852384345,0.0326670639200901,0.393,0.00525
32429,1244,dens_2241575426887298365,89,Density,<Substance CCCCCC{solv}{x=0.733800}|Cc1ccccc1{solv}{x=0.266200}>,CCCCCC,Cc1ccccc1,openff-2.3.0rc1,2,0.6930034719812641,0.0002729854743127,0.7020900000000002,0.000305
32430,1245,dens_27241401908451167,90,Density,<Substance CN(C)C=O{solv}{x=0.503500}|Cc1ccccc1Cl{solv}{x=0.496500}>,CN(C)C=O,Cc1ccccc1Cl,openff-2.3.0rc1,2,1.0155525887030756,0.000245444676513,1.0247000000000004,0.0005
32431,1246,dhmix_674882857451857086,91,EnthalpyOfMixing,<Substance CN(C)C=O{solv}{x=0.511800}|Cc1ccccc1Cl{solv}{x=0.488200}>,CN(C)C=O,Cc1ccccc1Cl,openff-2.3.0rc1,2,0.183741062272901,0.0396135301305776,0.545,0.006
32432,1247,dens_818042132181297482,92,Density,<Substance CN(C)C=O{solv}{x=0.751200}|Cc1ccccc1Cl{solv}{x=0.248800}>,CN(C)C=O,Cc1ccccc1Cl,openff-2.3.0rc1,2,0.9716771060118314,0.0002302689196309,0.9898800000000002,0.0005
32433,1248,dens_861365281257265917,93,Density,<Substance CN(C)C=O{solv}{x=0.273700}|Cc1ccccc1Cl{solv}{x=0.726300}>,CN(C)C=O,Cc1ccccc1Cl,openff-2.3.0rc1,2,1.0388771683250884,0.0002986571734539,1.0415000000000003,0.0005
32434,1249,dhmix_1670364528496870559,94,EnthalpyOfMixing,<Substance CN(C)C=O{solv}{x=0.767900}|Cc1ccccc1Cl{solv}{x=0.232100}>,CN(C)C=O,Cc1ccccc1Cl,openff-2.3.0rc1,2,0.1163054201845668,0.0386241404766638,0.436,0.005
32435,1250,dhmix_1992689527814967541,95,EnthalpyOfMixing,<Substance CN(C)C=O{solv}{x=0.274300}|Cc1ccccc1Cl{solv}{x=0.725700}>,CN(C)C=O,Cc1ccccc1Cl,openff-2.3.0rc1,2,0.1904734798719261,0.0413294801594701,0.373,0.004
32436,1251,dens_29213618499921464,96,Density,<Substance C1CCOCC1{solv}{x=0.254000}|O=C1CCCCCC1{solv}{x=0.746000}>,C1CCOCC1,O=C1CCCCCC1,openff-2.3.0rc1,2,0.9127249012008558,0.0001687324726922,0.9355100000000002,0.00051
32437,1252,dens_468319504030932569,97,Density,<Substance C1CCOCC1{solv}{x=0.498600}|O=C1CCCCCC1{solv}{x=0.501400}>,C1CCOCC1,O=C1CCCCCC1,openff-2.3.0rc1,2,0.901022067224182,0.0001877652680362,0.9211200000000004,0.00051
32438,1253,dens_1174890511154571939,98,Density,<Substance C1CCOCC1{solv}{x=0.768600}|O=C1CCCCCC1{solv}{x=0.231400}>,C1CCOCC1,O=C1CCCCCC1,openff-2.3.0rc1,2,0.8865807792797833,0.0002087796248487,0.9012200000000002,0.000505
32439,1254,dens_30084818585402677,99,Density,<Substance CC(=O)N(C)C{solv}{x=0.700600}|ClCCCCCCCl{solv}{x=0.299400}>,CC(=O)N(C)C,ClCCCCCCCl,openff-2.3.0rc1,2,0.9612118102683792,0.0002352067185233,0.9853000000000002,0.00175
32440,1255,dhmix_384619296407103076,100,EnthalpyOfMixing,<Substance CC(=O)N(C)C{solv}{x=0.504000}|ClCCCCCCCl{solv}{x=0.496000}>,CC(=O)N(C)C,ClCCCCCCCl,openff-2.3.0rc1,2,0.3430406748346613,0.0460162783342369,0.09,0.002
32441,1256,dens_539464371986972328,101,Density,<Substance CC(=O)N(C)C{solv}{x=0.494300}|ClCCCCCCCl{solv}{x=0.505700}>,CC(=O)N(C)C,ClCCCCCCCl,openff-2.3.0rc1,2,0.9941414025780668,0.000247562334706,1.0123000000000002,0.0016
32442,1257,dhmix_1114659247517686326,102,EnthalpyOfMixing,<Substance CC(=O)N(C)C{solv}{x=0.798000}|ClCCCCCCCl{solv}{x=0.202000}>,CC(=O)N(C)C,ClCCCCCCCl,openff-2.3.0rc1,2,0.2533050079701979,0.041889729781002,0.067,0.002
32443,1258,dhmix_1410583096030633514,103,EnthalpyOfMixing,<Substance CC(=O)N(C)C{solv}{x=0.212000}|ClCCCCCCCl{solv}{x=0.788000}>,CC(=O)N(C)C,ClCCCCCCCl,openff-2.3.0rc1,2,0.1697441517170688,0.0439569003228278,0.04,0.002
32444,1259,dens_2244909992725638206,104,Density,<Substance CC(=O)N(C)C{solv}{x=0.300200}|ClCCCCCCCl{solv}{x=0.699800}>,CC(=O)N(C)C,ClCCCCCCCl,openff-2.3.0rc1,2,1.0203429198886025,0.0002330860843432,1.0345000000000002,0.0015
32445,1260,dhmix_35301006695188726,105,EnthalpyOfMixing,<Substance CCOC(=O)C(C)C{solv}{x=0.289000}|CO{solv}{x=0.711000}>,CCOC(=O)C(C)C,CO,openff-2.3.0rc1,2,0.4440951098340626,0.0333947338339785,0.488,0.0035
32446,1261,dens_508877804306927207,106,Density,<Substance CCOC(=O)C(C)C{solv}{x=0.499000}|CO{solv}{x=0.501000}>,CCOC(=O)C(C)C,CO,openff-2.3.0rc1,2,0.844948568422593,0.0002713149407496,0.8414100000000002,0.00011
32447,1262,dens_1201422771202741625,107,Density,<Substance CCOC(=O)C(C)C{solv}{x=0.199600}|CO{solv}{x=0.800400}>,CCOC(=O)C(C)C,CO,openff-2.3.0rc1,2,0.8129233323101792,0.0003803673240714,0.8173600000000002,0.000115
32448,1263,dhmix_1951183536432642425,108,EnthalpyOfMixing,<Substance CCOC(=O)C(C)C{solv}{x=0.480000}|CO{solv}{x=0.520000}>,CCOC(=O)C(C)C,CO,openff-2.3.0rc1,2,0.6184424345159414,0.0314750666385827,0.671,0.0045
32449,1264,dens_1998368384671748308,109,Density,<Substance CCOC(=O)C(C)C{solv}{x=0.703000}|CO{solv}{x=0.297000}>,CCOC(=O)C(C)C,CO,openff-2.3.0rc1,2,0.8573502148158726,0.0002666897128681,0.8501200000000002,0.00011
32450,1265,dhmix_2200604492347455092,110,EnthalpyOfMixing,<Substance CCOC(=O)C(C)C{solv}{x=0.771000}|CO{solv}{x=0.229000}>,CCOC(=O)C(C)C,CO,openff-2.3.0rc1,2,0.4450569790302339,0.0457378960039953,0.632,0.0045
32451,1266,dhmix_39159150320919359,111,EnthalpyOfMixing,<Substance CCO{solv}{x=0.799700}|Cc1cccc(O)c1{solv}{x=0.200300}>,CCO,Cc1cccc(O)c1,openff-2.3.0rc1,2,-0.7074177970367028,0.036203040768265,-0.79199,0.011965
32452,1267,dens_410843938837220593,112,Density,<Substance CCO{solv}{x=0.263700}|Cc1cccc(O)c1{solv}{x=0.736300}>,CCO,Cc1cccc(O)c1,openff-2.3.0rc1,2,0.9990273461767384,0.0002987168701966,0.9852300000000004,0.0006
32453,1268,dhmix_1115402835538407874,113,EnthalpyOfMixing,<Substance CCO{solv}{x=0.212500}|Cc1cccc(O)c1{solv}{x=0.787500}>,CCO,Cc1cccc(O)c1,openff-2.3.0rc1,2,-0.792709415180493,0.0409387583061304,-0.68742,0.01275
32454,1269,dens_1359111234216199895,114,Density,<Substance CCO{solv}{x=0.472400}|Cc1cccc(O)c1{solv}{x=0.527600}>,CCO,Cc1cccc(O)c1,openff-2.3.0rc1,2,0.9618458546442856,0.0002586266190527,0.9446300000000002,0.0006
32455,1270,dens_1590314985481219627,115,Density,<Substance CCO{solv}{x=0.781700}|Cc1cccc(O)c1{solv}{x=0.218300}>,CCO,Cc1cccc(O)c1,openff-2.3.0rc1,2,0.8793369792464132,0.0002731562737763,0.8631500000000002,0.000605
32456,1271,dhmix_1871939727966182523,116,EnthalpyOfMixing,<Substance CCO{solv}{x=0.413900}|Cc1cccc(O)c1{solv}{x=0.586100}>,CCO,Cc1cccc(O)c1,openff-2.3.0rc1,2,-1.1118705184594333,0.0393467264054484,-1.14624,0.00985
32457,1272,dens_42678158079716854,117,Density,<Substance CN1CCCC1=O{solv}{x=0.937492}|c1ccccc1{solv}{x=0.062508}>,CN1CCCC1=O,c1ccccc1,openff-2.3.0rc1,2,0.9966389324055512,0.0002070074038366,1.0204500000000003,3.500000000000001e-05
32458,1273,dens_252520620125458637,118,Density,<Substance CN1CCCC1=O{solv}{x=0.513500}|c1ccccc1{solv}{x=0.486500}>,CN1CCCC1=O,c1ccccc1,openff-2.3.0rc1,2,0.954004021527684,0.0002101409399836,0.9684700000000004,0.00018
32459,1274,dhmix_524477957640851666,119,EnthalpyOfMixing,<Substance CN1CCCC1=O{solv}{x=0.235600}|c1ccccc1{solv}{x=0.764400}>,CN1CCCC1=O,c1ccccc1,openff-2.3.0rc1,2,-0.1503904720133846,0.0388115484470968,-0.3684,0.00405
32460,1275,dhmix_1475629358723962160,120,EnthalpyOfMixing,<Substance CN1CCCC1=O{solv}{x=0.546700}|c1ccccc1{solv}{x=0.453300}>,CN1CCCC1=O,c1ccccc1,openff-2.3.0rc1,2,-0.0912120230253279,0.0437138877706665,-0.4943,0.00535
32461,1276,dens_2041306780823594960,121,Density,<Substance CN1CCCC1=O{solv}{x=0.252400}|c1ccccc1{solv}{x=0.747600}>,CN1CCCC1=O,c1ccccc1,openff-2.3.0rc1,2,0.9116490238334009,0.0002382692955552,0.9163300000000004,0.00029
32462,1277,dhmix_2156508970935294660,122,EnthalpyOfMixing,<Substance CN1CCCC1=O{solv}{x=0.741100}|c1ccccc1{solv}{x=0.258900}>,CN1CCCC1=O,c1ccccc1,openff-2.3.0rc1,2,-0.1699924826278902,0.0428199372668492,-0.3841,0.0042
32463,1278,dhmix_44217680865702366,123,EnthalpyOfMixing,<Substance CC(=O)c1ccccc1{solv}{x=0.200100}|CC(C)O{solv}{x=0.799900}>,CC(=O)c1ccccc1,CC(C)O,openff-2.3.0rc1,2,1.023773065875366,0.0416114542331011,1.1352,0.0124
32464,1279,dens_91454082453656404,124,Density,<Substance CC(=O)c1ccccc1{solv}{x=0.756100}|CC(C)O{solv}{x=0.243900}>,CC(=O)c1ccccc1,CC(C)O,openff-2.3.0rc1,2,0.9762071330171004,0.0001576183282252,0.9823500000000004,0.000175
32465,1280,dens_152869924254680766,125,Density,<Substance CC(=O)c1ccccc1{solv}{x=0.251700}|CC(C)O{solv}{x=0.748300}>,CC(=O)c1ccccc1,CC(C)O,openff-2.3.0rc1,2,0.8779053873028654,0.0002292393791255,0.8654400000000002,0.000245
32466,1281,dhmix_1214494501247401592,126,EnthalpyOfMixing,<Substance CC(=O)c1ccccc1{solv}{x=0.499600}|CC(C)O{solv}{x=0.500400}>,CC(=O)c1ccccc1,CC(C)O,openff-2.3.0rc1,2,1.4332497659534589,0.0409550875933647,1.5703,0.0169
32467,1282,dhmix_1482394504883204224,127,EnthalpyOfMixing,<Substance CC(=O)c1ccccc1{solv}{x=0.700600}|CC(C)O{solv}{x=0.299400}>,CC(=O)c1ccccc1,CC(C)O,openff-2.3.0rc1,2,1.10297678822333,0.0407984977178439,1.3758,0.01485
32468,1283,dens_1804860114822214449,128,Density,<Substance CC(=O)c1ccccc1{solv}{x=0.534500}|CC(C)O{solv}{x=0.465500}>,CC(=O)c1ccccc1,CC(C)O,openff-2.3.0rc1,2,0.9389304568145606,0.0002155824919898,0.9375600000000002,0.0002
32469,1284,dhmix_47323681380989568,129,EnthalpyOfMixing,<Substance CCCCCCCCCl{solv}{x=0.498000}|CN(C)C=O{solv}{x=0.502000}>,CCCCCCCCCl,CN(C)C=O,openff-2.3.0rc1,2,1.4574768506838467,0.0438860073888291,1.087,0.0045
32470,1285,dhmix_620291288515939248,130,EnthalpyOfMixing,<Substance CCCCCCCCCl{solv}{x=0.790000}|CN(C)C=O{solv}{x=0.210000}>,CCCCCCCCCl,CN(C)C=O,openff-2.3.0rc1,2,1.0207471436527271,0.0543541682484522,0.68,0.0045
32471,1286,dens_1830564734879843336,131,Density,<Substance CCCCCCCCCl{solv}{x=0.733100}|CN(C)C=O{solv}{x=0.266900}>,CCCCCCCCCl,CN(C)C=O,openff-2.3.0rc1,2,0.8666803463784676,0.0001897719332504,0.8779000000000002,0.00045
32472,1287,dens_1865569264533219410,132,Density,<Substance CCCCCCCCCl{solv}{x=0.500800}|CN(C)C=O{solv}{x=0.499200}>,CCCCCCCCCl,CN(C)C=O,openff-2.3.0rc1,2,0.8759385141758828,0.0002222399392398,0.8897000000000003,0.0004
32473,1288,dens_1893252821735673677,133,Density,<Substance CCCCCCCCCl{solv}{x=0.199800}|CN(C)C=O{solv}{x=0.800200}>,CCCCCCCCCl,CN(C)C=O,openff-2.3.0rc1,2,0.8949802840445187,0.0002307043219924,0.9149000000000002,0.0003
32474,1289,dhmix_2175249209874409534,134,EnthalpyOfMixing,<Substance CCCCCCCCCl{solv}{x=0.205000}|CN(C)C=O{solv}{x=0.795000}>,CCCCCCCCCl,CN(C)C=O,openff-2.3.0rc1,2,1.0346679312951466,0.0408079497992718,0.79,0.0045
32475,1290,dens_47347406470845261,135,Density,<Substance BrCCCBr{solv}{x=0.748600}|COC=O{solv}{x=0.251400}>,BrCCCBr,COC=O,openff-2.3.0rc1,2,1.7709462248086203,0.000501250726482,1.7969200000000003,0.00306
32476,1291,dens_398260729245374704,136,Density,<Substance BrCCCBr{solv}{x=0.472200}|COC=O{solv}{x=0.527800}>,BrCCCBr,COC=O,openff-2.3.0rc1,2,1.5510391284373417,0.0004892481289751,1.5585100000000005,0.001985
32477,1292,dhmix_1440467239786579925,137,EnthalpyOfMixing,<Substance BrCCCBr{solv}{x=0.735400}|COC=O{solv}{x=0.264600}>,BrCCCBr,COC=O,openff-2.3.0rc1,2,0.7022831403776593,0.0324616337463204,0.7435,0.00655
32478,1293,dens_1812113401512645360,138,Density,<Substance BrCCCBr{solv}{x=0.204700}|COC=O{solv}{x=0.795300}>,BrCCCBr,COC=O,openff-2.3.0rc1,2,1.2703344201691371,0.0002619193211332,1.2611800000000004,0.001025
32479,1294,dhmix_2252268161220427112,139,EnthalpyOfMixing,<Substance BrCCCBr{solv}{x=0.485300}|COC=O{solv}{x=0.514700}>,BrCCCBr,COC=O,openff-2.3.0rc1,2,0.8820927609607452,0.031759364261523,0.9249,0.00795
32480,1295,dhmix_2289960806584862127,140,EnthalpyOfMixing,<Substance BrCCCBr{solv}{x=0.239500}|COC=O{solv}{x=0.760500}>,BrCCCBr,COC=O,openff-2.3.0rc1,2,0.69825234396375,0.0321138929134397,0.6669,0.00595
32481,1296,dens_52148744845178727,141,Density,<Substance CC(=O)CC(C)C{solv}{x=0.700900}|CCC(C)(C)O{solv}{x=0.299100}>,CC(=O)CC(C)C,CCC(C)(C)O,openff-2.3.0rc1,2,0.8004292161280878,0.0002270247100727,0.7968700000000002,0.00018
32482,1297,dhmix_202225007451030020,142,EnthalpyOfMixing,<Substance CC(=O)CC(C)C{solv}{x=0.201700}|CCC(C)(C)O{solv}{x=0.798300}>,CC(=O)CC(C)C,CCC(C)(C)O,openff-2.3.0rc1,2,0.1189419262023996,0.053392259696805,0.8181,0.01135
32483,1298,dens_938275493819605051,143,Density,<Substance CC(=O)CC(C)C{solv}{x=0.500800}|CCC(C)(C)O{solv}{x=0.499200}>,CC(=O)CC(C)C,CCC(C)(C)O,openff-2.3.0rc1,2,0.8059713688083979,0.0001474910228079,0.7987300000000002,0.00018
32484,1299,dhmix_998794233701009996,144,EnthalpyOfMixing,<Substance CC(=O)CC(C)C{solv}{x=0.500800}|CCC(C)(C)O{solv}{x=0.499200}>,CC(=O)CC(C)C,CCC(C)(C)O,openff-2.3.0rc1,2,0.7879024493220728,0.0419311393317074,1.3674,0.0185
32485,1300,dhmix_1565593158104493647,145,EnthalpyOfMixing,<Substance CC(=O)CC(C)C{solv}{x=0.700900}|CCC(C)(C)O{solv}{x=0.299100}>,CC(=O)CC(C)C,CCC(C)(C)O,openff-2.3.0rc1,2,0.7079562427366426,0.0459171135289375,1.2068,0.0164
32486,1301,dens_2097057526665137697,146,Density,<Substance CC(=O)CC(C)C{solv}{x=0.201700}|CCC(C)(C)O{solv}{x=0.798300}>,CC(=O)CC(C)C,CCC(C)(C)O,openff-2.3.0rc1,2,0.8167893930166915,0.0002433806459816,0.8030000000000002,0.00019
32487,1302,dens_60145312697659458,147,Density,<Substance OC1=NCCC1{solv}{x=0.231200}|c1ccncc1{solv}{x=0.768800}>,OC1=NCCC1,c1ccncc1,openff-2.3.0rc1,2,1.0040506066523425,0.0002330447952602,1.0106200000000003,0.00051
32488,1303,dhmix_281987656487279026,148,EnthalpyOfMixing,<Substance OC1=NCCC1{solv}{x=0.525600}|c1ccncc1{solv}{x=0.474400}>,OC1=NCCC1,c1ccncc1,openff-2.3.0rc1,2,0.0808159609007646,0.0327860924832208,0.2031,0.0508
32489,1304,dens_617740093035429712,149,Density,<Substance OC1=NCCC1{solv}{x=0.831200}|c1ccncc1{solv}{x=0.168800}>,OC1=NCCC1,c1ccncc1,openff-2.3.0rc1,2,1.0579915321270312,0.0002415723785048,1.0872000000000004,0.00052
32490,1305,dhmix_658699797311871042,150,EnthalpyOfMixing,<Substance OC1=NCCC1{solv}{x=0.261500}|c1ccncc1{solv}{x=0.738500}>,OC1=NCCC1,c1ccncc1,openff-2.3.0rc1,2,0.0448314385003882,0.0315236440163955,0.165,0.04125
32491,1306,dhmix_774470106511868908,151,EnthalpyOfMixing,<Substance OC1=NCCC1{solv}{x=0.831100}|c1ccncc1{solv}{x=0.168900}>,OC1=NCCC1,c1ccncc1,openff-2.3.0rc1,2,-0.0187631051427672,0.0386636800891715,0.0972,0.0243
32492,1307,dens_1837977312272564303,152,Density,<Substance OC1=NCCC1{solv}{x=0.475200}|c1ccncc1{solv}{x=0.524800}>,OC1=NCCC1,c1ccncc1,openff-2.3.0rc1,2,1.026665664232978,0.0002279677698646,1.0431300000000003,0.000515
32493,1308,dens_64870336397637683,153,Density,<Substance NCCCO{solv}{x=0.489642}|O{solv}{x=0.510358}>,NCCCO,O,openff-2.3.0rc1,2,1.0193856753386337,0.0003717122110424,1.0059000000000002,0.00155
32494,1309,dens_70371380055449550,154,Density,<Substance NCCCO{solv}{x=0.708044}|O{solv}{x=0.291956}>,NCCCO,O,openff-2.3.0rc1,2,1.0220385012877016,0.0004067544047925,0.9975000000000004,0.0018
32495,1310,dhmix_150384853762728924,155,EnthalpyOfMixing,<Substance NCCCO{solv}{x=0.751500}|O{solv}{x=0.248500}>,NCCCO,O,openff-2.3.0rc1,2,-0.604971789254499,0.0695465533156664,-1.531,0.031
32496,1311,dens_847209819230970781,156,Density,<Substance NCCCO{solv}{x=0.272809}|O{solv}{x=0.727191}>,NCCCO,O,openff-2.3.0rc1,2,1.011637083299859,0.000346673319083,1.0118000000000005,0.0014
32497,1312,dhmix_1448036989335532298,157,EnthalpyOfMixing,<Substance NCCCO{solv}{x=0.298200}|O{solv}{x=0.701800}>,NCCCO,O,openff-2.3.0rc1,2,-0.4379342728289543,0.0242345783917926,-2.501,0.051
32498,1313,dhmix_1551692974855642379,158,EnthalpyOfMixing,<Substance NCCCO{solv}{x=0.498900}|O{solv}{x=0.501100}>,NCCCO,O,openff-2.3.0rc1,2,-0.7648017915066703,0.0376580301830168,-2.462,0.05
32499,1314,dhmix_65921650414250861,159,EnthalpyOfMixing,<Substance CCOC(=O)CC(C)=O{solv}{x=0.499500}|CCO{solv}{x=0.500500}>,CCO,CCOC(=O)CC(C)=O,openff-2.3.0rc1,2,1.7242969179816043,0.0405018219150878,1.7079,0.0183
32500,1315,dhmix_546962203716710778,160,EnthalpyOfMixing,<Substance CCOC(=O)CC(C)=O{solv}{x=0.299400}|CCO{solv}{x=0.700600}>,CCO,CCOC(=O)CC(C)=O,openff-2.3.0rc1,2,1.4682877738555362,0.0345456354721122,1.4925,0.01605
32501,1316,dens_989479368116300355,161,Density,<Substance CCOC(=O)CC(C)=O{solv}{x=0.500000}|CCO{solv}{x=0.500000}>,CCO,CCOC(=O)CC(C)=O,openff-2.3.0rc1,2,0.9525448159128258,0.0002532736026796,0.9484700000000004,0.000155
32502,1317,dens_1726065156375824332,162,Density,<Substance CCOC(=O)CC(C)=O{solv}{x=0.250000}|CCO{solv}{x=0.750000}>,CCO,CCOC(=O)CC(C)=O,openff-2.3.0rc1,2,0.8916248034289372,0.0003003788098053,0.8856300000000003,0.00017
32503,1318,dens_1736679431098209973,163,Density,<Substance CCOC(=O)CC(C)=O{solv}{x=0.750000}|CCO{solv}{x=0.250000}>,CCO,CCOC(=O)CC(C)=O,openff-2.3.0rc1,2,0.993788983947658,0.0002214925403015,0.9917100000000004,0.00017
32504,1319,dhmix_2221487218644783272,164,EnthalpyOfMixing,<Substance CCOC(=O)CC(C)=O{solv}{x=0.700800}|CCO{solv}{x=0.299200}>,CCO,CCOC(=O)CC(C)=O,openff-2.3.0rc1,2,1.413423271885307,0.0455955439778022,1.478,0.0159
32505,1320,dhmix_68947190908856741,165,EnthalpyOfMixing,<Substance C1COCCO1{solv}{x=0.250000}|O=C1CCCC1{solv}{x=0.750000}>,C1COCCO1,O=C1CCCC1,openff-2.3.0rc1,2,-0.0140468369550035,0.0402625580133755,0.04589,0.00057
32506,1321,dens_225413782402822877,166,Density,<Substance C1COCCO1{solv}{x=0.777800}|O=C1CCCC1{solv}{x=0.222200}>,C1COCCO1,O=C1CCCC1,openff-2.3.0rc1,2,1.0072335796941665,0.000261682981028,1.0081000000000002,0.000255
32507,1322,dhmix_415496698649060745,167,EnthalpyOfMixing,<Substance C1COCCO1{solv}{x=0.500000}|O=C1CCCC1{solv}{x=0.500000}>,C1COCCO1,O=C1CCCC1,openff-2.3.0rc1,2,-0.0360787079617352,0.0394486326968968,0.07457,0.00068
32508,1323,dens_803440153424346423,168,Density,<Substance C1COCCO1{solv}{x=0.506300}|O=C1CCCC1{solv}{x=0.493700}>,C1COCCO1,O=C1CCCC1,openff-2.3.0rc1,2,0.9734259786877132,0.000259835073385,0.9849200000000002,0.00025
32509,1324,dens_1553194080174872005,169,Density,<Substance C1COCCO1{solv}{x=0.243600}|O=C1CCCC1{solv}{x=0.756400}>,C1COCCO1,O=C1CCCC1,openff-2.3.0rc1,2,0.942520434189562,0.0002284749745457,0.9633500000000004,0.000245
32510,1325,dhmix_1852349497898107924,170,EnthalpyOfMixing,<Substance C1COCCO1{solv}{x=0.750000}|O=C1CCCC1{solv}{x=0.250000}>,C1COCCO1,O=C1CCCC1,openff-2.3.0rc1,2,-0.0121407906043913,0.0400133190275749,0.07097,0.000665
32511,1326,dhmix_71170350241685196,171,EnthalpyOfMixing,<Substance COC(C)(C)C{solv}{x=0.749000}|ClC(Cl)Cl{solv}{x=0.251000}>,COC(C)(C)C,ClC(Cl)Cl,openff-2.3.0rc1,2,-0.8527128434277493,0.0363512434405118,-1.9,0.077
32512,1327,dens_554111049740737271,172,Density,<Substance COC(C)(C)C{solv}{x=0.454000}|ClC(Cl)Cl{solv}{x=0.546000}>,COC(C)(C)C,ClC(Cl)Cl,openff-2.3.0rc1,2,1.118120176807844,0.0003260870069474,1.0838000000000003,0.00015
32513,1328,dhmix_1691495556773848750,173,EnthalpyOfMixing,<Substance COC(C)(C)C{solv}{x=0.484000}|ClC(Cl)Cl{solv}{x=0.516000}>,COC(C)(C)C,ClC(Cl)Cl,openff-2.3.0rc1,2,-1.2522254913068809,0.0368020783916967,-2.1,0.0845
32514,1329,dens_1874337336846858625,174,Density,<Substance COC(C)(C)C{solv}{x=0.276000}|ClC(Cl)Cl{solv}{x=0.724000}>,COC(C)(C)C,ClC(Cl)Cl,openff-2.3.0rc1,2,1.2732272249598364,0.0004178523076269,1.2259000000000004,0.0002
32515,1330,dens_2136498248834183810,175,Density,<Substance COC(C)(C)C{solv}{x=0.728600}|ClC(Cl)Cl{solv}{x=0.271400}>,COC(C)(C)C,ClC(Cl)Cl,openff-2.3.0rc1,2,0.9134635891522394,0.0002753517097735,0.8956000000000003,0.00015
32516,1331,dhmix_2232264038422377060,176,EnthalpyOfMixing,<Substance COC(C)(C)C{solv}{x=0.220000}|ClC(Cl)Cl{solv}{x=0.780000}>,COC(C)(C)C,ClC(Cl)Cl,openff-2.3.0rc1,2,-0.909143084763004,0.0300959731333575,-1.5,0.0605
32517,1332,dhmix_73322629991074290,177,EnthalpyOfMixing,<Substance CCC(C)=O{solv}{x=0.212400}|CCN(CC)CC{solv}{x=0.787600}>,CCC(C)=O,CCN(CC)CC,openff-2.3.0rc1,2,0.3525837530166313,0.0501091201404046,0.57,0.006
32518,1333,dens_317201778138256714,178,Density,<Substance CCC(C)=O{solv}{x=0.261000}|CCN(CC)CC{solv}{x=0.739000}>,CCC(C)=O,CCN(CC)CC,openff-2.3.0rc1,2,0.7411874660572122,0.0002015550978313,0.7361510000000001,0.000106
32519,1334,dens_544322850735592196,179,Density,<Substance CCC(C)=O{solv}{x=0.510600}|CCN(CC)CC{solv}{x=0.489400}>,CCC(C)=O,CCN(CC)CC,openff-2.3.0rc1,2,0.7511979912142168,0.0002197568544358,0.7527560000000002,0.0001045
32520,1335,dhmix_690665189446107141,180,EnthalpyOfMixing,<Substance CCC(C)=O{solv}{x=0.496700}|CCN(CC)CC{solv}{x=0.503300}>,CCC(C)=O,CCN(CC)CC,openff-2.3.0rc1,2,0.2873211836287694,0.0424341289855823,0.746,0.008
32521,1336,dhmix_935249702283890201,181,EnthalpyOfMixing,<Substance CCC(C)=O{solv}{x=0.789300}|CCN(CC)CC{solv}{x=0.210700}>,CCC(C)=O,CCN(CC)CC,openff-2.3.0rc1,2,0.2123049982149698,0.0347271621797392,0.455,0.005
32522,1337,dens_1635002920322954883,182,Density,<Substance CCC(C)=O{solv}{x=0.760400}|CCN(CC)CC{solv}{x=0.239600}>,CCC(C)=O,CCN(CC)CC,openff-2.3.0rc1,2,0.763355225298962,0.0002362634873038,0.7738830000000002,9.900000000000003e-05
32523,1338,dhmix_76833325524040726,183,EnthalpyOfMixing,<Substance C1CCCCC1{solv}{x=0.260600}|c1ccccc1{solv}{x=0.739400}>,C1CCCCC1,c1ccccc1,openff-2.3.0rc1,2,0.8131230214130767,0.0373525879967266,0.6282,0.00695
32524,1339,dens_330305790736126156,184,Density,<Substance C1CCCCC1{solv}{x=0.499600}|c1ccccc1{solv}{x=0.500400}>,C1CCCCC1,c1ccccc1,openff-2.3.0rc1,2,0.8053563759407493,0.0002613851698914,0.8136000000000002,0.0002
32525,1340,dhmix_460305358266375837,185,EnthalpyOfMixing,<Substance C1CCCCC1{solv}{x=0.766800}|c1ccccc1{solv}{x=0.233200}>,C1CCCCC1,c1ccccc1,openff-2.3.0rc1,2,0.8259483950550788,0.0366821640824321,0.5517,0.00725
32526,1341,dens_1579941980285561951,186,Density,<Substance C1CCCCC1{solv}{x=0.249800}|c1ccccc1{solv}{x=0.750200}>,C1CCCCC1,c1ccccc1,openff-2.3.0rc1,2,0.8380848920882419,0.0002578681822357,0.8405780000000002,7.05e-05
32527,1342,dhmix_1824194485055356086,187,EnthalpyOfMixing,<Substance C1CCCCC1{solv}{x=0.501200}|c1ccccc1{solv}{x=0.498800}>,C1CCCCC1,c1ccccc1,openff-2.3.0rc1,2,1.1031512677085828,0.0413173949487069,0.7893,0.00655
32528,1343,dens_1871885279620492514,188,Density,<Substance C1CCCCC1{solv}{x=0.732300}|c1ccccc1{solv}{x=0.267700}>,C1CCCCC1,c1ccccc1,openff-2.3.0rc1,2,0.7798129529180707,0.0002506768152705,0.7929200000000002,7.450000000000001e-05
32529,1344,dens_78518696584109468,189,Density,<Substance CN(CCO)CCO{solv}{x=0.743000}|O{solv}{x=0.257000}>,CN(CCO)CCO,O,openff-2.3.0rc1,2,1.0584593007496297,0.0004363189583881,1.0405100000000005,0.000286
32530,1345,dens_169053214615075062,190,Density,<Substance CN(CCO)CCO{solv}{x=0.257100}|O{solv}{x=0.742900}>,CN(CCO)CCO,O,openff-2.3.0rc1,2,1.0452605859511523,0.0002971092378633,1.0522550000000004,0.000221
32531,1346,dhmix_750283179383190388,191,EnthalpyOfMixing,<Substance CN(CCO)CCO{solv}{x=0.741100}|O{solv}{x=0.258900}>,CN(CCO)CCO,O,openff-2.3.0rc1,2,-1.1617218978063306,0.0587327638379664,-1.154,0.0125
32532,1347,dhmix_1537351248216247854,192,EnthalpyOfMixing,<Substance CN(CCO)CCO{solv}{x=0.259300}|O{solv}{x=0.740700}>,CN(CCO)CCO,O,openff-2.3.0rc1,2,-0.8777698457275172,0.0283316589425815,-2.271,0.046
32533,1348,dens_1700904374078825036,193,Density,<Substance CN(CCO)CCO{solv}{x=0.484900}|O{solv}{x=0.515100}>,CN(CCO)CCO,O,openff-2.3.0rc1,2,1.0570748384221589,0.000498579863849,1.048636,0.0002475
32534,1349,dhmix_1761290393567900831,194,EnthalpyOfMixing,<Substance CN(CCO)CCO{solv}{x=0.494100}|O{solv}{x=0.505900}>,CN(CCO)CCO,O,openff-2.3.0rc1,2,-1.1580349553930915,0.043978493189034,-2.072,0.042
32535,1350,dhmix_81883535492439507,195,EnthalpyOfMixing,<Substance C1COCO1{solv}{x=0.200000}|O=C1CCCC1{solv}{x=0.800000}>,C1COCO1,O=C1CCCC1,openff-2.3.0rc1,2,0.0010436715266664,0.0384696306422742,-0.00853,0.000425
32536,1351,dens_192935635984964537,196,Density,<Substance C1COCO1{solv}{x=0.509000}|O=C1CCCC1{solv}{x=0.491000}>,C1COCO1,O=C1CCCC1,openff-2.3.0rc1,2,0.9950653971818796,0.0002322196390585,0.9954700000000004,0.000255
32537,1352,dhmix_309530351940031317,197,EnthalpyOfMixing,<Substance C1COCO1{solv}{x=0.700000}|O=C1CCCC1{solv}{x=0.300000}>,C1COCO1,O=C1CCCC1,openff-2.3.0rc1,2,-0.0571756049535494,0.036271147932544,-0.02292,0.00048
32538,1353,dhmix_1480225642523009634,198,EnthalpyOfMixing,<Substance C1COCO1{solv}{x=0.500000}|O=C1CCCC1{solv}{x=0.500000}>,C1COCO1,O=C1CCCC1,openff-2.3.0rc1,2,-0.094282926433884,0.0379009265320581,-0.02181,0.000475
32539,1354,dens_1663189314624242951,199,Density,<Substance C1COCO1{solv}{x=0.225100}|O=C1CCCC1{solv}{x=0.774900}>,C1COCO1,O=C1CCCC1,openff-2.3.0rc1,2,0.9478735380842672,0.0002310436047921,0.9652800000000002,0.000245
32540,1355,dens_1684591254659727640,200,Density,<Substance C1COCO1{solv}{x=0.789100}|O=C1CCCC1{solv}{x=0.210900}>,C1COCO1,O=C1CCCC1,openff-2.3.0rc1,2,1.0491724009220922,0.0002552281044699,1.02957,0.00026
32541,1356,dens_82854054922011802,201,Density,<Substance c1cc[nH]c1{solv}{x=0.542600}|c1ccncc1{solv}{x=0.457400}>,c1cc[nH]c1,c1ccncc1,openff-2.3.0rc1,2,0.9801594559782916,0.0002779634367035,0.9706400000000002,5.5000000000000016e-05
32542,1357,dens_332042143272324658,202,Density,<Substance c1cc[nH]c1{solv}{x=0.755400}|c1ccncc1{solv}{x=0.244600}>,c1cc[nH]c1,c1ccncc1,openff-2.3.0rc1,2,0.9796559646492368,0.0002526912641558,0.9676900000000004,5.5000000000000016e-05
32543,1358,dhmix_582184351339863568,203,EnthalpyOfMixing,<Substance c1cc[nH]c1{solv}{x=0.760200}|c1ccncc1{solv}{x=0.239800}>,c1cc[nH]c1,c1ccncc1,openff-2.3.0rc1,2,0.0818056718758306,0.0340760641303072,-1.6452,0.01075
32544,1359,dhmix_809205277185290719,204,EnthalpyOfMixing,<Substance c1cc[nH]c1{solv}{x=0.509500}|c1ccncc1{solv}{x=0.490500}>,c1cc[nH]c1,c1ccncc1,openff-2.3.0rc1,2,0.0061184260090207,0.033667161564548,-2.649,0.01645
32545,1360,dens_1187941919350264461,205,Density,<Substance c1cc[nH]c1{solv}{x=0.227300}|c1ccncc1{solv}{x=0.772700}>,c1cc[nH]c1,c1ccncc1,openff-2.3.0rc1,2,0.980626801389084,0.0002669793374531,0.9755600000000002,5.5000000000000016e-05
32546,1361,dhmix_2302696180464118683,206,EnthalpyOfMixing,<Substance c1cc[nH]c1{solv}{x=0.239500}|c1ccncc1{solv}{x=0.760500}>,c1cc[nH]c1,c1ccncc1,openff-2.3.0rc1,2,-0.0065920804676409,0.0375433266278326,-1.7662,0.01145
32547,1362,dhmix_84488753175979819,207,EnthalpyOfMixing,<Substance C1CCOCC1{solv}{x=0.500000}|CCO{solv}{x=0.500000}>,C1CCOCC1,CCO,openff-2.3.0rc1,2,1.0110708152405363,0.0355903441055654,0.8491,0.00794
32548,1363,dens_904236164857914889,208,Density,<Substance C1CCOCC1{solv}{x=0.701000}|CCO{solv}{x=0.299000}>,C1CCOCC1,CCO,openff-2.3.0rc1,2,0.854356879849792,0.0002505017576589,0.8595400000000002,8.500000000000002e-05
32549,1364,dhmix_923986751684807715,209,EnthalpyOfMixing,<Substance C1CCOCC1{solv}{x=0.750000}|CCO{solv}{x=0.250000}>,C1CCOCC1,CCO,openff-2.3.0rc1,2,0.9141711415632868,0.0321428496405869,0.75364,0.007115
32550,1365,dhmix_927648698725704337,210,EnthalpyOfMixing,<Substance C1CCOCC1{solv}{x=0.250000}|CCO{solv}{x=0.750000}>,C1CCOCC1,CCO,openff-2.3.0rc1,2,0.6937947449530846,0.0333840692919002,0.57017,0.00553
32551,1366,dens_1095414448718823860,211,Density,<Substance C1CCOCC1{solv}{x=0.504000}|CCO{solv}{x=0.496000}>,C1CCOCC1,CCO,openff-2.3.0rc1,2,0.840320193416555,0.0002789641319438,0.8440100000000001,0.0001
32552,1367,dens_1309012152943788187,212,Density,<Substance C1CCOCC1{solv}{x=0.284000}|CCO{solv}{x=0.716000}>,C1CCOCC1,CCO,openff-2.3.0rc1,2,0.8216898590467353,0.0003433157792188,0.8227400000000002,0.00012
32553,1368,dens_88489471162801298,213,Density,<Substance CC(C)=O{solv}{x=0.248400}|Nc1ccccc1{solv}{x=0.751600}>,CC(C)=O,Nc1ccccc1,openff-2.3.0rc1,2,1.0038129468593746,0.0001794655536892,0.9768950000000002,0.0001055
32554,1369,dens_892449093930393176,214,Density,<Substance CC(C)=O{solv}{x=0.411400}|Nc1ccccc1{solv}{x=0.588600}>,CC(C)=O,Nc1ccccc1,openff-2.3.0rc1,2,0.9623496481757888,0.0001720507544627,0.9457730000000002,0.0001285
32555,1370,dens_1087594007698023193,215,Density,<Substance CC(C)=O{solv}{x=0.699300}|Nc1ccccc1{solv}{x=0.300700}>,CC(C)=O,Nc1ccccc1,openff-2.3.0rc1,2,0.8793182469039754,0.0002742170150843,0.8786430000000003,0.000178
32556,1371,dhmix_1461699545612032563,216,EnthalpyOfMixing,<Substance CC(C)=O{solv}{x=0.214500}|Nc1ccccc1{solv}{x=0.785500}>,CC(C)=O,Nc1ccccc1,openff-2.3.0rc1,2,-0.1797340579455237,0.0353351437519442,-0.746,0.008
32557,1372,dhmix_1577476208805542019,217,EnthalpyOfMixing,<Substance CC(C)=O{solv}{x=0.699100}|Nc1ccccc1{solv}{x=0.300900}>,CC(C)=O,Nc1ccccc1,openff-2.3.0rc1,2,-0.6825347781897761,0.0355417682032535,-1.076,0.0115
32558,1373,dhmix_2267661763264899390,218,EnthalpyOfMixing,<Substance CC(C)=O{solv}{x=0.410700}|Nc1ccccc1{solv}{x=0.589300}>,CC(C)=O,Nc1ccccc1,openff-2.3.0rc1,2,-0.3881051260405854,0.0375062360410248,-1.165,0.0125
32559,1374,dhmix_90851537891129625,219,EnthalpyOfMixing,<Substance C1CCOCC1{solv}{x=0.268300}|Cc1ccccn1{solv}{x=0.731700}>,C1CCOCC1,Cc1ccccn1,openff-2.3.0rc1,2,0.0924053831600488,0.0442738146371764,0.1057,0.00105
32560,1375,dhmix_975790739707505549,220,EnthalpyOfMixing,<Substance C1CCOCC1{solv}{x=0.482200}|Cc1ccccn1{solv}{x=0.517800}>,C1CCOCC1,Cc1ccccn1,openff-2.3.0rc1,2,0.01820908577724,0.0413069271803241,0.1728,0.00135
32561,1376,dens_981500521813591443,221,Density,<Substance C1CCOCC1{solv}{x=0.491600}|Cc1ccccn1{solv}{x=0.508400}>,C1CCOCC1,Cc1ccccn1,openff-2.3.0rc1,2,0.9100820751907012,0.0002406319197459,0.910915,0.000475
32562,1377,dens_1237050172671894703,222,Density,<Substance C1CCOCC1{solv}{x=0.237300}|Cc1ccccn1{solv}{x=0.762700}>,C1CCOCC1,Cc1ccccn1,openff-2.3.0rc1,2,0.9287901238157088,0.0002273351682484,0.9261620000000004,0.0004855
32563,1378,dhmix_1841520238596708010,223,EnthalpyOfMixing,<Substance C1CCOCC1{solv}{x=0.821600}|Cc1ccccn1{solv}{x=0.178400}>,C1CCOCC1,Cc1ccccn1,openff-2.3.0rc1,2,0.1164452114605651,0.0467499646584,0.1352,0.0012
32564,1379,dens_1852422594896475094,224,Density,<Substance C1CCOCC1{solv}{x=0.821900}|Cc1ccccn1{solv}{x=0.178100}>,C1CCOCC1,Cc1ccccn1,openff-2.3.0rc1,2,0.8748228384914185,0.0002700214932218,0.8802920000000002,0.000454
32565,1380,dhmix_93676522673462266,225,EnthalpyOfMixing,<Substance CC(=O)N(C)C{solv}{x=0.702000}|ClCCCl{solv}{x=0.298000}>,CC(=O)N(C)C,ClCCCl,openff-2.3.0rc1,2,-0.399509532182499,0.0387793614402106,-0.706,0.004
32566,1381,dens_466640151895915379,226,Density,<Substance CC(=O)N(C)C{solv}{x=0.499900}|ClCCCl{solv}{x=0.500100}>,CC(=O)N(C)C,ClCCCl,openff-2.3.0rc1,2,1.050973553768651,0.0003078469135773,1.0774000000000004,0.00325
32567,1382,dhmix_504891727488256514,227,EnthalpyOfMixing,<Substance CC(=O)N(C)C{solv}{x=0.202000}|ClCCCl{solv}{x=0.798000}>,CC(=O)N(C)C,ClCCCl,openff-2.3.0rc1,2,-0.4092480235297735,0.0355356812589218,-0.586,0.004
32568,1383,dens_1432716574300574119,228,Density,<Substance CC(=O)N(C)C{solv}{x=0.298800}|ClCCCl{solv}{x=0.701200}>,CC(=O)N(C)C,ClCCCl,openff-2.3.0rc1,2,1.1145844395172946,0.0003716491845763,1.1413000000000002,0.00345
32569,1384,dens_1909242265481868478,229,Density,<Substance CC(=O)N(C)C{solv}{x=0.700800}|ClCCCl{solv}{x=0.299200}>,CC(=O)N(C)C,ClCCCl,openff-2.3.0rc1,2,0.9885772469447554,0.0002318105205585,1.0181000000000002,0.00305
32570,1385,dhmix_2201663021806040380,230,EnthalpyOfMixing,<Substance CC(=O)N(C)C{solv}{x=0.500000}|ClCCCl{solv}{x=0.500000}>,CC(=O)N(C)C,ClCCCl,openff-2.3.0rc1,2,-0.5270884479590059,0.0335047013044917,-0.885,0.004
32571,1386,dhmix_101847702994296892,231,EnthalpyOfMixing,<Substance CCCCCCCl{solv}{x=0.790000}|CN1CCCC1=O{solv}{x=0.210000}>,CCCCCCCl,CN1CCCC1=O,openff-2.3.0rc1,2,0.7711384380106381,0.0475963529388973,0.232,0.0025
32572,1387,dhmix_275814181113182192,232,EnthalpyOfMixing,<Substance CCCCCCCl{solv}{x=0.497000}|CN1CCCC1=O{solv}{x=0.503000}>,CCCCCCCl,CN1CCCC1=O,openff-2.3.0rc1,2,1.06292702470396,0.0491768301082233,0.416,0.0025
32573,1388,dens_441375838683668512,233,Density,<Substance CCCCCCCl{solv}{x=0.499300}|CN1CCCC1=O{solv}{x=0.500700}>,CCCCCCCl,CN1CCCC1=O,openff-2.3.0rc1,2,0.9250353199823136,0.0002389058544851,0.9389000000000002,0.0002
32574,1389,dhmix_840847840731542643,234,EnthalpyOfMixing,<Substance CCCCCCCl{solv}{x=0.203000}|CN1CCCC1=O{solv}{x=0.797000}>,CCCCCCCl,CN1CCCC1=O,openff-2.3.0rc1,2,0.8134459158688543,0.0465795453094806,0.319,0.0025
32575,1390,dens_1314691253679633833,235,Density,<Substance CCCCCCCl{solv}{x=0.298400}|CN1CCCC1=O{solv}{x=0.701600}>,CCCCCCCl,CN1CCCC1=O,openff-2.3.0rc1,2,0.9543376151513706,0.0001967108152691,0.9715000000000004,0.0002
32576,1391,dens_1366683244756558841,236,Density,<Substance CCCCCCCl{solv}{x=0.801200}|CN1CCCC1=O{solv}{x=0.198800}>,CCCCCCCl,CN1CCCC1=O,openff-2.3.0rc1,2,0.8846901238949998,0.0002292148004234,0.8970000000000002,0.0003
32577,1392,dhmix_107460606439569535,237,EnthalpyOfMixing,<Substance C1COCCO1{solv}{x=0.572500}|O=C1CCCCCC1{solv}{x=0.427500}>,C1COCCO1,O=C1CCCCCC1,openff-2.3.0rc1,2,0.2134521997597716,0.0360087909736497,0.1032,0.00125
32578,1393,dens_229535957420918177,238,Density,<Substance C1COCCO1{solv}{x=0.748900}|O=C1CCCCCC1{solv}{x=0.251100}>,C1COCCO1,O=C1CCCCCC1,openff-2.3.0rc1,2,0.9966960460192268,0.0002067237632378,0.9994100000000002,0.00051
32579,1394,dhmix_1101001475632451077,239,EnthalpyOfMixing,<Substance C1COCCO1{solv}{x=0.225200}|O=C1CCCCCC1{solv}{x=0.774800}>,C1COCCO1,O=C1CCCCCC1,openff-2.3.0rc1,2,0.212338096624876,0.0478610234483,0.0783,0.001
32580,1395,dens_1711999737319704820,240,Density,<Substance C1COCCO1{solv}{x=0.572300}|O=C1CCCCCC1{solv}{x=0.427700}>,C1COCCO1,O=C1CCCCCC1,openff-2.3.0rc1,2,0.9651693273344,0.000201379517936,0.9737000000000002,0.00051
32581,1396,dens_1973863157285112004,241,Density,<Substance C1COCCO1{solv}{x=0.255500}|O=C1CCCCCC1{solv}{x=0.744500}>,C1COCCO1,O=C1CCCCCC1,openff-2.3.0rc1,2,0.9434080702408176,0.0001773908691681,0.9616800000000002,0.000515
32582,1397,dhmix_2239035738396328121,242,EnthalpyOfMixing,<Substance C1COCCO1{solv}{x=0.771600}|O=C1CCCCCC1{solv}{x=0.228400}>,C1COCCO1,O=C1CCCCCC1,openff-2.3.0rc1,2,0.2953389507691639,0.0433569869876203,0.0694,0.0009
32583,1398,dhmix_110368175234083214,243,EnthalpyOfMixing,<Substance CC#N{solv}{x=0.201600}|CCOC(C)(C)CC{solv}{x=0.798400}>,CC#N,CCOC(C)(C)CC,openff-2.3.0rc1,2,0.1550358210285054,0.0509293519658426,0.6411,0.0087
32584,1399,dhmix_565046024644834395,244,EnthalpyOfMixing,<Substance CC#N{solv}{x=0.700400}|CCOC(C)(C)CC{solv}{x=0.299600}>,CC#N,CCOC(C)(C)CC,openff-2.3.0rc1,2,0.3062517319459941,0.0323513655485278,0.8397,0.0113
32585,1400,dens_865362803305469370,245,Density,<Substance CC#N{solv}{x=0.502400}|CCOC(C)(C)CC{solv}{x=0.497600}>,CC#N,CCOC(C)(C)CC,openff-2.3.0rc1,2,0.7677020308349015,0.0002447304159298,0.7675000000000002,0.00035
32586,1401,dhmix_1131176031733024874,246,EnthalpyOfMixing,<Substance CC#N{solv}{x=0.502400}|CCOC(C)(C)CC{solv}{x=0.497600}>,CC#N,CCOC(C)(C)CC,openff-2.3.0rc1,2,0.3087031205791071,0.038656143009505,0.9514,0.01285
32587,1402,dens_1305751749890499162,247,Density,<Substance CC#N{solv}{x=0.201600}|CCOC(C)(C)CC{solv}{x=0.798400}>,CC#N,CCOC(C)(C)CC,openff-2.3.0rc1,2,0.7653196479964829,0.0002007302782839,0.7635000000000002,0.00025
32588,1403,dens_1928701304100922381,248,Density,<Substance CC#N{solv}{x=0.700400}|CCOC(C)(C)CC{solv}{x=0.299600}>,CC#N,CCOC(C)(C)CC,openff-2.3.0rc1,2,0.7681421773370593,0.0002696378647036,0.7707000000000003,0.0005
32589,1404,dhmix_112729391186229967,249,EnthalpyOfMixing,<Substance CCC(C)=O{solv}{x=0.509000}|CNc1ccccc1{solv}{x=0.491000}>,CCC(C)=O,CNc1ccccc1,openff-2.3.0rc1,2,-0.2322443910172467,0.0434582025188211,-0.816,0.009
32590,1405,dens_414028029115294252,250,Density,<Substance CCC(C)=O{solv}{x=0.746300}|CNc1ccccc1{solv}{x=0.253700}>,CCC(C)=O,CNc1ccccc1,openff-2.3.0rc1,2,0.8449401296881199,0.0002176986913551,0.8582020000000002,0.000102
32591,1406,dens_559789475978651659,251,Density,<Substance CCC(C)=O{solv}{x=0.495000}|CNc1ccccc1{solv}{x=0.505000}>,CCC(C)=O,CNc1ccccc1,openff-2.3.0rc1,2,0.902432477005073,0.0002035285289287,0.9066940000000002,0.000164
32592,1407,dhmix_1637459312398636454,252,EnthalpyOfMixing,<Substance CCC(C)=O{solv}{x=0.228300}|CNc1ccccc1{solv}{x=0.771700}>,CCC(C)=O,CNc1ccccc1,openff-2.3.0rc1,2,-0.1131663549185262,0.0370231321183542,-0.54,0.006
32593,1408,dhmix_1933605864237207151,253,EnthalpyOfMixing,<Substance CCC(C)=O{solv}{x=0.705500}|CNc1ccccc1{solv}{x=0.294500}>,CCC(C)=O,CNc1ccccc1,openff-2.3.0rc1,2,-0.333487705333094,0.0322163381421289,-0.672,0.0075
32594,1409,dens_2039660657679820411,254,Density,<Substance CCC(C)=O{solv}{x=0.258900}|CNc1ccccc1{solv}{x=0.741100}>,CCC(C)=O,CNc1ccccc1,openff-2.3.0rc1,2,0.9493698914589276,0.0001782940434594,0.9456330000000004,0.000259
32595,1410,dhmix_112832411362526364,255,EnthalpyOfMixing,<Substance C=CCCCC{solv}{x=0.250000}|CCCCO{solv}{x=0.750000}>,C=CCCCC,CCCCO,openff-2.3.0rc1,2,0.3476417178669635,0.0438121662800851,0.2829,0.00333
32596,1411,dhmix_385937725855980509,256,EnthalpyOfMixing,<Substance C=CCCCC{solv}{x=0.749900}|CCCCO{solv}{x=0.250100}>,C=CCCCC,CCCCO,openff-2.3.0rc1,2,0.6712922067372489,0.0434132104737151,0.63978,0.00696
32597,1412,dens_417191245012747241,257,Density,<Substance C=CCCCC{solv}{x=0.501800}|CCCCO{solv}{x=0.498200}>,C=CCCCC,CCCCO,openff-2.3.0rc1,2,0.7226459066764733,0.0002633575376309,0.7340000000000002,0.00035
32598,1413,dens_1053849773924337242,258,Density,<Substance C=CCCCC{solv}{x=0.100100}|CCCCO{solv}{x=0.899900}>,C=CCCCC,CCCCO,openff-2.3.0rc1,2,0.7899864652027048,0.0002004519392478,0.7924000000000002,0.00035
32599,1414,dhmix_1436053809694490847,259,EnthalpyOfMixing,<Substance C=CCCCC{solv}{x=0.500300}|CCCCO{solv}{x=0.499700}>,C=CCCCC,CCCCO,openff-2.3.0rc1,2,0.6295501732206503,0.0447393198125523,0.56098,0.00616
32600,1415,dens_1967827958045932694,260,Density,<Substance C=CCCCC{solv}{x=0.900000}|CCCCO{solv}{x=0.100000}>,C=CCCCC,CCCCO,openff-2.3.0rc1,2,0.669570705398363,0.0002396281213479,0.6818000000000001,0.00035
32601,1416,dhmix_113202719214912577,261,EnthalpyOfMixing,<Substance CCN(CC)CCO{solv}{x=0.700300}|O{solv}{x=0.299700}>,CCN(CC)CCO,O,openff-2.3.0rc1,2,-0.9286428613202702,0.0458174433499148,-1.75,0.019
32602,1417,dhmix_450200897960931857,262,EnthalpyOfMixing,<Substance CCN(CC)CCO{solv}{x=0.500200}|O{solv}{x=0.499800}>,CCN(CC)CCO,O,openff-2.3.0rc1,2,-1.259032210255718,0.0358014913270124,-2.504,0.027
32603,1418,dens_727880187774296815,263,Density,<Substance CCN(CC)CCO{solv}{x=0.799700}|O{solv}{x=0.200300}>,CCN(CC)CCO,O,openff-2.3.0rc1,2,0.8963610596067331,0.0002480844619687,0.8996000000000003,0.005
32604,1419,dens_943193748522476096,264,Density,<Substance CCN(CC)CCO{solv}{x=0.499700}|O{solv}{x=0.500300}>,CCN(CC)CCO,O,openff-2.3.0rc1,2,0.910788066737794,0.0003232394640493,0.9222000000000002,0.005
32605,1420,dhmix_1628408668678458098,265,EnthalpyOfMixing,<Substance CCN(CC)CCO{solv}{x=0.200800}|O{solv}{x=0.799200}>,CCN(CC)CCO,O,openff-2.3.0rc1,2,-0.6002865036072319,0.0243933055140686,-2.185,0.0235
32606,1421,dens_1679974305630699360,266,Density,<Substance CCN(CC)CCO{solv}{x=0.193290}|O{solv}{x=0.806710}>,CCN(CC)CCO,O,openff-2.3.0rc1,2,0.9288090761311824,0.0002855112810857,0.9615690000000002,0.000144
32607,1422,dens_114257363738318755,267,Density,<Substance C1CCCCC1{solv}{x=0.754300}|CCCCCC{solv}{x=0.245700}>,C1CCCCC1,CCCCCC,openff-2.3.0rc1,2,0.7230201671894879,0.0002122414785037,0.7392000000000002,0.00065
32608,1423,dens_528453314861364780,268,Density,<Substance C1CCCCC1{solv}{x=0.234300}|CCCCCC{solv}{x=0.765700}>,C1CCCCC1,CCCCCC,openff-2.3.0rc1,2,0.664845378529777,0.0002345834832387,0.6838300000000002,0.001655
32609,1424,dens_547437695672624422,269,Density,<Substance C1CCCCC1{solv}{x=0.479300}|CCCCCC{solv}{x=0.520700}>,C1CCCCC1,CCCCCC,openff-2.3.0rc1,2,0.690771486489774,0.0002164218905049,0.7105500000000001,0.001555
32610,1425,dhmix_728030976573858762,270,EnthalpyOfMixing,<Substance C1CCCCC1{solv}{x=0.483200}|CCCCCC{solv}{x=0.516800}>,C1CCCCC1,CCCCCC,openff-2.3.0rc1,2,0.1729361030602376,0.0449799362312396,0.2144,0.00155
32611,1426,dhmix_1406519609852245638,271,EnthalpyOfMixing,<Substance C1CCCCC1{solv}{x=0.219000}|CCCCCC{solv}{x=0.781000}>,C1CCCCC1,CCCCCC,openff-2.3.0rc1,2,0.0818443964391093,0.0421301444134667,0.1264,0.00105
32612,1427,dhmix_1819992223413741006,272,EnthalpyOfMixing,<Substance C1CCCCC1{solv}{x=0.725500}|CCCCCC{solv}{x=0.274500}>,C1CCCCC1,CCCCCC,openff-2.3.0rc1,2,0.2121214123818475,0.0437747925789848,0.199,0.00145
32613,1428,dhmix_114464856611254095,273,EnthalpyOfMixing,<Substance COc1ccccc1{solv}{x=0.739800}|OCc1ccccc1{solv}{x=0.260200}>,COc1ccccc1,OCc1ccccc1,openff-2.3.0rc1,2,0.8594452702387514,0.0452286394484406,1.0539,0.0113
32614,1429,dens_844721400884986444,274,Density,<Substance COc1ccccc1{solv}{x=0.288300}|OCc1ccccc1{solv}{x=0.711700}>,COc1ccccc1,OCc1ccccc1,openff-2.3.0rc1,2,1.0200517381810656,0.0002206607693009,1.0180000000000002,0.000135
32615,1430,dens_1208569209782779179,275,Density,<Substance COc1ccccc1{solv}{x=0.491100}|OCc1ccccc1{solv}{x=0.508900}>,COc1ccccc1,OCc1ccccc1,openff-2.3.0rc1,2,1.006107001573713,0.0002125963979102,1.0069400000000004,0.000165
32616,1431,dhmix_1342325728364187329,276,EnthalpyOfMixing,<Substance COc1ccccc1{solv}{x=0.240100}|OCc1ccccc1{solv}{x=0.759900}>,COc1ccccc1,OCc1ccccc1,openff-2.3.0rc1,2,0.5222842945507651,0.0422801212191371,0.6199,0.0067
32617,1432,dhmix_1596550872819493971,277,EnthalpyOfMixing,<Substance COc1ccccc1{solv}{x=0.486600}|OCc1ccccc1{solv}{x=0.513400}>,COc1ccccc1,OCc1ccccc1,openff-2.3.0rc1,2,0.791462018788792,0.042656987114732,0.9688,0.0104
32618,1433,dens_1833270112854727934,278,Density,<Substance COc1ccccc1{solv}{x=0.774500}|OCc1ccccc1{solv}{x=0.225500}>,COc1ccccc1,OCc1ccccc1,openff-2.3.0rc1,2,0.9890183724398988,0.0002195693242242,0.9915900000000004,0.000215
32619,1434,dens_114725786693793907,279,Density,<Substance CC(=O)O{solv}{x=0.703100}|CCO{solv}{x=0.296900}>,CC(=O)O,CCO,openff-2.3.0rc1,2,0.9980176660077644,0.000225722730005,0.97355,0.00021
32620,1435,dens_883421079927261907,280,Density,<Substance CC(=O)O{solv}{x=0.496100}|CCO{solv}{x=0.503900}>,CC(=O)O,CCO,openff-2.3.0rc1,2,0.9384639024437892,0.0003192040949263,0.9199600000000002,0.0002
32621,1436,dens_1042567278853913615,281,Density,<Substance CC(=O)O{solv}{x=0.297100}|CCO{solv}{x=0.702900}>,CC(=O)O,CCO,openff-2.3.0rc1,2,0.8797313653321209,0.0003171491284312,0.8668600000000002,0.000195
32622,1437,dhmix_129373600931207498,282,EnthalpyOfMixing,<Substance NCCNCCN{solv}{x=0.702000}|O{solv}{x=0.298000}>,NCCNCCN,O,openff-2.3.0rc1,2,-2.2174393767114395,0.0527381329080733,-3.393,0.036
32623,1438,dhmix_313570094367316478,283,EnthalpyOfMixing,<Substance NCCNCCN{solv}{x=0.241600}|O{solv}{x=0.758400}>,NCCNCCN,O,openff-2.3.0rc1,2,-3.533699752424713,0.0470235825741275,-6.523,0.0695
32624,1439,dens_548243159356184104,284,Density,<Substance NCCNCCN{solv}{x=0.244900}|O{solv}{x=0.755100}>,NCCNCCN,O,openff-2.3.0rc1,2,1.0487212092123173,0.0003845212927538,1.0275000000000003,0.0005
32625,1440,dens_913992897582667960,285,Density,<Substance NCCNCCN{solv}{x=0.497400}|O{solv}{x=0.502600}>,NCCNCCN,O,openff-2.3.0rc1,2,1.0520502392848756,0.0004628129846255,0.9928000000000002,0.0005
32626,1441,dhmix_1565087976771168604,286,EnthalpyOfMixing,<Substance NCCNCCN{solv}{x=0.501000}|O{solv}{x=0.499000}>,NCCNCCN,O,openff-2.3.0rc1,2,-3.249779863654183,0.0525707737937082,-5.417,0.0575
32627,1442,dens_1812124220217686569,287,Density,<Substance NCCNCCN{solv}{x=0.698800}|O{solv}{x=0.301200}>,NCCNCCN,O,openff-2.3.0rc1,2,1.044713509710798,0.0003619105695052,0.9718000000000002,0.0005
32628,1443,dhmix_135176730945124637,288,EnthalpyOfMixing,<Substance CCCCNCCCC{solv}{x=0.751800}|CN(C)C=O{solv}{x=0.248200}>,CCCCNCCCC,CN(C)C=O,openff-2.3.0rc1,2,0.2704141426979447,0.0550521914848298,0.782,0.025
32629,1444,dens_586298674852090193,289,Density,<Substance CCCCNCCCC{solv}{x=0.726600}|CN(C)C=O{solv}{x=0.273400}>,CCCCNCCCC,CN(C)C=O,openff-2.3.0rc1,2,0.7830338363272806,0.0001565514879031,0.7828350000000002,0.0009465
32630,1445,dens_711718403070096827,290,Density,<Substance CCCCNCCCC{solv}{x=0.263900}|CN(C)C=O{solv}{x=0.736100}>,CCCCNCCCC,CN(C)C=O,openff-2.3.0rc1,2,0.8498953050832527,0.0002256122013765,0.8609240000000001,0.001053
32631,1446,dhmix_1537913365058000269,291,EnthalpyOfMixing,<Substance CCCCNCCCC{solv}{x=0.249400}|CN(C)C=O{solv}{x=0.750600}>,CCCCNCCCC,CN(C)C=O,openff-2.3.0rc1,2,0.4184199766041416,0.039323047020589,0.921,0.029
32632,1447,dhmix_1965420976556284821,292,EnthalpyOfMixing,<Substance CCCCNCCCC{solv}{x=0.501800}|CN(C)C=O{solv}{x=0.498200}>,CCCCNCCCC,CN(C)C=O,openff-2.3.0rc1,2,0.4623829580502701,0.0473139632086474,1.113,0.0335
32633,1448,dens_2298192241038151497,293,Density,<Substance CCCCNCCCC{solv}{x=0.492800}|CN(C)C=O{solv}{x=0.507200}>,CCCCNCCCC,CN(C)C=O,openff-2.3.0rc1,2,0.8117970917577803,0.0002172995887526,0.8153440000000003,0.0009895
32634,1449,dens_145031449158698048,294,Density,<Substance CN(C)C=O{solv}{x=0.498800}|ClCCCl{solv}{x=0.501200}>,CN(C)C=O,ClCCCl,openff-2.3.0rc1,2,1.0721786404020746,0.0003309271169857,1.0957000000000003,0.00305
32635,1450,dens_511894799968528211,295,Density,<Substance CN(C)C=O{solv}{x=0.197800}|ClCCCl{solv}{x=0.802200}>,CN(C)C=O,ClCCCl,openff-2.3.0rc1,2,1.158309896501903,0.000429468436217,1.1862000000000004,0.003
32636,1451,dhmix_693792312882226719,296,EnthalpyOfMixing,<Substance CN(C)C=O{solv}{x=0.498000}|ClCCCl{solv}{x=0.502000}>,CN(C)C=O,ClCCCl,openff-2.3.0rc1,2,-0.0773238539798697,0.0326480021637827,-0.663,0.0035
32637,1452,dhmix_1364024895663592301,297,EnthalpyOfMixing,<Substance CN(C)C=O{solv}{x=0.299000}|ClCCCl{solv}{x=0.701000}>,CN(C)C=O,ClCCCl,openff-2.3.0rc1,2,-0.0596420856557173,0.033930628587216,-0.575,0.0035
32638,1453,dens_1874616475661316520,298,Density,<Substance CN(C)C=O{solv}{x=0.705400}|ClCCCl{solv}{x=0.294600}>,CN(C)C=O,ClCCCl,openff-2.3.0rc1,2,1.009384996082307,0.0003022102049384,1.0336,0.003
32639,1454,dhmix_1965344541223753593,299,EnthalpyOfMixing,<Substance CN(C)C=O{solv}{x=0.702000}|ClCCCl{solv}{x=0.298000}>,CN(C)C=O,ClCCCl,openff-2.3.0rc1,2,-0.0530123561043822,0.037387110271383,-0.531,0.003
32640,1455,dens_145117083439077204,300,Density,<Substance CN1CCCC1=O{solv}{x=0.700300}|ClCCCCCl{solv}{x=0.299700}>,CN1CCCC1=O,ClCCCCCl,openff-2.3.0rc1,2,1.0435455923562726,0.0002038417115123,1.0627000000000002,0.0005
32641,1456,dens_872271192908107773,301,Density,<Substance CN1CCCC1=O{solv}{x=0.203400}|ClCCCCCl{solv}{x=0.796600}>,CN1CCCC1=O,ClCCCCCl,openff-2.3.0rc1,2,1.096845311792879,0.0003076772278509,1.1142000000000003,0.00125
32642,1457,dhmix_958757583081250655,302,EnthalpyOfMixing,<Substance CN1CCCC1=O{solv}{x=0.703000}|ClCCCCCl{solv}{x=0.297000}>,CN1CCCC1=O,ClCCCCCl,openff-2.3.0rc1,2,0.1297141139982009,0.044859020507756,-0.583,0.0035
32643,1458,dens_1187888029800539390,303,Density,<Substance CN1CCCC1=O{solv}{x=0.502500}|ClCCCCCl{solv}{x=0.497500}>,CN1CCCC1=O,ClCCCCCl,openff-2.3.0rc1,2,1.066654916626753,0.0001733337227186,1.0840000000000003,0.00075
32644,1459,dhmix_1448185356234442909,304,EnthalpyOfMixing,<Substance CN1CCCC1=O{solv}{x=0.210000}|ClCCCCCl{solv}{x=0.790000}>,CN1CCCC1=O,ClCCCCCl,openff-2.3.0rc1,2,-0.0137126941697047,0.0418154118878962,-0.406,0.003
32645,1460,dhmix_1623586299486793214,305,EnthalpyOfMixing,<Substance CN1CCCC1=O{solv}{x=0.505000}|ClCCCCCl{solv}{x=0.495000}>,CN1CCCC1=O,ClCCCCCl,openff-2.3.0rc1,2,0.0649168919646285,0.0405553732622165,-0.678,0.0035
32646,1461,dens_151421667269785380,306,Density,<Substance OCCOCCO{solv}{x=0.228500}|OCc1ccccc1{solv}{x=0.771500}>,OCCOCCO,OCc1ccccc1,openff-2.3.0rc1,2,1.058099001940675,0.0001916237590644,1.0497600000000002,0.000265
32647,1462,dens_207017358130726789,307,Density,<Substance OCCOCCO{solv}{x=0.531200}|OCc1ccccc1{solv}{x=0.468800}>,OCCOCCO,OCc1ccccc1,openff-2.3.0rc1,2,1.0827296485414093,0.0002124262491131,1.07136,0.00027
32648,1463,dhmix_638869206909151198,308,EnthalpyOfMixing,<Substance OCCOCCO{solv}{x=0.765800}|OCc1ccccc1{solv}{x=0.234200}>,OCCOCCO,OCc1ccccc1,openff-2.3.0rc1,2,-0.3041435451365117,0.0440573394751456,-0.3712,0.0073
32649,1464,dhmix_884415658126351430,309,EnthalpyOfMixing,<Substance OCCOCCO{solv}{x=0.266500}|OCc1ccccc1{solv}{x=0.733500}>,OCCOCCO,OCc1ccccc1,openff-2.3.0rc1,2,-0.2831629481080853,0.0494380974107116,-0.4216,0.0081
32650,1465,dhmix_925385148369690502,310,EnthalpyOfMixing,<Substance OCCOCCO{solv}{x=0.521600}|OCc1ccccc1{solv}{x=0.478400}>,OCCOCCO,OCc1ccccc1,openff-2.3.0rc1,2,-0.2941982160671585,0.048849263401515,-0.4574,0.00865
32651,1466,dens_1617133138157859384,311,Density,<Substance OCCOCCO{solv}{x=0.727700}|OCc1ccccc1{solv}{x=0.272300}>,OCCOCCO,OCc1ccccc1,openff-2.3.0rc1,2,1.1001364764665575,0.0002371054240451,1.0857000000000003,0.000275
32652,1467,dens_155791527624482863,312,Density,<Substance CC(C)CO{solv}{x=0.279300}|CCCCBr{solv}{x=0.720700}>,CC(C)CO,CCCCBr,openff-2.3.0rc1,2,1.1110531416300993,0.0004490222899783,1.1339800000000002,0.000305
32653,1468,dhmix_549211977118470640,313,EnthalpyOfMixing,<Substance CC(C)CO{solv}{x=0.293800}|CCCCBr{solv}{x=0.706200}>,CC(C)CO,CCCCBr,openff-2.3.0rc1,2,1.1871280997493088,0.0400401930792784,1.248,0.0135
32654,1469,dens_692500675577783691,314,Density,<Substance CC(C)CO{solv}{x=0.793700}|CCCCBr{solv}{x=0.206300}>,CC(C)CO,CCCCBr,openff-2.3.0rc1,2,0.8983640673124889,0.0002559595194251,0.8962800000000002,0.00021
32655,1470,dens_841415441417626311,315,Density,<Substance CC(C)CO{solv}{x=0.498900}|CCCCBr{solv}{x=0.501100}>,CC(C)CO,CCCCBr,openff-2.3.0rc1,2,1.025243339171422,0.0002656451101017,1.0366800000000005,0.000225
32656,1471,dhmix_1400807466047438160,316,EnthalpyOfMixing,<Substance CC(C)CO{solv}{x=0.499000}|CCCCBr{solv}{x=0.501000}>,CC(C)CO,CCCCBr,openff-2.3.0rc1,2,1.183085703806945,0.0400266799962529,1.207,0.013
32657,1472,dhmix_1959880980464917582,317,EnthalpyOfMixing,<Substance CC(C)CO{solv}{x=0.702100}|CCCCBr{solv}{x=0.297900}>,CC(C)CO,CCCCBr,openff-2.3.0rc1,2,0.8490859612343087,0.0399531869892568,0.891,0.0095
32658,1473,dhmix_155924436295918663,318,EnthalpyOfMixing,<Substance OCCCO{solv}{x=0.501300}|O{solv}{x=0.498700}>,O,OCCCO,openff-2.3.0rc1,2,0.4332065961067179,0.0337550848325664,-0.992,0.0125
32659,1474,dens_867859901093068556,319,Density,<Substance OCCCO{solv}{x=0.743700}|O{solv}{x=0.256300}>,O,OCCCO,openff-2.3.0rc1,2,1.062583767266877,0.0002939793258066,1.0503800000000003,0.00023
32660,1475,dhmix_2191722776959064631,320,EnthalpyOfMixing,<Substance OCCCO{solv}{x=0.743000}|O{solv}{x=0.257000}>,O,OCCCO,openff-2.3.0rc1,2,0.3232313814089949,0.0328918396467521,-0.633,0.008
32661,1476,dhmix_2210594516320705991,321,EnthalpyOfMixing,<Substance OCCCO{solv}{x=0.208700}|O{solv}{x=0.791300}>,O,OCCCO,openff-2.3.0rc1,2,0.5265024824440161,0.0240324149885029,-0.924,0.012
32662,1477,dens_2211391404402371237,322,Density,<Substance OCCCO{solv}{x=0.244700}|O{solv}{x=0.755300}>,O,OCCCO,openff-2.3.0rc1,2,1.0303119191913588,0.0004069580691061,1.0381600000000004,0.00019
32663,1478,dens_2211609476735134421,323,Density,<Substance OCCCO{solv}{x=0.500000}|O{solv}{x=0.500000}>,O,OCCCO,openff-2.3.0rc1,2,1.0518387285276516,0.0004176675289482,1.0492100000000002,0.000215
32664,1479,dhmix_156929898609376763,324,EnthalpyOfMixing,<Substance CN(C)CCCO{solv}{x=0.800100}|O{solv}{x=0.199900}>,CN(C)CCCO,O,openff-2.3.0rc1,2,-0.6657652738370601,0.0462113900196862,-1.26,0.0135
32665,1480,dhmix_786210276753247951,325,EnthalpyOfMixing,<Substance CN(C)CCCO{solv}{x=0.199800}|O{solv}{x=0.800200}>,CN(C)CCCO,O,openff-2.3.0rc1,2,-0.7438314142357374,0.0271434873779791,-2.514,0.027
32666,1481,dens_971674883336993154,326,Density,<Substance CN(C)CCCO{solv}{x=0.289504}|O{solv}{x=0.710496}>,CN(C)CCCO,O,openff-2.3.0rc1,2,0.9413938071206344,0.0003135002793118,0.9443,0.00285
32667,1482,dhmix_1330584538745399524,327,EnthalpyOfMixing,<Substance CN(C)CCCO{solv}{x=0.501900}|O{solv}{x=0.498100}>,CN(C)CCCO,O,openff-2.3.0rc1,2,-1.5238478276799707,0.0424284030672472,-2.706,0.029
32668,1483,dens_1781759734173902013,328,Density,<Substance CN(C)CCCO{solv}{x=0.501300}|O{solv}{x=0.498700}>,CN(C)CCCO,O,openff-2.3.0rc1,2,0.9296739324182396,0.0003788049158731,0.9170700000000004,8.000000000000002e-05
32669,1484,dens_2299157616447228221,329,Density,<Substance CN(C)CCCO{solv}{x=0.800600}|O{solv}{x=0.199400}>,CN(C)CCCO,O,openff-2.3.0rc1,2,0.9190025704906756,0.0004110456309592,0.8915100000000002,9.500000000000002e-05
32670,1485,dhmix_157983773008192768,330,EnthalpyOfMixing,<Substance BrCCCBr{solv}{x=0.743200}|CCCCOC(=O)CCC{solv}{x=0.256800}>,BrCCCBr,CCCCOC(=O)CCC,openff-2.3.0rc1,2,-0.3682173193224685,0.038682750063965,0.032,0.0005
32671,1486,dens_720277045338028885,331,Density,<Substance BrCCCBr{solv}{x=0.748700}|CCCCOC(=O)CCC{solv}{x=0.251300}>,BrCCCBr,CCCCOC(=O)CCC,openff-2.3.0rc1,2,1.559463491390399,0.000460978317732,1.5786600000000004,0.00038
32672,1487,dens_933248802608751708,332,Density,<Substance BrCCCBr{solv}{x=0.529700}|CCCCOC(=O)CCC{solv}{x=0.470300}>,BrCCCBr,CCCCOC(=O)CCC,openff-2.3.0rc1,2,1.3052296306746176,0.0003207270113571,1.3159400000000003,0.000255
32673,1488,dens_1048925802213854204,333,Density,<Substance BrCCCBr{solv}{x=0.259100}|CCCCOC(=O)CCC{solv}{x=0.740900}>,BrCCCBr,CCCCOC(=O)CCC,openff-2.3.0rc1,2,1.0526752039147895,0.0001657440340426,1.0598600000000002,0.000145
32674,1489,dhmix_1090642624443832057,334,EnthalpyOfMixing,<Substance BrCCCBr{solv}{x=0.241200}|CCCCOC(=O)CCC{solv}{x=0.758800}>,BrCCCBr,CCCCOC(=O)CCC,openff-2.3.0rc1,2,-0.3293420959331286,0.0550965384701655,-0.094,0.001
32675,1490,dhmix_1649688325270115073,335,EnthalpyOfMixing,<Substance BrCCCBr{solv}{x=0.466700}|CCCCOC(=O)CCC{solv}{x=0.533300}>,BrCCCBr,CCCCOC(=O)CCC,openff-2.3.0rc1,2,-0.5457626127331352,0.0470004131553689,-0.091,0.001
32676,1491,dhmix_158101159957898775,336,EnthalpyOfMixing,<Substance CCCCCl{solv}{x=0.490000}|CN1CCCC1=O{solv}{x=0.510000}>,CCCCCl,CN1CCCC1=O,openff-2.3.0rc1,2,0.8476875603114138,0.0409739198095394,0.152,0.002
32677,1492,dhmix_586880142396707079,337,EnthalpyOfMixing,<Substance CCCCCl{solv}{x=0.294000}|CN1CCCC1=O{solv}{x=0.706000}>,CCCCCl,CN1CCCC1=O,openff-2.3.0rc1,2,0.7507641858567347,0.0410354654520964,0.145,0.002
32678,1493,dens_897975104490051322,338,Density,<Substance CCCCCl{solv}{x=0.296100}|CN1CCCC1=O{solv}{x=0.703900}>,CCCCCl,CN1CCCC1=O,openff-2.3.0rc1,2,0.9657053559090836,0.000234931108391,0.9862000000000004,0.0001
32679,1494,dens_1393365907116297965,339,Density,<Substance CCCCCl{solv}{x=0.702600}|CN1CCCC1=O{solv}{x=0.297400}>,CCCCCl,CN1CCCC1=O,openff-2.3.0rc1,2,0.9071048973533664,0.0001848459179759,0.9268000000000002,0.0001
32680,1495,dhmix_1769887717174104485,340,EnthalpyOfMixing,<Substance CCCCCl{solv}{x=0.787000}|CN1CCCC1=O{solv}{x=0.213000}>,CCCCCl,CN1CCCC1=O,openff-2.3.0rc1,2,0.6108831715986298,0.0431505215819055,0.081,0.002
32681,1496,dens_2070183543451797213,341,Density,<Substance CCCCCl{solv}{x=0.494800}|CN1CCCC1=O{solv}{x=0.505200}>,CCCCCl,CN1CCCC1=O,openff-2.3.0rc1,2,0.9385308061145838,0.0002521907911948,0.9575000000000002,0.0001
32682,1497,dens_164369774990422412,342,Density,<Substance CC(C)O{solv}{x=0.764900}|CCOC=O{solv}{x=0.235100}>,CC(C)O,CCOC=O,openff-2.3.0rc1,2,0.8313585011909963,0.000200147591607,0.8088000000000002,0.00035
32683,1498,dens_200561035496770448,343,Density,<Substance CC(C)O{solv}{x=0.265100}|CCOC=O{solv}{x=0.734900}>,CC(C)O,CCOC=O,openff-2.3.0rc1,2,0.8967347343798329,0.0002684446036425,0.8710000000000002,0.0003
32684,1499,dens_1124622586228643363,344,Density,<Substance CC(C)O{solv}{x=0.441300}|CCOC=O{solv}{x=0.558700}>,CC(C)O,CCOC=O,openff-2.3.0rc1,2,0.873860449395898,0.0002764258459847,0.8482000000000003,0.00035
32685,1500,dens_166030075147825025,345,Density,<Substance Clc1ccccc1{solv}{x=0.467900}|c1ccccc1{solv}{x=0.532100}>,Clc1ccccc1,c1ccccc1,openff-2.3.0rc1,2,0.9965641818843608,0.0002730785301201,0.9877000000000002,0.00025
32686,1501,dens_796537469137871297,346,Density,<Substance Clc1ccccc1{solv}{x=0.735800}|c1ccccc1{solv}{x=0.264200}>,Clc1ccccc1,c1ccccc1,openff-2.3.0rc1,2,1.0581319844629546,0.0002818216968185,1.0465000000000002,0.0002
32687,1502,dhmix_1485547099225054006,347,EnthalpyOfMixing,<Substance Clc1ccccc1{solv}{x=0.777700}|c1ccccc1{solv}{x=0.222300}>,Clc1ccccc1,c1ccccc1,openff-2.3.0rc1,2,0.0071832709636439,0.0384714930545045,-0.0036,0.0004
32688,1503,dhmix_1808283008183194060,348,EnthalpyOfMixing,<Substance Clc1ccccc1{solv}{x=0.225800}|c1ccccc1{solv}{x=0.774200}>,Clc1ccccc1,c1ccccc1,openff-2.3.0rc1,2,-0.0076025115907185,0.0414418458384278,-0.0046,0.0004
32689,1504,dhmix_2008892820486470381,349,EnthalpyOfMixing,<Substance Clc1ccccc1{solv}{x=0.466600}|c1ccccc1{solv}{x=0.533400}>,Clc1ccccc1,c1ccccc1,openff-2.3.0rc1,2,-0.0661640763168591,0.0355599387860698,-0.0057,0.0004
32690,1505,dens_2142546524113318099,350,Density,<Substance Clc1ccccc1{solv}{x=0.293100}|c1ccccc1{solv}{x=0.706900}>,Clc1ccccc1,c1ccccc1,openff-2.3.0rc1,2,0.953951818877708,0.0002639850261477,0.9468000000000002,0.00025
32691,1506,dhmix_166527628917371560,351,EnthalpyOfMixing,<Substance CCCCCC(C)=O{solv}{x=0.500700}|CCCNCCC{solv}{x=0.499300}>,CCCCCC(C)=O,CCCNCCC,openff-2.3.0rc1,2,-0.0671258122455853,0.0497072232713006,0.162,0.002
32692,1507,dhmix_181797488552739205,352,EnthalpyOfMixing,<Substance CCCCCC(C)=O{solv}{x=0.213200}|CCCNCCC{solv}{x=0.786800}>,CCCCCC(C)=O,CCCNCCC,openff-2.3.0rc1,2,-0.0420840106067856,0.0419061796799527,0.137,0.0015
32693,1508,dens_286521458049436805,353,Density,<Substance CCCCCC(C)=O{solv}{x=0.542700}|CCCNCCC{solv}{x=0.457300}>,CCCCCC(C)=O,CCCNCCC,openff-2.3.0rc1,2,0.7728876449544662,0.0001456092827627,0.7766620000000002,0.0001215
32694,1509,dens_740930494074770103,354,Density,<Substance CCCCCC(C)=O{solv}{x=0.252600}|CCCNCCC{solv}{x=0.747400}>,CCCCCC(C)=O,CCCNCCC,openff-2.3.0rc1,2,0.7540081465154326,0.0001868331709874,0.7540050000000001,0.0001215
32695,1510,dhmix_1180133264815330249,355,EnthalpyOfMixing,<Substance CCCCCC(C)=O{solv}{x=0.788000}|CCCNCCC{solv}{x=0.212000}>,CCCCCC(C)=O,CCCNCCC,openff-2.3.0rc1,2,-0.1230093986366611,0.0515690104754566,0.088,0.001
32696,1511,dens_1237727796782189302,356,Density,<Substance CCCCCC(C)=O{solv}{x=0.741800}|CCCNCCC{solv}{x=0.258200}>,CCCCCC(C)=O,CCCNCCC,openff-2.3.0rc1,2,0.7842619207810053,0.0002200289964792,0.7918920000000003,0.00012
32697,1512,dens_168376639142843665,357,Density,<Substance BrCCBr{solv}{x=0.084500}|CCOC(=O)CC{solv}{x=0.915500}>,BrCCBr,CCOC(=O)CC,openff-2.3.0rc1,2,0.9655309751346074,0.0002073505829127,0.9671200000000002,0.001185
32698,1513,dhmix_897092526028522426,358,EnthalpyOfMixing,<Substance BrCCBr{solv}{x=0.753700}|CCOC(=O)CC{solv}{x=0.246300}>,BrCCBr,CCOC(=O)CC,openff-2.3.0rc1,2,-0.3324530843243654,0.0341309339587474,0.0052,0.0008
32699,1514,dhmix_1078383344298013541,359,EnthalpyOfMixing,<Substance BrCCBr{solv}{x=0.084100}|CCOC(=O)CC{solv}{x=0.915900}>,BrCCBr,CCOC(=O)CC,openff-2.3.0rc1,2,-0.0919939131889355,0.052072110667186,-0.0683,0.0014
32700,1515,dhmix_1103515663691342839,360,EnthalpyOfMixing,<Substance BrCCBr{solv}{x=0.514000}|CCOC(=O)CC{solv}{x=0.486000}>,BrCCBr,CCOC(=O)CC,openff-2.3.0rc1,2,-0.2562915424620264,0.0377584804146885,-0.1259,0.00205
32701,1516,dens_1193015082780501702,361,Density,<Substance BrCCBr{solv}{x=0.484400}|CCOC(=O)CC{solv}{x=0.515600}>,BrCCBr,CCOC(=O)CC,openff-2.3.0rc1,2,1.4022686797278598,0.0003822870949623,1.4136000000000002,0.001165
32702,1517,dens_1660732943693703463,362,Density,<Substance BrCCBr{solv}{x=0.714800}|CCOC(=O)CC{solv}{x=0.285200}>,BrCCBr,CCOC(=O)CC,openff-2.3.0rc1,2,1.6972258966670477,0.0005135969036507,1.7205300000000003,0.000985
32703,1518,dens_172622055198885625,363,Density,<Substance CCCCOCCO{solv}{x=0.499500}|c1ccccc1{solv}{x=0.500500}>,CCCCOCCO,c1ccccc1,openff-2.3.0rc1,2,0.8868778801934923,0.0001907320297746,0.8864700000000002,0.000795
32704,1519,dens_615182082919776992,364,Density,<Substance CCCCOCCO{solv}{x=0.753500}|c1ccccc1{solv}{x=0.246500}>,CCCCOCCO,c1ccccc1,openff-2.3.0rc1,2,0.8921062794847587,0.0002112546958496,0.8924600000000003,0.00077
32705,1520,dens_1014762781474427089,365,Density,<Substance CCCCOCCO{solv}{x=0.248800}|c1ccccc1{solv}{x=0.751200}>,CCCCOCCO,c1ccccc1,openff-2.3.0rc1,2,0.881768695465141,0.0002517888503321,0.8790000000000002,0.00083
32706,1521,dhmix_1209838039340638454,366,EnthalpyOfMixing,<Substance CCCCOCCO{solv}{x=0.729700}|c1ccccc1{solv}{x=0.270300}>,CCCCOCCO,c1ccccc1,openff-2.3.0rc1,2,0.3635236234507886,0.0423258052095263,0.3037,0.00335
32707,1522,dhmix_1416395432810708431,367,EnthalpyOfMixing,<Substance CCCCOCCO{solv}{x=0.266500}|c1ccccc1{solv}{x=0.733500}>,CCCCOCCO,c1ccccc1,openff-2.3.0rc1,2,0.6455361203474865,0.0382254475626303,0.6895,0.00745
32708,1523,dhmix_1775479338186698605,368,EnthalpyOfMixing,<Substance CCCCOCCO{solv}{x=0.503000}|c1ccccc1{solv}{x=0.497000}>,CCCCOCCO,c1ccccc1,openff-2.3.0rc1,2,0.66869646622348,0.0385939362535153,0.5563,0.00605
32709,1524,dens_173950346939686352,369,Density,<Substance CCOC(=O)CC(=O)OCC{solv}{x=0.797800}|CO{solv}{x=0.202200}>,CCOC(=O)CC(=O)OCC,CO,openff-2.3.0rc1,2,1.04213891859126,0.0001860364386454,1.0336070000000002,0.0001155
32710,1525,dhmix_796570713446660029,370,EnthalpyOfMixing,<Substance CCOC(=O)CC(=O)OCC{solv}{x=0.745300}|CO{solv}{x=0.254700}>,CCOC(=O)CC(=O)OCC,CO,openff-2.3.0rc1,2,1.0335379353098515,0.0420796595112831,1.184,0.013
32711,1526,dhmix_1053189657313504079,371,EnthalpyOfMixing,<Substance CCOC(=O)CC(=O)OCC{solv}{x=0.499300}|CO{solv}{x=0.500700}>,CCOC(=O)CC(=O)OCC,CO,openff-2.3.0rc1,2,1.3698590535514796,0.0358888569358272,1.426,0.0155
32712,1527,dens_1109796780897697143,372,Density,<Substance CCOC(=O)CC(=O)OCC{solv}{x=0.500400}|CO{solv}{x=0.499600}>,CCOC(=O)CC(=O)OCC,CO,openff-2.3.0rc1,2,1.0026527414417372,0.0002101893004816,0.9962350000000002,9.150000000000002e-05
32713,1528,dens_1145191816882985532,373,Density,<Substance CCOC(=O)CC(=O)OCC{solv}{x=0.250100}|CO{solv}{x=0.749900}>,CCOC(=O)CC(=O)OCC,CO,openff-2.3.0rc1,2,0.9376090768978946,0.0003027307230155,0.9355040000000002,0.0001385
32714,1529,dhmix_1394433819711651760,374,EnthalpyOfMixing,<Substance CCOC(=O)CC(=O)OCC{solv}{x=0.251500}|CO{solv}{x=0.748500}>,CCOC(=O)CC(=O)OCC,CO,openff-2.3.0rc1,2,1.1319840035500874,0.0344014942454474,1.083,0.0115
32715,1530,dhmix_176700813960387714,375,EnthalpyOfMixing,<Substance CC(=O)N(C)C{solv}{x=0.211000}|ClCCCCCl{solv}{x=0.789000}>,CC(=O)N(C)C,ClCCCCCl,openff-2.3.0rc1,2,0.0928359803939997,0.0329282884505459,-0.188,0.0025
32716,1531,dhmix_422276068008732896,376,EnthalpyOfMixing,<Substance CC(=O)N(C)C{solv}{x=0.506000}|ClCCCCCl{solv}{x=0.494000}>,CC(=O)N(C)C,ClCCCCCl,openff-2.3.0rc1,2,0.0306490188172965,0.0396931168311259,-0.314,0.0025
32717,1532,dhmix_591740475541975327,377,EnthalpyOfMixing,<Substance CC(=O)N(C)C{solv}{x=0.705000}|ClCCCCCl{solv}{x=0.295000}>,CC(=O)N(C)C,ClCCCCCl,openff-2.3.0rc1,2,0.0723510161544105,0.0350995433161281,-0.281,0.0025
32718,1533,dens_600718364672681210,378,Density,<Substance CC(=O)N(C)C{solv}{x=0.200100}|ClCCCCCl{solv}{x=0.799900}>,CC(=O)N(C)C,ClCCCCCl,openff-2.3.0rc1,2,1.0775003930278608,0.0002868467412526,1.0978,0.0023
32719,1534,dens_833309518494254389,379,Density,<Substance CC(=O)N(C)C{solv}{x=0.698700}|ClCCCCCl{solv}{x=0.301300}>,CC(=O)N(C)C,ClCCCCCl,openff-2.3.0rc1,2,0.9735577059176742,0.00025595760925,1.0011000000000003,0.0023
32720,1535,dens_1473570029953486090,380,Density,<Substance CC(=O)N(C)C{solv}{x=0.500900}|ClCCCCCl{solv}{x=0.499100}>,CC(=O)N(C)C,ClCCCCCl,openff-2.3.0rc1,2,1.016930752579904,0.0001729818948577,1.0407000000000004,0.00225
32721,1536,dens_176740025668330569,381,Density,<Substance C1CCCCC1{solv}{x=0.499400}|C1COCCO1{solv}{x=0.500600}>,C1CCCCC1,C1COCCO1,openff-2.3.0rc1,2,0.8728180144722997,0.0002152313057864,0.8769800000000002,8.500000000000002e-05
32722,1537,dens_476825312331327209,382,Density,<Substance C1CCCCC1{solv}{x=0.297200}|C1COCCO1{solv}{x=0.702800}>,C1CCCCC1,C1COCCO1,openff-2.3.0rc1,2,0.9324344964753092,0.0002754628673322,0.9312200000000004,7.000000000000002e-05
32723,1538,dens_985438980823024302,383,Density,<Substance C1CCCCC1{solv}{x=0.699700}|C1COCCO1{solv}{x=0.300300}>,C1CCCCC1,C1COCCO1,openff-2.3.0rc1,2,0.8204050141491696,0.0001992705887171,0.8305800000000002,0.0001
32724,1539,dhmix_1624213860575299641,384,EnthalpyOfMixing,<Substance C1CCCCC1{solv}{x=0.492800}|C1COCCO1{solv}{x=0.507200}>,C1CCCCC1,C1COCCO1,openff-2.3.0rc1,2,1.9873401911172124,0.0382288581160959,1.588,0.008
32725,1540,dhmix_1900199136965747019,385,EnthalpyOfMixing,<Substance C1CCCCC1{solv}{x=0.239400}|C1COCCO1{solv}{x=0.760600}>,C1CCCCC1,C1COCCO1,openff-2.3.0rc1,2,1.376694389612794,0.0456310310445548,1.124,0.007
32726,1541,dhmix_2022274493214392184,386,EnthalpyOfMixing,<Substance C1CCCCC1{solv}{x=0.744200}|C1COCCO1{solv}{x=0.255800}>,C1CCCCC1,C1COCCO1,openff-2.3.0rc1,2,1.5564517760270746,0.0435519735206701,1.262,0.007
32727,1542,dhmix_182795551078530810,387,EnthalpyOfMixing,<Substance C1COCCO1{solv}{x=0.491200}|Cc1ccccc1Cl{solv}{x=0.508800}>,C1COCCO1,Cc1ccccc1Cl,openff-2.3.0rc1,2,0.3188899390612647,0.0385616891299456,0.356,0.002
32728,1543,dens_242592003865933955,388,Density,<Substance C1COCCO1{solv}{x=0.835700}|Cc1ccccc1Cl{solv}{x=0.164300}>,C1COCCO1,Cc1ccccc1Cl,openff-2.3.0rc1,2,1.034195922683527,0.0002409928515255,1.0256,0.0005
32729,1544,dens_810150133181620718,389,Density,<Substance C1COCCO1{solv}{x=0.513600}|Cc1ccccc1Cl{solv}{x=0.486400}>,C1COCCO1,Cc1ccccc1Cl,openff-2.3.0rc1,2,1.0618351006085156,0.0002617206943446,1.0536,0.0005
32730,1545,dhmix_1949119093643648586,390,EnthalpyOfMixing,<Substance C1COCCO1{solv}{x=0.246200}|Cc1ccccc1Cl{solv}{x=0.753800}>,C1COCCO1,Cc1ccccc1Cl,openff-2.3.0rc1,2,0.1825713052533473,0.0424265092685438,0.206,0.001
32731,1546,dens_2161584607380261748,391,Density,<Substance C1COCCO1{solv}{x=0.226300}|Cc1ccccc1Cl{solv}{x=0.773700}>,C1COCCO1,Cc1ccccc1Cl,openff-2.3.0rc1,2,1.073843178561762,0.0002586787618977,1.0674000000000003,0.0005
32732,1547,dhmix_2190589845176325501,392,EnthalpyOfMixing,<Substance C1COCCO1{solv}{x=0.835700}|Cc1ccccc1Cl{solv}{x=0.164300}>,C1COCCO1,Cc1ccccc1Cl,openff-2.3.0rc1,2,0.0725503721188403,0.0441957009205001,0.244,0.0015
32733,1548,dens_194492664772262961,393,Density,<Substance CCCOC=O{solv}{x=0.479500}|ClCCCl{solv}{x=0.520500}>,CCCOC=O,ClCCCl,openff-2.3.0rc1,2,1.0557991580277113,0.0003425618025294,1.0603100000000003,0.00196
32734,1549,dhmix_438833720470542962,394,EnthalpyOfMixing,<Substance CCCOC=O{solv}{x=0.738500}|ClCCCl{solv}{x=0.261500}>,CCCOC=O,ClCCCl,openff-2.3.0rc1,2,0.0794605180287284,0.042550386422236,-0.205,0.0025
32735,1550,dens_598528978367940263,395,Density,<Substance CCCOC=O{solv}{x=0.254300}|ClCCCl{solv}{x=0.745700}>,CCCOC=O,ClCCCl,openff-2.3.0rc1,2,1.1259359108392424,0.0003760229084059,1.1418800000000005,0.002835
32736,1551,dens_822197650497048256,396,Density,<Substance CCCOC=O{solv}{x=0.728100}|ClCCCl{solv}{x=0.271900}>,CCCOC=O,ClCCCl,openff-2.3.0rc1,2,0.9831359216814576,0.0002666938072681,0.9794600000000002,0.001275
32737,1552,dhmix_1971772628311560569,397,EnthalpyOfMixing,<Substance CCCOC=O{solv}{x=0.503500}|ClCCCl{solv}{x=0.496500}>,CCCOC=O,ClCCCl,openff-2.3.0rc1,2,0.0488310349391873,0.0374906077679841,-0.254,0.003
32738,1553,dhmix_2087301877194561078,398,EnthalpyOfMixing,<Substance CCCOC=O{solv}{x=0.273300}|ClCCCl{solv}{x=0.726700}>,CCCOC=O,ClCCCl,openff-2.3.0rc1,2,0.0507796632565522,0.0359146625557203,-0.154,0.002
32739,1554,dens_196547737404430199,399,Density,<Substance CCC(C)(C)O{solv}{x=0.258400}|CCO{solv}{x=0.741600}>,CCC(C)(C)O,CCO,openff-2.3.0rc1,2,0.8064700725776557,0.0002810497374188,0.7933000000000001,0.0005
32740,1555,dens_476512869308734578,400,Density,<Substance CCC(C)(C)O{solv}{x=0.549500}|CCO{solv}{x=0.450500}>,CCC(C)(C)O,CCO,openff-2.3.0rc1,2,0.8166786158055801,0.0002644734800391,0.8018000000000002,0.0005
32741,1556,dens_822446541953482206,401,Density,<Substance CCC(C)(C)O{solv}{x=0.676500}|CCO{solv}{x=0.323500}>,CCC(C)(C)O,CCO,openff-2.3.0rc1,2,0.8208689235130604,0.0003544221166553,0.8048000000000002,0.0005
32742,1557,dhmix_935690434592096067,402,EnthalpyOfMixing,<Substance CCC(C)(C)O{solv}{x=0.460700}|CCO{solv}{x=0.539300}>,CCC(C)(C)O,CCO,openff-2.3.0rc1,2,-0.4683948744140398,0.0657994804945115,-0.95,0.00405
32743,1558,dhmix_1167190373485301023,403,EnthalpyOfMixing,<Substance CCC(C)(C)O{solv}{x=0.730600}|CCO{solv}{x=0.269400}>,CCC(C)(C)O,CCO,openff-2.3.0rc1,2,-0.6117351628316534,0.0508401378561236,-0.7709,0.00335
32744,1559,dhmix_1275914601266938667,404,EnthalpyOfMixing,<Substance CCC(C)(C)O{solv}{x=0.280700}|CCO{solv}{x=0.719300}>,CCC(C)(C)O,CCO,openff-2.3.0rc1,2,-0.4747318620616898,0.0370572695754547,-0.7056,0.0031
32745,1560,dens_196896428021674416,405,Density,<Substance OCCCCO{solv}{x=0.250400}|O{solv}{x=0.749600}>,O,OCCCCO,openff-2.3.0rc1,2,1.0103090843202234,0.0002555838068141,1.0206500000000005,0.000165
32746,1561,dhmix_204758826312645465,406,EnthalpyOfMixing,<Substance OCCCCO{solv}{x=0.498600}|O{solv}{x=0.501400}>,O,OCCCCO,openff-2.3.0rc1,2,0.7199348031895241,0.0344130761961913,-0.882,0.011
32747,1562,dens_523660418548538159,407,Density,<Substance OCCCCO{solv}{x=0.502000}|O{solv}{x=0.498000}>,O,OCCCCO,openff-2.3.0rc1,2,1.019629416765149,0.0004260214689412,1.0207100000000002,0.000175
32748,1563,dhmix_1424462945700338266,408,EnthalpyOfMixing,<Substance OCCCCO{solv}{x=0.794700}|O{solv}{x=0.205300}>,O,OCCCCO,openff-2.3.0rc1,2,0.1624762664824732,0.0495038515705753,-0.513,0.007
32749,1564,dhmix_2166372532060643622,409,EnthalpyOfMixing,<Substance OCCCCO{solv}{x=0.265800}|O{solv}{x=0.734200}>,O,OCCCCO,openff-2.3.0rc1,2,0.7286228786917199,0.029130216546003,-0.896,0.0115
32750,1565,dens_2215793475715067258,410,Density,<Substance OCCCCO{solv}{x=0.752800}|O{solv}{x=0.247200}>,O,OCCCCO,openff-2.3.0rc1,2,1.0241773434259145,0.0002503452543301,1.0165900000000003,0.00018
32751,1566,dhmix_199788824133179829,411,EnthalpyOfMixing,<Substance CNc1ccccc1{solv}{x=0.497300}|Cc1ccccc1{solv}{x=0.502700}>,CNc1ccccc1,Cc1ccccc1,openff-2.3.0rc1,2,0.8170124779200236,0.046486257693419,0.497,0.0055
32752,1567,dens_515118724178190757,412,Density,<Substance CNc1ccccc1{solv}{x=0.740700}|Cc1ccccc1{solv}{x=0.259300}>,CNc1ccccc1,Cc1ccccc1,openff-2.3.0rc1,2,0.9613360170111398,0.000184135773079,0.9531280000000004,0.0002595
32753,1568,dens_730775902780400634,413,Density,<Substance CNc1ccccc1{solv}{x=0.245200}|Cc1ccccc1{solv}{x=0.754800}>,CNc1ccccc1,Cc1ccccc1,openff-2.3.0rc1,2,0.894293974925125,0.0002037031830476,0.8935250000000002,0.000118
32754,1569,dhmix_1213795502778853356,414,EnthalpyOfMixing,<Substance CNc1ccccc1{solv}{x=0.295200}|Cc1ccccc1{solv}{x=0.704800}>,CNc1ccccc1,Cc1ccccc1,openff-2.3.0rc1,2,0.7652204769965891,0.042616958975602,0.459,0.005
32755,1570,dhmix_1321810550349826496,415,EnthalpyOfMixing,<Substance CNc1ccccc1{solv}{x=0.789200}|Cc1ccccc1{solv}{x=0.210800}>,CNc1ccccc1,Cc1ccccc1,openff-2.3.0rc1,2,0.6564290359329163,0.0482134600647035,0.287,0.003
32756,1571,dens_2156484405108449314,416,Density,<Substance CNc1ccccc1{solv}{x=0.490000}|Cc1ccccc1{solv}{x=0.510000}>,CNc1ccccc1,Cc1ccccc1,openff-2.3.0rc1,2,0.9278826975831264,0.0002383390147189,0.9235800000000004,0.000164
32757,1572,dens_199829369486957606,417,Density,<Substance CC#N{solv}{x=0.200300}|c1ccccc1{solv}{x=0.799700}>,CC#N,c1ccccc1,openff-2.3.0rc1,2,0.8635664810992393,0.0002475195767728,0.8623400000000002,7.000000000000002e-05
32758,1573,dhmix_217315956534335620,418,EnthalpyOfMixing,<Substance CC#N{solv}{x=0.771500}|c1ccccc1{solv}{x=0.228500}>,CC#N,c1ccccc1,openff-2.3.0rc1,2,0.0278787097149173,0.0271203584693545,0.3988,0.00815
32759,1574,dhmix_730497723685339496,419,EnthalpyOfMixing,<Substance CC#N{solv}{x=0.219600}|c1ccccc1{solv}{x=0.780400}>,CC#N,c1ccccc1,openff-2.3.0rc1,2,-0.0837410195881318,0.0402570515390978,0.2399,0.00495
32760,1575,dhmix_1038591828122641798,420,EnthalpyOfMixing,<Substance CC#N{solv}{x=0.529500}|c1ccccc1{solv}{x=0.470500}>,CC#N,c1ccccc1,openff-2.3.0rc1,2,0.0255059353628315,0.0338090565942198,0.4415,0.00905
32761,1576,dens_1457706963514561052,421,Density,<Substance CC#N{solv}{x=0.500100}|c1ccccc1{solv}{x=0.499900}>,CC#N,c1ccccc1,openff-2.3.0rc1,2,0.8357710003664092,0.0002658029997469,0.8384600000000002,7.500000000000002e-05
32762,1577,dens_2111393000623474162,422,Density,<Substance CC#N{solv}{x=0.700200}|c1ccccc1{solv}{x=0.299800}>,CC#N,c1ccccc1,openff-2.3.0rc1,2,0.8118076866700645,0.0002584215614294,0.8174500000000002,7.500000000000002e-05
32763,1578,dens_201591193434833206,423,Density,<Substance CC(C)CC(C)(C)C{solv}{x=0.082400}|CCO{solv}{x=0.917600}>,CC(C)CC(C)(C)C,CCO,openff-2.3.0rc1,2,0.7662334910868487,0.0003103851053053,0.7605800000000003,0.000125
32764,1579,dhmix_371477530823830451,424,EnthalpyOfMixing,<Substance CC(C)CC(C)(C)C{solv}{x=0.761700}|CCO{solv}{x=0.238300}>,CC(C)CC(C)(C)C,CCO,openff-2.3.0rc1,2,0.8385282117055226,0.0483548218202213,0.634022,0.006851
32765,1580,dhmix_1127868571780691876,425,EnthalpyOfMixing,<Substance CC(C)CC(C)(C)C{solv}{x=0.515800}|CCO{solv}{x=0.484200}>,CC(C)CC(C)(C)C,CCO,openff-2.3.0rc1,2,0.911749168125823,0.0393025116363835,0.638973,0.006903
32766,1581,dens_1250915879314267304,426,Density,<Substance CC(C)CC(C)(C)C{solv}{x=0.493740}|CCO{solv}{x=0.506260}>,CC(C)CC(C)(C)C,CCO,openff-2.3.0rc1,2,0.723641260090502,0.0002341593157068,0.7110500000000001,7.500000000000002e-05
32767,1582,dens_1473791133383705310,427,Density,<Substance CC(C)CC(C)(C)C{solv}{x=0.735960}|CCO{solv}{x=0.264040}>,CC(C)CC(C)(C)C,CCO,openff-2.3.0rc1,2,0.7120276725978736,0.0002210196084409,0.6967900000000001,7.500000000000002e-05
32768,1583,dhmix_1870637719976274804,428,EnthalpyOfMixing,<Substance CC(C)CC(C)(C)C{solv}{x=0.081500}|CCO{solv}{x=0.918500}>,CC(C)CC(C)(C)C,CCO,openff-2.3.0rc1,2,0.3314780218725355,0.0380677357199167,0.197762,0.0022405
32769,1584,dens_202472488934755108,429,Density,<Substance CCC#N{solv}{x=0.301800}|CCOC(C)(C)C{solv}{x=0.698200}>,CCC#N,CCOC(C)(C)C,openff-2.3.0rc1,2,0.7568177511679274,0.0002089635066425,0.7455000000000002,0.0002
32770,1585,dens_266175665931869051,430,Density,<Substance CCC#N{solv}{x=0.701400}|CCOC(C)(C)C{solv}{x=0.298600}>,CCC#N,CCOC(C)(C)C,openff-2.3.0rc1,2,0.7634132435606362,0.0002481395519925,0.7617000000000003,0.00035
32771,1586,dhmix_801664072836508009,431,EnthalpyOfMixing,<Substance CCC#N{solv}{x=0.301800}|CCOC(C)(C)C{solv}{x=0.698200}>,CCC#N,CCOC(C)(C)C,openff-2.3.0rc1,2,0.140400691264368,0.0376014187021626,0.4557,0.0062
32772,1587,dhmix_1220778152018571786,432,EnthalpyOfMixing,<Substance CCC#N{solv}{x=0.501400}|CCOC(C)(C)C{solv}{x=0.498600}>,CCC#N,CCOC(C)(C)C,openff-2.3.0rc1,2,0.1283152420015447,0.0382001318672495,0.5053,0.00685
32773,1588,dhmix_1838699488178562925,433,EnthalpyOfMixing,<Substance CCC#N{solv}{x=0.701400}|CCOC(C)(C)C{solv}{x=0.298600}>,CCC#N,CCOC(C)(C)C,openff-2.3.0rc1,2,0.1329719603511012,0.0367321672488573,0.4078,0.0056
32774,1589,dens_1870081876609026392,434,Density,<Substance CCC#N{solv}{x=0.501400}|CCOC(C)(C)C{solv}{x=0.498600}>,CCC#N,CCOC(C)(C)C,openff-2.3.0rc1,2,0.7602427934012218,0.000226929020826,0.7532000000000002,0.0003
32775,1590,dens_205210513551931414,435,Density,<Substance CCCC#N{solv}{x=0.200000}|c1ccccc1{solv}{x=0.800000}>,CCCC#N,c1ccccc1,openff-2.3.0rc1,2,0.8570180847855735,0.0002919905254255,0.8576940000000002,5.400000000000001e-05
32776,1591,dens_841576887891022329,436,Density,<Substance CCCC#N{solv}{x=0.500000}|c1ccccc1{solv}{x=0.500000}>,CCCC#N,c1ccccc1,openff-2.3.0rc1,2,0.8269359394235327,0.0002237788474535,0.8318550000000002,5.8000000000000014e-05
32777,1592,dhmix_901910638840590393,437,EnthalpyOfMixing,<Substance CCCC#N{solv}{x=0.503700}|c1ccccc1{solv}{x=0.496300}>,CCCC#N,c1ccccc1,openff-2.3.0rc1,2,0.0319800578030324,0.0364288254897028,-0.0659,0.00145
32778,1593,dhmix_1123099162248680479,438,EnthalpyOfMixing,<Substance CCCC#N{solv}{x=0.752800}|c1ccccc1{solv}{x=0.247200}>,CCCC#N,c1ccccc1,openff-2.3.0rc1,2,-0.0376548998336261,0.0327823934022286,-0.0312,0.0008
32779,1594,dhmix_1318990508180847616,439,EnthalpyOfMixing,<Substance CCCC#N{solv}{x=0.252800}|c1ccccc1{solv}{x=0.747200}>,CCCC#N,c1ccccc1,openff-2.3.0rc1,2,0.0344960754063308,0.039061586117962,-0.0571,0.00125
32780,1595,dens_1950627772023797339,440,Density,<Substance CCCC#N{solv}{x=0.700000}|c1ccccc1{solv}{x=0.300000}>,CCCC#N,c1ccccc1,openff-2.3.0rc1,2,0.8067320828182007,0.0002637851157974,0.8138540000000002,6.100000000000001e-05
32781,1596,dhmix_207411229673186667,441,EnthalpyOfMixing,<Substance CC(C)(C)Cl{solv}{x=0.774700}|CC(C)OC(C)C{solv}{x=0.225300}>,CC(C)(C)Cl,CC(C)OC(C)C,openff-2.3.0rc1,2,-0.0692908844911137,0.0406227994754356,0.0035,0.0004
32782,1597,dhmix_263164663491745943,442,EnthalpyOfMixing,<Substance CC(C)(C)Cl{solv}{x=0.551200}|CC(C)OC(C)C{solv}{x=0.448800}>,CC(C)(C)Cl,CC(C)OC(C)C,openff-2.3.0rc1,2,-0.0179124573808628,0.0421801839709095,0.0071,0.0004
32783,1598,dens_1527979990628499053,443,Density,<Substance CC(C)(C)Cl{solv}{x=0.514800}|CC(C)OC(C)C{solv}{x=0.485200}>,CC(C)(C)Cl,CC(C)OC(C)C,openff-2.3.0rc1,2,0.7921483961569471,0.0002526570602027,0.7723510000000002,0.00042
32784,1599,dens_1616242241384486673,444,Density,<Substance CC(C)(C)Cl{solv}{x=0.715200}|CC(C)OC(C)C{solv}{x=0.284800}>,CC(C)(C)Cl,CC(C)OC(C)C,openff-2.3.0rc1,2,0.8166363139825764,0.0002822774057607,0.7971450000000002,0.0003945
32785,1600,dens_2075469437997722238,445,Density,<Substance CC(C)(C)Cl{solv}{x=0.199100}|CC(C)OC(C)C{solv}{x=0.800900}>,CC(C)(C)Cl,CC(C)OC(C)C,openff-2.3.0rc1,2,0.7565044482780091,0.0002582798483907,0.7376660000000003,0.0004545
32786,1601,dhmix_2101531043492089277,446,EnthalpyOfMixing,<Substance CC(C)(C)Cl{solv}{x=0.219200}|CC(C)OC(C)C{solv}{x=0.780800}>,CC(C)(C)Cl,CC(C)OC(C)C,openff-2.3.0rc1,2,-0.0832324121142491,0.0526760057540735,0.007,0.0004
32787,1602,dens_210389881425986721,447,Density,<Substance C1COCO1{solv}{x=0.785000}|CCCCCC(C)=O{solv}{x=0.215000}>,C1COCO1,CCCCCC(C)=O,openff-2.3.0rc1,2,0.9885066218708172,0.0002660837819593,0.9696500000000002,0.0003
32788,1603,dhmix_503329310014436107,448,EnthalpyOfMixing,<Substance C1COCO1{solv}{x=0.750000}|CCCCCC(C)=O{solv}{x=0.250000}>,C1COCO1,CCCCCC(C)=O,openff-2.3.0rc1,2,0.469820054456413,0.0384372514742236,0.37402,0.001955
32789,1604,dens_824084186033535550,449,Density,<Substance C1COCO1{solv}{x=0.507100}|CCCCCC(C)=O{solv}{x=0.492900}>,C1COCO1,CCCCCC(C)=O,openff-2.3.0rc1,2,0.897356347618623,0.0002076048004719,0.8936300000000003,0.00034
32790,1605,dens_839548343309182157,450,Density,<Substance C1COCO1{solv}{x=0.244000}|CCCCCC(C)=O{solv}{x=0.756000}>,C1COCO1,CCCCCC(C)=O,openff-2.3.0rc1,2,0.8387527915686278,0.0002080272177602,0.8445200000000002,0.00038
32791,1606,dhmix_1519451899562488304,451,EnthalpyOfMixing,<Substance C1COCO1{solv}{x=0.250000}|CCCCCC(C)=O{solv}{x=0.750000}>,C1COCO1,CCCCCC(C)=O,openff-2.3.0rc1,2,0.374172222583141,0.0474613866922541,0.2754,0.00155
32792,1607,dhmix_1874814461447958752,452,EnthalpyOfMixing,<Substance C1COCO1{solv}{x=0.500000}|CCCCCC(C)=O{solv}{x=0.500000}>,C1COCO1,CCCCCC(C)=O,openff-2.3.0rc1,2,0.5524580153029319,0.0326680376908387,0.43148,0.00217
32793,1608,dhmix_219236717194413479,453,EnthalpyOfMixing,<Substance CCOc1ccccc1{solv}{x=0.762500}|OCCCc1ccccc1{solv}{x=0.237500}>,CCOc1ccccc1,OCCCc1ccccc1,openff-2.3.0rc1,2,0.910792082861704,0.0481683697267579,1.1164,0.01195
32794,1609,dens_391027492102555874,454,Density,<Substance CCOc1ccccc1{solv}{x=0.515000}|OCCCc1ccccc1{solv}{x=0.485000}>,CCOc1ccccc1,OCCCc1ccccc1,openff-2.3.0rc1,2,0.9707814439136808,0.0001432361100311,0.9715100000000002,0.00026
32795,1610,dens_603450583692592837,455,Density,<Substance CCOc1ccccc1{solv}{x=0.707400}|OCCCc1ccccc1{solv}{x=0.292600}>,CCOc1ccccc1,OCCCc1ccccc1,openff-2.3.0rc1,2,0.9632192337175728,0.0002002040375478,0.9634300000000002,0.00026
32796,1611,dhmix_1297428070131435744,456,EnthalpyOfMixing,<Substance CCOc1ccccc1{solv}{x=0.516900}|OCCCc1ccccc1{solv}{x=0.483100}>,CCOc1ccccc1,OCCCc1ccccc1,openff-2.3.0rc1,2,0.9049014158328532,0.0489947346006885,0.989,0.0106
32797,1612,dens_1659818614169719187,457,Density,<Substance CCOc1ccccc1{solv}{x=0.216400}|OCCCc1ccccc1{solv}{x=0.783600}>,CCOc1ccccc1,OCCCc1ccccc1,openff-2.3.0rc1,2,0.9811668694018773,0.0002271001222167,0.9832000000000004,0.00026
32798,1613,dhmix_2058966624473104004,458,EnthalpyOfMixing,<Substance CCOc1ccccc1{solv}{x=0.262900}|OCCCc1ccccc1{solv}{x=0.737100}>,CCOc1ccccc1,OCCCc1ccccc1,openff-2.3.0rc1,2,0.721949276943775,0.0512005233214962,0.7,0.00755
32799,1614,dhmix_224977805525763267,459,EnthalpyOfMixing,<Substance OCCO{solv}{x=0.519300}|O{solv}{x=0.480700}>,O,OCCO,openff-2.3.0rc1,2,0.1678275711135937,0.0298206126411741,-0.64,0.0035
32800,1615,dhmix_454389511592218960,460,EnthalpyOfMixing,<Substance OCCO{solv}{x=0.790900}|O{solv}{x=0.209100}>,O,OCCO,openff-2.3.0rc1,2,-0.0324751750688783,0.0350121540376638,-0.347,0.0025
32801,1616,dens_624011570206871166,461,Density,<Substance OCCO{solv}{x=0.500560}|O{solv}{x=0.499440}>,O,OCCO,openff-2.3.0rc1,2,1.1013207385580883,0.0003616873126731,1.0923200000000002,0.0005
32802,1617,dhmix_997365299263661959,462,EnthalpyOfMixing,<Substance OCCO{solv}{x=0.205100}|O{solv}{x=0.794900}>,O,OCCO,openff-2.3.0rc1,2,0.1766649942184557,0.0234318220013088,-0.681,0.004
32803,1618,dens_1521229282261002740,463,Density,<Substance OCCO{solv}{x=0.299010}|O{solv}{x=0.700990}>,O,OCCO,openff-2.3.0rc1,2,1.0734213194804885,0.0002980024359201,1.0735400000000002,0.0005
32804,1619,dens_2015496231826454735,464,Density,<Substance OCCO{solv}{x=0.706260}|O{solv}{x=0.293740}>,O,OCCO,openff-2.3.0rc1,2,1.119003817546487,0.0003273687045036,1.1022400000000003,0.0005
32805,1620,dhmix_230261418136264651,465,EnthalpyOfMixing,<Substance CCCCOC(C)=O{solv}{x=0.700700}|CCOC(C)=O{solv}{x=0.299300}>,CCCCOC(C)=O,CCOC(C)=O,openff-2.3.0rc1,2,-0.0843461900840054,0.0439308239742586,0.0594,0.001
32806,1621,dhmix_287092636460772443,466,EnthalpyOfMixing,<Substance CCCCOC(C)=O{solv}{x=0.501800}|CCOC(C)=O{solv}{x=0.498200}>,CCCCOC(C)=O,CCOC(C)=O,openff-2.3.0rc1,2,0.0864651880845315,0.0417917356481371,0.076,0.0012
32807,1622,dens_436289636626232396,467,Density,<Substance CCCCOC(C)=O{solv}{x=0.501800}|CCOC(C)=O{solv}{x=0.498200}>,CCCCOC(C)=O,CCOC(C)=O,openff-2.3.0rc1,2,0.8898809326848255,0.0002306389611804,0.8829000000000002,0.0002
32808,1623,dens_1739528506032569134,468,Density,<Substance CCCCOC(C)=O{solv}{x=0.201200}|CCOC(C)=O{solv}{x=0.798800}>,CCCCOC(C)=O,CCOC(C)=O,openff-2.3.0rc1,2,0.898335924928259,0.0002260607488821,0.8889000000000001,0.0002
32809,1624,dhmix_1951544232160779982,469,EnthalpyOfMixing,<Substance CCCCOC(C)=O{solv}{x=0.201200}|CCOC(C)=O{solv}{x=0.798800}>,CCCCOC(C)=O,CCOC(C)=O,openff-2.3.0rc1,2,0.0178765974480796,0.0409150774886759,0.0524,0.0009
32810,1625,dens_2199004103648094822,470,Density,<Substance CCCCOC(C)=O{solv}{x=0.700700}|CCOC(C)=O{solv}{x=0.299300}>,CCCCOC(C)=O,CCOC(C)=O,openff-2.3.0rc1,2,0.8852115457039362,0.0002185577522271,0.8797000000000003,0.0002
32811,1626,dens_230610561971140401,471,Density,<Substance CN(C)CCO{solv}{x=0.507700}|O{solv}{x=0.492300}>,CN(C)CCO,O,openff-2.3.0rc1,2,0.9317627724987216,0.0002475231072797,0.9237220000000002,0.000504
32812,1627,dens_531222131704065782,472,Density,<Substance CN(C)CCO{solv}{x=0.765200}|O{solv}{x=0.234800}>,CN(C)CCO,O,openff-2.3.0rc1,2,0.9187193434660456,0.0002577121502051,0.8989030000000002,0.0005805
32813,1628,dhmix_569544738684419327,473,EnthalpyOfMixing,<Substance CN(C)CCO{solv}{x=0.536500}|O{solv}{x=0.463500}>,CN(C)CCO,O,openff-2.3.0rc1,2,-2.020269588062021,0.0368279568123487,-2.575,0.0525
32814,1629,dens_1319192913326669904,474,Density,<Substance CN(C)CCO{solv}{x=0.264330}|O{solv}{x=0.735670}>,CN(C)CCO,O,openff-2.3.0rc1,2,0.948627689228866,0.000305184782249,0.9590000000000002,0.0029
32815,1630,dhmix_1669606825693628140,475,EnthalpyOfMixing,<Substance CN(C)CCO{solv}{x=0.205200}|O{solv}{x=0.794800}>,CN(C)CCO,O,openff-2.3.0rc1,2,-1.333161624240757,0.0251001046056064,-2.587,0.0525
32816,1631,dhmix_1723343163215510297,476,EnthalpyOfMixing,<Substance CN(C)CCO{solv}{x=0.799600}|O{solv}{x=0.200400}>,CN(C)CCO,O,openff-2.3.0rc1,2,-1.1150398182186905,0.0380338592255851,-1.247,0.0255
32817,1632,dens_233554406241639981,477,Density,<Substance CC(C)CC(C)(C)C{solv}{x=0.200000}|CCCCOCCCC{solv}{x=0.800000}>,CC(C)CC(C)(C)C,CCCCOCCCC,openff-2.3.0rc1,2,0.7490392684914341,0.0001983998182338,0.7497500000000001,0.00017
32818,1633,dhmix_465541682585001245,478,EnthalpyOfMixing,<Substance CC(C)CC(C)(C)C{solv}{x=0.200400}|CCCCOCCCC{solv}{x=0.799600}>,CC(C)CC(C)(C)C,CCCCOCCCC,openff-2.3.0rc1,2,0.2432987423713939,0.0582454916879259,0.07397,0.00099
32819,1634,dhmix_1505777056782392294,479,EnthalpyOfMixing,<Substance CC(C)CC(C)(C)C{solv}{x=0.400400}|CCCCOCCCC{solv}{x=0.599600}>,CC(C)CC(C)(C)C,CCCCOCCCC,openff-2.3.0rc1,2,0.162547521664095,0.0486414297689129,0.11538,0.001385
32820,1635,dhmix_1595104467389948583,480,EnthalpyOfMixing,<Substance CC(C)CC(C)(C)C{solv}{x=0.700500}|CCCCOCCCC{solv}{x=0.299500}>,CC(C)CC(C)(C)C,CCCCOCCCC,openff-2.3.0rc1,2,0.3049404875122548,0.0537079261752232,0.10948,0.00133
32821,1636,dens_1672861274914038509,481,Density,<Substance CC(C)CC(C)(C)C{solv}{x=0.399700}|CCCCOCCCC{solv}{x=0.600300}>,CC(C)CC(C)(C)C,CCCCOCCCC,openff-2.3.0rc1,2,0.737910224628833,0.0001767850422472,0.7348100000000001,0.000175
32822,1637,dens_1954694146948787176,482,Density,<Substance CC(C)CC(C)(C)C{solv}{x=0.700000}|CCCCOCCCC{solv}{x=0.300000}>,CC(C)CC(C)(C)C,CCCCOCCCC,openff-2.3.0rc1,2,0.7211551179210385,0.0002051374955878,0.7117300000000002,0.000185
32823,1638,dens_234746850701826990,483,Density,<Substance CC#N{solv}{x=0.700000}|CCCCCO{solv}{x=0.300000}>,CC#N,CCCCCO,openff-2.3.0rc1,2,0.7895630099727813,0.0002760301187976,0.7924200000000001,0.000165
32824,1639,dens_1261543146081029601,484,Density,<Substance CC#N{solv}{x=0.500300}|CCCCCO{solv}{x=0.499700}>,CC#N,CCCCCO,openff-2.3.0rc1,2,0.7988440461241322,0.0002519679255478,0.7996400000000001,0.000185
32825,1640,dens_1462197010819319813,485,Density,<Substance CC#N{solv}{x=0.203100}|CCCCCO{solv}{x=0.796900}>,CC#N,CCCCCO,openff-2.3.0rc1,2,0.8094735514508301,0.0002318121150339,0.8090600000000001,0.00022
32826,1641,dhmix_1595997756227951615,486,EnthalpyOfMixing,<Substance CC#N{solv}{x=0.235500}|CCCCCO{solv}{x=0.764500}>,CC#N,CCCCCO,openff-2.3.0rc1,2,1.5401288188782305,0.0441791177592257,1.451,0.006
32827,1642,dhmix_1745037615762894827,487,EnthalpyOfMixing,<Substance CC#N{solv}{x=0.516700}|CCCCCO{solv}{x=0.483300}>,CC#N,CCCCCO,openff-2.3.0rc1,2,2.1709648402369304,0.0380817086910972,2.017,0.008
32828,1643,dhmix_2294048253872291609,488,EnthalpyOfMixing,<Substance CC#N{solv}{x=0.771100}|CCCCCO{solv}{x=0.228900}>,CC#N,CCCCCO,openff-2.3.0rc1,2,1.6414976598579385,0.0320999619973714,1.656,0.007
32829,1644,dens_237912652331354824,489,Density,<Substance C1COCCO1{solv}{x=0.512200}|CCCC(C)=O{solv}{x=0.487800}>,C1COCCO1,CCCC(C)=O,openff-2.3.0rc1,2,0.8984665075345345,0.0002223129387579,0.90478,0.00023
32830,1645,dhmix_951401191616771155,490,EnthalpyOfMixing,<Substance C1COCCO1{solv}{x=0.750000}|CCCC(C)=O{solv}{x=0.250000}>,C1COCCO1,CCCC(C)=O,openff-2.3.0rc1,2,0.2333387499828489,0.0403912092230782,0.23761,0.00135
32831,1646,dens_1815088975543208186,491,Density,<Substance C1COCCO1{solv}{x=0.225400}|CCCC(C)=O{solv}{x=0.774600}>,C1COCCO1,CCCC(C)=O,openff-2.3.0rc1,2,0.8314671831389125,0.0002547126511505,0.8442800000000001,0.00022
32832,1647,dens_2079717107234551519,492,Density,<Substance C1COCCO1{solv}{x=0.782300}|CCCC(C)=O{solv}{x=0.217700}>,C1COCCO1,CCCC(C)=O,openff-2.3.0rc1,2,0.9700717599250872,0.0002601884109826,0.9692000000000004,0.000245
32833,1648,dhmix_2166059870593139530,493,EnthalpyOfMixing,<Substance C1COCCO1{solv}{x=0.500000}|CCCC(C)=O{solv}{x=0.500000}>,C1COCCO1,CCCC(C)=O,openff-2.3.0rc1,2,0.3553356604362818,0.0396006393432409,0.26523,0.001455
32834,1649,dhmix_2196150660196365471,494,EnthalpyOfMixing,<Substance C1COCCO1{solv}{x=0.250000}|CCCC(C)=O{solv}{x=0.750000}>,C1COCCO1,CCCC(C)=O,openff-2.3.0rc1,2,0.1601007136185614,0.0455462509986773,0.1704,0.001085
32835,1650,dhmix_243334109655928306,495,EnthalpyOfMixing,<Substance C1CCOCC1{solv}{x=0.783200}|c1ccccc1{solv}{x=0.216800}>,C1CCOCC1,c1ccccc1,openff-2.3.0rc1,2,-0.0757214035850637,0.0332719699954347,-0.1399,0.00165
32836,1651,dens_257753427541292519,496,Density,<Substance C1CCOCC1{solv}{x=0.479400}|c1ccccc1{solv}{x=0.520600}>,C1CCOCC1,c1ccccc1,openff-2.3.0rc1,2,0.8762901923549211,0.0002597425832988,0.8778700000000003,0.000505
32837,1652,dhmix_604341867718608333,497,EnthalpyOfMixing,<Substance C1CCOCC1{solv}{x=0.242500}|c1ccccc1{solv}{x=0.757500}>,C1CCOCC1,c1ccccc1,openff-2.3.0rc1,2,-0.0569848061334852,0.0350524765441783,-0.1608,0.00185
32838,1653,dens_791001710124267373,498,Density,<Substance C1CCOCC1{solv}{x=0.223900}|c1ccccc1{solv}{x=0.776100}>,C1CCOCC1,c1ccccc1,openff-2.3.0rc1,2,0.8779179071736254,0.000260741860774,0.8761000000000002,0.0005
32839,1654,dens_1402061243325720407,499,Density,<Substance C1CCOCC1{solv}{x=0.743200}|c1ccccc1{solv}{x=0.256800}>,C1CCOCC1,c1ccccc1,openff-2.3.0rc1,2,0.8742290644071355,0.0002540299441948,0.8789500000000002,0.000505
32840,1655,dhmix_1407142629314355761,500,EnthalpyOfMixing,<Substance C1CCOCC1{solv}{x=0.498200}|c1ccccc1{solv}{x=0.501800}>,C1CCOCC1,c1ccccc1,openff-2.3.0rc1,2,-0.0446090858161625,0.0420663410717913,-0.2365,0.00265
32841,1656,dhmix_266800455813556356,501,EnthalpyOfMixing,<Substance CO{solv}{x=0.727200}|OCc1ccccc1{solv}{x=0.272800}>,CO,OCc1ccccc1,openff-2.3.0rc1,2,0.0075098751659155,0.0325931671407253,-0.0792,0.001
32842,1657,dhmix_949671607207910651,502,EnthalpyOfMixing,<Substance CO{solv}{x=0.500500}|OCc1ccccc1{solv}{x=0.499500}>,CO,OCc1ccccc1,openff-2.3.0rc1,2,-0.0897661599974881,0.0358976102766876,-0.1408,0.00165
32843,1658,dhmix_1388744759732522219,503,EnthalpyOfMixing,<Substance CO{solv}{x=0.200200}|OCc1ccccc1{solv}{x=0.799800}>,CO,OCc1ccccc1,openff-2.3.0rc1,2,-0.0358961796511181,0.0528322417126602,-0.1081,0.0013
32844,1659,dens_270046772857960816,504,Density,<Substance C1CCOCC1{solv}{x=0.732100}|Cc1ccccc1{solv}{x=0.267900}>,C1CCOCC1,Cc1ccccc1,openff-2.3.0rc1,2,0.869909848402004,0.0002312154591323,0.8754100000000001,0.000505
32845,1660,dens_324774743687652276,505,Density,<Substance C1CCOCC1{solv}{x=0.238700}|Cc1ccccc1{solv}{x=0.761300}>,C1CCOCC1,Cc1ccccc1,openff-2.3.0rc1,2,0.8643145053418826,0.0002196476752138,0.8669900000000003,0.000505
32846,1661,dhmix_390107187187002597,506,EnthalpyOfMixing,<Substance C1CCOCC1{solv}{x=0.531900}|Cc1ccccc1{solv}{x=0.468100}>,C1CCOCC1,Cc1ccccc1,openff-2.3.0rc1,2,-0.1451053830729449,0.0419294585864505,-0.2225,0.0025
32847,1662,dhmix_1070320975529400325,507,EnthalpyOfMixing,<Substance C1CCOCC1{solv}{x=0.280600}|Cc1ccccc1{solv}{x=0.719400}>,C1CCOCC1,Cc1ccccc1,openff-2.3.0rc1,2,-0.1553609628146262,0.0347722068586423,-0.1687,0.00195
32848,1663,dens_1397318239527979287,508,Density,<Substance C1CCOCC1{solv}{x=0.491500}|Cc1ccccc1{solv}{x=0.508500}>,C1CCOCC1,Cc1ccccc1,openff-2.3.0rc1,2,0.8672546228712235,0.0002337589453227,0.8715100000000002,0.000505
32849,1664,dhmix_1508130989501940613,509,EnthalpyOfMixing,<Substance C1CCOCC1{solv}{x=0.741300}|Cc1ccccc1{solv}{x=0.258700}>,C1CCOCC1,Cc1ccccc1,openff-2.3.0rc1,2,-0.0647164992730466,0.0439248354602293,-0.1629,0.0019
32850,1665,dhmix_271732469428717581,510,EnthalpyOfMixing,<Substance COc1ccccc1{solv}{x=0.237400}|OCCCc1ccccc1{solv}{x=0.762600}>,COc1ccccc1,OCCCc1ccccc1,openff-2.3.0rc1,2,0.3714081069187074,0.044943240070835,0.6076,0.0066
32851,1666,dhmix_1174392275991455181,511,EnthalpyOfMixing,<Substance COc1ccccc1{solv}{x=0.554700}|OCCCc1ccccc1{solv}{x=0.445300}>,COc1ccccc1,OCCCc1ccccc1,openff-2.3.0rc1,2,1.0138803140735604,0.0591477940638473,1.0293,0.01105
32852,1667,dhmix_1179341622676685107,512,EnthalpyOfMixing,<Substance COc1ccccc1{solv}{x=0.713600}|OCCCc1ccccc1{solv}{x=0.286400}>,COc1ccccc1,OCCCc1ccccc1,openff-2.3.0rc1,2,0.993156849308548,0.0479801447205085,1.1088,0.0119
32853,1668,dens_1468428612899754720,513,Density,<Substance COc1ccccc1{solv}{x=0.747700}|OCCCc1ccccc1{solv}{x=0.252300}>,COc1ccccc1,OCCCc1ccccc1,openff-2.3.0rc1,2,0.9794663641309544,0.0001467906116891,0.9827800000000002,0.00026
32854,1669,dens_1534619098234859574,514,Density,<Substance COc1ccccc1{solv}{x=0.555100}|OCCCc1ccccc1{solv}{x=0.444900}>,COc1ccccc1,OCCCc1ccccc1,openff-2.3.0rc1,2,0.9818331989863056,0.0001423381626636,0.9852700000000002,0.00026
32855,1670,dens_2298154173340539222,515,Density,<Substance COc1ccccc1{solv}{x=0.263600}|OCCCc1ccccc1{solv}{x=0.736400}>,COc1ccccc1,OCCCc1ccccc1,openff-2.3.0rc1,2,0.9864534148516813,0.0002979463941581,0.9885500000000002,0.00026
32856,1671,dens_274848672468745759,516,Density,<Substance CCCCOC(C)=O{solv}{x=0.293400}|c1ccccc1{solv}{x=0.706600}>,CCCCOC(C)=O,c1ccccc1,openff-2.3.0rc1,2,0.8779313668973834,0.0002421490925753,0.8736600000000002,0.00021
32857,1672,dens_493354132810710227,517,Density,<Substance CCCCOC(C)=O{solv}{x=0.710500}|c1ccccc1{solv}{x=0.289500}>,CCCCOC(C)=O,c1ccccc1,openff-2.3.0rc1,2,0.8787204375270435,0.0002031361795968,0.8751500000000002,0.000335
32858,1673,dhmix_754807126845437364,518,EnthalpyOfMixing,<Substance CCCCOC(C)=O{solv}{x=0.495800}|c1ccccc1{solv}{x=0.504200}>,CCCCOC(C)=O,c1ccccc1,openff-2.3.0rc1,2,-0.0302304662055767,0.0352688839555127,-0.0245,0.001
32859,1674,dens_834118541551127044,519,Density,<Substance CCCCOC(C)=O{solv}{x=0.504400}|c1ccccc1{solv}{x=0.495600}>,CCCCOC(C)=O,c1ccccc1,openff-2.3.0rc1,2,0.8782858984916797,0.0002081972135912,0.8744300000000002,0.000265
32860,1675,dhmix_1349932525480083284,520,EnthalpyOfMixing,<Substance CCCCOC(C)=O{solv}{x=0.252300}|c1ccccc1{solv}{x=0.747700}>,CCCCOC(C)=O,c1ccccc1,openff-2.3.0rc1,2,-0.1603017213657409,0.0410838405714866,-0.014,0.0009
32861,1676,dhmix_1597992980658352112,521,EnthalpyOfMixing,<Substance CCCCOC(C)=O{solv}{x=0.771400}|c1ccccc1{solv}{x=0.228600}>,CCCCOC(C)=O,c1ccccc1,openff-2.3.0rc1,2,-0.0766965089640283,0.0508265916100183,-0.0245,0.001
32862,1677,dens_275501958869207518,522,Density,<Substance C1CCOCC1{solv}{x=0.226300}|Cc1ccccc1Cl{solv}{x=0.773700}>,C1CCOCC1,Cc1ccccc1Cl,openff-2.3.0rc1,2,1.0419670054287953,0.0002486536889558,1.0396,0.0005
32863,1678,dhmix_818597523255588519,523,EnthalpyOfMixing,<Substance C1CCOCC1{solv}{x=0.753300}|Cc1ccccc1Cl{solv}{x=0.246700}>,C1CCOCC1,Cc1ccccc1Cl,openff-2.3.0rc1,2,-0.3307961788637925,0.044515849806178,-0.154,0.001
32864,1679,dhmix_849121557716978550,524,EnthalpyOfMixing,<Substance C1CCOCC1{solv}{x=0.517500}|Cc1ccccc1Cl{solv}{x=0.482500}>,C1CCOCC1,Cc1ccccc1Cl,openff-2.3.0rc1,2,-0.313155371742539,0.0408131941004413,-0.22,0.0015
32865,1680,dens_946978292781731327,525,Density,<Substance C1CCOCC1{solv}{x=0.478400}|Cc1ccccc1Cl{solv}{x=0.521600}>,C1CCOCC1,Cc1ccccc1Cl,openff-2.3.0rc1,2,0.993175731519956,0.0002180472830812,0.9931600000000002,0.00051
32866,1681,dhmix_997266220336132741,526,EnthalpyOfMixing,<Substance C1CCOCC1{solv}{x=0.263200}|Cc1ccccc1Cl{solv}{x=0.736800}>,C1CCOCC1,Cc1ccccc1Cl,openff-2.3.0rc1,2,-0.2536248068786193,0.044806806363482,-0.175,0.001
32867,1682,dens_1191185394819541532,527,Density,<Substance C1CCOCC1{solv}{x=0.765800}|Cc1ccccc1Cl{solv}{x=0.234200}>,C1CCOCC1,Cc1ccccc1Cl,openff-2.3.0rc1,2,0.9293890626579712,0.0002438705805105,0.9336500000000002,0.000505
32868,1683,dhmix_278334692660393021,528,EnthalpyOfMixing,<Substance CCCCCCC{solv}{x=0.205900}|CNc1ccccc1{solv}{x=0.794100}>,CCCCCCC,CNc1ccccc1,openff-2.3.0rc1,2,1.6326713175908267,0.0571532867154327,1.126,0.012
32869,1684,dens_480658478095207102,529,Density,<Substance CCCCCCC{solv}{x=0.740500}|CNc1ccccc1{solv}{x=0.259500}>,CCCCCCC,CNc1ccccc1,openff-2.3.0rc1,2,0.7354010168466572,0.0001781576077364,0.7424910000000001,0.00014
32870,1685,dhmix_898293423987680187,530,EnthalpyOfMixing,<Substance CCCCCCC{solv}{x=0.501700}|CNc1ccccc1{solv}{x=0.498300}>,CCCCCCC,CNc1ccccc1,openff-2.3.0rc1,2,2.0486740606662863,0.0411982800751699,1.676,0.018
32871,1686,dens_1509968737377061562,531,Density,<Substance CCCCCCC{solv}{x=0.250900}|CNc1ccccc1{solv}{x=0.749100}>,CCCCCCC,CNc1ccccc1,openff-2.3.0rc1,2,0.8935237861108658,0.0001687838557303,0.8897150000000003,0.0002615
32872,1687,dhmix_1680546488782143957,532,EnthalpyOfMixing,<Substance CCCCCCC{solv}{x=0.703200}|CNc1ccccc1{solv}{x=0.296800}>,CCCCCCC,CNc1ccccc1,openff-2.3.0rc1,2,1.826812188851875,0.0519429043915731,1.539,0.0165
32873,1688,dens_2074014246120135820,533,Density,<Substance CCCCCCC{solv}{x=0.497000}|CNc1ccccc1{solv}{x=0.503000}>,CCCCCCC,CNc1ccccc1,openff-2.3.0rc1,2,0.8079914551258038,0.0002034029925139,0.8106920000000002,0.0001785
32874,1689,dens_296890921001565391,534,Density,<Substance CCCCN{solv}{x=0.755200}|CN(C)C=O{solv}{x=0.244800}>,CCCCN,CN(C)C=O,openff-2.3.0rc1,2,0.784899384619817,0.0001714210242242,0.7762150000000002,0.000949
32875,1690,dens_380536870617309130,535,Density,<Substance CCCCN{solv}{x=0.242800}|CN(C)C=O{solv}{x=0.757200}>,CCCCN,CN(C)C=O,openff-2.3.0rc1,2,0.872245700921066,0.000181255443769,0.8845160000000002,0.0010795
32876,1691,dhmix_493117160214491795,536,EnthalpyOfMixing,<Substance CCCCN{solv}{x=0.244100}|CN(C)C=O{solv}{x=0.755900}>,CCCCN,CN(C)C=O,openff-2.3.0rc1,2,0.1130705804081273,0.0371764247387308,0.245,0.008
32877,1692,dhmix_789225002934078019,537,EnthalpyOfMixing,<Substance CCCCN{solv}{x=0.750200}|CN(C)C=O{solv}{x=0.249800}>,CCCCN,CN(C)C=O,openff-2.3.0rc1,2,0.1135340622445326,0.0412681536365639,0.32,0.01
32878,1693,dhmix_941321571782058819,538,EnthalpyOfMixing,<Substance CCCCN{solv}{x=0.499200}|CN(C)C=O{solv}{x=0.500800}>,CCCCN,CN(C)C=O,openff-2.3.0rc1,2,0.1648455898084648,0.035800733728633,0.384,0.0115
32879,1694,dens_2179361372918836941,539,Density,<Substance CCCCN{solv}{x=0.497200}|CN(C)C=O{solv}{x=0.502800}>,CCCCN,CN(C)C=O,openff-2.3.0rc1,2,0.8272512492090864,0.0002447463525952,0.8277360000000001,0.001011
32880,1695,dens_300257448272323407,540,Density,<Substance CC(C)O{solv}{x=0.745200}|NCCN{solv}{x=0.254800}>,CC(C)O,NCCN,openff-2.3.0rc1,2,0.8433372884955047,0.0002344073973334,0.8163970000000003,0.0002325
32881,1696,dens_924750366683277351,541,Density,<Substance CC(C)O{solv}{x=0.203100}|NCCN{solv}{x=0.796900}>,CC(C)O,NCCN,openff-2.3.0rc1,2,0.9463022027196868,0.0002748820308986,0.8736620000000003,0.0002225
32882,1697,dens_2284409308160572308,542,Density,<Substance CC(C)O{solv}{x=0.489100}|NCCN{solv}{x=0.510900}>,CC(C)O,NCCN,openff-2.3.0rc1,2,0.8893504021367014,0.0002507992213335,0.8449250000000001,0.0002245
32883,1698,dens_305501840068636812,543,Density,<Substance CC(C)=O{solv}{x=0.750000}|CCO{solv}{x=0.250000}>,CC(C)=O,CCO,openff-2.3.0rc1,2,0.7748541554452357,0.0002974365802587,0.7859000000000002,0.000115
32884,1699,dens_472577738907297293,544,Density,<Substance CC(C)=O{solv}{x=0.250000}|CCO{solv}{x=0.750000}>,CC(C)=O,CCO,openff-2.3.0rc1,2,0.784080616697331,0.000235957207343,0.7861600000000002,0.000115
32885,1700,dens_2271083741716457850,545,Density,<Substance CC(C)=O{solv}{x=0.499900}|CCO{solv}{x=0.500100}>,CC(C)=O,CCO,openff-2.3.0rc1,2,0.778922114441002,0.0003126397240957,0.7861900000000003,0.000115
32886,1701,dens_307445163336341047,546,Density,<Substance CN1CCCC1=O{solv}{x=0.703700}|ClCCCl{solv}{x=0.296300}>,CN1CCCC1=O,ClCCCl,openff-2.3.0rc1,2,1.0651235281429847,0.0002651941271669,1.0851000000000002,0.0002
32887,1702,dhmix_453866769634566853,547,EnthalpyOfMixing,<Substance CN1CCCC1=O{solv}{x=0.253100}|ClCCCl{solv}{x=0.746900}>,CN1CCCC1=O,ClCCCl,openff-2.3.0rc1,2,-0.3459772940076018,0.036408435734073,-0.8118,0.01525
32888,1703,dhmix_536206650470008584,548,EnthalpyOfMixing,<Substance CN1CCCC1=O{solv}{x=0.500000}|ClCCCl{solv}{x=0.500000}>,CN1CCCC1=O,ClCCCl,openff-2.3.0rc1,2,-0.4469615396919018,0.0358594604144774,-1.264,0.0055
32889,1704,dens_1046625605566999080,549,Density,<Substance CN1CCCC1=O{solv}{x=0.202500}|ClCCCl{solv}{x=0.797500}>,CN1CCCC1=O,ClCCCl,openff-2.3.0rc1,2,1.1736940471660022,0.0004016126728792,1.1953000000000005,0.00025
32890,1705,dhmix_1620571823529677157,550,EnthalpyOfMixing,<Substance CN1CCCC1=O{solv}{x=0.736700}|ClCCCl{solv}{x=0.263300}>,CN1CCCC1=O,ClCCCl,openff-2.3.0rc1,2,-0.3209221249606138,0.0441691416445089,-0.8587,0.01605
32891,1706,dens_2059567022041766694,551,Density,<Substance CN1CCCC1=O{solv}{x=0.497500}|ClCCCl{solv}{x=0.502500}>,CN1CCCC1=O,ClCCCl,openff-2.3.0rc1,2,1.1105733175034949,0.0002364532803334,1.1283000000000003,0.0002
32892,1707,dens_313234519309892479,552,Density,<Substance CC(=O)N(C)C{solv}{x=0.293800}|CCCCCCCCCl{solv}{x=0.706200}>,CC(=O)N(C)C,CCCCCCCCCl,openff-2.3.0rc1,2,0.8671746342505768,0.0002181092407596,0.8796000000000003,0.00045
32893,1708,dhmix_444785917463403590,553,EnthalpyOfMixing,<Substance CC(=O)N(C)C{solv}{x=0.703000}|CCCCCCCCCl{solv}{x=0.297000}>,CC(=O)N(C)C,CCCCCCCCCl,openff-2.3.0rc1,2,1.0119342608294062,0.0435681909497936,0.751,0.004
32894,1709,dhmix_705168937124106402,554,EnthalpyOfMixing,<Substance CC(=O)N(C)C{solv}{x=0.215000}|CCCCCCCCCl{solv}{x=0.785000}>,CC(=O)N(C)C,CCCCCCCCCl,openff-2.3.0rc1,2,0.8416139209302855,0.0433241743171103,0.519,0.0035
32895,1710,dens_1549584991651515376,555,Density,<Substance CC(=O)N(C)C{solv}{x=0.502200}|CCCCCCCCCl{solv}{x=0.497800}>,CC(=O)N(C)C,CCCCCCCCCl,openff-2.3.0rc1,2,0.873852201789059,0.0002304947269722,0.8902000000000002,0.0004
32896,1711,dhmix_1732161251827083272,556,EnthalpyOfMixing,<Substance CC(=O)N(C)C{solv}{x=0.508000}|CCCCCCCCCl{solv}{x=0.492000}>,CC(=O)N(C)C,CCCCCCCCCl,openff-2.3.0rc1,2,1.0318889963365905,0.0439178341875893,0.829,0.004
32897,1712,dens_2189889607118243828,557,Density,<Substance CC(=O)N(C)C{solv}{x=0.700500}|CCCCCCCCCl{solv}{x=0.299500}>,CC(=O)N(C)C,CCCCCCCCCl,openff-2.3.0rc1,2,0.8826748915946363,0.0001552314017598,0.9041000000000002,0.00035
32898,1713,dens_314482396827660717,558,Density,<Substance BrCCBr{solv}{x=0.753700}|COC(C)=O{solv}{x=0.246300}>,BrCCBr,COC(C)=O,openff-2.3.0rc1,2,1.844946328660511,0.0006763721696169,1.8774400000000004,0.003355
32899,1714,dens_344993892965738820,559,Density,<Substance BrCCBr{solv}{x=0.275200}|COC(C)=O{solv}{x=0.724800}>,BrCCBr,COC(C)=O,openff-2.3.0rc1,2,1.282524807155166,0.0003978502138842,1.2862400000000005,0.001125
32900,1715,dhmix_545996968666061076,560,EnthalpyOfMixing,<Substance BrCCBr{solv}{x=0.720900}|COC(C)=O{solv}{x=0.279100}>,BrCCBr,COC(C)=O,openff-2.3.0rc1,2,0.0680589003988663,0.0368354301969117,0.2594,0.0028
32901,1716,dens_714044009336077786,561,Density,<Substance BrCCBr{solv}{x=0.512100}|COC(C)=O{solv}{x=0.487900}>,BrCCBr,COC(C)=O,openff-2.3.0rc1,2,1.5696761326383395,0.0005097152934791,1.5834900000000005,0.0021
32902,1717,dhmix_1222511035002547253,562,EnthalpyOfMixing,<Substance BrCCBr{solv}{x=0.485500}|COC(C)=O{solv}{x=0.514500}>,BrCCBr,COC(C)=O,openff-2.3.0rc1,2,0.1706759496962782,0.0305354465975612,0.2577,0.00275
32903,1718,dhmix_1418101673429653456,563,EnthalpyOfMixing,<Substance BrCCBr{solv}{x=0.250800}|COC(C)=O{solv}{x=0.749200}>,BrCCBr,COC(C)=O,openff-2.3.0rc1,2,0.1668750224820314,0.0279587791811831,0.1202,0.0017
32904,1719,dens_314934747194338330,564,Density,<Substance CC(C)CCl{solv}{x=0.513700}|CC(C)OC(C)C{solv}{x=0.486300}>,CC(C)CCl,CC(C)OC(C)C,openff-2.3.0rc1,2,0.7936923432312334,0.0002555953955023,0.7878250000000002,0.000405
32905,1720,dhmix_355399496844187096,565,EnthalpyOfMixing,<Substance CC(C)CCl{solv}{x=0.545300}|CC(C)OC(C)C{solv}{x=0.454700}>,CC(C)CCl,CC(C)OC(C)C,openff-2.3.0rc1,2,-0.1909629609664946,0.0406052560078135,-0.0957,0.0012
32906,1721,dens_688062365117407068,566,Density,<Substance CC(C)CCl{solv}{x=0.805900}|CC(C)OC(C)C{solv}{x=0.194100}>,CC(C)CCl,CC(C)OC(C)C,openff-2.3.0rc1,2,0.8308363126751341,0.0003091941646468,0.8355300000000002,0.0003555
32907,1722,dhmix_1411881046585885461,567,EnthalpyOfMixing,<Substance CC(C)CCl{solv}{x=0.090700}|CC(C)OC(C)C{solv}{x=0.909300}>,CC(C)CCl,CC(C)OC(C)C,openff-2.3.0rc1,2,-0.0457054700897643,0.0492916080625307,-0.0302,0.00055
32908,1723,dens_1762455266351712367,568,Density,<Substance CC(C)CCl{solv}{x=0.091000}|CC(C)OC(C)C{solv}{x=0.909000}>,CC(C)CCl,CC(C)OC(C)C,openff-2.3.0rc1,2,0.7463199874711661,0.0002563288391762,0.7293950000000001,0.000464
32909,1724,dhmix_2302865667781063708,569,EnthalpyOfMixing,<Substance CC(C)CCl{solv}{x=0.727000}|CC(C)OC(C)C{solv}{x=0.273000}>,CC(C)CCl,CC(C)OC(C)C,openff-2.3.0rc1,2,-0.1456806347101036,0.0386828256454124,-0.0791,0.001
32910,1725,dens_321327254341950207,570,Density,<Substance C1COCCO1{solv}{x=0.780300}|CCCCCC(C)=O{solv}{x=0.219700}>,C1COCCO1,CCCCCC(C)=O,openff-2.3.0rc1,2,0.9595365512886336,0.0002162196774484,0.9576500000000002,0.0003
32911,1726,dens_377701756930918353,571,Density,<Substance C1COCCO1{solv}{x=0.500600}|CCCCCC(C)=O{solv}{x=0.499400}>,C1COCCO1,CCCCCC(C)=O,openff-2.3.0rc1,2,0.8876519871528237,0.0002105969961019,0.8916700000000002,0.000345
32912,1727,dhmix_600625644134907580,572,EnthalpyOfMixing,<Substance C1COCCO1{solv}{x=0.500000}|CCCCCC(C)=O{solv}{x=0.500000}>,C1COCCO1,CCCCCC(C)=O,openff-2.3.0rc1,2,0.550380928230183,0.0446274936733448,0.4509,0.002255
32913,1728,dens_1451069448215305244,573,Density,<Substance C1COCCO1{solv}{x=0.220300}|CCCCCC(C)=O{solv}{x=0.779700}>,C1COCCO1,CCCCCC(C)=O,openff-2.3.0rc1,2,0.8336571357708481,0.0002193245268984,0.8420800000000003,0.000385
32914,1729,dhmix_2028813035406256788,574,EnthalpyOfMixing,<Substance C1COCCO1{solv}{x=0.750000}|CCCCCC(C)=O{solv}{x=0.250000}>,C1COCCO1,CCCCCC(C)=O,openff-2.3.0rc1,2,0.5017318958782226,0.0422572241845694,0.4064,0.00209
32915,1730,dhmix_2222211577832383320,575,EnthalpyOfMixing,<Substance C1COCCO1{solv}{x=0.250000}|CCCCCC(C)=O{solv}{x=0.750000}>,C1COCCO1,CCCCCC(C)=O,openff-2.3.0rc1,2,0.3488204455116488,0.0488739583845189,0.2911,0.00164
32916,1731,dhmix_325212618372456630,576,EnthalpyOfMixing,<Substance CCCCCCC{solv}{x=0.500000}|c1ccccc1{solv}{x=0.500000}>,CCCCCCC,c1ccccc1,openff-2.3.0rc1,2,1.1562820009058896,0.040909390805915,0.9235,0.0051
32917,1732,dhmix_409350268177199962,577,EnthalpyOfMixing,<Substance CCCCCCC{solv}{x=0.751900}|c1ccccc1{solv}{x=0.248100}>,CCCCCCC,c1ccccc1,openff-2.3.0rc1,2,0.9036617104734574,0.0485197832133695,0.6047,0.0035
32918,1733,dens_1685942387769177799,578,Density,<Substance CCCCCCC{solv}{x=0.913667}|c1ccccc1{solv}{x=0.086333}>,CCCCCCC,c1ccccc1,openff-2.3.0rc1,2,0.6797175984071573,0.0002192479356914,0.6892400000000002,0.000805
32919,1734,dens_2148382258223830900,579,Density,<Substance CCCCCCC{solv}{x=0.273700}|c1ccccc1{solv}{x=0.726300}>,CCCCCCC,c1ccccc1,openff-2.3.0rc1,2,0.7838469284159655,0.0002160283201745,0.7855000000000002,0.00015
32920,1735,dens_2219829254239605828,580,Density,<Substance CCCCCCC{solv}{x=0.492200}|c1ccccc1{solv}{x=0.507800}>,CCCCCCC,c1ccccc1,openff-2.3.0rc1,2,0.7357159431971577,0.0002523212714762,0.7409000000000001,0.00015
32921,1736,dhmix_2296565820723783732,581,EnthalpyOfMixing,<Substance CCCCCCC{solv}{x=0.242400}|c1ccccc1{solv}{x=0.757600}>,CCCCCCC,c1ccccc1,openff-2.3.0rc1,2,1.0708262327644889,0.041378865824099,0.7775,0.0044
32922,1737,dens_326446104630354701,582,Density,<Substance BrCCBr{solv}{x=0.728600}|CCC(=O)OC{solv}{x=0.271400}>,BrCCBr,CCC(=O)OC,openff-2.3.0rc1,2,1.7635400435081736,0.0005693244658696,1.7949900000000003,0.00303
32923,1738,dens_886315086380393150,583,Density,<Substance BrCCBr{solv}{x=0.494400}|CCC(=O)OC{solv}{x=0.505600}>,BrCCBr,CCC(=O)OC,openff-2.3.0rc1,2,1.4760736065572932,0.000459099855495,1.4941800000000005,0.001825
32924,1739,dhmix_1410129135672303476,584,EnthalpyOfMixing,<Substance BrCCBr{solv}{x=0.491400}|CCC(=O)OC{solv}{x=0.508600}>,BrCCBr,CCC(=O)OC,openff-2.3.0rc1,2,-0.0799479508074014,0.0335273580575081,0.0195,0.00185
32925,1740,dhmix_1551714230583118668,585,EnthalpyOfMixing,<Substance BrCCBr{solv}{x=0.755400}|CCC(=O)OC{solv}{x=0.244600}>,BrCCBr,CCC(=O)OC,openff-2.3.0rc1,2,-0.029630980359947,0.0305667689653947,0.09,0.00295
32926,1741,dhmix_1596310059176209101,586,EnthalpyOfMixing,<Substance BrCCBr{solv}{x=0.214800}|CCC(=O)OC{solv}{x=0.785200}>,BrCCBr,CCC(=O)OC,openff-2.3.0rc1,2,-0.0551677795755769,0.0348093933639304,-0.0281,0.002
32927,1742,dens_1860027304017736150,587,Density,<Substance BrCCBr{solv}{x=0.257000}|CCC(=O)OC{solv}{x=0.743000}>,BrCCBr,CCC(=O)OC,openff-2.3.0rc1,2,1.1939066762504518,0.0003463718772949,1.2059400000000002,0.000915
32928,1743,dhmix_334328961632702336,588,EnthalpyOfMixing,<Substance Cc1ccccc1N{solv}{x=0.492600}|Cc1cccnc1{solv}{x=0.507400}>,Cc1ccccc1N,Cc1cccnc1,openff-2.3.0rc1,2,-1.2129282152541685,0.0424410993015878,-1.4091,0.0287
32929,1744,dhmix_382843935535082222,589,EnthalpyOfMixing,<Substance Cc1ccccc1N{solv}{x=0.232300}|Cc1cccnc1{solv}{x=0.767700}>,Cc1ccccc1N,Cc1cccnc1,openff-2.3.0rc1,2,-1.093413804080388,0.0442078603318053,-1.1196,0.02285
32930,1745,dens_890019852111400701,590,Density,<Substance Cc1ccccc1N{solv}{x=0.533600}|Cc1cccnc1{solv}{x=0.466400}>,Cc1ccccc1N,Cc1cccnc1,openff-2.3.0rc1,2,0.9876586384876884,0.0001838993093942,0.9795770000000004,0.0001185
32931,1746,dens_1033313642915027277,591,Density,<Substance Cc1ccccc1N{solv}{x=0.737200}|Cc1cccnc1{solv}{x=0.262800}>,Cc1ccccc1N,Cc1cccnc1,openff-2.3.0rc1,2,1.000677989439858,0.0002392630845216,0.9867010000000004,0.000118
32932,1747,dhmix_1057104304179164775,592,EnthalpyOfMixing,<Substance Cc1ccccc1N{solv}{x=0.778900}|Cc1cccnc1{solv}{x=0.221100}>,Cc1ccccc1N,Cc1cccnc1,openff-2.3.0rc1,2,-0.6719912275731446,0.0491757511802561,-0.8735,0.01785
32933,1748,dens_1445313714023685702,593,Density,<Substance Cc1ccccc1N{solv}{x=0.246700}|Cc1cccnc1{solv}{x=0.753300}>,Cc1ccccc1N,Cc1cccnc1,openff-2.3.0rc1,2,0.9665815858114564,0.0002385069933344,0.9668750000000004,0.00012
32934,1749,dens_335631113096608920,594,Density,<Substance CCC(C)=O{solv}{x=0.501800}|CCCCNCCCC{solv}{x=0.498200}>,CCC(C)=O,CCCCNCCCC,openff-2.3.0rc1,2,0.7655035244489798,0.0001964575250613,0.7693960000000002,9.950000000000003e-05
32935,1750,dhmix_551451232292287572,595,EnthalpyOfMixing,<Substance CCC(C)=O{solv}{x=0.215400}|CCCCNCCCC{solv}{x=0.784600}>,CCC(C)=O,CCCCNCCCC,openff-2.3.0rc1,2,0.1839567594018518,0.0576697221048631,0.417,0.0045
32936,1751,dens_800787154192710377,596,Density,<Substance CCC(C)=O{solv}{x=0.260300}|CCCCNCCCC{solv}{x=0.739700}>,CCC(C)=O,CCCCNCCCC,openff-2.3.0rc1,2,0.7618997138064464,0.0001850020465649,0.7614750000000002,0.0001005
32937,1752,dhmix_1210431916849512476,597,EnthalpyOfMixing,<Substance CCC(C)=O{solv}{x=0.504400}|CCCCNCCCC{solv}{x=0.495600}>,CCC(C)=O,CCCCNCCCC,openff-2.3.0rc1,2,0.2595998476116961,0.0509857957971057,0.619,0.0065
32938,1753,dhmix_1503682496766473076,598,EnthalpyOfMixing,<Substance CCC(C)=O{solv}{x=0.792200}|CCCCNCCCC{solv}{x=0.207800}>,CCC(C)=O,CCCCNCCCC,openff-2.3.0rc1,2,0.1634226713604682,0.0406753198618769,0.425,0.0045
32939,1754,dens_2232561341275312196,599,Density,<Substance CCC(C)=O{solv}{x=0.747300}|CCCCNCCCC{solv}{x=0.252700}>,CCC(C)=O,CCCCNCCCC,openff-2.3.0rc1,2,0.7706401735902066,0.0002425069258593,0.7810500000000001,9.750000000000004e-05
32940,1755,dhmix_335934546122425398,600,EnthalpyOfMixing,<Substance C1CCOCC1{solv}{x=0.550000}|O=C1CCCC1{solv}{x=0.450000}>,C1CCOCC1,O=C1CCCC1,openff-2.3.0rc1,2,0.0752902912208099,0.0417760917111134,0.15813,0.001
32941,1756,dhmix_337659115721770978,601,EnthalpyOfMixing,<Substance C1CCOCC1{solv}{x=0.250000}|O=C1CCCC1{solv}{x=0.750000}>,C1CCOCC1,O=C1CCCC1,openff-2.3.0rc1,2,0.1350018333691736,0.0414991555041969,0.11325,0.00084
32942,1757,dens_579415285212890284,602,Density,<Substance C1CCOCC1{solv}{x=0.708000}|O=C1CCCC1{solv}{x=0.292000}>,C1CCOCC1,O=C1CCCC1,openff-2.3.0rc1,2,0.88416566517753,0.000233739521921,0.8972200000000002,0.00023
32943,1758,dens_788777315764582180,603,Density,<Substance C1CCOCC1{solv}{x=0.549800}|O=C1CCCC1{solv}{x=0.450200}>,C1CCOCC1,O=C1CCCC1,openff-2.3.0rc1,2,0.8909539247090096,0.0002327213387369,0.9073000000000002,0.000235
32944,1759,dens_1539654406736576807,604,Density,<Substance C1CCOCC1{solv}{x=0.235400}|O=C1CCCC1{solv}{x=0.764600}>,C1CCOCC1,O=C1CCCC1,openff-2.3.0rc1,2,0.9046332060690891,0.0002373139054376,0.9281000000000004,0.00024
32945,1760,dhmix_1706969020375394315,605,EnthalpyOfMixing,<Substance C1CCOCC1{solv}{x=0.750000}|O=C1CCCC1{solv}{x=0.250000}>,C1CCOCC1,O=C1CCCC1,openff-2.3.0rc1,2,0.0283689777838347,0.0416062503340077,0.12811,0.000895
32946,1761,dens_337077748334497354,606,Density,<Substance CN1CCCCC1{solv}{x=0.245200}|O{solv}{x=0.754800}>,CN1CCCCC1,O,openff-2.3.0rc1,2,0.891678822247748,0.0003235494801745,0.9038110000000004,9.700000000000004e-05
32947,1762,dens_1619467922469494964,607,Density,<Substance CN1CCCCC1{solv}{x=0.790700}|O{solv}{x=0.209300}>,CN1CCCCC1,O,openff-2.3.0rc1,2,0.8450588587079289,0.0002278947775542,0.8260470000000002,0.000108
32948,1763,dens_1725290505257505407,608,Density,<Substance CN1CCCCC1{solv}{x=0.505000}|O{solv}{x=0.495000}>,CN1CCCCC1,O,openff-2.3.0rc1,2,0.8627349416193882,0.0002395734355151,0.8581580000000002,9.450000000000002e-05
32949,1764,dhmix_344305070199657817,609,EnthalpyOfMixing,<Substance CC(C)CC(C)(C)C{solv}{x=0.200300}|CCCO{solv}{x=0.799700}>,CC(C)CC(C)(C)C,CCCO,openff-2.3.0rc1,2,0.3609890597809837,0.0447357977130903,0.308,0.0055
32950,1765,dens_1020839744665732433,610,Density,<Substance CC(C)CC(C)(C)C{solv}{x=0.200100}|CCCO{solv}{x=0.799900}>,CC(C)CC(C)(C)C,CCCO,openff-2.3.0rc1,2,0.7635782110620828,0.0002332811325404,0.7589500000000002,0.00029
32951,1766,dens_1348847431810734601,611,Density,<Substance CC(C)CC(C)(C)C{solv}{x=0.700000}|CCCO{solv}{x=0.300000}>,CC(C)CC(C)(C)C,CCCO,openff-2.3.0rc1,2,0.7171931482235748,0.0001922938998077,0.7046500000000001,0.00028
32952,1767,dhmix_1376194238727172922,612,EnthalpyOfMixing,<Substance CC(C)CC(C)(C)C{solv}{x=0.499800}|CCCO{solv}{x=0.500200}>,CC(C)CC(C)(C)C,CCCO,openff-2.3.0rc1,2,0.7037200989456807,0.0454741878182196,0.6025,0.0027
32953,1768,dhmix_1868873434415785592,613,EnthalpyOfMixing,<Substance CC(C)CC(C)(C)C{solv}{x=0.699900}|CCCO{solv}{x=0.300100}>,CC(C)CC(C)(C)C,CCCO,openff-2.3.0rc1,2,0.7098033049413317,0.0521524674535641,0.6544,0.0029
32954,1769,dens_1870552320710773195,614,Density,<Substance CC(C)CC(C)(C)C{solv}{x=0.500000}|CCCO{solv}{x=0.500000}>,CC(C)CC(C)(C)C,CCCO,openff-2.3.0rc1,2,0.7317907962082459,0.0002083460224935,0.7214400000000002,0.00028
32955,1770,dens_344701479262570906,615,Density,<Substance C1CCOCC1{solv}{x=0.246100}|Cc1cccnc1{solv}{x=0.753900}>,C1CCOCC1,Cc1cccnc1,openff-2.3.0rc1,2,0.9289257400492597,0.0002184778309274,0.9348570000000002,0.0004915
32956,1771,dhmix_772935681699310364,616,EnthalpyOfMixing,<Substance C1CCOCC1{solv}{x=0.480300}|Cc1cccnc1{solv}{x=0.519700}>,C1CCOCC1,Cc1cccnc1,openff-2.3.0rc1,2,0.0188417854981679,0.0405208351669636,0.1271,0.00115
32957,1772,dens_1179184695460672925,617,Density,<Substance C1CCOCC1{solv}{x=0.756800}|Cc1cccnc1{solv}{x=0.243200}>,C1CCOCC1,Cc1cccnc1,openff-2.3.0rc1,2,0.8909343250561244,0.0002092397864009,0.8976640000000002,0.0004655
32958,1773,dens_1273033541520518804,618,Density,<Substance C1CCOCC1{solv}{x=0.482700}|Cc1cccnc1{solv}{x=0.517300}>,C1CCOCC1,Cc1cccnc1,openff-2.3.0rc1,2,0.9114361619421998,0.0001700008397862,0.9179640000000002,0.00048
32959,1774,dhmix_1594947441282636711,619,EnthalpyOfMixing,<Substance C1CCOCC1{solv}{x=0.735500}|Cc1cccnc1{solv}{x=0.264500}>,C1CCOCC1,Cc1cccnc1,openff-2.3.0rc1,2,0.0389183777386463,0.0426264595452115,0.0924,0.00095
32960,1775,dhmix_2075643137470349800,620,EnthalpyOfMixing,<Substance C1CCOCC1{solv}{x=0.273200}|Cc1cccnc1{solv}{x=0.726800}>,C1CCOCC1,Cc1cccnc1,openff-2.3.0rc1,2,-0.0424679567539101,0.0405930589622016,0.1036,0.001
32961,1776,dhmix_346841872844739570,621,EnthalpyOfMixing,<Substance CC#N{solv}{x=0.700700}|CCOC(C)(C)C{solv}{x=0.299300}>,CC#N,CCOC(C)(C)C,openff-2.3.0rc1,2,0.2042833377944273,0.0361844058972553,0.6176,0.0084
32962,1777,dhmix_840136828933604757,622,EnthalpyOfMixing,<Substance CC#N{solv}{x=0.199000}|CCOC(C)(C)C{solv}{x=0.801000}>,CC#N,CCOC(C)(C)C,openff-2.3.0rc1,2,0.0823666154355464,0.0445631419535316,0.4418,0.006
32963,1778,dhmix_1934525864391020215,623,EnthalpyOfMixing,<Substance CC#N{solv}{x=0.501600}|CCOC(C)(C)C{solv}{x=0.498400}>,CC#N,CCOC(C)(C)C,openff-2.3.0rc1,2,0.1787223511346154,0.0383405168485937,0.7098,0.00965
32964,1779,dens_1954735606040559695,624,Density,<Substance CC#N{solv}{x=0.700700}|CCOC(C)(C)C{solv}{x=0.299300}>,CC#N,CCOC(C)(C)C,openff-2.3.0rc1,2,0.7626916282441223,0.0002821792505302,0.7595000000000002,0.00045
32965,1780,dens_2173310521496796694,625,Density,<Substance CC#N{solv}{x=0.501600}|CCOC(C)(C)C{solv}{x=0.498400}>,CC#N,CCOC(C)(C)C,openff-2.3.0rc1,2,0.7598030505479502,0.0002439790236975,0.7510000000000002,0.00035
32966,1781,dens_2235331649530959984,626,Density,<Substance CC#N{solv}{x=0.199000}|CCOC(C)(C)C{solv}{x=0.801000}>,CC#N,CCOC(C)(C)C,openff-2.3.0rc1,2,0.7546565342596041,0.0002503205268896,0.7408000000000001,0.00015
32967,1782,dhmix_355078149157572999,627,EnthalpyOfMixing,<Substance OCCOCCO{solv}{x=0.790600}|O{solv}{x=0.209400}>,O,OCCOCCO,openff-2.3.0rc1,2,-0.4178892205598572,0.0569331765183186,-0.521,0.003
32968,1783,dhmix_514261244195159379,628,EnthalpyOfMixing,<Substance OCCOCCO{solv}{x=0.300400}|O{solv}{x=0.699600}>,O,OCCOCCO,openff-2.3.0rc1,2,-0.2852010802029916,0.0295031999799938,-1.245,0.0065
32969,1784,dhmix_1512634639127890343,629,EnthalpyOfMixing,<Substance OCCOCCO{solv}{x=0.501000}|O{solv}{x=0.499000}>,O,OCCOCCO,openff-2.3.0rc1,2,-0.3495486805676862,0.0306604453437907,-1.149,0.0065
32970,1785,dens_1532732041743097130,630,Density,<Substance OCCOCCO{solv}{x=0.500600}|O{solv}{x=0.499400}>,O,OCCOCCO,openff-2.3.0rc1,2,1.1151288060454003,0.0002764011058772,1.1070700000000002,0.00026
32971,1786,dens_1948924545926470959,631,Density,<Substance OCCOCCO{solv}{x=0.700300}|O{solv}{x=0.299700}>,O,OCCOCCO,openff-2.3.0rc1,2,1.1258500390600754,0.0002791739579034,1.1111900000000003,0.000285
32972,1787,dens_2114974877291939954,632,Density,<Substance OCCOCCO{solv}{x=0.301000}|O{solv}{x=0.699000}>,O,OCCOCCO,openff-2.3.0rc1,2,1.094101755276958,0.0003028885965019,1.0958900000000005,0.000305
32973,1788,dhmix_355690558520209737,633,EnthalpyOfMixing,<Substance CC(C)CC(C)(C)C{solv}{x=0.774800}|CC(C)OC(C)C{solv}{x=0.225200}>,CC(C)CC(C)(C)C,CC(C)OC(C)C,openff-2.3.0rc1,2,0.2193894021585123,0.049595691727489,0.132161,0.001556
32974,1789,dens_706481868145479619,634,Density,<Substance CC(C)CC(C)(C)C{solv}{x=0.250000}|CC(C)OC(C)C{solv}{x=0.750000}>,CC(C)CC(C)(C)C,CC(C)OC(C)C,openff-2.3.0rc1,2,0.726626342490893,0.0002041965482685,0.7090800000000002,0.000155
32975,1790,dens_960755156711549154,635,Density,<Substance CC(C)CC(C)(C)C{solv}{x=0.750000}|CC(C)OC(C)C{solv}{x=0.250000}>,CC(C)CC(C)(C)C,CC(C)OC(C)C,openff-2.3.0rc1,2,0.710022303337668,0.0002039318651795,0.6937500000000002,0.000155
32976,1791,dens_1165117582450092341,636,Density,<Substance CC(C)CC(C)(C)C{solv}{x=0.500900}|CC(C)OC(C)C{solv}{x=0.499100}>,CC(C)CC(C)(C)C,CC(C)OC(C)C,openff-2.3.0rc1,2,0.716974541005583,0.0002302347841459,0.7005900000000002,0.000105
32977,1792,dhmix_1819714300540494359,637,EnthalpyOfMixing,<Substance CC(C)CC(C)(C)C{solv}{x=0.512500}|CC(C)OC(C)C{solv}{x=0.487500}>,CC(C)CC(C)(C)C,CC(C)OC(C)C,openff-2.3.0rc1,2,0.4310072157381484,0.0473836647226542,0.197047,0.002233
32978,1793,dhmix_2031984064821599856,638,EnthalpyOfMixing,<Substance CC(C)CC(C)(C)C{solv}{x=0.269300}|CC(C)OC(C)C{solv}{x=0.730700}>,CC(C)CC(C)(C)C,CC(C)OC(C)C,openff-2.3.0rc1,2,0.3615285994182713,0.0550810111319031,0.158983,0.0018345
32979,1794,dens_357198687829738077,639,Density,<Substance C1CCOCC1{solv}{x=0.223500}|CCCCCC(C)=O{solv}{x=0.776500}>,C1CCOCC1,CCCCCC(C)=O,openff-2.3.0rc1,2,0.8104982004429371,0.0001848058690356,0.8221200000000002,0.000375
32980,1795,dens_1074719884132299485,640,Density,<Substance C1CCOCC1{solv}{x=0.516600}|CCCCCC(C)=O{solv}{x=0.483400}>,C1CCOCC1,CCCCCC(C)=O,openff-2.3.0rc1,2,0.8292238536055327,0.0002118517114532,0.8396100000000002,0.00032
32981,1796,dens_1427208283653313137,641,Density,<Substance C1CCOCC1{solv}{x=0.710100}|CCCCCC(C)=O{solv}{x=0.289900}>,C1CCOCC1,CCCCCC(C)=O,openff-2.3.0rc1,2,0.8437115760683017,0.0001926461937457,0.8534200000000002,0.000285
32982,1797,dhmix_1485904869507380555,642,EnthalpyOfMixing,<Substance C1CCOCC1{solv}{x=0.500000}|CCCCCC(C)=O{solv}{x=0.500000}>,C1CCOCC1,CCCCCC(C)=O,openff-2.3.0rc1,2,0.1542482826953204,0.0447972421420987,0.05773,0.000615
32983,1798,dhmix_1931504734279468677,643,EnthalpyOfMixing,<Substance C1CCOCC1{solv}{x=0.250000}|CCCCCC(C)=O{solv}{x=0.750000}>,C1CCOCC1,CCCCCC(C)=O,openff-2.3.0rc1,2,0.1161989872799154,0.0492023258379604,0.03429,0.00053
32984,1799,dhmix_2296263041755700053,644,EnthalpyOfMixing,<Substance C1CCOCC1{solv}{x=0.750000}|CCCCCC(C)=O{solv}{x=0.250000}>,C1CCOCC1,CCCCCC(C)=O,openff-2.3.0rc1,2,0.1380305648709807,0.0422878324269365,0.05587,0.00061
32985,1800,dhmix_357499987240135169,645,EnthalpyOfMixing,<Substance CCCCC{solv}{x=0.772700}|CCCCOC=O{solv}{x=0.227300}>,CCCCC,CCCCOC=O,openff-2.3.0rc1,2,1.0873995598747257,0.0378352868170273,0.87,0.004
32986,1801,dens_435201289177646286,646,Density,<Substance CCCCC{solv}{x=0.504200}|CCCCOC=O{solv}{x=0.495800}>,CCCCC,CCCCOC=O,openff-2.3.0rc1,2,0.7508936513757747,0.0002116417901886,0.7523000000000001,0.00024
32987,1802,dens_635752291929824010,647,Density,<Substance CCCCC{solv}{x=0.699000}|CCCCOC=O{solv}{x=0.301000}>,CCCCC,CCCCOC=O,openff-2.3.0rc1,2,0.6932268322915489,0.0002549192801503,0.6994600000000002,0.00018
32988,1803,dhmix_869493303716364153,648,EnthalpyOfMixing,<Substance CCCCC{solv}{x=0.490500}|CCCCOC=O{solv}{x=0.509500}>,CCCCC,CCCCOC=O,openff-2.3.0rc1,2,1.3195647061281337,0.043716986163373,0.959,0.004
32989,1804,dhmix_1188548276416925178,649,EnthalpyOfMixing,<Substance CCCCC{solv}{x=0.246000}|CCCCOC=O{solv}{x=0.754000}>,CCCCC,CCCCOC=O,openff-2.3.0rc1,2,0.8533082531692244,0.0415832777669357,0.632,0.003
32990,1805,dens_1944800378076074966,650,Density,<Substance CCCCC{solv}{x=0.247100}|CCCCOC=O{solv}{x=0.752900}>,CCCCC,CCCCOC=O,openff-2.3.0rc1,2,0.8256829238114219,0.0002380696529541,0.8221800000000001,0.000375
32991,1806,dhmix_357740737126275220,651,EnthalpyOfMixing,<Substance CC(=O)N(C)C{solv}{x=0.212000}|CCCCCl{solv}{x=0.788000}>,CC(=O)N(C)C,CCCCCl,openff-2.3.0rc1,2,0.4850439644206616,0.0394088988237453,0.244,0.0025
32992,1807,dens_563556088097831353,652,Density,<Substance CC(=O)N(C)C{solv}{x=0.499000}|CCCCCl{solv}{x=0.501000}>,CC(=O)N(C)C,CCCCCl,openff-2.3.0rc1,2,0.882801649344548,0.0002570819621904,0.9081000000000002,0.0002
32993,1808,dens_1083232356130752567,653,Density,<Substance CC(=O)N(C)C{solv}{x=0.799700}|CCCCCl{solv}{x=0.200300}>,CC(=O)N(C)C,CCCCCl,openff-2.3.0rc1,2,0.8957490576253285,0.0002440518273855,0.9247000000000004,0.0002
32994,1809,dhmix_1487887746912587509,654,EnthalpyOfMixing,<Substance CC(=O)N(C)C{solv}{x=0.708000}|CCCCCl{solv}{x=0.292000}>,CC(=O)N(C)C,CCCCCl,openff-2.3.0rc1,2,0.6152867538202464,0.034041223290347,0.305,0.0025
32995,1810,dens_1662749398344255132,655,Density,<Substance CC(=O)N(C)C{solv}{x=0.210500}|CCCCCl{solv}{x=0.789500}>,CC(=O)N(C)C,CCCCCl,openff-2.3.0rc1,2,0.8684943514333529,0.0003071294586316,0.8918000000000001,0.0002
32996,1811,dhmix_2085343422065298965,656,EnthalpyOfMixing,<Substance CC(=O)N(C)C{solv}{x=0.511000}|CCCCCl{solv}{x=0.489000}>,CC(=O)N(C)C,CCCCCl,openff-2.3.0rc1,2,0.6672784788258106,0.0366330378502293,0.363,0.0025
32997,1812,dhmix_359626193748497849,657,EnthalpyOfMixing,<Substance C1CCOCC1{solv}{x=0.750000}|O=C1CCCCC1{solv}{x=0.250000}>,C1CCOCC1,O=C1CCCCC1,openff-2.3.0rc1,2,0.0086254997647898,0.0436214496306357,0.07698,0.00069
32998,1813,dhmix_709905971434026360,658,EnthalpyOfMixing,<Substance C1CCOCC1{solv}{x=0.250000}|O=C1CCCCC1{solv}{x=0.750000}>,C1CCOCC1,O=C1CCCCC1,openff-2.3.0rc1,2,0.0613751170604004,0.0420494670196374,0.05827,0.00062
32999,1814,dens_996263306280392228,659,Density,<Substance C1CCOCC1{solv}{x=0.500900}|O=C1CCCCC1{solv}{x=0.499100}>,C1CCOCC1,O=C1CCCCC1,openff-2.3.0rc1,2,0.8970141082318562,0.0002314301267017,0.9160300000000002,0.000505
33000,1815,dens_1296485655493191092,660,Density,<Substance C1CCOCC1{solv}{x=0.247100}|O=C1CCCCC1{solv}{x=0.752900}>,C1CCOCC1,O=C1CCCCC1,openff-2.3.0rc1,2,0.9083407053638124,0.0002025259844799,0.9305900000000004,0.000505
33001,1816,dhmix_1617652800437548554,661,EnthalpyOfMixing,<Substance C1CCOCC1{solv}{x=0.500000}|O=C1CCCCC1{solv}{x=0.500000}>,C1CCOCC1,O=C1CCCCC1,openff-2.3.0rc1,2,0.0063744004939678,0.0433718763444451,0.08658,0.000725
33002,1817,dens_2134919398794801459,662,Density,<Substance C1CCOCC1{solv}{x=0.738900}|O=C1CCCCC1{solv}{x=0.261100}>,C1CCOCC1,O=C1CCCCC1,openff-2.3.0rc1,2,0.8859956411656377,0.0001711141316107,0.9000800000000002,0.000505
33003,1818,dens_371429494256072686,663,Density,<Substance COC=O{solv}{x=0.513800}|ClCCCCl{solv}{x=0.486200}>,COC=O,ClCCCCl,openff-2.3.0rc1,2,1.083265696488206,0.0003622662228983,1.08831,0.00025
33004,1819,dens_416463243686186519,664,Density,<Substance COC=O{solv}{x=0.738400}|ClCCCCl{solv}{x=0.261600}>,COC=O,ClCCCCl,openff-2.3.0rc1,2,1.042718513298428,0.0003448154393441,1.03754,0.0002
33005,1820,dhmix_573570621261992547,665,EnthalpyOfMixing,<Substance COC=O{solv}{x=0.767400}|ClCCCCl{solv}{x=0.232600}>,COC=O,ClCCCCl,openff-2.3.0rc1,2,0.6185715698149052,0.0286264106701629,0.2841,0.0015
33006,1821,dens_1665007650151393058,666,Density,<Substance COC=O{solv}{x=0.244000}|ClCCCCl{solv}{x=0.756000}>,COC=O,ClCCCCl,openff-2.3.0rc1,2,1.1229929891165702,0.0003599665629218,1.1395000000000002,0.0003
33007,1822,dhmix_2050640017895200777,667,EnthalpyOfMixing,<Substance COC=O{solv}{x=0.502400}|ClCCCCl{solv}{x=0.497600}>,COC=O,ClCCCCl,openff-2.3.0rc1,2,0.7308005925081673,0.0319595449625221,0.3503,0.00175
33008,1823,dhmix_2121310957223924646,668,EnthalpyOfMixing,<Substance COC=O{solv}{x=0.202400}|ClCCCCl{solv}{x=0.797600}>,COC=O,ClCCCCl,openff-2.3.0rc1,2,0.4729062458511279,0.0349180426083644,0.2064,0.0012
33009,1824,dens_380799246642881225,669,Density,<Substance Cc1ccncc1{solv}{x=0.500000}|O{solv}{x=0.500000}>,Cc1ccncc1,O,openff-2.3.0rc1,2,0.9511000345760026,0.000293558864399,0.9704000000000004,0.0005
33010,1825,dens_1024460369591354985,670,Density,<Substance Cc1ccncc1{solv}{x=0.225000}|O{solv}{x=0.775000}>,Cc1ccncc1,O,openff-2.3.0rc1,2,0.9580231055637785,0.000252914860542,0.9848000000000002,0.0004
33011,1826,dens_1867704914487230306,671,Density,<Substance Cc1ccncc1{solv}{x=0.750000}|O{solv}{x=0.250000}>,Cc1ccncc1,O,openff-2.3.0rc1,2,0.9490335774782914,0.0001872128390864,0.9614000000000004,0.0004
33012,1827,dhmix_396839331496923568,672,EnthalpyOfMixing,<Substance CCCOC(=O)CC{solv}{x=0.237600}|ClCCCl{solv}{x=0.762400}>,CCCOC(=O)CC,ClCCCl,openff-2.3.0rc1,2,-0.3099472373076857,0.0300864602942237,-0.317,0.0035
33013,1828,dens_1025242301432619836,673,Density,<Substance CCCOC(=O)CC{solv}{x=0.518800}|ClCCCl{solv}{x=0.481200}>,CCCOC(=O)CC,ClCCCl,openff-2.3.0rc1,2,0.9969557391026342,0.0002088157924162,1.0064000000000002,0.000905
33014,1829,dens_1654149510571748883,674,Density,<Substance CCCOC(=O)CC{solv}{x=0.731600}|ClCCCl{solv}{x=0.268400}>,CCCOC(=O)CC,ClCCCl,openff-2.3.0rc1,2,0.9354081999745888,0.0002136606679732,0.9416300000000002,0.00041
33015,1830,dens_1804016971158746429,675,Density,<Substance CCCOC(=O)CC{solv}{x=0.243700}|ClCCCl{solv}{x=0.756300}>,CCCOC(=O)CC,ClCCCl,openff-2.3.0rc1,2,1.0964754372279708,0.0003978651245277,1.11431,0.002155
33016,1831,dhmix_1840109043188951916,676,EnthalpyOfMixing,<Substance CCCOC(=O)CC{solv}{x=0.517700}|ClCCCl{solv}{x=0.482300}>,CCCOC(=O)CC,ClCCCl,openff-2.3.0rc1,2,-0.4010188008769084,0.0393558475538857,-0.557,0.006
33017,1832,dhmix_1924188358781329171,677,EnthalpyOfMixing,<Substance CCCOC(=O)CC{solv}{x=0.787400}|ClCCCl{solv}{x=0.212600}>,CCCOC(=O)CC,ClCCCl,openff-2.3.0rc1,2,-0.2332892212704607,0.0449755226471847,-0.357,0.004
33018,1833,dhmix_408170436877433675,678,EnthalpyOfMixing,<Substance CCCCC{solv}{x=0.229800}|CCOC=O{solv}{x=0.770200}>,CCCCC,CCOC=O,openff-2.3.0rc1,2,1.1725652216845468,0.0430857124134261,1.016,0.0045
33019,1834,dens_1159257310358090227,679,Density,<Substance CCCCC{solv}{x=0.748000}|CCOC=O{solv}{x=0.252000}>,CCCCC,CCOC=O,openff-2.3.0rc1,2,0.6644967001777262,0.0002058174648568,0.6707000000000002,0.000165
33020,1835,dhmix_1897634982824334825,680,EnthalpyOfMixing,<Substance CCCCC{solv}{x=0.500100}|CCOC=O{solv}{x=0.499900}>,CCCCC,CCOC=O,openff-2.3.0rc1,2,1.6168442503379694,0.0354733331769168,1.354,0.0055
33021,1836,dens_1931965346092446599,681,Density,<Substance CCCCC{solv}{x=0.504000}|CCOC=O{solv}{x=0.496000}>,CCCCC,CCOC=O,openff-2.3.0rc1,2,0.7366236656691253,0.0002926550287839,0.7333000000000002,0.00024
33022,1837,dens_2086304425324215507,682,Density,<Substance CCCCC{solv}{x=0.298000}|CCOC=O{solv}{x=0.702000}>,CCCCC,CCOC=O,openff-2.3.0rc1,2,0.8070922976006769,0.000250607721969,0.7971000000000003,0.000345
33023,1838,dhmix_2117998354372981576,683,EnthalpyOfMixing,<Substance CCCCC{solv}{x=0.777900}|CCOC=O{solv}{x=0.222100}>,CCCCC,CCOC=O,openff-2.3.0rc1,2,1.3974767097382,0.038324038164742,1.051,0.0045
33024,1839,dens_415189671276159712,684,Density,<Substance NCCO{solv}{x=0.785350}|c1ccncc1{solv}{x=0.214650}>,NCCO,c1ccncc1,openff-2.3.0rc1,2,1.0356541919807123,0.0002651320559601,1.002592,0.000101
33025,1840,dhmix_607563797490786343,685,EnthalpyOfMixing,<Substance NCCO{solv}{x=0.559360}|c1ccncc1{solv}{x=0.440640}>,NCCO,c1ccncc1,openff-2.3.0rc1,2,1.00263842000723,0.0354931071891275,0.824,0.0035
33026,1841,dhmix_783614050589043390,686,EnthalpyOfMixing,<Substance NCCO{solv}{x=0.248120}|c1ccncc1{solv}{x=0.751880}>,NCCO,c1ccncc1,openff-2.3.0rc1,2,1.0235309219341024,0.0346409517197866,0.779,0.0035
33027,1842,dens_907288549206652702,687,Density,<Substance NCCO{solv}{x=0.558640}|c1ccncc1{solv}{x=0.441360}>,NCCO,c1ccncc1,openff-2.3.0rc1,2,1.01526412045985,0.0002188356161832,0.9936870000000002,0.0001015
33028,1843,dhmix_1092036220949585875,688,EnthalpyOfMixing,<Substance NCCO{solv}{x=0.746780}|c1ccncc1{solv}{x=0.253220}>,NCCO,c1ccncc1,openff-2.3.0rc1,2,0.6937653050520396,0.034936341129748,0.612,0.003
33029,1844,dens_2278246591298089898,689,Density,<Substance NCCO{solv}{x=0.210010}|c1ccncc1{solv}{x=0.789990}>,NCCO,c1ccncc1,openff-2.3.0rc1,2,0.9910137298190396,0.0002616631935941,0.9825660000000004,0.0001015
33030,1845,dens_419188249264987147,690,Density,<Substance CCCCC(=O)OCC{solv}{x=0.492100}|CCOC(C)=O{solv}{x=0.507900}>,CCCCC(=O)OCC,CCOC(C)=O,openff-2.3.0rc1,2,0.8834092920447411,0.0002211972749424,0.8787300000000002,0.00012
33031,1846,dens_667714041205021070,691,Density,<Substance CCCCC(=O)OCC{solv}{x=0.304700}|CCOC(C)=O{solv}{x=0.695300}>,CCCCC(=O)OCC,CCOC(C)=O,openff-2.3.0rc1,2,0.8900481677294367,0.0002393426542773,0.8836400000000002,0.00012
33032,1847,dhmix_1137774316856842141,692,EnthalpyOfMixing,<Substance CCCCC(=O)OCC{solv}{x=0.737600}|CCOC(C)=O{solv}{x=0.262400}>,CCCCC(=O)OCC,CCOC(C)=O,openff-2.3.0rc1,2,0.0390091335650595,0.0509555391138068,0.114,0.0015
33033,1848,dhmix_1322441082145072072,693,EnthalpyOfMixing,<Substance CCCCC(=O)OCC{solv}{x=0.279900}|CCOC(C)=O{solv}{x=0.720100}>,CCCCC(=O)OCC,CCOC(C)=O,openff-2.3.0rc1,2,0.0738398547526486,0.0431466133458024,0.139,0.0015
33034,1849,dens_1682638395920841051,694,Density,<Substance CCCCC(=O)OCC{solv}{x=0.752600}|CCOC(C)=O{solv}{x=0.247400}>,CCCCC(=O)OCC,CCOC(C)=O,openff-2.3.0rc1,2,0.8755114001675787,0.0001972345057061,0.8732900000000001,0.00012
33035,1850,dhmix_2161842751879945948,695,EnthalpyOfMixing,<Substance CCCCC(=O)OCC{solv}{x=0.519800}|CCOC(C)=O{solv}{x=0.480200}>,CCCCC(=O)OCC,CCOC(C)=O,openff-2.3.0rc1,2,0.0713426748524543,0.0363353357280084,0.154,0.002
33036,1851,dhmix_419593950323214290,696,EnthalpyOfMixing,<Substance CCCCCC(C)=O{solv}{x=0.780400}|CCN(CC)CC{solv}{x=0.219600}>,CCCCCC(C)=O,CCN(CC)CC,openff-2.3.0rc1,2,0.0755976425705569,0.0518232010701795,0.216,0.0025
33037,1852,dens_651921010645567431,697,Density,<Substance CCCCCC(C)=O{solv}{x=0.259800}|CCN(CC)CC{solv}{x=0.740200}>,CCCCCC(C)=O,CCN(CC)CC,openff-2.3.0rc1,2,0.7508733624045587,0.00020137393796,0.7465820000000002,8.950000000000002e-05
33038,1853,dens_995831511901627711,698,Density,<Substance CCCCCC(C)=O{solv}{x=0.748400}|CCN(CC)CC{solv}{x=0.251600}>,CCCCCC(C)=O,CCN(CC)CC,openff-2.3.0rc1,2,0.7839501143353916,0.0002359464806916,0.7899410000000002,0.0001055
33039,1854,dhmix_1001984601109558110,699,EnthalpyOfMixing,<Substance CCCCCC(C)=O{solv}{x=0.492000}|CCN(CC)CC{solv}{x=0.508000}>,CCCCCC(C)=O,CCN(CC)CC,openff-2.3.0rc1,2,0.065037269027421,0.0460152092081055,0.419,0.0045
33040,1855,dens_1887829851815986883,700,Density,<Substance CCCCCC(C)=O{solv}{x=0.503200}|CCN(CC)CC{solv}{x=0.496800}>,CCCCCC(C)=O,CCN(CC)CC,openff-2.3.0rc1,2,0.7673766849614885,0.0001760796670898,0.7684760000000002,9.800000000000002e-05
33041,1856,dhmix_2085744568401562111,701,EnthalpyOfMixing,<Substance CCCCCC(C)=O{solv}{x=0.293900}|CCN(CC)CC{solv}{x=0.706100}>,CCCCCC(C)=O,CCN(CC)CC,openff-2.3.0rc1,2,0.2461073008035796,0.0467659673710185,0.412,0.0045
33042,1857,dens_436049638479549968,702,Density,<Substance COC=O{solv}{x=0.472500}|ClCCCl{solv}{x=0.527500}>,COC=O,ClCCCl,openff-2.3.0rc1,2,1.122191889412235,0.0003538561318318,1.1269600000000004,0.000285
33043,1858,dens_627145458965592302,703,Density,<Substance COC=O{solv}{x=0.753000}|ClCCCl{solv}{x=0.247000}>,COC=O,ClCCCl,openff-2.3.0rc1,2,1.0547587076612723,0.0003380842912983,1.0461600000000004,0.000205
33044,1859,dhmix_731680623269260416,704,EnthalpyOfMixing,<Substance COC=O{solv}{x=0.250800}|ClCCCl{solv}{x=0.749200}>,COC=O,ClCCCl,openff-2.3.0rc1,2,0.4220259429103201,0.0291914407867501,0.0793,0.0007
33045,1860,dens_1488543630772933598,705,Density,<Substance COC=O{solv}{x=0.279500}|ClCCCl{solv}{x=0.720500}>,COC=O,ClCCCl,openff-2.3.0rc1,2,1.1604081752897952,0.0004602323481981,1.1777100000000005,0.00034
33046,1861,dhmix_2170321998768851974,706,EnthalpyOfMixing,<Substance COC=O{solv}{x=0.732200}|ClCCCl{solv}{x=0.267800}>,COC=O,ClCCCl,openff-2.3.0rc1,2,0.4425289748253869,0.0319613311270638,0.0733,0.00065
33047,1862,dhmix_2249001225536869896,707,EnthalpyOfMixing,<Substance COC=O{solv}{x=0.487400}|ClCCCl{solv}{x=0.512600}>,COC=O,ClCCCl,openff-2.3.0rc1,2,0.4829411702950335,0.0294201713348595,0.1028,0.0008
33048,1863,dhmix_442816374747487477,708,EnthalpyOfMixing,<Substance NCCCNCCCN{solv}{x=0.801500}|O{solv}{x=0.198500}>,NCCCNCCCN,O,openff-2.3.0rc1,2,-1.5821601856398528,0.0557183412962639,-2.233,0.024
33049,1864,dhmix_1795382205757805615,709,EnthalpyOfMixing,<Substance NCCCNCCCN{solv}{x=0.300500}|O{solv}{x=0.699500}>,NCCCNCCCN,O,openff-2.3.0rc1,2,-3.558484280213378,0.0371482641033829,-6.588,0.07
33050,1865,dhmix_1814950732748396893,710,EnthalpyOfMixing,<Substance NCCCNCCCN{solv}{x=0.499800}|O{solv}{x=0.500200}>,NCCCNCCCN,O,openff-2.3.0rc1,2,-3.4088547709681976,0.0681860212248407,-5.544,0.059
33051,1866,dhmix_446869196417408130,711,EnthalpyOfMixing,<Substance NCCNCCO{solv}{x=0.770000}|O{solv}{x=0.230000}>,NCCNCCO,O,openff-2.3.0rc1,2,-1.457447234584933,0.0454641472742164,-1.711,0.035
33052,1867,dhmix_673839467313503071,712,EnthalpyOfMixing,<Substance NCCNCCO{solv}{x=0.069900}|O{solv}{x=0.930100}>,NCCNCCO,O,openff-2.3.0rc1,2,-0.5781538875171393,0.0230159816237764,-1.713,0.035
33053,1868,dens_688094438561771555,713,Density,<Substance NCCNCCO{solv}{x=0.799700}|O{solv}{x=0.200300}>,NCCNCCO,O,openff-2.3.0rc1,2,1.0735683931416713,0.0002156416971405,1.0318300000000002,0.00024
33054,1869,dhmix_1682883323293489147,714,EnthalpyOfMixing,<Substance NCCNCCO{solv}{x=0.400100}|O{solv}{x=0.599900}>,NCCNCCO,O,openff-2.3.0rc1,2,-1.6433619766191043,0.0481182528353654,-4.15,0.0845
33055,1870,dens_2045176885611624977,715,Density,<Substance NCCNCCO{solv}{x=0.070000}|O{solv}{x=0.930000}>,NCCNCCO,O,openff-2.3.0rc1,2,1.01894768636406,0.0004457341601334,1.0222800000000003,0.000125
33056,1871,dens_2280714043292214506,716,Density,<Substance NCCNCCO{solv}{x=0.399700}|O{solv}{x=0.600300}>,NCCNCCO,O,openff-2.3.0rc1,2,1.057207802270128,0.0005112038159832,1.0370100000000002,0.00017
33057,1872,dens_448105363780466270,717,Density,<Substance CCCCCCCl{solv}{x=0.498300}|CN(C)C=O{solv}{x=0.501700}>,CCCCCCCl,CN(C)C=O,openff-2.3.0rc1,2,0.8808834966531393,0.0002401574581718,0.8974000000000002,0.0003
33058,1873,dens_1134260732394863277,718,Density,<Substance CCCCCCCl{solv}{x=0.729300}|CN(C)C=O{solv}{x=0.270700}>,CCCCCCCl,CN(C)C=O,openff-2.3.0rc1,2,0.8695163806523426,0.0002624167273786,0.8844000000000002,0.0003
33059,1874,dhmix_1150917243327149472,719,EnthalpyOfMixing,<Substance CCCCCCCl{solv}{x=0.500000}|CN(C)C=O{solv}{x=0.500000}>,CCCCCCCl,CN(C)C=O,openff-2.3.0rc1,2,1.237575429767972,0.0351342612327913,0.847,0.004
33060,1875,dhmix_1166656674614639609,720,EnthalpyOfMixing,<Substance CCCCCCCl{solv}{x=0.204000}|CN(C)C=O{solv}{x=0.796000}>,CCCCCCCl,CN(C)C=O,openff-2.3.0rc1,2,0.9347700551312884,0.0395834728937287,0.583,0.004
33061,1876,dhmix_1262474968830454367,721,EnthalpyOfMixing,<Substance CCCCCCCl{solv}{x=0.795000}|CN(C)C=O{solv}{x=0.205000}>,CCCCCCCl,CN(C)C=O,openff-2.3.0rc1,2,0.8141732159774904,0.0408309840771984,0.542,0.0035
33062,1877,dens_1862934255267356180,722,Density,<Substance CCCCCCCl{solv}{x=0.200700}|CN(C)C=O{solv}{x=0.799300}>,CCCCCCCl,CN(C)C=O,openff-2.3.0rc1,2,0.8999049543118839,0.0002352275427663,0.9218000000000002,0.00025
33063,1878,dhmix_457000181442392641,723,EnthalpyOfMixing,<Substance CCOCCO{solv}{x=0.241100}|c1ccccc1{solv}{x=0.758900}>,CCOCCO,c1ccccc1,openff-2.3.0rc1,2,0.7118514303157184,0.045104967260303,0.6303,0.00815
33064,1879,dhmix_501726034520661035,724,EnthalpyOfMixing,<Substance CCOCCO{solv}{x=0.733600}|c1ccccc1{solv}{x=0.266400}>,CCOCCO,c1ccccc1,openff-2.3.0rc1,2,0.4250196140887823,0.0461585002550618,0.2326,0.0033
33065,1880,dens_577983044895299238,725,Density,<Substance CCOCCO{solv}{x=0.251800}|c1ccccc1{solv}{x=0.748200}>,CCOCCO,c1ccccc1,openff-2.3.0rc1,2,0.8894060463432891,0.0002544996428818,0.8849000000000002,0.00081
33066,1881,dens_1506946378386070831,726,Density,<Substance CCOCCO{solv}{x=0.750800}|c1ccccc1{solv}{x=0.249200}>,CCOCCO,c1ccccc1,openff-2.3.0rc1,2,0.9165619416261404,0.0002333129803795,0.9134500000000004,0.000685
33067,1882,dhmix_1801594081157333975,727,EnthalpyOfMixing,<Substance CCOCCO{solv}{x=0.478600}|c1ccccc1{solv}{x=0.521400}>,CCOCCO,c1ccccc1,openff-2.3.0rc1,2,0.733500933358826,0.0394656517714713,0.4912,0.00645
33068,1883,dens_2128846755225827916,728,Density,<Substance CCOCCO{solv}{x=0.504800}|c1ccccc1{solv}{x=0.495200}>,CCOCCO,c1ccccc1,openff-2.3.0rc1,2,0.9034614619291008,0.0002446089842952,0.8995700000000003,0.000745
33069,1884,dhmix_466383569529620932,729,EnthalpyOfMixing,<Substance CC(=O)N(C)C{solv}{x=0.505000}|CCCCCCCl{solv}{x=0.495000}>,CC(=O)N(C)C,CCCCCCCl,openff-2.3.0rc1,2,0.9058794188716348,0.0478389749229763,0.61,0.003
33070,1885,dhmix_493694362228351572,730,EnthalpyOfMixing,<Substance CC(=O)N(C)C{solv}{x=0.798000}|CCCCCCCl{solv}{x=0.202000}>,CC(=O)N(C)C,CCCCCCCl,openff-2.3.0rc1,2,0.5998265235330464,0.044250001101503,0.425,0.003
33071,1886,dhmix_626564461179097700,731,EnthalpyOfMixing,<Substance CC(=O)N(C)C{solv}{x=0.211000}|CCCCCCCl{solv}{x=0.789000}>,CC(=O)N(C)C,CCCCCCCl,openff-2.3.0rc1,2,0.6375784444146291,0.0379038832446089,0.38,0.003
33072,1887,dens_1720641323575133011,732,Density,<Substance CC(=O)N(C)C{solv}{x=0.200300}|CCCCCCCl{solv}{x=0.799700}>,CC(=O)N(C)C,CCCCCCCl,openff-2.3.0rc1,2,0.8668339212792366,0.0002798705906446,0.8816000000000003,0.00025
33073,1888,dens_1817345990638851984,733,Density,<Substance CC(=O)N(C)C{solv}{x=0.503000}|CCCCCCCl{solv}{x=0.497000}>,CC(=O)N(C)C,CCCCCCCl,openff-2.3.0rc1,2,0.87848492162586,0.0002398833364714,0.8975000000000002,0.00025
33074,1889,dens_1885054129776339889,734,Density,<Substance CC(=O)N(C)C{solv}{x=0.699200}|CCCCCCCl{solv}{x=0.300800}>,CC(=O)N(C)C,CCCCCCCl,openff-2.3.0rc1,2,0.8867607841859454,0.0002301825861079,0.9104000000000002,0.0002
33075,1890,dens_468507243072548580,735,Density,<Substance CCC#N{solv}{x=0.701200}|CCOC(C)(C)CC{solv}{x=0.298800}>,CCC#N,CCOC(C)(C)CC,openff-2.3.0rc1,2,0.7692317518888326,0.0002523086699675,0.7715000000000002,0.0004
33076,1891,dhmix_553135124490085656,736,EnthalpyOfMixing,<Substance CCC#N{solv}{x=0.502500}|CCOC(C)(C)CC{solv}{x=0.497500}>,CCC#N,CCOC(C)(C)CC,openff-2.3.0rc1,2,0.2071948350327943,0.0413973308430789,0.7023,0.00955
33077,1892,dens_762108332272225600,737,Density,<Substance CCC#N{solv}{x=0.502500}|CCOC(C)(C)CC{solv}{x=0.497500}>,CCC#N,CCOC(C)(C)CC,openff-2.3.0rc1,2,0.7679816933523986,0.0002248708334463,0.7683000000000001,0.00035
33078,1893,dens_967634241844220739,738,Density,<Substance CCC#N{solv}{x=0.200900}|CCOC(C)(C)CC{solv}{x=0.799100}>,CCC#N,CCOC(C)(C)CC,openff-2.3.0rc1,2,0.7660318363580156,0.0002083923826531,0.7638000000000001,0.00025
33079,1894,dhmix_1961082112686431376,739,EnthalpyOfMixing,<Substance CCC#N{solv}{x=0.200900}|CCOC(C)(C)CC{solv}{x=0.799100}>,CCC#N,CCOC(C)(C)CC,openff-2.3.0rc1,2,0.2191804730742319,0.0444396731260617,0.502,0.00685
33080,1895,dhmix_2005765786246998093,740,EnthalpyOfMixing,<Substance CCC#N{solv}{x=0.701200}|CCOC(C)(C)CC{solv}{x=0.298800}>,CCC#N,CCOC(C)(C)CC,openff-2.3.0rc1,2,0.2233323228670656,0.0294886022545599,0.5863,0.008
33081,1896,dhmix_471514663464011364,741,EnthalpyOfMixing,<Substance C1CCOCC1{solv}{x=0.722000}|CCCCCO{solv}{x=0.278000}>,C1CCOCC1,CCCCCO,openff-2.3.0rc1,2,1.1011808873275086,0.0445334085073563,0.8628,0.00745
33082,1897,dens_910343796235321484,742,Density,<Substance C1CCOCC1{solv}{x=0.298700}|CCCCCO{solv}{x=0.701300}>,C1CCOCC1,CCCCCO,openff-2.3.0rc1,2,0.8260512124012103,0.0002025894104427,0.8293300000000002,0.00034
33083,1898,dens_1812069868432416079,743,Density,<Substance C1CCOCC1{solv}{x=0.800000}|CCCCCO{solv}{x=0.200000}>,C1CCOCC1,CCCCCO,openff-2.3.0rc1,2,0.8570399367989514,0.0002314642043879,0.8635900000000002,0.000315
33084,1899,dhmix_1936206883965149188,744,EnthalpyOfMixing,<Substance C1CCOCC1{solv}{x=0.526000}|CCCCCO{solv}{x=0.474000}>,C1CCOCC1,CCCCCO,openff-2.3.0rc1,2,1.1986679041568635,0.0482458528962624,0.97,0.00615
33085,1900,dhmix_1992318015190346725,745,EnthalpyOfMixing,<Substance C1CCOCC1{solv}{x=0.217000}|CCCCCO{solv}{x=0.783000}>,C1CCOCC1,CCCCCO,openff-2.3.0rc1,2,0.6751497483619389,0.0430304876568213,0.6006,0.00455
33086,1901,dens_2204330198012032768,746,Density,<Substance C1CCOCC1{solv}{x=0.499400}|CCCCCO{solv}{x=0.500600}>,C1CCOCC1,CCCCCO,openff-2.3.0rc1,2,0.8374969229951567,0.0001853018803568,0.8425400000000002,0.00033
33087,1902,dhmix_472822428299818953,747,EnthalpyOfMixing,<Substance CC(C)CC(C)(C)C{solv}{x=0.700500}|CCCCO{solv}{x=0.299500}>,CC(C)CC(C)(C)C,CCCCO,openff-2.3.0rc1,2,0.7267079065372855,0.0501910437476919,0.6228,0.0028
33088,1903,dhmix_628387028768654403,748,EnthalpyOfMixing,<Substance CC(C)CC(C)(C)C{solv}{x=0.499900}|CCCCO{solv}{x=0.500100}>,CC(C)CC(C)(C)C,CCCCO,openff-2.3.0rc1,2,0.7767159721583852,0.0444818507137397,0.5938,0.0027
33089,1904,dens_631668933678639865,749,Density,<Substance CC(C)CC(C)(C)C{solv}{x=0.200000}|CCCCO{solv}{x=0.800000}>,CC(C)CC(C)(C)C,CCCCO,openff-2.3.0rc1,2,0.7728240137805088,0.0002004937471205,0.7696800000000001,0.000295
33090,1905,dens_1394470087977586253,750,Density,<Substance CC(C)CC(C)(C)C{solv}{x=0.500000}|CCCCO{solv}{x=0.500000}>,CC(C)CC(C)(C)C,CCCCO,openff-2.3.0rc1,2,0.7389864160028518,0.0002135450748124,0.7294000000000002,0.000285
33091,1906,dens_1809610870413503056,751,Density,<Substance CC(C)CC(C)(C)C{solv}{x=0.699900}|CCCCO{solv}{x=0.300100}>,CC(C)CC(C)(C)C,CCCCO,openff-2.3.0rc1,2,0.7218751223569931,0.0001845081391774,0.7097700000000001,0.000285
33092,1907,dhmix_2302589146189152767,752,EnthalpyOfMixing,<Substance CC(C)CC(C)(C)C{solv}{x=0.200200}|CCCCO{solv}{x=0.799800}>,CC(C)CC(C)(C)C,CCCCO,openff-2.3.0rc1,2,0.4144701196189118,0.0498007422480674,0.27646,0.003235
33093,1908,dens_486902622078179007,753,Density,<Substance COC=O{solv}{x=0.494600}|CO{solv}{x=0.505400}>,CO,COC=O,openff-2.3.0rc1,2,0.9008101719323393,0.0003615587783228,0.8956100000000002,7.500000000000002e-05
33094,1909,dens_750646162221180186,754,Density,<Substance COC=O{solv}{x=0.083300}|CO{solv}{x=0.916700}>,CO,COC=O,openff-2.3.0rc1,2,0.7995973417538924,0.0004454658121842,0.8088000000000002,9.000000000000002e-05
33095,1910,dhmix_1113631207235753369,755,EnthalpyOfMixing,<Substance COC=O{solv}{x=0.717800}|CO{solv}{x=0.282200}>,CO,COC=O,openff-2.3.0rc1,2,0.7207975335285467,0.0301476180249761,1.105,0.012
33096,1911,dhmix_2143911117683117531,756,EnthalpyOfMixing,<Substance COC=O{solv}{x=0.512700}|CO{solv}{x=0.487300}>,CO,COC=O,openff-2.3.0rc1,2,0.9097632875671144,0.0304409944066256,1.179,0.0125
33097,1912,dens_2148324189014877510,757,Density,<Substance COC=O{solv}{x=0.727100}|CO{solv}{x=0.272900}>,CO,COC=O,openff-2.3.0rc1,2,0.9436327361093366,0.0003517311887046,0.9321000000000004,8.000000000000002e-05
33098,1913,dhmix_2205254965267695203,758,EnthalpyOfMixing,<Substance COC=O{solv}{x=0.083300}|CO{solv}{x=0.916700}>,CO,COC=O,openff-2.3.0rc1,2,0.288156275563562,0.0256606045093829,0.311,0.0035
33099,1914,dhmix_497300242003673148,759,EnthalpyOfMixing,<Substance BrCCBr{solv}{x=0.284100}|CCCCOC(=O)CCC{solv}{x=0.715900}>,BrCCBr,CCCCOC(=O)CCC,openff-2.3.0rc1,2,-0.3436393311005048,0.0485269626756885,-0.054,0.001
33100,1915,dhmix_712261179736749495,760,EnthalpyOfMixing,<Substance BrCCBr{solv}{x=0.515300}|CCCCOC(=O)CCC{solv}{x=0.484700}>,BrCCBr,CCCCOC(=O)CCC,openff-2.3.0rc1,2,-0.553217133660084,0.0452227321799514,-0.027,0.0005
33101,1916,dens_846614854165535724,761,Density,<Substance BrCCBr{solv}{x=0.212900}|CCCCOC(=O)CCC{solv}{x=0.787100}>,BrCCBr,CCCCOC(=O)CCC,openff-2.3.0rc1,2,1.0190043301089566,0.0002028679014615,1.0245500000000003,0.00013
33102,1917,dens_1085110183353279404,762,Density,<Substance BrCCBr{solv}{x=0.730000}|CCCCOC(=O)CCC{solv}{x=0.270000}>,BrCCBr,CCCCOC(=O)CCC,openff-2.3.0rc1,2,1.603391698692567,0.0005106099996129,1.6231500000000003,0.000405
33103,1918,dhmix_2153957437015117204,763,EnthalpyOfMixing,<Substance BrCCBr{solv}{x=0.763900}|CCCCOC(=O)CCC{solv}{x=0.236100}>,BrCCBr,CCCCOC(=O)CCC,openff-2.3.0rc1,2,-0.5106177774925698,0.0389900624529038,0.051,0.001
33104,1919,dens_2242615301342819560,764,Density,<Substance BrCCBr{solv}{x=0.449300}|CCCCOC(=O)CCC{solv}{x=0.550700}>,BrCCBr,CCCCOC(=O)CCC,openff-2.3.0rc1,2,1.2430473572045988,0.0002785603478323,1.2506100000000002,0.000225
33105,1920,dens_501060706627477242,765,Density,<Substance OC1=NCCC1{solv}{x=0.500000}|O{solv}{x=0.500000}>,O,OC1=NCCC1,openff-2.3.0rc1,2,1.0603053668054658,0.0003551487598583,1.0977070000000004,0.0005555
33106,1921,dens_929065521104254808,766,Density,<Substance OC1=NCCC1{solv}{x=0.744800}|O{solv}{x=0.255200}>,O,OC1=NCCC1,openff-2.3.0rc1,2,1.069916285893192,0.0003410585587655,1.1044310000000004,0.000577
33107,1922,dhmix_1128968771311392860,767,EnthalpyOfMixing,<Substance OC1=NCCC1{solv}{x=0.769300}|O{solv}{x=0.230700}>,O,OC1=NCCC1,openff-2.3.0rc1,2,0.7809202583123493,0.0351048192168756,-0.678,0.1695
33108,1923,dens_1192491633684345401,768,Density,<Substance OC1=NCCC1{solv}{x=0.246800}|O{solv}{x=0.753200}>,O,OC1=NCCC1,openff-2.3.0rc1,2,1.0402897804411495,0.0003940109730869,1.077068,0.0004905
33109,1924,dhmix_1775375132531538271,769,EnthalpyOfMixing,<Substance OC1=NCCC1{solv}{x=0.478300}|O{solv}{x=0.521700}>,O,OC1=NCCC1,openff-2.3.0rc1,2,0.827573538188517,0.0282488596594544,-0.8384,0.20965
33110,1925,dhmix_1895825007089845103,770,EnthalpyOfMixing,<Substance OC1=NCCC1{solv}{x=0.231900}|O{solv}{x=0.768100}>,O,OC1=NCCC1,openff-2.3.0rc1,2,0.6279427307627117,0.0235329695147642,-0.5238,0.13095
33111,1926,dens_502738970558558534,771,Density,<Substance BrCCBr{solv}{x=0.749000}|COC=O{solv}{x=0.251000}>,BrCCBr,COC=O,openff-2.3.0rc1,2,1.8962612870755824,0.0006573707108854,1.9319600000000008,0.003535
33112,1927,dhmix_523129341332875255,772,EnthalpyOfMixing,<Substance BrCCBr{solv}{x=0.059500}|COC=O{solv}{x=0.940500}>,BrCCBr,COC=O,openff-2.3.0rc1,2,0.0583201379872329,0.0375415182886344,0.1715,0.00215
33113,1928,dens_528986974844153101,773,Density,<Substance BrCCBr{solv}{x=0.059800}|COC=O{solv}{x=0.940200}>,BrCCBr,COC=O,openff-2.3.0rc1,2,1.079615816476017,0.0003471845003167,1.06428,0.00056
33114,1929,dhmix_1521152703631810888,774,EnthalpyOfMixing,<Substance BrCCBr{solv}{x=0.757400}|COC=O{solv}{x=0.242600}>,BrCCBr,COC=O,openff-2.3.0rc1,2,0.6603521527066398,0.0306387177871103,0.653,0.00585
33115,1930,dhmix_1685647138770344206,775,EnthalpyOfMixing,<Substance BrCCBr{solv}{x=0.528100}|COC=O{solv}{x=0.471900}>,BrCCBr,COC=O,openff-2.3.0rc1,2,0.637608796179876,0.0310162031119065,0.8123,0.00705
33116,1931,dens_1945150067923572864,776,Density,<Substance BrCCBr{solv}{x=0.501500}|COC=O{solv}{x=0.498500}>,BrCCBr,COC=O,openff-2.3.0rc1,2,1.6540859095897271,0.0005999765159928,1.6620300000000003,0.00232
33117,1932,dens_511283508189056955,777,Density,<Substance CCO{solv}{x=0.291400}|CN(C)CCO{solv}{x=0.708600}>,CCO,CN(C)CCO,openff-2.3.0rc1,2,0.8891169914885261,0.0002176311417499,0.8710100000000002,0.000165
33118,1933,dhmix_1055456388735168345,778,EnthalpyOfMixing,<Substance CCO{solv}{x=0.508400}|CN(C)CCO{solv}{x=0.491600}>,CCO,CN(C)CCO,openff-2.3.0rc1,2,-0.5853156714906618,0.0460309642236376,-0.4044,0.0044
33119,1934,dens_1119930253414624267,779,Density,<Substance CCO{solv}{x=0.699500}|CN(C)CCO{solv}{x=0.300500}>,CCO,CN(C)CCO,openff-2.3.0rc1,2,0.8445983166934048,0.0002827354098144,0.8345000000000002,0.000135
33120,1935,dhmix_1132835222292135012,780,EnthalpyOfMixing,<Substance CCO{solv}{x=0.268600}|CN(C)CCO{solv}{x=0.731400}>,CCO,CN(C)CCO,openff-2.3.0rc1,2,-0.4695748334375906,0.0374557785368261,-0.2783,0.0031
33121,1936,dens_1964926738263319597,781,Density,<Substance CCO{solv}{x=0.494900}|CN(C)CCO{solv}{x=0.505100}>,CCO,CN(C)CCO,openff-2.3.0rc1,2,0.8693426187400275,0.0002515331374725,0.8566200000000002,0.00015
33122,1937,dhmix_2011138895468245368,782,EnthalpyOfMixing,<Substance CCO{solv}{x=0.733500}|CN(C)CCO{solv}{x=0.266500}>,CCO,CN(C)CCO,openff-2.3.0rc1,2,-0.4504732543402099,0.0366864364909015,-0.3657,0.004
33123,1938,dhmix_517287783481256565,783,EnthalpyOfMixing,<Substance CN(C)C=O{solv}{x=0.701000}|ClCCCCCl{solv}{x=0.299000}>,CN(C)C=O,ClCCCCCl,openff-2.3.0rc1,2,0.4098674617645059,0.0371757847952952,-0.052,0.002
33124,1939,dens_765057686797526715,784,Density,<Substance CN(C)C=O{solv}{x=0.794300}|ClCCCCCl{solv}{x=0.205700}>,CN(C)C=O,ClCCCCCl,openff-2.3.0rc1,2,0.9697839903046788,0.0002687756870316,0.9934000000000002,0.00245
33125,1940,dens_1092490027864410415,785,Density,<Substance CN(C)C=O{solv}{x=0.502200}|ClCCCCCl{solv}{x=0.497800}>,CN(C)C=O,ClCCCCCl,openff-2.3.0rc1,2,1.0318089347237145,0.0002587782847518,1.0524000000000004,0.0022
33126,1941,dens_1571926938169630329,786,Density,<Substance CN(C)C=O{solv}{x=0.299400}|ClCCCCCl{solv}{x=0.700600}>,CN(C)C=O,ClCCCCCl,openff-2.3.0rc1,2,1.0677496439491925,0.0002712622165195,1.0879000000000003,0.0021
33127,1942,dhmix_1989422051580285053,787,EnthalpyOfMixing,<Substance CN(C)C=O{solv}{x=0.501000}|ClCCCCCl{solv}{x=0.499000}>,CN(C)C=O,ClCCCCCl,openff-2.3.0rc1,2,0.4887076230563494,0.0416191100284269,-0.056,0.002
33128,1943,dhmix_2190775305913174779,788,EnthalpyOfMixing,<Substance CN(C)C=O{solv}{x=0.204000}|ClCCCCCl{solv}{x=0.796000}>,CN(C)C=O,ClCCCCCl,openff-2.3.0rc1,2,0.3528950075038892,0.0441053830698857,-0.039,0.002
33129,1944,dens_518199256039095036,789,Density,<Substance CCCCO{solv}{x=0.496400}|NCCN{solv}{x=0.503600}>,CCCCO,NCCN,openff-2.3.0rc1,2,0.8785577870112434,0.0002578065281229,0.8519430000000002,0.000219
33130,1945,dens_866492593379488722,790,Density,<Substance CCCCO{solv}{x=0.739800}|NCCN{solv}{x=0.260200}>,CCCCO,NCCN,openff-2.3.0rc1,2,0.8385813586662181,0.0002389574928427,0.8325090000000002,0.000221
33131,1946,dens_2064365769538781360,791,Density,<Substance CCCCO{solv}{x=0.291900}|NCCN{solv}{x=0.708100}>,CCCCO,NCCN,openff-2.3.0rc1,2,0.9180639206050428,0.0002290353511178,0.8676960000000002,0.0002205
33132,1947,dens_520201021244222151,792,Density,<Substance O=C1CCCO1{solv}{x=0.300000}|O{solv}{x=0.700000}>,O,O=C1CCCO1,openff-2.3.0rc1,2,1.0535506537071535,0.0003797080799329,1.0886000000000002,0.0001
33133,1948,dens_2198925124601089428,793,Density,<Substance O=C1CCCO1{solv}{x=0.500000}|O{solv}{x=0.500000}>,O,O=C1CCCO1,openff-2.3.0rc1,2,1.0730327962608053,0.0003083543107787,1.1059000000000003,0.0001
33134,1949,dens_2272207838075726438,794,Density,<Substance O=C1CCCO1{solv}{x=0.800000}|O{solv}{x=0.200000}>,O,O=C1CCCO1,openff-2.3.0rc1,2,1.0906737294756987,0.0002511332152372,1.1182000000000003,0.0001
33135,1950,dhmix_524376395520217080,795,EnthalpyOfMixing,<Substance CC(C)CC(C)(C)C{solv}{x=0.440700}|CCCC(=O)OC{solv}{x=0.559300}>,CC(C)CC(C)(C)C,CCCC(=O)OC,openff-2.3.0rc1,2,1.4932088467023164,0.0485029097379263,1.053,0.0115
33136,1951,dens_581090592491592243,796,Density,<Substance CC(C)CC(C)(C)C{solv}{x=0.298100}|CCCC(=O)OC{solv}{x=0.701900}>,CC(C)CC(C)(C)C,CCCC(=O)OC,openff-2.3.0rc1,2,0.8165220626782524,0.0002183751110511,0.8119000000000002,0.000505
33137,1952,dens_1497434747823371430,797,Density,<Substance CC(C)CC(C)(C)C{solv}{x=0.724300}|CCCC(=O)OC{solv}{x=0.275700}>,CC(C)CC(C)(C)C,CCCC(=O)OC,openff-2.3.0rc1,2,0.740178154080495,0.0002006979311521,0.7279000000000001,0.000505
33138,1953,dhmix_1614087501371550297,798,EnthalpyOfMixing,<Substance CC(C)CC(C)(C)C{solv}{x=0.762900}|CCCC(=O)OC{solv}{x=0.237100}>,CC(C)CC(C)(C)C,CCCC(=O)OC,openff-2.3.0rc1,2,1.170598723328169,0.0483769005293216,0.789,0.0085
33139,1954,dens_1842979547629422953,799,Density,<Substance CC(C)CC(C)(C)C{solv}{x=0.441000}|CCCC(=O)OC{solv}{x=0.559000}>,CC(C)CC(C)(C)C,CCCC(=O)OC,openff-2.3.0rc1,2,0.7874913858511141,0.0002092616182807,0.7803000000000001,0.000505
33140,1955,dhmix_2246911102339588209,800,EnthalpyOfMixing,<Substance CC(C)CC(C)(C)C{solv}{x=0.298200}|CCCC(=O)OC{solv}{x=0.701800}>,CC(C)CC(C)(C)C,CCCC(=O)OC,openff-2.3.0rc1,2,1.22886580489007,0.047956539410558,0.884,0.0095
33141,1956,dhmix_536798507677319129,801,EnthalpyOfMixing,<Substance C1COCO1{solv}{x=0.267900}|Cc1ccccc1Cl{solv}{x=0.732100}>,C1COCO1,Cc1ccccc1Cl,openff-2.3.0rc1,2,0.2326264703164753,0.044456399603273,0.272,0.0015
33142,1957,dens_559535483529614058,802,Density,<Substance C1COCO1{solv}{x=0.726600}|Cc1ccccc1Cl{solv}{x=0.273400}>,C1COCO1,Cc1ccccc1Cl,openff-2.3.0rc1,2,1.0934776972829194,0.0002762949744746,1.0652000000000004,0.0005
33143,1958,dens_731520844601672570,803,Density,<Substance C1COCO1{solv}{x=0.268500}|Cc1ccccc1Cl{solv}{x=0.731500}>,C1COCO1,Cc1ccccc1Cl,openff-2.3.0rc1,2,1.0756164149206315,0.0002673404809551,1.0630000000000002,0.0005
33144,1959,dens_839907656840905053,804,Density,<Substance C1COCO1{solv}{x=0.516900}|Cc1ccccc1Cl{solv}{x=0.483100}>,C1COCO1,Cc1ccccc1Cl,openff-2.3.0rc1,2,1.089823689827795,0.0002545135616623,1.0694000000000004,0.0005
33145,1960,dhmix_1308085019204784636,805,EnthalpyOfMixing,<Substance C1COCO1{solv}{x=0.500900}|Cc1ccccc1Cl{solv}{x=0.499100}>,C1COCO1,Cc1ccccc1Cl,openff-2.3.0rc1,2,0.3715723263528048,0.0398522535665145,0.393,0.002
33146,1961,dhmix_1924685013370154802,806,EnthalpyOfMixing,<Substance C1COCO1{solv}{x=0.760400}|Cc1ccccc1Cl{solv}{x=0.239600}>,C1COCO1,Cc1ccccc1Cl,openff-2.3.0rc1,2,0.2836959867518374,0.0304697237848774,0.313,0.0015
33147,1962,dhmix_549919019055097043,807,EnthalpyOfMixing,<Substance C1CCCCC1{solv}{x=0.799100}|CC(C)O{solv}{x=0.200900}>,C1CCCCC1,CC(C)O,openff-2.3.0rc1,2,0.7297560367844866,0.0449030088483396,0.702,0.017
33148,1963,dhmix_1101575580592240663,808,EnthalpyOfMixing,<Substance C1CCCCC1{solv}{x=0.199500}|CC(C)O{solv}{x=0.800500}>,C1CCCCC1,CC(C)O,openff-2.3.0rc1,2,0.4598003935383097,0.0337816286203632,0.438,0.011
33149,1964,dhmix_1262965345724899699,809,EnthalpyOfMixing,<Substance C1CCCCC1{solv}{x=0.498400}|CC(C)O{solv}{x=0.501600}>,C1CCCCC1,CC(C)O,openff-2.3.0rc1,2,0.8889176712459985,0.0369238837949517,0.801,0.0195
33150,1965,dens_1431184569437551541,810,Density,<Substance C1CCCCC1{solv}{x=0.705800}|CC(C)O{solv}{x=0.294200}>,C1CCCCC1,CC(C)O,openff-2.3.0rc1,2,0.7610261220191109,0.0002262014321963,0.7711100000000002,0.000245
33151,1966,dens_2097249982689376165,811,Density,<Substance C1CCCCC1{solv}{x=0.200000}|CC(C)O{solv}{x=0.800000}>,C1CCCCC1,CC(C)O,openff-2.3.0rc1,2,0.7859140747231278,0.0002413846925409,0.7761000000000002,0.0003
33152,1967,dens_2130071224188444793,812,Density,<Substance C1CCCCC1{solv}{x=0.503900}|CC(C)O{solv}{x=0.496100}>,C1CCCCC1,CC(C)O,openff-2.3.0rc1,2,0.7682997303922802,0.0002178861717511,0.7719000000000001,0.0003
33153,1968,dens_562489367284385084,813,Density,<Substance CCCCC(=O)OC{solv}{x=0.251100}|COC(C)=O{solv}{x=0.748900}>,CCCCC(=O)OC,COC(C)=O,openff-2.3.0rc1,2,0.9123438295868556,0.0002638153901667,0.9105300000000002,0.000505
33154,1969,dhmix_814771684244180933,814,EnthalpyOfMixing,<Substance CCCCC(=O)OC{solv}{x=0.733900}|COC(C)=O{solv}{x=0.266100}>,CCCCC(=O)OC,COC(C)=O,openff-2.3.0rc1,2,0.0625780467383952,0.0469080881987457,0.178,0.002
33155,1970,dhmix_915202362324204655,815,EnthalpyOfMixing,<Substance CCCCC(=O)OC{solv}{x=0.505500}|COC(C)=O{solv}{x=0.494500}>,CCCCC(=O)OC,COC(C)=O,openff-2.3.0rc1,2,0.0556783498586348,0.0442840230022836,0.238,0.0025
33156,1971,dhmix_935892165648195197,816,EnthalpyOfMixing,<Substance CCCCC(=O)OC{solv}{x=0.234700}|COC(C)=O{solv}{x=0.765300}>,CCCCC(=O)OC,COC(C)=O,openff-2.3.0rc1,2,0.0665621775665457,0.0356028702999999,0.173,0.002
33157,1972,dens_961692445804333991,817,Density,<Substance CCCCC(=O)OC{solv}{x=0.738300}|COC(C)=O{solv}{x=0.261700}>,CCCCC(=O)OC,COC(C)=O,openff-2.3.0rc1,2,0.8897451593275865,0.0002386657683648,0.8914700000000002,0.000505
33158,1973,dens_1493380961688632529,818,Density,<Substance CCCCC(=O)OC{solv}{x=0.493500}|COC(C)=O{solv}{x=0.506500}>,CCCCC(=O)OC,COC(C)=O,openff-2.3.0rc1,2,0.8995230061970111,0.00023240264435,0.8996200000000002,0.000505
33159,1974,dhmix_563342363018905515,819,EnthalpyOfMixing,<Substance CCOC(=O)CC(C)=O{solv}{x=0.751400}|O{solv}{x=0.248600}>,CCOC(=O)CC(C)=O,O,openff-2.3.0rc1,2,0.9088266289567172,0.0444259095414106,1.128,0.012
33160,1975,dhmix_1385095028103136291,820,EnthalpyOfMixing,<Substance CCOC(=O)CC(C)=O{solv}{x=0.449100}|O{solv}{x=0.550900}>,CCOC(=O)CC(C)=O,O,openff-2.3.0rc1,2,0.7623930939060983,0.033563374407829,0.684,0.0075
33161,1976,dhmix_1609967394780907654,821,EnthalpyOfMixing,<Substance CCOC(=O)CC(C)=O{solv}{x=0.299400}|O{solv}{x=0.700600}>,CCOC(=O)CC(C)=O,O,openff-2.3.0rc1,2,0.6221138693876043,0.03327272655892,0.428,0.005
33162,1977,dhmix_566259260175961973,822,EnthalpyOfMixing,<Substance CCCCO{solv}{x=0.144700}|OC1=NCCC1{solv}{x=0.855300}>,CCCCO,OC1=NCCC1,openff-2.3.0rc1,2,0.6959114731930072,0.04000312584962,0.0949,0.0012
33163,1978,dens_1146983614802652988,823,Density,<Substance CCCCO{solv}{x=0.500400}|OC1=NCCC1{solv}{x=0.499600}>,CCCCO,OC1=NCCC1,openff-2.3.0rc1,2,0.9343139922550256,0.0001984434775947,0.94503,0.00015
33164,1979,dhmix_1601732489230179724,824,EnthalpyOfMixing,<Substance CCCCO{solv}{x=0.497800}|OC1=NCCC1{solv}{x=0.502200}>,CCCCO,OC1=NCCC1,openff-2.3.0rc1,2,1.360045992651429,0.0331930450403166,0.2326,0.0026
33165,1980,dhmix_1661138478850718837,825,EnthalpyOfMixing,<Substance CCCCO{solv}{x=0.754800}|OC1=NCCC1{solv}{x=0.245200}>,CCCCO,OC1=NCCC1,openff-2.3.0rc1,2,1.1996857976323092,0.0411682653235413,0.2356,0.00265
33166,1981,dens_1878955695276199878,826,Density,<Substance CCCCO{solv}{x=0.144600}|OC1=NCCC1{solv}{x=0.855400}>,CCCCO,OC1=NCCC1,openff-2.3.0rc1,2,1.0317128540280784,0.0002354345522952,1.0575900000000005,0.000205
33167,1982,dens_2101998760005952263,827,Density,<Substance CCCCO{solv}{x=0.755500}|OC1=NCCC1{solv}{x=0.244500}>,CCCCO,OC1=NCCC1,openff-2.3.0rc1,2,0.866382234011348,0.0002430010951633,0.8711500000000002,0.000185
33168,1983,dhmix_569012254773025696,828,EnthalpyOfMixing,<Substance CC(C)(C)O{solv}{x=0.505700}|OC1=NCCC1{solv}{x=0.494300}>,CC(C)(C)O,OC1=NCCC1,openff-2.3.0rc1,2,1.8042256085487625,0.0345241374030536,0.4323,0.0047
33169,1984,dens_992979807705536615,829,Density,<Substance CC(C)(C)O{solv}{x=0.751100}|OC1=NCCC1{solv}{x=0.248900}>,CC(C)(C)O,OC1=NCCC1,openff-2.3.0rc1,2,0.8757150891259357,0.0002449821619803,0.8505700000000003,0.000215
33170,1985,dens_1020722913861580636,830,Density,<Substance CC(C)(C)O{solv}{x=0.499700}|OC1=NCCC1{solv}{x=0.500300}>,CC(C)(C)O,OC1=NCCC1,openff-2.3.0rc1,2,0.9382112438360644,0.0003244590622371,0.9282800000000002,0.00018
33171,1986,dhmix_1408261346335628114,831,EnthalpyOfMixing,<Substance CC(C)(C)O{solv}{x=0.744900}|OC1=NCCC1{solv}{x=0.255100}>,CC(C)(C)O,OC1=NCCC1,openff-2.3.0rc1,2,1.761169740793321,0.0465739134995932,0.3774,0.00415
33172,1987,dhmix_1466823939183874689,832,EnthalpyOfMixing,<Substance CC(C)(C)O{solv}{x=0.257800}|OC1=NCCC1{solv}{x=0.742200}>,CC(C)(C)O,OC1=NCCC1,openff-2.3.0rc1,2,1.2579038813512966,0.0432159513481056,0.2874,0.0032
33173,1988,dens_1768273433543243004,833,Density,<Substance CC(C)(C)O{solv}{x=0.276400}|OC1=NCCC1{solv}{x=0.723600}>,CC(C)(C)O,OC1=NCCC1,openff-2.3.0rc1,2,0.997631493205852,0.0002358535323618,1.0036300000000002,0.000155
33174,1989,dens_571827819113574480,834,Density,<Substance CC(C)OC(C)C{solv}{x=0.700400}|Cc1ccccc1{solv}{x=0.299600}>,CC(C)OC(C)C,Cc1ccccc1,openff-2.3.0rc1,2,0.7713162013414407,0.0002377575906249,0.7573100000000001,0.000155
33175,1990,dhmix_686402805609192969,835,EnthalpyOfMixing,<Substance CC(C)OC(C)C{solv}{x=0.228000}|Cc1ccccc1{solv}{x=0.772000}>,CC(C)OC(C)C,Cc1ccccc1,openff-2.3.0rc1,2,-0.0658518820551563,0.0385947065752999,0.0593,0.00515
33176,1991,dhmix_1045652173440309018,836,EnthalpyOfMixing,<Substance CC(C)OC(C)C{solv}{x=0.752000}|Cc1ccccc1{solv}{x=0.248000}>,CC(C)OC(C)C,Cc1ccccc1,openff-2.3.0rc1,2,-0.0535975535147343,0.0498058017772115,-0.0091,0.00505
33177,1992,dhmix_1690461453403165745,837,EnthalpyOfMixing,<Substance CC(C)OC(C)C{solv}{x=0.455000}|Cc1ccccc1{solv}{x=0.545000}>,CC(C)OC(C)C,Cc1ccccc1,openff-2.3.0rc1,2,-0.063617287676891,0.037404792299042,0.0323,0.0051
33178,1993,dens_2086775654110573795,838,Density,<Substance CC(C)OC(C)C{solv}{x=0.200400}|Cc1ccccc1{solv}{x=0.799600}>,CC(C)OC(C)C,Cc1ccccc1,openff-2.3.0rc1,2,0.833904383098304,0.0002137442140062,0.8299700000000002,0.00014
33179,1994,dens_2167043968237201720,839,Density,<Substance CC(C)OC(C)C{solv}{x=0.500300}|Cc1ccccc1{solv}{x=0.499700}>,CC(C)OC(C)C,Cc1ccccc1,openff-2.3.0rc1,2,0.7956232279436902,0.0002247038545238,0.7849200000000002,0.000155
33180,1995,dhmix_578047845607378963,840,EnthalpyOfMixing,<Substance CN1CCCC1=O{solv}{x=0.635900}|c1ccncc1{solv}{x=0.364100}>,CN1CCCC1=O,c1ccncc1,openff-2.3.0rc1,2,-0.2940281978625947,0.0417843117858781,-0.4013,0.10035
33181,1996,dhmix_625120262301063359,841,EnthalpyOfMixing,<Substance CN1CCCC1=O{solv}{x=0.231200}|c1ccncc1{solv}{x=0.768800}>,CN1CCCC1=O,c1ccncc1,openff-2.3.0rc1,2,-0.2355125676428322,0.0378707295494354,-0.3157,0.07895
33182,1997,dens_1059919274311274879,842,Density,<Substance CN1CCCC1=O{solv}{x=0.521500}|c1ccncc1{solv}{x=0.478500}>,CN1CCCC1=O,c1ccncc1,openff-2.3.0rc1,2,0.995234382255916,0.000232577364831,1.0158200000000004,0.00051
33183,1998,dens_1445187430653020908,843,Density,<Substance CN1CCCC1=O{solv}{x=0.234800}|c1ccncc1{solv}{x=0.765200}>,CN1CCCC1=O,c1ccncc1,openff-2.3.0rc1,2,0.9878988810190116,0.0002280360104153,0.9983500000000004,0.00051
33184,1999,dhmix_1933003504821603087,844,EnthalpyOfMixing,<Substance CN1CCCC1=O{solv}{x=0.499500}|c1ccncc1{solv}{x=0.500500}>,CN1CCCC1=O,c1ccncc1,openff-2.3.0rc1,2,-0.397915556734377,0.0401803444087003,-0.4356,0.1089
33185,2000,dens_2199047009222847682,845,Density,<Substance CN1CCCC1=O{solv}{x=0.636400}|c1ccncc1{solv}{x=0.363600}>,CN1CCCC1=O,c1ccncc1,openff-2.3.0rc1,2,0.9967509503932008,0.0002254512763287,1.0207400000000002,0.00051
33186,2001,dens_586351122522837789,846,Density,<Substance c1cc[nH]c1{solv}{x=0.820700}|c1ccccc1{solv}{x=0.179300}>,c1cc[nH]c1,c1ccccc1,openff-2.3.0rc1,2,0.9580856896542074,0.0002429970925677,0.9503300000000002,0.000195
33187,2002,dhmix_1101447260293284221,847,EnthalpyOfMixing,<Substance c1cc[nH]c1{solv}{x=0.494000}|c1ccccc1{solv}{x=0.506000}>,c1cc[nH]c1,c1ccccc1,openff-2.3.0rc1,2,0.5772182100770351,0.0352925682991872,0.609,0.00395
33188,2003,dens_1366042600317618213,848,Density,<Substance c1cc[nH]c1{solv}{x=0.503000}|c1ccccc1{solv}{x=0.497000}>,c1cc[nH]c1,c1ccccc1,openff-2.3.0rc1,2,0.9227201928875408,0.0001936122039372,0.9220400000000002,0.00019
33189,2004,dens_2042223650153961549,849,Density,<Substance c1cc[nH]c1{solv}{x=0.314200}|c1ccccc1{solv}{x=0.685800}>,c1cc[nH]c1,c1ccccc1,openff-2.3.0rc1,2,0.9053284433042342,0.0001922167016879,0.9043500000000002,0.000195
33190,2005,dhmix_2080652523589171296,850,EnthalpyOfMixing,<Substance c1cc[nH]c1{solv}{x=0.820800}|c1ccccc1{solv}{x=0.179200}>,c1cc[nH]c1,c1ccccc1,openff-2.3.0rc1,2,0.3531269469551432,0.0371007306784868,0.3441,0.00245
33191,2006,dhmix_2101365800313583195,851,EnthalpyOfMixing,<Substance c1cc[nH]c1{solv}{x=0.314000}|c1ccccc1{solv}{x=0.686000}>,c1cc[nH]c1,c1ccccc1,openff-2.3.0rc1,2,0.5405285827806026,0.0354399012213793,0.5893,0.00385
33192,2007,dens_592296207180530796,852,Density,<Substance C1CCNCC1{solv}{x=0.250000}|O{solv}{x=0.750000}>,C1CCNCC1,O,openff-2.3.0rc1,2,0.9064291818153114,0.0003861684868716,0.9379600000000002,0.000185
33193,2008,dhmix_598563182385523239,853,EnthalpyOfMixing,<Substance C1CCNCC1{solv}{x=0.750000}|O{solv}{x=0.250000}>,C1CCNCC1,O,openff-2.3.0rc1,2,-0.455171601910358,0.0369894546347329,-1.4628,0.02995
33194,2009,dens_1144696340343060729,854,Density,<Substance C1CCNCC1{solv}{x=0.500000}|O{solv}{x=0.500000}>,C1CCNCC1,O,openff-2.3.0rc1,2,0.8833402875573846,0.0002836403191105,0.90329,0.000235
33195,2010,dens_1551117370864361960,855,Density,<Substance C1CCNCC1{solv}{x=0.750000}|O{solv}{x=0.250000}>,C1CCNCC1,O,openff-2.3.0rc1,2,0.8705946441076704,0.0002508939204902,0.8771300000000002,0.000285
33196,2011,dhmix_2023343497633678069,856,EnthalpyOfMixing,<Substance C1CCNCC1{solv}{x=0.500000}|O{solv}{x=0.500000}>,C1CCNCC1,O,openff-2.3.0rc1,2,-0.6995342149767492,0.0331975959576313,-2.1379,0.04355
33197,2012,dhmix_2169709193905404129,857,EnthalpyOfMixing,<Substance C1CCNCC1{solv}{x=0.250000}|O{solv}{x=0.750000}>,C1CCNCC1,O,openff-2.3.0rc1,2,-0.449829459721391,0.0283322301006839,-1.9642,0.04065
33198,2013,dhmix_597694390671293228,858,EnthalpyOfMixing,<Substance C1CCCCC1{solv}{x=0.495000}|c1cc[nH]c1{solv}{x=0.505000}>,C1CCCCC1,c1cc[nH]c1,openff-2.3.0rc1,2,1.5660988770892814,0.039951227925365,1.4275,0.00895
33199,2014,dens_1402964712081643759,859,Density,<Substance C1CCCCC1{solv}{x=0.281700}|c1cc[nH]c1{solv}{x=0.718300}>,C1CCCCC1,c1cc[nH]c1,openff-2.3.0rc1,2,0.890062518251481,0.0002922815475091,0.9082800000000002,0.00023
33200,2015,dens_1463337814181203578,860,Density,<Substance C1CCCCC1{solv}{x=0.925100}|c1cc[nH]c1{solv}{x=0.074900}>,C1CCCCC1,c1cc[nH]c1,openff-2.3.0rc1,2,0.7644015161473682,0.0002496603040985,0.7860300000000001,0.00026
33201,2016,dens_1586039458655447443,861,Density,<Substance C1CCCCC1{solv}{x=0.494200}|c1cc[nH]c1{solv}{x=0.505800}>,C1CCCCC1,c1cc[nH]c1,openff-2.3.0rc1,2,0.8383435514887322,0.0002465365593408,0.8661300000000002,0.000235
33202,2017,dhmix_1650717903260721901,862,EnthalpyOfMixing,<Substance C1CCCCC1{solv}{x=0.924800}|c1cc[nH]c1{solv}{x=0.075200}>,C1CCCCC1,c1cc[nH]c1,openff-2.3.0rc1,2,0.8113065629126623,0.046302265287426,0.7315,0.00535
33203,2018,dhmix_1709124910710738018,863,EnthalpyOfMixing,<Substance C1CCCCC1{solv}{x=0.281800}|c1cc[nH]c1{solv}{x=0.718200}>,C1CCCCC1,c1cc[nH]c1,openff-2.3.0rc1,2,1.2821941124970877,0.0398062873478705,1.245,0.00795
33204,2019,dhmix_602003453564252918,864,EnthalpyOfMixing,<Substance COc1ccccc1{solv}{x=0.767000}|OCCc1ccccc1{solv}{x=0.233000}>,COc1ccccc1,OCCc1ccccc1,openff-2.3.0rc1,2,0.9521343256026356,0.048869572495987,1.1154,0.01195
33205,2020,dhmix_831666159864093343,865,EnthalpyOfMixing,<Substance COc1ccccc1{solv}{x=0.267800}|OCCc1ccccc1{solv}{x=0.732200}>,COc1ccccc1,OCCc1ccccc1,openff-2.3.0rc1,2,0.9035995939895828,0.0515402937788487,0.688,0.00745
33206,2021,dhmix_1415130215717622630,866,EnthalpyOfMixing,<Substance COc1ccccc1{solv}{x=0.523200}|OCCc1ccccc1{solv}{x=0.476800}>,COc1ccccc1,OCCc1ccccc1,openff-2.3.0rc1,2,0.7890768003687967,0.0439625216437054,1.0457,0.0112
33207,2022,dens_2018050376435813399,867,Density,<Substance COc1ccccc1{solv}{x=0.767300}|OCCc1ccccc1{solv}{x=0.232700}>,COc1ccccc1,OCCc1ccccc1,openff-2.3.0rc1,2,0.9838001676332048,0.0002083231302245,0.9869000000000002,0.00026
33208,2023,dens_2083067547090229321,868,Density,<Substance COc1ccccc1{solv}{x=0.524500}|OCCc1ccccc1{solv}{x=0.475500}>,COc1ccccc1,OCCc1ccccc1,openff-2.3.0rc1,2,0.9927103596527158,0.0001799216904546,0.9943600000000002,0.00026
33209,2024,dens_2108796896152795987,869,Density,<Substance COc1ccccc1{solv}{x=0.212100}|OCCc1ccccc1{solv}{x=0.787900}>,COc1ccccc1,OCCc1ccccc1,openff-2.3.0rc1,2,1.0037199685580562,0.0002069238022979,1.0032600000000005,0.00026
33210,2025,dhmix_607389561715885318,870,EnthalpyOfMixing,<Substance CC(C)O{solv}{x=0.750600}|CCOC(=O)CC(=O)OCC{solv}{x=0.249400}>,CC(C)O,CCOC(=O)CC(=O)OCC,openff-2.3.0rc1,2,1.9610522951353175,0.0362615244758488,1.955,0.021
33211,2026,dhmix_970997719035766241,871,EnthalpyOfMixing,<Substance CC(C)O{solv}{x=0.249200}|CCOC(=O)CC(=O)OCC{solv}{x=0.750800}>,CC(C)O,CCOC(=O)CC(=O)OCC,openff-2.3.0rc1,2,1.584413122524012,0.0471845867154648,1.804,0.0195
33212,2027,dens_1055220895195342210,872,Density,<Substance CC(C)O{solv}{x=0.700000}|CCOC(=O)CC(=O)OCC{solv}{x=0.300000}>,CC(C)O,CCOC(=O)CC(=O)OCC,openff-2.3.0rc1,2,0.9204560799009116,0.0002186184371738,0.9013080000000002,0.000163
33213,2028,dens_1059428282849222105,873,Density,<Substance CC(C)O{solv}{x=0.500100}|CCOC(=O)CC(=O)OCC{solv}{x=0.499900}>,CC(C)O,CCOC(=O)CC(=O)OCC,openff-2.3.0rc1,2,0.9732489928043732,0.0002023801521183,0.9563730000000004,0.0001215
33214,2029,dhmix_2225069850502215858,874,EnthalpyOfMixing,<Substance CC(C)O{solv}{x=0.499700}|CCOC(=O)CC(=O)OCC{solv}{x=0.500300}>,CC(C)O,CCOC(=O)CC(=O)OCC,openff-2.3.0rc1,2,2.2606345448702143,0.0422603726077269,2.369,0.0255
33215,2030,dens_2227064517025896927,875,Density,<Substance CC(C)O{solv}{x=0.200000}|CCOC(=O)CC(=O)OCC{solv}{x=0.800000}>,CC(C)O,CCOC(=O)CC(=O)OCC,openff-2.3.0rc1,2,1.0298450623493631,0.0001659768600338,1.0176930000000002,0.000103
33216,2031,dhmix_614525131410782877,876,EnthalpyOfMixing,<Substance CCCCCC(C)=O{solv}{x=0.491300}|CCCCNCCCC{solv}{x=0.508700}>,CCCCCC(C)=O,CCCCNCCCC,openff-2.3.0rc1,2,-0.0461282014416752,0.0509482863547761,0.278,0.003
33217,2032,dhmix_1051001364116056564,877,EnthalpyOfMixing,<Substance CCCCCC(C)=O{solv}{x=0.781100}|CCCCNCCCC{solv}{x=0.218900}>,CCCCCC(C)=O,CCCCNCCCC,openff-2.3.0rc1,2,-0.0717442079947474,0.0513452266779426,0.164,0.002
33218,2033,dens_1087422962538109584,878,Density,<Substance CCCCCC(C)=O{solv}{x=0.449900}|CCCCNCCCC{solv}{x=0.550100}>,CCCCCC(C)=O,CCCCNCCCC,openff-2.3.0rc1,2,0.7759412775584011,0.0001798479612043,0.7778490000000002,9.250000000000004e-05
33219,2034,dens_1830187222448876426,879,Density,<Substance CCCCCC(C)=O{solv}{x=0.209700}|CCCCNCCCC{solv}{x=0.790300}>,CCCCCC(C)=O,CCCCNCCCC,openff-2.3.0rc1,2,0.7664575886702737,0.0001628795595022,0.7655110000000002,8.400000000000002e-05
33220,2035,dens_2113849591242853193,880,Density,<Substance CCCCCC(C)=O{solv}{x=0.750900}|CCCCNCCCC{solv}{x=0.249100}>,CCCCCC(C)=O,CCCCNCCCC,openff-2.3.0rc1,2,0.7882426456579297,0.0001844038740887,0.7951660000000003,0.000105
33221,2036,dhmix_2131918011494960609,881,EnthalpyOfMixing,<Substance CCCCCC(C)=O{solv}{x=0.294700}|CCCCNCCCC{solv}{x=0.705300}>,CCCCCC(C)=O,CCCCNCCCC,openff-2.3.0rc1,2,-0.0263460542349491,0.0533792065968307,0.256,0.003
33222,2037,dhmix_618866445574413387,882,EnthalpyOfMixing,<Substance C1CCOCC1{solv}{x=0.442500}|Cc1ccccc1C{solv}{x=0.557500}>,C1CCOCC1,Cc1ccccc1C,openff-2.3.0rc1,2,0.0051527133597346,0.0419351339238661,-0.0342,0.0006
33223,2038,dens_643927890193937545,883,Density,<Substance C1CCOCC1{solv}{x=0.518700}|Cc1ccccc1C{solv}{x=0.481300}>,C1CCOCC1,Cc1ccccc1C,openff-2.3.0rc1,2,0.8679612758160647,0.0002594858022834,0.8779900000000003,0.0005
33224,2039,dhmix_1129414916141538177,884,EnthalpyOfMixing,<Substance C1CCOCC1{solv}{x=0.744300}|Cc1ccccc1C{solv}{x=0.255700}>,C1CCOCC1,Cc1ccccc1C,openff-2.3.0rc1,2,-0.0278632060387877,0.0462786991110945,0.0421,0.00065
33225,2040,dens_1429468909820653032,885,Density,<Substance C1CCOCC1{solv}{x=0.231800}|Cc1ccccc1C{solv}{x=0.768200}>,C1CCOCC1,Cc1ccccc1C,openff-2.3.0rc1,2,0.8664832417902765,0.0002148741411171,0.8770400000000002,0.0005
33226,2041,dens_1442497603142913792,886,Density,<Substance C1CCOCC1{solv}{x=0.772900}|Cc1ccccc1C{solv}{x=0.227100}>,C1CCOCC1,Cc1ccccc1C,openff-2.3.0rc1,2,0.8695830850254224,0.0002270325752964,0.8787800000000002,0.000505
33227,2042,dhmix_2268256048157488415,887,EnthalpyOfMixing,<Substance C1CCOCC1{solv}{x=0.245400}|Cc1ccccc1C{solv}{x=0.754600}>,C1CCOCC1,Cc1ccccc1C,openff-2.3.0rc1,2,-0.069209758875445,0.0474585019318459,-0.0613,0.00085
33228,2043,dens_626398848152359169,888,Density,<Substance C1COCCN1{solv}{x=0.498000}|O{solv}{x=0.502000}>,C1COCCN1,O,openff-2.3.0rc1,2,1.0367257008074344,0.000322356361948,1.0255000000000003,0.00255
33229,2044,dhmix_773913810754342365,889,EnthalpyOfMixing,<Substance C1COCCN1{solv}{x=0.714900}|O{solv}{x=0.285100}>,C1COCCN1,O,openff-2.3.0rc1,2,-1.4661929413770451,0.0343391358335668,-1.753,0.019
33230,2045,dhmix_1012297674499495059,890,EnthalpyOfMixing,<Substance C1COCCN1{solv}{x=0.201000}|O{solv}{x=0.799000}>,C1COCCN1,O,openff-2.3.0rc1,2,-1.078345307015553,0.0244220435641476,-2.758,0.0295
33231,2046,dens_1167008264969667349,891,Density,<Substance C1COCCN1{solv}{x=0.793000}|O{solv}{x=0.207000}>,C1COCCN1,O,openff-2.3.0rc1,2,1.0391200071478917,0.0003113099616854,1.0057000000000005,0.00245
33232,2047,dhmix_1871930573512426354,892,EnthalpyOfMixing,<Substance C1COCCN1{solv}{x=0.491100}|O{solv}{x=0.508900}>,C1COCCN1,O,openff-2.3.0rc1,2,-1.8959900715172464,0.0300704792146894,-3.131,0.0335
33233,2048,dens_2014911999593579414,893,Density,<Substance C1COCCN1{solv}{x=0.298000}|O{solv}{x=0.702000}>,C1COCCN1,O,openff-2.3.0rc1,2,1.0284380851970714,0.0003144936043759,1.0309000000000004,0.00255
33234,2049,dens_627753907231278660,894,Density,<Substance CCC(C)=O{solv}{x=0.753100}|CCCNCCC{solv}{x=0.246900}>,CCC(C)=O,CCCNCCC,openff-2.3.0rc1,2,0.7653059094933198,0.0002373165302388,0.7771510000000001,0.000109
33235,2050,dens_674236159588910357,895,Density,<Substance CCC(C)=O{solv}{x=0.244600}|CCCNCCC{solv}{x=0.755400}>,CCC(C)=O,CCCNCCC,openff-2.3.0rc1,2,0.7439898763122993,0.0002394785518654,0.7446230000000003,0.0001405
33236,2051,dhmix_749228177959685874,896,EnthalpyOfMixing,<Substance CCC(C)=O{solv}{x=0.235300}|CCCNCCC{solv}{x=0.764700}>,CCC(C)=O,CCCNCCC,openff-2.3.0rc1,2,0.0846808159738827,0.0459737683070947,0.299,0.0035
33237,2052,dhmix_1706960823617656563,897,EnthalpyOfMixing,<Substance CCC(C)=O{solv}{x=0.698400}|CCCNCCC{solv}{x=0.301600}>,CCC(C)=O,CCCNCCC,openff-2.3.0rc1,2,-0.0005101761995049,0.0422398923325944,0.334,0.0035
33238,2053,dhmix_2102794241345605516,898,EnthalpyOfMixing,<Substance CCC(C)=O{solv}{x=0.505000}|CCCNCCC{solv}{x=0.495000}>,CCC(C)=O,CCCNCCC,openff-2.3.0rc1,2,0.0253607382861389,0.0475347683109169,0.397,0.0045
33239,2054,dens_2224864308887622456,899,Density,<Substance CCC(C)=O{solv}{x=0.500600}|CCCNCCC{solv}{x=0.499400}>,CCC(C)=O,CCCNCCC,openff-2.3.0rc1,2,0.7536974315174776,0.0002226454504782,0.7590400000000002,0.000125
33240,2055,dhmix_628329103086906726,900,EnthalpyOfMixing,<Substance CC1CCCCC1{solv}{x=0.250400}|CCCO{solv}{x=0.749600}>,CC1CCCCC1,CCCO,openff-2.3.0rc1,2,0.4580881639180418,0.0375004027541804,0.321,0.0055
33241,2056,dhmix_989207392771680315,901,EnthalpyOfMixing,<Substance CC1CCCCC1{solv}{x=0.750500}|CCCO{solv}{x=0.249500}>,CC1CCCCC1,CCCO,openff-2.3.0rc1,2,0.5586383834473878,0.0491826044903025,0.574,0.0055
33242,2057,dens_1351260115393741606,902,Density,<Substance CC1CCCCC1{solv}{x=0.503100}|CCCO{solv}{x=0.496900}>,CC1CCCCC1,CCCO,openff-2.3.0rc1,2,0.7716569114504439,0.0002473009167384,0.7785600000000001,0.0039
33243,2058,dens_1376195506089851480,903,Density,<Substance CC1CCCCC1{solv}{x=0.202700}|CCCO{solv}{x=0.797300}>,CC1CCCCC1,CCCO,openff-2.3.0rc1,2,0.7850139417790298,0.0002954382529702,0.7942000000000002,0.00398
33244,2059,dens_1501229836503112732,904,Density,<Substance CC1CCCCC1{solv}{x=0.799000}|CCCO{solv}{x=0.201000}>,CC1CCCCC1,CCCO,openff-2.3.0rc1,2,0.7630560769884585,0.0002153714528402,0.7688300000000002,0.003855
33245,2060,dhmix_2109805019413953371,905,EnthalpyOfMixing,<Substance CC1CCCCC1{solv}{x=0.500400}|CCCO{solv}{x=0.499600}>,CC1CCCCC1,CCCO,openff-2.3.0rc1,2,0.6150810594870748,0.041932265312202,0.533,0.0055
33246,2061,dhmix_634764080264908666,906,EnthalpyOfMixing,<Substance OCCN1CCOCC1{solv}{x=0.498900}|O{solv}{x=0.501100}>,O,OCCN1CCOCC1,openff-2.3.0rc1,2,-1.8532219484109191,0.0402580722535411,-2.2633,0.02415
33247,2062,dens_707792343667224312,907,Density,<Substance OCCN1CCOCC1{solv}{x=0.246600}|O{solv}{x=0.753400}>,O,OCCN1CCOCC1,openff-2.3.0rc1,2,1.0754990693938256,0.0003986572525218,1.0838100000000002,0.00154
33248,2063,dhmix_1064373607860850902,908,EnthalpyOfMixing,<Substance OCCN1CCOCC1{solv}{x=0.694900}|O{solv}{x=0.305100}>,O,OCCN1CCOCC1,openff-2.3.0rc1,2,-1.9137538449057272,0.0437485153424812,-1.7936,0.01915
33249,2064,dhmix_1846281306963870091,909,EnthalpyOfMixing,<Substance OCCN1CCOCC1{solv}{x=0.300200}|O{solv}{x=0.699800}>,O,OCCN1CCOCC1,openff-2.3.0rc1,2,-1.6627464462558803,0.0289107449094405,-2.426,0.026
33250,2065,dens_2238932092645470826,910,Density,<Substance OCCN1CCOCC1{solv}{x=0.743900}|O{solv}{x=0.256100}>,O,OCCN1CCOCC1,openff-2.3.0rc1,2,1.0935215474754565,0.0002753235502082,1.08031,0.001565
33251,2066,dens_2269173599223764079,911,Density,<Substance OCCN1CCOCC1{solv}{x=0.485200}|O{solv}{x=0.514800}>,O,OCCN1CCOCC1,openff-2.3.0rc1,2,1.0928441777627544,0.0002873964466932,1.0866900000000004,0.00159
33252,2067,dhmix_636778454546345333,912,EnthalpyOfMixing,<Substance C1CCCCC1{solv}{x=0.506300}|CNc1ccccc1{solv}{x=0.493700}>,C1CCCCC1,CNc1ccccc1,openff-2.3.0rc1,2,2.2156567599133226,0.0389290176803457,1.628,0.0175
33253,2068,dens_1209163492396921559,913,Density,<Substance C1CCCCC1{solv}{x=0.247000}|CNc1ccccc1{solv}{x=0.753000}>,C1CCCCC1,CNc1ccccc1,openff-2.3.0rc1,2,0.9320965959312908,0.0002100891698408,0.9289450000000002,0.000272
33254,2069,dens_1438140901521078017,914,Density,<Substance C1CCCCC1{solv}{x=0.494500}|CNc1ccccc1{solv}{x=0.505500}>,C1CCCCC1,CNc1ccccc1,openff-2.3.0rc1,2,0.870359063760973,0.0001679008172517,0.8759620000000002,0.0001835
33255,2070,dens_1482697199055102595,915,Density,<Substance C1CCCCC1{solv}{x=0.746400}|CNc1ccccc1{solv}{x=0.253600}>,C1CCCCC1,CNc1ccccc1,openff-2.3.0rc1,2,0.8111751483010508,0.0002298620187538,0.8233530000000001,0.000138
33256,2071,dhmix_1832297119731463766,916,EnthalpyOfMixing,<Substance C1CCCCC1{solv}{x=0.204700}|CNc1ccccc1{solv}{x=0.795300}>,C1CCCCC1,CNc1ccccc1,openff-2.3.0rc1,2,1.5566092343437106,0.0513711717406405,0.972,0.0105
33257,2072,dhmix_1889368397403208807,917,EnthalpyOfMixing,<Substance C1CCCCC1{solv}{x=0.706600}|CNc1ccccc1{solv}{x=0.293400}>,C1CCCCC1,CNc1ccccc1,openff-2.3.0rc1,2,1.9953425249197776,0.041744601062466,1.521,0.0165
33258,2073,dhmix_637657437173907469,918,EnthalpyOfMixing,<Substance CC(C)=O{solv}{x=0.709700}|CNc1ccccc1{solv}{x=0.290300}>,CC(C)=O,CNc1ccccc1,openff-2.3.0rc1,2,-0.4364555716762339,0.0357842189736831,-0.525,0.0055
33259,2074,dhmix_817594693007274900,919,EnthalpyOfMixing,<Substance CC(C)=O{solv}{x=0.231600}|CNc1ccccc1{solv}{x=0.768400}>,CC(C)=O,CNc1ccccc1,openff-2.3.0rc1,2,-0.4273786913093342,0.0367621826606203,-0.5,0.0055
33260,2075,dens_830664987854613197,920,Density,<Substance CC(C)=O{solv}{x=0.250300}|CNc1ccccc1{solv}{x=0.749700}>,CC(C)=O,CNc1ccccc1,openff-2.3.0rc1,2,0.9584957253088092,0.0002268681671085,0.9502900000000002,0.0003395
33261,2076,dhmix_1052042310023734389,921,EnthalpyOfMixing,<Substance CC(C)=O{solv}{x=0.508600}|CNc1ccccc1{solv}{x=0.491400}>,CC(C)=O,CNc1ccccc1,openff-2.3.0rc1,2,-0.5399366480061545,0.0383177766063449,-0.672,0.0075
33262,2077,dens_1302333367899693905,922,Density,<Substance CC(C)=O{solv}{x=0.750600}|CNc1ccccc1{solv}{x=0.249400}>,CC(C)=O,CNc1ccccc1,openff-2.3.0rc1,2,0.8519131579807483,0.0002522187870957,0.8565010000000002,0.000231
33263,2078,dens_1582643029733708616,923,Density,<Substance CC(C)=O{solv}{x=0.494800}|CNc1ccccc1{solv}{x=0.505200}>,CC(C)=O,CNc1ccccc1,openff-2.3.0rc1,2,0.9131230630164832,0.0002266716905374,0.9107940000000002,0.000263
33264,2079,dens_650566412384126439,924,Density,<Substance CC(C)CC(C)(C)C{solv}{x=0.158800}|CCCCC(=O)OC{solv}{x=0.841200}>,CC(C)CC(C)(C)C,CCCCC(=O)OC,openff-2.3.0rc1,2,0.8468360389030741,0.0002005657607727,0.8463800000000002,0.000505
33265,2080,dhmix_986100941633296124,925,EnthalpyOfMixing,<Substance CC(C)CC(C)(C)C{solv}{x=0.481800}|CCCCC(=O)OC{solv}{x=0.518200}>,CC(C)CC(C)(C)C,CCCCC(=O)OC,openff-2.3.0rc1,2,1.3568558877550032,0.0385807800929865,0.866,0.0095
33266,2081,dens_1095352626338523806,926,Density,<Substance CC(C)CC(C)(C)C{solv}{x=0.742500}|CCCCC(=O)OC{solv}{x=0.257500}>,CC(C)CC(C)(C)C,CCCCC(=O)OC,openff-2.3.0rc1,2,0.7408319269807894,0.0002006735448454,0.7289800000000002,0.000505
33267,2082,dens_1260001645299629257,927,Density,<Substance CC(C)CC(C)(C)C{solv}{x=0.498400}|CCCCC(=O)OC{solv}{x=0.501600}>,CC(C)CC(C)(C)C,CCCCC(=O)OC,openff-2.3.0rc1,2,0.781497094351645,0.0001887012796997,0.7738400000000002,0.000505
33268,2083,dhmix_1505455794590867712,928,EnthalpyOfMixing,<Substance CC(C)CC(C)(C)C{solv}{x=0.158900}|CCCCC(=O)OC{solv}{x=0.841100}>,CC(C)CC(C)(C)C,CCCCC(=O)OC,openff-2.3.0rc1,2,0.5739756145554296,0.0518783497463583,0.438,0.005
33269,2084,dhmix_1888614200283593194,929,EnthalpyOfMixing,<Substance CC(C)CC(C)(C)C{solv}{x=0.781300}|CCCCC(=O)OC{solv}{x=0.218700}>,CC(C)CC(C)(C)C,CCCCC(=O)OC,openff-2.3.0rc1,2,1.1346842501686183,0.0553201992099356,0.658,0.007
33270,2085,dhmix_657900975986635712,930,EnthalpyOfMixing,<Substance Cc1ccccc1N{solv}{x=0.782700}|Cc1ccncc1{solv}{x=0.217300}>,Cc1ccccc1N,Cc1ccncc1,openff-2.3.0rc1,2,-0.7697870012497745,0.0474111434537256,-0.8885,0.0182
33271,2086,dhmix_727678512066874384,931,EnthalpyOfMixing,<Substance Cc1ccccc1N{solv}{x=0.478300}|Cc1ccncc1{solv}{x=0.521700}>,Cc1ccccc1N,Cc1ccncc1,openff-2.3.0rc1,2,-1.412925285381263,0.044275414601876,-1.4295,0.0291
33272,2087,dhmix_860941552641107708,932,EnthalpyOfMixing,<Substance Cc1ccccc1N{solv}{x=0.271500}|Cc1ccncc1{solv}{x=0.728500}>,Cc1ccccc1N,Cc1ccncc1,openff-2.3.0rc1,2,-1.060518715615288,0.0443780618561629,-1.1791,0.02405
33273,2088,dens_1148106102021344214,933,Density,<Substance Cc1ccccc1N{solv}{x=0.265500}|Cc1ccncc1{solv}{x=0.734500}>,Cc1ccccc1N,Cc1ccncc1,openff-2.3.0rc1,2,0.968804587473446,0.0002053291666492,0.9662520000000002,0.00012
33274,2089,dens_1294189007890656769,934,Density,<Substance Cc1ccccc1N{solv}{x=0.486300}|Cc1ccncc1{solv}{x=0.513700}>,Cc1ccccc1N,Cc1ccncc1,openff-2.3.0rc1,2,0.9845952518366158,0.0002237176232915,0.9765780000000002,0.000119
33275,2090,dens_1461384477504239974,935,Density,<Substance Cc1ccccc1N{solv}{x=0.767400}|Cc1ccncc1{solv}{x=0.232600}>,Cc1ccccc1N,Cc1ccncc1,openff-2.3.0rc1,2,1.0022098013288054,0.0001901718420812,0.9868740000000004,0.000118
33276,2091,dens_671712471159959715,936,Density,<Substance CCCCCCN{solv}{x=0.294400}|CN(C)C=O{solv}{x=0.705600}>,CCCCCCN,CN(C)C=O,openff-2.3.0rc1,2,0.8587651767157264,0.0002230706417014,0.8676880000000002,0.001057
33277,2092,dhmix_791979567859859400,937,EnthalpyOfMixing,<Substance CCCCCCN{solv}{x=0.747800}|CN(C)C=O{solv}{x=0.252200}>,CCCCCCN,CN(C)C=O,openff-2.3.0rc1,2,0.3163752280706831,0.05417423282295,0.461,0.015
33278,2093,dens_812907294215791908,938,Density,<Substance CCCCCCN{solv}{x=0.450000}|CN(C)C=O{solv}{x=0.550000}>,CCCCCCN,CN(C)C=O,openff-2.3.0rc1,2,0.8354006528758174,0.0002180384765812,0.8367510000000001,0.001016
33279,2094,dhmix_1553880519684715156,939,EnthalpyOfMixing,<Substance CCCCCCN{solv}{x=0.249700}|CN(C)C=O{solv}{x=0.750300}>,CCCCCCN,CN(C)C=O,openff-2.3.0rc1,2,0.2578861694121954,0.0373694673963908,0.51,0.0165
33280,2095,dens_1658157305664412923,940,Density,<Substance CCCCCCN{solv}{x=0.745200}|CN(C)C=O{solv}{x=0.254800}>,CCCCCCN,CN(C)C=O,openff-2.3.0rc1,2,0.7978223389252721,0.0001912799624792,0.7905460000000002,0.0009575
33281,2096,dhmix_2271922176351407084,941,EnthalpyOfMixing,<Substance CCCCCCN{solv}{x=0.499700}|CN(C)C=O{solv}{x=0.500300}>,CCCCCCN,CN(C)C=O,openff-2.3.0rc1,2,0.409664774524856,0.034540522484624,0.661,0.02
33282,2097,dhmix_676105854791415053,942,EnthalpyOfMixing,<Substance C=C(C)[C@H]1CC=C(C)CC1{solv}{x=0.540000}|CCCCCO{solv}{x=0.460000}>,C=C(C)[C@H]1CC=C(C)CC1,CCCCCO,openff-2.3.0rc1,2,0.9083482321854036,0.0481811468572782,0.858,0.0345
33283,2098,dhmix_865539540276734208,943,EnthalpyOfMixing,<Substance C=C(C)[C@H]1CC=C(C)CC1{solv}{x=0.766000}|CCCCCO{solv}{x=0.234000}>,C=C(C)[C@H]1CC=C(C)CC1,CCCCCO,openff-2.3.0rc1,2,0.8934614301576573,0.0547661346144876,0.782,0.0315
33284,2099,dens_1544700949225348296,944,Density,<Substance C=C(C)[C@H]1CC=C(C)CC1{solv}{x=0.263500}|CCCCCO{solv}{x=0.736500}>,C=C(C)[C@H]1CC=C(C)CC1,CCCCCO,openff-2.3.0rc1,2,0.8188566133866173,0.0002290286368845,0.8238000000000002,0.0002
33285,2100,dens_1638649899512334435,945,Density,<Substance C=C(C)[C@H]1CC=C(C)CC1{solv}{x=0.543500}|CCCCCO{solv}{x=0.456500}>,C=C(C)[C@H]1CC=C(C)CC1,CCCCCO,openff-2.3.0rc1,2,0.8223924316609998,0.0001880042379491,0.8312000000000003,0.0003
33286,2101,dens_2014432371647189246,946,Density,<Substance C=C(C)[C@H]1CC=C(C)CC1{solv}{x=0.725200}|CCCCCO{solv}{x=0.274800}>,C=C(C)[C@H]1CC=C(C)CC1,CCCCCO,openff-2.3.0rc1,2,0.8247696807735849,0.0002005075462747,0.8354000000000001,0.00035
33287,2102,dhmix_2293008983270202716,947,EnthalpyOfMixing,<Substance C=C(C)[C@H]1CC=C(C)CC1{solv}{x=0.272000}|CCCCCO{solv}{x=0.728000}>,C=C(C)[C@H]1CC=C(C)CC1,CCCCCO,openff-2.3.0rc1,2,0.4147623397469999,0.0426511354160668,0.532,0.0215
33288,2103,dens_680086766431069719,948,Density,<Substance CN1CCNCC1{solv}{x=0.209100}|O{solv}{x=0.790900}>,CN1CCNCC1,O,openff-2.3.0rc1,2,0.9937871573858053,0.0002627084021744,1.0013300000000005,4.000000000000001e-05
33289,2104,dhmix_979415629850644100,949,EnthalpyOfMixing,<Substance CN1CCNCC1{solv}{x=0.199800}|O{solv}{x=0.800200}>,CN1CCNCC1,O,openff-2.3.0rc1,2,-3.4475938784001094,0.0265626111107035,-4.495,0.048
33290,2105,dhmix_1386641258873877278,950,EnthalpyOfMixing,<Substance CN1CCNCC1{solv}{x=0.792600}|O{solv}{x=0.207400}>,CN1CCNCC1,O,openff-2.3.0rc1,2,-1.3102228711637736,0.0404143632450452,-1.753,0.019
33291,2106,dhmix_1572121970391530461,951,EnthalpyOfMixing,<Substance CN1CCNCC1{solv}{x=0.550000}|O{solv}{x=0.450000}>,CN1CCNCC1,O,openff-2.3.0rc1,2,-3.267006317828532,0.0506795836378621,-3.547,0.038
33292,2107,dens_1756096179620961699,952,Density,<Substance CN1CCNCC1{solv}{x=0.510900}|O{solv}{x=0.489100}>,CN1CCNCC1,O,openff-2.3.0rc1,2,0.9719223518978624,0.0003205591448469,0.9464100000000002,7.000000000000002e-05
33293,2108,dens_1892970147583328629,953,Density,<Substance CN1CCNCC1{solv}{x=0.706500}|O{solv}{x=0.293500}>,CN1CCNCC1,O,openff-2.3.0rc1,2,0.960738870593229,0.0003727105002262,0.9223100000000002,8.500000000000002e-05
33294,2109,dhmix_681274412655414068,954,EnthalpyOfMixing,<Substance CCCOC(=O)CC{solv}{x=0.739400}|Cc1ccccc1{solv}{x=0.260600}>,CCCOC(=O)CC,Cc1ccccc1,openff-2.3.0rc1,2,-0.2055462513206549,0.0491696136138696,-0.1135,0.0033
33295,2110,dhmix_720914323963600437,955,EnthalpyOfMixing,<Substance CCCOC(=O)CC{solv}{x=0.238900}|Cc1ccccc1{solv}{x=0.761100}>,CCCOC(=O)CC,Cc1ccccc1,openff-2.3.0rc1,2,-0.3147722020931951,0.0417555968273927,-0.1404,0.0037
33296,2111,dens_1397630560016316656,956,Density,<Substance CCCOC(=O)CC{solv}{x=0.274700}|Cc1ccccc1{solv}{x=0.725300}>,CCCOC(=O)CC,Cc1ccccc1,openff-2.3.0rc1,2,0.8662863348027657,0.0002109980077468,0.8675700000000003,0.00018
33297,2112,dhmix_1646061995263935606,957,EnthalpyOfMixing,<Substance CCCOC(=O)CC{solv}{x=0.548600}|Cc1ccccc1{solv}{x=0.451400}>,CCCOC(=O)CC,Cc1ccccc1,openff-2.3.0rc1,2,-0.280808215501267,0.0427424541746123,-0.1583,0.004
33298,2113,dens_1792064777238352129,958,Density,<Substance CCCOC(=O)CC{solv}{x=0.490700}|Cc1ccccc1{solv}{x=0.509300}>,CCCOC(=O)CC,Cc1ccccc1,openff-2.3.0rc1,2,0.8692936790455024,0.000222117467359,0.8707300000000002,0.00019
33299,2114,dens_1826904081955826008,959,Density,<Substance CCCOC(=O)CC{solv}{x=0.734600}|Cc1ccccc1{solv}{x=0.265400}>,CCCOC(=O)CC,Cc1ccccc1,openff-2.3.0rc1,2,0.8704662851026441,0.0001890672051488,0.8734100000000001,0.00021
33300,2115,dens_685747331874801159,960,Density,<Substance CN1CCOCC1{solv}{x=0.498300}|O{solv}{x=0.501700}>,CN1CCOCC1,O,openff-2.3.0rc1,2,0.9809654404704742,0.000211054409434,0.9627600000000002,0.00084
33301,2116,dens_1087644349445114282,961,Density,<Substance CN1CCOCC1{solv}{x=0.253800}|O{solv}{x=0.746200}>,CN1CCOCC1,O,openff-2.3.0rc1,2,0.9875390536669606,0.0003280622845491,0.9918800000000002,0.00059
33302,2117,dens_1374975991061431070,962,Density,<Substance CN1CCOCC1{solv}{x=0.758700}|O{solv}{x=0.241300}>,CN1CCOCC1,O,openff-2.3.0rc1,2,0.9693389778320238,0.0002195362049808,0.9345300000000002,0.00112
33303,2118,dhmix_686592400130667234,963,EnthalpyOfMixing,<Substance BrCCCBr{solv}{x=0.231300}|COC(C)=O{solv}{x=0.768700}>,BrCCCBr,COC(C)=O,openff-2.3.0rc1,2,0.166653277133129,0.0348508806684132,0.2115,0.0024
33304,2119,dhmix_691866222529030049,964,EnthalpyOfMixing,<Substance BrCCCBr{solv}{x=0.504200}|COC(C)=O{solv}{x=0.495800}>,BrCCCBr,COC(C)=O,openff-2.3.0rc1,2,0.2976746030402672,0.0342787095552081,0.3912,0.0038
33305,2120,dens_1032175440351342196,965,Density,<Substance BrCCCBr{solv}{x=0.243500}|COC(C)=O{solv}{x=0.756500}>,BrCCCBr,COC(C)=O,openff-2.3.0rc1,2,1.2251263208768814,0.0002463297366892,1.2277600000000002,0.00096
33306,2121,dens_1180265274183315765,966,Density,<Substance BrCCCBr{solv}{x=0.713800}|COC(C)=O{solv}{x=0.286200}>,BrCCCBr,COC(C)=O,openff-2.3.0rc1,2,1.6940859589069677,0.0005117591075315,1.7174300000000005,0.002745
33307,2122,dhmix_1380172638999588939,967,EnthalpyOfMixing,<Substance BrCCCBr{solv}{x=0.759400}|COC(C)=O{solv}{x=0.240600}>,BrCCCBr,COC(C)=O,openff-2.3.0rc1,2,0.1219104027230972,0.0341677185454159,0.313,0.0032
33308,2123,dens_1697077234757321859,968,Density,<Substance BrCCCBr{solv}{x=0.525600}|COC(C)=O{solv}{x=0.474400}>,BrCCCBr,COC(C)=O,openff-2.3.0rc1,2,1.5205926736346866,0.000403849470388,1.5338800000000006,0.001965
33309,2124,dens_693154680723850561,969,Density,<Substance CN1CCCC1=O{solv}{x=0.756400}|Cc1ccccc1{solv}{x=0.243600}>,CN1CCCC1=O,Cc1ccccc1,openff-2.3.0rc1,2,0.9654714162237223,0.00018226105461,0.9854500000000004,0.00034
33310,2125,dhmix_1759507684169085916,970,EnthalpyOfMixing,<Substance CN1CCCC1=O{solv}{x=0.741800}|Cc1ccccc1{solv}{x=0.258200}>,CN1CCCC1=O,Cc1ccccc1,openff-2.3.0rc1,2,-0.0516342585583089,0.0460711817370366,-0.2141,0.0024
33311,2126,dens_1796497685752507694,971,Density,<Substance CN1CCCC1=O{solv}{x=0.481500}|Cc1ccccc1{solv}{x=0.518500}>,CN1CCCC1=O,Cc1ccccc1,openff-2.3.0rc1,2,0.9278548599951923,0.0002179675875895,0.9415400000000002,0.00028
33312,2127,dhmix_1857599089574133884,972,EnthalpyOfMixing,<Substance CN1CCCC1=O{solv}{x=0.223100}|Cc1ccccc1{solv}{x=0.776900}>,CN1CCCC1=O,Cc1ccccc1,openff-2.3.0rc1,2,-0.0817711738363442,0.0400272832159812,-0.1889,0.00215
33313,2128,dens_1886489466266398819,973,Density,<Substance CN1CCCC1=O{solv}{x=0.221600}|Cc1ccccc1{solv}{x=0.778400}>,CN1CCCC1=O,Cc1ccccc1,openff-2.3.0rc1,2,0.8994177466523244,0.0002075641742723,0.9061600000000002,0.00076
33314,2129,dhmix_2238554893157725289,974,EnthalpyOfMixing,<Substance CN1CCCC1=O{solv}{x=0.482100}|Cc1ccccc1{solv}{x=0.517900}>,CN1CCCC1=O,Cc1ccccc1,openff-2.3.0rc1,2,-0.0831158677412986,0.0410063954861584,-0.2985,0.0033
33315,2130,dens_717951284355382404,975,Density,<Substance CN1CCCC1=O{solv}{x=0.702300}|ClCCCCCCCl{solv}{x=0.297700}>,CN1CCCC1=O,ClCCCCCCCl,openff-2.3.0rc1,2,1.024638662371158,0.000209234365266,1.0416,0.0003
33316,2131,dhmix_859697969059379656,976,EnthalpyOfMixing,<Substance CN1CCCC1=O{solv}{x=0.503000}|ClCCCCCCCl{solv}{x=0.497000}>,CN1CCCC1=O,ClCCCCCCCl,openff-2.3.0rc1,2,0.4110027900433692,0.0427900420255418,-0.2,0.0025
33317,2132,dhmix_916885053388204545,977,EnthalpyOfMixing,<Substance CN1CCCC1=O{solv}{x=0.212000}|ClCCCCCCCl{solv}{x=0.788000}>,CN1CCCC1=O,ClCCCCCCCl,openff-2.3.0rc1,2,0.1990127444917107,0.0462738849330782,-0.13,0.002
33318,2133,dens_1483670447992291960,978,Density,<Substance CN1CCCC1=O{solv}{x=0.201600}|ClCCCCCCCl{solv}{x=0.798400}>,CN1CCCC1=O,ClCCCCCCCl,openff-2.3.0rc1,2,1.0481703788427217,0.0001799581693435,1.0584000000000005,0.00055
33319,2134,dens_1896555095774116819,979,Density,<Substance CN1CCCC1=O{solv}{x=0.504900}|ClCCCCCCCl{solv}{x=0.495100}>,CN1CCCC1=O,ClCCCCCCCl,openff-2.3.0rc1,2,1.0357423198821545,0.0002351743191152,1.0490000000000002,0.00035
33320,2135,dhmix_2039443272323887912,980,EnthalpyOfMixing,<Substance CN1CCCC1=O{solv}{x=0.797000}|ClCCCCCCCl{solv}{x=0.203000}>,CN1CCCC1=O,ClCCCCCCCl,openff-2.3.0rc1,2,0.3567393951141113,0.0375135766677474,-0.123,0.002
33321,2136,dhmix_729169544598225866,981,EnthalpyOfMixing,<Substance CN(C)C=O{solv}{x=0.203000}|ClCCCCCCCl{solv}{x=0.797000}>,CN(C)C=O,ClCCCCCCCl,openff-2.3.0rc1,2,0.4849338016266955,0.0470420751137541,0.195,0.0025
33322,2137,dhmix_1359105787212172230,982,EnthalpyOfMixing,<Substance CN(C)C=O{solv}{x=0.796000}|ClCCCCCCCl{solv}{x=0.204000}>,CN(C)C=O,ClCCCCCCCl,openff-2.3.0rc1,2,0.5375303183193765,0.0394231787260811,0.24,0.0025
33323,2138,dhmix_1534380829757525169,983,EnthalpyOfMixing,<Substance CN(C)C=O{solv}{x=0.498000}|ClCCCCCCCl{solv}{x=0.502000}>,CN(C)C=O,ClCCCCCCCl,openff-2.3.0rc1,2,0.7526822334310594,0.0439218621373972,0.34,0.0025
33324,2139,dens_1752369236407148840,984,Density,<Substance CN(C)C=O{solv}{x=0.503300}|ClCCCCCCCl{solv}{x=0.496700}>,CN(C)C=O,ClCCCCCCCl,openff-2.3.0rc1,2,1.003498366550064,0.0002715216342862,1.0190000000000003,0.00155
33325,2140,dens_2070195997725277466,985,Density,<Substance CN(C)C=O{solv}{x=0.703400}|ClCCCCCCCl{solv}{x=0.296600}>,CN(C)C=O,ClCCCCCCCl,openff-2.3.0rc1,2,0.9759003158122668,0.0002405689778247,0.9943000000000002,0.0017
33326,2141,dens_2171945276872385012,986,Density,<Substance CN(C)C=O{solv}{x=0.201300}|ClCCCCCCCl{solv}{x=0.798700}>,CN(C)C=O,ClCCCCCCCl,openff-2.3.0rc1,2,1.0372792398063622,0.000234738715853,1.0486000000000002,0.0014
33327,2142,dens_741100297092592576,987,Density,<Substance C1CCCCC1{solv}{x=0.265900}|C1CCOCC1{solv}{x=0.734100}>,C1CCCCC1,C1CCOCC1,openff-2.3.0rc1,2,0.8367103952492855,0.0002273878933577,0.8470300000000002,0.000505
33328,2143,dens_1002639246322609242,988,Density,<Substance C1CCCCC1{solv}{x=0.762200}|C1CCOCC1{solv}{x=0.237800}>,C1CCCCC1,C1CCOCC1,openff-2.3.0rc1,2,0.7795657989938413,0.0002009488715773,0.7952000000000002,0.000505
33329,2144,dhmix_1171155554844966705,989,EnthalpyOfMixing,<Substance C1CCCCC1{solv}{x=0.247100}|C1CCOCC1{solv}{x=0.752900}>,C1CCCCC1,C1CCOCC1,openff-2.3.0rc1,2,0.4410457758831398,0.0352116526462418,0.3613,0.00395
33330,2145,dens_2142973677177666085,990,Density,<Substance C1CCCCC1{solv}{x=0.501800}|C1CCOCC1{solv}{x=0.498200}>,C1CCCCC1,C1CCOCC1,openff-2.3.0rc1,2,0.8078128216519321,0.0001980779877493,0.8211500000000002,0.000505
33331,2146,dhmix_2195791820105752985,991,EnthalpyOfMixing,<Substance C1CCCCC1{solv}{x=0.726600}|C1CCOCC1{solv}{x=0.273400}>,C1CCCCC1,C1CCOCC1,openff-2.3.0rc1,2,0.5264760387503316,0.0446867945765773,0.4424,0.00485
33332,2147,dhmix_2296999979529762407,992,EnthalpyOfMixing,<Substance C1CCCCC1{solv}{x=0.499000}|C1CCOCC1{solv}{x=0.501000}>,C1CCCCC1,C1CCOCC1,openff-2.3.0rc1,2,0.5685517853957265,0.0412217820975917,0.526,0.0055
33333,2148,dhmix_744994939606384802,993,EnthalpyOfMixing,<Substance CO{solv}{x=0.300000}|O{solv}{x=0.700000}>,CO,O,openff-2.3.0rc1,2,0.1262175574788351,0.0232567749919551,-0.85,0.005
33334,2149,dens_1085345433585028387,994,Density,<Substance CO{solv}{x=0.499700}|O{solv}{x=0.500300}>,CO,O,openff-2.3.0rc1,2,0.8466338923943535,0.0005090519332936,0.8816900000000003,0.000165
33335,2150,dhmix_1126710771921470495,995,EnthalpyOfMixing,<Substance CO{solv}{x=0.700000}|O{solv}{x=0.300000}>,CO,O,openff-2.3.0rc1,2,0.0536650846488528,0.0271920859623347,-0.583,0.0035
33336,2151,dens_1258832080354057572,996,Density,<Substance CO{solv}{x=0.300300}|O{solv}{x=0.699700}>,CO,O,openff-2.3.0rc1,2,0.8911501560833615,0.0004294630234279,0.9252100000000004,0.000125
33337,2152,dens_1758371820245200558,997,Density,<Substance CO{solv}{x=0.760500}|O{solv}{x=0.239500}>,CO,O,openff-2.3.0rc1,2,0.8047714269761288,0.0004615420429125,0.8289000000000002,0.0001
33338,2153,dhmix_1824296469249495553,998,EnthalpyOfMixing,<Substance CO{solv}{x=0.500000}|O{solv}{x=0.500000}>,CO,O,openff-2.3.0rc1,2,0.1398176444767731,0.0226419629723296,-0.777,0.0045
33339,2154,dhmix_753952445434773754,999,EnthalpyOfMixing,<Substance CCCCCCCCCl{solv}{x=0.493000}|CN1CCCC1=O{solv}{x=0.507000}>,CCCCCCCCCl,CN1CCCC1=O,openff-2.3.0rc1,2,1.3029337252369402,0.0491775503268082,0.638,0.0035
33340,2155,dhmix_1273186684325800862,1000,EnthalpyOfMixing,<Substance CCCCCCCCCl{solv}{x=0.783000}|CN1CCCC1=O{solv}{x=0.217000}>,CCCCCCCCCl,CN1CCCC1=O,openff-2.3.0rc1,2,0.8715524583008261,0.046511150758645,0.371,0.003
33341,2156,dhmix_1457789704046029008,1001,EnthalpyOfMixing,<Substance CCCCCCCCCl{solv}{x=0.202000}|CN1CCCC1=O{solv}{x=0.798000}>,CCCCCCCCCl,CN1CCCC1=O,openff-2.3.0rc1,2,0.90191827673722,0.0461049709346103,0.5,0.0035
33342,2157,dens_1965529278608066299,1002,Density,<Substance CCCCCCCCCl{solv}{x=0.299500}|CN1CCCC1=O{solv}{x=0.700500}>,CCCCCCCCCl,CN1CCCC1=O,openff-2.3.0rc1,2,0.9437525956344748,0.0001658584737601,0.9598000000000002,0.00025
33343,2158,dens_2167805246575708222,1003,Density,<Substance CCCCCCCCCl{solv}{x=0.798600}|CN1CCCC1=O{solv}{x=0.201400}>,CCCCCCCCCl,CN1CCCC1=O,openff-2.3.0rc1,2,0.8789369202077676,0.0001843505911476,0.8888000000000001,0.00055
33344,2159,dens_2177162670107081086,1004,Density,<Substance CCCCCCCCCl{solv}{x=0.497900}|CN1CCCC1=O{solv}{x=0.502100}>,CCCCCCCCCl,CN1CCCC1=O,openff-2.3.0rc1,2,0.9145094775228104,0.0001822620537809,0.9269000000000002,0.00035
33345,2160,dhmix_756380521637559100,1005,EnthalpyOfMixing,<Substance C1COCCO1{solv}{x=0.500000}|O=C1CCCCC1{solv}{x=0.500000}>,C1COCCO1,O=C1CCCCC1,openff-2.3.0rc1,2,0.2185079685572333,0.0396744624264739,0.28584,0.00154
33346,2161,dens_1139761443535371798,1006,Density,<Substance C1COCCO1{solv}{x=0.459400}|O=C1CCCCC1{solv}{x=0.540600}>,C1COCCO1,O=C1CCCCC1,openff-2.3.0rc1,2,0.9637686917777556,0.0002162546215071,0.9762000000000004,0.00025
33347,2162,dhmix_1367833850972054360,1007,EnthalpyOfMixing,<Substance C1COCCO1{solv}{x=0.750000}|O=C1CCCCC1{solv}{x=0.250000}>,C1COCCO1,O=C1CCCCC1,openff-2.3.0rc1,2,0.2180974955211496,0.0345482286485135,0.23662,0.001355
33348,2163,dhmix_1533665710565492443,1008,EnthalpyOfMixing,<Substance C1COCCO1{solv}{x=0.250000}|O=C1CCCCC1{solv}{x=0.750000}>,C1COCCO1,O=C1CCCCC1,openff-2.3.0rc1,2,0.1134238581699591,0.0462570688905164,0.20076,0.00121
33349,2164,dens_1556646832168598904,1009,Density,<Substance C1COCCO1{solv}{x=0.797800}|O=C1CCCCC1{solv}{x=0.202200}>,C1COCCO1,O=C1CCCCC1,openff-2.3.0rc1,2,1.005615118780819,0.0002271222102096,1.0062000000000002,0.00025
33350,2165,dens_1806066395455679216,1010,Density,<Substance C1COCCO1{solv}{x=0.272000}|O=C1CCCCC1{solv}{x=0.728000}>,C1COCCO1,O=C1CCCCC1,openff-2.3.0rc1,2,0.9441368933584796,0.0001990618291451,0.9614000000000004,0.00025
33351,2166,dhmix_781473821930081125,1011,EnthalpyOfMixing,<Substance CCOc1ccccc1{solv}{x=0.765100}|OCc1ccccc1{solv}{x=0.234900}>,CCOc1ccccc1,OCc1ccccc1,openff-2.3.0rc1,2,0.9355968412929344,0.0476631251310565,1.083,0.0116
33352,2167,dhmix_966435122735090568,1012,EnthalpyOfMixing,<Substance CCOc1ccccc1{solv}{x=0.063600}|OCc1ccccc1{solv}{x=0.936400}>,CCOc1ccccc1,OCc1ccccc1,openff-2.3.0rc1,2,0.2056785298583392,0.0621942114008642,0.1901,0.00225
33353,2168,dens_1184318999137642715,1013,Density,<Substance CCOc1ccccc1{solv}{x=0.064200}|OCc1ccccc1{solv}{x=0.935800}>,CCOc1ccccc1,OCc1ccccc1,openff-2.3.0rc1,2,1.032281668947101,0.0002295323930639,1.02761,0.00011
33354,2169,dhmix_1518701992890040137,1014,EnthalpyOfMixing,<Substance CCOc1ccccc1{solv}{x=0.549900}|OCc1ccccc1{solv}{x=0.450100}>,CCOc1ccccc1,OCc1ccccc1,openff-2.3.0rc1,2,0.9996641451242,0.0504767510749897,1.0561,0.01135
33355,2170,dens_1575045736805268459,1015,Density,<Substance CCOc1ccccc1{solv}{x=0.459800}|OCc1ccccc1{solv}{x=0.540200}>,CCOc1ccccc1,OCc1ccccc1,openff-2.3.0rc1,2,0.9945689608076392,0.0001744260019121,0.9925100000000002,0.00016
33356,2171,dens_2214650701288997434,1016,Density,<Substance CCOc1ccccc1{solv}{x=0.757200}|OCc1ccccc1{solv}{x=0.242800}>,CCOc1ccccc1,OCc1ccccc1,openff-2.3.0rc1,2,0.9699126796242457,0.0001816335505513,0.9686500000000002,0.000215
33357,2172,dens_800807749587668066,1017,Density,<Substance C1CCOCC1{solv}{x=0.733600}|c1ccncc1{solv}{x=0.266400}>,C1CCOCC1,c1ccncc1,openff-2.3.0rc1,2,0.88894008643471,0.0002346011228407,0.8933350000000002,0.000358
33358,2173,dhmix_836757145941804043,1018,EnthalpyOfMixing,<Substance C1CCOCC1{solv}{x=0.291500}|c1ccncc1{solv}{x=0.708500}>,C1CCOCC1,c1ccncc1,openff-2.3.0rc1,2,0.0341563091306511,0.0374365156557233,0.0898,0.00095
33359,2174,dhmix_1003039131395935786,1019,EnthalpyOfMixing,<Substance C1CCOCC1{solv}{x=0.536300}|c1ccncc1{solv}{x=0.463700}>,C1CCOCC1,c1ccncc1,openff-2.3.0rc1,2,0.1267018202140093,0.038245739919729,0.1573,0.0013
33360,2175,dens_1859030547600172702,1020,Density,<Substance C1CCOCC1{solv}{x=0.241500}|c1ccncc1{solv}{x=0.758500}>,C1CCOCC1,c1ccncc1,openff-2.3.0rc1,2,0.9527093972689672,0.0002340567207051,0.9525650000000004,0.000212
33361,2176,dhmix_2191254706131659314,1021,EnthalpyOfMixing,<Substance C1CCOCC1{solv}{x=0.734400}|c1ccncc1{solv}{x=0.265600}>,C1CCOCC1,c1ccncc1,openff-2.3.0rc1,2,0.1079610403779796,0.0346126695636536,0.1564,0.0013
33362,2177,dens_2239470871208865925,1022,Density,<Substance C1CCOCC1{solv}{x=0.536400}|c1ccncc1{solv}{x=0.463600}>,C1CCOCC1,c1ccncc1,openff-2.3.0rc1,2,0.9093966437099552,0.0002720341070421,0.9124250000000002,0.0002965
33363,2178,dens_801655585640229277,1023,Density,<Substance C1CCOCC1{solv}{x=0.777600}|CCCC(C)=O{solv}{x=0.222400}>,C1CCOCC1,CCCC(C)=O,openff-2.3.0rc1,2,0.8503782993230357,0.0002461001791364,0.8602600000000002,0.000225
33364,2179,dhmix_1175081460677389458,1024,EnthalpyOfMixing,<Substance C1CCOCC1{solv}{x=0.250000}|CCCC(C)=O{solv}{x=0.750000}>,C1CCOCC1,CCCC(C)=O,openff-2.3.0rc1,2,0.168818929366882,0.0372590633594268,0.06014,0.00063
33365,2180,dens_1481139606755572767,1025,Density,<Substance C1CCOCC1{solv}{x=0.236100}|CCCC(C)=O{solv}{x=0.763900}>,C1CCOCC1,CCCC(C)=O,openff-2.3.0rc1,2,0.80262494990785,0.0002439414017148,0.8183900000000002,0.000215
33366,2181,dhmix_1531586108535895092,1026,EnthalpyOfMixing,<Substance C1CCOCC1{solv}{x=0.750000}|CCCC(C)=O{solv}{x=0.250000}>,C1CCOCC1,CCCC(C)=O,openff-2.3.0rc1,2,0.1825322380186165,0.0436955462766052,0.08245,0.000715
33367,2182,dhmix_2074691820693967219,1027,EnthalpyOfMixing,<Substance C1CCOCC1{solv}{x=0.500000}|CCCC(C)=O{solv}{x=0.500000}>,C1CCOCC1,CCCC(C)=O,openff-2.3.0rc1,2,0.0952202781562405,0.0416011161218342,0.09128,0.000745
33368,2183,dens_2180187104403779312,1028,Density,<Substance C1CCOCC1{solv}{x=0.504600}|CCCC(C)=O{solv}{x=0.495400}>,C1CCOCC1,CCCC(C)=O,openff-2.3.0rc1,2,0.8251996093406336,0.0002353214619762,0.8386000000000002,0.00022
33369,2184,dhmix_814516627068967115,1029,EnthalpyOfMixing,<Substance CCCOC=O{solv}{x=0.230800}|ClCCCCl{solv}{x=0.769200}>,CCCOC=O,ClCCCCl,openff-2.3.0rc1,2,0.2432185301984653,0.0400626448276972,-0.054,0.001
33370,2185,dens_853749747181024442,1030,Density,<Substance CCCOC=O{solv}{x=0.525500}|ClCCCCl{solv}{x=0.474500}>,CCCOC=O,ClCCCCl,openff-2.3.0rc1,2,1.0261271650297177,0.0002993728476669,1.0302400000000005,0.00176
33371,2186,dhmix_1623640482466530427,1031,EnthalpyOfMixing,<Substance CCCOC=O{solv}{x=0.750900}|ClCCCCl{solv}{x=0.249100}>,CCCOC=O,ClCCCCl,openff-2.3.0rc1,2,0.2114221221295977,0.0392087351168495,-0.088,0.001
33372,2187,dens_1998603470347754754,1032,Density,<Substance CCCOC=O{solv}{x=0.233600}|ClCCCCl{solv}{x=0.766400}>,CCCOC=O,ClCCCCl,openff-2.3.0rc1,2,1.0972113629021578,0.0003360763124777,1.1122200000000002,0.00274
33373,2188,dhmix_2003217087101692001,1033,EnthalpyOfMixing,<Substance CCCOC=O{solv}{x=0.514500}|ClCCCCl{solv}{x=0.485500}>,CCCOC=O,ClCCCCl,openff-2.3.0rc1,2,0.1642059717678421,0.0386324094744602,-0.114,0.0015
33374,2189,dens_2020761603812222512,1034,Density,<Substance CCCOC=O{solv}{x=0.763600}|ClCCCCl{solv}{x=0.236400}>,CCCOC=O,ClCCCCl,openff-2.3.0rc1,2,0.9672292163476172,0.0003038888631181,0.9644500000000004,0.00119
33375,2190,dens_828893303895070246,1035,Density,<Substance C1CCCCC1{solv}{x=0.249800}|CCCCCCCC{solv}{x=0.750200}>,C1CCCCC1,CCCCCCCC,openff-2.3.0rc1,2,0.7003779515707852,0.0001980425313252,0.7110900000000002,0.000605
33376,2191,dhmix_1288938247372010686,1036,EnthalpyOfMixing,<Substance C1CCCCC1{solv}{x=0.751300}|CCCCCCCC{solv}{x=0.248700}>,C1CCCCC1,CCCCCCCC,openff-2.3.0rc1,2,0.249361575052788,0.0515822048021962,0.23,0.005
33377,2192,dens_1398337515687242649,1037,Density,<Substance C1CCCCC1{solv}{x=0.477700}|CCCCCCCC{solv}{x=0.522300}>,C1CCCCC1,CCCCCCCC,openff-2.3.0rc1,2,0.7127205713733672,0.0001986051715907,0.7250300000000002,0.000585
33378,2193,dhmix_1429498464152515756,1038,EnthalpyOfMixing,<Substance C1CCCCC1{solv}{x=0.532400}|CCCCCCCC{solv}{x=0.467600}>,C1CCCCC1,CCCCCCCC,openff-2.3.0rc1,2,0.3090380737424141,0.0510531327702299,0.258,0.005
33379,2194,dens_2267960821195706299,1039,Density,<Substance C1CCCCC1{solv}{x=0.796100}|CCCCCCCC{solv}{x=0.203900}>,C1CCCCC1,CCCCCCCC,openff-2.3.0rc1,2,0.7353168013583781,0.0001585354179403,0.7509700000000002,0.00055
33380,2195,dhmix_2289023418386220795,1040,EnthalpyOfMixing,<Substance C1CCCCC1{solv}{x=0.274400}|CCCCCCCC{solv}{x=0.725600}>,C1CCCCC1,CCCCCCCC,openff-2.3.0rc1,2,0.1599977423689864,0.0447705325292436,0.18,0.005
33381,2196,dens_848374876759596361,1041,Density,<Substance CC(C)OC(C)C{solv}{x=0.284600}|CCCCCl{solv}{x=0.715400}>,CC(C)OC(C)C,CCCCCl,openff-2.3.0rc1,2,0.8167420657127494,0.0003144321340415,0.8263210000000002,0.000365
33382,2197,dens_917492506874956672,1042,Density,<Substance CC(C)OC(C)C{solv}{x=0.808200}|CCCCCl{solv}{x=0.191800}>,CC(C)OC(C)C,CCCCCl,openff-2.3.0rc1,2,0.7563119829220871,0.00022227980669,0.7440910000000002,0.000448
33383,2198,dhmix_1107367594793013993,1043,EnthalpyOfMixing,<Substance CC(C)OC(C)C{solv}{x=0.272700}|CCCCCl{solv}{x=0.727300}>,CC(C)OC(C)C,CCCCCl,openff-2.3.0rc1,2,-0.1356741883784025,0.0416207388916104,-0.0785,0.001
33384,2199,dhmix_1310204607958463222,1044,EnthalpyOfMixing,<Substance CC(C)OC(C)C{solv}{x=0.454700}|CCCCCl{solv}{x=0.545300}>,CC(C)OC(C)C,CCCCCl,openff-2.3.0rc1,2,-0.0687810352059301,0.0426932441206798,-0.0954,0.0012
33385,2200,dhmix_1605157292498138629,1045,EnthalpyOfMixing,<Substance CC(C)OC(C)C{solv}{x=0.727400}|CCCCCl{solv}{x=0.272600}>,CC(C)OC(C)C,CCCCCl,openff-2.3.0rc1,2,-0.1080416239756729,0.0452701360653741,-0.0732,0.00095
33386,2201,dens_1927916489732771888,1046,Density,<Substance CC(C)OC(C)C{solv}{x=0.484000}|CCCCCl{solv}{x=0.516000}>,CC(C)OC(C)C,CCCCCl,openff-2.3.0rc1,2,0.7913260402756561,0.0002595987332312,0.7925060000000002,0.0004005
33387,2202,dens_860008765681738590,1047,Density,<Substance CN(CCO)CCO{solv}{x=0.231260}|c1ccncc1{solv}{x=0.768740}>,CN(CCO)CCO,c1ccncc1,openff-2.3.0rc1,2,1.001790123101722,0.0002196208257781,0.9906030000000002,0.0001015
33388,2203,dens_1253280811379348869,1048,Density,<Substance CN(CCO)CCO{solv}{x=0.670000}|c1ccncc1{solv}{x=0.330000}>,CN(CCO)CCO,c1ccncc1,openff-2.3.0rc1,2,1.0371686682737715,0.0003566908700786,1.0161020000000005,0.000102
33389,2204,dhmix_1381513140604048573,1049,EnthalpyOfMixing,<Substance CN(CCO)CCO{solv}{x=0.473760}|c1ccncc1{solv}{x=0.526240}>,CN(CCO)CCO,c1ccncc1,openff-2.3.0rc1,2,0.5258200212088155,0.048000562212125,-0.093,0.001
33390,2205,dens_1460709448836415360,1050,Density,<Substance CN(CCO)CCO{solv}{x=0.473530}|c1ccncc1{solv}{x=0.526470}>,CN(CCO)CCO,c1ccncc1,openff-2.3.0rc1,2,1.0237179955642628,0.0001831560192412,1.0044450000000005,0.0001015
33391,2206,dhmix_2085036308089359597,1051,EnthalpyOfMixing,<Substance CN(CCO)CCO{solv}{x=0.230610}|c1ccncc1{solv}{x=0.769390}>,CN(CCO)CCO,c1ccncc1,openff-2.3.0rc1,2,0.5907865476830452,0.0384429965896366,-0.032,0.001
33392,2207,dhmix_2287943921901918379,1052,EnthalpyOfMixing,<Substance CN(CCO)CCO{solv}{x=0.669580}|c1ccncc1{solv}{x=0.330420}>,CN(CCO)CCO,c1ccncc1,openff-2.3.0rc1,2,0.2173557937047121,0.0399370713666484,-0.12,0.0015
33393,2208,dens_929806754028972955,1053,Density,<Substance CCCC(=O)OC{solv}{x=0.695800}|COC(C)=O{solv}{x=0.304200}>,CCCC(=O)OC,COC(C)=O,openff-2.3.0rc1,2,0.8978537345640657,0.0002333266156757,0.8997600000000002,0.000505
33394,2209,dhmix_1093843275803987368,1054,EnthalpyOfMixing,<Substance CCCC(=O)OC{solv}{x=0.482200}|COC(C)=O{solv}{x=0.517800}>,CCCC(=O)OC,COC(C)=O,openff-2.3.0rc1,2,0.043029780325039,0.0403393211938139,0.151,0.002
33395,2210,dens_1187818937240241755,1055,Density,<Substance CCCC(=O)OC{solv}{x=0.253600}|COC(C)=O{solv}{x=0.746400}>,CCCC(=O)OC,COC(C)=O,openff-2.3.0rc1,2,0.9161207382772296,0.0002644120746491,0.9147400000000002,0.000505
33396,2211,dens_1462283017082249050,1056,Density,<Substance CCCC(=O)OC{solv}{x=0.545600}|COC(C)=O{solv}{x=0.454400}>,CCCC(=O)OC,COC(C)=O,openff-2.3.0rc1,2,0.904149704913104,0.0002531120019885,0.9041900000000004,0.000505
33397,2212,dhmix_1514470349370367756,1057,EnthalpyOfMixing,<Substance CCCC(=O)OC{solv}{x=0.226000}|COC(C)=O{solv}{x=0.774000}>,CCCC(=O)OC,COC(C)=O,openff-2.3.0rc1,2,0.0635372780116156,0.0390303879569081,0.102,0.0015
33398,2213,dhmix_1615966506855005599,1058,EnthalpyOfMixing,<Substance CCCC(=O)OC{solv}{x=0.695800}|COC(C)=O{solv}{x=0.304200}>,CCCC(=O)OC,COC(C)=O,openff-2.3.0rc1,2,0.025193801116389,0.0419609383881046,0.122,0.0015
33399,2214,dens_931039395662625393,1059,Density,<Substance BrCCBr{solv}{x=0.510700}|CCOC=O{solv}{x=0.489300}>,BrCCBr,CCOC=O,openff-2.3.0rc1,2,1.5702088485859127,0.0005238900054297,1.5742900000000004,0.00125
33400,2215,dhmix_1379448524788285045,1060,EnthalpyOfMixing,<Substance BrCCBr{solv}{x=0.503000}|CCOC=O{solv}{x=0.497000}>,BrCCBr,CCOC=O,openff-2.3.0rc1,2,0.3489531984580161,0.0364314335116913,0.404,0.0054
33401,2216,dhmix_1589211680683586133,1061,EnthalpyOfMixing,<Substance BrCCBr{solv}{x=0.247500}|CCOC=O{solv}{x=0.752500}>,BrCCBr,CCOC=O,openff-2.3.0rc1,2,0.2813419720547268,0.0372683116429823,0.2492,0.0035
33402,2217,dens_1816072583621776909,1062,Density,<Substance BrCCBr{solv}{x=0.282500}|CCOC=O{solv}{x=0.717500}>,BrCCBr,CCOC=O,openff-2.3.0rc1,2,1.2956119399298367,0.0004760384153739,1.2851500000000005,0.00131
33403,2218,dens_1857279480363338972,1063,Density,<Substance BrCCBr{solv}{x=0.750600}|CCOC=O{solv}{x=0.249400}>,BrCCBr,CCOC=O,openff-2.3.0rc1,2,1.8399066762839096,0.0006031833401766,1.8698300000000003,0.000995
33404,2219,dhmix_2225135654541562913,1064,EnthalpyOfMixing,<Substance BrCCBr{solv}{x=0.734600}|CCOC=O{solv}{x=0.265400}>,BrCCBr,CCOC=O,openff-2.3.0rc1,2,0.1267221078276268,0.0309432928578633,0.3604,0.00485
33405,2220,dhmix_933824509566848172,1065,EnthalpyOfMixing,<Substance C1COCO1{solv}{x=0.350000}|CCCC(C)=O{solv}{x=0.650000}>,C1COCO1,CCCC(C)=O,openff-2.3.0rc1,2,0.2651154431508864,0.0387858011694315,0.17755,0.001095
33406,2221,dens_1326756646981901590,1066,Density,<Substance C1COCO1{solv}{x=0.717400}|CCCC(C)=O{solv}{x=0.282600}>,C1COCO1,CCCC(C)=O,openff-2.3.0rc1,2,0.9780091286152084,0.0002585596926892,0.9625500000000002,0.000245
33407,2222,dhmix_1386053902220878259,1067,EnthalpyOfMixing,<Substance C1COCO1{solv}{x=0.500000}|CCCC(C)=O{solv}{x=0.500000}>,C1COCO1,CCCC(C)=O,openff-2.3.0rc1,2,0.3296201880842133,0.0386296998913725,0.21077,0.00122
33408,2223,dens_1490997112604690080,1068,Density,<Substance C1COCO1{solv}{x=0.349900}|CCCC(C)=O{solv}{x=0.650100}>,C1COCO1,CCCC(C)=O,openff-2.3.0rc1,2,0.8648521365812064,0.0002418258910002,0.8687200000000003,0.00022
33409,2224,dens_1979377813631413053,1069,Density,<Substance C1COCO1{solv}{x=0.516900}|CCCC(C)=O{solv}{x=0.483100}>,C1COCO1,CCCC(C)=O,openff-2.3.0rc1,2,0.9116685356404576,0.000255673101649,0.9078200000000004,0.00023
33410,2225,dhmix_2113009728753201792,1070,EnthalpyOfMixing,<Substance C1COCO1{solv}{x=0.750000}|CCCC(C)=O{solv}{x=0.250000}>,C1COCO1,CCCC(C)=O,openff-2.3.0rc1,2,0.325869332148379,0.0394101277439749,0.17046,0.00107
33411,2226,dhmix_962524540250306235,1071,EnthalpyOfMixing,<Substance Cc1ccccc1N{solv}{x=0.268100}|c1ccncc1{solv}{x=0.731900}>,Cc1ccccc1N,c1ccncc1,openff-2.3.0rc1,2,-1.2607377735797698,0.0433917117035849,-0.8915,0.0182
33412,2227,dhmix_1000930562998604270,1072,EnthalpyOfMixing,<Substance Cc1ccccc1N{solv}{x=0.773500}|c1ccncc1{solv}{x=0.226500}>,Cc1ccccc1N,c1ccncc1,openff-2.3.0rc1,2,-0.941267300215504,0.0449896489644866,-0.7828,0.016
33413,2228,dens_1203111494553524663,1073,Density,<Substance Cc1ccccc1N{solv}{x=0.483700}|c1ccncc1{solv}{x=0.516300}>,Cc1ccccc1N,c1ccncc1,openff-2.3.0rc1,2,1.0039965744198056,0.0002129785457122,0.9912370000000004,0.000117
33414,2229,dens_1316174752280431242,1074,Density,<Substance Cc1ccccc1N{solv}{x=0.237400}|c1ccncc1{solv}{x=0.762600}>,Cc1ccccc1N,c1ccncc1,openff-2.3.0rc1,2,0.994535033212669,0.0002023301434756,0.9863750000000002,0.000118
33415,2230,dhmix_1371524052813651708,1075,EnthalpyOfMixing,<Substance Cc1ccccc1N{solv}{x=0.482600}|c1ccncc1{solv}{x=0.517400}>,Cc1ccccc1N,c1ccncc1,openff-2.3.0rc1,2,-1.508886860631005,0.040092535221584,-1.0329,0.02105
33416,2231,dens_2188924364196997512,1076,Density,<Substance Cc1ccccc1N{solv}{x=0.767800}|c1ccncc1{solv}{x=0.232200}>,Cc1ccccc1N,c1ccncc1,openff-2.3.0rc1,2,1.0121874892016915,0.0004027975479246,0.9936220000000002,0.000117
33417,2232,dens_964556344607822867,1077,Density,<Substance CCCCCCCCC{solv}{x=0.696300}|COC(C)(C)C{solv}{x=0.303700}>,CCCCCCCCC,COC(C)(C)C,openff-2.3.0rc1,2,0.7128332672404448,0.0001864375492046,0.7173600000000002,0.000295
33418,2233,dhmix_1091489740441728210,1078,EnthalpyOfMixing,<Substance CCCCCCCCC{solv}{x=0.260100}|COC(C)(C)C{solv}{x=0.739900}>,CCCCCCCCC,COC(C)(C)C,openff-2.3.0rc1,2,0.5541173909131345,0.045581377445761,0.371,0.0075
33419,2234,dens_1264105858192356202,1079,Density,<Substance CCCCCCCCC{solv}{x=0.499200}|COC(C)(C)C{solv}{x=0.500800}>,CCCCCCCCC,COC(C)(C)C,openff-2.3.0rc1,2,0.7189642979987834,0.0001333123599433,0.7207300000000002,0.00029
33420,2235,dhmix_1760873631242020891,1080,EnthalpyOfMixing,<Substance CCCCCCCCC{solv}{x=0.759600}|COC(C)(C)C{solv}{x=0.240400}>,CCCCCCCCC,COC(C)(C)C,openff-2.3.0rc1,2,0.5254822166820077,0.0569377456572489,0.345,0.007
33421,2236,dens_2012579877169955729,1081,Density,<Substance CCCCCCCCC{solv}{x=0.199500}|COC(C)(C)C{solv}{x=0.800500}>,CCCCCCCCC,COC(C)(C)C,openff-2.3.0rc1,2,0.73253565561905,0.0002346879592276,0.7281100000000001,0.000285
33422,2237,dhmix_2200368758776542578,1082,EnthalpyOfMixing,<Substance CCCCCCCCC{solv}{x=0.513300}|COC(C)(C)C{solv}{x=0.486700}>,CCCCCCCCC,COC(C)(C)C,openff-2.3.0rc1,2,0.5146302906947966,0.051132130413021,0.486,0.0095
33423,2238,dhmix_972091313059406932,1083,EnthalpyOfMixing,<Substance CCCNCCC{solv}{x=0.248200}|CN(C)C=O{solv}{x=0.751800}>,CCCNCCC,CN(C)C=O,openff-2.3.0rc1,2,0.2336374176155971,0.0394735582096272,0.613,0.0195
33424,2239,dhmix_1037416167092316519,1084,EnthalpyOfMixing,<Substance CCCNCCC{solv}{x=0.499500}|CN(C)C=O{solv}{x=0.500500}>,CCCNCCC,CN(C)C=O,openff-2.3.0rc1,2,0.2381935335611373,0.0401093622380847,0.748,0.0225
33425,2240,dhmix_1525975551610336413,1085,EnthalpyOfMixing,<Substance CCCNCCC{solv}{x=0.749600}|CN(C)C=O{solv}{x=0.250400}>,CCCNCCC,CN(C)C=O,openff-2.3.0rc1,2,0.2126068552146165,0.0477812636789565,0.529,0.017
33426,2241,dens_1610465641813938660,1086,Density,<Substance CCCNCCC{solv}{x=0.745900}|CN(C)C=O{solv}{x=0.254100}>,CCCNCCC,CN(C)C=O,openff-2.3.0rc1,2,0.7688822049518531,0.0001491134120819,0.7687320000000002,0.0009355
33427,2242,dens_2129043605695010641,1087,Density,<Substance CCCNCCC{solv}{x=0.503400}|CN(C)C=O{solv}{x=0.496600}>,CCCNCCC,CN(C)C=O,openff-2.3.0rc1,2,0.8065524766818583,0.0001568176165292,0.8108000000000002,0.0009885
33428,2243,dens_2129124855081233158,1088,Density,<Substance CCCNCCC{solv}{x=0.252300}|CN(C)C=O{solv}{x=0.747700}>,CCCNCCC,CN(C)C=O,openff-2.3.0rc1,2,0.8544928310032323,0.0002795258435809,0.8674480000000002,0.0010625
33429,2244,dhmix_1022139531284796266,1089,EnthalpyOfMixing,<Substance CCCO{solv}{x=0.730200}|O=Cc1ccccc1{solv}{x=0.269800}>,CCCO,O=Cc1ccccc1,openff-2.3.0rc1,2,1.3843728108966855,0.0421712525681598,1.3784,0.00585
33430,2245,dens_1530410585842005416,1090,Density,<Substance CCCO{solv}{x=0.802500}|O=Cc1ccccc1{solv}{x=0.197500}>,CCCO,O=Cc1ccccc1,openff-2.3.0rc1,2,0.8622557988230085,0.0001944389123333,0.8676000000000003,0.0054
33431,2246,dens_1586325098516354010,1091,Density,<Substance CCCO{solv}{x=0.500300}|O=Cc1ccccc1{solv}{x=0.499700}>,CCCO,O=Cc1ccccc1,openff-2.3.0rc1,2,0.940551857835184,0.0002700776893298,0.9470000000000002,0.0035
33432,2247,dhmix_1860362391399300385,1092,EnthalpyOfMixing,<Substance CCCO{solv}{x=0.237400}|O=Cc1ccccc1{solv}{x=0.762600}>,CCCO,O=Cc1ccccc1,openff-2.3.0rc1,2,1.0053980746637734,0.0394937039761381,1.2579,0.0055
33433,2248,dens_2022804020725863961,1093,Density,<Substance CCCO{solv}{x=0.192900}|O=Cc1ccccc1{solv}{x=0.807100}>,CCCO,O=Cc1ccccc1,openff-2.3.0rc1,2,1.0018836076623254,0.000191014706442,1.0128,0.00265
33434,2249,dhmix_2114980631721668598,1094,EnthalpyOfMixing,<Substance CCCO{solv}{x=0.517800}|O=Cc1ccccc1{solv}{x=0.482200}>,CCCO,O=Cc1ccccc1,openff-2.3.0rc1,2,1.508257224122346,0.0306487427386939,1.6361,0.00675
33435,2250,dens_1061385011202038988,1095,Density,<Substance CC(C)O{solv}{x=0.495900}|CCCCOCCO{solv}{x=0.504100}>,CC(C)O,CCCCOCCO,openff-2.3.0rc1,2,0.8617972670389116,0.0002208309652923,0.8550000000000002,5.450000000000001e-05
33436,2251,dens_1314274960992474794,1096,Density,<Substance CC(C)O{solv}{x=0.292200}|CCCCOCCO{solv}{x=0.707800}>,CC(C)O,CCCCOCCO,openff-2.3.0rc1,2,0.877845007120921,0.0001841875739729,0.8743700000000002,4.600000000000001e-05
33437,2252,dens_1729117108592325655,1097,Density,<Substance CC(C)O{solv}{x=0.743300}|CCCCOCCO{solv}{x=0.256700}>,CC(C)O,CCCCOCCO,openff-2.3.0rc1,2,0.8373432474311576,0.0002460060509955,0.8247900000000001,5.600000000000001e-05
33438,2253,dens_1112128096721834081,1098,Density,<Substance CNCCO{solv}{x=0.800900}|O{solv}{x=0.199100}>,CNCCO,O,openff-2.3.0rc1,2,0.9648464499029956,0.0002599137684945,0.9466300000000002,0.00032
33439,2254,dens_1381694863030749046,1099,Density,<Substance CNCCO{solv}{x=0.198700}|O{solv}{x=0.801300}>,CNCCO,O,openff-2.3.0rc1,2,0.9823827634649837,0.0002863270791666,0.9960300000000002,0.00016
33440,2255,dhmix_1383192140212198237,1100,EnthalpyOfMixing,<Substance CNCCO{solv}{x=0.798800}|O{solv}{x=0.201200}>,CNCCO,O,openff-2.3.0rc1,2,-0.8434077394367847,0.0418595727406209,-1.219,0.025
33441,2256,dens_1615304038745182966,1101,Density,<Substance CNCCO{solv}{x=0.504100}|O{solv}{x=0.495900}>,CNCCO,O,openff-2.3.0rc1,2,0.974223333798821,0.0003036890691137,0.9688100000000002,0.000235
33442,2257,dhmix_1902240048183935170,1102,EnthalpyOfMixing,<Substance CNCCO{solv}{x=0.501700}|O{solv}{x=0.498300}>,CNCCO,O,openff-2.3.0rc1,2,-1.7468302000788969,0.0402939624069867,-2.508,0.051
33443,2258,dhmix_2185888808838690563,1103,EnthalpyOfMixing,<Substance CNCCO{solv}{x=0.199200}|O{solv}{x=0.800800}>,CNCCO,O,openff-2.3.0rc1,2,-0.9759687948458052,0.0272198080776223,-2.243,0.0455
33444,2259,dens_1155626281932782094,1104,Density,<Substance CCC(C)=O{solv}{x=0.292200}|CN1CCCC1=O{solv}{x=0.707800}>,CCC(C)=O,CN1CCCC1=O,openff-2.3.0rc1,2,0.9404459310536948,0.000254580379827,0.9591400000000002,0.00262
33445,2260,dens_1354588388489384902,1105,Density,<Substance CCC(C)=O{solv}{x=0.779300}|CN1CCCC1=O{solv}{x=0.220700}>,CCC(C)=O,CN1CCCC1=O,openff-2.3.0rc1,2,0.8298921562415178,0.0002490290789294,0.8467600000000002,0.002595
33446,2261,dhmix_1468142552678388689,1106,EnthalpyOfMixing,<Substance CCC(C)=O{solv}{x=0.484100}|CN1CCCC1=O{solv}{x=0.515900}>,CCC(C)=O,CN1CCCC1=O,openff-2.3.0rc1,2,0.2181487798543973,0.0342953224799672,-0.1675,0.00415
33447,2262,dhmix_1545004468946955771,1107,EnthalpyOfMixing,<Substance CCC(C)=O{solv}{x=0.246100}|CN1CCCC1=O{solv}{x=0.753900}>,CCC(C)=O,CN1CCCC1=O,openff-2.3.0rc1,2,0.147562919607628,0.0410353989683073,-0.0999,0.0031
33448,2263,dhmix_1746826813990258300,1108,EnthalpyOfMixing,<Substance CCC(C)=O{solv}{x=0.732400}|CN1CCCC1=O{solv}{x=0.267600}>,CCC(C)=O,CN1CCCC1=O,openff-2.3.0rc1,2,0.0921202522779416,0.029584101752214,-0.0861,0.0029
33449,2264,dens_2035401379156582518,1109,Density,<Substance CCC(C)=O{solv}{x=0.479500}|CN1CCCC1=O{solv}{x=0.520500}>,CCC(C)=O,CN1CCCC1=O,openff-2.3.0rc1,2,0.8999491500101908,0.0002126167353083,0.9166100000000004,0.00261
33450,2265,dens_1159403686634788877,1110,Density,<Substance C1CCOCC1{solv}{x=0.253600}|Cc1ccncc1{solv}{x=0.746400}>,C1CCOCC1,Cc1ccncc1,openff-2.3.0rc1,2,0.9290489259005406,0.000213772279242,0.9329390000000002,0.0002125
33451,2266,dhmix_1427533760370073434,1111,EnthalpyOfMixing,<Substance C1CCOCC1{solv}{x=0.241600}|Cc1ccncc1{solv}{x=0.758400}>,C1CCOCC1,Cc1ccncc1,openff-2.3.0rc1,2,0.0208234753252227,0.0438650416929496,0.0975,0.001
33452,2267,dens_1586440979425114987,1112,Density,<Substance C1CCOCC1{solv}{x=0.491300}|Cc1ccncc1{solv}{x=0.508700}>,C1CCOCC1,Cc1ccncc1,openff-2.3.0rc1,2,0.9116506229775588,0.0002441212981456,0.9162950000000002,0.0002825
33453,2268,dhmix_1681679230288000235,1113,EnthalpyOfMixing,<Substance C1CCOCC1{solv}{x=0.483400}|Cc1ccncc1{solv}{x=0.516600}>,C1CCOCC1,Cc1ccncc1,openff-2.3.0rc1,2,0.067626533073982,0.0414339919777597,0.1741,0.00135
33454,2269,dhmix_1854625047398559527,1114,EnthalpyOfMixing,<Substance C1CCOCC1{solv}{x=0.826200}|Cc1ccncc1{solv}{x=0.173800}>,C1CCOCC1,Cc1ccncc1,openff-2.3.0rc1,2,0.0665091821358387,0.04549823523365,0.0948,0.001
33455,2270,dens_1998279082934343093,1115,Density,<Substance C1CCOCC1{solv}{x=0.826300}|Cc1ccncc1{solv}{x=0.173700}>,C1CCOCC1,Cc1ccncc1,openff-2.3.0rc1,2,0.875697381483551,0.0002571078245664,0.8827950000000002,0.000387
33456,2271,dens_1226224986443053492,1116,Density,<Substance CCOc1ccccc1{solv}{x=0.482600}|OCCc1ccccc1{solv}{x=0.517400}>,CCOc1ccccc1,OCCc1ccccc1,openff-2.3.0rc1,2,0.981017709594736,0.0001745930077802,0.9803700000000002,0.00026
33457,2272,dens_1288457717872177367,1117,Density,<Substance CCOc1ccccc1{solv}{x=0.304100}|OCCc1ccccc1{solv}{x=0.695900}>,CCOc1ccccc1,OCCc1ccccc1,openff-2.3.0rc1,2,0.9921534191468888,0.0001890834723571,0.9909900000000004,0.00026
33458,2273,dhmix_1400067757990485972,1118,EnthalpyOfMixing,<Substance CCOc1ccccc1{solv}{x=0.738800}|OCCc1ccccc1{solv}{x=0.261200}>,CCOc1ccccc1,OCCc1ccccc1,openff-2.3.0rc1,2,0.9104090742279852,0.0516694857360049,1.1427,0.01225
33459,2274,dens_1419265414647987466,1119,Density,<Substance CCOc1ccccc1{solv}{x=0.792900}|OCCc1ccccc1{solv}{x=0.207100}>,CCOc1ccccc1,OCCc1ccccc1,openff-2.3.0rc1,2,0.9634617836391228,0.0001532749311995,0.9624400000000004,0.00026
33460,2275,dhmix_1985234108792038812,1120,EnthalpyOfMixing,<Substance CCOc1ccccc1{solv}{x=0.485200}|OCCc1ccccc1{solv}{x=0.514800}>,CCOc1ccccc1,OCCc1ccccc1,openff-2.3.0rc1,2,0.8843057614811443,0.0385527512613287,1.0249,0.011
33461,2276,dhmix_2203675640711482674,1121,EnthalpyOfMixing,<Substance CCOc1ccccc1{solv}{x=0.239100}|OCCc1ccccc1{solv}{x=0.760900}>,CCOc1ccccc1,OCCc1ccccc1,openff-2.3.0rc1,2,0.5603830336858664,0.0487111191331507,0.6669,0.0072
33462,2277,dens_1247048173376376516,1122,Density,<Substance CCCCC(=O)OC{solv}{x=0.349300}|COC=O{solv}{x=0.650700}>,CCCCC(=O)OC,COC=O,openff-2.3.0rc1,2,0.926998395583272,0.0002727681292787,0.9198400000000002,0.000115
33463,2278,dens_1283923442255956417,1123,Density,<Substance CCCCC(=O)OC{solv}{x=0.500000}|COC=O{solv}{x=0.500000}>,CCCCC(=O)OC,COC=O,openff-2.3.0rc1,2,0.9126415213955488,0.0002267858546377,0.90817,0.00012
33464,2279,dhmix_1491739683552461043,1124,EnthalpyOfMixing,<Substance CCCCC(=O)OC{solv}{x=0.348600}|COC=O{solv}{x=0.651400}>,CCCCC(=O)OC,COC=O,openff-2.3.0rc1,2,0.3245707742464434,0.0290774417224684,0.422,0.0045
33465,2280,dhmix_1747049492522889097,1125,EnthalpyOfMixing,<Substance CCCCC(=O)OC{solv}{x=0.523200}|COC=O{solv}{x=0.476800}>,CCCCC(=O)OC,COC=O,openff-2.3.0rc1,2,0.2662501815616416,0.0399811681407772,0.409,0.0045
33466,2281,dhmix_1990853348078771210,1126,EnthalpyOfMixing,<Substance CCCCC(=O)OC{solv}{x=0.796800}|COC=O{solv}{x=0.203200}>,CCCCC(=O)OC,COC=O,openff-2.3.0rc1,2,0.1138770005139022,0.0410136752906615,0.219,0.0025
33467,2282,dens_2269601061883384185,1127,Density,<Substance CCCCC(=O)OC{solv}{x=0.725800}|COC=O{solv}{x=0.274200}>,CCCCC(=O)OC,COC=O,openff-2.3.0rc1,2,0.8958750750475865,0.0002287124858892,0.8955000000000002,0.000135
33468,2283,dens_1266839724964377205,1128,Density,<Substance Cn1ccnc1{solv}{x=0.779500}|O{solv}{x=0.220500}>,Cn1ccnc1,O,openff-2.3.0rc1,2,1.0198956702096844,0.0002292854243907,1.0360000000000005,0.00015
33469,2284,dens_1634862053132906887,1129,Density,<Substance Cn1ccnc1{solv}{x=0.498200}|O{solv}{x=0.501800}>,Cn1ccnc1,O,openff-2.3.0rc1,2,1.0155788813040894,0.0002956546986101,1.0416,0.00015
33470,2285,dens_1681126092995837883,1130,Density,<Substance Cn1ccnc1{solv}{x=0.216700}|O{solv}{x=0.783300}>,Cn1ccnc1,O,openff-2.3.0rc1,2,1.0013846731472769,0.0003968558542317,1.0301000000000002,0.0001
33471,2286,dhmix_1311251505653939236,1131,EnthalpyOfMixing,<Substance CC(=O)CC(C)=O{solv}{x=0.598500}|O{solv}{x=0.401500}>,CC(=O)CC(C)=O,O,openff-2.3.0rc1,2,0.4143774661882844,0.0346454755422443,0.4905,0.00555
33472,2287,dhmix_1367092272310773702,1132,EnthalpyOfMixing,<Substance CC(=O)CC(C)=O{solv}{x=0.749200}|O{solv}{x=0.250800}>,CC(=O)CC(C)=O,O,openff-2.3.0rc1,2,0.5740255778186452,0.0413434176079756,0.6211,0.00695
33473,2288,dhmix_2033109088651196860,1133,EnthalpyOfMixing,<Substance CC(=O)CC(C)=O{solv}{x=0.200400}|O{solv}{x=0.799600}>,CC(=O)CC(C)=O,O,openff-2.3.0rc1,2,0.0499330358232441,0.0253502256885075,0.1562,0.0021
33474,2289,dens_1319073694995976411,1134,Density,<Substance CC(C)CO{solv}{x=0.762200}|OC1=NCCC1{solv}{x=0.237800}>,CC(C)CO,OC1=NCCC1,openff-2.3.0rc1,2,0.8676170699941658,0.0002144935252263,0.8623100000000001,0.000205
33475,2290,dhmix_1817161401911066523,1135,EnthalpyOfMixing,<Substance CC(C)CO{solv}{x=0.754900}|OC1=NCCC1{solv}{x=0.245100}>,CC(C)CO,OC1=NCCC1,openff-2.3.0rc1,2,1.2963478472363597,0.0394658480947919,0.2989,0.0033
33476,2291,dens_1852757585830259815,1136,Density,<Substance CC(C)CO{solv}{x=0.287400}|OC1=NCCC1{solv}{x=0.712600}>,CC(C)CO,OC1=NCCC1,openff-2.3.0rc1,2,0.9928059491810948,0.0002322450294209,1.0078300000000002,0.000155
33477,2292,dhmix_2057245570503088562,1137,EnthalpyOfMixing,<Substance CC(C)CO{solv}{x=0.259800}|OC1=NCCC1{solv}{x=0.740200}>,CC(C)CO,OC1=NCCC1,openff-2.3.0rc1,2,1.01042235621982,0.039155285901618,0.1798,0.00205
33478,2293,dens_2175875616459255266,1138,Density,<Substance CC(C)CO{solv}{x=0.489400}|OC1=NCCC1{solv}{x=0.510600}>,CC(C)CO,OC1=NCCC1,openff-2.3.0rc1,2,0.9382758216762824,0.0002193990985538,0.9431100000000002,0.00017
33479,2294,dhmix_2273039716774959551,1139,EnthalpyOfMixing,<Substance CC(C)CO{solv}{x=0.497800}|OC1=NCCC1{solv}{x=0.502200}>,CC(C)CO,OC1=NCCC1,openff-2.3.0rc1,2,1.509755869630176,0.0415298931890267,0.2775,0.0031
33480,2295,dens_1400897934227212514,1140,Density,<Substance CC(C)CC(C)(C)C{solv}{x=0.541100}|COC(C)=O{solv}{x=0.458900}>,CC(C)CC(C)(C)C,COC(C)=O,openff-2.3.0rc1,2,0.7647321683532763,0.0002254270555553,0.7495700000000002,0.000505
33481,2296,dhmix_1534218615961922445,1141,EnthalpyOfMixing,<Substance CC(C)CC(C)(C)C{solv}{x=0.256000}|COC(C)=O{solv}{x=0.744000}>,CC(C)CC(C)(C)C,COC(C)=O,openff-2.3.0rc1,2,1.629849471154362,0.03959247905424,1.385,0.015
33482,2297,dhmix_1663557420681143866,1142,EnthalpyOfMixing,<Substance CC(C)CC(C)(C)C{solv}{x=0.540600}|COC(C)=O{solv}{x=0.459400}>,CC(C)CC(C)(C)C,COC(C)=O,openff-2.3.0rc1,2,2.1062101172850305,0.0470288893384591,1.759,0.019
33483,2298,dens_1833608859418637606,1143,Density,<Substance CC(C)CC(C)(C)C{solv}{x=0.736400}|COC(C)=O{solv}{x=0.263600}>,CC(C)CC(C)(C)C,COC(C)=O,openff-2.3.0rc1,2,0.7333401712717547,0.0001864186674493,0.7171000000000002,0.00015
33484,2299,dhmix_1913788848230724771,1144,EnthalpyOfMixing,<Substance CC(C)CC(C)(C)C{solv}{x=0.783300}|COC(C)=O{solv}{x=0.216700}>,CC(C)CC(C)(C)C,COC(C)=O,openff-2.3.0rc1,2,1.4928282099742916,0.0507326140864921,1.149,0.0125
33485,2300,dens_2018568384717712900,1145,Density,<Substance CC(C)CC(C)(C)C{solv}{x=0.238900}|COC(C)=O{solv}{x=0.761100}>,CC(C)CC(C)(C)C,COC(C)=O,openff-2.3.0rc1,2,0.8367886295904685,0.000170467586682,0.8248000000000002,0.0001
33486,2301,dens_1465225466328543955,1146,Density,<Substance Cc1cccnc1{solv}{x=0.225000}|O{solv}{x=0.775000}>,Cc1cccnc1,O,openff-2.3.0rc1,2,0.9613319882596912,0.0003747227769054,0.9921000000000002,0.0003
33487,2302,dens_1644445312716340330,1147,Density,<Substance Cc1cccnc1{solv}{x=0.500000}|O{solv}{x=0.500000}>,Cc1cccnc1,O,openff-2.3.0rc1,2,0.954157315917628,0.0002901655299594,0.9797000000000002,0.0003
33488,2303,dens_2262998332454406432,1148,Density,<Substance Cc1cccnc1{solv}{x=0.700000}|O{solv}{x=0.300000}>,Cc1cccnc1,O,openff-2.3.0rc1,2,0.9520108373503116,0.0002858775974887,0.9690000000000002,0.0003
33489,2304,dens_1601780542508306264,1149,Density,<Substance CC(=O)N(C)C{solv}{x=0.771800}|CCOC(C)=O{solv}{x=0.228200}>,CC(=O)N(C)C,CCOC(C)=O,openff-2.3.0rc1,2,0.9029412359589668,0.0002205191471568,0.9286200000000002,0.000185
33490,2305,dens_2126546638582188774,1150,Density,<Substance CC(=O)N(C)C{solv}{x=0.464600}|CCOC(C)=O{solv}{x=0.535400}>,CC(=O)N(C)C,CCOC(C)=O,openff-2.3.0rc1,2,0.9036046318625506,0.0002255068921479,0.9166300000000002,0.00022
33491,2306,dens_2159432384130350508,1151,Density,<Substance CC(=O)N(C)C{solv}{x=0.233100}|CCOC(C)=O{solv}{x=0.766900}>,CC(=O)N(C)C,CCOC(C)=O,openff-2.3.0rc1,2,0.9043511624289142,0.000243350474909,0.9064300000000002,0.000245
33492,2307,dens_1713891284028890335,1152,Density,<Substance CC(=O)O{solv}{x=0.798900}|CCOC(C)=O{solv}{x=0.201100}>,CC(=O)O,CCOC(C)=O,openff-2.3.0rc1,2,1.0304776058399316,0.0003262204284212,0.9996600000000002,0.000225
33493,2308,dens_1856345418041920174,1153,Density,<Substance CC(=O)O{solv}{x=0.500700}|CCOC(C)=O{solv}{x=0.499300}>,CC(=O)O,CCOC(C)=O,openff-2.3.0rc1,2,0.9717956386230108,0.0002794716195081,0.9514000000000002,0.00018
33494,2309,dens_2035334988982485653,1154,Density,<Substance CC(=O)O{solv}{x=0.294400}|CCOC(C)=O{solv}{x=0.705600}>,CC(=O)O,CCOC(C)=O,openff-2.3.0rc1,2,0.9403523025612288,0.0002686691906025,0.9255000000000002,0.00016
33495,2310,dhmix_592425981731704,0,EnthalpyOfMixing,<Substance C1CCCCC1{solv}{x=0.100300}|Cc1ccccc1{solv}{x=0.899700}>,C1CCCCC1,Cc1ccccc1,openff-2.3.0rc1,3,0.2457970460483238,0.0484581608562773,0.2015,0.0015
33496,2311,dens_191923210986624643,1,Density,<Substance C1CCCCC1{solv}{x=0.697700}|Cc1ccccc1{solv}{x=0.302300}>,C1CCCCC1,Cc1ccccc1,openff-2.3.0rc1,3,0.7674593909557598,0.0002558497822876,0.7818000000000002,0.00041
33497,2312,dens_699555827256664507,2,Density,<Substance C1CCCCC1{solv}{x=0.100000}|Cc1ccccc1{solv}{x=0.900000}>,C1CCCCC1,Cc1ccccc1,openff-2.3.0rc1,3,0.8343725722253947,0.0002621160765087,0.8378000000000001,0.00025
33498,2313,dhmix_997331474504366167,3,EnthalpyOfMixing,<Substance C1CCCCC1{solv}{x=0.697900}|Cc1ccccc1{solv}{x=0.302100}>,C1CCCCC1,Cc1ccccc1,openff-2.3.0rc1,3,0.6323648941704789,0.0381191614013341,0.5221,0.0034
33499,2314,dhmix_1586684551148150215,4,EnthalpyOfMixing,<Substance C1CCCCC1{solv}{x=0.397600}|Cc1ccccc1{solv}{x=0.602400}>,C1CCCCC1,Cc1ccccc1,openff-2.3.0rc1,3,0.7711778412658532,0.0343237376875146,0.5887,0.0038
33500,2315,dens_1809100412119556796,5,Density,<Substance C1CCCCC1{solv}{x=0.397500}|Cc1ccccc1{solv}{x=0.602500}>,C1CCCCC1,Cc1ccccc1,openff-2.3.0rc1,3,0.8140894371088419,0.0002127325260866,0.8228000000000002,0.0002
33501,2316,dhmix_1261378482688431,6,EnthalpyOfMixing,<Substance CCC(C)=O{solv}{x=0.510600}|Nc1ccccc1{solv}{x=0.489400}>,CCC(C)=O,Nc1ccccc1,openff-2.3.0rc1,3,-0.3165375842427664,0.0376739195501311,-1.173,0.0125
33502,2317,dhmix_157258283975731553,7,EnthalpyOfMixing,<Substance CCC(C)=O{solv}{x=0.901800}|Nc1ccccc1{solv}{x=0.098200}>,CCC(C)=O,Nc1ccccc1,openff-2.3.0rc1,3,-0.3195413474540682,0.0449837058715722,-0.469,0.005
33503,2318,dens_610648476268376520,8,Density,<Substance CCC(C)=O{solv}{x=0.502600}|Nc1ccccc1{solv}{x=0.497400}>,CCC(C)=O,Nc1ccccc1,openff-2.3.0rc1,3,0.9229212026294172,0.0002102745273309,0.9213850000000002,5.650000000000002e-05
33504,2319,dens_1388487494953421117,9,Density,<Substance CCC(C)=O{solv}{x=0.901900}|Nc1ccccc1{solv}{x=0.098100}>,CCC(C)=O,Nc1ccccc1,openff-2.3.0rc1,3,0.8084045144183925,0.0002408662428187,0.8265540000000001,7.200000000000002e-05
33505,2320,dhmix_1389656513678923263,10,EnthalpyOfMixing,<Substance CCC(C)=O{solv}{x=0.209900}|Nc1ccccc1{solv}{x=0.790100}>,CCC(C)=O,Nc1ccccc1,openff-2.3.0rc1,3,0.1402251201994957,0.0338696881977954,-0.648,0.007
33506,2321,dens_2115628806769415578,11,Density,<Substance CCC(C)=O{solv}{x=0.256300}|Nc1ccccc1{solv}{x=0.743700}>,CCC(C)=O,Nc1ccccc1,openff-2.3.0rc1,3,0.9918454978810988,0.0002529061658541,0.9712300000000004,4.900000000000001e-05
33507,2322,dens_1379242187515209,12,Density,<Substance CC#N{solv}{x=0.795200}|CCCCOCCCC{solv}{x=0.204800}>,CC#N,CCCCOCCCC,openff-2.3.0rc1,3,0.7656556270064553,0.0002135485037674,0.7708800000000002,0.000245
33508,2323,dhmix_575991096898484441,13,EnthalpyOfMixing,<Substance CC#N{solv}{x=0.488600}|CCCCOCCCC{solv}{x=0.511400}>,CC#N,CCCCOCCCC,openff-2.3.0rc1,3,0.6622720051826221,0.0403859626033015,1.26543,0.00796
33509,2324,dhmix_1182924089945476872,14,EnthalpyOfMixing,<Substance CC#N{solv}{x=0.241600}|CCCCOCCCC{solv}{x=0.758400}>,CC#N,CCCCOCCCC,openff-2.3.0rc1,3,0.416384951068693,0.0434178020401351,0.94593,0.00601
33510,2325,dhmix_1244492966201685063,15,EnthalpyOfMixing,<Substance CC#N{solv}{x=0.795200}|CCCCOCCCC{solv}{x=0.204800}>,CC#N,CCCCOCCCC,openff-2.3.0rc1,3,0.4992121849526907,0.0276224691968219,0.94289,0.005995
33511,2326,dens_2044032309137951705,16,Density,<Substance CC#N{solv}{x=0.245500}|CCCCOCCCC{solv}{x=0.754500}>,CC#N,CCCCOCCCC,openff-2.3.0rc1,3,0.7617691057981474,0.0001929896206483,0.7653000000000001,0.00028
33512,2327,dens_2211436825174998797,17,Density,<Substance CC#N{solv}{x=0.509800}|CCCCOCCCC{solv}{x=0.490200}>,CC#N,CCCCOCCCC,openff-2.3.0rc1,3,0.7638889981512461,0.0002245520595871,0.7671500000000001,0.00026
33513,2328,dens_1820034175228694,18,Density,<Substance C1CCCCC1{solv}{x=0.540900}|CN1CCCC1=O{solv}{x=0.459100}>,C1CCCCC1,CN1CCCC1=O,openff-2.3.0rc1,3,0.8557741971674133,0.0001716794130147,0.8757100000000002,0.000335
33514,2329,dhmix_1335365307191460458,19,EnthalpyOfMixing,<Substance C1CCCCC1{solv}{x=0.751800}|CN1CCCC1=O{solv}{x=0.248200}>,C1CCCCC1,CN1CCCC1=O,openff-2.3.0rc1,3,1.409060722429487,0.0425908506921916,1.1998,0.01285
33515,2330,dens_1375048033230012198,20,Density,<Substance C1CCCCC1{solv}{x=0.733200}|CN1CCCC1=O{solv}{x=0.266800}>,C1CCCCC1,CN1CCCC1=O,openff-2.3.0rc1,3,0.8092194716958462,0.0002018096432179,0.8287300000000002,0.0004
33516,2331,dhmix_1563298635135474599,21,EnthalpyOfMixing,<Substance C1CCCCC1{solv}{x=0.278900}|CN1CCCC1=O{solv}{x=0.721100}>,C1CCCCC1,CN1CCCC1=O,openff-2.3.0rc1,3,1.5491219838454668,0.0368089036282593,1.2061,0.0129
33517,2332,dens_1606235786379262481,22,Density,<Substance C1CCCCC1{solv}{x=0.227500}|CN1CCCC1=O{solv}{x=0.772500}>,C1CCCCC1,CN1CCCC1=O,openff-2.3.0rc1,3,0.9359939171643,0.0001548224774973,0.9583800000000002,0.000245
33518,2333,dhmix_1683219349338278021,23,EnthalpyOfMixing,<Substance C1CCCCC1{solv}{x=0.473400}|CN1CCCC1=O{solv}{x=0.526600}>,C1CCCCC1,CN1CCCC1=O,openff-2.3.0rc1,3,1.914836571635817,0.0425981474638265,1.4691,0.0157
33519,2334,dens_4438302718372985,24,Density,<Substance BrCCCCBr{solv}{x=0.717000}|COC=O{solv}{x=0.283000}>,BrCCCCBr,COC=O,openff-2.3.0rc1,3,1.6492387204296413,0.0004755578466153,1.6702600000000003,0.00259
33520,2335,dhmix_369816950910078034,25,EnthalpyOfMixing,<Substance BrCCCCBr{solv}{x=0.778200}|COC=O{solv}{x=0.221800}>,BrCCCCBr,COC=O,openff-2.3.0rc1,3,0.6382339214622945,0.0410218531905823,0.6355,0.0057
33521,2336,dens_460757700461114532,26,Density,<Substance BrCCCCBr{solv}{x=0.495800}|COC=O{solv}{x=0.504200}>,BrCCCCBr,COC=O,openff-2.3.0rc1,3,1.508322757833202,0.0002989155710266,1.5176800000000004,0.001885
33522,2337,dhmix_1496821399278454353,27,EnthalpyOfMixing,<Substance BrCCCCBr{solv}{x=0.265400}|COC=O{solv}{x=0.734600}>,BrCCCCBr,COC=O,openff-2.3.0rc1,3,0.9120464598166844,0.0323447742399946,0.8185,0.00715
33523,2338,dens_1750413656870357630,28,Density,<Substance BrCCCCBr{solv}{x=0.225800}|COC=O{solv}{x=0.774200}>,BrCCCCBr,COC=O,openff-2.3.0rc1,3,1.2726179914240794,0.0003958019312552,1.2671300000000003,0.00104
33524,2339,dhmix_1802862930607761431,29,EnthalpyOfMixing,<Substance BrCCCCBr{solv}{x=0.482000}|COC=O{solv}{x=0.518000}>,BrCCCCBr,COC=O,openff-2.3.0rc1,3,0.9351187805533884,0.038724403395999,1.0243,0.0087
33525,2340,dhmix_8447570649359775,30,EnthalpyOfMixing,<Substance OCCO{solv}{x=0.481700}|OCc1ccccc1{solv}{x=0.518300}>,OCCO,OCc1ccccc1,openff-2.3.0rc1,3,0.2951461128868899,0.0420000653627606,0.201,0.00465
33526,2341,dens_824372741354282107,31,Density,<Substance OCCO{solv}{x=0.505700}|OCc1ccccc1{solv}{x=0.494300}>,OCCO,OCc1ccccc1,openff-2.3.0rc1,3,1.0684412750614352,0.0002568898738485,1.0579000000000005,0.00027
33527,2342,dens_1105173553343721111,32,Density,<Substance OCCO{solv}{x=0.737100}|OCc1ccccc1{solv}{x=0.262900}>,OCCO,OCc1ccccc1,openff-2.3.0rc1,3,1.090353678023779,0.0002097088497252,1.0753200000000005,0.000275
33528,2343,dhmix_1362282802315816638,33,EnthalpyOfMixing,<Substance OCCO{solv}{x=0.736100}|OCc1ccccc1{solv}{x=0.263900}>,OCCO,OCc1ccccc1,openff-2.3.0rc1,3,0.2641860248122682,0.034911784907015,0.1383,0.0037
33529,2344,dhmix_1666683879028583081,34,EnthalpyOfMixing,<Substance OCCO{solv}{x=0.236500}|OCc1ccccc1{solv}{x=0.763500}>,OCCO,OCc1ccccc1,openff-2.3.0rc1,3,0.3566079580964256,0.0440713409141352,0.209,0.0048
33530,2345,dens_1698159396404241323,35,Density,<Substance OCCO{solv}{x=0.262200}|OCc1ccccc1{solv}{x=0.737800}>,OCCO,OCc1ccccc1,openff-2.3.0rc1,3,1.0521250226462338,0.0002353019791782,1.0442900000000002,0.000265
33531,2346,dens_8507121971977381,36,Density,<Substance CCOC(C)(C)C{solv}{x=0.505000}|Cc1ccccc1{solv}{x=0.495000}>,CCOC(C)(C)C,Cc1ccccc1,openff-2.3.0rc1,3,0.8029466837652465,0.0002267903818824,0.7937390000000002,0.000467
33532,2347,dens_499290591626962121,37,Density,<Substance CCOC(C)(C)C{solv}{x=0.217000}|Cc1ccccc1{solv}{x=0.783000}>,CCOC(C)(C)C,Cc1ccccc1,openff-2.3.0rc1,3,0.8359872642733457,0.0002157054212549,0.8314450000000002,0.000411
33533,2348,dhmix_820491025608256793,38,EnthalpyOfMixing,<Substance CCOC(C)(C)C{solv}{x=0.501900}|Cc1ccccc1{solv}{x=0.498100}>,CCOC(C)(C)C,Cc1ccccc1,openff-2.3.0rc1,3,-0.1997347213088289,0.0365143315775223,-0.046,0.00055
33534,2349,dhmix_1374163681483564129,39,EnthalpyOfMixing,<Substance CCOC(C)(C)C{solv}{x=0.248900}|Cc1ccccc1{solv}{x=0.751100}>,CCOC(C)(C)C,Cc1ccccc1,openff-2.3.0rc1,3,-0.1536081148604466,0.0413647318823067,-0.0324,0.0005
33535,2350,dens_1904998692863983733,40,Density,<Substance CCOC(C)(C)C{solv}{x=0.701000}|Cc1ccccc1{solv}{x=0.299000}>,CCOC(C)(C)C,Cc1ccccc1,openff-2.3.0rc1,3,0.7823078558282455,0.0002089510619765,0.7696300000000001,0.000503
33536,2351,dhmix_1982853461678580310,41,EnthalpyOfMixing,<Substance CCOC(C)(C)C{solv}{x=0.749500}|Cc1ccccc1{solv}{x=0.250500}>,CCOC(C)(C)C,Cc1ccccc1,openff-2.3.0rc1,3,-0.1205114060064289,0.0474907775896159,-0.0348,0.0005
33537,2352,dhmix_13624411991961099,42,EnthalpyOfMixing,<Substance C1CCOCC1{solv}{x=0.237900}|Cc1ccccc1N{solv}{x=0.762100}>,C1CCOCC1,Cc1ccccc1N,openff-2.3.0rc1,3,0.0387780644743482,0.0423843548178693,-0.3658,0.004
33538,2353,dhmix_510299013171775812,43,EnthalpyOfMixing,<Substance C1CCOCC1{solv}{x=0.741000}|Cc1ccccc1N{solv}{x=0.259000}>,C1CCOCC1,Cc1ccccc1N,openff-2.3.0rc1,3,-0.090252165515885,0.0476221216096562,-0.4892,0.0053
33539,2354,dhmix_1337006691942958969,44,EnthalpyOfMixing,<Substance C1CCOCC1{solv}{x=0.490100}|Cc1ccccc1N{solv}{x=0.509900}>,C1CCOCC1,Cc1ccccc1N,openff-2.3.0rc1,3,-0.1125247816055328,0.0465474194043426,-0.5715,0.0062
33540,2355,dens_1448062547628404156,45,Density,<Substance C1CCOCC1{solv}{x=0.727900}|Cc1ccccc1N{solv}{x=0.272100}>,C1CCOCC1,Cc1ccccc1N,openff-2.3.0rc1,3,0.9162282490193504,0.0002259170778878,0.91866,0.000285
33541,2356,dens_2171966897328079405,46,Density,<Substance C1CCOCC1{solv}{x=0.498600}|Cc1ccccc1N{solv}{x=0.501400}>,C1CCOCC1,Cc1ccccc1N,openff-2.3.0rc1,3,0.9505267810191176,0.0001983532634417,0.9459860000000002,0.0002275
33542,2357,dens_2201621104799327758,47,Density,<Substance C1CCOCC1{solv}{x=0.229700}|Cc1ccccc1N{solv}{x=0.770300}>,C1CCOCC1,Cc1ccccc1N,openff-2.3.0rc1,3,0.9868921475180704,0.0002422410331305,0.9734540000000002,0.000164
33543,2358,dens_15008167137789802,48,Density,<Substance CCCCCl{solv}{x=0.299200}|CN(C)C=O{solv}{x=0.700800}>,CCCCCl,CN(C)C=O,openff-2.3.0rc1,3,0.8985897904983053,0.0002541877824176,0.9218000000000002,0.0002
33544,2359,dens_550868133232739009,49,Density,<Substance CCCCCl{solv}{x=0.701200}|CN(C)C=O{solv}{x=0.298800}>,CCCCCl,CN(C)C=O,openff-2.3.0rc1,3,0.8733830684918157,0.0003121238442385,0.8963000000000002,0.0002
33545,2360,dhmix_1315230298567753558,50,EnthalpyOfMixing,<Substance CCCCCl{solv}{x=0.793000}|CN(C)C=O{solv}{x=0.207000}>,CCCCCl,CN(C)C=O,openff-2.3.0rc1,3,0.7706845893469989,0.0400860650699341,0.404,0.003
33546,2361,dhmix_1929975181819720491,51,EnthalpyOfMixing,<Substance CCCCCl{solv}{x=0.493000}|CN(C)C=O{solv}{x=0.507000}>,CCCCCl,CN(C)C=O,openff-2.3.0rc1,3,0.982213283806992,0.0388863190024572,0.571,0.003
33547,2362,dhmix_1976787548784045784,52,EnthalpyOfMixing,<Substance CCCCCl{solv}{x=0.295000}|CN(C)C=O{solv}{x=0.705000}>,CCCCCl,CN(C)C=O,openff-2.3.0rc1,3,0.8409105325541333,0.0318679627050698,0.467,0.003
33548,2363,dens_2008819185276371643,53,Density,<Substance CCCCCl{solv}{x=0.499000}|CN(C)C=O{solv}{x=0.501000}>,CCCCCl,CN(C)C=O,openff-2.3.0rc1,3,0.8867975160898485,0.0002702626560236,0.9086000000000002,0.0002
33549,2364,dens_16755306936326197,54,Density,<Substance Cc1ccccc1N{solv}{x=0.255700}|Cc1ccccn1{solv}{x=0.744300}>,Cc1ccccc1N,Cc1ccccn1,openff-2.3.0rc1,3,0.9673343830076327,0.0001913040223732,0.9597930000000002,0.000307
33550,2365,dens_238666738854407136,55,Density,<Substance Cc1ccccc1N{solv}{x=0.514600}|Cc1ccccn1{solv}{x=0.485400}>,Cc1ccccc1N,Cc1ccccn1,openff-2.3.0rc1,3,0.9864973569946924,0.0001786288230611,0.9748990000000002,0.0002315
33551,2366,dhmix_1909144841681931250,56,EnthalpyOfMixing,<Substance Cc1ccccc1N{solv}{x=0.488200}|Cc1ccccn1{solv}{x=0.511800}>,Cc1ccccc1N,Cc1ccccn1,openff-2.3.0rc1,3,-1.301943541116792,0.0440854470883342,-1.4976,0.0305
33552,2367,dens_1945534954282706534,57,Density,<Substance Cc1ccccc1N{solv}{x=0.757100}|Cc1ccccn1{solv}{x=0.242900}>,Cc1ccccc1N,Cc1ccccn1,openff-2.3.0rc1,3,1.0008295538212286,0.0002131123666504,0.9854410000000002,0.000169
33553,2368,dhmix_2038606904928978856,58,EnthalpyOfMixing,<Substance Cc1ccccc1N{solv}{x=0.782100}|Cc1ccccn1{solv}{x=0.217900}>,Cc1ccccc1N,Cc1ccccn1,openff-2.3.0rc1,3,-0.74532951463312,0.0497534532665043,-0.8656,0.01775
33554,2369,dhmix_2125558080831870503,59,EnthalpyOfMixing,<Substance Cc1ccccc1N{solv}{x=0.273600}|Cc1ccccn1{solv}{x=0.726400}>,Cc1ccccc1N,Cc1ccccn1,openff-2.3.0rc1,3,-1.1496044183162653,0.0400258493131178,-1.2462,0.0254
33555,2370,dens_19028061622240549,60,Density,<Substance CN(C)CCO{solv}{x=0.296200}|CO{solv}{x=0.703800}>,CN(C)CCO,CO,openff-2.3.0rc1,3,0.8517897292257235,0.0002767427525311,0.8506500000000001,0.00014
33556,2371,dens_186649390549115907,61,Density,<Substance CN(C)CCO{solv}{x=0.502000}|CO{solv}{x=0.498000}>,CN(C)CCO,CO,openff-2.3.0rc1,3,0.8778616523060175,0.0002399264972469,0.8684000000000002,0.000155
33557,2372,dhmix_1453612193040378117,62,EnthalpyOfMixing,<Substance CN(C)CCO{solv}{x=0.497200}|CO{solv}{x=0.502800}>,CN(C)CCO,CO,openff-2.3.0rc1,3,-1.2180775538457738,0.0359243210886808,-0.8673,0.00935
33558,2373,dens_1978392691277508278,63,Density,<Substance CN(C)CCO{solv}{x=0.707500}|CO{solv}{x=0.292500}>,CN(C)CCO,CO,openff-2.3.0rc1,3,0.8945193974312369,0.0002199404591142,0.8766100000000002,0.00017
33559,2374,dhmix_2113387918969192804,64,EnthalpyOfMixing,<Substance CN(C)CCO{solv}{x=0.247900}|CO{solv}{x=0.752100}>,CN(C)CCO,CO,openff-2.3.0rc1,3,-0.958766717604142,0.0333055242341723,-0.8057,0.0087
33560,2375,dhmix_2220842061395014218,65,EnthalpyOfMixing,<Substance CN(C)CCO{solv}{x=0.750600}|CO{solv}{x=0.249400}>,CN(C)CCO,CO,openff-2.3.0rc1,3,-0.6150486826316524,0.0382124283598911,-0.5322,0.00585
33561,2376,dhmix_21994921667950318,66,EnthalpyOfMixing,<Substance C=CCCCC{solv}{x=0.500100}|CCCO{solv}{x=0.499900}>,C=CCCCC,CCCO,openff-2.3.0rc1,3,0.6082476784651973,0.0394448059909378,0.595,0.0055
33562,2377,dens_62854823056490751,67,Density,<Substance C=CCCCC{solv}{x=0.150300}|CCCO{solv}{x=0.849700}>,C=CCCCC,CCCO,openff-2.3.0rc1,3,0.7652172055569133,0.0002899225669177,0.7704980000000002,0.0001845
33563,2378,dens_294296714501123310,68,Density,<Substance C=CCCCC{solv}{x=0.499100}|CCCO{solv}{x=0.500900}>,C=CCCCC,CCCO,openff-2.3.0rc1,3,0.7064859925713479,0.0002952628681423,0.7176450000000002,0.0002145
33564,2379,dhmix_829065315899278784,69,EnthalpyOfMixing,<Substance C=CCCCC{solv}{x=0.750000}|CCCO{solv}{x=0.250000}>,C=CCCCC,CCCO,openff-2.3.0rc1,3,0.7920020871033131,0.0449407698648335,0.682,0.006
33565,2380,dens_2024397702416079279,70,Density,<Substance C=CCCCC{solv}{x=0.745600}|CCCO{solv}{x=0.254400}>,C=CCCCC,CCCO,openff-2.3.0rc1,3,0.6763335941902305,0.0002700218150905,0.6899770000000002,0.0002305
33566,2381,dhmix_2167083041249157622,71,EnthalpyOfMixing,<Substance C=CCCCC{solv}{x=0.150100}|CCCO{solv}{x=0.849900}>,C=CCCCC,CCCO,openff-2.3.0rc1,3,0.2882204527339524,0.0380811687864046,0.192,0.005
33567,2382,dhmix_22428169890990447,72,EnthalpyOfMixing,<Substance CC1(C)C(=O)[C@]2(C)CC[C@H]1C2{solv}{x=0.286000}|CCO{solv}{x=0.714000}>,CC1(C)C(=O)[C@]2(C)CC[C@H]1C2,CCO,openff-2.3.0rc1,3,0.7460378308378779,0.0396411854709466,0.876,0.0265
33568,2383,dhmix_57626661746168078,73,EnthalpyOfMixing,<Substance CC1(C)C(=O)[C@]2(C)CC[C@H]1C2{solv}{x=0.701000}|CCO{solv}{x=0.299000}>,CC1(C)C(=O)[C@]2(C)CC[C@H]1C2,CCO,openff-2.3.0rc1,3,0.8880377117636442,0.0442711040022802,1.0,0.0305
33569,2384,dhmix_287041928444283276,74,EnthalpyOfMixing,<Substance CC1(C)C(=O)[C@]2(C)CC[C@H]1C2{solv}{x=0.488000}|CCO{solv}{x=0.512000}>,CC1(C)C(=O)[C@]2(C)CC[C@H]1C2,CCO,openff-2.3.0rc1,3,0.985413328295664,0.0363706182471681,1.109,0.0335
33570,2385,dens_618487453946854895,75,Density,<Substance CC1(C)C(=O)[C@]2(C)CC[C@H]1C2{solv}{x=0.501200}|CCO{solv}{x=0.498800}>,CC1(C)C(=O)[C@]2(C)CC[C@H]1C2,CCO,openff-2.3.0rc1,3,0.90895615452174,0.0001953756464219,0.9005900000000002,5.5000000000000016e-05
33571,2386,dens_1408969463542558504,76,Density,<Substance CC1(C)C(=O)[C@]2(C)CC[C@H]1C2{solv}{x=0.789700}|CCO{solv}{x=0.210300}>,CC1(C)C(=O)[C@]2(C)CC[C@H]1C2,CCO,openff-2.3.0rc1,3,0.9370778362795216,0.0002799316021114,0.9274800000000002,6.0000000000000015e-05
33572,2387,dens_2053919413592536040,77,Density,<Substance CC1(C)C(=O)[C@]2(C)CC[C@H]1C2{solv}{x=0.200200}|CCO{solv}{x=0.799800}>,CC1(C)C(=O)[C@]2(C)CC[C@H]1C2,CCO,openff-2.3.0rc1,3,0.8568236447076711,0.0002306319947495,0.8499000000000002,6.500000000000002e-05
33573,2388,dhmix_24700325920498635,78,EnthalpyOfMixing,<Substance CCC(C)(C)O{solv}{x=0.799400}|CCOC(C)(C)CC{solv}{x=0.200600}>,CCC(C)(C)O,CCOC(C)(C)CC,openff-2.3.0rc1,3,0.7315015749509683,0.0536441718901185,0.448,0.0073
33574,2389,dhmix_252628078473967793,79,EnthalpyOfMixing,<Substance CCC(C)(C)O{solv}{x=0.299700}|CCOC(C)(C)CC{solv}{x=0.700300}>,CCC(C)(C)O,CCOC(C)(C)CC,openff-2.3.0rc1,3,1.0879352122440622,0.0486940991238371,0.9727,0.0132
33575,2390,dens_281609537293621351,80,Density,<Substance CCC(C)(C)O{solv}{x=0.799400}|CCOC(C)(C)CC{solv}{x=0.200600}>,CCC(C)(C)O,CCOC(C)(C)CC,openff-2.3.0rc1,3,0.807286396972135,0.0002279259269344,0.7932000000000002,0.00025
33576,2391,dhmix_980734994193955874,81,EnthalpyOfMixing,<Substance CCC(C)(C)O{solv}{x=0.498700}|CCOC(C)(C)CC{solv}{x=0.501300}>,CCC(C)(C)O,CCOC(C)(C)CC,openff-2.3.0rc1,3,0.978430144921724,0.0488871764953332,0.8937,0.01225
33577,2392,dens_1165049856972872340,82,Density,<Substance CCC(C)(C)O{solv}{x=0.498700}|CCOC(C)(C)CC{solv}{x=0.501300}>,CCC(C)(C)O,CCOC(C)(C)CC,openff-2.3.0rc1,3,0.7873178773706274,0.000171319572427,0.7789000000000001,0.0002
33578,2393,dens_2297026976830009992,83,Density,<Substance CCC(C)(C)O{solv}{x=0.299700}|CCOC(C)(C)CC{solv}{x=0.700300}>,CCC(C)(C)O,CCOC(C)(C)CC,openff-2.3.0rc1,3,0.7777316693270228,0.0001811215669444,0.7709000000000001,0.0002
33579,2394,dens_25810987980199799,84,Density,<Substance CCCCCC{solv}{x=0.158800}|Cc1ccccc1{solv}{x=0.841200}>,CCCCCC,Cc1ccccc1,openff-2.3.0rc1,3,0.8205726072619534,0.0002562586188633,0.8226300000000002,0.000335
33580,2395,dens_574637447996217594,85,Density,<Substance CCCCCC{solv}{x=0.501100}|Cc1ccccc1{solv}{x=0.498900}>,CCCCCC,Cc1ccccc1,openff-2.3.0rc1,3,0.7417120801552699,0.0001676209305906,0.7484400000000002,0.00015
33581,2396,dhmix_1373657903424456878,86,EnthalpyOfMixing,<Substance CCCCCC{solv}{x=0.158600}|Cc1ccccc1{solv}{x=0.841400}>,CCCCCC,Cc1ccccc1,openff-2.3.0rc1,3,0.4064078749518813,0.0412570886418011,0.3163,0.0043
33582,2397,dhmix_1383995974797334848,87,EnthalpyOfMixing,<Substance CCCCCC{solv}{x=0.472300}|Cc1ccccc1{solv}{x=0.527700}>,CCCCCC,Cc1ccccc1,openff-2.3.0rc1,3,0.73166489200905,0.0394634969068999,0.5467,0.00715
33583,2398,dhmix_1412344026798360911,88,EnthalpyOfMixing,<Substance CCCCCC{solv}{x=0.748400}|Cc1ccccc1{solv}{x=0.251600}>,CCCCCC,Cc1ccccc1,openff-2.3.0rc1,3,0.5825575410974153,0.0500346443722649,0.393,0.00525
33584,2399,dens_2241575426887298365,89,Density,<Substance CCCCCC{solv}{x=0.733800}|Cc1ccccc1{solv}{x=0.266200}>,CCCCCC,Cc1ccccc1,openff-2.3.0rc1,3,0.6935342909411697,0.0002407504714911,0.7020900000000002,0.000305
33585,2400,dens_27241401908451167,90,Density,<Substance CN(C)C=O{solv}{x=0.503500}|Cc1ccccc1Cl{solv}{x=0.496500}>,CN(C)C=O,Cc1ccccc1Cl,openff-2.3.0rc1,3,1.0157825915212115,0.0002563199228555,1.0247000000000004,0.0005
33586,2401,dhmix_674882857451857086,91,EnthalpyOfMixing,<Substance CN(C)C=O{solv}{x=0.511800}|Cc1ccccc1Cl{solv}{x=0.488200}>,CN(C)C=O,Cc1ccccc1Cl,openff-2.3.0rc1,3,0.1824781362998919,0.0386511860059201,0.545,0.006
33587,2402,dens_818042132181297482,92,Density,<Substance CN(C)C=O{solv}{x=0.751200}|Cc1ccccc1Cl{solv}{x=0.248800}>,CN(C)C=O,Cc1ccccc1Cl,openff-2.3.0rc1,3,0.9719696485636776,0.00024922891935,0.9898800000000002,0.0005
33588,2403,dens_861365281257265917,93,Density,<Substance CN(C)C=O{solv}{x=0.273700}|Cc1ccccc1Cl{solv}{x=0.726300}>,CN(C)C=O,Cc1ccccc1Cl,openff-2.3.0rc1,3,1.03934527177737,0.0002401502209305,1.0415000000000003,0.0005
33589,2404,dhmix_1670364528496870559,94,EnthalpyOfMixing,<Substance CN(C)C=O{solv}{x=0.767900}|Cc1ccccc1Cl{solv}{x=0.232100}>,CN(C)C=O,Cc1ccccc1Cl,openff-2.3.0rc1,3,0.1129808791397835,0.0409728780539764,0.436,0.005
33590,2405,dhmix_1992689527814967541,95,EnthalpyOfMixing,<Substance CN(C)C=O{solv}{x=0.274300}|Cc1ccccc1Cl{solv}{x=0.725700}>,CN(C)C=O,Cc1ccccc1Cl,openff-2.3.0rc1,3,0.166419541622858,0.0427429143601678,0.373,0.004
33591,2406,dens_29213618499921464,96,Density,<Substance C1CCOCC1{solv}{x=0.254000}|O=C1CCCCCC1{solv}{x=0.746000}>,C1CCOCC1,O=C1CCCCCC1,openff-2.3.0rc1,3,0.9129413023352734,0.0002221741334237,0.9355100000000002,0.00051
33592,2407,dens_468319504030932569,97,Density,<Substance C1CCOCC1{solv}{x=0.498600}|O=C1CCCCCC1{solv}{x=0.501400}>,C1CCOCC1,O=C1CCCCCC1,openff-2.3.0rc1,3,0.9009648638270592,0.0001833346143758,0.9211200000000004,0.00051
33593,2408,dens_1174890511154571939,98,Density,<Substance C1CCOCC1{solv}{x=0.768600}|O=C1CCCCCC1{solv}{x=0.231400}>,C1CCOCC1,O=C1CCCCCC1,openff-2.3.0rc1,3,0.8866239557583936,0.0002313036803093,0.9012200000000002,0.000505
33594,2409,dens_30084818585402677,99,Density,<Substance CC(=O)N(C)C{solv}{x=0.700600}|ClCCCCCCCl{solv}{x=0.299400}>,CC(=O)N(C)C,ClCCCCCCCl,openff-2.3.0rc1,3,0.9609932939293804,0.0002230613452071,0.9853000000000002,0.00175
33595,2410,dhmix_384619296407103076,100,EnthalpyOfMixing,<Substance CC(=O)N(C)C{solv}{x=0.504000}|ClCCCCCCCl{solv}{x=0.496000}>,CC(=O)N(C)C,ClCCCCCCCl,openff-2.3.0rc1,3,0.4226489731191662,0.0451061625731064,0.09,0.002
33596,2411,dens_539464371986972328,101,Density,<Substance CC(=O)N(C)C{solv}{x=0.494300}|ClCCCCCCCl{solv}{x=0.505700}>,CC(=O)N(C)C,ClCCCCCCCl,openff-2.3.0rc1,3,0.9934794378482682,0.0002487890934198,1.0123000000000002,0.0016
33597,2412,dhmix_1114659247517686326,102,EnthalpyOfMixing,<Substance CC(=O)N(C)C{solv}{x=0.798000}|ClCCCCCCCl{solv}{x=0.202000}>,CC(=O)N(C)C,ClCCCCCCCl,openff-2.3.0rc1,3,0.2336232055797253,0.0331583361988565,0.067,0.002
33598,2413,dhmix_1410583096030633514,103,EnthalpyOfMixing,<Substance CC(=O)N(C)C{solv}{x=0.212000}|ClCCCCCCCl{solv}{x=0.788000}>,CC(=O)N(C)C,ClCCCCCCCl,openff-2.3.0rc1,3,0.2419682292468365,0.0494529111072045,0.04,0.002
33599,2414,dens_2244909992725638206,104,Density,<Substance CC(=O)N(C)C{solv}{x=0.300200}|ClCCCCCCCl{solv}{x=0.699800}>,CC(=O)N(C)C,ClCCCCCCCl,openff-2.3.0rc1,3,1.020437121473596,0.0002026489481506,1.0345000000000002,0.0015
33600,2415,dhmix_35301006695188726,105,EnthalpyOfMixing,<Substance CCOC(=O)C(C)C{solv}{x=0.289000}|CO{solv}{x=0.711000}>,CCOC(=O)C(C)C,CO,openff-2.3.0rc1,3,0.4459270265024386,0.031574070591913,0.488,0.0035
33601,2416,dens_508877804306927207,106,Density,<Substance CCOC(=O)C(C)C{solv}{x=0.499000}|CO{solv}{x=0.501000}>,CCOC(=O)C(C)C,CO,openff-2.3.0rc1,3,0.844762455777686,0.0002903054298331,0.8414100000000002,0.00011
33602,2417,dens_1201422771202741625,107,Density,<Substance CCOC(=O)C(C)C{solv}{x=0.199600}|CO{solv}{x=0.800400}>,CCOC(=O)C(C)C,CO,openff-2.3.0rc1,3,0.8134320562100011,0.000353795683902,0.8173600000000002,0.000115
33603,2418,dhmix_1951183536432642425,108,EnthalpyOfMixing,<Substance CCOC(=O)C(C)C{solv}{x=0.480000}|CO{solv}{x=0.520000}>,CCOC(=O)C(C)C,CO,openff-2.3.0rc1,3,0.6798319448921788,0.0360886356823827,0.671,0.0045
33604,2419,dens_1998368384671748308,109,Density,<Substance CCOC(=O)C(C)C{solv}{x=0.703000}|CO{solv}{x=0.297000}>,CCOC(=O)C(C)C,CO,openff-2.3.0rc1,3,0.8571425581518101,0.0002215586936906,0.8501200000000002,0.00011
33605,2420,dhmix_2200604492347455092,110,EnthalpyOfMixing,<Substance CCOC(=O)C(C)C{solv}{x=0.771000}|CO{solv}{x=0.229000}>,CCOC(=O)C(C)C,CO,openff-2.3.0rc1,3,0.5833813287339069,0.0454156110644095,0.632,0.0045
33606,2421,dhmix_39159150320919359,111,EnthalpyOfMixing,<Substance CCO{solv}{x=0.799700}|Cc1cccc(O)c1{solv}{x=0.200300}>,CCO,Cc1cccc(O)c1,openff-2.3.0rc1,3,-0.6187361530923194,0.0375604597047801,-0.79199,0.011965
33607,2422,dens_410843938837220593,112,Density,<Substance CCO{solv}{x=0.263700}|Cc1cccc(O)c1{solv}{x=0.736300}>,CCO,Cc1cccc(O)c1,openff-2.3.0rc1,3,0.9992700710690422,0.0001794407914903,0.9852300000000004,0.0006
33608,2423,dhmix_1115402835538407874,113,EnthalpyOfMixing,<Substance CCO{solv}{x=0.212500}|Cc1cccc(O)c1{solv}{x=0.787500}>,CCO,Cc1cccc(O)c1,openff-2.3.0rc1,3,-0.7054872119798077,0.0461809397531718,-0.68742,0.01275
33609,2424,dens_1359111234216199895,114,Density,<Substance CCO{solv}{x=0.472400}|Cc1cccc(O)c1{solv}{x=0.527600}>,CCO,Cc1cccc(O)c1,openff-2.3.0rc1,3,0.96204506644194,0.0001694309986618,0.9446300000000002,0.0006
33610,2425,dens_1590314985481219627,115,Density,<Substance CCO{solv}{x=0.781700}|Cc1cccc(O)c1{solv}{x=0.218300}>,CCO,Cc1cccc(O)c1,openff-2.3.0rc1,3,0.8793875255073121,0.0002598350380237,0.8631500000000002,0.000605
33611,2426,dhmix_1871939727966182523,116,EnthalpyOfMixing,<Substance CCO{solv}{x=0.413900}|Cc1cccc(O)c1{solv}{x=0.586100}>,CCO,Cc1cccc(O)c1,openff-2.3.0rc1,3,-0.9202388384692172,0.0357087374502155,-1.14624,0.00985
33612,2427,dens_42678158079716854,117,Density,<Substance CN1CCCC1=O{solv}{x=0.937492}|c1ccccc1{solv}{x=0.062508}>,CN1CCCC1=O,c1ccccc1,openff-2.3.0rc1,3,0.9961710749061182,0.0001883852212338,1.0204500000000003,3.500000000000001e-05
33613,2428,dens_252520620125458637,118,Density,<Substance CN1CCCC1=O{solv}{x=0.513500}|c1ccccc1{solv}{x=0.486500}>,CN1CCCC1=O,c1ccccc1,openff-2.3.0rc1,3,0.954244459273464,0.0001952259910433,0.9684700000000004,0.00018
33614,2429,dhmix_524477957640851666,119,EnthalpyOfMixing,<Substance CN1CCCC1=O{solv}{x=0.235600}|c1ccccc1{solv}{x=0.764400}>,CN1CCCC1=O,c1ccccc1,openff-2.3.0rc1,3,-0.1694524819264629,0.0416424722287147,-0.3684,0.00405
33615,2430,dhmix_1475629358723962160,120,EnthalpyOfMixing,<Substance CN1CCCC1=O{solv}{x=0.546700}|c1ccccc1{solv}{x=0.453300}>,CN1CCCC1=O,c1ccccc1,openff-2.3.0rc1,3,-0.1664925716658132,0.0422719953451279,-0.4943,0.00535
33616,2431,dens_2041306780823594960,121,Density,<Substance CN1CCCC1=O{solv}{x=0.252400}|c1ccccc1{solv}{x=0.747600}>,CN1CCCC1=O,c1ccccc1,openff-2.3.0rc1,3,0.9112246942646904,0.0002623177878506,0.9163300000000004,0.00029
33617,2432,dhmix_2156508970935294660,122,EnthalpyOfMixing,<Substance CN1CCCC1=O{solv}{x=0.741100}|c1ccccc1{solv}{x=0.258900}>,CN1CCCC1=O,c1ccccc1,openff-2.3.0rc1,3,-0.1238931660925146,0.041416660789903,-0.3841,0.0042
33618,2433,dhmix_44217680865702366,123,EnthalpyOfMixing,<Substance CC(=O)c1ccccc1{solv}{x=0.200100}|CC(C)O{solv}{x=0.799900}>,CC(=O)c1ccccc1,CC(C)O,openff-2.3.0rc1,3,1.1144357527512851,0.0354163110004607,1.1352,0.0124
33619,2434,dens_91454082453656404,124,Density,<Substance CC(=O)c1ccccc1{solv}{x=0.756100}|CC(C)O{solv}{x=0.243900}>,CC(=O)c1ccccc1,CC(C)O,openff-2.3.0rc1,3,0.976747001341516,0.0001839907223604,0.9823500000000004,0.000175
33620,2435,dens_152869924254680766,125,Density,<Substance CC(=O)c1ccccc1{solv}{x=0.251700}|CC(C)O{solv}{x=0.748300}>,CC(=O)c1ccccc1,CC(C)O,openff-2.3.0rc1,3,0.8779100591079174,0.0002156043203155,0.8654400000000002,0.000245
33621,2436,dhmix_1214494501247401592,126,EnthalpyOfMixing,<Substance CC(=O)c1ccccc1{solv}{x=0.499600}|CC(C)O{solv}{x=0.500400}>,CC(=O)c1ccccc1,CC(C)O,openff-2.3.0rc1,3,1.548420433358821,0.0388579195813134,1.5703,0.0169
33622,2437,dhmix_1482394504883204224,127,EnthalpyOfMixing,<Substance CC(=O)c1ccccc1{solv}{x=0.700600}|CC(C)O{solv}{x=0.299400}>,CC(=O)c1ccccc1,CC(C)O,openff-2.3.0rc1,3,1.2435252665370982,0.0390949267632932,1.3758,0.01485
33623,2438,dens_1804860114822214449,128,Density,<Substance CC(=O)c1ccccc1{solv}{x=0.534500}|CC(C)O{solv}{x=0.465500}>,CC(=O)c1ccccc1,CC(C)O,openff-2.3.0rc1,3,0.9393263458880432,0.0002193901333889,0.9375600000000002,0.0002
33624,2439,dhmix_47323681380989568,129,EnthalpyOfMixing,<Substance CCCCCCCCCl{solv}{x=0.498000}|CN(C)C=O{solv}{x=0.502000}>,CCCCCCCCCl,CN(C)C=O,openff-2.3.0rc1,3,1.4094493208083918,0.0457842643158191,1.087,0.0045
33625,2440,dhmix_620291288515939248,130,EnthalpyOfMixing,<Substance CCCCCCCCCl{solv}{x=0.790000}|CN(C)C=O{solv}{x=0.210000}>,CCCCCCCCCl,CN(C)C=O,openff-2.3.0rc1,3,1.0137004382231822,0.0528911810568026,0.68,0.0045
33626,2441,dens_1830564734879843336,131,Density,<Substance CCCCCCCCCl{solv}{x=0.733100}|CN(C)C=O{solv}{x=0.266900}>,CCCCCCCCCl,CN(C)C=O,openff-2.3.0rc1,3,0.8669951011696241,0.0001472368038737,0.8779000000000002,0.00045
33627,2442,dens_1865569264533219410,132,Density,<Substance CCCCCCCCCl{solv}{x=0.500800}|CN(C)C=O{solv}{x=0.499200}>,CCCCCCCCCl,CN(C)C=O,openff-2.3.0rc1,3,0.8760118667239128,0.0002065066614231,0.8897000000000003,0.0004
33628,2443,dens_1893252821735673677,133,Density,<Substance CCCCCCCCCl{solv}{x=0.199800}|CN(C)C=O{solv}{x=0.800200}>,CCCCCCCCCl,CN(C)C=O,openff-2.3.0rc1,3,0.8952106378948345,0.0002470425318868,0.9149000000000002,0.0003
33629,2444,dhmix_2175249209874409534,134,EnthalpyOfMixing,<Substance CCCCCCCCCl{solv}{x=0.205000}|CN(C)C=O{solv}{x=0.795000}>,CCCCCCCCCl,CN(C)C=O,openff-2.3.0rc1,3,1.0463587726717662,0.0330267968171076,0.79,0.0045
33630,2445,dens_47347406470845261,135,Density,<Substance BrCCCBr{solv}{x=0.748600}|COC=O{solv}{x=0.251400}>,BrCCCBr,COC=O,openff-2.3.0rc1,3,1.7706988589500623,0.0005176666448806,1.7969200000000003,0.00306
33631,2446,dens_398260729245374704,136,Density,<Substance BrCCCBr{solv}{x=0.472200}|COC=O{solv}{x=0.527800}>,BrCCCBr,COC=O,openff-2.3.0rc1,3,1.551304778775831,0.0005196195977132,1.5585100000000005,0.001985
33632,2447,dhmix_1440467239786579925,137,EnthalpyOfMixing,<Substance BrCCCBr{solv}{x=0.735400}|COC=O{solv}{x=0.264600}>,BrCCCBr,COC=O,openff-2.3.0rc1,3,0.6533394111051862,0.0344986649775025,0.7435,0.00655
33633,2448,dens_1812113401512645360,138,Density,<Substance BrCCCBr{solv}{x=0.204700}|COC=O{solv}{x=0.795300}>,BrCCCBr,COC=O,openff-2.3.0rc1,3,1.270477896367977,0.0003880536654237,1.2611800000000004,0.001025
33634,2449,dhmix_2252268161220427112,139,EnthalpyOfMixing,<Substance BrCCCBr{solv}{x=0.485300}|COC=O{solv}{x=0.514700}>,BrCCCBr,COC=O,openff-2.3.0rc1,3,0.8967412200652802,0.0321883031750393,0.9249,0.00795
33635,2450,dhmix_2289960806584862127,140,EnthalpyOfMixing,<Substance BrCCCBr{solv}{x=0.239500}|COC=O{solv}{x=0.760500}>,BrCCCBr,COC=O,openff-2.3.0rc1,3,0.7013061860197842,0.03579125449578,0.6669,0.00595
33636,2451,dens_52148744845178727,141,Density,<Substance CC(=O)CC(C)C{solv}{x=0.700900}|CCC(C)(C)O{solv}{x=0.299100}>,CC(=O)CC(C)C,CCC(C)(C)O,openff-2.3.0rc1,3,0.8007456772642416,0.000205911246424,0.7968700000000002,0.00018
33637,2452,dhmix_202225007451030020,142,EnthalpyOfMixing,<Substance CC(=O)CC(C)C{solv}{x=0.201700}|CCC(C)(C)O{solv}{x=0.798300}>,CC(=O)CC(C)C,CCC(C)(C)O,openff-2.3.0rc1,3,0.2889510771060926,0.0500657538713177,0.8181,0.01135
33638,2453,dens_938275493819605051,143,Density,<Substance CC(=O)CC(C)C{solv}{x=0.500800}|CCC(C)(C)O{solv}{x=0.499200}>,CC(=O)CC(C)C,CCC(C)(C)O,openff-2.3.0rc1,3,0.8066789189844807,0.0001909139513481,0.7987300000000002,0.00018
33639,2454,dhmix_998794233701009996,144,EnthalpyOfMixing,<Substance CC(=O)CC(C)C{solv}{x=0.500800}|CCC(C)(C)O{solv}{x=0.499200}>,CC(=O)CC(C)C,CCC(C)(C)O,openff-2.3.0rc1,3,0.8127191551466462,0.0462180097260498,1.3674,0.0185
33640,2455,dhmix_1565593158104493647,145,EnthalpyOfMixing,<Substance CC(=O)CC(C)C{solv}{x=0.700900}|CCC(C)(C)O{solv}{x=0.299100}>,CC(=O)CC(C)C,CCC(C)(C)O,openff-2.3.0rc1,3,0.7978317908433503,0.0417601177489542,1.2068,0.0164
33641,2456,dens_2097057526665137697,146,Density,<Substance CC(=O)CC(C)C{solv}{x=0.201700}|CCC(C)(C)O{solv}{x=0.798300}>,CC(=O)CC(C)C,CCC(C)(C)O,openff-2.3.0rc1,3,0.8169043316224543,0.0001871751434263,0.8030000000000002,0.00019
33642,2457,dens_60145312697659458,147,Density,<Substance OC1=NCCC1{solv}{x=0.231200}|c1ccncc1{solv}{x=0.768800}>,OC1=NCCC1,c1ccncc1,openff-2.3.0rc1,3,1.00415921970998,0.0002485878381157,1.0106200000000003,0.00051
33643,2458,dhmix_281987656487279026,148,EnthalpyOfMixing,<Substance OC1=NCCC1{solv}{x=0.525600}|c1ccncc1{solv}{x=0.474400}>,OC1=NCCC1,c1ccncc1,openff-2.3.0rc1,3,0.0509563671959369,0.0354821351736788,0.2031,0.0508
33644,2459,dens_617740093035429712,149,Density,<Substance OC1=NCCC1{solv}{x=0.831200}|c1ccncc1{solv}{x=0.168800}>,OC1=NCCC1,c1ccncc1,openff-2.3.0rc1,3,1.0591387844361315,0.0003086701620536,1.0872000000000004,0.00052
33645,2460,dhmix_658699797311871042,150,EnthalpyOfMixing,<Substance OC1=NCCC1{solv}{x=0.261500}|c1ccncc1{solv}{x=0.738500}>,OC1=NCCC1,c1ccncc1,openff-2.3.0rc1,3,0.125620222376007,0.035972969516021,0.165,0.04125
33646,2461,dhmix_774470106511868908,151,EnthalpyOfMixing,<Substance OC1=NCCC1{solv}{x=0.831100}|c1ccncc1{solv}{x=0.168900}>,OC1=NCCC1,c1ccncc1,openff-2.3.0rc1,3,0.1111892300927621,0.0423919507993307,0.0972,0.0243
33647,2462,dens_1837977312272564303,152,Density,<Substance OC1=NCCC1{solv}{x=0.475200}|c1ccncc1{solv}{x=0.524800}>,OC1=NCCC1,c1ccncc1,openff-2.3.0rc1,3,1.027023435985361,0.0002342325093866,1.0431300000000003,0.000515
33648,2463,dens_64870336397637683,153,Density,<Substance NCCCO{solv}{x=0.489642}|O{solv}{x=0.510358}>,NCCCO,O,openff-2.3.0rc1,3,1.019691692606525,0.0004027672502083,1.0059000000000002,0.00155
33649,2464,dens_70371380055449550,154,Density,<Substance NCCCO{solv}{x=0.708044}|O{solv}{x=0.291956}>,NCCCO,O,openff-2.3.0rc1,3,1.0231087094581015,0.0003480317378528,0.9975000000000004,0.0018
33650,2465,dhmix_150384853762728924,155,EnthalpyOfMixing,<Substance NCCCO{solv}{x=0.751500}|O{solv}{x=0.248500}>,NCCCO,O,openff-2.3.0rc1,3,-0.536023866413462,0.0433719620752183,-1.531,0.031
33651,2466,dens_847209819230970781,156,Density,<Substance NCCCO{solv}{x=0.272809}|O{solv}{x=0.727191}>,NCCCO,O,openff-2.3.0rc1,3,1.0119348620177635,0.0002622256048275,1.0118000000000005,0.0014
33652,2467,dhmix_1448036989335532298,157,EnthalpyOfMixing,<Substance NCCCO{solv}{x=0.298200}|O{solv}{x=0.701800}>,NCCCO,O,openff-2.3.0rc1,3,-0.4242404071730838,0.0293759543164891,-2.501,0.051
33653,2468,dhmix_1551692974855642379,158,EnthalpyOfMixing,<Substance NCCCO{solv}{x=0.498900}|O{solv}{x=0.501100}>,NCCCO,O,openff-2.3.0rc1,3,-0.6236723710554344,0.033705406640414,-2.462,0.05
33654,2469,dhmix_65921650414250861,159,EnthalpyOfMixing,<Substance CCOC(=O)CC(C)=O{solv}{x=0.499500}|CCO{solv}{x=0.500500}>,CCO,CCOC(=O)CC(C)=O,openff-2.3.0rc1,3,1.6603484056862214,0.0359620990696747,1.7079,0.0183
33655,2470,dhmix_546962203716710778,160,EnthalpyOfMixing,<Substance CCOC(=O)CC(C)=O{solv}{x=0.299400}|CCO{solv}{x=0.700600}>,CCO,CCOC(=O)CC(C)=O,openff-2.3.0rc1,3,1.42850632424431,0.0339526170853203,1.4925,0.01605
33656,2471,dens_989479368116300355,161,Density,<Substance CCOC(=O)CC(C)=O{solv}{x=0.500000}|CCO{solv}{x=0.500000}>,CCO,CCOC(=O)CC(C)=O,openff-2.3.0rc1,3,0.952488879452892,0.0002407974289367,0.9484700000000004,0.000155
33657,2472,dens_1726065156375824332,162,Density,<Substance CCOC(=O)CC(C)=O{solv}{x=0.250000}|CCO{solv}{x=0.750000}>,CCO,CCOC(=O)CC(C)=O,openff-2.3.0rc1,3,0.8916784436176564,0.000254737521721,0.8856300000000003,0.00017
33658,2473,dens_1736679431098209973,163,Density,<Substance CCOC(=O)CC(C)=O{solv}{x=0.750000}|CCO{solv}{x=0.250000}>,CCO,CCOC(=O)CC(C)=O,openff-2.3.0rc1,3,0.9937230337966804,0.000170416710702,0.9917100000000004,0.00017
33659,2474,dhmix_2221487218644783272,164,EnthalpyOfMixing,<Substance CCOC(=O)CC(C)=O{solv}{x=0.700800}|CCO{solv}{x=0.299200}>,CCO,CCOC(=O)CC(C)=O,openff-2.3.0rc1,3,1.3895597739750087,0.0453435507325858,1.478,0.0159
33660,2475,dhmix_68947190908856741,165,EnthalpyOfMixing,<Substance C1COCCO1{solv}{x=0.250000}|O=C1CCCC1{solv}{x=0.750000}>,C1COCCO1,O=C1CCCC1,openff-2.3.0rc1,3,-0.0513518384090474,0.0401858445416345,0.04589,0.00057
33661,2476,dens_225413782402822877,166,Density,<Substance C1COCCO1{solv}{x=0.777800}|O=C1CCCC1{solv}{x=0.222200}>,C1COCCO1,O=C1CCCC1,openff-2.3.0rc1,3,1.0068042365696608,0.0002538691147054,1.0081000000000002,0.000255
33662,2477,dhmix_415496698649060745,167,EnthalpyOfMixing,<Substance C1COCCO1{solv}{x=0.500000}|O=C1CCCC1{solv}{x=0.500000}>,C1COCCO1,O=C1CCCC1,openff-2.3.0rc1,3,0.0231319253448418,0.0285831791403114,0.07457,0.00068
33663,2478,dens_803440153424346423,168,Density,<Substance C1COCCO1{solv}{x=0.506300}|O=C1CCCC1{solv}{x=0.493700}>,C1COCCO1,O=C1CCCC1,openff-2.3.0rc1,3,0.9732970125963468,0.0002411806123014,0.9849200000000002,0.00025
33664,2479,dens_1553194080174872005,169,Density,<Substance C1COCCO1{solv}{x=0.243600}|O=C1CCCC1{solv}{x=0.756400}>,C1COCCO1,O=C1CCCC1,openff-2.3.0rc1,3,0.942870039916422,0.0002498394401719,0.9633500000000004,0.000245
33665,2480,dhmix_1852349497898107924,170,EnthalpyOfMixing,<Substance C1COCCO1{solv}{x=0.750000}|O=C1CCCC1{solv}{x=0.250000}>,C1COCCO1,O=C1CCCC1,openff-2.3.0rc1,3,-0.0046120368209443,0.0395604541550654,0.07097,0.000665
33666,2481,dhmix_71170350241685196,171,EnthalpyOfMixing,<Substance COC(C)(C)C{solv}{x=0.749000}|ClC(Cl)Cl{solv}{x=0.251000}>,COC(C)(C)C,ClC(Cl)Cl,openff-2.3.0rc1,3,-0.936028818051696,0.0397451473555625,-1.9,0.077
33667,2482,dens_554111049740737271,172,Density,<Substance COC(C)(C)C{solv}{x=0.454000}|ClC(Cl)Cl{solv}{x=0.546000}>,COC(C)(C)C,ClC(Cl)Cl,openff-2.3.0rc1,3,1.1172067295551775,0.0004253237267736,1.0838000000000003,0.00015
33668,2483,dhmix_1691495556773848750,173,EnthalpyOfMixing,<Substance COC(C)(C)C{solv}{x=0.484000}|ClC(Cl)Cl{solv}{x=0.516000}>,COC(C)(C)C,ClC(Cl)Cl,openff-2.3.0rc1,3,-1.2405741898952627,0.0362924724094264,-2.1,0.0845
33669,2484,dens_1874337336846858625,174,Density,<Substance COC(C)(C)C{solv}{x=0.276000}|ClC(Cl)Cl{solv}{x=0.724000}>,COC(C)(C)C,ClC(Cl)Cl,openff-2.3.0rc1,3,1.2740171109778573,0.0004492355717317,1.2259000000000004,0.0002
33670,2485,dens_2136498248834183810,175,Density,<Substance COC(C)(C)C{solv}{x=0.728600}|ClC(Cl)Cl{solv}{x=0.271400}>,COC(C)(C)C,ClC(Cl)Cl,openff-2.3.0rc1,3,0.914043649549343,0.0003128123486652,0.8956000000000003,0.00015
33671,2486,dhmix_2232264038422377060,176,EnthalpyOfMixing,<Substance COC(C)(C)C{solv}{x=0.220000}|ClC(Cl)Cl{solv}{x=0.780000}>,COC(C)(C)C,ClC(Cl)Cl,openff-2.3.0rc1,3,-0.8487202619750569,0.0323131321120087,-1.5,0.0605
33672,2487,dhmix_73322629991074290,177,EnthalpyOfMixing,<Substance CCC(C)=O{solv}{x=0.212400}|CCN(CC)CC{solv}{x=0.787600}>,CCC(C)=O,CCN(CC)CC,openff-2.3.0rc1,3,0.265612717806988,0.0497801198741868,0.57,0.006
33673,2488,dens_317201778138256714,178,Density,<Substance CCC(C)=O{solv}{x=0.261000}|CCN(CC)CC{solv}{x=0.739000}>,CCC(C)=O,CCN(CC)CC,openff-2.3.0rc1,3,0.7414573773623219,0.0002263005711167,0.7361510000000001,0.000106
33674,2489,dens_544322850735592196,179,Density,<Substance CCC(C)=O{solv}{x=0.510600}|CCN(CC)CC{solv}{x=0.489400}>,CCC(C)=O,CCN(CC)CC,openff-2.3.0rc1,3,0.751008719260313,0.000212901830711,0.7527560000000002,0.0001045
33675,2490,dhmix_690665189446107141,180,EnthalpyOfMixing,<Substance CCC(C)=O{solv}{x=0.496700}|CCN(CC)CC{solv}{x=0.503300}>,CCC(C)=O,CCN(CC)CC,openff-2.3.0rc1,3,0.4633386444872656,0.0407949373922948,0.746,0.008
33676,2491,dhmix_935249702283890201,181,EnthalpyOfMixing,<Substance CCC(C)=O{solv}{x=0.789300}|CCN(CC)CC{solv}{x=0.210700}>,CCC(C)=O,CCN(CC)CC,openff-2.3.0rc1,3,0.1674165754458467,0.0349924241799407,0.455,0.005
33677,2492,dens_1635002920322954883,182,Density,<Substance CCC(C)=O{solv}{x=0.760400}|CCN(CC)CC{solv}{x=0.239600}>,CCC(C)=O,CCN(CC)CC,openff-2.3.0rc1,3,0.7633644587016946,0.0001537348426148,0.7738830000000002,9.900000000000003e-05
33678,2493,dhmix_76833325524040726,183,EnthalpyOfMixing,<Substance C1CCCCC1{solv}{x=0.260600}|c1ccccc1{solv}{x=0.739400}>,C1CCCCC1,c1ccccc1,openff-2.3.0rc1,3,0.7930961783022497,0.0399716268031812,0.6282,0.00695
33679,2494,dens_330305790736126156,184,Density,<Substance C1CCCCC1{solv}{x=0.499600}|c1ccccc1{solv}{x=0.500400}>,C1CCCCC1,c1ccccc1,openff-2.3.0rc1,3,0.8050152765779235,0.0002169230115686,0.8136000000000002,0.0002
33680,2495,dhmix_460305358266375837,185,EnthalpyOfMixing,<Substance C1CCCCC1{solv}{x=0.766800}|c1ccccc1{solv}{x=0.233200}>,C1CCCCC1,c1ccccc1,openff-2.3.0rc1,3,0.7301686880722826,0.0367312325361503,0.5517,0.00725
33681,2496,dens_1579941980285561951,186,Density,<Substance C1CCCCC1{solv}{x=0.249800}|c1ccccc1{solv}{x=0.750200}>,C1CCCCC1,c1ccccc1,openff-2.3.0rc1,3,0.8382943626647906,0.0002611024111907,0.8405780000000002,7.05e-05
33682,2497,dhmix_1824194485055356086,187,EnthalpyOfMixing,<Substance C1CCCCC1{solv}{x=0.501200}|c1ccccc1{solv}{x=0.498800}>,C1CCCCC1,c1ccccc1,openff-2.3.0rc1,3,1.107259326265179,0.0419488892488632,0.7893,0.00655
33683,2498,dens_1871885279620492514,188,Density,<Substance C1CCCCC1{solv}{x=0.732300}|c1ccccc1{solv}{x=0.267700}>,C1CCCCC1,c1ccccc1,openff-2.3.0rc1,3,0.7794641117861943,0.0001779150626958,0.7929200000000002,7.450000000000001e-05
33684,2499,dens_78518696584109468,189,Density,<Substance CN(CCO)CCO{solv}{x=0.743000}|O{solv}{x=0.257000}>,CN(CCO)CCO,O,openff-2.3.0rc1,3,1.058903200585822,0.0001681001527241,1.0405100000000005,0.000286
33685,2500,dens_169053214615075062,190,Density,<Substance CN(CCO)CCO{solv}{x=0.257100}|O{solv}{x=0.742900}>,CN(CCO)CCO,O,openff-2.3.0rc1,3,1.0460406108262563,0.0003527361988527,1.0522550000000004,0.000221
33686,2501,dhmix_750283179383190388,191,EnthalpyOfMixing,<Substance CN(CCO)CCO{solv}{x=0.741100}|O{solv}{x=0.258900}>,CN(CCO)CCO,O,openff-2.3.0rc1,3,-1.0376080998351824,0.0470156135323238,-1.154,0.0125
33687,2502,dhmix_1537351248216247854,192,EnthalpyOfMixing,<Substance CN(CCO)CCO{solv}{x=0.259300}|O{solv}{x=0.740700}>,CN(CCO)CCO,O,openff-2.3.0rc1,3,-0.9953859553243944,0.0270617145172384,-2.271,0.046
33688,2503,dens_1700904374078825036,193,Density,<Substance CN(CCO)CCO{solv}{x=0.484900}|O{solv}{x=0.515100}>,CN(CCO)CCO,O,openff-2.3.0rc1,3,1.0570167018029626,0.0004105740543704,1.048636,0.0002475
33689,2504,dhmix_1761290393567900831,194,EnthalpyOfMixing,<Substance CN(CCO)CCO{solv}{x=0.494100}|O{solv}{x=0.505900}>,CN(CCO)CCO,O,openff-2.3.0rc1,3,-1.2442802403042776,0.0454478056221047,-2.072,0.042
33690,2505,dhmix_81883535492439507,195,EnthalpyOfMixing,<Substance C1COCO1{solv}{x=0.200000}|O=C1CCCC1{solv}{x=0.800000}>,C1COCO1,O=C1CCCC1,openff-2.3.0rc1,3,-0.0422785621643626,0.0389987836425665,-0.00853,0.000425
33691,2506,dens_192935635984964537,196,Density,<Substance C1COCO1{solv}{x=0.509000}|O=C1CCCC1{solv}{x=0.491000}>,C1COCO1,O=C1CCCC1,openff-2.3.0rc1,3,0.9940203800328968,0.0002669533623478,0.9954700000000004,0.000255
33692,2507,dhmix_309530351940031317,197,EnthalpyOfMixing,<Substance C1COCO1{solv}{x=0.700000}|O=C1CCCC1{solv}{x=0.300000}>,C1COCO1,O=C1CCCC1,openff-2.3.0rc1,3,-0.0085666641979926,0.0358186065544215,-0.02292,0.00048
33693,2508,dhmix_1480225642523009634,198,EnthalpyOfMixing,<Substance C1COCO1{solv}{x=0.500000}|O=C1CCCC1{solv}{x=0.500000}>,C1COCO1,O=C1CCCC1,openff-2.3.0rc1,3,-0.0849452144256517,0.0387867216609895,-0.02181,0.000475
33694,2509,dens_1663189314624242951,199,Density,<Substance C1COCO1{solv}{x=0.225100}|O=C1CCCC1{solv}{x=0.774900}>,C1COCO1,O=C1CCCC1,openff-2.3.0rc1,3,0.9479426112464072,0.0001925663340907,0.9652800000000002,0.000245
33695,2510,dens_1684591254659727640,200,Density,<Substance C1COCO1{solv}{x=0.789100}|O=C1CCCC1{solv}{x=0.210900}>,C1COCO1,O=C1CCCC1,openff-2.3.0rc1,3,1.0490568998384835,0.000299219839691,1.02957,0.00026
33696,2511,dens_82854054922011802,201,Density,<Substance c1cc[nH]c1{solv}{x=0.542600}|c1ccncc1{solv}{x=0.457400}>,c1cc[nH]c1,c1ccncc1,openff-2.3.0rc1,3,0.9801628831953966,0.00024307708423,0.9706400000000002,5.5000000000000016e-05
33697,2512,dens_332042143272324658,202,Density,<Substance c1cc[nH]c1{solv}{x=0.755400}|c1ccncc1{solv}{x=0.244600}>,c1cc[nH]c1,c1ccncc1,openff-2.3.0rc1,3,0.9802736835964548,0.0003094054418531,0.9676900000000004,5.5000000000000016e-05
33698,2513,dhmix_582184351339863568,203,EnthalpyOfMixing,<Substance c1cc[nH]c1{solv}{x=0.760200}|c1ccncc1{solv}{x=0.239800}>,c1cc[nH]c1,c1ccncc1,openff-2.3.0rc1,3,0.0840919934209232,0.0376255386078062,-1.6452,0.01075
33699,2514,dhmix_809205277185290719,204,EnthalpyOfMixing,<Substance c1cc[nH]c1{solv}{x=0.509500}|c1ccncc1{solv}{x=0.490500}>,c1cc[nH]c1,c1ccncc1,openff-2.3.0rc1,3,-0.0604989042782175,0.0352324447359897,-2.649,0.01645
33700,2515,dens_1187941919350264461,205,Density,<Substance c1cc[nH]c1{solv}{x=0.227300}|c1ccncc1{solv}{x=0.772700}>,c1cc[nH]c1,c1ccncc1,openff-2.3.0rc1,3,0.9801917243657338,0.0002402012885922,0.9755600000000002,5.5000000000000016e-05
33701,2516,dhmix_2302696180464118683,206,EnthalpyOfMixing,<Substance c1cc[nH]c1{solv}{x=0.239500}|c1ccncc1{solv}{x=0.760500}>,c1cc[nH]c1,c1ccncc1,openff-2.3.0rc1,3,-0.0786044591884511,0.0378033217624451,-1.7662,0.01145
33702,2517,dhmix_84488753175979819,207,EnthalpyOfMixing,<Substance C1CCOCC1{solv}{x=0.500000}|CCO{solv}{x=0.500000}>,C1CCOCC1,CCO,openff-2.3.0rc1,3,1.0599156511574996,0.0343799542537904,0.8491,0.00794
33703,2518,dens_904236164857914889,208,Density,<Substance C1CCOCC1{solv}{x=0.701000}|CCO{solv}{x=0.299000}>,C1CCOCC1,CCO,openff-2.3.0rc1,3,0.853934368059478,0.0002438403876256,0.8595400000000002,8.500000000000002e-05
33704,2519,dhmix_923986751684807715,209,EnthalpyOfMixing,<Substance C1CCOCC1{solv}{x=0.750000}|CCO{solv}{x=0.250000}>,C1CCOCC1,CCO,openff-2.3.0rc1,3,0.9432612008980854,0.0388301297645539,0.75364,0.007115
33705,2520,dhmix_927648698725704337,210,EnthalpyOfMixing,<Substance C1CCOCC1{solv}{x=0.250000}|CCO{solv}{x=0.750000}>,C1CCOCC1,CCO,openff-2.3.0rc1,3,0.7000214223525987,0.0343198278809983,0.57017,0.00553
33706,2521,dens_1095414448718823860,211,Density,<Substance C1CCOCC1{solv}{x=0.504000}|CCO{solv}{x=0.496000}>,C1CCOCC1,CCO,openff-2.3.0rc1,3,0.8407061496183719,0.0002586111680804,0.8440100000000001,0.0001
33707,2522,dens_1309012152943788187,212,Density,<Substance C1CCOCC1{solv}{x=0.284000}|CCO{solv}{x=0.716000}>,C1CCOCC1,CCO,openff-2.3.0rc1,3,0.8219554238544,0.0003279517675701,0.8227400000000002,0.00012
33708,2523,dens_88489471162801298,213,Density,<Substance CC(C)=O{solv}{x=0.248400}|Nc1ccccc1{solv}{x=0.751600}>,CC(C)=O,Nc1ccccc1,openff-2.3.0rc1,3,1.0038398037397729,0.0002696619453719,0.9768950000000002,0.0001055
33709,2524,dens_892449093930393176,214,Density,<Substance CC(C)=O{solv}{x=0.411400}|Nc1ccccc1{solv}{x=0.588600}>,CC(C)=O,Nc1ccccc1,openff-2.3.0rc1,3,0.9624757669750938,0.0002060979031893,0.9457730000000002,0.0001285
33710,2525,dens_1087594007698023193,215,Density,<Substance CC(C)=O{solv}{x=0.699300}|Nc1ccccc1{solv}{x=0.300700}>,CC(C)=O,Nc1ccccc1,openff-2.3.0rc1,3,0.8797529493368117,0.0002692933134252,0.8786430000000003,0.000178
33711,2526,dhmix_1461699545612032563,216,EnthalpyOfMixing,<Substance CC(C)=O{solv}{x=0.214500}|Nc1ccccc1{solv}{x=0.785500}>,CC(C)=O,Nc1ccccc1,openff-2.3.0rc1,3,-0.269433692878593,0.0442390997315874,-0.746,0.008
33712,2527,dhmix_1577476208805542019,217,EnthalpyOfMixing,<Substance CC(C)=O{solv}{x=0.699100}|Nc1ccccc1{solv}{x=0.300900}>,CC(C)=O,Nc1ccccc1,openff-2.3.0rc1,3,-0.8925899837357179,0.0371269568918,-1.076,0.0115
33713,2528,dhmix_2267661763264899390,218,EnthalpyOfMixing,<Substance CC(C)=O{solv}{x=0.410700}|Nc1ccccc1{solv}{x=0.589300}>,CC(C)=O,Nc1ccccc1,openff-2.3.0rc1,3,-0.4623716007666374,0.0358408882821107,-1.165,0.0125
33714,2529,dhmix_90851537891129625,219,EnthalpyOfMixing,<Substance C1CCOCC1{solv}{x=0.268300}|Cc1ccccn1{solv}{x=0.731700}>,C1CCOCC1,Cc1ccccn1,openff-2.3.0rc1,3,0.0385710694746705,0.0422985982086932,0.1057,0.00105
33715,2530,dhmix_975790739707505549,220,EnthalpyOfMixing,<Substance C1CCOCC1{solv}{x=0.482200}|Cc1ccccn1{solv}{x=0.517800}>,C1CCOCC1,Cc1ccccn1,openff-2.3.0rc1,3,0.0926989640508431,0.0407297706691878,0.1728,0.00135
33716,2531,dens_981500521813591443,221,Density,<Substance C1CCOCC1{solv}{x=0.491600}|Cc1ccccn1{solv}{x=0.508400}>,C1CCOCC1,Cc1ccccn1,openff-2.3.0rc1,3,0.9098310956313582,0.0001601875154704,0.910915,0.000475
33717,2532,dens_1237050172671894703,222,Density,<Substance C1CCOCC1{solv}{x=0.237300}|Cc1ccccn1{solv}{x=0.762700}>,C1CCOCC1,Cc1ccccn1,openff-2.3.0rc1,3,0.9285947752383256,0.0002015896396831,0.9261620000000004,0.0004855
33718,2533,dhmix_1841520238596708010,223,EnthalpyOfMixing,<Substance C1CCOCC1{solv}{x=0.821600}|Cc1ccccn1{solv}{x=0.178400}>,C1CCOCC1,Cc1ccccn1,openff-2.3.0rc1,3,0.0855548746944308,0.0460233740861902,0.1352,0.0012
33719,2534,dens_1852422594896475094,224,Density,<Substance C1CCOCC1{solv}{x=0.821900}|Cc1ccccn1{solv}{x=0.178100}>,C1CCOCC1,Cc1ccccn1,openff-2.3.0rc1,3,0.8754024136546371,0.0002662462724178,0.8802920000000002,0.000454
33720,2535,dhmix_93676522673462266,225,EnthalpyOfMixing,<Substance CC(=O)N(C)C{solv}{x=0.702000}|ClCCCl{solv}{x=0.298000}>,CC(=O)N(C)C,ClCCCl,openff-2.3.0rc1,3,-0.4156976606595037,0.038029143027702,-0.706,0.004
33721,2536,dens_466640151895915379,226,Density,<Substance CC(=O)N(C)C{solv}{x=0.499900}|ClCCCl{solv}{x=0.500100}>,CC(=O)N(C)C,ClCCCl,openff-2.3.0rc1,3,1.0508956406474907,0.0002975970834548,1.0774000000000004,0.00325
33722,2537,dhmix_504891727488256514,227,EnthalpyOfMixing,<Substance CC(=O)N(C)C{solv}{x=0.202000}|ClCCCl{solv}{x=0.798000}>,CC(=O)N(C)C,ClCCCl,openff-2.3.0rc1,3,-0.3719370347918715,0.0336020090764234,-0.586,0.004
33723,2538,dens_1432716574300574119,228,Density,<Substance CC(=O)N(C)C{solv}{x=0.298800}|ClCCCl{solv}{x=0.701200}>,CC(=O)N(C)C,ClCCCl,openff-2.3.0rc1,3,1.1159384107573431,0.0002583864250246,1.1413000000000002,0.00345
33724,2539,dens_1909242265481868478,229,Density,<Substance CC(=O)N(C)C{solv}{x=0.700800}|ClCCCl{solv}{x=0.299200}>,CC(=O)N(C)C,ClCCCl,openff-2.3.0rc1,3,0.9888904723435984,0.000267762817361,1.0181000000000002,0.00305
33725,2540,dhmix_2201663021806040380,230,EnthalpyOfMixing,<Substance CC(=O)N(C)C{solv}{x=0.500000}|ClCCCl{solv}{x=0.500000}>,CC(=O)N(C)C,ClCCCl,openff-2.3.0rc1,3,-0.5264297466837062,0.0374056223988165,-0.885,0.004
33726,2541,dhmix_101847702994296892,231,EnthalpyOfMixing,<Substance CCCCCCCl{solv}{x=0.790000}|CN1CCCC1=O{solv}{x=0.210000}>,CCCCCCCl,CN1CCCC1=O,openff-2.3.0rc1,3,0.781443820416257,0.0481259751971575,0.232,0.0025
33727,2542,dhmix_275814181113182192,232,EnthalpyOfMixing,<Substance CCCCCCCl{solv}{x=0.497000}|CN1CCCC1=O{solv}{x=0.503000}>,CCCCCCCl,CN1CCCC1=O,openff-2.3.0rc1,3,1.1214118197294596,0.045235650919149,0.416,0.0025
33728,2543,dens_441375838683668512,233,Density,<Substance CCCCCCCl{solv}{x=0.499300}|CN1CCCC1=O{solv}{x=0.500700}>,CCCCCCCl,CN1CCCC1=O,openff-2.3.0rc1,3,0.924521371772978,0.0002405309698627,0.9389000000000002,0.0002
33729,2544,dhmix_840847840731542643,234,EnthalpyOfMixing,<Substance CCCCCCCl{solv}{x=0.203000}|CN1CCCC1=O{solv}{x=0.797000}>,CCCCCCCl,CN1CCCC1=O,openff-2.3.0rc1,3,0.7770687654957555,0.0461056290424632,0.319,0.0025
33730,2545,dens_1314691253679633833,235,Density,<Substance CCCCCCCl{solv}{x=0.298400}|CN1CCCC1=O{solv}{x=0.701600}>,CCCCCCCl,CN1CCCC1=O,openff-2.3.0rc1,3,0.954067489326858,0.0002065431425279,0.9715000000000004,0.0002
33731,2546,dens_1366683244756558841,236,Density,<Substance CCCCCCCl{solv}{x=0.801200}|CN1CCCC1=O{solv}{x=0.198800}>,CCCCCCCl,CN1CCCC1=O,openff-2.3.0rc1,3,0.8843645102054294,0.0002574580414839,0.8970000000000002,0.0003
33732,2547,dhmix_107460606439569535,237,EnthalpyOfMixing,<Substance C1COCCO1{solv}{x=0.572500}|O=C1CCCCCC1{solv}{x=0.427500}>,C1COCCO1,O=C1CCCCCC1,openff-2.3.0rc1,3,0.2490158258874117,0.0439686569829492,0.1032,0.00125
33733,2548,dens_229535957420918177,238,Density,<Substance C1COCCO1{solv}{x=0.748900}|O=C1CCCCCC1{solv}{x=0.251100}>,C1COCCO1,O=C1CCCCCC1,openff-2.3.0rc1,3,0.9973968997445916,0.0002209997592976,0.9994100000000002,0.00051
33734,2549,dhmix_1101001475632451077,239,EnthalpyOfMixing,<Substance C1COCCO1{solv}{x=0.225200}|O=C1CCCCCC1{solv}{x=0.774800}>,C1COCCO1,O=C1CCCCCC1,openff-2.3.0rc1,3,0.1721226488046596,0.0447931886848039,0.0783,0.001
33735,2550,dens_1711999737319704820,240,Density,<Substance C1COCCO1{solv}{x=0.572300}|O=C1CCCCCC1{solv}{x=0.427700}>,C1COCCO1,O=C1CCCCCC1,openff-2.3.0rc1,3,0.9653977469078296,0.0002354881162362,0.9737000000000002,0.00051
33736,2551,dens_1973863157285112004,241,Density,<Substance C1COCCO1{solv}{x=0.255500}|O=C1CCCCCC1{solv}{x=0.744500}>,C1COCCO1,O=C1CCCCCC1,openff-2.3.0rc1,3,0.943176937441711,0.0001587414078235,0.9616800000000002,0.000515
33737,2552,dhmix_2239035738396328121,242,EnthalpyOfMixing,<Substance C1COCCO1{solv}{x=0.771600}|O=C1CCCCCC1{solv}{x=0.228400}>,C1COCCO1,O=C1CCCCCC1,openff-2.3.0rc1,3,0.209368662687595,0.0448989687223807,0.0694,0.0009
33738,2553,dhmix_110368175234083214,243,EnthalpyOfMixing,<Substance CC#N{solv}{x=0.201600}|CCOC(C)(C)CC{solv}{x=0.798400}>,CC#N,CCOC(C)(C)CC,openff-2.3.0rc1,3,0.2792703768986513,0.04132448937752,0.6411,0.0087
33739,2554,dhmix_565046024644834395,244,EnthalpyOfMixing,<Substance CC#N{solv}{x=0.700400}|CCOC(C)(C)CC{solv}{x=0.299600}>,CC#N,CCOC(C)(C)CC,openff-2.3.0rc1,3,0.3768907192497204,0.0340982161475863,0.8397,0.0113
33740,2555,dens_865362803305469370,245,Density,<Substance CC#N{solv}{x=0.502400}|CCOC(C)(C)CC{solv}{x=0.497600}>,CC#N,CCOC(C)(C)CC,openff-2.3.0rc1,3,0.7673189856343321,0.0002214920812371,0.7675000000000002,0.00035
33741,2556,dhmix_1131176031733024874,246,EnthalpyOfMixing,<Substance CC#N{solv}{x=0.502400}|CCOC(C)(C)CC{solv}{x=0.497600}>,CC#N,CCOC(C)(C)CC,openff-2.3.0rc1,3,0.4247320855180803,0.0408528495053137,0.9514,0.01285
33742,2557,dens_1305751749890499162,247,Density,<Substance CC#N{solv}{x=0.201600}|CCOC(C)(C)CC{solv}{x=0.798400}>,CC#N,CCOC(C)(C)CC,openff-2.3.0rc1,3,0.7656486656058025,0.0002079003578244,0.7635000000000002,0.00025
33743,2558,dens_1928701304100922381,248,Density,<Substance CC#N{solv}{x=0.700400}|CCOC(C)(C)CC{solv}{x=0.299600}>,CC#N,CCOC(C)(C)CC,openff-2.3.0rc1,3,0.7685308384779876,0.0002213164069742,0.7707000000000003,0.0005
33744,2559,dhmix_112729391186229967,249,EnthalpyOfMixing,<Substance CCC(C)=O{solv}{x=0.509000}|CNc1ccccc1{solv}{x=0.491000}>,CCC(C)=O,CNc1ccccc1,openff-2.3.0rc1,3,-0.2718535703810634,0.0424263877516612,-0.816,0.009
33745,2560,dens_414028029115294252,250,Density,<Substance CCC(C)=O{solv}{x=0.746300}|CNc1ccccc1{solv}{x=0.253700}>,CCC(C)=O,CNc1ccccc1,openff-2.3.0rc1,3,0.8447619305994959,0.0002134312179462,0.8582020000000002,0.000102
33746,2561,dens_559789475978651659,251,Density,<Substance CCC(C)=O{solv}{x=0.495000}|CNc1ccccc1{solv}{x=0.505000}>,CCC(C)=O,CNc1ccccc1,openff-2.3.0rc1,3,0.902336962810998,0.0002216316747974,0.9066940000000002,0.000164
33747,2562,dhmix_1637459312398636454,252,EnthalpyOfMixing,<Substance CCC(C)=O{solv}{x=0.228300}|CNc1ccccc1{solv}{x=0.771700}>,CCC(C)=O,CNc1ccccc1,openff-2.3.0rc1,3,-0.4512468359652679,0.0654612487193283,-0.54,0.006
33748,2563,dhmix_1933605864237207151,253,EnthalpyOfMixing,<Substance CCC(C)=O{solv}{x=0.705500}|CNc1ccccc1{solv}{x=0.294500}>,CCC(C)=O,CNc1ccccc1,openff-2.3.0rc1,3,-0.3672219592695853,0.0410871378538787,-0.672,0.0075
33749,2564,dens_2039660657679820411,254,Density,<Substance CCC(C)=O{solv}{x=0.258900}|CNc1ccccc1{solv}{x=0.741100}>,CCC(C)=O,CNc1ccccc1,openff-2.3.0rc1,3,0.949216183603743,0.0001892691606224,0.9456330000000004,0.000259
33750,2565,dhmix_112832411362526364,255,EnthalpyOfMixing,<Substance C=CCCCC{solv}{x=0.250000}|CCCCO{solv}{x=0.750000}>,C=CCCCC,CCCCO,openff-2.3.0rc1,3,0.4198367476712121,0.0407412678268277,0.2829,0.00333
33751,2566,dhmix_385937725855980509,256,EnthalpyOfMixing,<Substance C=CCCCC{solv}{x=0.749900}|CCCCO{solv}{x=0.250100}>,C=CCCCC,CCCCO,openff-2.3.0rc1,3,0.7053173477284531,0.0396157157141987,0.63978,0.00696
33752,2567,dens_417191245012747241,257,Density,<Substance C=CCCCC{solv}{x=0.501800}|CCCCO{solv}{x=0.498200}>,C=CCCCC,CCCCO,openff-2.3.0rc1,3,0.7221937493825075,0.0002234445642931,0.7340000000000002,0.00035
33753,2568,dens_1053849773924337242,258,Density,<Substance C=CCCCC{solv}{x=0.100100}|CCCCO{solv}{x=0.899900}>,C=CCCCC,CCCCO,openff-2.3.0rc1,3,0.7900898124593215,0.0002180869538367,0.7924000000000002,0.00035
33754,2569,dhmix_1436053809694490847,259,EnthalpyOfMixing,<Substance C=CCCCC{solv}{x=0.500300}|CCCCO{solv}{x=0.499700}>,C=CCCCC,CCCCO,openff-2.3.0rc1,3,0.6537642330577,0.0355055392241853,0.56098,0.00616
33755,2570,dens_1967827958045932694,260,Density,<Substance C=CCCCC{solv}{x=0.900000}|CCCCO{solv}{x=0.100000}>,C=CCCCC,CCCCO,openff-2.3.0rc1,3,0.6694169005183603,0.0002527431952071,0.6818000000000001,0.00035
33756,2571,dhmix_113202719214912577,261,EnthalpyOfMixing,<Substance CCN(CC)CCO{solv}{x=0.700300}|O{solv}{x=0.299700}>,CCN(CC)CCO,O,openff-2.3.0rc1,3,-1.2006862211724751,0.0400461056905214,-1.75,0.019
33757,2572,dhmix_450200897960931857,262,EnthalpyOfMixing,<Substance CCN(CC)CCO{solv}{x=0.500200}|O{solv}{x=0.499800}>,CCN(CC)CCO,O,openff-2.3.0rc1,3,-1.3806782182151451,0.0387593371432331,-2.504,0.027
33758,2573,dens_727880187774296815,263,Density,<Substance CCN(CC)CCO{solv}{x=0.799700}|O{solv}{x=0.200300}>,CCN(CC)CCO,O,openff-2.3.0rc1,3,0.89526889088327,0.0003472338363623,0.8996000000000003,0.005
33759,2574,dens_943193748522476096,264,Density,<Substance CCN(CC)CCO{solv}{x=0.499700}|O{solv}{x=0.500300}>,CCN(CC)CCO,O,openff-2.3.0rc1,3,0.9098830779274216,0.0003057272688241,0.9222000000000002,0.005
33760,2575,dhmix_1628408668678458098,265,EnthalpyOfMixing,<Substance CCN(CC)CCO{solv}{x=0.200800}|O{solv}{x=0.799200}>,CCN(CC)CCO,O,openff-2.3.0rc1,3,-0.6674320716701662,0.0283117912206277,-2.185,0.0235
33761,2576,dens_1679974305630699360,266,Density,<Substance CCN(CC)CCO{solv}{x=0.193290}|O{solv}{x=0.806710}>,CCN(CC)CCO,O,openff-2.3.0rc1,3,0.928941991284301,0.0003217284598873,0.9615690000000002,0.000144
33762,2577,dens_114257363738318755,267,Density,<Substance C1CCCCC1{solv}{x=0.754300}|CCCCCC{solv}{x=0.245700}>,C1CCCCC1,CCCCCC,openff-2.3.0rc1,3,0.7226642428082111,0.0002569525168646,0.7392000000000002,0.00065
33763,2578,dens_528453314861364780,268,Density,<Substance C1CCCCC1{solv}{x=0.234300}|CCCCCC{solv}{x=0.765700}>,C1CCCCC1,CCCCCC,openff-2.3.0rc1,3,0.6649198745657515,0.0001996724023683,0.6838300000000002,0.001655
33764,2579,dens_547437695672624422,269,Density,<Substance C1CCCCC1{solv}{x=0.479300}|CCCCCC{solv}{x=0.520700}>,C1CCCCC1,CCCCCC,openff-2.3.0rc1,3,0.6908146096800629,0.0002090148874948,0.7105500000000001,0.001555
33765,2580,dhmix_728030976573858762,270,EnthalpyOfMixing,<Substance C1CCCCC1{solv}{x=0.483200}|CCCCCC{solv}{x=0.516800}>,C1CCCCC1,CCCCCC,openff-2.3.0rc1,3,0.2243864100446728,0.0425804705409488,0.2144,0.00155
33766,2581,dhmix_1406519609852245638,271,EnthalpyOfMixing,<Substance C1CCCCC1{solv}{x=0.219000}|CCCCCC{solv}{x=0.781000}>,C1CCCCC1,CCCCCC,openff-2.3.0rc1,3,0.0500679326844704,0.0478612983810561,0.1264,0.00105
33767,2582,dhmix_1819992223413741006,272,EnthalpyOfMixing,<Substance C1CCCCC1{solv}{x=0.725500}|CCCCCC{solv}{x=0.274500}>,C1CCCCC1,CCCCCC,openff-2.3.0rc1,3,0.2221314999572996,0.0358888755636499,0.199,0.00145
33768,2583,dhmix_114464856611254095,273,EnthalpyOfMixing,<Substance COc1ccccc1{solv}{x=0.739800}|OCc1ccccc1{solv}{x=0.260200}>,COc1ccccc1,OCc1ccccc1,openff-2.3.0rc1,3,0.9027251132865216,0.0463994417439289,1.0539,0.0113
33769,2584,dens_844721400884986444,274,Density,<Substance COc1ccccc1{solv}{x=0.288300}|OCc1ccccc1{solv}{x=0.711700}>,COc1ccccc1,OCc1ccccc1,openff-2.3.0rc1,3,1.0204571182055164,0.0002292396763193,1.0180000000000002,0.000135
33770,2585,dens_1208569209782779179,275,Density,<Substance COc1ccccc1{solv}{x=0.491100}|OCc1ccccc1{solv}{x=0.508900}>,COc1ccccc1,OCc1ccccc1,openff-2.3.0rc1,3,1.0065091564626758,0.0002248755754693,1.0069400000000004,0.000165
33771,2586,dhmix_1342325728364187329,276,EnthalpyOfMixing,<Substance COc1ccccc1{solv}{x=0.240100}|OCc1ccccc1{solv}{x=0.759900}>,COc1ccccc1,OCc1ccccc1,openff-2.3.0rc1,3,0.5861737973976346,0.04888688758517,0.6199,0.0067
33772,2587,dhmix_1596550872819493971,277,EnthalpyOfMixing,<Substance COc1ccccc1{solv}{x=0.486600}|OCc1ccccc1{solv}{x=0.513400}>,COc1ccccc1,OCc1ccccc1,openff-2.3.0rc1,3,0.8968504999639535,0.0418936369888337,0.9688,0.0104
33773,2588,dens_1833270112854727934,278,Density,<Substance COc1ccccc1{solv}{x=0.774500}|OCc1ccccc1{solv}{x=0.225500}>,COc1ccccc1,OCc1ccccc1,openff-2.3.0rc1,3,0.9883100258506834,0.000207976430795,0.9915900000000004,0.000215
33774,2589,dens_114725786693793907,279,Density,<Substance CC(=O)O{solv}{x=0.703100}|CCO{solv}{x=0.296900}>,CC(=O)O,CCO,openff-2.3.0rc1,3,0.9983362787222704,0.0003473170000139,0.97355,0.00021
33775,2590,dens_883421079927261907,280,Density,<Substance CC(=O)O{solv}{x=0.496100}|CCO{solv}{x=0.503900}>,CC(=O)O,CCO,openff-2.3.0rc1,3,0.938070447410481,0.0003124219325888,0.9199600000000002,0.0002
33776,2591,dens_1042567278853913615,281,Density,<Substance CC(=O)O{solv}{x=0.297100}|CCO{solv}{x=0.702900}>,CC(=O)O,CCO,openff-2.3.0rc1,3,0.8800718729390646,0.0003151098092674,0.8668600000000002,0.000195
33777,2592,dhmix_129373600931207498,282,EnthalpyOfMixing,<Substance NCCNCCN{solv}{x=0.702000}|O{solv}{x=0.298000}>,NCCNCCN,O,openff-2.3.0rc1,3,-2.64661296188018,0.0521439356956306,-3.393,0.036
33778,2593,dhmix_313570094367316478,283,EnthalpyOfMixing,<Substance NCCNCCN{solv}{x=0.241600}|O{solv}{x=0.758400}>,NCCNCCN,O,openff-2.3.0rc1,3,-3.5472369826465524,0.03859719727383,-6.523,0.0695
33779,2594,dens_548243159356184104,284,Density,<Substance NCCNCCN{solv}{x=0.244900}|O{solv}{x=0.755100}>,NCCNCCN,O,openff-2.3.0rc1,3,1.0516031194304396,0.0004675434291339,1.0275000000000003,0.0005
33780,2595,dens_913992897582667960,285,Density,<Substance NCCNCCN{solv}{x=0.497400}|O{solv}{x=0.502600}>,NCCNCCN,O,openff-2.3.0rc1,3,1.0476282210555066,0.0003346061743451,0.9928000000000002,0.0005
33781,2596,dhmix_1565087976771168604,286,EnthalpyOfMixing,<Substance NCCNCCN{solv}{x=0.501000}|O{solv}{x=0.499000}>,NCCNCCN,O,openff-2.3.0rc1,3,-3.1848417361774892,0.0333823512862768,-5.417,0.0575
33782,2597,dens_1812124220217686569,287,Density,<Substance NCCNCCN{solv}{x=0.698800}|O{solv}{x=0.301200}>,NCCNCCN,O,openff-2.3.0rc1,3,1.044585718580869,0.000272390716749,0.9718000000000002,0.0005
33783,2598,dhmix_135176730945124637,288,EnthalpyOfMixing,<Substance CCCCNCCCC{solv}{x=0.751800}|CN(C)C=O{solv}{x=0.248200}>,CCCCNCCCC,CN(C)C=O,openff-2.3.0rc1,3,0.3608908253912659,0.0469761837994554,0.782,0.025
33784,2599,dens_586298674852090193,289,Density,<Substance CCCCNCCCC{solv}{x=0.726600}|CN(C)C=O{solv}{x=0.273400}>,CCCCNCCCC,CN(C)C=O,openff-2.3.0rc1,3,0.783501569777068,0.0001784745333991,0.7828350000000002,0.0009465
33785,2600,dens_711718403070096827,290,Density,<Substance CCCCNCCCC{solv}{x=0.263900}|CN(C)C=O{solv}{x=0.736100}>,CCCCNCCCC,CN(C)C=O,openff-2.3.0rc1,3,0.8503147245093078,0.0002199529575492,0.8609240000000001,0.001053
33786,2601,dhmix_1537913365058000269,291,EnthalpyOfMixing,<Substance CCCCNCCCC{solv}{x=0.249400}|CN(C)C=O{solv}{x=0.750600}>,CCCCNCCCC,CN(C)C=O,openff-2.3.0rc1,3,0.367642527741765,0.0429060015647226,0.921,0.029
33787,2602,dhmix_1965420976556284821,292,EnthalpyOfMixing,<Substance CCCCNCCCC{solv}{x=0.501800}|CN(C)C=O{solv}{x=0.498200}>,CCCCNCCCC,CN(C)C=O,openff-2.3.0rc1,3,0.5033942459692753,0.0502670695365824,1.113,0.0335
33788,2603,dens_2298192241038151497,293,Density,<Substance CCCCNCCCC{solv}{x=0.492800}|CN(C)C=O{solv}{x=0.507200}>,CCCCNCCCC,CN(C)C=O,openff-2.3.0rc1,3,0.8114639512680968,0.0002149965108611,0.8153440000000003,0.0009895
33789,2604,dens_145031449158698048,294,Density,<Substance CN(C)C=O{solv}{x=0.498800}|ClCCCl{solv}{x=0.501200}>,CN(C)C=O,ClCCCl,openff-2.3.0rc1,3,1.0729080577501844,0.0003523193116803,1.0957000000000003,0.00305
33790,2605,dens_511894799968528211,295,Density,<Substance CN(C)C=O{solv}{x=0.197800}|ClCCCl{solv}{x=0.802200}>,CN(C)C=O,ClCCCl,openff-2.3.0rc1,3,1.159454910305381,0.0002712130080478,1.1862000000000004,0.003
33791,2606,dhmix_693792312882226719,296,EnthalpyOfMixing,<Substance CN(C)C=O{solv}{x=0.498000}|ClCCCl{solv}{x=0.502000}>,CN(C)C=O,ClCCCl,openff-2.3.0rc1,3,-0.0020277094476668,0.0270307545921539,-0.663,0.0035
33792,2607,dhmix_1364024895663592301,297,EnthalpyOfMixing,<Substance CN(C)C=O{solv}{x=0.299000}|ClCCCl{solv}{x=0.701000}>,CN(C)C=O,ClCCCl,openff-2.3.0rc1,3,-0.02600428159284,0.031573153818887,-0.575,0.0035
33793,2608,dens_1874616475661316520,298,Density,<Substance CN(C)C=O{solv}{x=0.705400}|ClCCCl{solv}{x=0.294600}>,CN(C)C=O,ClCCCl,openff-2.3.0rc1,3,1.0091639949489124,0.0002599577969733,1.0336,0.003
33794,2609,dhmix_1965344541223753593,299,EnthalpyOfMixing,<Substance CN(C)C=O{solv}{x=0.702000}|ClCCCl{solv}{x=0.298000}>,CN(C)C=O,ClCCCl,openff-2.3.0rc1,3,-0.0554161411733318,0.0355589397706838,-0.531,0.003
33795,2610,dens_145117083439077204,300,Density,<Substance CN1CCCC1=O{solv}{x=0.700300}|ClCCCCCl{solv}{x=0.299700}>,CN1CCCC1=O,ClCCCCCl,openff-2.3.0rc1,3,1.0434253077047075,0.0002309117757432,1.0627000000000002,0.0005
33796,2611,dens_872271192908107773,301,Density,<Substance CN1CCCC1=O{solv}{x=0.203400}|ClCCCCCl{solv}{x=0.796600}>,CN1CCCC1=O,ClCCCCCl,openff-2.3.0rc1,3,1.0966932021737197,0.0003184706010354,1.1142000000000003,0.00125
33797,2612,dhmix_958757583081250655,302,EnthalpyOfMixing,<Substance CN1CCCC1=O{solv}{x=0.703000}|ClCCCCCl{solv}{x=0.297000}>,CN1CCCC1=O,ClCCCCCl,openff-2.3.0rc1,3,0.140834043489292,0.0417263661914149,-0.583,0.0035
33798,2613,dens_1187888029800539390,303,Density,<Substance CN1CCCC1=O{solv}{x=0.502500}|ClCCCCCl{solv}{x=0.497500}>,CN1CCCC1=O,ClCCCCCl,openff-2.3.0rc1,3,1.0662104998865152,0.0002608566474024,1.0840000000000003,0.00075
33799,2614,dhmix_1448185356234442909,304,EnthalpyOfMixing,<Substance CN1CCCC1=O{solv}{x=0.210000}|ClCCCCCl{solv}{x=0.790000}>,CN1CCCC1=O,ClCCCCCl,openff-2.3.0rc1,3,-0.0111678438905116,0.0404605374394116,-0.406,0.003
33800,2615,dhmix_1623586299486793214,305,EnthalpyOfMixing,<Substance CN1CCCC1=O{solv}{x=0.505000}|ClCCCCCl{solv}{x=0.495000}>,CN1CCCC1=O,ClCCCCCl,openff-2.3.0rc1,3,0.1570660484031165,0.0406525205101776,-0.678,0.0035
33801,2616,dens_151421667269785380,306,Density,<Substance OCCOCCO{solv}{x=0.228500}|OCc1ccccc1{solv}{x=0.771500}>,OCCOCCO,OCc1ccccc1,openff-2.3.0rc1,3,1.057786185384916,0.000207075160381,1.0497600000000002,0.000265
33802,2617,dens_207017358130726789,307,Density,<Substance OCCOCCO{solv}{x=0.531200}|OCc1ccccc1{solv}{x=0.468800}>,OCCOCCO,OCc1ccccc1,openff-2.3.0rc1,3,1.0829043341968778,0.0002155701145918,1.07136,0.00027
33803,2618,dhmix_638869206909151198,308,EnthalpyOfMixing,<Substance OCCOCCO{solv}{x=0.765800}|OCc1ccccc1{solv}{x=0.234200}>,OCCOCCO,OCc1ccccc1,openff-2.3.0rc1,3,-0.0674268277808352,0.043284568596045,-0.3712,0.0073
33804,2619,dhmix_884415658126351430,309,EnthalpyOfMixing,<Substance OCCOCCO{solv}{x=0.266500}|OCc1ccccc1{solv}{x=0.733500}>,OCCOCCO,OCc1ccccc1,openff-2.3.0rc1,3,-0.3706109416943803,0.0484798071626447,-0.4216,0.0081
33805,2620,dhmix_925385148369690502,310,EnthalpyOfMixing,<Substance OCCOCCO{solv}{x=0.521600}|OCc1ccccc1{solv}{x=0.478400}>,OCCOCCO,OCc1ccccc1,openff-2.3.0rc1,3,-0.4559192957723326,0.042410886567627,-0.4574,0.00865
33806,2621,dens_1617133138157859384,311,Density,<Substance OCCOCCO{solv}{x=0.727700}|OCc1ccccc1{solv}{x=0.272300}>,OCCOCCO,OCc1ccccc1,openff-2.3.0rc1,3,1.1000137122623264,0.0003411023197422,1.0857000000000003,0.000275
33807,2622,dens_155791527624482863,312,Density,<Substance CC(C)CO{solv}{x=0.279300}|CCCCBr{solv}{x=0.720700}>,CC(C)CO,CCCCBr,openff-2.3.0rc1,3,1.1113642834271718,0.0003922453913362,1.1339800000000002,0.000305
33808,2623,dhmix_549211977118470640,313,EnthalpyOfMixing,<Substance CC(C)CO{solv}{x=0.293800}|CCCCBr{solv}{x=0.706200}>,CC(C)CO,CCCCBr,openff-2.3.0rc1,3,1.1144967036284328,0.0409807347454555,1.248,0.0135
33809,2624,dens_692500675577783691,314,Density,<Substance CC(C)CO{solv}{x=0.793700}|CCCCBr{solv}{x=0.206300}>,CC(C)CO,CCCCBr,openff-2.3.0rc1,3,0.897998575899605,0.0002825922735938,0.8962800000000002,0.00021
33810,2625,dens_841415441417626311,315,Density,<Substance CC(C)CO{solv}{x=0.498900}|CCCCBr{solv}{x=0.501100}>,CC(C)CO,CCCCBr,openff-2.3.0rc1,3,1.0247590501761874,0.0003558687798166,1.0366800000000005,0.000225
33811,2626,dhmix_1400807466047438160,316,EnthalpyOfMixing,<Substance CC(C)CO{solv}{x=0.499000}|CCCCBr{solv}{x=0.501000}>,CC(C)CO,CCCCBr,openff-2.3.0rc1,3,1.2061110795871173,0.0408373014514026,1.207,0.013
33812,2627,dhmix_1959880980464917582,317,EnthalpyOfMixing,<Substance CC(C)CO{solv}{x=0.702100}|CCCCBr{solv}{x=0.297900}>,CC(C)CO,CCCCBr,openff-2.3.0rc1,3,0.7101022096784462,0.0360183834184568,0.891,0.0095
33813,2628,dhmix_155924436295918663,318,EnthalpyOfMixing,<Substance OCCCO{solv}{x=0.501300}|O{solv}{x=0.498700}>,O,OCCCO,openff-2.3.0rc1,3,0.4261305369653598,0.0344474316252722,-0.992,0.0125
33814,2629,dens_867859901093068556,319,Density,<Substance OCCCO{solv}{x=0.743700}|O{solv}{x=0.256300}>,O,OCCCO,openff-2.3.0rc1,3,1.062038590866536,0.0003872986783229,1.0503800000000003,0.00023
33815,2630,dhmix_2191722776959064631,320,EnthalpyOfMixing,<Substance OCCCO{solv}{x=0.743000}|O{solv}{x=0.257000}>,O,OCCCO,openff-2.3.0rc1,3,0.4616893058299851,0.0398040085355931,-0.633,0.008
33816,2631,dhmix_2210594516320705991,321,EnthalpyOfMixing,<Substance OCCCO{solv}{x=0.208700}|O{solv}{x=0.791300}>,O,OCCCO,openff-2.3.0rc1,3,0.4599132797328451,0.0266240257488666,-0.924,0.012
33817,2632,dens_2211391404402371237,322,Density,<Substance OCCCO{solv}{x=0.244700}|O{solv}{x=0.755300}>,O,OCCCO,openff-2.3.0rc1,3,1.0308326621376849,0.0004071470072317,1.0381600000000004,0.00019
33818,2633,dens_2211609476735134421,323,Density,<Substance OCCCO{solv}{x=0.500000}|O{solv}{x=0.500000}>,O,OCCCO,openff-2.3.0rc1,3,1.051832713742605,0.0003056428736541,1.0492100000000002,0.000215
33819,2634,dhmix_156929898609376763,324,EnthalpyOfMixing,<Substance CN(C)CCCO{solv}{x=0.800100}|O{solv}{x=0.199900}>,CN(C)CCCO,O,openff-2.3.0rc1,3,-0.9477481019374068,0.0581281701852836,-1.26,0.0135
33820,2635,dhmix_786210276753247951,325,EnthalpyOfMixing,<Substance CN(C)CCCO{solv}{x=0.199800}|O{solv}{x=0.800200}>,CN(C)CCCO,O,openff-2.3.0rc1,3,-0.7928683478458058,0.0270333053796035,-2.514,0.027
33821,2636,dens_971674883336993154,326,Density,<Substance CN(C)CCCO{solv}{x=0.289504}|O{solv}{x=0.710496}>,CN(C)CCCO,O,openff-2.3.0rc1,3,0.9416692386546628,0.0004980908963475,0.9443,0.00285
33822,2637,dhmix_1330584538745399524,327,EnthalpyOfMixing,<Substance CN(C)CCCO{solv}{x=0.501900}|O{solv}{x=0.498100}>,CN(C)CCCO,O,openff-2.3.0rc1,3,-1.42868773875872,0.0317794982763049,-2.706,0.029
33823,2638,dens_1781759734173902013,328,Density,<Substance CN(C)CCCO{solv}{x=0.501300}|O{solv}{x=0.498700}>,CN(C)CCCO,O,openff-2.3.0rc1,3,0.9314669369121124,0.000335827234447,0.9170700000000004,8.000000000000002e-05
33824,2639,dens_2299157616447228221,329,Density,<Substance CN(C)CCCO{solv}{x=0.800600}|O{solv}{x=0.199400}>,CN(C)CCCO,O,openff-2.3.0rc1,3,0.9175748472438784,0.000271935065513,0.8915100000000002,9.500000000000002e-05
33825,2640,dhmix_157983773008192768,330,EnthalpyOfMixing,<Substance BrCCCBr{solv}{x=0.743200}|CCCCOC(=O)CCC{solv}{x=0.256800}>,BrCCCBr,CCCCOC(=O)CCC,openff-2.3.0rc1,3,-0.3085454730659904,0.0427995124449409,0.032,0.0005
33826,2641,dens_720277045338028885,331,Density,<Substance BrCCCBr{solv}{x=0.748700}|CCCCOC(=O)CCC{solv}{x=0.251300}>,BrCCCBr,CCCCOC(=O)CCC,openff-2.3.0rc1,3,1.5596194409798891,0.0004208414448788,1.5786600000000004,0.00038
33827,2642,dens_933248802608751708,332,Density,<Substance BrCCCBr{solv}{x=0.529700}|CCCCOC(=O)CCC{solv}{x=0.470300}>,BrCCCBr,CCCCOC(=O)CCC,openff-2.3.0rc1,3,1.3043541048281722,0.0003142211046113,1.3159400000000003,0.000255
33828,2643,dens_1048925802213854204,333,Density,<Substance BrCCCBr{solv}{x=0.259100}|CCCCOC(=O)CCC{solv}{x=0.740900}>,BrCCCBr,CCCCOC(=O)CCC,openff-2.3.0rc1,3,1.0525442302692996,0.000240039536962,1.0598600000000002,0.000145
33829,2644,dhmix_1090642624443832057,334,EnthalpyOfMixing,<Substance BrCCCBr{solv}{x=0.241200}|CCCCOC(=O)CCC{solv}{x=0.758800}>,BrCCCBr,CCCCOC(=O)CCC,openff-2.3.0rc1,3,-0.3537329408898628,0.0544095117411439,-0.094,0.001
33830,2645,dhmix_1649688325270115073,335,EnthalpyOfMixing,<Substance BrCCCBr{solv}{x=0.466700}|CCCCOC(=O)CCC{solv}{x=0.533300}>,BrCCCBr,CCCCOC(=O)CCC,openff-2.3.0rc1,3,-0.4546804711358163,0.0449927654896258,-0.091,0.001
33831,2646,dhmix_158101159957898775,336,EnthalpyOfMixing,<Substance CCCCCl{solv}{x=0.490000}|CN1CCCC1=O{solv}{x=0.510000}>,CCCCCl,CN1CCCC1=O,openff-2.3.0rc1,3,0.8256015820953593,0.0388122877064306,0.152,0.002
33832,2647,dhmix_586880142396707079,337,EnthalpyOfMixing,<Substance CCCCCl{solv}{x=0.294000}|CN1CCCC1=O{solv}{x=0.706000}>,CCCCCl,CN1CCCC1=O,openff-2.3.0rc1,3,0.7338962947546008,0.0403869385349955,0.145,0.002
33833,2648,dens_897975104490051322,338,Density,<Substance CCCCCl{solv}{x=0.296100}|CN1CCCC1=O{solv}{x=0.703900}>,CCCCCl,CN1CCCC1=O,openff-2.3.0rc1,3,0.9660015564676088,0.0002389805215748,0.9862000000000004,0.0001
33834,2649,dens_1393365907116297965,339,Density,<Substance CCCCCl{solv}{x=0.702600}|CN1CCCC1=O{solv}{x=0.297400}>,CCCCCl,CN1CCCC1=O,openff-2.3.0rc1,3,0.9069351126100118,0.0003104723943027,0.9268000000000002,0.0001
33835,2650,dhmix_1769887717174104485,340,EnthalpyOfMixing,<Substance CCCCCl{solv}{x=0.787000}|CN1CCCC1=O{solv}{x=0.213000}>,CCCCCl,CN1CCCC1=O,openff-2.3.0rc1,3,0.596088419234519,0.042471560663735,0.081,0.002
33836,2651,dens_2070183543451797213,341,Density,<Substance CCCCCl{solv}{x=0.494800}|CN1CCCC1=O{solv}{x=0.505200}>,CCCCCl,CN1CCCC1=O,openff-2.3.0rc1,3,0.938110825911134,0.0002479562917387,0.9575000000000002,0.0001
33837,2652,dens_164369774990422412,342,Density,<Substance CC(C)O{solv}{x=0.764900}|CCOC=O{solv}{x=0.235100}>,CC(C)O,CCOC=O,openff-2.3.0rc1,3,0.8315022502722935,0.0002136509256214,0.8088000000000002,0.00035
33838,2653,dens_200561035496770448,343,Density,<Substance CC(C)O{solv}{x=0.265100}|CCOC=O{solv}{x=0.734900}>,CC(C)O,CCOC=O,openff-2.3.0rc1,3,0.8969315058045129,0.0002965412823106,0.8710000000000002,0.0003
33839,2654,dens_1124622586228643363,344,Density,<Substance CC(C)O{solv}{x=0.441300}|CCOC=O{solv}{x=0.558700}>,CC(C)O,CCOC=O,openff-2.3.0rc1,3,0.8740238881410088,0.0002515694679951,0.8482000000000003,0.00035
33840,2655,dens_166030075147825025,345,Density,<Substance Clc1ccccc1{solv}{x=0.467900}|c1ccccc1{solv}{x=0.532100}>,Clc1ccccc1,c1ccccc1,openff-2.3.0rc1,3,0.9964475836816284,0.0001955963111371,0.9877000000000002,0.00025
33841,2656,dens_796537469137871297,346,Density,<Substance Clc1ccccc1{solv}{x=0.735800}|c1ccccc1{solv}{x=0.264200}>,Clc1ccccc1,c1ccccc1,openff-2.3.0rc1,3,1.0581135106701305,0.000262996212631,1.0465000000000002,0.0002
33842,2657,dhmix_1485547099225054006,347,EnthalpyOfMixing,<Substance Clc1ccccc1{solv}{x=0.777700}|c1ccccc1{solv}{x=0.222300}>,Clc1ccccc1,c1ccccc1,openff-2.3.0rc1,3,0.0271137114066064,0.0373284685325136,-0.0036,0.0004
33843,2658,dhmix_1808283008183194060,348,EnthalpyOfMixing,<Substance Clc1ccccc1{solv}{x=0.225800}|c1ccccc1{solv}{x=0.774200}>,Clc1ccccc1,c1ccccc1,openff-2.3.0rc1,3,-0.0718178678648229,0.036618856580129,-0.0046,0.0004
33844,2659,dhmix_2008892820486470381,349,EnthalpyOfMixing,<Substance Clc1ccccc1{solv}{x=0.466600}|c1ccccc1{solv}{x=0.533400}>,Clc1ccccc1,c1ccccc1,openff-2.3.0rc1,3,0.0112401582445897,0.0400508687514393,-0.0057,0.0004
33845,2660,dens_2142546524113318099,350,Density,<Substance Clc1ccccc1{solv}{x=0.293100}|c1ccccc1{solv}{x=0.706900}>,Clc1ccccc1,c1ccccc1,openff-2.3.0rc1,3,0.9538414104864616,0.0002560587144517,0.9468000000000002,0.00025
33846,2661,dhmix_166527628917371560,351,EnthalpyOfMixing,<Substance CCCCCC(C)=O{solv}{x=0.500700}|CCCNCCC{solv}{x=0.499300}>,CCCCCC(C)=O,CCCNCCC,openff-2.3.0rc1,3,-0.0647346502488801,0.0527747034722509,0.162,0.002
33847,2662,dhmix_181797488552739205,352,EnthalpyOfMixing,<Substance CCCCCC(C)=O{solv}{x=0.213200}|CCCNCCC{solv}{x=0.786800}>,CCCCCC(C)=O,CCCNCCC,openff-2.3.0rc1,3,0.068181415968695,0.0512122040097051,0.137,0.0015
33848,2663,dens_286521458049436805,353,Density,<Substance CCCCCC(C)=O{solv}{x=0.542700}|CCCNCCC{solv}{x=0.457300}>,CCCCCC(C)=O,CCCNCCC,openff-2.3.0rc1,3,0.7721139840110908,0.0001910258901259,0.7766620000000002,0.0001215
33849,2664,dens_740930494074770103,354,Density,<Substance CCCCCC(C)=O{solv}{x=0.252600}|CCCNCCC{solv}{x=0.747400}>,CCCCCC(C)=O,CCCNCCC,openff-2.3.0rc1,3,0.75366966797631,0.0002099255425437,0.7540050000000001,0.0001215
33850,2665,dhmix_1180133264815330249,355,EnthalpyOfMixing,<Substance CCCCCC(C)=O{solv}{x=0.788000}|CCCNCCC{solv}{x=0.212000}>,CCCCCC(C)=O,CCCNCCC,openff-2.3.0rc1,3,0.0229796737288054,0.0492911806197415,0.088,0.001
33851,2666,dens_1237727796782189302,356,Density,<Substance CCCCCC(C)=O{solv}{x=0.741800}|CCCNCCC{solv}{x=0.258200}>,CCCCCC(C)=O,CCCNCCC,openff-2.3.0rc1,3,0.7845518713386697,0.0001964534628029,0.7918920000000003,0.00012
33852,2667,dens_168376639142843665,357,Density,<Substance BrCCBr{solv}{x=0.084500}|CCOC(=O)CC{solv}{x=0.915500}>,BrCCBr,CCOC(=O)CC,openff-2.3.0rc1,3,0.9660480101251908,0.000238527380167,0.9671200000000002,0.001185
33853,2668,dhmix_897092526028522426,358,EnthalpyOfMixing,<Substance BrCCBr{solv}{x=0.753700}|CCOC(=O)CC{solv}{x=0.246300}>,BrCCBr,CCOC(=O)CC,openff-2.3.0rc1,3,-0.2160849982579193,0.0385403372972028,0.0052,0.0008
33854,2669,dhmix_1078383344298013541,359,EnthalpyOfMixing,<Substance BrCCBr{solv}{x=0.084100}|CCOC(=O)CC{solv}{x=0.915900}>,BrCCBr,CCOC(=O)CC,openff-2.3.0rc1,3,0.0119488039421975,0.0421002602242747,-0.0683,0.0014
33855,2670,dhmix_1103515663691342839,360,EnthalpyOfMixing,<Substance BrCCBr{solv}{x=0.514000}|CCOC(=O)CC{solv}{x=0.486000}>,BrCCBr,CCOC(=O)CC,openff-2.3.0rc1,3,-0.1206449376420373,0.0338161987210944,-0.1259,0.00205
33856,2671,dens_1193015082780501702,361,Density,<Substance BrCCBr{solv}{x=0.484400}|CCOC(=O)CC{solv}{x=0.515600}>,BrCCBr,CCOC(=O)CC,openff-2.3.0rc1,3,1.4010031085219792,0.0004335145579387,1.4136000000000002,0.001165
33857,2672,dens_1660732943693703463,362,Density,<Substance BrCCBr{solv}{x=0.714800}|CCOC(=O)CC{solv}{x=0.285200}>,BrCCBr,CCOC(=O)CC,openff-2.3.0rc1,3,1.696320540602317,0.0005966816617391,1.7205300000000003,0.000985
33858,2673,dens_172622055198885625,363,Density,<Substance CCCCOCCO{solv}{x=0.499500}|c1ccccc1{solv}{x=0.500500}>,CCCCOCCO,c1ccccc1,openff-2.3.0rc1,3,0.8866601513179638,0.0002089724629954,0.8864700000000002,0.000795
33859,2674,dens_615182082919776992,364,Density,<Substance CCCCOCCO{solv}{x=0.753500}|c1ccccc1{solv}{x=0.246500}>,CCCCOCCO,c1ccccc1,openff-2.3.0rc1,3,0.8914476042823244,0.000196055435782,0.8924600000000003,0.00077
33860,2675,dens_1014762781474427089,365,Density,<Substance CCCCOCCO{solv}{x=0.248800}|c1ccccc1{solv}{x=0.751200}>,CCCCOCCO,c1ccccc1,openff-2.3.0rc1,3,0.8818593748745082,0.0002076296718956,0.8790000000000002,0.00083
33861,2676,dhmix_1209838039340638454,366,EnthalpyOfMixing,<Substance CCCCOCCO{solv}{x=0.729700}|c1ccccc1{solv}{x=0.270300}>,CCCCOCCO,c1ccccc1,openff-2.3.0rc1,3,0.3620568310090561,0.0531104430666838,0.3037,0.00335
33862,2677,dhmix_1416395432810708431,367,EnthalpyOfMixing,<Substance CCCCOCCO{solv}{x=0.266500}|c1ccccc1{solv}{x=0.733500}>,CCCCOCCO,c1ccccc1,openff-2.3.0rc1,3,0.7037895360946465,0.0413844758279648,0.6895,0.00745
33863,2678,dhmix_1775479338186698605,368,EnthalpyOfMixing,<Substance CCCCOCCO{solv}{x=0.503000}|c1ccccc1{solv}{x=0.497000}>,CCCCOCCO,c1ccccc1,openff-2.3.0rc1,3,0.6917919173667713,0.0455523237531677,0.5563,0.00605
33864,2679,dens_173950346939686352,369,Density,<Substance CCOC(=O)CC(=O)OCC{solv}{x=0.797800}|CO{solv}{x=0.202200}>,CCOC(=O)CC(=O)OCC,CO,openff-2.3.0rc1,3,1.0420008619638172,0.000137522856064,1.0336070000000002,0.0001155
33865,2680,dhmix_796570713446660029,370,EnthalpyOfMixing,<Substance CCOC(=O)CC(=O)OCC{solv}{x=0.745300}|CO{solv}{x=0.254700}>,CCOC(=O)CC(=O)OCC,CO,openff-2.3.0rc1,3,0.9704246280088284,0.0435154368034032,1.184,0.013
33866,2681,dhmix_1053189657313504079,371,EnthalpyOfMixing,<Substance CCOC(=O)CC(=O)OCC{solv}{x=0.499300}|CO{solv}{x=0.500700}>,CCOC(=O)CC(=O)OCC,CO,openff-2.3.0rc1,3,1.360614665120366,0.0378403316220004,1.426,0.0155
33867,2682,dens_1109796780897697143,372,Density,<Substance CCOC(=O)CC(=O)OCC{solv}{x=0.500400}|CO{solv}{x=0.499600}>,CCOC(=O)CC(=O)OCC,CO,openff-2.3.0rc1,3,1.0029457760065097,0.0002424156198834,0.9962350000000002,9.150000000000002e-05
33868,2683,dens_1145191816882985532,373,Density,<Substance CCOC(=O)CC(=O)OCC{solv}{x=0.250100}|CO{solv}{x=0.749900}>,CCOC(=O)CC(=O)OCC,CO,openff-2.3.0rc1,3,0.9375743190481958,0.000308224385642,0.9355040000000002,0.0001385
33869,2684,dhmix_1394433819711651760,374,EnthalpyOfMixing,<Substance CCOC(=O)CC(=O)OCC{solv}{x=0.251500}|CO{solv}{x=0.748500}>,CCOC(=O)CC(=O)OCC,CO,openff-2.3.0rc1,3,1.15528935070094,0.0373575620263226,1.083,0.0115
33870,2685,dhmix_176700813960387714,375,EnthalpyOfMixing,<Substance CC(=O)N(C)C{solv}{x=0.211000}|ClCCCCCl{solv}{x=0.789000}>,CC(=O)N(C)C,ClCCCCCl,openff-2.3.0rc1,3,-0.056655178226606,0.0404904768501013,-0.188,0.0025
33871,2686,dhmix_422276068008732896,376,EnthalpyOfMixing,<Substance CC(=O)N(C)C{solv}{x=0.506000}|ClCCCCCl{solv}{x=0.494000}>,CC(=O)N(C)C,ClCCCCCl,openff-2.3.0rc1,3,0.0280467498747114,0.0396121397243602,-0.314,0.0025
33872,2687,dhmix_591740475541975327,377,EnthalpyOfMixing,<Substance CC(=O)N(C)C{solv}{x=0.705000}|ClCCCCCl{solv}{x=0.295000}>,CC(=O)N(C)C,ClCCCCCl,openff-2.3.0rc1,3,0.0114733600824585,0.0405296422511765,-0.281,0.0025
33873,2688,dens_600718364672681210,378,Density,<Substance CC(=O)N(C)C{solv}{x=0.200100}|ClCCCCCl{solv}{x=0.799900}>,CC(=O)N(C)C,ClCCCCCl,openff-2.3.0rc1,3,1.0764480512657617,0.0002545796580052,1.0978,0.0023
33874,2689,dens_833309518494254389,379,Density,<Substance CC(=O)N(C)C{solv}{x=0.698700}|ClCCCCCl{solv}{x=0.301300}>,CC(=O)N(C)C,ClCCCCCl,openff-2.3.0rc1,3,0.9740921564551857,0.000238991287433,1.0011000000000003,0.0023
33875,2690,dens_1473570029953486090,380,Density,<Substance CC(=O)N(C)C{solv}{x=0.500900}|ClCCCCCl{solv}{x=0.499100}>,CC(=O)N(C)C,ClCCCCCl,openff-2.3.0rc1,3,1.0170516564541474,0.0002413410857638,1.0407000000000004,0.00225
33876,2691,dens_176740025668330569,381,Density,<Substance C1CCCCC1{solv}{x=0.499400}|C1COCCO1{solv}{x=0.500600}>,C1CCCCC1,C1COCCO1,openff-2.3.0rc1,3,0.8727854860059847,0.0001995258663235,0.8769800000000002,8.500000000000002e-05
33877,2692,dens_476825312331327209,382,Density,<Substance C1CCCCC1{solv}{x=0.297200}|C1COCCO1{solv}{x=0.702800}>,C1CCCCC1,C1COCCO1,openff-2.3.0rc1,3,0.932696449326192,0.0002642280185107,0.9312200000000004,7.000000000000002e-05
33878,2693,dens_985438980823024302,383,Density,<Substance C1CCCCC1{solv}{x=0.699700}|C1COCCO1{solv}{x=0.300300}>,C1CCCCC1,C1COCCO1,openff-2.3.0rc1,3,0.8203082811653857,0.0001981472525788,0.8305800000000002,0.0001
33879,2694,dhmix_1624213860575299641,384,EnthalpyOfMixing,<Substance C1CCCCC1{solv}{x=0.492800}|C1COCCO1{solv}{x=0.507200}>,C1CCCCC1,C1COCCO1,openff-2.3.0rc1,3,1.9555864615638257,0.0404397024198768,1.588,0.008
33880,2695,dhmix_1900199136965747019,385,EnthalpyOfMixing,<Substance C1CCCCC1{solv}{x=0.239400}|C1COCCO1{solv}{x=0.760600}>,C1CCCCC1,C1COCCO1,openff-2.3.0rc1,3,1.39888158029558,0.0382835590350975,1.124,0.007
33881,2696,dhmix_2022274493214392184,386,EnthalpyOfMixing,<Substance C1CCCCC1{solv}{x=0.744200}|C1COCCO1{solv}{x=0.255800}>,C1CCCCC1,C1COCCO1,openff-2.3.0rc1,3,1.652687729816904,0.0438521368042649,1.262,0.007
33882,2697,dhmix_182795551078530810,387,EnthalpyOfMixing,<Substance C1COCCO1{solv}{x=0.491200}|Cc1ccccc1Cl{solv}{x=0.508800}>,C1COCCO1,Cc1ccccc1Cl,openff-2.3.0rc1,3,0.2686019420261516,0.039749551757712,0.356,0.002
33883,2698,dens_242592003865933955,388,Density,<Substance C1COCCO1{solv}{x=0.835700}|Cc1ccccc1Cl{solv}{x=0.164300}>,C1COCCO1,Cc1ccccc1Cl,openff-2.3.0rc1,3,1.0349316998097051,0.0002702829831323,1.0256,0.0005
33884,2699,dens_810150133181620718,389,Density,<Substance C1COCCO1{solv}{x=0.513600}|Cc1ccccc1Cl{solv}{x=0.486400}>,C1COCCO1,Cc1ccccc1Cl,openff-2.3.0rc1,3,1.0616847879776472,0.0001806671390345,1.0536,0.0005
33885,2700,dhmix_1949119093643648586,390,EnthalpyOfMixing,<Substance C1COCCO1{solv}{x=0.246200}|Cc1ccccc1Cl{solv}{x=0.753800}>,C1COCCO1,Cc1ccccc1Cl,openff-2.3.0rc1,3,0.2200304932456873,0.037058108963255,0.206,0.001
33886,2701,dens_2161584607380261748,391,Density,<Substance C1COCCO1{solv}{x=0.226300}|Cc1ccccc1Cl{solv}{x=0.773700}>,C1COCCO1,Cc1ccccc1Cl,openff-2.3.0rc1,3,1.074496001638234,0.0002122020963757,1.0674000000000003,0.0005
33887,2702,dhmix_2190589845176325501,392,EnthalpyOfMixing,<Substance C1COCCO1{solv}{x=0.835700}|Cc1ccccc1Cl{solv}{x=0.164300}>,C1COCCO1,Cc1ccccc1Cl,openff-2.3.0rc1,3,0.1605640179487721,0.0451824989213316,0.244,0.0015
33888,2703,dens_194492664772262961,393,Density,<Substance CCCOC=O{solv}{x=0.479500}|ClCCCl{solv}{x=0.520500}>,CCCOC=O,ClCCCl,openff-2.3.0rc1,3,1.05521419537139,0.0003133822027837,1.0603100000000003,0.00196
33889,2704,dhmix_438833720470542962,394,EnthalpyOfMixing,<Substance CCCOC=O{solv}{x=0.738500}|ClCCCl{solv}{x=0.261500}>,CCCOC=O,ClCCCl,openff-2.3.0rc1,3,0.0042241730134051,0.0417322634247437,-0.205,0.0025
33890,2705,dens_598528978367940263,395,Density,<Substance CCCOC=O{solv}{x=0.254300}|ClCCCl{solv}{x=0.745700}>,CCCOC=O,ClCCCl,openff-2.3.0rc1,3,1.1269654601625003,0.0003775689433375,1.1418800000000005,0.002835
33891,2706,dens_822197650497048256,396,Density,<Substance CCCOC=O{solv}{x=0.728100}|ClCCCl{solv}{x=0.271900}>,CCCOC=O,ClCCCl,openff-2.3.0rc1,3,0.9831472387108032,0.00026701598216,0.9794600000000002,0.001275
33892,2707,dhmix_1971772628311560569,397,EnthalpyOfMixing,<Substance CCCOC=O{solv}{x=0.503500}|ClCCCl{solv}{x=0.496500}>,CCCOC=O,ClCCCl,openff-2.3.0rc1,3,0.110462187780115,0.0330879535703901,-0.254,0.003
33893,2708,dhmix_2087301877194561078,398,EnthalpyOfMixing,<Substance CCCOC=O{solv}{x=0.273300}|ClCCCl{solv}{x=0.726700}>,CCCOC=O,ClCCCl,openff-2.3.0rc1,3,0.0249933961015962,0.0323069953284148,-0.154,0.002
33894,2709,dens_196547737404430199,399,Density,<Substance CCC(C)(C)O{solv}{x=0.258400}|CCO{solv}{x=0.741600}>,CCC(C)(C)O,CCO,openff-2.3.0rc1,3,0.8068216943000028,0.0002945574613592,0.7933000000000001,0.0005
33895,2710,dens_476512869308734578,400,Density,<Substance CCC(C)(C)O{solv}{x=0.549500}|CCO{solv}{x=0.450500}>,CCC(C)(C)O,CCO,openff-2.3.0rc1,3,0.8175030051158652,0.000206715625384,0.8018000000000002,0.0005
33896,2711,dens_822446541953482206,401,Density,<Substance CCC(C)(C)O{solv}{x=0.676500}|CCO{solv}{x=0.323500}>,CCC(C)(C)O,CCO,openff-2.3.0rc1,3,0.8215214667031046,0.0002451857272897,0.8048000000000002,0.0005
33897,2712,dhmix_935690434592096067,402,EnthalpyOfMixing,<Substance CCC(C)(C)O{solv}{x=0.460700}|CCO{solv}{x=0.539300}>,CCC(C)(C)O,CCO,openff-2.3.0rc1,3,-0.5054960197177909,0.0447584917459486,-0.95,0.00405
33898,2713,dhmix_1167190373485301023,403,EnthalpyOfMixing,<Substance CCC(C)(C)O{solv}{x=0.730600}|CCO{solv}{x=0.269400}>,CCC(C)(C)O,CCO,openff-2.3.0rc1,3,-0.8449647574577686,0.0506962648246993,-0.7709,0.00335
33899,2714,dhmix_1275914601266938667,404,EnthalpyOfMixing,<Substance CCC(C)(C)O{solv}{x=0.280700}|CCO{solv}{x=0.719300}>,CCC(C)(C)O,CCO,openff-2.3.0rc1,3,-0.4604709859549309,0.0411495720177264,-0.7056,0.0031
33900,2715,dens_196896428021674416,405,Density,<Substance OCCCCO{solv}{x=0.250400}|O{solv}{x=0.749600}>,O,OCCCCO,openff-2.3.0rc1,3,1.0083521564748603,0.0004009587794603,1.0206500000000005,0.000165
33901,2716,dhmix_204758826312645465,406,EnthalpyOfMixing,<Substance OCCCCO{solv}{x=0.498600}|O{solv}{x=0.501400}>,O,OCCCCO,openff-2.3.0rc1,3,0.5398168553104554,0.0312384739579223,-0.882,0.011
33902,2717,dens_523660418548538159,407,Density,<Substance OCCCCO{solv}{x=0.502000}|O{solv}{x=0.498000}>,O,OCCCCO,openff-2.3.0rc1,3,1.0204255014727224,0.0003080756483192,1.0207100000000002,0.000175
33903,2718,dhmix_1424462945700338266,408,EnthalpyOfMixing,<Substance OCCCCO{solv}{x=0.794700}|O{solv}{x=0.205300}>,O,OCCCCO,openff-2.3.0rc1,3,0.2027683350261342,0.0580820192836676,-0.513,0.007
33904,2719,dhmix_2166372532060643622,409,EnthalpyOfMixing,<Substance OCCCCO{solv}{x=0.265800}|O{solv}{x=0.734200}>,O,OCCCCO,openff-2.3.0rc1,3,0.5980072830586565,0.0298247317589851,-0.896,0.0115
33905,2720,dens_2215793475715067258,410,Density,<Substance OCCCCO{solv}{x=0.752800}|O{solv}{x=0.247200}>,O,OCCCCO,openff-2.3.0rc1,3,1.0234898723429606,0.0003113484267255,1.0165900000000003,0.00018
33906,2721,dhmix_199788824133179829,411,EnthalpyOfMixing,<Substance CNc1ccccc1{solv}{x=0.497300}|Cc1ccccc1{solv}{x=0.502700}>,CNc1ccccc1,Cc1ccccc1,openff-2.3.0rc1,3,0.8266921319509919,0.0391377515446138,0.497,0.0055
33907,2722,dens_515118724178190757,412,Density,<Substance CNc1ccccc1{solv}{x=0.740700}|Cc1ccccc1{solv}{x=0.259300}>,CNc1ccccc1,Cc1ccccc1,openff-2.3.0rc1,3,0.9609691926328976,0.000194188313362,0.9531280000000004,0.0002595
33908,2723,dens_730775902780400634,413,Density,<Substance CNc1ccccc1{solv}{x=0.245200}|Cc1ccccc1{solv}{x=0.754800}>,CNc1ccccc1,Cc1ccccc1,openff-2.3.0rc1,3,0.8939431069489349,0.0002211988581994,0.8935250000000002,0.000118
33909,2724,dhmix_1213795502778853356,414,EnthalpyOfMixing,<Substance CNc1ccccc1{solv}{x=0.295200}|Cc1ccccc1{solv}{x=0.704800}>,CNc1ccccc1,Cc1ccccc1,openff-2.3.0rc1,3,0.7851199393645558,0.0325884659739128,0.459,0.005
33910,2725,dhmix_1321810550349826496,415,EnthalpyOfMixing,<Substance CNc1ccccc1{solv}{x=0.789200}|Cc1ccccc1{solv}{x=0.210800}>,CNc1ccccc1,Cc1ccccc1,openff-2.3.0rc1,3,0.6662657469081168,0.0457072659644421,0.287,0.003
33911,2726,dens_2156484405108449314,416,Density,<Substance CNc1ccccc1{solv}{x=0.490000}|Cc1ccccc1{solv}{x=0.510000}>,CNc1ccccc1,Cc1ccccc1,openff-2.3.0rc1,3,0.9281103369929612,0.0001831291304233,0.9235800000000004,0.000164
33912,2727,dens_199829369486957606,417,Density,<Substance CC#N{solv}{x=0.200300}|c1ccccc1{solv}{x=0.799700}>,CC#N,c1ccccc1,openff-2.3.0rc1,3,0.8642802891273261,0.0002795763568203,0.8623400000000002,7.000000000000002e-05
33913,2728,dhmix_217315956534335620,418,EnthalpyOfMixing,<Substance CC#N{solv}{x=0.771500}|c1ccccc1{solv}{x=0.228500}>,CC#N,c1ccccc1,openff-2.3.0rc1,3,0.0641927090375364,0.026196266104665,0.3988,0.00815
33914,2729,dhmix_730497723685339496,419,EnthalpyOfMixing,<Substance CC#N{solv}{x=0.219600}|c1ccccc1{solv}{x=0.780400}>,CC#N,c1ccccc1,openff-2.3.0rc1,3,-0.0324491075147079,0.0330371078840615,0.2399,0.00495
33915,2730,dhmix_1038591828122641798,420,EnthalpyOfMixing,<Substance CC#N{solv}{x=0.529500}|c1ccccc1{solv}{x=0.470500}>,CC#N,c1ccccc1,openff-2.3.0rc1,3,0.048603312253908,0.0341222379385054,0.4415,0.00905
33916,2731,dens_1457706963514561052,421,Density,<Substance CC#N{solv}{x=0.500100}|c1ccccc1{solv}{x=0.499900}>,CC#N,c1ccccc1,openff-2.3.0rc1,3,0.835669279943037,0.0003007259724339,0.8384600000000002,7.500000000000002e-05
33917,2732,dens_2111393000623474162,422,Density,<Substance CC#N{solv}{x=0.700200}|c1ccccc1{solv}{x=0.299800}>,CC#N,c1ccccc1,openff-2.3.0rc1,3,0.8111530584264637,0.0002322257422308,0.8174500000000002,7.500000000000002e-05
33918,2733,dens_201591193434833206,423,Density,<Substance CC(C)CC(C)(C)C{solv}{x=0.082400}|CCO{solv}{x=0.917600}>,CC(C)CC(C)(C)C,CCO,openff-2.3.0rc1,3,0.7664773097323748,0.0003175743918636,0.7605800000000003,0.000125
33919,2734,dhmix_371477530823830451,424,EnthalpyOfMixing,<Substance CC(C)CC(C)(C)C{solv}{x=0.761700}|CCO{solv}{x=0.238300}>,CC(C)CC(C)(C)C,CCO,openff-2.3.0rc1,3,0.7590975358255463,0.0493913130479431,0.634022,0.006851
33920,2735,dhmix_1127868571780691876,425,EnthalpyOfMixing,<Substance CC(C)CC(C)(C)C{solv}{x=0.515800}|CCO{solv}{x=0.484200}>,CC(C)CC(C)(C)C,CCO,openff-2.3.0rc1,3,0.8922392539006978,0.0399890817136261,0.638973,0.006903
33921,2736,dens_1250915879314267304,426,Density,<Substance CC(C)CC(C)(C)C{solv}{x=0.493740}|CCO{solv}{x=0.506260}>,CC(C)CC(C)(C)C,CCO,openff-2.3.0rc1,3,0.7238651405121268,0.0001753562793866,0.7110500000000001,7.500000000000002e-05
33922,2737,dens_1473791133383705310,427,Density,<Substance CC(C)CC(C)(C)C{solv}{x=0.735960}|CCO{solv}{x=0.264040}>,CC(C)CC(C)(C)C,CCO,openff-2.3.0rc1,3,0.7113402723982652,0.0002257443040575,0.6967900000000001,7.500000000000002e-05
33923,2738,dhmix_1870637719976274804,428,EnthalpyOfMixing,<Substance CC(C)CC(C)(C)C{solv}{x=0.081500}|CCO{solv}{x=0.918500}>,CC(C)CC(C)(C)C,CCO,openff-2.3.0rc1,3,0.248422345222691,0.0360413237942882,0.197762,0.0022405
33924,2739,dens_202472488934755108,429,Density,<Substance CCC#N{solv}{x=0.301800}|CCOC(C)(C)C{solv}{x=0.698200}>,CCC#N,CCOC(C)(C)C,openff-2.3.0rc1,3,0.7565833372034977,0.0002554681586678,0.7455000000000002,0.0002
33925,2740,dens_266175665931869051,430,Density,<Substance CCC#N{solv}{x=0.701400}|CCOC(C)(C)C{solv}{x=0.298600}>,CCC#N,CCOC(C)(C)C,openff-2.3.0rc1,3,0.7633860671892992,0.0002507903117696,0.7617000000000003,0.00035
33926,2741,dhmix_801664072836508009,431,EnthalpyOfMixing,<Substance CCC#N{solv}{x=0.301800}|CCOC(C)(C)C{solv}{x=0.698200}>,CCC#N,CCOC(C)(C)C,openff-2.3.0rc1,3,0.133545823629813,0.0405237854804938,0.4557,0.0062
33927,2742,dhmix_1220778152018571786,432,EnthalpyOfMixing,<Substance CCC#N{solv}{x=0.501400}|CCOC(C)(C)C{solv}{x=0.498600}>,CCC#N,CCOC(C)(C)C,openff-2.3.0rc1,3,0.0965204534338362,0.0405212691854662,0.5053,0.00685
33928,2743,dhmix_1838699488178562925,433,EnthalpyOfMixing,<Substance CCC#N{solv}{x=0.701400}|CCOC(C)(C)C{solv}{x=0.298600}>,CCC#N,CCOC(C)(C)C,openff-2.3.0rc1,3,0.1376696425413719,0.0379712257989275,0.4078,0.0056
33929,2744,dens_1870081876609026392,434,Density,<Substance CCC#N{solv}{x=0.501400}|CCOC(C)(C)C{solv}{x=0.498600}>,CCC#N,CCOC(C)(C)C,openff-2.3.0rc1,3,0.7603688645288673,0.0002308480332582,0.7532000000000002,0.0003
33930,2745,dens_205210513551931414,435,Density,<Substance CCCC#N{solv}{x=0.200000}|c1ccccc1{solv}{x=0.800000}>,CCCC#N,c1ccccc1,openff-2.3.0rc1,3,0.8570695001972506,0.0002263332566663,0.8576940000000002,5.400000000000001e-05
33931,2746,dens_841576887891022329,436,Density,<Substance CCCC#N{solv}{x=0.500000}|c1ccccc1{solv}{x=0.500000}>,CCCC#N,c1ccccc1,openff-2.3.0rc1,3,0.826789608390307,0.0002462495023719,0.8318550000000002,5.8000000000000014e-05
33932,2747,dhmix_901910638840590393,437,EnthalpyOfMixing,<Substance CCCC#N{solv}{x=0.503700}|c1ccccc1{solv}{x=0.496300}>,CCCC#N,c1ccccc1,openff-2.3.0rc1,3,-0.0368911888486493,0.0346470277324634,-0.0659,0.00145
33933,2748,dhmix_1123099162248680479,438,EnthalpyOfMixing,<Substance CCCC#N{solv}{x=0.752800}|c1ccccc1{solv}{x=0.247200}>,CCCC#N,c1ccccc1,openff-2.3.0rc1,3,-0.0100724760916222,0.0375310573961229,-0.0312,0.0008
33934,2749,dhmix_1318990508180847616,439,EnthalpyOfMixing,<Substance CCCC#N{solv}{x=0.252800}|c1ccccc1{solv}{x=0.747200}>,CCCC#N,c1ccccc1,openff-2.3.0rc1,3,0.0028096405939805,0.0360684770566538,-0.0571,0.00125
33935,2750,dens_1950627772023797339,440,Density,<Substance CCCC#N{solv}{x=0.700000}|c1ccccc1{solv}{x=0.300000}>,CCCC#N,c1ccccc1,openff-2.3.0rc1,3,0.8066804216284258,0.0002549557159687,0.8138540000000002,6.100000000000001e-05
33936,2751,dhmix_207411229673186667,441,EnthalpyOfMixing,<Substance CC(C)(C)Cl{solv}{x=0.774700}|CC(C)OC(C)C{solv}{x=0.225300}>,CC(C)(C)Cl,CC(C)OC(C)C,openff-2.3.0rc1,3,-0.0420103452137006,0.0326624958578404,0.0035,0.0004
33937,2752,dhmix_263164663491745943,442,EnthalpyOfMixing,<Substance CC(C)(C)Cl{solv}{x=0.551200}|CC(C)OC(C)C{solv}{x=0.448800}>,CC(C)(C)Cl,CC(C)OC(C)C,openff-2.3.0rc1,3,-0.1456871766367946,0.0397501514246987,0.0071,0.0004
33938,2753,dens_1527979990628499053,443,Density,<Substance CC(C)(C)Cl{solv}{x=0.514800}|CC(C)OC(C)C{solv}{x=0.485200}>,CC(C)(C)Cl,CC(C)OC(C)C,openff-2.3.0rc1,3,0.7913821322271192,0.0002410938030939,0.7723510000000002,0.00042
33939,2754,dens_1616242241384486673,444,Density,<Substance CC(C)(C)Cl{solv}{x=0.715200}|CC(C)OC(C)C{solv}{x=0.284800}>,CC(C)(C)Cl,CC(C)OC(C)C,openff-2.3.0rc1,3,0.8169590100716358,0.0003222124591023,0.7971450000000002,0.0003945
33940,2755,dens_2075469437997722238,445,Density,<Substance CC(C)(C)Cl{solv}{x=0.199100}|CC(C)OC(C)C{solv}{x=0.800900}>,CC(C)(C)Cl,CC(C)OC(C)C,openff-2.3.0rc1,3,0.7568888363955687,0.0002295669270259,0.7376660000000003,0.0004545
33941,2756,dhmix_2101531043492089277,446,EnthalpyOfMixing,<Substance CC(C)(C)Cl{solv}{x=0.219200}|CC(C)OC(C)C{solv}{x=0.780800}>,CC(C)(C)Cl,CC(C)OC(C)C,openff-2.3.0rc1,3,-0.0577954259323085,0.0473552680200704,0.007,0.0004
33942,2757,dens_210389881425986721,447,Density,<Substance C1COCO1{solv}{x=0.785000}|CCCCCC(C)=O{solv}{x=0.215000}>,C1COCO1,CCCCCC(C)=O,openff-2.3.0rc1,3,0.9886490996198022,0.0002430289304012,0.9696500000000002,0.0003
33943,2758,dhmix_503329310014436107,448,EnthalpyOfMixing,<Substance C1COCO1{solv}{x=0.750000}|CCCCCC(C)=O{solv}{x=0.250000}>,C1COCO1,CCCCCC(C)=O,openff-2.3.0rc1,3,0.4912115053712114,0.0387622556110605,0.37402,0.001955
33944,2759,dens_824084186033535550,449,Density,<Substance C1COCO1{solv}{x=0.507100}|CCCCCC(C)=O{solv}{x=0.492900}>,C1COCO1,CCCCCC(C)=O,openff-2.3.0rc1,3,0.8977654486832528,0.0002160404052078,0.8936300000000003,0.00034
33945,2760,dens_839548343309182157,450,Density,<Substance C1COCO1{solv}{x=0.244000}|CCCCCC(C)=O{solv}{x=0.756000}>,C1COCO1,CCCCCC(C)=O,openff-2.3.0rc1,3,0.8389967667056912,0.0002164375060151,0.8445200000000002,0.00038
33946,2761,dhmix_1519451899562488304,451,EnthalpyOfMixing,<Substance C1COCO1{solv}{x=0.250000}|CCCCCC(C)=O{solv}{x=0.750000}>,C1COCO1,CCCCCC(C)=O,openff-2.3.0rc1,3,0.4135826139002603,0.0476891506779093,0.2754,0.00155
33947,2762,dhmix_1874814461447958752,452,EnthalpyOfMixing,<Substance C1COCO1{solv}{x=0.500000}|CCCCCC(C)=O{solv}{x=0.500000}>,C1COCO1,CCCCCC(C)=O,openff-2.3.0rc1,3,0.5144091016895871,0.0426484536313296,0.43148,0.00217
33948,2763,dhmix_219236717194413479,453,EnthalpyOfMixing,<Substance CCOc1ccccc1{solv}{x=0.762500}|OCCCc1ccccc1{solv}{x=0.237500}>,CCOc1ccccc1,OCCCc1ccccc1,openff-2.3.0rc1,3,0.9293973267073454,0.0562045519617805,1.1164,0.01195
33949,2764,dens_391027492102555874,454,Density,<Substance CCOc1ccccc1{solv}{x=0.515000}|OCCCc1ccccc1{solv}{x=0.485000}>,CCOc1ccccc1,OCCCc1ccccc1,openff-2.3.0rc1,3,0.9710521496248776,0.0002701019239867,0.9715100000000002,0.00026
33950,2765,dens_603450583692592837,455,Density,<Substance CCOc1ccccc1{solv}{x=0.707400}|OCCCc1ccccc1{solv}{x=0.292600}>,CCOc1ccccc1,OCCCc1ccccc1,openff-2.3.0rc1,3,0.9633609685957598,0.0001701470970295,0.9634300000000002,0.00026
33951,2766,dhmix_1297428070131435744,456,EnthalpyOfMixing,<Substance CCOc1ccccc1{solv}{x=0.516900}|OCCCc1ccccc1{solv}{x=0.483100}>,CCOc1ccccc1,OCCCc1ccccc1,openff-2.3.0rc1,3,0.7953700579824954,0.049481850386125,0.989,0.0106
33952,2767,dens_1659818614169719187,457,Density,<Substance CCOc1ccccc1{solv}{x=0.216400}|OCCCc1ccccc1{solv}{x=0.783600}>,CCOc1ccccc1,OCCCc1ccccc1,openff-2.3.0rc1,3,0.9819968760331984,0.00019080198254,0.9832000000000004,0.00026
33953,2768,dhmix_2058966624473104004,458,EnthalpyOfMixing,<Substance CCOc1ccccc1{solv}{x=0.262900}|OCCCc1ccccc1{solv}{x=0.737100}>,CCOc1ccccc1,OCCCc1ccccc1,openff-2.3.0rc1,3,0.6147570015397434,0.0540695521494206,0.7,0.00755
33954,2769,dhmix_224977805525763267,459,EnthalpyOfMixing,<Substance OCCO{solv}{x=0.519300}|O{solv}{x=0.480700}>,O,OCCO,openff-2.3.0rc1,3,0.0906887524882282,0.0310466181087978,-0.64,0.0035
33955,2770,dhmix_454389511592218960,460,EnthalpyOfMixing,<Substance OCCO{solv}{x=0.790900}|O{solv}{x=0.209100}>,O,OCCO,openff-2.3.0rc1,3,0.1036360396887516,0.0352483487890009,-0.347,0.0025
33956,2771,dens_624011570206871166,461,Density,<Substance OCCO{solv}{x=0.500560}|O{solv}{x=0.499440}>,O,OCCO,openff-2.3.0rc1,3,1.1005696876435929,0.0003141225501613,1.0923200000000002,0.0005
33957,2772,dhmix_997365299263661959,462,EnthalpyOfMixing,<Substance OCCO{solv}{x=0.205100}|O{solv}{x=0.794900}>,O,OCCO,openff-2.3.0rc1,3,0.1826348289954147,0.0200109092406282,-0.681,0.004
33958,2773,dens_1521229282261002740,463,Density,<Substance OCCO{solv}{x=0.299010}|O{solv}{x=0.700990}>,O,OCCO,openff-2.3.0rc1,3,1.0730177786090007,0.0004096761186267,1.0735400000000002,0.0005
33959,2774,dens_2015496231826454735,464,Density,<Substance OCCO{solv}{x=0.706260}|O{solv}{x=0.293740}>,O,OCCO,openff-2.3.0rc1,3,1.119849189888417,0.0002873472924142,1.1022400000000003,0.0005
33960,2775,dhmix_230261418136264651,465,EnthalpyOfMixing,<Substance CCCCOC(C)=O{solv}{x=0.700700}|CCOC(C)=O{solv}{x=0.299300}>,CCCCOC(C)=O,CCOC(C)=O,openff-2.3.0rc1,3,0.0757329602173442,0.0454413140479255,0.0594,0.001
33961,2776,dhmix_287092636460772443,466,EnthalpyOfMixing,<Substance CCCCOC(C)=O{solv}{x=0.501800}|CCOC(C)=O{solv}{x=0.498200}>,CCCCOC(C)=O,CCOC(C)=O,openff-2.3.0rc1,3,-0.0028971717315542,0.0453872143874972,0.076,0.0012
33962,2777,dens_436289636626232396,467,Density,<Substance CCCCOC(C)=O{solv}{x=0.501800}|CCOC(C)=O{solv}{x=0.498200}>,CCCCOC(C)=O,CCOC(C)=O,openff-2.3.0rc1,3,0.8903777146293259,0.0002026239177817,0.8829000000000002,0.0002
33963,2778,dens_1739528506032569134,468,Density,<Substance CCCCOC(C)=O{solv}{x=0.201200}|CCOC(C)=O{solv}{x=0.798800}>,CCCCOC(C)=O,CCOC(C)=O,openff-2.3.0rc1,3,0.8984185825634255,0.0002243804313404,0.8889000000000001,0.0002
33964,2779,dhmix_1951544232160779982,469,EnthalpyOfMixing,<Substance CCCCOC(C)=O{solv}{x=0.201200}|CCOC(C)=O{solv}{x=0.798800}>,CCCCOC(C)=O,CCOC(C)=O,openff-2.3.0rc1,3,-0.0287430114018292,0.043712163887878,0.0524,0.0009
33965,2780,dens_2199004103648094822,470,Density,<Substance CCCCOC(C)=O{solv}{x=0.700700}|CCOC(C)=O{solv}{x=0.299300}>,CCCCOC(C)=O,CCOC(C)=O,openff-2.3.0rc1,3,0.8856978160773159,0.0002125185335103,0.8797000000000003,0.0002
33966,2781,dens_230610561971140401,471,Density,<Substance CN(C)CCO{solv}{x=0.507700}|O{solv}{x=0.492300}>,CN(C)CCO,O,openff-2.3.0rc1,3,0.9321261689433356,0.0003365105269726,0.9237220000000002,0.000504
33967,2782,dens_531222131704065782,472,Density,<Substance CN(C)CCO{solv}{x=0.765200}|O{solv}{x=0.234800}>,CN(C)CCO,O,openff-2.3.0rc1,3,0.9187470953207496,0.0002654166183812,0.8989030000000002,0.0005805
33968,2783,dhmix_569544738684419327,473,EnthalpyOfMixing,<Substance CN(C)CCO{solv}{x=0.536500}|O{solv}{x=0.463500}>,CN(C)CCO,O,openff-2.3.0rc1,3,-2.2243106591555417,0.0362823521379647,-2.575,0.0525
33969,2784,dens_1319192913326669904,474,Density,<Substance CN(C)CCO{solv}{x=0.264330}|O{solv}{x=0.735670}>,CN(C)CCO,O,openff-2.3.0rc1,3,0.949389338629622,0.0002422679743261,0.9590000000000002,0.0029
33970,2785,dhmix_1669606825693628140,475,EnthalpyOfMixing,<Substance CN(C)CCO{solv}{x=0.205200}|O{solv}{x=0.794800}>,CN(C)CCO,O,openff-2.3.0rc1,3,-1.3267549613946326,0.0242036555057265,-2.587,0.0525
33971,2786,dhmix_1723343163215510297,476,EnthalpyOfMixing,<Substance CN(C)CCO{solv}{x=0.799600}|O{solv}{x=0.200400}>,CN(C)CCO,O,openff-2.3.0rc1,3,-1.1814350886218676,0.0462414593969166,-1.247,0.0255
33972,2787,dens_233554406241639981,477,Density,<Substance CC(C)CC(C)(C)C{solv}{x=0.200000}|CCCCOCCCC{solv}{x=0.800000}>,CC(C)CC(C)(C)C,CCCCOCCCC,openff-2.3.0rc1,3,0.7497420515851205,0.0001932350789746,0.7497500000000001,0.00017
33973,2788,dhmix_465541682585001245,478,EnthalpyOfMixing,<Substance CC(C)CC(C)(C)C{solv}{x=0.200400}|CCCCOCCCC{solv}{x=0.799600}>,CC(C)CC(C)(C)C,CCCCOCCCC,openff-2.3.0rc1,3,0.2310135684723349,0.0558786782730842,0.07397,0.00099
33974,2789,dhmix_1505777056782392294,479,EnthalpyOfMixing,<Substance CC(C)CC(C)(C)C{solv}{x=0.400400}|CCCCOCCCC{solv}{x=0.599600}>,CC(C)CC(C)(C)C,CCCCOCCCC,openff-2.3.0rc1,3,0.2919052259667012,0.0434934273302551,0.11538,0.001385
33975,2790,dhmix_1595104467389948583,480,EnthalpyOfMixing,<Substance CC(C)CC(C)(C)C{solv}{x=0.700500}|CCCCOCCCC{solv}{x=0.299500}>,CC(C)CC(C)(C)C,CCCCOCCCC,openff-2.3.0rc1,3,0.2125845699547142,0.0587655677172229,0.10948,0.00133
33976,2791,dens_1672861274914038509,481,Density,<Substance CC(C)CC(C)(C)C{solv}{x=0.399700}|CCCCOCCCC{solv}{x=0.600300}>,CC(C)CC(C)(C)C,CCCCOCCCC,openff-2.3.0rc1,3,0.7378483405939068,0.0001386351784399,0.7348100000000001,0.000175
33977,2792,dens_1954694146948787176,482,Density,<Substance CC(C)CC(C)(C)C{solv}{x=0.700000}|CCCCOCCCC{solv}{x=0.300000}>,CC(C)CC(C)(C)C,CCCCOCCCC,openff-2.3.0rc1,3,0.7213545310773037,0.0001782697195543,0.7117300000000002,0.000185
33978,2793,dens_234746850701826990,483,Density,<Substance CC#N{solv}{x=0.700000}|CCCCCO{solv}{x=0.300000}>,CC#N,CCCCCO,openff-2.3.0rc1,3,0.7900783308085984,0.0002622210697351,0.7924200000000001,0.000165
33979,2794,dens_1261543146081029601,484,Density,<Substance CC#N{solv}{x=0.500300}|CCCCCO{solv}{x=0.499700}>,CC#N,CCCCCO,openff-2.3.0rc1,3,0.7997986367382331,0.0002513440995007,0.7996400000000001,0.000185
33980,2795,dens_1462197010819319813,485,Density,<Substance CC#N{solv}{x=0.203100}|CCCCCO{solv}{x=0.796900}>,CC#N,CCCCCO,openff-2.3.0rc1,3,0.8090763197683523,0.0002302021258919,0.8090600000000001,0.00022
33981,2796,dhmix_1595997756227951615,486,EnthalpyOfMixing,<Substance CC#N{solv}{x=0.235500}|CCCCCO{solv}{x=0.764500}>,CC#N,CCCCCO,openff-2.3.0rc1,3,1.409604376668092,0.0436858810857477,1.451,0.006
33982,2797,dhmix_1745037615762894827,487,EnthalpyOfMixing,<Substance CC#N{solv}{x=0.516700}|CCCCCO{solv}{x=0.483300}>,CC#N,CCCCCO,openff-2.3.0rc1,3,2.0698589251155575,0.0381969757808192,2.017,0.008
33983,2798,dhmix_2294048253872291609,488,EnthalpyOfMixing,<Substance CC#N{solv}{x=0.771100}|CCCCCO{solv}{x=0.228900}>,CC#N,CCCCCO,openff-2.3.0rc1,3,1.6685808137759413,0.0293691899160054,1.656,0.007
33984,2799,dens_237912652331354824,489,Density,<Substance C1COCCO1{solv}{x=0.512200}|CCCC(C)=O{solv}{x=0.487800}>,C1COCCO1,CCCC(C)=O,openff-2.3.0rc1,3,0.8985754230527664,0.0002273965639233,0.90478,0.00023
33985,2800,dhmix_951401191616771155,490,EnthalpyOfMixing,<Substance C1COCCO1{solv}{x=0.750000}|CCCC(C)=O{solv}{x=0.250000}>,C1COCCO1,CCCC(C)=O,openff-2.3.0rc1,3,0.255476100634354,0.0358878597873342,0.23761,0.00135
33986,2801,dens_1815088975543208186,491,Density,<Substance C1COCCO1{solv}{x=0.225400}|CCCC(C)=O{solv}{x=0.774600}>,C1COCCO1,CCCC(C)=O,openff-2.3.0rc1,3,0.8316990011082893,0.000217153109754,0.8442800000000001,0.00022
33987,2802,dens_2079717107234551519,492,Density,<Substance C1COCCO1{solv}{x=0.782300}|CCCC(C)=O{solv}{x=0.217700}>,C1COCCO1,CCCC(C)=O,openff-2.3.0rc1,3,0.97002327866088,0.000239784312944,0.9692000000000004,0.000245
33988,2803,dhmix_2166059870593139530,493,EnthalpyOfMixing,<Substance C1COCCO1{solv}{x=0.500000}|CCCC(C)=O{solv}{x=0.500000}>,C1COCCO1,CCCC(C)=O,openff-2.3.0rc1,3,0.3570979242437175,0.0388258557889544,0.26523,0.001455
33989,2804,dhmix_2196150660196365471,494,EnthalpyOfMixing,<Substance C1COCCO1{solv}{x=0.250000}|CCCC(C)=O{solv}{x=0.750000}>,C1COCCO1,CCCC(C)=O,openff-2.3.0rc1,3,0.0982160695650904,0.0422879545629734,0.1704,0.001085
33990,2805,dhmix_243334109655928306,495,EnthalpyOfMixing,<Substance C1CCOCC1{solv}{x=0.783200}|c1ccccc1{solv}{x=0.216800}>,C1CCOCC1,c1ccccc1,openff-2.3.0rc1,3,-0.0851368647072661,0.0437109667922173,-0.1399,0.00165
33991,2806,dens_257753427541292519,496,Density,<Substance C1CCOCC1{solv}{x=0.479400}|c1ccccc1{solv}{x=0.520600}>,C1CCOCC1,c1ccccc1,openff-2.3.0rc1,3,0.8757045930688472,0.0002149424243449,0.8778700000000003,0.000505
33992,2807,dhmix_604341867718608333,497,EnthalpyOfMixing,<Substance C1CCOCC1{solv}{x=0.242500}|c1ccccc1{solv}{x=0.757500}>,C1CCOCC1,c1ccccc1,openff-2.3.0rc1,3,0.0258135204718712,0.0439928843115998,-0.1608,0.00185
33993,2808,dens_791001710124267373,498,Density,<Substance C1CCOCC1{solv}{x=0.223900}|c1ccccc1{solv}{x=0.776100}>,C1CCOCC1,c1ccccc1,openff-2.3.0rc1,3,0.8781266441840503,0.0002406149095454,0.8761000000000002,0.0005
33994,2809,dens_1402061243325720407,499,Density,<Substance C1CCOCC1{solv}{x=0.743200}|c1ccccc1{solv}{x=0.256800}>,C1CCOCC1,c1ccccc1,openff-2.3.0rc1,3,0.8748367309707968,0.0002535512928762,0.8789500000000002,0.000505
33995,2810,dhmix_1407142629314355761,500,EnthalpyOfMixing,<Substance C1CCOCC1{solv}{x=0.498200}|c1ccccc1{solv}{x=0.501800}>,C1CCOCC1,c1ccccc1,openff-2.3.0rc1,3,-0.0841402929771391,0.0339210454899402,-0.2365,0.00265
33996,2811,dhmix_266800455813556356,501,EnthalpyOfMixing,<Substance CO{solv}{x=0.727200}|OCc1ccccc1{solv}{x=0.272800}>,CO,OCc1ccccc1,openff-2.3.0rc1,3,-0.0227221780860702,0.0313436450957569,-0.0792,0.001
33997,2812,dhmix_949671607207910651,502,EnthalpyOfMixing,<Substance CO{solv}{x=0.500500}|OCc1ccccc1{solv}{x=0.499500}>,CO,OCc1ccccc1,openff-2.3.0rc1,3,-0.1426915830192925,0.0379558499524476,-0.1408,0.00165
33998,2813,dhmix_1388744759732522219,503,EnthalpyOfMixing,<Substance CO{solv}{x=0.200200}|OCc1ccccc1{solv}{x=0.799800}>,CO,OCc1ccccc1,openff-2.3.0rc1,3,-0.0970559598459743,0.0407923129520858,-0.1081,0.0013
33999,2814,dens_270046772857960816,504,Density,<Substance C1CCOCC1{solv}{x=0.732100}|Cc1ccccc1{solv}{x=0.267900}>,C1CCOCC1,Cc1ccccc1,openff-2.3.0rc1,3,0.869869609316502,0.0002333780881813,0.8754100000000001,0.000505
34000,2815,dens_324774743687652276,505,Density,<Substance C1CCOCC1{solv}{x=0.238700}|Cc1ccccc1{solv}{x=0.761300}>,C1CCOCC1,Cc1ccccc1,openff-2.3.0rc1,3,0.8648508353402969,0.0002301158031363,0.8669900000000003,0.000505
34001,2816,dhmix_390107187187002597,506,EnthalpyOfMixing,<Substance C1CCOCC1{solv}{x=0.531900}|Cc1ccccc1{solv}{x=0.468100}>,C1CCOCC1,Cc1ccccc1,openff-2.3.0rc1,3,-0.1054852022644325,0.0418964142494196,-0.2225,0.0025
34002,2817,dhmix_1070320975529400325,507,EnthalpyOfMixing,<Substance C1CCOCC1{solv}{x=0.280600}|Cc1ccccc1{solv}{x=0.719400}>,C1CCOCC1,Cc1ccccc1,openff-2.3.0rc1,3,-0.1105568718007532,0.0406124849927217,-0.1687,0.00195
34003,2818,dens_1397318239527979287,508,Density,<Substance C1CCOCC1{solv}{x=0.491500}|Cc1ccccc1{solv}{x=0.508500}>,C1CCOCC1,Cc1ccccc1,openff-2.3.0rc1,3,0.8670681803035916,0.0001594590301275,0.8715100000000002,0.000505
34004,2819,dhmix_1508130989501940613,509,EnthalpyOfMixing,<Substance C1CCOCC1{solv}{x=0.741300}|Cc1ccccc1{solv}{x=0.258700}>,C1CCOCC1,Cc1ccccc1,openff-2.3.0rc1,3,-0.0248790271845962,0.0396889019210572,-0.1629,0.0019
34005,2820,dhmix_271732469428717581,510,EnthalpyOfMixing,<Substance COc1ccccc1{solv}{x=0.237400}|OCCCc1ccccc1{solv}{x=0.762600}>,COc1ccccc1,OCCCc1ccccc1,openff-2.3.0rc1,3,0.5900924560715879,0.0529210611138451,0.6076,0.0066
34006,2821,dhmix_1174392275991455181,511,EnthalpyOfMixing,<Substance COc1ccccc1{solv}{x=0.554700}|OCCCc1ccccc1{solv}{x=0.445300}>,COc1ccccc1,OCCCc1ccccc1,openff-2.3.0rc1,3,0.9348532297308764,0.0444598105078759,1.0293,0.01105
34007,2822,dhmix_1179341622676685107,512,EnthalpyOfMixing,<Substance COc1ccccc1{solv}{x=0.713600}|OCCCc1ccccc1{solv}{x=0.286400}>,COc1ccccc1,OCCCc1ccccc1,openff-2.3.0rc1,3,0.9608680367892432,0.0437389448141834,1.1088,0.0119
34008,2823,dens_1468428612899754720,513,Density,<Substance COc1ccccc1{solv}{x=0.747700}|OCCCc1ccccc1{solv}{x=0.252300}>,COc1ccccc1,OCCCc1ccccc1,openff-2.3.0rc1,3,0.9797231597510796,0.0001832633963915,0.9827800000000002,0.00026
34009,2824,dens_1534619098234859574,514,Density,<Substance COc1ccccc1{solv}{x=0.555100}|OCCCc1ccccc1{solv}{x=0.444900}>,COc1ccccc1,OCCCc1ccccc1,openff-2.3.0rc1,3,0.9818575374028722,0.0001992528402616,0.9852700000000002,0.00026
34010,2825,dens_2298154173340539222,515,Density,<Substance COc1ccccc1{solv}{x=0.263600}|OCCCc1ccccc1{solv}{x=0.736400}>,COc1ccccc1,OCCCc1ccccc1,openff-2.3.0rc1,3,0.9855599746686438,0.0002010729700954,0.9885500000000002,0.00026
34011,2826,dens_274848672468745759,516,Density,<Substance CCCCOC(C)=O{solv}{x=0.293400}|c1ccccc1{solv}{x=0.706600}>,CCCCOC(C)=O,c1ccccc1,openff-2.3.0rc1,3,0.8781316974523449,0.00024613976126,0.8736600000000002,0.00021
34012,2827,dens_493354132810710227,517,Density,<Substance CCCCOC(C)=O{solv}{x=0.710500}|c1ccccc1{solv}{x=0.289500}>,CCCCOC(C)=O,c1ccccc1,openff-2.3.0rc1,3,0.878916905819188,0.000187328225467,0.8751500000000002,0.000335
34013,2828,dhmix_754807126845437364,518,EnthalpyOfMixing,<Substance CCCCOC(C)=O{solv}{x=0.495800}|c1ccccc1{solv}{x=0.504200}>,CCCCOC(C)=O,c1ccccc1,openff-2.3.0rc1,3,-0.0512446962930042,0.0427709293953003,-0.0245,0.001
34014,2829,dens_834118541551127044,519,Density,<Substance CCCCOC(C)=O{solv}{x=0.504400}|c1ccccc1{solv}{x=0.495600}>,CCCCOC(C)=O,c1ccccc1,openff-2.3.0rc1,3,0.8783244431156294,0.0002113951028788,0.8744300000000002,0.000265
34015,2830,dhmix_1349932525480083284,520,EnthalpyOfMixing,<Substance CCCCOC(C)=O{solv}{x=0.252300}|c1ccccc1{solv}{x=0.747700}>,CCCCOC(C)=O,c1ccccc1,openff-2.3.0rc1,3,-0.065514467620936,0.041865858519016,-0.014,0.0009
34016,2831,dhmix_1597992980658352112,521,EnthalpyOfMixing,<Substance CCCCOC(C)=O{solv}{x=0.771400}|c1ccccc1{solv}{x=0.228600}>,CCCCOC(C)=O,c1ccccc1,openff-2.3.0rc1,3,0.0682542999798361,0.0483036845213547,-0.0245,0.001
34017,2832,dens_275501958869207518,522,Density,<Substance C1CCOCC1{solv}{x=0.226300}|Cc1ccccc1Cl{solv}{x=0.773700}>,C1CCOCC1,Cc1ccccc1Cl,openff-2.3.0rc1,3,1.0421085908513823,0.0002393042013806,1.0396,0.0005
34018,2833,dhmix_818597523255588519,523,EnthalpyOfMixing,<Substance C1CCOCC1{solv}{x=0.753300}|Cc1ccccc1Cl{solv}{x=0.246700}>,C1CCOCC1,Cc1ccccc1Cl,openff-2.3.0rc1,3,-0.2686587071737278,0.0450097070303842,-0.154,0.001
34019,2834,dhmix_849121557716978550,524,EnthalpyOfMixing,<Substance C1CCOCC1{solv}{x=0.517500}|Cc1ccccc1Cl{solv}{x=0.482500}>,C1CCOCC1,Cc1ccccc1Cl,openff-2.3.0rc1,3,-0.3184283378964352,0.0407005756744433,-0.22,0.0015
34020,2835,dens_946978292781731327,525,Density,<Substance C1CCOCC1{solv}{x=0.478400}|Cc1ccccc1Cl{solv}{x=0.521600}>,C1CCOCC1,Cc1ccccc1Cl,openff-2.3.0rc1,3,0.9918919176576751,0.0002461874772734,0.9931600000000002,0.00051
34021,2836,dhmix_997266220336132741,526,EnthalpyOfMixing,<Substance C1CCOCC1{solv}{x=0.263200}|Cc1ccccc1Cl{solv}{x=0.736800}>,C1CCOCC1,Cc1ccccc1Cl,openff-2.3.0rc1,3,-0.2265350127384948,0.0435466381375121,-0.175,0.001
34022,2837,dens_1191185394819541532,527,Density,<Substance C1CCOCC1{solv}{x=0.765800}|Cc1ccccc1Cl{solv}{x=0.234200}>,C1CCOCC1,Cc1ccccc1Cl,openff-2.3.0rc1,3,0.9300094220371772,0.0002259574453908,0.9336500000000002,0.000505
34023,2838,dhmix_278334692660393021,528,EnthalpyOfMixing,<Substance CCCCCCC{solv}{x=0.205900}|CNc1ccccc1{solv}{x=0.794100}>,CCCCCCC,CNc1ccccc1,openff-2.3.0rc1,3,1.529394868232913,0.0451074771664811,1.126,0.012
34024,2839,dens_480658478095207102,529,Density,<Substance CCCCCCC{solv}{x=0.740500}|CNc1ccccc1{solv}{x=0.259500}>,CCCCCCC,CNc1ccccc1,openff-2.3.0rc1,3,0.7354469023511795,0.0002056789546221,0.7424910000000001,0.00014
34025,2840,dhmix_898293423987680187,530,EnthalpyOfMixing,<Substance CCCCCCC{solv}{x=0.501700}|CNc1ccccc1{solv}{x=0.498300}>,CCCCCCC,CNc1ccccc1,openff-2.3.0rc1,3,2.1592312635152524,0.051123414464931,1.676,0.018
34026,2841,dens_1509968737377061562,531,Density,<Substance CCCCCCC{solv}{x=0.250900}|CNc1ccccc1{solv}{x=0.749100}>,CCCCCCC,CNc1ccccc1,openff-2.3.0rc1,3,0.8935428486235084,0.00017161338846,0.8897150000000003,0.0002615
34027,2842,dhmix_1680546488782143957,532,EnthalpyOfMixing,<Substance CCCCCCC{solv}{x=0.703200}|CNc1ccccc1{solv}{x=0.296800}>,CCCCCCC,CNc1ccccc1,openff-2.3.0rc1,3,1.935642957944566,0.0473951829584467,1.539,0.0165
34028,2843,dens_2074014246120135820,533,Density,<Substance CCCCCCC{solv}{x=0.497000}|CNc1ccccc1{solv}{x=0.503000}>,CCCCCCC,CNc1ccccc1,openff-2.3.0rc1,3,0.8082968894660525,0.0002192061745794,0.8106920000000002,0.0001785
34029,2844,dens_296890921001565391,534,Density,<Substance CCCCN{solv}{x=0.755200}|CN(C)C=O{solv}{x=0.244800}>,CCCCN,CN(C)C=O,openff-2.3.0rc1,3,0.7848346060315716,0.0002371652972391,0.7762150000000002,0.000949
34030,2845,dens_380536870617309130,535,Density,<Substance CCCCN{solv}{x=0.242800}|CN(C)C=O{solv}{x=0.757200}>,CCCCN,CN(C)C=O,openff-2.3.0rc1,3,0.8720390882749504,0.0002381284645218,0.8845160000000002,0.0010795
34031,2846,dhmix_493117160214491795,536,EnthalpyOfMixing,<Substance CCCCN{solv}{x=0.244100}|CN(C)C=O{solv}{x=0.755900}>,CCCCN,CN(C)C=O,openff-2.3.0rc1,3,0.0828023080838065,0.0410078796590452,0.245,0.008
34032,2847,dhmix_789225002934078019,537,EnthalpyOfMixing,<Substance CCCCN{solv}{x=0.750200}|CN(C)C=O{solv}{x=0.249800}>,CCCCN,CN(C)C=O,openff-2.3.0rc1,3,0.21389642904645,0.0401747346447998,0.32,0.01
34033,2848,dhmix_941321571782058819,538,EnthalpyOfMixing,<Substance CCCCN{solv}{x=0.499200}|CN(C)C=O{solv}{x=0.500800}>,CCCCN,CN(C)C=O,openff-2.3.0rc1,3,0.1826329394965569,0.0401306323023053,0.384,0.0115
34034,2849,dens_2179361372918836941,539,Density,<Substance CCCCN{solv}{x=0.497200}|CN(C)C=O{solv}{x=0.502800}>,CCCCN,CN(C)C=O,openff-2.3.0rc1,3,0.8268964629147542,0.000265340919574,0.8277360000000001,0.001011
34035,2850,dens_300257448272323407,540,Density,<Substance CC(C)O{solv}{x=0.745200}|NCCN{solv}{x=0.254800}>,CC(C)O,NCCN,openff-2.3.0rc1,3,0.8428581091761509,0.0002552483558517,0.8163970000000003,0.0002325
34036,2851,dens_924750366683277351,541,Density,<Substance CC(C)O{solv}{x=0.203100}|NCCN{solv}{x=0.796900}>,CC(C)O,NCCN,openff-2.3.0rc1,3,0.9471115394501608,0.0002986950154994,0.8736620000000003,0.0002225
34037,2852,dens_2284409308160572308,542,Density,<Substance CC(C)O{solv}{x=0.489100}|NCCN{solv}{x=0.510900}>,CC(C)O,NCCN,openff-2.3.0rc1,3,0.8888633659110698,0.0002409389496976,0.8449250000000001,0.0002245
34038,2853,dens_305501840068636812,543,Density,<Substance CC(C)=O{solv}{x=0.750000}|CCO{solv}{x=0.250000}>,CC(C)=O,CCO,openff-2.3.0rc1,3,0.7749761909996133,0.0002821394632013,0.7859000000000002,0.000115
34039,2854,dens_472577738907297293,544,Density,<Substance CC(C)=O{solv}{x=0.250000}|CCO{solv}{x=0.750000}>,CC(C)=O,CCO,openff-2.3.0rc1,3,0.784343597365533,0.0002851828156225,0.7861600000000002,0.000115
34040,2855,dens_2271083741716457850,545,Density,<Substance CC(C)=O{solv}{x=0.499900}|CCO{solv}{x=0.500100}>,CC(C)=O,CCO,openff-2.3.0rc1,3,0.7789125000450728,0.0003036049866232,0.7861900000000003,0.000115
34041,2856,dens_307445163336341047,546,Density,<Substance CN1CCCC1=O{solv}{x=0.703700}|ClCCCl{solv}{x=0.296300}>,CN1CCCC1=O,ClCCCl,openff-2.3.0rc1,3,1.0653078015055886,0.0002453830793887,1.0851000000000002,0.0002
34042,2857,dhmix_453866769634566853,547,EnthalpyOfMixing,<Substance CN1CCCC1=O{solv}{x=0.253100}|ClCCCl{solv}{x=0.746900}>,CN1CCCC1=O,ClCCCl,openff-2.3.0rc1,3,-0.3900830356225313,0.0333621921726152,-0.8118,0.01525
34043,2858,dhmix_536206650470008584,548,EnthalpyOfMixing,<Substance CN1CCCC1=O{solv}{x=0.500000}|ClCCCl{solv}{x=0.500000}>,CN1CCCC1=O,ClCCCl,openff-2.3.0rc1,3,-0.5158743427337544,0.0374504596352504,-1.264,0.0055
34044,2859,dens_1046625605566999080,549,Density,<Substance CN1CCCC1=O{solv}{x=0.202500}|ClCCCl{solv}{x=0.797500}>,CN1CCCC1=O,ClCCCl,openff-2.3.0rc1,3,1.1738876597903276,0.0003828634392929,1.1953000000000005,0.00025
34045,2860,dhmix_1620571823529677157,550,EnthalpyOfMixing,<Substance CN1CCCC1=O{solv}{x=0.736700}|ClCCCl{solv}{x=0.263300}>,CN1CCCC1=O,ClCCCl,openff-2.3.0rc1,3,-0.3454296045735283,0.0430212051131951,-0.8587,0.01605
34046,2861,dens_2059567022041766694,551,Density,<Substance CN1CCCC1=O{solv}{x=0.497500}|ClCCCl{solv}{x=0.502500}>,CN1CCCC1=O,ClCCCl,openff-2.3.0rc1,3,1.110621571050206,0.0003060847602858,1.1283000000000003,0.0002
34047,2862,dens_313234519309892479,552,Density,<Substance CC(=O)N(C)C{solv}{x=0.293800}|CCCCCCCCCl{solv}{x=0.706200}>,CC(=O)N(C)C,CCCCCCCCCl,openff-2.3.0rc1,3,0.8672776564389457,0.0001913353237415,0.8796000000000003,0.00045
34048,2863,dhmix_444785917463403590,553,EnthalpyOfMixing,<Substance CC(=O)N(C)C{solv}{x=0.703000}|CCCCCCCCCl{solv}{x=0.297000}>,CC(=O)N(C)C,CCCCCCCCCl,openff-2.3.0rc1,3,0.9330959185790206,0.0455882606877025,0.751,0.004
34049,2864,dhmix_705168937124106402,554,EnthalpyOfMixing,<Substance CC(=O)N(C)C{solv}{x=0.215000}|CCCCCCCCCl{solv}{x=0.785000}>,CC(=O)N(C)C,CCCCCCCCCl,openff-2.3.0rc1,3,0.7313446576233815,0.0487255941527227,0.519,0.0035
34050,2865,dens_1549584991651515376,555,Density,<Substance CC(=O)N(C)C{solv}{x=0.502200}|CCCCCCCCCl{solv}{x=0.497800}>,CC(=O)N(C)C,CCCCCCCCCl,openff-2.3.0rc1,3,0.874421853644537,0.0001973204048596,0.8902000000000002,0.0004
34051,2866,dhmix_1732161251827083272,556,EnthalpyOfMixing,<Substance CC(=O)N(C)C{solv}{x=0.508000}|CCCCCCCCCl{solv}{x=0.492000}>,CC(=O)N(C)C,CCCCCCCCCl,openff-2.3.0rc1,3,1.110011810291141,0.0482128077085445,0.829,0.004
34052,2867,dens_2189889607118243828,557,Density,<Substance CC(=O)N(C)C{solv}{x=0.700500}|CCCCCCCCCl{solv}{x=0.299500}>,CC(=O)N(C)C,CCCCCCCCCl,openff-2.3.0rc1,3,0.882523285646778,0.0002114171651096,0.9041000000000002,0.00035
34053,2868,dens_314482396827660717,558,Density,<Substance BrCCBr{solv}{x=0.753700}|COC(C)=O{solv}{x=0.246300}>,BrCCBr,COC(C)=O,openff-2.3.0rc1,3,1.8428090098889136,0.000428983960241,1.8774400000000004,0.003355
34054,2869,dens_344993892965738820,559,Density,<Substance BrCCBr{solv}{x=0.275200}|COC(C)=O{solv}{x=0.724800}>,BrCCBr,COC(C)=O,openff-2.3.0rc1,3,1.2824837835009288,0.0004428029437675,1.2862400000000005,0.001125
34055,2870,dhmix_545996968666061076,560,EnthalpyOfMixing,<Substance BrCCBr{solv}{x=0.720900}|COC(C)=O{solv}{x=0.279100}>,BrCCBr,COC(C)=O,openff-2.3.0rc1,3,0.2920155059857574,0.0336966642857032,0.2594,0.0028
34056,2871,dens_714044009336077786,561,Density,<Substance BrCCBr{solv}{x=0.512100}|COC(C)=O{solv}{x=0.487900}>,BrCCBr,COC(C)=O,openff-2.3.0rc1,3,1.5704674768908315,0.0005099370093991,1.5834900000000005,0.0021
34057,2872,dhmix_1222511035002547253,562,EnthalpyOfMixing,<Substance BrCCBr{solv}{x=0.485500}|COC(C)=O{solv}{x=0.514500}>,BrCCBr,COC(C)=O,openff-2.3.0rc1,3,0.1488871713938309,0.0332556196905698,0.2577,0.00275
34058,2873,dhmix_1418101673429653456,563,EnthalpyOfMixing,<Substance BrCCBr{solv}{x=0.250800}|COC(C)=O{solv}{x=0.749200}>,BrCCBr,COC(C)=O,openff-2.3.0rc1,3,0.1012478695832399,0.0339969105689813,0.1202,0.0017
34059,2874,dens_314934747194338330,564,Density,<Substance CC(C)CCl{solv}{x=0.513700}|CC(C)OC(C)C{solv}{x=0.486300}>,CC(C)CCl,CC(C)OC(C)C,openff-2.3.0rc1,3,0.7933209495138739,0.000282825416419,0.7878250000000002,0.000405
34060,2875,dhmix_355399496844187096,565,EnthalpyOfMixing,<Substance CC(C)CCl{solv}{x=0.545300}|CC(C)OC(C)C{solv}{x=0.454700}>,CC(C)CCl,CC(C)OC(C)C,openff-2.3.0rc1,3,-0.197615316616762,0.0435723731535273,-0.0957,0.0012
34061,2876,dens_688062365117407068,566,Density,<Substance CC(C)CCl{solv}{x=0.805900}|CC(C)OC(C)C{solv}{x=0.194100}>,CC(C)CCl,CC(C)OC(C)C,openff-2.3.0rc1,3,0.8311437194977409,0.0002643507084867,0.8355300000000002,0.0003555
34062,2877,dhmix_1411881046585885461,567,EnthalpyOfMixing,<Substance CC(C)CCl{solv}{x=0.090700}|CC(C)OC(C)C{solv}{x=0.909300}>,CC(C)CCl,CC(C)OC(C)C,openff-2.3.0rc1,3,-0.0910686168724339,0.0536447229327822,-0.0302,0.00055
34063,2878,dens_1762455266351712367,568,Density,<Substance CC(C)CCl{solv}{x=0.091000}|CC(C)OC(C)C{solv}{x=0.909000}>,CC(C)CCl,CC(C)OC(C)C,openff-2.3.0rc1,3,0.7459659559896582,0.0002373092851307,0.7293950000000001,0.000464
34064,2879,dhmix_2302865667781063708,569,EnthalpyOfMixing,<Substance CC(C)CCl{solv}{x=0.727000}|CC(C)OC(C)C{solv}{x=0.273000}>,CC(C)CCl,CC(C)OC(C)C,openff-2.3.0rc1,3,-0.1312266879696864,0.0446189934091497,-0.0791,0.001
34065,2880,dens_321327254341950207,570,Density,<Substance C1COCCO1{solv}{x=0.780300}|CCCCCC(C)=O{solv}{x=0.219700}>,C1COCCO1,CCCCCC(C)=O,openff-2.3.0rc1,3,0.9589565124774182,0.0002395027221395,0.9576500000000002,0.0003
34066,2881,dens_377701756930918353,571,Density,<Substance C1COCCO1{solv}{x=0.500600}|CCCCCC(C)=O{solv}{x=0.499400}>,C1COCCO1,CCCCCC(C)=O,openff-2.3.0rc1,3,0.8877769644670904,0.0002216842193308,0.8916700000000002,0.000345
34067,2882,dhmix_600625644134907580,572,EnthalpyOfMixing,<Substance C1COCCO1{solv}{x=0.500000}|CCCCCC(C)=O{solv}{x=0.500000}>,C1COCCO1,CCCCCC(C)=O,openff-2.3.0rc1,3,0.6068682920908373,0.0455037080255881,0.4509,0.002255
34068,2883,dens_1451069448215305244,573,Density,<Substance C1COCCO1{solv}{x=0.220300}|CCCCCC(C)=O{solv}{x=0.779700}>,C1COCCO1,CCCCCC(C)=O,openff-2.3.0rc1,3,0.8332300698580116,0.0002134644173435,0.8420800000000003,0.000385
34069,2884,dhmix_2028813035406256788,574,EnthalpyOfMixing,<Substance C1COCCO1{solv}{x=0.750000}|CCCCCC(C)=O{solv}{x=0.250000}>,C1COCCO1,CCCCCC(C)=O,openff-2.3.0rc1,3,0.4878823010646442,0.0374710205834673,0.4064,0.00209
34070,2885,dhmix_2222211577832383320,575,EnthalpyOfMixing,<Substance C1COCCO1{solv}{x=0.250000}|CCCCCC(C)=O{solv}{x=0.750000}>,C1COCCO1,CCCCCC(C)=O,openff-2.3.0rc1,3,0.2700820553827299,0.0470774098124668,0.2911,0.00164
34071,2886,dhmix_325212618372456630,576,EnthalpyOfMixing,<Substance CCCCCCC{solv}{x=0.500000}|c1ccccc1{solv}{x=0.500000}>,CCCCCCC,c1ccccc1,openff-2.3.0rc1,3,1.3535780090341234,0.0419968099864871,0.9235,0.0051
34072,2887,dhmix_409350268177199962,577,EnthalpyOfMixing,<Substance CCCCCCC{solv}{x=0.751900}|c1ccccc1{solv}{x=0.248100}>,CCCCCCC,c1ccccc1,openff-2.3.0rc1,3,0.7961614462132758,0.0470493217822141,0.6047,0.0035
34073,2888,dens_1685942387769177799,578,Density,<Substance CCCCCCC{solv}{x=0.913667}|c1ccccc1{solv}{x=0.086333}>,CCCCCCC,c1ccccc1,openff-2.3.0rc1,3,0.6800081972110168,0.0002248591500688,0.6892400000000002,0.000805
34074,2889,dens_2148382258223830900,579,Density,<Substance CCCCCCC{solv}{x=0.273700}|c1ccccc1{solv}{x=0.726300}>,CCCCCCC,c1ccccc1,openff-2.3.0rc1,3,0.7834396101296843,0.0002598439598324,0.7855000000000002,0.00015
34075,2890,dens_2219829254239605828,580,Density,<Substance CCCCCCC{solv}{x=0.492200}|c1ccccc1{solv}{x=0.507800}>,CCCCCCC,c1ccccc1,openff-2.3.0rc1,3,0.7356538901621011,0.0002452616514164,0.7409000000000001,0.00015
34076,2891,dhmix_2296565820723783732,581,EnthalpyOfMixing,<Substance CCCCCCC{solv}{x=0.242400}|c1ccccc1{solv}{x=0.757600}>,CCCCCCC,c1ccccc1,openff-2.3.0rc1,3,1.054650508157252,0.0448501282315808,0.7775,0.0044
34077,2892,dens_326446104630354701,582,Density,<Substance BrCCBr{solv}{x=0.728600}|CCC(=O)OC{solv}{x=0.271400}>,BrCCBr,CCC(=O)OC,openff-2.3.0rc1,3,1.765914715840247,0.0006454888964609,1.7949900000000003,0.00303
34078,2893,dens_886315086380393150,583,Density,<Substance BrCCBr{solv}{x=0.494400}|CCC(=O)OC{solv}{x=0.505600}>,BrCCBr,CCC(=O)OC,openff-2.3.0rc1,3,1.4749743048946005,0.0004994075014374,1.4941800000000005,0.001825
34079,2894,dhmix_1410129135672303476,584,EnthalpyOfMixing,<Substance BrCCBr{solv}{x=0.491400}|CCC(=O)OC{solv}{x=0.508600}>,BrCCBr,CCC(=O)OC,openff-2.3.0rc1,3,-0.0941089370223453,0.0389133233847767,0.0195,0.00185
34080,2895,dhmix_1551714230583118668,585,EnthalpyOfMixing,<Substance BrCCBr{solv}{x=0.755400}|CCC(=O)OC{solv}{x=0.244600}>,BrCCBr,CCC(=O)OC,openff-2.3.0rc1,3,0.0688452679110618,0.0322782738273683,0.09,0.00295
34081,2896,dhmix_1596310059176209101,586,EnthalpyOfMixing,<Substance BrCCBr{solv}{x=0.214800}|CCC(=O)OC{solv}{x=0.785200}>,BrCCBr,CCC(=O)OC,openff-2.3.0rc1,3,-0.1111507022816518,0.041014307098638,-0.0281,0.002
34082,2897,dens_1860027304017736150,587,Density,<Substance BrCCBr{solv}{x=0.257000}|CCC(=O)OC{solv}{x=0.743000}>,BrCCBr,CCC(=O)OC,openff-2.3.0rc1,3,1.1940620857426332,0.0003305746537688,1.2059400000000002,0.000915
34083,2898,dhmix_334328961632702336,588,EnthalpyOfMixing,<Substance Cc1ccccc1N{solv}{x=0.492600}|Cc1cccnc1{solv}{x=0.507400}>,Cc1ccccc1N,Cc1cccnc1,openff-2.3.0rc1,3,-1.257041575532899,0.0442966402522859,-1.4091,0.0287
34084,2899,dhmix_382843935535082222,589,EnthalpyOfMixing,<Substance Cc1ccccc1N{solv}{x=0.232300}|Cc1cccnc1{solv}{x=0.767700}>,Cc1ccccc1N,Cc1cccnc1,openff-2.3.0rc1,3,-0.94095937794898,0.0484067946753727,-1.1196,0.02285
34085,2900,dens_890019852111400701,590,Density,<Substance Cc1ccccc1N{solv}{x=0.533600}|Cc1cccnc1{solv}{x=0.466400}>,Cc1ccccc1N,Cc1cccnc1,openff-2.3.0rc1,3,0.9876602205714198,0.0002276557049497,0.9795770000000004,0.0001185
34086,2901,dens_1033313642915027277,591,Density,<Substance Cc1ccccc1N{solv}{x=0.737200}|Cc1cccnc1{solv}{x=0.262800}>,Cc1ccccc1N,Cc1cccnc1,openff-2.3.0rc1,3,1.000737403976936,0.0002237836481681,0.9867010000000004,0.000118
34087,2902,dhmix_1057104304179164775,592,EnthalpyOfMixing,<Substance Cc1ccccc1N{solv}{x=0.778900}|Cc1cccnc1{solv}{x=0.221100}>,Cc1ccccc1N,Cc1cccnc1,openff-2.3.0rc1,3,-0.8472629192309036,0.0436772291683721,-0.8735,0.01785
34088,2903,dens_1445313714023685702,593,Density,<Substance Cc1ccccc1N{solv}{x=0.246700}|Cc1cccnc1{solv}{x=0.753300}>,Cc1ccccc1N,Cc1cccnc1,openff-2.3.0rc1,3,0.9669477816255972,0.0001778384728309,0.9668750000000004,0.00012
34089,2904,dens_335631113096608920,594,Density,<Substance CCC(C)=O{solv}{x=0.501800}|CCCCNCCCC{solv}{x=0.498200}>,CCC(C)=O,CCCCNCCCC,openff-2.3.0rc1,3,0.7654121561556754,0.0001454351878685,0.7693960000000002,9.950000000000003e-05
34090,2905,dhmix_551451232292287572,595,EnthalpyOfMixing,<Substance CCC(C)=O{solv}{x=0.215400}|CCCCNCCCC{solv}{x=0.784600}>,CCC(C)=O,CCCCNCCCC,openff-2.3.0rc1,3,0.3063826822759807,0.0534849129439694,0.417,0.0045
34091,2906,dens_800787154192710377,596,Density,<Substance CCC(C)=O{solv}{x=0.260300}|CCCCNCCCC{solv}{x=0.739700}>,CCC(C)=O,CCCCNCCCC,openff-2.3.0rc1,3,0.7619641727822924,0.0002192470019907,0.7614750000000002,0.0001005
34092,2907,dhmix_1210431916849512476,597,EnthalpyOfMixing,<Substance CCC(C)=O{solv}{x=0.504400}|CCCCNCCCC{solv}{x=0.495600}>,CCC(C)=O,CCCCNCCCC,openff-2.3.0rc1,3,0.3167919201642348,0.0453695290132188,0.619,0.0065
34093,2908,dhmix_1503682496766473076,598,EnthalpyOfMixing,<Substance CCC(C)=O{solv}{x=0.792200}|CCCCNCCCC{solv}{x=0.207800}>,CCC(C)=O,CCCCNCCCC,openff-2.3.0rc1,3,0.1446277625456993,0.0379862612522737,0.425,0.0045
34094,2909,dens_2232561341275312196,599,Density,<Substance CCC(C)=O{solv}{x=0.747300}|CCCCNCCCC{solv}{x=0.252700}>,CCC(C)=O,CCCCNCCCC,openff-2.3.0rc1,3,0.7707450411406834,0.000223703724943,0.7810500000000001,9.750000000000004e-05
34095,2910,dhmix_335934546122425398,600,EnthalpyOfMixing,<Substance C1CCOCC1{solv}{x=0.550000}|O=C1CCCC1{solv}{x=0.450000}>,C1CCOCC1,O=C1CCCC1,openff-2.3.0rc1,3,0.0956779040500208,0.0414106188578017,0.15813,0.001
34096,2911,dhmix_337659115721770978,601,EnthalpyOfMixing,<Substance C1CCOCC1{solv}{x=0.250000}|O=C1CCCC1{solv}{x=0.750000}>,C1CCOCC1,O=C1CCCC1,openff-2.3.0rc1,3,0.0696398178539681,0.0402072227645181,0.11325,0.00084
34097,2912,dens_579415285212890284,602,Density,<Substance C1CCOCC1{solv}{x=0.708000}|O=C1CCCC1{solv}{x=0.292000}>,C1CCOCC1,O=C1CCCC1,openff-2.3.0rc1,3,0.884564142734149,0.0002439280981557,0.8972200000000002,0.00023
34098,2913,dens_788777315764582180,603,Density,<Substance C1CCOCC1{solv}{x=0.549800}|O=C1CCCC1{solv}{x=0.450200}>,C1CCOCC1,O=C1CCCC1,openff-2.3.0rc1,3,0.8912272017198429,0.0002239526226584,0.9073000000000002,0.000235
34099,2914,dens_1539654406736576807,604,Density,<Substance C1CCOCC1{solv}{x=0.235400}|O=C1CCCC1{solv}{x=0.764600}>,C1CCOCC1,O=C1CCCC1,openff-2.3.0rc1,3,0.9045367587116072,0.0002088599475164,0.9281000000000004,0.00024
34100,2915,dhmix_1706969020375394315,605,EnthalpyOfMixing,<Substance C1CCOCC1{solv}{x=0.750000}|O=C1CCCC1{solv}{x=0.250000}>,C1CCOCC1,O=C1CCCC1,openff-2.3.0rc1,3,0.1360224822939741,0.0418935294997369,0.12811,0.000895
34101,2916,dens_337077748334497354,606,Density,<Substance CN1CCCCC1{solv}{x=0.245200}|O{solv}{x=0.754800}>,CN1CCCCC1,O,openff-2.3.0rc1,3,0.8916315044441288,0.0003545884329214,0.9038110000000004,9.700000000000004e-05
34102,2917,dens_1619467922469494964,607,Density,<Substance CN1CCCCC1{solv}{x=0.790700}|O{solv}{x=0.209300}>,CN1CCCCC1,O,openff-2.3.0rc1,3,0.84468071109831,0.0002268190113341,0.8260470000000002,0.000108
34103,2918,dens_1725290505257505407,608,Density,<Substance CN1CCCCC1{solv}{x=0.505000}|O{solv}{x=0.495000}>,CN1CCCCC1,O,openff-2.3.0rc1,3,0.8617662710762357,0.0002419641406478,0.8581580000000002,9.450000000000002e-05
34104,2919,dhmix_344305070199657817,609,EnthalpyOfMixing,<Substance CC(C)CC(C)(C)C{solv}{x=0.200300}|CCCO{solv}{x=0.799700}>,CC(C)CC(C)(C)C,CCCO,openff-2.3.0rc1,3,0.3917712268278492,0.0399413094021056,0.308,0.0055
34105,2920,dens_1020839744665732433,610,Density,<Substance CC(C)CC(C)(C)C{solv}{x=0.200100}|CCCO{solv}{x=0.799900}>,CC(C)CC(C)(C)C,CCCO,openff-2.3.0rc1,3,0.7632717358980816,0.0002192946598997,0.7589500000000002,0.00029
34106,2921,dens_1348847431810734601,611,Density,<Substance CC(C)CC(C)(C)C{solv}{x=0.700000}|CCCO{solv}{x=0.300000}>,CC(C)CC(C)(C)C,CCCO,openff-2.3.0rc1,3,0.7179064490974988,0.0001841482224492,0.7046500000000001,0.00028
34107,2922,dhmix_1376194238727172922,612,EnthalpyOfMixing,<Substance CC(C)CC(C)(C)C{solv}{x=0.499800}|CCCO{solv}{x=0.500200}>,CC(C)CC(C)(C)C,CCCO,openff-2.3.0rc1,3,0.8382749023606806,0.0408108406280395,0.6025,0.0027
34108,2923,dhmix_1868873434415785592,613,EnthalpyOfMixing,<Substance CC(C)CC(C)(C)C{solv}{x=0.699900}|CCCO{solv}{x=0.300100}>,CC(C)CC(C)(C)C,CCCO,openff-2.3.0rc1,3,0.8121236283071767,0.0407044100301266,0.6544,0.0029
34109,2924,dens_1870552320710773195,614,Density,<Substance CC(C)CC(C)(C)C{solv}{x=0.500000}|CCCO{solv}{x=0.500000}>,CC(C)CC(C)(C)C,CCCO,openff-2.3.0rc1,3,0.7320309344859343,0.0002058416611578,0.7214400000000002,0.00028
34110,2925,dens_344701479262570906,615,Density,<Substance C1CCOCC1{solv}{x=0.246100}|Cc1cccnc1{solv}{x=0.753900}>,C1CCOCC1,Cc1cccnc1,openff-2.3.0rc1,3,0.9287946708466172,0.0001586826553042,0.9348570000000002,0.0004915
34111,2926,dhmix_772935681699310364,616,EnthalpyOfMixing,<Substance C1CCOCC1{solv}{x=0.480300}|Cc1cccnc1{solv}{x=0.519700}>,C1CCOCC1,Cc1cccnc1,openff-2.3.0rc1,3,0.0044745764476559,0.0399853947404932,0.1271,0.00115
34112,2927,dens_1179184695460672925,617,Density,<Substance C1CCOCC1{solv}{x=0.756800}|Cc1cccnc1{solv}{x=0.243200}>,C1CCOCC1,Cc1cccnc1,openff-2.3.0rc1,3,0.891053196587313,0.0002220562315533,0.8976640000000002,0.0004655
34113,2928,dens_1273033541520518804,618,Density,<Substance C1CCOCC1{solv}{x=0.482700}|Cc1cccnc1{solv}{x=0.517300}>,C1CCOCC1,Cc1cccnc1,openff-2.3.0rc1,3,0.911505506832009,0.0002209120426796,0.9179640000000002,0.00048
34114,2929,dhmix_1594947441282636711,619,EnthalpyOfMixing,<Substance C1CCOCC1{solv}{x=0.735500}|Cc1cccnc1{solv}{x=0.264500}>,C1CCOCC1,Cc1cccnc1,openff-2.3.0rc1,3,0.043720601174229,0.0455225534882253,0.0924,0.00095
34115,2930,dhmix_2075643137470349800,620,EnthalpyOfMixing,<Substance C1CCOCC1{solv}{x=0.273200}|Cc1cccnc1{solv}{x=0.726800}>,C1CCOCC1,Cc1cccnc1,openff-2.3.0rc1,3,-0.0020693191355078,0.0441432534766834,0.1036,0.001
34116,2931,dhmix_346841872844739570,621,EnthalpyOfMixing,<Substance CC#N{solv}{x=0.700700}|CCOC(C)(C)C{solv}{x=0.299300}>,CC#N,CCOC(C)(C)C,openff-2.3.0rc1,3,0.2408400991526669,0.0356732904732954,0.6176,0.0084
34117,2932,dhmix_840136828933604757,622,EnthalpyOfMixing,<Substance CC#N{solv}{x=0.199000}|CCOC(C)(C)C{solv}{x=0.801000}>,CC#N,CCOC(C)(C)C,openff-2.3.0rc1,3,0.049926489269211,0.0403330568636774,0.4418,0.006
34118,2933,dhmix_1934525864391020215,623,EnthalpyOfMixing,<Substance CC#N{solv}{x=0.501600}|CCOC(C)(C)C{solv}{x=0.498400}>,CC#N,CCOC(C)(C)C,openff-2.3.0rc1,3,0.2100772028004546,0.0391086284247619,0.7098,0.00965
34119,2934,dens_1954735606040559695,624,Density,<Substance CC#N{solv}{x=0.700700}|CCOC(C)(C)C{solv}{x=0.299300}>,CC#N,CCOC(C)(C)C,openff-2.3.0rc1,3,0.7623435703239784,0.0002265775910585,0.7595000000000002,0.00045
34120,2935,dens_2173310521496796694,625,Density,<Substance CC#N{solv}{x=0.501600}|CCOC(C)(C)C{solv}{x=0.498400}>,CC#N,CCOC(C)(C)C,openff-2.3.0rc1,3,0.7600000297209263,0.0001791589468739,0.7510000000000002,0.00035
34121,2936,dens_2235331649530959984,626,Density,<Substance CC#N{solv}{x=0.199000}|CCOC(C)(C)C{solv}{x=0.801000}>,CC#N,CCOC(C)(C)C,openff-2.3.0rc1,3,0.754619738164783,0.0002305080736381,0.7408000000000001,0.00015
34122,2937,dhmix_355078149157572999,627,EnthalpyOfMixing,<Substance OCCOCCO{solv}{x=0.790600}|O{solv}{x=0.209400}>,O,OCCOCCO,openff-2.3.0rc1,3,-0.0622746074686375,0.0474051182827832,-0.521,0.003
34123,2938,dhmix_514261244195159379,628,EnthalpyOfMixing,<Substance OCCOCCO{solv}{x=0.300400}|O{solv}{x=0.699600}>,O,OCCOCCO,openff-2.3.0rc1,3,-0.3733194874620302,0.0294921892217684,-1.245,0.0065
34124,2939,dhmix_1512634639127890343,629,EnthalpyOfMixing,<Substance OCCOCCO{solv}{x=0.501000}|O{solv}{x=0.499000}>,O,OCCOCCO,openff-2.3.0rc1,3,-0.2539914762984594,0.0356283123527594,-1.149,0.0065
34125,2940,dens_1532732041743097130,630,Density,<Substance OCCOCCO{solv}{x=0.500600}|O{solv}{x=0.499400}>,O,OCCOCCO,openff-2.3.0rc1,3,1.1143554205945516,0.0003271384896223,1.1070700000000002,0.00026
34126,2941,dens_1948924545926470959,631,Density,<Substance OCCOCCO{solv}{x=0.700300}|O{solv}{x=0.299700}>,O,OCCOCCO,openff-2.3.0rc1,3,1.1243529909203722,0.0003477187363966,1.1111900000000003,0.000285
34127,2942,dens_2114974877291939954,632,Density,<Substance OCCOCCO{solv}{x=0.301000}|O{solv}{x=0.699000}>,O,OCCOCCO,openff-2.3.0rc1,3,1.09444406159044,0.0002373543051907,1.0958900000000005,0.000305
34128,2943,dhmix_355690558520209737,633,EnthalpyOfMixing,<Substance CC(C)CC(C)(C)C{solv}{x=0.774800}|CC(C)OC(C)C{solv}{x=0.225200}>,CC(C)CC(C)(C)C,CC(C)OC(C)C,openff-2.3.0rc1,3,0.2610011563325827,0.0549308291336939,0.132161,0.001556
34129,2944,dens_706481868145479619,634,Density,<Substance CC(C)CC(C)(C)C{solv}{x=0.250000}|CC(C)OC(C)C{solv}{x=0.750000}>,CC(C)CC(C)(C)C,CC(C)OC(C)C,openff-2.3.0rc1,3,0.7268803071657518,0.0002225118549912,0.7090800000000002,0.000155
34130,2945,dens_960755156711549154,635,Density,<Substance CC(C)CC(C)(C)C{solv}{x=0.750000}|CC(C)OC(C)C{solv}{x=0.250000}>,CC(C)CC(C)(C)C,CC(C)OC(C)C,openff-2.3.0rc1,3,0.7100381281469212,0.0001751229796099,0.6937500000000002,0.000155
34131,2946,dens_1165117582450092341,636,Density,<Substance CC(C)CC(C)(C)C{solv}{x=0.500900}|CC(C)OC(C)C{solv}{x=0.499100}>,CC(C)CC(C)(C)C,CC(C)OC(C)C,openff-2.3.0rc1,3,0.7169203346375036,0.0002111425802353,0.7005900000000002,0.000105
34132,2947,dhmix_1819714300540494359,637,EnthalpyOfMixing,<Substance CC(C)CC(C)(C)C{solv}{x=0.512500}|CC(C)OC(C)C{solv}{x=0.487500}>,CC(C)CC(C)(C)C,CC(C)OC(C)C,openff-2.3.0rc1,3,0.4855510352409737,0.0391967197962983,0.197047,0.002233
34133,2948,dhmix_2031984064821599856,638,EnthalpyOfMixing,<Substance CC(C)CC(C)(C)C{solv}{x=0.269300}|CC(C)OC(C)C{solv}{x=0.730700}>,CC(C)CC(C)(C)C,CC(C)OC(C)C,openff-2.3.0rc1,3,0.3110732251310466,0.0460215496574721,0.158983,0.0018345
34134,2949,dens_357198687829738077,639,Density,<Substance C1CCOCC1{solv}{x=0.223500}|CCCCCC(C)=O{solv}{x=0.776500}>,C1CCOCC1,CCCCCC(C)=O,openff-2.3.0rc1,3,0.8109401209754603,0.0001852371904933,0.8221200000000002,0.000375
34135,2950,dens_1074719884132299485,640,Density,<Substance C1CCOCC1{solv}{x=0.516600}|CCCCCC(C)=O{solv}{x=0.483400}>,C1CCOCC1,CCCCCC(C)=O,openff-2.3.0rc1,3,0.8295075685268337,0.0002079129146071,0.8396100000000002,0.00032
34136,2951,dens_1427208283653313137,641,Density,<Substance C1CCOCC1{solv}{x=0.710100}|CCCCCC(C)=O{solv}{x=0.289900}>,C1CCOCC1,CCCCCC(C)=O,openff-2.3.0rc1,3,0.8439252931666335,0.000213286157444,0.8534200000000002,0.000285
34137,2952,dhmix_1485904869507380555,642,EnthalpyOfMixing,<Substance C1CCOCC1{solv}{x=0.500000}|CCCCCC(C)=O{solv}{x=0.500000}>,C1CCOCC1,CCCCCC(C)=O,openff-2.3.0rc1,3,0.1789840393100732,0.0385191964035641,0.05773,0.000615
34138,2953,dhmix_1931504734279468677,643,EnthalpyOfMixing,<Substance C1CCOCC1{solv}{x=0.250000}|CCCCCC(C)=O{solv}{x=0.750000}>,C1CCOCC1,CCCCCC(C)=O,openff-2.3.0rc1,3,0.0345017168951784,0.0482650377231028,0.03429,0.00053
34139,2954,dhmix_2296263041755700053,644,EnthalpyOfMixing,<Substance C1CCOCC1{solv}{x=0.750000}|CCCCCC(C)=O{solv}{x=0.250000}>,C1CCOCC1,CCCCCC(C)=O,openff-2.3.0rc1,3,0.0741129424353843,0.0362764317810613,0.05587,0.00061
34140,2955,dhmix_357499987240135169,645,EnthalpyOfMixing,<Substance CCCCC{solv}{x=0.772700}|CCCCOC=O{solv}{x=0.227300}>,CCCCC,CCCCOC=O,openff-2.3.0rc1,3,1.085769447525891,0.0437794960189293,0.87,0.004
34141,2956,dens_435201289177646286,646,Density,<Substance CCCCC{solv}{x=0.504200}|CCCCOC=O{solv}{x=0.495800}>,CCCCC,CCCCOC=O,openff-2.3.0rc1,3,0.750392011526117,0.0002450835382547,0.7523000000000001,0.00024
34142,2957,dens_635752291929824010,647,Density,<Substance CCCCC{solv}{x=0.699000}|CCCCOC=O{solv}{x=0.301000}>,CCCCC,CCCCOC=O,openff-2.3.0rc1,3,0.6934191821318982,0.0001797640774639,0.6994600000000002,0.00018
34143,2958,dhmix_869493303716364153,648,EnthalpyOfMixing,<Substance CCCCC{solv}{x=0.490500}|CCCCOC=O{solv}{x=0.509500}>,CCCCC,CCCCOC=O,openff-2.3.0rc1,3,1.283292604256701,0.0421883637579296,0.959,0.004
34144,2959,dhmix_1188548276416925178,649,EnthalpyOfMixing,<Substance CCCCC{solv}{x=0.246000}|CCCCOC=O{solv}{x=0.754000}>,CCCCC,CCCCOC=O,openff-2.3.0rc1,3,0.7607052473251841,0.0383962631552081,0.632,0.003
34145,2960,dens_1944800378076074966,650,Density,<Substance CCCCC{solv}{x=0.247100}|CCCCOC=O{solv}{x=0.752900}>,CCCCC,CCCCOC=O,openff-2.3.0rc1,3,0.82555606726033,0.0002362598026435,0.8221800000000001,0.000375
34146,2961,dhmix_357740737126275220,651,EnthalpyOfMixing,<Substance CC(=O)N(C)C{solv}{x=0.212000}|CCCCCl{solv}{x=0.788000}>,CC(=O)N(C)C,CCCCCl,openff-2.3.0rc1,3,0.4745436715421931,0.047790905869618,0.244,0.0025
34147,2962,dens_563556088097831353,652,Density,<Substance CC(=O)N(C)C{solv}{x=0.499000}|CCCCCl{solv}{x=0.501000}>,CC(=O)N(C)C,CCCCCl,openff-2.3.0rc1,3,0.8830978995552082,0.0002534658282076,0.9081000000000002,0.0002
34148,2963,dens_1083232356130752567,653,Density,<Substance CC(=O)N(C)C{solv}{x=0.799700}|CCCCCl{solv}{x=0.200300}>,CC(=O)N(C)C,CCCCCl,openff-2.3.0rc1,3,0.8952070803100338,0.0002234523309534,0.9247000000000004,0.0002
34149,2964,dhmix_1487887746912587509,654,EnthalpyOfMixing,<Substance CC(=O)N(C)C{solv}{x=0.708000}|CCCCCl{solv}{x=0.292000}>,CC(=O)N(C)C,CCCCCl,openff-2.3.0rc1,3,0.5894593343564409,0.0395253678257259,0.305,0.0025
34150,2965,dens_1662749398344255132,655,Density,<Substance CC(=O)N(C)C{solv}{x=0.210500}|CCCCCl{solv}{x=0.789500}>,CC(=O)N(C)C,CCCCCl,openff-2.3.0rc1,3,0.8684998326843338,0.0002768848853209,0.8918000000000001,0.0002
34151,2966,dhmix_2085343422065298965,656,EnthalpyOfMixing,<Substance CC(=O)N(C)C{solv}{x=0.511000}|CCCCCl{solv}{x=0.489000}>,CC(=O)N(C)C,CCCCCl,openff-2.3.0rc1,3,0.7458756899744401,0.0310861058321947,0.363,0.0025
34152,2967,dhmix_359626193748497849,657,EnthalpyOfMixing,<Substance C1CCOCC1{solv}{x=0.750000}|O=C1CCCCC1{solv}{x=0.250000}>,C1CCOCC1,O=C1CCCCC1,openff-2.3.0rc1,3,0.08505753723135,0.0430216113957348,0.07698,0.00069
34153,2968,dhmix_709905971434026360,658,EnthalpyOfMixing,<Substance C1CCOCC1{solv}{x=0.250000}|O=C1CCCCC1{solv}{x=0.750000}>,C1CCOCC1,O=C1CCCCC1,openff-2.3.0rc1,3,0.1350925336735713,0.041617009901306,0.05827,0.00062
34154,2969,dens_996263306280392228,659,Density,<Substance C1CCOCC1{solv}{x=0.500900}|O=C1CCCCC1{solv}{x=0.499100}>,C1CCOCC1,O=C1CCCCC1,openff-2.3.0rc1,3,0.8973017725524665,0.0002272534833097,0.9160300000000002,0.000505
34155,2970,dens_1296485655493191092,660,Density,<Substance C1CCOCC1{solv}{x=0.247100}|O=C1CCCCC1{solv}{x=0.752900}>,C1CCOCC1,O=C1CCCCC1,openff-2.3.0rc1,3,0.908280331951834,0.0002007343696044,0.9305900000000004,0.000505
34156,2971,dhmix_1617652800437548554,661,EnthalpyOfMixing,<Substance C1CCOCC1{solv}{x=0.500000}|O=C1CCCCC1{solv}{x=0.500000}>,C1CCOCC1,O=C1CCCCC1,openff-2.3.0rc1,3,0.0237324296017149,0.0405402158801779,0.08658,0.000725
34157,2972,dens_2134919398794801459,662,Density,<Substance C1CCOCC1{solv}{x=0.738900}|O=C1CCCCC1{solv}{x=0.261100}>,C1CCOCC1,O=C1CCCCC1,openff-2.3.0rc1,3,0.885485874240081,0.0002080425400206,0.9000800000000002,0.000505
34158,2973,dens_371429494256072686,663,Density,<Substance COC=O{solv}{x=0.513800}|ClCCCCl{solv}{x=0.486200}>,COC=O,ClCCCCl,openff-2.3.0rc1,3,1.0833421069137368,0.0003797180968555,1.08831,0.00025
34159,2974,dens_416463243686186519,664,Density,<Substance COC=O{solv}{x=0.738400}|ClCCCCl{solv}{x=0.261600}>,COC=O,ClCCCCl,openff-2.3.0rc1,3,1.0428611936061554,0.0003708716274294,1.03754,0.0002
34160,2975,dhmix_573570621261992547,665,EnthalpyOfMixing,<Substance COC=O{solv}{x=0.767400}|ClCCCCl{solv}{x=0.232600}>,COC=O,ClCCCCl,openff-2.3.0rc1,3,0.5744006711426359,0.0322751256959104,0.2841,0.0015
34161,2976,dens_1665007650151393058,666,Density,<Substance COC=O{solv}{x=0.244000}|ClCCCCl{solv}{x=0.756000}>,COC=O,ClCCCCl,openff-2.3.0rc1,3,1.1230438382581898,0.000374343864233,1.1395000000000002,0.0003
34162,2977,dhmix_2050640017895200777,667,EnthalpyOfMixing,<Substance COC=O{solv}{x=0.502400}|ClCCCCl{solv}{x=0.497600}>,COC=O,ClCCCCl,openff-2.3.0rc1,3,0.7730101607212809,0.0326242946935805,0.3503,0.00175
34163,2978,dhmix_2121310957223924646,668,EnthalpyOfMixing,<Substance COC=O{solv}{x=0.202400}|ClCCCCl{solv}{x=0.797600}>,COC=O,ClCCCCl,openff-2.3.0rc1,3,0.4258123402774671,0.0376635645118335,0.2064,0.0012
34164,2979,dens_380799246642881225,669,Density,<Substance Cc1ccncc1{solv}{x=0.500000}|O{solv}{x=0.500000}>,Cc1ccncc1,O,openff-2.3.0rc1,3,0.9513887903876668,0.0003159673693525,0.9704000000000004,0.0005
34165,2980,dens_1024460369591354985,670,Density,<Substance Cc1ccncc1{solv}{x=0.225000}|O{solv}{x=0.775000}>,Cc1ccncc1,O,openff-2.3.0rc1,3,0.9582728722547436,0.0004164177968723,0.9848000000000002,0.0004
34166,2981,dens_1867704914487230306,671,Density,<Substance Cc1ccncc1{solv}{x=0.750000}|O{solv}{x=0.250000}>,Cc1ccncc1,O,openff-2.3.0rc1,3,0.9490218197285352,0.000235939860111,0.9614000000000004,0.0004
34167,2982,dhmix_396839331496923568,672,EnthalpyOfMixing,<Substance CCCOC(=O)CC{solv}{x=0.237600}|ClCCCl{solv}{x=0.762400}>,CCCOC(=O)CC,ClCCCl,openff-2.3.0rc1,3,-0.2832000337688605,0.0365050179753887,-0.317,0.0035
34168,2983,dens_1025242301432619836,673,Density,<Substance CCCOC(=O)CC{solv}{x=0.518800}|ClCCCl{solv}{x=0.481200}>,CCCOC(=O)CC,ClCCCl,openff-2.3.0rc1,3,0.9974316082071124,0.0002904888733284,1.0064000000000002,0.000905
34169,2984,dens_1654149510571748883,674,Density,<Substance CCCOC(=O)CC{solv}{x=0.731600}|ClCCCl{solv}{x=0.268400}>,CCCOC(=O)CC,ClCCCl,openff-2.3.0rc1,3,0.9355178464832624,0.0002345204846933,0.9416300000000002,0.00041
34170,2985,dens_1804016971158746429,675,Density,<Substance CCCOC(=O)CC{solv}{x=0.243700}|ClCCCl{solv}{x=0.756300}>,CCCOC(=O)CC,ClCCCl,openff-2.3.0rc1,3,1.0970389724818306,0.0002521822082684,1.11431,0.002155
34171,2986,dhmix_1840109043188951916,676,EnthalpyOfMixing,<Substance CCCOC(=O)CC{solv}{x=0.517700}|ClCCCl{solv}{x=0.482300}>,CCCOC(=O)CC,ClCCCl,openff-2.3.0rc1,3,-0.3864263412567723,0.0347956287140753,-0.557,0.006
34172,2987,dhmix_1924188358781329171,677,EnthalpyOfMixing,<Substance CCCOC(=O)CC{solv}{x=0.787400}|ClCCCl{solv}{x=0.212600}>,CCCOC(=O)CC,ClCCCl,openff-2.3.0rc1,3,-0.2913831169008922,0.0390959921379858,-0.357,0.004
34173,2988,dhmix_408170436877433675,678,EnthalpyOfMixing,<Substance CCCCC{solv}{x=0.229800}|CCOC=O{solv}{x=0.770200}>,CCCCC,CCOC=O,openff-2.3.0rc1,3,1.2372400136602053,0.0377396493291928,1.016,0.0045
34174,2989,dens_1159257310358090227,679,Density,<Substance CCCCC{solv}{x=0.748000}|CCOC=O{solv}{x=0.252000}>,CCCCC,CCOC=O,openff-2.3.0rc1,3,0.664475104872858,0.0002964559525435,0.6707000000000002,0.000165
34175,2990,dhmix_1897634982824334825,680,EnthalpyOfMixing,<Substance CCCCC{solv}{x=0.500100}|CCOC=O{solv}{x=0.499900}>,CCCCC,CCOC=O,openff-2.3.0rc1,3,1.6992522589321055,0.0379159970092427,1.354,0.0055
34176,2991,dens_1931965346092446599,681,Density,<Substance CCCCC{solv}{x=0.504000}|CCOC=O{solv}{x=0.496000}>,CCCCC,CCOC=O,openff-2.3.0rc1,3,0.7358835736079817,0.0002889653345066,0.7333000000000002,0.00024
34177,2992,dens_2086304425324215507,682,Density,<Substance CCCCC{solv}{x=0.298000}|CCOC=O{solv}{x=0.702000}>,CCCCC,CCOC=O,openff-2.3.0rc1,3,0.807354539661603,0.0003098051608998,0.7971000000000003,0.000345
34178,2993,dhmix_2117998354372981576,683,EnthalpyOfMixing,<Substance CCCCC{solv}{x=0.777900}|CCOC=O{solv}{x=0.222100}>,CCCCC,CCOC=O,openff-2.3.0rc1,3,1.397009542523023,0.0442324363845792,1.051,0.0045
34179,2994,dens_415189671276159712,684,Density,<Substance NCCO{solv}{x=0.785350}|c1ccncc1{solv}{x=0.214650}>,NCCO,c1ccncc1,openff-2.3.0rc1,3,1.0352268932632838,0.0002400648469397,1.002592,0.000101
34180,2995,dhmix_607563797490786343,685,EnthalpyOfMixing,<Substance NCCO{solv}{x=0.559360}|c1ccncc1{solv}{x=0.440640}>,NCCO,c1ccncc1,openff-2.3.0rc1,3,1.0016865501113124,0.0369476841651992,0.824,0.0035
34181,2996,dhmix_783614050589043390,686,EnthalpyOfMixing,<Substance NCCO{solv}{x=0.248120}|c1ccncc1{solv}{x=0.751880}>,NCCO,c1ccncc1,openff-2.3.0rc1,3,1.0119343833529348,0.0360275314833318,0.779,0.0035
34182,2997,dens_907288549206652702,687,Density,<Substance NCCO{solv}{x=0.558640}|c1ccncc1{solv}{x=0.441360}>,NCCO,c1ccncc1,openff-2.3.0rc1,3,1.014847142529814,0.0002385302429006,0.9936870000000002,0.0001015
34183,2998,dhmix_1092036220949585875,688,EnthalpyOfMixing,<Substance NCCO{solv}{x=0.746780}|c1ccncc1{solv}{x=0.253220}>,NCCO,c1ccncc1,openff-2.3.0rc1,3,0.7379115503868832,0.0335892839974584,0.612,0.003
34184,2999,dens_2278246591298089898,689,Density,<Substance NCCO{solv}{x=0.210010}|c1ccncc1{solv}{x=0.789990}>,NCCO,c1ccncc1,openff-2.3.0rc1,3,0.9907078002535408,0.000249462983771,0.9825660000000004,0.0001015
34185,3000,dens_419188249264987147,690,Density,<Substance CCCCC(=O)OCC{solv}{x=0.492100}|CCOC(C)=O{solv}{x=0.507900}>,CCCCC(=O)OCC,CCOC(C)=O,openff-2.3.0rc1,3,0.8837328785189663,0.0002209727151065,0.8787300000000002,0.00012
34186,3001,dens_667714041205021070,691,Density,<Substance CCCCC(=O)OCC{solv}{x=0.304700}|CCOC(C)=O{solv}{x=0.695300}>,CCCCC(=O)OCC,CCOC(C)=O,openff-2.3.0rc1,3,0.8909893754240652,0.0002118641254564,0.8836400000000002,0.00012
34187,3002,dhmix_1137774316856842141,692,EnthalpyOfMixing,<Substance CCCCC(=O)OCC{solv}{x=0.737600}|CCOC(C)=O{solv}{x=0.262400}>,CCCCC(=O)OCC,CCOC(C)=O,openff-2.3.0rc1,3,0.1130567156761248,0.0465503649080979,0.114,0.0015
34188,3003,dhmix_1322441082145072072,693,EnthalpyOfMixing,<Substance CCCCC(=O)OCC{solv}{x=0.279900}|CCOC(C)=O{solv}{x=0.720100}>,CCCCC(=O)OCC,CCOC(C)=O,openff-2.3.0rc1,3,0.0691218770157249,0.0467240250292307,0.139,0.0015
34189,3004,dens_1682638395920841051,694,Density,<Substance CCCCC(=O)OCC{solv}{x=0.752600}|CCOC(C)=O{solv}{x=0.247400}>,CCCCC(=O)OCC,CCOC(C)=O,openff-2.3.0rc1,3,0.8757089502768304,0.0001841866669033,0.8732900000000001,0.00012
34190,3005,dhmix_2161842751879945948,695,EnthalpyOfMixing,<Substance CCCCC(=O)OCC{solv}{x=0.519800}|CCOC(C)=O{solv}{x=0.480200}>,CCCCC(=O)OCC,CCOC(C)=O,openff-2.3.0rc1,3,0.1450520264167849,0.0444235892444919,0.154,0.002
34191,3006,dhmix_419593950323214290,696,EnthalpyOfMixing,<Substance CCCCCC(C)=O{solv}{x=0.780400}|CCN(CC)CC{solv}{x=0.219600}>,CCCCCC(C)=O,CCN(CC)CC,openff-2.3.0rc1,3,0.0668023959946637,0.047158254432435,0.216,0.0025
34192,3007,dens_651921010645567431,697,Density,<Substance CCCCCC(C)=O{solv}{x=0.259800}|CCN(CC)CC{solv}{x=0.740200}>,CCCCCC(C)=O,CCN(CC)CC,openff-2.3.0rc1,3,0.7512195040424943,0.0002119981808799,0.7465820000000002,8.950000000000002e-05
34193,3008,dens_995831511901627711,698,Density,<Substance CCCCCC(C)=O{solv}{x=0.748400}|CCN(CC)CC{solv}{x=0.251600}>,CCCCCC(C)=O,CCN(CC)CC,openff-2.3.0rc1,3,0.7833077227107222,0.0002006455481336,0.7899410000000002,0.0001055
34194,3009,dhmix_1001984601109558110,699,EnthalpyOfMixing,<Substance CCCCCC(C)=O{solv}{x=0.492000}|CCN(CC)CC{solv}{x=0.508000}>,CCCCCC(C)=O,CCN(CC)CC,openff-2.3.0rc1,3,0.0786418010098231,0.0393689621328895,0.419,0.0045
34195,3010,dens_1887829851815986883,700,Density,<Substance CCCCCC(C)=O{solv}{x=0.503200}|CCN(CC)CC{solv}{x=0.496800}>,CCCCCC(C)=O,CCN(CC)CC,openff-2.3.0rc1,3,0.7677235759240141,0.0002119438939762,0.7684760000000002,9.800000000000002e-05
34196,3011,dhmix_2085744568401562111,701,EnthalpyOfMixing,<Substance CCCCCC(C)=O{solv}{x=0.293900}|CCN(CC)CC{solv}{x=0.706100}>,CCCCCC(C)=O,CCN(CC)CC,openff-2.3.0rc1,3,0.1508076938399156,0.0470428823825071,0.412,0.0045
34197,3012,dens_436049638479549968,702,Density,<Substance COC=O{solv}{x=0.472500}|ClCCCl{solv}{x=0.527500}>,COC=O,ClCCCl,openff-2.3.0rc1,3,1.1204414773424172,0.0003576986289374,1.1269600000000004,0.000285
34198,3013,dens_627145458965592302,703,Density,<Substance COC=O{solv}{x=0.753000}|ClCCCl{solv}{x=0.247000}>,COC=O,ClCCCl,openff-2.3.0rc1,3,1.0535293255066245,0.0003767692415448,1.0461600000000004,0.000205
34199,3014,dhmix_731680623269260416,704,EnthalpyOfMixing,<Substance COC=O{solv}{x=0.250800}|ClCCCl{solv}{x=0.749200}>,COC=O,ClCCCl,openff-2.3.0rc1,3,0.3484346019326079,0.028138882566765,0.0793,0.0007
34200,3015,dens_1488543630772933598,705,Density,<Substance COC=O{solv}{x=0.279500}|ClCCCl{solv}{x=0.720500}>,COC=O,ClCCCl,openff-2.3.0rc1,3,1.160773293653958,0.0003742618735745,1.1777100000000005,0.00034
34201,3016,dhmix_2170321998768851974,706,EnthalpyOfMixing,<Substance COC=O{solv}{x=0.732200}|ClCCCl{solv}{x=0.267800}>,COC=O,ClCCCl,openff-2.3.0rc1,3,0.3636132933194078,0.0280200077526023,0.0733,0.00065
34202,3017,dhmix_2249001225536869896,707,EnthalpyOfMixing,<Substance COC=O{solv}{x=0.487400}|ClCCCl{solv}{x=0.512600}>,COC=O,ClCCCl,openff-2.3.0rc1,3,0.5151850862637728,0.0252885756082626,0.1028,0.0008
34203,3018,dhmix_442816374747487477,708,EnthalpyOfMixing,<Substance NCCCNCCCN{solv}{x=0.801500}|O{solv}{x=0.198500}>,NCCCNCCCN,O,openff-2.3.0rc1,3,-0.9221718675723096,0.05139251987048,-2.233,0.024
34204,3019,dhmix_1795382205757805615,709,EnthalpyOfMixing,<Substance NCCCNCCCN{solv}{x=0.300500}|O{solv}{x=0.699500}>,NCCCNCCCN,O,openff-2.3.0rc1,3,-3.88374878730702,0.0348764093459935,-6.588,0.07
34205,3020,dhmix_1814950732748396893,710,EnthalpyOfMixing,<Substance NCCCNCCCN{solv}{x=0.499800}|O{solv}{x=0.500200}>,NCCCNCCCN,O,openff-2.3.0rc1,3,-3.3069043346212155,0.0616397445499617,-5.544,0.059
34206,3021,dhmix_446869196417408130,711,EnthalpyOfMixing,<Substance NCCNCCO{solv}{x=0.770000}|O{solv}{x=0.230000}>,NCCNCCO,O,openff-2.3.0rc1,3,-1.5609559288138255,0.0462902466237637,-1.711,0.035
34207,3022,dhmix_673839467313503071,712,EnthalpyOfMixing,<Substance NCCNCCO{solv}{x=0.069900}|O{solv}{x=0.930100}>,NCCNCCO,O,openff-2.3.0rc1,3,-0.5800785005052234,0.0240351259090586,-1.713,0.035
34208,3023,dens_688094438561771555,713,Density,<Substance NCCNCCO{solv}{x=0.799700}|O{solv}{x=0.200300}>,NCCNCCO,O,openff-2.3.0rc1,3,1.074140343589381,0.0003784145119103,1.0318300000000002,0.00024
34209,3024,dhmix_1682883323293489147,714,EnthalpyOfMixing,<Substance NCCNCCO{solv}{x=0.400100}|O{solv}{x=0.599900}>,NCCNCCO,O,openff-2.3.0rc1,3,-1.8564537452420993,0.0440600283140499,-4.15,0.0845
34210,3025,dens_2045176885611624977,715,Density,<Substance NCCNCCO{solv}{x=0.070000}|O{solv}{x=0.930000}>,NCCNCCO,O,openff-2.3.0rc1,3,1.0183958498577843,0.0004847932432229,1.0222800000000003,0.000125
34211,3026,dens_2280714043292214506,716,Density,<Substance NCCNCCO{solv}{x=0.399700}|O{solv}{x=0.600300}>,NCCNCCO,O,openff-2.3.0rc1,3,1.0572283829842288,0.0003702756366628,1.0370100000000002,0.00017
34212,3027,dens_448105363780466270,717,Density,<Substance CCCCCCCl{solv}{x=0.498300}|CN(C)C=O{solv}{x=0.501700}>,CCCCCCCl,CN(C)C=O,openff-2.3.0rc1,3,0.8805773970810542,0.0002320615119038,0.8974000000000002,0.0003
34213,3028,dens_1134260732394863277,718,Density,<Substance CCCCCCCl{solv}{x=0.729300}|CN(C)C=O{solv}{x=0.270700}>,CCCCCCCl,CN(C)C=O,openff-2.3.0rc1,3,0.86991334472565,0.0001801285357516,0.8844000000000002,0.0003
34214,3029,dhmix_1150917243327149472,719,EnthalpyOfMixing,<Substance CCCCCCCl{solv}{x=0.500000}|CN(C)C=O{solv}{x=0.500000}>,CCCCCCCl,CN(C)C=O,openff-2.3.0rc1,3,1.344935512424243,0.0402476442164673,0.847,0.004
34215,3030,dhmix_1166656674614639609,720,EnthalpyOfMixing,<Substance CCCCCCCl{solv}{x=0.204000}|CN(C)C=O{solv}{x=0.796000}>,CCCCCCCl,CN(C)C=O,openff-2.3.0rc1,3,0.8952273023234625,0.0363297508437518,0.583,0.004
34216,3031,dhmix_1262474968830454367,721,EnthalpyOfMixing,<Substance CCCCCCCl{solv}{x=0.795000}|CN(C)C=O{solv}{x=0.205000}>,CCCCCCCl,CN(C)C=O,openff-2.3.0rc1,3,0.909216045383218,0.0422258928573048,0.542,0.0035
34217,3032,dens_1862934255267356180,722,Density,<Substance CCCCCCCl{solv}{x=0.200700}|CN(C)C=O{solv}{x=0.799300}>,CCCCCCCl,CN(C)C=O,openff-2.3.0rc1,3,0.8994895199075604,0.0002589887377756,0.9218000000000002,0.00025
34218,3033,dhmix_457000181442392641,723,EnthalpyOfMixing,<Substance CCOCCO{solv}{x=0.241100}|c1ccccc1{solv}{x=0.758900}>,CCOCCO,c1ccccc1,openff-2.3.0rc1,3,0.7308159823194273,0.0417601297485144,0.6303,0.00815
34219,3034,dhmix_501726034520661035,724,EnthalpyOfMixing,<Substance CCOCCO{solv}{x=0.733600}|c1ccccc1{solv}{x=0.266400}>,CCOCCO,c1ccccc1,openff-2.3.0rc1,3,0.3878822553259482,0.0450319670844366,0.2326,0.0033
34220,3035,dens_577983044895299238,725,Density,<Substance CCOCCO{solv}{x=0.251800}|c1ccccc1{solv}{x=0.748200}>,CCOCCO,c1ccccc1,openff-2.3.0rc1,3,0.8891872082087288,0.0002689520667086,0.8849000000000002,0.00081
34221,3036,dens_1506946378386070831,726,Density,<Substance CCOCCO{solv}{x=0.750800}|c1ccccc1{solv}{x=0.249200}>,CCOCCO,c1ccccc1,openff-2.3.0rc1,3,0.9168206976588462,0.000210275651289,0.9134500000000004,0.000685
34222,3037,dhmix_1801594081157333975,727,EnthalpyOfMixing,<Substance CCOCCO{solv}{x=0.478600}|c1ccccc1{solv}{x=0.521400}>,CCOCCO,c1ccccc1,openff-2.3.0rc1,3,0.5761229390908795,0.0397516668298233,0.4912,0.00645
34223,3038,dens_2128846755225827916,728,Density,<Substance CCOCCO{solv}{x=0.504800}|c1ccccc1{solv}{x=0.495200}>,CCOCCO,c1ccccc1,openff-2.3.0rc1,3,0.903304296953444,0.000286063035362,0.8995700000000003,0.000745
34224,3039,dhmix_466383569529620932,729,EnthalpyOfMixing,<Substance CC(=O)N(C)C{solv}{x=0.505000}|CCCCCCCl{solv}{x=0.495000}>,CC(=O)N(C)C,CCCCCCCl,openff-2.3.0rc1,3,0.9653355059444096,0.0439220271360884,0.61,0.003
34225,3040,dhmix_493694362228351572,730,EnthalpyOfMixing,<Substance CC(=O)N(C)C{solv}{x=0.798000}|CCCCCCCl{solv}{x=0.202000}>,CC(=O)N(C)C,CCCCCCCl,openff-2.3.0rc1,3,0.6093571347809821,0.0446667535118431,0.425,0.003
34226,3041,dhmix_626564461179097700,731,EnthalpyOfMixing,<Substance CC(=O)N(C)C{solv}{x=0.211000}|CCCCCCCl{solv}{x=0.789000}>,CC(=O)N(C)C,CCCCCCCl,openff-2.3.0rc1,3,0.6045717641567734,0.0450027610267274,0.38,0.003
34227,3042,dens_1720641323575133011,732,Density,<Substance CC(=O)N(C)C{solv}{x=0.200300}|CCCCCCCl{solv}{x=0.799700}>,CC(=O)N(C)C,CCCCCCCl,openff-2.3.0rc1,3,0.8668868385566564,0.0002338020161563,0.8816000000000003,0.00025
34228,3043,dens_1817345990638851984,733,Density,<Substance CC(=O)N(C)C{solv}{x=0.503000}|CCCCCCCl{solv}{x=0.497000}>,CC(=O)N(C)C,CCCCCCCl,openff-2.3.0rc1,3,0.8778846269766818,0.0002293276593663,0.8975000000000002,0.00025
34229,3044,dens_1885054129776339889,734,Density,<Substance CC(=O)N(C)C{solv}{x=0.699200}|CCCCCCCl{solv}{x=0.300800}>,CC(=O)N(C)C,CCCCCCCl,openff-2.3.0rc1,3,0.8868728491363155,0.0002206863531742,0.9104000000000002,0.0002
34230,3045,dens_468507243072548580,735,Density,<Substance CCC#N{solv}{x=0.701200}|CCOC(C)(C)CC{solv}{x=0.298800}>,CCC#N,CCOC(C)(C)CC,openff-2.3.0rc1,3,0.7686204395358274,0.0002169042232107,0.7715000000000002,0.0004
34231,3046,dhmix_553135124490085656,736,EnthalpyOfMixing,<Substance CCC#N{solv}{x=0.502500}|CCOC(C)(C)CC{solv}{x=0.497500}>,CCC#N,CCOC(C)(C)CC,openff-2.3.0rc1,3,0.2953587272718607,0.0399361595498717,0.7023,0.00955
34232,3047,dens_762108332272225600,737,Density,<Substance CCC#N{solv}{x=0.502500}|CCOC(C)(C)CC{solv}{x=0.497500}>,CCC#N,CCOC(C)(C)CC,openff-2.3.0rc1,3,0.7679259272684043,0.0002261604591863,0.7683000000000001,0.00035
34233,3048,dens_967634241844220739,738,Density,<Substance CCC#N{solv}{x=0.200900}|CCOC(C)(C)CC{solv}{x=0.799100}>,CCC#N,CCOC(C)(C)CC,openff-2.3.0rc1,3,0.765875880004807,0.0001483852158658,0.7638000000000001,0.00025
34234,3049,dhmix_1961082112686431376,739,EnthalpyOfMixing,<Substance CCC#N{solv}{x=0.200900}|CCOC(C)(C)CC{solv}{x=0.799100}>,CCC#N,CCOC(C)(C)CC,openff-2.3.0rc1,3,0.1370028094232296,0.0513647106151,0.502,0.00685
34235,3050,dhmix_2005765786246998093,740,EnthalpyOfMixing,<Substance CCC#N{solv}{x=0.701200}|CCOC(C)(C)CC{solv}{x=0.298800}>,CCC#N,CCOC(C)(C)CC,openff-2.3.0rc1,3,0.1953043946712753,0.0304227873193438,0.5863,0.008
34236,3051,dhmix_471514663464011364,741,EnthalpyOfMixing,<Substance C1CCOCC1{solv}{x=0.722000}|CCCCCO{solv}{x=0.278000}>,C1CCOCC1,CCCCCO,openff-2.3.0rc1,3,1.0284400077971725,0.0402146382638594,0.8628,0.00745
34237,3052,dens_910343796235321484,742,Density,<Substance C1CCOCC1{solv}{x=0.298700}|CCCCCO{solv}{x=0.701300}>,C1CCOCC1,CCCCCO,openff-2.3.0rc1,3,0.8261694100448722,0.0002534105874676,0.8293300000000002,0.00034
34238,3053,dens_1812069868432416079,743,Density,<Substance C1CCOCC1{solv}{x=0.800000}|CCCCCO{solv}{x=0.200000}>,C1CCOCC1,CCCCCO,openff-2.3.0rc1,3,0.8572769798506048,0.0002200964612031,0.8635900000000002,0.000315
34239,3054,dhmix_1936206883965149188,744,EnthalpyOfMixing,<Substance C1CCOCC1{solv}{x=0.526000}|CCCCCO{solv}{x=0.474000}>,C1CCOCC1,CCCCCO,openff-2.3.0rc1,3,1.1609216534305418,0.0423079758421392,0.97,0.00615
34240,3055,dhmix_1992318015190346725,745,EnthalpyOfMixing,<Substance C1CCOCC1{solv}{x=0.217000}|CCCCCO{solv}{x=0.783000}>,C1CCOCC1,CCCCCO,openff-2.3.0rc1,3,0.7084252436388638,0.0360806684016598,0.6006,0.00455
34241,3056,dens_2204330198012032768,746,Density,<Substance C1CCOCC1{solv}{x=0.499400}|CCCCCO{solv}{x=0.500600}>,C1CCOCC1,CCCCCO,openff-2.3.0rc1,3,0.8371110247155774,0.0002059514998141,0.8425400000000002,0.00033
34242,3057,dhmix_472822428299818953,747,EnthalpyOfMixing,<Substance CC(C)CC(C)(C)C{solv}{x=0.700500}|CCCCO{solv}{x=0.299500}>,CC(C)CC(C)(C)C,CCCCO,openff-2.3.0rc1,3,0.7087842298765565,0.0472352609421611,0.6228,0.0028
34243,3058,dhmix_628387028768654403,748,EnthalpyOfMixing,<Substance CC(C)CC(C)(C)C{solv}{x=0.499900}|CCCCO{solv}{x=0.500100}>,CC(C)CC(C)(C)C,CCCCO,openff-2.3.0rc1,3,0.6996051887249024,0.0416097702594643,0.5938,0.0027
34244,3059,dens_631668933678639865,749,Density,<Substance CC(C)CC(C)(C)C{solv}{x=0.200000}|CCCCO{solv}{x=0.800000}>,CC(C)CC(C)(C)C,CCCCO,openff-2.3.0rc1,3,0.7729823580999269,0.0002646700735944,0.7696800000000001,0.000295
34245,3060,dens_1394470087977586253,750,Density,<Substance CC(C)CC(C)(C)C{solv}{x=0.500000}|CCCCO{solv}{x=0.500000}>,CC(C)CC(C)(C)C,CCCCO,openff-2.3.0rc1,3,0.7387582413294983,0.0001566765984435,0.7294000000000002,0.000285
34246,3061,dens_1809610870413503056,751,Density,<Substance CC(C)CC(C)(C)C{solv}{x=0.699900}|CCCCO{solv}{x=0.300100}>,CC(C)CC(C)(C)C,CCCCO,openff-2.3.0rc1,3,0.7219637415676973,0.0001851225029081,0.7097700000000001,0.000285
34247,3062,dhmix_2302589146189152767,752,EnthalpyOfMixing,<Substance CC(C)CC(C)(C)C{solv}{x=0.200200}|CCCCO{solv}{x=0.799800}>,CC(C)CC(C)(C)C,CCCCO,openff-2.3.0rc1,3,0.4021396700445052,0.0444508632381828,0.27646,0.003235
34248,3063,dens_486902622078179007,753,Density,<Substance COC=O{solv}{x=0.494600}|CO{solv}{x=0.505400}>,CO,COC=O,openff-2.3.0rc1,3,0.9015087290649432,0.0003857392786558,0.8956100000000002,7.500000000000002e-05
34249,3064,dens_750646162221180186,754,Density,<Substance COC=O{solv}{x=0.083300}|CO{solv}{x=0.916700}>,CO,COC=O,openff-2.3.0rc1,3,0.7997939530519965,0.0004058330787922,0.8088000000000002,9.000000000000002e-05
34250,3065,dhmix_1113631207235753369,755,EnthalpyOfMixing,<Substance COC=O{solv}{x=0.717800}|CO{solv}{x=0.282200}>,CO,COC=O,openff-2.3.0rc1,3,0.7925927244699882,0.0318217182702202,1.105,0.012
34251,3066,dhmix_2143911117683117531,756,EnthalpyOfMixing,<Substance COC=O{solv}{x=0.512700}|CO{solv}{x=0.487300}>,CO,COC=O,openff-2.3.0rc1,3,0.9226757040342646,0.0271000126591561,1.179,0.0125
34252,3067,dens_2148324189014877510,757,Density,<Substance COC=O{solv}{x=0.727100}|CO{solv}{x=0.272900}>,CO,COC=O,openff-2.3.0rc1,3,0.9431782424703392,0.0003241395622324,0.9321000000000004,8.000000000000002e-05
34253,3068,dhmix_2205254965267695203,758,EnthalpyOfMixing,<Substance COC=O{solv}{x=0.083300}|CO{solv}{x=0.916700}>,CO,COC=O,openff-2.3.0rc1,3,0.2686173854323375,0.0273458870525061,0.311,0.0035
34254,3069,dhmix_497300242003673148,759,EnthalpyOfMixing,<Substance BrCCBr{solv}{x=0.284100}|CCCCOC(=O)CCC{solv}{x=0.715900}>,BrCCBr,CCCCOC(=O)CCC,openff-2.3.0rc1,3,-0.3804841514492736,0.0545581566741191,-0.054,0.001
34255,3070,dhmix_712261179736749495,760,EnthalpyOfMixing,<Substance BrCCBr{solv}{x=0.515300}|CCCCOC(=O)CCC{solv}{x=0.484700}>,BrCCBr,CCCCOC(=O)CCC,openff-2.3.0rc1,3,-0.5405865826802128,0.0425565111038686,-0.027,0.0005
34256,3071,dens_846614854165535724,761,Density,<Substance BrCCBr{solv}{x=0.212900}|CCCCOC(=O)CCC{solv}{x=0.787100}>,BrCCBr,CCCCOC(=O)CCC,openff-2.3.0rc1,3,1.0194092189508568,0.0002625790386887,1.0245500000000003,0.00013
34257,3072,dens_1085110183353279404,762,Density,<Substance BrCCBr{solv}{x=0.730000}|CCCCOC(=O)CCC{solv}{x=0.270000}>,BrCCBr,CCCCOC(=O)CCC,openff-2.3.0rc1,3,1.6041764632649005,0.0004462870200036,1.6231500000000003,0.000405
34258,3073,dhmix_2153957437015117204,763,EnthalpyOfMixing,<Substance BrCCBr{solv}{x=0.763900}|CCCCOC(=O)CCC{solv}{x=0.236100}>,BrCCBr,CCCCOC(=O)CCC,openff-2.3.0rc1,3,-0.5175351010645706,0.0303693945042577,0.051,0.001
34259,3074,dens_2242615301342819560,764,Density,<Substance BrCCBr{solv}{x=0.449300}|CCCCOC(=O)CCC{solv}{x=0.550700}>,BrCCBr,CCCCOC(=O)CCC,openff-2.3.0rc1,3,1.2432167721799905,0.0003244393081043,1.2506100000000002,0.000225
34260,3075,dens_501060706627477242,765,Density,<Substance OC1=NCCC1{solv}{x=0.500000}|O{solv}{x=0.500000}>,O,OC1=NCCC1,openff-2.3.0rc1,3,1.059921310401153,0.0002568254189961,1.0977070000000004,0.0005555
34261,3076,dens_929065521104254808,766,Density,<Substance OC1=NCCC1{solv}{x=0.744800}|O{solv}{x=0.255200}>,O,OC1=NCCC1,openff-2.3.0rc1,3,1.0702353547853891,0.0002574727168737,1.1044310000000004,0.000577
34262,3077,dhmix_1128968771311392860,767,EnthalpyOfMixing,<Substance OC1=NCCC1{solv}{x=0.769300}|O{solv}{x=0.230700}>,O,OC1=NCCC1,openff-2.3.0rc1,3,0.7379767341473951,0.0339877921247415,-0.678,0.1695
34263,3078,dens_1192491633684345401,768,Density,<Substance OC1=NCCC1{solv}{x=0.246800}|O{solv}{x=0.753200}>,O,OC1=NCCC1,openff-2.3.0rc1,3,1.0388953562472534,0.000424431540092,1.077068,0.0004905
34264,3079,dhmix_1775375132531538271,769,EnthalpyOfMixing,<Substance OC1=NCCC1{solv}{x=0.478300}|O{solv}{x=0.521700}>,O,OC1=NCCC1,openff-2.3.0rc1,3,0.7059242364059628,0.0282654092935544,-0.8384,0.20965
34265,3080,dhmix_1895825007089845103,770,EnthalpyOfMixing,<Substance OC1=NCCC1{solv}{x=0.231900}|O{solv}{x=0.768100}>,O,OC1=NCCC1,openff-2.3.0rc1,3,0.6441838896415746,0.0244159286567735,-0.5238,0.13095
34266,3081,dens_502738970558558534,771,Density,<Substance BrCCBr{solv}{x=0.749000}|COC=O{solv}{x=0.251000}>,BrCCBr,COC=O,openff-2.3.0rc1,3,1.8961807819072345,0.0005229916729418,1.9319600000000008,0.003535
34267,3082,dhmix_523129341332875255,772,EnthalpyOfMixing,<Substance BrCCBr{solv}{x=0.059500}|COC=O{solv}{x=0.940500}>,BrCCBr,COC=O,openff-2.3.0rc1,3,0.1746136543307881,0.0372417675598021,0.1715,0.00215
34268,3083,dens_528986974844153101,773,Density,<Substance BrCCBr{solv}{x=0.059800}|COC=O{solv}{x=0.940200}>,BrCCBr,COC=O,openff-2.3.0rc1,3,1.079600086894942,0.0003216628382504,1.06428,0.00056
34269,3084,dhmix_1521152703631810888,774,EnthalpyOfMixing,<Substance BrCCBr{solv}{x=0.757400}|COC=O{solv}{x=0.242600}>,BrCCBr,COC=O,openff-2.3.0rc1,3,0.6976872855489837,0.0319908168103095,0.653,0.00585
34270,3085,dhmix_1685647138770344206,775,EnthalpyOfMixing,<Substance BrCCBr{solv}{x=0.528100}|COC=O{solv}{x=0.471900}>,BrCCBr,COC=O,openff-2.3.0rc1,3,0.8147285774616142,0.0292161455284419,0.8123,0.00705
34271,3086,dens_1945150067923572864,776,Density,<Substance BrCCBr{solv}{x=0.501500}|COC=O{solv}{x=0.498500}>,BrCCBr,COC=O,openff-2.3.0rc1,3,1.6533062222078847,0.0005574684275574,1.6620300000000003,0.00232
34272,3087,dens_511283508189056955,777,Density,<Substance CCO{solv}{x=0.291400}|CN(C)CCO{solv}{x=0.708600}>,CCO,CN(C)CCO,openff-2.3.0rc1,3,0.8891993236709647,0.0002090839281191,0.8710100000000002,0.000165
34273,3088,dhmix_1055456388735168345,778,EnthalpyOfMixing,<Substance CCO{solv}{x=0.508400}|CN(C)CCO{solv}{x=0.491600}>,CCO,CN(C)CCO,openff-2.3.0rc1,3,-0.4927774893720311,0.0372845537488744,-0.4044,0.0044
34274,3089,dens_1119930253414624267,779,Density,<Substance CCO{solv}{x=0.699500}|CN(C)CCO{solv}{x=0.300500}>,CCO,CN(C)CCO,openff-2.3.0rc1,3,0.8444583455749218,0.0001967969986382,0.8345000000000002,0.000135
34275,3090,dhmix_1132835222292135012,780,EnthalpyOfMixing,<Substance CCO{solv}{x=0.268600}|CN(C)CCO{solv}{x=0.731400}>,CCO,CN(C)CCO,openff-2.3.0rc1,3,-0.5771037944825537,0.0461961532123941,-0.2783,0.0031
34276,3091,dens_1964926738263319597,781,Density,<Substance CCO{solv}{x=0.494900}|CN(C)CCO{solv}{x=0.505100}>,CCO,CN(C)CCO,openff-2.3.0rc1,3,0.8694676819449997,0.0002467325356091,0.8566200000000002,0.00015
34277,3092,dhmix_2011138895468245368,782,EnthalpyOfMixing,<Substance CCO{solv}{x=0.733500}|CN(C)CCO{solv}{x=0.266500}>,CCO,CN(C)CCO,openff-2.3.0rc1,3,-0.3580548597584325,0.0356118820974222,-0.3657,0.004
34278,3093,dhmix_517287783481256565,783,EnthalpyOfMixing,<Substance CN(C)C=O{solv}{x=0.701000}|ClCCCCCl{solv}{x=0.299000}>,CN(C)C=O,ClCCCCCl,openff-2.3.0rc1,3,0.4068680127714472,0.0378300397219105,-0.052,0.002
34279,3094,dens_765057686797526715,784,Density,<Substance CN(C)C=O{solv}{x=0.794300}|ClCCCCCl{solv}{x=0.205700}>,CN(C)C=O,ClCCCCCl,openff-2.3.0rc1,3,0.9697622642632264,0.0003009036631121,0.9934000000000002,0.00245
34280,3095,dens_1092490027864410415,785,Density,<Substance CN(C)C=O{solv}{x=0.502200}|ClCCCCCl{solv}{x=0.497800}>,CN(C)C=O,ClCCCCCl,openff-2.3.0rc1,3,1.0315956243502666,0.0003138723142476,1.0524000000000004,0.0022
34281,3096,dens_1571926938169630329,786,Density,<Substance CN(C)C=O{solv}{x=0.299400}|ClCCCCCl{solv}{x=0.700600}>,CN(C)C=O,ClCCCCCl,openff-2.3.0rc1,3,1.0683244158517389,0.0002613598620746,1.0879000000000003,0.0021
34282,3097,dhmix_1989422051580285053,787,EnthalpyOfMixing,<Substance CN(C)C=O{solv}{x=0.501000}|ClCCCCCl{solv}{x=0.499000}>,CN(C)C=O,ClCCCCCl,openff-2.3.0rc1,3,0.5053520693047275,0.0410268930611426,-0.056,0.002
34283,3098,dhmix_2190775305913174779,788,EnthalpyOfMixing,<Substance CN(C)C=O{solv}{x=0.204000}|ClCCCCCl{solv}{x=0.796000}>,CN(C)C=O,ClCCCCCl,openff-2.3.0rc1,3,0.3341397030671515,0.0398453845541964,-0.039,0.002
34284,3099,dens_518199256039095036,789,Density,<Substance CCCCO{solv}{x=0.496400}|NCCN{solv}{x=0.503600}>,CCCCO,NCCN,openff-2.3.0rc1,3,0.8783921533688283,0.000227460015569,0.8519430000000002,0.000219
34285,3100,dens_866492593379488722,790,Density,<Substance CCCCO{solv}{x=0.739800}|NCCN{solv}{x=0.260200}>,CCCCO,NCCN,openff-2.3.0rc1,3,0.8387108074305387,0.0002692964685337,0.8325090000000002,0.000221
34286,3101,dens_2064365769538781360,791,Density,<Substance CCCCO{solv}{x=0.291900}|NCCN{solv}{x=0.708100}>,CCCCO,NCCN,openff-2.3.0rc1,3,0.9180917445596032,0.0002563303522446,0.8676960000000002,0.0002205
34287,3102,dens_520201021244222151,792,Density,<Substance O=C1CCCO1{solv}{x=0.300000}|O{solv}{x=0.700000}>,O,O=C1CCCO1,openff-2.3.0rc1,3,1.0535631880290472,0.000353464651726,1.0886000000000002,0.0001
34288,3103,dens_2198925124601089428,793,Density,<Substance O=C1CCCO1{solv}{x=0.500000}|O{solv}{x=0.500000}>,O,O=C1CCCO1,openff-2.3.0rc1,3,1.0732091260972398,0.0002111078643111,1.1059000000000003,0.0001
34289,3104,dens_2272207838075726438,794,Density,<Substance O=C1CCCO1{solv}{x=0.800000}|O{solv}{x=0.200000}>,O,O=C1CCCO1,openff-2.3.0rc1,3,1.0902576882017232,0.0002863161334845,1.1182000000000003,0.0001
34290,3105,dhmix_524376395520217080,795,EnthalpyOfMixing,<Substance CC(C)CC(C)(C)C{solv}{x=0.440700}|CCCC(=O)OC{solv}{x=0.559300}>,CC(C)CC(C)(C)C,CCCC(=O)OC,openff-2.3.0rc1,3,1.4655539529146324,0.0359491388051986,1.053,0.0115
34291,3106,dens_581090592491592243,796,Density,<Substance CC(C)CC(C)(C)C{solv}{x=0.298100}|CCCC(=O)OC{solv}{x=0.701900}>,CC(C)CC(C)(C)C,CCCC(=O)OC,openff-2.3.0rc1,3,0.8164104416457472,0.00023455875143,0.8119000000000002,0.000505
34292,3107,dens_1497434747823371430,797,Density,<Substance CC(C)CC(C)(C)C{solv}{x=0.724300}|CCCC(=O)OC{solv}{x=0.275700}>,CC(C)CC(C)(C)C,CCCC(=O)OC,openff-2.3.0rc1,3,0.7398548852340592,0.0001827987481226,0.7279000000000001,0.000505
34293,3108,dhmix_1614087501371550297,798,EnthalpyOfMixing,<Substance CC(C)CC(C)(C)C{solv}{x=0.762900}|CCCC(=O)OC{solv}{x=0.237100}>,CC(C)CC(C)(C)C,CCCC(=O)OC,openff-2.3.0rc1,3,1.24389691473813,0.0497337147510054,0.789,0.0085
34294,3109,dens_1842979547629422953,799,Density,<Substance CC(C)CC(C)(C)C{solv}{x=0.441000}|CCCC(=O)OC{solv}{x=0.559000}>,CC(C)CC(C)(C)C,CCCC(=O)OC,openff-2.3.0rc1,3,0.7881313778881124,0.0001474237387676,0.7803000000000001,0.000505
34295,3110,dhmix_2246911102339588209,800,EnthalpyOfMixing,<Substance CC(C)CC(C)(C)C{solv}{x=0.298200}|CCCC(=O)OC{solv}{x=0.701800}>,CC(C)CC(C)(C)C,CCCC(=O)OC,openff-2.3.0rc1,3,1.2502605434002945,0.0429498072803416,0.884,0.0095
34296,3111,dhmix_536798507677319129,801,EnthalpyOfMixing,<Substance C1COCO1{solv}{x=0.267900}|Cc1ccccc1Cl{solv}{x=0.732100}>,C1COCO1,Cc1ccccc1Cl,openff-2.3.0rc1,3,0.1626903667550863,0.0426886331903274,0.272,0.0015
34297,3112,dens_559535483529614058,802,Density,<Substance C1COCO1{solv}{x=0.726600}|Cc1ccccc1Cl{solv}{x=0.273400}>,C1COCO1,Cc1ccccc1Cl,openff-2.3.0rc1,3,1.0929539421071466,0.0002764707968514,1.0652000000000004,0.0005
34298,3113,dens_731520844601672570,803,Density,<Substance C1COCO1{solv}{x=0.268500}|Cc1ccccc1Cl{solv}{x=0.731500}>,C1COCO1,Cc1ccccc1Cl,openff-2.3.0rc1,3,1.0756331686066771,0.0002725032822675,1.0630000000000002,0.0005
34299,3114,dens_839907656840905053,804,Density,<Substance C1COCO1{solv}{x=0.516900}|Cc1ccccc1Cl{solv}{x=0.483100}>,C1COCO1,Cc1ccccc1Cl,openff-2.3.0rc1,3,1.0899082687361044,0.000246772951814,1.0694000000000004,0.0005
34300,3115,dhmix_1308085019204784636,805,EnthalpyOfMixing,<Substance C1COCO1{solv}{x=0.500900}|Cc1ccccc1Cl{solv}{x=0.499100}>,C1COCO1,Cc1ccccc1Cl,openff-2.3.0rc1,3,0.3445439689966036,0.0397563349519515,0.393,0.002
34301,3116,dhmix_1924685013370154802,806,EnthalpyOfMixing,<Substance C1COCO1{solv}{x=0.760400}|Cc1ccccc1Cl{solv}{x=0.239600}>,C1COCO1,Cc1ccccc1Cl,openff-2.3.0rc1,3,0.2257856567438096,0.039764761789013,0.313,0.0015
34302,3117,dhmix_549919019055097043,807,EnthalpyOfMixing,<Substance C1CCCCC1{solv}{x=0.799100}|CC(C)O{solv}{x=0.200900}>,C1CCCCC1,CC(C)O,openff-2.3.0rc1,3,0.7061242453674481,0.0427186832586599,0.702,0.017
34303,3118,dhmix_1101575580592240663,808,EnthalpyOfMixing,<Substance C1CCCCC1{solv}{x=0.199500}|CC(C)O{solv}{x=0.800500}>,C1CCCCC1,CC(C)O,openff-2.3.0rc1,3,0.4642930829857288,0.0360770209341957,0.438,0.011
34304,3119,dhmix_1262965345724899699,809,EnthalpyOfMixing,<Substance C1CCCCC1{solv}{x=0.498400}|CC(C)O{solv}{x=0.501600}>,C1CCCCC1,CC(C)O,openff-2.3.0rc1,3,0.7947923532081589,0.0414668448332463,0.801,0.0195
34305,3120,dens_1431184569437551541,810,Density,<Substance C1CCCCC1{solv}{x=0.705800}|CC(C)O{solv}{x=0.294200}>,C1CCCCC1,CC(C)O,openff-2.3.0rc1,3,0.7611571922709036,0.0001805573665533,0.7711100000000002,0.000245
34306,3121,dens_2097249982689376165,811,Density,<Substance C1CCCCC1{solv}{x=0.200000}|CC(C)O{solv}{x=0.800000}>,C1CCCCC1,CC(C)O,openff-2.3.0rc1,3,0.7858127662466508,0.0002672325565288,0.7761000000000002,0.0003
34307,3122,dens_2130071224188444793,812,Density,<Substance C1CCCCC1{solv}{x=0.503900}|CC(C)O{solv}{x=0.496100}>,C1CCCCC1,CC(C)O,openff-2.3.0rc1,3,0.7683077951424009,0.0002323354597214,0.7719000000000001,0.0003
34308,3123,dens_562489367284385084,813,Density,<Substance CCCCC(=O)OC{solv}{x=0.251100}|COC(C)=O{solv}{x=0.748900}>,CCCCC(=O)OC,COC(C)=O,openff-2.3.0rc1,3,0.91175982079146,0.0002395335352365,0.9105300000000002,0.000505
34309,3124,dhmix_814771684244180933,814,EnthalpyOfMixing,<Substance CCCCC(=O)OC{solv}{x=0.733900}|COC(C)=O{solv}{x=0.266100}>,CCCCC(=O)OC,COC(C)=O,openff-2.3.0rc1,3,0.1149369404066528,0.0499442643948349,0.178,0.002
34310,3125,dhmix_915202362324204655,815,EnthalpyOfMixing,<Substance CCCCC(=O)OC{solv}{x=0.505500}|COC(C)=O{solv}{x=0.494500}>,CCCCC(=O)OC,COC(C)=O,openff-2.3.0rc1,3,0.0926977374353015,0.0326541421843027,0.238,0.0025
34311,3126,dhmix_935892165648195197,816,EnthalpyOfMixing,<Substance CCCCC(=O)OC{solv}{x=0.234700}|COC(C)=O{solv}{x=0.765300}>,CCCCC(=O)OC,COC(C)=O,openff-2.3.0rc1,3,0.1124168490998016,0.0341664932885656,0.173,0.002
34312,3127,dens_961692445804333991,817,Density,<Substance CCCCC(=O)OC{solv}{x=0.738300}|COC(C)=O{solv}{x=0.261700}>,CCCCC(=O)OC,COC(C)=O,openff-2.3.0rc1,3,0.8897709224578794,0.0001985783074195,0.8914700000000002,0.000505
34313,3128,dens_1493380961688632529,818,Density,<Substance CCCCC(=O)OC{solv}{x=0.493500}|COC(C)=O{solv}{x=0.506500}>,CCCCC(=O)OC,COC(C)=O,openff-2.3.0rc1,3,0.8999234699190763,0.0002284712868315,0.8996200000000002,0.000505
34314,3129,dhmix_563342363018905515,819,EnthalpyOfMixing,<Substance CCOC(=O)CC(C)=O{solv}{x=0.751400}|O{solv}{x=0.248600}>,CCOC(=O)CC(C)=O,O,openff-2.3.0rc1,3,0.8091385367198711,0.0484522994536953,1.128,0.012
34315,3130,dhmix_1385095028103136291,820,EnthalpyOfMixing,<Substance CCOC(=O)CC(C)=O{solv}{x=0.449100}|O{solv}{x=0.550900}>,CCOC(=O)CC(C)=O,O,openff-2.3.0rc1,3,0.7767697887423992,0.0328258289863414,0.684,0.0075
34316,3131,dhmix_1609967394780907654,821,EnthalpyOfMixing,<Substance CCOC(=O)CC(C)=O{solv}{x=0.299400}|O{solv}{x=0.700600}>,CCOC(=O)CC(C)=O,O,openff-2.3.0rc1,3,0.725088322099154,0.0273795686626578,0.428,0.005
34317,3132,dhmix_566259260175961973,822,EnthalpyOfMixing,<Substance CCCCO{solv}{x=0.144700}|OC1=NCCC1{solv}{x=0.855300}>,CCCCO,OC1=NCCC1,openff-2.3.0rc1,3,0.5987914634589089,0.0494158762998403,0.0949,0.0012
34318,3133,dens_1146983614802652988,823,Density,<Substance CCCCO{solv}{x=0.500400}|OC1=NCCC1{solv}{x=0.499600}>,CCCCO,OC1=NCCC1,openff-2.3.0rc1,3,0.9342053668830842,0.0002680949442409,0.94503,0.00015
34319,3134,dhmix_1601732489230179724,824,EnthalpyOfMixing,<Substance CCCCO{solv}{x=0.497800}|OC1=NCCC1{solv}{x=0.502200}>,CCCCO,OC1=NCCC1,openff-2.3.0rc1,3,1.3714204787429196,0.0379055631659514,0.2326,0.0026
34320,3135,dhmix_1661138478850718837,825,EnthalpyOfMixing,<Substance CCCCO{solv}{x=0.754800}|OC1=NCCC1{solv}{x=0.245200}>,CCCCO,OC1=NCCC1,openff-2.3.0rc1,3,1.083897098542915,0.0398773784866375,0.2356,0.00265
34321,3136,dens_1878955695276199878,826,Density,<Substance CCCCO{solv}{x=0.144600}|OC1=NCCC1{solv}{x=0.855400}>,CCCCO,OC1=NCCC1,openff-2.3.0rc1,3,1.0321251495557835,0.0002970467709978,1.0575900000000005,0.000205
34322,3137,dens_2101998760005952263,827,Density,<Substance CCCCO{solv}{x=0.755500}|OC1=NCCC1{solv}{x=0.244500}>,CCCCO,OC1=NCCC1,openff-2.3.0rc1,3,0.8670459979607639,0.0002437474521832,0.8711500000000002,0.000185
34323,3138,dhmix_569012254773025696,828,EnthalpyOfMixing,<Substance CC(C)(C)O{solv}{x=0.505700}|OC1=NCCC1{solv}{x=0.494300}>,CC(C)(C)O,OC1=NCCC1,openff-2.3.0rc1,3,1.8355013463061596,0.0369269038717551,0.4323,0.0047
34324,3139,dens_992979807705536615,829,Density,<Substance CC(C)(C)O{solv}{x=0.751100}|OC1=NCCC1{solv}{x=0.248900}>,CC(C)(C)O,OC1=NCCC1,openff-2.3.0rc1,3,0.8749716761504568,0.0002910081577094,0.8505700000000003,0.000215
34325,3140,dens_1020722913861580636,830,Density,<Substance CC(C)(C)O{solv}{x=0.499700}|OC1=NCCC1{solv}{x=0.500300}>,CC(C)(C)O,OC1=NCCC1,openff-2.3.0rc1,3,0.9376467558672889,0.0004436682522867,0.9282800000000002,0.00018
34326,3141,dhmix_1408261346335628114,831,EnthalpyOfMixing,<Substance CC(C)(C)O{solv}{x=0.744900}|OC1=NCCC1{solv}{x=0.255100}>,CC(C)(C)O,OC1=NCCC1,openff-2.3.0rc1,3,1.7615084083922312,0.0386556054066384,0.3774,0.00415
34327,3142,dhmix_1466823939183874689,832,EnthalpyOfMixing,<Substance CC(C)(C)O{solv}{x=0.257800}|OC1=NCCC1{solv}{x=0.742200}>,CC(C)(C)O,OC1=NCCC1,openff-2.3.0rc1,3,0.948181348519242,0.0395257696953638,0.2874,0.0032
34328,3143,dens_1768273433543243004,833,Density,<Substance CC(C)(C)O{solv}{x=0.276400}|OC1=NCCC1{solv}{x=0.723600}>,CC(C)(C)O,OC1=NCCC1,openff-2.3.0rc1,3,0.9970674857436084,0.0003649676577131,1.0036300000000002,0.000155
34329,3144,dens_571827819113574480,834,Density,<Substance CC(C)OC(C)C{solv}{x=0.700400}|Cc1ccccc1{solv}{x=0.299600}>,CC(C)OC(C)C,Cc1ccccc1,openff-2.3.0rc1,3,0.7712249836208872,0.0001905203410893,0.7573100000000001,0.000155
34330,3145,dhmix_686402805609192969,835,EnthalpyOfMixing,<Substance CC(C)OC(C)C{solv}{x=0.228000}|Cc1ccccc1{solv}{x=0.772000}>,CC(C)OC(C)C,Cc1ccccc1,openff-2.3.0rc1,3,-0.1093568705444667,0.0439253313263282,0.0593,0.00515
34331,3146,dhmix_1045652173440309018,836,EnthalpyOfMixing,<Substance CC(C)OC(C)C{solv}{x=0.752000}|Cc1ccccc1{solv}{x=0.248000}>,CC(C)OC(C)C,Cc1ccccc1,openff-2.3.0rc1,3,-0.0561752461362274,0.0471792934511482,-0.0091,0.00505
34332,3147,dhmix_1690461453403165745,837,EnthalpyOfMixing,<Substance CC(C)OC(C)C{solv}{x=0.455000}|Cc1ccccc1{solv}{x=0.545000}>,CC(C)OC(C)C,Cc1ccccc1,openff-2.3.0rc1,3,-0.1077722806473602,0.0433099105112526,0.0323,0.0051
34333,3148,dens_2086775654110573795,838,Density,<Substance CC(C)OC(C)C{solv}{x=0.200400}|Cc1ccccc1{solv}{x=0.799600}>,CC(C)OC(C)C,Cc1ccccc1,openff-2.3.0rc1,3,0.8340768022127952,0.000215209235543,0.8299700000000002,0.00014
34334,3149,dens_2167043968237201720,839,Density,<Substance CC(C)OC(C)C{solv}{x=0.500300}|Cc1ccccc1{solv}{x=0.499700}>,CC(C)OC(C)C,Cc1ccccc1,openff-2.3.0rc1,3,0.7952656441269972,0.0002116972057793,0.7849200000000002,0.000155
34335,3150,dhmix_578047845607378963,840,EnthalpyOfMixing,<Substance CN1CCCC1=O{solv}{x=0.635900}|c1ccncc1{solv}{x=0.364100}>,CN1CCCC1=O,c1ccncc1,openff-2.3.0rc1,3,-0.2303376306806952,0.0430790775118359,-0.4013,0.10035
34336,3151,dhmix_625120262301063359,841,EnthalpyOfMixing,<Substance CN1CCCC1=O{solv}{x=0.231200}|c1ccncc1{solv}{x=0.768800}>,CN1CCCC1=O,c1ccncc1,openff-2.3.0rc1,3,-0.2822302123818136,0.0432454208923143,-0.3157,0.07895
34337,3152,dens_1059919274311274879,842,Density,<Substance CN1CCCC1=O{solv}{x=0.521500}|c1ccncc1{solv}{x=0.478500}>,CN1CCCC1=O,c1ccncc1,openff-2.3.0rc1,3,0.9949372976109384,0.0001951832119701,1.0158200000000004,0.00051
34338,3153,dens_1445187430653020908,843,Density,<Substance CN1CCCC1=O{solv}{x=0.234800}|c1ccncc1{solv}{x=0.765200}>,CN1CCCC1=O,c1ccncc1,openff-2.3.0rc1,3,0.987806323188201,0.0002355531155348,0.9983500000000004,0.00051
34339,3154,dhmix_1933003504821603087,844,EnthalpyOfMixing,<Substance CN1CCCC1=O{solv}{x=0.499500}|c1ccncc1{solv}{x=0.500500}>,CN1CCCC1=O,c1ccncc1,openff-2.3.0rc1,3,-0.3355238994237624,0.036691547507817,-0.4356,0.1089
34340,3155,dens_2199047009222847682,845,Density,<Substance CN1CCCC1=O{solv}{x=0.636400}|c1ccncc1{solv}{x=0.363600}>,CN1CCCC1=O,c1ccncc1,openff-2.3.0rc1,3,0.9967942838088945,0.000222232298927,1.0207400000000002,0.00051
34341,3156,dens_586351122522837789,846,Density,<Substance c1cc[nH]c1{solv}{x=0.820700}|c1ccccc1{solv}{x=0.179300}>,c1cc[nH]c1,c1ccccc1,openff-2.3.0rc1,3,0.957563022408176,0.0002574375964709,0.9503300000000002,0.000195
34342,3157,dhmix_1101447260293284221,847,EnthalpyOfMixing,<Substance c1cc[nH]c1{solv}{x=0.494000}|c1ccccc1{solv}{x=0.506000}>,c1cc[nH]c1,c1ccccc1,openff-2.3.0rc1,3,0.5481345071418389,0.0331000020136783,0.609,0.00395
34343,3158,dens_1366042600317618213,848,Density,<Substance c1cc[nH]c1{solv}{x=0.503000}|c1ccccc1{solv}{x=0.497000}>,c1cc[nH]c1,c1ccccc1,openff-2.3.0rc1,3,0.9230955693496125,0.0001783692810727,0.9220400000000002,0.00019
34344,3159,dens_2042223650153961549,849,Density,<Substance c1cc[nH]c1{solv}{x=0.314200}|c1ccccc1{solv}{x=0.685800}>,c1cc[nH]c1,c1ccccc1,openff-2.3.0rc1,3,0.9052242836747542,0.0002702067871102,0.9043500000000002,0.000195
34345,3160,dhmix_2080652523589171296,850,EnthalpyOfMixing,<Substance c1cc[nH]c1{solv}{x=0.820800}|c1ccccc1{solv}{x=0.179200}>,c1cc[nH]c1,c1ccccc1,openff-2.3.0rc1,3,0.3498714339182598,0.0363140480198064,0.3441,0.00245
34346,3161,dhmix_2101365800313583195,851,EnthalpyOfMixing,<Substance c1cc[nH]c1{solv}{x=0.314000}|c1ccccc1{solv}{x=0.686000}>,c1cc[nH]c1,c1ccccc1,openff-2.3.0rc1,3,0.4825750202558723,0.0364871888871692,0.5893,0.00385
34347,3162,dens_592296207180530796,852,Density,<Substance C1CCNCC1{solv}{x=0.250000}|O{solv}{x=0.750000}>,C1CCNCC1,O,openff-2.3.0rc1,3,0.9067818388883876,0.000269477324304,0.9379600000000002,0.000185
34348,3163,dhmix_598563182385523239,853,EnthalpyOfMixing,<Substance C1CCNCC1{solv}{x=0.750000}|O{solv}{x=0.250000}>,C1CCNCC1,O,openff-2.3.0rc1,3,-0.4128585391816415,0.0434986701250258,-1.4628,0.02995
34349,3164,dens_1144696340343060729,854,Density,<Substance C1CCNCC1{solv}{x=0.500000}|O{solv}{x=0.500000}>,C1CCNCC1,O,openff-2.3.0rc1,3,0.882797367769361,0.0002388920939671,0.90329,0.000235
34350,3165,dens_1551117370864361960,855,Density,<Substance C1CCNCC1{solv}{x=0.750000}|O{solv}{x=0.250000}>,C1CCNCC1,O,openff-2.3.0rc1,3,0.8706066288808826,0.0002290091790591,0.8771300000000002,0.000285
34351,3166,dhmix_2023343497633678069,856,EnthalpyOfMixing,<Substance C1CCNCC1{solv}{x=0.500000}|O{solv}{x=0.500000}>,C1CCNCC1,O,openff-2.3.0rc1,3,-0.7280578464432121,0.0324041727038485,-2.1379,0.04355
34352,3167,dhmix_2169709193905404129,857,EnthalpyOfMixing,<Substance C1CCNCC1{solv}{x=0.250000}|O{solv}{x=0.750000}>,C1CCNCC1,O,openff-2.3.0rc1,3,-0.4849089951948677,0.0271464077330419,-1.9642,0.04065
34353,3168,dhmix_597694390671293228,858,EnthalpyOfMixing,<Substance C1CCCCC1{solv}{x=0.495000}|c1cc[nH]c1{solv}{x=0.505000}>,C1CCCCC1,c1cc[nH]c1,openff-2.3.0rc1,3,1.6105665731244017,0.0369103118611991,1.4275,0.00895
34354,3169,dens_1402964712081643759,859,Density,<Substance C1CCCCC1{solv}{x=0.281700}|c1cc[nH]c1{solv}{x=0.718300}>,C1CCCCC1,c1cc[nH]c1,openff-2.3.0rc1,3,0.8899229835670323,0.0002675901545193,0.9082800000000002,0.00023
34355,3170,dens_1463337814181203578,860,Density,<Substance C1CCCCC1{solv}{x=0.925100}|c1cc[nH]c1{solv}{x=0.074900}>,C1CCCCC1,c1cc[nH]c1,openff-2.3.0rc1,3,0.7645241995154202,0.0002519687552702,0.7860300000000001,0.00026
34356,3171,dens_1586039458655447443,861,Density,<Substance C1CCCCC1{solv}{x=0.494200}|c1cc[nH]c1{solv}{x=0.505800}>,C1CCCCC1,c1cc[nH]c1,openff-2.3.0rc1,3,0.8386582362810274,0.0002464711303051,0.8661300000000002,0.000235
34357,3172,dhmix_1650717903260721901,862,EnthalpyOfMixing,<Substance C1CCCCC1{solv}{x=0.924800}|c1cc[nH]c1{solv}{x=0.075200}>,C1CCCCC1,c1cc[nH]c1,openff-2.3.0rc1,3,0.8463873863422151,0.0469462171467575,0.7315,0.00535
34358,3173,dhmix_1709124910710738018,863,EnthalpyOfMixing,<Substance C1CCCCC1{solv}{x=0.281800}|c1cc[nH]c1{solv}{x=0.718200}>,C1CCCCC1,c1cc[nH]c1,openff-2.3.0rc1,3,1.3400102675015404,0.0372965949759654,1.245,0.00795
34359,3174,dhmix_602003453564252918,864,EnthalpyOfMixing,<Substance COc1ccccc1{solv}{x=0.767000}|OCCc1ccccc1{solv}{x=0.233000}>,COc1ccccc1,OCCc1ccccc1,openff-2.3.0rc1,3,0.8487901646703051,0.0401616571804642,1.1154,0.01195
34360,3175,dhmix_831666159864093343,865,EnthalpyOfMixing,<Substance COc1ccccc1{solv}{x=0.267800}|OCCc1ccccc1{solv}{x=0.732200}>,COc1ccccc1,OCCc1ccccc1,openff-2.3.0rc1,3,0.5639059791668188,0.0498962543092656,0.688,0.00745
34361,3176,dhmix_1415130215717622630,866,EnthalpyOfMixing,<Substance COc1ccccc1{solv}{x=0.523200}|OCCc1ccccc1{solv}{x=0.476800}>,COc1ccccc1,OCCc1ccccc1,openff-2.3.0rc1,3,0.9971342493989256,0.0416964548557095,1.0457,0.0112
34362,3177,dens_2018050376435813399,867,Density,<Substance COc1ccccc1{solv}{x=0.767300}|OCCc1ccccc1{solv}{x=0.232700}>,COc1ccccc1,OCCc1ccccc1,openff-2.3.0rc1,3,0.983924542016675,0.0001778918051235,0.9869000000000002,0.00026
34363,3178,dens_2083067547090229321,868,Density,<Substance COc1ccccc1{solv}{x=0.524500}|OCCc1ccccc1{solv}{x=0.475500}>,COc1ccccc1,OCCc1ccccc1,openff-2.3.0rc1,3,0.9924449987364856,0.000143404971144,0.9943600000000002,0.00026
34364,3179,dens_2108796896152795987,869,Density,<Substance COc1ccccc1{solv}{x=0.212100}|OCCc1ccccc1{solv}{x=0.787900}>,COc1ccccc1,OCCc1ccccc1,openff-2.3.0rc1,3,1.003039309811783,0.0001721011697617,1.0032600000000005,0.00026
34365,3180,dhmix_607389561715885318,870,EnthalpyOfMixing,<Substance CC(C)O{solv}{x=0.750600}|CCOC(=O)CC(=O)OCC{solv}{x=0.249400}>,CC(C)O,CCOC(=O)CC(=O)OCC,openff-2.3.0rc1,3,1.992403030679327,0.0404021068060447,1.955,0.021
34366,3181,dhmix_970997719035766241,871,EnthalpyOfMixing,<Substance CC(C)O{solv}{x=0.249200}|CCOC(=O)CC(=O)OCC{solv}{x=0.750800}>,CC(C)O,CCOC(=O)CC(=O)OCC,openff-2.3.0rc1,3,1.523957543049221,0.0516426372167983,1.804,0.0195
34367,3182,dens_1055220895195342210,872,Density,<Substance CC(C)O{solv}{x=0.700000}|CCOC(=O)CC(=O)OCC{solv}{x=0.300000}>,CC(C)O,CCOC(=O)CC(=O)OCC,openff-2.3.0rc1,3,0.9211896858673227,0.0002500907095309,0.9013080000000002,0.000163
34368,3183,dens_1059428282849222105,873,Density,<Substance CC(C)O{solv}{x=0.500100}|CCOC(=O)CC(=O)OCC{solv}{x=0.499900}>,CC(C)O,CCOC(=O)CC(=O)OCC,openff-2.3.0rc1,3,0.9732846459124476,0.0001967157227142,0.9563730000000004,0.0001215
34369,3184,dhmix_2225069850502215858,874,EnthalpyOfMixing,<Substance CC(C)O{solv}{x=0.499700}|CCOC(=O)CC(=O)OCC{solv}{x=0.500300}>,CC(C)O,CCOC(=O)CC(=O)OCC,openff-2.3.0rc1,3,2.3082288107234774,0.0466580062229643,2.369,0.0255
34370,3185,dens_2227064517025896927,875,Density,<Substance CC(C)O{solv}{x=0.200000}|CCOC(=O)CC(=O)OCC{solv}{x=0.800000}>,CC(C)O,CCOC(=O)CC(=O)OCC,openff-2.3.0rc1,3,1.0305752345205277,0.0001492617948113,1.0176930000000002,0.000103
34371,3186,dhmix_614525131410782877,876,EnthalpyOfMixing,<Substance CCCCCC(C)=O{solv}{x=0.491300}|CCCCNCCCC{solv}{x=0.508700}>,CCCCCC(C)=O,CCCCNCCCC,openff-2.3.0rc1,3,-0.0592134988138184,0.0561964366188798,0.278,0.003
34372,3187,dhmix_1051001364116056564,877,EnthalpyOfMixing,<Substance CCCCCC(C)=O{solv}{x=0.781100}|CCCCNCCCC{solv}{x=0.218900}>,CCCCCC(C)=O,CCCCNCCCC,openff-2.3.0rc1,3,-0.0299501659386578,0.0488767769089098,0.164,0.002
34373,3188,dens_1087422962538109584,878,Density,<Substance CCCCCC(C)=O{solv}{x=0.449900}|CCCCNCCCC{solv}{x=0.550100}>,CCCCCC(C)=O,CCCCNCCCC,openff-2.3.0rc1,3,0.7754884015772974,0.0001968429441843,0.7778490000000002,9.250000000000004e-05
34374,3189,dens_1830187222448876426,879,Density,<Substance CCCCCC(C)=O{solv}{x=0.209700}|CCCCNCCCC{solv}{x=0.790300}>,CCCCCC(C)=O,CCCCNCCCC,openff-2.3.0rc1,3,0.766422193485955,0.0001615935440997,0.7655110000000002,8.400000000000002e-05
34375,3190,dens_2113849591242853193,880,Density,<Substance CCCCCC(C)=O{solv}{x=0.750900}|CCCCNCCCC{solv}{x=0.249100}>,CCCCCC(C)=O,CCCCNCCCC,openff-2.3.0rc1,3,0.788035930792658,0.0001856568360974,0.7951660000000003,0.000105
34376,3191,dhmix_2131918011494960609,881,EnthalpyOfMixing,<Substance CCCCCC(C)=O{solv}{x=0.294700}|CCCCNCCCC{solv}{x=0.705300}>,CCCCCC(C)=O,CCCCNCCCC,openff-2.3.0rc1,3,-0.0287247638425185,0.0495976929538078,0.256,0.003
34377,3192,dhmix_618866445574413387,882,EnthalpyOfMixing,<Substance C1CCOCC1{solv}{x=0.442500}|Cc1ccccc1C{solv}{x=0.557500}>,C1CCOCC1,Cc1ccccc1C,openff-2.3.0rc1,3,-0.063773552068099,0.0409241337928953,-0.0342,0.0006
34378,3193,dens_643927890193937545,883,Density,<Substance C1CCOCC1{solv}{x=0.518700}|Cc1ccccc1C{solv}{x=0.481300}>,C1CCOCC1,Cc1ccccc1C,openff-2.3.0rc1,3,0.8679201519487989,0.000153981980024,0.8779900000000003,0.0005
34379,3194,dhmix_1129414916141538177,884,EnthalpyOfMixing,<Substance C1CCOCC1{solv}{x=0.744300}|Cc1ccccc1C{solv}{x=0.255700}>,C1CCOCC1,Cc1ccccc1C,openff-2.3.0rc1,3,-0.0172607176166508,0.0455719639554301,0.0421,0.00065
34380,3195,dens_1429468909820653032,885,Density,<Substance C1CCOCC1{solv}{x=0.231800}|Cc1ccccc1C{solv}{x=0.768200}>,C1CCOCC1,Cc1ccccc1C,openff-2.3.0rc1,3,0.8666617656881285,0.000196707773602,0.8770400000000002,0.0005
34381,3196,dens_1442497603142913792,886,Density,<Substance C1CCOCC1{solv}{x=0.772900}|Cc1ccccc1C{solv}{x=0.227100}>,C1CCOCC1,Cc1ccccc1C,openff-2.3.0rc1,3,0.8700153432827549,0.0002245862498504,0.8787800000000002,0.000505
34382,3197,dhmix_2268256048157488415,887,EnthalpyOfMixing,<Substance C1CCOCC1{solv}{x=0.245400}|Cc1ccccc1C{solv}{x=0.754600}>,C1CCOCC1,Cc1ccccc1C,openff-2.3.0rc1,3,-0.0153072391657644,0.0500261875911227,-0.0613,0.00085
34383,3198,dens_626398848152359169,888,Density,<Substance C1COCCN1{solv}{x=0.498000}|O{solv}{x=0.502000}>,C1COCCN1,O,openff-2.3.0rc1,3,1.0364466424775556,0.0003041910375683,1.0255000000000003,0.00255
34384,3199,dhmix_773913810754342365,889,EnthalpyOfMixing,<Substance C1COCCN1{solv}{x=0.714900}|O{solv}{x=0.285100}>,C1COCCN1,O,openff-2.3.0rc1,3,-1.5719875032538226,0.0413356764114305,-1.753,0.019
34385,3200,dhmix_1012297674499495059,890,EnthalpyOfMixing,<Substance C1COCCN1{solv}{x=0.201000}|O{solv}{x=0.799000}>,C1COCCN1,O,openff-2.3.0rc1,3,-1.091754051351861,0.0214645031804323,-2.758,0.0295
34386,3201,dens_1167008264969667349,891,Density,<Substance C1COCCN1{solv}{x=0.793000}|O{solv}{x=0.207000}>,C1COCCN1,O,openff-2.3.0rc1,3,1.0417616031163488,0.0005516155526253,1.0057000000000005,0.00245
34387,3202,dhmix_1871930573512426354,892,EnthalpyOfMixing,<Substance C1COCCN1{solv}{x=0.491100}|O{solv}{x=0.508900}>,C1COCCN1,O,openff-2.3.0rc1,3,-1.8940272747749276,0.0378127223964208,-3.131,0.0335
34388,3203,dens_2014911999593579414,893,Density,<Substance C1COCCN1{solv}{x=0.298000}|O{solv}{x=0.702000}>,C1COCCN1,O,openff-2.3.0rc1,3,1.028750375052337,0.0002761432593435,1.0309000000000004,0.00255
34389,3204,dens_627753907231278660,894,Density,<Substance CCC(C)=O{solv}{x=0.753100}|CCCNCCC{solv}{x=0.246900}>,CCC(C)=O,CCCNCCC,openff-2.3.0rc1,3,0.7647347061665045,0.0002397033683007,0.7771510000000001,0.000109
34390,3205,dens_674236159588910357,895,Density,<Substance CCC(C)=O{solv}{x=0.244600}|CCCNCCC{solv}{x=0.755400}>,CCC(C)=O,CCCNCCC,openff-2.3.0rc1,3,0.7439198244352117,0.0002178586587283,0.7446230000000003,0.0001405
34391,3206,dhmix_749228177959685874,896,EnthalpyOfMixing,<Substance CCC(C)=O{solv}{x=0.235300}|CCCNCCC{solv}{x=0.764700}>,CCC(C)=O,CCCNCCC,openff-2.3.0rc1,3,0.0673978297102451,0.0424559713848254,0.299,0.0035
34392,3207,dhmix_1706960823617656563,897,EnthalpyOfMixing,<Substance CCC(C)=O{solv}{x=0.698400}|CCCNCCC{solv}{x=0.301600}>,CCC(C)=O,CCCNCCC,openff-2.3.0rc1,3,0.0640969889828824,0.0421190017826143,0.334,0.0035
34393,3208,dhmix_2102794241345605516,898,EnthalpyOfMixing,<Substance CCC(C)=O{solv}{x=0.505000}|CCCNCCC{solv}{x=0.495000}>,CCC(C)=O,CCCNCCC,openff-2.3.0rc1,3,0.0709248189778648,0.043762565119827,0.397,0.0045
34394,3209,dens_2224864308887622456,899,Density,<Substance CCC(C)=O{solv}{x=0.500600}|CCCNCCC{solv}{x=0.499400}>,CCC(C)=O,CCCNCCC,openff-2.3.0rc1,3,0.7536020098305269,0.0002177739845973,0.7590400000000002,0.000125
34395,3210,dhmix_628329103086906726,900,EnthalpyOfMixing,<Substance CC1CCCCC1{solv}{x=0.250400}|CCCO{solv}{x=0.749600}>,CC1CCCCC1,CCCO,openff-2.3.0rc1,3,0.4508115119867142,0.0336152072913469,0.321,0.0055
34396,3211,dhmix_989207392771680315,901,EnthalpyOfMixing,<Substance CC1CCCCC1{solv}{x=0.750500}|CCCO{solv}{x=0.249500}>,CC1CCCCC1,CCCO,openff-2.3.0rc1,3,0.4883237373991704,0.0511368407433804,0.574,0.0055
34397,3212,dens_1351260115393741606,902,Density,<Substance CC1CCCCC1{solv}{x=0.503100}|CCCO{solv}{x=0.496900}>,CC1CCCCC1,CCCO,openff-2.3.0rc1,3,0.7718210204017975,0.0002183851208428,0.7785600000000001,0.0039
34398,3213,dens_1376195506089851480,903,Density,<Substance CC1CCCCC1{solv}{x=0.202700}|CCCO{solv}{x=0.797300}>,CC1CCCCC1,CCCO,openff-2.3.0rc1,3,0.785137748814483,0.0002800330497181,0.7942000000000002,0.00398
34399,3214,dens_1501229836503112732,904,Density,<Substance CC1CCCCC1{solv}{x=0.799000}|CCCO{solv}{x=0.201000}>,CC1CCCCC1,CCCO,openff-2.3.0rc1,3,0.7627239955736428,0.0001579251754611,0.7688300000000002,0.003855
34400,3215,dhmix_2109805019413953371,905,EnthalpyOfMixing,<Substance CC1CCCCC1{solv}{x=0.500400}|CCCO{solv}{x=0.499600}>,CC1CCCCC1,CCCO,openff-2.3.0rc1,3,0.6182536414108952,0.038784326705123,0.533,0.0055
34401,3216,dhmix_634764080264908666,906,EnthalpyOfMixing,<Substance OCCN1CCOCC1{solv}{x=0.498900}|O{solv}{x=0.501100}>,O,OCCN1CCOCC1,openff-2.3.0rc1,3,-2.181073809354359,0.0309323415152101,-2.2633,0.02415
34402,3217,dens_707792343667224312,907,Density,<Substance OCCN1CCOCC1{solv}{x=0.246600}|O{solv}{x=0.753400}>,O,OCCN1CCOCC1,openff-2.3.0rc1,3,1.072906237287687,0.000375106822206,1.0838100000000002,0.00154
34403,3218,dhmix_1064373607860850902,908,EnthalpyOfMixing,<Substance OCCN1CCOCC1{solv}{x=0.694900}|O{solv}{x=0.305100}>,O,OCCN1CCOCC1,openff-2.3.0rc1,3,-1.971031956323884,0.042826793050046,-1.7936,0.01915
34404,3219,dhmix_1846281306963870091,909,EnthalpyOfMixing,<Substance OCCN1CCOCC1{solv}{x=0.300200}|O{solv}{x=0.699800}>,O,OCCN1CCOCC1,openff-2.3.0rc1,3,-1.4787640607161308,0.0330126941810427,-2.426,0.026
34405,3220,dens_2238932092645470826,910,Density,<Substance OCCN1CCOCC1{solv}{x=0.743900}|O{solv}{x=0.256100}>,O,OCCN1CCOCC1,openff-2.3.0rc1,3,1.0943444078994895,0.0002479526565948,1.08031,0.001565
34406,3221,dens_2269173599223764079,911,Density,<Substance OCCN1CCOCC1{solv}{x=0.485200}|O{solv}{x=0.514800}>,O,OCCN1CCOCC1,openff-2.3.0rc1,3,1.0894589261489973,0.0003974387289068,1.0866900000000004,0.00159
34407,3222,dhmix_636778454546345333,912,EnthalpyOfMixing,<Substance C1CCCCC1{solv}{x=0.506300}|CNc1ccccc1{solv}{x=0.493700}>,C1CCCCC1,CNc1ccccc1,openff-2.3.0rc1,3,2.179789555442106,0.0448129028347802,1.628,0.0175
34408,3223,dens_1209163492396921559,913,Density,<Substance C1CCCCC1{solv}{x=0.247000}|CNc1ccccc1{solv}{x=0.753000}>,C1CCCCC1,CNc1ccccc1,openff-2.3.0rc1,3,0.9320189283993284,0.0001843454635856,0.9289450000000002,0.000272
34409,3224,dens_1438140901521078017,914,Density,<Substance C1CCCCC1{solv}{x=0.494500}|CNc1ccccc1{solv}{x=0.505500}>,C1CCCCC1,CNc1ccccc1,openff-2.3.0rc1,3,0.8711997685659381,0.0001842039253804,0.8759620000000002,0.0001835
34410,3225,dens_1482697199055102595,915,Density,<Substance C1CCCCC1{solv}{x=0.746400}|CNc1ccccc1{solv}{x=0.253600}>,C1CCCCC1,CNc1ccccc1,openff-2.3.0rc1,3,0.811260513213061,0.0001850519098573,0.8233530000000001,0.000138
34411,3226,dhmix_1832297119731463766,916,EnthalpyOfMixing,<Substance C1CCCCC1{solv}{x=0.204700}|CNc1ccccc1{solv}{x=0.795300}>,C1CCCCC1,CNc1ccccc1,openff-2.3.0rc1,3,1.622948617993039,0.0508167809961929,0.972,0.0105
34412,3227,dhmix_1889368397403208807,917,EnthalpyOfMixing,<Substance C1CCCCC1{solv}{x=0.706600}|CNc1ccccc1{solv}{x=0.293400}>,C1CCCCC1,CNc1ccccc1,openff-2.3.0rc1,3,1.945580576061985,0.0467595469156857,1.521,0.0165
34413,3228,dhmix_637657437173907469,918,EnthalpyOfMixing,<Substance CC(C)=O{solv}{x=0.709700}|CNc1ccccc1{solv}{x=0.290300}>,CC(C)=O,CNc1ccccc1,openff-2.3.0rc1,3,-0.4307113280108474,0.0371409134798713,-0.525,0.0055
34414,3229,dhmix_817594693007274900,919,EnthalpyOfMixing,<Substance CC(C)=O{solv}{x=0.231600}|CNc1ccccc1{solv}{x=0.768400}>,CC(C)=O,CNc1ccccc1,openff-2.3.0rc1,3,-0.4354596436650162,0.0521698314689286,-0.5,0.0055
34415,3230,dens_830664987854613197,920,Density,<Substance CC(C)=O{solv}{x=0.250300}|CNc1ccccc1{solv}{x=0.749700}>,CC(C)=O,CNc1ccccc1,openff-2.3.0rc1,3,0.9585341491949202,0.0002014993502303,0.9502900000000002,0.0003395
34416,3231,dhmix_1052042310023734389,921,EnthalpyOfMixing,<Substance CC(C)=O{solv}{x=0.508600}|CNc1ccccc1{solv}{x=0.491400}>,CC(C)=O,CNc1ccccc1,openff-2.3.0rc1,3,-0.523055289908914,0.0406081869539086,-0.672,0.0075
34417,3232,dens_1302333367899693905,922,Density,<Substance CC(C)=O{solv}{x=0.750600}|CNc1ccccc1{solv}{x=0.249400}>,CC(C)=O,CNc1ccccc1,openff-2.3.0rc1,3,0.8516075207617358,0.0002508334603445,0.8565010000000002,0.000231
34418,3233,dens_1582643029733708616,923,Density,<Substance CC(C)=O{solv}{x=0.494800}|CNc1ccccc1{solv}{x=0.505200}>,CC(C)=O,CNc1ccccc1,openff-2.3.0rc1,3,0.9133187932067196,0.0002314458021628,0.9107940000000002,0.000263
34419,3234,dens_650566412384126439,924,Density,<Substance CC(C)CC(C)(C)C{solv}{x=0.158800}|CCCCC(=O)OC{solv}{x=0.841200}>,CC(C)CC(C)(C)C,CCCCC(=O)OC,openff-2.3.0rc1,3,0.8470130121221267,0.0002081288810848,0.8463800000000002,0.000505
34420,3235,dhmix_986100941633296124,925,EnthalpyOfMixing,<Substance CC(C)CC(C)(C)C{solv}{x=0.481800}|CCCCC(=O)OC{solv}{x=0.518200}>,CC(C)CC(C)(C)C,CCCCC(=O)OC,openff-2.3.0rc1,3,1.3827117066059458,0.0483727262730452,0.866,0.0095
34421,3236,dens_1095352626338523806,926,Density,<Substance CC(C)CC(C)(C)C{solv}{x=0.742500}|CCCCC(=O)OC{solv}{x=0.257500}>,CC(C)CC(C)(C)C,CCCCC(=O)OC,openff-2.3.0rc1,3,0.7408747095976059,0.0001936172358807,0.7289800000000002,0.000505
34422,3237,dens_1260001645299629257,927,Density,<Substance CC(C)CC(C)(C)C{solv}{x=0.498400}|CCCCC(=O)OC{solv}{x=0.501600}>,CC(C)CC(C)(C)C,CCCCC(=O)OC,openff-2.3.0rc1,3,0.7815287366599604,0.0001900374711249,0.7738400000000002,0.000505
34423,3238,dhmix_1505455794590867712,928,EnthalpyOfMixing,<Substance CC(C)CC(C)(C)C{solv}{x=0.158900}|CCCCC(=O)OC{solv}{x=0.841100}>,CC(C)CC(C)(C)C,CCCCC(=O)OC,openff-2.3.0rc1,3,0.722523665168417,0.0480301409117781,0.438,0.005
34424,3239,dhmix_1888614200283593194,929,EnthalpyOfMixing,<Substance CC(C)CC(C)(C)C{solv}{x=0.781300}|CCCCC(=O)OC{solv}{x=0.218700}>,CC(C)CC(C)(C)C,CCCCC(=O)OC,openff-2.3.0rc1,3,1.1125659164779478,0.048759431439346,0.658,0.007
34425,3240,dhmix_657900975986635712,930,EnthalpyOfMixing,<Substance Cc1ccccc1N{solv}{x=0.782700}|Cc1ccncc1{solv}{x=0.217300}>,Cc1ccccc1N,Cc1ccncc1,openff-2.3.0rc1,3,-0.8278881241639766,0.0418837862304066,-0.8885,0.0182
34426,3241,dhmix_727678512066874384,931,EnthalpyOfMixing,<Substance Cc1ccccc1N{solv}{x=0.478300}|Cc1ccncc1{solv}{x=0.521700}>,Cc1ccccc1N,Cc1ccncc1,openff-2.3.0rc1,3,-1.27911170467344,0.044812041828886,-1.4295,0.0291
34427,3242,dhmix_860941552641107708,932,EnthalpyOfMixing,<Substance Cc1ccccc1N{solv}{x=0.271500}|Cc1ccncc1{solv}{x=0.728500}>,Cc1ccccc1N,Cc1ccncc1,openff-2.3.0rc1,3,-1.0984315211765576,0.0341336570665183,-1.1791,0.02405
34428,3243,dens_1148106102021344214,933,Density,<Substance Cc1ccccc1N{solv}{x=0.265500}|Cc1ccncc1{solv}{x=0.734500}>,Cc1ccccc1N,Cc1ccncc1,openff-2.3.0rc1,3,0.9694285998853088,0.000225212459588,0.9662520000000002,0.00012
34429,3244,dens_1294189007890656769,934,Density,<Substance Cc1ccccc1N{solv}{x=0.486300}|Cc1ccncc1{solv}{x=0.513700}>,Cc1ccccc1N,Cc1ccncc1,openff-2.3.0rc1,3,0.9846340885873212,0.0001831530510863,0.9765780000000002,0.000119
34430,3245,dens_1461384477504239974,935,Density,<Substance Cc1ccccc1N{solv}{x=0.767400}|Cc1ccncc1{solv}{x=0.232600}>,Cc1ccccc1N,Cc1ccncc1,openff-2.3.0rc1,3,1.0022855603571437,0.0002510927426759,0.9868740000000004,0.000118
34431,3246,dens_671712471159959715,936,Density,<Substance CCCCCCN{solv}{x=0.294400}|CN(C)C=O{solv}{x=0.705600}>,CCCCCCN,CN(C)C=O,openff-2.3.0rc1,3,0.8591977705923907,0.0002314713969675,0.8676880000000002,0.001057
34432,3247,dhmix_791979567859859400,937,EnthalpyOfMixing,<Substance CCCCCCN{solv}{x=0.747800}|CN(C)C=O{solv}{x=0.252200}>,CCCCCCN,CN(C)C=O,openff-2.3.0rc1,3,0.2571055535394748,0.0431757919205511,0.461,0.015
34433,3248,dens_812907294215791908,938,Density,<Substance CCCCCCN{solv}{x=0.450000}|CN(C)C=O{solv}{x=0.550000}>,CCCCCCN,CN(C)C=O,openff-2.3.0rc1,3,0.8349195266688434,0.0001470739020053,0.8367510000000001,0.001016
34434,3249,dhmix_1553880519684715156,939,EnthalpyOfMixing,<Substance CCCCCCN{solv}{x=0.249700}|CN(C)C=O{solv}{x=0.750300}>,CCCCCCN,CN(C)C=O,openff-2.3.0rc1,3,0.3308510741187831,0.0354869980315526,0.51,0.0165
34435,3250,dens_1658157305664412923,940,Density,<Substance CCCCCCN{solv}{x=0.745200}|CN(C)C=O{solv}{x=0.254800}>,CCCCCCN,CN(C)C=O,openff-2.3.0rc1,3,0.7973684260446345,0.0001528012204711,0.7905460000000002,0.0009575
34436,3251,dhmix_2271922176351407084,941,EnthalpyOfMixing,<Substance CCCCCCN{solv}{x=0.499700}|CN(C)C=O{solv}{x=0.500300}>,CCCCCCN,CN(C)C=O,openff-2.3.0rc1,3,0.5306157950324035,0.0414202845031133,0.661,0.02
34437,3252,dhmix_676105854791415053,942,EnthalpyOfMixing,<Substance C=C(C)[C@H]1CC=C(C)CC1{solv}{x=0.540000}|CCCCCO{solv}{x=0.460000}>,C=C(C)[C@H]1CC=C(C)CC1,CCCCCO,openff-2.3.0rc1,3,0.8297756009540507,0.0465948184656444,0.858,0.0345
34438,3253,dhmix_865539540276734208,943,EnthalpyOfMixing,<Substance C=C(C)[C@H]1CC=C(C)CC1{solv}{x=0.766000}|CCCCCO{solv}{x=0.234000}>,C=C(C)[C@H]1CC=C(C)CC1,CCCCCO,openff-2.3.0rc1,3,1.0272878820900786,0.0550741398052897,0.782,0.0315
34439,3254,dens_1544700949225348296,944,Density,<Substance C=C(C)[C@H]1CC=C(C)CC1{solv}{x=0.263500}|CCCCCO{solv}{x=0.736500}>,C=C(C)[C@H]1CC=C(C)CC1,CCCCCO,openff-2.3.0rc1,3,0.8190793054991213,0.0001702886306463,0.8238000000000002,0.0002
34440,3255,dens_1638649899512334435,945,Density,<Substance C=C(C)[C@H]1CC=C(C)CC1{solv}{x=0.543500}|CCCCCO{solv}{x=0.456500}>,C=C(C)[C@H]1CC=C(C)CC1,CCCCCO,openff-2.3.0rc1,3,0.8225742056518761,0.000133464693487,0.8312000000000003,0.0003
34441,3256,dens_2014432371647189246,946,Density,<Substance C=C(C)[C@H]1CC=C(C)CC1{solv}{x=0.725200}|CCCCCO{solv}{x=0.274800}>,C=C(C)[C@H]1CC=C(C)CC1,CCCCCO,openff-2.3.0rc1,3,0.8248761261354429,0.0001857953526387,0.8354000000000001,0.00035
34442,3257,dhmix_2293008983270202716,947,EnthalpyOfMixing,<Substance C=C(C)[C@H]1CC=C(C)CC1{solv}{x=0.272000}|CCCCCO{solv}{x=0.728000}>,C=C(C)[C@H]1CC=C(C)CC1,CCCCCO,openff-2.3.0rc1,3,0.4648599820997248,0.0471326282457135,0.532,0.0215
34443,3258,dens_680086766431069719,948,Density,<Substance CN1CCNCC1{solv}{x=0.209100}|O{solv}{x=0.790900}>,CN1CCNCC1,O,openff-2.3.0rc1,3,0.9929912964805496,0.0003121219899454,1.0013300000000005,4.000000000000001e-05
34444,3259,dhmix_979415629850644100,949,EnthalpyOfMixing,<Substance CN1CCNCC1{solv}{x=0.199800}|O{solv}{x=0.800200}>,CN1CCNCC1,O,openff-2.3.0rc1,3,-3.388541439323536,0.0244144184567269,-4.495,0.048
34445,3260,dhmix_1386641258873877278,950,EnthalpyOfMixing,<Substance CN1CCNCC1{solv}{x=0.792600}|O{solv}{x=0.207400}>,CN1CCNCC1,O,openff-2.3.0rc1,3,-1.2065286680714848,0.0491666965070569,-1.753,0.019
34446,3261,dhmix_1572121970391530461,951,EnthalpyOfMixing,<Substance CN1CCNCC1{solv}{x=0.550000}|O{solv}{x=0.450000}>,CN1CCNCC1,O,openff-2.3.0rc1,3,-2.8719416230389925,0.0358593743589187,-3.547,0.038
34447,3262,dens_1756096179620961699,952,Density,<Substance CN1CCNCC1{solv}{x=0.510900}|O{solv}{x=0.489100}>,CN1CCNCC1,O,openff-2.3.0rc1,3,0.9701982941500334,0.0003372164991775,0.9464100000000002,7.000000000000002e-05
34448,3263,dens_1892970147583328629,953,Density,<Substance CN1CCNCC1{solv}{x=0.706500}|O{solv}{x=0.293500}>,CN1CCNCC1,O,openff-2.3.0rc1,3,0.9613155654005467,0.0003507473870554,0.9223100000000002,8.500000000000002e-05
34449,3264,dhmix_681274412655414068,954,EnthalpyOfMixing,<Substance CCCOC(=O)CC{solv}{x=0.739400}|Cc1ccccc1{solv}{x=0.260600}>,CCCOC(=O)CC,Cc1ccccc1,openff-2.3.0rc1,3,-0.2812116289399426,0.0510905414557381,-0.1135,0.0033
34450,3265,dhmix_720914323963600437,955,EnthalpyOfMixing,<Substance CCCOC(=O)CC{solv}{x=0.238900}|Cc1ccccc1{solv}{x=0.761100}>,CCCOC(=O)CC,Cc1ccccc1,openff-2.3.0rc1,3,-0.294279529445852,0.0422210691204551,-0.1404,0.0037
34451,3266,dens_1397630560016316656,956,Density,<Substance CCCOC(=O)CC{solv}{x=0.274700}|Cc1ccccc1{solv}{x=0.725300}>,CCCOC(=O)CC,Cc1ccccc1,openff-2.3.0rc1,3,0.8664952236895492,0.0002182145000378,0.8675700000000003,0.00018
34452,3267,dhmix_1646061995263935606,957,EnthalpyOfMixing,<Substance CCCOC(=O)CC{solv}{x=0.548600}|Cc1ccccc1{solv}{x=0.451400}>,CCCOC(=O)CC,Cc1ccccc1,openff-2.3.0rc1,3,-0.34398358632275,0.0450770274213062,-0.1583,0.004
34453,3268,dens_1792064777238352129,958,Density,<Substance CCCOC(=O)CC{solv}{x=0.490700}|Cc1ccccc1{solv}{x=0.509300}>,CCCOC(=O)CC,Cc1ccccc1,openff-2.3.0rc1,3,0.868626934895578,0.0002105557702784,0.8707300000000002,0.00019
34454,3269,dens_1826904081955826008,959,Density,<Substance CCCOC(=O)CC{solv}{x=0.734600}|Cc1ccccc1{solv}{x=0.265400}>,CCCOC(=O)CC,Cc1ccccc1,openff-2.3.0rc1,3,0.8703639745074261,0.000193141193499,0.8734100000000001,0.00021
34455,3270,dens_685747331874801159,960,Density,<Substance CN1CCOCC1{solv}{x=0.498300}|O{solv}{x=0.501700}>,CN1CCOCC1,O,openff-2.3.0rc1,3,0.9804091706283856,0.0004026916460354,0.9627600000000002,0.00084
34456,3271,dens_1087644349445114282,961,Density,<Substance CN1CCOCC1{solv}{x=0.253800}|O{solv}{x=0.746200}>,CN1CCOCC1,O,openff-2.3.0rc1,3,0.986313212397772,0.000263022607372,0.9918800000000002,0.00059
34457,3272,dens_1374975991061431070,962,Density,<Substance CN1CCOCC1{solv}{x=0.758700}|O{solv}{x=0.241300}>,CN1CCOCC1,O,openff-2.3.0rc1,3,0.9691841668180876,0.0002169517785614,0.9345300000000002,0.00112
34458,3273,dhmix_686592400130667234,963,EnthalpyOfMixing,<Substance BrCCCBr{solv}{x=0.231300}|COC(C)=O{solv}{x=0.768700}>,BrCCCBr,COC(C)=O,openff-2.3.0rc1,3,0.2376046085236325,0.0345266816014185,0.2115,0.0024
34459,3274,dhmix_691866222529030049,964,EnthalpyOfMixing,<Substance BrCCCBr{solv}{x=0.504200}|COC(C)=O{solv}{x=0.495800}>,BrCCCBr,COC(C)=O,openff-2.3.0rc1,3,0.2514168447880713,0.0317280489615229,0.3912,0.0038
34460,3275,dens_1032175440351342196,965,Density,<Substance BrCCCBr{solv}{x=0.243500}|COC(C)=O{solv}{x=0.756500}>,BrCCCBr,COC(C)=O,openff-2.3.0rc1,3,1.2243377846584556,0.000409906579631,1.2277600000000002,0.00096
34461,3276,dens_1180265274183315765,966,Density,<Substance BrCCCBr{solv}{x=0.713800}|COC(C)=O{solv}{x=0.286200}>,BrCCCBr,COC(C)=O,openff-2.3.0rc1,3,1.6950278811083823,0.0005700685647945,1.7174300000000005,0.002745
34462,3277,dhmix_1380172638999588939,967,EnthalpyOfMixing,<Substance BrCCCBr{solv}{x=0.759400}|COC(C)=O{solv}{x=0.240600}>,BrCCCBr,COC(C)=O,openff-2.3.0rc1,3,0.1742384931242373,0.0302169525706995,0.313,0.0032
34463,3278,dens_1697077234757321859,968,Density,<Substance BrCCCBr{solv}{x=0.525600}|COC(C)=O{solv}{x=0.474400}>,BrCCCBr,COC(C)=O,openff-2.3.0rc1,3,1.5206712304403094,0.0004666501578658,1.5338800000000006,0.001965
34464,3279,dens_693154680723850561,969,Density,<Substance CN1CCCC1=O{solv}{x=0.756400}|Cc1ccccc1{solv}{x=0.243600}>,CN1CCCC1=O,Cc1ccccc1,openff-2.3.0rc1,3,0.965700163679,0.0002093421210862,0.9854500000000004,0.00034
34465,3280,dhmix_1759507684169085916,970,EnthalpyOfMixing,<Substance CN1CCCC1=O{solv}{x=0.741800}|Cc1ccccc1{solv}{x=0.258200}>,CN1CCCC1=O,Cc1ccccc1,openff-2.3.0rc1,3,-0.0666532706520968,0.0389247774291386,-0.2141,0.0024
34466,3281,dens_1796497685752507694,971,Density,<Substance CN1CCCC1=O{solv}{x=0.481500}|Cc1ccccc1{solv}{x=0.518500}>,CN1CCCC1=O,Cc1ccccc1,openff-2.3.0rc1,3,0.9278384416546304,0.000227234179222,0.9415400000000002,0.00028
34467,3282,dhmix_1857599089574133884,972,EnthalpyOfMixing,<Substance CN1CCCC1=O{solv}{x=0.223100}|Cc1ccccc1{solv}{x=0.776900}>,CN1CCCC1=O,Cc1ccccc1,openff-2.3.0rc1,3,-0.0302221462643359,0.0435058405268199,-0.1889,0.00215
34468,3283,dens_1886489466266398819,973,Density,<Substance CN1CCCC1=O{solv}{x=0.221600}|Cc1ccccc1{solv}{x=0.778400}>,CN1CCCC1=O,Cc1ccccc1,openff-2.3.0rc1,3,0.8994399189079686,0.00023814116737,0.9061600000000002,0.00076
34469,3284,dhmix_2238554893157725289,974,EnthalpyOfMixing,<Substance CN1CCCC1=O{solv}{x=0.482100}|Cc1ccccc1{solv}{x=0.517900}>,CN1CCCC1=O,Cc1ccccc1,openff-2.3.0rc1,3,-0.1158251920111652,0.0421345257414922,-0.2985,0.0033
34470,3285,dens_717951284355382404,975,Density,<Substance CN1CCCC1=O{solv}{x=0.702300}|ClCCCCCCCl{solv}{x=0.297700}>,CN1CCCC1=O,ClCCCCCCCl,openff-2.3.0rc1,3,1.0242918474811795,0.000185482127073,1.0416,0.0003
34471,3286,dhmix_859697969059379656,976,EnthalpyOfMixing,<Substance CN1CCCC1=O{solv}{x=0.503000}|ClCCCCCCCl{solv}{x=0.497000}>,CN1CCCC1=O,ClCCCCCCCl,openff-2.3.0rc1,3,0.4521905222168172,0.0450572214047421,-0.2,0.0025
34472,3287,dhmix_916885053388204545,977,EnthalpyOfMixing,<Substance CN1CCCC1=O{solv}{x=0.212000}|ClCCCCCCCl{solv}{x=0.788000}>,CN1CCCC1=O,ClCCCCCCCl,openff-2.3.0rc1,3,0.310267376416121,0.0456746189100899,-0.13,0.002
34473,3288,dens_1483670447992291960,978,Density,<Substance CN1CCCC1=O{solv}{x=0.201600}|ClCCCCCCCl{solv}{x=0.798400}>,CN1CCCC1=O,ClCCCCCCCl,openff-2.3.0rc1,3,1.0476956726348594,0.0001752352811646,1.0584000000000005,0.00055
34474,3289,dens_1896555095774116819,979,Density,<Substance CN1CCCC1=O{solv}{x=0.504900}|ClCCCCCCCl{solv}{x=0.495100}>,CN1CCCC1=O,ClCCCCCCCl,openff-2.3.0rc1,3,1.0356998380166351,0.0001825166062405,1.0490000000000002,0.00035
34475,3290,dhmix_2039443272323887912,980,EnthalpyOfMixing,<Substance CN1CCCC1=O{solv}{x=0.797000}|ClCCCCCCCl{solv}{x=0.203000}>,CN1CCCC1=O,ClCCCCCCCl,openff-2.3.0rc1,3,0.3561254994032623,0.0466079045859454,-0.123,0.002
34476,3291,dhmix_729169544598225866,981,EnthalpyOfMixing,<Substance CN(C)C=O{solv}{x=0.203000}|ClCCCCCCCl{solv}{x=0.797000}>,CN(C)C=O,ClCCCCCCCl,openff-2.3.0rc1,3,0.5039265701521458,0.0504523938727002,0.195,0.0025
34477,3292,dhmix_1359105787212172230,982,EnthalpyOfMixing,<Substance CN(C)C=O{solv}{x=0.796000}|ClCCCCCCCl{solv}{x=0.204000}>,CN(C)C=O,ClCCCCCCCl,openff-2.3.0rc1,3,0.6041292743138698,0.0389507115113003,0.24,0.0025
34478,3293,dhmix_1534380829757525169,983,EnthalpyOfMixing,<Substance CN(C)C=O{solv}{x=0.498000}|ClCCCCCCCl{solv}{x=0.502000}>,CN(C)C=O,ClCCCCCCCl,openff-2.3.0rc1,3,0.8259269736632149,0.0423222340455755,0.34,0.0025
34479,3294,dens_1752369236407148840,984,Density,<Substance CN(C)C=O{solv}{x=0.503300}|ClCCCCCCCl{solv}{x=0.496700}>,CN(C)C=O,ClCCCCCCCl,openff-2.3.0rc1,3,1.003828119166592,0.0002326099654982,1.0190000000000003,0.00155
34480,3295,dens_2070195997725277466,985,Density,<Substance CN(C)C=O{solv}{x=0.703400}|ClCCCCCCCl{solv}{x=0.296600}>,CN(C)C=O,ClCCCCCCCl,openff-2.3.0rc1,3,0.975900069643423,0.0002334752401291,0.9943000000000002,0.0017
34481,3296,dens_2171945276872385012,986,Density,<Substance CN(C)C=O{solv}{x=0.201300}|ClCCCCCCCl{solv}{x=0.798700}>,CN(C)C=O,ClCCCCCCCl,openff-2.3.0rc1,3,1.03627304206901,0.0002330982090803,1.0486000000000002,0.0014
34482,3297,dens_741100297092592576,987,Density,<Substance C1CCCCC1{solv}{x=0.265900}|C1CCOCC1{solv}{x=0.734100}>,C1CCCCC1,C1CCOCC1,openff-2.3.0rc1,3,0.8360748086783933,0.000269818688437,0.8470300000000002,0.000505
34483,3298,dens_1002639246322609242,988,Density,<Substance C1CCCCC1{solv}{x=0.762200}|C1CCOCC1{solv}{x=0.237800}>,C1CCCCC1,C1CCOCC1,openff-2.3.0rc1,3,0.7792019604625996,0.0002473671531386,0.7952000000000002,0.000505
34484,3299,dhmix_1171155554844966705,989,EnthalpyOfMixing,<Substance C1CCCCC1{solv}{x=0.247100}|C1CCOCC1{solv}{x=0.752900}>,C1CCCCC1,C1CCOCC1,openff-2.3.0rc1,3,0.468391087036565,0.0443292172498218,0.3613,0.00395
34485,3300,dens_2142973677177666085,990,Density,<Substance C1CCCCC1{solv}{x=0.501800}|C1CCOCC1{solv}{x=0.498200}>,C1CCCCC1,C1CCOCC1,openff-2.3.0rc1,3,0.8076567262097905,0.0002120010919559,0.8211500000000002,0.000505
34486,3301,dhmix_2195791820105752985,991,EnthalpyOfMixing,<Substance C1CCCCC1{solv}{x=0.726600}|C1CCOCC1{solv}{x=0.273400}>,C1CCCCC1,C1CCOCC1,openff-2.3.0rc1,3,0.5022826144828798,0.0438984877503005,0.4424,0.00485
34487,3302,dhmix_2296999979529762407,992,EnthalpyOfMixing,<Substance C1CCCCC1{solv}{x=0.499000}|C1CCOCC1{solv}{x=0.501000}>,C1CCCCC1,C1CCOCC1,openff-2.3.0rc1,3,0.6324129418961348,0.0429906427777562,0.526,0.0055
34488,3303,dhmix_744994939606384802,993,EnthalpyOfMixing,<Substance CO{solv}{x=0.300000}|O{solv}{x=0.700000}>,CO,O,openff-2.3.0rc1,3,0.1189173190050745,0.0207892048855974,-0.85,0.005
34489,3304,dens_1085345433585028387,994,Density,<Substance CO{solv}{x=0.499700}|O{solv}{x=0.500300}>,CO,O,openff-2.3.0rc1,3,0.8462902949562484,0.0004545792830541,0.8816900000000003,0.000165
34490,3305,dhmix_1126710771921470495,995,EnthalpyOfMixing,<Substance CO{solv}{x=0.700000}|O{solv}{x=0.300000}>,CO,O,openff-2.3.0rc1,3,0.0452282860344346,0.0272366433053364,-0.583,0.0035
34491,3306,dens_1258832080354057572,996,Density,<Substance CO{solv}{x=0.300300}|O{solv}{x=0.699700}>,CO,O,openff-2.3.0rc1,3,0.8909900529181196,0.0004734617003756,0.9252100000000004,0.000125
34492,3307,dens_1758371820245200558,997,Density,<Substance CO{solv}{x=0.760500}|O{solv}{x=0.239500}>,CO,O,openff-2.3.0rc1,3,0.8046019279828738,0.0004509921235789,0.8289000000000002,0.0001
34493,3308,dhmix_1824296469249495553,998,EnthalpyOfMixing,<Substance CO{solv}{x=0.500000}|O{solv}{x=0.500000}>,CO,O,openff-2.3.0rc1,3,0.1221466594505535,0.0229227358157988,-0.777,0.0045
34494,3309,dhmix_753952445434773754,999,EnthalpyOfMixing,<Substance CCCCCCCCCl{solv}{x=0.493000}|CN1CCCC1=O{solv}{x=0.507000}>,CCCCCCCCCl,CN1CCCC1=O,openff-2.3.0rc1,3,1.3793295770561969,0.0517307651496703,0.638,0.0035
34495,3310,dhmix_1273186684325800862,1000,EnthalpyOfMixing,<Substance CCCCCCCCCl{solv}{x=0.783000}|CN1CCCC1=O{solv}{x=0.217000}>,CCCCCCCCCl,CN1CCCC1=O,openff-2.3.0rc1,3,0.797384858322232,0.0520459209718771,0.371,0.003
34496,3311,dhmix_1457789704046029008,1001,EnthalpyOfMixing,<Substance CCCCCCCCCl{solv}{x=0.202000}|CN1CCCC1=O{solv}{x=0.798000}>,CCCCCCCCCl,CN1CCCC1=O,openff-2.3.0rc1,3,1.015546767009873,0.0493430409224904,0.5,0.0035
34497,3312,dens_1965529278608066299,1002,Density,<Substance CCCCCCCCCl{solv}{x=0.299500}|CN1CCCC1=O{solv}{x=0.700500}>,CCCCCCCCCl,CN1CCCC1=O,openff-2.3.0rc1,3,0.9439719055310084,0.0002103117795883,0.9598000000000002,0.00025
34498,3313,dens_2167805246575708222,1003,Density,<Substance CCCCCCCCCl{solv}{x=0.798600}|CN1CCCC1=O{solv}{x=0.201400}>,CCCCCCCCCl,CN1CCCC1=O,openff-2.3.0rc1,3,0.8796482300633582,0.0002320848019482,0.8888000000000001,0.00055
34499,3314,dens_2177162670107081086,1004,Density,<Substance CCCCCCCCCl{solv}{x=0.497900}|CN1CCCC1=O{solv}{x=0.502100}>,CCCCCCCCCl,CN1CCCC1=O,openff-2.3.0rc1,3,0.9144254080939732,0.0002133089129631,0.9269000000000002,0.00035
34500,3315,dhmix_756380521637559100,1005,EnthalpyOfMixing,<Substance C1COCCO1{solv}{x=0.500000}|O=C1CCCCC1{solv}{x=0.500000}>,C1COCCO1,O=C1CCCCC1,openff-2.3.0rc1,3,0.266836025006981,0.0383726901485227,0.28584,0.00154
34501,3316,dens_1139761443535371798,1006,Density,<Substance C1COCCO1{solv}{x=0.459400}|O=C1CCCCC1{solv}{x=0.540600}>,C1COCCO1,O=C1CCCCC1,openff-2.3.0rc1,3,0.96385976447332,0.0001849903098319,0.9762000000000004,0.00025
34502,3317,dhmix_1367833850972054360,1007,EnthalpyOfMixing,<Substance C1COCCO1{solv}{x=0.750000}|O=C1CCCCC1{solv}{x=0.250000}>,C1COCCO1,O=C1CCCCC1,openff-2.3.0rc1,3,0.1421733821822783,0.0446238067070957,0.23662,0.001355
34503,3318,dhmix_1533665710565492443,1008,EnthalpyOfMixing,<Substance C1COCCO1{solv}{x=0.250000}|O=C1CCCCC1{solv}{x=0.750000}>,C1COCCO1,O=C1CCCCC1,openff-2.3.0rc1,3,0.0077324701771672,0.0402148605623101,0.20076,0.00121
34504,3319,dens_1556646832168598904,1009,Density,<Substance C1COCCO1{solv}{x=0.797800}|O=C1CCCCC1{solv}{x=0.202200}>,C1COCCO1,O=C1CCCCC1,openff-2.3.0rc1,3,1.0057128609668056,0.000221761042728,1.0062000000000002,0.00025
34505,3320,dens_1806066395455679216,1010,Density,<Substance C1COCCO1{solv}{x=0.272000}|O=C1CCCCC1{solv}{x=0.728000}>,C1COCCO1,O=C1CCCCC1,openff-2.3.0rc1,3,0.9446170030647644,0.0002171099105021,0.9614000000000004,0.00025
34506,3321,dhmix_781473821930081125,1011,EnthalpyOfMixing,<Substance CCOc1ccccc1{solv}{x=0.765100}|OCc1ccccc1{solv}{x=0.234900}>,CCOc1ccccc1,OCc1ccccc1,openff-2.3.0rc1,3,0.8978163110282367,0.0426162578485106,1.083,0.0116
34507,3322,dhmix_966435122735090568,1012,EnthalpyOfMixing,<Substance CCOc1ccccc1{solv}{x=0.063600}|OCc1ccccc1{solv}{x=0.936400}>,CCOc1ccccc1,OCc1ccccc1,openff-2.3.0rc1,3,0.1340445907885339,0.0510548753655289,0.1901,0.00225
34508,3323,dens_1184318999137642715,1013,Density,<Substance CCOc1ccccc1{solv}{x=0.064200}|OCc1ccccc1{solv}{x=0.935800}>,CCOc1ccccc1,OCc1ccccc1,openff-2.3.0rc1,3,1.032850173518756,0.0002257026681598,1.02761,0.00011
34509,3324,dhmix_1518701992890040137,1014,EnthalpyOfMixing,<Substance CCOc1ccccc1{solv}{x=0.549900}|OCc1ccccc1{solv}{x=0.450100}>,CCOc1ccccc1,OCc1ccccc1,openff-2.3.0rc1,3,0.965141645118706,0.0485833050854349,1.0561,0.01135
34510,3325,dens_1575045736805268459,1015,Density,<Substance CCOc1ccccc1{solv}{x=0.459800}|OCc1ccccc1{solv}{x=0.540200}>,CCOc1ccccc1,OCc1ccccc1,openff-2.3.0rc1,3,0.9948505833409312,0.0002198018868973,0.9925100000000002,0.00016
34511,3326,dens_2214650701288997434,1016,Density,<Substance CCOc1ccccc1{solv}{x=0.757200}|OCc1ccccc1{solv}{x=0.242800}>,CCOc1ccccc1,OCc1ccccc1,openff-2.3.0rc1,3,0.9702708592144772,0.0001833776316231,0.9686500000000002,0.000215
34512,3327,dens_800807749587668066,1017,Density,<Substance C1CCOCC1{solv}{x=0.733600}|c1ccncc1{solv}{x=0.266400}>,C1CCOCC1,c1ccncc1,openff-2.3.0rc1,3,0.8884563112416255,0.0002380376093404,0.8933350000000002,0.000358
34513,3328,dhmix_836757145941804043,1018,EnthalpyOfMixing,<Substance C1CCOCC1{solv}{x=0.291500}|c1ccncc1{solv}{x=0.708500}>,C1CCOCC1,c1ccncc1,openff-2.3.0rc1,3,-0.0050678005673985,0.039769800358309,0.0898,0.00095
34514,3329,dhmix_1003039131395935786,1019,EnthalpyOfMixing,<Substance C1CCOCC1{solv}{x=0.536300}|c1ccncc1{solv}{x=0.463700}>,C1CCOCC1,c1ccncc1,openff-2.3.0rc1,3,0.1163218109173911,0.0312964152120824,0.1573,0.0013
34515,3330,dens_1859030547600172702,1020,Density,<Substance C1CCOCC1{solv}{x=0.241500}|c1ccncc1{solv}{x=0.758500}>,C1CCOCC1,c1ccncc1,openff-2.3.0rc1,3,0.952823009253828,0.0002393380598545,0.9525650000000004,0.000212
34516,3331,dhmix_2191254706131659314,1021,EnthalpyOfMixing,<Substance C1CCOCC1{solv}{x=0.734400}|c1ccncc1{solv}{x=0.265600}>,C1CCOCC1,c1ccncc1,openff-2.3.0rc1,3,0.1004766365046023,0.0426891385466641,0.1564,0.0013
34517,3332,dens_2239470871208865925,1022,Density,<Substance C1CCOCC1{solv}{x=0.536400}|c1ccncc1{solv}{x=0.463600}>,C1CCOCC1,c1ccncc1,openff-2.3.0rc1,3,0.9096602078657772,0.0002699061836823,0.9124250000000002,0.0002965
34518,3333,dens_801655585640229277,1023,Density,<Substance C1CCOCC1{solv}{x=0.777600}|CCCC(C)=O{solv}{x=0.222400}>,C1CCOCC1,CCCC(C)=O,openff-2.3.0rc1,3,0.8497682297901477,0.0002233580183486,0.8602600000000002,0.000225
34519,3334,dhmix_1175081460677389458,1024,EnthalpyOfMixing,<Substance C1CCOCC1{solv}{x=0.250000}|CCCC(C)=O{solv}{x=0.750000}>,C1CCOCC1,CCCC(C)=O,openff-2.3.0rc1,3,0.0628766611656246,0.0419801856404084,0.06014,0.00063
34520,3335,dens_1481139606755572767,1025,Density,<Substance C1CCOCC1{solv}{x=0.236100}|CCCC(C)=O{solv}{x=0.763900}>,C1CCOCC1,CCCC(C)=O,openff-2.3.0rc1,3,0.8027736587247319,0.0002267526616721,0.8183900000000002,0.000215
34521,3336,dhmix_1531586108535895092,1026,EnthalpyOfMixing,<Substance C1CCOCC1{solv}{x=0.750000}|CCCC(C)=O{solv}{x=0.250000}>,C1CCOCC1,CCCC(C)=O,openff-2.3.0rc1,3,0.1113448603245217,0.0418714744049675,0.08245,0.000715
34522,3337,dhmix_2074691820693967219,1027,EnthalpyOfMixing,<Substance C1CCOCC1{solv}{x=0.500000}|CCCC(C)=O{solv}{x=0.500000}>,C1CCOCC1,CCCC(C)=O,openff-2.3.0rc1,3,0.2369457973161743,0.0392944975491391,0.09128,0.000745
34523,3338,dens_2180187104403779312,1028,Density,<Substance C1CCOCC1{solv}{x=0.504600}|CCCC(C)=O{solv}{x=0.495400}>,C1CCOCC1,CCCC(C)=O,openff-2.3.0rc1,3,0.8251694152224358,0.0002571252217637,0.8386000000000002,0.00022
34524,3339,dhmix_814516627068967115,1029,EnthalpyOfMixing,<Substance CCCOC=O{solv}{x=0.230800}|ClCCCCl{solv}{x=0.769200}>,CCCOC=O,ClCCCCl,openff-2.3.0rc1,3,0.1850348897196987,0.0389910361611957,-0.054,0.001
34525,3340,dens_853749747181024442,1030,Density,<Substance CCCOC=O{solv}{x=0.525500}|ClCCCCl{solv}{x=0.474500}>,CCCOC=O,ClCCCCl,openff-2.3.0rc1,3,1.0256028555425816,0.0003283318398078,1.0302400000000005,0.00176
34526,3341,dhmix_1623640482466530427,1031,EnthalpyOfMixing,<Substance CCCOC=O{solv}{x=0.750900}|ClCCCCl{solv}{x=0.249100}>,CCCOC=O,ClCCCCl,openff-2.3.0rc1,3,0.2058453710435337,0.0378344838048147,-0.088,0.001
34527,3342,dens_1998603470347754754,1032,Density,<Substance CCCOC=O{solv}{x=0.233600}|ClCCCCl{solv}{x=0.766400}>,CCCOC=O,ClCCCCl,openff-2.3.0rc1,3,1.0966956389878326,0.0002359252544065,1.1122200000000002,0.00274
34528,3343,dhmix_2003217087101692001,1033,EnthalpyOfMixing,<Substance CCCOC=O{solv}{x=0.514500}|ClCCCCl{solv}{x=0.485500}>,CCCOC=O,ClCCCCl,openff-2.3.0rc1,3,0.223789160809666,0.0359685090787758,-0.114,0.0015
34529,3344,dens_2020761603812222512,1034,Density,<Substance CCCOC=O{solv}{x=0.763600}|ClCCCCl{solv}{x=0.236400}>,CCCOC=O,ClCCCCl,openff-2.3.0rc1,3,0.9672348502601824,0.000273717144562,0.9644500000000004,0.00119
34530,3345,dens_828893303895070246,1035,Density,<Substance C1CCCCC1{solv}{x=0.249800}|CCCCCCCC{solv}{x=0.750200}>,C1CCCCC1,CCCCCCCC,openff-2.3.0rc1,3,0.7003766381511869,0.0001360210543569,0.7110900000000002,0.000605
34531,3346,dhmix_1288938247372010686,1036,EnthalpyOfMixing,<Substance C1CCCCC1{solv}{x=0.751300}|CCCCCCCC{solv}{x=0.248700}>,C1CCCCC1,CCCCCCCC,openff-2.3.0rc1,3,0.2776110974161838,0.0428175013238762,0.23,0.005
34532,3347,dens_1398337515687242649,1037,Density,<Substance C1CCCCC1{solv}{x=0.477700}|CCCCCCCC{solv}{x=0.522300}>,C1CCCCC1,CCCCCCCC,openff-2.3.0rc1,3,0.7124560323091971,0.0002077251464852,0.7250300000000002,0.000585
34533,3348,dhmix_1429498464152515756,1038,EnthalpyOfMixing,<Substance C1CCCCC1{solv}{x=0.532400}|CCCCCCCC{solv}{x=0.467600}>,C1CCCCC1,CCCCCCCC,openff-2.3.0rc1,3,0.1984357707123649,0.0484135294575201,0.258,0.005
34534,3349,dens_2267960821195706299,1039,Density,<Substance C1CCCCC1{solv}{x=0.796100}|CCCCCCCC{solv}{x=0.203900}>,C1CCCCC1,CCCCCCCC,openff-2.3.0rc1,3,0.7353365160688281,0.0002220453210317,0.7509700000000002,0.00055
34535,3350,dhmix_2289023418386220795,1040,EnthalpyOfMixing,<Substance C1CCCCC1{solv}{x=0.274400}|CCCCCCCC{solv}{x=0.725600}>,C1CCCCC1,CCCCCCCC,openff-2.3.0rc1,3,0.2824561625363486,0.0521474190384979,0.18,0.005
34536,3351,dens_848374876759596361,1041,Density,<Substance CC(C)OC(C)C{solv}{x=0.284600}|CCCCCl{solv}{x=0.715400}>,CC(C)OC(C)C,CCCCCl,openff-2.3.0rc1,3,0.8156089402588366,0.000309026944815,0.8263210000000002,0.000365
34537,3352,dens_917492506874956672,1042,Density,<Substance CC(C)OC(C)C{solv}{x=0.808200}|CCCCCl{solv}{x=0.191800}>,CC(C)OC(C)C,CCCCCl,openff-2.3.0rc1,3,0.7559758285104301,0.0002464655353336,0.7440910000000002,0.000448
34538,3353,dhmix_1107367594793013993,1043,EnthalpyOfMixing,<Substance CC(C)OC(C)C{solv}{x=0.272700}|CCCCCl{solv}{x=0.727300}>,CC(C)OC(C)C,CCCCCl,openff-2.3.0rc1,3,-0.206429165956294,0.0394475082103529,-0.0785,0.001
34539,3354,dhmix_1310204607958463222,1044,EnthalpyOfMixing,<Substance CC(C)OC(C)C{solv}{x=0.454700}|CCCCCl{solv}{x=0.545300}>,CC(C)OC(C)C,CCCCCl,openff-2.3.0rc1,3,-0.1196488273162543,0.0352151224065545,-0.0954,0.0012
34540,3355,dhmix_1605157292498138629,1045,EnthalpyOfMixing,<Substance CC(C)OC(C)C{solv}{x=0.727400}|CCCCCl{solv}{x=0.272600}>,CC(C)OC(C)C,CCCCCl,openff-2.3.0rc1,3,-0.1097227757427532,0.036115793692929,-0.0732,0.00095
34541,3356,dens_1927916489732771888,1046,Density,<Substance CC(C)OC(C)C{solv}{x=0.484000}|CCCCCl{solv}{x=0.516000}>,CC(C)OC(C)C,CCCCCl,openff-2.3.0rc1,3,0.7911036241751696,0.0002696649928526,0.7925060000000002,0.0004005
34542,3357,dens_860008765681738590,1047,Density,<Substance CN(CCO)CCO{solv}{x=0.231260}|c1ccncc1{solv}{x=0.768740}>,CN(CCO)CCO,c1ccncc1,openff-2.3.0rc1,3,1.0020799557353623,0.0002195925851944,0.9906030000000002,0.0001015
34543,3358,dens_1253280811379348869,1048,Density,<Substance CN(CCO)CCO{solv}{x=0.670000}|c1ccncc1{solv}{x=0.330000}>,CN(CCO)CCO,c1ccncc1,openff-2.3.0rc1,3,1.0373132561508258,0.0002424254820558,1.0161020000000005,0.000102
34544,3359,dhmix_1381513140604048573,1049,EnthalpyOfMixing,<Substance CN(CCO)CCO{solv}{x=0.473760}|c1ccncc1{solv}{x=0.526240}>,CN(CCO)CCO,c1ccncc1,openff-2.3.0rc1,3,0.4676093201341018,0.0380221435805673,-0.093,0.001
34545,3360,dens_1460709448836415360,1050,Density,<Substance CN(CCO)CCO{solv}{x=0.473530}|c1ccncc1{solv}{x=0.526470}>,CN(CCO)CCO,c1ccncc1,openff-2.3.0rc1,3,1.0223985630970815,0.0001972184672133,1.0044450000000005,0.0001015
34546,3361,dhmix_2085036308089359597,1051,EnthalpyOfMixing,<Substance CN(CCO)CCO{solv}{x=0.230610}|c1ccncc1{solv}{x=0.769390}>,CN(CCO)CCO,c1ccncc1,openff-2.3.0rc1,3,0.5619386420011736,0.0393900741856271,-0.032,0.001
34547,3362,dhmix_2287943921901918379,1052,EnthalpyOfMixing,<Substance CN(CCO)CCO{solv}{x=0.669580}|c1ccncc1{solv}{x=0.330420}>,CN(CCO)CCO,c1ccncc1,openff-2.3.0rc1,3,0.3967428652579485,0.0468813414513979,-0.12,0.0015
34548,3363,dens_929806754028972955,1053,Density,<Substance CCCC(=O)OC{solv}{x=0.695800}|COC(C)=O{solv}{x=0.304200}>,CCCC(=O)OC,COC(C)=O,openff-2.3.0rc1,3,0.8980700246001484,0.0002545671531707,0.8997600000000002,0.000505
34549,3364,dhmix_1093843275803987368,1054,EnthalpyOfMixing,<Substance CCCC(=O)OC{solv}{x=0.482200}|COC(C)=O{solv}{x=0.517800}>,CCCC(=O)OC,COC(C)=O,openff-2.3.0rc1,3,0.079233869440138,0.0382417132240385,0.151,0.002
34550,3365,dens_1187818937240241755,1055,Density,<Substance CCCC(=O)OC{solv}{x=0.253600}|COC(C)=O{solv}{x=0.746400}>,CCCC(=O)OC,COC(C)=O,openff-2.3.0rc1,3,0.9158830943344736,0.0002423856096901,0.9147400000000002,0.000505
34551,3366,dens_1462283017082249050,1056,Density,<Substance CCCC(=O)OC{solv}{x=0.545600}|COC(C)=O{solv}{x=0.454400}>,CCCC(=O)OC,COC(C)=O,openff-2.3.0rc1,3,0.9034463389001876,0.0002443605803398,0.9041900000000004,0.000505
34552,3367,dhmix_1514470349370367756,1057,EnthalpyOfMixing,<Substance CCCC(=O)OC{solv}{x=0.226000}|COC(C)=O{solv}{x=0.774000}>,CCCC(=O)OC,COC(C)=O,openff-2.3.0rc1,3,0.0714708167107858,0.0414936658425121,0.102,0.0015
34553,3368,dhmix_1615966506855005599,1058,EnthalpyOfMixing,<Substance CCCC(=O)OC{solv}{x=0.695800}|COC(C)=O{solv}{x=0.304200}>,CCCC(=O)OC,COC(C)=O,openff-2.3.0rc1,3,0.1166994994384893,0.0362885226905471,0.122,0.0015
34554,3369,dens_931039395662625393,1059,Density,<Substance BrCCBr{solv}{x=0.510700}|CCOC=O{solv}{x=0.489300}>,BrCCBr,CCOC=O,openff-2.3.0rc1,3,1.5709302625766732,0.0005151840880233,1.5742900000000004,0.00125
34555,3370,dhmix_1379448524788285045,1060,EnthalpyOfMixing,<Substance BrCCBr{solv}{x=0.503000}|CCOC=O{solv}{x=0.497000}>,BrCCBr,CCOC=O,openff-2.3.0rc1,3,0.3161504420003496,0.0260378216006231,0.404,0.0054
34556,3371,dhmix_1589211680683586133,1061,EnthalpyOfMixing,<Substance BrCCBr{solv}{x=0.247500}|CCOC=O{solv}{x=0.752500}>,BrCCBr,CCOC=O,openff-2.3.0rc1,3,0.2630386704005385,0.0349876115053022,0.2492,0.0035
34557,3372,dens_1816072583621776909,1062,Density,<Substance BrCCBr{solv}{x=0.282500}|CCOC=O{solv}{x=0.717500}>,BrCCBr,CCOC=O,openff-2.3.0rc1,3,1.297118820134348,0.0004335309979114,1.2851500000000005,0.00131
34558,3373,dens_1857279480363338972,1063,Density,<Substance BrCCBr{solv}{x=0.750600}|CCOC=O{solv}{x=0.249400}>,BrCCBr,CCOC=O,openff-2.3.0rc1,3,1.8425249933730976,0.0006379437679491,1.8698300000000003,0.000995
34559,3374,dhmix_2225135654541562913,1064,EnthalpyOfMixing,<Substance BrCCBr{solv}{x=0.734600}|CCOC=O{solv}{x=0.265400}>,BrCCBr,CCOC=O,openff-2.3.0rc1,3,0.3309770888787735,0.0344530174990164,0.3604,0.00485
34560,3375,dhmix_933824509566848172,1065,EnthalpyOfMixing,<Substance C1COCO1{solv}{x=0.350000}|CCCC(C)=O{solv}{x=0.650000}>,C1COCO1,CCCC(C)=O,openff-2.3.0rc1,3,0.3034962895233271,0.038548349568262,0.17755,0.001095
34561,3376,dens_1326756646981901590,1066,Density,<Substance C1COCO1{solv}{x=0.717400}|CCCC(C)=O{solv}{x=0.282600}>,C1COCO1,CCCC(C)=O,openff-2.3.0rc1,3,0.9778961554531378,0.0002505719011948,0.9625500000000002,0.000245
34562,3377,dhmix_1386053902220878259,1067,EnthalpyOfMixing,<Substance C1COCO1{solv}{x=0.500000}|CCCC(C)=O{solv}{x=0.500000}>,C1COCO1,CCCC(C)=O,openff-2.3.0rc1,3,0.3357608191425356,0.0372434355003994,0.21077,0.00122
34563,3378,dens_1490997112604690080,1068,Density,<Substance C1COCO1{solv}{x=0.349900}|CCCC(C)=O{solv}{x=0.650100}>,C1COCO1,CCCC(C)=O,openff-2.3.0rc1,3,0.864133620425587,0.0002197562608222,0.8687200000000003,0.00022
34564,3379,dens_1979377813631413053,1069,Density,<Substance C1COCO1{solv}{x=0.516900}|CCCC(C)=O{solv}{x=0.483100}>,C1COCO1,CCCC(C)=O,openff-2.3.0rc1,3,0.9118933394572536,0.0002459013078198,0.9078200000000004,0.00023
34565,3380,dhmix_2113009728753201792,1070,EnthalpyOfMixing,<Substance C1COCO1{solv}{x=0.750000}|CCCC(C)=O{solv}{x=0.250000}>,C1COCO1,CCCC(C)=O,openff-2.3.0rc1,3,0.3579017029903184,0.0373046470620033,0.17046,0.00107
34566,3381,dhmix_962524540250306235,1071,EnthalpyOfMixing,<Substance Cc1ccccc1N{solv}{x=0.268100}|c1ccncc1{solv}{x=0.731900}>,Cc1ccccc1N,c1ccncc1,openff-2.3.0rc1,3,-1.3037490009049364,0.0326352538849567,-0.8915,0.0182
34567,3382,dhmix_1000930562998604270,1072,EnthalpyOfMixing,<Substance Cc1ccccc1N{solv}{x=0.773500}|c1ccncc1{solv}{x=0.226500}>,Cc1ccccc1N,c1ccncc1,openff-2.3.0rc1,3,-0.8354333282327069,0.0533003668880083,-0.7828,0.016
34568,3383,dens_1203111494553524663,1073,Density,<Substance Cc1ccccc1N{solv}{x=0.483700}|c1ccncc1{solv}{x=0.516300}>,Cc1ccccc1N,c1ccncc1,openff-2.3.0rc1,3,1.0036370027189387,0.0002386845572077,0.9912370000000004,0.000117
34569,3384,dens_1316174752280431242,1074,Density,<Substance Cc1ccccc1N{solv}{x=0.237400}|c1ccncc1{solv}{x=0.762600}>,Cc1ccccc1N,c1ccncc1,openff-2.3.0rc1,3,0.9933483879649811,0.0002381137968535,0.9863750000000002,0.000118
34570,3385,dhmix_1371524052813651708,1075,EnthalpyOfMixing,<Substance Cc1ccccc1N{solv}{x=0.482600}|c1ccncc1{solv}{x=0.517400}>,Cc1ccccc1N,c1ccncc1,openff-2.3.0rc1,3,-1.5150438636725418,0.0453383051823163,-1.0329,0.02105
34571,3386,dens_2188924364196997512,1076,Density,<Substance Cc1ccccc1N{solv}{x=0.767800}|c1ccncc1{solv}{x=0.232200}>,Cc1ccccc1N,c1ccncc1,openff-2.3.0rc1,3,1.0119861675499282,0.0002195543934462,0.9936220000000002,0.000117
34572,3387,dens_964556344607822867,1077,Density,<Substance CCCCCCCCC{solv}{x=0.696300}|COC(C)(C)C{solv}{x=0.303700}>,CCCCCCCCC,COC(C)(C)C,openff-2.3.0rc1,3,0.7129327813860155,0.0002039237847322,0.7173600000000002,0.000295
34573,3388,dhmix_1091489740441728210,1078,EnthalpyOfMixing,<Substance CCCCCCCCC{solv}{x=0.260100}|COC(C)(C)C{solv}{x=0.739900}>,CCCCCCCCC,COC(C)(C)C,openff-2.3.0rc1,3,0.5484696236379136,0.0463595630776809,0.371,0.0075
34574,3389,dens_1264105858192356202,1079,Density,<Substance CCCCCCCCC{solv}{x=0.499200}|COC(C)(C)C{solv}{x=0.500800}>,CCCCCCCCC,COC(C)(C)C,openff-2.3.0rc1,3,0.7193047037456715,0.0002198719127187,0.7207300000000002,0.00029
34575,3390,dhmix_1760873631242020891,1080,EnthalpyOfMixing,<Substance CCCCCCCCC{solv}{x=0.759600}|COC(C)(C)C{solv}{x=0.240400}>,CCCCCCCCC,COC(C)(C)C,openff-2.3.0rc1,3,0.3959411616836377,0.0470685768176515,0.345,0.007
34576,3391,dens_2012579877169955729,1081,Density,<Substance CCCCCCCCC{solv}{x=0.199500}|COC(C)(C)C{solv}{x=0.800500}>,CCCCCCCCC,COC(C)(C)C,openff-2.3.0rc1,3,0.732243154734545,0.0001828722247891,0.7281100000000001,0.000285
34577,3392,dhmix_2200368758776542578,1082,EnthalpyOfMixing,<Substance CCCCCCCCC{solv}{x=0.513300}|COC(C)(C)C{solv}{x=0.486700}>,CCCCCCCCC,COC(C)(C)C,openff-2.3.0rc1,3,0.6522937622455629,0.0502170528959534,0.486,0.0095
34578,3393,dhmix_972091313059406932,1083,EnthalpyOfMixing,<Substance CCCNCCC{solv}{x=0.248200}|CN(C)C=O{solv}{x=0.751800}>,CCCNCCC,CN(C)C=O,openff-2.3.0rc1,3,0.1842129808623411,0.0392797696950386,0.613,0.0195
34579,3394,dhmix_1037416167092316519,1084,EnthalpyOfMixing,<Substance CCCNCCC{solv}{x=0.499500}|CN(C)C=O{solv}{x=0.500500}>,CCCNCCC,CN(C)C=O,openff-2.3.0rc1,3,0.195646377825895,0.0444945620658384,0.748,0.0225
34580,3395,dhmix_1525975551610336413,1085,EnthalpyOfMixing,<Substance CCCNCCC{solv}{x=0.749600}|CN(C)C=O{solv}{x=0.250400}>,CCCNCCC,CN(C)C=O,openff-2.3.0rc1,3,0.1916601784934926,0.0445484871669901,0.529,0.017
34581,3396,dens_1610465641813938660,1086,Density,<Substance CCCNCCC{solv}{x=0.745900}|CN(C)C=O{solv}{x=0.254100}>,CCCNCCC,CN(C)C=O,openff-2.3.0rc1,3,0.7684318429626874,0.000217881726125,0.7687320000000002,0.0009355
34582,3397,dens_2129043605695010641,1087,Density,<Substance CCCNCCC{solv}{x=0.503400}|CN(C)C=O{solv}{x=0.496600}>,CCCNCCC,CN(C)C=O,openff-2.3.0rc1,3,0.8065019877130974,0.0002343971091552,0.8108000000000002,0.0009885
34583,3398,dens_2129124855081233158,1088,Density,<Substance CCCNCCC{solv}{x=0.252300}|CN(C)C=O{solv}{x=0.747700}>,CCCNCCC,CN(C)C=O,openff-2.3.0rc1,3,0.85496970635208,0.0001577902114475,0.8674480000000002,0.0010625
34584,3399,dhmix_1022139531284796266,1089,EnthalpyOfMixing,<Substance CCCO{solv}{x=0.730200}|O=Cc1ccccc1{solv}{x=0.269800}>,CCCO,O=Cc1ccccc1,openff-2.3.0rc1,3,1.2458545076860332,0.0404587170419005,1.3784,0.00585
34585,3400,dens_1530410585842005416,1090,Density,<Substance CCCO{solv}{x=0.802500}|O=Cc1ccccc1{solv}{x=0.197500}>,CCCO,O=Cc1ccccc1,openff-2.3.0rc1,3,0.8624367219618392,0.0002371268304763,0.8676000000000003,0.0054
34586,3401,dens_1586325098516354010,1091,Density,<Substance CCCO{solv}{x=0.500300}|O=Cc1ccccc1{solv}{x=0.499700}>,CCCO,O=Cc1ccccc1,openff-2.3.0rc1,3,0.9397570809069128,0.0001685182842958,0.9470000000000002,0.0035
34587,3402,dhmix_1860362391399300385,1092,EnthalpyOfMixing,<Substance CCCO{solv}{x=0.237400}|O=Cc1ccccc1{solv}{x=0.762600}>,CCCO,O=Cc1ccccc1,openff-2.3.0rc1,3,1.0212903281067582,0.0430757895699688,1.2579,0.0055
34588,3403,dens_2022804020725863961,1093,Density,<Substance CCCO{solv}{x=0.192900}|O=Cc1ccccc1{solv}{x=0.807100}>,CCCO,O=Cc1ccccc1,openff-2.3.0rc1,3,1.0015223732729557,0.0002529170883915,1.0128,0.00265
34589,3404,dhmix_2114980631721668598,1094,EnthalpyOfMixing,<Substance CCCO{solv}{x=0.517800}|O=Cc1ccccc1{solv}{x=0.482200}>,CCCO,O=Cc1ccccc1,openff-2.3.0rc1,3,1.5202582958429005,0.0388961964896636,1.6361,0.00675
34590,3405,dens_1061385011202038988,1095,Density,<Substance CC(C)O{solv}{x=0.495900}|CCCCOCCO{solv}{x=0.504100}>,CC(C)O,CCCCOCCO,openff-2.3.0rc1,3,0.8623763656712038,0.0001903551058074,0.8550000000000002,5.450000000000001e-05
34591,3406,dens_1314274960992474794,1096,Density,<Substance CC(C)O{solv}{x=0.292200}|CCCCOCCO{solv}{x=0.707800}>,CC(C)O,CCCCOCCO,openff-2.3.0rc1,3,0.878049961551564,0.0002165901553817,0.8743700000000002,4.600000000000001e-05
34592,3407,dens_1729117108592325655,1097,Density,<Substance CC(C)O{solv}{x=0.743300}|CCCCOCCO{solv}{x=0.256700}>,CC(C)O,CCCCOCCO,openff-2.3.0rc1,3,0.8375728900251791,0.000247012359957,0.8247900000000001,5.600000000000001e-05
34593,3408,dens_1112128096721834081,1098,Density,<Substance CNCCO{solv}{x=0.800900}|O{solv}{x=0.199100}>,CNCCO,O,openff-2.3.0rc1,3,0.9644453066326958,0.0004427934288409,0.9466300000000002,0.00032
34594,3409,dens_1381694863030749046,1099,Density,<Substance CNCCO{solv}{x=0.198700}|O{solv}{x=0.801300}>,CNCCO,O,openff-2.3.0rc1,3,0.9805271966715482,0.0003951896350007,0.9960300000000002,0.00016
34595,3410,dhmix_1383192140212198237,1100,EnthalpyOfMixing,<Substance CNCCO{solv}{x=0.798800}|O{solv}{x=0.201200}>,CNCCO,O,openff-2.3.0rc1,3,-0.8621811390961227,0.0507028206681667,-1.219,0.025
34596,3411,dens_1615304038745182966,1101,Density,<Substance CNCCO{solv}{x=0.504100}|O{solv}{x=0.495900}>,CNCCO,O,openff-2.3.0rc1,3,0.9734816116116553,0.0002533882210924,0.9688100000000002,0.000235
34597,3412,dhmix_1902240048183935170,1102,EnthalpyOfMixing,<Substance CNCCO{solv}{x=0.501700}|O{solv}{x=0.498300}>,CNCCO,O,openff-2.3.0rc1,3,-1.6606889940818164,0.0420822584471724,-2.508,0.051
34598,3413,dhmix_2185888808838690563,1103,EnthalpyOfMixing,<Substance CNCCO{solv}{x=0.199200}|O{solv}{x=0.800800}>,CNCCO,O,openff-2.3.0rc1,3,-0.9533262853782318,0.0236322695590837,-2.243,0.0455
34599,3414,dens_1155626281932782094,1104,Density,<Substance CCC(C)=O{solv}{x=0.292200}|CN1CCCC1=O{solv}{x=0.707800}>,CCC(C)=O,CN1CCCC1=O,openff-2.3.0rc1,3,0.9401809729242347,0.0002128569456618,0.9591400000000002,0.00262
34600,3415,dens_1354588388489384902,1105,Density,<Substance CCC(C)=O{solv}{x=0.779300}|CN1CCCC1=O{solv}{x=0.220700}>,CCC(C)=O,CN1CCCC1=O,openff-2.3.0rc1,3,0.8291568539272469,0.0002488659583004,0.8467600000000002,0.002595
34601,3416,dhmix_1468142552678388689,1106,EnthalpyOfMixing,<Substance CCC(C)=O{solv}{x=0.484100}|CN1CCCC1=O{solv}{x=0.515900}>,CCC(C)=O,CN1CCCC1=O,openff-2.3.0rc1,3,0.1712974295032854,0.0330981624281658,-0.1675,0.00415
34602,3417,dhmix_1545004468946955771,1107,EnthalpyOfMixing,<Substance CCC(C)=O{solv}{x=0.246100}|CN1CCCC1=O{solv}{x=0.753900}>,CCC(C)=O,CN1CCCC1=O,openff-2.3.0rc1,3,0.1380653299530045,0.0416480990699207,-0.0999,0.0031
34603,3418,dhmix_1746826813990258300,1108,EnthalpyOfMixing,<Substance CCC(C)=O{solv}{x=0.732400}|CN1CCCC1=O{solv}{x=0.267600}>,CCC(C)=O,CN1CCCC1=O,openff-2.3.0rc1,3,0.1982124776957547,0.0395495353581633,-0.0861,0.0029
34604,3419,dens_2035401379156582518,1109,Density,<Substance CCC(C)=O{solv}{x=0.479500}|CN1CCCC1=O{solv}{x=0.520500}>,CCC(C)=O,CN1CCCC1=O,openff-2.3.0rc1,3,0.899958293814442,0.0001508665100135,0.9166100000000004,0.00261
34605,3420,dens_1159403686634788877,1110,Density,<Substance C1CCOCC1{solv}{x=0.253600}|Cc1ccncc1{solv}{x=0.746400}>,C1CCOCC1,Cc1ccncc1,openff-2.3.0rc1,3,0.929568119536978,0.0001877803357152,0.9329390000000002,0.0002125
34606,3421,dhmix_1427533760370073434,1111,EnthalpyOfMixing,<Substance C1CCOCC1{solv}{x=0.241600}|Cc1ccncc1{solv}{x=0.758400}>,C1CCOCC1,Cc1ccncc1,openff-2.3.0rc1,3,0.0705538301941288,0.0443100097022676,0.0975,0.001
34607,3422,dens_1586440979425114987,1112,Density,<Substance C1CCOCC1{solv}{x=0.491300}|Cc1ccncc1{solv}{x=0.508700}>,C1CCOCC1,Cc1ccncc1,openff-2.3.0rc1,3,0.9118767564628548,0.0002374304437962,0.9162950000000002,0.0002825
34608,3423,dhmix_1681679230288000235,1113,EnthalpyOfMixing,<Substance C1CCOCC1{solv}{x=0.483400}|Cc1ccncc1{solv}{x=0.516600}>,C1CCOCC1,Cc1ccncc1,openff-2.3.0rc1,3,0.0730527336153166,0.0424777969440071,0.1741,0.00135
34609,3424,dhmix_1854625047398559527,1114,EnthalpyOfMixing,<Substance C1CCOCC1{solv}{x=0.826200}|Cc1ccncc1{solv}{x=0.173800}>,C1CCOCC1,Cc1ccncc1,openff-2.3.0rc1,3,0.0632742480863086,0.0458451597764691,0.0948,0.001
34610,3425,dens_1998279082934343093,1115,Density,<Substance C1CCOCC1{solv}{x=0.826300}|Cc1ccncc1{solv}{x=0.173700}>,C1CCOCC1,Cc1ccncc1,openff-2.3.0rc1,3,0.8753850836415225,0.0002450443628096,0.8827950000000002,0.000387
34611,3426,dens_1226224986443053492,1116,Density,<Substance CCOc1ccccc1{solv}{x=0.482600}|OCCc1ccccc1{solv}{x=0.517400}>,CCOc1ccccc1,OCCc1ccccc1,openff-2.3.0rc1,3,0.98120734376173,0.0001737618995996,0.9803700000000002,0.00026
34612,3427,dens_1288457717872177367,1117,Density,<Substance CCOc1ccccc1{solv}{x=0.304100}|OCCc1ccccc1{solv}{x=0.695900}>,CCOc1ccccc1,OCCc1ccccc1,openff-2.3.0rc1,3,0.991997735242171,0.0001832743017243,0.9909900000000004,0.00026
34613,3428,dhmix_1400067757990485972,1118,EnthalpyOfMixing,<Substance CCOc1ccccc1{solv}{x=0.738800}|OCCc1ccccc1{solv}{x=0.261200}>,CCOc1ccccc1,OCCc1ccccc1,openff-2.3.0rc1,3,0.9370671351474584,0.0523368581991111,1.1427,0.01225
34614,3429,dens_1419265414647987466,1119,Density,<Substance CCOc1ccccc1{solv}{x=0.792900}|OCCc1ccccc1{solv}{x=0.207100}>,CCOc1ccccc1,OCCc1ccccc1,openff-2.3.0rc1,3,0.9636224644412752,0.0001995484694375,0.9624400000000004,0.00026
34615,3430,dhmix_1985234108792038812,1120,EnthalpyOfMixing,<Substance CCOc1ccccc1{solv}{x=0.485200}|OCCc1ccccc1{solv}{x=0.514800}>,CCOc1ccccc1,OCCc1ccccc1,openff-2.3.0rc1,3,0.8938338777266353,0.0404902592758482,1.0249,0.011
34616,3431,dhmix_2203675640711482674,1121,EnthalpyOfMixing,<Substance CCOc1ccccc1{solv}{x=0.239100}|OCCc1ccccc1{solv}{x=0.760900}>,CCOc1ccccc1,OCCc1ccccc1,openff-2.3.0rc1,3,0.6282848216585109,0.0564321098564172,0.6669,0.0072
34617,3432,dens_1247048173376376516,1122,Density,<Substance CCCCC(=O)OC{solv}{x=0.349300}|COC=O{solv}{x=0.650700}>,CCCCC(=O)OC,COC=O,openff-2.3.0rc1,3,0.9273708823005704,0.0002366674185739,0.9198400000000002,0.000115
34618,3433,dens_1283923442255956417,1123,Density,<Substance CCCCC(=O)OC{solv}{x=0.500000}|COC=O{solv}{x=0.500000}>,CCCCC(=O)OC,COC=O,openff-2.3.0rc1,3,0.9129377474167768,0.000233552143189,0.90817,0.00012
34619,3434,dhmix_1491739683552461043,1124,EnthalpyOfMixing,<Substance CCCCC(=O)OC{solv}{x=0.348600}|COC=O{solv}{x=0.651400}>,CCCCC(=O)OC,COC=O,openff-2.3.0rc1,3,0.3551705987317683,0.0366903075894689,0.422,0.0045
34620,3435,dhmix_1747049492522889097,1125,EnthalpyOfMixing,<Substance CCCCC(=O)OC{solv}{x=0.523200}|COC=O{solv}{x=0.476800}>,CCCCC(=O)OC,COC=O,openff-2.3.0rc1,3,0.2862582889924585,0.0383105180852299,0.409,0.0045
34621,3436,dhmix_1990853348078771210,1126,EnthalpyOfMixing,<Substance CCCCC(=O)OC{solv}{x=0.796800}|COC=O{solv}{x=0.203200}>,CCCCC(=O)OC,COC=O,openff-2.3.0rc1,3,0.1892168629638817,0.0461563099608731,0.219,0.0025
34622,3437,dens_2269601061883384185,1127,Density,<Substance CCCCC(=O)OC{solv}{x=0.725800}|COC=O{solv}{x=0.274200}>,CCCCC(=O)OC,COC=O,openff-2.3.0rc1,3,0.8959871022583605,0.0002408563570607,0.8955000000000002,0.000135
34623,3438,dens_1266839724964377205,1128,Density,<Substance Cn1ccnc1{solv}{x=0.779500}|O{solv}{x=0.220500}>,Cn1ccnc1,O,openff-2.3.0rc1,3,1.0204123103343812,0.0002635734103492,1.0360000000000005,0.00015
34624,3439,dens_1634862053132906887,1129,Density,<Substance Cn1ccnc1{solv}{x=0.498200}|O{solv}{x=0.501800}>,Cn1ccnc1,O,openff-2.3.0rc1,3,1.015961728794786,0.0002810224753051,1.0416,0.00015
34625,3440,dens_1681126092995837883,1130,Density,<Substance Cn1ccnc1{solv}{x=0.216700}|O{solv}{x=0.783300}>,Cn1ccnc1,O,openff-2.3.0rc1,3,1.001582172697282,0.0002954335916415,1.0301000000000002,0.0001
34626,3441,dhmix_1311251505653939236,1131,EnthalpyOfMixing,<Substance CC(=O)CC(C)=O{solv}{x=0.598500}|O{solv}{x=0.401500}>,CC(=O)CC(C)=O,O,openff-2.3.0rc1,3,0.4542853944752494,0.0290262745492541,0.4905,0.00555
34627,3442,dhmix_1367092272310773702,1132,EnthalpyOfMixing,<Substance CC(=O)CC(C)=O{solv}{x=0.749200}|O{solv}{x=0.250800}>,CC(=O)CC(C)=O,O,openff-2.3.0rc1,3,0.4957574212254485,0.0363398625922237,0.6211,0.00695
34628,3443,dhmix_2033109088651196860,1133,EnthalpyOfMixing,<Substance CC(=O)CC(C)=O{solv}{x=0.200400}|O{solv}{x=0.799600}>,CC(=O)CC(C)=O,O,openff-2.3.0rc1,3,0.0959627098240787,0.0253609294299932,0.1562,0.0021
34629,3444,dens_1319073694995976411,1134,Density,<Substance CC(C)CO{solv}{x=0.762200}|OC1=NCCC1{solv}{x=0.237800}>,CC(C)CO,OC1=NCCC1,openff-2.3.0rc1,3,0.867868990680432,0.0001832639853149,0.8623100000000001,0.000205
34630,3445,dhmix_1817161401911066523,1135,EnthalpyOfMixing,<Substance CC(C)CO{solv}{x=0.754900}|OC1=NCCC1{solv}{x=0.245100}>,CC(C)CO,OC1=NCCC1,openff-2.3.0rc1,3,1.2247074490824472,0.042392901667201,0.2989,0.0033
34631,3446,dens_1852757585830259815,1136,Density,<Substance CC(C)CO{solv}{x=0.287400}|OC1=NCCC1{solv}{x=0.712600}>,CC(C)CO,OC1=NCCC1,openff-2.3.0rc1,3,0.9928634722788886,0.0002719360693188,1.0078300000000002,0.000155
34632,3447,dhmix_2057245570503088562,1137,EnthalpyOfMixing,<Substance CC(C)CO{solv}{x=0.259800}|OC1=NCCC1{solv}{x=0.740200}>,CC(C)CO,OC1=NCCC1,openff-2.3.0rc1,3,0.995880462026946,0.0360312672121335,0.1798,0.00205
34633,3448,dens_2175875616459255266,1138,Density,<Substance CC(C)CO{solv}{x=0.489400}|OC1=NCCC1{solv}{x=0.510600}>,CC(C)CO,OC1=NCCC1,openff-2.3.0rc1,3,0.9390631242219676,0.0001955695658439,0.9431100000000002,0.00017
34634,3449,dhmix_2273039716774959551,1139,EnthalpyOfMixing,<Substance CC(C)CO{solv}{x=0.497800}|OC1=NCCC1{solv}{x=0.502200}>,CC(C)CO,OC1=NCCC1,openff-2.3.0rc1,3,1.567948247642235,0.0393851039418592,0.2775,0.0031
34635,3450,dens_1400897934227212514,1140,Density,<Substance CC(C)CC(C)(C)C{solv}{x=0.541100}|COC(C)=O{solv}{x=0.458900}>,CC(C)CC(C)(C)C,COC(C)=O,openff-2.3.0rc1,3,0.764707509128971,0.0002463427993433,0.7495700000000002,0.000505
34636,3451,dhmix_1534218615961922445,1141,EnthalpyOfMixing,<Substance CC(C)CC(C)(C)C{solv}{x=0.256000}|COC(C)=O{solv}{x=0.744000}>,CC(C)CC(C)(C)C,COC(C)=O,openff-2.3.0rc1,3,1.6172117769543457,0.0398695858247762,1.385,0.015
34637,3452,dhmix_1663557420681143866,1142,EnthalpyOfMixing,<Substance CC(C)CC(C)(C)C{solv}{x=0.540600}|COC(C)=O{solv}{x=0.459400}>,CC(C)CC(C)(C)C,COC(C)=O,openff-2.3.0rc1,3,1.988415135287369,0.0412561989017984,1.759,0.019
34638,3453,dens_1833608859418637606,1143,Density,<Substance CC(C)CC(C)(C)C{solv}{x=0.736400}|COC(C)=O{solv}{x=0.263600}>,CC(C)CC(C)(C)C,COC(C)=O,openff-2.3.0rc1,3,0.7335515537006613,0.0002130631307181,0.7171000000000002,0.00015
34639,3454,dhmix_1913788848230724771,1144,EnthalpyOfMixing,<Substance CC(C)CC(C)(C)C{solv}{x=0.783300}|COC(C)=O{solv}{x=0.216700}>,CC(C)CC(C)(C)C,COC(C)=O,openff-2.3.0rc1,3,1.4420039091693582,0.0478212390073928,1.149,0.0125
34640,3455,dens_2018568384717712900,1145,Density,<Substance CC(C)CC(C)(C)C{solv}{x=0.238900}|COC(C)=O{solv}{x=0.761100}>,CC(C)CC(C)(C)C,COC(C)=O,openff-2.3.0rc1,3,0.8371062817464817,0.0002465212896176,0.8248000000000002,0.0001
34641,3456,dens_1465225466328543955,1146,Density,<Substance Cc1cccnc1{solv}{x=0.225000}|O{solv}{x=0.775000}>,Cc1cccnc1,O,openff-2.3.0rc1,3,0.9618780311598656,0.0003932892209973,0.9921000000000002,0.0003
34642,3457,dens_1644445312716340330,1147,Density,<Substance Cc1cccnc1{solv}{x=0.500000}|O{solv}{x=0.500000}>,Cc1cccnc1,O,openff-2.3.0rc1,3,0.9542801764081048,0.0002769515172513,0.9797000000000002,0.0003
34643,3458,dens_2262998332454406432,1148,Density,<Substance Cc1cccnc1{solv}{x=0.700000}|O{solv}{x=0.300000}>,Cc1cccnc1,O,openff-2.3.0rc1,3,0.9523123863325657,0.0002695540449593,0.9690000000000002,0.0003
34644,3459,dens_1601780542508306264,1149,Density,<Substance CC(=O)N(C)C{solv}{x=0.771800}|CCOC(C)=O{solv}{x=0.228200}>,CC(=O)N(C)C,CCOC(C)=O,openff-2.3.0rc1,3,0.9029891233708918,0.0002354263588236,0.9286200000000002,0.000185
34645,3460,dens_2126546638582188774,1150,Density,<Substance CC(=O)N(C)C{solv}{x=0.464600}|CCOC(C)=O{solv}{x=0.535400}>,CC(=O)N(C)C,CCOC(C)=O,openff-2.3.0rc1,3,0.9037228309798184,0.0001619823345737,0.9166300000000002,0.00022
34646,3461,dens_2159432384130350508,1151,Density,<Substance CC(=O)N(C)C{solv}{x=0.233100}|CCOC(C)=O{solv}{x=0.766900}>,CC(=O)N(C)C,CCOC(C)=O,openff-2.3.0rc1,3,0.9045143456809784,0.0002403170783406,0.9064300000000002,0.000245
34647,3462,dens_1713891284028890335,1152,Density,<Substance CC(=O)O{solv}{x=0.798900}|CCOC(C)=O{solv}{x=0.201100}>,CC(=O)O,CCOC(C)=O,openff-2.3.0rc1,3,1.0292659529817354,0.0003175229808205,0.9996600000000002,0.000225
34648,3463,dens_1856345418041920174,1153,Density,<Substance CC(=O)O{solv}{x=0.500700}|CCOC(C)=O{solv}{x=0.499300}>,CC(=O)O,CCOC(C)=O,openff-2.3.0rc1,3,0.9715820902554794,0.0002638918364376,0.9514000000000002,0.00018
34649,3464,dens_2035334988982485653,1154,Density,<Substance CC(=O)O{solv}{x=0.294400}|CCOC(C)=O{solv}{x=0.705600}>,CC(=O)O,CCOC(C)=O,openff-2.3.0rc1,3,0.9407806548840706,0.0002659707992714,0.9255000000000002,0.00016
34650,0,dhmix_592425981731704,0,EnthalpyOfMixing,<Substance C1CCCCC1{solv}{x=0.100300}|Cc1ccccc1{solv}{x=0.899700}>,C1CCCCC1,Cc1ccccc1,smee-spice2-systematic-torsion-generation_constrained-linear,1,0.1999501323417831,0.0445851853731749,0.2015,0.0015
34651,1,dens_191923210986624643,1,Density,<Substance C1CCCCC1{solv}{x=0.697700}|Cc1ccccc1{solv}{x=0.302300}>,C1CCCCC1,Cc1ccccc1,smee-spice2-systematic-torsion-generation_constrained-linear,1,0.7735998404890443,0.0003069465544835,0.7818000000000002,0.00041
34652,2,dens_699555827256664507,2,Density,<Substance C1CCCCC1{solv}{x=0.100000}|Cc1ccccc1{solv}{x=0.900000}>,C1CCCCC1,Cc1ccccc1,smee-spice2-systematic-torsion-generation_constrained-linear,1,0.8329793693242427,0.0002448026822611,0.8378000000000001,0.00025
34653,3,dhmix_997331474504366167,3,EnthalpyOfMixing,<Substance C1CCCCC1{solv}{x=0.697900}|Cc1ccccc1{solv}{x=0.302100}>,C1CCCCC1,Cc1ccccc1,smee-spice2-systematic-torsion-generation_constrained-linear,1,0.7327936824965349,0.0444530627638108,0.5221,0.0034
34654,4,dhmix_1586684551148150215,4,EnthalpyOfMixing,<Substance C1CCCCC1{solv}{x=0.397600}|Cc1ccccc1{solv}{x=0.602400}>,C1CCCCC1,Cc1ccccc1,smee-spice2-systematic-torsion-generation_constrained-linear,1,0.7875160672731738,0.0415497313091934,0.5887,0.0038
34655,5,dens_1809100412119556796,5,Density,<Substance C1CCCCC1{solv}{x=0.397500}|Cc1ccccc1{solv}{x=0.602500}>,C1CCCCC1,Cc1ccccc1,smee-spice2-systematic-torsion-generation_constrained-linear,1,0.8170168713454996,0.0002264553675652,0.8228000000000002,0.0002
34656,6,dhmix_1261378482688431,6,EnthalpyOfMixing,<Substance CCC(C)=O{solv}{x=0.510600}|Nc1ccccc1{solv}{x=0.489400}>,CCC(C)=O,Nc1ccccc1,smee-spice2-systematic-torsion-generation_constrained-linear,1,-0.098598447175128,0.0399176533772712,-1.173,0.0125
34657,7,dhmix_157258283975731553,7,EnthalpyOfMixing,<Substance CCC(C)=O{solv}{x=0.901800}|Nc1ccccc1{solv}{x=0.098200}>,CCC(C)=O,Nc1ccccc1,smee-spice2-systematic-torsion-generation_constrained-linear,1,-0.2427178919905657,0.0369725251469295,-0.469,0.005
34658,8,dens_610648476268376520,8,Density,<Substance CCC(C)=O{solv}{x=0.502600}|Nc1ccccc1{solv}{x=0.497400}>,CCC(C)=O,Nc1ccccc1,smee-spice2-systematic-torsion-generation_constrained-linear,1,0.9326727592075108,0.0001974654393063,0.9213850000000002,5.650000000000002e-05
34659,9,dens_1388487494953421117,9,Density,<Substance CCC(C)=O{solv}{x=0.901900}|Nc1ccccc1{solv}{x=0.098100}>,CCC(C)=O,Nc1ccccc1,smee-spice2-systematic-torsion-generation_constrained-linear,1,0.8102703536791994,0.0002492248536794,0.8265540000000001,7.200000000000002e-05
34660,10,dhmix_1389656513678923263,10,EnthalpyOfMixing,<Substance CCC(C)=O{solv}{x=0.209900}|Nc1ccccc1{solv}{x=0.790100}>,CCC(C)=O,Nc1ccccc1,smee-spice2-systematic-torsion-generation_constrained-linear,1,0.2347704715943379,0.0406267681891314,-0.648,0.007
34661,11,dens_2115628806769415578,11,Density,<Substance CCC(C)=O{solv}{x=0.256300}|Nc1ccccc1{solv}{x=0.743700}>,CCC(C)=O,Nc1ccccc1,smee-spice2-systematic-torsion-generation_constrained-linear,1,1.006105150228808,0.0002253081635151,0.9712300000000004,4.900000000000001e-05
34662,12,dens_1379242187515209,12,Density,<Substance CC#N{solv}{x=0.795200}|CCCCOCCCC{solv}{x=0.204800}>,CC#N,CCCCOCCCC,smee-spice2-systematic-torsion-generation_constrained-linear,1,0.7744931093098822,0.0002537075011952,0.7708800000000002,0.000245
34663,13,dhmix_575991096898484441,13,EnthalpyOfMixing,<Substance CC#N{solv}{x=0.488600}|CCCCOCCCC{solv}{x=0.511400}>,CC#N,CCCCOCCCC,smee-spice2-systematic-torsion-generation_constrained-linear,1,0.6146553158175436,0.0418415618028326,1.26543,0.00796
34664,14,dhmix_1182924089945476872,14,EnthalpyOfMixing,<Substance CC#N{solv}{x=0.241600}|CCCCOCCCC{solv}{x=0.758400}>,CC#N,CCCCOCCCC,smee-spice2-systematic-torsion-generation_constrained-linear,1,0.4658400534652287,0.0511285052381309,0.94593,0.00601
34665,15,dhmix_1244492966201685063,15,EnthalpyOfMixing,<Substance CC#N{solv}{x=0.795200}|CCCCOCCCC{solv}{x=0.204800}>,CC#N,CCCCOCCCC,smee-spice2-systematic-torsion-generation_constrained-linear,1,0.4373616877558994,0.0352147351196841,0.94289,0.005995
34666,16,dens_2044032309137951705,16,Density,<Substance CC#N{solv}{x=0.245500}|CCCCOCCCC{solv}{x=0.754500}>,CC#N,CCCCOCCCC,smee-spice2-systematic-torsion-generation_constrained-linear,1,0.768109301386275,0.000199804047019,0.7653000000000001,0.00028
34667,17,dens_2211436825174998797,17,Density,<Substance CC#N{solv}{x=0.509800}|CCCCOCCCC{solv}{x=0.490200}>,CC#N,CCCCOCCCC,smee-spice2-systematic-torsion-generation_constrained-linear,1,0.7713154592797825,0.0002255304167313,0.7671500000000001,0.00026
34668,18,dens_1820034175228694,18,Density,<Substance C1CCCCC1{solv}{x=0.540900}|CN1CCCC1=O{solv}{x=0.459100}>,C1CCCCC1,CN1CCCC1=O,smee-spice2-systematic-torsion-generation_constrained-linear,1,0.8634820869125797,0.0001599922115549,0.8757100000000002,0.000335
34669,19,dhmix_1335365307191460458,19,EnthalpyOfMixing,<Substance C1CCCCC1{solv}{x=0.751800}|CN1CCCC1=O{solv}{x=0.248200}>,C1CCCCC1,CN1CCCC1=O,smee-spice2-systematic-torsion-generation_constrained-linear,1,1.504600777957762,0.0411720724488554,1.1998,0.01285
34670,20,dens_1375048033230012198,20,Density,<Substance C1CCCCC1{solv}{x=0.733200}|CN1CCCC1=O{solv}{x=0.266800}>,C1CCCCC1,CN1CCCC1=O,smee-spice2-systematic-torsion-generation_constrained-linear,1,0.8183467408731268,0.0001711666513599,0.8287300000000002,0.0004
34671,21,dhmix_1563298635135474599,21,EnthalpyOfMixing,<Substance C1CCCCC1{solv}{x=0.278900}|CN1CCCC1=O{solv}{x=0.721100}>,C1CCCCC1,CN1CCCC1=O,smee-spice2-systematic-torsion-generation_constrained-linear,1,1.640672523254441,0.0431441982164683,1.2061,0.0129
34672,22,dens_1606235786379262481,22,Density,<Substance C1CCCCC1{solv}{x=0.227500}|CN1CCCC1=O{solv}{x=0.772500}>,C1CCCCC1,CN1CCCC1=O,smee-spice2-systematic-torsion-generation_constrained-linear,1,0.9430072104649382,0.0001917568408936,0.9583800000000002,0.000245
34673,23,dhmix_1683219349338278021,23,EnthalpyOfMixing,<Substance C1CCCCC1{solv}{x=0.473400}|CN1CCCC1=O{solv}{x=0.526600}>,C1CCCCC1,CN1CCCC1=O,smee-spice2-systematic-torsion-generation_constrained-linear,1,1.815556951572817,0.046633321871075,1.4691,0.0157
34674,24,dens_4438302718372985,24,Density,<Substance BrCCCCBr{solv}{x=0.717000}|COC=O{solv}{x=0.283000}>,BrCCCCBr,COC=O,smee-spice2-systematic-torsion-generation_constrained-linear,1,1.656529094061542,0.0004629012525014,1.6702600000000003,0.00259
34675,25,dhmix_369816950910078034,25,EnthalpyOfMixing,<Substance BrCCCCBr{solv}{x=0.778200}|COC=O{solv}{x=0.221800}>,BrCCCCBr,COC=O,smee-spice2-systematic-torsion-generation_constrained-linear,1,0.7545513771759431,0.0431519381109563,0.6355,0.0057
34676,26,dens_460757700461114532,26,Density,<Substance BrCCCCBr{solv}{x=0.495800}|COC=O{solv}{x=0.504200}>,BrCCCCBr,COC=O,smee-spice2-systematic-torsion-generation_constrained-linear,1,1.5167796341302664,0.0004721441997851,1.5176800000000004,0.001885
34677,27,dhmix_1496821399278454353,27,EnthalpyOfMixing,<Substance BrCCCCBr{solv}{x=0.265400}|COC=O{solv}{x=0.734600}>,BrCCCCBr,COC=O,smee-spice2-systematic-torsion-generation_constrained-linear,1,0.9037691561375624,0.0261115399558747,0.8185,0.00715
34678,28,dens_1750413656870357630,28,Density,<Substance BrCCCCBr{solv}{x=0.225800}|COC=O{solv}{x=0.774200}>,BrCCCCBr,COC=O,smee-spice2-systematic-torsion-generation_constrained-linear,1,1.283951882980772,0.000404837995174,1.2671300000000003,0.00104
34679,29,dhmix_1802862930607761431,29,EnthalpyOfMixing,<Substance BrCCCCBr{solv}{x=0.482000}|COC=O{solv}{x=0.518000}>,BrCCCCBr,COC=O,smee-spice2-systematic-torsion-generation_constrained-linear,1,1.1563486973821853,0.034674913067773,1.0243,0.0087
34680,30,dhmix_8447570649359775,30,EnthalpyOfMixing,<Substance OCCO{solv}{x=0.481700}|OCc1ccccc1{solv}{x=0.518300}>,OCCO,OCc1ccccc1,smee-spice2-systematic-torsion-generation_constrained-linear,1,0.2236987774668364,0.037934234550817,0.201,0.00465
34681,31,dens_824372741354282107,31,Density,<Substance OCCO{solv}{x=0.505700}|OCc1ccccc1{solv}{x=0.494300}>,OCCO,OCc1ccccc1,smee-spice2-systematic-torsion-generation_constrained-linear,1,1.068376341675201,0.00020963866,1.0579000000000005,0.00027
34682,32,dens_1105173553343721111,32,Density,<Substance OCCO{solv}{x=0.737100}|OCc1ccccc1{solv}{x=0.262900}>,OCCO,OCc1ccccc1,smee-spice2-systematic-torsion-generation_constrained-linear,1,1.088595416698846,0.0003099698213346,1.0753200000000005,0.000275
34683,33,dhmix_1362282802315816638,33,EnthalpyOfMixing,<Substance OCCO{solv}{x=0.736100}|OCc1ccccc1{solv}{x=0.263900}>,OCCO,OCc1ccccc1,smee-spice2-systematic-torsion-generation_constrained-linear,1,0.1527731635770521,0.0369039601911695,0.1383,0.0037
34684,34,dhmix_1666683879028583081,34,EnthalpyOfMixing,<Substance OCCO{solv}{x=0.236500}|OCc1ccccc1{solv}{x=0.763500}>,OCCO,OCc1ccccc1,smee-spice2-systematic-torsion-generation_constrained-linear,1,0.2874379352284109,0.0428901623691791,0.209,0.0048
34685,35,dens_1698159396404241323,35,Density,<Substance OCCO{solv}{x=0.262200}|OCc1ccccc1{solv}{x=0.737800}>,OCCO,OCc1ccccc1,smee-spice2-systematic-torsion-generation_constrained-linear,1,1.0531075119975006,0.0001740996560359,1.0442900000000002,0.000265
34686,36,dens_8507121971977381,36,Density,<Substance CCOC(C)(C)C{solv}{x=0.505000}|Cc1ccccc1{solv}{x=0.495000}>,CCOC(C)(C)C,Cc1ccccc1,smee-spice2-systematic-torsion-generation_constrained-linear,1,0.8047512289697987,0.0002164152643577,0.7937390000000002,0.000467
34687,37,dens_499290591626962121,37,Density,<Substance CCOC(C)(C)C{solv}{x=0.217000}|Cc1ccccc1{solv}{x=0.783000}>,CCOC(C)(C)C,Cc1ccccc1,smee-spice2-systematic-torsion-generation_constrained-linear,1,0.8357935374150258,0.0002135416173657,0.8314450000000002,0.000411
34688,38,dhmix_820491025608256793,38,EnthalpyOfMixing,<Substance CCOC(C)(C)C{solv}{x=0.501900}|Cc1ccccc1{solv}{x=0.498100}>,CCOC(C)(C)C,Cc1ccccc1,smee-spice2-systematic-torsion-generation_constrained-linear,1,-0.278915332526239,0.0435266560099308,-0.046,0.00055
34689,39,dhmix_1374163681483564129,39,EnthalpyOfMixing,<Substance CCOC(C)(C)C{solv}{x=0.248900}|Cc1ccccc1{solv}{x=0.751100}>,CCOC(C)(C)C,Cc1ccccc1,smee-spice2-systematic-torsion-generation_constrained-linear,1,-0.1251234359852873,0.0379641888309407,-0.0324,0.0005
34690,40,dens_1904998692863983733,40,Density,<Substance CCOC(C)(C)C{solv}{x=0.701000}|Cc1ccccc1{solv}{x=0.299000}>,CCOC(C)(C)C,Cc1ccccc1,smee-spice2-systematic-torsion-generation_constrained-linear,1,0.7851632240627602,0.0002282753922753,0.7696300000000001,0.000503
34691,41,dhmix_1982853461678580310,41,EnthalpyOfMixing,<Substance CCOC(C)(C)C{solv}{x=0.749500}|Cc1ccccc1{solv}{x=0.250500}>,CCOC(C)(C)C,Cc1ccccc1,smee-spice2-systematic-torsion-generation_constrained-linear,1,-0.2391243252365882,0.0484007634393926,-0.0348,0.0005
34692,42,dhmix_13624411991961099,42,EnthalpyOfMixing,<Substance C1CCOCC1{solv}{x=0.237900}|Cc1ccccc1N{solv}{x=0.762100}>,C1CCOCC1,Cc1ccccc1N,smee-spice2-systematic-torsion-generation_constrained-linear,1,0.0533669765427227,0.0441518090624718,-0.3658,0.004
34693,43,dhmix_510299013171775812,43,EnthalpyOfMixing,<Substance C1CCOCC1{solv}{x=0.741000}|Cc1ccccc1N{solv}{x=0.259000}>,C1CCOCC1,Cc1ccccc1N,smee-spice2-systematic-torsion-generation_constrained-linear,1,0.1500863683973676,0.0449675967349681,-0.4892,0.0053
34694,44,dhmix_1337006691942958969,44,EnthalpyOfMixing,<Substance C1CCOCC1{solv}{x=0.490100}|Cc1ccccc1N{solv}{x=0.509900}>,C1CCOCC1,Cc1ccccc1N,smee-spice2-systematic-torsion-generation_constrained-linear,1,0.0840134280389577,0.0398292371742202,-0.5715,0.0062
34695,45,dens_1448062547628404156,45,Density,<Substance C1CCOCC1{solv}{x=0.727900}|Cc1ccccc1N{solv}{x=0.272100}>,C1CCOCC1,Cc1ccccc1N,smee-spice2-systematic-torsion-generation_constrained-linear,1,0.92595867900199,0.0001695698427699,0.91866,0.000285
34696,46,dens_2171966897328079405,46,Density,<Substance C1CCOCC1{solv}{x=0.498600}|Cc1ccccc1N{solv}{x=0.501400}>,C1CCOCC1,Cc1ccccc1N,smee-spice2-systematic-torsion-generation_constrained-linear,1,0.9605824030285578,0.0001960632715637,0.9459860000000002,0.0002275
34697,47,dens_2201621104799327758,47,Density,<Substance C1CCOCC1{solv}{x=0.229700}|Cc1ccccc1N{solv}{x=0.770300}>,C1CCOCC1,Cc1ccccc1N,smee-spice2-systematic-torsion-generation_constrained-linear,1,0.9997839191001328,0.0002603733998739,0.9734540000000002,0.000164
34698,48,dens_15008167137789802,48,Density,<Substance CCCCCl{solv}{x=0.299200}|CN(C)C=O{solv}{x=0.700800}>,CCCCCl,CN(C)C=O,smee-spice2-systematic-torsion-generation_constrained-linear,1,0.9077575382395092,0.0003123816239994,0.9218000000000002,0.0002
34699,49,dens_550868133232739009,49,Density,<Substance CCCCCl{solv}{x=0.701200}|CN(C)C=O{solv}{x=0.298800}>,CCCCCl,CN(C)C=O,smee-spice2-systematic-torsion-generation_constrained-linear,1,0.8837689513689109,0.0003103765947402,0.8963000000000002,0.0002
34700,50,dhmix_1315230298567753558,50,EnthalpyOfMixing,<Substance CCCCCl{solv}{x=0.793000}|CN(C)C=O{solv}{x=0.207000}>,CCCCCl,CN(C)C=O,smee-spice2-systematic-torsion-generation_constrained-linear,1,0.6085414571993653,0.0395601243536134,0.404,0.003
34701,51,dhmix_1929975181819720491,51,EnthalpyOfMixing,<Substance CCCCCl{solv}{x=0.493000}|CN(C)C=O{solv}{x=0.507000}>,CCCCCl,CN(C)C=O,smee-spice2-systematic-torsion-generation_constrained-linear,1,0.8977278203311698,0.0364054431598391,0.571,0.003
34702,52,dhmix_1976787548784045784,52,EnthalpyOfMixing,<Substance CCCCCl{solv}{x=0.295000}|CN(C)C=O{solv}{x=0.705000}>,CCCCCl,CN(C)C=O,smee-spice2-systematic-torsion-generation_constrained-linear,1,0.7358209000134757,0.0361462641695621,0.467,0.003
34703,53,dens_2008819185276371643,53,Density,<Substance CCCCCl{solv}{x=0.499000}|CN(C)C=O{solv}{x=0.501000}>,CCCCCl,CN(C)C=O,smee-spice2-systematic-torsion-generation_constrained-linear,1,0.8953861991012184,0.0002854111775499,0.9086000000000002,0.0002
34704,54,dens_16755306936326197,54,Density,<Substance Cc1ccccc1N{solv}{x=0.255700}|Cc1ccccn1{solv}{x=0.744300}>,Cc1ccccc1N,Cc1ccccn1,smee-spice2-systematic-torsion-generation_constrained-linear,1,0.9788458800672832,0.0002269232234715,0.9597930000000002,0.000307
34705,55,dens_238666738854407136,55,Density,<Substance Cc1ccccc1N{solv}{x=0.514600}|Cc1ccccn1{solv}{x=0.485400}>,Cc1ccccc1N,Cc1ccccn1,smee-spice2-systematic-torsion-generation_constrained-linear,1,0.9988566803177096,0.0001916860052339,0.9748990000000002,0.0002315
34706,56,dhmix_1909144841681931250,56,EnthalpyOfMixing,<Substance Cc1ccccc1N{solv}{x=0.488200}|Cc1ccccn1{solv}{x=0.511800}>,Cc1ccccc1N,Cc1ccccn1,smee-spice2-systematic-torsion-generation_constrained-linear,1,-1.1699984907664174,0.0439199994771341,-1.4976,0.0305
34707,57,dens_1945534954282706534,57,Density,<Substance Cc1ccccc1N{solv}{x=0.757100}|Cc1ccccn1{solv}{x=0.242900}>,Cc1ccccc1N,Cc1ccccn1,smee-spice2-systematic-torsion-generation_constrained-linear,1,1.014382813799086,0.0001999521585938,0.9854410000000002,0.000169
34708,58,dhmix_2038606904928978856,58,EnthalpyOfMixing,<Substance Cc1ccccc1N{solv}{x=0.782100}|Cc1ccccn1{solv}{x=0.217900}>,Cc1ccccc1N,Cc1ccccn1,smee-spice2-systematic-torsion-generation_constrained-linear,1,-0.4957437148965553,0.0498365601583278,-0.8656,0.01775
34709,59,dhmix_2125558080831870503,59,EnthalpyOfMixing,<Substance Cc1ccccc1N{solv}{x=0.273600}|Cc1ccccn1{solv}{x=0.726400}>,Cc1ccccc1N,Cc1ccccn1,smee-spice2-systematic-torsion-generation_constrained-linear,1,-1.029458795706951,0.0458563737523903,-1.2462,0.0254
34710,60,dens_19028061622240549,60,Density,<Substance CN(C)CCO{solv}{x=0.296200}|CO{solv}{x=0.703800}>,CN(C)CCO,CO,smee-spice2-systematic-torsion-generation_constrained-linear,1,0.8521020199808019,0.000332027042574,0.8506500000000001,0.00014
34711,61,dens_186649390549115907,61,Density,<Substance CN(C)CCO{solv}{x=0.502000}|CO{solv}{x=0.498000}>,CN(C)CCO,CO,smee-spice2-systematic-torsion-generation_constrained-linear,1,0.8799221785465013,0.0003046286618849,0.8684000000000002,0.000155
34712,62,dhmix_1453612193040378117,62,EnthalpyOfMixing,<Substance CN(C)CCO{solv}{x=0.497200}|CO{solv}{x=0.502800}>,CN(C)CCO,CO,smee-spice2-systematic-torsion-generation_constrained-linear,1,-1.2167354893627476,0.0372623404111511,-0.8673,0.00935
34713,63,dens_1978392691277508278,63,Density,<Substance CN(C)CCO{solv}{x=0.707500}|CO{solv}{x=0.292500}>,CN(C)CCO,CO,smee-spice2-systematic-torsion-generation_constrained-linear,1,0.8979514726020188,0.0002642197449419,0.8766100000000002,0.00017
34714,64,dhmix_2113387918969192804,64,EnthalpyOfMixing,<Substance CN(C)CCO{solv}{x=0.247900}|CO{solv}{x=0.752100}>,CN(C)CCO,CO,smee-spice2-systematic-torsion-generation_constrained-linear,1,-1.0200729514903202,0.0313133058968515,-0.8057,0.0087
34715,65,dhmix_2220842061395014218,65,EnthalpyOfMixing,<Substance CN(C)CCO{solv}{x=0.750600}|CO{solv}{x=0.249400}>,CN(C)CCO,CO,smee-spice2-systematic-torsion-generation_constrained-linear,1,-0.8023246206201975,0.0400910288967569,-0.5322,0.00585
34716,66,dhmix_21994921667950318,66,EnthalpyOfMixing,<Substance C=CCCCC{solv}{x=0.500100}|CCCO{solv}{x=0.499900}>,C=CCCCC,CCCO,smee-spice2-systematic-torsion-generation_constrained-linear,1,0.6869351470848244,0.035277945888676,0.595,0.0055
34717,67,dens_62854823056490751,67,Density,<Substance C=CCCCC{solv}{x=0.150300}|CCCO{solv}{x=0.849700}>,C=CCCCC,CCCO,smee-spice2-systematic-torsion-generation_constrained-linear,1,0.7672663454695123,0.0002361631191192,0.7704980000000002,0.0001845
34718,68,dens_294296714501123310,68,Density,<Substance C=CCCCC{solv}{x=0.499100}|CCCO{solv}{x=0.500900}>,C=CCCCC,CCCO,smee-spice2-systematic-torsion-generation_constrained-linear,1,0.7072182944603689,0.0002711905859057,0.7176450000000002,0.0002145
34719,69,dhmix_829065315899278784,69,EnthalpyOfMixing,<Substance C=CCCCC{solv}{x=0.750000}|CCCO{solv}{x=0.250000}>,C=CCCCC,CCCO,smee-spice2-systematic-torsion-generation_constrained-linear,1,0.8247040832560231,0.0470877448774385,0.682,0.006
34720,70,dens_2024397702416079279,70,Density,<Substance C=CCCCC{solv}{x=0.745600}|CCCO{solv}{x=0.254400}>,C=CCCCC,CCCO,smee-spice2-systematic-torsion-generation_constrained-linear,1,0.6757600080658461,0.000247697377865,0.6899770000000002,0.0002305
34721,71,dhmix_2167083041249157622,71,EnthalpyOfMixing,<Substance C=CCCCC{solv}{x=0.150100}|CCCO{solv}{x=0.849900}>,C=CCCCC,CCCO,smee-spice2-systematic-torsion-generation_constrained-linear,1,0.2168174374710929,0.0406174786287169,0.192,0.005
34722,72,dhmix_22428169890990447,72,EnthalpyOfMixing,<Substance CC1(C)C(=O)[C@]2(C)CC[C@H]1C2{solv}{x=0.286000}|CCO{solv}{x=0.714000}>,CC1(C)C(=O)[C@]2(C)CC[C@H]1C2,CCO,smee-spice2-systematic-torsion-generation_constrained-linear,1,0.6714011579985311,0.0399114622507374,0.876,0.0265
34723,73,dhmix_57626661746168078,73,EnthalpyOfMixing,<Substance CC1(C)C(=O)[C@]2(C)CC[C@H]1C2{solv}{x=0.701000}|CCO{solv}{x=0.299000}>,CC1(C)C(=O)[C@]2(C)CC[C@H]1C2,CCO,smee-spice2-systematic-torsion-generation_constrained-linear,1,0.7937994238297179,0.0536920999929399,1.0,0.0305
34724,74,dhmix_287041928444283276,74,EnthalpyOfMixing,<Substance CC1(C)C(=O)[C@]2(C)CC[C@H]1C2{solv}{x=0.488000}|CCO{solv}{x=0.512000}>,CC1(C)C(=O)[C@]2(C)CC[C@H]1C2,CCO,smee-spice2-systematic-torsion-generation_constrained-linear,1,0.8071885211949166,0.0424639893712881,1.109,0.0335
34725,75,dens_618487453946854895,75,Density,<Substance CC1(C)C(=O)[C@]2(C)CC[C@H]1C2{solv}{x=0.501200}|CCO{solv}{x=0.498800}>,CC1(C)C(=O)[C@]2(C)CC[C@H]1C2,CCO,smee-spice2-systematic-torsion-generation_constrained-linear,1,0.9183178530604446,0.0001774232602263,0.9005900000000002,5.5000000000000016e-05
34726,76,dens_1408969463542558504,76,Density,<Substance CC1(C)C(=O)[C@]2(C)CC[C@H]1C2{solv}{x=0.789700}|CCO{solv}{x=0.210300}>,CC1(C)C(=O)[C@]2(C)CC[C@H]1C2,CCO,smee-spice2-systematic-torsion-generation_constrained-linear,1,0.9493568946106928,0.0002733147317945,0.9274800000000002,6.0000000000000015e-05
34727,77,dens_2053919413592536040,77,Density,<Substance CC1(C)C(=O)[C@]2(C)CC[C@H]1C2{solv}{x=0.200200}|CCO{solv}{x=0.799800}>,CC1(C)C(=O)[C@]2(C)CC[C@H]1C2,CCO,smee-spice2-systematic-torsion-generation_constrained-linear,1,0.8626248679819037,0.0002260448098378,0.8499000000000002,6.500000000000002e-05
34728,78,dhmix_24700325920498635,78,EnthalpyOfMixing,<Substance CCC(C)(C)O{solv}{x=0.799400}|CCOC(C)(C)CC{solv}{x=0.200600}>,CCC(C)(C)O,CCOC(C)(C)CC,smee-spice2-systematic-torsion-generation_constrained-linear,1,0.6290766530973997,0.0427741986663368,0.448,0.0073
34729,79,dhmix_252628078473967793,79,EnthalpyOfMixing,<Substance CCC(C)(C)O{solv}{x=0.299700}|CCOC(C)(C)CC{solv}{x=0.700300}>,CCC(C)(C)O,CCOC(C)(C)CC,smee-spice2-systematic-torsion-generation_constrained-linear,1,1.027891528593031,0.043399224615933,0.9727,0.0132
34730,80,dens_281609537293621351,80,Density,<Substance CCC(C)(C)O{solv}{x=0.799400}|CCOC(C)(C)CC{solv}{x=0.200600}>,CCC(C)(C)O,CCOC(C)(C)CC,smee-spice2-systematic-torsion-generation_constrained-linear,1,0.8096831631711163,0.000241556807326,0.7932000000000002,0.00025
34731,81,dhmix_980734994193955874,81,EnthalpyOfMixing,<Substance CCC(C)(C)O{solv}{x=0.498700}|CCOC(C)(C)CC{solv}{x=0.501300}>,CCC(C)(C)O,CCOC(C)(C)CC,smee-spice2-systematic-torsion-generation_constrained-linear,1,0.8852549641279666,0.0386900090923644,0.8937,0.01225
34732,82,dens_1165049856972872340,82,Density,<Substance CCC(C)(C)O{solv}{x=0.498700}|CCOC(C)(C)CC{solv}{x=0.501300}>,CCC(C)(C)O,CCOC(C)(C)CC,smee-spice2-systematic-torsion-generation_constrained-linear,1,0.7915908792068975,0.0001932881787865,0.7789000000000001,0.0002
34733,83,dens_2297026976830009992,83,Density,<Substance CCC(C)(C)O{solv}{x=0.299700}|CCOC(C)(C)CC{solv}{x=0.700300}>,CCC(C)(C)O,CCOC(C)(C)CC,smee-spice2-systematic-torsion-generation_constrained-linear,1,0.7823230365223832,0.0001977044977861,0.7709000000000001,0.0002
34734,84,dens_25810987980199799,84,Density,<Substance CCCCCC{solv}{x=0.158800}|Cc1ccccc1{solv}{x=0.841200}>,CCCCCC,Cc1ccccc1,smee-spice2-systematic-torsion-generation_constrained-linear,1,0.8198231574946329,0.000248186288134,0.8226300000000002,0.000335
34735,85,dens_574637447996217594,85,Density,<Substance CCCCCC{solv}{x=0.501100}|Cc1ccccc1{solv}{x=0.498900}>,CCCCCC,Cc1ccccc1,smee-spice2-systematic-torsion-generation_constrained-linear,1,0.7417722138898946,0.0002554788979069,0.7484400000000002,0.00015
34736,86,dhmix_1373657903424456878,86,EnthalpyOfMixing,<Substance CCCCCC{solv}{x=0.158600}|Cc1ccccc1{solv}{x=0.841400}>,CCCCCC,Cc1ccccc1,smee-spice2-systematic-torsion-generation_constrained-linear,1,0.3540287201873582,0.0432426129646826,0.3163,0.0043
34737,87,dhmix_1383995974797334848,87,EnthalpyOfMixing,<Substance CCCCCC{solv}{x=0.472300}|Cc1ccccc1{solv}{x=0.527700}>,CCCCCC,Cc1ccccc1,smee-spice2-systematic-torsion-generation_constrained-linear,1,0.6879348707634279,0.0335572935748436,0.5467,0.00715
34738,88,dhmix_1412344026798360911,88,EnthalpyOfMixing,<Substance CCCCCC{solv}{x=0.748400}|Cc1ccccc1{solv}{x=0.251600}>,CCCCCC,Cc1ccccc1,smee-spice2-systematic-torsion-generation_constrained-linear,1,0.4224099982587432,0.0476855030073205,0.393,0.00525
34739,89,dens_2241575426887298365,89,Density,<Substance CCCCCC{solv}{x=0.733800}|Cc1ccccc1{solv}{x=0.266200}>,CCCCCC,Cc1ccccc1,smee-spice2-systematic-torsion-generation_constrained-linear,1,0.6950104894011421,0.0002493484720483,0.7020900000000002,0.000305
34740,90,dens_27241401908451167,90,Density,<Substance CN(C)C=O{solv}{x=0.503500}|Cc1ccccc1Cl{solv}{x=0.496500}>,CN(C)C=O,Cc1ccccc1Cl,smee-spice2-systematic-torsion-generation_constrained-linear,1,1.0225117428112744,0.000239082778609,1.0247000000000004,0.0005
34741,91,dhmix_674882857451857086,91,EnthalpyOfMixing,<Substance CN(C)C=O{solv}{x=0.511800}|Cc1ccccc1Cl{solv}{x=0.488200}>,CN(C)C=O,Cc1ccccc1Cl,smee-spice2-systematic-torsion-generation_constrained-linear,1,0.195099412649327,0.0402263309215007,0.545,0.006
34742,92,dens_818042132181297482,92,Density,<Substance CN(C)C=O{solv}{x=0.751200}|Cc1ccccc1Cl{solv}{x=0.248800}>,CN(C)C=O,Cc1ccccc1Cl,smee-spice2-systematic-torsion-generation_constrained-linear,1,0.9797834123715397,0.0002427049314314,0.9898800000000002,0.0005
34743,93,dens_861365281257265917,93,Density,<Substance CN(C)C=O{solv}{x=0.273700}|Cc1ccccc1Cl{solv}{x=0.726300}>,CN(C)C=O,Cc1ccccc1Cl,smee-spice2-systematic-torsion-generation_constrained-linear,1,1.0452382260634487,0.0002631777052606,1.0415000000000003,0.0005
34744,94,dhmix_1670364528496870559,94,EnthalpyOfMixing,<Substance CN(C)C=O{solv}{x=0.767900}|Cc1ccccc1Cl{solv}{x=0.232100}>,CN(C)C=O,Cc1ccccc1Cl,smee-spice2-systematic-torsion-generation_constrained-linear,1,0.2002705901504597,0.0402998516975701,0.436,0.005
34745,95,dhmix_1992689527814967541,95,EnthalpyOfMixing,<Substance CN(C)C=O{solv}{x=0.274300}|Cc1ccccc1Cl{solv}{x=0.725700}>,CN(C)C=O,Cc1ccccc1Cl,smee-spice2-systematic-torsion-generation_constrained-linear,1,0.1399238045196469,0.0422079779778212,0.373,0.004
34746,96,dens_29213618499921464,96,Density,<Substance C1CCOCC1{solv}{x=0.254000}|O=C1CCCCCC1{solv}{x=0.746000}>,C1CCOCC1,O=C1CCCCCC1,smee-spice2-systematic-torsion-generation_constrained-linear,1,0.9221212465023098,0.0001861711987046,0.9355100000000002,0.00051
34747,97,dens_468319504030932569,97,Density,<Substance C1CCOCC1{solv}{x=0.498600}|O=C1CCCCCC1{solv}{x=0.501400}>,C1CCOCC1,O=C1CCCCCC1,smee-spice2-systematic-torsion-generation_constrained-linear,1,0.910304510357073,0.0001858652126022,0.9211200000000004,0.00051
34748,98,dens_1174890511154571939,98,Density,<Substance C1CCOCC1{solv}{x=0.768600}|O=C1CCCCCC1{solv}{x=0.231400}>,C1CCOCC1,O=C1CCCCCC1,smee-spice2-systematic-torsion-generation_constrained-linear,1,0.8955991760113875,0.0002147985832115,0.9012200000000002,0.000505
34749,99,dens_30084818585402677,99,Density,<Substance CC(=O)N(C)C{solv}{x=0.700600}|ClCCCCCCCl{solv}{x=0.299400}>,CC(=O)N(C)C,ClCCCCCCCl,smee-spice2-systematic-torsion-generation_constrained-linear,1,0.967631728241306,0.0002111744400132,0.9853000000000002,0.00175
34750,100,dhmix_384619296407103076,100,EnthalpyOfMixing,<Substance CC(=O)N(C)C{solv}{x=0.504000}|ClCCCCCCCl{solv}{x=0.496000}>,CC(=O)N(C)C,ClCCCCCCCl,smee-spice2-systematic-torsion-generation_constrained-linear,1,0.1351781473369815,0.042842294089536,0.09,0.002
34751,101,dens_539464371986972328,101,Density,<Substance CC(=O)N(C)C{solv}{x=0.494300}|ClCCCCCCCl{solv}{x=0.505700}>,CC(=O)N(C)C,ClCCCCCCCl,smee-spice2-systematic-torsion-generation_constrained-linear,1,1.0027306699227585,0.0001671973647775,1.0123000000000002,0.0016
34752,102,dhmix_1114659247517686326,102,EnthalpyOfMixing,<Substance CC(=O)N(C)C{solv}{x=0.798000}|ClCCCCCCCl{solv}{x=0.202000}>,CC(=O)N(C)C,ClCCCCCCCl,smee-spice2-systematic-torsion-generation_constrained-linear,1,0.0596694337925356,0.0427846590097497,0.067,0.002
34753,103,dhmix_1410583096030633514,103,EnthalpyOfMixing,<Substance CC(=O)N(C)C{solv}{x=0.212000}|ClCCCCCCCl{solv}{x=0.788000}>,CC(=O)N(C)C,ClCCCCCCCl,smee-spice2-systematic-torsion-generation_constrained-linear,1,0.1984662235276033,0.050096761252642,0.04,0.002
34754,104,dens_2244909992725638206,104,Density,<Substance CC(=O)N(C)C{solv}{x=0.300200}|ClCCCCCCCl{solv}{x=0.699800}>,CC(=O)N(C)C,ClCCCCCCCl,smee-spice2-systematic-torsion-generation_constrained-linear,1,1.0311602360624774,0.0002028802662708,1.0345000000000002,0.0015
34755,105,dhmix_35301006695188726,105,EnthalpyOfMixing,<Substance CCOC(=O)C(C)C{solv}{x=0.289000}|CO{solv}{x=0.711000}>,CCOC(=O)C(C)C,CO,smee-spice2-systematic-torsion-generation_constrained-linear,1,0.5083192907643195,0.0345866414350379,0.488,0.0035
34756,106,dens_508877804306927207,106,Density,<Substance CCOC(=O)C(C)C{solv}{x=0.499000}|CO{solv}{x=0.501000}>,CCOC(=O)C(C)C,CO,smee-spice2-systematic-torsion-generation_constrained-linear,1,0.8480074295793049,0.0002750410047706,0.8414100000000002,0.00011
34757,107,dens_1201422771202741625,107,Density,<Substance CCOC(=O)C(C)C{solv}{x=0.199600}|CO{solv}{x=0.800400}>,CCOC(=O)C(C)C,CO,smee-spice2-systematic-torsion-generation_constrained-linear,1,0.8141637498979793,0.0003643258126739,0.8173600000000002,0.000115
34758,108,dhmix_1951183536432642425,108,EnthalpyOfMixing,<Substance CCOC(=O)C(C)C{solv}{x=0.480000}|CO{solv}{x=0.520000}>,CCOC(=O)C(C)C,CO,smee-spice2-systematic-torsion-generation_constrained-linear,1,0.7530748715029318,0.0307983679417405,0.671,0.0045
34759,109,dens_1998368384671748308,109,Density,<Substance CCOC(=O)C(C)C{solv}{x=0.703000}|CO{solv}{x=0.297000}>,CCOC(=O)C(C)C,CO,smee-spice2-systematic-torsion-generation_constrained-linear,1,0.8615276958254854,0.000227806222614,0.8501200000000002,0.00011
34760,110,dhmix_2200604492347455092,110,EnthalpyOfMixing,<Substance CCOC(=O)C(C)C{solv}{x=0.771000}|CO{solv}{x=0.229000}>,CCOC(=O)C(C)C,CO,smee-spice2-systematic-torsion-generation_constrained-linear,1,0.560641853492978,0.0498173383491235,0.632,0.0045
34761,111,dhmix_39159150320919359,111,EnthalpyOfMixing,<Substance CCO{solv}{x=0.799700}|Cc1cccc(O)c1{solv}{x=0.200300}>,CCO,Cc1cccc(O)c1,smee-spice2-systematic-torsion-generation_constrained-linear,1,-0.5245580204741103,0.036530701789271,-0.79199,0.011965
34762,112,dens_410843938837220593,112,Density,<Substance CCO{solv}{x=0.263700}|Cc1cccc(O)c1{solv}{x=0.736300}>,CCO,Cc1cccc(O)c1,smee-spice2-systematic-torsion-generation_constrained-linear,1,1.003279016173505,0.0002286474434744,0.9852300000000004,0.0006
34763,113,dhmix_1115402835538407874,113,EnthalpyOfMixing,<Substance CCO{solv}{x=0.212500}|Cc1cccc(O)c1{solv}{x=0.787500}>,CCO,Cc1cccc(O)c1,smee-spice2-systematic-torsion-generation_constrained-linear,1,-0.4209167201172707,0.04349477872147,-0.68742,0.01275
34764,114,dens_1359111234216199895,114,Density,<Substance CCO{solv}{x=0.472400}|Cc1cccc(O)c1{solv}{x=0.527600}>,CCO,Cc1cccc(O)c1,smee-spice2-systematic-torsion-generation_constrained-linear,1,0.9636897990739858,0.0003577841175056,0.9446300000000002,0.0006
34765,115,dens_1590314985481219627,115,Density,<Substance CCO{solv}{x=0.781700}|Cc1cccc(O)c1{solv}{x=0.218300}>,CCO,Cc1cccc(O)c1,smee-spice2-systematic-torsion-generation_constrained-linear,1,0.8800066197311608,0.0003359621776196,0.8631500000000002,0.000605
34766,116,dhmix_1871939727966182523,116,EnthalpyOfMixing,<Substance CCO{solv}{x=0.413900}|Cc1cccc(O)c1{solv}{x=0.586100}>,CCO,Cc1cccc(O)c1,smee-spice2-systematic-torsion-generation_constrained-linear,1,-1.0538206940582056,0.0381068475191441,-1.14624,0.00985
34767,117,dens_42678158079716854,117,Density,<Substance CN1CCCC1=O{solv}{x=0.937492}|c1ccccc1{solv}{x=0.062508}>,CN1CCCC1=O,c1ccccc1,smee-spice2-systematic-torsion-generation_constrained-linear,1,1.0022294004223409,0.0002097903496891,1.0204500000000003,3.500000000000001e-05
34768,118,dens_252520620125458637,118,Density,<Substance CN1CCCC1=O{solv}{x=0.513500}|c1ccccc1{solv}{x=0.486500}>,CN1CCCC1=O,c1ccccc1,smee-spice2-systematic-torsion-generation_constrained-linear,1,0.9577300692373758,0.0002383994970414,0.9684700000000004,0.00018
34769,119,dhmix_524477957640851666,119,EnthalpyOfMixing,<Substance CN1CCCC1=O{solv}{x=0.235600}|c1ccccc1{solv}{x=0.764400}>,CN1CCCC1=O,c1ccccc1,smee-spice2-systematic-torsion-generation_constrained-linear,1,-0.165360151279529,0.0385867225555107,-0.3684,0.00405
34770,120,dhmix_1475629358723962160,120,EnthalpyOfMixing,<Substance CN1CCCC1=O{solv}{x=0.546700}|c1ccccc1{solv}{x=0.453300}>,CN1CCCC1=O,c1ccccc1,smee-spice2-systematic-torsion-generation_constrained-linear,1,-0.0807266955518954,0.0432144426982573,-0.4943,0.00535
34771,121,dens_2041306780823594960,121,Density,<Substance CN1CCCC1=O{solv}{x=0.252400}|c1ccccc1{solv}{x=0.747600}>,CN1CCCC1=O,c1ccccc1,smee-spice2-systematic-torsion-generation_constrained-linear,1,0.9102545218942898,0.0002600020999499,0.9163300000000004,0.00029
34772,122,dhmix_2156508970935294660,122,EnthalpyOfMixing,<Substance CN1CCCC1=O{solv}{x=0.741100}|c1ccccc1{solv}{x=0.258900}>,CN1CCCC1=O,c1ccccc1,smee-spice2-systematic-torsion-generation_constrained-linear,1,-0.0401041274630751,0.0381495562118563,-0.3841,0.0042
34773,123,dhmix_44217680865702366,123,EnthalpyOfMixing,<Substance CC(=O)c1ccccc1{solv}{x=0.200100}|CC(C)O{solv}{x=0.799900}>,CC(=O)c1ccccc1,CC(C)O,smee-spice2-systematic-torsion-generation_constrained-linear,1,0.944323935011674,0.0338398391018357,1.1352,0.0124
34774,124,dens_91454082453656404,124,Density,<Substance CC(=O)c1ccccc1{solv}{x=0.756100}|CC(C)O{solv}{x=0.243900}>,CC(=O)c1ccccc1,CC(C)O,smee-spice2-systematic-torsion-generation_constrained-linear,1,0.9834823957187794,0.0002269920962853,0.9823500000000004,0.000175
34775,125,dens_152869924254680766,125,Density,<Substance CC(=O)c1ccccc1{solv}{x=0.251700}|CC(C)O{solv}{x=0.748300}>,CC(=O)c1ccccc1,CC(C)O,smee-spice2-systematic-torsion-generation_constrained-linear,1,0.883757911654063,0.0002608309831307,0.8654400000000002,0.000245
34776,126,dhmix_1214494501247401592,126,EnthalpyOfMixing,<Substance CC(=O)c1ccccc1{solv}{x=0.499600}|CC(C)O{solv}{x=0.500400}>,CC(=O)c1ccccc1,CC(C)O,smee-spice2-systematic-torsion-generation_constrained-linear,1,1.2043898465643323,0.0416847971434084,1.5703,0.0169
34777,127,dhmix_1482394504883204224,127,EnthalpyOfMixing,<Substance CC(=O)c1ccccc1{solv}{x=0.700600}|CC(C)O{solv}{x=0.299400}>,CC(=O)c1ccccc1,CC(C)O,smee-spice2-systematic-torsion-generation_constrained-linear,1,0.9840856802991028,0.0425476957342564,1.3758,0.01485
34778,128,dens_1804860114822214449,128,Density,<Substance CC(=O)c1ccccc1{solv}{x=0.534500}|CC(C)O{solv}{x=0.465500}>,CC(=O)c1ccccc1,CC(C)O,smee-spice2-systematic-torsion-generation_constrained-linear,1,0.9454952484302604,0.0002499051403074,0.9375600000000002,0.0002
34779,129,dhmix_47323681380989568,129,EnthalpyOfMixing,<Substance CCCCCCCCCl{solv}{x=0.498000}|CN(C)C=O{solv}{x=0.502000}>,CCCCCCCCCl,CN(C)C=O,smee-spice2-systematic-torsion-generation_constrained-linear,1,1.3216721417469015,0.0449223788810684,1.087,0.0045
34780,130,dhmix_620291288515939248,130,EnthalpyOfMixing,<Substance CCCCCCCCCl{solv}{x=0.790000}|CN(C)C=O{solv}{x=0.210000}>,CCCCCCCCCl,CN(C)C=O,smee-spice2-systematic-torsion-generation_constrained-linear,1,0.9480327356001368,0.0610109601828548,0.68,0.0045
34781,131,dens_1830564734879843336,131,Density,<Substance CCCCCCCCCl{solv}{x=0.733100}|CN(C)C=O{solv}{x=0.266900}>,CCCCCCCCCl,CN(C)C=O,smee-spice2-systematic-torsion-generation_constrained-linear,1,0.8754977979138288,0.000217604752516,0.8779000000000002,0.00045
34782,132,dens_1865569264533219410,132,Density,<Substance CCCCCCCCCl{solv}{x=0.500800}|CN(C)C=O{solv}{x=0.499200}>,CCCCCCCCCl,CN(C)C=O,smee-spice2-systematic-torsion-generation_constrained-linear,1,0.8841206723740017,0.0002332686427506,0.8897000000000003,0.0004
34783,133,dens_1893252821735673677,133,Density,<Substance CCCCCCCCCl{solv}{x=0.199800}|CN(C)C=O{solv}{x=0.800200}>,CCCCCCCCCl,CN(C)C=O,smee-spice2-systematic-torsion-generation_constrained-linear,1,0.9033781434804532,0.0002532965036251,0.9149000000000002,0.0003
34784,134,dhmix_2175249209874409534,134,EnthalpyOfMixing,<Substance CCCCCCCCCl{solv}{x=0.205000}|CN(C)C=O{solv}{x=0.795000}>,CCCCCCCCCl,CN(C)C=O,smee-spice2-systematic-torsion-generation_constrained-linear,1,0.985884239261015,0.0400344672447863,0.79,0.0045
34785,135,dens_47347406470845261,135,Density,<Substance BrCCCBr{solv}{x=0.748600}|COC=O{solv}{x=0.251400}>,BrCCCBr,COC=O,smee-spice2-systematic-torsion-generation_constrained-linear,1,1.774060349104407,0.0005667102057673,1.7969200000000003,0.00306
34786,136,dens_398260729245374704,136,Density,<Substance BrCCCBr{solv}{x=0.472200}|COC=O{solv}{x=0.527800}>,BrCCCBr,COC=O,smee-spice2-systematic-torsion-generation_constrained-linear,1,1.5576826572127156,0.0005569304666166,1.5585100000000005,0.001985
34787,137,dhmix_1440467239786579925,137,EnthalpyOfMixing,<Substance BrCCCBr{solv}{x=0.735400}|COC=O{solv}{x=0.264600}>,BrCCCBr,COC=O,smee-spice2-systematic-torsion-generation_constrained-linear,1,0.6806685318935735,0.0318507280857237,0.7435,0.00655
34788,138,dens_1812113401512645360,138,Density,<Substance BrCCCBr{solv}{x=0.204700}|COC=O{solv}{x=0.795300}>,BrCCCBr,COC=O,smee-spice2-systematic-torsion-generation_constrained-linear,1,1.281636073399154,0.0004277677959974,1.2611800000000004,0.001025
34789,139,dhmix_2252268161220427112,139,EnthalpyOfMixing,<Substance BrCCCBr{solv}{x=0.485300}|COC=O{solv}{x=0.514700}>,BrCCCBr,COC=O,smee-spice2-systematic-torsion-generation_constrained-linear,1,0.8175751234901689,0.0268755289308625,0.9249,0.00795
34790,140,dhmix_2289960806584862127,140,EnthalpyOfMixing,<Substance BrCCCBr{solv}{x=0.239500}|COC=O{solv}{x=0.760500}>,BrCCCBr,COC=O,smee-spice2-systematic-torsion-generation_constrained-linear,1,0.6663659738524084,0.0334624174284109,0.6669,0.00595
34791,141,dens_52148744845178727,141,Density,<Substance CC(=O)CC(C)C{solv}{x=0.700900}|CCC(C)(C)O{solv}{x=0.299100}>,CC(=O)CC(C)C,CCC(C)(C)O,smee-spice2-systematic-torsion-generation_constrained-linear,1,0.8065079616656113,0.0002277241151616,0.7968700000000002,0.00018
34792,142,dhmix_202225007451030020,142,EnthalpyOfMixing,<Substance CC(=O)CC(C)C{solv}{x=0.201700}|CCC(C)(C)O{solv}{x=0.798300}>,CC(=O)CC(C)C,CCC(C)(C)O,smee-spice2-systematic-torsion-generation_constrained-linear,1,0.0772176704929812,0.0420456596072091,0.8181,0.01135
34793,143,dens_938275493819605051,143,Density,<Substance CC(=O)CC(C)C{solv}{x=0.500800}|CCC(C)(C)O{solv}{x=0.499200}>,CC(=O)CC(C)C,CCC(C)(C)O,smee-spice2-systematic-torsion-generation_constrained-linear,1,0.8114705607691384,0.0002209671705677,0.7987300000000002,0.00018
34794,144,dhmix_998794233701009996,144,EnthalpyOfMixing,<Substance CC(=O)CC(C)C{solv}{x=0.500800}|CCC(C)(C)O{solv}{x=0.499200}>,CC(=O)CC(C)C,CCC(C)(C)O,smee-spice2-systematic-torsion-generation_constrained-linear,1,0.3211372998892123,0.0425490991327478,1.3674,0.0185
34795,145,dhmix_1565593158104493647,145,EnthalpyOfMixing,<Substance CC(=O)CC(C)C{solv}{x=0.700900}|CCC(C)(C)O{solv}{x=0.299100}>,CC(=O)CC(C)C,CCC(C)(C)O,smee-spice2-systematic-torsion-generation_constrained-linear,1,0.2787688676242155,0.0482269807927436,1.2068,0.0164
34796,146,dens_2097057526665137697,146,Density,<Substance CC(=O)CC(C)C{solv}{x=0.201700}|CCC(C)(C)O{solv}{x=0.798300}>,CC(=O)CC(C)C,CCC(C)(C)O,smee-spice2-systematic-torsion-generation_constrained-linear,1,0.8200065555185756,0.0002513092434296,0.8030000000000002,0.00019
34797,147,dens_60145312697659458,147,Density,<Substance OC1=NCCC1{solv}{x=0.231200}|c1ccncc1{solv}{x=0.768800}>,OC1=NCCC1,c1ccncc1,smee-spice2-systematic-torsion-generation_constrained-linear,1,1.0170344258638415,0.0002544504410142,1.0106200000000003,0.00051
34798,148,dhmix_281987656487279026,148,EnthalpyOfMixing,<Substance OC1=NCCC1{solv}{x=0.525600}|c1ccncc1{solv}{x=0.474400}>,OC1=NCCC1,c1ccncc1,smee-spice2-systematic-torsion-generation_constrained-linear,1,-1.1237860977257697,0.0654503729327269,0.2031,0.0508
34799,149,dens_617740093035429712,149,Density,<Substance OC1=NCCC1{solv}{x=0.831200}|c1ccncc1{solv}{x=0.168800}>,OC1=NCCC1,c1ccncc1,smee-spice2-systematic-torsion-generation_constrained-linear,1,1.071746342264719,0.0003305356365994,1.0872000000000004,0.00052
34800,150,dhmix_658699797311871042,150,EnthalpyOfMixing,<Substance OC1=NCCC1{solv}{x=0.261500}|c1ccncc1{solv}{x=0.738500}>,OC1=NCCC1,c1ccncc1,smee-spice2-systematic-torsion-generation_constrained-linear,1,-0.9449215333105484,0.051131967328031,0.165,0.04125
34801,151,dhmix_774470106511868908,151,EnthalpyOfMixing,<Substance OC1=NCCC1{solv}{x=0.831100}|c1ccncc1{solv}{x=0.168900}>,OC1=NCCC1,c1ccncc1,smee-spice2-systematic-torsion-generation_constrained-linear,1,-0.9059208309136296,0.0944747233993864,0.0972,0.0243
34802,152,dens_1837977312272564303,152,Density,<Substance OC1=NCCC1{solv}{x=0.475200}|c1ccncc1{solv}{x=0.524800}>,OC1=NCCC1,c1ccncc1,smee-spice2-systematic-torsion-generation_constrained-linear,1,1.040434878676729,0.0002578669313226,1.0431300000000003,0.000515
34803,153,dens_64870336397637683,153,Density,<Substance NCCCO{solv}{x=0.489642}|O{solv}{x=0.510358}>,NCCCO,O,smee-spice2-systematic-torsion-generation_constrained-linear,1,1.0391345339123852,0.0003108809833984,1.0059000000000002,0.00155
34804,154,dens_70371380055449550,154,Density,<Substance NCCCO{solv}{x=0.708044}|O{solv}{x=0.291956}>,NCCCO,O,smee-spice2-systematic-torsion-generation_constrained-linear,1,1.0423413004338975,0.0002860157279105,0.9975000000000004,0.0018
34805,155,dhmix_150384853762728924,155,EnthalpyOfMixing,<Substance NCCCO{solv}{x=0.751500}|O{solv}{x=0.248500}>,NCCCO,O,smee-spice2-systematic-torsion-generation_constrained-linear,1,-0.6030884093982039,0.0498211179461252,-1.531,0.031
34806,156,dens_847209819230970781,156,Density,<Substance NCCCO{solv}{x=0.272809}|O{solv}{x=0.727191}>,NCCCO,O,smee-spice2-systematic-torsion-generation_constrained-linear,1,1.0278853510079295,0.0003613287041821,1.0118000000000005,0.0014
34807,157,dhmix_1448036989335532298,157,EnthalpyOfMixing,<Substance NCCCO{solv}{x=0.298200}|O{solv}{x=0.701800}>,NCCCO,O,smee-spice2-systematic-torsion-generation_constrained-linear,1,-0.5544153290629037,0.0223792533311662,-2.501,0.051
34808,158,dhmix_1551692974855642379,158,EnthalpyOfMixing,<Substance NCCCO{solv}{x=0.498900}|O{solv}{x=0.501100}>,NCCCO,O,smee-spice2-systematic-torsion-generation_constrained-linear,1,-0.6684324761683236,0.0289759075785192,-2.462,0.05
34809,159,dhmix_65921650414250861,159,EnthalpyOfMixing,<Substance CCOC(=O)CC(C)=O{solv}{x=0.499500}|CCO{solv}{x=0.500500}>,CCO,CCOC(=O)CC(C)=O,smee-spice2-systematic-torsion-generation_constrained-linear,1,1.4361180949297534,0.0410087283152887,1.7079,0.0183
34810,160,dhmix_546962203716710778,160,EnthalpyOfMixing,<Substance CCOC(=O)CC(C)=O{solv}{x=0.299400}|CCO{solv}{x=0.700600}>,CCO,CCOC(=O)CC(C)=O,smee-spice2-systematic-torsion-generation_constrained-linear,1,1.2948677222461953,0.0301108781061509,1.4925,0.01605
34811,161,dens_989479368116300355,161,Density,<Substance CCOC(=O)CC(C)=O{solv}{x=0.500000}|CCO{solv}{x=0.500000}>,CCO,CCOC(=O)CC(C)=O,smee-spice2-systematic-torsion-generation_constrained-linear,1,0.9591490521671162,0.0002265451552779,0.9484700000000004,0.000155
34812,162,dens_1726065156375824332,162,Density,<Substance CCOC(=O)CC(C)=O{solv}{x=0.250000}|CCO{solv}{x=0.750000}>,CCO,CCOC(=O)CC(C)=O,smee-spice2-systematic-torsion-generation_constrained-linear,1,0.8955995347872325,0.0002701794601008,0.8856300000000003,0.00017
34813,163,dens_1736679431098209973,163,Density,<Substance CCOC(=O)CC(C)=O{solv}{x=0.750000}|CCO{solv}{x=0.250000}>,CCO,CCOC(=O)CC(C)=O,smee-spice2-systematic-torsion-generation_constrained-linear,1,1.003071256869857,0.0002191916432449,0.9917100000000004,0.00017
34814,164,dhmix_2221487218644783272,164,EnthalpyOfMixing,<Substance CCOC(=O)CC(C)=O{solv}{x=0.700800}|CCO{solv}{x=0.299200}>,CCO,CCOC(=O)CC(C)=O,smee-spice2-systematic-torsion-generation_constrained-linear,1,1.068900158571637,0.0403884809584575,1.478,0.0159
34815,165,dhmix_68947190908856741,165,EnthalpyOfMixing,<Substance C1COCCO1{solv}{x=0.250000}|O=C1CCCC1{solv}{x=0.750000}>,C1COCCO1,O=C1CCCC1,smee-spice2-systematic-torsion-generation_constrained-linear,1,-0.0036191351434595,0.0363201571811786,0.04589,0.00057
34816,166,dens_225413782402822877,166,Density,<Substance C1COCCO1{solv}{x=0.777800}|O=C1CCCC1{solv}{x=0.222200}>,C1COCCO1,O=C1CCCC1,smee-spice2-systematic-torsion-generation_constrained-linear,1,1.01460056004042,0.0002164000503929,1.0081000000000002,0.000255
34817,167,dhmix_415496698649060745,167,EnthalpyOfMixing,<Substance C1COCCO1{solv}{x=0.500000}|O=C1CCCC1{solv}{x=0.500000}>,C1COCCO1,O=C1CCCC1,smee-spice2-systematic-torsion-generation_constrained-linear,1,0.0229124099218296,0.0381857632608052,0.07457,0.00068
34818,168,dens_803440153424346423,168,Density,<Substance C1COCCO1{solv}{x=0.506300}|O=C1CCCC1{solv}{x=0.493700}>,C1COCCO1,O=C1CCCC1,smee-spice2-systematic-torsion-generation_constrained-linear,1,0.981125056279732,0.0002170550659977,0.9849200000000002,0.00025
34819,169,dens_1553194080174872005,169,Density,<Substance C1COCCO1{solv}{x=0.243600}|O=C1CCCC1{solv}{x=0.756400}>,C1COCCO1,O=C1CCCC1,smee-spice2-systematic-torsion-generation_constrained-linear,1,0.9498830679940308,0.0002482150328945,0.9633500000000004,0.000245
34820,170,dhmix_1852349497898107924,170,EnthalpyOfMixing,<Substance C1COCCO1{solv}{x=0.750000}|O=C1CCCC1{solv}{x=0.250000}>,C1COCCO1,O=C1CCCC1,smee-spice2-systematic-torsion-generation_constrained-linear,1,0.0478866575731444,0.0304229476440346,0.07097,0.000665
34821,171,dhmix_71170350241685196,171,EnthalpyOfMixing,<Substance COC(C)(C)C{solv}{x=0.749000}|ClC(Cl)Cl{solv}{x=0.251000}>,COC(C)(C)C,ClC(Cl)Cl,smee-spice2-systematic-torsion-generation_constrained-linear,1,-1.1575416536854704,0.0429649956676588,-1.9,0.077
34822,172,dens_554111049740737271,172,Density,<Substance COC(C)(C)C{solv}{x=0.454000}|ClC(Cl)Cl{solv}{x=0.546000}>,COC(C)(C)C,ClC(Cl)Cl,smee-spice2-systematic-torsion-generation_constrained-linear,1,1.1297635393410237,0.000406267406094,1.0838000000000003,0.00015
34823,173,dhmix_1691495556773848750,173,EnthalpyOfMixing,<Substance COC(C)(C)C{solv}{x=0.484000}|ClC(Cl)Cl{solv}{x=0.516000}>,COC(C)(C)C,ClC(Cl)Cl,smee-spice2-systematic-torsion-generation_constrained-linear,1,-1.7331658438078676,0.0351046442319471,-2.1,0.0845
34824,174,dens_1874337336846858625,174,Density,<Substance COC(C)(C)C{solv}{x=0.276000}|ClC(Cl)Cl{solv}{x=0.724000}>,COC(C)(C)C,ClC(Cl)Cl,smee-spice2-systematic-torsion-generation_constrained-linear,1,1.2891644891345218,0.0004667756560285,1.2259000000000004,0.0002
34825,175,dens_2136498248834183810,175,Density,<Substance COC(C)(C)C{solv}{x=0.728600}|ClC(Cl)Cl{solv}{x=0.271400}>,COC(C)(C)C,ClC(Cl)Cl,smee-spice2-systematic-torsion-generation_constrained-linear,1,0.9224529802661222,0.0002696639087528,0.8956000000000003,0.00015
34826,176,dhmix_2232264038422377060,176,EnthalpyOfMixing,<Substance COC(C)(C)C{solv}{x=0.220000}|ClC(Cl)Cl{solv}{x=0.780000}>,COC(C)(C)C,ClC(Cl)Cl,smee-spice2-systematic-torsion-generation_constrained-linear,1,-1.148251096621955,0.0331015550696497,-1.5,0.0605
34827,177,dhmix_73322629991074290,177,EnthalpyOfMixing,<Substance CCC(C)=O{solv}{x=0.212400}|CCN(CC)CC{solv}{x=0.787600}>,CCC(C)=O,CCN(CC)CC,smee-spice2-systematic-torsion-generation_constrained-linear,1,0.3359710002915506,0.0466843316400506,0.57,0.006
34828,178,dens_317201778138256714,178,Density,<Substance CCC(C)=O{solv}{x=0.261000}|CCN(CC)CC{solv}{x=0.739000}>,CCC(C)=O,CCN(CC)CC,smee-spice2-systematic-torsion-generation_constrained-linear,1,0.7481549421298288,0.0002106517460882,0.7361510000000001,0.000106
34829,179,dens_544322850735592196,179,Density,<Substance CCC(C)=O{solv}{x=0.510600}|CCN(CC)CC{solv}{x=0.489400}>,CCC(C)=O,CCN(CC)CC,smee-spice2-systematic-torsion-generation_constrained-linear,1,0.756119915602867,0.0002221653374273,0.7527560000000002,0.0001045
34830,180,dhmix_690665189446107141,180,EnthalpyOfMixing,<Substance CCC(C)=O{solv}{x=0.496700}|CCN(CC)CC{solv}{x=0.503300}>,CCC(C)=O,CCN(CC)CC,smee-spice2-systematic-torsion-generation_constrained-linear,1,0.4317971573368666,0.0445716009119768,0.746,0.008
34831,181,dhmix_935249702283890201,181,EnthalpyOfMixing,<Substance CCC(C)=O{solv}{x=0.789300}|CCN(CC)CC{solv}{x=0.210700}>,CCC(C)=O,CCN(CC)CC,smee-spice2-systematic-torsion-generation_constrained-linear,1,0.2792067128200912,0.0346313479960122,0.455,0.005
34832,182,dens_1635002920322954883,182,Density,<Substance CCC(C)=O{solv}{x=0.760400}|CCN(CC)CC{solv}{x=0.239600}>,CCC(C)=O,CCN(CC)CC,smee-spice2-systematic-torsion-generation_constrained-linear,1,0.7668209846458431,0.0002533130919301,0.7738830000000002,9.900000000000003e-05
34833,183,dhmix_76833325524040726,183,EnthalpyOfMixing,<Substance C1CCCCC1{solv}{x=0.260600}|c1ccccc1{solv}{x=0.739400}>,C1CCCCC1,c1ccccc1,smee-spice2-systematic-torsion-generation_constrained-linear,1,0.7821985594876537,0.0387024937576238,0.6282,0.00695
34834,184,dens_330305790736126156,184,Density,<Substance C1CCCCC1{solv}{x=0.499600}|c1ccccc1{solv}{x=0.500400}>,C1CCCCC1,c1ccccc1,smee-spice2-systematic-torsion-generation_constrained-linear,1,0.8077245890726571,0.0002597413892655,0.8136000000000002,0.0002
34835,185,dhmix_460305358266375837,185,EnthalpyOfMixing,<Substance C1CCCCC1{solv}{x=0.766800}|c1ccccc1{solv}{x=0.233200}>,C1CCCCC1,c1ccccc1,smee-spice2-systematic-torsion-generation_constrained-linear,1,0.6177576466027404,0.0435655183761201,0.5517,0.00725
34836,186,dens_1579941980285561951,186,Density,<Substance C1CCCCC1{solv}{x=0.249800}|c1ccccc1{solv}{x=0.750200}>,C1CCCCC1,c1ccccc1,smee-spice2-systematic-torsion-generation_constrained-linear,1,0.8363099143020551,0.0003337985753456,0.8405780000000002,7.05e-05
34837,187,dhmix_1824194485055356086,187,EnthalpyOfMixing,<Substance C1CCCCC1{solv}{x=0.501200}|c1ccccc1{solv}{x=0.498800}>,C1CCCCC1,c1ccccc1,smee-spice2-systematic-torsion-generation_constrained-linear,1,0.9218047500363724,0.0390023459088443,0.7893,0.00655
34838,188,dens_1871885279620492514,188,Density,<Substance C1CCCCC1{solv}{x=0.732300}|c1ccccc1{solv}{x=0.267700}>,C1CCCCC1,c1ccccc1,smee-spice2-systematic-torsion-generation_constrained-linear,1,0.786240486830566,0.0002189613120934,0.7929200000000002,7.450000000000001e-05
34839,189,dens_78518696584109468,189,Density,<Substance CN(CCO)CCO{solv}{x=0.743000}|O{solv}{x=0.257000}>,CN(CCO)CCO,O,smee-spice2-systematic-torsion-generation_constrained-linear,1,1.0593450940383649,0.0003379831691362,1.0405100000000005,0.000286
34840,190,dens_169053214615075062,190,Density,<Substance CN(CCO)CCO{solv}{x=0.257100}|O{solv}{x=0.742900}>,CN(CCO)CCO,O,smee-spice2-systematic-torsion-generation_constrained-linear,1,1.0474247421771146,0.000252909386634,1.0522550000000004,0.000221
34841,191,dhmix_750283179383190388,191,EnthalpyOfMixing,<Substance CN(CCO)CCO{solv}{x=0.741100}|O{solv}{x=0.258900}>,CN(CCO)CCO,O,smee-spice2-systematic-torsion-generation_constrained-linear,1,-0.3374348020406046,0.0636248151980647,-1.154,0.0125
34842,192,dhmix_1537351248216247854,192,EnthalpyOfMixing,<Substance CN(CCO)CCO{solv}{x=0.259300}|O{solv}{x=0.740700}>,CN(CCO)CCO,O,smee-spice2-systematic-torsion-generation_constrained-linear,1,-0.8558022643277212,0.0297368835984204,-2.271,0.046
34843,193,dens_1700904374078825036,193,Density,<Substance CN(CCO)CCO{solv}{x=0.484900}|O{solv}{x=0.515100}>,CN(CCO)CCO,O,smee-spice2-systematic-torsion-generation_constrained-linear,1,1.0577640819555336,0.0004799898052003,1.048636,0.0002475
34844,194,dhmix_1761290393567900831,194,EnthalpyOfMixing,<Substance CN(CCO)CCO{solv}{x=0.494100}|O{solv}{x=0.505900}>,CN(CCO)CCO,O,smee-spice2-systematic-torsion-generation_constrained-linear,1,-1.16323184998717,0.0423131597511192,-2.072,0.042
34845,195,dhmix_81883535492439507,195,EnthalpyOfMixing,<Substance C1COCO1{solv}{x=0.200000}|O=C1CCCC1{solv}{x=0.800000}>,C1COCO1,O=C1CCCC1,smee-spice2-systematic-torsion-generation_constrained-linear,1,0.0765389275286629,0.0393510269528001,-0.00853,0.000425
34846,196,dens_192935635984964537,196,Density,<Substance C1COCO1{solv}{x=0.509000}|O=C1CCCC1{solv}{x=0.491000}>,C1COCO1,O=C1CCCC1,smee-spice2-systematic-torsion-generation_constrained-linear,1,1.0053009643987227,0.0003016943251521,0.9954700000000004,0.000255
34847,197,dhmix_309530351940031317,197,EnthalpyOfMixing,<Substance C1COCO1{solv}{x=0.700000}|O=C1CCCC1{solv}{x=0.300000}>,C1COCO1,O=C1CCCC1,smee-spice2-systematic-torsion-generation_constrained-linear,1,0.0929593699904245,0.0368730691429458,-0.02292,0.00048
34848,198,dhmix_1480225642523009634,198,EnthalpyOfMixing,<Substance C1COCO1{solv}{x=0.500000}|O=C1CCCC1{solv}{x=0.500000}>,C1COCO1,O=C1CCCC1,smee-spice2-systematic-torsion-generation_constrained-linear,1,0.1245044436273303,0.0380787819111224,-0.02181,0.000475
34849,199,dens_1663189314624242951,199,Density,<Substance C1COCO1{solv}{x=0.225100}|O=C1CCCC1{solv}{x=0.774900}>,C1COCO1,O=C1CCCC1,smee-spice2-systematic-torsion-generation_constrained-linear,1,0.9558449308472662,0.000255899654606,0.9652800000000002,0.000245
34850,200,dens_1684591254659727640,200,Density,<Substance C1COCO1{solv}{x=0.789100}|O=C1CCCC1{solv}{x=0.210900}>,C1COCO1,O=C1CCCC1,smee-spice2-systematic-torsion-generation_constrained-linear,1,1.063059018437895,0.0002979086956782,1.02957,0.00026
34851,201,dens_82854054922011802,201,Density,<Substance c1cc[nH]c1{solv}{x=0.542600}|c1ccncc1{solv}{x=0.457400}>,c1cc[nH]c1,c1ccncc1,smee-spice2-systematic-torsion-generation_constrained-linear,1,0.9919759189225013,0.0002760573958903,0.9706400000000002,5.5000000000000016e-05
34852,202,dens_332042143272324658,202,Density,<Substance c1cc[nH]c1{solv}{x=0.755400}|c1ccncc1{solv}{x=0.244600}>,c1cc[nH]c1,c1ccncc1,smee-spice2-systematic-torsion-generation_constrained-linear,1,0.990802149147008,0.0002857356849553,0.9676900000000004,5.5000000000000016e-05
34853,203,dhmix_582184351339863568,203,EnthalpyOfMixing,<Substance c1cc[nH]c1{solv}{x=0.760200}|c1ccncc1{solv}{x=0.239800}>,c1cc[nH]c1,c1ccncc1,smee-spice2-systematic-torsion-generation_constrained-linear,1,-0.0714646537103078,0.0366066940046776,-1.6452,0.01075
34854,204,dhmix_809205277185290719,204,EnthalpyOfMixing,<Substance c1cc[nH]c1{solv}{x=0.509500}|c1ccncc1{solv}{x=0.490500}>,c1cc[nH]c1,c1ccncc1,smee-spice2-systematic-torsion-generation_constrained-linear,1,-0.2105266551527904,0.0355788262585546,-2.649,0.01645
34855,205,dens_1187941919350264461,205,Density,<Substance c1cc[nH]c1{solv}{x=0.227300}|c1ccncc1{solv}{x=0.772700}>,c1cc[nH]c1,c1ccncc1,smee-spice2-systematic-torsion-generation_constrained-linear,1,0.9934205709729396,0.0002789368170151,0.9755600000000002,5.5000000000000016e-05
34856,206,dhmix_2302696180464118683,206,EnthalpyOfMixing,<Substance c1cc[nH]c1{solv}{x=0.239500}|c1ccncc1{solv}{x=0.760500}>,c1cc[nH]c1,c1ccncc1,smee-spice2-systematic-torsion-generation_constrained-linear,1,-0.1247464581470865,0.0359585572604137,-1.7662,0.01145
34857,207,dhmix_84488753175979819,207,EnthalpyOfMixing,<Substance C1CCOCC1{solv}{x=0.500000}|CCO{solv}{x=0.500000}>,C1CCOCC1,CCO,smee-spice2-systematic-torsion-generation_constrained-linear,1,0.9088752717656092,0.0373607296400097,0.8491,0.00794
34858,208,dens_904236164857914889,208,Density,<Substance C1CCOCC1{solv}{x=0.701000}|CCO{solv}{x=0.299000}>,C1CCOCC1,CCO,smee-spice2-systematic-torsion-generation_constrained-linear,1,0.8609307754224231,0.0002510420716721,0.8595400000000002,8.500000000000002e-05
34859,209,dhmix_923986751684807715,209,EnthalpyOfMixing,<Substance C1CCOCC1{solv}{x=0.750000}|CCO{solv}{x=0.250000}>,C1CCOCC1,CCO,smee-spice2-systematic-torsion-generation_constrained-linear,1,0.8195717594394409,0.040243059474409,0.75364,0.007115
34860,210,dhmix_927648698725704337,210,EnthalpyOfMixing,<Substance C1CCOCC1{solv}{x=0.250000}|CCO{solv}{x=0.750000}>,C1CCOCC1,CCO,smee-spice2-systematic-torsion-generation_constrained-linear,1,0.6109897275585041,0.0347241046743778,0.57017,0.00553
34861,211,dens_1095414448718823860,211,Density,<Substance C1CCOCC1{solv}{x=0.504000}|CCO{solv}{x=0.496000}>,C1CCOCC1,CCO,smee-spice2-systematic-torsion-generation_constrained-linear,1,0.8476209747676963,0.000248141784434,0.8440100000000001,0.0001
34862,212,dens_1309012152943788187,212,Density,<Substance C1CCOCC1{solv}{x=0.284000}|CCO{solv}{x=0.716000}>,C1CCOCC1,CCO,smee-spice2-systematic-torsion-generation_constrained-linear,1,0.826431647933366,0.000293106958852,0.8227400000000002,0.00012
34863,213,dens_88489471162801298,213,Density,<Substance CC(C)=O{solv}{x=0.248400}|Nc1ccccc1{solv}{x=0.751600}>,CC(C)=O,Nc1ccccc1,smee-spice2-systematic-torsion-generation_constrained-linear,1,1.0195452176564228,0.0002156154975202,0.9768950000000002,0.0001055
34864,214,dens_892449093930393176,214,Density,<Substance CC(C)=O{solv}{x=0.411400}|Nc1ccccc1{solv}{x=0.588600}>,CC(C)=O,Nc1ccccc1,smee-spice2-systematic-torsion-generation_constrained-linear,1,0.9739593136333572,0.0002162444534814,0.9457730000000002,0.0001285
34865,215,dens_1087594007698023193,215,Density,<Substance CC(C)=O{solv}{x=0.699300}|Nc1ccccc1{solv}{x=0.300700}>,CC(C)=O,Nc1ccccc1,smee-spice2-systematic-torsion-generation_constrained-linear,1,0.8844238888355569,0.0002844466140693,0.8786430000000003,0.000178
34866,216,dhmix_1461699545612032563,216,EnthalpyOfMixing,<Substance CC(C)=O{solv}{x=0.214500}|Nc1ccccc1{solv}{x=0.785500}>,CC(C)=O,Nc1ccccc1,smee-spice2-systematic-torsion-generation_constrained-linear,1,0.1270162872277325,0.04025256638286,-0.746,0.008
34867,217,dhmix_1577476208805542019,217,EnthalpyOfMixing,<Substance CC(C)=O{solv}{x=0.699100}|Nc1ccccc1{solv}{x=0.300900}>,CC(C)=O,Nc1ccccc1,smee-spice2-systematic-torsion-generation_constrained-linear,1,-0.4444492863953542,0.0372229353787714,-1.076,0.0115
34868,218,dhmix_2267661763264899390,218,EnthalpyOfMixing,<Substance CC(C)=O{solv}{x=0.410700}|Nc1ccccc1{solv}{x=0.589300}>,CC(C)=O,Nc1ccccc1,smee-spice2-systematic-torsion-generation_constrained-linear,1,-0.3194983211047173,0.0386224505411716,-1.165,0.0125
34869,219,dhmix_90851537891129625,219,EnthalpyOfMixing,<Substance C1CCOCC1{solv}{x=0.268300}|Cc1ccccn1{solv}{x=0.731700}>,C1CCOCC1,Cc1ccccn1,smee-spice2-systematic-torsion-generation_constrained-linear,1,0.1162749994643235,0.0437011212618323,0.1057,0.00105
34870,220,dhmix_975790739707505549,220,EnthalpyOfMixing,<Substance C1CCOCC1{solv}{x=0.482200}|Cc1ccccn1{solv}{x=0.517800}>,C1CCOCC1,Cc1ccccn1,smee-spice2-systematic-torsion-generation_constrained-linear,1,0.0498527831881716,0.044171161735849,0.1728,0.00135
34871,221,dens_981500521813591443,221,Density,<Substance C1CCOCC1{solv}{x=0.491600}|Cc1ccccn1{solv}{x=0.508400}>,C1CCOCC1,Cc1ccccn1,smee-spice2-systematic-torsion-generation_constrained-linear,1,0.9188972732064308,0.0002608841316977,0.910915,0.000475
34872,222,dens_1237050172671894703,222,Density,<Substance C1CCOCC1{solv}{x=0.237300}|Cc1ccccn1{solv}{x=0.762700}>,C1CCOCC1,Cc1ccccn1,smee-spice2-systematic-torsion-generation_constrained-linear,1,0.9383349916430842,0.000242191633558,0.9261620000000004,0.0004855
34873,223,dhmix_1841520238596708010,223,EnthalpyOfMixing,<Substance C1CCOCC1{solv}{x=0.821600}|Cc1ccccn1{solv}{x=0.178400}>,C1CCOCC1,Cc1ccccn1,smee-spice2-systematic-torsion-generation_constrained-linear,1,0.0085869676791645,0.0441551939574988,0.1352,0.0012
34874,224,dens_1852422594896475094,224,Density,<Substance C1CCOCC1{solv}{x=0.821900}|Cc1ccccn1{solv}{x=0.178100}>,C1CCOCC1,Cc1ccccn1,smee-spice2-systematic-torsion-generation_constrained-linear,1,0.8839829951749928,0.0002234100958242,0.8802920000000002,0.000454
34875,225,dhmix_93676522673462266,225,EnthalpyOfMixing,<Substance CC(=O)N(C)C{solv}{x=0.702000}|ClCCCl{solv}{x=0.298000}>,CC(=O)N(C)C,ClCCCl,smee-spice2-systematic-torsion-generation_constrained-linear,1,-0.562469521845486,0.0405454263881899,-0.706,0.004
34876,226,dens_466640151895915379,226,Density,<Substance CC(=O)N(C)C{solv}{x=0.499900}|ClCCCl{solv}{x=0.500100}>,CC(=O)N(C)C,ClCCCl,smee-spice2-systematic-torsion-generation_constrained-linear,1,1.0583146309163598,0.0003410224097009,1.0774000000000004,0.00325
34877,227,dhmix_504891727488256514,227,EnthalpyOfMixing,<Substance CC(=O)N(C)C{solv}{x=0.202000}|ClCCCl{solv}{x=0.798000}>,CC(=O)N(C)C,ClCCCl,smee-spice2-systematic-torsion-generation_constrained-linear,1,-0.508562574871668,0.0325425286173598,-0.586,0.004
34878,228,dens_1432716574300574119,228,Density,<Substance CC(=O)N(C)C{solv}{x=0.298800}|ClCCCl{solv}{x=0.701200}>,CC(=O)N(C)C,ClCCCl,smee-spice2-systematic-torsion-generation_constrained-linear,1,1.1246258167667251,0.0003890975215415,1.1413000000000002,0.00345
34879,229,dens_1909242265481868478,229,Density,<Substance CC(=O)N(C)C{solv}{x=0.700800}|ClCCCl{solv}{x=0.299200}>,CC(=O)N(C)C,ClCCCl,smee-spice2-systematic-torsion-generation_constrained-linear,1,0.992920931307077,0.0002807694226634,1.0181000000000002,0.00305
34880,230,dhmix_2201663021806040380,230,EnthalpyOfMixing,<Substance CC(=O)N(C)C{solv}{x=0.500000}|ClCCCl{solv}{x=0.500000}>,CC(=O)N(C)C,ClCCCl,smee-spice2-systematic-torsion-generation_constrained-linear,1,-0.6776400974588022,0.0346117046789505,-0.885,0.004
34881,231,dhmix_101847702994296892,231,EnthalpyOfMixing,<Substance CCCCCCCl{solv}{x=0.790000}|CN1CCCC1=O{solv}{x=0.210000}>,CCCCCCCl,CN1CCCC1=O,smee-spice2-systematic-torsion-generation_constrained-linear,1,0.598340917031976,0.0472139918458908,0.232,0.0025
34882,232,dhmix_275814181113182192,232,EnthalpyOfMixing,<Substance CCCCCCCl{solv}{x=0.497000}|CN1CCCC1=O{solv}{x=0.503000}>,CCCCCCCl,CN1CCCC1=O,smee-spice2-systematic-torsion-generation_constrained-linear,1,0.9082952801846922,0.0429746233957582,0.416,0.0025
34883,233,dens_441375838683668512,233,Density,<Substance CCCCCCCl{solv}{x=0.499300}|CN1CCCC1=O{solv}{x=0.500700}>,CCCCCCCl,CN1CCCC1=O,smee-spice2-systematic-torsion-generation_constrained-linear,1,0.9323397277084632,0.0002400567988302,0.9389000000000002,0.0002
34884,234,dhmix_840847840731542643,234,EnthalpyOfMixing,<Substance CCCCCCCl{solv}{x=0.203000}|CN1CCCC1=O{solv}{x=0.797000}>,CCCCCCCl,CN1CCCC1=O,smee-spice2-systematic-torsion-generation_constrained-linear,1,0.5950972478079954,0.0433139675994264,0.319,0.0025
34885,235,dens_1314691253679633833,235,Density,<Substance CCCCCCCl{solv}{x=0.298400}|CN1CCCC1=O{solv}{x=0.701600}>,CCCCCCCl,CN1CCCC1=O,smee-spice2-systematic-torsion-generation_constrained-linear,1,0.9611372665042316,0.0001603934012787,0.9715000000000004,0.0002
34886,236,dens_1366683244756558841,236,Density,<Substance CCCCCCCl{solv}{x=0.801200}|CN1CCCC1=O{solv}{x=0.198800}>,CCCCCCCl,CN1CCCC1=O,smee-spice2-systematic-torsion-generation_constrained-linear,1,0.8927831444668605,0.0002340605613486,0.8970000000000002,0.0003
34887,237,dhmix_107460606439569535,237,EnthalpyOfMixing,<Substance C1COCCO1{solv}{x=0.572500}|O=C1CCCCCC1{solv}{x=0.427500}>,C1COCCO1,O=C1CCCCCC1,smee-spice2-systematic-torsion-generation_constrained-linear,1,0.2669567030381756,0.0436011733145014,0.1032,0.00125
34888,238,dens_229535957420918177,238,Density,<Substance C1COCCO1{solv}{x=0.748900}|O=C1CCCCCC1{solv}{x=0.251100}>,C1COCCO1,O=C1CCCCCC1,smee-spice2-systematic-torsion-generation_constrained-linear,1,1.0051290839161957,0.0002394578211357,0.9994100000000002,0.00051
34889,239,dhmix_1101001475632451077,239,EnthalpyOfMixing,<Substance C1COCCO1{solv}{x=0.225200}|O=C1CCCCCC1{solv}{x=0.774800}>,C1COCCO1,O=C1CCCCCC1,smee-spice2-systematic-torsion-generation_constrained-linear,1,0.155930582444288,0.0457671496799599,0.0783,0.001
34890,240,dens_1711999737319704820,240,Density,<Substance C1COCCO1{solv}{x=0.572300}|O=C1CCCCCC1{solv}{x=0.427700}>,C1COCCO1,O=C1CCCCCC1,smee-spice2-systematic-torsion-generation_constrained-linear,1,0.9739546396413268,0.0001697072970053,0.9737000000000002,0.00051
34891,241,dens_1973863157285112004,241,Density,<Substance C1COCCO1{solv}{x=0.255500}|O=C1CCCCCC1{solv}{x=0.744500}>,C1COCCO1,O=C1CCCCCC1,smee-spice2-systematic-torsion-generation_constrained-linear,1,0.9531048464867512,0.0002094823137086,0.9616800000000002,0.000515
34892,242,dhmix_2239035738396328121,242,EnthalpyOfMixing,<Substance C1COCCO1{solv}{x=0.771600}|O=C1CCCCCC1{solv}{x=0.228400}>,C1COCCO1,O=C1CCCCCC1,smee-spice2-systematic-torsion-generation_constrained-linear,1,0.1937096292595868,0.0464744291023225,0.0694,0.0009
34893,243,dhmix_110368175234083214,243,EnthalpyOfMixing,<Substance CC#N{solv}{x=0.201600}|CCOC(C)(C)CC{solv}{x=0.798400}>,CC#N,CCOC(C)(C)CC,smee-spice2-systematic-torsion-generation_constrained-linear,1,0.2400248458865945,0.0452945017156782,0.6411,0.0087
34894,244,dhmix_565046024644834395,244,EnthalpyOfMixing,<Substance CC#N{solv}{x=0.700400}|CCOC(C)(C)CC{solv}{x=0.299600}>,CC#N,CCOC(C)(C)CC,smee-spice2-systematic-torsion-generation_constrained-linear,1,0.4147997965557497,0.033223197683615,0.8397,0.0113
34895,245,dens_865362803305469370,245,Density,<Substance CC#N{solv}{x=0.502400}|CCOC(C)(C)CC{solv}{x=0.497600}>,CC#N,CCOC(C)(C)CC,smee-spice2-systematic-torsion-generation_constrained-linear,1,0.7749450721221132,0.0002197256351413,0.7675000000000002,0.00035
34896,246,dhmix_1131176031733024874,246,EnthalpyOfMixing,<Substance CC#N{solv}{x=0.502400}|CCOC(C)(C)CC{solv}{x=0.497600}>,CC#N,CCOC(C)(C)CC,smee-spice2-systematic-torsion-generation_constrained-linear,1,0.3726956718196561,0.0327352455349147,0.9514,0.01285
34897,247,dens_1305751749890499162,247,Density,<Substance CC#N{solv}{x=0.201600}|CCOC(C)(C)CC{solv}{x=0.798400}>,CC#N,CCOC(C)(C)CC,smee-spice2-systematic-torsion-generation_constrained-linear,1,0.7719934187134424,0.0002153884888409,0.7635000000000002,0.00025
34898,248,dens_1928701304100922381,248,Density,<Substance CC#N{solv}{x=0.700400}|CCOC(C)(C)CC{solv}{x=0.299600}>,CC#N,CCOC(C)(C)CC,smee-spice2-systematic-torsion-generation_constrained-linear,1,0.7764848184385948,0.0002692450427209,0.7707000000000003,0.0005
34899,249,dhmix_112729391186229967,249,EnthalpyOfMixing,<Substance CCC(C)=O{solv}{x=0.509000}|CNc1ccccc1{solv}{x=0.491000}>,CCC(C)=O,CNc1ccccc1,smee-spice2-systematic-torsion-generation_constrained-linear,1,-0.5735100275928859,0.0402845104195837,-0.816,0.009
34900,250,dens_414028029115294252,250,Density,<Substance CCC(C)=O{solv}{x=0.746300}|CNc1ccccc1{solv}{x=0.253700}>,CCC(C)=O,CNc1ccccc1,smee-spice2-systematic-torsion-generation_constrained-linear,1,0.8471171640946636,0.0002498213996989,0.8582020000000002,0.000102
34901,251,dens_559789475978651659,251,Density,<Substance CCC(C)=O{solv}{x=0.495000}|CNc1ccccc1{solv}{x=0.505000}>,CCC(C)=O,CNc1ccccc1,smee-spice2-systematic-torsion-generation_constrained-linear,1,0.905831201032838,0.0002448883650632,0.9066940000000002,0.000164
34902,252,dhmix_1637459312398636454,252,EnthalpyOfMixing,<Substance CCC(C)=O{solv}{x=0.228300}|CNc1ccccc1{solv}{x=0.771700}>,CCC(C)=O,CNc1ccccc1,smee-spice2-systematic-torsion-generation_constrained-linear,1,-0.2399198059496115,0.0494655134264246,-0.54,0.006
34903,253,dhmix_1933605864237207151,253,EnthalpyOfMixing,<Substance CCC(C)=O{solv}{x=0.705500}|CNc1ccccc1{solv}{x=0.294500}>,CCC(C)=O,CNc1ccccc1,smee-spice2-systematic-torsion-generation_constrained-linear,1,-0.4275161510528988,0.0386588586431918,-0.672,0.0075
34904,254,dens_2039660657679820411,254,Density,<Substance CCC(C)=O{solv}{x=0.258900}|CNc1ccccc1{solv}{x=0.741100}>,CCC(C)=O,CNc1ccccc1,smee-spice2-systematic-torsion-generation_constrained-linear,1,0.9555832378280128,0.0002181322848368,0.9456330000000004,0.000259
34905,255,dhmix_112832411362526364,255,EnthalpyOfMixing,<Substance C=CCCCC{solv}{x=0.250000}|CCCCO{solv}{x=0.750000}>,C=CCCCC,CCCCO,smee-spice2-systematic-torsion-generation_constrained-linear,1,0.3499669845259063,0.0396118848729653,0.2829,0.00333
34906,256,dhmix_385937725855980509,256,EnthalpyOfMixing,<Substance C=CCCCC{solv}{x=0.749900}|CCCCO{solv}{x=0.250100}>,C=CCCCC,CCCCO,smee-spice2-systematic-torsion-generation_constrained-linear,1,0.6522105729173973,0.0394750955237,0.63978,0.00696
34907,257,dens_417191245012747241,257,Density,<Substance C=CCCCC{solv}{x=0.501800}|CCCCO{solv}{x=0.498200}>,C=CCCCC,CCCCO,smee-spice2-systematic-torsion-generation_constrained-linear,1,0.7226385006463418,0.000271918514529,0.7340000000000002,0.00035
34908,258,dens_1053849773924337242,258,Density,<Substance C=CCCCC{solv}{x=0.100100}|CCCCO{solv}{x=0.899900}>,C=CCCCC,CCCCO,smee-spice2-systematic-torsion-generation_constrained-linear,1,0.79171004783254,0.0001792789667338,0.7924000000000002,0.00035
34909,259,dhmix_1436053809694490847,259,EnthalpyOfMixing,<Substance C=CCCCC{solv}{x=0.500300}|CCCCO{solv}{x=0.499700}>,C=CCCCC,CCCCO,smee-spice2-systematic-torsion-generation_constrained-linear,1,0.5927334211266384,0.0423793831532146,0.56098,0.00616
34910,260,dens_1967827958045932694,260,Density,<Substance C=CCCCC{solv}{x=0.900000}|CCCCO{solv}{x=0.100000}>,C=CCCCC,CCCCO,smee-spice2-systematic-torsion-generation_constrained-linear,1,0.6691091562668501,0.0002527562041725,0.6818000000000001,0.00035
34911,261,dhmix_113202719214912577,261,EnthalpyOfMixing,<Substance CCN(CC)CCO{solv}{x=0.700300}|O{solv}{x=0.299700}>,CCN(CC)CCO,O,smee-spice2-systematic-torsion-generation_constrained-linear,1,-1.381900725360481,0.052568676725336,-1.75,0.019
34912,262,dhmix_450200897960931857,262,EnthalpyOfMixing,<Substance CCN(CC)CCO{solv}{x=0.500200}|O{solv}{x=0.499800}>,CCN(CC)CCO,O,smee-spice2-systematic-torsion-generation_constrained-linear,1,-1.7390342616764514,0.0402389446970293,-2.504,0.027
34913,263,dens_727880187774296815,263,Density,<Substance CCN(CC)CCO{solv}{x=0.799700}|O{solv}{x=0.200300}>,CCN(CC)CCO,O,smee-spice2-systematic-torsion-generation_constrained-linear,1,0.9011536969726004,0.0002624867767399,0.8996000000000003,0.005
34914,264,dens_943193748522476096,264,Density,<Substance CCN(CC)CCO{solv}{x=0.499700}|O{solv}{x=0.500300}>,CCN(CC)CCO,O,smee-spice2-systematic-torsion-generation_constrained-linear,1,0.9144597674437248,0.00029083840629,0.9222000000000002,0.005
34915,265,dhmix_1628408668678458098,265,EnthalpyOfMixing,<Substance CCN(CC)CCO{solv}{x=0.200800}|O{solv}{x=0.799200}>,CCN(CC)CCO,O,smee-spice2-systematic-torsion-generation_constrained-linear,1,-0.8930957255199097,0.0257671726710884,-2.185,0.0235
34916,266,dens_1679974305630699360,266,Density,<Substance CCN(CC)CCO{solv}{x=0.193290}|O{solv}{x=0.806710}>,CCN(CC)CCO,O,smee-spice2-systematic-torsion-generation_constrained-linear,1,0.9336421545682824,0.0003435846551448,0.9615690000000002,0.000144
34917,267,dens_114257363738318755,267,Density,<Substance C1CCCCC1{solv}{x=0.754300}|CCCCCC{solv}{x=0.245700}>,C1CCCCC1,CCCCCC,smee-spice2-systematic-torsion-generation_constrained-linear,1,0.7304136915621157,0.0002297723661087,0.7392000000000002,0.00065
34918,268,dens_528453314861364780,268,Density,<Substance C1CCCCC1{solv}{x=0.234300}|CCCCCC{solv}{x=0.765700}>,C1CCCCC1,CCCCCC,smee-spice2-systematic-torsion-generation_constrained-linear,1,0.6700367609428627,0.0002156288638409,0.6838300000000002,0.001655
34919,269,dens_547437695672624422,269,Density,<Substance C1CCCCC1{solv}{x=0.479300}|CCCCCC{solv}{x=0.520700}>,C1CCCCC1,CCCCCC,smee-spice2-systematic-torsion-generation_constrained-linear,1,0.6967421881827704,0.000246517989402,0.7105500000000001,0.001555
34920,270,dhmix_728030976573858762,270,EnthalpyOfMixing,<Substance C1CCCCC1{solv}{x=0.483200}|CCCCCC{solv}{x=0.516800}>,C1CCCCC1,CCCCCC,smee-spice2-systematic-torsion-generation_constrained-linear,1,0.4088905025650717,0.0440240844519565,0.2144,0.00155
34921,271,dhmix_1406519609852245638,271,EnthalpyOfMixing,<Substance C1CCCCC1{solv}{x=0.219000}|CCCCCC{solv}{x=0.781000}>,C1CCCCC1,CCCCCC,smee-spice2-systematic-torsion-generation_constrained-linear,1,0.1401656890807885,0.048384255096067,0.1264,0.00105
34922,272,dhmix_1819992223413741006,272,EnthalpyOfMixing,<Substance C1CCCCC1{solv}{x=0.725500}|CCCCCC{solv}{x=0.274500}>,C1CCCCC1,CCCCCC,smee-spice2-systematic-torsion-generation_constrained-linear,1,0.3688433204085157,0.045571176446171,0.199,0.00145
34923,273,dhmix_114464856611254095,273,EnthalpyOfMixing,<Substance COc1ccccc1{solv}{x=0.739800}|OCc1ccccc1{solv}{x=0.260200}>,COc1ccccc1,OCc1ccccc1,smee-spice2-systematic-torsion-generation_constrained-linear,1,0.9513865309230028,0.0444246038952294,1.0539,0.0113
34924,274,dens_844721400884986444,274,Density,<Substance COc1ccccc1{solv}{x=0.288300}|OCc1ccccc1{solv}{x=0.711700}>,COc1ccccc1,OCc1ccccc1,smee-spice2-systematic-torsion-generation_constrained-linear,1,1.022722291824606,0.000259198238398,1.0180000000000002,0.000135
34925,275,dens_1208569209782779179,275,Density,<Substance COc1ccccc1{solv}{x=0.491100}|OCc1ccccc1{solv}{x=0.508900}>,COc1ccccc1,OCc1ccccc1,smee-spice2-systematic-torsion-generation_constrained-linear,1,1.0091067266534233,0.0002313147741355,1.0069400000000004,0.000165
34926,276,dhmix_1342325728364187329,276,EnthalpyOfMixing,<Substance COc1ccccc1{solv}{x=0.240100}|OCc1ccccc1{solv}{x=0.759900}>,COc1ccccc1,OCc1ccccc1,smee-spice2-systematic-torsion-generation_constrained-linear,1,0.563129513690626,0.0480980243507049,0.6199,0.0067
34927,277,dhmix_1596550872819493971,277,EnthalpyOfMixing,<Substance COc1ccccc1{solv}{x=0.486600}|OCc1ccccc1{solv}{x=0.513400}>,COc1ccccc1,OCc1ccccc1,smee-spice2-systematic-torsion-generation_constrained-linear,1,0.8717960622975198,0.0467163609898683,0.9688,0.0104
34928,278,dens_1833270112854727934,278,Density,<Substance COc1ccccc1{solv}{x=0.774500}|OCc1ccccc1{solv}{x=0.225500}>,COc1ccccc1,OCc1ccccc1,smee-spice2-systematic-torsion-generation_constrained-linear,1,0.991604499260906,0.0001952408109885,0.9915900000000004,0.000215
34929,279,dens_114725786693793907,279,Density,<Substance CC(=O)O{solv}{x=0.703100}|CCO{solv}{x=0.296900}>,CC(=O)O,CCO,smee-spice2-systematic-torsion-generation_constrained-linear,1,0.9984154676737522,0.0002743144083828,0.97355,0.00021
34930,280,dens_883421079927261907,280,Density,<Substance CC(=O)O{solv}{x=0.496100}|CCO{solv}{x=0.503900}>,CC(=O)O,CCO,smee-spice2-systematic-torsion-generation_constrained-linear,1,0.938970893455568,0.0003288188466237,0.9199600000000002,0.0002
34931,281,dens_1042567278853913615,281,Density,<Substance CC(=O)O{solv}{x=0.297100}|CCO{solv}{x=0.702900}>,CC(=O)O,CCO,smee-spice2-systematic-torsion-generation_constrained-linear,1,0.8799357679923087,0.000364887452035,0.8668600000000002,0.000195
34932,282,dhmix_129373600931207498,282,EnthalpyOfMixing,<Substance NCCNCCN{solv}{x=0.702000}|O{solv}{x=0.298000}>,NCCNCCN,O,smee-spice2-systematic-torsion-generation_constrained-linear,1,-2.426518410005343,0.0487376408112028,-3.393,0.036
34933,283,dhmix_313570094367316478,283,EnthalpyOfMixing,<Substance NCCNCCN{solv}{x=0.241600}|O{solv}{x=0.758400}>,NCCNCCN,O,smee-spice2-systematic-torsion-generation_constrained-linear,1,-3.840123719889853,0.025740216581478,-6.523,0.0695
34934,284,dens_548243159356184104,284,Density,<Substance NCCNCCN{solv}{x=0.244900}|O{solv}{x=0.755100}>,NCCNCCN,O,smee-spice2-systematic-torsion-generation_constrained-linear,1,1.0745591875873255,0.0004617473767265,1.0275000000000003,0.0005
34935,285,dens_913992897582667960,285,Density,<Substance NCCNCCN{solv}{x=0.497400}|O{solv}{x=0.502600}>,NCCNCCN,O,smee-spice2-systematic-torsion-generation_constrained-linear,1,1.085318028215346,0.0003604590955952,0.9928000000000002,0.0005
34936,286,dhmix_1565087976771168604,286,EnthalpyOfMixing,<Substance NCCNCCN{solv}{x=0.501000}|O{solv}{x=0.499000}>,NCCNCCN,O,smee-spice2-systematic-torsion-generation_constrained-linear,1,-4.219927681359337,0.0481608578984816,-5.417,0.0575
34937,287,dens_1812124220217686569,287,Density,<Substance NCCNCCN{solv}{x=0.698800}|O{solv}{x=0.301200}>,NCCNCCN,O,smee-spice2-systematic-torsion-generation_constrained-linear,1,1.0820685264167993,0.0002538657668102,0.9718000000000002,0.0005
34938,288,dhmix_135176730945124637,288,EnthalpyOfMixing,<Substance CCCCNCCCC{solv}{x=0.751800}|CN(C)C=O{solv}{x=0.248200}>,CCCCNCCCC,CN(C)C=O,smee-spice2-systematic-torsion-generation_constrained-linear,1,0.2773815258914567,0.0538952586833108,0.782,0.025
34939,289,dens_586298674852090193,289,Density,<Substance CCCCNCCCC{solv}{x=0.726600}|CN(C)C=O{solv}{x=0.273400}>,CCCCNCCCC,CN(C)C=O,smee-spice2-systematic-torsion-generation_constrained-linear,1,0.7914176992764406,0.0001999670135297,0.7828350000000002,0.0009465
34940,290,dens_711718403070096827,290,Density,<Substance CCCCNCCCC{solv}{x=0.263900}|CN(C)C=O{solv}{x=0.736100}>,CCCCNCCCC,CN(C)C=O,smee-spice2-systematic-torsion-generation_constrained-linear,1,0.8579413436164584,0.0002178835398016,0.8609240000000001,0.001053
34941,291,dhmix_1537913365058000269,291,EnthalpyOfMixing,<Substance CCCCNCCCC{solv}{x=0.249400}|CN(C)C=O{solv}{x=0.750600}>,CCCCNCCCC,CN(C)C=O,smee-spice2-systematic-torsion-generation_constrained-linear,1,0.4427834795378018,0.0350455195549816,0.921,0.029
34942,292,dhmix_1965420976556284821,292,EnthalpyOfMixing,<Substance CCCCNCCCC{solv}{x=0.501800}|CN(C)C=O{solv}{x=0.498200}>,CCCCNCCCC,CN(C)C=O,smee-spice2-systematic-torsion-generation_constrained-linear,1,0.3270345536491135,0.046193033331397,1.113,0.0335
34943,293,dens_2298192241038151497,293,Density,<Substance CCCCNCCCC{solv}{x=0.492800}|CN(C)C=O{solv}{x=0.507200}>,CCCCNCCCC,CN(C)C=O,smee-spice2-systematic-torsion-generation_constrained-linear,1,0.8202784160603859,0.0002119214782075,0.8153440000000003,0.0009895
34944,294,dens_145031449158698048,294,Density,<Substance CN(C)C=O{solv}{x=0.498800}|ClCCCl{solv}{x=0.501200}>,CN(C)C=O,ClCCCl,smee-spice2-systematic-torsion-generation_constrained-linear,1,1.0834892563122362,0.0003417111804207,1.0957000000000003,0.00305
34945,295,dens_511894799968528211,295,Density,<Substance CN(C)C=O{solv}{x=0.197800}|ClCCCl{solv}{x=0.802200}>,CN(C)C=O,ClCCCl,smee-spice2-systematic-torsion-generation_constrained-linear,1,1.1726716013477572,0.000392060702507,1.1862000000000004,0.003
34946,296,dhmix_693792312882226719,296,EnthalpyOfMixing,<Substance CN(C)C=O{solv}{x=0.498000}|ClCCCl{solv}{x=0.502000}>,CN(C)C=O,ClCCCl,smee-spice2-systematic-torsion-generation_constrained-linear,1,-0.1947403171766311,0.0316373007541825,-0.663,0.0035
34947,297,dhmix_1364024895663592301,297,EnthalpyOfMixing,<Substance CN(C)C=O{solv}{x=0.299000}|ClCCCl{solv}{x=0.701000}>,CN(C)C=O,ClCCCl,smee-spice2-systematic-torsion-generation_constrained-linear,1,-0.1665751963138646,0.0325890034140135,-0.575,0.0035
34948,298,dens_1874616475661316520,298,Density,<Substance CN(C)C=O{solv}{x=0.705400}|ClCCCl{solv}{x=0.294600}>,CN(C)C=O,ClCCCl,smee-spice2-systematic-torsion-generation_constrained-linear,1,1.0189286874410377,0.0003002767601185,1.0336,0.003
34949,299,dhmix_1965344541223753593,299,EnthalpyOfMixing,<Substance CN(C)C=O{solv}{x=0.702000}|ClCCCl{solv}{x=0.298000}>,CN(C)C=O,ClCCCl,smee-spice2-systematic-torsion-generation_constrained-linear,1,-0.1104169499537519,0.0268915477416814,-0.531,0.003
34950,300,dens_145117083439077204,300,Density,<Substance CN1CCCC1=O{solv}{x=0.700300}|ClCCCCCl{solv}{x=0.299700}>,CN1CCCC1=O,ClCCCCCl,smee-spice2-systematic-torsion-generation_constrained-linear,1,1.052057507466624,0.0002461163754865,1.0627000000000002,0.0005
34951,301,dens_872271192908107773,301,Density,<Substance CN1CCCC1=O{solv}{x=0.203400}|ClCCCCCl{solv}{x=0.796600}>,CN1CCCC1=O,ClCCCCCl,smee-spice2-systematic-torsion-generation_constrained-linear,1,1.108883144649339,0.0003073844363273,1.1142000000000003,0.00125
34952,302,dhmix_958757583081250655,302,EnthalpyOfMixing,<Substance CN1CCCC1=O{solv}{x=0.703000}|ClCCCCCl{solv}{x=0.297000}>,CN1CCCC1=O,ClCCCCCl,smee-spice2-systematic-torsion-generation_constrained-linear,1,0.0158991014940035,0.0415806908312017,-0.583,0.0035
34953,303,dens_1187888029800539390,303,Density,<Substance CN1CCCC1=O{solv}{x=0.502500}|ClCCCCCl{solv}{x=0.497500}>,CN1CCCC1=O,ClCCCCCl,smee-spice2-systematic-torsion-generation_constrained-linear,1,1.0767347704302006,0.0002675033200183,1.0840000000000003,0.00075
34954,304,dhmix_1448185356234442909,304,EnthalpyOfMixing,<Substance CN1CCCC1=O{solv}{x=0.210000}|ClCCCCCl{solv}{x=0.790000}>,CN1CCCC1=O,ClCCCCCl,smee-spice2-systematic-torsion-generation_constrained-linear,1,-0.1284634783877365,0.0381627073394606,-0.406,0.003
34955,305,dhmix_1623586299486793214,305,EnthalpyOfMixing,<Substance CN1CCCC1=O{solv}{x=0.505000}|ClCCCCCl{solv}{x=0.495000}>,CN1CCCC1=O,ClCCCCCl,smee-spice2-systematic-torsion-generation_constrained-linear,1,-0.027259171553128,0.0415264212147807,-0.678,0.0035
34956,306,dens_151421667269785380,306,Density,<Substance OCCOCCO{solv}{x=0.228500}|OCc1ccccc1{solv}{x=0.771500}>,OCCOCCO,OCc1ccccc1,smee-spice2-systematic-torsion-generation_constrained-linear,1,1.0600436001432547,0.000240346534865,1.0497600000000002,0.000265
34957,307,dens_207017358130726789,307,Density,<Substance OCCOCCO{solv}{x=0.531200}|OCc1ccccc1{solv}{x=0.468800}>,OCCOCCO,OCc1ccccc1,smee-spice2-systematic-torsion-generation_constrained-linear,1,1.083046507150553,0.0002218153532584,1.07136,0.00027
34958,308,dhmix_638869206909151198,308,EnthalpyOfMixing,<Substance OCCOCCO{solv}{x=0.765800}|OCc1ccccc1{solv}{x=0.234200}>,OCCOCCO,OCc1ccccc1,smee-spice2-systematic-torsion-generation_constrained-linear,1,-0.2320313057171006,0.0451631515352665,-0.3712,0.0073
34959,309,dhmix_884415658126351430,309,EnthalpyOfMixing,<Substance OCCOCCO{solv}{x=0.266500}|OCc1ccccc1{solv}{x=0.733500}>,OCCOCCO,OCc1ccccc1,smee-spice2-systematic-torsion-generation_constrained-linear,1,-0.2423769614054549,0.0464967577241196,-0.4216,0.0081
34960,310,dhmix_925385148369690502,310,EnthalpyOfMixing,<Substance OCCOCCO{solv}{x=0.521600}|OCc1ccccc1{solv}{x=0.478400}>,OCCOCCO,OCc1ccccc1,smee-spice2-systematic-torsion-generation_constrained-linear,1,-0.3721701113537676,0.0478723951940172,-0.4574,0.00865
34961,311,dens_1617133138157859384,311,Density,<Substance OCCOCCO{solv}{x=0.727700}|OCc1ccccc1{solv}{x=0.272300}>,OCCOCCO,OCc1ccccc1,smee-spice2-systematic-torsion-generation_constrained-linear,1,1.0980637427889168,0.0002528654014326,1.0857000000000003,0.000275
34962,312,dens_155791527624482863,312,Density,<Substance CC(C)CO{solv}{x=0.279300}|CCCCBr{solv}{x=0.720700}>,CC(C)CO,CCCCBr,smee-spice2-systematic-torsion-generation_constrained-linear,1,1.1176969075459442,0.0004195767339998,1.1339800000000002,0.000305
34963,313,dhmix_549211977118470640,313,EnthalpyOfMixing,<Substance CC(C)CO{solv}{x=0.293800}|CCCCBr{solv}{x=0.706200}>,CC(C)CO,CCCCBr,smee-spice2-systematic-torsion-generation_constrained-linear,1,1.1853960700984487,0.0370556749538189,1.248,0.0135
34964,314,dens_692500675577783691,314,Density,<Substance CC(C)CO{solv}{x=0.793700}|CCCCBr{solv}{x=0.206300}>,CC(C)CO,CCCCBr,smee-spice2-systematic-torsion-generation_constrained-linear,1,0.9050807901573162,0.0002812785576152,0.8962800000000002,0.00021
34965,315,dens_841415441417626311,315,Density,<Substance CC(C)CO{solv}{x=0.498900}|CCCCBr{solv}{x=0.501100}>,CC(C)CO,CCCCBr,smee-spice2-systematic-torsion-generation_constrained-linear,1,1.0319970337082118,0.0003694229857767,1.0366800000000005,0.000225
34966,316,dhmix_1400807466047438160,316,EnthalpyOfMixing,<Substance CC(C)CO{solv}{x=0.499000}|CCCCBr{solv}{x=0.501000}>,CC(C)CO,CCCCBr,smee-spice2-systematic-torsion-generation_constrained-linear,1,1.2013219935819135,0.0423699205780513,1.207,0.013
34967,317,dhmix_1959880980464917582,317,EnthalpyOfMixing,<Substance CC(C)CO{solv}{x=0.702100}|CCCCBr{solv}{x=0.297900}>,CC(C)CO,CCCCBr,smee-spice2-systematic-torsion-generation_constrained-linear,1,0.9188346998219714,0.037417635694111,0.891,0.0095
34968,318,dhmix_155924436295918663,318,EnthalpyOfMixing,<Substance OCCCO{solv}{x=0.501300}|O{solv}{x=0.498700}>,O,OCCCO,smee-spice2-systematic-torsion-generation_constrained-linear,1,0.301212722697759,0.0270936811617946,-0.992,0.0125
34969,319,dens_867859901093068556,319,Density,<Substance OCCCO{solv}{x=0.743700}|O{solv}{x=0.256300}>,O,OCCCO,smee-spice2-systematic-torsion-generation_constrained-linear,1,1.0614538928880064,0.0002280647875293,1.0503800000000003,0.00023
34970,320,dhmix_2191722776959064631,320,EnthalpyOfMixing,<Substance OCCCO{solv}{x=0.743000}|O{solv}{x=0.257000}>,O,OCCCO,smee-spice2-systematic-torsion-generation_constrained-linear,1,0.2385904184944465,0.0391183683496382,-0.633,0.008
34971,321,dhmix_2210594516320705991,321,EnthalpyOfMixing,<Substance OCCCO{solv}{x=0.208700}|O{solv}{x=0.791300}>,O,OCCCO,smee-spice2-systematic-torsion-generation_constrained-linear,1,0.4374010321629358,0.0241533117164826,-0.924,0.012
34972,322,dens_2211391404402371237,322,Density,<Substance OCCCO{solv}{x=0.244700}|O{solv}{x=0.755300}>,O,OCCCO,smee-spice2-systematic-torsion-generation_constrained-linear,1,1.0309968876206868,0.0003904488290082,1.0381600000000004,0.00019
34973,323,dens_2211609476735134421,323,Density,<Substance OCCCO{solv}{x=0.500000}|O{solv}{x=0.500000}>,O,OCCCO,smee-spice2-systematic-torsion-generation_constrained-linear,1,1.0509000311772778,0.0002487927792388,1.0492100000000002,0.000215
34974,324,dhmix_156929898609376763,324,EnthalpyOfMixing,<Substance CN(C)CCCO{solv}{x=0.800100}|O{solv}{x=0.199900}>,CN(C)CCCO,O,smee-spice2-systematic-torsion-generation_constrained-linear,1,-0.9700587577794408,0.0476025763485199,-1.26,0.0135
34975,325,dhmix_786210276753247951,325,EnthalpyOfMixing,<Substance CN(C)CCCO{solv}{x=0.199800}|O{solv}{x=0.800200}>,CN(C)CCCO,O,smee-spice2-systematic-torsion-generation_constrained-linear,1,-0.7773587496578571,0.0256771050725862,-2.514,0.027
34976,326,dens_971674883336993154,326,Density,<Substance CN(C)CCCO{solv}{x=0.289504}|O{solv}{x=0.710496}>,CN(C)CCCO,O,smee-spice2-systematic-torsion-generation_constrained-linear,1,0.9466501829323954,0.0002397560018546,0.9443,0.00285
34977,327,dhmix_1330584538745399524,327,EnthalpyOfMixing,<Substance CN(C)CCCO{solv}{x=0.501900}|O{solv}{x=0.498100}>,CN(C)CCCO,O,smee-spice2-systematic-torsion-generation_constrained-linear,1,-1.4441686082683134,0.0385647541892569,-2.706,0.029
34978,328,dens_1781759734173902013,328,Density,<Substance CN(C)CCCO{solv}{x=0.501300}|O{solv}{x=0.498700}>,CN(C)CCCO,O,smee-spice2-systematic-torsion-generation_constrained-linear,1,0.93610394913338,0.0004358602484742,0.9170700000000004,8.000000000000002e-05
34979,329,dens_2299157616447228221,329,Density,<Substance CN(C)CCCO{solv}{x=0.800600}|O{solv}{x=0.199400}>,CN(C)CCCO,O,smee-spice2-systematic-torsion-generation_constrained-linear,1,0.9229893218467932,0.0002618026056777,0.8915100000000002,9.500000000000002e-05
34980,330,dhmix_157983773008192768,330,EnthalpyOfMixing,<Substance BrCCCBr{solv}{x=0.743200}|CCCCOC(=O)CCC{solv}{x=0.256800}>,BrCCCBr,CCCCOC(=O)CCC,smee-spice2-systematic-torsion-generation_constrained-linear,1,-0.4140625625008169,0.0428117747045036,0.032,0.0005
34981,331,dens_720277045338028885,331,Density,<Substance BrCCCBr{solv}{x=0.748700}|CCCCOC(=O)CCC{solv}{x=0.251300}>,BrCCCBr,CCCCOC(=O)CCC,smee-spice2-systematic-torsion-generation_constrained-linear,1,1.563865142768617,0.00040197244208,1.5786600000000004,0.00038
34982,332,dens_933248802608751708,332,Density,<Substance BrCCCBr{solv}{x=0.529700}|CCCCOC(=O)CCC{solv}{x=0.470300}>,BrCCCBr,CCCCOC(=O)CCC,smee-spice2-systematic-torsion-generation_constrained-linear,1,1.3116375778265308,0.0002357463621066,1.3159400000000003,0.000255
34983,333,dens_1048925802213854204,333,Density,<Substance BrCCCBr{solv}{x=0.259100}|CCCCOC(=O)CCC{solv}{x=0.740900}>,BrCCCBr,CCCCOC(=O)CCC,smee-spice2-systematic-torsion-generation_constrained-linear,1,1.0603366420724418,0.0002514898782529,1.0598600000000002,0.000145
34984,334,dhmix_1090642624443832057,334,EnthalpyOfMixing,<Substance BrCCCBr{solv}{x=0.241200}|CCCCOC(=O)CCC{solv}{x=0.758800}>,BrCCCBr,CCCCOC(=O)CCC,smee-spice2-systematic-torsion-generation_constrained-linear,1,-0.4668853388484244,0.0545839853925275,-0.094,0.001
34985,335,dhmix_1649688325270115073,335,EnthalpyOfMixing,<Substance BrCCCBr{solv}{x=0.466700}|CCCCOC(=O)CCC{solv}{x=0.533300}>,BrCCCBr,CCCCOC(=O)CCC,smee-spice2-systematic-torsion-generation_constrained-linear,1,-0.5610070008537988,0.0419070328255978,-0.091,0.001
34986,336,dhmix_158101159957898775,336,EnthalpyOfMixing,<Substance CCCCCl{solv}{x=0.490000}|CN1CCCC1=O{solv}{x=0.510000}>,CCCCCl,CN1CCCC1=O,smee-spice2-systematic-torsion-generation_constrained-linear,1,0.691421184742957,0.0338734020422972,0.152,0.002
34987,337,dhmix_586880142396707079,337,EnthalpyOfMixing,<Substance CCCCCl{solv}{x=0.294000}|CN1CCCC1=O{solv}{x=0.706000}>,CCCCCl,CN1CCCC1=O,smee-spice2-systematic-torsion-generation_constrained-linear,1,0.6332448790723966,0.0440842485853694,0.145,0.002
34988,338,dens_897975104490051322,338,Density,<Substance CCCCCl{solv}{x=0.296100}|CN1CCCC1=O{solv}{x=0.703900}>,CCCCCl,CN1CCCC1=O,smee-spice2-systematic-torsion-generation_constrained-linear,1,0.9727167387948574,0.0002517352911778,0.9862000000000004,0.0001
34989,339,dens_1393365907116297965,339,Density,<Substance CCCCCl{solv}{x=0.702600}|CN1CCCC1=O{solv}{x=0.297400}>,CCCCCl,CN1CCCC1=O,smee-spice2-systematic-torsion-generation_constrained-linear,1,0.9152960846149274,0.0003055434424925,0.9268000000000002,0.0001
34990,340,dhmix_1769887717174104485,340,EnthalpyOfMixing,<Substance CCCCCl{solv}{x=0.787000}|CN1CCCC1=O{solv}{x=0.213000}>,CCCCCl,CN1CCCC1=O,smee-spice2-systematic-torsion-generation_constrained-linear,1,0.5415209398643412,0.0427689194117926,0.081,0.002
34991,341,dens_2070183543451797213,341,Density,<Substance CCCCCl{solv}{x=0.494800}|CN1CCCC1=O{solv}{x=0.505200}>,CCCCCl,CN1CCCC1=O,smee-spice2-systematic-torsion-generation_constrained-linear,1,0.9466066598329392,0.0002562806588817,0.9575000000000002,0.0001
34992,342,dens_164369774990422412,342,Density,<Substance CC(C)O{solv}{x=0.764900}|CCOC=O{solv}{x=0.235100}>,CC(C)O,CCOC=O,smee-spice2-systematic-torsion-generation_constrained-linear,1,0.8394564148679948,0.0002753261759192,0.8088000000000002,0.00035
34993,343,dens_200561035496770448,343,Density,<Substance CC(C)O{solv}{x=0.265100}|CCOC=O{solv}{x=0.734900}>,CC(C)O,CCOC=O,smee-spice2-systematic-torsion-generation_constrained-linear,1,0.9085172512578455,0.0002937231027075,0.8710000000000002,0.0003
34994,344,dens_1124622586228643363,344,Density,<Substance CC(C)O{solv}{x=0.441300}|CCOC=O{solv}{x=0.558700}>,CC(C)O,CCOC=O,smee-spice2-systematic-torsion-generation_constrained-linear,1,0.8836096103122872,0.00028436910473,0.8482000000000003,0.00035
34995,345,dens_166030075147825025,345,Density,<Substance Clc1ccccc1{solv}{x=0.467900}|c1ccccc1{solv}{x=0.532100}>,Clc1ccccc1,c1ccccc1,smee-spice2-systematic-torsion-generation_constrained-linear,1,0.9949270177447954,0.000295242443058,0.9877000000000002,0.00025
34996,346,dens_796537469137871297,346,Density,<Substance Clc1ccccc1{solv}{x=0.735800}|c1ccccc1{solv}{x=0.264200}>,Clc1ccccc1,c1ccccc1,smee-spice2-systematic-torsion-generation_constrained-linear,1,1.0596207114256118,0.0003091824891324,1.0465000000000002,0.0002
34997,347,dhmix_1485547099225054006,347,EnthalpyOfMixing,<Substance Clc1ccccc1{solv}{x=0.777700}|c1ccccc1{solv}{x=0.222300}>,Clc1ccccc1,c1ccccc1,smee-spice2-systematic-torsion-generation_constrained-linear,1,-0.0079331867914049,0.0399728078769781,-0.0036,0.0004
34998,348,dhmix_1808283008183194060,348,EnthalpyOfMixing,<Substance Clc1ccccc1{solv}{x=0.225800}|c1ccccc1{solv}{x=0.774200}>,Clc1ccccc1,c1ccccc1,smee-spice2-systematic-torsion-generation_constrained-linear,1,-0.0524345714202638,0.0370367001827934,-0.0046,0.0004
34999,349,dhmix_2008892820486470381,349,EnthalpyOfMixing,<Substance Clc1ccccc1{solv}{x=0.466600}|c1ccccc1{solv}{x=0.533400}>,Clc1ccccc1,c1ccccc1,smee-spice2-systematic-torsion-generation_constrained-linear,1,0.0881032649853921,0.0370546738375089,-0.0057,0.0004
35000,350,dens_2142546524113318099,350,Density,<Substance Clc1ccccc1{solv}{x=0.293100}|c1ccccc1{solv}{x=0.706900}>,Clc1ccccc1,c1ccccc1,smee-spice2-systematic-torsion-generation_constrained-linear,1,0.9508324966211912,0.0002902359824631,0.9468000000000002,0.00025
35001,351,dhmix_166527628917371560,351,EnthalpyOfMixing,<Substance CCCCCC(C)=O{solv}{x=0.500700}|CCCNCCC{solv}{x=0.499300}>,CCCCCC(C)=O,CCCNCCC,smee-spice2-systematic-torsion-generation_constrained-linear,1,-0.184647874263625,0.0556413306035261,0.162,0.002
35002,352,dhmix_181797488552739205,352,EnthalpyOfMixing,<Substance CCCCCC(C)=O{solv}{x=0.213200}|CCCNCCC{solv}{x=0.786800}>,CCCCCC(C)=O,CCCNCCC,smee-spice2-systematic-torsion-generation_constrained-linear,1,-0.1097319074825975,0.0489140321275459,0.137,0.0015
35003,353,dens_286521458049436805,353,Density,<Substance CCCCCC(C)=O{solv}{x=0.542700}|CCCNCCC{solv}{x=0.457300}>,CCCCCC(C)=O,CCCNCCC,smee-spice2-systematic-torsion-generation_constrained-linear,1,0.7785426906789162,0.0001831948548003,0.7766620000000002,0.0001215
35004,354,dens_740930494074770103,354,Density,<Substance CCCCCC(C)=O{solv}{x=0.252600}|CCCNCCC{solv}{x=0.747400}>,CCCCCC(C)=O,CCCNCCC,smee-spice2-systematic-torsion-generation_constrained-linear,1,0.7625482055716716,0.0001419345673962,0.7540050000000001,0.0001215
35005,355,dhmix_1180133264815330249,355,EnthalpyOfMixing,<Substance CCCCCC(C)=O{solv}{x=0.788000}|CCCNCCC{solv}{x=0.212000}>,CCCCCC(C)=O,CCCNCCC,smee-spice2-systematic-torsion-generation_constrained-linear,1,-0.0535663094938074,0.0473731000082766,0.088,0.001
35006,356,dens_1237727796782189302,356,Density,<Substance CCCCCC(C)=O{solv}{x=0.741800}|CCCNCCC{solv}{x=0.258200}>,CCCCCC(C)=O,CCCNCCC,smee-spice2-systematic-torsion-generation_constrained-linear,1,0.7890736803709687,0.0001342950392172,0.7918920000000003,0.00012
35007,357,dens_168376639142843665,357,Density,<Substance BrCCBr{solv}{x=0.084500}|CCOC(=O)CC{solv}{x=0.915500}>,BrCCBr,CCOC(=O)CC,smee-spice2-systematic-torsion-generation_constrained-linear,1,0.9709592693235494,0.000268805593296,0.9671200000000002,0.001185
35008,358,dhmix_897092526028522426,358,EnthalpyOfMixing,<Substance BrCCBr{solv}{x=0.753700}|CCOC(=O)CC{solv}{x=0.246300}>,BrCCBr,CCOC(=O)CC,smee-spice2-systematic-torsion-generation_constrained-linear,1,-0.2245493879356388,0.0356820411398317,0.0052,0.0008
35009,359,dhmix_1078383344298013541,359,EnthalpyOfMixing,<Substance BrCCBr{solv}{x=0.084100}|CCOC(=O)CC{solv}{x=0.915900}>,BrCCBr,CCOC(=O)CC,smee-spice2-systematic-torsion-generation_constrained-linear,1,-0.10449542912378,0.0457736467638779,-0.0683,0.0014
35010,360,dhmix_1103515663691342839,360,EnthalpyOfMixing,<Substance BrCCBr{solv}{x=0.514000}|CCOC(=O)CC{solv}{x=0.486000}>,BrCCBr,CCOC(=O)CC,smee-spice2-systematic-torsion-generation_constrained-linear,1,-0.3489206412480712,0.0377373016787529,-0.1259,0.00205
35011,361,dens_1193015082780501702,361,Density,<Substance BrCCBr{solv}{x=0.484400}|CCOC(=O)CC{solv}{x=0.515600}>,BrCCBr,CCOC(=O)CC,smee-spice2-systematic-torsion-generation_constrained-linear,1,1.406544730374062,0.0004341462981701,1.4136000000000002,0.001165
35012,362,dens_1660732943693703463,362,Density,<Substance BrCCBr{solv}{x=0.714800}|CCOC(=O)CC{solv}{x=0.285200}>,BrCCBr,CCOC(=O)CC,smee-spice2-systematic-torsion-generation_constrained-linear,1,1.69682442040792,0.0005186436818069,1.7205300000000003,0.000985
35013,363,dens_172622055198885625,363,Density,<Substance CCCCOCCO{solv}{x=0.499500}|c1ccccc1{solv}{x=0.500500}>,CCCCOCCO,c1ccccc1,smee-spice2-systematic-torsion-generation_constrained-linear,1,0.8887132637238752,0.000232057028399,0.8864700000000002,0.000795
35014,364,dens_615182082919776992,364,Density,<Substance CCCCOCCO{solv}{x=0.753500}|c1ccccc1{solv}{x=0.246500}>,CCCCOCCO,c1ccccc1,smee-spice2-systematic-torsion-generation_constrained-linear,1,0.895865282033628,0.0002040220450579,0.8924600000000003,0.00077
35015,365,dens_1014762781474427089,365,Density,<Substance CCCCOCCO{solv}{x=0.248800}|c1ccccc1{solv}{x=0.751200}>,CCCCOCCO,c1ccccc1,smee-spice2-systematic-torsion-generation_constrained-linear,1,0.8799618500138351,0.0002564807014298,0.8790000000000002,0.00083
35016,366,dhmix_1209838039340638454,366,EnthalpyOfMixing,<Substance CCCCOCCO{solv}{x=0.729700}|c1ccccc1{solv}{x=0.270300}>,CCCCOCCO,c1ccccc1,smee-spice2-systematic-torsion-generation_constrained-linear,1,0.2219095809591067,0.0410004025529958,0.3037,0.00335
35017,367,dhmix_1416395432810708431,367,EnthalpyOfMixing,<Substance CCCCOCCO{solv}{x=0.266500}|c1ccccc1{solv}{x=0.733500}>,CCCCOCCO,c1ccccc1,smee-spice2-systematic-torsion-generation_constrained-linear,1,0.5830044768365781,0.0402369885486181,0.6895,0.00745
35018,368,dhmix_1775479338186698605,368,EnthalpyOfMixing,<Substance CCCCOCCO{solv}{x=0.503000}|c1ccccc1{solv}{x=0.497000}>,CCCCOCCO,c1ccccc1,smee-spice2-systematic-torsion-generation_constrained-linear,1,0.3963186874716768,0.0377699164606037,0.5563,0.00605
35019,369,dens_173950346939686352,369,Density,<Substance CCOC(=O)CC(=O)OCC{solv}{x=0.797800}|CO{solv}{x=0.202200}>,CCOC(=O)CC(=O)OCC,CO,smee-spice2-systematic-torsion-generation_constrained-linear,1,1.055348369782438,0.0001847815895732,1.0336070000000002,0.0001155
35020,370,dhmix_796570713446660029,370,EnthalpyOfMixing,<Substance CCOC(=O)CC(=O)OCC{solv}{x=0.745300}|CO{solv}{x=0.254700}>,CCOC(=O)CC(=O)OCC,CO,smee-spice2-systematic-torsion-generation_constrained-linear,1,0.821506521847482,0.0480922766939514,1.184,0.013
35021,371,dhmix_1053189657313504079,371,EnthalpyOfMixing,<Substance CCOC(=O)CC(=O)OCC{solv}{x=0.499300}|CO{solv}{x=0.500700}>,CCOC(=O)CC(=O)OCC,CO,smee-spice2-systematic-torsion-generation_constrained-linear,1,1.0648554253837403,0.0399776060466511,1.426,0.0155
35022,372,dens_1109796780897697143,372,Density,<Substance CCOC(=O)CC(=O)OCC{solv}{x=0.500400}|CO{solv}{x=0.499600}>,CCOC(=O)CC(=O)OCC,CO,smee-spice2-systematic-torsion-generation_constrained-linear,1,1.0126417053111307,0.0001926565422836,0.9962350000000002,9.150000000000002e-05
35023,373,dens_1145191816882985532,373,Density,<Substance CCOC(=O)CC(=O)OCC{solv}{x=0.250100}|CO{solv}{x=0.749900}>,CCOC(=O)CC(=O)OCC,CO,smee-spice2-systematic-torsion-generation_constrained-linear,1,0.9429796547334564,0.0002887186179388,0.9355040000000002,0.0001385
35024,374,dhmix_1394433819711651760,374,EnthalpyOfMixing,<Substance CCOC(=O)CC(=O)OCC{solv}{x=0.251500}|CO{solv}{x=0.748500}>,CCOC(=O)CC(=O)OCC,CO,smee-spice2-systematic-torsion-generation_constrained-linear,1,0.922373733024692,0.034373399249095,1.083,0.0115
35025,375,dhmix_176700813960387714,375,EnthalpyOfMixing,<Substance CC(=O)N(C)C{solv}{x=0.211000}|ClCCCCCl{solv}{x=0.789000}>,CC(=O)N(C)C,ClCCCCCl,smee-spice2-systematic-torsion-generation_constrained-linear,1,-0.0409548871045828,0.030799271403418,-0.188,0.0025
35026,376,dhmix_422276068008732896,376,EnthalpyOfMixing,<Substance CC(=O)N(C)C{solv}{x=0.506000}|ClCCCCCl{solv}{x=0.494000}>,CC(=O)N(C)C,ClCCCCCl,smee-spice2-systematic-torsion-generation_constrained-linear,1,-0.0774776461925306,0.0437317654924553,-0.314,0.0025
35027,377,dhmix_591740475541975327,377,EnthalpyOfMixing,<Substance CC(=O)N(C)C{solv}{x=0.705000}|ClCCCCCl{solv}{x=0.295000}>,CC(=O)N(C)C,ClCCCCCl,smee-spice2-systematic-torsion-generation_constrained-linear,1,-0.0082258354500766,0.0401434820432705,-0.281,0.0025
35028,378,dens_600718364672681210,378,Density,<Substance CC(=O)N(C)C{solv}{x=0.200100}|ClCCCCCl{solv}{x=0.799900}>,CC(=O)N(C)C,ClCCCCCl,smee-spice2-systematic-torsion-generation_constrained-linear,1,1.0895507233102957,0.0003062735017315,1.0978,0.0023
35029,379,dens_833309518494254389,379,Density,<Substance CC(=O)N(C)C{solv}{x=0.698700}|ClCCCCCl{solv}{x=0.301300}>,CC(=O)N(C)C,ClCCCCCl,smee-spice2-systematic-torsion-generation_constrained-linear,1,0.979967796626839,0.0002826707359566,1.0011000000000003,0.0023
35030,380,dens_1473570029953486090,380,Density,<Substance CC(=O)N(C)C{solv}{x=0.500900}|ClCCCCCl{solv}{x=0.499100}>,CC(=O)N(C)C,ClCCCCCl,smee-spice2-systematic-torsion-generation_constrained-linear,1,1.025461899248127,0.0002770105795009,1.0407000000000004,0.00225
35031,381,dens_176740025668330569,381,Density,<Substance C1CCCCC1{solv}{x=0.499400}|C1COCCO1{solv}{x=0.500600}>,C1CCCCC1,C1COCCO1,smee-spice2-systematic-torsion-generation_constrained-linear,1,0.8818135691691213,0.0002794815751258,0.8769800000000002,8.500000000000002e-05
35032,382,dens_476825312331327209,382,Density,<Substance C1CCCCC1{solv}{x=0.297200}|C1COCCO1{solv}{x=0.702800}>,C1CCCCC1,C1COCCO1,smee-spice2-systematic-torsion-generation_constrained-linear,1,0.9413758356799152,0.0001794058277454,0.9312200000000004,7.000000000000002e-05
35033,383,dens_985438980823024302,383,Density,<Substance C1CCCCC1{solv}{x=0.699700}|C1COCCO1{solv}{x=0.300300}>,C1CCCCC1,C1COCCO1,smee-spice2-systematic-torsion-generation_constrained-linear,1,0.8300025015206139,0.0001992138887646,0.8305800000000002,0.0001
35034,384,dhmix_1624213860575299641,384,EnthalpyOfMixing,<Substance C1CCCCC1{solv}{x=0.492800}|C1COCCO1{solv}{x=0.507200}>,C1CCCCC1,C1COCCO1,smee-spice2-systematic-torsion-generation_constrained-linear,1,2.0232386373176325,0.0418870406513949,1.588,0.008
35035,385,dhmix_1900199136965747019,385,EnthalpyOfMixing,<Substance C1CCCCC1{solv}{x=0.239400}|C1COCCO1{solv}{x=0.760600}>,C1CCCCC1,C1COCCO1,smee-spice2-systematic-torsion-generation_constrained-linear,1,1.4405499837237985,0.0418111663917697,1.124,0.007
35036,386,dhmix_2022274493214392184,386,EnthalpyOfMixing,<Substance C1CCCCC1{solv}{x=0.744200}|C1COCCO1{solv}{x=0.255800}>,C1CCCCC1,C1COCCO1,smee-spice2-systematic-torsion-generation_constrained-linear,1,1.683526573775595,0.0461341587577268,1.262,0.007
35037,387,dhmix_182795551078530810,387,EnthalpyOfMixing,<Substance C1COCCO1{solv}{x=0.491200}|Cc1ccccc1Cl{solv}{x=0.508800}>,C1COCCO1,Cc1ccccc1Cl,smee-spice2-systematic-torsion-generation_constrained-linear,1,0.2622067312891829,0.0409976150273447,0.356,0.002
35038,388,dens_242592003865933955,388,Density,<Substance C1COCCO1{solv}{x=0.835700}|Cc1ccccc1Cl{solv}{x=0.164300}>,C1COCCO1,Cc1ccccc1Cl,smee-spice2-systematic-torsion-generation_constrained-linear,1,1.0418746873603604,0.0002717138659597,1.0256,0.0005
35039,389,dens_810150133181620718,389,Density,<Substance C1COCCO1{solv}{x=0.513600}|Cc1ccccc1Cl{solv}{x=0.486400}>,C1COCCO1,Cc1ccccc1Cl,smee-spice2-systematic-torsion-generation_constrained-linear,1,1.0678882142948447,0.0002068807623756,1.0536,0.0005
35040,390,dhmix_1949119093643648586,390,EnthalpyOfMixing,<Substance C1COCCO1{solv}{x=0.246200}|Cc1ccccc1Cl{solv}{x=0.753800}>,C1COCCO1,Cc1ccccc1Cl,smee-spice2-systematic-torsion-generation_constrained-linear,1,0.2792116542974838,0.0417674622431423,0.206,0.001
35041,391,dens_2161584607380261748,391,Density,<Substance C1COCCO1{solv}{x=0.226300}|Cc1ccccc1Cl{solv}{x=0.773700}>,C1COCCO1,Cc1ccccc1Cl,smee-spice2-systematic-torsion-generation_constrained-linear,1,1.079932560515164,0.0002574396112636,1.0674000000000003,0.0005
35042,392,dhmix_2190589845176325501,392,EnthalpyOfMixing,<Substance C1COCCO1{solv}{x=0.835700}|Cc1ccccc1Cl{solv}{x=0.164300}>,C1COCCO1,Cc1ccccc1Cl,smee-spice2-systematic-torsion-generation_constrained-linear,1,0.2349117725506744,0.0441914847978065,0.244,0.0015
35043,393,dens_194492664772262961,393,Density,<Substance CCCOC=O{solv}{x=0.479500}|ClCCCl{solv}{x=0.520500}>,CCCOC=O,ClCCCl,smee-spice2-systematic-torsion-generation_constrained-linear,1,1.071090665963778,0.0003802820625573,1.0603100000000003,0.00196
35044,394,dhmix_438833720470542962,394,EnthalpyOfMixing,<Substance CCCOC=O{solv}{x=0.738500}|ClCCCl{solv}{x=0.261500}>,CCCOC=O,ClCCCl,smee-spice2-systematic-torsion-generation_constrained-linear,1,-0.0783349014822292,0.0375637221107476,-0.205,0.0025
35045,395,dens_598528978367940263,395,Density,<Substance CCCOC=O{solv}{x=0.254300}|ClCCCl{solv}{x=0.745700}>,CCCOC=O,ClCCCl,smee-spice2-systematic-torsion-generation_constrained-linear,1,1.142037629537357,0.0003889843142176,1.1418800000000005,0.002835
35046,396,dens_822197650497048256,396,Density,<Substance CCCOC=O{solv}{x=0.728100}|ClCCCl{solv}{x=0.271900}>,CCCOC=O,ClCCCl,smee-spice2-systematic-torsion-generation_constrained-linear,1,0.9977002366506572,0.0002993732234128,0.9794600000000002,0.001275
35047,397,dhmix_1971772628311560569,397,EnthalpyOfMixing,<Substance CCCOC=O{solv}{x=0.503500}|ClCCCl{solv}{x=0.496500}>,CCCOC=O,ClCCCl,smee-spice2-systematic-torsion-generation_constrained-linear,1,-0.0028268275437639,0.0361286789609401,-0.254,0.003
35048,398,dhmix_2087301877194561078,398,EnthalpyOfMixing,<Substance CCCOC=O{solv}{x=0.273300}|ClCCCl{solv}{x=0.726700}>,CCCOC=O,ClCCCl,smee-spice2-systematic-torsion-generation_constrained-linear,1,0.0644465879081082,0.030196100917594,-0.154,0.002
35049,399,dens_196547737404430199,399,Density,<Substance CCC(C)(C)O{solv}{x=0.258400}|CCO{solv}{x=0.741600}>,CCC(C)(C)O,CCO,smee-spice2-systematic-torsion-generation_constrained-linear,1,0.8087183927123233,0.0003063452234914,0.7933000000000001,0.0005
35050,400,dens_476512869308734578,400,Density,<Substance CCC(C)(C)O{solv}{x=0.549500}|CCO{solv}{x=0.450500}>,CCC(C)(C)O,CCO,smee-spice2-systematic-torsion-generation_constrained-linear,1,0.820318654899379,0.0002438070750143,0.8018000000000002,0.0005
35051,401,dens_822446541953482206,401,Density,<Substance CCC(C)(C)O{solv}{x=0.676500}|CCO{solv}{x=0.323500}>,CCC(C)(C)O,CCO,smee-spice2-systematic-torsion-generation_constrained-linear,1,0.8229121975759994,0.0002523694249455,0.8048000000000002,0.0005
35052,402,dhmix_935690434592096067,402,EnthalpyOfMixing,<Substance CCC(C)(C)O{solv}{x=0.460700}|CCO{solv}{x=0.539300}>,CCC(C)(C)O,CCO,smee-spice2-systematic-torsion-generation_constrained-linear,1,-0.8826857084736801,0.0346036451273555,-0.95,0.00405
35053,403,dhmix_1167190373485301023,403,EnthalpyOfMixing,<Substance CCC(C)(C)O{solv}{x=0.730600}|CCO{solv}{x=0.269400}>,CCC(C)(C)O,CCO,smee-spice2-systematic-torsion-generation_constrained-linear,1,-0.8523954606258002,0.0601487082784364,-0.7709,0.00335
35054,404,dhmix_1275914601266938667,404,EnthalpyOfMixing,<Substance CCC(C)(C)O{solv}{x=0.280700}|CCO{solv}{x=0.719300}>,CCC(C)(C)O,CCO,smee-spice2-systematic-torsion-generation_constrained-linear,1,-0.6864408270164759,0.0387349977377428,-0.7056,0.0031
35055,405,dens_196896428021674416,405,Density,<Substance OCCCCO{solv}{x=0.250400}|O{solv}{x=0.749600}>,O,OCCCCO,smee-spice2-systematic-torsion-generation_constrained-linear,1,1.0118393454652452,0.0003341190817774,1.0206500000000005,0.000165
35056,406,dhmix_204758826312645465,406,EnthalpyOfMixing,<Substance OCCCCO{solv}{x=0.498600}|O{solv}{x=0.501400}>,O,OCCCCO,smee-spice2-systematic-torsion-generation_constrained-linear,1,0.5576337457756964,0.0337312639636059,-0.882,0.011
35057,407,dens_523660418548538159,407,Density,<Substance OCCCCO{solv}{x=0.502000}|O{solv}{x=0.498000}>,O,OCCCCO,smee-spice2-systematic-torsion-generation_constrained-linear,1,1.0218092564768693,0.0003428930903291,1.0207100000000002,0.000175
35058,408,dhmix_1424462945700338266,408,EnthalpyOfMixing,<Substance OCCCCO{solv}{x=0.794700}|O{solv}{x=0.205300}>,O,OCCCCO,smee-spice2-systematic-torsion-generation_constrained-linear,1,0.1632201437531222,0.0545610031136254,-0.513,0.007
35059,409,dhmix_2166372532060643622,409,EnthalpyOfMixing,<Substance OCCCCO{solv}{x=0.265800}|O{solv}{x=0.734200}>,O,OCCCCO,smee-spice2-systematic-torsion-generation_constrained-linear,1,0.6224064718281017,0.0256366106628282,-0.896,0.0115
35060,410,dens_2215793475715067258,410,Density,<Substance OCCCCO{solv}{x=0.752800}|O{solv}{x=0.247200}>,O,OCCCCO,smee-spice2-systematic-torsion-generation_constrained-linear,1,1.0266644778140992,0.0002476156339353,1.0165900000000003,0.00018
35061,411,dhmix_199788824133179829,411,EnthalpyOfMixing,<Substance CNc1ccccc1{solv}{x=0.497300}|Cc1ccccc1{solv}{x=0.502700}>,CNc1ccccc1,Cc1ccccc1,smee-spice2-systematic-torsion-generation_constrained-linear,1,0.7993016396379602,0.043374973702033,0.497,0.0055
35062,412,dens_515118724178190757,412,Density,<Substance CNc1ccccc1{solv}{x=0.740700}|Cc1ccccc1{solv}{x=0.259300}>,CNc1ccccc1,Cc1ccccc1,smee-spice2-systematic-torsion-generation_constrained-linear,1,0.9668871361544812,0.0002117538542063,0.9531280000000004,0.0002595
35063,413,dens_730775902780400634,413,Density,<Substance CNc1ccccc1{solv}{x=0.245200}|Cc1ccccc1{solv}{x=0.754800}>,CNc1ccccc1,Cc1ccccc1,smee-spice2-systematic-torsion-generation_constrained-linear,1,0.8961287855584122,0.0002270919527617,0.8935250000000002,0.000118
35064,414,dhmix_1213795502778853356,414,EnthalpyOfMixing,<Substance CNc1ccccc1{solv}{x=0.295200}|Cc1ccccc1{solv}{x=0.704800}>,CNc1ccccc1,Cc1ccccc1,smee-spice2-systematic-torsion-generation_constrained-linear,1,0.6807760491654022,0.0424510100300223,0.459,0.005
35065,415,dhmix_1321810550349826496,415,EnthalpyOfMixing,<Substance CNc1ccccc1{solv}{x=0.789200}|Cc1ccccc1{solv}{x=0.210800}>,CNc1ccccc1,Cc1ccccc1,smee-spice2-systematic-torsion-generation_constrained-linear,1,0.5318469699704451,0.042422056715442,0.287,0.003
35066,416,dens_2156484405108449314,416,Density,<Substance CNc1ccccc1{solv}{x=0.490000}|Cc1ccccc1{solv}{x=0.510000}>,CNc1ccccc1,Cc1ccccc1,smee-spice2-systematic-torsion-generation_constrained-linear,1,0.9316675444490892,0.0002122019735338,0.9235800000000004,0.000164
35067,417,dens_199829369486957606,417,Density,<Substance CC#N{solv}{x=0.200300}|c1ccccc1{solv}{x=0.799700}>,CC#N,c1ccccc1,smee-spice2-systematic-torsion-generation_constrained-linear,1,0.8610064101151611,0.0001943336503946,0.8623400000000002,7.000000000000002e-05
35068,418,dhmix_217315956534335620,418,EnthalpyOfMixing,<Substance CC#N{solv}{x=0.771500}|c1ccccc1{solv}{x=0.228500}>,CC#N,c1ccccc1,smee-spice2-systematic-torsion-generation_constrained-linear,1,0.0722313550376725,0.0298721307574136,0.3988,0.00815
35069,419,dhmix_730497723685339496,419,EnthalpyOfMixing,<Substance CC#N{solv}{x=0.219600}|c1ccccc1{solv}{x=0.780400}>,CC#N,c1ccccc1,smee-spice2-systematic-torsion-generation_constrained-linear,1,-0.042111734376192,0.0384174149119929,0.2399,0.00495
35070,420,dhmix_1038591828122641798,420,EnthalpyOfMixing,<Substance CC#N{solv}{x=0.529500}|c1ccccc1{solv}{x=0.470500}>,CC#N,c1ccccc1,smee-spice2-systematic-torsion-generation_constrained-linear,1,0.0177303474144068,0.0238381096370256,0.4415,0.00905
35071,421,dens_1457706963514561052,421,Density,<Substance CC#N{solv}{x=0.500100}|c1ccccc1{solv}{x=0.499900}>,CC#N,c1ccccc1,smee-spice2-systematic-torsion-generation_constrained-linear,1,0.8384067282884301,0.0002916317506274,0.8384600000000002,7.500000000000002e-05
35072,422,dens_2111393000623474162,422,Density,<Substance CC#N{solv}{x=0.700200}|c1ccccc1{solv}{x=0.299800}>,CC#N,c1ccccc1,smee-spice2-systematic-torsion-generation_constrained-linear,1,0.8180754966364638,0.0002944776644368,0.8174500000000002,7.500000000000002e-05
35073,423,dens_201591193434833206,423,Density,<Substance CC(C)CC(C)(C)C{solv}{x=0.082400}|CCO{solv}{x=0.917600}>,CC(C)CC(C)(C)C,CCO,smee-spice2-systematic-torsion-generation_constrained-linear,1,0.7689962846451069,0.0003247077212406,0.7605800000000003,0.000125
35074,424,dhmix_371477530823830451,424,EnthalpyOfMixing,<Substance CC(C)CC(C)(C)C{solv}{x=0.761700}|CCO{solv}{x=0.238300}>,CC(C)CC(C)(C)C,CCO,smee-spice2-systematic-torsion-generation_constrained-linear,1,0.8927414039081185,0.0540532157381577,0.634022,0.006851
35075,425,dhmix_1127868571780691876,425,EnthalpyOfMixing,<Substance CC(C)CC(C)(C)C{solv}{x=0.515800}|CCO{solv}{x=0.484200}>,CC(C)CC(C)(C)C,CCO,smee-spice2-systematic-torsion-generation_constrained-linear,1,0.8499967174047356,0.0357067643041971,0.638973,0.006903
35076,426,dens_1250915879314267304,426,Density,<Substance CC(C)CC(C)(C)C{solv}{x=0.493740}|CCO{solv}{x=0.506260}>,CC(C)CC(C)(C)C,CCO,smee-spice2-systematic-torsion-generation_constrained-linear,1,0.7291438551448908,0.0002627059988232,0.7110500000000001,7.500000000000002e-05
35077,427,dens_1473791133383705310,427,Density,<Substance CC(C)CC(C)(C)C{solv}{x=0.735960}|CCO{solv}{x=0.264040}>,CC(C)CC(C)(C)C,CCO,smee-spice2-systematic-torsion-generation_constrained-linear,1,0.7181122179655293,0.0002208220260714,0.6967900000000001,7.500000000000002e-05
35078,428,dhmix_1870637719976274804,428,EnthalpyOfMixing,<Substance CC(C)CC(C)(C)C{solv}{x=0.081500}|CCO{solv}{x=0.918500}>,CC(C)CC(C)(C)C,CCO,smee-spice2-systematic-torsion-generation_constrained-linear,1,0.2570134071266352,0.0413871809186222,0.197762,0.0022405
35079,429,dens_202472488934755108,429,Density,<Substance CCC#N{solv}{x=0.301800}|CCOC(C)(C)C{solv}{x=0.698200}>,CCC#N,CCOC(C)(C)C,smee-spice2-systematic-torsion-generation_constrained-linear,1,0.764970116492479,0.0002507182963427,0.7455000000000002,0.0002
35080,430,dens_266175665931869051,430,Density,<Substance CCC#N{solv}{x=0.701400}|CCOC(C)(C)C{solv}{x=0.298600}>,CCC#N,CCOC(C)(C)C,smee-spice2-systematic-torsion-generation_constrained-linear,1,0.7746979038933484,0.0002387420136849,0.7617000000000003,0.00035
35081,431,dhmix_801664072836508009,431,EnthalpyOfMixing,<Substance CCC#N{solv}{x=0.301800}|CCOC(C)(C)C{solv}{x=0.698200}>,CCC#N,CCOC(C)(C)C,smee-spice2-systematic-torsion-generation_constrained-linear,1,0.1723638920373531,0.0427214127540331,0.4557,0.0062
35082,432,dhmix_1220778152018571786,432,EnthalpyOfMixing,<Substance CCC#N{solv}{x=0.501400}|CCOC(C)(C)C{solv}{x=0.498600}>,CCC#N,CCOC(C)(C)C,smee-spice2-systematic-torsion-generation_constrained-linear,1,0.2454432766635932,0.03860830078462,0.5053,0.00685
35083,433,dhmix_1838699488178562925,433,EnthalpyOfMixing,<Substance CCC#N{solv}{x=0.701400}|CCOC(C)(C)C{solv}{x=0.298600}>,CCC#N,CCOC(C)(C)C,smee-spice2-systematic-torsion-generation_constrained-linear,1,0.1676341008355066,0.0373411223203429,0.4078,0.0056
35084,434,dens_1870081876609026392,434,Density,<Substance CCC#N{solv}{x=0.501400}|CCOC(C)(C)C{solv}{x=0.498600}>,CCC#N,CCOC(C)(C)C,smee-spice2-systematic-torsion-generation_constrained-linear,1,0.7694194235036257,0.000169748494858,0.7532000000000002,0.0003
35085,435,dens_205210513551931414,435,Density,<Substance CCCC#N{solv}{x=0.200000}|c1ccccc1{solv}{x=0.800000}>,CCCC#N,c1ccccc1,smee-spice2-systematic-torsion-generation_constrained-linear,1,0.8571124522672504,0.0003057338531508,0.8576940000000002,5.400000000000001e-05
35086,436,dens_841576887891022329,436,Density,<Substance CCCC#N{solv}{x=0.500000}|c1ccccc1{solv}{x=0.500000}>,CCCC#N,c1ccccc1,smee-spice2-systematic-torsion-generation_constrained-linear,1,0.8323600974998314,0.000264044255706,0.8318550000000002,5.8000000000000014e-05
35087,437,dhmix_901910638840590393,437,EnthalpyOfMixing,<Substance CCCC#N{solv}{x=0.503700}|c1ccccc1{solv}{x=0.496300}>,CCCC#N,c1ccccc1,smee-spice2-systematic-torsion-generation_constrained-linear,1,-0.0588439665923203,0.0353877865762145,-0.0659,0.00145
35088,438,dhmix_1123099162248680479,438,EnthalpyOfMixing,<Substance CCCC#N{solv}{x=0.752800}|c1ccccc1{solv}{x=0.247200}>,CCCC#N,c1ccccc1,smee-spice2-systematic-torsion-generation_constrained-linear,1,-0.0020803308370034,0.0375511812337698,-0.0312,0.0008
35089,439,dhmix_1318990508180847616,439,EnthalpyOfMixing,<Substance CCCC#N{solv}{x=0.252800}|c1ccccc1{solv}{x=0.747200}>,CCCC#N,c1ccccc1,smee-spice2-systematic-torsion-generation_constrained-linear,1,-0.0844240327152761,0.0387711733186668,-0.0571,0.00125
35090,440,dens_1950627772023797339,440,Density,<Substance CCCC#N{solv}{x=0.700000}|c1ccccc1{solv}{x=0.300000}>,CCCC#N,c1ccccc1,smee-spice2-systematic-torsion-generation_constrained-linear,1,0.8158425062970402,0.0002392461868233,0.8138540000000002,6.100000000000001e-05
35091,441,dhmix_207411229673186667,441,EnthalpyOfMixing,<Substance CC(C)(C)Cl{solv}{x=0.774700}|CC(C)OC(C)C{solv}{x=0.225300}>,CC(C)(C)Cl,CC(C)OC(C)C,smee-spice2-systematic-torsion-generation_constrained-linear,1,-0.0323864929741546,0.0404049478869556,0.0035,0.0004
35092,442,dhmix_263164663491745943,442,EnthalpyOfMixing,<Substance CC(C)(C)Cl{solv}{x=0.551200}|CC(C)OC(C)C{solv}{x=0.448800}>,CC(C)(C)Cl,CC(C)OC(C)C,smee-spice2-systematic-torsion-generation_constrained-linear,1,-0.0261362789953523,0.0416247035494402,0.0071,0.0004
35093,443,dens_1527979990628499053,443,Density,<Substance CC(C)(C)Cl{solv}{x=0.514800}|CC(C)OC(C)C{solv}{x=0.485200}>,CC(C)(C)Cl,CC(C)OC(C)C,smee-spice2-systematic-torsion-generation_constrained-linear,1,0.801256563677754,0.0002786037018576,0.7723510000000002,0.00042
35094,444,dens_1616242241384486673,444,Density,<Substance CC(C)(C)Cl{solv}{x=0.715200}|CC(C)OC(C)C{solv}{x=0.284800}>,CC(C)(C)Cl,CC(C)OC(C)C,smee-spice2-systematic-torsion-generation_constrained-linear,1,0.8274865924434727,0.0002700373627689,0.7971450000000002,0.0003945
35095,445,dens_2075469437997722238,445,Density,<Substance CC(C)(C)Cl{solv}{x=0.199100}|CC(C)OC(C)C{solv}{x=0.800900}>,CC(C)(C)Cl,CC(C)OC(C)C,smee-spice2-systematic-torsion-generation_constrained-linear,1,0.7635134982843556,0.0002262079415239,0.7376660000000003,0.0004545
35096,446,dhmix_2101531043492089277,446,EnthalpyOfMixing,<Substance CC(C)(C)Cl{solv}{x=0.219200}|CC(C)OC(C)C{solv}{x=0.780800}>,CC(C)(C)Cl,CC(C)OC(C)C,smee-spice2-systematic-torsion-generation_constrained-linear,1,-0.0900563730314303,0.0486605665227284,0.007,0.0004
35097,447,dens_210389881425986721,447,Density,<Substance C1COCO1{solv}{x=0.785000}|CCCCCC(C)=O{solv}{x=0.215000}>,C1COCO1,CCCCCC(C)=O,smee-spice2-systematic-torsion-generation_constrained-linear,1,0.999834511068446,0.0002649758838973,0.9696500000000002,0.0003
35098,448,dhmix_503329310014436107,448,EnthalpyOfMixing,<Substance C1COCO1{solv}{x=0.750000}|CCCCCC(C)=O{solv}{x=0.250000}>,C1COCO1,CCCCCC(C)=O,smee-spice2-systematic-torsion-generation_constrained-linear,1,0.8108664359935887,0.0401678258397263,0.37402,0.001955
35099,449,dens_824084186033535550,449,Density,<Substance C1COCO1{solv}{x=0.507100}|CCCCCC(C)=O{solv}{x=0.492900}>,C1COCO1,CCCCCC(C)=O,smee-spice2-systematic-torsion-generation_constrained-linear,1,0.9034192390950808,0.0002377114512561,0.8936300000000003,0.00034
35100,450,dens_839548343309182157,450,Density,<Substance C1COCO1{solv}{x=0.244000}|CCCCCC(C)=O{solv}{x=0.756000}>,C1COCO1,CCCCCC(C)=O,smee-spice2-systematic-torsion-generation_constrained-linear,1,0.843041987871779,0.0001904359699209,0.8445200000000002,0.00038
35101,451,dhmix_1519451899562488304,451,EnthalpyOfMixing,<Substance C1COCO1{solv}{x=0.250000}|CCCCCC(C)=O{solv}{x=0.750000}>,C1COCO1,CCCCCC(C)=O,smee-spice2-systematic-torsion-generation_constrained-linear,1,0.5602009121980398,0.0449384569753403,0.2754,0.00155
35102,452,dhmix_1874814461447958752,452,EnthalpyOfMixing,<Substance C1COCO1{solv}{x=0.500000}|CCCCCC(C)=O{solv}{x=0.500000}>,C1COCO1,CCCCCC(C)=O,smee-spice2-systematic-torsion-generation_constrained-linear,1,0.8488291636158536,0.0420310922965682,0.43148,0.00217
35103,453,dhmix_219236717194413479,453,EnthalpyOfMixing,<Substance CCOc1ccccc1{solv}{x=0.762500}|OCCCc1ccccc1{solv}{x=0.237500}>,CCOc1ccccc1,OCCCc1ccccc1,smee-spice2-systematic-torsion-generation_constrained-linear,1,0.9181049718799984,0.0484483621851272,1.1164,0.01195
35104,454,dens_391027492102555874,454,Density,<Substance CCOc1ccccc1{solv}{x=0.515000}|OCCCc1ccccc1{solv}{x=0.485000}>,CCOc1ccccc1,OCCCc1ccccc1,smee-spice2-systematic-torsion-generation_constrained-linear,1,0.9755810405001936,0.0002027650864672,0.9715100000000002,0.00026
35105,455,dens_603450583692592837,455,Density,<Substance CCOc1ccccc1{solv}{x=0.707400}|OCCCc1ccccc1{solv}{x=0.292600}>,CCOc1ccccc1,OCCCc1ccccc1,smee-spice2-systematic-torsion-generation_constrained-linear,1,0.9679243370103298,0.0002112692488344,0.9634300000000002,0.00026
35106,456,dhmix_1297428070131435744,456,EnthalpyOfMixing,<Substance CCOc1ccccc1{solv}{x=0.516900}|OCCCc1ccccc1{solv}{x=0.483100}>,CCOc1ccccc1,OCCCc1ccccc1,smee-spice2-systematic-torsion-generation_constrained-linear,1,1.0275154128250676,0.0519234402482308,0.989,0.0106
35107,457,dens_1659818614169719187,457,Density,<Substance CCOc1ccccc1{solv}{x=0.216400}|OCCCc1ccccc1{solv}{x=0.783600}>,CCOc1ccccc1,OCCCc1ccccc1,smee-spice2-systematic-torsion-generation_constrained-linear,1,0.9873418105445406,0.0002383369133759,0.9832000000000004,0.00026
35108,458,dhmix_2058966624473104004,458,EnthalpyOfMixing,<Substance CCOc1ccccc1{solv}{x=0.262900}|OCCCc1ccccc1{solv}{x=0.737100}>,CCOc1ccccc1,OCCCc1ccccc1,smee-spice2-systematic-torsion-generation_constrained-linear,1,0.6159111340306254,0.0481034665411722,0.7,0.00755
35109,459,dhmix_224977805525763267,459,EnthalpyOfMixing,<Substance OCCO{solv}{x=0.519300}|O{solv}{x=0.480700}>,O,OCCO,smee-spice2-systematic-torsion-generation_constrained-linear,1,0.1214609957658865,0.0305127495484493,-0.64,0.0035
35110,460,dhmix_454389511592218960,460,EnthalpyOfMixing,<Substance OCCO{solv}{x=0.790900}|O{solv}{x=0.209100}>,O,OCCO,smee-spice2-systematic-torsion-generation_constrained-linear,1,0.1391567573222119,0.038104685661832,-0.347,0.0025
35111,461,dens_624011570206871166,461,Density,<Substance OCCO{solv}{x=0.500560}|O{solv}{x=0.499440}>,O,OCCO,smee-spice2-systematic-torsion-generation_constrained-linear,1,1.0947864103064673,0.0003553544916055,1.0923200000000002,0.0005
35112,462,dhmix_997365299263661959,462,EnthalpyOfMixing,<Substance OCCO{solv}{x=0.205100}|O{solv}{x=0.794900}>,O,OCCO,smee-spice2-systematic-torsion-generation_constrained-linear,1,0.2430704291995535,0.0250629529067678,-0.681,0.004
35113,463,dens_1521229282261002740,463,Density,<Substance OCCO{solv}{x=0.299010}|O{solv}{x=0.700990}>,O,OCCO,smee-spice2-systematic-torsion-generation_constrained-linear,1,1.0686286128550324,0.0004295604552023,1.0735400000000002,0.0005
35114,464,dens_2015496231826454735,464,Density,<Substance OCCO{solv}{x=0.706260}|O{solv}{x=0.293740}>,O,OCCO,smee-spice2-systematic-torsion-generation_constrained-linear,1,1.1130550659923808,0.0002572384320197,1.1022400000000003,0.0005
35115,465,dhmix_230261418136264651,465,EnthalpyOfMixing,<Substance CCCCOC(C)=O{solv}{x=0.700700}|CCOC(C)=O{solv}{x=0.299300}>,CCCCOC(C)=O,CCOC(C)=O,smee-spice2-systematic-torsion-generation_constrained-linear,1,0.0490765251797569,0.0463586444091118,0.0594,0.001
35116,466,dhmix_287092636460772443,466,EnthalpyOfMixing,<Substance CCCCOC(C)=O{solv}{x=0.501800}|CCOC(C)=O{solv}{x=0.498200}>,CCCCOC(C)=O,CCOC(C)=O,smee-spice2-systematic-torsion-generation_constrained-linear,1,-0.0102645716614944,0.0416010368449872,0.076,0.0012
35117,467,dens_436289636626232396,467,Density,<Substance CCCCOC(C)=O{solv}{x=0.501800}|CCOC(C)=O{solv}{x=0.498200}>,CCCCOC(C)=O,CCOC(C)=O,smee-spice2-systematic-torsion-generation_constrained-linear,1,0.8948528801754223,0.0002131695481899,0.8829000000000002,0.0002
35118,468,dens_1739528506032569134,468,Density,<Substance CCCCOC(C)=O{solv}{x=0.201200}|CCOC(C)=O{solv}{x=0.798800}>,CCCCOC(C)=O,CCOC(C)=O,smee-spice2-systematic-torsion-generation_constrained-linear,1,0.901505085469908,0.0002342034725808,0.8889000000000001,0.0002
35119,469,dhmix_1951544232160779982,469,EnthalpyOfMixing,<Substance CCCCOC(C)=O{solv}{x=0.201200}|CCOC(C)=O{solv}{x=0.798800}>,CCCCOC(C)=O,CCOC(C)=O,smee-spice2-systematic-torsion-generation_constrained-linear,1,0.0047625977518208,0.0431406737478603,0.0524,0.0009
35120,470,dens_2199004103648094822,470,Density,<Substance CCCCOC(C)=O{solv}{x=0.700700}|CCOC(C)=O{solv}{x=0.299300}>,CCCCOC(C)=O,CCOC(C)=O,smee-spice2-systematic-torsion-generation_constrained-linear,1,0.8904566907379873,0.0002072442563717,0.8797000000000003,0.0002
35121,471,dens_230610561971140401,471,Density,<Substance CN(C)CCO{solv}{x=0.507700}|O{solv}{x=0.492300}>,CN(C)CCO,O,smee-spice2-systematic-torsion-generation_constrained-linear,1,0.9375759941419942,0.0002649014896591,0.9237220000000002,0.000504
35122,472,dens_531222131704065782,472,Density,<Substance CN(C)CCO{solv}{x=0.765200}|O{solv}{x=0.234800}>,CN(C)CCO,O,smee-spice2-systematic-torsion-generation_constrained-linear,1,0.9230741172573724,0.000232661210362,0.8989030000000002,0.0005805
35123,473,dhmix_569544738684419327,473,EnthalpyOfMixing,<Substance CN(C)CCO{solv}{x=0.536500}|O{solv}{x=0.463500}>,CN(C)CCO,O,smee-spice2-systematic-torsion-generation_constrained-linear,1,-2.071727701080718,0.0379114791441368,-2.575,0.0525
35124,474,dens_1319192913326669904,474,Density,<Substance CN(C)CCO{solv}{x=0.264330}|O{solv}{x=0.735670}>,CN(C)CCO,O,smee-spice2-systematic-torsion-generation_constrained-linear,1,0.952693465416663,0.0002859652106121,0.9590000000000002,0.0029
35125,475,dhmix_1669606825693628140,475,EnthalpyOfMixing,<Substance CN(C)CCO{solv}{x=0.205200}|O{solv}{x=0.794800}>,CN(C)CCO,O,smee-spice2-systematic-torsion-generation_constrained-linear,1,-1.3771982824841515,0.0257122251384188,-2.587,0.0525
35126,476,dhmix_1723343163215510297,476,EnthalpyOfMixing,<Substance CN(C)CCO{solv}{x=0.799600}|O{solv}{x=0.200400}>,CN(C)CCO,O,smee-spice2-systematic-torsion-generation_constrained-linear,1,-1.2702804320710754,0.0408751294022378,-1.247,0.0255
35127,477,dens_233554406241639981,477,Density,<Substance CC(C)CC(C)(C)C{solv}{x=0.200000}|CCCCOCCCC{solv}{x=0.800000}>,CC(C)CC(C)(C)C,CCCCOCCCC,smee-spice2-systematic-torsion-generation_constrained-linear,1,0.7549509436099586,0.0002068902743765,0.7497500000000001,0.00017
35128,478,dhmix_465541682585001245,478,EnthalpyOfMixing,<Substance CC(C)CC(C)(C)C{solv}{x=0.200400}|CCCCOCCCC{solv}{x=0.799600}>,CC(C)CC(C)(C)C,CCCCOCCCC,smee-spice2-systematic-torsion-generation_constrained-linear,1,0.2698309401412473,0.0598062441013839,0.07397,0.00099
35129,479,dhmix_1505777056782392294,479,EnthalpyOfMixing,<Substance CC(C)CC(C)(C)C{solv}{x=0.400400}|CCCCOCCCC{solv}{x=0.599600}>,CC(C)CC(C)(C)C,CCCCOCCCC,smee-spice2-systematic-torsion-generation_constrained-linear,1,0.3025847930189798,0.0530137190606839,0.11538,0.001385
35130,480,dhmix_1595104467389948583,480,EnthalpyOfMixing,<Substance CC(C)CC(C)(C)C{solv}{x=0.700500}|CCCCOCCCC{solv}{x=0.299500}>,CC(C)CC(C)(C)C,CCCCOCCCC,smee-spice2-systematic-torsion-generation_constrained-linear,1,0.2836457621887547,0.0470351489269051,0.10948,0.00133
35131,481,dens_1672861274914038509,481,Density,<Substance CC(C)CC(C)(C)C{solv}{x=0.399700}|CCCCOCCCC{solv}{x=0.600300}>,CC(C)CC(C)(C)C,CCCCOCCCC,smee-spice2-systematic-torsion-generation_constrained-linear,1,0.7439624861180888,0.0001943319451473,0.7348100000000001,0.000175
35132,482,dens_1954694146948787176,482,Density,<Substance CC(C)CC(C)(C)C{solv}{x=0.700000}|CCCCOCCCC{solv}{x=0.300000}>,CC(C)CC(C)(C)C,CCCCOCCCC,smee-spice2-systematic-torsion-generation_constrained-linear,1,0.7276190521694252,0.0001757860845811,0.7117300000000002,0.000185
35133,483,dens_234746850701826990,483,Density,<Substance CC#N{solv}{x=0.700000}|CCCCCO{solv}{x=0.300000}>,CC#N,CCCCCO,smee-spice2-systematic-torsion-generation_constrained-linear,1,0.7971553667732543,0.0002713775672291,0.7924200000000001,0.000165
35134,484,dens_1261543146081029601,484,Density,<Substance CC#N{solv}{x=0.500300}|CCCCCO{solv}{x=0.499700}>,CC#N,CCCCCO,smee-spice2-systematic-torsion-generation_constrained-linear,1,0.8047191524535421,0.0002315325081254,0.7996400000000001,0.000185
35135,485,dens_1462197010819319813,485,Density,<Substance CC#N{solv}{x=0.203100}|CCCCCO{solv}{x=0.796900}>,CC#N,CCCCCO,smee-spice2-systematic-torsion-generation_constrained-linear,1,0.8126068576131563,0.0002195984960879,0.8090600000000001,0.00022
35136,486,dhmix_1595997756227951615,486,EnthalpyOfMixing,<Substance CC#N{solv}{x=0.235500}|CCCCCO{solv}{x=0.764500}>,CC#N,CCCCCO,smee-spice2-systematic-torsion-generation_constrained-linear,1,1.3421026689786686,0.0446541120049066,1.451,0.006
35137,487,dhmix_1745037615762894827,487,EnthalpyOfMixing,<Substance CC#N{solv}{x=0.516700}|CCCCCO{solv}{x=0.483300}>,CC#N,CCCCCO,smee-spice2-systematic-torsion-generation_constrained-linear,1,1.868800139317365,0.0341357155847544,2.017,0.008
35138,488,dhmix_2294048253872291609,488,EnthalpyOfMixing,<Substance CC#N{solv}{x=0.771100}|CCCCCO{solv}{x=0.228900}>,CC#N,CCCCCO,smee-spice2-systematic-torsion-generation_constrained-linear,1,1.5100312314033006,0.0343206911860079,1.656,0.007
35139,489,dens_237912652331354824,489,Density,<Substance C1COCCO1{solv}{x=0.512200}|CCCC(C)=O{solv}{x=0.487800}>,C1COCCO1,CCCC(C)=O,smee-spice2-systematic-torsion-generation_constrained-linear,1,0.9045579920026025,0.000234369524527,0.90478,0.00023
35140,490,dhmix_951401191616771155,490,EnthalpyOfMixing,<Substance C1COCCO1{solv}{x=0.750000}|CCCC(C)=O{solv}{x=0.250000}>,C1COCCO1,CCCC(C)=O,smee-spice2-systematic-torsion-generation_constrained-linear,1,0.3098306174428558,0.0417769394318646,0.23761,0.00135
35141,491,dens_1815088975543208186,491,Density,<Substance C1COCCO1{solv}{x=0.225400}|CCCC(C)=O{solv}{x=0.774600}>,C1COCCO1,CCCC(C)=O,smee-spice2-systematic-torsion-generation_constrained-linear,1,0.8364289021187662,0.0002201331878645,0.8442800000000001,0.00022
35142,492,dens_2079717107234551519,492,Density,<Substance C1COCCO1{solv}{x=0.782300}|CCCC(C)=O{solv}{x=0.217700}>,C1COCCO1,CCCC(C)=O,smee-spice2-systematic-torsion-generation_constrained-linear,1,0.977167954052494,0.0002160338915523,0.9692000000000004,0.000245
35143,493,dhmix_2166059870593139530,493,EnthalpyOfMixing,<Substance C1COCCO1{solv}{x=0.500000}|CCCC(C)=O{solv}{x=0.500000}>,C1COCCO1,CCCC(C)=O,smee-spice2-systematic-torsion-generation_constrained-linear,1,0.3195813989542131,0.0410064498807387,0.26523,0.001455
35144,494,dhmix_2196150660196365471,494,EnthalpyOfMixing,<Substance C1COCCO1{solv}{x=0.250000}|CCCC(C)=O{solv}{x=0.750000}>,C1COCCO1,CCCC(C)=O,smee-spice2-systematic-torsion-generation_constrained-linear,1,0.1625663794831666,0.0412886695486389,0.1704,0.001085
35145,495,dhmix_243334109655928306,495,EnthalpyOfMixing,<Substance C1CCOCC1{solv}{x=0.783200}|c1ccccc1{solv}{x=0.216800}>,C1CCOCC1,c1ccccc1,smee-spice2-systematic-torsion-generation_constrained-linear,1,-0.0535265631016699,0.038807320817477,-0.1399,0.00165
35146,496,dens_257753427541292519,496,Density,<Substance C1CCOCC1{solv}{x=0.479400}|c1ccccc1{solv}{x=0.520600}>,C1CCOCC1,c1ccccc1,smee-spice2-systematic-torsion-generation_constrained-linear,1,0.8781362293770869,0.0002169661330502,0.8778700000000003,0.000505
35147,497,dhmix_604341867718608333,497,EnthalpyOfMixing,<Substance C1CCOCC1{solv}{x=0.242500}|c1ccccc1{solv}{x=0.757500}>,C1CCOCC1,c1ccccc1,smee-spice2-systematic-torsion-generation_constrained-linear,1,-0.0813740775436429,0.0339713808582959,-0.1608,0.00185
35148,498,dens_791001710124267373,498,Density,<Substance C1CCOCC1{solv}{x=0.223900}|c1ccccc1{solv}{x=0.776100}>,C1CCOCC1,c1ccccc1,smee-spice2-systematic-torsion-generation_constrained-linear,1,0.8758466989547373,0.0002572710841912,0.8761000000000002,0.0005
35149,499,dens_1402061243325720407,499,Density,<Substance C1CCOCC1{solv}{x=0.743200}|c1ccccc1{solv}{x=0.256800}>,C1CCOCC1,c1ccccc1,smee-spice2-systematic-torsion-generation_constrained-linear,1,0.8793391944724274,0.0002542242913126,0.8789500000000002,0.000505
35150,500,dhmix_1407142629314355761,500,EnthalpyOfMixing,<Substance C1CCOCC1{solv}{x=0.498200}|c1ccccc1{solv}{x=0.501800}>,C1CCOCC1,c1ccccc1,smee-spice2-systematic-torsion-generation_constrained-linear,1,-0.1346034497678943,0.0421874126569143,-0.2365,0.00265
35151,501,dhmix_266800455813556356,501,EnthalpyOfMixing,<Substance CO{solv}{x=0.727200}|OCc1ccccc1{solv}{x=0.272800}>,CO,OCc1ccccc1,smee-spice2-systematic-torsion-generation_constrained-linear,1,0.0281986907192788,0.0329567696163946,-0.0792,0.001
35152,502,dhmix_949671607207910651,502,EnthalpyOfMixing,<Substance CO{solv}{x=0.500500}|OCc1ccccc1{solv}{x=0.499500}>,CO,OCc1ccccc1,smee-spice2-systematic-torsion-generation_constrained-linear,1,-0.0971558670286754,0.0384710584423744,-0.1408,0.00165
35153,503,dhmix_1388744759732522219,503,EnthalpyOfMixing,<Substance CO{solv}{x=0.200200}|OCc1ccccc1{solv}{x=0.799800}>,CO,OCc1ccccc1,smee-spice2-systematic-torsion-generation_constrained-linear,1,-0.1102748243784788,0.0456874326976578,-0.1081,0.0013
35154,504,dens_270046772857960816,504,Density,<Substance C1CCOCC1{solv}{x=0.732100}|Cc1ccccc1{solv}{x=0.267900}>,C1CCOCC1,Cc1ccccc1,smee-spice2-systematic-torsion-generation_constrained-linear,1,0.8761179110283303,0.0002501072328837,0.8754100000000001,0.000505
35155,505,dens_324774743687652276,505,Density,<Substance C1CCOCC1{solv}{x=0.238700}|Cc1ccccc1{solv}{x=0.761300}>,C1CCOCC1,Cc1ccccc1,smee-spice2-systematic-torsion-generation_constrained-linear,1,0.8653391955186884,0.0001604212714342,0.8669900000000003,0.000505
35156,506,dhmix_390107187187002597,506,EnthalpyOfMixing,<Substance C1CCOCC1{solv}{x=0.531900}|Cc1ccccc1{solv}{x=0.468100}>,C1CCOCC1,Cc1ccccc1,smee-spice2-systematic-torsion-generation_constrained-linear,1,-0.148136039902738,0.0430657072646015,-0.2225,0.0025
35157,507,dhmix_1070320975529400325,507,EnthalpyOfMixing,<Substance C1CCOCC1{solv}{x=0.280600}|Cc1ccccc1{solv}{x=0.719400}>,C1CCOCC1,Cc1ccccc1,smee-spice2-systematic-torsion-generation_constrained-linear,1,-0.1155887843649736,0.0426413716377124,-0.1687,0.00195
35158,508,dens_1397318239527979287,508,Density,<Substance C1CCOCC1{solv}{x=0.491500}|Cc1ccccc1{solv}{x=0.508500}>,C1CCOCC1,Cc1ccccc1,smee-spice2-systematic-torsion-generation_constrained-linear,1,0.8703704568466555,0.0002621316036477,0.8715100000000002,0.000505
35159,509,dhmix_1508130989501940613,509,EnthalpyOfMixing,<Substance C1CCOCC1{solv}{x=0.741300}|Cc1ccccc1{solv}{x=0.258700}>,C1CCOCC1,Cc1ccccc1,smee-spice2-systematic-torsion-generation_constrained-linear,1,-0.0709135524628266,0.0439492543848474,-0.1629,0.0019
35160,510,dhmix_271732469428717581,510,EnthalpyOfMixing,<Substance COc1ccccc1{solv}{x=0.237400}|OCCCc1ccccc1{solv}{x=0.762600}>,COc1ccccc1,OCCCc1ccccc1,smee-spice2-systematic-torsion-generation_constrained-linear,1,0.4733787292427394,0.0401200886704233,0.6076,0.0066
35161,511,dhmix_1174392275991455181,511,EnthalpyOfMixing,<Substance COc1ccccc1{solv}{x=0.554700}|OCCCc1ccccc1{solv}{x=0.445300}>,COc1ccccc1,OCCCc1ccccc1,smee-spice2-systematic-torsion-generation_constrained-linear,1,0.9254866788665624,0.0399848961805779,1.0293,0.01105
35162,512,dhmix_1179341622676685107,512,EnthalpyOfMixing,<Substance COc1ccccc1{solv}{x=0.713600}|OCCCc1ccccc1{solv}{x=0.286400}>,COc1ccccc1,OCCCc1ccccc1,smee-spice2-systematic-torsion-generation_constrained-linear,1,1.0907966235138389,0.0463527966379847,1.1088,0.0119
35163,513,dens_1468428612899754720,513,Density,<Substance COc1ccccc1{solv}{x=0.747700}|OCCCc1ccccc1{solv}{x=0.252300}>,COc1ccccc1,OCCCc1ccccc1,smee-spice2-systematic-torsion-generation_constrained-linear,1,0.9833302133257,0.0002302154997529,0.9827800000000002,0.00026
35164,514,dens_1534619098234859574,514,Density,<Substance COc1ccccc1{solv}{x=0.555100}|OCCCc1ccccc1{solv}{x=0.444900}>,COc1ccccc1,OCCCc1ccccc1,smee-spice2-systematic-torsion-generation_constrained-linear,1,0.9867418385098048,0.0001551782533043,0.9852700000000002,0.00026
35165,515,dens_2298154173340539222,515,Density,<Substance COc1ccccc1{solv}{x=0.263600}|OCCCc1ccccc1{solv}{x=0.736400}>,COc1ccccc1,OCCCc1ccccc1,smee-spice2-systematic-torsion-generation_constrained-linear,1,0.9910923634193008,0.0001847261243914,0.9885500000000002,0.00026
35166,516,dens_274848672468745759,516,Density,<Substance CCCCOC(C)=O{solv}{x=0.293400}|c1ccccc1{solv}{x=0.706600}>,CCCCOC(C)=O,c1ccccc1,smee-spice2-systematic-torsion-generation_constrained-linear,1,0.8773606408043596,0.0002301505189561,0.8736600000000002,0.00021
35167,517,dens_493354132810710227,517,Density,<Substance CCCCOC(C)=O{solv}{x=0.710500}|c1ccccc1{solv}{x=0.289500}>,CCCCOC(C)=O,c1ccccc1,smee-spice2-systematic-torsion-generation_constrained-linear,1,0.8821579894852786,0.0002292405973932,0.8751500000000002,0.000335
35168,518,dhmix_754807126845437364,518,EnthalpyOfMixing,<Substance CCCCOC(C)=O{solv}{x=0.495800}|c1ccccc1{solv}{x=0.504200}>,CCCCOC(C)=O,c1ccccc1,smee-spice2-systematic-torsion-generation_constrained-linear,1,-0.0959179979996633,0.0440520184648856,-0.0245,0.001
35169,519,dens_834118541551127044,519,Density,<Substance CCCCOC(C)=O{solv}{x=0.504400}|c1ccccc1{solv}{x=0.495600}>,CCCCOC(C)=O,c1ccccc1,smee-spice2-systematic-torsion-generation_constrained-linear,1,0.880545584560319,0.000243451696983,0.8744300000000002,0.000265
35170,520,dhmix_1349932525480083284,520,EnthalpyOfMixing,<Substance CCCCOC(C)=O{solv}{x=0.252300}|c1ccccc1{solv}{x=0.747700}>,CCCCOC(C)=O,c1ccccc1,smee-spice2-systematic-torsion-generation_constrained-linear,1,-0.0054835378948894,0.0396866120755712,-0.014,0.0009
35171,521,dhmix_1597992980658352112,521,EnthalpyOfMixing,<Substance CCCCOC(C)=O{solv}{x=0.771400}|c1ccccc1{solv}{x=0.228600}>,CCCCOC(C)=O,c1ccccc1,smee-spice2-systematic-torsion-generation_constrained-linear,1,-0.1305743305506581,0.0474899263024831,-0.0245,0.001
35172,522,dens_275501958869207518,522,Density,<Substance C1CCOCC1{solv}{x=0.226300}|Cc1ccccc1Cl{solv}{x=0.773700}>,C1CCOCC1,Cc1ccccc1Cl,smee-spice2-systematic-torsion-generation_constrained-linear,1,1.0479573379030378,0.0002381429342499,1.0396,0.0005
35173,523,dhmix_818597523255588519,523,EnthalpyOfMixing,<Substance C1CCOCC1{solv}{x=0.753300}|Cc1ccccc1Cl{solv}{x=0.246700}>,C1CCOCC1,Cc1ccccc1Cl,smee-spice2-systematic-torsion-generation_constrained-linear,1,-0.2304819902474832,0.0362975568101793,-0.154,0.001
35174,524,dhmix_849121557716978550,524,EnthalpyOfMixing,<Substance C1CCOCC1{solv}{x=0.517500}|Cc1ccccc1Cl{solv}{x=0.482500}>,C1CCOCC1,Cc1ccccc1Cl,smee-spice2-systematic-torsion-generation_constrained-linear,1,-0.3192134274030707,0.0432408309246288,-0.22,0.0015
35175,525,dens_946978292781731327,525,Density,<Substance C1CCOCC1{solv}{x=0.478400}|Cc1ccccc1Cl{solv}{x=0.521600}>,C1CCOCC1,Cc1ccccc1Cl,smee-spice2-systematic-torsion-generation_constrained-linear,1,0.999519245041966,0.000236546843776,0.9931600000000002,0.00051
35176,526,dhmix_997266220336132741,526,EnthalpyOfMixing,<Substance C1CCOCC1{solv}{x=0.263200}|Cc1ccccc1Cl{solv}{x=0.736800}>,C1CCOCC1,Cc1ccccc1Cl,smee-spice2-systematic-torsion-generation_constrained-linear,1,-0.2515515278464875,0.0367857209793425,-0.175,0.001
35177,527,dens_1191185394819541532,527,Density,<Substance C1CCOCC1{solv}{x=0.765800}|Cc1ccccc1Cl{solv}{x=0.234200}>,C1CCOCC1,Cc1ccccc1Cl,smee-spice2-systematic-torsion-generation_constrained-linear,1,0.937900715441228,0.000265396654153,0.9336500000000002,0.000505
35178,528,dhmix_278334692660393021,528,EnthalpyOfMixing,<Substance CCCCCCC{solv}{x=0.205900}|CNc1ccccc1{solv}{x=0.794100}>,CCCCCCC,CNc1ccccc1,smee-spice2-systematic-torsion-generation_constrained-linear,1,1.4198024536203206,0.0462424851070342,1.126,0.012
35179,529,dens_480658478095207102,529,Density,<Substance CCCCCCC{solv}{x=0.740500}|CNc1ccccc1{solv}{x=0.259500}>,CCCCCCC,CNc1ccccc1,smee-spice2-systematic-torsion-generation_constrained-linear,1,0.7390792974256244,0.0002127511277413,0.7424910000000001,0.00014
35180,530,dhmix_898293423987680187,530,EnthalpyOfMixing,<Substance CCCCCCC{solv}{x=0.501700}|CNc1ccccc1{solv}{x=0.498300}>,CCCCCCC,CNc1ccccc1,smee-spice2-systematic-torsion-generation_constrained-linear,1,1.8725350325407533,0.0487680146511433,1.676,0.018
35181,531,dens_1509968737377061562,531,Density,<Substance CCCCCCC{solv}{x=0.250900}|CNc1ccccc1{solv}{x=0.749100}>,CCCCCCC,CNc1ccccc1,smee-spice2-systematic-torsion-generation_constrained-linear,1,0.898981563084254,0.0001834533954869,0.8897150000000003,0.0002615
35182,532,dhmix_1680546488782143957,532,EnthalpyOfMixing,<Substance CCCCCCC{solv}{x=0.703200}|CNc1ccccc1{solv}{x=0.296800}>,CCCCCCC,CNc1ccccc1,smee-spice2-systematic-torsion-generation_constrained-linear,1,1.9100172693546824,0.0488522152275399,1.539,0.0165
35183,533,dens_2074014246120135820,533,Density,<Substance CCCCCCC{solv}{x=0.497000}|CNc1ccccc1{solv}{x=0.503000}>,CCCCCCC,CNc1ccccc1,smee-spice2-systematic-torsion-generation_constrained-linear,1,0.812362902382497,0.0001436722678164,0.8106920000000002,0.0001785
35184,534,dens_296890921001565391,534,Density,<Substance CCCCN{solv}{x=0.755200}|CN(C)C=O{solv}{x=0.244800}>,CCCCN,CN(C)C=O,smee-spice2-systematic-torsion-generation_constrained-linear,1,0.7994635081645695,0.000176952499613,0.7762150000000002,0.000949
35185,535,dens_380536870617309130,535,Density,<Substance CCCCN{solv}{x=0.242800}|CN(C)C=O{solv}{x=0.757200}>,CCCCN,CN(C)C=O,smee-spice2-systematic-torsion-generation_constrained-linear,1,0.8819242716847128,0.0002285730614708,0.8845160000000002,0.0010795
35186,536,dhmix_493117160214491795,536,EnthalpyOfMixing,<Substance CCCCN{solv}{x=0.244100}|CN(C)C=O{solv}{x=0.755900}>,CCCCN,CN(C)C=O,smee-spice2-systematic-torsion-generation_constrained-linear,1,0.1469483404748004,0.0388715387079379,0.245,0.008
35187,537,dhmix_789225002934078019,537,EnthalpyOfMixing,<Substance CCCCN{solv}{x=0.750200}|CN(C)C=O{solv}{x=0.249800}>,CCCCN,CN(C)C=O,smee-spice2-systematic-torsion-generation_constrained-linear,1,0.1328611938197355,0.0428086286540851,0.32,0.01
35188,538,dhmix_941321571782058819,538,EnthalpyOfMixing,<Substance CCCCN{solv}{x=0.499200}|CN(C)C=O{solv}{x=0.500800}>,CCCCN,CN(C)C=O,smee-spice2-systematic-torsion-generation_constrained-linear,1,0.1572600652990203,0.0386233496761564,0.384,0.0115
35189,539,dens_2179361372918836941,539,Density,<Substance CCCCN{solv}{x=0.497200}|CN(C)C=O{solv}{x=0.502800}>,CCCCN,CN(C)C=O,smee-spice2-systematic-torsion-generation_constrained-linear,1,0.8396185376351205,0.0002461329517396,0.8277360000000001,0.001011
35190,540,dens_300257448272323407,540,Density,<Substance CC(C)O{solv}{x=0.745200}|NCCN{solv}{x=0.254800}>,CC(C)O,NCCN,smee-spice2-systematic-torsion-generation_constrained-linear,1,0.8574716931203248,0.0002598191411059,0.8163970000000003,0.0002325
35191,541,dens_924750366683277351,541,Density,<Substance CC(C)O{solv}{x=0.203100}|NCCN{solv}{x=0.796900}>,CC(C)O,NCCN,smee-spice2-systematic-torsion-generation_constrained-linear,1,0.9848307933665544,0.0001778899973087,0.8736620000000003,0.0002225
35192,542,dens_2284409308160572308,542,Density,<Substance CC(C)O{solv}{x=0.489100}|NCCN{solv}{x=0.510900}>,CC(C)O,NCCN,smee-spice2-systematic-torsion-generation_constrained-linear,1,0.9135049865532384,0.000240628253411,0.8449250000000001,0.0002245
35193,543,dens_305501840068636812,543,Density,<Substance CC(C)=O{solv}{x=0.750000}|CCO{solv}{x=0.250000}>,CC(C)=O,CCO,smee-spice2-systematic-torsion-generation_constrained-linear,1,0.77404735946341,0.0002725114539905,0.7859000000000002,0.000115
35194,544,dens_472577738907297293,544,Density,<Substance CC(C)=O{solv}{x=0.250000}|CCO{solv}{x=0.750000}>,CC(C)=O,CCO,smee-spice2-systematic-torsion-generation_constrained-linear,1,0.7840049717354052,0.0003316556590364,0.7861600000000002,0.000115
35195,545,dens_2271083741716457850,545,Density,<Substance CC(C)=O{solv}{x=0.499900}|CCO{solv}{x=0.500100}>,CC(C)=O,CCO,smee-spice2-systematic-torsion-generation_constrained-linear,1,0.7777499999807971,0.0003192893679506,0.7861900000000003,0.000115
35196,546,dens_307445163336341047,546,Density,<Substance CN1CCCC1=O{solv}{x=0.703700}|ClCCCl{solv}{x=0.296300}>,CN1CCCC1=O,ClCCCl,smee-spice2-systematic-torsion-generation_constrained-linear,1,1.0726573594647613,0.0002319362735888,1.0851000000000002,0.0002
35197,547,dhmix_453866769634566853,547,EnthalpyOfMixing,<Substance CN1CCCC1=O{solv}{x=0.253100}|ClCCCl{solv}{x=0.746900}>,CN1CCCC1=O,ClCCCl,smee-spice2-systematic-torsion-generation_constrained-linear,1,-0.5704573059483664,0.0329782271246005,-0.8118,0.01525
35198,548,dhmix_536206650470008584,548,EnthalpyOfMixing,<Substance CN1CCCC1=O{solv}{x=0.500000}|ClCCCl{solv}{x=0.500000}>,CN1CCCC1=O,ClCCCl,smee-spice2-systematic-torsion-generation_constrained-linear,1,-0.663238082906318,0.0365891752204239,-1.264,0.0055
35199,549,dens_1046625605566999080,549,Density,<Substance CN1CCCC1=O{solv}{x=0.202500}|ClCCCl{solv}{x=0.797500}>,CN1CCCC1=O,ClCCCl,smee-spice2-systematic-torsion-generation_constrained-linear,1,1.1854336482266925,0.0003946062009623,1.1953000000000005,0.00025
35200,550,dhmix_1620571823529677157,550,EnthalpyOfMixing,<Substance CN1CCCC1=O{solv}{x=0.736700}|ClCCCl{solv}{x=0.263300}>,CN1CCCC1=O,ClCCCl,smee-spice2-systematic-torsion-generation_constrained-linear,1,-0.5274327494149773,0.0398646809594872,-0.8587,0.01605
35201,551,dens_2059567022041766694,551,Density,<Substance CN1CCCC1=O{solv}{x=0.497500}|ClCCCl{solv}{x=0.502500}>,CN1CCCC1=O,ClCCCl,smee-spice2-systematic-torsion-generation_constrained-linear,1,1.1188619142624894,0.0003029020327943,1.1283000000000003,0.0002
35202,552,dens_313234519309892479,552,Density,<Substance CC(=O)N(C)C{solv}{x=0.293800}|CCCCCCCCCl{solv}{x=0.706200}>,CC(=O)N(C)C,CCCCCCCCCl,smee-spice2-systematic-torsion-generation_constrained-linear,1,0.8742888438352123,0.0002325480586623,0.8796000000000003,0.00045
35203,553,dhmix_444785917463403590,553,EnthalpyOfMixing,<Substance CC(=O)N(C)C{solv}{x=0.703000}|CCCCCCCCCl{solv}{x=0.297000}>,CC(=O)N(C)C,CCCCCCCCCl,smee-spice2-systematic-torsion-generation_constrained-linear,1,0.8792868271447603,0.0453529123611214,0.751,0.004
35204,554,dhmix_705168937124106402,554,EnthalpyOfMixing,<Substance CC(=O)N(C)C{solv}{x=0.215000}|CCCCCCCCCl{solv}{x=0.785000}>,CC(=O)N(C)C,CCCCCCCCCl,smee-spice2-systematic-torsion-generation_constrained-linear,1,0.6664529054211812,0.050414148124689,0.519,0.0035
35205,555,dens_1549584991651515376,555,Density,<Substance CC(=O)N(C)C{solv}{x=0.502200}|CCCCCCCCCl{solv}{x=0.497800}>,CC(=O)N(C)C,CCCCCCCCCl,smee-spice2-systematic-torsion-generation_constrained-linear,1,0.8803206773465001,0.0002265570853681,0.8902000000000002,0.0004
35206,556,dhmix_1732161251827083272,556,EnthalpyOfMixing,<Substance CC(=O)N(C)C{solv}{x=0.508000}|CCCCCCCCCl{solv}{x=0.492000}>,CC(=O)N(C)C,CCCCCCCCCl,smee-spice2-systematic-torsion-generation_constrained-linear,1,0.947986087382544,0.04455071346721,0.829,0.004
35207,557,dens_2189889607118243828,557,Density,<Substance CC(=O)N(C)C{solv}{x=0.700500}|CCCCCCCCCl{solv}{x=0.299500}>,CC(=O)N(C)C,CCCCCCCCCl,smee-spice2-systematic-torsion-generation_constrained-linear,1,0.8876780514787689,0.000203787249121,0.9041000000000002,0.00035
35208,558,dens_314482396827660717,558,Density,<Substance BrCCBr{solv}{x=0.753700}|COC(C)=O{solv}{x=0.246300}>,BrCCBr,COC(C)=O,smee-spice2-systematic-torsion-generation_constrained-linear,1,1.842607306992721,0.0006294055767056,1.8774400000000004,0.003355
35209,559,dens_344993892965738820,559,Density,<Substance BrCCBr{solv}{x=0.275200}|COC(C)=O{solv}{x=0.724800}>,BrCCBr,COC(C)=O,smee-spice2-systematic-torsion-generation_constrained-linear,1,1.2882497743311534,0.0003855771697202,1.2862400000000005,0.001125
35210,560,dhmix_545996968666061076,560,EnthalpyOfMixing,<Substance BrCCBr{solv}{x=0.720900}|COC(C)=O{solv}{x=0.279100}>,BrCCBr,COC(C)=O,smee-spice2-systematic-torsion-generation_constrained-linear,1,0.1239569073192363,0.0311404753040793,0.2594,0.0028
35211,561,dens_714044009336077786,561,Density,<Substance BrCCBr{solv}{x=0.512100}|COC(C)=O{solv}{x=0.487900}>,BrCCBr,COC(C)=O,smee-spice2-systematic-torsion-generation_constrained-linear,1,1.572639255346837,0.0005138943164557,1.5834900000000005,0.0021
35212,562,dhmix_1222511035002547253,562,EnthalpyOfMixing,<Substance BrCCBr{solv}{x=0.485500}|COC(C)=O{solv}{x=0.514500}>,BrCCBr,COC(C)=O,smee-spice2-systematic-torsion-generation_constrained-linear,1,0.1891200790095553,0.0319241100041561,0.2577,0.00275
35213,563,dhmix_1418101673429653456,563,EnthalpyOfMixing,<Substance BrCCBr{solv}{x=0.250800}|COC(C)=O{solv}{x=0.749200}>,BrCCBr,COC(C)=O,smee-spice2-systematic-torsion-generation_constrained-linear,1,0.1225469961336642,0.0357109864312779,0.1202,0.0017
35214,564,dens_314934747194338330,564,Density,<Substance CC(C)CCl{solv}{x=0.513700}|CC(C)OC(C)C{solv}{x=0.486300}>,CC(C)CCl,CC(C)OC(C)C,smee-spice2-systematic-torsion-generation_constrained-linear,1,0.8023152653808518,0.0002654531920667,0.7878250000000002,0.000405
35215,565,dhmix_355399496844187096,565,EnthalpyOfMixing,<Substance CC(C)CCl{solv}{x=0.545300}|CC(C)OC(C)C{solv}{x=0.454700}>,CC(C)CCl,CC(C)OC(C)C,smee-spice2-systematic-torsion-generation_constrained-linear,1,-0.1548924359860848,0.0411757458020253,-0.0957,0.0012
35216,566,dens_688062365117407068,566,Density,<Substance CC(C)CCl{solv}{x=0.805900}|CC(C)OC(C)C{solv}{x=0.194100}>,CC(C)CCl,CC(C)OC(C)C,smee-spice2-systematic-torsion-generation_constrained-linear,1,0.8423238307201752,0.0002838817572304,0.8355300000000002,0.0003555
35217,567,dhmix_1411881046585885461,567,EnthalpyOfMixing,<Substance CC(C)CCl{solv}{x=0.090700}|CC(C)OC(C)C{solv}{x=0.909300}>,CC(C)CCl,CC(C)OC(C)C,smee-spice2-systematic-torsion-generation_constrained-linear,1,-0.0920251823660294,0.0511488011828071,-0.0302,0.00055
35218,568,dens_1762455266351712367,568,Density,<Substance CC(C)CCl{solv}{x=0.091000}|CC(C)OC(C)C{solv}{x=0.909000}>,CC(C)CCl,CC(C)OC(C)C,smee-spice2-systematic-torsion-generation_constrained-linear,1,0.7523577362840701,0.0002224898969228,0.7293950000000001,0.000464
35219,569,dhmix_2302865667781063708,569,EnthalpyOfMixing,<Substance CC(C)CCl{solv}{x=0.727000}|CC(C)OC(C)C{solv}{x=0.273000}>,CC(C)CCl,CC(C)OC(C)C,smee-spice2-systematic-torsion-generation_constrained-linear,1,-0.0596980625121688,0.0334878060999179,-0.0791,0.001
35220,570,dens_321327254341950207,570,Density,<Substance C1COCCO1{solv}{x=0.780300}|CCCCCC(C)=O{solv}{x=0.219700}>,C1COCCO1,CCCCCC(C)=O,smee-spice2-systematic-torsion-generation_constrained-linear,1,0.9650398938047516,0.0002470695227164,0.9576500000000002,0.0003
35221,571,dens_377701756930918353,571,Density,<Substance C1COCCO1{solv}{x=0.500600}|CCCCCC(C)=O{solv}{x=0.499400}>,C1COCCO1,CCCCCC(C)=O,smee-spice2-systematic-torsion-generation_constrained-linear,1,0.891853163931538,0.0001940515630622,0.8916700000000002,0.000345
35222,572,dhmix_600625644134907580,572,EnthalpyOfMixing,<Substance C1COCCO1{solv}{x=0.500000}|CCCCCC(C)=O{solv}{x=0.500000}>,C1COCCO1,CCCCCC(C)=O,smee-spice2-systematic-torsion-generation_constrained-linear,1,0.5828732197429076,0.0464306257101134,0.4509,0.002255
35223,573,dens_1451069448215305244,573,Density,<Substance C1COCCO1{solv}{x=0.220300}|CCCCCC(C)=O{solv}{x=0.779700}>,C1COCCO1,CCCCCC(C)=O,smee-spice2-systematic-torsion-generation_constrained-linear,1,0.8367626581682973,0.0001899206405951,0.8420800000000003,0.000385
35224,574,dhmix_2028813035406256788,574,EnthalpyOfMixing,<Substance C1COCCO1{solv}{x=0.750000}|CCCCCC(C)=O{solv}{x=0.250000}>,C1COCCO1,CCCCCC(C)=O,smee-spice2-systematic-torsion-generation_constrained-linear,1,0.5272714329525456,0.043283171676146,0.4064,0.00209
35225,575,dhmix_2222211577832383320,575,EnthalpyOfMixing,<Substance C1COCCO1{solv}{x=0.250000}|CCCCCC(C)=O{solv}{x=0.750000}>,C1COCCO1,CCCCCC(C)=O,smee-spice2-systematic-torsion-generation_constrained-linear,1,0.2952123531623556,0.0489119384448161,0.2911,0.00164
35226,576,dhmix_325212618372456630,576,EnthalpyOfMixing,<Substance CCCCCCC{solv}{x=0.500000}|c1ccccc1{solv}{x=0.500000}>,CCCCCCC,c1ccccc1,smee-spice2-systematic-torsion-generation_constrained-linear,1,1.1148190144856187,0.044473352766892,0.9235,0.0051
35227,577,dhmix_409350268177199962,577,EnthalpyOfMixing,<Substance CCCCCCC{solv}{x=0.751900}|c1ccccc1{solv}{x=0.248100}>,CCCCCCC,c1ccccc1,smee-spice2-systematic-torsion-generation_constrained-linear,1,0.7646717808869994,0.0515990352466313,0.6047,0.0035
35228,578,dens_1685942387769177799,578,Density,<Substance CCCCCCC{solv}{x=0.913667}|c1ccccc1{solv}{x=0.086333}>,CCCCCCC,c1ccccc1,smee-spice2-systematic-torsion-generation_constrained-linear,1,0.6835720544120659,0.0002029859365575,0.6892400000000002,0.000805
35229,579,dens_2148382258223830900,579,Density,<Substance CCCCCCC{solv}{x=0.273700}|c1ccccc1{solv}{x=0.726300}>,CCCCCCC,c1ccccc1,smee-spice2-systematic-torsion-generation_constrained-linear,1,0.7798017966747234,0.0002896625313131,0.7855000000000002,0.00015
35230,580,dens_2219829254239605828,580,Density,<Substance CCCCCCC{solv}{x=0.492200}|c1ccccc1{solv}{x=0.507800}>,CCCCCCC,c1ccccc1,smee-spice2-systematic-torsion-generation_constrained-linear,1,0.7348231467887014,0.0002164895956042,0.7409000000000001,0.00015
35231,581,dhmix_2296565820723783732,581,EnthalpyOfMixing,<Substance CCCCCCC{solv}{x=0.242400}|c1ccccc1{solv}{x=0.757600}>,CCCCCCC,c1ccccc1,smee-spice2-systematic-torsion-generation_constrained-linear,1,0.9209616613036076,0.043615312870799,0.7775,0.0044
35232,582,dens_326446104630354701,582,Density,<Substance BrCCBr{solv}{x=0.728600}|CCC(=O)OC{solv}{x=0.271400}>,BrCCBr,CCC(=O)OC,smee-spice2-systematic-torsion-generation_constrained-linear,1,1.7648424055999203,0.0006317813880905,1.7949900000000003,0.00303
35233,583,dens_886315086380393150,583,Density,<Substance BrCCBr{solv}{x=0.494400}|CCC(=O)OC{solv}{x=0.505600}>,BrCCBr,CCC(=O)OC,smee-spice2-systematic-torsion-generation_constrained-linear,1,1.4808160508272208,0.0004104817295011,1.4941800000000005,0.001825
35234,584,dhmix_1410129135672303476,584,EnthalpyOfMixing,<Substance BrCCBr{solv}{x=0.491400}|CCC(=O)OC{solv}{x=0.508600}>,BrCCBr,CCC(=O)OC,smee-spice2-systematic-torsion-generation_constrained-linear,1,-0.087865249354694,0.0335796298686709,0.0195,0.00185
35235,585,dhmix_1551714230583118668,585,EnthalpyOfMixing,<Substance BrCCBr{solv}{x=0.755400}|CCC(=O)OC{solv}{x=0.244600}>,BrCCBr,CCC(=O)OC,smee-spice2-systematic-torsion-generation_constrained-linear,1,-0.0842817994456623,0.0325379197724744,0.09,0.00295
35236,586,dhmix_1596310059176209101,586,EnthalpyOfMixing,<Substance BrCCBr{solv}{x=0.214800}|CCC(=O)OC{solv}{x=0.785200}>,BrCCBr,CCC(=O)OC,smee-spice2-systematic-torsion-generation_constrained-linear,1,-0.1226094275861058,0.0421426399397616,-0.0281,0.002
35237,587,dens_1860027304017736150,587,Density,<Substance BrCCBr{solv}{x=0.257000}|CCC(=O)OC{solv}{x=0.743000}>,BrCCBr,CCC(=O)OC,smee-spice2-systematic-torsion-generation_constrained-linear,1,1.2023783620536477,0.0003557623400391,1.2059400000000002,0.000915
35238,588,dhmix_334328961632702336,588,EnthalpyOfMixing,<Substance Cc1ccccc1N{solv}{x=0.492600}|Cc1cccnc1{solv}{x=0.507400}>,Cc1ccccc1N,Cc1cccnc1,smee-spice2-systematic-torsion-generation_constrained-linear,1,-1.1168730454168836,0.0432290296155517,-1.4091,0.0287
35239,589,dhmix_382843935535082222,589,EnthalpyOfMixing,<Substance Cc1ccccc1N{solv}{x=0.232300}|Cc1cccnc1{solv}{x=0.767700}>,Cc1ccccc1N,Cc1cccnc1,smee-spice2-systematic-torsion-generation_constrained-linear,1,-0.8893590138393224,0.0472506824995432,-1.1196,0.02285
35240,590,dens_890019852111400701,590,Density,<Substance Cc1ccccc1N{solv}{x=0.533600}|Cc1cccnc1{solv}{x=0.466400}>,Cc1ccccc1N,Cc1cccnc1,smee-spice2-systematic-torsion-generation_constrained-linear,1,0.9999212760214304,0.0001768373164001,0.9795770000000004,0.0001185
35241,591,dens_1033313642915027277,591,Density,<Substance Cc1ccccc1N{solv}{x=0.737200}|Cc1cccnc1{solv}{x=0.262800}>,Cc1ccccc1N,Cc1cccnc1,smee-spice2-systematic-torsion-generation_constrained-linear,1,1.0135703185124136,0.0002697596274781,0.9867010000000004,0.000118
35242,592,dhmix_1057104304179164775,592,EnthalpyOfMixing,<Substance Cc1ccccc1N{solv}{x=0.778900}|Cc1cccnc1{solv}{x=0.221100}>,Cc1ccccc1N,Cc1cccnc1,smee-spice2-systematic-torsion-generation_constrained-linear,1,-0.6364656795336678,0.0463942297952427,-0.8735,0.01785
35243,593,dens_1445313714023685702,593,Density,<Substance Cc1ccccc1N{solv}{x=0.246700}|Cc1cccnc1{solv}{x=0.753300}>,Cc1ccccc1N,Cc1cccnc1,smee-spice2-systematic-torsion-generation_constrained-linear,1,0.9793052783605424,0.000206296150515,0.9668750000000004,0.00012
35244,594,dens_335631113096608920,594,Density,<Substance CCC(C)=O{solv}{x=0.501800}|CCCCNCCCC{solv}{x=0.498200}>,CCC(C)=O,CCCCNCCCC,smee-spice2-systematic-torsion-generation_constrained-linear,1,0.7710002152880616,0.0002214075404769,0.7693960000000002,9.950000000000003e-05
35245,595,dhmix_551451232292287572,595,EnthalpyOfMixing,<Substance CCC(C)=O{solv}{x=0.215400}|CCCCNCCCC{solv}{x=0.784600}>,CCC(C)=O,CCCCNCCCC,smee-spice2-systematic-torsion-generation_constrained-linear,1,0.0721984203535441,0.053346154630099,0.417,0.0045
35246,596,dens_800787154192710377,596,Density,<Substance CCC(C)=O{solv}{x=0.260300}|CCCCNCCCC{solv}{x=0.739700}>,CCC(C)=O,CCCCNCCCC,smee-spice2-systematic-torsion-generation_constrained-linear,1,0.7683274942861995,0.0001917035208328,0.7614750000000002,0.0001005
35247,597,dhmix_1210431916849512476,597,EnthalpyOfMixing,<Substance CCC(C)=O{solv}{x=0.504400}|CCCCNCCCC{solv}{x=0.495600}>,CCC(C)=O,CCCCNCCCC,smee-spice2-systematic-torsion-generation_constrained-linear,1,0.1561393062524914,0.0490410336006918,0.619,0.0065
35248,598,dhmix_1503682496766473076,598,EnthalpyOfMixing,<Substance CCC(C)=O{solv}{x=0.792200}|CCCCNCCCC{solv}{x=0.207800}>,CCC(C)=O,CCCCNCCCC,smee-spice2-systematic-torsion-generation_constrained-linear,1,0.1245784197517707,0.0467141415559511,0.425,0.0045
35249,599,dens_2232561341275312196,599,Density,<Substance CCC(C)=O{solv}{x=0.747300}|CCCCNCCCC{solv}{x=0.252700}>,CCC(C)=O,CCCCNCCCC,smee-spice2-systematic-torsion-generation_constrained-linear,1,0.7741967331477303,0.0002488153421553,0.7810500000000001,9.750000000000004e-05
35250,600,dhmix_335934546122425398,600,EnthalpyOfMixing,<Substance C1CCOCC1{solv}{x=0.550000}|O=C1CCCC1{solv}{x=0.450000}>,C1CCOCC1,O=C1CCCC1,smee-spice2-systematic-torsion-generation_constrained-linear,1,0.0295865015162632,0.0412823078543111,0.15813,0.001
35251,601,dhmix_337659115721770978,601,EnthalpyOfMixing,<Substance C1CCOCC1{solv}{x=0.250000}|O=C1CCCC1{solv}{x=0.750000}>,C1CCOCC1,O=C1CCCC1,smee-spice2-systematic-torsion-generation_constrained-linear,1,0.1093507460396239,0.0393144911264269,0.11325,0.00084
35252,602,dens_579415285212890284,602,Density,<Substance C1CCOCC1{solv}{x=0.708000}|O=C1CCCC1{solv}{x=0.292000}>,C1CCOCC1,O=C1CCCC1,smee-spice2-systematic-torsion-generation_constrained-linear,1,0.8920482988951665,0.0002379003507585,0.8972200000000002,0.00023
35253,603,dens_788777315764582180,603,Density,<Substance C1CCOCC1{solv}{x=0.549800}|O=C1CCCC1{solv}{x=0.450200}>,C1CCOCC1,O=C1CCCC1,smee-spice2-systematic-torsion-generation_constrained-linear,1,0.8986839504969173,0.0002553256327986,0.9073000000000002,0.000235
35254,604,dens_1539654406736576807,604,Density,<Substance C1CCOCC1{solv}{x=0.235400}|O=C1CCCC1{solv}{x=0.764600}>,C1CCOCC1,O=C1CCCC1,smee-spice2-systematic-torsion-generation_constrained-linear,1,0.9116105303630696,0.0002269048521563,0.9281000000000004,0.00024
35255,605,dhmix_1706969020375394315,605,EnthalpyOfMixing,<Substance C1CCOCC1{solv}{x=0.750000}|O=C1CCCC1{solv}{x=0.250000}>,C1CCOCC1,O=C1CCCC1,smee-spice2-systematic-torsion-generation_constrained-linear,1,0.0578385235895098,0.0414373297592752,0.12811,0.000895
35256,606,dens_337077748334497354,606,Density,<Substance CN1CCCCC1{solv}{x=0.245200}|O{solv}{x=0.754800}>,CN1CCCCC1,O,smee-spice2-systematic-torsion-generation_constrained-linear,1,0.9002980513186701,0.0003931364424168,0.9038110000000004,9.700000000000004e-05
35257,607,dens_1619467922469494964,607,Density,<Substance CN1CCCCC1{solv}{x=0.790700}|O{solv}{x=0.209300}>,CN1CCCCC1,O,smee-spice2-systematic-torsion-generation_constrained-linear,1,0.8550038696561658,0.0002203700349906,0.8260470000000002,0.000108
35258,608,dens_1725290505257505407,608,Density,<Substance CN1CCCCC1{solv}{x=0.505000}|O{solv}{x=0.495000}>,CN1CCCCC1,O,smee-spice2-systematic-torsion-generation_constrained-linear,1,0.8726774323596042,0.00019917329321,0.8581580000000002,9.450000000000002e-05
35259,609,dhmix_344305070199657817,609,EnthalpyOfMixing,<Substance CC(C)CC(C)(C)C{solv}{x=0.200300}|CCCO{solv}{x=0.799700}>,CC(C)CC(C)(C)C,CCCO,smee-spice2-systematic-torsion-generation_constrained-linear,1,0.4777737396204458,0.0380430551504105,0.308,0.0055
35260,610,dens_1020839744665732433,610,Density,<Substance CC(C)CC(C)(C)C{solv}{x=0.200100}|CCCO{solv}{x=0.799900}>,CC(C)CC(C)(C)C,CCCO,smee-spice2-systematic-torsion-generation_constrained-linear,1,0.7677129505470963,0.0002385654497796,0.7589500000000002,0.00029
35261,611,dens_1348847431810734601,611,Density,<Substance CC(C)CC(C)(C)C{solv}{x=0.700000}|CCCO{solv}{x=0.300000}>,CC(C)CC(C)(C)C,CCCO,smee-spice2-systematic-torsion-generation_constrained-linear,1,0.72423938408366,0.0001345344741943,0.7046500000000001,0.00028
35262,612,dhmix_1376194238727172922,612,EnthalpyOfMixing,<Substance CC(C)CC(C)(C)C{solv}{x=0.499800}|CCCO{solv}{x=0.500200}>,CC(C)CC(C)(C)C,CCCO,smee-spice2-systematic-torsion-generation_constrained-linear,1,0.7731632788835014,0.0447110600610596,0.6025,0.0027
35263,613,dhmix_1868873434415785592,613,EnthalpyOfMixing,<Substance CC(C)CC(C)(C)C{solv}{x=0.699900}|CCCO{solv}{x=0.300100}>,CC(C)CC(C)(C)C,CCCO,smee-spice2-systematic-torsion-generation_constrained-linear,1,0.8040501088295571,0.0442945699145763,0.6544,0.0029
35264,614,dens_1870552320710773195,614,Density,<Substance CC(C)CC(C)(C)C{solv}{x=0.500000}|CCCO{solv}{x=0.500000}>,CC(C)CC(C)(C)C,CCCO,smee-spice2-systematic-torsion-generation_constrained-linear,1,0.7373892679744463,0.0002354619462078,0.7214400000000002,0.00028
35265,615,dens_344701479262570906,615,Density,<Substance C1CCOCC1{solv}{x=0.246100}|Cc1cccnc1{solv}{x=0.753900}>,C1CCOCC1,Cc1cccnc1,smee-spice2-systematic-torsion-generation_constrained-linear,1,0.9382910516593758,0.0002290868537578,0.9348570000000002,0.0004915
35266,616,dhmix_772935681699310364,616,EnthalpyOfMixing,<Substance C1CCOCC1{solv}{x=0.480300}|Cc1cccnc1{solv}{x=0.519700}>,C1CCOCC1,Cc1cccnc1,smee-spice2-systematic-torsion-generation_constrained-linear,1,0.1260458227217,0.0316029459888069,0.1271,0.00115
35267,617,dens_1179184695460672925,617,Density,<Substance C1CCOCC1{solv}{x=0.756800}|Cc1cccnc1{solv}{x=0.243200}>,C1CCOCC1,Cc1cccnc1,smee-spice2-systematic-torsion-generation_constrained-linear,1,0.8999313771422272,0.000170393104644,0.8976640000000002,0.0004655
35268,618,dens_1273033541520518804,618,Density,<Substance C1CCOCC1{solv}{x=0.482700}|Cc1cccnc1{solv}{x=0.517300}>,C1CCOCC1,Cc1cccnc1,smee-spice2-systematic-torsion-generation_constrained-linear,1,0.9204986283771924,0.0002572260311895,0.9179640000000002,0.00048
35269,619,dhmix_1594947441282636711,619,EnthalpyOfMixing,<Substance C1CCOCC1{solv}{x=0.735500}|Cc1cccnc1{solv}{x=0.264500}>,C1CCOCC1,Cc1cccnc1,smee-spice2-systematic-torsion-generation_constrained-linear,1,0.0393112320968498,0.0427519761134849,0.0924,0.00095
35270,620,dhmix_2075643137470349800,620,EnthalpyOfMixing,<Substance C1CCOCC1{solv}{x=0.273200}|Cc1cccnc1{solv}{x=0.726800}>,C1CCOCC1,Cc1cccnc1,smee-spice2-systematic-torsion-generation_constrained-linear,1,0.0347806529125378,0.0428148584373387,0.1036,0.001
35271,621,dhmix_346841872844739570,621,EnthalpyOfMixing,<Substance CC#N{solv}{x=0.700700}|CCOC(C)(C)C{solv}{x=0.299300}>,CC#N,CCOC(C)(C)C,smee-spice2-systematic-torsion-generation_constrained-linear,1,0.2444945772618973,0.0330445944368188,0.6176,0.0084
35272,622,dhmix_840136828933604757,622,EnthalpyOfMixing,<Substance CC#N{solv}{x=0.199000}|CCOC(C)(C)C{solv}{x=0.801000}>,CC#N,CCOC(C)(C)C,smee-spice2-systematic-torsion-generation_constrained-linear,1,0.1928267590539718,0.0465172995057995,0.4418,0.006
35273,623,dhmix_1934525864391020215,623,EnthalpyOfMixing,<Substance CC#N{solv}{x=0.501600}|CCOC(C)(C)C{solv}{x=0.498400}>,CC#N,CCOC(C)(C)C,smee-spice2-systematic-torsion-generation_constrained-linear,1,0.273896220618937,0.0307582860529565,0.7098,0.00965
35274,624,dens_1954735606040559695,624,Density,<Substance CC#N{solv}{x=0.700700}|CCOC(C)(C)C{solv}{x=0.299300}>,CC#N,CCOC(C)(C)C,smee-spice2-systematic-torsion-generation_constrained-linear,1,0.7709399772477776,0.000293264234487,0.7595000000000002,0.00045
35275,625,dens_2173310521496796694,625,Density,<Substance CC#N{solv}{x=0.501600}|CCOC(C)(C)C{solv}{x=0.498400}>,CC#N,CCOC(C)(C)C,smee-spice2-systematic-torsion-generation_constrained-linear,1,0.7672345126359242,0.0002480749041571,0.7510000000000002,0.00035
35276,626,dens_2235331649530959984,626,Density,<Substance CC#N{solv}{x=0.199000}|CCOC(C)(C)C{solv}{x=0.801000}>,CC#N,CCOC(C)(C)C,smee-spice2-systematic-torsion-generation_constrained-linear,1,0.7613884025088421,0.0002249649896504,0.7408000000000001,0.00015
35277,627,dhmix_355078149157572999,627,EnthalpyOfMixing,<Substance OCCOCCO{solv}{x=0.790600}|O{solv}{x=0.209400}>,O,OCCOCCO,smee-spice2-systematic-torsion-generation_constrained-linear,1,-0.1784556078014816,0.0511849968089811,-0.521,0.003
35278,628,dhmix_514261244195159379,628,EnthalpyOfMixing,<Substance OCCOCCO{solv}{x=0.300400}|O{solv}{x=0.699600}>,O,OCCOCCO,smee-spice2-systematic-torsion-generation_constrained-linear,1,-0.11729405646102,0.0319806689901038,-1.245,0.0065
35279,629,dhmix_1512634639127890343,629,EnthalpyOfMixing,<Substance OCCOCCO{solv}{x=0.501000}|O{solv}{x=0.499000}>,O,OCCOCCO,smee-spice2-systematic-torsion-generation_constrained-linear,1,-0.2488653741581004,0.0376788985904548,-1.149,0.0065
35280,630,dens_1532732041743097130,630,Density,<Substance OCCOCCO{solv}{x=0.500600}|O{solv}{x=0.499400}>,O,OCCOCCO,smee-spice2-systematic-torsion-generation_constrained-linear,1,1.112003797114624,0.0002808560029913,1.1070700000000002,0.00026
35281,631,dens_1948924545926470959,631,Density,<Substance OCCOCCO{solv}{x=0.700300}|O{solv}{x=0.299700}>,O,OCCOCCO,smee-spice2-systematic-torsion-generation_constrained-linear,1,1.1223935054970766,0.0003554997641274,1.1111900000000003,0.000285
35282,632,dens_2114974877291939954,632,Density,<Substance OCCOCCO{solv}{x=0.301000}|O{solv}{x=0.699000}>,O,OCCOCCO,smee-spice2-systematic-torsion-generation_constrained-linear,1,1.0918658119270828,0.0002933280876561,1.0958900000000005,0.000305
35283,633,dhmix_355690558520209737,633,EnthalpyOfMixing,<Substance CC(C)CC(C)(C)C{solv}{x=0.774800}|CC(C)OC(C)C{solv}{x=0.225200}>,CC(C)CC(C)(C)C,CC(C)OC(C)C,smee-spice2-systematic-torsion-generation_constrained-linear,1,0.2823034930037096,0.0527945714052938,0.132161,0.001556
35284,634,dens_706481868145479619,634,Density,<Substance CC(C)CC(C)(C)C{solv}{x=0.250000}|CC(C)OC(C)C{solv}{x=0.750000}>,CC(C)CC(C)(C)C,CC(C)OC(C)C,smee-spice2-systematic-torsion-generation_constrained-linear,1,0.7328635865219212,0.0001954835396622,0.7090800000000002,0.000155
35285,635,dens_960755156711549154,635,Density,<Substance CC(C)CC(C)(C)C{solv}{x=0.750000}|CC(C)OC(C)C{solv}{x=0.250000}>,CC(C)CC(C)(C)C,CC(C)OC(C)C,smee-spice2-systematic-torsion-generation_constrained-linear,1,0.7173600496874983,0.0001970038314787,0.6937500000000002,0.000155
35286,636,dens_1165117582450092341,636,Density,<Substance CC(C)CC(C)(C)C{solv}{x=0.500900}|CC(C)OC(C)C{solv}{x=0.499100}>,CC(C)CC(C)(C)C,CC(C)OC(C)C,smee-spice2-systematic-torsion-generation_constrained-linear,1,0.7240241300881293,0.000223149137695,0.7005900000000002,0.000105
35287,637,dhmix_1819714300540494359,637,EnthalpyOfMixing,<Substance CC(C)CC(C)(C)C{solv}{x=0.512500}|CC(C)OC(C)C{solv}{x=0.487500}>,CC(C)CC(C)(C)C,CC(C)OC(C)C,smee-spice2-systematic-torsion-generation_constrained-linear,1,0.4013098987030901,0.0505728849385248,0.197047,0.002233
35288,638,dhmix_2031984064821599856,638,EnthalpyOfMixing,<Substance CC(C)CC(C)(C)C{solv}{x=0.269300}|CC(C)OC(C)C{solv}{x=0.730700}>,CC(C)CC(C)(C)C,CC(C)OC(C)C,smee-spice2-systematic-torsion-generation_constrained-linear,1,0.3069238803666678,0.0490987482647209,0.158983,0.0018345
35289,639,dens_357198687829738077,639,Density,<Substance C1CCOCC1{solv}{x=0.223500}|CCCCCC(C)=O{solv}{x=0.776500}>,C1CCOCC1,CCCCCC(C)=O,smee-spice2-systematic-torsion-generation_constrained-linear,1,0.8141889227279212,0.0001443012495858,0.8221200000000002,0.000375
35290,640,dens_1074719884132299485,640,Density,<Substance C1CCOCC1{solv}{x=0.516600}|CCCCCC(C)=O{solv}{x=0.483400}>,C1CCOCC1,CCCCCC(C)=O,smee-spice2-systematic-torsion-generation_constrained-linear,1,0.8339811495323789,0.0002302531911484,0.8396100000000002,0.00032
35291,641,dens_1427208283653313137,641,Density,<Substance C1CCOCC1{solv}{x=0.710100}|CCCCCC(C)=O{solv}{x=0.289900}>,C1CCOCC1,CCCCCC(C)=O,smee-spice2-systematic-torsion-generation_constrained-linear,1,0.8506106753424901,0.0002413691617783,0.8534200000000002,0.000285
35292,642,dhmix_1485904869507380555,642,EnthalpyOfMixing,<Substance C1CCOCC1{solv}{x=0.500000}|CCCCCC(C)=O{solv}{x=0.500000}>,C1CCOCC1,CCCCCC(C)=O,smee-spice2-systematic-torsion-generation_constrained-linear,1,0.2618135578504379,0.0472901941005512,0.05773,0.000615
35293,643,dhmix_1931504734279468677,643,EnthalpyOfMixing,<Substance C1CCOCC1{solv}{x=0.250000}|CCCCCC(C)=O{solv}{x=0.750000}>,C1CCOCC1,CCCCCC(C)=O,smee-spice2-systematic-torsion-generation_constrained-linear,1,0.1790991598454576,0.0476817658035008,0.03429,0.00053
35294,644,dhmix_2296263041755700053,644,EnthalpyOfMixing,<Substance C1CCOCC1{solv}{x=0.750000}|CCCCCC(C)=O{solv}{x=0.250000}>,C1CCOCC1,CCCCCC(C)=O,smee-spice2-systematic-torsion-generation_constrained-linear,1,0.1673248982088182,0.0409487281208087,0.05587,0.00061
35295,645,dhmix_357499987240135169,645,EnthalpyOfMixing,<Substance CCCCC{solv}{x=0.772700}|CCCCOC=O{solv}{x=0.227300}>,CCCCC,CCCCOC=O,smee-spice2-systematic-torsion-generation_constrained-linear,1,1.14000842952386,0.0418096552972861,0.87,0.004
35296,646,dens_435201289177646286,646,Density,<Substance CCCCC{solv}{x=0.504200}|CCCCOC=O{solv}{x=0.495800}>,CCCCC,CCCCOC=O,smee-spice2-systematic-torsion-generation_constrained-linear,1,0.7571895879149844,0.0001704836756942,0.7523000000000001,0.00024
35297,647,dens_635752291929824010,647,Density,<Substance CCCCC{solv}{x=0.699000}|CCCCOC=O{solv}{x=0.301000}>,CCCCC,CCCCOC=O,smee-spice2-systematic-torsion-generation_constrained-linear,1,0.6984422556395936,0.0001753681036303,0.6994600000000002,0.00018
35298,648,dhmix_869493303716364153,648,EnthalpyOfMixing,<Substance CCCCC{solv}{x=0.490500}|CCCCOC=O{solv}{x=0.509500}>,CCCCC,CCCCOC=O,smee-spice2-systematic-torsion-generation_constrained-linear,1,1.2865431535556482,0.0315005748347158,0.959,0.004
35299,649,dhmix_1188548276416925178,649,EnthalpyOfMixing,<Substance CCCCC{solv}{x=0.246000}|CCCCOC=O{solv}{x=0.754000}>,CCCCC,CCCCOC=O,smee-spice2-systematic-torsion-generation_constrained-linear,1,0.8843009527095731,0.0465975156802505,0.632,0.003
35300,650,dens_1944800378076074966,650,Density,<Substance CCCCC{solv}{x=0.247100}|CCCCOC=O{solv}{x=0.752900}>,CCCCC,CCCCOC=O,smee-spice2-systematic-torsion-generation_constrained-linear,1,0.8346177001783988,0.0002259457162044,0.8221800000000001,0.000375
35301,651,dhmix_357740737126275220,651,EnthalpyOfMixing,<Substance CC(=O)N(C)C{solv}{x=0.212000}|CCCCCl{solv}{x=0.788000}>,CC(=O)N(C)C,CCCCCl,smee-spice2-systematic-torsion-generation_constrained-linear,1,0.337502494571126,0.0403568775515989,0.244,0.0025
35302,652,dens_563556088097831353,652,Density,<Substance CC(=O)N(C)C{solv}{x=0.499000}|CCCCCl{solv}{x=0.501000}>,CC(=O)N(C)C,CCCCCl,smee-spice2-systematic-torsion-generation_constrained-linear,1,0.8889754792425874,0.0002326474418952,0.9081000000000002,0.0002
35303,653,dens_1083232356130752567,653,Density,<Substance CC(=O)N(C)C{solv}{x=0.799700}|CCCCCl{solv}{x=0.200300}>,CC(=O)N(C)C,CCCCCl,smee-spice2-systematic-torsion-generation_constrained-linear,1,0.8990817970161221,0.0002408293283366,0.9247000000000004,0.0002
35304,654,dhmix_1487887746912587509,654,EnthalpyOfMixing,<Substance CC(=O)N(C)C{solv}{x=0.708000}|CCCCCl{solv}{x=0.292000}>,CC(=O)N(C)C,CCCCCl,smee-spice2-systematic-torsion-generation_constrained-linear,1,0.4276474239425667,0.0338456926329191,0.305,0.0025
35305,655,dens_1662749398344255132,655,Density,<Substance CC(=O)N(C)C{solv}{x=0.210500}|CCCCCl{solv}{x=0.789500}>,CC(=O)N(C)C,CCCCCl,smee-spice2-systematic-torsion-generation_constrained-linear,1,0.8762160350865364,0.0003031541871222,0.8918000000000001,0.0002
35306,656,dhmix_2085343422065298965,656,EnthalpyOfMixing,<Substance CC(=O)N(C)C{solv}{x=0.511000}|CCCCCl{solv}{x=0.489000}>,CC(=O)N(C)C,CCCCCl,smee-spice2-systematic-torsion-generation_constrained-linear,1,0.55776080174493,0.0395120438929253,0.363,0.0025
35307,657,dhmix_359626193748497849,657,EnthalpyOfMixing,<Substance C1CCOCC1{solv}{x=0.750000}|O=C1CCCCC1{solv}{x=0.250000}>,C1CCOCC1,O=C1CCCCC1,smee-spice2-systematic-torsion-generation_constrained-linear,1,0.0516928530233968,0.042592588096068,0.07698,0.00069
35308,658,dhmix_709905971434026360,658,EnthalpyOfMixing,<Substance C1CCOCC1{solv}{x=0.250000}|O=C1CCCCC1{solv}{x=0.750000}>,C1CCOCC1,O=C1CCCCC1,smee-spice2-systematic-torsion-generation_constrained-linear,1,0.0332560133176649,0.0407930985102952,0.05827,0.00062
35309,659,dens_996263306280392228,659,Density,<Substance C1CCOCC1{solv}{x=0.500900}|O=C1CCCCC1{solv}{x=0.499100}>,C1CCOCC1,O=C1CCCCC1,smee-spice2-systematic-torsion-generation_constrained-linear,1,0.9055005318524484,0.0002017554205577,0.9160300000000002,0.000505
35310,660,dens_1296485655493191092,660,Density,<Substance C1CCOCC1{solv}{x=0.247100}|O=C1CCCCC1{solv}{x=0.752900}>,C1CCOCC1,O=C1CCCCC1,smee-spice2-systematic-torsion-generation_constrained-linear,1,0.9163725539687272,0.0002421855494334,0.9305900000000004,0.000505
35311,661,dhmix_1617652800437548554,661,EnthalpyOfMixing,<Substance C1CCOCC1{solv}{x=0.500000}|O=C1CCCCC1{solv}{x=0.500000}>,C1CCOCC1,O=C1CCCCC1,smee-spice2-systematic-torsion-generation_constrained-linear,1,-0.0403602664976077,0.0411762198691726,0.08658,0.000725
35312,662,dens_2134919398794801459,662,Density,<Substance C1CCOCC1{solv}{x=0.738900}|O=C1CCCCC1{solv}{x=0.261100}>,C1CCOCC1,O=C1CCCCC1,smee-spice2-systematic-torsion-generation_constrained-linear,1,0.8942477839525745,0.0002180025090875,0.9000800000000002,0.000505
35313,663,dens_371429494256072686,663,Density,<Substance COC=O{solv}{x=0.513800}|ClCCCCl{solv}{x=0.486200}>,COC=O,ClCCCCl,smee-spice2-systematic-torsion-generation_constrained-linear,1,1.0977377657333227,0.0002531030006335,1.08831,0.00025
35314,664,dens_416463243686186519,664,Density,<Substance COC=O{solv}{x=0.738400}|ClCCCCl{solv}{x=0.261600}>,COC=O,ClCCCCl,smee-spice2-systematic-torsion-generation_constrained-linear,1,1.0576704745564058,0.0003527185166966,1.03754,0.0002
35315,665,dhmix_573570621261992547,665,EnthalpyOfMixing,<Substance COC=O{solv}{x=0.767400}|ClCCCCl{solv}{x=0.232600}>,COC=O,ClCCCCl,smee-spice2-systematic-torsion-generation_constrained-linear,1,0.5935327262662558,0.0311359562436753,0.2841,0.0015
35316,666,dens_1665007650151393058,666,Density,<Substance COC=O{solv}{x=0.244000}|ClCCCCl{solv}{x=0.756000}>,COC=O,ClCCCCl,smee-spice2-systematic-torsion-generation_constrained-linear,1,1.137464506730622,0.0003579684942,1.1395000000000002,0.0003
35317,667,dhmix_2050640017895200777,667,EnthalpyOfMixing,<Substance COC=O{solv}{x=0.502400}|ClCCCCl{solv}{x=0.497600}>,COC=O,ClCCCCl,smee-spice2-systematic-torsion-generation_constrained-linear,1,0.7890132181644987,0.0357050874651739,0.3503,0.00175
35318,668,dhmix_2121310957223924646,668,EnthalpyOfMixing,<Substance COC=O{solv}{x=0.202400}|ClCCCCl{solv}{x=0.797600}>,COC=O,ClCCCCl,smee-spice2-systematic-torsion-generation_constrained-linear,1,0.4771273783745968,0.0362103448946124,0.2064,0.0012
35319,669,dens_380799246642881225,669,Density,<Substance Cc1ccncc1{solv}{x=0.500000}|O{solv}{x=0.500000}>,Cc1ccncc1,O,smee-spice2-systematic-torsion-generation_constrained-linear,1,0.962354482535919,0.0002919538104927,0.9704000000000004,0.0005
35320,670,dens_1024460369591354985,670,Density,<Substance Cc1ccncc1{solv}{x=0.225000}|O{solv}{x=0.775000}>,Cc1ccncc1,O,smee-spice2-systematic-torsion-generation_constrained-linear,1,0.9663854093792278,0.0004545741973625,0.9848000000000002,0.0004
35321,671,dens_1867704914487230306,671,Density,<Substance Cc1ccncc1{solv}{x=0.750000}|O{solv}{x=0.250000}>,Cc1ccncc1,O,smee-spice2-systematic-torsion-generation_constrained-linear,1,0.960213466798836,0.0002723242182671,0.9614000000000004,0.0004
35322,672,dhmix_396839331496923568,672,EnthalpyOfMixing,<Substance CCCOC(=O)CC{solv}{x=0.237600}|ClCCCl{solv}{x=0.762400}>,CCCOC(=O)CC,ClCCCl,smee-spice2-systematic-torsion-generation_constrained-linear,1,-0.3646415907172127,0.0394481185001623,-0.317,0.0035
35323,673,dens_1025242301432619836,673,Density,<Substance CCCOC(=O)CC{solv}{x=0.518800}|ClCCCl{solv}{x=0.481200}>,CCCOC(=O)CC,ClCCCl,smee-spice2-systematic-torsion-generation_constrained-linear,1,1.0084416853832547,0.0002892626669587,1.0064000000000002,0.000905
35324,674,dens_1654149510571748883,674,Density,<Substance CCCOC(=O)CC{solv}{x=0.731600}|ClCCCl{solv}{x=0.268400}>,CCCOC(=O)CC,ClCCCl,smee-spice2-systematic-torsion-generation_constrained-linear,1,0.9455323051042585,0.0002485081230907,0.9416300000000002,0.00041
35325,675,dens_1804016971158746429,675,Density,<Substance CCCOC(=O)CC{solv}{x=0.243700}|ClCCCl{solv}{x=0.756300}>,CCCOC(=O)CC,ClCCCl,smee-spice2-systematic-torsion-generation_constrained-linear,1,1.1111993414675925,0.0003779642080184,1.11431,0.002155
35326,676,dhmix_1840109043188951916,676,EnthalpyOfMixing,<Substance CCCOC(=O)CC{solv}{x=0.517700}|ClCCCl{solv}{x=0.482300}>,CCCOC(=O)CC,ClCCCl,smee-spice2-systematic-torsion-generation_constrained-linear,1,-0.516061356283501,0.0410554718805283,-0.557,0.006
35327,677,dhmix_1924188358781329171,677,EnthalpyOfMixing,<Substance CCCOC(=O)CC{solv}{x=0.787400}|ClCCCl{solv}{x=0.212600}>,CCCOC(=O)CC,ClCCCl,smee-spice2-systematic-torsion-generation_constrained-linear,1,-0.3652953181077185,0.0476732463339355,-0.357,0.004
35328,678,dhmix_408170436877433675,678,EnthalpyOfMixing,<Substance CCCCC{solv}{x=0.229800}|CCOC=O{solv}{x=0.770200}>,CCCCC,CCOC=O,smee-spice2-systematic-torsion-generation_constrained-linear,1,1.156370076102263,0.0336479255417,1.016,0.0045
35329,679,dens_1159257310358090227,679,Density,<Substance CCCCC{solv}{x=0.748000}|CCOC=O{solv}{x=0.252000}>,CCCCC,CCOC=O,smee-spice2-systematic-torsion-generation_constrained-linear,1,0.6690662617520365,0.0002654156298994,0.6707000000000002,0.000165
35330,680,dhmix_1897634982824334825,680,EnthalpyOfMixing,<Substance CCCCC{solv}{x=0.500100}|CCOC=O{solv}{x=0.499900}>,CCCCC,CCOC=O,smee-spice2-systematic-torsion-generation_constrained-linear,1,1.7170079342712157,0.0399289192743133,1.354,0.0055
35331,681,dens_1931965346092446599,681,Density,<Substance CCCCC{solv}{x=0.504000}|CCOC=O{solv}{x=0.496000}>,CCCCC,CCOC=O,smee-spice2-systematic-torsion-generation_constrained-linear,1,0.7428497074121381,0.00026709729266,0.7333000000000002,0.00024
35332,682,dens_2086304425324215507,682,Density,<Substance CCCCC{solv}{x=0.298000}|CCOC=O{solv}{x=0.702000}>,CCCCC,CCOC=O,smee-spice2-systematic-torsion-generation_constrained-linear,1,0.8165852053259273,0.0002625254859499,0.7971000000000003,0.000345
35333,683,dhmix_2117998354372981576,683,EnthalpyOfMixing,<Substance CCCCC{solv}{x=0.777900}|CCOC=O{solv}{x=0.222100}>,CCCCC,CCOC=O,smee-spice2-systematic-torsion-generation_constrained-linear,1,1.3404258830603624,0.0465519989904635,1.051,0.0045
35334,684,dens_415189671276159712,684,Density,<Substance NCCO{solv}{x=0.785350}|c1ccncc1{solv}{x=0.214650}>,NCCO,c1ccncc1,smee-spice2-systematic-torsion-generation_constrained-linear,1,1.0586533991224785,0.0001756196825277,1.002592,0.000101
35335,685,dhmix_607563797490786343,685,EnthalpyOfMixing,<Substance NCCO{solv}{x=0.559360}|c1ccncc1{solv}{x=0.440640}>,NCCO,c1ccncc1,smee-spice2-systematic-torsion-generation_constrained-linear,1,0.8013078873952537,0.0382706614028561,0.824,0.0035
35336,686,dhmix_783614050589043390,686,EnthalpyOfMixing,<Substance NCCO{solv}{x=0.248120}|c1ccncc1{solv}{x=0.751880}>,NCCO,c1ccncc1,smee-spice2-systematic-torsion-generation_constrained-linear,1,0.8709382385048912,0.0338702747253087,0.779,0.0035
35337,687,dens_907288549206652702,687,Density,<Substance NCCO{solv}{x=0.558640}|c1ccncc1{solv}{x=0.441360}>,NCCO,c1ccncc1,smee-spice2-systematic-torsion-generation_constrained-linear,1,1.0365488458486876,0.0002507023374569,0.9936870000000002,0.0001015
35338,688,dhmix_1092036220949585875,688,EnthalpyOfMixing,<Substance NCCO{solv}{x=0.746780}|c1ccncc1{solv}{x=0.253220}>,NCCO,c1ccncc1,smee-spice2-systematic-torsion-generation_constrained-linear,1,0.5642800994693005,0.0320944464505115,0.612,0.003
35339,689,dens_2278246591298089898,689,Density,<Substance NCCO{solv}{x=0.210010}|c1ccncc1{solv}{x=0.789990}>,NCCO,c1ccncc1,smee-spice2-systematic-torsion-generation_constrained-linear,1,1.0062295180146907,0.0002473245440791,0.9825660000000004,0.0001015
35340,690,dens_419188249264987147,690,Density,<Substance CCCCC(=O)OCC{solv}{x=0.492100}|CCOC(C)=O{solv}{x=0.507900}>,CCCCC(=O)OCC,CCOC(C)=O,smee-spice2-systematic-torsion-generation_constrained-linear,1,0.8884135615305467,0.0001948292590922,0.8787300000000002,0.00012
35341,691,dens_667714041205021070,691,Density,<Substance CCCCC(=O)OCC{solv}{x=0.304700}|CCOC(C)=O{solv}{x=0.695300}>,CCCCC(=O)OCC,CCOC(C)=O,smee-spice2-systematic-torsion-generation_constrained-linear,1,0.8944601381421879,0.000234944271403,0.8836400000000002,0.00012
35342,692,dhmix_1137774316856842141,692,EnthalpyOfMixing,<Substance CCCCC(=O)OCC{solv}{x=0.737600}|CCOC(C)=O{solv}{x=0.262400}>,CCCCC(=O)OCC,CCOC(C)=O,smee-spice2-systematic-torsion-generation_constrained-linear,1,0.1032796546999037,0.0521545090387173,0.114,0.0015
35343,693,dhmix_1322441082145072072,693,EnthalpyOfMixing,<Substance CCCCC(=O)OCC{solv}{x=0.279900}|CCOC(C)=O{solv}{x=0.720100}>,CCCCC(=O)OCC,CCOC(C)=O,smee-spice2-systematic-torsion-generation_constrained-linear,1,0.0958784505762793,0.0424573037627242,0.139,0.0015
35344,694,dens_1682638395920841051,694,Density,<Substance CCCCC(=O)OCC{solv}{x=0.752600}|CCOC(C)=O{solv}{x=0.247400}>,CCCCC(=O)OCC,CCOC(C)=O,smee-spice2-systematic-torsion-generation_constrained-linear,1,0.8817838948878922,0.0001816936332767,0.8732900000000001,0.00012
35345,695,dhmix_2161842751879945948,695,EnthalpyOfMixing,<Substance CCCCC(=O)OCC{solv}{x=0.519800}|CCOC(C)=O{solv}{x=0.480200}>,CCCCC(=O)OCC,CCOC(C)=O,smee-spice2-systematic-torsion-generation_constrained-linear,1,0.0128541646465265,0.0437718146196729,0.154,0.002
35346,696,dhmix_419593950323214290,696,EnthalpyOfMixing,<Substance CCCCCC(C)=O{solv}{x=0.780400}|CCN(CC)CC{solv}{x=0.219600}>,CCCCCC(C)=O,CCN(CC)CC,smee-spice2-systematic-torsion-generation_constrained-linear,1,0.0724918172333741,0.0482416714987906,0.216,0.0025
35347,697,dens_651921010645567431,697,Density,<Substance CCCCCC(C)=O{solv}{x=0.259800}|CCN(CC)CC{solv}{x=0.740200}>,CCCCCC(C)=O,CCN(CC)CC,smee-spice2-systematic-torsion-generation_constrained-linear,1,0.7575659711970055,0.0002218308044855,0.7465820000000002,8.950000000000002e-05
35348,698,dens_995831511901627711,698,Density,<Substance CCCCCC(C)=O{solv}{x=0.748400}|CCN(CC)CC{solv}{x=0.251600}>,CCCCCC(C)=O,CCN(CC)CC,smee-spice2-systematic-torsion-generation_constrained-linear,1,0.7875615481421672,0.0001957404188749,0.7899410000000002,0.0001055
35349,699,dhmix_1001984601109558110,699,EnthalpyOfMixing,<Substance CCCCCC(C)=O{solv}{x=0.492000}|CCN(CC)CC{solv}{x=0.508000}>,CCCCCC(C)=O,CCN(CC)CC,smee-spice2-systematic-torsion-generation_constrained-linear,1,0.0942148239984206,0.0493013260835327,0.419,0.0045
35350,700,dens_1887829851815986883,700,Density,<Substance CCCCCC(C)=O{solv}{x=0.503200}|CCN(CC)CC{solv}{x=0.496800}>,CCCCCC(C)=O,CCN(CC)CC,smee-spice2-systematic-torsion-generation_constrained-linear,1,0.772871293177207,0.0001942951293186,0.7684760000000002,9.800000000000002e-05
35351,701,dhmix_2085744568401562111,701,EnthalpyOfMixing,<Substance CCCCCC(C)=O{solv}{x=0.293900}|CCN(CC)CC{solv}{x=0.706100}>,CCCCCC(C)=O,CCN(CC)CC,smee-spice2-systematic-torsion-generation_constrained-linear,1,0.2030993308862605,0.0443273703290522,0.412,0.0045
35352,702,dens_436049638479549968,702,Density,<Substance COC=O{solv}{x=0.472500}|ClCCCl{solv}{x=0.527500}>,COC=O,ClCCCl,smee-spice2-systematic-torsion-generation_constrained-linear,1,1.1360252077789952,0.0004510835815044,1.1269600000000004,0.000285
35353,703,dens_627145458965592302,703,Density,<Substance COC=O{solv}{x=0.753000}|ClCCCl{solv}{x=0.247000}>,COC=O,ClCCCl,smee-spice2-systematic-torsion-generation_constrained-linear,1,1.066861740968401,0.0003242908427823,1.0461600000000004,0.000205
35354,704,dhmix_731680623269260416,704,EnthalpyOfMixing,<Substance COC=O{solv}{x=0.250800}|ClCCCl{solv}{x=0.749200}>,COC=O,ClCCCl,smee-spice2-systematic-torsion-generation_constrained-linear,1,0.3717112018807356,0.0309870463085869,0.0793,0.0007
35355,705,dens_1488543630772933598,705,Density,<Substance COC=O{solv}{x=0.279500}|ClCCCl{solv}{x=0.720500}>,COC=O,ClCCCl,smee-spice2-systematic-torsion-generation_constrained-linear,1,1.176499216995777,0.0004134810747327,1.1777100000000005,0.00034
35356,706,dhmix_2170321998768851974,706,EnthalpyOfMixing,<Substance COC=O{solv}{x=0.732200}|ClCCCl{solv}{x=0.267800}>,COC=O,ClCCCl,smee-spice2-systematic-torsion-generation_constrained-linear,1,0.3896748239880931,0.0296348033294873,0.0733,0.00065
35357,707,dhmix_2249001225536869896,707,EnthalpyOfMixing,<Substance COC=O{solv}{x=0.487400}|ClCCCl{solv}{x=0.512600}>,COC=O,ClCCCl,smee-spice2-systematic-torsion-generation_constrained-linear,1,0.482120575903938,0.0310948077238262,0.1028,0.0008
35358,708,dhmix_442816374747487477,708,EnthalpyOfMixing,<Substance NCCCNCCCN{solv}{x=0.801500}|O{solv}{x=0.198500}>,NCCCNCCCN,O,smee-spice2-systematic-torsion-generation_constrained-linear,1,-1.7685764715556471,0.0597498895321344,-2.233,0.024
35359,709,dhmix_1795382205757805615,709,EnthalpyOfMixing,<Substance NCCCNCCCN{solv}{x=0.300500}|O{solv}{x=0.699500}>,NCCCNCCCN,O,smee-spice2-systematic-torsion-generation_constrained-linear,1,-4.968937148272762,0.0451390555719222,-6.588,0.07
35360,710,dhmix_1814950732748396893,710,EnthalpyOfMixing,<Substance NCCCNCCCN{solv}{x=0.499800}|O{solv}{x=0.500200}>,NCCCNCCCN,O,smee-spice2-systematic-torsion-generation_constrained-linear,1,-4.574630814547092,0.0453469188624275,-5.544,0.059
35361,711,dhmix_446869196417408130,711,EnthalpyOfMixing,<Substance NCCNCCO{solv}{x=0.770000}|O{solv}{x=0.230000}>,NCCNCCO,O,smee-spice2-systematic-torsion-generation_constrained-linear,1,-1.5465734759949328,0.044711522823567,-1.711,0.035
35362,712,dhmix_673839467313503071,712,EnthalpyOfMixing,<Substance NCCNCCO{solv}{x=0.069900}|O{solv}{x=0.930100}>,NCCNCCO,O,smee-spice2-systematic-torsion-generation_constrained-linear,1,-0.5072164107530241,0.0251681401923597,-1.713,0.035
35363,713,dens_688094438561771555,713,Density,<Substance NCCNCCO{solv}{x=0.799700}|O{solv}{x=0.200300}>,NCCNCCO,O,smee-spice2-systematic-torsion-generation_constrained-linear,1,1.102924742164128,0.0002220415825432,1.0318300000000002,0.00024
35364,714,dhmix_1682883323293489147,714,EnthalpyOfMixing,<Substance NCCNCCO{solv}{x=0.400100}|O{solv}{x=0.599900}>,NCCNCCO,O,smee-spice2-systematic-torsion-generation_constrained-linear,1,-1.3162306425566896,0.039242087296787,-4.15,0.0845
35365,715,dens_2045176885611624977,715,Density,<Substance NCCNCCO{solv}{x=0.070000}|O{solv}{x=0.930000}>,NCCNCCO,O,smee-spice2-systematic-torsion-generation_constrained-linear,1,1.02725800125816,0.000473819365054,1.0222800000000003,0.000125
35366,716,dens_2280714043292214506,716,Density,<Substance NCCNCCO{solv}{x=0.399700}|O{solv}{x=0.600300}>,NCCNCCO,O,smee-spice2-systematic-torsion-generation_constrained-linear,1,1.0790675822120224,0.0003224116337636,1.0370100000000002,0.00017
35367,717,dens_448105363780466270,717,Density,<Substance CCCCCCCl{solv}{x=0.498300}|CN(C)C=O{solv}{x=0.501700}>,CCCCCCCl,CN(C)C=O,smee-spice2-systematic-torsion-generation_constrained-linear,1,0.8892396570213783,0.0002232816001401,0.8974000000000002,0.0003
35368,718,dens_1134260732394863277,718,Density,<Substance CCCCCCCl{solv}{x=0.729300}|CN(C)C=O{solv}{x=0.270700}>,CCCCCCCl,CN(C)C=O,smee-spice2-systematic-torsion-generation_constrained-linear,1,0.878614749898889,0.0002548705811571,0.8844000000000002,0.0003
35369,719,dhmix_1150917243327149472,719,EnthalpyOfMixing,<Substance CCCCCCCl{solv}{x=0.500000}|CN(C)C=O{solv}{x=0.500000}>,CCCCCCCl,CN(C)C=O,smee-spice2-systematic-torsion-generation_constrained-linear,1,1.1196864509376994,0.0409062601527574,0.847,0.004
35370,720,dhmix_1166656674614639609,720,EnthalpyOfMixing,<Substance CCCCCCCl{solv}{x=0.204000}|CN(C)C=O{solv}{x=0.796000}>,CCCCCCCl,CN(C)C=O,smee-spice2-systematic-torsion-generation_constrained-linear,1,0.7906653933129384,0.0336409878509926,0.583,0.004
35371,721,dhmix_1262474968830454367,721,EnthalpyOfMixing,<Substance CCCCCCCl{solv}{x=0.795000}|CN(C)C=O{solv}{x=0.205000}>,CCCCCCCl,CN(C)C=O,smee-spice2-systematic-torsion-generation_constrained-linear,1,0.822769993346327,0.0526577263708235,0.542,0.0035
35372,722,dens_1862934255267356180,722,Density,<Substance CCCCCCCl{solv}{x=0.200700}|CN(C)C=O{solv}{x=0.799300}>,CCCCCCCl,CN(C)C=O,smee-spice2-systematic-torsion-generation_constrained-linear,1,0.908055455272905,0.0002287097005819,0.9218000000000002,0.00025
35373,723,dhmix_457000181442392641,723,EnthalpyOfMixing,<Substance CCOCCO{solv}{x=0.241100}|c1ccccc1{solv}{x=0.758900}>,CCOCCO,c1ccccc1,smee-spice2-systematic-torsion-generation_constrained-linear,1,0.6299873398619411,0.0387567021783176,0.6303,0.00815
35374,724,dhmix_501726034520661035,724,EnthalpyOfMixing,<Substance CCOCCO{solv}{x=0.733600}|c1ccccc1{solv}{x=0.266400}>,CCOCCO,c1ccccc1,smee-spice2-systematic-torsion-generation_constrained-linear,1,0.2980551188932168,0.0422885795657635,0.2326,0.0033
35375,725,dens_577983044895299238,725,Density,<Substance CCOCCO{solv}{x=0.251800}|c1ccccc1{solv}{x=0.748200}>,CCOCCO,c1ccccc1,smee-spice2-systematic-torsion-generation_constrained-linear,1,0.8865364317136247,0.0002578416670418,0.8849000000000002,0.00081
35376,726,dens_1506946378386070831,726,Density,<Substance CCOCCO{solv}{x=0.750800}|c1ccccc1{solv}{x=0.249200}>,CCOCCO,c1ccccc1,smee-spice2-systematic-torsion-generation_constrained-linear,1,0.9195799219214008,0.0002402186423613,0.9134500000000004,0.000685
35377,727,dhmix_1801594081157333975,727,EnthalpyOfMixing,<Substance CCOCCO{solv}{x=0.478600}|c1ccccc1{solv}{x=0.521400}>,CCOCCO,c1ccccc1,smee-spice2-systematic-torsion-generation_constrained-linear,1,0.574475422164511,0.0455373814798415,0.4912,0.00645
35378,728,dens_2128846755225827916,728,Density,<Substance CCOCCO{solv}{x=0.504800}|c1ccccc1{solv}{x=0.495200}>,CCOCCO,c1ccccc1,smee-spice2-systematic-torsion-generation_constrained-linear,1,0.9032642702765404,0.0002642343114056,0.8995700000000003,0.000745
35379,729,dhmix_466383569529620932,729,EnthalpyOfMixing,<Substance CC(=O)N(C)C{solv}{x=0.505000}|CCCCCCCl{solv}{x=0.495000}>,CC(=O)N(C)C,CCCCCCCl,smee-spice2-systematic-torsion-generation_constrained-linear,1,0.791762697620535,0.0455119896436269,0.61,0.003
35380,730,dhmix_493694362228351572,730,EnthalpyOfMixing,<Substance CC(=O)N(C)C{solv}{x=0.798000}|CCCCCCCl{solv}{x=0.202000}>,CC(=O)N(C)C,CCCCCCCl,smee-spice2-systematic-torsion-generation_constrained-linear,1,0.4712409363766596,0.0457800645762773,0.425,0.003
35381,731,dhmix_626564461179097700,731,EnthalpyOfMixing,<Substance CC(=O)N(C)C{solv}{x=0.211000}|CCCCCCCl{solv}{x=0.789000}>,CC(=O)N(C)C,CCCCCCCl,smee-spice2-systematic-torsion-generation_constrained-linear,1,0.5398328372789365,0.0486548256845667,0.38,0.003
35382,732,dens_1720641323575133011,732,Density,<Substance CC(=O)N(C)C{solv}{x=0.200300}|CCCCCCCl{solv}{x=0.799700}>,CC(=O)N(C)C,CCCCCCCl,smee-spice2-systematic-torsion-generation_constrained-linear,1,0.8744005705914603,0.0002431890327948,0.8816000000000003,0.00025
35383,733,dens_1817345990638851984,733,Density,<Substance CC(=O)N(C)C{solv}{x=0.503000}|CCCCCCCl{solv}{x=0.497000}>,CC(=O)N(C)C,CCCCCCCl,smee-spice2-systematic-torsion-generation_constrained-linear,1,0.8838791449336457,0.0002347830046941,0.8975000000000002,0.00025
35384,734,dens_1885054129776339889,734,Density,<Substance CC(=O)N(C)C{solv}{x=0.699200}|CCCCCCCl{solv}{x=0.300800}>,CC(=O)N(C)C,CCCCCCCl,smee-spice2-systematic-torsion-generation_constrained-linear,1,0.8915200852356813,0.0002443871694697,0.9104000000000002,0.0002
35385,735,dens_468507243072548580,735,Density,<Substance CCC#N{solv}{x=0.701200}|CCOC(C)(C)CC{solv}{x=0.298800}>,CCC#N,CCOC(C)(C)CC,smee-spice2-systematic-torsion-generation_constrained-linear,1,0.7794878243277904,0.0002618861266742,0.7715000000000002,0.0004
35386,736,dhmix_553135124490085656,736,EnthalpyOfMixing,<Substance CCC#N{solv}{x=0.502500}|CCOC(C)(C)CC{solv}{x=0.497500}>,CCC#N,CCOC(C)(C)CC,smee-spice2-systematic-torsion-generation_constrained-linear,1,0.3214866447111006,0.0399178697021431,0.7023,0.00955
35387,737,dens_762108332272225600,737,Density,<Substance CCC#N{solv}{x=0.502500}|CCOC(C)(C)CC{solv}{x=0.497500}>,CCC#N,CCOC(C)(C)CC,smee-spice2-systematic-torsion-generation_constrained-linear,1,0.7768817511032263,0.0002082076446142,0.7683000000000001,0.00035
35388,738,dens_967634241844220739,738,Density,<Substance CCC#N{solv}{x=0.200900}|CCOC(C)(C)CC{solv}{x=0.799100}>,CCC#N,CCOC(C)(C)CC,smee-spice2-systematic-torsion-generation_constrained-linear,1,0.7727517466061748,0.0002117535836436,0.7638000000000001,0.00025
35389,739,dhmix_1961082112686431376,739,EnthalpyOfMixing,<Substance CCC#N{solv}{x=0.200900}|CCOC(C)(C)CC{solv}{x=0.799100}>,CCC#N,CCOC(C)(C)CC,smee-spice2-systematic-torsion-generation_constrained-linear,1,0.2717379314596257,0.0528682284902236,0.502,0.00685
35390,740,dhmix_2005765786246998093,740,EnthalpyOfMixing,<Substance CCC#N{solv}{x=0.701200}|CCOC(C)(C)CC{solv}{x=0.298800}>,CCC#N,CCOC(C)(C)CC,smee-spice2-systematic-torsion-generation_constrained-linear,1,0.3354489438484052,0.0378532272651771,0.5863,0.008
35391,741,dhmix_471514663464011364,741,EnthalpyOfMixing,<Substance C1CCOCC1{solv}{x=0.722000}|CCCCCO{solv}{x=0.278000}>,C1CCOCC1,CCCCCO,smee-spice2-systematic-torsion-generation_constrained-linear,1,1.055833175749683,0.0454054210661135,0.8628,0.00745
35392,742,dens_910343796235321484,742,Density,<Substance C1CCOCC1{solv}{x=0.298700}|CCCCCO{solv}{x=0.701300}>,C1CCOCC1,CCCCCO,smee-spice2-systematic-torsion-generation_constrained-linear,1,0.8295268795641976,0.0002280922489647,0.8293300000000002,0.00034
35393,743,dens_1812069868432416079,743,Density,<Substance C1CCOCC1{solv}{x=0.800000}|CCCCCO{solv}{x=0.200000}>,C1CCOCC1,CCCCCO,smee-spice2-systematic-torsion-generation_constrained-linear,1,0.8639521887890845,0.0002359932528279,0.8635900000000002,0.000315
35394,744,dhmix_1936206883965149188,744,EnthalpyOfMixing,<Substance C1CCOCC1{solv}{x=0.526000}|CCCCCO{solv}{x=0.474000}>,C1CCOCC1,CCCCCO,smee-spice2-systematic-torsion-generation_constrained-linear,1,1.0836908762533568,0.0445833095654447,0.97,0.00615
35395,745,dhmix_1992318015190346725,745,EnthalpyOfMixing,<Substance C1CCOCC1{solv}{x=0.217000}|CCCCCO{solv}{x=0.783000}>,C1CCOCC1,CCCCCO,smee-spice2-systematic-torsion-generation_constrained-linear,1,0.570954704531033,0.0423767584428224,0.6006,0.00455
35396,746,dens_2204330198012032768,746,Density,<Substance C1CCOCC1{solv}{x=0.499400}|CCCCCO{solv}{x=0.500600}>,C1CCOCC1,CCCCCO,smee-spice2-systematic-torsion-generation_constrained-linear,1,0.8423961607300199,0.00025848279996,0.8425400000000002,0.00033
35397,747,dhmix_472822428299818953,747,EnthalpyOfMixing,<Substance CC(C)CC(C)(C)C{solv}{x=0.700500}|CCCCO{solv}{x=0.299500}>,CC(C)CC(C)(C)C,CCCCO,smee-spice2-systematic-torsion-generation_constrained-linear,1,0.7881060621383256,0.0466079226213103,0.6228,0.0028
35398,748,dhmix_628387028768654403,748,EnthalpyOfMixing,<Substance CC(C)CC(C)(C)C{solv}{x=0.499900}|CCCCO{solv}{x=0.500100}>,CC(C)CC(C)(C)C,CCCCO,smee-spice2-systematic-torsion-generation_constrained-linear,1,0.7351316385653632,0.0393651633202184,0.5938,0.0027
35399,749,dens_631668933678639865,749,Density,<Substance CC(C)CC(C)(C)C{solv}{x=0.200000}|CCCCO{solv}{x=0.800000}>,CC(C)CC(C)(C)C,CCCCO,smee-spice2-systematic-torsion-generation_constrained-linear,1,0.7765000175287262,0.0002316902229537,0.7696800000000001,0.000295
35400,750,dens_1394470087977586253,750,Density,<Substance CC(C)CC(C)(C)C{solv}{x=0.500000}|CCCCO{solv}{x=0.500000}>,CC(C)CC(C)(C)C,CCCCO,smee-spice2-systematic-torsion-generation_constrained-linear,1,0.7440405024680338,0.0002167467864476,0.7294000000000002,0.000285
35401,751,dens_1809610870413503056,751,Density,<Substance CC(C)CC(C)(C)C{solv}{x=0.699900}|CCCCO{solv}{x=0.300100}>,CC(C)CC(C)(C)C,CCCCO,smee-spice2-systematic-torsion-generation_constrained-linear,1,0.728185987127878,0.0002171495648008,0.7097700000000001,0.000285
35402,752,dhmix_2302589146189152767,752,EnthalpyOfMixing,<Substance CC(C)CC(C)(C)C{solv}{x=0.200200}|CCCCO{solv}{x=0.799800}>,CC(C)CC(C)(C)C,CCCCO,smee-spice2-systematic-torsion-generation_constrained-linear,1,0.4457254555434247,0.0481910348872974,0.27646,0.003235
35403,753,dens_486902622078179007,753,Density,<Substance COC=O{solv}{x=0.494600}|CO{solv}{x=0.505400}>,CO,COC=O,smee-spice2-systematic-torsion-generation_constrained-linear,1,0.9064122932079623,0.0003764101390766,0.8956100000000002,7.500000000000002e-05
35404,754,dens_750646162221180186,754,Density,<Substance COC=O{solv}{x=0.083300}|CO{solv}{x=0.916700}>,CO,COC=O,smee-spice2-systematic-torsion-generation_constrained-linear,1,0.7976556557094189,0.000387623682809,0.8088000000000002,9.000000000000002e-05
35405,755,dhmix_1113631207235753369,755,EnthalpyOfMixing,<Substance COC=O{solv}{x=0.717800}|CO{solv}{x=0.282200}>,CO,COC=O,smee-spice2-systematic-torsion-generation_constrained-linear,1,0.6804535420452584,0.0324543381301707,1.105,0.012
35406,756,dhmix_2143911117683117531,756,EnthalpyOfMixing,<Substance COC=O{solv}{x=0.512700}|CO{solv}{x=0.487300}>,CO,COC=O,smee-spice2-systematic-torsion-generation_constrained-linear,1,0.8294093647730225,0.0268617745603583,1.179,0.0125
35407,757,dens_2148324189014877510,757,Density,<Substance COC=O{solv}{x=0.727100}|CO{solv}{x=0.272900}>,CO,COC=O,smee-spice2-systematic-torsion-generation_constrained-linear,1,0.9524375640964614,0.0003694641074403,0.9321000000000004,8.000000000000002e-05
35408,758,dhmix_2205254965267695203,758,EnthalpyOfMixing,<Substance COC=O{solv}{x=0.083300}|CO{solv}{x=0.916700}>,CO,COC=O,smee-spice2-systematic-torsion-generation_constrained-linear,1,0.2563451986884288,0.0284227967511049,0.311,0.0035
35409,759,dhmix_497300242003673148,759,EnthalpyOfMixing,<Substance BrCCBr{solv}{x=0.284100}|CCCCOC(=O)CCC{solv}{x=0.715900}>,BrCCBr,CCCCOC(=O)CCC,smee-spice2-systematic-torsion-generation_constrained-linear,1,-0.4771994753395603,0.0472823900359173,-0.054,0.001
35410,760,dhmix_712261179736749495,760,EnthalpyOfMixing,<Substance BrCCBr{solv}{x=0.515300}|CCCCOC(=O)CCC{solv}{x=0.484700}>,BrCCBr,CCCCOC(=O)CCC,smee-spice2-systematic-torsion-generation_constrained-linear,1,-0.6618083595522037,0.0426217646642434,-0.027,0.0005
35411,761,dens_846614854165535724,761,Density,<Substance BrCCBr{solv}{x=0.212900}|CCCCOC(=O)CCC{solv}{x=0.787100}>,BrCCBr,CCCCOC(=O)CCC,smee-spice2-systematic-torsion-generation_constrained-linear,1,1.0268057230040577,0.0002209280580739,1.0245500000000003,0.00013
35412,762,dens_1085110183353279404,762,Density,<Substance BrCCBr{solv}{x=0.730000}|CCCCOC(=O)CCC{solv}{x=0.270000}>,BrCCBr,CCCCOC(=O)CCC,smee-spice2-systematic-torsion-generation_constrained-linear,1,1.607363852395633,0.000540803860528,1.6231500000000003,0.000405
35413,763,dhmix_2153957437015117204,763,EnthalpyOfMixing,<Substance BrCCBr{solv}{x=0.763900}|CCCCOC(=O)CCC{solv}{x=0.236100}>,BrCCBr,CCCCOC(=O)CCC,smee-spice2-systematic-torsion-generation_constrained-linear,1,-0.5336724256878611,0.036356925777103,0.051,0.001
35414,764,dens_2242615301342819560,764,Density,<Substance BrCCBr{solv}{x=0.449300}|CCCCOC(=O)CCC{solv}{x=0.550700}>,BrCCBr,CCCCOC(=O)CCC,smee-spice2-systematic-torsion-generation_constrained-linear,1,1.2498556117053543,0.0002042540384631,1.2506100000000002,0.000225
35415,765,dens_501060706627477242,765,Density,<Substance OC1=NCCC1{solv}{x=0.500000}|O{solv}{x=0.500000}>,O,OC1=NCCC1,smee-spice2-systematic-torsion-generation_constrained-linear,1,1.0711053679549696,0.0003277254535596,1.0977070000000004,0.0005555
35416,766,dens_929065521104254808,766,Density,<Substance OC1=NCCC1{solv}{x=0.744800}|O{solv}{x=0.255200}>,O,OC1=NCCC1,smee-spice2-systematic-torsion-generation_constrained-linear,1,1.0859078395342296,0.0004993301903801,1.1044310000000004,0.000577
35417,767,dhmix_1128968771311392860,767,EnthalpyOfMixing,<Substance OC1=NCCC1{solv}{x=0.769300}|O{solv}{x=0.230700}>,O,OC1=NCCC1,smee-spice2-systematic-torsion-generation_constrained-linear,1,-2.5495165478246804,0.0778714685104337,-0.678,0.1695
35418,768,dens_1192491633684345401,768,Density,<Substance OC1=NCCC1{solv}{x=0.246800}|O{solv}{x=0.753200}>,O,OC1=NCCC1,smee-spice2-systematic-torsion-generation_constrained-linear,1,1.048097021433521,0.000533872462675,1.077068,0.0004905
35419,769,dhmix_1775375132531538271,769,EnthalpyOfMixing,<Substance OC1=NCCC1{solv}{x=0.478300}|O{solv}{x=0.521700}>,O,OC1=NCCC1,smee-spice2-systematic-torsion-generation_constrained-linear,1,-0.9321130717951718,0.06553563818323,-0.8384,0.20965
35420,770,dhmix_1895825007089845103,770,EnthalpyOfMixing,<Substance OC1=NCCC1{solv}{x=0.231900}|O{solv}{x=0.768100}>,O,OC1=NCCC1,smee-spice2-systematic-torsion-generation_constrained-linear,1,-0.9814166007082576,0.0405700231525968,-0.5238,0.13095
35421,771,dens_502738970558558534,771,Density,<Substance BrCCBr{solv}{x=0.749000}|COC=O{solv}{x=0.251000}>,BrCCBr,COC=O,smee-spice2-systematic-torsion-generation_constrained-linear,1,1.898488489633348,0.0006600469105132,1.9319600000000008,0.003535
35422,772,dhmix_523129341332875255,772,EnthalpyOfMixing,<Substance BrCCBr{solv}{x=0.059500}|COC=O{solv}{x=0.940500}>,BrCCBr,COC=O,smee-spice2-systematic-torsion-generation_constrained-linear,1,0.2567139721726406,0.033938255200203,0.1715,0.00215
35423,773,dens_528986974844153101,773,Density,<Substance BrCCBr{solv}{x=0.059800}|COC=O{solv}{x=0.940200}>,BrCCBr,COC=O,smee-spice2-systematic-torsion-generation_constrained-linear,1,1.0927891517134565,0.0003791638851532,1.06428,0.00056
35424,774,dhmix_1521152703631810888,774,EnthalpyOfMixing,<Substance BrCCBr{solv}{x=0.757400}|COC=O{solv}{x=0.242600}>,BrCCBr,COC=O,smee-spice2-systematic-torsion-generation_constrained-linear,1,0.7197892825700123,0.0304329311573399,0.653,0.00585
35425,775,dhmix_1685647138770344206,775,EnthalpyOfMixing,<Substance BrCCBr{solv}{x=0.528100}|COC=O{solv}{x=0.471900}>,BrCCBr,COC=O,smee-spice2-systematic-torsion-generation_constrained-linear,1,0.8434916069825462,0.0327170651477328,0.8123,0.00705
35426,776,dens_1945150067923572864,776,Density,<Substance BrCCBr{solv}{x=0.501500}|COC=O{solv}{x=0.498500}>,BrCCBr,COC=O,smee-spice2-systematic-torsion-generation_constrained-linear,1,1.6595057759502334,0.0005987044231303,1.6620300000000003,0.00232
35427,777,dens_511283508189056955,777,Density,<Substance CCO{solv}{x=0.291400}|CN(C)CCO{solv}{x=0.708600}>,CCO,CN(C)CCO,smee-spice2-systematic-torsion-generation_constrained-linear,1,0.8930428364005653,0.0002530898151647,0.8710100000000002,0.000165
35428,778,dhmix_1055456388735168345,778,EnthalpyOfMixing,<Substance CCO{solv}{x=0.508400}|CN(C)CCO{solv}{x=0.491600}>,CCO,CN(C)CCO,smee-spice2-systematic-torsion-generation_constrained-linear,1,-0.5337224102360096,0.0349469631993529,-0.4044,0.0044
35429,779,dens_1119930253414624267,779,Density,<Substance CCO{solv}{x=0.699500}|CN(C)CCO{solv}{x=0.300500}>,CCO,CN(C)CCO,smee-spice2-systematic-torsion-generation_constrained-linear,1,0.8470380182347779,0.0001893915287895,0.8345000000000002,0.000135
35430,780,dhmix_1132835222292135012,780,EnthalpyOfMixing,<Substance CCO{solv}{x=0.268600}|CN(C)CCO{solv}{x=0.731400}>,CCO,CN(C)CCO,smee-spice2-systematic-torsion-generation_constrained-linear,1,-0.4188214128690219,0.0411547773880257,-0.2783,0.0031
35431,781,dens_1964926738263319597,781,Density,<Substance CCO{solv}{x=0.494900}|CN(C)CCO{solv}{x=0.505100}>,CCO,CN(C)CCO,smee-spice2-systematic-torsion-generation_constrained-linear,1,0.8736584543756081,0.0002253439826224,0.8566200000000002,0.00015
35432,782,dhmix_2011138895468245368,782,EnthalpyOfMixing,<Substance CCO{solv}{x=0.733500}|CN(C)CCO{solv}{x=0.266500}>,CCO,CN(C)CCO,smee-spice2-systematic-torsion-generation_constrained-linear,1,-0.4899672528456449,0.0372462506682371,-0.3657,0.004
35433,783,dhmix_517287783481256565,783,EnthalpyOfMixing,<Substance CN(C)C=O{solv}{x=0.701000}|ClCCCCCl{solv}{x=0.299000}>,CN(C)C=O,ClCCCCCl,smee-spice2-systematic-torsion-generation_constrained-linear,1,0.4018621311938517,0.035224497699571,-0.052,0.002
35434,784,dens_765057686797526715,784,Density,<Substance CN(C)C=O{solv}{x=0.794300}|ClCCCCCl{solv}{x=0.205700}>,CN(C)C=O,ClCCCCCl,smee-spice2-systematic-torsion-generation_constrained-linear,1,0.9800024776559328,0.0002408539242105,0.9934000000000002,0.00245
35435,785,dens_1092490027864410415,785,Density,<Substance CN(C)C=O{solv}{x=0.502200}|ClCCCCCl{solv}{x=0.497800}>,CN(C)C=O,ClCCCCCl,smee-spice2-systematic-torsion-generation_constrained-linear,1,1.0440519426143706,0.0002808665685063,1.0524000000000004,0.0022
35436,786,dens_1571926938169630329,786,Density,<Substance CN(C)C=O{solv}{x=0.299400}|ClCCCCCl{solv}{x=0.700600}>,CN(C)C=O,ClCCCCCl,smee-spice2-systematic-torsion-generation_constrained-linear,1,1.081280907753101,0.0002199989664663,1.0879000000000003,0.0021
35437,787,dhmix_1989422051580285053,787,EnthalpyOfMixing,<Substance CN(C)C=O{solv}{x=0.501000}|ClCCCCCl{solv}{x=0.499000}>,CN(C)C=O,ClCCCCCl,smee-spice2-systematic-torsion-generation_constrained-linear,1,0.411541990508681,0.0341031890254012,-0.056,0.002
35438,788,dhmix_2190775305913174779,788,EnthalpyOfMixing,<Substance CN(C)C=O{solv}{x=0.204000}|ClCCCCCl{solv}{x=0.796000}>,CN(C)C=O,ClCCCCCl,smee-spice2-systematic-torsion-generation_constrained-linear,1,0.2623947491915999,0.0284591715528229,-0.039,0.002
35439,789,dens_518199256039095036,789,Density,<Substance CCCCO{solv}{x=0.496400}|NCCN{solv}{x=0.503600}>,CCCCO,NCCN,smee-spice2-systematic-torsion-generation_constrained-linear,1,0.8993794447639373,0.0002287360034717,0.8519430000000002,0.000219
35440,790,dens_866492593379488722,790,Density,<Substance CCCCO{solv}{x=0.739800}|NCCN{solv}{x=0.260200}>,CCCCO,NCCN,smee-spice2-systematic-torsion-generation_constrained-linear,1,0.8494762312629804,0.0001844247110221,0.8325090000000002,0.000221
35441,791,dens_2064365769538781360,791,Density,<Substance CCCCO{solv}{x=0.291900}|NCCN{solv}{x=0.708100}>,CCCCO,NCCN,smee-spice2-systematic-torsion-generation_constrained-linear,1,0.94956447424464,0.0002458258354127,0.8676960000000002,0.0002205
35442,792,dens_520201021244222151,792,Density,<Substance O=C1CCCO1{solv}{x=0.300000}|O{solv}{x=0.700000}>,O,O=C1CCCO1,smee-spice2-systematic-torsion-generation_constrained-linear,1,1.0609387900900369,0.0004087139128591,1.0886000000000002,0.0001
35443,793,dens_2198925124601089428,793,Density,<Substance O=C1CCCO1{solv}{x=0.500000}|O{solv}{x=0.500000}>,O,O=C1CCCO1,smee-spice2-systematic-torsion-generation_constrained-linear,1,1.082782369567553,0.0003642520699506,1.1059000000000003,0.0001
35444,794,dens_2272207838075726438,794,Density,<Substance O=C1CCCO1{solv}{x=0.800000}|O{solv}{x=0.200000}>,O,O=C1CCCO1,smee-spice2-systematic-torsion-generation_constrained-linear,1,1.1002288737624726,0.0002695009991018,1.1182000000000003,0.0001
35445,795,dhmix_524376395520217080,795,EnthalpyOfMixing,<Substance CC(C)CC(C)(C)C{solv}{x=0.440700}|CCCC(=O)OC{solv}{x=0.559300}>,CC(C)CC(C)(C)C,CCCC(=O)OC,smee-spice2-systematic-torsion-generation_constrained-linear,1,1.4514178145428038,0.0452848227872676,1.053,0.0115
35446,796,dens_581090592491592243,796,Density,<Substance CC(C)CC(C)(C)C{solv}{x=0.298100}|CCCC(=O)OC{solv}{x=0.701900}>,CC(C)CC(C)(C)C,CCCC(=O)OC,smee-spice2-systematic-torsion-generation_constrained-linear,1,0.8236558064942051,0.0002200302565444,0.8119000000000002,0.000505
35447,797,dens_1497434747823371430,797,Density,<Substance CC(C)CC(C)(C)C{solv}{x=0.724300}|CCCC(=O)OC{solv}{x=0.275700}>,CC(C)CC(C)(C)C,CCCC(=O)OC,smee-spice2-systematic-torsion-generation_constrained-linear,1,0.7475394817103871,0.0001344185442843,0.7279000000000001,0.000505
35448,798,dhmix_1614087501371550297,798,EnthalpyOfMixing,<Substance CC(C)CC(C)(C)C{solv}{x=0.762900}|CCCC(=O)OC{solv}{x=0.237100}>,CC(C)CC(C)(C)C,CCCC(=O)OC,smee-spice2-systematic-torsion-generation_constrained-linear,1,1.2578184303880136,0.0504641591903182,0.789,0.0085
35449,799,dens_1842979547629422953,799,Density,<Substance CC(C)CC(C)(C)C{solv}{x=0.441000}|CCCC(=O)OC{solv}{x=0.559000}>,CC(C)CC(C)(C)C,CCCC(=O)OC,smee-spice2-systematic-torsion-generation_constrained-linear,1,0.7955969747118403,0.0002138476052349,0.7803000000000001,0.000505
35450,800,dhmix_2246911102339588209,800,EnthalpyOfMixing,<Substance CC(C)CC(C)(C)C{solv}{x=0.298200}|CCCC(=O)OC{solv}{x=0.701800}>,CC(C)CC(C)(C)C,CCCC(=O)OC,smee-spice2-systematic-torsion-generation_constrained-linear,1,1.2152487994691832,0.0446391921645303,0.884,0.0095
35451,801,dhmix_536798507677319129,801,EnthalpyOfMixing,<Substance C1COCO1{solv}{x=0.267900}|Cc1ccccc1Cl{solv}{x=0.732100}>,C1COCO1,Cc1ccccc1Cl,smee-spice2-systematic-torsion-generation_constrained-linear,1,0.400054957871248,0.040830829969321,0.272,0.0015
35452,802,dens_559535483529614058,802,Density,<Substance C1COCO1{solv}{x=0.726600}|Cc1ccccc1Cl{solv}{x=0.273400}>,C1COCO1,Cc1ccccc1Cl,smee-spice2-systematic-torsion-generation_constrained-linear,1,1.105543694763064,0.0002786996811583,1.0652000000000004,0.0005
35453,803,dens_731520844601672570,803,Density,<Substance C1COCO1{solv}{x=0.268500}|Cc1ccccc1Cl{solv}{x=0.731500}>,C1COCO1,Cc1ccccc1Cl,smee-spice2-systematic-torsion-generation_constrained-linear,1,1.0824483218280088,0.0002887516024583,1.0630000000000002,0.0005
35454,804,dens_839907656840905053,804,Density,<Substance C1COCO1{solv}{x=0.516900}|Cc1ccccc1Cl{solv}{x=0.483100}>,C1COCO1,Cc1ccccc1Cl,smee-spice2-systematic-torsion-generation_constrained-linear,1,1.1001759439388588,0.0003049398532092,1.0694000000000004,0.0005
35455,805,dhmix_1308085019204784636,805,EnthalpyOfMixing,<Substance C1COCO1{solv}{x=0.500900}|Cc1ccccc1Cl{solv}{x=0.499100}>,C1COCO1,Cc1ccccc1Cl,smee-spice2-systematic-torsion-generation_constrained-linear,1,0.6438931027041264,0.0409575053458128,0.393,0.002
35456,806,dhmix_1924685013370154802,806,EnthalpyOfMixing,<Substance C1COCO1{solv}{x=0.760400}|Cc1ccccc1Cl{solv}{x=0.239600}>,C1COCO1,Cc1ccccc1Cl,smee-spice2-systematic-torsion-generation_constrained-linear,1,0.4800247840455824,0.037937449082708,0.313,0.0015
35457,807,dhmix_549919019055097043,807,EnthalpyOfMixing,<Substance C1CCCCC1{solv}{x=0.799100}|CC(C)O{solv}{x=0.200900}>,C1CCCCC1,CC(C)O,smee-spice2-systematic-torsion-generation_constrained-linear,1,0.8031959710264829,0.0396743086745311,0.702,0.017
35458,808,dhmix_1101575580592240663,808,EnthalpyOfMixing,<Substance C1CCCCC1{solv}{x=0.199500}|CC(C)O{solv}{x=0.800500}>,C1CCCCC1,CC(C)O,smee-spice2-systematic-torsion-generation_constrained-linear,1,0.415330067399644,0.0404768801275893,0.438,0.011
35459,809,dhmix_1262965345724899699,809,EnthalpyOfMixing,<Substance C1CCCCC1{solv}{x=0.498400}|CC(C)O{solv}{x=0.501600}>,C1CCCCC1,CC(C)O,smee-spice2-systematic-torsion-generation_constrained-linear,1,0.8210275203235398,0.0414715927902766,0.801,0.0195
35460,810,dens_1431184569437551541,810,Density,<Substance C1CCCCC1{solv}{x=0.705800}|CC(C)O{solv}{x=0.294200}>,C1CCCCC1,CC(C)O,smee-spice2-systematic-torsion-generation_constrained-linear,1,0.7701546681787843,0.0002311142747127,0.7711100000000002,0.000245
35461,811,dens_2097249982689376165,811,Density,<Substance C1CCCCC1{solv}{x=0.200000}|CC(C)O{solv}{x=0.800000}>,C1CCCCC1,CC(C)O,smee-spice2-systematic-torsion-generation_constrained-linear,1,0.7929689526912496,0.0002963748756581,0.7761000000000002,0.0003
35462,812,dens_2130071224188444793,812,Density,<Substance C1CCCCC1{solv}{x=0.503900}|CC(C)O{solv}{x=0.496100}>,C1CCCCC1,CC(C)O,smee-spice2-systematic-torsion-generation_constrained-linear,1,0.7775042011686599,0.0002803488882516,0.7719000000000001,0.0003
35463,813,dens_562489367284385084,813,Density,<Substance CCCCC(=O)OC{solv}{x=0.251100}|COC(C)=O{solv}{x=0.748900}>,CCCCC(=O)OC,COC(C)=O,smee-spice2-systematic-torsion-generation_constrained-linear,1,0.91876164949311,0.0002643254739569,0.9105300000000002,0.000505
35464,814,dhmix_814771684244180933,814,EnthalpyOfMixing,<Substance CCCCC(=O)OC{solv}{x=0.733900}|COC(C)=O{solv}{x=0.266100}>,CCCCC(=O)OC,COC(C)=O,smee-spice2-systematic-torsion-generation_constrained-linear,1,0.1170622078870948,0.045253966323956,0.178,0.002
35465,815,dhmix_915202362324204655,815,EnthalpyOfMixing,<Substance CCCCC(=O)OC{solv}{x=0.505500}|COC(C)=O{solv}{x=0.494500}>,CCCCC(=O)OC,COC(C)=O,smee-spice2-systematic-torsion-generation_constrained-linear,1,0.1567480375977936,0.0441941854373587,0.238,0.0025
35466,816,dhmix_935892165648195197,816,EnthalpyOfMixing,<Substance CCCCC(=O)OC{solv}{x=0.234700}|COC(C)=O{solv}{x=0.765300}>,CCCCC(=O)OC,COC(C)=O,smee-spice2-systematic-torsion-generation_constrained-linear,1,0.1454647481727278,0.0394583848497289,0.173,0.002
35467,817,dens_961692445804333991,817,Density,<Substance CCCCC(=O)OC{solv}{x=0.738300}|COC(C)=O{solv}{x=0.261700}>,CCCCC(=O)OC,COC(C)=O,smee-spice2-systematic-torsion-generation_constrained-linear,1,0.8970122465446457,0.0002390209894767,0.8914700000000002,0.000505
35468,818,dens_1493380961688632529,818,Density,<Substance CCCCC(=O)OC{solv}{x=0.493500}|COC(C)=O{solv}{x=0.506500}>,CCCCC(=O)OC,COC(C)=O,smee-spice2-systematic-torsion-generation_constrained-linear,1,0.9064864757695068,0.0002241506025343,0.8996200000000002,0.000505
35469,819,dhmix_563342363018905515,819,EnthalpyOfMixing,<Substance CCOC(=O)CC(C)=O{solv}{x=0.751400}|O{solv}{x=0.248600}>,CCOC(=O)CC(C)=O,O,smee-spice2-systematic-torsion-generation_constrained-linear,1,0.6291544449551338,0.0371383444993815,1.128,0.012
35470,820,dhmix_1385095028103136291,820,EnthalpyOfMixing,<Substance CCOC(=O)CC(C)=O{solv}{x=0.449100}|O{solv}{x=0.550900}>,CCOC(=O)CC(C)=O,O,smee-spice2-systematic-torsion-generation_constrained-linear,1,0.8168808098390627,0.0318195318473631,0.684,0.0075
35471,821,dhmix_1609967394780907654,821,EnthalpyOfMixing,<Substance CCOC(=O)CC(C)=O{solv}{x=0.299400}|O{solv}{x=0.700600}>,CCOC(=O)CC(C)=O,O,smee-spice2-systematic-torsion-generation_constrained-linear,1,0.5576199905721921,0.0226597174230315,0.428,0.005
35472,822,dhmix_566259260175961973,822,EnthalpyOfMixing,<Substance CCCCO{solv}{x=0.144700}|OC1=NCCC1{solv}{x=0.855300}>,CCCCO,OC1=NCCC1,smee-spice2-systematic-torsion-generation_constrained-linear,1,0.2020902063214578,0.1137951420961832,0.0949,0.0012
35473,823,dens_1146983614802652988,823,Density,<Substance CCCCO{solv}{x=0.500400}|OC1=NCCC1{solv}{x=0.499600}>,CCCCO,OC1=NCCC1,smee-spice2-systematic-torsion-generation_constrained-linear,1,0.9437502749926224,0.0002990836981548,0.94503,0.00015
35474,824,dhmix_1601732489230179724,824,EnthalpyOfMixing,<Substance CCCCO{solv}{x=0.497800}|OC1=NCCC1{solv}{x=0.502200}>,CCCCO,OC1=NCCC1,smee-spice2-systematic-torsion-generation_constrained-linear,1,-0.9280542211391848,0.0718578922368122,0.2326,0.0026
35475,825,dhmix_1661138478850718837,825,EnthalpyOfMixing,<Substance CCCCO{solv}{x=0.754800}|OC1=NCCC1{solv}{x=0.245200}>,CCCCO,OC1=NCCC1,smee-spice2-systematic-torsion-generation_constrained-linear,1,-0.0506077866052763,0.0712767132998264,0.2356,0.00265
35476,826,dens_1878955695276199878,826,Density,<Substance CCCCO{solv}{x=0.144600}|OC1=NCCC1{solv}{x=0.855400}>,CCCCO,OC1=NCCC1,smee-spice2-systematic-torsion-generation_constrained-linear,1,1.0453544052684831,0.0003125188631,1.0575900000000005,0.000205
35477,827,dens_2101998760005952263,827,Density,<Substance CCCCO{solv}{x=0.755500}|OC1=NCCC1{solv}{x=0.244500}>,CCCCO,OC1=NCCC1,smee-spice2-systematic-torsion-generation_constrained-linear,1,0.8721965355964055,0.0002237088869718,0.8711500000000002,0.000185
35478,828,dhmix_569012254773025696,828,EnthalpyOfMixing,<Substance CC(C)(C)O{solv}{x=0.505700}|OC1=NCCC1{solv}{x=0.494300}>,CC(C)(C)O,OC1=NCCC1,smee-spice2-systematic-torsion-generation_constrained-linear,1,-1.150743659266979,0.0651932968537151,0.4323,0.0047
35479,829,dens_992979807705536615,829,Density,<Substance CC(C)(C)O{solv}{x=0.751100}|OC1=NCCC1{solv}{x=0.248900}>,CC(C)(C)O,OC1=NCCC1,smee-spice2-systematic-torsion-generation_constrained-linear,1,0.8856698260463552,0.0004790500766001,0.8505700000000003,0.000215
35480,830,dens_1020722913861580636,830,Density,<Substance CC(C)(C)O{solv}{x=0.499700}|OC1=NCCC1{solv}{x=0.500300}>,CC(C)(C)O,OC1=NCCC1,smee-spice2-systematic-torsion-generation_constrained-linear,1,0.9517713447070588,0.0003490502649615,0.9282800000000002,0.00018
35481,831,dhmix_1408261346335628114,831,EnthalpyOfMixing,<Substance CC(C)(C)O{solv}{x=0.744900}|OC1=NCCC1{solv}{x=0.255100}>,CC(C)(C)O,OC1=NCCC1,smee-spice2-systematic-torsion-generation_constrained-linear,1,-0.6598708565923701,0.0647744464988371,0.3774,0.00415
35482,832,dhmix_1466823939183874689,832,EnthalpyOfMixing,<Substance CC(C)(C)O{solv}{x=0.257800}|OC1=NCCC1{solv}{x=0.742200}>,CC(C)(C)O,OC1=NCCC1,smee-spice2-systematic-torsion-generation_constrained-linear,1,-0.1669747246714905,0.0764781936714076,0.2874,0.0032
35483,833,dens_1768273433543243004,833,Density,<Substance CC(C)(C)O{solv}{x=0.276400}|OC1=NCCC1{solv}{x=0.723600}>,CC(C)(C)O,OC1=NCCC1,smee-spice2-systematic-torsion-generation_constrained-linear,1,1.0115206606391045,0.0002913366365289,1.0036300000000002,0.000155
35484,834,dens_571827819113574480,834,Density,<Substance CC(C)OC(C)C{solv}{x=0.700400}|Cc1ccccc1{solv}{x=0.299600}>,CC(C)OC(C)C,Cc1ccccc1,smee-spice2-systematic-torsion-generation_constrained-linear,1,0.7742590048692887,0.0002235058999406,0.7573100000000001,0.000155
35485,835,dhmix_686402805609192969,835,EnthalpyOfMixing,<Substance CC(C)OC(C)C{solv}{x=0.228000}|Cc1ccccc1{solv}{x=0.772000}>,CC(C)OC(C)C,Cc1ccccc1,smee-spice2-systematic-torsion-generation_constrained-linear,1,-0.0256849819796087,0.0434671784671705,0.0593,0.00515
35486,836,dhmix_1045652173440309018,836,EnthalpyOfMixing,<Substance CC(C)OC(C)C{solv}{x=0.752000}|Cc1ccccc1{solv}{x=0.248000}>,CC(C)OC(C)C,Cc1ccccc1,smee-spice2-systematic-torsion-generation_constrained-linear,1,-0.0716332102007584,0.0453221413623564,-0.0091,0.00505
35487,837,dhmix_1690461453403165745,837,EnthalpyOfMixing,<Substance CC(C)OC(C)C{solv}{x=0.455000}|Cc1ccccc1{solv}{x=0.545000}>,CC(C)OC(C)C,Cc1ccccc1,smee-spice2-systematic-torsion-generation_constrained-linear,1,-0.0966500843752555,0.0447807556672078,0.0323,0.0051
35488,838,dens_2086775654110573795,838,Density,<Substance CC(C)OC(C)C{solv}{x=0.200400}|Cc1ccccc1{solv}{x=0.799600}>,CC(C)OC(C)C,Cc1ccccc1,smee-spice2-systematic-torsion-generation_constrained-linear,1,0.8331104781421309,0.0002301046474625,0.8299700000000002,0.00014
35489,839,dens_2167043968237201720,839,Density,<Substance CC(C)OC(C)C{solv}{x=0.500300}|Cc1ccccc1{solv}{x=0.499700}>,CC(C)OC(C)C,Cc1ccccc1,smee-spice2-systematic-torsion-generation_constrained-linear,1,0.7967662658862981,0.0002124407234045,0.7849200000000002,0.000155
35490,840,dhmix_578047845607378963,840,EnthalpyOfMixing,<Substance CN1CCCC1=O{solv}{x=0.635900}|c1ccncc1{solv}{x=0.364100}>,CN1CCCC1=O,c1ccncc1,smee-spice2-systematic-torsion-generation_constrained-linear,1,-0.3542740043271735,0.0367349613184292,-0.4013,0.10035
35491,841,dhmix_625120262301063359,841,EnthalpyOfMixing,<Substance CN1CCCC1=O{solv}{x=0.231200}|c1ccncc1{solv}{x=0.768800}>,CN1CCCC1=O,c1ccncc1,smee-spice2-systematic-torsion-generation_constrained-linear,1,-0.3081610634547314,0.0375695735411512,-0.3157,0.07895
35492,842,dens_1059919274311274879,842,Density,<Substance CN1CCCC1=O{solv}{x=0.521500}|c1ccncc1{solv}{x=0.478500}>,CN1CCCC1=O,c1ccncc1,smee-spice2-systematic-torsion-generation_constrained-linear,1,1.0049528401060874,0.0002426433791242,1.0158200000000004,0.00051
35493,843,dens_1445187430653020908,843,Density,<Substance CN1CCCC1=O{solv}{x=0.234800}|c1ccncc1{solv}{x=0.765200}>,CN1CCCC1=O,c1ccncc1,smee-spice2-systematic-torsion-generation_constrained-linear,1,0.9995382766746896,0.0002523896656103,0.9983500000000004,0.00051
35494,844,dhmix_1933003504821603087,844,EnthalpyOfMixing,<Substance CN1CCCC1=O{solv}{x=0.499500}|c1ccncc1{solv}{x=0.500500}>,CN1CCCC1=O,c1ccncc1,smee-spice2-systematic-torsion-generation_constrained-linear,1,-0.3366297141547392,0.0377127018421502,-0.4356,0.1089
35495,845,dens_2199047009222847682,845,Density,<Substance CN1CCCC1=O{solv}{x=0.636400}|c1ccncc1{solv}{x=0.363600}>,CN1CCCC1=O,c1ccncc1,smee-spice2-systematic-torsion-generation_constrained-linear,1,1.006030674321204,0.000183422286068,1.0207400000000002,0.00051
35496,846,dens_586351122522837789,846,Density,<Substance c1cc[nH]c1{solv}{x=0.820700}|c1ccccc1{solv}{x=0.179300}>,c1cc[nH]c1,c1ccccc1,smee-spice2-systematic-torsion-generation_constrained-linear,1,0.965120631062064,0.0002948872303543,0.9503300000000002,0.000195
35497,847,dhmix_1101447260293284221,847,EnthalpyOfMixing,<Substance c1cc[nH]c1{solv}{x=0.494000}|c1ccccc1{solv}{x=0.506000}>,c1cc[nH]c1,c1ccccc1,smee-spice2-systematic-torsion-generation_constrained-linear,1,0.527582937355703,0.0361209440735962,0.609,0.00395
35498,848,dens_1366042600317618213,848,Density,<Substance c1cc[nH]c1{solv}{x=0.503000}|c1ccccc1{solv}{x=0.497000}>,c1cc[nH]c1,c1ccccc1,smee-spice2-systematic-torsion-generation_constrained-linear,1,0.9251394024369758,0.0002820139602601,0.9220400000000002,0.00019
35499,849,dens_2042223650153961549,849,Density,<Substance c1cc[nH]c1{solv}{x=0.314200}|c1ccccc1{solv}{x=0.685800}>,c1cc[nH]c1,c1ccccc1,smee-spice2-systematic-torsion-generation_constrained-linear,1,0.9037787417141608,0.0002577309179386,0.9043500000000002,0.000195
35500,850,dhmix_2080652523589171296,850,EnthalpyOfMixing,<Substance c1cc[nH]c1{solv}{x=0.820800}|c1ccccc1{solv}{x=0.179200}>,c1cc[nH]c1,c1ccccc1,smee-spice2-systematic-torsion-generation_constrained-linear,1,0.3294723368782541,0.037504983771334,0.3441,0.00245
35501,851,dhmix_2101365800313583195,851,EnthalpyOfMixing,<Substance c1cc[nH]c1{solv}{x=0.314000}|c1ccccc1{solv}{x=0.686000}>,c1cc[nH]c1,c1ccccc1,smee-spice2-systematic-torsion-generation_constrained-linear,1,0.5661947063126149,0.0363603433046583,0.5893,0.00385
35502,852,dens_592296207180530796,852,Density,<Substance C1CCNCC1{solv}{x=0.250000}|O{solv}{x=0.750000}>,C1CCNCC1,O,smee-spice2-systematic-torsion-generation_constrained-linear,1,0.9189806743341958,0.0004422123839343,0.9379600000000002,0.000185
35503,853,dhmix_598563182385523239,853,EnthalpyOfMixing,<Substance C1CCNCC1{solv}{x=0.750000}|O{solv}{x=0.250000}>,C1CCNCC1,O,smee-spice2-systematic-torsion-generation_constrained-linear,1,-0.6446562316852749,0.0439704882314886,-1.4628,0.02995
35504,854,dens_1144696340343060729,854,Density,<Substance C1CCNCC1{solv}{x=0.500000}|O{solv}{x=0.500000}>,C1CCNCC1,O,smee-spice2-systematic-torsion-generation_constrained-linear,1,0.8989485641604951,0.0002482591876442,0.90329,0.000235
35505,855,dens_1551117370864361960,855,Density,<Substance C1CCNCC1{solv}{x=0.750000}|O{solv}{x=0.250000}>,C1CCNCC1,O,smee-spice2-systematic-torsion-generation_constrained-linear,1,0.8862289102079444,0.0002791467493686,0.8771300000000002,0.000285
35506,856,dhmix_2023343497633678069,856,EnthalpyOfMixing,<Substance C1CCNCC1{solv}{x=0.500000}|O{solv}{x=0.500000}>,C1CCNCC1,O,smee-spice2-systematic-torsion-generation_constrained-linear,1,-1.0098360200076826,0.0323961039707224,-2.1379,0.04355
35507,857,dhmix_2169709193905404129,857,EnthalpyOfMixing,<Substance C1CCNCC1{solv}{x=0.250000}|O{solv}{x=0.750000}>,C1CCNCC1,O,smee-spice2-systematic-torsion-generation_constrained-linear,1,-0.7080460886564985,0.0256483341185701,-1.9642,0.04065
35508,858,dhmix_597694390671293228,858,EnthalpyOfMixing,<Substance C1CCCCC1{solv}{x=0.495000}|c1cc[nH]c1{solv}{x=0.505000}>,C1CCCCC1,c1cc[nH]c1,smee-spice2-systematic-torsion-generation_constrained-linear,1,1.6809907015051095,0.0321068881246647,1.4275,0.00895
35509,859,dens_1402964712081643759,859,Density,<Substance C1CCCCC1{solv}{x=0.281700}|c1cc[nH]c1{solv}{x=0.718300}>,C1CCCCC1,c1cc[nH]c1,smee-spice2-systematic-torsion-generation_constrained-linear,1,0.8980705968358714,0.0002426091222977,0.9082800000000002,0.00023
35510,860,dens_1463337814181203578,860,Density,<Substance C1CCCCC1{solv}{x=0.925100}|c1cc[nH]c1{solv}{x=0.074900}>,C1CCCCC1,c1cc[nH]c1,smee-spice2-systematic-torsion-generation_constrained-linear,1,0.774574849965061,0.0002178936580434,0.7860300000000001,0.00026
35511,861,dens_1586039458655447443,861,Density,<Substance C1CCCCC1{solv}{x=0.494200}|c1cc[nH]c1{solv}{x=0.505800}>,C1CCCCC1,c1cc[nH]c1,smee-spice2-systematic-torsion-generation_constrained-linear,1,0.8473468813657608,0.0002348260632379,0.8661300000000002,0.000235
35512,862,dhmix_1650717903260721901,862,EnthalpyOfMixing,<Substance C1CCCCC1{solv}{x=0.924800}|c1cc[nH]c1{solv}{x=0.075200}>,C1CCCCC1,c1cc[nH]c1,smee-spice2-systematic-torsion-generation_constrained-linear,1,0.6823261517993586,0.0461118943561403,0.7315,0.00535
35513,863,dhmix_1709124910710738018,863,EnthalpyOfMixing,<Substance C1CCCCC1{solv}{x=0.281800}|c1cc[nH]c1{solv}{x=0.718200}>,C1CCCCC1,c1cc[nH]c1,smee-spice2-systematic-torsion-generation_constrained-linear,1,1.3714761838169096,0.0393519447967979,1.245,0.00795
35514,864,dhmix_602003453564252918,864,EnthalpyOfMixing,<Substance COc1ccccc1{solv}{x=0.767000}|OCCc1ccccc1{solv}{x=0.233000}>,COc1ccccc1,OCCc1ccccc1,smee-spice2-systematic-torsion-generation_constrained-linear,1,0.7395580449082928,0.0481773739598195,1.1154,0.01195
35515,865,dhmix_831666159864093343,865,EnthalpyOfMixing,<Substance COc1ccccc1{solv}{x=0.267800}|OCCc1ccccc1{solv}{x=0.732200}>,COc1ccccc1,OCCc1ccccc1,smee-spice2-systematic-torsion-generation_constrained-linear,1,0.4537823296534782,0.0452867406606249,0.688,0.00745
35516,866,dhmix_1415130215717622630,866,EnthalpyOfMixing,<Substance COc1ccccc1{solv}{x=0.523200}|OCCc1ccccc1{solv}{x=0.476800}>,COc1ccccc1,OCCc1ccccc1,smee-spice2-systematic-torsion-generation_constrained-linear,1,0.8566879341688036,0.0407301930836029,1.0457,0.0112
35517,867,dens_2018050376435813399,867,Density,<Substance COc1ccccc1{solv}{x=0.767300}|OCCc1ccccc1{solv}{x=0.232700}>,COc1ccccc1,OCCc1ccccc1,smee-spice2-systematic-torsion-generation_constrained-linear,1,0.9878289985512724,0.0002336030846833,0.9869000000000002,0.00026
35518,868,dens_2083067547090229321,868,Density,<Substance COc1ccccc1{solv}{x=0.524500}|OCCc1ccccc1{solv}{x=0.475500}>,COc1ccccc1,OCCc1ccccc1,smee-spice2-systematic-torsion-generation_constrained-linear,1,0.996431641950313,0.0001914703414605,0.9943600000000002,0.00026
35519,869,dens_2108796896152795987,869,Density,<Substance COc1ccccc1{solv}{x=0.212100}|OCCc1ccccc1{solv}{x=0.787900}>,COc1ccccc1,OCCc1ccccc1,smee-spice2-systematic-torsion-generation_constrained-linear,1,1.0080114808764618,0.0001561222354364,1.0032600000000005,0.00026
35520,870,dhmix_607389561715885318,870,EnthalpyOfMixing,<Substance CC(C)O{solv}{x=0.750600}|CCOC(=O)CC(=O)OCC{solv}{x=0.249400}>,CC(C)O,CCOC(=O)CC(=O)OCC,smee-spice2-systematic-torsion-generation_constrained-linear,1,1.7579271786780026,0.036394846737866,1.955,0.021
35521,871,dhmix_970997719035766241,871,EnthalpyOfMixing,<Substance CC(C)O{solv}{x=0.249200}|CCOC(=O)CC(=O)OCC{solv}{x=0.750800}>,CC(C)O,CCOC(=O)CC(=O)OCC,smee-spice2-systematic-torsion-generation_constrained-linear,1,1.4004249447516486,0.0533243081096837,1.804,0.0195
35522,872,dens_1055220895195342210,872,Density,<Substance CC(C)O{solv}{x=0.700000}|CCOC(=O)CC(=O)OCC{solv}{x=0.300000}>,CC(C)O,CCOC(=O)CC(=O)OCC,smee-spice2-systematic-torsion-generation_constrained-linear,1,0.9300934985267938,0.0001954507747226,0.9013080000000002,0.000163
35523,873,dens_1059428282849222105,873,Density,<Substance CC(C)O{solv}{x=0.500100}|CCOC(=O)CC(=O)OCC{solv}{x=0.499900}>,CC(C)O,CCOC(=O)CC(=O)OCC,smee-spice2-systematic-torsion-generation_constrained-linear,1,0.9842965888104722,0.0001762461065118,0.9563730000000004,0.0001215
35524,874,dhmix_2225069850502215858,874,EnthalpyOfMixing,<Substance CC(C)O{solv}{x=0.499700}|CCOC(=O)CC(=O)OCC{solv}{x=0.500300}>,CC(C)O,CCOC(=O)CC(=O)OCC,smee-spice2-systematic-torsion-generation_constrained-linear,1,2.133873229275707,0.0466357860268579,2.369,0.0255
35525,875,dens_2227064517025896927,875,Density,<Substance CC(C)O{solv}{x=0.200000}|CCOC(=O)CC(=O)OCC{solv}{x=0.800000}>,CC(C)O,CCOC(=O)CC(=O)OCC,smee-spice2-systematic-torsion-generation_constrained-linear,1,1.0438914912180035,0.000197167939433,1.0176930000000002,0.000103
35526,876,dhmix_614525131410782877,876,EnthalpyOfMixing,<Substance CCCCCC(C)=O{solv}{x=0.491300}|CCCCNCCCC{solv}{x=0.508700}>,CCCCCC(C)=O,CCCCNCCCC,smee-spice2-systematic-torsion-generation_constrained-linear,1,-0.0814998133316748,0.0546381241777258,0.278,0.003
35527,877,dhmix_1051001364116056564,877,EnthalpyOfMixing,<Substance CCCCCC(C)=O{solv}{x=0.781100}|CCCCNCCCC{solv}{x=0.218900}>,CCCCCC(C)=O,CCCCNCCCC,smee-spice2-systematic-torsion-generation_constrained-linear,1,-0.0280203823890596,0.0545738962573002,0.164,0.002
35528,878,dens_1087422962538109584,878,Density,<Substance CCCCCC(C)=O{solv}{x=0.449900}|CCCCNCCCC{solv}{x=0.550100}>,CCCCCC(C)=O,CCCCNCCCC,smee-spice2-systematic-torsion-generation_constrained-linear,1,0.7812954037961443,0.0001916671430361,0.7778490000000002,9.250000000000004e-05
35529,879,dens_1830187222448876426,879,Density,<Substance CCCCCC(C)=O{solv}{x=0.209700}|CCCCNCCCC{solv}{x=0.790300}>,CCCCCC(C)=O,CCCCNCCCC,smee-spice2-systematic-torsion-generation_constrained-linear,1,0.7736157805809883,0.0001847274544794,0.7655110000000002,8.400000000000002e-05
35530,880,dens_2113849591242853193,880,Density,<Substance CCCCCC(C)=O{solv}{x=0.750900}|CCCCNCCCC{solv}{x=0.249100}>,CCCCCC(C)=O,CCCCNCCCC,smee-spice2-systematic-torsion-generation_constrained-linear,1,0.792201917999316,0.0001776254034327,0.7951660000000003,0.000105
35531,881,dhmix_2131918011494960609,881,EnthalpyOfMixing,<Substance CCCCCC(C)=O{solv}{x=0.294700}|CCCCNCCCC{solv}{x=0.705300}>,CCCCCC(C)=O,CCCCNCCCC,smee-spice2-systematic-torsion-generation_constrained-linear,1,-0.1371989963906799,0.0559086407859237,0.256,0.003
35532,882,dhmix_618866445574413387,882,EnthalpyOfMixing,<Substance C1CCOCC1{solv}{x=0.442500}|Cc1ccccc1C{solv}{x=0.557500}>,C1CCOCC1,Cc1ccccc1C,smee-spice2-systematic-torsion-generation_constrained-linear,1,-0.0093186478018623,0.042073030684038,-0.0342,0.0006
35533,883,dens_643927890193937545,883,Density,<Substance C1CCOCC1{solv}{x=0.518700}|Cc1ccccc1C{solv}{x=0.481300}>,C1CCOCC1,Cc1ccccc1C,smee-spice2-systematic-torsion-generation_constrained-linear,1,0.872743651453938,0.0002137434987621,0.8779900000000003,0.0005
35534,884,dhmix_1129414916141538177,884,EnthalpyOfMixing,<Substance C1CCOCC1{solv}{x=0.744300}|Cc1ccccc1C{solv}{x=0.255700}>,C1CCOCC1,Cc1ccccc1C,smee-spice2-systematic-torsion-generation_constrained-linear,1,-0.0185946381365056,0.0448350228277894,0.0421,0.00065
35535,885,dens_1429468909820653032,885,Density,<Substance C1CCOCC1{solv}{x=0.231800}|Cc1ccccc1C{solv}{x=0.768200}>,C1CCOCC1,Cc1ccccc1C,smee-spice2-systematic-torsion-generation_constrained-linear,1,0.8691170730880666,0.0002335087668096,0.8770400000000002,0.0005
35536,886,dens_1442497603142913792,886,Density,<Substance C1CCOCC1{solv}{x=0.772900}|Cc1ccccc1C{solv}{x=0.227100}>,C1CCOCC1,Cc1ccccc1C,smee-spice2-systematic-torsion-generation_constrained-linear,1,0.8770722582775394,0.0001912517431202,0.8787800000000002,0.000505
35537,887,dhmix_2268256048157488415,887,EnthalpyOfMixing,<Substance C1CCOCC1{solv}{x=0.245400}|Cc1ccccc1C{solv}{x=0.754600}>,C1CCOCC1,Cc1ccccc1C,smee-spice2-systematic-torsion-generation_constrained-linear,1,0.0330639386506987,0.0436756839037982,-0.0613,0.00085
35538,888,dens_626398848152359169,888,Density,<Substance C1COCCN1{solv}{x=0.498000}|O{solv}{x=0.502000}>,C1COCCN1,O,smee-spice2-systematic-torsion-generation_constrained-linear,1,1.049077353779302,0.0002975207572577,1.0255000000000003,0.00255
35539,889,dhmix_773913810754342365,889,EnthalpyOfMixing,<Substance C1COCCN1{solv}{x=0.714900}|O{solv}{x=0.285100}>,C1COCCN1,O,smee-spice2-systematic-torsion-generation_constrained-linear,1,-1.338933414592816,0.0457604345220539,-1.753,0.019
35540,890,dhmix_1012297674499495059,890,EnthalpyOfMixing,<Substance C1COCCN1{solv}{x=0.201000}|O{solv}{x=0.799000}>,C1COCCN1,O,smee-spice2-systematic-torsion-generation_constrained-linear,1,-1.0394217014822615,0.0254869507478475,-2.758,0.0295
35541,891,dens_1167008264969667349,891,Density,<Substance C1COCCN1{solv}{x=0.793000}|O{solv}{x=0.207000}>,C1COCCN1,O,smee-spice2-systematic-torsion-generation_constrained-linear,1,1.051517427054912,0.0004013057083024,1.0057000000000005,0.00245
35542,892,dhmix_1871930573512426354,892,EnthalpyOfMixing,<Substance C1COCCN1{solv}{x=0.491100}|O{solv}{x=0.508900}>,C1COCCN1,O,smee-spice2-systematic-torsion-generation_constrained-linear,1,-1.8604575908935317,0.033282534119398,-3.131,0.0335
35543,893,dens_2014911999593579414,893,Density,<Substance C1COCCN1{solv}{x=0.298000}|O{solv}{x=0.702000}>,C1COCCN1,O,smee-spice2-systematic-torsion-generation_constrained-linear,1,1.0378823935689827,0.0003148238475027,1.0309000000000004,0.00255
35544,894,dens_627753907231278660,894,Density,<Substance CCC(C)=O{solv}{x=0.753100}|CCCNCCC{solv}{x=0.246900}>,CCC(C)=O,CCCNCCC,smee-spice2-systematic-torsion-generation_constrained-linear,1,0.7693684543594346,0.0002513870886408,0.7771510000000001,0.000109
35545,895,dens_674236159588910357,895,Density,<Substance CCC(C)=O{solv}{x=0.244600}|CCCNCCC{solv}{x=0.755400}>,CCC(C)=O,CCCNCCC,smee-spice2-systematic-torsion-generation_constrained-linear,1,0.7536582405861769,0.0002212335222652,0.7446230000000003,0.0001405
35546,896,dhmix_749228177959685874,896,EnthalpyOfMixing,<Substance CCC(C)=O{solv}{x=0.235300}|CCCNCCC{solv}{x=0.764700}>,CCC(C)=O,CCCNCCC,smee-spice2-systematic-torsion-generation_constrained-linear,1,-0.0492624741338829,0.0482344474010478,0.299,0.0035
35547,897,dhmix_1706960823617656563,897,EnthalpyOfMixing,<Substance CCC(C)=O{solv}{x=0.698400}|CCCNCCC{solv}{x=0.301600}>,CCC(C)=O,CCCNCCC,smee-spice2-systematic-torsion-generation_constrained-linear,1,0.0388459109815144,0.039668629628785,0.334,0.0035
35548,898,dhmix_2102794241345605516,898,EnthalpyOfMixing,<Substance CCC(C)=O{solv}{x=0.505000}|CCCNCCC{solv}{x=0.495000}>,CCC(C)=O,CCCNCCC,smee-spice2-systematic-torsion-generation_constrained-linear,1,-0.0317682098134355,0.0423938793622721,0.397,0.0045
35549,899,dens_2224864308887622456,899,Density,<Substance CCC(C)=O{solv}{x=0.500600}|CCCNCCC{solv}{x=0.499400}>,CCC(C)=O,CCCNCCC,smee-spice2-systematic-torsion-generation_constrained-linear,1,0.7610098577684773,0.0002275347438747,0.7590400000000002,0.000125
35550,900,dhmix_628329103086906726,900,EnthalpyOfMixing,<Substance CC1CCCCC1{solv}{x=0.250400}|CCCO{solv}{x=0.749600}>,CC1CCCCC1,CCCO,smee-spice2-systematic-torsion-generation_constrained-linear,1,0.4374255867084997,0.0404097607948942,0.321,0.0055
35551,901,dhmix_989207392771680315,901,EnthalpyOfMixing,<Substance CC1CCCCC1{solv}{x=0.750500}|CCCO{solv}{x=0.249500}>,CC1CCCCC1,CCCO,smee-spice2-systematic-torsion-generation_constrained-linear,1,0.6972102399218301,0.0469367727078633,0.574,0.0055
35552,902,dens_1351260115393741606,902,Density,<Substance CC1CCCCC1{solv}{x=0.503100}|CCCO{solv}{x=0.496900}>,CC1CCCCC1,CCCO,smee-spice2-systematic-torsion-generation_constrained-linear,1,0.7793854361435617,0.0002230891684565,0.7785600000000001,0.0039
35553,903,dens_1376195506089851480,903,Density,<Substance CC1CCCCC1{solv}{x=0.202700}|CCCO{solv}{x=0.797300}>,CC1CCCCC1,CCCO,smee-spice2-systematic-torsion-generation_constrained-linear,1,0.7904897468787012,0.0001760843838369,0.7942000000000002,0.00398
35554,904,dens_1501229836503112732,904,Density,<Substance CC1CCCCC1{solv}{x=0.799000}|CCCO{solv}{x=0.201000}>,CC1CCCCC1,CCCO,smee-spice2-systematic-torsion-generation_constrained-linear,1,0.7726128642740964,0.000205689777491,0.7688300000000002,0.003855
35555,905,dhmix_2109805019413953371,905,EnthalpyOfMixing,<Substance CC1CCCCC1{solv}{x=0.500400}|CCCO{solv}{x=0.499600}>,CC1CCCCC1,CCCO,smee-spice2-systematic-torsion-generation_constrained-linear,1,0.6668782910978592,0.0382411147321931,0.533,0.0055
35556,906,dhmix_634764080264908666,906,EnthalpyOfMixing,<Substance OCCN1CCOCC1{solv}{x=0.498900}|O{solv}{x=0.501100}>,O,OCCN1CCOCC1,smee-spice2-systematic-torsion-generation_constrained-linear,1,-2.2926976430029526,0.034393228240712,-2.2633,0.02415
35557,907,dens_707792343667224312,907,Density,<Substance OCCN1CCOCC1{solv}{x=0.246600}|O{solv}{x=0.753400}>,O,OCCN1CCOCC1,smee-spice2-systematic-torsion-generation_constrained-linear,1,1.080541217739552,0.0003682118769976,1.0838100000000002,0.00154
35558,908,dhmix_1064373607860850902,908,EnthalpyOfMixing,<Substance OCCN1CCOCC1{solv}{x=0.694900}|O{solv}{x=0.305100}>,O,OCCN1CCOCC1,smee-spice2-systematic-torsion-generation_constrained-linear,1,-1.994281546367688,0.0421198656557701,-1.7936,0.01915
35559,909,dhmix_1846281306963870091,909,EnthalpyOfMixing,<Substance OCCN1CCOCC1{solv}{x=0.300200}|O{solv}{x=0.699800}>,O,OCCN1CCOCC1,smee-spice2-systematic-torsion-generation_constrained-linear,1,-1.7495784345548913,0.0337735284606076,-2.426,0.026
35560,910,dens_2238932092645470826,910,Density,<Substance OCCN1CCOCC1{solv}{x=0.743900}|O{solv}{x=0.256100}>,O,OCCN1CCOCC1,smee-spice2-systematic-torsion-generation_constrained-linear,1,1.1047265398329962,0.0002001829799463,1.08031,0.001565
35561,911,dens_2269173599223764079,911,Density,<Substance OCCN1CCOCC1{solv}{x=0.485200}|O{solv}{x=0.514800}>,O,OCCN1CCOCC1,smee-spice2-systematic-torsion-generation_constrained-linear,1,1.0987927129061608,0.0002776099989767,1.0866900000000004,0.00159
35562,912,dhmix_636778454546345333,912,EnthalpyOfMixing,<Substance C1CCCCC1{solv}{x=0.506300}|CNc1ccccc1{solv}{x=0.493700}>,C1CCCCC1,CNc1ccccc1,smee-spice2-systematic-torsion-generation_constrained-linear,1,2.1938269977213025,0.0413213723654175,1.628,0.0175
35563,913,dens_1209163492396921559,913,Density,<Substance C1CCCCC1{solv}{x=0.247000}|CNc1ccccc1{solv}{x=0.753000}>,C1CCCCC1,CNc1ccccc1,smee-spice2-systematic-torsion-generation_constrained-linear,1,0.938881393672635,0.0001846977290174,0.9289450000000002,0.000272
35564,914,dens_1438140901521078017,914,Density,<Substance C1CCCCC1{solv}{x=0.494500}|CNc1ccccc1{solv}{x=0.505500}>,C1CCCCC1,CNc1ccccc1,smee-spice2-systematic-torsion-generation_constrained-linear,1,0.8788748640493107,0.0001956077514234,0.8759620000000002,0.0001835
35565,915,dens_1482697199055102595,915,Density,<Substance C1CCCCC1{solv}{x=0.746400}|CNc1ccccc1{solv}{x=0.253600}>,C1CCCCC1,CNc1ccccc1,smee-spice2-systematic-torsion-generation_constrained-linear,1,0.8201282540896403,0.0001565908848978,0.8233530000000001,0.000138
35566,916,dhmix_1832297119731463766,916,EnthalpyOfMixing,<Substance C1CCCCC1{solv}{x=0.204700}|CNc1ccccc1{solv}{x=0.795300}>,C1CCCCC1,CNc1ccccc1,smee-spice2-systematic-torsion-generation_constrained-linear,1,1.764915704193669,0.0461444867736583,0.972,0.0105
35567,917,dhmix_1889368397403208807,917,EnthalpyOfMixing,<Substance C1CCCCC1{solv}{x=0.706600}|CNc1ccccc1{solv}{x=0.293400}>,C1CCCCC1,CNc1ccccc1,smee-spice2-systematic-torsion-generation_constrained-linear,1,2.057104668175199,0.042645733881717,1.521,0.0165
35568,918,dhmix_637657437173907469,918,EnthalpyOfMixing,<Substance CC(C)=O{solv}{x=0.709700}|CNc1ccccc1{solv}{x=0.290300}>,CC(C)=O,CNc1ccccc1,smee-spice2-systematic-torsion-generation_constrained-linear,1,-0.4919196976536995,0.0361582527873346,-0.525,0.0055
35569,919,dhmix_817594693007274900,919,EnthalpyOfMixing,<Substance CC(C)=O{solv}{x=0.231600}|CNc1ccccc1{solv}{x=0.768400}>,CC(C)=O,CNc1ccccc1,smee-spice2-systematic-torsion-generation_constrained-linear,1,-0.5086806923412155,0.0488771619284744,-0.5,0.0055
35570,920,dens_830664987854613197,920,Density,<Substance CC(C)=O{solv}{x=0.250300}|CNc1ccccc1{solv}{x=0.749700}>,CC(C)=O,CNc1ccccc1,smee-spice2-systematic-torsion-generation_constrained-linear,1,0.9645145160496892,0.0002391219239356,0.9502900000000002,0.0003395
35571,921,dhmix_1052042310023734389,921,EnthalpyOfMixing,<Substance CC(C)=O{solv}{x=0.508600}|CNc1ccccc1{solv}{x=0.491400}>,CC(C)=O,CNc1ccccc1,smee-spice2-systematic-torsion-generation_constrained-linear,1,-0.6795415092738466,0.0396312662255355,-0.672,0.0075
35572,922,dens_1302333367899693905,922,Density,<Substance CC(C)=O{solv}{x=0.750600}|CNc1ccccc1{solv}{x=0.249400}>,CC(C)=O,CNc1ccccc1,smee-spice2-systematic-torsion-generation_constrained-linear,1,0.8523146189655741,0.0002416073555589,0.8565010000000002,0.000231
35573,923,dens_1582643029733708616,923,Density,<Substance CC(C)=O{solv}{x=0.494800}|CNc1ccccc1{solv}{x=0.505200}>,CC(C)=O,CNc1ccccc1,smee-spice2-systematic-torsion-generation_constrained-linear,1,0.9157908513011602,0.0002300010981395,0.9107940000000002,0.000263
35574,924,dens_650566412384126439,924,Density,<Substance CC(C)CC(C)(C)C{solv}{x=0.158800}|CCCCC(=O)OC{solv}{x=0.841200}>,CC(C)CC(C)(C)C,CCCCC(=O)OC,smee-spice2-systematic-torsion-generation_constrained-linear,1,0.853856806148041,0.0001942006962445,0.8463800000000002,0.000505
35575,925,dhmix_986100941633296124,925,EnthalpyOfMixing,<Substance CC(C)CC(C)(C)C{solv}{x=0.481800}|CCCCC(=O)OC{solv}{x=0.518200}>,CC(C)CC(C)(C)C,CCCCC(=O)OC,smee-spice2-systematic-torsion-generation_constrained-linear,1,1.4341820137487336,0.0451269228279343,0.866,0.0095
35576,926,dens_1095352626338523806,926,Density,<Substance CC(C)CC(C)(C)C{solv}{x=0.742500}|CCCCC(=O)OC{solv}{x=0.257500}>,CC(C)CC(C)(C)C,CCCCC(=O)OC,smee-spice2-systematic-torsion-generation_constrained-linear,1,0.7483248493919773,0.0001897973114058,0.7289800000000002,0.000505
35577,927,dens_1260001645299629257,927,Density,<Substance CC(C)CC(C)(C)C{solv}{x=0.498400}|CCCCC(=O)OC{solv}{x=0.501600}>,CC(C)CC(C)(C)C,CCCCC(=O)OC,smee-spice2-systematic-torsion-generation_constrained-linear,1,0.7887236728286884,0.0001742045356288,0.7738400000000002,0.000505
35578,928,dhmix_1505455794590867712,928,EnthalpyOfMixing,<Substance CC(C)CC(C)(C)C{solv}{x=0.158900}|CCCCC(=O)OC{solv}{x=0.841100}>,CC(C)CC(C)(C)C,CCCCC(=O)OC,smee-spice2-systematic-torsion-generation_constrained-linear,1,0.7088581448645783,0.0495507861099102,0.438,0.005
35579,929,dhmix_1888614200283593194,929,EnthalpyOfMixing,<Substance CC(C)CC(C)(C)C{solv}{x=0.781300}|CCCCC(=O)OC{solv}{x=0.218700}>,CC(C)CC(C)(C)C,CCCCC(=O)OC,smee-spice2-systematic-torsion-generation_constrained-linear,1,1.1144950643685263,0.0356468434253421,0.658,0.007
35580,930,dhmix_657900975986635712,930,EnthalpyOfMixing,<Substance Cc1ccccc1N{solv}{x=0.782700}|Cc1ccncc1{solv}{x=0.217300}>,Cc1ccccc1N,Cc1ccncc1,smee-spice2-systematic-torsion-generation_constrained-linear,1,-0.6551982272114003,0.0486135428414481,-0.8885,0.0182
35581,931,dhmix_727678512066874384,931,EnthalpyOfMixing,<Substance Cc1ccccc1N{solv}{x=0.478300}|Cc1ccncc1{solv}{x=0.521700}>,Cc1ccccc1N,Cc1ccncc1,smee-spice2-systematic-torsion-generation_constrained-linear,1,-1.1764139217713634,0.0470794947968505,-1.4295,0.0291
35582,932,dhmix_860941552641107708,932,EnthalpyOfMixing,<Substance Cc1ccccc1N{solv}{x=0.271500}|Cc1ccncc1{solv}{x=0.728500}>,Cc1ccccc1N,Cc1ccncc1,smee-spice2-systematic-torsion-generation_constrained-linear,1,-0.9886160651424588,0.0407086130788996,-1.1791,0.02405
35583,933,dens_1148106102021344214,933,Density,<Substance Cc1ccccc1N{solv}{x=0.265500}|Cc1ccncc1{solv}{x=0.734500}>,Cc1ccccc1N,Cc1ccncc1,smee-spice2-systematic-torsion-generation_constrained-linear,1,0.9814424768429294,0.0002402427988032,0.9662520000000002,0.00012
35584,934,dens_1294189007890656769,934,Density,<Substance Cc1ccccc1N{solv}{x=0.486300}|Cc1ccncc1{solv}{x=0.513700}>,Cc1ccccc1N,Cc1ccncc1,smee-spice2-systematic-torsion-generation_constrained-linear,1,0.9979739113694728,0.0001762103684899,0.9765780000000002,0.000119
35585,935,dens_1461384477504239974,935,Density,<Substance Cc1ccccc1N{solv}{x=0.767400}|Cc1ccncc1{solv}{x=0.232600}>,Cc1ccccc1N,Cc1ccncc1,smee-spice2-systematic-torsion-generation_constrained-linear,1,1.015649471209579,0.000237163073841,0.9868740000000004,0.000118
35586,936,dens_671712471159959715,936,Density,<Substance CCCCCCN{solv}{x=0.294400}|CN(C)C=O{solv}{x=0.705600}>,CCCCCCN,CN(C)C=O,smee-spice2-systematic-torsion-generation_constrained-linear,1,0.8691461421467338,0.0002222888596757,0.8676880000000002,0.001057
35587,937,dhmix_791979567859859400,937,EnthalpyOfMixing,<Substance CCCCCCN{solv}{x=0.747800}|CN(C)C=O{solv}{x=0.252200}>,CCCCCCN,CN(C)C=O,smee-spice2-systematic-torsion-generation_constrained-linear,1,0.4268384097136675,0.0470164476468007,0.461,0.015
35588,938,dens_812907294215791908,938,Density,<Substance CCCCCCN{solv}{x=0.450000}|CN(C)C=O{solv}{x=0.550000}>,CCCCCCN,CN(C)C=O,smee-spice2-systematic-torsion-generation_constrained-linear,1,0.8456457557713635,0.0002205713152866,0.8367510000000001,0.001016
35589,939,dhmix_1553880519684715156,939,EnthalpyOfMixing,<Substance CCCCCCN{solv}{x=0.249700}|CN(C)C=O{solv}{x=0.750300}>,CCCCCCN,CN(C)C=O,smee-spice2-systematic-torsion-generation_constrained-linear,1,0.4647761678444659,0.038532363276274,0.51,0.0165
35590,940,dens_1658157305664412923,940,Density,<Substance CCCCCCN{solv}{x=0.745200}|CN(C)C=O{solv}{x=0.254800}>,CCCCCCN,CN(C)C=O,smee-spice2-systematic-torsion-generation_constrained-linear,1,0.8103328181155764,0.0002028283689427,0.7905460000000002,0.0009575
35591,941,dhmix_2271922176351407084,941,EnthalpyOfMixing,<Substance CCCCCCN{solv}{x=0.499700}|CN(C)C=O{solv}{x=0.500300}>,CCCCCCN,CN(C)C=O,smee-spice2-systematic-torsion-generation_constrained-linear,1,0.5313843126983642,0.0416891613064041,0.661,0.02
35592,942,dhmix_676105854791415053,942,EnthalpyOfMixing,<Substance C=C(C)[C@H]1CC=C(C)CC1{solv}{x=0.540000}|CCCCCO{solv}{x=0.460000}>,C=C(C)[C@H]1CC=C(C)CC1,CCCCCO,smee-spice2-systematic-torsion-generation_constrained-linear,1,0.8400873599337473,0.0548500309108677,0.858,0.0345
35593,943,dhmix_865539540276734208,943,EnthalpyOfMixing,<Substance C=C(C)[C@H]1CC=C(C)CC1{solv}{x=0.766000}|CCCCCO{solv}{x=0.234000}>,C=C(C)[C@H]1CC=C(C)CC1,CCCCCO,smee-spice2-systematic-torsion-generation_constrained-linear,1,0.9369919617977516,0.0521474814289863,0.782,0.0315
35594,944,dens_1544700949225348296,944,Density,<Substance C=C(C)[C@H]1CC=C(C)CC1{solv}{x=0.263500}|CCCCCO{solv}{x=0.736500}>,C=C(C)[C@H]1CC=C(C)CC1,CCCCCO,smee-spice2-systematic-torsion-generation_constrained-linear,1,0.8217029854766882,0.0002039856282965,0.8238000000000002,0.0002
35595,945,dens_1638649899512334435,945,Density,<Substance C=C(C)[C@H]1CC=C(C)CC1{solv}{x=0.543500}|CCCCCO{solv}{x=0.456500}>,C=C(C)[C@H]1CC=C(C)CC1,CCCCCO,smee-spice2-systematic-torsion-generation_constrained-linear,1,0.8251027835754374,0.0001843020048729,0.8312000000000003,0.0003
35596,946,dens_2014432371647189246,946,Density,<Substance C=C(C)[C@H]1CC=C(C)CC1{solv}{x=0.725200}|CCCCCO{solv}{x=0.274800}>,C=C(C)[C@H]1CC=C(C)CC1,CCCCCO,smee-spice2-systematic-torsion-generation_constrained-linear,1,0.8277721825564592,0.0001912927500963,0.8354000000000001,0.00035
35597,947,dhmix_2293008983270202716,947,EnthalpyOfMixing,<Substance C=C(C)[C@H]1CC=C(C)CC1{solv}{x=0.272000}|CCCCCO{solv}{x=0.728000}>,C=C(C)[C@H]1CC=C(C)CC1,CCCCCO,smee-spice2-systematic-torsion-generation_constrained-linear,1,0.5264009232886622,0.0428522060005105,0.532,0.0215
35598,948,dens_680086766431069719,948,Density,<Substance CN1CCNCC1{solv}{x=0.209100}|O{solv}{x=0.790900}>,CN1CCNCC1,O,smee-spice2-systematic-torsion-generation_constrained-linear,1,1.0081153656254227,0.000290645182596,1.0013300000000005,4.000000000000001e-05
35599,949,dhmix_979415629850644100,949,EnthalpyOfMixing,<Substance CN1CCNCC1{solv}{x=0.199800}|O{solv}{x=0.800200}>,CN1CCNCC1,O,smee-spice2-systematic-torsion-generation_constrained-linear,1,-3.3751815482291363,0.0236441143639184,-4.495,0.048
35600,950,dhmix_1386641258873877278,950,EnthalpyOfMixing,<Substance CN1CCNCC1{solv}{x=0.792600}|O{solv}{x=0.207400}>,CN1CCNCC1,O,smee-spice2-systematic-torsion-generation_constrained-linear,1,-1.655801617938664,0.0411976482510469,-1.753,0.019
35601,951,dhmix_1572121970391530461,951,EnthalpyOfMixing,<Substance CN1CCNCC1{solv}{x=0.550000}|O{solv}{x=0.450000}>,CN1CCNCC1,O,smee-spice2-systematic-torsion-generation_constrained-linear,1,-3.309275996055618,0.035237465688086,-3.547,0.038
35602,952,dens_1756096179620961699,952,Density,<Substance CN1CCNCC1{solv}{x=0.510900}|O{solv}{x=0.489100}>,CN1CCNCC1,O,smee-spice2-systematic-torsion-generation_constrained-linear,1,0.991775985915314,0.0002868320310302,0.9464100000000002,7.000000000000002e-05
35603,953,dens_1892970147583328629,953,Density,<Substance CN1CCNCC1{solv}{x=0.706500}|O{solv}{x=0.293500}>,CN1CCNCC1,O,smee-spice2-systematic-torsion-generation_constrained-linear,1,0.9835879782756464,0.0003327803969055,0.9223100000000002,8.500000000000002e-05
35604,954,dhmix_681274412655414068,954,EnthalpyOfMixing,<Substance CCCOC(=O)CC{solv}{x=0.739400}|Cc1ccccc1{solv}{x=0.260600}>,CCCOC(=O)CC,Cc1ccccc1,smee-spice2-systematic-torsion-generation_constrained-linear,1,-0.2391380957742459,0.0475201347101724,-0.1135,0.0033
35605,955,dhmix_720914323963600437,955,EnthalpyOfMixing,<Substance CCCOC(=O)CC{solv}{x=0.238900}|Cc1ccccc1{solv}{x=0.761100}>,CCCOC(=O)CC,Cc1ccccc1,smee-spice2-systematic-torsion-generation_constrained-linear,1,-0.2074618263529544,0.0410711429386237,-0.1404,0.0037
35606,956,dens_1397630560016316656,956,Density,<Substance CCCOC(=O)CC{solv}{x=0.274700}|Cc1ccccc1{solv}{x=0.725300}>,CCCOC(=O)CC,Cc1ccccc1,smee-spice2-systematic-torsion-generation_constrained-linear,1,0.8689977426046227,0.0002246609923019,0.8675700000000003,0.00018
35607,957,dhmix_1646061995263935606,957,EnthalpyOfMixing,<Substance CCCOC(=O)CC{solv}{x=0.548600}|Cc1ccccc1{solv}{x=0.451400}>,CCCOC(=O)CC,Cc1ccccc1,smee-spice2-systematic-torsion-generation_constrained-linear,1,-0.317017092699686,0.0379312433158468,-0.1583,0.004
35608,958,dens_1792064777238352129,958,Density,<Substance CCCOC(=O)CC{solv}{x=0.490700}|Cc1ccccc1{solv}{x=0.509300}>,CCCOC(=O)CC,Cc1ccccc1,smee-spice2-systematic-torsion-generation_constrained-linear,1,0.8732239429940022,0.0002429949616158,0.8707300000000002,0.00019
35609,959,dens_1826904081955826008,959,Density,<Substance CCCOC(=O)CC{solv}{x=0.734600}|Cc1ccccc1{solv}{x=0.265400}>,CCCOC(=O)CC,Cc1ccccc1,smee-spice2-systematic-torsion-generation_constrained-linear,1,0.8776836948502653,0.0002392816755864,0.8734100000000001,0.00021
35610,960,dens_685747331874801159,960,Density,<Substance CN1CCOCC1{solv}{x=0.498300}|O{solv}{x=0.501700}>,CN1CCOCC1,O,smee-spice2-systematic-torsion-generation_constrained-linear,1,0.9901319646248268,0.0002795750798848,0.9627600000000002,0.00084
35611,961,dens_1087644349445114282,961,Density,<Substance CN1CCOCC1{solv}{x=0.253800}|O{solv}{x=0.746200}>,CN1CCOCC1,O,smee-spice2-systematic-torsion-generation_constrained-linear,1,0.9948251882381128,0.0003110161716234,0.9918800000000002,0.00059
35612,962,dens_1374975991061431070,962,Density,<Substance CN1CCOCC1{solv}{x=0.758700}|O{solv}{x=0.241300}>,CN1CCOCC1,O,smee-spice2-systematic-torsion-generation_constrained-linear,1,0.9798885827101408,0.0002189643843688,0.9345300000000002,0.00112
35613,963,dhmix_686592400130667234,963,EnthalpyOfMixing,<Substance BrCCCBr{solv}{x=0.231300}|COC(C)=O{solv}{x=0.768700}>,BrCCCBr,COC(C)=O,smee-spice2-systematic-torsion-generation_constrained-linear,1,-0.0294796943623083,0.0356986435346673,0.2115,0.0024
35614,964,dhmix_691866222529030049,964,EnthalpyOfMixing,<Substance BrCCCBr{solv}{x=0.504200}|COC(C)=O{solv}{x=0.495800}>,BrCCCBr,COC(C)=O,smee-spice2-systematic-torsion-generation_constrained-linear,1,0.1216510162529047,0.0318702830705463,0.3912,0.0038
35615,965,dens_1032175440351342196,965,Density,<Substance BrCCCBr{solv}{x=0.243500}|COC(C)=O{solv}{x=0.756500}>,BrCCCBr,COC(C)=O,smee-spice2-systematic-torsion-generation_constrained-linear,1,1.2314133689250473,0.000354790403248,1.2277600000000002,0.00096
35616,966,dens_1180265274183315765,966,Density,<Substance BrCCCBr{solv}{x=0.713800}|COC(C)=O{solv}{x=0.286200}>,BrCCCBr,COC(C)=O,smee-spice2-systematic-torsion-generation_constrained-linear,1,1.6970873541639235,0.000487708493772,1.7174300000000005,0.002745
35617,967,dhmix_1380172638999588939,967,EnthalpyOfMixing,<Substance BrCCCBr{solv}{x=0.759400}|COC(C)=O{solv}{x=0.240600}>,BrCCCBr,COC(C)=O,smee-spice2-systematic-torsion-generation_constrained-linear,1,0.1102431067033897,0.0395262896561106,0.313,0.0032
35618,968,dens_1697077234757321859,968,Density,<Substance BrCCCBr{solv}{x=0.525600}|COC(C)=O{solv}{x=0.474400}>,BrCCCBr,COC(C)=O,smee-spice2-systematic-torsion-generation_constrained-linear,1,1.525951104316127,0.0004387630234025,1.5338800000000006,0.001965
35619,969,dens_693154680723850561,969,Density,<Substance CN1CCCC1=O{solv}{x=0.756400}|Cc1ccccc1{solv}{x=0.243600}>,CN1CCCC1=O,Cc1ccccc1,smee-spice2-systematic-torsion-generation_constrained-linear,1,0.9710291630909096,0.0001909662176275,0.9854500000000004,0.00034
35620,970,dhmix_1759507684169085916,970,EnthalpyOfMixing,<Substance CN1CCCC1=O{solv}{x=0.741800}|Cc1ccccc1{solv}{x=0.258200}>,CN1CCCC1=O,Cc1ccccc1,smee-spice2-systematic-torsion-generation_constrained-linear,1,0.0439512511929933,0.0466938582261522,-0.2141,0.0024
35621,971,dens_1796497685752507694,971,Density,<Substance CN1CCCC1=O{solv}{x=0.481500}|Cc1ccccc1{solv}{x=0.518500}>,CN1CCCC1=O,Cc1ccccc1,smee-spice2-systematic-torsion-generation_constrained-linear,1,0.9310454157399816,0.000246359859482,0.9415400000000002,0.00028
35622,972,dhmix_1857599089574133884,972,EnthalpyOfMixing,<Substance CN1CCCC1=O{solv}{x=0.223100}|Cc1ccccc1{solv}{x=0.776900}>,CN1CCCC1=O,Cc1ccccc1,smee-spice2-systematic-torsion-generation_constrained-linear,1,-0.081080155901489,0.0429274864224492,-0.1889,0.00215
35623,973,dens_1886489466266398819,973,Density,<Substance CN1CCCC1=O{solv}{x=0.221600}|Cc1ccccc1{solv}{x=0.778400}>,CN1CCCC1=O,Cc1ccccc1,smee-spice2-systematic-torsion-generation_constrained-linear,1,0.901713025260894,0.000212235278393,0.9061600000000002,0.00076
35624,974,dhmix_2238554893157725289,974,EnthalpyOfMixing,<Substance CN1CCCC1=O{solv}{x=0.482100}|Cc1ccccc1{solv}{x=0.517900}>,CN1CCCC1=O,Cc1ccccc1,smee-spice2-systematic-torsion-generation_constrained-linear,1,-0.0270042281838449,0.0345192986300822,-0.2985,0.0033
35625,975,dens_717951284355382404,975,Density,<Substance CN1CCCC1=O{solv}{x=0.702300}|ClCCCCCCCl{solv}{x=0.297700}>,CN1CCCC1=O,ClCCCCCCCl,smee-spice2-systematic-torsion-generation_constrained-linear,1,1.0333304015506868,0.0002325910902411,1.0416,0.0003
35626,976,dhmix_859697969059379656,976,EnthalpyOfMixing,<Substance CN1CCCC1=O{solv}{x=0.503000}|ClCCCCCCCl{solv}{x=0.497000}>,CN1CCCC1=O,ClCCCCCCCl,smee-spice2-systematic-torsion-generation_constrained-linear,1,0.3233353728327337,0.0435732058462685,-0.2,0.0025
35627,977,dhmix_916885053388204545,977,EnthalpyOfMixing,<Substance CN1CCCC1=O{solv}{x=0.212000}|ClCCCCCCCl{solv}{x=0.788000}>,CN1CCCC1=O,ClCCCCCCCl,smee-spice2-systematic-torsion-generation_constrained-linear,1,0.1812777684224329,0.0496572732225761,-0.13,0.002
35628,978,dens_1483670447992291960,978,Density,<Substance CN1CCCC1=O{solv}{x=0.201600}|ClCCCCCCCl{solv}{x=0.798400}>,CN1CCCC1=O,ClCCCCCCCl,smee-spice2-systematic-torsion-generation_constrained-linear,1,1.0601132248747154,0.000179010205912,1.0584000000000005,0.00055
35629,979,dens_1896555095774116819,979,Density,<Substance CN1CCCC1=O{solv}{x=0.504900}|ClCCCCCCCl{solv}{x=0.495100}>,CN1CCCC1=O,ClCCCCCCCl,smee-spice2-systematic-torsion-generation_constrained-linear,1,1.0455567287254586,0.0002318695531515,1.0490000000000002,0.00035
35630,980,dhmix_2039443272323887912,980,EnthalpyOfMixing,<Substance CN1CCCC1=O{solv}{x=0.797000}|ClCCCCCCCl{solv}{x=0.203000}>,CN1CCCC1=O,ClCCCCCCCl,smee-spice2-systematic-torsion-generation_constrained-linear,1,0.2457359758997199,0.0458611415267436,-0.123,0.002
35631,981,dhmix_729169544598225866,981,EnthalpyOfMixing,<Substance CN(C)C=O{solv}{x=0.203000}|ClCCCCCCCl{solv}{x=0.797000}>,CN(C)C=O,ClCCCCCCCl,smee-spice2-systematic-torsion-generation_constrained-linear,1,0.5374898997614821,0.0465487147055509,0.195,0.0025
35632,982,dhmix_1359105787212172230,982,EnthalpyOfMixing,<Substance CN(C)C=O{solv}{x=0.796000}|ClCCCCCCCl{solv}{x=0.204000}>,CN(C)C=O,ClCCCCCCCl,smee-spice2-systematic-torsion-generation_constrained-linear,1,0.5490017737427983,0.0384077408581123,0.24,0.0025
35633,983,dhmix_1534380829757525169,983,EnthalpyOfMixing,<Substance CN(C)C=O{solv}{x=0.498000}|ClCCCCCCCl{solv}{x=0.502000}>,CN(C)C=O,ClCCCCCCCl,smee-spice2-systematic-torsion-generation_constrained-linear,1,0.6282844479112768,0.0409438068828641,0.34,0.0025
35634,984,dens_1752369236407148840,984,Density,<Substance CN(C)C=O{solv}{x=0.503300}|ClCCCCCCCl{solv}{x=0.496700}>,CN(C)C=O,ClCCCCCCCl,smee-spice2-systematic-torsion-generation_constrained-linear,1,1.0155333739215686,0.000257131205459,1.0190000000000003,0.00155
35635,985,dens_2070195997725277466,985,Density,<Substance CN(C)C=O{solv}{x=0.703400}|ClCCCCCCCl{solv}{x=0.296600}>,CN(C)C=O,ClCCCCCCCl,smee-spice2-systematic-torsion-generation_constrained-linear,1,0.9855275360340554,0.0002755465917908,0.9943000000000002,0.0017
35636,986,dens_2171945276872385012,986,Density,<Substance CN(C)C=O{solv}{x=0.201300}|ClCCCCCCCl{solv}{x=0.798700}>,CN(C)C=O,ClCCCCCCCl,smee-spice2-systematic-torsion-generation_constrained-linear,1,1.0496325342983013,0.000241439570644,1.0486000000000002,0.0014
35637,987,dens_741100297092592576,987,Density,<Substance C1CCCCC1{solv}{x=0.265900}|C1CCOCC1{solv}{x=0.734100}>,C1CCCCC1,C1CCOCC1,smee-spice2-systematic-torsion-generation_constrained-linear,1,0.8455267559106402,0.000230749050669,0.8470300000000002,0.000505
35638,988,dens_1002639246322609242,988,Density,<Substance C1CCCCC1{solv}{x=0.762200}|C1CCOCC1{solv}{x=0.237800}>,C1CCCCC1,C1CCOCC1,smee-spice2-systematic-torsion-generation_constrained-linear,1,0.7889869635366709,0.0002464946532459,0.7952000000000002,0.000505
35639,989,dhmix_1171155554844966705,989,EnthalpyOfMixing,<Substance C1CCCCC1{solv}{x=0.247100}|C1CCOCC1{solv}{x=0.752900}>,C1CCCCC1,C1CCOCC1,smee-spice2-systematic-torsion-generation_constrained-linear,1,0.4399519161982539,0.041195561662983,0.3613,0.00395
35640,990,dens_2142973677177666085,990,Density,<Substance C1CCCCC1{solv}{x=0.501800}|C1CCOCC1{solv}{x=0.498200}>,C1CCCCC1,C1CCOCC1,smee-spice2-systematic-torsion-generation_constrained-linear,1,0.8175669462047822,0.0002267406864742,0.8211500000000002,0.000505
35641,991,dhmix_2195791820105752985,991,EnthalpyOfMixing,<Substance C1CCCCC1{solv}{x=0.726600}|C1CCOCC1{solv}{x=0.273400}>,C1CCCCC1,C1CCOCC1,smee-spice2-systematic-torsion-generation_constrained-linear,1,0.5998810300205264,0.0447893785285079,0.4424,0.00485
35642,992,dhmix_2296999979529762407,992,EnthalpyOfMixing,<Substance C1CCCCC1{solv}{x=0.499000}|C1CCOCC1{solv}{x=0.501000}>,C1CCCCC1,C1CCOCC1,smee-spice2-systematic-torsion-generation_constrained-linear,1,0.6685436501277593,0.0424358739643199,0.526,0.0055
35643,993,dhmix_744994939606384802,993,EnthalpyOfMixing,<Substance CO{solv}{x=0.300000}|O{solv}{x=0.700000}>,CO,O,smee-spice2-systematic-torsion-generation_constrained-linear,1,0.1204119382233539,0.0228728626691116,-0.85,0.005
35644,994,dens_1085345433585028387,994,Density,<Substance CO{solv}{x=0.499700}|O{solv}{x=0.500300}>,CO,O,smee-spice2-systematic-torsion-generation_constrained-linear,1,0.8451941422399347,0.0004692440349662,0.8816900000000003,0.000165
35645,995,dhmix_1126710771921470495,995,EnthalpyOfMixing,<Substance CO{solv}{x=0.700000}|O{solv}{x=0.300000}>,CO,O,smee-spice2-systematic-torsion-generation_constrained-linear,1,0.0597087948787944,0.026651477045926,-0.583,0.0035
35646,996,dens_1258832080354057572,996,Density,<Substance CO{solv}{x=0.300300}|O{solv}{x=0.699700}>,CO,O,smee-spice2-systematic-torsion-generation_constrained-linear,1,0.8885325601069451,0.0005250265863761,0.9252100000000004,0.000125
35647,997,dens_1758371820245200558,997,Density,<Substance CO{solv}{x=0.760500}|O{solv}{x=0.239500}>,CO,O,smee-spice2-systematic-torsion-generation_constrained-linear,1,0.8016147135185943,0.0004353654885914,0.8289000000000002,0.0001
35648,998,dhmix_1824296469249495553,998,EnthalpyOfMixing,<Substance CO{solv}{x=0.500000}|O{solv}{x=0.500000}>,CO,O,smee-spice2-systematic-torsion-generation_constrained-linear,1,0.0927011806028659,0.0226311296931219,-0.777,0.0045
35649,999,dhmix_753952445434773754,999,EnthalpyOfMixing,<Substance CCCCCCCCCl{solv}{x=0.493000}|CN1CCCC1=O{solv}{x=0.507000}>,CCCCCCCCCl,CN1CCCC1=O,smee-spice2-systematic-torsion-generation_constrained-linear,1,1.080628750263756,0.046042142197185,0.638,0.0035
35650,1000,dhmix_1273186684325800862,1000,EnthalpyOfMixing,<Substance CCCCCCCCCl{solv}{x=0.783000}|CN1CCCC1=O{solv}{x=0.217000}>,CCCCCCCCCl,CN1CCCC1=O,smee-spice2-systematic-torsion-generation_constrained-linear,1,0.7157758543855834,0.0509071871454555,0.371,0.003
35651,1001,dhmix_1457789704046029008,1001,EnthalpyOfMixing,<Substance CCCCCCCCCl{solv}{x=0.202000}|CN1CCCC1=O{solv}{x=0.798000}>,CCCCCCCCCl,CN1CCCC1=O,smee-spice2-systematic-torsion-generation_constrained-linear,1,0.8625636987614911,0.0445514188823358,0.5,0.0035
35652,1002,dens_1965529278608066299,1002,Density,<Substance CCCCCCCCCl{solv}{x=0.299500}|CN1CCCC1=O{solv}{x=0.700500}>,CCCCCCCCCl,CN1CCCC1=O,smee-spice2-systematic-torsion-generation_constrained-linear,1,0.9507263782491936,0.0002073740190188,0.9598000000000002,0.00025
35653,1003,dens_2167805246575708222,1003,Density,<Substance CCCCCCCCCl{solv}{x=0.798600}|CN1CCCC1=O{solv}{x=0.201400}>,CCCCCCCCCl,CN1CCCC1=O,smee-spice2-systematic-torsion-generation_constrained-linear,1,0.887302473834405,0.0001300917344234,0.8888000000000001,0.00055
35654,1004,dens_2177162670107081086,1004,Density,<Substance CCCCCCCCCl{solv}{x=0.497900}|CN1CCCC1=O{solv}{x=0.502100}>,CCCCCCCCCl,CN1CCCC1=O,smee-spice2-systematic-torsion-generation_constrained-linear,1,0.9222791261390324,0.0002117236937509,0.9269000000000002,0.00035
35655,1005,dhmix_756380521637559100,1005,EnthalpyOfMixing,<Substance C1COCCO1{solv}{x=0.500000}|O=C1CCCCC1{solv}{x=0.500000}>,C1COCCO1,O=C1CCCCC1,smee-spice2-systematic-torsion-generation_constrained-linear,1,0.1911777496317341,0.0397888933403082,0.28584,0.00154
35656,1006,dens_1139761443535371798,1006,Density,<Substance C1COCCO1{solv}{x=0.459400}|O=C1CCCCC1{solv}{x=0.540600}>,C1COCCO1,O=C1CCCCC1,smee-spice2-systematic-torsion-generation_constrained-linear,1,0.9717216221869486,0.000224304492063,0.9762000000000004,0.00025
35657,1007,dhmix_1367833850972054360,1007,EnthalpyOfMixing,<Substance C1COCCO1{solv}{x=0.750000}|O=C1CCCCC1{solv}{x=0.250000}>,C1COCCO1,O=C1CCCCC1,smee-spice2-systematic-torsion-generation_constrained-linear,1,0.1800222621660339,0.0367575982491042,0.23662,0.001355
35658,1008,dhmix_1533665710565492443,1008,EnthalpyOfMixing,<Substance C1COCCO1{solv}{x=0.250000}|O=C1CCCCC1{solv}{x=0.750000}>,C1COCCO1,O=C1CCCCC1,smee-spice2-systematic-torsion-generation_constrained-linear,1,0.1816714683724889,0.0424687174621509,0.20076,0.00121
35659,1009,dens_1556646832168598904,1009,Density,<Substance C1COCCO1{solv}{x=0.797800}|O=C1CCCCC1{solv}{x=0.202200}>,C1COCCO1,O=C1CCCCC1,smee-spice2-systematic-torsion-generation_constrained-linear,1,1.0135143500493586,0.000200480899647,1.0062000000000002,0.00025
35660,1010,dens_1806066395455679216,1010,Density,<Substance C1COCCO1{solv}{x=0.272000}|O=C1CCCCC1{solv}{x=0.728000}>,C1COCCO1,O=C1CCCCC1,smee-spice2-systematic-torsion-generation_constrained-linear,1,0.9520176184365312,0.0001802915921073,0.9614000000000004,0.00025
35661,1011,dhmix_781473821930081125,1011,EnthalpyOfMixing,<Substance CCOc1ccccc1{solv}{x=0.765100}|OCc1ccccc1{solv}{x=0.234900}>,CCOc1ccccc1,OCc1ccccc1,smee-spice2-systematic-torsion-generation_constrained-linear,1,0.8370688435839497,0.0504997567153526,1.083,0.0116
35662,1012,dhmix_966435122735090568,1012,EnthalpyOfMixing,<Substance CCOc1ccccc1{solv}{x=0.063600}|OCc1ccccc1{solv}{x=0.936400}>,CCOc1ccccc1,OCc1ccccc1,smee-spice2-systematic-torsion-generation_constrained-linear,1,0.1842874682236868,0.0485140082530075,0.1901,0.00225
35663,1013,dens_1184318999137642715,1013,Density,<Substance CCOc1ccccc1{solv}{x=0.064200}|OCc1ccccc1{solv}{x=0.935800}>,CCOc1ccccc1,OCc1ccccc1,smee-spice2-systematic-torsion-generation_constrained-linear,1,1.035749876584558,0.0001751961065566,1.02761,0.00011
35664,1014,dhmix_1518701992890040137,1014,EnthalpyOfMixing,<Substance CCOc1ccccc1{solv}{x=0.549900}|OCc1ccccc1{solv}{x=0.450100}>,CCOc1ccccc1,OCc1ccccc1,smee-spice2-systematic-torsion-generation_constrained-linear,1,0.7883279074289078,0.0511262835416656,1.0561,0.01135
35665,1015,dens_1575045736805268459,1015,Density,<Substance CCOc1ccccc1{solv}{x=0.459800}|OCc1ccccc1{solv}{x=0.540200}>,CCOc1ccccc1,OCc1ccccc1,smee-spice2-systematic-torsion-generation_constrained-linear,1,0.9981588610816912,0.0002014119625923,0.9925100000000002,0.00016
35666,1016,dens_2214650701288997434,1016,Density,<Substance CCOc1ccccc1{solv}{x=0.757200}|OCc1ccccc1{solv}{x=0.242800}>,CCOc1ccccc1,OCc1ccccc1,smee-spice2-systematic-torsion-generation_constrained-linear,1,0.974121553184276,0.0001928586076245,0.9686500000000002,0.000215
35667,1017,dens_800807749587668066,1017,Density,<Substance C1CCOCC1{solv}{x=0.733600}|c1ccncc1{solv}{x=0.266400}>,C1CCOCC1,c1ccncc1,smee-spice2-systematic-torsion-generation_constrained-linear,1,0.8981207024425613,0.0002566128261028,0.8933350000000002,0.000358
35668,1018,dhmix_836757145941804043,1018,EnthalpyOfMixing,<Substance C1CCOCC1{solv}{x=0.291500}|c1ccncc1{solv}{x=0.708500}>,C1CCOCC1,c1ccncc1,smee-spice2-systematic-torsion-generation_constrained-linear,1,0.0313770077010744,0.0391860870160735,0.0898,0.00095
35669,1019,dhmix_1003039131395935786,1019,EnthalpyOfMixing,<Substance C1CCOCC1{solv}{x=0.536300}|c1ccncc1{solv}{x=0.463700}>,C1CCOCC1,c1ccncc1,smee-spice2-systematic-torsion-generation_constrained-linear,1,0.0629282742071666,0.0425066378904236,0.1573,0.0013
35670,1020,dens_1859030547600172702,1020,Density,<Substance C1CCOCC1{solv}{x=0.241500}|c1ccncc1{solv}{x=0.758500}>,C1CCOCC1,c1ccncc1,smee-spice2-systematic-torsion-generation_constrained-linear,1,0.9635293680200914,0.0002385092835974,0.9525650000000004,0.000212
35671,1021,dhmix_2191254706131659314,1021,EnthalpyOfMixing,<Substance C1CCOCC1{solv}{x=0.734400}|c1ccncc1{solv}{x=0.265600}>,C1CCOCC1,c1ccncc1,smee-spice2-systematic-torsion-generation_constrained-linear,1,-0.0028998730674061,0.041477759000535,0.1564,0.0013
35672,1022,dens_2239470871208865925,1022,Density,<Substance C1CCOCC1{solv}{x=0.536400}|c1ccncc1{solv}{x=0.463600}>,C1CCOCC1,c1ccncc1,smee-spice2-systematic-torsion-generation_constrained-linear,1,0.9191035189691716,0.0002685735717422,0.9124250000000002,0.0002965
35673,1023,dens_801655585640229277,1023,Density,<Substance C1CCOCC1{solv}{x=0.777600}|CCCC(C)=O{solv}{x=0.222400}>,C1CCOCC1,CCCC(C)=O,smee-spice2-systematic-torsion-generation_constrained-linear,1,0.8578434739684251,0.0002680099095533,0.8602600000000002,0.000225
35674,1024,dhmix_1175081460677389458,1024,EnthalpyOfMixing,<Substance C1CCOCC1{solv}{x=0.250000}|CCCC(C)=O{solv}{x=0.750000}>,C1CCOCC1,CCCC(C)=O,smee-spice2-systematic-torsion-generation_constrained-linear,1,0.0838979752150379,0.0376419303954967,0.06014,0.00063
35675,1025,dens_1481139606755572767,1025,Density,<Substance C1CCOCC1{solv}{x=0.236100}|CCCC(C)=O{solv}{x=0.763900}>,C1CCOCC1,CCCC(C)=O,smee-spice2-systematic-torsion-generation_constrained-linear,1,0.8081313166251521,0.0002249118074445,0.8183900000000002,0.000215
35676,1026,dhmix_1531586108535895092,1026,EnthalpyOfMixing,<Substance C1CCOCC1{solv}{x=0.750000}|CCCC(C)=O{solv}{x=0.250000}>,C1CCOCC1,CCCC(C)=O,smee-spice2-systematic-torsion-generation_constrained-linear,1,0.139627058583784,0.0419201349664924,0.08245,0.000715
35677,1027,dhmix_2074691820693967219,1027,EnthalpyOfMixing,<Substance C1CCOCC1{solv}{x=0.500000}|CCCC(C)=O{solv}{x=0.500000}>,C1CCOCC1,CCCC(C)=O,smee-spice2-systematic-torsion-generation_constrained-linear,1,0.2254730567802703,0.0384231352422569,0.09128,0.000745
35678,1028,dens_2180187104403779312,1028,Density,<Substance C1CCOCC1{solv}{x=0.504600}|CCCC(C)=O{solv}{x=0.495400}>,C1CCOCC1,CCCC(C)=O,smee-spice2-systematic-torsion-generation_constrained-linear,1,0.8320279276679682,0.0002309886982248,0.8386000000000002,0.00022
35679,1029,dhmix_814516627068967115,1029,EnthalpyOfMixing,<Substance CCCOC=O{solv}{x=0.230800}|ClCCCCl{solv}{x=0.769200}>,CCCOC=O,ClCCCCl,smee-spice2-systematic-torsion-generation_constrained-linear,1,0.206286426819247,0.0327188385628817,-0.054,0.001
35680,1030,dens_853749747181024442,1030,Density,<Substance CCCOC=O{solv}{x=0.525500}|ClCCCCl{solv}{x=0.474500}>,CCCOC=O,ClCCCCl,smee-spice2-systematic-torsion-generation_constrained-linear,1,1.0409147625271309,0.000327700860864,1.0302400000000005,0.00176
35681,1031,dhmix_1623640482466530427,1031,EnthalpyOfMixing,<Substance CCCOC=O{solv}{x=0.750900}|ClCCCCl{solv}{x=0.249100}>,CCCOC=O,ClCCCCl,smee-spice2-systematic-torsion-generation_constrained-linear,1,0.1435856326079019,0.0400833381288772,-0.088,0.001
35682,1032,dens_1998603470347754754,1032,Density,<Substance CCCOC=O{solv}{x=0.233600}|ClCCCCl{solv}{x=0.766400}>,CCCOC=O,ClCCCCl,smee-spice2-systematic-torsion-generation_constrained-linear,1,1.1119863088057431,0.0003401992463484,1.1122200000000002,0.00274
35683,1033,dhmix_2003217087101692001,1033,EnthalpyOfMixing,<Substance CCCOC=O{solv}{x=0.514500}|ClCCCCl{solv}{x=0.485500}>,CCCOC=O,ClCCCCl,smee-spice2-systematic-torsion-generation_constrained-linear,1,0.1965092296473258,0.0344212672822982,-0.114,0.0015
35684,1034,dens_2020761603812222512,1034,Density,<Substance CCCOC=O{solv}{x=0.763600}|ClCCCCl{solv}{x=0.236400}>,CCCOC=O,ClCCCCl,smee-spice2-systematic-torsion-generation_constrained-linear,1,0.9816262075335048,0.0002583617145412,0.9644500000000004,0.00119
35685,1035,dens_828893303895070246,1035,Density,<Substance C1CCCCC1{solv}{x=0.249800}|CCCCCCCC{solv}{x=0.750200}>,C1CCCCC1,CCCCCCCC,smee-spice2-systematic-torsion-generation_constrained-linear,1,0.7058121951666233,0.0002111028510635,0.7110900000000002,0.000605
35686,1036,dhmix_1288938247372010686,1036,EnthalpyOfMixing,<Substance C1CCCCC1{solv}{x=0.751300}|CCCCCCCC{solv}{x=0.248700}>,C1CCCCC1,CCCCCCCC,smee-spice2-systematic-torsion-generation_constrained-linear,1,0.4723441331603624,0.0420667770150188,0.23,0.005
35687,1037,dens_1398337515687242649,1037,Density,<Substance C1CCCCC1{solv}{x=0.477700}|CCCCCCCC{solv}{x=0.522300}>,C1CCCCC1,CCCCCCCC,smee-spice2-systematic-torsion-generation_constrained-linear,1,0.7181971503534976,0.0002152169358807,0.7250300000000002,0.000585
35688,1038,dhmix_1429498464152515756,1038,EnthalpyOfMixing,<Substance C1CCCCC1{solv}{x=0.532400}|CCCCCCCC{solv}{x=0.467600}>,C1CCCCC1,CCCCCCCC,smee-spice2-systematic-torsion-generation_constrained-linear,1,0.5457528142080008,0.0457935522597108,0.258,0.005
35689,1039,dens_2267960821195706299,1039,Density,<Substance C1CCCCC1{solv}{x=0.796100}|CCCCCCCC{solv}{x=0.203900}>,C1CCCCC1,CCCCCCCC,smee-spice2-systematic-torsion-generation_constrained-linear,1,0.7425499675276442,0.0002035904174101,0.7509700000000002,0.00055
35690,1040,dhmix_2289023418386220795,1040,EnthalpyOfMixing,<Substance C1CCCCC1{solv}{x=0.274400}|CCCCCCCC{solv}{x=0.725600}>,C1CCCCC1,CCCCCCCC,smee-spice2-systematic-torsion-generation_constrained-linear,1,0.3569141599901115,0.0495784740615229,0.18,0.005
35691,1041,dens_848374876759596361,1041,Density,<Substance CC(C)OC(C)C{solv}{x=0.284600}|CCCCCl{solv}{x=0.715400}>,CC(C)OC(C)C,CCCCCl,smee-spice2-systematic-torsion-generation_constrained-linear,1,0.8253260647308298,0.000292868806972,0.8263210000000002,0.000365
35692,1042,dens_917492506874956672,1042,Density,<Substance CC(C)OC(C)C{solv}{x=0.808200}|CCCCCl{solv}{x=0.191800}>,CC(C)OC(C)C,CCCCCl,smee-spice2-systematic-torsion-generation_constrained-linear,1,0.7632335829200703,0.0002387119997571,0.7440910000000002,0.000448
35693,1043,dhmix_1107367594793013993,1043,EnthalpyOfMixing,<Substance CC(C)OC(C)C{solv}{x=0.272700}|CCCCCl{solv}{x=0.727300}>,CC(C)OC(C)C,CCCCCl,smee-spice2-systematic-torsion-generation_constrained-linear,1,-0.0864916646773821,0.0418067539022574,-0.0785,0.001
35694,1044,dhmix_1310204607958463222,1044,EnthalpyOfMixing,<Substance CC(C)OC(C)C{solv}{x=0.454700}|CCCCCl{solv}{x=0.545300}>,CC(C)OC(C)C,CCCCCl,smee-spice2-systematic-torsion-generation_constrained-linear,1,-0.1702104474910299,0.0423079858820743,-0.0954,0.0012
35695,1045,dhmix_1605157292498138629,1045,EnthalpyOfMixing,<Substance CC(C)OC(C)C{solv}{x=0.727400}|CCCCCl{solv}{x=0.272600}>,CC(C)OC(C)C,CCCCCl,smee-spice2-systematic-torsion-generation_constrained-linear,1,-0.1583418097185784,0.0498559199049454,-0.0732,0.00095
35696,1046,dens_1927916489732771888,1046,Density,<Substance CC(C)OC(C)C{solv}{x=0.484000}|CCCCCl{solv}{x=0.516000}>,CC(C)OC(C)C,CCCCCl,smee-spice2-systematic-torsion-generation_constrained-linear,1,0.7996062489810534,0.0002619189016216,0.7925060000000002,0.0004005
35697,1047,dens_860008765681738590,1047,Density,<Substance CN(CCO)CCO{solv}{x=0.231260}|c1ccncc1{solv}{x=0.768740}>,CN(CCO)CCO,c1ccncc1,smee-spice2-systematic-torsion-generation_constrained-linear,1,1.0123637950678737,0.0002199108592111,0.9906030000000002,0.0001015
35698,1048,dens_1253280811379348869,1048,Density,<Substance CN(CCO)CCO{solv}{x=0.670000}|c1ccncc1{solv}{x=0.330000}>,CN(CCO)CCO,c1ccncc1,smee-spice2-systematic-torsion-generation_constrained-linear,1,1.0425402591448358,0.0003131820080897,1.0161020000000005,0.000102
35699,1049,dhmix_1381513140604048573,1049,EnthalpyOfMixing,<Substance CN(CCO)CCO{solv}{x=0.473760}|c1ccncc1{solv}{x=0.526240}>,CN(CCO)CCO,c1ccncc1,smee-spice2-systematic-torsion-generation_constrained-linear,1,0.3802411560302516,0.0381305722283497,-0.093,0.001
35700,1050,dens_1460709448836415360,1050,Density,<Substance CN(CCO)CCO{solv}{x=0.473530}|c1ccncc1{solv}{x=0.526470}>,CN(CCO)CCO,c1ccncc1,smee-spice2-systematic-torsion-generation_constrained-linear,1,1.0302921802310452,0.0002098478124273,1.0044450000000005,0.0001015
35701,1051,dhmix_2085036308089359597,1051,EnthalpyOfMixing,<Substance CN(CCO)CCO{solv}{x=0.230610}|c1ccncc1{solv}{x=0.769390}>,CN(CCO)CCO,c1ccncc1,smee-spice2-systematic-torsion-generation_constrained-linear,1,0.3880095712390243,0.0350921205568539,-0.032,0.001
35702,1052,dhmix_2287943921901918379,1052,EnthalpyOfMixing,<Substance CN(CCO)CCO{solv}{x=0.669580}|c1ccncc1{solv}{x=0.330420}>,CN(CCO)CCO,c1ccncc1,smee-spice2-systematic-torsion-generation_constrained-linear,1,0.3563848999074821,0.0448707470857906,-0.12,0.0015
35703,1053,dens_929806754028972955,1053,Density,<Substance CCCC(=O)OC{solv}{x=0.695800}|COC(C)=O{solv}{x=0.304200}>,CCCC(=O)OC,COC(C)=O,smee-spice2-systematic-torsion-generation_constrained-linear,1,0.9056132485458886,0.0002502425587823,0.8997600000000002,0.000505
35704,1054,dhmix_1093843275803987368,1054,EnthalpyOfMixing,<Substance CCCC(=O)OC{solv}{x=0.482200}|COC(C)=O{solv}{x=0.517800}>,CCCC(=O)OC,COC(C)=O,smee-spice2-systematic-torsion-generation_constrained-linear,1,0.0506882964462818,0.0358410406259497,0.151,0.002
35705,1055,dens_1187818937240241755,1055,Density,<Substance CCCC(=O)OC{solv}{x=0.253600}|COC(C)=O{solv}{x=0.746400}>,CCCC(=O)OC,COC(C)=O,smee-spice2-systematic-torsion-generation_constrained-linear,1,0.9223809358280706,0.0002789789221965,0.9147400000000002,0.000505
35706,1056,dens_1462283017082249050,1056,Density,<Substance CCCC(=O)OC{solv}{x=0.545600}|COC(C)=O{solv}{x=0.454400}>,CCCC(=O)OC,COC(C)=O,smee-spice2-systematic-torsion-generation_constrained-linear,1,0.9106310409219516,0.0002323287128622,0.9041900000000004,0.000505
35707,1057,dhmix_1514470349370367756,1057,EnthalpyOfMixing,<Substance CCCC(=O)OC{solv}{x=0.226000}|COC(C)=O{solv}{x=0.774000}>,CCCC(=O)OC,COC(C)=O,smee-spice2-systematic-torsion-generation_constrained-linear,1,0.0587806522091938,0.0385490906357435,0.102,0.0015
35708,1058,dhmix_1615966506855005599,1058,EnthalpyOfMixing,<Substance CCCC(=O)OC{solv}{x=0.695800}|COC(C)=O{solv}{x=0.304200}>,CCCC(=O)OC,COC(C)=O,smee-spice2-systematic-torsion-generation_constrained-linear,1,0.0382663366339528,0.0425538744813124,0.122,0.0015
35709,1059,dens_931039395662625393,1059,Density,<Substance BrCCBr{solv}{x=0.510700}|CCOC=O{solv}{x=0.489300}>,BrCCBr,CCOC=O,smee-spice2-systematic-torsion-generation_constrained-linear,1,1.5784531581357366,0.0005512867599461,1.5742900000000004,0.00125
35710,1060,dhmix_1379448524788285045,1060,EnthalpyOfMixing,<Substance BrCCBr{solv}{x=0.503000}|CCOC=O{solv}{x=0.497000}>,BrCCBr,CCOC=O,smee-spice2-systematic-torsion-generation_constrained-linear,1,0.4752094873215675,0.0313883880518636,0.404,0.0054
35711,1061,dhmix_1589211680683586133,1061,EnthalpyOfMixing,<Substance BrCCBr{solv}{x=0.247500}|CCOC=O{solv}{x=0.752500}>,BrCCBr,CCOC=O,smee-spice2-systematic-torsion-generation_constrained-linear,1,0.3507940049231406,0.03218978458096,0.2492,0.0035
35712,1062,dens_1816072583621776909,1062,Density,<Substance BrCCBr{solv}{x=0.282500}|CCOC=O{solv}{x=0.717500}>,BrCCBr,CCOC=O,smee-spice2-systematic-torsion-generation_constrained-linear,1,1.3073679960835876,0.0003975544722114,1.2851500000000005,0.00131
35713,1063,dens_1857279480363338972,1063,Density,<Substance BrCCBr{solv}{x=0.750600}|CCOC=O{solv}{x=0.249400}>,BrCCBr,CCOC=O,smee-spice2-systematic-torsion-generation_constrained-linear,1,1.8425415593427217,0.0005735391966153,1.8698300000000003,0.000995
35714,1064,dhmix_2225135654541562913,1064,EnthalpyOfMixing,<Substance BrCCBr{solv}{x=0.734600}|CCOC=O{solv}{x=0.265400}>,BrCCBr,CCOC=O,smee-spice2-systematic-torsion-generation_constrained-linear,1,0.303591960889868,0.0335862825865993,0.3604,0.00485
35715,1065,dhmix_933824509566848172,1065,EnthalpyOfMixing,<Substance C1COCO1{solv}{x=0.350000}|CCCC(C)=O{solv}{x=0.650000}>,C1COCO1,CCCC(C)=O,smee-spice2-systematic-torsion-generation_constrained-linear,1,0.4119172412102161,0.0384359953723977,0.17755,0.001095
35716,1066,dens_1326756646981901590,1066,Density,<Substance C1COCO1{solv}{x=0.717400}|CCCC(C)=O{solv}{x=0.282600}>,C1COCO1,CCCC(C)=O,smee-spice2-systematic-torsion-generation_constrained-linear,1,0.9896097998109984,0.0002918825319746,0.9625500000000002,0.000245
35717,1067,dhmix_1386053902220878259,1067,EnthalpyOfMixing,<Substance C1COCO1{solv}{x=0.500000}|CCCC(C)=O{solv}{x=0.500000}>,C1COCO1,CCCC(C)=O,smee-spice2-systematic-torsion-generation_constrained-linear,1,0.5099716719991605,0.0387783404576117,0.21077,0.00122
35718,1068,dens_1490997112604690080,1068,Density,<Substance C1COCO1{solv}{x=0.349900}|CCCC(C)=O{solv}{x=0.650100}>,C1COCO1,CCCC(C)=O,smee-spice2-systematic-torsion-generation_constrained-linear,1,0.8710987120394005,0.0002444286156666,0.8687200000000003,0.00022
35719,1069,dens_1979377813631413053,1069,Density,<Substance C1COCO1{solv}{x=0.516900}|CCCC(C)=O{solv}{x=0.483100}>,C1COCO1,CCCC(C)=O,smee-spice2-systematic-torsion-generation_constrained-linear,1,0.9197527802630752,0.0002482190560523,0.9078200000000004,0.00023
35720,1070,dhmix_2113009728753201792,1070,EnthalpyOfMixing,<Substance C1COCO1{solv}{x=0.750000}|CCCC(C)=O{solv}{x=0.250000}>,C1COCO1,CCCC(C)=O,smee-spice2-systematic-torsion-generation_constrained-linear,1,0.4150703457169982,0.0318173337613738,0.17046,0.00107
35721,1071,dhmix_962524540250306235,1071,EnthalpyOfMixing,<Substance Cc1ccccc1N{solv}{x=0.268100}|c1ccncc1{solv}{x=0.731900}>,Cc1ccccc1N,c1ccncc1,smee-spice2-systematic-torsion-generation_constrained-linear,1,-1.1881079414907083,0.0341504214679843,-0.8915,0.0182
35722,1072,dhmix_1000930562998604270,1072,EnthalpyOfMixing,<Substance Cc1ccccc1N{solv}{x=0.773500}|c1ccncc1{solv}{x=0.226500}>,Cc1ccccc1N,c1ccncc1,smee-spice2-systematic-torsion-generation_constrained-linear,1,-0.7388553152480473,0.044916270402215,-0.7828,0.016
35723,1073,dens_1203111494553524663,1073,Density,<Substance Cc1ccccc1N{solv}{x=0.483700}|c1ccncc1{solv}{x=0.516300}>,Cc1ccccc1N,c1ccncc1,smee-spice2-systematic-torsion-generation_constrained-linear,1,1.0188256928071078,0.0002598264414368,0.9912370000000004,0.000117
35724,1074,dens_1316174752280431242,1074,Density,<Substance Cc1ccccc1N{solv}{x=0.237400}|c1ccncc1{solv}{x=0.762600}>,Cc1ccccc1N,c1ccncc1,smee-spice2-systematic-torsion-generation_constrained-linear,1,1.0084254307861524,0.0001700180240151,0.9863750000000002,0.000118
35725,1075,dhmix_1371524052813651708,1075,EnthalpyOfMixing,<Substance Cc1ccccc1N{solv}{x=0.482600}|c1ccncc1{solv}{x=0.517400}>,Cc1ccccc1N,c1ccncc1,smee-spice2-systematic-torsion-generation_constrained-linear,1,-1.4077653881849177,0.0341942002783083,-1.0329,0.02105
35726,1076,dens_2188924364196997512,1076,Density,<Substance Cc1ccccc1N{solv}{x=0.767800}|c1ccncc1{solv}{x=0.232200}>,Cc1ccccc1N,c1ccncc1,smee-spice2-systematic-torsion-generation_constrained-linear,1,1.0259923565752405,0.0001950439740479,0.9936220000000002,0.000117
35727,1077,dens_964556344607822867,1077,Density,<Substance CCCCCCCCC{solv}{x=0.696300}|COC(C)(C)C{solv}{x=0.303700}>,CCCCCCCCC,COC(C)(C)C,smee-spice2-systematic-torsion-generation_constrained-linear,1,0.7177308821395035,0.0001315276792028,0.7173600000000002,0.000295
35728,1078,dhmix_1091489740441728210,1078,EnthalpyOfMixing,<Substance CCCCCCCCC{solv}{x=0.260100}|COC(C)(C)C{solv}{x=0.739900}>,CCCCCCCCC,COC(C)(C)C,smee-spice2-systematic-torsion-generation_constrained-linear,1,0.6888391679582497,0.045552999966625,0.371,0.0075
35729,1079,dens_1264105858192356202,1079,Density,<Substance CCCCCCCCC{solv}{x=0.499200}|COC(C)(C)C{solv}{x=0.500800}>,CCCCCCCCC,COC(C)(C)C,smee-spice2-systematic-torsion-generation_constrained-linear,1,0.7236475877845651,0.0001878191382411,0.7207300000000002,0.00029
35730,1080,dhmix_1760873631242020891,1080,EnthalpyOfMixing,<Substance CCCCCCCCC{solv}{x=0.759600}|COC(C)(C)C{solv}{x=0.240400}>,CCCCCCCCC,COC(C)(C)C,smee-spice2-systematic-torsion-generation_constrained-linear,1,0.5807276606397238,0.0525997125382179,0.345,0.007
35731,1081,dens_2012579877169955729,1081,Density,<Substance CCCCCCCCC{solv}{x=0.199500}|COC(C)(C)C{solv}{x=0.800500}>,CCCCCCCCC,COC(C)(C)C,smee-spice2-systematic-torsion-generation_constrained-linear,1,0.7367594259775483,0.0002159613987223,0.7281100000000001,0.000285
35732,1082,dhmix_2200368758776542578,1082,EnthalpyOfMixing,<Substance CCCCCCCCC{solv}{x=0.513300}|COC(C)(C)C{solv}{x=0.486700}>,CCCCCCCCC,COC(C)(C)C,smee-spice2-systematic-torsion-generation_constrained-linear,1,0.8392149401107076,0.0466949518819982,0.486,0.0095
35733,1083,dhmix_972091313059406932,1083,EnthalpyOfMixing,<Substance CCCNCCC{solv}{x=0.248200}|CN(C)C=O{solv}{x=0.751800}>,CCCNCCC,CN(C)C=O,smee-spice2-systematic-torsion-generation_constrained-linear,1,0.1247934618418682,0.0429867158847085,0.613,0.0195
35734,1084,dhmix_1037416167092316519,1084,EnthalpyOfMixing,<Substance CCCNCCC{solv}{x=0.499500}|CN(C)C=O{solv}{x=0.500500}>,CCCNCCC,CN(C)C=O,smee-spice2-systematic-torsion-generation_constrained-linear,1,0.0779395733041212,0.0427362540249939,0.748,0.0225
35735,1085,dhmix_1525975551610336413,1085,EnthalpyOfMixing,<Substance CCCNCCC{solv}{x=0.749600}|CN(C)C=O{solv}{x=0.250400}>,CCCNCCC,CN(C)C=O,smee-spice2-systematic-torsion-generation_constrained-linear,1,0.0652851936518601,0.0486089601845239,0.529,0.017
35736,1086,dens_1610465641813938660,1086,Density,<Substance CCCNCCC{solv}{x=0.745900}|CN(C)C=O{solv}{x=0.254100}>,CCCNCCC,CN(C)C=O,smee-spice2-systematic-torsion-generation_constrained-linear,1,0.7799189235943244,0.0001887829470204,0.7687320000000002,0.0009355
35737,1087,dens_2129043605695010641,1087,Density,<Substance CCCNCCC{solv}{x=0.503400}|CN(C)C=O{solv}{x=0.496600}>,CCCNCCC,CN(C)C=O,smee-spice2-systematic-torsion-generation_constrained-linear,1,0.8170313416489114,0.0002120650213495,0.8108000000000002,0.0009885
35738,1088,dens_2129124855081233158,1088,Density,<Substance CCCNCCC{solv}{x=0.252300}|CN(C)C=O{solv}{x=0.747700}>,CCCNCCC,CN(C)C=O,smee-spice2-systematic-torsion-generation_constrained-linear,1,0.8641645773682484,0.0002136078424582,0.8674480000000002,0.0010625
35739,1089,dhmix_1022139531284796266,1089,EnthalpyOfMixing,<Substance CCCO{solv}{x=0.730200}|O=Cc1ccccc1{solv}{x=0.269800}>,CCCO,O=Cc1ccccc1,smee-spice2-systematic-torsion-generation_constrained-linear,1,1.0829655016029704,0.034788703744296,1.3784,0.00585
35740,1090,dens_1530410585842005416,1090,Density,<Substance CCCO{solv}{x=0.802500}|O=Cc1ccccc1{solv}{x=0.197500}>,CCCO,O=Cc1ccccc1,smee-spice2-systematic-torsion-generation_constrained-linear,1,0.8659952731100875,0.000241006447321,0.8676000000000003,0.0054
35741,1091,dens_1586325098516354010,1091,Density,<Substance CCCO{solv}{x=0.500300}|O=Cc1ccccc1{solv}{x=0.499700}>,CCCO,O=Cc1ccccc1,smee-spice2-systematic-torsion-generation_constrained-linear,1,0.9459008961022668,0.0001870566416006,0.9470000000000002,0.0035
35742,1092,dhmix_1860362391399300385,1092,EnthalpyOfMixing,<Substance CCCO{solv}{x=0.237400}|O=Cc1ccccc1{solv}{x=0.762600}>,CCCO,O=Cc1ccccc1,smee-spice2-systematic-torsion-generation_constrained-linear,1,0.9362834554314504,0.0402793816479067,1.2579,0.0055
35743,1093,dens_2022804020725863961,1093,Density,<Substance CCCO{solv}{x=0.192900}|O=Cc1ccccc1{solv}{x=0.807100}>,CCCO,O=Cc1ccccc1,smee-spice2-systematic-torsion-generation_constrained-linear,1,1.0106069558886617,0.0002340772481409,1.0128,0.00265
35744,1094,dhmix_2114980631721668598,1094,EnthalpyOfMixing,<Substance CCCO{solv}{x=0.517800}|O=Cc1ccccc1{solv}{x=0.482200}>,CCCO,O=Cc1ccccc1,smee-spice2-systematic-torsion-generation_constrained-linear,1,1.4031201875701529,0.0405092516152805,1.6361,0.00675
35745,1095,dens_1061385011202038988,1095,Density,<Substance CC(C)O{solv}{x=0.495900}|CCCCOCCO{solv}{x=0.504100}>,CC(C)O,CCCCOCCO,smee-spice2-systematic-torsion-generation_constrained-linear,1,0.8680644612439973,0.0002177667104944,0.8550000000000002,5.450000000000001e-05
35746,1096,dens_1314274960992474794,1096,Density,<Substance CC(C)O{solv}{x=0.292200}|CCCCOCCO{solv}{x=0.707800}>,CC(C)O,CCCCOCCO,smee-spice2-systematic-torsion-generation_constrained-linear,1,0.8832598861390398,0.0001784969175953,0.8743700000000002,4.600000000000001e-05
35747,1097,dens_1729117108592325655,1097,Density,<Substance CC(C)O{solv}{x=0.743300}|CCCCOCCO{solv}{x=0.256700}>,CC(C)O,CCCCOCCO,smee-spice2-systematic-torsion-generation_constrained-linear,1,0.842824770835473,0.0002069666009598,0.8247900000000001,5.600000000000001e-05
35748,1098,dens_1112128096721834081,1098,Density,<Substance CNCCO{solv}{x=0.800900}|O{solv}{x=0.199100}>,CNCCO,O,smee-spice2-systematic-torsion-generation_constrained-linear,1,0.9768707709080526,0.0002486184489157,0.9466300000000002,0.00032
35749,1099,dens_1381694863030749046,1099,Density,<Substance CNCCO{solv}{x=0.198700}|O{solv}{x=0.801300}>,CNCCO,O,smee-spice2-systematic-torsion-generation_constrained-linear,1,0.9888262241581176,0.0003715108916541,0.9960300000000002,0.00016
35750,1100,dhmix_1383192140212198237,1100,EnthalpyOfMixing,<Substance CNCCO{solv}{x=0.798800}|O{solv}{x=0.201200}>,CNCCO,O,smee-spice2-systematic-torsion-generation_constrained-linear,1,-0.9773367138770084,0.0431113993012502,-1.219,0.025
35751,1101,dens_1615304038745182966,1101,Density,<Substance CNCCO{solv}{x=0.504100}|O{solv}{x=0.495900}>,CNCCO,O,smee-spice2-systematic-torsion-generation_constrained-linear,1,0.985850759515116,0.0003655077273291,0.9688100000000002,0.000235
35752,1102,dhmix_1902240048183935170,1102,EnthalpyOfMixing,<Substance CNCCO{solv}{x=0.501700}|O{solv}{x=0.498300}>,CNCCO,O,smee-spice2-systematic-torsion-generation_constrained-linear,1,-1.5158537078968664,0.0349177361295283,-2.508,0.051
35753,1103,dhmix_2185888808838690563,1103,EnthalpyOfMixing,<Substance CNCCO{solv}{x=0.199200}|O{solv}{x=0.800800}>,CNCCO,O,smee-spice2-systematic-torsion-generation_constrained-linear,1,-1.0049405351369742,0.0220098862209419,-2.243,0.0455
35754,1104,dens_1155626281932782094,1104,Density,<Substance CCC(C)=O{solv}{x=0.292200}|CN1CCCC1=O{solv}{x=0.707800}>,CCC(C)=O,CN1CCCC1=O,smee-spice2-systematic-torsion-generation_constrained-linear,1,0.9451036826729012,0.0002073929215586,0.9591400000000002,0.00262
35755,1105,dens_1354588388489384902,1105,Density,<Substance CCC(C)=O{solv}{x=0.779300}|CN1CCCC1=O{solv}{x=0.220700}>,CCC(C)=O,CN1CCCC1=O,smee-spice2-systematic-torsion-generation_constrained-linear,1,0.8317854107299013,0.0002560099702365,0.8467600000000002,0.002595
35756,1106,dhmix_1468142552678388689,1106,EnthalpyOfMixing,<Substance CCC(C)=O{solv}{x=0.484100}|CN1CCCC1=O{solv}{x=0.515900}>,CCC(C)=O,CN1CCCC1=O,smee-spice2-systematic-torsion-generation_constrained-linear,1,0.2880102011028356,0.0359517126539132,-0.1675,0.00415
35757,1107,dhmix_1545004468946955771,1107,EnthalpyOfMixing,<Substance CCC(C)=O{solv}{x=0.246100}|CN1CCCC1=O{solv}{x=0.753900}>,CCC(C)=O,CN1CCCC1=O,smee-spice2-systematic-torsion-generation_constrained-linear,1,0.1354618150568995,0.04366592348276,-0.0999,0.0031
35758,1108,dhmix_1746826813990258300,1108,EnthalpyOfMixing,<Substance CCC(C)=O{solv}{x=0.732400}|CN1CCCC1=O{solv}{x=0.267600}>,CCC(C)=O,CN1CCCC1=O,smee-spice2-systematic-torsion-generation_constrained-linear,1,0.1490563144357537,0.0429797883958042,-0.0861,0.0029
35759,1109,dens_2035401379156582518,1109,Density,<Substance CCC(C)=O{solv}{x=0.479500}|CN1CCCC1=O{solv}{x=0.520500}>,CCC(C)=O,CN1CCCC1=O,smee-spice2-systematic-torsion-generation_constrained-linear,1,0.9033816304355984,0.0002114764531928,0.9166100000000004,0.00261
35760,1110,dens_1159403686634788877,1110,Density,<Substance C1CCOCC1{solv}{x=0.253600}|Cc1ccncc1{solv}{x=0.746400}>,C1CCOCC1,Cc1ccncc1,smee-spice2-systematic-torsion-generation_constrained-linear,1,0.9394466697389572,0.0002211468504655,0.9329390000000002,0.0002125
35761,1111,dhmix_1427533760370073434,1111,EnthalpyOfMixing,<Substance C1CCOCC1{solv}{x=0.241600}|Cc1ccncc1{solv}{x=0.758400}>,C1CCOCC1,Cc1ccncc1,smee-spice2-systematic-torsion-generation_constrained-linear,1,0.0346982011876662,0.0291306334368111,0.0975,0.001
35762,1112,dens_1586440979425114987,1112,Density,<Substance C1CCOCC1{solv}{x=0.491300}|Cc1ccncc1{solv}{x=0.508700}>,C1CCOCC1,Cc1ccncc1,smee-spice2-systematic-torsion-generation_constrained-linear,1,0.9213120081500896,0.0002008858111094,0.9162950000000002,0.0002825
35763,1113,dhmix_1681679230288000235,1113,EnthalpyOfMixing,<Substance C1CCOCC1{solv}{x=0.483400}|Cc1ccncc1{solv}{x=0.516600}>,C1CCOCC1,Cc1ccncc1,smee-spice2-systematic-torsion-generation_constrained-linear,1,0.0889464961482104,0.0390127259480277,0.1741,0.00135
35764,1114,dhmix_1854625047398559527,1114,EnthalpyOfMixing,<Substance C1CCOCC1{solv}{x=0.826200}|Cc1ccncc1{solv}{x=0.173800}>,C1CCOCC1,Cc1ccncc1,smee-spice2-systematic-torsion-generation_constrained-linear,1,0.147761884371576,0.0479674949587707,0.0948,0.001
35765,1115,dens_1998279082934343093,1115,Density,<Substance C1CCOCC1{solv}{x=0.826300}|Cc1ccncc1{solv}{x=0.173700}>,C1CCOCC1,Cc1ccncc1,smee-spice2-systematic-torsion-generation_constrained-linear,1,0.8845610610625004,0.0002418137374316,0.8827950000000002,0.000387
35766,1116,dens_1226224986443053492,1116,Density,<Substance CCOc1ccccc1{solv}{x=0.482600}|OCCc1ccccc1{solv}{x=0.517400}>,CCOc1ccccc1,OCCc1ccccc1,smee-spice2-systematic-torsion-generation_constrained-linear,1,0.9854275784593994,0.000158994664524,0.9803700000000002,0.00026
35767,1117,dens_1288457717872177367,1117,Density,<Substance CCOc1ccccc1{solv}{x=0.304100}|OCCc1ccccc1{solv}{x=0.695900}>,CCOc1ccccc1,OCCc1ccccc1,smee-spice2-systematic-torsion-generation_constrained-linear,1,0.996581598354098,0.0001648909860194,0.9909900000000004,0.00026
35768,1118,dhmix_1400067757990485972,1118,EnthalpyOfMixing,<Substance CCOc1ccccc1{solv}{x=0.738800}|OCCc1ccccc1{solv}{x=0.261200}>,CCOc1ccccc1,OCCc1ccccc1,smee-spice2-systematic-torsion-generation_constrained-linear,1,1.025421026506251,0.0539681345834292,1.1427,0.01225
35769,1119,dens_1419265414647987466,1119,Density,<Substance CCOc1ccccc1{solv}{x=0.792900}|OCCc1ccccc1{solv}{x=0.207100}>,CCOc1ccccc1,OCCc1ccccc1,smee-spice2-systematic-torsion-generation_constrained-linear,1,0.9678978273763872,0.0001970499907897,0.9624400000000004,0.00026
35770,1120,dhmix_1985234108792038812,1120,EnthalpyOfMixing,<Substance CCOc1ccccc1{solv}{x=0.485200}|OCCc1ccccc1{solv}{x=0.514800}>,CCOc1ccccc1,OCCc1ccccc1,smee-spice2-systematic-torsion-generation_constrained-linear,1,0.8787760220637608,0.0514261691474201,1.0249,0.011
35771,1121,dhmix_2203675640711482674,1121,EnthalpyOfMixing,<Substance CCOc1ccccc1{solv}{x=0.239100}|OCCc1ccccc1{solv}{x=0.760900}>,CCOc1ccccc1,OCCc1ccccc1,smee-spice2-systematic-torsion-generation_constrained-linear,1,0.6656538743287115,0.0475056869121518,0.6669,0.0072
35772,1122,dens_1247048173376376516,1122,Density,<Substance CCCCC(=O)OC{solv}{x=0.349300}|COC=O{solv}{x=0.650700}>,CCCCC(=O)OC,COC=O,smee-spice2-systematic-torsion-generation_constrained-linear,1,0.937362734367722,0.0002424790557127,0.9198400000000002,0.000115
35773,1123,dens_1283923442255956417,1123,Density,<Substance CCCCC(=O)OC{solv}{x=0.500000}|COC=O{solv}{x=0.500000}>,CCCCC(=O)OC,COC=O,smee-spice2-systematic-torsion-generation_constrained-linear,1,0.9214857931613072,0.0002315527978367,0.90817,0.00012
35774,1124,dhmix_1491739683552461043,1124,EnthalpyOfMixing,<Substance CCCCC(=O)OC{solv}{x=0.348600}|COC=O{solv}{x=0.651400}>,CCCCC(=O)OC,COC=O,smee-spice2-systematic-torsion-generation_constrained-linear,1,0.3532445182004693,0.0362243719792994,0.422,0.0045
35775,1125,dhmix_1747049492522889097,1125,EnthalpyOfMixing,<Substance CCCCC(=O)OC{solv}{x=0.523200}|COC=O{solv}{x=0.476800}>,CCCCC(=O)OC,COC=O,smee-spice2-systematic-torsion-generation_constrained-linear,1,0.2637440582964245,0.0417628611768077,0.409,0.0045
35776,1126,dhmix_1990853348078771210,1126,EnthalpyOfMixing,<Substance CCCCC(=O)OC{solv}{x=0.796800}|COC=O{solv}{x=0.203200}>,CCCCC(=O)OC,COC=O,smee-spice2-systematic-torsion-generation_constrained-linear,1,0.1641789830077726,0.0451743238472264,0.219,0.0025
35777,1127,dens_2269601061883384185,1127,Density,<Substance CCCCC(=O)OC{solv}{x=0.725800}|COC=O{solv}{x=0.274200}>,CCCCC(=O)OC,COC=O,smee-spice2-systematic-torsion-generation_constrained-linear,1,0.9037038409289035,0.0002421356041259,0.8955000000000002,0.000135
35778,1128,dens_1266839724964377205,1128,Density,<Substance Cn1ccnc1{solv}{x=0.779500}|O{solv}{x=0.220500}>,Cn1ccnc1,O,smee-spice2-systematic-torsion-generation_constrained-linear,1,1.033591557523035,0.0002808958961714,1.0360000000000005,0.00015
35779,1129,dens_1634862053132906887,1129,Density,<Substance Cn1ccnc1{solv}{x=0.498200}|O{solv}{x=0.501800}>,Cn1ccnc1,O,smee-spice2-systematic-torsion-generation_constrained-linear,1,1.0281934061284028,0.000259210657328,1.0416,0.00015
35780,1130,dens_1681126092995837883,1130,Density,<Substance Cn1ccnc1{solv}{x=0.216700}|O{solv}{x=0.783300}>,Cn1ccnc1,O,smee-spice2-systematic-torsion-generation_constrained-linear,1,1.0108188553678097,0.0003926327903901,1.0301000000000002,0.0001
35781,1131,dhmix_1311251505653939236,1131,EnthalpyOfMixing,<Substance CC(=O)CC(C)=O{solv}{x=0.598500}|O{solv}{x=0.401500}>,CC(=O)CC(C)=O,O,smee-spice2-systematic-torsion-generation_constrained-linear,1,0.5142649085990456,0.0357705981206802,0.4905,0.00555
35782,1132,dhmix_1367092272310773702,1132,EnthalpyOfMixing,<Substance CC(=O)CC(C)=O{solv}{x=0.749200}|O{solv}{x=0.250800}>,CC(=O)CC(C)=O,O,smee-spice2-systematic-torsion-generation_constrained-linear,1,0.5140928015345025,0.0415841521955193,0.6211,0.00695
35783,1133,dhmix_2033109088651196860,1133,EnthalpyOfMixing,<Substance CC(=O)CC(C)=O{solv}{x=0.200400}|O{solv}{x=0.799600}>,CC(=O)CC(C)=O,O,smee-spice2-systematic-torsion-generation_constrained-linear,1,0.1114939987346446,0.025917342902318,0.1562,0.0021
35784,1134,dens_1319073694995976411,1134,Density,<Substance CC(C)CO{solv}{x=0.762200}|OC1=NCCC1{solv}{x=0.237800}>,CC(C)CO,OC1=NCCC1,smee-spice2-systematic-torsion-generation_constrained-linear,1,0.8762348669643731,0.000279155960172,0.8623100000000001,0.000205
35785,1135,dhmix_1817161401911066523,1135,EnthalpyOfMixing,<Substance CC(C)CO{solv}{x=0.754900}|OC1=NCCC1{solv}{x=0.245100}>,CC(C)CO,OC1=NCCC1,smee-spice2-systematic-torsion-generation_constrained-linear,1,-0.4069554077843342,0.0494992847384495,0.2989,0.0033
35786,1136,dens_1852757585830259815,1136,Density,<Substance CC(C)CO{solv}{x=0.287400}|OC1=NCCC1{solv}{x=0.712600}>,CC(C)CO,OC1=NCCC1,smee-spice2-systematic-torsion-generation_constrained-linear,1,1.005054928037029,0.0002549637330861,1.0078300000000002,0.000155
35787,1137,dhmix_2057245570503088562,1137,EnthalpyOfMixing,<Substance CC(C)CO{solv}{x=0.259800}|OC1=NCCC1{solv}{x=0.740200}>,CC(C)CO,OC1=NCCC1,smee-spice2-systematic-torsion-generation_constrained-linear,1,-0.3275933349396212,0.0689710195119005,0.1798,0.00205
35788,1138,dens_2175875616459255266,1138,Density,<Substance CC(C)CO{solv}{x=0.489400}|OC1=NCCC1{solv}{x=0.510600}>,CC(C)CO,OC1=NCCC1,smee-spice2-systematic-torsion-generation_constrained-linear,1,0.9509346503171416,0.0006659490042474,0.9431100000000002,0.00017
35789,1139,dhmix_2273039716774959551,1139,EnthalpyOfMixing,<Substance CC(C)CO{solv}{x=0.497800}|OC1=NCCC1{solv}{x=0.502200}>,CC(C)CO,OC1=NCCC1,smee-spice2-systematic-torsion-generation_constrained-linear,1,-0.5820956256803029,0.0671001927811199,0.2775,0.0031
35790,1140,dens_1400897934227212514,1140,Density,<Substance CC(C)CC(C)(C)C{solv}{x=0.541100}|COC(C)=O{solv}{x=0.458900}>,CC(C)CC(C)(C)C,COC(C)=O,smee-spice2-systematic-torsion-generation_constrained-linear,1,0.7714705878627816,0.0002335504169196,0.7495700000000002,0.000505
35791,1141,dhmix_1534218615961922445,1141,EnthalpyOfMixing,<Substance CC(C)CC(C)(C)C{solv}{x=0.256000}|COC(C)=O{solv}{x=0.744000}>,CC(C)CC(C)(C)C,COC(C)=O,smee-spice2-systematic-torsion-generation_constrained-linear,1,1.596956016753893,0.0387819618240747,1.385,0.015
35792,1142,dhmix_1663557420681143866,1142,EnthalpyOfMixing,<Substance CC(C)CC(C)(C)C{solv}{x=0.540600}|COC(C)=O{solv}{x=0.459400}>,CC(C)CC(C)(C)C,COC(C)=O,smee-spice2-systematic-torsion-generation_constrained-linear,1,2.0457301942037596,0.035597640583277,1.759,0.019
35793,1143,dens_1833608859418637606,1143,Density,<Substance CC(C)CC(C)(C)C{solv}{x=0.736400}|COC(C)=O{solv}{x=0.263600}>,CC(C)CC(C)(C)C,COC(C)=O,smee-spice2-systematic-torsion-generation_constrained-linear,1,0.7407668536587362,0.0002200563760673,0.7171000000000002,0.00015
35794,1144,dhmix_1913788848230724771,1144,EnthalpyOfMixing,<Substance CC(C)CC(C)(C)C{solv}{x=0.783300}|COC(C)=O{solv}{x=0.216700}>,CC(C)CC(C)(C)C,COC(C)=O,smee-spice2-systematic-torsion-generation_constrained-linear,1,1.547758619721188,0.0541829276809199,1.149,0.0125
35795,1145,dens_2018568384717712900,1145,Density,<Substance CC(C)CC(C)(C)C{solv}{x=0.238900}|COC(C)=O{solv}{x=0.761100}>,CC(C)CC(C)(C)C,COC(C)=O,smee-spice2-systematic-torsion-generation_constrained-linear,1,0.8438360079012572,0.0002218946621935,0.8248000000000002,0.0001
35796,1146,dens_1465225466328543955,1146,Density,<Substance Cc1cccnc1{solv}{x=0.225000}|O{solv}{x=0.775000}>,Cc1cccnc1,O,smee-spice2-systematic-torsion-generation_constrained-linear,1,0.9698455567617724,0.0003672298145343,0.9921000000000002,0.0003
35797,1147,dens_1644445312716340330,1147,Density,<Substance Cc1cccnc1{solv}{x=0.500000}|O{solv}{x=0.500000}>,Cc1cccnc1,O,smee-spice2-systematic-torsion-generation_constrained-linear,1,0.964632628442068,0.0003123158647931,0.9797000000000002,0.0003
35798,1148,dens_2262998332454406432,1148,Density,<Substance Cc1cccnc1{solv}{x=0.700000}|O{solv}{x=0.300000}>,Cc1cccnc1,O,smee-spice2-systematic-torsion-generation_constrained-linear,1,0.9634682714597504,0.000284140748352,0.9690000000000002,0.0003
35799,1149,dens_1601780542508306264,1149,Density,<Substance CC(=O)N(C)C{solv}{x=0.771800}|CCOC(C)=O{solv}{x=0.228200}>,CC(=O)N(C)C,CCOC(C)=O,smee-spice2-systematic-torsion-generation_constrained-linear,1,0.905396668532242,0.0002325843767844,0.9286200000000002,0.000185
35800,1150,dens_2126546638582188774,1150,Density,<Substance CC(=O)N(C)C{solv}{x=0.464600}|CCOC(C)=O{solv}{x=0.535400}>,CC(=O)N(C)C,CCOC(C)=O,smee-spice2-systematic-torsion-generation_constrained-linear,1,0.9060598413509902,0.0002623975579663,0.9166300000000002,0.00022
35801,1151,dens_2159432384130350508,1151,Density,<Substance CC(=O)N(C)C{solv}{x=0.233100}|CCOC(C)=O{solv}{x=0.766900}>,CC(=O)N(C)C,CCOC(C)=O,smee-spice2-systematic-torsion-generation_constrained-linear,1,0.9059526898664928,0.0002319631440189,0.9064300000000002,0.000245
35802,1152,dens_1713891284028890335,1152,Density,<Substance CC(=O)O{solv}{x=0.798900}|CCOC(C)=O{solv}{x=0.201100}>,CC(=O)O,CCOC(C)=O,smee-spice2-systematic-torsion-generation_constrained-linear,1,1.032429033340315,0.0002943197993199,0.9996600000000002,0.000225
35803,1153,dens_1856345418041920174,1153,Density,<Substance CC(=O)O{solv}{x=0.500700}|CCOC(C)=O{solv}{x=0.499300}>,CC(=O)O,CCOC(C)=O,smee-spice2-systematic-torsion-generation_constrained-linear,1,0.972804660456583,0.0002948507898831,0.9514000000000002,0.00018
35804,1154,dens_2035334988982485653,1154,Density,<Substance CC(=O)O{solv}{x=0.294400}|CCOC(C)=O{solv}{x=0.705600}>,CC(=O)O,CCOC(C)=O,smee-spice2-systematic-torsion-generation_constrained-linear,1,0.9413751507692596,0.0002971592888717,0.9255000000000002,0.00016
35805,1155,dhmix_592425981731704,0,EnthalpyOfMixing,<Substance C1CCCCC1{solv}{x=0.100300}|Cc1ccccc1{solv}{x=0.899700}>,C1CCCCC1,Cc1ccccc1,smee-spice2-systematic-torsion-generation_constrained-linear,2,0.3433860018283496,0.049642155870223,0.2015,0.0015
35806,1156,dens_191923210986624643,1,Density,<Substance C1CCCCC1{solv}{x=0.697700}|Cc1ccccc1{solv}{x=0.302300}>,C1CCCCC1,Cc1ccccc1,smee-spice2-systematic-torsion-generation_constrained-linear,2,0.7735060385405426,0.0002569903769995,0.7818000000000002,0.00041
35807,1157,dens_699555827256664507,2,Density,<Substance C1CCCCC1{solv}{x=0.100000}|Cc1ccccc1{solv}{x=0.900000}>,C1CCCCC1,Cc1ccccc1,smee-spice2-systematic-torsion-generation_constrained-linear,2,0.8329880738519407,0.000250944969506,0.8378000000000001,0.00025
35808,1158,dhmix_997331474504366167,3,EnthalpyOfMixing,<Substance C1CCCCC1{solv}{x=0.697900}|Cc1ccccc1{solv}{x=0.302100}>,C1CCCCC1,Cc1ccccc1,smee-spice2-systematic-torsion-generation_constrained-linear,2,0.7594509103617497,0.0415114663142499,0.5221,0.0034
35809,1159,dhmix_1586684551148150215,4,EnthalpyOfMixing,<Substance C1CCCCC1{solv}{x=0.397600}|Cc1ccccc1{solv}{x=0.602400}>,C1CCCCC1,Cc1ccccc1,smee-spice2-systematic-torsion-generation_constrained-linear,2,0.7582789187198529,0.0347954815830872,0.5887,0.0038
35810,1160,dens_1809100412119556796,5,Density,<Substance C1CCCCC1{solv}{x=0.397500}|Cc1ccccc1{solv}{x=0.602500}>,C1CCCCC1,Cc1ccccc1,smee-spice2-systematic-torsion-generation_constrained-linear,2,0.8167723049108792,0.0002466802605432,0.8228000000000002,0.0002
35811,1161,dhmix_1261378482688431,6,EnthalpyOfMixing,<Substance CCC(C)=O{solv}{x=0.510600}|Nc1ccccc1{solv}{x=0.489400}>,CCC(C)=O,Nc1ccccc1,smee-spice2-systematic-torsion-generation_constrained-linear,2,0.1118968021122626,0.0357814305924022,-1.173,0.0125
35812,1162,dhmix_157258283975731553,7,EnthalpyOfMixing,<Substance CCC(C)=O{solv}{x=0.901800}|Nc1ccccc1{solv}{x=0.098200}>,CCC(C)=O,Nc1ccccc1,smee-spice2-systematic-torsion-generation_constrained-linear,2,-0.1206754342175884,0.0397114883573669,-0.469,0.005
35813,1163,dens_610648476268376520,8,Density,<Substance CCC(C)=O{solv}{x=0.502600}|Nc1ccccc1{solv}{x=0.497400}>,CCC(C)=O,Nc1ccccc1,smee-spice2-systematic-torsion-generation_constrained-linear,2,0.9319258065043612,0.0002256724072355,0.9213850000000002,5.650000000000002e-05
35814,1164,dens_1388487494953421117,9,Density,<Substance CCC(C)=O{solv}{x=0.901900}|Nc1ccccc1{solv}{x=0.098100}>,CCC(C)=O,Nc1ccccc1,smee-spice2-systematic-torsion-generation_constrained-linear,2,0.8100703011943947,0.0002747074792223,0.8265540000000001,7.200000000000002e-05
35815,1165,dhmix_1389656513678923263,10,EnthalpyOfMixing,<Substance CCC(C)=O{solv}{x=0.209900}|Nc1ccccc1{solv}{x=0.790100}>,CCC(C)=O,Nc1ccccc1,smee-spice2-systematic-torsion-generation_constrained-linear,2,0.278430465332093,0.0429779381485954,-0.648,0.007
35816,1166,dens_2115628806769415578,11,Density,<Substance CCC(C)=O{solv}{x=0.256300}|Nc1ccccc1{solv}{x=0.743700}>,CCC(C)=O,Nc1ccccc1,smee-spice2-systematic-torsion-generation_constrained-linear,2,1.0060871459769358,0.0002867245009219,0.9712300000000004,4.900000000000001e-05
35817,1167,dens_1379242187515209,12,Density,<Substance CC#N{solv}{x=0.795200}|CCCCOCCCC{solv}{x=0.204800}>,CC#N,CCCCOCCCC,smee-spice2-systematic-torsion-generation_constrained-linear,2,0.7744850508790911,0.0002759603911951,0.7708800000000002,0.000245
35818,1168,dhmix_575991096898484441,13,EnthalpyOfMixing,<Substance CC#N{solv}{x=0.488600}|CCCCOCCCC{solv}{x=0.511400}>,CC#N,CCCCOCCCC,smee-spice2-systematic-torsion-generation_constrained-linear,2,0.6212361550505818,0.0423492234218335,1.26543,0.00796
35819,1169,dhmix_1182924089945476872,14,EnthalpyOfMixing,<Substance CC#N{solv}{x=0.241600}|CCCCOCCCC{solv}{x=0.758400}>,CC#N,CCCCOCCCC,smee-spice2-systematic-torsion-generation_constrained-linear,2,0.5003326965996848,0.0517909783761134,0.94593,0.00601
35820,1170,dhmix_1244492966201685063,15,EnthalpyOfMixing,<Substance CC#N{solv}{x=0.795200}|CCCCOCCCC{solv}{x=0.204800}>,CC#N,CCCCOCCCC,smee-spice2-systematic-torsion-generation_constrained-linear,2,0.4460575187504538,0.0330945510194584,0.94289,0.005995
35821,1171,dens_2044032309137951705,16,Density,<Substance CC#N{solv}{x=0.245500}|CCCCOCCCC{solv}{x=0.754500}>,CC#N,CCCCOCCCC,smee-spice2-systematic-torsion-generation_constrained-linear,2,0.768383997738233,0.0002043905051141,0.7653000000000001,0.00028
35822,1172,dens_2211436825174998797,17,Density,<Substance CC#N{solv}{x=0.509800}|CCCCOCCCC{solv}{x=0.490200}>,CC#N,CCCCOCCCC,smee-spice2-systematic-torsion-generation_constrained-linear,2,0.7706613665183211,0.0002312035095169,0.7671500000000001,0.00026
35823,1173,dens_1820034175228694,18,Density,<Substance C1CCCCC1{solv}{x=0.540900}|CN1CCCC1=O{solv}{x=0.459100}>,C1CCCCC1,CN1CCCC1=O,smee-spice2-systematic-torsion-generation_constrained-linear,2,0.864093146791991,0.0002179068913117,0.8757100000000002,0.000335
35824,1174,dhmix_1335365307191460458,19,EnthalpyOfMixing,<Substance C1CCCCC1{solv}{x=0.751800}|CN1CCCC1=O{solv}{x=0.248200}>,C1CCCCC1,CN1CCCC1=O,smee-spice2-systematic-torsion-generation_constrained-linear,2,1.539691529186662,0.0453618079720523,1.1998,0.01285
35825,1175,dens_1375048033230012198,20,Density,<Substance C1CCCCC1{solv}{x=0.733200}|CN1CCCC1=O{solv}{x=0.266800}>,C1CCCCC1,CN1CCCC1=O,smee-spice2-systematic-torsion-generation_constrained-linear,2,0.8187797973895576,0.0002171780453353,0.8287300000000002,0.0004
35826,1176,dhmix_1563298635135474599,21,EnthalpyOfMixing,<Substance C1CCCCC1{solv}{x=0.278900}|CN1CCCC1=O{solv}{x=0.721100}>,C1CCCCC1,CN1CCCC1=O,smee-spice2-systematic-torsion-generation_constrained-linear,2,1.5872330977266458,0.0445595209109466,1.2061,0.0129
35827,1177,dens_1606235786379262481,22,Density,<Substance C1CCCCC1{solv}{x=0.227500}|CN1CCCC1=O{solv}{x=0.772500}>,C1CCCCC1,CN1CCCC1=O,smee-spice2-systematic-torsion-generation_constrained-linear,2,0.9431730373109476,0.0002159576191915,0.9583800000000002,0.000245
35828,1178,dhmix_1683219349338278021,23,EnthalpyOfMixing,<Substance C1CCCCC1{solv}{x=0.473400}|CN1CCCC1=O{solv}{x=0.526600}>,C1CCCCC1,CN1CCCC1=O,smee-spice2-systematic-torsion-generation_constrained-linear,2,1.875594871507543,0.0433528351512519,1.4691,0.0157
35829,1179,dens_4438302718372985,24,Density,<Substance BrCCCCBr{solv}{x=0.717000}|COC=O{solv}{x=0.283000}>,BrCCCCBr,COC=O,smee-spice2-systematic-torsion-generation_constrained-linear,2,1.6567285253060593,0.000462389556119,1.6702600000000003,0.00259
35830,1180,dhmix_369816950910078034,25,EnthalpyOfMixing,<Substance BrCCCCBr{solv}{x=0.778200}|COC=O{solv}{x=0.221800}>,BrCCCCBr,COC=O,smee-spice2-systematic-torsion-generation_constrained-linear,2,0.7493683851122626,0.0439826656106728,0.6355,0.0057
35831,1181,dens_460757700461114532,26,Density,<Substance BrCCCCBr{solv}{x=0.495800}|COC=O{solv}{x=0.504200}>,BrCCCCBr,COC=O,smee-spice2-systematic-torsion-generation_constrained-linear,2,1.516401085721269,0.0003199918754246,1.5176800000000004,0.001885
35832,1182,dhmix_1496821399278454353,27,EnthalpyOfMixing,<Substance BrCCCCBr{solv}{x=0.265400}|COC=O{solv}{x=0.734600}>,BrCCCCBr,COC=O,smee-spice2-systematic-torsion-generation_constrained-linear,2,0.9091365982185292,0.0348336518753215,0.8185,0.00715
35833,1183,dens_1750413656870357630,28,Density,<Substance BrCCCCBr{solv}{x=0.225800}|COC=O{solv}{x=0.774200}>,BrCCCCBr,COC=O,smee-spice2-systematic-torsion-generation_constrained-linear,2,1.284181802379499,0.0003932822886915,1.2671300000000003,0.00104
35834,1184,dhmix_1802862930607761431,29,EnthalpyOfMixing,<Substance BrCCCCBr{solv}{x=0.482000}|COC=O{solv}{x=0.518000}>,BrCCCCBr,COC=O,smee-spice2-systematic-torsion-generation_constrained-linear,2,1.0470117897081117,0.0337509640224065,1.0243,0.0087
35835,1185,dhmix_8447570649359775,30,EnthalpyOfMixing,<Substance OCCO{solv}{x=0.481700}|OCc1ccccc1{solv}{x=0.518300}>,OCCO,OCc1ccccc1,smee-spice2-systematic-torsion-generation_constrained-linear,2,0.1653891545369674,0.04233696879309,0.201,0.00465
35836,1186,dens_824372741354282107,31,Density,<Substance OCCO{solv}{x=0.505700}|OCc1ccccc1{solv}{x=0.494300}>,OCCO,OCc1ccccc1,smee-spice2-systematic-torsion-generation_constrained-linear,2,1.0680853083888966,0.0002553467645289,1.0579000000000005,0.00027
35837,1187,dens_1105173553343721111,32,Density,<Substance OCCO{solv}{x=0.737100}|OCc1ccccc1{solv}{x=0.262900}>,OCCO,OCc1ccccc1,smee-spice2-systematic-torsion-generation_constrained-linear,2,1.0877606342393416,0.0002233739085838,1.0753200000000005,0.000275
35838,1188,dhmix_1362282802315816638,33,EnthalpyOfMixing,<Substance OCCO{solv}{x=0.736100}|OCc1ccccc1{solv}{x=0.263900}>,OCCO,OCc1ccccc1,smee-spice2-systematic-torsion-generation_constrained-linear,2,0.1213654901631571,0.0425059618794683,0.1383,0.0037
35839,1189,dhmix_1666683879028583081,34,EnthalpyOfMixing,<Substance OCCO{solv}{x=0.236500}|OCc1ccccc1{solv}{x=0.763500}>,OCCO,OCc1ccccc1,smee-spice2-systematic-torsion-generation_constrained-linear,2,0.2402553611255768,0.0457212153090615,0.209,0.0048
35840,1190,dens_1698159396404241323,35,Density,<Substance OCCO{solv}{x=0.262200}|OCc1ccccc1{solv}{x=0.737800}>,OCCO,OCc1ccccc1,smee-spice2-systematic-torsion-generation_constrained-linear,2,1.0536513989092129,0.0001881614471507,1.0442900000000002,0.000265
35841,1191,dens_8507121971977381,36,Density,<Substance CCOC(C)(C)C{solv}{x=0.505000}|Cc1ccccc1{solv}{x=0.495000}>,CCOC(C)(C)C,Cc1ccccc1,smee-spice2-systematic-torsion-generation_constrained-linear,2,0.8049955364160787,0.0002148258387585,0.7937390000000002,0.000467
35842,1192,dens_499290591626962121,37,Density,<Substance CCOC(C)(C)C{solv}{x=0.217000}|Cc1ccccc1{solv}{x=0.783000}>,CCOC(C)(C)C,Cc1ccccc1,smee-spice2-systematic-torsion-generation_constrained-linear,2,0.8352290373205544,0.0002437318135213,0.8314450000000002,0.000411
35843,1193,dhmix_820491025608256793,38,EnthalpyOfMixing,<Substance CCOC(C)(C)C{solv}{x=0.501900}|Cc1ccccc1{solv}{x=0.498100}>,CCOC(C)(C)C,Cc1ccccc1,smee-spice2-systematic-torsion-generation_constrained-linear,2,-0.1908173405774675,0.0437634523567541,-0.046,0.00055
35844,1194,dhmix_1374163681483564129,39,EnthalpyOfMixing,<Substance CCOC(C)(C)C{solv}{x=0.248900}|Cc1ccccc1{solv}{x=0.751100}>,CCOC(C)(C)C,Cc1ccccc1,smee-spice2-systematic-torsion-generation_constrained-linear,2,-0.1795524564180226,0.0390973714815958,-0.0324,0.0005
35845,1195,dens_1904998692863983733,40,Density,<Substance CCOC(C)(C)C{solv}{x=0.701000}|Cc1ccccc1{solv}{x=0.299000}>,CCOC(C)(C)C,Cc1ccccc1,smee-spice2-systematic-torsion-generation_constrained-linear,2,0.7853902058483594,0.0002456414653434,0.7696300000000001,0.000503
35846,1196,dhmix_1982853461678580310,41,EnthalpyOfMixing,<Substance CCOC(C)(C)C{solv}{x=0.749500}|Cc1ccccc1{solv}{x=0.250500}>,CCOC(C)(C)C,Cc1ccccc1,smee-spice2-systematic-torsion-generation_constrained-linear,2,-0.0490447813749597,0.0429189592334637,-0.0348,0.0005
35847,1197,dhmix_13624411991961099,42,EnthalpyOfMixing,<Substance C1CCOCC1{solv}{x=0.237900}|Cc1ccccc1N{solv}{x=0.762100}>,C1CCOCC1,Cc1ccccc1N,smee-spice2-systematic-torsion-generation_constrained-linear,2,-0.0514605429122809,0.0460924143399546,-0.3658,0.004
35848,1198,dhmix_510299013171775812,43,EnthalpyOfMixing,<Substance C1CCOCC1{solv}{x=0.741000}|Cc1ccccc1N{solv}{x=0.259000}>,C1CCOCC1,Cc1ccccc1N,smee-spice2-systematic-torsion-generation_constrained-linear,2,-0.0167067646839029,0.0484898114982599,-0.4892,0.0053
35849,1199,dhmix_1337006691942958969,44,EnthalpyOfMixing,<Substance C1CCOCC1{solv}{x=0.490100}|Cc1ccccc1N{solv}{x=0.509900}>,C1CCOCC1,Cc1ccccc1N,smee-spice2-systematic-torsion-generation_constrained-linear,2,0.0356305552342988,0.0457604352921305,-0.5715,0.0062
35850,1200,dens_1448062547628404156,45,Density,<Substance C1CCOCC1{solv}{x=0.727900}|Cc1ccccc1N{solv}{x=0.272100}>,C1CCOCC1,Cc1ccccc1N,smee-spice2-systematic-torsion-generation_constrained-linear,2,0.9261770716187632,0.0002374395140552,0.91866,0.000285
35851,1201,dens_2171966897328079405,46,Density,<Substance C1CCOCC1{solv}{x=0.498600}|Cc1ccccc1N{solv}{x=0.501400}>,C1CCOCC1,Cc1ccccc1N,smee-spice2-systematic-torsion-generation_constrained-linear,2,0.9608743258407592,0.0002437331614553,0.9459860000000002,0.0002275
35852,1202,dens_2201621104799327758,47,Density,<Substance C1CCOCC1{solv}{x=0.229700}|Cc1ccccc1N{solv}{x=0.770300}>,C1CCOCC1,Cc1ccccc1N,smee-spice2-systematic-torsion-generation_constrained-linear,2,0.9996581292223196,0.0003217474973671,0.9734540000000002,0.000164
35853,1203,dens_15008167137789802,48,Density,<Substance CCCCCl{solv}{x=0.299200}|CN(C)C=O{solv}{x=0.700800}>,CCCCCl,CN(C)C=O,smee-spice2-systematic-torsion-generation_constrained-linear,2,0.9074823989668948,0.0002689934103135,0.9218000000000002,0.0002
35854,1204,dens_550868133232739009,49,Density,<Substance CCCCCl{solv}{x=0.701200}|CN(C)C=O{solv}{x=0.298800}>,CCCCCl,CN(C)C=O,smee-spice2-systematic-torsion-generation_constrained-linear,2,0.8841109914280981,0.0003117090304357,0.8963000000000002,0.0002
35855,1205,dhmix_1315230298567753558,50,EnthalpyOfMixing,<Substance CCCCCl{solv}{x=0.793000}|CN(C)C=O{solv}{x=0.207000}>,CCCCCl,CN(C)C=O,smee-spice2-systematic-torsion-generation_constrained-linear,2,0.7045157683122767,0.0340025036003391,0.404,0.003
35856,1206,dhmix_1929975181819720491,51,EnthalpyOfMixing,<Substance CCCCCl{solv}{x=0.493000}|CN(C)C=O{solv}{x=0.507000}>,CCCCCl,CN(C)C=O,smee-spice2-systematic-torsion-generation_constrained-linear,2,0.9252484248237992,0.0369691479106534,0.571,0.003
35857,1207,dhmix_1976787548784045784,52,EnthalpyOfMixing,<Substance CCCCCl{solv}{x=0.295000}|CN(C)C=O{solv}{x=0.705000}>,CCCCCl,CN(C)C=O,smee-spice2-systematic-torsion-generation_constrained-linear,2,0.7493499727662503,0.0378015061574918,0.467,0.003
35858,1208,dens_2008819185276371643,53,Density,<Substance CCCCCl{solv}{x=0.499000}|CN(C)C=O{solv}{x=0.501000}>,CCCCCl,CN(C)C=O,smee-spice2-systematic-torsion-generation_constrained-linear,2,0.8952262715363946,0.0002967488647327,0.9086000000000002,0.0002
35859,1209,dens_16755306936326197,54,Density,<Substance Cc1ccccc1N{solv}{x=0.255700}|Cc1ccccn1{solv}{x=0.744300}>,Cc1ccccc1N,Cc1ccccn1,smee-spice2-systematic-torsion-generation_constrained-linear,2,0.9795649682069388,0.0001989242760497,0.9597930000000002,0.000307
35860,1210,dens_238666738854407136,55,Density,<Substance Cc1ccccc1N{solv}{x=0.514600}|Cc1ccccn1{solv}{x=0.485400}>,Cc1ccccc1N,Cc1ccccn1,smee-spice2-systematic-torsion-generation_constrained-linear,2,0.9987480816153168,0.0001760913994018,0.9748990000000002,0.0002315
35861,1211,dhmix_1909144841681931250,56,EnthalpyOfMixing,<Substance Cc1ccccc1N{solv}{x=0.488200}|Cc1ccccn1{solv}{x=0.511800}>,Cc1ccccc1N,Cc1ccccn1,smee-spice2-systematic-torsion-generation_constrained-linear,2,-1.1453425824867765,0.0401702183370457,-1.4976,0.0305
35862,1212,dens_1945534954282706534,57,Density,<Substance Cc1ccccc1N{solv}{x=0.757100}|Cc1ccccn1{solv}{x=0.242900}>,Cc1ccccc1N,Cc1ccccn1,smee-spice2-systematic-torsion-generation_constrained-linear,2,1.014886935708765,0.0002360293763684,0.9854410000000002,0.000169
35863,1213,dhmix_2038606904928978856,58,EnthalpyOfMixing,<Substance Cc1ccccc1N{solv}{x=0.782100}|Cc1ccccn1{solv}{x=0.217900}>,Cc1ccccc1N,Cc1ccccn1,smee-spice2-systematic-torsion-generation_constrained-linear,2,-0.5834915095607833,0.045065079715065,-0.8656,0.01775
35864,1214,dhmix_2125558080831870503,59,EnthalpyOfMixing,<Substance Cc1ccccc1N{solv}{x=0.273600}|Cc1ccccn1{solv}{x=0.726400}>,Cc1ccccc1N,Cc1ccccn1,smee-spice2-systematic-torsion-generation_constrained-linear,2,-1.017321777993594,0.0366122778279328,-1.2462,0.0254
35865,1215,dens_19028061622240549,60,Density,<Substance CN(C)CCO{solv}{x=0.296200}|CO{solv}{x=0.703800}>,CN(C)CCO,CO,smee-spice2-systematic-torsion-generation_constrained-linear,2,0.8518557497359879,0.0003071757728677,0.8506500000000001,0.00014
35866,1216,dens_186649390549115907,61,Density,<Substance CN(C)CCO{solv}{x=0.502000}|CO{solv}{x=0.498000}>,CN(C)CCO,CO,smee-spice2-systematic-torsion-generation_constrained-linear,2,0.8802335139098116,0.000256103799781,0.8684000000000002,0.000155
35867,1217,dhmix_1453612193040378117,62,EnthalpyOfMixing,<Substance CN(C)CCO{solv}{x=0.497200}|CO{solv}{x=0.502800}>,CN(C)CCO,CO,smee-spice2-systematic-torsion-generation_constrained-linear,2,-1.2333955067336433,0.0319926329893102,-0.8673,0.00935
35868,1218,dens_1978392691277508278,63,Density,<Substance CN(C)CCO{solv}{x=0.707500}|CO{solv}{x=0.292500}>,CN(C)CCO,CO,smee-spice2-systematic-torsion-generation_constrained-linear,2,0.8980271597060054,0.0001960691065907,0.8766100000000002,0.00017
35869,1219,dhmix_2113387918969192804,64,EnthalpyOfMixing,<Substance CN(C)CCO{solv}{x=0.247900}|CO{solv}{x=0.752100}>,CN(C)CCO,CO,smee-spice2-systematic-torsion-generation_constrained-linear,2,-1.0600391700532723,0.0322371762351846,-0.8057,0.0087
35870,1220,dhmix_2220842061395014218,65,EnthalpyOfMixing,<Substance CN(C)CCO{solv}{x=0.750600}|CO{solv}{x=0.249400}>,CN(C)CCO,CO,smee-spice2-systematic-torsion-generation_constrained-linear,2,-0.8686164725532706,0.0410374990121774,-0.5322,0.00585
35871,1221,dhmix_21994921667950318,66,EnthalpyOfMixing,<Substance C=CCCCC{solv}{x=0.500100}|CCCO{solv}{x=0.499900}>,C=CCCCC,CCCO,smee-spice2-systematic-torsion-generation_constrained-linear,2,0.7585917892177747,0.0309258468675955,0.595,0.0055
35872,1222,dens_62854823056490751,67,Density,<Substance C=CCCCC{solv}{x=0.150300}|CCCO{solv}{x=0.849700}>,C=CCCCC,CCCO,smee-spice2-systematic-torsion-generation_constrained-linear,2,0.7668763956530656,0.0002576016887354,0.7704980000000002,0.0001845
35873,1223,dens_294296714501123310,68,Density,<Substance C=CCCCC{solv}{x=0.499100}|CCCO{solv}{x=0.500900}>,C=CCCCC,CCCO,smee-spice2-systematic-torsion-generation_constrained-linear,2,0.7069981219417055,0.0002678389630404,0.7176450000000002,0.0002145
35874,1224,dhmix_829065315899278784,69,EnthalpyOfMixing,<Substance C=CCCCC{solv}{x=0.750000}|CCCO{solv}{x=0.250000}>,C=CCCCC,CCCO,smee-spice2-systematic-torsion-generation_constrained-linear,2,0.7926494594592839,0.0428829078093755,0.682,0.006
35875,1225,dens_2024397702416079279,70,Density,<Substance C=CCCCC{solv}{x=0.745600}|CCCO{solv}{x=0.254400}>,C=CCCCC,CCCO,smee-spice2-systematic-torsion-generation_constrained-linear,2,0.6758807209470779,0.0002576488462615,0.6899770000000002,0.0002305
35876,1226,dhmix_2167083041249157622,71,EnthalpyOfMixing,<Substance C=CCCCC{solv}{x=0.150100}|CCCO{solv}{x=0.849900}>,C=CCCCC,CCCO,smee-spice2-systematic-torsion-generation_constrained-linear,2,0.2667700954270486,0.0393611569613932,0.192,0.005
35877,1227,dhmix_22428169890990447,72,EnthalpyOfMixing,<Substance CC1(C)C(=O)[C@]2(C)CC[C@H]1C2{solv}{x=0.286000}|CCO{solv}{x=0.714000}>,CC1(C)C(=O)[C@]2(C)CC[C@H]1C2,CCO,smee-spice2-systematic-torsion-generation_constrained-linear,2,0.5385051500035445,0.035528996824485,0.876,0.0265
35878,1228,dhmix_57626661746168078,73,EnthalpyOfMixing,<Substance CC1(C)C(=O)[C@]2(C)CC[C@H]1C2{solv}{x=0.701000}|CCO{solv}{x=0.299000}>,CC1(C)C(=O)[C@]2(C)CC[C@H]1C2,CCO,smee-spice2-systematic-torsion-generation_constrained-linear,2,0.7206697697403754,0.0473234104658365,1.0,0.0305
35879,1229,dhmix_287041928444283276,74,EnthalpyOfMixing,<Substance CC1(C)C(=O)[C@]2(C)CC[C@H]1C2{solv}{x=0.488000}|CCO{solv}{x=0.512000}>,CC1(C)C(=O)[C@]2(C)CC[C@H]1C2,CCO,smee-spice2-systematic-torsion-generation_constrained-linear,2,0.756728735033839,0.0484303634631453,1.109,0.0335
35880,1230,dens_618487453946854895,75,Density,<Substance CC1(C)C(=O)[C@]2(C)CC[C@H]1C2{solv}{x=0.501200}|CCO{solv}{x=0.498800}>,CC1(C)C(=O)[C@]2(C)CC[C@H]1C2,CCO,smee-spice2-systematic-torsion-generation_constrained-linear,2,0.9182046273129424,0.0001814203615431,0.9005900000000002,5.5000000000000016e-05
35881,1231,dens_1408969463542558504,76,Density,<Substance CC1(C)C(=O)[C@]2(C)CC[C@H]1C2{solv}{x=0.789700}|CCO{solv}{x=0.210300}>,CC1(C)C(=O)[C@]2(C)CC[C@H]1C2,CCO,smee-spice2-systematic-torsion-generation_constrained-linear,2,0.9489896245721832,0.0001549256645445,0.9274800000000002,6.0000000000000015e-05
35882,1232,dens_2053919413592536040,77,Density,<Substance CC1(C)C(=O)[C@]2(C)CC[C@H]1C2{solv}{x=0.200200}|CCO{solv}{x=0.799800}>,CC1(C)C(=O)[C@]2(C)CC[C@H]1C2,CCO,smee-spice2-systematic-torsion-generation_constrained-linear,2,0.8625334295028081,0.0002716405356801,0.8499000000000002,6.500000000000002e-05
35883,1233,dhmix_24700325920498635,78,EnthalpyOfMixing,<Substance CCC(C)(C)O{solv}{x=0.799400}|CCOC(C)(C)CC{solv}{x=0.200600}>,CCC(C)(C)O,CCOC(C)(C)CC,smee-spice2-systematic-torsion-generation_constrained-linear,2,0.4413494767902364,0.0485176331817041,0.448,0.0073
35884,1234,dhmix_252628078473967793,79,EnthalpyOfMixing,<Substance CCC(C)(C)O{solv}{x=0.299700}|CCOC(C)(C)CC{solv}{x=0.700300}>,CCC(C)(C)O,CCOC(C)(C)CC,smee-spice2-systematic-torsion-generation_constrained-linear,2,1.0290355369486548,0.0511984575233589,0.9727,0.0132
35885,1235,dens_281609537293621351,80,Density,<Substance CCC(C)(C)O{solv}{x=0.799400}|CCOC(C)(C)CC{solv}{x=0.200600}>,CCC(C)(C)O,CCOC(C)(C)CC,smee-spice2-systematic-torsion-generation_constrained-linear,2,0.8100719382669384,0.0001941934628124,0.7932000000000002,0.00025
35886,1236,dhmix_980734994193955874,81,EnthalpyOfMixing,<Substance CCC(C)(C)O{solv}{x=0.498700}|CCOC(C)(C)CC{solv}{x=0.501300}>,CCC(C)(C)O,CCOC(C)(C)CC,smee-spice2-systematic-torsion-generation_constrained-linear,2,0.8355684546040862,0.048828681178076,0.8937,0.01225
35887,1237,dens_1165049856972872340,82,Density,<Substance CCC(C)(C)O{solv}{x=0.498700}|CCOC(C)(C)CC{solv}{x=0.501300}>,CCC(C)(C)O,CCOC(C)(C)CC,smee-spice2-systematic-torsion-generation_constrained-linear,2,0.7916445098331444,0.0002105326255988,0.7789000000000001,0.0002
35888,1238,dens_2297026976830009992,83,Density,<Substance CCC(C)(C)O{solv}{x=0.299700}|CCOC(C)(C)CC{solv}{x=0.700300}>,CCC(C)(C)O,CCOC(C)(C)CC,smee-spice2-systematic-torsion-generation_constrained-linear,2,0.7820703023841123,0.0002302944366696,0.7709000000000001,0.0002
35889,1239,dens_25810987980199799,84,Density,<Substance CCCCCC{solv}{x=0.158800}|Cc1ccccc1{solv}{x=0.841200}>,CCCCCC,Cc1ccccc1,smee-spice2-systematic-torsion-generation_constrained-linear,2,0.8197200752882022,0.000226390044651,0.8226300000000002,0.000335
35890,1240,dens_574637447996217594,85,Density,<Substance CCCCCC{solv}{x=0.501100}|Cc1ccccc1{solv}{x=0.498900}>,CCCCCC,Cc1ccccc1,smee-spice2-systematic-torsion-generation_constrained-linear,2,0.7414364949059171,0.0002695369783746,0.7484400000000002,0.00015
35891,1241,dhmix_1373657903424456878,86,EnthalpyOfMixing,<Substance CCCCCC{solv}{x=0.158600}|Cc1ccccc1{solv}{x=0.841400}>,CCCCCC,Cc1ccccc1,smee-spice2-systematic-torsion-generation_constrained-linear,2,0.4422423077186863,0.0324881884904668,0.3163,0.0043
35892,1242,dhmix_1383995974797334848,87,EnthalpyOfMixing,<Substance CCCCCC{solv}{x=0.472300}|Cc1ccccc1{solv}{x=0.527700}>,CCCCCC,Cc1ccccc1,smee-spice2-systematic-torsion-generation_constrained-linear,2,0.6879833034787026,0.0393613539466995,0.5467,0.00715
35893,1243,dhmix_1412344026798360911,88,EnthalpyOfMixing,<Substance CCCCCC{solv}{x=0.748400}|Cc1ccccc1{solv}{x=0.251600}>,CCCCCC,Cc1ccccc1,smee-spice2-systematic-torsion-generation_constrained-linear,2,0.4256189417028651,0.0476582622939003,0.393,0.00525
35894,1244,dens_2241575426887298365,89,Density,<Substance CCCCCC{solv}{x=0.733800}|Cc1ccccc1{solv}{x=0.266200}>,CCCCCC,Cc1ccccc1,smee-spice2-systematic-torsion-generation_constrained-linear,2,0.6941321236795411,0.0002453391225962,0.7020900000000002,0.000305
35895,1245,dens_27241401908451167,90,Density,<Substance CN(C)C=O{solv}{x=0.503500}|Cc1ccccc1Cl{solv}{x=0.496500}>,CN(C)C=O,Cc1ccccc1Cl,smee-spice2-systematic-torsion-generation_constrained-linear,2,1.0226671226974384,0.000253321917794,1.0247000000000004,0.0005
35896,1246,dhmix_674882857451857086,91,EnthalpyOfMixing,<Substance CN(C)C=O{solv}{x=0.511800}|Cc1ccccc1Cl{solv}{x=0.488200}>,CN(C)C=O,Cc1ccccc1Cl,smee-spice2-systematic-torsion-generation_constrained-linear,2,0.1567701213575461,0.0329298987698422,0.545,0.006
35897,1247,dens_818042132181297482,92,Density,<Substance CN(C)C=O{solv}{x=0.751200}|Cc1ccccc1Cl{solv}{x=0.248800}>,CN(C)C=O,Cc1ccccc1Cl,smee-spice2-systematic-torsion-generation_constrained-linear,2,0.97981576958309,0.0002403681377298,0.9898800000000002,0.0005
35898,1248,dens_861365281257265917,93,Density,<Substance CN(C)C=O{solv}{x=0.273700}|Cc1ccccc1Cl{solv}{x=0.726300}>,CN(C)C=O,Cc1ccccc1Cl,smee-spice2-systematic-torsion-generation_constrained-linear,2,1.0451512801702998,0.0002746325337822,1.0415000000000003,0.0005
35899,1249,dhmix_1670364528496870559,94,EnthalpyOfMixing,<Substance CN(C)C=O{solv}{x=0.767900}|Cc1ccccc1Cl{solv}{x=0.232100}>,CN(C)C=O,Cc1ccccc1Cl,smee-spice2-systematic-torsion-generation_constrained-linear,2,0.1477175951349068,0.0426414717602517,0.436,0.005
35900,1250,dhmix_1992689527814967541,95,EnthalpyOfMixing,<Substance CN(C)C=O{solv}{x=0.274300}|Cc1ccccc1Cl{solv}{x=0.725700}>,CN(C)C=O,Cc1ccccc1Cl,smee-spice2-systematic-torsion-generation_constrained-linear,2,0.2010057629115706,0.0382090014686597,0.373,0.004
35901,1251,dens_29213618499921464,96,Density,<Substance C1CCOCC1{solv}{x=0.254000}|O=C1CCCCCC1{solv}{x=0.746000}>,C1CCOCC1,O=C1CCCCCC1,smee-spice2-systematic-torsion-generation_constrained-linear,2,0.9227850199476474,0.0002060867193757,0.9355100000000002,0.00051
35902,1252,dens_468319504030932569,97,Density,<Substance C1CCOCC1{solv}{x=0.498600}|O=C1CCCCCC1{solv}{x=0.501400}>,C1CCOCC1,O=C1CCCCCC1,smee-spice2-systematic-torsion-generation_constrained-linear,2,0.9106451515387022,0.0001855297725309,0.9211200000000004,0.00051
35903,1253,dens_1174890511154571939,98,Density,<Substance C1CCOCC1{solv}{x=0.768600}|O=C1CCCCCC1{solv}{x=0.231400}>,C1CCOCC1,O=C1CCCCCC1,smee-spice2-systematic-torsion-generation_constrained-linear,2,0.8954443962782809,0.0002100135984,0.9012200000000002,0.000505
35904,1254,dens_30084818585402677,99,Density,<Substance CC(=O)N(C)C{solv}{x=0.700600}|ClCCCCCCCl{solv}{x=0.299400}>,CC(=O)N(C)C,ClCCCCCCCl,smee-spice2-systematic-torsion-generation_constrained-linear,2,0.9677397381161584,0.0002540742493924,0.9853000000000002,0.00175
35905,1255,dhmix_384619296407103076,100,EnthalpyOfMixing,<Substance CC(=O)N(C)C{solv}{x=0.504000}|ClCCCCCCCl{solv}{x=0.496000}>,CC(=O)N(C)C,ClCCCCCCCl,smee-spice2-systematic-torsion-generation_constrained-linear,2,0.2167641973412637,0.0433525804012819,0.09,0.002
35906,1256,dens_539464371986972328,101,Density,<Substance CC(=O)N(C)C{solv}{x=0.494300}|ClCCCCCCCl{solv}{x=0.505700}>,CC(=O)N(C)C,ClCCCCCCCl,smee-spice2-systematic-torsion-generation_constrained-linear,2,1.0028334687024711,0.0002288730988838,1.0123000000000002,0.0016
35907,1257,dhmix_1114659247517686326,102,EnthalpyOfMixing,<Substance CC(=O)N(C)C{solv}{x=0.798000}|ClCCCCCCCl{solv}{x=0.202000}>,CC(=O)N(C)C,ClCCCCCCCl,smee-spice2-systematic-torsion-generation_constrained-linear,2,0.1314210636639501,0.0418297976371097,0.067,0.002
35908,1258,dhmix_1410583096030633514,103,EnthalpyOfMixing,<Substance CC(=O)N(C)C{solv}{x=0.212000}|ClCCCCCCCl{solv}{x=0.788000}>,CC(=O)N(C)C,ClCCCCCCCl,smee-spice2-systematic-torsion-generation_constrained-linear,2,0.1027847412327531,0.0487182857934844,0.04,0.002
35909,1259,dens_2244909992725638206,104,Density,<Substance CC(=O)N(C)C{solv}{x=0.300200}|ClCCCCCCCl{solv}{x=0.699800}>,CC(=O)N(C)C,ClCCCCCCCl,smee-spice2-systematic-torsion-generation_constrained-linear,2,1.0304865851912943,0.0002405394402562,1.0345000000000002,0.0015
35910,1260,dhmix_35301006695188726,105,EnthalpyOfMixing,<Substance CCOC(=O)C(C)C{solv}{x=0.289000}|CO{solv}{x=0.711000}>,CCOC(=O)C(C)C,CO,smee-spice2-systematic-torsion-generation_constrained-linear,2,0.4990547553652575,0.0316508431839334,0.488,0.0035
35911,1261,dens_508877804306927207,106,Density,<Substance CCOC(=O)C(C)C{solv}{x=0.499000}|CO{solv}{x=0.501000}>,CCOC(=O)C(C)C,CO,smee-spice2-systematic-torsion-generation_constrained-linear,2,0.8481448824026283,0.0002700134682225,0.8414100000000002,0.00011
35912,1262,dens_1201422771202741625,107,Density,<Substance CCOC(=O)C(C)C{solv}{x=0.199600}|CO{solv}{x=0.800400}>,CCOC(=O)C(C)C,CO,smee-spice2-systematic-torsion-generation_constrained-linear,2,0.813181137338459,0.0003657602045705,0.8173600000000002,0.000115
35913,1263,dhmix_1951183536432642425,108,EnthalpyOfMixing,<Substance CCOC(=O)C(C)C{solv}{x=0.480000}|CO{solv}{x=0.520000}>,CCOC(=O)C(C)C,CO,smee-spice2-systematic-torsion-generation_constrained-linear,2,0.707449598027516,0.0373145434453764,0.671,0.0045
35914,1264,dens_1998368384671748308,109,Density,<Substance CCOC(=O)C(C)C{solv}{x=0.703000}|CO{solv}{x=0.297000}>,CCOC(=O)C(C)C,CO,smee-spice2-systematic-torsion-generation_constrained-linear,2,0.8614616597779088,0.0002704722666021,0.8501200000000002,0.00011
35915,1265,dhmix_2200604492347455092,110,EnthalpyOfMixing,<Substance CCOC(=O)C(C)C{solv}{x=0.771000}|CO{solv}{x=0.229000}>,CCOC(=O)C(C)C,CO,smee-spice2-systematic-torsion-generation_constrained-linear,2,0.5175678732818021,0.0475174081981707,0.632,0.0045
35916,1266,dhmix_39159150320919359,111,EnthalpyOfMixing,<Substance CCO{solv}{x=0.799700}|Cc1cccc(O)c1{solv}{x=0.200300}>,CCO,Cc1cccc(O)c1,smee-spice2-systematic-torsion-generation_constrained-linear,2,-0.5795807879233479,0.0372993726583975,-0.79199,0.011965
35917,1267,dens_410843938837220593,112,Density,<Substance CCO{solv}{x=0.263700}|Cc1cccc(O)c1{solv}{x=0.736300}>,CCO,Cc1cccc(O)c1,smee-spice2-systematic-torsion-generation_constrained-linear,2,1.0037764280393129,0.0003193253712301,0.9852300000000004,0.0006
35918,1268,dhmix_1115402835538407874,113,EnthalpyOfMixing,<Substance CCO{solv}{x=0.212500}|Cc1cccc(O)c1{solv}{x=0.787500}>,CCO,Cc1cccc(O)c1,smee-spice2-systematic-torsion-generation_constrained-linear,2,-0.3414115510786413,0.0425226766374345,-0.68742,0.01275
35919,1269,dens_1359111234216199895,114,Density,<Substance CCO{solv}{x=0.472400}|Cc1cccc(O)c1{solv}{x=0.527600}>,CCO,Cc1cccc(O)c1,smee-spice2-systematic-torsion-generation_constrained-linear,2,0.9646573533973076,0.000206077055483,0.9446300000000002,0.0006
35920,1270,dens_1590314985481219627,115,Density,<Substance CCO{solv}{x=0.781700}|Cc1cccc(O)c1{solv}{x=0.218300}>,CCO,Cc1cccc(O)c1,smee-spice2-systematic-torsion-generation_constrained-linear,2,0.8794867869552951,0.0003022573980405,0.8631500000000002,0.000605
35921,1271,dhmix_1871939727966182523,116,EnthalpyOfMixing,<Substance CCO{solv}{x=0.413900}|Cc1cccc(O)c1{solv}{x=0.586100}>,CCO,Cc1cccc(O)c1,smee-spice2-systematic-torsion-generation_constrained-linear,2,-0.8739816036546353,0.0379737225414117,-1.14624,0.00985
35922,1272,dens_42678158079716854,117,Density,<Substance CN1CCCC1=O{solv}{x=0.937492}|c1ccccc1{solv}{x=0.062508}>,CN1CCCC1=O,c1ccccc1,smee-spice2-systematic-torsion-generation_constrained-linear,2,1.0026596773412444,0.0002333624022682,1.0204500000000003,3.500000000000001e-05
35923,1273,dens_252520620125458637,118,Density,<Substance CN1CCCC1=O{solv}{x=0.513500}|c1ccccc1{solv}{x=0.486500}>,CN1CCCC1=O,c1ccccc1,smee-spice2-systematic-torsion-generation_constrained-linear,2,0.9574802592505912,0.0002175730733071,0.9684700000000004,0.00018
35924,1274,dhmix_524477957640851666,119,EnthalpyOfMixing,<Substance CN1CCCC1=O{solv}{x=0.235600}|c1ccccc1{solv}{x=0.764400}>,CN1CCCC1=O,c1ccccc1,smee-spice2-systematic-torsion-generation_constrained-linear,2,-0.1583064466277477,0.0445946315063601,-0.3684,0.00405
35925,1275,dhmix_1475629358723962160,120,EnthalpyOfMixing,<Substance CN1CCCC1=O{solv}{x=0.546700}|c1ccccc1{solv}{x=0.453300}>,CN1CCCC1=O,c1ccccc1,smee-spice2-systematic-torsion-generation_constrained-linear,2,-0.1397774153975888,0.0414453879477788,-0.4943,0.00535
35926,1276,dens_2041306780823594960,121,Density,<Substance CN1CCCC1=O{solv}{x=0.252400}|c1ccccc1{solv}{x=0.747600}>,CN1CCCC1=O,c1ccccc1,smee-spice2-systematic-torsion-generation_constrained-linear,2,0.9100564729305168,0.00026093653101,0.9163300000000004,0.00029
35927,1277,dhmix_2156508970935294660,122,EnthalpyOfMixing,<Substance CN1CCCC1=O{solv}{x=0.741100}|c1ccccc1{solv}{x=0.258900}>,CN1CCCC1=O,c1ccccc1,smee-spice2-systematic-torsion-generation_constrained-linear,2,-0.0374796859875941,0.0409628776306201,-0.3841,0.0042
35928,1278,dhmix_44217680865702366,123,EnthalpyOfMixing,<Substance CC(=O)c1ccccc1{solv}{x=0.200100}|CC(C)O{solv}{x=0.799900}>,CC(=O)c1ccccc1,CC(C)O,smee-spice2-systematic-torsion-generation_constrained-linear,2,0.9050054009960888,0.0403517027052904,1.1352,0.0124
35929,1279,dens_91454082453656404,124,Density,<Substance CC(=O)c1ccccc1{solv}{x=0.756100}|CC(C)O{solv}{x=0.243900}>,CC(=O)c1ccccc1,CC(C)O,smee-spice2-systematic-torsion-generation_constrained-linear,2,0.9841753671315744,0.0001877387266232,0.9823500000000004,0.000175
35930,1280,dens_152869924254680766,125,Density,<Substance CC(=O)c1ccccc1{solv}{x=0.251700}|CC(C)O{solv}{x=0.748300}>,CC(=O)c1ccccc1,CC(C)O,smee-spice2-systematic-torsion-generation_constrained-linear,2,0.8836796818406712,0.0002535167905079,0.8654400000000002,0.000245
35931,1281,dhmix_1214494501247401592,126,EnthalpyOfMixing,<Substance CC(=O)c1ccccc1{solv}{x=0.499600}|CC(C)O{solv}{x=0.500400}>,CC(=O)c1ccccc1,CC(C)O,smee-spice2-systematic-torsion-generation_constrained-linear,2,1.244030241311549,0.0403649865718027,1.5703,0.0169
35932,1282,dhmix_1482394504883204224,127,EnthalpyOfMixing,<Substance CC(=O)c1ccccc1{solv}{x=0.700600}|CC(C)O{solv}{x=0.299400}>,CC(=O)c1ccccc1,CC(C)O,smee-spice2-systematic-torsion-generation_constrained-linear,2,1.0009225945604785,0.0442372519484011,1.3758,0.01485
35933,1283,dens_1804860114822214449,128,Density,<Substance CC(=O)c1ccccc1{solv}{x=0.534500}|CC(C)O{solv}{x=0.465500}>,CC(=O)c1ccccc1,CC(C)O,smee-spice2-systematic-torsion-generation_constrained-linear,2,0.9454453526345034,0.0002254678680416,0.9375600000000002,0.0002
35934,1284,dhmix_47323681380989568,129,EnthalpyOfMixing,<Substance CCCCCCCCCl{solv}{x=0.498000}|CN(C)C=O{solv}{x=0.502000}>,CCCCCCCCCl,CN(C)C=O,smee-spice2-systematic-torsion-generation_constrained-linear,2,1.2904042572758383,0.0454393332352359,1.087,0.0045
35935,1285,dhmix_620291288515939248,130,EnthalpyOfMixing,<Substance CCCCCCCCCl{solv}{x=0.790000}|CN(C)C=O{solv}{x=0.210000}>,CCCCCCCCCl,CN(C)C=O,smee-spice2-systematic-torsion-generation_constrained-linear,2,0.9377024737466256,0.0518986798951077,0.68,0.0045
35936,1286,dens_1830564734879843336,131,Density,<Substance CCCCCCCCCl{solv}{x=0.733100}|CN(C)C=O{solv}{x=0.266900}>,CCCCCCCCCl,CN(C)C=O,smee-spice2-systematic-torsion-generation_constrained-linear,2,0.8751813207314403,0.0001378437828192,0.8779000000000002,0.00045
35937,1287,dens_1865569264533219410,132,Density,<Substance CCCCCCCCCl{solv}{x=0.500800}|CN(C)C=O{solv}{x=0.499200}>,CCCCCCCCCl,CN(C)C=O,smee-spice2-systematic-torsion-generation_constrained-linear,2,0.8839451576891554,0.0002345746730519,0.8897000000000003,0.0004
35938,1288,dens_1893252821735673677,133,Density,<Substance CCCCCCCCCl{solv}{x=0.199800}|CN(C)C=O{solv}{x=0.800200}>,CCCCCCCCCl,CN(C)C=O,smee-spice2-systematic-torsion-generation_constrained-linear,2,0.9037270185129264,0.0002296640032661,0.9149000000000002,0.0003
35939,1289,dhmix_2175249209874409534,134,EnthalpyOfMixing,<Substance CCCCCCCCCl{solv}{x=0.205000}|CN(C)C=O{solv}{x=0.795000}>,CCCCCCCCCl,CN(C)C=O,smee-spice2-systematic-torsion-generation_constrained-linear,2,1.0025072713139025,0.038506109666984,0.79,0.0045
35940,1290,dens_47347406470845261,135,Density,<Substance BrCCCBr{solv}{x=0.748600}|COC=O{solv}{x=0.251400}>,BrCCCBr,COC=O,smee-spice2-systematic-torsion-generation_constrained-linear,2,1.774729721965235,0.0005755520179348,1.7969200000000003,0.00306
35941,1291,dens_398260729245374704,136,Density,<Substance BrCCCBr{solv}{x=0.472200}|COC=O{solv}{x=0.527800}>,BrCCCBr,COC=O,smee-spice2-systematic-torsion-generation_constrained-linear,2,1.556956221437523,0.000495327719149,1.5585100000000005,0.001985
35942,1292,dhmix_1440467239786579925,137,EnthalpyOfMixing,<Substance BrCCCBr{solv}{x=0.735400}|COC=O{solv}{x=0.264600}>,BrCCCBr,COC=O,smee-spice2-systematic-torsion-generation_constrained-linear,2,0.5794073439188523,0.0366390707599755,0.7435,0.00655
35943,1293,dens_1812113401512645360,138,Density,<Substance BrCCCBr{solv}{x=0.204700}|COC=O{solv}{x=0.795300}>,BrCCCBr,COC=O,smee-spice2-systematic-torsion-generation_constrained-linear,2,1.2820993854481837,0.0003954888271564,1.2611800000000004,0.001025
35944,1294,dhmix_2252268161220427112,139,EnthalpyOfMixing,<Substance BrCCCBr{solv}{x=0.485300}|COC=O{solv}{x=0.514700}>,BrCCCBr,COC=O,smee-spice2-systematic-torsion-generation_constrained-linear,2,0.8575036017261333,0.0342825137878053,0.9249,0.00795
35945,1295,dhmix_2289960806584862127,140,EnthalpyOfMixing,<Substance BrCCCBr{solv}{x=0.239500}|COC=O{solv}{x=0.760500}>,BrCCCBr,COC=O,smee-spice2-systematic-torsion-generation_constrained-linear,2,0.6566635071160514,0.0304478398968454,0.6669,0.00595
35946,1296,dens_52148744845178727,141,Density,<Substance CC(=O)CC(C)C{solv}{x=0.700900}|CCC(C)(C)O{solv}{x=0.299100}>,CC(=O)CC(C)C,CCC(C)(C)O,smee-spice2-systematic-torsion-generation_constrained-linear,2,0.8062418252440834,0.000202062669877,0.7968700000000002,0.00018
35947,1297,dhmix_202225007451030020,142,EnthalpyOfMixing,<Substance CC(=O)CC(C)C{solv}{x=0.201700}|CCC(C)(C)O{solv}{x=0.798300}>,CC(=O)CC(C)C,CCC(C)(C)O,smee-spice2-systematic-torsion-generation_constrained-linear,2,-0.033415794079362,0.0471042953338189,0.8181,0.01135
35948,1298,dens_938275493819605051,143,Density,<Substance CC(=O)CC(C)C{solv}{x=0.500800}|CCC(C)(C)O{solv}{x=0.499200}>,CC(=O)CC(C)C,CCC(C)(C)O,smee-spice2-systematic-torsion-generation_constrained-linear,2,0.8111011424168493,0.0002730397251232,0.7987300000000002,0.00018
35949,1299,dhmix_998794233701009996,144,EnthalpyOfMixing,<Substance CC(=O)CC(C)C{solv}{x=0.500800}|CCC(C)(C)O{solv}{x=0.499200}>,CC(=O)CC(C)C,CCC(C)(C)O,smee-spice2-systematic-torsion-generation_constrained-linear,2,0.3029589864570141,0.0427568117391744,1.3674,0.0185
35950,1300,dhmix_1565593158104493647,145,EnthalpyOfMixing,<Substance CC(=O)CC(C)C{solv}{x=0.700900}|CCC(C)(C)O{solv}{x=0.299100}>,CC(=O)CC(C)C,CCC(C)(C)O,smee-spice2-systematic-torsion-generation_constrained-linear,2,0.3257342958949891,0.0386470146387031,1.2068,0.0164
35951,1301,dens_2097057526665137697,146,Density,<Substance CC(=O)CC(C)C{solv}{x=0.201700}|CCC(C)(C)O{solv}{x=0.798300}>,CC(=O)CC(C)C,CCC(C)(C)O,smee-spice2-systematic-torsion-generation_constrained-linear,2,0.820363469418228,0.0002123413878858,0.8030000000000002,0.00019
35952,1302,dens_60145312697659458,147,Density,<Substance OC1=NCCC1{solv}{x=0.231200}|c1ccncc1{solv}{x=0.768800}>,OC1=NCCC1,c1ccncc1,smee-spice2-systematic-torsion-generation_constrained-linear,2,1.01849836627732,0.0002767523127726,1.0106200000000003,0.00051
35953,1303,dhmix_281987656487279026,148,EnthalpyOfMixing,<Substance OC1=NCCC1{solv}{x=0.525600}|c1ccncc1{solv}{x=0.474400}>,OC1=NCCC1,c1ccncc1,smee-spice2-systematic-torsion-generation_constrained-linear,2,-1.260112857944378,0.0592638885561176,0.2031,0.0508
35954,1304,dens_617740093035429712,149,Density,<Substance OC1=NCCC1{solv}{x=0.831200}|c1ccncc1{solv}{x=0.168800}>,OC1=NCCC1,c1ccncc1,smee-spice2-systematic-torsion-generation_constrained-linear,2,1.0726161372022158,0.0005373980212976,1.0872000000000004,0.00052
35955,1305,dhmix_658699797311871042,150,EnthalpyOfMixing,<Substance OC1=NCCC1{solv}{x=0.261500}|c1ccncc1{solv}{x=0.738500}>,OC1=NCCC1,c1ccncc1,smee-spice2-systematic-torsion-generation_constrained-linear,2,-0.7242865975852766,0.0393847368850127,0.165,0.04125
35956,1306,dhmix_774470106511868908,151,EnthalpyOfMixing,<Substance OC1=NCCC1{solv}{x=0.831100}|c1ccncc1{solv}{x=0.168900}>,OC1=NCCC1,c1ccncc1,smee-spice2-systematic-torsion-generation_constrained-linear,2,-0.711096104672805,0.0792943720533423,0.0972,0.0243
35957,1307,dens_1837977312272564303,152,Density,<Substance OC1=NCCC1{solv}{x=0.475200}|c1ccncc1{solv}{x=0.524800}>,OC1=NCCC1,c1ccncc1,smee-spice2-systematic-torsion-generation_constrained-linear,2,1.0445880240617975,0.0003099737637137,1.0431300000000003,0.000515
35958,1308,dens_64870336397637683,153,Density,<Substance NCCCO{solv}{x=0.489642}|O{solv}{x=0.510358}>,NCCCO,O,smee-spice2-systematic-torsion-generation_constrained-linear,2,1.0388359744819389,0.0003313625826202,1.0059000000000002,0.00155
35959,1309,dens_70371380055449550,154,Density,<Substance NCCCO{solv}{x=0.708044}|O{solv}{x=0.291956}>,NCCCO,O,smee-spice2-systematic-torsion-generation_constrained-linear,2,1.043055861276787,0.0002281569289129,0.9975000000000004,0.0018
35960,1310,dhmix_150384853762728924,155,EnthalpyOfMixing,<Substance NCCCO{solv}{x=0.751500}|O{solv}{x=0.248500}>,NCCCO,O,smee-spice2-systematic-torsion-generation_constrained-linear,2,-0.5301985875513751,0.040463973324596,-1.531,0.031
35961,1311,dens_847209819230970781,156,Density,<Substance NCCCO{solv}{x=0.272809}|O{solv}{x=0.727191}>,NCCCO,O,smee-spice2-systematic-torsion-generation_constrained-linear,2,1.0270868606060963,0.0003409542643442,1.0118000000000005,0.0014
35962,1312,dhmix_1448036989335532298,157,EnthalpyOfMixing,<Substance NCCCO{solv}{x=0.298200}|O{solv}{x=0.701800}>,NCCCO,O,smee-spice2-systematic-torsion-generation_constrained-linear,2,-0.5620670474679306,0.0280226268607256,-2.501,0.051
35963,1313,dhmix_1551692974855642379,158,EnthalpyOfMixing,<Substance NCCCO{solv}{x=0.498900}|O{solv}{x=0.501100}>,NCCCO,O,smee-spice2-systematic-torsion-generation_constrained-linear,2,-0.8320361174612678,0.034905101373997,-2.462,0.05
35964,1314,dhmix_65921650414250861,159,EnthalpyOfMixing,<Substance CCOC(=O)CC(C)=O{solv}{x=0.499500}|CCO{solv}{x=0.500500}>,CCO,CCOC(=O)CC(C)=O,smee-spice2-systematic-torsion-generation_constrained-linear,2,1.4768019177866163,0.0343436782851491,1.7079,0.0183
35965,1315,dhmix_546962203716710778,160,EnthalpyOfMixing,<Substance CCOC(=O)CC(C)=O{solv}{x=0.299400}|CCO{solv}{x=0.700600}>,CCO,CCOC(=O)CC(C)=O,smee-spice2-systematic-torsion-generation_constrained-linear,2,1.2527113034858957,0.0385835267315214,1.4925,0.01605
35966,1316,dens_989479368116300355,161,Density,<Substance CCOC(=O)CC(C)=O{solv}{x=0.500000}|CCO{solv}{x=0.500000}>,CCO,CCOC(=O)CC(C)=O,smee-spice2-systematic-torsion-generation_constrained-linear,2,0.9593620054172032,0.0002347643634928,0.9484700000000004,0.000155
35967,1317,dens_1726065156375824332,162,Density,<Substance CCOC(=O)CC(C)=O{solv}{x=0.250000}|CCO{solv}{x=0.750000}>,CCO,CCOC(=O)CC(C)=O,smee-spice2-systematic-torsion-generation_constrained-linear,2,0.8958396598887204,0.0002749382973606,0.8856300000000003,0.00017
35968,1318,dens_1736679431098209973,163,Density,<Substance CCOC(=O)CC(C)=O{solv}{x=0.750000}|CCO{solv}{x=0.250000}>,CCO,CCOC(=O)CC(C)=O,smee-spice2-systematic-torsion-generation_constrained-linear,2,1.0024522871121593,0.000192402175294,0.9917100000000004,0.00017
35969,1319,dhmix_2221487218644783272,164,EnthalpyOfMixing,<Substance CCOC(=O)CC(C)=O{solv}{x=0.700800}|CCO{solv}{x=0.299200}>,CCO,CCOC(=O)CC(C)=O,smee-spice2-systematic-torsion-generation_constrained-linear,2,1.138359949714186,0.0441809130892906,1.478,0.0159
35970,1320,dhmix_68947190908856741,165,EnthalpyOfMixing,<Substance C1COCCO1{solv}{x=0.250000}|O=C1CCCC1{solv}{x=0.750000}>,C1COCCO1,O=C1CCCC1,smee-spice2-systematic-torsion-generation_constrained-linear,2,-0.1099701014589307,0.040297742811086,0.04589,0.00057
35971,1321,dens_225413782402822877,166,Density,<Substance C1COCCO1{solv}{x=0.777800}|O=C1CCCC1{solv}{x=0.222200}>,C1COCCO1,O=C1CCCC1,smee-spice2-systematic-torsion-generation_constrained-linear,2,1.0138466095301102,0.000225871519494,1.0081000000000002,0.000255
35972,1322,dhmix_415496698649060745,167,EnthalpyOfMixing,<Substance C1COCCO1{solv}{x=0.500000}|O=C1CCCC1{solv}{x=0.500000}>,C1COCCO1,O=C1CCCC1,smee-spice2-systematic-torsion-generation_constrained-linear,2,0.06530748318022,0.0400329003050825,0.07457,0.00068
35973,1323,dens_803440153424346423,168,Density,<Substance C1COCCO1{solv}{x=0.506300}|O=C1CCCC1{solv}{x=0.493700}>,C1COCCO1,O=C1CCCC1,smee-spice2-systematic-torsion-generation_constrained-linear,2,0.980692876930268,0.0001943549128022,0.9849200000000002,0.00025
35974,1324,dens_1553194080174872005,169,Density,<Substance C1COCCO1{solv}{x=0.243600}|O=C1CCCC1{solv}{x=0.756400}>,C1COCCO1,O=C1CCCC1,smee-spice2-systematic-torsion-generation_constrained-linear,2,0.9493260123959508,0.0002131452446179,0.9633500000000004,0.000245
35975,1325,dhmix_1852349497898107924,170,EnthalpyOfMixing,<Substance C1COCCO1{solv}{x=0.750000}|O=C1CCCC1{solv}{x=0.250000}>,C1COCCO1,O=C1CCCC1,smee-spice2-systematic-torsion-generation_constrained-linear,2,0.0294360152533386,0.0385221392861478,0.07097,0.000665
35976,1326,dhmix_71170350241685196,171,EnthalpyOfMixing,<Substance COC(C)(C)C{solv}{x=0.749000}|ClC(Cl)Cl{solv}{x=0.251000}>,COC(C)(C)C,ClC(Cl)Cl,smee-spice2-systematic-torsion-generation_constrained-linear,2,-1.1717823142727042,0.043830758837517,-1.9,0.077
35977,1327,dens_554111049740737271,172,Density,<Substance COC(C)(C)C{solv}{x=0.454000}|ClC(Cl)Cl{solv}{x=0.546000}>,COC(C)(C)C,ClC(Cl)Cl,smee-spice2-systematic-torsion-generation_constrained-linear,2,1.129774139220202,0.0003677838563391,1.0838000000000003,0.00015
35978,1328,dhmix_1691495556773848750,173,EnthalpyOfMixing,<Substance COC(C)(C)C{solv}{x=0.484000}|ClC(Cl)Cl{solv}{x=0.516000}>,COC(C)(C)C,ClC(Cl)Cl,smee-spice2-systematic-torsion-generation_constrained-linear,2,-1.7237220594110738,0.0348455466880634,-2.1,0.0845
35979,1329,dens_1874337336846858625,174,Density,<Substance COC(C)(C)C{solv}{x=0.276000}|ClC(Cl)Cl{solv}{x=0.724000}>,COC(C)(C)C,ClC(Cl)Cl,smee-spice2-systematic-torsion-generation_constrained-linear,2,1.2901273520344387,0.0004606703929392,1.2259000000000004,0.0002
35980,1330,dens_2136498248834183810,175,Density,<Substance COC(C)(C)C{solv}{x=0.728600}|ClC(Cl)Cl{solv}{x=0.271400}>,COC(C)(C)C,ClC(Cl)Cl,smee-spice2-systematic-torsion-generation_constrained-linear,2,0.9223367700113022,0.0002845592615466,0.8956000000000003,0.00015
35981,1331,dhmix_2232264038422377060,176,EnthalpyOfMixing,<Substance COC(C)(C)C{solv}{x=0.220000}|ClC(Cl)Cl{solv}{x=0.780000}>,COC(C)(C)C,ClC(Cl)Cl,smee-spice2-systematic-torsion-generation_constrained-linear,2,-1.1283311320971483,0.0308034120202829,-1.5,0.0605
35982,1332,dhmix_73322629991074290,177,EnthalpyOfMixing,<Substance CCC(C)=O{solv}{x=0.212400}|CCN(CC)CC{solv}{x=0.787600}>,CCC(C)=O,CCN(CC)CC,smee-spice2-systematic-torsion-generation_constrained-linear,2,0.287352891771448,0.0506957833247574,0.57,0.006
35983,1333,dens_317201778138256714,178,Density,<Substance CCC(C)=O{solv}{x=0.261000}|CCN(CC)CC{solv}{x=0.739000}>,CCC(C)=O,CCN(CC)CC,smee-spice2-systematic-torsion-generation_constrained-linear,2,0.7473937466527667,0.0002222554336741,0.7361510000000001,0.000106
35984,1334,dens_544322850735592196,179,Density,<Substance CCC(C)=O{solv}{x=0.510600}|CCN(CC)CC{solv}{x=0.489400}>,CCC(C)=O,CCN(CC)CC,smee-spice2-systematic-torsion-generation_constrained-linear,2,0.7566338328221781,0.0002229593830077,0.7527560000000002,0.0001045
35985,1335,dhmix_690665189446107141,180,EnthalpyOfMixing,<Substance CCC(C)=O{solv}{x=0.496700}|CCN(CC)CC{solv}{x=0.503300}>,CCC(C)=O,CCN(CC)CC,smee-spice2-systematic-torsion-generation_constrained-linear,2,0.2728900906550606,0.0417391523298152,0.746,0.008
35986,1336,dhmix_935249702283890201,181,EnthalpyOfMixing,<Substance CCC(C)=O{solv}{x=0.789300}|CCN(CC)CC{solv}{x=0.210700}>,CCC(C)=O,CCN(CC)CC,smee-spice2-systematic-torsion-generation_constrained-linear,2,0.1894013499574853,0.0364350509993019,0.455,0.005
35987,1337,dens_1635002920322954883,182,Density,<Substance CCC(C)=O{solv}{x=0.760400}|CCN(CC)CC{solv}{x=0.239600}>,CCC(C)=O,CCN(CC)CC,smee-spice2-systematic-torsion-generation_constrained-linear,2,0.7665192866343995,0.0001737350701934,0.7738830000000002,9.900000000000003e-05
35988,1338,dhmix_76833325524040726,183,EnthalpyOfMixing,<Substance C1CCCCC1{solv}{x=0.260600}|c1ccccc1{solv}{x=0.739400}>,C1CCCCC1,c1ccccc1,smee-spice2-systematic-torsion-generation_constrained-linear,2,0.7525432757021804,0.0406603250386008,0.6282,0.00695
35989,1339,dens_330305790736126156,184,Density,<Substance C1CCCCC1{solv}{x=0.499600}|c1ccccc1{solv}{x=0.500400}>,C1CCCCC1,c1ccccc1,smee-spice2-systematic-torsion-generation_constrained-linear,2,0.8080860945280652,0.0002487494159506,0.8136000000000002,0.0002
35990,1340,dhmix_460305358266375837,185,EnthalpyOfMixing,<Substance C1CCCCC1{solv}{x=0.766800}|c1ccccc1{solv}{x=0.233200}>,C1CCCCC1,c1ccccc1,smee-spice2-systematic-torsion-generation_constrained-linear,2,0.6606852398136169,0.0445147210435178,0.5517,0.00725
35991,1341,dens_1579941980285561951,186,Density,<Substance C1CCCCC1{solv}{x=0.249800}|c1ccccc1{solv}{x=0.750200}>,C1CCCCC1,c1ccccc1,smee-spice2-systematic-torsion-generation_constrained-linear,2,0.8365412250823013,0.0002776419674014,0.8405780000000002,7.05e-05
35992,1342,dhmix_1824194485055356086,187,EnthalpyOfMixing,<Substance C1CCCCC1{solv}{x=0.501200}|c1ccccc1{solv}{x=0.498800}>,C1CCCCC1,c1ccccc1,smee-spice2-systematic-torsion-generation_constrained-linear,2,0.9241514578148012,0.0446634250301705,0.7893,0.00655
35993,1343,dens_1871885279620492514,188,Density,<Substance C1CCCCC1{solv}{x=0.732300}|c1ccccc1{solv}{x=0.267700}>,C1CCCCC1,c1ccccc1,smee-spice2-systematic-torsion-generation_constrained-linear,2,0.7861749386707552,0.0001603700626501,0.7929200000000002,7.450000000000001e-05
35994,1344,dens_78518696584109468,189,Density,<Substance CN(CCO)CCO{solv}{x=0.743000}|O{solv}{x=0.257000}>,CN(CCO)CCO,O,smee-spice2-systematic-torsion-generation_constrained-linear,2,1.061983346639071,0.000328087498477,1.0405100000000005,0.000286
35995,1345,dens_169053214615075062,190,Density,<Substance CN(CCO)CCO{solv}{x=0.257100}|O{solv}{x=0.742900}>,CN(CCO)CCO,O,smee-spice2-systematic-torsion-generation_constrained-linear,2,1.0472112136786869,0.0003285829980856,1.0522550000000004,0.000221
35996,1346,dhmix_750283179383190388,191,EnthalpyOfMixing,<Substance CN(CCO)CCO{solv}{x=0.741100}|O{solv}{x=0.258900}>,CN(CCO)CCO,O,smee-spice2-systematic-torsion-generation_constrained-linear,2,-0.7121549580646729,0.0558047119899511,-1.154,0.0125
35997,1347,dhmix_1537351248216247854,192,EnthalpyOfMixing,<Substance CN(CCO)CCO{solv}{x=0.259300}|O{solv}{x=0.740700}>,CN(CCO)CCO,O,smee-spice2-systematic-torsion-generation_constrained-linear,2,-0.8481199466705363,0.0344771460081518,-2.271,0.046
35998,1348,dens_1700904374078825036,193,Density,<Substance CN(CCO)CCO{solv}{x=0.484900}|O{solv}{x=0.515100}>,CN(CCO)CCO,O,smee-spice2-systematic-torsion-generation_constrained-linear,2,1.0584152009459438,0.000296409819631,1.048636,0.0002475
35999,1349,dhmix_1761290393567900831,194,EnthalpyOfMixing,<Substance CN(CCO)CCO{solv}{x=0.494100}|O{solv}{x=0.505900}>,CN(CCO)CCO,O,smee-spice2-systematic-torsion-generation_constrained-linear,2,-1.272363218739116,0.0395909652289221,-2.072,0.042
36000,1350,dhmix_81883535492439507,195,EnthalpyOfMixing,<Substance C1COCO1{solv}{x=0.200000}|O=C1CCCC1{solv}{x=0.800000}>,C1COCO1,O=C1CCCC1,smee-spice2-systematic-torsion-generation_constrained-linear,2,0.0353349998115524,0.0366221338804491,-0.00853,0.000425
36001,1351,dens_192935635984964537,196,Density,<Substance C1COCO1{solv}{x=0.509000}|O=C1CCCC1{solv}{x=0.491000}>,C1COCO1,O=C1CCCC1,smee-spice2-systematic-torsion-generation_constrained-linear,2,1.0055092259800589,0.0002661647077205,0.9954700000000004,0.000255
36002,1352,dhmix_309530351940031317,197,EnthalpyOfMixing,<Substance C1COCO1{solv}{x=0.700000}|O=C1CCCC1{solv}{x=0.300000}>,C1COCO1,O=C1CCCC1,smee-spice2-systematic-torsion-generation_constrained-linear,2,0.0839179296870469,0.0382049069367907,-0.02292,0.00048
36003,1353,dhmix_1480225642523009634,198,EnthalpyOfMixing,<Substance C1COCO1{solv}{x=0.500000}|O=C1CCCC1{solv}{x=0.500000}>,C1COCO1,O=C1CCCC1,smee-spice2-systematic-torsion-generation_constrained-linear,2,0.1023694742872081,0.037884854356257,-0.02181,0.000475
36004,1354,dens_1663189314624242951,199,Density,<Substance C1COCO1{solv}{x=0.225100}|O=C1CCCC1{solv}{x=0.774900}>,C1COCO1,O=C1CCCC1,smee-spice2-systematic-torsion-generation_constrained-linear,2,0.9559404354082583,0.0002493156517072,0.9652800000000002,0.000245
36005,1355,dens_1684591254659727640,200,Density,<Substance C1COCO1{solv}{x=0.789100}|O=C1CCCC1{solv}{x=0.210900}>,C1COCO1,O=C1CCCC1,smee-spice2-systematic-torsion-generation_constrained-linear,2,1.063000833138481,0.0002551527088193,1.02957,0.00026
36006,1356,dens_82854054922011802,201,Density,<Substance c1cc[nH]c1{solv}{x=0.542600}|c1ccncc1{solv}{x=0.457400}>,c1cc[nH]c1,c1ccncc1,smee-spice2-systematic-torsion-generation_constrained-linear,2,0.9915213118609506,0.0002608074679816,0.9706400000000002,5.5000000000000016e-05
36007,1357,dens_332042143272324658,202,Density,<Substance c1cc[nH]c1{solv}{x=0.755400}|c1ccncc1{solv}{x=0.244600}>,c1cc[nH]c1,c1ccncc1,smee-spice2-systematic-torsion-generation_constrained-linear,2,0.9908639660473224,0.0002815419952544,0.9676900000000004,5.5000000000000016e-05
36008,1358,dhmix_582184351339863568,203,EnthalpyOfMixing,<Substance c1cc[nH]c1{solv}{x=0.760200}|c1ccncc1{solv}{x=0.239800}>,c1cc[nH]c1,c1ccncc1,smee-spice2-systematic-torsion-generation_constrained-linear,2,-0.0750356504329516,0.033359402257334,-1.6452,0.01075
36009,1359,dhmix_809205277185290719,204,EnthalpyOfMixing,<Substance c1cc[nH]c1{solv}{x=0.509500}|c1ccncc1{solv}{x=0.490500}>,c1cc[nH]c1,c1ccncc1,smee-spice2-systematic-torsion-generation_constrained-linear,2,-0.1658159950145261,0.035137315964362,-2.649,0.01645
36010,1360,dens_1187941919350264461,205,Density,<Substance c1cc[nH]c1{solv}{x=0.227300}|c1ccncc1{solv}{x=0.772700}>,c1cc[nH]c1,c1ccncc1,smee-spice2-systematic-torsion-generation_constrained-linear,2,0.9925528721335172,0.000251403294195,0.9755600000000002,5.5000000000000016e-05
36011,1361,dhmix_2302696180464118683,206,EnthalpyOfMixing,<Substance c1cc[nH]c1{solv}{x=0.239500}|c1ccncc1{solv}{x=0.760500}>,c1cc[nH]c1,c1ccncc1,smee-spice2-systematic-torsion-generation_constrained-linear,2,-0.1295651760276328,0.0353036338035271,-1.7662,0.01145
36012,1362,dhmix_84488753175979819,207,EnthalpyOfMixing,<Substance C1CCOCC1{solv}{x=0.500000}|CCO{solv}{x=0.500000}>,C1CCOCC1,CCO,smee-spice2-systematic-torsion-generation_constrained-linear,2,0.9156841977860068,0.0352401174129697,0.8491,0.00794
36013,1363,dens_904236164857914889,208,Density,<Substance C1CCOCC1{solv}{x=0.701000}|CCO{solv}{x=0.299000}>,C1CCOCC1,CCO,smee-spice2-systematic-torsion-generation_constrained-linear,2,0.8615746367421112,0.0002697396694393,0.8595400000000002,8.500000000000002e-05
36014,1364,dhmix_923986751684807715,209,EnthalpyOfMixing,<Substance C1CCOCC1{solv}{x=0.750000}|CCO{solv}{x=0.250000}>,C1CCOCC1,CCO,smee-spice2-systematic-torsion-generation_constrained-linear,2,0.8138262332610111,0.0343371270197731,0.75364,0.007115
36015,1365,dhmix_927648698725704337,210,EnthalpyOfMixing,<Substance C1CCOCC1{solv}{x=0.250000}|CCO{solv}{x=0.750000}>,C1CCOCC1,CCO,smee-spice2-systematic-torsion-generation_constrained-linear,2,0.5445547229357999,0.0348495178450169,0.57017,0.00553
36016,1366,dens_1095414448718823860,211,Density,<Substance C1CCOCC1{solv}{x=0.504000}|CCO{solv}{x=0.496000}>,C1CCOCC1,CCO,smee-spice2-systematic-torsion-generation_constrained-linear,2,0.8469835550985728,0.0002943361836839,0.8440100000000001,0.0001
36017,1367,dens_1309012152943788187,212,Density,<Substance C1CCOCC1{solv}{x=0.284000}|CCO{solv}{x=0.716000}>,C1CCOCC1,CCO,smee-spice2-systematic-torsion-generation_constrained-linear,2,0.8262947905379548,0.0003105373741524,0.8227400000000002,0.00012
36018,1368,dens_88489471162801298,213,Density,<Substance CC(C)=O{solv}{x=0.248400}|Nc1ccccc1{solv}{x=0.751600}>,CC(C)=O,Nc1ccccc1,smee-spice2-systematic-torsion-generation_constrained-linear,2,1.0199436592979207,0.0002316914516996,0.9768950000000002,0.0001055
36019,1369,dens_892449093930393176,214,Density,<Substance CC(C)=O{solv}{x=0.411400}|Nc1ccccc1{solv}{x=0.588600}>,CC(C)=O,Nc1ccccc1,smee-spice2-systematic-torsion-generation_constrained-linear,2,0.9742718581955196,0.0001820563667682,0.9457730000000002,0.0001285
36020,1370,dens_1087594007698023193,215,Density,<Substance CC(C)=O{solv}{x=0.699300}|Nc1ccccc1{solv}{x=0.300700}>,CC(C)=O,Nc1ccccc1,smee-spice2-systematic-torsion-generation_constrained-linear,2,0.8841689624081138,0.0002520832490315,0.8786430000000003,0.000178
36021,1371,dhmix_1461699545612032563,216,EnthalpyOfMixing,<Substance CC(C)=O{solv}{x=0.214500}|Nc1ccccc1{solv}{x=0.785500}>,CC(C)=O,Nc1ccccc1,smee-spice2-systematic-torsion-generation_constrained-linear,2,0.1039556359111983,0.044118531933036,-0.746,0.008
36022,1372,dhmix_1577476208805542019,217,EnthalpyOfMixing,<Substance CC(C)=O{solv}{x=0.699100}|Nc1ccccc1{solv}{x=0.300900}>,CC(C)=O,Nc1ccccc1,smee-spice2-systematic-torsion-generation_constrained-linear,2,-0.5346727671547455,0.0358397351632863,-1.076,0.0115
36023,1373,dhmix_2267661763264899390,218,EnthalpyOfMixing,<Substance CC(C)=O{solv}{x=0.410700}|Nc1ccccc1{solv}{x=0.589300}>,CC(C)=O,Nc1ccccc1,smee-spice2-systematic-torsion-generation_constrained-linear,2,-0.493995872333798,0.0368999308576514,-1.165,0.0125
36024,1374,dhmix_90851537891129625,219,EnthalpyOfMixing,<Substance C1CCOCC1{solv}{x=0.268300}|Cc1ccccn1{solv}{x=0.731700}>,C1CCOCC1,Cc1ccccn1,smee-spice2-systematic-torsion-generation_constrained-linear,2,-0.0748634324097707,0.0418221552753581,0.1057,0.00105
36025,1375,dhmix_975790739707505549,220,EnthalpyOfMixing,<Substance C1CCOCC1{solv}{x=0.482200}|Cc1ccccn1{solv}{x=0.517800}>,C1CCOCC1,Cc1ccccn1,smee-spice2-systematic-torsion-generation_constrained-linear,2,0.1048075509853809,0.0388968736437953,0.1728,0.00135
36026,1376,dens_981500521813591443,221,Density,<Substance C1CCOCC1{solv}{x=0.491600}|Cc1ccccn1{solv}{x=0.508400}>,C1CCOCC1,Cc1ccccn1,smee-spice2-systematic-torsion-generation_constrained-linear,2,0.918950922412017,0.0001708873122043,0.910915,0.000475
36027,1377,dens_1237050172671894703,222,Density,<Substance C1CCOCC1{solv}{x=0.237300}|Cc1ccccn1{solv}{x=0.762700}>,C1CCOCC1,Cc1ccccn1,smee-spice2-systematic-torsion-generation_constrained-linear,2,0.9375038758736978,0.0002477523438542,0.9261620000000004,0.0004855
36028,1378,dhmix_1841520238596708010,223,EnthalpyOfMixing,<Substance C1CCOCC1{solv}{x=0.821600}|Cc1ccccn1{solv}{x=0.178400}>,C1CCOCC1,Cc1ccccn1,smee-spice2-systematic-torsion-generation_constrained-linear,2,0.0538708044030471,0.0472806462689658,0.1352,0.0012
36029,1379,dens_1852422594896475094,224,Density,<Substance C1CCOCC1{solv}{x=0.821900}|Cc1ccccn1{solv}{x=0.178100}>,C1CCOCC1,Cc1ccccn1,smee-spice2-systematic-torsion-generation_constrained-linear,2,0.8843756882478769,0.000224000186818,0.8802920000000002,0.000454
36030,1380,dhmix_93676522673462266,225,EnthalpyOfMixing,<Substance CC(=O)N(C)C{solv}{x=0.702000}|ClCCCl{solv}{x=0.298000}>,CC(=O)N(C)C,ClCCCl,smee-spice2-systematic-torsion-generation_constrained-linear,2,-0.5864341101890886,0.0374394309890308,-0.706,0.004
36031,1381,dens_466640151895915379,226,Density,<Substance CC(=O)N(C)C{solv}{x=0.499900}|ClCCCl{solv}{x=0.500100}>,CC(=O)N(C)C,ClCCCl,smee-spice2-systematic-torsion-generation_constrained-linear,2,1.0576100842850984,0.0003022541903122,1.0774000000000004,0.00325
36032,1382,dhmix_504891727488256514,227,EnthalpyOfMixing,<Substance CC(=O)N(C)C{solv}{x=0.202000}|ClCCCl{solv}{x=0.798000}>,CC(=O)N(C)C,ClCCCl,smee-spice2-systematic-torsion-generation_constrained-linear,2,-0.4898485070846661,0.0336995571704881,-0.586,0.004
36033,1383,dens_1432716574300574119,228,Density,<Substance CC(=O)N(C)C{solv}{x=0.298800}|ClCCCl{solv}{x=0.701200}>,CC(=O)N(C)C,ClCCCl,smee-spice2-systematic-torsion-generation_constrained-linear,2,1.1244146868388918,0.0003361770815602,1.1413000000000002,0.00345
36034,1384,dens_1909242265481868478,229,Density,<Substance CC(=O)N(C)C{solv}{x=0.700800}|ClCCCl{solv}{x=0.299200}>,CC(=O)N(C)C,ClCCCl,smee-spice2-systematic-torsion-generation_constrained-linear,2,0.9930859098540542,0.0002494305465784,1.0181000000000002,0.00305
36035,1385,dhmix_2201663021806040380,230,EnthalpyOfMixing,<Substance CC(=O)N(C)C{solv}{x=0.500000}|ClCCCl{solv}{x=0.500000}>,CC(=O)N(C)C,ClCCCl,smee-spice2-systematic-torsion-generation_constrained-linear,2,-0.6996780704636691,0.0322699336466848,-0.885,0.004
36036,1386,dhmix_101847702994296892,231,EnthalpyOfMixing,<Substance CCCCCCCl{solv}{x=0.790000}|CN1CCCC1=O{solv}{x=0.210000}>,CCCCCCCl,CN1CCCC1=O,smee-spice2-systematic-torsion-generation_constrained-linear,2,0.5700566097481357,0.0461497865803297,0.232,0.0025
36037,1387,dhmix_275814181113182192,232,EnthalpyOfMixing,<Substance CCCCCCCl{solv}{x=0.497000}|CN1CCCC1=O{solv}{x=0.503000}>,CCCCCCCl,CN1CCCC1=O,smee-spice2-systematic-torsion-generation_constrained-linear,2,0.8556815470331394,0.0392844572285949,0.416,0.0025
36038,1388,dens_441375838683668512,233,Density,<Substance CCCCCCCl{solv}{x=0.499300}|CN1CCCC1=O{solv}{x=0.500700}>,CCCCCCCl,CN1CCCC1=O,smee-spice2-systematic-torsion-generation_constrained-linear,2,0.932052413492588,0.0002568775690937,0.9389000000000002,0.0002
36039,1389,dhmix_840847840731542643,234,EnthalpyOfMixing,<Substance CCCCCCCl{solv}{x=0.203000}|CN1CCCC1=O{solv}{x=0.797000}>,CCCCCCCl,CN1CCCC1=O,smee-spice2-systematic-torsion-generation_constrained-linear,2,0.6731549315839445,0.0441557896770967,0.319,0.0025
36040,1390,dens_1314691253679633833,235,Density,<Substance CCCCCCCl{solv}{x=0.298400}|CN1CCCC1=O{solv}{x=0.701600}>,CCCCCCCl,CN1CCCC1=O,smee-spice2-systematic-torsion-generation_constrained-linear,2,0.9609068854051954,0.0001606052232768,0.9715000000000004,0.0002
36041,1391,dens_1366683244756558841,236,Density,<Substance CCCCCCCl{solv}{x=0.801200}|CN1CCCC1=O{solv}{x=0.198800}>,CCCCCCCl,CN1CCCC1=O,smee-spice2-systematic-torsion-generation_constrained-linear,2,0.8925322504636604,0.0002318996318418,0.8970000000000002,0.0003
36042,1392,dhmix_107460606439569535,237,EnthalpyOfMixing,<Substance C1COCCO1{solv}{x=0.572500}|O=C1CCCCCC1{solv}{x=0.427500}>,C1COCCO1,O=C1CCCCCC1,smee-spice2-systematic-torsion-generation_constrained-linear,2,0.2347315601523263,0.042430949433632,0.1032,0.00125
36043,1393,dens_229535957420918177,238,Density,<Substance C1COCCO1{solv}{x=0.748900}|O=C1CCCCCC1{solv}{x=0.251100}>,C1COCCO1,O=C1CCCCCC1,smee-spice2-systematic-torsion-generation_constrained-linear,2,1.005270951602116,0.0001405341156104,0.9994100000000002,0.00051
36044,1394,dhmix_1101001475632451077,239,EnthalpyOfMixing,<Substance C1COCCO1{solv}{x=0.225200}|O=C1CCCCCC1{solv}{x=0.774800}>,C1COCCO1,O=C1CCCCCC1,smee-spice2-systematic-torsion-generation_constrained-linear,2,0.0801780329316841,0.0435635571381729,0.0783,0.001
36045,1395,dens_1711999737319704820,240,Density,<Substance C1COCCO1{solv}{x=0.572300}|O=C1CCCCCC1{solv}{x=0.427700}>,C1COCCO1,O=C1CCCCCC1,smee-spice2-systematic-torsion-generation_constrained-linear,2,0.9740396830792042,0.0001954642990901,0.9737000000000002,0.00051
36046,1396,dens_1973863157285112004,241,Density,<Substance C1COCCO1{solv}{x=0.255500}|O=C1CCCCCC1{solv}{x=0.744500}>,C1COCCO1,O=C1CCCCCC1,smee-spice2-systematic-torsion-generation_constrained-linear,2,0.9529176564613108,0.0001963901992991,0.9616800000000002,0.000515
36047,1397,dhmix_2239035738396328121,242,EnthalpyOfMixing,<Substance C1COCCO1{solv}{x=0.771600}|O=C1CCCCCC1{solv}{x=0.228400}>,C1COCCO1,O=C1CCCCCC1,smee-spice2-systematic-torsion-generation_constrained-linear,2,0.1509401922440929,0.0418051048747631,0.0694,0.0009
36048,1398,dhmix_110368175234083214,243,EnthalpyOfMixing,<Substance CC#N{solv}{x=0.201600}|CCOC(C)(C)CC{solv}{x=0.798400}>,CC#N,CCOC(C)(C)CC,smee-spice2-systematic-torsion-generation_constrained-linear,2,0.2871223778915066,0.0466737315567859,0.6411,0.0087
36049,1399,dhmix_565046024644834395,244,EnthalpyOfMixing,<Substance CC#N{solv}{x=0.700400}|CCOC(C)(C)CC{solv}{x=0.299600}>,CC#N,CCOC(C)(C)CC,smee-spice2-systematic-torsion-generation_constrained-linear,2,0.3832671095840378,0.0354165314357864,0.8397,0.0113
36050,1400,dens_865362803305469370,245,Density,<Substance CC#N{solv}{x=0.502400}|CCOC(C)(C)CC{solv}{x=0.497600}>,CC#N,CCOC(C)(C)CC,smee-spice2-systematic-torsion-generation_constrained-linear,2,0.7746282628409435,0.0002295757120198,0.7675000000000002,0.00035
36051,1401,dhmix_1131176031733024874,246,EnthalpyOfMixing,<Substance CC#N{solv}{x=0.502400}|CCOC(C)(C)CC{solv}{x=0.497600}>,CC#N,CCOC(C)(C)CC,smee-spice2-systematic-torsion-generation_constrained-linear,2,0.404309716967532,0.0399680299950276,0.9514,0.01285
36052,1402,dens_1305751749890499162,247,Density,<Substance CC#N{solv}{x=0.201600}|CCOC(C)(C)CC{solv}{x=0.798400}>,CC#N,CCOC(C)(C)CC,smee-spice2-systematic-torsion-generation_constrained-linear,2,0.7720315396114161,0.0002092721953021,0.7635000000000002,0.00025
36053,1403,dens_1928701304100922381,248,Density,<Substance CC#N{solv}{x=0.700400}|CCOC(C)(C)CC{solv}{x=0.299600}>,CC#N,CCOC(C)(C)CC,smee-spice2-systematic-torsion-generation_constrained-linear,2,0.7764499603713084,0.0002496003637333,0.7707000000000003,0.0005
36054,1404,dhmix_112729391186229967,249,EnthalpyOfMixing,<Substance CCC(C)=O{solv}{x=0.509000}|CNc1ccccc1{solv}{x=0.491000}>,CCC(C)=O,CNc1ccccc1,smee-spice2-systematic-torsion-generation_constrained-linear,2,-0.4778595870389459,0.0412646706617963,-0.816,0.009
36055,1405,dens_414028029115294252,250,Density,<Substance CCC(C)=O{solv}{x=0.746300}|CNc1ccccc1{solv}{x=0.253700}>,CCC(C)=O,CNc1ccccc1,smee-spice2-systematic-torsion-generation_constrained-linear,2,0.8476231824069027,0.0002431959225286,0.8582020000000002,0.000102
36056,1406,dens_559789475978651659,251,Density,<Substance CCC(C)=O{solv}{x=0.495000}|CNc1ccccc1{solv}{x=0.505000}>,CCC(C)=O,CNc1ccccc1,smee-spice2-systematic-torsion-generation_constrained-linear,2,0.90606574361891,0.0002407841019233,0.9066940000000002,0.000164
36057,1407,dhmix_1637459312398636454,252,EnthalpyOfMixing,<Substance CCC(C)=O{solv}{x=0.228300}|CNc1ccccc1{solv}{x=0.771700}>,CCC(C)=O,CNc1ccccc1,smee-spice2-systematic-torsion-generation_constrained-linear,2,-0.365367108385314,0.036526228575891,-0.54,0.006
36058,1408,dhmix_1933605864237207151,253,EnthalpyOfMixing,<Substance CCC(C)=O{solv}{x=0.705500}|CNc1ccccc1{solv}{x=0.294500}>,CCC(C)=O,CNc1ccccc1,smee-spice2-systematic-torsion-generation_constrained-linear,2,-0.4172416792075211,0.0431749574732702,-0.672,0.0075
36059,1409,dens_2039660657679820411,254,Density,<Substance CCC(C)=O{solv}{x=0.258900}|CNc1ccccc1{solv}{x=0.741100}>,CCC(C)=O,CNc1ccccc1,smee-spice2-systematic-torsion-generation_constrained-linear,2,0.9554884471464758,0.0002104616668115,0.9456330000000004,0.000259
36060,1410,dhmix_112832411362526364,255,EnthalpyOfMixing,<Substance C=CCCCC{solv}{x=0.250000}|CCCCO{solv}{x=0.750000}>,C=CCCCC,CCCCO,smee-spice2-systematic-torsion-generation_constrained-linear,2,0.3556510580541783,0.0417387796912695,0.2829,0.00333
36061,1411,dhmix_385937725855980509,256,EnthalpyOfMixing,<Substance C=CCCCC{solv}{x=0.749900}|CCCCO{solv}{x=0.250100}>,C=CCCCC,CCCCO,smee-spice2-systematic-torsion-generation_constrained-linear,2,0.7845068730700575,0.0440113371890331,0.63978,0.00696
36062,1412,dens_417191245012747241,257,Density,<Substance C=CCCCC{solv}{x=0.501800}|CCCCO{solv}{x=0.498200}>,C=CCCCC,CCCCO,smee-spice2-systematic-torsion-generation_constrained-linear,2,0.7232339911468852,0.0002127768495805,0.7340000000000002,0.00035
36063,1413,dens_1053849773924337242,258,Density,<Substance C=CCCCC{solv}{x=0.100100}|CCCCO{solv}{x=0.899900}>,C=CCCCC,CCCCO,smee-spice2-systematic-torsion-generation_constrained-linear,2,0.7917037575172102,0.0002214969939539,0.7924000000000002,0.00035
36064,1414,dhmix_1436053809694490847,259,EnthalpyOfMixing,<Substance C=CCCCC{solv}{x=0.500300}|CCCCO{solv}{x=0.499700}>,C=CCCCC,CCCCO,smee-spice2-systematic-torsion-generation_constrained-linear,2,0.6395852384109446,0.0356732815115121,0.56098,0.00616
36065,1415,dens_1967827958045932694,260,Density,<Substance C=CCCCC{solv}{x=0.900000}|CCCCO{solv}{x=0.100000}>,C=CCCCC,CCCCO,smee-spice2-systematic-torsion-generation_constrained-linear,2,0.668568687392778,0.0002372211893,0.6818000000000001,0.00035
36066,1416,dhmix_113202719214912577,261,EnthalpyOfMixing,<Substance CCN(CC)CCO{solv}{x=0.700300}|O{solv}{x=0.299700}>,CCN(CC)CCO,O,smee-spice2-systematic-torsion-generation_constrained-linear,2,-1.5853435159176286,0.051075801271623,-1.75,0.019
36067,1417,dhmix_450200897960931857,262,EnthalpyOfMixing,<Substance CCN(CC)CCO{solv}{x=0.500200}|O{solv}{x=0.499800}>,CCN(CC)CCO,O,smee-spice2-systematic-torsion-generation_constrained-linear,2,-1.5329858199395403,0.0444975154474812,-2.504,0.027
36068,1418,dens_727880187774296815,263,Density,<Substance CCN(CC)CCO{solv}{x=0.799700}|O{solv}{x=0.200300}>,CCN(CC)CCO,O,smee-spice2-systematic-torsion-generation_constrained-linear,2,0.9006272752613947,0.0002767482717116,0.8996000000000003,0.005
36069,1419,dens_943193748522476096,264,Density,<Substance CCN(CC)CCO{solv}{x=0.499700}|O{solv}{x=0.500300}>,CCN(CC)CCO,O,smee-spice2-systematic-torsion-generation_constrained-linear,2,0.9133735381870708,0.0003047641015174,0.9222000000000002,0.005
36070,1420,dhmix_1628408668678458098,265,EnthalpyOfMixing,<Substance CCN(CC)CCO{solv}{x=0.200800}|O{solv}{x=0.799200}>,CCN(CC)CCO,O,smee-spice2-systematic-torsion-generation_constrained-linear,2,-0.8305116480721111,0.0282388199071279,-2.185,0.0235
36071,1421,dens_1679974305630699360,266,Density,<Substance CCN(CC)CCO{solv}{x=0.193290}|O{solv}{x=0.806710}>,CCN(CC)CCO,O,smee-spice2-systematic-torsion-generation_constrained-linear,2,0.934214882146596,0.0003421475220129,0.9615690000000002,0.000144
36072,1422,dens_114257363738318755,267,Density,<Substance C1CCCCC1{solv}{x=0.754300}|CCCCCC{solv}{x=0.245700}>,C1CCCCC1,CCCCCC,smee-spice2-systematic-torsion-generation_constrained-linear,2,0.7304556134895396,0.0002302117511432,0.7392000000000002,0.00065
36073,1423,dens_528453314861364780,268,Density,<Substance C1CCCCC1{solv}{x=0.234300}|CCCCCC{solv}{x=0.765700}>,C1CCCCC1,CCCCCC,smee-spice2-systematic-torsion-generation_constrained-linear,2,0.6699924200498376,0.0002375566028407,0.6838300000000002,0.001655
36074,1424,dens_547437695672624422,269,Density,<Substance C1CCCCC1{solv}{x=0.479300}|CCCCCC{solv}{x=0.520700}>,C1CCCCC1,CCCCCC,smee-spice2-systematic-torsion-generation_constrained-linear,2,0.6968614633546288,0.0001816792177438,0.7105500000000001,0.001555
36075,1425,dhmix_728030976573858762,270,EnthalpyOfMixing,<Substance C1CCCCC1{solv}{x=0.483200}|CCCCCC{solv}{x=0.516800}>,C1CCCCC1,CCCCCC,smee-spice2-systematic-torsion-generation_constrained-linear,2,0.3363499366791558,0.0431805843989778,0.2144,0.00155
36076,1426,dhmix_1406519609852245638,271,EnthalpyOfMixing,<Substance C1CCCCC1{solv}{x=0.219000}|CCCCCC{solv}{x=0.781000}>,C1CCCCC1,CCCCCC,smee-spice2-systematic-torsion-generation_constrained-linear,2,0.2690222333128105,0.0423601626276991,0.1264,0.00105
36077,1427,dhmix_1819992223413741006,272,EnthalpyOfMixing,<Substance C1CCCCC1{solv}{x=0.725500}|CCCCCC{solv}{x=0.274500}>,C1CCCCC1,CCCCCC,smee-spice2-systematic-torsion-generation_constrained-linear,2,0.3603872369966723,0.043710298991899,0.199,0.00145
36078,1428,dhmix_114464856611254095,273,EnthalpyOfMixing,<Substance COc1ccccc1{solv}{x=0.739800}|OCc1ccccc1{solv}{x=0.260200}>,COc1ccccc1,OCc1ccccc1,smee-spice2-systematic-torsion-generation_constrained-linear,2,0.8613939532885126,0.0440704547435192,1.0539,0.0113
36079,1429,dens_844721400884986444,274,Density,<Substance COc1ccccc1{solv}{x=0.288300}|OCc1ccccc1{solv}{x=0.711700}>,COc1ccccc1,OCc1ccccc1,smee-spice2-systematic-torsion-generation_constrained-linear,2,1.0228784528264288,0.000239203840145,1.0180000000000002,0.000135
36080,1430,dens_1208569209782779179,275,Density,<Substance COc1ccccc1{solv}{x=0.491100}|OCc1ccccc1{solv}{x=0.508900}>,COc1ccccc1,OCc1ccccc1,smee-spice2-systematic-torsion-generation_constrained-linear,2,1.009963356828773,0.0002123692694941,1.0069400000000004,0.000165
36081,1431,dhmix_1342325728364187329,276,EnthalpyOfMixing,<Substance COc1ccccc1{solv}{x=0.240100}|OCc1ccccc1{solv}{x=0.759900}>,COc1ccccc1,OCc1ccccc1,smee-spice2-systematic-torsion-generation_constrained-linear,2,0.6362562965078951,0.0467100358330156,0.6199,0.0067
36082,1432,dhmix_1596550872819493971,277,EnthalpyOfMixing,<Substance COc1ccccc1{solv}{x=0.486600}|OCc1ccccc1{solv}{x=0.513400}>,COc1ccccc1,OCc1ccccc1,smee-spice2-systematic-torsion-generation_constrained-linear,2,0.9430658878573156,0.0441222886127277,0.9688,0.0104
36083,1433,dens_1833270112854727934,278,Density,<Substance COc1ccccc1{solv}{x=0.774500}|OCc1ccccc1{solv}{x=0.225500}>,COc1ccccc1,OCc1ccccc1,smee-spice2-systematic-torsion-generation_constrained-linear,2,0.9913777436659358,0.0002312350847678,0.9915900000000004,0.000215
36084,1434,dens_114725786693793907,279,Density,<Substance CC(=O)O{solv}{x=0.703100}|CCO{solv}{x=0.296900}>,CC(=O)O,CCO,smee-spice2-systematic-torsion-generation_constrained-linear,2,0.9984884764600568,0.0003263666410248,0.97355,0.00021
36085,1435,dens_883421079927261907,280,Density,<Substance CC(=O)O{solv}{x=0.496100}|CCO{solv}{x=0.503900}>,CC(=O)O,CCO,smee-spice2-systematic-torsion-generation_constrained-linear,2,0.937695533138866,0.0003372859200223,0.9199600000000002,0.0002
36086,1436,dens_1042567278853913615,281,Density,<Substance CC(=O)O{solv}{x=0.297100}|CCO{solv}{x=0.702900}>,CC(=O)O,CCO,smee-spice2-systematic-torsion-generation_constrained-linear,2,0.8797032133254346,0.0003368111865907,0.8668600000000002,0.000195
36087,1437,dhmix_129373600931207498,282,EnthalpyOfMixing,<Substance NCCNCCN{solv}{x=0.702000}|O{solv}{x=0.298000}>,NCCNCCN,O,smee-spice2-systematic-torsion-generation_constrained-linear,2,-3.227177749031597,0.0480772538208079,-3.393,0.036
36088,1438,dhmix_313570094367316478,283,EnthalpyOfMixing,<Substance NCCNCCN{solv}{x=0.241600}|O{solv}{x=0.758400}>,NCCNCCN,O,smee-spice2-systematic-torsion-generation_constrained-linear,2,-3.6570235416549224,0.0343387095420348,-6.523,0.0695
36089,1439,dens_548243159356184104,284,Density,<Substance NCCNCCN{solv}{x=0.244900}|O{solv}{x=0.755100}>,NCCNCCN,O,smee-spice2-systematic-torsion-generation_constrained-linear,2,1.0753707298522286,0.0004040173538732,1.0275000000000003,0.0005
36090,1440,dens_913992897582667960,285,Density,<Substance NCCNCCN{solv}{x=0.497400}|O{solv}{x=0.502600}>,NCCNCCN,O,smee-spice2-systematic-torsion-generation_constrained-linear,2,1.0850345976357534,0.0003162115555431,0.9928000000000002,0.0005
36091,1441,dhmix_1565087976771168604,286,EnthalpyOfMixing,<Substance NCCNCCN{solv}{x=0.501000}|O{solv}{x=0.499000}>,NCCNCCN,O,smee-spice2-systematic-torsion-generation_constrained-linear,2,-3.8584382296060658,0.0330235506837141,-5.417,0.0575
36092,1442,dens_1812124220217686569,287,Density,<Substance NCCNCCN{solv}{x=0.698800}|O{solv}{x=0.301200}>,NCCNCCN,O,smee-spice2-systematic-torsion-generation_constrained-linear,2,1.085127119529637,0.0002787604968924,0.9718000000000002,0.0005
36093,1443,dhmix_135176730945124637,288,EnthalpyOfMixing,<Substance CCCCNCCCC{solv}{x=0.751800}|CN(C)C=O{solv}{x=0.248200}>,CCCCNCCCC,CN(C)C=O,smee-spice2-systematic-torsion-generation_constrained-linear,2,0.2822214005488206,0.0530384542757086,0.782,0.025
36094,1444,dens_586298674852090193,289,Density,<Substance CCCCNCCCC{solv}{x=0.726600}|CN(C)C=O{solv}{x=0.273400}>,CCCCNCCCC,CN(C)C=O,smee-spice2-systematic-torsion-generation_constrained-linear,2,0.7911055938599059,0.0001613293761633,0.7828350000000002,0.0009465
36095,1445,dens_711718403070096827,290,Density,<Substance CCCCNCCCC{solv}{x=0.263900}|CN(C)C=O{solv}{x=0.736100}>,CCCCNCCCC,CN(C)C=O,smee-spice2-systematic-torsion-generation_constrained-linear,2,0.8585410904676268,0.0002088671566011,0.8609240000000001,0.001053
36096,1446,dhmix_1537913365058000269,291,EnthalpyOfMixing,<Substance CCCCNCCCC{solv}{x=0.249400}|CN(C)C=O{solv}{x=0.750600}>,CCCCNCCCC,CN(C)C=O,smee-spice2-systematic-torsion-generation_constrained-linear,2,0.4513918084242974,0.0414005519080763,0.921,0.029
36097,1447,dhmix_1965420976556284821,292,EnthalpyOfMixing,<Substance CCCCNCCCC{solv}{x=0.501800}|CN(C)C=O{solv}{x=0.498200}>,CCCCNCCCC,CN(C)C=O,smee-spice2-systematic-torsion-generation_constrained-linear,2,0.4148357109865372,0.039257643622843,1.113,0.0335
36098,1448,dens_2298192241038151497,293,Density,<Substance CCCCNCCCC{solv}{x=0.492800}|CN(C)C=O{solv}{x=0.507200}>,CCCCNCCCC,CN(C)C=O,smee-spice2-systematic-torsion-generation_constrained-linear,2,0.8200400283270157,0.0002362125790582,0.8153440000000003,0.0009895
36099,1449,dens_145031449158698048,294,Density,<Substance CN(C)C=O{solv}{x=0.498800}|ClCCCl{solv}{x=0.501200}>,CN(C)C=O,ClCCCl,smee-spice2-systematic-torsion-generation_constrained-linear,2,1.0839771254365038,0.000339223871538,1.0957000000000003,0.00305
36100,1450,dens_511894799968528211,295,Density,<Substance CN(C)C=O{solv}{x=0.197800}|ClCCCl{solv}{x=0.802200}>,CN(C)C=O,ClCCCl,smee-spice2-systematic-torsion-generation_constrained-linear,2,1.1735493819868916,0.0003829424446499,1.1862000000000004,0.003
36101,1451,dhmix_693792312882226719,296,EnthalpyOfMixing,<Substance CN(C)C=O{solv}{x=0.498000}|ClCCCl{solv}{x=0.502000}>,CN(C)C=O,ClCCCl,smee-spice2-systematic-torsion-generation_constrained-linear,2,-0.1838272874689437,0.0278173511559359,-0.663,0.0035
36102,1452,dhmix_1364024895663592301,297,EnthalpyOfMixing,<Substance CN(C)C=O{solv}{x=0.299000}|ClCCCl{solv}{x=0.701000}>,CN(C)C=O,ClCCCl,smee-spice2-systematic-torsion-generation_constrained-linear,2,-0.1731433346442088,0.0316640364479845,-0.575,0.0035
36103,1453,dens_1874616475661316520,298,Density,<Substance CN(C)C=O{solv}{x=0.705400}|ClCCCl{solv}{x=0.294600}>,CN(C)C=O,ClCCCl,smee-spice2-systematic-torsion-generation_constrained-linear,2,1.0195327276377886,0.000273518904645,1.0336,0.003
36104,1454,dhmix_1965344541223753593,299,EnthalpyOfMixing,<Substance CN(C)C=O{solv}{x=0.702000}|ClCCCl{solv}{x=0.298000}>,CN(C)C=O,ClCCCl,smee-spice2-systematic-torsion-generation_constrained-linear,2,-0.1850098522533656,0.0352616984584324,-0.531,0.003
36105,1455,dens_145117083439077204,300,Density,<Substance CN1CCCC1=O{solv}{x=0.700300}|ClCCCCCl{solv}{x=0.299700}>,CN1CCCC1=O,ClCCCCCl,smee-spice2-systematic-torsion-generation_constrained-linear,2,1.0516769992595172,0.0002294951541776,1.0627000000000002,0.0005
36106,1456,dens_872271192908107773,301,Density,<Substance CN1CCCC1=O{solv}{x=0.203400}|ClCCCCCl{solv}{x=0.796600}>,CN1CCCC1=O,ClCCCCCl,smee-spice2-systematic-torsion-generation_constrained-linear,2,1.1094345981863247,0.0003083065235994,1.1142000000000003,0.00125
36107,1457,dhmix_958757583081250655,302,EnthalpyOfMixing,<Substance CN1CCCC1=O{solv}{x=0.703000}|ClCCCCCl{solv}{x=0.297000}>,CN1CCCC1=O,ClCCCCCl,smee-spice2-systematic-torsion-generation_constrained-linear,2,0.0464320255079293,0.0445291932766377,-0.583,0.0035
36108,1458,dens_1187888029800539390,303,Density,<Substance CN1CCCC1=O{solv}{x=0.502500}|ClCCCCCl{solv}{x=0.497500}>,CN1CCCC1=O,ClCCCCCl,smee-spice2-systematic-torsion-generation_constrained-linear,2,1.076517176528469,0.0002603576770328,1.0840000000000003,0.00075
36109,1459,dhmix_1448185356234442909,304,EnthalpyOfMixing,<Substance CN1CCCC1=O{solv}{x=0.210000}|ClCCCCCl{solv}{x=0.790000}>,CN1CCCC1=O,ClCCCCCl,smee-spice2-systematic-torsion-generation_constrained-linear,2,-0.0240054394906223,0.0422237031959881,-0.406,0.003
36110,1460,dhmix_1623586299486793214,305,EnthalpyOfMixing,<Substance CN1CCCC1=O{solv}{x=0.505000}|ClCCCCCl{solv}{x=0.495000}>,CN1CCCC1=O,ClCCCCCl,smee-spice2-systematic-torsion-generation_constrained-linear,2,0.0289294885495206,0.043126530926054,-0.678,0.0035
36111,1461,dens_151421667269785380,306,Density,<Substance OCCOCCO{solv}{x=0.228500}|OCc1ccccc1{solv}{x=0.771500}>,OCCOCCO,OCc1ccccc1,smee-spice2-systematic-torsion-generation_constrained-linear,2,1.0595821255705038,0.000204118622011,1.0497600000000002,0.000265
36112,1462,dens_207017358130726789,307,Density,<Substance OCCOCCO{solv}{x=0.531200}|OCc1ccccc1{solv}{x=0.468800}>,OCCOCCO,OCc1ccccc1,smee-spice2-systematic-torsion-generation_constrained-linear,2,1.0829766380943615,0.0003623813760533,1.07136,0.00027
36113,1463,dhmix_638869206909151198,308,EnthalpyOfMixing,<Substance OCCOCCO{solv}{x=0.765800}|OCc1ccccc1{solv}{x=0.234200}>,OCCOCCO,OCc1ccccc1,smee-spice2-systematic-torsion-generation_constrained-linear,2,-0.1951759758230764,0.0523094539464343,-0.3712,0.0073
36114,1464,dhmix_884415658126351430,309,EnthalpyOfMixing,<Substance OCCOCCO{solv}{x=0.266500}|OCc1ccccc1{solv}{x=0.733500}>,OCCOCCO,OCc1ccccc1,smee-spice2-systematic-torsion-generation_constrained-linear,2,-0.3305863686574923,0.0428547929304453,-0.4216,0.0081
36115,1465,dhmix_925385148369690502,310,EnthalpyOfMixing,<Substance OCCOCCO{solv}{x=0.521600}|OCc1ccccc1{solv}{x=0.478400}>,OCCOCCO,OCc1ccccc1,smee-spice2-systematic-torsion-generation_constrained-linear,2,-0.5111162897917723,0.0413260051016309,-0.4574,0.00865
36116,1466,dens_1617133138157859384,311,Density,<Substance OCCOCCO{solv}{x=0.727700}|OCc1ccccc1{solv}{x=0.272300}>,OCCOCCO,OCc1ccccc1,smee-spice2-systematic-torsion-generation_constrained-linear,2,1.0981606197387213,0.000214818104237,1.0857000000000003,0.000275
36117,1467,dens_155791527624482863,312,Density,<Substance CC(C)CO{solv}{x=0.279300}|CCCCBr{solv}{x=0.720700}>,CC(C)CO,CCCCBr,smee-spice2-systematic-torsion-generation_constrained-linear,2,1.117729948633437,0.0003678744588357,1.1339800000000002,0.000305
36118,1468,dhmix_549211977118470640,313,EnthalpyOfMixing,<Substance CC(C)CO{solv}{x=0.293800}|CCCCBr{solv}{x=0.706200}>,CC(C)CO,CCCCBr,smee-spice2-systematic-torsion-generation_constrained-linear,2,1.1727568404717914,0.0366687812553021,1.248,0.0135
36119,1469,dens_692500675577783691,314,Density,<Substance CC(C)CO{solv}{x=0.793700}|CCCCBr{solv}{x=0.206300}>,CC(C)CO,CCCCBr,smee-spice2-systematic-torsion-generation_constrained-linear,2,0.9049581395116536,0.0002195035231859,0.8962800000000002,0.00021
36120,1470,dens_841415441417626311,315,Density,<Substance CC(C)CO{solv}{x=0.498900}|CCCCBr{solv}{x=0.501100}>,CC(C)CO,CCCCBr,smee-spice2-systematic-torsion-generation_constrained-linear,2,1.0316972614021178,0.000271599103358,1.0366800000000005,0.000225
36121,1471,dhmix_1400807466047438160,316,EnthalpyOfMixing,<Substance CC(C)CO{solv}{x=0.499000}|CCCCBr{solv}{x=0.501000}>,CC(C)CO,CCCCBr,smee-spice2-systematic-torsion-generation_constrained-linear,2,1.0808957562565098,0.0403273862550828,1.207,0.013
36122,1472,dhmix_1959880980464917582,317,EnthalpyOfMixing,<Substance CC(C)CO{solv}{x=0.702100}|CCCCBr{solv}{x=0.297900}>,CC(C)CO,CCCCBr,smee-spice2-systematic-torsion-generation_constrained-linear,2,0.8080066283694691,0.0382369209145161,0.891,0.0095
36123,1473,dhmix_155924436295918663,318,EnthalpyOfMixing,<Substance OCCCO{solv}{x=0.501300}|O{solv}{x=0.498700}>,O,OCCCO,smee-spice2-systematic-torsion-generation_constrained-linear,2,0.4500250533704033,0.0271462932398647,-0.992,0.0125
36124,1474,dens_867859901093068556,319,Density,<Substance OCCCO{solv}{x=0.743700}|O{solv}{x=0.256300}>,O,OCCCO,smee-spice2-systematic-torsion-generation_constrained-linear,2,1.0623029833721769,0.0003974373834494,1.0503800000000003,0.00023
36125,1475,dhmix_2191722776959064631,320,EnthalpyOfMixing,<Substance OCCCO{solv}{x=0.743000}|O{solv}{x=0.257000}>,O,OCCCO,smee-spice2-systematic-torsion-generation_constrained-linear,2,0.1900193925229416,0.0438923359224024,-0.633,0.008
36126,1476,dhmix_2210594516320705991,321,EnthalpyOfMixing,<Substance OCCCO{solv}{x=0.208700}|O{solv}{x=0.791300}>,O,OCCCO,smee-spice2-systematic-torsion-generation_constrained-linear,2,0.508461141181999,0.0256474141220906,-0.924,0.012
36127,1477,dens_2211391404402371237,322,Density,<Substance OCCCO{solv}{x=0.244700}|O{solv}{x=0.755300}>,O,OCCCO,smee-spice2-systematic-torsion-generation_constrained-linear,2,1.0297697421709364,0.0004183681041829,1.0381600000000004,0.00019
36128,1478,dens_2211609476735134421,323,Density,<Substance OCCCO{solv}{x=0.500000}|O{solv}{x=0.500000}>,O,OCCCO,smee-spice2-systematic-torsion-generation_constrained-linear,2,1.0517947051873822,0.0003413095973667,1.0492100000000002,0.000215
36129,1479,dhmix_156929898609376763,324,EnthalpyOfMixing,<Substance CN(C)CCCO{solv}{x=0.800100}|O{solv}{x=0.199900}>,CN(C)CCCO,O,smee-spice2-systematic-torsion-generation_constrained-linear,2,-0.6436428608266169,0.0507441488760279,-1.26,0.0135
36130,1480,dhmix_786210276753247951,325,EnthalpyOfMixing,<Substance CN(C)CCCO{solv}{x=0.199800}|O{solv}{x=0.800200}>,CN(C)CCCO,O,smee-spice2-systematic-torsion-generation_constrained-linear,2,-0.8317575316971357,0.026551503888904,-2.514,0.027
36131,1481,dens_971674883336993154,326,Density,<Substance CN(C)CCCO{solv}{x=0.289504}|O{solv}{x=0.710496}>,CN(C)CCCO,O,smee-spice2-systematic-torsion-generation_constrained-linear,2,0.9470941418969152,0.000326621276608,0.9443,0.00285
36132,1482,dhmix_1330584538745399524,327,EnthalpyOfMixing,<Substance CN(C)CCCO{solv}{x=0.501900}|O{solv}{x=0.498100}>,CN(C)CCCO,O,smee-spice2-systematic-torsion-generation_constrained-linear,2,-1.386837079515331,0.0358737380857674,-2.706,0.029
36133,1483,dens_1781759734173902013,328,Density,<Substance CN(C)CCCO{solv}{x=0.501300}|O{solv}{x=0.498700}>,CN(C)CCCO,O,smee-spice2-systematic-torsion-generation_constrained-linear,2,0.936625472818787,0.0002611133803993,0.9170700000000004,8.000000000000002e-05
36134,1484,dens_2299157616447228221,329,Density,<Substance CN(C)CCCO{solv}{x=0.800600}|O{solv}{x=0.199400}>,CN(C)CCCO,O,smee-spice2-systematic-torsion-generation_constrained-linear,2,0.9253530669006732,0.0003089971068416,0.8915100000000002,9.500000000000002e-05
36135,1485,dhmix_157983773008192768,330,EnthalpyOfMixing,<Substance BrCCCBr{solv}{x=0.743200}|CCCCOC(=O)CCC{solv}{x=0.256800}>,BrCCCBr,CCCCOC(=O)CCC,smee-spice2-systematic-torsion-generation_constrained-linear,2,-0.4621958893665834,0.040102865593273,0.032,0.0005
36136,1486,dens_720277045338028885,331,Density,<Substance BrCCCBr{solv}{x=0.748700}|CCCCOC(=O)CCC{solv}{x=0.251300}>,BrCCCBr,CCCCOC(=O)CCC,smee-spice2-systematic-torsion-generation_constrained-linear,2,1.5650705869377923,0.0004166604172912,1.5786600000000004,0.00038
36137,1487,dens_933248802608751708,332,Density,<Substance BrCCCBr{solv}{x=0.529700}|CCCCOC(=O)CCC{solv}{x=0.470300}>,BrCCCBr,CCCCOC(=O)CCC,smee-spice2-systematic-torsion-generation_constrained-linear,2,1.31130038655258,0.0003302041993875,1.3159400000000003,0.000255
36138,1488,dens_1048925802213854204,333,Density,<Substance BrCCCBr{solv}{x=0.259100}|CCCCOC(=O)CCC{solv}{x=0.740900}>,BrCCCBr,CCCCOC(=O)CCC,smee-spice2-systematic-torsion-generation_constrained-linear,2,1.0604951864480583,0.0002171584225885,1.0598600000000002,0.000145
36139,1489,dhmix_1090642624443832057,334,EnthalpyOfMixing,<Substance BrCCCBr{solv}{x=0.241200}|CCCCOC(=O)CCC{solv}{x=0.758800}>,BrCCCBr,CCCCOC(=O)CCC,smee-spice2-systematic-torsion-generation_constrained-linear,2,-0.5383966297686236,0.0537015955666005,-0.094,0.001
36140,1490,dhmix_1649688325270115073,335,EnthalpyOfMixing,<Substance BrCCCBr{solv}{x=0.466700}|CCCCOC(=O)CCC{solv}{x=0.533300}>,BrCCCBr,CCCCOC(=O)CCC,smee-spice2-systematic-torsion-generation_constrained-linear,2,-0.5858639103656742,0.0438913531000532,-0.091,0.001
36141,1491,dhmix_158101159957898775,336,EnthalpyOfMixing,<Substance CCCCCl{solv}{x=0.490000}|CN1CCCC1=O{solv}{x=0.510000}>,CCCCCl,CN1CCCC1=O,smee-spice2-systematic-torsion-generation_constrained-linear,2,0.6761269803650958,0.0422320203826135,0.152,0.002
36142,1492,dhmix_586880142396707079,337,EnthalpyOfMixing,<Substance CCCCCl{solv}{x=0.294000}|CN1CCCC1=O{solv}{x=0.706000}>,CCCCCl,CN1CCCC1=O,smee-spice2-systematic-torsion-generation_constrained-linear,2,0.5912319272100248,0.0421446308905354,0.145,0.002
36143,1493,dens_897975104490051322,338,Density,<Substance CCCCCl{solv}{x=0.296100}|CN1CCCC1=O{solv}{x=0.703900}>,CCCCCl,CN1CCCC1=O,smee-spice2-systematic-torsion-generation_constrained-linear,2,0.973287487793444,0.0002233050457919,0.9862000000000004,0.0001
36144,1494,dens_1393365907116297965,339,Density,<Substance CCCCCl{solv}{x=0.702600}|CN1CCCC1=O{solv}{x=0.297400}>,CCCCCl,CN1CCCC1=O,smee-spice2-systematic-torsion-generation_constrained-linear,2,0.9152722085011497,0.000315952447832,0.9268000000000002,0.0001
36145,1495,dhmix_1769887717174104485,340,EnthalpyOfMixing,<Substance CCCCCl{solv}{x=0.787000}|CN1CCCC1=O{solv}{x=0.213000}>,CCCCCl,CN1CCCC1=O,smee-spice2-systematic-torsion-generation_constrained-linear,2,0.5195483469461308,0.0418765302534359,0.081,0.002
36146,1496,dens_2070183543451797213,341,Density,<Substance CCCCCl{solv}{x=0.494800}|CN1CCCC1=O{solv}{x=0.505200}>,CCCCCl,CN1CCCC1=O,smee-spice2-systematic-torsion-generation_constrained-linear,2,0.945591098576894,0.0001876453041423,0.9575000000000002,0.0001
36147,1497,dens_164369774990422412,342,Density,<Substance CC(C)O{solv}{x=0.764900}|CCOC=O{solv}{x=0.235100}>,CC(C)O,CCOC=O,smee-spice2-systematic-torsion-generation_constrained-linear,2,0.8386137879210768,0.0002359156970945,0.8088000000000002,0.00035
36148,1498,dens_200561035496770448,343,Density,<Substance CC(C)O{solv}{x=0.265100}|CCOC=O{solv}{x=0.734900}>,CC(C)O,CCOC=O,smee-spice2-systematic-torsion-generation_constrained-linear,2,0.9079020003034663,0.0003050550089306,0.8710000000000002,0.0003
36149,1499,dens_1124622586228643363,344,Density,<Substance CC(C)O{solv}{x=0.441300}|CCOC=O{solv}{x=0.558700}>,CC(C)O,CCOC=O,smee-spice2-systematic-torsion-generation_constrained-linear,2,0.884082816678702,0.0002576735380864,0.8482000000000003,0.00035
36150,1500,dens_166030075147825025,345,Density,<Substance Clc1ccccc1{solv}{x=0.467900}|c1ccccc1{solv}{x=0.532100}>,Clc1ccccc1,c1ccccc1,smee-spice2-systematic-torsion-generation_constrained-linear,2,0.9959491633510112,0.0003119568600928,0.9877000000000002,0.00025
36151,1501,dens_796537469137871297,346,Density,<Substance Clc1ccccc1{solv}{x=0.735800}|c1ccccc1{solv}{x=0.264200}>,Clc1ccccc1,c1ccccc1,smee-spice2-systematic-torsion-generation_constrained-linear,2,1.0595721054192575,0.0003027504036513,1.0465000000000002,0.0002
36152,1502,dhmix_1485547099225054006,347,EnthalpyOfMixing,<Substance Clc1ccccc1{solv}{x=0.777700}|c1ccccc1{solv}{x=0.222300}>,Clc1ccccc1,c1ccccc1,smee-spice2-systematic-torsion-generation_constrained-linear,2,0.0249772690235658,0.0396336137894013,-0.0036,0.0004
36153,1503,dhmix_1808283008183194060,348,EnthalpyOfMixing,<Substance Clc1ccccc1{solv}{x=0.225800}|c1ccccc1{solv}{x=0.774200}>,Clc1ccccc1,c1ccccc1,smee-spice2-systematic-torsion-generation_constrained-linear,2,-0.0406161071329052,0.0373550110686727,-0.0046,0.0004
36154,1504,dhmix_2008892820486470381,349,EnthalpyOfMixing,<Substance Clc1ccccc1{solv}{x=0.466600}|c1ccccc1{solv}{x=0.533400}>,Clc1ccccc1,c1ccccc1,smee-spice2-systematic-torsion-generation_constrained-linear,2,-0.0808089376372152,0.036558881569229,-0.0057,0.0004
36155,1505,dens_2142546524113318099,350,Density,<Substance Clc1ccccc1{solv}{x=0.293100}|c1ccccc1{solv}{x=0.706900}>,Clc1ccccc1,c1ccccc1,smee-spice2-systematic-torsion-generation_constrained-linear,2,0.9508625487896232,0.0002836030027696,0.9468000000000002,0.00025
36156,1506,dhmix_166527628917371560,351,EnthalpyOfMixing,<Substance CCCCCC(C)=O{solv}{x=0.500700}|CCCNCCC{solv}{x=0.499300}>,CCCCCC(C)=O,CCCNCCC,smee-spice2-systematic-torsion-generation_constrained-linear,2,-0.2077165332974573,0.0453020691127988,0.162,0.002
36157,1507,dhmix_181797488552739205,352,EnthalpyOfMixing,<Substance CCCCCC(C)=O{solv}{x=0.213200}|CCCNCCC{solv}{x=0.786800}>,CCCCCC(C)=O,CCCNCCC,smee-spice2-systematic-torsion-generation_constrained-linear,2,-0.1116684526006679,0.0508486283375137,0.137,0.0015
36158,1508,dens_286521458049436805,353,Density,<Substance CCCCCC(C)=O{solv}{x=0.542700}|CCCNCCC{solv}{x=0.457300}>,CCCCCC(C)=O,CCCNCCC,smee-spice2-systematic-torsion-generation_constrained-linear,2,0.778644631509362,0.0001830316601122,0.7766620000000002,0.0001215
36159,1509,dens_740930494074770103,354,Density,<Substance CCCCCC(C)=O{solv}{x=0.252600}|CCCNCCC{solv}{x=0.747400}>,CCCCCC(C)=O,CCCNCCC,smee-spice2-systematic-torsion-generation_constrained-linear,2,0.7628742637548014,0.0001400858601121,0.7540050000000001,0.0001215
36160,1510,dhmix_1180133264815330249,355,EnthalpyOfMixing,<Substance CCCCCC(C)=O{solv}{x=0.788000}|CCCNCCC{solv}{x=0.212000}>,CCCCCC(C)=O,CCCNCCC,smee-spice2-systematic-torsion-generation_constrained-linear,2,-0.0234258432562726,0.0521771517055671,0.088,0.001
36161,1511,dens_1237727796782189302,356,Density,<Substance CCCCCC(C)=O{solv}{x=0.741800}|CCCNCCC{solv}{x=0.258200}>,CCCCCC(C)=O,CCCNCCC,smee-spice2-systematic-torsion-generation_constrained-linear,2,0.7890684537881879,0.0001975309462044,0.7918920000000003,0.00012
36162,1512,dens_168376639142843665,357,Density,<Substance BrCCBr{solv}{x=0.084500}|CCOC(=O)CC{solv}{x=0.915500}>,BrCCBr,CCOC(=O)CC,smee-spice2-systematic-torsion-generation_constrained-linear,2,0.9717187558756152,0.0002649172786283,0.9671200000000002,0.001185
36163,1513,dhmix_897092526028522426,358,EnthalpyOfMixing,<Substance BrCCBr{solv}{x=0.753700}|CCOC(=O)CC{solv}{x=0.246300}>,BrCCBr,CCOC(=O)CC,smee-spice2-systematic-torsion-generation_constrained-linear,2,-0.242242092996193,0.0350753800150815,0.0052,0.0008
36164,1514,dhmix_1078383344298013541,359,EnthalpyOfMixing,<Substance BrCCBr{solv}{x=0.084100}|CCOC(=O)CC{solv}{x=0.915900}>,BrCCBr,CCOC(=O)CC,smee-spice2-systematic-torsion-generation_constrained-linear,2,-0.0945967132740683,0.0519464139319271,-0.0683,0.0014
36165,1515,dhmix_1103515663691342839,360,EnthalpyOfMixing,<Substance BrCCBr{solv}{x=0.514000}|CCOC(=O)CC{solv}{x=0.486000}>,BrCCBr,CCOC(=O)CC,smee-spice2-systematic-torsion-generation_constrained-linear,2,-0.3402772895790029,0.0394130085699735,-0.1259,0.00205
36166,1516,dens_1193015082780501702,361,Density,<Substance BrCCBr{solv}{x=0.484400}|CCOC(=O)CC{solv}{x=0.515600}>,BrCCBr,CCOC(=O)CC,smee-spice2-systematic-torsion-generation_constrained-linear,2,1.4056353653800084,0.0004244720356958,1.4136000000000002,0.001165
36167,1517,dens_1660732943693703463,362,Density,<Substance BrCCBr{solv}{x=0.714800}|CCOC(=O)CC{solv}{x=0.285200}>,BrCCBr,CCOC(=O)CC,smee-spice2-systematic-torsion-generation_constrained-linear,2,1.6956135470849485,0.0005839749578467,1.7205300000000003,0.000985
36168,1518,dens_172622055198885625,363,Density,<Substance CCCCOCCO{solv}{x=0.499500}|c1ccccc1{solv}{x=0.500500}>,CCCCOCCO,c1ccccc1,smee-spice2-systematic-torsion-generation_constrained-linear,2,0.8885695279837077,0.0002328991354195,0.8864700000000002,0.000795
36169,1519,dens_615182082919776992,364,Density,<Substance CCCCOCCO{solv}{x=0.753500}|c1ccccc1{solv}{x=0.246500}>,CCCCOCCO,c1ccccc1,smee-spice2-systematic-torsion-generation_constrained-linear,2,0.8956108995278274,0.0001971224359618,0.8924600000000003,0.00077
36170,1520,dens_1014762781474427089,365,Density,<Substance CCCCOCCO{solv}{x=0.248800}|c1ccccc1{solv}{x=0.751200}>,CCCCOCCO,c1ccccc1,smee-spice2-systematic-torsion-generation_constrained-linear,2,0.8804422168471531,0.0002709053860948,0.8790000000000002,0.00083
36171,1521,dhmix_1209838039340638454,366,EnthalpyOfMixing,<Substance CCCCOCCO{solv}{x=0.729700}|c1ccccc1{solv}{x=0.270300}>,CCCCOCCO,c1ccccc1,smee-spice2-systematic-torsion-generation_constrained-linear,2,0.2862843350147273,0.0520050713937323,0.3037,0.00335
36172,1522,dhmix_1416395432810708431,367,EnthalpyOfMixing,<Substance CCCCOCCO{solv}{x=0.266500}|c1ccccc1{solv}{x=0.733500}>,CCCCOCCO,c1ccccc1,smee-spice2-systematic-torsion-generation_constrained-linear,2,0.5912688474498395,0.0484503310130745,0.6895,0.00745
36173,1523,dhmix_1775479338186698605,368,EnthalpyOfMixing,<Substance CCCCOCCO{solv}{x=0.503000}|c1ccccc1{solv}{x=0.497000}>,CCCCOCCO,c1ccccc1,smee-spice2-systematic-torsion-generation_constrained-linear,2,0.5406152263577155,0.0432429498503406,0.5563,0.00605
36174,1524,dens_173950346939686352,369,Density,<Substance CCOC(=O)CC(=O)OCC{solv}{x=0.797800}|CO{solv}{x=0.202200}>,CCOC(=O)CC(=O)OCC,CO,smee-spice2-systematic-torsion-generation_constrained-linear,2,1.054999776665172,0.0002247868672015,1.0336070000000002,0.0001155
36175,1525,dhmix_796570713446660029,370,EnthalpyOfMixing,<Substance CCOC(=O)CC(=O)OCC{solv}{x=0.745300}|CO{solv}{x=0.254700}>,CCOC(=O)CC(=O)OCC,CO,smee-spice2-systematic-torsion-generation_constrained-linear,2,0.6000053922088,0.0496341351998486,1.184,0.013
36176,1526,dhmix_1053189657313504079,371,EnthalpyOfMixing,<Substance CCOC(=O)CC(=O)OCC{solv}{x=0.499300}|CO{solv}{x=0.500700}>,CCOC(=O)CC(=O)OCC,CO,smee-spice2-systematic-torsion-generation_constrained-linear,2,1.098242168951316,0.0431728220582956,1.426,0.0155
36177,1527,dens_1109796780897697143,372,Density,<Substance CCOC(=O)CC(=O)OCC{solv}{x=0.500400}|CO{solv}{x=0.499600}>,CCOC(=O)CC(=O)OCC,CO,smee-spice2-systematic-torsion-generation_constrained-linear,2,1.0123996911387223,0.0002202810065087,0.9962350000000002,9.150000000000002e-05
36178,1528,dens_1145191816882985532,373,Density,<Substance CCOC(=O)CC(=O)OCC{solv}{x=0.250100}|CO{solv}{x=0.749900}>,CCOC(=O)CC(=O)OCC,CO,smee-spice2-systematic-torsion-generation_constrained-linear,2,0.9430593563404144,0.0002837690422935,0.9355040000000002,0.0001385
36179,1529,dhmix_1394433819711651760,374,EnthalpyOfMixing,<Substance CCOC(=O)CC(=O)OCC{solv}{x=0.251500}|CO{solv}{x=0.748500}>,CCOC(=O)CC(=O)OCC,CO,smee-spice2-systematic-torsion-generation_constrained-linear,2,0.8643109886095459,0.0348092225320984,1.083,0.0115
36180,1530,dhmix_176700813960387714,375,EnthalpyOfMixing,<Substance CC(=O)N(C)C{solv}{x=0.211000}|ClCCCCCl{solv}{x=0.789000}>,CC(=O)N(C)C,ClCCCCCl,smee-spice2-systematic-torsion-generation_constrained-linear,2,-0.0609075471015998,0.0418961709785191,-0.188,0.0025
36181,1531,dhmix_422276068008732896,376,EnthalpyOfMixing,<Substance CC(=O)N(C)C{solv}{x=0.506000}|ClCCCCCl{solv}{x=0.494000}>,CC(=O)N(C)C,ClCCCCCl,smee-spice2-systematic-torsion-generation_constrained-linear,2,-0.1303471823609712,0.0411652523083115,-0.314,0.0025
36182,1532,dhmix_591740475541975327,377,EnthalpyOfMixing,<Substance CC(=O)N(C)C{solv}{x=0.705000}|ClCCCCCl{solv}{x=0.295000}>,CC(=O)N(C)C,ClCCCCCl,smee-spice2-systematic-torsion-generation_constrained-linear,2,-0.0118616927028156,0.0398176598108801,-0.281,0.0025
36183,1533,dens_600718364672681210,378,Density,<Substance CC(=O)N(C)C{solv}{x=0.200100}|ClCCCCCl{solv}{x=0.799900}>,CC(=O)N(C)C,ClCCCCCl,smee-spice2-systematic-torsion-generation_constrained-linear,2,1.0898631295564896,0.0002646705830666,1.0978,0.0023
36184,1534,dens_833309518494254389,379,Density,<Substance CC(=O)N(C)C{solv}{x=0.698700}|ClCCCCCl{solv}{x=0.301300}>,CC(=O)N(C)C,ClCCCCCl,smee-spice2-systematic-torsion-generation_constrained-linear,2,0.980242367666011,0.0002577373010976,1.0011000000000003,0.0023
36185,1535,dens_1473570029953486090,380,Density,<Substance CC(=O)N(C)C{solv}{x=0.500900}|ClCCCCCl{solv}{x=0.499100}>,CC(=O)N(C)C,ClCCCCCl,smee-spice2-systematic-torsion-generation_constrained-linear,2,1.0245705706493788,0.0002314343715972,1.0407000000000004,0.00225
36186,1536,dens_176740025668330569,381,Density,<Substance C1CCCCC1{solv}{x=0.499400}|C1COCCO1{solv}{x=0.500600}>,C1CCCCC1,C1COCCO1,smee-spice2-systematic-torsion-generation_constrained-linear,2,0.8820552038091731,0.0002203869343123,0.8769800000000002,8.500000000000002e-05
36187,1537,dens_476825312331327209,382,Density,<Substance C1CCCCC1{solv}{x=0.297200}|C1COCCO1{solv}{x=0.702800}>,C1CCCCC1,C1COCCO1,smee-spice2-systematic-torsion-generation_constrained-linear,2,0.941165092044295,0.0002057915000168,0.9312200000000004,7.000000000000002e-05
36188,1538,dens_985438980823024302,383,Density,<Substance C1CCCCC1{solv}{x=0.699700}|C1COCCO1{solv}{x=0.300300}>,C1CCCCC1,C1COCCO1,smee-spice2-systematic-torsion-generation_constrained-linear,2,0.8308340829705226,0.0002511556757038,0.8305800000000002,0.0001
36189,1539,dhmix_1624213860575299641,384,EnthalpyOfMixing,<Substance C1CCCCC1{solv}{x=0.492800}|C1COCCO1{solv}{x=0.507200}>,C1CCCCC1,C1COCCO1,smee-spice2-systematic-torsion-generation_constrained-linear,2,1.9127130137786992,0.0373960939700991,1.588,0.008
36190,1540,dhmix_1900199136965747019,385,EnthalpyOfMixing,<Substance C1CCCCC1{solv}{x=0.239400}|C1COCCO1{solv}{x=0.760600}>,C1CCCCC1,C1COCCO1,smee-spice2-systematic-torsion-generation_constrained-linear,2,1.417876216787647,0.0433143736473295,1.124,0.007
36191,1541,dhmix_2022274493214392184,386,EnthalpyOfMixing,<Substance C1CCCCC1{solv}{x=0.744200}|C1COCCO1{solv}{x=0.255800}>,C1CCCCC1,C1COCCO1,smee-spice2-systematic-torsion-generation_constrained-linear,2,1.6396616302728546,0.0465386354716034,1.262,0.007
36192,1542,dhmix_182795551078530810,387,EnthalpyOfMixing,<Substance C1COCCO1{solv}{x=0.491200}|Cc1ccccc1Cl{solv}{x=0.508800}>,C1COCCO1,Cc1ccccc1Cl,smee-spice2-systematic-torsion-generation_constrained-linear,2,0.3912538744727669,0.0380474915811129,0.356,0.002
36193,1543,dens_242592003865933955,388,Density,<Substance C1COCCO1{solv}{x=0.835700}|Cc1ccccc1Cl{solv}{x=0.164300}>,C1COCCO1,Cc1ccccc1Cl,smee-spice2-systematic-torsion-generation_constrained-linear,2,1.0418385074419905,0.0002322316569512,1.0256,0.0005
36194,1544,dens_810150133181620718,389,Density,<Substance C1COCCO1{solv}{x=0.513600}|Cc1ccccc1Cl{solv}{x=0.486400}>,C1COCCO1,Cc1ccccc1Cl,smee-spice2-systematic-torsion-generation_constrained-linear,2,1.0681812702963562,0.0002386707380282,1.0536,0.0005
36195,1545,dhmix_1949119093643648586,390,EnthalpyOfMixing,<Substance C1COCCO1{solv}{x=0.246200}|Cc1ccccc1Cl{solv}{x=0.753800}>,C1COCCO1,Cc1ccccc1Cl,smee-spice2-systematic-torsion-generation_constrained-linear,2,0.2647967124020454,0.0474169867927657,0.206,0.001
36196,1546,dens_2161584607380261748,391,Density,<Substance C1COCCO1{solv}{x=0.226300}|Cc1ccccc1Cl{solv}{x=0.773700}>,C1COCCO1,Cc1ccccc1Cl,smee-spice2-systematic-torsion-generation_constrained-linear,2,1.080179418685787,0.0002371803754719,1.0674000000000003,0.0005
36197,1547,dhmix_2190589845176325501,392,EnthalpyOfMixing,<Substance C1COCCO1{solv}{x=0.835700}|Cc1ccccc1Cl{solv}{x=0.164300}>,C1COCCO1,Cc1ccccc1Cl,smee-spice2-systematic-torsion-generation_constrained-linear,2,0.2239839496268985,0.0409172908215613,0.244,0.0015
36198,1548,dens_194492664772262961,393,Density,<Substance CCCOC=O{solv}{x=0.479500}|ClCCCl{solv}{x=0.520500}>,CCCOC=O,ClCCCl,smee-spice2-systematic-torsion-generation_constrained-linear,2,1.0707414230066763,0.0003216286348175,1.0603100000000003,0.00196
36199,1549,dhmix_438833720470542962,394,EnthalpyOfMixing,<Substance CCCOC=O{solv}{x=0.738500}|ClCCCl{solv}{x=0.261500}>,CCCOC=O,ClCCCl,smee-spice2-systematic-torsion-generation_constrained-linear,2,-0.0827751297583354,0.0365648470445857,-0.205,0.0025
36200,1550,dens_598528978367940263,395,Density,<Substance CCCOC=O{solv}{x=0.254300}|ClCCCl{solv}{x=0.745700}>,CCCOC=O,ClCCCl,smee-spice2-systematic-torsion-generation_constrained-linear,2,1.1419126825936674,0.0003600696952201,1.1418800000000005,0.002835
36201,1551,dens_822197650497048256,396,Density,<Substance CCCOC=O{solv}{x=0.728100}|ClCCCl{solv}{x=0.271900}>,CCCOC=O,ClCCCl,smee-spice2-systematic-torsion-generation_constrained-linear,2,0.997926706046315,0.0002809523677477,0.9794600000000002,0.001275
36202,1552,dhmix_1971772628311560569,397,EnthalpyOfMixing,<Substance CCCOC=O{solv}{x=0.503500}|ClCCCl{solv}{x=0.496500}>,CCCOC=O,ClCCCl,smee-spice2-systematic-torsion-generation_constrained-linear,2,-0.1142358742916087,0.034407189525543,-0.254,0.003
36203,1553,dhmix_2087301877194561078,398,EnthalpyOfMixing,<Substance CCCOC=O{solv}{x=0.273300}|ClCCCl{solv}{x=0.726700}>,CCCOC=O,ClCCCl,smee-spice2-systematic-torsion-generation_constrained-linear,2,-0.0482165498972904,0.0315760682350346,-0.154,0.002
36204,1554,dens_196547737404430199,399,Density,<Substance CCC(C)(C)O{solv}{x=0.258400}|CCO{solv}{x=0.741600}>,CCC(C)(C)O,CCO,smee-spice2-systematic-torsion-generation_constrained-linear,2,0.8079892387955814,0.0003319985566867,0.7933000000000001,0.0005
36205,1555,dens_476512869308734578,400,Density,<Substance CCC(C)(C)O{solv}{x=0.549500}|CCO{solv}{x=0.450500}>,CCC(C)(C)O,CCO,smee-spice2-systematic-torsion-generation_constrained-linear,2,0.8193533032110047,0.0002510420364339,0.8018000000000002,0.0005
36206,1556,dens_822446541953482206,401,Density,<Substance CCC(C)(C)O{solv}{x=0.676500}|CCO{solv}{x=0.323500}>,CCC(C)(C)O,CCO,smee-spice2-systematic-torsion-generation_constrained-linear,2,0.8227188834403416,0.0002599317514112,0.8048000000000002,0.0005
36207,1557,dhmix_935690434592096067,402,EnthalpyOfMixing,<Substance CCC(C)(C)O{solv}{x=0.460700}|CCO{solv}{x=0.539300}>,CCC(C)(C)O,CCO,smee-spice2-systematic-torsion-generation_constrained-linear,2,-0.8829213734673758,0.0369238864000151,-0.95,0.00405
36208,1558,dhmix_1167190373485301023,403,EnthalpyOfMixing,<Substance CCC(C)(C)O{solv}{x=0.730600}|CCO{solv}{x=0.269400}>,CCC(C)(C)O,CCO,smee-spice2-systematic-torsion-generation_constrained-linear,2,-0.9620710048636596,0.0347975467195494,-0.7709,0.00335
36209,1559,dhmix_1275914601266938667,404,EnthalpyOfMixing,<Substance CCC(C)(C)O{solv}{x=0.280700}|CCO{solv}{x=0.719300}>,CCC(C)(C)O,CCO,smee-spice2-systematic-torsion-generation_constrained-linear,2,-0.601858890198308,0.0347818915036862,-0.7056,0.0031
36210,1560,dens_196896428021674416,405,Density,<Substance OCCCCO{solv}{x=0.250400}|O{solv}{x=0.749600}>,O,OCCCCO,smee-spice2-systematic-torsion-generation_constrained-linear,2,1.0118904183974615,0.0003616726616666,1.0206500000000005,0.000165
36211,1561,dhmix_204758826312645465,406,EnthalpyOfMixing,<Substance OCCCCO{solv}{x=0.498600}|O{solv}{x=0.501400}>,O,OCCCCO,smee-spice2-systematic-torsion-generation_constrained-linear,2,0.4712255906153828,0.0317081653294203,-0.882,0.011
36212,1562,dens_523660418548538159,407,Density,<Substance OCCCCO{solv}{x=0.502000}|O{solv}{x=0.498000}>,O,OCCCCO,smee-spice2-systematic-torsion-generation_constrained-linear,2,1.0223280071670326,0.0003436420973212,1.0207100000000002,0.000175
36213,1563,dhmix_1424462945700338266,408,EnthalpyOfMixing,<Substance OCCCCO{solv}{x=0.794700}|O{solv}{x=0.205300}>,O,OCCCCO,smee-spice2-systematic-torsion-generation_constrained-linear,2,0.0673778843690797,0.0524313355340692,-0.513,0.007
36214,1564,dhmix_2166372532060643622,409,EnthalpyOfMixing,<Substance OCCCCO{solv}{x=0.265800}|O{solv}{x=0.734200}>,O,OCCCCO,smee-spice2-systematic-torsion-generation_constrained-linear,2,0.6236248988133983,0.0265229437121491,-0.896,0.0115
36215,1565,dens_2215793475715067258,410,Density,<Substance OCCCCO{solv}{x=0.752800}|O{solv}{x=0.247200}>,O,OCCCCO,smee-spice2-systematic-torsion-generation_constrained-linear,2,1.026605554740538,0.0002972282725607,1.0165900000000003,0.00018
36216,1566,dhmix_199788824133179829,411,EnthalpyOfMixing,<Substance CNc1ccccc1{solv}{x=0.497300}|Cc1ccccc1{solv}{x=0.502700}>,CNc1ccccc1,Cc1ccccc1,smee-spice2-systematic-torsion-generation_constrained-linear,2,0.8377982807776334,0.0397656110087972,0.497,0.0055
36217,1567,dens_515118724178190757,412,Density,<Substance CNc1ccccc1{solv}{x=0.740700}|Cc1ccccc1{solv}{x=0.259300}>,CNc1ccccc1,Cc1ccccc1,smee-spice2-systematic-torsion-generation_constrained-linear,2,0.9675348129102954,0.0001827248180511,0.9531280000000004,0.0002595
36218,1568,dens_730775902780400634,413,Density,<Substance CNc1ccccc1{solv}{x=0.245200}|Cc1ccccc1{solv}{x=0.754800}>,CNc1ccccc1,Cc1ccccc1,smee-spice2-systematic-torsion-generation_constrained-linear,2,0.8954718842742652,0.0002250760464617,0.8935250000000002,0.000118
36219,1569,dhmix_1213795502778853356,414,EnthalpyOfMixing,<Substance CNc1ccccc1{solv}{x=0.295200}|Cc1ccccc1{solv}{x=0.704800}>,CNc1ccccc1,Cc1ccccc1,smee-spice2-systematic-torsion-generation_constrained-linear,2,0.7831572858845561,0.0418416746052552,0.459,0.005
36220,1570,dhmix_1321810550349826496,415,EnthalpyOfMixing,<Substance CNc1ccccc1{solv}{x=0.789200}|Cc1ccccc1{solv}{x=0.210800}>,CNc1ccccc1,Cc1ccccc1,smee-spice2-systematic-torsion-generation_constrained-linear,2,0.5480693777872716,0.0487695568715867,0.287,0.003
36221,1571,dens_2156484405108449314,416,Density,<Substance CNc1ccccc1{solv}{x=0.490000}|Cc1ccccc1{solv}{x=0.510000}>,CNc1ccccc1,Cc1ccccc1,smee-spice2-systematic-torsion-generation_constrained-linear,2,0.9315688030909162,0.0002467765173514,0.9235800000000004,0.000164
36222,1572,dens_199829369486957606,417,Density,<Substance CC#N{solv}{x=0.200300}|c1ccccc1{solv}{x=0.799700}>,CC#N,c1ccccc1,smee-spice2-systematic-torsion-generation_constrained-linear,2,0.861359606959184,0.0003204600080155,0.8623400000000002,7.000000000000002e-05
36223,1573,dhmix_217315956534335620,418,EnthalpyOfMixing,<Substance CC#N{solv}{x=0.771500}|c1ccccc1{solv}{x=0.228500}>,CC#N,c1ccccc1,smee-spice2-systematic-torsion-generation_constrained-linear,2,0.0471082386049559,0.0264229465300921,0.3988,0.00815
36224,1574,dhmix_730497723685339496,419,EnthalpyOfMixing,<Substance CC#N{solv}{x=0.219600}|c1ccccc1{solv}{x=0.780400}>,CC#N,c1ccccc1,smee-spice2-systematic-torsion-generation_constrained-linear,2,-0.0549314342700597,0.0388563320040129,0.2399,0.00495
36225,1575,dhmix_1038591828122641798,420,EnthalpyOfMixing,<Substance CC#N{solv}{x=0.529500}|c1ccccc1{solv}{x=0.470500}>,CC#N,c1ccccc1,smee-spice2-systematic-torsion-generation_constrained-linear,2,-0.022308182357861,0.0312425804301205,0.4415,0.00905
36226,1576,dens_1457706963514561052,421,Density,<Substance CC#N{solv}{x=0.500100}|c1ccccc1{solv}{x=0.499900}>,CC#N,c1ccccc1,smee-spice2-systematic-torsion-generation_constrained-linear,2,0.8382491927562051,0.0002721150814161,0.8384600000000002,7.500000000000002e-05
36227,1577,dens_2111393000623474162,422,Density,<Substance CC#N{solv}{x=0.700200}|c1ccccc1{solv}{x=0.299800}>,CC#N,c1ccccc1,smee-spice2-systematic-torsion-generation_constrained-linear,2,0.8176345131695064,0.0002724519167069,0.8174500000000002,7.500000000000002e-05
36228,1578,dens_201591193434833206,423,Density,<Substance CC(C)CC(C)(C)C{solv}{x=0.082400}|CCO{solv}{x=0.917600}>,CC(C)CC(C)(C)C,CCO,smee-spice2-systematic-torsion-generation_constrained-linear,2,0.7686742621455085,0.000319025670005,0.7605800000000003,0.000125
36229,1579,dhmix_371477530823830451,424,EnthalpyOfMixing,<Substance CC(C)CC(C)(C)C{solv}{x=0.761700}|CCO{solv}{x=0.238300}>,CC(C)CC(C)(C)C,CCO,smee-spice2-systematic-torsion-generation_constrained-linear,2,0.8060692337011659,0.0556449977896725,0.634022,0.006851
36230,1580,dhmix_1127868571780691876,425,EnthalpyOfMixing,<Substance CC(C)CC(C)(C)C{solv}{x=0.515800}|CCO{solv}{x=0.484200}>,CC(C)CC(C)(C)C,CCO,smee-spice2-systematic-torsion-generation_constrained-linear,2,0.8312069955062498,0.0433555481971687,0.638973,0.006903
36231,1581,dens_1250915879314267304,426,Density,<Substance CC(C)CC(C)(C)C{solv}{x=0.493740}|CCO{solv}{x=0.506260}>,CC(C)CC(C)(C)C,CCO,smee-spice2-systematic-torsion-generation_constrained-linear,2,0.7291795043960829,0.0002282720544601,0.7110500000000001,7.500000000000002e-05
36232,1582,dens_1473791133383705310,427,Density,<Substance CC(C)CC(C)(C)C{solv}{x=0.735960}|CCO{solv}{x=0.264040}>,CC(C)CC(C)(C)C,CCO,smee-spice2-systematic-torsion-generation_constrained-linear,2,0.7176267263364932,0.0001487790466761,0.6967900000000001,7.500000000000002e-05
36233,1583,dhmix_1870637719976274804,428,EnthalpyOfMixing,<Substance CC(C)CC(C)(C)C{solv}{x=0.081500}|CCO{solv}{x=0.918500}>,CC(C)CC(C)(C)C,CCO,smee-spice2-systematic-torsion-generation_constrained-linear,2,0.2289476065786857,0.0370927867234541,0.197762,0.0022405
36234,1584,dens_202472488934755108,429,Density,<Substance CCC#N{solv}{x=0.301800}|CCOC(C)(C)C{solv}{x=0.698200}>,CCC#N,CCOC(C)(C)C,smee-spice2-systematic-torsion-generation_constrained-linear,2,0.764503774390551,0.0002250309109673,0.7455000000000002,0.0002
36235,1585,dens_266175665931869051,430,Density,<Substance CCC#N{solv}{x=0.701400}|CCOC(C)(C)C{solv}{x=0.298600}>,CCC#N,CCOC(C)(C)C,smee-spice2-systematic-torsion-generation_constrained-linear,2,0.7745988538070265,0.0002540287100179,0.7617000000000003,0.00035
36236,1586,dhmix_801664072836508009,431,EnthalpyOfMixing,<Substance CCC#N{solv}{x=0.301800}|CCOC(C)(C)C{solv}{x=0.698200}>,CCC#N,CCOC(C)(C)C,smee-spice2-systematic-torsion-generation_constrained-linear,2,0.0608338562555061,0.0436117325086134,0.4557,0.0062
36237,1587,dhmix_1220778152018571786,432,EnthalpyOfMixing,<Substance CCC#N{solv}{x=0.501400}|CCOC(C)(C)C{solv}{x=0.498600}>,CCC#N,CCOC(C)(C)C,smee-spice2-systematic-torsion-generation_constrained-linear,2,0.1313472509801769,0.0365929910097129,0.5053,0.00685
36238,1588,dhmix_1838699488178562925,433,EnthalpyOfMixing,<Substance CCC#N{solv}{x=0.701400}|CCOC(C)(C)C{solv}{x=0.298600}>,CCC#N,CCOC(C)(C)C,smee-spice2-systematic-torsion-generation_constrained-linear,2,0.1234217622400919,0.0363605796686806,0.4078,0.0056
36239,1589,dens_1870081876609026392,434,Density,<Substance CCC#N{solv}{x=0.501400}|CCOC(C)(C)C{solv}{x=0.498600}>,CCC#N,CCOC(C)(C)C,smee-spice2-systematic-torsion-generation_constrained-linear,2,0.7692214114932081,0.0002380228627121,0.7532000000000002,0.0003
36240,1590,dens_205210513551931414,435,Density,<Substance CCCC#N{solv}{x=0.200000}|c1ccccc1{solv}{x=0.800000}>,CCCC#N,c1ccccc1,smee-spice2-systematic-torsion-generation_constrained-linear,2,0.8565962322505427,0.0002905292224032,0.8576940000000002,5.400000000000001e-05
36241,1591,dens_841576887891022329,436,Density,<Substance CCCC#N{solv}{x=0.500000}|c1ccccc1{solv}{x=0.500000}>,CCCC#N,c1ccccc1,smee-spice2-systematic-torsion-generation_constrained-linear,2,0.83296148787527,0.00025546450889,0.8318550000000002,5.8000000000000014e-05
36242,1592,dhmix_901910638840590393,437,EnthalpyOfMixing,<Substance CCCC#N{solv}{x=0.503700}|c1ccccc1{solv}{x=0.496300}>,CCCC#N,c1ccccc1,smee-spice2-systematic-torsion-generation_constrained-linear,2,-0.0991276571586894,0.0357861399508985,-0.0659,0.00145
36243,1593,dhmix_1123099162248680479,438,EnthalpyOfMixing,<Substance CCCC#N{solv}{x=0.752800}|c1ccccc1{solv}{x=0.247200}>,CCCC#N,c1ccccc1,smee-spice2-systematic-torsion-generation_constrained-linear,2,-0.022089385080406,0.0351082349630335,-0.0312,0.0008
36244,1594,dhmix_1318990508180847616,439,EnthalpyOfMixing,<Substance CCCC#N{solv}{x=0.252800}|c1ccccc1{solv}{x=0.747200}>,CCCC#N,c1ccccc1,smee-spice2-systematic-torsion-generation_constrained-linear,2,-0.0692719583723544,0.0409446146671311,-0.0571,0.00125
36245,1595,dens_1950627772023797339,440,Density,<Substance CCCC#N{solv}{x=0.700000}|c1ccccc1{solv}{x=0.300000}>,CCCC#N,c1ccccc1,smee-spice2-systematic-torsion-generation_constrained-linear,2,0.8157315864996262,0.0002503022506714,0.8138540000000002,6.100000000000001e-05
36246,1596,dhmix_207411229673186667,441,EnthalpyOfMixing,<Substance CC(C)(C)Cl{solv}{x=0.774700}|CC(C)OC(C)C{solv}{x=0.225300}>,CC(C)(C)Cl,CC(C)OC(C)C,smee-spice2-systematic-torsion-generation_constrained-linear,2,-0.0853899383127583,0.0414492224460228,0.0035,0.0004
36247,1597,dhmix_263164663491745943,442,EnthalpyOfMixing,<Substance CC(C)(C)Cl{solv}{x=0.551200}|CC(C)OC(C)C{solv}{x=0.448800}>,CC(C)(C)Cl,CC(C)OC(C)C,smee-spice2-systematic-torsion-generation_constrained-linear,2,-0.0614392771339424,0.0277922096182202,0.0071,0.0004
36248,1598,dens_1527979990628499053,443,Density,<Substance CC(C)(C)Cl{solv}{x=0.514800}|CC(C)OC(C)C{solv}{x=0.485200}>,CC(C)(C)Cl,CC(C)OC(C)C,smee-spice2-systematic-torsion-generation_constrained-linear,2,0.8010407804326205,0.000282500712234,0.7723510000000002,0.00042
36249,1599,dens_1616242241384486673,444,Density,<Substance CC(C)(C)Cl{solv}{x=0.715200}|CC(C)OC(C)C{solv}{x=0.284800}>,CC(C)(C)Cl,CC(C)OC(C)C,smee-spice2-systematic-torsion-generation_constrained-linear,2,0.827341220643197,0.0003332225644751,0.7971450000000002,0.0003945
36250,1600,dens_2075469437997722238,445,Density,<Substance CC(C)(C)Cl{solv}{x=0.199100}|CC(C)OC(C)C{solv}{x=0.800900}>,CC(C)(C)Cl,CC(C)OC(C)C,smee-spice2-systematic-torsion-generation_constrained-linear,2,0.7637031655543506,0.0002195540107104,0.7376660000000003,0.0004545
36251,1601,dhmix_2101531043492089277,446,EnthalpyOfMixing,<Substance CC(C)(C)Cl{solv}{x=0.219200}|CC(C)OC(C)C{solv}{x=0.780800}>,CC(C)(C)Cl,CC(C)OC(C)C,smee-spice2-systematic-torsion-generation_constrained-linear,2,-0.0255834055800505,0.044352344001225,0.007,0.0004
36252,1602,dens_210389881425986721,447,Density,<Substance C1COCO1{solv}{x=0.785000}|CCCCCC(C)=O{solv}{x=0.215000}>,C1COCO1,CCCCCC(C)=O,smee-spice2-systematic-torsion-generation_constrained-linear,2,0.9999517122024786,0.0002652295429404,0.9696500000000002,0.0003
36253,1603,dhmix_503329310014436107,448,EnthalpyOfMixing,<Substance C1COCO1{solv}{x=0.750000}|CCCCCC(C)=O{solv}{x=0.250000}>,C1COCO1,CCCCCC(C)=O,smee-spice2-systematic-torsion-generation_constrained-linear,2,0.7299382041376532,0.0373917105529877,0.37402,0.001955
36254,1604,dens_824084186033535550,449,Density,<Substance C1COCO1{solv}{x=0.507100}|CCCCCC(C)=O{solv}{x=0.492900}>,C1COCO1,CCCCCC(C)=O,smee-spice2-systematic-torsion-generation_constrained-linear,2,0.9038998331260985,0.0002446028943893,0.8936300000000003,0.00034
36255,1605,dens_839548343309182157,450,Density,<Substance C1COCO1{solv}{x=0.244000}|CCCCCC(C)=O{solv}{x=0.756000}>,C1COCO1,CCCCCC(C)=O,smee-spice2-systematic-torsion-generation_constrained-linear,2,0.8430142380456088,0.0002153970572489,0.8445200000000002,0.00038
36256,1606,dhmix_1519451899562488304,451,EnthalpyOfMixing,<Substance C1COCO1{solv}{x=0.250000}|CCCCCC(C)=O{solv}{x=0.750000}>,C1COCO1,CCCCCC(C)=O,smee-spice2-systematic-torsion-generation_constrained-linear,2,0.6223002562077338,0.0471436846035204,0.2754,0.00155
36257,1607,dhmix_1874814461447958752,452,EnthalpyOfMixing,<Substance C1COCO1{solv}{x=0.500000}|CCCCCC(C)=O{solv}{x=0.500000}>,C1COCO1,CCCCCC(C)=O,smee-spice2-systematic-torsion-generation_constrained-linear,2,0.8227559328161576,0.0393645910585682,0.43148,0.00217
36258,1608,dhmix_219236717194413479,453,EnthalpyOfMixing,<Substance CCOc1ccccc1{solv}{x=0.762500}|OCCCc1ccccc1{solv}{x=0.237500}>,CCOc1ccccc1,OCCCc1ccccc1,smee-spice2-systematic-torsion-generation_constrained-linear,2,0.8893617571567347,0.0433770824609249,1.1164,0.01195
36259,1609,dens_391027492102555874,454,Density,<Substance CCOc1ccccc1{solv}{x=0.515000}|OCCCc1ccccc1{solv}{x=0.485000}>,CCOc1ccccc1,OCCCc1ccccc1,smee-spice2-systematic-torsion-generation_constrained-linear,2,0.9758044782643136,0.0001810353917947,0.9715100000000002,0.00026
36260,1610,dens_603450583692592837,455,Density,<Substance CCOc1ccccc1{solv}{x=0.707400}|OCCCc1ccccc1{solv}{x=0.292600}>,CCOc1ccccc1,OCCCc1ccccc1,smee-spice2-systematic-torsion-generation_constrained-linear,2,0.9680044866249484,0.0001820198168211,0.9634300000000002,0.00026
36261,1611,dhmix_1297428070131435744,456,EnthalpyOfMixing,<Substance CCOc1ccccc1{solv}{x=0.516900}|OCCCc1ccccc1{solv}{x=0.483100}>,CCOc1ccccc1,OCCCc1ccccc1,smee-spice2-systematic-torsion-generation_constrained-linear,2,1.073582372056194,0.0493193455704613,0.989,0.0106
36262,1612,dens_1659818614169719187,457,Density,<Substance CCOc1ccccc1{solv}{x=0.216400}|OCCCc1ccccc1{solv}{x=0.783600}>,CCOc1ccccc1,OCCCc1ccccc1,smee-spice2-systematic-torsion-generation_constrained-linear,2,0.9868278290056918,0.0002212280315453,0.9832000000000004,0.00026
36263,1613,dhmix_2058966624473104004,458,EnthalpyOfMixing,<Substance CCOc1ccccc1{solv}{x=0.262900}|OCCCc1ccccc1{solv}{x=0.737100}>,CCOc1ccccc1,OCCCc1ccccc1,smee-spice2-systematic-torsion-generation_constrained-linear,2,0.4755641303318043,0.0425909694382429,0.7,0.00755
36264,1614,dhmix_224977805525763267,459,EnthalpyOfMixing,<Substance OCCO{solv}{x=0.519300}|O{solv}{x=0.480700}>,O,OCCO,smee-spice2-systematic-torsion-generation_constrained-linear,2,0.2351989378523171,0.0230931362809253,-0.64,0.0035
36265,1615,dhmix_454389511592218960,460,EnthalpyOfMixing,<Substance OCCO{solv}{x=0.790900}|O{solv}{x=0.209100}>,O,OCCO,smee-spice2-systematic-torsion-generation_constrained-linear,2,0.0586560447957822,0.0412394880061137,-0.347,0.0025
36266,1616,dens_624011570206871166,461,Density,<Substance OCCO{solv}{x=0.500560}|O{solv}{x=0.499440}>,O,OCCO,smee-spice2-systematic-torsion-generation_constrained-linear,2,1.095272358332674,0.0004092214695508,1.0923200000000002,0.0005
36267,1617,dhmix_997365299263661959,462,EnthalpyOfMixing,<Substance OCCO{solv}{x=0.205100}|O{solv}{x=0.794900}>,O,OCCO,smee-spice2-systematic-torsion-generation_constrained-linear,2,0.2059418500930672,0.0234133455830772,-0.681,0.004
36268,1618,dens_1521229282261002740,463,Density,<Substance OCCO{solv}{x=0.299010}|O{solv}{x=0.700990}>,O,OCCO,smee-spice2-systematic-torsion-generation_constrained-linear,2,1.0688323124183468,0.000385841596081,1.0735400000000002,0.0005
36269,1619,dens_2015496231826454735,464,Density,<Substance OCCO{solv}{x=0.706260}|O{solv}{x=0.293740}>,O,OCCO,smee-spice2-systematic-torsion-generation_constrained-linear,2,1.1132248885603628,0.0003073724306307,1.1022400000000003,0.0005
36270,1620,dhmix_230261418136264651,465,EnthalpyOfMixing,<Substance CCCCOC(C)=O{solv}{x=0.700700}|CCOC(C)=O{solv}{x=0.299300}>,CCCCOC(C)=O,CCOC(C)=O,smee-spice2-systematic-torsion-generation_constrained-linear,2,0.0263427711429358,0.0364999384770944,0.0594,0.001
36271,1621,dhmix_287092636460772443,466,EnthalpyOfMixing,<Substance CCCCOC(C)=O{solv}{x=0.501800}|CCOC(C)=O{solv}{x=0.498200}>,CCCCOC(C)=O,CCOC(C)=O,smee-spice2-systematic-torsion-generation_constrained-linear,2,0.1060824080305025,0.0345573058282188,0.076,0.0012
36272,1622,dens_436289636626232396,467,Density,<Substance CCCCOC(C)=O{solv}{x=0.501800}|CCOC(C)=O{solv}{x=0.498200}>,CCCCOC(C)=O,CCOC(C)=O,smee-spice2-systematic-torsion-generation_constrained-linear,2,0.8943984012552794,0.0002297658813532,0.8829000000000002,0.0002
36273,1623,dens_1739528506032569134,468,Density,<Substance CCCCOC(C)=O{solv}{x=0.201200}|CCOC(C)=O{solv}{x=0.798800}>,CCCCOC(C)=O,CCOC(C)=O,smee-spice2-systematic-torsion-generation_constrained-linear,2,0.9011228498228232,0.0002390152684593,0.8889000000000001,0.0002
36274,1624,dhmix_1951544232160779982,469,EnthalpyOfMixing,<Substance CCCCOC(C)=O{solv}{x=0.201200}|CCOC(C)=O{solv}{x=0.798800}>,CCCCOC(C)=O,CCOC(C)=O,smee-spice2-systematic-torsion-generation_constrained-linear,2,0.0554990739524186,0.0396288319957809,0.0524,0.0009
36275,1625,dens_2199004103648094822,470,Density,<Substance CCCCOC(C)=O{solv}{x=0.700700}|CCOC(C)=O{solv}{x=0.299300}>,CCCCOC(C)=O,CCOC(C)=O,smee-spice2-systematic-torsion-generation_constrained-linear,2,0.8906444189391802,0.0002329366855692,0.8797000000000003,0.0002
36276,1626,dens_230610561971140401,471,Density,<Substance CN(C)CCO{solv}{x=0.507700}|O{solv}{x=0.492300}>,CN(C)CCO,O,smee-spice2-systematic-torsion-generation_constrained-linear,2,0.937414663340106,0.0002542095740612,0.9237220000000002,0.000504
36277,1627,dens_531222131704065782,472,Density,<Substance CN(C)CCO{solv}{x=0.765200}|O{solv}{x=0.234800}>,CN(C)CCO,O,smee-spice2-systematic-torsion-generation_constrained-linear,2,0.9235392739653732,0.0002065108495955,0.8989030000000002,0.0005805
36278,1628,dhmix_569544738684419327,473,EnthalpyOfMixing,<Substance CN(C)CCO{solv}{x=0.536500}|O{solv}{x=0.463500}>,CN(C)CCO,O,smee-spice2-systematic-torsion-generation_constrained-linear,2,-2.0342254885911757,0.0390048786230696,-2.575,0.0525
36279,1629,dens_1319192913326669904,474,Density,<Substance CN(C)CCO{solv}{x=0.264330}|O{solv}{x=0.735670}>,CN(C)CCO,O,smee-spice2-systematic-torsion-generation_constrained-linear,2,0.9528850598380728,0.0002910509918484,0.9590000000000002,0.0029
36280,1630,dhmix_1669606825693628140,475,EnthalpyOfMixing,<Substance CN(C)CCO{solv}{x=0.205200}|O{solv}{x=0.794800}>,CN(C)CCO,O,smee-spice2-systematic-torsion-generation_constrained-linear,2,-1.4127543220586531,0.0265646017337591,-2.587,0.0525
36281,1631,dhmix_1723343163215510297,476,EnthalpyOfMixing,<Substance CN(C)CCO{solv}{x=0.799600}|O{solv}{x=0.200400}>,CN(C)CCO,O,smee-spice2-systematic-torsion-generation_constrained-linear,2,-1.0100245828159302,0.0424985103493404,-1.247,0.0255
36282,1632,dens_233554406241639981,477,Density,<Substance CC(C)CC(C)(C)C{solv}{x=0.200000}|CCCCOCCCC{solv}{x=0.800000}>,CC(C)CC(C)(C)C,CCCCOCCCC,smee-spice2-systematic-torsion-generation_constrained-linear,2,0.7547831052037315,0.0002014954812872,0.7497500000000001,0.00017
36283,1633,dhmix_465541682585001245,478,EnthalpyOfMixing,<Substance CC(C)CC(C)(C)C{solv}{x=0.200400}|CCCCOCCCC{solv}{x=0.799600}>,CC(C)CC(C)(C)C,CCCCOCCCC,smee-spice2-systematic-torsion-generation_constrained-linear,2,0.2487489440569277,0.0550090563735251,0.07397,0.00099
36284,1634,dhmix_1505777056782392294,479,EnthalpyOfMixing,<Substance CC(C)CC(C)(C)C{solv}{x=0.400400}|CCCCOCCCC{solv}{x=0.599600}>,CC(C)CC(C)(C)C,CCCCOCCCC,smee-spice2-systematic-torsion-generation_constrained-linear,2,0.302945267069731,0.0425242393940954,0.11538,0.001385
36285,1635,dhmix_1595104467389948583,480,EnthalpyOfMixing,<Substance CC(C)CC(C)(C)C{solv}{x=0.700500}|CCCCOCCCC{solv}{x=0.299500}>,CC(C)CC(C)(C)C,CCCCOCCCC,smee-spice2-systematic-torsion-generation_constrained-linear,2,0.2208864609899592,0.053853754337398,0.10948,0.00133
36286,1636,dens_1672861274914038509,481,Density,<Substance CC(C)CC(C)(C)C{solv}{x=0.399700}|CCCCOCCCC{solv}{x=0.600300}>,CC(C)CC(C)(C)C,CCCCOCCCC,smee-spice2-systematic-torsion-generation_constrained-linear,2,0.744068489717158,0.000201798472945,0.7348100000000001,0.000175
36287,1637,dens_1954694146948787176,482,Density,<Substance CC(C)CC(C)(C)C{solv}{x=0.700000}|CCCCOCCCC{solv}{x=0.300000}>,CC(C)CC(C)(C)C,CCCCOCCCC,smee-spice2-systematic-torsion-generation_constrained-linear,2,0.7275581971270945,0.0002016381479604,0.7117300000000002,0.000185
36288,1638,dens_234746850701826990,483,Density,<Substance CC#N{solv}{x=0.700000}|CCCCCO{solv}{x=0.300000}>,CC#N,CCCCCO,smee-spice2-systematic-torsion-generation_constrained-linear,2,0.7970830743220799,0.0002160294353512,0.7924200000000001,0.000165
36289,1639,dens_1261543146081029601,484,Density,<Substance CC#N{solv}{x=0.500300}|CCCCCO{solv}{x=0.499700}>,CC#N,CCCCCO,smee-spice2-systematic-torsion-generation_constrained-linear,2,0.8046590920736346,0.0002580508660385,0.7996400000000001,0.000185
36290,1640,dens_1462197010819319813,485,Density,<Substance CC#N{solv}{x=0.203100}|CCCCCO{solv}{x=0.796900}>,CC#N,CCCCCO,smee-spice2-systematic-torsion-generation_constrained-linear,2,0.8123863405443973,0.0001993322442733,0.8090600000000001,0.00022
36291,1641,dhmix_1595997756227951615,486,EnthalpyOfMixing,<Substance CC#N{solv}{x=0.235500}|CCCCCO{solv}{x=0.764500}>,CC#N,CCCCCO,smee-spice2-systematic-torsion-generation_constrained-linear,2,1.3904279020534318,0.0471624329016263,1.451,0.006
36292,1642,dhmix_1745037615762894827,487,EnthalpyOfMixing,<Substance CC#N{solv}{x=0.516700}|CCCCCO{solv}{x=0.483300}>,CC#N,CCCCCO,smee-spice2-systematic-torsion-generation_constrained-linear,2,1.9423412669729032,0.0361598873030943,2.017,0.008
36293,1643,dhmix_2294048253872291609,488,EnthalpyOfMixing,<Substance CC#N{solv}{x=0.771100}|CCCCCO{solv}{x=0.228900}>,CC#N,CCCCCO,smee-spice2-systematic-torsion-generation_constrained-linear,2,1.553855848249638,0.0317626984293589,1.656,0.007
36294,1644,dens_237912652331354824,489,Density,<Substance C1COCCO1{solv}{x=0.512200}|CCCC(C)=O{solv}{x=0.487800}>,C1COCCO1,CCCC(C)=O,smee-spice2-systematic-torsion-generation_constrained-linear,2,0.9047601675557464,0.000211323646887,0.90478,0.00023
36295,1645,dhmix_951401191616771155,490,EnthalpyOfMixing,<Substance C1COCCO1{solv}{x=0.750000}|CCCC(C)=O{solv}{x=0.250000}>,C1COCCO1,CCCC(C)=O,smee-spice2-systematic-torsion-generation_constrained-linear,2,0.3024420180299216,0.0393181345025174,0.23761,0.00135
36296,1646,dens_1815088975543208186,491,Density,<Substance C1COCCO1{solv}{x=0.225400}|CCCC(C)=O{solv}{x=0.774600}>,C1COCCO1,CCCC(C)=O,smee-spice2-systematic-torsion-generation_constrained-linear,2,0.836457589014612,0.0002500295179755,0.8442800000000001,0.00022
36297,1647,dens_2079717107234551519,492,Density,<Substance C1COCCO1{solv}{x=0.782300}|CCCC(C)=O{solv}{x=0.217700}>,C1COCCO1,CCCC(C)=O,smee-spice2-systematic-torsion-generation_constrained-linear,2,0.9769909109506774,0.0002457718761382,0.9692000000000004,0.000245
36298,1648,dhmix_2166059870593139530,493,EnthalpyOfMixing,<Substance C1COCCO1{solv}{x=0.500000}|CCCC(C)=O{solv}{x=0.500000}>,C1COCCO1,CCCC(C)=O,smee-spice2-systematic-torsion-generation_constrained-linear,2,0.3729436007753008,0.0396572351130292,0.26523,0.001455
36299,1649,dhmix_2196150660196365471,494,EnthalpyOfMixing,<Substance C1COCCO1{solv}{x=0.250000}|CCCC(C)=O{solv}{x=0.750000}>,C1COCCO1,CCCC(C)=O,smee-spice2-systematic-torsion-generation_constrained-linear,2,0.1894841772878364,0.0351847912138615,0.1704,0.001085
36300,1650,dhmix_243334109655928306,495,EnthalpyOfMixing,<Substance C1CCOCC1{solv}{x=0.783200}|c1ccccc1{solv}{x=0.216800}>,C1CCOCC1,c1ccccc1,smee-spice2-systematic-torsion-generation_constrained-linear,2,-0.117197156416978,0.0404473058961531,-0.1399,0.00165
36301,1651,dens_257753427541292519,496,Density,<Substance C1CCOCC1{solv}{x=0.479400}|c1ccccc1{solv}{x=0.520600}>,C1CCOCC1,c1ccccc1,smee-spice2-systematic-torsion-generation_constrained-linear,2,0.8780286898327316,0.0002144466731284,0.8778700000000003,0.000505
36302,1652,dhmix_604341867718608333,497,EnthalpyOfMixing,<Substance C1CCOCC1{solv}{x=0.242500}|c1ccccc1{solv}{x=0.757500}>,C1CCOCC1,c1ccccc1,smee-spice2-systematic-torsion-generation_constrained-linear,2,-0.106496570160516,0.0425927508193906,-0.1608,0.00185
36303,1653,dens_791001710124267373,498,Density,<Substance C1CCOCC1{solv}{x=0.223900}|c1ccccc1{solv}{x=0.776100}>,C1CCOCC1,c1ccccc1,smee-spice2-systematic-torsion-generation_constrained-linear,2,0.8752714971700408,0.0002762468629894,0.8761000000000002,0.0005
36304,1654,dens_1402061243325720407,499,Density,<Substance C1CCOCC1{solv}{x=0.743200}|c1ccccc1{solv}{x=0.256800}>,C1CCOCC1,c1ccccc1,smee-spice2-systematic-torsion-generation_constrained-linear,2,0.8799620841114183,0.0002392622398355,0.8789500000000002,0.000505
36305,1655,dhmix_1407142629314355761,500,EnthalpyOfMixing,<Substance C1CCOCC1{solv}{x=0.498200}|c1ccccc1{solv}{x=0.501800}>,C1CCOCC1,c1ccccc1,smee-spice2-systematic-torsion-generation_constrained-linear,2,-0.1350706516506363,0.0379855167909766,-0.2365,0.00265
36306,1656,dhmix_266800455813556356,501,EnthalpyOfMixing,<Substance CO{solv}{x=0.727200}|OCc1ccccc1{solv}{x=0.272800}>,CO,OCc1ccccc1,smee-spice2-systematic-torsion-generation_constrained-linear,2,-0.0504368514254736,0.0350809442334409,-0.0792,0.001
36307,1657,dhmix_949671607207910651,502,EnthalpyOfMixing,<Substance CO{solv}{x=0.500500}|OCc1ccccc1{solv}{x=0.499500}>,CO,OCc1ccccc1,smee-spice2-systematic-torsion-generation_constrained-linear,2,-0.2379751776984733,0.0374302000797673,-0.1408,0.00165
36308,1658,dhmix_1388744759732522219,503,EnthalpyOfMixing,<Substance CO{solv}{x=0.200200}|OCc1ccccc1{solv}{x=0.799800}>,CO,OCc1ccccc1,smee-spice2-systematic-torsion-generation_constrained-linear,2,-0.2050761425533664,0.0448022613851459,-0.1081,0.0013
36309,1659,dens_270046772857960816,504,Density,<Substance C1CCOCC1{solv}{x=0.732100}|Cc1ccccc1{solv}{x=0.267900}>,C1CCOCC1,Cc1ccccc1,smee-spice2-systematic-torsion-generation_constrained-linear,2,0.8757140010121952,0.0002356803827443,0.8754100000000001,0.000505
36310,1660,dens_324774743687652276,505,Density,<Substance C1CCOCC1{solv}{x=0.238700}|Cc1ccccc1{solv}{x=0.761300}>,C1CCOCC1,Cc1ccccc1,smee-spice2-systematic-torsion-generation_constrained-linear,2,0.8656212786005071,0.0002296908714017,0.8669900000000003,0.000505
36311,1661,dhmix_390107187187002597,506,EnthalpyOfMixing,<Substance C1CCOCC1{solv}{x=0.531900}|Cc1ccccc1{solv}{x=0.468100}>,C1CCOCC1,Cc1ccccc1,smee-spice2-systematic-torsion-generation_constrained-linear,2,-0.0687804234208186,0.0427271964389778,-0.2225,0.0025
36312,1662,dhmix_1070320975529400325,507,EnthalpyOfMixing,<Substance C1CCOCC1{solv}{x=0.280600}|Cc1ccccc1{solv}{x=0.719400}>,C1CCOCC1,Cc1ccccc1,smee-spice2-systematic-torsion-generation_constrained-linear,2,-0.0587200362086406,0.0431565726824791,-0.1687,0.00195
36313,1663,dens_1397318239527979287,508,Density,<Substance C1CCOCC1{solv}{x=0.491500}|Cc1ccccc1{solv}{x=0.508500}>,C1CCOCC1,Cc1ccccc1,smee-spice2-systematic-torsion-generation_constrained-linear,2,0.8707176077789616,0.0001620371118496,0.8715100000000002,0.000505
36314,1664,dhmix_1508130989501940613,509,EnthalpyOfMixing,<Substance C1CCOCC1{solv}{x=0.741300}|Cc1ccccc1{solv}{x=0.258700}>,C1CCOCC1,Cc1ccccc1,smee-spice2-systematic-torsion-generation_constrained-linear,2,-0.0347021008983858,0.0412592166428776,-0.1629,0.0019
36315,1665,dhmix_271732469428717581,510,EnthalpyOfMixing,<Substance COc1ccccc1{solv}{x=0.237400}|OCCCc1ccccc1{solv}{x=0.762600}>,COc1ccccc1,OCCCc1ccccc1,smee-spice2-systematic-torsion-generation_constrained-linear,2,0.7302449829447255,0.0460483597896195,0.6076,0.0066
36316,1666,dhmix_1174392275991455181,511,EnthalpyOfMixing,<Substance COc1ccccc1{solv}{x=0.554700}|OCCCc1ccccc1{solv}{x=0.445300}>,COc1ccccc1,OCCCc1ccccc1,smee-spice2-systematic-torsion-generation_constrained-linear,2,0.9293870599282172,0.0458382997230468,1.0293,0.01105
36317,1667,dhmix_1179341622676685107,512,EnthalpyOfMixing,<Substance COc1ccccc1{solv}{x=0.713600}|OCCCc1ccccc1{solv}{x=0.286400}>,COc1ccccc1,OCCCc1ccccc1,smee-spice2-systematic-torsion-generation_constrained-linear,2,0.9586692525624584,0.0478710628675757,1.1088,0.0119
36318,1668,dens_1468428612899754720,513,Density,<Substance COc1ccccc1{solv}{x=0.747700}|OCCCc1ccccc1{solv}{x=0.252300}>,COc1ccccc1,OCCCc1ccccc1,smee-spice2-systematic-torsion-generation_constrained-linear,2,0.982875475201184,0.0002095766403574,0.9827800000000002,0.00026
36319,1669,dens_1534619098234859574,514,Density,<Substance COc1ccccc1{solv}{x=0.555100}|OCCCc1ccccc1{solv}{x=0.444900}>,COc1ccccc1,OCCCc1ccccc1,smee-spice2-systematic-torsion-generation_constrained-linear,2,0.9859338572634612,0.0002067095669024,0.9852700000000002,0.00026
36320,1670,dens_2298154173340539222,515,Density,<Substance COc1ccccc1{solv}{x=0.263600}|OCCCc1ccccc1{solv}{x=0.736400}>,COc1ccccc1,OCCCc1ccccc1,smee-spice2-systematic-torsion-generation_constrained-linear,2,0.9913773253360344,0.0001925876487747,0.9885500000000002,0.00026
36321,1671,dens_274848672468745759,516,Density,<Substance CCCCOC(C)=O{solv}{x=0.293400}|c1ccccc1{solv}{x=0.706600}>,CCCCOC(C)=O,c1ccccc1,smee-spice2-systematic-torsion-generation_constrained-linear,2,0.8775672450945542,0.0002390516119585,0.8736600000000002,0.00021
36322,1672,dens_493354132810710227,517,Density,<Substance CCCCOC(C)=O{solv}{x=0.710500}|c1ccccc1{solv}{x=0.289500}>,CCCCOC(C)=O,c1ccccc1,smee-spice2-systematic-torsion-generation_constrained-linear,2,0.8827486630192606,0.0002173268074139,0.8751500000000002,0.000335
36323,1673,dhmix_754807126845437364,518,EnthalpyOfMixing,<Substance CCCCOC(C)=O{solv}{x=0.495800}|c1ccccc1{solv}{x=0.504200}>,CCCCOC(C)=O,c1ccccc1,smee-spice2-systematic-torsion-generation_constrained-linear,2,-0.0539914220756756,0.0432123127234817,-0.0245,0.001
36324,1674,dens_834118541551127044,519,Density,<Substance CCCCOC(C)=O{solv}{x=0.504400}|c1ccccc1{solv}{x=0.495600}>,CCCCOC(C)=O,c1ccccc1,smee-spice2-systematic-torsion-generation_constrained-linear,2,0.8801869667592184,0.0002276900453155,0.8744300000000002,0.000265
36325,1675,dhmix_1349932525480083284,520,EnthalpyOfMixing,<Substance CCCCOC(C)=O{solv}{x=0.252300}|c1ccccc1{solv}{x=0.747700}>,CCCCOC(C)=O,c1ccccc1,smee-spice2-systematic-torsion-generation_constrained-linear,2,-0.0834208598172097,0.04317292901889,-0.014,0.0009
36326,1676,dhmix_1597992980658352112,521,EnthalpyOfMixing,<Substance CCCCOC(C)=O{solv}{x=0.771400}|c1ccccc1{solv}{x=0.228600}>,CCCCOC(C)=O,c1ccccc1,smee-spice2-systematic-torsion-generation_constrained-linear,2,0.0381851283027039,0.049783295840435,-0.0245,0.001
36327,1677,dens_275501958869207518,522,Density,<Substance C1CCOCC1{solv}{x=0.226300}|Cc1ccccc1Cl{solv}{x=0.773700}>,C1CCOCC1,Cc1ccccc1Cl,smee-spice2-systematic-torsion-generation_constrained-linear,2,1.0481306040247067,0.0002705689301084,1.0396,0.0005
36328,1678,dhmix_818597523255588519,523,EnthalpyOfMixing,<Substance C1CCOCC1{solv}{x=0.753300}|Cc1ccccc1Cl{solv}{x=0.246700}>,C1CCOCC1,Cc1ccccc1Cl,smee-spice2-systematic-torsion-generation_constrained-linear,2,-0.2103731699279762,0.0396951114828631,-0.154,0.001
36329,1679,dhmix_849121557716978550,524,EnthalpyOfMixing,<Substance C1CCOCC1{solv}{x=0.517500}|Cc1ccccc1Cl{solv}{x=0.482500}>,C1CCOCC1,Cc1ccccc1Cl,smee-spice2-systematic-torsion-generation_constrained-linear,2,-0.2944252710721713,0.0371412517529615,-0.22,0.0015
36330,1680,dens_946978292781731327,525,Density,<Substance C1CCOCC1{solv}{x=0.478400}|Cc1ccccc1Cl{solv}{x=0.521600}>,C1CCOCC1,Cc1ccccc1Cl,smee-spice2-systematic-torsion-generation_constrained-linear,2,0.999900782023133,0.000249975860464,0.9931600000000002,0.00051
36331,1681,dhmix_997266220336132741,526,EnthalpyOfMixing,<Substance C1CCOCC1{solv}{x=0.263200}|Cc1ccccc1Cl{solv}{x=0.736800}>,C1CCOCC1,Cc1ccccc1Cl,smee-spice2-systematic-torsion-generation_constrained-linear,2,-0.1741851003607735,0.0410105034273205,-0.175,0.001
36332,1682,dens_1191185394819541532,527,Density,<Substance C1CCOCC1{solv}{x=0.765800}|Cc1ccccc1Cl{solv}{x=0.234200}>,C1CCOCC1,Cc1ccccc1Cl,smee-spice2-systematic-torsion-generation_constrained-linear,2,0.9372726640882012,0.0002680570082202,0.9336500000000002,0.000505
36333,1683,dhmix_278334692660393021,528,EnthalpyOfMixing,<Substance CCCCCCC{solv}{x=0.205900}|CNc1ccccc1{solv}{x=0.794100}>,CCCCCCC,CNc1ccccc1,smee-spice2-systematic-torsion-generation_constrained-linear,2,1.6870161313802328,0.0607922870923308,1.126,0.012
36334,1684,dens_480658478095207102,529,Density,<Substance CCCCCCC{solv}{x=0.740500}|CNc1ccccc1{solv}{x=0.259500}>,CCCCCCC,CNc1ccccc1,smee-spice2-systematic-torsion-generation_constrained-linear,2,0.7393143346992851,0.0002369685558915,0.7424910000000001,0.00014
36335,1685,dhmix_898293423987680187,530,EnthalpyOfMixing,<Substance CCCCCCC{solv}{x=0.501700}|CNc1ccccc1{solv}{x=0.498300}>,CCCCCCC,CNc1ccccc1,smee-spice2-systematic-torsion-generation_constrained-linear,2,2.0652940369660087,0.0530262675976325,1.676,0.018
36336,1686,dens_1509968737377061562,531,Density,<Substance CCCCCCC{solv}{x=0.250900}|CNc1ccccc1{solv}{x=0.749100}>,CCCCCCC,CNc1ccccc1,smee-spice2-systematic-torsion-generation_constrained-linear,2,0.8984869164591394,0.0002041856532827,0.8897150000000003,0.0002615
36337,1687,dhmix_1680546488782143957,532,EnthalpyOfMixing,<Substance CCCCCCC{solv}{x=0.703200}|CNc1ccccc1{solv}{x=0.296800}>,CCCCCCC,CNc1ccccc1,smee-spice2-systematic-torsion-generation_constrained-linear,2,1.962962569413648,0.0449771376533026,1.539,0.0165
36338,1688,dens_2074014246120135820,533,Density,<Substance CCCCCCC{solv}{x=0.497000}|CNc1ccccc1{solv}{x=0.503000}>,CCCCCCC,CNc1ccccc1,smee-spice2-systematic-torsion-generation_constrained-linear,2,0.8129189229567572,0.0002011148615791,0.8106920000000002,0.0001785
36339,1689,dens_296890921001565391,534,Density,<Substance CCCCN{solv}{x=0.755200}|CN(C)C=O{solv}{x=0.244800}>,CCCCN,CN(C)C=O,smee-spice2-systematic-torsion-generation_constrained-linear,2,0.7990363867097973,0.0002642808065077,0.7762150000000002,0.000949
36340,1690,dens_380536870617309130,535,Density,<Substance CCCCN{solv}{x=0.242800}|CN(C)C=O{solv}{x=0.757200}>,CCCCN,CN(C)C=O,smee-spice2-systematic-torsion-generation_constrained-linear,2,0.8822002094619913,0.0001671673239999,0.8845160000000002,0.0010795
36341,1691,dhmix_493117160214491795,536,EnthalpyOfMixing,<Substance CCCCN{solv}{x=0.244100}|CN(C)C=O{solv}{x=0.755900}>,CCCCN,CN(C)C=O,smee-spice2-systematic-torsion-generation_constrained-linear,2,0.1998638887821116,0.0375814913706798,0.245,0.008
36342,1692,dhmix_789225002934078019,537,EnthalpyOfMixing,<Substance CCCCN{solv}{x=0.750200}|CN(C)C=O{solv}{x=0.249800}>,CCCCN,CN(C)C=O,smee-spice2-systematic-torsion-generation_constrained-linear,2,0.1870469741093359,0.0407455819126192,0.32,0.01
36343,1693,dhmix_941321571782058819,538,EnthalpyOfMixing,<Substance CCCCN{solv}{x=0.499200}|CN(C)C=O{solv}{x=0.500800}>,CCCCN,CN(C)C=O,smee-spice2-systematic-torsion-generation_constrained-linear,2,0.2127372235283573,0.0372593682020626,0.384,0.0115
36344,1694,dens_2179361372918836941,539,Density,<Substance CCCCN{solv}{x=0.497200}|CN(C)C=O{solv}{x=0.502800}>,CCCCN,CN(C)C=O,smee-spice2-systematic-torsion-generation_constrained-linear,2,0.839653657629297,0.0002502331660523,0.8277360000000001,0.001011
36345,1695,dens_300257448272323407,540,Density,<Substance CC(C)O{solv}{x=0.745200}|NCCN{solv}{x=0.254800}>,CC(C)O,NCCN,smee-spice2-systematic-torsion-generation_constrained-linear,2,0.8566773680986132,0.0002809864418691,0.8163970000000003,0.0002325
36346,1696,dens_924750366683277351,541,Density,<Substance CC(C)O{solv}{x=0.203100}|NCCN{solv}{x=0.796900}>,CC(C)O,NCCN,smee-spice2-systematic-torsion-generation_constrained-linear,2,0.9851314224700982,0.0002163884779991,0.8736620000000003,0.0002225
36347,1697,dens_2284409308160572308,542,Density,<Substance CC(C)O{solv}{x=0.489100}|NCCN{solv}{x=0.510900}>,CC(C)O,NCCN,smee-spice2-systematic-torsion-generation_constrained-linear,2,0.9133177895809668,0.000238729679079,0.8449250000000001,0.0002245
36348,1698,dens_305501840068636812,543,Density,<Substance CC(C)=O{solv}{x=0.750000}|CCO{solv}{x=0.250000}>,CC(C)=O,CCO,smee-spice2-systematic-torsion-generation_constrained-linear,2,0.7747535807224706,0.0003056515249853,0.7859000000000002,0.000115
36349,1699,dens_472577738907297293,544,Density,<Substance CC(C)=O{solv}{x=0.250000}|CCO{solv}{x=0.750000}>,CC(C)=O,CCO,smee-spice2-systematic-torsion-generation_constrained-linear,2,0.7845449518940724,0.0002969271832052,0.7861600000000002,0.000115
36350,1700,dens_2271083741716457850,545,Density,<Substance CC(C)=O{solv}{x=0.499900}|CCO{solv}{x=0.500100}>,CC(C)=O,CCO,smee-spice2-systematic-torsion-generation_constrained-linear,2,0.7782106095238498,0.0003181900776564,0.7861900000000003,0.000115
36351,1701,dens_307445163336341047,546,Density,<Substance CN1CCCC1=O{solv}{x=0.703700}|ClCCCl{solv}{x=0.296300}>,CN1CCCC1=O,ClCCCl,smee-spice2-systematic-torsion-generation_constrained-linear,2,1.0716279020616637,0.00024179506392,1.0851000000000002,0.0002
36352,1702,dhmix_453866769634566853,547,EnthalpyOfMixing,<Substance CN1CCCC1=O{solv}{x=0.253100}|ClCCCl{solv}{x=0.746900}>,CN1CCCC1=O,ClCCCl,smee-spice2-systematic-torsion-generation_constrained-linear,2,-0.5627695361735405,0.0331503931603621,-0.8118,0.01525
36353,1703,dhmix_536206650470008584,548,EnthalpyOfMixing,<Substance CN1CCCC1=O{solv}{x=0.500000}|ClCCCl{solv}{x=0.500000}>,CN1CCCC1=O,ClCCCl,smee-spice2-systematic-torsion-generation_constrained-linear,2,-0.6041797577955798,0.0386670794561337,-1.264,0.0055
36354,1704,dens_1046625605566999080,549,Density,<Substance CN1CCCC1=O{solv}{x=0.202500}|ClCCCl{solv}{x=0.797500}>,CN1CCCC1=O,ClCCCl,smee-spice2-systematic-torsion-generation_constrained-linear,2,1.1854358898657302,0.0003737767755601,1.1953000000000005,0.00025
36355,1705,dhmix_1620571823529677157,550,EnthalpyOfMixing,<Substance CN1CCCC1=O{solv}{x=0.736700}|ClCCCl{solv}{x=0.263300}>,CN1CCCC1=O,ClCCCl,smee-spice2-systematic-torsion-generation_constrained-linear,2,-0.4949239376474139,0.0370856800686139,-0.8587,0.01605
36356,1706,dens_2059567022041766694,551,Density,<Substance CN1CCCC1=O{solv}{x=0.497500}|ClCCCl{solv}{x=0.502500}>,CN1CCCC1=O,ClCCCl,smee-spice2-systematic-torsion-generation_constrained-linear,2,1.1187714985261363,0.0002126561272247,1.1283000000000003,0.0002
36357,1707,dens_313234519309892479,552,Density,<Substance CC(=O)N(C)C{solv}{x=0.293800}|CCCCCCCCCl{solv}{x=0.706200}>,CC(=O)N(C)C,CCCCCCCCCl,smee-spice2-systematic-torsion-generation_constrained-linear,2,0.8743003450279508,0.0002259542404635,0.8796000000000003,0.00045
36358,1708,dhmix_444785917463403590,553,EnthalpyOfMixing,<Substance CC(=O)N(C)C{solv}{x=0.703000}|CCCCCCCCCl{solv}{x=0.297000}>,CC(=O)N(C)C,CCCCCCCCCl,smee-spice2-systematic-torsion-generation_constrained-linear,2,0.8086009181559461,0.0451857859851326,0.751,0.004
36359,1709,dhmix_705168937124106402,554,EnthalpyOfMixing,<Substance CC(=O)N(C)C{solv}{x=0.215000}|CCCCCCCCCl{solv}{x=0.785000}>,CC(=O)N(C)C,CCCCCCCCCl,smee-spice2-systematic-torsion-generation_constrained-linear,2,0.6407951224133797,0.0522590259904289,0.519,0.0035
36360,1710,dens_1549584991651515376,555,Density,<Substance CC(=O)N(C)C{solv}{x=0.502200}|CCCCCCCCCl{solv}{x=0.497800}>,CC(=O)N(C)C,CCCCCCCCCl,smee-spice2-systematic-torsion-generation_constrained-linear,2,0.8804159679117985,0.0002134170340578,0.8902000000000002,0.0004
36361,1711,dhmix_1732161251827083272,556,EnthalpyOfMixing,<Substance CC(=O)N(C)C{solv}{x=0.508000}|CCCCCCCCCl{solv}{x=0.492000}>,CC(=O)N(C)C,CCCCCCCCCl,smee-spice2-systematic-torsion-generation_constrained-linear,2,1.005464680640392,0.046965425278359,0.829,0.004
36362,1712,dens_2189889607118243828,557,Density,<Substance CC(=O)N(C)C{solv}{x=0.700500}|CCCCCCCCCl{solv}{x=0.299500}>,CC(=O)N(C)C,CCCCCCCCCl,smee-spice2-systematic-torsion-generation_constrained-linear,2,0.8877616675882598,0.0002061649883304,0.9041000000000002,0.00035
36363,1713,dens_314482396827660717,558,Density,<Substance BrCCBr{solv}{x=0.753700}|COC(C)=O{solv}{x=0.246300}>,BrCCBr,COC(C)=O,smee-spice2-systematic-torsion-generation_constrained-linear,2,1.8447986068241329,0.0006469011760353,1.8774400000000004,0.003355
36364,1714,dens_344993892965738820,559,Density,<Substance BrCCBr{solv}{x=0.275200}|COC(C)=O{solv}{x=0.724800}>,BrCCBr,COC(C)=O,smee-spice2-systematic-torsion-generation_constrained-linear,2,1.288633131693239,0.0003757438914495,1.2862400000000005,0.001125
36365,1715,dhmix_545996968666061076,560,EnthalpyOfMixing,<Substance BrCCBr{solv}{x=0.720900}|COC(C)=O{solv}{x=0.279100}>,BrCCBr,COC(C)=O,smee-spice2-systematic-torsion-generation_constrained-linear,2,0.1190560650831695,0.0326822905017175,0.2594,0.0028
36366,1716,dens_714044009336077786,561,Density,<Substance BrCCBr{solv}{x=0.512100}|COC(C)=O{solv}{x=0.487900}>,BrCCBr,COC(C)=O,smee-spice2-systematic-torsion-generation_constrained-linear,2,1.5721791350551642,0.000544996123292,1.5834900000000005,0.0021
36367,1717,dhmix_1222511035002547253,562,EnthalpyOfMixing,<Substance BrCCBr{solv}{x=0.485500}|COC(C)=O{solv}{x=0.514500}>,BrCCBr,COC(C)=O,smee-spice2-systematic-torsion-generation_constrained-linear,2,0.1885811613203003,0.0332645182978583,0.2577,0.00275
36368,1718,dhmix_1418101673429653456,563,EnthalpyOfMixing,<Substance BrCCBr{solv}{x=0.250800}|COC(C)=O{solv}{x=0.749200}>,BrCCBr,COC(C)=O,smee-spice2-systematic-torsion-generation_constrained-linear,2,0.1290374241430214,0.0385422145293628,0.1202,0.0017
36369,1719,dens_314934747194338330,564,Density,<Substance CC(C)CCl{solv}{x=0.513700}|CC(C)OC(C)C{solv}{x=0.486300}>,CC(C)CCl,CC(C)OC(C)C,smee-spice2-systematic-torsion-generation_constrained-linear,2,0.8019631550334608,0.0002448259430511,0.7878250000000002,0.000405
36370,1720,dhmix_355399496844187096,565,EnthalpyOfMixing,<Substance CC(C)CCl{solv}{x=0.545300}|CC(C)OC(C)C{solv}{x=0.454700}>,CC(C)CCl,CC(C)OC(C)C,smee-spice2-systematic-torsion-generation_constrained-linear,2,-0.1200101033456064,0.042616988041265,-0.0957,0.0012
36371,1721,dens_688062365117407068,566,Density,<Substance CC(C)CCl{solv}{x=0.805900}|CC(C)OC(C)C{solv}{x=0.194100}>,CC(C)CCl,CC(C)OC(C)C,smee-spice2-systematic-torsion-generation_constrained-linear,2,0.8420944120895626,0.0002967833739925,0.8355300000000002,0.0003555
36372,1722,dhmix_1411881046585885461,567,EnthalpyOfMixing,<Substance CC(C)CCl{solv}{x=0.090700}|CC(C)OC(C)C{solv}{x=0.909300}>,CC(C)CCl,CC(C)OC(C)C,smee-spice2-systematic-torsion-generation_constrained-linear,2,-0.1062889517665155,0.0493768479830994,-0.0302,0.00055
36373,1723,dens_1762455266351712367,568,Density,<Substance CC(C)CCl{solv}{x=0.091000}|CC(C)OC(C)C{solv}{x=0.909000}>,CC(C)CCl,CC(C)OC(C)C,smee-spice2-systematic-torsion-generation_constrained-linear,2,0.7520245851751556,0.000236371728444,0.7293950000000001,0.000464
36374,1724,dhmix_2302865667781063708,569,EnthalpyOfMixing,<Substance CC(C)CCl{solv}{x=0.727000}|CC(C)OC(C)C{solv}{x=0.273000}>,CC(C)CCl,CC(C)OC(C)C,smee-spice2-systematic-torsion-generation_constrained-linear,2,-0.2064259533245405,0.041525103809734,-0.0791,0.001
36375,1725,dens_321327254341950207,570,Density,<Substance C1COCCO1{solv}{x=0.780300}|CCCCCC(C)=O{solv}{x=0.219700}>,C1COCCO1,CCCCCC(C)=O,smee-spice2-systematic-torsion-generation_constrained-linear,2,0.9647758212144866,0.0002164925399263,0.9576500000000002,0.0003
36376,1726,dens_377701756930918353,571,Density,<Substance C1COCCO1{solv}{x=0.500600}|CCCCCC(C)=O{solv}{x=0.499400}>,C1COCCO1,CCCCCC(C)=O,smee-spice2-systematic-torsion-generation_constrained-linear,2,0.8919651944345042,0.000211301179454,0.8916700000000002,0.000345
36377,1727,dhmix_600625644134907580,572,EnthalpyOfMixing,<Substance C1COCCO1{solv}{x=0.500000}|CCCCCC(C)=O{solv}{x=0.500000}>,C1COCCO1,CCCCCC(C)=O,smee-spice2-systematic-torsion-generation_constrained-linear,2,0.554295001917481,0.0457241529471971,0.4509,0.002255
36378,1728,dens_1451069448215305244,573,Density,<Substance C1COCCO1{solv}{x=0.220300}|CCCCCC(C)=O{solv}{x=0.779700}>,C1COCCO1,CCCCCC(C)=O,smee-spice2-systematic-torsion-generation_constrained-linear,2,0.8368337507022658,0.0001618498704166,0.8420800000000003,0.000385
36379,1729,dhmix_2028813035406256788,574,EnthalpyOfMixing,<Substance C1COCCO1{solv}{x=0.750000}|CCCCCC(C)=O{solv}{x=0.250000}>,C1COCCO1,CCCCCC(C)=O,smee-spice2-systematic-torsion-generation_constrained-linear,2,0.4673753204610307,0.0422313190693295,0.4064,0.00209
36380,1730,dhmix_2222211577832383320,575,EnthalpyOfMixing,<Substance C1COCCO1{solv}{x=0.250000}|CCCCCC(C)=O{solv}{x=0.750000}>,C1COCCO1,CCCCCC(C)=O,smee-spice2-systematic-torsion-generation_constrained-linear,2,0.3832455797206506,0.0487680026477472,0.2911,0.00164
36381,1731,dhmix_325212618372456630,576,EnthalpyOfMixing,<Substance CCCCCCC{solv}{x=0.500000}|c1ccccc1{solv}{x=0.500000}>,CCCCCCC,c1ccccc1,smee-spice2-systematic-torsion-generation_constrained-linear,2,1.159088351074729,0.0475233216705749,0.9235,0.0051
36382,1732,dhmix_409350268177199962,577,EnthalpyOfMixing,<Substance CCCCCCC{solv}{x=0.751900}|c1ccccc1{solv}{x=0.248100}>,CCCCCCC,c1ccccc1,smee-spice2-systematic-torsion-generation_constrained-linear,2,0.6928087422677152,0.0506115984590454,0.6047,0.0035
36383,1733,dens_1685942387769177799,578,Density,<Substance CCCCCCC{solv}{x=0.913667}|c1ccccc1{solv}{x=0.086333}>,CCCCCCC,c1ccccc1,smee-spice2-systematic-torsion-generation_constrained-linear,2,0.6832446290549347,0.000223106763563,0.6892400000000002,0.000805
36384,1734,dens_2148382258223830900,579,Density,<Substance CCCCCCC{solv}{x=0.273700}|c1ccccc1{solv}{x=0.726300}>,CCCCCCC,c1ccccc1,smee-spice2-systematic-torsion-generation_constrained-linear,2,0.7796659386329782,0.0002520350945126,0.7855000000000002,0.00015
36385,1735,dens_2219829254239605828,580,Density,<Substance CCCCCCC{solv}{x=0.492200}|c1ccccc1{solv}{x=0.507800}>,CCCCCCC,c1ccccc1,smee-spice2-systematic-torsion-generation_constrained-linear,2,0.7343849286116961,0.0002344493240983,0.7409000000000001,0.00015
36386,1736,dhmix_2296565820723783732,581,EnthalpyOfMixing,<Substance CCCCCCC{solv}{x=0.242400}|c1ccccc1{solv}{x=0.757600}>,CCCCCCC,c1ccccc1,smee-spice2-systematic-torsion-generation_constrained-linear,2,0.9782179313868652,0.0314492756626507,0.7775,0.0044
36387,1737,dens_326446104630354701,582,Density,<Substance BrCCBr{solv}{x=0.728600}|CCC(=O)OC{solv}{x=0.271400}>,BrCCBr,CCC(=O)OC,smee-spice2-systematic-torsion-generation_constrained-linear,2,1.7654323730605894,0.0005250612991929,1.7949900000000003,0.00303
36388,1738,dens_886315086380393150,583,Density,<Substance BrCCBr{solv}{x=0.494400}|CCC(=O)OC{solv}{x=0.505600}>,BrCCBr,CCC(=O)OC,smee-spice2-systematic-torsion-generation_constrained-linear,2,1.4807868415601069,0.0004901333519728,1.4941800000000005,0.001825
36389,1739,dhmix_1410129135672303476,584,EnthalpyOfMixing,<Substance BrCCBr{solv}{x=0.491400}|CCC(=O)OC{solv}{x=0.508600}>,BrCCBr,CCC(=O)OC,smee-spice2-systematic-torsion-generation_constrained-linear,2,-0.1269029738002038,0.0297742671761952,0.0195,0.00185
36390,1740,dhmix_1551714230583118668,585,EnthalpyOfMixing,<Substance BrCCBr{solv}{x=0.755400}|CCC(=O)OC{solv}{x=0.244600}>,BrCCBr,CCC(=O)OC,smee-spice2-systematic-torsion-generation_constrained-linear,2,-0.105361234953321,0.0350439666849423,0.09,0.00295
36391,1741,dhmix_1596310059176209101,586,EnthalpyOfMixing,<Substance BrCCBr{solv}{x=0.214800}|CCC(=O)OC{solv}{x=0.785200}>,BrCCBr,CCC(=O)OC,smee-spice2-systematic-torsion-generation_constrained-linear,2,-0.0668168641038775,0.0375083245862307,-0.0281,0.002
36392,1742,dens_1860027304017736150,587,Density,<Substance BrCCBr{solv}{x=0.257000}|CCC(=O)OC{solv}{x=0.743000}>,BrCCBr,CCC(=O)OC,smee-spice2-systematic-torsion-generation_constrained-linear,2,1.2016999614782518,0.0003570899236838,1.2059400000000002,0.000915
36393,1743,dhmix_334328961632702336,588,EnthalpyOfMixing,<Substance Cc1ccccc1N{solv}{x=0.492600}|Cc1cccnc1{solv}{x=0.507400}>,Cc1ccccc1N,Cc1cccnc1,smee-spice2-systematic-torsion-generation_constrained-linear,2,-1.1405929586918964,0.0434126409707245,-1.4091,0.0287
36394,1744,dhmix_382843935535082222,589,EnthalpyOfMixing,<Substance Cc1ccccc1N{solv}{x=0.232300}|Cc1cccnc1{solv}{x=0.767700}>,Cc1ccccc1N,Cc1cccnc1,smee-spice2-systematic-torsion-generation_constrained-linear,2,-0.84576785402167,0.0375170037806544,-1.1196,0.02285
36395,1745,dens_890019852111400701,590,Density,<Substance Cc1ccccc1N{solv}{x=0.533600}|Cc1cccnc1{solv}{x=0.466400}>,Cc1ccccc1N,Cc1cccnc1,smee-spice2-systematic-torsion-generation_constrained-linear,2,1.00052488267766,0.00017766404628,0.9795770000000004,0.0001185
36396,1746,dens_1033313642915027277,591,Density,<Substance Cc1ccccc1N{solv}{x=0.737200}|Cc1cccnc1{solv}{x=0.262800}>,Cc1ccccc1N,Cc1cccnc1,smee-spice2-systematic-torsion-generation_constrained-linear,2,1.0137726082844336,0.0003014283007472,0.9867010000000004,0.000118
36397,1747,dhmix_1057104304179164775,592,EnthalpyOfMixing,<Substance Cc1ccccc1N{solv}{x=0.778900}|Cc1cccnc1{solv}{x=0.221100}>,Cc1ccccc1N,Cc1cccnc1,smee-spice2-systematic-torsion-generation_constrained-linear,2,-0.6227190107296927,0.0473444509218088,-0.8735,0.01785
36398,1748,dens_1445313714023685702,593,Density,<Substance Cc1ccccc1N{solv}{x=0.246700}|Cc1cccnc1{solv}{x=0.753300}>,Cc1ccccc1N,Cc1cccnc1,smee-spice2-systematic-torsion-generation_constrained-linear,2,0.978890216908283,0.0002306929818545,0.9668750000000004,0.00012
36399,1749,dens_335631113096608920,594,Density,<Substance CCC(C)=O{solv}{x=0.501800}|CCCCNCCCC{solv}{x=0.498200}>,CCC(C)=O,CCCCNCCCC,smee-spice2-systematic-torsion-generation_constrained-linear,2,0.7712596856410943,0.000224153291967,0.7693960000000002,9.950000000000003e-05
36400,1750,dhmix_551451232292287572,595,EnthalpyOfMixing,<Substance CCC(C)=O{solv}{x=0.215400}|CCCCNCCCC{solv}{x=0.784600}>,CCC(C)=O,CCCCNCCCC,smee-spice2-systematic-torsion-generation_constrained-linear,2,0.1044657673706694,0.0545508462716314,0.417,0.0045
36401,1751,dens_800787154192710377,596,Density,<Substance CCC(C)=O{solv}{x=0.260300}|CCCCNCCCC{solv}{x=0.739700}>,CCC(C)=O,CCCCNCCCC,smee-spice2-systematic-torsion-generation_constrained-linear,2,0.7687054191228337,0.0001637077323893,0.7614750000000002,0.0001005
36402,1752,dhmix_1210431916849512476,597,EnthalpyOfMixing,<Substance CCC(C)=O{solv}{x=0.504400}|CCCCNCCCC{solv}{x=0.495600}>,CCC(C)=O,CCCCNCCCC,smee-spice2-systematic-torsion-generation_constrained-linear,2,0.0552013818167296,0.0438401059362584,0.619,0.0065
36403,1753,dhmix_1503682496766473076,598,EnthalpyOfMixing,<Substance CCC(C)=O{solv}{x=0.792200}|CCCCNCCCC{solv}{x=0.207800}>,CCC(C)=O,CCCCNCCCC,smee-spice2-systematic-torsion-generation_constrained-linear,2,0.0988564550468886,0.0424718812482098,0.425,0.0045
36404,1754,dens_2232561341275312196,599,Density,<Substance CCC(C)=O{solv}{x=0.747300}|CCCCNCCCC{solv}{x=0.252700}>,CCC(C)=O,CCCCNCCCC,smee-spice2-systematic-torsion-generation_constrained-linear,2,0.7744893452035455,0.0002093847516259,0.7810500000000001,9.750000000000004e-05
36405,1755,dhmix_335934546122425398,600,EnthalpyOfMixing,<Substance C1CCOCC1{solv}{x=0.550000}|O=C1CCCC1{solv}{x=0.450000}>,C1CCOCC1,O=C1CCCC1,smee-spice2-systematic-torsion-generation_constrained-linear,2,0.1053031854860364,0.0399699880917937,0.15813,0.001
36406,1756,dhmix_337659115721770978,601,EnthalpyOfMixing,<Substance C1CCOCC1{solv}{x=0.250000}|O=C1CCCC1{solv}{x=0.750000}>,C1CCOCC1,O=C1CCCC1,smee-spice2-systematic-torsion-generation_constrained-linear,2,-0.0062366329512073,0.0406996431411672,0.11325,0.00084
36407,1757,dens_579415285212890284,602,Density,<Substance C1CCOCC1{solv}{x=0.708000}|O=C1CCCC1{solv}{x=0.292000}>,C1CCOCC1,O=C1CCCC1,smee-spice2-systematic-torsion-generation_constrained-linear,2,0.8922315372917647,0.0002541350296529,0.8972200000000002,0.00023
36408,1758,dens_788777315764582180,603,Density,<Substance C1CCOCC1{solv}{x=0.549800}|O=C1CCCC1{solv}{x=0.450200}>,C1CCOCC1,O=C1CCCC1,smee-spice2-systematic-torsion-generation_constrained-linear,2,0.8990641076461873,0.0002340007916301,0.9073000000000002,0.000235
36409,1759,dens_1539654406736576807,604,Density,<Substance C1CCOCC1{solv}{x=0.235400}|O=C1CCCC1{solv}{x=0.764600}>,C1CCOCC1,O=C1CCCC1,smee-spice2-systematic-torsion-generation_constrained-linear,2,0.9120805651361146,0.0001740767512156,0.9281000000000004,0.00024
36410,1760,dhmix_1706969020375394315,605,EnthalpyOfMixing,<Substance C1CCOCC1{solv}{x=0.750000}|O=C1CCCC1{solv}{x=0.250000}>,C1CCOCC1,O=C1CCCC1,smee-spice2-systematic-torsion-generation_constrained-linear,2,0.1100893005122713,0.0396681362565686,0.12811,0.000895
36411,1761,dens_337077748334497354,606,Density,<Substance CN1CCCCC1{solv}{x=0.245200}|O{solv}{x=0.754800}>,CN1CCCCC1,O,smee-spice2-systematic-torsion-generation_constrained-linear,2,0.9000065056136879,0.0003353264602836,0.9038110000000004,9.700000000000004e-05
36412,1762,dens_1619467922469494964,607,Density,<Substance CN1CCCCC1{solv}{x=0.790700}|O{solv}{x=0.209300}>,CN1CCCCC1,O,smee-spice2-systematic-torsion-generation_constrained-linear,2,0.8560212608971771,0.0002231120028367,0.8260470000000002,0.000108
36413,1763,dens_1725290505257505407,608,Density,<Substance CN1CCCCC1{solv}{x=0.505000}|O{solv}{x=0.495000}>,CN1CCCCC1,O,smee-spice2-systematic-torsion-generation_constrained-linear,2,0.8731544845486789,0.0002414245882432,0.8581580000000002,9.450000000000002e-05
36414,1764,dhmix_344305070199657817,609,EnthalpyOfMixing,<Substance CC(C)CC(C)(C)C{solv}{x=0.200300}|CCCO{solv}{x=0.799700}>,CC(C)CC(C)(C)C,CCCO,smee-spice2-systematic-torsion-generation_constrained-linear,2,0.4460519948167842,0.045034069384297,0.308,0.0055
36415,1765,dens_1020839744665732433,610,Density,<Substance CC(C)CC(C)(C)C{solv}{x=0.200100}|CCCO{solv}{x=0.799900}>,CC(C)CC(C)(C)C,CCCO,smee-spice2-systematic-torsion-generation_constrained-linear,2,0.768129135864753,0.0001930844087673,0.7589500000000002,0.00029
36416,1766,dens_1348847431810734601,611,Density,<Substance CC(C)CC(C)(C)C{solv}{x=0.700000}|CCCO{solv}{x=0.300000}>,CC(C)CC(C)(C)C,CCCO,smee-spice2-systematic-torsion-generation_constrained-linear,2,0.7238780121279836,0.0002266673132364,0.7046500000000001,0.00028
36417,1767,dhmix_1376194238727172922,612,EnthalpyOfMixing,<Substance CC(C)CC(C)(C)C{solv}{x=0.499800}|CCCO{solv}{x=0.500200}>,CC(C)CC(C)(C)C,CCCO,smee-spice2-systematic-torsion-generation_constrained-linear,2,0.6383373065510369,0.0400568734458014,0.6025,0.0027
36418,1768,dhmix_1868873434415785592,613,EnthalpyOfMixing,<Substance CC(C)CC(C)(C)C{solv}{x=0.699900}|CCCO{solv}{x=0.300100}>,CC(C)CC(C)(C)C,CCCO,smee-spice2-systematic-torsion-generation_constrained-linear,2,0.8942273204972224,0.0455722553416395,0.6544,0.0029
36419,1769,dens_1870552320710773195,614,Density,<Substance CC(C)CC(C)(C)C{solv}{x=0.500000}|CCCO{solv}{x=0.500000}>,CC(C)CC(C)(C)C,CCCO,smee-spice2-systematic-torsion-generation_constrained-linear,2,0.7375264380619542,0.0002281058971733,0.7214400000000002,0.00028
36420,1770,dens_344701479262570906,615,Density,<Substance C1CCOCC1{solv}{x=0.246100}|Cc1cccnc1{solv}{x=0.753900}>,C1CCOCC1,Cc1cccnc1,smee-spice2-systematic-torsion-generation_constrained-linear,2,0.9380214847614212,0.0002567647547576,0.9348570000000002,0.0004915
36421,1771,dhmix_772935681699310364,616,EnthalpyOfMixing,<Substance C1CCOCC1{solv}{x=0.480300}|Cc1cccnc1{solv}{x=0.519700}>,C1CCOCC1,Cc1cccnc1,smee-spice2-systematic-torsion-generation_constrained-linear,2,0.0226395820969145,0.033650137151479,0.1271,0.00115
36422,1772,dens_1179184695460672925,617,Density,<Substance C1CCOCC1{solv}{x=0.756800}|Cc1cccnc1{solv}{x=0.243200}>,C1CCOCC1,Cc1cccnc1,smee-spice2-systematic-torsion-generation_constrained-linear,2,0.9002302276683583,0.0001895567072601,0.8976640000000002,0.0004655
36423,1773,dens_1273033541520518804,618,Density,<Substance C1CCOCC1{solv}{x=0.482700}|Cc1cccnc1{solv}{x=0.517300}>,C1CCOCC1,Cc1cccnc1,smee-spice2-systematic-torsion-generation_constrained-linear,2,0.9203468215614984,0.0002300458612761,0.9179640000000002,0.00048
36424,1774,dhmix_1594947441282636711,619,EnthalpyOfMixing,<Substance C1CCOCC1{solv}{x=0.735500}|Cc1cccnc1{solv}{x=0.264500}>,C1CCOCC1,Cc1cccnc1,smee-spice2-systematic-torsion-generation_constrained-linear,2,0.0682091838145311,0.0406035721456686,0.0924,0.00095
36425,1775,dhmix_2075643137470349800,620,EnthalpyOfMixing,<Substance C1CCOCC1{solv}{x=0.273200}|Cc1cccnc1{solv}{x=0.726800}>,C1CCOCC1,Cc1cccnc1,smee-spice2-systematic-torsion-generation_constrained-linear,2,-0.0171161587842831,0.0420442371164759,0.1036,0.001
36426,1776,dhmix_346841872844739570,621,EnthalpyOfMixing,<Substance CC#N{solv}{x=0.700700}|CCOC(C)(C)C{solv}{x=0.299300}>,CC#N,CCOC(C)(C)C,smee-spice2-systematic-torsion-generation_constrained-linear,2,0.1951153936721703,0.03378715288343,0.6176,0.0084
36427,1777,dhmix_840136828933604757,622,EnthalpyOfMixing,<Substance CC#N{solv}{x=0.199000}|CCOC(C)(C)C{solv}{x=0.801000}>,CC#N,CCOC(C)(C)C,smee-spice2-systematic-torsion-generation_constrained-linear,2,0.2170874742571698,0.045215835851675,0.4418,0.006
36428,1778,dhmix_1934525864391020215,623,EnthalpyOfMixing,<Substance CC#N{solv}{x=0.501600}|CCOC(C)(C)C{solv}{x=0.498400}>,CC#N,CCOC(C)(C)C,smee-spice2-systematic-torsion-generation_constrained-linear,2,0.2522202233757014,0.0386492992121854,0.7098,0.00965
36429,1779,dens_1954735606040559695,624,Density,<Substance CC#N{solv}{x=0.700700}|CCOC(C)(C)C{solv}{x=0.299300}>,CC#N,CCOC(C)(C)C,smee-spice2-systematic-torsion-generation_constrained-linear,2,0.7708443612317549,0.0002490971387132,0.7595000000000002,0.00045
36430,1780,dens_2173310521496796694,625,Density,<Substance CC#N{solv}{x=0.501600}|CCOC(C)(C)C{solv}{x=0.498400}>,CC#N,CCOC(C)(C)C,smee-spice2-systematic-torsion-generation_constrained-linear,2,0.7672740302560006,0.0002215145572229,0.7510000000000002,0.00035
36431,1781,dens_2235331649530959984,626,Density,<Substance CC#N{solv}{x=0.199000}|CCOC(C)(C)C{solv}{x=0.801000}>,CC#N,CCOC(C)(C)C,smee-spice2-systematic-torsion-generation_constrained-linear,2,0.7608622250474822,0.0002185856204298,0.7408000000000001,0.00015
36432,1782,dhmix_355078149157572999,627,EnthalpyOfMixing,<Substance OCCOCCO{solv}{x=0.790600}|O{solv}{x=0.209400}>,O,OCCOCCO,smee-spice2-systematic-torsion-generation_constrained-linear,2,0.0799870378565685,0.044322323442412,-0.521,0.003
36433,1783,dhmix_514261244195159379,628,EnthalpyOfMixing,<Substance OCCOCCO{solv}{x=0.300400}|O{solv}{x=0.699600}>,O,OCCOCCO,smee-spice2-systematic-torsion-generation_constrained-linear,2,-0.1079240448715808,0.0330115686157358,-1.245,0.0065
36434,1784,dhmix_1512634639127890343,629,EnthalpyOfMixing,<Substance OCCOCCO{solv}{x=0.501000}|O{solv}{x=0.499000}>,O,OCCOCCO,smee-spice2-systematic-torsion-generation_constrained-linear,2,-0.2491822829182126,0.037958663533929,-1.149,0.0065
36435,1785,dens_1532732041743097130,630,Density,<Substance OCCOCCO{solv}{x=0.500600}|O{solv}{x=0.499400}>,O,OCCOCCO,smee-spice2-systematic-torsion-generation_constrained-linear,2,1.1124147337726125,0.0003025601268359,1.1070700000000002,0.00026
36436,1786,dens_1948924545926470959,631,Density,<Substance OCCOCCO{solv}{x=0.700300}|O{solv}{x=0.299700}>,O,OCCOCCO,smee-spice2-systematic-torsion-generation_constrained-linear,2,1.122630063549079,0.0002436860844592,1.1111900000000003,0.000285
36437,1787,dens_2114974877291939954,632,Density,<Substance OCCOCCO{solv}{x=0.301000}|O{solv}{x=0.699000}>,O,OCCOCCO,smee-spice2-systematic-torsion-generation_constrained-linear,2,1.0913334323261037,0.0002362309574942,1.0958900000000005,0.000305
36438,1788,dhmix_355690558520209737,633,EnthalpyOfMixing,<Substance CC(C)CC(C)(C)C{solv}{x=0.774800}|CC(C)OC(C)C{solv}{x=0.225200}>,CC(C)CC(C)(C)C,CC(C)OC(C)C,smee-spice2-systematic-torsion-generation_constrained-linear,2,0.3215125349491643,0.0442286594404744,0.132161,0.001556
36439,1789,dens_706481868145479619,634,Density,<Substance CC(C)CC(C)(C)C{solv}{x=0.250000}|CC(C)OC(C)C{solv}{x=0.750000}>,CC(C)CC(C)(C)C,CC(C)OC(C)C,smee-spice2-systematic-torsion-generation_constrained-linear,2,0.7324841181263939,0.0001912667112177,0.7090800000000002,0.000155
36440,1790,dens_960755156711549154,635,Density,<Substance CC(C)CC(C)(C)C{solv}{x=0.750000}|CC(C)OC(C)C{solv}{x=0.250000}>,CC(C)CC(C)(C)C,CC(C)OC(C)C,smee-spice2-systematic-torsion-generation_constrained-linear,2,0.716934955652863,0.000221815126052,0.6937500000000002,0.000155
36441,1791,dens_1165117582450092341,636,Density,<Substance CC(C)CC(C)(C)C{solv}{x=0.500900}|CC(C)OC(C)C{solv}{x=0.499100}>,CC(C)CC(C)(C)C,CC(C)OC(C)C,smee-spice2-systematic-torsion-generation_constrained-linear,2,0.724097930661764,0.000196580502911,0.7005900000000002,0.000105
36442,1792,dhmix_1819714300540494359,637,EnthalpyOfMixing,<Substance CC(C)CC(C)(C)C{solv}{x=0.512500}|CC(C)OC(C)C{solv}{x=0.487500}>,CC(C)CC(C)(C)C,CC(C)OC(C)C,smee-spice2-systematic-torsion-generation_constrained-linear,2,0.3917042757799009,0.0379917859410133,0.197047,0.002233
36443,1793,dhmix_2031984064821599856,638,EnthalpyOfMixing,<Substance CC(C)CC(C)(C)C{solv}{x=0.269300}|CC(C)OC(C)C{solv}{x=0.730700}>,CC(C)CC(C)(C)C,CC(C)OC(C)C,smee-spice2-systematic-torsion-generation_constrained-linear,2,0.3291914282604438,0.0392468532562709,0.158983,0.0018345
36444,1794,dens_357198687829738077,639,Density,<Substance C1CCOCC1{solv}{x=0.223500}|CCCCCC(C)=O{solv}{x=0.776500}>,C1CCOCC1,CCCCCC(C)=O,smee-spice2-systematic-torsion-generation_constrained-linear,2,0.8141950427664123,0.0001886284609521,0.8221200000000002,0.000375
36445,1795,dens_1074719884132299485,640,Density,<Substance C1CCOCC1{solv}{x=0.516600}|CCCCCC(C)=O{solv}{x=0.483400}>,C1CCOCC1,CCCCCC(C)=O,smee-spice2-systematic-torsion-generation_constrained-linear,2,0.8343707433025143,0.0002084634215026,0.8396100000000002,0.00032
36446,1796,dens_1427208283653313137,641,Density,<Substance C1CCOCC1{solv}{x=0.710100}|CCCCCC(C)=O{solv}{x=0.289900}>,C1CCOCC1,CCCCCC(C)=O,smee-spice2-systematic-torsion-generation_constrained-linear,2,0.8504283239126194,0.0002379462998278,0.8534200000000002,0.000285
36447,1797,dhmix_1485904869507380555,642,EnthalpyOfMixing,<Substance C1CCOCC1{solv}{x=0.500000}|CCCCCC(C)=O{solv}{x=0.500000}>,C1CCOCC1,CCCCCC(C)=O,smee-spice2-systematic-torsion-generation_constrained-linear,2,0.1955374027734961,0.0433166259209576,0.05773,0.000615
36448,1798,dhmix_1931504734279468677,643,EnthalpyOfMixing,<Substance C1CCOCC1{solv}{x=0.250000}|CCCCCC(C)=O{solv}{x=0.750000}>,C1CCOCC1,CCCCCC(C)=O,smee-spice2-systematic-torsion-generation_constrained-linear,2,0.1162880258479255,0.0497201921788514,0.03429,0.00053
36449,1799,dhmix_2296263041755700053,644,EnthalpyOfMixing,<Substance C1CCOCC1{solv}{x=0.750000}|CCCCCC(C)=O{solv}{x=0.250000}>,C1CCOCC1,CCCCCC(C)=O,smee-spice2-systematic-torsion-generation_constrained-linear,2,0.1802498485863424,0.0465744112229309,0.05587,0.00061
36450,1800,dhmix_357499987240135169,645,EnthalpyOfMixing,<Substance CCCCC{solv}{x=0.772700}|CCCCOC=O{solv}{x=0.227300}>,CCCCC,CCCCOC=O,smee-spice2-systematic-torsion-generation_constrained-linear,2,1.145795330126461,0.0347363170442731,0.87,0.004
36451,1801,dens_435201289177646286,646,Density,<Substance CCCCC{solv}{x=0.504200}|CCCCOC=O{solv}{x=0.495800}>,CCCCC,CCCCOC=O,smee-spice2-systematic-torsion-generation_constrained-linear,2,0.7571474370996139,0.0002546544055895,0.7523000000000001,0.00024
36452,1802,dens_635752291929824010,647,Density,<Substance CCCCC{solv}{x=0.699000}|CCCCOC=O{solv}{x=0.301000}>,CCCCC,CCCCOC=O,smee-spice2-systematic-torsion-generation_constrained-linear,2,0.6983423389999645,0.0002497684242805,0.6994600000000002,0.00018
36453,1803,dhmix_869493303716364153,648,EnthalpyOfMixing,<Substance CCCCC{solv}{x=0.490500}|CCCCOC=O{solv}{x=0.509500}>,CCCCC,CCCCOC=O,smee-spice2-systematic-torsion-generation_constrained-linear,2,1.3302464628630588,0.0436570857502108,0.959,0.004
36454,1804,dhmix_1188548276416925178,649,EnthalpyOfMixing,<Substance CCCCC{solv}{x=0.246000}|CCCCOC=O{solv}{x=0.754000}>,CCCCC,CCCCOC=O,smee-spice2-systematic-torsion-generation_constrained-linear,2,0.8775289666895958,0.0435858369573458,0.632,0.003
36455,1805,dens_1944800378076074966,650,Density,<Substance CCCCC{solv}{x=0.247100}|CCCCOC=O{solv}{x=0.752900}>,CCCCC,CCCCOC=O,smee-spice2-systematic-torsion-generation_constrained-linear,2,0.8342981542481717,0.0002284493197554,0.8221800000000001,0.000375
36456,1806,dhmix_357740737126275220,651,EnthalpyOfMixing,<Substance CC(=O)N(C)C{solv}{x=0.212000}|CCCCCl{solv}{x=0.788000}>,CC(=O)N(C)C,CCCCCl,smee-spice2-systematic-torsion-generation_constrained-linear,2,0.4172243164357212,0.0426929658604443,0.244,0.0025
36457,1807,dens_563556088097831353,652,Density,<Substance CC(=O)N(C)C{solv}{x=0.499000}|CCCCCl{solv}{x=0.501000}>,CC(=O)N(C)C,CCCCCl,smee-spice2-systematic-torsion-generation_constrained-linear,2,0.8892528928929085,0.0002457498968152,0.9081000000000002,0.0002
36458,1808,dens_1083232356130752567,653,Density,<Substance CC(=O)N(C)C{solv}{x=0.799700}|CCCCCl{solv}{x=0.200300}>,CC(=O)N(C)C,CCCCCl,smee-spice2-systematic-torsion-generation_constrained-linear,2,0.8993947703815043,0.0002363232891571,0.9247000000000004,0.0002
36459,1809,dhmix_1487887746912587509,654,EnthalpyOfMixing,<Substance CC(=O)N(C)C{solv}{x=0.708000}|CCCCCl{solv}{x=0.292000}>,CC(=O)N(C)C,CCCCCl,smee-spice2-systematic-torsion-generation_constrained-linear,2,0.4107445853636164,0.0429279398633084,0.305,0.0025
36460,1810,dens_1662749398344255132,655,Density,<Substance CC(=O)N(C)C{solv}{x=0.210500}|CCCCCl{solv}{x=0.789500}>,CC(=O)N(C)C,CCCCCl,smee-spice2-systematic-torsion-generation_constrained-linear,2,0.876509627709542,0.0002677065161187,0.8918000000000001,0.0002
36461,1811,dhmix_2085343422065298965,656,EnthalpyOfMixing,<Substance CC(=O)N(C)C{solv}{x=0.511000}|CCCCCl{solv}{x=0.489000}>,CC(=O)N(C)C,CCCCCl,smee-spice2-systematic-torsion-generation_constrained-linear,2,0.5546852860281994,0.0416332056744404,0.363,0.0025
36462,1812,dhmix_359626193748497849,657,EnthalpyOfMixing,<Substance C1CCOCC1{solv}{x=0.750000}|O=C1CCCCC1{solv}{x=0.250000}>,C1CCOCC1,O=C1CCCCC1,smee-spice2-systematic-torsion-generation_constrained-linear,2,0.0764838477129927,0.0432584020812206,0.07698,0.00069
36463,1813,dhmix_709905971434026360,658,EnthalpyOfMixing,<Substance C1CCOCC1{solv}{x=0.250000}|O=C1CCCCC1{solv}{x=0.750000}>,C1CCOCC1,O=C1CCCCC1,smee-spice2-systematic-torsion-generation_constrained-linear,2,0.052788907074639,0.0460356594298104,0.05827,0.00062
36464,1814,dens_996263306280392228,659,Density,<Substance C1CCOCC1{solv}{x=0.500900}|O=C1CCCCC1{solv}{x=0.499100}>,C1CCOCC1,O=C1CCCCC1,smee-spice2-systematic-torsion-generation_constrained-linear,2,0.905271685162843,0.0002430827282495,0.9160300000000002,0.000505
36465,1815,dens_1296485655493191092,660,Density,<Substance C1CCOCC1{solv}{x=0.247100}|O=C1CCCCC1{solv}{x=0.752900}>,C1CCOCC1,O=C1CCCCC1,smee-spice2-systematic-torsion-generation_constrained-linear,2,0.9166887823577649,0.0001892050670966,0.9305900000000004,0.000505
36466,1816,dhmix_1617652800437548554,661,EnthalpyOfMixing,<Substance C1CCOCC1{solv}{x=0.500000}|O=C1CCCCC1{solv}{x=0.500000}>,C1CCOCC1,O=C1CCCCC1,smee-spice2-systematic-torsion-generation_constrained-linear,2,0.0711727588592339,0.0429070088288663,0.08658,0.000725
36467,1817,dens_2134919398794801459,662,Density,<Substance C1CCOCC1{solv}{x=0.738900}|O=C1CCCCC1{solv}{x=0.261100}>,C1CCOCC1,O=C1CCCCC1,smee-spice2-systematic-torsion-generation_constrained-linear,2,0.8939773666212061,0.0002350857112292,0.9000800000000002,0.000505
36468,1818,dens_371429494256072686,663,Density,<Substance COC=O{solv}{x=0.513800}|ClCCCCl{solv}{x=0.486200}>,COC=O,ClCCCCl,smee-spice2-systematic-torsion-generation_constrained-linear,2,1.0972894621101112,0.0003389014402737,1.08831,0.00025
36469,1819,dens_416463243686186519,664,Density,<Substance COC=O{solv}{x=0.738400}|ClCCCCl{solv}{x=0.261600}>,COC=O,ClCCCCl,smee-spice2-systematic-torsion-generation_constrained-linear,2,1.057248041525041,0.0004039231504854,1.03754,0.0002
36470,1820,dhmix_573570621261992547,665,EnthalpyOfMixing,<Substance COC=O{solv}{x=0.767400}|ClCCCCl{solv}{x=0.232600}>,COC=O,ClCCCCl,smee-spice2-systematic-torsion-generation_constrained-linear,2,0.6105325563908028,0.0287768193543103,0.2841,0.0015
36471,1821,dens_1665007650151393058,666,Density,<Substance COC=O{solv}{x=0.244000}|ClCCCCl{solv}{x=0.756000}>,COC=O,ClCCCCl,smee-spice2-systematic-torsion-generation_constrained-linear,2,1.1387652366168974,0.0004050646033444,1.1395000000000002,0.0003
36472,1822,dhmix_2050640017895200777,667,EnthalpyOfMixing,<Substance COC=O{solv}{x=0.502400}|ClCCCCl{solv}{x=0.497600}>,COC=O,ClCCCCl,smee-spice2-systematic-torsion-generation_constrained-linear,2,0.749413868820179,0.0340906288105527,0.3503,0.00175
36473,1823,dhmix_2121310957223924646,668,EnthalpyOfMixing,<Substance COC=O{solv}{x=0.202400}|ClCCCCl{solv}{x=0.797600}>,COC=O,ClCCCCl,smee-spice2-systematic-torsion-generation_constrained-linear,2,0.4971596053782718,0.0396110994992952,0.2064,0.0012
36474,1824,dens_380799246642881225,669,Density,<Substance Cc1ccncc1{solv}{x=0.500000}|O{solv}{x=0.500000}>,Cc1ccncc1,O,smee-spice2-systematic-torsion-generation_constrained-linear,2,0.9620542564704292,0.000313716804017,0.9704000000000004,0.0005
36475,1825,dens_1024460369591354985,670,Density,<Substance Cc1ccncc1{solv}{x=0.225000}|O{solv}{x=0.775000}>,Cc1ccncc1,O,smee-spice2-systematic-torsion-generation_constrained-linear,2,0.9658522588694596,0.0004131837808679,0.9848000000000002,0.0004
36476,1826,dens_1867704914487230306,671,Density,<Substance Cc1ccncc1{solv}{x=0.750000}|O{solv}{x=0.250000}>,Cc1ccncc1,O,smee-spice2-systematic-torsion-generation_constrained-linear,2,0.9605545469103064,0.000247419653995,0.9614000000000004,0.0004
36477,1827,dhmix_396839331496923568,672,EnthalpyOfMixing,<Substance CCCOC(=O)CC{solv}{x=0.237600}|ClCCCl{solv}{x=0.762400}>,CCCOC(=O)CC,ClCCCl,smee-spice2-systematic-torsion-generation_constrained-linear,2,-0.3205122204807296,0.0328421124692354,-0.317,0.0035
36478,1828,dens_1025242301432619836,673,Density,<Substance CCCOC(=O)CC{solv}{x=0.518800}|ClCCCl{solv}{x=0.481200}>,CCCOC(=O)CC,ClCCCl,smee-spice2-systematic-torsion-generation_constrained-linear,2,1.0090924567009425,0.0002692428729676,1.0064000000000002,0.000905
36479,1829,dens_1654149510571748883,674,Density,<Substance CCCOC(=O)CC{solv}{x=0.731600}|ClCCCl{solv}{x=0.268400}>,CCCOC(=O)CC,ClCCCl,smee-spice2-systematic-torsion-generation_constrained-linear,2,0.94585783603788,0.0002670472655697,0.9416300000000002,0.00041
36480,1830,dens_1804016971158746429,675,Density,<Substance CCCOC(=O)CC{solv}{x=0.243700}|ClCCCl{solv}{x=0.756300}>,CCCOC(=O)CC,ClCCCl,smee-spice2-systematic-torsion-generation_constrained-linear,2,1.1105867857348366,0.0003144481520437,1.11431,0.002155
36481,1831,dhmix_1840109043188951916,676,EnthalpyOfMixing,<Substance CCCOC(=O)CC{solv}{x=0.517700}|ClCCCl{solv}{x=0.482300}>,CCCOC(=O)CC,ClCCCl,smee-spice2-systematic-torsion-generation_constrained-linear,2,-0.5326812611161635,0.0409740981270559,-0.557,0.006
36482,1832,dhmix_1924188358781329171,677,EnthalpyOfMixing,<Substance CCCOC(=O)CC{solv}{x=0.787400}|ClCCCl{solv}{x=0.212600}>,CCCOC(=O)CC,ClCCCl,smee-spice2-systematic-torsion-generation_constrained-linear,2,-0.3574478250704895,0.0387747154223693,-0.357,0.004
36483,1833,dhmix_408170436877433675,678,EnthalpyOfMixing,<Substance CCCCC{solv}{x=0.229800}|CCOC=O{solv}{x=0.770200}>,CCCCC,CCOC=O,smee-spice2-systematic-torsion-generation_constrained-linear,2,1.254133415350113,0.0315528974090526,1.016,0.0045
36484,1834,dens_1159257310358090227,679,Density,<Substance CCCCC{solv}{x=0.748000}|CCOC=O{solv}{x=0.252000}>,CCCCC,CCOC=O,smee-spice2-systematic-torsion-generation_constrained-linear,2,0.6689563667552917,0.0002613798747939,0.6707000000000002,0.000165
36485,1835,dhmix_1897634982824334825,680,EnthalpyOfMixing,<Substance CCCCC{solv}{x=0.500100}|CCOC=O{solv}{x=0.499900}>,CCCCC,CCOC=O,smee-spice2-systematic-torsion-generation_constrained-linear,2,1.7689552761493132,0.0375753021453151,1.354,0.0055
36486,1836,dens_1931965346092446599,681,Density,<Substance CCCCC{solv}{x=0.504000}|CCOC=O{solv}{x=0.496000}>,CCCCC,CCOC=O,smee-spice2-systematic-torsion-generation_constrained-linear,2,0.7428547804509817,0.0002865621260008,0.7333000000000002,0.00024
36487,1837,dens_2086304425324215507,682,Density,<Substance CCCCC{solv}{x=0.298000}|CCOC=O{solv}{x=0.702000}>,CCCCC,CCOC=O,smee-spice2-systematic-torsion-generation_constrained-linear,2,0.8169710606166682,0.0002575964160753,0.7971000000000003,0.000345
36488,1838,dhmix_2117998354372981576,683,EnthalpyOfMixing,<Substance CCCCC{solv}{x=0.777900}|CCOC=O{solv}{x=0.222100}>,CCCCC,CCOC=O,smee-spice2-systematic-torsion-generation_constrained-linear,2,1.3558763351415593,0.0454359267526581,1.051,0.0045
36489,1839,dens_415189671276159712,684,Density,<Substance NCCO{solv}{x=0.785350}|c1ccncc1{solv}{x=0.214650}>,NCCO,c1ccncc1,smee-spice2-systematic-torsion-generation_constrained-linear,2,1.058366649797188,0.0002519053987146,1.002592,0.000101
36490,1840,dhmix_607563797490786343,685,EnthalpyOfMixing,<Substance NCCO{solv}{x=0.559360}|c1ccncc1{solv}{x=0.440640}>,NCCO,c1ccncc1,smee-spice2-systematic-torsion-generation_constrained-linear,2,0.8150640864204775,0.0354585309820434,0.824,0.0035
36491,1841,dhmix_783614050589043390,686,EnthalpyOfMixing,<Substance NCCO{solv}{x=0.248120}|c1ccncc1{solv}{x=0.751880}>,NCCO,c1ccncc1,smee-spice2-systematic-torsion-generation_constrained-linear,2,0.9088428141829256,0.032816265050879,0.779,0.0035
36492,1842,dens_907288549206652702,687,Density,<Substance NCCO{solv}{x=0.558640}|c1ccncc1{solv}{x=0.441360}>,NCCO,c1ccncc1,smee-spice2-systematic-torsion-generation_constrained-linear,2,1.0353600393063884,0.0002181293720872,0.9936870000000002,0.0001015
36493,1843,dhmix_1092036220949585875,688,EnthalpyOfMixing,<Substance NCCO{solv}{x=0.746780}|c1ccncc1{solv}{x=0.253220}>,NCCO,c1ccncc1,smee-spice2-systematic-torsion-generation_constrained-linear,2,0.5340033584564594,0.0390620763634199,0.612,0.003
36494,1844,dens_2278246591298089898,689,Density,<Substance NCCO{solv}{x=0.210010}|c1ccncc1{solv}{x=0.789990}>,NCCO,c1ccncc1,smee-spice2-systematic-torsion-generation_constrained-linear,2,1.006687185357644,0.0002823511082316,0.9825660000000004,0.0001015
36495,1845,dens_419188249264987147,690,Density,<Substance CCCCC(=O)OCC{solv}{x=0.492100}|CCOC(C)=O{solv}{x=0.507900}>,CCCCC(=O)OCC,CCOC(C)=O,smee-spice2-systematic-torsion-generation_constrained-linear,2,0.8884518073942674,0.0002006959717124,0.8787300000000002,0.00012
36496,1846,dens_667714041205021070,691,Density,<Substance CCCCC(=O)OCC{solv}{x=0.304700}|CCOC(C)=O{solv}{x=0.695300}>,CCCCC(=O)OCC,CCOC(C)=O,smee-spice2-systematic-torsion-generation_constrained-linear,2,0.8945892536706727,0.000251369263862,0.8836400000000002,0.00012
36497,1847,dhmix_1137774316856842141,692,EnthalpyOfMixing,<Substance CCCCC(=O)OCC{solv}{x=0.737600}|CCOC(C)=O{solv}{x=0.262400}>,CCCCC(=O)OCC,CCOC(C)=O,smee-spice2-systematic-torsion-generation_constrained-linear,2,0.0031915114231182,0.0562920275976285,0.114,0.0015
36498,1848,dhmix_1322441082145072072,693,EnthalpyOfMixing,<Substance CCCCC(=O)OCC{solv}{x=0.279900}|CCOC(C)=O{solv}{x=0.720100}>,CCCCC(=O)OCC,CCOC(C)=O,smee-spice2-systematic-torsion-generation_constrained-linear,2,0.0292278784229438,0.0417808750332346,0.139,0.0015
36499,1849,dens_1682638395920841051,694,Density,<Substance CCCCC(=O)OCC{solv}{x=0.752600}|CCOC(C)=O{solv}{x=0.247400}>,CCCCC(=O)OCC,CCOC(C)=O,smee-spice2-systematic-torsion-generation_constrained-linear,2,0.8816303287526059,0.0002219480298657,0.8732900000000001,0.00012
36500,1850,dhmix_2161842751879945948,695,EnthalpyOfMixing,<Substance CCCCC(=O)OCC{solv}{x=0.519800}|CCOC(C)=O{solv}{x=0.480200}>,CCCCC(=O)OCC,CCOC(C)=O,smee-spice2-systematic-torsion-generation_constrained-linear,2,0.1020139604193985,0.0445994082679411,0.154,0.002
36501,1851,dhmix_419593950323214290,696,EnthalpyOfMixing,<Substance CCCCCC(C)=O{solv}{x=0.780400}|CCN(CC)CC{solv}{x=0.219600}>,CCCCCC(C)=O,CCN(CC)CC,smee-spice2-systematic-torsion-generation_constrained-linear,2,-0.0016471568151541,0.0478405118267386,0.216,0.0025
36502,1852,dens_651921010645567431,697,Density,<Substance CCCCCC(C)=O{solv}{x=0.259800}|CCN(CC)CC{solv}{x=0.740200}>,CCCCCC(C)=O,CCN(CC)CC,smee-spice2-systematic-torsion-generation_constrained-linear,2,0.7577425085867031,0.0001814943616075,0.7465820000000002,8.950000000000002e-05
36503,1853,dens_995831511901627711,698,Density,<Substance CCCCCC(C)=O{solv}{x=0.748400}|CCN(CC)CC{solv}{x=0.251600}>,CCCCCC(C)=O,CCN(CC)CC,smee-spice2-systematic-torsion-generation_constrained-linear,2,0.7876202084627232,0.0002125773449697,0.7899410000000002,0.0001055
36504,1854,dhmix_1001984601109558110,699,EnthalpyOfMixing,<Substance CCCCCC(C)=O{solv}{x=0.492000}|CCN(CC)CC{solv}{x=0.508000}>,CCCCCC(C)=O,CCN(CC)CC,smee-spice2-systematic-torsion-generation_constrained-linear,2,0.1859674192259888,0.0511699270677956,0.419,0.0045
36505,1855,dens_1887829851815986883,700,Density,<Substance CCCCCC(C)=O{solv}{x=0.503200}|CCN(CC)CC{solv}{x=0.496800}>,CCCCCC(C)=O,CCN(CC)CC,smee-spice2-systematic-torsion-generation_constrained-linear,2,0.7730395095374788,0.0001975009828387,0.7684760000000002,9.800000000000002e-05
36506,1856,dhmix_2085744568401562111,701,EnthalpyOfMixing,<Substance CCCCCC(C)=O{solv}{x=0.293900}|CCN(CC)CC{solv}{x=0.706100}>,CCCCCC(C)=O,CCN(CC)CC,smee-spice2-systematic-torsion-generation_constrained-linear,2,0.2422897249517603,0.049954585146641,0.412,0.0045
36507,1857,dens_436049638479549968,702,Density,<Substance COC=O{solv}{x=0.472500}|ClCCCl{solv}{x=0.527500}>,COC=O,ClCCCl,smee-spice2-systematic-torsion-generation_constrained-linear,2,1.1358339355160212,0.000410517083772,1.1269600000000004,0.000285
36508,1858,dens_627145458965592302,703,Density,<Substance COC=O{solv}{x=0.753000}|ClCCCl{solv}{x=0.247000}>,COC=O,ClCCCl,smee-spice2-systematic-torsion-generation_constrained-linear,2,1.067727641702206,0.0003413489160263,1.0461600000000004,0.000205
36509,1859,dhmix_731680623269260416,704,EnthalpyOfMixing,<Substance COC=O{solv}{x=0.250800}|ClCCCl{solv}{x=0.749200}>,COC=O,ClCCCl,smee-spice2-systematic-torsion-generation_constrained-linear,2,0.2979490301517629,0.033159382162649,0.0793,0.0007
36510,1860,dens_1488543630772933598,705,Density,<Substance COC=O{solv}{x=0.279500}|ClCCCl{solv}{x=0.720500}>,COC=O,ClCCCl,smee-spice2-systematic-torsion-generation_constrained-linear,2,1.176554182882393,0.0004018291646396,1.1777100000000005,0.00034
36511,1861,dhmix_2170321998768851974,706,EnthalpyOfMixing,<Substance COC=O{solv}{x=0.732200}|ClCCCl{solv}{x=0.267800}>,COC=O,ClCCCl,smee-spice2-systematic-torsion-generation_constrained-linear,2,0.3234510581030907,0.0322657158997382,0.0733,0.00065
36512,1862,dhmix_2249001225536869896,707,EnthalpyOfMixing,<Substance COC=O{solv}{x=0.487400}|ClCCCl{solv}{x=0.512600}>,COC=O,ClCCCl,smee-spice2-systematic-torsion-generation_constrained-linear,2,0.4695223895077447,0.0305992200415759,0.1028,0.0008
36513,1863,dhmix_442816374747487477,708,EnthalpyOfMixing,<Substance NCCCNCCCN{solv}{x=0.801500}|O{solv}{x=0.198500}>,NCCCNCCCN,O,smee-spice2-systematic-torsion-generation_constrained-linear,2,-2.0448217490326357,0.0566576592103199,-2.233,0.024
36514,1864,dhmix_1795382205757805615,709,EnthalpyOfMixing,<Substance NCCCNCCCN{solv}{x=0.300500}|O{solv}{x=0.699500}>,NCCCNCCCN,O,smee-spice2-systematic-torsion-generation_constrained-linear,2,-4.626527475153022,0.0436875239798402,-6.588,0.07
36515,1865,dhmix_1814950732748396893,710,EnthalpyOfMixing,<Substance NCCCNCCCN{solv}{x=0.499800}|O{solv}{x=0.500200}>,NCCCNCCCN,O,smee-spice2-systematic-torsion-generation_constrained-linear,2,-3.999761583519465,0.0420160961417542,-5.544,0.059
36516,1866,dhmix_446869196417408130,711,EnthalpyOfMixing,<Substance NCCNCCO{solv}{x=0.770000}|O{solv}{x=0.230000}>,NCCNCCO,O,smee-spice2-systematic-torsion-generation_constrained-linear,2,-1.6149087302196108,0.0410395144324816,-1.711,0.035
36517,1867,dhmix_673839467313503071,712,EnthalpyOfMixing,<Substance NCCNCCO{solv}{x=0.069900}|O{solv}{x=0.930100}>,NCCNCCO,O,smee-spice2-systematic-torsion-generation_constrained-linear,2,-0.5791530740066921,0.0212103945367007,-1.713,0.035
36518,1868,dens_688094438561771555,713,Density,<Substance NCCNCCO{solv}{x=0.799700}|O{solv}{x=0.200300}>,NCCNCCO,O,smee-spice2-systematic-torsion-generation_constrained-linear,2,1.1024534208864225,0.0001540005534309,1.0318300000000002,0.00024
36519,1869,dhmix_1682883323293489147,714,EnthalpyOfMixing,<Substance NCCNCCO{solv}{x=0.400100}|O{solv}{x=0.599900}>,NCCNCCO,O,smee-spice2-systematic-torsion-generation_constrained-linear,2,-1.815092205840884,0.0490787336708511,-4.15,0.0845
36520,1870,dens_2045176885611624977,715,Density,<Substance NCCNCCO{solv}{x=0.070000}|O{solv}{x=0.930000}>,NCCNCCO,O,smee-spice2-systematic-torsion-generation_constrained-linear,2,1.0270818137313118,0.0004986950976799,1.0222800000000003,0.000125
36521,1871,dens_2280714043292214506,716,Density,<Substance NCCNCCO{solv}{x=0.399700}|O{solv}{x=0.600300}>,NCCNCCO,O,smee-spice2-systematic-torsion-generation_constrained-linear,2,1.0785846279840894,0.0004044205340063,1.0370100000000002,0.00017
36522,1872,dens_448105363780466270,717,Density,<Substance CCCCCCCl{solv}{x=0.498300}|CN(C)C=O{solv}{x=0.501700}>,CCCCCCCl,CN(C)C=O,smee-spice2-systematic-torsion-generation_constrained-linear,2,0.8891293035577605,0.0001641522453993,0.8974000000000002,0.0003
36523,1873,dens_1134260732394863277,718,Density,<Substance CCCCCCCl{solv}{x=0.729300}|CN(C)C=O{solv}{x=0.270700}>,CCCCCCCl,CN(C)C=O,smee-spice2-systematic-torsion-generation_constrained-linear,2,0.8785770299494681,0.0002468112846162,0.8844000000000002,0.0003
36524,1874,dhmix_1150917243327149472,719,EnthalpyOfMixing,<Substance CCCCCCCl{solv}{x=0.500000}|CN(C)C=O{solv}{x=0.500000}>,CCCCCCCl,CN(C)C=O,smee-spice2-systematic-torsion-generation_constrained-linear,2,1.1662951863964182,0.0395835359599581,0.847,0.004
36525,1875,dhmix_1166656674614639609,720,EnthalpyOfMixing,<Substance CCCCCCCl{solv}{x=0.204000}|CN(C)C=O{solv}{x=0.796000}>,CCCCCCCl,CN(C)C=O,smee-spice2-systematic-torsion-generation_constrained-linear,2,0.7304383328981032,0.0411112917215005,0.583,0.004
36526,1876,dhmix_1262474968830454367,721,EnthalpyOfMixing,<Substance CCCCCCCl{solv}{x=0.795000}|CN(C)C=O{solv}{x=0.205000}>,CCCCCCCl,CN(C)C=O,smee-spice2-systematic-torsion-generation_constrained-linear,2,0.7819837676052401,0.0469463679185172,0.542,0.0035
36527,1877,dens_1862934255267356180,722,Density,<Substance CCCCCCCl{solv}{x=0.200700}|CN(C)C=O{solv}{x=0.799300}>,CCCCCCCl,CN(C)C=O,smee-spice2-systematic-torsion-generation_constrained-linear,2,0.9077555870209042,0.0002584876387564,0.9218000000000002,0.00025
36528,1878,dhmix_457000181442392641,723,EnthalpyOfMixing,<Substance CCOCCO{solv}{x=0.241100}|c1ccccc1{solv}{x=0.758900}>,CCOCCO,c1ccccc1,smee-spice2-systematic-torsion-generation_constrained-linear,2,0.64458018782463,0.0334440547306929,0.6303,0.00815
36529,1879,dhmix_501726034520661035,724,EnthalpyOfMixing,<Substance CCOCCO{solv}{x=0.733600}|c1ccccc1{solv}{x=0.266400}>,CCOCCO,c1ccccc1,smee-spice2-systematic-torsion-generation_constrained-linear,2,0.3449679813802788,0.0390252336138954,0.2326,0.0033
36530,1880,dens_577983044895299238,725,Density,<Substance CCOCCO{solv}{x=0.251800}|c1ccccc1{solv}{x=0.748200}>,CCOCCO,c1ccccc1,smee-spice2-systematic-torsion-generation_constrained-linear,2,0.8872173667558136,0.0002980463374328,0.8849000000000002,0.00081
36531,1881,dens_1506946378386070831,726,Density,<Substance CCOCCO{solv}{x=0.750800}|c1ccccc1{solv}{x=0.249200}>,CCOCCO,c1ccccc1,smee-spice2-systematic-torsion-generation_constrained-linear,2,0.9189169002078892,0.0001678956170672,0.9134500000000004,0.000685
36532,1882,dhmix_1801594081157333975,727,EnthalpyOfMixing,<Substance CCOCCO{solv}{x=0.478600}|c1ccccc1{solv}{x=0.521400}>,CCOCCO,c1ccccc1,smee-spice2-systematic-torsion-generation_constrained-linear,2,0.6096224202120766,0.0419239167002356,0.4912,0.00645
36533,1883,dens_2128846755225827916,728,Density,<Substance CCOCCO{solv}{x=0.504800}|c1ccccc1{solv}{x=0.495200}>,CCOCCO,c1ccccc1,smee-spice2-systematic-torsion-generation_constrained-linear,2,0.9032232278045282,0.0001828553501401,0.8995700000000003,0.000745
36534,1884,dhmix_466383569529620932,729,EnthalpyOfMixing,<Substance CC(=O)N(C)C{solv}{x=0.505000}|CCCCCCCl{solv}{x=0.495000}>,CC(=O)N(C)C,CCCCCCCl,smee-spice2-systematic-torsion-generation_constrained-linear,2,0.7220721414271587,0.0385900667448124,0.61,0.003
36535,1885,dhmix_493694362228351572,730,EnthalpyOfMixing,<Substance CC(=O)N(C)C{solv}{x=0.798000}|CCCCCCCl{solv}{x=0.202000}>,CC(=O)N(C)C,CCCCCCCl,smee-spice2-systematic-torsion-generation_constrained-linear,2,0.4615545735239976,0.0418978515061217,0.425,0.003
36536,1886,dhmix_626564461179097700,731,EnthalpyOfMixing,<Substance CC(=O)N(C)C{solv}{x=0.211000}|CCCCCCCl{solv}{x=0.789000}>,CC(=O)N(C)C,CCCCCCCl,smee-spice2-systematic-torsion-generation_constrained-linear,2,0.4274350839139913,0.0498577779672795,0.38,0.003
36537,1887,dens_1720641323575133011,732,Density,<Substance CC(=O)N(C)C{solv}{x=0.200300}|CCCCCCCl{solv}{x=0.799700}>,CC(=O)N(C)C,CCCCCCCl,smee-spice2-systematic-torsion-generation_constrained-linear,2,0.87462923454613,0.0001808404651109,0.8816000000000003,0.00025
36538,1888,dens_1817345990638851984,733,Density,<Substance CC(=O)N(C)C{solv}{x=0.503000}|CCCCCCCl{solv}{x=0.497000}>,CC(=O)N(C)C,CCCCCCCl,smee-spice2-systematic-torsion-generation_constrained-linear,2,0.8844289759989713,0.0002264605636667,0.8975000000000002,0.00025
36539,1889,dens_1885054129776339889,734,Density,<Substance CC(=O)N(C)C{solv}{x=0.699200}|CCCCCCCl{solv}{x=0.300800}>,CC(=O)N(C)C,CCCCCCCl,smee-spice2-systematic-torsion-generation_constrained-linear,2,0.891796999497624,0.0002412414169214,0.9104000000000002,0.0002
36540,1890,dens_468507243072548580,735,Density,<Substance CCC#N{solv}{x=0.701200}|CCOC(C)(C)CC{solv}{x=0.298800}>,CCC#N,CCOC(C)(C)CC,smee-spice2-systematic-torsion-generation_constrained-linear,2,0.7796037504130143,0.0002670450995456,0.7715000000000002,0.0004
36541,1891,dhmix_553135124490085656,736,EnthalpyOfMixing,<Substance CCC#N{solv}{x=0.502500}|CCOC(C)(C)CC{solv}{x=0.497500}>,CCC#N,CCOC(C)(C)CC,smee-spice2-systematic-torsion-generation_constrained-linear,2,0.3005265875455762,0.0399821043104203,0.7023,0.00955
36542,1892,dens_762108332272225600,737,Density,<Substance CCC#N{solv}{x=0.502500}|CCOC(C)(C)CC{solv}{x=0.497500}>,CCC#N,CCOC(C)(C)CC,smee-spice2-systematic-torsion-generation_constrained-linear,2,0.7771733089087808,0.0002317164287092,0.7683000000000001,0.00035
36543,1893,dens_967634241844220739,738,Density,<Substance CCC#N{solv}{x=0.200900}|CCOC(C)(C)CC{solv}{x=0.799100}>,CCC#N,CCOC(C)(C)CC,smee-spice2-systematic-torsion-generation_constrained-linear,2,0.7730211256557658,0.0002264853721267,0.7638000000000001,0.00025
36544,1894,dhmix_1961082112686431376,739,EnthalpyOfMixing,<Substance CCC#N{solv}{x=0.200900}|CCOC(C)(C)CC{solv}{x=0.799100}>,CCC#N,CCOC(C)(C)CC,smee-spice2-systematic-torsion-generation_constrained-linear,2,0.2367028945660934,0.0519113926165121,0.502,0.00685
36545,1895,dhmix_2005765786246998093,740,EnthalpyOfMixing,<Substance CCC#N{solv}{x=0.701200}|CCOC(C)(C)CC{solv}{x=0.298800}>,CCC#N,CCOC(C)(C)CC,smee-spice2-systematic-torsion-generation_constrained-linear,2,0.2940274443201573,0.0277047572194939,0.5863,0.008
36546,1896,dhmix_471514663464011364,741,EnthalpyOfMixing,<Substance C1CCOCC1{solv}{x=0.722000}|CCCCCO{solv}{x=0.278000}>,C1CCOCC1,CCCCCO,smee-spice2-systematic-torsion-generation_constrained-linear,2,1.0124766966739005,0.0447276533535474,0.8628,0.00745
36547,1897,dens_910343796235321484,742,Density,<Substance C1CCOCC1{solv}{x=0.298700}|CCCCCO{solv}{x=0.701300}>,C1CCOCC1,CCCCCO,smee-spice2-systematic-torsion-generation_constrained-linear,2,0.8297939146511699,0.00020325508766,0.8293300000000002,0.00034
36548,1898,dens_1812069868432416079,743,Density,<Substance C1CCOCC1{solv}{x=0.800000}|CCCCCO{solv}{x=0.200000}>,C1CCOCC1,CCCCCO,smee-spice2-systematic-torsion-generation_constrained-linear,2,0.8642194494605488,0.0002591288685572,0.8635900000000002,0.000315
36549,1899,dhmix_1936206883965149188,744,EnthalpyOfMixing,<Substance C1CCOCC1{solv}{x=0.526000}|CCCCCO{solv}{x=0.474000}>,C1CCOCC1,CCCCCO,smee-spice2-systematic-torsion-generation_constrained-linear,2,1.068763651231393,0.0378841697253598,0.97,0.00615
36550,1900,dhmix_1992318015190346725,745,EnthalpyOfMixing,<Substance C1CCOCC1{solv}{x=0.217000}|CCCCCO{solv}{x=0.783000}>,C1CCOCC1,CCCCCO,smee-spice2-systematic-torsion-generation_constrained-linear,2,0.7439884745001848,0.0488721005013926,0.6006,0.00455
36551,1901,dens_2204330198012032768,746,Density,<Substance C1CCOCC1{solv}{x=0.499400}|CCCCCO{solv}{x=0.500600}>,C1CCOCC1,CCCCCO,smee-spice2-systematic-torsion-generation_constrained-linear,2,0.8427656297902126,0.0001712385461201,0.8425400000000002,0.00033
36552,1902,dhmix_472822428299818953,747,EnthalpyOfMixing,<Substance CC(C)CC(C)(C)C{solv}{x=0.700500}|CCCCO{solv}{x=0.299500}>,CC(C)CC(C)(C)C,CCCCO,smee-spice2-systematic-torsion-generation_constrained-linear,2,0.8208145119820784,0.0504089633942495,0.6228,0.0028
36553,1903,dhmix_628387028768654403,748,EnthalpyOfMixing,<Substance CC(C)CC(C)(C)C{solv}{x=0.499900}|CCCCO{solv}{x=0.500100}>,CC(C)CC(C)(C)C,CCCCO,smee-spice2-systematic-torsion-generation_constrained-linear,2,0.6650413759471405,0.0442505735475704,0.5938,0.0027
36554,1904,dens_631668933678639865,749,Density,<Substance CC(C)CC(C)(C)C{solv}{x=0.200000}|CCCCO{solv}{x=0.800000}>,CC(C)CC(C)(C)C,CCCCO,smee-spice2-systematic-torsion-generation_constrained-linear,2,0.7765574956942625,0.0002288734166694,0.7696800000000001,0.000295
36555,1905,dens_1394470087977586253,750,Density,<Substance CC(C)CC(C)(C)C{solv}{x=0.500000}|CCCCO{solv}{x=0.500000}>,CC(C)CC(C)(C)C,CCCCO,smee-spice2-systematic-torsion-generation_constrained-linear,2,0.744173819430751,0.0001636670675072,0.7294000000000002,0.000285
36556,1906,dens_1809610870413503056,751,Density,<Substance CC(C)CC(C)(C)C{solv}{x=0.699900}|CCCCO{solv}{x=0.300100}>,CC(C)CC(C)(C)C,CCCCO,smee-spice2-systematic-torsion-generation_constrained-linear,2,0.7287629198770817,0.0001907657055219,0.7097700000000001,0.000285
36557,1907,dhmix_2302589146189152767,752,EnthalpyOfMixing,<Substance CC(C)CC(C)(C)C{solv}{x=0.200200}|CCCCO{solv}{x=0.799800}>,CC(C)CC(C)(C)C,CCCCO,smee-spice2-systematic-torsion-generation_constrained-linear,2,0.4191261786987468,0.0463551223008321,0.27646,0.003235
36558,1908,dens_486902622078179007,753,Density,<Substance COC=O{solv}{x=0.494600}|CO{solv}{x=0.505400}>,CO,COC=O,smee-spice2-systematic-torsion-generation_constrained-linear,2,0.9068723648307732,0.0003322354340383,0.8956100000000002,7.500000000000002e-05
36559,1909,dens_750646162221180186,754,Density,<Substance COC=O{solv}{x=0.083300}|CO{solv}{x=0.916700}>,CO,COC=O,smee-spice2-systematic-torsion-generation_constrained-linear,2,0.7971521599120207,0.0004288603418414,0.8088000000000002,9.000000000000002e-05
36560,1910,dhmix_1113631207235753369,755,EnthalpyOfMixing,<Substance COC=O{solv}{x=0.717800}|CO{solv}{x=0.282200}>,CO,COC=O,smee-spice2-systematic-torsion-generation_constrained-linear,2,0.6513265568335598,0.0317137587625433,1.105,0.012
36561,1911,dhmix_2143911117683117531,756,EnthalpyOfMixing,<Substance COC=O{solv}{x=0.512700}|CO{solv}{x=0.487300}>,CO,COC=O,smee-spice2-systematic-torsion-generation_constrained-linear,2,0.8572862020083978,0.0276740388275354,1.179,0.0125
36562,1912,dens_2148324189014877510,757,Density,<Substance COC=O{solv}{x=0.727100}|CO{solv}{x=0.272900}>,CO,COC=O,smee-spice2-systematic-torsion-generation_constrained-linear,2,0.9523933006222108,0.0002482735213849,0.9321000000000004,8.000000000000002e-05
36563,1913,dhmix_2205254965267695203,758,EnthalpyOfMixing,<Substance COC=O{solv}{x=0.083300}|CO{solv}{x=0.916700}>,CO,COC=O,smee-spice2-systematic-torsion-generation_constrained-linear,2,0.2827000448902907,0.0312685504434633,0.311,0.0035
36564,1914,dhmix_497300242003673148,759,EnthalpyOfMixing,<Substance BrCCBr{solv}{x=0.284100}|CCCCOC(=O)CCC{solv}{x=0.715900}>,BrCCBr,CCCCOC(=O)CCC,smee-spice2-systematic-torsion-generation_constrained-linear,2,-0.4377364262412584,0.0447572661619939,-0.054,0.001
36565,1915,dhmix_712261179736749495,760,EnthalpyOfMixing,<Substance BrCCBr{solv}{x=0.515300}|CCCCOC(=O)CCC{solv}{x=0.484700}>,BrCCBr,CCCCOC(=O)CCC,smee-spice2-systematic-torsion-generation_constrained-linear,2,-0.5922414145179928,0.042964322764559,-0.027,0.0005
36566,1916,dens_846614854165535724,761,Density,<Substance BrCCBr{solv}{x=0.212900}|CCCCOC(=O)CCC{solv}{x=0.787100}>,BrCCBr,CCCCOC(=O)CCC,smee-spice2-systematic-torsion-generation_constrained-linear,2,1.0266752684443372,0.0002408013823714,1.0245500000000003,0.00013
36567,1917,dens_1085110183353279404,762,Density,<Substance BrCCBr{solv}{x=0.730000}|CCCCOC(=O)CCC{solv}{x=0.270000}>,BrCCBr,CCCCOC(=O)CCC,smee-spice2-systematic-torsion-generation_constrained-linear,2,1.6079104404867803,0.0005309054210968,1.6231500000000003,0.000405
36568,1918,dhmix_2153957437015117204,763,EnthalpyOfMixing,<Substance BrCCBr{solv}{x=0.763900}|CCCCOC(=O)CCC{solv}{x=0.236100}>,BrCCBr,CCCCOC(=O)CCC,smee-spice2-systematic-torsion-generation_constrained-linear,2,-0.4042773232651697,0.0395027137411389,0.051,0.001
36569,1919,dens_2242615301342819560,764,Density,<Substance BrCCBr{solv}{x=0.449300}|CCCCOC(=O)CCC{solv}{x=0.550700}>,BrCCBr,CCCCOC(=O)CCC,smee-spice2-systematic-torsion-generation_constrained-linear,2,1.2495551836610796,0.0002174283354525,1.2506100000000002,0.000225
36570,1920,dens_501060706627477242,765,Density,<Substance OC1=NCCC1{solv}{x=0.500000}|O{solv}{x=0.500000}>,O,OC1=NCCC1,smee-spice2-systematic-torsion-generation_constrained-linear,2,1.0759966513224544,0.0005819557185254,1.0977070000000004,0.0005555
36571,1921,dens_929065521104254808,766,Density,<Substance OC1=NCCC1{solv}{x=0.744800}|O{solv}{x=0.255200}>,O,OC1=NCCC1,smee-spice2-systematic-torsion-generation_constrained-linear,2,1.083546954417333,0.0003026510226988,1.1044310000000004,0.000577
36572,1922,dhmix_1128968771311392860,767,EnthalpyOfMixing,<Substance OC1=NCCC1{solv}{x=0.769300}|O{solv}{x=0.230700}>,O,OC1=NCCC1,smee-spice2-systematic-torsion-generation_constrained-linear,2,-2.4980321955530655,0.091442524551961,-0.678,0.1695
36573,1923,dens_1192491633684345401,768,Density,<Substance OC1=NCCC1{solv}{x=0.246800}|O{solv}{x=0.753200}>,O,OC1=NCCC1,smee-spice2-systematic-torsion-generation_constrained-linear,2,1.0478962244815813,0.0004126697026644,1.077068,0.0004905
36574,1924,dhmix_1775375132531538271,769,EnthalpyOfMixing,<Substance OC1=NCCC1{solv}{x=0.478300}|O{solv}{x=0.521700}>,O,OC1=NCCC1,smee-spice2-systematic-torsion-generation_constrained-linear,2,-1.4958126835778387,0.073080423719009,-0.8384,0.20965
36575,1925,dhmix_1895825007089845103,770,EnthalpyOfMixing,<Substance OC1=NCCC1{solv}{x=0.231900}|O{solv}{x=0.768100}>,O,OC1=NCCC1,smee-spice2-systematic-torsion-generation_constrained-linear,2,-0.6780615628992734,0.0425951678769623,-0.5238,0.13095
36576,1926,dens_502738970558558534,771,Density,<Substance BrCCBr{solv}{x=0.749000}|COC=O{solv}{x=0.251000}>,BrCCBr,COC=O,smee-spice2-systematic-torsion-generation_constrained-linear,2,1.8979916304059483,0.0004452979392508,1.9319600000000008,0.003535
36577,1927,dhmix_523129341332875255,772,EnthalpyOfMixing,<Substance BrCCBr{solv}{x=0.059500}|COC=O{solv}{x=0.940500}>,BrCCBr,COC=O,smee-spice2-systematic-torsion-generation_constrained-linear,2,0.2021446954087515,0.0344511175348925,0.1715,0.00215
36578,1928,dens_528986974844153101,773,Density,<Substance BrCCBr{solv}{x=0.059800}|COC=O{solv}{x=0.940200}>,BrCCBr,COC=O,smee-spice2-systematic-torsion-generation_constrained-linear,2,1.0923937628726277,0.0003732187843213,1.06428,0.00056
36579,1929,dhmix_1521152703631810888,774,EnthalpyOfMixing,<Substance BrCCBr{solv}{x=0.757400}|COC=O{solv}{x=0.242600}>,BrCCBr,COC=O,smee-spice2-systematic-torsion-generation_constrained-linear,2,0.670912196970896,0.0325953850321432,0.653,0.00585
36580,1930,dhmix_1685647138770344206,775,EnthalpyOfMixing,<Substance BrCCBr{solv}{x=0.528100}|COC=O{solv}{x=0.471900}>,BrCCBr,COC=O,smee-spice2-systematic-torsion-generation_constrained-linear,2,0.8005420457519037,0.0324220799477799,0.8123,0.00705
36581,1931,dens_1945150067923572864,776,Density,<Substance BrCCBr{solv}{x=0.501500}|COC=O{solv}{x=0.498500}>,BrCCBr,COC=O,smee-spice2-systematic-torsion-generation_constrained-linear,2,1.6593187787627306,0.0006049584385938,1.6620300000000003,0.00232
36582,1932,dens_511283508189056955,777,Density,<Substance CCO{solv}{x=0.291400}|CN(C)CCO{solv}{x=0.708600}>,CCO,CN(C)CCO,smee-spice2-systematic-torsion-generation_constrained-linear,2,0.8918309634486666,0.0002230029323984,0.8710100000000002,0.000165
36583,1933,dhmix_1055456388735168345,778,EnthalpyOfMixing,<Substance CCO{solv}{x=0.508400}|CN(C)CCO{solv}{x=0.491600}>,CCO,CN(C)CCO,smee-spice2-systematic-torsion-generation_constrained-linear,2,-0.6736530898480169,0.0358444598555909,-0.4044,0.0044
36584,1934,dens_1119930253414624267,779,Density,<Substance CCO{solv}{x=0.699500}|CN(C)CCO{solv}{x=0.300500}>,CCO,CN(C)CCO,smee-spice2-systematic-torsion-generation_constrained-linear,2,0.847404410232864,0.0002761180771494,0.8345000000000002,0.000135
36585,1935,dhmix_1132835222292135012,780,EnthalpyOfMixing,<Substance CCO{solv}{x=0.268600}|CN(C)CCO{solv}{x=0.731400}>,CCO,CN(C)CCO,smee-spice2-systematic-torsion-generation_constrained-linear,2,-0.3892679115910482,0.0381435552365026,-0.2783,0.0031
36586,1936,dens_1964926738263319597,781,Density,<Substance CCO{solv}{x=0.494900}|CN(C)CCO{solv}{x=0.505100}>,CCO,CN(C)CCO,smee-spice2-systematic-torsion-generation_constrained-linear,2,0.8729026865920821,0.0002688559496101,0.8566200000000002,0.00015
36587,1937,dhmix_2011138895468245368,782,EnthalpyOfMixing,<Substance CCO{solv}{x=0.733500}|CN(C)CCO{solv}{x=0.266500}>,CCO,CN(C)CCO,smee-spice2-systematic-torsion-generation_constrained-linear,2,-0.4704970283674328,0.0335421868210368,-0.3657,0.004
36588,1938,dhmix_517287783481256565,783,EnthalpyOfMixing,<Substance CN(C)C=O{solv}{x=0.701000}|ClCCCCCl{solv}{x=0.299000}>,CN(C)C=O,ClCCCCCl,smee-spice2-systematic-torsion-generation_constrained-linear,2,0.316483507520914,0.0384472452373557,-0.052,0.002
36589,1939,dens_765057686797526715,784,Density,<Substance CN(C)C=O{solv}{x=0.794300}|ClCCCCCl{solv}{x=0.205700}>,CN(C)C=O,ClCCCCCl,smee-spice2-systematic-torsion-generation_constrained-linear,2,0.979800151679326,0.0002509209315944,0.9934000000000002,0.00245
36590,1940,dens_1092490027864410415,785,Density,<Substance CN(C)C=O{solv}{x=0.502200}|ClCCCCCl{solv}{x=0.497800}>,CN(C)C=O,ClCCCCCl,smee-spice2-systematic-torsion-generation_constrained-linear,2,1.043766215582747,0.0002560257036998,1.0524000000000004,0.0022
36591,1941,dens_1571926938169630329,786,Density,<Substance CN(C)C=O{solv}{x=0.299400}|ClCCCCCl{solv}{x=0.700600}>,CN(C)C=O,ClCCCCCl,smee-spice2-systematic-torsion-generation_constrained-linear,2,1.0810911245265542,0.0003126264147491,1.0879000000000003,0.0021
36592,1942,dhmix_1989422051580285053,787,EnthalpyOfMixing,<Substance CN(C)C=O{solv}{x=0.501000}|ClCCCCCl{solv}{x=0.499000}>,CN(C)C=O,ClCCCCCl,smee-spice2-systematic-torsion-generation_constrained-linear,2,0.4084575613644716,0.0366730420617456,-0.056,0.002
36593,1943,dhmix_2190775305913174779,788,EnthalpyOfMixing,<Substance CN(C)C=O{solv}{x=0.204000}|ClCCCCCl{solv}{x=0.796000}>,CN(C)C=O,ClCCCCCl,smee-spice2-systematic-torsion-generation_constrained-linear,2,0.3291820545456971,0.0400487423936461,-0.039,0.002
36594,1944,dens_518199256039095036,789,Density,<Substance CCCCO{solv}{x=0.496400}|NCCN{solv}{x=0.503600}>,CCCCO,NCCN,smee-spice2-systematic-torsion-generation_constrained-linear,2,0.8986105601826211,0.0002601201045661,0.8519430000000002,0.000219
36595,1945,dens_866492593379488722,790,Density,<Substance CCCCO{solv}{x=0.739800}|NCCN{solv}{x=0.260200}>,CCCCO,NCCN,smee-spice2-systematic-torsion-generation_constrained-linear,2,0.849226296619417,0.0001945043591461,0.8325090000000002,0.000221
36596,1946,dens_2064365769538781360,791,Density,<Substance CCCCO{solv}{x=0.291900}|NCCN{solv}{x=0.708100}>,CCCCO,NCCN,smee-spice2-systematic-torsion-generation_constrained-linear,2,0.9490308776379676,0.0002453495871478,0.8676960000000002,0.0002205
36597,1947,dens_520201021244222151,792,Density,<Substance O=C1CCCO1{solv}{x=0.300000}|O{solv}{x=0.700000}>,O,O=C1CCCO1,smee-spice2-systematic-torsion-generation_constrained-linear,2,1.0606007976683849,0.000265370425567,1.0886000000000002,0.0001
36598,1948,dens_2198925124601089428,793,Density,<Substance O=C1CCCO1{solv}{x=0.500000}|O{solv}{x=0.500000}>,O,O=C1CCCO1,smee-spice2-systematic-torsion-generation_constrained-linear,2,1.0818847922701094,0.0003426756493314,1.1059000000000003,0.0001
36599,1949,dens_2272207838075726438,794,Density,<Substance O=C1CCCO1{solv}{x=0.800000}|O{solv}{x=0.200000}>,O,O=C1CCCO1,smee-spice2-systematic-torsion-generation_constrained-linear,2,1.099747451311776,0.0002530127269813,1.1182000000000003,0.0001
36600,1950,dhmix_524376395520217080,795,EnthalpyOfMixing,<Substance CC(C)CC(C)(C)C{solv}{x=0.440700}|CCCC(=O)OC{solv}{x=0.559300}>,CC(C)CC(C)(C)C,CCCC(=O)OC,smee-spice2-systematic-torsion-generation_constrained-linear,2,1.5983289695200185,0.0466816416850883,1.053,0.0115
36601,1951,dens_581090592491592243,796,Density,<Substance CC(C)CC(C)(C)C{solv}{x=0.298100}|CCCC(=O)OC{solv}{x=0.701900}>,CC(C)CC(C)(C)C,CCCC(=O)OC,smee-spice2-systematic-torsion-generation_constrained-linear,2,0.8240873619679501,0.000204639916715,0.8119000000000002,0.000505
36602,1952,dens_1497434747823371430,797,Density,<Substance CC(C)CC(C)(C)C{solv}{x=0.724300}|CCCC(=O)OC{solv}{x=0.275700}>,CC(C)CC(C)(C)C,CCCC(=O)OC,smee-spice2-systematic-torsion-generation_constrained-linear,2,0.7470868827405136,0.0001882479412874,0.7279000000000001,0.000505
36603,1953,dhmix_1614087501371550297,798,EnthalpyOfMixing,<Substance CC(C)CC(C)(C)C{solv}{x=0.762900}|CCCC(=O)OC{solv}{x=0.237100}>,CC(C)CC(C)(C)C,CCCC(=O)OC,smee-spice2-systematic-torsion-generation_constrained-linear,2,1.2845605937567228,0.0507090405518057,0.789,0.0085
36604,1954,dens_1842979547629422953,799,Density,<Substance CC(C)CC(C)(C)C{solv}{x=0.441000}|CCCC(=O)OC{solv}{x=0.559000}>,CC(C)CC(C)(C)C,CCCC(=O)OC,smee-spice2-systematic-torsion-generation_constrained-linear,2,0.7955582816191353,0.0002210616927174,0.7803000000000001,0.000505
36605,1955,dhmix_2246911102339588209,800,EnthalpyOfMixing,<Substance CC(C)CC(C)(C)C{solv}{x=0.298200}|CCCC(=O)OC{solv}{x=0.701800}>,CC(C)CC(C)(C)C,CCCC(=O)OC,smee-spice2-systematic-torsion-generation_constrained-linear,2,1.223068267449479,0.0450531504449131,0.884,0.0095
36606,1956,dhmix_536798507677319129,801,EnthalpyOfMixing,<Substance C1COCO1{solv}{x=0.267900}|Cc1ccccc1Cl{solv}{x=0.732100}>,C1COCO1,Cc1ccccc1Cl,smee-spice2-systematic-torsion-generation_constrained-linear,2,0.4314360235138395,0.0426004999014866,0.272,0.0015
36607,1957,dens_559535483529614058,802,Density,<Substance C1COCO1{solv}{x=0.726600}|Cc1ccccc1Cl{solv}{x=0.273400}>,C1COCO1,Cc1ccccc1Cl,smee-spice2-systematic-torsion-generation_constrained-linear,2,1.1054675663998488,0.0002669243920928,1.0652000000000004,0.0005
36608,1958,dens_731520844601672570,803,Density,<Substance C1COCO1{solv}{x=0.268500}|Cc1ccccc1Cl{solv}{x=0.731500}>,C1COCO1,Cc1ccccc1Cl,smee-spice2-systematic-torsion-generation_constrained-linear,2,1.0829343047807918,0.0002058431589353,1.0630000000000002,0.0005
36609,1959,dens_839907656840905053,804,Density,<Substance C1COCO1{solv}{x=0.516900}|Cc1ccccc1Cl{solv}{x=0.483100}>,C1COCO1,Cc1ccccc1Cl,smee-spice2-systematic-torsion-generation_constrained-linear,2,1.100301067133976,0.0002939782418447,1.0694000000000004,0.0005
36610,1960,dhmix_1308085019204784636,805,EnthalpyOfMixing,<Substance C1COCO1{solv}{x=0.500900}|Cc1ccccc1Cl{solv}{x=0.499100}>,C1COCO1,Cc1ccccc1Cl,smee-spice2-systematic-torsion-generation_constrained-linear,2,0.6313856410287713,0.0393410945694244,0.393,0.002
36611,1961,dhmix_1924685013370154802,806,EnthalpyOfMixing,<Substance C1COCO1{solv}{x=0.760400}|Cc1ccccc1Cl{solv}{x=0.239600}>,C1COCO1,Cc1ccccc1Cl,smee-spice2-systematic-torsion-generation_constrained-linear,2,0.386418983418622,0.0421182450194547,0.313,0.0015
36612,1962,dhmix_549919019055097043,807,EnthalpyOfMixing,<Substance C1CCCCC1{solv}{x=0.799100}|CC(C)O{solv}{x=0.200900}>,C1CCCCC1,CC(C)O,smee-spice2-systematic-torsion-generation_constrained-linear,2,0.8309056887704145,0.0456602480152724,0.702,0.017
36613,1963,dhmix_1101575580592240663,808,EnthalpyOfMixing,<Substance C1CCCCC1{solv}{x=0.199500}|CC(C)O{solv}{x=0.800500}>,C1CCCCC1,CC(C)O,smee-spice2-systematic-torsion-generation_constrained-linear,2,0.460553823155557,0.038998518438322,0.438,0.011
36614,1964,dhmix_1262965345724899699,809,EnthalpyOfMixing,<Substance C1CCCCC1{solv}{x=0.498400}|CC(C)O{solv}{x=0.501600}>,C1CCCCC1,CC(C)O,smee-spice2-systematic-torsion-generation_constrained-linear,2,0.7819973350687306,0.0424697772664958,0.801,0.0195
36615,1965,dens_1431184569437551541,810,Density,<Substance C1CCCCC1{solv}{x=0.705800}|CC(C)O{solv}{x=0.294200}>,C1CCCCC1,CC(C)O,smee-spice2-systematic-torsion-generation_constrained-linear,2,0.7708919705254945,0.00021776268075,0.7711100000000002,0.000245
36616,1966,dens_2097249982689376165,811,Density,<Substance C1CCCCC1{solv}{x=0.200000}|CC(C)O{solv}{x=0.800000}>,C1CCCCC1,CC(C)O,smee-spice2-systematic-torsion-generation_constrained-linear,2,0.7923262730682065,0.0002577852239182,0.7761000000000002,0.0003
36617,1967,dens_2130071224188444793,812,Density,<Substance C1CCCCC1{solv}{x=0.503900}|CC(C)O{solv}{x=0.496100}>,C1CCCCC1,CC(C)O,smee-spice2-systematic-torsion-generation_constrained-linear,2,0.7778784008389487,0.0002240578227261,0.7719000000000001,0.0003
36618,1968,dens_562489367284385084,813,Density,<Substance CCCCC(=O)OC{solv}{x=0.251100}|COC(C)=O{solv}{x=0.748900}>,CCCCC(=O)OC,COC(C)=O,smee-spice2-systematic-torsion-generation_constrained-linear,2,0.9187286559716038,0.0002396261109809,0.9105300000000002,0.000505
36619,1969,dhmix_814771684244180933,814,EnthalpyOfMixing,<Substance CCCCC(=O)OC{solv}{x=0.733900}|COC(C)=O{solv}{x=0.266100}>,CCCCC(=O)OC,COC(C)=O,smee-spice2-systematic-torsion-generation_constrained-linear,2,0.1116573154625584,0.0451208200738862,0.178,0.002
36620,1970,dhmix_915202362324204655,815,EnthalpyOfMixing,<Substance CCCCC(=O)OC{solv}{x=0.505500}|COC(C)=O{solv}{x=0.494500}>,CCCCC(=O)OC,COC(C)=O,smee-spice2-systematic-torsion-generation_constrained-linear,2,0.1617140464951205,0.0377502169896193,0.238,0.0025
36621,1971,dhmix_935892165648195197,816,EnthalpyOfMixing,<Substance CCCCC(=O)OC{solv}{x=0.234700}|COC(C)=O{solv}{x=0.765300}>,CCCCC(=O)OC,COC(C)=O,smee-spice2-systematic-torsion-generation_constrained-linear,2,0.1816592401698926,0.040179390382895,0.173,0.002
36622,1972,dens_961692445804333991,817,Density,<Substance CCCCC(=O)OC{solv}{x=0.738300}|COC(C)=O{solv}{x=0.261700}>,CCCCC(=O)OC,COC(C)=O,smee-spice2-systematic-torsion-generation_constrained-linear,2,0.8969159556528661,0.0001814326578687,0.8914700000000002,0.000505
36623,1973,dens_1493380961688632529,818,Density,<Substance CCCCC(=O)OC{solv}{x=0.493500}|COC(C)=O{solv}{x=0.506500}>,CCCCC(=O)OC,COC(C)=O,smee-spice2-systematic-torsion-generation_constrained-linear,2,0.9063628783532758,0.0002679396682323,0.8996200000000002,0.000505
36624,1974,dhmix_563342363018905515,819,EnthalpyOfMixing,<Substance CCOC(=O)CC(C)=O{solv}{x=0.751400}|O{solv}{x=0.248600}>,CCOC(=O)CC(C)=O,O,smee-spice2-systematic-torsion-generation_constrained-linear,2,0.8914357517830922,0.0496041428542452,1.128,0.012
36625,1975,dhmix_1385095028103136291,820,EnthalpyOfMixing,<Substance CCOC(=O)CC(C)=O{solv}{x=0.449100}|O{solv}{x=0.550900}>,CCOC(=O)CC(C)=O,O,smee-spice2-systematic-torsion-generation_constrained-linear,2,0.7290006510824298,0.0370576581907643,0.684,0.0075
36626,1976,dhmix_1609967394780907654,821,EnthalpyOfMixing,<Substance CCOC(=O)CC(C)=O{solv}{x=0.299400}|O{solv}{x=0.700600}>,CCOC(=O)CC(C)=O,O,smee-spice2-systematic-torsion-generation_constrained-linear,2,0.6846436979322732,0.0233089706196759,0.428,0.005
36627,1977,dhmix_566259260175961973,822,EnthalpyOfMixing,<Substance CCCCO{solv}{x=0.144700}|OC1=NCCC1{solv}{x=0.855300}>,CCCCO,OC1=NCCC1,smee-spice2-systematic-torsion-generation_constrained-linear,2,0.4000758882936566,0.0714818476021692,0.0949,0.0012
36628,1978,dens_1146983614802652988,823,Density,<Substance CCCCO{solv}{x=0.500400}|OC1=NCCC1{solv}{x=0.499600}>,CCCCO,OC1=NCCC1,smee-spice2-systematic-torsion-generation_constrained-linear,2,0.9437647916138648,0.0003762498297313,0.94503,0.00015
36629,1979,dhmix_1601732489230179724,824,EnthalpyOfMixing,<Substance CCCCO{solv}{x=0.497800}|OC1=NCCC1{solv}{x=0.502200}>,CCCCO,OC1=NCCC1,smee-spice2-systematic-torsion-generation_constrained-linear,2,-1.2850839332117872,0.0645047281148864,0.2326,0.0026
36630,1980,dhmix_1661138478850718837,825,EnthalpyOfMixing,<Substance CCCCO{solv}{x=0.754800}|OC1=NCCC1{solv}{x=0.245200}>,CCCCO,OC1=NCCC1,smee-spice2-systematic-torsion-generation_constrained-linear,2,-0.3846344157663708,0.0559988690702645,0.2356,0.00265
36631,1981,dens_1878955695276199878,826,Density,<Substance CCCCO{solv}{x=0.144600}|OC1=NCCC1{solv}{x=0.855400}>,CCCCO,OC1=NCCC1,smee-spice2-systematic-torsion-generation_constrained-linear,2,1.0470989183561823,0.0004857115722016,1.0575900000000005,0.000205
36632,1982,dens_2101998760005952263,827,Density,<Substance CCCCO{solv}{x=0.755500}|OC1=NCCC1{solv}{x=0.244500}>,CCCCO,OC1=NCCC1,smee-spice2-systematic-torsion-generation_constrained-linear,2,0.8714924922639079,0.000240350043249,0.8711500000000002,0.000185
36633,1983,dhmix_569012254773025696,828,EnthalpyOfMixing,<Substance CC(C)(C)O{solv}{x=0.505700}|OC1=NCCC1{solv}{x=0.494300}>,CC(C)(C)O,OC1=NCCC1,smee-spice2-systematic-torsion-generation_constrained-linear,2,-0.7450693201373468,0.0654559572904156,0.4323,0.0047
36634,1984,dens_992979807705536615,829,Density,<Substance CC(C)(C)O{solv}{x=0.751100}|OC1=NCCC1{solv}{x=0.248900}>,CC(C)(C)O,OC1=NCCC1,smee-spice2-systematic-torsion-generation_constrained-linear,2,0.8868204514380562,0.0002443564883662,0.8505700000000003,0.000215
36635,1985,dens_1020722913861580636,830,Density,<Substance CC(C)(C)O{solv}{x=0.499700}|OC1=NCCC1{solv}{x=0.500300}>,CC(C)(C)O,OC1=NCCC1,smee-spice2-systematic-torsion-generation_constrained-linear,2,0.954948223999108,0.0004344513737648,0.9282800000000002,0.00018
36636,1986,dhmix_1408261346335628114,831,EnthalpyOfMixing,<Substance CC(C)(C)O{solv}{x=0.744900}|OC1=NCCC1{solv}{x=0.255100}>,CC(C)(C)O,OC1=NCCC1,smee-spice2-systematic-torsion-generation_constrained-linear,2,-0.6569741471366228,0.0525810681888053,0.3774,0.00415
36637,1987,dhmix_1466823939183874689,832,EnthalpyOfMixing,<Substance CC(C)(C)O{solv}{x=0.257800}|OC1=NCCC1{solv}{x=0.742200}>,CC(C)(C)O,OC1=NCCC1,smee-spice2-systematic-torsion-generation_constrained-linear,2,-0.4827733575506272,0.0662042713280753,0.2874,0.0032
36638,1988,dens_1768273433543243004,833,Density,<Substance CC(C)(C)O{solv}{x=0.276400}|OC1=NCCC1{solv}{x=0.723600}>,CC(C)(C)O,OC1=NCCC1,smee-spice2-systematic-torsion-generation_constrained-linear,2,1.0112518093690193,0.0003044889742411,1.0036300000000002,0.000155
36639,1989,dens_571827819113574480,834,Density,<Substance CC(C)OC(C)C{solv}{x=0.700400}|Cc1ccccc1{solv}{x=0.299600}>,CC(C)OC(C)C,Cc1ccccc1,smee-spice2-systematic-torsion-generation_constrained-linear,2,0.7737746541266615,0.0002356665234569,0.7573100000000001,0.000155
36640,1990,dhmix_686402805609192969,835,EnthalpyOfMixing,<Substance CC(C)OC(C)C{solv}{x=0.228000}|Cc1ccccc1{solv}{x=0.772000}>,CC(C)OC(C)C,Cc1ccccc1,smee-spice2-systematic-torsion-generation_constrained-linear,2,-0.1729645719502741,0.042484468893161,0.0593,0.00515
36641,1991,dhmix_1045652173440309018,836,EnthalpyOfMixing,<Substance CC(C)OC(C)C{solv}{x=0.752000}|Cc1ccccc1{solv}{x=0.248000}>,CC(C)OC(C)C,Cc1ccccc1,smee-spice2-systematic-torsion-generation_constrained-linear,2,-0.0536904759038492,0.0456820420793462,-0.0091,0.00505
36642,1992,dhmix_1690461453403165745,837,EnthalpyOfMixing,<Substance CC(C)OC(C)C{solv}{x=0.455000}|Cc1ccccc1{solv}{x=0.545000}>,CC(C)OC(C)C,Cc1ccccc1,smee-spice2-systematic-torsion-generation_constrained-linear,2,-0.0732296315969875,0.0403786763027402,0.0323,0.0051
36643,1993,dens_2086775654110573795,838,Density,<Substance CC(C)OC(C)C{solv}{x=0.200400}|Cc1ccccc1{solv}{x=0.799600}>,CC(C)OC(C)C,Cc1ccccc1,smee-spice2-systematic-torsion-generation_constrained-linear,2,0.8337601983464975,0.0002296330904333,0.8299700000000002,0.00014
36644,1994,dens_2167043968237201720,839,Density,<Substance CC(C)OC(C)C{solv}{x=0.500300}|Cc1ccccc1{solv}{x=0.499700}>,CC(C)OC(C)C,Cc1ccccc1,smee-spice2-systematic-torsion-generation_constrained-linear,2,0.7963304403419711,0.0002096944129282,0.7849200000000002,0.000155
36645,1995,dhmix_578047845607378963,840,EnthalpyOfMixing,<Substance CN1CCCC1=O{solv}{x=0.635900}|c1ccncc1{solv}{x=0.364100}>,CN1CCCC1=O,c1ccncc1,smee-spice2-systematic-torsion-generation_constrained-linear,2,-0.2801945203709479,0.036345405157983,-0.4013,0.10035
36646,1996,dhmix_625120262301063359,841,EnthalpyOfMixing,<Substance CN1CCCC1=O{solv}{x=0.231200}|c1ccncc1{solv}{x=0.768800}>,CN1CCCC1=O,c1ccncc1,smee-spice2-systematic-torsion-generation_constrained-linear,2,-0.2882802840088594,0.035043145684381,-0.3157,0.07895
36647,1997,dens_1059919274311274879,842,Density,<Substance CN1CCCC1=O{solv}{x=0.521500}|c1ccncc1{solv}{x=0.478500}>,CN1CCCC1=O,c1ccncc1,smee-spice2-systematic-torsion-generation_constrained-linear,2,1.0048784985663648,0.0001694193605673,1.0158200000000004,0.00051
36648,1998,dens_1445187430653020908,843,Density,<Substance CN1CCCC1=O{solv}{x=0.234800}|c1ccncc1{solv}{x=0.765200}>,CN1CCCC1=O,c1ccncc1,smee-spice2-systematic-torsion-generation_constrained-linear,2,0.99982887462779,0.0002226305760282,0.9983500000000004,0.00051
36649,1999,dhmix_1933003504821603087,844,EnthalpyOfMixing,<Substance CN1CCCC1=O{solv}{x=0.499500}|c1ccncc1{solv}{x=0.500500}>,CN1CCCC1=O,c1ccncc1,smee-spice2-systematic-torsion-generation_constrained-linear,2,-0.4155437203407004,0.0409971850227286,-0.4356,0.1089
36650,2000,dens_2199047009222847682,845,Density,<Substance CN1CCCC1=O{solv}{x=0.636400}|c1ccncc1{solv}{x=0.363600}>,CN1CCCC1=O,c1ccncc1,smee-spice2-systematic-torsion-generation_constrained-linear,2,1.0063342449273407,0.0002335624052153,1.0207400000000002,0.00051
36651,2001,dens_586351122522837789,846,Density,<Substance c1cc[nH]c1{solv}{x=0.820700}|c1ccccc1{solv}{x=0.179300}>,c1cc[nH]c1,c1ccccc1,smee-spice2-systematic-torsion-generation_constrained-linear,2,0.964729316299899,0.0002768622896178,0.9503300000000002,0.000195
36652,2002,dhmix_1101447260293284221,847,EnthalpyOfMixing,<Substance c1cc[nH]c1{solv}{x=0.494000}|c1ccccc1{solv}{x=0.506000}>,c1cc[nH]c1,c1ccccc1,smee-spice2-systematic-torsion-generation_constrained-linear,2,0.5674119842723542,0.0365284405605575,0.609,0.00395
36653,2003,dens_1366042600317618213,848,Density,<Substance c1cc[nH]c1{solv}{x=0.503000}|c1ccccc1{solv}{x=0.497000}>,c1cc[nH]c1,c1ccccc1,smee-spice2-systematic-torsion-generation_constrained-linear,2,0.9249367659810132,0.0002596364160919,0.9220400000000002,0.00019
36654,2004,dens_2042223650153961549,849,Density,<Substance c1cc[nH]c1{solv}{x=0.314200}|c1ccccc1{solv}{x=0.685800}>,c1cc[nH]c1,c1ccccc1,smee-spice2-systematic-torsion-generation_constrained-linear,2,0.9040339066935372,0.000261832342544,0.9043500000000002,0.000195
36655,2005,dhmix_2080652523589171296,850,EnthalpyOfMixing,<Substance c1cc[nH]c1{solv}{x=0.820800}|c1ccccc1{solv}{x=0.179200}>,c1cc[nH]c1,c1ccccc1,smee-spice2-systematic-torsion-generation_constrained-linear,2,0.3046465811619043,0.0370604557368179,0.3441,0.00245
36656,2006,dhmix_2101365800313583195,851,EnthalpyOfMixing,<Substance c1cc[nH]c1{solv}{x=0.314000}|c1ccccc1{solv}{x=0.686000}>,c1cc[nH]c1,c1ccccc1,smee-spice2-systematic-torsion-generation_constrained-linear,2,0.5839063285222323,0.0373803832143084,0.5893,0.00385
36657,2007,dens_592296207180530796,852,Density,<Substance C1CCNCC1{solv}{x=0.250000}|O{solv}{x=0.750000}>,C1CCNCC1,O,smee-spice2-systematic-torsion-generation_constrained-linear,2,0.919294942807668,0.000412690768159,0.9379600000000002,0.000185
36658,2008,dhmix_598563182385523239,853,EnthalpyOfMixing,<Substance C1CCNCC1{solv}{x=0.750000}|O{solv}{x=0.250000}>,C1CCNCC1,O,smee-spice2-systematic-torsion-generation_constrained-linear,2,-0.7434601522478204,0.0439413973678995,-1.4628,0.02995
36659,2009,dens_1144696340343060729,854,Density,<Substance C1CCNCC1{solv}{x=0.500000}|O{solv}{x=0.500000}>,C1CCNCC1,O,smee-spice2-systematic-torsion-generation_constrained-linear,2,0.898808782877394,0.0003288195977417,0.90329,0.000235
36660,2010,dens_1551117370864361960,855,Density,<Substance C1CCNCC1{solv}{x=0.750000}|O{solv}{x=0.250000}>,C1CCNCC1,O,smee-spice2-systematic-torsion-generation_constrained-linear,2,0.8873731473345841,0.0002417905133781,0.8771300000000002,0.000285
36661,2011,dhmix_2023343497633678069,856,EnthalpyOfMixing,<Substance C1CCNCC1{solv}{x=0.500000}|O{solv}{x=0.500000}>,C1CCNCC1,O,smee-spice2-systematic-torsion-generation_constrained-linear,2,-1.029410472128248,0.0352435945436871,-2.1379,0.04355
36662,2012,dhmix_2169709193905404129,857,EnthalpyOfMixing,<Substance C1CCNCC1{solv}{x=0.250000}|O{solv}{x=0.750000}>,C1CCNCC1,O,smee-spice2-systematic-torsion-generation_constrained-linear,2,-0.6409634356174125,0.0289057353311501,-1.9642,0.04065
36663,2013,dhmix_597694390671293228,858,EnthalpyOfMixing,<Substance C1CCCCC1{solv}{x=0.495000}|c1cc[nH]c1{solv}{x=0.505000}>,C1CCCCC1,c1cc[nH]c1,smee-spice2-systematic-torsion-generation_constrained-linear,2,1.7047302163069276,0.0401066115365794,1.4275,0.00895
36664,2014,dens_1402964712081643759,859,Density,<Substance C1CCCCC1{solv}{x=0.281700}|c1cc[nH]c1{solv}{x=0.718300}>,C1CCCCC1,c1cc[nH]c1,smee-spice2-systematic-torsion-generation_constrained-linear,2,0.898185405430374,0.0002810544021836,0.9082800000000002,0.00023
36665,2015,dens_1463337814181203578,860,Density,<Substance C1CCCCC1{solv}{x=0.925100}|c1cc[nH]c1{solv}{x=0.074900}>,C1CCCCC1,c1cc[nH]c1,smee-spice2-systematic-torsion-generation_constrained-linear,2,0.7747985494873744,0.000245526617816,0.7860300000000001,0.00026
36666,2016,dens_1586039458655447443,861,Density,<Substance C1CCCCC1{solv}{x=0.494200}|c1cc[nH]c1{solv}{x=0.505800}>,C1CCCCC1,c1cc[nH]c1,smee-spice2-systematic-torsion-generation_constrained-linear,2,0.8461440084691798,0.00024049573136,0.8661300000000002,0.000235
36667,2017,dhmix_1650717903260721901,862,EnthalpyOfMixing,<Substance C1CCCCC1{solv}{x=0.924800}|c1cc[nH]c1{solv}{x=0.075200}>,C1CCCCC1,c1cc[nH]c1,smee-spice2-systematic-torsion-generation_constrained-linear,2,0.7438457553457312,0.0454867118266022,0.7315,0.00535
36668,2018,dhmix_1709124910710738018,863,EnthalpyOfMixing,<Substance C1CCCCC1{solv}{x=0.281800}|c1cc[nH]c1{solv}{x=0.718200}>,C1CCCCC1,c1cc[nH]c1,smee-spice2-systematic-torsion-generation_constrained-linear,2,1.394161469940954,0.040890250493518,1.245,0.00795
36669,2019,dhmix_602003453564252918,864,EnthalpyOfMixing,<Substance COc1ccccc1{solv}{x=0.767000}|OCCc1ccccc1{solv}{x=0.233000}>,COc1ccccc1,OCCc1ccccc1,smee-spice2-systematic-torsion-generation_constrained-linear,2,0.8897126519279794,0.0496638119757182,1.1154,0.01195
36670,2020,dhmix_831666159864093343,865,EnthalpyOfMixing,<Substance COc1ccccc1{solv}{x=0.267800}|OCCc1ccccc1{solv}{x=0.732200}>,COc1ccccc1,OCCc1ccccc1,smee-spice2-systematic-torsion-generation_constrained-linear,2,0.5536144628869408,0.0542964994439055,0.688,0.00745
36671,2021,dhmix_1415130215717622630,866,EnthalpyOfMixing,<Substance COc1ccccc1{solv}{x=0.523200}|OCCc1ccccc1{solv}{x=0.476800}>,COc1ccccc1,OCCc1ccccc1,smee-spice2-systematic-torsion-generation_constrained-linear,2,0.8370479067638854,0.0460161771757032,1.0457,0.0112
36672,2022,dens_2018050376435813399,867,Density,<Substance COc1ccccc1{solv}{x=0.767300}|OCCc1ccccc1{solv}{x=0.232700}>,COc1ccccc1,OCCc1ccccc1,smee-spice2-systematic-torsion-generation_constrained-linear,2,0.9876056490814542,0.0002474459846181,0.9869000000000002,0.00026
36673,2023,dens_2083067547090229321,868,Density,<Substance COc1ccccc1{solv}{x=0.524500}|OCCc1ccccc1{solv}{x=0.475500}>,COc1ccccc1,OCCc1ccccc1,smee-spice2-systematic-torsion-generation_constrained-linear,2,0.9966031609684426,0.0002067664926224,0.9943600000000002,0.00026
36674,2024,dens_2108796896152795987,869,Density,<Substance COc1ccccc1{solv}{x=0.212100}|OCCc1ccccc1{solv}{x=0.787900}>,COc1ccccc1,OCCc1ccccc1,smee-spice2-systematic-torsion-generation_constrained-linear,2,1.0079617280376816,0.0001858737742958,1.0032600000000005,0.00026
36675,2025,dhmix_607389561715885318,870,EnthalpyOfMixing,<Substance CC(C)O{solv}{x=0.750600}|CCOC(=O)CC(=O)OCC{solv}{x=0.249400}>,CC(C)O,CCOC(=O)CC(=O)OCC,smee-spice2-systematic-torsion-generation_constrained-linear,2,1.8889514336734123,0.0406327312720716,1.955,0.021
36676,2026,dhmix_970997719035766241,871,EnthalpyOfMixing,<Substance CC(C)O{solv}{x=0.249200}|CCOC(=O)CC(=O)OCC{solv}{x=0.750800}>,CC(C)O,CCOC(=O)CC(=O)OCC,smee-spice2-systematic-torsion-generation_constrained-linear,2,1.368761991582403,0.0512883657159298,1.804,0.0195
36677,2027,dens_1055220895195342210,872,Density,<Substance CC(C)O{solv}{x=0.700000}|CCOC(=O)CC(=O)OCC{solv}{x=0.300000}>,CC(C)O,CCOC(=O)CC(=O)OCC,smee-spice2-systematic-torsion-generation_constrained-linear,2,0.9304242470728612,0.0002606960511655,0.9013080000000002,0.000163
36678,2028,dens_1059428282849222105,873,Density,<Substance CC(C)O{solv}{x=0.500100}|CCOC(=O)CC(=O)OCC{solv}{x=0.499900}>,CC(C)O,CCOC(=O)CC(=O)OCC,smee-spice2-systematic-torsion-generation_constrained-linear,2,0.9848384059016252,0.0002013226105941,0.9563730000000004,0.0001215
36679,2029,dhmix_2225069850502215858,874,EnthalpyOfMixing,<Substance CC(C)O{solv}{x=0.499700}|CCOC(=O)CC(=O)OCC{solv}{x=0.500300}>,CC(C)O,CCOC(=O)CC(=O)OCC,smee-spice2-systematic-torsion-generation_constrained-linear,2,2.0033434877765046,0.0440203514326248,2.369,0.0255
36680,2030,dens_2227064517025896927,875,Density,<Substance CC(C)O{solv}{x=0.200000}|CCOC(=O)CC(=O)OCC{solv}{x=0.800000}>,CC(C)O,CCOC(=O)CC(=O)OCC,smee-spice2-systematic-torsion-generation_constrained-linear,2,1.04342788339346,0.0002476553997901,1.0176930000000002,0.000103
36681,2031,dhmix_614525131410782877,876,EnthalpyOfMixing,<Substance CCCCCC(C)=O{solv}{x=0.491300}|CCCCNCCCC{solv}{x=0.508700}>,CCCCCC(C)=O,CCCCNCCCC,smee-spice2-systematic-torsion-generation_constrained-linear,2,-0.1297314453915277,0.0526734988538127,0.278,0.003
36682,2032,dhmix_1051001364116056564,877,EnthalpyOfMixing,<Substance CCCCCC(C)=O{solv}{x=0.781100}|CCCCNCCCC{solv}{x=0.218900}>,CCCCCC(C)=O,CCCCNCCCC,smee-spice2-systematic-torsion-generation_constrained-linear,2,-0.0085409526466273,0.0497252686651265,0.164,0.002
36683,2033,dens_1087422962538109584,878,Density,<Substance CCCCCC(C)=O{solv}{x=0.449900}|CCCCNCCCC{solv}{x=0.550100}>,CCCCCC(C)=O,CCCCNCCCC,smee-spice2-systematic-torsion-generation_constrained-linear,2,0.7814847546169952,0.0001262709295783,0.7778490000000002,9.250000000000004e-05
36684,2034,dens_1830187222448876426,879,Density,<Substance CCCCCC(C)=O{solv}{x=0.209700}|CCCCNCCCC{solv}{x=0.790300}>,CCCCCC(C)=O,CCCCNCCCC,smee-spice2-systematic-torsion-generation_constrained-linear,2,0.773435595526033,0.0001848315709551,0.7655110000000002,8.400000000000002e-05
36685,2035,dens_2113849591242853193,880,Density,<Substance CCCCCC(C)=O{solv}{x=0.750900}|CCCCNCCCC{solv}{x=0.249100}>,CCCCCC(C)=O,CCCCNCCCC,smee-spice2-systematic-torsion-generation_constrained-linear,2,0.7925720976987841,0.0001698887710511,0.7951660000000003,0.000105
36686,2036,dhmix_2131918011494960609,881,EnthalpyOfMixing,<Substance CCCCCC(C)=O{solv}{x=0.294700}|CCCCNCCCC{solv}{x=0.705300}>,CCCCCC(C)=O,CCCCNCCCC,smee-spice2-systematic-torsion-generation_constrained-linear,2,-0.0215188619753803,0.0560231754875936,0.256,0.003
36687,2037,dhmix_618866445574413387,882,EnthalpyOfMixing,<Substance C1CCOCC1{solv}{x=0.442500}|Cc1ccccc1C{solv}{x=0.557500}>,C1CCOCC1,Cc1ccccc1C,smee-spice2-systematic-torsion-generation_constrained-linear,2,-0.0827827956191953,0.0412797141632668,-0.0342,0.0006
36688,2038,dens_643927890193937545,883,Density,<Substance C1CCOCC1{solv}{x=0.518700}|Cc1ccccc1C{solv}{x=0.481300}>,C1CCOCC1,Cc1ccccc1C,smee-spice2-systematic-torsion-generation_constrained-linear,2,0.8726099876357546,0.0001605657297756,0.8779900000000003,0.0005
36689,2039,dhmix_1129414916141538177,884,EnthalpyOfMixing,<Substance C1CCOCC1{solv}{x=0.744300}|Cc1ccccc1C{solv}{x=0.255700}>,C1CCOCC1,Cc1ccccc1C,smee-spice2-systematic-torsion-generation_constrained-linear,2,0.056675831714088,0.0463865157527583,0.0421,0.00065
36690,2040,dens_1429468909820653032,885,Density,<Substance C1CCOCC1{solv}{x=0.231800}|Cc1ccccc1C{solv}{x=0.768200}>,C1CCOCC1,Cc1ccccc1C,smee-spice2-systematic-torsion-generation_constrained-linear,2,0.8685431332747747,0.0002260587902181,0.8770400000000002,0.0005
36691,2041,dens_1442497603142913792,886,Density,<Substance C1CCOCC1{solv}{x=0.772900}|Cc1ccccc1C{solv}{x=0.227100}>,C1CCOCC1,Cc1ccccc1C,smee-spice2-systematic-torsion-generation_constrained-linear,2,0.8770372525509814,0.0002118291978079,0.8787800000000002,0.000505
36692,2042,dhmix_2268256048157488415,887,EnthalpyOfMixing,<Substance C1CCOCC1{solv}{x=0.245400}|Cc1ccccc1C{solv}{x=0.754600}>,C1CCOCC1,Cc1ccccc1C,smee-spice2-systematic-torsion-generation_constrained-linear,2,-0.0627939218941975,0.0404166928286808,-0.0613,0.00085
36693,2043,dens_626398848152359169,888,Density,<Substance C1COCCN1{solv}{x=0.498000}|O{solv}{x=0.502000}>,C1COCCN1,O,smee-spice2-systematic-torsion-generation_constrained-linear,2,1.050748720100336,0.0003257177515434,1.0255000000000003,0.00255
36694,2044,dhmix_773913810754342365,889,EnthalpyOfMixing,<Substance C1COCCN1{solv}{x=0.714900}|O{solv}{x=0.285100}>,C1COCCN1,O,smee-spice2-systematic-torsion-generation_constrained-linear,2,-1.3677993524032956,0.0343823026360172,-1.753,0.019
36695,2045,dhmix_1012297674499495059,890,EnthalpyOfMixing,<Substance C1COCCN1{solv}{x=0.201000}|O{solv}{x=0.799000}>,C1COCCN1,O,smee-spice2-systematic-torsion-generation_constrained-linear,2,-1.021578737609417,0.0209070768166915,-2.758,0.0295
36696,2046,dens_1167008264969667349,891,Density,<Substance C1COCCN1{solv}{x=0.793000}|O{solv}{x=0.207000}>,C1COCCN1,O,smee-spice2-systematic-torsion-generation_constrained-linear,2,1.0523149643109533,0.0005027942867407,1.0057000000000005,0.00245
36697,2047,dhmix_1871930573512426354,892,EnthalpyOfMixing,<Substance C1COCCN1{solv}{x=0.491100}|O{solv}{x=0.508900}>,C1COCCN1,O,smee-spice2-systematic-torsion-generation_constrained-linear,2,-1.8085024395837197,0.0452325439985428,-3.131,0.0335
36698,2048,dens_2014911999593579414,893,Density,<Substance C1COCCN1{solv}{x=0.298000}|O{solv}{x=0.702000}>,C1COCCN1,O,smee-spice2-systematic-torsion-generation_constrained-linear,2,1.0385810217961893,0.0003155810960218,1.0309000000000004,0.00255
36699,2049,dens_627753907231278660,894,Density,<Substance CCC(C)=O{solv}{x=0.753100}|CCCNCCC{solv}{x=0.246900}>,CCC(C)=O,CCCNCCC,smee-spice2-systematic-torsion-generation_constrained-linear,2,0.769831665553244,0.0002253413340261,0.7771510000000001,0.000109
36700,2050,dens_674236159588910357,895,Density,<Substance CCC(C)=O{solv}{x=0.244600}|CCCNCCC{solv}{x=0.755400}>,CCC(C)=O,CCCNCCC,smee-spice2-systematic-torsion-generation_constrained-linear,2,0.7537321772446288,0.0002099012023581,0.7446230000000003,0.0001405
36701,2051,dhmix_749228177959685874,896,EnthalpyOfMixing,<Substance CCC(C)=O{solv}{x=0.235300}|CCCNCCC{solv}{x=0.764700}>,CCC(C)=O,CCCNCCC,smee-spice2-systematic-torsion-generation_constrained-linear,2,0.0323164135638194,0.053254719731512,0.299,0.0035
36702,2052,dhmix_1706960823617656563,897,EnthalpyOfMixing,<Substance CCC(C)=O{solv}{x=0.698400}|CCCNCCC{solv}{x=0.301600}>,CCC(C)=O,CCCNCCC,smee-spice2-systematic-torsion-generation_constrained-linear,2,0.0728169790468715,0.0374459794497795,0.334,0.0035
36703,2053,dhmix_2102794241345605516,898,EnthalpyOfMixing,<Substance CCC(C)=O{solv}{x=0.505000}|CCCNCCC{solv}{x=0.495000}>,CCC(C)=O,CCCNCCC,smee-spice2-systematic-torsion-generation_constrained-linear,2,-0.0015276704857569,0.042935282179406,0.397,0.0045
36704,2054,dens_2224864308887622456,899,Density,<Substance CCC(C)=O{solv}{x=0.500600}|CCCNCCC{solv}{x=0.499400}>,CCC(C)=O,CCCNCCC,smee-spice2-systematic-torsion-generation_constrained-linear,2,0.7612790800374926,0.0002380366489248,0.7590400000000002,0.000125
36705,2055,dhmix_628329103086906726,900,EnthalpyOfMixing,<Substance CC1CCCCC1{solv}{x=0.250400}|CCCO{solv}{x=0.749600}>,CC1CCCCC1,CCCO,smee-spice2-systematic-torsion-generation_constrained-linear,2,0.3510384818396943,0.040183004238631,0.321,0.0055
36706,2056,dhmix_989207392771680315,901,EnthalpyOfMixing,<Substance CC1CCCCC1{solv}{x=0.750500}|CCCO{solv}{x=0.249500}>,CC1CCCCC1,CCCO,smee-spice2-systematic-torsion-generation_constrained-linear,2,0.799902414181787,0.042305429305058,0.574,0.0055
36707,2057,dens_1351260115393741606,902,Density,<Substance CC1CCCCC1{solv}{x=0.503100}|CCCO{solv}{x=0.496900}>,CC1CCCCC1,CCCO,smee-spice2-systematic-torsion-generation_constrained-linear,2,0.7794476177893247,0.0002394573302395,0.7785600000000001,0.0039
36708,2058,dens_1376195506089851480,903,Density,<Substance CC1CCCCC1{solv}{x=0.202700}|CCCO{solv}{x=0.797300}>,CC1CCCCC1,CCCO,smee-spice2-systematic-torsion-generation_constrained-linear,2,0.7905475190002564,0.000190396202013,0.7942000000000002,0.00398
36709,2059,dens_1501229836503112732,904,Density,<Substance CC1CCCCC1{solv}{x=0.799000}|CCCO{solv}{x=0.201000}>,CC1CCCCC1,CCCO,smee-spice2-systematic-torsion-generation_constrained-linear,2,0.7723785170078468,0.0001735461081814,0.7688300000000002,0.003855
36710,2060,dhmix_2109805019413953371,905,EnthalpyOfMixing,<Substance CC1CCCCC1{solv}{x=0.500400}|CCCO{solv}{x=0.499600}>,CC1CCCCC1,CCCO,smee-spice2-systematic-torsion-generation_constrained-linear,2,0.760455668812682,0.0390405110089012,0.533,0.0055
36711,2061,dhmix_634764080264908666,906,EnthalpyOfMixing,<Substance OCCN1CCOCC1{solv}{x=0.498900}|O{solv}{x=0.501100}>,O,OCCN1CCOCC1,smee-spice2-systematic-torsion-generation_constrained-linear,2,-2.2483262011901104,0.0333225257424593,-2.2633,0.02415
36712,2062,dens_707792343667224312,907,Density,<Substance OCCN1CCOCC1{solv}{x=0.246600}|O{solv}{x=0.753400}>,O,OCCN1CCOCC1,smee-spice2-systematic-torsion-generation_constrained-linear,2,1.0829637171632915,0.0003808669492976,1.0838100000000002,0.00154
36713,2063,dhmix_1064373607860850902,908,EnthalpyOfMixing,<Substance OCCN1CCOCC1{solv}{x=0.694900}|O{solv}{x=0.305100}>,O,OCCN1CCOCC1,smee-spice2-systematic-torsion-generation_constrained-linear,2,-1.848505798933843,0.0478522642353369,-1.7936,0.01915
36714,2064,dhmix_1846281306963870091,909,EnthalpyOfMixing,<Substance OCCN1CCOCC1{solv}{x=0.300200}|O{solv}{x=0.699800}>,O,OCCN1CCOCC1,smee-spice2-systematic-torsion-generation_constrained-linear,2,-1.8244175545128627,0.0373376625107027,-2.426,0.026
36715,2065,dens_2238932092645470826,910,Density,<Substance OCCN1CCOCC1{solv}{x=0.743900}|O{solv}{x=0.256100}>,O,OCCN1CCOCC1,smee-spice2-systematic-torsion-generation_constrained-linear,2,1.104138183738006,0.0001768693280055,1.08031,0.001565
36716,2066,dens_2269173599223764079,911,Density,<Substance OCCN1CCOCC1{solv}{x=0.485200}|O{solv}{x=0.514800}>,O,OCCN1CCOCC1,smee-spice2-systematic-torsion-generation_constrained-linear,2,1.0975144650927198,0.0004924991373536,1.0866900000000004,0.00159
36717,2067,dhmix_636778454546345333,912,EnthalpyOfMixing,<Substance C1CCCCC1{solv}{x=0.506300}|CNc1ccccc1{solv}{x=0.493700}>,C1CCCCC1,CNc1ccccc1,smee-spice2-systematic-torsion-generation_constrained-linear,2,2.1829077670096524,0.0411690916225411,1.628,0.0175
36718,2068,dens_1209163492396921559,913,Density,<Substance C1CCCCC1{solv}{x=0.247000}|CNc1ccccc1{solv}{x=0.753000}>,C1CCCCC1,CNc1ccccc1,smee-spice2-systematic-torsion-generation_constrained-linear,2,0.939734003914286,0.0002365160725577,0.9289450000000002,0.000272
36719,2069,dens_1438140901521078017,914,Density,<Substance C1CCCCC1{solv}{x=0.494500}|CNc1ccccc1{solv}{x=0.505500}>,C1CCCCC1,CNc1ccccc1,smee-spice2-systematic-torsion-generation_constrained-linear,2,0.8786895005755276,0.000252608632208,0.8759620000000002,0.0001835
36720,2070,dens_1482697199055102595,915,Density,<Substance C1CCCCC1{solv}{x=0.746400}|CNc1ccccc1{solv}{x=0.253600}>,C1CCCCC1,CNc1ccccc1,smee-spice2-systematic-torsion-generation_constrained-linear,2,0.8199107900464827,0.0002439985032593,0.8233530000000001,0.000138
36721,2071,dhmix_1832297119731463766,916,EnthalpyOfMixing,<Substance C1CCCCC1{solv}{x=0.204700}|CNc1ccccc1{solv}{x=0.795300}>,C1CCCCC1,CNc1ccccc1,smee-spice2-systematic-torsion-generation_constrained-linear,2,1.5247927973266542,0.0363497977873667,0.972,0.0105
36722,2072,dhmix_1889368397403208807,917,EnthalpyOfMixing,<Substance C1CCCCC1{solv}{x=0.706600}|CNc1ccccc1{solv}{x=0.293400}>,C1CCCCC1,CNc1ccccc1,smee-spice2-systematic-torsion-generation_constrained-linear,2,1.890231394396963,0.0412731792052833,1.521,0.0165
36723,2073,dhmix_637657437173907469,918,EnthalpyOfMixing,<Substance CC(C)=O{solv}{x=0.709700}|CNc1ccccc1{solv}{x=0.290300}>,CC(C)=O,CNc1ccccc1,smee-spice2-systematic-torsion-generation_constrained-linear,2,-0.4340065000764355,0.0405999653358028,-0.525,0.0055
36724,2074,dhmix_817594693007274900,919,EnthalpyOfMixing,<Substance CC(C)=O{solv}{x=0.231600}|CNc1ccccc1{solv}{x=0.768400}>,CC(C)=O,CNc1ccccc1,smee-spice2-systematic-torsion-generation_constrained-linear,2,-0.5371042452003039,0.0451228577507315,-0.5,0.0055
36725,2075,dens_830664987854613197,920,Density,<Substance CC(C)=O{solv}{x=0.250300}|CNc1ccccc1{solv}{x=0.749700}>,CC(C)=O,CNc1ccccc1,smee-spice2-systematic-torsion-generation_constrained-linear,2,0.964032477650796,0.0002236205821115,0.9502900000000002,0.0003395
36726,2076,dhmix_1052042310023734389,921,EnthalpyOfMixing,<Substance CC(C)=O{solv}{x=0.508600}|CNc1ccccc1{solv}{x=0.491400}>,CC(C)=O,CNc1ccccc1,smee-spice2-systematic-torsion-generation_constrained-linear,2,-0.6117212016440376,0.0429589787473691,-0.672,0.0075
36727,2077,dens_1302333367899693905,922,Density,<Substance CC(C)=O{solv}{x=0.750600}|CNc1ccccc1{solv}{x=0.249400}>,CC(C)=O,CNc1ccccc1,smee-spice2-systematic-torsion-generation_constrained-linear,2,0.8527065402472566,0.0002928085054493,0.8565010000000002,0.000231
36728,2078,dens_1582643029733708616,923,Density,<Substance CC(C)=O{solv}{x=0.494800}|CNc1ccccc1{solv}{x=0.505200}>,CC(C)=O,CNc1ccccc1,smee-spice2-systematic-torsion-generation_constrained-linear,2,0.9165585584045712,0.0002527768699138,0.9107940000000002,0.000263
36729,2079,dens_650566412384126439,924,Density,<Substance CC(C)CC(C)(C)C{solv}{x=0.158800}|CCCCC(=O)OC{solv}{x=0.841200}>,CC(C)CC(C)(C)C,CCCCC(=O)OC,smee-spice2-systematic-torsion-generation_constrained-linear,2,0.854058814167567,0.0001815825989375,0.8463800000000002,0.000505
36730,2080,dhmix_986100941633296124,925,EnthalpyOfMixing,<Substance CC(C)CC(C)(C)C{solv}{x=0.481800}|CCCCC(=O)OC{solv}{x=0.518200}>,CC(C)CC(C)(C)C,CCCCC(=O)OC,smee-spice2-systematic-torsion-generation_constrained-linear,2,1.3502467152500586,0.0461097542853487,0.866,0.0095
36731,2081,dens_1095352626338523806,926,Density,<Substance CC(C)CC(C)(C)C{solv}{x=0.742500}|CCCCC(=O)OC{solv}{x=0.257500}>,CC(C)CC(C)(C)C,CCCCC(=O)OC,smee-spice2-systematic-torsion-generation_constrained-linear,2,0.7481170732461749,0.0001253698377799,0.7289800000000002,0.000505
36732,2082,dens_1260001645299629257,927,Density,<Substance CC(C)CC(C)(C)C{solv}{x=0.498400}|CCCCC(=O)OC{solv}{x=0.501600}>,CC(C)CC(C)(C)C,CCCCC(=O)OC,smee-spice2-systematic-torsion-generation_constrained-linear,2,0.7886275341216604,0.0001986440415576,0.7738400000000002,0.000505
36733,2083,dhmix_1505455794590867712,928,EnthalpyOfMixing,<Substance CC(C)CC(C)(C)C{solv}{x=0.158900}|CCCCC(=O)OC{solv}{x=0.841100}>,CC(C)CC(C)(C)C,CCCCC(=O)OC,smee-spice2-systematic-torsion-generation_constrained-linear,2,0.6753094224689562,0.0470527347297654,0.438,0.005
36734,2084,dhmix_1888614200283593194,929,EnthalpyOfMixing,<Substance CC(C)CC(C)(C)C{solv}{x=0.781300}|CCCCC(=O)OC{solv}{x=0.218700}>,CC(C)CC(C)(C)C,CCCCC(=O)OC,smee-spice2-systematic-torsion-generation_constrained-linear,2,1.0163310828795955,0.0514131811683745,0.658,0.007
36735,2085,dhmix_657900975986635712,930,EnthalpyOfMixing,<Substance Cc1ccccc1N{solv}{x=0.782700}|Cc1ccncc1{solv}{x=0.217300}>,Cc1ccccc1N,Cc1ccncc1,smee-spice2-systematic-torsion-generation_constrained-linear,2,-0.6213700207130088,0.0479102163012698,-0.8885,0.0182
36736,2086,dhmix_727678512066874384,931,EnthalpyOfMixing,<Substance Cc1ccccc1N{solv}{x=0.478300}|Cc1ccncc1{solv}{x=0.521700}>,Cc1ccccc1N,Cc1ccncc1,smee-spice2-systematic-torsion-generation_constrained-linear,2,-1.1495888693519376,0.0377940311864511,-1.4295,0.0291
36737,2087,dhmix_860941552641107708,932,EnthalpyOfMixing,<Substance Cc1ccccc1N{solv}{x=0.271500}|Cc1ccncc1{solv}{x=0.728500}>,Cc1ccccc1N,Cc1ccncc1,smee-spice2-systematic-torsion-generation_constrained-linear,2,-1.071577573042127,0.0408875878677774,-1.1791,0.02405
36738,2088,dens_1148106102021344214,933,Density,<Substance Cc1ccccc1N{solv}{x=0.265500}|Cc1ccncc1{solv}{x=0.734500}>,Cc1ccccc1N,Cc1ccncc1,smee-spice2-systematic-torsion-generation_constrained-linear,2,0.9817913982998756,0.0002243284243287,0.9662520000000002,0.00012
36739,2089,dens_1294189007890656769,934,Density,<Substance Cc1ccccc1N{solv}{x=0.486300}|Cc1ccncc1{solv}{x=0.513700}>,Cc1ccccc1N,Cc1ccncc1,smee-spice2-systematic-torsion-generation_constrained-linear,2,0.9980233650097212,0.0002095308633401,0.9765780000000002,0.000119
36740,2090,dens_1461384477504239974,935,Density,<Substance Cc1ccccc1N{solv}{x=0.767400}|Cc1ccncc1{solv}{x=0.232600}>,Cc1ccccc1N,Cc1ccncc1,smee-spice2-systematic-torsion-generation_constrained-linear,2,1.015985833864658,0.0002095273530795,0.9868740000000004,0.000118
36741,2091,dens_671712471159959715,936,Density,<Substance CCCCCCN{solv}{x=0.294400}|CN(C)C=O{solv}{x=0.705600}>,CCCCCCN,CN(C)C=O,smee-spice2-systematic-torsion-generation_constrained-linear,2,0.8691347169122667,0.0001374027706049,0.8676880000000002,0.001057
36742,2092,dhmix_791979567859859400,937,EnthalpyOfMixing,<Substance CCCCCCN{solv}{x=0.747800}|CN(C)C=O{solv}{x=0.252200}>,CCCCCCN,CN(C)C=O,smee-spice2-systematic-torsion-generation_constrained-linear,2,0.459643196350612,0.0484021316621945,0.461,0.015
36743,2093,dens_812907294215791908,938,Density,<Substance CCCCCCN{solv}{x=0.450000}|CN(C)C=O{solv}{x=0.550000}>,CCCCCCN,CN(C)C=O,smee-spice2-systematic-torsion-generation_constrained-linear,2,0.8455460581006773,0.0002258667622067,0.8367510000000001,0.001016
36744,2094,dhmix_1553880519684715156,939,EnthalpyOfMixing,<Substance CCCCCCN{solv}{x=0.249700}|CN(C)C=O{solv}{x=0.750300}>,CCCCCCN,CN(C)C=O,smee-spice2-systematic-torsion-generation_constrained-linear,2,0.4298471652162696,0.0421770781255099,0.51,0.0165
36745,2095,dens_1658157305664412923,940,Density,<Substance CCCCCCN{solv}{x=0.745200}|CN(C)C=O{solv}{x=0.254800}>,CCCCCCN,CN(C)C=O,smee-spice2-systematic-torsion-generation_constrained-linear,2,0.8101686029397788,0.0002053056548327,0.7905460000000002,0.0009575
36746,2096,dhmix_2271922176351407084,941,EnthalpyOfMixing,<Substance CCCCCCN{solv}{x=0.499700}|CN(C)C=O{solv}{x=0.500300}>,CCCCCCN,CN(C)C=O,smee-spice2-systematic-torsion-generation_constrained-linear,2,0.5124574184899444,0.0423821787783861,0.661,0.02
36747,2097,dhmix_676105854791415053,942,EnthalpyOfMixing,<Substance C=C(C)[C@H]1CC=C(C)CC1{solv}{x=0.540000}|CCCCCO{solv}{x=0.460000}>,C=C(C)[C@H]1CC=C(C)CC1,CCCCCO,smee-spice2-systematic-torsion-generation_constrained-linear,2,0.8666363341543075,0.0483077054471528,0.858,0.0345
36748,2098,dhmix_865539540276734208,943,EnthalpyOfMixing,<Substance C=C(C)[C@H]1CC=C(C)CC1{solv}{x=0.766000}|CCCCCO{solv}{x=0.234000}>,C=C(C)[C@H]1CC=C(C)CC1,CCCCCO,smee-spice2-systematic-torsion-generation_constrained-linear,2,0.9159127641777118,0.0527400600693722,0.782,0.0315
36749,2099,dens_1544700949225348296,944,Density,<Substance C=C(C)[C@H]1CC=C(C)CC1{solv}{x=0.263500}|CCCCCO{solv}{x=0.736500}>,C=C(C)[C@H]1CC=C(C)CC1,CCCCCO,smee-spice2-systematic-torsion-generation_constrained-linear,2,0.822101912370701,0.0001493929996739,0.8238000000000002,0.0002
36750,2100,dens_1638649899512334435,945,Density,<Substance C=C(C)[C@H]1CC=C(C)CC1{solv}{x=0.543500}|CCCCCO{solv}{x=0.456500}>,C=C(C)[C@H]1CC=C(C)CC1,CCCCCO,smee-spice2-systematic-torsion-generation_constrained-linear,2,0.825462302412144,0.000181503494478,0.8312000000000003,0.0003
36751,2101,dens_2014432371647189246,946,Density,<Substance C=C(C)[C@H]1CC=C(C)CC1{solv}{x=0.725200}|CCCCCO{solv}{x=0.274800}>,C=C(C)[C@H]1CC=C(C)CC1,CCCCCO,smee-spice2-systematic-torsion-generation_constrained-linear,2,0.827424516479627,0.0002001490475289,0.8354000000000001,0.00035
36752,2102,dhmix_2293008983270202716,947,EnthalpyOfMixing,<Substance C=C(C)[C@H]1CC=C(C)CC1{solv}{x=0.272000}|CCCCCO{solv}{x=0.728000}>,C=C(C)[C@H]1CC=C(C)CC1,CCCCCO,smee-spice2-systematic-torsion-generation_constrained-linear,2,0.5002149605839179,0.0525034336406079,0.532,0.0215
36753,2103,dens_680086766431069719,948,Density,<Substance CN1CCNCC1{solv}{x=0.209100}|O{solv}{x=0.790900}>,CN1CCNCC1,O,smee-spice2-systematic-torsion-generation_constrained-linear,2,1.0084083956624843,0.0003502354687341,1.0013300000000005,4.000000000000001e-05
36754,2104,dhmix_979415629850644100,949,EnthalpyOfMixing,<Substance CN1CCNCC1{solv}{x=0.199800}|O{solv}{x=0.800200}>,CN1CCNCC1,O,smee-spice2-systematic-torsion-generation_constrained-linear,2,-3.2310689223127227,0.0347480013780134,-4.495,0.048
36755,2105,dhmix_1386641258873877278,950,EnthalpyOfMixing,<Substance CN1CCNCC1{solv}{x=0.792600}|O{solv}{x=0.207400}>,CN1CCNCC1,O,smee-spice2-systematic-torsion-generation_constrained-linear,2,-1.4182513513523531,0.0409545298739278,-1.753,0.019
36756,2106,dhmix_1572121970391530461,951,EnthalpyOfMixing,<Substance CN1CCNCC1{solv}{x=0.550000}|O{solv}{x=0.450000}>,CN1CCNCC1,O,smee-spice2-systematic-torsion-generation_constrained-linear,2,-3.0064813374030734,0.0375013056704816,-3.547,0.038
36757,2107,dens_1756096179620961699,952,Density,<Substance CN1CCNCC1{solv}{x=0.510900}|O{solv}{x=0.489100}>,CN1CCNCC1,O,smee-spice2-systematic-torsion-generation_constrained-linear,2,0.9968254193291528,0.000390082925124,0.9464100000000002,7.000000000000002e-05
36758,2108,dens_1892970147583328629,953,Density,<Substance CN1CCNCC1{solv}{x=0.706500}|O{solv}{x=0.293500}>,CN1CCNCC1,O,smee-spice2-systematic-torsion-generation_constrained-linear,2,0.9832362736394228,0.000305097358781,0.9223100000000002,8.500000000000002e-05
36759,2109,dhmix_681274412655414068,954,EnthalpyOfMixing,<Substance CCCOC(=O)CC{solv}{x=0.739400}|Cc1ccccc1{solv}{x=0.260600}>,CCCOC(=O)CC,Cc1ccccc1,smee-spice2-systematic-torsion-generation_constrained-linear,2,-0.2371288360300809,0.0443098288750828,-0.1135,0.0033
36760,2110,dhmix_720914323963600437,955,EnthalpyOfMixing,<Substance CCCOC(=O)CC{solv}{x=0.238900}|Cc1ccccc1{solv}{x=0.761100}>,CCCOC(=O)CC,Cc1ccccc1,smee-spice2-systematic-torsion-generation_constrained-linear,2,-0.2833399371056657,0.042977610948738,-0.1404,0.0037
36761,2111,dens_1397630560016316656,956,Density,<Substance CCCOC(=O)CC{solv}{x=0.274700}|Cc1ccccc1{solv}{x=0.725300}>,CCCOC(=O)CC,Cc1ccccc1,smee-spice2-systematic-torsion-generation_constrained-linear,2,0.8689817559243864,0.0002240206201219,0.8675700000000003,0.00018
36762,2112,dhmix_1646061995263935606,957,EnthalpyOfMixing,<Substance CCCOC(=O)CC{solv}{x=0.548600}|Cc1ccccc1{solv}{x=0.451400}>,CCCOC(=O)CC,Cc1ccccc1,smee-spice2-systematic-torsion-generation_constrained-linear,2,-0.3555806863547701,0.0427481100201197,-0.1583,0.004
36763,2113,dens_1792064777238352129,958,Density,<Substance CCCOC(=O)CC{solv}{x=0.490700}|Cc1ccccc1{solv}{x=0.509300}>,CCCOC(=O)CC,Cc1ccccc1,smee-spice2-systematic-torsion-generation_constrained-linear,2,0.874255023546532,0.0002345354856396,0.8707300000000002,0.00019
36764,2114,dens_1826904081955826008,959,Density,<Substance CCCOC(=O)CC{solv}{x=0.734600}|Cc1ccccc1{solv}{x=0.265400}>,CCCOC(=O)CC,Cc1ccccc1,smee-spice2-systematic-torsion-generation_constrained-linear,2,0.8780411393190292,0.0002292441756812,0.8734100000000001,0.00021
36765,2115,dens_685747331874801159,960,Density,<Substance CN1CCOCC1{solv}{x=0.498300}|O{solv}{x=0.501700}>,CN1CCOCC1,O,smee-spice2-systematic-torsion-generation_constrained-linear,2,0.9897197272004804,0.0003590392192126,0.9627600000000002,0.00084
36766,2116,dens_1087644349445114282,961,Density,<Substance CN1CCOCC1{solv}{x=0.253800}|O{solv}{x=0.746200}>,CN1CCOCC1,O,smee-spice2-systematic-torsion-generation_constrained-linear,2,0.9946553159351852,0.0003578740007575,0.9918800000000002,0.00059
36767,2117,dens_1374975991061431070,962,Density,<Substance CN1CCOCC1{solv}{x=0.758700}|O{solv}{x=0.241300}>,CN1CCOCC1,O,smee-spice2-systematic-torsion-generation_constrained-linear,2,0.9793340353248902,0.0002208196874054,0.9345300000000002,0.00112
36768,2118,dhmix_686592400130667234,963,EnthalpyOfMixing,<Substance BrCCCBr{solv}{x=0.231300}|COC(C)=O{solv}{x=0.768700}>,BrCCCBr,COC(C)=O,smee-spice2-systematic-torsion-generation_constrained-linear,2,0.1220675908346464,0.0374334232377642,0.2115,0.0024
36769,2119,dhmix_691866222529030049,964,EnthalpyOfMixing,<Substance BrCCCBr{solv}{x=0.504200}|COC(C)=O{solv}{x=0.495800}>,BrCCCBr,COC(C)=O,smee-spice2-systematic-torsion-generation_constrained-linear,2,0.1467770481195494,0.0352722937559105,0.3912,0.0038
36770,2120,dens_1032175440351342196,965,Density,<Substance BrCCCBr{solv}{x=0.243500}|COC(C)=O{solv}{x=0.756500}>,BrCCCBr,COC(C)=O,smee-spice2-systematic-torsion-generation_constrained-linear,2,1.2313193792382813,0.0003542829688028,1.2277600000000002,0.00096
36771,2121,dens_1180265274183315765,966,Density,<Substance BrCCCBr{solv}{x=0.713800}|COC(C)=O{solv}{x=0.286200}>,BrCCCBr,COC(C)=O,smee-spice2-systematic-torsion-generation_constrained-linear,2,1.6981772269196882,0.0006003284990825,1.7174300000000005,0.002745
36772,2122,dhmix_1380172638999588939,967,EnthalpyOfMixing,<Substance BrCCCBr{solv}{x=0.759400}|COC(C)=O{solv}{x=0.240600}>,BrCCCBr,COC(C)=O,smee-spice2-systematic-torsion-generation_constrained-linear,2,0.0699880430586468,0.0355399427415889,0.313,0.0032
36773,2123,dens_1697077234757321859,968,Density,<Substance BrCCCBr{solv}{x=0.525600}|COC(C)=O{solv}{x=0.474400}>,BrCCCBr,COC(C)=O,smee-spice2-systematic-torsion-generation_constrained-linear,2,1.5259650690697977,0.0004512972099856,1.5338800000000006,0.001965
36774,2124,dens_693154680723850561,969,Density,<Substance CN1CCCC1=O{solv}{x=0.756400}|Cc1ccccc1{solv}{x=0.243600}>,CN1CCCC1=O,Cc1ccccc1,smee-spice2-systematic-torsion-generation_constrained-linear,2,0.970712090450779,0.0002043873865812,0.9854500000000004,0.00034
36775,2125,dhmix_1759507684169085916,970,EnthalpyOfMixing,<Substance CN1CCCC1=O{solv}{x=0.741800}|Cc1ccccc1{solv}{x=0.258200}>,CN1CCCC1=O,Cc1ccccc1,smee-spice2-systematic-torsion-generation_constrained-linear,2,0.0423746392761437,0.0466750236528898,-0.2141,0.0024
36776,2126,dens_1796497685752507694,971,Density,<Substance CN1CCCC1=O{solv}{x=0.481500}|Cc1ccccc1{solv}{x=0.518500}>,CN1CCCC1=O,Cc1ccccc1,smee-spice2-systematic-torsion-generation_constrained-linear,2,0.9314084951373096,0.0002351556865958,0.9415400000000002,0.00028
36777,2127,dhmix_1857599089574133884,972,EnthalpyOfMixing,<Substance CN1CCCC1=O{solv}{x=0.223100}|Cc1ccccc1{solv}{x=0.776900}>,CN1CCCC1=O,Cc1ccccc1,smee-spice2-systematic-torsion-generation_constrained-linear,2,-0.0465948156679871,0.0400878915374736,-0.1889,0.00215
36778,2128,dens_1886489466266398819,973,Density,<Substance CN1CCCC1=O{solv}{x=0.221600}|Cc1ccccc1{solv}{x=0.778400}>,CN1CCCC1=O,Cc1ccccc1,smee-spice2-systematic-torsion-generation_constrained-linear,2,0.9014415672730304,0.0002515074101978,0.9061600000000002,0.00076
36779,2129,dhmix_2238554893157725289,974,EnthalpyOfMixing,<Substance CN1CCCC1=O{solv}{x=0.482100}|Cc1ccccc1{solv}{x=0.517900}>,CN1CCCC1=O,Cc1ccccc1,smee-spice2-systematic-torsion-generation_constrained-linear,2,-0.0693037033704691,0.033660541244648,-0.2985,0.0033
36780,2130,dens_717951284355382404,975,Density,<Substance CN1CCCC1=O{solv}{x=0.702300}|ClCCCCCCCl{solv}{x=0.297700}>,CN1CCCC1=O,ClCCCCCCCl,smee-spice2-systematic-torsion-generation_constrained-linear,2,1.0335677282440223,0.0002019941090114,1.0416,0.0003
36781,2131,dhmix_859697969059379656,976,EnthalpyOfMixing,<Substance CN1CCCC1=O{solv}{x=0.503000}|ClCCCCCCCl{solv}{x=0.497000}>,CN1CCCC1=O,ClCCCCCCCl,smee-spice2-systematic-torsion-generation_constrained-linear,2,0.2577811011058983,0.0460568549088659,-0.2,0.0025
36782,2132,dhmix_916885053388204545,977,EnthalpyOfMixing,<Substance CN1CCCC1=O{solv}{x=0.212000}|ClCCCCCCCl{solv}{x=0.788000}>,CN1CCCC1=O,ClCCCCCCCl,smee-spice2-systematic-torsion-generation_constrained-linear,2,0.1649736658723384,0.0492681388121919,-0.13,0.002
36783,2133,dens_1483670447992291960,978,Density,<Substance CN1CCCC1=O{solv}{x=0.201600}|ClCCCCCCCl{solv}{x=0.798400}>,CN1CCCC1=O,ClCCCCCCCl,smee-spice2-systematic-torsion-generation_constrained-linear,2,1.0602311122352004,0.0002231878443577,1.0584000000000005,0.00055
36784,2134,dens_1896555095774116819,979,Density,<Substance CN1CCCC1=O{solv}{x=0.504900}|ClCCCCCCCl{solv}{x=0.495100}>,CN1CCCC1=O,ClCCCCCCCl,smee-spice2-systematic-torsion-generation_constrained-linear,2,1.0453651741704515,0.0002205399985918,1.0490000000000002,0.00035
36785,2135,dhmix_2039443272323887912,980,EnthalpyOfMixing,<Substance CN1CCCC1=O{solv}{x=0.797000}|ClCCCCCCCl{solv}{x=0.203000}>,CN1CCCC1=O,ClCCCCCCCl,smee-spice2-systematic-torsion-generation_constrained-linear,2,0.2134979108922508,0.0447693416092004,-0.123,0.002
36786,2136,dhmix_729169544598225866,981,EnthalpyOfMixing,<Substance CN(C)C=O{solv}{x=0.203000}|ClCCCCCCCl{solv}{x=0.797000}>,CN(C)C=O,ClCCCCCCCl,smee-spice2-systematic-torsion-generation_constrained-linear,2,0.5193659050052446,0.0497685699895276,0.195,0.0025
36787,2137,dhmix_1359105787212172230,982,EnthalpyOfMixing,<Substance CN(C)C=O{solv}{x=0.796000}|ClCCCCCCCl{solv}{x=0.204000}>,CN(C)C=O,ClCCCCCCCl,smee-spice2-systematic-torsion-generation_constrained-linear,2,0.4740350805797142,0.0383284572573223,0.24,0.0025
36788,2138,dhmix_1534380829757525169,983,EnthalpyOfMixing,<Substance CN(C)C=O{solv}{x=0.498000}|ClCCCCCCCl{solv}{x=0.502000}>,CN(C)C=O,ClCCCCCCCl,smee-spice2-systematic-torsion-generation_constrained-linear,2,0.6609995739747561,0.0428179800139193,0.34,0.0025
36789,2139,dens_1752369236407148840,984,Density,<Substance CN(C)C=O{solv}{x=0.503300}|ClCCCCCCCl{solv}{x=0.496700}>,CN(C)C=O,ClCCCCCCCl,smee-spice2-systematic-torsion-generation_constrained-linear,2,1.0153636720887234,0.0002518431156882,1.0190000000000003,0.00155
36790,2140,dens_2070195997725277466,985,Density,<Substance CN(C)C=O{solv}{x=0.703400}|ClCCCCCCCl{solv}{x=0.296600}>,CN(C)C=O,ClCCCCCCCl,smee-spice2-systematic-torsion-generation_constrained-linear,2,0.9855476018600676,0.000260782234501,0.9943000000000002,0.0017
36791,2141,dens_2171945276872385012,986,Density,<Substance CN(C)C=O{solv}{x=0.201300}|ClCCCCCCCl{solv}{x=0.798700}>,CN(C)C=O,ClCCCCCCCl,smee-spice2-systematic-torsion-generation_constrained-linear,2,1.0491616787990885,0.0002404325694528,1.0486000000000002,0.0014
36792,2142,dens_741100297092592576,987,Density,<Substance C1CCCCC1{solv}{x=0.265900}|C1CCOCC1{solv}{x=0.734100}>,C1CCCCC1,C1CCOCC1,smee-spice2-systematic-torsion-generation_constrained-linear,2,0.8463222332485714,0.0002165052233104,0.8470300000000002,0.000505
36793,2143,dens_1002639246322609242,988,Density,<Substance C1CCCCC1{solv}{x=0.762200}|C1CCOCC1{solv}{x=0.237800}>,C1CCCCC1,C1CCOCC1,smee-spice2-systematic-torsion-generation_constrained-linear,2,0.7892003531996301,0.0001752971731087,0.7952000000000002,0.000505
36794,2144,dhmix_1171155554844966705,989,EnthalpyOfMixing,<Substance C1CCCCC1{solv}{x=0.247100}|C1CCOCC1{solv}{x=0.752900}>,C1CCCCC1,C1CCOCC1,smee-spice2-systematic-torsion-generation_constrained-linear,2,0.547410270727184,0.0431204737575955,0.3613,0.00395
36795,2145,dens_2142973677177666085,990,Density,<Substance C1CCCCC1{solv}{x=0.501800}|C1CCOCC1{solv}{x=0.498200}>,C1CCCCC1,C1CCOCC1,smee-spice2-systematic-torsion-generation_constrained-linear,2,0.8179615622299761,0.0001971759317732,0.8211500000000002,0.000505
36796,2146,dhmix_2195791820105752985,991,EnthalpyOfMixing,<Substance C1CCCCC1{solv}{x=0.726600}|C1CCOCC1{solv}{x=0.273400}>,C1CCCCC1,C1CCOCC1,smee-spice2-systematic-torsion-generation_constrained-linear,2,0.5822556434843307,0.0451764258256268,0.4424,0.00485
36797,2147,dhmix_2296999979529762407,992,EnthalpyOfMixing,<Substance C1CCCCC1{solv}{x=0.499000}|C1CCOCC1{solv}{x=0.501000}>,C1CCCCC1,C1CCOCC1,smee-spice2-systematic-torsion-generation_constrained-linear,2,0.6671235899149508,0.0430621384919984,0.526,0.0055
36798,2148,dhmix_744994939606384802,993,EnthalpyOfMixing,<Substance CO{solv}{x=0.300000}|O{solv}{x=0.700000}>,CO,O,smee-spice2-systematic-torsion-generation_constrained-linear,2,0.1293993079410995,0.0213884482573448,-0.85,0.005
36799,2149,dens_1085345433585028387,994,Density,<Substance CO{solv}{x=0.499700}|O{solv}{x=0.500300}>,CO,O,smee-spice2-systematic-torsion-generation_constrained-linear,2,0.8440730566242869,0.0003359292092109,0.8816900000000003,0.000165
36800,2150,dhmix_1126710771921470495,995,EnthalpyOfMixing,<Substance CO{solv}{x=0.700000}|O{solv}{x=0.300000}>,CO,O,smee-spice2-systematic-torsion-generation_constrained-linear,2,0.0382799777833469,0.026221897991862,-0.583,0.0035
36801,2151,dens_1258832080354057572,996,Density,<Substance CO{solv}{x=0.300300}|O{solv}{x=0.699700}>,CO,O,smee-spice2-systematic-torsion-generation_constrained-linear,2,0.8884971602885016,0.0004725694028792,0.9252100000000004,0.000125
36802,2152,dens_1758371820245200558,997,Density,<Substance CO{solv}{x=0.760500}|O{solv}{x=0.239500}>,CO,O,smee-spice2-systematic-torsion-generation_constrained-linear,2,0.8004677508037722,0.0004153107497638,0.8289000000000002,0.0001
36803,2153,dhmix_1824296469249495553,998,EnthalpyOfMixing,<Substance CO{solv}{x=0.500000}|O{solv}{x=0.500000}>,CO,O,smee-spice2-systematic-torsion-generation_constrained-linear,2,0.187330163315103,0.0228408507245846,-0.777,0.0045
36804,2154,dhmix_753952445434773754,999,EnthalpyOfMixing,<Substance CCCCCCCCCl{solv}{x=0.493000}|CN1CCCC1=O{solv}{x=0.507000}>,CCCCCCCCCl,CN1CCCC1=O,smee-spice2-systematic-torsion-generation_constrained-linear,2,1.165363822170896,0.0448304987496228,0.638,0.0035
36805,2155,dhmix_1273186684325800862,1000,EnthalpyOfMixing,<Substance CCCCCCCCCl{solv}{x=0.783000}|CN1CCCC1=O{solv}{x=0.217000}>,CCCCCCCCCl,CN1CCCC1=O,smee-spice2-systematic-torsion-generation_constrained-linear,2,0.7964242595272282,0.0538496528306028,0.371,0.003
36806,2156,dhmix_1457789704046029008,1001,EnthalpyOfMixing,<Substance CCCCCCCCCl{solv}{x=0.202000}|CN1CCCC1=O{solv}{x=0.798000}>,CCCCCCCCCl,CN1CCCC1=O,smee-spice2-systematic-torsion-generation_constrained-linear,2,0.944258403482742,0.0438082371009471,0.5,0.0035
36807,2157,dens_1965529278608066299,1002,Density,<Substance CCCCCCCCCl{solv}{x=0.299500}|CN1CCCC1=O{solv}{x=0.700500}>,CCCCCCCCCl,CN1CCCC1=O,smee-spice2-systematic-torsion-generation_constrained-linear,2,0.9508762088243722,0.0001772100909051,0.9598000000000002,0.00025
36808,2158,dens_2167805246575708222,1003,Density,<Substance CCCCCCCCCl{solv}{x=0.798600}|CN1CCCC1=O{solv}{x=0.201400}>,CCCCCCCCCl,CN1CCCC1=O,smee-spice2-systematic-torsion-generation_constrained-linear,2,0.8874556514476771,0.0002078707769156,0.8888000000000001,0.00055
36809,2159,dens_2177162670107081086,1004,Density,<Substance CCCCCCCCCl{solv}{x=0.497900}|CN1CCCC1=O{solv}{x=0.502100}>,CCCCCCCCCl,CN1CCCC1=O,smee-spice2-systematic-torsion-generation_constrained-linear,2,0.9219768901979376,0.0001565143684392,0.9269000000000002,0.00035
36810,2160,dhmix_756380521637559100,1005,EnthalpyOfMixing,<Substance C1COCCO1{solv}{x=0.500000}|O=C1CCCCC1{solv}{x=0.500000}>,C1COCCO1,O=C1CCCCC1,smee-spice2-systematic-torsion-generation_constrained-linear,2,0.2227714600789596,0.0413871134928452,0.28584,0.00154
36811,2161,dens_1139761443535371798,1006,Density,<Substance C1COCCO1{solv}{x=0.459400}|O=C1CCCCC1{solv}{x=0.540600}>,C1COCCO1,O=C1CCCCC1,smee-spice2-systematic-torsion-generation_constrained-linear,2,0.9717504932322264,0.0002495232048566,0.9762000000000004,0.00025
36812,2162,dhmix_1367833850972054360,1007,EnthalpyOfMixing,<Substance C1COCCO1{solv}{x=0.750000}|O=C1CCCCC1{solv}{x=0.250000}>,C1COCCO1,O=C1CCCCC1,smee-spice2-systematic-torsion-generation_constrained-linear,2,0.1870386848565601,0.0427227212034937,0.23662,0.001355
36813,2163,dhmix_1533665710565492443,1008,EnthalpyOfMixing,<Substance C1COCCO1{solv}{x=0.250000}|O=C1CCCCC1{solv}{x=0.750000}>,C1COCCO1,O=C1CCCCC1,smee-spice2-systematic-torsion-generation_constrained-linear,2,0.2140297438277212,0.0437479114164638,0.20076,0.00121
36814,2164,dens_1556646832168598904,1009,Density,<Substance C1COCCO1{solv}{x=0.797800}|O=C1CCCCC1{solv}{x=0.202200}>,C1COCCO1,O=C1CCCCC1,smee-spice2-systematic-torsion-generation_constrained-linear,2,1.01364014619856,0.0002487126382294,1.0062000000000002,0.00025
36815,2165,dens_1806066395455679216,1010,Density,<Substance C1COCCO1{solv}{x=0.272000}|O=C1CCCCC1{solv}{x=0.728000}>,C1COCCO1,O=C1CCCCC1,smee-spice2-systematic-torsion-generation_constrained-linear,2,0.9517899801479024,0.0002084240440572,0.9614000000000004,0.00025
36816,2166,dhmix_781473821930081125,1011,EnthalpyOfMixing,<Substance CCOc1ccccc1{solv}{x=0.765100}|OCc1ccccc1{solv}{x=0.234900}>,CCOc1ccccc1,OCc1ccccc1,smee-spice2-systematic-torsion-generation_constrained-linear,2,0.8974744937723074,0.0526134040077653,1.083,0.0116
36817,2167,dhmix_966435122735090568,1012,EnthalpyOfMixing,<Substance CCOc1ccccc1{solv}{x=0.063600}|OCc1ccccc1{solv}{x=0.936400}>,CCOc1ccccc1,OCc1ccccc1,smee-spice2-systematic-torsion-generation_constrained-linear,2,0.1254466157121214,0.0451176913831912,0.1901,0.00225
36818,2168,dens_1184318999137642715,1013,Density,<Substance CCOc1ccccc1{solv}{x=0.064200}|OCc1ccccc1{solv}{x=0.935800}>,CCOc1ccccc1,OCc1ccccc1,smee-spice2-systematic-torsion-generation_constrained-linear,2,1.03575639318041,0.0002312351785338,1.02761,0.00011
36819,2169,dhmix_1518701992890040137,1014,EnthalpyOfMixing,<Substance CCOc1ccccc1{solv}{x=0.549900}|OCc1ccccc1{solv}{x=0.450100}>,CCOc1ccccc1,OCc1ccccc1,smee-spice2-systematic-torsion-generation_constrained-linear,2,0.9608757574746392,0.0493912483604853,1.0561,0.01135
36820,2170,dens_1575045736805268459,1015,Density,<Substance CCOc1ccccc1{solv}{x=0.459800}|OCc1ccccc1{solv}{x=0.540200}>,CCOc1ccccc1,OCc1ccccc1,smee-spice2-systematic-torsion-generation_constrained-linear,2,0.9983418595269408,0.0002353505965568,0.9925100000000002,0.00016
36821,2171,dens_2214650701288997434,1016,Density,<Substance CCOc1ccccc1{solv}{x=0.757200}|OCc1ccccc1{solv}{x=0.242800}>,CCOc1ccccc1,OCc1ccccc1,smee-spice2-systematic-torsion-generation_constrained-linear,2,0.973513744550457,0.0002128325589159,0.9686500000000002,0.000215
36822,2172,dens_800807749587668066,1017,Density,<Substance C1CCOCC1{solv}{x=0.733600}|c1ccncc1{solv}{x=0.266400}>,C1CCOCC1,c1ccncc1,smee-spice2-systematic-torsion-generation_constrained-linear,2,0.8978868294152893,0.0002671754863499,0.8933350000000002,0.000358
36823,2173,dhmix_836757145941804043,1018,EnthalpyOfMixing,<Substance C1CCOCC1{solv}{x=0.291500}|c1ccncc1{solv}{x=0.708500}>,C1CCOCC1,c1ccncc1,smee-spice2-systematic-torsion-generation_constrained-linear,2,0.0162494483287147,0.0404320970080226,0.0898,0.00095
36824,2174,dhmix_1003039131395935786,1019,EnthalpyOfMixing,<Substance C1CCOCC1{solv}{x=0.536300}|c1ccncc1{solv}{x=0.463700}>,C1CCOCC1,c1ccncc1,smee-spice2-systematic-torsion-generation_constrained-linear,2,0.0665013736635273,0.039462861496125,0.1573,0.0013
36825,2175,dens_1859030547600172702,1020,Density,<Substance C1CCOCC1{solv}{x=0.241500}|c1ccncc1{solv}{x=0.758500}>,C1CCOCC1,c1ccncc1,smee-spice2-systematic-torsion-generation_constrained-linear,2,0.9641788278337152,0.0002947833021936,0.9525650000000004,0.000212
36826,2176,dhmix_2191254706131659314,1021,EnthalpyOfMixing,<Substance C1CCOCC1{solv}{x=0.734400}|c1ccncc1{solv}{x=0.265600}>,C1CCOCC1,c1ccncc1,smee-spice2-systematic-torsion-generation_constrained-linear,2,0.0147033736528499,0.043711132626993,0.1564,0.0013
36827,2177,dens_2239470871208865925,1022,Density,<Substance C1CCOCC1{solv}{x=0.536400}|c1ccncc1{solv}{x=0.463600}>,C1CCOCC1,c1ccncc1,smee-spice2-systematic-torsion-generation_constrained-linear,2,0.9192353888356368,0.0002653116121638,0.9124250000000002,0.0002965
36828,2178,dens_801655585640229277,1023,Density,<Substance C1CCOCC1{solv}{x=0.777600}|CCCC(C)=O{solv}{x=0.222400}>,C1CCOCC1,CCCC(C)=O,smee-spice2-systematic-torsion-generation_constrained-linear,2,0.8582732614003837,0.0002547404152616,0.8602600000000002,0.000225
36829,2179,dhmix_1175081460677389458,1024,EnthalpyOfMixing,<Substance C1CCOCC1{solv}{x=0.250000}|CCCC(C)=O{solv}{x=0.750000}>,C1CCOCC1,CCCC(C)=O,smee-spice2-systematic-torsion-generation_constrained-linear,2,0.1475487672970885,0.0364860166351919,0.06014,0.00063
36830,2180,dens_1481139606755572767,1025,Density,<Substance C1CCOCC1{solv}{x=0.236100}|CCCC(C)=O{solv}{x=0.763900}>,C1CCOCC1,CCCC(C)=O,smee-spice2-systematic-torsion-generation_constrained-linear,2,0.80804921695149,0.0002100636553848,0.8183900000000002,0.000215
36831,2181,dhmix_1531586108535895092,1026,EnthalpyOfMixing,<Substance C1CCOCC1{solv}{x=0.750000}|CCCC(C)=O{solv}{x=0.250000}>,C1CCOCC1,CCCC(C)=O,smee-spice2-systematic-torsion-generation_constrained-linear,2,0.1276222875289363,0.0421149315217813,0.08245,0.000715
36832,2182,dhmix_2074691820693967219,1027,EnthalpyOfMixing,<Substance C1CCOCC1{solv}{x=0.500000}|CCCC(C)=O{solv}{x=0.500000}>,C1CCOCC1,CCCC(C)=O,smee-spice2-systematic-torsion-generation_constrained-linear,2,0.1590062212837075,0.0439549767802397,0.09128,0.000745
36833,2183,dens_2180187104403779312,1028,Density,<Substance C1CCOCC1{solv}{x=0.504600}|CCCC(C)=O{solv}{x=0.495400}>,C1CCOCC1,CCCC(C)=O,smee-spice2-systematic-torsion-generation_constrained-linear,2,0.8321901260749776,0.0002415315163455,0.8386000000000002,0.00022
36834,2184,dhmix_814516627068967115,1029,EnthalpyOfMixing,<Substance CCCOC=O{solv}{x=0.230800}|ClCCCCl{solv}{x=0.769200}>,CCCOC=O,ClCCCCl,smee-spice2-systematic-torsion-generation_constrained-linear,2,0.2265912104901062,0.0330085781635847,-0.054,0.001
36835,2185,dens_853749747181024442,1030,Density,<Substance CCCOC=O{solv}{x=0.525500}|ClCCCCl{solv}{x=0.474500}>,CCCOC=O,ClCCCCl,smee-spice2-systematic-torsion-generation_constrained-linear,2,1.040788981842073,0.0002832250900098,1.0302400000000005,0.00176
36836,2186,dhmix_1623640482466530427,1031,EnthalpyOfMixing,<Substance CCCOC=O{solv}{x=0.750900}|ClCCCCl{solv}{x=0.249100}>,CCCOC=O,ClCCCCl,smee-spice2-systematic-torsion-generation_constrained-linear,2,0.0892493229496445,0.0336908355441151,-0.088,0.001
36837,2187,dens_1998603470347754754,1032,Density,<Substance CCCOC=O{solv}{x=0.233600}|ClCCCCl{solv}{x=0.766400}>,CCCOC=O,ClCCCCl,smee-spice2-systematic-torsion-generation_constrained-linear,2,1.1120966394520064,0.0003173362471545,1.1122200000000002,0.00274
36838,2188,dhmix_2003217087101692001,1033,EnthalpyOfMixing,<Substance CCCOC=O{solv}{x=0.514500}|ClCCCCl{solv}{x=0.485500}>,CCCOC=O,ClCCCCl,smee-spice2-systematic-torsion-generation_constrained-linear,2,0.1970162005848905,0.0380948153945319,-0.114,0.0015
36839,2189,dens_2020761603812222512,1034,Density,<Substance CCCOC=O{solv}{x=0.763600}|ClCCCCl{solv}{x=0.236400}>,CCCOC=O,ClCCCCl,smee-spice2-systematic-torsion-generation_constrained-linear,2,0.9811794412229948,0.0002696068748512,0.9644500000000004,0.00119
36840,2190,dens_828893303895070246,1035,Density,<Substance C1CCCCC1{solv}{x=0.249800}|CCCCCCCC{solv}{x=0.750200}>,C1CCCCC1,CCCCCCCC,smee-spice2-systematic-torsion-generation_constrained-linear,2,0.7056958785870077,0.0002194286366482,0.7110900000000002,0.000605
36841,2191,dhmix_1288938247372010686,1036,EnthalpyOfMixing,<Substance C1CCCCC1{solv}{x=0.751300}|CCCCCCCC{solv}{x=0.248700}>,C1CCCCC1,CCCCCCCC,smee-spice2-systematic-torsion-generation_constrained-linear,2,0.4716651209842837,0.0386247504638604,0.23,0.005
36842,2192,dens_1398337515687242649,1037,Density,<Substance C1CCCCC1{solv}{x=0.477700}|CCCCCCCC{solv}{x=0.522300}>,C1CCCCC1,CCCCCCCC,smee-spice2-systematic-torsion-generation_constrained-linear,2,0.718127202622726,0.0001912502494562,0.7250300000000002,0.000585
36843,2193,dhmix_1429498464152515756,1038,EnthalpyOfMixing,<Substance C1CCCCC1{solv}{x=0.532400}|CCCCCCCC{solv}{x=0.467600}>,C1CCCCC1,CCCCCCCC,smee-spice2-systematic-torsion-generation_constrained-linear,2,0.5420660408407656,0.0457464650500846,0.258,0.005
36844,2194,dens_2267960821195706299,1039,Density,<Substance C1CCCCC1{solv}{x=0.796100}|CCCCCCCC{solv}{x=0.203900}>,C1CCCCC1,CCCCCCCC,smee-spice2-systematic-torsion-generation_constrained-linear,2,0.7424215144856493,0.0001607010865998,0.7509700000000002,0.00055
36845,2195,dhmix_2289023418386220795,1040,EnthalpyOfMixing,<Substance C1CCCCC1{solv}{x=0.274400}|CCCCCCCC{solv}{x=0.725600}>,C1CCCCC1,CCCCCCCC,smee-spice2-systematic-torsion-generation_constrained-linear,2,0.4527486306513708,0.0453909857051607,0.18,0.005
36846,2196,dens_848374876759596361,1041,Density,<Substance CC(C)OC(C)C{solv}{x=0.284600}|CCCCCl{solv}{x=0.715400}>,CC(C)OC(C)C,CCCCCl,smee-spice2-systematic-torsion-generation_constrained-linear,2,0.8250966483512451,0.0003218014281225,0.8263210000000002,0.000365
36847,2197,dens_917492506874956672,1042,Density,<Substance CC(C)OC(C)C{solv}{x=0.808200}|CCCCCl{solv}{x=0.191800}>,CC(C)OC(C)C,CCCCCl,smee-spice2-systematic-torsion-generation_constrained-linear,2,0.76267261193238,0.0002757677039687,0.7440910000000002,0.000448
36848,2198,dhmix_1107367594793013993,1043,EnthalpyOfMixing,<Substance CC(C)OC(C)C{solv}{x=0.272700}|CCCCCl{solv}{x=0.727300}>,CC(C)OC(C)C,CCCCCl,smee-spice2-systematic-torsion-generation_constrained-linear,2,-0.098196862943908,0.0418945933695205,-0.0785,0.001
36849,2199,dhmix_1310204607958463222,1044,EnthalpyOfMixing,<Substance CC(C)OC(C)C{solv}{x=0.454700}|CCCCCl{solv}{x=0.545300}>,CC(C)OC(C)C,CCCCCl,smee-spice2-systematic-torsion-generation_constrained-linear,2,-0.2343576259383013,0.0419273963581184,-0.0954,0.0012
36850,2200,dhmix_1605157292498138629,1045,EnthalpyOfMixing,<Substance CC(C)OC(C)C{solv}{x=0.727400}|CCCCCl{solv}{x=0.272600}>,CC(C)OC(C)C,CCCCCl,smee-spice2-systematic-torsion-generation_constrained-linear,2,-0.0683989163124749,0.0395258076752476,-0.0732,0.00095
36851,2201,dens_1927916489732771888,1046,Density,<Substance CC(C)OC(C)C{solv}{x=0.484000}|CCCCCl{solv}{x=0.516000}>,CC(C)OC(C)C,CCCCCl,smee-spice2-systematic-torsion-generation_constrained-linear,2,0.7994918829998735,0.0002966486550761,0.7925060000000002,0.0004005
36852,2202,dens_860008765681738590,1047,Density,<Substance CN(CCO)CCO{solv}{x=0.231260}|c1ccncc1{solv}{x=0.768740}>,CN(CCO)CCO,c1ccncc1,smee-spice2-systematic-torsion-generation_constrained-linear,2,1.0126623341981082,0.0002124792759802,0.9906030000000002,0.0001015
36853,2203,dens_1253280811379348869,1048,Density,<Substance CN(CCO)CCO{solv}{x=0.670000}|c1ccncc1{solv}{x=0.330000}>,CN(CCO)CCO,c1ccncc1,smee-spice2-systematic-torsion-generation_constrained-linear,2,1.0426194218174054,0.0003408344157448,1.0161020000000005,0.000102
36854,2204,dhmix_1381513140604048573,1049,EnthalpyOfMixing,<Substance CN(CCO)CCO{solv}{x=0.473760}|c1ccncc1{solv}{x=0.526240}>,CN(CCO)CCO,c1ccncc1,smee-spice2-systematic-torsion-generation_constrained-linear,2,0.4570801770539674,0.0468923386123727,-0.093,0.001
36855,2205,dens_1460709448836415360,1050,Density,<Substance CN(CCO)CCO{solv}{x=0.473530}|c1ccncc1{solv}{x=0.526470}>,CN(CCO)CCO,c1ccncc1,smee-spice2-systematic-torsion-generation_constrained-linear,2,1.0301317694818684,0.0002312173518197,1.0044450000000005,0.0001015
36856,2206,dhmix_2085036308089359597,1051,EnthalpyOfMixing,<Substance CN(CCO)CCO{solv}{x=0.230610}|c1ccncc1{solv}{x=0.769390}>,CN(CCO)CCO,c1ccncc1,smee-spice2-systematic-torsion-generation_constrained-linear,2,0.3045792425855893,0.0365343865034132,-0.032,0.001
36857,2207,dhmix_2287943921901918379,1052,EnthalpyOfMixing,<Substance CN(CCO)CCO{solv}{x=0.669580}|c1ccncc1{solv}{x=0.330420}>,CN(CCO)CCO,c1ccncc1,smee-spice2-systematic-torsion-generation_constrained-linear,2,0.5104207547895498,0.0451287998604432,-0.12,0.0015
36858,2208,dens_929806754028972955,1053,Density,<Substance CCCC(=O)OC{solv}{x=0.695800}|COC(C)=O{solv}{x=0.304200}>,CCCC(=O)OC,COC(C)=O,smee-spice2-systematic-torsion-generation_constrained-linear,2,0.9054981900259522,0.0002560514744982,0.8997600000000002,0.000505
36859,2209,dhmix_1093843275803987368,1054,EnthalpyOfMixing,<Substance CCCC(=O)OC{solv}{x=0.482200}|COC(C)=O{solv}{x=0.517800}>,CCCC(=O)OC,COC(C)=O,smee-spice2-systematic-torsion-generation_constrained-linear,2,0.005257186386558,0.0389733965658457,0.151,0.002
36860,2210,dens_1187818937240241755,1055,Density,<Substance CCCC(=O)OC{solv}{x=0.253600}|COC(C)=O{solv}{x=0.746400}>,CCCC(=O)OC,COC(C)=O,smee-spice2-systematic-torsion-generation_constrained-linear,2,0.9227136816774064,0.0002694012756854,0.9147400000000002,0.000505
36861,2211,dens_1462283017082249050,1056,Density,<Substance CCCC(=O)OC{solv}{x=0.545600}|COC(C)=O{solv}{x=0.454400}>,CCCC(=O)OC,COC(C)=O,smee-spice2-systematic-torsion-generation_constrained-linear,2,0.9108408587310856,0.0002256428554841,0.9041900000000004,0.000505
36862,2212,dhmix_1514470349370367756,1057,EnthalpyOfMixing,<Substance CCCC(=O)OC{solv}{x=0.226000}|COC(C)=O{solv}{x=0.774000}>,CCCC(=O)OC,COC(C)=O,smee-spice2-systematic-torsion-generation_constrained-linear,2,0.0558762830623322,0.0320832070821876,0.102,0.0015
36863,2213,dhmix_1615966506855005599,1058,EnthalpyOfMixing,<Substance CCCC(=O)OC{solv}{x=0.695800}|COC(C)=O{solv}{x=0.304200}>,CCCC(=O)OC,COC(C)=O,smee-spice2-systematic-torsion-generation_constrained-linear,2,0.038311051166687,0.039756193993676,0.122,0.0015
36864,2214,dens_931039395662625393,1059,Density,<Substance BrCCBr{solv}{x=0.510700}|CCOC=O{solv}{x=0.489300}>,BrCCBr,CCOC=O,smee-spice2-systematic-torsion-generation_constrained-linear,2,1.576461177679079,0.0005249795276406,1.5742900000000004,0.00125
36865,2215,dhmix_1379448524788285045,1060,EnthalpyOfMixing,<Substance BrCCBr{solv}{x=0.503000}|CCOC=O{solv}{x=0.497000}>,BrCCBr,CCOC=O,smee-spice2-systematic-torsion-generation_constrained-linear,2,0.4764501069503133,0.0357417108735578,0.404,0.0054
36866,2216,dhmix_1589211680683586133,1061,EnthalpyOfMixing,<Substance BrCCBr{solv}{x=0.247500}|CCOC=O{solv}{x=0.752500}>,BrCCBr,CCOC=O,smee-spice2-systematic-torsion-generation_constrained-linear,2,0.36609687275861,0.0362087732264894,0.2492,0.0035
36867,2217,dens_1816072583621776909,1062,Density,<Substance BrCCBr{solv}{x=0.282500}|CCOC=O{solv}{x=0.717500}>,BrCCBr,CCOC=O,smee-spice2-systematic-torsion-generation_constrained-linear,2,1.3075588584675706,0.0004602670173286,1.2851500000000005,0.00131
36868,2218,dens_1857279480363338972,1063,Density,<Substance BrCCBr{solv}{x=0.750600}|CCOC=O{solv}{x=0.249400}>,BrCCBr,CCOC=O,smee-spice2-systematic-torsion-generation_constrained-linear,2,1.843165002200157,0.0006547502773248,1.8698300000000003,0.000995
36869,2219,dhmix_2225135654541562913,1064,EnthalpyOfMixing,<Substance BrCCBr{solv}{x=0.734600}|CCOC=O{solv}{x=0.265400}>,BrCCBr,CCOC=O,smee-spice2-systematic-torsion-generation_constrained-linear,2,0.3594410888884241,0.0325231942044773,0.3604,0.00485
36870,2220,dhmix_933824509566848172,1065,EnthalpyOfMixing,<Substance C1COCO1{solv}{x=0.350000}|CCCC(C)=O{solv}{x=0.650000}>,C1COCO1,CCCC(C)=O,smee-spice2-systematic-torsion-generation_constrained-linear,2,0.4079736179590334,0.0329647265733855,0.17755,0.001095
36871,2221,dens_1326756646981901590,1066,Density,<Substance C1COCO1{solv}{x=0.717400}|CCCC(C)=O{solv}{x=0.282600}>,C1COCO1,CCCC(C)=O,smee-spice2-systematic-torsion-generation_constrained-linear,2,0.9895777656303916,0.0002685964588252,0.9625500000000002,0.000245
36872,2222,dhmix_1386053902220878259,1067,EnthalpyOfMixing,<Substance C1COCO1{solv}{x=0.500000}|CCCC(C)=O{solv}{x=0.500000}>,C1COCO1,CCCC(C)=O,smee-spice2-systematic-torsion-generation_constrained-linear,2,0.4872966142798347,0.0352111063916949,0.21077,0.00122
36873,2223,dens_1490997112604690080,1068,Density,<Substance C1COCO1{solv}{x=0.349900}|CCCC(C)=O{solv}{x=0.650100}>,C1COCO1,CCCC(C)=O,smee-spice2-systematic-torsion-generation_constrained-linear,2,0.8717470264526562,0.0002633472883415,0.8687200000000003,0.00022
36874,2224,dens_1979377813631413053,1069,Density,<Substance C1COCO1{solv}{x=0.516900}|CCCC(C)=O{solv}{x=0.483100}>,C1COCO1,CCCC(C)=O,smee-spice2-systematic-torsion-generation_constrained-linear,2,0.9203048280232676,0.0002662701709618,0.9078200000000004,0.00023
36875,2225,dhmix_2113009728753201792,1070,EnthalpyOfMixing,<Substance C1COCO1{solv}{x=0.750000}|CCCC(C)=O{solv}{x=0.250000}>,C1COCO1,CCCC(C)=O,smee-spice2-systematic-torsion-generation_constrained-linear,2,0.3901243435586536,0.0365845129969835,0.17046,0.00107
36876,2226,dhmix_962524540250306235,1071,EnthalpyOfMixing,<Substance Cc1ccccc1N{solv}{x=0.268100}|c1ccncc1{solv}{x=0.731900}>,Cc1ccccc1N,c1ccncc1,smee-spice2-systematic-torsion-generation_constrained-linear,2,-1.1349326562631763,0.0380227837011648,-0.8915,0.0182
36877,2227,dhmix_1000930562998604270,1072,EnthalpyOfMixing,<Substance Cc1ccccc1N{solv}{x=0.773500}|c1ccncc1{solv}{x=0.226500}>,Cc1ccccc1N,c1ccncc1,smee-spice2-systematic-torsion-generation_constrained-linear,2,-0.7581586798139597,0.0497373592071872,-0.7828,0.016
36878,2228,dens_1203111494553524663,1073,Density,<Substance Cc1ccccc1N{solv}{x=0.483700}|c1ccncc1{solv}{x=0.516300}>,Cc1ccccc1N,c1ccncc1,smee-spice2-systematic-torsion-generation_constrained-linear,2,1.0184916705635416,0.000221716504073,0.9912370000000004,0.000117
36879,2229,dens_1316174752280431242,1074,Density,<Substance Cc1ccccc1N{solv}{x=0.237400}|c1ccncc1{solv}{x=0.762600}>,Cc1ccccc1N,c1ccncc1,smee-spice2-systematic-torsion-generation_constrained-linear,2,1.008964327089284,0.0002610393049482,0.9863750000000002,0.000118
36880,2230,dhmix_1371524052813651708,1075,EnthalpyOfMixing,<Substance Cc1ccccc1N{solv}{x=0.482600}|c1ccncc1{solv}{x=0.517400}>,Cc1ccccc1N,c1ccncc1,smee-spice2-systematic-torsion-generation_constrained-linear,2,-1.337201928612628,0.0424602978656667,-1.0329,0.02105
36881,2231,dens_2188924364196997512,1076,Density,<Substance Cc1ccccc1N{solv}{x=0.767800}|c1ccncc1{solv}{x=0.232200}>,Cc1ccccc1N,c1ccncc1,smee-spice2-systematic-torsion-generation_constrained-linear,2,1.026557936869007,0.0002149321405539,0.9936220000000002,0.000117
36882,2232,dens_964556344607822867,1077,Density,<Substance CCCCCCCCC{solv}{x=0.696300}|COC(C)(C)C{solv}{x=0.303700}>,CCCCCCCCC,COC(C)(C)C,smee-spice2-systematic-torsion-generation_constrained-linear,2,0.7180157056415623,0.000192244882681,0.7173600000000002,0.000295
36883,2233,dhmix_1091489740441728210,1078,EnthalpyOfMixing,<Substance CCCCCCCCC{solv}{x=0.260100}|COC(C)(C)C{solv}{x=0.739900}>,CCCCCCCCC,COC(C)(C)C,smee-spice2-systematic-torsion-generation_constrained-linear,2,0.6293456992784456,0.0442605281483174,0.371,0.0075
36884,2234,dens_1264105858192356202,1079,Density,<Substance CCCCCCCCC{solv}{x=0.499200}|COC(C)(C)C{solv}{x=0.500800}>,CCCCCCCCC,COC(C)(C)C,smee-spice2-systematic-torsion-generation_constrained-linear,2,0.7236936785613642,0.0002069333169537,0.7207300000000002,0.00029
36885,2235,dhmix_1760873631242020891,1080,EnthalpyOfMixing,<Substance CCCCCCCCC{solv}{x=0.759600}|COC(C)(C)C{solv}{x=0.240400}>,CCCCCCCCC,COC(C)(C)C,smee-spice2-systematic-torsion-generation_constrained-linear,2,0.6191894327012903,0.0472922126754916,0.345,0.007
36886,2236,dens_2012579877169955729,1081,Density,<Substance CCCCCCCCC{solv}{x=0.199500}|COC(C)(C)C{solv}{x=0.800500}>,CCCCCCCCC,COC(C)(C)C,smee-spice2-systematic-torsion-generation_constrained-linear,2,0.7371766488224272,0.0002097037178723,0.7281100000000001,0.000285
36887,2237,dhmix_2200368758776542578,1082,EnthalpyOfMixing,<Substance CCCCCCCCC{solv}{x=0.513300}|COC(C)(C)C{solv}{x=0.486700}>,CCCCCCCCC,COC(C)(C)C,smee-spice2-systematic-torsion-generation_constrained-linear,2,0.8398968514791392,0.0542091854934012,0.486,0.0095
36888,2238,dhmix_972091313059406932,1083,EnthalpyOfMixing,<Substance CCCNCCC{solv}{x=0.248200}|CN(C)C=O{solv}{x=0.751800}>,CCCNCCC,CN(C)C=O,smee-spice2-systematic-torsion-generation_constrained-linear,2,0.0775557157538955,0.0346325377116297,0.613,0.0195
36889,2239,dhmix_1037416167092316519,1084,EnthalpyOfMixing,<Substance CCCNCCC{solv}{x=0.499500}|CN(C)C=O{solv}{x=0.500500}>,CCCNCCC,CN(C)C=O,smee-spice2-systematic-torsion-generation_constrained-linear,2,0.1821916134079941,0.0379030295278283,0.748,0.0225
36890,2240,dhmix_1525975551610336413,1085,EnthalpyOfMixing,<Substance CCCNCCC{solv}{x=0.749600}|CN(C)C=O{solv}{x=0.250400}>,CCCNCCC,CN(C)C=O,smee-spice2-systematic-torsion-generation_constrained-linear,2,0.1118540187911918,0.0488768006269283,0.529,0.017
36891,2241,dens_1610465641813938660,1086,Density,<Substance CCCNCCC{solv}{x=0.745900}|CN(C)C=O{solv}{x=0.254100}>,CCCNCCC,CN(C)C=O,smee-spice2-systematic-torsion-generation_constrained-linear,2,0.7797692279481306,0.0002189374806444,0.7687320000000002,0.0009355
36892,2242,dens_2129043605695010641,1087,Density,<Substance CCCNCCC{solv}{x=0.503400}|CN(C)C=O{solv}{x=0.496600}>,CCCNCCC,CN(C)C=O,smee-spice2-systematic-torsion-generation_constrained-linear,2,0.8169558633348121,0.000209611643809,0.8108000000000002,0.0009885
36893,2243,dens_2129124855081233158,1088,Density,<Substance CCCNCCC{solv}{x=0.252300}|CN(C)C=O{solv}{x=0.747700}>,CCCNCCC,CN(C)C=O,smee-spice2-systematic-torsion-generation_constrained-linear,2,0.8643249519802702,0.0002402210760798,0.8674480000000002,0.0010625
36894,2244,dhmix_1022139531284796266,1089,EnthalpyOfMixing,<Substance CCCO{solv}{x=0.730200}|O=Cc1ccccc1{solv}{x=0.269800}>,CCCO,O=Cc1ccccc1,smee-spice2-systematic-torsion-generation_constrained-linear,2,1.1010777444013513,0.0381712499049941,1.3784,0.00585
36895,2245,dens_1530410585842005416,1090,Density,<Substance CCCO{solv}{x=0.802500}|O=Cc1ccccc1{solv}{x=0.197500}>,CCCO,O=Cc1ccccc1,smee-spice2-systematic-torsion-generation_constrained-linear,2,0.8657030076474803,0.0002855263929794,0.8676000000000003,0.0054
36896,2246,dens_1586325098516354010,1091,Density,<Substance CCCO{solv}{x=0.500300}|O=Cc1ccccc1{solv}{x=0.499700}>,CCCO,O=Cc1ccccc1,smee-spice2-systematic-torsion-generation_constrained-linear,2,0.9459325692830144,0.000222833374522,0.9470000000000002,0.0035
36897,2247,dhmix_1860362391399300385,1092,EnthalpyOfMixing,<Substance CCCO{solv}{x=0.237400}|O=Cc1ccccc1{solv}{x=0.762600}>,CCCO,O=Cc1ccccc1,smee-spice2-systematic-torsion-generation_constrained-linear,2,0.940168266568449,0.0440430322318118,1.2579,0.0055
36898,2248,dens_2022804020725863961,1093,Density,<Substance CCCO{solv}{x=0.192900}|O=Cc1ccccc1{solv}{x=0.807100}>,CCCO,O=Cc1ccccc1,smee-spice2-systematic-torsion-generation_constrained-linear,2,1.0102266467773204,0.0002351696576669,1.0128,0.00265
36899,2249,dhmix_2114980631721668598,1094,EnthalpyOfMixing,<Substance CCCO{solv}{x=0.517800}|O=Cc1ccccc1{solv}{x=0.482200}>,CCCO,O=Cc1ccccc1,smee-spice2-systematic-torsion-generation_constrained-linear,2,1.3627906875027236,0.0397707237213878,1.6361,0.00675
36900,2250,dens_1061385011202038988,1095,Density,<Substance CC(C)O{solv}{x=0.495900}|CCCCOCCO{solv}{x=0.504100}>,CC(C)O,CCCCOCCO,smee-spice2-systematic-torsion-generation_constrained-linear,2,0.867329618485011,0.0002183512077278,0.8550000000000002,5.450000000000001e-05
36901,2251,dens_1314274960992474794,1096,Density,<Substance CC(C)O{solv}{x=0.292200}|CCCCOCCO{solv}{x=0.707800}>,CC(C)O,CCCCOCCO,smee-spice2-systematic-torsion-generation_constrained-linear,2,0.8834920057799843,0.0001398069382996,0.8743700000000002,4.600000000000001e-05
36902,2252,dens_1729117108592325655,1097,Density,<Substance CC(C)O{solv}{x=0.743300}|CCCCOCCO{solv}{x=0.256700}>,CC(C)O,CCCCOCCO,smee-spice2-systematic-torsion-generation_constrained-linear,2,0.8430772620569869,0.0002001909425558,0.8247900000000001,5.600000000000001e-05
36903,2253,dens_1112128096721834081,1098,Density,<Substance CNCCO{solv}{x=0.800900}|O{solv}{x=0.199100}>,CNCCO,O,smee-spice2-systematic-torsion-generation_constrained-linear,2,0.9766537145697632,0.0002540416734878,0.9466300000000002,0.00032
36904,2254,dens_1381694863030749046,1099,Density,<Substance CNCCO{solv}{x=0.198700}|O{solv}{x=0.801300}>,CNCCO,O,smee-spice2-systematic-torsion-generation_constrained-linear,2,0.9897362858151676,0.0004237133428114,0.9960300000000002,0.00016
36905,2255,dhmix_1383192140212198237,1100,EnthalpyOfMixing,<Substance CNCCO{solv}{x=0.798800}|O{solv}{x=0.201200}>,CNCCO,O,smee-spice2-systematic-torsion-generation_constrained-linear,2,-1.0115175418513331,0.0556178324495856,-1.219,0.025
36906,2256,dens_1615304038745182966,1101,Density,<Substance CNCCO{solv}{x=0.504100}|O{solv}{x=0.495900}>,CNCCO,O,smee-spice2-systematic-torsion-generation_constrained-linear,2,0.9861323950980132,0.0002834163643161,0.9688100000000002,0.000235
36907,2257,dhmix_1902240048183935170,1102,EnthalpyOfMixing,<Substance CNCCO{solv}{x=0.501700}|O{solv}{x=0.498300}>,CNCCO,O,smee-spice2-systematic-torsion-generation_constrained-linear,2,-1.7784838565501104,0.0326661073587691,-2.508,0.051
36908,2258,dhmix_2185888808838690563,1103,EnthalpyOfMixing,<Substance CNCCO{solv}{x=0.199200}|O{solv}{x=0.800800}>,CNCCO,O,smee-spice2-systematic-torsion-generation_constrained-linear,2,-1.0059011088758147,0.0237140327964228,-2.243,0.0455
36909,2259,dens_1155626281932782094,1104,Density,<Substance CCC(C)=O{solv}{x=0.292200}|CN1CCCC1=O{solv}{x=0.707800}>,CCC(C)=O,CN1CCCC1=O,smee-spice2-systematic-torsion-generation_constrained-linear,2,0.9445542930607072,0.000216591961745,0.9591400000000002,0.00262
36910,2260,dens_1354588388489384902,1105,Density,<Substance CCC(C)=O{solv}{x=0.779300}|CN1CCCC1=O{solv}{x=0.220700}>,CCC(C)=O,CN1CCCC1=O,smee-spice2-systematic-torsion-generation_constrained-linear,2,0.831293189506418,0.0002480603099833,0.8467600000000002,0.002595
36911,2261,dhmix_1468142552678388689,1106,EnthalpyOfMixing,<Substance CCC(C)=O{solv}{x=0.484100}|CN1CCCC1=O{solv}{x=0.515900}>,CCC(C)=O,CN1CCCC1=O,smee-spice2-systematic-torsion-generation_constrained-linear,2,0.2633468168974815,0.03863150046291,-0.1675,0.00415
36912,2262,dhmix_1545004468946955771,1107,EnthalpyOfMixing,<Substance CCC(C)=O{solv}{x=0.246100}|CN1CCCC1=O{solv}{x=0.753900}>,CCC(C)=O,CN1CCCC1=O,smee-spice2-systematic-torsion-generation_constrained-linear,2,0.1226184221262371,0.0419441927650791,-0.0999,0.0031
36913,2263,dhmix_1746826813990258300,1108,EnthalpyOfMixing,<Substance CCC(C)=O{solv}{x=0.732400}|CN1CCCC1=O{solv}{x=0.267600}>,CCC(C)=O,CN1CCCC1=O,smee-spice2-systematic-torsion-generation_constrained-linear,2,0.2268321715373957,0.041184649547186,-0.0861,0.0029
36914,2264,dens_2035401379156582518,1109,Density,<Substance CCC(C)=O{solv}{x=0.479500}|CN1CCCC1=O{solv}{x=0.520500}>,CCC(C)=O,CN1CCCC1=O,smee-spice2-systematic-torsion-generation_constrained-linear,2,0.9034261518285044,0.0002335068091756,0.9166100000000004,0.00261
36915,2265,dens_1159403686634788877,1110,Density,<Substance C1CCOCC1{solv}{x=0.253600}|Cc1ccncc1{solv}{x=0.746400}>,C1CCOCC1,Cc1ccncc1,smee-spice2-systematic-torsion-generation_constrained-linear,2,0.9394718797290672,0.000257886539118,0.9329390000000002,0.0002125
36916,2266,dhmix_1427533760370073434,1111,EnthalpyOfMixing,<Substance C1CCOCC1{solv}{x=0.241600}|Cc1ccncc1{solv}{x=0.758400}>,C1CCOCC1,Cc1ccncc1,smee-spice2-systematic-torsion-generation_constrained-linear,2,0.0626919857086036,0.0445634093725564,0.0975,0.001
36917,2267,dens_1586440979425114987,1112,Density,<Substance C1CCOCC1{solv}{x=0.491300}|Cc1ccncc1{solv}{x=0.508700}>,C1CCOCC1,Cc1ccncc1,smee-spice2-systematic-torsion-generation_constrained-linear,2,0.9211735587405888,0.0002108826577881,0.9162950000000002,0.0002825
36918,2268,dhmix_1681679230288000235,1113,EnthalpyOfMixing,<Substance C1CCOCC1{solv}{x=0.483400}|Cc1ccncc1{solv}{x=0.516600}>,C1CCOCC1,Cc1ccncc1,smee-spice2-systematic-torsion-generation_constrained-linear,2,0.2082354789403986,0.0420951555558031,0.1741,0.00135
36919,2269,dhmix_1854625047398559527,1114,EnthalpyOfMixing,<Substance C1CCOCC1{solv}{x=0.826200}|Cc1ccncc1{solv}{x=0.173800}>,C1CCOCC1,Cc1ccncc1,smee-spice2-systematic-torsion-generation_constrained-linear,2,0.0696092452962062,0.0417727959612901,0.0948,0.001
36920,2270,dens_1998279082934343093,1115,Density,<Substance C1CCOCC1{solv}{x=0.826300}|Cc1ccncc1{solv}{x=0.173700}>,C1CCOCC1,Cc1ccncc1,smee-spice2-systematic-torsion-generation_constrained-linear,2,0.8841918267640287,0.0002793460074356,0.8827950000000002,0.000387
36921,2271,dens_1226224986443053492,1116,Density,<Substance CCOc1ccccc1{solv}{x=0.482600}|OCCc1ccccc1{solv}{x=0.517400}>,CCOc1ccccc1,OCCc1ccccc1,smee-spice2-systematic-torsion-generation_constrained-linear,2,0.9856181391676916,0.000179223877101,0.9803700000000002,0.00026
36922,2272,dens_1288457717872177367,1117,Density,<Substance CCOc1ccccc1{solv}{x=0.304100}|OCCc1ccccc1{solv}{x=0.695900}>,CCOc1ccccc1,OCCc1ccccc1,smee-spice2-systematic-torsion-generation_constrained-linear,2,0.9958231463885814,0.0002102979599446,0.9909900000000004,0.00026
36923,2273,dhmix_1400067757990485972,1118,EnthalpyOfMixing,<Substance CCOc1ccccc1{solv}{x=0.738800}|OCCc1ccccc1{solv}{x=0.261200}>,CCOc1ccccc1,OCCc1ccccc1,smee-spice2-systematic-torsion-generation_constrained-linear,2,0.9768010304429424,0.0530331845087079,1.1427,0.01225
36924,2274,dens_1419265414647987466,1119,Density,<Substance CCOc1ccccc1{solv}{x=0.792900}|OCCc1ccccc1{solv}{x=0.207100}>,CCOc1ccccc1,OCCc1ccccc1,smee-spice2-systematic-torsion-generation_constrained-linear,2,0.9675048705466294,0.0001872570859081,0.9624400000000004,0.00026
36925,2275,dhmix_1985234108792038812,1120,EnthalpyOfMixing,<Substance CCOc1ccccc1{solv}{x=0.485200}|OCCc1ccccc1{solv}{x=0.514800}>,CCOc1ccccc1,OCCc1ccccc1,smee-spice2-systematic-torsion-generation_constrained-linear,2,1.0598375191101184,0.0467754773208832,1.0249,0.011
36926,2276,dhmix_2203675640711482674,1121,EnthalpyOfMixing,<Substance CCOc1ccccc1{solv}{x=0.239100}|OCCc1ccccc1{solv}{x=0.760900}>,CCOc1ccccc1,OCCc1ccccc1,smee-spice2-systematic-torsion-generation_constrained-linear,2,0.660783242199301,0.054442980941904,0.6669,0.0072
36927,2277,dens_1247048173376376516,1122,Density,<Substance CCCCC(=O)OC{solv}{x=0.349300}|COC=O{solv}{x=0.650700}>,CCCCC(=O)OC,COC=O,smee-spice2-systematic-torsion-generation_constrained-linear,2,0.9367880835580632,0.0002523037812563,0.9198400000000002,0.000115
36928,2278,dens_1283923442255956417,1123,Density,<Substance CCCCC(=O)OC{solv}{x=0.500000}|COC=O{solv}{x=0.500000}>,CCCCC(=O)OC,COC=O,smee-spice2-systematic-torsion-generation_constrained-linear,2,0.9210473595228436,0.0002533020668173,0.90817,0.00012
36929,2279,dhmix_1491739683552461043,1124,EnthalpyOfMixing,<Substance CCCCC(=O)OC{solv}{x=0.348600}|COC=O{solv}{x=0.651400}>,CCCCC(=O)OC,COC=O,smee-spice2-systematic-torsion-generation_constrained-linear,2,0.3417707392815856,0.0377953712284475,0.422,0.0045
36930,2280,dhmix_1747049492522889097,1125,EnthalpyOfMixing,<Substance CCCCC(=O)OC{solv}{x=0.523200}|COC=O{solv}{x=0.476800}>,CCCCC(=O)OC,COC=O,smee-spice2-systematic-torsion-generation_constrained-linear,2,0.3419485504585111,0.0371602038442161,0.409,0.0045
36931,2281,dhmix_1990853348078771210,1126,EnthalpyOfMixing,<Substance CCCCC(=O)OC{solv}{x=0.796800}|COC=O{solv}{x=0.203200}>,CCCCC(=O)OC,COC=O,smee-spice2-systematic-torsion-generation_constrained-linear,2,0.1821089924221226,0.0469263319897967,0.219,0.0025
36932,2282,dens_2269601061883384185,1127,Density,<Substance CCCCC(=O)OC{solv}{x=0.725800}|COC=O{solv}{x=0.274200}>,CCCCC(=O)OC,COC=O,smee-spice2-systematic-torsion-generation_constrained-linear,2,0.9038706888955323,0.0002326531089974,0.8955000000000002,0.000135
36933,2283,dens_1266839724964377205,1128,Density,<Substance Cn1ccnc1{solv}{x=0.779500}|O{solv}{x=0.220500}>,Cn1ccnc1,O,smee-spice2-systematic-torsion-generation_constrained-linear,2,1.0330058619903868,0.0002636551312262,1.0360000000000005,0.00015
36934,2284,dens_1634862053132906887,1129,Density,<Substance Cn1ccnc1{solv}{x=0.498200}|O{solv}{x=0.501800}>,Cn1ccnc1,O,smee-spice2-systematic-torsion-generation_constrained-linear,2,1.0280177215607729,0.0003018902299331,1.0416,0.00015
36935,2285,dens_1681126092995837883,1130,Density,<Substance Cn1ccnc1{solv}{x=0.216700}|O{solv}{x=0.783300}>,Cn1ccnc1,O,smee-spice2-systematic-torsion-generation_constrained-linear,2,1.011280816478786,0.0003787819976598,1.0301000000000002,0.0001
36936,2286,dhmix_1311251505653939236,1131,EnthalpyOfMixing,<Substance CC(=O)CC(C)=O{solv}{x=0.598500}|O{solv}{x=0.401500}>,CC(=O)CC(C)=O,O,smee-spice2-systematic-torsion-generation_constrained-linear,2,0.4926135810356413,0.034155030789261,0.4905,0.00555
36937,2287,dhmix_1367092272310773702,1132,EnthalpyOfMixing,<Substance CC(=O)CC(C)=O{solv}{x=0.749200}|O{solv}{x=0.250800}>,CC(=O)CC(C)=O,O,smee-spice2-systematic-torsion-generation_constrained-linear,2,0.6086538779179023,0.03986874368323,0.6211,0.00695
36938,2288,dhmix_2033109088651196860,1133,EnthalpyOfMixing,<Substance CC(=O)CC(C)=O{solv}{x=0.200400}|O{solv}{x=0.799600}>,CC(=O)CC(C)=O,O,smee-spice2-systematic-torsion-generation_constrained-linear,2,0.1269402540287956,0.0247889753569565,0.1562,0.0021
36939,2289,dens_1319073694995976411,1134,Density,<Substance CC(C)CO{solv}{x=0.762200}|OC1=NCCC1{solv}{x=0.237800}>,CC(C)CO,OC1=NCCC1,smee-spice2-systematic-torsion-generation_constrained-linear,2,0.8771708355923828,0.0002331327118627,0.8623100000000001,0.000205
36940,2290,dhmix_1817161401911066523,1135,EnthalpyOfMixing,<Substance CC(C)CO{solv}{x=0.754900}|OC1=NCCC1{solv}{x=0.245100}>,CC(C)CO,OC1=NCCC1,smee-spice2-systematic-torsion-generation_constrained-linear,2,-0.3379876749289963,0.0678271719679385,0.2989,0.0033
36941,2291,dens_1852757585830259815,1136,Density,<Substance CC(C)CO{solv}{x=0.287400}|OC1=NCCC1{solv}{x=0.712600}>,CC(C)CO,OC1=NCCC1,smee-spice2-systematic-torsion-generation_constrained-linear,2,1.006432516483173,0.0002636347726024,1.0078300000000002,0.000155
36942,2292,dhmix_2057245570503088562,1137,EnthalpyOfMixing,<Substance CC(C)CO{solv}{x=0.259800}|OC1=NCCC1{solv}{x=0.740200}>,CC(C)CO,OC1=NCCC1,smee-spice2-systematic-torsion-generation_constrained-linear,2,-0.7228345049252596,0.0778513690150652,0.1798,0.00205
36943,2293,dens_2175875616459255266,1138,Density,<Substance CC(C)CO{solv}{x=0.489400}|OC1=NCCC1{solv}{x=0.510600}>,CC(C)CO,OC1=NCCC1,smee-spice2-systematic-torsion-generation_constrained-linear,2,0.952883393268949,0.0004233970032513,0.9431100000000002,0.00017
36944,2294,dhmix_2273039716774959551,1139,EnthalpyOfMixing,<Substance CC(C)CO{solv}{x=0.497800}|OC1=NCCC1{solv}{x=0.502200}>,CC(C)CO,OC1=NCCC1,smee-spice2-systematic-torsion-generation_constrained-linear,2,-0.5002831677119417,0.0828615177339736,0.2775,0.0031
36945,2295,dens_1400897934227212514,1140,Density,<Substance CC(C)CC(C)(C)C{solv}{x=0.541100}|COC(C)=O{solv}{x=0.458900}>,CC(C)CC(C)(C)C,COC(C)=O,smee-spice2-systematic-torsion-generation_constrained-linear,2,0.7715234793599319,0.0002232816402944,0.7495700000000002,0.000505
36946,2296,dhmix_1534218615961922445,1141,EnthalpyOfMixing,<Substance CC(C)CC(C)(C)C{solv}{x=0.256000}|COC(C)=O{solv}{x=0.744000}>,CC(C)CC(C)(C)C,COC(C)=O,smee-spice2-systematic-torsion-generation_constrained-linear,2,1.5715581617205316,0.0375318399571544,1.385,0.015
36947,2297,dhmix_1663557420681143866,1142,EnthalpyOfMixing,<Substance CC(C)CC(C)(C)C{solv}{x=0.540600}|COC(C)=O{solv}{x=0.459400}>,CC(C)CC(C)(C)C,COC(C)=O,smee-spice2-systematic-torsion-generation_constrained-linear,2,1.9496894825849544,0.0415856489306568,1.759,0.019
36948,2298,dens_1833608859418637606,1143,Density,<Substance CC(C)CC(C)(C)C{solv}{x=0.736400}|COC(C)=O{solv}{x=0.263600}>,CC(C)CC(C)(C)C,COC(C)=O,smee-spice2-systematic-torsion-generation_constrained-linear,2,0.7406647099792754,0.0002120730006372,0.7171000000000002,0.00015
36949,2299,dhmix_1913788848230724771,1144,EnthalpyOfMixing,<Substance CC(C)CC(C)(C)C{solv}{x=0.783300}|COC(C)=O{solv}{x=0.216700}>,CC(C)CC(C)(C)C,COC(C)=O,smee-spice2-systematic-torsion-generation_constrained-linear,2,1.5077339790491084,0.0476812960398323,1.149,0.0125
36950,2300,dens_2018568384717712900,1145,Density,<Substance CC(C)CC(C)(C)C{solv}{x=0.238900}|COC(C)=O{solv}{x=0.761100}>,CC(C)CC(C)(C)C,COC(C)=O,smee-spice2-systematic-torsion-generation_constrained-linear,2,0.8434488663018895,0.0002537680443921,0.8248000000000002,0.0001
36951,2301,dens_1465225466328543955,1146,Density,<Substance Cc1cccnc1{solv}{x=0.225000}|O{solv}{x=0.775000}>,Cc1cccnc1,O,smee-spice2-systematic-torsion-generation_constrained-linear,2,0.9701207383574132,0.0003835065380319,0.9921000000000002,0.0003
36952,2302,dens_1644445312716340330,1147,Density,<Substance Cc1cccnc1{solv}{x=0.500000}|O{solv}{x=0.500000}>,Cc1cccnc1,O,smee-spice2-systematic-torsion-generation_constrained-linear,2,0.9649370339943856,0.0002787278108738,0.9797000000000002,0.0003
36953,2303,dens_2262998332454406432,1148,Density,<Substance Cc1cccnc1{solv}{x=0.700000}|O{solv}{x=0.300000}>,Cc1cccnc1,O,smee-spice2-systematic-torsion-generation_constrained-linear,2,0.9630413813102012,0.0002713041316136,0.9690000000000002,0.0003
36954,2304,dens_1601780542508306264,1149,Density,<Substance CC(=O)N(C)C{solv}{x=0.771800}|CCOC(C)=O{solv}{x=0.228200}>,CC(=O)N(C)C,CCOC(C)=O,smee-spice2-systematic-torsion-generation_constrained-linear,2,0.905671920174546,0.0002265241907846,0.9286200000000002,0.000185
36955,2305,dens_2126546638582188774,1150,Density,<Substance CC(=O)N(C)C{solv}{x=0.464600}|CCOC(C)=O{solv}{x=0.535400}>,CC(=O)N(C)C,CCOC(C)=O,smee-spice2-systematic-torsion-generation_constrained-linear,2,0.9066500480494822,0.0002532723594255,0.9166300000000002,0.00022
36956,2306,dens_2159432384130350508,1151,Density,<Substance CC(=O)N(C)C{solv}{x=0.233100}|CCOC(C)=O{solv}{x=0.766900}>,CC(=O)N(C)C,CCOC(C)=O,smee-spice2-systematic-torsion-generation_constrained-linear,2,0.90665042308332,0.0002121310077301,0.9064300000000002,0.000245
36957,2307,dens_1713891284028890335,1152,Density,<Substance CC(=O)O{solv}{x=0.798900}|CCOC(C)=O{solv}{x=0.201100}>,CC(=O)O,CCOC(C)=O,smee-spice2-systematic-torsion-generation_constrained-linear,2,1.0318985028907508,0.0003269578702959,0.9996600000000002,0.000225
36958,2308,dens_1856345418041920174,1153,Density,<Substance CC(=O)O{solv}{x=0.500700}|CCOC(C)=O{solv}{x=0.499300}>,CC(=O)O,CCOC(C)=O,smee-spice2-systematic-torsion-generation_constrained-linear,2,0.9734835170236504,0.0003011378677035,0.9514000000000002,0.00018
36959,2309,dens_2035334988982485653,1154,Density,<Substance CC(=O)O{solv}{x=0.294400}|CCOC(C)=O{solv}{x=0.705600}>,CC(=O)O,CCOC(C)=O,smee-spice2-systematic-torsion-generation_constrained-linear,2,0.941754015781222,0.0002639924930292,0.9255000000000002,0.00016
36960,2310,dhmix_592425981731704,0,EnthalpyOfMixing,<Substance C1CCCCC1{solv}{x=0.100300}|Cc1ccccc1{solv}{x=0.899700}>,C1CCCCC1,Cc1ccccc1,smee-spice2-systematic-torsion-generation_constrained-linear,3,0.1685610163674766,0.0433320007172396,0.2015,0.0015
36961,2311,dens_191923210986624643,1,Density,<Substance C1CCCCC1{solv}{x=0.697700}|Cc1ccccc1{solv}{x=0.302300}>,C1CCCCC1,Cc1ccccc1,smee-spice2-systematic-torsion-generation_constrained-linear,3,0.7736444135114469,0.0002537054067506,0.7818000000000002,0.00041
36962,2312,dens_699555827256664507,2,Density,<Substance C1CCCCC1{solv}{x=0.100000}|Cc1ccccc1{solv}{x=0.900000}>,C1CCCCC1,Cc1ccccc1,smee-spice2-systematic-torsion-generation_constrained-linear,3,0.8328676304021817,0.0002550582667372,0.8378000000000001,0.00025
36963,2313,dhmix_997331474504366167,3,EnthalpyOfMixing,<Substance C1CCCCC1{solv}{x=0.697900}|Cc1ccccc1{solv}{x=0.302100}>,C1CCCCC1,Cc1ccccc1,smee-spice2-systematic-torsion-generation_constrained-linear,3,0.7339334772948405,0.0460877140932712,0.5221,0.0034
36964,2314,dhmix_1586684551148150215,4,EnthalpyOfMixing,<Substance C1CCCCC1{solv}{x=0.397600}|Cc1ccccc1{solv}{x=0.602400}>,C1CCCCC1,Cc1ccccc1,smee-spice2-systematic-torsion-generation_constrained-linear,3,0.7978815346904042,0.0373607458531954,0.5887,0.0038
36965,2315,dens_1809100412119556796,5,Density,<Substance C1CCCCC1{solv}{x=0.397500}|Cc1ccccc1{solv}{x=0.602500}>,C1CCCCC1,Cc1ccccc1,smee-spice2-systematic-torsion-generation_constrained-linear,3,0.8175746122770773,0.0002405773392887,0.8228000000000002,0.0002
36966,2316,dhmix_1261378482688431,6,EnthalpyOfMixing,<Substance CCC(C)=O{solv}{x=0.510600}|Nc1ccccc1{solv}{x=0.489400}>,CCC(C)=O,Nc1ccccc1,smee-spice2-systematic-torsion-generation_constrained-linear,3,-0.1410098115905498,0.0394050796087602,-1.173,0.0125
36967,2317,dhmix_157258283975731553,7,EnthalpyOfMixing,<Substance CCC(C)=O{solv}{x=0.901800}|Nc1ccccc1{solv}{x=0.098200}>,CCC(C)=O,Nc1ccccc1,smee-spice2-systematic-torsion-generation_constrained-linear,3,-0.1856375687788727,0.0398950337433812,-0.469,0.005
36968,2318,dens_610648476268376520,8,Density,<Substance CCC(C)=O{solv}{x=0.502600}|Nc1ccccc1{solv}{x=0.497400}>,CCC(C)=O,Nc1ccccc1,smee-spice2-systematic-torsion-generation_constrained-linear,3,0.932376503151193,0.0002233069554004,0.9213850000000002,5.650000000000002e-05
36969,2319,dens_1388487494953421117,9,Density,<Substance CCC(C)=O{solv}{x=0.901900}|Nc1ccccc1{solv}{x=0.098100}>,CCC(C)=O,Nc1ccccc1,smee-spice2-systematic-torsion-generation_constrained-linear,3,0.8103907239461182,0.0002505409581036,0.8265540000000001,7.200000000000002e-05
36970,2320,dhmix_1389656513678923263,10,EnthalpyOfMixing,<Substance CCC(C)=O{solv}{x=0.209900}|Nc1ccccc1{solv}{x=0.790100}>,CCC(C)=O,Nc1ccccc1,smee-spice2-systematic-torsion-generation_constrained-linear,3,-0.1557546582614115,0.0450447331185181,-0.648,0.007
36971,2321,dens_2115628806769415578,11,Density,<Substance CCC(C)=O{solv}{x=0.256300}|Nc1ccccc1{solv}{x=0.743700}>,CCC(C)=O,Nc1ccccc1,smee-spice2-systematic-torsion-generation_constrained-linear,3,1.006045856354152,0.0002214344591862,0.9712300000000004,4.900000000000001e-05
36972,2322,dens_1379242187515209,12,Density,<Substance CC#N{solv}{x=0.795200}|CCCCOCCCC{solv}{x=0.204800}>,CC#N,CCCCOCCCC,smee-spice2-systematic-torsion-generation_constrained-linear,3,0.7744725658287823,0.0002699276234527,0.7708800000000002,0.000245
36973,2323,dhmix_575991096898484441,13,EnthalpyOfMixing,<Substance CC#N{solv}{x=0.488600}|CCCCOCCCC{solv}{x=0.511400}>,CC#N,CCCCOCCCC,smee-spice2-systematic-torsion-generation_constrained-linear,3,0.5535253573877412,0.0444918762232909,1.26543,0.00796
36974,2324,dhmix_1182924089945476872,14,EnthalpyOfMixing,<Substance CC#N{solv}{x=0.241600}|CCCCOCCCC{solv}{x=0.758400}>,CC#N,CCCCOCCCC,smee-spice2-systematic-torsion-generation_constrained-linear,3,0.4588012113333093,0.0564404847921354,0.94593,0.00601
36975,2325,dhmix_1244492966201685063,15,EnthalpyOfMixing,<Substance CC#N{solv}{x=0.795200}|CCCCOCCCC{solv}{x=0.204800}>,CC#N,CCCCOCCCC,smee-spice2-systematic-torsion-generation_constrained-linear,3,0.5185959914989162,0.0323675228322061,0.94289,0.005995
36976,2326,dens_2044032309137951705,16,Density,<Substance CC#N{solv}{x=0.245500}|CCCCOCCCC{solv}{x=0.754500}>,CC#N,CCCCOCCCC,smee-spice2-systematic-torsion-generation_constrained-linear,3,0.7681508020608367,0.0001835710304196,0.7653000000000001,0.00028
36977,2327,dens_2211436825174998797,17,Density,<Substance CC#N{solv}{x=0.509800}|CCCCOCCCC{solv}{x=0.490200}>,CC#N,CCCCOCCCC,smee-spice2-systematic-torsion-generation_constrained-linear,3,0.7710439478934747,0.0002220241287469,0.7671500000000001,0.00026
36978,2328,dens_1820034175228694,18,Density,<Substance C1CCCCC1{solv}{x=0.540900}|CN1CCCC1=O{solv}{x=0.459100}>,C1CCCCC1,CN1CCCC1=O,smee-spice2-systematic-torsion-generation_constrained-linear,3,0.8640620135263869,0.0002104530253255,0.8757100000000002,0.000335
36979,2329,dhmix_1335365307191460458,19,EnthalpyOfMixing,<Substance C1CCCCC1{solv}{x=0.751800}|CN1CCCC1=O{solv}{x=0.248200}>,C1CCCCC1,CN1CCCC1=O,smee-spice2-systematic-torsion-generation_constrained-linear,3,1.5289979704191836,0.047594243516813,1.1998,0.01285
36980,2330,dens_1375048033230012198,20,Density,<Substance C1CCCCC1{solv}{x=0.733200}|CN1CCCC1=O{solv}{x=0.266800}>,C1CCCCC1,CN1CCCC1=O,smee-spice2-systematic-torsion-generation_constrained-linear,3,0.8189232244788451,0.0002349053513064,0.8287300000000002,0.0004
36981,2331,dhmix_1563298635135474599,21,EnthalpyOfMixing,<Substance C1CCCCC1{solv}{x=0.278900}|CN1CCCC1=O{solv}{x=0.721100}>,C1CCCCC1,CN1CCCC1=O,smee-spice2-systematic-torsion-generation_constrained-linear,3,1.578613248996643,0.0443252250534804,1.2061,0.0129
36982,2332,dens_1606235786379262481,22,Density,<Substance C1CCCCC1{solv}{x=0.227500}|CN1CCCC1=O{solv}{x=0.772500}>,C1CCCCC1,CN1CCCC1=O,smee-spice2-systematic-torsion-generation_constrained-linear,3,0.94309665574131,0.0001530363531359,0.9583800000000002,0.000245
36983,2333,dhmix_1683219349338278021,23,EnthalpyOfMixing,<Substance C1CCCCC1{solv}{x=0.473400}|CN1CCCC1=O{solv}{x=0.526600}>,C1CCCCC1,CN1CCCC1=O,smee-spice2-systematic-torsion-generation_constrained-linear,3,1.960531677866471,0.0449145151903942,1.4691,0.0157
36984,2334,dens_4438302718372985,24,Density,<Substance BrCCCCBr{solv}{x=0.717000}|COC=O{solv}{x=0.283000}>,BrCCCCBr,COC=O,smee-spice2-systematic-torsion-generation_constrained-linear,3,1.65689480583362,0.0004747728338986,1.6702600000000003,0.00259
36985,2335,dhmix_369816950910078034,25,EnthalpyOfMixing,<Substance BrCCCCBr{solv}{x=0.778200}|COC=O{solv}{x=0.221800}>,BrCCCCBr,COC=O,smee-spice2-systematic-torsion-generation_constrained-linear,3,0.7181474290582912,0.0399835819393351,0.6355,0.0057
36986,2336,dens_460757700461114532,26,Density,<Substance BrCCCCBr{solv}{x=0.495800}|COC=O{solv}{x=0.504200}>,BrCCCCBr,COC=O,smee-spice2-systematic-torsion-generation_constrained-linear,3,1.5172396357154128,0.0004726444294221,1.5176800000000004,0.001885
36987,2337,dhmix_1496821399278454353,27,EnthalpyOfMixing,<Substance BrCCCCBr{solv}{x=0.265400}|COC=O{solv}{x=0.734600}>,BrCCCCBr,COC=O,smee-spice2-systematic-torsion-generation_constrained-linear,3,0.8767080315488158,0.0313306713651155,0.8185,0.00715
36988,2338,dens_1750413656870357630,28,Density,<Substance BrCCCCBr{solv}{x=0.225800}|COC=O{solv}{x=0.774200}>,BrCCCCBr,COC=O,smee-spice2-systematic-torsion-generation_constrained-linear,3,1.2846715959490758,0.0004373230865615,1.2671300000000003,0.00104
36989,2339,dhmix_1802862930607761431,29,EnthalpyOfMixing,<Substance BrCCCCBr{solv}{x=0.482000}|COC=O{solv}{x=0.518000}>,BrCCCCBr,COC=O,smee-spice2-systematic-torsion-generation_constrained-linear,3,1.0597947886912316,0.0340932561602956,1.0243,0.0087
36990,2340,dhmix_8447570649359775,30,EnthalpyOfMixing,<Substance OCCO{solv}{x=0.481700}|OCc1ccccc1{solv}{x=0.518300}>,OCCO,OCc1ccccc1,smee-spice2-systematic-torsion-generation_constrained-linear,3,0.1121743131938899,0.0406923679387468,0.201,0.00465
36991,2341,dens_824372741354282107,31,Density,<Substance OCCO{solv}{x=0.505700}|OCc1ccccc1{solv}{x=0.494300}>,OCCO,OCc1ccccc1,smee-spice2-systematic-torsion-generation_constrained-linear,3,1.0682095701061438,0.0002806970776285,1.0579000000000005,0.00027
36992,2342,dens_1105173553343721111,32,Density,<Substance OCCO{solv}{x=0.737100}|OCc1ccccc1{solv}{x=0.262900}>,OCCO,OCc1ccccc1,smee-spice2-systematic-torsion-generation_constrained-linear,3,1.0883142608346563,0.0002722216265698,1.0753200000000005,0.000275
36993,2343,dhmix_1362282802315816638,33,EnthalpyOfMixing,<Substance OCCO{solv}{x=0.736100}|OCc1ccccc1{solv}{x=0.263900}>,OCCO,OCc1ccccc1,smee-spice2-systematic-torsion-generation_constrained-linear,3,0.1583539441091943,0.0393086905971276,0.1383,0.0037
36994,2344,dhmix_1666683879028583081,34,EnthalpyOfMixing,<Substance OCCO{solv}{x=0.236500}|OCc1ccccc1{solv}{x=0.763500}>,OCCO,OCc1ccccc1,smee-spice2-systematic-torsion-generation_constrained-linear,3,0.2157088415750934,0.0381244433903625,0.209,0.0048
36995,2345,dens_1698159396404241323,35,Density,<Substance OCCO{solv}{x=0.262200}|OCc1ccccc1{solv}{x=0.737800}>,OCCO,OCc1ccccc1,smee-spice2-systematic-torsion-generation_constrained-linear,3,1.053497175700293,0.0002012320822541,1.0442900000000002,0.000265
36996,2346,dens_8507121971977381,36,Density,<Substance CCOC(C)(C)C{solv}{x=0.505000}|Cc1ccccc1{solv}{x=0.495000}>,CCOC(C)(C)C,Cc1ccccc1,smee-spice2-systematic-torsion-generation_constrained-linear,3,0.8048187457815454,0.0002399677259581,0.7937390000000002,0.000467
36997,2347,dens_499290591626962121,37,Density,<Substance CCOC(C)(C)C{solv}{x=0.217000}|Cc1ccccc1{solv}{x=0.783000}>,CCOC(C)(C)C,Cc1ccccc1,smee-spice2-systematic-torsion-generation_constrained-linear,3,0.8352358346010929,0.0002225886666945,0.8314450000000002,0.000411
36998,2348,dhmix_820491025608256793,38,EnthalpyOfMixing,<Substance CCOC(C)(C)C{solv}{x=0.501900}|Cc1ccccc1{solv}{x=0.498100}>,CCOC(C)(C)C,Cc1ccccc1,smee-spice2-systematic-torsion-generation_constrained-linear,3,-0.2025554448198221,0.0390036762443607,-0.046,0.00055
36999,2349,dhmix_1374163681483564129,39,EnthalpyOfMixing,<Substance CCOC(C)(C)C{solv}{x=0.248900}|Cc1ccccc1{solv}{x=0.751100}>,CCOC(C)(C)C,Cc1ccccc1,smee-spice2-systematic-torsion-generation_constrained-linear,3,-0.0567752248407344,0.0407540795314182,-0.0324,0.0005
37000,2350,dens_1904998692863983733,40,Density,<Substance CCOC(C)(C)C{solv}{x=0.701000}|Cc1ccccc1{solv}{x=0.299000}>,CCOC(C)(C)C,Cc1ccccc1,smee-spice2-systematic-torsion-generation_constrained-linear,3,0.7853651378184393,0.0001997257389868,0.7696300000000001,0.000503
37001,2351,dhmix_1982853461678580310,41,EnthalpyOfMixing,<Substance CCOC(C)(C)C{solv}{x=0.749500}|Cc1ccccc1{solv}{x=0.250500}>,CCOC(C)(C)C,Cc1ccccc1,smee-spice2-systematic-torsion-generation_constrained-linear,3,-0.1955246590332962,0.0480085450728125,-0.0348,0.0005
37002,2352,dhmix_13624411991961099,42,EnthalpyOfMixing,<Substance C1CCOCC1{solv}{x=0.237900}|Cc1ccccc1N{solv}{x=0.762100}>,C1CCOCC1,Cc1ccccc1N,smee-spice2-systematic-torsion-generation_constrained-linear,3,-0.1399439243798781,0.0466641298804323,-0.3658,0.004
37003,2353,dhmix_510299013171775812,43,EnthalpyOfMixing,<Substance C1CCOCC1{solv}{x=0.741000}|Cc1ccccc1N{solv}{x=0.259000}>,C1CCOCC1,Cc1ccccc1N,smee-spice2-systematic-torsion-generation_constrained-linear,3,0.0047079035023216,0.0420964700636949,-0.4892,0.0053
37004,2354,dhmix_1337006691942958969,44,EnthalpyOfMixing,<Substance C1CCOCC1{solv}{x=0.490100}|Cc1ccccc1N{solv}{x=0.509900}>,C1CCOCC1,Cc1ccccc1N,smee-spice2-systematic-torsion-generation_constrained-linear,3,0.057018810384612,0.0458776830616709,-0.5715,0.0062
37005,2355,dens_1448062547628404156,45,Density,<Substance C1CCOCC1{solv}{x=0.727900}|Cc1ccccc1N{solv}{x=0.272100}>,C1CCOCC1,Cc1ccccc1N,smee-spice2-systematic-torsion-generation_constrained-linear,3,0.9257256461313356,0.0002202831867972,0.91866,0.000285
37006,2356,dens_2171966897328079405,46,Density,<Substance C1CCOCC1{solv}{x=0.498600}|Cc1ccccc1N{solv}{x=0.501400}>,C1CCOCC1,Cc1ccccc1N,smee-spice2-systematic-torsion-generation_constrained-linear,3,0.9608484885515182,0.0001929107647551,0.9459860000000002,0.0002275
37007,2357,dens_2201621104799327758,47,Density,<Substance C1CCOCC1{solv}{x=0.229700}|Cc1ccccc1N{solv}{x=0.770300}>,C1CCOCC1,Cc1ccccc1N,smee-spice2-systematic-torsion-generation_constrained-linear,3,0.9993169695724036,0.0001740319736388,0.9734540000000002,0.000164
37008,2358,dens_15008167137789802,48,Density,<Substance CCCCCl{solv}{x=0.299200}|CN(C)C=O{solv}{x=0.700800}>,CCCCCl,CN(C)C=O,smee-spice2-systematic-torsion-generation_constrained-linear,3,0.9078394681786374,0.0002869009121319,0.9218000000000002,0.0002
37009,2359,dens_550868133232739009,49,Density,<Substance CCCCCl{solv}{x=0.701200}|CN(C)C=O{solv}{x=0.298800}>,CCCCCl,CN(C)C=O,smee-spice2-systematic-torsion-generation_constrained-linear,3,0.8831592321483881,0.0002892500755634,0.8963000000000002,0.0002
37010,2360,dhmix_1315230298567753558,50,EnthalpyOfMixing,<Substance CCCCCl{solv}{x=0.793000}|CN(C)C=O{solv}{x=0.207000}>,CCCCCl,CN(C)C=O,smee-spice2-systematic-torsion-generation_constrained-linear,3,0.669496197709222,0.0422698181088628,0.404,0.003
37011,2361,dhmix_1929975181819720491,51,EnthalpyOfMixing,<Substance CCCCCl{solv}{x=0.493000}|CN(C)C=O{solv}{x=0.507000}>,CCCCCl,CN(C)C=O,smee-spice2-systematic-torsion-generation_constrained-linear,3,0.88044306151982,0.0390424727231549,0.571,0.003
37012,2362,dhmix_1976787548784045784,52,EnthalpyOfMixing,<Substance CCCCCl{solv}{x=0.295000}|CN(C)C=O{solv}{x=0.705000}>,CCCCCl,CN(C)C=O,smee-spice2-systematic-torsion-generation_constrained-linear,3,0.7914156018281346,0.0383109413635942,0.467,0.003
37013,2363,dens_2008819185276371643,53,Density,<Substance CCCCCl{solv}{x=0.499000}|CN(C)C=O{solv}{x=0.501000}>,CCCCCl,CN(C)C=O,smee-spice2-systematic-torsion-generation_constrained-linear,3,0.8955201296470894,0.0002967688112694,0.9086000000000002,0.0002
37014,2364,dens_16755306936326197,54,Density,<Substance Cc1ccccc1N{solv}{x=0.255700}|Cc1ccccn1{solv}{x=0.744300}>,Cc1ccccc1N,Cc1ccccn1,smee-spice2-systematic-torsion-generation_constrained-linear,3,0.9789520430086646,0.000239159352199,0.9597930000000002,0.000307
37015,2365,dens_238666738854407136,55,Density,<Substance Cc1ccccc1N{solv}{x=0.514600}|Cc1ccccn1{solv}{x=0.485400}>,Cc1ccccc1N,Cc1ccccn1,smee-spice2-systematic-torsion-generation_constrained-linear,3,0.9988528959827938,0.0001802586968018,0.9748990000000002,0.0002315
37016,2366,dhmix_1909144841681931250,56,EnthalpyOfMixing,<Substance Cc1ccccc1N{solv}{x=0.488200}|Cc1ccccn1{solv}{x=0.511800}>,Cc1ccccc1N,Cc1ccccn1,smee-spice2-systematic-torsion-generation_constrained-linear,3,-1.0336636158811672,0.0429749907895584,-1.4976,0.0305
37017,2367,dens_1945534954282706534,57,Density,<Substance Cc1ccccc1N{solv}{x=0.757100}|Cc1ccccn1{solv}{x=0.242900}>,Cc1ccccc1N,Cc1ccccn1,smee-spice2-systematic-torsion-generation_constrained-linear,3,1.0146101996977013,0.0002384242768627,0.9854410000000002,0.000169
37018,2368,dhmix_2038606904928978856,58,EnthalpyOfMixing,<Substance Cc1ccccc1N{solv}{x=0.782100}|Cc1ccccn1{solv}{x=0.217900}>,Cc1ccccc1N,Cc1ccccn1,smee-spice2-systematic-torsion-generation_constrained-linear,3,-0.539458502241903,0.0468436409472867,-0.8656,0.01775
37019,2369,dhmix_2125558080831870503,59,EnthalpyOfMixing,<Substance Cc1ccccc1N{solv}{x=0.273600}|Cc1ccccn1{solv}{x=0.726400}>,Cc1ccccc1N,Cc1ccccn1,smee-spice2-systematic-torsion-generation_constrained-linear,3,-0.9665074791977304,0.040408718968363,-1.2462,0.0254
37020,2370,dens_19028061622240549,60,Density,<Substance CN(C)CCO{solv}{x=0.296200}|CO{solv}{x=0.703800}>,CN(C)CCO,CO,smee-spice2-systematic-torsion-generation_constrained-linear,3,0.8522801692099566,0.0002220420126066,0.8506500000000001,0.00014
37021,2371,dens_186649390549115907,61,Density,<Substance CN(C)CCO{solv}{x=0.502000}|CO{solv}{x=0.498000}>,CN(C)CCO,CO,smee-spice2-systematic-torsion-generation_constrained-linear,3,0.8797072560683996,0.000194565076101,0.8684000000000002,0.000155
37022,2372,dhmix_1453612193040378117,62,EnthalpyOfMixing,<Substance CN(C)CCO{solv}{x=0.497200}|CO{solv}{x=0.502800}>,CN(C)CCO,CO,smee-spice2-systematic-torsion-generation_constrained-linear,3,-1.211577727009484,0.0385767716187373,-0.8673,0.00935
37023,2373,dens_1978392691277508278,63,Density,<Substance CN(C)CCO{solv}{x=0.707500}|CO{solv}{x=0.292500}>,CN(C)CCO,CO,smee-spice2-systematic-torsion-generation_constrained-linear,3,0.8977796101150389,0.0002013165539666,0.8766100000000002,0.00017
37024,2374,dhmix_2113387918969192804,64,EnthalpyOfMixing,<Substance CN(C)CCO{solv}{x=0.247900}|CO{solv}{x=0.752100}>,CN(C)CCO,CO,smee-spice2-systematic-torsion-generation_constrained-linear,3,-1.0971030028673994,0.0330854833770706,-0.8057,0.0087
37025,2375,dhmix_2220842061395014218,65,EnthalpyOfMixing,<Substance CN(C)CCO{solv}{x=0.750600}|CO{solv}{x=0.249400}>,CN(C)CCO,CO,smee-spice2-systematic-torsion-generation_constrained-linear,3,-0.7465022445731506,0.034087569902333,-0.5322,0.00585
37026,2376,dhmix_21994921667950318,66,EnthalpyOfMixing,<Substance C=CCCCC{solv}{x=0.500100}|CCCO{solv}{x=0.499900}>,C=CCCCC,CCCO,smee-spice2-systematic-torsion-generation_constrained-linear,3,0.7730410707742266,0.0411321672718495,0.595,0.0055
37027,2377,dens_62854823056490751,67,Density,<Substance C=CCCCC{solv}{x=0.150300}|CCCO{solv}{x=0.849700}>,C=CCCCC,CCCO,smee-spice2-systematic-torsion-generation_constrained-linear,3,0.7672497210304992,0.0002992197514392,0.7704980000000002,0.0001845
37028,2378,dens_294296714501123310,68,Density,<Substance C=CCCCC{solv}{x=0.499100}|CCCO{solv}{x=0.500900}>,C=CCCCC,CCCO,smee-spice2-systematic-torsion-generation_constrained-linear,3,0.7061269186210163,0.0002487061898395,0.7176450000000002,0.0002145
37029,2379,dhmix_829065315899278784,69,EnthalpyOfMixing,<Substance C=CCCCC{solv}{x=0.750000}|CCCO{solv}{x=0.250000}>,C=CCCCC,CCCO,smee-spice2-systematic-torsion-generation_constrained-linear,3,0.7893274258153156,0.0404850086883336,0.682,0.006
37030,2380,dens_2024397702416079279,70,Density,<Substance C=CCCCC{solv}{x=0.745600}|CCCO{solv}{x=0.254400}>,C=CCCCC,CCCO,smee-spice2-systematic-torsion-generation_constrained-linear,3,0.6757580518712353,0.00024324568659,0.6899770000000002,0.0002305
37031,2381,dhmix_2167083041249157622,71,EnthalpyOfMixing,<Substance C=CCCCC{solv}{x=0.150100}|CCCO{solv}{x=0.849900}>,C=CCCCC,CCCO,smee-spice2-systematic-torsion-generation_constrained-linear,3,0.2609855592907451,0.0393891528987564,0.192,0.005
37032,2382,dhmix_22428169890990447,72,EnthalpyOfMixing,<Substance CC1(C)C(=O)[C@]2(C)CC[C@H]1C2{solv}{x=0.286000}|CCO{solv}{x=0.714000}>,CC1(C)C(=O)[C@]2(C)CC[C@H]1C2,CCO,smee-spice2-systematic-torsion-generation_constrained-linear,3,0.6257923956597153,0.0374145155635106,0.876,0.0265
37033,2383,dhmix_57626661746168078,73,EnthalpyOfMixing,<Substance CC1(C)C(=O)[C@]2(C)CC[C@H]1C2{solv}{x=0.701000}|CCO{solv}{x=0.299000}>,CC1(C)C(=O)[C@]2(C)CC[C@H]1C2,CCO,smee-spice2-systematic-torsion-generation_constrained-linear,3,0.5990038631242101,0.0531516084788172,1.0,0.0305
37034,2384,dhmix_287041928444283276,74,EnthalpyOfMixing,<Substance CC1(C)C(=O)[C@]2(C)CC[C@H]1C2{solv}{x=0.488000}|CCO{solv}{x=0.512000}>,CC1(C)C(=O)[C@]2(C)CC[C@H]1C2,CCO,smee-spice2-systematic-torsion-generation_constrained-linear,3,0.7460036865648121,0.043471104233698,1.109,0.0335
37035,2385,dens_618487453946854895,75,Density,<Substance CC1(C)C(=O)[C@]2(C)CC[C@H]1C2{solv}{x=0.501200}|CCO{solv}{x=0.498800}>,CC1(C)C(=O)[C@]2(C)CC[C@H]1C2,CCO,smee-spice2-systematic-torsion-generation_constrained-linear,3,0.9183291884564948,0.0002415885142101,0.9005900000000002,5.5000000000000016e-05
37036,2386,dens_1408969463542558504,76,Density,<Substance CC1(C)C(=O)[C@]2(C)CC[C@H]1C2{solv}{x=0.789700}|CCO{solv}{x=0.210300}>,CC1(C)C(=O)[C@]2(C)CC[C@H]1C2,CCO,smee-spice2-systematic-torsion-generation_constrained-linear,3,0.949077562729711,0.0003499687862368,0.9274800000000002,6.0000000000000015e-05
37037,2387,dens_2053919413592536040,77,Density,<Substance CC1(C)C(=O)[C@]2(C)CC[C@H]1C2{solv}{x=0.200200}|CCO{solv}{x=0.799800}>,CC1(C)C(=O)[C@]2(C)CC[C@H]1C2,CCO,smee-spice2-systematic-torsion-generation_constrained-linear,3,0.862483838391961,0.0001861655302064,0.8499000000000002,6.500000000000002e-05
37038,2388,dhmix_24700325920498635,78,EnthalpyOfMixing,<Substance CCC(C)(C)O{solv}{x=0.799400}|CCOC(C)(C)CC{solv}{x=0.200600}>,CCC(C)(C)O,CCOC(C)(C)CC,smee-spice2-systematic-torsion-generation_constrained-linear,3,0.6269414520728702,0.0539340827045701,0.448,0.0073
37039,2389,dhmix_252628078473967793,79,EnthalpyOfMixing,<Substance CCC(C)(C)O{solv}{x=0.299700}|CCOC(C)(C)CC{solv}{x=0.700300}>,CCC(C)(C)O,CCOC(C)(C)CC,smee-spice2-systematic-torsion-generation_constrained-linear,3,1.0689912599868308,0.0475766464376522,0.9727,0.0132
37040,2390,dens_281609537293621351,80,Density,<Substance CCC(C)(C)O{solv}{x=0.799400}|CCOC(C)(C)CC{solv}{x=0.200600}>,CCC(C)(C)O,CCOC(C)(C)CC,smee-spice2-systematic-torsion-generation_constrained-linear,3,0.8104516213987254,0.0001837919268517,0.7932000000000002,0.00025
37041,2391,dhmix_980734994193955874,81,EnthalpyOfMixing,<Substance CCC(C)(C)O{solv}{x=0.498700}|CCOC(C)(C)CC{solv}{x=0.501300}>,CCC(C)(C)O,CCOC(C)(C)CC,smee-spice2-systematic-torsion-generation_constrained-linear,3,1.1030675433051442,0.0434076917695392,0.8937,0.01225
37042,2392,dens_1165049856972872340,82,Density,<Substance CCC(C)(C)O{solv}{x=0.498700}|CCOC(C)(C)CC{solv}{x=0.501300}>,CCC(C)(C)O,CCOC(C)(C)CC,smee-spice2-systematic-torsion-generation_constrained-linear,3,0.7915182909017906,0.0002051698170099,0.7789000000000001,0.0002
37043,2393,dens_2297026976830009992,83,Density,<Substance CCC(C)(C)O{solv}{x=0.299700}|CCOC(C)(C)CC{solv}{x=0.700300}>,CCC(C)(C)O,CCOC(C)(C)CC,smee-spice2-systematic-torsion-generation_constrained-linear,3,0.7821836113813319,0.000224138464823,0.7709000000000001,0.0002
37044,2394,dens_25810987980199799,84,Density,<Substance CCCCCC{solv}{x=0.158800}|Cc1ccccc1{solv}{x=0.841200}>,CCCCCC,Cc1ccccc1,smee-spice2-systematic-torsion-generation_constrained-linear,3,0.8199851587813979,0.0002501305552028,0.8226300000000002,0.000335
37045,2395,dens_574637447996217594,85,Density,<Substance CCCCCC{solv}{x=0.501100}|Cc1ccccc1{solv}{x=0.498900}>,CCCCCC,Cc1ccccc1,smee-spice2-systematic-torsion-generation_constrained-linear,3,0.7419191483701646,0.0002217987907411,0.7484400000000002,0.00015
37046,2396,dhmix_1373657903424456878,86,EnthalpyOfMixing,<Substance CCCCCC{solv}{x=0.158600}|Cc1ccccc1{solv}{x=0.841400}>,CCCCCC,Cc1ccccc1,smee-spice2-systematic-torsion-generation_constrained-linear,3,0.3804841669592065,0.0379727397425415,0.3163,0.0043
37047,2397,dhmix_1383995974797334848,87,EnthalpyOfMixing,<Substance CCCCCC{solv}{x=0.472300}|Cc1ccccc1{solv}{x=0.527700}>,CCCCCC,Cc1ccccc1,smee-spice2-systematic-torsion-generation_constrained-linear,3,0.7866129654827745,0.0432009489887981,0.5467,0.00715
37048,2398,dhmix_1412344026798360911,88,EnthalpyOfMixing,<Substance CCCCCC{solv}{x=0.748400}|Cc1ccccc1{solv}{x=0.251600}>,CCCCCC,Cc1ccccc1,smee-spice2-systematic-torsion-generation_constrained-linear,3,0.4525009678569915,0.0363102603934287,0.393,0.00525
37049,2399,dens_2241575426887298365,89,Density,<Substance CCCCCC{solv}{x=0.733800}|Cc1ccccc1{solv}{x=0.266200}>,CCCCCC,Cc1ccccc1,smee-spice2-systematic-torsion-generation_constrained-linear,3,0.6943900548132619,0.0002298003096137,0.7020900000000002,0.000305
37050,2400,dens_27241401908451167,90,Density,<Substance CN(C)C=O{solv}{x=0.503500}|Cc1ccccc1Cl{solv}{x=0.496500}>,CN(C)C=O,Cc1ccccc1Cl,smee-spice2-systematic-torsion-generation_constrained-linear,3,1.0222428527936245,0.0002544169250575,1.0247000000000004,0.0005
37051,2401,dhmix_674882857451857086,91,EnthalpyOfMixing,<Substance CN(C)C=O{solv}{x=0.511800}|Cc1ccccc1Cl{solv}{x=0.488200}>,CN(C)C=O,Cc1ccccc1Cl,smee-spice2-systematic-torsion-generation_constrained-linear,3,0.1206775327134153,0.0398804403429536,0.545,0.006
37052,2402,dens_818042132181297482,92,Density,<Substance CN(C)C=O{solv}{x=0.751200}|Cc1ccccc1Cl{solv}{x=0.248800}>,CN(C)C=O,Cc1ccccc1Cl,smee-spice2-systematic-torsion-generation_constrained-linear,3,0.9796149322682632,0.0002430482503405,0.9898800000000002,0.0005
37053,2403,dens_861365281257265917,93,Density,<Substance CN(C)C=O{solv}{x=0.273700}|Cc1ccccc1Cl{solv}{x=0.726300}>,CN(C)C=O,Cc1ccccc1Cl,smee-spice2-systematic-torsion-generation_constrained-linear,3,1.044500719188132,0.000251627825193,1.0415000000000003,0.0005
37054,2404,dhmix_1670364528496870559,94,EnthalpyOfMixing,<Substance CN(C)C=O{solv}{x=0.767900}|Cc1ccccc1Cl{solv}{x=0.232100}>,CN(C)C=O,Cc1ccccc1Cl,smee-spice2-systematic-torsion-generation_constrained-linear,3,0.11298548878462,0.0429142004212531,0.436,0.005
37055,2405,dhmix_1992689527814967541,95,EnthalpyOfMixing,<Substance CN(C)C=O{solv}{x=0.274300}|Cc1ccccc1Cl{solv}{x=0.725700}>,CN(C)C=O,Cc1ccccc1Cl,smee-spice2-systematic-torsion-generation_constrained-linear,3,0.1382928443079336,0.0430214983528798,0.373,0.004
37056,2406,dens_29213618499921464,96,Density,<Substance C1CCOCC1{solv}{x=0.254000}|O=C1CCCCCC1{solv}{x=0.746000}>,C1CCOCC1,O=C1CCCCCC1,smee-spice2-systematic-torsion-generation_constrained-linear,3,0.922242128291778,0.0001615334628643,0.9355100000000002,0.00051
37057,2407,dens_468319504030932569,97,Density,<Substance C1CCOCC1{solv}{x=0.498600}|O=C1CCCCCC1{solv}{x=0.501400}>,C1CCOCC1,O=C1CCCCCC1,smee-spice2-systematic-torsion-generation_constrained-linear,3,0.910562516022448,0.0002695749978598,0.9211200000000004,0.00051
37058,2408,dens_1174890511154571939,98,Density,<Substance C1CCOCC1{solv}{x=0.768600}|O=C1CCCCCC1{solv}{x=0.231400}>,C1CCOCC1,O=C1CCCCCC1,smee-spice2-systematic-torsion-generation_constrained-linear,3,0.8957808682287618,0.0002213516167908,0.9012200000000002,0.000505
37059,2409,dens_30084818585402677,99,Density,<Substance CC(=O)N(C)C{solv}{x=0.700600}|ClCCCCCCCl{solv}{x=0.299400}>,CC(=O)N(C)C,ClCCCCCCCl,smee-spice2-systematic-torsion-generation_constrained-linear,3,0.967561131657291,0.0002331545153853,0.9853000000000002,0.00175
37060,2410,dhmix_384619296407103076,100,EnthalpyOfMixing,<Substance CC(=O)N(C)C{solv}{x=0.504000}|ClCCCCCCCl{solv}{x=0.496000}>,CC(=O)N(C)C,ClCCCCCCCl,smee-spice2-systematic-torsion-generation_constrained-linear,3,0.146095755889335,0.0424190737430098,0.09,0.002
37061,2411,dens_539464371986972328,101,Density,<Substance CC(=O)N(C)C{solv}{x=0.494300}|ClCCCCCCCl{solv}{x=0.505700}>,CC(=O)N(C)C,ClCCCCCCCl,smee-spice2-systematic-torsion-generation_constrained-linear,3,1.002632659673781,0.0002318798518994,1.0123000000000002,0.0016
37062,2412,dhmix_1114659247517686326,102,EnthalpyOfMixing,<Substance CC(=O)N(C)C{solv}{x=0.798000}|ClCCCCCCCl{solv}{x=0.202000}>,CC(=O)N(C)C,ClCCCCCCCl,smee-spice2-systematic-torsion-generation_constrained-linear,3,0.1874948456356264,0.0419918460534618,0.067,0.002
37063,2413,dhmix_1410583096030633514,103,EnthalpyOfMixing,<Substance CC(=O)N(C)C{solv}{x=0.212000}|ClCCCCCCCl{solv}{x=0.788000}>,CC(=O)N(C)C,ClCCCCCCCl,smee-spice2-systematic-torsion-generation_constrained-linear,3,0.1307770949227347,0.045030200505659,0.04,0.002
37064,2414,dens_2244909992725638206,104,Density,<Substance CC(=O)N(C)C{solv}{x=0.300200}|ClCCCCCCCl{solv}{x=0.699800}>,CC(=O)N(C)C,ClCCCCCCCl,smee-spice2-systematic-torsion-generation_constrained-linear,3,1.0309664043230418,0.0002146421268405,1.0345000000000002,0.0015
37065,2415,dhmix_35301006695188726,105,EnthalpyOfMixing,<Substance CCOC(=O)C(C)C{solv}{x=0.289000}|CO{solv}{x=0.711000}>,CCOC(=O)C(C)C,CO,smee-spice2-systematic-torsion-generation_constrained-linear,3,0.5770588089650488,0.0336197341977487,0.488,0.0035
37066,2416,dens_508877804306927207,106,Density,<Substance CCOC(=O)C(C)C{solv}{x=0.499000}|CO{solv}{x=0.501000}>,CCOC(=O)C(C)C,CO,smee-spice2-systematic-torsion-generation_constrained-linear,3,0.8481615655823929,0.000203816309719,0.8414100000000002,0.00011
37067,2417,dens_1201422771202741625,107,Density,<Substance CCOC(=O)C(C)C{solv}{x=0.199600}|CO{solv}{x=0.800400}>,CCOC(=O)C(C)C,CO,smee-spice2-systematic-torsion-generation_constrained-linear,3,0.8133722511599024,0.0003795927362794,0.8173600000000002,0.000115
37068,2418,dhmix_1951183536432642425,108,EnthalpyOfMixing,<Substance CCOC(=O)C(C)C{solv}{x=0.480000}|CO{solv}{x=0.520000}>,CCOC(=O)C(C)C,CO,smee-spice2-systematic-torsion-generation_constrained-linear,3,0.6991338099559101,0.0313431941755974,0.671,0.0045
37069,2419,dens_1998368384671748308,109,Density,<Substance CCOC(=O)C(C)C{solv}{x=0.703000}|CO{solv}{x=0.297000}>,CCOC(=O)C(C)C,CO,smee-spice2-systematic-torsion-generation_constrained-linear,3,0.8615366912946545,0.0002631843057322,0.8501200000000002,0.00011
37070,2420,dhmix_2200604492347455092,110,EnthalpyOfMixing,<Substance CCOC(=O)C(C)C{solv}{x=0.771000}|CO{solv}{x=0.229000}>,CCOC(=O)C(C)C,CO,smee-spice2-systematic-torsion-generation_constrained-linear,3,0.4618779837771036,0.0442385711692694,0.632,0.0045
37071,2421,dhmix_39159150320919359,111,EnthalpyOfMixing,<Substance CCO{solv}{x=0.799700}|Cc1cccc(O)c1{solv}{x=0.200300}>,CCO,Cc1cccc(O)c1,smee-spice2-systematic-torsion-generation_constrained-linear,3,-0.5654751561972091,0.0332706513436062,-0.79199,0.011965
37072,2422,dens_410843938837220593,112,Density,<Substance CCO{solv}{x=0.263700}|Cc1cccc(O)c1{solv}{x=0.736300}>,CCO,Cc1cccc(O)c1,smee-spice2-systematic-torsion-generation_constrained-linear,3,1.0031522117498763,0.0003351344467889,0.9852300000000004,0.0006
37073,2423,dhmix_1115402835538407874,113,EnthalpyOfMixing,<Substance CCO{solv}{x=0.212500}|Cc1cccc(O)c1{solv}{x=0.787500}>,CCO,Cc1cccc(O)c1,smee-spice2-systematic-torsion-generation_constrained-linear,3,-0.3386254551878842,0.0487570222354656,-0.68742,0.01275
37074,2424,dens_1359111234216199895,114,Density,<Substance CCO{solv}{x=0.472400}|Cc1cccc(O)c1{solv}{x=0.527600}>,CCO,Cc1cccc(O)c1,smee-spice2-systematic-torsion-generation_constrained-linear,3,0.9646486499255772,0.0002350947758456,0.9446300000000002,0.0006
37075,2425,dens_1590314985481219627,115,Density,<Substance CCO{solv}{x=0.781700}|Cc1cccc(O)c1{solv}{x=0.218300}>,CCO,Cc1cccc(O)c1,smee-spice2-systematic-torsion-generation_constrained-linear,3,0.8800327359036612,0.0002636724287671,0.8631500000000002,0.000605
37076,2426,dhmix_1871939727966182523,116,EnthalpyOfMixing,<Substance CCO{solv}{x=0.413900}|Cc1cccc(O)c1{solv}{x=0.586100}>,CCO,Cc1cccc(O)c1,smee-spice2-systematic-torsion-generation_constrained-linear,3,-0.7870307108205346,0.0367935047491713,-1.14624,0.00985
37077,2427,dens_42678158079716854,117,Density,<Substance CN1CCCC1=O{solv}{x=0.937492}|c1ccccc1{solv}{x=0.062508}>,CN1CCCC1=O,c1ccccc1,smee-spice2-systematic-torsion-generation_constrained-linear,3,1.0025556697415068,0.0001960726931403,1.0204500000000003,3.500000000000001e-05
37078,2428,dens_252520620125458637,118,Density,<Substance CN1CCCC1=O{solv}{x=0.513500}|c1ccccc1{solv}{x=0.486500}>,CN1CCCC1=O,c1ccccc1,smee-spice2-systematic-torsion-generation_constrained-linear,3,0.9579344910801614,0.0002187973656452,0.9684700000000004,0.00018
37079,2429,dhmix_524477957640851666,119,EnthalpyOfMixing,<Substance CN1CCCC1=O{solv}{x=0.235600}|c1ccccc1{solv}{x=0.764400}>,CN1CCCC1=O,c1ccccc1,smee-spice2-systematic-torsion-generation_constrained-linear,3,-0.0991888131448206,0.0393036856983729,-0.3684,0.00405
37080,2430,dhmix_1475629358723962160,120,EnthalpyOfMixing,<Substance CN1CCCC1=O{solv}{x=0.546700}|c1ccccc1{solv}{x=0.453300}>,CN1CCCC1=O,c1ccccc1,smee-spice2-systematic-torsion-generation_constrained-linear,3,-0.0791474226908803,0.0404521112556616,-0.4943,0.00535
37081,2431,dens_2041306780823594960,121,Density,<Substance CN1CCCC1=O{solv}{x=0.252400}|c1ccccc1{solv}{x=0.747600}>,CN1CCCC1=O,c1ccccc1,smee-spice2-systematic-torsion-generation_constrained-linear,3,0.909897268981249,0.0002805458449465,0.9163300000000004,0.00029
37082,2432,dhmix_2156508970935294660,122,EnthalpyOfMixing,<Substance CN1CCCC1=O{solv}{x=0.741100}|c1ccccc1{solv}{x=0.258900}>,CN1CCCC1=O,c1ccccc1,smee-spice2-systematic-torsion-generation_constrained-linear,3,-0.1651568017194602,0.0400115723379172,-0.3841,0.0042
37083,2433,dhmix_44217680865702366,123,EnthalpyOfMixing,<Substance CC(=O)c1ccccc1{solv}{x=0.200100}|CC(C)O{solv}{x=0.799900}>,CC(=O)c1ccccc1,CC(C)O,smee-spice2-systematic-torsion-generation_constrained-linear,3,0.8961773093265606,0.0362987013241998,1.1352,0.0124
37084,2434,dens_91454082453656404,124,Density,<Substance CC(=O)c1ccccc1{solv}{x=0.756100}|CC(C)O{solv}{x=0.243900}>,CC(=O)c1ccccc1,CC(C)O,smee-spice2-systematic-torsion-generation_constrained-linear,3,0.9842102154994667,0.0001850682012231,0.9823500000000004,0.000175
37085,2435,dens_152869924254680766,125,Density,<Substance CC(=O)c1ccccc1{solv}{x=0.251700}|CC(C)O{solv}{x=0.748300}>,CC(=O)c1ccccc1,CC(C)O,smee-spice2-systematic-torsion-generation_constrained-linear,3,0.8830306252474196,0.0001710218843826,0.8654400000000002,0.000245
37086,2436,dhmix_1214494501247401592,126,EnthalpyOfMixing,<Substance CC(=O)c1ccccc1{solv}{x=0.499600}|CC(C)O{solv}{x=0.500400}>,CC(=O)c1ccccc1,CC(C)O,smee-spice2-systematic-torsion-generation_constrained-linear,3,1.266749808718494,0.0389776941035542,1.5703,0.0169
37087,2437,dhmix_1482394504883204224,127,EnthalpyOfMixing,<Substance CC(=O)c1ccccc1{solv}{x=0.700600}|CC(C)O{solv}{x=0.299400}>,CC(=O)c1ccccc1,CC(C)O,smee-spice2-systematic-torsion-generation_constrained-linear,3,1.0360423085238253,0.0408730030022166,1.3758,0.01485
37088,2438,dens_1804860114822214449,128,Density,<Substance CC(=O)c1ccccc1{solv}{x=0.534500}|CC(C)O{solv}{x=0.465500}>,CC(=O)c1ccccc1,CC(C)O,smee-spice2-systematic-torsion-generation_constrained-linear,3,0.9456242878742512,0.0001667228754027,0.9375600000000002,0.0002
37089,2439,dhmix_47323681380989568,129,EnthalpyOfMixing,<Substance CCCCCCCCCl{solv}{x=0.498000}|CN(C)C=O{solv}{x=0.502000}>,CCCCCCCCCl,CN(C)C=O,smee-spice2-systematic-torsion-generation_constrained-linear,3,1.33114441802239,0.0425848336251104,1.087,0.0045
37090,2440,dhmix_620291288515939248,130,EnthalpyOfMixing,<Substance CCCCCCCCCl{solv}{x=0.790000}|CN(C)C=O{solv}{x=0.210000}>,CCCCCCCCCl,CN(C)C=O,smee-spice2-systematic-torsion-generation_constrained-linear,3,1.041415469335405,0.0526017727781871,0.68,0.0045
37091,2441,dens_1830564734879843336,131,Density,<Substance CCCCCCCCCl{solv}{x=0.733100}|CN(C)C=O{solv}{x=0.266900}>,CCCCCCCCCl,CN(C)C=O,smee-spice2-systematic-torsion-generation_constrained-linear,3,0.8750182463648407,0.0001869011601205,0.8779000000000002,0.00045
37092,2442,dens_1865569264533219410,132,Density,<Substance CCCCCCCCCl{solv}{x=0.500800}|CN(C)C=O{solv}{x=0.499200}>,CCCCCCCCCl,CN(C)C=O,smee-spice2-systematic-torsion-generation_constrained-linear,3,0.8843883673991744,0.000213267564067,0.8897000000000003,0.0004
37093,2443,dens_1893252821735673677,133,Density,<Substance CCCCCCCCCl{solv}{x=0.199800}|CN(C)C=O{solv}{x=0.800200}>,CCCCCCCCCl,CN(C)C=O,smee-spice2-systematic-torsion-generation_constrained-linear,3,0.903401709140935,0.0002754672447801,0.9149000000000002,0.0003
37094,2444,dhmix_2175249209874409534,134,EnthalpyOfMixing,<Substance CCCCCCCCCl{solv}{x=0.205000}|CN(C)C=O{solv}{x=0.795000}>,CCCCCCCCCl,CN(C)C=O,smee-spice2-systematic-torsion-generation_constrained-linear,3,0.9926088121932076,0.0439979213424744,0.79,0.0045
37095,2445,dens_47347406470845261,135,Density,<Substance BrCCCBr{solv}{x=0.748600}|COC=O{solv}{x=0.251400}>,BrCCCBr,COC=O,smee-spice2-systematic-torsion-generation_constrained-linear,3,1.7753949720399993,0.000512983257807,1.7969200000000003,0.00306
37096,2446,dens_398260729245374704,136,Density,<Substance BrCCCBr{solv}{x=0.472200}|COC=O{solv}{x=0.527800}>,BrCCCBr,COC=O,smee-spice2-systematic-torsion-generation_constrained-linear,3,1.5582897222756675,0.0005478307070609,1.5585100000000005,0.001985
37097,2447,dhmix_1440467239786579925,137,EnthalpyOfMixing,<Substance BrCCCBr{solv}{x=0.735400}|COC=O{solv}{x=0.264600}>,BrCCCBr,COC=O,smee-spice2-systematic-torsion-generation_constrained-linear,3,0.7275752363134558,0.0392698794417785,0.7435,0.00655
37098,2448,dens_1812113401512645360,138,Density,<Substance BrCCCBr{solv}{x=0.204700}|COC=O{solv}{x=0.795300}>,BrCCCBr,COC=O,smee-spice2-systematic-torsion-generation_constrained-linear,3,1.281649005201465,0.0004043690371905,1.2611800000000004,0.001025
37099,2449,dhmix_2252268161220427112,139,EnthalpyOfMixing,<Substance BrCCCBr{solv}{x=0.485300}|COC=O{solv}{x=0.514700}>,BrCCCBr,COC=O,smee-spice2-systematic-torsion-generation_constrained-linear,3,0.8834666338037742,0.0316909196337879,0.9249,0.00795
37100,2450,dhmix_2289960806584862127,140,EnthalpyOfMixing,<Substance BrCCCBr{solv}{x=0.239500}|COC=O{solv}{x=0.760500}>,BrCCCBr,COC=O,smee-spice2-systematic-torsion-generation_constrained-linear,3,0.7125663078332405,0.0354175942909284,0.6669,0.00595
37101,2451,dens_52148744845178727,141,Density,<Substance CC(=O)CC(C)C{solv}{x=0.700900}|CCC(C)(C)O{solv}{x=0.299100}>,CC(=O)CC(C)C,CCC(C)(C)O,smee-spice2-systematic-torsion-generation_constrained-linear,3,0.806608806664132,0.0001817581898058,0.7968700000000002,0.00018
37102,2452,dhmix_202225007451030020,142,EnthalpyOfMixing,<Substance CC(=O)CC(C)C{solv}{x=0.201700}|CCC(C)(C)O{solv}{x=0.798300}>,CC(=O)CC(C)C,CCC(C)(C)O,smee-spice2-systematic-torsion-generation_constrained-linear,3,0.0390192889233311,0.057707343310429,0.8181,0.01135
37103,2453,dens_938275493819605051,143,Density,<Substance CC(=O)CC(C)C{solv}{x=0.500800}|CCC(C)(C)O{solv}{x=0.499200}>,CC(=O)CC(C)C,CCC(C)(C)O,smee-spice2-systematic-torsion-generation_constrained-linear,3,0.8113318155155659,0.0001932043871513,0.7987300000000002,0.00018
37104,2454,dhmix_998794233701009996,144,EnthalpyOfMixing,<Substance CC(=O)CC(C)C{solv}{x=0.500800}|CCC(C)(C)O{solv}{x=0.499200}>,CC(=O)CC(C)C,CCC(C)(C)O,smee-spice2-systematic-torsion-generation_constrained-linear,3,0.2537758687448423,0.0473659550874051,1.3674,0.0185
37105,2455,dhmix_1565593158104493647,145,EnthalpyOfMixing,<Substance CC(=O)CC(C)C{solv}{x=0.700900}|CCC(C)(C)O{solv}{x=0.299100}>,CC(=O)CC(C)C,CCC(C)(C)O,smee-spice2-systematic-torsion-generation_constrained-linear,3,0.3788878157999846,0.0480062376986593,1.2068,0.0164
37106,2456,dens_2097057526665137697,146,Density,<Substance CC(=O)CC(C)C{solv}{x=0.201700}|CCC(C)(C)O{solv}{x=0.798300}>,CC(=O)CC(C)C,CCC(C)(C)O,smee-spice2-systematic-torsion-generation_constrained-linear,3,0.820261960745627,0.0002876836855833,0.8030000000000002,0.00019
37107,2457,dens_60145312697659458,147,Density,<Substance OC1=NCCC1{solv}{x=0.231200}|c1ccncc1{solv}{x=0.768800}>,OC1=NCCC1,c1ccncc1,smee-spice2-systematic-torsion-generation_constrained-linear,3,1.0177044760772775,0.0003027634091117,1.0106200000000003,0.00051
37108,2458,dhmix_281987656487279026,148,EnthalpyOfMixing,<Substance OC1=NCCC1{solv}{x=0.525600}|c1ccncc1{solv}{x=0.474400}>,OC1=NCCC1,c1ccncc1,smee-spice2-systematic-torsion-generation_constrained-linear,3,-1.8499992985283311,0.0674176093191625,0.2031,0.0508
37109,2459,dens_617740093035429712,149,Density,<Substance OC1=NCCC1{solv}{x=0.831200}|c1ccncc1{solv}{x=0.168800}>,OC1=NCCC1,c1ccncc1,smee-spice2-systematic-torsion-generation_constrained-linear,3,1.074555171716091,0.0003024297658701,1.0872000000000004,0.00052
37110,2460,dhmix_658699797311871042,150,EnthalpyOfMixing,<Substance OC1=NCCC1{solv}{x=0.261500}|c1ccncc1{solv}{x=0.738500}>,OC1=NCCC1,c1ccncc1,smee-spice2-systematic-torsion-generation_constrained-linear,3,-0.7642031585038467,0.042538311413771,0.165,0.04125
37111,2461,dhmix_774470106511868908,151,EnthalpyOfMixing,<Substance OC1=NCCC1{solv}{x=0.831100}|c1ccncc1{solv}{x=0.168900}>,OC1=NCCC1,c1ccncc1,smee-spice2-systematic-torsion-generation_constrained-linear,3,-1.1796430559369355,0.0879776046762312,0.0972,0.0243
37112,2462,dens_1837977312272564303,152,Density,<Substance OC1=NCCC1{solv}{x=0.475200}|c1ccncc1{solv}{x=0.524800}>,OC1=NCCC1,c1ccncc1,smee-spice2-systematic-torsion-generation_constrained-linear,3,1.0440947708402994,0.0003628633603768,1.0431300000000003,0.000515
37113,2463,dens_64870336397637683,153,Density,<Substance NCCCO{solv}{x=0.489642}|O{solv}{x=0.510358}>,NCCCO,O,smee-spice2-systematic-torsion-generation_constrained-linear,3,1.0397853295334398,0.0003251282877345,1.0059000000000002,0.00155
37114,2464,dens_70371380055449550,154,Density,<Substance NCCCO{solv}{x=0.708044}|O{solv}{x=0.291956}>,NCCCO,O,smee-spice2-systematic-torsion-generation_constrained-linear,3,1.0426807783016383,0.0003269910099085,0.9975000000000004,0.0018
37115,2465,dhmix_150384853762728924,155,EnthalpyOfMixing,<Substance NCCCO{solv}{x=0.751500}|O{solv}{x=0.248500}>,NCCCO,O,smee-spice2-systematic-torsion-generation_constrained-linear,3,-0.4501418370644003,0.0524049704918832,-1.531,0.031
37116,2466,dens_847209819230970781,156,Density,<Substance NCCCO{solv}{x=0.272809}|O{solv}{x=0.727191}>,NCCCO,O,smee-spice2-systematic-torsion-generation_constrained-linear,3,1.0268837804988773,0.0003554517600555,1.0118000000000005,0.0014
37117,2467,dhmix_1448036989335532298,157,EnthalpyOfMixing,<Substance NCCCO{solv}{x=0.298200}|O{solv}{x=0.701800}>,NCCCO,O,smee-spice2-systematic-torsion-generation_constrained-linear,3,-0.5580579924215672,0.0284653421779842,-2.501,0.051
37118,2468,dhmix_1551692974855642379,158,EnthalpyOfMixing,<Substance NCCCO{solv}{x=0.498900}|O{solv}{x=0.501100}>,NCCCO,O,smee-spice2-systematic-torsion-generation_constrained-linear,3,-0.7618214432573929,0.0284089607091683,-2.462,0.05
37119,2469,dhmix_65921650414250861,159,EnthalpyOfMixing,<Substance CCOC(=O)CC(C)=O{solv}{x=0.499500}|CCO{solv}{x=0.500500}>,CCO,CCOC(=O)CC(C)=O,smee-spice2-systematic-torsion-generation_constrained-linear,3,1.4773612743332478,0.0359625506326775,1.7079,0.0183
37120,2470,dhmix_546962203716710778,160,EnthalpyOfMixing,<Substance CCOC(=O)CC(C)=O{solv}{x=0.299400}|CCO{solv}{x=0.700600}>,CCO,CCOC(=O)CC(C)=O,smee-spice2-systematic-torsion-generation_constrained-linear,3,1.331406263124464,0.0351503064571863,1.4925,0.01605
37121,2471,dens_989479368116300355,161,Density,<Substance CCOC(=O)CC(C)=O{solv}{x=0.500000}|CCO{solv}{x=0.500000}>,CCO,CCOC(=O)CC(C)=O,smee-spice2-systematic-torsion-generation_constrained-linear,3,0.9591635784363224,0.0002394280956708,0.9484700000000004,0.000155
37122,2472,dens_1726065156375824332,162,Density,<Substance CCOC(=O)CC(C)=O{solv}{x=0.250000}|CCO{solv}{x=0.750000}>,CCO,CCOC(=O)CC(C)=O,smee-spice2-systematic-torsion-generation_constrained-linear,3,0.8952898974564981,0.0003007256936509,0.8856300000000003,0.00017
37123,2473,dens_1736679431098209973,163,Density,<Substance CCOC(=O)CC(C)=O{solv}{x=0.750000}|CCO{solv}{x=0.250000}>,CCO,CCOC(=O)CC(C)=O,smee-spice2-systematic-torsion-generation_constrained-linear,3,1.0024442200922608,0.0001905138821197,0.9917100000000004,0.00017
37124,2474,dhmix_2221487218644783272,164,EnthalpyOfMixing,<Substance CCOC(=O)CC(C)=O{solv}{x=0.700800}|CCO{solv}{x=0.299200}>,CCO,CCOC(=O)CC(C)=O,smee-spice2-systematic-torsion-generation_constrained-linear,3,1.0340333235139951,0.0445267863074747,1.478,0.0159
37125,2475,dhmix_68947190908856741,165,EnthalpyOfMixing,<Substance C1COCCO1{solv}{x=0.250000}|O=C1CCCC1{solv}{x=0.750000}>,C1COCCO1,O=C1CCCC1,smee-spice2-systematic-torsion-generation_constrained-linear,3,-0.0318370701563175,0.0412139496263068,0.04589,0.00057
37126,2476,dens_225413782402822877,166,Density,<Substance C1COCCO1{solv}{x=0.777800}|O=C1CCCC1{solv}{x=0.222200}>,C1COCCO1,O=C1CCCC1,smee-spice2-systematic-torsion-generation_constrained-linear,3,1.0144617561665226,0.0002674833571408,1.0081000000000002,0.000255
37127,2477,dhmix_415496698649060745,167,EnthalpyOfMixing,<Substance C1COCCO1{solv}{x=0.500000}|O=C1CCCC1{solv}{x=0.500000}>,C1COCCO1,O=C1CCCC1,smee-spice2-systematic-torsion-generation_constrained-linear,3,-0.0126191162290325,0.0425918859013007,0.07457,0.00068
37128,2478,dens_803440153424346423,168,Density,<Substance C1COCCO1{solv}{x=0.506300}|O=C1CCCC1{solv}{x=0.493700}>,C1COCCO1,O=C1CCCC1,smee-spice2-systematic-torsion-generation_constrained-linear,3,0.9808940749175,0.0002589894987383,0.9849200000000002,0.00025
37129,2479,dens_1553194080174872005,169,Density,<Substance C1COCCO1{solv}{x=0.243600}|O=C1CCCC1{solv}{x=0.756400}>,C1COCCO1,O=C1CCCC1,smee-spice2-systematic-torsion-generation_constrained-linear,3,0.9500673108091532,0.0002310256597618,0.9633500000000004,0.000245
37130,2480,dhmix_1852349497898107924,170,EnthalpyOfMixing,<Substance C1COCCO1{solv}{x=0.750000}|O=C1CCCC1{solv}{x=0.250000}>,C1COCCO1,O=C1CCCC1,smee-spice2-systematic-torsion-generation_constrained-linear,3,0.0991696576759295,0.0417964410042672,0.07097,0.000665
37131,2481,dhmix_71170350241685196,171,EnthalpyOfMixing,<Substance COC(C)(C)C{solv}{x=0.749000}|ClC(Cl)Cl{solv}{x=0.251000}>,COC(C)(C)C,ClC(Cl)Cl,smee-spice2-systematic-torsion-generation_constrained-linear,3,-1.1745416009541998,0.0338617239778284,-1.9,0.077
37132,2482,dens_554111049740737271,172,Density,<Substance COC(C)(C)C{solv}{x=0.454000}|ClC(Cl)Cl{solv}{x=0.546000}>,COC(C)(C)C,ClC(Cl)Cl,smee-spice2-systematic-torsion-generation_constrained-linear,3,1.1303565779629918,0.0003620445066197,1.0838000000000003,0.00015
37133,2483,dhmix_1691495556773848750,173,EnthalpyOfMixing,<Substance COC(C)(C)C{solv}{x=0.484000}|ClC(Cl)Cl{solv}{x=0.516000}>,COC(C)(C)C,ClC(Cl)Cl,smee-spice2-systematic-torsion-generation_constrained-linear,3,-1.6822641199128228,0.0361646510706832,-2.1,0.0845
37134,2484,dens_1874337336846858625,174,Density,<Substance COC(C)(C)C{solv}{x=0.276000}|ClC(Cl)Cl{solv}{x=0.724000}>,COC(C)(C)C,ClC(Cl)Cl,smee-spice2-systematic-torsion-generation_constrained-linear,3,1.2888061983018395,0.0004592995639856,1.2259000000000004,0.0002
37135,2485,dens_2136498248834183810,175,Density,<Substance COC(C)(C)C{solv}{x=0.728600}|ClC(Cl)Cl{solv}{x=0.271400}>,COC(C)(C)C,ClC(Cl)Cl,smee-spice2-systematic-torsion-generation_constrained-linear,3,0.9227294880173212,0.0003082884193387,0.8956000000000003,0.00015
37136,2486,dhmix_2232264038422377060,176,EnthalpyOfMixing,<Substance COC(C)(C)C{solv}{x=0.220000}|ClC(Cl)Cl{solv}{x=0.780000}>,COC(C)(C)C,ClC(Cl)Cl,smee-spice2-systematic-torsion-generation_constrained-linear,3,-1.143917129917531,0.0311241251582376,-1.5,0.0605
37137,2487,dhmix_73322629991074290,177,EnthalpyOfMixing,<Substance CCC(C)=O{solv}{x=0.212400}|CCN(CC)CC{solv}{x=0.787600}>,CCC(C)=O,CCN(CC)CC,smee-spice2-systematic-torsion-generation_constrained-linear,3,0.3156359637845582,0.0454110455021653,0.57,0.006
37138,2488,dens_317201778138256714,178,Density,<Substance CCC(C)=O{solv}{x=0.261000}|CCN(CC)CC{solv}{x=0.739000}>,CCC(C)=O,CCN(CC)CC,smee-spice2-systematic-torsion-generation_constrained-linear,3,0.7478778011016624,0.0002066349758891,0.7361510000000001,0.000106
37139,2489,dens_544322850735592196,179,Density,<Substance CCC(C)=O{solv}{x=0.510600}|CCN(CC)CC{solv}{x=0.489400}>,CCC(C)=O,CCN(CC)CC,smee-spice2-systematic-torsion-generation_constrained-linear,3,0.7565722942713103,0.0002416138496108,0.7527560000000002,0.0001045
37140,2490,dhmix_690665189446107141,180,EnthalpyOfMixing,<Substance CCC(C)=O{solv}{x=0.496700}|CCN(CC)CC{solv}{x=0.503300}>,CCC(C)=O,CCN(CC)CC,smee-spice2-systematic-torsion-generation_constrained-linear,3,0.3722849761317022,0.0386612170586344,0.746,0.008
37141,2491,dhmix_935249702283890201,181,EnthalpyOfMixing,<Substance CCC(C)=O{solv}{x=0.789300}|CCN(CC)CC{solv}{x=0.210700}>,CCC(C)=O,CCN(CC)CC,smee-spice2-systematic-torsion-generation_constrained-linear,3,0.2452369610369658,0.036763356594802,0.455,0.005
37142,2492,dens_1635002920322954883,182,Density,<Substance CCC(C)=O{solv}{x=0.760400}|CCN(CC)CC{solv}{x=0.239600}>,CCC(C)=O,CCN(CC)CC,smee-spice2-systematic-torsion-generation_constrained-linear,3,0.7667380947789849,0.0002419912281704,0.7738830000000002,9.900000000000003e-05
37143,2493,dhmix_76833325524040726,183,EnthalpyOfMixing,<Substance C1CCCCC1{solv}{x=0.260600}|c1ccccc1{solv}{x=0.739400}>,C1CCCCC1,c1ccccc1,smee-spice2-systematic-torsion-generation_constrained-linear,3,0.7760669509116838,0.0397939478745238,0.6282,0.00695
37144,2494,dens_330305790736126156,184,Density,<Substance C1CCCCC1{solv}{x=0.499600}|c1ccccc1{solv}{x=0.500400}>,C1CCCCC1,c1ccccc1,smee-spice2-systematic-torsion-generation_constrained-linear,3,0.8072124585142951,0.0002496927940487,0.8136000000000002,0.0002
37145,2495,dhmix_460305358266375837,185,EnthalpyOfMixing,<Substance C1CCCCC1{solv}{x=0.766800}|c1ccccc1{solv}{x=0.233200}>,C1CCCCC1,c1ccccc1,smee-spice2-systematic-torsion-generation_constrained-linear,3,0.7559964572217268,0.038194901524547,0.5517,0.00725
37146,2496,dens_1579941980285561951,186,Density,<Substance C1CCCCC1{solv}{x=0.249800}|c1ccccc1{solv}{x=0.750200}>,C1CCCCC1,c1ccccc1,smee-spice2-systematic-torsion-generation_constrained-linear,3,0.8373415222657766,0.0002411389409686,0.8405780000000002,7.05e-05
37147,2497,dhmix_1824194485055356086,187,EnthalpyOfMixing,<Substance C1CCCCC1{solv}{x=0.501200}|c1ccccc1{solv}{x=0.498800}>,C1CCCCC1,c1ccccc1,smee-spice2-systematic-torsion-generation_constrained-linear,3,1.0212927389056858,0.0388217005704786,0.7893,0.00655
37148,2498,dens_1871885279620492514,188,Density,<Substance C1CCCCC1{solv}{x=0.732300}|c1ccccc1{solv}{x=0.267700}>,C1CCCCC1,c1ccccc1,smee-spice2-systematic-torsion-generation_constrained-linear,3,0.7865592687208485,0.0002489350400041,0.7929200000000002,7.450000000000001e-05
37149,2499,dens_78518696584109468,189,Density,<Substance CN(CCO)CCO{solv}{x=0.743000}|O{solv}{x=0.257000}>,CN(CCO)CCO,O,smee-spice2-systematic-torsion-generation_constrained-linear,3,1.062762545176534,0.0003624801678832,1.0405100000000005,0.000286
37150,2500,dens_169053214615075062,190,Density,<Substance CN(CCO)CCO{solv}{x=0.257100}|O{solv}{x=0.742900}>,CN(CCO)CCO,O,smee-spice2-systematic-torsion-generation_constrained-linear,3,1.046244898217614,0.0003736511297352,1.0522550000000004,0.000221
37151,2501,dhmix_750283179383190388,191,EnthalpyOfMixing,<Substance CN(CCO)CCO{solv}{x=0.741100}|O{solv}{x=0.258900}>,CN(CCO)CCO,O,smee-spice2-systematic-torsion-generation_constrained-linear,3,-1.254655129633136,0.071552497853079,-1.154,0.0125
37152,2502,dhmix_1537351248216247854,192,EnthalpyOfMixing,<Substance CN(CCO)CCO{solv}{x=0.259300}|O{solv}{x=0.740700}>,CN(CCO)CCO,O,smee-spice2-systematic-torsion-generation_constrained-linear,3,-0.9291207493831593,0.0271053250303861,-2.271,0.046
37153,2503,dens_1700904374078825036,193,Density,<Substance CN(CCO)CCO{solv}{x=0.484900}|O{solv}{x=0.515100}>,CN(CCO)CCO,O,smee-spice2-systematic-torsion-generation_constrained-linear,3,1.055928765642056,0.0003057998517263,1.048636,0.0002475
37154,2504,dhmix_1761290393567900831,194,EnthalpyOfMixing,<Substance CN(CCO)CCO{solv}{x=0.494100}|O{solv}{x=0.505900}>,CN(CCO)CCO,O,smee-spice2-systematic-torsion-generation_constrained-linear,3,-0.9850356489750992,0.0426402788160778,-2.072,0.042
37155,2505,dhmix_81883535492439507,195,EnthalpyOfMixing,<Substance C1COCO1{solv}{x=0.200000}|O=C1CCCC1{solv}{x=0.800000}>,C1COCO1,O=C1CCCC1,smee-spice2-systematic-torsion-generation_constrained-linear,3,0.0025638144214381,0.0392263028367388,-0.00853,0.000425
37156,2506,dens_192935635984964537,196,Density,<Substance C1COCO1{solv}{x=0.509000}|O=C1CCCC1{solv}{x=0.491000}>,C1COCO1,O=C1CCCC1,smee-spice2-systematic-torsion-generation_constrained-linear,3,1.0051238527228938,0.0002809572868454,0.9954700000000004,0.000255
37157,2507,dhmix_309530351940031317,197,EnthalpyOfMixing,<Substance C1COCO1{solv}{x=0.700000}|O=C1CCCC1{solv}{x=0.300000}>,C1COCO1,O=C1CCCC1,smee-spice2-systematic-torsion-generation_constrained-linear,3,0.1321867808835151,0.036904385985665,-0.02292,0.00048
37158,2508,dhmix_1480225642523009634,198,EnthalpyOfMixing,<Substance C1COCO1{solv}{x=0.500000}|O=C1CCCC1{solv}{x=0.500000}>,C1COCO1,O=C1CCCC1,smee-spice2-systematic-torsion-generation_constrained-linear,3,0.0583425283228251,0.0393625869785856,-0.02181,0.000475
37159,2509,dens_1663189314624242951,199,Density,<Substance C1COCO1{solv}{x=0.225100}|O=C1CCCC1{solv}{x=0.774900}>,C1COCO1,O=C1CCCC1,smee-spice2-systematic-torsion-generation_constrained-linear,3,0.9559469454136698,0.0002224832673034,0.9652800000000002,0.000245
37160,2510,dens_1684591254659727640,200,Density,<Substance C1COCO1{solv}{x=0.789100}|O=C1CCCC1{solv}{x=0.210900}>,C1COCO1,O=C1CCCC1,smee-spice2-systematic-torsion-generation_constrained-linear,3,1.0635263138163988,0.0002817521801404,1.02957,0.00026
37161,2511,dens_82854054922011802,201,Density,<Substance c1cc[nH]c1{solv}{x=0.542600}|c1ccncc1{solv}{x=0.457400}>,c1cc[nH]c1,c1ccncc1,smee-spice2-systematic-torsion-generation_constrained-linear,3,0.991578290006358,0.0001939126445427,0.9706400000000002,5.5000000000000016e-05
37162,2512,dens_332042143272324658,202,Density,<Substance c1cc[nH]c1{solv}{x=0.755400}|c1ccncc1{solv}{x=0.244600}>,c1cc[nH]c1,c1ccncc1,smee-spice2-systematic-torsion-generation_constrained-linear,3,0.990588884620334,0.0002829740469418,0.9676900000000004,5.5000000000000016e-05
37163,2513,dhmix_582184351339863568,203,EnthalpyOfMixing,<Substance c1cc[nH]c1{solv}{x=0.760200}|c1ccncc1{solv}{x=0.239800}>,c1cc[nH]c1,c1ccncc1,smee-spice2-systematic-torsion-generation_constrained-linear,3,-0.0969882603673824,0.0301297907789287,-1.6452,0.01075
37164,2514,dhmix_809205277185290719,204,EnthalpyOfMixing,<Substance c1cc[nH]c1{solv}{x=0.509500}|c1ccncc1{solv}{x=0.490500}>,c1cc[nH]c1,c1ccncc1,smee-spice2-systematic-torsion-generation_constrained-linear,3,-0.1782962556455629,0.0328321368165358,-2.649,0.01645
37165,2515,dens_1187941919350264461,205,Density,<Substance c1cc[nH]c1{solv}{x=0.227300}|c1ccncc1{solv}{x=0.772700}>,c1cc[nH]c1,c1ccncc1,smee-spice2-systematic-torsion-generation_constrained-linear,3,0.9927487398851288,0.0002740704944254,0.9755600000000002,5.5000000000000016e-05
37166,2516,dhmix_2302696180464118683,206,EnthalpyOfMixing,<Substance c1cc[nH]c1{solv}{x=0.239500}|c1ccncc1{solv}{x=0.760500}>,c1cc[nH]c1,c1ccncc1,smee-spice2-systematic-torsion-generation_constrained-linear,3,-0.1269530712947677,0.0376939177334857,-1.7662,0.01145
37167,2517,dhmix_84488753175979819,207,EnthalpyOfMixing,<Substance C1CCOCC1{solv}{x=0.500000}|CCO{solv}{x=0.500000}>,C1CCOCC1,CCO,smee-spice2-systematic-torsion-generation_constrained-linear,3,0.9607799446753518,0.0362330394415675,0.8491,0.00794
37168,2518,dens_904236164857914889,208,Density,<Substance C1CCOCC1{solv}{x=0.701000}|CCO{solv}{x=0.299000}>,C1CCOCC1,CCO,smee-spice2-systematic-torsion-generation_constrained-linear,3,0.861287793733661,0.0002561928120885,0.8595400000000002,8.500000000000002e-05
37169,2519,dhmix_923986751684807715,209,EnthalpyOfMixing,<Substance C1CCOCC1{solv}{x=0.750000}|CCO{solv}{x=0.250000}>,C1CCOCC1,CCO,smee-spice2-systematic-torsion-generation_constrained-linear,3,0.8011999710963664,0.0362574861075029,0.75364,0.007115
37170,2520,dhmix_927648698725704337,210,EnthalpyOfMixing,<Substance C1CCOCC1{solv}{x=0.250000}|CCO{solv}{x=0.750000}>,C1CCOCC1,CCO,smee-spice2-systematic-torsion-generation_constrained-linear,3,0.5909321849764098,0.0348929543791005,0.57017,0.00553
37171,2521,dens_1095414448718823860,211,Density,<Substance C1CCOCC1{solv}{x=0.504000}|CCO{solv}{x=0.496000}>,C1CCOCC1,CCO,smee-spice2-systematic-torsion-generation_constrained-linear,3,0.8465488956492714,0.0002866279444957,0.8440100000000001,0.0001
37172,2522,dens_1309012152943788187,212,Density,<Substance C1CCOCC1{solv}{x=0.284000}|CCO{solv}{x=0.716000}>,C1CCOCC1,CCO,smee-spice2-systematic-torsion-generation_constrained-linear,3,0.8272258007492205,0.0002888761194235,0.8227400000000002,0.00012
37173,2523,dens_88489471162801298,213,Density,<Substance CC(C)=O{solv}{x=0.248400}|Nc1ccccc1{solv}{x=0.751600}>,CC(C)=O,Nc1ccccc1,smee-spice2-systematic-torsion-generation_constrained-linear,3,1.0198244962977003,0.0002291111654035,0.9768950000000002,0.0001055
37174,2524,dens_892449093930393176,214,Density,<Substance CC(C)=O{solv}{x=0.411400}|Nc1ccccc1{solv}{x=0.588600}>,CC(C)=O,Nc1ccccc1,smee-spice2-systematic-torsion-generation_constrained-linear,3,0.974215442659914,0.0002401699906714,0.9457730000000002,0.0001285
37175,2525,dens_1087594007698023193,215,Density,<Substance CC(C)=O{solv}{x=0.699300}|Nc1ccccc1{solv}{x=0.300700}>,CC(C)=O,Nc1ccccc1,smee-spice2-systematic-torsion-generation_constrained-linear,3,0.8844043361402975,0.00019570894255,0.8786430000000003,0.000178
37176,2526,dhmix_1461699545612032563,216,EnthalpyOfMixing,<Substance CC(C)=O{solv}{x=0.214500}|Nc1ccccc1{solv}{x=0.785500}>,CC(C)=O,Nc1ccccc1,smee-spice2-systematic-torsion-generation_constrained-linear,3,0.06874672047676,0.0430690913293465,-0.746,0.008
37177,2527,dhmix_1577476208805542019,217,EnthalpyOfMixing,<Substance CC(C)=O{solv}{x=0.699100}|Nc1ccccc1{solv}{x=0.300900}>,CC(C)=O,Nc1ccccc1,smee-spice2-systematic-torsion-generation_constrained-linear,3,-0.4658168529827122,0.0352281061578607,-1.076,0.0115
37178,2528,dhmix_2267661763264899390,218,EnthalpyOfMixing,<Substance CC(C)=O{solv}{x=0.410700}|Nc1ccccc1{solv}{x=0.589300}>,CC(C)=O,Nc1ccccc1,smee-spice2-systematic-torsion-generation_constrained-linear,3,-0.1138890455956413,0.0406831637194554,-1.165,0.0125
37179,2529,dhmix_90851537891129625,219,EnthalpyOfMixing,<Substance C1CCOCC1{solv}{x=0.268300}|Cc1ccccn1{solv}{x=0.731700}>,C1CCOCC1,Cc1ccccn1,smee-spice2-systematic-torsion-generation_constrained-linear,3,0.0342572256453053,0.0345084194976296,0.1057,0.00105
37180,2530,dhmix_975790739707505549,220,EnthalpyOfMixing,<Substance C1CCOCC1{solv}{x=0.482200}|Cc1ccccn1{solv}{x=0.517800}>,C1CCOCC1,Cc1ccccn1,smee-spice2-systematic-torsion-generation_constrained-linear,3,0.0845072186798674,0.0355768703234628,0.1728,0.00135
37181,2531,dens_981500521813591443,221,Density,<Substance C1CCOCC1{solv}{x=0.491600}|Cc1ccccn1{solv}{x=0.508400}>,C1CCOCC1,Cc1ccccn1,smee-spice2-systematic-torsion-generation_constrained-linear,3,0.9190706339433612,0.0002402022233084,0.910915,0.000475
37182,2532,dens_1237050172671894703,222,Density,<Substance C1CCOCC1{solv}{x=0.237300}|Cc1ccccn1{solv}{x=0.762700}>,C1CCOCC1,Cc1ccccn1,smee-spice2-systematic-torsion-generation_constrained-linear,3,0.9378246548502384,0.0002311933626412,0.9261620000000004,0.0004855
37183,2533,dhmix_1841520238596708010,223,EnthalpyOfMixing,<Substance C1CCOCC1{solv}{x=0.821600}|Cc1ccccn1{solv}{x=0.178400}>,C1CCOCC1,Cc1ccccn1,smee-spice2-systematic-torsion-generation_constrained-linear,3,0.0886495992673701,0.0452507450641862,0.1352,0.0012
37184,2534,dens_1852422594896475094,224,Density,<Substance C1CCOCC1{solv}{x=0.821900}|Cc1ccccn1{solv}{x=0.178100}>,C1CCOCC1,Cc1ccccn1,smee-spice2-systematic-torsion-generation_constrained-linear,3,0.8839613617729587,0.0002602988116085,0.8802920000000002,0.000454
37185,2535,dhmix_93676522673462266,225,EnthalpyOfMixing,<Substance CC(=O)N(C)C{solv}{x=0.702000}|ClCCCl{solv}{x=0.298000}>,CC(=O)N(C)C,ClCCCl,smee-spice2-systematic-torsion-generation_constrained-linear,3,-0.6136291621939165,0.0387068751346741,-0.706,0.004
37186,2536,dens_466640151895915379,226,Density,<Substance CC(=O)N(C)C{solv}{x=0.499900}|ClCCCl{solv}{x=0.500100}>,CC(=O)N(C)C,ClCCCl,smee-spice2-systematic-torsion-generation_constrained-linear,3,1.0570868120470158,0.000342725105065,1.0774000000000004,0.00325
37187,2537,dhmix_504891727488256514,227,EnthalpyOfMixing,<Substance CC(=O)N(C)C{solv}{x=0.202000}|ClCCCl{solv}{x=0.798000}>,CC(=O)N(C)C,ClCCCl,smee-spice2-systematic-torsion-generation_constrained-linear,3,-0.521459696922264,0.0378940146322942,-0.586,0.004
37188,2538,dens_1432716574300574119,228,Density,<Substance CC(=O)N(C)C{solv}{x=0.298800}|ClCCCl{solv}{x=0.701200}>,CC(=O)N(C)C,ClCCCl,smee-spice2-systematic-torsion-generation_constrained-linear,3,1.1239832498059468,0.0003689712714651,1.1413000000000002,0.00345
37189,2539,dens_1909242265481868478,229,Density,<Substance CC(=O)N(C)C{solv}{x=0.700800}|ClCCCl{solv}{x=0.299200}>,CC(=O)N(C)C,ClCCCl,smee-spice2-systematic-torsion-generation_constrained-linear,3,0.993556228569809,0.0002722526087428,1.0181000000000002,0.00305
37190,2540,dhmix_2201663021806040380,230,EnthalpyOfMixing,<Substance CC(=O)N(C)C{solv}{x=0.500000}|ClCCCl{solv}{x=0.500000}>,CC(=O)N(C)C,ClCCCl,smee-spice2-systematic-torsion-generation_constrained-linear,3,-0.7100198325548348,0.0362666805568281,-0.885,0.004
37191,2541,dhmix_101847702994296892,231,EnthalpyOfMixing,<Substance CCCCCCCl{solv}{x=0.790000}|CN1CCCC1=O{solv}{x=0.210000}>,CCCCCCCl,CN1CCCC1=O,smee-spice2-systematic-torsion-generation_constrained-linear,3,0.6469295120996463,0.0373369640504576,0.232,0.0025
37192,2542,dhmix_275814181113182192,232,EnthalpyOfMixing,<Substance CCCCCCCl{solv}{x=0.497000}|CN1CCCC1=O{solv}{x=0.503000}>,CCCCCCCl,CN1CCCC1=O,smee-spice2-systematic-torsion-generation_constrained-linear,3,0.9361892346599632,0.0411985556951354,0.416,0.0025
37193,2543,dens_441375838683668512,233,Density,<Substance CCCCCCCl{solv}{x=0.499300}|CN1CCCC1=O{solv}{x=0.500700}>,CCCCCCCl,CN1CCCC1=O,smee-spice2-systematic-torsion-generation_constrained-linear,3,0.931898865662188,0.0002058101782602,0.9389000000000002,0.0002
37194,2544,dhmix_840847840731542643,234,EnthalpyOfMixing,<Substance CCCCCCCl{solv}{x=0.203000}|CN1CCCC1=O{solv}{x=0.797000}>,CCCCCCCl,CN1CCCC1=O,smee-spice2-systematic-torsion-generation_constrained-linear,3,0.6508174723284803,0.0460640227386998,0.319,0.0025
37195,2545,dens_1314691253679633833,235,Density,<Substance CCCCCCCl{solv}{x=0.298400}|CN1CCCC1=O{solv}{x=0.701600}>,CCCCCCCl,CN1CCCC1=O,smee-spice2-systematic-torsion-generation_constrained-linear,3,0.9610585240696794,0.0002002146281254,0.9715000000000004,0.0002
37196,2546,dens_1366683244756558841,236,Density,<Substance CCCCCCCl{solv}{x=0.801200}|CN1CCCC1=O{solv}{x=0.198800}>,CCCCCCCl,CN1CCCC1=O,smee-spice2-systematic-torsion-generation_constrained-linear,3,0.8927749932455035,0.0002803984063065,0.8970000000000002,0.0003
37197,2547,dhmix_107460606439569535,237,EnthalpyOfMixing,<Substance C1COCCO1{solv}{x=0.572500}|O=C1CCCCCC1{solv}{x=0.427500}>,C1COCCO1,O=C1CCCCCC1,smee-spice2-systematic-torsion-generation_constrained-linear,3,0.193550279012939,0.0400483794594232,0.1032,0.00125
37198,2548,dens_229535957420918177,238,Density,<Substance C1COCCO1{solv}{x=0.748900}|O=C1CCCCCC1{solv}{x=0.251100}>,C1COCCO1,O=C1CCCCCC1,smee-spice2-systematic-torsion-generation_constrained-linear,3,1.0055500870476937,0.0002307292034799,0.9994100000000002,0.00051
37199,2549,dhmix_1101001475632451077,239,EnthalpyOfMixing,<Substance C1COCCO1{solv}{x=0.225200}|O=C1CCCCCC1{solv}{x=0.774800}>,C1COCCO1,O=C1CCCCCC1,smee-spice2-systematic-torsion-generation_constrained-linear,3,0.1586751536499058,0.0442195072699593,0.0783,0.001
37200,2550,dens_1711999737319704820,240,Density,<Substance C1COCCO1{solv}{x=0.572300}|O=C1CCCCCC1{solv}{x=0.427700}>,C1COCCO1,O=C1CCCCCC1,smee-spice2-systematic-torsion-generation_constrained-linear,3,0.974298671673324,0.0001837477484668,0.9737000000000002,0.00051
37201,2551,dens_1973863157285112004,241,Density,<Substance C1COCCO1{solv}{x=0.255500}|O=C1CCCCCC1{solv}{x=0.744500}>,C1COCCO1,O=C1CCCCCC1,smee-spice2-systematic-torsion-generation_constrained-linear,3,0.9529282061349303,0.0001910599601574,0.9616800000000002,0.000515
37202,2552,dhmix_2239035738396328121,242,EnthalpyOfMixing,<Substance C1COCCO1{solv}{x=0.771600}|O=C1CCCCCC1{solv}{x=0.228400}>,C1COCCO1,O=C1CCCCCC1,smee-spice2-systematic-torsion-generation_constrained-linear,3,0.2485776807374407,0.0444510679135442,0.0694,0.0009
37203,2553,dhmix_110368175234083214,243,EnthalpyOfMixing,<Substance CC#N{solv}{x=0.201600}|CCOC(C)(C)CC{solv}{x=0.798400}>,CC#N,CCOC(C)(C)CC,smee-spice2-systematic-torsion-generation_constrained-linear,3,0.219123468404689,0.0504078588012862,0.6411,0.0087
37204,2554,dhmix_565046024644834395,244,EnthalpyOfMixing,<Substance CC#N{solv}{x=0.700400}|CCOC(C)(C)CC{solv}{x=0.299600}>,CC#N,CCOC(C)(C)CC,smee-spice2-systematic-torsion-generation_constrained-linear,3,0.3762690780495337,0.0325213799475967,0.8397,0.0113
37205,2555,dens_865362803305469370,245,Density,<Substance CC#N{solv}{x=0.502400}|CCOC(C)(C)CC{solv}{x=0.497600}>,CC#N,CCOC(C)(C)CC,smee-spice2-systematic-torsion-generation_constrained-linear,3,0.7747930178221659,0.0002183321840701,0.7675000000000002,0.00035
37206,2556,dhmix_1131176031733024874,246,EnthalpyOfMixing,<Substance CC#N{solv}{x=0.502400}|CCOC(C)(C)CC{solv}{x=0.497600}>,CC#N,CCOC(C)(C)CC,smee-spice2-systematic-torsion-generation_constrained-linear,3,0.5214596532495577,0.0388533506046915,0.9514,0.01285
37207,2557,dens_1305751749890499162,247,Density,<Substance CC#N{solv}{x=0.201600}|CCOC(C)(C)CC{solv}{x=0.798400}>,CC#N,CCOC(C)(C)CC,smee-spice2-systematic-torsion-generation_constrained-linear,3,0.772036059077397,0.0002208127761953,0.7635000000000002,0.00025
37208,2558,dens_1928701304100922381,248,Density,<Substance CC#N{solv}{x=0.700400}|CCOC(C)(C)CC{solv}{x=0.299600}>,CC#N,CCOC(C)(C)CC,smee-spice2-systematic-torsion-generation_constrained-linear,3,0.7772644898499115,0.0002818881971376,0.7707000000000003,0.0005
37209,2559,dhmix_112729391186229967,249,EnthalpyOfMixing,<Substance CCC(C)=O{solv}{x=0.509000}|CNc1ccccc1{solv}{x=0.491000}>,CCC(C)=O,CNc1ccccc1,smee-spice2-systematic-torsion-generation_constrained-linear,3,-0.4186339961457372,0.0418528655290637,-0.816,0.009
37210,2560,dens_414028029115294252,250,Density,<Substance CCC(C)=O{solv}{x=0.746300}|CNc1ccccc1{solv}{x=0.253700}>,CCC(C)=O,CNc1ccccc1,smee-spice2-systematic-torsion-generation_constrained-linear,3,0.846709055912628,0.0002288841081186,0.8582020000000002,0.000102
37211,2561,dens_559789475978651659,251,Density,<Substance CCC(C)=O{solv}{x=0.495000}|CNc1ccccc1{solv}{x=0.505000}>,CCC(C)=O,CNc1ccccc1,smee-spice2-systematic-torsion-generation_constrained-linear,3,0.9062964909683908,0.0002515854012677,0.9066940000000002,0.000164
37212,2562,dhmix_1637459312398636454,252,EnthalpyOfMixing,<Substance CCC(C)=O{solv}{x=0.228300}|CNc1ccccc1{solv}{x=0.771700}>,CCC(C)=O,CNc1ccccc1,smee-spice2-systematic-torsion-generation_constrained-linear,3,-0.3638492677224434,0.0452033640495376,-0.54,0.006
37213,2563,dhmix_1933605864237207151,253,EnthalpyOfMixing,<Substance CCC(C)=O{solv}{x=0.705500}|CNc1ccccc1{solv}{x=0.294500}>,CCC(C)=O,CNc1ccccc1,smee-spice2-systematic-torsion-generation_constrained-linear,3,-0.4732029112186779,0.0440383298665062,-0.672,0.0075
37214,2564,dens_2039660657679820411,254,Density,<Substance CCC(C)=O{solv}{x=0.258900}|CNc1ccccc1{solv}{x=0.741100}>,CCC(C)=O,CNc1ccccc1,smee-spice2-systematic-torsion-generation_constrained-linear,3,0.955894450480688,0.0002316132691488,0.9456330000000004,0.000259
37215,2565,dhmix_112832411362526364,255,EnthalpyOfMixing,<Substance C=CCCCC{solv}{x=0.250000}|CCCCO{solv}{x=0.750000}>,C=CCCCC,CCCCO,smee-spice2-systematic-torsion-generation_constrained-linear,3,0.2844221063159011,0.040195372362132,0.2829,0.00333
37216,2566,dhmix_385937725855980509,256,EnthalpyOfMixing,<Substance C=CCCCC{solv}{x=0.749900}|CCCCO{solv}{x=0.250100}>,C=CCCCC,CCCCO,smee-spice2-systematic-torsion-generation_constrained-linear,3,0.8262072119393906,0.0434746643958049,0.63978,0.00696
37217,2567,dens_417191245012747241,257,Density,<Substance C=CCCCC{solv}{x=0.501800}|CCCCO{solv}{x=0.498200}>,C=CCCCC,CCCCO,smee-spice2-systematic-torsion-generation_constrained-linear,3,0.7230636440842428,0.0002478352769197,0.7340000000000002,0.00035
37218,2568,dens_1053849773924337242,258,Density,<Substance C=CCCCC{solv}{x=0.100100}|CCCCO{solv}{x=0.899900}>,C=CCCCC,CCCCO,smee-spice2-systematic-torsion-generation_constrained-linear,3,0.7920021169790137,0.0002358998811206,0.7924000000000002,0.00035
37219,2569,dhmix_1436053809694490847,259,EnthalpyOfMixing,<Substance C=CCCCC{solv}{x=0.500300}|CCCCO{solv}{x=0.499700}>,C=CCCCC,CCCCO,smee-spice2-systematic-torsion-generation_constrained-linear,3,0.6576995037198685,0.0384992333273683,0.56098,0.00616
37220,2570,dens_1967827958045932694,260,Density,<Substance C=CCCCC{solv}{x=0.900000}|CCCCO{solv}{x=0.100000}>,C=CCCCC,CCCCO,smee-spice2-systematic-torsion-generation_constrained-linear,3,0.6688881436775014,0.0002469977836271,0.6818000000000001,0.00035
37221,2571,dhmix_113202719214912577,261,EnthalpyOfMixing,<Substance CCN(CC)CCO{solv}{x=0.700300}|O{solv}{x=0.299700}>,CCN(CC)CCO,O,smee-spice2-systematic-torsion-generation_constrained-linear,3,-1.529668297864987,0.0463242475349012,-1.75,0.019
37222,2572,dhmix_450200897960931857,262,EnthalpyOfMixing,<Substance CCN(CC)CCO{solv}{x=0.500200}|O{solv}{x=0.499800}>,CCN(CC)CCO,O,smee-spice2-systematic-torsion-generation_constrained-linear,3,-1.7642286774462974,0.0434876042874341,-2.504,0.027
37223,2573,dens_727880187774296815,263,Density,<Substance CCN(CC)CCO{solv}{x=0.799700}|O{solv}{x=0.200300}>,CCN(CC)CCO,O,smee-spice2-systematic-torsion-generation_constrained-linear,3,0.901162063332422,0.0002907194673989,0.8996000000000003,0.005
37224,2574,dens_943193748522476096,264,Density,<Substance CCN(CC)CCO{solv}{x=0.499700}|O{solv}{x=0.500300}>,CCN(CC)CCO,O,smee-spice2-systematic-torsion-generation_constrained-linear,3,0.914804649349274,0.0002332510935309,0.9222000000000002,0.005
37225,2575,dhmix_1628408668678458098,265,EnthalpyOfMixing,<Substance CCN(CC)CCO{solv}{x=0.200800}|O{solv}{x=0.799200}>,CCN(CC)CCO,O,smee-spice2-systematic-torsion-generation_constrained-linear,3,-0.8181097882204433,0.0327508396578214,-2.185,0.0235
37226,2576,dens_1679974305630699360,266,Density,<Substance CCN(CC)CCO{solv}{x=0.193290}|O{solv}{x=0.806710}>,CCN(CC)CCO,O,smee-spice2-systematic-torsion-generation_constrained-linear,3,0.9350179980344392,0.000321061471389,0.9615690000000002,0.000144
37227,2577,dens_114257363738318755,267,Density,<Substance C1CCCCC1{solv}{x=0.754300}|CCCCCC{solv}{x=0.245700}>,C1CCCCC1,CCCCCC,smee-spice2-systematic-torsion-generation_constrained-linear,3,0.7307541124648276,0.0002201574679331,0.7392000000000002,0.00065
37228,2578,dens_528453314861364780,268,Density,<Substance C1CCCCC1{solv}{x=0.234300}|CCCCCC{solv}{x=0.765700}>,C1CCCCC1,CCCCCC,smee-spice2-systematic-torsion-generation_constrained-linear,3,0.6699048932755224,0.0002094091096091,0.6838300000000002,0.001655
37229,2579,dens_547437695672624422,269,Density,<Substance C1CCCCC1{solv}{x=0.479300}|CCCCCC{solv}{x=0.520700}>,C1CCCCC1,CCCCCC,smee-spice2-systematic-torsion-generation_constrained-linear,3,0.6967254252239041,0.000238644799257,0.7105500000000001,0.001555
37230,2580,dhmix_728030976573858762,270,EnthalpyOfMixing,<Substance C1CCCCC1{solv}{x=0.483200}|CCCCCC{solv}{x=0.516800}>,C1CCCCC1,CCCCCC,smee-spice2-systematic-torsion-generation_constrained-linear,3,0.3174105893225487,0.0427267868200022,0.2144,0.00155
37231,2581,dhmix_1406519609852245638,271,EnthalpyOfMixing,<Substance C1CCCCC1{solv}{x=0.219000}|CCCCCC{solv}{x=0.781000}>,C1CCCCC1,CCCCCC,smee-spice2-systematic-torsion-generation_constrained-linear,3,0.1739746000247066,0.0491548568515116,0.1264,0.00105
37232,2582,dhmix_1819992223413741006,272,EnthalpyOfMixing,<Substance C1CCCCC1{solv}{x=0.725500}|CCCCCC{solv}{x=0.274500}>,C1CCCCC1,CCCCCC,smee-spice2-systematic-torsion-generation_constrained-linear,3,0.3793828138752246,0.046620554354106,0.199,0.00145
37233,2583,dhmix_114464856611254095,273,EnthalpyOfMixing,<Substance COc1ccccc1{solv}{x=0.739800}|OCc1ccccc1{solv}{x=0.260200}>,COc1ccccc1,OCc1ccccc1,smee-spice2-systematic-torsion-generation_constrained-linear,3,0.8959382593104408,0.0424141028625578,1.0539,0.0113
37234,2584,dens_844721400884986444,274,Density,<Substance COc1ccccc1{solv}{x=0.288300}|OCc1ccccc1{solv}{x=0.711700}>,COc1ccccc1,OCc1ccccc1,smee-spice2-systematic-torsion-generation_constrained-linear,3,1.0227552956058377,0.0002308131097219,1.0180000000000002,0.000135
37235,2585,dens_1208569209782779179,275,Density,<Substance COc1ccccc1{solv}{x=0.491100}|OCc1ccccc1{solv}{x=0.508900}>,COc1ccccc1,OCc1ccccc1,smee-spice2-systematic-torsion-generation_constrained-linear,3,1.0096127550978768,0.0001673709923497,1.0069400000000004,0.000165
37236,2586,dhmix_1342325728364187329,276,EnthalpyOfMixing,<Substance COc1ccccc1{solv}{x=0.240100}|OCc1ccccc1{solv}{x=0.759900}>,COc1ccccc1,OCc1ccccc1,smee-spice2-systematic-torsion-generation_constrained-linear,3,0.5311983719768136,0.0451514668163087,0.6199,0.0067
37237,2587,dhmix_1596550872819493971,277,EnthalpyOfMixing,<Substance COc1ccccc1{solv}{x=0.486600}|OCc1ccccc1{solv}{x=0.513400}>,COc1ccccc1,OCc1ccccc1,smee-spice2-systematic-torsion-generation_constrained-linear,3,0.9186975815123192,0.0421563607369452,0.9688,0.0104
37238,2588,dens_1833270112854727934,278,Density,<Substance COc1ccccc1{solv}{x=0.774500}|OCc1ccccc1{solv}{x=0.225500}>,COc1ccccc1,OCc1ccccc1,smee-spice2-systematic-torsion-generation_constrained-linear,3,0.9916681342893866,0.0002260624933965,0.9915900000000004,0.000215
37239,2589,dens_114725786693793907,279,Density,<Substance CC(=O)O{solv}{x=0.703100}|CCO{solv}{x=0.296900}>,CC(=O)O,CCO,smee-spice2-systematic-torsion-generation_constrained-linear,3,0.9979854696953012,0.0003385382625509,0.97355,0.00021
37240,2590,dens_883421079927261907,280,Density,<Substance CC(=O)O{solv}{x=0.496100}|CCO{solv}{x=0.503900}>,CC(=O)O,CCO,smee-spice2-systematic-torsion-generation_constrained-linear,3,0.9380899038488444,0.0003040103092196,0.9199600000000002,0.0002
37241,2591,dens_1042567278853913615,281,Density,<Substance CC(=O)O{solv}{x=0.297100}|CCO{solv}{x=0.702900}>,CC(=O)O,CCO,smee-spice2-systematic-torsion-generation_constrained-linear,3,0.8794062866160182,0.0003264346977182,0.8668600000000002,0.000195
37242,2592,dhmix_129373600931207498,282,EnthalpyOfMixing,<Substance NCCNCCN{solv}{x=0.702000}|O{solv}{x=0.298000}>,NCCNCCN,O,smee-spice2-systematic-torsion-generation_constrained-linear,3,-2.6279860189041244,0.0689709849439559,-3.393,0.036
37243,2593,dhmix_313570094367316478,283,EnthalpyOfMixing,<Substance NCCNCCN{solv}{x=0.241600}|O{solv}{x=0.758400}>,NCCNCCN,O,smee-spice2-systematic-torsion-generation_constrained-linear,3,-3.724161882470149,0.0298051636527284,-6.523,0.0695
37244,2594,dens_548243159356184104,284,Density,<Substance NCCNCCN{solv}{x=0.244900}|O{solv}{x=0.755100}>,NCCNCCN,O,smee-spice2-systematic-torsion-generation_constrained-linear,3,1.0759380671791168,0.0003052684646236,1.0275000000000003,0.0005
37245,2595,dens_913992897582667960,285,Density,<Substance NCCNCCN{solv}{x=0.497400}|O{solv}{x=0.502600}>,NCCNCCN,O,smee-spice2-systematic-torsion-generation_constrained-linear,3,1.0849364952864575,0.0003115271047546,0.9928000000000002,0.0005
37246,2596,dhmix_1565087976771168604,286,EnthalpyOfMixing,<Substance NCCNCCN{solv}{x=0.501000}|O{solv}{x=0.499000}>,NCCNCCN,O,smee-spice2-systematic-torsion-generation_constrained-linear,3,-3.6954475282031463,0.0346673199638915,-5.417,0.0575
37247,2597,dens_1812124220217686569,287,Density,<Substance NCCNCCN{solv}{x=0.698800}|O{solv}{x=0.301200}>,NCCNCCN,O,smee-spice2-systematic-torsion-generation_constrained-linear,3,1.0817863658820173,0.0003607625449691,0.9718000000000002,0.0005
37248,2598,dhmix_135176730945124637,288,EnthalpyOfMixing,<Substance CCCCNCCCC{solv}{x=0.751800}|CN(C)C=O{solv}{x=0.248200}>,CCCCNCCCC,CN(C)C=O,smee-spice2-systematic-torsion-generation_constrained-linear,3,0.1888614763010423,0.0547334317462555,0.782,0.025
37249,2599,dens_586298674852090193,289,Density,<Substance CCCCNCCCC{solv}{x=0.726600}|CN(C)C=O{solv}{x=0.273400}>,CCCCNCCCC,CN(C)C=O,smee-spice2-systematic-torsion-generation_constrained-linear,3,0.791261716513404,0.0001399068532466,0.7828350000000002,0.0009465
37250,2600,dens_711718403070096827,290,Density,<Substance CCCCNCCCC{solv}{x=0.263900}|CN(C)C=O{solv}{x=0.736100}>,CCCCNCCCC,CN(C)C=O,smee-spice2-systematic-torsion-generation_constrained-linear,3,0.8585176795850509,0.0002358744213197,0.8609240000000001,0.001053
37251,2601,dhmix_1537913365058000269,291,EnthalpyOfMixing,<Substance CCCCNCCCC{solv}{x=0.249400}|CN(C)C=O{solv}{x=0.750600}>,CCCCNCCCC,CN(C)C=O,smee-spice2-systematic-torsion-generation_constrained-linear,3,0.3188735109499205,0.0404599628539503,0.921,0.029
37252,2602,dhmix_1965420976556284821,292,EnthalpyOfMixing,<Substance CCCCNCCCC{solv}{x=0.501800}|CN(C)C=O{solv}{x=0.498200}>,CCCCNCCCC,CN(C)C=O,smee-spice2-systematic-torsion-generation_constrained-linear,3,0.369164592020013,0.0481323307183743,1.113,0.0335
37253,2603,dens_2298192241038151497,293,Density,<Substance CCCCNCCCC{solv}{x=0.492800}|CN(C)C=O{solv}{x=0.507200}>,CCCCNCCCC,CN(C)C=O,smee-spice2-systematic-torsion-generation_constrained-linear,3,0.8194800650783514,0.0002089046785277,0.8153440000000003,0.0009895
37254,2604,dens_145031449158698048,294,Density,<Substance CN(C)C=O{solv}{x=0.498800}|ClCCCl{solv}{x=0.501200}>,CN(C)C=O,ClCCCl,smee-spice2-systematic-torsion-generation_constrained-linear,3,1.0834800448292017,0.0003484375424236,1.0957000000000003,0.00305
37255,2605,dens_511894799968528211,295,Density,<Substance CN(C)C=O{solv}{x=0.197800}|ClCCCl{solv}{x=0.802200}>,CN(C)C=O,ClCCCl,smee-spice2-systematic-torsion-generation_constrained-linear,3,1.1727919936400282,0.0004092828076719,1.1862000000000004,0.003
37256,2606,dhmix_693792312882226719,296,EnthalpyOfMixing,<Substance CN(C)C=O{solv}{x=0.498000}|ClCCCl{solv}{x=0.502000}>,CN(C)C=O,ClCCCl,smee-spice2-systematic-torsion-generation_constrained-linear,3,-0.1789597539947323,0.0344880835620026,-0.663,0.0035
37257,2607,dhmix_1364024895663592301,297,EnthalpyOfMixing,<Substance CN(C)C=O{solv}{x=0.299000}|ClCCCl{solv}{x=0.701000}>,CN(C)C=O,ClCCCl,smee-spice2-systematic-torsion-generation_constrained-linear,3,-0.1373864095864831,0.0346715119330716,-0.575,0.0035
37258,2608,dens_1874616475661316520,298,Density,<Substance CN(C)C=O{solv}{x=0.705400}|ClCCCl{solv}{x=0.294600}>,CN(C)C=O,ClCCCl,smee-spice2-systematic-torsion-generation_constrained-linear,3,1.0190488893315903,0.0002948252806507,1.0336,0.003
37259,2609,dhmix_1965344541223753593,299,EnthalpyOfMixing,<Substance CN(C)C=O{solv}{x=0.702000}|ClCCCl{solv}{x=0.298000}>,CN(C)C=O,ClCCCl,smee-spice2-systematic-torsion-generation_constrained-linear,3,-0.1641764651647612,0.0299731572638391,-0.531,0.003
37260,2610,dens_145117083439077204,300,Density,<Substance CN1CCCC1=O{solv}{x=0.700300}|ClCCCCCl{solv}{x=0.299700}>,CN1CCCC1=O,ClCCCCCl,smee-spice2-systematic-torsion-generation_constrained-linear,3,1.0521292196628578,0.0002102705883089,1.0627000000000002,0.0005
37261,2611,dens_872271192908107773,301,Density,<Substance CN1CCCC1=O{solv}{x=0.203400}|ClCCCCCl{solv}{x=0.796600}>,CN1CCCC1=O,ClCCCCCl,smee-spice2-systematic-torsion-generation_constrained-linear,3,1.1093022950041649,0.0002037527780081,1.1142000000000003,0.00125
37262,2612,dhmix_958757583081250655,302,EnthalpyOfMixing,<Substance CN1CCCC1=O{solv}{x=0.703000}|ClCCCCCl{solv}{x=0.297000}>,CN1CCCC1=O,ClCCCCCl,smee-spice2-systematic-torsion-generation_constrained-linear,3,0.0397830953081879,0.0436334675822516,-0.583,0.0035
37263,2613,dens_1187888029800539390,303,Density,<Substance CN1CCCC1=O{solv}{x=0.502500}|ClCCCCCl{solv}{x=0.497500}>,CN1CCCC1=O,ClCCCCCl,smee-spice2-systematic-torsion-generation_constrained-linear,3,1.076910090976978,0.0002665914906145,1.0840000000000003,0.00075
37264,2614,dhmix_1448185356234442909,304,EnthalpyOfMixing,<Substance CN1CCCC1=O{solv}{x=0.210000}|ClCCCCCl{solv}{x=0.790000}>,CN1CCCC1=O,ClCCCCCl,smee-spice2-systematic-torsion-generation_constrained-linear,3,0.0131537224021798,0.0433900024575541,-0.406,0.003
37265,2615,dhmix_1623586299486793214,305,EnthalpyOfMixing,<Substance CN1CCCC1=O{solv}{x=0.505000}|ClCCCCCl{solv}{x=0.495000}>,CN1CCCC1=O,ClCCCCCl,smee-spice2-systematic-torsion-generation_constrained-linear,3,-0.0637233185137766,0.0423126714406577,-0.678,0.0035
37266,2616,dens_151421667269785380,306,Density,<Substance OCCOCCO{solv}{x=0.228500}|OCc1ccccc1{solv}{x=0.771500}>,OCCOCCO,OCc1ccccc1,smee-spice2-systematic-torsion-generation_constrained-linear,3,1.0597963377203283,0.0001732418343765,1.0497600000000002,0.000265
37267,2617,dens_207017358130726789,307,Density,<Substance OCCOCCO{solv}{x=0.531200}|OCc1ccccc1{solv}{x=0.468800}>,OCCOCCO,OCc1ccccc1,smee-spice2-systematic-torsion-generation_constrained-linear,3,1.08355545094815,0.0002968727568855,1.07136,0.00027
37268,2618,dhmix_638869206909151198,308,EnthalpyOfMixing,<Substance OCCOCCO{solv}{x=0.765800}|OCc1ccccc1{solv}{x=0.234200}>,OCCOCCO,OCc1ccccc1,smee-spice2-systematic-torsion-generation_constrained-linear,3,-0.3159526348135273,0.0766040377522464,-0.3712,0.0073
37269,2619,dhmix_884415658126351430,309,EnthalpyOfMixing,<Substance OCCOCCO{solv}{x=0.266500}|OCc1ccccc1{solv}{x=0.733500}>,OCCOCCO,OCc1ccccc1,smee-spice2-systematic-torsion-generation_constrained-linear,3,-0.1627328413999862,0.046955529870222,-0.4216,0.0081
37270,2620,dhmix_925385148369690502,310,EnthalpyOfMixing,<Substance OCCOCCO{solv}{x=0.521600}|OCc1ccccc1{solv}{x=0.478400}>,OCCOCCO,OCc1ccccc1,smee-spice2-systematic-torsion-generation_constrained-linear,3,-0.4855109131376878,0.0436127204165837,-0.4574,0.00865
37271,2621,dens_1617133138157859384,311,Density,<Substance OCCOCCO{solv}{x=0.727700}|OCc1ccccc1{solv}{x=0.272300}>,OCCOCCO,OCc1ccccc1,smee-spice2-systematic-torsion-generation_constrained-linear,3,1.0986128512426907,0.0002606546275404,1.0857000000000003,0.000275
37272,2622,dens_155791527624482863,312,Density,<Substance CC(C)CO{solv}{x=0.279300}|CCCCBr{solv}{x=0.720700}>,CC(C)CO,CCCCBr,smee-spice2-systematic-torsion-generation_constrained-linear,3,1.11805523771975,0.000406804139788,1.1339800000000002,0.000305
37273,2623,dhmix_549211977118470640,313,EnthalpyOfMixing,<Substance CC(C)CO{solv}{x=0.293800}|CCCCBr{solv}{x=0.706200}>,CC(C)CO,CCCCBr,smee-spice2-systematic-torsion-generation_constrained-linear,3,1.2366970222167026,0.0398907306057185,1.248,0.0135
37274,2624,dens_692500675577783691,314,Density,<Substance CC(C)CO{solv}{x=0.793700}|CCCCBr{solv}{x=0.206300}>,CC(C)CO,CCCCBr,smee-spice2-systematic-torsion-generation_constrained-linear,3,0.9046594160812588,0.0003396334515919,0.8962800000000002,0.00021
37275,2625,dens_841415441417626311,315,Density,<Substance CC(C)CO{solv}{x=0.498900}|CCCCBr{solv}{x=0.501100}>,CC(C)CO,CCCCBr,smee-spice2-systematic-torsion-generation_constrained-linear,3,1.031957711299407,0.0003526926983122,1.0366800000000005,0.000225
37276,2626,dhmix_1400807466047438160,316,EnthalpyOfMixing,<Substance CC(C)CO{solv}{x=0.499000}|CCCCBr{solv}{x=0.501000}>,CC(C)CO,CCCCBr,smee-spice2-systematic-torsion-generation_constrained-linear,3,1.2174621756372943,0.0382346221142028,1.207,0.013
37277,2627,dhmix_1959880980464917582,317,EnthalpyOfMixing,<Substance CC(C)CO{solv}{x=0.702100}|CCCCBr{solv}{x=0.297900}>,CC(C)CO,CCCCBr,smee-spice2-systematic-torsion-generation_constrained-linear,3,0.8503948187796766,0.0449692146109768,0.891,0.0095
37278,2628,dhmix_155924436295918663,318,EnthalpyOfMixing,<Substance OCCCO{solv}{x=0.501300}|O{solv}{x=0.498700}>,O,OCCCO,smee-spice2-systematic-torsion-generation_constrained-linear,3,0.501424347554039,0.0328412185514893,-0.992,0.0125
37279,2629,dens_867859901093068556,319,Density,<Substance OCCCO{solv}{x=0.743700}|O{solv}{x=0.256300}>,O,OCCCO,smee-spice2-systematic-torsion-generation_constrained-linear,3,1.0619336309154852,0.0003082231390436,1.0503800000000003,0.00023
37280,2630,dhmix_2191722776959064631,320,EnthalpyOfMixing,<Substance OCCCO{solv}{x=0.743000}|O{solv}{x=0.257000}>,O,OCCCO,smee-spice2-systematic-torsion-generation_constrained-linear,3,0.1108884650398636,0.0369837580856863,-0.633,0.008
37281,2631,dhmix_2210594516320705991,321,EnthalpyOfMixing,<Substance OCCCO{solv}{x=0.208700}|O{solv}{x=0.791300}>,O,OCCCO,smee-spice2-systematic-torsion-generation_constrained-linear,3,0.4779371664597835,0.0246776684454307,-0.924,0.012
37282,2632,dens_2211391404402371237,322,Density,<Substance OCCCO{solv}{x=0.244700}|O{solv}{x=0.755300}>,O,OCCCO,smee-spice2-systematic-torsion-generation_constrained-linear,3,1.0306282657594863,0.0003195659734471,1.0381600000000004,0.00019
37283,2633,dens_2211609476735134421,323,Density,<Substance OCCCO{solv}{x=0.500000}|O{solv}{x=0.500000}>,O,OCCCO,smee-spice2-systematic-torsion-generation_constrained-linear,3,1.0512488082451834,0.0003932293678265,1.0492100000000002,0.000215
37284,2634,dhmix_156929898609376763,324,EnthalpyOfMixing,<Substance CN(C)CCCO{solv}{x=0.800100}|O{solv}{x=0.199900}>,CN(C)CCCO,O,smee-spice2-systematic-torsion-generation_constrained-linear,3,-0.6825478558230316,0.0370623343785083,-1.26,0.0135
37285,2635,dhmix_786210276753247951,325,EnthalpyOfMixing,<Substance CN(C)CCCO{solv}{x=0.199800}|O{solv}{x=0.800200}>,CN(C)CCCO,O,smee-spice2-systematic-torsion-generation_constrained-linear,3,-0.7787374631392687,0.0261687529040036,-2.514,0.027
37286,2636,dens_971674883336993154,326,Density,<Substance CN(C)CCCO{solv}{x=0.289504}|O{solv}{x=0.710496}>,CN(C)CCCO,O,smee-spice2-systematic-torsion-generation_constrained-linear,3,0.9462077133344132,0.0002663473628657,0.9443,0.00285
37287,2637,dhmix_1330584538745399524,327,EnthalpyOfMixing,<Substance CN(C)CCCO{solv}{x=0.501900}|O{solv}{x=0.498100}>,CN(C)CCCO,O,smee-spice2-systematic-torsion-generation_constrained-linear,3,-1.416304552363414,0.0448487044121616,-2.706,0.029
37288,2638,dens_1781759734173902013,328,Density,<Substance CN(C)CCCO{solv}{x=0.501300}|O{solv}{x=0.498700}>,CN(C)CCCO,O,smee-spice2-systematic-torsion-generation_constrained-linear,3,0.9363512971916615,0.0003768120743801,0.9170700000000004,8.000000000000002e-05
37289,2639,dens_2299157616447228221,329,Density,<Substance CN(C)CCCO{solv}{x=0.800600}|O{solv}{x=0.199400}>,CN(C)CCCO,O,smee-spice2-systematic-torsion-generation_constrained-linear,3,0.9250252203260292,0.0002311700188987,0.8915100000000002,9.500000000000002e-05
37290,2640,dhmix_157983773008192768,330,EnthalpyOfMixing,<Substance BrCCCBr{solv}{x=0.743200}|CCCCOC(=O)CCC{solv}{x=0.256800}>,BrCCCBr,CCCCOC(=O)CCC,smee-spice2-systematic-torsion-generation_constrained-linear,3,-0.40249512384068,0.0388003230871649,0.032,0.0005
37291,2641,dens_720277045338028885,331,Density,<Substance BrCCCBr{solv}{x=0.748700}|CCCCOC(=O)CCC{solv}{x=0.251300}>,BrCCCBr,CCCCOC(=O)CCC,smee-spice2-systematic-torsion-generation_constrained-linear,3,1.5639907290090205,0.0003761632893206,1.5786600000000004,0.00038
37292,2642,dens_933248802608751708,332,Density,<Substance BrCCCBr{solv}{x=0.529700}|CCCCOC(=O)CCC{solv}{x=0.470300}>,BrCCCBr,CCCCOC(=O)CCC,smee-spice2-systematic-torsion-generation_constrained-linear,3,1.311190304006006,0.0003480529218708,1.3159400000000003,0.000255
37293,2643,dens_1048925802213854204,333,Density,<Substance BrCCCBr{solv}{x=0.259100}|CCCCOC(=O)CCC{solv}{x=0.740900}>,BrCCCBr,CCCCOC(=O)CCC,smee-spice2-systematic-torsion-generation_constrained-linear,3,1.0608647825886752,0.0002103353085284,1.0598600000000002,0.000145
37294,2644,dhmix_1090642624443832057,334,EnthalpyOfMixing,<Substance BrCCCBr{solv}{x=0.241200}|CCCCOC(=O)CCC{solv}{x=0.758800}>,BrCCCBr,CCCCOC(=O)CCC,smee-spice2-systematic-torsion-generation_constrained-linear,3,-0.4345308325921593,0.0510722451864984,-0.094,0.001
37295,2645,dhmix_1649688325270115073,335,EnthalpyOfMixing,<Substance BrCCCBr{solv}{x=0.466700}|CCCCOC(=O)CCC{solv}{x=0.533300}>,BrCCCBr,CCCCOC(=O)CCC,smee-spice2-systematic-torsion-generation_constrained-linear,3,-0.6256993026501689,0.0444544525687845,-0.091,0.001
37296,2646,dhmix_158101159957898775,336,EnthalpyOfMixing,<Substance CCCCCl{solv}{x=0.490000}|CN1CCCC1=O{solv}{x=0.510000}>,CCCCCl,CN1CCCC1=O,smee-spice2-systematic-torsion-generation_constrained-linear,3,0.6710115686884421,0.0330961880014093,0.152,0.002
37297,2647,dhmix_586880142396707079,337,EnthalpyOfMixing,<Substance CCCCCl{solv}{x=0.294000}|CN1CCCC1=O{solv}{x=0.706000}>,CCCCCl,CN1CCCC1=O,smee-spice2-systematic-torsion-generation_constrained-linear,3,0.5839133284138107,0.0372077130301542,0.145,0.002
37298,2648,dens_897975104490051322,338,Density,<Substance CCCCCl{solv}{x=0.296100}|CN1CCCC1=O{solv}{x=0.703900}>,CCCCCl,CN1CCCC1=O,smee-spice2-systematic-torsion-generation_constrained-linear,3,0.972976765989578,0.00015470690332,0.9862000000000004,0.0001
37299,2649,dens_1393365907116297965,339,Density,<Substance CCCCCl{solv}{x=0.702600}|CN1CCCC1=O{solv}{x=0.297400}>,CCCCCl,CN1CCCC1=O,smee-spice2-systematic-torsion-generation_constrained-linear,3,0.9153721735017236,0.0002636275903083,0.9268000000000002,0.0001
37300,2650,dhmix_1769887717174104485,340,EnthalpyOfMixing,<Substance CCCCCl{solv}{x=0.787000}|CN1CCCC1=O{solv}{x=0.213000}>,CCCCCl,CN1CCCC1=O,smee-spice2-systematic-torsion-generation_constrained-linear,3,0.3906853731972504,0.0433488710218378,0.081,0.002
37301,2651,dens_2070183543451797213,341,Density,<Substance CCCCCl{solv}{x=0.494800}|CN1CCCC1=O{solv}{x=0.505200}>,CCCCCl,CN1CCCC1=O,smee-spice2-systematic-torsion-generation_constrained-linear,3,0.9460490096385352,0.0002311545183066,0.9575000000000002,0.0001
37302,2652,dens_164369774990422412,342,Density,<Substance CC(C)O{solv}{x=0.764900}|CCOC=O{solv}{x=0.235100}>,CC(C)O,CCOC=O,smee-spice2-systematic-torsion-generation_constrained-linear,3,0.8385173423772855,0.0002985714946117,0.8088000000000002,0.00035
37303,2653,dens_200561035496770448,343,Density,<Substance CC(C)O{solv}{x=0.265100}|CCOC=O{solv}{x=0.734900}>,CC(C)O,CCOC=O,smee-spice2-systematic-torsion-generation_constrained-linear,3,0.908728590745055,0.0002900964120244,0.8710000000000002,0.0003
37304,2654,dens_1124622586228643363,344,Density,<Substance CC(C)O{solv}{x=0.441300}|CCOC=O{solv}{x=0.558700}>,CC(C)O,CCOC=O,smee-spice2-systematic-torsion-generation_constrained-linear,3,0.8835238624677118,0.0002843350815563,0.8482000000000003,0.00035
37305,2655,dens_166030075147825025,345,Density,<Substance Clc1ccccc1{solv}{x=0.467900}|c1ccccc1{solv}{x=0.532100}>,Clc1ccccc1,c1ccccc1,smee-spice2-systematic-torsion-generation_constrained-linear,3,0.9947466436756176,0.00027866687708,0.9877000000000002,0.00025
37306,2656,dens_796537469137871297,346,Density,<Substance Clc1ccccc1{solv}{x=0.735800}|c1ccccc1{solv}{x=0.264200}>,Clc1ccccc1,c1ccccc1,smee-spice2-systematic-torsion-generation_constrained-linear,3,1.0607033084608382,0.0003124671513756,1.0465000000000002,0.0002
37307,2657,dhmix_1485547099225054006,347,EnthalpyOfMixing,<Substance Clc1ccccc1{solv}{x=0.777700}|c1ccccc1{solv}{x=0.222300}>,Clc1ccccc1,c1ccccc1,smee-spice2-systematic-torsion-generation_constrained-linear,3,-0.0347979235845627,0.0371771293138604,-0.0036,0.0004
37308,2658,dhmix_1808283008183194060,348,EnthalpyOfMixing,<Substance Clc1ccccc1{solv}{x=0.225800}|c1ccccc1{solv}{x=0.774200}>,Clc1ccccc1,c1ccccc1,smee-spice2-systematic-torsion-generation_constrained-linear,3,-0.0262908293056796,0.0393578902028797,-0.0046,0.0004
37309,2659,dhmix_2008892820486470381,349,EnthalpyOfMixing,<Substance Clc1ccccc1{solv}{x=0.466600}|c1ccccc1{solv}{x=0.533400}>,Clc1ccccc1,c1ccccc1,smee-spice2-systematic-torsion-generation_constrained-linear,3,-0.0354051598725959,0.0374936169682053,-0.0057,0.0004
37310,2660,dens_2142546524113318099,350,Density,<Substance Clc1ccccc1{solv}{x=0.293100}|c1ccccc1{solv}{x=0.706900}>,Clc1ccccc1,c1ccccc1,smee-spice2-systematic-torsion-generation_constrained-linear,3,0.9513578140241776,0.0003184148490409,0.9468000000000002,0.00025
37311,2661,dhmix_166527628917371560,351,EnthalpyOfMixing,<Substance CCCCCC(C)=O{solv}{x=0.500700}|CCCNCCC{solv}{x=0.499300}>,CCCCCC(C)=O,CCCNCCC,smee-spice2-systematic-torsion-generation_constrained-linear,3,-0.0159767186212818,0.0481724373637518,0.162,0.002
37312,2662,dhmix_181797488552739205,352,EnthalpyOfMixing,<Substance CCCCCC(C)=O{solv}{x=0.213200}|CCCNCCC{solv}{x=0.786800}>,CCCCCC(C)=O,CCCNCCC,smee-spice2-systematic-torsion-generation_constrained-linear,3,-0.114357593074942,0.0524719246096745,0.137,0.0015
37313,2663,dens_286521458049436805,353,Density,<Substance CCCCCC(C)=O{solv}{x=0.542700}|CCCNCCC{solv}{x=0.457300}>,CCCCCC(C)=O,CCCNCCC,smee-spice2-systematic-torsion-generation_constrained-linear,3,0.7789880339636314,0.0002068172448199,0.7766620000000002,0.0001215
37314,2664,dens_740930494074770103,354,Density,<Substance CCCCCC(C)=O{solv}{x=0.252600}|CCCNCCC{solv}{x=0.747400}>,CCCCCC(C)=O,CCCNCCC,smee-spice2-systematic-torsion-generation_constrained-linear,3,0.7624357776847114,0.000218919981372,0.7540050000000001,0.0001215
37315,2665,dhmix_1180133264815330249,355,EnthalpyOfMixing,<Substance CCCCCC(C)=O{solv}{x=0.788000}|CCCNCCC{solv}{x=0.212000}>,CCCCCC(C)=O,CCCNCCC,smee-spice2-systematic-torsion-generation_constrained-linear,3,-0.0519414331598975,0.0527176767149829,0.088,0.001
37316,2666,dens_1237727796782189302,356,Density,<Substance CCCCCC(C)=O{solv}{x=0.741800}|CCCNCCC{solv}{x=0.258200}>,CCCCCC(C)=O,CCCNCCC,smee-spice2-systematic-torsion-generation_constrained-linear,3,0.7890344419114185,0.0001851293239669,0.7918920000000003,0.00012
37317,2667,dens_168376639142843665,357,Density,<Substance BrCCBr{solv}{x=0.084500}|CCOC(=O)CC{solv}{x=0.915500}>,BrCCBr,CCOC(=O)CC,smee-spice2-systematic-torsion-generation_constrained-linear,3,0.9708957289821736,0.0002679490654047,0.9671200000000002,0.001185
37318,2668,dhmix_897092526028522426,358,EnthalpyOfMixing,<Substance BrCCBr{solv}{x=0.753700}|CCOC(=O)CC{solv}{x=0.246300}>,BrCCBr,CCOC(=O)CC,smee-spice2-systematic-torsion-generation_constrained-linear,3,-0.2484234957816156,0.0374337918104049,0.0052,0.0008
37319,2669,dhmix_1078383344298013541,359,EnthalpyOfMixing,<Substance BrCCBr{solv}{x=0.084100}|CCOC(=O)CC{solv}{x=0.915900}>,BrCCBr,CCOC(=O)CC,smee-spice2-systematic-torsion-generation_constrained-linear,3,-0.0680930462456572,0.0463363778282881,-0.0683,0.0014
37320,2670,dhmix_1103515663691342839,360,EnthalpyOfMixing,<Substance BrCCBr{solv}{x=0.514000}|CCOC(=O)CC{solv}{x=0.486000}>,BrCCBr,CCOC(=O)CC,smee-spice2-systematic-torsion-generation_constrained-linear,3,-0.3466070316679683,0.0412089206715422,-0.1259,0.00205
37321,2671,dens_1193015082780501702,361,Density,<Substance BrCCBr{solv}{x=0.484400}|CCOC(=O)CC{solv}{x=0.515600}>,BrCCBr,CCOC(=O)CC,smee-spice2-systematic-torsion-generation_constrained-linear,3,1.406598677074444,0.0004195647335694,1.4136000000000002,0.001165
37322,2672,dens_1660732943693703463,362,Density,<Substance BrCCBr{solv}{x=0.714800}|CCOC(=O)CC{solv}{x=0.285200}>,BrCCBr,CCOC(=O)CC,smee-spice2-systematic-torsion-generation_constrained-linear,3,1.695677249265404,0.0005716852883963,1.7205300000000003,0.000985
37323,2673,dens_172622055198885625,363,Density,<Substance CCCCOCCO{solv}{x=0.499500}|c1ccccc1{solv}{x=0.500500}>,CCCCOCCO,c1ccccc1,smee-spice2-systematic-torsion-generation_constrained-linear,3,0.8889850300767531,0.0002251652920921,0.8864700000000002,0.000795
37324,2674,dens_615182082919776992,364,Density,<Substance CCCCOCCO{solv}{x=0.753500}|c1ccccc1{solv}{x=0.246500}>,CCCCOCCO,c1ccccc1,smee-spice2-systematic-torsion-generation_constrained-linear,3,0.8961004101479231,0.0001867379010629,0.8924600000000003,0.00077
37325,2675,dens_1014762781474427089,365,Density,<Substance CCCCOCCO{solv}{x=0.248800}|c1ccccc1{solv}{x=0.751200}>,CCCCOCCO,c1ccccc1,smee-spice2-systematic-torsion-generation_constrained-linear,3,0.8806938490130874,0.0002548712234288,0.8790000000000002,0.00083
37326,2676,dhmix_1209838039340638454,366,EnthalpyOfMixing,<Substance CCCCOCCO{solv}{x=0.729700}|c1ccccc1{solv}{x=0.270300}>,CCCCOCCO,c1ccccc1,smee-spice2-systematic-torsion-generation_constrained-linear,3,0.3594793438702481,0.0520841572687893,0.3037,0.00335
37327,2677,dhmix_1416395432810708431,367,EnthalpyOfMixing,<Substance CCCCOCCO{solv}{x=0.266500}|c1ccccc1{solv}{x=0.733500}>,CCCCOCCO,c1ccccc1,smee-spice2-systematic-torsion-generation_constrained-linear,3,0.639939021210779,0.0348692483357221,0.6895,0.00745
37328,2678,dhmix_1775479338186698605,368,EnthalpyOfMixing,<Substance CCCCOCCO{solv}{x=0.503000}|c1ccccc1{solv}{x=0.497000}>,CCCCOCCO,c1ccccc1,smee-spice2-systematic-torsion-generation_constrained-linear,3,0.4744000022849377,0.0465682581830809,0.5563,0.00605
37329,2679,dens_173950346939686352,369,Density,<Substance CCOC(=O)CC(=O)OCC{solv}{x=0.797800}|CO{solv}{x=0.202200}>,CCOC(=O)CC(=O)OCC,CO,smee-spice2-systematic-torsion-generation_constrained-linear,3,1.0551549749329947,0.0002145992750565,1.0336070000000002,0.0001155
37330,2680,dhmix_796570713446660029,370,EnthalpyOfMixing,<Substance CCOC(=O)CC(=O)OCC{solv}{x=0.745300}|CO{solv}{x=0.254700}>,CCOC(=O)CC(=O)OCC,CO,smee-spice2-systematic-torsion-generation_constrained-linear,3,0.7892362859661262,0.049933535015192,1.184,0.013
37331,2681,dhmix_1053189657313504079,371,EnthalpyOfMixing,<Substance CCOC(=O)CC(=O)OCC{solv}{x=0.499300}|CO{solv}{x=0.500700}>,CCOC(=O)CC(=O)OCC,CO,smee-spice2-systematic-torsion-generation_constrained-linear,3,1.1269715194546848,0.0422154714107602,1.426,0.0155
37332,2682,dens_1109796780897697143,372,Density,<Substance CCOC(=O)CC(=O)OCC{solv}{x=0.500400}|CO{solv}{x=0.499600}>,CCOC(=O)CC(=O)OCC,CO,smee-spice2-systematic-torsion-generation_constrained-linear,3,1.0125498585406525,0.000234754986155,0.9962350000000002,9.150000000000002e-05
37333,2683,dens_1145191816882985532,373,Density,<Substance CCOC(=O)CC(=O)OCC{solv}{x=0.250100}|CO{solv}{x=0.749900}>,CCOC(=O)CC(=O)OCC,CO,smee-spice2-systematic-torsion-generation_constrained-linear,3,0.9432493821673076,0.0003131342011598,0.9355040000000002,0.0001385
37334,2684,dhmix_1394433819711651760,374,EnthalpyOfMixing,<Substance CCOC(=O)CC(=O)OCC{solv}{x=0.251500}|CO{solv}{x=0.748500}>,CCOC(=O)CC(=O)OCC,CO,smee-spice2-systematic-torsion-generation_constrained-linear,3,0.8479833029949546,0.0345857685026417,1.083,0.0115
37335,2685,dhmix_176700813960387714,375,EnthalpyOfMixing,<Substance CC(=O)N(C)C{solv}{x=0.211000}|ClCCCCCl{solv}{x=0.789000}>,CC(=O)N(C)C,ClCCCCCl,smee-spice2-systematic-torsion-generation_constrained-linear,3,-0.0587155330148476,0.0431905418085925,-0.188,0.0025
37336,2686,dhmix_422276068008732896,376,EnthalpyOfMixing,<Substance CC(=O)N(C)C{solv}{x=0.506000}|ClCCCCCl{solv}{x=0.494000}>,CC(=O)N(C)C,ClCCCCCl,smee-spice2-systematic-torsion-generation_constrained-linear,3,-0.0719920960580147,0.0320656641331499,-0.314,0.0025
37337,2687,dhmix_591740475541975327,377,EnthalpyOfMixing,<Substance CC(=O)N(C)C{solv}{x=0.705000}|ClCCCCCl{solv}{x=0.295000}>,CC(=O)N(C)C,ClCCCCCl,smee-spice2-systematic-torsion-generation_constrained-linear,3,0.0329905105828913,0.0378033604971476,-0.281,0.0025
37338,2688,dens_600718364672681210,378,Density,<Substance CC(=O)N(C)C{solv}{x=0.200100}|ClCCCCCl{solv}{x=0.799900}>,CC(=O)N(C)C,ClCCCCCl,smee-spice2-systematic-torsion-generation_constrained-linear,3,1.0895036614062104,0.0002950575751089,1.0978,0.0023
37339,2689,dens_833309518494254389,379,Density,<Substance CC(=O)N(C)C{solv}{x=0.698700}|ClCCCCCl{solv}{x=0.301300}>,CC(=O)N(C)C,ClCCCCCl,smee-spice2-systematic-torsion-generation_constrained-linear,3,0.9799942798352091,0.0002465194973511,1.0011000000000003,0.0023
37340,2690,dens_1473570029953486090,380,Density,<Substance CC(=O)N(C)C{solv}{x=0.500900}|ClCCCCCl{solv}{x=0.499100}>,CC(=O)N(C)C,ClCCCCCl,smee-spice2-systematic-torsion-generation_constrained-linear,3,1.024856198168226,0.0002688821158676,1.0407000000000004,0.00225
37341,2691,dens_176740025668330569,381,Density,<Substance C1CCCCC1{solv}{x=0.499400}|C1COCCO1{solv}{x=0.500600}>,C1CCCCC1,C1COCCO1,smee-spice2-systematic-torsion-generation_constrained-linear,3,0.8818932675044809,0.0002580725550583,0.8769800000000002,8.500000000000002e-05
37342,2692,dens_476825312331327209,382,Density,<Substance C1CCCCC1{solv}{x=0.297200}|C1COCCO1{solv}{x=0.702800}>,C1CCCCC1,C1COCCO1,smee-spice2-systematic-torsion-generation_constrained-linear,3,0.9413208143831704,0.0002097723376611,0.9312200000000004,7.000000000000002e-05
37343,2693,dens_985438980823024302,383,Density,<Substance C1CCCCC1{solv}{x=0.699700}|C1COCCO1{solv}{x=0.300300}>,C1CCCCC1,C1COCCO1,smee-spice2-systematic-torsion-generation_constrained-linear,3,0.8298739310257215,0.000182187334532,0.8305800000000002,0.0001
37344,2694,dhmix_1624213860575299641,384,EnthalpyOfMixing,<Substance C1CCCCC1{solv}{x=0.492800}|C1COCCO1{solv}{x=0.507200}>,C1CCCCC1,C1COCCO1,smee-spice2-systematic-torsion-generation_constrained-linear,3,2.0440663821113105,0.0398751517477491,1.588,0.008
37345,2695,dhmix_1900199136965747019,385,EnthalpyOfMixing,<Substance C1CCCCC1{solv}{x=0.239400}|C1COCCO1{solv}{x=0.760600}>,C1CCCCC1,C1COCCO1,smee-spice2-systematic-torsion-generation_constrained-linear,3,1.3709860988913931,0.0405020636192837,1.124,0.007
37346,2696,dhmix_2022274493214392184,386,EnthalpyOfMixing,<Substance C1CCCCC1{solv}{x=0.744200}|C1COCCO1{solv}{x=0.255800}>,C1CCCCC1,C1COCCO1,smee-spice2-systematic-torsion-generation_constrained-linear,3,1.70891783236452,0.0435535472966618,1.262,0.007
37347,2697,dhmix_182795551078530810,387,EnthalpyOfMixing,<Substance C1COCCO1{solv}{x=0.491200}|Cc1ccccc1Cl{solv}{x=0.508800}>,C1COCCO1,Cc1ccccc1Cl,smee-spice2-systematic-torsion-generation_constrained-linear,3,0.3559309903170344,0.041553453194891,0.356,0.002
37348,2698,dens_242592003865933955,388,Density,<Substance C1COCCO1{solv}{x=0.835700}|Cc1ccccc1Cl{solv}{x=0.164300}>,C1COCCO1,Cc1ccccc1Cl,smee-spice2-systematic-torsion-generation_constrained-linear,3,1.0415097031486096,0.0001908354661754,1.0256,0.0005
37349,2699,dens_810150133181620718,389,Density,<Substance C1COCCO1{solv}{x=0.513600}|Cc1ccccc1Cl{solv}{x=0.486400}>,C1COCCO1,Cc1ccccc1Cl,smee-spice2-systematic-torsion-generation_constrained-linear,3,1.0680226614499002,0.00023063202696,1.0536,0.0005
37350,2700,dhmix_1949119093643648586,390,EnthalpyOfMixing,<Substance C1COCCO1{solv}{x=0.246200}|Cc1ccccc1Cl{solv}{x=0.753800}>,C1COCCO1,Cc1ccccc1Cl,smee-spice2-systematic-torsion-generation_constrained-linear,3,0.2159220518550171,0.0435533159403329,0.206,0.001
37351,2701,dens_2161584607380261748,391,Density,<Substance C1COCCO1{solv}{x=0.226300}|Cc1ccccc1Cl{solv}{x=0.773700}>,C1COCCO1,Cc1ccccc1Cl,smee-spice2-systematic-torsion-generation_constrained-linear,3,1.0809688804091224,0.0002559149815049,1.0674000000000003,0.0005
37352,2702,dhmix_2190589845176325501,392,EnthalpyOfMixing,<Substance C1COCCO1{solv}{x=0.835700}|Cc1ccccc1Cl{solv}{x=0.164300}>,C1COCCO1,Cc1ccccc1Cl,smee-spice2-systematic-torsion-generation_constrained-linear,3,0.222979717896834,0.0442970931084615,0.244,0.0015
37353,2703,dens_194492664772262961,393,Density,<Substance CCCOC=O{solv}{x=0.479500}|ClCCCl{solv}{x=0.520500}>,CCCOC=O,ClCCCl,smee-spice2-systematic-torsion-generation_constrained-linear,3,1.0708244049080815,0.0003374977378514,1.0603100000000003,0.00196
37354,2704,dhmix_438833720470542962,394,EnthalpyOfMixing,<Substance CCCOC=O{solv}{x=0.738500}|ClCCCl{solv}{x=0.261500}>,CCCOC=O,ClCCCl,smee-spice2-systematic-torsion-generation_constrained-linear,3,-0.0550308327384669,0.0393289596993089,-0.205,0.0025
37355,2705,dens_598528978367940263,395,Density,<Substance CCCOC=O{solv}{x=0.254300}|ClCCCl{solv}{x=0.745700}>,CCCOC=O,ClCCCl,smee-spice2-systematic-torsion-generation_constrained-linear,3,1.1419435432872929,0.0003921519702116,1.1418800000000005,0.002835
37356,2706,dens_822197650497048256,396,Density,<Substance CCCOC=O{solv}{x=0.728100}|ClCCCl{solv}{x=0.271900}>,CCCOC=O,ClCCCl,smee-spice2-systematic-torsion-generation_constrained-linear,3,0.9975865473892443,0.000302288414813,0.9794600000000002,0.001275
37357,2707,dhmix_1971772628311560569,397,EnthalpyOfMixing,<Substance CCCOC=O{solv}{x=0.503500}|ClCCCl{solv}{x=0.496500}>,CCCOC=O,ClCCCl,smee-spice2-systematic-torsion-generation_constrained-linear,3,-0.0281007118108291,0.0341427199572349,-0.254,0.003
37358,2708,dhmix_2087301877194561078,398,EnthalpyOfMixing,<Substance CCCOC=O{solv}{x=0.273300}|ClCCCl{solv}{x=0.726700}>,CCCOC=O,ClCCCl,smee-spice2-systematic-torsion-generation_constrained-linear,3,0.0209630928492998,0.0306307130755171,-0.154,0.002
37359,2709,dens_196547737404430199,399,Density,<Substance CCC(C)(C)O{solv}{x=0.258400}|CCO{solv}{x=0.741600}>,CCC(C)(C)O,CCO,smee-spice2-systematic-torsion-generation_constrained-linear,3,0.8081792247188175,0.0003351108150151,0.7933000000000001,0.0005
37360,2710,dens_476512869308734578,400,Density,<Substance CCC(C)(C)O{solv}{x=0.549500}|CCO{solv}{x=0.450500}>,CCC(C)(C)O,CCO,smee-spice2-systematic-torsion-generation_constrained-linear,3,0.8198189499311954,0.0002510038578402,0.8018000000000002,0.0005
37361,2711,dens_822446541953482206,401,Density,<Substance CCC(C)(C)O{solv}{x=0.676500}|CCO{solv}{x=0.323500}>,CCC(C)(C)O,CCO,smee-spice2-systematic-torsion-generation_constrained-linear,3,0.8229677152571674,0.0001814803055593,0.8048000000000002,0.0005
37362,2712,dhmix_935690434592096067,402,EnthalpyOfMixing,<Substance CCC(C)(C)O{solv}{x=0.460700}|CCO{solv}{x=0.539300}>,CCC(C)(C)O,CCO,smee-spice2-systematic-torsion-generation_constrained-linear,3,-0.7968366762407584,0.0398653981492843,-0.95,0.00405
37363,2713,dhmix_1167190373485301023,403,EnthalpyOfMixing,<Substance CCC(C)(C)O{solv}{x=0.730600}|CCO{solv}{x=0.269400}>,CCC(C)(C)O,CCO,smee-spice2-systematic-torsion-generation_constrained-linear,3,-0.7178741017073875,0.0447213282234415,-0.7709,0.00335
37364,2714,dhmix_1275914601266938667,404,EnthalpyOfMixing,<Substance CCC(C)(C)O{solv}{x=0.280700}|CCO{solv}{x=0.719300}>,CCC(C)(C)O,CCO,smee-spice2-systematic-torsion-generation_constrained-linear,3,-0.6360791958062393,0.0383896285127115,-0.7056,0.0031
37365,2715,dens_196896428021674416,405,Density,<Substance OCCCCO{solv}{x=0.250400}|O{solv}{x=0.749600}>,O,OCCCCO,smee-spice2-systematic-torsion-generation_constrained-linear,3,1.0112214800569923,0.0003511566784484,1.0206500000000005,0.000165
37366,2716,dhmix_204758826312645465,406,EnthalpyOfMixing,<Substance OCCCCO{solv}{x=0.498600}|O{solv}{x=0.501400}>,O,OCCCCO,smee-spice2-systematic-torsion-generation_constrained-linear,3,0.5302689787397767,0.0305843200983564,-0.882,0.011
37367,2717,dens_523660418548538159,407,Density,<Substance OCCCCO{solv}{x=0.502000}|O{solv}{x=0.498000}>,O,OCCCCO,smee-spice2-systematic-torsion-generation_constrained-linear,3,1.0228209257707042,0.0003545844263703,1.0207100000000002,0.000175
37368,2718,dhmix_1424462945700338266,408,EnthalpyOfMixing,<Substance OCCCCO{solv}{x=0.794700}|O{solv}{x=0.205300}>,O,OCCCCO,smee-spice2-systematic-torsion-generation_constrained-linear,3,0.0856005765678702,0.0462672292378561,-0.513,0.007
37369,2719,dhmix_2166372532060643622,409,EnthalpyOfMixing,<Substance OCCCCO{solv}{x=0.265800}|O{solv}{x=0.734200}>,O,OCCCCO,smee-spice2-systematic-torsion-generation_constrained-linear,3,0.6582890640113064,0.0251165433840588,-0.896,0.0115
37370,2720,dens_2215793475715067258,410,Density,<Substance OCCCCO{solv}{x=0.752800}|O{solv}{x=0.247200}>,O,OCCCCO,smee-spice2-systematic-torsion-generation_constrained-linear,3,1.026617035452411,0.0003305616268017,1.0165900000000003,0.00018
37371,2721,dhmix_199788824133179829,411,EnthalpyOfMixing,<Substance CNc1ccccc1{solv}{x=0.497300}|Cc1ccccc1{solv}{x=0.502700}>,CNc1ccccc1,Cc1ccccc1,smee-spice2-systematic-torsion-generation_constrained-linear,3,0.7687411271992204,0.0402253552083681,0.497,0.0055
37372,2722,dens_515118724178190757,412,Density,<Substance CNc1ccccc1{solv}{x=0.740700}|Cc1ccccc1{solv}{x=0.259300}>,CNc1ccccc1,Cc1ccccc1,smee-spice2-systematic-torsion-generation_constrained-linear,3,0.9671718029226304,0.0002409173714337,0.9531280000000004,0.0002595
37373,2723,dens_730775902780400634,413,Density,<Substance CNc1ccccc1{solv}{x=0.245200}|Cc1ccccc1{solv}{x=0.754800}>,CNc1ccccc1,Cc1ccccc1,smee-spice2-systematic-torsion-generation_constrained-linear,3,0.8960207095371152,0.0002534141426813,0.8935250000000002,0.000118
37374,2724,dhmix_1213795502778853356,414,EnthalpyOfMixing,<Substance CNc1ccccc1{solv}{x=0.295200}|Cc1ccccc1{solv}{x=0.704800}>,CNc1ccccc1,Cc1ccccc1,smee-spice2-systematic-torsion-generation_constrained-linear,3,0.7440375782424979,0.0449623774811796,0.459,0.005
37375,2725,dhmix_1321810550349826496,415,EnthalpyOfMixing,<Substance CNc1ccccc1{solv}{x=0.789200}|Cc1ccccc1{solv}{x=0.210800}>,CNc1ccccc1,Cc1ccccc1,smee-spice2-systematic-torsion-generation_constrained-linear,3,0.3059646355441856,0.0459994986825594,0.287,0.003
37376,2726,dens_2156484405108449314,416,Density,<Substance CNc1ccccc1{solv}{x=0.490000}|Cc1ccccc1{solv}{x=0.510000}>,CNc1ccccc1,Cc1ccccc1,smee-spice2-systematic-torsion-generation_constrained-linear,3,0.9319640938148344,0.0002084164831267,0.9235800000000004,0.000164
37377,2727,dens_199829369486957606,417,Density,<Substance CC#N{solv}{x=0.200300}|c1ccccc1{solv}{x=0.799700}>,CC#N,c1ccccc1,smee-spice2-systematic-torsion-generation_constrained-linear,3,0.8609270289686719,0.0002645284816985,0.8623400000000002,7.000000000000002e-05
37378,2728,dhmix_217315956534335620,418,EnthalpyOfMixing,<Substance CC#N{solv}{x=0.771500}|c1ccccc1{solv}{x=0.228500}>,CC#N,c1ccccc1,smee-spice2-systematic-torsion-generation_constrained-linear,3,0.0308838477088162,0.0252973616643068,0.3988,0.00815
37379,2729,dhmix_730497723685339496,419,EnthalpyOfMixing,<Substance CC#N{solv}{x=0.219600}|c1ccccc1{solv}{x=0.780400}>,CC#N,c1ccccc1,smee-spice2-systematic-torsion-generation_constrained-linear,3,-0.0163801989267113,0.0288167892384531,0.2399,0.00495
37380,2730,dhmix_1038591828122641798,420,EnthalpyOfMixing,<Substance CC#N{solv}{x=0.529500}|c1ccccc1{solv}{x=0.470500}>,CC#N,c1ccccc1,smee-spice2-systematic-torsion-generation_constrained-linear,3,0.0166189145912269,0.0348542190798409,0.4415,0.00905
37381,2731,dens_1457706963514561052,421,Density,<Substance CC#N{solv}{x=0.500100}|c1ccccc1{solv}{x=0.499900}>,CC#N,c1ccccc1,smee-spice2-systematic-torsion-generation_constrained-linear,3,0.8377235903925391,0.0002844242486762,0.8384600000000002,7.500000000000002e-05
37382,2732,dens_2111393000623474162,422,Density,<Substance CC#N{solv}{x=0.700200}|c1ccccc1{solv}{x=0.299800}>,CC#N,c1ccccc1,smee-spice2-systematic-torsion-generation_constrained-linear,3,0.8175276478191118,0.0002467662087058,0.8174500000000002,7.500000000000002e-05
37383,2733,dens_201591193434833206,423,Density,<Substance CC(C)CC(C)(C)C{solv}{x=0.082400}|CCO{solv}{x=0.917600}>,CC(C)CC(C)(C)C,CCO,smee-spice2-systematic-torsion-generation_constrained-linear,3,0.7687312581540726,0.0002916936335721,0.7605800000000003,0.000125
37384,2734,dhmix_371477530823830451,424,EnthalpyOfMixing,<Substance CC(C)CC(C)(C)C{solv}{x=0.761700}|CCO{solv}{x=0.238300}>,CC(C)CC(C)(C)C,CCO,smee-spice2-systematic-torsion-generation_constrained-linear,3,0.8159046237802485,0.036790463972954,0.634022,0.006851
37385,2735,dhmix_1127868571780691876,425,EnthalpyOfMixing,<Substance CC(C)CC(C)(C)C{solv}{x=0.515800}|CCO{solv}{x=0.484200}>,CC(C)CC(C)(C)C,CCO,smee-spice2-systematic-torsion-generation_constrained-linear,3,0.9789462500511306,0.0446139562347633,0.638973,0.006903
37386,2736,dens_1250915879314267304,426,Density,<Substance CC(C)CC(C)(C)C{solv}{x=0.493740}|CCO{solv}{x=0.506260}>,CC(C)CC(C)(C)C,CCO,smee-spice2-systematic-torsion-generation_constrained-linear,3,0.7291770705621803,0.0002210491016459,0.7110500000000001,7.500000000000002e-05
37387,2737,dens_1473791133383705310,427,Density,<Substance CC(C)CC(C)(C)C{solv}{x=0.735960}|CCO{solv}{x=0.264040}>,CC(C)CC(C)(C)C,CCO,smee-spice2-systematic-torsion-generation_constrained-linear,3,0.7176801923000071,0.0001909734437165,0.6967900000000001,7.500000000000002e-05
37388,2738,dhmix_1870637719976274804,428,EnthalpyOfMixing,<Substance CC(C)CC(C)(C)C{solv}{x=0.081500}|CCO{solv}{x=0.918500}>,CC(C)CC(C)(C)C,CCO,smee-spice2-systematic-torsion-generation_constrained-linear,3,0.2728191528167656,0.0348413333023608,0.197762,0.0022405
37389,2739,dens_202472488934755108,429,Density,<Substance CCC#N{solv}{x=0.301800}|CCOC(C)(C)C{solv}{x=0.698200}>,CCC#N,CCOC(C)(C)C,smee-spice2-systematic-torsion-generation_constrained-linear,3,0.7644073279752809,0.0002622384525492,0.7455000000000002,0.0002
37390,2740,dens_266175665931869051,430,Density,<Substance CCC#N{solv}{x=0.701400}|CCOC(C)(C)C{solv}{x=0.298600}>,CCC#N,CCOC(C)(C)C,smee-spice2-systematic-torsion-generation_constrained-linear,3,0.7748720605073681,0.0002492125648917,0.7617000000000003,0.00035
37391,2741,dhmix_801664072836508009,431,EnthalpyOfMixing,<Substance CCC#N{solv}{x=0.301800}|CCOC(C)(C)C{solv}{x=0.698200}>,CCC#N,CCOC(C)(C)C,smee-spice2-systematic-torsion-generation_constrained-linear,3,0.2000614015751907,0.0418981712619889,0.4557,0.0062
37392,2742,dhmix_1220778152018571786,432,EnthalpyOfMixing,<Substance CCC#N{solv}{x=0.501400}|CCOC(C)(C)C{solv}{x=0.498600}>,CCC#N,CCOC(C)(C)C,smee-spice2-systematic-torsion-generation_constrained-linear,3,0.1846686504751176,0.0331038116099153,0.5053,0.00685
37393,2743,dhmix_1838699488178562925,433,EnthalpyOfMixing,<Substance CCC#N{solv}{x=0.701400}|CCOC(C)(C)C{solv}{x=0.298600}>,CCC#N,CCOC(C)(C)C,smee-spice2-systematic-torsion-generation_constrained-linear,3,0.112771450555364,0.0404122889011221,0.4078,0.0056
37394,2744,dens_1870081876609026392,434,Density,<Substance CCC#N{solv}{x=0.501400}|CCOC(C)(C)C{solv}{x=0.498600}>,CCC#N,CCOC(C)(C)C,smee-spice2-systematic-torsion-generation_constrained-linear,3,0.7694707890285005,0.0002098688978466,0.7532000000000002,0.0003
37395,2745,dens_205210513551931414,435,Density,<Substance CCCC#N{solv}{x=0.200000}|c1ccccc1{solv}{x=0.800000}>,CCCC#N,c1ccccc1,smee-spice2-systematic-torsion-generation_constrained-linear,3,0.8568406722467113,0.0002750238915454,0.8576940000000002,5.400000000000001e-05
37396,2746,dens_841576887891022329,436,Density,<Substance CCCC#N{solv}{x=0.500000}|c1ccccc1{solv}{x=0.500000}>,CCCC#N,c1ccccc1,smee-spice2-systematic-torsion-generation_constrained-linear,3,0.8322104566504498,0.0002314362736476,0.8318550000000002,5.8000000000000014e-05
37397,2747,dhmix_901910638840590393,437,EnthalpyOfMixing,<Substance CCCC#N{solv}{x=0.503700}|c1ccccc1{solv}{x=0.496300}>,CCCC#N,c1ccccc1,smee-spice2-systematic-torsion-generation_constrained-linear,3,-0.0568312986455339,0.0355391568839889,-0.0659,0.00145
37398,2748,dhmix_1123099162248680479,438,EnthalpyOfMixing,<Substance CCCC#N{solv}{x=0.752800}|c1ccccc1{solv}{x=0.247200}>,CCCC#N,c1ccccc1,smee-spice2-systematic-torsion-generation_constrained-linear,3,-0.0813932823564442,0.0353535328177812,-0.0312,0.0008
37399,2749,dhmix_1318990508180847616,439,EnthalpyOfMixing,<Substance CCCC#N{solv}{x=0.252800}|c1ccccc1{solv}{x=0.747200}>,CCCC#N,c1ccccc1,smee-spice2-systematic-torsion-generation_constrained-linear,3,-0.0800716343472629,0.0391750389666817,-0.0571,0.00125
37400,2750,dens_1950627772023797339,440,Density,<Substance CCCC#N{solv}{x=0.700000}|c1ccccc1{solv}{x=0.300000}>,CCCC#N,c1ccccc1,smee-spice2-systematic-torsion-generation_constrained-linear,3,0.8158256306515037,0.000253160402066,0.8138540000000002,6.100000000000001e-05
37401,2751,dhmix_207411229673186667,441,EnthalpyOfMixing,<Substance CC(C)(C)Cl{solv}{x=0.774700}|CC(C)OC(C)C{solv}{x=0.225300}>,CC(C)(C)Cl,CC(C)OC(C)C,smee-spice2-systematic-torsion-generation_constrained-linear,3,-0.0032033673297888,0.0413817427034775,0.0035,0.0004
37402,2752,dhmix_263164663491745943,442,EnthalpyOfMixing,<Substance CC(C)(C)Cl{solv}{x=0.551200}|CC(C)OC(C)C{solv}{x=0.448800}>,CC(C)(C)Cl,CC(C)OC(C)C,smee-spice2-systematic-torsion-generation_constrained-linear,3,-0.0614881632307628,0.0403875662932011,0.0071,0.0004
37403,2753,dens_1527979990628499053,443,Density,<Substance CC(C)(C)Cl{solv}{x=0.514800}|CC(C)OC(C)C{solv}{x=0.485200}>,CC(C)(C)Cl,CC(C)OC(C)C,smee-spice2-systematic-torsion-generation_constrained-linear,3,0.8013990572636844,0.0002632108732959,0.7723510000000002,0.00042
37404,2754,dens_1616242241384486673,444,Density,<Substance CC(C)(C)Cl{solv}{x=0.715200}|CC(C)OC(C)C{solv}{x=0.284800}>,CC(C)(C)Cl,CC(C)OC(C)C,smee-spice2-systematic-torsion-generation_constrained-linear,3,0.827830842290811,0.0002877961941563,0.7971450000000002,0.0003945
37405,2755,dens_2075469437997722238,445,Density,<Substance CC(C)(C)Cl{solv}{x=0.199100}|CC(C)OC(C)C{solv}{x=0.800900}>,CC(C)(C)Cl,CC(C)OC(C)C,smee-spice2-systematic-torsion-generation_constrained-linear,3,0.763310795027578,0.0002410421071223,0.7376660000000003,0.0004545
37406,2756,dhmix_2101531043492089277,446,EnthalpyOfMixing,<Substance CC(C)(C)Cl{solv}{x=0.219200}|CC(C)OC(C)C{solv}{x=0.780800}>,CC(C)(C)Cl,CC(C)OC(C)C,smee-spice2-systematic-torsion-generation_constrained-linear,3,-0.0589048319877605,0.0455517739911571,0.007,0.0004
37407,2757,dens_210389881425986721,447,Density,<Substance C1COCO1{solv}{x=0.785000}|CCCCCC(C)=O{solv}{x=0.215000}>,C1COCO1,CCCCCC(C)=O,smee-spice2-systematic-torsion-generation_constrained-linear,3,0.9994406691060606,0.0002367755980355,0.9696500000000002,0.0003
37408,2758,dhmix_503329310014436107,448,EnthalpyOfMixing,<Substance C1COCO1{solv}{x=0.750000}|CCCCCC(C)=O{solv}{x=0.250000}>,C1COCO1,CCCCCC(C)=O,smee-spice2-systematic-torsion-generation_constrained-linear,3,0.7234135862001096,0.0388778413142298,0.37402,0.001955
37409,2759,dens_824084186033535550,449,Density,<Substance C1COCO1{solv}{x=0.507100}|CCCCCC(C)=O{solv}{x=0.492900}>,C1COCO1,CCCCCC(C)=O,smee-spice2-systematic-torsion-generation_constrained-linear,3,0.9040725140754422,0.0002047979384,0.8936300000000003,0.00034
37410,2760,dens_839548343309182157,450,Density,<Substance C1COCO1{solv}{x=0.244000}|CCCCCC(C)=O{solv}{x=0.756000}>,C1COCO1,CCCCCC(C)=O,smee-spice2-systematic-torsion-generation_constrained-linear,3,0.8427415374015018,0.0002333744587052,0.8445200000000002,0.00038
37411,2761,dhmix_1519451899562488304,451,EnthalpyOfMixing,<Substance C1COCO1{solv}{x=0.250000}|CCCCCC(C)=O{solv}{x=0.750000}>,C1COCO1,CCCCCC(C)=O,smee-spice2-systematic-torsion-generation_constrained-linear,3,0.6014987674707446,0.0487962507439586,0.2754,0.00155
37412,2762,dhmix_1874814461447958752,452,EnthalpyOfMixing,<Substance C1COCO1{solv}{x=0.500000}|CCCCCC(C)=O{solv}{x=0.500000}>,C1COCO1,CCCCCC(C)=O,smee-spice2-systematic-torsion-generation_constrained-linear,3,0.8247674268679646,0.0404615924007811,0.43148,0.00217
37413,2763,dhmix_219236717194413479,453,EnthalpyOfMixing,<Substance CCOc1ccccc1{solv}{x=0.762500}|OCCCc1ccccc1{solv}{x=0.237500}>,CCOc1ccccc1,OCCCc1ccccc1,smee-spice2-systematic-torsion-generation_constrained-linear,3,0.9314190075636616,0.0435827650785943,1.1164,0.01195
37414,2764,dens_391027492102555874,454,Density,<Substance CCOc1ccccc1{solv}{x=0.515000}|OCCCc1ccccc1{solv}{x=0.485000}>,CCOc1ccccc1,OCCCc1ccccc1,smee-spice2-systematic-torsion-generation_constrained-linear,3,0.9757197462393912,0.0001999307430472,0.9715100000000002,0.00026
37415,2765,dens_603450583692592837,455,Density,<Substance CCOc1ccccc1{solv}{x=0.707400}|OCCCc1ccccc1{solv}{x=0.292600}>,CCOc1ccccc1,OCCCc1ccccc1,smee-spice2-systematic-torsion-generation_constrained-linear,3,0.968123640168756,0.0001874520177321,0.9634300000000002,0.00026
37416,2766,dhmix_1297428070131435744,456,EnthalpyOfMixing,<Substance CCOc1ccccc1{solv}{x=0.516900}|OCCCc1ccccc1{solv}{x=0.483100}>,CCOc1ccccc1,OCCCc1ccccc1,smee-spice2-systematic-torsion-generation_constrained-linear,3,0.9469394211473628,0.0432044650991462,0.989,0.0106
37417,2767,dens_1659818614169719187,457,Density,<Substance CCOc1ccccc1{solv}{x=0.216400}|OCCCc1ccccc1{solv}{x=0.783600}>,CCOc1ccccc1,OCCCc1ccccc1,smee-spice2-systematic-torsion-generation_constrained-linear,3,0.9872005155450112,0.0001582102047284,0.9832000000000004,0.00026
37418,2768,dhmix_2058966624473104004,458,EnthalpyOfMixing,<Substance CCOc1ccccc1{solv}{x=0.262900}|OCCCc1ccccc1{solv}{x=0.737100}>,CCOc1ccccc1,OCCCc1ccccc1,smee-spice2-systematic-torsion-generation_constrained-linear,3,0.6099076905258016,0.0517732924725938,0.7,0.00755
37419,2769,dhmix_224977805525763267,459,EnthalpyOfMixing,<Substance OCCO{solv}{x=0.519300}|O{solv}{x=0.480700}>,O,OCCO,smee-spice2-systematic-torsion-generation_constrained-linear,3,0.201914045958901,0.0305083054764207,-0.64,0.0035
37420,2770,dhmix_454389511592218960,460,EnthalpyOfMixing,<Substance OCCO{solv}{x=0.790900}|O{solv}{x=0.209100}>,O,OCCO,smee-spice2-systematic-torsion-generation_constrained-linear,3,0.0528143078719693,0.0357423391365523,-0.347,0.0025
37421,2771,dens_624011570206871166,461,Density,<Substance OCCO{solv}{x=0.500560}|O{solv}{x=0.499440}>,O,OCCO,smee-spice2-systematic-torsion-generation_constrained-linear,3,1.094946398113286,0.0003913997531747,1.0923200000000002,0.0005
37422,2772,dhmix_997365299263661959,462,EnthalpyOfMixing,<Substance OCCO{solv}{x=0.205100}|O{solv}{x=0.794900}>,O,OCCO,smee-spice2-systematic-torsion-generation_constrained-linear,3,0.2539270950136476,0.0237909373981671,-0.681,0.004
37423,2773,dens_1521229282261002740,463,Density,<Substance OCCO{solv}{x=0.299010}|O{solv}{x=0.700990}>,O,OCCO,smee-spice2-systematic-torsion-generation_constrained-linear,3,1.0677168813217823,0.0004365588069384,1.0735400000000002,0.0005
37424,2774,dens_2015496231826454735,464,Density,<Substance OCCO{solv}{x=0.706260}|O{solv}{x=0.293740}>,O,OCCO,smee-spice2-systematic-torsion-generation_constrained-linear,3,1.1128623362461845,0.0002951736242663,1.1022400000000003,0.0005
37425,2775,dhmix_230261418136264651,465,EnthalpyOfMixing,<Substance CCCCOC(C)=O{solv}{x=0.700700}|CCOC(C)=O{solv}{x=0.299300}>,CCCCOC(C)=O,CCOC(C)=O,smee-spice2-systematic-torsion-generation_constrained-linear,3,-0.045532817781634,0.0452997575451314,0.0594,0.001
37426,2776,dhmix_287092636460772443,466,EnthalpyOfMixing,<Substance CCCCOC(C)=O{solv}{x=0.501800}|CCOC(C)=O{solv}{x=0.498200}>,CCCCOC(C)=O,CCOC(C)=O,smee-spice2-systematic-torsion-generation_constrained-linear,3,0.02978033922723,0.0395137763619645,0.076,0.0012
37427,2777,dens_436289636626232396,467,Density,<Substance CCCCOC(C)=O{solv}{x=0.501800}|CCOC(C)=O{solv}{x=0.498200}>,CCCCOC(C)=O,CCOC(C)=O,smee-spice2-systematic-torsion-generation_constrained-linear,3,0.8945536632274709,0.0002079415164366,0.8829000000000002,0.0002
37428,2778,dens_1739528506032569134,468,Density,<Substance CCCCOC(C)=O{solv}{x=0.201200}|CCOC(C)=O{solv}{x=0.798800}>,CCCCOC(C)=O,CCOC(C)=O,smee-spice2-systematic-torsion-generation_constrained-linear,3,0.9013945001638388,0.0002487136107097,0.8889000000000001,0.0002
37429,2779,dhmix_1951544232160779982,469,EnthalpyOfMixing,<Substance CCCCOC(C)=O{solv}{x=0.201200}|CCOC(C)=O{solv}{x=0.798800}>,CCCCOC(C)=O,CCOC(C)=O,smee-spice2-systematic-torsion-generation_constrained-linear,3,-0.0407199525571684,0.0402240329322011,0.0524,0.0009
37430,2780,dens_2199004103648094822,470,Density,<Substance CCCCOC(C)=O{solv}{x=0.700700}|CCOC(C)=O{solv}{x=0.299300}>,CCCCOC(C)=O,CCOC(C)=O,smee-spice2-systematic-torsion-generation_constrained-linear,3,0.8906114622870139,0.0001601895030861,0.8797000000000003,0.0002
37431,2781,dens_230610561971140401,471,Density,<Substance CN(C)CCO{solv}{x=0.507700}|O{solv}{x=0.492300}>,CN(C)CCO,O,smee-spice2-systematic-torsion-generation_constrained-linear,3,0.9363608396306532,0.0002251466835534,0.9237220000000002,0.000504
37432,2782,dens_531222131704065782,472,Density,<Substance CN(C)CCO{solv}{x=0.765200}|O{solv}{x=0.234800}>,CN(C)CCO,O,smee-spice2-systematic-torsion-generation_constrained-linear,3,0.9229293854824115,0.000220308491271,0.8989030000000002,0.0005805
37433,2783,dhmix_569544738684419327,473,EnthalpyOfMixing,<Substance CN(C)CCO{solv}{x=0.536500}|O{solv}{x=0.463500}>,CN(C)CCO,O,smee-spice2-systematic-torsion-generation_constrained-linear,3,-2.0163323558660124,0.0364659594943876,-2.575,0.0525
37434,2784,dens_1319192913326669904,474,Density,<Substance CN(C)CCO{solv}{x=0.264330}|O{solv}{x=0.735670}>,CN(C)CCO,O,smee-spice2-systematic-torsion-generation_constrained-linear,3,0.9530021066612856,0.0003087719454522,0.9590000000000002,0.0029
37435,2785,dhmix_1669606825693628140,475,EnthalpyOfMixing,<Substance CN(C)CCO{solv}{x=0.205200}|O{solv}{x=0.794800}>,CN(C)CCO,O,smee-spice2-systematic-torsion-generation_constrained-linear,3,-1.5182396873663038,0.025916681152353,-2.587,0.0525
37436,2786,dhmix_1723343163215510297,476,EnthalpyOfMixing,<Substance CN(C)CCO{solv}{x=0.799600}|O{solv}{x=0.200400}>,CN(C)CCO,O,smee-spice2-systematic-torsion-generation_constrained-linear,3,-1.1608070825639911,0.0343351596089734,-1.247,0.0255
37437,2787,dens_233554406241639981,477,Density,<Substance CC(C)CC(C)(C)C{solv}{x=0.200000}|CCCCOCCCC{solv}{x=0.800000}>,CC(C)CC(C)(C)C,CCCCOCCCC,smee-spice2-systematic-torsion-generation_constrained-linear,3,0.7553903528478679,0.0002007687615303,0.7497500000000001,0.00017
37438,2788,dhmix_465541682585001245,478,EnthalpyOfMixing,<Substance CC(C)CC(C)(C)C{solv}{x=0.200400}|CCCCOCCCC{solv}{x=0.799600}>,CC(C)CC(C)(C)C,CCCCOCCCC,smee-spice2-systematic-torsion-generation_constrained-linear,3,0.2296548618821816,0.0526714457717508,0.07397,0.00099
37439,2789,dhmix_1505777056782392294,479,EnthalpyOfMixing,<Substance CC(C)CC(C)(C)C{solv}{x=0.400400}|CCCCOCCCC{solv}{x=0.599600}>,CC(C)CC(C)(C)C,CCCCOCCCC,smee-spice2-systematic-torsion-generation_constrained-linear,3,0.2962065090917178,0.0519295516078986,0.11538,0.001385
37440,2790,dhmix_1595104467389948583,480,EnthalpyOfMixing,<Substance CC(C)CC(C)(C)C{solv}{x=0.700500}|CCCCOCCCC{solv}{x=0.299500}>,CC(C)CC(C)(C)C,CCCCOCCCC,smee-spice2-systematic-torsion-generation_constrained-linear,3,0.2689604145209046,0.0524767467081254,0.10948,0.00133
37441,2791,dens_1672861274914038509,481,Density,<Substance CC(C)CC(C)(C)C{solv}{x=0.399700}|CCCCOCCCC{solv}{x=0.600300}>,CC(C)CC(C)(C)C,CCCCOCCCC,smee-spice2-systematic-torsion-generation_constrained-linear,3,0.7442382242574144,0.0001758388257047,0.7348100000000001,0.000175
37442,2792,dens_1954694146948787176,482,Density,<Substance CC(C)CC(C)(C)C{solv}{x=0.700000}|CCCCOCCCC{solv}{x=0.300000}>,CC(C)CC(C)(C)C,CCCCOCCCC,smee-spice2-systematic-torsion-generation_constrained-linear,3,0.7273597942267366,0.0001821486304909,0.7117300000000002,0.000185
37443,2793,dens_234746850701826990,483,Density,<Substance CC#N{solv}{x=0.700000}|CCCCCO{solv}{x=0.300000}>,CC#N,CCCCCO,smee-spice2-systematic-torsion-generation_constrained-linear,3,0.7969381990656058,0.0002547733195213,0.7924200000000001,0.000165
37444,2794,dens_1261543146081029601,484,Density,<Substance CC#N{solv}{x=0.500300}|CCCCCO{solv}{x=0.499700}>,CC#N,CCCCCO,smee-spice2-systematic-torsion-generation_constrained-linear,3,0.8046525855677537,0.0002394350825495,0.7996400000000001,0.000185
37445,2795,dens_1462197010819319813,485,Density,<Substance CC#N{solv}{x=0.203100}|CCCCCO{solv}{x=0.796900}>,CC#N,CCCCCO,smee-spice2-systematic-torsion-generation_constrained-linear,3,0.8125012540365648,0.0001679497861875,0.8090600000000001,0.00022
37446,2796,dhmix_1595997756227951615,486,EnthalpyOfMixing,<Substance CC#N{solv}{x=0.235500}|CCCCCO{solv}{x=0.764500}>,CC#N,CCCCCO,smee-spice2-systematic-torsion-generation_constrained-linear,3,1.3504188873022684,0.0475443649582071,1.451,0.006
37447,2797,dhmix_1745037615762894827,487,EnthalpyOfMixing,<Substance CC#N{solv}{x=0.516700}|CCCCCO{solv}{x=0.483300}>,CC#N,CCCCCO,smee-spice2-systematic-torsion-generation_constrained-linear,3,1.9380686068299584,0.0333445424265521,2.017,0.008
37448,2798,dhmix_2294048253872291609,488,EnthalpyOfMixing,<Substance CC#N{solv}{x=0.771100}|CCCCCO{solv}{x=0.228900}>,CC#N,CCCCCO,smee-spice2-systematic-torsion-generation_constrained-linear,3,1.531685791575149,0.0290033014631277,1.656,0.007
37449,2799,dens_237912652331354824,489,Density,<Substance C1COCCO1{solv}{x=0.512200}|CCCC(C)=O{solv}{x=0.487800}>,C1COCCO1,CCCC(C)=O,smee-spice2-systematic-torsion-generation_constrained-linear,3,0.9043475452618012,0.0002582077446662,0.90478,0.00023
37450,2800,dhmix_951401191616771155,490,EnthalpyOfMixing,<Substance C1COCCO1{solv}{x=0.750000}|CCCC(C)=O{solv}{x=0.250000}>,C1COCCO1,CCCC(C)=O,smee-spice2-systematic-torsion-generation_constrained-linear,3,0.3264809432213553,0.0403576774431175,0.23761,0.00135
37451,2801,dens_1815088975543208186,491,Density,<Substance C1COCCO1{solv}{x=0.225400}|CCCC(C)=O{solv}{x=0.774600}>,C1COCCO1,CCCC(C)=O,smee-spice2-systematic-torsion-generation_constrained-linear,3,0.8361538859489108,0.0002342840732787,0.8442800000000001,0.00022
37452,2802,dens_2079717107234551519,492,Density,<Substance C1COCCO1{solv}{x=0.782300}|CCCC(C)=O{solv}{x=0.217700}>,C1COCCO1,CCCC(C)=O,smee-spice2-systematic-torsion-generation_constrained-linear,3,0.976246180993608,0.0002636186388052,0.9692000000000004,0.000245
37453,2803,dhmix_2166059870593139530,493,EnthalpyOfMixing,<Substance C1COCCO1{solv}{x=0.500000}|CCCC(C)=O{solv}{x=0.500000}>,C1COCCO1,CCCC(C)=O,smee-spice2-systematic-torsion-generation_constrained-linear,3,0.3380364099531761,0.0325632677571642,0.26523,0.001455
37454,2804,dhmix_2196150660196365471,494,EnthalpyOfMixing,<Substance C1COCCO1{solv}{x=0.250000}|CCCC(C)=O{solv}{x=0.750000}>,C1COCCO1,CCCC(C)=O,smee-spice2-systematic-torsion-generation_constrained-linear,3,0.2011621322520174,0.0420773076558028,0.1704,0.001085
37455,2805,dhmix_243334109655928306,495,EnthalpyOfMixing,<Substance C1CCOCC1{solv}{x=0.783200}|c1ccccc1{solv}{x=0.216800}>,C1CCOCC1,c1ccccc1,smee-spice2-systematic-torsion-generation_constrained-linear,3,-0.0258553326399066,0.0416430927399039,-0.1399,0.00165
37456,2806,dens_257753427541292519,496,Density,<Substance C1CCOCC1{solv}{x=0.479400}|c1ccccc1{solv}{x=0.520600}>,C1CCOCC1,c1ccccc1,smee-spice2-systematic-torsion-generation_constrained-linear,3,0.8776105979238759,0.0002421303132087,0.8778700000000003,0.000505
37457,2807,dhmix_604341867718608333,497,EnthalpyOfMixing,<Substance C1CCOCC1{solv}{x=0.242500}|c1ccccc1{solv}{x=0.757500}>,C1CCOCC1,c1ccccc1,smee-spice2-systematic-torsion-generation_constrained-linear,3,-0.1273734262400125,0.0400713559610353,-0.1608,0.00185
37458,2808,dens_791001710124267373,498,Density,<Substance C1CCOCC1{solv}{x=0.223900}|c1ccccc1{solv}{x=0.776100}>,C1CCOCC1,c1ccccc1,smee-spice2-systematic-torsion-generation_constrained-linear,3,0.8755444520597938,0.0002947297581087,0.8761000000000002,0.0005
37459,2809,dens_1402061243325720407,499,Density,<Substance C1CCOCC1{solv}{x=0.743200}|c1ccccc1{solv}{x=0.256800}>,C1CCOCC1,c1ccccc1,smee-spice2-systematic-torsion-generation_constrained-linear,3,0.880007584039738,0.000253772135896,0.8789500000000002,0.000505
37460,2810,dhmix_1407142629314355761,500,EnthalpyOfMixing,<Substance C1CCOCC1{solv}{x=0.498200}|c1ccccc1{solv}{x=0.501800}>,C1CCOCC1,c1ccccc1,smee-spice2-systematic-torsion-generation_constrained-linear,3,-0.1837708059492797,0.0393601235402515,-0.2365,0.00265
37461,2811,dhmix_266800455813556356,501,EnthalpyOfMixing,<Substance CO{solv}{x=0.727200}|OCc1ccccc1{solv}{x=0.272800}>,CO,OCc1ccccc1,smee-spice2-systematic-torsion-generation_constrained-linear,3,-0.0172811916534811,0.0327475993529683,-0.0792,0.001
37462,2812,dhmix_949671607207910651,502,EnthalpyOfMixing,<Substance CO{solv}{x=0.500500}|OCc1ccccc1{solv}{x=0.499500}>,CO,OCc1ccccc1,smee-spice2-systematic-torsion-generation_constrained-linear,3,-0.1553976550517148,0.0335675436870556,-0.1408,0.00165
37463,2813,dhmix_1388744759732522219,503,EnthalpyOfMixing,<Substance CO{solv}{x=0.200200}|OCc1ccccc1{solv}{x=0.799800}>,CO,OCc1ccccc1,smee-spice2-systematic-torsion-generation_constrained-linear,3,-0.1490186854665012,0.0437172619577437,-0.1081,0.0013
37464,2814,dens_270046772857960816,504,Density,<Substance C1CCOCC1{solv}{x=0.732100}|Cc1ccccc1{solv}{x=0.267900}>,C1CCOCC1,Cc1ccccc1,smee-spice2-systematic-torsion-generation_constrained-linear,3,0.8755188156332246,0.0002473156145977,0.8754100000000001,0.000505
37465,2815,dens_324774743687652276,505,Density,<Substance C1CCOCC1{solv}{x=0.238700}|Cc1ccccc1{solv}{x=0.761300}>,C1CCOCC1,Cc1ccccc1,smee-spice2-systematic-torsion-generation_constrained-linear,3,0.864794073205127,0.0002310293369069,0.8669900000000003,0.000505
37466,2816,dhmix_390107187187002597,506,EnthalpyOfMixing,<Substance C1CCOCC1{solv}{x=0.531900}|Cc1ccccc1{solv}{x=0.468100}>,C1CCOCC1,Cc1ccccc1,smee-spice2-systematic-torsion-generation_constrained-linear,3,-0.1003481727756394,0.0410902875422737,-0.2225,0.0025
37467,2817,dhmix_1070320975529400325,507,EnthalpyOfMixing,<Substance C1CCOCC1{solv}{x=0.280600}|Cc1ccccc1{solv}{x=0.719400}>,C1CCOCC1,Cc1ccccc1,smee-spice2-systematic-torsion-generation_constrained-linear,3,-0.1098107427753234,0.0420667785895004,-0.1687,0.00195
37468,2818,dens_1397318239527979287,508,Density,<Substance C1CCOCC1{solv}{x=0.491500}|Cc1ccccc1{solv}{x=0.508500}>,C1CCOCC1,Cc1ccccc1,smee-spice2-systematic-torsion-generation_constrained-linear,3,0.8712885948268352,0.0002176189904391,0.8715100000000002,0.000505
37469,2819,dhmix_1508130989501940613,509,EnthalpyOfMixing,<Substance C1CCOCC1{solv}{x=0.741300}|Cc1ccccc1{solv}{x=0.258700}>,C1CCOCC1,Cc1ccccc1,smee-spice2-systematic-torsion-generation_constrained-linear,3,-0.0649581661220111,0.0373725863134096,-0.1629,0.0019
37470,2820,dhmix_271732469428717581,510,EnthalpyOfMixing,<Substance COc1ccccc1{solv}{x=0.237400}|OCCCc1ccccc1{solv}{x=0.762600}>,COc1ccccc1,OCCCc1ccccc1,smee-spice2-systematic-torsion-generation_constrained-linear,3,0.5478480188536139,0.0511675915422853,0.6076,0.0066
37471,2821,dhmix_1174392275991455181,511,EnthalpyOfMixing,<Substance COc1ccccc1{solv}{x=0.554700}|OCCCc1ccccc1{solv}{x=0.445300}>,COc1ccccc1,OCCCc1ccccc1,smee-spice2-systematic-torsion-generation_constrained-linear,3,0.9622842955413377,0.0472673551450903,1.0293,0.01105
37472,2822,dhmix_1179341622676685107,512,EnthalpyOfMixing,<Substance COc1ccccc1{solv}{x=0.713600}|OCCCc1ccccc1{solv}{x=0.286400}>,COc1ccccc1,OCCCc1ccccc1,smee-spice2-systematic-torsion-generation_constrained-linear,3,0.9798795471560736,0.045926607371448,1.1088,0.0119
37473,2823,dens_1468428612899754720,513,Density,<Substance COc1ccccc1{solv}{x=0.747700}|OCCCc1ccccc1{solv}{x=0.252300}>,COc1ccccc1,OCCCc1ccccc1,smee-spice2-systematic-torsion-generation_constrained-linear,3,0.982787746081336,0.0002061960306253,0.9827800000000002,0.00026
37474,2824,dens_1534619098234859574,514,Density,<Substance COc1ccccc1{solv}{x=0.555100}|OCCCc1ccccc1{solv}{x=0.444900}>,COc1ccccc1,OCCCc1ccccc1,smee-spice2-systematic-torsion-generation_constrained-linear,3,0.9861566403648628,0.000183090832628,0.9852700000000002,0.00026
37475,2825,dens_2298154173340539222,515,Density,<Substance COc1ccccc1{solv}{x=0.263600}|OCCCc1ccccc1{solv}{x=0.736400}>,COc1ccccc1,OCCCc1ccccc1,smee-spice2-systematic-torsion-generation_constrained-linear,3,0.9917883174653586,0.0001776578503343,0.9885500000000002,0.00026
37476,2826,dens_274848672468745759,516,Density,<Substance CCCCOC(C)=O{solv}{x=0.293400}|c1ccccc1{solv}{x=0.706600}>,CCCCOC(C)=O,c1ccccc1,smee-spice2-systematic-torsion-generation_constrained-linear,3,0.877418098423903,0.0002631849585592,0.8736600000000002,0.00021
37477,2827,dens_493354132810710227,517,Density,<Substance CCCCOC(C)=O{solv}{x=0.710500}|c1ccccc1{solv}{x=0.289500}>,CCCCOC(C)=O,c1ccccc1,smee-spice2-systematic-torsion-generation_constrained-linear,3,0.8830093928411138,0.0002099924121647,0.8751500000000002,0.000335
37478,2828,dhmix_754807126845437364,518,EnthalpyOfMixing,<Substance CCCCOC(C)=O{solv}{x=0.495800}|c1ccccc1{solv}{x=0.504200}>,CCCCOC(C)=O,c1ccccc1,smee-spice2-systematic-torsion-generation_constrained-linear,3,-0.0771567950342912,0.0405147159561289,-0.0245,0.001
37479,2829,dens_834118541551127044,519,Density,<Substance CCCCOC(C)=O{solv}{x=0.504400}|c1ccccc1{solv}{x=0.495600}>,CCCCOC(C)=O,c1ccccc1,smee-spice2-systematic-torsion-generation_constrained-linear,3,0.8804463431235287,0.0002619397346661,0.8744300000000002,0.000265
37480,2830,dhmix_1349932525480083284,520,EnthalpyOfMixing,<Substance CCCCOC(C)=O{solv}{x=0.252300}|c1ccccc1{solv}{x=0.747700}>,CCCCOC(C)=O,c1ccccc1,smee-spice2-systematic-torsion-generation_constrained-linear,3,-0.0644171638563051,0.0330064563799735,-0.014,0.0009
37481,2831,dhmix_1597992980658352112,521,EnthalpyOfMixing,<Substance CCCCOC(C)=O{solv}{x=0.771400}|c1ccccc1{solv}{x=0.228600}>,CCCCOC(C)=O,c1ccccc1,smee-spice2-systematic-torsion-generation_constrained-linear,3,-0.0888200069436138,0.0491798811777873,-0.0245,0.001
37482,2832,dens_275501958869207518,522,Density,<Substance C1CCOCC1{solv}{x=0.226300}|Cc1ccccc1Cl{solv}{x=0.773700}>,C1CCOCC1,Cc1ccccc1Cl,smee-spice2-systematic-torsion-generation_constrained-linear,3,1.047947049842552,0.0002677543058828,1.0396,0.0005
37483,2833,dhmix_818597523255588519,523,EnthalpyOfMixing,<Substance C1CCOCC1{solv}{x=0.753300}|Cc1ccccc1Cl{solv}{x=0.246700}>,C1CCOCC1,Cc1ccccc1Cl,smee-spice2-systematic-torsion-generation_constrained-linear,3,-0.1998377370629356,0.047784758462782,-0.154,0.001
37484,2834,dhmix_849121557716978550,524,EnthalpyOfMixing,<Substance C1CCOCC1{solv}{x=0.517500}|Cc1ccccc1Cl{solv}{x=0.482500}>,C1CCOCC1,Cc1ccccc1Cl,smee-spice2-systematic-torsion-generation_constrained-linear,3,-0.3101560721821386,0.0345097602652572,-0.22,0.0015
37485,2835,dens_946978292781731327,525,Density,<Substance C1CCOCC1{solv}{x=0.478400}|Cc1ccccc1Cl{solv}{x=0.521600}>,C1CCOCC1,Cc1ccccc1Cl,smee-spice2-systematic-torsion-generation_constrained-linear,3,0.9996371061772834,0.0002043484400987,0.9931600000000002,0.00051
37486,2836,dhmix_997266220336132741,526,EnthalpyOfMixing,<Substance C1CCOCC1{solv}{x=0.263200}|Cc1ccccc1Cl{solv}{x=0.736800}>,C1CCOCC1,Cc1ccccc1Cl,smee-spice2-systematic-torsion-generation_constrained-linear,3,-0.2220465129217927,0.0414128377363488,-0.175,0.001
37487,2837,dens_1191185394819541532,527,Density,<Substance C1CCOCC1{solv}{x=0.765800}|Cc1ccccc1Cl{solv}{x=0.234200}>,C1CCOCC1,Cc1ccccc1Cl,smee-spice2-systematic-torsion-generation_constrained-linear,3,0.9374430006914488,0.0002501048500353,0.9336500000000002,0.000505
37488,2838,dhmix_278334692660393021,528,EnthalpyOfMixing,<Substance CCCCCCC{solv}{x=0.205900}|CNc1ccccc1{solv}{x=0.794100}>,CCCCCCC,CNc1ccccc1,smee-spice2-systematic-torsion-generation_constrained-linear,3,1.5639019071253415,0.0469669850290751,1.126,0.012
37489,2839,dens_480658478095207102,529,Density,<Substance CCCCCCC{solv}{x=0.740500}|CNc1ccccc1{solv}{x=0.259500}>,CCCCCCC,CNc1ccccc1,smee-spice2-systematic-torsion-generation_constrained-linear,3,0.7391618169351284,0.000205156087969,0.7424910000000001,0.00014
37490,2840,dhmix_898293423987680187,530,EnthalpyOfMixing,<Substance CCCCCCC{solv}{x=0.501700}|CNc1ccccc1{solv}{x=0.498300}>,CCCCCCC,CNc1ccccc1,smee-spice2-systematic-torsion-generation_constrained-linear,3,2.1736760613136568,0.0514128166469025,1.676,0.018
37491,2841,dens_1509968737377061562,531,Density,<Substance CCCCCCC{solv}{x=0.250900}|CNc1ccccc1{solv}{x=0.749100}>,CCCCCCC,CNc1ccccc1,smee-spice2-systematic-torsion-generation_constrained-linear,3,0.8984242644549618,0.0002312785055303,0.8897150000000003,0.0002615
37492,2842,dhmix_1680546488782143957,532,EnthalpyOfMixing,<Substance CCCCCCC{solv}{x=0.703200}|CNc1ccccc1{solv}{x=0.296800}>,CCCCCCC,CNc1ccccc1,smee-spice2-systematic-torsion-generation_constrained-linear,3,1.9232159584502424,0.0481651990949632,1.539,0.0165
37493,2843,dens_2074014246120135820,533,Density,<Substance CCCCCCC{solv}{x=0.497000}|CNc1ccccc1{solv}{x=0.503000}>,CCCCCCC,CNc1ccccc1,smee-spice2-systematic-torsion-generation_constrained-linear,3,0.8124991567201519,0.000143523676943,0.8106920000000002,0.0001785
37494,2844,dens_296890921001565391,534,Density,<Substance CCCCN{solv}{x=0.755200}|CN(C)C=O{solv}{x=0.244800}>,CCCCN,CN(C)C=O,smee-spice2-systematic-torsion-generation_constrained-linear,3,0.799422462328111,0.0002536257276755,0.7762150000000002,0.000949
37495,2845,dens_380536870617309130,535,Density,<Substance CCCCN{solv}{x=0.242800}|CN(C)C=O{solv}{x=0.757200}>,CCCCN,CN(C)C=O,smee-spice2-systematic-torsion-generation_constrained-linear,3,0.8823912379887018,0.0002578909179109,0.8845160000000002,0.0010795
37496,2846,dhmix_493117160214491795,536,EnthalpyOfMixing,<Substance CCCCN{solv}{x=0.244100}|CN(C)C=O{solv}{x=0.755900}>,CCCCN,CN(C)C=O,smee-spice2-systematic-torsion-generation_constrained-linear,3,0.1225665729035512,0.0427002988406127,0.245,0.008
37497,2847,dhmix_789225002934078019,537,EnthalpyOfMixing,<Substance CCCCN{solv}{x=0.750200}|CN(C)C=O{solv}{x=0.249800}>,CCCCN,CN(C)C=O,smee-spice2-systematic-torsion-generation_constrained-linear,3,0.1655794809285709,0.0440282422135319,0.32,0.01
37498,2848,dhmix_941321571782058819,538,EnthalpyOfMixing,<Substance CCCCN{solv}{x=0.499200}|CN(C)C=O{solv}{x=0.500800}>,CCCCN,CN(C)C=O,smee-spice2-systematic-torsion-generation_constrained-linear,3,0.2049080853737948,0.0443426027449366,0.384,0.0115
37499,2849,dens_2179361372918836941,539,Density,<Substance CCCCN{solv}{x=0.497200}|CN(C)C=O{solv}{x=0.502800}>,CCCCN,CN(C)C=O,smee-spice2-systematic-torsion-generation_constrained-linear,3,0.8400617074183891,0.0002444150717693,0.8277360000000001,0.001011
37500,2850,dens_300257448272323407,540,Density,<Substance CC(C)O{solv}{x=0.745200}|NCCN{solv}{x=0.254800}>,CC(C)O,NCCN,smee-spice2-systematic-torsion-generation_constrained-linear,3,0.8570067341451563,0.0002194854778544,0.8163970000000003,0.0002325
37501,2851,dens_924750366683277351,541,Density,<Substance CC(C)O{solv}{x=0.203100}|NCCN{solv}{x=0.796900}>,CC(C)O,NCCN,smee-spice2-systematic-torsion-generation_constrained-linear,3,0.9852585627570368,0.0002371542186556,0.8736620000000003,0.0002225
37502,2852,dens_2284409308160572308,542,Density,<Substance CC(C)O{solv}{x=0.489100}|NCCN{solv}{x=0.510900}>,CC(C)O,NCCN,smee-spice2-systematic-torsion-generation_constrained-linear,3,0.913401986236942,0.0002842888827276,0.8449250000000001,0.0002245
37503,2853,dens_305501840068636812,543,Density,<Substance CC(C)=O{solv}{x=0.750000}|CCO{solv}{x=0.250000}>,CC(C)=O,CCO,smee-spice2-systematic-torsion-generation_constrained-linear,3,0.7737456312648323,0.0002756842425954,0.7859000000000002,0.000115
37504,2854,dens_472577738907297293,544,Density,<Substance CC(C)=O{solv}{x=0.250000}|CCO{solv}{x=0.750000}>,CC(C)=O,CCO,smee-spice2-systematic-torsion-generation_constrained-linear,3,0.7846719222019112,0.0003671075849787,0.7861600000000002,0.000115
37505,2855,dens_2271083741716457850,545,Density,<Substance CC(C)=O{solv}{x=0.499900}|CCO{solv}{x=0.500100}>,CC(C)=O,CCO,smee-spice2-systematic-torsion-generation_constrained-linear,3,0.7782586863871481,0.0003138410392767,0.7861900000000003,0.000115
37506,2856,dens_307445163336341047,546,Density,<Substance CN1CCCC1=O{solv}{x=0.703700}|ClCCCl{solv}{x=0.296300}>,CN1CCCC1=O,ClCCCl,smee-spice2-systematic-torsion-generation_constrained-linear,3,1.0728996804545554,0.0002449850813324,1.0851000000000002,0.0002
37507,2857,dhmix_453866769634566853,547,EnthalpyOfMixing,<Substance CN1CCCC1=O{solv}{x=0.253100}|ClCCCl{solv}{x=0.746900}>,CN1CCCC1=O,ClCCCl,smee-spice2-systematic-torsion-generation_constrained-linear,3,-0.5588700788673719,0.0322076955163472,-0.8118,0.01525
37508,2858,dhmix_536206650470008584,548,EnthalpyOfMixing,<Substance CN1CCCC1=O{solv}{x=0.500000}|ClCCCl{solv}{x=0.500000}>,CN1CCCC1=O,ClCCCl,smee-spice2-systematic-torsion-generation_constrained-linear,3,-0.696402792065055,0.0367204556232635,-1.264,0.0055
37509,2859,dens_1046625605566999080,549,Density,<Substance CN1CCCC1=O{solv}{x=0.202500}|ClCCCl{solv}{x=0.797500}>,CN1CCCC1=O,ClCCCl,smee-spice2-systematic-torsion-generation_constrained-linear,3,1.1859210065282615,0.0003434442830333,1.1953000000000005,0.00025
37510,2860,dhmix_1620571823529677157,550,EnthalpyOfMixing,<Substance CN1CCCC1=O{solv}{x=0.736700}|ClCCCl{solv}{x=0.263300}>,CN1CCCC1=O,ClCCCl,smee-spice2-systematic-torsion-generation_constrained-linear,3,-0.4548900061036534,0.0365849348238269,-0.8587,0.01605
37511,2861,dens_2059567022041766694,551,Density,<Substance CN1CCCC1=O{solv}{x=0.497500}|ClCCCl{solv}{x=0.502500}>,CN1CCCC1=O,ClCCCl,smee-spice2-systematic-torsion-generation_constrained-linear,3,1.118919623915073,0.00027100161514,1.1283000000000003,0.0002
37512,2862,dens_313234519309892479,552,Density,<Substance CC(=O)N(C)C{solv}{x=0.293800}|CCCCCCCCCl{solv}{x=0.706200}>,CC(=O)N(C)C,CCCCCCCCCl,smee-spice2-systematic-torsion-generation_constrained-linear,3,0.8747069548676372,0.0002008722644968,0.8796000000000003,0.00045
37513,2863,dhmix_444785917463403590,553,EnthalpyOfMixing,<Substance CC(=O)N(C)C{solv}{x=0.703000}|CCCCCCCCCl{solv}{x=0.297000}>,CC(=O)N(C)C,CCCCCCCCCl,smee-spice2-systematic-torsion-generation_constrained-linear,3,0.8418855430259953,0.0391835300460688,0.751,0.004
37514,2864,dhmix_705168937124106402,554,EnthalpyOfMixing,<Substance CC(=O)N(C)C{solv}{x=0.215000}|CCCCCCCCCl{solv}{x=0.785000}>,CC(=O)N(C)C,CCCCCCCCCl,smee-spice2-systematic-torsion-generation_constrained-linear,3,0.6708321113994629,0.0596839828584896,0.519,0.0035
37515,2865,dens_1549584991651515376,555,Density,<Substance CC(=O)N(C)C{solv}{x=0.502200}|CCCCCCCCCl{solv}{x=0.497800}>,CC(=O)N(C)C,CCCCCCCCCl,smee-spice2-systematic-torsion-generation_constrained-linear,3,0.8805464620667843,0.0002202952242872,0.8902000000000002,0.0004
37516,2866,dhmix_1732161251827083272,556,EnthalpyOfMixing,<Substance CC(=O)N(C)C{solv}{x=0.508000}|CCCCCCCCCl{solv}{x=0.492000}>,CC(=O)N(C)C,CCCCCCCCCl,smee-spice2-systematic-torsion-generation_constrained-linear,3,0.9307016518986851,0.0486316484092036,0.829,0.004
37517,2867,dens_2189889607118243828,557,Density,<Substance CC(=O)N(C)C{solv}{x=0.700500}|CCCCCCCCCl{solv}{x=0.299500}>,CC(=O)N(C)C,CCCCCCCCCl,smee-spice2-systematic-torsion-generation_constrained-linear,3,0.8876316546493591,0.0002121826425221,0.9041000000000002,0.00035
37518,2868,dens_314482396827660717,558,Density,<Substance BrCCBr{solv}{x=0.753700}|COC(C)=O{solv}{x=0.246300}>,BrCCBr,COC(C)=O,smee-spice2-systematic-torsion-generation_constrained-linear,3,1.8443263534547223,0.000571566146647,1.8774400000000004,0.003355
37519,2869,dens_344993892965738820,559,Density,<Substance BrCCBr{solv}{x=0.275200}|COC(C)=O{solv}{x=0.724800}>,BrCCBr,COC(C)=O,smee-spice2-systematic-torsion-generation_constrained-linear,3,1.2883683839886273,0.000393484024828,1.2862400000000005,0.001125
37520,2870,dhmix_545996968666061076,560,EnthalpyOfMixing,<Substance BrCCBr{solv}{x=0.720900}|COC(C)=O{solv}{x=0.279100}>,BrCCBr,COC(C)=O,smee-spice2-systematic-torsion-generation_constrained-linear,3,0.1394368256633242,0.0343970790370177,0.2594,0.0028
37521,2871,dens_714044009336077786,561,Density,<Substance BrCCBr{solv}{x=0.512100}|COC(C)=O{solv}{x=0.487900}>,BrCCBr,COC(C)=O,smee-spice2-systematic-torsion-generation_constrained-linear,3,1.571816687062983,0.0003701481367589,1.5834900000000005,0.0021
37522,2872,dhmix_1222511035002547253,562,EnthalpyOfMixing,<Substance BrCCBr{solv}{x=0.485500}|COC(C)=O{solv}{x=0.514500}>,BrCCBr,COC(C)=O,smee-spice2-systematic-torsion-generation_constrained-linear,3,0.1638383436183303,0.0337171006728857,0.2577,0.00275
37523,2873,dhmix_1418101673429653456,563,EnthalpyOfMixing,<Substance BrCCBr{solv}{x=0.250800}|COC(C)=O{solv}{x=0.749200}>,BrCCBr,COC(C)=O,smee-spice2-systematic-torsion-generation_constrained-linear,3,0.1061962444425148,0.0306600653933109,0.1202,0.0017
37524,2874,dens_314934747194338330,564,Density,<Substance CC(C)CCl{solv}{x=0.513700}|CC(C)OC(C)C{solv}{x=0.486300}>,CC(C)CCl,CC(C)OC(C)C,smee-spice2-systematic-torsion-generation_constrained-linear,3,0.8017265787183434,0.0002594103395737,0.7878250000000002,0.000405
37525,2875,dhmix_355399496844187096,565,EnthalpyOfMixing,<Substance CC(C)CCl{solv}{x=0.545300}|CC(C)OC(C)C{solv}{x=0.454700}>,CC(C)CCl,CC(C)OC(C)C,smee-spice2-systematic-torsion-generation_constrained-linear,3,-0.1300841177876179,0.0419323039798654,-0.0957,0.0012
37526,2876,dens_688062365117407068,566,Density,<Substance CC(C)CCl{solv}{x=0.805900}|CC(C)OC(C)C{solv}{x=0.194100}>,CC(C)CCl,CC(C)OC(C)C,smee-spice2-systematic-torsion-generation_constrained-linear,3,0.8420823615022516,0.0002987894536757,0.8355300000000002,0.0003555
37527,2877,dhmix_1411881046585885461,567,EnthalpyOfMixing,<Substance CC(C)CCl{solv}{x=0.090700}|CC(C)OC(C)C{solv}{x=0.909300}>,CC(C)CCl,CC(C)OC(C)C,smee-spice2-systematic-torsion-generation_constrained-linear,3,-0.1047446233849171,0.0531638221544822,-0.0302,0.00055
37528,2878,dens_1762455266351712367,568,Density,<Substance CC(C)CCl{solv}{x=0.091000}|CC(C)OC(C)C{solv}{x=0.909000}>,CC(C)CCl,CC(C)OC(C)C,smee-spice2-systematic-torsion-generation_constrained-linear,3,0.7520960017676385,0.0002261897221127,0.7293950000000001,0.000464
37529,2879,dhmix_2302865667781063708,569,EnthalpyOfMixing,<Substance CC(C)CCl{solv}{x=0.727000}|CC(C)OC(C)C{solv}{x=0.273000}>,CC(C)CCl,CC(C)OC(C)C,smee-spice2-systematic-torsion-generation_constrained-linear,3,-0.1373155919273188,0.042983641074422,-0.0791,0.001
37530,2880,dens_321327254341950207,570,Density,<Substance C1COCCO1{solv}{x=0.780300}|CCCCCC(C)=O{solv}{x=0.219700}>,C1COCCO1,CCCCCC(C)=O,smee-spice2-systematic-torsion-generation_constrained-linear,3,0.9648854184394166,0.0002309971871939,0.9576500000000002,0.0003
37531,2881,dens_377701756930918353,571,Density,<Substance C1COCCO1{solv}{x=0.500600}|CCCCCC(C)=O{solv}{x=0.499400}>,C1COCCO1,CCCCCC(C)=O,smee-spice2-systematic-torsion-generation_constrained-linear,3,0.8919545516925049,0.0002187519293593,0.8916700000000002,0.000345
37532,2882,dhmix_600625644134907580,572,EnthalpyOfMixing,<Substance C1COCCO1{solv}{x=0.500000}|CCCCCC(C)=O{solv}{x=0.500000}>,C1COCCO1,CCCCCC(C)=O,smee-spice2-systematic-torsion-generation_constrained-linear,3,0.5342695506707145,0.0446626435439526,0.4509,0.002255
37533,2883,dens_1451069448215305244,573,Density,<Substance C1COCCO1{solv}{x=0.220300}|CCCCCC(C)=O{solv}{x=0.779700}>,C1COCCO1,CCCCCC(C)=O,smee-spice2-systematic-torsion-generation_constrained-linear,3,0.8368551784764962,0.0002242863421924,0.8420800000000003,0.000385
37534,2884,dhmix_2028813035406256788,574,EnthalpyOfMixing,<Substance C1COCCO1{solv}{x=0.750000}|CCCCCC(C)=O{solv}{x=0.250000}>,C1COCCO1,CCCCCC(C)=O,smee-spice2-systematic-torsion-generation_constrained-linear,3,0.5213059232038688,0.0444271476747529,0.4064,0.00209
37535,2885,dhmix_2222211577832383320,575,EnthalpyOfMixing,<Substance C1COCCO1{solv}{x=0.250000}|CCCCCC(C)=O{solv}{x=0.750000}>,C1COCCO1,CCCCCC(C)=O,smee-spice2-systematic-torsion-generation_constrained-linear,3,0.3083338333187484,0.0529082811111394,0.2911,0.00164
37536,2886,dhmix_325212618372456630,576,EnthalpyOfMixing,<Substance CCCCCCC{solv}{x=0.500000}|c1ccccc1{solv}{x=0.500000}>,CCCCCCC,c1ccccc1,smee-spice2-systematic-torsion-generation_constrained-linear,3,1.1023721682624623,0.0434545018007661,0.9235,0.0051
37537,2887,dhmix_409350268177199962,577,EnthalpyOfMixing,<Substance CCCCCCC{solv}{x=0.751900}|c1ccccc1{solv}{x=0.248100}>,CCCCCCC,c1ccccc1,smee-spice2-systematic-torsion-generation_constrained-linear,3,0.7248919815287991,0.0471394952186468,0.6047,0.0035
37538,2888,dens_1685942387769177799,578,Density,<Substance CCCCCCC{solv}{x=0.913667}|c1ccccc1{solv}{x=0.086333}>,CCCCCCC,c1ccccc1,smee-spice2-systematic-torsion-generation_constrained-linear,3,0.6836625714883121,0.0002066911602506,0.6892400000000002,0.000805
37539,2889,dens_2148382258223830900,579,Density,<Substance CCCCCCC{solv}{x=0.273700}|c1ccccc1{solv}{x=0.726300}>,CCCCCCC,c1ccccc1,smee-spice2-systematic-torsion-generation_constrained-linear,3,0.7800058758029258,0.0002579734258454,0.7855000000000002,0.00015
37540,2890,dens_2219829254239605828,580,Density,<Substance CCCCCCC{solv}{x=0.492200}|c1ccccc1{solv}{x=0.507800}>,CCCCCCC,c1ccccc1,smee-spice2-systematic-torsion-generation_constrained-linear,3,0.7339465354082695,0.000270432562193,0.7409000000000001,0.00015
37541,2891,dhmix_2296565820723783732,581,EnthalpyOfMixing,<Substance CCCCCCC{solv}{x=0.242400}|c1ccccc1{solv}{x=0.757600}>,CCCCCCC,c1ccccc1,smee-spice2-systematic-torsion-generation_constrained-linear,3,1.0350521660311358,0.0402127304209073,0.7775,0.0044
37542,2892,dens_326446104630354701,582,Density,<Substance BrCCBr{solv}{x=0.728600}|CCC(=O)OC{solv}{x=0.271400}>,BrCCBr,CCC(=O)OC,smee-spice2-systematic-torsion-generation_constrained-linear,3,1.7647041400353645,0.0005321834286174,1.7949900000000003,0.00303
37543,2893,dens_886315086380393150,583,Density,<Substance BrCCBr{solv}{x=0.494400}|CCC(=O)OC{solv}{x=0.505600}>,BrCCBr,CCC(=O)OC,smee-spice2-systematic-torsion-generation_constrained-linear,3,1.4801602395261488,0.000385285754848,1.4941800000000005,0.001825
37544,2894,dhmix_1410129135672303476,584,EnthalpyOfMixing,<Substance BrCCBr{solv}{x=0.491400}|CCC(=O)OC{solv}{x=0.508600}>,BrCCBr,CCC(=O)OC,smee-spice2-systematic-torsion-generation_constrained-linear,3,-0.1618087662034457,0.0373224656594254,0.0195,0.00185
37545,2895,dhmix_1551714230583118668,585,EnthalpyOfMixing,<Substance BrCCBr{solv}{x=0.755400}|CCC(=O)OC{solv}{x=0.244600}>,BrCCBr,CCC(=O)OC,smee-spice2-systematic-torsion-generation_constrained-linear,3,-0.0190072995861783,0.0316996741257131,0.09,0.00295
37546,2896,dhmix_1596310059176209101,586,EnthalpyOfMixing,<Substance BrCCBr{solv}{x=0.214800}|CCC(=O)OC{solv}{x=0.785200}>,BrCCBr,CCC(=O)OC,smee-spice2-systematic-torsion-generation_constrained-linear,3,-0.0735635469055964,0.0396538219671322,-0.0281,0.002
37547,2897,dens_1860027304017736150,587,Density,<Substance BrCCBr{solv}{x=0.257000}|CCC(=O)OC{solv}{x=0.743000}>,BrCCBr,CCC(=O)OC,smee-spice2-systematic-torsion-generation_constrained-linear,3,1.2019004887041982,0.0003726472648931,1.2059400000000002,0.000915
37548,2898,dhmix_334328961632702336,588,EnthalpyOfMixing,<Substance Cc1ccccc1N{solv}{x=0.492600}|Cc1cccnc1{solv}{x=0.507400}>,Cc1ccccc1N,Cc1cccnc1,smee-spice2-systematic-torsion-generation_constrained-linear,3,-1.093050653456456,0.0450027545299208,-1.4091,0.0287
37549,2899,dhmix_382843935535082222,589,EnthalpyOfMixing,<Substance Cc1ccccc1N{solv}{x=0.232300}|Cc1cccnc1{solv}{x=0.767700}>,Cc1ccccc1N,Cc1cccnc1,smee-spice2-systematic-torsion-generation_constrained-linear,3,-0.9238481767382332,0.0450742551293918,-1.1196,0.02285
37550,2900,dens_890019852111400701,590,Density,<Substance Cc1ccccc1N{solv}{x=0.533600}|Cc1cccnc1{solv}{x=0.466400}>,Cc1ccccc1N,Cc1cccnc1,smee-spice2-systematic-torsion-generation_constrained-linear,3,1.0006535319087044,0.0001817831547921,0.9795770000000004,0.0001185
37551,2901,dens_1033313642915027277,591,Density,<Substance Cc1ccccc1N{solv}{x=0.737200}|Cc1cccnc1{solv}{x=0.262800}>,Cc1ccccc1N,Cc1cccnc1,smee-spice2-systematic-torsion-generation_constrained-linear,3,1.0142889087305835,0.000221290117022,0.9867010000000004,0.000118
37552,2902,dhmix_1057104304179164775,592,EnthalpyOfMixing,<Substance Cc1ccccc1N{solv}{x=0.778900}|Cc1cccnc1{solv}{x=0.221100}>,Cc1ccccc1N,Cc1cccnc1,smee-spice2-systematic-torsion-generation_constrained-linear,3,-0.607862410144774,0.0526431448604037,-0.8735,0.01785
37553,2903,dens_1445313714023685702,593,Density,<Substance Cc1ccccc1N{solv}{x=0.246700}|Cc1cccnc1{solv}{x=0.753300}>,Cc1ccccc1N,Cc1cccnc1,smee-spice2-systematic-torsion-generation_constrained-linear,3,0.9789442713126998,0.0001660096290077,0.9668750000000004,0.00012
37554,2904,dens_335631113096608920,594,Density,<Substance CCC(C)=O{solv}{x=0.501800}|CCCCNCCCC{solv}{x=0.498200}>,CCC(C)=O,CCCCNCCCC,smee-spice2-systematic-torsion-generation_constrained-linear,3,0.7709177915947887,0.0001881178574111,0.7693960000000002,9.950000000000003e-05
37555,2905,dhmix_551451232292287572,595,EnthalpyOfMixing,<Substance CCC(C)=O{solv}{x=0.215400}|CCCCNCCCC{solv}{x=0.784600}>,CCC(C)=O,CCCCNCCCC,smee-spice2-systematic-torsion-generation_constrained-linear,3,0.139947664406236,0.0557157471233707,0.417,0.0045
37556,2906,dens_800787154192710377,596,Density,<Substance CCC(C)=O{solv}{x=0.260300}|CCCCNCCCC{solv}{x=0.739700}>,CCC(C)=O,CCCCNCCCC,smee-spice2-systematic-torsion-generation_constrained-linear,3,0.7684778674929743,0.0001902267647414,0.7614750000000002,0.0001005
37557,2907,dhmix_1210431916849512476,597,EnthalpyOfMixing,<Substance CCC(C)=O{solv}{x=0.504400}|CCCCNCCCC{solv}{x=0.495600}>,CCC(C)=O,CCCCNCCCC,smee-spice2-systematic-torsion-generation_constrained-linear,3,0.1815105983932099,0.0513684246998534,0.619,0.0065
37558,2908,dhmix_1503682496766473076,598,EnthalpyOfMixing,<Substance CCC(C)=O{solv}{x=0.792200}|CCCCNCCCC{solv}{x=0.207800}>,CCC(C)=O,CCCCNCCCC,smee-spice2-systematic-torsion-generation_constrained-linear,3,0.0932888977397539,0.0437262592479643,0.425,0.0045
37559,2909,dens_2232561341275312196,599,Density,<Substance CCC(C)=O{solv}{x=0.747300}|CCCCNCCCC{solv}{x=0.252700}>,CCC(C)=O,CCCCNCCCC,smee-spice2-systematic-torsion-generation_constrained-linear,3,0.7747719379266872,0.0002341468572301,0.7810500000000001,9.750000000000004e-05
37560,2910,dhmix_335934546122425398,600,EnthalpyOfMixing,<Substance C1CCOCC1{solv}{x=0.550000}|O=C1CCCC1{solv}{x=0.450000}>,C1CCOCC1,O=C1CCCC1,smee-spice2-systematic-torsion-generation_constrained-linear,3,0.0816867827642369,0.0426530019850017,0.15813,0.001
37561,2911,dhmix_337659115721770978,601,EnthalpyOfMixing,<Substance C1CCOCC1{solv}{x=0.250000}|O=C1CCCC1{solv}{x=0.750000}>,C1CCOCC1,O=C1CCCC1,smee-spice2-systematic-torsion-generation_constrained-linear,3,0.0521805783369071,0.0387069854572959,0.11325,0.00084
37562,2912,dens_579415285212890284,602,Density,<Substance C1CCOCC1{solv}{x=0.708000}|O=C1CCCC1{solv}{x=0.292000}>,C1CCOCC1,O=C1CCCC1,smee-spice2-systematic-torsion-generation_constrained-linear,3,0.8923798325153719,0.000171754298516,0.8972200000000002,0.00023
37563,2913,dens_788777315764582180,603,Density,<Substance C1CCOCC1{solv}{x=0.549800}|O=C1CCCC1{solv}{x=0.450200}>,C1CCOCC1,O=C1CCCC1,smee-spice2-systematic-torsion-generation_constrained-linear,3,0.8985606616832262,0.0002607683885343,0.9073000000000002,0.000235
37564,2914,dens_1539654406736576807,604,Density,<Substance C1CCOCC1{solv}{x=0.235400}|O=C1CCCC1{solv}{x=0.764600}>,C1CCOCC1,O=C1CCCC1,smee-spice2-systematic-torsion-generation_constrained-linear,3,0.9114938485342268,0.0002487795272738,0.9281000000000004,0.00024
37565,2915,dhmix_1706969020375394315,605,EnthalpyOfMixing,<Substance C1CCOCC1{solv}{x=0.750000}|O=C1CCCC1{solv}{x=0.250000}>,C1CCOCC1,O=C1CCCC1,smee-spice2-systematic-torsion-generation_constrained-linear,3,-0.0063445008173204,0.0431695247132438,0.12811,0.000895
37566,2916,dens_337077748334497354,606,Density,<Substance CN1CCCCC1{solv}{x=0.245200}|O{solv}{x=0.754800}>,CN1CCCCC1,O,smee-spice2-systematic-torsion-generation_constrained-linear,3,0.8997378881925012,0.0003264675300145,0.9038110000000004,9.700000000000004e-05
37567,2917,dens_1619467922469494964,607,Density,<Substance CN1CCCCC1{solv}{x=0.790700}|O{solv}{x=0.209300}>,CN1CCCCC1,O,smee-spice2-systematic-torsion-generation_constrained-linear,3,0.8554679182106731,0.0002141004824877,0.8260470000000002,0.000108
37568,2918,dens_1725290505257505407,608,Density,<Substance CN1CCCCC1{solv}{x=0.505000}|O{solv}{x=0.495000}>,CN1CCCCC1,O,smee-spice2-systematic-torsion-generation_constrained-linear,3,0.8735298753648404,0.0002940949852306,0.8581580000000002,9.450000000000002e-05
37569,2919,dhmix_344305070199657817,609,EnthalpyOfMixing,<Substance CC(C)CC(C)(C)C{solv}{x=0.200300}|CCCO{solv}{x=0.799700}>,CC(C)CC(C)(C)C,CCCO,smee-spice2-systematic-torsion-generation_constrained-linear,3,0.4984738923488123,0.0368833270437173,0.308,0.0055
37570,2920,dens_1020839744665732433,610,Density,<Substance CC(C)CC(C)(C)C{solv}{x=0.200100}|CCCO{solv}{x=0.799900}>,CC(C)CC(C)(C)C,CCCO,smee-spice2-systematic-torsion-generation_constrained-linear,3,0.7682764235679468,0.0002449351111753,0.7589500000000002,0.00029
37571,2921,dens_1348847431810734601,611,Density,<Substance CC(C)CC(C)(C)C{solv}{x=0.700000}|CCCO{solv}{x=0.300000}>,CC(C)CC(C)(C)C,CCCO,smee-spice2-systematic-torsion-generation_constrained-linear,3,0.7242014301355129,0.0001490389043891,0.7046500000000001,0.00028
37572,2922,dhmix_1376194238727172922,612,EnthalpyOfMixing,<Substance CC(C)CC(C)(C)C{solv}{x=0.499800}|CCCO{solv}{x=0.500200}>,CC(C)CC(C)(C)C,CCCO,smee-spice2-systematic-torsion-generation_constrained-linear,3,0.7654593814475419,0.0455559549122915,0.6025,0.0027
37573,2923,dhmix_1868873434415785592,613,EnthalpyOfMixing,<Substance CC(C)CC(C)(C)C{solv}{x=0.699900}|CCCO{solv}{x=0.300100}>,CC(C)CC(C)(C)C,CCCO,smee-spice2-systematic-torsion-generation_constrained-linear,3,0.8327602590259175,0.048704770660279,0.6544,0.0029
37574,2924,dens_1870552320710773195,614,Density,<Substance CC(C)CC(C)(C)C{solv}{x=0.500000}|CCCO{solv}{x=0.500000}>,CC(C)CC(C)(C)C,CCCO,smee-spice2-systematic-torsion-generation_constrained-linear,3,0.7372893471416075,0.0002090879018193,0.7214400000000002,0.00028
37575,2925,dens_344701479262570906,615,Density,<Substance C1CCOCC1{solv}{x=0.246100}|Cc1cccnc1{solv}{x=0.753900}>,C1CCOCC1,Cc1cccnc1,smee-spice2-systematic-torsion-generation_constrained-linear,3,0.9386638883509072,0.0002188644873822,0.9348570000000002,0.0004915
37576,2926,dhmix_772935681699310364,616,EnthalpyOfMixing,<Substance C1CCOCC1{solv}{x=0.480300}|Cc1cccnc1{solv}{x=0.519700}>,C1CCOCC1,Cc1cccnc1,smee-spice2-systematic-torsion-generation_constrained-linear,3,0.0032219009468121,0.0416710947158866,0.1271,0.00115
37577,2927,dens_1179184695460672925,617,Density,<Substance C1CCOCC1{solv}{x=0.756800}|Cc1cccnc1{solv}{x=0.243200}>,C1CCOCC1,Cc1cccnc1,smee-spice2-systematic-torsion-generation_constrained-linear,3,0.8997686626119171,0.0002305220044129,0.8976640000000002,0.0004655
37578,2928,dens_1273033541520518804,618,Density,<Substance C1CCOCC1{solv}{x=0.482700}|Cc1cccnc1{solv}{x=0.517300}>,C1CCOCC1,Cc1cccnc1,smee-spice2-systematic-torsion-generation_constrained-linear,3,0.9208964090833897,0.0002258937917103,0.9179640000000002,0.00048
37579,2929,dhmix_1594947441282636711,619,EnthalpyOfMixing,<Substance C1CCOCC1{solv}{x=0.735500}|Cc1cccnc1{solv}{x=0.264500}>,C1CCOCC1,Cc1cccnc1,smee-spice2-systematic-torsion-generation_constrained-linear,3,0.0004006852854558,0.0397865270572537,0.0924,0.00095
37580,2930,dhmix_2075643137470349800,620,EnthalpyOfMixing,<Substance C1CCOCC1{solv}{x=0.273200}|Cc1cccnc1{solv}{x=0.726800}>,C1CCOCC1,Cc1cccnc1,smee-spice2-systematic-torsion-generation_constrained-linear,3,0.0851025860425949,0.0345174513141438,0.1036,0.001
37581,2931,dhmix_346841872844739570,621,EnthalpyOfMixing,<Substance CC#N{solv}{x=0.700700}|CCOC(C)(C)C{solv}{x=0.299300}>,CC#N,CCOC(C)(C)C,smee-spice2-systematic-torsion-generation_constrained-linear,3,0.2706725298935879,0.0318808795530368,0.6176,0.0084
37582,2932,dhmix_840136828933604757,622,EnthalpyOfMixing,<Substance CC#N{solv}{x=0.199000}|CCOC(C)(C)C{solv}{x=0.801000}>,CC#N,CCOC(C)(C)C,smee-spice2-systematic-torsion-generation_constrained-linear,3,0.1967242476418604,0.0468300741256776,0.4418,0.006
37583,2933,dhmix_1934525864391020215,623,EnthalpyOfMixing,<Substance CC#N{solv}{x=0.501600}|CCOC(C)(C)C{solv}{x=0.498400}>,CC#N,CCOC(C)(C)C,smee-spice2-systematic-torsion-generation_constrained-linear,3,0.2827110849292111,0.0339123260175823,0.7098,0.00965
37584,2934,dens_1954735606040559695,624,Density,<Substance CC#N{solv}{x=0.700700}|CCOC(C)(C)C{solv}{x=0.299300}>,CC#N,CCOC(C)(C)C,smee-spice2-systematic-torsion-generation_constrained-linear,3,0.7712665319666528,0.0002510419057655,0.7595000000000002,0.00045
37585,2935,dens_2173310521496796694,625,Density,<Substance CC#N{solv}{x=0.501600}|CCOC(C)(C)C{solv}{x=0.498400}>,CC#N,CCOC(C)(C)C,smee-spice2-systematic-torsion-generation_constrained-linear,3,0.7667966854756838,0.0002511817893843,0.7510000000000002,0.00035
37586,2936,dens_2235331649530959984,626,Density,<Substance CC#N{solv}{x=0.199000}|CCOC(C)(C)C{solv}{x=0.801000}>,CC#N,CCOC(C)(C)C,smee-spice2-systematic-torsion-generation_constrained-linear,3,0.7609120804337322,0.0002244799621882,0.7408000000000001,0.00015
37587,2937,dhmix_355078149157572999,627,EnthalpyOfMixing,<Substance OCCOCCO{solv}{x=0.790600}|O{solv}{x=0.209400}>,O,OCCOCCO,smee-spice2-systematic-torsion-generation_constrained-linear,3,-0.204432007916381,0.0544951139375869,-0.521,0.003
37588,2938,dhmix_514261244195159379,628,EnthalpyOfMixing,<Substance OCCOCCO{solv}{x=0.300400}|O{solv}{x=0.699600}>,O,OCCOCCO,smee-spice2-systematic-torsion-generation_constrained-linear,3,-0.0614650078061487,0.0331191478014347,-1.245,0.0065
37589,2939,dhmix_1512634639127890343,629,EnthalpyOfMixing,<Substance OCCOCCO{solv}{x=0.501000}|O{solv}{x=0.499000}>,O,OCCOCCO,smee-spice2-systematic-torsion-generation_constrained-linear,3,-0.2708753369606427,0.0351572041668511,-1.149,0.0065
37590,2940,dens_1532732041743097130,630,Density,<Substance OCCOCCO{solv}{x=0.500600}|O{solv}{x=0.499400}>,O,OCCOCCO,smee-spice2-systematic-torsion-generation_constrained-linear,3,1.111856200968551,0.0002304714572067,1.1070700000000002,0.00026
37591,2941,dens_1948924545926470959,631,Density,<Substance OCCOCCO{solv}{x=0.700300}|O{solv}{x=0.299700}>,O,OCCOCCO,smee-spice2-systematic-torsion-generation_constrained-linear,3,1.122038669113494,0.0002968123725373,1.1111900000000003,0.000285
37592,2942,dens_2114974877291939954,632,Density,<Substance OCCOCCO{solv}{x=0.301000}|O{solv}{x=0.699000}>,O,OCCOCCO,smee-spice2-systematic-torsion-generation_constrained-linear,3,1.0916049850106493,0.0002825065412254,1.0958900000000005,0.000305
37593,2943,dhmix_355690558520209737,633,EnthalpyOfMixing,<Substance CC(C)CC(C)(C)C{solv}{x=0.774800}|CC(C)OC(C)C{solv}{x=0.225200}>,CC(C)CC(C)(C)C,CC(C)OC(C)C,smee-spice2-systematic-torsion-generation_constrained-linear,3,0.3472218326915595,0.0491123599937483,0.132161,0.001556
37594,2944,dens_706481868145479619,634,Density,<Substance CC(C)CC(C)(C)C{solv}{x=0.250000}|CC(C)OC(C)C{solv}{x=0.750000}>,CC(C)CC(C)(C)C,CC(C)OC(C)C,smee-spice2-systematic-torsion-generation_constrained-linear,3,0.7324634103245933,0.0002158248694802,0.7090800000000002,0.000155
37595,2945,dens_960755156711549154,635,Density,<Substance CC(C)CC(C)(C)C{solv}{x=0.750000}|CC(C)OC(C)C{solv}{x=0.250000}>,CC(C)CC(C)(C)C,CC(C)OC(C)C,smee-spice2-systematic-torsion-generation_constrained-linear,3,0.7169855425418353,0.0001777357622284,0.6937500000000002,0.000155
37596,2946,dens_1165117582450092341,636,Density,<Substance CC(C)CC(C)(C)C{solv}{x=0.500900}|CC(C)OC(C)C{solv}{x=0.499100}>,CC(C)CC(C)(C)C,CC(C)OC(C)C,smee-spice2-systematic-torsion-generation_constrained-linear,3,0.723596027675504,0.0002222832199144,0.7005900000000002,0.000105
37597,2947,dhmix_1819714300540494359,637,EnthalpyOfMixing,<Substance CC(C)CC(C)(C)C{solv}{x=0.512500}|CC(C)OC(C)C{solv}{x=0.487500}>,CC(C)CC(C)(C)C,CC(C)OC(C)C,smee-spice2-systematic-torsion-generation_constrained-linear,3,0.3841165098667574,0.0483242475356046,0.197047,0.002233
37598,2948,dhmix_2031984064821599856,638,EnthalpyOfMixing,<Substance CC(C)CC(C)(C)C{solv}{x=0.269300}|CC(C)OC(C)C{solv}{x=0.730700}>,CC(C)CC(C)(C)C,CC(C)OC(C)C,smee-spice2-systematic-torsion-generation_constrained-linear,3,0.3985325478060844,0.0491403546129557,0.158983,0.0018345
37599,2949,dens_357198687829738077,639,Density,<Substance C1CCOCC1{solv}{x=0.223500}|CCCCCC(C)=O{solv}{x=0.776500}>,C1CCOCC1,CCCCCC(C)=O,smee-spice2-systematic-torsion-generation_constrained-linear,3,0.8143601696992685,0.0001327075229077,0.8221200000000002,0.000375
37600,2950,dens_1074719884132299485,640,Density,<Substance C1CCOCC1{solv}{x=0.516600}|CCCCCC(C)=O{solv}{x=0.483400}>,C1CCOCC1,CCCCCC(C)=O,smee-spice2-systematic-torsion-generation_constrained-linear,3,0.8341925201990423,0.0002482914998701,0.8396100000000002,0.00032
37601,2951,dens_1427208283653313137,641,Density,<Substance C1CCOCC1{solv}{x=0.710100}|CCCCCC(C)=O{solv}{x=0.289900}>,C1CCOCC1,CCCCCC(C)=O,smee-spice2-systematic-torsion-generation_constrained-linear,3,0.8502721214837575,0.0002064519657576,0.8534200000000002,0.000285
37602,2952,dhmix_1485904869507380555,642,EnthalpyOfMixing,<Substance C1CCOCC1{solv}{x=0.500000}|CCCCCC(C)=O{solv}{x=0.500000}>,C1CCOCC1,CCCCCC(C)=O,smee-spice2-systematic-torsion-generation_constrained-linear,3,0.2460048567894759,0.0410650283653609,0.05773,0.000615
37603,2953,dhmix_1931504734279468677,643,EnthalpyOfMixing,<Substance C1CCOCC1{solv}{x=0.250000}|CCCCCC(C)=O{solv}{x=0.750000}>,C1CCOCC1,CCCCCC(C)=O,smee-spice2-systematic-torsion-generation_constrained-linear,3,0.0924790856132116,0.0465421756019542,0.03429,0.00053
37604,2954,dhmix_2296263041755700053,644,EnthalpyOfMixing,<Substance C1CCOCC1{solv}{x=0.750000}|CCCCCC(C)=O{solv}{x=0.250000}>,C1CCOCC1,CCCCCC(C)=O,smee-spice2-systematic-torsion-generation_constrained-linear,3,0.162510038938052,0.0426902453438469,0.05587,0.00061
37605,2955,dhmix_357499987240135169,645,EnthalpyOfMixing,<Substance CCCCC{solv}{x=0.772700}|CCCCOC=O{solv}{x=0.227300}>,CCCCC,CCCCOC=O,smee-spice2-systematic-torsion-generation_constrained-linear,3,1.0837766068929966,0.0309957167670752,0.87,0.004
37606,2956,dens_435201289177646286,646,Density,<Substance CCCCC{solv}{x=0.504200}|CCCCOC=O{solv}{x=0.495800}>,CCCCC,CCCCOC=O,smee-spice2-systematic-torsion-generation_constrained-linear,3,0.7574226239895302,0.0002681532858349,0.7523000000000001,0.00024
37607,2957,dens_635752291929824010,647,Density,<Substance CCCCC{solv}{x=0.699000}|CCCCOC=O{solv}{x=0.301000}>,CCCCC,CCCCOC=O,smee-spice2-systematic-torsion-generation_constrained-linear,3,0.6983387047114047,0.0002551444945831,0.6994600000000002,0.00018
37608,2958,dhmix_869493303716364153,648,EnthalpyOfMixing,<Substance CCCCC{solv}{x=0.490500}|CCCCOC=O{solv}{x=0.509500}>,CCCCC,CCCCOC=O,smee-spice2-systematic-torsion-generation_constrained-linear,3,1.2387382624726015,0.0420350091650653,0.959,0.004
37609,2959,dhmix_1188548276416925178,649,EnthalpyOfMixing,<Substance CCCCC{solv}{x=0.246000}|CCCCOC=O{solv}{x=0.754000}>,CCCCC,CCCCOC=O,smee-spice2-systematic-torsion-generation_constrained-linear,3,0.8876266385395155,0.0476870522236796,0.632,0.003
37610,2960,dens_1944800378076074966,650,Density,<Substance CCCCC{solv}{x=0.247100}|CCCCOC=O{solv}{x=0.752900}>,CCCCC,CCCCOC=O,smee-spice2-systematic-torsion-generation_constrained-linear,3,0.8347430295605747,0.0002351452090937,0.8221800000000001,0.000375
37611,2961,dhmix_357740737126275220,651,EnthalpyOfMixing,<Substance CC(=O)N(C)C{solv}{x=0.212000}|CCCCCl{solv}{x=0.788000}>,CC(=O)N(C)C,CCCCCl,smee-spice2-systematic-torsion-generation_constrained-linear,3,0.3898771853831348,0.0329883172253042,0.244,0.0025
37612,2962,dens_563556088097831353,652,Density,<Substance CC(=O)N(C)C{solv}{x=0.499000}|CCCCCl{solv}{x=0.501000}>,CC(=O)N(C)C,CCCCCl,smee-spice2-systematic-torsion-generation_constrained-linear,3,0.8888397003724302,0.0002539377925771,0.9081000000000002,0.0002
37613,2963,dens_1083232356130752567,653,Density,<Substance CC(=O)N(C)C{solv}{x=0.799700}|CCCCCl{solv}{x=0.200300}>,CC(=O)N(C)C,CCCCCl,smee-spice2-systematic-torsion-generation_constrained-linear,3,0.8991251916162157,0.0002460040762315,0.9247000000000004,0.0002
37614,2964,dhmix_1487887746912587509,654,EnthalpyOfMixing,<Substance CC(=O)N(C)C{solv}{x=0.708000}|CCCCCl{solv}{x=0.292000}>,CC(=O)N(C)C,CCCCCl,smee-spice2-systematic-torsion-generation_constrained-linear,3,0.4478677313208834,0.0411986425182988,0.305,0.0025
37615,2965,dens_1662749398344255132,655,Density,<Substance CC(=O)N(C)C{solv}{x=0.210500}|CCCCCl{solv}{x=0.789500}>,CC(=O)N(C)C,CCCCCl,smee-spice2-systematic-torsion-generation_constrained-linear,3,0.8769675285524333,0.000294912256546,0.8918000000000001,0.0002
37616,2966,dhmix_2085343422065298965,656,EnthalpyOfMixing,<Substance CC(=O)N(C)C{solv}{x=0.511000}|CCCCCl{solv}{x=0.489000}>,CC(=O)N(C)C,CCCCCl,smee-spice2-systematic-torsion-generation_constrained-linear,3,0.5236649871308217,0.0357500621703698,0.363,0.0025
37617,2967,dhmix_359626193748497849,657,EnthalpyOfMixing,<Substance C1CCOCC1{solv}{x=0.750000}|O=C1CCCCC1{solv}{x=0.250000}>,C1CCOCC1,O=C1CCCCC1,smee-spice2-systematic-torsion-generation_constrained-linear,3,0.05474402473709,0.0376338313543973,0.07698,0.00069
37618,2968,dhmix_709905971434026360,658,EnthalpyOfMixing,<Substance C1CCOCC1{solv}{x=0.250000}|O=C1CCCCC1{solv}{x=0.750000}>,C1CCOCC1,O=C1CCCCC1,smee-spice2-systematic-torsion-generation_constrained-linear,3,0.0563701681998303,0.0397280277097085,0.05827,0.00062
37619,2969,dens_996263306280392228,659,Density,<Substance C1CCOCC1{solv}{x=0.500900}|O=C1CCCCC1{solv}{x=0.499100}>,C1CCOCC1,O=C1CCCCC1,smee-spice2-systematic-torsion-generation_constrained-linear,3,0.9056886658262896,0.0002592967704396,0.9160300000000002,0.000505
37620,2970,dens_1296485655493191092,660,Density,<Substance C1CCOCC1{solv}{x=0.247100}|O=C1CCCCC1{solv}{x=0.752900}>,C1CCOCC1,O=C1CCCCC1,smee-spice2-systematic-torsion-generation_constrained-linear,3,0.9158492849201916,0.0002334937441904,0.9305900000000004,0.000505
37621,2971,dhmix_1617652800437548554,661,EnthalpyOfMixing,<Substance C1CCOCC1{solv}{x=0.500000}|O=C1CCCCC1{solv}{x=0.500000}>,C1CCOCC1,O=C1CCCCC1,smee-spice2-systematic-torsion-generation_constrained-linear,3,0.1046303308846887,0.0416996132049444,0.08658,0.000725
37622,2972,dens_2134919398794801459,662,Density,<Substance C1CCOCC1{solv}{x=0.738900}|O=C1CCCCC1{solv}{x=0.261100}>,C1CCOCC1,O=C1CCCCC1,smee-spice2-systematic-torsion-generation_constrained-linear,3,0.8942382699804448,0.0002462532966283,0.9000800000000002,0.000505
37623,2973,dens_371429494256072686,663,Density,<Substance COC=O{solv}{x=0.513800}|ClCCCCl{solv}{x=0.486200}>,COC=O,ClCCCCl,smee-spice2-systematic-torsion-generation_constrained-linear,3,1.098028095321428,0.000363846949513,1.08831,0.00025
37624,2974,dens_416463243686186519,664,Density,<Substance COC=O{solv}{x=0.738400}|ClCCCCl{solv}{x=0.261600}>,COC=O,ClCCCCl,smee-spice2-systematic-torsion-generation_constrained-linear,3,1.0572480157662236,0.0003789968667824,1.03754,0.0002
37625,2975,dhmix_573570621261992547,665,EnthalpyOfMixing,<Substance COC=O{solv}{x=0.767400}|ClCCCCl{solv}{x=0.232600}>,COC=O,ClCCCCl,smee-spice2-systematic-torsion-generation_constrained-linear,3,0.5577087350119196,0.0311703073699478,0.2841,0.0015
37626,2976,dens_1665007650151393058,666,Density,<Substance COC=O{solv}{x=0.244000}|ClCCCCl{solv}{x=0.756000}>,COC=O,ClCCCCl,smee-spice2-systematic-torsion-generation_constrained-linear,3,1.1378581158778265,0.0003659185095137,1.1395000000000002,0.0003
37627,2977,dhmix_2050640017895200777,667,EnthalpyOfMixing,<Substance COC=O{solv}{x=0.502400}|ClCCCCl{solv}{x=0.497600}>,COC=O,ClCCCCl,smee-spice2-systematic-torsion-generation_constrained-linear,3,0.866220551579806,0.0343743754078139,0.3503,0.00175
37628,2978,dhmix_2121310957223924646,668,EnthalpyOfMixing,<Substance COC=O{solv}{x=0.202400}|ClCCCCl{solv}{x=0.797600}>,COC=O,ClCCCCl,smee-spice2-systematic-torsion-generation_constrained-linear,3,0.5298753164876757,0.0355117995412441,0.2064,0.0012
37629,2979,dens_380799246642881225,669,Density,<Substance Cc1ccncc1{solv}{x=0.500000}|O{solv}{x=0.500000}>,Cc1ccncc1,O,smee-spice2-systematic-torsion-generation_constrained-linear,3,0.962765106483874,0.0002781428595557,0.9704000000000004,0.0005
37630,2980,dens_1024460369591354985,670,Density,<Substance Cc1ccncc1{solv}{x=0.225000}|O{solv}{x=0.775000}>,Cc1ccncc1,O,smee-spice2-systematic-torsion-generation_constrained-linear,3,0.9664492739011488,0.0004242499188518,0.9848000000000002,0.0004
37631,2981,dens_1867704914487230306,671,Density,<Substance Cc1ccncc1{solv}{x=0.750000}|O{solv}{x=0.250000}>,Cc1ccncc1,O,smee-spice2-systematic-torsion-generation_constrained-linear,3,0.9603731318784746,0.0002494008789868,0.9614000000000004,0.0004
37632,2982,dhmix_396839331496923568,672,EnthalpyOfMixing,<Substance CCCOC(=O)CC{solv}{x=0.237600}|ClCCCl{solv}{x=0.762400}>,CCCOC(=O)CC,ClCCCl,smee-spice2-systematic-torsion-generation_constrained-linear,3,-0.3764619217309075,0.0343885096429906,-0.317,0.0035
37633,2983,dens_1025242301432619836,673,Density,<Substance CCCOC(=O)CC{solv}{x=0.518800}|ClCCCl{solv}{x=0.481200}>,CCCOC(=O)CC,ClCCCl,smee-spice2-systematic-torsion-generation_constrained-linear,3,1.0084615283695904,0.000292179319515,1.0064000000000002,0.000905
37634,2984,dens_1654149510571748883,674,Density,<Substance CCCOC(=O)CC{solv}{x=0.731600}|ClCCCl{solv}{x=0.268400}>,CCCOC(=O)CC,ClCCCl,smee-spice2-systematic-torsion-generation_constrained-linear,3,0.9456886934880392,0.0001603788860058,0.9416300000000002,0.00041
37635,2985,dens_1804016971158746429,675,Density,<Substance CCCOC(=O)CC{solv}{x=0.243700}|ClCCCl{solv}{x=0.756300}>,CCCOC(=O)CC,ClCCCl,smee-spice2-systematic-torsion-generation_constrained-linear,3,1.1099382167225784,0.000360348149688,1.11431,0.002155
37636,2986,dhmix_1840109043188951916,676,EnthalpyOfMixing,<Substance CCCOC(=O)CC{solv}{x=0.517700}|ClCCCl{solv}{x=0.482300}>,CCCOC(=O)CC,ClCCCl,smee-spice2-systematic-torsion-generation_constrained-linear,3,-0.5233737056362386,0.0389078590819466,-0.557,0.006
37637,2987,dhmix_1924188358781329171,677,EnthalpyOfMixing,<Substance CCCOC(=O)CC{solv}{x=0.787400}|ClCCCl{solv}{x=0.212600}>,CCCOC(=O)CC,ClCCCl,smee-spice2-systematic-torsion-generation_constrained-linear,3,-0.3414659523442563,0.0437896588505285,-0.357,0.004
37638,2988,dhmix_408170436877433675,678,EnthalpyOfMixing,<Substance CCCCC{solv}{x=0.229800}|CCOC=O{solv}{x=0.770200}>,CCCCC,CCOC=O,smee-spice2-systematic-torsion-generation_constrained-linear,3,1.2113690624792994,0.0345686318811196,1.016,0.0045
37639,2989,dens_1159257310358090227,679,Density,<Substance CCCCC{solv}{x=0.748000}|CCOC=O{solv}{x=0.252000}>,CCCCC,CCOC=O,smee-spice2-systematic-torsion-generation_constrained-linear,3,0.6689830739940626,0.0002785447571565,0.6707000000000002,0.000165
37640,2990,dhmix_1897634982824334825,680,EnthalpyOfMixing,<Substance CCCCC{solv}{x=0.500100}|CCOC=O{solv}{x=0.499900}>,CCCCC,CCOC=O,smee-spice2-systematic-torsion-generation_constrained-linear,3,1.6731577045322368,0.0403292874384644,1.354,0.0055
37641,2991,dens_1931965346092446599,681,Density,<Substance CCCCC{solv}{x=0.504000}|CCOC=O{solv}{x=0.496000}>,CCCCC,CCOC=O,smee-spice2-systematic-torsion-generation_constrained-linear,3,0.7428854873078122,0.0002836144985231,0.7333000000000002,0.00024
37642,2992,dens_2086304425324215507,682,Density,<Substance CCCCC{solv}{x=0.298000}|CCOC=O{solv}{x=0.702000}>,CCCCC,CCOC=O,smee-spice2-systematic-torsion-generation_constrained-linear,3,0.8166113025632008,0.0002957768386128,0.7971000000000003,0.000345
37643,2993,dhmix_2117998354372981576,683,EnthalpyOfMixing,<Substance CCCCC{solv}{x=0.777900}|CCOC=O{solv}{x=0.222100}>,CCCCC,CCOC=O,smee-spice2-systematic-torsion-generation_constrained-linear,3,1.4298653681702973,0.0425923121759084,1.051,0.0045
37644,2994,dens_415189671276159712,684,Density,<Substance NCCO{solv}{x=0.785350}|c1ccncc1{solv}{x=0.214650}>,NCCO,c1ccncc1,smee-spice2-systematic-torsion-generation_constrained-linear,3,1.0580257794872046,0.0002007519540744,1.002592,0.000101
37645,2995,dhmix_607563797490786343,685,EnthalpyOfMixing,<Substance NCCO{solv}{x=0.559360}|c1ccncc1{solv}{x=0.440640}>,NCCO,c1ccncc1,smee-spice2-systematic-torsion-generation_constrained-linear,3,0.8586634249931251,0.0354402358970607,0.824,0.0035
37646,2996,dhmix_783614050589043390,686,EnthalpyOfMixing,<Substance NCCO{solv}{x=0.248120}|c1ccncc1{solv}{x=0.751880}>,NCCO,c1ccncc1,smee-spice2-systematic-torsion-generation_constrained-linear,3,0.8106337150688105,0.0315948504486072,0.779,0.0035
37647,2997,dens_907288549206652702,687,Density,<Substance NCCO{solv}{x=0.558640}|c1ccncc1{solv}{x=0.441360}>,NCCO,c1ccncc1,smee-spice2-systematic-torsion-generation_constrained-linear,3,1.0358894331297048,0.000235706277162,0.9936870000000002,0.0001015
37648,2998,dhmix_1092036220949585875,688,EnthalpyOfMixing,<Substance NCCO{solv}{x=0.746780}|c1ccncc1{solv}{x=0.253220}>,NCCO,c1ccncc1,smee-spice2-systematic-torsion-generation_constrained-linear,3,0.5109030332404529,0.0399979622507471,0.612,0.003
37649,2999,dens_2278246591298089898,689,Density,<Substance NCCO{solv}{x=0.210010}|c1ccncc1{solv}{x=0.789990}>,NCCO,c1ccncc1,smee-spice2-systematic-torsion-generation_constrained-linear,3,1.0065339603595804,0.0002746335246702,0.9825660000000004,0.0001015
37650,3000,dens_419188249264987147,690,Density,<Substance CCCCC(=O)OCC{solv}{x=0.492100}|CCOC(C)=O{solv}{x=0.507900}>,CCCCC(=O)OCC,CCOC(C)=O,smee-spice2-systematic-torsion-generation_constrained-linear,3,0.888613257308836,0.0002308195901078,0.8787300000000002,0.00012
37651,3001,dens_667714041205021070,691,Density,<Substance CCCCC(=O)OCC{solv}{x=0.304700}|CCOC(C)=O{solv}{x=0.695300}>,CCCCC(=O)OCC,CCOC(C)=O,smee-spice2-systematic-torsion-generation_constrained-linear,3,0.8941644422865447,0.0002392417643808,0.8836400000000002,0.00012
37652,3002,dhmix_1137774316856842141,692,EnthalpyOfMixing,<Substance CCCCC(=O)OCC{solv}{x=0.737600}|CCOC(C)=O{solv}{x=0.262400}>,CCCCC(=O)OCC,CCOC(C)=O,smee-spice2-systematic-torsion-generation_constrained-linear,3,0.0338108719946319,0.0530091911574745,0.114,0.0015
37653,3003,dhmix_1322441082145072072,693,EnthalpyOfMixing,<Substance CCCCC(=O)OCC{solv}{x=0.279900}|CCOC(C)=O{solv}{x=0.720100}>,CCCCC(=O)OCC,CCOC(C)=O,smee-spice2-systematic-torsion-generation_constrained-linear,3,0.0682279293844061,0.0378995705693628,0.139,0.0015
37654,3004,dens_1682638395920841051,694,Density,<Substance CCCCC(=O)OCC{solv}{x=0.752600}|CCOC(C)=O{solv}{x=0.247400}>,CCCCC(=O)OCC,CCOC(C)=O,smee-spice2-systematic-torsion-generation_constrained-linear,3,0.8815651683507267,0.0002146688571513,0.8732900000000001,0.00012
37655,3005,dhmix_2161842751879945948,695,EnthalpyOfMixing,<Substance CCCCC(=O)OCC{solv}{x=0.519800}|CCOC(C)=O{solv}{x=0.480200}>,CCCCC(=O)OCC,CCOC(C)=O,smee-spice2-systematic-torsion-generation_constrained-linear,3,-0.0362797626498689,0.0438606204007545,0.154,0.002
37656,3006,dhmix_419593950323214290,696,EnthalpyOfMixing,<Substance CCCCCC(C)=O{solv}{x=0.780400}|CCN(CC)CC{solv}{x=0.219600}>,CCCCCC(C)=O,CCN(CC)CC,smee-spice2-systematic-torsion-generation_constrained-linear,3,-0.011805004993824,0.0520727214137031,0.216,0.0025
37657,3007,dens_651921010645567431,697,Density,<Substance CCCCCC(C)=O{solv}{x=0.259800}|CCN(CC)CC{solv}{x=0.740200}>,CCCCCC(C)=O,CCN(CC)CC,smee-spice2-systematic-torsion-generation_constrained-linear,3,0.7572163440037023,0.0001929842496036,0.7465820000000002,8.950000000000002e-05
37658,3008,dens_995831511901627711,698,Density,<Substance CCCCCC(C)=O{solv}{x=0.748400}|CCN(CC)CC{solv}{x=0.251600}>,CCCCCC(C)=O,CCN(CC)CC,smee-spice2-systematic-torsion-generation_constrained-linear,3,0.7872069702043357,0.000194420602805,0.7899410000000002,0.0001055
37659,3009,dhmix_1001984601109558110,699,EnthalpyOfMixing,<Substance CCCCCC(C)=O{solv}{x=0.492000}|CCN(CC)CC{solv}{x=0.508000}>,CCCCCC(C)=O,CCN(CC)CC,smee-spice2-systematic-torsion-generation_constrained-linear,3,0.1091581253859956,0.0486416088825523,0.419,0.0045
37660,3010,dens_1887829851815986883,700,Density,<Substance CCCCCC(C)=O{solv}{x=0.503200}|CCN(CC)CC{solv}{x=0.496800}>,CCCCCC(C)=O,CCN(CC)CC,smee-spice2-systematic-torsion-generation_constrained-linear,3,0.772910453226163,0.0001994629626866,0.7684760000000002,9.800000000000002e-05
37661,3011,dhmix_2085744568401562111,701,EnthalpyOfMixing,<Substance CCCCCC(C)=O{solv}{x=0.293900}|CCN(CC)CC{solv}{x=0.706100}>,CCCCCC(C)=O,CCN(CC)CC,smee-spice2-systematic-torsion-generation_constrained-linear,3,0.1742506371721788,0.0493290412805355,0.412,0.0045
37662,3012,dens_436049638479549968,702,Density,<Substance COC=O{solv}{x=0.472500}|ClCCCl{solv}{x=0.527500}>,COC=O,ClCCCl,smee-spice2-systematic-torsion-generation_constrained-linear,3,1.1363649161952667,0.0002895635046873,1.1269600000000004,0.000285
37663,3013,dens_627145458965592302,703,Density,<Substance COC=O{solv}{x=0.753000}|ClCCCl{solv}{x=0.247000}>,COC=O,ClCCCl,smee-spice2-systematic-torsion-generation_constrained-linear,3,1.0673928885945934,0.0003732621446233,1.0461600000000004,0.000205
37664,3014,dhmix_731680623269260416,704,EnthalpyOfMixing,<Substance COC=O{solv}{x=0.250800}|ClCCCl{solv}{x=0.749200}>,COC=O,ClCCCl,smee-spice2-systematic-torsion-generation_constrained-linear,3,0.3908770744421588,0.0321306020162782,0.0793,0.0007
37665,3015,dens_1488543630772933598,705,Density,<Substance COC=O{solv}{x=0.279500}|ClCCCl{solv}{x=0.720500}>,COC=O,ClCCCl,smee-spice2-systematic-torsion-generation_constrained-linear,3,1.1763869303742809,0.0004048008833958,1.1777100000000005,0.00034
37666,3016,dhmix_2170321998768851974,706,EnthalpyOfMixing,<Substance COC=O{solv}{x=0.732200}|ClCCCl{solv}{x=0.267800}>,COC=O,ClCCCl,smee-spice2-systematic-torsion-generation_constrained-linear,3,0.3611117944285418,0.0286253050109496,0.0733,0.00065
37667,3017,dhmix_2249001225536869896,707,EnthalpyOfMixing,<Substance COC=O{solv}{x=0.487400}|ClCCCl{solv}{x=0.512600}>,COC=O,ClCCCl,smee-spice2-systematic-torsion-generation_constrained-linear,3,0.4463482747083027,0.0296904767772781,0.1028,0.0008
37668,3018,dhmix_442816374747487477,708,EnthalpyOfMixing,<Substance NCCCNCCCN{solv}{x=0.801500}|O{solv}{x=0.198500}>,NCCCNCCCN,O,smee-spice2-systematic-torsion-generation_constrained-linear,3,-1.708681219697695,0.0603226812296846,-2.233,0.024
37669,3019,dhmix_1795382205757805615,709,EnthalpyOfMixing,<Substance NCCCNCCCN{solv}{x=0.300500}|O{solv}{x=0.699500}>,NCCCNCCCN,O,smee-spice2-systematic-torsion-generation_constrained-linear,3,-4.6554202533537,0.0415044263694619,-6.588,0.07
37670,3020,dhmix_1814950732748396893,710,EnthalpyOfMixing,<Substance NCCCNCCCN{solv}{x=0.499800}|O{solv}{x=0.500200}>,NCCCNCCCN,O,smee-spice2-systematic-torsion-generation_constrained-linear,3,-4.104335139874472,0.0440296394295575,-5.544,0.059
37671,3021,dhmix_446869196417408130,711,EnthalpyOfMixing,<Substance NCCNCCO{solv}{x=0.770000}|O{solv}{x=0.230000}>,NCCNCCO,O,smee-spice2-systematic-torsion-generation_constrained-linear,3,-1.2212742769114584,0.0392834875592489,-1.711,0.035
37672,3022,dhmix_673839467313503071,712,EnthalpyOfMixing,<Substance NCCNCCO{solv}{x=0.069900}|O{solv}{x=0.930100}>,NCCNCCO,O,smee-spice2-systematic-torsion-generation_constrained-linear,3,-0.450756948834206,0.0209960424624187,-1.713,0.035
37673,3023,dens_688094438561771555,713,Density,<Substance NCCNCCO{solv}{x=0.799700}|O{solv}{x=0.200300}>,NCCNCCO,O,smee-spice2-systematic-torsion-generation_constrained-linear,3,1.1040572303117793,0.0001848912501813,1.0318300000000002,0.00024
37674,3024,dhmix_1682883323293489147,714,EnthalpyOfMixing,<Substance NCCNCCO{solv}{x=0.400100}|O{solv}{x=0.599900}>,NCCNCCO,O,smee-spice2-systematic-torsion-generation_constrained-linear,3,-1.917915802802696,0.034020903111389,-4.15,0.0845
37675,3025,dens_2045176885611624977,715,Density,<Substance NCCNCCO{solv}{x=0.070000}|O{solv}{x=0.930000}>,NCCNCCO,O,smee-spice2-systematic-torsion-generation_constrained-linear,3,1.0270351872986538,0.0004722955182013,1.0222800000000003,0.000125
37676,3026,dens_2280714043292214506,716,Density,<Substance NCCNCCO{solv}{x=0.399700}|O{solv}{x=0.600300}>,NCCNCCO,O,smee-spice2-systematic-torsion-generation_constrained-linear,3,1.07740382552212,0.000366828243014,1.0370100000000002,0.00017
37677,3027,dens_448105363780466270,717,Density,<Substance CCCCCCCl{solv}{x=0.498300}|CN(C)C=O{solv}{x=0.501700}>,CCCCCCCl,CN(C)C=O,smee-spice2-systematic-torsion-generation_constrained-linear,3,0.8892020486352862,0.0002267619573448,0.8974000000000002,0.0003
37678,3028,dens_1134260732394863277,718,Density,<Substance CCCCCCCl{solv}{x=0.729300}|CN(C)C=O{solv}{x=0.270700}>,CCCCCCCl,CN(C)C=O,smee-spice2-systematic-torsion-generation_constrained-linear,3,0.8784207504099575,0.0002284582319722,0.8844000000000002,0.0003
37679,3029,dhmix_1150917243327149472,719,EnthalpyOfMixing,<Substance CCCCCCCl{solv}{x=0.500000}|CN(C)C=O{solv}{x=0.500000}>,CCCCCCCl,CN(C)C=O,smee-spice2-systematic-torsion-generation_constrained-linear,3,1.1194491219345792,0.0405641736655211,0.847,0.004
37680,3030,dhmix_1166656674614639609,720,EnthalpyOfMixing,<Substance CCCCCCCl{solv}{x=0.204000}|CN(C)C=O{solv}{x=0.796000}>,CCCCCCCl,CN(C)C=O,smee-spice2-systematic-torsion-generation_constrained-linear,3,0.7851215402420557,0.0414826488612097,0.583,0.004
37681,3031,dhmix_1262474968830454367,721,EnthalpyOfMixing,<Substance CCCCCCCl{solv}{x=0.795000}|CN(C)C=O{solv}{x=0.205000}>,CCCCCCCl,CN(C)C=O,smee-spice2-systematic-torsion-generation_constrained-linear,3,0.7905389294474219,0.0498173360387439,0.542,0.0035
37682,3032,dens_1862934255267356180,722,Density,<Substance CCCCCCCl{solv}{x=0.200700}|CN(C)C=O{solv}{x=0.799300}>,CCCCCCCl,CN(C)C=O,smee-spice2-systematic-torsion-generation_constrained-linear,3,0.9079022708434916,0.0002766407488233,0.9218000000000002,0.00025
37683,3033,dhmix_457000181442392641,723,EnthalpyOfMixing,<Substance CCOCCO{solv}{x=0.241100}|c1ccccc1{solv}{x=0.758900}>,CCOCCO,c1ccccc1,smee-spice2-systematic-torsion-generation_constrained-linear,3,0.6331470014413298,0.0385240597007171,0.6303,0.00815
37684,3034,dhmix_501726034520661035,724,EnthalpyOfMixing,<Substance CCOCCO{solv}{x=0.733600}|c1ccccc1{solv}{x=0.266400}>,CCOCCO,c1ccccc1,smee-spice2-systematic-torsion-generation_constrained-linear,3,0.3366733283634175,0.0487714881897417,0.2326,0.0033
37685,3035,dens_577983044895299238,725,Density,<Substance CCOCCO{solv}{x=0.251800}|c1ccccc1{solv}{x=0.748200}>,CCOCCO,c1ccccc1,smee-spice2-systematic-torsion-generation_constrained-linear,3,0.8873841792799635,0.0002882034809673,0.8849000000000002,0.00081
37686,3036,dens_1506946378386070831,726,Density,<Substance CCOCCO{solv}{x=0.750800}|c1ccccc1{solv}{x=0.249200}>,CCOCCO,c1ccccc1,smee-spice2-systematic-torsion-generation_constrained-linear,3,0.919422774025628,0.0001953268383669,0.9134500000000004,0.000685
37687,3037,dhmix_1801594081157333975,727,EnthalpyOfMixing,<Substance CCOCCO{solv}{x=0.478600}|c1ccccc1{solv}{x=0.521400}>,CCOCCO,c1ccccc1,smee-spice2-systematic-torsion-generation_constrained-linear,3,0.6749955525340567,0.038917615790612,0.4912,0.00645
37688,3038,dens_2128846755225827916,728,Density,<Substance CCOCCO{solv}{x=0.504800}|c1ccccc1{solv}{x=0.495200}>,CCOCCO,c1ccccc1,smee-spice2-systematic-torsion-generation_constrained-linear,3,0.9034226208798156,0.0002449665746525,0.8995700000000003,0.000745
37689,3039,dhmix_466383569529620932,729,EnthalpyOfMixing,<Substance CC(=O)N(C)C{solv}{x=0.505000}|CCCCCCCl{solv}{x=0.495000}>,CC(=O)N(C)C,CCCCCCCl,smee-spice2-systematic-torsion-generation_constrained-linear,3,0.719233844411657,0.0356465624602609,0.61,0.003
37690,3040,dhmix_493694362228351572,730,EnthalpyOfMixing,<Substance CC(=O)N(C)C{solv}{x=0.798000}|CCCCCCCl{solv}{x=0.202000}>,CC(=O)N(C)C,CCCCCCCl,smee-spice2-systematic-torsion-generation_constrained-linear,3,0.5408922436960779,0.0423968106953007,0.425,0.003
37691,3041,dhmix_626564461179097700,731,EnthalpyOfMixing,<Substance CC(=O)N(C)C{solv}{x=0.211000}|CCCCCCCl{solv}{x=0.789000}>,CC(=O)N(C)C,CCCCCCCl,smee-spice2-systematic-torsion-generation_constrained-linear,3,0.5020048242876953,0.0418924485577778,0.38,0.003
37692,3042,dens_1720641323575133011,732,Density,<Substance CC(=O)N(C)C{solv}{x=0.200300}|CCCCCCCl{solv}{x=0.799700}>,CC(=O)N(C)C,CCCCCCCl,smee-spice2-systematic-torsion-generation_constrained-linear,3,0.8746925557772034,0.000184733876195,0.8816000000000003,0.00025
37693,3043,dens_1817345990638851984,733,Density,<Substance CC(=O)N(C)C{solv}{x=0.503000}|CCCCCCCl{solv}{x=0.497000}>,CC(=O)N(C)C,CCCCCCCl,smee-spice2-systematic-torsion-generation_constrained-linear,3,0.8843630377719482,0.0001636964760802,0.8975000000000002,0.00025
37694,3044,dens_1885054129776339889,734,Density,<Substance CC(=O)N(C)C{solv}{x=0.699200}|CCCCCCCl{solv}{x=0.300800}>,CC(=O)N(C)C,CCCCCCCl,smee-spice2-systematic-torsion-generation_constrained-linear,3,0.8914180860700806,0.0001624061449947,0.9104000000000002,0.0002
37695,3045,dens_468507243072548580,735,Density,<Substance CCC#N{solv}{x=0.701200}|CCOC(C)(C)CC{solv}{x=0.298800}>,CCC#N,CCOC(C)(C)CC,smee-spice2-systematic-torsion-generation_constrained-linear,3,0.7795801685920216,0.0002269848746338,0.7715000000000002,0.0004
37696,3046,dhmix_553135124490085656,736,EnthalpyOfMixing,<Substance CCC#N{solv}{x=0.502500}|CCOC(C)(C)CC{solv}{x=0.497500}>,CCC#N,CCOC(C)(C)CC,smee-spice2-systematic-torsion-generation_constrained-linear,3,0.3287770770140668,0.0319576753864734,0.7023,0.00955
37697,3047,dens_762108332272225600,737,Density,<Substance CCC#N{solv}{x=0.502500}|CCOC(C)(C)CC{solv}{x=0.497500}>,CCC#N,CCOC(C)(C)CC,smee-spice2-systematic-torsion-generation_constrained-linear,3,0.7767928437435642,0.0002260458162937,0.7683000000000001,0.00035
37698,3048,dens_967634241844220739,738,Density,<Substance CCC#N{solv}{x=0.200900}|CCOC(C)(C)CC{solv}{x=0.799100}>,CCC#N,CCOC(C)(C)CC,smee-spice2-systematic-torsion-generation_constrained-linear,3,0.7724966435216746,0.0002302764932321,0.7638000000000001,0.00025
37699,3049,dhmix_1961082112686431376,739,EnthalpyOfMixing,<Substance CCC#N{solv}{x=0.200900}|CCOC(C)(C)CC{solv}{x=0.799100}>,CCC#N,CCOC(C)(C)CC,smee-spice2-systematic-torsion-generation_constrained-linear,3,0.3366394862864439,0.0519263611090278,0.502,0.00685
37700,3050,dhmix_2005765786246998093,740,EnthalpyOfMixing,<Substance CCC#N{solv}{x=0.701200}|CCOC(C)(C)CC{solv}{x=0.298800}>,CCC#N,CCOC(C)(C)CC,smee-spice2-systematic-torsion-generation_constrained-linear,3,0.2660477128482768,0.036920393356039,0.5863,0.008
37701,3051,dhmix_471514663464011364,741,EnthalpyOfMixing,<Substance C1CCOCC1{solv}{x=0.722000}|CCCCCO{solv}{x=0.278000}>,C1CCOCC1,CCCCCO,smee-spice2-systematic-torsion-generation_constrained-linear,3,1.14971890735805,0.0427268034603574,0.8628,0.00745
37702,3052,dens_910343796235321484,742,Density,<Substance C1CCOCC1{solv}{x=0.298700}|CCCCCO{solv}{x=0.701300}>,C1CCOCC1,CCCCCO,smee-spice2-systematic-torsion-generation_constrained-linear,3,0.8294083890568797,0.0002300726755066,0.8293300000000002,0.00034
37703,3053,dens_1812069868432416079,743,Density,<Substance C1CCOCC1{solv}{x=0.800000}|CCCCCO{solv}{x=0.200000}>,C1CCOCC1,CCCCCO,smee-spice2-systematic-torsion-generation_constrained-linear,3,0.8644980359510049,0.0002523852923589,0.8635900000000002,0.000315
37704,3054,dhmix_1936206883965149188,744,EnthalpyOfMixing,<Substance C1CCOCC1{solv}{x=0.526000}|CCCCCO{solv}{x=0.474000}>,C1CCOCC1,CCCCCO,smee-spice2-systematic-torsion-generation_constrained-linear,3,1.13799030238701,0.0427433561371481,0.97,0.00615
37705,3055,dhmix_1992318015190346725,745,EnthalpyOfMixing,<Substance C1CCOCC1{solv}{x=0.217000}|CCCCCO{solv}{x=0.783000}>,C1CCOCC1,CCCCCO,smee-spice2-systematic-torsion-generation_constrained-linear,3,0.6473033104468016,0.0535346740523063,0.6006,0.00455
37706,3056,dens_2204330198012032768,746,Density,<Substance C1CCOCC1{solv}{x=0.499400}|CCCCCO{solv}{x=0.500600}>,C1CCOCC1,CCCCCO,smee-spice2-systematic-torsion-generation_constrained-linear,3,0.8427122288391649,0.0002489666033042,0.8425400000000002,0.00033
37707,3057,dhmix_472822428299818953,747,EnthalpyOfMixing,<Substance CC(C)CC(C)(C)C{solv}{x=0.700500}|CCCCO{solv}{x=0.299500}>,CC(C)CC(C)(C)C,CCCCO,smee-spice2-systematic-torsion-generation_constrained-linear,3,0.5440353317070645,0.0525676578685031,0.6228,0.0028
37708,3058,dhmix_628387028768654403,748,EnthalpyOfMixing,<Substance CC(C)CC(C)(C)C{solv}{x=0.499900}|CCCCO{solv}{x=0.500100}>,CC(C)CC(C)(C)C,CCCCO,smee-spice2-systematic-torsion-generation_constrained-linear,3,0.7610292946501289,0.0447238236564553,0.5938,0.0027
37709,3059,dens_631668933678639865,749,Density,<Substance CC(C)CC(C)(C)C{solv}{x=0.200000}|CCCCO{solv}{x=0.800000}>,CC(C)CC(C)(C)C,CCCCO,smee-spice2-systematic-torsion-generation_constrained-linear,3,0.7768673059850829,0.0001802907385526,0.7696800000000001,0.000295
37710,3060,dens_1394470087977586253,750,Density,<Substance CC(C)CC(C)(C)C{solv}{x=0.500000}|CCCCO{solv}{x=0.500000}>,CC(C)CC(C)(C)C,CCCCO,smee-spice2-systematic-torsion-generation_constrained-linear,3,0.7440176307688168,0.0002080763735706,0.7294000000000002,0.000285
37711,3061,dens_1809610870413503056,751,Density,<Substance CC(C)CC(C)(C)C{solv}{x=0.699900}|CCCCO{solv}{x=0.300100}>,CC(C)CC(C)(C)C,CCCCO,smee-spice2-systematic-torsion-generation_constrained-linear,3,0.7289665377197291,0.0002102748945426,0.7097700000000001,0.000285
37712,3062,dhmix_2302589146189152767,752,EnthalpyOfMixing,<Substance CC(C)CC(C)(C)C{solv}{x=0.200200}|CCCCO{solv}{x=0.799800}>,CC(C)CC(C)(C)C,CCCCO,smee-spice2-systematic-torsion-generation_constrained-linear,3,0.3552806189453577,0.0351852117655839,0.27646,0.003235
37713,3063,dens_486902622078179007,753,Density,<Substance COC=O{solv}{x=0.494600}|CO{solv}{x=0.505400}>,CO,COC=O,smee-spice2-systematic-torsion-generation_constrained-linear,3,0.9072347292536568,0.0003411895337734,0.8956100000000002,7.500000000000002e-05
37714,3064,dens_750646162221180186,754,Density,<Substance COC=O{solv}{x=0.083300}|CO{solv}{x=0.916700}>,CO,COC=O,smee-spice2-systematic-torsion-generation_constrained-linear,3,0.7979799569415679,0.0004029516331655,0.8088000000000002,9.000000000000002e-05
37715,3065,dhmix_1113631207235753369,755,EnthalpyOfMixing,<Substance COC=O{solv}{x=0.717800}|CO{solv}{x=0.282200}>,CO,COC=O,smee-spice2-systematic-torsion-generation_constrained-linear,3,0.685006067633708,0.0325960297485817,1.105,0.012
37716,3066,dhmix_2143911117683117531,756,EnthalpyOfMixing,<Substance COC=O{solv}{x=0.512700}|CO{solv}{x=0.487300}>,CO,COC=O,smee-spice2-systematic-torsion-generation_constrained-linear,3,0.8097336154039638,0.0293328383558989,1.179,0.0125
37717,3067,dens_2148324189014877510,757,Density,<Substance COC=O{solv}{x=0.727100}|CO{solv}{x=0.272900}>,CO,COC=O,smee-spice2-systematic-torsion-generation_constrained-linear,3,0.95273755154576,0.00033233042827,0.9321000000000004,8.000000000000002e-05
37718,3068,dhmix_2205254965267695203,758,EnthalpyOfMixing,<Substance COC=O{solv}{x=0.083300}|CO{solv}{x=0.916700}>,CO,COC=O,smee-spice2-systematic-torsion-generation_constrained-linear,3,0.2559349300614784,0.0299941896632869,0.311,0.0035
37719,3069,dhmix_497300242003673148,759,EnthalpyOfMixing,<Substance BrCCBr{solv}{x=0.284100}|CCCCOC(=O)CCC{solv}{x=0.715900}>,BrCCBr,CCCCOC(=O)CCC,smee-spice2-systematic-torsion-generation_constrained-linear,3,-0.4737444786583253,0.0479758998846905,-0.054,0.001
37720,3070,dhmix_712261179736749495,760,EnthalpyOfMixing,<Substance BrCCBr{solv}{x=0.515300}|CCCCOC(=O)CCC{solv}{x=0.484700}>,BrCCBr,CCCCOC(=O)CCC,smee-spice2-systematic-torsion-generation_constrained-linear,3,-0.5909388306011252,0.0437240494466711,-0.027,0.0005
37721,3071,dens_846614854165535724,761,Density,<Substance BrCCBr{solv}{x=0.212900}|CCCCOC(=O)CCC{solv}{x=0.787100}>,BrCCBr,CCCCOC(=O)CCC,smee-spice2-systematic-torsion-generation_constrained-linear,3,1.0271290368088126,0.0002295376275525,1.0245500000000003,0.00013
37722,3072,dens_1085110183353279404,762,Density,<Substance BrCCBr{solv}{x=0.730000}|CCCCOC(=O)CCC{solv}{x=0.270000}>,BrCCBr,CCCCOC(=O)CCC,smee-spice2-systematic-torsion-generation_constrained-linear,3,1.607637364924163,0.0004779524730041,1.6231500000000003,0.000405
37723,3073,dhmix_2153957437015117204,763,EnthalpyOfMixing,<Substance BrCCBr{solv}{x=0.763900}|CCCCOC(=O)CCC{solv}{x=0.236100}>,BrCCBr,CCCCOC(=O)CCC,smee-spice2-systematic-torsion-generation_constrained-linear,3,-0.5422056995188242,0.0322036769425147,0.051,0.001
37724,3074,dens_2242615301342819560,764,Density,<Substance BrCCBr{solv}{x=0.449300}|CCCCOC(=O)CCC{solv}{x=0.550700}>,BrCCBr,CCCCOC(=O)CCC,smee-spice2-systematic-torsion-generation_constrained-linear,3,1.2498957309737768,0.0002494176607273,1.2506100000000002,0.000225
37725,3075,dens_501060706627477242,765,Density,<Substance OC1=NCCC1{solv}{x=0.500000}|O{solv}{x=0.500000}>,O,OC1=NCCC1,smee-spice2-systematic-torsion-generation_constrained-linear,3,1.0750500163189405,0.0004841881478623,1.0977070000000004,0.0005555
37726,3076,dens_929065521104254808,766,Density,<Substance OC1=NCCC1{solv}{x=0.744800}|O{solv}{x=0.255200}>,O,OC1=NCCC1,smee-spice2-systematic-torsion-generation_constrained-linear,3,1.0858818260313028,0.0002941007175519,1.1044310000000004,0.000577
37727,3077,dhmix_1128968771311392860,767,EnthalpyOfMixing,<Substance OC1=NCCC1{solv}{x=0.769300}|O{solv}{x=0.230700}>,O,OC1=NCCC1,smee-spice2-systematic-torsion-generation_constrained-linear,3,-2.0332130287886514,0.0734776442062386,-0.678,0.1695
37728,3078,dens_1192491633684345401,768,Density,<Substance OC1=NCCC1{solv}{x=0.246800}|O{solv}{x=0.753200}>,O,OC1=NCCC1,smee-spice2-systematic-torsion-generation_constrained-linear,3,1.051578652871478,0.0004532340774524,1.077068,0.0004905
37729,3079,dhmix_1775375132531538271,769,EnthalpyOfMixing,<Substance OC1=NCCC1{solv}{x=0.478300}|O{solv}{x=0.521700}>,O,OC1=NCCC1,smee-spice2-systematic-torsion-generation_constrained-linear,3,-1.4801225577828063,0.0622311268122139,-0.8384,0.20965
37730,3080,dhmix_1895825007089845103,770,EnthalpyOfMixing,<Substance OC1=NCCC1{solv}{x=0.231900}|O{solv}{x=0.768100}>,O,OC1=NCCC1,smee-spice2-systematic-torsion-generation_constrained-linear,3,-0.6902389351793232,0.0307088212138073,-0.5238,0.13095
37731,3081,dens_502738970558558534,771,Density,<Substance BrCCBr{solv}{x=0.749000}|COC=O{solv}{x=0.251000}>,BrCCBr,COC=O,smee-spice2-systematic-torsion-generation_constrained-linear,3,1.897992853168088,0.0006995754490577,1.9319600000000008,0.003535
37732,3082,dhmix_523129341332875255,772,EnthalpyOfMixing,<Substance BrCCBr{solv}{x=0.059500}|COC=O{solv}{x=0.940500}>,BrCCBr,COC=O,smee-spice2-systematic-torsion-generation_constrained-linear,3,0.2338962549281404,0.0363749030940276,0.1715,0.00215
37733,3083,dens_528986974844153101,773,Density,<Substance BrCCBr{solv}{x=0.059800}|COC=O{solv}{x=0.940200}>,BrCCBr,COC=O,smee-spice2-systematic-torsion-generation_constrained-linear,3,1.0929637853062026,0.0003360655427996,1.06428,0.00056
37734,3084,dhmix_1521152703631810888,774,EnthalpyOfMixing,<Substance BrCCBr{solv}{x=0.757400}|COC=O{solv}{x=0.242600}>,BrCCBr,COC=O,smee-spice2-systematic-torsion-generation_constrained-linear,3,0.6229568210497618,0.0298111264805964,0.653,0.00585
37735,3085,dhmix_1685647138770344206,775,EnthalpyOfMixing,<Substance BrCCBr{solv}{x=0.528100}|COC=O{solv}{x=0.471900}>,BrCCBr,COC=O,smee-spice2-systematic-torsion-generation_constrained-linear,3,0.8102147777314812,0.0289253575363437,0.8123,0.00705
37736,3086,dens_1945150067923572864,776,Density,<Substance BrCCBr{solv}{x=0.501500}|COC=O{solv}{x=0.498500}>,BrCCBr,COC=O,smee-spice2-systematic-torsion-generation_constrained-linear,3,1.6594739885940926,0.0006036518292011,1.6620300000000003,0.00232
37737,3087,dens_511283508189056955,777,Density,<Substance CCO{solv}{x=0.291400}|CN(C)CCO{solv}{x=0.708600}>,CCO,CN(C)CCO,smee-spice2-systematic-torsion-generation_constrained-linear,3,0.8926269075218369,0.0002149357484209,0.8710100000000002,0.000165
37738,3088,dhmix_1055456388735168345,778,EnthalpyOfMixing,<Substance CCO{solv}{x=0.508400}|CN(C)CCO{solv}{x=0.491600}>,CCO,CN(C)CCO,smee-spice2-systematic-torsion-generation_constrained-linear,3,-0.6268926506189416,0.0374787569411906,-0.4044,0.0044
37739,3089,dens_1119930253414624267,779,Density,<Substance CCO{solv}{x=0.699500}|CN(C)CCO{solv}{x=0.300500}>,CCO,CN(C)CCO,smee-spice2-systematic-torsion-generation_constrained-linear,3,0.8469699929420765,0.0002907916778153,0.8345000000000002,0.000135
37740,3090,dhmix_1132835222292135012,780,EnthalpyOfMixing,<Substance CCO{solv}{x=0.268600}|CN(C)CCO{solv}{x=0.731400}>,CCO,CN(C)CCO,smee-spice2-systematic-torsion-generation_constrained-linear,3,-0.407948271633586,0.0421917105348994,-0.2783,0.0031
37741,3091,dens_1964926738263319597,781,Density,<Substance CCO{solv}{x=0.494900}|CN(C)CCO{solv}{x=0.505100}>,CCO,CN(C)CCO,smee-spice2-systematic-torsion-generation_constrained-linear,3,0.8733150550963649,0.0002640062417348,0.8566200000000002,0.00015
37742,3092,dhmix_2011138895468245368,782,EnthalpyOfMixing,<Substance CCO{solv}{x=0.733500}|CN(C)CCO{solv}{x=0.266500}>,CCO,CN(C)CCO,smee-spice2-systematic-torsion-generation_constrained-linear,3,-0.4880760420265488,0.0342727177879203,-0.3657,0.004
37743,3093,dhmix_517287783481256565,783,EnthalpyOfMixing,<Substance CN(C)C=O{solv}{x=0.701000}|ClCCCCCl{solv}{x=0.299000}>,CN(C)C=O,ClCCCCCl,smee-spice2-systematic-torsion-generation_constrained-linear,3,0.36326116318887,0.0408974640880401,-0.052,0.002
37744,3094,dens_765057686797526715,784,Density,<Substance CN(C)C=O{solv}{x=0.794300}|ClCCCCCl{solv}{x=0.205700}>,CN(C)C=O,ClCCCCCl,smee-spice2-systematic-torsion-generation_constrained-linear,3,0.979962469070726,0.0002017273968584,0.9934000000000002,0.00245
37745,3095,dens_1092490027864410415,785,Density,<Substance CN(C)C=O{solv}{x=0.502200}|ClCCCCCl{solv}{x=0.497800}>,CN(C)C=O,ClCCCCCl,smee-spice2-systematic-torsion-generation_constrained-linear,3,1.0439163652245915,0.0001852406424913,1.0524000000000004,0.0022
37746,3096,dens_1571926938169630329,786,Density,<Substance CN(C)C=O{solv}{x=0.299400}|ClCCCCCl{solv}{x=0.700600}>,CN(C)C=O,ClCCCCCl,smee-spice2-systematic-torsion-generation_constrained-linear,3,1.0810059838278971,0.0003196425974873,1.0879000000000003,0.0021
37747,3097,dhmix_1989422051580285053,787,EnthalpyOfMixing,<Substance CN(C)C=O{solv}{x=0.501000}|ClCCCCCl{solv}{x=0.499000}>,CN(C)C=O,ClCCCCCl,smee-spice2-systematic-torsion-generation_constrained-linear,3,0.3623568768538661,0.037626741858009,-0.056,0.002
37748,3098,dhmix_2190775305913174779,788,EnthalpyOfMixing,<Substance CN(C)C=O{solv}{x=0.204000}|ClCCCCCl{solv}{x=0.796000}>,CN(C)C=O,ClCCCCCl,smee-spice2-systematic-torsion-generation_constrained-linear,3,0.3355662928034064,0.0355515362280607,-0.039,0.002
37749,3099,dens_518199256039095036,789,Density,<Substance CCCCO{solv}{x=0.496400}|NCCN{solv}{x=0.503600}>,CCCCO,NCCN,smee-spice2-systematic-torsion-generation_constrained-linear,3,0.8983147320068543,0.0002068556173878,0.8519430000000002,0.000219
37750,3100,dens_866492593379488722,790,Density,<Substance CCCCO{solv}{x=0.739800}|NCCN{solv}{x=0.260200}>,CCCCO,NCCN,smee-spice2-systematic-torsion-generation_constrained-linear,3,0.849504671763416,0.0002242062079424,0.8325090000000002,0.000221
37751,3101,dens_2064365769538781360,791,Density,<Substance CCCCO{solv}{x=0.291900}|NCCN{solv}{x=0.708100}>,CCCCO,NCCN,smee-spice2-systematic-torsion-generation_constrained-linear,3,0.9493195167706856,0.0002675477198327,0.8676960000000002,0.0002205
37752,3102,dens_520201021244222151,792,Density,<Substance O=C1CCCO1{solv}{x=0.300000}|O{solv}{x=0.700000}>,O,O=C1CCCO1,smee-spice2-systematic-torsion-generation_constrained-linear,3,1.0609486172126077,0.0004330144313943,1.0886000000000002,0.0001
37753,3103,dens_2198925124601089428,793,Density,<Substance O=C1CCCO1{solv}{x=0.500000}|O{solv}{x=0.500000}>,O,O=C1CCCO1,smee-spice2-systematic-torsion-generation_constrained-linear,3,1.0820229709241649,0.0003369220624674,1.1059000000000003,0.0001
37754,3104,dens_2272207838075726438,794,Density,<Substance O=C1CCCO1{solv}{x=0.800000}|O{solv}{x=0.200000}>,O,O=C1CCCO1,smee-spice2-systematic-torsion-generation_constrained-linear,3,1.100777283773101,0.0002279222630953,1.1182000000000003,0.0001
37755,3105,dhmix_524376395520217080,795,EnthalpyOfMixing,<Substance CC(C)CC(C)(C)C{solv}{x=0.440700}|CCCC(=O)OC{solv}{x=0.559300}>,CC(C)CC(C)(C)C,CCCC(=O)OC,smee-spice2-systematic-torsion-generation_constrained-linear,3,1.5617559399999237,0.0475542874217815,1.053,0.0115
37756,3106,dens_581090592491592243,796,Density,<Substance CC(C)CC(C)(C)C{solv}{x=0.298100}|CCCC(=O)OC{solv}{x=0.701900}>,CC(C)CC(C)(C)C,CCCC(=O)OC,smee-spice2-systematic-torsion-generation_constrained-linear,3,0.8241241549641809,0.0002166020795737,0.8119000000000002,0.000505
37757,3107,dens_1497434747823371430,797,Density,<Substance CC(C)CC(C)(C)C{solv}{x=0.724300}|CCCC(=O)OC{solv}{x=0.275700}>,CC(C)CC(C)(C)C,CCCC(=O)OC,smee-spice2-systematic-torsion-generation_constrained-linear,3,0.7476357440470854,0.0001977538856259,0.7279000000000001,0.000505
37758,3108,dhmix_1614087501371550297,798,EnthalpyOfMixing,<Substance CC(C)CC(C)(C)C{solv}{x=0.762900}|CCCC(=O)OC{solv}{x=0.237100}>,CC(C)CC(C)(C)C,CCCC(=O)OC,smee-spice2-systematic-torsion-generation_constrained-linear,3,1.2717462257014915,0.0421859009368045,0.789,0.0085
37759,3109,dens_1842979547629422953,799,Density,<Substance CC(C)CC(C)(C)C{solv}{x=0.441000}|CCCC(=O)OC{solv}{x=0.559000}>,CC(C)CC(C)(C)C,CCCC(=O)OC,smee-spice2-systematic-torsion-generation_constrained-linear,3,0.7957472281322632,0.0002274729628249,0.7803000000000001,0.000505
37760,3110,dhmix_2246911102339588209,800,EnthalpyOfMixing,<Substance CC(C)CC(C)(C)C{solv}{x=0.298200}|CCCC(=O)OC{solv}{x=0.701800}>,CC(C)CC(C)(C)C,CCCC(=O)OC,smee-spice2-systematic-torsion-generation_constrained-linear,3,1.3200001263394745,0.0473199996271286,0.884,0.0095
37761,3111,dhmix_536798507677319129,801,EnthalpyOfMixing,<Substance C1COCO1{solv}{x=0.267900}|Cc1ccccc1Cl{solv}{x=0.732100}>,C1COCO1,Cc1ccccc1Cl,smee-spice2-systematic-torsion-generation_constrained-linear,3,0.4353267598957018,0.0446345027347922,0.272,0.0015
37762,3112,dens_559535483529614058,802,Density,<Substance C1COCO1{solv}{x=0.726600}|Cc1ccccc1Cl{solv}{x=0.273400}>,C1COCO1,Cc1ccccc1Cl,smee-spice2-systematic-torsion-generation_constrained-linear,3,1.1063407551167717,0.0002771109371177,1.0652000000000004,0.0005
37763,3113,dens_731520844601672570,803,Density,<Substance C1COCO1{solv}{x=0.268500}|Cc1ccccc1Cl{solv}{x=0.731500}>,C1COCO1,Cc1ccccc1Cl,smee-spice2-systematic-torsion-generation_constrained-linear,3,1.0826013991386274,0.0002627671222361,1.0630000000000002,0.0005
37764,3114,dens_839907656840905053,804,Density,<Substance C1COCO1{solv}{x=0.516900}|Cc1ccccc1Cl{solv}{x=0.483100}>,C1COCO1,Cc1ccccc1Cl,smee-spice2-systematic-torsion-generation_constrained-linear,3,1.100120157123121,0.0002841747050498,1.0694000000000004,0.0005
37765,3115,dhmix_1308085019204784636,805,EnthalpyOfMixing,<Substance C1COCO1{solv}{x=0.500900}|Cc1ccccc1Cl{solv}{x=0.499100}>,C1COCO1,Cc1ccccc1Cl,smee-spice2-systematic-torsion-generation_constrained-linear,3,0.607365014384655,0.0388503185745709,0.393,0.002
37766,3116,dhmix_1924685013370154802,806,EnthalpyOfMixing,<Substance C1COCO1{solv}{x=0.760400}|Cc1ccccc1Cl{solv}{x=0.239600}>,C1COCO1,Cc1ccccc1Cl,smee-spice2-systematic-torsion-generation_constrained-linear,3,0.4785305869567651,0.0334379377377341,0.313,0.0015
37767,3117,dhmix_549919019055097043,807,EnthalpyOfMixing,<Substance C1CCCCC1{solv}{x=0.799100}|CC(C)O{solv}{x=0.200900}>,C1CCCCC1,CC(C)O,smee-spice2-systematic-torsion-generation_constrained-linear,3,0.7810963710646774,0.0414866428034421,0.702,0.017
37768,3118,dhmix_1101575580592240663,808,EnthalpyOfMixing,<Substance C1CCCCC1{solv}{x=0.199500}|CC(C)O{solv}{x=0.800500}>,C1CCCCC1,CC(C)O,smee-spice2-systematic-torsion-generation_constrained-linear,3,0.5107302559443454,0.0446276458580309,0.438,0.011
37769,3119,dhmix_1262965345724899699,809,EnthalpyOfMixing,<Substance C1CCCCC1{solv}{x=0.498400}|CC(C)O{solv}{x=0.501600}>,C1CCCCC1,CC(C)O,smee-spice2-systematic-torsion-generation_constrained-linear,3,0.8234830528239598,0.0419918742924218,0.801,0.0195
37770,3120,dens_1431184569437551541,810,Density,<Substance C1CCCCC1{solv}{x=0.705800}|CC(C)O{solv}{x=0.294200}>,C1CCCCC1,CC(C)O,smee-spice2-systematic-torsion-generation_constrained-linear,3,0.7712904904150266,0.0002321640949962,0.7711100000000002,0.000245
37771,3121,dens_2097249982689376165,811,Density,<Substance C1CCCCC1{solv}{x=0.200000}|CC(C)O{solv}{x=0.800000}>,C1CCCCC1,CC(C)O,smee-spice2-systematic-torsion-generation_constrained-linear,3,0.7927442183627266,0.0002202415398253,0.7761000000000002,0.0003
37772,3122,dens_2130071224188444793,812,Density,<Substance C1CCCCC1{solv}{x=0.503900}|CC(C)O{solv}{x=0.496100}>,C1CCCCC1,CC(C)O,smee-spice2-systematic-torsion-generation_constrained-linear,3,0.7772365991393806,0.0001808269687927,0.7719000000000001,0.0003
37773,3123,dens_562489367284385084,813,Density,<Substance CCCCC(=O)OC{solv}{x=0.251100}|COC(C)=O{solv}{x=0.748900}>,CCCCC(=O)OC,COC(C)=O,smee-spice2-systematic-torsion-generation_constrained-linear,3,0.9192198145939968,0.000258422643519,0.9105300000000002,0.000505
37774,3124,dhmix_814771684244180933,814,EnthalpyOfMixing,<Substance CCCCC(=O)OC{solv}{x=0.733900}|COC(C)=O{solv}{x=0.266100}>,CCCCC(=O)OC,COC(C)=O,smee-spice2-systematic-torsion-generation_constrained-linear,3,0.1143200598352649,0.0424590248778132,0.178,0.002
37775,3125,dhmix_915202362324204655,815,EnthalpyOfMixing,<Substance CCCCC(=O)OC{solv}{x=0.505500}|COC(C)=O{solv}{x=0.494500}>,CCCCC(=O)OC,COC(C)=O,smee-spice2-systematic-torsion-generation_constrained-linear,3,0.2307612680827873,0.0414281138393593,0.238,0.0025
37776,3126,dhmix_935892165648195197,816,EnthalpyOfMixing,<Substance CCCCC(=O)OC{solv}{x=0.234700}|COC(C)=O{solv}{x=0.765300}>,CCCCC(=O)OC,COC(C)=O,smee-spice2-systematic-torsion-generation_constrained-linear,3,0.0580883632160293,0.0318195445846505,0.173,0.002
37777,3127,dens_961692445804333991,817,Density,<Substance CCCCC(=O)OC{solv}{x=0.738300}|COC(C)=O{solv}{x=0.261700}>,CCCCC(=O)OC,COC(C)=O,smee-spice2-systematic-torsion-generation_constrained-linear,3,0.8966815557683023,0.0002299777910743,0.8914700000000002,0.000505
37778,3128,dens_1493380961688632529,818,Density,<Substance CCCCC(=O)OC{solv}{x=0.493500}|COC(C)=O{solv}{x=0.506500}>,CCCCC(=O)OC,COC(C)=O,smee-spice2-systematic-torsion-generation_constrained-linear,3,0.906616692128148,0.0002130463826775,0.8996200000000002,0.000505
37779,3129,dhmix_563342363018905515,819,EnthalpyOfMixing,<Substance CCOC(=O)CC(C)=O{solv}{x=0.751400}|O{solv}{x=0.248600}>,CCOC(=O)CC(C)=O,O,smee-spice2-systematic-torsion-generation_constrained-linear,3,0.9255521573638816,0.0416076960132548,1.128,0.012
37780,3130,dhmix_1385095028103136291,820,EnthalpyOfMixing,<Substance CCOC(=O)CC(C)=O{solv}{x=0.449100}|O{solv}{x=0.550900}>,CCOC(=O)CC(C)=O,O,smee-spice2-systematic-torsion-generation_constrained-linear,3,0.6906372660748445,0.0289015966941409,0.684,0.0075
37781,3131,dhmix_1609967394780907654,821,EnthalpyOfMixing,<Substance CCOC(=O)CC(C)=O{solv}{x=0.299400}|O{solv}{x=0.700600}>,CCOC(=O)CC(C)=O,O,smee-spice2-systematic-torsion-generation_constrained-linear,3,0.5930632658264017,0.0243742242630396,0.428,0.005
37782,3132,dhmix_566259260175961973,822,EnthalpyOfMixing,<Substance CCCCO{solv}{x=0.144700}|OC1=NCCC1{solv}{x=0.855300}>,CCCCO,OC1=NCCC1,smee-spice2-systematic-torsion-generation_constrained-linear,3,0.2503622405350256,0.0868170033545016,0.0949,0.0012
37783,3133,dens_1146983614802652988,823,Density,<Substance CCCCO{solv}{x=0.500400}|OC1=NCCC1{solv}{x=0.499600}>,CCCCO,OC1=NCCC1,smee-spice2-systematic-torsion-generation_constrained-linear,3,0.943483614652366,0.0003082441240173,0.94503,0.00015
37784,3134,dhmix_1601732489230179724,824,EnthalpyOfMixing,<Substance CCCCO{solv}{x=0.497800}|OC1=NCCC1{solv}{x=0.502200}>,CCCCO,OC1=NCCC1,smee-spice2-systematic-torsion-generation_constrained-linear,3,-0.7039870402364556,0.0586694250283003,0.2326,0.0026
37785,3135,dhmix_1661138478850718837,825,EnthalpyOfMixing,<Substance CCCCO{solv}{x=0.754800}|OC1=NCCC1{solv}{x=0.245200}>,CCCCO,OC1=NCCC1,smee-spice2-systematic-torsion-generation_constrained-linear,3,-0.0462243499199956,0.0566287031202414,0.2356,0.00265
37786,3136,dens_1878955695276199878,826,Density,<Substance CCCCO{solv}{x=0.144600}|OC1=NCCC1{solv}{x=0.855400}>,CCCCO,OC1=NCCC1,smee-spice2-systematic-torsion-generation_constrained-linear,3,1.0457717779567832,0.000475498215522,1.0575900000000005,0.000205
37787,3137,dens_2101998760005952263,827,Density,<Substance CCCCO{solv}{x=0.755500}|OC1=NCCC1{solv}{x=0.244500}>,CCCCO,OC1=NCCC1,smee-spice2-systematic-torsion-generation_constrained-linear,3,0.8718358649865388,0.00026343392788,0.8711500000000002,0.000185
37788,3138,dhmix_569012254773025696,828,EnthalpyOfMixing,<Substance CC(C)(C)O{solv}{x=0.505700}|OC1=NCCC1{solv}{x=0.494300}>,CC(C)(C)O,OC1=NCCC1,smee-spice2-systematic-torsion-generation_constrained-linear,3,-1.7002465960918016,0.050876665842838,0.4323,0.0047
37789,3139,dens_992979807705536615,829,Density,<Substance CC(C)(C)O{solv}{x=0.751100}|OC1=NCCC1{solv}{x=0.248900}>,CC(C)(C)O,OC1=NCCC1,smee-spice2-systematic-torsion-generation_constrained-linear,3,0.8908946997430879,0.0003871914473785,0.8505700000000003,0.000215
37790,3140,dens_1020722913861580636,830,Density,<Substance CC(C)(C)O{solv}{x=0.499700}|OC1=NCCC1{solv}{x=0.500300}>,CC(C)(C)O,OC1=NCCC1,smee-spice2-systematic-torsion-generation_constrained-linear,3,0.9554824280033056,0.0005078679243406,0.9282800000000002,0.00018
37791,3141,dhmix_1408261346335628114,831,EnthalpyOfMixing,<Substance CC(C)(C)O{solv}{x=0.744900}|OC1=NCCC1{solv}{x=0.255100}>,CC(C)(C)O,OC1=NCCC1,smee-spice2-systematic-torsion-generation_constrained-linear,3,-0.692081706590713,0.056515046280012,0.3774,0.00415
37792,3142,dhmix_1466823939183874689,832,EnthalpyOfMixing,<Substance CC(C)(C)O{solv}{x=0.257800}|OC1=NCCC1{solv}{x=0.742200}>,CC(C)(C)O,OC1=NCCC1,smee-spice2-systematic-torsion-generation_constrained-linear,3,-0.4733475764867592,0.0687573151911939,0.2874,0.0032
37793,3143,dens_1768273433543243004,833,Density,<Substance CC(C)(C)O{solv}{x=0.276400}|OC1=NCCC1{solv}{x=0.723600}>,CC(C)(C)O,OC1=NCCC1,smee-spice2-systematic-torsion-generation_constrained-linear,3,1.0123652899715432,0.0002330369713113,1.0036300000000002,0.000155
37794,3144,dens_571827819113574480,834,Density,<Substance CC(C)OC(C)C{solv}{x=0.700400}|Cc1ccccc1{solv}{x=0.299600}>,CC(C)OC(C)C,Cc1ccccc1,smee-spice2-systematic-torsion-generation_constrained-linear,3,0.7739826770570555,0.0002312280674632,0.7573100000000001,0.000155
37795,3145,dhmix_686402805609192969,835,EnthalpyOfMixing,<Substance CC(C)OC(C)C{solv}{x=0.228000}|Cc1ccccc1{solv}{x=0.772000}>,CC(C)OC(C)C,Cc1ccccc1,smee-spice2-systematic-torsion-generation_constrained-linear,3,-0.1417187581022716,0.0425351624669056,0.0593,0.00515
37796,3146,dhmix_1045652173440309018,836,EnthalpyOfMixing,<Substance CC(C)OC(C)C{solv}{x=0.752000}|Cc1ccccc1{solv}{x=0.248000}>,CC(C)OC(C)C,Cc1ccccc1,smee-spice2-systematic-torsion-generation_constrained-linear,3,-0.1758347442769263,0.04882550573555,-0.0091,0.00505
37797,3147,dhmix_1690461453403165745,837,EnthalpyOfMixing,<Substance CC(C)OC(C)C{solv}{x=0.455000}|Cc1ccccc1{solv}{x=0.545000}>,CC(C)OC(C)C,Cc1ccccc1,smee-spice2-systematic-torsion-generation_constrained-linear,3,-0.1271894175880703,0.0439021379609581,0.0323,0.0051
37798,3148,dens_2086775654110573795,838,Density,<Substance CC(C)OC(C)C{solv}{x=0.200400}|Cc1ccccc1{solv}{x=0.799600}>,CC(C)OC(C)C,Cc1ccccc1,smee-spice2-systematic-torsion-generation_constrained-linear,3,0.8334515280099535,0.0002604880973472,0.8299700000000002,0.00014
37799,3149,dens_2167043968237201720,839,Density,<Substance CC(C)OC(C)C{solv}{x=0.500300}|Cc1ccccc1{solv}{x=0.499700}>,CC(C)OC(C)C,Cc1ccccc1,smee-spice2-systematic-torsion-generation_constrained-linear,3,0.7968865038088337,0.0002383998819372,0.7849200000000002,0.000155
37800,3150,dhmix_578047845607378963,840,EnthalpyOfMixing,<Substance CN1CCCC1=O{solv}{x=0.635900}|c1ccncc1{solv}{x=0.364100}>,CN1CCCC1=O,c1ccncc1,smee-spice2-systematic-torsion-generation_constrained-linear,3,-0.3164117612162371,0.0414496521493965,-0.4013,0.10035
37801,3151,dhmix_625120262301063359,841,EnthalpyOfMixing,<Substance CN1CCCC1=O{solv}{x=0.231200}|c1ccncc1{solv}{x=0.768800}>,CN1CCCC1=O,c1ccncc1,smee-spice2-systematic-torsion-generation_constrained-linear,3,-0.280846571176971,0.0372200998825338,-0.3157,0.07895
37802,3152,dens_1059919274311274879,842,Density,<Substance CN1CCCC1=O{solv}{x=0.521500}|c1ccncc1{solv}{x=0.478500}>,CN1CCCC1=O,c1ccncc1,smee-spice2-systematic-torsion-generation_constrained-linear,3,1.0049913296031168,0.0002136966184516,1.0158200000000004,0.00051
37803,3153,dens_1445187430653020908,843,Density,<Substance CN1CCCC1=O{solv}{x=0.234800}|c1ccncc1{solv}{x=0.765200}>,CN1CCCC1=O,c1ccncc1,smee-spice2-systematic-torsion-generation_constrained-linear,3,1.0001522730313628,0.0002036934523483,0.9983500000000004,0.00051
37804,3154,dhmix_1933003504821603087,844,EnthalpyOfMixing,<Substance CN1CCCC1=O{solv}{x=0.499500}|c1ccncc1{solv}{x=0.500500}>,CN1CCCC1=O,c1ccncc1,smee-spice2-systematic-torsion-generation_constrained-linear,3,-0.3090691391518874,0.0390600327973231,-0.4356,0.1089
37805,3155,dens_2199047009222847682,845,Density,<Substance CN1CCCC1=O{solv}{x=0.636400}|c1ccncc1{solv}{x=0.363600}>,CN1CCCC1=O,c1ccncc1,smee-spice2-systematic-torsion-generation_constrained-linear,3,1.0064167919923548,0.0002105650213997,1.0207400000000002,0.00051
37806,3156,dens_586351122522837789,846,Density,<Substance c1cc[nH]c1{solv}{x=0.820700}|c1ccccc1{solv}{x=0.179300}>,c1cc[nH]c1,c1ccccc1,smee-spice2-systematic-torsion-generation_constrained-linear,3,0.965520994007336,0.0002499985947768,0.9503300000000002,0.000195
37807,3157,dhmix_1101447260293284221,847,EnthalpyOfMixing,<Substance c1cc[nH]c1{solv}{x=0.494000}|c1ccccc1{solv}{x=0.506000}>,c1cc[nH]c1,c1ccccc1,smee-spice2-systematic-torsion-generation_constrained-linear,3,0.6200294140755744,0.0364702004764802,0.609,0.00395
37808,3158,dens_1366042600317618213,848,Density,<Substance c1cc[nH]c1{solv}{x=0.503000}|c1ccccc1{solv}{x=0.497000}>,c1cc[nH]c1,c1ccccc1,smee-spice2-systematic-torsion-generation_constrained-linear,3,0.924009173921581,0.0002702678208717,0.9220400000000002,0.00019
37809,3159,dens_2042223650153961549,849,Density,<Substance c1cc[nH]c1{solv}{x=0.314200}|c1ccccc1{solv}{x=0.685800}>,c1cc[nH]c1,c1ccccc1,smee-spice2-systematic-torsion-generation_constrained-linear,3,0.9032116507814596,0.0002479974192139,0.9043500000000002,0.000195
37810,3160,dhmix_2080652523589171296,850,EnthalpyOfMixing,<Substance c1cc[nH]c1{solv}{x=0.820800}|c1ccccc1{solv}{x=0.179200}>,c1cc[nH]c1,c1ccccc1,smee-spice2-systematic-torsion-generation_constrained-linear,3,0.3243269154993555,0.0381518050702874,0.3441,0.00245
37811,3161,dhmix_2101365800313583195,851,EnthalpyOfMixing,<Substance c1cc[nH]c1{solv}{x=0.314000}|c1ccccc1{solv}{x=0.686000}>,c1cc[nH]c1,c1ccccc1,smee-spice2-systematic-torsion-generation_constrained-linear,3,0.5298177478222783,0.0335524235753345,0.5893,0.00385
37812,3162,dens_592296207180530796,852,Density,<Substance C1CCNCC1{solv}{x=0.250000}|O{solv}{x=0.750000}>,C1CCNCC1,O,smee-spice2-systematic-torsion-generation_constrained-linear,3,0.9192470862484308,0.0003646077142683,0.9379600000000002,0.000185
37813,3163,dhmix_598563182385523239,853,EnthalpyOfMixing,<Substance C1CCNCC1{solv}{x=0.750000}|O{solv}{x=0.250000}>,C1CCNCC1,O,smee-spice2-systematic-torsion-generation_constrained-linear,3,-0.6509347749931322,0.0427529421161563,-1.4628,0.02995
37814,3164,dens_1144696340343060729,854,Density,<Substance C1CCNCC1{solv}{x=0.500000}|O{solv}{x=0.500000}>,C1CCNCC1,O,smee-spice2-systematic-torsion-generation_constrained-linear,3,0.8986898881156697,0.000305555788311,0.90329,0.000235
37815,3165,dens_1551117370864361960,855,Density,<Substance C1CCNCC1{solv}{x=0.750000}|O{solv}{x=0.250000}>,C1CCNCC1,O,smee-spice2-systematic-torsion-generation_constrained-linear,3,0.8869899907772568,0.0002468409092538,0.8771300000000002,0.000285
37816,3166,dhmix_2023343497633678069,856,EnthalpyOfMixing,<Substance C1CCNCC1{solv}{x=0.500000}|O{solv}{x=0.500000}>,C1CCNCC1,O,smee-spice2-systematic-torsion-generation_constrained-linear,3,-1.053147253484788,0.0300399224400888,-2.1379,0.04355
37817,3167,dhmix_2169709193905404129,857,EnthalpyOfMixing,<Substance C1CCNCC1{solv}{x=0.250000}|O{solv}{x=0.750000}>,C1CCNCC1,O,smee-spice2-systematic-torsion-generation_constrained-linear,3,-0.706127408767312,0.0263929075986117,-1.9642,0.04065
37818,3168,dhmix_597694390671293228,858,EnthalpyOfMixing,<Substance C1CCCCC1{solv}{x=0.495000}|c1cc[nH]c1{solv}{x=0.505000}>,C1CCCCC1,c1cc[nH]c1,smee-spice2-systematic-torsion-generation_constrained-linear,3,1.6718259955030703,0.0339682443340903,1.4275,0.00895
37819,3169,dens_1402964712081643759,859,Density,<Substance C1CCCCC1{solv}{x=0.281700}|c1cc[nH]c1{solv}{x=0.718300}>,C1CCCCC1,c1cc[nH]c1,smee-spice2-systematic-torsion-generation_constrained-linear,3,0.8977117942856662,0.0002751422026157,0.9082800000000002,0.00023
37820,3170,dens_1463337814181203578,860,Density,<Substance C1CCCCC1{solv}{x=0.925100}|c1cc[nH]c1{solv}{x=0.074900}>,C1CCCCC1,c1cc[nH]c1,smee-spice2-systematic-torsion-generation_constrained-linear,3,0.7743260607868222,0.0002227092873912,0.7860300000000001,0.00026
37821,3171,dens_1586039458655447443,861,Density,<Substance C1CCCCC1{solv}{x=0.494200}|c1cc[nH]c1{solv}{x=0.505800}>,C1CCCCC1,c1cc[nH]c1,smee-spice2-systematic-torsion-generation_constrained-linear,3,0.8468424301805443,0.0002225724102908,0.8661300000000002,0.000235
37822,3172,dhmix_1650717903260721901,862,EnthalpyOfMixing,<Substance C1CCCCC1{solv}{x=0.924800}|c1cc[nH]c1{solv}{x=0.075200}>,C1CCCCC1,c1cc[nH]c1,smee-spice2-systematic-torsion-generation_constrained-linear,3,0.7384431300655763,0.0424950344536421,0.7315,0.00535
37823,3173,dhmix_1709124910710738018,863,EnthalpyOfMixing,<Substance C1CCCCC1{solv}{x=0.281800}|c1cc[nH]c1{solv}{x=0.718200}>,C1CCCCC1,c1cc[nH]c1,smee-spice2-systematic-torsion-generation_constrained-linear,3,1.3499147711682298,0.0344268069618497,1.245,0.00795
37824,3174,dhmix_602003453564252918,864,EnthalpyOfMixing,<Substance COc1ccccc1{solv}{x=0.767000}|OCCc1ccccc1{solv}{x=0.233000}>,COc1ccccc1,OCCc1ccccc1,smee-spice2-systematic-torsion-generation_constrained-linear,3,0.8209291504021223,0.0478531667120019,1.1154,0.01195
37825,3175,dhmix_831666159864093343,865,EnthalpyOfMixing,<Substance COc1ccccc1{solv}{x=0.267800}|OCCc1ccccc1{solv}{x=0.732200}>,COc1ccccc1,OCCc1ccccc1,smee-spice2-systematic-torsion-generation_constrained-linear,3,0.6863197092559403,0.0502259866004357,0.688,0.00745
37826,3176,dhmix_1415130215717622630,866,EnthalpyOfMixing,<Substance COc1ccccc1{solv}{x=0.523200}|OCCc1ccccc1{solv}{x=0.476800}>,COc1ccccc1,OCCc1ccccc1,smee-spice2-systematic-torsion-generation_constrained-linear,3,0.8782645628262173,0.0447235346500566,1.0457,0.0112
37827,3177,dens_2018050376435813399,867,Density,<Substance COc1ccccc1{solv}{x=0.767300}|OCCc1ccccc1{solv}{x=0.232700}>,COc1ccccc1,OCCc1ccccc1,smee-spice2-systematic-torsion-generation_constrained-linear,3,0.98681417644876,0.0002173065695915,0.9869000000000002,0.00026
37828,3178,dens_2083067547090229321,868,Density,<Substance COc1ccccc1{solv}{x=0.524500}|OCCc1ccccc1{solv}{x=0.475500}>,COc1ccccc1,OCCc1ccccc1,smee-spice2-systematic-torsion-generation_constrained-linear,3,0.996610363360872,0.0002137277240678,0.9943600000000002,0.00026
37829,3179,dens_2108796896152795987,869,Density,<Substance COc1ccccc1{solv}{x=0.212100}|OCCc1ccccc1{solv}{x=0.787900}>,COc1ccccc1,OCCc1ccccc1,smee-spice2-systematic-torsion-generation_constrained-linear,3,1.008013786256587,0.0002006268405099,1.0032600000000005,0.00026
37830,3180,dhmix_607389561715885318,870,EnthalpyOfMixing,<Substance CC(C)O{solv}{x=0.750600}|CCOC(=O)CC(=O)OCC{solv}{x=0.249400}>,CC(C)O,CCOC(=O)CC(=O)OCC,smee-spice2-systematic-torsion-generation_constrained-linear,3,1.8206354197056385,0.0447735617385598,1.955,0.021
37831,3181,dhmix_970997719035766241,871,EnthalpyOfMixing,<Substance CC(C)O{solv}{x=0.249200}|CCOC(=O)CC(=O)OCC{solv}{x=0.750800}>,CC(C)O,CCOC(=O)CC(=O)OCC,smee-spice2-systematic-torsion-generation_constrained-linear,3,1.528130463292257,0.04046183265364,1.804,0.0195
37832,3182,dens_1055220895195342210,872,Density,<Substance CC(C)O{solv}{x=0.700000}|CCOC(=O)CC(=O)OCC{solv}{x=0.300000}>,CC(C)O,CCOC(=O)CC(=O)OCC,smee-spice2-systematic-torsion-generation_constrained-linear,3,0.9298336580715084,0.0001643634252945,0.9013080000000002,0.000163
37833,3183,dens_1059428282849222105,873,Density,<Substance CC(C)O{solv}{x=0.500100}|CCOC(=O)CC(=O)OCC{solv}{x=0.499900}>,CC(C)O,CCOC(=O)CC(=O)OCC,smee-spice2-systematic-torsion-generation_constrained-linear,3,0.9838508746597344,0.0002142805800878,0.9563730000000004,0.0001215
37834,3184,dhmix_2225069850502215858,874,EnthalpyOfMixing,<Substance CC(C)O{solv}{x=0.499700}|CCOC(=O)CC(=O)OCC{solv}{x=0.500300}>,CC(C)O,CCOC(=O)CC(=O)OCC,smee-spice2-systematic-torsion-generation_constrained-linear,3,1.99656852956727,0.0445414177443247,2.369,0.0255
37835,3185,dens_2227064517025896927,875,Density,<Substance CC(C)O{solv}{x=0.200000}|CCOC(=O)CC(=O)OCC{solv}{x=0.800000}>,CC(C)O,CCOC(=O)CC(=O)OCC,smee-spice2-systematic-torsion-generation_constrained-linear,3,1.043547711069038,0.0001709891831706,1.0176930000000002,0.000103
37836,3186,dhmix_614525131410782877,876,EnthalpyOfMixing,<Substance CCCCCC(C)=O{solv}{x=0.491300}|CCCCNCCCC{solv}{x=0.508700}>,CCCCCC(C)=O,CCCCNCCCC,smee-spice2-systematic-torsion-generation_constrained-linear,3,-0.1257601209848502,0.050474040078774,0.278,0.003
37837,3187,dhmix_1051001364116056564,877,EnthalpyOfMixing,<Substance CCCCCC(C)=O{solv}{x=0.781100}|CCCCNCCCC{solv}{x=0.218900}>,CCCCCC(C)=O,CCCCNCCCC,smee-spice2-systematic-torsion-generation_constrained-linear,3,0.0286838023913871,0.0501143901625833,0.164,0.002
37838,3188,dens_1087422962538109584,878,Density,<Substance CCCCCC(C)=O{solv}{x=0.449900}|CCCCNCCCC{solv}{x=0.550100}>,CCCCCC(C)=O,CCCCNCCCC,smee-spice2-systematic-torsion-generation_constrained-linear,3,0.7815610077705801,0.0001779938653601,0.7778490000000002,9.250000000000004e-05
37839,3189,dens_1830187222448876426,879,Density,<Substance CCCCCC(C)=O{solv}{x=0.209700}|CCCCNCCCC{solv}{x=0.790300}>,CCCCCC(C)=O,CCCCNCCCC,smee-spice2-systematic-torsion-generation_constrained-linear,3,0.77354334463751,0.0002074769367306,0.7655110000000002,8.400000000000002e-05
37840,3190,dens_2113849591242853193,880,Density,<Substance CCCCCC(C)=O{solv}{x=0.750900}|CCCCNCCCC{solv}{x=0.249100}>,CCCCCC(C)=O,CCCCNCCCC,smee-spice2-systematic-torsion-generation_constrained-linear,3,0.7924056984935663,0.0001790590822946,0.7951660000000003,0.000105
37841,3191,dhmix_2131918011494960609,881,EnthalpyOfMixing,<Substance CCCCCC(C)=O{solv}{x=0.294700}|CCCCNCCCC{solv}{x=0.705300}>,CCCCCC(C)=O,CCCCNCCCC,smee-spice2-systematic-torsion-generation_constrained-linear,3,-0.1134536888264534,0.0516438830769356,0.256,0.003
37842,3192,dhmix_618866445574413387,882,EnthalpyOfMixing,<Substance C1CCOCC1{solv}{x=0.442500}|Cc1ccccc1C{solv}{x=0.557500}>,C1CCOCC1,Cc1ccccc1C,smee-spice2-systematic-torsion-generation_constrained-linear,3,-0.0125054638152732,0.044907919013849,-0.0342,0.0006
37843,3193,dens_643927890193937545,883,Density,<Substance C1CCOCC1{solv}{x=0.518700}|Cc1ccccc1C{solv}{x=0.481300}>,C1CCOCC1,Cc1ccccc1C,smee-spice2-systematic-torsion-generation_constrained-linear,3,0.8725348871071836,0.0001966901110664,0.8779900000000003,0.0005
37844,3194,dhmix_1129414916141538177,884,EnthalpyOfMixing,<Substance C1CCOCC1{solv}{x=0.744300}|Cc1ccccc1C{solv}{x=0.255700}>,C1CCOCC1,Cc1ccccc1C,smee-spice2-systematic-torsion-generation_constrained-linear,3,0.0259214837264494,0.0428475197318312,0.0421,0.00065
37845,3195,dens_1429468909820653032,885,Density,<Substance C1CCOCC1{solv}{x=0.231800}|Cc1ccccc1C{solv}{x=0.768200}>,C1CCOCC1,Cc1ccccc1C,smee-spice2-systematic-torsion-generation_constrained-linear,3,0.8684586646370814,0.0002173506766273,0.8770400000000002,0.0005
37846,3196,dens_1442497603142913792,886,Density,<Substance C1CCOCC1{solv}{x=0.772900}|Cc1ccccc1C{solv}{x=0.227100}>,C1CCOCC1,Cc1ccccc1C,smee-spice2-systematic-torsion-generation_constrained-linear,3,0.8766746300311087,0.0001620375065301,0.8787800000000002,0.000505
37847,3197,dhmix_2268256048157488415,887,EnthalpyOfMixing,<Substance C1CCOCC1{solv}{x=0.245400}|Cc1ccccc1C{solv}{x=0.754600}>,C1CCOCC1,Cc1ccccc1C,smee-spice2-systematic-torsion-generation_constrained-linear,3,0.015385737202024,0.0526956314144883,-0.0613,0.00085
37848,3198,dens_626398848152359169,888,Density,<Substance C1COCCN1{solv}{x=0.498000}|O{solv}{x=0.502000}>,C1COCCN1,O,smee-spice2-systematic-torsion-generation_constrained-linear,3,1.0490439258988,0.0003994358399464,1.0255000000000003,0.00255
37849,3199,dhmix_773913810754342365,889,EnthalpyOfMixing,<Substance C1COCCN1{solv}{x=0.714900}|O{solv}{x=0.285100}>,C1COCCN1,O,smee-spice2-systematic-torsion-generation_constrained-linear,3,-1.4059504785834918,0.0371593573515757,-1.753,0.019
37850,3200,dhmix_1012297674499495059,890,EnthalpyOfMixing,<Substance C1COCCN1{solv}{x=0.201000}|O{solv}{x=0.799000}>,C1COCCN1,O,smee-spice2-systematic-torsion-generation_constrained-linear,3,-1.0694077082096527,0.0263572709577402,-2.758,0.0295
37851,3201,dens_1167008264969667349,891,Density,<Substance C1COCCN1{solv}{x=0.793000}|O{solv}{x=0.207000}>,C1COCCN1,O,smee-spice2-systematic-torsion-generation_constrained-linear,3,1.0542541649896635,0.0002460414273947,1.0057000000000005,0.00245
37852,3202,dhmix_1871930573512426354,892,EnthalpyOfMixing,<Substance C1COCCN1{solv}{x=0.491100}|O{solv}{x=0.508900}>,C1COCCN1,O,smee-spice2-systematic-torsion-generation_constrained-linear,3,-1.7837259611716831,0.0322400757286603,-3.131,0.0335
37853,3203,dens_2014911999593579414,893,Density,<Substance C1COCCN1{solv}{x=0.298000}|O{solv}{x=0.702000}>,C1COCCN1,O,smee-spice2-systematic-torsion-generation_constrained-linear,3,1.038330772326392,0.0003052262313439,1.0309000000000004,0.00255
37854,3204,dens_627753907231278660,894,Density,<Substance CCC(C)=O{solv}{x=0.753100}|CCCNCCC{solv}{x=0.246900}>,CCC(C)=O,CCCNCCC,smee-spice2-systematic-torsion-generation_constrained-linear,3,0.7690962358653677,0.000242394743104,0.7771510000000001,0.000109
37855,3205,dens_674236159588910357,895,Density,<Substance CCC(C)=O{solv}{x=0.244600}|CCCNCCC{solv}{x=0.755400}>,CCC(C)=O,CCCNCCC,smee-spice2-systematic-torsion-generation_constrained-linear,3,0.7539974587394704,0.0002050984556906,0.7446230000000003,0.0001405
37856,3206,dhmix_749228177959685874,896,EnthalpyOfMixing,<Substance CCC(C)=O{solv}{x=0.235300}|CCCNCCC{solv}{x=0.764700}>,CCC(C)=O,CCCNCCC,smee-spice2-systematic-torsion-generation_constrained-linear,3,-0.0263773555885791,0.0496286273868915,0.299,0.0035
37857,3207,dhmix_1706960823617656563,897,EnthalpyOfMixing,<Substance CCC(C)=O{solv}{x=0.698400}|CCCNCCC{solv}{x=0.301600}>,CCC(C)=O,CCCNCCC,smee-spice2-systematic-torsion-generation_constrained-linear,3,0.0073118895389665,0.0372868210546689,0.334,0.0035
37858,3208,dhmix_2102794241345605516,898,EnthalpyOfMixing,<Substance CCC(C)=O{solv}{x=0.505000}|CCCNCCC{solv}{x=0.495000}>,CCC(C)=O,CCCNCCC,smee-spice2-systematic-torsion-generation_constrained-linear,3,-0.0080913019889123,0.0487617482923609,0.397,0.0045
37859,3209,dens_2224864308887622456,899,Density,<Substance CCC(C)=O{solv}{x=0.500600}|CCCNCCC{solv}{x=0.499400}>,CCC(C)=O,CCCNCCC,smee-spice2-systematic-torsion-generation_constrained-linear,3,0.7616783853623152,0.0002301741136759,0.7590400000000002,0.000125
37860,3210,dhmix_628329103086906726,900,EnthalpyOfMixing,<Substance CC1CCCCC1{solv}{x=0.250400}|CCCO{solv}{x=0.749600}>,CC1CCCCC1,CCCO,smee-spice2-systematic-torsion-generation_constrained-linear,3,0.3742989045610585,0.039676402490842,0.321,0.0055
37861,3211,dhmix_989207392771680315,901,EnthalpyOfMixing,<Substance CC1CCCCC1{solv}{x=0.750500}|CCCO{solv}{x=0.249500}>,CC1CCCCC1,CCCO,smee-spice2-systematic-torsion-generation_constrained-linear,3,0.55217527639671,0.0470601352975887,0.574,0.0055
37862,3212,dens_1351260115393741606,902,Density,<Substance CC1CCCCC1{solv}{x=0.503100}|CCCO{solv}{x=0.496900}>,CC1CCCCC1,CCCO,smee-spice2-systematic-torsion-generation_constrained-linear,3,0.7791099456044449,0.0001632678931446,0.7785600000000001,0.0039
37863,3213,dens_1376195506089851480,903,Density,<Substance CC1CCCCC1{solv}{x=0.202700}|CCCO{solv}{x=0.797300}>,CC1CCCCC1,CCCO,smee-spice2-systematic-torsion-generation_constrained-linear,3,0.7902953026898296,0.000216433639685,0.7942000000000002,0.00398
37864,3214,dens_1501229836503112732,904,Density,<Substance CC1CCCCC1{solv}{x=0.799000}|CCCO{solv}{x=0.201000}>,CC1CCCCC1,CCCO,smee-spice2-systematic-torsion-generation_constrained-linear,3,0.772659961913439,0.0001714216597209,0.7688300000000002,0.003855
37865,3215,dhmix_2109805019413953371,905,EnthalpyOfMixing,<Substance CC1CCCCC1{solv}{x=0.500400}|CCCO{solv}{x=0.499600}>,CC1CCCCC1,CCCO,smee-spice2-systematic-torsion-generation_constrained-linear,3,0.6111436085908508,0.0426603643384115,0.533,0.0055
37866,3216,dhmix_634764080264908666,906,EnthalpyOfMixing,<Substance OCCN1CCOCC1{solv}{x=0.498900}|O{solv}{x=0.501100}>,O,OCCN1CCOCC1,smee-spice2-systematic-torsion-generation_constrained-linear,3,-2.407607850209189,0.0418577444998312,-2.2633,0.02415
37867,3217,dens_707792343667224312,907,Density,<Substance OCCN1CCOCC1{solv}{x=0.246600}|O{solv}{x=0.753400}>,O,OCCN1CCOCC1,smee-spice2-systematic-torsion-generation_constrained-linear,3,1.0810430057371216,0.0003383580014153,1.0838100000000002,0.00154
37868,3218,dhmix_1064373607860850902,908,EnthalpyOfMixing,<Substance OCCN1CCOCC1{solv}{x=0.694900}|O{solv}{x=0.305100}>,O,OCCN1CCOCC1,smee-spice2-systematic-torsion-generation_constrained-linear,3,-1.9845644164852845,0.0430726122067493,-1.7936,0.01915
37869,3219,dhmix_1846281306963870091,909,EnthalpyOfMixing,<Substance OCCN1CCOCC1{solv}{x=0.300200}|O{solv}{x=0.699800}>,O,OCCN1CCOCC1,smee-spice2-systematic-torsion-generation_constrained-linear,3,-1.730606366072024,0.0312538495898799,-2.426,0.026
37870,3220,dens_2238932092645470826,910,Density,<Substance OCCN1CCOCC1{solv}{x=0.743900}|O{solv}{x=0.256100}>,O,OCCN1CCOCC1,smee-spice2-systematic-torsion-generation_constrained-linear,3,1.1052342611946893,0.0003696773023343,1.08031,0.001565
37871,3221,dens_2269173599223764079,911,Density,<Substance OCCN1CCOCC1{solv}{x=0.485200}|O{solv}{x=0.514800}>,O,OCCN1CCOCC1,smee-spice2-systematic-torsion-generation_constrained-linear,3,1.1006183348048977,0.0003538733670993,1.0866900000000004,0.00159
37872,3222,dhmix_636778454546345333,912,EnthalpyOfMixing,<Substance C1CCCCC1{solv}{x=0.506300}|CNc1ccccc1{solv}{x=0.493700}>,C1CCCCC1,CNc1ccccc1,smee-spice2-systematic-torsion-generation_constrained-linear,3,2.104245529010228,0.0441704550192184,1.628,0.0175
37873,3223,dens_1209163492396921559,913,Density,<Substance C1CCCCC1{solv}{x=0.247000}|CNc1ccccc1{solv}{x=0.753000}>,C1CCCCC1,CNc1ccccc1,smee-spice2-systematic-torsion-generation_constrained-linear,3,0.9392729921664884,0.0001759342885563,0.9289450000000002,0.000272
37874,3224,dens_1438140901521078017,914,Density,<Substance C1CCCCC1{solv}{x=0.494500}|CNc1ccccc1{solv}{x=0.505500}>,C1CCCCC1,CNc1ccccc1,smee-spice2-systematic-torsion-generation_constrained-linear,3,0.8785692292919169,0.0002034535214945,0.8759620000000002,0.0001835
37875,3225,dens_1482697199055102595,915,Density,<Substance C1CCCCC1{solv}{x=0.746400}|CNc1ccccc1{solv}{x=0.253600}>,C1CCCCC1,CNc1ccccc1,smee-spice2-systematic-torsion-generation_constrained-linear,3,0.8200573163783808,0.0001548943435923,0.8233530000000001,0.000138
37876,3226,dhmix_1832297119731463766,916,EnthalpyOfMixing,<Substance C1CCCCC1{solv}{x=0.204700}|CNc1ccccc1{solv}{x=0.795300}>,C1CCCCC1,CNc1ccccc1,smee-spice2-systematic-torsion-generation_constrained-linear,3,1.684791814186326,0.0470411022844138,0.972,0.0105
37877,3227,dhmix_1889368397403208807,917,EnthalpyOfMixing,<Substance C1CCCCC1{solv}{x=0.706600}|CNc1ccccc1{solv}{x=0.293400}>,C1CCCCC1,CNc1ccccc1,smee-spice2-systematic-torsion-generation_constrained-linear,3,1.8278353137029344,0.0468860247937528,1.521,0.0165
37878,3228,dhmix_637657437173907469,918,EnthalpyOfMixing,<Substance CC(C)=O{solv}{x=0.709700}|CNc1ccccc1{solv}{x=0.290300}>,CC(C)=O,CNc1ccccc1,smee-spice2-systematic-torsion-generation_constrained-linear,3,-0.4731859978199253,0.0367658485349123,-0.525,0.0055
37879,3229,dhmix_817594693007274900,919,EnthalpyOfMixing,<Substance CC(C)=O{solv}{x=0.231600}|CNc1ccccc1{solv}{x=0.768400}>,CC(C)=O,CNc1ccccc1,smee-spice2-systematic-torsion-generation_constrained-linear,3,-0.6179132966891032,0.0486457009157245,-0.5,0.0055
37880,3230,dens_830664987854613197,920,Density,<Substance CC(C)=O{solv}{x=0.250300}|CNc1ccccc1{solv}{x=0.749700}>,CC(C)=O,CNc1ccccc1,smee-spice2-systematic-torsion-generation_constrained-linear,3,0.9645690860964344,0.0001731418462916,0.9502900000000002,0.0003395
37881,3231,dhmix_1052042310023734389,921,EnthalpyOfMixing,<Substance CC(C)=O{solv}{x=0.508600}|CNc1ccccc1{solv}{x=0.491400}>,CC(C)=O,CNc1ccccc1,smee-spice2-systematic-torsion-generation_constrained-linear,3,-0.6315412999460435,0.0391168700301391,-0.672,0.0075
37882,3232,dens_1302333367899693905,922,Density,<Substance CC(C)=O{solv}{x=0.750600}|CNc1ccccc1{solv}{x=0.249400}>,CC(C)=O,CNc1ccccc1,smee-spice2-systematic-torsion-generation_constrained-linear,3,0.8522314254548303,0.0002767533199835,0.8565010000000002,0.000231
37883,3233,dens_1582643029733708616,923,Density,<Substance CC(C)=O{solv}{x=0.494800}|CNc1ccccc1{solv}{x=0.505200}>,CC(C)=O,CNc1ccccc1,smee-spice2-systematic-torsion-generation_constrained-linear,3,0.916830372893608,0.000265005924965,0.9107940000000002,0.000263
37884,3234,dens_650566412384126439,924,Density,<Substance CC(C)CC(C)(C)C{solv}{x=0.158800}|CCCCC(=O)OC{solv}{x=0.841200}>,CC(C)CC(C)(C)C,CCCCC(=O)OC,smee-spice2-systematic-torsion-generation_constrained-linear,3,0.8540580371717399,0.0001993543769472,0.8463800000000002,0.000505
37885,3235,dhmix_986100941633296124,925,EnthalpyOfMixing,<Substance CC(C)CC(C)(C)C{solv}{x=0.481800}|CCCCC(=O)OC{solv}{x=0.518200}>,CC(C)CC(C)(C)C,CCCCC(=O)OC,smee-spice2-systematic-torsion-generation_constrained-linear,3,1.3317408620049864,0.0494185145343562,0.866,0.0095
37886,3236,dens_1095352626338523806,926,Density,<Substance CC(C)CC(C)(C)C{solv}{x=0.742500}|CCCCC(=O)OC{solv}{x=0.257500}>,CC(C)CC(C)(C)C,CCCCC(=O)OC,smee-spice2-systematic-torsion-generation_constrained-linear,3,0.7483815090925888,0.0001447768041412,0.7289800000000002,0.000505
37887,3237,dens_1260001645299629257,927,Density,<Substance CC(C)CC(C)(C)C{solv}{x=0.498400}|CCCCC(=O)OC{solv}{x=0.501600}>,CC(C)CC(C)(C)C,CCCCC(=O)OC,smee-spice2-systematic-torsion-generation_constrained-linear,3,0.7885721710285204,0.0001440176416696,0.7738400000000002,0.000505
37888,3238,dhmix_1505455794590867712,928,EnthalpyOfMixing,<Substance CC(C)CC(C)(C)C{solv}{x=0.158900}|CCCCC(=O)OC{solv}{x=0.841100}>,CC(C)CC(C)(C)C,CCCCC(=O)OC,smee-spice2-systematic-torsion-generation_constrained-linear,3,0.6500319928976097,0.0513990456692353,0.438,0.005
37889,3239,dhmix_1888614200283593194,929,EnthalpyOfMixing,<Substance CC(C)CC(C)(C)C{solv}{x=0.781300}|CCCCC(=O)OC{solv}{x=0.218700}>,CC(C)CC(C)(C)C,CCCCC(=O)OC,smee-spice2-systematic-torsion-generation_constrained-linear,3,1.123354225853788,0.0469770397196911,0.658,0.007
37890,3240,dhmix_657900975986635712,930,EnthalpyOfMixing,<Substance Cc1ccccc1N{solv}{x=0.782700}|Cc1ccncc1{solv}{x=0.217300}>,Cc1ccccc1N,Cc1ccncc1,smee-spice2-systematic-torsion-generation_constrained-linear,3,-0.6230021521267268,0.0528088378004125,-0.8885,0.0182
37891,3241,dhmix_727678512066874384,931,EnthalpyOfMixing,<Substance Cc1ccccc1N{solv}{x=0.478300}|Cc1ccncc1{solv}{x=0.521700}>,Cc1ccccc1N,Cc1ccncc1,smee-spice2-systematic-torsion-generation_constrained-linear,3,-1.2243810559353463,0.0435473570875181,-1.4295,0.0291
37892,3242,dhmix_860941552641107708,932,EnthalpyOfMixing,<Substance Cc1ccccc1N{solv}{x=0.271500}|Cc1ccncc1{solv}{x=0.728500}>,Cc1ccccc1N,Cc1ccncc1,smee-spice2-systematic-torsion-generation_constrained-linear,3,-0.9925318933380184,0.0444250969410678,-1.1791,0.02405
37893,3243,dens_1148106102021344214,933,Density,<Substance Cc1ccccc1N{solv}{x=0.265500}|Cc1ccncc1{solv}{x=0.734500}>,Cc1ccccc1N,Cc1ccncc1,smee-spice2-systematic-torsion-generation_constrained-linear,3,0.9819192474607746,0.0002008312778467,0.9662520000000002,0.00012
37894,3244,dens_1294189007890656769,934,Density,<Substance Cc1ccccc1N{solv}{x=0.486300}|Cc1ccncc1{solv}{x=0.513700}>,Cc1ccccc1N,Cc1ccncc1,smee-spice2-systematic-torsion-generation_constrained-linear,3,0.9981407967441568,0.0001978607283881,0.9765780000000002,0.000119
37895,3245,dens_1461384477504239974,935,Density,<Substance Cc1ccccc1N{solv}{x=0.767400}|Cc1ccncc1{solv}{x=0.232600}>,Cc1ccccc1N,Cc1ccncc1,smee-spice2-systematic-torsion-generation_constrained-linear,3,1.0156601360956763,0.0002795725730906,0.9868740000000004,0.000118
37896,3246,dens_671712471159959715,936,Density,<Substance CCCCCCN{solv}{x=0.294400}|CN(C)C=O{solv}{x=0.705600}>,CCCCCCN,CN(C)C=O,smee-spice2-systematic-torsion-generation_constrained-linear,3,0.8691114389977996,0.0002232702493681,0.8676880000000002,0.001057
37897,3247,dhmix_791979567859859400,937,EnthalpyOfMixing,<Substance CCCCCCN{solv}{x=0.747800}|CN(C)C=O{solv}{x=0.252200}>,CCCCCCN,CN(C)C=O,smee-spice2-systematic-torsion-generation_constrained-linear,3,0.431264951081161,0.0487236154352319,0.461,0.015
37898,3248,dens_812907294215791908,938,Density,<Substance CCCCCCN{solv}{x=0.450000}|CN(C)C=O{solv}{x=0.550000}>,CCCCCCN,CN(C)C=O,smee-spice2-systematic-torsion-generation_constrained-linear,3,0.846252060006512,0.0002294853661814,0.8367510000000001,0.001016
37899,3249,dhmix_1553880519684715156,939,EnthalpyOfMixing,<Substance CCCCCCN{solv}{x=0.249700}|CN(C)C=O{solv}{x=0.750300}>,CCCCCCN,CN(C)C=O,smee-spice2-systematic-torsion-generation_constrained-linear,3,0.4410362976913085,0.0420386190239758,0.51,0.0165
37900,3250,dens_1658157305664412923,940,Density,<Substance CCCCCCN{solv}{x=0.745200}|CN(C)C=O{solv}{x=0.254800}>,CCCCCCN,CN(C)C=O,smee-spice2-systematic-torsion-generation_constrained-linear,3,0.8101126304749674,0.0001912911397921,0.7905460000000002,0.0009575
37901,3251,dhmix_2271922176351407084,941,EnthalpyOfMixing,<Substance CCCCCCN{solv}{x=0.499700}|CN(C)C=O{solv}{x=0.500300}>,CCCCCCN,CN(C)C=O,smee-spice2-systematic-torsion-generation_constrained-linear,3,0.4679410990123074,0.0498079739450775,0.661,0.02
37902,3252,dhmix_676105854791415053,942,EnthalpyOfMixing,<Substance C=C(C)[C@H]1CC=C(C)CC1{solv}{x=0.540000}|CCCCCO{solv}{x=0.460000}>,C=C(C)[C@H]1CC=C(C)CC1,CCCCCO,smee-spice2-systematic-torsion-generation_constrained-linear,3,0.7516534718843815,0.0499224756708968,0.858,0.0345
37903,3253,dhmix_865539540276734208,943,EnthalpyOfMixing,<Substance C=C(C)[C@H]1CC=C(C)CC1{solv}{x=0.766000}|CCCCCO{solv}{x=0.234000}>,C=C(C)[C@H]1CC=C(C)CC1,CCCCCO,smee-spice2-systematic-torsion-generation_constrained-linear,3,1.0192493870019137,0.0536575540807883,0.782,0.0315
37904,3254,dens_1544700949225348296,944,Density,<Substance C=C(C)[C@H]1CC=C(C)CC1{solv}{x=0.263500}|CCCCCO{solv}{x=0.736500}>,C=C(C)[C@H]1CC=C(C)CC1,CCCCCO,smee-spice2-systematic-torsion-generation_constrained-linear,3,0.8217912980360969,0.0001937346548136,0.8238000000000002,0.0002
37905,3255,dens_1638649899512334435,945,Density,<Substance C=C(C)[C@H]1CC=C(C)CC1{solv}{x=0.543500}|CCCCCO{solv}{x=0.456500}>,C=C(C)[C@H]1CC=C(C)CC1,CCCCCO,smee-spice2-systematic-torsion-generation_constrained-linear,3,0.8252541314067288,0.0002066409982223,0.8312000000000003,0.0003
37906,3256,dens_2014432371647189246,946,Density,<Substance C=C(C)[C@H]1CC=C(C)CC1{solv}{x=0.725200}|CCCCCO{solv}{x=0.274800}>,C=C(C)[C@H]1CC=C(C)CC1,CCCCCO,smee-spice2-systematic-torsion-generation_constrained-linear,3,0.8274251111881317,0.0001838030039339,0.8354000000000001,0.00035
37907,3257,dhmix_2293008983270202716,947,EnthalpyOfMixing,<Substance C=C(C)[C@H]1CC=C(C)CC1{solv}{x=0.272000}|CCCCCO{solv}{x=0.728000}>,C=C(C)[C@H]1CC=C(C)CC1,CCCCCO,smee-spice2-systematic-torsion-generation_constrained-linear,3,0.532925516531435,0.0466867526067877,0.532,0.0215
37908,3258,dens_680086766431069719,948,Density,<Substance CN1CCNCC1{solv}{x=0.209100}|O{solv}{x=0.790900}>,CN1CCNCC1,O,smee-spice2-systematic-torsion-generation_constrained-linear,3,1.0080330997442852,0.0005055768340427,1.0013300000000005,4.000000000000001e-05
37909,3259,dhmix_979415629850644100,949,EnthalpyOfMixing,<Substance CN1CCNCC1{solv}{x=0.199800}|O{solv}{x=0.800200}>,CN1CCNCC1,O,smee-spice2-systematic-torsion-generation_constrained-linear,3,-3.4377602382931656,0.0294515171116755,-4.495,0.048
37910,3260,dhmix_1386641258873877278,950,EnthalpyOfMixing,<Substance CN1CCNCC1{solv}{x=0.792600}|O{solv}{x=0.207400}>,CN1CCNCC1,O,smee-spice2-systematic-torsion-generation_constrained-linear,3,-1.4149556861577253,0.0420192621025326,-1.753,0.019
37911,3261,dhmix_1572121970391530461,951,EnthalpyOfMixing,<Substance CN1CCNCC1{solv}{x=0.550000}|O{solv}{x=0.450000}>,CN1CCNCC1,O,smee-spice2-systematic-torsion-generation_constrained-linear,3,-3.093654602363898,0.0311344492870761,-3.547,0.038
37912,3262,dens_1756096179620961699,952,Density,<Substance CN1CCNCC1{solv}{x=0.510900}|O{solv}{x=0.489100}>,CN1CCNCC1,O,smee-spice2-systematic-torsion-generation_constrained-linear,3,0.99413535875643,0.0003826567477932,0.9464100000000002,7.000000000000002e-05
37913,3263,dens_1892970147583328629,953,Density,<Substance CN1CCNCC1{solv}{x=0.706500}|O{solv}{x=0.293500}>,CN1CCNCC1,O,smee-spice2-systematic-torsion-generation_constrained-linear,3,0.982775284323392,0.0002294281102091,0.9223100000000002,8.500000000000002e-05
37914,3264,dhmix_681274412655414068,954,EnthalpyOfMixing,<Substance CCCOC(=O)CC{solv}{x=0.739400}|Cc1ccccc1{solv}{x=0.260600}>,CCCOC(=O)CC,Cc1ccccc1,smee-spice2-systematic-torsion-generation_constrained-linear,3,-0.2974805915962442,0.0424164444421504,-0.1135,0.0033
37915,3265,dhmix_720914323963600437,955,EnthalpyOfMixing,<Substance CCCOC(=O)CC{solv}{x=0.238900}|Cc1ccccc1{solv}{x=0.761100}>,CCCOC(=O)CC,Cc1ccccc1,smee-spice2-systematic-torsion-generation_constrained-linear,3,-0.3884358161362655,0.0437527938331122,-0.1404,0.0037
37916,3266,dens_1397630560016316656,956,Density,<Substance CCCOC(=O)CC{solv}{x=0.274700}|Cc1ccccc1{solv}{x=0.725300}>,CCCOC(=O)CC,Cc1ccccc1,smee-spice2-systematic-torsion-generation_constrained-linear,3,0.8683967741289333,0.0002137128549907,0.8675700000000003,0.00018
37917,3267,dhmix_1646061995263935606,957,EnthalpyOfMixing,<Substance CCCOC(=O)CC{solv}{x=0.548600}|Cc1ccccc1{solv}{x=0.451400}>,CCCOC(=O)CC,Cc1ccccc1,smee-spice2-systematic-torsion-generation_constrained-linear,3,-0.3314341002166117,0.0428093946679892,-0.1583,0.004
37918,3268,dens_1792064777238352129,958,Density,<Substance CCCOC(=O)CC{solv}{x=0.490700}|Cc1ccccc1{solv}{x=0.509300}>,CCCOC(=O)CC,Cc1ccccc1,smee-spice2-systematic-torsion-generation_constrained-linear,3,0.8733438844729317,0.0002359100553294,0.8707300000000002,0.00019
37919,3269,dens_1826904081955826008,959,Density,<Substance CCCOC(=O)CC{solv}{x=0.734600}|Cc1ccccc1{solv}{x=0.265400}>,CCCOC(=O)CC,Cc1ccccc1,smee-spice2-systematic-torsion-generation_constrained-linear,3,0.8775806153336938,0.0002097630605916,0.8734100000000001,0.00021
37920,3270,dens_685747331874801159,960,Density,<Substance CN1CCOCC1{solv}{x=0.498300}|O{solv}{x=0.501700}>,CN1CCOCC1,O,smee-spice2-systematic-torsion-generation_constrained-linear,3,0.9902706199782838,0.0002062704760519,0.9627600000000002,0.00084
37921,3271,dens_1087644349445114282,961,Density,<Substance CN1CCOCC1{solv}{x=0.253800}|O{solv}{x=0.746200}>,CN1CCOCC1,O,smee-spice2-systematic-torsion-generation_constrained-linear,3,0.9938558342188442,0.0003157689810365,0.9918800000000002,0.00059
37922,3272,dens_1374975991061431070,962,Density,<Substance CN1CCOCC1{solv}{x=0.758700}|O{solv}{x=0.241300}>,CN1CCOCC1,O,smee-spice2-systematic-torsion-generation_constrained-linear,3,0.9794903999175592,0.0001933627995382,0.9345300000000002,0.00112
37923,3273,dhmix_686592400130667234,963,EnthalpyOfMixing,<Substance BrCCCBr{solv}{x=0.231300}|COC(C)=O{solv}{x=0.768700}>,BrCCCBr,COC(C)=O,smee-spice2-systematic-torsion-generation_constrained-linear,3,0.0670569571174439,0.0352406488312844,0.2115,0.0024
37924,3274,dhmix_691866222529030049,964,EnthalpyOfMixing,<Substance BrCCCBr{solv}{x=0.504200}|COC(C)=O{solv}{x=0.495800}>,BrCCCBr,COC(C)=O,smee-spice2-systematic-torsion-generation_constrained-linear,3,0.1357008935122508,0.0336984898386615,0.3912,0.0038
37925,3275,dens_1032175440351342196,965,Density,<Substance BrCCCBr{solv}{x=0.243500}|COC(C)=O{solv}{x=0.756500}>,BrCCCBr,COC(C)=O,smee-spice2-systematic-torsion-generation_constrained-linear,3,1.2312422915658845,0.0003862049491745,1.2277600000000002,0.00096
37926,3276,dens_1180265274183315765,966,Density,<Substance BrCCCBr{solv}{x=0.713800}|COC(C)=O{solv}{x=0.286200}>,BrCCCBr,COC(C)=O,smee-spice2-systematic-torsion-generation_constrained-linear,3,1.697705384646738,0.0005108654695714,1.7174300000000005,0.002745
37927,3277,dhmix_1380172638999588939,967,EnthalpyOfMixing,<Substance BrCCCBr{solv}{x=0.759400}|COC(C)=O{solv}{x=0.240600}>,BrCCCBr,COC(C)=O,smee-spice2-systematic-torsion-generation_constrained-linear,3,0.1022075487028146,0.0385573040786807,0.313,0.0032
37928,3278,dens_1697077234757321859,968,Density,<Substance BrCCCBr{solv}{x=0.525600}|COC(C)=O{solv}{x=0.474400}>,BrCCCBr,COC(C)=O,smee-spice2-systematic-torsion-generation_constrained-linear,3,1.5255371121481296,0.0004866388823404,1.5338800000000006,0.001965
37929,3279,dens_693154680723850561,969,Density,<Substance CN1CCCC1=O{solv}{x=0.756400}|Cc1ccccc1{solv}{x=0.243600}>,CN1CCCC1=O,Cc1ccccc1,smee-spice2-systematic-torsion-generation_constrained-linear,3,0.9713713034265556,0.0002286504977717,0.9854500000000004,0.00034
37930,3280,dhmix_1759507684169085916,970,EnthalpyOfMixing,<Substance CN1CCCC1=O{solv}{x=0.741800}|Cc1ccccc1{solv}{x=0.258200}>,CN1CCCC1=O,Cc1ccccc1,smee-spice2-systematic-torsion-generation_constrained-linear,3,0.0318157865146844,0.0371668698922747,-0.2141,0.0024
37931,3281,dens_1796497685752507694,971,Density,<Substance CN1CCCC1=O{solv}{x=0.481500}|Cc1ccccc1{solv}{x=0.518500}>,CN1CCCC1=O,Cc1ccccc1,smee-spice2-systematic-torsion-generation_constrained-linear,3,0.931590641546224,0.0002271525395444,0.9415400000000002,0.00028
37932,3282,dhmix_1857599089574133884,972,EnthalpyOfMixing,<Substance CN1CCCC1=O{solv}{x=0.223100}|Cc1ccccc1{solv}{x=0.776900}>,CN1CCCC1=O,Cc1ccccc1,smee-spice2-systematic-torsion-generation_constrained-linear,3,-0.0894722849242555,0.0457192689429921,-0.1889,0.00215
37933,3283,dens_1886489466266398819,973,Density,<Substance CN1CCCC1=O{solv}{x=0.221600}|Cc1ccccc1{solv}{x=0.778400}>,CN1CCCC1=O,Cc1ccccc1,smee-spice2-systematic-torsion-generation_constrained-linear,3,0.9015326453785958,0.0002066577699317,0.9061600000000002,0.00076
37934,3284,dhmix_2238554893157725289,974,EnthalpyOfMixing,<Substance CN1CCCC1=O{solv}{x=0.482100}|Cc1ccccc1{solv}{x=0.517900}>,CN1CCCC1=O,Cc1ccccc1,smee-spice2-systematic-torsion-generation_constrained-linear,3,-0.1291745886807334,0.0423568709603906,-0.2985,0.0033
37935,3285,dens_717951284355382404,975,Density,<Substance CN1CCCC1=O{solv}{x=0.702300}|ClCCCCCCCl{solv}{x=0.297700}>,CN1CCCC1=O,ClCCCCCCCl,smee-spice2-systematic-torsion-generation_constrained-linear,3,1.0335516192502725,0.0002152273853289,1.0416,0.0003
37936,3286,dhmix_859697969059379656,976,EnthalpyOfMixing,<Substance CN1CCCC1=O{solv}{x=0.503000}|ClCCCCCCCl{solv}{x=0.497000}>,CN1CCCC1=O,ClCCCCCCCl,smee-spice2-systematic-torsion-generation_constrained-linear,3,0.3219923136333236,0.0480242423663489,-0.2,0.0025
37937,3287,dhmix_916885053388204545,977,EnthalpyOfMixing,<Substance CN1CCCC1=O{solv}{x=0.212000}|ClCCCCCCCl{solv}{x=0.788000}>,CN1CCCC1=O,ClCCCCCCCl,smee-spice2-systematic-torsion-generation_constrained-linear,3,0.2469569955947435,0.0418119994136317,-0.13,0.002
37938,3288,dens_1483670447992291960,978,Density,<Substance CN1CCCC1=O{solv}{x=0.201600}|ClCCCCCCCl{solv}{x=0.798400}>,CN1CCCC1=O,ClCCCCCCCl,smee-spice2-systematic-torsion-generation_constrained-linear,3,1.0603329899162195,0.0002409219814203,1.0584000000000005,0.00055
37939,3289,dens_1896555095774116819,979,Density,<Substance CN1CCCC1=O{solv}{x=0.504900}|ClCCCCCCCl{solv}{x=0.495100}>,CN1CCCC1=O,ClCCCCCCCl,smee-spice2-systematic-torsion-generation_constrained-linear,3,1.0453844673404071,0.0002340975157445,1.0490000000000002,0.00035
37940,3290,dhmix_2039443272323887912,980,EnthalpyOfMixing,<Substance CN1CCCC1=O{solv}{x=0.797000}|ClCCCCCCCl{solv}{x=0.203000}>,CN1CCCC1=O,ClCCCCCCCl,smee-spice2-systematic-torsion-generation_constrained-linear,3,0.2091416038597096,0.0434419263409307,-0.123,0.002
37941,3291,dhmix_729169544598225866,981,EnthalpyOfMixing,<Substance CN(C)C=O{solv}{x=0.203000}|ClCCCCCCCl{solv}{x=0.797000}>,CN(C)C=O,ClCCCCCCCl,smee-spice2-systematic-torsion-generation_constrained-linear,3,0.4253786964005428,0.0486458368312509,0.195,0.0025
37942,3292,dhmix_1359105787212172230,982,EnthalpyOfMixing,<Substance CN(C)C=O{solv}{x=0.796000}|ClCCCCCCCl{solv}{x=0.204000}>,CN(C)C=O,ClCCCCCCCl,smee-spice2-systematic-torsion-generation_constrained-linear,3,0.5240916010607002,0.0391477175402805,0.24,0.0025
37943,3293,dhmix_1534380829757525169,983,EnthalpyOfMixing,<Substance CN(C)C=O{solv}{x=0.498000}|ClCCCCCCCl{solv}{x=0.502000}>,CN(C)C=O,ClCCCCCCCl,smee-spice2-systematic-torsion-generation_constrained-linear,3,0.619690448667491,0.0403649042837472,0.34,0.0025
37944,3294,dens_1752369236407148840,984,Density,<Substance CN(C)C=O{solv}{x=0.503300}|ClCCCCCCCl{solv}{x=0.496700}>,CN(C)C=O,ClCCCCCCCl,smee-spice2-systematic-torsion-generation_constrained-linear,3,1.0154335130046734,0.0002876325411693,1.0190000000000003,0.00155
37945,3295,dens_2070195997725277466,985,Density,<Substance CN(C)C=O{solv}{x=0.703400}|ClCCCCCCCl{solv}{x=0.296600}>,CN(C)C=O,ClCCCCCCCl,smee-spice2-systematic-torsion-generation_constrained-linear,3,0.9854978374361058,0.0002410822157316,0.9943000000000002,0.0017
37946,3296,dens_2171945276872385012,986,Density,<Substance CN(C)C=O{solv}{x=0.201300}|ClCCCCCCCl{solv}{x=0.798700}>,CN(C)C=O,ClCCCCCCCl,smee-spice2-systematic-torsion-generation_constrained-linear,3,1.0496132837023169,0.0002510246246084,1.0486000000000002,0.0014
37947,3297,dens_741100297092592576,987,Density,<Substance C1CCCCC1{solv}{x=0.265900}|C1CCOCC1{solv}{x=0.734100}>,C1CCCCC1,C1CCOCC1,smee-spice2-systematic-torsion-generation_constrained-linear,3,0.8461279957473047,0.0002236640856326,0.8470300000000002,0.000505
37948,3298,dens_1002639246322609242,988,Density,<Substance C1CCCCC1{solv}{x=0.762200}|C1CCOCC1{solv}{x=0.237800}>,C1CCCCC1,C1CCOCC1,smee-spice2-systematic-torsion-generation_constrained-linear,3,0.7890258549289327,0.0001727091650184,0.7952000000000002,0.000505
37949,3299,dhmix_1171155554844966705,989,EnthalpyOfMixing,<Substance C1CCCCC1{solv}{x=0.247100}|C1CCOCC1{solv}{x=0.752900}>,C1CCCCC1,C1CCOCC1,smee-spice2-systematic-torsion-generation_constrained-linear,3,0.4724976387858817,0.0381611563367775,0.3613,0.00395
37950,3300,dens_2142973677177666085,990,Density,<Substance C1CCCCC1{solv}{x=0.501800}|C1CCOCC1{solv}{x=0.498200}>,C1CCCCC1,C1CCOCC1,smee-spice2-systematic-torsion-generation_constrained-linear,3,0.8175654908806125,0.0002068549513759,0.8211500000000002,0.000505
37951,3301,dhmix_2195791820105752985,991,EnthalpyOfMixing,<Substance C1CCCCC1{solv}{x=0.726600}|C1CCOCC1{solv}{x=0.273400}>,C1CCCCC1,C1CCOCC1,smee-spice2-systematic-torsion-generation_constrained-linear,3,0.6246809488621068,0.0400785075072243,0.4424,0.00485
37952,3302,dhmix_2296999979529762407,992,EnthalpyOfMixing,<Substance C1CCCCC1{solv}{x=0.499000}|C1CCOCC1{solv}{x=0.501000}>,C1CCCCC1,C1CCOCC1,smee-spice2-systematic-torsion-generation_constrained-linear,3,0.7920852183467275,0.0440379743173125,0.526,0.0055
37953,3303,dhmix_744994939606384802,993,EnthalpyOfMixing,<Substance CO{solv}{x=0.300000}|O{solv}{x=0.700000}>,CO,O,smee-spice2-systematic-torsion-generation_constrained-linear,3,0.1283522560162442,0.0215690621773093,-0.85,0.005
37954,3304,dens_1085345433585028387,994,Density,<Substance CO{solv}{x=0.499700}|O{solv}{x=0.500300}>,CO,O,smee-spice2-systematic-torsion-generation_constrained-linear,3,0.843645088014801,0.0004966176543245,0.8816900000000003,0.000165
37955,3305,dhmix_1126710771921470495,995,EnthalpyOfMixing,<Substance CO{solv}{x=0.700000}|O{solv}{x=0.300000}>,CO,O,smee-spice2-systematic-torsion-generation_constrained-linear,3,0.0390053338527209,0.0256377100939217,-0.583,0.0035
37956,3306,dens_1258832080354057572,996,Density,<Substance CO{solv}{x=0.300300}|O{solv}{x=0.699700}>,CO,O,smee-spice2-systematic-torsion-generation_constrained-linear,3,0.889059554631027,0.0004895783522004,0.9252100000000004,0.000125
37957,3307,dens_1758371820245200558,997,Density,<Substance CO{solv}{x=0.760500}|O{solv}{x=0.239500}>,CO,O,smee-spice2-systematic-torsion-generation_constrained-linear,3,0.8007951113669698,0.0004255496530617,0.8289000000000002,0.0001
37958,3308,dhmix_1824296469249495553,998,EnthalpyOfMixing,<Substance CO{solv}{x=0.500000}|O{solv}{x=0.500000}>,CO,O,smee-spice2-systematic-torsion-generation_constrained-linear,3,0.1262874594709675,0.0236195505764745,-0.777,0.0045
37959,3309,dhmix_753952445434773754,999,EnthalpyOfMixing,<Substance CCCCCCCCCl{solv}{x=0.493000}|CN1CCCC1=O{solv}{x=0.507000}>,CCCCCCCCCl,CN1CCCC1=O,smee-spice2-systematic-torsion-generation_constrained-linear,3,1.189206894073379,0.0466253770348484,0.638,0.0035
37960,3310,dhmix_1273186684325800862,1000,EnthalpyOfMixing,<Substance CCCCCCCCCl{solv}{x=0.783000}|CN1CCCC1=O{solv}{x=0.217000}>,CCCCCCCCCl,CN1CCCC1=O,smee-spice2-systematic-torsion-generation_constrained-linear,3,0.788918502824373,0.0570025914094046,0.371,0.003
37961,3311,dhmix_1457789704046029008,1001,EnthalpyOfMixing,<Substance CCCCCCCCCl{solv}{x=0.202000}|CN1CCCC1=O{solv}{x=0.798000}>,CCCCCCCCCl,CN1CCCC1=O,smee-spice2-systematic-torsion-generation_constrained-linear,3,0.8616011951420504,0.0445391752687325,0.5,0.0035
37962,3312,dens_1965529278608066299,1002,Density,<Substance CCCCCCCCCl{solv}{x=0.299500}|CN1CCCC1=O{solv}{x=0.700500}>,CCCCCCCCCl,CN1CCCC1=O,smee-spice2-systematic-torsion-generation_constrained-linear,3,0.9507109850914532,0.0002256910454229,0.9598000000000002,0.00025
37963,3313,dens_2167805246575708222,1003,Density,<Substance CCCCCCCCCl{solv}{x=0.798600}|CN1CCCC1=O{solv}{x=0.201400}>,CCCCCCCCCl,CN1CCCC1=O,smee-spice2-systematic-torsion-generation_constrained-linear,3,0.8873296509459399,0.0002071030258016,0.8888000000000001,0.00055
37964,3314,dens_2177162670107081086,1004,Density,<Substance CCCCCCCCCl{solv}{x=0.497900}|CN1CCCC1=O{solv}{x=0.502100}>,CCCCCCCCCl,CN1CCCC1=O,smee-spice2-systematic-torsion-generation_constrained-linear,3,0.9218996101073584,0.0001840383816748,0.9269000000000002,0.00035
37965,3315,dhmix_756380521637559100,1005,EnthalpyOfMixing,<Substance C1COCCO1{solv}{x=0.500000}|O=C1CCCCC1{solv}{x=0.500000}>,C1COCCO1,O=C1CCCCC1,smee-spice2-systematic-torsion-generation_constrained-linear,3,0.2762384348581008,0.0412895492059769,0.28584,0.00154
37966,3316,dens_1139761443535371798,1006,Density,<Substance C1COCCO1{solv}{x=0.459400}|O=C1CCCCC1{solv}{x=0.540600}>,C1COCCO1,O=C1CCCCC1,smee-spice2-systematic-torsion-generation_constrained-linear,3,0.9720223567522752,0.0001949499043842,0.9762000000000004,0.00025
37967,3317,dhmix_1367833850972054360,1007,EnthalpyOfMixing,<Substance C1COCCO1{solv}{x=0.750000}|O=C1CCCCC1{solv}{x=0.250000}>,C1COCCO1,O=C1CCCCC1,smee-spice2-systematic-torsion-generation_constrained-linear,3,0.155959927110473,0.0413626247682983,0.23662,0.001355
37968,3318,dhmix_1533665710565492443,1008,EnthalpyOfMixing,<Substance C1COCCO1{solv}{x=0.250000}|O=C1CCCCC1{solv}{x=0.750000}>,C1COCCO1,O=C1CCCCC1,smee-spice2-systematic-torsion-generation_constrained-linear,3,0.1591112631761477,0.0355295763559881,0.20076,0.00121
37969,3319,dens_1556646832168598904,1009,Density,<Substance C1COCCO1{solv}{x=0.797800}|O=C1CCCCC1{solv}{x=0.202200}>,C1COCCO1,O=C1CCCCC1,smee-spice2-systematic-torsion-generation_constrained-linear,3,1.0134563446408225,0.000214677285416,1.0062000000000002,0.00025
37970,3320,dens_1806066395455679216,1010,Density,<Substance C1COCCO1{solv}{x=0.272000}|O=C1CCCCC1{solv}{x=0.728000}>,C1COCCO1,O=C1CCCCC1,smee-spice2-systematic-torsion-generation_constrained-linear,3,0.9522825876009884,0.0002174510343451,0.9614000000000004,0.00025
37971,3321,dhmix_781473821930081125,1011,EnthalpyOfMixing,<Substance CCOc1ccccc1{solv}{x=0.765100}|OCc1ccccc1{solv}{x=0.234900}>,CCOc1ccccc1,OCc1ccccc1,smee-spice2-systematic-torsion-generation_constrained-linear,3,0.8921822217068041,0.0523368573379275,1.083,0.0116
37972,3322,dhmix_966435122735090568,1012,EnthalpyOfMixing,<Substance CCOc1ccccc1{solv}{x=0.063600}|OCc1ccccc1{solv}{x=0.936400}>,CCOc1ccccc1,OCc1ccccc1,smee-spice2-systematic-torsion-generation_constrained-linear,3,0.2372503449835221,0.0581749712149192,0.1901,0.00225
37973,3323,dens_1184318999137642715,1013,Density,<Substance CCOc1ccccc1{solv}{x=0.064200}|OCc1ccccc1{solv}{x=0.935800}>,CCOc1ccccc1,OCc1ccccc1,smee-spice2-systematic-torsion-generation_constrained-linear,3,1.03589264533012,0.0001959963935595,1.02761,0.00011
37974,3324,dhmix_1518701992890040137,1014,EnthalpyOfMixing,<Substance CCOc1ccccc1{solv}{x=0.549900}|OCc1ccccc1{solv}{x=0.450100}>,CCOc1ccccc1,OCc1ccccc1,smee-spice2-systematic-torsion-generation_constrained-linear,3,0.8747217976321764,0.0418993243737888,1.0561,0.01135
37975,3325,dens_1575045736805268459,1015,Density,<Substance CCOc1ccccc1{solv}{x=0.459800}|OCc1ccccc1{solv}{x=0.540200}>,CCOc1ccccc1,OCc1ccccc1,smee-spice2-systematic-torsion-generation_constrained-linear,3,0.998203424350959,0.0001871027300728,0.9925100000000002,0.00016
37976,3326,dens_2214650701288997434,1016,Density,<Substance CCOc1ccccc1{solv}{x=0.757200}|OCc1ccccc1{solv}{x=0.242800}>,CCOc1ccccc1,OCc1ccccc1,smee-spice2-systematic-torsion-generation_constrained-linear,3,0.974113387602166,0.0001884008155576,0.9686500000000002,0.000215
37977,3327,dens_800807749587668066,1017,Density,<Substance C1CCOCC1{solv}{x=0.733600}|c1ccncc1{solv}{x=0.266400}>,C1CCOCC1,c1ccncc1,smee-spice2-systematic-torsion-generation_constrained-linear,3,0.8972074846361702,0.0002793880704002,0.8933350000000002,0.000358
37978,3328,dhmix_836757145941804043,1018,EnthalpyOfMixing,<Substance C1CCOCC1{solv}{x=0.291500}|c1ccncc1{solv}{x=0.708500}>,C1CCOCC1,c1ccncc1,smee-spice2-systematic-torsion-generation_constrained-linear,3,0.079866896440194,0.0382922901268694,0.0898,0.00095
37979,3329,dhmix_1003039131395935786,1019,EnthalpyOfMixing,<Substance C1CCOCC1{solv}{x=0.536300}|c1ccncc1{solv}{x=0.463700}>,C1CCOCC1,c1ccncc1,smee-spice2-systematic-torsion-generation_constrained-linear,3,0.043838675102279,0.0391266432804743,0.1573,0.0013
37980,3330,dens_1859030547600172702,1020,Density,<Substance C1CCOCC1{solv}{x=0.241500}|c1ccncc1{solv}{x=0.758500}>,C1CCOCC1,c1ccncc1,smee-spice2-systematic-torsion-generation_constrained-linear,3,0.9637548125555956,0.0002570887920253,0.9525650000000004,0.000212
37981,3331,dhmix_2191254706131659314,1021,EnthalpyOfMixing,<Substance C1CCOCC1{solv}{x=0.734400}|c1ccncc1{solv}{x=0.265600}>,C1CCOCC1,c1ccncc1,smee-spice2-systematic-torsion-generation_constrained-linear,3,0.1112220363866498,0.0427548522618005,0.1564,0.0013
37982,3332,dens_2239470871208865925,1022,Density,<Substance C1CCOCC1{solv}{x=0.536400}|c1ccncc1{solv}{x=0.463600}>,C1CCOCC1,c1ccncc1,smee-spice2-systematic-torsion-generation_constrained-linear,3,0.9190670135290848,0.0002802390341636,0.9124250000000002,0.0002965
37983,3333,dens_801655585640229277,1023,Density,<Substance C1CCOCC1{solv}{x=0.777600}|CCCC(C)=O{solv}{x=0.222400}>,C1CCOCC1,CCCC(C)=O,smee-spice2-systematic-torsion-generation_constrained-linear,3,0.8583380168589966,0.0001800751804613,0.8602600000000002,0.000225
37984,3334,dhmix_1175081460677389458,1024,EnthalpyOfMixing,<Substance C1CCOCC1{solv}{x=0.250000}|CCCC(C)=O{solv}{x=0.750000}>,C1CCOCC1,CCCC(C)=O,smee-spice2-systematic-torsion-generation_constrained-linear,3,0.1276748609334284,0.0435617267282679,0.06014,0.00063
37985,3335,dens_1481139606755572767,1025,Density,<Substance C1CCOCC1{solv}{x=0.236100}|CCCC(C)=O{solv}{x=0.763900}>,C1CCOCC1,CCCC(C)=O,smee-spice2-systematic-torsion-generation_constrained-linear,3,0.807738584066368,0.0002413691991216,0.8183900000000002,0.000215
37986,3336,dhmix_1531586108535895092,1026,EnthalpyOfMixing,<Substance C1CCOCC1{solv}{x=0.750000}|CCCC(C)=O{solv}{x=0.250000}>,C1CCOCC1,CCCC(C)=O,smee-spice2-systematic-torsion-generation_constrained-linear,3,0.0642178733762364,0.0393984424098098,0.08245,0.000715
37987,3337,dhmix_2074691820693967219,1027,EnthalpyOfMixing,<Substance C1CCOCC1{solv}{x=0.500000}|CCCC(C)=O{solv}{x=0.500000}>,C1CCOCC1,CCCC(C)=O,smee-spice2-systematic-torsion-generation_constrained-linear,3,0.1228729737782856,0.0416779784762754,0.09128,0.000745
37988,3338,dens_2180187104403779312,1028,Density,<Substance C1CCOCC1{solv}{x=0.504600}|CCCC(C)=O{solv}{x=0.495400}>,C1CCOCC1,CCCC(C)=O,smee-spice2-systematic-torsion-generation_constrained-linear,3,0.8319139594784057,0.0002503260391705,0.8386000000000002,0.00022
37989,3339,dhmix_814516627068967115,1029,EnthalpyOfMixing,<Substance CCCOC=O{solv}{x=0.230800}|ClCCCCl{solv}{x=0.769200}>,CCCOC=O,ClCCCCl,smee-spice2-systematic-torsion-generation_constrained-linear,3,0.2139211491467705,0.0357535476975103,-0.054,0.001
37990,3340,dens_853749747181024442,1030,Density,<Substance CCCOC=O{solv}{x=0.525500}|ClCCCCl{solv}{x=0.474500}>,CCCOC=O,ClCCCCl,smee-spice2-systematic-torsion-generation_constrained-linear,3,1.0407339247757017,0.0002835902887686,1.0302400000000005,0.00176
37991,3341,dhmix_1623640482466530427,1031,EnthalpyOfMixing,<Substance CCCOC=O{solv}{x=0.750900}|ClCCCCl{solv}{x=0.249100}>,CCCOC=O,ClCCCCl,smee-spice2-systematic-torsion-generation_constrained-linear,3,0.1204810685637767,0.0402467830638884,-0.088,0.001
37992,3342,dens_1998603470347754754,1032,Density,<Substance CCCOC=O{solv}{x=0.233600}|ClCCCCl{solv}{x=0.766400}>,CCCOC=O,ClCCCCl,smee-spice2-systematic-torsion-generation_constrained-linear,3,1.1116750222454983,0.000338060808991,1.1122200000000002,0.00274
37993,3343,dhmix_2003217087101692001,1033,EnthalpyOfMixing,<Substance CCCOC=O{solv}{x=0.514500}|ClCCCCl{solv}{x=0.485500}>,CCCOC=O,ClCCCCl,smee-spice2-systematic-torsion-generation_constrained-linear,3,0.1696279503924245,0.0308029741733258,-0.114,0.0015
37994,3344,dens_2020761603812222512,1034,Density,<Substance CCCOC=O{solv}{x=0.763600}|ClCCCCl{solv}{x=0.236400}>,CCCOC=O,ClCCCCl,smee-spice2-systematic-torsion-generation_constrained-linear,3,0.981609360234436,0.0002610817975766,0.9644500000000004,0.00119
37995,3345,dens_828893303895070246,1035,Density,<Substance C1CCCCC1{solv}{x=0.249800}|CCCCCCCC{solv}{x=0.750200}>,C1CCCCC1,CCCCCCCC,smee-spice2-systematic-torsion-generation_constrained-linear,3,0.7053239482648818,0.000196665843527,0.7110900000000002,0.000605
37996,3346,dhmix_1288938247372010686,1036,EnthalpyOfMixing,<Substance C1CCCCC1{solv}{x=0.751300}|CCCCCCCC{solv}{x=0.248700}>,C1CCCCC1,CCCCCCCC,smee-spice2-systematic-torsion-generation_constrained-linear,3,0.4660506251792071,0.0408200749870851,0.23,0.005
37997,3347,dens_1398337515687242649,1037,Density,<Substance C1CCCCC1{solv}{x=0.477700}|CCCCCCCC{solv}{x=0.522300}>,C1CCCCC1,CCCCCCCC,smee-spice2-systematic-torsion-generation_constrained-linear,3,0.7180080015774108,0.0002033826031638,0.7250300000000002,0.000585
37998,3348,dhmix_1429498464152515756,1038,EnthalpyOfMixing,<Substance C1CCCCC1{solv}{x=0.532400}|CCCCCCCC{solv}{x=0.467600}>,C1CCCCC1,CCCCCCCC,smee-spice2-systematic-torsion-generation_constrained-linear,3,0.5304142108798544,0.0480956698271175,0.258,0.005
37999,3349,dens_2267960821195706299,1039,Density,<Substance C1CCCCC1{solv}{x=0.796100}|CCCCCCCC{solv}{x=0.203900}>,C1CCCCC1,CCCCCCCC,smee-spice2-systematic-torsion-generation_constrained-linear,3,0.7429882461012565,0.0001553186221211,0.7509700000000002,0.00055
38000,3350,dhmix_2289023418386220795,1040,EnthalpyOfMixing,<Substance C1CCCCC1{solv}{x=0.274400}|CCCCCCCC{solv}{x=0.725600}>,C1CCCCC1,CCCCCCCC,smee-spice2-systematic-torsion-generation_constrained-linear,3,0.4225583744133132,0.0494002890245768,0.18,0.005
38001,3351,dens_848374876759596361,1041,Density,<Substance CC(C)OC(C)C{solv}{x=0.284600}|CCCCCl{solv}{x=0.715400}>,CC(C)OC(C)C,CCCCCl,smee-spice2-systematic-torsion-generation_constrained-linear,3,0.8252017788591799,0.0003003337518867,0.8263210000000002,0.000365
38002,3352,dens_917492506874956672,1042,Density,<Substance CC(C)OC(C)C{solv}{x=0.808200}|CCCCCl{solv}{x=0.191800}>,CC(C)OC(C)C,CCCCCl,smee-spice2-systematic-torsion-generation_constrained-linear,3,0.762267114666997,0.0002453218008247,0.7440910000000002,0.000448
38003,3353,dhmix_1107367594793013993,1043,EnthalpyOfMixing,<Substance CC(C)OC(C)C{solv}{x=0.272700}|CCCCCl{solv}{x=0.727300}>,CC(C)OC(C)C,CCCCCl,smee-spice2-systematic-torsion-generation_constrained-linear,3,-0.0845486604858081,0.0444501142163528,-0.0785,0.001
38004,3354,dhmix_1310204607958463222,1044,EnthalpyOfMixing,<Substance CC(C)OC(C)C{solv}{x=0.454700}|CCCCCl{solv}{x=0.545300}>,CC(C)OC(C)C,CCCCCl,smee-spice2-systematic-torsion-generation_constrained-linear,3,-0.1369846006808899,0.0310540159405369,-0.0954,0.0012
38005,3355,dhmix_1605157292498138629,1045,EnthalpyOfMixing,<Substance CC(C)OC(C)C{solv}{x=0.727400}|CCCCCl{solv}{x=0.272600}>,CC(C)OC(C)C,CCCCCl,smee-spice2-systematic-torsion-generation_constrained-linear,3,-0.0790841864374272,0.0510693617768679,-0.0732,0.00095
38006,3356,dens_1927916489732771888,1046,Density,<Substance CC(C)OC(C)C{solv}{x=0.484000}|CCCCCl{solv}{x=0.516000}>,CC(C)OC(C)C,CCCCCl,smee-spice2-systematic-torsion-generation_constrained-linear,3,0.7992727116497691,0.0002626622308211,0.7925060000000002,0.0004005
38007,3357,dens_860008765681738590,1047,Density,<Substance CN(CCO)CCO{solv}{x=0.231260}|c1ccncc1{solv}{x=0.768740}>,CN(CCO)CCO,c1ccncc1,smee-spice2-systematic-torsion-generation_constrained-linear,3,1.0130910876890644,0.0001787185991643,0.9906030000000002,0.0001015
38008,3358,dens_1253280811379348869,1048,Density,<Substance CN(CCO)CCO{solv}{x=0.670000}|c1ccncc1{solv}{x=0.330000}>,CN(CCO)CCO,c1ccncc1,smee-spice2-systematic-torsion-generation_constrained-linear,3,1.0421868157717171,0.0002221184790559,1.0161020000000005,0.000102
38009,3359,dhmix_1381513140604048573,1049,EnthalpyOfMixing,<Substance CN(CCO)CCO{solv}{x=0.473760}|c1ccncc1{solv}{x=0.526240}>,CN(CCO)CCO,c1ccncc1,smee-spice2-systematic-torsion-generation_constrained-linear,3,0.2948236985444339,0.0366369372827338,-0.093,0.001
38010,3360,dens_1460709448836415360,1050,Density,<Substance CN(CCO)CCO{solv}{x=0.473530}|c1ccncc1{solv}{x=0.526470}>,CN(CCO)CCO,c1ccncc1,smee-spice2-systematic-torsion-generation_constrained-linear,3,1.030244655545022,0.0002076148298049,1.0044450000000005,0.0001015
38011,3361,dhmix_2085036308089359597,1051,EnthalpyOfMixing,<Substance CN(CCO)CCO{solv}{x=0.230610}|c1ccncc1{solv}{x=0.769390}>,CN(CCO)CCO,c1ccncc1,smee-spice2-systematic-torsion-generation_constrained-linear,3,0.4104134493910862,0.0387997443811308,-0.032,0.001
38012,3362,dhmix_2287943921901918379,1052,EnthalpyOfMixing,<Substance CN(CCO)CCO{solv}{x=0.669580}|c1ccncc1{solv}{x=0.330420}>,CN(CCO)CCO,c1ccncc1,smee-spice2-systematic-torsion-generation_constrained-linear,3,0.3079012480615972,0.0398097609925988,-0.12,0.0015
38013,3363,dens_929806754028972955,1053,Density,<Substance CCCC(=O)OC{solv}{x=0.695800}|COC(C)=O{solv}{x=0.304200}>,CCCC(=O)OC,COC(C)=O,smee-spice2-systematic-torsion-generation_constrained-linear,3,0.9053357327871734,0.0002331703734767,0.8997600000000002,0.000505
38014,3364,dhmix_1093843275803987368,1054,EnthalpyOfMixing,<Substance CCCC(=O)OC{solv}{x=0.482200}|COC(C)=O{solv}{x=0.517800}>,CCCC(=O)OC,COC(C)=O,smee-spice2-systematic-torsion-generation_constrained-linear,3,0.0890753516313225,0.0374671219003416,0.151,0.002
38015,3365,dens_1187818937240241755,1055,Density,<Substance CCCC(=O)OC{solv}{x=0.253600}|COC(C)=O{solv}{x=0.746400}>,CCCC(=O)OC,COC(C)=O,smee-spice2-systematic-torsion-generation_constrained-linear,3,0.922694740012876,0.0002794655142114,0.9147400000000002,0.000505
38016,3366,dens_1462283017082249050,1056,Density,<Substance CCCC(=O)OC{solv}{x=0.545600}|COC(C)=O{solv}{x=0.454400}>,CCCC(=O)OC,COC(C)=O,smee-spice2-systematic-torsion-generation_constrained-linear,3,0.9106301235309904,0.0002336170556728,0.9041900000000004,0.000505
38017,3367,dhmix_1514470349370367756,1057,EnthalpyOfMixing,<Substance CCCC(=O)OC{solv}{x=0.226000}|COC(C)=O{solv}{x=0.774000}>,CCCC(=O)OC,COC(C)=O,smee-spice2-systematic-torsion-generation_constrained-linear,3,0.0578508050961943,0.0362205784626664,0.102,0.0015
38018,3368,dhmix_1615966506855005599,1058,EnthalpyOfMixing,<Substance CCCC(=O)OC{solv}{x=0.695800}|COC(C)=O{solv}{x=0.304200}>,CCCC(=O)OC,COC(C)=O,smee-spice2-systematic-torsion-generation_constrained-linear,3,0.1338356084430785,0.0423190779247804,0.122,0.0015
38019,3369,dens_931039395662625393,1059,Density,<Substance BrCCBr{solv}{x=0.510700}|CCOC=O{solv}{x=0.489300}>,BrCCBr,CCOC=O,smee-spice2-systematic-torsion-generation_constrained-linear,3,1.5784353706906535,0.0005210880061925,1.5742900000000004,0.00125
38020,3370,dhmix_1379448524788285045,1060,EnthalpyOfMixing,<Substance BrCCBr{solv}{x=0.503000}|CCOC=O{solv}{x=0.497000}>,BrCCBr,CCOC=O,smee-spice2-systematic-torsion-generation_constrained-linear,3,0.4384175068517848,0.0326708493421067,0.404,0.0054
38021,3371,dhmix_1589211680683586133,1061,EnthalpyOfMixing,<Substance BrCCBr{solv}{x=0.247500}|CCOC=O{solv}{x=0.752500}>,BrCCBr,CCOC=O,smee-spice2-systematic-torsion-generation_constrained-linear,3,0.4033604163198525,0.0397013641811049,0.2492,0.0035
38022,3372,dens_1816072583621776909,1062,Density,<Substance BrCCBr{solv}{x=0.282500}|CCOC=O{solv}{x=0.717500}>,BrCCBr,CCOC=O,smee-spice2-systematic-torsion-generation_constrained-linear,3,1.3076919729912897,0.0003738128310013,1.2851500000000005,0.00131
38023,3373,dens_1857279480363338972,1063,Density,<Substance BrCCBr{solv}{x=0.750600}|CCOC=O{solv}{x=0.249400}>,BrCCBr,CCOC=O,smee-spice2-systematic-torsion-generation_constrained-linear,3,1.8441377897182467,0.0006115847806212,1.8698300000000003,0.000995
38024,3374,dhmix_2225135654541562913,1064,EnthalpyOfMixing,<Substance BrCCBr{solv}{x=0.734600}|CCOC=O{solv}{x=0.265400}>,BrCCBr,CCOC=O,smee-spice2-systematic-torsion-generation_constrained-linear,3,0.4283624184572261,0.0337093329615365,0.3604,0.00485
38025,3375,dhmix_933824509566848172,1065,EnthalpyOfMixing,<Substance C1COCO1{solv}{x=0.350000}|CCCC(C)=O{solv}{x=0.650000}>,C1COCO1,CCCC(C)=O,smee-spice2-systematic-torsion-generation_constrained-linear,3,0.4769043070470973,0.042389244245717,0.17755,0.001095
38026,3376,dens_1326756646981901590,1066,Density,<Substance C1COCO1{solv}{x=0.717400}|CCCC(C)=O{solv}{x=0.282600}>,C1COCO1,CCCC(C)=O,smee-spice2-systematic-torsion-generation_constrained-linear,3,0.9895049721695698,0.0003035394475964,0.9625500000000002,0.000245
38027,3377,dhmix_1386053902220878259,1067,EnthalpyOfMixing,<Substance C1COCO1{solv}{x=0.500000}|CCCC(C)=O{solv}{x=0.500000}>,C1COCO1,CCCC(C)=O,smee-spice2-systematic-torsion-generation_constrained-linear,3,0.530122430364635,0.0391216059821621,0.21077,0.00122
38028,3378,dens_1490997112604690080,1068,Density,<Substance C1COCO1{solv}{x=0.349900}|CCCC(C)=O{solv}{x=0.650100}>,C1COCO1,CCCC(C)=O,smee-spice2-systematic-torsion-generation_constrained-linear,3,0.8711945818704869,0.0002300720632484,0.8687200000000003,0.00022
38029,3379,dens_1979377813631413053,1069,Density,<Substance C1COCO1{solv}{x=0.516900}|CCCC(C)=O{solv}{x=0.483100}>,C1COCO1,CCCC(C)=O,smee-spice2-systematic-torsion-generation_constrained-linear,3,0.920550614790075,0.0002650842805942,0.9078200000000004,0.00023
38030,3380,dhmix_2113009728753201792,1070,EnthalpyOfMixing,<Substance C1COCO1{solv}{x=0.750000}|CCCC(C)=O{solv}{x=0.250000}>,C1COCO1,CCCC(C)=O,smee-spice2-systematic-torsion-generation_constrained-linear,3,0.4532922414412752,0.0386865611776437,0.17046,0.00107
38031,3381,dhmix_962524540250306235,1071,EnthalpyOfMixing,<Substance Cc1ccccc1N{solv}{x=0.268100}|c1ccncc1{solv}{x=0.731900}>,Cc1ccccc1N,c1ccncc1,smee-spice2-systematic-torsion-generation_constrained-linear,3,-1.1620183888635125,0.0426727824246438,-0.8915,0.0182
38032,3382,dhmix_1000930562998604270,1072,EnthalpyOfMixing,<Substance Cc1ccccc1N{solv}{x=0.773500}|c1ccncc1{solv}{x=0.226500}>,Cc1ccccc1N,c1ccncc1,smee-spice2-systematic-torsion-generation_constrained-linear,3,-0.791963383959688,0.046687521222697,-0.7828,0.016
38033,3383,dens_1203111494553524663,1073,Density,<Substance Cc1ccccc1N{solv}{x=0.483700}|c1ccncc1{solv}{x=0.516300}>,Cc1ccccc1N,c1ccncc1,smee-spice2-systematic-torsion-generation_constrained-linear,3,1.018602603050415,0.0002500962960151,0.9912370000000004,0.000117
38034,3384,dens_1316174752280431242,1074,Density,<Substance Cc1ccccc1N{solv}{x=0.237400}|c1ccncc1{solv}{x=0.762600}>,Cc1ccccc1N,c1ccncc1,smee-spice2-systematic-torsion-generation_constrained-linear,3,1.0087717362490154,0.0002344136059079,0.9863750000000002,0.000118
38035,3385,dhmix_1371524052813651708,1075,EnthalpyOfMixing,<Substance Cc1ccccc1N{solv}{x=0.482600}|c1ccncc1{solv}{x=0.517400}>,Cc1ccccc1N,c1ccncc1,smee-spice2-systematic-torsion-generation_constrained-linear,3,-1.3823679143916945,0.0397088646553676,-1.0329,0.02105
38036,3386,dens_2188924364196997512,1076,Density,<Substance Cc1ccccc1N{solv}{x=0.767800}|c1ccncc1{solv}{x=0.232200}>,Cc1ccccc1N,c1ccncc1,smee-spice2-systematic-torsion-generation_constrained-linear,3,1.0261951612035114,0.0001675156075558,0.9936220000000002,0.000117
38037,3387,dens_964556344607822867,1077,Density,<Substance CCCCCCCCC{solv}{x=0.696300}|COC(C)(C)C{solv}{x=0.303700}>,CCCCCCCCC,COC(C)(C)C,smee-spice2-systematic-torsion-generation_constrained-linear,3,0.718114299597869,0.0001922817510334,0.7173600000000002,0.000295
38038,3388,dhmix_1091489740441728210,1078,EnthalpyOfMixing,<Substance CCCCCCCCC{solv}{x=0.260100}|COC(C)(C)C{solv}{x=0.739900}>,CCCCCCCCC,COC(C)(C)C,smee-spice2-systematic-torsion-generation_constrained-linear,3,0.6459268766317621,0.046547684862018,0.371,0.0075
38039,3389,dens_1264105858192356202,1079,Density,<Substance CCCCCCCCC{solv}{x=0.499200}|COC(C)(C)C{solv}{x=0.500800}>,CCCCCCCCC,COC(C)(C)C,smee-spice2-systematic-torsion-generation_constrained-linear,3,0.7235423564711443,0.0002068219893605,0.7207300000000002,0.00029
38040,3390,dhmix_1760873631242020891,1080,EnthalpyOfMixing,<Substance CCCCCCCCC{solv}{x=0.759600}|COC(C)(C)C{solv}{x=0.240400}>,CCCCCCCCC,COC(C)(C)C,smee-spice2-systematic-torsion-generation_constrained-linear,3,0.5800083138013008,0.0572921882093614,0.345,0.007
38041,3391,dens_2012579877169955729,1081,Density,<Substance CCCCCCCCC{solv}{x=0.199500}|COC(C)(C)C{solv}{x=0.800500}>,CCCCCCCCC,COC(C)(C)C,smee-spice2-systematic-torsion-generation_constrained-linear,3,0.7374668999730584,0.000228175810437,0.7281100000000001,0.000285
38042,3392,dhmix_2200368758776542578,1082,EnthalpyOfMixing,<Substance CCCCCCCCC{solv}{x=0.513300}|COC(C)(C)C{solv}{x=0.486700}>,CCCCCCCCC,COC(C)(C)C,smee-spice2-systematic-torsion-generation_constrained-linear,3,0.8205671798854439,0.0465478060596056,0.486,0.0095
38043,3393,dhmix_972091313059406932,1083,EnthalpyOfMixing,<Substance CCCNCCC{solv}{x=0.248200}|CN(C)C=O{solv}{x=0.751800}>,CCCNCCC,CN(C)C=O,smee-spice2-systematic-torsion-generation_constrained-linear,3,0.162538609054458,0.0378573745334267,0.613,0.0195
38044,3394,dhmix_1037416167092316519,1084,EnthalpyOfMixing,<Substance CCCNCCC{solv}{x=0.499500}|CN(C)C=O{solv}{x=0.500500}>,CCCNCCC,CN(C)C=O,smee-spice2-systematic-torsion-generation_constrained-linear,3,0.1642805919832,0.0335967660761632,0.748,0.0225
38045,3395,dhmix_1525975551610336413,1085,EnthalpyOfMixing,<Substance CCCNCCC{solv}{x=0.749600}|CN(C)C=O{solv}{x=0.250400}>,CCCNCCC,CN(C)C=O,smee-spice2-systematic-torsion-generation_constrained-linear,3,0.0715464749219449,0.0488721349751431,0.529,0.017
38046,3396,dens_1610465641813938660,1086,Density,<Substance CCCNCCC{solv}{x=0.745900}|CN(C)C=O{solv}{x=0.254100}>,CCCNCCC,CN(C)C=O,smee-spice2-systematic-torsion-generation_constrained-linear,3,0.7801042693458163,0.000224954011821,0.7687320000000002,0.0009355
38047,3397,dens_2129043605695010641,1087,Density,<Substance CCCNCCC{solv}{x=0.503400}|CN(C)C=O{solv}{x=0.496600}>,CCCNCCC,CN(C)C=O,smee-spice2-systematic-torsion-generation_constrained-linear,3,0.8169341786649615,0.0002384357014616,0.8108000000000002,0.0009885
38048,3398,dens_2129124855081233158,1088,Density,<Substance CCCNCCC{solv}{x=0.252300}|CN(C)C=O{solv}{x=0.747700}>,CCCNCCC,CN(C)C=O,smee-spice2-systematic-torsion-generation_constrained-linear,3,0.8640866546780593,0.00026323451311,0.8674480000000002,0.0010625
38049,3399,dhmix_1022139531284796266,1089,EnthalpyOfMixing,<Substance CCCO{solv}{x=0.730200}|O=Cc1ccccc1{solv}{x=0.269800}>,CCCO,O=Cc1ccccc1,smee-spice2-systematic-torsion-generation_constrained-linear,3,1.087991752025772,0.0370659347046287,1.3784,0.00585
38050,3400,dens_1530410585842005416,1090,Density,<Substance CCCO{solv}{x=0.802500}|O=Cc1ccccc1{solv}{x=0.197500}>,CCCO,O=Cc1ccccc1,smee-spice2-systematic-torsion-generation_constrained-linear,3,0.8650753987995372,0.0002768104687444,0.8676000000000003,0.0054
38051,3401,dens_1586325098516354010,1091,Density,<Substance CCCO{solv}{x=0.500300}|O=Cc1ccccc1{solv}{x=0.499700}>,CCCO,O=Cc1ccccc1,smee-spice2-systematic-torsion-generation_constrained-linear,3,0.9456417263160444,0.0002539176160903,0.9470000000000002,0.0035
38052,3402,dhmix_1860362391399300385,1092,EnthalpyOfMixing,<Substance CCCO{solv}{x=0.237400}|O=Cc1ccccc1{solv}{x=0.762600}>,CCCO,O=Cc1ccccc1,smee-spice2-systematic-torsion-generation_constrained-linear,3,1.0068442649559302,0.0429449758388536,1.2579,0.0055
38053,3403,dens_2022804020725863961,1093,Density,<Substance CCCO{solv}{x=0.192900}|O=Cc1ccccc1{solv}{x=0.807100}>,CCCO,O=Cc1ccccc1,smee-spice2-systematic-torsion-generation_constrained-linear,3,1.0104983194060253,0.0001911664297722,1.0128,0.00265
38054,3404,dhmix_2114980631721668598,1094,EnthalpyOfMixing,<Substance CCCO{solv}{x=0.517800}|O=Cc1ccccc1{solv}{x=0.482200}>,CCCO,O=Cc1ccccc1,smee-spice2-systematic-torsion-generation_constrained-linear,3,1.333288459819073,0.0412925357194899,1.6361,0.00675
38055,3405,dens_1061385011202038988,1095,Density,<Substance CC(C)O{solv}{x=0.495900}|CCCCOCCO{solv}{x=0.504100}>,CC(C)O,CCCCOCCO,smee-spice2-systematic-torsion-generation_constrained-linear,3,0.8680837300468387,0.0001811279010358,0.8550000000000002,5.450000000000001e-05
38056,3406,dens_1314274960992474794,1096,Density,<Substance CC(C)O{solv}{x=0.292200}|CCCCOCCO{solv}{x=0.707800}>,CC(C)O,CCCCOCCO,smee-spice2-systematic-torsion-generation_constrained-linear,3,0.8830822961357957,0.0002166689740415,0.8743700000000002,4.600000000000001e-05
38057,3407,dens_1729117108592325655,1097,Density,<Substance CC(C)O{solv}{x=0.743300}|CCCCOCCO{solv}{x=0.256700}>,CC(C)O,CCCCOCCO,smee-spice2-systematic-torsion-generation_constrained-linear,3,0.8429776029602336,0.000277152271624,0.8247900000000001,5.600000000000001e-05
38058,3408,dens_1112128096721834081,1098,Density,<Substance CNCCO{solv}{x=0.800900}|O{solv}{x=0.199100}>,CNCCO,O,smee-spice2-systematic-torsion-generation_constrained-linear,3,0.9765371599918812,0.0002193184181273,0.9466300000000002,0.00032
38059,3409,dens_1381694863030749046,1099,Density,<Substance CNCCO{solv}{x=0.198700}|O{solv}{x=0.801300}>,CNCCO,O,smee-spice2-systematic-torsion-generation_constrained-linear,3,0.9896894373990508,0.0002956714232212,0.9960300000000002,0.00016
38060,3410,dhmix_1383192140212198237,1100,EnthalpyOfMixing,<Substance CNCCO{solv}{x=0.798800}|O{solv}{x=0.201200}>,CNCCO,O,smee-spice2-systematic-torsion-generation_constrained-linear,3,-1.1426090730549276,0.0452410163847431,-1.219,0.025
38061,3411,dens_1615304038745182966,1101,Density,<Substance CNCCO{solv}{x=0.504100}|O{solv}{x=0.495900}>,CNCCO,O,smee-spice2-systematic-torsion-generation_constrained-linear,3,0.9860637820338264,0.0002570827971633,0.9688100000000002,0.000235
38062,3412,dhmix_1902240048183935170,1102,EnthalpyOfMixing,<Substance CNCCO{solv}{x=0.501700}|O{solv}{x=0.498300}>,CNCCO,O,smee-spice2-systematic-torsion-generation_constrained-linear,3,-1.7397279114762796,0.0333166854924519,-2.508,0.051
38063,3413,dhmix_2185888808838690563,1103,EnthalpyOfMixing,<Substance CNCCO{solv}{x=0.199200}|O{solv}{x=0.800800}>,CNCCO,O,smee-spice2-systematic-torsion-generation_constrained-linear,3,-1.057108210125726,0.0248755069949035,-2.243,0.0455
38064,3414,dens_1155626281932782094,1104,Density,<Substance CCC(C)=O{solv}{x=0.292200}|CN1CCCC1=O{solv}{x=0.707800}>,CCC(C)=O,CN1CCCC1=O,smee-spice2-systematic-torsion-generation_constrained-linear,3,0.945082696175733,0.0002444832812928,0.9591400000000002,0.00262
38065,3415,dens_1354588388489384902,1105,Density,<Substance CCC(C)=O{solv}{x=0.779300}|CN1CCCC1=O{solv}{x=0.220700}>,CCC(C)=O,CN1CCCC1=O,smee-spice2-systematic-torsion-generation_constrained-linear,3,0.832164921527022,0.00026962746619,0.8467600000000002,0.002595
38066,3416,dhmix_1468142552678388689,1106,EnthalpyOfMixing,<Substance CCC(C)=O{solv}{x=0.484100}|CN1CCCC1=O{solv}{x=0.515900}>,CCC(C)=O,CN1CCCC1=O,smee-spice2-systematic-torsion-generation_constrained-linear,3,0.2189079592320695,0.0388762786365361,-0.1675,0.00415
38067,3417,dhmix_1545004468946955771,1107,EnthalpyOfMixing,<Substance CCC(C)=O{solv}{x=0.246100}|CN1CCCC1=O{solv}{x=0.753900}>,CCC(C)=O,CN1CCCC1=O,smee-spice2-systematic-torsion-generation_constrained-linear,3,0.1837073822003674,0.0425901849982923,-0.0999,0.0031
38068,3418,dhmix_1746826813990258300,1108,EnthalpyOfMixing,<Substance CCC(C)=O{solv}{x=0.732400}|CN1CCCC1=O{solv}{x=0.267600}>,CCC(C)=O,CN1CCCC1=O,smee-spice2-systematic-torsion-generation_constrained-linear,3,0.1857013401709082,0.0412542025880719,-0.0861,0.0029
38069,3419,dens_2035401379156582518,1109,Density,<Substance CCC(C)=O{solv}{x=0.479500}|CN1CCCC1=O{solv}{x=0.520500}>,CCC(C)=O,CN1CCCC1=O,smee-spice2-systematic-torsion-generation_constrained-linear,3,0.9041375517278576,0.0002298624714337,0.9166100000000004,0.00261
38070,3420,dens_1159403686634788877,1110,Density,<Substance C1CCOCC1{solv}{x=0.253600}|Cc1ccncc1{solv}{x=0.746400}>,C1CCOCC1,Cc1ccncc1,smee-spice2-systematic-torsion-generation_constrained-linear,3,0.9395039416918388,0.0001882473247431,0.9329390000000002,0.0002125
38071,3421,dhmix_1427533760370073434,1111,EnthalpyOfMixing,<Substance C1CCOCC1{solv}{x=0.241600}|Cc1ccncc1{solv}{x=0.758400}>,C1CCOCC1,Cc1ccncc1,smee-spice2-systematic-torsion-generation_constrained-linear,3,0.0738609892704182,0.0438989792997098,0.0975,0.001
38072,3422,dens_1586440979425114987,1112,Density,<Substance C1CCOCC1{solv}{x=0.491300}|Cc1ccncc1{solv}{x=0.508700}>,C1CCOCC1,Cc1ccncc1,smee-spice2-systematic-torsion-generation_constrained-linear,3,0.9211435289700934,0.000251630583511,0.9162950000000002,0.0002825
38073,3423,dhmix_1681679230288000235,1113,EnthalpyOfMixing,<Substance C1CCOCC1{solv}{x=0.483400}|Cc1ccncc1{solv}{x=0.516600}>,C1CCOCC1,Cc1ccncc1,smee-spice2-systematic-torsion-generation_constrained-linear,3,0.1151149770842288,0.0392533140044891,0.1741,0.00135
38074,3424,dhmix_1854625047398559527,1114,EnthalpyOfMixing,<Substance C1CCOCC1{solv}{x=0.826200}|Cc1ccncc1{solv}{x=0.173800}>,C1CCOCC1,Cc1ccncc1,smee-spice2-systematic-torsion-generation_constrained-linear,3,0.04392643411785,0.0442651162470817,0.0948,0.001
38075,3425,dens_1998279082934343093,1115,Density,<Substance C1CCOCC1{solv}{x=0.826300}|Cc1ccncc1{solv}{x=0.173700}>,C1CCOCC1,Cc1ccncc1,smee-spice2-systematic-torsion-generation_constrained-linear,3,0.8848185189365415,0.0002439664659308,0.8827950000000002,0.000387
38076,3426,dens_1226224986443053492,1116,Density,<Substance CCOc1ccccc1{solv}{x=0.482600}|OCCc1ccccc1{solv}{x=0.517400}>,CCOc1ccccc1,OCCc1ccccc1,smee-spice2-systematic-torsion-generation_constrained-linear,3,0.9860103604585988,0.000198740697593,0.9803700000000002,0.00026
38077,3427,dens_1288457717872177367,1117,Density,<Substance CCOc1ccccc1{solv}{x=0.304100}|OCCc1ccccc1{solv}{x=0.695900}>,CCOc1ccccc1,OCCc1ccccc1,smee-spice2-systematic-torsion-generation_constrained-linear,3,0.9961972314640302,0.0001832070004103,0.9909900000000004,0.00026
38078,3428,dhmix_1400067757990485972,1118,EnthalpyOfMixing,<Substance CCOc1ccccc1{solv}{x=0.738800}|OCCc1ccccc1{solv}{x=0.261200}>,CCOc1ccccc1,OCCc1ccccc1,smee-spice2-systematic-torsion-generation_constrained-linear,3,0.832916741828015,0.0486755648122321,1.1427,0.01225
38079,3429,dens_1419265414647987466,1119,Density,<Substance CCOc1ccccc1{solv}{x=0.792900}|OCCc1ccccc1{solv}{x=0.207100}>,CCOc1ccccc1,OCCc1ccccc1,smee-spice2-systematic-torsion-generation_constrained-linear,3,0.9672946517730596,0.0001861889157216,0.9624400000000004,0.00026
38080,3430,dhmix_1985234108792038812,1120,EnthalpyOfMixing,<Substance CCOc1ccccc1{solv}{x=0.485200}|OCCc1ccccc1{solv}{x=0.514800}>,CCOc1ccccc1,OCCc1ccccc1,smee-spice2-systematic-torsion-generation_constrained-linear,3,0.8043395646866998,0.0396186135512941,1.0249,0.011
38081,3431,dhmix_2203675640711482674,1121,EnthalpyOfMixing,<Substance CCOc1ccccc1{solv}{x=0.239100}|OCCc1ccccc1{solv}{x=0.760900}>,CCOc1ccccc1,OCCc1ccccc1,smee-spice2-systematic-torsion-generation_constrained-linear,3,0.5152295149447639,0.05573620764644,0.6669,0.0072
38082,3432,dens_1247048173376376516,1122,Density,<Substance CCCCC(=O)OC{solv}{x=0.349300}|COC=O{solv}{x=0.650700}>,CCCCC(=O)OC,COC=O,smee-spice2-systematic-torsion-generation_constrained-linear,3,0.9368044409781088,0.0002781893163187,0.9198400000000002,0.000115
38083,3433,dens_1283923442255956417,1123,Density,<Substance CCCCC(=O)OC{solv}{x=0.500000}|COC=O{solv}{x=0.500000}>,CCCCC(=O)OC,COC=O,smee-spice2-systematic-torsion-generation_constrained-linear,3,0.9219834249099386,0.0002291624688469,0.90817,0.00012
38084,3434,dhmix_1491739683552461043,1124,EnthalpyOfMixing,<Substance CCCCC(=O)OC{solv}{x=0.348600}|COC=O{solv}{x=0.651400}>,CCCCC(=O)OC,COC=O,smee-spice2-systematic-torsion-generation_constrained-linear,3,0.2806432808614971,0.0366443184138369,0.422,0.0045
38085,3435,dhmix_1747049492522889097,1125,EnthalpyOfMixing,<Substance CCCCC(=O)OC{solv}{x=0.523200}|COC=O{solv}{x=0.476800}>,CCCCC(=O)OC,COC=O,smee-spice2-systematic-torsion-generation_constrained-linear,3,0.3426528081896549,0.0363027191147658,0.409,0.0045
38086,3436,dhmix_1990853348078771210,1126,EnthalpyOfMixing,<Substance CCCCC(=O)OC{solv}{x=0.796800}|COC=O{solv}{x=0.203200}>,CCCCC(=O)OC,COC=O,smee-spice2-systematic-torsion-generation_constrained-linear,3,0.0762608331399476,0.0481290325129972,0.219,0.0025
38087,3437,dens_2269601061883384185,1127,Density,<Substance CCCCC(=O)OC{solv}{x=0.725800}|COC=O{solv}{x=0.274200}>,CCCCC(=O)OC,COC=O,smee-spice2-systematic-torsion-generation_constrained-linear,3,0.9039699280240354,0.0002147007069566,0.8955000000000002,0.000135
38088,3438,dens_1266839724964377205,1128,Density,<Substance Cn1ccnc1{solv}{x=0.779500}|O{solv}{x=0.220500}>,Cn1ccnc1,O,smee-spice2-systematic-torsion-generation_constrained-linear,3,1.0332119840280172,0.0002003523259802,1.0360000000000005,0.00015
38089,3439,dens_1634862053132906887,1129,Density,<Substance Cn1ccnc1{solv}{x=0.498200}|O{solv}{x=0.501800}>,Cn1ccnc1,O,smee-spice2-systematic-torsion-generation_constrained-linear,3,1.0280104066716251,0.0003193557337742,1.0416,0.00015
38090,3440,dens_1681126092995837883,1130,Density,<Substance Cn1ccnc1{solv}{x=0.216700}|O{solv}{x=0.783300}>,Cn1ccnc1,O,smee-spice2-systematic-torsion-generation_constrained-linear,3,1.010971308358643,0.0004007989695992,1.0301000000000002,0.0001
38091,3441,dhmix_1311251505653939236,1131,EnthalpyOfMixing,<Substance CC(=O)CC(C)=O{solv}{x=0.598500}|O{solv}{x=0.401500}>,CC(=O)CC(C)=O,O,smee-spice2-systematic-torsion-generation_constrained-linear,3,0.4634168431213652,0.0344677304668619,0.4905,0.00555
38092,3442,dhmix_1367092272310773702,1132,EnthalpyOfMixing,<Substance CC(=O)CC(C)=O{solv}{x=0.749200}|O{solv}{x=0.250800}>,CC(=O)CC(C)=O,O,smee-spice2-systematic-torsion-generation_constrained-linear,3,0.5805076870497601,0.0337374421998753,0.6211,0.00695
38093,3443,dhmix_2033109088651196860,1133,EnthalpyOfMixing,<Substance CC(=O)CC(C)=O{solv}{x=0.200400}|O{solv}{x=0.799600}>,CC(=O)CC(C)=O,O,smee-spice2-systematic-torsion-generation_constrained-linear,3,0.1693968377472146,0.0239683401734905,0.1562,0.0021
38094,3444,dens_1319073694995976411,1134,Density,<Substance CC(C)CO{solv}{x=0.762200}|OC1=NCCC1{solv}{x=0.237800}>,CC(C)CO,OC1=NCCC1,smee-spice2-systematic-torsion-generation_constrained-linear,3,0.8763227998781913,0.0002279513691929,0.8623100000000001,0.000205
38095,3445,dhmix_1817161401911066523,1135,EnthalpyOfMixing,<Substance CC(C)CO{solv}{x=0.754900}|OC1=NCCC1{solv}{x=0.245100}>,CC(C)CO,OC1=NCCC1,smee-spice2-systematic-torsion-generation_constrained-linear,3,-0.2778319088554397,0.0612505803294952,0.2989,0.0033
38096,3446,dens_1852757585830259815,1136,Density,<Substance CC(C)CO{solv}{x=0.287400}|OC1=NCCC1{solv}{x=0.712600}>,CC(C)CO,OC1=NCCC1,smee-spice2-systematic-torsion-generation_constrained-linear,3,1.0065224808306883,0.0003607839863818,1.0078300000000002,0.000155
38097,3447,dhmix_2057245570503088562,1137,EnthalpyOfMixing,<Substance CC(C)CO{solv}{x=0.259800}|OC1=NCCC1{solv}{x=0.740200}>,CC(C)CO,OC1=NCCC1,smee-spice2-systematic-torsion-generation_constrained-linear,3,-0.4318700496247913,0.0713758577701968,0.1798,0.00205
38098,3448,dens_2175875616459255266,1138,Density,<Substance CC(C)CO{solv}{x=0.489400}|OC1=NCCC1{solv}{x=0.510600}>,CC(C)CO,OC1=NCCC1,smee-spice2-systematic-torsion-generation_constrained-linear,3,0.9507532380701824,0.000397849424115,0.9431100000000002,0.00017
38099,3449,dhmix_2273039716774959551,1139,EnthalpyOfMixing,<Substance CC(C)CO{solv}{x=0.497800}|OC1=NCCC1{solv}{x=0.502200}>,CC(C)CO,OC1=NCCC1,smee-spice2-systematic-torsion-generation_constrained-linear,3,-1.0376013827836346,0.0813053746546605,0.2775,0.0031
38100,3450,dens_1400897934227212514,1140,Density,<Substance CC(C)CC(C)(C)C{solv}{x=0.541100}|COC(C)=O{solv}{x=0.458900}>,CC(C)CC(C)(C)C,COC(C)=O,smee-spice2-systematic-torsion-generation_constrained-linear,3,0.7723810352331284,0.0002219242129738,0.7495700000000002,0.000505
38101,3451,dhmix_1534218615961922445,1141,EnthalpyOfMixing,<Substance CC(C)CC(C)(C)C{solv}{x=0.256000}|COC(C)=O{solv}{x=0.744000}>,CC(C)CC(C)(C)C,COC(C)=O,smee-spice2-systematic-torsion-generation_constrained-linear,3,1.609600262742319,0.0407660522571801,1.385,0.015
38102,3452,dhmix_1663557420681143866,1142,EnthalpyOfMixing,<Substance CC(C)CC(C)(C)C{solv}{x=0.540600}|COC(C)=O{solv}{x=0.459400}>,CC(C)CC(C)(C)C,COC(C)=O,smee-spice2-systematic-torsion-generation_constrained-linear,3,2.0092762459828215,0.0427234244222868,1.759,0.019
38103,3453,dens_1833608859418637606,1143,Density,<Substance CC(C)CC(C)(C)C{solv}{x=0.736400}|COC(C)=O{solv}{x=0.263600}>,CC(C)CC(C)(C)C,COC(C)=O,smee-spice2-systematic-torsion-generation_constrained-linear,3,0.7406251508521432,0.0001520994521672,0.7171000000000002,0.00015
38104,3454,dhmix_1913788848230724771,1144,EnthalpyOfMixing,<Substance CC(C)CC(C)(C)C{solv}{x=0.783300}|COC(C)=O{solv}{x=0.216700}>,CC(C)CC(C)(C)C,COC(C)=O,smee-spice2-systematic-torsion-generation_constrained-linear,3,1.623870659469448,0.0520102297025667,1.149,0.0125
38105,3455,dens_2018568384717712900,1145,Density,<Substance CC(C)CC(C)(C)C{solv}{x=0.238900}|COC(C)=O{solv}{x=0.761100}>,CC(C)CC(C)(C)C,COC(C)=O,smee-spice2-systematic-torsion-generation_constrained-linear,3,0.843961213699115,0.0002492423771322,0.8248000000000002,0.0001
38106,3456,dens_1465225466328543955,1146,Density,<Substance Cc1cccnc1{solv}{x=0.225000}|O{solv}{x=0.775000}>,Cc1cccnc1,O,smee-spice2-systematic-torsion-generation_constrained-linear,3,0.9690844554374344,0.0004212332251846,0.9921000000000002,0.0003
38107,3457,dens_1644445312716340330,1147,Density,<Substance Cc1cccnc1{solv}{x=0.500000}|O{solv}{x=0.500000}>,Cc1cccnc1,O,smee-spice2-systematic-torsion-generation_constrained-linear,3,0.9642467726778366,0.000309960693289,0.9797000000000002,0.0003
38108,3458,dens_2262998332454406432,1148,Density,<Substance Cc1cccnc1{solv}{x=0.700000}|O{solv}{x=0.300000}>,Cc1cccnc1,O,smee-spice2-systematic-torsion-generation_constrained-linear,3,0.9633389866496808,0.0002806211920316,0.9690000000000002,0.0003
38109,3459,dens_1601780542508306264,1149,Density,<Substance CC(=O)N(C)C{solv}{x=0.771800}|CCOC(C)=O{solv}{x=0.228200}>,CC(=O)N(C)C,CCOC(C)=O,smee-spice2-systematic-torsion-generation_constrained-linear,3,0.905773481736942,0.0002337122935081,0.9286200000000002,0.000185
38110,3460,dens_2126546638582188774,1150,Density,<Substance CC(=O)N(C)C{solv}{x=0.464600}|CCOC(C)=O{solv}{x=0.535400}>,CC(=O)N(C)C,CCOC(C)=O,smee-spice2-systematic-torsion-generation_constrained-linear,3,0.9061643308484006,0.0002208531191566,0.9166300000000002,0.00022
38111,3461,dens_2159432384130350508,1151,Density,<Substance CC(=O)N(C)C{solv}{x=0.233100}|CCOC(C)=O{solv}{x=0.766900}>,CC(=O)N(C)C,CCOC(C)=O,smee-spice2-systematic-torsion-generation_constrained-linear,3,0.9067263701037914,0.0002341830876017,0.9064300000000002,0.000245
38112,3462,dens_1713891284028890335,1152,Density,<Substance CC(=O)O{solv}{x=0.798900}|CCOC(C)=O{solv}{x=0.201100}>,CC(=O)O,CCOC(C)=O,smee-spice2-systematic-torsion-generation_constrained-linear,3,1.0323766909294458,0.0003234125273352,0.9996600000000002,0.000225
38113,3463,dens_1856345418041920174,1153,Density,<Substance CC(=O)O{solv}{x=0.500700}|CCOC(C)=O{solv}{x=0.499300}>,CC(=O)O,CCOC(C)=O,smee-spice2-systematic-torsion-generation_constrained-linear,3,0.9729172800574856,0.0002767653620257,0.9514000000000002,0.00018
38114,3464,dens_2035334988982485653,1154,Density,<Substance CC(=O)O{solv}{x=0.294400}|CCOC(C)=O{solv}{x=0.705600}>,CC(=O)O,CCOC(C)=O,smee-spice2-systematic-torsion-generation_constrained-linear,3,0.9418857701757156,0.000262600755415,0.9255000000000002,0.00016
